time exciting_prob fearful_prob tense_prob sad_prob relaxing_prob
0 0.0515 0.0131 0.0153 0.1024 0.8179
1 0.0328 0.0350 0.0288 0.1320 0.7715
2 0.1360 0.0964 0.0740 0.1298 0.5640
3 0.1302 0.1097 0.0630 0.1132 0.5840
4 0.0854 0.1597 0.4993 0.2322 0.0234
5 0.0494 0.1406 0.5649 0.2393 0.0056
6 0.1116 0.6372 0.1255 0.1151 0.0109
7 0.2871 0.0203 0.1500 0.0947 0.4480
8 0.2068 0.0112 0.0693 0.0903 0.6226
9 0.2720 0.0114 0.0287 0.0602 0.6274
10 0.0224 0.5698 0.2097 0.1851 0.0127
11 0.0298 0.5005 0.2517 0.1677 0.0500
12 0.3914 0.0649 0.0264 0.0376 0.4797
13 0.0822 0.0397 0.0483 0.1031 0.7266
14 0.3538 0.0930 0.1619 0.0959 0.2954
15 0.0637 0.0589 0.2275 0.3579 0.2920
16 0.0471 0.0502 0.2267 0.5273 0.1487
17 0.0376 0.0610 0.2671 0.3220 0.3123
18 0.0804 0.0544 0.0667 0.7275 0.0709
19 0.0645 0.0307 0.0337 0.8096 0.0615
20 0.0758 0.0192 0.0478 0.7656 0.0914
21 0.0434 0.0721 0.0603 0.6431 0.1813
22 0.1846 0.1019 0.2262 0.3342 0.1531
23 0.2496 0.1798 0.2964 0.0607 0.2135
24 0.2389 0.2815 0.1011 0.0114 0.3672
25 0.2771 0.2583 0.0935 0.0129 0.3584
26 0.2246 0.0696 0.1165 0.3645 0.2246
27 0.1775 0.1068 0.1949 0.2279 0.2927
28 0.2343 0.0862 0.2739 0.1525 0.2532
29 0.2037 0.1057 0.3108 0.1663 0.2135
30 0.1635 0.1560 0.2573 0.2067 0.2166
31 0.1302 0.0179 0.0282 0.2396 0.5840
32 0.0669 0.0859 0.0845 0.2686 0.4941
33 0.1148 0.2627 0.1166 0.1521 0.3538
34 0.3469 0.2598 0.1691 0.0310 0.1931
35 0.3059 0.2152 0.1771 0.0143 0.2874
36 0.4080 0.1421 0.2068 0.0731 0.1700
37 0.1512 0.3462 0.2717 0.0569 0.1741
38 0.2776 0.2145 0.2671 0.0801 0.1606
39 0.3225 0.0379 0.0327 0.2844 0.3225
40 0.1534 0.0596 0.0353 0.3147 0.4370
41 0.2686 0.1831 0.2502 0.0143 0.2837
42 0.2174 0.0393 0.0950 0.3367 0.3115
43 0.3096 0.0665 0.1251 0.0413 0.4575
44 0.4897 0.2057 0.1470 0.0892 0.0684
45 0.4131 0.2281 0.1592 0.1103 0.0894
46 0.2646 0.3398 0.1362 0.0429 0.2161
47 0.2107 0.0124 0.0613 0.2834 0.4321
48 0.1993 0.0222 0.0418 0.1181 0.6187
49 0.1610 0.0116 0.0343 0.0656 0.7275
50 0.1847 0.0839 0.0277 0.3848 0.3191
51 0.3154 0.2325 0.0349 0.1715 0.2456
52 0.3723 0.0884 0.0352 0.2900 0.2139
53 0.2288 0.1477 0.4585 0.1132 0.0518
54 0.4146 0.2494 0.2325 0.0410 0.0626
55 0.4001 0.1103 0.0852 0.1951 0.2092
56 0.2803 0.1942 0.0816 0.2003 0.2435
57 0.0978 0.6953 0.1118 0.0612 0.0338
58 0.3877 0.0369 0.3938 0.0347 0.1471
59 0.2695 0.0320 0.4275 0.1989 0.0720
60 0.2015 0.2015 0.4070 0.0460 0.1440
61 0.1066 0.2186 0.1730 0.4214 0.0804
62 0.1113 0.1877 0.1486 0.4368 0.1157
63 0.3152 0.0327 0.3008 0.2306 0.1206
64 0.3613 0.0501 0.4292 0.0210 0.1383
65 0.2998 0.0336 0.3291 0.2125 0.1249
66 0.0945 0.1022 0.2822 0.1233 0.3979
67 0.0302 0.0778 0.6724 0.1477 0.0720
68 0.0271 0.0816 0.7617 0.0362 0.0931
69 0.0784 0.3711 0.3325 0.1583 0.0596
70 0.1885 0.0298 0.0527 0.0557 0.6733
71 0.3123 0.0573 0.1807 0.0096 0.4402
72 0.2866 0.0670 0.0577 0.4136 0.1752
73 0.1299 0.0513 0.0399 0.0542 0.7246
74 0.1818 0.0936 0.1831 0.1289 0.4128
75 0.2708 0.0668 0.4160 0.1146 0.1320
76 0.2485 0.0826 0.3792 0.0853 0.2045
77 0.1843 0.1639 0.3159 0.0678 0.2681
78 0.0311 0.0833 0.8091 0.0478 0.0288
79 0.1735 0.0886 0.5557 0.0685 0.1138
80 0.0652 0.3525 0.3752 0.1359 0.0710
81 0.0916 0.0983 0.2268 0.5396 0.0436
82 0.2622 0.0485 0.2561 0.2600 0.1732
83 0.2020 0.1305 0.2362 0.3057 0.1255
84 0.3669 0.0906 0.3643 0.0609 0.1173
85 0.2156 0.0679 0.5215 0.0885 0.1068
86 0.1919 0.2463 0.0328 0.1229 0.4060
87 0.1061 0.2078 0.4717 0.1643 0.0501
88 0.2947 0.1163 0.4861 0.0248 0.0781
89 0.6162 0.0471 0.2471 0.0230 0.0665
90 0.4634 0.0987 0.3135 0.0366 0.0878
91 0.3411 0.0511 0.1422 0.1526 0.3130
92 0.1846 0.0313 0.1494 0.0390 0.5957
93 0.1515 0.0941 0.1638 0.0366 0.5542
94 0.2507 0.1232 0.0154 0.0184 0.5923
95 0.3911 0.0428 0.2839 0.0872 0.1951
96 0.2788 0.0912 0.4087 0.0341 0.1871
97 0.1842 0.2222 0.5205 0.0320 0.0408
98 0.1775 0.0219 0.0701 0.1708 0.5596
99 0.2177 0.2448 0.1630 0.0555 0.3191
100 0.3423 0.2666 0.1449 0.0794 0.1669
101 0.2043 0.0685 0.4326 0.0321 0.2625
102 0.0718 0.1147 0.3911 0.3452 0.0770
103 0.2316 0.0390 0.1531 0.0546 0.5220
104 0.2035 0.0098 0.0645 0.4880 0.2341
105 0.2974 0.3645 0.1044 0.0643 0.1694
106 0.6963 0.0550 0.2191 0.0054 0.0244
107 0.3555 0.0169 0.1238 0.3997 0.1042
108 0.3613 0.1628 0.1027 0.2881 0.0851
109 0.4185 0.1218 0.2832 0.0481 0.1287
110 0.3528 0.0336 0.2603 0.1733 0.1802
111 0.2286 0.0708 0.1205 0.0443 0.5356
112 0.3545 0.0345 0.2871 0.2739 0.0499
113 0.3083 0.1256 0.1976 0.2070 0.1613
114 0.5483 0.1252 0.1753 0.1105 0.0406
115 0.1292 0.0881 0.4438 0.0547 0.2844
116 0.1359 0.0768 0.6431 0.0492 0.0948
117 0.3875 0.1530 0.1128 0.3315 0.0154
118 0.2401 0.0897 0.1613 0.0200 0.4888
119 0.3521 0.0598 0.1074 0.0693 0.4116
120 0.2366 0.1436 0.1576 0.0721 0.3901
121 0.0916 0.2284 0.3591 0.1375 0.1835
122 0.0992 0.1008 0.6523 0.1107 0.0368
123 0.2571 0.0760 0.1740 0.1302 0.3625
124 0.2642 0.2156 0.1493 0.0448 0.3262
125 0.5269 0.0388 0.1954 0.1938 0.0450
126 0.3342 0.0406 0.1230 0.0559 0.4463
127 0.4922 0.1356 0.0911 0.1098 0.1714
128 0.4353 0.0608 0.2461 0.1084 0.1493
129 0.4995 0.0835 0.2378 0.1243 0.0547
130 0.1195 0.1071 0.6118 0.0665 0.0953
131 0.4094 0.0541 0.2225 0.1680 0.1460
132 0.4541 0.0930 0.1864 0.2015 0.0649
133 0.1003 0.0572 0.1707 0.6646 0.0071
134 0.2169 0.2256 0.3550 0.0891 0.1135
135 0.5000 0.0447 0.2253 0.1840 0.0461
136 0.2646 0.0586 0.1877 0.4165 0.0724
137 0.1394 0.1846 0.4714 0.1818 0.0229
138 0.1464 0.1793 0.2734 0.3147 0.0861
139 0.2444 0.0987 0.1774 0.4255 0.0541
140 0.2495 0.0607 0.2253 0.0720 0.3926
141 0.1499 0.1698 0.3540 0.2340 0.0923
142 0.3914 0.1121 0.3025 0.0765 0.1175
143 0.4827 0.0563 0.2158 0.1906 0.0546
144 0.1381 0.3499 0.3611 0.0956 0.0554
145 0.2494 0.2133 0.1674 0.3628 0.0071
146 0.4629 0.0672 0.2722 0.0274 0.1703
147 0.2820 0.1148 0.3074 0.2546 0.0413
148 0.3650 0.1005 0.1418 0.0334 0.3594
149 0.2993 0.0481 0.1517 0.3162 0.1844
150 0.5181 0.1028 0.2029 0.0600 0.1165
151 0.6143 0.0663 0.1830 0.0393 0.0972
152 0.5566 0.0337 0.1272 0.2197 0.0625
153 0.1348 0.2422 0.4597 0.1190 0.0445
154 0.1654 0.2859 0.4641 0.0341 0.0505
155 0.0212 0.2749 0.4497 0.2043 0.0497
156 0.1356 0.2827 0.4624 0.0791 0.0404
157 0.1405 0.2625 0.4827 0.0513 0.0633
158 0.2100 0.0561 0.3152 0.3801 0.0388
159 0.4402 0.1166 0.1779 0.1486 0.1166
160 0.2428 0.1103 0.4001 0.1372 0.1094
161 0.3701 0.1259 0.3164 0.1165 0.0712
162 0.2505 0.1329 0.2092 0.3115 0.0958
163 0.4712 0.0546 0.0701 0.1249 0.2793
164 0.1482 0.2330 0.4092 0.1918 0.0180
165 0.0581 0.1543 0.7139 0.0595 0.0144
166 0.1669 0.2280 0.3167 0.1270 0.1617
167 0.0716 0.2620 0.5547 0.0608 0.0512
168 0.3508 0.0273 0.1632 0.4167 0.0419
169 0.2778 0.0243 0.1122 0.5273 0.0583
170 0.1699 0.0790 0.4619 0.1809 0.1080
171 0.5049 0.0593 0.0970 0.2499 0.0891
172 0.2976 0.0086 0.1952 0.2668 0.2318
173 0.3618 0.0373 0.2062 0.3245 0.0702
174 0.3613 0.1816 0.2191 0.1060 0.1318
175 0.1993 0.0352 0.5376 0.2025 0.0251
176 0.2822 0.0620 0.1571 0.2396 0.2590
177 0.3506 0.0324 0.4131 0.1544 0.0493
178 0.7334 0.0229 0.0836 0.0527 0.1074
179 0.2698 0.0238 0.4246 0.2272 0.0548
180 0.1998 0.0256 0.2161 0.5103 0.0482
181 0.1925 0.2148 0.4373 0.1089 0.0464
182 0.1898 0.2020 0.2783 0.2676 0.0621
183 0.5293 0.0408 0.1436 0.2106 0.0757
184 0.2983 0.0213 0.2416 0.2306 0.2083
185 0.2482 0.0545 0.4221 0.1553 0.1200
186 0.2205 0.0657 0.2421 0.2744 0.1975
187 0.3450 0.0369 0.1129 0.1862 0.3191
188 0.5020 0.0311 0.1249 0.2124 0.1299
189 0.2056 0.0673 0.4153 0.1639 0.1481
190 0.2947 0.0280 0.3186 0.2725 0.0864
191 0.1779 0.0160 0.3884 0.3374 0.0801
192 0.1914 0.3059 0.1236 0.3577 0.0215
193 0.2452 0.0400 0.4802 0.2131 0.0214
194 0.2827 0.1216 0.3154 0.1812 0.0992
195 0.3135 0.1033 0.2517 0.2087 0.1227
196 0.1885 0.1091 0.5288 0.0768 0.0970
197 0.2830 0.1401 0.1798 0.3059 0.0911
198 0.1110 0.0613 0.6289 0.1591 0.0396
199 0.2954 0.0729 0.2161 0.3398 0.0759
200 0.6665 0.0514 0.1301 0.0327 0.1194
201 0.4578 0.0675 0.3220 0.0860 0.0665
202 0.2244 0.3818 0.2708 0.0757 0.0474
203 0.0980 0.0202 0.1110 0.6909 0.0800
204 0.4702 0.0870 0.1503 0.0933 0.1991
205 0.3621 0.0286 0.1864 0.3591 0.0639
206 0.0911 0.1550 0.2988 0.3896 0.0656
207 0.3442 0.0470 0.0891 0.2206 0.2991
208 0.2128 0.0391 0.3096 0.3564 0.0820
209 0.5112 0.0861 0.1536 0.0991 0.1499
210 0.3042 0.0608 0.2769 0.3064 0.0516
211 0.2316 0.1483 0.0623 0.5137 0.0442
212 0.1399 0.0491 0.1853 0.3684 0.2573
213 0.3472 0.0745 0.4673 0.0381 0.0728
214 0.4609 0.0624 0.3911 0.0467 0.0387
215 0.4763 0.0754 0.1105 0.1344 0.2032
216 0.1209 0.1338 0.4353 0.2106 0.0994
217 0.4214 0.0148 0.0750 0.2720 0.2169
218 0.3508 0.0358 0.1353 0.3296 0.1486
219 0.1741 0.0720 0.4016 0.2554 0.0969
220 0.1667 0.0879 0.2793 0.4534 0.0128
221 0.2238 0.0598 0.4556 0.1943 0.0667
222 0.1842 0.1368 0.4316 0.1758 0.0716
223 0.2537 0.0756 0.3523 0.2920 0.0263
224 0.1220 0.3115 0.5215 0.0235 0.0214
225 0.2930 0.1777 0.3347 0.0551 0.1395
226 0.2365 0.3083 0.3413 0.0327 0.0811
227 0.6748 0.0516 0.1239 0.1060 0.0435
228 0.3770 0.1398 0.3328 0.0522 0.0983
229 0.7939 0.0175 0.0147 0.0683 0.1058
230 0.2489 0.1078 0.0675 0.5566 0.0193
231 0.4148 0.0349 0.0726 0.4021 0.0756
232 0.3176 0.1115 0.3804 0.0427 0.1477
233 0.5332 0.0488 0.2024 0.1613 0.0544
234 0.1642 0.1278 0.2708 0.2542 0.1831
235 0.1842 0.1652 0.2681 0.3232 0.0593
236 0.1360 0.0276 0.3872 0.1381 0.3110
237 0.4226 0.0653 0.1060 0.3396 0.0663
238 0.5195 0.0204 0.0828 0.2959 0.0815
239 0.6172 0.0298 0.0897 0.2134 0.0499
240 0.2517 0.2700 0.3577 0.0398 0.0811
241 0.4412 0.1636 0.3127 0.0227 0.0597
242 0.2173 0.1979 0.2642 0.2791 0.0415
243 0.3547 0.1090 0.3604 0.1207 0.0553
244 0.4084 0.0636 0.2808 0.0602 0.1870
245 0.3313 0.0757 0.1948 0.0508 0.3472
246 0.2996 0.1339 0.2388 0.0928 0.2351
247 0.2869 0.0626 0.3008 0.1824 0.1674
248 0.5537 0.0287 0.1295 0.1082 0.1798
249 0.2112 0.0364 0.2546 0.3538 0.1440
250 0.1476 0.2180 0.2303 0.0991 0.3052
251 0.1912 0.1584 0.2117 0.1160 0.3228
252 0.4812 0.0220 0.0570 0.3521 0.0876
253 0.4475 0.1006 0.1880 0.0591 0.2048
254 0.1909 0.0724 0.2529 0.1213 0.3623
255 0.2310 0.1161 0.3132 0.2152 0.1246
256 0.4182 0.0092 0.0343 0.4890 0.0492
257 0.3218 0.0297 0.4399 0.1147 0.0937
258 0.3701 0.0723 0.1450 0.3760 0.0364
259 0.6558 0.0258 0.0309 0.2015 0.0860
260 0.4246 0.1389 0.2477 0.0849 0.1041
261 0.1930 0.1600 0.2639 0.2328 0.1503
262 0.3950 0.0429 0.0960 0.4475 0.0186
263 0.2520 0.0632 0.2600 0.3784 0.0463
264 0.1552 0.0739 0.3635 0.3469 0.0603
265 0.4607 0.0179 0.0648 0.3586 0.0981
266 0.2406 0.0728 0.2157 0.1471 0.3237
267 0.0740 0.2028 0.6548 0.0568 0.0118
268 0.2625 0.0800 0.4978 0.1372 0.0226
269 0.4072 0.0854 0.2510 0.1780 0.0784
270 0.5088 0.0745 0.1208 0.2384 0.0575
271 0.6094 0.0191 0.0545 0.2139 0.1034
272 0.7422 0.0260 0.0600 0.0559 0.1157
273 0.7520 0.0315 0.0363 0.1227 0.0575
274 0.1482 0.0481 0.1085 0.6440 0.0512
275 0.2593 0.0869 0.0969 0.5000 0.0570
276 0.2220 0.2401 0.1117 0.3494 0.0767
277 0.4004 0.1120 0.0288 0.3940 0.0648
278 0.3914 0.1581 0.0412 0.3479 0.0614
279 0.3911 0.1581 0.0415 0.3479 0.0614
280 0.4851 0.1327 0.0289 0.2988 0.0544
281 0.5303 0.1394 0.0262 0.2485 0.0555
