time exciting_prob fearful_prob tense_prob sad_prob relaxing_prob
0 0.2888 0.3430 0.0938 0.2285 0.0457
1 0.5127 0.1731 0.1256 0.0786 0.1100
2 0.4451 0.2070 0.1538 0.0955 0.0986
3 0.1703 0.2039 0.1703 0.3867 0.0688
4 0.3552 0.3840 0.1829 0.0484 0.0296
5 0.3977 0.1223 0.3794 0.0432 0.0573
6 0.2915 0.2148 0.3225 0.1512 0.0198
7 0.3420 0.1859 0.3289 0.0652 0.0781
8 0.1752 0.3220 0.2432 0.1375 0.1223
9 0.7485 0.0334 0.0814 0.0509 0.0859
10 0.6543 0.0921 0.1279 0.0806 0.0449
11 0.5166 0.0451 0.0451 0.2402 0.1527
12 0.5024 0.0577 0.0820 0.1545 0.2031
13 0.4282 0.0580 0.0739 0.3132 0.1266
14 0.5542 0.0500 0.0532 0.2120 0.1306
15 0.5518 0.0929 0.1362 0.0226 0.1967
16 0.6289 0.1382 0.1019 0.0405 0.0906
17 0.1686 0.1740 0.5659 0.0748 0.0167
18 0.2023 0.1931 0.4453 0.1296 0.0296
19 0.4575 0.2062 0.1166 0.1722 0.0475
20 0.5293 0.0756 0.0733 0.0699 0.2520
21 0.3103 0.0338 0.0385 0.0556 0.5620
22 0.5459 0.1018 0.0408 0.0818 0.2295
23 0.1643 0.0290 0.0718 0.3704 0.3645
24 0.5171 0.0603 0.0281 0.3726 0.0219
25 0.5542 0.0710 0.1117 0.0612 0.2021
26 0.4587 0.0440 0.1700 0.0720 0.2554
27 0.5425 0.1693 0.1448 0.0763 0.0673
28 0.5894 0.2308 0.1049 0.0380 0.0368
29 0.2849 0.0682 0.1898 0.3384 0.1188
30 0.1930 0.4739 0.3013 0.0200 0.0120
31 0.2234 0.1488 0.5747 0.0410 0.0120
32 0.1521 0.4299 0.3621 0.0513 0.0047
33 0.1382 0.2686 0.2903 0.2705 0.0326
34 0.3005 0.5034 0.1283 0.0526 0.0152
35 0.1910 0.2959 0.4619 0.0413 0.0096
36 0.3162 0.3237 0.2278 0.1119 0.0204
37 0.0420 0.2554 0.4448 0.1884 0.0693
38 0.0779 0.7803 0.0687 0.0602 0.0127
39 0.1730 0.1588 0.4216 0.2402 0.0065
40 0.1235 0.1151 0.3230 0.4277 0.0107
41 0.0493 0.1212 0.7422 0.0859 0.0016
42 0.0386 0.2639 0.6333 0.0627 0.0016
43 0.4421 0.0414 0.0762 0.2500 0.1902
44 0.4932 0.0667 0.1058 0.0884 0.2460
45 0.6108 0.1581 0.0538 0.0702 0.1070
46 0.5874 0.1428 0.0439 0.0422 0.1835
47 0.4182 0.1189 0.1703 0.1152 0.1771
48 0.5312 0.0426 0.1272 0.1633 0.1354
49 0.5986 0.0992 0.0151 0.0215 0.2656
50 0.6152 0.1202 0.0240 0.0246 0.2159
51 0.1110 0.1680 0.5420 0.1774 0.0014
52 0.3149 0.2050 0.1476 0.3054 0.0271
53 0.2167 0.2167 0.1477 0.3923 0.0267
54 0.3264 0.3042 0.1733 0.1875 0.0084
55 0.2800 0.3005 0.2114 0.1420 0.0660
56 0.3750 0.1285 0.2617 0.0417 0.1930
57 0.3459 0.1039 0.2018 0.1334 0.2148
58 0.7002 0.0688 0.0699 0.0223 0.1389
59 0.5508 0.0851 0.1102 0.1278 0.1259
60 0.3489 0.1124 0.1225 0.3435 0.0726
61 0.2264 0.0388 0.4265 0.2627 0.0457
62 0.3003 0.0264 0.0376 0.5972 0.0388
63 0.6489 0.1471 0.1339 0.0533 0.0169
64 0.0692 0.2937 0.3772 0.2573 0.0024
65 0.1503 0.1930 0.3806 0.2659 0.0103
66 0.2073 0.2900 0.2260 0.1948 0.0818
67 0.3469 0.1434 0.0837 0.2744 0.1515
68 0.2419 0.4246 0.2764 0.0527 0.0046
69 0.1302 0.6162 0.1865 0.0635 0.0033
70 0.2031 0.1130 0.2338 0.4006 0.0494
71 0.1002 0.4089 0.1493 0.3389 0.0027
72 0.2527 0.4102 0.1121 0.2195 0.0055
73 0.1998 0.5024 0.1373 0.1569 0.0034
74 0.1829 0.4421 0.2206 0.1481 0.0062
75 0.0582 0.7085 0.1820 0.0509 0.0003
76 0.5293 0.1963 0.0957 0.0864 0.0920
77 0.0634 0.6763 0.2411 0.0192 0.0001
78 0.2527 0.3943 0.3071 0.0390 0.0071
79 0.2163 0.1849 0.0475 0.4507 0.1006
80 0.0371 0.7178 0.0637 0.1814 0.0002
81 0.2393 0.2668 0.4541 0.0326 0.0071
82 0.5552 0.2208 0.1011 0.0508 0.0723
83 0.0399 0.1342 0.2751 0.4983 0.0525
84 0.3076 0.3406 0.2715 0.0772 0.0030
85 0.0963 0.3989 0.4739 0.0305 0.0005
86 0.1964 0.3340 0.0964 0.3726 0.0005
87 0.3074 0.3796 0.1204 0.1807 0.0119
88 0.3621 0.3000 0.0497 0.2864 0.0019
89 0.5845 0.2476 0.0611 0.1008 0.0059
90 0.2751 0.4065 0.1790 0.1383 0.0012
91 0.0254 0.0358 0.0262 0.9087 0.0042
92 0.2788 0.1613 0.0677 0.3284 0.1638
93 0.3450 0.0852 0.1289 0.4397 0.0012
94 0.2791 0.3699 0.1299 0.2208 0.0003
95 0.1923 0.3169 0.1968 0.2507 0.0432
96 0.5698 0.1005 0.0394 0.1765 0.1140
97 0.5151 0.3513 0.1047 0.0182 0.0106
98 0.6260 0.1214 0.0494 0.1970 0.0060
99 0.4639 0.2388 0.0701 0.2208 0.0063
100 0.1947 0.1257 0.0524 0.6045 0.0225
101 0.5088 0.1843 0.0571 0.1541 0.0956
102 0.0806 0.2073 0.4636 0.2207 0.0278
103 0.2766 0.2240 0.0805 0.4058 0.0130
104 0.2896 0.3105 0.1315 0.2615 0.0068
105 0.0776 0.6104 0.0707 0.2390 0.0023
106 0.1727 0.1056 0.0401 0.6777 0.0037
107 0.3982 0.0565 0.1597 0.2378 0.1477
108 0.3657 0.1548 0.1882 0.0910 0.2003
109 0.6299 0.1321 0.0674 0.0321 0.1384
110 0.5576 0.0237 0.3201 0.0828 0.0159
111 0.3743 0.1388 0.2512 0.2288 0.0071
112 0.2954 0.1166 0.3916 0.1750 0.0212
113 0.5503 0.0756 0.0187 0.1349 0.2206
114 0.3406 0.2396 0.0671 0.1224 0.2305
115 0.3840 0.1516 0.1576 0.1267 0.1801
116 0.5098 0.0936 0.2029 0.1202 0.0735
117 0.3362 0.1218 0.4705 0.0528 0.0185
118 0.1376 0.1123 0.3770 0.3379 0.0353
119 0.2402 0.0710 0.5674 0.1033 0.0181
120 0.6055 0.0988 0.2192 0.0723 0.0041
121 0.2046 0.1521 0.4758 0.0952 0.0724
122 0.1666 0.1238 0.3391 0.3582 0.0123
123 0.4150 0.1664 0.1550 0.2152 0.0484
124 0.1216 0.2202 0.1688 0.4810 0.0083
125 0.2556 0.2152 0.1854 0.2477 0.0963
126 0.3752 0.1425 0.0441 0.3525 0.0857
127 0.0925 0.4700 0.3130 0.1207 0.0036
128 0.2113 0.2064 0.3679 0.2015 0.0129
129 0.0138 0.2385 0.4668 0.2788 0.0021
130 0.1790 0.2280 0.4226 0.1669 0.0036
131 0.7124 0.0838 0.0787 0.1027 0.0222
132 0.0484 0.3413 0.5894 0.0197 0.0011
133 0.1132 0.3250 0.4373 0.1234 0.0013
134 0.0943 0.4500 0.3730 0.0586 0.0242
135 0.1448 0.0787 0.6538 0.0700 0.0528
136 0.2708 0.3044 0.3318 0.0788 0.0145
137 0.2573 0.0790 0.3103 0.3276 0.0257
138 0.2173 0.0306 0.0987 0.6484 0.0049
139 0.1860 0.2563 0.5020 0.0546 0.0014
140 0.3013 0.3840 0.3013 0.0119 0.0015
141 0.1292 0.0490 0.0267 0.7852 0.0100
142 0.6279 0.1652 0.1306 0.0688 0.0073
143 0.5479 0.1364 0.2864 0.0275 0.0020
144 0.0530 0.1953 0.5107 0.2196 0.0212
145 0.0572 0.3042 0.5771 0.0613 0.0001
146 0.3167 0.0776 0.3879 0.2028 0.0152
147 0.5850 0.0804 0.2310 0.0986 0.0049
148 0.1875 0.2228 0.0576 0.4128 0.1192
149 0.3582 0.1947 0.1577 0.2832 0.0062
150 0.6709 0.0724 0.1053 0.1439 0.0073
151 0.1339 0.3315 0.1003 0.4324 0.0017
152 0.1768 0.4409 0.2983 0.0822 0.0016
153 0.1895 0.1272 0.0778 0.6021 0.0038
154 0.0316 0.2280 0.1416 0.5557 0.0432
155 0.4756 0.0753 0.1021 0.2954 0.0517
156 0.5298 0.2208 0.1093 0.1278 0.0122
157 0.0933 0.3013 0.2639 0.3108 0.0308
158 0.1354 0.2756 0.3430 0.1836 0.0625
159 0.6841 0.1625 0.0562 0.0699 0.0272
160 0.4609 0.1982 0.1921 0.1395 0.0093
161 0.2292 0.1515 0.1638 0.4487 0.0067
162 0.0807 0.0436 0.0199 0.8350 0.0206
163 0.2747 0.2260 0.2025 0.2520 0.0448
164 0.2164 0.3770 0.0902 0.2434 0.0731
165 0.1133 0.0280 0.0484 0.7866 0.0236
166 0.4751 0.2708 0.1182 0.1052 0.0309
167 0.5171 0.2073 0.0688 0.1902 0.0168
168 0.5610 0.0703 0.0697 0.2866 0.0125
169 0.2583 0.1329 0.0950 0.5098 0.0040
170 0.2773 0.1804 0.0634 0.3560 0.1230
171 0.3960 0.0933 0.0933 0.3181 0.0993
172 0.5254 0.0662 0.0580 0.2600 0.0906
173 0.2576 0.0175 0.0303 0.6372 0.0575
174 0.4058 0.0877 0.0622 0.3933 0.0512
175 0.5825 0.0501 0.0329 0.0435 0.2908
176 0.3218 0.3193 0.2062 0.1450 0.0078
177 0.4124 0.2260 0.0972 0.1553 0.1093
178 0.2673 0.2778 0.1442 0.2472 0.0635
179 0.4368 0.0450 0.0923 0.3621 0.0639
180 0.0541 0.2522 0.2141 0.4675 0.0121
181 0.2920 0.2119 0.0197 0.0926 0.3838
182 0.3684 0.1477 0.0189 0.1133 0.3516
183 0.1648 0.1107 0.0300 0.6729 0.0218
184 0.1539 0.2639 0.0844 0.4854 0.0125
185 0.2104 0.3037 0.3782 0.0739 0.0338
186 0.2844 0.2471 0.1685 0.2001 0.0999
187 0.1171 0.0194 0.0155 0.8003 0.0477
188 0.5537 0.1611 0.0227 0.0811 0.1813
189 0.4280 0.0856 0.0955 0.2346 0.1562
190 0.3235 0.0374 0.1858 0.3499 0.1034
191 0.2563 0.0541 0.0723 0.3530 0.2644
192 0.3604 0.0756 0.2537 0.2135 0.0970
193 0.2620 0.1772 0.2854 0.0941 0.1814
194 0.1213 0.1533 0.0071 0.0094 0.7090
195 0.3904 0.2971 0.0459 0.0065 0.2600
196 0.1818 0.4326 0.3164 0.0690 0.0002
197 0.1224 0.5615 0.2869 0.0291 0.0000
198 0.2866 0.1177 0.0961 0.4917 0.0079
199 0.3118 0.1012 0.2976 0.2883 0.0011
200 0.2275 0.1691 0.1306 0.4524 0.0202
201 0.1298 0.3694 0.1136 0.3811 0.0060
202 0.2275 0.1208 0.1436 0.4670 0.0411
203 0.6270 0.1133 0.1064 0.1466 0.0066
204 0.4419 0.0884 0.0338 0.3840 0.0520
205 0.1587 0.4053 0.2942 0.1368 0.0049
206 0.5151 0.2778 0.1476 0.0359 0.0235
207 0.3286 0.4355 0.1181 0.1154 0.0023
208 0.0881 0.1323 0.2866 0.4653 0.0275
209 0.1168 0.0126 0.0130 0.8105 0.0472
210 0.3174 0.0420 0.0854 0.5151 0.0403
211 0.6802 0.0711 0.0349 0.2026 0.0113
212 0.6377 0.1348 0.1144 0.0933 0.0197
213 0.7876 0.0434 0.0744 0.0786 0.0157
214 0.1103 0.1532 0.2228 0.4944 0.0193
215 0.3462 0.1610 0.0476 0.3489 0.0961
216 0.4607 0.0439 0.0281 0.4260 0.0412
217 0.3655 0.0790 0.0681 0.4207 0.0666
218 0.4199 0.1670 0.2588 0.1429 0.0114
219 0.2766 0.1718 0.2520 0.2854 0.0144
220 0.2822 0.0457 0.0596 0.6064 0.0059
221 0.3188 0.0285 0.0070 0.5176 0.1278
222 0.3674 0.1362 0.2390 0.2246 0.0329
223 0.1827 0.3992 0.0532 0.0727 0.2920
224 0.1146 0.0372 0.0838 0.6802 0.0845
225 0.4927 0.1065 0.0476 0.2053 0.1479
226 0.3213 0.0248 0.0143 0.3669 0.2727
227 0.3657 0.0544 0.1549 0.3833 0.0417
228 0.4038 0.1710 0.0494 0.3647 0.0111
229 0.5078 0.0427 0.0726 0.3660 0.0107
230 0.1151 0.0310 0.1957 0.6221 0.0365
231 0.1255 0.2052 0.3687 0.2893 0.0113
232 0.3157 0.0780 0.0263 0.3181 0.2617
233 0.3601 0.0487 0.0184 0.4482 0.1245
234 0.4080 0.0234 0.1838 0.2937 0.0910
235 0.2561 0.1339 0.4424 0.1437 0.0240
236 0.1896 0.0630 0.1313 0.4878 0.1283
237 0.5762 0.1091 0.0360 0.0584 0.2203
238 0.6045 0.0787 0.0311 0.0378 0.2480
239 0.0798 0.0343 0.2203 0.6479 0.0177
240 0.2815 0.0187 0.0161 0.6050 0.0787
241 0.2194 0.0399 0.0355 0.4717 0.2335
242 0.2617 0.1002 0.0261 0.4968 0.1152
243 0.2452 0.0665 0.0454 0.5615 0.0815
244 0.4636 0.0372 0.2041 0.2769 0.0183
245 0.2330 0.0207 0.2725 0.4634 0.0103
246 0.5244 0.0750 0.0213 0.2896 0.0897
247 0.3625 0.0379 0.0345 0.3101 0.2551
248 0.0826 0.2795 0.4399 0.1619 0.0361
249 0.2202 0.1065 0.5244 0.1032 0.0458
250 0.4302 0.0714 0.0610 0.2935 0.1440
251 0.2585 0.1331 0.2212 0.3591 0.0281
252 0.3201 0.0114 0.0433 0.0809 0.5444
253 0.3262 0.0418 0.0181 0.3755 0.2386
254 0.4387 0.1504 0.0445 0.1947 0.1718
255 0.2686 0.1003 0.0258 0.3877 0.2175
256 0.1655 0.0279 0.0145 0.6699 0.1220
257 0.0849 0.0779 0.0447 0.4697 0.3228
258 0.5679 0.1370 0.0504 0.1267 0.1181
259 0.1042 0.0516 0.1652 0.6689 0.0102
260 0.0679 0.0361 0.0339 0.8403 0.0217
261 0.1202 0.0718 0.1406 0.6201 0.0471
262 0.1246 0.0870 0.3037 0.4775 0.0071
263 0.7949 0.0466 0.0545 0.0920 0.0122
264 0.4138 0.0784 0.1765 0.2888 0.0426
265 0.5444 0.0931 0.1622 0.1410 0.0592
266 0.1057 0.0804 0.0785 0.7275 0.0078
267 0.2030 0.0314 0.1095 0.6504 0.0059
268 0.4912 0.0686 0.1185 0.3171 0.0046
269 0.4023 0.0448 0.0444 0.5010 0.0075
270 0.2849 0.0882 0.0257 0.5322 0.0693
271 0.5435 0.2231 0.1271 0.0615 0.0446
272 0.6680 0.1016 0.1116 0.1073 0.0118
273 0.2603 0.1371 0.1460 0.3367 0.1201
274 0.0788 0.0252 0.0723 0.8213 0.0023
275 0.4458 0.3340 0.0493 0.0272 0.1437
276 0.1349 0.0540 0.0603 0.6953 0.0553
277 0.3240 0.0900 0.1519 0.4224 0.0119
278 0.5732 0.1011 0.0851 0.2333 0.0073
279 0.0821 0.0759 0.2471 0.5928 0.0021
280 0.2219 0.1675 0.0869 0.5161 0.0075
281 0.2534 0.3254 0.0810 0.3279 0.0124
282 0.3682 0.1925 0.1168 0.3198 0.0027
283 0.0319 0.2959 0.1376 0.3250 0.2097
284 0.1185 0.4724 0.0284 0.1375 0.2432
285 0.6333 0.0717 0.0338 0.2581 0.0030
286 0.2957 0.1176 0.0314 0.5396 0.0160
287 0.1312 0.2844 0.2097 0.3623 0.0124
288 0.0348 0.1332 0.0713 0.7607 0.0001
289 0.0617 0.2294 0.0289 0.6792 0.0006
290 0.6431 0.0647 0.1338 0.1493 0.0090
291 0.6367 0.1549 0.0540 0.1525 0.0017
292 0.0738 0.2052 0.3179 0.3958 0.0074
293 0.1962 0.1228 0.4856 0.1917 0.0038
294 0.1726 0.0560 0.3101 0.4512 0.0100
295 0.2747 0.1947 0.1493 0.3015 0.0799
296 0.4570 0.1147 0.1708 0.2194 0.0381
297 0.6235 0.1171 0.1626 0.0818 0.0149
298 0.6479 0.1074 0.1469 0.0837 0.0141
299 0.6836 0.1188 0.1265 0.0588 0.0120
300 0.6792 0.1162 0.1276 0.0641 0.0129
301 0.2242 0.2925 0.1404 0.2834 0.0594
