time exciting_prob fearful_prob tense_prob sad_prob relaxing_prob
0 0.2375 0.0506 0.2163 0.3916 0.1038
1 0.5898 0.0970 0.0291 0.2537 0.0301
2 0.5942 0.0955 0.0296 0.2439 0.0365
3 0.6826 0.1283 0.0243 0.1313 0.0332
4 0.2065 0.1141 0.0324 0.5977 0.0491
5 0.6274 0.0869 0.2053 0.0135 0.0667
6 0.6353 0.1112 0.2144 0.0117 0.0277
7 0.2520 0.1666 0.4321 0.1118 0.0375
8 0.2098 0.1660 0.5190 0.0611 0.0440
9 0.4219 0.3723 0.1652 0.0151 0.0255
10 0.2700 0.0236 0.1316 0.5288 0.0462
11 0.1329 0.0204 0.2091 0.6050 0.0326
12 0.2554 0.0992 0.4343 0.0932 0.1179
13 0.1429 0.0534 0.2935 0.4763 0.0340
14 0.3801 0.2781 0.2200 0.0078 0.1141
15 0.3821 0.2410 0.2732 0.0137 0.0901
16 0.3936 0.1774 0.3611 0.0142 0.0537
17 0.3491 0.2515 0.3057 0.0420 0.0519
18 0.3513 0.1418 0.4546 0.0130 0.0394
19 0.2974 0.1351 0.5181 0.0126 0.0369
20 0.3989 0.1943 0.2988 0.0349 0.0732
21 0.3196 0.1464 0.4368 0.0615 0.0359
22 0.2231 0.1343 0.5269 0.0676 0.0479
23 0.4114 0.0698 0.3333 0.1599 0.0257
24 0.4768 0.1039 0.3516 0.0398 0.0278
25 0.5903 0.1392 0.2329 0.0150 0.0227
26 0.2435 0.0503 0.2937 0.3953 0.0172
27 0.0534 0.0423 0.1836 0.6929 0.0282
28 0.1973 0.1810 0.4807 0.1304 0.0105
29 0.2241 0.1110 0.4321 0.2190 0.0139
30 0.3940 0.1383 0.2905 0.1531 0.0242
31 0.3645 0.1935 0.2263 0.2013 0.0146
32 0.1656 0.1212 0.5103 0.1907 0.0122
33 0.1483 0.2209 0.4678 0.1259 0.0369
34 0.3730 0.1260 0.3452 0.1061 0.0497
35 0.5430 0.0659 0.0944 0.2246 0.0723
36 0.4397 0.0685 0.1138 0.3193 0.0586
37 0.5034 0.1215 0.1838 0.1768 0.0143
38 0.2280 0.0865 0.2505 0.3643 0.0706
39 0.1276 0.0716 0.2876 0.4185 0.0948
40 0.2617 0.0721 0.3577 0.2169 0.0919
41 0.2729 0.1146 0.2881 0.2371 0.0872
42 0.3857 0.1808 0.3623 0.0564 0.0150
43 0.3884 0.1908 0.2247 0.1658 0.0304
44 0.2089 0.0481 0.4421 0.2725 0.0287
45 0.4424 0.0508 0.2725 0.2090 0.0253
46 0.2717 0.0348 0.2052 0.4482 0.0401
47 0.2422 0.1091 0.3992 0.2257 0.0238
48 0.2252 0.0666 0.3406 0.3354 0.0322
49 0.1897 0.1388 0.3713 0.2654 0.0348
50 0.3208 0.2478 0.3257 0.0762 0.0296
51 0.2151 0.1989 0.4312 0.1324 0.0225
52 0.2102 0.0253 0.3010 0.3989 0.0646
53 0.2311 0.0575 0.4250 0.2700 0.0163
54 0.1868 0.1313 0.4275 0.2361 0.0183
55 0.2947 0.0623 0.2856 0.3445 0.0129
56 0.1252 0.0337 0.4373 0.3918 0.0119
57 0.3562 0.1936 0.3169 0.0659 0.0674
58 0.2798 0.2214 0.4104 0.0112 0.0771
59 0.2859 0.0728 0.2903 0.3042 0.0467
60 0.4680 0.2905 0.1630 0.0449 0.0334
61 0.3748 0.1826 0.2698 0.1526 0.0203
62 0.2771 0.0851 0.5176 0.1060 0.0145
63 0.2546 0.1581 0.5308 0.0457 0.0108
64 0.1947 0.1653 0.5723 0.0536 0.0140
65 0.2830 0.1562 0.4485 0.0933 0.0190
66 0.2791 0.0775 0.5815 0.0452 0.0166
67 0.1417 0.0457 0.5308 0.2732 0.0087
68 0.3586 0.0740 0.5098 0.0449 0.0127
69 0.2715 0.1699 0.4802 0.0620 0.0163
70 0.2979 0.0639 0.4795 0.1486 0.0101
71 0.4873 0.0909 0.3430 0.0596 0.0192
72 0.4133 0.1863 0.3647 0.0250 0.0108
73 0.5234 0.1097 0.3076 0.0453 0.0142
74 0.1915 0.1117 0.3232 0.3181 0.0553
75 0.1241 0.1670 0.3647 0.3218 0.0224
76 0.1423 0.0523 0.3691 0.3108 0.1256
77 0.5166 0.0864 0.3523 0.0263 0.0181
78 0.6333 0.1075 0.2104 0.0369 0.0118
79 0.4080 0.1016 0.3984 0.0602 0.0320
80 0.3821 0.1078 0.3733 0.1212 0.0155
81 0.1813 0.0876 0.2852 0.3838 0.0622
82 0.3511 0.1194 0.3540 0.1570 0.0185
83 0.5508 0.0825 0.3394 0.0172 0.0102
84 0.1676 0.0710 0.2942 0.3281 0.1389
85 0.6162 0.1223 0.2322 0.0171 0.0120
86 0.4402 0.1418 0.3196 0.0853 0.0132
87 0.2449 0.0944 0.1013 0.5347 0.0246
88 0.2832 0.1190 0.2349 0.3472 0.0159
89 0.1754 0.0192 0.1016 0.6938 0.0098
90 0.1633 0.0332 0.1176 0.6562 0.0297
91 0.2036 0.0263 0.1090 0.6274 0.0338
92 0.0821 0.1464 0.3123 0.4336 0.0256
93 0.2106 0.4221 0.3286 0.0054 0.0333
94 0.3708 0.2113 0.3887 0.0072 0.0221
95 0.4814 0.0727 0.2460 0.1445 0.0553
96 0.3767 0.1808 0.1738 0.1672 0.1014
97 0.4773 0.2020 0.1755 0.0720 0.0732
98 0.3879 0.1875 0.1669 0.1449 0.1129
99 0.4067 0.0753 0.2355 0.2030 0.0795
100 0.4412 0.2739 0.2003 0.0098 0.0749
101 0.2881 0.2644 0.3877 0.0157 0.0442
102 0.3159 0.1469 0.4524 0.0116 0.0733
103 0.1107 0.0848 0.5200 0.1489 0.1356
104 0.3091 0.0294 0.3394 0.2445 0.0775
105 0.4370 0.0676 0.2844 0.1738 0.0373
106 0.2773 0.1310 0.2563 0.3044 0.0309
107 0.1444 0.0693 0.3804 0.3687 0.0371
108 0.1664 0.1161 0.5625 0.1009 0.0540
109 0.4580 0.0840 0.3796 0.0601 0.0182
110 0.4412 0.1675 0.3081 0.0472 0.0359
111 0.5005 0.1771 0.2440 0.0553 0.0231
112 0.1509 0.0279 0.2062 0.5605 0.0546
113 0.3560 0.1183 0.3479 0.1020 0.0758
114 0.0774 0.0516 0.1588 0.6899 0.0224
115 0.2686 0.4226 0.2666 0.0141 0.0283
116 0.3137 0.4028 0.2482 0.0103 0.0250
117 0.2866 0.5229 0.1510 0.0267 0.0125
118 0.2708 0.4097 0.2544 0.0381 0.0270
119 0.2418 0.5161 0.1755 0.0200 0.0465
120 0.3972 0.3372 0.1531 0.0701 0.0425
121 0.3450 0.2974 0.2859 0.0326 0.0393
122 0.1616 0.4570 0.3191 0.0367 0.0258
123 0.1642 0.0311 0.3818 0.4065 0.0163
124 0.3118 0.1036 0.4866 0.0290 0.0690
125 0.4331 0.1037 0.4102 0.0237 0.0295
126 0.2793 0.1721 0.5098 0.0169 0.0219
127 0.2186 0.1091 0.2830 0.3550 0.0343
128 0.2834 0.0496 0.1448 0.4600 0.0623
129 0.1675 0.0247 0.3491 0.3716 0.0869
130 0.1815 0.0308 0.3667 0.3611 0.0599
131 0.2042 0.0242 0.2462 0.4602 0.0652
132 0.3086 0.0787 0.2620 0.0805 0.2703
133 0.1608 0.0464 0.1534 0.5356 0.1038
134 0.5664 0.0896 0.1675 0.1560 0.0205
135 0.3801 0.2803 0.2493 0.0790 0.0114
136 0.2472 0.1699 0.4690 0.0834 0.0305
137 0.3767 0.0809 0.3540 0.1780 0.0104
138 0.6152 0.1461 0.1832 0.0352 0.0202
139 0.2925 0.0935 0.3643 0.1259 0.1239
140 0.2347 0.1786 0.3208 0.1237 0.1423
141 0.3906 0.2314 0.3140 0.0504 0.0135
142 0.3755 0.3113 0.2090 0.0545 0.0500
143 0.0797 0.0602 0.5708 0.2068 0.0823
144 0.1727 0.2849 0.3489 0.1377 0.0557
145 0.1868 0.2781 0.3572 0.1064 0.0715
146 0.1906 0.2729 0.4329 0.0262 0.0776
147 0.2737 0.0635 0.5195 0.0917 0.0518
148 0.1328 0.0512 0.2622 0.5376 0.0161
149 0.2634 0.0210 0.4480 0.2217 0.0461
150 0.1218 0.0485 0.3262 0.4670 0.0366
151 0.1891 0.1555 0.5469 0.0493 0.0590
152 0.4883 0.0635 0.2361 0.1853 0.0269
153 0.2932 0.1521 0.5063 0.0373 0.0108
154 0.3098 0.1893 0.4167 0.0742 0.0099
155 0.4902 0.0988 0.2771 0.0928 0.0409
156 0.2898 0.1368 0.4348 0.1295 0.0090
157 0.5576 0.1056 0.2437 0.0698 0.0232
158 0.2291 0.0732 0.3132 0.2764 0.1082
159 0.2017 0.0479 0.6021 0.1097 0.0385
160 0.2169 0.0688 0.4888 0.1945 0.0310
161 0.1503 0.0536 0.3779 0.3083 0.1099
162 0.4932 0.1277 0.2639 0.1092 0.0062
163 0.4326 0.2427 0.2974 0.0134 0.0138
164 0.3127 0.1124 0.5156 0.0420 0.0174
165 0.2969 0.2993 0.3611 0.0346 0.0080
166 0.3889 0.2216 0.3540 0.0123 0.0232
167 0.3210 0.1360 0.4060 0.1257 0.0113
168 0.3735 0.1644 0.4070 0.0446 0.0105
169 0.3523 0.1161 0.4739 0.0392 0.0185
170 0.2908 0.2449 0.4099 0.0358 0.0186
171 0.5122 0.1587 0.2700 0.0349 0.0243
172 0.3052 0.0923 0.3857 0.1909 0.0258
173 0.2517 0.0641 0.2639 0.4023 0.0181
174 0.1753 0.0475 0.5317 0.2286 0.0170
175 0.2825 0.1235 0.4731 0.1072 0.0135
176 0.2957 0.0759 0.5029 0.1167 0.0089
177 0.3711 0.1233 0.4617 0.0267 0.0172
178 0.3120 0.1594 0.4797 0.0388 0.0100
179 0.5679 0.0445 0.1360 0.2260 0.0255
180 0.2700 0.1379 0.5625 0.0088 0.0207
181 0.3740 0.1205 0.4373 0.0476 0.0205
182 0.4111 0.1501 0.2167 0.2004 0.0216
183 0.2729 0.3396 0.3477 0.0336 0.0059
184 0.2749 0.1036 0.3369 0.2563 0.0283
185 0.3313 0.1370 0.2089 0.2854 0.0374
186 0.3813 0.1887 0.3726 0.0170 0.0405
187 0.3567 0.2800 0.3149 0.0226 0.0257
188 0.3772 0.1151 0.4241 0.0332 0.0503
189 0.2546 0.1450 0.4331 0.1260 0.0412
190 0.2529 0.2981 0.3950 0.0226 0.0312
191 0.2739 0.1825 0.4922 0.0213 0.0303
192 0.3018 0.1641 0.5054 0.0094 0.0196
193 0.3315 0.0775 0.4712 0.0928 0.0272
194 0.3862 0.1636 0.3894 0.0392 0.0216
195 0.3599 0.2803 0.2781 0.0255 0.0565
196 0.5283 0.2534 0.1514 0.0280 0.0392
197 0.4919 0.2252 0.1622 0.0703 0.0503
198 0.2479 0.5127 0.0667 0.1588 0.0138
199 0.3340 0.2368 0.0858 0.3213 0.0220
200 0.5889 0.1727 0.0862 0.1187 0.0332
201 0.6694 0.1136 0.0608 0.1309 0.0252
202 0.5625 0.3491 0.0531 0.0210 0.0145
203 0.5698 0.1620 0.2129 0.0426 0.0127
204 0.5688 0.2262 0.1604 0.0294 0.0152
