time exciting_prob fearful_prob tense_prob sad_prob relaxing_prob
0 0.2037 0.2830 0.2496 0.2310 0.0327
1 0.0213 0.0182 0.0238 0.3333 0.6035
2 0.6650 0.2773 0.0281 0.0229 0.0066
3 0.9448 0.0350 0.0062 0.0103 0.0037
4 0.9478 0.0367 0.0053 0.0070 0.0032
5 0.9443 0.0294 0.0058 0.0159 0.0043
6 0.1449 0.0449 0.0833 0.6294 0.0973
7 0.1566 0.0576 0.2010 0.2208 0.3640
8 0.1831 0.0478 0.2244 0.3699 0.1748
9 0.4441 0.0731 0.2957 0.0834 0.1038
10 0.2296 0.0331 0.1404 0.5596 0.0375
11 0.3372 0.0546 0.1848 0.3647 0.0586
12 0.2112 0.2734 0.2776 0.1364 0.1014
13 0.3000 0.3943 0.2062 0.0475 0.0521
14 0.2172 0.4058 0.1541 0.0459 0.1772
15 0.3748 0.1445 0.2637 0.1899 0.0271
16 0.1658 0.1779 0.5742 0.0686 0.0134
17 0.0544 0.1265 0.5493 0.2656 0.0039
18 0.2295 0.0892 0.5591 0.0934 0.0285
19 0.0920 0.6592 0.1831 0.0623 0.0033
20 0.0389 0.7578 0.1704 0.0315 0.0013
21 0.0184 0.8081 0.1372 0.0361 0.0004
22 0.0246 0.8330 0.1278 0.0136 0.0010
23 0.5708 0.3276 0.0910 0.0053 0.0052
24 0.5493 0.2476 0.1599 0.0287 0.0145
25 0.0246 0.6382 0.3311 0.0064 0.0001
26 0.1298 0.4026 0.4492 0.0173 0.0010
27 0.0815 0.4045 0.4880 0.0247 0.0013
28 0.4094 0.1831 0.2225 0.0972 0.0878
29 0.0659 0.0547 0.1353 0.6553 0.0887
30 0.1033 0.1049 0.1757 0.3606 0.2556
31 0.0221 0.0499 0.0433 0.7446 0.1399
32 0.2379 0.6416 0.0992 0.0194 0.0016
33 0.0352 0.3936 0.2561 0.1831 0.1318
34 0.0093 0.8149 0.1581 0.0124 0.0051
35 0.0015 0.3936 0.0663 0.5376 0.0009
36 0.3857 0.3623 0.2032 0.0376 0.0111
37 0.1968 0.3428 0.3455 0.0659 0.0490
38 0.0898 0.6528 0.1842 0.0699 0.0030
39 0.0790 0.4509 0.2778 0.1880 0.0045
40 0.2469 0.5923 0.1029 0.0356 0.0223
41 0.0286 0.7427 0.2264 0.0018 0.0006
42 0.0388 0.6772 0.2693 0.0130 0.0017
43 0.1143 0.3899 0.1575 0.2808 0.0575
44 0.1859 0.0567 0.2502 0.4675 0.0396
45 0.0942 0.2947 0.4636 0.1393 0.0082
46 0.0595 0.8960 0.0281 0.0046 0.0119
47 0.0403 0.9233 0.0221 0.0073 0.0068
48 0.0984 0.7500 0.0398 0.0910 0.0208
49 0.1704 0.5503 0.0844 0.0504 0.1447
50 0.1348 0.6738 0.1368 0.0137 0.0411
51 0.0385 0.8047 0.0917 0.0298 0.0353
52 0.0579 0.7388 0.0791 0.1081 0.0163
53 0.0367 0.2267 0.1176 0.3738 0.2451
54 0.0758 0.4163 0.1461 0.1555 0.2061
55 0.1078 0.8086 0.0342 0.0244 0.0248
56 0.0406 0.9111 0.0420 0.0046 0.0018
57 0.0853 0.7026 0.1520 0.0403 0.0198
58 0.1462 0.5308 0.1907 0.0133 0.1193
59 0.1870 0.6577 0.1041 0.0142 0.0368
60 0.1011 0.5303 0.1259 0.0040 0.2389
61 0.0540 0.6523 0.1550 0.0792 0.0593
62 0.0602 0.7925 0.1039 0.0172 0.0261
63 0.0415 0.8882 0.0358 0.0149 0.0195
64 0.1523 0.7158 0.1106 0.0109 0.0105
65 0.0364 0.7495 0.1726 0.0237 0.0178
66 0.0702 0.8291 0.0887 0.0052 0.0066
67 0.2118 0.4114 0.2400 0.0890 0.0480
68 0.0548 0.4812 0.4182 0.0357 0.0100
69 0.3323 0.2128 0.3220 0.1194 0.0136
70 0.3223 0.2285 0.2130 0.1925 0.0436
71 0.1300 0.7085 0.1384 0.0133 0.0097
72 0.1575 0.5806 0.1730 0.0699 0.0190
73 0.1121 0.6602 0.1804 0.0409 0.0065
74 0.0550 0.4033 0.5342 0.0048 0.0026
75 0.0954 0.5845 0.3032 0.0074 0.0094
76 0.0481 0.5088 0.4285 0.0107 0.0039
77 0.0859 0.4036 0.4946 0.0097 0.0061
78 0.0891 0.2578 0.1447 0.4971 0.0115
79 0.0327 0.0389 0.1295 0.7935 0.0054
80 0.0952 0.1985 0.3594 0.3074 0.0397
81 0.2281 0.6152 0.0277 0.0776 0.0513
82 0.1814 0.6738 0.0371 0.0169 0.0905
83 0.1737 0.4167 0.0801 0.0149 0.3145
84 0.1396 0.7788 0.0461 0.0182 0.0175
85 0.2014 0.6602 0.0614 0.0564 0.0206
86 0.1682 0.5220 0.0958 0.1696 0.0442
87 0.0828 0.7500 0.0809 0.0611 0.0255
88 0.0528 0.8198 0.0906 0.0229 0.0138
89 0.0582 0.8291 0.0681 0.0279 0.0164
90 0.0838 0.7588 0.1448 0.0113 0.0015
91 0.4438 0.3147 0.0736 0.1475 0.0203
92 0.2411 0.0894 0.2732 0.3677 0.0286
93 0.2476 0.1152 0.3958 0.2021 0.0395
94 0.3147 0.2866 0.1122 0.2451 0.0413
95 0.4724 0.2129 0.1322 0.0887 0.0938
96 0.0398 0.8442 0.1057 0.0087 0.0017
97 0.0947 0.7334 0.1561 0.0046 0.0112
98 0.3257 0.4248 0.2205 0.0101 0.0190
99 0.3992 0.4666 0.0444 0.0484 0.0414
100 0.4663 0.2327 0.0715 0.1285 0.1009
101 0.1074 0.7749 0.1108 0.0051 0.0017
102 0.0975 0.1105 0.3682 0.3979 0.0258
103 0.1478 0.7217 0.0507 0.0420 0.0377
104 0.1837 0.4109 0.1941 0.0188 0.1925
105 0.2434 0.3301 0.1925 0.0241 0.2098
106 0.4299 0.2095 0.1139 0.1406 0.1061
107 0.2314 0.3557 0.2812 0.0459 0.0858
108 0.4128 0.2974 0.1748 0.0082 0.1069
109 0.2233 0.5356 0.2197 0.0034 0.0180
110 0.1550 0.3550 0.4282 0.0139 0.0480
111 0.1605 0.1270 0.0807 0.5181 0.1138
112 0.2551 0.3201 0.0656 0.1782 0.1810
113 0.2629 0.3767 0.2756 0.0256 0.0591
114 0.1393 0.0306 0.0609 0.0279 0.7412
115 0.1533 0.0640 0.1232 0.0237 0.6357
116 0.3760 0.2159 0.0529 0.0358 0.3191
117 0.0243 0.7554 0.1158 0.0822 0.0225
118 0.2412 0.1558 0.2549 0.0053 0.3428
119 0.2791 0.2090 0.0268 0.0567 0.4287
120 0.2786 0.4417 0.0259 0.0061 0.2478
121 0.2042 0.2190 0.2313 0.0390 0.3064
122 0.1455 0.3518 0.1927 0.1700 0.1399
123 0.3376 0.3948 0.1499 0.0302 0.0874
124 0.3035 0.3748 0.1337 0.0267 0.1613
125 0.1040 0.8184 0.0588 0.0165 0.0024
126 0.0737 0.4587 0.4377 0.0267 0.0030
127 0.2319 0.2886 0.1451 0.3323 0.0021
128 0.1033 0.0677 0.2595 0.5669 0.0023
129 0.0614 0.2390 0.3701 0.3215 0.0078
130 0.1145 0.1494 0.2242 0.5054 0.0065
131 0.0748 0.6621 0.1987 0.0552 0.0092
132 0.0631 0.0360 0.5283 0.3689 0.0034
133 0.1792 0.1510 0.2096 0.4578 0.0025
134 0.0848 0.0703 0.1376 0.6772 0.0302
135 0.2260 0.1436 0.4783 0.1436 0.0086
136 0.5801 0.2593 0.0883 0.0142 0.0583
137 0.3965 0.4028 0.1191 0.0164 0.0652
138 0.4285 0.1678 0.1614 0.0333 0.2089
139 0.2272 0.4885 0.0842 0.0451 0.1549
140 0.2478 0.3132 0.0553 0.0285 0.3550
141 0.0712 0.2927 0.4641 0.0349 0.1372
142 0.0983 0.4478 0.2098 0.0881 0.1559
143 0.2417 0.2184 0.0749 0.3103 0.1548
144 0.2477 0.0365 0.0229 0.0351 0.6577
145 0.1486 0.3145 0.5103 0.0109 0.0159
146 0.1575 0.1730 0.5942 0.0523 0.0230
147 0.4260 0.2194 0.3142 0.0122 0.0283
148 0.4700 0.1812 0.0955 0.0020 0.2515
149 0.3352 0.3225 0.0999 0.0698 0.1726
150 0.2715 0.2959 0.1196 0.0147 0.2983
151 0.2122 0.1436 0.0699 0.0156 0.5586
152 0.0905 0.0455 0.0121 0.0062 0.8457
153 0.0960 0.4727 0.4043 0.0083 0.0188
154 0.2358 0.1794 0.4075 0.0126 0.1647
155 0.1953 0.3000 0.3621 0.0241 0.1185
156 0.2881 0.2388 0.2996 0.0056 0.1680
157 0.4197 0.3047 0.2076 0.0068 0.0614
158 0.3083 0.1637 0.2070 0.1798 0.1411
159 0.1517 0.0728 0.4602 0.2042 0.1110
160 0.6445 0.1310 0.1174 0.0044 0.1028
161 0.2583 0.2881 0.0942 0.1888 0.1707
162 0.3113 0.3723 0.0964 0.0598 0.1602
163 0.2959 0.3740 0.1971 0.0440 0.0889
164 0.2600 0.3811 0.2500 0.0927 0.0162
165 0.3625 0.0362 0.0709 0.0931 0.4373
166 0.2217 0.4341 0.1124 0.0135 0.2183
167 0.3862 0.3628 0.2252 0.0016 0.0241
168 0.1353 0.4399 0.0403 0.1877 0.1968
169 0.1749 0.5347 0.0866 0.0087 0.1952
170 0.6201 0.1920 0.1372 0.0086 0.0422
171 0.7397 0.1576 0.0598 0.0049 0.0377
172 0.2487 0.5181 0.1121 0.0082 0.1129
173 0.2712 0.1671 0.1054 0.0490 0.4072
174 0.4976 0.1566 0.0845 0.0604 0.2010
175 0.1422 0.2273 0.5454 0.0726 0.0124
176 0.3467 0.1198 0.1217 0.0398 0.3721
177 0.2433 0.2935 0.2285 0.1780 0.0569
178 0.1791 0.1580 0.4363 0.0238 0.2029
179 0.0440 0.8105 0.0790 0.0365 0.0300
180 0.1649 0.6035 0.1624 0.0480 0.0213
181 0.2026 0.5508 0.1964 0.0181 0.0318
182 0.1366 0.7559 0.0969 0.0029 0.0076
183 0.2319 0.3564 0.2247 0.1241 0.0629
184 0.2688 0.0782 0.4431 0.1682 0.0419
185 0.0507 0.5806 0.3633 0.0015 0.0041
186 0.1083 0.2944 0.5767 0.0170 0.0037
187 0.0618 0.6387 0.2878 0.0034 0.0080
188 0.0277 0.1595 0.8101 0.0017 0.0008
189 0.1365 0.3174 0.5396 0.0020 0.0045
190 0.0652 0.6855 0.2333 0.0097 0.0063
191 0.0551 0.6509 0.2888 0.0021 0.0029
192 0.1165 0.5220 0.3118 0.0207 0.0290
193 0.0637 0.5996 0.3311 0.0018 0.0040
194 0.0241 0.2776 0.5786 0.1104 0.0093
195 0.3989 0.2037 0.0427 0.0024 0.3521
196 0.3008 0.4958 0.1206 0.0061 0.0767
197 0.2832 0.3110 0.1401 0.0160 0.2499
198 0.3562 0.0915 0.1251 0.3000 0.1271
199 0.3323 0.3564 0.1121 0.0436 0.1556
200 0.1440 0.4102 0.1241 0.1104 0.2112
201 0.1624 0.3154 0.1854 0.1742 0.1624
202 0.4099 0.2507 0.1406 0.0252 0.1736
203 0.2563 0.4001 0.2603 0.0099 0.0734
204 0.3738 0.4304 0.0916 0.0081 0.0960
205 0.3748 0.4082 0.0773 0.0061 0.1335
206 0.2018 0.5615 0.1837 0.0433 0.0096
207 0.1804 0.6348 0.1722 0.0061 0.0065
208 0.1825 0.3774 0.3955 0.0039 0.0407
209 0.2781 0.5112 0.1837 0.0087 0.0183
210 0.3049 0.1953 0.1521 0.0050 0.3428
211 0.2361 0.3008 0.1169 0.0079 0.3381
212 0.2791 0.2260 0.1615 0.0048 0.3289
213 0.1716 0.1813 0.1276 0.0073 0.5122
214 0.2106 0.2462 0.1360 0.0077 0.3997
215 0.3000 0.3914 0.2507 0.0051 0.0529
216 0.4919 0.2454 0.1465 0.0089 0.1072
217 0.3691 0.3386 0.1017 0.0063 0.1842
218 0.1080 0.8232 0.0362 0.0057 0.0271
219 0.0179 0.9062 0.0667 0.0058 0.0032
220 0.1682 0.6250 0.0629 0.0119 0.1321
221 0.3608 0.0775 0.2258 0.1218 0.2139
222 0.0680 0.7192 0.1631 0.0422 0.0073
223 0.1881 0.4109 0.3860 0.0037 0.0113
224 0.3406 0.1794 0.3860 0.0247 0.0692
225 0.0920 0.6958 0.0756 0.1190 0.0178
226 0.0425 0.5176 0.0648 0.3557 0.0196
227 0.0853 0.1820 0.3481 0.0196 0.3647
228 0.0977 0.2456 0.5200 0.0338 0.1031
229 0.1102 0.6001 0.0806 0.0050 0.2042
230 0.2634 0.4146 0.2117 0.0325 0.0779
231 0.5874 0.0795 0.0759 0.1451 0.1121
232 0.1870 0.2764 0.1650 0.3386 0.0330
233 0.2922 0.3416 0.1976 0.0048 0.1638
234 0.4014 0.1263 0.1432 0.0116 0.3176
235 0.3752 0.1447 0.0470 0.0043 0.4287
236 0.3806 0.2238 0.0255 0.0156 0.3547
237 0.4668 0.1718 0.0438 0.0162 0.3015
238 0.2455 0.2676 0.1263 0.1072 0.2534
239 0.2725 0.4456 0.2057 0.0111 0.0652
240 0.2810 0.3899 0.2517 0.0137 0.0637
241 0.1418 0.4546 0.2395 0.0359 0.1282
242 0.1175 0.1439 0.2195 0.0321 0.4871
243 0.1567 0.3701 0.3069 0.0674 0.0989
244 0.0940 0.4246 0.4380 0.0282 0.0155
245 0.1816 0.2261 0.3669 0.0806 0.1448
246 0.1410 0.6172 0.1586 0.0133 0.0698
247 0.2296 0.5508 0.0673 0.0711 0.0812
248 0.4509 0.2214 0.0796 0.0556 0.1924
249 0.2842 0.3618 0.0670 0.0324 0.2546
250 0.2189 0.4707 0.0545 0.0099 0.2461
251 0.2947 0.3582 0.0964 0.1338 0.1172
252 0.3474 0.3042 0.0858 0.1720 0.0906
253 0.5186 0.2196 0.0840 0.0506 0.1271
254 0.1042 0.1110 0.0994 0.0762 0.6094
255 0.1440 0.1322 0.1646 0.3376 0.2214
256 0.0592 0.0017 0.0046 0.9258 0.0086
257 0.1071 0.0019 0.0056 0.8823 0.0029
258 0.2983 0.0045 0.0075 0.6826 0.0070
259 0.2805 0.0259 0.0557 0.6226 0.0153
260 0.7539 0.1968 0.0217 0.0240 0.0034
261 0.7446 0.2167 0.0249 0.0118 0.0022
262 0.1973 0.1688 0.1610 0.4377 0.0351
263 0.1973 0.1688 0.1610 0.4377 0.0351
264 0.1973 0.1688 0.1610 0.4377 0.0351
265 0.6460 0.0748 0.0510 0.2065 0.0216
266 0.6309 0.0615 0.0410 0.2358 0.0307
267 0.6309 0.0615 0.0410 0.2358 0.0307
268 0.6309 0.0615 0.0410 0.2358 0.0307
