time exciting_prob fearful_prob tense_prob sad_prob relaxing_prob
0 0.1288 0.1210 0.4092 0.3340 0.0070
1 0.1375 0.2510 0.3271 0.2754 0.0090
2 0.1875 0.2192 0.3789 0.2092 0.0051
3 0.1885 0.2238 0.4739 0.1074 0.0065
4 0.2510 0.2180 0.3223 0.2015 0.0074
5 0.0331 0.4226 0.2371 0.2996 0.0078
6 0.0396 0.4565 0.2026 0.2947 0.0065
7 0.0794 0.1655 0.3142 0.4360 0.0047
8 0.0969 0.1501 0.1810 0.5576 0.0142
9 0.0880 0.2211 0.1862 0.4905 0.0142
10 0.3301 0.1534 0.3352 0.1713 0.0100
11 0.1081 0.0869 0.5488 0.2512 0.0050
12 0.2649 0.1877 0.2030 0.3296 0.0149
13 0.4478 0.2673 0.1754 0.0868 0.0226
14 0.0773 0.1716 0.3689 0.3806 0.0014
15 0.0685 0.2145 0.3323 0.3823 0.0022
16 0.0204 0.0400 0.0692 0.8691 0.0014
17 0.2881 0.0554 0.0965 0.5469 0.0133
18 0.3171 0.0471 0.1836 0.4336 0.0185
19 0.2961 0.0351 0.3408 0.3201 0.0079
20 0.2993 0.0393 0.3906 0.2603 0.0107
21 0.5684 0.0323 0.0892 0.2903 0.0202
22 0.4888 0.0333 0.0863 0.3633 0.0282
23 0.3735 0.0569 0.2162 0.3350 0.0184
24 0.6138 0.0238 0.0831 0.2520 0.0272
25 0.6831 0.0223 0.0848 0.2020 0.0075
26 0.4592 0.0211 0.1562 0.3413 0.0222
27 0.6055 0.0581 0.1103 0.2194 0.0068
28 0.3940 0.0609 0.2485 0.2644 0.0321
29 0.1512 0.0230 0.2654 0.5532 0.0073
30 0.3601 0.0447 0.1124 0.4553 0.0273
31 0.0553 0.0466 0.8003 0.0941 0.0039
32 0.4905 0.1044 0.1156 0.2094 0.0801
33 0.1097 0.2034 0.2935 0.3889 0.0045
34 0.0889 0.2698 0.4553 0.1840 0.0022
35 0.1300 0.1095 0.4397 0.3169 0.0039
36 0.0484 0.0637 0.2637 0.6230 0.0012
37 0.0398 0.2020 0.4343 0.3228 0.0009
38 0.4111 0.1501 0.1586 0.2035 0.0767
39 0.2242 0.1747 0.1979 0.3474 0.0558
40 0.2441 0.2441 0.3389 0.1552 0.0178
41 0.3213 0.2175 0.3213 0.1173 0.0224
42 0.1400 0.0575 0.1855 0.5898 0.0272
43 0.1649 0.0656 0.1929 0.5669 0.0098
44 0.1132 0.0976 0.3152 0.4731 0.0009
45 0.1594 0.1332 0.2932 0.4133 0.0009
46 0.2969 0.1577 0.1349 0.4028 0.0076
47 0.0966 0.0272 0.2352 0.6396 0.0014
48 0.1890 0.1616 0.2244 0.4126 0.0126
49 0.3655 0.1910 0.1355 0.2800 0.0280
50 0.2573 0.2654 0.2184 0.2573 0.0017
51 0.0443 0.1062 0.4834 0.3650 0.0010
52 0.2390 0.4329 0.2125 0.1028 0.0129
53 0.3176 0.0828 0.2217 0.3489 0.0291
54 0.1421 0.2612 0.2551 0.3152 0.0263
55 0.0230 0.3706 0.2430 0.2393 0.1241
56 0.0548 0.3804 0.2961 0.2612 0.0075
57 0.0376 0.4619 0.0968 0.2715 0.1323
58 0.0580 0.0757 0.5420 0.3186 0.0059
59 0.0511 0.0954 0.5664 0.2847 0.0026
60 0.2119 0.1479 0.1390 0.4851 0.0160
61 0.1740 0.1334 0.1511 0.5278 0.0138
62 0.0417 0.1033 0.0616 0.7510 0.0424
63 0.0310 0.1082 0.1049 0.7275 0.0282
64 0.0728 0.1382 0.4602 0.3162 0.0126
65 0.0957 0.1628 0.3289 0.3967 0.0157
66 0.1006 0.1312 0.4727 0.2822 0.0132
67 0.1335 0.4590 0.1611 0.1561 0.0903
68 0.0809 0.2822 0.1970 0.3857 0.0539
69 0.1002 0.4780 0.1247 0.2329 0.0642
70 0.0778 0.0790 0.2983 0.5400 0.0047
71 0.1002 0.7402 0.1576 0.0010 0.0011
72 0.0323 0.8066 0.1469 0.0123 0.0018
73 0.0885 0.5337 0.2603 0.1136 0.0037
74 0.0838 0.4976 0.2314 0.1747 0.0126
75 0.1138 0.4294 0.2998 0.1484 0.0085
76 0.3127 0.1882 0.3572 0.1178 0.0241
77 0.3625 0.1753 0.1177 0.3328 0.0116
78 0.0311 0.4041 0.1096 0.4368 0.0186
79 0.0701 0.2013 0.3452 0.3760 0.0074
80 0.1443 0.0842 0.5664 0.2035 0.0017
81 0.1192 0.1519 0.5425 0.1847 0.0016
82 0.0428 0.4565 0.3936 0.1011 0.0060
83 0.0342 0.4753 0.1832 0.3069 0.0003
84 0.3801 0.3486 0.1355 0.0681 0.0676
85 0.1078 0.1261 0.1407 0.6113 0.0142
86 0.1976 0.6279 0.1370 0.0338 0.0035
87 0.2078 0.5024 0.1805 0.1028 0.0064
88 0.0791 0.0211 0.7163 0.1812 0.0023
89 0.2327 0.0750 0.5850 0.1041 0.0035
90 0.1310 0.6250 0.0712 0.1450 0.0277
91 0.1349 0.0331 0.7070 0.1191 0.0059
92 0.2052 0.1410 0.4146 0.2117 0.0276
93 0.3767 0.3027 0.1534 0.1464 0.0209
94 0.5264 0.3479 0.0577 0.0387 0.0295
95 0.0562 0.0897 0.4666 0.3867 0.0008
96 0.1043 0.2279 0.4824 0.1846 0.0007
97 0.2272 0.1073 0.1769 0.4380 0.0507
98 0.0970 0.3660 0.2852 0.2477 0.0042
99 0.0717 0.2502 0.5298 0.1471 0.0015
100 0.2020 0.3518 0.0427 0.3804 0.0229
101 0.0166 0.3813 0.4746 0.1257 0.0016
102 0.0453 0.1682 0.6602 0.1260 0.0004
103 0.0486 0.2372 0.6445 0.0568 0.0130
104 0.0849 0.1294 0.5894 0.1943 0.0021
105 0.2690 0.2468 0.1710 0.2820 0.0311
106 0.1440 0.4265 0.0873 0.2690 0.0730
107 0.0521 0.1211 0.3672 0.4570 0.0025
108 0.1030 0.0999 0.3826 0.4072 0.0072
109 0.0800 0.4639 0.4060 0.0384 0.0118
110 0.1494 0.1530 0.6289 0.0599 0.0090
111 0.3674 0.1121 0.1819 0.2905 0.0482
112 0.0270 0.1240 0.7837 0.0653 0.0002
113 0.1168 0.1781 0.1699 0.5073 0.0280
114 0.0580 0.5728 0.2542 0.1136 0.0014
115 0.1043 0.2157 0.2561 0.4224 0.0016
116 0.0409 0.1642 0.6699 0.1240 0.0008
117 0.0280 0.1285 0.6836 0.1587 0.0010
118 0.4685 0.2732 0.1877 0.0196 0.0509
119 0.4651 0.1938 0.2357 0.0789 0.0264
120 0.0376 0.3149 0.6162 0.0307 0.0005
121 0.2839 0.2177 0.2751 0.1891 0.0342
122 0.3896 0.1676 0.2964 0.1305 0.0157
123 0.0239 0.4734 0.3865 0.1160 0.0002
124 0.2542 0.0459 0.5137 0.1803 0.0061
125 0.5000 0.1335 0.2717 0.0773 0.0174
126 0.0255 0.1841 0.6523 0.1368 0.0011
127 0.0531 0.2202 0.3254 0.3926 0.0084
128 0.0714 0.0760 0.5190 0.3301 0.0035
129 0.0288 0.7090 0.1969 0.0640 0.0011
130 0.0308 0.6904 0.1482 0.1219 0.0085
131 0.1246 0.1652 0.5088 0.1960 0.0055
132 0.0905 0.4250 0.3259 0.1527 0.0057
133 0.0707 0.3069 0.2710 0.3318 0.0196
134 0.0637 0.1309 0.1680 0.6240 0.0135
135 0.0427 0.5044 0.3691 0.0750 0.0088
136 0.0538 0.2585 0.5303 0.1569 0.0005
137 0.1255 0.5762 0.1785 0.1161 0.0039
138 0.0404 0.1838 0.1674 0.3831 0.2252
139 0.0815 0.2067 0.0861 0.3250 0.3005
140 0.2198 0.0660 0.2378 0.4441 0.0322
141 0.1229 0.1085 0.3289 0.4028 0.0369
142 0.1096 0.0615 0.1149 0.7041 0.0100
143 0.0919 0.1771 0.1492 0.5371 0.0444
144 0.0938 0.2842 0.1451 0.4202 0.0569
145 0.0371 0.3157 0.2617 0.2876 0.0978
146 0.0052 0.1077 0.1240 0.7480 0.0150
147 0.0283 0.3752 0.3015 0.2747 0.0202
148 0.0143 0.1594 0.0901 0.6924 0.0436
149 0.1368 0.2054 0.2517 0.3181 0.0877
150 0.2952 0.4099 0.1147 0.1174 0.0629
151 0.0469 0.1490 0.7573 0.0455 0.0013
152 0.1053 0.1087 0.5972 0.1792 0.0097
153 0.1075 0.1042 0.1296 0.6533 0.0055
154 0.5352 0.3145 0.1222 0.0063 0.0221
155 0.0840 0.0982 0.2000 0.6157 0.0018
156 0.0883 0.1082 0.3896 0.4021 0.0117
157 0.0831 0.1482 0.5508 0.2123 0.0055
158 0.1310 0.2061 0.3047 0.3562 0.0022
159 0.1639 0.3086 0.2600 0.2620 0.0055
160 0.0303 0.1816 0.3784 0.4092 0.0003
161 0.1805 0.1260 0.2429 0.4331 0.0175
162 0.0776 0.1250 0.7251 0.0718 0.0003
163 0.1718 0.3635 0.2346 0.2274 0.0027
164 0.0802 0.4438 0.1194 0.3511 0.0054
165 0.2064 0.5439 0.1418 0.0931 0.0146
166 0.0378 0.0739 0.6802 0.2074 0.0010
167 0.2252 0.0854 0.1097 0.5752 0.0047
168 0.0452 0.3113 0.4976 0.1437 0.0022
169 0.0461 0.1312 0.4075 0.3979 0.0172
170 0.1316 0.1359 0.3691 0.3523 0.0111
171 0.1058 0.1379 0.6685 0.0850 0.0030
172 0.2020 0.1411 0.4346 0.1729 0.0495
173 0.3655 0.4141 0.0784 0.1243 0.0176
174 0.0647 0.0745 0.1992 0.6333 0.0283
175 0.1080 0.4995 0.2148 0.1674 0.0101
176 0.0528 0.0927 0.4419 0.3960 0.0166
177 0.0505 0.0807 0.2126 0.6450 0.0113
178 0.0939 0.5840 0.2051 0.1031 0.0137
179 0.1720 0.5815 0.1471 0.0711 0.0281
180 0.1508 0.3293 0.3398 0.1791 0.0009
181 0.1459 0.2123 0.4290 0.2074 0.0054
182 0.0460 0.1805 0.6401 0.1290 0.0043
183 0.1498 0.1558 0.3564 0.3374 0.0007
184 0.1686 0.1234 0.4441 0.2610 0.0029
185 0.0165 0.0997 0.7031 0.1777 0.0029
186 0.0309 0.1114 0.6934 0.1621 0.0024
187 0.3672 0.1694 0.1270 0.2883 0.0482
188 0.0912 0.3721 0.4285 0.0986 0.0097
189 0.0840 0.1185 0.1793 0.6162 0.0017
190 0.2001 0.1252 0.5610 0.1122 0.0013
191 0.1060 0.4978 0.2793 0.1060 0.0112
192 0.2795 0.2467 0.1696 0.3000 0.0042
193 0.0465 0.1169 0.5576 0.2717 0.0074
194 0.0119 0.7227 0.0612 0.2039 0.0004
195 0.1713 0.0760 0.4045 0.3379 0.0104
196 0.0396 0.0663 0.3423 0.5386 0.0135
197 0.0307 0.3035 0.5493 0.1160 0.0005
198 0.1643 0.1183 0.1669 0.5386 0.0116
199 0.2156 0.0745 0.2561 0.4287 0.0251
200 0.1735 0.2485 0.1749 0.3730 0.0299
201 0.0605 0.0300 0.0686 0.7974 0.0433
202 0.5430 0.1230 0.0581 0.2524 0.0237
203 0.4541 0.2145 0.0600 0.2507 0.0207
204 0.6230 0.0357 0.0632 0.2402 0.0380
205 0.8330 0.0415 0.0405 0.0576 0.0272
206 0.6528 0.0905 0.0732 0.1613 0.0222
207 0.5244 0.0484 0.1914 0.2238 0.0120
208 0.5737 0.0250 0.1212 0.2773 0.0027
209 0.5610 0.0353 0.0494 0.3350 0.0191
210 0.1611 0.0259 0.3254 0.4736 0.0139
211 0.3433 0.0255 0.2737 0.3379 0.0200
212 0.1846 0.0272 0.3557 0.4226 0.0099
213 0.2834 0.0209 0.0934 0.5293 0.0728
214 0.0923 0.0239 0.4988 0.3765 0.0085
215 0.1575 0.3335 0.3960 0.1117 0.0014
216 0.0889 0.0100 0.0939 0.8047 0.0025
217 0.2157 0.0712 0.1733 0.5337 0.0059
218 0.0902 0.2147 0.1453 0.4763 0.0736
219 0.4490 0.3286 0.1786 0.0285 0.0152
220 0.1289 0.1450 0.4944 0.2281 0.0035
221 0.5347 0.2264 0.1863 0.0385 0.0140
222 0.0677 0.1171 0.7695 0.0438 0.0018
223 0.0576 0.4121 0.1772 0.3525 0.0006
224 0.2499 0.0580 0.2966 0.3870 0.0086
225 0.0571 0.3340 0.2683 0.3391 0.0016
226 0.1671 0.2507 0.1864 0.3884 0.0071
227 0.2490 0.2303 0.1621 0.3457 0.0128
228 0.0378 0.2410 0.4165 0.2605 0.0442
229 0.0103 0.1982 0.5737 0.2177 0.0002
230 0.1748 0.2749 0.4827 0.0659 0.0017
231 0.1915 0.1256 0.2659 0.4055 0.0112
232 0.0334 0.0216 0.8101 0.1302 0.0046
233 0.2510 0.0634 0.2357 0.4336 0.0165
234 0.2159 0.2076 0.2666 0.3044 0.0052
235 0.1473 0.0230 0.4612 0.3591 0.0094
236 0.0479 0.1251 0.3796 0.4438 0.0036
237 0.1038 0.2571 0.2322 0.4043 0.0027
238 0.1069 0.0845 0.2159 0.5513 0.0412
239 0.1400 0.0823 0.3691 0.3989 0.0095
240 0.2617 0.1357 0.1613 0.4316 0.0096
241 0.1431 0.0708 0.2844 0.4692 0.0324
242 0.0413 0.0145 0.0475 0.8965 0.0004
243 0.0707 0.1240 0.5781 0.2263 0.0009
244 0.1383 0.0272 0.7363 0.0922 0.0060
245 0.0513 0.0820 0.5518 0.3096 0.0050
246 0.1442 0.0760 0.3352 0.4109 0.0337
247 0.0902 0.0991 0.4951 0.3052 0.0104
248 0.1851 0.1821 0.3979 0.1970 0.0379
249 0.1643 0.0396 0.5142 0.2708 0.0114
250 0.0430 0.3035 0.4553 0.1929 0.0053
251 0.1606 0.0659 0.4436 0.3196 0.0101
252 0.2588 0.0790 0.1570 0.4912 0.0139
253 0.1857 0.4524 0.0850 0.2661 0.0108
254 0.1282 0.0847 0.4302 0.3511 0.0059
255 0.0539 0.3103 0.4241 0.1768 0.0348
256 0.0420 0.1420 0.2571 0.5273 0.0317
257 0.0670 0.0713 0.1396 0.6870 0.0350
258 0.0712 0.1310 0.2300 0.5347 0.0331
259 0.0595 0.0723 0.2563 0.5962 0.0159
260 0.0552 0.0841 0.3596 0.4766 0.0245
261 0.0268 0.3169 0.5063 0.1497 0.0004
262 0.0303 0.2441 0.3962 0.3286 0.0007
263 0.0666 0.0828 0.4478 0.3772 0.0257
264 0.1119 0.1350 0.5098 0.2297 0.0138
265 0.0630 0.1141 0.4241 0.3921 0.0066
266 0.0692 0.1659 0.5439 0.2131 0.0077
267 0.0665 0.1606 0.5522 0.2129 0.0078
268 0.0651 0.1573 0.5078 0.2593 0.0104
269 0.0695 0.2092 0.5776 0.1372 0.0062
270 0.1456 0.1188 0.3958 0.3281 0.0118
271 0.1360 0.1517 0.3936 0.2388 0.0800
272 0.1512 0.1525 0.3865 0.2236 0.0862
273 0.1423 0.1227 0.5010 0.1917 0.0424
274 0.0238 0.0830 0.3718 0.5161 0.0051
275 0.0418 0.0920 0.4028 0.4565 0.0067
276 0.0695 0.1289 0.5098 0.2815 0.0103
277 0.0524 0.1458 0.4490 0.3442 0.0089
278 0.8145 0.1138 0.0537 0.0027 0.0152
279 0.8145 0.1138 0.0537 0.0027 0.0152
280 0.8145 0.1138 0.0537 0.0027 0.0152
281 0.8105 0.1150 0.0560 0.0030 0.0154
282 0.2037 0.2830 0.2496 0.2310 0.0327
