time exciting_prob fearful_prob tense_prob sad_prob relaxing_prob
0 0.1588 0.0575 0.0575 0.1718 0.5542
1 0.2484 0.1119 0.0415 0.0886 0.5098
2 0.7021 0.0445 0.0101 0.1183 0.1249
3 0.7607 0.0367 0.0092 0.0923 0.1013
4 0.7500 0.0291 0.0081 0.1023 0.1106
5 0.0557 0.0195 0.0109 0.0961 0.8179
6 0.1741 0.0303 0.0108 0.0286 0.7563
7 0.2173 0.0384 0.0102 0.0326 0.7017
8 0.3738 0.0394 0.0098 0.0288 0.5483
9 0.3950 0.0373 0.0232 0.0606 0.4839
10 0.2673 0.0247 0.0216 0.1115 0.5747
11 0.4651 0.0348 0.0250 0.0277 0.4473
12 0.3320 0.0256 0.0144 0.0172 0.6108
13 0.2688 0.1240 0.1362 0.1260 0.3450
14 0.2771 0.1173 0.0988 0.1003 0.4062
15 0.0652 0.0463 0.0775 0.1257 0.6851
16 0.0684 0.0793 0.1404 0.0728 0.6392
17 0.0569 0.0625 0.0714 0.0174 0.7920
18 0.0253 0.0222 0.0484 0.0257 0.8784
19 0.1100 0.2155 0.2810 0.1677 0.2258
20 0.0449 0.2542 0.1554 0.3816 0.1641
21 0.1820 0.0915 0.0887 0.0268 0.6108
22 0.0543 0.1194 0.1333 0.5566 0.1364
23 0.0431 0.2365 0.1479 0.4702 0.1025
24 0.1564 0.1316 0.5947 0.0343 0.0830
25 0.1683 0.1792 0.0959 0.0256 0.5308
26 0.0489 0.0148 0.0125 0.0306 0.8936
27 0.1412 0.0955 0.0289 0.0174 0.7168
28 0.2905 0.0629 0.5474 0.0393 0.0600
29 0.0374 0.1665 0.1731 0.5288 0.0941
30 0.1615 0.3210 0.1267 0.1577 0.2330
31 0.3396 0.2263 0.3396 0.0735 0.0209
32 0.4321 0.2581 0.2683 0.0098 0.0318
33 0.4236 0.2048 0.3074 0.0052 0.0591
34 0.1367 0.1466 0.4961 0.1927 0.0280
35 0.3816 0.2561 0.2581 0.0613 0.0428
36 0.5400 0.2472 0.1252 0.0291 0.0587
37 0.0403 0.0099 0.0146 0.0172 0.9180
38 0.1686 0.2065 0.1186 0.0261 0.4802
39 0.2294 0.1731 0.0919 0.0086 0.4971
40 0.2915 0.1897 0.1324 0.0146 0.3716
41 0.3271 0.3298 0.1582 0.0151 0.1698
42 0.3665 0.2969 0.1962 0.0462 0.0941
43 0.2756 0.2981 0.3379 0.0327 0.0556
44 0.1283 0.4995 0.2454 0.0483 0.0784
45 0.1093 0.3186 0.2009 0.2502 0.1210
46 0.0877 0.0165 0.0208 0.0097 0.8652
47 0.2502 0.0301 0.0533 0.0274 0.6392
48 0.0423 0.0539 0.1252 0.7095 0.0692
49 0.1685 0.1332 0.2649 0.2649 0.1685
50 0.2847 0.0682 0.3772 0.0999 0.1700
51 0.3223 0.0675 0.4614 0.0482 0.1006
52 0.2739 0.0146 0.2272 0.2307 0.2534
53 0.2059 0.1471 0.5059 0.1035 0.0378
54 0.2401 0.1575 0.5122 0.0570 0.0333
55 0.6128 0.2203 0.0761 0.0120 0.0786
56 0.4578 0.2145 0.2412 0.0385 0.0482
57 0.4087 0.2292 0.1677 0.1469 0.0473
58 0.2925 0.1627 0.4189 0.0793 0.0466
59 0.4590 0.1537 0.1884 0.0354 0.1636
60 0.4316 0.2722 0.2256 0.0075 0.0632
61 0.1926 0.3079 0.1225 0.0335 0.3435
62 0.1552 0.2155 0.1962 0.2520 0.1814
63 0.2793 0.2371 0.0659 0.0238 0.3940
64 0.3596 0.2590 0.3198 0.0373 0.0241
65 0.5132 0.1493 0.2480 0.0392 0.0504
66 0.3691 0.1613 0.3086 0.0197 0.1412
67 0.4958 0.3953 0.0848 0.0102 0.0140
68 0.0784 0.1808 0.5483 0.1223 0.0703
69 0.4309 0.2380 0.0709 0.0145 0.2456
70 0.5029 0.2163 0.0670 0.0091 0.2048
71 0.5020 0.1876 0.1967 0.0187 0.0951
72 0.2018 0.2737 0.1895 0.2491 0.0861
73 0.1129 0.4260 0.3093 0.1028 0.0490
74 0.5054 0.1903 0.1257 0.0549 0.1238
75 0.2920 0.1025 0.4702 0.1256 0.0097
76 0.2700 0.1743 0.4521 0.0750 0.0287
77 0.1902 0.6689 0.1026 0.0042 0.0338
78 0.3147 0.0834 0.4436 0.1353 0.0231
79 0.2469 0.3049 0.2932 0.0228 0.1322
80 0.3899 0.1857 0.2876 0.0584 0.0786
81 0.4907 0.0367 0.2078 0.1406 0.1241
82 0.3499 0.2725 0.2122 0.0580 0.1075
83 0.2438 0.2272 0.4180 0.0135 0.0977
84 0.4463 0.1951 0.1555 0.0283 0.1748
85 0.1476 0.3352 0.2571 0.2216 0.0385
86 0.1864 0.3977 0.2412 0.1005 0.0742
87 0.3555 0.3611 0.1815 0.0086 0.0934
88 0.0977 0.6421 0.2494 0.0043 0.0068
89 0.1838 0.1089 0.0271 0.0075 0.6724
90 0.1836 0.0802 0.0201 0.0071 0.7090
91 0.1982 0.2264 0.2754 0.1833 0.1166
92 0.1393 0.2502 0.3042 0.2123 0.0942
93 0.5396 0.0464 0.1429 0.2285 0.0426
94 0.5156 0.0191 0.0597 0.3745 0.0310
95 0.0336 0.0321 0.0179 0.0555 0.8608
96 0.1027 0.2026 0.1102 0.0070 0.5776
97 0.4448 0.1433 0.2573 0.1294 0.0251
98 0.2234 0.2512 0.1106 0.3772 0.0376
99 0.1133 0.1356 0.6626 0.0300 0.0583
100 0.1958 0.0836 0.0362 0.0167 0.6675
101 0.0798 0.0296 0.0305 0.0417 0.8184
102 0.0394 0.0430 0.0174 0.0099 0.8901
103 0.3467 0.0377 0.5083 0.0363 0.0710
104 0.3489 0.0395 0.4880 0.0569 0.0666
105 0.1741 0.4695 0.2673 0.0101 0.0790
106 0.3098 0.3564 0.1498 0.1322 0.0518
107 0.2905 0.1543 0.1120 0.0138 0.4294
108 0.2307 0.0804 0.0612 0.0102 0.6177
109 0.1461 0.2373 0.5430 0.0233 0.0501
110 0.1866 0.3127 0.4272 0.0239 0.0495
111 0.1934 0.2388 0.4192 0.1060 0.0428
112 0.4062 0.2502 0.2625 0.0126 0.0684
113 0.6187 0.1470 0.1458 0.0083 0.0805
114 0.2205 0.3208 0.1180 0.2681 0.0727
115 0.2075 0.4902 0.1949 0.0701 0.0372
116 0.2283 0.1544 0.3245 0.1791 0.1139
117 0.3521 0.2537 0.2220 0.1017 0.0704
118 0.3521 0.2023 0.2678 0.0941 0.0836
119 0.2681 0.5010 0.1947 0.0132 0.0229
120 0.2834 0.3418 0.3018 0.0169 0.0562
121 0.1351 0.1260 0.2952 0.3940 0.0497
122 0.2288 0.1838 0.3462 0.1741 0.0671
123 0.2057 0.4219 0.1887 0.0728 0.1110
124 0.1921 0.4397 0.3218 0.0260 0.0206
125 0.2830 0.4214 0.2363 0.0182 0.0411
126 0.2039 0.5044 0.2401 0.0317 0.0199
127 0.2366 0.3015 0.2479 0.2056 0.0085
128 0.1565 0.0549 0.6382 0.0775 0.0728
129 0.2113 0.1364 0.2510 0.2712 0.1301
130 0.3374 0.1984 0.4331 0.0121 0.0190
131 0.4524 0.2744 0.2274 0.0173 0.0285
132 0.6157 0.1362 0.1952 0.0108 0.0422
133 0.0468 0.0888 0.5884 0.2197 0.0565
134 0.4875 0.2048 0.1464 0.1140 0.0471
135 0.5903 0.0459 0.0545 0.2404 0.0688
136 0.6289 0.0456 0.0964 0.1248 0.1043
137 0.2656 0.3574 0.1444 0.2135 0.0188
138 0.4939 0.1735 0.2352 0.0590 0.0384
139 0.4700 0.1898 0.2917 0.0354 0.0131
140 0.0454 0.2004 0.5200 0.2151 0.0191
141 0.0426 0.0759 0.7905 0.0853 0.0057
142 0.0999 0.2800 0.3950 0.2018 0.0232
143 0.1010 0.3110 0.3870 0.1718 0.0292
144 0.1865 0.5527 0.1534 0.0362 0.0714
145 0.1725 0.5356 0.1431 0.0483 0.1006
146 0.3552 0.0488 0.0905 0.4492 0.0562
147 0.6675 0.0651 0.0836 0.1661 0.0177
148 0.5913 0.1320 0.1506 0.1094 0.0169
149 0.4675 0.2771 0.1980 0.0272 0.0301
150 0.2729 0.5425 0.0996 0.0272 0.0576
151 0.7529 0.0920 0.0409 0.0493 0.0648
152 0.5400 0.2081 0.1063 0.0351 0.1105
153 0.2583 0.1748 0.2075 0.2316 0.1278
154 0.2488 0.1509 0.1631 0.3296 0.1078
155 0.0202 0.0355 0.0204 0.0288 0.8950
156 0.0132 0.0211 0.0312 0.0499 0.8843
157 0.5093 0.1210 0.1904 0.1566 0.0226
158 0.5840 0.0999 0.1660 0.1089 0.0413
159 0.1897 0.5317 0.0635 0.1196 0.0953
160 0.2024 0.3184 0.1359 0.3135 0.0301
161 0.2244 0.1249 0.1693 0.2351 0.2463
162 0.4543 0.3123 0.1262 0.0243 0.0828
163 0.4321 0.2123 0.1318 0.0438 0.1802
164 0.3755 0.3667 0.1995 0.0162 0.0421
165 0.2081 0.1808 0.2452 0.3223 0.0436
166 0.2311 0.0603 0.1588 0.4119 0.1379
167 0.3115 0.3845 0.1591 0.1060 0.0390
168 0.0591 0.0639 0.0922 0.0124 0.7725
169 0.3232 0.2239 0.2920 0.0798 0.0811
170 0.1277 0.2834 0.2500 0.2705 0.0684
171 0.2032 0.3979 0.3301 0.0208 0.0479
172 0.3970 0.1138 0.1642 0.2644 0.0604
173 0.2805 0.4697 0.1537 0.0189 0.0773
174 0.2324 0.5664 0.1355 0.0183 0.0476
175 0.4744 0.1042 0.1732 0.0170 0.2312
176 0.2430 0.0547 0.2798 0.1835 0.2393
177 0.2739 0.4146 0.1235 0.1207 0.0671
178 0.1923 0.6401 0.0952 0.0460 0.0262
179 0.2725 0.1267 0.3582 0.1774 0.0652
180 0.4202 0.2048 0.2888 0.0649 0.0213
181 0.3496 0.2479 0.1771 0.1017 0.1237
182 0.2235 0.1072 0.0398 0.0124 0.6172
183 0.4539 0.2229 0.1631 0.0153 0.1450
184 0.2776 0.1805 0.3145 0.1877 0.0397
185 0.3975 0.0555 0.3293 0.1656 0.0521
186 0.2781 0.3516 0.2781 0.0181 0.0743
187 0.3948 0.2163 0.3223 0.0260 0.0406
188 0.4639 0.1949 0.2351 0.0456 0.0604
189 0.4290 0.2542 0.1802 0.0266 0.1102
190 0.5239 0.1913 0.1927 0.0284 0.0635
191 0.3892 0.2100 0.3276 0.0230 0.0503
192 0.4260 0.2686 0.1461 0.0294 0.1299
193 0.3970 0.2837 0.0914 0.0087 0.2192
194 0.2269 0.3103 0.4307 0.0097 0.0225
195 0.2878 0.2969 0.3582 0.0077 0.0493
196 0.4812 0.2852 0.1798 0.0036 0.0503
197 0.2330 0.4492 0.2725 0.0150 0.0303
198 0.3440 0.3467 0.2345 0.0305 0.0444
199 0.1860 0.2749 0.4324 0.0202 0.0865
200 0.5728 0.1566 0.2059 0.0207 0.0438
201 0.4878 0.2822 0.1272 0.0219 0.0809
202 0.4939 0.3613 0.0942 0.0210 0.0294
203 0.5879 0.2754 0.0894 0.0146 0.0329
204 0.6064 0.2756 0.0670 0.0094 0.0416
205 0.5332 0.1871 0.1814 0.0627 0.0355
206 0.6553 0.1509 0.1532 0.0094 0.0311
207 0.3015 0.2766 0.3235 0.0402 0.0580
208 0.1382 0.4092 0.3784 0.0306 0.0435
209 0.6924 0.1556 0.0615 0.0065 0.0840
210 0.3738 0.3796 0.2302 0.0084 0.0080
211 0.3772 0.1782 0.4275 0.0096 0.0074
212 0.5293 0.2189 0.1705 0.0445 0.0369
213 0.4207 0.3713 0.1973 0.0059 0.0048
214 0.4688 0.0983 0.1333 0.2432 0.0564
215 0.5947 0.1915 0.1813 0.0117 0.0210
216 0.3567 0.0719 0.2610 0.2197 0.0909
217 0.2441 0.3442 0.0964 0.1772 0.1381
218 0.2092 0.3760 0.0813 0.1920 0.1416
219 0.2279 0.3816 0.0512 0.2333 0.1060
220 0.2037 0.2830 0.2496 0.2310 0.0327
221 0.2037 0.2830 0.2496 0.2310 0.0327
222 0.2037 0.2830 0.2496 0.2310 0.0327
223 0.8848 0.0434 0.0440 0.0110 0.0168
224 0.8848 0.0434 0.0440 0.0110 0.0168
