time exciting_prob fearful_prob tense_prob sad_prob relaxing_prob
0 0.2037 0.2830 0.2496 0.2310 0.0327
1 0.3428 0.0022 0.5435 0.0573 0.0542
2 0.2981 0.0010 0.5928 0.0468 0.0615
3 0.3301 0.0175 0.1072 0.3740 0.1713
4 0.3323 0.0126 0.0680 0.5063 0.0807
5 0.3386 0.0117 0.0710 0.4778 0.1009
6 0.4355 0.0459 0.3237 0.0757 0.1191
7 0.6948 0.0602 0.1125 0.0236 0.1091
8 0.4414 0.0667 0.1326 0.2595 0.1000
9 0.3123 0.1533 0.3511 0.0314 0.1521
10 0.3416 0.0171 0.2539 0.3259 0.0617
11 0.3093 0.0456 0.3477 0.2583 0.0390
12 0.1580 0.1103 0.6011 0.0654 0.0654
13 0.1521 0.1222 0.4758 0.1683 0.0814
14 0.0568 0.2062 0.5063 0.2246 0.0061
15 0.4519 0.0773 0.1783 0.1826 0.1099
16 0.6323 0.1305 0.1422 0.0108 0.0842
17 0.3994 0.0102 0.2137 0.3311 0.0455
18 0.1006 0.0440 0.4653 0.3799 0.0100
19 0.0930 0.1105 0.6357 0.1176 0.0432
20 0.1940 0.1954 0.3403 0.1282 0.1420
21 0.2229 0.1804 0.2585 0.1028 0.2354
22 0.1066 0.3870 0.4419 0.0213 0.0431
23 0.3320 0.0729 0.3792 0.0490 0.1670
24 0.2104 0.0318 0.4026 0.3286 0.0267
25 0.2944 0.0589 0.4087 0.1930 0.0451
26 0.2015 0.1879 0.5479 0.0290 0.0337
27 0.3252 0.2474 0.2803 0.1039 0.0430
28 0.0720 0.3081 0.3660 0.2438 0.0102
29 0.1272 0.0620 0.3921 0.4109 0.0079
30 0.1202 0.3940 0.2771 0.0746 0.1340
31 0.0535 0.1016 0.6318 0.1958 0.0172
32 0.1068 0.0872 0.3501 0.3557 0.1003
33 0.1530 0.0270 0.4673 0.3162 0.0366
34 0.4092 0.0143 0.1268 0.3726 0.0769
35 0.2874 0.0134 0.1316 0.5366 0.0310
36 0.1471 0.0131 0.2837 0.5176 0.0387
37 0.1400 0.0349 0.7339 0.0507 0.0407
38 0.1987 0.1476 0.4272 0.1672 0.0592
39 0.1869 0.0223 0.5493 0.2185 0.0227
40 0.4082 0.0709 0.1649 0.3179 0.0383
41 0.1506 0.0321 0.5776 0.2091 0.0306
42 0.1716 0.3992 0.3062 0.0856 0.0374
43 0.1259 0.1249 0.6592 0.0832 0.0068
44 0.1709 0.0399 0.2732 0.5103 0.0058
45 0.1220 0.0729 0.4824 0.3020 0.0207
46 0.2067 0.2218 0.5488 0.0130 0.0097
47 0.5630 0.0208 0.2681 0.1034 0.0445
48 0.0740 0.0199 0.3940 0.5059 0.0060
49 0.3257 0.1492 0.4631 0.0424 0.0196
50 0.1676 0.3926 0.2238 0.0107 0.2053
51 0.2351 0.0244 0.2705 0.4392 0.0306
52 0.3313 0.0352 0.2539 0.2500 0.1296
53 0.1824 0.1323 0.6167 0.0353 0.0330
54 0.1785 0.0662 0.5244 0.2087 0.0220
55 0.4214 0.1434 0.0891 0.1785 0.1676
56 0.4041 0.0620 0.0364 0.1779 0.3196
57 0.2742 0.1885 0.0804 0.0354 0.4214
58 0.1996 0.2542 0.1748 0.0525 0.3188
59 0.1276 0.1246 0.0934 0.0504 0.6040
60 0.2352 0.2245 0.0832 0.1069 0.3503
61 0.2896 0.0743 0.1108 0.0480 0.4773
62 0.2810 0.0705 0.3086 0.2479 0.0919
63 0.3760 0.1299 0.2544 0.1260 0.1138
64 0.0923 0.1837 0.5312 0.1431 0.0494
65 0.1877 0.3374 0.2014 0.0782 0.1952
66 0.2532 0.3408 0.1597 0.1432 0.1031
67 0.2839 0.2998 0.1631 0.1543 0.0989
68 0.2771 0.1438 0.3318 0.1667 0.0806
69 0.2764 0.0220 0.3960 0.2517 0.0540
70 0.3425 0.1763 0.1138 0.1630 0.2045
71 0.2283 0.2861 0.2817 0.0260 0.1777
72 0.0690 0.1021 0.1310 0.6758 0.0221
73 0.1351 0.1193 0.4570 0.2646 0.0240
74 0.1732 0.1247 0.5767 0.1050 0.0204
75 0.1748 0.2013 0.4536 0.1340 0.0364
76 0.2426 0.1733 0.0580 0.0695 0.4565
77 0.2480 0.0612 0.1493 0.2559 0.2854
78 0.1819 0.0944 0.4573 0.2281 0.0384
79 0.2294 0.2024 0.3840 0.1626 0.0217
80 0.3396 0.1119 0.2351 0.2793 0.0341
81 0.2603 0.1720 0.0980 0.3906 0.0793
82 0.3162 0.0131 0.2881 0.3315 0.0512
83 0.4629 0.0053 0.2401 0.2439 0.0477
84 0.1670 0.3120 0.1406 0.0216 0.3589
85 0.2976 0.1643 0.2014 0.1643 0.1722
86 0.2152 0.0200 0.1898 0.5410 0.0341
87 0.1473 0.0082 0.1544 0.6709 0.0192
88 0.3223 0.0828 0.1851 0.3325 0.0771
89 0.1230 0.0701 0.1906 0.5962 0.0202
90 0.1539 0.0177 0.1074 0.7114 0.0094
91 0.2072 0.0298 0.1425 0.6089 0.0116
92 0.5137 0.0590 0.0463 0.3115 0.0695
93 0.6562 0.0223 0.0282 0.2285 0.0649
94 0.1829 0.0710 0.4121 0.3062 0.0278
95 0.1382 0.0115 0.0623 0.7832 0.0049
96 0.1549 0.0424 0.0621 0.7275 0.0129
97 0.3853 0.0373 0.1147 0.4067 0.0559
98 0.1785 0.3467 0.3606 0.0704 0.0437
99 0.2769 0.0775 0.4355 0.1733 0.0366
100 0.0882 0.1016 0.4209 0.3601 0.0293
101 0.1249 0.2244 0.4226 0.1803 0.0478
102 0.2314 0.0311 0.4126 0.2881 0.0369
103 0.2546 0.0696 0.2281 0.4197 0.0281
104 0.3450 0.1846 0.1483 0.2881 0.0339
105 0.4351 0.0673 0.2966 0.1842 0.0167
106 0.1503 0.0496 0.4556 0.3181 0.0265
107 0.2450 0.1582 0.4648 0.1251 0.0069
108 0.3103 0.1178 0.4514 0.0611 0.0592
109 0.1299 0.0501 0.3167 0.4827 0.0206
110 0.1410 0.0667 0.2515 0.5078 0.0330
111 0.2322 0.1511 0.2891 0.2510 0.0766
112 0.2030 0.1937 0.3975 0.1683 0.0375
113 0.3074 0.0423 0.3123 0.3025 0.0356
114 0.1232 0.0894 0.0807 0.6870 0.0196
115 0.2413 0.1646 0.1149 0.2510 0.2284
116 0.3689 0.0234 0.2874 0.2874 0.0333
117 0.0640 0.1698 0.6660 0.0909 0.0092
118 0.2971 0.0173 0.2059 0.4531 0.0264
119 0.5132 0.0428 0.2561 0.1154 0.0723
120 0.3960 0.1445 0.1049 0.2700 0.0844
121 0.2812 0.0248 0.3445 0.2295 0.1200
122 0.4448 0.1840 0.1898 0.0842 0.0970
123 0.4875 0.0134 0.3274 0.1487 0.0230
124 0.4487 0.0870 0.1562 0.1991 0.1091
125 0.6587 0.0470 0.1414 0.0858 0.0673
126 0.6035 0.0389 0.0602 0.2363 0.0612
127 0.7192 0.0358 0.0521 0.1121 0.0807
128 0.0418 0.0096 0.1858 0.7466 0.0164
129 0.1786 0.0251 0.1026 0.5952 0.0986
130 0.2664 0.0387 0.0865 0.5337 0.0745
131 0.1498 0.0076 0.0429 0.7969 0.0027
132 0.0989 0.0275 0.2668 0.6011 0.0057
133 0.1833 0.0216 0.2839 0.4985 0.0125
134 0.1306 0.1009 0.4150 0.3335 0.0202
135 0.1344 0.0650 0.2891 0.5073 0.0040
136 0.1418 0.2490 0.4043 0.1711 0.0337
137 0.0200 0.6772 0.2610 0.0379 0.0040
138 0.1630 0.1655 0.3792 0.2605 0.0319
139 0.3008 0.3831 0.2454 0.0454 0.0255
140 0.3965 0.3472 0.1815 0.0294 0.0452
141 0.4175 0.2551 0.1897 0.0621 0.0754
142 0.4111 0.3545 0.1500 0.0312 0.0531
143 0.5732 0.0198 0.1230 0.2544 0.0294
144 0.0877 0.0169 0.0774 0.8003 0.0175
145 0.0914 0.0618 0.2949 0.5093 0.0425
146 0.4971 0.0678 0.1576 0.2598 0.0177
147 0.0958 0.2175 0.4128 0.2563 0.0177
148 0.4226 0.0262 0.1803 0.3188 0.0521
149 0.3669 0.0701 0.1111 0.4358 0.0160
150 0.2996 0.0304 0.2227 0.4160 0.0313
151 0.3933 0.0762 0.3162 0.1963 0.0180
152 0.3286 0.0405 0.2367 0.3442 0.0500
153 0.3718 0.0462 0.3179 0.2363 0.0278
154 0.1993 0.1110 0.5376 0.1414 0.0108
155 0.1614 0.1348 0.2479 0.4285 0.0276
156 0.2255 0.1663 0.3206 0.2615 0.0261
157 0.3662 0.0417 0.3083 0.2120 0.0715
158 0.4087 0.0627 0.3389 0.1691 0.0208
159 0.3650 0.1608 0.1440 0.1849 0.1451
160 0.1846 0.0800 0.0740 0.6440 0.0174
161 0.1476 0.0834 0.2590 0.4995 0.0104
162 0.0894 0.0707 0.2527 0.5693 0.0180
163 0.2263 0.0428 0.3069 0.3450 0.0788
164 0.2996 0.0800 0.4939 0.1173 0.0090
165 0.2175 0.0425 0.6646 0.0717 0.0037
166 0.3782 0.0780 0.3037 0.1917 0.0485
167 0.2761 0.0440 0.2637 0.3835 0.0327
168 0.7178 0.0594 0.1589 0.0431 0.0210
169 0.3518 0.3745 0.2236 0.0205 0.0293
170 0.2546 0.1028 0.4832 0.1321 0.0275
171 0.0793 0.0481 0.1101 0.7407 0.0215
172 0.2622 0.0262 0.2350 0.4531 0.0236
173 0.1838 0.1356 0.4480 0.1675 0.0651
174 0.3833 0.0447 0.4768 0.0359 0.0592
175 0.3948 0.0959 0.4072 0.0660 0.0361
176 0.1154 0.1371 0.6646 0.0590 0.0242
177 0.1058 0.0227 0.6587 0.1829 0.0301
178 0.1730 0.0175 0.5166 0.2639 0.0291
179 0.0955 0.4888 0.3660 0.0349 0.0148
180 0.1598 0.2253 0.5322 0.0465 0.0362
181 0.3062 0.0224 0.3208 0.3362 0.0144
182 0.3030 0.0100 0.3276 0.3486 0.0107
183 0.2910 0.0029 0.6924 0.0096 0.0039
184 0.1727 0.0034 0.8174 0.0026 0.0038
185 0.3416 0.0050 0.6431 0.0038 0.0069
