time exciting_prob fearful_prob tense_prob sad_prob relaxing_prob
0 0.2037 0.2830 0.2496 0.2310 0.0327
1 0.2710 0.0776 0.3882 0.2546 0.0084
2 0.0455 0.3552 0.4023 0.0919 0.1050
3 0.0563 0.3875 0.3420 0.0845 0.1298
4 0.0598 0.3208 0.4316 0.1100 0.0780
5 0.0719 0.1582 0.2756 0.4912 0.0029
6 0.0591 0.2693 0.4236 0.2451 0.0030
7 0.1492 0.2832 0.4453 0.1126 0.0096
8 0.2839 0.3118 0.3191 0.0735 0.0116
9 0.1763 0.2729 0.3882 0.1581 0.0045
10 0.2101 0.3384 0.3601 0.0869 0.0045
11 0.0521 0.0770 0.7305 0.1331 0.0074
12 0.0422 0.0873 0.7310 0.1290 0.0105
13 0.0629 0.1340 0.7598 0.0352 0.0083
14 0.0790 0.1312 0.7554 0.0269 0.0077
15 0.0865 0.1531 0.7134 0.0367 0.0100
16 0.2766 0.0520 0.5767 0.0891 0.0054
17 0.4006 0.1520 0.1439 0.2908 0.0128
18 0.5879 0.0840 0.2693 0.0547 0.0042
19 0.4980 0.2159 0.1920 0.0145 0.0794
20 0.1436 0.0301 0.6846 0.1307 0.0110
21 0.3713 0.0692 0.4375 0.1132 0.0089
22 0.0478 0.0555 0.8809 0.0144 0.0014
23 0.1475 0.0350 0.1807 0.6206 0.0160
24 0.5986 0.0451 0.1399 0.1812 0.0354
25 0.0753 0.0952 0.6709 0.1406 0.0182
26 0.1794 0.4075 0.2571 0.0834 0.0725
27 0.0237 0.0706 0.8018 0.1003 0.0039
28 0.1605 0.1036 0.3506 0.3733 0.0118
29 0.0737 0.0797 0.6777 0.1586 0.0101
30 0.3091 0.2314 0.2010 0.2542 0.0042
31 0.2725 0.3040 0.3611 0.0474 0.0149
32 0.1810 0.2634 0.3923 0.0961 0.0671
33 0.0771 0.0821 0.4912 0.3027 0.0468
34 0.3145 0.2930 0.2507 0.0460 0.0959
35 0.3596 0.3569 0.1609 0.0282 0.0945
36 0.4668 0.2404 0.1902 0.0374 0.0652
37 0.1504 0.2404 0.0905 0.4893 0.0294
38 0.5635 0.0541 0.3555 0.0207 0.0060
39 0.4182 0.1600 0.2988 0.1152 0.0077
40 0.4990 0.1836 0.0790 0.0714 0.1671
41 0.0175 0.0246 0.9541 0.0032 0.0006
42 0.0136 0.0875 0.8975 0.0015 0.0002
43 0.0060 0.2764 0.1326 0.5850 0.0001
44 0.0153 0.6987 0.1766 0.1055 0.0037
45 0.1880 0.2197 0.4236 0.1385 0.0302
46 0.2289 0.3408 0.2825 0.0656 0.0822
47 0.0720 0.1987 0.7158 0.0128 0.0009
48 0.0400 0.1521 0.7847 0.0159 0.0074
49 0.0762 0.1370 0.7578 0.0108 0.0180
50 0.0489 0.1979 0.3237 0.4221 0.0076
51 0.2603 0.0493 0.5596 0.1268 0.0038
52 0.1832 0.0334 0.6104 0.1669 0.0062
53 0.2905 0.3792 0.1593 0.0981 0.0729
54 0.2515 0.4243 0.2134 0.0597 0.0511
55 0.4370 0.3652 0.1177 0.0185 0.0615
56 0.0612 0.0699 0.8325 0.0294 0.0070
57 0.0920 0.0762 0.7402 0.0884 0.0029
58 0.1064 0.1398 0.7324 0.0090 0.0122
59 0.4500 0.2927 0.1299 0.0270 0.1004
60 0.1771 0.2119 0.3899 0.2023 0.0190
61 0.3218 0.3479 0.2448 0.0228 0.0629
62 0.0716 0.1368 0.7637 0.0247 0.0034
63 0.0718 0.0212 0.7427 0.1532 0.0113
64 0.4934 0.2947 0.0906 0.0331 0.0884
65 0.5513 0.2905 0.0609 0.0248 0.0723
66 0.6836 0.1478 0.0876 0.0110 0.0698
67 0.7305 0.1004 0.0943 0.0107 0.0643
68 0.4729 0.2913 0.0931 0.0450 0.0976
69 0.3677 0.3853 0.1005 0.0789 0.0675
70 0.2260 0.3784 0.2173 0.0435 0.1349
71 0.1415 0.4060 0.2502 0.1802 0.0220
72 0.1809 0.2737 0.4175 0.0506 0.0772
73 0.2078 0.1777 0.3821 0.2144 0.0179
74 0.0947 0.2102 0.5806 0.0823 0.0322
75 0.6450 0.0989 0.1241 0.0974 0.0347
76 0.3210 0.5508 0.0871 0.0253 0.0159
77 0.0875 0.1769 0.5801 0.1421 0.0136
78 0.3162 0.2462 0.3113 0.1209 0.0057
79 0.0883 0.3357 0.3057 0.1421 0.1284
80 0.0526 0.3430 0.2529 0.3376 0.0136
81 0.3367 0.3447 0.1844 0.0838 0.0504
82 0.5635 0.1829 0.0470 0.1993 0.0075
83 0.0726 0.2961 0.6079 0.0053 0.0179
84 0.2566 0.1450 0.4465 0.0914 0.0605
85 0.1624 0.3865 0.1514 0.2615 0.0383
86 0.2031 0.4167 0.2910 0.0789 0.0101
87 0.2761 0.2986 0.3306 0.0177 0.0773
88 0.4343 0.2717 0.1854 0.0255 0.0829
89 0.0845 0.3042 0.3906 0.2157 0.0051
90 0.0025 0.3508 0.4231 0.2229 0.0008
91 0.0025 0.1278 0.1890 0.6807 0.0003
92 0.5703 0.1925 0.1312 0.0164 0.0895
93 0.3157 0.0455 0.1024 0.5283 0.0081
94 0.0870 0.1066 0.4775 0.3181 0.0110
95 0.4612 0.2356 0.2063 0.0860 0.0108
96 0.4097 0.2583 0.2583 0.0141 0.0595
97 0.1616 0.3530 0.3420 0.0372 0.1060
98 0.3982 0.2695 0.2341 0.0720 0.0263
99 0.2769 0.1759 0.3696 0.1084 0.0695
100 0.0413 0.0410 0.9033 0.0124 0.0018
101 0.0556 0.0625 0.8491 0.0293 0.0033
102 0.3198 0.2866 0.2375 0.0218 0.1343
103 0.4438 0.2267 0.1440 0.0783 0.1071
104 0.3320 0.2281 0.2045 0.1833 0.0521
105 0.3499 0.2294 0.1639 0.0528 0.2040
106 0.4958 0.1714 0.2532 0.0426 0.0370
107 0.1417 0.2546 0.4795 0.1184 0.0058
108 0.1820 0.1697 0.6113 0.0327 0.0045
109 0.4917 0.2288 0.0861 0.0578 0.1355
110 0.5029 0.2413 0.0828 0.0450 0.1282
111 0.0567 0.0757 0.8457 0.0172 0.0048
112 0.0203 0.0486 0.8750 0.0542 0.0018
113 0.2761 0.0962 0.4177 0.1958 0.0142
114 0.1184 0.1384 0.4133 0.3169 0.0131
115 0.2571 0.3652 0.2632 0.0201 0.0945
116 0.6577 0.1503 0.1152 0.0411 0.0357
117 0.4473 0.3171 0.1014 0.0670 0.0670
118 0.5435 0.3562 0.0388 0.0222 0.0394
119 0.5132 0.3210 0.0637 0.0554 0.0470
120 0.6440 0.2314 0.0508 0.0292 0.0445
121 0.5503 0.2172 0.1787 0.0485 0.0053
122 0.4832 0.1593 0.2839 0.0634 0.0103
123 0.0491 0.0797 0.6938 0.1687 0.0087
124 0.5522 0.2671 0.0439 0.0286 0.1079
125 0.5723 0.2367 0.1100 0.0154 0.0657
126 0.5215 0.3501 0.0673 0.0321 0.0290
127 0.1802 0.0438 0.5015 0.2683 0.0061
128 0.0398 0.1550 0.7876 0.0143 0.0033
129 0.0157 0.0965 0.8208 0.0643 0.0028
130 0.0613 0.1060 0.4326 0.3818 0.0183
131 0.0445 0.0448 0.8657 0.0414 0.0038
132 0.4116 0.4348 0.0721 0.0263 0.0553
133 0.4844 0.3599 0.0544 0.0151 0.0862
134 0.1398 0.3484 0.0620 0.4270 0.0228
135 0.2998 0.5059 0.0852 0.0729 0.0363
136 0.5498 0.2786 0.1025 0.0196 0.0496
137 0.1727 0.2474 0.1124 0.4209 0.0465
138 0.2263 0.4790 0.2013 0.0595 0.0339
139 0.2396 0.2251 0.1986 0.2512 0.0854
140 0.1691 0.0536 0.0727 0.6685 0.0360
141 0.2881 0.1831 0.1747 0.2903 0.0638
142 0.5024 0.1112 0.1221 0.2062 0.0581
143 0.3215 0.1965 0.2625 0.1192 0.1004
144 0.3262 0.3782 0.1100 0.0647 0.1209
145 0.5273 0.2413 0.2064 0.0116 0.0135
146 0.4243 0.2456 0.2307 0.0444 0.0548
147 0.2085 0.1099 0.5493 0.1305 0.0020
148 0.2944 0.1481 0.2617 0.2876 0.0083
149 0.1449 0.1201 0.5298 0.2012 0.0040
150 0.0162 0.0934 0.7705 0.1163 0.0036
151 0.4292 0.1102 0.3643 0.0886 0.0076
152 0.1394 0.0439 0.1708 0.1818 0.4641
153 0.1538 0.0500 0.0876 0.0298 0.6787
154 0.0779 0.0511 0.7690 0.1008 0.0012
155 0.3901 0.2122 0.3040 0.0824 0.0115
156 0.2888 0.1725 0.4546 0.0765 0.0075
157 0.1174 0.0505 0.0604 0.0123 0.7593
158 0.0404 0.1098 0.4111 0.4309 0.0079
159 0.0496 0.0727 0.7285 0.1368 0.0122
160 0.1711 0.0654 0.6821 0.0649 0.0165
161 0.2126 0.3269 0.3479 0.1005 0.0120
162 0.2600 0.5459 0.1034 0.0459 0.0448
163 0.1395 0.0915 0.6865 0.0782 0.0041
164 0.2307 0.6172 0.0641 0.0420 0.0458
165 0.2720 0.5898 0.0646 0.0166 0.0570
166 0.4375 0.3303 0.1420 0.0552 0.0351
167 0.2449 0.0674 0.3401 0.3047 0.0429
168 0.4504 0.2649 0.1087 0.0538 0.1222
169 0.5317 0.2695 0.1141 0.0322 0.0522
170 0.3889 0.2822 0.2844 0.0182 0.0263
171 0.3979 0.2844 0.2268 0.0573 0.0334
172 0.7197 0.1486 0.0680 0.0370 0.0268
173 0.5264 0.1863 0.1300 0.0670 0.0901
174 0.5225 0.3269 0.0908 0.0104 0.0494
175 0.2096 0.3650 0.3765 0.0419 0.0069
176 0.0825 0.0775 0.4387 0.3638 0.0378
177 0.4307 0.2269 0.2050 0.0714 0.0660
178 0.4507 0.1821 0.1475 0.1475 0.0724
179 0.3672 0.2998 0.1708 0.1270 0.0352
180 0.3540 0.4270 0.1322 0.0235 0.0635
181 0.3674 0.2524 0.1111 0.1967 0.0723
182 0.3552 0.2275 0.1401 0.1412 0.1359
183 0.3989 0.2496 0.2053 0.0462 0.1000
184 0.2238 0.1490 0.2617 0.3308 0.0349
185 0.6655 0.1473 0.0350 0.0908 0.0614
186 0.2428 0.4827 0.1230 0.1069 0.0446
187 0.5459 0.1772 0.1639 0.0164 0.0964
188 0.2291 0.3960 0.1677 0.1960 0.0111
189 0.2881 0.3188 0.1460 0.2058 0.0415
190 0.1625 0.5625 0.1479 0.0773 0.0496
191 0.1921 0.1439 0.4609 0.1362 0.0669
192 0.2473 0.0630 0.0896 0.5405 0.0597
193 0.5532 0.2532 0.1254 0.0315 0.0368
194 0.2017 0.6406 0.1022 0.0154 0.0400
195 0.2448 0.3792 0.1696 0.1497 0.0568
196 0.0715 0.1676 0.7168 0.0333 0.0107
197 0.5225 0.0759 0.2842 0.0967 0.0206
198 0.5146 0.1683 0.1311 0.0937 0.0923
199 0.2350 0.3669 0.3394 0.0140 0.0449
200 0.6245 0.1542 0.0712 0.0567 0.0935
201 0.3604 0.3926 0.0755 0.1526 0.0191
202 0.3345 0.3589 0.1484 0.1310 0.0270
203 0.1962 0.6089 0.1083 0.0694 0.0173
204 0.2571 0.4956 0.0772 0.1559 0.0142
205 0.6157 0.1953 0.1509 0.0321 0.0059
206 0.4829 0.3242 0.0735 0.0729 0.0467
207 0.4812 0.1467 0.0677 0.0925 0.2118
208 0.2489 0.0777 0.2197 0.3003 0.1533
209 0.2467 0.3589 0.1967 0.0572 0.1405
210 0.2090 0.3726 0.3088 0.0745 0.0352
