time exciting_prob fearful_prob tense_prob sad_prob relaxing_prob
0 0.2037 0.2830 0.2496 0.2310 0.0327
1 0.0443 0.2252 0.0939 0.6123 0.0245
2 0.0490 0.2451 0.1312 0.5522 0.0224
3 0.0650 0.3569 0.1313 0.4238 0.0228
4 0.0525 0.2974 0.1427 0.4902 0.0170
5 0.0685 0.3647 0.2430 0.3071 0.0165
6 0.0776 0.4871 0.2128 0.2062 0.0163
7 0.0762 0.4595 0.2039 0.2421 0.0185
8 0.0403 0.1617 0.1449 0.6104 0.0428
9 0.0324 0.2181 0.2935 0.4270 0.0291
10 0.0612 0.4812 0.2830 0.0963 0.0786
11 0.0607 0.4216 0.3232 0.1390 0.0553
12 0.0585 0.4290 0.3340 0.1288 0.0497
13 0.0493 0.4639 0.3501 0.1003 0.0366
14 0.0637 0.4673 0.2925 0.1382 0.0384
15 0.0641 0.4487 0.3132 0.1327 0.0411
16 0.0574 0.2915 0.1882 0.4111 0.0515
17 0.0641 0.3208 0.1945 0.3809 0.0398
18 0.0627 0.2944 0.2722 0.3335 0.0371
19 0.0645 0.3325 0.2357 0.3171 0.0502
20 0.0663 0.4224 0.2026 0.2522 0.0567
21 0.1067 0.3782 0.2947 0.1505 0.0699
22 0.0858 0.4426 0.2859 0.1210 0.0648
23 0.0326 0.1350 0.0832 0.7300 0.0195
24 0.1085 0.3906 0.4158 0.0456 0.0396
25 0.1051 0.3237 0.3445 0.1577 0.0689
26 0.0537 0.6245 0.2369 0.0481 0.0369
27 0.0887 0.3293 0.3733 0.0624 0.1462
28 0.0456 0.2705 0.2581 0.3875 0.0384
29 0.0786 0.1857 0.2617 0.4182 0.0557
30 0.0575 0.2007 0.2659 0.4185 0.0575
31 0.0453 0.1556 0.3293 0.4231 0.0467
32 0.0555 0.1310 0.3345 0.4500 0.0292
33 0.0592 0.1465 0.4512 0.3250 0.0183
34 0.0580 0.1505 0.2260 0.5171 0.0481
35 0.0844 0.2878 0.3313 0.1678 0.1287
36 0.0833 0.2336 0.3853 0.0713 0.2264
37 0.1538 0.1227 0.3989 0.3059 0.0185
38 0.0477 0.4673 0.3262 0.1298 0.0290
39 0.0634 0.5781 0.2646 0.0564 0.0373
40 0.0436 0.5659 0.3328 0.0307 0.0269
41 0.1229 0.4031 0.1996 0.1733 0.1011
42 0.0485 0.4324 0.1146 0.3938 0.0107
43 0.0566 0.5122 0.1401 0.2786 0.0122
44 0.0410 0.5522 0.1710 0.2231 0.0128
45 0.0419 0.3145 0.1819 0.4434 0.0186
46 0.0483 0.1913 0.3252 0.3987 0.0365
47 0.1550 0.5449 0.1456 0.1400 0.0143
48 0.1304 0.5073 0.1926 0.1477 0.0218
49 0.0581 0.3848 0.2903 0.2191 0.0478
50 0.0681 0.3076 0.3379 0.2217 0.0645
51 0.0755 0.4277 0.4211 0.0570 0.0186
52 0.1970 0.3625 0.3101 0.1088 0.0216
53 0.0710 0.3362 0.4893 0.0798 0.0238
54 0.1134 0.2764 0.4851 0.1066 0.0185
55 0.0556 0.2957 0.1418 0.3796 0.1272
56 0.1106 0.2234 0.1794 0.3921 0.0946
57 0.0864 0.2072 0.3750 0.3110 0.0205
58 0.0637 0.1730 0.1960 0.3232 0.2440
59 0.0755 0.2676 0.2761 0.1048 0.2761
60 0.0839 0.2352 0.1920 0.4534 0.0355
61 0.0652 0.2040 0.1238 0.5376 0.0694
62 0.0585 0.1127 0.1277 0.5811 0.1199
63 0.0408 0.0800 0.1541 0.6489 0.0763
64 0.0662 0.0462 0.1613 0.3208 0.4055
65 0.0323 0.1947 0.1614 0.4600 0.1516
66 0.0462 0.1338 0.1564 0.5459 0.1180
67 0.0406 0.3855 0.1685 0.3564 0.0490
68 0.0461 0.5801 0.0977 0.1489 0.1274
69 0.0943 0.3191 0.2159 0.1299 0.2408
70 0.1708 0.2563 0.1604 0.1394 0.2729
71 0.0180 0.0509 0.0290 0.0684 0.8335
72 0.0206 0.0698 0.0362 0.1514 0.7222
73 0.0268 0.1381 0.0878 0.2223 0.5249
74 0.0822 0.2800 0.1158 0.1453 0.3767
75 0.0723 0.3674 0.2998 0.1095 0.1508
76 0.0864 0.4221 0.2349 0.1844 0.0722
77 0.0596 0.1909 0.1429 0.5352 0.0713
78 0.0901 0.3269 0.2429 0.2732 0.0670
79 0.5015 0.1628 0.0972 0.2124 0.0260
80 0.2949 0.1846 0.1460 0.3188 0.0554
81 0.0674 0.1130 0.4683 0.3071 0.0443
82 0.0576 0.2925 0.6001 0.0328 0.0169
83 0.0484 0.0948 0.3257 0.4968 0.0343
84 0.0585 0.1238 0.1918 0.6001 0.0262
85 0.1022 0.2490 0.2610 0.3198 0.0681
86 0.0271 0.2284 0.3538 0.3823 0.0084
87 0.0862 0.2917 0.3928 0.1885 0.0407
88 0.1147 0.0450 0.0765 0.7256 0.0385
89 0.0782 0.3193 0.3096 0.2566 0.0361
90 0.0740 0.1642 0.3699 0.3213 0.0706
91 0.0884 0.2791 0.2025 0.3965 0.0336
92 0.0949 0.1317 0.1746 0.4187 0.1801
93 0.0497 0.1506 0.1761 0.5957 0.0279
94 0.0794 0.1876 0.2228 0.3909 0.1193
95 0.0858 0.2812 0.2443 0.2073 0.1815
96 0.0838 0.2791 0.3262 0.2074 0.1035
97 0.0720 0.3743 0.3628 0.0984 0.0925
98 0.0632 0.3062 0.3870 0.0492 0.1946
99 0.0309 0.2910 0.2910 0.3147 0.0724
100 0.0331 0.4717 0.2061 0.2446 0.0446
101 0.0405 0.3552 0.3901 0.1962 0.0180
102 0.0470 0.2312 0.2744 0.3872 0.0603
103 0.0676 0.3201 0.2739 0.1560 0.1824
104 0.1064 0.2473 0.3381 0.1838 0.1244
105 0.0280 0.2576 0.2496 0.4521 0.0126
106 0.0198 0.5059 0.2666 0.2013 0.0062
107 0.0488 0.1715 0.2273 0.5449 0.0074
108 0.0522 0.1354 0.1376 0.6362 0.0388
109 0.0779 0.2400 0.2556 0.3958 0.0308
110 0.0343 0.1456 0.0496 0.6733 0.0970
111 0.1085 0.3042 0.2644 0.3042 0.0188
112 0.0516 0.3015 0.2137 0.4121 0.0212
113 0.0201 0.5977 0.1559 0.1823 0.0443
114 0.0356 0.6973 0.1461 0.0886 0.0323
115 0.0230 0.6982 0.2064 0.0582 0.0138
116 0.0585 0.4492 0.0864 0.3040 0.1018
117 0.0923 0.3977 0.3564 0.1375 0.0163
118 0.1494 0.2483 0.3640 0.1642 0.0740
119 0.1772 0.2056 0.2578 0.3235 0.0360
120 0.4551 0.0548 0.1840 0.2849 0.0213
121 0.3110 0.1359 0.3499 0.1787 0.0246
122 0.0183 0.1602 0.1288 0.6743 0.0183
123 0.0299 0.4163 0.3850 0.1270 0.0419
124 0.0274 0.4746 0.1948 0.2313 0.0717
125 0.0312 0.6318 0.2803 0.0376 0.0192
126 0.0538 0.0974 0.3347 0.4871 0.0271
127 0.0308 0.1350 0.2028 0.5864 0.0449
128 0.0603 0.3286 0.2366 0.2520 0.1227
129 0.0191 0.1206 0.0767 0.7505 0.0330
130 0.0660 0.1910 0.1398 0.5273 0.0760
131 0.0350 0.2394 0.0815 0.6021 0.0423
132 0.0647 0.1414 0.1228 0.5679 0.1034
133 0.0609 0.3911 0.1906 0.2998 0.0577
134 0.0483 0.3569 0.1647 0.3354 0.0946
135 0.1482 0.2996 0.3967 0.1035 0.0520
136 0.1663 0.2534 0.2656 0.1884 0.1265
137 0.0473 0.6953 0.1050 0.0276 0.1247
138 0.0636 0.0579 0.0598 0.5244 0.2942
139 0.0111 0.0201 0.0564 0.9106 0.0018
140 0.0374 0.2460 0.0492 0.4250 0.2422
141 0.0299 0.4468 0.0801 0.2355 0.2078
142 0.0412 0.1415 0.2644 0.5425 0.0107
143 0.0256 0.1343 0.3538 0.4836 0.0028
144 0.0192 0.4480 0.1324 0.3892 0.0111
145 0.1348 0.7456 0.0956 0.0077 0.0162
146 0.2590 0.5571 0.1047 0.0195 0.0596
147 0.0428 0.4526 0.4526 0.0341 0.0181
148 0.0339 0.2773 0.4792 0.1508 0.0586
149 0.0497 0.2754 0.4133 0.2468 0.0149
150 0.0429 0.1851 0.4236 0.3098 0.0385
151 0.0260 0.1302 0.4336 0.4075 0.0027
152 0.0567 0.2815 0.5342 0.1230 0.0046
153 0.0659 0.4570 0.3672 0.1052 0.0046
154 0.1644 0.3853 0.1619 0.2488 0.0397
155 0.0572 0.1230 0.2952 0.5024 0.0222
156 0.1591 0.1802 0.1471 0.5015 0.0123
157 0.4036 0.3345 0.1569 0.0250 0.0801
158 0.2024 0.4285 0.1614 0.0652 0.1425
159 0.2428 0.3215 0.0973 0.0718 0.2666
160 0.0395 0.2343 0.5796 0.1089 0.0377
161 0.0188 0.4624 0.3489 0.1598 0.0101
162 0.1265 0.4451 0.2037 0.1550 0.0699
163 0.0656 0.4045 0.3225 0.0828 0.1244
164 0.0579 0.5942 0.1854 0.1188 0.0437
165 0.0553 0.1171 0.2600 0.5415 0.0259
166 0.0600 0.3267 0.1862 0.3589 0.0685
167 0.0503 0.6074 0.0394 0.2379 0.0650
168 0.0215 0.8140 0.0537 0.1003 0.0108
169 0.0435 0.6494 0.0546 0.2484 0.0043
170 0.0956 0.7290 0.0508 0.1180 0.0067
171 0.0293 0.6821 0.0708 0.2146 0.0032
172 0.1257 0.2367 0.2993 0.0762 0.2620
173 0.2050 0.2695 0.2959 0.0687 0.1609
174 0.1437 0.2483 0.3420 0.1404 0.1259
175 0.0445 0.1578 0.7891 0.0024 0.0059
176 0.0160 0.4351 0.3899 0.0557 0.1033
177 0.0082 0.2542 0.6099 0.0906 0.0372
178 0.0286 0.1301 0.0997 0.6924 0.0494
179 0.0698 0.5200 0.2964 0.0804 0.0333
180 0.0759 0.4688 0.3708 0.0490 0.0356
181 0.0208 0.6528 0.2852 0.0077 0.0333
182 0.0745 0.4861 0.2406 0.0173 0.1816
183 0.0340 0.3857 0.3918 0.0630 0.1252
184 0.0206 0.1166 0.5566 0.2842 0.0219
185 0.0432 0.1036 0.0659 0.6055 0.1818
186 0.0353 0.5693 0.1231 0.2264 0.0460
187 0.0309 0.4365 0.1439 0.2449 0.1439
188 0.0579 0.6274 0.1326 0.1082 0.0738
189 0.0505 0.6055 0.1011 0.1655 0.0776
190 0.0793 0.1229 0.7183 0.0580 0.0217
191 0.1017 0.3083 0.3721 0.2087 0.0091
192 0.0626 0.4207 0.1007 0.3176 0.0984
193 0.0788 0.3848 0.0943 0.2485 0.1935
194 0.0289 0.0672 0.1143 0.7690 0.0205
195 0.0978 0.2136 0.1337 0.3308 0.2239
196 0.0794 0.2644 0.1630 0.2446 0.2485
197 0.2825 0.1168 0.0660 0.4731 0.0616
198 0.2241 0.1381 0.1118 0.4744 0.0516
199 0.2184 0.1039 0.1031 0.5239 0.0507
200 0.0313 0.6045 0.1359 0.1653 0.0632
201 0.0325 0.2499 0.2170 0.4668 0.0338
202 0.0500 0.2173 0.4529 0.2241 0.0558
203 0.0605 0.2145 0.3481 0.3220 0.0551
204 0.0457 0.2847 0.2673 0.3486 0.0535
205 0.3716 0.1116 0.1624 0.3281 0.0263
206 0.3093 0.1749 0.1643 0.3345 0.0168
207 0.2996 0.0751 0.1044 0.5020 0.0191
208 0.0786 0.3062 0.3208 0.2920 0.0026
209 0.0868 0.1881 0.1398 0.5791 0.0062
210 0.0720 0.3491 0.2939 0.2761 0.0089
211 0.0263 0.2913 0.2131 0.4585 0.0108
212 0.0049 0.4312 0.0662 0.4888 0.0091
213 0.0080 0.4849 0.0561 0.4414 0.0096
214 0.2240 0.1458 0.0963 0.3992 0.1348
215 0.3477 0.4292 0.1415 0.0195 0.0623
216 0.3311 0.4419 0.1359 0.0212 0.0699
217 0.2922 0.4670 0.1370 0.0234 0.0805
218 0.0704 0.3132 0.0477 0.3550 0.2136
219 0.0497 0.2859 0.2192 0.1616 0.2837
220 0.0247 0.2104 0.4185 0.3159 0.0305
221 0.0449 0.2263 0.3506 0.3345 0.0435
222 0.0273 0.2546 0.4910 0.2047 0.0223
223 0.0277 0.2668 0.4988 0.1984 0.0084
224 0.0255 0.2695 0.3687 0.3152 0.0211
225 0.0714 0.3054 0.0903 0.5195 0.0136
226 0.0277 0.4475 0.2590 0.2358 0.0298
227 0.0266 0.2883 0.2625 0.4004 0.0221
228 0.1787 0.5464 0.1110 0.0781 0.0858
229 0.1499 0.5791 0.1418 0.0464 0.0828
230 0.0350 0.1669 0.2391 0.5303 0.0285
231 0.0167 0.6685 0.0395 0.2703 0.0049
232 0.0042 0.1451 0.0730 0.7725 0.0054
233 0.0074 0.3464 0.0876 0.5537 0.0048
234 0.0059 0.3301 0.0407 0.6167 0.0067
235 0.0414 0.5049 0.2040 0.0979 0.1516
236 0.0104 0.4751 0.0355 0.4751 0.0037
237 0.0195 0.8145 0.0381 0.1211 0.0068
238 0.0370 0.6558 0.0479 0.1251 0.1343
239 0.0393 0.1604 0.1630 0.6147 0.0226
240 0.1138 0.2563 0.2688 0.3293 0.0318
241 0.0432 0.2280 0.1061 0.5918 0.0311
242 0.0605 0.3403 0.1376 0.4236 0.0379
243 0.0192 0.2805 0.0677 0.6226 0.0099
244 0.0451 0.1702 0.1169 0.6323 0.0354
245 0.0564 0.8481 0.0475 0.0246 0.0231
246 0.1998 0.6450 0.1053 0.0111 0.0387
247 0.1412 0.7397 0.0360 0.0383 0.0448
248 0.0130 0.8389 0.0333 0.1135 0.0014
249 0.0214 0.4099 0.1156 0.2998 0.1532
250 0.0070 0.2260 0.0545 0.7070 0.0056
251 0.0343 0.4729 0.1971 0.2695 0.0263
252 0.1434 0.3059 0.1515 0.2786 0.1207
253 0.1246 0.3806 0.1770 0.2102 0.1074
254 0.1379 0.3931 0.2205 0.1857 0.0627
255 0.1205 0.2891 0.1781 0.2891 0.1234
256 0.1099 0.5122 0.1422 0.1974 0.0386
257 0.1493 0.4895 0.1858 0.1359 0.0396
258 0.0972 0.1707 0.6440 0.0851 0.0027
259 0.0175 0.0560 0.7666 0.1533 0.0065
260 0.0600 0.1604 0.3093 0.4570 0.0132
261 0.0533 0.2996 0.2949 0.3447 0.0075
262 0.0536 0.3665 0.2520 0.3135 0.0145
263 0.0640 0.8564 0.0343 0.0089 0.0362
264 0.0517 0.8281 0.0464 0.0600 0.0138
265 0.2000 0.7202 0.0514 0.0239 0.0048
266 0.1790 0.5640 0.0541 0.1519 0.0509
267 0.0942 0.8135 0.0627 0.0236 0.0059
268 0.0145 0.0974 0.0648 0.8149 0.0082
269 0.0270 0.1801 0.3210 0.4670 0.0050
270 0.0737 0.2472 0.3918 0.2632 0.0241
271 0.0258 0.1415 0.1733 0.6392 0.0202
272 0.0850 0.6685 0.1010 0.0727 0.0727
273 0.0483 0.7207 0.0748 0.1293 0.0269
274 0.0394 0.7373 0.1429 0.0665 0.0138
275 0.1121 0.4504 0.0664 0.0203 0.3508
276 0.0179 0.1310 0.1907 0.6553 0.0053
277 0.0028 0.0367 0.0139 0.9458 0.0006
278 0.0081 0.7925 0.0407 0.1561 0.0023
279 0.0430 0.3657 0.1958 0.3716 0.0238
280 0.0378 0.1921 0.4197 0.3269 0.0233
281 0.0621 0.4773 0.1389 0.1274 0.1943
282 0.1197 0.4211 0.1898 0.1284 0.1410
283 0.0757 0.4712 0.0590 0.1816 0.2124
284 0.0236 0.8447 0.0837 0.0140 0.0338
285 0.0243 0.8188 0.0762 0.0651 0.0155
286 0.0050 0.9321 0.0429 0.0172 0.0029
287 0.0192 0.8701 0.0450 0.0597 0.0062
288 0.0617 0.8257 0.0831 0.0182 0.0111
289 0.0122 0.8291 0.0486 0.0796 0.0304
290 0.0817 0.3779 0.1527 0.3232 0.0646
291 0.0045 0.3562 0.0321 0.6060 0.0010
292 0.1215 0.5708 0.0164 0.1882 0.1031
293 0.0905 0.7065 0.0728 0.0948 0.0355
294 0.0876 0.6841 0.0743 0.1091 0.0451
295 0.0363 0.5137 0.1240 0.2352 0.0907
296 0.0065 0.0267 0.1586 0.8052 0.0028
297 0.0349 0.0851 0.6392 0.2279 0.0128
298 0.0144 0.2964 0.5620 0.1216 0.0055
299 0.0433 0.2305 0.4656 0.2378 0.0226
300 0.1085 0.6597 0.0900 0.0663 0.0757
301 0.1351 0.4983 0.0669 0.1351 0.1643
302 0.0442 0.6099 0.1111 0.0965 0.1383
303 0.0568 0.7720 0.1406 0.0183 0.0121
304 0.0695 0.6196 0.2622 0.0270 0.0217
305 0.1316 0.5498 0.1256 0.1049 0.0883
306 0.0682 0.6323 0.1455 0.0616 0.0925
307 0.0701 0.2566 0.2126 0.4099 0.0509
308 0.1008 0.3518 0.1490 0.2917 0.1065
309 0.0686 0.4993 0.1323 0.2590 0.0410
310 0.0660 0.5186 0.0696 0.2864 0.0591
311 0.0758 0.4753 0.0880 0.3022 0.0586
312 0.0651 0.3228 0.0293 0.5488 0.0338
313 0.0335 0.1959 0.0677 0.6943 0.0085
314 0.0305 0.7056 0.1929 0.0636 0.0077
315 0.2815 0.5513 0.0485 0.0572 0.0618
316 0.1013 0.6201 0.0390 0.2161 0.0233
317 0.0654 0.1544 0.0654 0.6812 0.0337
318 0.0413 0.1323 0.0502 0.7378 0.0382
319 0.0175 0.0876 0.0407 0.8184 0.0359
320 0.0845 0.7134 0.0729 0.0886 0.0409
321 0.0708 0.7148 0.1185 0.0506 0.0453
322 0.0337 0.6362 0.0556 0.2303 0.0443
323 0.0760 0.7861 0.0754 0.0465 0.0159
324 0.1093 0.7295 0.0851 0.0412 0.0347
325 0.1017 0.6284 0.0912 0.1218 0.0571
326 0.0170 0.8335 0.0533 0.0886 0.0075
327 0.0217 0.8584 0.0905 0.0244 0.0049
328 0.0841 0.6987 0.0923 0.0640 0.0610
329 0.1294 0.3516 0.0324 0.0351 0.4514
330 0.0927 0.5996 0.0540 0.1208 0.1328
331 0.0349 0.8730 0.0497 0.0270 0.0154
332 0.0484 0.8584 0.0421 0.0325 0.0187
333 0.0705 0.8008 0.0346 0.0580 0.0360
334 0.0825 0.7349 0.0363 0.0745 0.0717
335 0.1083 0.7578 0.0366 0.0421 0.0553
336 0.0245 0.8579 0.0651 0.0398 0.0124
337 0.0200 0.8296 0.0573 0.0895 0.0036
338 0.0136 0.7319 0.1910 0.0630 0.0003
339 0.0175 0.8569 0.1056 0.0189 0.0009
340 0.0327 0.8989 0.0441 0.0215 0.0028
341 0.0078 0.6519 0.1133 0.2217 0.0055
342 0.0596 0.7490 0.0847 0.0410 0.0659
343 0.1266 0.3311 0.1227 0.0780 0.3416
344 0.1552 0.7573 0.0402 0.0259 0.0213
345 0.0412 0.3047 0.2194 0.4229 0.0118
346 0.0570 0.2020 0.4480 0.2634 0.0296
347 0.0428 0.3159 0.1886 0.4319 0.0208
348 0.0355 0.1320 0.2316 0.5820 0.0189
349 0.0145 0.7896 0.1036 0.0820 0.0103
350 0.0975 0.2130 0.3247 0.0475 0.3171
351 0.1085 0.1949 0.2644 0.0288 0.4033
352 0.0932 0.1782 0.2717 0.3955 0.0611
353 0.0711 0.2444 0.4158 0.2333 0.0355
354 0.0306 0.7310 0.1069 0.1250 0.0065
355 0.0134 0.8516 0.0911 0.0424 0.0017
356 0.0387 0.5220 0.2583 0.1694 0.0114
357 0.0645 0.7495 0.0464 0.0388 0.1006
358 0.0667 0.7881 0.0870 0.0162 0.0421
359 0.0383 0.8252 0.0843 0.0289 0.0236
360 0.0512 0.7944 0.0927 0.0257 0.0357
361 0.0396 0.6802 0.1641 0.0751 0.0412
362 0.0475 0.3508 0.3145 0.2161 0.0713
363 0.0678 0.0884 0.2854 0.5088 0.0496
364 0.0977 0.0917 0.2612 0.4658 0.0835
365 0.1477 0.1410 0.2473 0.3435 0.1205
366 0.2037 0.2830 0.2496 0.2310 0.0327
