time exciting_prob fearful_prob tense_prob sad_prob relaxing_prob
0 0.1987 0.2847 0.2512 0.2323 0.0330
1 0.2465 0.1372 0.1667 0.4326 0.0172
2 0.1967 0.1461 0.1289 0.5098 0.0184
3 0.0719 0.6611 0.0258 0.2302 0.0109
4 0.0743 0.5122 0.0213 0.3804 0.0119
5 0.0800 0.1628 0.4712 0.1554 0.1309
6 0.2339 0.0724 0.0742 0.6069 0.0126
7 0.0211 0.0422 0.7363 0.1340 0.0664
8 0.0561 0.1115 0.7158 0.0822 0.0343
9 0.2781 0.0992 0.3152 0.2781 0.0295
10 0.2783 0.1245 0.4380 0.1478 0.0114
11 0.0360 0.0786 0.1422 0.7339 0.0095
12 0.0436 0.0753 0.7144 0.1545 0.0123
13 0.0414 0.1810 0.6519 0.1098 0.0157
14 0.0573 0.0691 0.5103 0.3508 0.0123
15 0.0737 0.0340 0.5366 0.3357 0.0200
16 0.0356 0.0570 0.1810 0.7158 0.0103
17 0.1305 0.1305 0.4734 0.2289 0.0368
18 0.2068 0.0883 0.1913 0.4734 0.0401
19 0.0852 0.0148 0.1146 0.7773 0.0080
20 0.0540 0.1691 0.5371 0.2311 0.0084
21 0.0607 0.0343 0.5625 0.3257 0.0167
22 0.0898 0.1392 0.6538 0.0972 0.0201
23 0.0829 0.0779 0.2961 0.5361 0.0068
24 0.0367 0.0168 0.6509 0.2888 0.0064
25 0.0280 0.0383 0.4277 0.4624 0.0437
26 0.1522 0.0288 0.1925 0.5396 0.0867
27 0.4048 0.3179 0.2201 0.0104 0.0469
28 0.5205 0.1049 0.2070 0.0863 0.0811
29 0.2158 0.4827 0.2125 0.0449 0.0442
30 0.2494 0.6572 0.0548 0.0267 0.0118
31 0.3579 0.4595 0.0941 0.0589 0.0298
32 0.4668 0.2700 0.1552 0.0544 0.0536
33 0.1555 0.0207 0.3616 0.4163 0.0460
34 0.1707 0.4712 0.3140 0.0157 0.0285
35 0.1353 0.5786 0.2301 0.0339 0.0221
36 0.0830 0.6895 0.2070 0.0143 0.0060
37 0.0422 0.0735 0.3733 0.4504 0.0605
38 0.0815 0.6719 0.2181 0.0213 0.0069
39 0.0428 0.6748 0.2406 0.0378 0.0042
40 0.1449 0.4751 0.2927 0.0425 0.0449
41 0.2145 0.0264 0.0937 0.5737 0.0915
42 0.2003 0.3628 0.2825 0.1039 0.0506
43 0.3364 0.3015 0.2539 0.0500 0.0580
44 0.3789 0.3191 0.1965 0.0446 0.0609
45 0.1305 0.2185 0.2720 0.3386 0.0404
46 0.0311 0.0329 0.5737 0.2886 0.0735
47 0.2749 0.0372 0.2524 0.2927 0.1427
48 0.2046 0.4006 0.2754 0.0753 0.0443
49 0.4316 0.1588 0.2384 0.1162 0.0549
50 0.1231 0.1497 0.5063 0.1722 0.0486
51 0.3325 0.1409 0.3950 0.0822 0.0494
52 0.2212 0.0629 0.4539 0.2354 0.0268
53 0.3979 0.2048 0.2322 0.0861 0.0790
54 0.2042 0.1680 0.5728 0.0236 0.0313
55 0.0431 0.1277 0.6387 0.1830 0.0077
56 0.1649 0.2515 0.4626 0.0721 0.0488
57 0.2817 0.4946 0.1556 0.0133 0.0546
58 0.1465 0.5659 0.2018 0.0423 0.0436
59 0.2556 0.1066 0.4282 0.0768 0.1327
60 0.1974 0.2036 0.3518 0.1389 0.1082
61 0.5361 0.2341 0.1560 0.0420 0.0319
62 0.1348 0.0823 0.5166 0.2153 0.0511
63 0.4873 0.2798 0.1130 0.0290 0.0908
64 0.2435 0.3276 0.2717 0.0640 0.0931
65 0.1588 0.0792 0.4705 0.2292 0.0622
66 0.1897 0.0433 0.4844 0.2067 0.0760
67 0.5732 0.2059 0.0813 0.0196 0.1201
68 0.4404 0.2129 0.2529 0.0314 0.0624
69 0.0522 0.1740 0.1635 0.5703 0.0400
70 0.0111 0.1033 0.7998 0.0636 0.0223
71 0.0587 0.3430 0.2935 0.2180 0.0867
72 0.0565 0.3010 0.5122 0.0454 0.0849
73 0.3726 0.1027 0.2296 0.0673 0.2278
74 0.2383 0.2830 0.3257 0.0715 0.0817
75 0.3450 0.1329 0.3291 0.1329 0.0599
76 0.3672 0.0734 0.3396 0.1416 0.0782
77 0.0393 0.1680 0.7300 0.0500 0.0129
78 0.1910 0.5747 0.2164 0.0026 0.0153
79 0.4021 0.3081 0.1959 0.0346 0.0593
80 0.2174 0.4822 0.2261 0.0276 0.0467
81 0.1182 0.5337 0.3186 0.0161 0.0135
82 0.1779 0.5786 0.1213 0.0226 0.0997
83 0.3628 0.4622 0.1304 0.0197 0.0249
84 0.1722 0.5024 0.1532 0.0432 0.1290
85 0.1704 0.0792 0.6382 0.0477 0.0647
86 0.1687 0.7046 0.0939 0.0182 0.0147
87 0.1462 0.7490 0.0747 0.0195 0.0107
88 0.2438 0.3806 0.3206 0.0220 0.0333
89 0.2267 0.1738 0.4370 0.0945 0.0681
90 0.2725 0.4028 0.1932 0.0320 0.0995
91 0.1124 0.2167 0.3252 0.3252 0.0206
92 0.3433 0.4478 0.1334 0.0312 0.0443
93 0.1512 0.5078 0.2805 0.0234 0.0371
94 0.2489 0.4368 0.1632 0.0930 0.0582
95 0.3259 0.5049 0.1083 0.0210 0.0402
96 0.4473 0.3855 0.0645 0.0291 0.0736
97 0.1812 0.3464 0.1057 0.0411 0.3254
98 0.3821 0.4067 0.1373 0.0283 0.0456
99 0.4570 0.4360 0.0717 0.0145 0.0207
100 0.0399 0.0318 0.0233 0.0253 0.8799
101 0.2939 0.3835 0.1573 0.0579 0.1073
102 0.6265 0.1443 0.0868 0.0162 0.1263
103 0.1985 0.6714 0.1038 0.0185 0.0079
104 0.1254 0.6123 0.1896 0.0094 0.0635
105 0.1415 0.4712 0.0832 0.0227 0.2815
106 0.0353 0.0797 0.1006 0.7554 0.0288
107 0.0972 0.3115 0.3643 0.1372 0.0900
108 0.0749 0.0548 0.2235 0.2324 0.4143
109 0.0656 0.0816 0.0732 0.0523 0.7275
110 0.2296 0.1578 0.4126 0.0594 0.1404
111 0.0447 0.1234 0.0174 0.0096 0.8047
112 0.0197 0.0112 0.0238 0.0095 0.9360
113 0.1172 0.0424 0.2922 0.4253 0.1228
114 0.1422 0.4116 0.3689 0.0322 0.0451
115 0.0475 0.0319 0.0302 0.0479 0.8423
116 0.0787 0.0428 0.0227 0.0851 0.7705
117 0.2408 0.0581 0.4226 0.1790 0.0996
118 0.3198 0.4438 0.1851 0.0239 0.0273
119 0.3667 0.4424 0.1577 0.0095 0.0236
120 0.2986 0.5405 0.1284 0.0085 0.0241
121 0.1719 0.6748 0.1267 0.0107 0.0160
122 0.1952 0.6152 0.1416 0.0170 0.0309
123 0.0677 0.1082 0.3774 0.1526 0.2939
124 0.2242 0.5420 0.1627 0.0222 0.0489
125 0.2832 0.4421 0.1772 0.0405 0.0567
126 0.2903 0.1996 0.1761 0.1249 0.2091
127 0.0914 0.8022 0.0958 0.0036 0.0067
128 0.0826 0.7593 0.1427 0.0046 0.0107
129 0.3181 0.2595 0.3547 0.0368 0.0308
130 0.4014 0.1838 0.2512 0.0760 0.0875
131 0.4482 0.2307 0.2456 0.0440 0.0315
132 0.0992 0.0462 0.4736 0.2576 0.1235
133 0.1406 0.1028 0.2585 0.2627 0.2355
134 0.2568 0.3594 0.1071 0.0534 0.2231
135 0.0675 0.6455 0.2568 0.0116 0.0185
136 0.1813 0.1208 0.2365 0.3550 0.1066
137 0.2306 0.1443 0.3276 0.2166 0.0809
138 0.0648 0.5776 0.2485 0.0988 0.0101
139 0.0862 0.0511 0.2477 0.5327 0.0823
140 0.3418 0.2385 0.2461 0.1118 0.0617
141 0.3879 0.2142 0.2466 0.0973 0.0542
142 0.1093 0.5337 0.1760 0.0608 0.1201
143 0.0471 0.0223 0.0423 0.0397 0.8486
144 0.0972 0.1577 0.0428 0.0489 0.6533
145 0.3828 0.2081 0.2339 0.0665 0.1088
146 0.2871 0.2455 0.2695 0.1254 0.0726
147 0.0154 0.0967 0.7852 0.0967 0.0059
148 0.0897 0.0298 0.3279 0.5239 0.0284
149 0.3865 0.3154 0.1526 0.0430 0.1024
150 0.4177 0.2717 0.1912 0.0715 0.0480
151 0.0966 0.0254 0.5474 0.2585 0.0718
152 0.1481 0.6636 0.0662 0.0366 0.0857
153 0.4524 0.3496 0.1588 0.0128 0.0265
154 0.3062 0.5249 0.1208 0.0140 0.0338
155 0.2998 0.3879 0.1555 0.0456 0.1111
156 0.3032 0.3657 0.2253 0.0249 0.0809
157 0.0257 0.1376 0.6772 0.1398 0.0195
158 0.1719 0.4495 0.2058 0.0336 0.1393
159 0.1449 0.5342 0.1681 0.0599 0.0928
160 0.0607 0.0704 0.7744 0.0621 0.0325
161 0.0237 0.0796 0.8691 0.0175 0.0098
162 0.0600 0.0674 0.0474 0.0165 0.8086
163 0.0352 0.0471 0.0304 0.0266 0.8608
164 0.4595 0.3232 0.1327 0.0259 0.0589
165 0.3662 0.1945 0.2007 0.1207 0.1180
166 0.1375 0.2607 0.1487 0.0490 0.4041
167 0.4561 0.2008 0.1327 0.0877 0.1227
168 0.6191 0.1666 0.1288 0.0445 0.0408
169 0.5234 0.2913 0.0828 0.0450 0.0578
170 0.3262 0.5171 0.0576 0.0292 0.0700
171 0.3157 0.4417 0.1503 0.0272 0.0651
172 0.1732 0.2155 0.3667 0.0871 0.1577
173 0.2291 0.2119 0.3035 0.1757 0.0798
174 0.0267 0.0122 0.0101 0.0079 0.9429
175 0.0253 0.0134 0.0156 0.0118 0.9341
176 0.2191 0.1329 0.3020 0.1164 0.2296
177 0.0421 0.0310 0.0102 0.0024 0.9141
178 0.0245 0.0109 0.0084 0.0020 0.9541
179 0.0238 0.0111 0.0043 0.0042 0.9565
180 0.2795 0.1138 0.1384 0.3242 0.1439
181 0.0415 0.0422 0.0262 0.0088 0.8813
182 0.4172 0.1956 0.2114 0.0903 0.0854
183 0.2744 0.2578 0.3442 0.0632 0.0603
184 0.1344 0.0300 0.1753 0.3174 0.3430
185 0.1722 0.1669 0.2952 0.1736 0.1921
186 0.0164 0.0143 0.0093 0.0009 0.9590
187 0.2600 0.4563 0.2260 0.0172 0.0405
188 0.2006 0.5669 0.1514 0.0172 0.0641
189 0.3481 0.1354 0.3049 0.0482 0.1632
190 0.0450 0.0223 0.0198 0.0020 0.9111
191 0.0435 0.0183 0.0120 0.0174 0.9087
192 0.0304 0.0176 0.0110 0.0034 0.9375
193 0.0673 0.0265 0.0234 0.0109 0.8721
194 0.0782 0.0385 0.0505 0.0422 0.7905
195 0.0671 0.0394 0.0394 0.0179 0.8364
196 0.0410 0.0230 0.0201 0.0111 0.9048
197 0.0397 0.0359 0.0426 0.0051 0.8765
198 0.0374 0.0515 0.0592 0.0345 0.8174
199 0.2695 0.0620 0.1560 0.4514 0.0611
