time exciting_prob fearful_prob tense_prob sad_prob relaxing_prob
0 0.2037 0.2830 0.2496 0.2310 0.0327
1 0.3828 0.3540 0.1659 0.0454 0.0518
2 0.1588 0.6689 0.1247 0.0328 0.0148
3 0.2751 0.4036 0.2335 0.0396 0.0482
4 0.5176 0.3315 0.0872 0.0151 0.0489
5 0.1389 0.4417 0.2439 0.0480 0.1276
6 0.6577 0.1562 0.1538 0.0084 0.0236
7 0.3235 0.2991 0.3442 0.0194 0.0139
8 0.4507 0.4202 0.0534 0.0332 0.0426
9 0.5005 0.0368 0.1390 0.2852 0.0383
10 0.5317 0.2737 0.1443 0.0149 0.0353
11 0.5229 0.0681 0.1158 0.2734 0.0197
12 0.3425 0.4397 0.0981 0.0997 0.0201
13 0.1906 0.5259 0.2793 0.0014 0.0026
14 0.3994 0.3364 0.1962 0.0411 0.0270
15 0.3740 0.1910 0.3406 0.0158 0.0784
16 0.4077 0.4805 0.0709 0.0247 0.0163
17 0.1844 0.6904 0.0516 0.0481 0.0253
18 0.2250 0.6611 0.0754 0.0247 0.0136
19 0.4146 0.4482 0.1179 0.0133 0.0061
20 0.2681 0.5044 0.1813 0.0298 0.0163
21 0.2235 0.1912 0.5117 0.0280 0.0458
22 0.1523 0.1987 0.5156 0.1263 0.0071
23 0.1713 0.0737 0.5444 0.1941 0.0168
24 0.5288 0.2347 0.1370 0.0218 0.0774
25 0.2373 0.3733 0.3398 0.0281 0.0212
26 0.2932 0.5698 0.0591 0.0719 0.0059
27 0.3633 0.4282 0.1246 0.0278 0.0562
28 0.3906 0.5298 0.0533 0.0132 0.0130
29 0.1863 0.1544 0.2247 0.3914 0.0432
30 0.1763 0.1221 0.4229 0.2448 0.0339
31 0.1362 0.0463 0.4465 0.3533 0.0176
32 0.0881 0.7856 0.0975 0.0239 0.0048
33 0.2318 0.0654 0.2976 0.3428 0.0624
34 0.1807 0.5024 0.3074 0.0050 0.0045
35 0.4282 0.1412 0.2478 0.1600 0.0227
36 0.2419 0.1742 0.3806 0.1798 0.0236
37 0.1378 0.2595 0.5410 0.0588 0.0026
38 0.1393 0.3315 0.3906 0.1093 0.0294
39 0.1816 0.6245 0.1249 0.0210 0.0481
40 0.2244 0.5640 0.1472 0.0126 0.0517
41 0.1548 0.3601 0.4658 0.0151 0.0041
42 0.2308 0.2290 0.3254 0.1943 0.0202
43 0.4060 0.3555 0.1774 0.0281 0.0333
44 0.2678 0.5161 0.1217 0.0682 0.0259
45 0.1477 0.3459 0.4548 0.0206 0.0309
46 0.0873 0.0302 0.1683 0.6978 0.0167
47 0.1996 0.6855 0.0438 0.0449 0.0260
48 0.2725 0.5679 0.1228 0.0168 0.0202
49 0.1603 0.5679 0.1979 0.0318 0.0421
50 0.3374 0.3564 0.0765 0.0654 0.1644
51 0.2224 0.4563 0.1050 0.1873 0.0289
52 0.5244 0.2186 0.1813 0.0504 0.0251
53 0.2627 0.4067 0.1405 0.1643 0.0258
54 0.2842 0.2734 0.2015 0.1385 0.1022
55 0.4207 0.2590 0.2416 0.0423 0.0365
56 0.3042 0.5132 0.1393 0.0246 0.0187
57 0.1709 0.6978 0.1139 0.0075 0.0101
58 0.2045 0.5601 0.1351 0.0600 0.0403
59 0.3721 0.4524 0.1256 0.0175 0.0325
60 0.0826 0.2334 0.1240 0.5342 0.0260
61 0.0918 0.7163 0.1444 0.0184 0.0291
62 0.1019 0.5728 0.2107 0.0130 0.1019
63 0.2886 0.4399 0.2355 0.0050 0.0309
64 0.4116 0.3157 0.2556 0.0053 0.0118
65 0.4939 0.3447 0.0776 0.0233 0.0604
66 0.5967 0.1722 0.2046 0.0040 0.0224
67 0.4675 0.2351 0.2351 0.0137 0.0485
68 0.0993 0.5894 0.2764 0.0173 0.0177
69 0.2175 0.4980 0.1519 0.0264 0.1060
70 0.1906 0.4680 0.3044 0.0115 0.0254
71 0.5850 0.2917 0.0440 0.0143 0.0651
72 0.6436 0.2123 0.0763 0.0445 0.0233
73 0.3286 0.3901 0.1947 0.0294 0.0571
74 0.2203 0.4521 0.0993 0.1295 0.0986
75 0.1041 0.1266 0.7280 0.0130 0.0282
76 0.0765 0.7197 0.1820 0.0110 0.0107
77 0.1731 0.5459 0.0898 0.1256 0.0657
78 0.4150 0.3928 0.0575 0.0247 0.1099
79 0.3032 0.4177 0.2307 0.0261 0.0223
80 0.2242 0.6909 0.0554 0.0138 0.0157
81 0.4443 0.1648 0.2915 0.0203 0.0790
82 0.4976 0.2191 0.2191 0.0113 0.0529
83 0.2686 0.6343 0.0800 0.0011 0.0163
84 0.0494 0.1429 0.5566 0.1185 0.1322
85 0.0648 0.1630 0.7305 0.0254 0.0164
86 0.2100 0.6025 0.0616 0.0835 0.0423
87 0.2230 0.6108 0.1300 0.0033 0.0329
88 0.1404 0.0279 0.5215 0.2837 0.0264
89 0.3167 0.1086 0.4829 0.0701 0.0216
90 0.2196 0.3535 0.1569 0.2588 0.0112
91 0.2395 0.3174 0.1333 0.1808 0.1292
92 0.1252 0.5439 0.2197 0.1014 0.0100
93 0.1085 0.3503 0.1776 0.3560 0.0076
94 0.2490 0.3430 0.2957 0.0759 0.0362
95 0.1144 0.1392 0.3872 0.0331 0.3262
96 0.0423 0.2915 0.4585 0.0120 0.1957
97 0.2057 0.4707 0.3040 0.0112 0.0085
98 0.1439 0.4907 0.1203 0.2300 0.0149
99 0.0569 0.5605 0.2910 0.0753 0.0162
100 0.0813 0.6753 0.2297 0.0084 0.0053
101 0.4395 0.3142 0.1951 0.0072 0.0442
102 0.2659 0.2808 0.3181 0.1161 0.0190
103 0.1896 0.0307 0.7383 0.0277 0.0138
104 0.1017 0.6035 0.2186 0.0738 0.0022
105 0.1400 0.0280 0.7690 0.0383 0.0249
106 0.1434 0.0473 0.5288 0.2275 0.0528
107 0.1076 0.0500 0.7524 0.0466 0.0431
108 0.2578 0.0774 0.2206 0.4319 0.0123
109 0.1924 0.0314 0.5396 0.1354 0.1014
110 0.0941 0.0693 0.6685 0.0672 0.1009
111 0.2032 0.0967 0.6357 0.0116 0.0526
112 0.2820 0.4436 0.2031 0.0079 0.0634
113 0.3369 0.0800 0.3115 0.2502 0.0214
114 0.1901 0.5542 0.1743 0.0672 0.0142
115 0.3447 0.0512 0.5420 0.0157 0.0463
116 0.1177 0.0186 0.1740 0.6772 0.0124
117 0.3540 0.0400 0.3540 0.2147 0.0373
118 0.2456 0.0939 0.6030 0.0198 0.0377
119 0.4651 0.0615 0.3511 0.0983 0.0241
120 0.3848 0.1449 0.1761 0.2793 0.0150
121 0.1854 0.0343 0.4885 0.2456 0.0461
122 0.1093 0.0632 0.7349 0.0818 0.0107
123 0.7188 0.1044 0.1592 0.0057 0.0121
124 0.6567 0.1572 0.1356 0.0267 0.0236
125 0.4897 0.2313 0.2600 0.0035 0.0154
126 0.7065 0.1553 0.0825 0.0222 0.0333
127 0.3279 0.5322 0.0641 0.0483 0.0276
128 0.2131 0.2472 0.4443 0.0731 0.0223
129 0.1968 0.0293 0.3455 0.3914 0.0370
130 0.6553 0.1682 0.0542 0.0859 0.0364
131 0.2957 0.4993 0.1376 0.0293 0.0382
132 0.1882 0.2871 0.3984 0.0324 0.0939
133 0.1593 0.0169 0.6201 0.1696 0.0342
134 0.1633 0.3799 0.3198 0.0237 0.1132
135 0.0958 0.2563 0.5469 0.0497 0.0517
136 0.5283 0.1624 0.1959 0.0380 0.0755
137 0.0777 0.3245 0.1311 0.3884 0.0783
138 0.5830 0.1807 0.1750 0.0422 0.0190
139 0.4448 0.2917 0.1913 0.0177 0.0544
140 0.2734 0.3945 0.2910 0.0152 0.0258
141 0.1525 0.0875 0.6997 0.0437 0.0168
142 0.1368 0.4417 0.3157 0.0905 0.0152
143 0.1417 0.1593 0.3792 0.1848 0.1351
144 0.1617 0.0559 0.6973 0.0463 0.0390
145 0.2634 0.3835 0.1573 0.0579 0.1378
146 0.4109 0.3030 0.0854 0.1597 0.0410
147 0.1368 0.0330 0.6133 0.1945 0.0225
148 0.2039 0.0257 0.1337 0.3308 0.3059
149 0.0837 0.1041 0.4453 0.3308 0.0360
150 0.2615 0.0583 0.3865 0.0962 0.1974
151 0.1752 0.3003 0.4041 0.0620 0.0587
152 0.3411 0.3032 0.1586 0.1335 0.0636
153 0.3755 0.1210 0.3237 0.0652 0.1145
154 0.1499 0.2048 0.4915 0.0324 0.1214
155 0.2483 0.2107 0.3264 0.1035 0.1110
156 0.3545 0.1099 0.4019 0.1116 0.0221
157 0.2769 0.1859 0.2482 0.1830 0.1060
158 0.1494 0.1437 0.6851 0.0011 0.0205
159 0.2299 0.3369 0.1270 0.1580 0.1483
160 0.1974 0.5039 0.1179 0.1702 0.0105
161 0.2448 0.5264 0.1531 0.0493 0.0266
162 0.5688 0.2245 0.1592 0.0170 0.0306
163 0.4695 0.1912 0.2761 0.0168 0.0465
164 0.4336 0.0796 0.3767 0.0439 0.0660
165 0.1092 0.7012 0.1257 0.0207 0.0434
166 0.4487 0.3635 0.1527 0.0223 0.0128
167 0.0399 0.0123 0.9360 0.0113 0.0006
168 0.4006 0.2908 0.2566 0.0277 0.0241
169 0.2343 0.5796 0.0947 0.0784 0.0129
170 0.4177 0.2020 0.3103 0.0454 0.0245
171 0.2463 0.3164 0.4258 0.0065 0.0050
172 0.3906 0.1085 0.4602 0.0136 0.0270
173 0.2056 0.0986 0.6636 0.0164 0.0156
174 0.0498 0.0108 0.0316 0.8965 0.0111
175 0.4080 0.5156 0.0597 0.0060 0.0105
176 0.2957 0.3916 0.2935 0.0116 0.0078
177 0.2057 0.5254 0.2405 0.0105 0.0180
178 0.4399 0.2566 0.2391 0.0015 0.0629
179 0.0768 0.5166 0.2988 0.0540 0.0540
180 0.4014 0.1323 0.1781 0.2493 0.0388
181 0.2191 0.0935 0.6802 0.0013 0.0057
182 0.2983 0.4141 0.2434 0.0235 0.0208
183 0.1622 0.5488 0.2593 0.0098 0.0200
184 0.2546 0.4504 0.1644 0.0307 0.0997
185 0.2059 0.5137 0.2280 0.0074 0.0449
186 0.3318 0.4717 0.1708 0.0103 0.0155
187 0.4111 0.1031 0.3152 0.1304 0.0404
188 0.4607 0.1299 0.3909 0.0027 0.0158
189 0.4736 0.0897 0.3604 0.0389 0.0377
190 0.2915 0.0171 0.0245 0.6367 0.0305
191 0.0568 0.8345 0.0741 0.0326 0.0018
192 0.2632 0.6519 0.0583 0.0208 0.0060
193 0.2396 0.0784 0.6616 0.0066 0.0137
194 0.1316 0.1613 0.6787 0.0125 0.0157
195 0.3340 0.0533 0.5132 0.0580 0.0415
196 0.3513 0.4336 0.1431 0.0518 0.0203
197 0.2151 0.5039 0.1324 0.1335 0.0151
198 0.2913 0.2491 0.4407 0.0070 0.0120
199 0.1224 0.2825 0.5796 0.0116 0.0038
200 0.1831 0.5176 0.1616 0.0921 0.0456
201 0.1433 0.5669 0.2595 0.0132 0.0172
202 0.4919 0.1674 0.3008 0.0110 0.0289
203 0.5225 0.0922 0.2213 0.1556 0.0082
204 0.1960 0.0652 0.6841 0.0484 0.0061
205 0.0735 0.3733 0.5020 0.0361 0.0150
206 0.1155 0.2043 0.0701 0.6006 0.0096
207 0.2411 0.6255 0.0724 0.0526 0.0086
208 0.2469 0.4268 0.0873 0.2031 0.0359
209 0.2864 0.4233 0.0789 0.1835 0.0277
210 0.0578 0.0828 0.3076 0.5396 0.0121
211 0.2974 0.5020 0.1259 0.0034 0.0717
212 0.2471 0.5654 0.0867 0.0103 0.0902
213 0.2339 0.6211 0.1194 0.0032 0.0226
214 0.1050 0.3872 0.4387 0.0668 0.0024
215 0.2129 0.1130 0.4797 0.1793 0.0151
216 0.1754 0.0401 0.4768 0.2288 0.0790
217 0.1697 0.0659 0.2754 0.4685 0.0206
218 0.2030 0.2820 0.2449 0.2373 0.0329
219 0.2030 0.2820 0.2449 0.2373 0.0329
