time exciting_prob fearful_prob tense_prob sad_prob relaxing_prob
0 0.2037 0.2830 0.2496 0.2310 0.0327
1 0.2037 0.2830 0.2496 0.2310 0.0327
2 0.4316 0.4456 0.0739 0.0374 0.0115
3 0.4041 0.3171 0.0640 0.1793 0.0353
4 0.2172 0.5171 0.0971 0.1565 0.0123
5 0.0840 0.7725 0.0670 0.0547 0.0219
6 0.1671 0.1282 0.1014 0.5146 0.0887
7 0.4463 0.2583 0.0442 0.2092 0.0418
8 0.3281 0.4021 0.1855 0.0750 0.0094
9 0.1317 0.4250 0.1915 0.0346 0.2170
10 0.1119 0.0378 0.0609 0.6343 0.1554
11 0.2737 0.0543 0.0305 0.5615 0.0797
12 0.2285 0.5151 0.2032 0.0394 0.0136
13 0.2065 0.1523 0.1063 0.5273 0.0075
14 0.2820 0.4299 0.0894 0.1849 0.0137
15 0.1219 0.7295 0.0878 0.0274 0.0331
16 0.1320 0.0568 0.0922 0.6299 0.0893
17 0.4680 0.1310 0.1555 0.2177 0.0277
18 0.5239 0.1225 0.1234 0.2051 0.0253
19 0.5752 0.2218 0.0676 0.0969 0.0382
20 0.3789 0.1847 0.1495 0.1818 0.1052
21 0.7534 0.0542 0.0928 0.0669 0.0326
22 0.3562 0.1321 0.2905 0.0246 0.1967
23 0.4429 0.1846 0.0334 0.3188 0.0204
24 0.4026 0.1692 0.3552 0.0336 0.0392
25 0.6499 0.0826 0.1982 0.0381 0.0309
26 0.2155 0.6089 0.0705 0.0399 0.0652
27 0.0948 0.5454 0.1316 0.1538 0.0744
28 0.3757 0.2296 0.0412 0.3115 0.0421
29 0.2175 0.0493 0.0643 0.6294 0.0396
30 0.3853 0.1777 0.2030 0.2095 0.0246
31 0.4724 0.1954 0.2588 0.0332 0.0400
32 0.1844 0.6436 0.0360 0.1200 0.0159
33 0.0923 0.3455 0.3481 0.1046 0.1096
34 0.2527 0.0326 0.0649 0.6353 0.0147
35 0.1620 0.2610 0.0686 0.4836 0.0248
36 0.1299 0.6494 0.1240 0.0390 0.0576
37 0.5015 0.2108 0.0879 0.1604 0.0393
38 0.0566 0.6284 0.2500 0.0289 0.0360
39 0.4783 0.2993 0.0695 0.1371 0.0160
40 0.2585 0.4500 0.2142 0.0196 0.0577
41 0.2944 0.4319 0.1786 0.0673 0.0278
42 0.1099 0.1082 0.1729 0.5942 0.0150
43 0.3364 0.1328 0.0399 0.4600 0.0308
44 0.2373 0.1166 0.1877 0.4165 0.0419
45 0.2620 0.6045 0.0858 0.0101 0.0378
46 0.2344 0.6079 0.0918 0.0089 0.0570
47 0.1497 0.3269 0.1833 0.2839 0.0563
48 0.2488 0.5186 0.0538 0.1281 0.0509
49 0.3274 0.0494 0.3889 0.1344 0.0999
50 0.2524 0.1506 0.0406 0.4941 0.0623
51 0.1591 0.3528 0.3188 0.1219 0.0474
52 0.1528 0.5464 0.1902 0.0837 0.0270
53 0.3860 0.0601 0.1224 0.3860 0.0454
54 0.2559 0.1067 0.0844 0.5088 0.0441
55 0.2649 0.3147 0.0815 0.2712 0.0675
56 0.5073 0.3684 0.0651 0.0398 0.0192
57 0.0766 0.5234 0.2341 0.1115 0.0543
58 0.1172 0.4421 0.2295 0.1653 0.0459
59 0.2108 0.0879 0.1667 0.5137 0.0207
60 0.2664 0.3967 0.2971 0.0164 0.0233
61 0.2900 0.2620 0.3696 0.0706 0.0077
62 0.1237 0.0528 0.2137 0.2461 0.3635
63 0.2284 0.2338 0.2798 0.2213 0.0367
64 0.2976 0.4165 0.1791 0.0591 0.0478
65 0.2651 0.4841 0.0968 0.0692 0.0848
66 0.3726 0.4092 0.1042 0.0524 0.0618
67 0.4187 0.3186 0.1118 0.1248 0.0262
68 0.1460 0.1790 0.4226 0.0819 0.1707
69 0.3486 0.4690 0.0822 0.0443 0.0560
70 0.2437 0.0749 0.0491 0.6030 0.0291
71 0.2871 0.0855 0.0570 0.5200 0.0507
72 0.1968 0.5562 0.0680 0.0894 0.0894
73 0.0914 0.3240 0.0226 0.5513 0.0111
74 0.1262 0.3796 0.1343 0.3352 0.0247
75 0.1588 0.5630 0.1042 0.1614 0.0124
76 0.3252 0.3772 0.0561 0.2324 0.0092
77 0.4192 0.4192 0.0445 0.0865 0.0306
78 0.0967 0.0282 0.0370 0.8096 0.0284
79 0.1091 0.0363 0.0341 0.8066 0.0141
80 0.4487 0.2637 0.0830 0.1390 0.0657
81 0.1941 0.0298 0.0931 0.6567 0.0263
82 0.3213 0.3699 0.1360 0.1483 0.0246
83 0.1899 0.0856 0.0236 0.6841 0.0167
84 0.3811 0.5049 0.0905 0.0180 0.0057
85 0.4175 0.3250 0.1465 0.0413 0.0698
86 0.2358 0.2358 0.4690 0.0423 0.0171
87 0.2532 0.5156 0.1234 0.0862 0.0216
88 0.1415 0.2522 0.2332 0.3557 0.0176
89 0.1598 0.4209 0.1868 0.0243 0.2084
90 0.2783 0.3987 0.1356 0.0263 0.1611
91 0.0183 0.6519 0.0661 0.2593 0.0044
92 0.1405 0.4397 0.0439 0.2585 0.1174
93 0.3960 0.0830 0.4021 0.0626 0.0562
94 0.0956 0.4973 0.0496 0.2224 0.1349
95 0.2076 0.4500 0.0235 0.1495 0.1694
96 0.4585 0.3328 0.0939 0.0854 0.0295
97 0.2991 0.4929 0.1066 0.0170 0.0844
98 0.1666 0.6802 0.1307 0.0111 0.0115
99 0.5479 0.2932 0.0403 0.0916 0.0269
100 0.2135 0.0285 0.1025 0.6177 0.0377
101 0.2094 0.0659 0.1394 0.5688 0.0164
102 0.1236 0.0462 0.0495 0.7222 0.0584
103 0.0636 0.0656 0.0455 0.0320 0.7935
104 0.1136 0.4675 0.0412 0.0711 0.3066
105 0.1868 0.1197 0.0251 0.0164 0.6519
106 0.2379 0.1345 0.0362 0.0253 0.5664
107 0.3528 0.1339 0.2834 0.1919 0.0378
108 0.5293 0.1887 0.2294 0.0346 0.0181
109 0.2290 0.1305 0.5122 0.1116 0.0168
110 0.0945 0.0293 0.1157 0.7549 0.0058
111 0.1320 0.1919 0.3020 0.3643 0.0101
112 0.0643 0.0825 0.0074 0.0628 0.7832
113 0.3308 0.3181 0.0919 0.2239 0.0352
114 0.1781 0.4583 0.0917 0.1809 0.0909
115 0.1416 0.4790 0.2485 0.0572 0.0735
116 0.1801 0.0898 0.0898 0.6089 0.0313
117 0.0880 0.1792 0.0394 0.1417 0.5518
118 0.1044 0.6646 0.0826 0.0879 0.0604
119 0.1387 0.0772 0.0269 0.0307 0.7266
120 0.0652 0.3232 0.0421 0.2087 0.3606
121 0.3145 0.2468 0.2212 0.1417 0.0759
122 0.0669 0.4131 0.1012 0.3425 0.0764
123 0.1945 0.5669 0.0699 0.1490 0.0197
124 0.0787 0.0618 0.0068 0.0390 0.8140
125 0.2133 0.2612 0.0370 0.0300 0.4585
126 0.1952 0.4944 0.1461 0.1461 0.0180
127 0.3943 0.1321 0.0165 0.0204 0.4365
128 0.2250 0.0565 0.0084 0.0171 0.6929
129 0.4155 0.2661 0.1470 0.1136 0.0576
130 0.7803 0.1196 0.0356 0.0465 0.0179
131 0.3286 0.4856 0.0739 0.0315 0.0805
132 0.2881 0.2542 0.0832 0.1182 0.2563
133 0.2649 0.1893 0.1619 0.3296 0.0542
134 0.1561 0.3657 0.3252 0.0074 0.1455
135 0.2375 0.2163 0.2233 0.3052 0.0178
136 0.0670 0.4297 0.0789 0.4067 0.0177
137 0.6743 0.1414 0.1653 0.0074 0.0114
138 0.1714 0.1234 0.1536 0.5034 0.0479
139 0.1553 0.4973 0.2922 0.0445 0.0107
140 0.2781 0.4307 0.0385 0.1465 0.1063
141 0.4570 0.1847 0.2524 0.0852 0.0207
142 0.2117 0.3103 0.0345 0.0157 0.4277
143 0.3457 0.1510 0.0578 0.0350 0.4104
144 0.4219 0.1287 0.3235 0.0941 0.0320
145 0.2253 0.3179 0.2307 0.0519 0.1742
146 0.1315 0.3032 0.1197 0.3464 0.0992
147 0.2695 0.2034 0.0329 0.0359 0.4583
148 0.1170 0.6528 0.1400 0.0786 0.0118
149 0.5063 0.0814 0.1165 0.2391 0.0568
150 0.4377 0.2133 0.2573 0.0588 0.0330
151 0.2474 0.4111 0.0896 0.2343 0.0176
152 0.3049 0.3049 0.2820 0.0814 0.0266
153 0.4446 0.1335 0.1294 0.2554 0.0371
154 0.5098 0.1094 0.1506 0.1694 0.0609
155 0.1703 0.3870 0.3606 0.0721 0.0100
156 0.5205 0.0773 0.0274 0.3494 0.0257
157 0.4004 0.3589 0.0989 0.1221 0.0195
158 0.2678 0.4148 0.2419 0.0291 0.0465
159 0.3325 0.1836 0.0841 0.3799 0.0200
160 0.1857 0.2578 0.1337 0.4119 0.0110
161 0.2852 0.4348 0.1526 0.0767 0.0507
162 0.2778 0.1895 0.2734 0.2080 0.0514
163 0.1671 0.2910 0.0297 0.0400 0.4722
164 0.2717 0.5840 0.0969 0.0385 0.0089
165 0.3528 0.2207 0.2140 0.1666 0.0459
166 0.0890 0.1650 0.0469 0.0259 0.6733
167 0.3027 0.3003 0.0634 0.2231 0.1105
168 0.0712 0.5386 0.0996 0.0696 0.2211
169 0.1292 0.6768 0.1312 0.0433 0.0197
170 0.4065 0.1394 0.2974 0.1146 0.0422
171 0.1276 0.0566 0.1058 0.6479 0.0622
172 0.2703 0.0964 0.1181 0.4187 0.0964
173 0.2216 0.1063 0.2844 0.2510 0.1365
174 0.0566 0.7349 0.1381 0.0325 0.0380
175 0.1713 0.0720 0.0565 0.6265 0.0737
176 0.1023 0.0626 0.0917 0.7212 0.0221
177 0.1912 0.1714 0.2183 0.3684 0.0507
178 0.1541 0.2190 0.1101 0.4897 0.0270
179 0.2292 0.0699 0.0891 0.5010 0.1109
180 0.1456 0.0289 0.0616 0.7109 0.0527
181 0.1453 0.5068 0.1558 0.1442 0.0479
182 0.2426 0.2664 0.0576 0.1628 0.2705
183 0.2424 0.4124 0.0537 0.0689 0.2225
184 0.4119 0.1716 0.1562 0.2328 0.0274
185 0.0907 0.1776 0.0758 0.6499 0.0062
186 0.2252 0.2593 0.0295 0.3831 0.1031
187 0.1820 0.5435 0.0264 0.2095 0.0388
188 0.0698 0.8311 0.0305 0.0499 0.0188
189 0.2037 0.2830 0.2496 0.2310 0.0327
