time exciting_prob fearful_prob tense_prob sad_prob relaxing_prob
0 0.2037 0.2830 0.2496 0.2310 0.0327
1 0.1327 0.0544 0.4023 0.2988 0.1117
2 0.0738 0.0584 0.3577 0.4592 0.0508
3 0.0645 0.1205 0.4209 0.3542 0.0398
4 0.0715 0.1400 0.4248 0.3257 0.0380
5 0.1703 0.4351 0.2365 0.1552 0.0030
6 0.1428 0.6206 0.1779 0.0568 0.0019
7 0.1873 0.4709 0.2123 0.1267 0.0029
8 0.1636 0.0382 0.1089 0.6777 0.0113
9 0.1547 0.1547 0.0881 0.5928 0.0097
10 0.1169 0.1000 0.1226 0.6523 0.0081
11 0.1528 0.1759 0.1066 0.5503 0.0145
12 0.3669 0.0806 0.2058 0.2947 0.0520
13 0.3369 0.2371 0.2974 0.0663 0.0623
14 0.4385 0.2499 0.1992 0.0580 0.0545
15 0.4163 0.2646 0.2076 0.0663 0.0453
16 0.4265 0.2839 0.2178 0.0145 0.0573
17 0.4907 0.2754 0.1863 0.0182 0.0295
18 0.5029 0.2450 0.2031 0.0239 0.0252
19 0.5029 0.2690 0.1632 0.0208 0.0443
20 0.0393 0.4036 0.4866 0.0555 0.0150
21 0.0593 0.4146 0.4626 0.0462 0.0174
22 0.0563 0.3142 0.5601 0.0648 0.0044
23 0.1666 0.6392 0.0865 0.0787 0.0292
24 0.1820 0.3455 0.2411 0.2030 0.0284
25 0.2196 0.3323 0.2588 0.0542 0.1353
26 0.0526 0.1223 0.2507 0.5396 0.0350
27 0.0884 0.1704 0.3901 0.3232 0.0278
28 0.0460 0.2000 0.3000 0.4368 0.0172
29 0.1582 0.2690 0.2932 0.2000 0.0795
30 0.0403 0.7910 0.0930 0.0707 0.0051
31 0.0429 0.7485 0.1451 0.0577 0.0057
32 0.0378 0.5215 0.2208 0.1615 0.0585
33 0.0973 0.1416 0.3345 0.1174 0.3093
34 0.0958 0.4829 0.1520 0.0801 0.1891
35 0.0491 0.5156 0.2084 0.1622 0.0646
36 0.1001 0.1033 0.3550 0.0756 0.3662
37 0.0679 0.0746 0.3728 0.0690 0.4158
38 0.1584 0.0531 0.2737 0.0703 0.4443
39 0.2032 0.1055 0.1794 0.0881 0.4236
40 0.1200 0.1947 0.1802 0.1298 0.3755
41 0.0886 0.2505 0.3533 0.2585 0.0490
42 0.1323 0.4272 0.2959 0.1224 0.0221
43 0.1141 0.1196 0.2200 0.4375 0.1089
44 0.1791 0.6250 0.1351 0.0482 0.0128
45 0.0903 0.6465 0.1234 0.0992 0.0404
46 0.1009 0.2007 0.3750 0.3013 0.0222
47 0.0454 0.0714 0.1294 0.1741 0.5796
48 0.1200 0.0226 0.1059 0.1517 0.6001
49 0.1139 0.0735 0.3455 0.1937 0.2732
50 0.0649 0.0859 0.1937 0.5874 0.0680
51 0.1361 0.0813 0.3938 0.2245 0.1642
52 0.0676 0.2358 0.3123 0.3123 0.0719
53 0.0682 0.1688 0.1943 0.5122 0.0565
54 0.0786 0.1338 0.1829 0.5127 0.0919
55 0.1517 0.4531 0.2242 0.1566 0.0143
56 0.1616 0.5688 0.1240 0.1146 0.0311
57 0.1248 0.2686 0.4426 0.0872 0.0769
58 0.0817 0.4666 0.3013 0.0986 0.0519
59 0.0408 0.4666 0.4316 0.0408 0.0203
60 0.0236 0.3203 0.3923 0.2455 0.0184
61 0.2170 0.2103 0.3062 0.0948 0.1718
62 0.2214 0.4072 0.1985 0.0847 0.0881
63 0.2418 0.0641 0.4050 0.0823 0.2068
64 0.0931 0.0821 0.4875 0.2267 0.1105
65 0.0471 0.6021 0.2888 0.0494 0.0128
66 0.0383 0.4626 0.4346 0.0458 0.0185
67 0.0284 0.4412 0.3955 0.0797 0.0552
68 0.0325 0.1083 0.4490 0.3840 0.0259
69 0.0789 0.1301 0.3120 0.4070 0.0718
70 0.0605 0.1342 0.2710 0.3425 0.1921
71 0.0424 0.0883 0.3777 0.4346 0.0570
72 0.0619 0.1936 0.5781 0.1310 0.0353
73 0.0750 0.3467 0.2039 0.3467 0.0276
74 0.1231 0.1907 0.2264 0.3347 0.1250
75 0.1007 0.2654 0.1714 0.2654 0.1973
76 0.1630 0.1193 0.4363 0.1763 0.1052
77 0.1445 0.4854 0.2681 0.0571 0.0451
78 0.1670 0.4575 0.2338 0.1113 0.0304
79 0.1168 0.2847 0.3655 0.2019 0.0310
80 0.0363 0.0844 0.7764 0.0438 0.0590
81 0.2306 0.3357 0.2825 0.0910 0.0602
82 0.1896 0.4478 0.1387 0.1597 0.0645
83 0.1680 0.5054 0.1775 0.0858 0.0633
84 0.2074 0.4028 0.1680 0.1541 0.0679
85 0.1455 0.1099 0.3833 0.2986 0.0626
86 0.2329 0.1626 0.2810 0.2366 0.0870
87 0.0684 0.4155 0.1993 0.2766 0.0402
88 0.0583 0.2452 0.3250 0.3569 0.0147
89 0.0782 0.0758 0.3911 0.3674 0.0873
90 0.1334 0.3542 0.1781 0.2891 0.0450
91 0.0803 0.1262 0.1970 0.5112 0.0854
92 0.1294 0.2325 0.3833 0.2236 0.0312
93 0.0605 0.5693 0.2487 0.0959 0.0256
94 0.0640 0.2532 0.3516 0.3152 0.0158
95 0.1077 0.1405 0.5557 0.0813 0.1147
96 0.1346 0.1082 0.4851 0.2401 0.0320
97 0.1161 0.4453 0.3870 0.0242 0.0274
98 0.1147 0.4131 0.4197 0.0144 0.0381
99 0.0208 0.7124 0.2581 0.0041 0.0049
100 0.0725 0.3921 0.3101 0.2131 0.0121
101 0.0857 0.3389 0.4421 0.1034 0.0298
102 0.1100 0.3037 0.5083 0.0589 0.0191
103 0.0682 0.1840 0.1169 0.0185 0.6123
104 0.1242 0.2047 0.3074 0.0967 0.2671
105 0.0473 0.6528 0.2681 0.0137 0.0181
106 0.0786 0.6479 0.2422 0.0197 0.0112
107 0.0803 0.4619 0.2434 0.1014 0.1132
108 0.0303 0.4177 0.5039 0.0371 0.0110
109 0.0441 0.4319 0.3694 0.1181 0.0363
110 0.0802 0.2935 0.4763 0.1131 0.0370
111 0.0580 0.3667 0.4709 0.0972 0.0072
112 0.0638 0.3398 0.3245 0.2487 0.0231
113 0.0961 0.3125 0.1986 0.2715 0.1214
114 0.0769 0.3528 0.1859 0.2622 0.1219
115 0.1086 0.0820 0.1967 0.5024 0.1104
116 0.1664 0.2311 0.3013 0.1412 0.1600
117 0.1322 0.2712 0.4990 0.0248 0.0724
118 0.2061 0.1351 0.5430 0.0266 0.0893
119 0.2317 0.1260 0.5220 0.0258 0.0944
120 0.1832 0.2708 0.4463 0.0046 0.0950
121 0.2251 0.1186 0.4204 0.0142 0.2216
122 0.2354 0.0839 0.4397 0.0199 0.2211
123 0.1539 0.0905 0.5811 0.0182 0.1564
124 0.1879 0.1487 0.2214 0.0087 0.4333
125 0.1451 0.3220 0.3123 0.0027 0.2179
126 0.1260 0.1362 0.4756 0.0195 0.2428
127 0.2500 0.1528 0.0837 0.0608 0.4526
128 0.1860 0.2280 0.1721 0.1472 0.2666
129 0.1351 0.5430 0.2335 0.0396 0.0490
130 0.0718 0.1765 0.2732 0.4233 0.0551
131 0.1812 0.4451 0.2556 0.0158 0.1024
132 0.1157 0.6157 0.1849 0.0568 0.0268
133 0.2156 0.1873 0.2241 0.0689 0.3040
134 0.3647 0.2014 0.2410 0.0680 0.1250
135 0.3862 0.0803 0.2573 0.0896 0.1868
136 0.1166 0.2487 0.4575 0.1417 0.0356
137 0.1787 0.3086 0.3667 0.1228 0.0233
138 0.3669 0.2157 0.2483 0.1093 0.0599
139 0.3425 0.2883 0.2605 0.0446 0.0638
140 0.3079 0.2759 0.2983 0.0423 0.0754
141 0.3076 0.4478 0.1781 0.0307 0.0359
142 0.2268 0.1909 0.3513 0.1409 0.0902
143 0.2330 0.4026 0.2810 0.0338 0.0496
144 0.1923 0.4070 0.2798 0.0479 0.0730
145 0.2886 0.3884 0.1545 0.0509 0.1176
146 0.1207 0.3179 0.2477 0.2152 0.0985
147 0.1761 0.2245 0.2729 0.2446 0.0819
148 0.1461 0.3093 0.3118 0.0795 0.1532
149 0.2573 0.3010 0.2534 0.0588 0.1294
150 0.0892 0.4124 0.3696 0.0762 0.0528
151 0.1065 0.1561 0.4661 0.1688 0.1024
152 0.2698 0.2253 0.2615 0.1586 0.0849
153 0.1111 0.2013 0.3069 0.1012 0.2795
154 0.0576 0.3582 0.4971 0.0652 0.0220
155 0.5386 0.2390 0.0425 0.0997 0.0801
156 0.0890 0.2496 0.5200 0.1315 0.0097
157 0.0383 0.3259 0.4058 0.2206 0.0093
158 0.1464 0.1533 0.3916 0.2776 0.0312
159 0.1230 0.2996 0.3091 0.2603 0.0079
160 0.1081 0.2554 0.4343 0.1838 0.0185
161 0.0547 0.5884 0.1215 0.2305 0.0048
162 0.0686 0.4473 0.2015 0.2671 0.0157
163 0.2056 0.1931 0.3901 0.1412 0.0699
164 0.1556 0.3911 0.3345 0.0723 0.0464
165 0.0945 0.4690 0.2756 0.1243 0.0367
166 0.0824 0.4524 0.3635 0.0305 0.0710
167 0.1693 0.4062 0.3164 0.0764 0.0316
168 0.0750 0.2578 0.2039 0.4119 0.0515
169 0.0780 0.3899 0.4150 0.1033 0.0139
170 0.0987 0.4424 0.2812 0.1732 0.0043
171 0.0880 0.1520 0.3167 0.4197 0.0237
172 0.1021 0.3762 0.4197 0.0853 0.0165
173 0.0660 0.2822 0.3513 0.2822 0.0181
174 0.1743 0.1991 0.4854 0.0627 0.0786
175 0.1395 0.1709 0.2410 0.0753 0.3733
176 0.0922 0.6865 0.1250 0.0409 0.0555
177 0.1136 0.2542 0.1003 0.0184 0.5137
178 0.0717 0.4746 0.2539 0.1200 0.0799
179 0.0117 0.5503 0.0733 0.3235 0.0414
180 0.0624 0.1985 0.2712 0.2756 0.1924
181 0.0627 0.3442 0.4219 0.1458 0.0253
182 0.1295 0.3413 0.2310 0.2576 0.0407
183 0.3149 0.4954 0.1312 0.0436 0.0147
184 0.1564 0.1744 0.2876 0.1317 0.2499
185 0.0822 0.2305 0.2166 0.4307 0.0401
186 0.1289 0.5688 0.1484 0.1351 0.0184
187 0.1406 0.2585 0.4331 0.0664 0.1013
188 0.0155 0.3123 0.1570 0.5068 0.0087
189 0.0729 0.2013 0.4980 0.2045 0.0233
190 0.0692 0.1660 0.4443 0.1740 0.1465
191 0.0646 0.2456 0.2917 0.2344 0.1637
192 0.0427 0.0948 0.5044 0.3208 0.0371
193 0.0299 0.0603 0.7461 0.0812 0.0825
194 0.2163 0.1088 0.3025 0.1385 0.2339
195 0.1086 0.1763 0.4717 0.1997 0.0435
196 0.2179 0.1311 0.3884 0.2015 0.0610
197 0.1013 0.1631 0.3882 0.2177 0.1300
198 0.1218 0.0575 0.4456 0.3110 0.0642
199 0.0701 0.0581 0.5688 0.2484 0.0546
200 0.1420 0.1115 0.1442 0.4993 0.1030
201 0.0091 0.1104 0.0385 0.0266 0.8154
202 0.0431 0.0745 0.0455 0.0668 0.7700
203 0.0362 0.2510 0.1204 0.2214 0.3708
204 0.0430 0.2134 0.1235 0.2456 0.3745
205 0.1038 0.2734 0.1510 0.2866 0.1851
206 0.0865 0.7129 0.1578 0.0260 0.0166
207 0.0993 0.2830 0.2203 0.3867 0.0107
208 0.0463 0.5459 0.2139 0.1858 0.0080
209 0.1018 0.6533 0.1414 0.0934 0.0099
210 0.2842 0.3945 0.0894 0.2014 0.0307
211 0.3823 0.1710 0.2301 0.0997 0.1166
212 0.1348 0.5249 0.2188 0.1153 0.0064
213 0.1636 0.5620 0.1048 0.1525 0.0171
214 0.3093 0.2605 0.2194 0.1230 0.0880
215 0.0522 0.7261 0.1475 0.0719 0.0024
216 0.3069 0.3242 0.1240 0.1736 0.0712
217 0.1195 0.3406 0.1559 0.3740 0.0102
218 0.0671 0.5034 0.1512 0.2737 0.0044
219 0.4131 0.3071 0.0846 0.0915 0.1036
220 0.1467 0.2964 0.2534 0.2964 0.0071
221 0.0892 0.6006 0.1542 0.1542 0.0020
222 0.1184 0.3762 0.2283 0.2710 0.0059
223 0.1191 0.5864 0.1288 0.1628 0.0028
224 0.0612 0.6680 0.1316 0.1379 0.0012
225 0.0815 0.6211 0.1453 0.1476 0.0045
226 0.0674 0.5913 0.1642 0.1747 0.0027
227 0.0429 0.7319 0.1122 0.1105 0.0021
228 0.0390 0.7241 0.0906 0.1448 0.0014
229 0.0322 0.8301 0.0834 0.0530 0.0014
230 0.0298 0.6465 0.2915 0.0312 0.0010
231 0.2037 0.2830 0.2496 0.2310 0.0327
