time exciting_prob fearful_prob tense_prob sad_prob relaxing_prob
0 0.2037 0.2830 0.2496 0.2310 0.0327
1 0.0567 0.0831 0.5903 0.0657 0.2041
2 0.1564 0.2384 0.4971 0.0594 0.0488
3 0.1682 0.1342 0.5781 0.0297 0.0900
4 0.1058 0.1190 0.5127 0.0756 0.1871
5 0.0471 0.0629 0.0692 0.3098 0.5107
6 0.0378 0.0900 0.0757 0.2949 0.5015
7 0.0463 0.1067 0.0858 0.1843 0.5767
8 0.0398 0.0797 0.7388 0.0447 0.0969
9 0.1078 0.0665 0.5225 0.0361 0.2668
10 0.0606 0.1081 0.6519 0.0458 0.1335
11 0.0976 0.6367 0.1714 0.0161 0.0784
12 0.1283 0.3225 0.2717 0.0626 0.2148
13 0.0897 0.1346 0.5205 0.1400 0.1152
14 0.1904 0.0980 0.5776 0.0576 0.0764
15 0.0578 0.0975 0.4912 0.2048 0.1487
16 0.1212 0.0997 0.4504 0.0659 0.2627
17 0.0903 0.0671 0.6670 0.0552 0.1205
18 0.4792 0.2061 0.1580 0.0490 0.1078
19 0.4092 0.1948 0.2642 0.0668 0.0648
20 0.1249 0.0701 0.5059 0.0390 0.2603
21 0.1571 0.0841 0.4878 0.0388 0.2322
22 0.0629 0.0591 0.5649 0.0266 0.2864
23 0.0423 0.0621 0.7925 0.0398 0.0635
24 0.0438 0.1109 0.8193 0.0061 0.0200
25 0.0430 0.0322 0.0195 0.1715 0.7334
26 0.3147 0.3003 0.1149 0.2339 0.0362
27 0.1389 0.3384 0.1898 0.2874 0.0454
28 0.0756 0.0798 0.1901 0.6230 0.0315
29 0.0793 0.1874 0.2224 0.4709 0.0399
30 0.0511 0.0693 0.0477 0.2087 0.6230
31 0.1655 0.1211 0.1094 0.5913 0.0125
32 0.0661 0.1854 0.0687 0.6372 0.0427
33 0.0640 0.1821 0.3074 0.3223 0.1242
34 0.0349 0.0688 0.0193 0.1017 0.7754
35 0.0248 0.1240 0.1165 0.3218 0.4131
36 0.1139 0.3296 0.2301 0.3049 0.0216
37 0.0226 0.0288 0.0271 0.9111 0.0105
38 0.0865 0.0695 0.0406 0.7358 0.0674
39 0.1349 0.2156 0.1653 0.0689 0.4155
40 0.1365 0.4043 0.2571 0.1114 0.0909
41 0.1520 0.1696 0.1696 0.4609 0.0478
42 0.0137 0.1120 0.0309 0.8149 0.0285
43 0.0662 0.1180 0.4526 0.3259 0.0371
44 0.1937 0.1569 0.1428 0.4038 0.1029
45 0.1970 0.2164 0.3857 0.1038 0.0968
46 0.1995 0.2025 0.4221 0.1653 0.0106
47 0.0786 0.1317 0.2311 0.3416 0.2170
48 0.1555 0.1103 0.2952 0.2126 0.2263
49 0.0629 0.2129 0.2196 0.4951 0.0095
50 0.1075 0.3870 0.4250 0.0632 0.0171
51 0.1385 0.0952 0.2080 0.4688 0.0895
52 0.0190 0.0106 0.0303 0.9277 0.0122
53 0.1349 0.3499 0.2812 0.2025 0.0316
54 0.0826 0.1044 0.5962 0.1804 0.0361
55 0.1113 0.1475 0.0827 0.5830 0.0753
56 0.0512 0.4358 0.3137 0.1654 0.0339
57 0.1476 0.1672 0.5073 0.1409 0.0373
58 0.1517 0.0449 0.2042 0.5640 0.0355
59 0.1212 0.1310 0.0764 0.4536 0.2177
60 0.0520 0.2727 0.5171 0.0781 0.0800
61 0.0903 0.0917 0.4175 0.2235 0.1769
62 0.0866 0.2429 0.1473 0.4539 0.0691
63 0.1010 0.2367 0.2854 0.1327 0.2441
64 0.0903 0.3057 0.4380 0.0876 0.0785
65 0.2844 0.1545 0.2394 0.2250 0.0967
66 0.1046 0.2932 0.4072 0.1149 0.0802
67 0.0352 0.1935 0.5957 0.1137 0.0618
68 0.1393 0.1831 0.0740 0.3845 0.2191
69 0.1655 0.2334 0.3291 0.2194 0.0525
70 0.1151 0.3032 0.2151 0.1990 0.1675
71 0.1857 0.1002 0.4890 0.0380 0.1871
72 0.1880 0.0731 0.5107 0.2233 0.0048
73 0.1552 0.1744 0.4185 0.0804 0.1716
74 0.2056 0.1639 0.4561 0.0287 0.1458
75 0.2068 0.3435 0.3032 0.1235 0.0230
76 0.1519 0.1012 0.3701 0.1592 0.2175
77 0.2128 0.1104 0.4297 0.0457 0.2014
78 0.3208 0.0786 0.3110 0.0152 0.2744
79 0.1196 0.1000 0.5405 0.0110 0.2289
80 0.2505 0.1438 0.2466 0.2280 0.1310
81 0.2291 0.2383 0.3662 0.0575 0.1091
82 0.2534 0.0698 0.2739 0.3057 0.0969
83 0.3032 0.1225 0.4275 0.0225 0.1244
84 0.0835 0.2051 0.6172 0.0392 0.0552
85 0.3289 0.2522 0.2191 0.0906 0.1093
86 0.4797 0.1440 0.2163 0.1022 0.0577
87 0.1716 0.1108 0.4521 0.0710 0.1945
88 0.1002 0.0934 0.4456 0.0775 0.2832
89 0.1732 0.1459 0.0781 0.4155 0.1873
90 0.1697 0.1428 0.1203 0.4265 0.1406
91 0.1501 0.1245 0.1000 0.5239 0.1016
92 0.0967 0.1865 0.6611 0.0058 0.0498
93 0.1787 0.0987 0.4858 0.0580 0.1787
94 0.3704 0.0713 0.2178 0.2468 0.0937
95 0.0313 0.1256 0.3416 0.3159 0.1857
96 0.0387 0.0555 0.1230 0.2485 0.5342
97 0.1724 0.2820 0.0573 0.1088 0.3796
98 0.1840 0.0616 0.0656 0.5239 0.1649
99 0.2338 0.2266 0.3679 0.0321 0.1396
100 0.0858 0.2423 0.1917 0.1692 0.3110
101 0.0674 0.1129 0.5020 0.2949 0.0229
102 0.0962 0.1032 0.5200 0.0351 0.2456
103 0.0588 0.2035 0.5444 0.0345 0.1584
104 0.0875 0.1072 0.0335 0.7446 0.0273
105 0.0267 0.1006 0.1686 0.6167 0.0875
106 0.0563 0.1146 0.6196 0.1775 0.0318
107 0.1028 0.1331 0.3423 0.3423 0.0794
108 0.1687 0.2939 0.3408 0.1455 0.0511
109 0.0847 0.3245 0.1373 0.3677 0.0859
110 0.0956 0.3994 0.1470 0.3064 0.0516
111 0.0416 0.1925 0.1571 0.5400 0.0687
112 0.2893 0.2717 0.3279 0.0791 0.0320
113 0.4243 0.0876 0.2534 0.2068 0.0280
114 0.0536 0.1786 0.6235 0.1414 0.0028
115 0.0864 0.1026 0.0594 0.6689 0.0825
116 0.0095 0.7466 0.1516 0.0906 0.0018
117 0.0097 0.8511 0.0527 0.0856 0.0007
118 0.1960 0.1066 0.4419 0.2478 0.0077
119 0.1759 0.2224 0.4287 0.1627 0.0102
120 0.2434 0.2454 0.1323 0.3328 0.0461
121 0.2905 0.1630 0.4497 0.0907 0.0062
122 0.0421 0.1815 0.5767 0.1962 0.0035
123 0.1779 0.1149 0.3765 0.1737 0.1570
124 0.0693 0.3628 0.3745 0.1825 0.0110
125 0.0844 0.3992 0.1946 0.3159 0.0060
126 0.0717 0.4060 0.2747 0.2424 0.0050
127 0.1837 0.1910 0.0748 0.4878 0.0625
128 0.1451 0.0873 0.1429 0.5308 0.0937
129 0.1978 0.3337 0.1744 0.2294 0.0647
130 0.0947 0.0863 0.3035 0.3440 0.1716
131 0.0633 0.2793 0.3643 0.2625 0.0309
132 0.0437 0.5938 0.0970 0.2438 0.0216
133 0.0644 0.3853 0.1395 0.3347 0.0759
134 0.1660 0.3381 0.1926 0.1740 0.1293
135 0.1214 0.3052 0.1177 0.2065 0.2491
136 0.0322 0.6265 0.1583 0.1609 0.0223
137 0.0543 0.2097 0.1140 0.4370 0.1851
138 0.0920 0.0717 0.5298 0.2242 0.0825
139 0.0822 0.3408 0.2825 0.1796 0.1151
140 0.1335 0.6128 0.0726 0.0984 0.0829
141 0.0948 0.1218 0.1092 0.6235 0.0508
142 0.0282 0.1227 0.1704 0.6738 0.0049
143 0.0971 0.0683 0.0799 0.7178 0.0371
144 0.1833 0.2126 0.1342 0.3533 0.1165
145 0.0359 0.0281 0.0742 0.4912 0.3706
146 0.0483 0.0426 0.0902 0.5698 0.2490
147 0.0811 0.0580 0.1379 0.5542 0.1689
148 0.1821 0.1685 0.5742 0.0555 0.0198
149 0.3804 0.1274 0.1769 0.0454 0.2698
150 0.2634 0.1958 0.1973 0.0842 0.2593
151 0.1215 0.1007 0.5361 0.2341 0.0076
152 0.1124 0.1160 0.1687 0.3687 0.2343
153 0.2329 0.1992 0.2559 0.1050 0.2072
154 0.1152 0.1573 0.3130 0.1549 0.2595
155 0.1087 0.1533 0.1821 0.2910 0.2649
156 0.2383 0.0823 0.5454 0.0122 0.1217
157 0.0281 0.2448 0.4036 0.2605 0.0629
158 0.1059 0.0906 0.2993 0.0109 0.4934
159 0.1465 0.2822 0.5112 0.0064 0.0535
160 0.0453 0.2415 0.3457 0.1794 0.1880
161 0.1080 0.2050 0.5400 0.1365 0.0107
162 0.4272 0.2083 0.1293 0.1376 0.0976
163 0.3113 0.2462 0.1288 0.0751 0.2386
164 0.2725 0.3389 0.1370 0.1002 0.1516
165 0.2181 0.1234 0.6411 0.0036 0.0136
166 0.0623 0.2426 0.3474 0.2278 0.1201
167 0.2615 0.2495 0.1702 0.3105 0.0085
168 0.1022 0.0867 0.0748 0.2413 0.4951
169 0.0723 0.1439 0.2524 0.5024 0.0290
170 0.0783 0.0530 0.8159 0.0397 0.0129
171 0.0174 0.1416 0.6245 0.2125 0.0037
172 0.0906 0.1802 0.2834 0.3936 0.0524
173 0.0712 0.1566 0.4900 0.2502 0.0318
174 0.0630 0.1313 0.1107 0.6465 0.0483
175 0.0634 0.1968 0.2095 0.5024 0.0277
176 0.0878 0.1963 0.3726 0.2683 0.0751
177 0.2163 0.1807 0.2451 0.2778 0.0802
178 0.1394 0.2125 0.3848 0.2262 0.0372
179 0.1160 0.3745 0.2961 0.1882 0.0251
180 0.0637 0.0956 0.7461 0.0181 0.0762
181 0.1516 0.1298 0.6436 0.0386 0.0366
182 0.0415 0.1003 0.0378 0.6240 0.1964
183 0.1687 0.3127 0.1294 0.1741 0.2150
184 0.1511 0.1740 0.2034 0.4045 0.0671
185 0.0845 0.2445 0.0781 0.3264 0.2664
186 0.0448 0.1127 0.3843 0.4424 0.0157
187 0.0526 0.2083 0.4692 0.2632 0.0065
188 0.0963 0.0963 0.5713 0.2308 0.0051
189 0.0565 0.2341 0.6367 0.0714 0.0014
190 0.0381 0.1819 0.4868 0.2817 0.0116
191 0.0570 0.1973 0.4111 0.2456 0.0889
192 0.0137 0.0468 0.0620 0.8550 0.0224
193 0.0732 0.1188 0.7168 0.0883 0.0029
194 0.0627 0.2788 0.6094 0.0481 0.0012
195 0.0254 0.1427 0.5825 0.2428 0.0068
196 0.0158 0.1235 0.6475 0.2069 0.0062
197 0.0121 0.0629 0.7783 0.1440 0.0026
198 0.0320 0.1930 0.5005 0.2722 0.0020
199 0.0759 0.1863 0.5142 0.2178 0.0058
200 0.0810 0.1090 0.3357 0.4377 0.0365
201 0.0665 0.1282 0.3323 0.4268 0.0464
202 0.1782 0.4048 0.3057 0.1000 0.0112
203 0.0883 0.2634 0.5156 0.1031 0.0293
204 0.0848 0.4441 0.3982 0.0400 0.0329
205 0.1099 0.0984 0.3330 0.3601 0.0984
206 0.1349 0.1978 0.3582 0.2500 0.0594
207 0.0757 0.3616 0.4570 0.0486 0.0572
208 0.1031 0.3628 0.3303 0.0939 0.1098
209 0.1045 0.5347 0.1791 0.0880 0.0936
210 0.1127 0.3286 0.3962 0.0979 0.0647
211 0.0857 0.2681 0.3552 0.2725 0.0184
212 0.0444 0.0408 0.5898 0.3157 0.0095
213 0.1903 0.0851 0.5635 0.1101 0.0508
214 0.2191 0.1680 0.5342 0.0442 0.0347
215 0.2152 0.2135 0.3604 0.1855 0.0253
216 0.1530 0.0375 0.0545 0.5254 0.2296
217 0.0236 0.0139 0.0248 0.9297 0.0082
218 0.1698 0.4336 0.2216 0.1499 0.0251
219 0.1226 0.3059 0.5200 0.0414 0.0100
220 0.1179 0.5200 0.3105 0.0325 0.0192
221 0.1171 0.0780 0.6685 0.1287 0.0077
222 0.0537 0.5469 0.3643 0.0316 0.0036
223 0.1051 0.3447 0.1154 0.2225 0.2123
224 0.0810 0.2871 0.5801 0.0407 0.0110
225 0.1198 0.2418 0.6079 0.0223 0.0081
226 0.1743 0.1945 0.5083 0.0421 0.0811
227 0.2141 0.4392 0.1554 0.1137 0.0775
228 0.1566 0.0684 0.3699 0.3699 0.0349
229 0.3186 0.1653 0.4355 0.0571 0.0234
230 0.1835 0.3245 0.4399 0.0268 0.0252
231 0.1938 0.0873 0.1737 0.3000 0.2450
232 0.4609 0.1037 0.1139 0.1450 0.1764
233 0.1281 0.3047 0.5435 0.0083 0.0157
234 0.2661 0.1627 0.4897 0.0086 0.0728
235 0.1411 0.1990 0.3689 0.2534 0.0377
236 0.2316 0.1617 0.4902 0.0061 0.1103
237 0.3630 0.1840 0.2101 0.1884 0.0544
238 0.3638 0.2561 0.2106 0.0956 0.0739
239 0.3130 0.0641 0.4846 0.0597 0.0785
240 0.2798 0.0989 0.2546 0.0132 0.3535
241 0.2197 0.0534 0.6768 0.0382 0.0118
242 0.3250 0.1597 0.4692 0.0182 0.0280
243 0.3699 0.1483 0.2881 0.1460 0.0478
244 0.3503 0.1111 0.2446 0.0147 0.2793
245 0.3630 0.0761 0.3333 0.0158 0.2118
246 0.2052 0.1478 0.5708 0.0247 0.0515
247 0.2644 0.1094 0.5596 0.0133 0.0533
248 0.2208 0.2708 0.3586 0.1329 0.0170
249 0.1390 0.1285 0.5166 0.0780 0.1379
250 0.1714 0.1107 0.4658 0.0181 0.2343
251 0.2993 0.1918 0.2642 0.2313 0.0136
252 0.2494 0.1561 0.4961 0.0230 0.0755
253 0.0309 0.0873 0.5693 0.3047 0.0079
254 0.1271 0.3096 0.3096 0.1556 0.0981
255 0.1638 0.2766 0.4153 0.1126 0.0318
256 0.2205 0.1025 0.4595 0.0106 0.2070
257 0.1115 0.1388 0.5889 0.0059 0.1548
258 0.0476 0.1769 0.2004 0.5449 0.0303
259 0.2444 0.1128 0.4639 0.1371 0.0418
260 0.3982 0.1866 0.3459 0.0552 0.0142
261 0.0234 0.1927 0.0687 0.1573 0.5576
262 0.0319 0.1241 0.0568 0.1569 0.6304
263 0.0531 0.1315 0.0849 0.2418 0.4885
264 0.4526 0.0739 0.0508 0.4121 0.0106
265 0.3540 0.0518 0.3076 0.2715 0.0150
266 0.5596 0.0957 0.2225 0.0942 0.0283
