time exciting_prob fearful_prob tense_prob sad_prob relaxing_prob
0 0.2037 0.2830 0.2496 0.2310 0.0327
1 0.2769 0.0533 0.4783 0.1844 0.0071
2 0.2100 0.0374 0.5444 0.1941 0.0141
3 0.2220 0.1198 0.3896 0.2290 0.0395
4 0.2455 0.0882 0.3462 0.2961 0.0239
5 0.2063 0.1792 0.3765 0.1849 0.0530
6 0.2805 0.1467 0.4773 0.0540 0.0414
7 0.2356 0.1417 0.3169 0.2546 0.0509
8 0.1223 0.1282 0.5312 0.2017 0.0164
9 0.1716 0.1503 0.3577 0.2966 0.0240
10 0.3169 0.0894 0.1982 0.3269 0.0685
11 0.2737 0.1560 0.2341 0.2937 0.0423
12 0.1870 0.1226 0.5581 0.1265 0.0057
13 0.1893 0.2932 0.4333 0.0759 0.0080
14 0.2379 0.1432 0.5117 0.0932 0.0140
15 0.0981 0.1696 0.5303 0.1951 0.0070
16 0.1442 0.0931 0.1660 0.5615 0.0353
17 0.0917 0.1583 0.5703 0.1740 0.0059
18 0.1484 0.3191 0.3560 0.1655 0.0111
19 0.2216 0.2472 0.4014 0.1224 0.0076
20 0.1990 0.2896 0.3130 0.1649 0.0338
21 0.1943 0.2739 0.3987 0.1057 0.0273
22 0.0681 0.0302 0.4583 0.4304 0.0128
23 0.1559 0.1940 0.3857 0.2571 0.0072
24 0.1875 0.3503 0.3044 0.1531 0.0048
25 0.1141 0.3979 0.3857 0.0991 0.0030
26 0.4412 0.1636 0.2573 0.1089 0.0291
27 0.2449 0.3000 0.3000 0.1104 0.0449
28 0.2118 0.3547 0.3130 0.1170 0.0034
29 0.0802 0.1671 0.2357 0.4763 0.0406
30 0.0259 0.2654 0.2379 0.4375 0.0332
31 0.0984 0.2083 0.3381 0.3489 0.0063
32 0.0547 0.4766 0.3225 0.1047 0.0413
33 0.1194 0.1510 0.3977 0.1879 0.1440
34 0.0865 0.0467 0.0633 0.1542 0.6494
35 0.1127 0.6387 0.1653 0.0512 0.0320
36 0.0742 0.5566 0.1865 0.1096 0.0730
37 0.0843 0.5410 0.1575 0.1179 0.0993
38 0.0931 0.2893 0.2474 0.3032 0.0671
39 0.0551 0.5479 0.2375 0.0853 0.0742
40 0.0781 0.4976 0.2173 0.0668 0.1403
41 0.0619 0.5391 0.1683 0.0542 0.1764
42 0.1581 0.5303 0.0696 0.0260 0.2159
43 0.0691 0.2212 0.0853 0.1450 0.4795
44 0.0273 0.0720 0.1226 0.7744 0.0034
45 0.3904 0.2791 0.1127 0.1873 0.0306
46 0.0639 0.1752 0.1122 0.5835 0.0654
47 0.1372 0.1249 0.2996 0.3848 0.0537
48 0.1183 0.3452 0.2229 0.2908 0.0229
49 0.1919 0.4531 0.2426 0.0800 0.0326
50 0.0988 0.6855 0.0567 0.0372 0.1219
51 0.0884 0.1100 0.3391 0.4421 0.0204
52 0.0928 0.7305 0.0701 0.0387 0.0679
53 0.0587 0.7090 0.0895 0.0453 0.0975
54 0.0593 0.7114 0.1189 0.0383 0.0721
55 0.0457 0.2712 0.6016 0.0789 0.0025
56 0.1293 0.2693 0.2869 0.2959 0.0188
57 0.2949 0.4714 0.1129 0.1044 0.0165
58 0.1448 0.5864 0.1616 0.0885 0.0187
59 0.1279 0.5688 0.2625 0.0323 0.0084
60 0.0244 0.8745 0.0685 0.0299 0.0028
61 0.0928 0.1790 0.4429 0.2771 0.0081
62 0.1115 0.3276 0.4207 0.0946 0.0457
63 0.0483 0.7861 0.1015 0.0368 0.0273
64 0.0465 0.7798 0.1304 0.0300 0.0132
65 0.0498 0.2778 0.1938 0.4236 0.0551
66 0.0398 0.4348 0.1134 0.3896 0.0223
67 0.0481 0.2332 0.4937 0.1874 0.0378
68 0.1473 0.2754 0.4834 0.0801 0.0138
69 0.0806 0.1229 0.7300 0.0521 0.0146
70 0.0141 0.3674 0.0299 0.5874 0.0012
71 0.0189 0.9048 0.0267 0.0476 0.0021
72 0.0688 0.4280 0.0897 0.3777 0.0359
73 0.0396 0.3760 0.2211 0.3533 0.0101
74 0.1346 0.2400 0.5410 0.0804 0.0042
75 0.0726 0.1273 0.3572 0.3984 0.0447
76 0.1078 0.0789 0.1166 0.0460 0.6504
77 0.0600 0.2864 0.2776 0.2527 0.1232
78 0.0365 0.1367 0.2761 0.2325 0.3179
79 0.0209 0.0900 0.0623 0.0789 0.7480
80 0.0187 0.1670 0.1606 0.6353 0.0184
81 0.0695 0.4429 0.1592 0.2996 0.0288
82 0.0286 0.2305 0.1234 0.5840 0.0335
83 0.0187 0.0148 0.0175 0.0971 0.8521
84 0.0589 0.1390 0.4490 0.3496 0.0033
85 0.0677 0.3833 0.3228 0.1700 0.0561
86 0.0603 0.4819 0.3696 0.0775 0.0107
87 0.1154 0.5859 0.0603 0.1267 0.1118
88 0.0493 0.5020 0.1438 0.0169 0.2881
89 0.1017 0.4382 0.1266 0.0202 0.3132
90 0.0335 0.1081 0.6416 0.1700 0.0465
91 0.0309 0.2081 0.4617 0.2549 0.0443
92 0.0194 0.1304 0.3892 0.4077 0.0535
93 0.0576 0.0576 0.1320 0.7246 0.0281
94 0.0757 0.4158 0.2058 0.1874 0.1154
95 0.1005 0.4685 0.1765 0.1697 0.0847
96 0.0811 0.3574 0.2477 0.1770 0.1367
97 0.0577 0.2710 0.4399 0.2079 0.0233
98 0.0657 0.3386 0.3335 0.2439 0.0182
99 0.0746 0.0563 0.6646 0.1875 0.0169
100 0.0583 0.0671 0.5283 0.3154 0.0307
101 0.0571 0.2024 0.3608 0.3552 0.0244
102 0.0748 0.1909 0.1195 0.5972 0.0175
103 0.0866 0.3347 0.1175 0.4231 0.0381
104 0.0299 0.8408 0.0643 0.0572 0.0080
105 0.2122 0.2443 0.2947 0.1328 0.1163
106 0.1140 0.3855 0.2129 0.2338 0.0538
107 0.1573 0.2052 0.5405 0.0720 0.0249
108 0.0815 0.4951 0.3350 0.0703 0.0180
109 0.0236 0.1541 0.4895 0.2788 0.0541
110 0.0333 0.1886 0.5718 0.1718 0.0344
111 0.0255 0.4622 0.2939 0.2051 0.0133
112 0.0638 0.1461 0.5962 0.1484 0.0453
113 0.0806 0.0806 0.5093 0.3137 0.0162
114 0.1164 0.2125 0.4226 0.2262 0.0224
115 0.2544 0.6499 0.0446 0.0352 0.0158
116 0.1664 0.0230 0.1492 0.6577 0.0036
117 0.1979 0.0995 0.2705 0.4253 0.0069
118 0.1075 0.1144 0.3579 0.4055 0.0145
119 0.0580 0.4424 0.1448 0.3237 0.0313
120 0.0785 0.0343 0.2456 0.5713 0.0704
121 0.0965 0.0643 0.2389 0.3420 0.2583
122 0.1410 0.0676 0.1897 0.5752 0.0267
123 0.0555 0.1486 0.2411 0.5518 0.0028
124 0.0715 0.2595 0.5244 0.0985 0.0462
125 0.0662 0.2189 0.4780 0.1962 0.0405
126 0.0481 0.6050 0.1705 0.1747 0.0019
127 0.0084 0.3545 0.0239 0.6128 0.0003
128 0.2964 0.1245 0.4114 0.1444 0.0234
129 0.0175 0.0718 0.0212 0.8892 0.0003
130 0.1052 0.4258 0.3757 0.0813 0.0119
131 0.2212 0.1364 0.4133 0.2247 0.0045
132 0.1934 0.1874 0.3342 0.2369 0.0481
133 0.1312 0.1071 0.4651 0.2231 0.0736
134 0.0807 0.1532 0.1682 0.5020 0.0958
135 0.0555 0.1923 0.1737 0.4265 0.1521
136 0.2546 0.1241 0.4331 0.1644 0.0239
137 0.0356 0.4343 0.1072 0.3774 0.0454
138 0.0703 0.2822 0.3796 0.2452 0.0226
139 0.2216 0.0983 0.3027 0.3223 0.0551
140 0.0767 0.2849 0.5576 0.0676 0.0133
141 0.0644 0.3481 0.2886 0.2507 0.0479
142 0.1046 0.3123 0.1292 0.3027 0.1510
143 0.0254 0.1213 0.1158 0.7090 0.0284
144 0.0596 0.0273 0.1243 0.7856 0.0031
145 0.0978 0.1691 0.3635 0.3523 0.0171
146 0.0897 0.1000 0.4773 0.3230 0.0098
147 0.0060 0.3809 0.0750 0.5371 0.0010
148 0.0191 0.2058 0.0957 0.6748 0.0045
149 0.1188 0.0236 0.4277 0.4211 0.0087
150 0.0457 0.7212 0.0597 0.1187 0.0547
151 0.0831 0.7295 0.0412 0.0734 0.0728
152 0.1874 0.2296 0.3501 0.1415 0.0914
153 0.1400 0.1216 0.4114 0.2964 0.0305
154 0.0828 0.1511 0.5527 0.1970 0.0164
155 0.0578 0.1168 0.7500 0.0731 0.0025
156 0.0549 0.3606 0.1600 0.4087 0.0160
157 0.0950 0.5596 0.1693 0.1328 0.0435
158 0.2712 0.3767 0.1487 0.1364 0.0670
159 0.0591 0.1820 0.3347 0.3977 0.0264
160 0.1423 0.1337 0.1538 0.1143 0.4558
161 0.2291 0.0414 0.3181 0.3838 0.0276
162 0.0896 0.0606 0.7046 0.1410 0.0040
163 0.0944 0.0439 0.5513 0.2998 0.0105
164 0.0476 0.2219 0.2939 0.3547 0.0817
165 0.1671 0.1096 0.2842 0.4136 0.0254
166 0.0377 0.5366 0.1049 0.2118 0.1090
167 0.0834 0.6353 0.1658 0.0665 0.0490
168 0.0206 0.1387 0.0625 0.7495 0.0288
169 0.1071 0.3245 0.4648 0.0834 0.0201
170 0.1661 0.3687 0.2101 0.2380 0.0170
171 0.2130 0.2935 0.1909 0.2231 0.0796
172 0.1802 0.3418 0.3313 0.1101 0.0366
173 0.0286 0.1475 0.4761 0.3376 0.0100
174 0.0728 0.3474 0.1415 0.1268 0.3115
175 0.0700 0.2705 0.2664 0.2042 0.1888
176 0.1031 0.1047 0.3228 0.3892 0.0803
177 0.1177 0.0903 0.3149 0.4656 0.0116
178 0.0267 0.0249 0.0230 0.0353 0.8901
179 0.1567 0.0717 0.4128 0.3020 0.0568
180 0.0208 0.0716 0.1379 0.6792 0.0905
181 0.0560 0.1621 0.0302 0.0472 0.7046
182 0.0403 0.6108 0.0952 0.0184 0.2355
183 0.1008 0.0461 0.2871 0.5537 0.0124
184 0.1393 0.1578 0.4094 0.1816 0.1119
185 0.1713 0.1344 0.2781 0.3892 0.0271
186 0.1666 0.0549 0.3472 0.3813 0.0500
187 0.2474 0.0816 0.4551 0.1989 0.0171
188 0.0347 0.0629 0.3450 0.5513 0.0060
189 0.0740 0.4126 0.4126 0.0878 0.0129
190 0.1239 0.3420 0.4463 0.0787 0.0090
191 0.0315 0.3254 0.0985 0.0925 0.4519
192 0.0141 0.0766 0.0223 0.0506 0.8364
193 0.0243 0.1864 0.0258 0.1619 0.6016
194 0.0196 0.0674 0.0186 0.0409 0.8535
195 0.0320 0.1732 0.0508 0.1154 0.6284
196 0.1199 0.0864 0.6479 0.1317 0.0139
197 0.3638 0.1436 0.2173 0.2349 0.0405
198 0.0914 0.1415 0.4568 0.3044 0.0058
199 0.2883 0.2076 0.3215 0.1721 0.0102
200 0.1451 0.1968 0.3508 0.2954 0.0118
201 0.0579 0.1099 0.6226 0.2021 0.0072
202 0.0692 0.3228 0.2397 0.2676 0.1008
203 0.0844 0.5205 0.1588 0.2136 0.0225
204 0.0682 0.2023 0.1613 0.4314 0.1368
205 0.1290 0.0638 0.3562 0.4365 0.0144
206 0.0563 0.2483 0.4565 0.2191 0.0197
207 0.0528 0.0662 0.7822 0.0949 0.0040
208 0.0402 0.5293 0.0844 0.3286 0.0177
209 0.1041 0.2419 0.2135 0.3577 0.0829
210 0.2131 0.3770 0.1560 0.0687 0.1852
211 0.0717 0.0892 0.3699 0.4602 0.0090
212 0.0582 0.0712 0.2195 0.6450 0.0060
213 0.2651 0.4270 0.1302 0.0514 0.1262
214 0.1550 0.3083 0.2942 0.1930 0.0492
215 0.0753 0.5972 0.0482 0.2629 0.0165
216 0.0848 0.5278 0.1661 0.2201 0.0009
217 0.0180 0.7124 0.0844 0.1759 0.0095
218 0.0981 0.1184 0.4133 0.3647 0.0054
219 0.1772 0.1190 0.4155 0.2725 0.0157
220 0.0813 0.1129 0.4753 0.3267 0.0037
221 0.0267 0.1650 0.3035 0.4626 0.0421
222 0.0944 0.3047 0.3733 0.1968 0.0307
223 0.1171 0.2788 0.4524 0.1423 0.0095
224 0.1348 0.4089 0.2639 0.1843 0.0081
225 0.0752 0.2108 0.4001 0.2666 0.0474
226 0.2800 0.1671 0.4270 0.0983 0.0277
227 0.1071 0.6875 0.1608 0.0304 0.0141
228 0.1225 0.4277 0.2676 0.1810 0.0011
229 0.0899 0.2295 0.3088 0.3669 0.0048
230 0.1609 0.2590 0.0953 0.4341 0.0506
231 0.0224 0.8076 0.0652 0.0957 0.0090
232 0.0756 0.3552 0.3962 0.1050 0.0678
233 0.1049 0.0667 0.1001 0.3896 0.3386
234 0.0410 0.5312 0.1398 0.2018 0.0861
235 0.0443 0.0778 0.2115 0.6514 0.0147
236 0.0592 0.1323 0.1123 0.4204 0.2756
237 0.0273 0.3245 0.0901 0.5264 0.0316
238 0.0879 0.4941 0.1761 0.2125 0.0294
239 0.0685 0.0471 0.5923 0.2842 0.0078
240 0.0530 0.2844 0.1647 0.4841 0.0137
241 0.1080 0.0803 0.5933 0.2115 0.0067
242 0.2261 0.2791 0.2971 0.1775 0.0202
243 0.0923 0.0790 0.7432 0.0754 0.0100
244 0.2255 0.0374 0.3494 0.3660 0.0218
245 0.0650 0.1214 0.5439 0.2651 0.0043
246 0.0742 0.1647 0.5356 0.2200 0.0053
247 0.0470 0.1818 0.4788 0.2903 0.0021
248 0.0382 0.1534 0.1823 0.3918 0.2340
249 0.0332 0.3743 0.1648 0.3303 0.0976
250 0.0139 0.7451 0.1945 0.0437 0.0027
251 0.0125 0.7788 0.1711 0.0353 0.0021
252 0.2037 0.2830 0.2496 0.2310 0.0327
253 0.2037 0.2830 0.2496 0.2310 0.0327
254 0.1024 0.3279 0.1133 0.4517 0.0047
255 0.0964 0.3235 0.1162 0.4597 0.0044
256 0.2037 0.2830 0.2496 0.2310 0.0327
