time exciting_prob fearful_prob tense_prob sad_prob relaxing_prob
0 0.3328 0.0307 0.3433 0.1726 0.1205
1 0.7129 0.0145 0.1361 0.1027 0.0339
2 0.8101 0.0247 0.0909 0.0471 0.0271
3 0.7930 0.0265 0.1107 0.0437 0.0259
4 0.7666 0.0321 0.1364 0.0416 0.0235
5 0.7441 0.0247 0.1809 0.0382 0.0120
6 0.7520 0.0191 0.1829 0.0349 0.0112
7 0.1561 0.0738 0.6997 0.0557 0.0145
8 0.1927 0.0511 0.5576 0.1810 0.0175
9 0.1805 0.1921 0.5649 0.0513 0.0110
10 0.3123 0.1062 0.4202 0.0990 0.0624
11 0.1968 0.1750 0.4133 0.1937 0.0209
12 0.8481 0.0490 0.0595 0.0031 0.0403
13 0.1788 0.1119 0.4290 0.2406 0.0399
14 0.1169 0.0925 0.4773 0.2939 0.0192
15 0.1309 0.1471 0.4749 0.2351 0.0119
16 0.2100 0.1572 0.3008 0.3103 0.0218
17 0.1198 0.0804 0.7056 0.0829 0.0114
18 0.2386 0.1349 0.5464 0.0711 0.0090
19 0.1370 0.1731 0.4456 0.2367 0.0077
20 0.1482 0.0418 0.4712 0.3188 0.0201
21 0.3918 0.1088 0.4373 0.0400 0.0219
22 0.1225 0.0816 0.6221 0.1500 0.0237
23 0.2478 0.2239 0.3257 0.1744 0.0280
24 0.1423 0.0786 0.1066 0.3389 0.3335
25 0.2969 0.1541 0.3723 0.1528 0.0240
26 0.9575 0.0152 0.0127 0.0106 0.0038
27 0.5322 0.0293 0.3833 0.0417 0.0133
28 0.0997 0.2373 0.5024 0.1439 0.0169
29 0.1509 0.1581 0.4299 0.2449 0.0162
30 0.3315 0.0892 0.2708 0.2502 0.0581
31 0.3008 0.0343 0.3057 0.2915 0.0676
32 0.2302 0.0183 0.4438 0.2489 0.0587
33 0.0904 0.0427 0.1538 0.2168 0.4963
34 0.1007 0.0322 0.1141 0.1824 0.5708
35 0.1311 0.0353 0.1250 0.1121 0.5967
36 0.2456 0.0523 0.3518 0.3306 0.0197
37 0.3848 0.0164 0.4500 0.1230 0.0260
38 0.0548 0.0883 0.3230 0.3716 0.1624
39 0.3020 0.0290 0.5303 0.1111 0.0279
40 0.3108 0.0431 0.5537 0.0750 0.0174
41 0.3975 0.0479 0.1968 0.2095 0.1486
42 0.1365 0.0324 0.4011 0.4075 0.0223
43 0.0851 0.4902 0.3423 0.0068 0.0757
44 0.1041 0.1770 0.5625 0.1490 0.0071
45 0.1208 0.0884 0.6328 0.1412 0.0169
46 0.0612 0.1825 0.4114 0.3306 0.0144
47 0.0458 0.1840 0.5664 0.1958 0.0078
48 0.0546 0.2092 0.5264 0.1967 0.0134
49 0.0599 0.1655 0.4226 0.3342 0.0177
50 0.0607 0.2085 0.5327 0.1783 0.0199
51 0.0750 0.1074 0.6680 0.1378 0.0119
52 0.0705 0.1359 0.5049 0.2788 0.0098
53 0.0474 0.0474 0.4941 0.4033 0.0079
54 0.3767 0.0262 0.5068 0.0696 0.0208
55 0.2537 0.5244 0.1841 0.0057 0.0322
56 0.4087 0.2205 0.2366 0.0086 0.1256
57 0.4971 0.1665 0.1665 0.0048 0.1652
58 0.0948 0.1991 0.5806 0.1091 0.0166
59 0.1320 0.3450 0.4717 0.0079 0.0435
60 0.2520 0.0470 0.2856 0.3555 0.0599
61 0.2450 0.0759 0.3916 0.2374 0.0502
62 0.2837 0.1028 0.1790 0.2927 0.1416
63 0.1431 0.0547 0.3887 0.3948 0.0186
64 0.1908 0.3120 0.1953 0.0042 0.2979
65 0.3328 0.1333 0.1262 0.0033 0.4043
66 0.1636 0.0531 0.2495 0.3203 0.2134
67 0.4075 0.1809 0.2844 0.0047 0.1224
68 0.1981 0.0313 0.2839 0.1221 0.3645
69 0.2786 0.0251 0.3689 0.2874 0.0401
70 0.0969 0.0194 0.1783 0.3279 0.3774
71 0.2644 0.0214 0.1554 0.1229 0.4358
72 0.3723 0.1947 0.2223 0.0129 0.1978
73 0.4766 0.0778 0.0976 0.0203 0.3276
74 0.2861 0.0958 0.2263 0.1472 0.2446
75 0.2664 0.0402 0.0845 0.1964 0.4126
76 0.4331 0.1184 0.1697 0.0659 0.2128
77 0.1495 0.1155 0.0928 0.0554 0.5869
78 0.6187 0.0844 0.0528 0.0114 0.2329
79 0.5518 0.0959 0.1147 0.0020 0.2355
80 0.3606 0.0451 0.1379 0.1527 0.3037
81 0.3474 0.0643 0.1542 0.1720 0.2622
82 0.3389 0.0378 0.0716 0.1026 0.4490
83 0.0719 0.4009 0.4009 0.0173 0.1088
84 0.1589 0.0623 0.3872 0.3755 0.0161
85 0.1636 0.0961 0.4883 0.2036 0.0483
86 0.2318 0.0729 0.2468 0.0221 0.4263
87 0.1093 0.0415 0.1154 0.0431 0.6909
88 0.3406 0.0742 0.1726 0.0019 0.4106
89 0.3853 0.1428 0.1764 0.0654 0.2301
90 0.2208 0.1460 0.1201 0.0038 0.5093
91 0.2666 0.1405 0.1748 0.1472 0.2708
92 0.1936 0.1120 0.1004 0.0339 0.5601
93 0.3701 0.0648 0.0826 0.0292 0.4534
94 0.1499 0.0232 0.0506 0.0032 0.7729
95 0.1763 0.0364 0.1569 0.0199 0.6104
96 0.2079 0.0250 0.0534 0.0105 0.7031
97 0.1520 0.0474 0.0795 0.0076 0.7134
98 0.1971 0.0407 0.4241 0.2493 0.0889
99 0.3298 0.0828 0.2529 0.1659 0.1685
100 0.2720 0.1073 0.2554 0.1913 0.1742
101 0.5063 0.1486 0.0967 0.0072 0.2411
102 0.1799 0.2966 0.2744 0.0032 0.2458
103 0.3811 0.0641 0.2703 0.2347 0.0500
104 0.3843 0.0757 0.1787 0.2561 0.1051
105 0.5063 0.0696 0.2507 0.1364 0.0367
106 0.2534 0.0114 0.1179 0.5986 0.0189
107 0.2458 0.0434 0.3577 0.2920 0.0612
108 0.2089 0.0964 0.4089 0.0261 0.2598
109 0.0700 0.0193 0.1191 0.0845 0.7070
110 0.1064 0.0340 0.2399 0.5405 0.0791
111 0.1620 0.1923 0.4268 0.0327 0.1864
112 0.1098 0.0556 0.1313 0.0359 0.6675
113 0.5337 0.1003 0.0608 0.0056 0.2996
114 0.2898 0.0536 0.2659 0.2120 0.1786
115 0.1447 0.0567 0.1075 0.0168 0.6743
116 0.3545 0.0357 0.0804 0.1489 0.3804
117 0.3101 0.0312 0.0453 0.0822 0.5312
118 0.3032 0.2615 0.2495 0.0117 0.1742
119 0.0820 0.0284 0.2336 0.4365 0.2195
120 0.1289 0.2390 0.3560 0.0517 0.2245
121 0.3066 0.1874 0.1803 0.0238 0.3018
122 0.3970 0.0133 0.3970 0.1604 0.0326
123 0.1636 0.2236 0.1943 0.3926 0.0259
124 0.1487 0.0158 0.1272 0.6357 0.0724
125 0.1984 0.0324 0.1953 0.1475 0.4265
126 0.1639 0.0187 0.2385 0.1978 0.3811
127 0.1010 0.0196 0.7124 0.0613 0.1059
128 0.3162 0.3584 0.2444 0.0059 0.0751
129 0.2637 0.0194 0.1990 0.1099 0.4082
130 0.1699 0.1781 0.1097 0.5234 0.0188
131 0.1151 0.0368 0.7388 0.0635 0.0458
132 0.0752 0.0493 0.5557 0.2625 0.0576
133 0.0752 0.0718 0.6104 0.2043 0.0384
134 0.3804 0.0257 0.3923 0.1688 0.0327
135 0.1744 0.1588 0.1772 0.4817 0.0077
136 0.1591 0.0684 0.5381 0.2279 0.0064
137 0.2463 0.0599 0.1591 0.0091 0.5254
138 0.2177 0.0915 0.2998 0.0206 0.3704
139 0.1433 0.0325 0.3386 0.3230 0.1625
140 0.3057 0.1284 0.0969 0.0031 0.4661
141 0.0943 0.2686 0.5513 0.0825 0.0036
142 0.2595 0.0687 0.0962 0.0044 0.5713
143 0.2363 0.0315 0.3440 0.2637 0.1246
144 0.1721 0.1831 0.3264 0.3115 0.0067
145 0.5054 0.2074 0.1136 0.0041 0.1693
146 0.3142 0.1086 0.1383 0.0260 0.4128
147 0.1779 0.0410 0.3594 0.3428 0.0789
148 0.1299 0.0525 0.3215 0.4753 0.0207
149 0.1914 0.1611 0.1335 0.4663 0.0476
150 0.1914 0.1611 0.1335 0.4663 0.0476
151 0.0486 0.2112 0.4685 0.2430 0.0286
152 0.0745 0.1458 0.1576 0.2725 0.3499
153 0.0945 0.0873 0.1533 0.2000 0.4648
154 0.1547 0.4075 0.2050 0.2251 0.0078
155 0.1495 0.0717 0.2883 0.4607 0.0299
156 0.1943 0.2344 0.3105 0.0726 0.1884
157 0.2695 0.1196 0.1941 0.0917 0.3252
158 0.0826 0.0435 0.4607 0.3818 0.0313
159 0.0917 0.1355 0.3982 0.2532 0.1215
160 0.4541 0.2179 0.2668 0.0538 0.0072
161 0.2428 0.2625 0.1362 0.3069 0.0517
162 0.1255 0.0918 0.2004 0.1089 0.4734
163 0.1069 0.2094 0.3789 0.2905 0.0142
164 0.1521 0.1619 0.2627 0.0350 0.3884
165 0.1836 0.0429 0.3767 0.3708 0.0260
166 0.4641 0.3140 0.1906 0.0233 0.0080
167 0.5186 0.1710 0.2266 0.0675 0.0163
168 0.3262 0.1328 0.3364 0.1979 0.0067
169 0.0751 0.2073 0.1719 0.5293 0.0162
170 0.0685 0.2883 0.2428 0.3879 0.0123
171 0.2229 0.3425 0.2627 0.0334 0.1384
172 0.0922 0.2212 0.3882 0.2668 0.0316
173 0.0298 0.3391 0.4561 0.1652 0.0098
174 0.1379 0.0863 0.6895 0.0693 0.0170
175 0.0945 0.1851 0.4438 0.2568 0.0198
176 0.0620 0.3296 0.5352 0.0587 0.0146
177 0.3025 0.3564 0.1710 0.1545 0.0154
178 0.0963 0.2576 0.3254 0.3105 0.0101
179 0.2625 0.1111 0.4827 0.1404 0.0035
180 0.0574 0.6934 0.2397 0.0073 0.0021
181 0.1311 0.2449 0.2820 0.2954 0.0468
182 0.1377 0.2871 0.2739 0.2915 0.0097
183 0.0706 0.2428 0.6597 0.0254 0.0013
184 0.1777 0.1644 0.5225 0.1194 0.0159
185 0.1696 0.4573 0.3142 0.0442 0.0148
186 0.2812 0.1051 0.3447 0.2642 0.0046
187 0.2219 0.2556 0.4924 0.0223 0.0077
188 0.1348 0.3311 0.4854 0.0208 0.0278
189 0.2056 0.3606 0.3552 0.0745 0.0042
190 0.1744 0.2578 0.4121 0.1504 0.0052
191 0.0603 0.1144 0.7119 0.1041 0.0094
192 0.1455 0.1031 0.4695 0.2253 0.0565
193 0.1610 0.0810 0.2739 0.3152 0.1688
194 0.2277 0.4390 0.2683 0.0084 0.0567
195 0.1422 0.2308 0.5200 0.0785 0.0284
196 0.1973 0.1254 0.2573 0.3801 0.0401
197 0.3003 0.0771 0.5269 0.0457 0.0502
198 0.2820 0.0944 0.5435 0.0138 0.0665
199 0.1824 0.1584 0.3408 0.0767 0.2417
200 0.3386 0.3662 0.1930 0.0727 0.0294
201 0.3081 0.2020 0.4209 0.0322 0.0368
202 0.2145 0.0422 0.3706 0.3271 0.0457
203 0.1829 0.1190 0.1902 0.2600 0.2480
204 0.1030 0.1545 0.2886 0.4136 0.0403
205 0.1190 0.1392 0.3552 0.2559 0.1307
206 0.1415 0.0599 0.2369 0.5425 0.0191
207 0.2402 0.2383 0.3838 0.1276 0.0101
208 0.1394 0.5020 0.3506 0.0069 0.0009
209 0.4800 0.0834 0.1608 0.2629 0.0130
210 0.3599 0.1956 0.3328 0.1055 0.0064
211 0.2413 0.2734 0.4106 0.0719 0.0026
212 0.0491 0.1941 0.6465 0.1089 0.0013
213 0.1735 0.4678 0.2644 0.0144 0.0800
214 0.1239 0.7412 0.1299 0.0041 0.0007
215 0.2542 0.2542 0.3262 0.1541 0.0115
216 0.5537 0.0876 0.2382 0.0856 0.0351
217 0.2534 0.1898 0.4624 0.0849 0.0095
218 0.5347 0.1260 0.2505 0.0475 0.0412
219 0.5161 0.1378 0.2939 0.0150 0.0371
220 0.4260 0.1438 0.2974 0.0813 0.0513
221 0.6377 0.1305 0.0970 0.1017 0.0333
222 0.5811 0.1392 0.2155 0.0289 0.0354
223 0.8130 0.0678 0.0571 0.0051 0.0571
224 0.5273 0.2323 0.0983 0.1252 0.0166
225 0.4036 0.0929 0.4231 0.0614 0.0190
226 0.5103 0.2886 0.1710 0.0033 0.0266
227 0.8374 0.0667 0.0451 0.0019 0.0488
228 0.6597 0.1103 0.0653 0.0028 0.1617
229 0.4460 0.2561 0.2664 0.0128 0.0188
230 0.6470 0.1700 0.1356 0.0200 0.0275
231 0.3799 0.2131 0.1753 0.0117 0.2198
232 0.5630 0.2205 0.0919 0.0102 0.1144
233 0.1982 0.0339 0.1544 0.5737 0.0396
234 0.3892 0.2098 0.3225 0.0531 0.0255
235 0.7280 0.0451 0.0677 0.0315 0.1276
236 0.6318 0.1648 0.0676 0.0045 0.1313
237 0.6343 0.1775 0.0988 0.0090 0.0806
238 0.2546 0.3372 0.3792 0.0123 0.0168
239 0.7554 0.1233 0.0578 0.0110 0.0526
240 0.6030 0.0962 0.2380 0.0515 0.0113
241 0.5854 0.1976 0.1434 0.0466 0.0267
242 0.3572 0.1334 0.3743 0.1283 0.0069
243 0.2214 0.0686 0.4138 0.2471 0.0490
244 0.1417 0.1373 0.6655 0.0419 0.0135
245 0.6021 0.1498 0.0748 0.0039 0.1698
246 0.3821 0.1353 0.1036 0.0056 0.3733
247 0.3469 0.1639 0.2661 0.2024 0.0207
248 0.3916 0.1849 0.0394 0.0016 0.3826
249 0.6045 0.1516 0.1653 0.0272 0.0516
250 0.1624 0.0440 0.0284 0.0206 0.7446
251 0.2512 0.1455 0.1584 0.1687 0.2761
252 0.2074 0.1918 0.4600 0.0558 0.0851
253 0.7300 0.1165 0.0585 0.0321 0.0628
254 0.6035 0.1649 0.0503 0.0289 0.1526
255 0.6167 0.2491 0.0803 0.0426 0.0111
256 0.4062 0.1415 0.3447 0.0331 0.0745
257 0.4888 0.2069 0.2006 0.0067 0.0970
258 0.6177 0.1295 0.1198 0.0068 0.1265
259 0.4944 0.2688 0.1763 0.0334 0.0270
260 0.6729 0.1160 0.1700 0.0315 0.0097
261 0.1940 0.2651 0.4438 0.0635 0.0337
262 0.5068 0.3098 0.1570 0.0211 0.0053
263 0.7725 0.1632 0.0385 0.0031 0.0228
264 0.8394 0.0956 0.0320 0.0008 0.0323
265 0.1687 0.1512 0.6270 0.0376 0.0157
266 0.6826 0.1454 0.0984 0.0027 0.0709
267 0.4800 0.3052 0.1698 0.0006 0.0443
268 0.4619 0.1177 0.0461 0.0032 0.3711
269 0.3784 0.1859 0.3289 0.0913 0.0156
270 0.6748 0.1278 0.0851 0.0104 0.1019
271 0.7524 0.1787 0.0402 0.0059 0.0226
272 0.2803 0.1399 0.3831 0.1355 0.0611
273 0.6372 0.1769 0.1057 0.0188 0.0616
274 0.4697 0.2761 0.1840 0.0287 0.0414
275 0.2996 0.2244 0.3140 0.0973 0.0648
276 0.1973 0.3303 0.1840 0.0035 0.2849
277 0.3594 0.2321 0.3765 0.0233 0.0088
278 0.3423 0.1708 0.4463 0.0326 0.0081
279 0.4026 0.3159 0.2040 0.0705 0.0071
280 0.1206 0.6885 0.1674 0.0206 0.0029
281 0.2252 0.3381 0.3982 0.0185 0.0200
282 0.7466 0.1127 0.0920 0.0259 0.0231
283 0.6538 0.1459 0.0689 0.0079 0.1238
284 0.5024 0.1486 0.1439 0.0173 0.1877
285 0.1445 0.2786 0.4668 0.0210 0.0891
286 0.1776 0.3760 0.2839 0.1362 0.0264
287 0.1497 0.1497 0.3945 0.2842 0.0221
288 0.1543 0.3118 0.4395 0.0674 0.0270
289 0.1005 0.2230 0.6060 0.0526 0.0177
290 0.1152 0.1575 0.4851 0.2119 0.0301
291 0.1377 0.1107 0.3862 0.3408 0.0247
292 0.2004 0.2827 0.2495 0.2344 0.0330
293 0.2037 0.2830 0.2496 0.2310 0.0327
294 0.5625 0.2327 0.0963 0.0883 0.0200
295 0.6094 0.1287 0.1018 0.1338 0.0266
296 0.6099 0.1268 0.1019 0.1350 0.0262
297 0.5527 0.2822 0.0803 0.0650 0.0197
