time exciting_prob fearful_prob tense_prob sad_prob relaxing_prob
0 0.2037 0.2830 0.2496 0.2310 0.0327
1 0.1583 0.0797 0.6362 0.1177 0.0081
2 0.1310 0.0600 0.4431 0.3398 0.0260
3 0.1375 0.0944 0.4233 0.2690 0.0759
4 0.2247 0.0475 0.1473 0.2213 0.3591
5 0.2397 0.1897 0.3657 0.1489 0.0561
6 0.0308 0.0278 0.1219 0.0492 0.7700
7 0.1895 0.3247 0.3457 0.1167 0.0235
8 0.1329 0.1191 0.5015 0.2369 0.0096
9 0.1072 0.1488 0.4441 0.2869 0.0132
10 0.1637 0.1854 0.4663 0.1770 0.0078
11 0.2213 0.0923 0.1953 0.3650 0.1261
12 0.0730 0.2546 0.2842 0.3271 0.0610
13 0.1180 0.1945 0.4814 0.1885 0.0177
14 0.1010 0.1842 0.6230 0.0798 0.0119
15 0.0997 0.1848 0.5142 0.1921 0.0093
16 0.3271 0.0277 0.2319 0.1937 0.2196
17 0.2115 0.2252 0.3831 0.1609 0.0194
18 0.1760 0.2727 0.3726 0.1426 0.0363
19 0.1835 0.3735 0.3245 0.0827 0.0359
20 0.0642 0.2812 0.4858 0.1093 0.0594
21 0.4690 0.4106 0.0282 0.0216 0.0708
22 0.1837 0.1150 0.5073 0.1647 0.0291
23 0.1522 0.0483 0.5566 0.2080 0.0348
24 0.3130 0.1284 0.4211 0.1107 0.0269
25 0.7324 0.0410 0.0443 0.0125 0.1699
26 0.6768 0.0327 0.0991 0.0190 0.1725
27 0.3057 0.1636 0.4517 0.0682 0.0109
28 0.0422 0.2954 0.0801 0.0952 0.4871
29 0.1346 0.2168 0.1798 0.0970 0.3718
30 0.1957 0.5532 0.1293 0.0189 0.1031
31 0.5879 0.1385 0.1440 0.0353 0.0945
32 0.0757 0.0424 0.2025 0.1288 0.5508
33 0.0576 0.1310 0.5601 0.1580 0.0936
34 0.4536 0.1211 0.1694 0.0206 0.2354
35 0.0363 0.2155 0.2559 0.4780 0.0145
36 0.1077 0.5142 0.2408 0.0820 0.0555
37 0.0487 0.3005 0.5444 0.0939 0.0125
38 0.1558 0.4104 0.3457 0.0133 0.0748
39 0.4507 0.0538 0.3457 0.1312 0.0186
40 0.3057 0.1882 0.2456 0.2134 0.0472
41 0.1656 0.3093 0.3562 0.1310 0.0378
42 0.1163 0.1127 0.5996 0.1277 0.0435
43 0.0887 0.1440 0.6064 0.0945 0.0660
44 0.1678 0.1002 0.3086 0.3184 0.1050
45 0.7422 0.0319 0.0820 0.0304 0.1138
46 0.6377 0.0282 0.1400 0.0507 0.1434
47 0.4915 0.1499 0.2693 0.0610 0.0284
48 0.1614 0.3694 0.3694 0.0934 0.0064
49 0.2412 0.2776 0.3298 0.1185 0.0329
50 0.1101 0.2520 0.2520 0.3088 0.0769
51 0.4971 0.1843 0.1492 0.0524 0.1171
52 0.1307 0.0627 0.1993 0.3391 0.2683
53 0.2668 0.1863 0.3118 0.1682 0.0669
54 0.2415 0.4839 0.0861 0.0968 0.0917
55 0.7583 0.0255 0.0632 0.0182 0.1349
56 0.0728 0.2664 0.3699 0.0594 0.2314
57 0.2532 0.1866 0.1150 0.2217 0.2234
58 0.8032 0.0406 0.0337 0.0109 0.1113
59 0.2998 0.0581 0.4717 0.1394 0.0311
60 0.2561 0.1136 0.4937 0.1248 0.0119
61 0.5869 0.1129 0.0586 0.0170 0.2245
62 0.2386 0.0352 0.0500 0.0668 0.6094
63 0.2532 0.0661 0.3684 0.1584 0.1536
64 0.3372 0.0403 0.2246 0.3120 0.0859
65 0.5400 0.1571 0.1398 0.0416 0.1215
66 0.2549 0.0975 0.2146 0.2284 0.2047
67 0.2993 0.0516 0.3137 0.2522 0.0831
68 0.2632 0.1186 0.1808 0.2358 0.2017
69 0.2089 0.4089 0.2122 0.1627 0.0073
70 0.4705 0.1976 0.1976 0.1190 0.0154
71 0.3342 0.1906 0.2262 0.2297 0.0192
72 0.0886 0.0900 0.5181 0.2372 0.0659
73 0.0637 0.0374 0.7515 0.1456 0.0018
74 0.2172 0.0851 0.4187 0.0751 0.2040
75 0.1404 0.4429 0.1483 0.1415 0.1268
76 0.0382 0.0836 0.7446 0.1216 0.0120
77 0.0193 0.1605 0.1270 0.6450 0.0482
78 0.3950 0.1376 0.1672 0.1014 0.1986
79 0.3416 0.1758 0.3184 0.0831 0.0811
80 0.1947 0.1093 0.5376 0.1287 0.0296
81 0.2006 0.1785 0.3689 0.0693 0.1826
82 0.1082 0.0656 0.5239 0.2761 0.0261
83 0.3953 0.1881 0.2847 0.0841 0.0479
84 0.2534 0.0315 0.3955 0.2615 0.0583
85 0.3262 0.0059 0.1339 0.5215 0.0126
86 0.1700 0.1727 0.1868 0.3894 0.0810
87 0.1187 0.0461 0.4695 0.2847 0.0809
88 0.2546 0.0309 0.1545 0.5225 0.0373
89 0.3062 0.0084 0.0553 0.5635 0.0668
90 0.3550 0.0363 0.2478 0.2852 0.0756
91 0.1395 0.0107 0.2566 0.5693 0.0242
92 0.3860 0.2131 0.1387 0.0698 0.1925
93 0.2612 0.0188 0.2695 0.4045 0.0457
94 0.4695 0.0479 0.4341 0.0239 0.0245
95 0.2849 0.0227 0.2255 0.4312 0.0357
96 0.4238 0.1910 0.3542 0.0111 0.0198
97 0.2969 0.0062 0.0642 0.6094 0.0234
98 0.1387 0.0385 0.4478 0.3542 0.0209
99 0.2131 0.0061 0.1442 0.6167 0.0198
100 0.3110 0.0067 0.1227 0.5210 0.0386
101 0.6934 0.0630 0.0991 0.0655 0.0790
102 0.6221 0.0835 0.1660 0.0976 0.0310
103 0.1556 0.0198 0.5874 0.2126 0.0246
104 0.7051 0.1868 0.0737 0.0118 0.0227
105 0.2810 0.0553 0.2311 0.2155 0.2172
106 0.3489 0.1039 0.1926 0.2761 0.0785
107 0.3022 0.0079 0.1202 0.5303 0.0393
108 0.4536 0.0304 0.1708 0.3142 0.0311
109 0.3916 0.0109 0.3511 0.2339 0.0125
110 0.4229 0.0117 0.1847 0.3293 0.0513
111 0.4360 0.0313 0.1694 0.3140 0.0493
112 0.2423 0.0318 0.3210 0.3582 0.0470
113 0.4312 0.0064 0.0970 0.4380 0.0274
114 0.5244 0.1613 0.1515 0.1117 0.0511
115 0.1163 0.0301 0.2242 0.6099 0.0196
116 0.2157 0.1052 0.2644 0.3906 0.0242
117 0.2878 0.1932 0.3726 0.1101 0.0363
118 0.6118 0.0150 0.0771 0.2632 0.0329
119 0.3228 0.0230 0.2717 0.3176 0.0651
120 0.3149 0.0875 0.3276 0.1387 0.1313
121 0.4766 0.0117 0.1635 0.3054 0.0430
122 0.1704 0.0566 0.4026 0.3608 0.0094
123 0.4263 0.0109 0.2300 0.2751 0.0577
124 0.3486 0.3655 0.1987 0.0620 0.0251
125 0.3904 0.0618 0.3237 0.0972 0.1268
126 0.4880 0.1205 0.2306 0.1089 0.0518
127 0.2151 0.1245 0.4414 0.1715 0.0476
128 0.3667 0.0094 0.2330 0.3286 0.0622
129 0.6826 0.0265 0.1659 0.1158 0.0094
130 0.1384 0.0264 0.2178 0.5063 0.1112
131 0.1711 0.0629 0.3887 0.3323 0.0450
132 0.3811 0.0408 0.2788 0.2620 0.0374
133 0.3740 0.1031 0.2983 0.2002 0.0243
134 0.1511 0.2891 0.2915 0.1263 0.1420
135 0.1381 0.1541 0.4597 0.2104 0.0378
136 0.0598 0.0598 0.2057 0.1414 0.5332
137 0.4436 0.0324 0.1658 0.3296 0.0288
138 0.2595 0.0487 0.4146 0.2380 0.0392
139 0.1561 0.2069 0.4736 0.0779 0.0856
140 0.4219 0.2539 0.1732 0.0787 0.0722
141 0.2761 0.0228 0.3438 0.3330 0.0243
142 0.3787 0.0154 0.1449 0.3967 0.0643
143 0.2173 0.0806 0.0812 0.4973 0.1238
144 0.3862 0.1064 0.2698 0.2201 0.0175
145 0.5845 0.0300 0.1661 0.0961 0.1234
146 0.2484 0.0184 0.0839 0.4497 0.1996
147 0.2375 0.0373 0.2776 0.4041 0.0436
148 0.4565 0.1494 0.2522 0.1163 0.0256
149 0.2876 0.0148 0.2617 0.4185 0.0175
150 0.3777 0.0829 0.2255 0.2988 0.0151
151 0.2485 0.0537 0.2861 0.4004 0.0114
152 0.2299 0.0334 0.2159 0.2605 0.2605
153 0.2024 0.1947 0.3608 0.1962 0.0459
154 0.1007 0.0561 0.6074 0.2166 0.0192
155 0.1958 0.0651 0.4019 0.2595 0.0779
156 0.5107 0.0151 0.1232 0.3296 0.0214
157 0.3779 0.2422 0.3086 0.0421 0.0291
158 0.4468 0.0186 0.1593 0.3479 0.0275
159 0.3811 0.0371 0.2766 0.2744 0.0306
160 0.6909 0.0613 0.1350 0.0906 0.0220
161 0.1864 0.0634 0.4543 0.2798 0.0159
162 0.1146 0.0062 0.0633 0.7827 0.0331
163 0.1697 0.0076 0.1185 0.6709 0.0331
164 0.2996 0.0521 0.3586 0.2524 0.0372
165 0.2131 0.0999 0.6069 0.0742 0.0056
166 0.6104 0.0173 0.0826 0.2390 0.0505
167 0.0885 0.0438 0.4495 0.4028 0.0153
168 0.4409 0.0499 0.1234 0.0423 0.3435
169 0.4429 0.0125 0.2028 0.3191 0.0228
170 0.2211 0.3215 0.3821 0.0505 0.0248
171 0.3762 0.1078 0.2429 0.1863 0.0866
172 0.4915 0.0991 0.1185 0.2734 0.0175
173 0.5811 0.0129 0.1704 0.1814 0.0544
174 0.8428 0.0074 0.0291 0.0815 0.0391
175 0.1646 0.0895 0.1343 0.4836 0.1282
176 0.1526 0.1884 0.3748 0.2615 0.0229
177 0.3579 0.0884 0.1359 0.3335 0.0844
178 0.2335 0.0275 0.1028 0.5601 0.0758
179 0.2246 0.0237 0.1593 0.3943 0.1982
180 0.2159 0.0456 0.2410 0.2410 0.2566
181 0.3452 0.0105 0.3193 0.3047 0.0201
182 0.8135 0.0477 0.0757 0.0197 0.0431
183 0.7935 0.0303 0.1099 0.0455 0.0210
184 0.6870 0.0241 0.1908 0.0814 0.0167
185 0.1630 0.1250 0.1708 0.4866 0.0546
186 0.1348 0.1992 0.4558 0.1758 0.0343
187 0.2695 0.3984 0.1942 0.1273 0.0103
188 0.3245 0.2566 0.1231 0.2908 0.0051
189 0.1333 0.1823 0.3511 0.3247 0.0085
190 0.1450 0.3071 0.4985 0.0471 0.0023
191 0.2458 0.2274 0.4814 0.0437 0.0015
192 0.2484 0.1790 0.4866 0.0833 0.0028
193 0.2559 0.2089 0.4219 0.1118 0.0015
194 0.3164 0.2175 0.3701 0.0907 0.0053
195 0.1227 0.1930 0.6431 0.0380 0.0034
196 0.3865 0.1649 0.3630 0.0682 0.0171
197 0.4363 0.1270 0.2773 0.1270 0.0326
198 0.2766 0.2024 0.2155 0.2898 0.0157
199 0.3462 0.1741 0.2003 0.2612 0.0182
200 0.3313 0.2242 0.2350 0.1627 0.0466
201 0.3364 0.1665 0.2385 0.2461 0.0125
202 0.1831 0.2174 0.3018 0.2793 0.0184
203 0.1059 0.2581 0.1918 0.4321 0.0121
204 0.2546 0.1029 0.1570 0.4136 0.0718
205 0.6646 0.1093 0.0159 0.0449 0.1654
206 0.6675 0.1089 0.0158 0.0458 0.1622
207 0.6675 0.1089 0.0158 0.0458 0.1622
208 0.6655 0.1086 0.0160 0.0467 0.1631
209 0.6655 0.1086 0.0160 0.0467 0.1631
210 0.2037 0.2830 0.2496 0.2310 0.0327
