time exciting_prob fearful_prob tense_prob sad_prob relaxing_prob
0 0.2037 0.2830 0.2496 0.2310 0.0327
1 0.3132 0.1379 0.0963 0.1390 0.3132
2 0.1364 0.0403 0.1029 0.6401 0.0801
3 0.1173 0.0512 0.1155 0.6646 0.0512
4 0.1185 0.0559 0.1281 0.6504 0.0471
5 0.0497 0.5469 0.0403 0.0966 0.2666
6 0.0468 0.5483 0.0370 0.0875 0.2803
7 0.0401 0.2203 0.0948 0.0641 0.5806
8 0.0460 0.2374 0.1251 0.0649 0.5269
9 0.0527 0.3655 0.1674 0.0969 0.3176
10 0.0495 0.3777 0.1959 0.1134 0.2637
11 0.0711 0.3843 0.1482 0.1018 0.2947
12 0.0692 0.2114 0.0640 0.0895 0.5659
13 0.0452 0.3240 0.1173 0.0497 0.4639
14 0.0334 0.2079 0.1078 0.0586 0.5923
15 0.0350 0.2393 0.1046 0.0560 0.5649
16 0.0344 0.2428 0.1129 0.0542 0.5557
17 0.0440 0.1635 0.0630 0.1768 0.5527
18 0.0527 0.3333 0.0823 0.2327 0.2988
19 0.0264 0.2313 0.0663 0.3696 0.3064
20 0.0592 0.0427 0.4731 0.1796 0.2455
21 0.0245 0.0230 0.2360 0.1047 0.6118
22 0.0194 0.0793 0.6748 0.1506 0.0757
23 0.0753 0.5229 0.3171 0.0790 0.0056
24 0.0806 0.1288 0.4158 0.1903 0.1844
25 0.0318 0.0508 0.3696 0.1666 0.3813
26 0.0327 0.7510 0.1503 0.0579 0.0080
27 0.0308 0.4773 0.3181 0.1625 0.0114
28 0.0260 0.2725 0.3391 0.3186 0.0438
29 0.0425 0.3784 0.3042 0.2368 0.0381
30 0.0964 0.2993 0.1481 0.4026 0.0536
31 0.2524 0.3450 0.2297 0.1519 0.0210
32 0.0681 0.7676 0.0543 0.1080 0.0020
33 0.0519 0.3833 0.1151 0.4482 0.0014
34 0.0709 0.6177 0.0476 0.2615 0.0025
35 0.0992 0.3926 0.2871 0.2134 0.0077
36 0.1234 0.4241 0.0778 0.3655 0.0092
37 0.1415 0.4460 0.0387 0.3669 0.0069
38 0.2148 0.5156 0.0487 0.2133 0.0076
39 0.0573 0.2629 0.2712 0.3884 0.0201
40 0.2815 0.3191 0.2192 0.1543 0.0260
41 0.0572 0.2927 0.1146 0.5303 0.0054
42 0.0790 0.2866 0.0999 0.5312 0.0032
43 0.0696 0.1340 0.3267 0.4680 0.0016
44 0.0409 0.1980 0.1182 0.6392 0.0037
45 0.0830 0.7573 0.0768 0.0750 0.0080
46 0.0936 0.5732 0.0525 0.2644 0.0164
47 0.0208 0.2040 0.4971 0.2744 0.0037
48 0.0264 0.2600 0.4353 0.2766 0.0018
49 0.0546 0.6294 0.1060 0.2026 0.0076
50 0.0679 0.3140 0.0942 0.5137 0.0105
51 0.0304 0.0706 0.5645 0.3318 0.0029
52 0.0501 0.3455 0.0680 0.5269 0.0097
53 0.0114 0.5244 0.2135 0.2496 0.0009
54 0.0100 0.4919 0.2473 0.2493 0.0015
55 0.0847 0.5186 0.1968 0.1792 0.0211
56 0.0088 0.3088 0.5337 0.1482 0.0008
57 0.1375 0.5972 0.0895 0.1711 0.0046
58 0.0258 0.5918 0.2883 0.0922 0.0017
59 0.0321 0.2175 0.4062 0.3420 0.0019
60 0.0396 0.2771 0.1309 0.5508 0.0017
61 0.0195 0.1486 0.0517 0.7783 0.0020
62 0.0544 0.2437 0.4998 0.1868 0.0154
63 0.0377 0.6523 0.2637 0.0414 0.0048
64 0.0648 0.2483 0.3557 0.3140 0.0173
65 0.1946 0.5547 0.1381 0.0891 0.0238
66 0.1149 0.4580 0.1252 0.2866 0.0152
67 0.1193 0.4985 0.1221 0.2467 0.0133
68 0.0489 0.7822 0.0369 0.1267 0.0051
69 0.0357 0.5244 0.1575 0.2808 0.0018
70 0.2778 0.1054 0.1292 0.4043 0.0834
71 0.0659 0.2773 0.1439 0.3193 0.1936
72 0.0787 0.2703 0.1665 0.3752 0.1092
73 0.0805 0.2944 0.2024 0.2441 0.1786
74 0.1187 0.6514 0.1699 0.0440 0.0159
75 0.2040 0.1296 0.1588 0.4668 0.0408
76 0.2180 0.2910 0.1464 0.3350 0.0097
77 0.0413 0.3098 0.3738 0.2649 0.0102
78 0.0714 0.4956 0.3406 0.0841 0.0083
79 0.1271 0.6299 0.0464 0.1331 0.0634
80 0.0554 0.6963 0.1788 0.0387 0.0306
81 0.0773 0.5117 0.2532 0.1324 0.0255
82 0.0777 0.1864 0.0644 0.1062 0.5654
83 0.0725 0.3198 0.2233 0.2571 0.1272
84 0.0477 0.5547 0.1641 0.1692 0.0642
85 0.0637 0.2683 0.1787 0.3340 0.1553
86 0.0638 0.2373 0.1462 0.3398 0.2128
87 0.0483 0.2065 0.1910 0.3569 0.1971
88 0.0875 0.4172 0.2452 0.0468 0.2034
89 0.0900 0.3093 0.1630 0.3044 0.1331
90 0.5518 0.0314 0.0770 0.1045 0.2355
91 0.3740 0.0946 0.1910 0.1926 0.1477
92 0.2874 0.1433 0.2874 0.2273 0.0548
93 0.3743 0.2166 0.1536 0.1957 0.0601
94 0.3784 0.1918 0.0541 0.2725 0.1034
95 0.3416 0.3870 0.0451 0.1613 0.0652
96 0.3044 0.3645 0.0490 0.2013 0.0807
97 0.3550 0.3013 0.0622 0.2023 0.0792
98 0.4165 0.3000 0.0391 0.1737 0.0707
99 0.4595 0.3184 0.0466 0.0844 0.0912
100 0.5083 0.3081 0.0557 0.0536 0.0743
101 0.1407 0.0697 0.1621 0.2844 0.3430
102 0.2417 0.0791 0.2036 0.2101 0.2656
103 0.3503 0.0958 0.2729 0.2408 0.0399
104 0.3052 0.1055 0.2303 0.3352 0.0239
105 0.2406 0.2406 0.3611 0.1210 0.0366
106 0.2196 0.3621 0.2488 0.1332 0.0364
107 0.0527 0.2219 0.3384 0.3491 0.0380
108 0.4050 0.2327 0.1884 0.1041 0.0698
109 0.1425 0.0333 0.3870 0.4185 0.0187
110 0.1628 0.1437 0.2261 0.4568 0.0107
111 0.2974 0.1776 0.1220 0.3940 0.0091
112 0.3196 0.0747 0.2000 0.3916 0.0143
113 0.2827 0.0621 0.1040 0.5366 0.0145
114 0.6138 0.0912 0.0851 0.1787 0.0311
115 0.4937 0.2058 0.0524 0.2074 0.0408
116 0.4905 0.2861 0.0729 0.0929 0.0577
117 0.4771 0.1356 0.1345 0.2418 0.0109
118 0.2435 0.2324 0.1273 0.3862 0.0106
119 0.1432 0.0487 0.1410 0.6621 0.0051
120 0.0658 0.1309 0.2903 0.4788 0.0344
121 0.0745 0.1119 0.5015 0.2947 0.0176
122 0.1008 0.2534 0.3689 0.2615 0.0153
123 0.1643 0.2246 0.4197 0.1722 0.0190
124 0.2974 0.2583 0.2012 0.1495 0.0936
125 0.3921 0.2035 0.0861 0.1838 0.1345
126 0.2058 0.0438 0.0599 0.6694 0.0212
127 0.1208 0.1338 0.4185 0.3159 0.0112
128 0.5137 0.3557 0.0497 0.0421 0.0390
129 0.3020 0.1875 0.2296 0.2561 0.0248
130 0.6240 0.1747 0.0613 0.1011 0.0387
131 0.4080 0.2961 0.0454 0.1537 0.0969
132 0.5654 0.2734 0.0429 0.0930 0.0252
133 0.1820 0.4102 0.3096 0.0867 0.0115
134 0.1808 0.5835 0.1895 0.0382 0.0081
135 0.1300 0.4983 0.1906 0.1605 0.0207
136 0.0428 0.5298 0.3066 0.1146 0.0064
137 0.1478 0.4209 0.1727 0.2362 0.0223
138 0.1686 0.1442 0.5527 0.1312 0.0033
139 0.1370 0.2744 0.2104 0.3750 0.0032
140 0.1923 0.6113 0.1620 0.0235 0.0111
141 0.3140 0.2124 0.1874 0.2522 0.0341
142 0.1969 0.4202 0.1385 0.2356 0.0089
143 0.2634 0.3279 0.3130 0.0883 0.0075
144 0.1061 0.3320 0.3589 0.1982 0.0048
145 0.1055 0.1866 0.3381 0.3599 0.0099
146 0.1199 0.1370 0.4026 0.3235 0.0171
147 0.1118 0.3782 0.2224 0.2810 0.0064
148 0.2144 0.1061 0.4004 0.2627 0.0165
149 0.0589 0.3579 0.2876 0.2920 0.0036
150 0.0555 0.2095 0.6763 0.0573 0.0017
151 0.2563 0.1220 0.0751 0.5020 0.0449
152 0.2418 0.0693 0.1008 0.5713 0.0170
153 0.1350 0.1350 0.1483 0.5508 0.0308
154 0.0931 0.1794 0.2959 0.3918 0.0397
155 0.0709 0.3032 0.4080 0.2084 0.0096
156 0.0335 0.1064 0.7500 0.1080 0.0020
157 0.3706 0.2649 0.0309 0.1765 0.1570
158 0.1462 0.1908 0.0367 0.2162 0.4102
159 0.0655 0.4141 0.1523 0.3599 0.0083
160 0.1201 0.2075 0.2708 0.3818 0.0198
161 0.1261 0.1131 0.2712 0.4761 0.0135
162 0.3423 0.1965 0.1996 0.2524 0.0093
163 0.1992 0.1786 0.2404 0.3496 0.0320
164 0.2205 0.3809 0.2832 0.0933 0.0222
165 0.2334 0.1460 0.0928 0.5176 0.0099
166 0.1832 0.1202 0.2666 0.4194 0.0106
167 0.1938 0.1632 0.1710 0.4648 0.0070
168 0.5991 0.1296 0.1946 0.0627 0.0140
169 0.4360 0.0886 0.3191 0.1331 0.0231
170 0.2096 0.2732 0.2284 0.2627 0.0260
171 0.1339 0.2244 0.2705 0.3584 0.0128
172 0.2032 0.4800 0.0895 0.2197 0.0075
173 0.0576 0.3970 0.0609 0.4714 0.0129
174 0.1902 0.2443 0.1787 0.3782 0.0087
175 0.0710 0.2365 0.2291 0.4556 0.0078
176 0.0787 0.3530 0.3699 0.1566 0.0418
177 0.0726 0.2004 0.3804 0.3203 0.0263
178 0.1547 0.0630 0.1365 0.6313 0.0146
179 0.4641 0.1137 0.2996 0.0613 0.0613
180 0.0792 0.1134 0.2720 0.5005 0.0351
181 0.4209 0.2019 0.2698 0.0925 0.0150
182 0.2925 0.3342 0.1874 0.1788 0.0070
183 0.0405 0.1172 0.1995 0.5254 0.1172
184 0.4734 0.2698 0.1478 0.0842 0.0249
185 0.0805 0.1704 0.4561 0.2294 0.0637
186 0.1058 0.3472 0.3582 0.0831 0.1058
187 0.1475 0.4404 0.3376 0.0615 0.0129
188 0.3611 0.1918 0.1505 0.2947 0.0021
189 0.2069 0.3359 0.1611 0.2917 0.0042
190 0.5234 0.1571 0.0736 0.2216 0.0245
191 0.5801 0.2343 0.0720 0.0947 0.0191
192 0.1654 0.0928 0.0942 0.6050 0.0425
193 0.1321 0.1952 0.0894 0.5303 0.0529
194 0.1913 0.1714 0.0816 0.4080 0.1477
195 0.1974 0.3206 0.1688 0.3010 0.0122
196 0.2345 0.1337 0.2383 0.3467 0.0469
197 0.5239 0.1098 0.1700 0.0682 0.1283
198 0.1812 0.0646 0.1501 0.4924 0.1116
199 0.1382 0.0684 0.1339 0.6094 0.0500
200 0.0717 0.6343 0.0331 0.1506 0.1102
201 0.1454 0.5488 0.0447 0.0760 0.1852
202 0.1255 0.6733 0.0322 0.0829 0.0862
203 0.1179 0.5122 0.0441 0.2421 0.0836
204 0.1223 0.5923 0.0439 0.0952 0.1462
205 0.1313 0.5977 0.0334 0.0479 0.1896
206 0.1250 0.5645 0.0555 0.0614 0.1936
207 0.1655 0.5645 0.0268 0.0449 0.1981
208 0.0487 0.6421 0.1649 0.0588 0.0856
209 0.0833 0.1087 0.0403 0.6558 0.1121
210 0.2766 0.0837 0.2366 0.3960 0.0072
211 0.0953 0.0635 0.1429 0.6113 0.0867
212 0.1567 0.2524 0.0944 0.4790 0.0173
213 0.2200 0.3079 0.0539 0.3831 0.0353
214 0.1738 0.1487 0.4106 0.2571 0.0098
215 0.1918 0.4253 0.2041 0.1774 0.0014
216 0.2440 0.5327 0.0693 0.1117 0.0421
217 0.0720 0.1838 0.1454 0.5664 0.0324
218 0.1510 0.7314 0.0391 0.0654 0.0130
219 0.1400 0.7510 0.0357 0.0616 0.0117
220 0.2632 0.0569 0.0539 0.6123 0.0137
221 0.1600 0.0558 0.1901 0.5854 0.0087
222 0.1225 0.0410 0.1598 0.6621 0.0146
223 0.5220 0.0900 0.0525 0.3069 0.0288
224 0.4180 0.1295 0.0693 0.3577 0.0255
225 0.3879 0.0432 0.1249 0.4260 0.0180
226 0.5796 0.1687 0.1031 0.1420 0.0066
227 0.1379 0.0641 0.2876 0.1691 0.3413
228 0.0468 0.2908 0.3047 0.2266 0.1311
229 0.1223 0.0342 0.0397 0.7974 0.0066
230 0.0721 0.3337 0.2479 0.3284 0.0178
231 0.1588 0.0727 0.1010 0.6582 0.0092
232 0.1567 0.1300 0.2211 0.4905 0.0017
233 0.5889 0.0855 0.1973 0.1016 0.0267
234 0.1066 0.0363 0.2556 0.5674 0.0341
235 0.1067 0.3525 0.1026 0.4219 0.0161
236 0.1394 0.1763 0.3044 0.3674 0.0125
237 0.2224 0.0627 0.2123 0.4858 0.0168
238 0.1156 0.1069 0.3191 0.4502 0.0082
239 0.3540 0.1409 0.0502 0.4475 0.0075
240 0.0717 0.0285 0.0229 0.7021 0.1748
241 0.0930 0.0660 0.0359 0.6260 0.1793
242 0.0957 0.0537 0.0363 0.5952 0.2190
243 0.1448 0.0695 0.1542 0.5552 0.0763
244 0.1588 0.0739 0.1771 0.4968 0.0934
245 0.1415 0.0311 0.1102 0.6245 0.0928
246 0.1534 0.0322 0.1233 0.5791 0.1122
247 0.0156 0.6367 0.2235 0.1234 0.0009
248 0.0154 0.5977 0.2065 0.1794 0.0009
249 0.0239 0.3953 0.2019 0.3772 0.0016
250 0.0324 0.5474 0.1722 0.2468 0.0010
251 0.0475 0.2214 0.1451 0.5835 0.0026
252 0.0986 0.5049 0.1589 0.2275 0.0099
253 0.0289 0.2683 0.2900 0.3904 0.0225
254 0.0301 0.2039 0.3206 0.4182 0.0274
255 0.0373 0.2886 0.3706 0.2507 0.0529
256 0.0285 0.2125 0.2861 0.4500 0.0229
257 0.2983 0.1926 0.0882 0.1224 0.2983
258 0.2209 0.1542 0.0794 0.1667 0.3787
259 0.2260 0.1448 0.0838 0.1815 0.3640
260 0.2705 0.1641 0.1360 0.3113 0.1182
261 0.2705 0.1641 0.1360 0.3113 0.1182
262 0.3823 0.1606 0.0321 0.3508 0.0741
263 0.3821 0.1605 0.0323 0.3506 0.0746
264 0.8613 0.0600 0.0072 0.0521 0.0195
265 0.8613 0.0600 0.0072 0.0521 0.0195
266 0.2456 0.0883 0.0185 0.5801 0.0677
267 0.2456 0.0883 0.0185 0.5801 0.0677
268 0.2456 0.0883 0.0185 0.5801 0.0677
269 0.2252 0.1064 0.0205 0.5752 0.0726
270 0.1874 0.0892 0.0188 0.6240 0.0806
271 0.2037 0.2830 0.2496 0.2310 0.0327
272 0.2037 0.2830 0.2496 0.2310 0.0327
