time exciting_prob fearful_prob tense_prob sad_prob relaxing_prob
0 0.2037 0.2830 0.2496 0.2310 0.0327
1 0.1443 0.1023 0.1334 0.5981 0.0220
2 0.1553 0.1019 0.3088 0.4221 0.0118
3 0.1276 0.1041 0.3157 0.4182 0.0343
4 0.7554 0.1808 0.0356 0.0195 0.0087
5 0.0812 0.0613 0.2969 0.5376 0.0229
6 0.1346 0.0699 0.4924 0.2805 0.0223
7 0.1969 0.1252 0.5352 0.1006 0.0419
8 0.1786 0.1349 0.3723 0.3040 0.0103
9 0.1619 0.1078 0.3945 0.3220 0.0139
10 0.0987 0.1653 0.4709 0.2600 0.0050
11 0.2404 0.1758 0.4153 0.1602 0.0085
12 0.0567 0.1979 0.5815 0.1589 0.0050
13 0.3132 0.0511 0.3838 0.2152 0.0368
14 0.4526 0.0272 0.0622 0.4253 0.0325
15 0.4858 0.0627 0.0689 0.3499 0.0326
16 0.0651 0.1825 0.6074 0.1377 0.0072
17 0.2367 0.0194 0.6045 0.1267 0.0126
18 0.2698 0.0122 0.5986 0.1107 0.0089
19 0.1442 0.0592 0.3740 0.3567 0.0660
20 0.2615 0.0932 0.4807 0.1561 0.0086
21 0.2319 0.0696 0.4333 0.2284 0.0367
22 0.2020 0.0410 0.5752 0.1700 0.0116
23 0.0872 0.2771 0.4863 0.1372 0.0121
24 0.5371 0.0247 0.1492 0.2620 0.0270
25 0.1099 0.0588 0.4346 0.3604 0.0363
26 0.1471 0.0800 0.3528 0.3999 0.0202
27 0.3472 0.0459 0.2350 0.2500 0.1219
28 0.3452 0.0222 0.2487 0.3733 0.0108
29 0.2408 0.0146 0.2485 0.4866 0.0094
30 0.2534 0.0848 0.5361 0.1107 0.0147
31 0.1135 0.0768 0.4087 0.3838 0.0173
32 0.0665 0.0696 0.2080 0.6509 0.0052
33 0.1742 0.0651 0.1825 0.5532 0.0249
34 0.3340 0.0627 0.3845 0.1995 0.0191
35 0.1980 0.0525 0.4976 0.2010 0.0508
36 0.0526 0.5225 0.4133 0.0099 0.0018
37 0.3794 0.1569 0.1581 0.2355 0.0702
38 0.2267 0.0391 0.3003 0.3567 0.0771
39 0.0869 0.2325 0.4922 0.1868 0.0016
40 0.0591 0.0568 0.0297 0.1121 0.7422
41 0.1387 0.2396 0.0518 0.3225 0.2473
42 0.0631 0.1913 0.3630 0.3574 0.0251
43 0.0373 0.0050 0.0025 0.0091 0.9463
44 0.0924 0.0714 0.2473 0.5840 0.0050
45 0.0773 0.0330 0.0993 0.7749 0.0154
46 0.1287 0.0986 0.3037 0.4561 0.0130
47 0.0890 0.1456 0.6787 0.0850 0.0018
48 0.0232 0.1465 0.8042 0.0255 0.0006
49 0.1409 0.0367 0.1621 0.6509 0.0093
50 0.2815 0.0599 0.1935 0.4429 0.0220
51 0.3538 0.1013 0.3884 0.1486 0.0079
52 0.1119 0.0338 0.8140 0.0375 0.0029
53 0.1315 0.0114 0.8379 0.0185 0.0008
54 0.1569 0.0118 0.7603 0.0634 0.0076
55 0.2725 0.0272 0.2090 0.4028 0.0885
56 0.2365 0.0933 0.5249 0.1390 0.0065
57 0.1956 0.1376 0.5483 0.0975 0.0211
58 0.3303 0.0376 0.2869 0.3408 0.0045
59 0.3914 0.1087 0.4102 0.0807 0.0090
60 0.3818 0.1875 0.3318 0.0914 0.0074
61 0.0983 0.1014 0.3770 0.4075 0.0159
62 0.1401 0.0818 0.4219 0.3552 0.0011
63 0.4390 0.0264 0.1238 0.3696 0.0415
64 0.4897 0.0355 0.1887 0.2500 0.0360
65 0.4502 0.0140 0.1351 0.3398 0.0609
66 0.1584 0.0601 0.5527 0.2198 0.0087
67 0.4346 0.1315 0.3958 0.0368 0.0016
68 0.1765 0.0282 0.3350 0.3350 0.1252
69 0.1340 0.0572 0.3938 0.3215 0.0936
70 0.1584 0.0440 0.3406 0.4375 0.0195
71 0.4241 0.0063 0.3008 0.2493 0.0195
72 0.1855 0.0602 0.3806 0.3577 0.0160
73 0.0551 0.1570 0.1498 0.6113 0.0271
74 0.1478 0.0354 0.4019 0.4082 0.0070
75 0.1412 0.1277 0.1962 0.5088 0.0261
76 0.0671 0.1356 0.4517 0.3408 0.0047
77 0.2949 0.0139 0.4785 0.1964 0.0163
78 0.2842 0.0223 0.5742 0.1030 0.0162
79 0.0321 0.0573 0.2412 0.6660 0.0031
80 0.2512 0.1080 0.2018 0.4272 0.0119
81 0.1262 0.0239 0.4270 0.4138 0.0093
82 0.2830 0.0323 0.2274 0.4182 0.0389
83 0.2036 0.0933 0.3010 0.3745 0.0276
84 0.1746 0.0402 0.1238 0.6387 0.0231
85 0.7275 0.0223 0.0955 0.1073 0.0472
86 0.4546 0.0502 0.2322 0.2250 0.0382
87 0.5195 0.0293 0.1376 0.2695 0.0443
88 0.4714 0.0306 0.1761 0.2905 0.0313
89 0.1716 0.0710 0.2421 0.4966 0.0188
90 0.2927 0.0238 0.3318 0.3423 0.0093
91 0.2021 0.0519 0.2720 0.4700 0.0037
92 0.3552 0.0101 0.5767 0.0528 0.0053
93 0.0692 0.0822 0.5884 0.2532 0.0072
94 0.0922 0.0160 0.3645 0.4905 0.0370
95 0.1484 0.0654 0.4431 0.2159 0.1270
96 0.4805 0.0181 0.1661 0.3008 0.0345
97 0.3494 0.0156 0.0744 0.5161 0.0444
98 0.1290 0.1484 0.4363 0.2773 0.0089
99 0.2871 0.0797 0.2417 0.3862 0.0054
100 0.0903 0.0671 0.2913 0.5444 0.0071
101 0.1282 0.0472 0.6411 0.1699 0.0136
102 0.1680 0.4224 0.2026 0.2058 0.0014
103 0.0930 0.1722 0.3374 0.3762 0.0211
104 0.4563 0.0775 0.2155 0.2223 0.0285
105 0.4319 0.0184 0.1010 0.4187 0.0299
106 0.0339 0.1003 0.2812 0.5254 0.0590
107 0.2015 0.0329 0.2356 0.5229 0.0071
108 0.3601 0.1099 0.4277 0.0955 0.0068
109 0.2729 0.0288 0.2299 0.4573 0.0111
110 0.2230 0.1373 0.2527 0.3794 0.0077
111 0.0664 0.0490 0.0321 0.1497 0.7026
112 0.0382 0.0164 0.0122 0.0840 0.8491
113 0.0604 0.1238 0.0463 0.6538 0.1154
114 0.0783 0.1332 0.4797 0.3049 0.0040
115 0.1973 0.0227 0.5361 0.2379 0.0061
116 0.1719 0.0372 0.2350 0.5547 0.0012
117 0.0788 0.1495 0.1951 0.5732 0.0034
118 0.1177 0.1741 0.2695 0.4307 0.0079
119 0.1333 0.0534 0.2651 0.5439 0.0043
120 0.1783 0.0911 0.4553 0.2676 0.0076
121 0.2175 0.1111 0.2927 0.3757 0.0030
122 0.1785 0.1009 0.2720 0.4417 0.0070
123 0.2590 0.0461 0.2080 0.3484 0.1385
124 0.2491 0.0440 0.1488 0.5034 0.0547
125 0.1415 0.0432 0.2996 0.4861 0.0299
126 0.1471 0.0242 0.1360 0.5728 0.1201
127 0.0889 0.0660 0.1443 0.5977 0.1031
128 0.0956 0.1602 0.5859 0.1287 0.0296
129 0.1179 0.0179 0.5366 0.3057 0.0218
130 0.0942 0.0301 0.5952 0.2443 0.0363
131 0.2313 0.0613 0.2622 0.4321 0.0129
132 0.1284 0.0842 0.5752 0.1897 0.0225
133 0.0823 0.0641 0.5122 0.3359 0.0055
134 0.3381 0.0461 0.4995 0.1132 0.0030
135 0.1047 0.0709 0.6519 0.1525 0.0202
136 0.2805 0.0371 0.3127 0.3435 0.0261
137 0.2700 0.0504 0.4666 0.1689 0.0441
138 0.2668 0.0400 0.3374 0.2930 0.0629
139 0.1648 0.0999 0.3772 0.3433 0.0149
140 0.0578 0.0720 0.6025 0.2632 0.0045
141 0.0930 0.1765 0.4507 0.2096 0.0702
142 0.2415 0.0681 0.4509 0.1659 0.0736
143 0.0818 0.0571 0.3726 0.4424 0.0459
144 0.0888 0.0861 0.5273 0.2571 0.0407
145 0.1411 0.0829 0.2554 0.2986 0.2219
146 0.1156 0.1484 0.0464 0.1250 0.5645
147 0.1388 0.2201 0.0305 0.0660 0.5444
148 0.0903 0.0848 0.0343 0.2288 0.5620
149 0.0805 0.0871 0.0272 0.0231 0.7822
150 0.1526 0.0792 0.0253 0.1625 0.5806
151 0.2915 0.2166 0.0848 0.1313 0.2759
152 0.2191 0.0572 0.0336 0.1964 0.4937
153 0.1652 0.0193 0.0049 0.0470 0.7637
154 0.0625 0.0416 0.0038 0.0089 0.8833
155 0.1581 0.4131 0.0124 0.0160 0.4004
156 0.1519 0.0550 0.2708 0.5059 0.0166
157 0.1250 0.0521 0.3142 0.4792 0.0292
158 0.1119 0.0706 0.2727 0.5093 0.0355
159 0.1733 0.3342 0.1875 0.2297 0.0751
160 0.1432 0.0356 0.0939 0.1432 0.5840
161 0.1522 0.0654 0.4336 0.3376 0.0111
162 0.1440 0.0742 0.5186 0.2527 0.0104
163 0.0898 0.0438 0.2681 0.5679 0.0306
164 0.0916 0.0610 0.7671 0.0759 0.0046
165 0.1085 0.0872 0.5684 0.2225 0.0134
166 0.1252 0.0640 0.3799 0.4172 0.0138
167 0.1243 0.2395 0.4690 0.1646 0.0028
168 0.2084 0.0597 0.2849 0.3772 0.0698
169 0.1888 0.0533 0.3584 0.3755 0.0240
170 0.1323 0.1030 0.3711 0.3889 0.0048
171 0.2074 0.1146 0.5298 0.1318 0.0165
172 0.1140 0.1521 0.5830 0.1353 0.0155
173 0.1451 0.0534 0.4614 0.3323 0.0078
174 0.0682 0.0836 0.3987 0.4448 0.0047
175 0.2664 0.0541 0.3816 0.2881 0.0096
176 0.1398 0.0931 0.4509 0.3101 0.0062
177 0.1245 0.1032 0.5845 0.1702 0.0177
178 0.1293 0.0342 0.6460 0.1794 0.0109
179 0.0672 0.3281 0.3386 0.2595 0.0065
180 0.2172 0.1772 0.3811 0.2137 0.0107
181 0.3125 0.1511 0.5073 0.0191 0.0099
182 0.3057 0.0803 0.4517 0.1294 0.0330
183 0.2030 0.0350 0.2817 0.2954 0.1848
184 0.2766 0.0325 0.2056 0.4023 0.0830
185 0.3960 0.0287 0.3037 0.2292 0.0424
186 0.3445 0.0278 0.4353 0.1787 0.0138
187 0.2576 0.0374 0.4248 0.2659 0.0144
188 0.0424 0.2634 0.5757 0.1151 0.0036
189 0.0511 0.2681 0.4851 0.1930 0.0027
190 0.1126 0.1237 0.0155 0.5205 0.2275
191 0.1481 0.1436 0.5166 0.1814 0.0102
192 0.1569 0.0853 0.5308 0.2078 0.0193
193 0.3589 0.0460 0.1543 0.3940 0.0467
194 0.0510 0.1079 0.1620 0.6714 0.0078
195 0.0867 0.4797 0.3247 0.0967 0.0122
196 0.1445 0.1217 0.2617 0.4453 0.0267
197 0.0943 0.0794 0.2158 0.5864 0.0238
198 0.2096 0.0702 0.1272 0.5698 0.0232
199 0.1425 0.0673 0.1772 0.5811 0.0318
200 0.3000 0.0944 0.4434 0.1439 0.0184
201 0.2983 0.0511 0.2634 0.3542 0.0330
202 0.1875 0.0306 0.3848 0.3728 0.0244
203 0.2019 0.2573 0.3462 0.1838 0.0109
204 0.2299 0.0364 0.1531 0.5259 0.0546
205 0.1622 0.1388 0.3079 0.3601 0.0310
206 0.0687 0.1000 0.5664 0.2512 0.0137
207 0.0545 0.0688 0.3184 0.4778 0.0805
208 0.1175 0.0551 0.2319 0.4685 0.1271
209 0.0806 0.1035 0.1393 0.4358 0.2407
210 0.0411 0.3386 0.0779 0.4485 0.0940
211 0.4763 0.1302 0.0909 0.2888 0.0138
212 0.3694 0.1470 0.0964 0.3638 0.0236
213 0.1976 0.0774 0.1401 0.5630 0.0220
214 0.1460 0.1309 0.1996 0.5098 0.0139
215 0.0976 0.1124 0.2166 0.5620 0.0117
216 0.1888 0.0864 0.3113 0.3875 0.0260
