time exciting_prob fearful_prob tense_prob sad_prob relaxing_prob
0 0.2037 0.2830 0.2496 0.2310 0.0327
1 0.1786 0.1842 0.3335 0.1306 0.1731
2 0.6255 0.0486 0.1556 0.1395 0.0307
3 0.1875 0.4358 0.2903 0.0668 0.0195
4 0.3193 0.1270 0.1876 0.3618 0.0044
5 0.2744 0.0732 0.2700 0.3362 0.0462
6 0.1416 0.1183 0.3792 0.3142 0.0467
7 0.0870 0.0637 0.7285 0.1171 0.0037
8 0.1398 0.3174 0.3950 0.0731 0.0748
9 0.0886 0.4294 0.4294 0.0313 0.0212
10 0.0304 0.5024 0.0840 0.3347 0.0486
11 0.3669 0.1404 0.3557 0.0485 0.0885
12 0.2859 0.2837 0.3423 0.0212 0.0669
13 0.1195 0.1141 0.5273 0.2198 0.0192
14 0.0786 0.5288 0.2786 0.0612 0.0528
15 0.0252 0.0489 0.0189 0.8667 0.0402
16 0.2090 0.0489 0.5015 0.2090 0.0316
17 0.1523 0.0385 0.6025 0.1957 0.0107
18 0.1475 0.0213 0.6309 0.1385 0.0620
19 0.0490 0.2145 0.3428 0.3145 0.0795
20 0.0395 0.4741 0.3159 0.1379 0.0325
21 0.6567 0.0984 0.2131 0.0144 0.0175
22 0.1436 0.1692 0.2294 0.4285 0.0294
23 0.1913 0.3057 0.2238 0.1649 0.1143
24 0.1248 0.3188 0.4785 0.0695 0.0083
25 0.2142 0.0879 0.2544 0.4326 0.0109
26 0.1921 0.6655 0.0674 0.0513 0.0239
27 0.0338 0.0532 0.3633 0.3521 0.1975
28 0.4146 0.0816 0.3865 0.0476 0.0698
29 0.1147 0.0679 0.5918 0.1763 0.0493
30 0.1583 0.1105 0.5566 0.0302 0.1442
31 0.0146 0.0163 0.1027 0.8081 0.0585
32 0.1147 0.1763 0.6245 0.0154 0.0690
33 0.1304 0.1089 0.4883 0.1151 0.1573
34 0.3401 0.1271 0.2450 0.0167 0.2712
35 0.1057 0.0811 0.5410 0.1650 0.1074
36 0.1555 0.0619 0.3645 0.2335 0.1847
37 0.0863 0.1276 0.5669 0.0768 0.1423
38 0.0707 0.1428 0.5918 0.1593 0.0353
39 0.4919 0.2150 0.2184 0.0382 0.0365
40 0.3569 0.1926 0.2869 0.1263 0.0373
41 0.1060 0.1155 0.5215 0.0508 0.2059
42 0.2937 0.1014 0.3655 0.0601 0.1794
43 0.1974 0.0955 0.4050 0.2327 0.0693
44 0.1543 0.0914 0.6245 0.0352 0.0943
45 0.1228 0.1181 0.4058 0.2423 0.1110
46 0.2303 0.2340 0.1699 0.0253 0.3406
47 0.1063 0.1063 0.4836 0.0645 0.2394
48 0.0294 0.0672 0.8252 0.0589 0.0191
49 0.0210 0.0306 0.0225 0.0044 0.9214
50 0.1133 0.3081 0.0939 0.0293 0.4553
51 0.0767 0.1356 0.4143 0.1016 0.2717
52 0.1300 0.3853 0.3347 0.0826 0.0674
53 0.1116 0.3413 0.2576 0.0088 0.2808
54 0.1226 0.4082 0.0904 0.0072 0.3716
55 0.1545 0.2734 0.2842 0.0123 0.2756
56 0.1438 0.1776 0.2159 0.0331 0.4294
57 0.0722 0.3723 0.3608 0.0255 0.1692
58 0.1125 0.5898 0.2136 0.0280 0.0562
59 0.1819 0.2625 0.1708 0.0058 0.3789
60 0.1254 0.0869 0.0630 0.0143 0.7104
61 0.0193 0.0242 0.0129 0.0067 0.9370
62 0.0679 0.1164 0.0950 0.0021 0.7188
63 0.0263 0.6274 0.3206 0.0200 0.0059
64 0.0187 0.2335 0.7305 0.0136 0.0037
65 0.1918 0.2074 0.4897 0.0138 0.0972
66 0.0552 0.0698 0.5073 0.0450 0.3225
67 0.2039 0.0830 0.5542 0.1126 0.0462
68 0.1476 0.5151 0.2491 0.0703 0.0176
69 0.0811 0.4185 0.3809 0.0986 0.0210
70 0.3770 0.0960 0.4373 0.0543 0.0356
71 0.4033 0.1052 0.3701 0.0679 0.0533
72 0.2307 0.3894 0.2573 0.0947 0.0278
73 0.1309 0.4937 0.2903 0.0432 0.0421
74 0.1604 0.2076 0.3879 0.1935 0.0505
75 0.0733 0.0870 0.5332 0.1401 0.1664
76 0.1899 0.1650 0.5327 0.0636 0.0488
77 0.1825 0.0904 0.5283 0.1854 0.0134
78 0.1742 0.0354 0.1561 0.6177 0.0165
79 0.0304 0.2489 0.6660 0.0319 0.0226
80 0.0791 0.5713 0.2917 0.0365 0.0216
81 0.1223 0.0696 0.6714 0.0860 0.0510
82 0.1876 0.3191 0.3044 0.1193 0.0696
83 0.0465 0.6372 0.2656 0.0414 0.0089
84 0.0586 0.3674 0.5391 0.0277 0.0074
85 0.0378 0.3066 0.4749 0.1111 0.0695
86 0.1727 0.3687 0.4048 0.0182 0.0356
87 0.3579 0.1368 0.3992 0.0688 0.0371
88 0.4294 0.0279 0.2159 0.2861 0.0406
89 0.1355 0.0447 0.3252 0.4656 0.0291
90 0.1181 0.0481 0.5815 0.2190 0.0333
91 0.2485 0.0375 0.4033 0.2773 0.0334
92 0.2776 0.1122 0.5029 0.0990 0.0084
93 0.3713 0.2717 0.1523 0.1912 0.0135
94 0.1683 0.3975 0.3735 0.0509 0.0097
95 0.1544 0.4297 0.3047 0.0894 0.0219
96 0.1466 0.1072 0.2676 0.4080 0.0709
97 0.1114 0.3652 0.4138 0.1046 0.0051
98 0.1680 0.5728 0.1948 0.0226 0.0421
99 0.2839 0.2666 0.3372 0.0581 0.0542
100 0.4180 0.1974 0.2917 0.0515 0.0414
101 0.5215 0.1642 0.2445 0.0366 0.0331
102 0.4490 0.1758 0.3337 0.0333 0.0083
103 0.2749 0.1427 0.4429 0.0988 0.0406
104 0.2859 0.1136 0.5176 0.0432 0.0399
105 0.2484 0.0638 0.5098 0.1173 0.0609
106 0.4207 0.0809 0.2593 0.1047 0.1345
107 0.1708 0.1299 0.5776 0.1138 0.0077
108 0.2064 0.1213 0.5146 0.1487 0.0087
109 0.0350 0.1952 0.3118 0.4329 0.0250
110 0.1361 0.0456 0.2622 0.5381 0.0179
111 0.0718 0.2144 0.0820 0.5225 0.1095
112 0.2102 0.0327 0.4888 0.2238 0.0444
113 0.2063 0.0498 0.6016 0.1166 0.0254
114 0.2035 0.0218 0.6216 0.1313 0.0216
115 0.1304 0.1387 0.2341 0.3921 0.1047
116 0.0962 0.0890 0.7334 0.0755 0.0060
117 0.1718 0.1317 0.6484 0.0431 0.0050
118 0.0616 0.3010 0.0955 0.4050 0.1367
119 0.0721 0.7461 0.1447 0.0139 0.0231
120 0.1146 0.0156 0.6597 0.1776 0.0323
121 0.2483 0.0567 0.6099 0.0585 0.0268
122 0.0510 0.0291 0.1407 0.6509 0.1282
123 0.1345 0.1755 0.1636 0.3228 0.2036
124 0.0826 0.2061 0.1250 0.5142 0.0723
125 0.0503 0.2419 0.3928 0.1337 0.1813
126 0.0326 0.8086 0.1260 0.0299 0.0028
127 0.1155 0.6147 0.2157 0.0306 0.0237
128 0.1337 0.0963 0.7339 0.0312 0.0048
129 0.3967 0.2925 0.2075 0.0757 0.0274
130 0.2152 0.2239 0.2722 0.0371 0.2517
131 0.2382 0.4380 0.3130 0.0089 0.0020
132 0.0789 0.7485 0.1451 0.0175 0.0098
133 0.1508 0.5220 0.2952 0.0192 0.0131
134 0.4170 0.1333 0.2734 0.1620 0.0144
135 0.2369 0.3140 0.2296 0.0541 0.1654
136 0.3989 0.2764 0.2006 0.0417 0.0823
137 0.3364 0.1858 0.2350 0.1979 0.0448
138 0.4060 0.1328 0.1934 0.2260 0.0418
139 0.1061 0.1362 0.5430 0.0770 0.1373
140 0.0776 0.6919 0.1805 0.0396 0.0102
141 0.5811 0.0336 0.2788 0.0964 0.0102
142 0.2323 0.0655 0.3542 0.3328 0.0154
143 0.1812 0.6782 0.0693 0.0340 0.0374
144 0.2489 0.2910 0.2820 0.1558 0.0223
145 0.2277 0.3262 0.3159 0.0956 0.0346
146 0.3914 0.3220 0.1619 0.0853 0.0394
147 0.2800 0.3459 0.1243 0.1376 0.1122
148 0.0851 0.7178 0.1759 0.0172 0.0040
149 0.0970 0.2617 0.4666 0.1171 0.0575
150 0.4976 0.0964 0.2925 0.0892 0.0244
151 0.3081 0.3154 0.2135 0.0140 0.1490
152 0.1649 0.1943 0.4773 0.1265 0.0371
153 0.1539 0.1842 0.4817 0.1208 0.0594
154 0.3420 0.0504 0.4602 0.1318 0.0155
155 0.3230 0.1675 0.4482 0.0386 0.0227
156 0.0856 0.0925 0.2595 0.5078 0.0544
157 0.0356 0.6406 0.2932 0.0262 0.0045
158 0.1448 0.2009 0.5464 0.0679 0.0402
159 0.0584 0.2854 0.4705 0.1527 0.0330
160 0.0573 0.6714 0.1985 0.0560 0.0168
161 0.1873 0.0705 0.3159 0.2057 0.2206
162 0.1337 0.1650 0.4148 0.2722 0.0143
163 0.1714 0.3572 0.3103 0.1597 0.0016
164 0.1779 0.0675 0.2129 0.0429 0.4988
165 0.1660 0.0809 0.2305 0.4729 0.0498
166 0.2881 0.0512 0.2664 0.0878 0.3066
167 0.1675 0.1377 0.6729 0.0057 0.0164
168 0.1837 0.0245 0.4272 0.0518 0.3125
169 0.3828 0.2097 0.1038 0.0854 0.2181
170 0.2937 0.1597 0.4622 0.0743 0.0102
171 0.0489 0.3164 0.5469 0.0281 0.0599
172 0.1962 0.1370 0.6235 0.0238 0.0196
173 0.1083 0.0445 0.3782 0.1946 0.2744
174 0.1016 0.2202 0.6128 0.0531 0.0123
175 0.1233 0.1252 0.3174 0.3767 0.0573
176 0.1203 0.4368 0.1046 0.2954 0.0429
177 0.0234 0.3250 0.5273 0.1123 0.0118
178 0.0644 0.0443 0.3145 0.2393 0.3374
179 0.1747 0.0599 0.1775 0.1654 0.4224
180 0.0480 0.1057 0.5083 0.2920 0.0458
181 0.4846 0.0427 0.1958 0.0255 0.2515
182 0.0597 0.0896 0.6992 0.1168 0.0348
183 0.1791 0.1605 0.3293 0.1508 0.1804
184 0.1681 0.2158 0.2352 0.0813 0.2996
185 0.0833 0.5962 0.1936 0.0517 0.0752
186 0.0591 0.5103 0.2467 0.0638 0.1202
187 0.0968 0.6211 0.1559 0.0854 0.0406
188 0.1414 0.0492 0.2854 0.4707 0.0532
189 0.2190 0.1627 0.3640 0.1859 0.0684
190 0.2661 0.1190 0.3499 0.1932 0.0717
191 0.3904 0.1163 0.2900 0.1493 0.0541
192 0.1167 0.1685 0.5029 0.1836 0.0282
193 0.2172 0.2969 0.1639 0.2422 0.0799
194 0.3513 0.3354 0.0835 0.0531 0.1768
195 0.1693 0.0769 0.3501 0.1110 0.2925
196 0.0811 0.6738 0.2188 0.0194 0.0067
197 0.1345 0.3030 0.3127 0.1366 0.1132
198 0.0710 0.8579 0.0511 0.0102 0.0100
199 0.1647 0.1881 0.5073 0.1007 0.0391
200 0.1969 0.1521 0.4951 0.0686 0.0874
201 0.0817 0.3750 0.3779 0.0346 0.1306
202 0.1898 0.1048 0.2917 0.1624 0.2515
203 0.3206 0.2659 0.1798 0.2054 0.0282
204 0.0633 0.7588 0.1102 0.0590 0.0087
205 0.2344 0.1389 0.5366 0.0738 0.0163
206 0.1483 0.5215 0.2225 0.0690 0.0387
207 0.1111 0.5020 0.3503 0.0222 0.0147
208 0.0895 0.6514 0.2416 0.0120 0.0053
209 0.2617 0.4148 0.0607 0.1841 0.0786
210 0.0772 0.3599 0.1187 0.3892 0.0552
211 0.1398 0.1252 0.6987 0.0307 0.0053
212 0.0251 0.4185 0.4741 0.0750 0.0073
213 0.3191 0.2448 0.3320 0.0735 0.0306
214 0.0967 0.4648 0.3855 0.0468 0.0061
215 0.0522 0.2213 0.2712 0.1384 0.3169
216 0.2903 0.1654 0.4324 0.1011 0.0109
217 0.0405 0.6230 0.1066 0.1991 0.0308
218 0.0748 0.7441 0.1488 0.0135 0.0189
219 0.2213 0.3074 0.3374 0.0117 0.1222
220 0.4207 0.0597 0.3408 0.1560 0.0228
221 0.2969 0.0757 0.4600 0.1414 0.0260
222 0.3147 0.0888 0.1176 0.3979 0.0809
223 0.2769 0.0872 0.1229 0.4158 0.0972
224 0.2769 0.0872 0.1229 0.4158 0.0972
