time exciting_prob fearful_prob tense_prob sad_prob relaxing_prob
0 0.2939 0.0241 0.2634 0.0855 0.3330
1 0.5645 0.0996 0.2280 0.0634 0.0446
2 0.1759 0.1614 0.6235 0.0270 0.0123
3 0.2328 0.1306 0.5991 0.0294 0.0082
4 0.5259 0.0845 0.2297 0.0781 0.0819
5 0.5601 0.1138 0.2952 0.0210 0.0103
6 0.3545 0.1169 0.2805 0.1782 0.0698
7 0.2023 0.1190 0.4282 0.1002 0.1504
8 0.3718 0.0779 0.2988 0.1960 0.0553
9 0.3809 0.0870 0.3108 0.1743 0.0469
10 0.7310 0.0922 0.1619 0.0063 0.0084
11 0.5435 0.1062 0.3145 0.0212 0.0145
12 0.3145 0.3914 0.0930 0.1792 0.0219
13 0.3149 0.1511 0.4512 0.0778 0.0051
14 0.1853 0.2362 0.5039 0.0552 0.0194
15 0.2452 0.0902 0.6465 0.0125 0.0057
16 0.4285 0.0805 0.4707 0.0182 0.0022
17 0.2001 0.1685 0.5972 0.0279 0.0065
18 0.2961 0.1687 0.4585 0.0731 0.0037
19 0.3806 0.1663 0.4246 0.0205 0.0080
20 0.2612 0.2133 0.5039 0.0202 0.0016
21 0.3960 0.1600 0.3389 0.0768 0.0282
22 0.6758 0.0600 0.1310 0.1069 0.0264
23 0.5186 0.2607 0.1833 0.0337 0.0039
24 0.1324 0.1133 0.2183 0.0440 0.4919
25 0.4963 0.0267 0.3057 0.1008 0.0704
26 0.2261 0.1068 0.5957 0.0690 0.0027
27 0.3223 0.0197 0.4614 0.1780 0.0188
28 0.4062 0.2261 0.3530 0.0124 0.0022
29 0.3401 0.2000 0.4368 0.0211 0.0020
30 0.4890 0.0417 0.2537 0.2054 0.0099
31 0.5942 0.0398 0.1082 0.2401 0.0177
32 0.6250 0.0735 0.1656 0.0807 0.0551
33 0.3013 0.0715 0.4053 0.0750 0.1469
34 0.2983 0.1345 0.3176 0.1838 0.0656
35 0.2573 0.0365 0.5283 0.1688 0.0092
36 0.5684 0.1426 0.2561 0.0181 0.0148
37 0.1923 0.1907 0.5063 0.1005 0.0101
38 0.2932 0.0795 0.4331 0.1532 0.0409
39 0.4106 0.0854 0.2734 0.2233 0.0071
40 0.4221 0.0657 0.3667 0.0512 0.0942
41 0.2465 0.1667 0.4751 0.1036 0.0080
42 0.2115 0.0472 0.6025 0.1151 0.0234
43 0.4165 0.0292 0.2952 0.1174 0.1417
44 0.3394 0.0668 0.4785 0.0988 0.0164
45 0.4966 0.1326 0.3577 0.0101 0.0030
46 0.1794 0.0461 0.6362 0.1071 0.0314
47 0.2229 0.0509 0.5518 0.1643 0.0103
48 0.4883 0.1169 0.1000 0.0253 0.2695
49 0.1420 0.1177 0.1465 0.5615 0.0322
50 0.4500 0.1120 0.3789 0.0311 0.0283
51 0.4004 0.1184 0.4331 0.0306 0.0175
52 0.5283 0.1198 0.2202 0.0890 0.0427
53 0.1143 0.0291 0.7812 0.0584 0.0167
54 0.3398 0.0390 0.5103 0.1005 0.0102
55 0.1252 0.1243 0.6772 0.0630 0.0102
56 0.4690 0.2017 0.2981 0.0230 0.0083
57 0.3979 0.1880 0.3740 0.0312 0.0089
58 0.2382 0.1226 0.5801 0.0552 0.0038
59 0.4805 0.0426 0.3625 0.0822 0.0322
60 0.1727 0.0969 0.4412 0.2593 0.0300
61 0.5449 0.1466 0.2739 0.0192 0.0152
62 0.0869 0.0340 0.6216 0.2288 0.0286
63 0.0764 0.0839 0.5137 0.2974 0.0290
64 0.5547 0.0949 0.2313 0.0837 0.0352
65 0.4568 0.1372 0.3091 0.0740 0.0228
66 0.3193 0.1710 0.3296 0.1290 0.0509
67 0.2170 0.1613 0.5244 0.0744 0.0227
68 0.3840 0.1247 0.3135 0.1247 0.0532
69 0.3696 0.0477 0.4746 0.1011 0.0068
70 0.2375 0.0266 0.6357 0.0860 0.0142
71 0.6758 0.1045 0.1321 0.0533 0.0342
72 0.5908 0.0775 0.1747 0.1060 0.0508
73 0.2627 0.2079 0.2430 0.2798 0.0065
74 0.2043 0.0281 0.6914 0.0336 0.0425
75 0.2313 0.0541 0.2705 0.4390 0.0050
76 0.3459 0.0404 0.3569 0.2133 0.0433
77 0.5376 0.0194 0.2747 0.1615 0.0068
78 0.0318 0.2317 0.2428 0.4680 0.0258
79 0.2047 0.3049 0.3245 0.1104 0.0555
80 0.3005 0.0253 0.1186 0.5356 0.0201
81 0.3794 0.2031 0.3401 0.0615 0.0160
82 0.1580 0.0794 0.6543 0.1052 0.0030
83 0.2218 0.1263 0.4377 0.1796 0.0345
84 0.0828 0.0983 0.6069 0.1080 0.1039
85 0.2009 0.0927 0.5132 0.1615 0.0318
86 0.1190 0.0673 0.4561 0.1100 0.2479
87 0.4216 0.0441 0.1814 0.2329 0.1199
88 0.3459 0.0305 0.4583 0.0917 0.0737
89 0.2869 0.0797 0.4109 0.0991 0.1234
90 0.2539 0.2156 0.3752 0.1317 0.0234
91 0.3235 0.1018 0.2057 0.2089 0.1602
92 0.3745 0.0932 0.4177 0.0651 0.0495
93 0.3884 0.3196 0.2000 0.0475 0.0446
94 0.3281 0.0667 0.3550 0.2021 0.0480
95 0.5239 0.0280 0.1573 0.2219 0.0687
96 0.2207 0.0485 0.4670 0.1774 0.0864
97 0.1554 0.0254 0.5684 0.1578 0.0928
98 0.4817 0.0411 0.3579 0.0774 0.0418
99 0.3203 0.0312 0.3357 0.0962 0.2167
100 0.2111 0.0517 0.3535 0.0814 0.3022
101 0.0645 0.0206 0.8496 0.0587 0.0063
102 0.1964 0.0812 0.5425 0.0972 0.0825
103 0.4167 0.0564 0.1213 0.3564 0.0490
104 0.3127 0.0273 0.4016 0.2117 0.0465
105 0.2267 0.0379 0.3403 0.3679 0.0271
106 0.3010 0.0621 0.3630 0.2068 0.0671
107 0.6929 0.0271 0.1343 0.0909 0.0551
108 0.7207 0.0400 0.1054 0.1054 0.0286
109 0.3989 0.1423 0.3867 0.0672 0.0047
110 0.1869 0.0767 0.6626 0.0698 0.0040
111 0.2922 0.1109 0.5542 0.0380 0.0045
112 0.2057 0.0805 0.5591 0.0678 0.0871
113 0.3723 0.1018 0.4492 0.0438 0.0328
114 0.3818 0.0384 0.2927 0.2108 0.0764
115 0.1538 0.0280 0.6475 0.1025 0.0682
116 0.0995 0.1042 0.5254 0.2561 0.0149
117 0.0838 0.0567 0.3064 0.5054 0.0477
118 0.4670 0.0811 0.2876 0.1127 0.0516
119 0.7144 0.1176 0.0922 0.0233 0.0526
120 0.0760 0.0454 0.4309 0.4241 0.0236
121 0.0985 0.0804 0.2152 0.4773 0.1285
122 0.1886 0.0652 0.6479 0.0884 0.0096
123 0.3469 0.1993 0.3638 0.0488 0.0411
124 0.4041 0.1030 0.3855 0.0645 0.0429
125 0.2112 0.0765 0.4006 0.2798 0.0319
126 0.3318 0.0921 0.2175 0.0055 0.3530
127 0.3015 0.0603 0.4895 0.1144 0.0344
128 0.2242 0.1615 0.4189 0.1888 0.0063
129 0.2861 0.0581 0.4431 0.2029 0.0099
130 0.3164 0.1027 0.2427 0.3215 0.0168
131 0.3269 0.1362 0.0936 0.4197 0.0237
132 0.1709 0.0801 0.1863 0.0068 0.5562
133 0.2712 0.1864 0.3594 0.0334 0.1498
134 0.2294 0.3962 0.0941 0.2479 0.0323
135 0.2583 0.1790 0.4097 0.0403 0.1129
136 0.2435 0.2067 0.3628 0.0312 0.1560
137 0.3005 0.2377 0.3484 0.0426 0.0708
138 0.2292 0.1743 0.2346 0.0041 0.3577
139 0.2847 0.1635 0.2593 0.0100 0.2825
140 0.6909 0.0281 0.1257 0.0163 0.1393
141 0.6812 0.0319 0.1395 0.0316 0.1157
142 0.2142 0.2485 0.3730 0.0179 0.1461
143 0.2177 0.1696 0.4229 0.0331 0.1567
144 0.4163 0.1580 0.2094 0.0054 0.2109
145 0.3252 0.1523 0.2673 0.0096 0.2455
146 0.1941 0.0230 0.3201 0.0454 0.4175
147 0.4082 0.0303 0.0969 0.0094 0.4553
148 0.5156 0.0376 0.1548 0.0245 0.2676
149 0.2988 0.0672 0.2896 0.0213 0.3230
150 0.2399 0.0969 0.4082 0.0434 0.2117
151 0.2257 0.0831 0.4351 0.1527 0.1033
152 0.1927 0.1304 0.4080 0.1573 0.1116
153 0.2520 0.1772 0.1652 0.0276 0.3782
154 0.3118 0.0342 0.1103 0.0052 0.5386
155 0.3462 0.1410 0.3279 0.0136 0.1714
156 0.3640 0.1393 0.2350 0.0135 0.2483
157 0.1359 0.0360 0.4182 0.3992 0.0107
158 0.3826 0.0237 0.3767 0.0967 0.1204
159 0.3320 0.0217 0.1921 0.0140 0.4399
160 0.2781 0.2003 0.4375 0.0340 0.0499
161 0.6133 0.0151 0.0986 0.0291 0.2439
162 0.2791 0.3188 0.3113 0.0533 0.0375
163 0.3250 0.2695 0.2590 0.1334 0.0131
164 0.3142 0.0826 0.2795 0.0529 0.2708
165 0.5601 0.0283 0.1593 0.0429 0.2094
166 0.4578 0.0314 0.3003 0.1271 0.0834
167 0.2086 0.2346 0.4629 0.0272 0.0667
168 0.3657 0.0440 0.4412 0.0791 0.0698
169 0.7651 0.0415 0.1592 0.0215 0.0128
170 0.2144 0.0390 0.1805 0.5308 0.0356
171 0.4089 0.0554 0.2810 0.2367 0.0178
172 0.5493 0.0177 0.1783 0.2255 0.0293
173 0.1344 0.1262 0.3328 0.2286 0.1781
174 0.1609 0.6567 0.0924 0.0692 0.0208
175 0.2896 0.0540 0.1899 0.0038 0.4626
176 0.0870 0.0588 0.1676 0.1783 0.5083
177 0.1133 0.1031 0.2849 0.1031 0.3955
178 0.3413 0.0488 0.3257 0.1664 0.1179
179 0.3103 0.0809 0.1768 0.4241 0.0081
180 0.5225 0.0586 0.2668 0.1384 0.0136
181 0.1534 0.1123 0.5190 0.1910 0.0241
182 0.3416 0.0652 0.2007 0.0177 0.3750
183 0.1589 0.0274 0.2106 0.0979 0.5054
184 0.1398 0.1809 0.2673 0.0464 0.3655
185 0.4285 0.0637 0.2991 0.1307 0.0780
186 0.4424 0.0608 0.1163 0.0079 0.3726
187 0.2625 0.0123 0.3586 0.0740 0.2927
188 0.2327 0.0583 0.5000 0.0359 0.1729
189 0.5513 0.0364 0.3345 0.0099 0.0679
190 0.0721 0.1755 0.2477 0.1152 0.3896
191 0.2084 0.0515 0.2201 0.1598 0.3601
192 0.1127 0.1257 0.5464 0.0585 0.1565
193 0.5508 0.0207 0.3340 0.0545 0.0399
194 0.1803 0.0129 0.7471 0.0248 0.0349
195 0.2133 0.0354 0.4514 0.0305 0.2695
196 0.6113 0.0560 0.1204 0.0120 0.2001
197 0.4663 0.0588 0.1467 0.0223 0.3059
198 0.0204 0.1639 0.7012 0.1127 0.0021
199 0.0892 0.0281 0.1803 0.6909 0.0115
200 0.2129 0.0702 0.5522 0.1354 0.0293
201 0.5269 0.0353 0.2163 0.1659 0.0555
202 0.6440 0.0819 0.2388 0.0068 0.0285
203 0.2203 0.1899 0.4626 0.0862 0.0407
204 0.1608 0.3003 0.2357 0.0783 0.2249
205 0.1622 0.0330 0.3831 0.0992 0.3225
206 0.1072 0.1853 0.2871 0.0282 0.3923
207 0.1110 0.0585 0.5640 0.1076 0.1591
208 0.1755 0.0862 0.4771 0.0561 0.2052
209 0.1965 0.2686 0.4062 0.0067 0.1220
210 0.1793 0.0714 0.4104 0.0861 0.2529
211 0.2191 0.0781 0.2296 0.2090 0.2642
212 0.2566 0.0522 0.3271 0.1835 0.1807
213 0.2893 0.0616 0.2068 0.2253 0.2168
214 0.2172 0.1692 0.4121 0.1287 0.0728
215 0.1324 0.1942 0.3354 0.0767 0.2612
216 0.1353 0.1290 0.2649 0.1462 0.3245
217 0.3203 0.1107 0.3804 0.1356 0.0527
218 0.0891 0.2275 0.6431 0.0335 0.0068
219 0.5684 0.1248 0.0775 0.0935 0.1360
220 0.4692 0.1548 0.1243 0.1635 0.0882
221 0.1329 0.0258 0.2059 0.0299 0.6055
222 0.2167 0.0651 0.2534 0.2036 0.2615
223 0.3103 0.1421 0.3408 0.1089 0.0977
224 0.1395 0.0614 0.3145 0.0201 0.4646
225 0.0917 0.0234 0.2218 0.0315 0.6318
226 0.1497 0.0135 0.2246 0.0295 0.5825
227 0.2727 0.3240 0.0769 0.2903 0.0361
228 0.4050 0.1444 0.0836 0.2006 0.1663
229 0.5151 0.1499 0.0587 0.1063 0.1699
230 0.6387 0.1145 0.0424 0.0594 0.1448
231 0.4902 0.1427 0.0576 0.1320 0.1775
232 0.4407 0.1080 0.0895 0.2395 0.1224
233 0.3257 0.1337 0.1256 0.2537 0.1613
234 0.3193 0.1417 0.1395 0.2411 0.1581
235 0.3652 0.0983 0.1149 0.2935 0.1282
236 0.3521 0.1074 0.1179 0.2783 0.1444
237 0.3293 0.1270 0.1193 0.2952 0.1290
