time exciting_prob fearful_prob tense_prob sad_prob relaxing_prob
0 0.2037 0.2830 0.2496 0.2310 0.0327
1 0.0428 0.5732 0.1111 0.1427 0.1300
2 0.0333 0.4897 0.1591 0.2313 0.0865
3 0.1248 0.4636 0.2207 0.1759 0.0150
4 0.1924 0.2842 0.3171 0.1807 0.0256
5 0.0222 0.4812 0.0346 0.3108 0.1514
6 0.0728 0.4668 0.0857 0.1946 0.1801
7 0.0378 0.5459 0.0858 0.1653 0.1653
8 0.0398 0.5405 0.0882 0.2399 0.0917
9 0.0555 0.5972 0.0895 0.1354 0.1223
10 0.0951 0.2354 0.3821 0.1013 0.1862
11 0.0783 0.1820 0.5024 0.1232 0.1139
12 0.0789 0.2754 0.4832 0.0614 0.1013
13 0.0671 0.0552 0.6421 0.0641 0.1715
14 0.0193 0.7539 0.0966 0.1053 0.0250
15 0.0130 0.7627 0.0519 0.1411 0.0312
16 0.0035 0.6689 0.0612 0.2620 0.0045
17 0.0049 0.4888 0.0398 0.4592 0.0074
18 0.1000 0.1729 0.3411 0.3689 0.0170
19 0.1615 0.1425 0.3313 0.3313 0.0336
20 0.1592 0.1044 0.3020 0.3879 0.0463
21 0.0815 0.0413 0.5029 0.1213 0.2529
22 0.0760 0.0561 0.5708 0.1177 0.1796
23 0.0673 0.0599 0.5771 0.1051 0.1903
24 0.1024 0.0743 0.4448 0.0773 0.3010
25 0.0883 0.0773 0.5762 0.0607 0.1975
26 0.1384 0.1473 0.2319 0.4470 0.0353
27 0.1130 0.1261 0.2710 0.4541 0.0358
28 0.0692 0.1881 0.4172 0.1089 0.2166
29 0.0414 0.3035 0.4082 0.0687 0.1783
30 0.0652 0.1458 0.5010 0.0553 0.2329
31 0.1923 0.1113 0.4399 0.2507 0.0059
32 0.1758 0.1871 0.3840 0.2440 0.0091
33 0.0307 0.0911 0.6729 0.0829 0.1225
34 0.0392 0.0823 0.6377 0.0963 0.1445
35 0.0445 0.3552 0.2329 0.3086 0.0589
36 0.0450 0.3435 0.2252 0.2847 0.1015
37 0.0847 0.2001 0.3052 0.3623 0.0479
38 0.0877 0.1010 0.2104 0.5459 0.0549
39 0.0563 0.1832 0.0852 0.5913 0.0839
40 0.0316 0.7607 0.0685 0.1148 0.0244
41 0.0370 0.1824 0.0312 0.6885 0.0611
42 0.1321 0.1804 0.4263 0.2177 0.0435
43 0.1522 0.1698 0.3123 0.3171 0.0486
44 0.0255 0.4448 0.1610 0.3057 0.0630
45 0.0379 0.7090 0.1429 0.0974 0.0130
46 0.0605 0.5151 0.0490 0.3325 0.0429
47 0.2013 0.1165 0.3943 0.2246 0.0634
48 0.3391 0.1010 0.2520 0.1873 0.1208
49 0.0035 0.0454 0.0089 0.9268 0.0152
50 0.0460 0.4644 0.0690 0.3911 0.0295
51 0.0044 0.3284 0.1153 0.5498 0.0018
52 0.2593 0.1598 0.3545 0.1700 0.0565
53 0.2021 0.1245 0.4021 0.2401 0.0312
54 0.3721 0.0647 0.3901 0.1348 0.0383
55 0.0087 0.4724 0.2129 0.2910 0.0148
56 0.0307 0.6768 0.0670 0.2031 0.0224
57 0.3025 0.0894 0.1545 0.4009 0.0526
58 0.0155 0.0906 0.0197 0.8462 0.0281
59 0.2488 0.1606 0.3621 0.1606 0.0680
60 0.0838 0.5728 0.0594 0.2502 0.0336
61 0.1753 0.4878 0.0436 0.2415 0.0518
62 0.0275 0.0670 0.6455 0.0916 0.1685
63 0.2615 0.1455 0.3464 0.2135 0.0330
64 0.2017 0.3652 0.3171 0.1014 0.0146
65 0.0570 0.2068 0.5713 0.0761 0.0890
66 0.1011 0.2971 0.3936 0.0920 0.1163
67 0.0798 0.1236 0.4775 0.2988 0.0202
68 0.0926 0.1515 0.3899 0.3232 0.0431
69 0.1249 0.4678 0.0318 0.1027 0.2727
70 0.0782 0.4985 0.0555 0.2649 0.1029
71 0.0535 0.3279 0.4414 0.1116 0.0656
72 0.0414 0.3181 0.5005 0.0473 0.0926
73 0.1815 0.4355 0.2791 0.0871 0.0168
74 0.1824 0.5239 0.2133 0.0666 0.0140
75 0.0215 0.6050 0.2191 0.1288 0.0258
76 0.0379 0.5884 0.0945 0.2693 0.0097
77 0.2201 0.0939 0.4048 0.2417 0.0395
78 0.1633 0.0692 0.4800 0.2413 0.0464
79 0.0878 0.0663 0.4819 0.3018 0.0623
80 0.0049 0.8076 0.0233 0.1542 0.0101
81 0.0132 0.7729 0.1176 0.0923 0.0038
82 0.2686 0.1761 0.3240 0.2092 0.0219
83 0.3342 0.2028 0.2125 0.2407 0.0098
84 0.0367 0.7080 0.1061 0.1405 0.0086
85 0.0966 0.1361 0.4292 0.3291 0.0090
86 0.0556 0.0650 0.6992 0.1687 0.0117
87 0.1774 0.0706 0.4460 0.2705 0.0355
88 0.1346 0.0465 0.4773 0.3130 0.0284
89 0.0448 0.3525 0.2539 0.2703 0.0786
90 0.0438 0.3469 0.4526 0.0905 0.0662
91 0.1918 0.1830 0.3018 0.2971 0.0266
92 0.2314 0.2542 0.2881 0.2107 0.0155
93 0.0105 0.1204 0.1724 0.6924 0.0043
94 0.0710 0.2499 0.3931 0.2788 0.0074
95 0.0872 0.2159 0.4163 0.2646 0.0160
96 0.2383 0.1134 0.5205 0.1198 0.0082
97 0.2325 0.1169 0.4626 0.1599 0.0280
98 0.2820 0.1176 0.4233 0.1486 0.0286
99 0.0583 0.6074 0.0531 0.1454 0.1356
100 0.0677 0.3604 0.3035 0.2438 0.0249
101 0.0610 0.4800 0.0714 0.3796 0.0079
102 0.0847 0.2778 0.4104 0.1038 0.1232
103 0.1461 0.1818 0.2125 0.4033 0.0563
104 0.0895 0.1477 0.2434 0.4766 0.0426
105 0.0136 0.5605 0.0729 0.3452 0.0079
106 0.0836 0.2308 0.4414 0.0325 0.2118
107 0.0089 0.5537 0.0962 0.3357 0.0054
108 0.1727 0.0518 0.5488 0.2115 0.0151
109 0.1675 0.1225 0.1598 0.5322 0.0182
110 0.2002 0.3005 0.1522 0.3301 0.0171
111 0.0533 0.0892 0.2856 0.5679 0.0040
112 0.2417 0.1824 0.2612 0.3008 0.0138
113 0.0580 0.1991 0.0779 0.6426 0.0223
114 0.0859 0.1331 0.3618 0.3972 0.0221
115 0.1282 0.6162 0.1242 0.1232 0.0081
116 0.2109 0.0801 0.4194 0.2466 0.0428
117 0.0179 0.0920 0.0090 0.8467 0.0344
118 0.0884 0.7173 0.0994 0.0532 0.0417
119 0.0050 0.4001 0.0852 0.5059 0.0039
120 0.0923 0.0565 0.2164 0.5610 0.0736
121 0.1107 0.0932 0.2235 0.5532 0.0192
122 0.3325 0.0742 0.3887 0.1407 0.0640
123 0.0277 0.6411 0.1030 0.2048 0.0233
124 0.0484 0.7275 0.0767 0.1345 0.0129
125 0.1000 0.2084 0.3032 0.3545 0.0338
126 0.0858 0.1494 0.2974 0.4463 0.0212
127 0.0169 0.6201 0.2142 0.1472 0.0015
128 0.0222 0.8057 0.0200 0.0395 0.1125
129 0.2815 0.2029 0.1669 0.2729 0.0758
130 0.0074 0.7139 0.0219 0.2467 0.0102
131 0.1309 0.0418 0.1904 0.5957 0.0412
132 0.0836 0.5449 0.0856 0.1573 0.1284
133 0.0905 0.0548 0.7812 0.0651 0.0083
134 0.1074 0.0811 0.7007 0.0994 0.0116
135 0.1410 0.3953 0.1926 0.2634 0.0078
136 0.2881 0.3699 0.2026 0.1259 0.0137
137 0.0222 0.0728 0.0170 0.8467 0.0415
138 0.0216 0.2051 0.0300 0.7046 0.0385
139 0.0253 0.4844 0.0797 0.3953 0.0154
140 0.1824 0.3103 0.2612 0.2341 0.0119
141 0.0215 0.2876 0.0544 0.4055 0.2311
142 0.0957 0.4897 0.0452 0.2041 0.1653
143 0.1018 0.1034 0.2155 0.5591 0.0204
144 0.0507 0.1958 0.0238 0.6729 0.0570
145 0.0144 0.2805 0.1455 0.5581 0.0015
146 0.0065 0.6440 0.0695 0.2727 0.0072
147 0.0833 0.0614 0.4434 0.1070 0.3047
148 0.0765 0.0600 0.4949 0.0997 0.2690
149 0.1057 0.3574 0.2495 0.2573 0.0300
150 0.1032 0.1869 0.2849 0.4082 0.0167
151 0.0905 0.2037 0.1467 0.5371 0.0222
152 0.0493 0.3506 0.3850 0.1351 0.0801
153 0.0418 0.3530 0.4065 0.1279 0.0706
154 0.0760 0.4412 0.2717 0.1206 0.0903
155 0.0512 0.5093 0.2191 0.1288 0.0914
156 0.0837 0.2240 0.4119 0.1423 0.1379
157 0.0571 0.3237 0.3289 0.1350 0.1553
158 0.0555 0.2905 0.2861 0.3398 0.0281
159 0.0616 0.3030 0.1987 0.4014 0.0353
160 0.0342 0.1670 0.1697 0.5742 0.0551
161 0.0811 0.6235 0.0492 0.1665 0.0799
162 0.0613 0.3394 0.2369 0.3394 0.0231
163 0.4192 0.0746 0.3503 0.1229 0.0331
164 0.0276 0.4316 0.2240 0.2966 0.0200
165 0.0910 0.2759 0.2632 0.3225 0.0472
166 0.0866 0.6919 0.0279 0.1605 0.0329
167 0.1088 0.3767 0.2267 0.2180 0.0697
168 0.0923 0.3120 0.2864 0.2649 0.0443
169 0.0390 0.2583 0.5386 0.0788 0.0852
170 0.0382 0.6357 0.1176 0.1475 0.0610
171 0.0056 0.7114 0.1423 0.1379 0.0029
172 0.0883 0.0616 0.8120 0.0296 0.0082
173 0.1127 0.0481 0.7944 0.0369 0.0080
174 0.1212 0.1606 0.2488 0.4575 0.0120
175 0.2247 0.1095 0.0826 0.5474 0.0356
176 0.0161 0.6025 0.1387 0.2360 0.0068
177 0.0634 0.0334 0.8481 0.0471 0.0079
178 0.0602 0.0583 0.8301 0.0454 0.0060
179 0.0546 0.6245 0.0240 0.1449 0.1519
180 0.0341 0.5283 0.0289 0.2202 0.1884
181 0.1871 0.0466 0.6431 0.1050 0.0180
182 0.2236 0.0557 0.6177 0.0849 0.0184
183 0.1298 0.0435 0.6904 0.0979 0.0386
184 0.1357 0.0317 0.7812 0.0377 0.0136
185 0.0717 0.2042 0.0684 0.5815 0.0740
186 0.0209 0.1995 0.0418 0.7183 0.0193
187 0.3979 0.2130 0.1851 0.1910 0.0128
188 0.1627 0.0452 0.6641 0.1101 0.0177
189 0.0912 0.6133 0.1108 0.1564 0.0282
190 0.1214 0.0251 0.7095 0.1006 0.0433
191 0.0265 0.2236 0.1294 0.5986 0.0218
192 0.0225 0.0749 0.0371 0.8438 0.0218
193 0.1117 0.0570 0.7280 0.0911 0.0120
194 0.1454 0.3655 0.2715 0.2114 0.0063
195 0.2457 0.0359 0.5200 0.1091 0.0890
196 0.0303 0.4446 0.0380 0.4807 0.0063
197 0.1797 0.2036 0.2917 0.3105 0.0143
198 0.0103 0.5889 0.0465 0.3518 0.0026
199 0.0520 0.1119 0.5420 0.2903 0.0038
200 0.0361 0.2284 0.4402 0.1671 0.1282
201 0.4285 0.1237 0.2766 0.1504 0.0207
202 0.2307 0.0785 0.1854 0.4177 0.0876
203 0.1229 0.0608 0.2025 0.5859 0.0276
204 0.0575 0.1091 0.1423 0.6577 0.0333
205 0.0162 0.5112 0.1055 0.3513 0.0157
206 0.1866 0.1477 0.1956 0.4548 0.0153
207 0.3416 0.1691 0.1946 0.2620 0.0328
208 0.1876 0.0425 0.4099 0.3193 0.0406
209 0.0602 0.6133 0.0856 0.2220 0.0191
210 0.3464 0.1769 0.2380 0.1769 0.0616
211 0.1037 0.0538 0.6763 0.1556 0.0108
212 0.1157 0.1764 0.3145 0.3677 0.0258
213 0.0325 0.5249 0.1267 0.2681 0.0477
214 0.0958 0.1876 0.1709 0.4944 0.0513
215 0.0132 0.1672 0.0487 0.7383 0.0327
216 0.0316 0.0238 0.4497 0.4863 0.0086
217 0.0668 0.2484 0.1965 0.4292 0.0590
218 0.2141 0.2622 0.3643 0.0872 0.0723
219 0.0331 0.1230 0.3560 0.1790 0.3091
220 0.0176 0.0350 0.5312 0.4138 0.0021
221 0.0660 0.1465 0.2532 0.5034 0.0312
222 0.0184 0.1108 0.7695 0.0963 0.0049
223 0.2422 0.1665 0.2922 0.2206 0.0786
224 0.0948 0.4817 0.2040 0.2137 0.0057
225 0.0281 0.3826 0.0789 0.3025 0.2079
226 0.0348 0.4761 0.1149 0.2979 0.0765
227 0.0315 0.3691 0.1469 0.3577 0.0948
228 0.0349 0.3894 0.1478 0.3547 0.0732
229 0.0577 0.3977 0.2063 0.2776 0.0605
230 0.0317 0.1348 0.2808 0.5166 0.0363
231 0.0787 0.0603 0.2925 0.5376 0.0308
232 0.4590 0.1688 0.2615 0.0507 0.0602
233 0.2037 0.2830 0.2496 0.2310 0.0327
