time exciting_prob fearful_prob tense_prob sad_prob relaxing_prob
0 0.3735 0.0403 0.2910 0.1510 0.1440
1 0.4832 0.0542 0.3535 0.1013 0.0080
2 0.3901 0.0891 0.4490 0.0545 0.0173
3 0.3523 0.3750 0.2499 0.0041 0.0187
4 0.1805 0.4539 0.2467 0.0659 0.0529
5 0.2345 0.0978 0.3157 0.2920 0.0602
6 0.1635 0.0917 0.2915 0.3684 0.0848
7 0.1405 0.2585 0.4607 0.0852 0.0550
8 0.2263 0.2299 0.3293 0.1555 0.0590
9 0.1517 0.2878 0.3313 0.1426 0.0864
10 0.1375 0.1176 0.4299 0.3098 0.0054
11 0.2103 0.0941 0.2876 0.0970 0.3110
12 0.2786 0.1017 0.3521 0.0656 0.2021
13 0.0981 0.1094 0.3069 0.1642 0.3215
14 0.1107 0.1882 0.2272 0.0876 0.3862
15 0.1084 0.1815 0.2057 0.0336 0.4707
16 0.2299 0.0723 0.4429 0.2446 0.0103
17 0.0763 0.2106 0.3997 0.2747 0.0387
18 0.0267 0.1099 0.5410 0.0043 0.3181
19 0.0338 0.1423 0.5898 0.0030 0.2310
20 0.0451 0.1588 0.4666 0.0037 0.3257
21 0.1035 0.1554 0.4714 0.2563 0.0134
22 0.3420 0.1299 0.3164 0.1460 0.0658
23 0.1224 0.1810 0.3831 0.2983 0.0150
24 0.1534 0.1354 0.3350 0.0759 0.3003
25 0.1470 0.1127 0.3015 0.0396 0.3994
26 0.0581 0.4534 0.4001 0.0281 0.0604
27 0.0663 0.2751 0.5303 0.0576 0.0706
28 0.0762 0.4282 0.3960 0.0330 0.0667
29 0.1962 0.1328 0.3665 0.2367 0.0678
30 0.1304 0.1454 0.4016 0.2593 0.0635
31 0.2349 0.0812 0.4253 0.1801 0.0787
32 0.1787 0.0294 0.1787 0.0799 0.5332
33 0.1794 0.1015 0.3406 0.0214 0.3569
34 0.1558 0.1087 0.3916 0.0195 0.3245
35 0.0737 0.1072 0.1768 0.1466 0.4958
36 0.0920 0.1565 0.2242 0.1746 0.3528
37 0.0614 0.1045 0.1544 0.0967 0.5830
38 0.1948 0.2705 0.1831 0.3113 0.0402
39 0.2063 0.2690 0.1632 0.3196 0.0419
40 0.1187 0.1388 0.3599 0.0111 0.3713
41 0.1101 0.2367 0.3965 0.0047 0.2520
42 0.0596 0.1055 0.2529 0.0119 0.5698
43 0.0479 0.1740 0.4238 0.0243 0.3301
44 0.0559 0.1147 0.3425 0.0187 0.4683
45 0.0254 0.1694 0.4128 0.0706 0.3215
46 0.0477 0.2812 0.2725 0.0898 0.3088
47 0.0434 0.2832 0.3638 0.0308 0.2788
48 0.3018 0.0906 0.4390 0.1093 0.0594
49 0.1506 0.1995 0.4568 0.0115 0.1816
50 0.0808 0.2394 0.3887 0.0364 0.2549
51 0.1831 0.2227 0.4226 0.0113 0.1604
52 0.1711 0.2250 0.4270 0.0200 0.1571
53 0.2195 0.2300 0.3452 0.0085 0.1968
54 0.1331 0.1384 0.2930 0.0093 0.4263
55 0.0348 0.0494 0.2510 0.6211 0.0436
56 0.1217 0.2039 0.1813 0.4314 0.0617
57 0.2993 0.1760 0.2157 0.1888 0.1201
58 0.3774 0.2255 0.2325 0.1048 0.0597
59 0.1147 0.1111 0.2505 0.2883 0.2354
60 0.1967 0.3347 0.2410 0.1709 0.0568
61 0.2235 0.2915 0.2825 0.0910 0.1115
62 0.0790 0.2588 0.2250 0.0888 0.3484
63 0.1281 0.6455 0.1710 0.0183 0.0370
64 0.2278 0.2157 0.2856 0.0375 0.2333
65 0.2273 0.2419 0.3206 0.0359 0.1743
66 0.0898 0.1744 0.2703 0.0470 0.4185
67 0.0611 0.0868 0.6025 0.2396 0.0103
68 0.0405 0.0653 0.0845 0.0081 0.8018
69 0.0492 0.0330 0.1058 0.0891 0.7231
70 0.0325 0.0762 0.1678 0.2810 0.4421
71 0.0821 0.0796 0.3147 0.3003 0.2231
72 0.1161 0.1943 0.3604 0.0305 0.2988
73 0.1027 0.3066 0.4258 0.0321 0.1329
74 0.0799 0.1436 0.4185 0.0371 0.3208
75 0.0366 0.1759 0.4287 0.0249 0.3337
76 0.1543 0.0559 0.4128 0.3533 0.0237
77 0.0535 0.0725 0.2050 0.0475 0.6216
78 0.1058 0.3638 0.1744 0.2876 0.0684
79 0.1541 0.3582 0.4124 0.0213 0.0541
80 0.1071 0.3247 0.3916 0.1632 0.0135
81 0.0798 0.2344 0.4517 0.1943 0.0398
82 0.2477 0.2186 0.3806 0.0142 0.1389
83 0.1172 0.2140 0.5093 0.0599 0.0995
84 0.2054 0.2537 0.3633 0.0549 0.1227
85 0.1509 0.2283 0.3347 0.1166 0.1697
86 0.1213 0.2249 0.4507 0.1122 0.0909
87 0.0696 0.1322 0.2469 0.5312 0.0201
88 0.0430 0.1973 0.3862 0.0330 0.3408
89 0.0716 0.4026 0.4089 0.0528 0.0642
90 0.1271 0.2030 0.2527 0.2264 0.1907
91 0.3054 0.2959 0.2869 0.0868 0.0249
92 0.2793 0.3760 0.2625 0.0474 0.0350
93 0.3503 0.1654 0.2028 0.2563 0.0254
94 0.4724 0.1908 0.2649 0.0610 0.0108
95 0.1235 0.1610 0.4209 0.2084 0.0862
96 0.1548 0.1622 0.5234 0.1410 0.0183
97 0.1543 0.1708 0.5176 0.0893 0.0679
98 0.1073 0.1065 0.3491 0.4019 0.0351
99 0.2068 0.1825 0.3518 0.2133 0.0458
100 0.3120 0.1301 0.2842 0.2079 0.0659
101 0.0301 0.1448 0.1426 0.1145 0.5679
102 0.0372 0.2172 0.1887 0.0898 0.4670
103 0.0412 0.1339 0.1615 0.0906 0.5728
104 0.0455 0.3108 0.1799 0.1716 0.2920
105 0.2151 0.4277 0.3081 0.0280 0.0211
106 0.2644 0.2522 0.2297 0.1996 0.0541
107 0.1483 0.2225 0.5684 0.0254 0.0355
108 0.2461 0.1392 0.3418 0.1887 0.0844
109 0.0760 0.3682 0.5112 0.0275 0.0172
110 0.0967 0.1938 0.3884 0.2213 0.0997
111 0.0156 0.2252 0.1409 0.5933 0.0251
112 0.0547 0.3823 0.4199 0.0522 0.0908
113 0.2426 0.1591 0.3640 0.1859 0.0485
114 0.3098 0.2048 0.3052 0.0834 0.0967
115 0.3047 0.1877 0.3245 0.0866 0.0966
116 0.1863 0.1952 0.4399 0.0403 0.1384
117 0.1218 0.2639 0.5415 0.0052 0.0673
118 0.2739 0.2827 0.2052 0.2052 0.0332
119 0.1836 0.3567 0.2394 0.1464 0.0742
120 0.1606 0.4199 0.3320 0.0139 0.0735
121 0.3074 0.3274 0.2629 0.0120 0.0902
122 0.1642 0.3140 0.2484 0.0872 0.1860
123 0.0160 0.7002 0.2496 0.0287 0.0056
124 0.1433 0.2615 0.5117 0.0145 0.0687
125 0.2135 0.2595 0.2135 0.0098 0.3035
126 0.1112 0.1428 0.4363 0.0097 0.2998
127 0.0532 0.2056 0.3811 0.2661 0.0941
128 0.0738 0.1914 0.4592 0.0519 0.2238
129 0.0446 0.1014 0.1547 0.0382 0.6611
130 0.0537 0.0928 0.2092 0.0195 0.6245
131 0.0615 0.1333 0.2451 0.0164 0.5439
132 0.2783 0.0947 0.2167 0.3462 0.0641
133 0.3540 0.1880 0.2590 0.1699 0.0291
134 0.1213 0.1594 0.3564 0.0385 0.3245
135 0.1787 0.2423 0.2330 0.0197 0.3262
136 0.1677 0.3184 0.4351 0.0086 0.0704
137 0.2179 0.0522 0.0873 0.4473 0.1953
138 0.3630 0.1294 0.1769 0.2456 0.0849
139 0.1292 0.0853 0.2712 0.0742 0.4402
140 0.0904 0.0829 0.1326 0.0469 0.6475
141 0.1103 0.3730 0.3909 0.1211 0.0047
142 0.4827 0.2544 0.0852 0.1120 0.0659
143 0.5449 0.2915 0.0862 0.0392 0.0382
144 0.6357 0.1765 0.0847 0.0827 0.0204
145 0.0963 0.0919 0.2678 0.1226 0.4214
146 0.0902 0.1022 0.2216 0.0790 0.5068
147 0.2068 0.1927 0.3127 0.0136 0.2739
148 0.1384 0.2112 0.3481 0.0136 0.2886
149 0.1221 0.3167 0.4004 0.0088 0.1520
150 0.1204 0.3003 0.4727 0.0143 0.0923
151 0.1087 0.2754 0.2979 0.0110 0.3071
152 0.5186 0.1486 0.1292 0.1558 0.0479
153 0.4768 0.0842 0.1283 0.2937 0.0170
154 0.3313 0.0194 0.1257 0.5132 0.0102
155 0.1841 0.3660 0.1000 0.1099 0.2400
156 0.2676 0.3716 0.2118 0.1049 0.0440
157 0.2087 0.3809 0.2292 0.0149 0.1664
158 0.2103 0.1227 0.1108 0.0313 0.5249
159 0.3525 0.1565 0.2089 0.0222 0.2600
160 0.1520 0.1069 0.2076 0.2585 0.2751
161 0.2032 0.1510 0.1725 0.2568 0.2163
162 0.1633 0.2737 0.2737 0.2822 0.0072
163 0.0973 0.4751 0.2544 0.0782 0.0950
164 0.0525 0.5864 0.3240 0.0238 0.0134
165 0.3547 0.1611 0.1729 0.1755 0.1357
166 0.3628 0.1912 0.1741 0.1323 0.1398
167 0.3792 0.1086 0.1877 0.3096 0.0151
168 0.1088 0.1908 0.4873 0.1149 0.0983
169 0.1241 0.1462 0.5430 0.1095 0.0770
170 0.1262 0.0742 0.1522 0.6216 0.0258
171 0.4766 0.1387 0.1398 0.1534 0.0917
172 0.0745 0.1528 0.4319 0.1691 0.1718
173 0.2235 0.3743 0.2435 0.1047 0.0539
174 0.4983 0.1722 0.1643 0.1069 0.0581
175 0.4412 0.1537 0.1039 0.2515 0.0499
176 0.1444 0.0726 0.0404 0.6885 0.0540
177 0.1096 0.3977 0.3855 0.0134 0.0938
178 0.2998 0.1270 0.1819 0.3560 0.0352
179 0.2559 0.2404 0.3608 0.0934 0.0496
180 0.1825 0.0823 0.4734 0.2068 0.0552
181 0.2062 0.1605 0.3618 0.1937 0.0776
182 0.2000 0.1864 0.4233 0.1176 0.0730
183 0.1343 0.5396 0.2935 0.0070 0.0256
184 0.0594 0.6963 0.2260 0.0073 0.0112
185 0.0547 0.4758 0.4070 0.0136 0.0490
186 0.5552 0.1318 0.1591 0.0554 0.0988
187 0.5093 0.1393 0.2042 0.0728 0.0745
188 0.0460 0.3765 0.5225 0.0262 0.0286
189 0.5176 0.1437 0.1996 0.1229 0.0163
190 0.3503 0.2949 0.1438 0.1935 0.0174
191 0.4158 0.1155 0.1530 0.2859 0.0299
192 0.1587 0.0434 0.0621 0.0985 0.6372
193 0.2827 0.1561 0.4734 0.0732 0.0147
194 0.3398 0.2161 0.3452 0.0833 0.0157
195 0.0820 0.1138 0.1592 0.2974 0.3477
196 0.1156 0.2795 0.3320 0.1112 0.1617
197 0.3230 0.1255 0.2118 0.1107 0.2290
198 0.2942 0.0856 0.1208 0.4775 0.0217
199 0.2898 0.1401 0.4219 0.1135 0.0346
200 0.3484 0.3223 0.1725 0.0854 0.0714
201 0.3772 0.3176 0.1987 0.0340 0.0726
202 0.0571 0.0289 0.0414 0.7822 0.0905
203 0.3235 0.3499 0.1719 0.0481 0.1067
204 0.4084 0.1099 0.2598 0.1960 0.0259
205 0.3555 0.1370 0.1392 0.3499 0.0185
206 0.2059 0.1174 0.1580 0.4714 0.0474
207 0.0410 0.2002 0.5190 0.1376 0.1022
208 0.1515 0.2291 0.4927 0.0500 0.0767
209 0.1919 0.1980 0.2107 0.3643 0.0352
210 0.1973 0.1187 0.4844 0.0257 0.1741
211 0.1946 0.1564 0.5049 0.0891 0.0553
212 0.2678 0.0977 0.3130 0.2477 0.0738
213 0.0437 0.0515 0.1283 0.0265 0.7500
214 0.0570 0.1016 0.2307 0.0487 0.5620
215 0.0529 0.1184 0.2410 0.1121 0.4756
216 0.0421 0.0769 0.1654 0.2296 0.4861
217 0.0134 0.0061 0.0275 0.0124 0.9404
218 0.0378 0.0254 0.0654 0.0231 0.8481
219 0.0165 0.0131 0.0392 0.0034 0.9277
220 0.0168 0.0220 0.0626 0.0072 0.8916
221 0.0283 0.0179 0.0442 0.0214 0.8882
222 0.0172 0.0160 0.0304 0.0046 0.9316
223 0.0396 0.2744 0.5811 0.1010 0.0038
224 0.0205 0.5117 0.4377 0.0287 0.0011
225 0.1937 0.2031 0.5107 0.0112 0.0814
226 0.0306 0.0812 0.1843 0.0504 0.6533
227 0.0282 0.0443 0.0924 0.0178 0.8174
228 0.0238 0.0319 0.0764 0.0137 0.8540
229 0.0718 0.3347 0.4297 0.1439 0.0199
230 0.1478 0.1389 0.1305 0.5410 0.0420
231 0.2581 0.2312 0.2057 0.2620 0.0431
232 0.0787 0.5010 0.3901 0.0069 0.0233
233 0.0501 0.1052 0.1484 0.0517 0.6445
234 0.0415 0.1035 0.1350 0.0554 0.6646
235 0.0439 0.1157 0.1271 0.0680 0.6455
236 0.0482 0.1094 0.1279 0.0446 0.6699
237 0.0745 0.1209 0.4563 0.3391 0.0090
238 0.1050 0.2661 0.5293 0.0864 0.0131
239 0.0825 0.2661 0.4321 0.1948 0.0244
240 0.0916 0.3594 0.4836 0.0279 0.0373
241 0.5156 0.1741 0.1598 0.1273 0.0230
242 0.1599 0.4590 0.2698 0.0049 0.1065
243 0.4360 0.0563 0.2028 0.2729 0.0321
244 0.0570 0.1959 0.5244 0.0911 0.1316
245 0.1737 0.2954 0.2732 0.2063 0.0513
246 0.0528 0.0844 0.8062 0.0078 0.0488
247 0.1525 0.5889 0.2253 0.0293 0.0039
248 0.1074 0.3521 0.3630 0.0677 0.1099
249 0.0704 0.4150 0.4084 0.0184 0.0876
250 0.0981 0.1078 0.3218 0.4329 0.0393
251 0.0555 0.4902 0.3267 0.1052 0.0224
252 0.0657 0.2155 0.5767 0.0508 0.0912
253 0.0674 0.2111 0.1130 0.1619 0.4468
254 0.1300 0.0273 0.3320 0.4756 0.0353
255 0.0259 0.5288 0.3809 0.0371 0.0274
256 0.1074 0.0963 0.2498 0.5288 0.0179
257 0.0349 0.1527 0.5088 0.2153 0.0884
258 0.0573 0.0591 0.1384 0.1342 0.6108
259 0.0602 0.1266 0.3035 0.1198 0.3899
260 0.0547 0.0708 0.1583 0.0394 0.6768
261 0.0914 0.3816 0.1035 0.0537 0.3699
262 0.0717 0.2057 0.0684 0.1530 0.5015
263 0.1018 0.3965 0.1665 0.1360 0.1993
264 0.0909 0.2200 0.0491 0.3201 0.3201
265 0.1011 0.4360 0.1259 0.1211 0.2158
266 0.1149 0.5435 0.0908 0.0538 0.1969
267 0.1965 0.4941 0.0907 0.0845 0.1340
268 0.0993 0.3660 0.0897 0.1599 0.2852
269 0.0889 0.4846 0.1501 0.1715 0.1048
270 0.0857 0.2172 0.1118 0.2384 0.3469
271 0.1125 0.4700 0.0918 0.1315 0.1943
272 0.1251 0.4041 0.0802 0.1418 0.2489
273 0.0989 0.3120 0.1300 0.1373 0.3218
274 0.1389 0.3777 0.0926 0.1885 0.2021
275 0.2037 0.2830 0.2496 0.2310 0.0327
276 0.2037 0.2830 0.2496 0.2310 0.0327
277 0.2593 0.5322 0.1098 0.0312 0.0676
278 0.3059 0.4966 0.1009 0.0274 0.0693
279 0.3059 0.4966 0.1009 0.0274 0.0693
280 0.3140 0.4941 0.0973 0.0250 0.0695
281 0.3142 0.4944 0.0974 0.0252 0.0690
282 0.3142 0.4944 0.0974 0.0252 0.0690
