time exciting_prob fearful_prob tense_prob sad_prob relaxing_prob
0 0.2037 0.2830 0.2496 0.2310 0.0327
1 0.1329 0.4500 0.3560 0.0336 0.0277
2 0.2729 0.0292 0.1721 0.4905 0.0352
3 0.5098 0.1044 0.2666 0.0813 0.0378
4 0.2949 0.0690 0.3970 0.1667 0.0723
5 0.4014 0.1344 0.3684 0.0526 0.0433
6 0.4617 0.0888 0.2913 0.0742 0.0841
7 0.2783 0.0616 0.2783 0.2849 0.0969
8 0.3940 0.0879 0.3318 0.1044 0.0820
9 0.5464 0.0806 0.1948 0.0512 0.1268
10 0.7729 0.0178 0.1096 0.0923 0.0075
11 0.2422 0.0492 0.1857 0.4524 0.0705
12 0.4885 0.0484 0.0849 0.3687 0.0097
13 0.1688 0.0058 0.8057 0.0181 0.0016
14 0.6094 0.0069 0.3752 0.0061 0.0025
15 0.1624 0.2418 0.1151 0.0430 0.4377
16 0.3398 0.1998 0.0795 0.0076 0.3733
17 0.1870 0.1033 0.3281 0.3232 0.0584
18 0.1609 0.4375 0.2217 0.1443 0.0356
19 0.1567 0.2883 0.5264 0.0083 0.0204
20 0.2815 0.2263 0.2245 0.2605 0.0072
21 0.1738 0.4509 0.2610 0.0991 0.0153
22 0.0149 0.3081 0.3894 0.2849 0.0028
23 0.1611 0.2308 0.5078 0.0767 0.0234
24 0.1357 0.5625 0.2136 0.0843 0.0037
25 0.1332 0.1353 0.4038 0.3145 0.0134
26 0.3230 0.1757 0.1326 0.3662 0.0025
27 0.2057 0.3726 0.3726 0.0072 0.0421
28 0.3557 0.2075 0.2244 0.1949 0.0173
29 0.4373 0.2181 0.1837 0.1523 0.0086
30 0.7095 0.0252 0.0300 0.1725 0.0630
31 0.6387 0.0313 0.0643 0.2157 0.0500
32 0.2502 0.5381 0.1027 0.0260 0.0831
33 0.0792 0.2805 0.2476 0.3306 0.0621
34 0.5474 0.0475 0.2710 0.0853 0.0490
35 0.0840 0.6509 0.1387 0.1038 0.0224
36 0.0826 0.6250 0.1982 0.0696 0.0242
37 0.2576 0.1785 0.3440 0.0285 0.1914
38 0.2031 0.1807 0.2566 0.2820 0.0777
39 0.0773 0.1714 0.1421 0.5933 0.0158
40 0.1115 0.6265 0.1055 0.1293 0.0271
41 0.2800 0.2395 0.4011 0.0676 0.0118
42 0.3154 0.1169 0.2238 0.1000 0.2438
43 0.7637 0.1117 0.0970 0.0057 0.0220
44 0.7466 0.1381 0.0844 0.0098 0.0212
45 0.7910 0.0573 0.1038 0.0179 0.0300
46 0.1111 0.2666 0.4260 0.1790 0.0172
47 0.2747 0.2462 0.1436 0.0408 0.2947
48 0.2708 0.1211 0.3369 0.1404 0.1309
49 0.4087 0.1962 0.2661 0.0120 0.1171
50 0.3501 0.3367 0.2042 0.0493 0.0599
51 0.1866 0.2051 0.5034 0.0382 0.0666
52 0.1516 0.2156 0.5767 0.0165 0.0396
53 0.0219 0.4724 0.4724 0.0322 0.0009
54 0.0750 0.1246 0.7056 0.0330 0.0617
55 0.4363 0.2177 0.1847 0.1416 0.0196
56 0.5166 0.1295 0.0377 0.2458 0.0704
57 0.5366 0.1433 0.0709 0.2151 0.0340
58 0.5010 0.0798 0.0459 0.3259 0.0477
59 0.4275 0.0578 0.0320 0.4585 0.0243
60 0.4563 0.2661 0.2025 0.0201 0.0549
61 0.0900 0.4360 0.4360 0.0233 0.0148
62 0.2286 0.1583 0.5034 0.0367 0.0731
63 0.3074 0.2489 0.1779 0.1194 0.1464
64 0.1957 0.3831 0.2715 0.0491 0.1007
65 0.4685 0.2015 0.2629 0.0364 0.0307
66 0.3914 0.2798 0.0729 0.2030 0.0530
67 0.3469 0.3552 0.2170 0.0210 0.0598
68 0.6152 0.1967 0.1129 0.0204 0.0546
69 0.3599 0.2847 0.0635 0.2416 0.0506
70 0.5513 0.2335 0.0735 0.1028 0.0387
71 0.5889 0.2020 0.0392 0.1324 0.0374
72 0.5815 0.2009 0.0325 0.1403 0.0448
73 0.3721 0.3931 0.0455 0.1348 0.0545
74 0.4724 0.1385 0.2375 0.0468 0.1046
75 0.4661 0.2456 0.1455 0.1064 0.0365
76 0.2158 0.1393 0.2059 0.4258 0.0133
77 0.0813 0.4329 0.3818 0.0845 0.0195
78 0.0455 0.1703 0.3960 0.3635 0.0247
79 0.3057 0.1526 0.3206 0.2069 0.0143
80 0.2817 0.1045 0.0922 0.1147 0.4067
81 0.2081 0.2433 0.0708 0.1865 0.2913
82 0.2881 0.2666 0.1201 0.3215 0.0036
83 0.1776 0.3423 0.1012 0.3318 0.0471
84 0.6758 0.0155 0.1053 0.1749 0.0283
85 0.7178 0.0249 0.0995 0.1381 0.0196
86 0.1818 0.6548 0.1483 0.0086 0.0067
87 0.1799 0.2087 0.2023 0.3721 0.0368
88 0.1548 0.5664 0.2573 0.0130 0.0087
89 0.2827 0.2380 0.1179 0.0178 0.3438
90 0.2676 0.3127 0.1661 0.2435 0.0101
91 0.1787 0.2207 0.3018 0.2705 0.0283
92 0.0553 0.4563 0.3337 0.1392 0.0156
93 0.1948 0.5684 0.1393 0.0892 0.0084
94 0.3254 0.2939 0.1133 0.0862 0.1812
95 0.2130 0.1429 0.3623 0.2671 0.0146
96 0.2576 0.1785 0.3333 0.2169 0.0136
97 0.3210 0.0157 0.1589 0.4636 0.0405
98 0.4880 0.0476 0.2654 0.1660 0.0330
99 0.3787 0.0178 0.0550 0.5254 0.0231
100 0.1101 0.5093 0.1482 0.2224 0.0102
101 0.0486 0.6665 0.2471 0.0262 0.0115
102 0.1820 0.4648 0.2690 0.0741 0.0101
103 0.1600 0.5898 0.1871 0.0263 0.0366
104 0.1111 0.2727 0.5640 0.0439 0.0081
105 0.2927 0.1655 0.4097 0.0914 0.0409
106 0.1970 0.2913 0.3740 0.1195 0.0182
107 0.1442 0.3325 0.3457 0.1105 0.0670
108 0.2744 0.1539 0.2189 0.3469 0.0058
109 0.3867 0.2439 0.1743 0.1855 0.0096
110 0.4248 0.1613 0.2439 0.0804 0.0897
111 0.5889 0.0531 0.1853 0.0709 0.1016
112 0.6772 0.0475 0.1158 0.0923 0.0671
113 0.7603 0.0624 0.1147 0.0240 0.0387
114 0.0493 0.0632 0.1238 0.7017 0.0623
115 0.0608 0.1888 0.2424 0.5054 0.0026
116 0.1464 0.0847 0.6611 0.0991 0.0084
117 0.1438 0.1981 0.5962 0.0478 0.0141
118 0.2781 0.2651 0.2981 0.0273 0.1313
119 0.1769 0.3203 0.2676 0.1927 0.0424
120 0.2396 0.1547 0.5273 0.0388 0.0394
121 0.3203 0.2961 0.2307 0.0192 0.1335
122 0.3901 0.1481 0.3723 0.0200 0.0694
123 0.1580 0.1383 0.5181 0.1819 0.0037
124 0.1437 0.5957 0.1654 0.0825 0.0130
125 0.2140 0.0739 0.4600 0.1903 0.0618
126 0.2676 0.2151 0.2134 0.1913 0.1125
127 0.3989 0.0398 0.4053 0.1217 0.0343
128 0.0614 0.1761 0.6753 0.0501 0.0369
129 0.0800 0.1949 0.3291 0.3787 0.0174
130 0.1545 0.6069 0.1096 0.1140 0.0151
131 0.1515 0.0528 0.7637 0.0296 0.0026
132 0.4390 0.1565 0.2620 0.0178 0.1248
133 0.0832 0.0604 0.8398 0.0084 0.0080
134 0.2749 0.3699 0.2406 0.0270 0.0878
135 0.3333 0.3203 0.1675 0.0940 0.0849
136 0.1506 0.5425 0.1437 0.1350 0.0283
137 0.4753 0.3533 0.0449 0.1061 0.0204
138 0.2783 0.2218 0.1388 0.3008 0.0602
139 0.3457 0.0881 0.0789 0.4041 0.0834
140 0.1450 0.2688 0.4717 0.1077 0.0067
141 0.3269 0.3071 0.0908 0.0302 0.2449
142 0.4058 0.1338 0.3442 0.0905 0.0257
143 0.2502 0.3845 0.1154 0.0537 0.1963
144 0.2632 0.3076 0.3625 0.0385 0.0284
145 0.2372 0.3479 0.2505 0.1260 0.0384
146 0.2086 0.2328 0.0672 0.0462 0.4451
147 0.1348 0.4055 0.0811 0.0037 0.3750
148 0.1726 0.3459 0.4238 0.0269 0.0309
149 0.0528 0.1328 0.6797 0.1267 0.0077
150 0.0922 0.3071 0.5562 0.0353 0.0092
151 0.1454 0.4695 0.2737 0.0527 0.0587
152 0.8228 0.0206 0.1054 0.0361 0.0152
153 0.8008 0.0183 0.0825 0.0745 0.0238
154 0.8071 0.0106 0.0979 0.0699 0.0145
155 0.3643 0.1591 0.3530 0.0316 0.0921
156 0.1224 0.0348 0.3274 0.5073 0.0082
157 0.5146 0.2668 0.1122 0.0316 0.0747
158 0.2266 0.0468 0.4436 0.2776 0.0057
159 0.2832 0.2500 0.1746 0.0441 0.2480
160 0.3628 0.0359 0.0755 0.5117 0.0140
161 0.3835 0.1198 0.3660 0.1216 0.0090
162 0.3655 0.1224 0.3176 0.1809 0.0136
163 0.3621 0.3074 0.1332 0.0237 0.1737
164 0.0663 0.4126 0.1393 0.3757 0.0062
165 0.0300 0.1115 0.0822 0.7739 0.0021
166 0.4382 0.0993 0.2153 0.2103 0.0368
167 0.5483 0.1621 0.1852 0.0376 0.0665
168 0.5039 0.0732 0.2117 0.1825 0.0287
169 0.1260 0.6011 0.1331 0.0807 0.0595
170 0.4548 0.0910 0.2803 0.1007 0.0731
171 0.4380 0.1599 0.2939 0.0626 0.0454
172 0.2010 0.1003 0.4092 0.2834 0.0061
173 0.2727 0.2026 0.2927 0.2297 0.0023
174 0.1383 0.2815 0.1818 0.3728 0.0256
175 0.2047 0.2180 0.1510 0.4009 0.0254
176 0.0773 0.5078 0.3381 0.0483 0.0286
177 0.4602 0.0452 0.0825 0.3340 0.0781
178 0.1161 0.0508 0.0738 0.7339 0.0253
179 0.1967 0.5601 0.2094 0.0264 0.0073
180 0.0717 0.7471 0.1318 0.0470 0.0023
181 0.0595 0.3701 0.4607 0.0950 0.0147
182 0.2610 0.2064 0.2935 0.1608 0.0784
183 0.0811 0.3806 0.2102 0.3257 0.0025
184 0.0305 0.4771 0.3130 0.1702 0.0094
185 0.2074 0.1903 0.1802 0.0194 0.4028
186 0.2722 0.2830 0.2898 0.1423 0.0126
187 0.1996 0.5020 0.2192 0.0717 0.0078
188 0.2128 0.2128 0.2411 0.3245 0.0090
189 0.2402 0.4419 0.2440 0.0352 0.0389
190 0.2686 0.3115 0.1874 0.2140 0.0187
191 0.3413 0.2537 0.1587 0.0392 0.2070
192 0.2277 0.4600 0.2600 0.0308 0.0215
193 0.2903 0.1505 0.1404 0.1051 0.3137
194 0.3423 0.1543 0.2749 0.1036 0.1249
195 0.1099 0.1367 0.0779 0.0330 0.6426
196 0.4382 0.0523 0.2203 0.2874 0.0016
197 0.6982 0.0471 0.2302 0.0235 0.0011
198 0.7119 0.0504 0.2024 0.0341 0.0013
199 0.4187 0.0408 0.2539 0.2834 0.0031
200 0.8608 0.0319 0.0486 0.0446 0.0141
201 0.8633 0.0324 0.0515 0.0388 0.0140
202 0.8140 0.0459 0.0349 0.0899 0.0155
