time exciting_prob fearful_prob tense_prob sad_prob relaxing_prob
0 0.2037 0.2830 0.2496 0.2310 0.0327
1 0.1604 0.0563 0.4292 0.3342 0.0201
2 0.2346 0.1237 0.3157 0.2966 0.0294
3 0.3313 0.3752 0.2330 0.0246 0.0357
4 0.3684 0.1064 0.4729 0.0043 0.0479
5 0.4136 0.0660 0.4614 0.0031 0.0560
6 0.5630 0.1074 0.2920 0.0082 0.0296
7 0.3696 0.1541 0.2747 0.1615 0.0402
8 0.3784 0.2878 0.2313 0.0793 0.0229
9 0.2020 0.2720 0.4773 0.0269 0.0220
10 0.2603 0.0858 0.5337 0.1136 0.0064
11 0.4749 0.0740 0.3447 0.0129 0.0935
12 0.4211 0.1049 0.3689 0.0162 0.0890
13 0.3823 0.1521 0.3853 0.0061 0.0741
14 0.3247 0.0490 0.4724 0.1158 0.0382
15 0.5444 0.0433 0.2473 0.0197 0.1454
16 0.3342 0.0509 0.5469 0.0393 0.0285
17 0.1776 0.0795 0.6973 0.0047 0.0412
18 0.1523 0.1571 0.6719 0.0062 0.0123
19 0.0980 0.1027 0.7896 0.0032 0.0066
20 0.0720 0.1133 0.7988 0.0115 0.0044
21 0.1405 0.2448 0.4229 0.1631 0.0288
22 0.1035 0.2561 0.6240 0.0080 0.0088
23 0.4944 0.1669 0.2773 0.0179 0.0435
24 0.6045 0.1553 0.1382 0.0168 0.0851
25 0.2350 0.0381 0.5293 0.0072 0.1903
26 0.1322 0.0461 0.5742 0.0043 0.2432
27 0.3152 0.1196 0.4731 0.0232 0.0687
28 0.0684 0.1531 0.6860 0.0521 0.0406
29 0.1307 0.2155 0.5679 0.0477 0.0383
30 0.3420 0.0304 0.2881 0.0130 0.3264
31 0.3162 0.0255 0.2386 0.0075 0.4124
32 0.1554 0.3396 0.3318 0.0958 0.0776
33 0.3406 0.3301 0.2378 0.0809 0.0104
34 0.1816 0.0445 0.1831 0.0311 0.5596
35 0.3730 0.2334 0.1438 0.2158 0.0339
36 0.3120 0.2246 0.2046 0.1749 0.0839
37 0.4651 0.1333 0.2932 0.0189 0.0895
38 0.1884 0.1422 0.5366 0.0245 0.1082
39 0.1065 0.0856 0.7627 0.0181 0.0269
40 0.1059 0.1051 0.6855 0.0050 0.0988
41 0.2350 0.0942 0.4060 0.0067 0.2581
42 0.6162 0.1385 0.2064 0.0219 0.0168
43 0.4722 0.1582 0.3049 0.0502 0.0145
44 0.4797 0.2339 0.2412 0.0228 0.0223
45 0.5771 0.1654 0.2191 0.0142 0.0240
46 0.1982 0.0364 0.2710 0.0581 0.4363
47 0.4478 0.0815 0.3352 0.0061 0.1293
48 0.0535 0.0676 0.8496 0.0271 0.0019
49 0.0550 0.0775 0.7471 0.1164 0.0040
50 0.0497 0.1531 0.7651 0.0301 0.0017
51 0.0157 0.2605 0.7192 0.0042 0.0002
52 0.1836 0.2395 0.2888 0.2358 0.0522
53 0.2115 0.2612 0.3982 0.0889 0.0401
54 0.2236 0.1573 0.3894 0.1825 0.0472
55 0.2861 0.1450 0.3914 0.0324 0.1450
56 0.3000 0.1130 0.4719 0.0221 0.0930
57 0.5669 0.0823 0.2534 0.0050 0.0925
58 0.4729 0.0790 0.3276 0.0835 0.0370
59 0.3606 0.1227 0.4084 0.0477 0.0607
60 0.3228 0.4844 0.1548 0.0249 0.0131
61 0.2378 0.4917 0.1809 0.0351 0.0547
62 0.0869 0.1039 0.7217 0.0749 0.0126
63 0.1398 0.2305 0.5747 0.0450 0.0097
64 0.4321 0.0524 0.3525 0.0160 0.1470
65 0.4192 0.0393 0.1472 0.0155 0.3787
66 0.1299 0.0254 0.2158 0.0044 0.6245
67 0.1747 0.0235 0.3906 0.0080 0.4031
68 0.1523 0.0178 0.6270 0.0043 0.1987
69 0.0131 0.1092 0.8721 0.0051 0.0003
70 0.0279 0.1450 0.8218 0.0047 0.0004
71 0.0367 0.0938 0.8364 0.0314 0.0017
72 0.1805 0.0529 0.7251 0.0195 0.0219
73 0.1439 0.0102 0.7192 0.1044 0.0222
74 0.0445 0.1068 0.5771 0.2686 0.0029
75 0.1654 0.1259 0.6489 0.0516 0.0083
76 0.0503 0.1089 0.8179 0.0208 0.0022
77 0.4968 0.1576 0.1827 0.0710 0.0919
78 0.2482 0.2025 0.2260 0.1191 0.2041
79 0.3203 0.1797 0.2717 0.0816 0.1466
80 0.3975 0.1722 0.1777 0.0634 0.1892
81 0.3596 0.0917 0.3982 0.0407 0.1097
82 0.0699 0.0607 0.5498 0.3132 0.0067
83 0.0928 0.1004 0.7534 0.0418 0.0115
84 0.3926 0.0392 0.3926 0.1637 0.0118
85 0.1888 0.0740 0.6592 0.0363 0.0418
86 0.2468 0.1984 0.4504 0.0183 0.0860
87 0.1344 0.0931 0.7212 0.0147 0.0367
88 0.1823 0.1097 0.5439 0.0198 0.1442
89 0.3057 0.2101 0.3252 0.0749 0.0842
90 0.3489 0.2361 0.2512 0.0977 0.0661
91 0.2352 0.1604 0.5684 0.0226 0.0133
92 0.2102 0.1490 0.5898 0.0411 0.0099
93 0.2668 0.0981 0.5264 0.0639 0.0446
94 0.3735 0.0827 0.3591 0.0252 0.1594
95 0.3733 0.1581 0.2354 0.0367 0.1967
96 0.2214 0.0494 0.3271 0.3171 0.0847
97 0.5186 0.1750 0.2162 0.0153 0.0747
98 0.3545 0.0607 0.3716 0.0698 0.1433
99 0.1422 0.0948 0.5537 0.1945 0.0146
100 0.0850 0.1307 0.7290 0.0500 0.0053
101 0.1165 0.2142 0.5913 0.0559 0.0219
102 0.1058 0.1227 0.7402 0.0242 0.0073
103 0.0491 0.0382 0.8169 0.0903 0.0054
104 0.0885 0.0745 0.6240 0.2025 0.0105
105 0.0614 0.1044 0.5557 0.2708 0.0079
106 0.0311 0.2057 0.6538 0.0987 0.0108
107 0.1085 0.0781 0.6543 0.1415 0.0176
108 0.1388 0.1797 0.5278 0.0503 0.1031
109 0.1075 0.3159 0.3523 0.1857 0.0386
110 0.2732 0.2266 0.3535 0.0586 0.0880
111 0.5566 0.1387 0.1633 0.0262 0.1149
112 0.0845 0.4028 0.3501 0.1437 0.0188
113 0.2485 0.2245 0.4866 0.0268 0.0136
114 0.2610 0.2959 0.3918 0.0234 0.0277
115 0.2520 0.2559 0.3210 0.1002 0.0710
116 0.2332 0.0618 0.4495 0.1530 0.1027
117 0.2998 0.2354 0.3940 0.0192 0.0517
118 0.4199 0.1509 0.1683 0.2412 0.0196
119 0.3716 0.1624 0.3279 0.0300 0.1082
120 0.1371 0.2727 0.2749 0.2949 0.0204
121 0.2166 0.2571 0.4729 0.0140 0.0394
122 0.0894 0.3564 0.3735 0.0735 0.1070
123 0.5093 0.2010 0.2174 0.0504 0.0215
124 0.4961 0.0969 0.1913 0.0570 0.1586
125 0.5054 0.1403 0.1746 0.0481 0.1318
126 0.1272 0.0271 0.1387 0.6460 0.0610
127 0.3655 0.1511 0.2083 0.0430 0.2323
128 0.3796 0.0526 0.1333 0.3247 0.1096
129 0.4231 0.2585 0.1863 0.0753 0.0568
130 0.2278 0.0201 0.6489 0.0906 0.0127
131 0.1567 0.1543 0.5825 0.0679 0.0387
132 0.4883 0.2939 0.0715 0.0932 0.0531
133 0.5356 0.3101 0.1006 0.0298 0.0237
134 0.3232 0.2479 0.3496 0.0524 0.0269
135 0.2101 0.1421 0.4961 0.1073 0.0444
136 0.0456 0.1589 0.4529 0.2664 0.0763
137 0.1807 0.0464 0.5566 0.2015 0.0147
138 0.4333 0.0426 0.4402 0.0426 0.0413
139 0.4651 0.1166 0.2712 0.0847 0.0624
140 0.0610 0.0564 0.5186 0.3245 0.0394
141 0.1542 0.2683 0.2856 0.2444 0.0474
142 0.2781 0.0472 0.3252 0.3103 0.0392
143 0.1085 0.0390 0.1904 0.6147 0.0474
144 0.4260 0.1183 0.2793 0.0554 0.1211
145 0.2639 0.0627 0.2559 0.3901 0.0272
146 0.1140 0.1940 0.3738 0.2610 0.0573
147 0.0443 0.0707 0.1342 0.7368 0.0138
148 0.0621 0.2035 0.3516 0.3462 0.0365
149 0.6255 0.0853 0.2546 0.0103 0.0244
150 0.5327 0.0786 0.2700 0.0458 0.0727
151 0.2150 0.4343 0.1782 0.0338 0.1388
152 0.1672 0.3770 0.1499 0.0257 0.2800
153 0.1442 0.1583 0.2286 0.4546 0.0143
154 0.2135 0.2135 0.3059 0.2534 0.0138
155 0.1192 0.2427 0.4094 0.1259 0.1027
156 0.4365 0.1709 0.1281 0.2030 0.0614
157 0.0943 0.5869 0.2227 0.0819 0.0144
158 0.5122 0.1390 0.2942 0.0234 0.0310
159 0.2986 0.0910 0.5620 0.0234 0.0251
160 0.4612 0.1301 0.3245 0.0192 0.0649
161 0.4324 0.0728 0.3584 0.0838 0.0525
162 0.4575 0.1212 0.2954 0.0770 0.0490
163 0.3992 0.1930 0.2766 0.1049 0.0263
164 0.5747 0.0329 0.0809 0.0645 0.2472
165 0.3093 0.4128 0.1981 0.0064 0.0734
166 0.2362 0.2201 0.3716 0.1040 0.0682
167 0.2145 0.2732 0.2230 0.1029 0.1864
168 0.1877 0.2817 0.3733 0.0801 0.0770
169 0.1758 0.0141 0.7754 0.0039 0.0308
170 0.2810 0.0187 0.6187 0.0095 0.0722
171 0.0255 0.1897 0.3545 0.4080 0.0225
172 0.0822 0.0635 0.8364 0.0041 0.0137
173 0.1179 0.2830 0.4736 0.1143 0.0111
174 0.2150 0.0790 0.6831 0.0164 0.0065
175 0.1165 0.0814 0.7305 0.0439 0.0277
176 0.1263 0.4343 0.3357 0.0611 0.0427
177 0.3855 0.2754 0.1364 0.1053 0.0975
178 0.4209 0.2593 0.1868 0.1273 0.0058
179 0.4436 0.2249 0.2145 0.1053 0.0117
180 0.2529 0.1131 0.0888 0.2981 0.2471
181 0.3115 0.1761 0.1415 0.2369 0.1339
182 0.1774 0.4822 0.2482 0.0477 0.0445
183 0.0745 0.5420 0.2856 0.0372 0.0604
184 0.3809 0.1057 0.2920 0.1798 0.0417
185 0.1560 0.4517 0.3518 0.0385 0.0021
186 0.0179 0.4312 0.5366 0.0136 0.0008
187 0.6431 0.1317 0.1447 0.0431 0.0374
188 0.6201 0.1484 0.1473 0.0573 0.0268
189 0.2307 0.2168 0.3716 0.0259 0.1549
190 0.4495 0.1815 0.2123 0.0378 0.1191
191 0.1370 0.0870 0.1218 0.4456 0.2087
192 0.1791 0.2264 0.3943 0.1321 0.0680
193 0.1132 0.2081 0.5791 0.0587 0.0410
194 0.2185 0.2849 0.2805 0.1812 0.0349
195 0.3037 0.2991 0.3184 0.0536 0.0255
196 0.1024 0.2308 0.6475 0.0101 0.0093
197 0.3232 0.2310 0.1479 0.2556 0.0421
198 0.2388 0.1371 0.4712 0.1043 0.0485
199 0.0736 0.1534 0.4800 0.2866 0.0063
200 0.4570 0.1249 0.1449 0.2505 0.0226
201 0.4436 0.2301 0.1953 0.0975 0.0334
202 0.3635 0.1357 0.3257 0.1161 0.0589
203 0.4619 0.1014 0.2610 0.0854 0.0902
204 0.0830 0.0912 0.3779 0.4351 0.0127
205 0.3159 0.1827 0.4185 0.0280 0.0549
206 0.2832 0.0191 0.1257 0.5132 0.0589
207 0.5664 0.0749 0.0661 0.1973 0.0954
208 0.1268 0.2769 0.4495 0.1288 0.0181
209 0.1924 0.1131 0.6211 0.0714 0.0019
210 0.1531 0.4641 0.2644 0.1060 0.0124
211 0.4951 0.2147 0.1954 0.0260 0.0686
212 0.4504 0.1683 0.3071 0.0134 0.0605
213 0.0540 0.1031 0.3130 0.5078 0.0221
214 0.3257 0.2744 0.3362 0.0371 0.0267
215 0.5737 0.1121 0.1656 0.0299 0.1184
216 0.3613 0.2208 0.3188 0.0717 0.0272
217 0.4829 0.0546 0.1290 0.1544 0.1791
218 0.3806 0.0570 0.4312 0.0667 0.0646
219 0.3403 0.1333 0.3708 0.0703 0.0854
220 0.1871 0.2404 0.3469 0.0799 0.1458
221 0.1287 0.2330 0.3416 0.1564 0.1403
222 0.2286 0.5195 0.2131 0.0211 0.0176
223 0.1029 0.2301 0.5391 0.0216 0.1062
224 0.1208 0.2517 0.4817 0.0287 0.1171
225 0.5127 0.1108 0.3284 0.0108 0.0374
226 0.2126 0.2045 0.4680 0.0846 0.0302
227 0.0866 0.3118 0.5737 0.0250 0.0031
228 0.1567 0.0826 0.2976 0.4397 0.0233
229 0.1127 0.0408 0.1403 0.6797 0.0268
230 0.0999 0.0984 0.1548 0.6416 0.0054
231 0.7485 0.0429 0.0664 0.0591 0.0833
232 0.0572 0.2605 0.5601 0.1156 0.0067
233 0.2473 0.3252 0.2035 0.1610 0.0630
234 0.1232 0.5146 0.3428 0.0078 0.0117
235 0.3862 0.0340 0.2698 0.2101 0.1000
236 0.1997 0.1520 0.4229 0.1906 0.0350
237 0.3115 0.3584 0.2107 0.0819 0.0375
238 0.0898 0.1787 0.1267 0.5767 0.0280
239 0.2996 0.3755 0.1530 0.1554 0.0166
240 0.0659 0.1461 0.2773 0.4944 0.0163
241 0.1147 0.4395 0.2209 0.2192 0.0055
242 0.1165 0.1921 0.2144 0.0509 0.4263
243 0.1136 0.2542 0.5337 0.0658 0.0328
244 0.1196 0.0348 0.5796 0.2454 0.0208
245 0.1360 0.2749 0.3367 0.2107 0.0418
246 0.5737 0.0559 0.0563 0.0966 0.2177
247 0.2432 0.0304 0.1223 0.5742 0.0300
248 0.2004 0.0232 0.2494 0.4961 0.0310
249 0.2092 0.1681 0.4717 0.1279 0.0231
250 0.0361 0.3374 0.5923 0.0186 0.0157
251 0.1387 0.0803 0.4690 0.2756 0.0364
252 0.0701 0.0229 0.6147 0.2815 0.0110
253 0.0682 0.0179 0.5625 0.3464 0.0049
254 0.3906 0.1542 0.3557 0.0865 0.0130
255 0.1844 0.0287 0.6338 0.1288 0.0244
256 0.1901 0.0318 0.6846 0.0744 0.0194
257 0.2214 0.3828 0.1940 0.1970 0.0049
258 0.3716 0.1345 0.3894 0.0597 0.0447
259 0.2277 0.0357 0.4822 0.1918 0.0627
260 0.3052 0.0433 0.4172 0.1910 0.0433
261 0.2529 0.0461 0.5615 0.0874 0.0522
262 0.0977 0.2656 0.4312 0.1688 0.0368
263 0.0579 0.2289 0.6128 0.0810 0.0197
264 0.2325 0.0791 0.4080 0.1810 0.0992
265 0.3435 0.0511 0.3716 0.1755 0.0583
266 0.2188 0.0177 0.4216 0.2991 0.0431
267 0.2054 0.0082 0.4487 0.2944 0.0431
