time exciting_prob fearful_prob tense_prob sad_prob relaxing_prob
0 0.2037 0.2830 0.2496 0.2310 0.0327
1 0.0849 0.3010 0.2345 0.3574 0.0222
2 0.0992 0.4175 0.3054 0.1584 0.0192
3 0.1273 0.3984 0.3462 0.1008 0.0271
4 0.1403 0.2834 0.3418 0.1947 0.0399
5 0.1746 0.2969 0.3997 0.0906 0.0384
6 0.1714 0.2825 0.3984 0.1107 0.0370
7 0.2216 0.2590 0.4141 0.0731 0.0322
8 0.1615 0.2834 0.3638 0.1666 0.0248
9 0.0224 0.3611 0.1003 0.4785 0.0378
10 0.0146 0.1260 0.1111 0.7363 0.0122
11 0.0710 0.2920 0.0919 0.4739 0.0715
12 0.0341 0.5049 0.1162 0.3015 0.0434
13 0.0305 0.3030 0.0645 0.5571 0.0447
14 0.0507 0.4771 0.1048 0.2676 0.1000
15 0.0436 0.5933 0.0778 0.2632 0.0221
16 0.0410 0.5879 0.1038 0.2302 0.0370
17 0.0587 0.3003 0.0610 0.4509 0.1292
18 0.0836 0.3662 0.1099 0.3386 0.1017
19 0.0413 0.2888 0.0436 0.5151 0.1113
20 0.1099 0.5000 0.0332 0.2678 0.0890
21 0.0897 0.4626 0.1226 0.2720 0.0531
22 0.0754 0.5483 0.0479 0.2251 0.1031
23 0.0671 0.6030 0.0518 0.2100 0.0682
24 0.1655 0.5864 0.0563 0.0980 0.0936
25 0.0793 0.7119 0.0545 0.1109 0.0434
26 0.1169 0.4280 0.1082 0.2515 0.0955
27 0.0345 0.6724 0.1225 0.1598 0.0107
28 0.1331 0.6152 0.0974 0.1061 0.0482
29 0.1118 0.5952 0.1101 0.1577 0.0253
30 0.0850 0.6274 0.0646 0.1914 0.0315
31 0.0989 0.1395 0.0449 0.6655 0.0513
32 0.2539 0.3582 0.1101 0.1719 0.1059
33 0.1747 0.3420 0.0529 0.3528 0.0775
34 0.1022 0.4688 0.0388 0.2756 0.1149
35 0.0961 0.4805 0.0784 0.2532 0.0917
36 0.1533 0.5024 0.2031 0.0771 0.0639
37 0.1879 0.3296 0.3196 0.1005 0.0624
38 0.0779 0.2020 0.5239 0.1812 0.0148
39 0.1154 0.5132 0.1887 0.1493 0.0336
40 0.0524 0.3037 0.0383 0.5767 0.0289
41 0.0689 0.4124 0.1888 0.2705 0.0594
42 0.0688 0.6274 0.2070 0.0773 0.0193
43 0.0533 0.5737 0.1952 0.1669 0.0111
44 0.0668 0.5293 0.1565 0.2173 0.0299
45 0.0629 0.5225 0.2178 0.1892 0.0075
46 0.0235 0.7261 0.1671 0.0777 0.0057
47 0.0625 0.6929 0.1282 0.1054 0.0110
48 0.0519 0.6626 0.1099 0.1702 0.0056
49 0.0645 0.6211 0.2146 0.0983 0.0018
50 0.1516 0.5767 0.0934 0.1470 0.0313
51 0.1405 0.6450 0.1053 0.0735 0.0358
52 0.1936 0.4365 0.2646 0.0853 0.0199
53 0.1552 0.4932 0.1317 0.1931 0.0268
54 0.1512 0.5117 0.2052 0.0829 0.0487
55 0.1423 0.4521 0.1638 0.2136 0.0280
56 0.1763 0.5601 0.1249 0.0966 0.0422
57 0.1128 0.5132 0.2502 0.1110 0.0126
58 0.1198 0.5454 0.2617 0.0593 0.0138
59 0.1332 0.5874 0.1968 0.0759 0.0069
60 0.1704 0.5947 0.1946 0.0291 0.0113
61 0.2886 0.3821 0.2144 0.0997 0.0153
62 0.2106 0.5376 0.1516 0.0793 0.0210
63 0.2238 0.4314 0.2118 0.1082 0.0249
64 0.3188 0.4092 0.1309 0.1102 0.0311
65 0.1742 0.5283 0.1742 0.0984 0.0249
66 0.2927 0.4536 0.1472 0.0723 0.0341
67 0.2328 0.4778 0.2087 0.0589 0.0218
68 0.1971 0.4141 0.1293 0.2217 0.0376
69 0.2441 0.4285 0.1516 0.1392 0.0366
70 0.2000 0.4268 0.1879 0.1697 0.0157
71 0.2211 0.3789 0.1012 0.2688 0.0299
72 0.1746 0.1902 0.1349 0.4783 0.0222
73 0.0839 0.5557 0.2043 0.1472 0.0091
74 0.1462 0.5146 0.1556 0.1532 0.0304
75 0.1032 0.5410 0.2457 0.0869 0.0232
76 0.1140 0.6260 0.1396 0.0629 0.0577
77 0.1733 0.4675 0.1068 0.1578 0.0943
78 0.2451 0.4043 0.1836 0.0724 0.0945
79 0.3013 0.3901 0.1306 0.0473 0.1306
80 0.1742 0.5493 0.1274 0.0816 0.0677
81 0.0705 0.2441 0.0941 0.5503 0.0411
82 0.1005 0.2908 0.1290 0.4167 0.0629
83 0.0776 0.4868 0.1321 0.1736 0.1300
84 0.1302 0.4653 0.2097 0.1323 0.0625
85 0.1390 0.2439 0.1716 0.3662 0.0792
86 0.0958 0.4463 0.1350 0.2465 0.0764
87 0.1709 0.4199 0.1532 0.2062 0.0497
88 0.0508 0.3501 0.2091 0.3557 0.0341
89 0.0905 0.5542 0.1527 0.1677 0.0349
90 0.1497 0.2795 0.4197 0.1321 0.0193
91 0.1656 0.1556 0.2195 0.4297 0.0295
92 0.1080 0.1477 0.3176 0.4143 0.0124
93 0.2451 0.1213 0.3738 0.2375 0.0223
94 0.2278 0.0642 0.3936 0.2971 0.0176
95 0.2231 0.1464 0.2734 0.3298 0.0275
96 0.2018 0.1014 0.2216 0.4546 0.0206
97 0.1792 0.1300 0.2886 0.3762 0.0260
98 0.1367 0.1676 0.3386 0.3130 0.0441
99 0.0983 0.1725 0.3171 0.3594 0.0526
100 0.1339 0.1027 0.3367 0.4124 0.0146
101 0.1787 0.1068 0.3237 0.3667 0.0242
102 0.1558 0.1464 0.2690 0.4041 0.0248
103 0.1426 0.1044 0.2427 0.4824 0.0279
104 0.1549 0.1959 0.2678 0.3547 0.0267
105 0.1443 0.1714 0.3572 0.3008 0.0265
106 0.1263 0.2939 0.3032 0.2289 0.0476
107 0.1876 0.1630 0.3730 0.2371 0.0393
108 0.2192 0.1102 0.3191 0.3140 0.0375
109 0.1454 0.1500 0.2676 0.4080 0.0291
110 0.2905 0.2563 0.3396 0.1020 0.0114
111 0.2429 0.3943 0.2886 0.0638 0.0104
112 0.2341 0.3101 0.3860 0.0611 0.0086
113 0.2610 0.3740 0.3101 0.0457 0.0094
114 0.2241 0.4321 0.3064 0.0296 0.0079
115 0.1705 0.4060 0.3875 0.0272 0.0089
116 0.1692 0.3418 0.4121 0.0647 0.0123
117 0.2057 0.4492 0.2900 0.0323 0.0227
118 0.2458 0.4316 0.2659 0.0484 0.0082
119 0.1573 0.3774 0.4146 0.0401 0.0107
120 0.1913 0.4590 0.3010 0.0407 0.0081
121 0.1781 0.5317 0.2473 0.0334 0.0095
122 0.2505 0.4326 0.2625 0.0467 0.0077
123 0.3635 0.2920 0.2578 0.0768 0.0100
124 0.1742 0.2308 0.4519 0.1179 0.0253
125 0.3503 0.2484 0.2903 0.1019 0.0090
126 0.2998 0.2299 0.3191 0.1289 0.0224
127 0.2512 0.2717 0.3079 0.1324 0.0365
128 0.2683 0.1816 0.2561 0.2727 0.0213
129 0.4736 0.2615 0.1826 0.0570 0.0253
130 0.1300 0.2429 0.2710 0.3372 0.0190
131 0.1246 0.3899 0.2220 0.2220 0.0414
132 0.0381 0.1873 0.3843 0.3667 0.0236
133 0.0858 0.5776 0.1707 0.0914 0.0746
134 0.0617 0.5547 0.2206 0.1162 0.0470
135 0.0836 0.5039 0.1741 0.2068 0.0317
136 0.0391 0.4238 0.1196 0.3801 0.0373
137 0.1083 0.4319 0.0831 0.2876 0.0891
138 0.0891 0.5854 0.0673 0.1677 0.0905
139 0.1027 0.6641 0.1019 0.0858 0.0456
140 0.0925 0.6128 0.1265 0.0667 0.1016
141 0.0235 0.6025 0.1224 0.2251 0.0267
142 0.0219 0.6245 0.0973 0.2446 0.0114
143 0.0198 0.6831 0.0869 0.1987 0.0116
144 0.0278 0.6172 0.1024 0.2235 0.0293
145 0.0201 0.4333 0.0502 0.4834 0.0130
146 0.0479 0.7314 0.1087 0.0974 0.0148
147 0.1087 0.4507 0.1440 0.2338 0.0629
148 0.0445 0.6289 0.1011 0.2042 0.0210
149 0.0725 0.5439 0.1686 0.1794 0.0353
150 0.0980 0.3528 0.3367 0.1918 0.0207
151 0.1205 0.2937 0.1699 0.2434 0.1726
152 0.0170 0.1759 0.0266 0.7759 0.0045
153 0.1415 0.1393 0.2686 0.4226 0.0281
154 0.3215 0.2583 0.1450 0.1630 0.1120
155 0.2130 0.3325 0.1738 0.2268 0.0539
156 0.0947 0.3521 0.3059 0.1975 0.0499
157 0.0753 0.4434 0.3618 0.0900 0.0297
158 0.0323 0.1077 0.0428 0.7954 0.0217
159 0.1176 0.2910 0.0952 0.4722 0.0241
160 0.1736 0.4504 0.1520 0.1581 0.0659
161 0.0645 0.2932 0.0952 0.4836 0.0634
162 0.1982 0.2335 0.0501 0.3071 0.2111
163 0.2654 0.2435 0.1056 0.1868 0.1987
164 0.1324 0.1367 0.0472 0.5889 0.0947
165 0.1968 0.4102 0.0833 0.2507 0.0591
166 0.2546 0.3647 0.0680 0.1581 0.1544
167 0.2234 0.5444 0.0822 0.0889 0.0611
168 0.3621 0.3071 0.0827 0.1087 0.1395
169 0.2142 0.1299 0.0659 0.4905 0.0996
170 0.0627 0.2600 0.0448 0.6045 0.0278
171 0.1259 0.3091 0.0449 0.4639 0.0563
172 0.0578 0.2267 0.0464 0.6460 0.0232
173 0.2781 0.3711 0.0983 0.2050 0.0475
174 0.1805 0.4612 0.1121 0.2112 0.0350
175 0.0408 0.3235 0.0971 0.5249 0.0136
176 0.0392 0.5625 0.0911 0.2827 0.0245
177 0.0609 0.2091 0.0452 0.6543 0.0304
178 0.0927 0.3840 0.1458 0.3442 0.0333
179 0.2238 0.3633 0.0738 0.2637 0.0756
180 0.2164 0.4653 0.1499 0.1365 0.0319
181 0.0891 0.1256 0.0641 0.7007 0.0205
182 0.0507 0.6519 0.0790 0.2150 0.0037
183 0.0798 0.1390 0.0274 0.7285 0.0253
184 0.1025 0.3901 0.1516 0.3337 0.0222
185 0.1015 0.2435 0.0896 0.5317 0.0335
186 0.0750 0.2617 0.0798 0.5205 0.0627
187 0.0693 0.3081 0.1478 0.4412 0.0338
188 0.0901 0.0929 0.1250 0.6758 0.0160
189 0.0781 0.2971 0.0832 0.4900 0.0516
190 0.0691 0.1606 0.1070 0.6455 0.0179
191 0.1887 0.3472 0.2156 0.1873 0.0613
192 0.0440 0.3716 0.1304 0.4209 0.0330
193 0.1159 0.4995 0.2435 0.1097 0.0312
194 0.1077 0.4570 0.1270 0.2371 0.0712
195 0.2079 0.4685 0.1148 0.1428 0.0659
196 0.2607 0.2776 0.1139 0.2776 0.0702
197 0.1593 0.4133 0.1251 0.2283 0.0741
198 0.1824 0.5073 0.0939 0.1283 0.0882
199 0.1002 0.4929 0.0673 0.2944 0.0451
200 0.0762 0.5630 0.0919 0.2240 0.0448
201 0.1835 0.3594 0.1130 0.2886 0.0555
202 0.3179 0.3835 0.1869 0.0693 0.0424
203 0.0617 0.1914 0.0380 0.6279 0.0811
204 0.0203 0.0889 0.0401 0.7925 0.0583
205 0.0157 0.0549 0.0272 0.8857 0.0165
206 0.0249 0.1000 0.0263 0.8247 0.0243
207 0.0524 0.1068 0.0599 0.7295 0.0516
208 0.0179 0.0618 0.0260 0.8672 0.0272
209 0.0709 0.3655 0.0714 0.4143 0.0778
210 0.0241 0.0693 0.0401 0.8052 0.0611
211 0.0582 0.2732 0.0930 0.5435 0.0324
212 0.0324 0.2181 0.0340 0.6616 0.0539
213 0.0409 0.2976 0.0442 0.5649 0.0525
214 0.0493 0.2260 0.0316 0.5171 0.1760
215 0.0857 0.5503 0.1746 0.1359 0.0536
216 0.1079 0.4438 0.1453 0.2048 0.0983
217 0.0169 0.6631 0.0496 0.2639 0.0064
218 0.0170 0.1107 0.1090 0.7568 0.0064
219 0.0409 0.4465 0.0989 0.3760 0.0375
220 0.0385 0.2183 0.0185 0.6313 0.0931
221 0.0475 0.2487 0.0718 0.6060 0.0264
222 0.0378 0.2661 0.0528 0.5723 0.0710
223 0.0451 0.1549 0.0855 0.6729 0.0417
224 0.0145 0.1276 0.0249 0.8062 0.0267
225 0.0790 0.4768 0.1064 0.2847 0.0531
226 0.0410 0.1649 0.0392 0.7163 0.0386
227 0.0886 0.0781 0.0563 0.6753 0.1019
228 0.0212 0.0978 0.0294 0.8193 0.0325
229 0.0308 0.1858 0.0825 0.6797 0.0212
230 0.0558 0.2559 0.1018 0.5591 0.0274
231 0.0481 0.2922 0.0346 0.5996 0.0257
232 0.1082 0.5938 0.1031 0.1549 0.0401
233 0.1268 0.4568 0.2369 0.1350 0.0445
234 0.1245 0.4551 0.2437 0.1525 0.0243
235 0.0640 0.2783 0.2271 0.3687 0.0621
236 0.0420 0.7686 0.1008 0.0531 0.0356
237 0.0938 0.5747 0.2590 0.0551 0.0176
238 0.1151 0.3489 0.3657 0.1477 0.0227
239 0.1161 0.1637 0.3467 0.3521 0.0216
240 0.1160 0.3987 0.2615 0.1974 0.0263
241 0.0715 0.5449 0.2534 0.1198 0.0101
242 0.0845 0.4941 0.2563 0.1555 0.0094
243 0.0984 0.5757 0.2184 0.0984 0.0092
244 0.0519 0.7275 0.1573 0.0561 0.0070
245 0.1021 0.3674 0.3000 0.1998 0.0306
246 0.1135 0.3840 0.2681 0.2056 0.0287
247 0.1091 0.0905 0.1613 0.6279 0.0113
248 0.1114 0.2822 0.2340 0.3457 0.0267
249 0.0251 0.7163 0.0985 0.1326 0.0274
250 0.0350 0.6978 0.0742 0.1558 0.0373
251 0.0724 0.5439 0.2130 0.1418 0.0286
252 0.0888 0.5610 0.3052 0.0267 0.0183
253 0.0975 0.5610 0.2610 0.0605 0.0197
254 0.0817 0.4775 0.2517 0.1625 0.0265
255 0.0955 0.5327 0.3232 0.0421 0.0065
256 0.1249 0.0832 0.1630 0.5776 0.0513
257 0.1566 0.2407 0.4358 0.1361 0.0308
258 0.1092 0.1692 0.4597 0.1978 0.0642
259 0.0605 0.1030 0.1924 0.6211 0.0233
260 0.1000 0.0925 0.4019 0.3774 0.0282
261 0.1293 0.1071 0.3406 0.3982 0.0251
262 0.0787 0.0652 0.3313 0.5049 0.0197
263 0.1342 0.2585 0.4199 0.1805 0.0068
264 0.2168 0.1587 0.2964 0.3059 0.0223
265 0.0909 0.0802 0.2510 0.5396 0.0382
266 0.1421 0.1512 0.1584 0.3687 0.1796
267 0.1128 0.2278 0.2622 0.2878 0.1093
268 0.1932 0.0637 0.4155 0.2993 0.0281
269 0.1017 0.0804 0.6631 0.1208 0.0338
270 0.1164 0.1720 0.6699 0.0294 0.0124
271 0.1654 0.1119 0.4158 0.2812 0.0256
272 0.1910 0.1443 0.3406 0.3101 0.0139
273 0.0913 0.1309 0.2603 0.4712 0.0466
274 0.1025 0.1886 0.5127 0.1744 0.0215
275 0.2808 0.2328 0.1991 0.2595 0.0278
276 0.1583 0.1740 0.2913 0.3459 0.0305
277 0.1571 0.1571 0.4011 0.2632 0.0216
278 0.1604 0.2407 0.3342 0.2158 0.0489
279 0.0219 0.3015 0.3418 0.3313 0.0035
280 0.0703 0.5522 0.2197 0.1333 0.0245
281 0.1310 0.3506 0.3850 0.1193 0.0140
282 0.0779 0.6421 0.2219 0.0407 0.0174
283 0.0709 0.7329 0.1377 0.0351 0.0234
284 0.0959 0.6450 0.1331 0.0900 0.0361
