time exciting_prob fearful_prob tense_prob sad_prob relaxing_prob
0 0.2117 0.4482 0.0773 0.2437 0.0192
1 0.0737 0.1661 0.6177 0.1179 0.0247
2 0.0343 0.2341 0.5977 0.1196 0.0143
3 0.0328 0.0775 0.7822 0.0837 0.0236
4 0.1136 0.1414 0.5591 0.1307 0.0554
5 0.1036 0.0973 0.6147 0.1085 0.0757
6 0.0590 0.0418 0.5259 0.3447 0.0287
7 0.0478 0.0309 0.6597 0.2466 0.0149
8 0.0224 0.0242 0.7300 0.2158 0.0074
9 0.0279 0.0195 0.6343 0.3140 0.0041
10 0.0861 0.0714 0.6167 0.2217 0.0040
11 0.2507 0.0989 0.3647 0.2798 0.0058
12 0.2010 0.1182 0.1577 0.5132 0.0098
13 0.0225 0.1158 0.5439 0.3052 0.0124
14 0.2561 0.1774 0.1591 0.3936 0.0139
15 0.0963 0.2366 0.4597 0.1744 0.0330
16 0.0554 0.3137 0.3667 0.2522 0.0120
17 0.0425 0.2355 0.4070 0.3025 0.0127
18 0.0409 0.1320 0.5474 0.2708 0.0091
19 0.0480 0.2786 0.4666 0.1857 0.0210
20 0.0388 0.2917 0.5283 0.1124 0.0289
21 0.2424 0.1035 0.3965 0.1448 0.1127
22 0.3906 0.1011 0.3188 0.0858 0.1035
23 0.6338 0.0294 0.0463 0.2332 0.0576
24 0.5981 0.0417 0.0569 0.2341 0.0692
25 0.0863 0.0107 0.0750 0.7939 0.0341
26 0.6045 0.0180 0.0632 0.2642 0.0504
27 0.9146 0.0125 0.0246 0.0338 0.0145
28 0.8472 0.0244 0.0517 0.0336 0.0428
29 0.7124 0.0084 0.0793 0.1678 0.0323
30 0.5747 0.0046 0.0854 0.2847 0.0506
31 0.8784 0.0096 0.0500 0.0398 0.0222
32 0.2642 0.2089 0.4026 0.0386 0.0858
33 0.1770 0.3059 0.3662 0.0532 0.0978
34 0.1653 0.2156 0.4529 0.0838 0.0825
35 0.1000 0.0842 0.5078 0.2615 0.0462
36 0.3052 0.2233 0.3149 0.0615 0.0953
37 0.2389 0.2749 0.2603 0.1182 0.1077
38 0.2076 0.1331 0.4033 0.1694 0.0865
39 0.2922 0.1482 0.3064 0.0892 0.1639
40 0.2493 0.1687 0.3831 0.0754 0.1234
41 0.1490 0.1245 0.3081 0.2534 0.1649
42 0.0912 0.0365 0.3494 0.4927 0.0301
43 0.2668 0.1260 0.3821 0.1593 0.0659
44 0.2649 0.0629 0.3171 0.3049 0.0502
45 0.1891 0.0331 0.2751 0.4534 0.0493
46 0.1790 0.0907 0.3450 0.3369 0.0486
47 0.1688 0.0359 0.3154 0.4517 0.0282
48 0.1625 0.0667 0.3550 0.3899 0.0259
49 0.0299 0.0879 0.5342 0.3020 0.0463
50 0.2450 0.0591 0.4949 0.1533 0.0479
51 0.1245 0.0523 0.7051 0.1016 0.0167
52 0.0309 0.0217 0.2625 0.6299 0.0550
53 0.0146 0.0730 0.5610 0.3247 0.0269
54 0.1318 0.1191 0.5298 0.1027 0.1164
55 0.0402 0.0386 0.2991 0.6045 0.0177
56 0.0970 0.0458 0.4146 0.3958 0.0469
57 0.3267 0.1394 0.4360 0.0279 0.0701
58 0.2430 0.0654 0.5742 0.0494 0.0681
59 0.1284 0.1477 0.3601 0.3408 0.0230
60 0.0320 0.1564 0.3933 0.3694 0.0488
61 0.0713 0.0730 0.5269 0.2864 0.0423
62 0.0243 0.1015 0.6167 0.2378 0.0197
63 0.0109 0.0650 0.2378 0.6567 0.0298
64 0.0415 0.0622 0.3015 0.5723 0.0224
65 0.0717 0.0360 0.2622 0.6094 0.0205
66 0.0745 0.0562 0.4424 0.3965 0.0306
67 0.1342 0.0826 0.3269 0.4331 0.0231
68 0.3369 0.0467 0.3586 0.1847 0.0729
69 0.1105 0.1671 0.3796 0.2864 0.0564
70 0.1014 0.1149 0.3174 0.4270 0.0391
71 0.4563 0.0571 0.2480 0.0215 0.2172
72 0.1693 0.2278 0.2123 0.3367 0.0541
73 0.1833 0.2355 0.2908 0.1892 0.1013
74 0.1074 0.1826 0.4521 0.2382 0.0197
75 0.1682 0.1631 0.2229 0.4067 0.0390
76 0.1449 0.1320 0.2644 0.4160 0.0428
77 0.1573 0.0616 0.3660 0.4082 0.0069
78 0.0190 0.0178 0.1945 0.7007 0.0683
79 0.0214 0.0293 0.3679 0.5396 0.0416
80 0.0041 0.0167 0.4119 0.5542 0.0132
81 0.0186 0.1543 0.5220 0.2996 0.0058
82 0.2966 0.0473 0.3691 0.1445 0.1423
83 0.2732 0.1792 0.2607 0.0974 0.1893
84 0.2605 0.2028 0.4260 0.0326 0.0782
85 0.1715 0.1274 0.4050 0.1854 0.1107
86 0.1923 0.1353 0.4233 0.1486 0.1005
87 0.2169 0.1423 0.3206 0.1664 0.1538
88 0.1633 0.1633 0.4580 0.1131 0.1022
89 0.3472 0.0259 0.4636 0.0871 0.0762
90 0.1820 0.0814 0.3071 0.3481 0.0814
91 0.2206 0.1010 0.3752 0.1947 0.1083
92 0.1968 0.1923 0.3647 0.0894 0.1569
93 0.2361 0.1089 0.3176 0.0977 0.2397
94 0.2932 0.1301 0.2734 0.0834 0.2197
95 0.2573 0.0499 0.3953 0.2361 0.0616
96 0.2729 0.1138 0.3792 0.1129 0.1212
97 0.3782 0.0857 0.3015 0.1359 0.0986
98 0.2234 0.0815 0.3030 0.0984 0.2937
99 0.3047 0.1069 0.2062 0.0288 0.3535
100 0.2189 0.1858 0.2703 0.0589 0.2661
101 0.2391 0.2883 0.2354 0.0649 0.1722
102 0.3362 0.1718 0.1652 0.0750 0.2520
103 0.1907 0.2449 0.1998 0.0894 0.2754
104 0.1985 0.1594 0.2588 0.2080 0.1752
105 0.0166 0.2101 0.5283 0.2418 0.0031
106 0.0442 0.0361 0.4714 0.4033 0.0449
107 0.0556 0.0327 0.5610 0.1711 0.1793
108 0.0598 0.0641 0.5244 0.1758 0.1758
109 0.2366 0.0344 0.3931 0.2681 0.0678
110 0.1049 0.0083 0.6431 0.0912 0.1527
111 0.0828 0.0293 0.5400 0.0720 0.2759
112 0.1444 0.1825 0.3464 0.1099 0.2168
113 0.1968 0.2864 0.3455 0.0718 0.0997
114 0.1483 0.0244 0.4097 0.3291 0.0886
115 0.1174 0.0292 0.6450 0.1656 0.0429
116 0.0626 0.0835 0.4658 0.3303 0.0579
117 0.0839 0.0150 0.7715 0.0663 0.0633
118 0.1967 0.0859 0.3022 0.3821 0.0331
119 0.1256 0.3550 0.3721 0.0786 0.0688
120 0.2627 0.2095 0.2585 0.1764 0.0930
121 0.0399 0.0352 0.0701 0.2771 0.5776
122 0.1057 0.0588 0.0532 0.1246 0.6577
123 0.1676 0.0890 0.2169 0.2808 0.2457
124 0.0447 0.0611 0.1686 0.4802 0.2454
125 0.0496 0.1074 0.1117 0.0732 0.6582
126 0.0798 0.0688 0.2104 0.1704 0.4705
127 0.0808 0.0591 0.1354 0.2844 0.4404
128 0.0222 0.0774 0.2023 0.3083 0.3899
129 0.0238 0.0599 0.2296 0.2369 0.4497
130 0.0596 0.0737 0.2434 0.0834 0.5400
131 0.0533 0.0958 0.1405 0.1192 0.5913
132 0.0435 0.0378 0.1238 0.0485 0.7466
133 0.0333 0.0255 0.1665 0.0402 0.7344
134 0.0315 0.0177 0.2189 0.0363 0.6958
135 0.0290 0.0233 0.2886 0.0286 0.6304
136 0.0737 0.1366 0.2474 0.1560 0.3862
137 0.0427 0.0761 0.2118 0.1884 0.4810
138 0.0598 0.1074 0.2345 0.2086 0.3896
139 0.0499 0.0130 0.8438 0.0414 0.0523
140 0.0321 0.0879 0.2158 0.5386 0.1259
141 0.0247 0.0640 0.1633 0.6411 0.1071
142 0.0497 0.0958 0.7778 0.0387 0.0381
143 0.0493 0.0723 0.1129 0.6011 0.1643
144 0.0522 0.1752 0.2395 0.4270 0.1063
145 0.0392 0.1436 0.1873 0.5859 0.0441
146 0.0612 0.0662 0.5122 0.2700 0.0904
147 0.1478 0.1549 0.4343 0.2202 0.0427
148 0.0890 0.0810 0.3438 0.4082 0.0779
149 0.0469 0.0503 0.3865 0.4663 0.0499
150 0.1642 0.1146 0.3315 0.3213 0.0684
151 0.2295 0.0972 0.3499 0.2834 0.0402
152 0.1074 0.0836 0.2556 0.5005 0.0528
153 0.0612 0.0818 0.4023 0.4285 0.0261
154 0.1469 0.0898 0.2205 0.4741 0.0688
155 0.0522 0.1139 0.3071 0.4758 0.0509
156 0.0518 0.1376 0.3484 0.3767 0.0854
157 0.1216 0.0823 0.3926 0.2849 0.1188
158 0.1707 0.1554 0.3088 0.3018 0.0632
159 0.0986 0.1066 0.2810 0.4490 0.0647
160 0.1267 0.1110 0.4355 0.2482 0.0787
161 0.0645 0.0881 0.3826 0.4009 0.0640
162 0.2164 0.0530 0.2396 0.3625 0.1283
163 0.1005 0.0471 0.3943 0.4397 0.0184
164 0.1760 0.0402 0.3784 0.2683 0.1371
165 0.1407 0.1879 0.4988 0.1418 0.0307
166 0.4170 0.0468 0.2756 0.2321 0.0286
167 0.1216 0.0280 0.7690 0.0414 0.0401
168 0.2097 0.0461 0.5034 0.1534 0.0875
169 0.1810 0.1082 0.2893 0.3716 0.0499
170 0.1566 0.0369 0.3342 0.4358 0.0363
171 0.2803 0.1388 0.2915 0.2252 0.0640
172 0.1181 0.0585 0.2561 0.4934 0.0739
173 0.1304 0.1072 0.3152 0.3772 0.0698
174 0.1272 0.0297 0.5356 0.1970 0.1105
175 0.0942 0.0608 0.4976 0.2705 0.0769
176 0.1771 0.0318 0.2700 0.5005 0.0203
177 0.1058 0.2788 0.4058 0.1858 0.0238
178 0.0152 0.1741 0.3516 0.3892 0.0698
179 0.0067 0.2151 0.4146 0.2595 0.1040
180 0.0967 0.0353 0.2627 0.5830 0.0223
181 0.0962 0.1422 0.4050 0.3254 0.0310
182 0.1091 0.1125 0.4814 0.2576 0.0392
183 0.0216 0.0582 0.4299 0.4761 0.0142
184 0.2749 0.1494 0.2484 0.2351 0.0921
185 0.1315 0.0430 0.2871 0.4961 0.0424
186 0.0322 0.1766 0.4546 0.1559 0.1808
187 0.0842 0.2272 0.4380 0.1898 0.0607
188 0.0164 0.0350 0.2144 0.7026 0.0314
189 0.0955 0.0662 0.3411 0.4346 0.0626
190 0.0594 0.0627 0.3965 0.4421 0.0392
191 0.0242 0.0701 0.1748 0.6597 0.0712
192 0.2006 0.0646 0.3010 0.4050 0.0289
193 0.3313 0.0800 0.3137 0.2502 0.0248
194 0.2878 0.1425 0.3997 0.1238 0.0463
195 0.1327 0.0831 0.5166 0.2578 0.0095
196 0.3130 0.1133 0.3601 0.1525 0.0611
197 0.2280 0.0921 0.3215 0.1555 0.2028
198 0.1202 0.2078 0.5518 0.1021 0.0182
199 0.0695 0.2666 0.4980 0.1449 0.0210
200 0.0306 0.0505 0.2646 0.6201 0.0339
201 0.0044 0.0168 0.7212 0.2416 0.0162
202 0.0081 0.0215 0.5283 0.4116 0.0305
203 0.0103 0.0176 0.5728 0.3877 0.0115
204 0.1478 0.0536 0.5410 0.2290 0.0287
205 0.1600 0.0417 0.5415 0.2257 0.0308
206 0.2627 0.0256 0.2144 0.4756 0.0217
207 0.1127 0.1172 0.6045 0.1528 0.0128
208 0.0510 0.0288 0.0888 0.6313 0.2002
209 0.0416 0.0952 0.2266 0.4797 0.1570
210 0.0212 0.0668 0.2010 0.5908 0.1201
211 0.1249 0.0509 0.2837 0.4980 0.0425
212 0.4182 0.1588 0.2786 0.0750 0.0693
213 0.4382 0.1650 0.2898 0.0792 0.0278
214 0.2859 0.0390 0.1776 0.4326 0.0648
215 0.3193 0.1212 0.2627 0.1937 0.1029
216 0.2778 0.0167 0.1738 0.4951 0.0367
217 0.1962 0.0877 0.3469 0.2366 0.1327
218 0.3513 0.0498 0.2434 0.2981 0.0573
219 0.1191 0.0878 0.3584 0.4189 0.0157
220 0.0734 0.0328 0.2949 0.5864 0.0125
221 0.0893 0.0147 0.1193 0.0852 0.6914
222 0.1786 0.1091 0.4631 0.2054 0.0438
223 0.3572 0.0961 0.3008 0.1324 0.1133
224 0.1599 0.0682 0.2439 0.0276 0.5005
225 0.1669 0.0311 0.1655 0.0118 0.6245
226 0.3970 0.0643 0.3167 0.0653 0.1567
227 0.3665 0.0850 0.1814 0.0255 0.3416
228 0.0889 0.0661 0.3955 0.0476 0.4019
229 0.0063 0.0801 0.5264 0.3792 0.0080
230 0.0240 0.0470 0.3528 0.5640 0.0123
231 0.1032 0.2151 0.4553 0.0561 0.1702
232 0.0865 0.1372 0.6860 0.0740 0.0163
233 0.0619 0.0600 0.5063 0.3071 0.0649
234 0.2588 0.0895 0.4761 0.1131 0.0625
235 0.3577 0.1689 0.3359 0.0247 0.1125
236 0.2756 0.0888 0.4204 0.0983 0.1168
237 0.0479 0.0861 0.0867 0.5972 0.1821
238 0.0507 0.0528 0.0850 0.5288 0.2830
239 0.0402 0.0463 0.0936 0.3909 0.4292
240 0.1227 0.0632 0.1109 0.0799 0.6235
241 0.1721 0.0471 0.2583 0.4260 0.0966
242 0.2444 0.0652 0.3611 0.2683 0.0608
243 0.3279 0.0767 0.3203 0.2036 0.0715
244 0.3181 0.0721 0.2966 0.2659 0.0473
245 0.0489 0.0428 0.2227 0.6646 0.0209
246 0.0736 0.0394 0.2471 0.6211 0.0189
247 0.0887 0.0801 0.2795 0.5225 0.0292
248 0.1210 0.1288 0.5464 0.1680 0.0360
249 0.1025 0.2087 0.5630 0.0986 0.0274
250 0.0912 0.1171 0.4971 0.2810 0.0138
251 0.0861 0.0601 0.4583 0.3740 0.0213
252 0.0841 0.0407 0.6719 0.1366 0.0665
253 0.0641 0.0532 0.6284 0.1829 0.0716
254 0.1660 0.0556 0.3982 0.2695 0.1106
255 0.1176 0.0460 0.3706 0.4333 0.0324
256 0.1251 0.0231 0.2247 0.5923 0.0350
257 0.1813 0.1108 0.2988 0.3806 0.0285
258 0.1820 0.0529 0.3733 0.1581 0.2336
259 0.0836 0.0561 0.5000 0.2150 0.1455
260 0.1462 0.0600 0.5024 0.1792 0.1121
261 0.1740 0.0665 0.3125 0.2148 0.2322
262 0.0373 0.0329 0.1724 0.2179 0.5396
263 0.0392 0.0257 0.1899 0.3206 0.4246
264 0.0954 0.0682 0.5156 0.2306 0.0903
265 0.2438 0.0192 0.5078 0.1783 0.0507
266 0.1420 0.0650 0.6616 0.0983 0.0332
267 0.1351 0.0331 0.3425 0.4609 0.0283
268 0.0326 0.0260 0.2820 0.6455 0.0140
269 0.0908 0.1300 0.6152 0.1342 0.0299
270 0.0822 0.1006 0.1344 0.0514 0.6313
271 0.2363 0.0216 0.5850 0.1389 0.0184
272 0.0074 0.0108 0.0655 0.2549 0.6611
273 0.1442 0.0630 0.6411 0.1123 0.0391
274 0.0802 0.0867 0.5566 0.2047 0.0719
275 0.0687 0.0443 0.7983 0.0676 0.0210
276 0.1096 0.0569 0.4836 0.2113 0.1385
277 0.0305 0.0241 0.7275 0.2020 0.0157
278 0.2074 0.1136 0.3584 0.1747 0.1459
279 0.0826 0.1350 0.6650 0.0595 0.0581
280 0.2456 0.0726 0.2573 0.3154 0.1090
281 0.1744 0.0956 0.5010 0.2120 0.0170
282 0.0757 0.0358 0.6147 0.2522 0.0217
283 0.0466 0.1100 0.7407 0.0927 0.0102
284 0.1052 0.0679 0.3345 0.4229 0.0696
285 0.0855 0.1853 0.3381 0.0660 0.3252
286 0.2993 0.1100 0.3582 0.0699 0.1627
287 0.0851 0.0558 0.7290 0.1118 0.0181
288 0.0309 0.0807 0.6499 0.2245 0.0142
289 0.1907 0.0288 0.5430 0.1736 0.0638
290 0.0561 0.0561 0.6523 0.2185 0.0171
291 0.0793 0.1483 0.5259 0.2369 0.0096
292 0.0543 0.4011 0.4407 0.0953 0.0085
293 0.0560 0.3433 0.4407 0.1523 0.0076
294 0.0323 0.0449 0.2174 0.7017 0.0039
295 0.1890 0.2108 0.2108 0.3586 0.0309
