time exciting_prob fearful_prob tense_prob sad_prob relaxing_prob
0 0.2037 0.2830 0.2496 0.2310 0.0327
1 0.2976 0.1405 0.1450 0.3022 0.1147
2 0.2600 0.0201 0.0805 0.5767 0.0627
3 0.2251 0.1055 0.2303 0.3223 0.1168
4 0.0794 0.0306 0.5259 0.2563 0.1077
5 0.2666 0.1069 0.0718 0.4536 0.1012
6 0.2573 0.1622 0.2134 0.2961 0.0709
7 0.2156 0.1317 0.1665 0.4219 0.0642
8 0.3665 0.0824 0.0986 0.3811 0.0716
9 0.0211 0.4299 0.1354 0.2649 0.1486
10 0.0215 0.4773 0.1927 0.2020 0.1065
11 0.0128 0.2842 0.0615 0.2588 0.3826
12 0.0098 0.0913 0.0637 0.5015 0.3340
13 0.0166 0.3352 0.1252 0.1880 0.3352
14 0.0152 0.4810 0.1090 0.1974 0.1974
15 0.0218 0.3708 0.0931 0.2471 0.2671
16 0.0159 0.4741 0.1359 0.1857 0.1886
17 0.1561 0.3057 0.1514 0.2615 0.1255
18 0.2632 0.2415 0.2002 0.2131 0.0822
19 0.5098 0.1449 0.1210 0.1919 0.0326
20 0.3784 0.1932 0.1627 0.2443 0.0215
21 0.2150 0.3435 0.1345 0.2183 0.0889
22 0.2910 0.3247 0.1079 0.2197 0.0564
23 0.1646 0.3567 0.2375 0.1969 0.0443
24 0.1062 0.1140 0.0591 0.6821 0.0388
25 0.1844 0.2107 0.0775 0.4189 0.1085
26 0.0482 0.1053 0.0521 0.7539 0.0406
27 0.1020 0.4500 0.0550 0.3560 0.0372
28 0.1881 0.0709 0.1072 0.5884 0.0454
29 0.0600 0.1764 0.0753 0.5605 0.1281
30 0.1235 0.5801 0.0947 0.1742 0.0273
31 0.1615 0.1448 0.0934 0.5815 0.0190
32 0.0365 0.1367 0.0371 0.7280 0.0616
33 0.0545 0.5049 0.0488 0.2922 0.0994
34 0.0263 0.1179 0.0227 0.7222 0.1108
35 0.0762 0.2920 0.0532 0.3633 0.2153
36 0.0285 0.5371 0.0933 0.2876 0.0536
37 0.0516 0.2242 0.3264 0.3875 0.0102
38 0.0768 0.2969 0.2925 0.3210 0.0126
39 0.0818 0.3235 0.1814 0.3840 0.0292
40 0.0602 0.1973 0.1142 0.5449 0.0836
41 0.0403 0.2198 0.0275 0.5273 0.1851
42 0.0249 0.4585 0.0216 0.3252 0.1699
43 0.0357 0.3306 0.0167 0.2917 0.3254
44 0.1157 0.1281 0.3765 0.3269 0.0529
45 0.0536 0.3521 0.3059 0.1826 0.1057
46 0.0486 0.4041 0.3171 0.1632 0.0670
47 0.0410 0.4077 0.4919 0.0472 0.0122
48 0.1272 0.0822 0.2571 0.5034 0.0305
49 0.1570 0.1113 0.2627 0.4199 0.0490
50 0.0568 0.0807 0.0712 0.7544 0.0370
51 0.1190 0.1801 0.0612 0.5811 0.0584
52 0.0440 0.1700 0.0731 0.6670 0.0457
53 0.0454 0.1536 0.0626 0.7158 0.0228
54 0.0865 0.2175 0.4260 0.2352 0.0347
55 0.0611 0.1660 0.0230 0.5977 0.1523
56 0.0176 0.1323 0.0079 0.6724 0.1699
57 0.1663 0.4736 0.2637 0.0583 0.0383
58 0.0619 0.4902 0.0264 0.1508 0.2708
59 0.0396 0.4192 0.0521 0.1965 0.2927
60 0.0426 0.2754 0.0429 0.3120 0.3271
61 0.0263 0.1810 0.0218 0.6318 0.1388
62 0.3232 0.2517 0.0272 0.2966 0.1010
63 0.1356 0.1443 0.0917 0.4517 0.1769
64 0.0854 0.1097 0.2610 0.5112 0.0327
65 0.1719 0.5908 0.0627 0.0806 0.0942
66 0.3523 0.1814 0.0786 0.2876 0.1002
67 0.0385 0.8311 0.0611 0.0626 0.0069
68 0.0274 0.8247 0.0607 0.0798 0.0073
69 0.1666 0.1578 0.3042 0.2542 0.1172
70 0.0424 0.0986 0.0230 0.6631 0.1730
71 0.1012 0.3291 0.1508 0.2192 0.1997
72 0.1403 0.3755 0.0632 0.1589 0.2622
73 0.1016 0.3181 0.1049 0.1316 0.3440
74 0.1732 0.2922 0.2189 0.2258 0.0898
75 0.2632 0.1647 0.1282 0.3198 0.1243
76 0.1423 0.1743 0.1189 0.4417 0.1227
77 0.0230 0.1868 0.0570 0.6724 0.0606
78 0.0202 0.5557 0.0879 0.1694 0.1669
79 0.0555 0.1417 0.4231 0.3455 0.0342
80 0.0645 0.1244 0.2512 0.4768 0.0829
81 0.0468 0.1354 0.2413 0.5190 0.0573
82 0.0555 0.2734 0.1909 0.2568 0.2231
83 0.2461 0.0787 0.0554 0.5996 0.0202
84 0.2878 0.1371 0.1774 0.3755 0.0220
85 0.2192 0.0541 0.0826 0.6343 0.0098
86 0.0859 0.5430 0.1569 0.1643 0.0497
87 0.2455 0.1754 0.1160 0.4377 0.0255
88 0.1969 0.2321 0.1880 0.3623 0.0208
89 0.1732 0.2600 0.1719 0.3813 0.0136
90 0.0605 0.0974 0.0350 0.7485 0.0586
91 0.0572 0.1329 0.0173 0.6646 0.1278
92 0.1406 0.1351 0.0262 0.6401 0.0581
93 0.1564 0.1639 0.0739 0.5166 0.0891
94 0.0194 0.1294 0.0693 0.7563 0.0257
95 0.0560 0.3174 0.2803 0.3174 0.0288
96 0.1821 0.4541 0.1521 0.0967 0.1149
97 0.4849 0.2053 0.0698 0.2255 0.0145
98 0.4282 0.2188 0.1083 0.2383 0.0065
99 0.3469 0.3606 0.1171 0.1677 0.0077
100 0.3083 0.2830 0.1503 0.2556 0.0031
101 0.2856 0.1947 0.1447 0.3723 0.0026
102 0.2186 0.1161 0.1357 0.5205 0.0090
103 0.1373 0.3120 0.3169 0.2195 0.0144
104 0.0703 0.2067 0.2343 0.4731 0.0157
105 0.0798 0.3689 0.2457 0.2964 0.0095
106 0.0524 0.2664 0.2042 0.4749 0.0023
107 0.1068 0.4426 0.1182 0.3240 0.0083
108 0.2339 0.1071 0.1633 0.4875 0.0083
109 0.3784 0.2386 0.1163 0.2600 0.0065
110 0.1617 0.5386 0.1748 0.1211 0.0037
111 0.3086 0.3159 0.1401 0.2257 0.0098
112 0.4829 0.2467 0.1061 0.1473 0.0169
113 0.2079 0.0997 0.0776 0.5225 0.0922
114 0.2268 0.2415 0.1262 0.3379 0.0676
115 0.0789 0.2014 0.2144 0.4683 0.0370
116 0.2089 0.1678 0.1504 0.4421 0.0308
117 0.3020 0.1085 0.0638 0.3970 0.1289
118 0.2142 0.4326 0.1427 0.1260 0.0845
119 0.1746 0.3262 0.1191 0.1760 0.2041
120 0.2549 0.1533 0.1938 0.3855 0.0123
121 0.0363 0.1567 0.0339 0.7715 0.0018
122 0.1813 0.2439 0.4182 0.1469 0.0098
123 0.3096 0.2861 0.2246 0.1736 0.0060
124 0.3855 0.1632 0.0479 0.3708 0.0327
125 0.2390 0.3477 0.0648 0.3318 0.0166
126 0.2390 0.4753 0.0943 0.1708 0.0207
127 0.1075 0.3259 0.0963 0.3992 0.0710
128 0.1073 0.2218 0.0291 0.6172 0.0245
129 0.1691 0.5811 0.0484 0.1359 0.0657
130 0.1583 0.4690 0.0601 0.2395 0.0731
131 0.1102 0.0893 0.0832 0.2603 0.4570
132 0.2345 0.2720 0.1099 0.3521 0.0317
133 0.1277 0.3525 0.0689 0.3933 0.0576
134 0.1796 0.2571 0.0620 0.4622 0.0391
135 0.1667 0.3699 0.1860 0.1681 0.1093
136 0.0290 0.4226 0.4160 0.0826 0.0497
137 0.0866 0.1848 0.1923 0.5225 0.0138
138 0.3521 0.2327 0.2345 0.1755 0.0054
139 0.0550 0.2108 0.1220 0.5645 0.0478
140 0.1925 0.0472 0.0596 0.6514 0.0494
141 0.3989 0.0588 0.0891 0.4451 0.0079
142 0.2803 0.1560 0.1409 0.3628 0.0602
143 0.1293 0.3950 0.2017 0.2216 0.0526
144 0.0910 0.3489 0.0748 0.4768 0.0087
145 0.0433 0.3149 0.0991 0.4656 0.0772
146 0.0586 0.4502 0.1749 0.1086 0.2078
147 0.0667 0.7168 0.0978 0.0557 0.0631
148 0.1270 0.4360 0.0839 0.0988 0.2544
149 0.0353 0.1488 0.1796 0.6074 0.0291
150 0.0322 0.1388 0.1455 0.5488 0.1345
151 0.0780 0.1135 0.1552 0.1677 0.4856
152 0.0511 0.1216 0.3547 0.1285 0.3440
153 0.1063 0.0861 0.1215 0.4729 0.2131
154 0.0877 0.0371 0.0444 0.7695 0.0612
155 0.1738 0.3049 0.1909 0.2231 0.1071
156 0.1656 0.1261 0.3296 0.1451 0.2336
157 0.0384 0.1027 0.1219 0.7012 0.0357
158 0.0551 0.4268 0.2063 0.2489 0.0629
159 0.1320 0.1604 0.1210 0.5298 0.0567
160 0.0453 0.2610 0.0518 0.5146 0.1272
161 0.1628 0.3164 0.2174 0.2174 0.0858
162 0.0241 0.1151 0.0257 0.7627 0.0726
163 0.1086 0.4229 0.2688 0.1156 0.0839
164 0.1398 0.1420 0.3459 0.2800 0.0923
165 0.0699 0.2382 0.2203 0.2742 0.1975
166 0.1964 0.2522 0.1146 0.3042 0.1328
167 0.2372 0.3022 0.0944 0.3167 0.0497
168 0.0788 0.1655 0.3789 0.3191 0.0576
169 0.0768 0.1758 0.3235 0.3552 0.0688
170 0.2206 0.2329 0.0768 0.3389 0.1307
171 0.0934 0.6484 0.1962 0.0424 0.0197
172 0.2284 0.5972 0.1213 0.0423 0.0108
173 0.1777 0.3535 0.0814 0.2468 0.1406
174 0.0638 0.2668 0.1581 0.4331 0.0782
175 0.2803 0.3655 0.0447 0.2959 0.0136
176 0.0474 0.5825 0.0782 0.2334 0.0586
177 0.3240 0.1604 0.1340 0.3730 0.0084
178 0.3572 0.0992 0.0816 0.4514 0.0106
179 0.1783 0.5449 0.1598 0.1048 0.0121
180 0.1862 0.5557 0.1617 0.0826 0.0135
181 0.0205 0.2153 0.4702 0.2808 0.0131
182 0.0322 0.2117 0.5493 0.1927 0.0142
183 0.0840 0.3647 0.2318 0.3120 0.0076
184 0.0414 0.2479 0.2329 0.4705 0.0074
185 0.1085 0.1146 0.1964 0.5176 0.0632
186 0.0207 0.2440 0.6841 0.0496 0.0016
187 0.2131 0.1823 0.2715 0.2216 0.1115
188 0.1899 0.2438 0.3059 0.2069 0.0536
189 0.0888 0.4370 0.0840 0.3679 0.0221
190 0.0422 0.1710 0.0248 0.7310 0.0309
191 0.0868 0.3379 0.1263 0.4077 0.0413
192 0.0973 0.0679 0.0586 0.7358 0.0403
193 0.1074 0.1826 0.0646 0.5713 0.0738
194 0.0803 0.1016 0.0693 0.7217 0.0273
195 0.0776 0.1085 0.0299 0.5469 0.2371
196 0.0529 0.0663 0.0341 0.7246 0.1220
197 0.1742 0.2698 0.0876 0.2827 0.1854
198 0.1564 0.0524 0.0562 0.7061 0.0289
199 0.2700 0.0374 0.0245 0.6582 0.0099
200 0.2732 0.0577 0.0316 0.6255 0.0119
201 0.0170 0.1125 0.7568 0.1108 0.0029
202 0.1388 0.2551 0.2183 0.3276 0.0602
203 0.4448 0.2783 0.0607 0.1514 0.0646
204 0.4453 0.1348 0.0856 0.3157 0.0187
205 0.1699 0.3198 0.3652 0.1262 0.0188
206 0.0995 0.1298 0.2042 0.5552 0.0113
207 0.2019 0.2937 0.1661 0.3276 0.0105
208 0.1904 0.3237 0.1011 0.3640 0.0205
209 0.0889 0.0616 0.0457 0.5234 0.2803
210 0.1318 0.3726 0.3555 0.1371 0.0031
211 0.3169 0.3193 0.1764 0.1848 0.0025
212 0.1971 0.4175 0.1409 0.2252 0.0194
213 0.5083 0.2556 0.1117 0.1074 0.0166
214 0.4365 0.3218 0.1384 0.0624 0.0409
215 0.3286 0.0812 0.0504 0.4670 0.0728
216 0.1138 0.2281 0.1310 0.5103 0.0169
217 0.1365 0.2250 0.3403 0.2001 0.0983
218 0.1407 0.1385 0.0692 0.6162 0.0353
219 0.2603 0.1483 0.0266 0.5596 0.0052
220 0.0562 0.0477 0.0091 0.8857 0.0015
221 0.0849 0.1715 0.0312 0.7051 0.0072
222 0.3071 0.2161 0.0358 0.4363 0.0047
223 0.2361 0.2915 0.2915 0.1048 0.0760
224 0.1696 0.1290 0.1112 0.5557 0.0345
225 0.2018 0.2378 0.0397 0.5073 0.0133
226 0.2917 0.2534 0.0726 0.3230 0.0593
227 0.1589 0.0657 0.0906 0.6387 0.0463
228 0.1512 0.3984 0.0515 0.3516 0.0472
229 0.1311 0.3882 0.1631 0.2247 0.0930
230 0.1372 0.2124 0.2815 0.2859 0.0832
231 0.0932 0.1056 0.1151 0.6621 0.0241
232 0.1281 0.0735 0.0783 0.6763 0.0439
233 0.2749 0.1102 0.0623 0.4939 0.0585
234 0.1541 0.2854 0.1902 0.3337 0.0366
235 0.3069 0.2793 0.1044 0.2708 0.0387
236 0.1361 0.2927 0.3477 0.1890 0.0347
237 0.1081 0.1957 0.2593 0.3713 0.0656
238 0.0556 0.4014 0.2251 0.2847 0.0334
239 0.2935 0.2588 0.2267 0.1079 0.1131
240 0.1716 0.1716 0.0133 0.4314 0.2119
241 0.1198 0.0911 0.0365 0.6426 0.1099
242 0.1077 0.2771 0.2998 0.2771 0.0381
243 0.3022 0.2467 0.1104 0.2585 0.0820
244 0.1832 0.1981 0.1060 0.2524 0.2603
245 0.1721 0.2522 0.1980 0.2666 0.1111
246 0.0318 0.2155 0.1504 0.5591 0.0434
247 0.2620 0.1390 0.0603 0.4453 0.0934
248 0.2411 0.4612 0.1807 0.0847 0.0324
249 0.1926 0.0869 0.0969 0.5840 0.0395
250 0.2135 0.1587 0.1337 0.4590 0.0351
251 0.1622 0.1187 0.0835 0.6074 0.0284
252 0.1613 0.0863 0.1379 0.4348 0.1798
253 0.1569 0.1279 0.1982 0.4004 0.1165
254 0.0846 0.5562 0.2930 0.0546 0.0118
255 0.1382 0.5679 0.2090 0.0549 0.0299
256 0.1093 0.5420 0.2856 0.0428 0.0205
257 0.1108 0.0602 0.0404 0.6895 0.0993
258 0.2566 0.2062 0.1722 0.3000 0.0649
259 0.1984 0.2112 0.1222 0.3823 0.0860
260 0.1127 0.2791 0.2878 0.3064 0.0140
261 0.1688 0.3464 0.1854 0.2783 0.0210
262 0.3337 0.2744 0.1414 0.1228 0.1277
263 0.2446 0.3267 0.1555 0.1860 0.0872
264 0.2981 0.2433 0.1204 0.2233 0.1149
265 0.0851 0.4783 0.1653 0.2642 0.0071
266 0.1049 0.2438 0.3660 0.2764 0.0090
267 0.3398 0.3242 0.1310 0.1643 0.0406
268 0.0447 0.0156 0.0203 0.8174 0.1023
269 0.0941 0.0870 0.0523 0.6680 0.0985
270 0.1467 0.1599 0.1675 0.4448 0.0810
271 0.2324 0.2150 0.1443 0.2343 0.1741
272 0.2186 0.4629 0.1326 0.1017 0.0843
273 0.2537 0.2744 0.1208 0.2766 0.0745
274 0.1635 0.1355 0.1635 0.5190 0.0185
275 0.0710 0.3132 0.0756 0.5166 0.0234
276 0.1857 0.1992 0.0817 0.4929 0.0405
277 0.1376 0.1312 0.0601 0.5654 0.1055
278 0.3501 0.2225 0.0899 0.2542 0.0832
279 0.2317 0.1383 0.2751 0.3167 0.0381
280 0.0606 0.3276 0.3772 0.2183 0.0163
281 0.3267 0.1891 0.1289 0.2625 0.0928
282 0.2476 0.2698 0.2068 0.1661 0.1098
283 0.2303 0.1753 0.0778 0.4546 0.0620
284 0.3735 0.3564 0.1070 0.1375 0.0256
285 0.1421 0.0903 0.1560 0.5532 0.0583
286 0.1342 0.4070 0.3071 0.1364 0.0154
287 0.1497 0.4263 0.3269 0.0741 0.0229
288 0.0986 0.4780 0.3552 0.0545 0.0136
289 0.2769 0.2041 0.0920 0.3162 0.1110
290 0.1770 0.3057 0.1812 0.2742 0.0621
291 0.2070 0.3838 0.1256 0.1664 0.1171
292 0.1935 0.3589 0.1394 0.1891 0.1193
293 0.1897 0.4146 0.1421 0.1421 0.1116
294 0.4192 0.2664 0.0995 0.0581 0.1566
295 0.3064 0.1719 0.1963 0.2073 0.1181
296 0.0880 0.1029 0.5396 0.2546 0.0149
297 0.4924 0.1422 0.2307 0.1197 0.0150
298 0.0737 0.0630 0.2827 0.5366 0.0440
299 0.1877 0.1820 0.2161 0.3733 0.0409
300 0.2101 0.1675 0.0732 0.5156 0.0335
301 0.1862 0.1630 0.3560 0.2861 0.0087
302 0.3440 0.4702 0.0804 0.0993 0.0061
303 0.1327 0.0441 0.2257 0.5854 0.0119
304 0.2194 0.0648 0.0839 0.6250 0.0070
305 0.4375 0.0565 0.1536 0.3408 0.0116
306 0.3384 0.1345 0.0491 0.4587 0.0192
307 0.5898 0.1599 0.0786 0.1613 0.0106
308 0.3958 0.0454 0.1688 0.3774 0.0125
309 0.5366 0.0656 0.1032 0.2805 0.0139
310 0.4597 0.0811 0.2788 0.1600 0.0204
311 0.5820 0.1847 0.1270 0.0695 0.0367
312 0.2454 0.2781 0.2891 0.1699 0.0176
313 0.2676 0.0903 0.1598 0.4622 0.0202
314 0.3098 0.0464 0.0665 0.5029 0.0747
315 0.2629 0.2063 0.1646 0.1724 0.1938
316 0.2225 0.1350 0.1210 0.5093 0.0123
317 0.1277 0.6240 0.0589 0.1414 0.0481
318 0.1241 0.2338 0.0551 0.4910 0.0959
319 0.0646 0.2827 0.0925 0.4924 0.0677
320 0.2441 0.2766 0.1218 0.2966 0.0608
321 0.0759 0.3196 0.1333 0.4041 0.0670
322 0.0708 0.1409 0.2181 0.5571 0.0130
323 0.0664 0.3169 0.1805 0.4199 0.0162
324 0.1748 0.1616 0.2505 0.3940 0.0192
325 0.1102 0.1531 0.2371 0.4790 0.0207
326 0.0799 0.1425 0.0745 0.6904 0.0128
327 0.2219 0.2698 0.1188 0.3774 0.0119
328 0.1735 0.0973 0.1708 0.5513 0.0072
329 0.1921 0.4795 0.1532 0.1450 0.0302
330 0.1187 0.0539 0.0903 0.4172 0.3201
331 0.1196 0.0606 0.0828 0.3599 0.3772
332 0.0863 0.4348 0.2808 0.1757 0.0223
333 0.0955 0.1411 0.2678 0.4849 0.0110
334 0.0710 0.2517 0.3962 0.2722 0.0088
335 0.0886 0.3188 0.1229 0.4568 0.0131
336 0.1704 0.0318 0.0745 0.4595 0.2639
337 0.1522 0.3171 0.3484 0.1725 0.0100
338 0.1061 0.1952 0.4683 0.2212 0.0091
339 0.0971 0.1349 0.2681 0.4932 0.0066
340 0.0484 0.1826 0.1379 0.6279 0.0033
341 0.2520 0.0818 0.0972 0.5254 0.0438
342 0.1747 0.1948 0.1019 0.2664 0.2622
343 0.1085 0.2542 0.0637 0.1027 0.4709
344 0.1205 0.2937 0.0939 0.4272 0.0645
345 0.6108 0.0847 0.1644 0.1300 0.0100
346 0.5005 0.0911 0.0699 0.3181 0.0205
347 0.1663 0.1024 0.2308 0.4736 0.0267
348 0.0258 0.1037 0.0139 0.8223 0.0345
349 0.0542 0.0494 0.0526 0.8096 0.0342
350 0.2179 0.2489 0.0649 0.4507 0.0177
351 0.3467 0.2439 0.1217 0.2556 0.0322
352 0.1324 0.0869 0.0635 0.6519 0.0651
353 0.2013 0.1260 0.1696 0.4263 0.0770
354 0.1923 0.0691 0.0945 0.6162 0.0281
355 0.3079 0.2083 0.0984 0.2695 0.1159
356 0.0263 0.0606 0.0163 0.8042 0.0924
357 0.0482 0.1140 0.0147 0.7725 0.0506
358 0.0392 0.2007 0.0876 0.6084 0.0641
359 0.1722 0.1406 0.1373 0.4719 0.0776
360 0.2737 0.1123 0.2737 0.3149 0.0257
361 0.1459 0.2073 0.1759 0.4155 0.0554
362 0.0704 0.1600 0.0536 0.6133 0.1025
363 0.0692 0.4016 0.0760 0.4409 0.0122
364 0.0627 0.7471 0.1043 0.0775 0.0086
365 0.2162 0.1223 0.2754 0.3765 0.0094
366 0.3550 0.0762 0.2328 0.2517 0.0843
367 0.3738 0.1498 0.0916 0.3430 0.0419
368 0.3105 0.0836 0.0992 0.4810 0.0259
369 0.1730 0.3386 0.1091 0.2700 0.1091
370 0.1575 0.0227 0.0570 0.7515 0.0112
371 0.3120 0.0696 0.1509 0.4070 0.0605
372 0.3296 0.1968 0.0747 0.3220 0.0771
373 0.3042 0.0572 0.0764 0.5469 0.0154
374 0.2341 0.0698 0.0309 0.6265 0.0388
375 0.2385 0.0927 0.0787 0.3694 0.2206
376 0.1644 0.0397 0.1104 0.3320 0.3535
377 0.2307 0.0715 0.0120 0.2964 0.3894
378 0.2969 0.3389 0.0699 0.2008 0.0934
379 0.1552 0.1786 0.0941 0.4856 0.0864
380 0.1423 0.2578 0.0956 0.4055 0.0986
381 0.1182 0.2261 0.0590 0.5298 0.0668
382 0.1650 0.3206 0.0947 0.3577 0.0621
383 0.1716 0.2537 0.0891 0.2852 0.2006
384 0.0103 0.1603 0.6191 0.2074 0.0028
385 0.0406 0.3149 0.3740 0.2651 0.0053
386 0.1214 0.0601 0.0754 0.7095 0.0334
387 0.0765 0.2671 0.2321 0.2451 0.1793
388 0.0292 0.1554 0.5298 0.2749 0.0110
389 0.0941 0.0632 0.1870 0.5005 0.1550
390 0.1082 0.5161 0.1625 0.1885 0.0245
391 0.1572 0.2737 0.2551 0.2251 0.0889
392 0.0662 0.1049 0.2205 0.5898 0.0185
393 0.2930 0.3047 0.1907 0.1968 0.0147
394 0.1736 0.4099 0.1907 0.1736 0.0521
395 0.2395 0.1272 0.0403 0.5610 0.0319
396 0.2410 0.1655 0.0690 0.3398 0.1847
397 0.2419 0.1134 0.2118 0.3230 0.1099
398 0.0483 0.0748 0.0547 0.7793 0.0426
399 0.1482 0.1772 0.0618 0.5723 0.0405
400 0.1583 0.3328 0.1186 0.3433 0.0472
401 0.0191 0.4617 0.1685 0.3484 0.0025
402 0.3413 0.1357 0.2135 0.1255 0.1841
403 0.0474 0.1948 0.3997 0.3472 0.0108
404 0.0910 0.3201 0.3516 0.2200 0.0174
405 0.0651 0.3806 0.3059 0.2419 0.0067
406 0.0958 0.2061 0.4714 0.2076 0.0190
407 0.0693 0.1625 0.7339 0.0272 0.0070
408 0.0318 0.1111 0.5820 0.2388 0.0363
409 0.0580 0.1199 0.1614 0.6187 0.0424
410 0.0562 0.4058 0.1425 0.2056 0.1902
411 0.1962 0.1247 0.1247 0.5171 0.0374
412 0.2096 0.1105 0.1006 0.5566 0.0228
413 0.2317 0.1593 0.1605 0.3821 0.0664
414 0.4333 0.0639 0.2015 0.2588 0.0422
415 0.1075 0.0500 0.1517 0.6587 0.0318
416 0.0489 0.0396 0.6099 0.2837 0.0180
417 0.1453 0.1924 0.0670 0.5742 0.0209
418 0.1667 0.3091 0.4902 0.0226 0.0114
419 0.0920 0.2620 0.3638 0.1614 0.1209
420 0.0511 0.2200 0.4622 0.2397 0.0271
421 0.0455 0.2008 0.4707 0.2639 0.0190
422 0.0490 0.1521 0.4133 0.3647 0.0209
423 0.3752 0.1436 0.1058 0.3337 0.0414
424 0.1807 0.1122 0.0217 0.4268 0.2588
425 0.0351 0.0940 0.0677 0.7627 0.0404
426 0.0191 0.1199 0.0285 0.8066 0.0259
427 0.0231 0.2281 0.1643 0.5303 0.0542
428 0.0349 0.1770 0.2135 0.5200 0.0544
429 0.0130 0.0321 0.0254 0.9170 0.0123
430 0.0556 0.0875 0.0257 0.7681 0.0630
431 0.0473 0.0508 0.0167 0.8252 0.0598
432 0.2001 0.0587 0.2064 0.4875 0.0471
433 0.1210 0.1339 0.0906 0.4978 0.1566
434 0.2289 0.0715 0.1443 0.4883 0.0671
435 0.0941 0.0677 0.1785 0.6230 0.0368
436 0.0942 0.1257 0.5635 0.1947 0.0220
437 0.0704 0.1663 0.4888 0.2419 0.0327
438 0.0252 0.3298 0.2820 0.3567 0.0063
439 0.2087 0.0231 0.0477 0.7061 0.0143
440 0.2593 0.1124 0.0748 0.3953 0.1584
441 0.0374 0.1381 0.0219 0.5767 0.2258
442 0.0531 0.2288 0.0232 0.5156 0.1796
443 0.0264 0.3530 0.3369 0.1340 0.1495
444 0.1089 0.0754 0.1313 0.6416 0.0427
445 0.3855 0.1909 0.0560 0.3511 0.0164
446 0.2224 0.1482 0.1448 0.3638 0.1209
447 0.1416 0.0614 0.1290 0.6348 0.0331
448 0.0419 0.0195 0.1054 0.8291 0.0038
449 0.0361 0.1981 0.4604 0.3020 0.0034
450 0.0164 0.1231 0.7544 0.1053 0.0010
451 0.0723 0.0624 0.0467 0.8154 0.0033
452 0.2529 0.1559 0.2340 0.2822 0.0748
453 0.3013 0.1237 0.0549 0.4890 0.0310
454 0.4316 0.1412 0.0905 0.3308 0.0060
455 0.1638 0.0333 0.0371 0.7119 0.0540
456 0.2035 0.2937 0.0666 0.4016 0.0345
457 0.1240 0.1543 0.2159 0.0696 0.4363
458 0.1614 0.2073 0.3062 0.3015 0.0236
459 0.2568 0.1167 0.2610 0.3457 0.0197
460 0.2115 0.0483 0.1866 0.5151 0.0382
461 0.1782 0.1868 0.1367 0.4209 0.0773
462 0.0610 0.2756 0.1821 0.4724 0.0090
463 0.0645 0.0754 0.1781 0.6519 0.0302
464 0.1570 0.1096 0.1185 0.5923 0.0224
465 0.0410 0.0379 0.0089 0.8838 0.0284
466 0.2075 0.2522 0.1449 0.2108 0.1846
467 0.2484 0.1268 0.1289 0.4714 0.0244
468 0.1166 0.0509 0.0300 0.7485 0.0538
469 0.2133 0.0903 0.1141 0.4768 0.1055
470 0.3242 0.1438 0.0746 0.3674 0.0900
471 0.1884 0.0940 0.0862 0.5942 0.0374
472 0.3401 0.0908 0.2162 0.3247 0.0281
473 0.0887 0.1620 0.2932 0.4473 0.0087
474 0.0620 0.2937 0.2050 0.3892 0.0502
475 0.1322 0.1968 0.1923 0.4541 0.0246
476 0.0168 0.0173 0.0329 0.9321 0.0008
477 0.0237 0.1763 0.0319 0.7656 0.0026
478 0.1213 0.0860 0.0930 0.6763 0.0235
479 0.2365 0.0389 0.0317 0.6328 0.0602
480 0.1547 0.0261 0.1080 0.6719 0.0391
481 0.2496 0.3633 0.1870 0.0579 0.1422
482 0.0628 0.5688 0.1920 0.1567 0.0198
483 0.1013 0.2062 0.0981 0.5693 0.0254
484 0.1179 0.1400 0.0444 0.6680 0.0296
485 0.1060 0.0751 0.1163 0.6592 0.0435
486 0.2247 0.3220 0.1290 0.2668 0.0573
487 0.2151 0.2325 0.1089 0.3774 0.0661
488 0.2174 0.1554 0.1404 0.4031 0.0838
489 0.0305 0.1986 0.1595 0.6025 0.0090
490 0.0547 0.5400 0.1376 0.2571 0.0107
491 0.0816 0.6074 0.0523 0.2397 0.0188
492 0.0142 0.2004 0.0385 0.7446 0.0022
493 0.0192 0.1061 0.0252 0.8477 0.0017
494 0.0934 0.4636 0.2313 0.1963 0.0154
495 0.0168 0.0625 0.0106 0.8896 0.0206
496 0.1704 0.0532 0.1677 0.5210 0.0877
497 0.0347 0.4714 0.3503 0.1340 0.0093
498 0.2512 0.2341 0.0498 0.3250 0.1398
499 0.2612 0.1740 0.1971 0.1674 0.2003
500 0.1693 0.1154 0.0191 0.6489 0.0474
501 0.2070 0.1161 0.0389 0.5898 0.0480
502 0.0178 0.1122 0.0854 0.7788 0.0057
503 0.0050 0.0108 0.0065 0.9761 0.0017
504 0.1827 0.2328 0.1857 0.1901 0.2087
505 0.2515 0.1000 0.2085 0.4082 0.0320
506 0.2246 0.0908 0.0217 0.6548 0.0080
507 0.3013 0.1757 0.0823 0.4248 0.0160
508 0.1714 0.1056 0.0220 0.6367 0.0641
509 0.1061 0.1289 0.0586 0.6865 0.0201
510 0.1246 0.1285 0.0404 0.6377 0.0688
511 0.2964 0.2556 0.0856 0.3181 0.0444
512 0.0742 0.4270 0.1344 0.3325 0.0317
513 0.0476 0.0606 0.1572 0.7158 0.0186
514 0.0235 0.2651 0.1072 0.5034 0.1007
515 0.1399 0.1742 0.0340 0.6079 0.0440
516 0.0191 0.2771 0.1996 0.4224 0.0819
517 0.3127 0.3687 0.0917 0.1989 0.0280
518 0.1313 0.2234 0.1511 0.3860 0.1080
519 0.1067 0.4973 0.1219 0.1381 0.1360
520 0.0334 0.1094 0.0390 0.7476 0.0706
521 0.0282 0.6089 0.1857 0.1091 0.0683
522 0.0182 0.5391 0.2930 0.1184 0.0314
523 0.0231 0.5142 0.1593 0.2668 0.0364
524 0.0408 0.1009 0.0377 0.8062 0.0146
525 0.0309 0.0653 0.0235 0.8472 0.0334
526 0.0265 0.0992 0.0338 0.8306 0.0101
527 0.0171 0.0548 0.0162 0.8984 0.0133
528 0.0129 0.0778 0.0142 0.8765 0.0185
529 0.0109 0.0596 0.0087 0.9111 0.0096
530 0.0152 0.0922 0.0115 0.8677 0.0137
531 0.1318 0.2747 0.1979 0.3210 0.0745
532 0.1362 0.3762 0.1863 0.2373 0.0638
533 0.0438 0.2041 0.0871 0.6284 0.0366
534 0.0259 0.2006 0.0862 0.6372 0.0499
535 0.0157 0.1139 0.0397 0.8159 0.0149
536 0.0133 0.3909 0.1350 0.4429 0.0181
537 0.0065 0.1340 0.0409 0.8086 0.0100
538 0.0631 0.3716 0.0583 0.4414 0.0656
539 0.0748 0.3950 0.0655 0.4207 0.0440
540 0.0761 0.3440 0.0473 0.4629 0.0699
541 0.0872 0.3477 0.0352 0.4680 0.0619
542 0.0839 0.3530 0.0482 0.4604 0.0546
543 0.1058 0.3901 0.0489 0.3667 0.0884
544 0.1090 0.4180 0.0420 0.3518 0.0792
545 0.0588 0.2717 0.0362 0.5796 0.0535
546 0.1175 0.1532 0.1709 0.4946 0.0638
547 0.1337 0.0441 0.0037 0.8125 0.0062
548 0.1215 0.0312 0.0035 0.8369 0.0067
549 0.0721 0.0212 0.0028 0.8999 0.0040
550 0.0752 0.0231 0.0029 0.8945 0.0043
551 0.0869 0.0276 0.0033 0.8774 0.0048
552 0.0282 0.0058 0.0010 0.9634 0.0017
553 0.1059 0.2500 0.2207 0.3813 0.0421
554 0.0977 0.5444 0.1853 0.1421 0.0305
555 0.1012 0.3879 0.2316 0.2427 0.0367
556 0.2037 0.2830 0.2496 0.2310 0.0327
