time exciting_prob fearful_prob tense_prob sad_prob relaxing_prob
0 0.2037 0.2830 0.2496 0.2310 0.0327
1 0.2971 0.0851 0.1904 0.1628 0.2644
2 0.2869 0.1214 0.1647 0.1047 0.3225
3 0.2715 0.0423 0.1511 0.2935 0.2415
4 0.1930 0.1359 0.4890 0.1703 0.0118
5 0.2052 0.1049 0.5493 0.1389 0.0017
6 0.1326 0.1266 0.2722 0.4487 0.0200
7 0.0630 0.2001 0.4800 0.1464 0.1105
8 0.2365 0.0360 0.4021 0.3132 0.0123
9 0.0704 0.2084 0.3032 0.3955 0.0227
10 0.0489 0.0399 0.0899 0.8013 0.0201
11 0.9409 0.0015 0.0104 0.0043 0.0427
12 0.9390 0.0015 0.0113 0.0049 0.0432
13 0.9360 0.0026 0.0079 0.0036 0.0500
14 0.3357 0.1549 0.2534 0.0216 0.2344
15 0.2598 0.1025 0.2103 0.0188 0.4087
16 0.0759 0.0880 0.5562 0.2668 0.0128
17 0.3904 0.1328 0.2025 0.0414 0.2330
18 0.4058 0.0948 0.2089 0.0308 0.2598
19 0.4434 0.1937 0.1736 0.0129 0.1764
20 0.0765 0.1387 0.4270 0.2981 0.0596
21 0.0896 0.0392 0.2593 0.5938 0.0184
22 0.1428 0.1384 0.5186 0.1213 0.0789
23 0.1055 0.3250 0.4373 0.0861 0.0464
24 0.0848 0.0983 0.7266 0.0334 0.0569
25 0.1068 0.0751 0.6904 0.0627 0.0648
26 0.2076 0.3821 0.2544 0.1351 0.0207
27 0.3848 0.2485 0.2524 0.0973 0.0169
28 0.5415 0.1370 0.1744 0.1256 0.0215
29 0.1609 0.1007 0.4175 0.0868 0.2341
30 0.0533 0.0906 0.3728 0.2351 0.2483
31 0.1010 0.0328 0.3870 0.3416 0.1379
32 0.0546 0.0331 0.3616 0.3850 0.1656
33 0.0793 0.0812 0.4976 0.1210 0.2208
34 0.0910 0.0552 0.4109 0.1304 0.3125
35 0.0951 0.0795 0.4263 0.1406 0.2585
36 0.1083 0.0310 0.3750 0.1390 0.3467
37 0.1052 0.0845 0.2092 0.4431 0.1580
38 0.0640 0.1837 0.3274 0.2551 0.1699
39 0.0717 0.0864 0.2206 0.5376 0.0837
40 0.0849 0.1216 0.3687 0.2827 0.1421
41 0.0869 0.1107 0.4377 0.2573 0.1073
42 0.0822 0.0737 0.3743 0.4585 0.0116
43 0.0575 0.0652 0.2922 0.5723 0.0129
44 0.0660 0.0736 0.3098 0.5356 0.0151
45 0.0812 0.0478 0.3584 0.4900 0.0226
46 0.1327 0.0459 0.5854 0.1527 0.0831
47 0.2130 0.0790 0.4546 0.0822 0.1711
48 0.0613 0.0995 0.5215 0.3066 0.0113
49 0.1064 0.0999 0.4341 0.3381 0.0214
50 0.1526 0.1503 0.3660 0.2988 0.0325
51 0.3472 0.0352 0.4219 0.1359 0.0598
52 0.4812 0.0253 0.2659 0.1855 0.0421
53 0.4629 0.0726 0.3230 0.1357 0.0058
54 0.4805 0.0709 0.2781 0.1660 0.0047
55 0.2583 0.0800 0.4463 0.1875 0.0277
56 0.1315 0.0602 0.5044 0.2457 0.0583
57 0.1078 0.1521 0.3455 0.3455 0.0490
58 0.3191 0.1891 0.2466 0.2352 0.0100
59 0.4238 0.0353 0.3860 0.1072 0.0476
60 0.2559 0.0246 0.3665 0.3335 0.0197
61 0.3257 0.0744 0.3550 0.2291 0.0158
62 0.0826 0.1077 0.7139 0.0936 0.0023
63 0.6826 0.0574 0.2216 0.0348 0.0036
64 0.0234 0.1564 0.7939 0.0229 0.0035
65 0.4023 0.0308 0.1992 0.3284 0.0392
66 0.4746 0.0331 0.2791 0.1932 0.0201
67 0.4600 0.0580 0.3162 0.0913 0.0745
68 0.4736 0.0488 0.1974 0.2576 0.0227
69 0.0833 0.2076 0.5469 0.1567 0.0054
70 0.2125 0.1027 0.5513 0.1155 0.0181
71 0.1133 0.0621 0.6724 0.1345 0.0175
72 0.1526 0.0656 0.6733 0.0817 0.0267
73 0.3005 0.1333 0.4172 0.0367 0.1123
74 0.1483 0.1060 0.6748 0.0478 0.0231
75 0.4924 0.0263 0.2534 0.2021 0.0255
76 0.2133 0.0616 0.3462 0.3628 0.0161
77 0.1458 0.2598 0.2944 0.2766 0.0232
78 0.3191 0.0845 0.2484 0.3115 0.0363
79 0.2334 0.1394 0.4751 0.0478 0.1044
80 0.2238 0.0682 0.4519 0.2418 0.0143
81 0.4636 0.0956 0.3186 0.1042 0.0178
82 0.1261 0.0783 0.3679 0.1938 0.2339
83 0.1163 0.1200 0.4895 0.2423 0.0318
84 0.1082 0.0683 0.1827 0.6377 0.0031
85 0.1779 0.0471 0.5610 0.1864 0.0277
86 0.4802 0.0867 0.1659 0.2268 0.0403
87 0.3032 0.0472 0.2201 0.4143 0.0152
88 0.2450 0.0670 0.2213 0.4504 0.0163
89 0.3047 0.0952 0.0674 0.5186 0.0143
90 0.0813 0.0453 0.6753 0.1818 0.0161
91 0.2299 0.2708 0.4294 0.0471 0.0228
92 0.2615 0.3333 0.2255 0.1573 0.0225
93 0.3367 0.3137 0.1948 0.1437 0.0111
94 0.2595 0.0940 0.5322 0.1040 0.0101
95 0.1375 0.0834 0.3171 0.4402 0.0219
96 0.3274 0.1223 0.2081 0.3027 0.0394
97 0.2505 0.2927 0.3450 0.0996 0.0124
98 0.2468 0.0610 0.4470 0.0782 0.1670
99 0.3655 0.1660 0.2067 0.2324 0.0293
100 0.1022 0.2064 0.6309 0.0551 0.0052
101 0.1499 0.0665 0.3708 0.4072 0.0055
102 0.2966 0.4087 0.1731 0.0830 0.0386
103 0.2588 0.0777 0.4612 0.1877 0.0147
104 0.3772 0.1897 0.4048 0.0118 0.0164
105 0.3530 0.1119 0.4568 0.0179 0.0604
106 0.2227 0.0845 0.4863 0.0512 0.1554
107 0.1984 0.0350 0.4683 0.2930 0.0053
108 0.4023 0.0699 0.4087 0.0963 0.0227
109 0.1030 0.0881 0.4138 0.3708 0.0243
110 0.1309 0.0825 0.6343 0.1220 0.0304
111 0.2695 0.2269 0.3103 0.1824 0.0109
112 0.1005 0.0789 0.5605 0.2301 0.0299
113 0.0278 0.0694 0.8862 0.0151 0.0016
114 0.3025 0.0644 0.4070 0.1750 0.0510
115 0.1852 0.1159 0.6216 0.0625 0.0148
116 0.0408 0.0750 0.8066 0.0750 0.0024
117 0.0269 0.1007 0.8301 0.0397 0.0027
118 0.0577 0.0390 0.7720 0.1281 0.0033
119 0.2812 0.0769 0.2812 0.3164 0.0442
120 0.0789 0.0586 0.8345 0.0179 0.0103
121 0.0623 0.0980 0.8208 0.0124 0.0067
122 0.0408 0.0863 0.8584 0.0117 0.0031
123 0.0490 0.0670 0.8545 0.0262 0.0034
124 0.0693 0.0672 0.7690 0.0863 0.0082
125 0.0701 0.0820 0.2817 0.5605 0.0057
126 0.0587 0.1281 0.4136 0.3945 0.0051
127 0.0803 0.0809 0.2693 0.4727 0.0968
128 0.0551 0.0124 0.1096 0.7490 0.0742
129 0.1080 0.0815 0.7915 0.0158 0.0032
130 0.0693 0.0876 0.8311 0.0095 0.0027
131 0.0098 0.0715 0.8062 0.1125 0.0002
132 0.1469 0.0349 0.5898 0.2170 0.0112
133 0.0683 0.0652 0.3931 0.4453 0.0282
134 0.0416 0.0801 0.6709 0.2015 0.0056
135 0.0524 0.1144 0.2832 0.5376 0.0124
136 0.0299 0.0741 0.4263 0.4609 0.0086
137 0.0386 0.1049 0.5669 0.2852 0.0045
138 0.0260 0.0964 0.4390 0.4321 0.0063
139 0.1052 0.0746 0.3938 0.2314 0.1949
140 0.1001 0.1368 0.6328 0.0744 0.0562
141 0.0916 0.1558 0.6924 0.0439 0.0162
142 0.1293 0.0999 0.5840 0.1726 0.0145
143 0.0504 0.0570 0.8516 0.0386 0.0024
144 0.0553 0.0721 0.7397 0.1266 0.0063
145 0.1396 0.1195 0.5791 0.1420 0.0198
146 0.0165 0.1035 0.7529 0.1268 0.0006
147 0.0089 0.1141 0.7920 0.0848 0.0002
148 0.0587 0.0391 0.4136 0.4761 0.0125
149 0.0922 0.2030 0.5923 0.0600 0.0526
150 0.0534 0.1343 0.3596 0.4475 0.0053
151 0.1266 0.2024 0.5767 0.0884 0.0062
152 0.2773 0.0406 0.0820 0.5342 0.0659
153 0.2546 0.0533 0.1165 0.5142 0.0614
154 0.1914 0.2617 0.3467 0.1855 0.0146
155 0.1188 0.2805 0.2362 0.3438 0.0206
156 0.1566 0.1383 0.1860 0.4604 0.0585
157 0.1067 0.3086 0.3843 0.1759 0.0246
158 0.0906 0.2727 0.3669 0.2369 0.0326
159 0.1304 0.1971 0.4731 0.0307 0.1687
160 0.1290 0.0501 0.1722 0.1982 0.4502
161 0.0609 0.0659 0.2079 0.2488 0.4165
162 0.0535 0.1177 0.7437 0.0822 0.0030
163 0.0421 0.0751 0.5547 0.3259 0.0023
164 0.1282 0.1130 0.5479 0.1953 0.0155
165 0.1427 0.1061 0.5303 0.1804 0.0406
166 0.1805 0.1406 0.6201 0.0542 0.0045
167 0.1755 0.2036 0.1133 0.2698 0.2380
168 0.1072 0.1196 0.3982 0.3252 0.0499
169 0.0451 0.1600 0.7402 0.0544 0.0004
170 0.0477 0.1614 0.6587 0.1277 0.0047
171 0.0314 0.0244 0.2338 0.6660 0.0446
172 0.0910 0.1023 0.4880 0.0692 0.2493
173 0.2739 0.0243 0.1687 0.1410 0.3923
174 0.3049 0.1440 0.3403 0.1752 0.0356
175 0.3264 0.1948 0.2834 0.1554 0.0399
176 0.2238 0.1702 0.3179 0.2595 0.0287
177 0.0922 0.0294 0.6807 0.1891 0.0086
178 0.0211 0.0738 0.6782 0.2238 0.0030
179 0.1141 0.0855 0.6938 0.0889 0.0176
180 0.0762 0.1217 0.5991 0.1538 0.0492
181 0.2905 0.1052 0.4570 0.1270 0.0201
182 0.1398 0.1794 0.6167 0.0620 0.0021
183 0.0362 0.2114 0.2715 0.4619 0.0191
184 0.1788 0.0623 0.3728 0.0493 0.3367
185 0.0941 0.0354 0.2056 0.2366 0.4285
186 0.0673 0.0652 0.1760 0.2278 0.4636
187 0.1318 0.1093 0.4824 0.2749 0.0017
188 0.0895 0.1223 0.5835 0.2017 0.0031
189 0.0326 0.0279 0.8149 0.1230 0.0014
190 0.1007 0.2003 0.3516 0.3301 0.0174
191 0.0798 0.2169 0.3013 0.3809 0.0211
192 0.0641 0.0434 0.5669 0.2290 0.0969
193 0.1417 0.2908 0.3193 0.2195 0.0288
194 0.1959 0.1467 0.3083 0.3130 0.0359
195 0.0831 0.0363 0.6138 0.1758 0.0912
196 0.2021 0.0469 0.3777 0.2678 0.1057
197 0.0182 0.0720 0.6030 0.3032 0.0038
198 0.0470 0.0980 0.7588 0.0935 0.0027
199 0.0901 0.0482 0.4036 0.4297 0.0283
200 0.1282 0.1895 0.6309 0.0471 0.0043
201 0.0825 0.1719 0.6904 0.0508 0.0042
202 0.1599 0.0792 0.6528 0.1017 0.0067
203 0.6753 0.0220 0.2191 0.0599 0.0238
204 0.1158 0.0676 0.6460 0.1488 0.0216
205 0.1683 0.0521 0.7310 0.0375 0.0110
206 0.2258 0.1154 0.6138 0.0341 0.0109
207 0.1357 0.0688 0.3083 0.2988 0.1885
208 0.1466 0.1443 0.3862 0.2003 0.1225
209 0.0822 0.1007 0.2781 0.2781 0.2612
210 0.0573 0.1053 0.5518 0.2776 0.0079
211 0.1918 0.1979 0.5728 0.0262 0.0115
212 0.2394 0.0840 0.4834 0.1251 0.0681
213 0.3816 0.0818 0.4749 0.0201 0.0418
214 0.5034 0.0606 0.3540 0.0300 0.0522
215 0.0242 0.0422 0.4758 0.3823 0.0753
216 0.0920 0.1137 0.4258 0.1278 0.2407
217 0.1058 0.0294 0.6582 0.1975 0.0093
218 0.3369 0.0372 0.4260 0.1804 0.0193
219 0.0464 0.2196 0.4795 0.1820 0.0724
220 0.0350 0.0345 0.6021 0.3223 0.0061
221 0.2920 0.0850 0.5850 0.0207 0.0175
222 0.4670 0.0717 0.2041 0.1190 0.1381
223 0.1172 0.0608 0.7407 0.0769 0.0041
224 0.1511 0.1088 0.5977 0.1355 0.0071
225 0.2135 0.1444 0.5801 0.0515 0.0103
226 0.2537 0.0448 0.6475 0.0263 0.0278
227 0.3616 0.0664 0.5103 0.0412 0.0207
228 0.1877 0.0639 0.6763 0.0498 0.0222
229 0.2218 0.0291 0.5239 0.2150 0.0105
230 0.1033 0.0253 0.4280 0.4214 0.0222
231 0.1787 0.0308 0.5420 0.1903 0.0580
232 0.4175 0.0443 0.3408 0.1610 0.0365
233 0.2095 0.0270 0.6978 0.0619 0.0041
234 0.0640 0.0587 0.3276 0.3950 0.1547
235 0.1262 0.1105 0.4839 0.0760 0.2034
236 0.2937 0.0251 0.6221 0.0535 0.0056
237 0.1699 0.1365 0.5747 0.1115 0.0073
238 0.4565 0.0355 0.4709 0.0108 0.0264
239 0.3533 0.0509 0.5059 0.0288 0.0609
240 0.4336 0.0252 0.4543 0.0560 0.0307
241 0.1295 0.0310 0.7930 0.0410 0.0054
242 0.1764 0.0260 0.7085 0.0741 0.0148
243 0.1131 0.0790 0.4990 0.2981 0.0109
244 0.1965 0.0292 0.3970 0.3672 0.0101
245 0.0535 0.0293 0.2551 0.6411 0.0209
246 0.1022 0.0307 0.2588 0.5835 0.0248
247 0.2632 0.0714 0.5527 0.0522 0.0601
248 0.1266 0.0652 0.4150 0.3232 0.0699
249 0.5596 0.1172 0.1172 0.1298 0.0763
250 0.1249 0.0452 0.7134 0.0973 0.0195
251 0.2430 0.1428 0.5391 0.0358 0.0391
252 0.0413 0.0834 0.4370 0.1970 0.2413
253 0.1079 0.1475 0.4336 0.0998 0.2113
254 0.4004 0.0839 0.4756 0.0233 0.0169
255 0.4514 0.0223 0.3408 0.1355 0.0499
256 0.1335 0.1304 0.6318 0.0954 0.0088
257 0.1997 0.0852 0.6445 0.0460 0.0246
258 0.0742 0.2217 0.6826 0.0157 0.0056
259 0.2015 0.1953 0.1417 0.4233 0.0381
260 0.0861 0.1700 0.1039 0.5317 0.1080
261 0.0490 0.0422 0.8154 0.0873 0.0063
262 0.0121 0.6445 0.3093 0.0302 0.0039
263 0.0808 0.0659 0.8032 0.0450 0.0050
264 0.0350 0.1053 0.8281 0.0266 0.0051
265 0.0527 0.0635 0.4082 0.4624 0.0132
266 0.2563 0.0533 0.5684 0.1085 0.0134
267 0.0790 0.0606 0.5073 0.3379 0.0154
268 0.0123 0.0516 0.7710 0.1616 0.0037
269 0.0455 0.2039 0.3931 0.1058 0.2517
270 0.1212 0.2625 0.4905 0.0393 0.0865
271 0.1653 0.2642 0.4529 0.0580 0.0598
272 0.0134 0.0382 0.8560 0.0916 0.0008
273 0.2957 0.0239 0.3149 0.3101 0.0556
274 0.2866 0.0703 0.5352 0.0998 0.0080
275 0.1537 0.0876 0.4243 0.3254 0.0089
276 0.1294 0.1160 0.4375 0.2695 0.0476
277 0.0608 0.4861 0.2260 0.1964 0.0308
278 0.0222 0.4290 0.4861 0.0618 0.0010
279 0.1840 0.0243 0.2476 0.5161 0.0280
280 0.0403 0.2114 0.5312 0.1956 0.0213
281 0.0476 0.1273 0.3354 0.4375 0.0522
282 0.1187 0.0570 0.2437 0.5576 0.0230
283 0.1658 0.0959 0.1877 0.5352 0.0155
284 0.0546 0.0832 0.5596 0.2996 0.0029
285 0.0312 0.0993 0.2830 0.5205 0.0662
286 0.0852 0.1427 0.6597 0.1077 0.0047
287 0.0677 0.1337 0.5010 0.1992 0.0986
288 0.0909 0.0765 0.3052 0.4653 0.0620
289 0.2183 0.0569 0.4622 0.2551 0.0074
290 0.0235 0.4434 0.4434 0.0859 0.0037
291 0.2375 0.1487 0.2529 0.3049 0.0560
292 0.0882 0.0606 0.2632 0.5317 0.0561
293 0.2086 0.0883 0.5498 0.1434 0.0099
294 0.0858 0.1934 0.4565 0.2444 0.0201
295 0.2529 0.0975 0.4104 0.2302 0.0089
296 0.2749 0.1077 0.3818 0.2209 0.0147
297 0.0580 0.1760 0.7070 0.0435 0.0156
298 0.0975 0.1243 0.6118 0.1233 0.0433
299 0.0448 0.0354 0.6787 0.2383 0.0025
300 0.0215 0.1076 0.7354 0.1278 0.0076
301 0.0677 0.0617 0.7397 0.1246 0.0061
302 0.1686 0.0539 0.7324 0.0394 0.0058
303 0.0496 0.2421 0.5371 0.1613 0.0100
304 0.0573 0.0846 0.3142 0.3562 0.1877
305 0.2883 0.0372 0.5474 0.0936 0.0334
306 0.1766 0.0271 0.4653 0.3101 0.0211
307 0.1143 0.0621 0.4663 0.3464 0.0108
308 0.1433 0.0955 0.2720 0.4629 0.0263
309 0.1689 0.1125 0.4182 0.2346 0.0657
310 0.1063 0.0854 0.3325 0.4475 0.0282
311 0.2180 0.0429 0.2321 0.3887 0.1185
312 0.0992 0.1586 0.2961 0.4243 0.0218
313 0.0186 0.1472 0.1383 0.6812 0.0148
314 0.2856 0.1019 0.3420 0.0679 0.2026
315 0.1396 0.0290 0.1054 0.2231 0.5029
316 0.2107 0.1219 0.3115 0.3315 0.0244
317 0.0788 0.1361 0.2793 0.4827 0.0233
318 0.1131 0.0895 0.3594 0.4138 0.0243
319 0.0899 0.0474 0.3340 0.5176 0.0113
320 0.1316 0.0811 0.6226 0.1490 0.0156
321 0.1864 0.1021 0.5479 0.1498 0.0140
322 0.1534 0.1158 0.5659 0.1559 0.0089
323 0.1561 0.0491 0.1840 0.5889 0.0218
324 0.1678 0.0366 0.4285 0.3135 0.0536
325 0.0981 0.0187 0.5063 0.3320 0.0449
326 0.0792 0.0222 0.4773 0.3777 0.0437
327 0.0980 0.0347 0.3816 0.4324 0.0533
328 0.2124 0.2124 0.1371 0.3906 0.0474
329 0.9697 0.0182 0.0011 0.0010 0.0100
330 0.9697 0.0182 0.0011 0.0010 0.0102
331 0.8174 0.0518 0.0518 0.0535 0.0257
332 0.8140 0.0213 0.0125 0.1248 0.0274
333 0.8223 0.0209 0.0119 0.1166 0.0284
334 0.7686 0.0185 0.0404 0.1378 0.0346
335 0.7676 0.0189 0.0413 0.1376 0.0348
336 0.2300 0.2128 0.1250 0.3792 0.0529
