time exciting_prob fearful_prob tense_prob sad_prob relaxing_prob
0 0.2051 0.1622 0.1410 0.4551 0.0365
1 0.4065 0.1044 0.1320 0.2076 0.1495
2 0.5518 0.0482 0.0211 0.1342 0.2449
3 0.4368 0.0195 0.0082 0.4104 0.1251
4 0.6030 0.0430 0.0261 0.2494 0.0785
5 0.4072 0.0248 0.0122 0.4202 0.1354
6 0.4561 0.1492 0.1199 0.1639 0.1109
7 0.4775 0.0389 0.0721 0.2517 0.1599
8 0.5864 0.0872 0.0800 0.2261 0.0202
9 0.2883 0.0369 0.0369 0.6147 0.0229
10 0.3152 0.0327 0.0385 0.0515 0.5620
11 0.1180 0.0325 0.0246 0.7944 0.0306
12 0.0964 0.0215 0.0520 0.7939 0.0360
13 0.4121 0.1539 0.0728 0.1539 0.2072
14 0.2822 0.1158 0.0803 0.3799 0.1420
15 0.4155 0.0885 0.1732 0.2522 0.0706
16 0.3196 0.1271 0.1792 0.2908 0.0833
17 0.3599 0.2018 0.2473 0.1454 0.0457
18 0.2207 0.6289 0.0942 0.0459 0.0106
19 0.2318 0.0494 0.0826 0.1095 0.5264
20 0.1589 0.0283 0.0520 0.4819 0.2788
21 0.1940 0.1140 0.4951 0.0494 0.1475
22 0.1295 0.1152 0.2827 0.0890 0.3835
23 0.2974 0.4644 0.1044 0.1004 0.0334
24 0.1986 0.4653 0.1621 0.1487 0.0254
25 0.2297 0.4863 0.0921 0.1483 0.0435
26 0.1906 0.6494 0.1202 0.0331 0.0066
27 0.2023 0.6279 0.1126 0.0451 0.0119
28 0.2084 0.0376 0.2634 0.4341 0.0565
29 0.1903 0.0837 0.5132 0.1858 0.0270
30 0.1614 0.6587 0.1199 0.0512 0.0090
31 0.1576 0.7119 0.0956 0.0301 0.0051
32 0.3262 0.5464 0.0757 0.0338 0.0181
33 0.6074 0.1196 0.0809 0.0961 0.0961
34 0.4062 0.0633 0.2708 0.0723 0.1875
35 0.2947 0.0751 0.1350 0.2727 0.2225
36 0.3181 0.0870 0.0926 0.4702 0.0320
37 0.0256 0.8291 0.0916 0.0514 0.0026
38 0.1176 0.0990 0.2776 0.4578 0.0479
39 0.1416 0.1472 0.2076 0.4534 0.0501
40 0.0707 0.3679 0.1582 0.3855 0.0177
41 0.4863 0.1904 0.1567 0.0375 0.1289
42 0.2769 0.1392 0.1267 0.3286 0.1287
43 0.3462 0.3462 0.1927 0.0535 0.0611
44 0.1040 0.0918 0.5537 0.1663 0.0842
45 0.1566 0.2749 0.2502 0.2174 0.1011
46 0.2181 0.2286 0.1925 0.3225 0.0382
47 0.0815 0.4619 0.4141 0.0382 0.0042
48 0.1495 0.1320 0.6807 0.0281 0.0096
49 0.5596 0.0928 0.0980 0.0435 0.2059
50 0.5479 0.1385 0.1594 0.0373 0.1167
51 0.3530 0.2544 0.1790 0.1735 0.0403
52 0.1460 0.4255 0.1774 0.2242 0.0268
53 0.0974 0.3508 0.4434 0.1069 0.0016
54 0.1910 0.3486 0.2800 0.1365 0.0436
55 0.1643 0.2930 0.3425 0.1569 0.0432
56 0.1039 0.3301 0.2067 0.3250 0.0343
57 0.0475 0.0468 0.1821 0.7207 0.0029
58 0.0572 0.8340 0.0439 0.0614 0.0037
59 0.1814 0.0898 0.0956 0.4490 0.1842
60 0.0773 0.2576 0.3010 0.3577 0.0063
61 0.0337 0.9033 0.0337 0.0282 0.0010
62 0.2114 0.1635 0.2234 0.2869 0.1150
63 0.0542 0.8022 0.0893 0.0493 0.0048
64 0.3467 0.0458 0.1041 0.4453 0.0580
65 0.1464 0.0317 0.1420 0.6362 0.0440
66 0.2346 0.2786 0.4382 0.0330 0.0155
67 0.1311 0.0186 0.2908 0.5430 0.0164
68 0.4290 0.1318 0.2332 0.1448 0.0613
69 0.1653 0.1530 0.5254 0.1248 0.0316
70 0.0507 0.5454 0.1885 0.2102 0.0053
71 0.0776 0.6973 0.1300 0.0887 0.0063
72 0.2365 0.2402 0.4558 0.0380 0.0296
73 0.4148 0.2135 0.1611 0.1008 0.1099
74 0.3774 0.1755 0.2134 0.0917 0.1421
75 0.2062 0.0801 0.0826 0.3975 0.2336
76 0.1819 0.4229 0.2729 0.1036 0.0186
77 0.0853 0.7720 0.1147 0.0260 0.0019
78 0.2430 0.0542 0.1594 0.4070 0.1364
79 0.1797 0.3745 0.3926 0.0340 0.0191
80 0.1074 0.3577 0.2498 0.2744 0.0108
81 0.6025 0.0946 0.0526 0.1548 0.0953
82 0.2050 0.5073 0.2130 0.0560 0.0189
83 0.1450 0.1021 0.2354 0.3372 0.1804
84 0.2698 0.2289 0.2915 0.1367 0.0732
85 0.2825 0.0868 0.2234 0.2454 0.1621
86 0.1137 0.2484 0.4031 0.2028 0.0321
87 0.1031 0.5278 0.2306 0.1294 0.0090
88 0.1746 0.1552 0.1317 0.2639 0.2747
89 0.4297 0.1833 0.2410 0.1061 0.0399
90 0.1799 0.1108 0.1946 0.4248 0.0898
91 0.1412 0.4487 0.2087 0.1813 0.0200
92 0.1555 0.2524 0.1416 0.4163 0.0339
93 0.2368 0.3784 0.2405 0.1339 0.0106
94 0.2651 0.5610 0.0759 0.0615 0.0364
95 0.1454 0.2018 0.5483 0.0367 0.0676
96 0.0928 0.5469 0.2076 0.1495 0.0030
97 0.0923 0.4470 0.3220 0.1301 0.0086
98 0.2812 0.1415 0.3669 0.1888 0.0214
99 0.1844 0.4189 0.2581 0.1191 0.0191
100 0.0486 0.7310 0.1848 0.0324 0.0032
101 0.1685 0.1311 0.4041 0.1332 0.1632
102 0.1814 0.0986 0.5249 0.1171 0.0780
103 0.1953 0.2283 0.5063 0.0381 0.0319
104 0.0109 0.5991 0.0477 0.3416 0.0006
105 0.0300 0.6069 0.0834 0.2778 0.0021
106 0.3301 0.1583 0.2673 0.1453 0.0991
107 0.1794 0.2693 0.2913 0.2303 0.0295
108 0.1626 0.1873 0.2223 0.2991 0.1287
109 0.3113 0.4749 0.1788 0.0258 0.0093
110 0.1375 0.2712 0.4507 0.0959 0.0446
111 0.1580 0.0604 0.7539 0.0202 0.0077
112 0.1143 0.0918 0.6577 0.1179 0.0185
113 0.1289 0.0723 0.2603 0.4641 0.0746
114 0.0931 0.2612 0.5889 0.0374 0.0195
115 0.1675 0.1410 0.0911 0.4922 0.1082
116 0.2998 0.3242 0.2998 0.0595 0.0168
117 0.3020 0.3699 0.1372 0.0294 0.1616
118 0.0849 0.0181 0.1975 0.6895 0.0103
119 0.1786 0.3635 0.3870 0.0481 0.0227
120 0.1182 0.1219 0.2500 0.4897 0.0202
121 0.5117 0.0676 0.1334 0.2306 0.0569
122 0.3674 0.0746 0.1655 0.2952 0.0974
123 0.2443 0.4495 0.2260 0.0481 0.0323
124 0.2319 0.0982 0.1569 0.4834 0.0297
125 0.1818 0.4128 0.3164 0.0782 0.0107
126 0.2460 0.0411 0.0571 0.5991 0.0566
127 0.2155 0.1144 0.1492 0.1976 0.3232
128 0.2013 0.4573 0.2177 0.0619 0.0619
129 0.2717 0.0245 0.1323 0.5234 0.0479
130 0.2756 0.5356 0.1499 0.0164 0.0226
131 0.1279 0.4607 0.3267 0.0669 0.0176
132 0.2147 0.1725 0.4993 0.0983 0.0153
133 0.3254 0.1000 0.2273 0.3206 0.0267
134 0.5161 0.1235 0.1599 0.0626 0.1378
135 0.3381 0.0778 0.3892 0.1263 0.0687
136 0.2382 0.1025 0.2786 0.3059 0.0750
137 0.3298 0.0724 0.0696 0.4167 0.1113
138 0.0214 0.6396 0.2427 0.0674 0.0290
139 0.1458 0.1731 0.4854 0.1576 0.0383
140 0.2681 0.2120 0.0652 0.0798 0.3750
141 0.2485 0.2045 0.4363 0.0319 0.0789
142 0.2360 0.3542 0.3486 0.0498 0.0113
143 0.0222 0.6631 0.0291 0.2852 0.0004
144 0.2834 0.0525 0.1566 0.3755 0.1318
145 0.3833 0.3130 0.1624 0.1179 0.0236
146 0.0466 0.7881 0.1208 0.0428 0.0018
147 0.1643 0.1395 0.5918 0.0782 0.0260
148 0.1373 0.3704 0.3320 0.0807 0.0795
149 0.2397 0.5156 0.1023 0.1234 0.0191
150 0.3613 0.1052 0.0972 0.3557 0.0806
151 0.1919 0.1339 0.2074 0.2242 0.2426
152 0.1082 0.1729 0.2896 0.3230 0.1065
153 0.1331 0.6445 0.0907 0.1020 0.0297
154 0.1030 0.6982 0.0759 0.0938 0.0288
155 0.1196 0.2825 0.2200 0.3628 0.0152
156 0.1437 0.3906 0.3787 0.0706 0.0163
157 0.2404 0.3184 0.3840 0.0405 0.0169
158 0.1996 0.1935 0.1803 0.1803 0.2465
159 0.1689 0.2537 0.1401 0.4182 0.0191
160 0.1276 0.6230 0.1901 0.0508 0.0085
161 0.2391 0.3589 0.3071 0.0795 0.0153
162 0.2810 0.5503 0.1317 0.0249 0.0121
163 0.4792 0.3618 0.0922 0.0304 0.0364
164 0.0692 0.7729 0.0457 0.1055 0.0065
165 0.0176 0.9102 0.0307 0.0413 0.0005
166 0.0770 0.7593 0.0740 0.0820 0.0075
167 0.0170 0.5850 0.0536 0.3440 0.0004
168 0.2568 0.2568 0.2568 0.0828 0.1464
169 0.3088 0.1210 0.3726 0.1554 0.0421
170 0.1421 0.4958 0.1234 0.2271 0.0116
171 0.2981 0.0697 0.3274 0.2114 0.0931
172 0.0726 0.6895 0.1074 0.1274 0.0033
173 0.5054 0.1934 0.2522 0.0252 0.0240
174 0.3708 0.2321 0.2671 0.0736 0.0564
175 0.0907 0.3877 0.1240 0.3877 0.0098
176 0.1562 0.5327 0.1813 0.1207 0.0092
177 0.7095 0.1080 0.1487 0.0068 0.0269
178 0.6519 0.1304 0.1225 0.0315 0.0635
179 0.0074 0.5957 0.0352 0.3613 0.0001
180 0.3972 0.1260 0.1438 0.0996 0.2335
181 0.4604 0.1860 0.1052 0.0623 0.1860
182 0.0254 0.9019 0.0355 0.0372 0.0002
183 0.2410 0.5430 0.1240 0.0577 0.0342
184 0.0942 0.8325 0.0381 0.0323 0.0028
185 0.0605 0.8623 0.0382 0.0353 0.0036
186 0.2279 0.0928 0.3264 0.1860 0.1667
187 0.3655 0.0946 0.1072 0.0312 0.4014
188 0.6157 0.1251 0.1849 0.0044 0.0696
189 0.1234 0.6826 0.0468 0.1387 0.0086
190 0.0266 0.7026 0.0586 0.2109 0.0012
191 0.3550 0.0883 0.1423 0.0059 0.4084
192 0.4041 0.1096 0.2197 0.0098 0.2568
193 0.1213 0.5435 0.3145 0.0137 0.0071
194 0.0502 0.7969 0.0370 0.1113 0.0045
195 0.0489 0.7773 0.0281 0.1329 0.0128
196 0.0845 0.2561 0.0722 0.5684 0.0191
197 0.1246 0.7339 0.0905 0.0274 0.0238
198 0.1602 0.6436 0.1577 0.0268 0.0118
199 0.2037 0.3989 0.1179 0.2617 0.0177
200 0.1814 0.3638 0.1307 0.3015 0.0227
201 0.1466 0.2698 0.3687 0.2068 0.0083
202 0.1459 0.4600 0.1665 0.2057 0.0220
203 0.1296 0.5010 0.1370 0.2257 0.0069
204 0.2135 0.4519 0.2495 0.0646 0.0205
205 0.1655 0.5645 0.2109 0.0432 0.0160
206 0.2465 0.4395 0.1890 0.0717 0.0533
207 0.0709 0.3984 0.2825 0.2235 0.0249
208 0.2749 0.0995 0.1278 0.4531 0.0449
209 0.1569 0.1805 0.1670 0.1013 0.3943
210 0.2764 0.1479 0.1117 0.0677 0.3960
211 0.2198 0.1204 0.0909 0.0416 0.5273
212 0.2449 0.2229 0.1104 0.0600 0.3618
213 0.2627 0.2646 0.1581 0.0735 0.2411
214 0.2708 0.2603 0.1393 0.0872 0.2426
215 0.2546 0.2568 0.1570 0.0867 0.2450
216 0.1203 0.0542 0.2046 0.5830 0.0378
217 0.3013 0.1467 0.1125 0.3806 0.0588
