time exciting_prob fearful_prob tense_prob sad_prob relaxing_prob
0 0.0699 0.0511 0.4929 0.3550 0.0310
1 0.0499 0.0548 0.6074 0.2695 0.0183
2 0.2610 0.1213 0.1633 0.3403 0.1140
3 0.0630 0.0258 0.2396 0.6313 0.0403
4 0.2124 0.1102 0.2124 0.3845 0.0806
5 0.0532 0.0398 0.7344 0.1539 0.0190
6 0.2571 0.1215 0.1824 0.3516 0.0875
7 0.1663 0.0823 0.4243 0.2615 0.0656
8 0.2266 0.1122 0.2450 0.3247 0.0916
9 0.0671 0.0792 0.5942 0.2363 0.0234
10 0.0417 0.1664 0.7227 0.0549 0.0142
11 0.0285 0.0928 0.6968 0.1438 0.0384
12 0.0273 0.0361 0.5308 0.3765 0.0293
13 0.0291 0.0312 0.4143 0.5078 0.0176
14 0.0359 0.1030 0.5483 0.2891 0.0235
15 0.0392 0.1637 0.3896 0.3835 0.0240
16 0.0351 0.0363 0.3181 0.5762 0.0346
17 0.0744 0.1588 0.2700 0.4666 0.0301
18 0.0482 0.0525 0.1721 0.7134 0.0137
19 0.0931 0.0903 0.2416 0.5615 0.0135
20 0.0476 0.0544 0.1216 0.7686 0.0076
21 0.0295 0.0501 0.1096 0.7969 0.0139
22 0.0215 0.0401 0.2273 0.7002 0.0111
23 0.0513 0.0729 0.5913 0.2625 0.0219
24 0.0905 0.1504 0.2681 0.4705 0.0208
25 0.1554 0.1172 0.2903 0.4092 0.0278
26 0.0374 0.0315 0.2559 0.6636 0.0117
27 0.0233 0.0308 0.2971 0.6387 0.0102
28 0.0234 0.0092 0.0552 0.9053 0.0067
29 0.0553 0.0263 0.0404 0.7749 0.1032
30 0.1045 0.0334 0.0764 0.7139 0.0718
31 0.0385 0.0234 0.0666 0.8506 0.0210
32 0.0638 0.0782 0.3093 0.5342 0.0144
33 0.1219 0.0603 0.4321 0.3528 0.0328
34 0.0672 0.0462 0.3308 0.5205 0.0354
35 0.0600 0.0258 0.3452 0.5601 0.0088
36 0.0795 0.0288 0.5688 0.2952 0.0275
37 0.0647 0.0689 0.4026 0.4219 0.0418
38 0.0456 0.0654 0.5391 0.3167 0.0334
39 0.0290 0.0559 0.4612 0.4265 0.0273
40 0.0463 0.0558 0.4600 0.4189 0.0190
41 0.0651 0.0548 0.1715 0.6890 0.0199
42 0.1891 0.0248 0.1361 0.6196 0.0302
43 0.1163 0.0793 0.3313 0.3813 0.0920
44 0.0474 0.0294 0.0936 0.7134 0.1164
45 0.0074 0.0091 0.0613 0.9155 0.0068
46 0.0428 0.0612 0.1731 0.6846 0.0380
47 0.0419 0.0103 0.1194 0.7788 0.0498
48 0.0275 0.0137 0.0539 0.8833 0.0214
49 0.0504 0.0386 0.3694 0.5205 0.0210
50 0.0833 0.0355 0.1461 0.7192 0.0158
51 0.0960 0.0397 0.2214 0.6113 0.0314
52 0.0799 0.0408 0.0775 0.7822 0.0199
53 0.0715 0.0298 0.2308 0.6577 0.0102
54 0.0417 0.1927 0.5405 0.2184 0.0068
55 0.1229 0.1350 0.3289 0.4028 0.0103
56 0.0603 0.1799 0.6182 0.1359 0.0058
57 0.0707 0.0379 0.1261 0.7490 0.0163
58 0.0433 0.2612 0.2915 0.3862 0.0176
59 0.0629 0.0498 0.2864 0.5879 0.0132
60 0.0495 0.1809 0.2512 0.5073 0.0109
61 0.0465 0.0221 0.0487 0.8374 0.0451
62 0.0847 0.0610 0.2800 0.5483 0.0260
63 0.1764 0.0573 0.2338 0.4504 0.0820
64 0.0698 0.1254 0.4805 0.2961 0.0282
65 0.0871 0.0627 0.2058 0.6143 0.0301
66 0.0341 0.0603 0.4971 0.3994 0.0090
67 0.1183 0.0456 0.1473 0.6201 0.0685
68 0.0590 0.0205 0.1371 0.7188 0.0648
69 0.0293 0.0240 0.1198 0.7808 0.0462
70 0.0740 0.0456 0.1951 0.6294 0.0559
71 0.0918 0.0597 0.4624 0.2761 0.1099
72 0.0770 0.0370 0.2410 0.3452 0.2998
73 0.0629 0.1260 0.3022 0.4197 0.0894
74 0.0294 0.0537 0.1844 0.6338 0.0987
75 0.0229 0.0541 0.3997 0.5132 0.0099
76 0.0208 0.0748 0.6880 0.2131 0.0033
77 0.0185 0.0273 0.0569 0.8906 0.0064
78 0.0843 0.0856 0.1575 0.6226 0.0499
79 0.1301 0.0908 0.0789 0.5742 0.1261
80 0.0571 0.0470 0.1338 0.6689 0.0934
81 0.0533 0.0706 0.1543 0.6294 0.0921
82 0.0395 0.0704 0.0715 0.7563 0.0621
83 0.1179 0.0699 0.0926 0.5454 0.1743
84 0.0760 0.0939 0.1124 0.3252 0.3923
85 0.0903 0.0359 0.1769 0.6675 0.0296
86 0.0800 0.0449 0.1201 0.6699 0.0851
87 0.0795 0.1036 0.1631 0.6450 0.0089
88 0.0374 0.0247 0.1075 0.8198 0.0104
89 0.0403 0.0729 0.2544 0.6299 0.0025
90 0.0649 0.1508 0.0915 0.6553 0.0378
91 0.0164 0.0385 0.0423 0.8901 0.0127
92 0.0204 0.0126 0.0147 0.9399 0.0124
93 0.0246 0.0497 0.0600 0.8413 0.0241
94 0.0836 0.2742 0.1125 0.4448 0.0849
95 0.0217 0.1296 0.2922 0.4971 0.0594
96 0.0347 0.0793 0.4031 0.4785 0.0043
97 0.0505 0.0268 0.1120 0.7656 0.0453
98 0.1119 0.0554 0.1154 0.4060 0.3113
99 0.0508 0.0313 0.0442 0.7710 0.1027
100 0.0833 0.0546 0.1028 0.6060 0.1532
101 0.0233 0.0189 0.0381 0.8818 0.0378
102 0.0359 0.0400 0.1609 0.7324 0.0307
103 0.0473 0.0804 0.1412 0.7168 0.0141
104 0.0344 0.0236 0.0470 0.8867 0.0082
105 0.0199 0.0268 0.0729 0.8613 0.0187
106 0.0507 0.0692 0.1488 0.7212 0.0100
107 0.0697 0.1006 0.3486 0.4141 0.0671
108 0.0955 0.0779 0.2325 0.5664 0.0276
109 0.0400 0.0321 0.0975 0.7666 0.0639
110 0.0794 0.0819 0.1919 0.5640 0.0826
111 0.0446 0.0796 0.1214 0.7319 0.0223
112 0.0192 0.0306 0.0758 0.8540 0.0204
113 0.0146 0.0082 0.0168 0.9463 0.0144
114 0.0524 0.1161 0.2384 0.5718 0.0213
115 0.2568 0.0645 0.0639 0.3049 0.3098
116 0.1423 0.0519 0.0898 0.5005 0.2153
117 0.0591 0.1725 0.1498 0.6021 0.0167
118 0.0331 0.0957 0.1068 0.7070 0.0576
119 0.0447 0.1072 0.5884 0.2532 0.0064
120 0.0217 0.0203 0.1091 0.8315 0.0171
121 0.0583 0.1365 0.1195 0.6411 0.0446
122 0.0278 0.0217 0.0906 0.8462 0.0139
123 0.0715 0.0343 0.1083 0.6895 0.0963
124 0.1010 0.0632 0.1470 0.6089 0.0799
125 0.0198 0.0083 0.1191 0.8398 0.0128
126 0.0479 0.0583 0.1796 0.6362 0.0778
127 0.0346 0.0246 0.0941 0.7881 0.0589
128 0.0415 0.0500 0.1318 0.6802 0.0964
129 0.0654 0.1581 0.1271 0.5781 0.0712
130 0.0234 0.0296 0.0688 0.8511 0.0274
131 0.0124 0.0253 0.0417 0.9067 0.0138
132 0.0425 0.0419 0.0723 0.6973 0.1461
133 0.0309 0.1168 0.1431 0.6934 0.0157
134 0.0632 0.0270 0.0623 0.7407 0.1068
135 0.0364 0.0413 0.0930 0.8037 0.0254
136 0.0525 0.0921 0.1340 0.7021 0.0190
137 0.0872 0.1200 0.2207 0.5254 0.0466
138 0.0429 0.0345 0.0501 0.8608 0.0115
139 0.0427 0.1284 0.3130 0.5000 0.0157
140 0.1224 0.1243 0.2323 0.4917 0.0293
141 0.0499 0.3252 0.3152 0.2739 0.0356
142 0.0786 0.2365 0.2401 0.4150 0.0298
143 0.0362 0.0325 0.0234 0.8911 0.0168
144 0.0743 0.2573 0.2379 0.3984 0.0320
145 0.1166 0.2374 0.4722 0.1582 0.0154
146 0.0521 0.3022 0.2976 0.3372 0.0110
147 0.1243 0.2200 0.3005 0.3250 0.0300
148 0.1181 0.2443 0.2769 0.3445 0.0162
149 0.0424 0.2786 0.2537 0.3308 0.0948
150 0.0504 0.2386 0.1887 0.3582 0.1639
151 0.0584 0.3208 0.3062 0.2578 0.0566
152 0.0637 0.2900 0.4153 0.2089 0.0222
153 0.0735 0.3191 0.3792 0.2228 0.0055
154 0.0651 0.1433 0.3230 0.4482 0.0205
155 0.0717 0.2749 0.3020 0.3369 0.0142
156 0.0978 0.2498 0.4385 0.1827 0.0312
157 0.2351 0.1720 0.1146 0.3816 0.0965
158 0.0469 0.1423 0.3308 0.4666 0.0132
159 0.1119 0.2444 0.2296 0.3669 0.0474
160 0.1085 0.1036 0.0757 0.6646 0.0474
161 0.0280 0.0750 0.1335 0.7222 0.0414
162 0.0210 0.0458 0.0656 0.7871 0.0804
163 0.1241 0.0801 0.0894 0.6401 0.0664
164 0.0993 0.1295 0.2037 0.5044 0.0631
165 0.0793 0.1505 0.1328 0.5591 0.0781
166 0.0439 0.0900 0.2094 0.6348 0.0221
167 0.1385 0.1865 0.3223 0.3325 0.0203
168 0.0630 0.1797 0.3630 0.3745 0.0199
169 0.1060 0.3936 0.0838 0.3875 0.0292
170 0.0565 0.3799 0.3625 0.1794 0.0218
171 0.0710 0.0941 0.5581 0.2598 0.0170
172 0.0337 0.2268 0.3301 0.3625 0.0468
173 0.0595 0.1111 0.6396 0.1804 0.0096
174 0.0474 0.2603 0.4641 0.2192 0.0091
175 0.0439 0.1761 0.5425 0.2262 0.0114
176 0.0676 0.1782 0.4209 0.3279 0.0055
177 0.0831 0.2600 0.4089 0.2294 0.0188
178 0.0515 0.0682 0.1914 0.6787 0.0101
179 0.1118 0.0481 0.3445 0.4858 0.0097
180 0.1174 0.2446 0.1906 0.4360 0.0114
181 0.0541 0.3115 0.2793 0.3420 0.0131
182 0.0721 0.1870 0.3494 0.3494 0.0424
183 0.1157 0.1271 0.2776 0.4434 0.0364
184 0.0130 0.3975 0.3508 0.2264 0.0123
185 0.0348 0.2269 0.2571 0.4585 0.0226
186 0.0435 0.0614 0.1221 0.7603 0.0129
187 0.0664 0.1619 0.3823 0.3823 0.0071
188 0.0410 0.0999 0.3433 0.5073 0.0085
189 0.0776 0.3762 0.2976 0.2078 0.0409
190 0.0977 0.3862 0.3684 0.1215 0.0263
191 0.0508 0.3213 0.3315 0.2502 0.0463
192 0.0453 0.3193 0.3096 0.3145 0.0112
193 0.0251 0.3608 0.3608 0.2330 0.0199
194 0.0102 0.3044 0.1580 0.5098 0.0173
195 0.0227 0.2347 0.2039 0.5288 0.0098
196 0.0205 0.1182 0.1110 0.6099 0.1404
197 0.0117 0.1693 0.0706 0.7241 0.0246
198 0.0039 0.0792 0.0616 0.8379 0.0174
199 0.1115 0.4111 0.3203 0.1294 0.0278
200 0.0073 0.0776 0.0981 0.7485 0.0685
201 0.0286 0.0937 0.0997 0.7256 0.0526
202 0.0118 0.0617 0.1479 0.7632 0.0154
203 0.1099 0.3748 0.2069 0.2656 0.0427
204 0.0558 0.4631 0.3184 0.1390 0.0238
205 0.0423 0.4275 0.3030 0.1926 0.0345
206 0.1941 0.0991 0.0909 0.4805 0.1355
207 0.0337 0.0498 0.1158 0.7793 0.0213
208 0.0306 0.0481 0.1155 0.7529 0.0529
209 0.0789 0.1130 0.1807 0.5742 0.0534
210 0.0374 0.2379 0.2534 0.4517 0.0198
211 0.0343 0.1660 0.2341 0.1971 0.3684
212 0.0230 0.0483 0.0660 0.8174 0.0454
213 0.0551 0.1570 0.2629 0.4543 0.0707
214 0.0485 0.1516 0.1744 0.5811 0.0445
215 0.0434 0.2273 0.3521 0.2537 0.1236
216 0.0269 0.0902 0.1398 0.6772 0.0660
217 0.0297 0.1669 0.1832 0.4980 0.1221
218 0.0328 0.2703 0.1978 0.3752 0.1238
219 0.0283 0.1448 0.2041 0.4124 0.2106
220 0.1082 0.0552 0.1649 0.1049 0.5669
221 0.1019 0.0886 0.1249 0.1904 0.4941
222 0.1077 0.0852 0.1077 0.2666 0.4329
223 0.1069 0.0336 0.0807 0.1735 0.6055
224 0.0901 0.0406 0.0901 0.0702 0.7090
225 0.0073 0.0789 0.2281 0.6602 0.0256
226 0.0039 0.0850 0.1976 0.7007 0.0128
227 0.1216 0.0992 0.2380 0.2495 0.2917
228 0.1054 0.2822 0.2529 0.1105 0.2490
229 0.1277 0.3416 0.2137 0.1033 0.2137
230 0.1249 0.2727 0.2028 0.1137 0.2859
231 0.0966 0.2930 0.3589 0.1832 0.0685
232 0.3269 0.0643 0.1643 0.3479 0.0966
233 0.3269 0.0643 0.1643 0.3479 0.0966
