time exciting_prob fearful_prob tense_prob sad_prob relaxing_prob
0 0.2037 0.2830 0.2496 0.2310 0.0327
1 0.4556 0.0566 0.2054 0.2220 0.0602
2 0.2346 0.1010 0.3691 0.2498 0.0455
3 0.3269 0.1096 0.3269 0.1779 0.0586
4 0.3704 0.0814 0.3169 0.1833 0.0479
5 0.3411 0.0750 0.3206 0.1885 0.0750
6 0.1665 0.0920 0.5293 0.1614 0.0508
7 0.7061 0.0756 0.2070 0.0037 0.0077
8 0.6494 0.0422 0.2905 0.0107 0.0073
9 0.5659 0.0565 0.3682 0.0053 0.0042
10 0.4255 0.0169 0.4822 0.0627 0.0128
11 0.1854 0.0704 0.3518 0.3745 0.0181
12 0.1704 0.0688 0.5332 0.2188 0.0089
13 0.5337 0.1127 0.3289 0.0122 0.0126
14 0.2007 0.0371 0.2070 0.5454 0.0099
15 0.2769 0.0396 0.5254 0.1328 0.0252
16 0.3198 0.0522 0.5977 0.0191 0.0114
17 0.0848 0.0556 0.6675 0.1853 0.0068
18 0.3835 0.3718 0.0662 0.1091 0.0693
19 0.3010 0.2457 0.3660 0.0548 0.0325
20 0.4531 0.1578 0.2107 0.1471 0.0313
21 0.5688 0.0943 0.3140 0.0063 0.0166
22 0.5972 0.2432 0.1292 0.0197 0.0111
23 0.2115 0.0507 0.2717 0.3953 0.0709
24 0.3450 0.0493 0.2996 0.2815 0.0246
25 0.5645 0.1736 0.2410 0.0091 0.0116
26 0.5254 0.3162 0.0580 0.0287 0.0717
27 0.0816 0.4377 0.2343 0.2417 0.0048
28 0.3550 0.1368 0.0437 0.4348 0.0298
29 0.2458 0.0667 0.2203 0.4451 0.0220
30 0.1906 0.0521 0.1876 0.5513 0.0181
31 0.4221 0.0323 0.5171 0.0154 0.0130
32 0.6206 0.0361 0.3145 0.0161 0.0130
33 0.5176 0.0262 0.3787 0.0643 0.0133
34 0.2666 0.0425 0.1260 0.5059 0.0590
35 0.7573 0.0242 0.1676 0.0296 0.0215
36 0.4739 0.0202 0.3010 0.1798 0.0251
37 0.3894 0.0447 0.4143 0.1089 0.0427
38 0.1794 0.0373 0.1177 0.6465 0.0192
39 0.4109 0.1014 0.3799 0.0687 0.0391
40 0.1362 0.1967 0.0752 0.5869 0.0050
41 0.3638 0.0700 0.2642 0.2156 0.0864
42 0.6704 0.0336 0.2211 0.0493 0.0258
43 0.4614 0.0252 0.4800 0.0232 0.0102
44 0.4470 0.2266 0.1937 0.0591 0.0735
45 0.1575 0.0732 0.5244 0.2290 0.0160
46 0.1914 0.6377 0.0298 0.1189 0.0222
47 0.1653 0.2058 0.2600 0.3501 0.0188
48 0.4778 0.1915 0.2966 0.0170 0.0171
49 0.5547 0.0402 0.3391 0.0489 0.0170
50 0.5713 0.0607 0.2827 0.0602 0.0253
51 0.2052 0.4019 0.1421 0.1598 0.0911
52 0.5947 0.1100 0.2810 0.0077 0.0063
53 0.4736 0.1295 0.3010 0.0699 0.0259
54 0.0989 0.1053 0.6978 0.0789 0.0192
55 0.8003 0.0733 0.0155 0.0964 0.0144
56 0.2698 0.0992 0.4736 0.1169 0.0404
57 0.1938 0.1079 0.5352 0.1223 0.0406
58 0.4243 0.0503 0.3279 0.1501 0.0476
59 0.6528 0.0231 0.2786 0.0341 0.0113
60 0.5054 0.0928 0.2313 0.1210 0.0497
61 0.4556 0.1305 0.2852 0.0856 0.0431
62 0.7524 0.0320 0.1746 0.0325 0.0085
63 0.5254 0.0728 0.0673 0.2856 0.0492
64 0.6201 0.1012 0.1531 0.0723 0.0533
65 0.4351 0.1842 0.2040 0.0750 0.1017
66 0.2949 0.1875 0.2369 0.0563 0.2244
67 0.3018 0.0892 0.3367 0.1146 0.1578
68 0.2502 0.1844 0.3447 0.2074 0.0134
69 0.2708 0.2644 0.2012 0.2445 0.0193
70 0.3472 0.2834 0.2500 0.0934 0.0260
71 0.5601 0.0237 0.2371 0.1555 0.0238
72 0.1553 0.2009 0.1145 0.5254 0.0039
73 0.3237 0.0442 0.5728 0.0537 0.0057
74 0.5405 0.0144 0.2896 0.1305 0.0249
75 0.3525 0.0448 0.1978 0.3752 0.0294
76 0.6050 0.0299 0.2925 0.0550 0.0177
77 0.2360 0.1635 0.2323 0.3149 0.0535
78 0.3584 0.1371 0.3875 0.0227 0.0942
79 0.4424 0.0934 0.4187 0.0276 0.0178
80 0.4272 0.1647 0.3201 0.0143 0.0737
81 0.1936 0.0563 0.5264 0.2061 0.0176
82 0.2343 0.3953 0.2961 0.0423 0.0320
83 0.4683 0.2373 0.2585 0.0331 0.0029
84 0.2744 0.2008 0.4285 0.0688 0.0274
85 0.3032 0.0145 0.1478 0.5161 0.0185
86 0.6567 0.0518 0.1912 0.0660 0.0343
87 0.3201 0.1399 0.1196 0.3743 0.0461
88 0.2549 0.2910 0.3430 0.0952 0.0159
89 0.3237 0.0740 0.4290 0.1494 0.0240
90 0.4673 0.0695 0.3447 0.0825 0.0360
91 0.3552 0.2025 0.3638 0.0459 0.0325
92 0.1081 0.2289 0.4343 0.2133 0.0154
93 0.2820 0.0959 0.2866 0.3147 0.0208
94 0.4185 0.0165 0.1492 0.4055 0.0103
95 0.6030 0.1549 0.0687 0.1116 0.0616
96 0.2520 0.2155 0.0927 0.3933 0.0466
97 0.1591 0.2859 0.3728 0.1530 0.0292
98 0.1309 0.1483 0.4568 0.1996 0.0643
99 0.2302 0.0498 0.4797 0.2129 0.0275
100 0.1390 0.0856 0.6230 0.1434 0.0088
101 0.5869 0.1155 0.1192 0.0872 0.0914
102 0.3359 0.1503 0.3547 0.0829 0.0761
103 0.1696 0.0183 0.2045 0.5918 0.0159
104 0.5688 0.0128 0.1907 0.2013 0.0262
105 0.4219 0.0905 0.4597 0.0185 0.0095
106 0.2255 0.1099 0.5801 0.0566 0.0278
107 0.4092 0.1654 0.3262 0.0787 0.0204
108 0.6924 0.0416 0.1848 0.0577 0.0237
109 0.4426 0.1530 0.3906 0.0048 0.0088
110 0.7891 0.0734 0.0878 0.0262 0.0235
111 0.3528 0.0154 0.1830 0.4255 0.0233
112 0.5771 0.1085 0.2406 0.0563 0.0173
113 0.5610 0.1821 0.2214 0.0191 0.0162
114 0.3513 0.1431 0.3328 0.1293 0.0436
115 0.6333 0.0613 0.2620 0.0134 0.0299
116 0.4197 0.1183 0.1951 0.2410 0.0260
117 0.5938 0.0676 0.2634 0.0239 0.0515
118 0.3289 0.0366 0.3557 0.2603 0.0187
119 0.4104 0.1938 0.2776 0.1022 0.0159
120 0.3503 0.2749 0.2407 0.0958 0.0384
121 0.0485 0.4937 0.1382 0.3162 0.0037
122 0.7368 0.0789 0.1498 0.0147 0.0196
123 0.5112 0.0731 0.3953 0.0117 0.0085
124 0.6313 0.0487 0.2083 0.0543 0.0574
125 0.5693 0.0403 0.2690 0.0997 0.0214
126 0.1996 0.0347 0.3289 0.4290 0.0078
127 0.0858 0.0608 0.5596 0.2903 0.0038
128 0.1519 0.0361 0.6494 0.1592 0.0032
129 0.8140 0.0838 0.0194 0.0405 0.0421
130 0.1333 0.0888 0.6987 0.0714 0.0079
131 0.0548 0.0253 0.6997 0.2135 0.0066
132 0.5903 0.1692 0.0787 0.1042 0.0576
133 0.9092 0.0521 0.0112 0.0175 0.0099
134 0.3855 0.0137 0.3794 0.2063 0.0151
135 0.6406 0.0502 0.2629 0.0388 0.0073
136 0.4912 0.0483 0.4009 0.0468 0.0127
137 0.3752 0.0418 0.2703 0.2969 0.0160
138 0.4431 0.0497 0.0770 0.4099 0.0201
139 0.7314 0.0443 0.0221 0.1440 0.0582
140 0.1688 0.0785 0.5200 0.2218 0.0110
141 0.1713 0.1039 0.2065 0.5034 0.0150
142 0.5581 0.0437 0.3633 0.0205 0.0143
143 0.5464 0.0717 0.3237 0.0445 0.0139
144 0.6118 0.0337 0.3027 0.0256 0.0262
145 0.7349 0.0793 0.1541 0.0182 0.0137
146 0.5820 0.0701 0.2644 0.0529 0.0304
147 0.2136 0.0978 0.3577 0.3206 0.0103
148 0.6724 0.0348 0.1700 0.0961 0.0267
149 0.5879 0.0945 0.1969 0.0821 0.0385
150 0.5586 0.1564 0.2421 0.0289 0.0141
151 0.2164 0.1063 0.6670 0.0068 0.0037
152 0.5044 0.1237 0.2808 0.0532 0.0377
153 0.3188 0.0674 0.3530 0.2058 0.0550
154 0.6382 0.1665 0.1718 0.0082 0.0153
155 0.5610 0.0771 0.2322 0.0841 0.0453
156 0.7686 0.0709 0.0779 0.0544 0.0282
157 0.3989 0.2966 0.2556 0.0386 0.0102
158 0.1371 0.0950 0.1603 0.6050 0.0030
159 0.4805 0.2869 0.0709 0.1512 0.0104
160 0.4751 0.0209 0.3477 0.1259 0.0304
161 0.3936 0.0533 0.1339 0.3755 0.0438
162 0.2935 0.3027 0.2549 0.0902 0.0587
163 0.5493 0.1624 0.2495 0.0194 0.0194
164 0.3992 0.0617 0.4116 0.0883 0.0392
165 0.3997 0.0205 0.1565 0.3752 0.0481
166 0.5151 0.0230 0.3328 0.1023 0.0267
167 0.6392 0.0546 0.1011 0.1832 0.0217
168 0.5981 0.0113 0.1768 0.2067 0.0074
169 0.2100 0.0095 0.2654 0.5039 0.0112
170 0.3330 0.0992 0.3716 0.1561 0.0401
171 0.4189 0.0995 0.2542 0.1788 0.0485
172 0.3806 0.0507 0.2896 0.2457 0.0333
173 0.4775 0.0557 0.3181 0.1265 0.0223
174 0.1919 0.1219 0.2351 0.4324 0.0188
175 0.0951 0.0425 0.6865 0.1544 0.0216
176 0.2561 0.1505 0.4060 0.1693 0.0181
177 0.1387 0.0665 0.2434 0.5234 0.0280
178 0.4453 0.2170 0.2517 0.0683 0.0175
179 0.4414 0.0491 0.1455 0.2185 0.1455
180 0.6489 0.0390 0.1093 0.1229 0.0800
181 0.2445 0.1085 0.4429 0.1372 0.0668
182 0.2722 0.3389 0.3083 0.0584 0.0222
183 0.2322 0.0426 0.6719 0.0348 0.0185
184 0.5522 0.1053 0.2412 0.0409 0.0605
185 0.3369 0.0323 0.5469 0.0751 0.0090
186 0.3167 0.0181 0.3701 0.2839 0.0111
187 0.5366 0.0424 0.1316 0.1975 0.0919
188 0.4417 0.0473 0.4248 0.0779 0.0082
189 0.5430 0.0464 0.2449 0.1473 0.0183
190 0.4165 0.0133 0.1683 0.3455 0.0564
191 0.4270 0.0406 0.2198 0.2490 0.0635
192 0.2002 0.1487 0.6211 0.0198 0.0100
193 0.5654 0.1606 0.2000 0.0560 0.0180
194 0.4680 0.1036 0.1981 0.1520 0.0782
195 0.4360 0.0412 0.2502 0.1996 0.0729
196 0.4678 0.0384 0.4604 0.0297 0.0039
197 0.1461 0.0387 0.2228 0.5869 0.0054
198 0.5664 0.0939 0.2893 0.0348 0.0156
199 0.2854 0.0844 0.5010 0.1247 0.0048
200 0.5562 0.0364 0.3120 0.0873 0.0081
201 0.1124 0.0561 0.7676 0.0569 0.0069
202 0.2695 0.1466 0.3572 0.1741 0.0527
203 0.0500 0.0722 0.6289 0.2462 0.0027
204 0.2808 0.1091 0.2700 0.3157 0.0242
205 0.2318 0.1157 0.4683 0.1670 0.0172
206 0.3767 0.2549 0.2866 0.0494 0.0324
207 0.3738 0.0923 0.4370 0.0635 0.0332
208 0.6631 0.1066 0.0715 0.1348 0.0240
209 0.3313 0.1042 0.2277 0.3313 0.0057
210 0.7871 0.0593 0.1379 0.0090 0.0065
211 0.6885 0.0461 0.2344 0.0203 0.0105
212 0.5571 0.0530 0.3652 0.0167 0.0081
213 0.6240 0.2157 0.1371 0.0061 0.0168
214 0.2561 0.0240 0.2771 0.4358 0.0071
215 0.4207 0.1355 0.3054 0.0754 0.0630
216 0.1989 0.0636 0.3955 0.3279 0.0141
217 0.5581 0.0823 0.2615 0.0755 0.0225
218 0.3430 0.0731 0.5312 0.0471 0.0053
219 0.5615 0.1047 0.3030 0.0098 0.0208
220 0.3396 0.0415 0.2952 0.3142 0.0094
221 0.2421 0.0978 0.0850 0.5044 0.0704
222 0.2421 0.0978 0.0850 0.5044 0.0704
