time exciting_prob fearful_prob tense_prob sad_prob relaxing_prob
0 0.2964 0.0404 0.0810 0.4380 0.1444
1 0.1627 0.0885 0.0972 0.4673 0.1844
2 0.5640 0.0153 0.1043 0.2369 0.0793
3 0.6343 0.0422 0.0233 0.2124 0.0879
4 0.5474 0.0193 0.0283 0.1077 0.2974
5 0.5093 0.0076 0.0123 0.0800 0.3906
6 0.6572 0.0122 0.0327 0.0444 0.2534
7 0.2061 0.0201 0.2524 0.4226 0.0988
8 0.0751 0.0299 0.1298 0.5547 0.2106
9 0.2480 0.1135 0.2040 0.1746 0.2600
10 0.0842 0.0191 0.1031 0.6313 0.1622
11 0.0382 0.0130 0.0660 0.5029 0.3796
12 0.1669 0.0922 0.0846 0.2335 0.4229
13 0.0765 0.0304 0.1343 0.6821 0.0765
14 0.5806 0.0075 0.0129 0.1885 0.2103
15 0.4797 0.0025 0.0057 0.3025 0.2096
16 0.5195 0.0017 0.0061 0.2034 0.2695
17 0.5254 0.0029 0.0075 0.2367 0.2277
18 0.2362 0.0008 0.0083 0.5361 0.2184
19 0.1482 0.0053 0.0019 0.4321 0.4124
20 0.1355 0.0578 0.0401 0.1687 0.5981
21 0.1719 0.1339 0.0934 0.1948 0.4060
22 0.0859 0.0915 0.0846 0.0826 0.6553
23 0.0839 0.0529 0.0445 0.0886 0.7300
24 0.1833 0.0729 0.0449 0.0690 0.6299
25 0.3062 0.0122 0.0532 0.3496 0.2788
26 0.4019 0.0028 0.0162 0.2380 0.3411
27 0.1711 0.0039 0.0243 0.4438 0.3567
28 0.2089 0.0056 0.0210 0.4121 0.3525
29 0.2491 0.0070 0.0123 0.2081 0.5234
30 0.1179 0.0022 0.0168 0.2006 0.6626
31 0.1168 0.0032 0.0028 0.0340 0.8433
32 0.0252 0.0108 0.0088 0.0801 0.8750
33 0.0903 0.0338 0.0213 0.0437 0.8110
34 0.0272 0.0231 0.0082 0.0328 0.9087
35 0.1960 0.1306 0.3035 0.3440 0.0259
36 0.3994 0.2104 0.2422 0.1218 0.0261
37 0.4771 0.2325 0.2289 0.0205 0.0410
38 0.3352 0.2415 0.2358 0.1115 0.0760
39 0.4370 0.2250 0.2303 0.0443 0.0635
40 0.2367 0.1718 0.2810 0.2703 0.0402
41 0.0847 0.0867 0.0367 0.2179 0.5742
42 0.0755 0.1016 0.0383 0.0849 0.6997
43 0.0779 0.1001 0.0363 0.1433 0.6426
44 0.0364 0.2061 0.0577 0.0550 0.6450
45 0.0464 0.1428 0.0379 0.1619 0.6108
46 0.0318 0.3931 0.1266 0.1827 0.2659
47 0.1536 0.0583 0.3684 0.3921 0.0275
48 0.2032 0.0479 0.4106 0.3098 0.0284
49 0.3215 0.0752 0.4536 0.1299 0.0198
50 0.3372 0.1461 0.3943 0.0753 0.0471
51 0.3994 0.0971 0.3110 0.0637 0.1287
52 0.4568 0.0604 0.3315 0.0613 0.0900
53 0.0792 0.2764 0.3606 0.0242 0.2598
54 0.1716 0.1945 0.2039 0.1266 0.3035
55 0.1366 0.3516 0.2695 0.0841 0.1584
56 0.3472 0.2386 0.1947 0.0435 0.1759
57 0.3379 0.2164 0.2551 0.0334 0.1571
58 0.0836 0.2534 0.5039 0.1399 0.0192
59 0.6230 0.0584 0.1915 0.0492 0.0780
60 0.8359 0.0592 0.0539 0.0132 0.0376
61 0.1198 0.1389 0.0257 0.6733 0.0421
62 0.1103 0.1694 0.1472 0.5688 0.0043
63 0.5605 0.0172 0.1193 0.2605 0.0425
64 0.1116 0.0345 0.0257 0.7866 0.0417
65 0.1042 0.0589 0.0824 0.7119 0.0428
66 0.3003 0.2179 0.2079 0.2015 0.0724
67 0.6709 0.0101 0.2212 0.0915 0.0063
68 0.1727 0.0650 0.5278 0.1168 0.1177
69 0.1410 0.0607 0.1389 0.5938 0.0656
70 0.2286 0.0188 0.0203 0.6411 0.0909
71 0.6021 0.0282 0.0052 0.2268 0.1376
72 0.4031 0.0204 0.1136 0.4495 0.0135
73 0.3347 0.1384 0.2030 0.0486 0.2754
74 0.1509 0.1290 0.0201 0.6978 0.0021
75 0.2781 0.0687 0.0924 0.5444 0.0162
76 0.0615 0.0211 0.0151 0.8901 0.0120
77 0.1241 0.2096 0.0901 0.5435 0.0327
78 0.2131 0.0351 0.1293 0.5747 0.0476
79 0.5527 0.0365 0.3149 0.0611 0.0345
80 0.2556 0.1143 0.2458 0.3386 0.0455
81 0.4792 0.0138 0.2817 0.2062 0.0190
82 0.5708 0.0343 0.3008 0.0737 0.0203
83 0.2705 0.2123 0.3611 0.1505 0.0056
84 0.0520 0.0648 0.2260 0.6538 0.0034
85 0.2440 0.2537 0.1638 0.3232 0.0152
86 0.2126 0.1372 0.0290 0.6201 0.0012
87 0.3501 0.0481 0.2812 0.2993 0.0212
88 0.0111 0.4475 0.4546 0.0867 0.0001
89 0.7505 0.0785 0.0954 0.0303 0.0454
90 0.1831 0.0942 0.0246 0.6963 0.0019
91 0.2969 0.2462 0.3391 0.0684 0.0493
92 0.3848 0.1278 0.1831 0.2793 0.0250
93 0.0181 0.0806 0.0517 0.8467 0.0028
94 0.2030 0.2014 0.1373 0.4575 0.0008
95 0.3196 0.0619 0.1710 0.3735 0.0741
96 0.0559 0.0244 0.0776 0.8350 0.0070
97 0.2812 0.0668 0.1459 0.2971 0.2090
98 0.1312 0.4473 0.2888 0.0433 0.0895
99 0.1390 0.0566 0.3059 0.4666 0.0317
100 0.2140 0.0864 0.3042 0.3555 0.0399
101 0.1216 0.3130 0.4019 0.1501 0.0131
102 0.0992 0.4519 0.3333 0.1040 0.0117
103 0.4319 0.2139 0.2769 0.0090 0.0684
104 0.2893 0.0903 0.4587 0.0785 0.0829
105 0.0430 0.0158 0.9043 0.0362 0.0006
106 0.1203 0.0326 0.7720 0.0707 0.0042
107 0.3459 0.0815 0.1794 0.3005 0.0924
108 0.2964 0.0320 0.2917 0.3359 0.0440
109 0.5845 0.0527 0.0889 0.2695 0.0046
110 0.4834 0.0446 0.0974 0.3706 0.0040
111 0.4670 0.1257 0.2258 0.1092 0.0722
112 0.2903 0.2463 0.0995 0.3264 0.0375
113 0.2451 0.1251 0.4336 0.1738 0.0224
114 0.3997 0.0906 0.3367 0.0838 0.0892
115 0.2922 0.1652 0.2598 0.0941 0.1886
116 0.2451 0.0400 0.1969 0.5107 0.0072
117 0.6113 0.0219 0.2489 0.0867 0.0312
118 0.1721 0.0262 0.0776 0.7080 0.0160
119 0.3735 0.0735 0.2979 0.2231 0.0319
120 0.1587 0.1663 0.5044 0.1422 0.0287
121 0.0780 0.3037 0.3550 0.2366 0.0267
122 0.2939 0.0382 0.5664 0.0954 0.0060
123 0.3147 0.2129 0.3567 0.0959 0.0198
124 0.4253 0.2041 0.1144 0.0554 0.2009
125 0.2491 0.2396 0.3486 0.1398 0.0228
126 0.2455 0.0611 0.4143 0.1927 0.0862
127 0.2214 0.0564 0.0881 0.6021 0.0322
128 0.4158 0.1268 0.1163 0.0728 0.2683
129 0.0344 0.1042 0.1978 0.6587 0.0051
130 0.1125 0.1884 0.2827 0.3987 0.0178
131 0.3037 0.2384 0.2007 0.0451 0.2120
132 0.2488 0.1619 0.4133 0.1656 0.0103
133 0.0739 0.1074 0.2744 0.5371 0.0074
134 0.4480 0.2379 0.2847 0.0280 0.0013
135 0.4119 0.1401 0.3013 0.0837 0.0632
136 0.0703 0.2847 0.4844 0.1548 0.0057
137 0.4810 0.1661 0.1927 0.0804 0.0797
138 0.0406 0.1763 0.6650 0.1156 0.0023
139 0.2383 0.0544 0.2896 0.3633 0.0544
140 0.3066 0.3530 0.0832 0.0378 0.2192
141 0.0569 0.3271 0.4368 0.1533 0.0260
142 0.1204 0.2303 0.4990 0.1396 0.0104
143 0.2247 0.3591 0.3374 0.0222 0.0564
144 0.4143 0.1525 0.4048 0.0163 0.0123
145 0.1477 0.0574 0.6216 0.1597 0.0137
146 0.4309 0.1958 0.2020 0.1305 0.0407
147 0.3796 0.2489 0.1282 0.1620 0.0814
148 0.2417 0.0499 0.2915 0.2271 0.1897
149 0.2035 0.0676 0.2676 0.4343 0.0271
150 0.3022 0.0517 0.1331 0.4907 0.0222
151 0.4958 0.2019 0.1741 0.0726 0.0556
152 0.5088 0.3110 0.0912 0.0190 0.0699
153 0.3850 0.1121 0.4099 0.0654 0.0277
154 0.1761 0.0563 0.3394 0.3728 0.0554
155 0.7734 0.0154 0.0373 0.1442 0.0295
156 0.3225 0.5488 0.0760 0.0468 0.0057
157 0.3059 0.1207 0.3438 0.0918 0.1378
158 0.1715 0.0447 0.1107 0.6675 0.0056
159 0.3894 0.1715 0.1124 0.0484 0.2783
160 0.2485 0.1776 0.1290 0.1230 0.3218
161 0.5415 0.0462 0.2120 0.1946 0.0057
162 0.2800 0.1195 0.2163 0.1793 0.2048
163 0.3022 0.1394 0.2930 0.1643 0.1012
164 0.1882 0.1572 0.4622 0.1810 0.0112
165 0.4531 0.1350 0.2622 0.1102 0.0396
166 0.3098 0.2910 0.2451 0.1376 0.0163
167 0.2245 0.3848 0.2028 0.1667 0.0212
168 0.7007 0.0298 0.1423 0.1144 0.0126
169 0.3701 0.0428 0.2142 0.2998 0.0729
170 0.2472 0.3101 0.2433 0.1293 0.0703
171 0.2773 0.2668 0.1952 0.0214 0.2391
172 0.0344 0.0907 0.7026 0.1694 0.0029
173 0.5229 0.0874 0.0960 0.2163 0.0771
174 0.3469 0.1338 0.3469 0.1614 0.0109
175 0.6919 0.1202 0.0880 0.0859 0.0138
176 0.2200 0.1377 0.3103 0.3103 0.0220
177 0.3396 0.1935 0.2905 0.0505 0.1260
178 0.6538 0.0164 0.2542 0.0608 0.0149
179 0.1316 0.3059 0.1255 0.4314 0.0057
180 0.3118 0.5059 0.0826 0.0981 0.0017
181 0.5796 0.1366 0.2288 0.0356 0.0194
182 0.6719 0.0111 0.1420 0.1621 0.0127
183 0.4158 0.0623 0.4861 0.0250 0.0110
184 0.1786 0.1915 0.1857 0.4385 0.0057
185 0.4006 0.0789 0.3508 0.1521 0.0175
186 0.4250 0.0786 0.2639 0.1316 0.1010
187 0.4109 0.1215 0.1115 0.3250 0.0312
188 0.4788 0.2465 0.1949 0.0147 0.0653
189 0.4280 0.0451 0.1467 0.3718 0.0084
190 0.5205 0.1652 0.1638 0.1481 0.0023
191 0.2178 0.0634 0.1202 0.5649 0.0339
192 0.3860 0.2235 0.1523 0.2288 0.0093
193 0.6362 0.1941 0.1263 0.0118 0.0314
194 0.4729 0.1499 0.2472 0.0924 0.0376
195 0.2871 0.0565 0.2676 0.3804 0.0086
196 0.0804 0.3718 0.1433 0.3896 0.0149
197 0.3767 0.0468 0.2651 0.2822 0.0293
198 0.0479 0.0708 0.1986 0.6514 0.0314
199 0.4038 0.2095 0.0860 0.2798 0.0211
200 0.7539 0.0839 0.0292 0.1300 0.0031
201 0.6519 0.1072 0.0298 0.2003 0.0110
202 0.3872 0.1287 0.2900 0.1118 0.0825
203 0.4177 0.0269 0.4343 0.1000 0.0211
204 0.1232 0.6982 0.1418 0.0359 0.0007
205 0.7954 0.0594 0.1173 0.0210 0.0066
206 0.5039 0.0626 0.2827 0.1133 0.0377
207 0.3296 0.2449 0.1121 0.3120 0.0013
208 0.1109 0.1652 0.2810 0.4351 0.0078
209 0.2015 0.3623 0.3220 0.0681 0.0461
210 0.7266 0.1252 0.0464 0.1006 0.0013
211 0.5273 0.3325 0.0334 0.0960 0.0109
212 0.6821 0.0218 0.1071 0.1595 0.0295
213 0.0818 0.0858 0.5171 0.3086 0.0068
214 0.0724 0.5737 0.2507 0.0937 0.0095
215 0.0765 0.4402 0.1522 0.2888 0.0423
216 0.5073 0.0506 0.2935 0.1323 0.0166
217 0.0334 0.0880 0.1240 0.7480 0.0068
218 0.2756 0.3738 0.2649 0.0426 0.0432
219 0.2800 0.0983 0.4800 0.1343 0.0076
220 0.4463 0.2059 0.2227 0.0344 0.0907
221 0.0529 0.5771 0.1654 0.2026 0.0021
222 0.4641 0.2245 0.1383 0.1667 0.0063
223 0.4849 0.0677 0.2345 0.1550 0.0579
224 0.6309 0.0960 0.0502 0.2180 0.0050
225 0.4207 0.1866 0.3005 0.0574 0.0348
226 0.5391 0.1736 0.1086 0.1395 0.0393
227 0.1792 0.1879 0.4436 0.1671 0.0223
228 0.5000 0.0570 0.2739 0.1501 0.0188
229 0.0251 0.0622 0.0798 0.8320 0.0007
230 0.3250 0.0518 0.3052 0.2472 0.0708
231 0.2947 0.0520 0.4124 0.2332 0.0079
232 0.2729 0.1394 0.0471 0.5259 0.0147
233 0.3225 0.4204 0.0450 0.2050 0.0071
234 0.2886 0.0125 0.1251 0.5610 0.0129
235 0.3979 0.0364 0.4404 0.0967 0.0284
236 0.4624 0.2399 0.2474 0.0433 0.0071
237 0.1562 0.0414 0.4314 0.3633 0.0077
238 0.0183 0.0991 0.7920 0.0903 0.0003
239 0.2200 0.1432 0.3953 0.2379 0.0038
240 0.6475 0.0636 0.1216 0.0583 0.1090
241 0.4324 0.1720 0.1494 0.2369 0.0093
242 0.6733 0.0434 0.0955 0.1082 0.0798
243 0.0562 0.1018 0.0699 0.7700 0.0020
244 0.0289 0.0683 0.0524 0.8452 0.0050
245 0.2075 0.0497 0.5381 0.1448 0.0599
246 0.6040 0.0087 0.1931 0.1871 0.0071
247 0.1007 0.3354 0.4375 0.1254 0.0011
248 0.0904 0.0672 0.4382 0.3989 0.0053
249 0.0089 0.0296 0.0375 0.9224 0.0014
250 0.4753 0.0643 0.1906 0.1120 0.1580
251 0.3196 0.2588 0.2864 0.1353 0.0002
252 0.4050 0.0823 0.1378 0.3687 0.0064
253 0.4380 0.2185 0.2419 0.1008 0.0007
254 0.5244 0.0360 0.1445 0.2517 0.0431
255 0.2612 0.1796 0.1302 0.4238 0.0051
256 0.2194 0.0600 0.0915 0.6152 0.0138
257 0.4846 0.1255 0.1898 0.0147 0.1854
258 0.1260 0.0951 0.2014 0.5562 0.0216
259 0.0958 0.0833 0.2729 0.5347 0.0135
260 0.2336 0.0509 0.1952 0.5103 0.0099
261 0.2456 0.3774 0.2418 0.0969 0.0383
262 0.2361 0.2397 0.2803 0.1648 0.0790
263 0.8311 0.0284 0.0437 0.0325 0.0646
264 0.2915 0.1941 0.2983 0.0815 0.1345
265 0.3953 0.2131 0.3125 0.0476 0.0314
266 0.5464 0.1719 0.0871 0.0408 0.1541
267 0.3171 0.2180 0.2693 0.0861 0.1096
268 0.2450 0.2690 0.1311 0.1697 0.1849
269 0.5576 0.0848 0.0829 0.1754 0.0992
270 0.4543 0.1185 0.1924 0.1985 0.0362
271 0.4695 0.2512 0.1825 0.0472 0.0495
272 0.4282 0.0338 0.1296 0.3232 0.0850
273 0.1719 0.0684 0.0775 0.5859 0.0964
274 0.1967 0.0643 0.1532 0.5103 0.0758
275 0.1481 0.0485 0.4634 0.3184 0.0218
276 0.2659 0.3550 0.1434 0.1785 0.0571
277 0.0799 0.4185 0.1665 0.3259 0.0092
278 0.2527 0.1644 0.5605 0.0173 0.0053
279 0.2368 0.0431 0.4355 0.2683 0.0161
280 0.3276 0.0216 0.1205 0.4548 0.0754
281 0.0122 0.0189 0.1672 0.7852 0.0163
282 0.4055 0.1287 0.3552 0.0641 0.0466
283 0.5522 0.0854 0.2820 0.0233 0.0569
284 0.1864 0.3650 0.3706 0.0681 0.0101
285 0.4587 0.1548 0.1313 0.1648 0.0903
286 0.4978 0.1339 0.1288 0.2141 0.0254
287 0.0893 0.0595 0.1520 0.6299 0.0696
288 0.5674 0.0721 0.2087 0.1338 0.0178
289 0.6128 0.0327 0.2457 0.0876 0.0211
290 0.4751 0.0758 0.3069 0.0845 0.0576
291 0.3506 0.1300 0.1581 0.1260 0.2354
292 0.6333 0.0325 0.1414 0.1360 0.0567
293 0.5117 0.0714 0.1584 0.2379 0.0208
294 0.3096 0.0729 0.3022 0.2429 0.0724
295 0.2922 0.1843 0.0941 0.1034 0.3259
296 0.5459 0.1050 0.1614 0.0253 0.1626
297 0.1312 0.0543 0.0967 0.6875 0.0304
298 0.4285 0.0500 0.2206 0.2744 0.0264
299 0.6333 0.0562 0.1469 0.0905 0.0733
300 0.5850 0.0444 0.1826 0.1125 0.0756
301 0.3354 0.1584 0.2871 0.1912 0.0278
302 0.3994 0.1931 0.2008 0.1614 0.0452
303 0.4304 0.1794 0.1132 0.2415 0.0356
