time exciting_prob fearful_prob tense_prob sad_prob relaxing_prob
0 0.2037 0.2830 0.2496 0.2310 0.0327
1 0.2037 0.2830 0.2496 0.2310 0.0327
2 0.2037 0.2830 0.2496 0.2310 0.0327
3 0.2457 0.3057 0.3411 0.0876 0.0199
4 0.1278 0.1980 0.3420 0.1372 0.1949
5 0.0710 0.1034 0.3286 0.4153 0.0818
6 0.0687 0.1313 0.1700 0.4995 0.1304
7 0.0228 0.1439 0.2646 0.5103 0.0582
8 0.0210 0.1788 0.3394 0.4224 0.0384
9 0.0417 0.2018 0.3328 0.3599 0.0640
10 0.2037 0.2830 0.2496 0.2310 0.0327
11 0.0233 0.1250 0.1819 0.2908 0.3792
12 0.0364 0.1428 0.2281 0.2046 0.3882
13 0.0367 0.1078 0.2246 0.2178 0.4131
14 0.0305 0.1107 0.0977 0.4958 0.2654
15 0.0155 0.4453 0.1126 0.1108 0.3157
16 0.0196 0.3372 0.0384 0.4004 0.2045
17 0.0170 0.2377 0.0273 0.4878 0.2303
18 0.0189 0.2932 0.0264 0.3945 0.2668
19 0.0233 0.2688 0.0669 0.1617 0.4792
20 0.0280 0.5410 0.0978 0.1074 0.2256
21 0.0201 0.4675 0.1239 0.0819 0.3066
22 0.0206 0.3271 0.0901 0.0675 0.4949
23 0.0274 0.6187 0.0699 0.1639 0.1199
24 0.0189 0.2563 0.0614 0.2372 0.4260
25 0.0183 0.2754 0.0707 0.1953 0.4402
26 0.0164 0.1581 0.0568 0.5781 0.1907
27 0.0285 0.4521 0.0912 0.2440 0.1842
28 0.0229 0.5825 0.0900 0.1299 0.1748
29 0.0286 0.4333 0.0820 0.1582 0.2979
30 0.0146 0.4885 0.0241 0.2656 0.2069
31 0.0345 0.2117 0.0404 0.2289 0.4846
32 0.0124 0.4075 0.0269 0.3174 0.2358
33 0.0123 0.5420 0.0244 0.2090 0.2123
34 0.0295 0.7432 0.0282 0.0551 0.1440
35 0.0207 0.7690 0.0662 0.0710 0.0732
36 0.0231 0.6392 0.1068 0.1361 0.0950
37 0.0368 0.5005 0.2119 0.2186 0.0320
38 0.0498 0.5234 0.2065 0.1132 0.1072
39 0.0179 0.5020 0.0396 0.2408 0.1997
40 0.0179 0.4690 0.2018 0.2358 0.0754
41 0.0195 0.1559 0.1823 0.5112 0.1312
42 0.0143 0.1792 0.2031 0.5610 0.0426
43 0.0241 0.2166 0.0359 0.6670 0.0565
44 0.0431 0.4348 0.0704 0.2365 0.2152
45 0.0220 0.1172 0.0668 0.4495 0.3445
46 0.0122 0.1206 0.0720 0.0677 0.7275
47 0.0132 0.1028 0.0634 0.0729 0.7480
48 0.0314 0.1302 0.0748 0.1224 0.6411
49 0.0707 0.1864 0.1029 0.0569 0.5830
50 0.0425 0.2646 0.1791 0.2688 0.2448
51 0.0937 0.2627 0.2588 0.2588 0.1261
52 0.0092 0.1664 0.0365 0.0876 0.7002
53 0.0177 0.4524 0.0584 0.1025 0.3691
54 0.0556 0.3767 0.2113 0.1014 0.2549
55 0.0839 0.3269 0.3479 0.0690 0.1722
56 0.0512 0.2771 0.2603 0.1554 0.2561
57 0.0674 0.1996 0.3044 0.2996 0.1289
58 0.1132 0.5361 0.1548 0.1409 0.0552
59 0.0568 0.4163 0.1270 0.2446 0.1555
60 0.0366 0.6851 0.2190 0.0318 0.0274
61 0.0124 0.4546 0.2048 0.1387 0.1895
62 0.0154 0.1595 0.3223 0.2357 0.2671
63 0.0646 0.3083 0.3132 0.2595 0.0544
64 0.0479 0.2549 0.2285 0.3484 0.1204
65 0.0766 0.4143 0.1597 0.3127 0.0368
66 0.0698 0.1245 0.0511 0.7051 0.0495
67 0.1376 0.1272 0.5112 0.1794 0.0446
68 0.0883 0.3081 0.3179 0.2595 0.0261
69 0.1968 0.1968 0.3792 0.1848 0.0425
70 0.2185 0.1729 0.3384 0.2400 0.0300
71 0.1804 0.1748 0.4607 0.1694 0.0146
72 0.0705 0.1588 0.4055 0.2703 0.0948
73 0.0552 0.2476 0.3955 0.2362 0.0656
74 0.0663 0.1890 0.4534 0.2666 0.0248
75 0.1359 0.0963 0.4741 0.2661 0.0276
76 0.0178 0.2915 0.4587 0.2003 0.0317
77 0.0304 0.2505 0.5913 0.1028 0.0252
78 0.0277 0.2505 0.5220 0.1643 0.0355
79 0.0871 0.1787 0.5093 0.1932 0.0316
80 0.1041 0.1588 0.5205 0.1827 0.0338
81 0.0620 0.1740 0.4802 0.2610 0.0228
82 0.0512 0.0884 0.4351 0.4087 0.0165
83 0.0489 0.2368 0.4783 0.2190 0.0169
84 0.0120 0.2368 0.4155 0.3286 0.0070
85 0.1033 0.1575 0.1899 0.5161 0.0330
86 0.1456 0.1478 0.2220 0.4626 0.0218
87 0.1337 0.2700 0.3108 0.2136 0.0716
88 0.2588 0.0983 0.2549 0.1595 0.2285
89 0.0819 0.1372 0.4534 0.2729 0.0546
90 0.0543 0.1080 0.4839 0.3430 0.0109
91 0.0786 0.2477 0.4148 0.2400 0.0191
92 0.0569 0.2001 0.5269 0.2001 0.0159
93 0.0602 0.2917 0.4810 0.1561 0.0110
94 0.0277 0.2510 0.4836 0.2146 0.0232
95 0.0195 0.2656 0.6274 0.0656 0.0220
96 0.0262 0.3196 0.5439 0.0784 0.0319
97 0.0495 0.4207 0.4409 0.0778 0.0111
98 0.0825 0.2042 0.5381 0.1616 0.0134
99 0.1564 0.1902 0.3994 0.2240 0.0301
100 0.0555 0.4067 0.4539 0.0814 0.0026
101 0.0489 0.5957 0.3140 0.0375 0.0038
102 0.0754 0.2435 0.4551 0.2115 0.0144
103 0.0758 0.1394 0.5020 0.2605 0.0222
104 0.1731 0.3186 0.2766 0.1759 0.0558
105 0.0383 0.0557 0.2239 0.6787 0.0031
106 0.0081 0.2252 0.2717 0.4919 0.0029
107 0.0086 0.1537 0.1769 0.6572 0.0038
108 0.1494 0.1318 0.2705 0.4255 0.0226
109 0.0540 0.1199 0.2966 0.4817 0.0477
110 0.0407 0.0933 0.5713 0.2656 0.0289
111 0.0319 0.2161 0.4434 0.2954 0.0135
112 0.0947 0.1057 0.2698 0.4963 0.0333
113 0.0762 0.0704 0.4250 0.3931 0.0354
114 0.0443 0.1724 0.1521 0.4265 0.2047
115 0.0587 0.1364 0.4541 0.2249 0.1261
116 0.0739 0.1412 0.3442 0.3235 0.1171
117 0.0611 0.1443 0.4658 0.2035 0.1254
118 0.0819 0.0695 0.4160 0.3789 0.0537
119 0.0963 0.1378 0.3633 0.3467 0.0561
120 0.0659 0.1531 0.5098 0.2605 0.0106
121 0.0441 0.3210 0.5293 0.0536 0.0520
122 0.1042 0.1843 0.5547 0.1470 0.0099
123 0.1613 0.0948 0.2966 0.1689 0.2786
124 0.1431 0.1409 0.3486 0.2472 0.1204
125 0.1009 0.0469 0.3308 0.2007 0.3206
126 0.1261 0.0670 0.3567 0.3916 0.0587
127 0.0187 0.0393 0.0900 0.1875 0.6646
128 0.0453 0.1427 0.0845 0.2372 0.4905
129 0.0839 0.1405 0.0951 0.2408 0.4397
130 0.0198 0.0311 0.0542 0.1343 0.7607
131 0.0700 0.0892 0.2058 0.3906 0.2444
132 0.0132 0.1642 0.3318 0.2666 0.2245
133 0.0051 0.1385 0.2471 0.5654 0.0436
134 0.0383 0.0705 0.1298 0.4600 0.3015
135 0.0809 0.1409 0.1323 0.3950 0.2510
136 0.0915 0.0436 0.5352 0.1968 0.1332
137 0.1167 0.0587 0.6309 0.0510 0.1429
138 0.0590 0.0311 0.1816 0.2993 0.4290
139 0.0507 0.0407 0.3179 0.1057 0.4849
140 0.1356 0.0385 0.4241 0.2961 0.1056
141 0.1531 0.1020 0.4397 0.1592 0.1461
142 0.0447 0.2783 0.1489 0.2455 0.2827
143 0.0917 0.0278 0.5889 0.2615 0.0300
144 0.1366 0.0720 0.5615 0.2200 0.0099
145 0.0656 0.0883 0.4348 0.3547 0.0566
146 0.0668 0.0396 0.3970 0.3970 0.0996
147 0.0691 0.0517 0.2776 0.1147 0.4871
148 0.0745 0.0308 0.4563 0.2089 0.2295
149 0.0772 0.0433 0.3435 0.2847 0.2512
150 0.0807 0.0313 0.2861 0.5430 0.0590
151 0.0771 0.0409 0.2129 0.6255 0.0436
152 0.1287 0.0949 0.5293 0.1627 0.0844
153 0.0221 0.0735 0.4868 0.1175 0.3000
154 0.0331 0.0728 0.5996 0.2106 0.0837
155 0.0727 0.0632 0.1946 0.4456 0.2240
156 0.1387 0.2983 0.3176 0.1866 0.0587
157 0.0727 0.0933 0.4053 0.3108 0.1180
158 0.0637 0.0511 0.1118 0.1100 0.6636
159 0.1511 0.2571 0.1740 0.3201 0.0976
160 0.2371 0.0529 0.4226 0.1270 0.1604
161 0.1504 0.0263 0.3037 0.4351 0.0844
162 0.1226 0.0175 0.2986 0.5239 0.0374
163 0.0513 0.0474 0.1138 0.6548 0.1329
164 0.1229 0.0489 0.2522 0.5464 0.0296
165 0.1041 0.0656 0.1870 0.6177 0.0255
166 0.0923 0.0518 0.1925 0.6216 0.0420
167 0.0799 0.0448 0.1066 0.7461 0.0227
168 0.0324 0.0169 0.0534 0.8818 0.0153
169 0.0663 0.0321 0.1888 0.6802 0.0326
170 0.0385 0.0420 0.0924 0.8174 0.0098
171 0.0369 0.0408 0.0757 0.8330 0.0136
172 0.0559 0.0301 0.1483 0.7417 0.0238
173 0.1189 0.0898 0.2639 0.5005 0.0269
174 0.1292 0.0814 0.4333 0.3298 0.0262
175 0.1718 0.1083 0.3135 0.3750 0.0315
176 0.1962 0.1100 0.3469 0.3259 0.0210
177 0.1378 0.1346 0.2805 0.4211 0.0257
178 0.1940 0.1354 0.3223 0.3125 0.0359
179 0.1595 0.0650 0.3652 0.3857 0.0243
180 0.3103 0.0896 0.2783 0.2939 0.0280
181 0.1310 0.1394 0.4905 0.2109 0.0281
182 0.1553 0.1932 0.2423 0.3782 0.0311
183 0.1427 0.2335 0.2263 0.3792 0.0183
184 0.2079 0.3794 0.1451 0.2374 0.0302
185 0.1688 0.3574 0.2698 0.1942 0.0099
186 0.0299 0.3528 0.4126 0.2010 0.0037
187 0.0432 0.4539 0.2886 0.1923 0.0221
188 0.0454 0.5073 0.2673 0.1205 0.0592
189 0.0801 0.5103 0.2649 0.1232 0.0214
190 0.0928 0.4534 0.2771 0.0449 0.1320
191 0.1184 0.2145 0.5649 0.0997 0.0025
192 0.0617 0.4968 0.2347 0.1946 0.0121
193 0.0531 0.3687 0.4885 0.0557 0.0340
194 0.0784 0.4338 0.4338 0.0298 0.0239
195 0.2200 0.3984 0.1294 0.1687 0.0835
196 0.1196 0.2737 0.4656 0.0601 0.0809
197 0.1073 0.1537 0.3865 0.1107 0.2418
198 0.0320 0.5708 0.2961 0.0836 0.0175
199 0.1327 0.5762 0.2054 0.0389 0.0469
200 0.0721 0.2118 0.5005 0.1959 0.0199
201 0.0413 0.3374 0.5063 0.1070 0.0079
202 0.0422 0.3372 0.4983 0.1112 0.0112
203 0.0903 0.4551 0.1897 0.2554 0.0097
204 0.0687 0.5317 0.2551 0.1273 0.0171
205 0.0714 0.2690 0.3403 0.3049 0.0143
206 0.2651 0.3196 0.1851 0.1793 0.0510
207 0.1198 0.3633 0.1945 0.3108 0.0118
208 0.1139 0.2566 0.5435 0.0724 0.0135
209 0.1406 0.2014 0.4331 0.1520 0.0729
210 0.0297 0.3398 0.4297 0.1967 0.0042
211 0.0386 0.4050 0.3359 0.2069 0.0136
212 0.0409 0.3315 0.3474 0.2708 0.0094
213 0.0273 0.6616 0.2081 0.0867 0.0164
214 0.0211 0.4866 0.2905 0.1936 0.0081
215 0.0484 0.6235 0.2188 0.1050 0.0044
216 0.0265 0.2656 0.4312 0.2739 0.0028
217 0.0515 0.2676 0.4409 0.2361 0.0041
218 0.1444 0.3386 0.2537 0.2135 0.0499
219 0.0421 0.5210 0.3064 0.1277 0.0026
220 0.1388 0.5361 0.2615 0.0298 0.0338
221 0.1277 0.4529 0.3755 0.0251 0.0190
222 0.0331 0.4026 0.3782 0.1626 0.0238
223 0.0328 0.3994 0.4456 0.1144 0.0076
224 0.0397 0.3027 0.4204 0.1954 0.0416
225 0.0971 0.1349 0.1528 0.1731 0.4421
226 0.0461 0.4048 0.3745 0.1512 0.0232
227 0.1274 0.1378 0.3574 0.2615 0.1160
228 0.0746 0.1935 0.3560 0.2228 0.1531
229 0.0577 0.1776 0.5220 0.1520 0.0907
230 0.0630 0.2379 0.5278 0.1294 0.0420
231 0.0218 0.5205 0.3867 0.0651 0.0061
232 0.0599 0.2028 0.5425 0.1554 0.0393
233 0.0506 0.2712 0.5479 0.0998 0.0302
234 0.0702 0.1632 0.3564 0.3401 0.0702
235 0.0641 0.1857 0.3413 0.3870 0.0220
236 0.0811 0.3257 0.3413 0.1613 0.0905
237 0.0356 0.1497 0.4539 0.3022 0.0586
238 0.0376 0.2162 0.4575 0.2566 0.0321
239 0.0494 0.2357 0.3887 0.2471 0.0790
240 0.3052 0.0640 0.1355 0.3740 0.1214
241 0.3052 0.0640 0.1355 0.3740 0.1214
242 0.0850 0.5205 0.2384 0.1218 0.0341
243 0.0087 0.1521 0.0654 0.7485 0.0252
244 0.0081 0.1066 0.0445 0.8257 0.0151
245 0.0161 0.4021 0.1959 0.2988 0.0870
246 0.0973 0.2686 0.1351 0.3970 0.1020
247 0.1924 0.2048 0.2979 0.1807 0.1242
248 0.1061 0.1833 0.1569 0.4539 0.0997
249 0.1115 0.1809 0.3655 0.2759 0.0665
250 0.0273 0.1869 0.6035 0.1702 0.0122
251 0.0169 0.3083 0.5947 0.0566 0.0236
252 0.0487 0.2759 0.4695 0.1548 0.0511
253 0.0632 0.3525 0.2620 0.1886 0.1338
254 0.0230 0.6025 0.2715 0.0656 0.0373
255 0.0264 0.4607 0.2883 0.1669 0.0577
256 0.0346 0.4414 0.4019 0.1000 0.0220
257 0.0641 0.4741 0.2170 0.1976 0.0469
258 0.0441 0.3015 0.4524 0.1718 0.0303
259 0.0203 0.2213 0.2112 0.5225 0.0248
260 0.0292 0.3215 0.1617 0.4680 0.0195
261 0.0623 0.1935 0.1210 0.6196 0.0037
262 0.0730 0.2527 0.1440 0.5269 0.0036
263 0.0366 0.1904 0.5957 0.1460 0.0313
264 0.0391 0.1644 0.6504 0.1078 0.0385
265 0.0310 0.1466 0.6885 0.1039 0.0300
266 0.0509 0.1521 0.6401 0.1184 0.0385
267 0.0260 0.1924 0.7148 0.0615 0.0052
268 0.0079 0.2148 0.7500 0.0253 0.0019
269 0.0108 0.2847 0.6724 0.0305 0.0014
270 0.0127 0.1794 0.7920 0.0135 0.0023
271 0.0306 0.0928 0.2445 0.6050 0.0270
