time exciting_prob fearful_prob tense_prob sad_prob relaxing_prob
0 0.2037 0.2830 0.2496 0.2310 0.0327
1 0.2037 0.2830 0.2496 0.2310 0.0327
2 0.4785 0.0138 0.0363 0.0489 0.4224
3 0.4480 0.0298 0.0660 0.0848 0.3713
4 0.0848 0.1534 0.0766 0.5400 0.1453
5 0.2032 0.2549 0.1088 0.3125 0.1204
6 0.0196 0.0449 0.2925 0.6001 0.0428
7 0.0246 0.0283 0.2791 0.6094 0.0585
8 0.0528 0.0693 0.1198 0.6787 0.0792
9 0.0839 0.1981 0.2644 0.2905 0.1630
10 0.2051 0.0947 0.4622 0.1754 0.0626
11 0.0334 0.0314 0.1005 0.6255 0.2095
12 0.7168 0.1057 0.0862 0.0531 0.0383
13 0.0437 0.0823 0.3838 0.3838 0.1066
14 0.7300 0.1320 0.0445 0.0283 0.0653
15 0.6211 0.1821 0.0777 0.0702 0.0490
16 0.0349 0.0462 0.2722 0.5586 0.0884
17 0.4419 0.0745 0.0234 0.0994 0.3608
18 0.4131 0.0929 0.0159 0.0712 0.4067
19 0.1068 0.0751 0.2561 0.4783 0.0838
20 0.1432 0.0620 0.1699 0.4548 0.1699
21 0.4255 0.0652 0.0301 0.0603 0.4189
22 0.4995 0.1366 0.0174 0.0214 0.3250
23 0.5356 0.0854 0.0176 0.0159 0.3457
24 0.1030 0.0754 0.2491 0.4653 0.1071
25 0.0497 0.0734 0.3848 0.4500 0.0422
26 0.2231 0.2129 0.1849 0.1558 0.2231
27 0.3018 0.0363 0.0643 0.3936 0.2042
28 0.0778 0.0433 0.1633 0.6167 0.0991
29 0.0573 0.1409 0.1986 0.2756 0.3274
30 0.2676 0.0641 0.2325 0.1324 0.3032
31 0.1583 0.0848 0.3540 0.1047 0.2981
32 0.1627 0.0580 0.1759 0.0942 0.5093
33 0.0746 0.0403 0.4163 0.4570 0.0119
34 0.0592 0.0938 0.3596 0.4690 0.0183
35 0.2305 0.0616 0.2612 0.1007 0.3459
36 0.2421 0.0488 0.1456 0.0511 0.5122
37 0.3938 0.0350 0.0950 0.0435 0.4326
38 0.3313 0.0716 0.0155 0.0095 0.5723
39 0.2466 0.2335 0.0845 0.0224 0.4131
40 0.1510 0.2048 0.1055 0.4075 0.1312
41 0.3604 0.3206 0.0626 0.0236 0.2327
42 0.5220 0.0342 0.0149 0.0093 0.4194
43 0.4143 0.0324 0.0223 0.0616 0.4695
44 0.1680 0.0892 0.0306 0.3186 0.3936
45 0.6641 0.0272 0.0238 0.1248 0.1602
46 0.4199 0.1139 0.0691 0.3269 0.0702
47 0.1929 0.2053 0.0940 0.1798 0.3281
48 0.5654 0.0302 0.0784 0.1407 0.1851
49 0.8550 0.0184 0.0044 0.0134 0.1087
50 0.3369 0.0352 0.0068 0.0568 0.5645
51 0.4495 0.1085 0.1979 0.1093 0.1349
52 0.2856 0.1788 0.1816 0.1382 0.2157
53 0.3840 0.1992 0.1842 0.0622 0.1704
54 0.4060 0.0663 0.2009 0.1641 0.1627
55 0.5688 0.0537 0.0189 0.1461 0.2125
56 0.6860 0.0782 0.0054 0.0095 0.2209
57 0.2778 0.1223 0.2001 0.2163 0.1836
58 0.1840 0.1378 0.0424 0.0136 0.6221
59 0.3196 0.0624 0.0713 0.0155 0.5312
60 0.5801 0.0687 0.0531 0.1187 0.1796
61 0.5469 0.1077 0.0467 0.1776 0.1211
62 0.2400 0.0273 0.2615 0.0786 0.3926
63 0.4626 0.0579 0.0182 0.0197 0.4414
64 0.4172 0.0815 0.0170 0.0261 0.4583
65 0.4238 0.2590 0.0889 0.1794 0.0487
66 0.4988 0.2979 0.0555 0.0331 0.1148
67 0.4897 0.0668 0.0757 0.0489 0.3188
68 0.3987 0.0487 0.0803 0.1178 0.3545
69 0.1595 0.0356 0.1499 0.5527 0.1022
70 0.3057 0.0511 0.1727 0.3774 0.0932
71 0.3440 0.1326 0.2238 0.1703 0.1295
72 0.2455 0.0401 0.2573 0.4080 0.0491
73 0.1530 0.2583 0.4326 0.0233 0.1329
74 0.3638 0.0262 0.0441 0.0528 0.5132
75 0.4092 0.0366 0.0599 0.1603 0.3340
76 0.4521 0.1743 0.2054 0.1033 0.0646
77 0.4763 0.1442 0.1865 0.1354 0.0578
78 0.2629 0.2064 0.3123 0.0150 0.2032
79 0.3105 0.1649 0.3105 0.1797 0.0345
80 0.2197 0.0543 0.1510 0.2129 0.3621
81 0.3235 0.1228 0.2190 0.0884 0.2462
82 0.3960 0.0756 0.1588 0.2460 0.1237
83 0.2793 0.0572 0.1299 0.2316 0.3020
84 0.1603 0.0344 0.3340 0.4392 0.0321
85 0.3088 0.0987 0.1530 0.2664 0.1732
86 0.4651 0.0909 0.0967 0.0423 0.3049
87 0.1941 0.1273 0.4692 0.0255 0.1838
88 0.1870 0.1526 0.1798 0.4485 0.0320
89 0.2419 0.3306 0.3010 0.0139 0.1125
90 0.3369 0.0988 0.3066 0.1299 0.1278
91 0.2126 0.1061 0.4468 0.1982 0.0361
92 0.4153 0.0721 0.0934 0.0641 0.3552
93 0.3672 0.0633 0.1708 0.3318 0.0669
94 0.0699 0.0458 0.0392 0.2273 0.6177
95 0.2222 0.1117 0.3960 0.2365 0.0335
96 0.3914 0.0555 0.1968 0.1984 0.1581
97 0.3931 0.0652 0.1017 0.3662 0.0739
98 0.1439 0.0894 0.6812 0.0764 0.0094
99 0.2759 0.0931 0.2983 0.2695 0.0630
100 0.7129 0.0493 0.1019 0.0899 0.0463
101 0.2314 0.2971 0.2727 0.1578 0.0409
102 0.5532 0.0630 0.1410 0.0876 0.1549
103 0.5625 0.0823 0.1467 0.1179 0.0904
104 0.2375 0.3123 0.2197 0.0909 0.1396
105 0.3364 0.1403 0.1328 0.0745 0.3162
106 0.2976 0.3762 0.1569 0.0381 0.1311
107 0.4272 0.1141 0.1089 0.0946 0.2551
108 0.0367 0.3652 0.4839 0.1071 0.0071
109 0.3721 0.1930 0.0897 0.0488 0.2966
110 0.1373 0.2264 0.5605 0.0429 0.0331
111 0.1896 0.1409 0.5073 0.0961 0.0660
112 0.4341 0.0506 0.0433 0.2148 0.2571
113 0.2888 0.1022 0.1262 0.2451 0.2375
114 0.5425 0.0800 0.0669 0.1028 0.2076
115 0.4373 0.0809 0.1409 0.2322 0.1088
116 0.2915 0.0749 0.1048 0.2961 0.2325
117 0.2173 0.0489 0.1059 0.3018 0.3262
118 0.1910 0.2472 0.1488 0.1753 0.2377
119 0.2498 0.2764 0.0380 0.0207 0.4150
120 0.2625 0.1642 0.0313 0.0595 0.4827
121 0.3286 0.2769 0.0386 0.0567 0.2993
122 0.3071 0.0538 0.0624 0.2646 0.3120
123 0.3999 0.0920 0.0323 0.0695 0.4062
124 0.4165 0.1569 0.0624 0.0846 0.2795
125 0.2421 0.0688 0.0511 0.0575 0.5806
126 0.1727 0.0666 0.0216 0.0062 0.7329
127 0.2179 0.0601 0.2214 0.3098 0.1908
128 0.3894 0.0276 0.2134 0.3203 0.0495
129 0.4661 0.0388 0.0414 0.1335 0.3203
130 0.5015 0.0262 0.1759 0.2123 0.0844
131 0.4480 0.0515 0.1754 0.0535 0.2717
132 0.4285 0.1381 0.1257 0.0438 0.2639
133 0.2126 0.0513 0.0186 0.0361 0.6812
134 0.4270 0.1030 0.0861 0.0640 0.3198
135 0.2529 0.1533 0.2957 0.2180 0.0802
136 0.3809 0.0710 0.0602 0.2498 0.2383
137 0.2484 0.1027 0.0712 0.1137 0.4641
138 0.4851 0.0503 0.1550 0.0823 0.2273
139 0.3176 0.0896 0.2150 0.1225 0.2554
140 0.1912 0.0522 0.2100 0.2435 0.3030
141 0.5513 0.0813 0.0859 0.0740 0.2076
142 0.1263 0.1132 0.6074 0.0247 0.1283
143 0.2534 0.0911 0.4414 0.0641 0.1501
144 0.1993 0.0383 0.0174 0.0383 0.7065
145 0.1310 0.0928 0.0201 0.0316 0.7246
146 0.2998 0.0586 0.1694 0.1580 0.3142
147 0.5620 0.0305 0.0374 0.1598 0.2101
148 0.1028 0.0893 0.2228 0.3760 0.2092
149 0.3892 0.0861 0.0476 0.0726 0.4045
150 0.6479 0.0395 0.0549 0.0662 0.1915
151 0.0734 0.3696 0.3420 0.0872 0.1278
152 0.5391 0.0718 0.1157 0.1139 0.1594
153 0.2288 0.0737 0.1636 0.1031 0.4309
154 0.1089 0.0230 0.1073 0.3862 0.3745
155 0.2544 0.1655 0.0729 0.0358 0.4714
156 0.0912 0.1842 0.3259 0.3635 0.0352
157 0.1844 0.1426 0.2878 0.0689 0.3162
158 0.5288 0.1599 0.1134 0.1033 0.0948
159 0.2803 0.1572 0.5112 0.0397 0.0115
160 0.3057 0.1367 0.3745 0.1024 0.0810
161 0.3071 0.0674 0.0350 0.0032 0.5874
162 0.4541 0.0479 0.1594 0.1923 0.1462
163 0.4268 0.0861 0.1354 0.1711 0.1807
164 0.4849 0.0631 0.0641 0.2069 0.1812
165 0.5830 0.0403 0.0997 0.2607 0.0165
166 0.5781 0.0387 0.0501 0.2109 0.1221
167 0.4683 0.1569 0.1833 0.0180 0.1736
168 0.3259 0.0941 0.1447 0.4026 0.0328
169 0.3118 0.0936 0.2142 0.3069 0.0735
170 0.3477 0.2262 0.1012 0.1694 0.1555
171 0.1586 0.1611 0.3630 0.2917 0.0255
172 0.4036 0.1556 0.1617 0.2605 0.0184
173 0.4734 0.0890 0.1812 0.1367 0.1197
174 0.3228 0.0368 0.1410 0.4375 0.0621
175 0.4060 0.1802 0.0781 0.1653 0.1705
176 0.1359 0.2007 0.2700 0.0824 0.3110
177 0.2397 0.1196 0.2869 0.3103 0.0436
178 0.2954 0.2000 0.2112 0.2319 0.0615
179 0.0352 0.0090 0.1250 0.0886 0.7422
180 0.7144 0.0538 0.1395 0.0595 0.0329
181 0.3840 0.0857 0.3135 0.1718 0.0448
182 0.4822 0.1119 0.1888 0.0438 0.1733
183 0.4316 0.1256 0.1126 0.0242 0.3062
184 0.4263 0.1069 0.1362 0.1147 0.2159
185 0.3354 0.0401 0.0939 0.1132 0.4175
186 0.1859 0.2642 0.2313 0.2174 0.1011
187 0.6128 0.0636 0.1000 0.0465 0.1770
188 0.6147 0.0690 0.0728 0.0832 0.1604
189 0.5503 0.0508 0.0562 0.1653 0.1772
190 0.5991 0.0200 0.0515 0.1827 0.1467
191 0.4275 0.0939 0.1727 0.0621 0.2437
192 0.2844 0.0195 0.0606 0.3027 0.3325
193 0.4543 0.0307 0.3594 0.1385 0.0169
194 0.2761 0.0495 0.0829 0.2783 0.3130
195 0.3250 0.2759 0.1168 0.0332 0.2491
196 0.2440 0.0677 0.2681 0.3184 0.1017
197 0.2135 0.3083 0.2327 0.1285 0.1170
198 0.1028 0.1935 0.0537 0.0155 0.6343
199 0.2781 0.1115 0.1293 0.1941 0.2869
200 0.0779 0.0955 0.1501 0.0636 0.6128
201 0.1582 0.1261 0.4265 0.0713 0.2179
202 0.3567 0.2267 0.1272 0.0224 0.2671
203 0.2871 0.1898 0.1073 0.0693 0.3464
204 0.2441 0.1042 0.1277 0.0642 0.4597
205 0.2313 0.1136 0.0576 0.0424 0.5552
206 0.2240 0.1447 0.2240 0.3389 0.0683
207 0.2854 0.2404 0.0768 0.0336 0.3638
208 0.3313 0.1963 0.0632 0.0126 0.3965
209 0.3357 0.0687 0.2917 0.2456 0.0583
210 0.4353 0.2349 0.0864 0.1653 0.0781
211 0.3372 0.1748 0.1383 0.0331 0.3167
212 0.5205 0.0863 0.0504 0.0144 0.3284
213 0.4143 0.0569 0.0157 0.0324 0.4807
214 0.6362 0.0551 0.0625 0.0778 0.1686
215 0.5542 0.0540 0.0919 0.1504 0.1492
216 0.2467 0.0764 0.1520 0.4163 0.1086
217 0.5073 0.1454 0.0924 0.0797 0.1753
218 0.3464 0.2477 0.1884 0.0230 0.1943
219 0.3450 0.2059 0.2125 0.0859 0.1508
220 0.3826 0.1385 0.1418 0.2017 0.1354
221 0.0855 0.4695 0.2986 0.1315 0.0150
222 0.2468 0.2468 0.1937 0.2795 0.0331
223 0.2625 0.0886 0.2279 0.2502 0.1708
224 0.3972 0.3242 0.0729 0.0254 0.1804
225 0.0634 0.2861 0.4036 0.2126 0.0342
226 0.3787 0.0872 0.1803 0.1935 0.1604
227 0.1262 0.3770 0.3459 0.0436 0.1072
228 0.3806 0.1526 0.2069 0.0499 0.2101
229 0.2238 0.2556 0.1538 0.0282 0.3386
230 0.1332 0.5063 0.2817 0.0393 0.0393
231 0.3623 0.0916 0.2017 0.2322 0.1122
232 0.2220 0.2401 0.1562 0.1930 0.1885
233 0.6821 0.0874 0.0565 0.1030 0.0708
234 0.2487 0.0669 0.3882 0.2710 0.0254
235 0.3098 0.1909 0.1938 0.2017 0.1038
236 0.2174 0.0832 0.2140 0.3066 0.1788
237 0.0572 0.2708 0.2544 0.2837 0.1340
238 0.2944 0.2239 0.2598 0.1827 0.0392
239 0.2664 0.2949 0.2124 0.1043 0.1219
240 0.3369 0.0943 0.0618 0.0467 0.4604
241 0.2216 0.1726 0.0909 0.0117 0.5034
242 0.3250 0.2512 0.2098 0.0183 0.1956
243 0.3779 0.1614 0.1469 0.1901 0.1237
244 0.2430 0.5024 0.0680 0.0154 0.1710
245 0.2585 0.1605 0.1605 0.2861 0.1342
246 0.5347 0.1078 0.1021 0.0886 0.1669
247 0.3550 0.2722 0.1208 0.0762 0.1758
248 0.5791 0.0233 0.0640 0.0725 0.2610
249 0.0974 0.6201 0.2354 0.0112 0.0358
250 0.1949 0.2426 0.1128 0.1182 0.3315
251 0.0311 0.0775 0.2350 0.4897 0.1666
252 0.3232 0.2617 0.1946 0.1033 0.1171
253 0.4553 0.1082 0.2068 0.0876 0.1422
254 0.0365 0.7153 0.2002 0.0342 0.0137
255 0.7222 0.0430 0.0389 0.1099 0.0862
256 0.5049 0.0545 0.0141 0.0109 0.4155
257 0.3777 0.0570 0.0351 0.0296 0.5005
258 0.5386 0.0505 0.0460 0.2280 0.1372
259 0.5547 0.0187 0.0408 0.0934 0.2922
260 0.2399 0.1622 0.1263 0.0507 0.4209
261 0.6211 0.0197 0.0498 0.2471 0.0625
262 0.4585 0.1366 0.1500 0.1115 0.1432
263 0.3596 0.1293 0.1476 0.0790 0.2844
264 0.5923 0.0765 0.0990 0.0530 0.1792
265 0.3013 0.1991 0.0693 0.0405 0.3899
266 0.1825 0.2494 0.1151 0.1661 0.2871
267 0.1998 0.0741 0.0634 0.0277 0.6353
268 0.4517 0.0480 0.2676 0.1410 0.0917
269 0.2871 0.0338 0.1501 0.1367 0.3923
270 0.5132 0.0318 0.1692 0.0972 0.1887
271 0.1770 0.0276 0.2168 0.1125 0.4663
272 0.1606 0.1222 0.1095 0.2195 0.3882
273 0.1427 0.1920 0.0826 0.1920 0.3909
274 0.4343 0.0785 0.2494 0.1000 0.1377
275 0.0707 0.2374 0.1498 0.0314 0.5107
276 0.3140 0.2091 0.1449 0.0276 0.3044
277 0.1166 0.1213 0.0649 0.1232 0.5742
278 0.5410 0.0607 0.0876 0.1306 0.1798
279 0.5117 0.1674 0.0822 0.0726 0.1661
280 0.6533 0.0363 0.0705 0.0941 0.1458
281 0.4424 0.0208 0.1392 0.2769 0.1209
282 0.0757 0.1351 0.0638 0.1340 0.5913
283 0.2930 0.2264 0.3562 0.0409 0.0833
284 0.2649 0.0321 0.0573 0.5830 0.0629
285 0.0917 0.1511 0.0560 0.0345 0.6665
286 0.5361 0.0203 0.0535 0.1973 0.1927
287 0.5610 0.0916 0.1429 0.0601 0.1442
288 0.2213 0.1620 0.0526 0.0163 0.5479
289 0.2942 0.2256 0.1074 0.0065 0.3662
290 0.4104 0.1364 0.1969 0.1261 0.1301
291 0.2947 0.1678 0.3135 0.1370 0.0871
292 0.3350 0.1752 0.2842 0.1105 0.0952
293 0.1317 0.4526 0.3391 0.0459 0.0306
294 0.3655 0.2803 0.2435 0.0345 0.0760
295 0.6118 0.0277 0.0506 0.0796 0.2303
296 0.3113 0.2903 0.2350 0.0679 0.0957
297 0.2539 0.2810 0.2329 0.0994 0.1327
298 0.2871 0.2185 0.3057 0.0726 0.1160
299 0.1980 0.3291 0.3848 0.0521 0.0361
300 0.0966 0.0559 0.3071 0.2976 0.2429
301 0.2490 0.1114 0.2268 0.2866 0.1262
302 0.1866 0.1500 0.3030 0.1420 0.2183
303 0.3850 0.0286 0.2062 0.3142 0.0659
304 0.0657 0.0289 0.1059 0.0757 0.7236
305 0.0331 0.0231 0.0750 0.0431 0.8257
306 0.4358 0.0648 0.1035 0.1011 0.2949
307 0.4158 0.0658 0.0599 0.1774 0.2812
308 0.5044 0.1265 0.0656 0.0294 0.2742
309 0.2737 0.1971 0.3628 0.0822 0.0842
310 0.3699 0.2925 0.2644 0.0256 0.0478
311 0.5190 0.0461 0.2510 0.0881 0.0960
312 0.2822 0.3828 0.2268 0.0457 0.0625
313 0.2942 0.1179 0.2678 0.1346 0.1855
314 0.3584 0.2622 0.1816 0.1219 0.0757
315 0.3899 0.1041 0.0434 0.0508 0.4119
316 0.4890 0.0500 0.0756 0.0699 0.3157
317 0.2949 0.0965 0.0658 0.1460 0.3967
318 0.0953 0.0461 0.0703 0.0620 0.7266
319 0.1455 0.0565 0.0925 0.0631 0.6421
320 0.1482 0.0608 0.0957 0.0711 0.6240
321 0.2037 0.2830 0.2496 0.2310 0.0327
