time exciting_prob fearful_prob tense_prob sad_prob relaxing_prob
0 0.2037 0.2830 0.2496 0.2310 0.0327
1 0.0944 0.5186 0.3296 0.0329 0.0246
2 0.0641 0.5542 0.3413 0.0225 0.0181
3 0.0781 0.5332 0.3235 0.0331 0.0320
4 0.0611 0.5884 0.2825 0.0335 0.0345
5 0.1023 0.5527 0.2959 0.0208 0.0280
6 0.1124 0.4175 0.4241 0.0218 0.0241
7 0.0908 0.3481 0.5068 0.0204 0.0339
8 0.1312 0.1122 0.4509 0.2375 0.0681
9 0.0228 0.3145 0.6255 0.0339 0.0033
10 0.0088 0.2336 0.6157 0.1373 0.0045
11 0.0104 0.1405 0.4260 0.4194 0.0038
12 0.0618 0.3669 0.4424 0.1019 0.0270
13 0.1004 0.2771 0.4941 0.0581 0.0701
14 0.0164 0.2554 0.5938 0.1245 0.0102
15 0.0118 0.1265 0.7627 0.0970 0.0022
16 0.0441 0.1058 0.1691 0.6685 0.0124
17 0.1141 0.2417 0.4585 0.1635 0.0221
18 0.0762 0.2788 0.2661 0.3635 0.0154
19 0.0919 0.3257 0.3413 0.2310 0.0103
20 0.0418 0.2578 0.5903 0.1050 0.0052
21 0.0871 0.4932 0.3552 0.0411 0.0233
22 0.0975 0.1418 0.6768 0.0696 0.0144
23 0.0611 0.5405 0.3545 0.0298 0.0142
24 0.0756 0.5049 0.3416 0.0637 0.0141
25 0.1539 0.6953 0.1002 0.0157 0.0349
26 0.0699 0.5210 0.1277 0.2744 0.0072
27 0.0614 0.4829 0.3940 0.0399 0.0215
28 0.0734 0.1230 0.2996 0.4863 0.0176
29 0.0709 0.1389 0.4700 0.3130 0.0072
30 0.0193 0.1710 0.5107 0.2908 0.0083
31 0.1422 0.2786 0.4382 0.1276 0.0135
32 0.0558 0.3184 0.5854 0.0360 0.0042
33 0.0768 0.3235 0.5679 0.0242 0.0078
34 0.0701 0.4429 0.4429 0.0384 0.0059
35 0.1198 0.1143 0.3359 0.4180 0.0120
36 0.1038 0.3623 0.3513 0.1420 0.0406
37 0.0472 0.2673 0.4341 0.2473 0.0041
38 0.0302 0.2712 0.6108 0.0789 0.0087
39 0.2019 0.1224 0.4844 0.1782 0.0131
40 0.0932 0.4961 0.3630 0.0348 0.0128
41 0.0676 0.6826 0.2181 0.0150 0.0168
42 0.1171 0.3870 0.3691 0.0941 0.0328
43 0.1348 0.1758 0.3284 0.3496 0.0114
44 0.1409 0.0720 0.1956 0.4993 0.0923
45 0.0240 0.5552 0.3313 0.0831 0.0066
46 0.1792 0.0439 0.6455 0.1037 0.0279
47 0.1064 0.1283 0.6831 0.0714 0.0108
48 0.0907 0.4534 0.3423 0.0788 0.0350
49 0.0430 0.3462 0.4731 0.1294 0.0082
50 0.0792 0.1456 0.1898 0.5757 0.0096
51 0.0769 0.2622 0.3875 0.2424 0.0311
52 0.0430 0.5000 0.2849 0.1675 0.0048
53 0.1637 0.3083 0.2152 0.2830 0.0298
54 0.1338 0.3015 0.2581 0.2834 0.0233
55 0.1224 0.3328 0.3625 0.1609 0.0214
56 0.0613 0.2859 0.4292 0.2192 0.0043
57 0.0696 0.1395 0.7544 0.0277 0.0089
58 0.0599 0.4031 0.5015 0.0172 0.0181
59 0.0767 0.2761 0.5576 0.0743 0.0153
60 0.0345 0.4373 0.3569 0.1660 0.0052
61 0.0436 0.3220 0.4910 0.1281 0.0154
62 0.0132 0.6084 0.1664 0.1885 0.0234
63 0.0220 0.2124 0.1460 0.5596 0.0599
64 0.0822 0.4512 0.3682 0.0809 0.0176
65 0.0403 0.3982 0.5112 0.0454 0.0049
66 0.0682 0.4177 0.3357 0.1512 0.0273
67 0.1472 0.1240 0.3267 0.3879 0.0144
68 0.1279 0.2524 0.2245 0.3560 0.0390
69 0.1116 0.1959 0.5161 0.1367 0.0395
70 0.1094 0.2280 0.5513 0.0879 0.0233
71 0.0723 0.2354 0.4197 0.1300 0.1427
72 0.1418 0.2163 0.4990 0.1365 0.0064
73 0.1135 0.0647 0.1208 0.6953 0.0054
74 0.0506 0.5146 0.1429 0.2798 0.0122
75 0.1747 0.1919 0.4675 0.1426 0.0235
76 0.0950 0.1748 0.2389 0.4827 0.0086
77 0.0525 0.7241 0.1360 0.0695 0.0180
78 0.0581 0.4094 0.4224 0.0928 0.0173
79 0.0178 0.0640 0.1796 0.7329 0.0059
80 0.0461 0.5928 0.3223 0.0282 0.0108
81 0.2192 0.3818 0.2043 0.1681 0.0266
82 0.1559 0.2002 0.4238 0.2097 0.0105
83 0.0424 0.4775 0.3958 0.0750 0.0095
84 0.0267 0.5542 0.3809 0.0296 0.0086
85 0.0754 0.1699 0.6719 0.0766 0.0060
86 0.0286 0.5918 0.3269 0.0517 0.0011
87 0.0848 0.1768 0.3860 0.3406 0.0117
88 0.0884 0.5210 0.2703 0.0399 0.0805
89 0.0485 0.5684 0.1760 0.1628 0.0445
90 0.0366 0.4258 0.3938 0.1404 0.0032
91 0.0749 0.0602 0.2871 0.5449 0.0332
92 0.1209 0.3391 0.4492 0.0280 0.0627
93 0.1691 0.1237 0.4316 0.2537 0.0218
94 0.0251 0.3335 0.6035 0.0368 0.0010
95 0.0531 0.3984 0.3684 0.1661 0.0138
96 0.0681 0.0931 0.5527 0.2610 0.0252
97 0.1099 0.0779 0.5850 0.2220 0.0050
98 0.1755 0.0856 0.3179 0.3179 0.1032
99 0.0430 0.5317 0.3542 0.0556 0.0156
100 0.2832 0.0459 0.4524 0.1915 0.0270
101 0.0430 0.4414 0.3835 0.1207 0.0115
102 0.1248 0.1393 0.4324 0.2834 0.0201
103 0.1025 0.4185 0.4023 0.0627 0.0141
104 0.0665 0.3481 0.2798 0.2979 0.0077
105 0.0994 0.2969 0.4187 0.1381 0.0470
106 0.1014 0.3376 0.4268 0.1185 0.0157
107 0.1338 0.1772 0.4670 0.1917 0.0301
108 0.3328 0.1635 0.3030 0.1635 0.0370
109 0.0623 0.1414 0.5952 0.1963 0.0047
110 0.0286 0.2507 0.2015 0.5063 0.0127
111 0.0776 0.0706 0.8340 0.0146 0.0034
112 0.0390 0.6099 0.3420 0.0079 0.0015
113 0.0767 0.3079 0.5840 0.0150 0.0163
114 0.0226 0.3757 0.5137 0.0845 0.0037
115 0.0307 0.1132 0.7383 0.1064 0.0112
116 0.0292 0.0756 0.7759 0.1118 0.0076
117 0.1470 0.4153 0.3184 0.0919 0.0274
118 0.0065 0.0662 0.6484 0.2661 0.0126
119 0.0113 0.1655 0.5864 0.2059 0.0306
120 0.1685 0.3826 0.3767 0.0634 0.0089
121 0.0348 0.5845 0.2761 0.1031 0.0015
122 0.0369 0.1154 0.7466 0.0956 0.0056
123 0.0997 0.2354 0.5142 0.1044 0.0464
124 0.0753 0.2213 0.4834 0.2046 0.0155
125 0.0613 0.1506 0.5342 0.2483 0.0058
126 0.0373 0.2671 0.5742 0.1185 0.0027
127 0.0687 0.5576 0.3228 0.0398 0.0110
128 0.1077 0.1340 0.6294 0.1201 0.0088
129 0.1520 0.1221 0.4465 0.2585 0.0210
130 0.0977 0.2896 0.5757 0.0310 0.0059
131 0.0818 0.1873 0.6851 0.0325 0.0134
132 0.0271 0.1241 0.7969 0.0494 0.0023
133 0.0664 0.3704 0.4983 0.0425 0.0226
134 0.0420 0.3748 0.5449 0.0351 0.0030
135 0.0795 0.0974 0.5435 0.2649 0.0148
136 0.0540 0.1161 0.5122 0.3154 0.0024
137 0.0540 0.1179 0.2345 0.5713 0.0222
138 0.1252 0.2825 0.5112 0.0556 0.0255
139 0.0294 0.0462 0.8721 0.0484 0.0041
140 0.1515 0.2876 0.5205 0.0320 0.0083
141 0.1946 0.1743 0.4814 0.1327 0.0170
142 0.0450 0.0815 0.5566 0.3074 0.0093
143 0.0814 0.1375 0.2649 0.4951 0.0211
144 0.0585 0.0653 0.5776 0.2949 0.0038
145 0.0657 0.3308 0.5542 0.0448 0.0047
146 0.0210 0.0745 0.1844 0.7183 0.0016
147 0.0404 0.1572 0.6519 0.1477 0.0029
148 0.1810 0.3228 0.2634 0.2235 0.0094
149 0.1215 0.0836 0.6675 0.1215 0.0059
150 0.0641 0.3521 0.5454 0.0320 0.0067
151 0.1151 0.0579 0.7275 0.0939 0.0055
152 0.0693 0.1179 0.4377 0.3574 0.0178
153 0.1078 0.1696 0.3218 0.3821 0.0189
154 0.0469 0.2273 0.4380 0.2830 0.0049
155 0.0908 0.2625 0.4983 0.1405 0.0080
156 0.0941 0.1991 0.6528 0.0496 0.0046
157 0.0327 0.0364 0.9253 0.0051 0.0005
158 0.1216 0.0651 0.6372 0.1661 0.0101
159 0.2188 0.1799 0.2852 0.2942 0.0218
160 0.0349 0.1125 0.2380 0.5986 0.0161
161 0.0612 0.2620 0.4744 0.1857 0.0169
162 0.2087 0.1744 0.2559 0.3496 0.0115
163 0.0273 0.2306 0.4587 0.2781 0.0052
164 0.1704 0.1842 0.3721 0.2598 0.0136
165 0.0562 0.2499 0.5542 0.1256 0.0140
166 0.1619 0.3096 0.3914 0.1184 0.0187
167 0.2471 0.1080 0.2147 0.3767 0.0534
168 0.2258 0.2683 0.3611 0.0979 0.0470
169 0.1763 0.1212 0.4363 0.2448 0.0214
170 0.1298 0.0717 0.1448 0.6191 0.0349
171 0.1037 0.0915 0.1737 0.6255 0.0058
172 0.3176 0.1572 0.3770 0.1196 0.0286
173 0.3630 0.2271 0.2961 0.0773 0.0365
174 0.2236 0.1537 0.1812 0.4312 0.0104
175 0.1378 0.1610 0.4377 0.2495 0.0139
176 0.1763 0.2229 0.5347 0.0586 0.0075
177 0.1337 0.1074 0.4741 0.2578 0.0270
178 0.1705 0.1627 0.4707 0.1732 0.0229
179 0.0995 0.1947 0.6001 0.0995 0.0065
180 0.2333 0.1268 0.0950 0.5176 0.0272
181 0.0262 0.0594 0.3752 0.5293 0.0098
182 0.0263 0.0645 0.6118 0.2891 0.0083
183 0.2830 0.2944 0.3157 0.0437 0.0632
184 0.2756 0.2866 0.3052 0.1038 0.0286
185 0.2673 0.3516 0.2512 0.1168 0.0130
186 0.1340 0.3477 0.3477 0.1655 0.0054
187 0.1835 0.4199 0.3220 0.0665 0.0081
188 0.0876 0.0349 0.1090 0.6372 0.1315
189 0.1324 0.0804 0.3081 0.4082 0.0709
190 0.1075 0.0594 0.2922 0.4893 0.0516
191 0.1393 0.2971 0.2971 0.2502 0.0163
192 0.2135 0.0327 0.3689 0.3630 0.0218
193 0.0771 0.0901 0.1658 0.5435 0.1232
194 0.1194 0.3223 0.1301 0.2981 0.1301
195 0.0237 0.1132 0.2216 0.6211 0.0203
196 0.1188 0.0410 0.6128 0.1702 0.0574
197 0.0782 0.2524 0.3730 0.2905 0.0059
198 0.0227 0.0849 0.3254 0.5625 0.0045
199 0.0735 0.1952 0.2668 0.4397 0.0248
200 0.1410 0.1636 0.1573 0.5200 0.0181
201 0.1245 0.0677 0.4146 0.3657 0.0276
202 0.0638 0.0467 0.2522 0.5776 0.0599
203 0.0700 0.1067 0.2330 0.5679 0.0224
204 0.1149 0.4236 0.2734 0.1766 0.0113
205 0.3440 0.1189 0.4348 0.0856 0.0167
206 0.1154 0.1067 0.2258 0.5249 0.0270
207 0.0359 0.0761 0.0715 0.8057 0.0110
208 0.1519 0.0378 0.6699 0.1320 0.0084
209 0.0887 0.0691 0.7261 0.1062 0.0100
210 0.2175 0.2245 0.2043 0.3215 0.0321
211 0.1365 0.0765 0.2180 0.5396 0.0295
212 0.0828 0.0645 0.4690 0.3711 0.0128
213 0.1375 0.1606 0.4651 0.2162 0.0206
214 0.1764 0.0381 0.3677 0.3914 0.0266
215 0.1516 0.1034 0.2788 0.3525 0.1136
216 0.0477 0.1318 0.4600 0.3472 0.0133
217 0.0244 0.0212 0.1221 0.8091 0.0233
218 0.1252 0.0461 0.5791 0.2377 0.0117
219 0.0893 0.1804 0.1061 0.6104 0.0139
220 0.1267 0.0871 0.7642 0.0194 0.0028
221 0.0362 0.0587 0.2019 0.6938 0.0094
222 0.0698 0.0458 0.1649 0.6836 0.0357
223 0.0790 0.0615 0.1595 0.6821 0.0176
224 0.4080 0.0300 0.2761 0.2117 0.0743
225 0.1272 0.1510 0.5879 0.1122 0.0218
226 0.0735 0.2450 0.3196 0.3564 0.0053
227 0.1567 0.0471 0.2317 0.4905 0.0740
228 0.1273 0.1377 0.3252 0.3923 0.0175
229 0.0237 0.1353 0.7085 0.1251 0.0074
230 0.0212 0.1691 0.7461 0.0549 0.0090
231 0.1904 0.1309 0.3291 0.3291 0.0206
232 0.1338 0.2258 0.2405 0.3235 0.0762
233 0.1647 0.2050 0.2251 0.3542 0.0510
234 0.1433 0.3806 0.2698 0.1869 0.0194
235 0.0193 0.0553 0.3662 0.5586 0.0008
236 0.2549 0.2844 0.1895 0.2147 0.0565
237 0.1104 0.1395 0.1121 0.6060 0.0319
238 0.1565 0.0775 0.1641 0.5464 0.0558
239 0.0523 0.0621 0.4451 0.4248 0.0157
240 0.0803 0.0450 0.1989 0.6621 0.0137
241 0.1356 0.2676 0.2827 0.2805 0.0338
242 0.0245 0.0527 0.3276 0.5933 0.0018
243 0.0554 0.1761 0.3970 0.3557 0.0158
244 0.0792 0.2874 0.1783 0.3689 0.0862
245 0.0952 0.2671 0.1475 0.4543 0.0359
246 0.0288 0.0443 0.1283 0.7856 0.0130
247 0.0822 0.5439 0.3052 0.0468 0.0219
248 0.0703 0.5527 0.3301 0.0263 0.0203
249 0.0976 0.5527 0.3152 0.0145 0.0198
250 0.2418 0.1514 0.1274 0.4246 0.0548
251 0.1265 0.2761 0.2118 0.3384 0.0472
252 0.1265 0.2761 0.2118 0.3384 0.0472
253 0.2308 0.0836 0.0448 0.6177 0.0229
254 0.4668 0.1857 0.1316 0.1946 0.0215
255 0.4497 0.1628 0.1460 0.2157 0.0258
256 0.4470 0.1619 0.1473 0.2178 0.0260
257 0.4470 0.1619 0.1473 0.2178 0.0260
258 0.2302 0.1176 0.1354 0.4797 0.0370
