time exciting_prob fearful_prob tense_prob sad_prob relaxing_prob
0 0.2037 0.2830 0.2496 0.2310 0.0327
1 0.5059 0.0776 0.1449 0.2505 0.0210
2 0.5361 0.0749 0.0947 0.2739 0.0205
3 0.4756 0.0981 0.1095 0.2930 0.0239
4 0.6099 0.0567 0.1471 0.1747 0.0116
5 0.6538 0.0276 0.1003 0.1678 0.0504
6 0.6372 0.0354 0.0862 0.2135 0.0276
7 0.5405 0.0410 0.0791 0.2986 0.0404
8 0.5464 0.0246 0.1128 0.2749 0.0412
9 0.7061 0.0325 0.1058 0.1285 0.0270
10 0.6763 0.0195 0.1194 0.1558 0.0290
11 0.5459 0.0242 0.1600 0.2311 0.0389
12 0.5806 0.0082 0.1915 0.2039 0.0158
13 0.5068 0.0058 0.2588 0.2213 0.0075
14 0.5962 0.0125 0.2317 0.1484 0.0111
15 0.5151 0.0121 0.4475 0.0223 0.0029
16 0.5146 0.0083 0.4336 0.0403 0.0031
17 0.1846 0.0701 0.2484 0.2407 0.2563
18 0.2056 0.0571 0.1901 0.2188 0.3284
19 0.1838 0.0544 0.2252 0.2288 0.3079
20 0.1903 0.0717 0.2091 0.2561 0.2727
21 0.2354 0.0770 0.1891 0.2317 0.2668
22 0.3145 0.0820 0.2062 0.2817 0.1157
23 0.1837 0.0295 0.0587 0.5840 0.1442
24 0.2152 0.0465 0.0786 0.5083 0.1514
25 0.3381 0.1206 0.1142 0.2235 0.2035
26 0.5220 0.0460 0.0996 0.1708 0.1617
27 0.2805 0.0688 0.0918 0.4626 0.0962
28 0.0719 0.0250 0.0494 0.8037 0.0498
29 0.0374 0.0152 0.0404 0.8921 0.0148
30 0.0832 0.0966 0.0609 0.5776 0.1818
31 0.3940 0.0776 0.0659 0.1876 0.2751
32 0.2094 0.0183 0.0367 0.5020 0.2335
33 0.2019 0.1366 0.1838 0.3252 0.1525
34 0.1761 0.1027 0.1694 0.4497 0.1019
35 0.0186 0.0098 0.0320 0.0459 0.8936
36 0.0167 0.0091 0.0275 0.0370 0.9097
37 0.0172 0.0041 0.0217 0.0210 0.9360
38 0.0097 0.0050 0.0273 0.0256 0.9326
39 0.0116 0.0072 0.0410 0.0362 0.9043
40 0.0101 0.0056 0.0300 0.0206 0.9336
41 0.0108 0.0063 0.0414 0.0272 0.9141
42 0.0164 0.0141 0.0515 0.0338 0.8843
43 0.0193 0.0155 0.0524 0.0533 0.8594
44 0.1951 0.0212 0.1472 0.5220 0.1146
45 0.0426 0.0083 0.0235 0.8828 0.0426
46 0.3735 0.0410 0.0490 0.1908 0.3455
47 0.1415 0.1192 0.2815 0.1438 0.3140
48 0.1288 0.0757 0.0831 0.0689 0.6436
49 0.1045 0.1300 0.0696 0.1130 0.5830
50 0.0608 0.1011 0.1641 0.0740 0.6001
51 0.0398 0.1169 0.1729 0.0856 0.5850
52 0.0797 0.1925 0.3459 0.1621 0.2198
53 0.0886 0.2334 0.2583 0.0958 0.3240
54 0.2257 0.0349 0.4087 0.2366 0.0941
55 0.2642 0.1436 0.3186 0.2122 0.0617
56 0.1794 0.0601 0.3052 0.3860 0.0692
57 0.2152 0.0656 0.2988 0.3386 0.0817
58 0.0692 0.3623 0.2096 0.2568 0.1022
59 0.1171 0.1503 0.2188 0.4419 0.0721
60 0.1678 0.1247 0.2294 0.4353 0.0428
61 0.1956 0.2081 0.2673 0.2322 0.0968
62 0.6948 0.0507 0.1217 0.0523 0.0804
63 0.3516 0.0188 0.1973 0.3862 0.0461
64 0.2808 0.0190 0.1783 0.4626 0.0593
65 0.5649 0.0827 0.0873 0.1232 0.1417
66 0.3132 0.1058 0.1625 0.3083 0.1100
67 0.4951 0.1671 0.1659 0.1312 0.0406
68 0.3845 0.3667 0.1136 0.0679 0.0673
69 0.1434 0.0970 0.2421 0.4666 0.0508
70 0.5454 0.1198 0.0823 0.1091 0.1434
71 0.6060 0.1722 0.1428 0.0367 0.0422
72 0.5127 0.0805 0.1626 0.1359 0.1083
73 0.2058 0.0679 0.6191 0.0825 0.0246
74 0.3984 0.0570 0.2534 0.2654 0.0257
75 0.4434 0.0564 0.4575 0.0361 0.0067
76 0.4343 0.0666 0.2554 0.1622 0.0816
77 0.6001 0.0250 0.2925 0.0627 0.0197
78 0.6675 0.0149 0.2134 0.0933 0.0108
79 0.3108 0.0427 0.4890 0.1538 0.0038
80 0.3870 0.0289 0.2620 0.2744 0.0477
81 0.2610 0.0091 0.3049 0.4170 0.0081
82 0.1952 0.0501 0.5918 0.0814 0.0814
83 0.2927 0.0525 0.4824 0.1249 0.0474
84 0.4788 0.0958 0.2859 0.1289 0.0105
85 0.3145 0.0324 0.4868 0.1581 0.0083
86 0.4719 0.0525 0.1241 0.2773 0.0741
87 0.4080 0.0144 0.1478 0.3955 0.0343
88 0.0999 0.0192 0.6021 0.2671 0.0117
89 0.2175 0.0198 0.5645 0.1642 0.0341
90 0.4045 0.0192 0.2234 0.3462 0.0066
91 0.4448 0.1008 0.2101 0.2307 0.0135
92 0.0334 0.0718 0.1183 0.6196 0.1567
93 0.0682 0.1107 0.1912 0.1714 0.4587
94 0.0438 0.0158 0.1153 0.0374 0.7876
95 0.0100 0.0055 0.0162 0.0122 0.9561
96 0.0762 0.0677 0.0811 0.1945 0.5806
97 0.0699 0.0823 0.0536 0.1100 0.6841
98 0.2598 0.0477 0.5327 0.0955 0.0641
99 0.3247 0.0840 0.4368 0.1006 0.0538
100 0.3330 0.0423 0.5078 0.0588 0.0583
101 0.6230 0.0417 0.0627 0.1976 0.0750
102 0.4380 0.0451 0.1676 0.2942 0.0553
103 0.1992 0.0229 0.0884 0.6328 0.0566
104 0.1381 0.3472 0.3064 0.1403 0.0684
105 0.1868 0.1700 0.3279 0.1225 0.1927
106 0.0467 0.0270 0.1157 0.0326 0.7778
107 0.0630 0.1335 0.1661 0.1489 0.4883
108 0.0296 0.1179 0.0448 0.0265 0.7812
109 0.0571 0.3445 0.2295 0.0554 0.3137
110 0.0393 0.0679 0.1394 0.1935 0.5601
111 0.4783 0.0500 0.3391 0.1172 0.0155
112 0.4800 0.0502 0.2163 0.2001 0.0534
113 0.2047 0.0139 0.0526 0.6924 0.0364
114 0.1519 0.0044 0.0375 0.7959 0.0102
115 0.2859 0.0041 0.0387 0.6548 0.0165
116 0.1814 0.0085 0.0637 0.7290 0.0175
117 0.1498 0.0055 0.0654 0.7725 0.0069
118 0.2142 0.0833 0.1202 0.1531 0.4294
119 0.3176 0.1622 0.1039 0.0273 0.3892
120 0.0714 0.0134 0.0167 0.0426 0.8560
121 0.3179 0.1869 0.3384 0.1305 0.0261
122 0.2651 0.3918 0.2866 0.0271 0.0291
123 0.2937 0.4341 0.2218 0.0348 0.0154
124 0.3254 0.3574 0.2168 0.0786 0.0216
125 0.6289 0.0545 0.1530 0.1471 0.0163
126 0.5679 0.0234 0.0688 0.2900 0.0500
127 0.7690 0.0830 0.0523 0.0626 0.0327
128 0.6206 0.1385 0.0959 0.0777 0.0670
129 0.1754 0.0241 0.4695 0.2399 0.0910
130 0.2417 0.0440 0.4446 0.2067 0.0630
131 0.3936 0.3997 0.0825 0.0858 0.0387
132 0.4473 0.2321 0.1312 0.1582 0.0312
133 0.5752 0.1205 0.2759 0.0175 0.0110
134 0.5308 0.0479 0.3323 0.0685 0.0204
135 0.6919 0.0509 0.0493 0.1862 0.0219
136 0.4861 0.1027 0.3091 0.0638 0.0384
137 0.4658 0.2455 0.1560 0.1072 0.0255
138 0.4722 0.0342 0.1038 0.3735 0.0163
139 0.6519 0.1345 0.1141 0.0917 0.0081
140 0.7017 0.0580 0.2058 0.0266 0.0077
141 0.1022 0.1233 0.1672 0.5928 0.0146
142 0.7290 0.0994 0.1144 0.0508 0.0063
143 0.3242 0.0339 0.4363 0.1260 0.0795
144 0.3523 0.0850 0.1423 0.3992 0.0213
145 0.2700 0.1295 0.2637 0.1041 0.2327
146 0.2703 0.1127 0.3259 0.2832 0.0080
147 0.1938 0.2338 0.5522 0.0177 0.0025
148 0.1664 0.0726 0.6377 0.0762 0.0473
149 0.2676 0.0261 0.2437 0.4277 0.0348
150 0.2637 0.0085 0.1575 0.5581 0.0120
151 0.7754 0.0511 0.0492 0.0588 0.0657
152 0.3203 0.0548 0.5757 0.0245 0.0247
153 0.3303 0.0440 0.5938 0.0223 0.0095
154 0.2090 0.0217 0.6855 0.0787 0.0053
155 0.1389 0.1378 0.3521 0.3306 0.0407
156 0.1100 0.0500 0.2764 0.5327 0.0308
157 0.4373 0.1511 0.1595 0.0938 0.1583
158 0.7505 0.0194 0.1133 0.1048 0.0118
159 0.1448 0.0734 0.7412 0.0355 0.0052
160 0.4009 0.0502 0.1292 0.3323 0.0874
161 0.5425 0.1011 0.1680 0.0906 0.0980
162 0.1511 0.0778 0.7046 0.0476 0.0191
163 0.2446 0.0950 0.1592 0.2952 0.2061
164 0.2981 0.0645 0.5840 0.0494 0.0040
165 0.2810 0.0637 0.4932 0.1552 0.0071
166 0.0523 0.1216 0.1798 0.1009 0.5454
167 0.0856 0.1550 0.3718 0.1550 0.2327
168 0.1010 0.1744 0.2421 0.1716 0.3108
169 0.0848 0.1072 0.1971 0.2065 0.4043
170 0.0925 0.0325 0.2151 0.0755 0.5845
171 0.1875 0.0858 0.4360 0.1173 0.1735
172 0.1017 0.1504 0.1758 0.0792 0.4929
173 0.0869 0.1015 0.1648 0.1700 0.4768
174 0.0196 0.0416 0.0409 0.0364 0.8613
175 0.0183 0.0372 0.0207 0.0155 0.9082
176 0.0082 0.0142 0.0118 0.0136 0.9521
177 0.4731 0.0115 0.2695 0.0661 0.1796
178 0.2465 0.0318 0.4192 0.1164 0.1860
179 0.1469 0.1127 0.1256 0.0428 0.5723
180 0.1262 0.1809 0.2286 0.0370 0.4272
181 0.2871 0.0377 0.1335 0.3411 0.2004
182 0.2754 0.0364 0.0534 0.4985 0.1364
183 0.2539 0.0632 0.0979 0.5049 0.0799
184 0.2747 0.0558 0.0995 0.5132 0.0567
185 0.1453 0.4475 0.2081 0.0708 0.1282
186 0.1439 0.4468 0.2178 0.0894 0.1021
187 0.1605 0.1212 0.2410 0.3242 0.1532
188 0.0709 0.1548 0.1838 0.5317 0.0587
189 0.0945 0.0629 0.3401 0.2374 0.2649
190 0.4104 0.2179 0.2776 0.0339 0.0601
191 0.0598 0.0843 0.1389 0.1134 0.6035
192 0.0812 0.0504 0.1118 0.6743 0.0825
193 0.1803 0.1111 0.5425 0.0599 0.1060
194 0.3037 0.1664 0.1246 0.0421 0.3633
195 0.0991 0.1686 0.1851 0.2651 0.2822
196 0.3931 0.0884 0.4216 0.0798 0.0171
197 0.4565 0.1298 0.3066 0.0668 0.0402
198 0.4524 0.1017 0.3232 0.1050 0.0175
199 0.2216 0.0655 0.4204 0.2632 0.0295
200 0.1003 0.1248 0.1154 0.6538 0.0058
201 0.5552 0.0935 0.2225 0.0942 0.0347
202 0.0435 0.0567 0.2313 0.0684 0.6001
203 0.4443 0.0861 0.2759 0.1196 0.0742
204 0.6265 0.1808 0.0583 0.1195 0.0151
205 0.6562 0.1396 0.0923 0.0923 0.0195
206 0.0942 0.2223 0.4934 0.1705 0.0197
207 0.2854 0.0428 0.1017 0.5332 0.0371
208 0.5552 0.2622 0.0627 0.0668 0.0533
209 0.5181 0.1484 0.0936 0.1721 0.0679
210 0.4189 0.2642 0.1720 0.1238 0.0210
211 0.5161 0.0849 0.2805 0.0621 0.0561
212 0.2805 0.2344 0.2761 0.1927 0.0163
213 0.2744 0.0603 0.3062 0.3523 0.0069
214 0.2861 0.0525 0.1605 0.3879 0.1129
215 0.3103 0.0704 0.2739 0.2783 0.0671
216 0.1993 0.1787 0.5591 0.0438 0.0190
217 0.3755 0.0151 0.1257 0.4255 0.0580
218 0.1740 0.2869 0.2493 0.2825 0.0074
219 0.2144 0.0609 0.1061 0.5557 0.0629
220 0.2551 0.0578 0.2200 0.4207 0.0465
221 0.1318 0.1919 0.2971 0.3367 0.0425
222 0.3955 0.1016 0.3384 0.0720 0.0925
223 0.4111 0.0348 0.4111 0.1304 0.0127
224 0.4824 0.0580 0.3264 0.0972 0.0360
225 0.0481 0.0357 0.1083 0.7520 0.0562
226 0.1643 0.1722 0.3269 0.2751 0.0614
227 0.5425 0.0838 0.0800 0.1093 0.1846
228 0.3157 0.0395 0.0715 0.5288 0.0448
229 0.0920 0.1591 0.3640 0.3755 0.0095
230 0.2017 0.2510 0.2756 0.2471 0.0247
231 0.2273 0.1914 0.1274 0.3926 0.0612
232 0.2037 0.2830 0.2496 0.2310 0.0327
233 0.2037 0.2830 0.2496 0.2310 0.0327
