time exciting_prob fearful_prob tense_prob sad_prob relaxing_prob
0 0.2037 0.2830 0.2496 0.2310 0.0327
1 0.2869 0.2551 0.3433 0.0895 0.0253
2 0.2303 0.2935 0.3430 0.1055 0.0275
3 0.2039 0.3838 0.2103 0.1357 0.0662
4 0.0861 0.0840 0.2734 0.4954 0.0610
5 0.0558 0.1458 0.3469 0.4150 0.0366
6 0.0690 0.1776 0.2466 0.4644 0.0425
7 0.1476 0.2629 0.2048 0.2471 0.1376
8 0.3435 0.1512 0.2494 0.2184 0.0374
9 0.4443 0.2065 0.1597 0.1047 0.0848
10 0.4736 0.1599 0.1444 0.1188 0.1032
11 0.3184 0.3752 0.1758 0.0978 0.0328
12 0.2908 0.3345 0.1605 0.1682 0.0460
13 0.0687 0.2269 0.5195 0.1660 0.0191
14 0.0337 0.2391 0.5869 0.1342 0.0060
15 0.0693 0.2021 0.6133 0.1108 0.0045
16 0.1898 0.2761 0.3657 0.0903 0.0779
17 0.1737 0.3735 0.2842 0.0629 0.1054
18 0.1509 0.2910 0.3591 0.0894 0.1096
19 0.1271 0.3591 0.3823 0.0501 0.0814
20 0.3574 0.1943 0.1729 0.0682 0.2069
21 0.1395 0.1556 0.5063 0.1792 0.0190
22 0.0891 0.2722 0.5083 0.1108 0.0194
23 0.0762 0.2223 0.4971 0.1772 0.0274
24 0.1019 0.1448 0.5864 0.1288 0.0384
25 0.0851 0.1803 0.4602 0.2622 0.0121
26 0.3059 0.1538 0.2365 0.2576 0.0462
27 0.1954 0.2981 0.3223 0.1376 0.0468
28 0.1543 0.2335 0.4644 0.0944 0.0533
29 0.1873 0.2057 0.3723 0.2041 0.0306
30 0.4143 0.2289 0.0565 0.2783 0.0220
31 0.3381 0.2150 0.0709 0.3462 0.0300
32 0.3220 0.1724 0.0245 0.4614 0.0197
33 0.1749 0.1936 0.2773 0.3218 0.0326
34 0.3025 0.3650 0.2031 0.1232 0.0061
35 0.3997 0.2225 0.1934 0.1437 0.0408
36 0.1360 0.2725 0.4255 0.1019 0.0642
37 0.2429 0.2078 0.2393 0.1147 0.1952
38 0.2318 0.1710 0.1792 0.1968 0.2212
39 0.3115 0.2174 0.2925 0.0928 0.0858
40 0.4412 0.1263 0.3357 0.0307 0.0661
41 0.0329 0.3823 0.2393 0.3428 0.0026
42 0.0290 0.6704 0.2352 0.0623 0.0032
43 0.4507 0.3484 0.0765 0.0998 0.0246
44 0.5049 0.3015 0.0799 0.0898 0.0236
45 0.4463 0.3938 0.1085 0.0409 0.0107
46 0.1746 0.4155 0.1298 0.2443 0.0357
47 0.3389 0.4526 0.0617 0.1317 0.0150
48 0.3630 0.2573 0.1008 0.2253 0.0535
49 0.1586 0.4885 0.1207 0.2151 0.0172
50 0.1710 0.5308 0.0990 0.0538 0.1451
51 0.2316 0.5469 0.0740 0.0396 0.1077
52 0.1133 0.1399 0.2201 0.3833 0.1433
53 0.1678 0.0864 0.3286 0.2991 0.1181
54 0.6704 0.0764 0.1449 0.0712 0.0372
55 0.1306 0.3899 0.3232 0.1337 0.0229
56 0.3872 0.2349 0.2581 0.0733 0.0466
57 0.6187 0.1208 0.1075 0.1256 0.0276
58 0.4138 0.2081 0.2017 0.1738 0.0024
59 0.1659 0.0324 0.0201 0.7729 0.0085
60 0.2854 0.0603 0.0927 0.5293 0.0325
61 0.3044 0.0879 0.1044 0.4941 0.0091
62 0.1875 0.1415 0.2297 0.4292 0.0122
63 0.3828 0.2114 0.1293 0.2415 0.0351
64 0.1213 0.1849 0.5654 0.0397 0.0887
65 0.2406 0.2173 0.3584 0.0520 0.1318
66 0.1666 0.1963 0.0995 0.5254 0.0122
67 0.2515 0.3230 0.1990 0.2169 0.0095
68 0.0795 0.1709 0.6602 0.0795 0.0101
69 0.2515 0.2852 0.2419 0.2102 0.0112
70 0.2712 0.5186 0.1533 0.0416 0.0151
71 0.2341 0.6025 0.1323 0.0146 0.0162
72 0.0462 0.1287 0.3962 0.3782 0.0508
73 0.0880 0.1791 0.4263 0.2410 0.0659
74 0.2054 0.4351 0.1108 0.2239 0.0247
75 0.3120 0.3425 0.0894 0.1937 0.0624
76 0.4570 0.1804 0.1289 0.2028 0.0309
77 0.3181 0.1855 0.0636 0.4180 0.0149
78 0.1870 0.4666 0.3035 0.0230 0.0199
79 0.3362 0.0699 0.3931 0.1153 0.0856
80 0.0786 0.7881 0.1208 0.0068 0.0059
81 0.1455 0.6621 0.1598 0.0245 0.0081
82 0.2617 0.2659 0.0786 0.3748 0.0191
83 0.2388 0.1874 0.2705 0.2812 0.0220
84 0.2067 0.3459 0.2847 0.1159 0.0468
85 0.2729 0.3345 0.2354 0.1416 0.0156
86 0.4197 0.2126 0.0989 0.2013 0.0674
87 0.4080 0.1124 0.1107 0.3079 0.0611
88 0.1274 0.1897 0.1897 0.4343 0.0588
89 0.1870 0.2942 0.1730 0.2830 0.0627
90 0.1842 0.0285 0.1857 0.5127 0.0891
91 0.2124 0.0425 0.1259 0.5596 0.0599
92 0.0409 0.0264 0.1722 0.7480 0.0125
93 0.1028 0.0908 0.5562 0.1848 0.0654
94 0.0974 0.4983 0.2013 0.1936 0.0093
95 0.1859 0.1948 0.4062 0.1667 0.0463
96 0.1306 0.2257 0.2852 0.3108 0.0477
97 0.0559 0.0393 0.3450 0.5430 0.0170
98 0.3643 0.1449 0.1997 0.2175 0.0734
99 0.4504 0.0741 0.2391 0.1053 0.1311
100 0.5854 0.0817 0.0804 0.1799 0.0727
101 0.0461 0.3862 0.4309 0.1356 0.0009
102 0.0877 0.0593 0.6528 0.1886 0.0115
103 0.0412 0.0412 0.1482 0.7646 0.0049
104 0.0952 0.0753 0.3147 0.4951 0.0198
105 0.1281 0.0376 0.3071 0.5186 0.0086
106 0.2991 0.0799 0.4597 0.1539 0.0074
107 0.1509 0.0513 0.1104 0.6553 0.0321
108 0.0505 0.0155 0.3169 0.6108 0.0062
109 0.0863 0.5898 0.2119 0.1074 0.0046
110 0.0923 0.0288 0.0518 0.6821 0.1451
111 0.1688 0.6890 0.0626 0.0179 0.0616
112 0.2156 0.5337 0.0706 0.0728 0.1075
113 0.0853 0.0680 0.1544 0.6499 0.0425
114 0.1830 0.0838 0.2242 0.4390 0.0700
115 0.4175 0.2803 0.1293 0.0754 0.0976
116 0.4924 0.3660 0.0565 0.0354 0.0499
117 0.3066 0.0700 0.1530 0.4126 0.0580
118 0.1284 0.0767 0.2253 0.4412 0.1284
119 0.3611 0.1414 0.1210 0.3137 0.0627
120 0.4783 0.2683 0.0528 0.1349 0.0657
121 0.5513 0.1372 0.0648 0.1405 0.1061
122 0.1879 0.1203 0.5186 0.1385 0.0348
123 0.1227 0.0927 0.4856 0.2598 0.0392
124 0.4832 0.0505 0.0930 0.3245 0.0490
125 0.2703 0.0580 0.1704 0.3665 0.1349
126 0.1425 0.0463 0.6001 0.1774 0.0338
127 0.1592 0.0729 0.5557 0.1891 0.0233
128 0.4778 0.0693 0.1813 0.2498 0.0218
129 0.0463 0.0685 0.7656 0.1111 0.0085
130 0.0656 0.0656 0.8047 0.0583 0.0058
131 0.0817 0.0738 0.7280 0.1125 0.0041
132 0.2224 0.2041 0.3843 0.1493 0.0399
133 0.0619 0.3372 0.2952 0.2883 0.0176
134 0.0873 0.4036 0.4363 0.0224 0.0505
135 0.3408 0.1548 0.2781 0.1973 0.0289
136 0.3442 0.0488 0.4023 0.1744 0.0301
137 0.3481 0.2412 0.1521 0.1807 0.0777
138 0.2612 0.0216 0.0454 0.6465 0.0251
139 0.1229 0.0679 0.1506 0.5596 0.0988
140 0.1581 0.1805 0.1569 0.4365 0.0680
141 0.3215 0.4294 0.0950 0.1416 0.0124
142 0.1674 0.4514 0.1273 0.2493 0.0046
143 0.1219 0.0432 0.0757 0.6909 0.0684
144 0.1203 0.0443 0.6660 0.1619 0.0078
145 0.2229 0.0546 0.5781 0.1394 0.0050
146 0.1560 0.0687 0.1987 0.5708 0.0059
147 0.2169 0.1337 0.4666 0.1716 0.0114
148 0.5581 0.2537 0.0553 0.1125 0.0203
149 0.5806 0.0451 0.1757 0.0986 0.1001
150 0.4766 0.1511 0.2002 0.0535 0.1187
151 0.2034 0.3599 0.3174 0.1159 0.0035
152 0.1346 0.0149 0.1000 0.7275 0.0228
153 0.2966 0.1677 0.0912 0.3809 0.0637
154 0.2800 0.1711 0.2588 0.2568 0.0332
155 0.2515 0.1755 0.2676 0.2761 0.0293
156 0.0610 0.4075 0.2756 0.2415 0.0143
157 0.2646 0.2646 0.1004 0.3503 0.0201
158 0.0302 0.8428 0.0999 0.0245 0.0027
159 0.2223 0.3499 0.0652 0.3579 0.0047
160 0.1592 0.1310 0.5303 0.1519 0.0279
161 0.2258 0.0905 0.3442 0.3184 0.0210
162 0.7622 0.0267 0.0315 0.0984 0.0810
163 0.0450 0.3147 0.5972 0.0269 0.0162
164 0.3689 0.0811 0.1368 0.3083 0.1049
165 0.2991 0.0612 0.3337 0.2744 0.0315
166 0.2126 0.3589 0.1112 0.2646 0.0525
167 0.1693 0.5298 0.1831 0.0334 0.0845
168 0.3281 0.1057 0.1929 0.3604 0.0129
169 0.1306 0.2537 0.3232 0.2700 0.0222
170 0.1181 0.1018 0.1844 0.5293 0.0663
171 0.1501 0.2805 0.1444 0.3987 0.0261
172 0.2330 0.1963 0.2581 0.2683 0.0445
173 0.2206 0.1083 0.1772 0.4419 0.0520
174 0.3381 0.1897 0.1973 0.1882 0.0869
175 0.0603 0.0085 0.0933 0.8320 0.0058
176 0.2881 0.0865 0.0533 0.5093 0.0628
177 0.1348 0.4351 0.1857 0.1266 0.1180
178 0.3542 0.2781 0.1726 0.1794 0.0157
179 0.1743 0.3718 0.2119 0.2291 0.0129
180 0.2031 0.3323 0.2507 0.1486 0.0654
181 0.0429 0.1865 0.7324 0.0362 0.0021
182 0.0664 0.3193 0.5352 0.0634 0.0158
183 0.0535 0.1700 0.6123 0.1548 0.0093
184 0.0297 0.0628 0.6860 0.2125 0.0090
185 0.0351 0.2018 0.7378 0.0168 0.0084
186 0.2255 0.5122 0.1755 0.0636 0.0234
187 0.1547 0.1398 0.3076 0.3828 0.0150
188 0.0479 0.0881 0.1464 0.7090 0.0087
189 0.3081 0.0726 0.2400 0.3716 0.0077
190 0.2510 0.0777 0.1312 0.5146 0.0254
191 0.2844 0.1282 0.0967 0.3828 0.1080
192 0.2849 0.0232 0.1124 0.5405 0.0388
193 0.1707 0.0217 0.2705 0.5215 0.0156
194 0.4751 0.1617 0.1555 0.1331 0.0746
195 0.3481 0.1038 0.1038 0.4265 0.0177
196 0.1743 0.1126 0.3413 0.3691 0.0025
197 0.3750 0.1379 0.1650 0.3083 0.0137
198 0.4270 0.0453 0.0790 0.3513 0.0975
199 0.3193 0.0614 0.2062 0.3347 0.0782
200 0.2065 0.0510 0.1302 0.5835 0.0286
201 0.2979 0.0468 0.0922 0.5352 0.0284
202 0.0654 0.0847 0.3591 0.4795 0.0114
203 0.4768 0.0583 0.0535 0.4048 0.0065
204 0.0406 0.5479 0.1475 0.2568 0.0071
205 0.1237 0.1152 0.4087 0.3181 0.0343
206 0.1110 0.3313 0.1318 0.3340 0.0920
207 0.2537 0.0365 0.1125 0.5625 0.0349
208 0.0486 0.1907 0.3792 0.3792 0.0022
209 0.1037 0.1130 0.1130 0.6655 0.0046
210 0.3916 0.1071 0.1558 0.2357 0.1096
211 0.6797 0.0285 0.0500 0.1181 0.1238
212 0.1232 0.0564 0.0691 0.7427 0.0084
213 0.0417 0.0704 0.4021 0.4851 0.0007
214 0.4692 0.3301 0.0322 0.1488 0.0197
215 0.2686 0.5098 0.1220 0.0752 0.0246
216 0.2450 0.0429 0.5923 0.0930 0.0266
217 0.2327 0.0570 0.5161 0.1812 0.0130
218 0.4526 0.0399 0.0477 0.4026 0.0571
219 0.2057 0.3262 0.1339 0.2443 0.0899
220 0.4250 0.2810 0.1602 0.0520 0.0818
221 0.1088 0.4580 0.2303 0.2002 0.0026
222 0.0159 0.3003 0.5698 0.1140 0.0003
223 0.4094 0.4675 0.0594 0.0347 0.0287
224 0.4307 0.2634 0.1610 0.0829 0.0621
225 0.6133 0.2383 0.0427 0.0651 0.0408
226 0.1660 0.2634 0.4731 0.0778 0.0197
227 0.2183 0.0483 0.1388 0.5239 0.0709
228 0.5376 0.0934 0.1614 0.2025 0.0051
229 0.1011 0.1948 0.1541 0.5464 0.0036
230 0.1085 0.0638 0.0717 0.7417 0.0141
231 0.0376 0.2018 0.4880 0.2148 0.0578
232 0.3589 0.4229 0.1044 0.1036 0.0105
233 0.3552 0.4561 0.0575 0.0515 0.0798
234 0.0554 0.2788 0.6094 0.0528 0.0037
235 0.5005 0.2898 0.0762 0.1033 0.0301
236 0.1094 0.2793 0.3970 0.1949 0.0193
237 0.1459 0.3555 0.2622 0.1993 0.0372
238 0.0479 0.2776 0.3481 0.2910 0.0353
239 0.0953 0.3152 0.2737 0.2512 0.0645
240 0.1875 0.2297 0.4429 0.0943 0.0456
241 0.3503 0.0758 0.1230 0.3970 0.0537
242 0.2935 0.3457 0.0861 0.1865 0.0881
243 0.4248 0.1041 0.2681 0.1901 0.0129
244 0.5825 0.0746 0.1862 0.1351 0.0215
245 0.4358 0.1361 0.1996 0.1460 0.0825
246 0.2341 0.5977 0.0834 0.0232 0.0616
247 0.4973 0.1317 0.1287 0.1436 0.0987
248 0.3030 0.1699 0.1431 0.3655 0.0186
249 0.4617 0.1385 0.1242 0.2302 0.0453
250 0.0900 0.2908 0.2817 0.3345 0.0029
251 0.0638 0.2314 0.3315 0.3699 0.0035
252 0.1342 0.2195 0.4102 0.2336 0.0025
253 0.6001 0.0613 0.0793 0.2388 0.0205
254 0.5020 0.0996 0.2109 0.1643 0.0231
255 0.2844 0.0284 0.3459 0.3325 0.0086
256 0.3345 0.0133 0.0966 0.5513 0.0044
257 0.4297 0.0759 0.2468 0.2393 0.0084
258 0.4556 0.2308 0.0933 0.1990 0.0215
259 0.1438 0.5098 0.2446 0.0936 0.0082
260 0.3511 0.0991 0.0834 0.4009 0.0654
261 0.5122 0.0414 0.1346 0.2255 0.0862
262 0.5522 0.0304 0.2113 0.1364 0.0696
263 0.3811 0.1843 0.1470 0.2642 0.0234
264 0.3298 0.1429 0.1140 0.3857 0.0275
265 0.4358 0.2140 0.1093 0.2174 0.0236
266 0.5464 0.2333 0.0920 0.0965 0.0316
267 0.6489 0.1859 0.0964 0.0459 0.0231
268 0.6934 0.1523 0.0253 0.1234 0.0059
269 0.5322 0.3127 0.0133 0.1335 0.0081
270 0.5200 0.1825 0.0155 0.2698 0.0121
271 0.5698 0.1765 0.0266 0.1251 0.1021
272 0.6753 0.1531 0.0206 0.0832 0.0679
273 0.3455 0.4685 0.0568 0.1113 0.0180
274 0.5127 0.2878 0.0274 0.1257 0.0462
275 0.4424 0.3845 0.0256 0.1288 0.0188
276 0.7715 0.0323 0.0533 0.0921 0.0509
277 0.8076 0.0299 0.0323 0.0812 0.0493
278 0.2959 0.1986 0.0909 0.3711 0.0433
279 0.1593 0.2930 0.1104 0.4197 0.0177
280 0.2610 0.3049 0.0998 0.3123 0.0221
281 0.3030 0.2183 0.1177 0.3225 0.0385
282 0.4631 0.1871 0.1083 0.2402 0.0011
283 0.2593 0.1064 0.1345 0.4343 0.0656
284 0.2593 0.1064 0.1345 0.4343 0.0656
285 0.2593 0.1064 0.1345 0.4343 0.0656
