time exciting_prob fearful_prob tense_prob sad_prob relaxing_prob
0 0.2037 0.2830 0.2496 0.2310 0.0327
1 0.1240 0.2334 0.0839 0.0529 0.5059
2 0.1385 0.2321 0.0587 0.0224 0.5483
3 0.1215 0.2324 0.0626 0.0259 0.5576
4 0.1293 0.1926 0.0748 0.0237 0.5796
5 0.2294 0.2900 0.0805 0.0278 0.3723
6 0.1709 0.2336 0.0765 0.0242 0.4946
7 0.1863 0.2030 0.0729 0.0233 0.5142
8 0.0881 0.0931 0.0616 0.0133 0.7437
9 0.1414 0.1918 0.4783 0.1110 0.0775
10 0.1970 0.1956 0.3918 0.1006 0.1149
11 0.1409 0.1781 0.4409 0.1304 0.1097
12 0.1859 0.4189 0.2041 0.1859 0.0053
13 0.3123 0.1522 0.2844 0.2285 0.0224
14 0.1942 0.1334 0.2961 0.3252 0.0511
15 0.2394 0.1570 0.2979 0.2629 0.0429
16 0.0941 0.2898 0.3496 0.2153 0.0511
17 0.1346 0.0890 0.6079 0.0515 0.1169
18 0.1289 0.2408 0.4866 0.0685 0.0752
19 0.0836 0.1538 0.2037 0.5039 0.0548
20 0.0895 0.2715 0.2888 0.2549 0.0953
21 0.0989 0.2128 0.4102 0.2374 0.0406
22 0.1083 0.1552 0.1931 0.4351 0.1083
23 0.0448 0.5547 0.1425 0.2206 0.0377
24 0.0543 0.3381 0.3953 0.1926 0.0197
25 0.0532 0.2273 0.3689 0.3308 0.0199
26 0.0879 0.2927 0.4827 0.1259 0.0110
27 0.2057 0.2812 0.2561 0.2156 0.0415
28 0.1644 0.2710 0.3320 0.2178 0.0148
29 0.9111 0.0615 0.0052 0.0073 0.0150
30 0.9434 0.0349 0.0032 0.0026 0.0160
31 0.0556 0.1711 0.2130 0.5112 0.0490
32 0.0456 0.3267 0.3477 0.2583 0.0215
33 0.4309 0.1466 0.2634 0.1032 0.0557
34 0.0125 0.0308 0.0408 0.9004 0.0155
35 0.0817 0.3257 0.2308 0.1082 0.2537
36 0.0522 0.1881 0.5527 0.2002 0.0066
37 0.1713 0.1687 0.4341 0.1635 0.0625
38 0.0467 0.0735 0.4792 0.3674 0.0331
39 0.0295 0.0247 0.0220 0.0049 0.9189
40 0.0670 0.2864 0.4722 0.0665 0.1078
41 0.1241 0.2776 0.3977 0.0620 0.1385
42 0.1636 0.3660 0.3716 0.0338 0.0651
43 0.0367 0.5024 0.3735 0.0680 0.0193
44 0.0659 0.5229 0.2356 0.1166 0.0591
45 0.0715 0.2893 0.3894 0.1346 0.1151
46 0.0439 0.1790 0.5864 0.1460 0.0445
47 0.0603 0.7114 0.1871 0.0296 0.0115
48 0.0917 0.6992 0.1674 0.0314 0.0103
49 0.0564 0.4758 0.1879 0.0460 0.2338
50 0.1102 0.4639 0.2686 0.0609 0.0965
51 0.0773 0.5625 0.3105 0.0199 0.0298
52 0.1698 0.4653 0.2756 0.0367 0.0526
53 0.0468 0.4834 0.2588 0.0801 0.1311
54 0.0389 0.2275 0.2539 0.4185 0.0612
55 0.0273 0.2131 0.2612 0.4729 0.0255
56 0.0792 0.3411 0.4736 0.0476 0.0584
57 0.1217 0.5327 0.2310 0.0289 0.0856
58 0.1027 0.4712 0.3503 0.0233 0.0525
59 0.1008 0.5713 0.2637 0.0247 0.0395
60 0.0316 0.3877 0.5137 0.0643 0.0026
61 0.0564 0.0659 0.4648 0.1311 0.2820
62 0.0129 0.0564 0.7544 0.1736 0.0030
63 0.0246 0.8408 0.0914 0.0367 0.0065
64 0.0285 0.8647 0.0940 0.0096 0.0033
65 0.0375 0.7959 0.1383 0.0229 0.0052
66 0.0294 0.8589 0.0934 0.0142 0.0042
67 0.0491 0.3772 0.5576 0.0128 0.0034
68 0.0249 0.2455 0.7212 0.0072 0.0011
69 0.0171 0.3430 0.6309 0.0083 0.0010
70 0.0295 0.3271 0.6304 0.0114 0.0016
71 0.0354 0.4023 0.4153 0.1412 0.0057
72 0.0566 0.4485 0.3777 0.0904 0.0269
73 0.0885 0.4897 0.3313 0.0366 0.0537
74 0.1220 0.4497 0.2771 0.1060 0.0452
75 0.1826 0.3958 0.3547 0.0240 0.0430
76 0.2189 0.4121 0.2900 0.0399 0.0392
77 0.0458 0.4810 0.4517 0.0038 0.0178
78 0.0487 0.5405 0.3716 0.0098 0.0293
79 0.0205 0.4749 0.3528 0.1146 0.0372
80 0.0503 0.4812 0.2007 0.0200 0.2477
81 0.1979 0.3162 0.2947 0.1248 0.0663
82 0.1235 0.5117 0.2849 0.0427 0.0374
83 0.0385 0.1525 0.2761 0.4143 0.1187
84 0.0420 0.2573 0.0636 0.0098 0.6270
85 0.0447 0.2959 0.6069 0.0468 0.0055
86 0.0900 0.1847 0.5601 0.0845 0.0807
87 0.1050 0.2900 0.4089 0.1873 0.0086
88 0.3455 0.2798 0.2356 0.0654 0.0735
89 0.1940 0.2197 0.4170 0.1487 0.0206
90 0.1250 0.1230 0.5869 0.1351 0.0299
91 0.2510 0.2888 0.2284 0.1685 0.0634
92 0.0867 0.0742 0.3591 0.4265 0.0534
93 0.3511 0.3977 0.1752 0.0350 0.0410
94 0.0649 0.3650 0.2712 0.2357 0.0629
95 0.0684 0.4031 0.3728 0.1438 0.0117
96 0.0615 0.0967 0.3169 0.4988 0.0262
97 0.0573 0.2094 0.2732 0.4297 0.0306
98 0.1249 0.1102 0.5513 0.0581 0.1555
99 0.1064 0.2148 0.3953 0.2019 0.0815
100 0.0883 0.7163 0.1421 0.0125 0.0410
101 0.2003 0.2306 0.2493 0.1523 0.1674
102 0.0471 0.5186 0.2864 0.0696 0.0783
103 0.2496 0.1974 0.3689 0.1024 0.0817
104 0.1935 0.5469 0.1694 0.0387 0.0517
105 0.1372 0.4163 0.2280 0.0202 0.1981
106 0.2102 0.5200 0.2152 0.0293 0.0251
107 0.0198 0.8115 0.1598 0.0021 0.0069
108 0.0385 0.5400 0.3542 0.0293 0.0379
109 0.3257 0.3284 0.2257 0.0441 0.0762
110 0.1004 0.1655 0.6758 0.0161 0.0422
111 0.1415 0.2484 0.3613 0.0428 0.2059
112 0.0086 0.7407 0.1067 0.1436 0.0006
113 0.0396 0.2900 0.6045 0.0120 0.0541
114 0.0458 0.3545 0.3716 0.0732 0.1549
115 0.0444 0.4351 0.4558 0.0421 0.0227
116 0.0282 0.7456 0.1562 0.0508 0.0191
117 0.0649 0.7422 0.1544 0.0237 0.0148
118 0.0674 0.3423 0.4260 0.0648 0.0996
119 0.0453 0.4717 0.4097 0.0302 0.0432
120 0.0662 0.2104 0.2747 0.1565 0.2922
121 0.2500 0.5815 0.1267 0.0140 0.0276
122 0.0477 0.2278 0.3528 0.2313 0.1404
123 0.1057 0.4116 0.2988 0.1188 0.0651
124 0.2893 0.5801 0.1098 0.0105 0.0104
125 0.0620 0.1366 0.3599 0.4272 0.0143
126 0.0681 0.7559 0.1234 0.0251 0.0275
127 0.1589 0.5420 0.2424 0.0165 0.0402
128 0.0942 0.2600 0.4287 0.1392 0.0781
129 0.1796 0.5400 0.1957 0.0748 0.0097
130 0.1965 0.5557 0.2371 0.0043 0.0065
131 0.0846 0.1156 0.6758 0.0347 0.0894
132 0.1370 0.0905 0.5586 0.0462 0.1677
133 0.2773 0.4907 0.2094 0.0109 0.0115
134 0.3313 0.3696 0.2368 0.0207 0.0415
135 0.1283 0.3030 0.3889 0.1344 0.0454
136 0.1130 0.4331 0.4231 0.0183 0.0125
137 0.1481 0.6187 0.1962 0.0188 0.0184
138 0.1157 0.3047 0.4231 0.0840 0.0724
139 0.0685 0.5342 0.3396 0.0142 0.0435
140 0.0670 0.3269 0.4758 0.0982 0.0321
141 0.1558 0.6406 0.0901 0.0373 0.0765
142 0.4109 0.3655 0.1809 0.0168 0.0257
143 0.2429 0.4795 0.2393 0.0222 0.0161
144 0.2327 0.4592 0.2830 0.0092 0.0160
145 0.1992 0.6138 0.1576 0.0093 0.0202
146 0.1488 0.3799 0.4238 0.0332 0.0143
147 0.0297 0.1669 0.0501 0.0170 0.7363
148 0.1577 0.1163 0.3286 0.3904 0.0071
149 0.1827 0.2988 0.1915 0.1456 0.1813
150 0.0537 0.5820 0.3164 0.0190 0.0292
151 0.1270 0.6973 0.1461 0.0107 0.0190
152 0.0398 0.1187 0.3831 0.4409 0.0175
153 0.0420 0.7734 0.1571 0.0143 0.0134
154 0.1177 0.6167 0.2131 0.0314 0.0213
155 0.1285 0.4592 0.3308 0.0588 0.0225
156 0.1449 0.6245 0.2059 0.0128 0.0122
157 0.0270 0.1494 0.4531 0.3213 0.0493
158 0.1031 0.3384 0.4697 0.0228 0.0661
159 0.0127 0.4314 0.5454 0.0079 0.0029
160 0.0962 0.5493 0.2893 0.0335 0.0317
161 0.1681 0.3044 0.1383 0.1483 0.2408
162 0.1142 0.3152 0.4412 0.0049 0.1245
163 0.0335 0.7876 0.0710 0.1033 0.0046
164 0.1089 0.1431 0.6216 0.0778 0.0487
165 0.2783 0.1973 0.4377 0.0797 0.0070
166 0.4180 0.0200 0.3157 0.2457 0.0006
167 0.7871 0.0148 0.0911 0.1049 0.0023
168 0.1987 0.6621 0.1273 0.0056 0.0062
169 0.0588 0.1032 0.6836 0.0511 0.1032
170 0.1637 0.5850 0.1715 0.0693 0.0105
171 0.1902 0.5723 0.2040 0.0210 0.0126
172 0.1978 0.5996 0.1732 0.0144 0.0148
173 0.1461 0.3267 0.4753 0.0341 0.0177
174 0.1509 0.5923 0.2355 0.0084 0.0131
175 0.2233 0.4543 0.2957 0.0086 0.0180
176 0.1615 0.3999 0.3755 0.0188 0.0442
177 0.2944 0.2876 0.2969 0.1010 0.0202
178 0.3291 0.3757 0.2244 0.0482 0.0226
179 0.2053 0.4592 0.2874 0.0312 0.0169
180 0.4248 0.1975 0.2136 0.1171 0.0469
181 0.1730 0.2478 0.2136 0.0870 0.2786
182 0.0341 0.5679 0.2681 0.0898 0.0402
183 0.1209 0.2367 0.5811 0.0138 0.0473
184 0.0811 0.2070 0.2537 0.1170 0.3413
185 0.2117 0.3103 0.3303 0.0454 0.1024
186 0.2080 0.2096 0.2888 0.2321 0.0615
187 0.1125 0.1216 0.3467 0.3806 0.0386
188 0.1532 0.4758 0.3296 0.0224 0.0190
189 0.2064 0.3325 0.2957 0.0309 0.1344
190 0.2222 0.3259 0.2617 0.0575 0.1327
191 0.1658 0.3196 0.4758 0.0105 0.0284
192 0.2957 0.4167 0.2319 0.0281 0.0275
193 0.1541 0.6904 0.1267 0.0087 0.0202
194 0.2522 0.5020 0.1846 0.0264 0.0349
195 0.1738 0.5835 0.2097 0.0075 0.0253
196 0.1669 0.2466 0.3069 0.0845 0.1951
197 0.2214 0.2842 0.2712 0.0410 0.1821
198 0.2639 0.1931 0.3311 0.0520 0.1600
199 0.2494 0.5488 0.1796 0.0095 0.0125
200 0.2003 0.4841 0.2396 0.0479 0.0280
201 0.2993 0.1947 0.2405 0.0598 0.2057
202 0.0865 0.5601 0.2837 0.0196 0.0501
203 0.0591 0.2588 0.5742 0.0538 0.0538
204 0.2493 0.3831 0.2573 0.0931 0.0172
205 0.4146 0.2720 0.1742 0.0495 0.0897
206 0.2651 0.3918 0.2981 0.0279 0.0172
207 0.2402 0.3870 0.3284 0.0261 0.0185
208 0.1803 0.2463 0.1980 0.3420 0.0334
209 0.2576 0.1538 0.4521 0.0693 0.0672
210 0.0144 0.0353 0.0530 0.2198 0.6772
211 0.0118 0.0287 0.0710 0.2256 0.6631
212 0.1545 0.2607 0.3003 0.2267 0.0577
213 0.0153 0.0270 0.0858 0.0956 0.7764
214 0.0099 0.0220 0.0318 0.0349 0.9014
215 0.0139 0.0335 0.1245 0.1116 0.7163
216 0.0341 0.1538 0.2382 0.0698 0.5044
217 0.0953 0.1431 0.2322 0.0457 0.4839
218 0.0723 0.2263 0.3506 0.0240 0.3267
219 0.0417 0.4177 0.3865 0.0354 0.1188
220 0.0573 0.3123 0.3767 0.0337 0.2197
221 0.0650 0.4583 0.2737 0.0182 0.1851
222 0.0249 0.9209 0.0395 0.0031 0.0118
223 0.0309 0.6025 0.0854 0.0917 0.1896
224 0.0724 0.5479 0.0989 0.1087 0.1724
225 0.0717 0.4458 0.3997 0.0133 0.0695
226 0.0663 0.0313 0.2426 0.1775 0.4824
227 0.0519 0.3254 0.5366 0.0184 0.0677
228 0.2603 0.0723 0.2603 0.3557 0.0513
229 0.0288 0.0533 0.2930 0.3821 0.2428
230 0.1377 0.0737 0.3354 0.3628 0.0903
231 0.2352 0.3645 0.1531 0.0396 0.2076
232 0.1705 0.1788 0.1844 0.3904 0.0757
233 0.0614 0.1449 0.3069 0.0609 0.4260
234 0.4597 0.3311 0.0824 0.0919 0.0349
235 0.0500 0.0995 0.1692 0.0326 0.6489
236 0.1575 0.0970 0.1527 0.4775 0.1152
237 0.0622 0.4089 0.4285 0.0259 0.0745
238 0.0739 0.2747 0.4597 0.0225 0.1692
239 0.0587 0.1780 0.2146 0.2214 0.3274
240 0.1038 0.1646 0.2180 0.0224 0.4912
241 0.1670 0.1835 0.4133 0.0665 0.1697
242 0.1729 0.2255 0.2053 0.1526 0.2438
243 0.0645 0.3350 0.4951 0.0379 0.0675
244 0.0254 0.1240 0.4329 0.1593 0.2585
245 0.0326 0.6641 0.2725 0.0102 0.0207
246 0.1206 0.1675 0.4771 0.0621 0.1727
247 0.0975 0.3679 0.3855 0.0269 0.1223
248 0.0355 0.7124 0.2242 0.0124 0.0154
249 0.0215 0.7925 0.1636 0.0163 0.0062
250 0.0204 0.7090 0.2489 0.0110 0.0106
251 0.0270 0.8027 0.1461 0.0179 0.0064
252 0.0672 0.5850 0.2678 0.0245 0.0557
253 0.0315 0.2939 0.4998 0.0305 0.1443
254 0.3069 0.3115 0.2905 0.0279 0.0633
255 0.2715 0.1233 0.4546 0.0569 0.0938
256 0.0487 0.4045 0.5195 0.0082 0.0194
257 0.3525 0.1801 0.3872 0.0452 0.0352
258 0.1320 0.3560 0.3789 0.0220 0.1111
259 0.1428 0.3853 0.2979 0.0121 0.1619
260 0.0071 0.7871 0.1016 0.1016 0.0027
261 0.0041 0.7290 0.0418 0.2224 0.0026
262 0.0049 0.9219 0.0648 0.0065 0.0020
263 0.1088 0.3301 0.4878 0.0611 0.0123
264 0.0635 0.4270 0.4336 0.0660 0.0100
265 0.1121 0.3591 0.4946 0.0207 0.0133
266 0.0991 0.4768 0.3406 0.0243 0.0592
267 0.0871 0.4670 0.3933 0.0117 0.0408
268 0.1145 0.4673 0.3445 0.0262 0.0477
269 0.0766 0.6118 0.2983 0.0025 0.0106
270 0.0318 0.6245 0.3093 0.0304 0.0038
271 0.0119 0.7061 0.1171 0.1503 0.0149
272 0.1324 0.1648 0.4697 0.2084 0.0247
273 0.2458 0.2346 0.3721 0.1198 0.0278
274 0.2054 0.3386 0.4314 0.0138 0.0108
275 0.2335 0.3618 0.3506 0.0378 0.0163
276 0.2024 0.3416 0.3286 0.1092 0.0181
277 0.1699 0.3054 0.4175 0.0370 0.0703
278 0.2400 0.1929 0.5000 0.0383 0.0287
279 0.1663 0.4114 0.3745 0.0234 0.0245
280 0.1733 0.3906 0.2522 0.0972 0.0865
281 0.3267 0.3589 0.1212 0.0183 0.1749
282 0.3157 0.3550 0.1798 0.0150 0.1346
283 0.0489 0.3967 0.5420 0.0093 0.0030
284 0.0620 0.5791 0.3198 0.0172 0.0216
285 0.0323 0.8203 0.1173 0.0126 0.0173
286 0.0347 0.7471 0.1615 0.0236 0.0333
287 0.1345 0.4998 0.3079 0.0178 0.0401
288 0.1130 0.5918 0.2668 0.0084 0.0199
289 0.1971 0.3459 0.4307 0.0121 0.0141
290 0.0998 0.5835 0.3074 0.0019 0.0075
291 0.4204 0.2891 0.2472 0.0132 0.0302
292 0.3779 0.2346 0.3181 0.0265 0.0427
293 0.2096 0.3977 0.3594 0.0085 0.0248
294 0.1222 0.3401 0.5186 0.0045 0.0149
295 0.1143 0.4312 0.4380 0.0058 0.0110
296 0.0807 0.4680 0.4329 0.0022 0.0160
297 0.1598 0.4883 0.3008 0.0103 0.0410
298 0.0209 0.0313 0.0136 0.0331 0.9014
299 0.0497 0.0634 0.0167 0.0422 0.8281
300 0.0293 0.0945 0.0216 0.0443 0.8101
301 0.0464 0.1282 0.0237 0.0526 0.7490
302 0.0291 0.0828 0.0271 0.0502 0.8105
303 0.0471 0.2079 0.0406 0.0439 0.6606
304 0.0543 0.1909 0.0379 0.0403 0.6768
305 0.0521 0.2546 0.0264 0.0840 0.5830
306 0.0580 0.1843 0.0308 0.0421 0.6846
307 0.2983 0.0754 0.1263 0.3772 0.1225
308 0.2983 0.0754 0.1263 0.3772 0.1225
