time exciting_prob fearful_prob tense_prob sad_prob relaxing_prob
0 0.2037 0.2830 0.2496 0.2310 0.0327
1 0.1077 0.0614 0.3167 0.4263 0.0880
2 0.1566 0.0283 0.0832 0.4392 0.2927
3 0.1345 0.0293 0.1169 0.4343 0.2849
4 0.1081 0.0255 0.0731 0.4551 0.3381
5 0.1306 0.0156 0.0986 0.3132 0.4419
6 0.1683 0.0460 0.1462 0.3296 0.3096
7 0.2152 0.0540 0.0227 0.5044 0.2037
8 0.2629 0.0916 0.0518 0.3596 0.2340
9 0.1693 0.1459 0.0695 0.2157 0.3997
10 0.3303 0.1040 0.0322 0.2325 0.3008
11 0.0181 0.4460 0.4392 0.0914 0.0052
12 0.0981 0.1736 0.4717 0.2485 0.0081
13 0.1947 0.0632 0.2024 0.5376 0.0022
14 0.2390 0.0674 0.1847 0.5059 0.0028
15 0.0752 0.0425 0.6650 0.2159 0.0013
16 0.0150 0.0286 0.2717 0.6831 0.0013
17 0.0039 0.0266 0.3555 0.6138 0.0002
18 0.0026 0.0187 0.1199 0.8589 0.0002
19 0.1819 0.0390 0.0202 0.4163 0.3425
20 0.1204 0.0446 0.0157 0.5479 0.2712
21 0.0605 0.1062 0.3025 0.4988 0.0319
22 0.0131 0.2783 0.5366 0.1702 0.0019
23 0.0184 0.2275 0.5635 0.1801 0.0107
24 0.1483 0.1012 0.2524 0.4866 0.0116
25 0.0464 0.0624 0.2546 0.6304 0.0059
26 0.0285 0.0627 0.1653 0.7407 0.0027
27 0.0815 0.0790 0.1752 0.6611 0.0033
28 0.0063 0.0431 0.1296 0.8193 0.0014
29 0.1833 0.0873 0.2013 0.3069 0.2211
30 0.1510 0.3098 0.1079 0.0665 0.3650
31 0.2003 0.4585 0.1796 0.0335 0.1283
32 0.2037 0.4116 0.2152 0.1108 0.0588
33 0.0869 0.2720 0.3835 0.2185 0.0392
34 0.2292 0.2478 0.3579 0.1588 0.0063
35 0.1422 0.0993 0.2401 0.5083 0.0102
36 0.1520 0.0381 0.1300 0.6709 0.0092
37 0.0581 0.0674 0.5103 0.3242 0.0399
38 0.0737 0.0803 0.5977 0.1150 0.1334
39 0.5317 0.1635 0.1597 0.1409 0.0045
40 0.0508 0.0311 0.3638 0.4973 0.0571
41 0.2705 0.0154 0.0549 0.6489 0.0105
42 0.0636 0.0098 0.0343 0.8716 0.0208
43 0.1096 0.3027 0.3074 0.2432 0.0370
44 0.0972 0.4324 0.1654 0.2881 0.0168
45 0.3533 0.1129 0.0958 0.2605 0.1776
46 0.1432 0.1973 0.0327 0.3330 0.2939
47 0.2125 0.0399 0.2524 0.4229 0.0723
48 0.2078 0.3792 0.1520 0.1593 0.1021
49 0.0982 0.0345 0.2283 0.6304 0.0087
50 0.1305 0.0925 0.2871 0.4736 0.0162
51 0.0779 0.0089 0.0151 0.1056 0.7925
52 0.1838 0.0401 0.2361 0.5078 0.0322
53 0.1516 0.0673 0.3638 0.2241 0.1932
54 0.6128 0.1501 0.0977 0.1284 0.0110
55 0.3499 0.0757 0.2661 0.0524 0.2559
56 0.0354 0.1359 0.7231 0.1017 0.0039
57 0.3164 0.1890 0.2351 0.2124 0.0470
58 0.0188 0.0602 0.8511 0.0677 0.0021
59 0.0300 0.2400 0.3547 0.3716 0.0036
60 0.4006 0.0847 0.0853 0.1364 0.2932
61 0.3848 0.2998 0.1351 0.0493 0.1310
62 0.1071 0.0353 0.5352 0.2489 0.0735
63 0.1693 0.1019 0.4937 0.0449 0.1903
64 0.4053 0.1650 0.2764 0.1368 0.0163
65 0.1440 0.2412 0.2231 0.3564 0.0350
66 0.1837 0.0671 0.4407 0.2981 0.0104
67 0.2612 0.0822 0.2098 0.3174 0.1293
68 0.3330 0.1973 0.0535 0.2849 0.1315
69 0.4285 0.0850 0.1338 0.3235 0.0292
70 0.2671 0.3198 0.1158 0.2451 0.0522
71 0.6118 0.0225 0.1465 0.1753 0.0436
72 0.2245 0.1708 0.5342 0.0614 0.0090
73 0.5693 0.0685 0.0482 0.1937 0.1202
74 0.2578 0.1718 0.0485 0.3667 0.1553
75 0.5098 0.2158 0.0311 0.0728 0.1707
76 0.4644 0.0752 0.0776 0.3789 0.0038
77 0.2798 0.1498 0.5308 0.0187 0.0208
78 0.1263 0.3921 0.3435 0.1064 0.0317
79 0.1172 0.0466 0.1995 0.6045 0.0320
80 0.0407 0.0737 0.1141 0.7559 0.0154
81 0.0563 0.0321 0.3093 0.5962 0.0062
82 0.1544 0.0820 0.6011 0.1473 0.0153
83 0.2773 0.1669 0.0190 0.5220 0.0149
84 0.1476 0.3513 0.2433 0.2395 0.0183
85 0.4075 0.2340 0.1140 0.2377 0.0069
86 0.2917 0.1538 0.0357 0.3035 0.2152
87 0.1664 0.0817 0.1208 0.2788 0.3523
88 0.1423 0.3308 0.4119 0.0389 0.0762
89 0.1444 0.3748 0.3035 0.0519 0.1255
90 0.0523 0.4702 0.4487 0.0280 0.0006
91 0.4382 0.1757 0.3335 0.0408 0.0118
92 0.0918 0.4773 0.3958 0.0330 0.0021
93 0.2057 0.5010 0.2330 0.0589 0.0014
94 0.0475 0.1969 0.4797 0.0696 0.2063
95 0.1525 0.0954 0.3306 0.4080 0.0135
96 0.3149 0.1571 0.1780 0.3352 0.0150
97 0.2729 0.2094 0.2354 0.1593 0.1230
98 0.1876 0.4294 0.0807 0.1952 0.1069
99 0.5146 0.1194 0.0887 0.1908 0.0867
100 0.2593 0.1169 0.2052 0.3079 0.1107
101 0.1089 0.1609 0.6025 0.1187 0.0091
102 0.0726 0.1729 0.5850 0.1676 0.0021
103 0.1434 0.1469 0.6738 0.0044 0.0313
104 0.1381 0.3638 0.0673 0.3667 0.0642
105 0.1766 0.4043 0.0502 0.2756 0.0931
106 0.3459 0.2217 0.2493 0.1622 0.0208
107 0.1207 0.5322 0.1958 0.1422 0.0090
108 0.3562 0.1722 0.2930 0.1581 0.0206
109 0.4048 0.1142 0.1304 0.3357 0.0149
110 0.0365 0.1234 0.7271 0.1072 0.0059
111 0.2291 0.1337 0.2896 0.3359 0.0116
112 0.2041 0.3784 0.3313 0.0825 0.0036
113 0.0983 0.2129 0.5107 0.1724 0.0057
114 0.3193 0.0432 0.4365 0.1656 0.0353
115 0.1782 0.0939 0.2986 0.3657 0.0635
116 0.5439 0.1177 0.1476 0.1105 0.0803
117 0.5957 0.1027 0.1628 0.1119 0.0270
118 0.1205 0.0535 0.5889 0.1205 0.1168
119 0.6792 0.0511 0.0905 0.0750 0.1041
120 0.3489 0.2201 0.1610 0.1810 0.0889
121 0.4641 0.2815 0.1111 0.0900 0.0533
122 0.4922 0.0984 0.1927 0.1598 0.0570
123 0.5415 0.2257 0.1108 0.0646 0.0575
124 0.1426 0.1052 0.6343 0.0638 0.0541
125 0.4019 0.2917 0.1274 0.0791 0.1000
126 0.2646 0.0886 0.0929 0.4792 0.0746
127 0.1613 0.3208 0.3159 0.1718 0.0303
128 0.0565 0.3357 0.2069 0.3357 0.0651
129 0.3782 0.1436 0.2681 0.2056 0.0045
130 0.1891 0.1289 0.2998 0.3730 0.0092
131 0.2568 0.3350 0.1594 0.2231 0.0256
132 0.1454 0.4141 0.2131 0.2217 0.0056
133 0.1226 0.1057 0.2808 0.4849 0.0062
134 0.2825 0.2435 0.2306 0.2417 0.0017
135 0.1278 0.1483 0.3264 0.3967 0.0007
136 0.2113 0.0453 0.0423 0.6406 0.0605
137 0.2438 0.1099 0.0904 0.4963 0.0597
138 0.3491 0.2036 0.1207 0.2761 0.0503
139 0.3545 0.0743 0.1345 0.4016 0.0351
140 0.2167 0.0932 0.5488 0.1356 0.0057
141 0.2460 0.3496 0.2498 0.1199 0.0349
142 0.7168 0.0411 0.0986 0.0897 0.0536
143 0.4614 0.0860 0.0400 0.2319 0.1807
144 0.4180 0.2419 0.1198 0.0836 0.1367
145 0.4619 0.1055 0.0569 0.3149 0.0606
146 0.1593 0.1353 0.2111 0.4539 0.0403
147 0.1328 0.2642 0.3088 0.2444 0.0497
148 0.3110 0.0099 0.0558 0.5996 0.0240
149 0.5864 0.0260 0.0745 0.2426 0.0706
150 0.2151 0.0869 0.3687 0.3130 0.0163
151 0.1509 0.2281 0.3792 0.2355 0.0064
152 0.2246 0.1544 0.0654 0.5474 0.0084
153 0.3130 0.1048 0.1116 0.4661 0.0047
154 0.2017 0.1233 0.3198 0.3430 0.0122
155 0.1202 0.1997 0.1519 0.5220 0.0064
156 0.1141 0.0370 0.3516 0.4443 0.0531
157 0.0423 0.2020 0.3228 0.4275 0.0053
158 0.0286 0.3459 0.3982 0.2268 0.0006
159 0.0128 0.5415 0.3040 0.1414 0.0003
160 0.6816 0.1923 0.0450 0.0132 0.0680
161 0.1794 0.0592 0.1809 0.4304 0.1499
162 0.0472 0.4075 0.5073 0.0376 0.0004
163 0.0534 0.0356 0.0498 0.8550 0.0060
164 0.2612 0.1293 0.3572 0.0889 0.1635
165 0.3958 0.1899 0.0377 0.3359 0.0407
166 0.2089 0.1678 0.2330 0.0717 0.3186
167 0.2605 0.0529 0.6104 0.0252 0.0513
168 0.2438 0.0962 0.2893 0.2939 0.0767
169 0.6255 0.0887 0.0569 0.1658 0.0629
170 0.3743 0.0773 0.3545 0.1796 0.0144
171 0.4485 0.3604 0.0469 0.1226 0.0216
172 0.5132 0.3337 0.0294 0.1075 0.0164
173 0.0751 0.2769 0.1182 0.5093 0.0207
174 0.1410 0.1000 0.1466 0.5889 0.0234
175 0.3506 0.1394 0.0490 0.4329 0.0281
176 0.6948 0.0575 0.0323 0.1538 0.0617
177 0.3042 0.0684 0.1239 0.4978 0.0055
178 0.1548 0.2324 0.3923 0.1942 0.0263
179 0.2913 0.1548 0.4341 0.1187 0.0013
180 0.1326 0.0631 0.3577 0.4382 0.0085
181 0.3416 0.1042 0.1075 0.2312 0.2155
182 0.4839 0.2491 0.1809 0.0697 0.0163
183 0.5220 0.1259 0.2881 0.0358 0.0283
184 0.2781 0.0362 0.1215 0.4143 0.1500
185 0.0236 0.2102 0.2615 0.5039 0.0006
186 0.0662 0.0891 0.0843 0.7573 0.0034
187 0.1785 0.2920 0.4966 0.0280 0.0049
188 0.0432 0.0137 0.0689 0.8735 0.0009
189 0.0664 0.0277 0.1020 0.8022 0.0016
190 0.2175 0.1310 0.1997 0.1567 0.2952
191 0.2399 0.0570 0.2133 0.2051 0.2849
192 0.2793 0.0226 0.1694 0.3643 0.1642
193 0.3489 0.0122 0.2218 0.3435 0.0737
194 0.2037 0.2830 0.2496 0.2310 0.0327
195 0.7432 0.0686 0.0790 0.0765 0.0327
196 0.7437 0.0687 0.0784 0.0766 0.0327
197 0.1914 0.2874 0.2496 0.2382 0.0335
