time exciting_prob fearful_prob tense_prob sad_prob relaxing_prob
0 0.1028 0.0256 0.7251 0.1202 0.0264
1 0.1694 0.0237 0.6201 0.1617 0.0252
2 0.2018 0.0211 0.3596 0.3828 0.0345
3 0.1581 0.1232 0.5605 0.1462 0.0118
4 0.1172 0.0524 0.6436 0.1815 0.0055
5 0.1707 0.0349 0.5425 0.2369 0.0151
6 0.1149 0.0596 0.6411 0.1672 0.0173
7 0.1008 0.0977 0.6079 0.1235 0.0704
8 0.3958 0.0667 0.4485 0.0773 0.0118
9 0.0528 0.0613 0.8394 0.0421 0.0043
10 0.1793 0.4651 0.3147 0.0267 0.0142
11 0.7236 0.0585 0.2025 0.0138 0.0013
12 0.2751 0.0381 0.6250 0.0493 0.0126
13 0.1497 0.1086 0.6978 0.0189 0.0252
14 0.0885 0.0734 0.7241 0.0950 0.0191
15 0.0854 0.0759 0.7979 0.0391 0.0018
16 0.3062 0.1050 0.4893 0.0934 0.0065
17 0.0908 0.0551 0.8027 0.0482 0.0031
18 0.2590 0.1956 0.4512 0.0822 0.0118
19 0.1105 0.1766 0.6875 0.0235 0.0017
20 0.1967 0.0209 0.6548 0.1086 0.0190
21 0.0836 0.0444 0.7227 0.1467 0.0027
22 0.2107 0.0906 0.6392 0.0344 0.0252
23 0.1981 0.0944 0.6104 0.0501 0.0471
24 0.2881 0.0752 0.5303 0.0471 0.0595
25 0.1384 0.0859 0.7251 0.0443 0.0061
26 0.1890 0.1720 0.5684 0.0643 0.0062
27 0.2394 0.0230 0.4336 0.2712 0.0329
28 0.2671 0.0267 0.6309 0.0686 0.0070
29 0.0290 0.0435 0.8145 0.1052 0.0078
30 0.2039 0.1100 0.5991 0.0744 0.0125
31 0.1733 0.3188 0.3394 0.1482 0.0204
32 0.3550 0.2898 0.3037 0.0368 0.0147
33 0.2820 0.1251 0.5396 0.0514 0.0020
34 0.0513 0.0432 0.8472 0.0546 0.0038
35 0.1209 0.1209 0.7407 0.0146 0.0027
36 0.1127 0.0386 0.7012 0.1447 0.0029
37 0.6704 0.0198 0.2524 0.0306 0.0268
38 0.8364 0.0173 0.1293 0.0103 0.0069
39 0.8770 0.0124 0.0961 0.0095 0.0049
40 0.2169 0.0200 0.2576 0.4592 0.0462
41 0.7476 0.0100 0.0509 0.1472 0.0442
42 0.7524 0.0095 0.0508 0.1437 0.0435
43 0.9023 0.0062 0.0564 0.0093 0.0256
44 0.8975 0.0067 0.0601 0.0103 0.0257
45 0.9062 0.0072 0.0414 0.0140 0.0312
46 0.1072 0.1609 0.2532 0.1273 0.3516
47 0.0363 0.0135 0.1207 0.6948 0.1346
48 0.1709 0.0403 0.2159 0.3911 0.1819
49 0.4111 0.0036 0.0511 0.0611 0.4731
50 0.0547 0.0136 0.2529 0.0530 0.6260
51 0.2920 0.0320 0.2422 0.1180 0.3157
52 0.2345 0.0227 0.1295 0.0849 0.5283
53 0.3096 0.0846 0.2710 0.3218 0.0132
54 0.6665 0.0784 0.1431 0.1030 0.0091
55 0.3853 0.0859 0.3347 0.1833 0.0109
56 0.5571 0.0530 0.3054 0.0687 0.0158
57 0.1262 0.5151 0.3247 0.0319 0.0022
58 0.4446 0.0303 0.4309 0.0785 0.0158
59 0.1129 0.0313 0.0568 0.2076 0.5913
60 0.1011 0.1019 0.4941 0.2505 0.0525
61 0.1183 0.0435 0.3821 0.1240 0.3320
62 0.1259 0.0438 0.2426 0.1201 0.4675
63 0.1368 0.1256 0.2120 0.0837 0.4419
64 0.0290 0.0529 0.7310 0.1791 0.0081
65 0.0552 0.0646 0.6992 0.1769 0.0040
66 0.1451 0.0410 0.5068 0.3025 0.0048
67 0.1353 0.0573 0.2031 0.0691 0.5352
68 0.1598 0.0676 0.1957 0.0692 0.5078
69 0.1744 0.0095 0.1338 0.0392 0.6431
70 0.1500 0.1304 0.2473 0.0953 0.3770
71 0.2009 0.1163 0.2073 0.1059 0.3696
72 0.3835 0.0940 0.4849 0.0253 0.0120
73 0.4363 0.0922 0.3972 0.0486 0.0258
74 0.2759 0.0569 0.5747 0.0803 0.0123
75 0.8262 0.0431 0.1227 0.0069 0.0013
76 0.1211 0.2749 0.5645 0.0372 0.0024
77 0.0815 0.2734 0.6021 0.0403 0.0025
78 0.0744 0.3838 0.5327 0.0075 0.0015
79 0.1009 0.3284 0.5586 0.0111 0.0011
80 0.1133 0.2168 0.6572 0.0121 0.0004
81 0.1166 0.0522 0.7485 0.0753 0.0072
82 0.1870 0.1134 0.5288 0.1676 0.0034
83 0.1030 0.0219 0.7734 0.0828 0.0189
84 0.2288 0.0828 0.5488 0.1273 0.0125
85 0.1710 0.0568 0.6255 0.1251 0.0217
86 0.0241 0.0097 0.9316 0.0316 0.0029
87 0.0687 0.0535 0.7803 0.0862 0.0111
88 0.2404 0.1296 0.5996 0.0289 0.0013
89 0.1219 0.1993 0.6045 0.0734 0.0008
90 0.2391 0.0937 0.6108 0.0517 0.0047
91 0.5151 0.0319 0.4014 0.0502 0.0014
92 0.1241 0.1241 0.3374 0.3425 0.0718
93 0.2627 0.1029 0.2842 0.2930 0.0573
94 0.2561 0.1482 0.4358 0.1530 0.0070
95 0.1311 0.1907 0.6450 0.0319 0.0013
96 0.1421 0.0630 0.5449 0.2100 0.0401
97 0.2781 0.0243 0.4175 0.2737 0.0065
98 0.4836 0.0233 0.2932 0.1924 0.0074
99 0.0579 0.1599 0.6626 0.1107 0.0088
100 0.1354 0.0218 0.1938 0.6455 0.0033
101 0.0861 0.1273 0.5532 0.2234 0.0100
102 0.0419 0.0997 0.7603 0.0853 0.0126
103 0.2003 0.0479 0.6567 0.0889 0.0061
104 0.2751 0.1472 0.5601 0.0163 0.0011
105 0.2133 0.0175 0.6992 0.0682 0.0017
106 0.1030 0.0271 0.7373 0.1013 0.0314
107 0.0313 0.0411 0.9141 0.0128 0.0006
108 0.0558 0.0405 0.3159 0.2008 0.3870
109 0.1775 0.0136 0.7129 0.0788 0.0170
110 0.2001 0.0235 0.2451 0.1396 0.3916
111 0.0833 0.0586 0.8481 0.0089 0.0013
112 0.4248 0.1423 0.3523 0.0744 0.0062
113 0.2039 0.3413 0.4119 0.0401 0.0028
114 0.7744 0.0484 0.1729 0.0039 0.0003
115 0.1076 0.0438 0.4861 0.1238 0.2388
116 0.0500 0.0349 0.4385 0.2421 0.2346
117 0.0567 0.2278 0.6797 0.0349 0.0008
118 0.1168 0.2551 0.6118 0.0123 0.0038
119 0.1829 0.1218 0.6797 0.0144 0.0014
120 0.1470 0.1058 0.6382 0.1010 0.0079
121 0.0169 0.0563 0.2817 0.6348 0.0103
122 0.0088 0.0521 0.0250 0.9092 0.0047
123 0.1714 0.0527 0.6074 0.1421 0.0263
124 0.2832 0.0170 0.6089 0.0824 0.0086
125 0.4180 0.0662 0.4736 0.0404 0.0018
126 0.2522 0.0585 0.6006 0.0459 0.0428
127 0.4490 0.1412 0.3284 0.0756 0.0058
128 0.2371 0.6343 0.1120 0.0128 0.0037
129 0.4365 0.4133 0.1212 0.0157 0.0133
130 0.3179 0.4482 0.2068 0.0170 0.0101
131 0.2993 0.5464 0.1328 0.0136 0.0078
132 0.5630 0.1246 0.1515 0.1445 0.0163
133 0.7773 0.1438 0.0442 0.0336 0.0011
134 0.7773 0.1119 0.0533 0.0558 0.0017
135 0.2161 0.2688 0.4502 0.0605 0.0045
136 0.1923 0.3025 0.1953 0.2842 0.0258
137 0.3401 0.3455 0.2690 0.0288 0.0165
138 0.1852 0.3740 0.3982 0.0379 0.0047
139 0.1317 0.5459 0.2788 0.0242 0.0191
140 0.0427 0.6572 0.2827 0.0103 0.0071
141 0.3506 0.0782 0.5518 0.0190 0.0005
142 0.3525 0.0751 0.5049 0.0627 0.0045
143 0.1135 0.0392 0.5952 0.2441 0.0080
144 0.4663 0.0792 0.3926 0.0570 0.0049
145 0.0865 0.0402 0.8335 0.0361 0.0035
146 0.2512 0.0999 0.6216 0.0232 0.0039
147 0.0884 0.0927 0.7402 0.0750 0.0036
148 0.0892 0.0299 0.8467 0.0326 0.0014
149 0.6172 0.0144 0.2698 0.0875 0.0111
150 0.6060 0.0187 0.2732 0.0724 0.0297
151 0.6030 0.0247 0.2783 0.0897 0.0040
152 0.4629 0.0142 0.3960 0.1100 0.0169
153 0.2411 0.0724 0.5181 0.1509 0.0175
154 0.6294 0.1011 0.2502 0.0155 0.0036
155 0.1729 0.0335 0.6523 0.1326 0.0085
156 0.3230 0.0236 0.5850 0.0598 0.0085
157 0.4226 0.1340 0.3970 0.0415 0.0046
158 0.6602 0.0242 0.1805 0.1260 0.0090
159 0.5815 0.0127 0.2463 0.1494 0.0099
160 0.4692 0.0271 0.4995 0.0030 0.0010
161 0.3860 0.0376 0.5703 0.0050 0.0012
162 0.5312 0.0334 0.3767 0.0530 0.0053
163 0.3108 0.0933 0.5542 0.0305 0.0110
164 0.3635 0.0224 0.5288 0.0739 0.0114
165 0.6919 0.0281 0.2246 0.0486 0.0067
166 0.4229 0.0254 0.4229 0.1174 0.0114
167 0.3457 0.0345 0.5698 0.0453 0.0045
168 0.6157 0.0062 0.3508 0.0250 0.0023
169 0.7490 0.0068 0.2113 0.0297 0.0029
170 0.2292 0.0305 0.3184 0.4150 0.0069
171 0.2759 0.0676 0.5747 0.0772 0.0046
172 0.7676 0.0096 0.1824 0.0365 0.0038
173 0.2328 0.0503 0.4487 0.2598 0.0086
174 0.4824 0.0202 0.4062 0.0839 0.0072
175 0.0731 0.0168 0.7378 0.1672 0.0051
176 0.1958 0.0621 0.5449 0.1913 0.0060
177 0.5942 0.0070 0.2637 0.1255 0.0097
178 0.0858 0.0170 0.7070 0.1873 0.0031
179 0.2394 0.0446 0.6504 0.0610 0.0045
180 0.2424 0.0516 0.6592 0.0418 0.0052
181 0.0760 0.0773 0.7739 0.0671 0.0056
182 0.2128 0.1428 0.5264 0.1121 0.0058
183 0.4028 0.0463 0.4092 0.1084 0.0333
184 0.4805 0.0698 0.3923 0.0511 0.0064
185 0.0856 0.0161 0.4211 0.4700 0.0072
186 0.1725 0.3770 0.4270 0.0181 0.0055
187 0.5181 0.0201 0.4573 0.0022 0.0023
188 0.4380 0.0274 0.5283 0.0028 0.0035
189 0.7153 0.0583 0.2081 0.0122 0.0063
190 0.6436 0.0762 0.2581 0.0161 0.0061
191 0.4233 0.1087 0.4541 0.0110 0.0030
192 0.2898 0.1871 0.4778 0.0210 0.0242
193 0.4846 0.0612 0.3384 0.1073 0.0084
194 0.5151 0.1313 0.3379 0.0083 0.0071
195 0.5464 0.0950 0.3264 0.0256 0.0066
196 0.2861 0.2411 0.4297 0.0342 0.0089
197 0.2490 0.2981 0.4204 0.0260 0.0065
198 0.4148 0.0823 0.4485 0.0434 0.0111
199 0.2112 0.0361 0.7310 0.0113 0.0103
200 0.4543 0.0314 0.4302 0.0708 0.0132
201 0.3108 0.0891 0.5625 0.0289 0.0086
202 0.1401 0.0632 0.6377 0.1539 0.0050
203 0.4238 0.0620 0.5034 0.0051 0.0057
204 0.4553 0.2554 0.2400 0.0420 0.0072
205 0.2585 0.1749 0.4006 0.1086 0.0573
206 0.3220 0.0406 0.6255 0.0097 0.0023
207 0.2939 0.1729 0.4885 0.0227 0.0218
208 0.5435 0.0188 0.3765 0.0560 0.0052
209 0.1083 0.0721 0.7754 0.0405 0.0035
210 0.1531 0.1019 0.7075 0.0328 0.0045
211 0.3875 0.1328 0.2993 0.1760 0.0042
212 0.4863 0.1616 0.3188 0.0272 0.0060
213 0.1118 0.0165 0.8262 0.0441 0.0011
214 0.1147 0.0214 0.7534 0.1086 0.0017
215 0.1621 0.0379 0.3076 0.4014 0.0909
216 0.0788 0.0329 0.7900 0.0958 0.0027
217 0.4233 0.2712 0.2734 0.0231 0.0088
218 0.2369 0.0763 0.5728 0.0812 0.0328
219 0.2876 0.1677 0.5088 0.0320 0.0038
220 0.1785 0.1041 0.1337 0.5244 0.0593
221 0.5923 0.0108 0.3765 0.0165 0.0037
222 0.2266 0.1005 0.5830 0.0827 0.0072
223 0.1161 0.1161 0.4414 0.3035 0.0230
224 0.1172 0.1278 0.6489 0.0972 0.0088
225 0.2754 0.1021 0.5229 0.0867 0.0130
226 0.0728 0.2444 0.5015 0.1774 0.0041
227 0.2411 0.0116 0.5781 0.1353 0.0339
228 0.3450 0.0740 0.5220 0.0297 0.0292
229 0.1012 0.0826 0.8086 0.0068 0.0007
230 0.0852 0.0879 0.8213 0.0040 0.0016
231 0.4014 0.0953 0.4917 0.0081 0.0037
232 0.1549 0.1433 0.1675 0.5000 0.0340
233 0.1549 0.1433 0.1675 0.5000 0.0340
234 0.2037 0.2830 0.2496 0.2310 0.0327
235 0.8613 0.0419 0.0316 0.0446 0.0206
236 0.8613 0.0416 0.0316 0.0443 0.0211
237 0.8628 0.0416 0.0314 0.0430 0.0211
238 0.8628 0.0416 0.0314 0.0430 0.0211
239 0.8662 0.0418 0.0306 0.0408 0.0208
240 0.8628 0.0413 0.0314 0.0433 0.0211
241 0.8633 0.0410 0.0312 0.0436 0.0210
242 0.8618 0.0413 0.0316 0.0439 0.0212
243 0.8618 0.0413 0.0316 0.0439 0.0212
244 0.8628 0.0413 0.0312 0.0436 0.0209
