time exciting_prob fearful_prob tense_prob sad_prob relaxing_prob
0 0.0452 0.0899 0.1003 0.3555 0.4092
1 0.0307 0.2781 0.3054 0.3569 0.0291
2 0.1001 0.3606 0.3896 0.1306 0.0191
3 0.1923 0.2319 0.1148 0.0175 0.4436
4 0.2072 0.2040 0.1100 0.2347 0.2441
5 0.1403 0.3159 0.1209 0.2441 0.1787
6 0.2228 0.5181 0.1708 0.0415 0.0471
7 0.2341 0.4241 0.1015 0.1465 0.0939
8 0.2654 0.4956 0.1536 0.0547 0.0307
9 0.0788 0.3420 0.4463 0.0393 0.0936
10 0.0572 0.2705 0.4824 0.0516 0.1382
11 0.0916 0.2063 0.3481 0.2527 0.1013
12 0.3853 0.2690 0.1364 0.1281 0.0814
13 0.3135 0.2087 0.1050 0.2991 0.0739
14 0.3328 0.2067 0.1123 0.2891 0.0592
15 0.0670 0.8164 0.0615 0.0530 0.0022
16 0.1709 0.6157 0.0997 0.1045 0.0094
17 0.0746 0.5693 0.0989 0.2372 0.0201
18 0.0573 0.0582 0.1272 0.1312 0.6260
19 0.1362 0.3269 0.1321 0.0429 0.3618
20 0.2478 0.3992 0.1575 0.0085 0.1870
21 0.2009 0.2502 0.3113 0.2106 0.0270
22 0.3357 0.1610 0.1206 0.3518 0.0310
23 0.2238 0.1490 0.2617 0.0349 0.3308
24 0.1613 0.2039 0.2498 0.0466 0.3386
25 0.1697 0.2886 0.1062 0.3884 0.0471
26 0.0695 0.3369 0.4326 0.1404 0.0206
27 0.0994 0.3523 0.2188 0.0508 0.2788
28 0.1103 0.1936 0.5098 0.1394 0.0467
29 0.0773 0.3330 0.2325 0.2117 0.1455
30 0.1733 0.4714 0.1591 0.0228 0.1733
31 0.0783 0.1582 0.3677 0.2820 0.1139
32 0.1768 0.1584 0.4109 0.2416 0.0123
33 0.3235 0.3337 0.2598 0.0756 0.0074
34 0.3118 0.1642 0.1094 0.3167 0.0981
35 0.2267 0.4236 0.2032 0.1194 0.0271
36 0.1919 0.5137 0.1494 0.1320 0.0131
37 0.2666 0.3645 0.1069 0.2109 0.0509
38 0.2620 0.1163 0.2139 0.1247 0.2832
39 0.3174 0.1252 0.3225 0.1097 0.1252
40 0.2262 0.2502 0.2279 0.1460 0.1495
41 0.1210 0.4497 0.3240 0.0794 0.0258
42 0.1793 0.6357 0.1510 0.0197 0.0146
43 0.1993 0.6089 0.1425 0.0336 0.0156
44 0.2338 0.5566 0.1204 0.0582 0.0312
45 0.0931 0.4690 0.2632 0.0514 0.1234
46 0.2357 0.2015 0.2756 0.2588 0.0284
47 0.1438 0.5684 0.1694 0.0493 0.0690
48 0.2301 0.6450 0.0675 0.0211 0.0361
49 0.1169 0.3279 0.0977 0.0588 0.3987
50 0.0701 0.2059 0.0623 0.0173 0.6445
51 0.1986 0.4475 0.1022 0.2147 0.0367
52 0.3140 0.3789 0.0684 0.1935 0.0452
53 0.2471 0.4990 0.1131 0.1140 0.0269
54 0.0460 0.1094 0.0390 0.7476 0.0581
55 0.4512 0.3799 0.1072 0.0265 0.0351
56 0.4697 0.3689 0.1090 0.0312 0.0211
57 0.2778 0.4800 0.1499 0.0645 0.0277
58 0.2312 0.4670 0.2009 0.0642 0.0366
59 0.1141 0.4304 0.2673 0.1647 0.0234
60 0.1648 0.5073 0.1635 0.1234 0.0410
61 0.1669 0.0304 0.1669 0.4468 0.1891
62 0.2490 0.0686 0.2097 0.3679 0.1046
63 0.2302 0.1046 0.2527 0.3511 0.0615
64 0.1053 0.1907 0.4502 0.2094 0.0446
65 0.3997 0.3445 0.1328 0.1068 0.0162
66 0.3274 0.5151 0.1022 0.0397 0.0156
67 0.3838 0.3662 0.1180 0.1058 0.0261
68 0.2219 0.1074 0.2964 0.2964 0.0779
69 0.4404 0.1595 0.2549 0.0847 0.0605
70 0.2917 0.0890 0.2380 0.2827 0.0984
71 0.1719 0.3640 0.2971 0.1393 0.0278
72 0.1415 0.3967 0.2368 0.0378 0.1874
73 0.1925 0.2268 0.4272 0.0875 0.0660
74 0.2383 0.2186 0.3960 0.1017 0.0455
75 0.0619 0.1147 0.6548 0.0378 0.1310
76 0.1353 0.1697 0.5435 0.0307 0.1212
77 0.3152 0.2184 0.3572 0.0561 0.0531
78 0.1815 0.1505 0.0799 0.0378 0.5503
79 0.1558 0.5439 0.2451 0.0219 0.0334
80 0.2705 0.0109 0.1382 0.4675 0.1128
81 0.2020 0.4624 0.3130 0.0110 0.0116
82 0.2583 0.5054 0.1693 0.0470 0.0199
83 0.2003 0.6416 0.1410 0.0096 0.0076
84 0.2264 0.5352 0.2128 0.0199 0.0059
85 0.5098 0.2372 0.0958 0.1531 0.0039
86 0.1971 0.3625 0.2018 0.0895 0.1488
87 0.0817 0.1285 0.2595 0.5005 0.0298
88 0.0393 0.1036 0.1373 0.6650 0.0546
89 0.4805 0.3772 0.0671 0.0239 0.0514
90 0.2642 0.5723 0.0545 0.0431 0.0657
91 0.2812 0.2644 0.1667 0.1775 0.1102
92 0.3789 0.2998 0.1249 0.0309 0.1655
93 0.2935 0.1365 0.4138 0.1223 0.0340
94 0.3555 0.1760 0.4221 0.0336 0.0127
95 0.1998 0.1709 0.5024 0.0619 0.0649
96 0.3320 0.0801 0.3425 0.1473 0.0981
97 0.6997 0.0682 0.1537 0.0058 0.0726
98 0.5039 0.3408 0.0876 0.0111 0.0565
99 0.3645 0.4260 0.1832 0.0204 0.0059
100 0.4480 0.3276 0.1115 0.0203 0.0925
101 0.1458 0.1327 0.4780 0.1947 0.0488
102 0.0782 0.1951 0.6006 0.0628 0.0633
103 0.1437 0.4639 0.2140 0.1278 0.0508
104 0.1654 0.4939 0.1329 0.1060 0.1019
105 0.0667 0.5044 0.2039 0.1945 0.0305
106 0.1418 0.1375 0.3074 0.4009 0.0127
107 0.4631 0.4316 0.0575 0.0130 0.0349
108 0.4121 0.3931 0.1277 0.0315 0.0357
109 0.3838 0.4351 0.0739 0.0532 0.0540
110 0.1854 0.6226 0.1444 0.0303 0.0174
111 0.2239 0.2498 0.3013 0.1901 0.0349
112 0.2939 0.2964 0.1611 0.2037 0.0447
113 0.3630 0.4885 0.0677 0.0221 0.0588
114 0.3281 0.3838 0.0978 0.1295 0.0607
115 0.4092 0.4221 0.1154 0.0306 0.0229
116 0.4807 0.3628 0.1133 0.0239 0.0192
117 0.2438 0.1869 0.3206 0.2363 0.0125
118 0.1896 0.1431 0.0968 0.5400 0.0307
119 0.3625 0.4043 0.0902 0.1224 0.0206
120 0.4116 0.4116 0.1256 0.0291 0.0218
121 0.4209 0.2324 0.2133 0.0472 0.0862
122 0.3311 0.1992 0.2040 0.0632 0.2024
123 0.1292 0.2048 0.2163 0.0874 0.3623
124 0.1497 0.2979 0.2393 0.0665 0.2468
125 0.2844 0.2001 0.0703 0.0916 0.3538
126 0.3372 0.0134 0.1892 0.2795 0.1805
127 0.5337 0.1653 0.1843 0.0424 0.0745
128 0.1986 0.2434 0.2590 0.0720 0.2269
129 0.1072 0.0289 0.0110 0.0159 0.8369
130 0.1384 0.1892 0.0525 0.0093 0.6104
131 0.2571 0.2452 0.3406 0.0348 0.1224
132 0.1575 0.0441 0.0160 0.0197 0.7627
133 0.1636 0.1008 0.0349 0.0383 0.6626
134 0.1855 0.2942 0.2920 0.0352 0.1930
135 0.0820 0.0555 0.0446 0.0153 0.8027
136 0.0781 0.0296 0.3391 0.5254 0.0278
137 0.1259 0.0788 0.0449 0.1949 0.5557
138 0.1208 0.1677 0.0844 0.2054 0.4216
139 0.0840 0.2283 0.3320 0.0235 0.3320
140 0.4089 0.3210 0.0202 0.1887 0.0612
141 0.5410 0.2383 0.0424 0.1074 0.0710
142 0.5522 0.2527 0.0494 0.0827 0.0629
143 0.5391 0.2732 0.0538 0.0777 0.0560
144 0.5107 0.3074 0.0226 0.0930 0.0660
145 0.5386 0.2227 0.0141 0.1495 0.0752
146 0.6621 0.1660 0.0236 0.0797 0.0687
147 0.5918 0.3293 0.0260 0.0277 0.0250
148 0.7471 0.1449 0.0062 0.0432 0.0585
149 0.6064 0.2031 0.0143 0.1038 0.0724
150 0.5244 0.3208 0.0166 0.0744 0.0637
151 0.6948 0.2037 0.0182 0.0285 0.0548
152 0.1139 0.5308 0.1863 0.0974 0.0718
153 0.0917 0.1942 0.2532 0.1356 0.3252
154 0.1278 0.2388 0.1980 0.1382 0.2971
155 0.0798 0.3633 0.4116 0.1276 0.0177
156 0.0392 0.4707 0.3445 0.1307 0.0148
157 0.0806 0.1818 0.3291 0.2059 0.2028
158 0.2035 0.4807 0.0519 0.1345 0.1294
159 0.2260 0.2123 0.1101 0.1229 0.3289
160 0.0782 0.2524 0.4941 0.1394 0.0358
161 0.1204 0.1499 0.6714 0.0211 0.0370
162 0.0905 0.3013 0.5288 0.0458 0.0335
163 0.1519 0.7080 0.1086 0.0229 0.0087
164 0.1899 0.4348 0.2365 0.1143 0.0245
165 0.0707 0.4131 0.3818 0.1202 0.0142
166 0.2524 0.5645 0.1340 0.0228 0.0264
167 0.8311 0.1107 0.0407 0.0051 0.0122
168 0.5576 0.3357 0.0454 0.0325 0.0289
169 0.3167 0.2974 0.2883 0.0746 0.0231
170 0.3113 0.1830 0.1219 0.3064 0.0775
171 0.1132 0.1753 0.1925 0.4839 0.0351
172 0.1688 0.4812 0.2576 0.0856 0.0069
173 0.4167 0.4104 0.1213 0.0254 0.0260
174 0.3127 0.5493 0.0726 0.0298 0.0356
175 0.1750 0.5874 0.1364 0.0860 0.0151
176 0.0905 0.8062 0.0744 0.0154 0.0135
177 0.2124 0.5640 0.0787 0.1219 0.0231
178 0.2460 0.5288 0.1423 0.0617 0.0212
179 0.1146 0.1555 0.1111 0.5469 0.0718
180 0.1635 0.3982 0.2891 0.0569 0.0924
181 0.3821 0.2668 0.2839 0.0367 0.0304
182 0.2817 0.4790 0.1749 0.0501 0.0142
183 0.0667 0.2135 0.3521 0.3577 0.0101
184 0.1981 0.3970 0.2859 0.1028 0.0160
185 0.0928 0.2074 0.4602 0.2208 0.0188
186 0.0983 0.3223 0.4800 0.0923 0.0073
187 0.1797 0.0646 0.3411 0.4050 0.0097
188 0.2544 0.0674 0.2043 0.4260 0.0478
189 0.0066 0.6943 0.2939 0.0049 0.0003
190 0.0089 0.6357 0.3511 0.0043 0.0002
191 0.0594 0.4783 0.4221 0.0333 0.0068
192 0.0717 0.4861 0.3669 0.0674 0.0078
193 0.0958 0.4824 0.3877 0.0235 0.0105
194 0.0538 0.0974 0.1310 0.7085 0.0095
195 0.7163 0.1057 0.0507 0.0810 0.0465
196 0.7476 0.0740 0.0439 0.0936 0.0409
197 0.7700 0.0799 0.0414 0.0642 0.0445
198 0.7700 0.0799 0.0414 0.0647 0.0441
199 0.6392 0.1681 0.0729 0.0782 0.0415
