time exciting_prob fearful_prob tense_prob sad_prob relaxing_prob
0 0.2037 0.2830 0.2496 0.2310 0.0327
1 0.2437 0.4587 0.1356 0.1031 0.0588
2 0.7041 0.0119 0.1895 0.0754 0.0192
3 0.6567 0.0144 0.2051 0.0977 0.0259
4 0.4282 0.0025 0.5166 0.0511 0.0018
5 0.5356 0.0029 0.3799 0.0790 0.0023
6 0.4797 0.0032 0.3735 0.1375 0.0061
7 0.5596 0.0051 0.3340 0.0928 0.0086
8 0.4832 0.1021 0.2467 0.0974 0.0707
9 0.1569 0.0789 0.3943 0.3425 0.0275
10 0.8125 0.0265 0.0503 0.0182 0.0926
11 0.7080 0.0136 0.0723 0.0974 0.1086
12 0.8472 0.0142 0.0679 0.0228 0.0482
13 0.7842 0.0125 0.1061 0.0525 0.0449
14 0.1605 0.0654 0.3701 0.2839 0.1202
15 0.4062 0.0851 0.2026 0.2124 0.0935
16 0.2825 0.1700 0.3103 0.1356 0.1016
17 0.1382 0.1248 0.4712 0.1964 0.0695
18 0.1407 0.0551 0.3796 0.1908 0.2338
19 0.1149 0.0385 0.6509 0.1195 0.0760
20 0.0544 0.0786 0.3718 0.1346 0.3604
21 0.1146 0.0832 0.4678 0.1542 0.1803
22 0.2375 0.1071 0.3098 0.3003 0.0453
23 0.2035 0.1421 0.3743 0.1912 0.0889
24 0.4121 0.0240 0.1829 0.3159 0.0652
25 0.4260 0.0638 0.4001 0.0859 0.0240
26 0.3979 0.1088 0.3198 0.1333 0.0403
27 0.2812 0.0456 0.2949 0.1318 0.2463
28 0.4045 0.0437 0.1973 0.2200 0.1345
29 0.1917 0.0311 0.3311 0.3638 0.0825
30 0.2217 0.0178 0.1647 0.2632 0.3328
31 0.2637 0.0335 0.0941 0.1236 0.4851
32 0.0166 0.0336 0.9072 0.0411 0.0013
33 0.0278 0.0558 0.8467 0.0673 0.0025
34 0.1736 0.2607 0.3618 0.0846 0.1193
35 0.3440 0.3284 0.0919 0.2222 0.0138
36 0.3088 0.4221 0.0851 0.1705 0.0136
37 0.2374 0.0518 0.1046 0.1697 0.4368
38 0.3398 0.0789 0.1497 0.1121 0.3193
39 0.1370 0.0870 0.0417 0.4705 0.2639
40 0.2920 0.2346 0.0933 0.1915 0.1885
41 0.1875 0.2952 0.1531 0.2228 0.1416
42 0.2006 0.1161 0.3928 0.1945 0.0963
43 0.0807 0.1342 0.4231 0.1683 0.1937
44 0.0673 0.1127 0.5635 0.1577 0.0987
45 0.1508 0.0467 0.6060 0.1736 0.0231
46 0.1825 0.2573 0.1160 0.0454 0.3987
47 0.1343 0.3977 0.1969 0.0183 0.2529
48 0.1306 0.3750 0.1975 0.0269 0.2700
49 0.2556 0.0817 0.4558 0.0677 0.1390
50 0.0898 0.2205 0.2383 0.3440 0.1074
51 0.1225 0.3518 0.1356 0.2893 0.1008
52 0.1870 0.0710 0.5410 0.1152 0.0856
53 0.1798 0.1975 0.3035 0.1490 0.1702
54 0.1757 0.1638 0.2598 0.2942 0.1066
55 0.1268 0.2686 0.5684 0.0156 0.0207
56 0.2512 0.2983 0.0835 0.0910 0.2759
57 0.1494 0.0328 0.7354 0.0684 0.0141
58 0.1952 0.0479 0.4399 0.2798 0.0373
59 0.3738 0.2590 0.1302 0.0834 0.1534
60 0.4180 0.1783 0.2720 0.0462 0.0856
61 0.2842 0.2976 0.1984 0.0654 0.1544
62 0.2568 0.1475 0.0840 0.3538 0.1582
63 0.1234 0.1559 0.0809 0.5273 0.1123
64 0.0486 0.0416 0.1737 0.6255 0.1104
65 0.1653 0.2405 0.2025 0.0191 0.3726
66 0.1864 0.0605 0.4612 0.2671 0.0248
67 0.2026 0.1085 0.3967 0.0988 0.1934
68 0.2788 0.0716 0.4387 0.0812 0.1296
69 0.2883 0.2108 0.3730 0.0886 0.0393
70 0.2695 0.2286 0.3225 0.0803 0.0991
71 0.1569 0.0735 0.3792 0.1968 0.1937
72 0.2482 0.2074 0.3340 0.1288 0.0818
73 0.1984 0.0517 0.3025 0.2979 0.1497
74 0.2898 0.0884 0.2440 0.2023 0.1757
75 0.1241 0.1053 0.4231 0.1193 0.2283
76 0.0470 0.0493 0.8208 0.0800 0.0030
77 0.5444 0.0842 0.1987 0.0239 0.1488
78 0.0841 0.0606 0.7612 0.0909 0.0032
79 0.1504 0.1144 0.2722 0.4561 0.0069
80 0.5151 0.0426 0.3174 0.0635 0.0615
81 0.2277 0.0987 0.4287 0.2073 0.0378
82 0.4963 0.2345 0.1885 0.0417 0.0389
83 0.4907 0.0107 0.1202 0.1863 0.1921
84 0.5718 0.0174 0.1469 0.1458 0.1180
85 0.1741 0.1410 0.4695 0.2003 0.0151
86 0.2620 0.0603 0.2834 0.2925 0.1018
87 0.2576 0.2477 0.3359 0.1108 0.0480
88 0.1575 0.0621 0.2852 0.4084 0.0870
89 0.3235 0.1256 0.1564 0.3159 0.0786
90 0.1740 0.3860 0.2268 0.1442 0.0692
91 0.2305 0.0583 0.5444 0.1007 0.0660
92 0.1263 0.2252 0.4207 0.1622 0.0656
93 0.2378 0.0167 0.3921 0.0620 0.2913
94 0.1787 0.0418 0.2123 0.1035 0.4636
95 0.1987 0.1768 0.1334 0.2217 0.2695
96 0.1328 0.0745 0.0994 0.1639 0.5293
97 0.1597 0.1726 0.4207 0.1015 0.1454
98 0.0481 0.1506 0.0563 0.0266 0.7183
99 0.0793 0.0177 0.5010 0.1577 0.2443
100 0.5664 0.0175 0.1032 0.1958 0.1169
101 0.1722 0.0356 0.2883 0.4536 0.0501
102 0.0942 0.0845 0.6699 0.1318 0.0196
103 0.2842 0.1462 0.2864 0.2129 0.0702
104 0.2722 0.1161 0.2681 0.3181 0.0255
105 0.1368 0.2808 0.2345 0.0738 0.2742
106 0.2800 0.0697 0.3174 0.3174 0.0158
107 0.1913 0.3716 0.1959 0.0709 0.1702
108 0.1903 0.0191 0.5591 0.2123 0.0190
109 0.4026 0.1034 0.2189 0.2422 0.0331
110 0.1632 0.1558 0.3735 0.2820 0.0256
111 0.4124 0.1371 0.1787 0.0387 0.2332
112 0.5728 0.1173 0.1980 0.0520 0.0599
113 0.4097 0.0886 0.1508 0.1299 0.2211
114 0.2585 0.1580 0.2194 0.2817 0.0826
115 0.1093 0.0613 0.1448 0.0456 0.6392
116 0.2627 0.0155 0.5225 0.0403 0.1593
117 0.1854 0.0992 0.5366 0.1637 0.0151
118 0.4387 0.0831 0.3582 0.0844 0.0357
119 0.1710 0.1521 0.6113 0.0367 0.0290
120 0.1135 0.1338 0.4780 0.1842 0.0905
121 0.3442 0.1930 0.2808 0.1626 0.0194
122 0.1594 0.0542 0.3481 0.2886 0.1497
123 0.2827 0.0992 0.1688 0.1663 0.2827
124 0.1420 0.1272 0.6665 0.0556 0.0087
125 0.3516 0.0961 0.3303 0.1097 0.1124
126 0.2893 0.1089 0.3489 0.2117 0.0410
127 0.2561 0.2173 0.3784 0.1076 0.0405
128 0.2239 0.0863 0.4595 0.1492 0.0811
129 0.3677 0.0860 0.4265 0.0901 0.0295
130 0.6147 0.0347 0.1494 0.1229 0.0781
131 0.3010 0.0977 0.2676 0.2185 0.1151
132 0.3650 0.2776 0.2627 0.0522 0.0426
133 0.2773 0.3093 0.3193 0.0614 0.0326
134 0.2625 0.2045 0.2625 0.0944 0.1763
135 0.0986 0.0197 0.1757 0.0220 0.6841
136 0.0469 0.0143 0.1945 0.0328 0.7114
137 0.1273 0.1560 0.5708 0.1421 0.0040
138 0.0603 0.1771 0.7007 0.0553 0.0066
139 0.1833 0.1077 0.3022 0.0974 0.3093
140 0.6045 0.0349 0.1493 0.0150 0.1963
141 0.0293 0.0322 0.0671 0.0141 0.8574
142 0.0905 0.0455 0.2384 0.1588 0.4668
143 0.4817 0.2223 0.1403 0.0041 0.1516
144 0.6016 0.0814 0.1300 0.0108 0.1764
145 0.1433 0.0925 0.1000 0.5850 0.0792
146 0.3020 0.0485 0.4788 0.1299 0.0409
147 0.1240 0.0950 0.6006 0.1383 0.0422
148 0.0966 0.1166 0.2318 0.0718 0.4832
149 0.3186 0.0964 0.4971 0.0308 0.0571
150 0.2654 0.0749 0.4661 0.0602 0.1335
151 0.0740 0.0415 0.7964 0.0277 0.0605
152 0.2681 0.2328 0.2070 0.0263 0.2659
153 0.2822 0.4202 0.2180 0.0061 0.0736
154 0.6299 0.1735 0.0729 0.0406 0.0833
155 0.4021 0.2421 0.1613 0.1117 0.0830
156 0.0676 0.0444 0.2634 0.5488 0.0755
157 0.2390 0.4431 0.1005 0.1593 0.0581
158 0.3445 0.4287 0.0594 0.0366 0.1307
159 0.1481 0.1842 0.1153 0.3086 0.2440
160 0.0877 0.0948 0.2499 0.5127 0.0549
161 0.1625 0.4216 0.2120 0.1091 0.0948
162 0.2463 0.3289 0.1846 0.1210 0.1191
163 0.0880 0.2078 0.3374 0.1805 0.1863
164 0.1742 0.1107 0.2036 0.4377 0.0737
165 0.2808 0.2402 0.2328 0.1758 0.0704
166 0.3582 0.1034 0.3391 0.1190 0.0805
167 0.1857 0.2240 0.1075 0.2722 0.2104
168 0.0277 0.1029 0.0373 0.0479 0.7842
169 0.1311 0.2798 0.1364 0.0990 0.3538
170 0.1593 0.1300 0.2111 0.4331 0.0664
171 0.3530 0.2603 0.2028 0.1383 0.0456
172 0.0496 0.0970 0.2852 0.3083 0.2598
173 0.4031 0.0845 0.3906 0.0711 0.0508
174 0.4912 0.0765 0.3623 0.0271 0.0429
175 0.1102 0.3044 0.1630 0.1818 0.2407
176 0.4277 0.0743 0.2656 0.1676 0.0646
177 0.4836 0.0990 0.2979 0.0471 0.0724
178 0.2874 0.1326 0.4773 0.0236 0.0792
179 0.0430 0.0112 0.1151 0.0315 0.7993
180 0.2137 0.3062 0.3638 0.0424 0.0739
181 0.1026 0.2922 0.2347 0.3159 0.0545
182 0.5444 0.1660 0.1824 0.0219 0.0854
183 0.2708 0.0886 0.4031 0.0723 0.1654
184 0.4221 0.3015 0.1541 0.0051 0.1172
185 0.5732 0.0981 0.1631 0.0442 0.1212
186 0.5376 0.1083 0.2404 0.0380 0.0756
187 0.5308 0.1311 0.2062 0.0385 0.0937
188 0.1350 0.1934 0.2903 0.3557 0.0256
189 0.0652 0.2499 0.4250 0.1588 0.1010
190 0.0972 0.1760 0.4861 0.2124 0.0281
191 0.2786 0.0163 0.3416 0.3389 0.0247
192 0.5391 0.0735 0.3000 0.0145 0.0729
193 0.3474 0.1415 0.2191 0.0456 0.2463
194 0.5576 0.0939 0.0778 0.0154 0.2554
195 0.2272 0.0977 0.2069 0.3574 0.1107
196 0.1924 0.1407 0.3271 0.1725 0.1671
197 0.3557 0.0723 0.4675 0.0613 0.0432
198 0.1554 0.1211 0.2158 0.4429 0.0648
199 0.4753 0.0546 0.3167 0.0807 0.0729
200 0.2908 0.3425 0.1998 0.1364 0.0304
201 0.1873 0.0618 0.2025 0.4858 0.0627
202 0.1798 0.1757 0.4592 0.0699 0.1152
203 0.2881 0.1542 0.1803 0.3215 0.0558
204 0.2046 0.2842 0.2468 0.2318 0.0326
205 0.3059 0.0876 0.5757 0.0166 0.0141
206 0.2559 0.0683 0.0986 0.3442 0.2329
207 0.1024 0.4587 0.3804 0.0340 0.0243
208 0.2374 0.1620 0.5352 0.0391 0.0264
209 0.1103 0.1472 0.4326 0.2883 0.0215
210 0.1224 0.0999 0.3079 0.1896 0.2803
211 0.4995 0.1063 0.2002 0.1015 0.0924
212 0.5039 0.0469 0.1216 0.1810 0.1466
213 0.1479 0.2477 0.3896 0.1870 0.0276
214 0.2615 0.0911 0.1255 0.2742 0.2477
215 0.2203 0.1274 0.5454 0.0786 0.0284
216 0.2218 0.2200 0.4111 0.0875 0.0597
217 0.2864 0.0702 0.3074 0.3049 0.0311
218 0.1087 0.1223 0.4299 0.3098 0.0293
219 0.2539 0.0352 0.5093 0.1370 0.0647
220 0.5522 0.0960 0.1354 0.0370 0.1793
221 0.3477 0.0439 0.1240 0.3396 0.1449
222 0.1755 0.0239 0.3774 0.4019 0.0213
223 0.2708 0.0439 0.5264 0.1036 0.0555
224 0.1787 0.2009 0.3752 0.2312 0.0138
225 0.0812 0.0504 0.1506 0.3115 0.4062
226 0.5347 0.0629 0.2729 0.0112 0.1183
227 0.2218 0.0267 0.0984 0.3545 0.2986
228 0.5293 0.0689 0.3040 0.0278 0.0700
229 0.3279 0.1225 0.4446 0.0743 0.0310
230 0.2335 0.0776 0.3218 0.2487 0.1183
231 0.1610 0.1754 0.2961 0.3252 0.0423
232 0.0095 0.0092 0.0515 0.0167 0.9131
233 0.0326 0.0154 0.0794 0.0643 0.8081
234 0.5073 0.0353 0.1571 0.1940 0.1063
235 0.6504 0.1193 0.1569 0.0060 0.0674
236 0.0829 0.3035 0.2986 0.2678 0.0473
237 0.0410 0.0249 0.1168 0.7979 0.0197
238 0.1824 0.0917 0.4805 0.1768 0.0687
239 0.1118 0.0571 0.5859 0.0536 0.1917
240 0.3540 0.0365 0.4106 0.1583 0.0403
241 0.2729 0.0409 0.1860 0.4788 0.0214
242 0.1652 0.1691 0.4490 0.1050 0.1118
243 0.2891 0.3950 0.1080 0.0975 0.1105
244 0.2346 0.4702 0.0540 0.1009 0.1401
245 0.6235 0.0745 0.1277 0.0405 0.1338
246 0.6538 0.0972 0.1051 0.0238 0.1200
247 0.3555 0.0512 0.1517 0.0972 0.3445
248 0.2251 0.0938 0.2632 0.0556 0.3625
249 0.2622 0.0723 0.1964 0.1831 0.2859
250 0.0490 0.0311 0.2109 0.1617 0.5474
251 0.0540 0.0404 0.2537 0.1316 0.5205
252 0.0495 0.0269 0.3381 0.1648 0.4207
253 0.4856 0.0745 0.2330 0.1577 0.0492
254 0.6230 0.1527 0.1716 0.0142 0.0383
255 0.5767 0.0979 0.1858 0.0818 0.0576
256 0.1942 0.3201 0.2100 0.2166 0.0592
257 0.0884 0.6743 0.0756 0.0884 0.0733
258 0.0756 0.3811 0.1541 0.0781 0.3110
259 0.7632 0.0837 0.0884 0.0194 0.0451
260 0.1221 0.2175 0.1804 0.3879 0.0921
261 0.4133 0.0568 0.1819 0.2566 0.0915
262 0.3369 0.3728 0.0746 0.0297 0.1860
263 0.2074 0.3313 0.0980 0.0520 0.3113
264 0.2795 0.0746 0.4468 0.1095 0.0894
265 0.4087 0.0683 0.3496 0.0637 0.1100
266 0.3123 0.0731 0.3857 0.1140 0.1149
267 0.1515 0.0127 0.5371 0.2920 0.0069
268 0.5732 0.0323 0.2710 0.1202 0.0031
269 0.6440 0.0222 0.2261 0.1051 0.0028
270 0.7432 0.0367 0.1880 0.0288 0.0032
271 0.2047 0.2842 0.2468 0.2319 0.0324
