time exciting_prob fearful_prob tense_prob sad_prob relaxing_prob
0 0.1014 0.3174 0.2050 0.3486 0.0277
1 0.1559 0.0359 0.4443 0.3513 0.0125
2 0.1628 0.0717 0.3091 0.4426 0.0137
3 0.1766 0.0518 0.0385 0.7319 0.0012
4 0.1608 0.0551 0.3513 0.4304 0.0023
5 0.0920 0.0878 0.2925 0.5137 0.0141
6 0.1132 0.3596 0.1699 0.3225 0.0348
7 0.4355 0.0041 0.0118 0.4858 0.0627
8 0.5591 0.0025 0.0118 0.3723 0.0545
9 0.3059 0.0276 0.2917 0.3359 0.0389
10 0.2773 0.0244 0.1351 0.5181 0.0453
11 0.3191 0.0256 0.2263 0.3850 0.0439
12 0.4026 0.0246 0.1732 0.3667 0.0331
13 0.2505 0.0224 0.1643 0.5303 0.0326
14 0.3032 0.0133 0.1082 0.5405 0.0346
15 0.1366 0.0175 0.1500 0.6724 0.0237
16 0.1271 0.0179 0.1581 0.6763 0.0207
17 0.1477 0.1304 0.5234 0.1796 0.0188
18 0.2769 0.1692 0.3667 0.1589 0.0285
19 0.1824 0.0681 0.2737 0.4656 0.0100
20 0.1429 0.0649 0.2800 0.4990 0.0132
21 0.1110 0.0558 0.4058 0.4058 0.0215
22 0.2781 0.0539 0.0476 0.5278 0.0925
23 0.2729 0.0529 0.0521 0.5820 0.0399
24 0.2927 0.0355 0.4001 0.2583 0.0134
25 0.2463 0.0358 0.4602 0.2042 0.0533
26 0.4099 0.0350 0.1967 0.3293 0.0292
27 0.3865 0.0303 0.1943 0.3748 0.0141
28 0.2324 0.1115 0.0682 0.5796 0.0083
29 0.1659 0.0765 0.0397 0.7090 0.0087
30 0.3162 0.0763 0.3640 0.2350 0.0084
31 0.1677 0.0575 0.3386 0.4216 0.0145
32 0.2192 0.0643 0.3044 0.4033 0.0089
33 0.3738 0.0342 0.2910 0.2866 0.0145
34 0.4707 0.0299 0.2639 0.2223 0.0131
35 0.1423 0.0562 0.0287 0.7695 0.0031
36 0.0836 0.0738 0.0276 0.8120 0.0030
37 0.1029 0.0582 0.1046 0.6606 0.0735
38 0.0336 0.0249 0.1267 0.7881 0.0266
39 0.3835 0.0786 0.1899 0.3130 0.0349
40 0.2710 0.0674 0.1670 0.4539 0.0406
41 0.3613 0.0396 0.0906 0.4497 0.0585
42 0.3159 0.0504 0.1414 0.4153 0.0768
43 0.3066 0.0352 0.1371 0.4822 0.0390
44 0.2030 0.0765 0.2488 0.3823 0.0894
45 0.2338 0.0783 0.3481 0.2374 0.1021
46 0.0792 0.0532 0.0884 0.6846 0.0948
47 0.0845 0.0707 0.0865 0.6758 0.0826
48 0.3779 0.0836 0.2742 0.2169 0.0473
49 0.2009 0.0448 0.0532 0.6797 0.0213
50 0.2153 0.0575 0.0558 0.6328 0.0383
51 0.1986 0.0255 0.2323 0.4338 0.1097
52 0.1382 0.0150 0.0313 0.6592 0.1565
53 0.1094 0.0145 0.0950 0.7593 0.0219
54 0.1481 0.1017 0.0627 0.6582 0.0294
55 0.2874 0.0843 0.1929 0.4280 0.0077
56 0.1764 0.0894 0.4470 0.2798 0.0073
57 0.1270 0.0372 0.0254 0.6011 0.2094
58 0.0717 0.0504 0.0381 0.7949 0.0452
59 0.3550 0.0261 0.0308 0.5762 0.0122
60 0.4688 0.0551 0.0821 0.3738 0.0203
61 0.1593 0.0486 0.0501 0.7197 0.0221
62 0.0956 0.1979 0.0787 0.6191 0.0089
63 0.1814 0.0891 0.1469 0.5674 0.0152
64 0.1072 0.0511 0.1160 0.7104 0.0154
65 0.1750 0.0446 0.0279 0.7373 0.0153
66 0.1377 0.0651 0.0284 0.7563 0.0125
67 0.1547 0.1186 0.0797 0.6265 0.0208
68 0.1059 0.0463 0.0246 0.8198 0.0032
69 0.4512 0.0074 0.0547 0.4729 0.0139
70 0.2620 0.0325 0.2311 0.4524 0.0220
71 0.3127 0.0163 0.0842 0.5576 0.0293
72 0.1779 0.0426 0.0881 0.5654 0.1261
73 0.2140 0.0390 0.0913 0.5132 0.1426
74 0.4421 0.0191 0.0234 0.4932 0.0220
75 0.5571 0.0258 0.0938 0.3174 0.0058
76 0.3110 0.0244 0.0374 0.5996 0.0278
77 0.1449 0.0668 0.0242 0.7529 0.0110
78 0.1035 0.0700 0.0268 0.7886 0.0113
79 0.0215 0.0259 0.0243 0.9272 0.0011
80 0.3933 0.0255 0.0652 0.5127 0.0030
81 0.2935 0.0406 0.2549 0.4011 0.0098
82 0.1366 0.0218 0.3599 0.4768 0.0049
83 0.1664 0.0357 0.3870 0.4055 0.0056
84 0.1610 0.0302 0.3152 0.4883 0.0053
85 0.0875 0.0736 0.6987 0.1293 0.0110
86 0.0797 0.1007 0.6777 0.1334 0.0085
87 0.0973 0.0599 0.6343 0.1996 0.0088
88 0.1385 0.0596 0.1864 0.5830 0.0324
89 0.1235 0.1456 0.1550 0.5625 0.0134
90 0.1448 0.0497 0.0529 0.7354 0.0176
91 0.0417 0.1198 0.0621 0.7686 0.0079
92 0.3406 0.0239 0.2737 0.3352 0.0267
93 0.3943 0.0125 0.3071 0.2355 0.0505
94 0.1323 0.0329 0.0737 0.7495 0.0115
95 0.1595 0.0983 0.2590 0.4763 0.0067
96 0.1962 0.0448 0.0562 0.6899 0.0127
97 0.1627 0.0541 0.0428 0.7295 0.0110
98 0.0230 0.0507 0.0307 0.8911 0.0043
99 0.0649 0.0629 0.0089 0.8550 0.0081
100 0.1179 0.0531 0.3521 0.4312 0.0458
101 0.1234 0.0665 0.4656 0.3101 0.0343
102 0.1259 0.0452 0.2351 0.5732 0.0207
103 0.1174 0.0352 0.4573 0.3792 0.0109
104 0.1948 0.0623 0.4531 0.2705 0.0191
105 0.3572 0.0527 0.3203 0.2534 0.0164
106 0.2156 0.0648 0.3555 0.3555 0.0087
107 0.8994 0.0165 0.0371 0.0285 0.0187
108 0.8320 0.0255 0.0699 0.0455 0.0267
109 0.8662 0.0197 0.0678 0.0308 0.0156
110 0.7173 0.0320 0.0715 0.1562 0.0231
111 0.5679 0.0188 0.0717 0.3235 0.0181
112 0.5713 0.0251 0.1587 0.2382 0.0067
113 0.5854 0.0276 0.1285 0.2517 0.0068
114 0.5894 0.0172 0.1188 0.2656 0.0091
115 0.3538 0.0400 0.0416 0.5479 0.0168
116 0.1292 0.0143 0.6660 0.1792 0.0115
117 0.2035 0.1584 0.3054 0.2739 0.0587
118 0.1882 0.0875 0.3152 0.4045 0.0045
119 0.1047 0.1283 0.4341 0.3276 0.0055
120 0.1786 0.1180 0.2239 0.4385 0.0411
121 0.2957 0.0697 0.3513 0.2734 0.0098
122 0.3982 0.0211 0.1254 0.4443 0.0111
123 0.3433 0.0131 0.0822 0.5488 0.0126
124 0.3196 0.0139 0.2129 0.4299 0.0237
125 0.2905 0.0396 0.2688 0.3911 0.0100
126 0.4143 0.0232 0.1572 0.3955 0.0097
127 0.4229 0.1044 0.1605 0.3071 0.0051
128 0.3574 0.0750 0.1065 0.4519 0.0093
129 0.2822 0.0163 0.0208 0.6665 0.0144
130 0.4875 0.0224 0.0237 0.4509 0.0154
131 0.3286 0.0768 0.2725 0.2725 0.0496
132 0.3672 0.1299 0.0865 0.3879 0.0283
133 0.4194 0.0788 0.1183 0.2883 0.0951
134 0.5376 0.1516 0.0762 0.1589 0.0756
135 0.2327 0.1074 0.4021 0.1538 0.1041
136 0.2903 0.0825 0.3501 0.1705 0.1068
137 0.4485 0.0626 0.0726 0.4021 0.0143
138 0.3567 0.0697 0.0945 0.4509 0.0279
139 0.5063 0.0065 0.0741 0.3821 0.0311
140 0.5205 0.0082 0.0677 0.3809 0.0224
141 0.7417 0.0130 0.1044 0.1221 0.0187
142 0.5190 0.0066 0.0703 0.3979 0.0065
143 0.6079 0.0823 0.0661 0.2307 0.0128
144 0.4434 0.0286 0.0409 0.4646 0.0224
145 0.3450 0.1519 0.2013 0.2625 0.0393
146 0.3860 0.0803 0.2612 0.2590 0.0135
147 0.3284 0.1515 0.2898 0.1901 0.0405
148 0.3296 0.1130 0.1849 0.3621 0.0103
149 0.2859 0.1138 0.3789 0.1681 0.0533
150 0.3547 0.1188 0.2786 0.2037 0.0441
151 0.7241 0.0169 0.0936 0.1592 0.0061
152 0.5840 0.0206 0.0502 0.3379 0.0074
153 0.7202 0.0144 0.0596 0.1969 0.0089
154 0.6299 0.0252 0.0246 0.2976 0.0226
155 0.2695 0.0602 0.1525 0.4622 0.0556
156 0.3110 0.0877 0.2854 0.2991 0.0169
157 0.1979 0.1415 0.5337 0.1219 0.0051
158 0.2086 0.1198 0.3838 0.2637 0.0242
159 0.4482 0.0140 0.1898 0.3279 0.0200
160 0.3049 0.0634 0.0873 0.5146 0.0300
161 0.2566 0.0867 0.1737 0.4504 0.0324
162 0.0616 0.0710 0.2896 0.5669 0.0108
163 0.0656 0.0606 0.3489 0.5073 0.0176
164 0.2793 0.1530 0.0679 0.4714 0.0285
165 0.3643 0.0757 0.1831 0.3699 0.0069
166 0.5015 0.0679 0.1517 0.2686 0.0103
167 0.1356 0.0693 0.1586 0.6079 0.0289
168 0.1299 0.0643 0.4534 0.2859 0.0663
169 0.3376 0.0814 0.0854 0.4912 0.0044
170 0.3416 0.0398 0.0721 0.5371 0.0094
171 0.5625 0.0817 0.1216 0.2203 0.0139
172 0.2917 0.1041 0.1152 0.4773 0.0117
173 0.1793 0.1223 0.5479 0.1364 0.0142
174 0.2649 0.1223 0.3945 0.1821 0.0361
175 0.5117 0.1244 0.0803 0.2739 0.0100
176 0.1912 0.1107 0.5405 0.1023 0.0556
177 0.4600 0.0787 0.1815 0.2703 0.0095
178 0.3279 0.1133 0.1868 0.3657 0.0065
179 0.6787 0.0303 0.1379 0.1198 0.0333
180 0.6006 0.0618 0.1531 0.1427 0.0418
181 0.5791 0.0420 0.1940 0.1442 0.0407
182 0.5933 0.0616 0.1597 0.1187 0.0666
183 0.3877 0.0396 0.1427 0.3530 0.0770
184 0.5703 0.0472 0.1302 0.1560 0.0961
185 0.5654 0.0277 0.1140 0.2214 0.0714
186 0.5513 0.0806 0.2484 0.0529 0.0668
187 0.5742 0.0439 0.2756 0.0719 0.0342
188 0.5674 0.0710 0.2328 0.0774 0.0515
189 0.5786 0.0591 0.2321 0.0681 0.0620
190 0.4668 0.0780 0.2898 0.1359 0.0296
191 0.2715 0.0645 0.4548 0.1881 0.0210
192 0.4441 0.0703 0.2590 0.1837 0.0429
193 0.3726 0.0311 0.1392 0.4155 0.0418
194 0.2316 0.0285 0.2883 0.4326 0.0189
195 0.1703 0.0323 0.0458 0.7285 0.0231
196 0.4331 0.0182 0.0244 0.4832 0.0412
197 0.4736 0.0247 0.0447 0.4448 0.0120
198 0.2025 0.0710 0.1873 0.5337 0.0057
199 0.1262 0.0487 0.4011 0.4011 0.0228
200 0.1144 0.0462 0.5630 0.2659 0.0105
201 0.4182 0.0110 0.0335 0.5288 0.0083
202 0.4265 0.0084 0.0337 0.5225 0.0091
203 0.3569 0.0158 0.1355 0.4729 0.0186
204 0.3721 0.0082 0.0508 0.5586 0.0104
205 0.2339 0.0256 0.0754 0.6562 0.0090
206 0.3040 0.0751 0.1692 0.4458 0.0057
207 0.2534 0.0423 0.1056 0.5796 0.0189
208 0.2827 0.0171 0.0417 0.6475 0.0110
209 0.2639 0.0434 0.3552 0.3037 0.0336
210 0.1954 0.0475 0.2756 0.4543 0.0273
211 0.1763 0.0922 0.3760 0.3167 0.0390
212 0.2007 0.1359 0.3721 0.2744 0.0170
213 0.2505 0.0228 0.4907 0.2111 0.0250
214 0.2131 0.0247 0.5034 0.2305 0.0284
215 0.2937 0.0338 0.3892 0.2676 0.0157
216 0.2556 0.0315 0.3550 0.3496 0.0082
217 0.1177 0.0239 0.4731 0.3743 0.0110
218 0.2485 0.0381 0.2262 0.4570 0.0302
219 0.2627 0.0260 0.1892 0.5063 0.0155
220 0.2123 0.0392 0.3445 0.3904 0.0137
221 0.2603 0.0283 0.2445 0.4358 0.0311
222 0.4153 0.0190 0.2404 0.3040 0.0215
223 0.4204 0.0277 0.1571 0.3540 0.0410
224 0.3440 0.0259 0.2053 0.3896 0.0351
225 0.2832 0.0303 0.1946 0.4524 0.0395
226 0.3298 0.0262 0.1252 0.4800 0.0388
