time exciting_prob fearful_prob tense_prob sad_prob relaxing_prob
0 0.2037 0.2830 0.2496 0.2310 0.0327
1 0.1242 0.1242 0.2048 0.4543 0.0923
2 0.0813 0.2045 0.2585 0.3318 0.1240
3 0.0595 0.3762 0.1331 0.1863 0.2449
4 0.0677 0.4277 0.1265 0.1840 0.1943
5 0.0581 0.4165 0.0997 0.2229 0.2029
6 0.0564 0.2773 0.3047 0.3096 0.0521
7 0.0334 0.3906 0.1019 0.4358 0.0384
8 0.0959 0.2952 0.3618 0.2195 0.0277
9 0.0619 0.1342 0.5562 0.2047 0.0429
10 0.0556 0.3408 0.3862 0.1635 0.0539
11 0.0645 0.0621 0.1443 0.7104 0.0188
12 0.0630 0.1235 0.1356 0.6572 0.0208
13 0.1100 0.2808 0.2222 0.3662 0.0207
14 0.0275 0.1721 0.4194 0.3760 0.0048
15 0.0551 0.1396 0.3298 0.4651 0.0104
16 0.1182 0.0663 0.0838 0.7017 0.0299
17 0.0687 0.2676 0.2185 0.4346 0.0106
18 0.0999 0.1355 0.0889 0.6416 0.0343
19 0.1886 0.2788 0.1481 0.3496 0.0352
20 0.1182 0.2542 0.2834 0.3162 0.0281
21 0.0944 0.0958 0.2605 0.5347 0.0146
22 0.0324 0.2732 0.3196 0.3347 0.0400
23 0.0646 0.4214 0.3604 0.1411 0.0125
24 0.0724 0.3948 0.3271 0.1752 0.0304
25 0.0864 0.2834 0.4321 0.1774 0.0207
26 0.0556 0.2734 0.5698 0.0938 0.0071
27 0.0374 0.1108 0.0978 0.7168 0.0374
28 0.0926 0.4021 0.2537 0.2102 0.0414
29 0.1271 0.2842 0.1750 0.3650 0.0486
30 0.0519 0.3521 0.2700 0.2917 0.0343
31 0.0239 0.3354 0.1636 0.4658 0.0111
32 0.0122 0.1605 0.0846 0.7305 0.0122
33 0.0435 0.4194 0.2108 0.2974 0.0290
34 0.0554 0.4387 0.3364 0.1614 0.0080
35 0.0460 0.4907 0.3821 0.0735 0.0077
36 0.0491 0.2217 0.2034 0.4995 0.0263
37 0.0316 0.1192 0.1616 0.6597 0.0279
38 0.0959 0.2527 0.3096 0.3245 0.0175
39 0.0491 0.0454 0.7217 0.1688 0.0147
40 0.0399 0.1102 0.2124 0.5776 0.0599
41 0.0260 0.2355 0.1593 0.5562 0.0229
42 0.0210 0.3152 0.0917 0.5532 0.0192
43 0.0738 0.0540 0.1959 0.6523 0.0240
44 0.0397 0.2954 0.1429 0.4436 0.0783
45 0.0355 0.2428 0.1967 0.4905 0.0345
46 0.0388 0.5103 0.1581 0.2649 0.0279
47 0.0554 0.2993 0.2683 0.3667 0.0102
48 0.0381 0.3911 0.1230 0.4294 0.0183
49 0.0601 0.3076 0.3711 0.2286 0.0324
50 0.0200 0.1418 0.0945 0.6562 0.0874
51 0.0756 0.1082 0.3035 0.5005 0.0124
52 0.0385 0.3225 0.3274 0.3030 0.0087
53 0.0483 0.3740 0.2612 0.3052 0.0112
54 0.0741 0.0718 0.5923 0.2429 0.0190
55 0.0384 0.1666 0.7124 0.0603 0.0222
56 0.0422 0.5098 0.1847 0.2408 0.0226
57 0.0778 0.2472 0.4993 0.1672 0.0085
58 0.0683 0.2832 0.4055 0.2311 0.0118
59 0.0714 0.1149 0.6309 0.1808 0.0020
60 0.0555 0.1748 0.1320 0.6104 0.0277
61 0.2493 0.2003 0.1912 0.3489 0.0104
62 0.0192 0.1335 0.5366 0.2917 0.0187
63 0.0975 0.2129 0.4302 0.2489 0.0105
64 0.0622 0.1307 0.1602 0.6138 0.0331
65 0.0390 0.2388 0.2074 0.4976 0.0173
66 0.1385 0.1343 0.1864 0.4541 0.0867
67 0.0701 0.2262 0.2644 0.4226 0.0168
68 0.0529 0.2141 0.2881 0.4326 0.0122
69 0.0447 0.1898 0.0616 0.6836 0.0205
70 0.1855 0.2942 0.4084 0.1008 0.0111
71 0.0730 0.2588 0.4070 0.2507 0.0106
72 0.0316 0.3220 0.4910 0.1473 0.0082
73 0.0660 0.2218 0.1868 0.4919 0.0335
74 0.0466 0.4458 0.2878 0.2009 0.0190
75 0.0245 0.2964 0.1611 0.5122 0.0056
76 0.1101 0.2122 0.2330 0.4353 0.0093
77 0.0442 0.2042 0.2208 0.5137 0.0173
78 0.0451 0.2498 0.2920 0.3989 0.0142
79 0.0435 0.1997 0.2729 0.4500 0.0339
80 0.1315 0.0810 0.2272 0.5366 0.0236
81 0.1191 0.2642 0.2406 0.3445 0.0316
82 0.0535 0.3005 0.4802 0.1355 0.0305
83 0.1248 0.2277 0.1084 0.4895 0.0496
84 0.1284 0.2201 0.2849 0.3303 0.0362
85 0.0479 0.2759 0.2937 0.3770 0.0055
86 0.0706 0.1279 0.1832 0.6099 0.0083
87 0.0444 0.2830 0.2659 0.3928 0.0142
88 0.0576 0.2600 0.1288 0.4709 0.0825
89 0.0474 0.0513 0.1733 0.7188 0.0093
90 0.0679 0.1461 0.2092 0.5688 0.0080
91 0.0828 0.3540 0.3711 0.1753 0.0168
92 0.0714 0.3352 0.4727 0.1097 0.0113
93 0.0735 0.4070 0.3169 0.1923 0.0101
94 0.0499 0.3923 0.3462 0.1942 0.0175
95 0.0284 0.4202 0.2671 0.2756 0.0089
96 0.0814 0.0981 0.2014 0.6011 0.0179
97 0.0812 0.2522 0.2856 0.3611 0.0197
98 0.0681 0.1823 0.2610 0.4727 0.0161
99 0.0977 0.2917 0.1586 0.4448 0.0072
100 0.1088 0.2303 0.1711 0.4802 0.0095
101 0.0680 0.1879 0.6255 0.1104 0.0083
102 0.0643 0.1641 0.3474 0.3936 0.0308
103 0.0674 0.2976 0.4131 0.2144 0.0076
104 0.0436 0.3621 0.3679 0.2000 0.0264
105 0.1166 0.0847 0.1985 0.5835 0.0169
106 0.1203 0.0814 0.3025 0.4832 0.0127
107 0.2039 0.2347 0.3062 0.2460 0.0094
108 0.0421 0.1382 0.1642 0.6099 0.0456
109 0.1042 0.3018 0.1042 0.4600 0.0299
110 0.0829 0.3572 0.0903 0.4309 0.0388
111 0.0632 0.2107 0.2010 0.4897 0.0352
112 0.0891 0.0798 0.2659 0.4814 0.0837
113 0.1365 0.1837 0.2081 0.4075 0.0640
114 0.0450 0.1322 0.5146 0.2932 0.0148
115 0.0780 0.3838 0.3389 0.1208 0.0786
116 0.0738 0.2656 0.2135 0.4116 0.0354
117 0.0844 0.2561 0.3137 0.3235 0.0224
118 0.0667 0.4666 0.3108 0.0744 0.0817
119 0.1274 0.3958 0.3230 0.0804 0.0732
120 0.0578 0.1595 0.2180 0.5483 0.0164
121 0.0242 0.0956 0.1135 0.7285 0.0380
122 0.0156 0.1617 0.1543 0.6494 0.0187
123 0.0258 0.1846 0.4358 0.3503 0.0035
124 0.0156 0.2422 0.1771 0.5542 0.0109
125 0.1051 0.3018 0.1219 0.4189 0.0520
126 0.0350 0.4233 0.1953 0.3145 0.0319
127 0.0479 0.2285 0.2471 0.4617 0.0150
128 0.0043 0.0432 0.0347 0.9097 0.0082
129 0.0790 0.3225 0.3328 0.2473 0.0183
130 0.0587 0.2147 0.5112 0.2114 0.0042
131 0.0248 0.3535 0.5923 0.0273 0.0023
132 0.0967 0.3145 0.3145 0.2266 0.0479
133 0.0953 0.0676 0.2360 0.5571 0.0437
134 0.1080 0.1547 0.2891 0.4138 0.0345
135 0.0307 0.2037 0.2168 0.5449 0.0036
136 0.0668 0.2500 0.3015 0.2500 0.1317
137 0.0980 0.0865 0.1494 0.6489 0.0169
138 0.0459 0.3110 0.4121 0.1917 0.0396
139 0.0231 0.2329 0.4932 0.2329 0.0180
140 0.0177 0.1705 0.0884 0.6958 0.0276
141 0.0858 0.2644 0.2445 0.3188 0.0865
142 0.0512 0.1577 0.2900 0.4636 0.0374
143 0.1421 0.3955 0.2593 0.1782 0.0249
144 0.0990 0.1104 0.3455 0.3977 0.0475
145 0.1438 0.3398 0.2280 0.2544 0.0339
146 0.0693 0.3494 0.1813 0.3550 0.0451
147 0.0304 0.2245 0.3423 0.4001 0.0027
148 0.1489 0.4177 0.2915 0.1315 0.0103
149 0.0781 0.3696 0.3213 0.2207 0.0103
150 0.0612 0.3552 0.3037 0.2681 0.0116
151 0.0461 0.1021 0.3916 0.4507 0.0097
152 0.0626 0.2439 0.2517 0.4216 0.0202
153 0.0317 0.1285 0.1575 0.6528 0.0296
154 0.0242 0.5723 0.2922 0.1042 0.0073
155 0.0160 0.2700 0.1057 0.5986 0.0095
156 0.1165 0.1996 0.2544 0.3970 0.0326
157 0.0527 0.2964 0.1490 0.4736 0.0284
158 0.0662 0.1010 0.1664 0.6382 0.0285
159 0.1406 0.1078 0.3882 0.3535 0.0099
160 0.1399 0.1884 0.1255 0.5039 0.0424
161 0.0584 0.2292 0.2023 0.5010 0.0092
162 0.0649 0.3479 0.2111 0.3591 0.0171
163 0.0733 0.0496 0.1527 0.7061 0.0181
164 0.2571 0.0526 0.2695 0.4045 0.0161
165 0.0561 0.2761 0.2637 0.3896 0.0145
166 0.0613 0.2900 0.4563 0.1678 0.0246
167 0.0127 0.2727 0.4094 0.2815 0.0237
168 0.0471 0.2974 0.4607 0.1427 0.0521
169 0.0875 0.3352 0.2715 0.2891 0.0170
170 0.1720 0.1093 0.4324 0.2622 0.0242
171 0.0452 0.6748 0.1393 0.1371 0.0038
172 0.0546 0.0573 0.2229 0.6060 0.0591
173 0.2262 0.1069 0.1721 0.4790 0.0159
174 0.0390 0.0900 0.1735 0.6860 0.0118
175 0.0602 0.4880 0.3408 0.1007 0.0104
176 0.0892 0.0389 0.1010 0.7349 0.0360
177 0.0703 0.2737 0.1420 0.4375 0.0766
178 0.0507 0.3130 0.4019 0.2219 0.0126
179 0.1558 0.2000 0.2690 0.3098 0.0654
180 0.0553 0.2496 0.3010 0.3748 0.0194
181 0.0731 0.2632 0.3328 0.3225 0.0086
182 0.0446 0.7715 0.1129 0.0609 0.0099
183 0.0799 0.5854 0.2104 0.1118 0.0123
184 0.1108 0.4417 0.4021 0.0411 0.0041
185 0.0830 0.5674 0.3132 0.0294 0.0069
186 0.2119 0.3359 0.1703 0.2421 0.0398
187 0.0311 0.0512 0.0793 0.8135 0.0249
188 0.0524 0.0705 0.1614 0.6899 0.0257
189 0.0710 0.1676 0.1870 0.5410 0.0335
190 0.0524 0.0987 0.1371 0.6641 0.0477
191 0.0436 0.0976 0.0909 0.7041 0.0635
192 0.0258 0.1428 0.1777 0.5063 0.1473
193 0.0553 0.0897 0.1017 0.7061 0.0473
194 0.0541 0.2524 0.1803 0.4827 0.0306
195 0.0508 0.3240 0.2603 0.3394 0.0256
196 0.0222 0.2008 0.2008 0.5635 0.0128
197 0.0220 0.1625 0.1758 0.6328 0.0069
198 0.0479 0.4873 0.1737 0.2568 0.0342
199 0.0291 0.2717 0.1782 0.4922 0.0287
200 0.0391 0.3743 0.1941 0.3684 0.0241
201 0.0169 0.2681 0.1626 0.5498 0.0026
202 0.0150 0.0660 0.0822 0.8047 0.0322
203 0.0148 0.1002 0.1171 0.7520 0.0160
204 0.0240 0.1479 0.2439 0.5581 0.0259
205 0.0299 0.2356 0.3025 0.4265 0.0056
206 0.0301 0.5166 0.1842 0.2402 0.0289
207 0.0572 0.2279 0.3369 0.3477 0.0304
208 0.3030 0.0687 0.1409 0.4546 0.0329
209 0.1169 0.2344 0.2698 0.3081 0.0709
210 0.0384 0.1567 0.1165 0.6807 0.0077
211 0.0542 0.4573 0.2487 0.2336 0.0061
212 0.1597 0.1809 0.2323 0.3711 0.0560
213 0.0611 0.1636 0.1254 0.6270 0.0232
214 0.0179 0.4106 0.2032 0.3623 0.0058
215 0.0395 0.1899 0.1650 0.5942 0.0111
216 0.0801 0.2585 0.2177 0.4329 0.0111
217 0.0259 0.2922 0.2041 0.4744 0.0032
218 0.1139 0.0989 0.3508 0.4102 0.0264
219 0.0506 0.3196 0.2864 0.3296 0.0137
220 0.0367 0.2378 0.2002 0.5112 0.0141
221 0.0461 0.3032 0.3489 0.2939 0.0079
222 0.0566 0.2537 0.3110 0.3579 0.0208
223 0.0645 0.3030 0.1421 0.4585 0.0320
224 0.0276 0.1295 0.0726 0.7568 0.0134
225 0.0408 0.2620 0.5293 0.1614 0.0066
226 0.0282 0.2377 0.4304 0.2959 0.0080
227 0.0458 0.2534 0.3687 0.3154 0.0167
228 0.0336 0.4536 0.3818 0.1230 0.0078
229 0.0456 0.5137 0.1383 0.2751 0.0272
230 0.0903 0.1466 0.2456 0.4961 0.0215
231 0.0951 0.0559 0.2583 0.5732 0.0173
232 0.0378 0.3911 0.3069 0.2372 0.0270
233 0.0148 0.4832 0.1593 0.3372 0.0056
234 0.0606 0.3179 0.3032 0.3127 0.0055
235 0.0785 0.1040 0.3357 0.4661 0.0157
236 0.0261 0.1017 0.0608 0.8003 0.0111
237 0.0478 0.1069 0.5918 0.2076 0.0460
238 0.0623 0.4260 0.2930 0.2142 0.0044
239 0.0281 0.1620 0.0696 0.7036 0.0367
240 0.1140 0.1685 0.1233 0.5273 0.0670
241 0.0759 0.2162 0.1176 0.5698 0.0206
242 0.0843 0.1411 0.3386 0.4021 0.0341
243 0.1660 0.1488 0.4878 0.1881 0.0093
244 0.0247 0.5454 0.2007 0.1976 0.0315
245 0.0327 0.0420 0.1055 0.8042 0.0156
246 0.0808 0.1792 0.5972 0.1130 0.0300
247 0.0374 0.3311 0.3750 0.2499 0.0067
248 0.3230 0.1611 0.1179 0.2152 0.1826
249 0.0241 0.6177 0.1611 0.1914 0.0057
250 0.0524 0.2947 0.3782 0.2520 0.0227
251 0.0378 0.3071 0.0559 0.5825 0.0165
252 0.0822 0.4175 0.3569 0.1334 0.0099
253 0.0307 0.1177 0.0961 0.7441 0.0116
254 0.0384 0.2583 0.2209 0.4463 0.0361
255 0.0679 0.1948 0.4255 0.3064 0.0053
256 0.0511 0.1501 0.1898 0.5757 0.0335
257 0.0333 0.6333 0.1348 0.1962 0.0025
258 0.1337 0.3691 0.1359 0.2346 0.1266
259 0.0517 0.4753 0.3215 0.1472 0.0041
260 0.0637 0.1208 0.1370 0.6235 0.0549
261 0.0338 0.0562 0.1676 0.7168 0.0257
262 0.1381 0.2386 0.3872 0.2073 0.0287
263 0.0629 0.1937 0.3853 0.3452 0.0130
264 0.0423 0.0482 0.1158 0.7910 0.0027
265 0.0461 0.6665 0.2231 0.0629 0.0016
266 0.0465 0.5278 0.2654 0.1584 0.0019
267 0.0338 0.6284 0.2349 0.1010 0.0019
268 0.0276 0.6582 0.2744 0.0366 0.0033
269 0.0676 0.4583 0.3352 0.1252 0.0138
270 0.1260 0.4983 0.1682 0.1682 0.0393
271 0.1027 0.4534 0.1191 0.2075 0.1173
272 0.0421 0.2834 0.2462 0.3936 0.0347
273 0.0404 0.2070 0.2239 0.5122 0.0163
274 0.0899 0.2622 0.3875 0.2388 0.0217
275 0.0207 0.2104 0.2275 0.5210 0.0205
276 0.1276 0.1492 0.2421 0.4524 0.0289
277 0.2311 0.2275 0.1162 0.3811 0.0441
278 0.1709 0.3618 0.1332 0.2861 0.0479
