time exciting_prob fearful_prob tense_prob sad_prob relaxing_prob
0 0.1987 0.2847 0.2512 0.2323 0.0330
1 0.3137 0.0632 0.5591 0.0456 0.0181
2 0.4109 0.1234 0.3328 0.0731 0.0601
3 0.2786 0.1368 0.5005 0.0584 0.0259
4 0.2358 0.0447 0.6719 0.0125 0.0351
5 0.2866 0.0367 0.3567 0.2377 0.0822
6 0.5566 0.0867 0.2649 0.0510 0.0406
7 0.6646 0.0638 0.2244 0.0195 0.0276
8 0.2720 0.0065 0.5493 0.1378 0.0343
9 0.3982 0.0104 0.5527 0.0178 0.0208
10 0.0882 0.3772 0.2115 0.2695 0.0535
11 0.2118 0.2069 0.4114 0.1549 0.0149
12 0.3376 0.1407 0.2957 0.1765 0.0494
13 0.1880 0.0681 0.0881 0.5884 0.0676
14 0.3840 0.1504 0.1758 0.1814 0.1083
15 0.1934 0.1888 0.2483 0.2542 0.1154
16 0.1199 0.0898 0.1992 0.4419 0.1492
17 0.7271 0.0305 0.0067 0.1942 0.0414
18 0.7041 0.0535 0.0047 0.1726 0.0650
19 0.6265 0.0530 0.0072 0.2571 0.0565
20 0.0620 0.2654 0.1196 0.4729 0.0803
21 0.0370 0.1567 0.5825 0.2061 0.0176
22 0.2444 0.0673 0.0906 0.5093 0.0885
23 0.2954 0.0674 0.0944 0.5103 0.0326
24 0.3647 0.2230 0.0659 0.2546 0.0916
25 0.3354 0.2378 0.1323 0.2252 0.0692
26 0.2299 0.0415 0.3267 0.1473 0.2544
27 0.2625 0.0449 0.2927 0.2881 0.1119
28 0.1897 0.2512 0.2474 0.0544 0.2573
29 0.1936 0.0609 0.5303 0.0375 0.1776
30 0.2952 0.1735 0.1862 0.0723 0.2729
31 0.6812 0.0242 0.1331 0.1138 0.0475
32 0.4585 0.0692 0.2676 0.1224 0.0822
33 0.1516 0.0986 0.3418 0.3752 0.0328
34 0.1901 0.0817 0.5762 0.0469 0.1050
35 0.1924 0.0975 0.5269 0.0719 0.1113
36 0.2135 0.0792 0.5005 0.1091 0.0978
37 0.3679 0.0881 0.3650 0.0736 0.1054
38 0.3645 0.0770 0.4536 0.0546 0.0505
39 0.3550 0.1152 0.2169 0.0926 0.2203
40 0.8911 0.0332 0.0356 0.0088 0.0312
41 0.7725 0.0707 0.1332 0.0092 0.0142
42 0.2678 0.0566 0.2827 0.1490 0.2438
43 0.3098 0.0696 0.3455 0.2096 0.0654
44 0.2317 0.0568 0.6602 0.0133 0.0381
45 0.2383 0.0488 0.6631 0.0338 0.0162
46 0.0484 0.1599 0.6475 0.1284 0.0160
47 0.0488 0.1276 0.6377 0.1827 0.0031
48 0.0266 0.0833 0.8682 0.0195 0.0024
49 0.1908 0.1486 0.5830 0.0239 0.0538
50 0.4138 0.1046 0.3376 0.0385 0.1054
51 0.1030 0.2395 0.4138 0.1925 0.0510
52 0.2267 0.3738 0.2776 0.1022 0.0198
53 0.0675 0.1062 0.6504 0.1322 0.0436
54 0.4846 0.0755 0.3745 0.0410 0.0243
55 0.3606 0.1266 0.4119 0.0500 0.0511
56 0.5874 0.0381 0.2712 0.0284 0.0747
57 0.6050 0.0643 0.3018 0.0078 0.0212
58 0.2727 0.1565 0.2834 0.2140 0.0734
59 0.4626 0.1305 0.3035 0.0338 0.0698
60 0.1515 0.1469 0.4119 0.2744 0.0156
61 0.5127 0.0652 0.2788 0.1050 0.0380
62 0.3362 0.1691 0.4087 0.0424 0.0438
63 0.2225 0.2278 0.3906 0.1437 0.0155
64 0.8384 0.0338 0.0458 0.0050 0.0768
65 0.1405 0.0634 0.3396 0.4500 0.0065
66 0.1661 0.1421 0.5708 0.1082 0.0126
67 0.1875 0.0384 0.3789 0.2446 0.1506
68 0.5210 0.0448 0.3638 0.0190 0.0516
69 0.4548 0.0868 0.3054 0.1023 0.0506
70 0.4197 0.0605 0.2795 0.1183 0.1221
71 0.3418 0.2330 0.3015 0.0878 0.0357
72 0.1082 0.0616 0.5581 0.2637 0.0083
73 0.0571 0.0706 0.8530 0.0153 0.0042
74 0.6675 0.0480 0.2380 0.0057 0.0407
75 0.7993 0.0430 0.1315 0.0051 0.0211
76 0.3611 0.1517 0.3965 0.0264 0.0642
77 0.1510 0.0708 0.1272 0.6460 0.0052
78 0.1348 0.0856 0.4851 0.2498 0.0448
79 0.1022 0.0854 0.6821 0.1262 0.0042
80 0.5215 0.0653 0.1919 0.1278 0.0935
81 0.7603 0.0577 0.1202 0.0102 0.0517
82 0.0941 0.1227 0.3723 0.3962 0.0145
83 0.2732 0.1848 0.2817 0.2527 0.0076
84 0.4504 0.1194 0.2820 0.0759 0.0724
85 0.4270 0.3125 0.1780 0.0391 0.0433
86 0.0721 0.0898 0.5991 0.2170 0.0218
87 0.0899 0.1844 0.5908 0.1093 0.0256
88 0.1208 0.1902 0.5503 0.1135 0.0253
89 0.2404 0.1962 0.4932 0.0455 0.0249
90 0.4790 0.1094 0.3372 0.0378 0.0367
91 0.3516 0.2269 0.2915 0.0766 0.0535
92 0.4390 0.1403 0.3042 0.0825 0.0341
93 0.3074 0.1582 0.1464 0.3271 0.0610
94 0.2427 0.0513 0.1519 0.5259 0.0281
95 0.0527 0.0458 0.1346 0.7627 0.0039
96 0.2949 0.2859 0.2949 0.1192 0.0050
97 0.3882 0.2627 0.3120 0.0258 0.0113
98 0.4949 0.1204 0.2629 0.0759 0.0460
99 0.0806 0.2332 0.3726 0.2683 0.0452
100 0.1958 0.0810 0.6274 0.0407 0.0552
101 0.5601 0.1077 0.1183 0.0418 0.1721
102 0.2047 0.2079 0.2629 0.3171 0.0075
103 0.5093 0.1628 0.2296 0.0663 0.0320
104 0.1437 0.1964 0.5420 0.0793 0.0384
105 0.1631 0.1792 0.5518 0.0741 0.0319
106 0.0715 0.0786 0.6475 0.2006 0.0021
107 0.3169 0.0638 0.2976 0.3071 0.0146
108 0.6421 0.0519 0.1216 0.0185 0.1661
109 0.2869 0.1454 0.3435 0.1635 0.0606
110 0.6182 0.1025 0.1412 0.0313 0.1066
111 0.6226 0.0458 0.1913 0.1116 0.0289
112 0.1782 0.2847 0.3176 0.1810 0.0385
113 0.2974 0.0801 0.1997 0.3142 0.1086
114 0.4990 0.1464 0.2321 0.0391 0.0834
115 0.0594 0.0524 0.4780 0.4026 0.0075
116 0.2281 0.1736 0.4004 0.0669 0.1310
117 0.5625 0.0811 0.1855 0.1316 0.0392
118 0.2493 0.3276 0.3892 0.0182 0.0158
119 0.2227 0.0633 0.6245 0.0326 0.0568
120 0.2296 0.0964 0.5952 0.0399 0.0387
121 0.3347 0.0497 0.2908 0.0224 0.3022
122 0.7842 0.0415 0.0342 0.0201 0.1202
123 0.7812 0.0218 0.1246 0.0128 0.0593
124 0.2549 0.2629 0.2842 0.0814 0.1166
125 0.4753 0.1270 0.2428 0.0801 0.0746
126 0.4690 0.1698 0.2268 0.0167 0.1177
127 0.7432 0.0277 0.0867 0.0348 0.1078
128 0.7080 0.0393 0.0929 0.0114 0.1484
129 0.1700 0.2593 0.4697 0.0666 0.0343
130 0.4795 0.1342 0.2468 0.0534 0.0860
131 0.2036 0.1549 0.5161 0.0523 0.0732
132 0.4526 0.0355 0.4668 0.0052 0.0399
133 0.3540 0.0748 0.4338 0.0650 0.0725
134 0.6016 0.0443 0.2196 0.0530 0.0814
135 0.2964 0.0688 0.5161 0.0175 0.1009
136 0.4102 0.1070 0.3508 0.0860 0.0460
137 0.3713 0.0767 0.1700 0.2739 0.1081
138 0.1129 0.1520 0.3218 0.3372 0.0764
139 0.1819 0.1270 0.4036 0.2228 0.0648
140 0.4802 0.0822 0.2778 0.0790 0.0809
141 0.2045 0.3589 0.2045 0.1394 0.0929
142 0.3716 0.1315 0.3987 0.0241 0.0743
143 0.2422 0.1180 0.3525 0.1381 0.1493
144 0.5576 0.0476 0.1466 0.1477 0.1007
145 0.6108 0.0624 0.1835 0.0814 0.0619
146 0.4326 0.1616 0.3164 0.0489 0.0403
147 0.2046 0.0264 0.7139 0.0235 0.0316
148 0.4077 0.0253 0.4141 0.1031 0.0498
149 0.4695 0.0606 0.1973 0.0578 0.2150
150 0.8091 0.0422 0.1112 0.0073 0.0302
151 0.5464 0.0898 0.1288 0.1003 0.1349
152 0.4226 0.0695 0.3560 0.1069 0.0449
153 0.2494 0.0597 0.4517 0.0939 0.1455
154 0.6982 0.0655 0.1429 0.0406 0.0526
155 0.7593 0.0184 0.0996 0.0355 0.0872
156 0.8208 0.0198 0.0851 0.0508 0.0237
157 0.1212 0.1876 0.3972 0.2448 0.0493
158 0.0799 0.0378 0.0589 0.7178 0.1058
159 0.4114 0.0911 0.1444 0.2783 0.0749
160 0.5132 0.0567 0.3113 0.0818 0.0369
161 0.3843 0.0485 0.3210 0.1787 0.0673
162 0.4204 0.0888 0.2778 0.0376 0.1753
163 0.2303 0.1333 0.4800 0.1464 0.0099
164 0.3711 0.0413 0.2472 0.1387 0.2018
165 0.2920 0.0774 0.0804 0.5205 0.0296
166 0.5981 0.0205 0.2360 0.0433 0.1023
167 0.2148 0.0146 0.1674 0.5527 0.0502
168 0.6353 0.0387 0.1907 0.0482 0.0873
169 0.3796 0.1385 0.2032 0.1046 0.1738
170 0.4500 0.0674 0.2974 0.0907 0.0944
171 0.3879 0.0712 0.3318 0.1230 0.0859
172 0.2922 0.1528 0.2854 0.2258 0.0438
173 0.4919 0.1244 0.2133 0.0284 0.1421
174 0.0747 0.2886 0.3591 0.2507 0.0271
175 0.1124 0.0420 0.8047 0.0146 0.0265
176 0.4478 0.0848 0.1852 0.1177 0.1647
177 0.0258 0.2394 0.3430 0.3887 0.0031
178 0.2004 0.2595 0.2676 0.2476 0.0249
179 0.1936 0.0944 0.3320 0.2428 0.1373
180 0.5083 0.1152 0.2256 0.1152 0.0357
181 0.3162 0.2603 0.3113 0.0928 0.0194
182 0.2527 0.0846 0.2429 0.4067 0.0131
183 0.1188 0.4849 0.3491 0.0427 0.0044
184 0.4780 0.1190 0.1328 0.1493 0.1208
185 0.7007 0.0532 0.1256 0.0704 0.0504
186 0.6436 0.0262 0.1760 0.0264 0.1278
187 0.2759 0.1177 0.4172 0.1572 0.0319
188 0.2189 0.1199 0.1447 0.4387 0.0780
189 0.3665 0.0627 0.4089 0.0971 0.0647
190 0.4988 0.1053 0.2249 0.0713 0.0997
191 0.3069 0.0533 0.4905 0.0907 0.0586
192 0.1798 0.1885 0.4314 0.0823 0.1179
193 0.1151 0.1610 0.3657 0.1561 0.2020
194 0.4390 0.2424 0.2368 0.0408 0.0411
195 0.1149 0.7095 0.1252 0.0359 0.0148
196 0.3901 0.0536 0.2620 0.1199 0.1744
197 0.4937 0.0787 0.1720 0.1085 0.1471
198 0.1382 0.0463 0.5381 0.2141 0.0633
199 0.3997 0.0722 0.3337 0.0428 0.1516
200 0.0512 0.3237 0.3726 0.2225 0.0299
201 0.2280 0.0900 0.6250 0.0242 0.0329
202 0.5498 0.0617 0.2136 0.0677 0.1074
203 0.2915 0.1609 0.4241 0.0635 0.0602
204 0.0754 0.4204 0.4404 0.0490 0.0148
205 0.2336 0.0429 0.2930 0.2710 0.1593
206 0.5942 0.0411 0.1960 0.0469 0.1217
207 0.2009 0.0248 0.2173 0.4819 0.0751
208 0.0757 0.3933 0.2277 0.2922 0.0109
209 0.1639 0.2089 0.2969 0.1902 0.1403
210 0.2024 0.3445 0.2189 0.1349 0.0994
211 0.4099 0.1605 0.2930 0.0619 0.0746
212 0.4966 0.0677 0.3059 0.0289 0.1009
213 0.7358 0.1708 0.0442 0.0163 0.0328
214 0.3582 0.1010 0.3872 0.0296 0.1238
215 0.0278 0.3081 0.3438 0.3179 0.0026
216 0.6064 0.0629 0.2568 0.0180 0.0555
217 0.3999 0.3091 0.0878 0.0972 0.1060
218 0.5732 0.1555 0.0845 0.0879 0.0988
219 0.0344 0.0679 0.8740 0.0170 0.0066
220 0.1913 0.0535 0.4519 0.1943 0.1090
221 0.2771 0.0668 0.4358 0.0695 0.1506
222 0.4902 0.1495 0.1120 0.1011 0.1472
223 0.0895 0.0420 0.7437 0.1014 0.0232
224 0.1700 0.0458 0.5278 0.1957 0.0606
225 0.3884 0.0967 0.0591 0.2607 0.1953
226 0.3779 0.3359 0.0693 0.0282 0.1885
227 0.3906 0.3501 0.1136 0.0658 0.0800
228 0.3550 0.3665 0.0584 0.1458 0.0744
229 0.5117 0.1115 0.2117 0.0954 0.0698
230 0.4409 0.1124 0.3201 0.0671 0.0597
231 0.2216 0.1072 0.4141 0.2358 0.0214
232 0.4331 0.0982 0.3481 0.0614 0.0591
233 0.8389 0.0247 0.0580 0.0399 0.0386
234 0.7495 0.0211 0.0742 0.1030 0.0522
235 0.7168 0.0291 0.1198 0.0829 0.0515
236 0.1449 0.0740 0.5825 0.1694 0.0292
237 0.2190 0.0864 0.5093 0.1589 0.0264
238 0.1175 0.0724 0.5781 0.2144 0.0175
239 0.1406 0.2145 0.1697 0.4199 0.0551
240 0.1406 0.2145 0.1697 0.4199 0.0551
