time exciting_prob fearful_prob tense_prob sad_prob relaxing_prob
0 0.2037 0.2830 0.2496 0.2310 0.0327
1 0.1923 0.2079 0.2754 0.2668 0.0577
2 0.2474 0.2871 0.2494 0.1107 0.1056
3 0.3721 0.0411 0.0593 0.4351 0.0926
4 0.7363 0.0529 0.0361 0.1212 0.0533
5 0.4631 0.0323 0.0500 0.3899 0.0646
6 0.7578 0.0699 0.0408 0.0627 0.0688
7 0.0877 0.6187 0.1135 0.1287 0.0516
8 0.5742 0.1088 0.0122 0.0654 0.2394
9 0.7285 0.0544 0.0070 0.0699 0.1401
10 0.3069 0.0226 0.0187 0.4128 0.2390
11 0.0815 0.5488 0.1196 0.1941 0.0561
12 0.5659 0.2415 0.0999 0.0423 0.0506
13 0.7432 0.1442 0.0498 0.0173 0.0453
14 0.8921 0.0677 0.0185 0.0059 0.0160
15 0.0523 0.1676 0.1305 0.4019 0.2477
16 0.8286 0.0591 0.0526 0.0284 0.0311
17 0.9028 0.0207 0.0412 0.0146 0.0207
18 0.8452 0.0194 0.0603 0.0652 0.0098
19 0.2727 0.1904 0.1980 0.2793 0.0594
20 0.0402 0.5098 0.2371 0.1965 0.0165
21 0.0554 0.5298 0.2208 0.1720 0.0222
22 0.0235 0.3945 0.1953 0.3594 0.0273
23 0.0391 0.1096 0.1113 0.1096 0.6304
24 0.0161 0.0091 0.0357 0.0030 0.9360
25 0.1125 0.0272 0.0622 0.2220 0.5762
26 0.1293 0.1560 0.0766 0.1866 0.4514
27 0.1562 0.1650 0.0773 0.0727 0.5288
28 0.0819 0.5869 0.1804 0.1461 0.0048
29 0.1486 0.5308 0.2795 0.0326 0.0085
30 0.1072 0.5361 0.2869 0.0499 0.0198
31 0.7563 0.1715 0.0641 0.0029 0.0050
32 0.0966 0.4331 0.4231 0.0186 0.0288
33 0.0812 0.1790 0.2333 0.4978 0.0087
34 0.0897 0.5122 0.2917 0.1040 0.0024
35 0.0798 0.2499 0.2170 0.4453 0.0078
36 0.3645 0.3218 0.2839 0.0093 0.0204
37 0.3484 0.3765 0.2302 0.0110 0.0339
38 0.1746 0.4253 0.3694 0.0106 0.0202
39 0.0817 0.4888 0.3257 0.0926 0.0113
40 0.1425 0.0934 0.3638 0.3696 0.0308
41 0.1379 0.4705 0.3779 0.0058 0.0080
42 0.0704 0.6172 0.2761 0.0174 0.0188
43 0.1801 0.4973 0.2480 0.0165 0.0580
44 0.1631 0.4397 0.2228 0.1593 0.0152
45 0.1700 0.1868 0.4480 0.1244 0.0709
46 0.3130 0.3716 0.3130 0.0020 0.0006
47 0.0849 0.5161 0.1188 0.2761 0.0042
48 0.0908 0.4612 0.2355 0.2111 0.0015
49 0.0877 0.5991 0.1758 0.1327 0.0045
50 0.0765 0.5566 0.1807 0.1149 0.0713
51 0.0292 0.7534 0.1372 0.0375 0.0428
52 0.0288 0.7788 0.1088 0.0413 0.0423
53 0.1310 0.4365 0.1967 0.0422 0.1936
54 0.0435 0.5518 0.1362 0.2487 0.0199
55 0.0522 0.2080 0.1464 0.2080 0.3855
56 0.0815 0.2888 0.1547 0.2180 0.2568
57 0.0555 0.7026 0.1862 0.0160 0.0399
58 0.1754 0.4209 0.1489 0.0606 0.1942
59 0.1041 0.4248 0.2617 0.1599 0.0496
60 0.0717 0.4675 0.2388 0.2042 0.0176
61 0.0429 0.1177 0.1633 0.3250 0.3513
62 0.1377 0.1047 0.0882 0.2454 0.4241
63 0.1604 0.3728 0.2971 0.0248 0.1449
64 0.0729 0.0311 0.0653 0.6196 0.2109
65 0.0852 0.0643 0.0619 0.4065 0.3821
66 0.0915 0.1175 0.0493 0.1544 0.5874
67 0.0711 0.0679 0.0355 0.2747 0.5508
68 0.0594 0.6851 0.1843 0.0508 0.0207
69 0.0958 0.5342 0.2026 0.0493 0.1182
70 0.2460 0.3931 0.2559 0.0213 0.0837
71 0.1306 0.3110 0.3721 0.1190 0.0673
72 0.0442 0.0264 0.0674 0.5142 0.3479
73 0.1711 0.0271 0.4338 0.3484 0.0195
74 0.2192 0.1309 0.2158 0.1483 0.2859
75 0.0677 0.4771 0.1782 0.2399 0.0371
76 0.8389 0.0688 0.0267 0.0484 0.0173
77 0.7808 0.0693 0.0338 0.1000 0.0163
78 0.0571 0.3638 0.1458 0.4253 0.0082
79 0.0710 0.0444 0.0516 0.3552 0.4778
80 0.1033 0.2896 0.3547 0.2327 0.0197
81 0.3218 0.2817 0.3293 0.0358 0.0311
82 0.2512 0.2494 0.1957 0.1512 0.1525
83 0.4607 0.2335 0.1174 0.1484 0.0399
84 0.2722 0.2659 0.2239 0.1456 0.0926
85 0.0400 0.0497 0.6655 0.2300 0.0147
86 0.0377 0.0141 0.8066 0.1277 0.0139
87 0.0966 0.5737 0.0525 0.0226 0.2546
88 0.5645 0.1819 0.1405 0.0638 0.0493
89 0.0813 0.4065 0.3450 0.1461 0.0210
90 0.5088 0.0545 0.1317 0.2898 0.0152
91 0.1249 0.3477 0.4429 0.0813 0.0034
92 0.0457 0.0385 0.2179 0.6304 0.0675
93 0.0311 0.7905 0.1194 0.0534 0.0055
94 0.7959 0.0474 0.0879 0.0418 0.0270
95 0.5981 0.0588 0.1225 0.1489 0.0715
96 0.4246 0.2238 0.0849 0.0897 0.1770
97 0.2491 0.5615 0.1205 0.0239 0.0450
98 0.2708 0.2244 0.1919 0.2644 0.0485
99 0.2500 0.3186 0.3933 0.0285 0.0095
100 0.2961 0.2739 0.3601 0.0602 0.0098
101 0.1718 0.1871 0.5459 0.0504 0.0451
102 0.2140 0.3845 0.1816 0.1934 0.0266
103 0.3743 0.2554 0.2871 0.0255 0.0579
104 0.0509 0.0826 0.0789 0.0513 0.7363
105 0.1224 0.0917 0.0606 0.0151 0.7100
106 0.0422 0.1146 0.6597 0.1804 0.0030
107 0.5151 0.3599 0.1015 0.0183 0.0050
108 0.7036 0.1685 0.0815 0.0400 0.0062
109 0.1461 0.1749 0.0746 0.0216 0.5825
110 0.1448 0.1979 0.1059 0.0262 0.5254
111 0.4519 0.2678 0.2308 0.0354 0.0143
112 0.1179 0.7686 0.0704 0.0105 0.0325
113 0.5083 0.1914 0.2239 0.0570 0.0193
114 0.6528 0.1855 0.1009 0.0488 0.0121
115 0.0812 0.5176 0.3503 0.0485 0.0024
116 0.5884 0.2913 0.0991 0.0159 0.0056
117 0.6416 0.0939 0.1159 0.0620 0.0868
118 0.4846 0.2827 0.1868 0.0414 0.0046
119 0.3855 0.2776 0.3049 0.0230 0.0091
120 0.0410 0.2021 0.1755 0.5244 0.0570
121 0.0456 0.3164 0.2389 0.3757 0.0233
122 0.4792 0.3425 0.1567 0.0190 0.0025
123 0.0789 0.4365 0.2300 0.2128 0.0419
124 0.0963 0.1276 0.2421 0.4524 0.0817
125 0.3206 0.5410 0.0588 0.0683 0.0111
126 0.4209 0.2915 0.1098 0.1727 0.0052
127 0.6196 0.0776 0.0559 0.2227 0.0242
128 0.0185 0.1625 0.1757 0.5493 0.0940
129 0.0129 0.3843 0.3088 0.2900 0.0038
130 0.1152 0.1885 0.5537 0.1326 0.0099
131 0.2162 0.3677 0.2230 0.1792 0.0139
132 0.0345 0.5981 0.2847 0.0809 0.0019
133 0.1720 0.2074 0.3501 0.2261 0.0445
134 0.1884 0.4922 0.2134 0.0897 0.0164
135 0.4216 0.2311 0.1718 0.0584 0.1171
136 0.4263 0.2817 0.1028 0.0814 0.1078
137 0.1091 0.4851 0.3718 0.0296 0.0043
138 0.0909 0.2323 0.5659 0.1031 0.0078
139 0.1346 0.4451 0.3083 0.0933 0.0185
140 0.6846 0.1127 0.0536 0.0994 0.0496
141 0.4727 0.3857 0.0635 0.0406 0.0376
142 0.0264 0.7178 0.1528 0.1026 0.0006
143 0.4133 0.2450 0.0908 0.0555 0.1953
144 0.3967 0.2174 0.2174 0.0845 0.0838
145 0.2151 0.5200 0.1810 0.0385 0.0454
146 0.3101 0.2937 0.3149 0.0720 0.0093
147 0.0614 0.4905 0.3533 0.0929 0.0019
148 0.0839 0.6196 0.2502 0.0311 0.0152
149 0.3909 0.0406 0.3789 0.1531 0.0367
150 0.3994 0.1110 0.1209 0.1858 0.1829
151 0.5337 0.1874 0.1720 0.0572 0.0497
152 0.3408 0.0737 0.1124 0.4446 0.0284
153 0.1544 0.4365 0.2373 0.1520 0.0199
154 0.2798 0.2798 0.1462 0.2690 0.0252
155 0.4246 0.1757 0.2852 0.1057 0.0091
156 0.1284 0.1868 0.1169 0.5488 0.0189
157 0.2756 0.1158 0.3430 0.2510 0.0144
158 0.4841 0.2217 0.1512 0.0726 0.0703
159 0.5649 0.1139 0.0609 0.1722 0.0880
160 0.0493 0.2603 0.2297 0.4031 0.0576
161 0.2737 0.0953 0.0828 0.4841 0.0640
162 0.7241 0.1604 0.0405 0.0140 0.0609
163 0.7065 0.0504 0.0386 0.0470 0.1576
164 0.0639 0.1849 0.3096 0.4299 0.0117
165 0.0482 0.2145 0.1096 0.6206 0.0069
166 0.0370 0.3323 0.5835 0.0302 0.0171
167 0.0284 0.3376 0.4543 0.1671 0.0124
168 0.2003 0.2235 0.4768 0.0875 0.0118
169 0.0892 0.1182 0.3640 0.3420 0.0865
170 0.2769 0.1903 0.3936 0.1127 0.0268
171 0.5312 0.1418 0.2864 0.0138 0.0269
172 0.0318 0.2402 0.3335 0.3721 0.0222
173 0.1311 0.4202 0.3074 0.1322 0.0092
174 0.7285 0.1041 0.1368 0.0244 0.0062
175 0.0735 0.1174 0.3398 0.4502 0.0192
176 0.0582 0.3403 0.2651 0.3101 0.0262
177 0.0798 0.4385 0.2205 0.2537 0.0076
178 0.0384 0.7715 0.1804 0.0085 0.0009
179 0.3232 0.2422 0.1731 0.2329 0.0285
180 0.2522 0.3816 0.1542 0.0567 0.1554
181 0.3628 0.3745 0.1245 0.0579 0.0803
182 0.4463 0.2279 0.1438 0.1182 0.0638
183 0.4448 0.1742 0.1649 0.0925 0.1235
184 0.4468 0.0873 0.3093 0.0753 0.0814
185 0.2301 0.2111 0.4504 0.0649 0.0435
186 0.0474 0.1278 0.7949 0.0169 0.0128
187 0.4800 0.1312 0.1272 0.0916 0.1698
188 0.0183 0.2335 0.1156 0.6152 0.0176
189 0.2319 0.2629 0.3977 0.0959 0.0116
190 0.3062 0.3752 0.2922 0.0173 0.0090
191 0.1571 0.2822 0.5151 0.0400 0.0056
192 0.0566 0.2308 0.6680 0.0199 0.0247
193 0.1821 0.2979 0.4268 0.0783 0.0148
194 0.0133 0.0848 0.0861 0.8047 0.0112
195 0.3789 0.0845 0.3616 0.0900 0.0852
196 0.5410 0.1116 0.2344 0.0561 0.0570
197 0.6196 0.0609 0.1891 0.0663 0.0638
198 0.3867 0.0955 0.4775 0.0184 0.0218
199 0.3792 0.0654 0.4197 0.1061 0.0299
200 0.3059 0.2637 0.3547 0.0682 0.0075
201 0.3152 0.2612 0.3831 0.0320 0.0087
202 0.1801 0.0187 0.2137 0.4817 0.1058
203 0.3540 0.0784 0.4370 0.1131 0.0176
204 0.6577 0.2006 0.0955 0.0377 0.0085
205 0.6704 0.0807 0.1461 0.0880 0.0145
206 0.2208 0.0425 0.2925 0.4255 0.0187
207 0.5679 0.0956 0.2810 0.0399 0.0155
208 0.1213 0.0108 0.0736 0.7788 0.0154
209 0.2008 0.0140 0.0532 0.7231 0.0090
210 0.7188 0.1003 0.1036 0.0260 0.0513
211 0.6841 0.0732 0.1179 0.0904 0.0346
212 0.7021 0.0638 0.1329 0.0695 0.0313
213 0.0696 0.3706 0.5229 0.0361 0.0007
214 0.7935 0.0756 0.1065 0.0163 0.0083
215 0.5718 0.0876 0.2637 0.0632 0.0138
216 0.4578 0.1022 0.3738 0.0573 0.0090
217 0.5459 0.1414 0.2520 0.0251 0.0357
218 0.4548 0.1852 0.2323 0.0760 0.0518
219 0.6855 0.0825 0.1483 0.0254 0.0581
220 0.6328 0.1083 0.1266 0.0544 0.0780
221 0.4617 0.2433 0.2529 0.0171 0.0250
222 0.7378 0.1038 0.1262 0.0127 0.0197
223 0.0967 0.4543 0.3948 0.0090 0.0450
224 0.1683 0.3455 0.4038 0.0110 0.0713
225 0.8257 0.0399 0.0786 0.0488 0.0070
226 0.8652 0.0301 0.0877 0.0120 0.0052
227 0.8369 0.0374 0.0726 0.0392 0.0138
228 0.3066 0.3845 0.2407 0.0355 0.0326
229 0.6865 0.0753 0.1605 0.0559 0.0216
230 0.5083 0.0768 0.2310 0.1207 0.0631
231 0.1573 0.5713 0.2307 0.0245 0.0163
232 0.5659 0.1454 0.0882 0.0574 0.1431
233 0.3408 0.1512 0.2167 0.2288 0.0626
234 0.3884 0.4006 0.1619 0.0334 0.0157
235 0.4868 0.0833 0.1722 0.2355 0.0221
236 0.1570 0.0736 0.1343 0.4875 0.1476
237 0.1123 0.0556 0.0403 0.6562 0.1355
238 0.1406 0.0233 0.0359 0.6816 0.1185
239 0.6694 0.0456 0.0700 0.1874 0.0274
240 0.1786 0.0793 0.1814 0.4744 0.0864
241 0.1666 0.0858 0.2241 0.3843 0.1392
242 0.3616 0.3140 0.0752 0.2012 0.0482
243 0.6846 0.0786 0.1083 0.1092 0.0193
244 0.1212 0.0669 0.2111 0.5103 0.0908
245 0.1831 0.0576 0.0668 0.4714 0.2209
246 0.2952 0.0735 0.2646 0.3506 0.0160
247 0.2318 0.2710 0.1696 0.2930 0.0345
248 0.4192 0.1383 0.0590 0.3557 0.0276
249 0.0839 0.0880 0.1028 0.5825 0.1427
250 0.2341 0.0237 0.0772 0.6562 0.0085
251 0.3347 0.1892 0.2607 0.0724 0.1428
252 0.1965 0.4714 0.2905 0.0277 0.0138
253 0.0688 0.3838 0.4282 0.0469 0.0721
254 0.1428 0.3943 0.4399 0.0195 0.0035
255 0.5630 0.0244 0.0477 0.3467 0.0184
256 0.0887 0.0747 0.2301 0.5518 0.0547
257 0.3037 0.2966 0.2422 0.1075 0.0500
258 0.6694 0.1719 0.0684 0.0333 0.0571
259 0.7061 0.0863 0.0993 0.0641 0.0444
260 0.0322 0.2361 0.6123 0.0969 0.0227
261 0.3113 0.2812 0.2769 0.0131 0.1172
262 0.0319 0.2866 0.5029 0.1738 0.0044
263 0.4109 0.2416 0.3174 0.0191 0.0110
264 0.3594 0.2432 0.3171 0.0660 0.0145
265 0.0556 0.2494 0.5361 0.1489 0.0100
266 0.0144 0.2363 0.3181 0.4280 0.0031
267 0.0395 0.0755 0.8115 0.0720 0.0013
268 0.0791 0.0362 0.2495 0.6079 0.0271
269 0.1724 0.1779 0.1014 0.4990 0.0494
270 0.0508 0.7114 0.0448 0.1855 0.0075
271 0.0634 0.2394 0.0789 0.6113 0.0072
272 0.2163 0.0610 0.3738 0.3323 0.0167
273 0.0498 0.1865 0.5151 0.2471 0.0016
274 0.2074 0.4602 0.2190 0.0793 0.0341
275 0.0969 0.0755 0.4412 0.3774 0.0092
276 0.1423 0.1691 0.1390 0.3184 0.2311
277 0.1160 0.3745 0.4111 0.0461 0.0523
278 0.1050 0.4563 0.4153 0.0122 0.0112
279 0.1221 0.2062 0.5693 0.0795 0.0231
280 0.1250 0.1749 0.2095 0.0741 0.4165
281 0.2322 0.1583 0.0692 0.4509 0.0895
282 0.2598 0.2766 0.1109 0.2876 0.0652
283 0.0663 0.1436 0.2791 0.4746 0.0366
284 0.4917 0.0834 0.1881 0.0601 0.1766
285 0.6978 0.0770 0.0795 0.1086 0.0373
286 0.4651 0.1521 0.3247 0.0397 0.0186
287 0.3491 0.4019 0.2202 0.0102 0.0185
288 0.0447 0.6372 0.2871 0.0273 0.0038
289 0.3496 0.0716 0.1931 0.1296 0.2559
290 0.0936 0.0409 0.7417 0.0794 0.0445
291 0.1217 0.2070 0.5942 0.0617 0.0151
292 0.1388 0.4409 0.1334 0.2148 0.0720
293 0.0641 0.0276 0.2273 0.6577 0.0234
294 0.1282 0.6064 0.2394 0.0203 0.0056
295 0.1714 0.6675 0.1056 0.0410 0.0146
296 0.0825 0.7588 0.1035 0.0366 0.0184
297 0.1140 0.6611 0.1407 0.0676 0.0166
298 0.1270 0.4827 0.3215 0.0563 0.0125
299 0.0314 0.5107 0.3567 0.0983 0.0027
300 0.1320 0.5137 0.2883 0.0456 0.0202
301 0.0825 0.5054 0.1948 0.1859 0.0313
302 0.1083 0.6284 0.2040 0.0346 0.0249
303 0.0892 0.7534 0.1249 0.0156 0.0170
304 0.1163 0.6489 0.1787 0.0396 0.0166
305 0.1138 0.7075 0.1329 0.0272 0.0183
306 0.1331 0.3914 0.1921 0.2732 0.0103
307 0.2664 0.3188 0.2859 0.0806 0.0482
308 0.2417 0.2133 0.3489 0.1500 0.0461
309 0.1431 0.3711 0.4407 0.0367 0.0085
310 0.1630 0.2795 0.2126 0.2930 0.0521
311 0.0867 0.5186 0.3455 0.0329 0.0167
312 0.1613 0.4282 0.1456 0.2421 0.0229
313 0.1050 0.3135 0.1528 0.3901 0.0383
314 0.1362 0.5605 0.2144 0.0490 0.0400
315 0.1514 0.4346 0.2554 0.1073 0.0515
316 0.1176 0.6821 0.1608 0.0193 0.0200
317 0.0717 0.7295 0.1172 0.0684 0.0132
318 0.0753 0.6016 0.2668 0.0542 0.0020
319 0.0932 0.3408 0.3862 0.1500 0.0298
320 0.0519 0.6123 0.3176 0.0168 0.0011
321 0.1213 0.5146 0.3296 0.0277 0.0068
322 0.0828 0.4653 0.4170 0.0221 0.0128
323 0.0844 0.6040 0.1370 0.1447 0.0298
324 0.0935 0.6694 0.1339 0.0757 0.0274
325 0.0592 0.4583 0.1660 0.2913 0.0253
326 0.1407 0.6821 0.1006 0.0406 0.0361
327 0.1013 0.7251 0.1103 0.0329 0.0306
328 0.1809 0.4731 0.1293 0.1754 0.0413
329 0.1403 0.5815 0.1338 0.1181 0.0264
330 0.0723 0.2561 0.3501 0.2859 0.0355
331 0.2057 0.1705 0.2423 0.3313 0.0504
332 0.2001 0.3003 0.2866 0.1779 0.0353
333 0.1048 0.4275 0.1124 0.3127 0.0423
334 0.1030 0.4507 0.3855 0.0403 0.0204
335 0.1277 0.3723 0.3445 0.1403 0.0154
336 0.1041 0.7173 0.1208 0.0448 0.0132
337 0.0749 0.6885 0.1989 0.0307 0.0069
338 0.1326 0.6128 0.1913 0.0447 0.0185
339 0.0826 0.6753 0.1996 0.0258 0.0168
340 0.1207 0.7222 0.1091 0.0310 0.0169
341 0.0661 0.3411 0.2554 0.3010 0.0365
342 0.1284 0.4377 0.2656 0.1478 0.0205
343 0.0673 0.2346 0.2920 0.3362 0.0699
344 0.1089 0.1769 0.1825 0.4807 0.0511
345 0.1484 0.3733 0.2318 0.1644 0.0820
346 0.1246 0.2874 0.1599 0.4182 0.0100
347 0.2106 0.4670 0.1705 0.1067 0.0452
348 0.1720 0.5776 0.1483 0.0648 0.0375
349 0.1982 0.6553 0.0718 0.0501 0.0244
350 0.1004 0.7417 0.0576 0.0628 0.0372
351 0.1186 0.7437 0.0447 0.0565 0.0365
352 0.2054 0.5371 0.0466 0.1515 0.0593
353 0.0775 0.3286 0.2639 0.2944 0.0355
354 0.0914 0.5684 0.2502 0.0623 0.0276
355 0.0536 0.3442 0.3337 0.2384 0.0301
356 0.0974 0.7197 0.0304 0.1139 0.0385
357 0.2219 0.6172 0.0588 0.0388 0.0630
358 0.2261 0.5728 0.0892 0.0879 0.0238
359 0.1440 0.0681 0.4104 0.3623 0.0152
360 0.0762 0.1066 0.0402 0.0817 0.6953
361 0.0957 0.1361 0.0474 0.0405 0.6802
362 0.0973 0.1438 0.0331 0.0233 0.7026
363 0.3208 0.1041 0.1256 0.3157 0.1337
364 0.3018 0.0086 0.0872 0.6001 0.0022
365 0.2751 0.0290 0.0550 0.6396 0.0013
366 0.2751 0.0290 0.0550 0.6396 0.0013
367 0.0464 0.0038 0.0153 0.9331 0.0016
368 0.4065 0.0886 0.1461 0.3423 0.0165
369 0.3584 0.0689 0.0913 0.4673 0.0142
370 0.5122 0.1134 0.0804 0.2700 0.0238
371 0.1317 0.1050 0.1010 0.3901 0.2722
372 0.3188 0.3340 0.1051 0.0950 0.1471
373 0.2954 0.4009 0.1176 0.1021 0.0840
374 0.3062 0.1931 0.2898 0.1458 0.0652
375 0.3276 0.1699 0.1313 0.1754 0.1957
376 0.4016 0.2986 0.1206 0.0447 0.1345
377 0.3760 0.3760 0.0764 0.0355 0.1361
378 0.3347 0.3347 0.1683 0.0193 0.1428
379 0.2864 0.3481 0.1864 0.0316 0.1475
380 0.7861 0.1187 0.0515 0.0194 0.0245
381 0.8960 0.0713 0.0122 0.0063 0.0144
382 0.4956 0.3459 0.0687 0.0848 0.0052
383 0.8291 0.0560 0.0314 0.0645 0.0192
384 0.8086 0.1069 0.0648 0.0109 0.0088
385 0.0537 0.1903 0.0554 0.6963 0.0046
386 0.1206 0.4412 0.0592 0.3772 0.0018
387 0.4758 0.1509 0.0475 0.3145 0.0112
388 0.0081 0.0512 0.0032 0.9370 0.0004
389 0.0229 0.0415 0.0060 0.9292 0.0006
390 0.2927 0.0936 0.0944 0.5098 0.0093
391 0.2086 0.1479 0.1189 0.5083 0.0162
392 0.5039 0.1410 0.0335 0.3103 0.0114
393 0.5747 0.1047 0.0601 0.2216 0.0388
394 0.5059 0.0826 0.0795 0.3069 0.0250
395 0.8691 0.0243 0.0104 0.0902 0.0060
396 0.9004 0.0188 0.0131 0.0657 0.0021
397 0.8247 0.0232 0.0177 0.1316 0.0026
398 0.7837 0.0268 0.0154 0.1721 0.0022
399 0.2476 0.0174 0.0469 0.6626 0.0259
400 0.0795 0.0795 0.0959 0.2732 0.4719
401 0.0947 0.0484 0.1216 0.6079 0.1274
402 0.1215 0.0931 0.1141 0.5703 0.1007
403 0.2654 0.1187 0.1366 0.4585 0.0210
404 0.2803 0.0861 0.0539 0.4995 0.0803
405 0.3977 0.1533 0.1166 0.3245 0.0080
406 0.2372 0.2795 0.1383 0.3398 0.0052
407 0.3643 0.2092 0.1449 0.2749 0.0067
408 0.2184 0.2695 0.0961 0.4080 0.0080
409 0.2837 0.2043 0.0907 0.4128 0.0082
410 0.2913 0.2590 0.1344 0.2866 0.0288
411 0.4277 0.3774 0.1090 0.0732 0.0124
412 0.2727 0.3394 0.1641 0.2074 0.0164
413 0.3208 0.3311 0.1829 0.1552 0.0101
414 0.2925 0.3875 0.1060 0.1774 0.0366
415 0.3103 0.0569 0.1377 0.3984 0.0969
416 0.4087 0.0612 0.1074 0.3721 0.0508
417 0.4958 0.0626 0.1215 0.2654 0.0548
418 0.3027 0.2629 0.1808 0.2321 0.0216
419 0.7021 0.0590 0.0893 0.1405 0.0089
420 0.7163 0.0767 0.0607 0.1315 0.0146
421 0.7817 0.0480 0.0431 0.1144 0.0130
422 0.1445 0.1946 0.1716 0.4595 0.0298
423 0.4280 0.1770 0.1929 0.1826 0.0197
424 0.4163 0.1450 0.2125 0.1708 0.0555
425 0.3552 0.1704 0.1731 0.2681 0.0331
426 0.0874 0.3027 0.2147 0.3767 0.0185
427 0.2067 0.0476 0.0809 0.6465 0.0183
428 0.2162 0.0691 0.0591 0.6455 0.0104
429 0.1991 0.1390 0.1017 0.5498 0.0106
430 0.1304 0.2512 0.2473 0.3542 0.0168
431 0.4209 0.1797 0.1225 0.2554 0.0215
432 0.3804 0.1197 0.0977 0.3687 0.0335
433 0.5000 0.0574 0.1056 0.2871 0.0499
434 0.1127 0.1392 0.2810 0.4219 0.0452
435 0.1473 0.0393 0.0691 0.7031 0.0412
436 0.2247 0.0546 0.1147 0.5562 0.0497
437 0.4673 0.1093 0.0700 0.1615 0.1918
438 0.3408 0.1047 0.0125 0.4768 0.0651
439 0.0621 0.0443 0.0073 0.8838 0.0024
440 0.0333 0.0589 0.0054 0.9009 0.0016
441 0.0286 0.0429 0.0038 0.9243 0.0004
442 0.4744 0.1238 0.1993 0.1815 0.0210
443 0.6284 0.1946 0.1010 0.0549 0.0213
444 0.3547 0.4148 0.1456 0.0823 0.0026
445 0.2289 0.1225 0.3630 0.1367 0.1489
446 0.2656 0.3545 0.1810 0.1854 0.0134
447 0.5020 0.1427 0.1655 0.1804 0.0092
448 0.4800 0.2180 0.1969 0.1006 0.0046
449 0.4106 0.0479 0.3052 0.2017 0.0345
450 0.4473 0.1836 0.2231 0.1333 0.0126
451 0.2778 0.1633 0.0875 0.4475 0.0237
452 0.1852 0.0760 0.2034 0.5112 0.0239
453 0.2888 0.2450 0.2450 0.1054 0.1158
454 0.5884 0.2183 0.0423 0.0784 0.0725
455 0.4739 0.0750 0.0891 0.3386 0.0234
456 0.7739 0.0984 0.0215 0.0703 0.0356
457 0.1993 0.1307 0.3364 0.2600 0.0734
458 0.5332 0.2661 0.0566 0.1381 0.0062
459 0.4785 0.2333 0.0613 0.2225 0.0044
460 0.5454 0.1337 0.0627 0.2422 0.0158
461 0.3584 0.1238 0.0390 0.4092 0.0695
462 0.5146 0.1204 0.0319 0.2284 0.1046
463 0.5288 0.0941 0.0265 0.2578 0.0927
464 0.6040 0.2439 0.0141 0.1025 0.0357
465 0.4814 0.3838 0.0335 0.0905 0.0106
466 0.5513 0.2466 0.0509 0.1138 0.0375
467 0.7490 0.0281 0.0100 0.2015 0.0114
468 0.8555 0.0629 0.0137 0.0538 0.0142
469 0.8037 0.0416 0.0226 0.1176 0.0142
470 0.9004 0.0231 0.0098 0.0617 0.0051
471 0.8696 0.0379 0.0189 0.0611 0.0126
472 0.8423 0.0206 0.0189 0.1054 0.0127
473 0.0451 0.0092 0.0495 0.8911 0.0052
474 0.6836 0.0849 0.0305 0.1783 0.0228
475 0.6836 0.0842 0.0308 0.1783 0.0229
476 0.5454 0.0507 0.0263 0.3577 0.0202
477 0.6958 0.0504 0.0349 0.1978 0.0213
478 0.8169 0.0450 0.0322 0.0797 0.0263
479 0.8135 0.0541 0.0405 0.0775 0.0142
480 0.8135 0.0541 0.0405 0.0775 0.0142
481 0.0241 0.5884 0.3740 0.0064 0.0073
482 0.1461 0.3792 0.3142 0.1289 0.0316
483 0.0746 0.3093 0.2408 0.3672 0.0080
