time exciting_prob fearful_prob tense_prob sad_prob relaxing_prob
0 0.1936 0.4229 0.3452 0.0286 0.0096
1 0.1637 0.4182 0.3748 0.0354 0.0078
2 0.1521 0.4402 0.3591 0.0429 0.0058
3 0.1388 0.3953 0.4207 0.0394 0.0059
4 0.1403 0.3933 0.4187 0.0418 0.0057
5 0.1434 0.4216 0.4023 0.0280 0.0045
6 0.1544 0.4756 0.3372 0.0299 0.0030
7 0.1160 0.3801 0.3862 0.1142 0.0034
8 0.1281 0.3169 0.4683 0.0839 0.0030
9 0.0939 0.4961 0.2307 0.1741 0.0053
10 0.0273 0.6035 0.2761 0.0911 0.0020
11 0.0784 0.4512 0.3513 0.1141 0.0052
12 0.0375 0.6494 0.1920 0.1183 0.0028
13 0.0944 0.1087 0.1533 0.6353 0.0083
14 0.1392 0.2367 0.1759 0.4287 0.0194
15 0.1140 0.0821 0.2734 0.5107 0.0200
16 0.0620 0.1660 0.3354 0.4175 0.0189
17 0.1444 0.1107 0.1797 0.4961 0.0693
18 0.1168 0.1030 0.2018 0.5571 0.0214
19 0.0991 0.2303 0.1158 0.5190 0.0359
20 0.0360 0.6084 0.2273 0.1217 0.0065
21 0.0122 0.1650 0.1703 0.6426 0.0096
22 0.0472 0.4341 0.4207 0.0953 0.0028
23 0.0799 0.3962 0.2330 0.2725 0.0184
24 0.1146 0.3115 0.3420 0.2010 0.0308
25 0.0353 0.4802 0.4238 0.0592 0.0014
26 0.0408 0.4189 0.5054 0.0328 0.0020
27 0.0249 0.4844 0.4768 0.0128 0.0012
28 0.1255 0.1512 0.2418 0.4661 0.0155
29 0.0169 0.3616 0.5962 0.0224 0.0027
30 0.0109 0.3740 0.6074 0.0067 0.0009
31 0.0308 0.3162 0.6284 0.0229 0.0016
32 0.1508 0.4502 0.1461 0.2300 0.0229
33 0.2651 0.2959 0.1571 0.2472 0.0345
34 0.3269 0.2798 0.1130 0.2585 0.0217
35 0.0569 0.2649 0.5029 0.1737 0.0018
36 0.0335 0.1539 0.5288 0.2744 0.0094
37 0.0571 0.5503 0.1002 0.2812 0.0111
38 0.2015 0.6113 0.0930 0.0685 0.0258
39 0.0394 0.2507 0.5068 0.1984 0.0048
40 0.0530 0.4041 0.4233 0.1158 0.0038
41 0.1610 0.4175 0.3628 0.0458 0.0129
42 0.1375 0.0307 0.1533 0.6255 0.0530
43 0.0436 0.1088 0.6460 0.1970 0.0045
44 0.0648 0.2729 0.5181 0.1183 0.0262
45 0.1785 0.1870 0.3083 0.1378 0.1885
46 0.0403 0.1147 0.2391 0.6011 0.0045
47 0.1176 0.4336 0.3430 0.0990 0.0070
48 0.2159 0.2644 0.2815 0.2192 0.0187
49 0.0246 0.9307 0.0355 0.0068 0.0023
50 0.0384 0.8608 0.0669 0.0229 0.0112
51 0.2322 0.3328 0.2472 0.1866 0.0013
52 0.0332 0.7974 0.0543 0.1130 0.0023
53 0.0425 0.6440 0.2369 0.0701 0.0063
54 0.0441 0.3362 0.3108 0.3059 0.0030
55 0.2817 0.0866 0.3853 0.2195 0.0268
56 0.1416 0.1138 0.3533 0.3267 0.0648
57 0.1110 0.0508 0.2242 0.0412 0.5728
58 0.0891 0.1613 0.2874 0.1613 0.3013
59 0.1129 0.1119 0.2881 0.0806 0.4065
60 0.1383 0.1495 0.5776 0.1165 0.0179
61 0.3745 0.2676 0.2476 0.0656 0.0447
62 0.0756 0.2103 0.6792 0.0265 0.0085
63 0.1993 0.1145 0.3210 0.0489 0.3162
64 0.1234 0.1150 0.2131 0.0251 0.5234
65 0.1029 0.1053 0.3481 0.0429 0.4006
66 0.0775 0.1747 0.6289 0.1182 0.0005
67 0.0980 0.1578 0.6748 0.0690 0.0004
68 0.0980 0.0920 0.2705 0.5298 0.0095
69 0.1041 0.4629 0.3284 0.1017 0.0030
70 0.0976 0.1971 0.0809 0.6025 0.0216
71 0.2113 0.2712 0.2549 0.2214 0.0410
72 0.1722 0.3618 0.1156 0.2861 0.0643
73 0.1252 0.6260 0.1534 0.0916 0.0035
74 0.1292 0.1823 0.1766 0.5029 0.0089
75 0.0842 0.1869 0.2939 0.4277 0.0072
76 0.2465 0.6050 0.1094 0.0248 0.0142
77 0.0247 0.0616 0.8906 0.0216 0.0014
78 0.0618 0.1119 0.7891 0.0344 0.0027
79 0.0480 0.1306 0.7939 0.0191 0.0084
80 0.0768 0.0377 0.8452 0.0263 0.0137
81 0.0974 0.2505 0.2391 0.3821 0.0309
82 0.0954 0.1622 0.1572 0.5488 0.0362
83 0.0629 0.2468 0.1863 0.4612 0.0429
84 0.1097 0.1926 0.3655 0.2759 0.0561
85 0.1648 0.2416 0.1926 0.3684 0.0327
86 0.1327 0.2681 0.3232 0.1813 0.0948
87 0.0390 0.1483 0.5684 0.2369 0.0074
88 0.0914 0.3345 0.4790 0.0886 0.0066
89 0.1509 0.6157 0.1998 0.0299 0.0038
90 0.1810 0.0984 0.1501 0.4771 0.0932
91 0.1969 0.3457 0.2690 0.1354 0.0530
92 0.2228 0.1183 0.5776 0.0794 0.0018
93 0.2399 0.2343 0.2939 0.1797 0.0523
94 0.3496 0.3062 0.1135 0.2188 0.0121
95 0.2837 0.3315 0.1747 0.2012 0.0089
96 0.1478 0.0767 0.3716 0.3955 0.0085
97 0.0903 0.2218 0.1942 0.4807 0.0130
98 0.2169 0.3254 0.1562 0.2830 0.0185
99 0.1880 0.0655 0.1006 0.5073 0.1387
100 0.0770 0.0901 0.7031 0.1078 0.0221
101 0.0882 0.0984 0.0969 0.7046 0.0122
102 0.0296 0.1285 0.1526 0.6841 0.0054
103 0.0085 0.0445 0.0512 0.8931 0.0026
104 0.1019 0.2949 0.2705 0.0493 0.2834
105 0.1364 0.3220 0.3794 0.0281 0.1342
106 0.0083 0.7754 0.0315 0.1841 0.0009
107 0.0197 0.7705 0.1219 0.0864 0.0014
108 0.0804 0.2476 0.1727 0.4846 0.0147
109 0.1389 0.1885 0.5371 0.1236 0.0120
110 0.1281 0.3193 0.3245 0.0403 0.1877
111 0.0898 0.1992 0.3086 0.2991 0.1033
112 0.1013 0.5918 0.2585 0.0449 0.0035
113 0.0809 0.1714 0.3572 0.3801 0.0103
114 0.0141 0.5444 0.1334 0.3054 0.0024
115 0.1620 0.0895 0.6357 0.1038 0.0091
116 0.0928 0.1964 0.1995 0.4028 0.1085
117 0.0302 0.6313 0.1956 0.1409 0.0020
118 0.0163 0.6509 0.2180 0.1114 0.0032
119 0.1171 0.4382 0.3691 0.0575 0.0181
120 0.0544 0.3831 0.1572 0.4016 0.0038
121 0.3394 0.5820 0.0412 0.0227 0.0148
122 0.0486 0.1022 0.0551 0.7432 0.0510
123 0.0421 0.2502 0.2074 0.4976 0.0027
124 0.1289 0.1372 0.1997 0.5098 0.0244
125 0.0337 0.3569 0.5791 0.0237 0.0064
126 0.0953 0.3379 0.3379 0.1925 0.0362
127 0.0580 0.1505 0.3904 0.3726 0.0287
128 0.0329 0.3882 0.1193 0.4399 0.0198
129 0.0632 0.5547 0.3262 0.0533 0.0027
130 0.0509 0.5469 0.3645 0.0364 0.0014
131 0.0312 0.0557 0.1975 0.7114 0.0043
132 0.0072 0.7891 0.0819 0.1210 0.0006
133 0.0033 0.8223 0.0789 0.0952 0.0003
134 0.0659 0.5103 0.3508 0.0707 0.0022
135 0.1107 0.1974 0.1008 0.5801 0.0109
136 0.0593 0.4148 0.3547 0.1676 0.0038
137 0.0226 0.3118 0.6597 0.0035 0.0023
138 0.0293 0.3513 0.6069 0.0087 0.0039
139 0.0626 0.1294 0.7622 0.0440 0.0016
140 0.0171 0.6997 0.0671 0.2134 0.0029
141 0.0436 0.1047 0.1547 0.6719 0.0249
142 0.0643 0.6147 0.2225 0.0965 0.0022
143 0.2466 0.1555 0.4001 0.1906 0.0073
144 0.0753 0.1765 0.5972 0.1365 0.0144
145 0.0784 0.0560 0.5654 0.2935 0.0065
146 0.0172 0.1542 0.5640 0.2542 0.0108
147 0.0252 0.7896 0.1086 0.0712 0.0053
148 0.0602 0.2186 0.3777 0.3181 0.0255
149 0.0962 0.2380 0.5283 0.0515 0.0862
150 0.0914 0.1708 0.6860 0.0399 0.0120
151 0.0677 0.6729 0.2117 0.0414 0.0065
152 0.0671 0.5615 0.2610 0.1014 0.0090
153 0.0499 0.3306 0.6079 0.0046 0.0068
154 0.0843 0.1316 0.5991 0.0310 0.1539
155 0.0692 0.0848 0.2673 0.5659 0.0129
156 0.1071 0.1740 0.2065 0.5034 0.0092
157 0.0069 0.3081 0.0984 0.5845 0.0020
158 0.0052 0.5815 0.0906 0.3210 0.0018
159 0.1829 0.1208 0.2240 0.4187 0.0536
160 0.0997 0.3425 0.2710 0.2839 0.0029
161 0.1261 0.4199 0.3823 0.0681 0.0035
162 0.0775 0.6636 0.1238 0.1209 0.0141
163 0.0222 0.5518 0.3047 0.1139 0.0072
164 0.0429 0.4507 0.2776 0.2231 0.0057
165 0.0959 0.2734 0.4041 0.2196 0.0070
166 0.0627 0.1932 0.5591 0.1815 0.0033
167 0.2661 0.2240 0.2559 0.2385 0.0155
168 0.1843 0.0504 0.4934 0.2223 0.0496
169 0.0129 0.2051 0.3381 0.4409 0.0031
170 0.0108 0.6108 0.1619 0.2144 0.0024
171 0.0067 0.6353 0.2908 0.0659 0.0013
172 0.1064 0.2148 0.1622 0.4998 0.0168
173 0.0753 0.1863 0.2178 0.5142 0.0064
174 0.4358 0.1874 0.1616 0.1239 0.0914
175 0.0187 0.7134 0.2075 0.0567 0.0038
176 0.1034 0.6333 0.2122 0.0488 0.0025
177 0.0121 0.6968 0.2727 0.0181 0.0004
178 0.0679 0.4324 0.3528 0.0572 0.0899
179 0.0546 0.5347 0.3345 0.0283 0.0478
180 0.0253 0.2360 0.7158 0.0216 0.0014
181 0.0739 0.3750 0.3635 0.1799 0.0077
182 0.1649 0.1688 0.5078 0.1335 0.0249
183 0.1820 0.2668 0.4006 0.0867 0.0639
184 0.0074 0.0591 0.0224 0.9097 0.0012
185 0.1118 0.2966 0.5210 0.0377 0.0330
186 0.0815 0.2305 0.6118 0.0596 0.0166
187 0.0123 0.2815 0.0776 0.6152 0.0136
188 0.0908 0.3733 0.4944 0.0372 0.0044
189 0.0097 0.0468 0.0267 0.9116 0.0053
190 0.0790 0.6167 0.2822 0.0211 0.0009
191 0.0828 0.2303 0.6460 0.0394 0.0015
192 0.1580 0.2263 0.3972 0.2125 0.0060
193 0.1758 0.1390 0.3809 0.2854 0.0188
194 0.0904 0.5244 0.2742 0.0698 0.0414
195 0.0618 0.5908 0.2277 0.1059 0.0140
196 0.0344 0.0850 0.3208 0.5542 0.0054
197 0.0736 0.5566 0.2321 0.1054 0.0322
198 0.1313 0.2654 0.1234 0.4512 0.0288
199 0.0335 0.6084 0.1401 0.2070 0.0106
200 0.1519 0.1506 0.5425 0.0958 0.0590
201 0.0911 0.3577 0.4248 0.1198 0.0065
202 0.0473 0.6484 0.1614 0.1338 0.0090
203 0.0215 0.5405 0.4277 0.0089 0.0011
204 0.1448 0.2622 0.1948 0.3640 0.0344
205 0.1945 0.2700 0.2169 0.2498 0.0688
206 0.3018 0.1707 0.1747 0.0366 0.3164
207 0.0339 0.1428 0.3882 0.4263 0.0090
208 0.0916 0.7905 0.0930 0.0221 0.0027
209 0.1854 0.2656 0.2345 0.2964 0.0181
210 0.0690 0.4861 0.1437 0.2949 0.0064
211 0.0424 0.3989 0.1198 0.4314 0.0074
212 0.1257 0.4861 0.3137 0.0627 0.0117
213 0.0437 0.4812 0.2830 0.1885 0.0036
214 0.0767 0.2961 0.4448 0.1797 0.0027
215 0.0309 0.7715 0.1320 0.0643 0.0016
216 0.2224 0.5859 0.1759 0.0144 0.0012
217 0.1727 0.4622 0.3032 0.0588 0.0032
218 0.1043 0.6191 0.2351 0.0387 0.0025
219 0.0812 0.5996 0.2969 0.0215 0.0009
220 0.1174 0.2729 0.4099 0.1967 0.0032
221 0.2874 0.2274 0.2205 0.2498 0.0150
222 0.1396 0.4268 0.2888 0.1301 0.0146
223 0.1848 0.4231 0.2954 0.0866 0.0100
224 0.0906 0.2971 0.4529 0.1517 0.0077
225 0.0446 0.6250 0.3142 0.0122 0.0042
226 0.0500 0.6587 0.2500 0.0338 0.0077
227 0.1893 0.4470 0.2393 0.1222 0.0022
228 0.0397 0.2373 0.7085 0.0123 0.0022
229 0.0440 0.2472 0.6934 0.0139 0.0017
230 0.0354 0.4111 0.5444 0.0083 0.0008
231 0.0253 0.2473 0.7046 0.0220 0.0009
232 0.0242 0.3208 0.6382 0.0163 0.0008
233 0.0309 0.2546 0.6816 0.0307 0.0024
234 0.0645 0.3567 0.3247 0.2163 0.0379
235 0.1033 0.5327 0.2363 0.1017 0.0261
236 0.1116 0.2273 0.2086 0.3835 0.0688
237 0.0757 0.5728 0.2388 0.0793 0.0334
238 0.0172 0.9453 0.0313 0.0048 0.0013
239 0.0070 0.9189 0.0561 0.0175 0.0003
240 0.0521 0.3757 0.5640 0.0070 0.0012
241 0.0160 0.3018 0.6802 0.0020 0.0002
242 0.0283 0.6953 0.2294 0.0452 0.0019
243 0.2047 0.0881 0.2469 0.3948 0.0654
244 0.2305 0.1355 0.1941 0.3860 0.0539
245 0.2305 0.1355 0.1941 0.3860 0.0539
246 0.2037 0.2830 0.2496 0.2310 0.0327
247 0.2037 0.2830 0.2496 0.2310 0.0327
248 0.2037 0.2830 0.2496 0.2310 0.0327
249 0.2037 0.2830 0.2496 0.2310 0.0327
250 0.2037 0.2830 0.2496 0.2310 0.0327
251 0.8438 0.0715 0.0661 0.0038 0.0151
252 0.8389 0.0733 0.0678 0.0041 0.0161
253 0.8389 0.0733 0.0678 0.0041 0.0161
254 0.8389 0.0733 0.0678 0.0041 0.0161
255 0.8389 0.0733 0.0678 0.0041 0.0161
256 0.8389 0.0733 0.0678 0.0041 0.0161
257 0.8350 0.0765 0.0685 0.0039 0.0163
258 0.8350 0.0765 0.0685 0.0039 0.0163
259 0.8350 0.0765 0.0685 0.0039 0.0163
260 0.8350 0.0765 0.0685 0.0039 0.0163
