time exciting_prob fearful_prob tense_prob sad_prob relaxing_prob
0 0.1490 0.2344 0.2037 0.3689 0.0440
1 0.3381 0.3054 0.2634 0.0666 0.0265
2 0.8584 0.0389 0.0380 0.0462 0.0187
3 0.8613 0.0457 0.0426 0.0295 0.0207
4 0.8677 0.0412 0.0396 0.0260 0.0256
5 0.8369 0.0552 0.0569 0.0289 0.0220
6 0.8135 0.0689 0.0648 0.0306 0.0222
7 0.4995 0.1635 0.2002 0.1150 0.0218
8 0.5732 0.1735 0.1483 0.0907 0.0142
9 0.1043 0.3643 0.3240 0.1890 0.0187
10 0.8403 0.0219 0.0311 0.0581 0.0485
11 0.8647 0.0222 0.0301 0.0317 0.0511
12 0.8711 0.0171 0.0293 0.0383 0.0441
13 0.9307 0.0095 0.0076 0.0209 0.0313
14 0.8696 0.0194 0.0407 0.0251 0.0454
15 0.8921 0.0170 0.0294 0.0253 0.0363
16 0.1182 0.2208 0.2483 0.3938 0.0190
17 0.1218 0.0627 0.2346 0.5371 0.0438
18 0.1202 0.0384 0.3022 0.5142 0.0250
19 0.0720 0.0803 0.4146 0.4209 0.0122
20 0.8574 0.0454 0.0869 0.0057 0.0048
21 0.8721 0.0540 0.0632 0.0069 0.0036
22 0.8076 0.1011 0.0740 0.0131 0.0042
23 0.2185 0.1040 0.2151 0.1884 0.2739
24 0.5845 0.0540 0.0503 0.2437 0.0677
25 0.4148 0.0985 0.0365 0.4214 0.0287
26 0.3896 0.2152 0.0377 0.3359 0.0215
27 0.0395 0.0111 0.0069 0.9414 0.0012
28 0.0237 0.0088 0.0066 0.9600 0.0012
29 0.0608 0.0516 0.0313 0.8530 0.0032
30 0.1667 0.1591 0.1382 0.5298 0.0062
31 0.2649 0.1594 0.0814 0.4910 0.0034
32 0.3442 0.1842 0.0912 0.3721 0.0084
33 0.2388 0.1051 0.2191 0.3584 0.0787
34 0.3413 0.1368 0.2659 0.2383 0.0178
35 0.4941 0.1890 0.1472 0.1543 0.0154
36 0.3870 0.2170 0.2681 0.1118 0.0162
37 0.2734 0.1893 0.4543 0.0670 0.0160
38 0.1862 0.1497 0.3218 0.3320 0.0105
39 0.2421 0.1757 0.4702 0.1001 0.0120
40 0.3025 0.2356 0.4136 0.0353 0.0130
41 0.1045 0.0674 0.6709 0.1497 0.0076
42 0.0873 0.0707 0.1997 0.6250 0.0173
43 0.1006 0.2549 0.5107 0.1088 0.0248
44 0.2629 0.2146 0.2432 0.2629 0.0165
45 0.3296 0.1835 0.1087 0.3564 0.0217
46 0.2632 0.3052 0.3274 0.0881 0.0162
47 0.2700 0.4417 0.2256 0.0511 0.0118
48 0.1121 0.4988 0.2979 0.0847 0.0067
49 0.1597 0.1205 0.5796 0.1334 0.0070
50 0.2286 0.1196 0.5444 0.0895 0.0179
51 0.4045 0.2913 0.1263 0.1196 0.0583
52 0.3909 0.3423 0.1555 0.0685 0.0428
53 0.4365 0.2864 0.1428 0.0659 0.0685
54 0.4915 0.3003 0.1646 0.0265 0.0172
55 0.2480 0.2520 0.3811 0.0971 0.0218
56 0.2734 0.2734 0.3352 0.0999 0.0180
57 0.3088 0.2642 0.2581 0.1102 0.0585
58 0.1425 0.3040 0.4089 0.1257 0.0190
59 0.2944 0.2257 0.2517 0.2072 0.0210
60 0.3201 0.2435 0.1323 0.2869 0.0172
61 0.2367 0.1772 0.0864 0.3962 0.1034
62 0.3691 0.2744 0.1689 0.0898 0.0978
63 0.2505 0.2372 0.1555 0.2317 0.1250
64 0.2620 0.2500 0.2056 0.2441 0.0383
65 0.3630 0.1974 0.2615 0.1467 0.0312
66 0.4226 0.3701 0.1531 0.0378 0.0163
67 0.4031 0.2625 0.1542 0.1630 0.0173
68 0.2632 0.1313 0.0961 0.4841 0.0255
69 0.3049 0.2015 0.2432 0.2432 0.0071
70 0.4048 0.3381 0.1205 0.1304 0.0062
71 0.2305 0.1925 0.2269 0.3352 0.0148
72 0.3411 0.1869 0.1389 0.2761 0.0570
73 0.2700 0.5625 0.0890 0.0414 0.0371
74 0.3313 0.3667 0.1136 0.1210 0.0673
75 0.3308 0.3550 0.0704 0.1390 0.1049
76 0.3242 0.1416 0.3674 0.1531 0.0138
77 0.4390 0.1371 0.2993 0.1084 0.0162
78 0.5132 0.2463 0.1219 0.1027 0.0157
79 0.4961 0.2554 0.0709 0.1514 0.0261
80 0.1431 0.1168 0.3486 0.3828 0.0087
81 0.2820 0.1311 0.5146 0.0610 0.0113
82 0.2157 0.3755 0.3066 0.0858 0.0164
83 0.1360 0.6045 0.1787 0.0684 0.0125
84 0.1091 0.2830 0.2186 0.3748 0.0144
85 0.1761 0.1404 0.1735 0.4827 0.0274
86 0.3818 0.2446 0.2390 0.0833 0.0513
87 0.2617 0.1050 0.3335 0.2898 0.0098
88 0.3425 0.2144 0.2317 0.1193 0.0922
89 0.1256 0.1829 0.3782 0.2441 0.0694
90 0.2654 0.2167 0.2871 0.1610 0.0698
91 0.3015 0.2766 0.3259 0.0710 0.0247
92 0.4668 0.1886 0.0956 0.2072 0.0417
93 0.2837 0.3789 0.0712 0.2334 0.0328
94 0.2922 0.1639 0.0594 0.4421 0.0424
95 0.1414 0.0381 0.4424 0.3667 0.0115
96 0.3335 0.1564 0.2517 0.2366 0.0218
97 0.2573 0.1399 0.2759 0.2915 0.0354
98 0.2057 0.0728 0.1719 0.5293 0.0205
99 0.2759 0.1912 0.2915 0.2115 0.0300
100 0.3457 0.3538 0.2712 0.0152 0.0139
101 0.1344 0.2216 0.1621 0.4619 0.0200
102 0.2446 0.2952 0.3267 0.1120 0.0217
103 0.2979 0.3511 0.2842 0.0316 0.0353
104 0.3552 0.2072 0.1379 0.2155 0.0844
105 0.1315 0.1943 0.6079 0.0612 0.0049
106 0.3398 0.1891 0.3044 0.1484 0.0181
107 0.1224 0.1442 0.6025 0.1177 0.0132
108 0.0947 0.1598 0.3894 0.3333 0.0228
109 0.1599 0.2327 0.3230 0.2678 0.0165
110 0.3005 0.3125 0.1252 0.1794 0.0822
111 0.3149 0.2340 0.2844 0.1376 0.0288
112 0.3574 0.2573 0.3154 0.0362 0.0335
113 0.2394 0.3247 0.3074 0.0464 0.0821
114 0.1224 0.2869 0.5156 0.0611 0.0140
115 0.0752 0.4983 0.1669 0.2524 0.0072
116 0.3542 0.1432 0.2869 0.1853 0.0302
117 0.3809 0.1716 0.1915 0.1799 0.0762
118 0.2739 0.2893 0.2397 0.1399 0.0574
119 0.2324 0.2893 0.2761 0.1853 0.0170
120 0.4575 0.1231 0.2062 0.1509 0.0624
121 0.3279 0.1056 0.4080 0.1410 0.0175
122 0.3079 0.2323 0.3599 0.0835 0.0167
123 0.3071 0.3193 0.2668 0.0826 0.0240
124 0.2257 0.2559 0.3691 0.1208 0.0285
125 0.3049 0.2489 0.1724 0.2284 0.0453
126 0.4219 0.3418 0.1118 0.1010 0.0234
127 0.3826 0.1658 0.1671 0.2629 0.0216
128 0.1903 0.3445 0.4060 0.0399 0.0193
129 0.2084 0.0345 0.1942 0.5156 0.0472
130 0.1625 0.4214 0.2363 0.1663 0.0134
131 0.0626 0.5400 0.2288 0.1454 0.0230
132 0.4504 0.2732 0.1710 0.0982 0.0070
133 0.1582 0.1185 0.6157 0.0937 0.0137
134 0.2898 0.1010 0.4741 0.0891 0.0459
135 0.1146 0.0812 0.5176 0.2769 0.0099
136 0.1257 0.1692 0.5210 0.1705 0.0135
137 0.1119 0.4290 0.3240 0.1210 0.0141
138 0.2261 0.4392 0.1667 0.1437 0.0244
139 0.1387 0.1488 0.5703 0.1366 0.0055
140 0.0690 0.0264 0.0489 0.8535 0.0021
141 0.3447 0.2107 0.2074 0.2225 0.0146
142 0.4834 0.1923 0.1864 0.1241 0.0137
143 0.3560 0.1555 0.3118 0.1555 0.0212
144 0.2400 0.2576 0.2871 0.1826 0.0327
145 0.1565 0.3499 0.3723 0.1042 0.0170
146 0.2346 0.3521 0.2498 0.1434 0.0202
147 0.2078 0.3071 0.2817 0.1749 0.0286
148 0.2157 0.1541 0.5464 0.0787 0.0051
149 0.1989 0.1501 0.5889 0.0597 0.0022
150 0.3306 0.0992 0.3057 0.2344 0.0303
151 0.3796 0.1365 0.2590 0.1547 0.0703
152 0.2708 0.1250 0.3423 0.2245 0.0372
153 0.1526 0.1160 0.5757 0.1467 0.0090
154 0.1271 0.2864 0.3049 0.2754 0.0059
155 0.1113 0.3591 0.4834 0.0201 0.0262
156 0.1598 0.5981 0.1868 0.0401 0.0152
157 0.2148 0.2252 0.2532 0.2891 0.0176
158 0.2395 0.4204 0.2377 0.0895 0.0131
159 0.3127 0.3572 0.2781 0.0348 0.0172
160 0.3506 0.1682 0.2391 0.2062 0.0358
161 0.2502 0.2502 0.1816 0.2925 0.0252
162 0.1969 0.2339 0.4302 0.1213 0.0179
163 0.2104 0.3208 0.3523 0.1010 0.0155
164 0.3667 0.2703 0.2947 0.0296 0.0386
165 0.1316 0.0414 0.7573 0.0562 0.0135
166 0.1481 0.0466 0.7173 0.0545 0.0335
167 0.2172 0.1180 0.5210 0.1306 0.0134
168 0.3015 0.1267 0.3416 0.1962 0.0341
169 0.0286 0.2649 0.5391 0.1658 0.0015
170 0.1044 0.3044 0.4534 0.1309 0.0070
171 0.4548 0.1753 0.2003 0.1376 0.0319
172 0.4153 0.1801 0.2854 0.0941 0.0251
173 0.3438 0.2362 0.2476 0.1514 0.0211
174 0.3826 0.1752 0.1521 0.2690 0.0211
175 0.3137 0.2834 0.2156 0.1505 0.0369
176 0.2354 0.0513 0.2710 0.4099 0.0326
177 0.0986 0.5049 0.3259 0.0545 0.0160
178 0.3433 0.1740 0.3982 0.0725 0.0123
179 0.3306 0.2917 0.0883 0.2742 0.0151
180 0.2864 0.0801 0.4578 0.1671 0.0086
181 0.3538 0.1148 0.4949 0.0264 0.0103
182 0.1348 0.1083 0.4854 0.2222 0.0496
183 0.0632 0.2812 0.5015 0.1494 0.0048
184 0.1780 0.1522 0.3889 0.2632 0.0178
185 0.2610 0.0450 0.1312 0.5522 0.0104
186 0.3132 0.0739 0.3059 0.1813 0.1256
187 0.3018 0.0871 0.3186 0.2278 0.0648
188 0.1071 0.0189 0.5439 0.3250 0.0049
189 0.0676 0.0924 0.4077 0.4141 0.0183
190 0.1434 0.1389 0.4451 0.2328 0.0398
191 0.1075 0.2137 0.5859 0.0647 0.0283
192 0.1002 0.0668 0.6484 0.1666 0.0178
193 0.0772 0.4375 0.2695 0.1912 0.0247
194 0.0629 0.0880 0.6396 0.1749 0.0347
195 0.0486 0.1967 0.6201 0.1094 0.0252
196 0.1737 0.4504 0.1863 0.1271 0.0624
197 0.1231 0.2773 0.1417 0.4165 0.0412
198 0.3838 0.1885 0.2966 0.1134 0.0178
199 0.3193 0.1300 0.1147 0.4197 0.0161
200 0.4255 0.2123 0.2856 0.0637 0.0126
201 0.5435 0.2112 0.1984 0.0271 0.0198
202 0.3386 0.3604 0.2700 0.0169 0.0142
203 0.3984 0.2654 0.2869 0.0286 0.0208
204 0.5972 0.1343 0.1252 0.1063 0.0370
205 0.2534 0.3032 0.3408 0.0842 0.0185
206 0.1123 0.1866 0.4272 0.1635 0.1105
207 0.1027 0.2581 0.5552 0.0366 0.0477
208 0.0756 0.4485 0.4180 0.0380 0.0200
209 0.4290 0.3728 0.1137 0.0618 0.0227
210 0.4827 0.1875 0.1230 0.1604 0.0463
211 0.3162 0.1448 0.2106 0.2683 0.0603
212 0.3918 0.2632 0.2715 0.0410 0.0327
213 0.1470 0.2422 0.3694 0.1857 0.0558
214 0.3083 0.3721 0.2517 0.0392 0.0285
215 0.1593 0.3765 0.2283 0.2145 0.0216
216 0.1472 0.1508 0.0872 0.6011 0.0139
217 0.2913 0.3406 0.0939 0.2612 0.0131
218 0.2477 0.1676 0.0458 0.5005 0.0386
219 0.2769 0.5015 0.0763 0.1248 0.0207
220 0.2988 0.4924 0.0792 0.1057 0.0240
221 0.2327 0.1663 0.0985 0.4666 0.0360
222 0.0980 0.2581 0.4937 0.1448 0.0054
223 0.1591 0.2026 0.3557 0.2705 0.0121
224 0.1230 0.5732 0.2211 0.0706 0.0121
225 0.0552 0.3687 0.5239 0.0368 0.0153
226 0.1567 0.4097 0.2974 0.1069 0.0294
227 0.1539 0.2578 0.4282 0.1049 0.0553
228 0.2617 0.3181 0.3335 0.0672 0.0194
229 0.2715 0.2612 0.4238 0.0282 0.0153
230 0.3225 0.1866 0.2571 0.1866 0.0472
231 0.1809 0.3408 0.1926 0.2612 0.0245
232 0.1198 0.1422 0.4812 0.2537 0.0030
233 0.1281 0.1644 0.5562 0.1175 0.0339
234 0.2057 0.3936 0.3137 0.0204 0.0668
235 0.2935 0.0753 0.4202 0.1780 0.0332
236 0.2285 0.3101 0.2433 0.1940 0.0243
237 0.1687 0.2435 0.3489 0.2217 0.0172
238 0.1716 0.4021 0.4084 0.0103 0.0074
239 0.5259 0.1694 0.1156 0.1655 0.0233
240 0.4260 0.1383 0.2045 0.1791 0.0521
241 0.2830 0.0804 0.5850 0.0458 0.0057
242 0.2634 0.2634 0.4082 0.0579 0.0071
243 0.5195 0.2379 0.1443 0.0602 0.0379
244 0.6079 0.1525 0.0897 0.1057 0.0444
245 0.4570 0.1920 0.1299 0.1567 0.0643
246 0.1802 0.1288 0.3904 0.2041 0.0964
247 0.2654 0.1754 0.3572 0.0903 0.1115
248 0.4185 0.4319 0.0891 0.0374 0.0231
249 0.3162 0.4092 0.1459 0.0734 0.0554
250 0.2264 0.1439 0.4907 0.1231 0.0157
251 0.2272 0.1840 0.4846 0.0876 0.0167
252 0.2242 0.1238 0.5015 0.1278 0.0227
253 0.1678 0.1026 0.3723 0.3110 0.0462
254 0.1398 0.1080 0.6118 0.1272 0.0134
255 0.0839 0.1508 0.6011 0.1508 0.0134
256 0.0762 0.0721 0.7119 0.1266 0.0131
257 0.2228 0.1669 0.1997 0.3450 0.0659
258 0.1765 0.4236 0.2032 0.1608 0.0359
259 0.1925 0.2610 0.1344 0.2512 0.1609
260 0.0960 0.0916 0.3196 0.4509 0.0419
261 0.2108 0.1616 0.0728 0.4900 0.0648
262 0.2815 0.2484 0.1340 0.2996 0.0366
263 0.1724 0.1892 0.3884 0.2079 0.0422
264 0.2776 0.0759 0.2690 0.3403 0.0370
265 0.0535 0.2893 0.2512 0.3955 0.0105
266 0.0614 0.1166 0.2795 0.5225 0.0201
267 0.0974 0.1373 0.2335 0.4944 0.0375
268 0.0696 0.1405 0.4395 0.3318 0.0186
269 0.1215 0.1039 0.2571 0.3799 0.1376
270 0.1997 0.0439 0.3850 0.3560 0.0155
271 0.0984 0.1500 0.4548 0.2891 0.0078
272 0.0387 0.2861 0.5967 0.0764 0.0022
273 0.0239 0.3125 0.6118 0.0498 0.0022
274 0.0329 0.2335 0.6348 0.0914 0.0074
275 0.1714 0.4695 0.2052 0.1081 0.0458
276 0.1385 0.0457 0.1923 0.5742 0.0494
277 0.4075 0.2163 0.3123 0.0391 0.0249
278 0.1063 0.1223 0.0675 0.6611 0.0429
279 0.1017 0.0956 0.0627 0.7173 0.0225
280 0.2856 0.1816 0.1494 0.3367 0.0466
281 0.1923 0.1849 0.1113 0.4910 0.0204
282 0.6328 0.0190 0.0408 0.2854 0.0220
283 0.8232 0.0051 0.0138 0.0645 0.0931
284 0.7285 0.0033 0.0267 0.1390 0.1025
285 0.8535 0.0074 0.0122 0.0367 0.0900
286 0.1779 0.1281 0.1545 0.4988 0.0409
