time exciting_prob fearful_prob tense_prob sad_prob relaxing_prob
0 0.2037 0.2830 0.2496 0.2310 0.0327
1 0.1438 0.1483 0.2192 0.4788 0.0098
2 0.1244 0.1455 0.2474 0.4695 0.0132
3 0.1389 0.0940 0.1226 0.6128 0.0317
4 0.3193 0.1241 0.0664 0.4165 0.0735
5 0.2247 0.2954 0.1952 0.1833 0.1013
6 0.2368 0.3018 0.2139 0.1577 0.0899
7 0.0944 0.3293 0.3345 0.2194 0.0226
8 0.1255 0.1798 0.0672 0.5122 0.1152
9 0.0662 0.4707 0.2056 0.2258 0.0318
10 0.0649 0.3621 0.1005 0.4368 0.0359
11 0.0381 0.1210 0.0658 0.4565 0.3186
12 0.0821 0.2096 0.2231 0.4724 0.0129
13 0.3337 0.2240 0.2385 0.1873 0.0165
14 0.0745 0.1641 0.5464 0.1830 0.0323
15 0.2211 0.0922 0.1450 0.5063 0.0355
16 0.0859 0.5649 0.1877 0.1166 0.0450
17 0.1300 0.1968 0.1683 0.2095 0.2954
18 0.0891 0.0548 0.0850 0.7573 0.0141
19 0.2167 0.2235 0.0640 0.4587 0.0371
20 0.1581 0.2729 0.1631 0.3733 0.0326
21 0.1140 0.3196 0.1849 0.3350 0.0468
22 0.1223 0.1499 0.2285 0.4839 0.0153
23 0.4407 0.0324 0.1015 0.4077 0.0176
24 0.6709 0.0795 0.1070 0.1113 0.0311
25 0.0385 0.0754 0.1595 0.7148 0.0116
26 0.1550 0.5625 0.1625 0.0811 0.0389
27 0.1393 0.5098 0.2108 0.0746 0.0658
28 0.2932 0.3916 0.1062 0.1765 0.0324
29 0.4312 0.2496 0.0693 0.1783 0.0715
30 0.4146 0.2871 0.1031 0.1636 0.0317
31 0.2891 0.1672 0.0620 0.4373 0.0446
32 0.2798 0.5103 0.1078 0.0670 0.0350
33 0.0748 0.1488 0.1141 0.6074 0.0547
34 0.0931 0.2378 0.3198 0.3406 0.0087
35 0.1423 0.0811 0.0970 0.5898 0.0897
36 0.2007 0.3440 0.1091 0.2365 0.1099
37 0.1249 0.4429 0.2192 0.1708 0.0422
38 0.1055 0.3625 0.1559 0.3225 0.0535
39 0.0984 0.3032 0.2184 0.3279 0.0523
40 0.0540 0.3660 0.2515 0.3230 0.0056
41 0.2676 0.4209 0.1454 0.1399 0.0265
42 0.3091 0.2686 0.1803 0.2059 0.0361
43 0.1263 0.3152 0.2612 0.2455 0.0518
44 0.0994 0.1515 0.2039 0.3413 0.2039
45 0.1299 0.2244 0.2107 0.2925 0.1426
46 0.1337 0.3083 0.2874 0.2457 0.0251
47 0.0888 0.1039 0.2529 0.5439 0.0101
48 0.1119 0.0942 0.0957 0.6440 0.0541
49 0.0671 0.0703 0.0413 0.8047 0.0166
50 0.1124 0.4048 0.1141 0.3276 0.0410
51 0.0676 0.5449 0.1741 0.2052 0.0083
52 0.0978 0.1198 0.0389 0.7114 0.0323
53 0.1470 0.4089 0.0858 0.2969 0.0613
54 0.1187 0.0842 0.0552 0.7158 0.0259
55 0.1436 0.2386 0.0438 0.4783 0.0956
56 0.3359 0.4414 0.0985 0.1090 0.0151
57 0.2227 0.5020 0.1803 0.0390 0.0563
58 0.0610 0.0649 0.0808 0.7671 0.0262
59 0.0494 0.2693 0.5356 0.1355 0.0100
60 0.1692 0.6338 0.1257 0.0554 0.0160
61 0.0701 0.3022 0.0989 0.3618 0.1669
62 0.0865 0.3140 0.1832 0.3970 0.0193
63 0.0707 0.1362 0.3218 0.4468 0.0246
64 0.0815 0.3655 0.1488 0.3713 0.0330
65 0.0698 0.1727 0.1015 0.6416 0.0143
66 0.0659 0.0958 0.1053 0.7192 0.0136
67 0.1469 0.1744 0.1946 0.4668 0.0174
68 0.1620 0.1534 0.3027 0.2888 0.0930
69 0.2583 0.3728 0.1372 0.1846 0.0470
70 0.1262 0.2180 0.1038 0.2395 0.3125
71 0.0895 0.1122 0.4688 0.3147 0.0149
72 0.5142 0.1353 0.1395 0.1907 0.0203
73 0.1437 0.5054 0.0769 0.1844 0.0899
74 0.0661 0.5620 0.0385 0.2595 0.0737
75 0.2871 0.3574 0.2494 0.0749 0.0312
76 0.0909 0.2529 0.2822 0.3459 0.0280
77 0.0959 0.2015 0.1821 0.5029 0.0177
78 0.3459 0.2510 0.1365 0.2216 0.0450
79 0.0776 0.0974 0.1792 0.6157 0.0302
80 0.0853 0.1569 0.1473 0.4609 0.1497
81 0.0221 0.1080 0.1015 0.7266 0.0417
82 0.0568 0.0551 0.2047 0.6709 0.0123
83 0.1310 0.3044 0.1761 0.2815 0.1069
84 0.2322 0.0983 0.2147 0.3770 0.0778
85 0.1396 0.0945 0.2097 0.4951 0.0610
86 0.1151 0.1525 0.1898 0.4771 0.0656
87 0.0597 0.2286 0.2759 0.4077 0.0282
88 0.1282 0.0675 0.0938 0.6714 0.0391
89 0.1677 0.2223 0.4219 0.1665 0.0217
90 0.0986 0.2854 0.1256 0.4419 0.0484
91 0.1864 0.1046 0.2180 0.4202 0.0708
92 0.0582 0.2607 0.2212 0.4365 0.0233
93 0.0605 0.2112 0.2355 0.4758 0.0171
94 0.1841 0.2576 0.1611 0.2830 0.1143
95 0.2429 0.4985 0.1138 0.1311 0.0137
96 0.0526 0.2610 0.2910 0.3567 0.0388
97 0.1672 0.0847 0.0364 0.4954 0.2163
98 0.1390 0.0389 0.0205 0.7754 0.0259
99 0.1559 0.1168 0.0382 0.6670 0.0223
100 0.0205 0.0276 0.0251 0.3635 0.5630
101 0.0408 0.1576 0.0253 0.0477 0.7285
102 0.0138 0.0781 0.0236 0.0181 0.8662
103 0.0146 0.5132 0.0217 0.4255 0.0248
104 0.0719 0.2979 0.0771 0.5107 0.0423
105 0.0477 0.0825 0.0891 0.4597 0.3210
106 0.0882 0.1687 0.0917 0.4446 0.2068
107 0.0425 0.7080 0.1416 0.0996 0.0082
108 0.0452 0.1505 0.2443 0.5503 0.0098
109 0.0735 0.1486 0.2300 0.5264 0.0214
110 0.1863 0.4197 0.0724 0.2754 0.0464
111 0.0834 0.4800 0.1054 0.3198 0.0115
112 0.3101 0.1896 0.0848 0.3101 0.1055
113 0.1075 0.0673 0.1886 0.5811 0.0558
114 0.0952 0.1985 0.3271 0.3323 0.0468
115 0.1311 0.1509 0.1581 0.5518 0.0079
116 0.0216 0.0544 0.0527 0.8643 0.0070
117 0.0587 0.3916 0.2231 0.3098 0.0166
118 0.0673 0.1296 0.2422 0.5127 0.0484
119 0.0897 0.1099 0.1305 0.6226 0.0473
120 0.0753 0.2126 0.3792 0.3193 0.0137
121 0.0646 0.8447 0.0320 0.0492 0.0092
122 0.0633 0.1060 0.1890 0.6099 0.0318
123 0.1958 0.2515 0.0911 0.3987 0.0630
124 0.1788 0.3784 0.1615 0.2424 0.0387
125 0.0555 0.3167 0.2109 0.3267 0.0900
126 0.1356 0.2595 0.1367 0.4277 0.0404
127 0.2607 0.3428 0.1203 0.2162 0.0600
128 0.1078 0.1876 0.2566 0.4099 0.0381
129 0.1154 0.2123 0.1307 0.5171 0.0244
130 0.0677 0.3105 0.2494 0.3545 0.0179
131 0.0683 0.5327 0.2257 0.1539 0.0193
132 0.0436 0.2114 0.1387 0.6021 0.0041
133 0.1142 0.3955 0.1216 0.3228 0.0458
134 0.1479 0.0732 0.2764 0.4929 0.0094
135 0.0618 0.0722 0.5771 0.2812 0.0077
136 0.1176 0.1122 0.1725 0.5928 0.0052
137 0.1899 0.2637 0.1526 0.3896 0.0039
138 0.0511 0.2152 0.3230 0.3662 0.0444
139 0.1935 0.5469 0.1259 0.1249 0.0088
140 0.1244 0.6123 0.1660 0.0889 0.0085
141 0.0522 0.2493 0.4241 0.2305 0.0440
142 0.1493 0.1888 0.2313 0.2925 0.1382
143 0.1078 0.1184 0.0490 0.7139 0.0108
144 0.0941 0.0637 0.0668 0.7642 0.0114
145 0.1663 0.2554 0.1422 0.4277 0.0084
146 0.2302 0.0596 0.2196 0.4724 0.0183
147 0.0918 0.0883 0.1663 0.6274 0.0265
148 0.0869 0.2781 0.1687 0.4143 0.0518
149 0.1814 0.4668 0.1677 0.1050 0.0792
150 0.0723 0.3701 0.1592 0.2666 0.1320
151 0.1184 0.2046 0.4133 0.2429 0.0209
152 0.0684 0.1890 0.2316 0.4978 0.0133
153 0.1788 0.2042 0.1919 0.3140 0.1111
154 0.2134 0.2495 0.1274 0.2720 0.1378
155 0.1113 0.1406 0.2430 0.4006 0.1045
156 0.2421 0.3467 0.1266 0.1246 0.1600
157 0.1938 0.3916 0.1261 0.1533 0.1353
158 0.0679 0.1172 0.2026 0.6050 0.0074
159 0.0502 0.1809 0.1254 0.4478 0.1957
160 0.0947 0.1188 0.1927 0.5664 0.0273
161 0.0925 0.1989 0.1501 0.5366 0.0220
162 0.2632 0.0476 0.1687 0.4768 0.0437
163 0.2233 0.0714 0.0991 0.5791 0.0271
164 0.0985 0.2556 0.1813 0.4556 0.0090
165 0.1278 0.1164 0.2426 0.4900 0.0233
166 0.1451 0.2886 0.4265 0.0596 0.0801
167 0.1216 0.1610 0.2783 0.3687 0.0704
168 0.4036 0.1271 0.1250 0.3022 0.0419
169 0.0801 0.1183 0.1891 0.5825 0.0299
170 0.0884 0.1960 0.2942 0.3779 0.0434
171 0.2295 0.0793 0.2156 0.4565 0.0190
172 0.2622 0.1963 0.1680 0.3418 0.0318
173 0.4285 0.1915 0.1539 0.1857 0.0405
174 0.2335 0.4756 0.1532 0.0801 0.0577
175 0.2196 0.2338 0.2015 0.2549 0.0901
176 0.2096 0.3196 0.2112 0.2432 0.0165
177 0.1112 0.0614 0.2710 0.5386 0.0177
178 0.1339 0.1200 0.3813 0.3018 0.0632
179 0.1349 0.2330 0.3337 0.2294 0.0689
180 0.1026 0.2683 0.1528 0.4089 0.0673
181 0.4219 0.0934 0.1528 0.3040 0.0278
182 0.2058 0.3611 0.2747 0.0580 0.1003
183 0.0522 0.2164 0.2034 0.5190 0.0089
184 0.2512 0.0855 0.1388 0.4275 0.0969
185 0.0914 0.3342 0.2483 0.1707 0.1554
186 0.1857 0.5854 0.0536 0.1161 0.0593
187 0.2411 0.2488 0.2449 0.2162 0.0490
188 0.1825 0.1124 0.0491 0.4587 0.1973
189 0.3074 0.3538 0.1364 0.1204 0.0821
190 0.3064 0.3994 0.1307 0.1002 0.0632
191 0.2374 0.0702 0.2820 0.3794 0.0311
192 0.1321 0.1968 0.5918 0.0649 0.0143
193 0.2278 0.1903 0.0950 0.4221 0.0648
194 0.1803 0.0633 0.1094 0.6006 0.0463
195 0.1276 0.3284 0.0804 0.4053 0.0584
196 0.1102 0.1102 0.1578 0.5957 0.0262
197 0.1038 0.2096 0.2231 0.4507 0.0128
198 0.2462 0.1042 0.2241 0.3813 0.0441
199 0.2634 0.0855 0.1160 0.4624 0.0726
200 0.1204 0.1671 0.2979 0.3948 0.0200
201 0.1094 0.1146 0.3586 0.3818 0.0355
202 0.0486 0.7090 0.1658 0.0665 0.0104
203 0.1175 0.1683 0.1556 0.5264 0.0321
204 0.1589 0.0964 0.5127 0.2073 0.0246
205 0.1566 0.3501 0.1519 0.1371 0.2042
206 0.2167 0.1178 0.3252 0.3152 0.0249
207 0.2898 0.1991 0.1677 0.2678 0.0756
208 0.1978 0.0762 0.3872 0.3064 0.0323
209 0.1520 0.0663 0.2211 0.5142 0.0467
210 0.0904 0.4485 0.0682 0.3718 0.0213
211 0.2798 0.1342 0.1937 0.3096 0.0827
212 0.2725 0.2122 0.2404 0.2404 0.0346
213 0.5493 0.0918 0.1326 0.2151 0.0111
214 0.0576 0.1257 0.1359 0.6284 0.0524
215 0.1536 0.1741 0.3684 0.2737 0.0302
216 0.1428 0.0654 0.1544 0.0456 0.5918
217 0.2605 0.2861 0.1240 0.2487 0.0807
218 0.1544 0.3704 0.1212 0.3374 0.0167
219 0.0744 0.3335 0.5166 0.0617 0.0141
220 0.0847 0.2712 0.3767 0.2394 0.0279
221 0.1073 0.1040 0.2637 0.5000 0.0249
222 0.1306 0.5044 0.1857 0.1515 0.0276
223 0.1558 0.0639 0.1038 0.6255 0.0510
224 0.0936 0.1694 0.1776 0.5303 0.0292
225 0.1581 0.0908 0.1373 0.5430 0.0707
226 0.0499 0.2961 0.1124 0.3518 0.1897
227 0.1167 0.1499 0.3074 0.4138 0.0122
228 0.0762 0.0774 0.0553 0.7461 0.0451
229 0.1523 0.0556 0.1168 0.6411 0.0340
230 0.0685 0.2063 0.3003 0.3977 0.0273
231 0.0273 0.4346 0.2400 0.2849 0.0131
232 0.3276 0.4175 0.0939 0.0773 0.0835
233 0.0475 0.0833 0.2062 0.4297 0.2335
234 0.2737 0.0748 0.1740 0.4172 0.0601
235 0.0623 0.0936 0.0914 0.6650 0.0879
236 0.1127 0.0964 0.3755 0.3813 0.0338
237 0.1561 0.1143 0.3630 0.3306 0.0359
238 0.1102 0.1616 0.0858 0.6001 0.0421
239 0.1414 0.1815 0.1154 0.2224 0.3391
240 0.0603 0.1493 0.0892 0.6904 0.0108
241 0.1315 0.0607 0.0527 0.7451 0.0101
242 0.1888 0.1948 0.1257 0.4746 0.0159
243 0.3130 0.1757 0.2986 0.2021 0.0105
244 0.0768 0.1379 0.3662 0.3721 0.0469
245 0.0646 0.0884 0.1033 0.7173 0.0263
246 0.2054 0.1401 0.1552 0.4854 0.0140
247 0.0952 0.2566 0.0638 0.5430 0.0412
248 0.1771 0.0524 0.2136 0.5454 0.0112
249 0.1219 0.0706 0.1494 0.5552 0.1027
250 0.0903 0.4238 0.1355 0.3459 0.0045
251 0.1110 0.1317 0.3752 0.3752 0.0066
252 0.1159 0.2035 0.4956 0.1635 0.0214
253 0.1096 0.1113 0.3220 0.4333 0.0239
254 0.1273 0.0931 0.2825 0.4441 0.0530
255 0.1052 0.1460 0.0470 0.6440 0.0576
256 0.1836 0.1333 0.1453 0.5312 0.0068
257 0.3171 0.3594 0.1429 0.1223 0.0582
258 0.0991 0.1646 0.1186 0.6118 0.0062
259 0.1338 0.0787 0.0580 0.7012 0.0285
260 0.2246 0.2263 0.1520 0.2998 0.0974
261 0.3127 0.1031 0.3655 0.1957 0.0230
262 0.0851 0.0949 0.0979 0.5210 0.2009
263 0.1830 0.1019 0.0851 0.6094 0.0205
264 0.1488 0.1477 0.1254 0.4919 0.0862
265 0.1039 0.2695 0.0687 0.5361 0.0216
266 0.1322 0.3428 0.0615 0.4102 0.0534
267 0.1295 0.0897 0.0829 0.6787 0.0194
268 0.1224 0.4045 0.2234 0.1511 0.0984
269 0.0925 0.1305 0.1345 0.5938 0.0487
270 0.1957 0.1597 0.1897 0.3276 0.1273
271 0.1796 0.4016 0.0715 0.1825 0.1648
272 0.0596 0.1737 0.4648 0.2732 0.0286
273 0.1526 0.1503 0.1975 0.4280 0.0715
274 0.1542 0.2563 0.1667 0.3699 0.0529
275 0.2263 0.3672 0.1249 0.2646 0.0169
276 0.1969 0.6016 0.0975 0.0747 0.0293
277 0.1697 0.0747 0.2394 0.4912 0.0250
278 0.1949 0.3423 0.1268 0.1965 0.1394
279 0.1649 0.4309 0.0869 0.2101 0.1073
280 0.2142 0.4829 0.1427 0.0533 0.1069
281 0.0837 0.5952 0.0927 0.1589 0.0695
282 0.0850 0.4968 0.0575 0.2944 0.0662
283 0.0804 0.7056 0.1099 0.0779 0.0265
284 0.1328 0.5127 0.1338 0.1349 0.0857
285 0.1471 0.0648 0.1483 0.6147 0.0254
286 0.1899 0.0693 0.1348 0.5850 0.0208
287 0.0978 0.1771 0.3928 0.2966 0.0357
288 0.1803 0.2191 0.1426 0.3530 0.1052
289 0.0809 0.3379 0.1302 0.3325 0.1186
290 0.0712 0.1735 0.1508 0.4607 0.1438
291 0.0591 0.1738 0.1223 0.5698 0.0748
292 0.0609 0.1484 0.1290 0.6348 0.0268
293 0.0770 0.5142 0.2094 0.0795 0.1202
294 0.0767 0.3574 0.2069 0.2698 0.0890
295 0.0675 0.4614 0.2394 0.1608 0.0708
296 0.0679 0.4395 0.2427 0.1249 0.1249
297 0.1876 0.1086 0.2729 0.3240 0.1069
298 0.2903 0.0957 0.1733 0.2903 0.1505
299 0.2372 0.6152 0.0513 0.0242 0.0723
300 0.2091 0.6543 0.0545 0.0176 0.0648
301 0.2083 0.6519 0.0561 0.0185 0.0656
302 0.2102 0.6577 0.0532 0.0138 0.0651
