time exciting_prob fearful_prob tense_prob sad_prob relaxing_prob
0 0.3469 0.4744 0.0891 0.0768 0.0128
1 0.3274 0.1595 0.3325 0.1570 0.0237
2 0.7129 0.0775 0.1201 0.0516 0.0381
3 0.1716 0.2383 0.4453 0.0948 0.0500
4 0.2715 0.3030 0.1224 0.0230 0.2803
5 0.1937 0.2527 0.2820 0.2488 0.0228
6 0.6533 0.2347 0.0405 0.0374 0.0341
7 0.4653 0.3352 0.0991 0.0490 0.0514
8 0.3623 0.1671 0.1808 0.2064 0.0834
9 0.4885 0.3154 0.1265 0.0386 0.0310
10 0.3560 0.3396 0.2563 0.0130 0.0352
11 0.6611 0.1344 0.1302 0.0251 0.0490
12 0.5757 0.1702 0.1490 0.0245 0.0804
13 0.6240 0.1371 0.1577 0.0143 0.0668
14 0.4065 0.1119 0.1920 0.0470 0.2427
15 0.5181 0.0663 0.2563 0.0648 0.0944
16 0.5376 0.2090 0.0858 0.0172 0.1505
17 0.1539 0.0673 0.0627 0.0042 0.7119
18 0.0951 0.0279 0.0361 0.0068 0.8340
19 0.6255 0.1079 0.1251 0.0482 0.0930
20 0.2610 0.0931 0.0953 0.0235 0.5273
21 0.5171 0.2057 0.1678 0.0477 0.0617
22 0.4089 0.3110 0.1360 0.0240 0.1199
23 0.3323 0.2549 0.2249 0.0248 0.1632
24 0.2214 0.1062 0.5566 0.0802 0.0356
25 0.5532 0.2494 0.0809 0.0218 0.0947
26 0.2512 0.1366 0.4141 0.1196 0.0784
27 0.2080 0.3430 0.1354 0.1272 0.1865
28 0.4272 0.2217 0.1584 0.0803 0.1124
29 0.0262 0.5723 0.3872 0.0097 0.0046
30 0.5146 0.0221 0.1222 0.1521 0.1892
31 0.6357 0.1725 0.1213 0.0214 0.0490
32 0.4998 0.2324 0.2051 0.0194 0.0433
33 0.1738 0.0468 0.1465 0.0164 0.6167
34 0.3220 0.1570 0.2469 0.0113 0.2629
35 0.1989 0.0855 0.0646 0.0093 0.6416
36 0.7041 0.1141 0.0703 0.0440 0.0676
37 0.3208 0.3992 0.1316 0.0305 0.1180
38 0.2063 0.0814 0.1232 0.5024 0.0867
39 0.7075 0.0770 0.0865 0.0695 0.0594
40 0.7383 0.0895 0.0760 0.0232 0.0731
41 0.4666 0.0593 0.2439 0.1587 0.0715
42 0.2161 0.2229 0.2646 0.2605 0.0358
43 0.1153 0.4490 0.3665 0.0524 0.0169
44 0.1532 0.2773 0.4163 0.1310 0.0222
45 0.3232 0.3037 0.3284 0.0360 0.0086
46 0.0942 0.4324 0.3757 0.0521 0.0456
47 0.5342 0.1036 0.1694 0.0929 0.0996
48 0.3784 0.2368 0.1603 0.0728 0.1517
49 0.1191 0.3784 0.4287 0.0695 0.0043
50 0.3347 0.0171 0.2607 0.3347 0.0529
51 0.2605 0.2976 0.3850 0.0334 0.0233
52 0.6938 0.1548 0.0597 0.0275 0.0640
53 0.2832 0.2422 0.3931 0.0667 0.0149
54 0.1561 0.1124 0.3203 0.3103 0.1008
55 0.1494 0.1803 0.4675 0.1949 0.0079
56 0.3367 0.3115 0.3213 0.0133 0.0173
57 0.3215 0.2316 0.3215 0.0900 0.0352
58 0.1654 0.0474 0.3140 0.4358 0.0375
59 0.0994 0.1493 0.5635 0.1589 0.0292
60 0.0690 0.1053 0.5518 0.2373 0.0367
61 0.1014 0.2180 0.5566 0.0983 0.0256
62 0.0912 0.0898 0.4634 0.3337 0.0220
63 0.2839 0.0840 0.3943 0.1722 0.0654
64 0.5791 0.0332 0.0665 0.2064 0.1149
65 0.1342 0.2014 0.2467 0.0959 0.3218
66 0.0442 0.4292 0.3909 0.1174 0.0183
67 0.8306 0.0230 0.0465 0.0616 0.0385
68 0.2051 0.1106 0.6265 0.0362 0.0214
69 0.0908 0.1103 0.5103 0.1876 0.1013
70 0.6514 0.0976 0.1039 0.0539 0.0931
71 0.2537 0.1161 0.5806 0.0380 0.0118
72 0.8389 0.0318 0.0540 0.0389 0.0363
73 0.5845 0.1548 0.1500 0.0317 0.0791
74 0.7383 0.1366 0.0340 0.0385 0.0526
75 0.4023 0.2223 0.1901 0.0417 0.1434
76 0.0543 0.2983 0.5659 0.0778 0.0036
77 0.7290 0.0964 0.0516 0.0710 0.0520
78 0.6694 0.1426 0.0734 0.0700 0.0445
79 0.2084 0.4275 0.2717 0.0188 0.0737
80 0.1809 0.4143 0.3127 0.0374 0.0547
81 0.5347 0.1593 0.1509 0.1069 0.0482
82 0.7612 0.0487 0.0148 0.1233 0.0518
83 0.0867 0.0423 0.1476 0.0304 0.6929
84 0.1742 0.2739 0.3745 0.0110 0.1663
85 0.5708 0.1610 0.0556 0.0228 0.1897
86 0.7842 0.0922 0.0228 0.0439 0.0572
87 0.5972 0.0840 0.0564 0.0591 0.2032
88 0.0704 0.0612 0.0632 0.0114 0.7939
89 0.2617 0.3308 0.3108 0.0229 0.0738
90 0.2018 0.1523 0.1205 0.0102 0.5151
91 0.2411 0.1848 0.3621 0.0329 0.1792
92 0.2744 0.1316 0.1316 0.4055 0.0570
93 0.1559 0.2571 0.3198 0.2571 0.0103
94 0.4832 0.0685 0.2429 0.1497 0.0559
95 0.0746 0.6396 0.2280 0.0297 0.0283
96 0.2487 0.3093 0.3850 0.0160 0.0409
97 0.0624 0.0052 0.0334 0.0108 0.8882
98 0.5698 0.0930 0.1969 0.0490 0.0916
99 0.4563 0.0470 0.1026 0.1257 0.2683
100 0.1947 0.2009 0.2581 0.3064 0.0399
101 0.6328 0.0662 0.0817 0.1434 0.0756
102 0.1721 0.0981 0.5303 0.1320 0.0674
103 0.2258 0.2520 0.3843 0.0331 0.1050
104 0.1361 0.2905 0.3728 0.1890 0.0115
105 0.5786 0.0707 0.1923 0.1241 0.0345
106 0.1533 0.2910 0.4685 0.0789 0.0082
107 0.5566 0.0834 0.0759 0.1375 0.1464
108 0.4568 0.1085 0.3291 0.0470 0.0585
109 0.6157 0.0707 0.1113 0.1140 0.0881
110 0.3372 0.3047 0.2467 0.0154 0.0959
111 0.4421 0.1458 0.3015 0.0905 0.0200
112 0.8140 0.0942 0.0787 0.0061 0.0068
113 0.2844 0.2590 0.2180 0.0790 0.1595
114 0.1740 0.0703 0.5796 0.1488 0.0273
115 0.2971 0.2791 0.2042 0.1903 0.0292
116 0.3188 0.2815 0.1803 0.1803 0.0390
117 0.4045 0.3860 0.1420 0.0569 0.0105
118 0.3906 0.1720 0.2996 0.0812 0.0567
119 0.2710 0.2668 0.3320 0.0302 0.0997
120 0.1984 0.4436 0.2393 0.0555 0.0634
121 0.7485 0.0764 0.1157 0.0435 0.0160
122 0.3755 0.2561 0.2074 0.0858 0.0751
123 0.3794 0.1594 0.2886 0.1301 0.0426
124 0.3306 0.0651 0.2069 0.3306 0.0667
125 0.4629 0.0811 0.1959 0.1285 0.1316
126 0.5518 0.0735 0.3145 0.0329 0.0273
127 0.0970 0.0955 0.5327 0.2222 0.0524
128 0.4014 0.2612 0.2133 0.0731 0.0510
129 0.3728 0.2157 0.3315 0.0438 0.0360
130 0.2666 0.0735 0.0735 0.0220 0.5645
131 0.1692 0.2349 0.1887 0.3015 0.1058
132 0.5479 0.2375 0.1312 0.0446 0.0388
133 0.2830 0.1503 0.4775 0.0732 0.0160
134 0.6733 0.1074 0.0312 0.0593 0.1285
135 0.6089 0.1744 0.0484 0.0744 0.0941
136 0.4551 0.3435 0.0882 0.1072 0.0062
137 0.4890 0.1458 0.3184 0.0263 0.0207
138 0.8667 0.0751 0.0390 0.0128 0.0064
139 0.4224 0.2686 0.2174 0.0497 0.0421
140 0.8140 0.0623 0.0800 0.0226 0.0213
141 0.2881 0.2749 0.3423 0.0422 0.0525
142 0.4041 0.2000 0.2338 0.1301 0.0321
143 0.1656 0.0331 0.0712 0.0214 0.7085
144 0.1393 0.0452 0.0638 0.0107 0.7412
145 0.1722 0.1078 0.1130 0.0148 0.5923
146 0.3672 0.1156 0.0707 0.0034 0.4431
147 0.2649 0.2112 0.2798 0.1646 0.0795
148 0.1477 0.0932 0.0896 0.0072 0.6621
149 0.5864 0.0751 0.1831 0.1239 0.0316
150 0.0786 0.0338 0.0473 0.0085 0.8320
151 0.6797 0.0831 0.1238 0.0281 0.0851
152 0.1692 0.1493 0.4597 0.1887 0.0331
153 0.0195 0.0279 0.3198 0.6260 0.0068
154 0.3745 0.1107 0.2272 0.0515 0.2362
155 0.4436 0.1053 0.2063 0.0867 0.1582
156 0.1284 0.1378 0.6470 0.0531 0.0335
157 0.0540 0.0434 0.2496 0.6475 0.0056
158 0.0498 0.1105 0.2267 0.5972 0.0160
159 0.1027 0.0921 0.4824 0.3115 0.0112
160 0.4153 0.1504 0.1025 0.1247 0.2072
161 0.2062 0.0814 0.0782 0.0092 0.6250
162 0.1148 0.0321 0.0765 0.0160 0.7607
163 0.3423 0.0287 0.1404 0.3757 0.1129
164 0.1902 0.0739 0.0512 0.0212 0.6636
165 0.0724 0.2607 0.4651 0.1938 0.0078
166 0.5322 0.0472 0.1702 0.0904 0.1598
167 0.0312 0.0737 0.3518 0.5366 0.0068
168 0.1501 0.2185 0.3660 0.2151 0.0503
169 0.1727 0.3303 0.3743 0.1151 0.0077
170 0.2047 0.1724 0.1545 0.0214 0.4470
171 0.0753 0.0449 0.5918 0.2505 0.0375
172 0.3643 0.3020 0.2174 0.0113 0.1052
173 0.0978 0.3259 0.4595 0.1074 0.0095
174 0.2874 0.2917 0.2118 0.0876 0.1216
175 0.5396 0.2079 0.1558 0.0269 0.0702
176 0.0842 0.3103 0.5444 0.0527 0.0085
177 0.6304 0.0091 0.0665 0.2507 0.0432
178 0.1373 0.0403 0.0696 0.0103 0.7427
179 0.6777 0.1572 0.0356 0.0365 0.0931
180 0.3999 0.0525 0.0623 0.0027 0.4824
181 0.1230 0.0321 0.0361 0.0068 0.8022
182 0.1252 0.0796 0.0809 0.0048 0.7095
183 0.3784 0.0180 0.0700 0.5010 0.0325
184 0.6826 0.1039 0.1409 0.0413 0.0312
185 0.6440 0.0879 0.0384 0.0628 0.1667
186 0.3477 0.1094 0.0900 0.0069 0.4463
187 0.5283 0.1064 0.0829 0.0883 0.1943
188 0.0589 0.0205 0.0117 0.0023 0.9067
189 0.7500 0.0423 0.0440 0.0778 0.0861
190 0.6865 0.1763 0.0482 0.0316 0.0577
191 0.3826 0.3376 0.2321 0.0135 0.0340
192 0.3513 0.1465 0.0760 0.1014 0.3250
193 0.7476 0.0623 0.0541 0.0258 0.1102
194 0.7856 0.1031 0.0367 0.0257 0.0487
195 0.6177 0.2400 0.0389 0.0211 0.0823
196 0.6094 0.0949 0.0485 0.0481 0.1993
197 0.5781 0.0930 0.0538 0.0244 0.2507
198 0.3535 0.3882 0.1833 0.0600 0.0149
199 0.5342 0.3042 0.1011 0.0504 0.0101
200 0.2981 0.4614 0.0983 0.1282 0.0140
201 0.5137 0.0463 0.3115 0.1164 0.0121
202 0.7964 0.0372 0.0355 0.1077 0.0233
203 0.2037 0.2830 0.2496 0.2310 0.0327
204 0.6729 0.1345 0.0803 0.0420 0.0704
205 0.6836 0.1346 0.0761 0.0362 0.0693
206 0.7275 0.1188 0.0666 0.0289 0.0583
