time exciting_prob fearful_prob tense_prob sad_prob relaxing_prob
0 0.2037 0.2830 0.2496 0.2310 0.0327
1 0.0062 0.1294 0.1160 0.7217 0.0267
2 0.0117 0.2612 0.3054 0.3801 0.0414
3 0.0160 0.2330 0.2330 0.4492 0.0688
4 0.0132 0.2966 0.1771 0.3413 0.1716
5 0.0203 0.3435 0.2849 0.2289 0.1225
6 0.0261 0.2874 0.3013 0.2920 0.0933
7 0.0224 0.3940 0.2505 0.2793 0.0537
8 0.1301 0.0665 0.0881 0.6821 0.0334
9 0.1120 0.1394 0.1036 0.5869 0.0581
10 0.1086 0.2605 0.1230 0.4500 0.0581
11 0.0908 0.2505 0.0997 0.4905 0.0685
12 0.0754 0.1725 0.1522 0.5483 0.0518
13 0.0699 0.1370 0.1993 0.5591 0.0346
14 0.1004 0.2446 0.1997 0.4097 0.0456
15 0.0153 0.1682 0.0887 0.6865 0.0412
16 0.0206 0.1343 0.1984 0.6304 0.0164
17 0.0090 0.0849 0.1663 0.7334 0.0063
18 0.0133 0.0533 0.1982 0.7251 0.0101
19 0.0331 0.2429 0.3372 0.3762 0.0104
20 0.0454 0.2473 0.3030 0.3953 0.0089
21 0.0554 0.1692 0.3525 0.3872 0.0355
22 0.0405 0.1802 0.4255 0.3367 0.0170
23 0.0782 0.2043 0.3264 0.3699 0.0210
24 0.0860 0.2301 0.1343 0.4507 0.0990
25 0.0412 0.3562 0.3245 0.2487 0.0295
26 0.0345 0.0635 0.2184 0.6724 0.0110
27 0.0249 0.0700 0.1436 0.7178 0.0435
28 0.0444 0.0646 0.1284 0.7163 0.0465
29 0.0205 0.1754 0.1866 0.5488 0.0687
30 0.0169 0.1149 0.3887 0.4473 0.0324
31 0.0088 0.1791 0.3093 0.4792 0.0235
32 0.0227 0.1178 0.1586 0.6572 0.0440
33 0.0231 0.0827 0.4006 0.4758 0.0177
34 0.0193 0.0898 0.3962 0.4563 0.0383
35 0.0312 0.1063 0.3538 0.4912 0.0175
36 0.0204 0.1279 0.2245 0.5918 0.0355
37 0.0319 0.1533 0.4797 0.3145 0.0206
38 0.8218 0.0644 0.0275 0.0250 0.0614
39 0.8203 0.0633 0.0281 0.0250 0.0633
40 0.8203 0.0633 0.0281 0.0250 0.0633
41 0.8203 0.0633 0.0281 0.0250 0.0633
42 0.8203 0.0633 0.0281 0.0250 0.0633
43 0.1554 0.0604 0.6050 0.1201 0.0590
44 0.3630 0.0182 0.0069 0.6079 0.0039
45 0.2939 0.0133 0.0047 0.6836 0.0042
46 0.3701 0.0195 0.0049 0.6006 0.0048
47 0.2112 0.0094 0.0033 0.7725 0.0035
48 0.0212 0.0354 0.3416 0.5996 0.0025
49 0.0528 0.1434 0.3037 0.4778 0.0225
50 0.0251 0.0699 0.1626 0.7061 0.0363
51 0.0578 0.1420 0.4653 0.3198 0.0151
52 0.0466 0.1144 0.3523 0.4668 0.0197
53 0.1177 0.1431 0.2590 0.4011 0.0790
54 0.0911 0.1389 0.2439 0.4927 0.0335
55 0.1482 0.1577 0.2224 0.4028 0.0689
56 0.0817 0.1315 0.2419 0.5083 0.0368
57 0.0936 0.2061 0.1331 0.4905 0.0770
58 0.0712 0.1320 0.1202 0.5557 0.1211
59 0.1459 0.1888 0.1666 0.3528 0.1459
60 0.1633 0.1534 0.1233 0.4441 0.1158
61 0.1401 0.1600 0.0912 0.3721 0.2366
62 0.1182 0.1693 0.1137 0.4358 0.1628
63 0.0372 0.0728 0.1449 0.6392 0.1060
64 0.0191 0.0537 0.1329 0.7529 0.0412
65 0.0281 0.0521 0.1520 0.6704 0.0974
66 0.0150 0.0121 0.0851 0.8862 0.0015
67 0.0129 0.0238 0.0689 0.8931 0.0011
68 0.0201 0.0217 0.1172 0.8398 0.0012
69 0.0238 0.0710 0.1732 0.7290 0.0029
70 0.0288 0.0719 0.7490 0.1364 0.0138
71 0.0339 0.1191 0.7646 0.0740 0.0084
72 0.0371 0.1868 0.6621 0.0939 0.0200
73 0.1140 0.0783 0.6768 0.1176 0.0136
74 0.1455 0.2717 0.5239 0.0469 0.0119
75 0.1429 0.3274 0.4688 0.0416 0.0193
76 0.1521 0.2668 0.5391 0.0266 0.0151
77 0.1503 0.1575 0.4927 0.1785 0.0210
78 0.0113 0.1603 0.1506 0.6748 0.0029
79 0.0175 0.1638 0.1162 0.7007 0.0016
80 0.0130 0.1877 0.0306 0.7661 0.0026
81 0.0249 0.2067 0.0479 0.7104 0.0102
82 0.0190 0.1190 0.0558 0.8008 0.0054
83 0.0307 0.3103 0.1177 0.5278 0.0135
84 0.0346 0.1349 0.2057 0.6045 0.0201
85 0.0500 0.1758 0.1316 0.5249 0.1180
86 0.0613 0.1003 0.1787 0.5503 0.1093
87 0.0520 0.0892 0.1831 0.5508 0.1248
88 0.0487 0.1597 0.1781 0.5889 0.0249
89 0.0179 0.1170 0.1266 0.7056 0.0327
90 0.0075 0.1175 0.1271 0.7427 0.0052
91 0.0490 0.2339 0.3223 0.3826 0.0124
92 0.0211 0.0601 0.7549 0.1608 0.0032
93 0.0098 0.1404 0.8081 0.0409 0.0009
94 0.0104 0.0983 0.8496 0.0410 0.0007
95 0.0126 0.1807 0.7603 0.0453 0.0011
96 0.0168 0.0689 0.8525 0.0612 0.0008
97 0.1194 0.1724 0.5879 0.0874 0.0329
98 0.1293 0.2067 0.5234 0.0917 0.0487
99 0.1361 0.1803 0.5059 0.1120 0.0658
100 0.1857 0.1827 0.4316 0.0933 0.1066
101 0.1616 0.1240 0.4128 0.2927 0.0090
102 0.1792 0.1792 0.4365 0.1937 0.0114
103 0.1614 0.1447 0.4456 0.2385 0.0098
104 0.1984 0.1606 0.4575 0.1750 0.0083
105 0.0337 0.0692 0.2377 0.6562 0.0032
106 0.0419 0.1708 0.1818 0.5513 0.0542
107 0.0232 0.1503 0.2120 0.5947 0.0199
108 0.0176 0.0999 0.2935 0.5840 0.0051
109 0.0340 0.1560 0.3489 0.4080 0.0531
110 0.0775 0.0837 0.7578 0.0799 0.0011
111 0.0534 0.0923 0.6611 0.1924 0.0006
112 0.0369 0.1076 0.4897 0.3640 0.0016
113 0.0077 0.0430 0.8774 0.0698 0.0018
114 0.0035 0.0604 0.7832 0.1519 0.0011
115 0.0069 0.0464 0.9316 0.0148 0.0004
116 0.0116 0.0508 0.9282 0.0092 0.0002
117 0.0316 0.1544 0.1428 0.5874 0.0839
118 0.0160 0.0488 0.0843 0.8379 0.0131
119 0.0127 0.1423 0.0637 0.7690 0.0121
120 0.0632 0.6133 0.1650 0.1434 0.0149
121 0.0623 0.2502 0.3018 0.3696 0.0162
122 0.0646 0.4487 0.1841 0.2478 0.0548
123 0.0637 0.2329 0.3901 0.2944 0.0188
124 0.0055 0.4170 0.0784 0.4800 0.0193
125 0.0095 0.1526 0.0919 0.6895 0.0566
126 0.0253 0.0955 0.2830 0.3467 0.2496
127 0.0360 0.1946 0.3257 0.3257 0.1180
128 0.0225 0.0975 0.2866 0.5029 0.0902
129 0.0400 0.0782 0.3882 0.3823 0.1113
130 0.0330 0.1401 0.3992 0.3523 0.0756
131 0.0229 0.4663 0.4521 0.0548 0.0038
132 0.0663 0.3391 0.4155 0.1530 0.0260
133 0.0225 0.1235 0.1024 0.7446 0.0069
134 0.0197 0.1283 0.3379 0.5073 0.0069
135 0.0674 0.0886 0.3369 0.4827 0.0244
136 0.0519 0.0792 0.2871 0.5713 0.0105
137 0.2625 0.0563 0.1875 0.4065 0.0872
138 0.0829 0.0790 0.7739 0.0616 0.0025
139 0.0483 0.0351 0.8979 0.0175 0.0010
140 0.0353 0.0317 0.9111 0.0206 0.0011
141 0.0191 0.1958 0.2438 0.3601 0.1812
142 0.0278 0.3440 0.1550 0.2256 0.2477
143 0.0353 0.4299 0.1969 0.1558 0.1821
144 0.0582 0.1683 0.4231 0.3455 0.0049
145 0.0377 0.4216 0.3550 0.1814 0.0041
146 0.2186 0.1870 0.2988 0.2439 0.0515
147 0.1544 0.2095 0.3145 0.3047 0.0168
148 0.1285 0.2439 0.3230 0.2896 0.0149
149 0.1913 0.1636 0.2534 0.3306 0.0611
150 0.1026 0.1746 0.2661 0.3933 0.0632
151 0.2386 0.0711 0.1830 0.4673 0.0399
152 0.0917 0.0760 0.0961 0.6670 0.0692
153 0.1448 0.1043 0.1163 0.5684 0.0663
154 0.0062 0.1648 0.1410 0.6831 0.0049
155 0.0059 0.1741 0.0376 0.7803 0.0024
156 0.0037 0.1824 0.0447 0.7681 0.0013
157 0.0173 0.1146 0.7017 0.1641 0.0024
158 0.0222 0.2439 0.6426 0.0843 0.0071
159 0.0246 0.4153 0.4932 0.0571 0.0098
160 0.0241 0.0753 0.3765 0.5146 0.0097
161 0.2097 0.1302 0.3652 0.2452 0.0494
162 0.2084 0.0704 0.3228 0.2761 0.1225
163 0.3000 0.2468 0.2507 0.1406 0.0619
164 0.1573 0.0947 0.1769 0.4883 0.0829
165 0.1772 0.0824 0.5288 0.1842 0.0272
166 0.1231 0.1221 0.4756 0.2354 0.0439
167 0.0663 0.0746 0.3291 0.5020 0.0281
168 0.1400 0.1285 0.3438 0.3386 0.0492
169 0.0690 0.0729 0.1965 0.6245 0.0372
170 0.1420 0.1609 0.1559 0.4546 0.0867
171 0.0873 0.1231 0.1061 0.5918 0.0915
172 0.0580 0.0825 0.2969 0.5293 0.0333
173 0.0479 0.0654 0.4136 0.3323 0.1407
174 0.0290 0.0633 0.7021 0.1093 0.0965
175 0.0418 0.1110 0.6284 0.1493 0.0695
176 0.0323 0.0818 0.6641 0.2156 0.0065
177 0.0711 0.0781 0.6050 0.2123 0.0336
178 0.0837 0.1163 0.6797 0.1042 0.0164
179 0.1570 0.1105 0.5229 0.1835 0.0262
180 0.1256 0.1117 0.6089 0.1218 0.0323
181 0.1798 0.1305 0.5366 0.1255 0.0276
182 0.1815 0.1118 0.5420 0.1172 0.0477
183 0.0717 0.0501 0.4751 0.3757 0.0274
184 0.1010 0.2040 0.2040 0.4387 0.0524
185 0.1179 0.0856 0.3203 0.4590 0.0174
186 0.1025 0.1813 0.5005 0.2119 0.0041
187 0.1216 0.1549 0.3010 0.4177 0.0048
188 0.1975 0.2720 0.1587 0.2920 0.0798
189 0.1528 0.0721 0.4153 0.3389 0.0208
190 0.0462 0.0343 0.3523 0.5542 0.0132
191 0.2754 0.0675 0.6016 0.0479 0.0076
192 0.0428 0.2042 0.7188 0.0323 0.0020
193 0.0405 0.0431 0.0114 0.7812 0.1237
194 0.2438 0.0862 0.0593 0.5410 0.0698
195 0.0176 0.1241 0.2015 0.6406 0.0163
196 0.0190 0.1285 0.1813 0.6528 0.0187
197 0.0202 0.2769 0.5337 0.1654 0.0037
198 0.1632 0.2095 0.1271 0.4722 0.0281
199 0.0417 0.1132 0.0592 0.7739 0.0122
200 0.0234 0.0890 0.1467 0.7109 0.0298
201 0.0321 0.2487 0.2861 0.3853 0.0478
202 0.0039 0.1149 0.1080 0.7729 0.0000
203 0.0053 0.0623 0.0981 0.8345 0.0000
204 0.0355 0.0290 0.0718 0.8213 0.0422
205 0.0208 0.0400 0.1186 0.7852 0.0353
206 0.0048 0.0642 0.9150 0.0150 0.0011
207 0.0056 0.0850 0.7007 0.2070 0.0018
208 0.0177 0.0459 0.8794 0.0554 0.0016
209 0.0258 0.0838 0.8530 0.0363 0.0012
210 0.1631 0.1417 0.4102 0.2607 0.0244
211 0.1760 0.2313 0.2156 0.3340 0.0431
212 0.0078 0.3555 0.1577 0.4783 0.0010
213 0.0046 0.2251 0.0655 0.7046 0.0004
214 0.0594 0.1565 0.4058 0.3752 0.0030
215 0.0183 0.1172 0.3613 0.4937 0.0095
216 0.0623 0.1094 0.3318 0.4827 0.0140
217 0.0833 0.2229 0.4363 0.2487 0.0088
218 0.2136 0.0963 0.3960 0.1930 0.1010
219 0.0243 0.1388 0.5576 0.2761 0.0033
220 0.0309 0.1740 0.3052 0.4878 0.0022
221 0.0108 0.0807 0.1417 0.7661 0.0007
222 0.0085 0.1853 0.6885 0.1142 0.0035
223 0.0617 0.0424 0.1705 0.7065 0.0187
224 0.0404 0.0671 0.0709 0.7739 0.0479
225 0.0951 0.2177 0.0521 0.5020 0.1331
226 0.0322 0.0822 0.0946 0.7324 0.0587
227 0.0386 0.1743 0.5806 0.2039 0.0027
228 0.0162 0.1042 0.1887 0.6797 0.0109
229 0.0248 0.1260 0.1384 0.7026 0.0081
230 0.0189 0.1616 0.2244 0.5913 0.0040
231 0.0229 0.2274 0.4053 0.3413 0.0030
232 0.0390 0.2178 0.2751 0.4539 0.0141
233 0.0480 0.1526 0.0441 0.6948 0.0607
234 0.0034 0.0439 0.0439 0.8955 0.0134
235 0.0309 0.1270 0.2316 0.5220 0.0886
236 0.0316 0.1277 0.1774 0.6191 0.0445
237 0.0120 0.0338 0.1389 0.7871 0.0282
238 0.0390 0.0586 0.1721 0.6914 0.0387
239 0.0173 0.0343 0.0584 0.8003 0.0898
240 0.0390 0.0942 0.2444 0.4531 0.1693
241 0.0529 0.0872 0.1919 0.3340 0.3340
242 0.0258 0.0928 0.0980 0.6646 0.1191
243 0.0275 0.0592 0.0645 0.6880 0.1609
244 0.0620 0.1954 0.1354 0.3274 0.2800
245 0.0349 0.1102 0.1350 0.5176 0.2026
246 0.0840 0.0713 0.1122 0.3025 0.4299
247 0.0573 0.0783 0.1105 0.2588 0.4951
248 0.0462 0.0549 0.0540 0.3960 0.4487
249 0.0715 0.0672 0.1143 0.7339 0.0130
250 0.1042 0.0878 0.2206 0.5547 0.0328
251 0.0970 0.0544 0.2327 0.5669 0.0491
252 0.1268 0.0935 0.3501 0.3669 0.0627
253 0.1019 0.0769 0.2642 0.5254 0.0316
254 0.0430 0.0291 0.0666 0.8242 0.0374
255 0.0721 0.0511 0.1083 0.7173 0.0511
256 0.8423 0.0250 0.0186 0.0888 0.0252
257 0.8423 0.0250 0.0186 0.0888 0.0252
258 0.2037 0.2830 0.2496 0.2310 0.0327
259 0.9673 0.0068 0.0198 0.0048 0.0012
260 0.9668 0.0069 0.0201 0.0050 0.0012
261 0.9668 0.0069 0.0201 0.0050 0.0012
262 0.9653 0.0071 0.0200 0.0060 0.0014
263 0.9653 0.0071 0.0200 0.0060 0.0014
264 0.2037 0.2830 0.2496 0.2310 0.0327
