time exciting_prob fearful_prob tense_prob sad_prob relaxing_prob
0 0.1987 0.2847 0.2512 0.2323 0.0330
1 0.1987 0.2847 0.2512 0.2323 0.0330
2 0.1987 0.2847 0.2512 0.2323 0.0330
3 0.9678 0.0138 0.0053 0.0091 0.0040
4 0.9834 0.0052 0.0035 0.0044 0.0035
5 0.9824 0.0055 0.0034 0.0051 0.0037
6 0.6567 0.1536 0.0931 0.0514 0.0454
7 0.4739 0.1587 0.2069 0.1091 0.0515
8 0.6406 0.0332 0.1698 0.1262 0.0300
9 0.6353 0.0339 0.1709 0.1290 0.0309
10 0.5195 0.0992 0.2200 0.1254 0.0359
11 0.0714 0.1398 0.2002 0.5195 0.0692
12 0.0907 0.1642 0.2837 0.4128 0.0486
13 0.1276 0.1587 0.0523 0.5986 0.0626
14 0.1398 0.1442 0.0322 0.6074 0.0766
15 0.0851 0.0455 0.0694 0.7822 0.0178
16 0.0688 0.0562 0.0580 0.7881 0.0287
17 0.1300 0.1202 0.0482 0.6396 0.0619
18 0.1057 0.0798 0.0430 0.7334 0.0383
19 0.1372 0.1085 0.1268 0.5684 0.0590
20 0.1245 0.0677 0.1388 0.6421 0.0271
21 0.0444 0.1650 0.1305 0.6226 0.0374
22 0.0491 0.0531 0.0646 0.7925 0.0407
23 0.3215 0.1891 0.1531 0.2773 0.0590
24 0.1113 0.0759 0.2671 0.4072 0.1385
25 0.2617 0.0704 0.1108 0.5005 0.0566
26 0.2131 0.0367 0.1852 0.5034 0.0616
27 0.8403 0.0210 0.0316 0.0663 0.0409
28 0.1638 0.0099 0.0905 0.7114 0.0244
29 0.7773 0.0145 0.1965 0.0090 0.0025
30 0.6953 0.0817 0.0038 0.1664 0.0528
31 0.5342 0.1085 0.0084 0.2815 0.0674
32 0.0903 0.2827 0.4111 0.2004 0.0153
33 0.1663 0.1422 0.5327 0.0721 0.0869
34 0.3186 0.2925 0.1918 0.1191 0.0781
35 0.1991 0.4417 0.2169 0.1099 0.0325
36 0.1678 0.4634 0.2725 0.0877 0.0088
37 0.2384 0.3110 0.3015 0.1075 0.0417
38 0.3206 0.1057 0.3958 0.0699 0.1082
39 0.2206 0.0733 0.2725 0.1759 0.2578
40 0.2101 0.1057 0.3955 0.2418 0.0469
41 0.0171 0.0640 0.4729 0.3301 0.1159
42 0.0997 0.3677 0.1863 0.3401 0.0064
43 0.1302 0.0835 0.4802 0.1500 0.1559
44 0.2786 0.1058 0.2576 0.2222 0.1357
45 0.1453 0.1698 0.4836 0.1752 0.0260
46 0.3572 0.1700 0.3657 0.0332 0.0737
47 0.0274 0.2209 0.4126 0.3369 0.0021
48 0.0358 0.3999 0.5381 0.0215 0.0049
49 0.1082 0.0330 0.6577 0.1914 0.0098
50 0.0562 0.0374 0.7349 0.1692 0.0023
51 0.0815 0.0275 0.4990 0.3826 0.0092
52 0.2849 0.0380 0.1245 0.4922 0.0606
53 0.5337 0.0711 0.1528 0.2190 0.0236
54 0.4734 0.0499 0.1727 0.2151 0.0889
55 0.1177 0.3030 0.3276 0.1896 0.0620
56 0.2817 0.1450 0.2773 0.2861 0.0100
57 0.3918 0.0834 0.2114 0.2913 0.0219
58 0.3162 0.0554 0.1902 0.4058 0.0325
59 0.1676 0.0296 0.3464 0.4451 0.0113
60 0.1630 0.2092 0.3909 0.1965 0.0403
61 0.1080 0.0506 0.1132 0.5356 0.1925
62 0.0707 0.0321 0.1013 0.6499 0.1461
63 0.0671 0.2737 0.2002 0.4512 0.0077
64 0.1659 0.0983 0.2340 0.4878 0.0141
65 0.2135 0.0408 0.1841 0.5371 0.0247
66 0.1074 0.0363 0.7002 0.1538 0.0025
67 0.2686 0.0372 0.2334 0.4429 0.0179
68 0.2255 0.1041 0.5122 0.1274 0.0308
69 0.4084 0.1538 0.2186 0.1798 0.0392
70 0.3176 0.1283 0.3953 0.1410 0.0176
71 0.1368 0.0451 0.3132 0.4927 0.0123
72 0.2333 0.0409 0.2727 0.4031 0.0500
73 0.2078 0.0551 0.3022 0.4263 0.0086
74 0.1624 0.1782 0.5938 0.0574 0.0083
75 0.2129 0.1029 0.6064 0.0759 0.0020
76 0.0884 0.0438 0.4934 0.3723 0.0020
77 0.3167 0.1804 0.1383 0.2175 0.1472
78 0.1248 0.1993 0.3210 0.1615 0.1932
79 0.1621 0.0983 0.3027 0.4270 0.0098
80 0.1855 0.1208 0.4592 0.1945 0.0398
81 0.1351 0.0372 0.5688 0.2299 0.0290
82 0.3691 0.2119 0.2239 0.1638 0.0312
83 0.1376 0.0848 0.1312 0.5439 0.1022
84 0.1270 0.1722 0.2627 0.4004 0.0378
85 0.1249 0.2524 0.1361 0.3616 0.1249
86 0.1068 0.0352 0.1415 0.6748 0.0418
87 0.1486 0.1462 0.3977 0.2886 0.0189
88 0.1644 0.0283 0.3218 0.4832 0.0023
89 0.1490 0.0561 0.5044 0.2783 0.0122
90 0.1288 0.0361 0.1996 0.6147 0.0209
91 0.1372 0.1935 0.4500 0.1935 0.0260
92 0.1552 0.0484 0.4778 0.3086 0.0100
93 0.2878 0.0964 0.0689 0.5049 0.0418
94 0.4482 0.0661 0.3384 0.1346 0.0126
95 0.1248 0.0885 0.3843 0.3904 0.0120
96 0.1299 0.2351 0.2174 0.3938 0.0238
97 0.1362 0.1593 0.2754 0.3647 0.0644
98 0.0695 0.0260 0.0920 0.7949 0.0174
99 0.0875 0.0692 0.1272 0.6772 0.0388
100 0.0842 0.0883 0.1016 0.6836 0.0420
101 0.0806 0.0885 0.1110 0.6797 0.0402
102 0.4170 0.0847 0.2197 0.2375 0.0410
103 0.2563 0.0409 0.2688 0.4099 0.0240
104 0.4080 0.0511 0.2218 0.2167 0.1024
105 0.0906 0.0233 0.1425 0.7124 0.0313
106 0.1742 0.4734 0.1573 0.1840 0.0111
107 0.2542 0.0102 0.1888 0.5215 0.0252
108 0.3477 0.1578 0.2544 0.1708 0.0695
109 0.2100 0.0172 0.0848 0.6670 0.0208
110 0.2113 0.2489 0.2510 0.2671 0.0219
111 0.2089 0.2500 0.2683 0.2024 0.0705
112 0.2795 0.4163 0.1832 0.0852 0.0358
113 0.1428 0.0221 0.4133 0.4133 0.0084
114 0.2683 0.0328 0.3445 0.3289 0.0255
115 0.1487 0.0254 0.5522 0.2693 0.0043
116 0.0914 0.0723 0.7651 0.0623 0.0086
117 0.1295 0.1057 0.4414 0.3105 0.0126
118 0.2433 0.1672 0.2472 0.2756 0.0665
119 0.0884 0.3108 0.3386 0.1423 0.1198
120 0.1382 0.0347 0.3875 0.4324 0.0074
121 0.1973 0.1064 0.4998 0.1853 0.0113
122 0.1020 0.1077 0.1331 0.6499 0.0075
123 0.2114 0.0353 0.2322 0.4993 0.0218
124 0.0620 0.0620 0.1499 0.7041 0.0221
125 0.1832 0.1201 0.4160 0.2729 0.0077
126 0.2032 0.1522 0.3325 0.2629 0.0490
127 0.1082 0.0830 0.3386 0.4214 0.0488
128 0.1078 0.1021 0.1450 0.1147 0.5303
129 0.3728 0.0832 0.1155 0.2996 0.1289
130 0.3301 0.0243 0.1823 0.4443 0.0191
131 0.1709 0.0735 0.1174 0.6060 0.0323
132 0.3604 0.0322 0.2637 0.3179 0.0261
133 0.1736 0.0782 0.2372 0.4431 0.0679
134 0.1945 0.0259 0.2119 0.5415 0.0263
135 0.1786 0.0688 0.2120 0.5166 0.0240
136 0.0653 0.0262 0.3267 0.5732 0.0086
137 0.2308 0.0977 0.2202 0.4314 0.0199
138 0.2101 0.1561 0.3228 0.2134 0.0977
139 0.1074 0.2849 0.2476 0.3081 0.0519
140 0.4102 0.2374 0.1683 0.1462 0.0378
141 0.1754 0.1866 0.1523 0.4622 0.0235
142 0.3645 0.0659 0.0586 0.4680 0.0432
143 0.1040 0.0704 0.6274 0.1913 0.0070
144 0.1124 0.0365 0.5444 0.2915 0.0153
145 0.0778 0.0468 0.1926 0.6416 0.0413
146 0.0801 0.0801 0.2078 0.5918 0.0403
147 0.0460 0.2952 0.2062 0.4229 0.0297
148 0.1871 0.1412 0.1552 0.4631 0.0536
