time exciting_prob fearful_prob tense_prob sad_prob relaxing_prob
0 0.2681 0.0194 0.0956 0.6040 0.0128
1 0.1163 0.0165 0.1059 0.7466 0.0147
2 0.0829 0.0140 0.0767 0.8110 0.0154
3 0.1511 0.0185 0.1214 0.6880 0.0211
4 0.1892 0.0165 0.1147 0.6606 0.0190
5 0.2986 0.0143 0.1032 0.5576 0.0261
6 0.1338 0.0218 0.1317 0.7012 0.0117
7 0.2559 0.0184 0.2024 0.5171 0.0063
8 0.0900 0.0190 0.1790 0.7075 0.0045
9 0.1177 0.0144 0.0917 0.7681 0.0082
10 0.1991 0.0253 0.2119 0.5327 0.0310
11 0.2209 0.0152 0.1720 0.5732 0.0189
12 0.1388 0.1047 0.2435 0.4998 0.0133
13 0.1198 0.0738 0.1235 0.6680 0.0151
14 0.0863 0.0863 0.0500 0.7690 0.0083
15 0.1455 0.2761 0.1561 0.4016 0.0206
16 0.1356 0.0168 0.0137 0.8311 0.0029
17 0.2090 0.1191 0.0289 0.6387 0.0044
18 0.1081 0.0414 0.0115 0.8374 0.0018
19 0.2357 0.0538 0.0245 0.6821 0.0038
20 0.0617 0.0496 0.1307 0.7524 0.0057
21 0.1438 0.2859 0.1129 0.4033 0.0541
22 0.2184 0.4080 0.1466 0.1989 0.0282
23 0.1437 0.7241 0.1027 0.0233 0.0064
24 0.0453 0.8428 0.0847 0.0135 0.0138
25 0.0872 0.6860 0.1004 0.1085 0.0179
26 0.0905 0.6738 0.1152 0.1017 0.0188
27 0.1052 0.4944 0.1036 0.2773 0.0195
28 0.0793 0.2947 0.0745 0.5337 0.0180
29 0.2135 0.6084 0.1490 0.0271 0.0020
30 0.0587 0.5698 0.1464 0.1969 0.0284
31 0.1478 0.0842 0.0677 0.6836 0.0167
32 0.0546 0.1174 0.0550 0.7656 0.0073
33 0.1426 0.4861 0.3137 0.0504 0.0072
34 0.0864 0.5859 0.2480 0.0751 0.0047
35 0.0480 0.3333 0.1000 0.4849 0.0340
36 0.1741 0.2167 0.0749 0.0755 0.4587
37 0.1473 0.2212 0.0718 0.0765 0.4832
38 0.2014 0.0171 0.0136 0.0196 0.7485
39 0.2634 0.4661 0.2085 0.0330 0.0289
40 0.2966 0.1813 0.3413 0.1576 0.0231
41 0.1252 0.5112 0.2340 0.1272 0.0022
42 0.3350 0.3147 0.1608 0.1725 0.0172
43 0.1254 0.0066 0.0312 0.2003 0.6367
44 0.2893 0.0174 0.0743 0.1188 0.5000
45 0.1571 0.4475 0.2673 0.1205 0.0075
46 0.0990 0.0061 0.0258 0.0530 0.8159
47 0.1946 0.1144 0.1664 0.0792 0.4453
48 0.1272 0.2231 0.6162 0.0312 0.0023
49 0.0684 0.0151 0.0143 0.0558 0.8462
50 0.4287 0.2025 0.1277 0.0372 0.2041
51 0.5732 0.1279 0.0729 0.1642 0.0619
52 0.6909 0.1085 0.0554 0.0757 0.0695
53 0.2338 0.3376 0.2162 0.1938 0.0186
54 0.2607 0.4299 0.2031 0.0023 0.1038
55 0.1877 0.2300 0.2507 0.3047 0.0270
56 0.2791 0.3113 0.1517 0.0858 0.1720
57 0.2590 0.1620 0.2147 0.3484 0.0159
58 0.1316 0.0732 0.2383 0.5044 0.0523
59 0.4343 0.3152 0.1754 0.0228 0.0523
60 0.4961 0.1898 0.1549 0.0327 0.1265
61 0.5366 0.1089 0.0897 0.0325 0.2325
62 0.4231 0.0429 0.2864 0.1301 0.1175
63 0.3325 0.0815 0.3403 0.1282 0.1176
64 0.3674 0.1138 0.1166 0.0513 0.3508
65 0.3877 0.1567 0.2583 0.0111 0.1860
66 0.3352 0.0115 0.4653 0.1823 0.0056
67 0.2754 0.0833 0.2336 0.2886 0.1193
68 0.2448 0.0148 0.6758 0.0609 0.0039
69 0.2708 0.1137 0.3215 0.2666 0.0276
70 0.1129 0.0099 0.5220 0.3530 0.0025
71 0.3591 0.0765 0.3733 0.0866 0.1045
72 0.2864 0.0295 0.2030 0.4504 0.0309
73 0.4082 0.0377 0.1798 0.3438 0.0305
74 0.2375 0.0342 0.2129 0.2197 0.2957
75 0.3867 0.0142 0.1368 0.1265 0.3359
76 0.4143 0.0385 0.2397 0.2891 0.0183
77 0.7036 0.0209 0.0759 0.1464 0.0534
78 0.2050 0.0104 0.3076 0.4478 0.0291
79 0.5518 0.0133 0.0674 0.1497 0.2178
80 0.2439 0.0503 0.5493 0.1198 0.0365
81 0.3616 0.2686 0.2334 0.1221 0.0144
82 0.4058 0.2040 0.0705 0.0775 0.2423
83 0.6948 0.1057 0.1033 0.0484 0.0477
84 0.2888 0.3594 0.1985 0.1223 0.0309
85 0.2627 0.3401 0.2247 0.1556 0.0168
86 0.3743 0.2849 0.2634 0.0548 0.0227
87 0.5835 0.1895 0.1014 0.0748 0.0510
88 0.5620 0.0565 0.0682 0.1610 0.1525
89 0.4570 0.3118 0.1735 0.0533 0.0044
90 0.2031 0.1038 0.0691 0.5352 0.0887
91 0.4539 0.1863 0.0765 0.2062 0.0771
92 0.2993 0.1414 0.1505 0.3904 0.0184
93 0.1735 0.1531 0.4641 0.1748 0.0347
94 0.4077 0.1726 0.2715 0.0257 0.1224
95 0.2334 0.3645 0.3191 0.0375 0.0456
96 0.1294 0.2720 0.2849 0.2020 0.1116
97 0.2386 0.4253 0.2561 0.0308 0.0492
98 0.2185 0.2069 0.4888 0.0743 0.0115
99 0.0939 0.2456 0.5156 0.1263 0.0184
100 0.2703 0.2639 0.3496 0.1066 0.0098
101 0.2791 0.0831 0.3018 0.3088 0.0270
102 0.1602 0.2922 0.2349 0.2810 0.0318
103 0.7549 0.1071 0.0895 0.0419 0.0067
104 0.5967 0.1532 0.1998 0.0302 0.0202
105 0.4146 0.2167 0.1797 0.1810 0.0081
106 0.2400 0.0540 0.1974 0.2917 0.2168
107 0.3384 0.0602 0.1422 0.2457 0.2135
108 0.3818 0.0674 0.3938 0.1495 0.0074
109 0.6948 0.0285 0.1217 0.1445 0.0103
110 0.5283 0.0566 0.3411 0.0710 0.0029
111 0.6885 0.0925 0.1796 0.0282 0.0114
112 0.6699 0.0807 0.1592 0.0764 0.0137
113 0.5166 0.0662 0.2556 0.1492 0.0125
114 0.1779 0.2015 0.5352 0.0783 0.0070
115 0.5220 0.0974 0.2625 0.0922 0.0260
116 0.5435 0.0600 0.1070 0.2393 0.0505
117 0.3765 0.0482 0.2356 0.3025 0.0373
118 0.3662 0.1855 0.3010 0.1389 0.0083
119 0.4346 0.2151 0.2576 0.0511 0.0417
120 0.0459 0.1565 0.7017 0.0892 0.0067
121 0.2524 0.0826 0.2605 0.3911 0.0133
122 0.1908 0.1104 0.3765 0.1096 0.2128
123 0.1385 0.0483 0.2935 0.1547 0.3652
124 0.1633 0.0655 0.2216 0.1158 0.4338
125 0.0964 0.0508 0.5728 0.2747 0.0054
126 0.4880 0.0766 0.1713 0.2269 0.0370
127 0.1848 0.0262 0.3975 0.0464 0.3452
128 0.2957 0.1880 0.4509 0.0356 0.0300
129 0.4805 0.1039 0.2781 0.1039 0.0337
130 0.5220 0.0586 0.2583 0.1331 0.0281
131 0.4797 0.0777 0.2712 0.1606 0.0107
132 0.0323 0.0422 0.9023 0.0229 0.0003
133 0.4143 0.1501 0.3079 0.1197 0.0079
134 0.3247 0.1836 0.3538 0.1252 0.0127
135 0.0864 0.0412 0.3726 0.3904 0.1093
136 0.3054 0.2252 0.3103 0.1420 0.0172
137 0.2344 0.3154 0.3464 0.0883 0.0156
138 0.1715 0.0125 0.1082 0.7002 0.0078
139 0.0826 0.2487 0.4792 0.1791 0.0103
140 0.3328 0.1273 0.3462 0.1896 0.0042
141 0.2629 0.1710 0.2607 0.3025 0.0026
142 0.5117 0.1478 0.0511 0.2739 0.0155
143 0.4502 0.1736 0.0789 0.2883 0.0089
144 0.5635 0.1370 0.0739 0.2155 0.0103
145 0.5889 0.1000 0.0961 0.2035 0.0116
146 0.4651 0.1054 0.2064 0.1969 0.0262
147 0.5884 0.2081 0.1547 0.0433 0.0057
148 0.5200 0.1783 0.2006 0.0862 0.0148
149 0.3643 0.1183 0.3760 0.1340 0.0076
150 0.2174 0.0643 0.6006 0.1111 0.0068
151 0.1166 0.7202 0.1498 0.0079 0.0056
152 0.3909 0.0746 0.2061 0.3093 0.0192
153 0.1584 0.0917 0.1610 0.5796 0.0090
154 0.1583 0.2286 0.3433 0.2114 0.0583
155 0.2487 0.5347 0.1450 0.0486 0.0229
156 0.6655 0.1877 0.0712 0.0482 0.0275
157 0.0226 0.3645 0.3701 0.2390 0.0038
158 0.3621 0.2629 0.2649 0.0975 0.0126
159 0.0875 0.2803 0.1334 0.3545 0.1443
160 0.5146 0.1779 0.1545 0.1451 0.0077
161 0.2277 0.2878 0.3582 0.1238 0.0024
162 0.2246 0.3191 0.3452 0.1086 0.0025
163 0.1409 0.4768 0.3328 0.0454 0.0042
164 0.4905 0.2092 0.1156 0.1735 0.0113
165 0.1033 0.6040 0.2639 0.0276 0.0013
166 0.2917 0.5044 0.1400 0.0621 0.0018
167 0.2133 0.1610 0.2416 0.3743 0.0100
168 0.1379 0.3899 0.4023 0.0651 0.0048
169 0.0831 0.2876 0.5547 0.0733 0.0014
170 0.1231 0.4832 0.3047 0.0880 0.0011
171 0.3530 0.0190 0.4980 0.1240 0.0059
172 0.1257 0.0787 0.1035 0.0125 0.6797
173 0.0912 0.0398 0.0500 0.2383 0.5806
174 0.0593 0.0651 0.0709 0.1160 0.6890
175 0.0455 0.1639 0.2832 0.0405 0.4668
176 0.5186 0.2046 0.1520 0.1005 0.0246
177 0.1522 0.1030 0.6406 0.0271 0.0771
178 0.4470 0.2489 0.1710 0.1087 0.0243
179 0.3606 0.4382 0.1117 0.0768 0.0128
180 0.1906 0.1997 0.0807 0.0893 0.4397
181 0.5679 0.1425 0.1931 0.0877 0.0091
182 0.0605 0.2263 0.2487 0.2159 0.2487
183 0.0632 0.0477 0.0934 0.7354 0.0604
184 0.5610 0.0239 0.2734 0.1038 0.0376
185 0.1058 0.4744 0.3752 0.0414 0.0032
186 0.3811 0.2499 0.1469 0.2137 0.0085
187 0.4321 0.1307 0.2057 0.2242 0.0072
188 0.2483 0.1382 0.2107 0.3845 0.0183
189 0.3191 0.0266 0.2605 0.3850 0.0090
190 0.0946 0.2695 0.3152 0.3032 0.0175
191 0.1366 0.1868 0.3228 0.3252 0.0289
192 0.2705 0.1200 0.4060 0.1918 0.0119
193 0.1710 0.0724 0.3245 0.3794 0.0526
194 0.4307 0.1794 0.2532 0.1323 0.0045
195 0.3325 0.0665 0.2250 0.3125 0.0635
196 0.1420 0.0861 0.4238 0.3076 0.0404
197 0.1625 0.1390 0.3523 0.3108 0.0354
198 0.2383 0.1975 0.3633 0.1930 0.0079
199 0.2128 0.2046 0.2393 0.2932 0.0501
200 0.1415 0.0899 0.2463 0.4822 0.0402
201 0.5952 0.0533 0.2993 0.0399 0.0121
202 0.4675 0.1329 0.0928 0.0233 0.2834
203 0.5366 0.0597 0.1525 0.1729 0.0785
204 0.0909 0.0687 0.2131 0.6167 0.0106
205 0.4165 0.0436 0.2649 0.2488 0.0262
206 0.1794 0.0494 0.3250 0.4109 0.0353
207 0.3086 0.3184 0.2922 0.0762 0.0047
208 0.6997 0.0816 0.1235 0.0810 0.0142
209 0.6963 0.0508 0.1339 0.1076 0.0114
210 0.0872 0.0819 0.8022 0.0246 0.0042
211 0.1414 0.0155 0.2769 0.5503 0.0159
212 0.1138 0.1631 0.6250 0.0820 0.0160
213 0.2461 0.5210 0.1614 0.0652 0.0065
214 0.4028 0.1541 0.3235 0.0979 0.0217
215 0.2771 0.1268 0.4126 0.1693 0.0143
216 0.2496 0.0933 0.4314 0.1885 0.0374
217 0.2854 0.0236 0.1576 0.5010 0.0328
218 0.2042 0.0339 0.1578 0.5508 0.0533
219 0.2715 0.0126 0.0282 0.6611 0.0265
220 0.5254 0.0257 0.0554 0.3696 0.0242
221 0.6362 0.0340 0.0420 0.2715 0.0162
222 0.7651 0.0482 0.0533 0.1129 0.0204
223 0.0789 0.3120 0.5308 0.0777 0.0006
224 0.1495 0.4607 0.3118 0.0776 0.0007
225 0.6265 0.1273 0.1971 0.0483 0.0007
226 0.3035 0.2478 0.3494 0.0986 0.0006
227 0.1272 0.4993 0.2673 0.0630 0.0433
228 0.1411 0.7168 0.0792 0.0220 0.0408
229 0.0247 0.0441 0.4814 0.4453 0.0043
230 0.0292 0.0109 0.2120 0.7402 0.0077
231 0.0595 0.0501 0.4329 0.4468 0.0107
232 0.5596 0.1229 0.1027 0.1919 0.0229
233 0.6738 0.1492 0.0641 0.0986 0.0140
234 0.2678 0.5850 0.0667 0.0721 0.0086
235 0.0177 0.8242 0.0249 0.1324 0.0006
236 0.0343 0.7686 0.0303 0.1663 0.0005
237 0.2639 0.5127 0.0830 0.1296 0.0110
238 0.2900 0.0448 0.2480 0.4026 0.0147
239 0.4016 0.1897 0.3201 0.0656 0.0232
240 0.0883 0.6626 0.2327 0.0123 0.0040
241 0.1444 0.2255 0.4246 0.1959 0.0097
242 0.3384 0.2101 0.3987 0.0451 0.0077
243 0.2390 0.2029 0.4829 0.0669 0.0083
244 0.5854 0.0667 0.0963 0.2257 0.0257
245 0.4348 0.1467 0.1337 0.2291 0.0557
246 0.3896 0.0320 0.1885 0.3083 0.0817
247 0.3372 0.3142 0.2246 0.1104 0.0136
248 0.2944 0.4487 0.1412 0.0804 0.0352
249 0.6646 0.0545 0.0418 0.2314 0.0079
250 0.8179 0.0597 0.0491 0.0651 0.0082
251 0.2037 0.2830 0.2496 0.2310 0.0327
252 0.2037 0.2830 0.2496 0.2310 0.0327
253 0.6602 0.0387 0.0168 0.2354 0.0490
254 0.6602 0.0387 0.0168 0.2354 0.0490
255 0.6602 0.0387 0.0168 0.2354 0.0490
