time exciting_prob fearful_prob tense_prob sad_prob relaxing_prob
0 0.2778 0.0461 0.1738 0.4875 0.0150
1 0.8320 0.0121 0.0843 0.0229 0.0488
2 0.8755 0.0081 0.0713 0.0125 0.0327
3 0.8848 0.0030 0.0544 0.0380 0.0199
4 0.9370 0.0035 0.0290 0.0053 0.0252
5 0.4836 0.0901 0.1646 0.2197 0.0419
6 0.8086 0.0055 0.0054 0.0055 0.1749
7 0.9282 0.0220 0.0082 0.0118 0.0296
8 0.2607 0.1251 0.4797 0.1271 0.0073
9 0.5020 0.2029 0.1438 0.1351 0.0163
10 0.7510 0.0704 0.1285 0.0105 0.0395
11 0.5171 0.2275 0.1552 0.0775 0.0229
12 0.1730 0.2054 0.4927 0.0637 0.0651
13 0.4624 0.0954 0.2676 0.1500 0.0247
14 0.4878 0.0714 0.2781 0.1177 0.0450
15 0.1451 0.3647 0.2393 0.2213 0.0295
16 0.4287 0.0825 0.2900 0.1732 0.0253
17 0.2800 0.1186 0.3276 0.2131 0.0606
18 0.2927 0.1471 0.2644 0.2502 0.0456
19 0.2344 0.0630 0.3745 0.3010 0.0271
20 0.4404 0.0526 0.3708 0.1242 0.0121
21 0.5293 0.1718 0.1564 0.1209 0.0217
22 0.0830 0.2346 0.5991 0.0532 0.0301
23 0.2323 0.2532 0.3301 0.1205 0.0640
24 0.0484 0.0933 0.6895 0.1515 0.0174
25 0.0793 0.2996 0.4358 0.1542 0.0313
26 0.2223 0.3135 0.2944 0.0971 0.0728
27 0.1544 0.2318 0.2527 0.1792 0.1820
28 0.0256 0.1495 0.0513 0.7651 0.0082
29 0.0972 0.2141 0.6440 0.0226 0.0220
30 0.1881 0.3486 0.3889 0.0596 0.0147
31 0.0809 0.2050 0.6411 0.0671 0.0057
32 0.0908 0.4758 0.4006 0.0201 0.0127
33 0.1967 0.1340 0.4536 0.1791 0.0367
34 0.2361 0.0574 0.6416 0.0480 0.0168
35 0.2920 0.1359 0.4419 0.0657 0.0646
36 0.1934 0.2042 0.4900 0.0467 0.0658
37 0.1148 0.3677 0.4470 0.0560 0.0144
38 0.2058 0.1137 0.6147 0.0331 0.0328
39 0.3848 0.0613 0.3787 0.1437 0.0316
40 0.1578 0.0439 0.5176 0.2727 0.0077
41 0.1962 0.4705 0.1665 0.0857 0.0811
42 0.1478 0.3303 0.4048 0.0925 0.0245
43 0.2084 0.3057 0.3745 0.0597 0.0519
44 0.1952 0.3193 0.4004 0.0600 0.0252
45 0.1161 0.0166 0.3748 0.4736 0.0188
46 0.0963 0.0870 0.4629 0.3035 0.0503
47 0.3142 0.3450 0.2505 0.0449 0.0456
48 0.1925 0.2377 0.4839 0.0635 0.0226
49 0.2957 0.0834 0.5610 0.0498 0.0100
50 0.3857 0.1970 0.0822 0.2778 0.0573
51 0.0916 0.0759 0.2607 0.5605 0.0110
52 0.3623 0.0759 0.1671 0.3738 0.0211
53 0.3730 0.3396 0.1818 0.0801 0.0254
54 0.3159 0.1541 0.3525 0.1238 0.0536
55 0.2102 0.1152 0.5044 0.1099 0.0602
56 0.2445 0.0299 0.5957 0.1011 0.0285
57 0.3406 0.1123 0.2551 0.1866 0.1055
58 0.2903 0.2561 0.3188 0.0604 0.0745
59 0.0673 0.3066 0.4192 0.1707 0.0363
60 0.4001 0.0914 0.4192 0.0832 0.0060
61 0.1683 0.2015 0.5146 0.0649 0.0506
62 0.2896 0.1000 0.4924 0.0992 0.0189
63 0.0652 0.0652 0.4668 0.3870 0.0159
64 0.0688 0.0985 0.4775 0.3440 0.0112
65 0.3188 0.3342 0.2686 0.0399 0.0387
66 0.2632 0.3379 0.3301 0.0214 0.0472
67 0.1455 0.0597 0.5000 0.0186 0.2761
68 0.1813 0.0756 0.3157 0.0157 0.4116
69 0.0628 0.1138 0.5869 0.1655 0.0712
70 0.0981 0.3396 0.4905 0.0412 0.0306
71 0.4385 0.0934 0.3184 0.1277 0.0220
72 0.2289 0.1169 0.4883 0.1056 0.0602
73 0.0830 0.2383 0.5762 0.0870 0.0157
74 0.1288 0.3164 0.4358 0.0886 0.0304
75 0.3398 0.0513 0.5781 0.0167 0.0138
76 0.0769 0.1155 0.3340 0.4639 0.0098
77 0.2512 0.0398 0.4551 0.2399 0.0140
78 0.2186 0.0612 0.4629 0.2477 0.0096
79 0.4253 0.1307 0.3337 0.0414 0.0688
80 0.1426 0.4124 0.3696 0.0366 0.0387
81 0.0342 0.5928 0.3074 0.0498 0.0158
82 0.1278 0.0153 0.3757 0.4678 0.0134
83 0.0405 0.0949 0.5464 0.2622 0.0562
84 0.4263 0.1892 0.1805 0.1281 0.0759
85 0.4417 0.0884 0.2136 0.2291 0.0272
86 0.1832 0.1543 0.5059 0.1340 0.0224
87 0.5796 0.0842 0.2271 0.0835 0.0257
88 0.3125 0.1365 0.3174 0.2032 0.0305
89 0.3416 0.1626 0.3782 0.0857 0.0318
90 0.2335 0.2625 0.3850 0.0752 0.0439
91 0.0572 0.2793 0.5640 0.0900 0.0093
92 0.1229 0.0599 0.2483 0.4358 0.1329
93 0.4707 0.2703 0.1678 0.0762 0.0147
94 0.5967 0.1096 0.2668 0.0165 0.0103
95 0.1377 0.1263 0.6216 0.0903 0.0239
96 0.0691 0.2063 0.5107 0.2031 0.0108
97 0.2639 0.1359 0.4353 0.1328 0.0320
98 0.1880 0.3098 0.2800 0.2032 0.0190
99 0.0719 0.3403 0.5522 0.0183 0.0170
100 0.0576 0.3784 0.2769 0.2725 0.0147
101 0.2391 0.0718 0.4829 0.1921 0.0139
102 0.1836 0.1105 0.6719 0.0291 0.0051
103 0.3503 0.0321 0.2625 0.3264 0.0287
104 0.1449 0.3291 0.4863 0.0233 0.0165
105 0.2886 0.6108 0.0675 0.0230 0.0101
106 0.2145 0.1013 0.3765 0.2798 0.0281
107 0.2830 0.0612 0.2700 0.3777 0.0082
108 0.3716 0.2151 0.2362 0.1489 0.0282
109 0.1953 0.0945 0.4873 0.2063 0.0167
110 0.2507 0.0908 0.2668 0.3320 0.0595
111 0.0609 0.1631 0.6108 0.1544 0.0107
112 0.1464 0.6455 0.1908 0.0120 0.0053
113 0.3826 0.0443 0.3325 0.2250 0.0157
114 0.1917 0.1830 0.3696 0.2207 0.0352
115 0.5762 0.1575 0.2119 0.0411 0.0136
116 0.2827 0.1057 0.0890 0.4885 0.0340
117 0.3027 0.0703 0.4763 0.1398 0.0109
118 0.2068 0.5200 0.1688 0.0476 0.0570
119 0.3020 0.0508 0.2793 0.2708 0.0973
120 0.2952 0.0415 0.3167 0.3093 0.0372
121 0.3308 0.1422 0.4053 0.1161 0.0057
122 0.1825 0.1081 0.6123 0.0848 0.0120
123 0.0363 0.6084 0.3157 0.0312 0.0082
124 0.3687 0.1016 0.3464 0.1378 0.0454
125 0.1741 0.0185 0.4307 0.3684 0.0082
126 0.1542 0.1874 0.6338 0.0184 0.0060
127 0.0670 0.0760 0.6162 0.2130 0.0275
128 0.0559 0.1052 0.5513 0.2688 0.0187
129 0.3708 0.1793 0.2866 0.1292 0.0340
130 0.2371 0.1028 0.5557 0.0886 0.0159
131 0.3228 0.1987 0.3079 0.1512 0.0195
132 0.3123 0.2588 0.3650 0.0510 0.0128
133 0.5723 0.0608 0.2788 0.0775 0.0108
134 0.3567 0.0650 0.4204 0.1487 0.0091
135 0.1527 0.1348 0.5947 0.0608 0.0571
136 0.1973 0.3462 0.3984 0.0458 0.0123
137 0.0898 0.4187 0.3582 0.0987 0.0344
138 0.4001 0.0782 0.4033 0.0958 0.0226
139 0.3918 0.1071 0.2034 0.2632 0.0345
140 0.2771 0.1191 0.4094 0.1788 0.0154
141 0.5078 0.2805 0.1549 0.0298 0.0267
142 0.2411 0.1395 0.4231 0.1877 0.0085
143 0.4387 0.0652 0.2703 0.2173 0.0084
144 0.2664 0.1043 0.1964 0.4092 0.0238
145 0.3887 0.1836 0.3174 0.0881 0.0223
146 0.3477 0.0921 0.3342 0.2012 0.0250
147 0.3308 0.2239 0.1041 0.2700 0.0710
148 0.0701 0.0907 0.3701 0.4128 0.0563
149 0.4197 0.1104 0.1569 0.2795 0.0334
150 0.2710 0.0634 0.2505 0.4004 0.0149
151 0.3123 0.2671 0.2338 0.1301 0.0569
152 0.4136 0.1429 0.2690 0.1364 0.0382
153 0.1536 0.0161 0.1941 0.6265 0.0097
154 0.2859 0.0387 0.1461 0.4714 0.0576
155 0.1147 0.1532 0.5649 0.1486 0.0186
156 0.1860 0.0308 0.3557 0.3728 0.0546
157 0.1422 0.1550 0.4592 0.2203 0.0234
158 0.5654 0.0339 0.1953 0.1923 0.0132
159 0.0914 0.0701 0.7773 0.0425 0.0189
160 0.3677 0.2230 0.2338 0.1558 0.0198
161 0.2759 0.3101 0.2913 0.0909 0.0317
162 0.5898 0.0523 0.2678 0.0744 0.0155
163 0.1186 0.0063 0.2472 0.6216 0.0063
164 0.3103 0.2399 0.2915 0.0961 0.0621
165 0.2842 0.0915 0.5225 0.0887 0.0133
166 0.3911 0.0997 0.3733 0.0559 0.0801
167 0.1289 0.0266 0.3093 0.5181 0.0172
168 0.1292 0.1251 0.3823 0.3481 0.0152
169 0.2742 0.2939 0.2495 0.0698 0.1125
170 0.0532 0.2991 0.5088 0.1247 0.0142
171 0.3730 0.4131 0.0735 0.1121 0.0283
172 0.2571 0.2114 0.2472 0.2529 0.0314
173 0.0668 0.4124 0.4255 0.0673 0.0278
174 0.1021 0.0713 0.3455 0.4575 0.0237
175 0.1543 0.1300 0.1790 0.5181 0.0187
176 0.3333 0.0883 0.1169 0.4485 0.0131
177 0.0646 0.0483 0.7446 0.1294 0.0130
178 0.5259 0.2729 0.0820 0.0609 0.0581
179 0.4517 0.0427 0.2615 0.2307 0.0136
180 0.3152 0.3381 0.1160 0.1031 0.1273
181 0.2617 0.2556 0.1179 0.0970 0.2678
182 0.3923 0.0829 0.1410 0.3687 0.0151
183 0.0956 0.0210 0.3499 0.5249 0.0086
184 0.3491 0.0890 0.2595 0.2495 0.0527
185 0.3909 0.1875 0.3140 0.0712 0.0363
186 0.5605 0.1417 0.1791 0.0908 0.0279
187 0.5615 0.1794 0.1987 0.0356 0.0247
188 0.2261 0.1680 0.4158 0.1578 0.0323
189 0.4268 0.0543 0.2231 0.2690 0.0269
190 0.2140 0.1482 0.5381 0.0604 0.0396
191 0.2379 0.1293 0.4045 0.1852 0.0430
192 0.2361 0.0737 0.5664 0.1081 0.0158
193 0.5327 0.1357 0.2327 0.0830 0.0158
194 0.3560 0.1708 0.3345 0.0776 0.0614
195 0.0134 0.0572 0.8667 0.0609 0.0021
196 0.2561 0.1482 0.3726 0.1229 0.1003
197 0.3103 0.0626 0.1610 0.4341 0.0320
198 0.4004 0.1982 0.2908 0.0696 0.0409
199 0.3835 0.1389 0.3357 0.1226 0.0192
200 0.1687 0.2201 0.5532 0.0112 0.0468
201 0.1072 0.1768 0.5796 0.1177 0.0188
202 0.6899 0.0762 0.1915 0.0266 0.0157
203 0.2795 0.0533 0.4197 0.2391 0.0083
204 0.2629 0.1322 0.2979 0.2510 0.0560
205 0.0930 0.0860 0.5605 0.2449 0.0155
206 0.0809 0.0651 0.4731 0.3684 0.0123
207 0.5669 0.0856 0.2118 0.0992 0.0368
208 0.5601 0.1102 0.2407 0.0604 0.0288
209 0.4387 0.1135 0.3638 0.0710 0.0130
210 0.1516 0.0871 0.2947 0.4421 0.0246
211 0.2184 0.2100 0.3516 0.1838 0.0362
212 0.3306 0.1675 0.3630 0.1151 0.0238
213 0.2698 0.0641 0.2783 0.3748 0.0130
214 0.1847 0.0559 0.5869 0.1249 0.0478
215 0.1403 0.0541 0.6484 0.1257 0.0315
216 0.7480 0.1095 0.0951 0.0254 0.0219
217 0.0635 0.1621 0.6616 0.1080 0.0050
218 0.5630 0.1423 0.1976 0.0850 0.0122
219 0.2825 0.0946 0.5317 0.0848 0.0061
220 0.4319 0.0870 0.4058 0.0652 0.0102
221 0.4648 0.1475 0.3220 0.0379 0.0277
222 0.4131 0.2264 0.2467 0.1086 0.0050
223 0.2722 0.1576 0.2189 0.3389 0.0123
224 0.3992 0.1017 0.2598 0.2239 0.0157
225 0.1898 0.1433 0.2595 0.3657 0.0417
226 0.3259 0.1237 0.4968 0.0236 0.0298
227 0.3394 0.2140 0.1494 0.2444 0.0529
228 0.3801 0.0676 0.4478 0.0946 0.0098
229 0.4180 0.1812 0.3745 0.0192 0.0071
230 0.1819 0.0475 0.1709 0.5874 0.0126
231 0.0704 0.0086 0.0715 0.8442 0.0050
232 0.0415 0.3445 0.5093 0.0762 0.0287
233 0.4050 0.0682 0.2307 0.2290 0.0671
234 0.2159 0.1735 0.5098 0.0685 0.0321
235 0.1497 0.0277 0.5918 0.1982 0.0324
236 0.3528 0.0668 0.3755 0.1934 0.0115
237 0.4019 0.0540 0.1783 0.3359 0.0298
238 0.3440 0.0779 0.3604 0.2086 0.0092
239 0.4963 0.0251 0.2517 0.2135 0.0133
240 0.5430 0.0712 0.2429 0.1045 0.0381
241 0.0721 0.0398 0.6836 0.1959 0.0085
242 0.4077 0.0640 0.1548 0.3101 0.0635
243 0.4946 0.0944 0.2776 0.0915 0.0419
244 0.5630 0.1126 0.0912 0.2054 0.0278
245 0.3604 0.3521 0.0817 0.1959 0.0098
246 0.3647 0.2607 0.1157 0.2449 0.0138
247 0.4951 0.1006 0.2490 0.0348 0.1204
248 0.2820 0.3428 0.1820 0.1724 0.0211
249 0.1975 0.3718 0.2656 0.1422 0.0227
250 0.3862 0.0454 0.5000 0.0291 0.0392
251 0.2224 0.1267 0.2900 0.3391 0.0217
252 0.2847 0.0676 0.1443 0.4844 0.0189
253 0.2910 0.1062 0.2568 0.3296 0.0164
254 0.3965 0.1026 0.3186 0.0134 0.1692
255 0.2903 0.2389 0.4226 0.0161 0.0321
256 0.3411 0.2004 0.4050 0.0374 0.0161
257 0.0916 0.6455 0.2063 0.0468 0.0100
258 0.2380 0.5278 0.1942 0.0249 0.0147
259 0.3118 0.0144 0.1643 0.4331 0.0764
260 0.0842 0.0616 0.3008 0.5444 0.0091
261 0.2385 0.1516 0.3552 0.2156 0.0389
262 0.3999 0.0740 0.4939 0.0128 0.0193
263 0.1708 0.0533 0.3616 0.3911 0.0231
264 0.2427 0.1361 0.4395 0.1289 0.0529
265 0.0639 0.2249 0.6113 0.0853 0.0146
266 0.4126 0.1035 0.1995 0.1578 0.1268
267 0.0676 0.2067 0.3354 0.2269 0.1635
268 0.1995 0.2157 0.3501 0.1934 0.0415
269 0.2335 0.2263 0.3044 0.1776 0.0581
270 0.3711 0.2341 0.2983 0.0681 0.0284
271 0.1898 0.2380 0.5283 0.0300 0.0141
272 0.6230 0.1033 0.2136 0.0480 0.0121
273 0.3298 0.0707 0.4724 0.1194 0.0078
274 0.3826 0.0802 0.2715 0.2529 0.0128
275 0.3923 0.1133 0.3628 0.1215 0.0099
276 0.6577 0.0883 0.1885 0.0408 0.0245
277 0.5854 0.1050 0.2258 0.0662 0.0173
278 0.2749 0.0474 0.1543 0.5137 0.0096
279 0.2037 0.2830 0.2496 0.2310 0.0327
280 0.2037 0.2830 0.2496 0.2310 0.0327
