time exciting_prob fearful_prob tense_prob sad_prob relaxing_prob
0 0.1011 0.0099 0.0283 0.0268 0.8340
1 0.1318 0.0168 0.0270 0.0537 0.7705
2 0.1359 0.0156 0.0194 0.0224 0.8066
3 0.1176 0.0091 0.0226 0.0214 0.8291
4 0.1494 0.0318 0.0372 0.0349 0.7466
5 0.2444 0.0851 0.1530 0.1210 0.3967
6 0.1404 0.1128 0.2603 0.1137 0.3728
7 0.6157 0.0759 0.0568 0.2195 0.0321
8 0.7793 0.0275 0.0216 0.1559 0.0157
9 0.0947 0.0091 0.0593 0.0682 0.7686
10 0.1188 0.0228 0.0709 0.0597 0.7275
11 0.0757 0.0183 0.0207 0.0832 0.8022
12 0.2230 0.0471 0.0214 0.1021 0.6064
13 0.5439 0.0502 0.0759 0.2471 0.0828
14 0.6133 0.0424 0.0602 0.2365 0.0477
15 0.3010 0.0661 0.1840 0.3687 0.0804
16 0.3308 0.0963 0.1638 0.2205 0.1886
17 0.0910 0.0423 0.0836 0.7388 0.0444
18 0.0910 0.0630 0.1454 0.6123 0.0882
19 0.4119 0.2460 0.2722 0.0105 0.0594
20 0.1434 0.0477 0.0327 0.0249 0.7515
21 0.0985 0.0317 0.0240 0.0081 0.8379
22 0.1550 0.0688 0.0354 0.0181 0.7227
23 0.1797 0.0816 0.5576 0.1169 0.0641
24 0.2944 0.2681 0.2639 0.0688 0.1050
25 0.4910 0.1570 0.3145 0.0235 0.0140
26 0.4243 0.2783 0.2399 0.0213 0.0362
27 0.4875 0.1476 0.1880 0.1487 0.0282
28 0.4517 0.1537 0.1825 0.1853 0.0269
29 0.5547 0.1947 0.1731 0.0099 0.0678
30 0.0921 0.1155 0.1733 0.5098 0.1094
31 0.0666 0.1687 0.2474 0.4275 0.0896
32 0.3069 0.1461 0.4360 0.0209 0.0900
33 0.2754 0.2820 0.3794 0.0288 0.0345
34 0.5361 0.2167 0.1598 0.0682 0.0189
35 0.1659 0.2888 0.3679 0.1570 0.0203
36 0.3923 0.1098 0.2494 0.2325 0.0158
37 0.2822 0.2632 0.2778 0.1595 0.0171
38 0.2561 0.4785 0.2279 0.0130 0.0244
39 0.1608 0.4543 0.3564 0.0102 0.0183
40 0.3452 0.2585 0.3347 0.0364 0.0250
41 0.2722 0.1025 0.3335 0.2810 0.0107
42 0.2498 0.0575 0.2830 0.2458 0.1638
43 0.2111 0.1184 0.2212 0.1763 0.2732
44 0.2340 0.4690 0.2510 0.0150 0.0309
45 0.2062 0.0586 0.1112 0.6060 0.0180
46 0.1058 0.1827 0.3870 0.0349 0.2898
47 0.1464 0.2866 0.4370 0.0665 0.0635
48 0.1385 0.1046 0.3325 0.3887 0.0356
49 0.1691 0.1638 0.2460 0.2170 0.2040
50 0.5381 0.1288 0.1371 0.1733 0.0227
51 0.4248 0.3386 0.1930 0.0118 0.0317
52 0.4004 0.3940 0.1484 0.0166 0.0406
53 0.5269 0.1937 0.1968 0.0429 0.0400
54 0.4985 0.0981 0.0966 0.2886 0.0182
55 0.0940 0.0890 0.1885 0.5898 0.0389
56 0.3621 0.0691 0.3455 0.1820 0.0416
57 0.4968 0.1731 0.2598 0.0141 0.0562
58 0.2319 0.2954 0.4233 0.0235 0.0258
59 0.2194 0.1383 0.4536 0.0723 0.1165
60 0.4036 0.3452 0.1982 0.0172 0.0358
61 0.3552 0.2766 0.2617 0.0884 0.0181
62 0.4158 0.3315 0.2208 0.0059 0.0262
63 0.4329 0.3450 0.1735 0.0283 0.0204
64 0.1786 0.0721 0.3259 0.3870 0.0366
65 0.3579 0.2458 0.1842 0.0444 0.1677
66 0.2168 0.1715 0.5713 0.0296 0.0107
67 0.1597 0.0208 0.0790 0.7271 0.0133
68 0.3262 0.4221 0.2260 0.0108 0.0149
69 0.3247 0.3123 0.2375 0.1006 0.0248
70 0.2319 0.1311 0.5786 0.0250 0.0334
71 0.2062 0.1921 0.4099 0.1532 0.0384
72 0.2515 0.2053 0.1501 0.1188 0.2742
73 0.3591 0.2732 0.2932 0.0058 0.0685
74 0.3398 0.2246 0.3022 0.0321 0.1013
75 0.2281 0.1461 0.3972 0.2013 0.0270
76 0.2734 0.4170 0.2415 0.0337 0.0342
77 0.1672 0.4692 0.2472 0.0232 0.0931
78 0.3652 0.2800 0.2866 0.0147 0.0534
79 0.2788 0.1287 0.2041 0.3638 0.0246
80 0.2539 0.1843 0.5127 0.0068 0.0421
81 0.1006 0.1925 0.5571 0.0640 0.0861
82 0.1282 0.4404 0.2957 0.0391 0.0967
83 0.2583 0.1182 0.5776 0.0313 0.0148
84 0.2379 0.1098 0.5278 0.0869 0.0376
85 0.1958 0.2068 0.3057 0.2437 0.0483
86 0.2773 0.1240 0.3589 0.2045 0.0352
87 0.2622 0.2705 0.2971 0.0207 0.1494
88 0.3452 0.0981 0.2144 0.2111 0.1311
89 0.5645 0.1473 0.1567 0.0406 0.0908
90 0.1997 0.2177 0.5220 0.0329 0.0279
91 0.0977 0.2083 0.6567 0.0104 0.0269
92 0.4080 0.2435 0.2847 0.0237 0.0401
93 0.2352 0.2175 0.4824 0.0449 0.0199
94 0.2404 0.4089 0.3062 0.0231 0.0213
95 0.1383 0.1028 0.6753 0.0358 0.0478
96 0.1337 0.1143 0.3748 0.3308 0.0465
97 0.2710 0.0908 0.1417 0.4133 0.0833
98 0.6011 0.2354 0.1061 0.0292 0.0283
99 0.3057 0.2656 0.1840 0.1854 0.0593
100 0.1643 0.0643 0.1593 0.5737 0.0384
101 0.2703 0.1639 0.4121 0.0994 0.0545
102 0.0647 0.1392 0.3135 0.4219 0.0608
103 0.2500 0.4819 0.2520 0.0035 0.0125
104 0.4128 0.4097 0.1484 0.0099 0.0190
105 0.0244 0.0079 0.0937 0.0256 0.8481
106 0.4453 0.1108 0.2153 0.1946 0.0338
107 0.2123 0.3667 0.3289 0.0516 0.0405
108 0.5967 0.2094 0.0649 0.0989 0.0304
109 0.3379 0.1149 0.0284 0.0273 0.4915
110 0.3020 0.0851 0.0294 0.0238 0.5596
111 0.2856 0.1775 0.3213 0.1747 0.0408
112 0.1302 0.0179 0.0076 0.0018 0.8423
113 0.3113 0.1447 0.0528 0.0205 0.4707
114 0.2854 0.1626 0.3962 0.1436 0.0121
115 0.5654 0.2693 0.1301 0.0186 0.0167
116 0.6318 0.2532 0.0848 0.0194 0.0107
117 0.6724 0.2131 0.0875 0.0197 0.0074
118 0.4561 0.2188 0.2240 0.0575 0.0438
119 0.4475 0.2549 0.2395 0.0198 0.0382
120 0.2686 0.1068 0.3701 0.2334 0.0212
121 0.3970 0.1340 0.2905 0.1531 0.0254
122 0.3784 0.2900 0.3040 0.0076 0.0199
123 0.2218 0.2986 0.4412 0.0089 0.0296
124 0.3027 0.2268 0.4170 0.0243 0.0291
125 0.2744 0.1758 0.3062 0.2257 0.0181
126 0.6533 0.1718 0.1481 0.0153 0.0113
127 0.2271 0.1345 0.2167 0.4048 0.0171
128 0.4524 0.1091 0.2966 0.1025 0.0392
129 0.5415 0.2072 0.0870 0.1118 0.0524
130 0.0685 0.2045 0.6812 0.0268 0.0193
131 0.1097 0.2003 0.5840 0.0479 0.0578
132 0.1316 0.3870 0.1504 0.2854 0.0458
133 0.2334 0.1555 0.4226 0.1309 0.0576
134 0.1666 0.0571 0.1209 0.6387 0.0168
135 0.4814 0.3284 0.0448 0.1126 0.0328
136 0.3613 0.3845 0.0308 0.1919 0.0316
137 0.1575 0.4348 0.2439 0.1575 0.0064
138 0.2040 0.0768 0.2520 0.4351 0.0323
139 0.3511 0.0252 0.0887 0.5190 0.0162
140 0.5474 0.0649 0.1428 0.2300 0.0152
141 0.3071 0.2732 0.1484 0.1967 0.0746
142 0.4849 0.2255 0.0897 0.1514 0.0488
143 0.1127 0.3389 0.3062 0.2347 0.0075
144 0.3015 0.3811 0.2788 0.0088 0.0298
145 0.4302 0.3074 0.2129 0.0235 0.0260
146 0.4402 0.2527 0.1923 0.0833 0.0316
147 0.0432 0.0746 0.0600 0.8027 0.0195
148 0.5557 0.1111 0.1555 0.1592 0.0186
149 0.3193 0.0680 0.1439 0.4502 0.0187
150 0.5869 0.1763 0.0886 0.1129 0.0352
151 0.5615 0.2452 0.0436 0.1014 0.0483
152 0.1384 0.2212 0.2930 0.2212 0.1261
153 0.3074 0.2866 0.3484 0.0144 0.0433
154 0.4907 0.1212 0.1670 0.1892 0.0319
155 0.3323 0.0288 0.1985 0.3887 0.0518
156 0.3396 0.0958 0.2771 0.2603 0.0272
157 0.5869 0.1427 0.1776 0.0663 0.0264
158 0.5825 0.1569 0.1406 0.1036 0.0161
159 0.2712 0.0854 0.2284 0.3826 0.0324
160 0.1173 0.0858 0.1035 0.6855 0.0078
161 0.4600 0.1182 0.1541 0.2350 0.0328
162 0.2435 0.2893 0.3462 0.0976 0.0236
163 0.5234 0.1272 0.1499 0.1647 0.0351
164 0.4016 0.0338 0.2150 0.3228 0.0269
165 0.3689 0.1265 0.3206 0.1663 0.0177
166 0.2747 0.0344 0.1873 0.4783 0.0255
167 0.3328 0.3125 0.3030 0.0201 0.0317
168 0.2800 0.2322 0.3708 0.0784 0.0385
169 0.2893 0.0371 0.3491 0.3081 0.0163
170 0.3511 0.0778 0.1396 0.4072 0.0241
171 0.0564 0.4946 0.3506 0.0807 0.0177
172 0.2866 0.0279 0.3198 0.2097 0.1559
173 0.1343 0.0814 0.3945 0.3120 0.0777
174 0.2034 0.3982 0.2491 0.1196 0.0298
175 0.1432 0.3601 0.2068 0.2783 0.0116
176 0.2764 0.0308 0.2805 0.4019 0.0104
177 0.5698 0.0410 0.2197 0.1558 0.0136
178 0.4241 0.1263 0.2306 0.1881 0.0310
179 0.4221 0.1653 0.2661 0.1328 0.0138
180 0.1938 0.5029 0.2339 0.0183 0.0510
181 0.2593 0.1973 0.4551 0.0666 0.0216
182 0.3301 0.1158 0.1283 0.4141 0.0117
183 0.3611 0.1517 0.2073 0.2260 0.0541
184 0.5068 0.1130 0.1879 0.1429 0.0494
185 0.5259 0.1191 0.2389 0.1019 0.0143
186 0.3494 0.2086 0.0955 0.3359 0.0106
187 0.0849 0.0134 0.0389 0.8574 0.0054
188 0.0536 0.1813 0.0704 0.6792 0.0156
189 0.0977 0.1536 0.1039 0.6367 0.0082
190 0.4778 0.0721 0.2402 0.1786 0.0313
191 0.4397 0.0915 0.3533 0.1028 0.0126
192 0.1783 0.0072 0.0699 0.5327 0.2119
193 0.1962 0.0071 0.0194 0.0074 0.7700
194 0.0674 0.0103 0.0339 0.0139 0.8745
195 0.1560 0.0569 0.0491 0.0602 0.6777
196 0.1847 0.0314 0.0270 0.0204 0.7363
197 0.0786 0.0141 0.0232 0.1144 0.7695
