time exciting_prob fearful_prob tense_prob sad_prob relaxing_prob
0 0.0608 0.1602 0.4932 0.2520 0.0341
1 0.0252 0.4229 0.4229 0.1193 0.0099
2 0.0396 0.3879 0.1667 0.3586 0.0471
3 0.0389 0.4626 0.3281 0.1549 0.0156
4 0.1532 0.2527 0.4719 0.1157 0.0064
5 0.1632 0.0867 0.4507 0.2864 0.0131
6 0.0123 0.3381 0.3657 0.2803 0.0036
7 0.0102 0.5029 0.3857 0.1006 0.0004
8 0.0310 0.3831 0.5576 0.0245 0.0039
9 0.1009 0.1770 0.2808 0.4116 0.0298
10 0.2058 0.1641 0.1760 0.4529 0.0013
11 0.0616 0.1549 0.6626 0.1206 0.0005
12 0.0521 0.1555 0.7075 0.0845 0.0002
13 0.0801 0.2798 0.5830 0.0555 0.0016
14 0.1005 0.0165 0.0165 0.2507 0.6157
15 0.1674 0.0232 0.0332 0.1398 0.6362
16 0.0223 0.4216 0.3389 0.0926 0.1246
17 0.0596 0.4268 0.1724 0.0339 0.3074
18 0.1700 0.1688 0.2272 0.3057 0.1284
19 0.1324 0.1432 0.1512 0.4275 0.1455
20 0.0981 0.1147 0.1004 0.5601 0.1270
21 0.0494 0.4006 0.4985 0.0235 0.0279
22 0.0905 0.5459 0.3110 0.0157 0.0371
23 0.1306 0.0612 0.0994 0.1092 0.5996
24 0.1279 0.0350 0.5737 0.2281 0.0353
25 0.1791 0.0600 0.3853 0.3245 0.0513
26 0.0463 0.5723 0.1200 0.2500 0.0112
27 0.0751 0.6147 0.2296 0.0793 0.0012
28 0.0803 0.6265 0.1796 0.1106 0.0030
29 0.0469 0.7939 0.0811 0.0774 0.0005
30 0.1920 0.1111 0.4326 0.2209 0.0432
31 0.1935 0.2837 0.1694 0.0782 0.2751
32 0.5132 0.0987 0.0689 0.2900 0.0292
33 0.6382 0.0864 0.0652 0.1843 0.0259
34 0.6191 0.0728 0.0489 0.2332 0.0262
35 0.3269 0.0609 0.0339 0.5474 0.0307
36 0.1777 0.2078 0.2861 0.1362 0.1921
37 0.2046 0.2161 0.1937 0.1104 0.2754
38 0.2135 0.2419 0.2363 0.1125 0.1959
39 0.0812 0.2622 0.0972 0.0296 0.5298
40 0.1698 0.1671 0.4990 0.1292 0.0348
41 0.7788 0.0187 0.0307 0.1697 0.0023
42 0.4019 0.0377 0.0507 0.5078 0.0017
43 0.4758 0.0400 0.0326 0.4470 0.0048
44 0.5327 0.0786 0.0285 0.3577 0.0025
45 0.5542 0.0455 0.0249 0.3721 0.0033
46 0.4011 0.1122 0.0556 0.4204 0.0107
47 0.2808 0.5454 0.0346 0.1379 0.0010
48 0.1132 0.5703 0.0312 0.2844 0.0009
49 0.1068 0.1328 0.1554 0.5093 0.0957
50 0.0865 0.2141 0.4324 0.2314 0.0355
51 0.0960 0.2866 0.3457 0.2490 0.0225
52 0.0653 0.4531 0.0643 0.4126 0.0048
53 0.0442 0.4863 0.0764 0.3909 0.0023
54 0.0132 0.1342 0.0674 0.7842 0.0012
55 0.0161 0.3127 0.1754 0.4919 0.0038
56 0.8438 0.0687 0.0230 0.0395 0.0253
57 0.7910 0.1522 0.0099 0.0314 0.0153
58 0.7471 0.0081 0.0613 0.1591 0.0246
59 0.0125 0.1164 0.2502 0.5640 0.0567
60 0.0539 0.4839 0.3652 0.0742 0.0228
61 0.0063 0.2142 0.1147 0.5220 0.1427
62 0.1968 0.1045 0.2014 0.4758 0.0214
63 0.1232 0.0990 0.3296 0.4299 0.0183
64 0.5322 0.0798 0.1040 0.2678 0.0161
65 0.0392 0.1478 0.1367 0.5239 0.1525
66 0.2512 0.1782 0.4048 0.1151 0.0507
67 0.0555 0.1322 0.2471 0.5566 0.0085
68 0.1181 0.5376 0.2139 0.1075 0.0227
69 0.0689 0.2405 0.1787 0.4973 0.0144
70 0.1246 0.2742 0.0863 0.4739 0.0411
71 0.1438 0.1604 0.2092 0.4790 0.0076
72 0.0905 0.0584 0.0677 0.7573 0.0259
73 0.2322 0.1223 0.3223 0.2844 0.0388
74 0.1234 0.2269 0.4307 0.1443 0.0748
75 0.1119 0.0497 0.1136 0.7183 0.0064
76 0.1078 0.0416 0.2839 0.5562 0.0107
77 0.1982 0.0164 0.2247 0.5474 0.0131
78 0.0740 0.0153 0.1566 0.7471 0.0070
79 0.6177 0.1000 0.0804 0.1943 0.0074
80 0.0815 0.0835 0.3542 0.4766 0.0041
81 0.0695 0.3755 0.1403 0.4060 0.0088
82 0.0914 0.1069 0.3792 0.4163 0.0062
83 0.1641 0.3557 0.2010 0.2727 0.0066
84 0.3262 0.4321 0.1746 0.0541 0.0132
85 0.2668 0.2078 0.1331 0.3506 0.0419
86 0.1733 0.1565 0.3340 0.3186 0.0174
87 0.1724 0.1301 0.6304 0.0582 0.0089
88 0.0832 0.3613 0.1904 0.3613 0.0040
89 0.0952 0.0231 0.1724 0.7036 0.0057
90 0.2273 0.0977 0.2102 0.4451 0.0199
91 0.2903 0.2856 0.1615 0.2388 0.0238
92 0.7739 0.0147 0.0166 0.0822 0.1124
93 0.6069 0.0254 0.0203 0.1022 0.2452
94 0.1840 0.1573 0.1016 0.4697 0.0876
95 0.1814 0.1947 0.0673 0.4893 0.0673
96 0.1901 0.1041 0.1266 0.5205 0.0584
97 0.0928 0.2225 0.1043 0.5596 0.0210
98 0.0477 0.0617 0.0399 0.8389 0.0116
99 0.0667 0.0207 0.2347 0.6685 0.0093
100 0.0651 0.1326 0.0862 0.6943 0.0218
101 0.0378 0.1094 0.1230 0.7192 0.0107
102 0.2288 0.0300 0.1345 0.6025 0.0041
103 0.4565 0.1995 0.0285 0.3137 0.0019
104 0.2769 0.5293 0.0589 0.1339 0.0010
105 0.2225 0.6338 0.0585 0.0845 0.0006
106 0.1488 0.3462 0.3030 0.1941 0.0079
107 0.0897 0.0661 0.4961 0.3357 0.0123
108 0.7329 0.0503 0.1273 0.0862 0.0035
109 0.0969 0.1648 0.1810 0.5488 0.0084
110 0.1312 0.2180 0.3826 0.2113 0.0569
111 0.0166 0.2561 0.5215 0.1068 0.0988
112 0.0384 0.2388 0.4976 0.1448 0.0806
113 0.2898 0.1075 0.2620 0.3110 0.0298
114 0.1171 0.3838 0.2637 0.2170 0.0184
115 0.1414 0.3286 0.2405 0.2386 0.0508
116 0.1912 0.1942 0.1377 0.4658 0.0112
117 0.1006 0.1793 0.2568 0.4578 0.0054
118 0.1497 0.2585 0.3320 0.2507 0.0091
119 0.0531 0.2251 0.6616 0.0417 0.0185
120 0.5552 0.1219 0.0122 0.1788 0.1318
121 0.6025 0.1123 0.0145 0.1852 0.0854
122 0.1039 0.2167 0.3303 0.3252 0.0237
123 0.0999 0.0468 0.0939 0.7383 0.0211
124 0.2864 0.4199 0.0967 0.1779 0.0190
125 0.5156 0.1688 0.1245 0.1254 0.0656
126 0.0651 0.4246 0.4146 0.0732 0.0227
127 0.0644 0.2627 0.4985 0.1095 0.0649
128 0.1649 0.2363 0.1742 0.3777 0.0469
129 0.1594 0.1570 0.3650 0.3123 0.0064
130 0.1157 0.0801 0.1290 0.6558 0.0195
131 0.5112 0.0999 0.1647 0.2003 0.0237
132 0.6133 0.0392 0.0223 0.3181 0.0068
133 0.4182 0.0346 0.0157 0.4116 0.1198
134 0.0636 0.1650 0.1959 0.5161 0.0593
135 0.0536 0.0174 0.1084 0.8135 0.0072
136 0.1387 0.3433 0.1584 0.3328 0.0267
137 0.4224 0.2368 0.1268 0.1720 0.0421
138 0.0749 0.0440 0.0862 0.5713 0.2236
139 0.1482 0.5254 0.1733 0.0478 0.1051
140 0.1498 0.3196 0.1241 0.3591 0.0475
141 0.0808 0.1923 0.4436 0.2527 0.0304
142 0.3147 0.2214 0.2375 0.2163 0.0100
143 0.0635 0.1334 0.6470 0.1089 0.0472
144 0.5093 0.2261 0.1102 0.0684 0.0858
145 0.4060 0.1602 0.1403 0.1257 0.1678
146 0.1537 0.1133 0.0544 0.0984 0.5801
147 0.2422 0.1091 0.0392 0.1744 0.4351
148 0.1630 0.1748 0.1449 0.5020 0.0155
149 0.1616 0.0653 0.0950 0.2316 0.4463
150 0.3398 0.2861 0.1406 0.2126 0.0206
151 0.1877 0.1417 0.3296 0.3347 0.0060
152 0.0246 0.0223 0.1779 0.7725 0.0027
153 0.1749 0.2688 0.0132 0.3000 0.2429
154 0.4089 0.1349 0.0238 0.4155 0.0169
155 0.2849 0.3008 0.2656 0.1294 0.0194
156 0.0552 0.2939 0.2362 0.4082 0.0064
157 0.0887 0.2196 0.5566 0.0665 0.0686
158 0.1150 0.0539 0.1132 0.7046 0.0135
159 0.2710 0.0490 0.0107 0.4756 0.1937
160 0.1295 0.0441 0.7690 0.0484 0.0092
161 0.0451 0.0947 0.6831 0.1039 0.0731
162 0.1694 0.1320 0.3315 0.3369 0.0301
163 0.0938 0.1262 0.4690 0.2756 0.0353
164 0.0359 0.1312 0.7432 0.0471 0.0426
165 0.3064 0.1360 0.0212 0.1145 0.4221
166 0.0414 0.0548 0.3687 0.4243 0.1107
167 0.0637 0.2291 0.4702 0.2186 0.0184
168 0.1069 0.2297 0.5342 0.1111 0.0181
169 0.1511 0.1725 0.3567 0.2866 0.0329
170 0.1268 0.2522 0.3291 0.2749 0.0168
171 0.1661 0.3657 0.2676 0.1687 0.0320
172 0.1165 0.1543 0.1655 0.3730 0.1906
173 0.4409 0.1597 0.1150 0.2781 0.0064
174 0.0393 0.3789 0.3142 0.2563 0.0111
175 0.2177 0.4294 0.2448 0.0752 0.0329
176 0.3171 0.0092 0.0555 0.2047 0.4136
177 0.6528 0.0165 0.1236 0.0786 0.1285
178 0.4424 0.0170 0.1565 0.2482 0.1360
179 0.5464 0.0372 0.2443 0.0906 0.0818
180 0.1261 0.0367 0.1779 0.6509 0.0085
181 0.0731 0.1794 0.0888 0.1672 0.4915
182 0.1963 0.2424 0.0576 0.0781 0.4255
183 0.0957 0.1919 0.6191 0.0878 0.0052
184 0.0669 0.1270 0.2861 0.5098 0.0101
185 0.0547 0.2338 0.4949 0.1078 0.1087
186 0.0636 0.0451 0.1245 0.7051 0.0616
187 0.1523 0.1781 0.5112 0.1115 0.0468
188 0.0484 0.0870 0.6895 0.0282 0.1469
189 0.1181 0.1218 0.1917 0.1050 0.4634
190 0.0955 0.2400 0.2554 0.3464 0.0626
191 0.0846 0.1174 0.3000 0.0944 0.4036
192 0.0584 0.0265 0.1914 0.1057 0.6182
193 0.0377 0.2087 0.3523 0.0830 0.3184
194 0.0870 0.1991 0.5005 0.2021 0.0114
195 0.1086 0.0228 0.2861 0.5430 0.0393
196 0.0992 0.0749 0.2417 0.5708 0.0132
197 0.1213 0.3403 0.2395 0.2712 0.0275
198 0.2184 0.1388 0.1124 0.5117 0.0185
199 0.1107 0.3127 0.4922 0.0359 0.0483
200 0.5024 0.0989 0.0894 0.2908 0.0184
201 0.1479 0.0089 0.0131 0.8125 0.0174
202 0.0436 0.0639 0.2527 0.6157 0.0239
203 0.0427 0.1613 0.3157 0.1337 0.3467
204 0.1304 0.2961 0.2035 0.2781 0.0917
205 0.1527 0.1915 0.1481 0.2479 0.2598
206 0.0446 0.4370 0.1851 0.3147 0.0186
207 0.0176 0.0084 0.0559 0.9170 0.0008
208 0.0208 0.0173 0.0343 0.9277 0.0001
209 0.0480 0.0598 0.1049 0.7871 0.0002
210 0.0552 0.0101 0.1476 0.7734 0.0135
211 0.2729 0.0292 0.0050 0.5825 0.1103
212 0.3281 0.0657 0.0098 0.5327 0.0636
213 0.3325 0.3003 0.0433 0.2800 0.0439
214 0.4021 0.3718 0.0557 0.1625 0.0078
215 0.3521 0.1770 0.1265 0.3010 0.0434
216 0.4009 0.3296 0.0634 0.1632 0.0429
217 0.7173 0.0232 0.0383 0.2136 0.0076
218 0.2423 0.0892 0.0603 0.5903 0.0177
219 0.3040 0.0193 0.0700 0.6045 0.0020
220 0.0434 0.0476 0.0862 0.8184 0.0044
221 0.7925 0.0588 0.0150 0.1265 0.0071
222 0.1284 0.1057 0.1489 0.5532 0.0635
223 0.1071 0.0861 0.2064 0.5884 0.0121
224 0.1114 0.1131 0.0146 0.3567 0.4043
225 0.4727 0.1647 0.0999 0.2610 0.0018
226 0.7397 0.0171 0.1434 0.0891 0.0109
227 0.0769 0.2225 0.3557 0.3289 0.0160
228 0.0486 0.0435 0.0299 0.8276 0.0505
229 0.0552 0.0666 0.2676 0.3955 0.2151
230 0.1185 0.0654 0.2321 0.3887 0.1954
231 0.1262 0.0370 0.4841 0.1956 0.1571
232 0.1902 0.2295 0.2725 0.1665 0.1414
233 0.2028 0.2334 0.2793 0.1616 0.1230
234 0.5757 0.0804 0.0338 0.2917 0.0185
235 0.1062 0.3220 0.2549 0.2798 0.0370
236 0.0580 0.2461 0.2969 0.3525 0.0466
237 0.0536 0.0825 0.0341 0.2206 0.6094
238 0.2827 0.5244 0.0786 0.0434 0.0710
239 0.5044 0.3413 0.0414 0.0480 0.0646
240 0.0934 0.1588 0.3635 0.0683 0.3159
241 0.0846 0.0664 0.2773 0.3345 0.2372
242 0.1250 0.0256 0.3733 0.4365 0.0396
243 0.0668 0.2192 0.3342 0.3672 0.0125
244 0.2629 0.0342 0.3271 0.2932 0.0827
245 0.0818 0.2122 0.0979 0.2993 0.3088
246 0.1544 0.1311 0.0853 0.3452 0.2839
247 0.1160 0.0269 0.1489 0.6992 0.0089
248 0.1313 0.0714 0.1973 0.5889 0.0110
249 0.3726 0.1035 0.1026 0.3965 0.0249
250 0.1857 0.2969 0.0956 0.3931 0.0287
251 0.1652 0.5630 0.0824 0.1786 0.0109
252 0.1096 0.4436 0.2932 0.1311 0.0224
253 0.6045 0.0751 0.0124 0.2295 0.0787
254 0.0580 0.4089 0.3843 0.1436 0.0051
255 0.0238 0.5557 0.3479 0.0696 0.0030
256 0.0883 0.3411 0.3926 0.1561 0.0221
257 0.0728 0.3235 0.1050 0.3962 0.1025
258 0.1197 0.3279 0.1688 0.3464 0.0371
259 0.1331 0.3118 0.1819 0.3450 0.0283
260 0.0394 0.3003 0.0573 0.5972 0.0059
261 0.1825 0.2344 0.3254 0.2573 0.0002
262 0.4585 0.0259 0.0640 0.4375 0.0142
263 0.3096 0.0400 0.1764 0.4722 0.0017
264 0.3977 0.0097 0.0853 0.5029 0.0045
265 0.3713 0.0135 0.0726 0.5405 0.0022
266 0.0869 0.2554 0.2289 0.4016 0.0273
267 0.0757 0.1888 0.1238 0.5908 0.0207
268 0.0834 0.1659 0.1418 0.5791 0.0297
269 0.1272 0.1071 0.1030 0.6558 0.0069
270 0.1201 0.1102 0.1642 0.6006 0.0050
271 0.1942 0.1525 0.1324 0.5156 0.0049
272 0.1293 0.0748 0.0601 0.7319 0.0037
273 0.0660 0.3796 0.0714 0.4800 0.0030
274 0.0336 0.2922 0.3311 0.3418 0.0013
275 0.0441 0.0492 0.2349 0.6689 0.0027
276 0.1475 0.2196 0.1176 0.5107 0.0048
277 0.5469 0.1543 0.1694 0.0609 0.0685
278 0.3625 0.2019 0.1987 0.1377 0.0991
279 0.1925 0.3076 0.1837 0.2800 0.0359
280 0.1434 0.0323 0.0641 0.7515 0.0090
281 0.1759 0.0647 0.1381 0.6045 0.0168
282 0.4514 0.0468 0.1635 0.3276 0.0105
283 0.0908 0.0091 0.1697 0.7256 0.0049
284 0.0643 0.3264 0.5137 0.0935 0.0024
285 0.0772 0.6411 0.2491 0.0302 0.0022
286 0.0786 0.3870 0.4351 0.0941 0.0053
287 0.1315 0.4080 0.2534 0.1769 0.0305
288 0.1037 0.2336 0.3508 0.3000 0.0120
289 0.0663 0.3813 0.3813 0.1565 0.0146
290 0.0775 0.4429 0.3140 0.1426 0.0231
291 0.1083 0.3723 0.4285 0.0870 0.0039
292 0.0667 0.3987 0.4243 0.1048 0.0054
293 0.1121 0.1461 0.2013 0.5264 0.0144
294 0.2321 0.2451 0.1407 0.3594 0.0228
295 0.0918 0.2942 0.4414 0.1467 0.0259
296 0.1082 0.2401 0.2896 0.3083 0.0536
297 0.1587 0.1274 0.1422 0.4812 0.0904
