time exciting_prob fearful_prob tense_prob sad_prob relaxing_prob
0 0.1039 0.0137 0.1941 0.6670 0.0216
1 0.0934 0.0363 0.3931 0.4456 0.0318
2 0.1230 0.0311 0.2998 0.5098 0.0361
3 0.3320 0.0619 0.1907 0.3821 0.0334
4 0.1649 0.0661 0.3330 0.4016 0.0343
5 0.1864 0.0307 0.2932 0.4473 0.0423
6 0.2795 0.0873 0.2128 0.3943 0.0260
7 0.4338 0.0766 0.2800 0.1781 0.0314
8 0.4172 0.0902 0.2378 0.2034 0.0514
9 0.3223 0.0635 0.3828 0.2048 0.0267
10 0.2795 0.0701 0.2710 0.3533 0.0262
11 0.1071 0.1793 0.4875 0.1940 0.0322
12 0.5098 0.0950 0.2484 0.0988 0.0482
13 0.1442 0.0748 0.3250 0.3921 0.0640
14 0.3081 0.2307 0.3384 0.0621 0.0607
15 0.2021 0.0883 0.3281 0.3083 0.0732
16 0.2739 0.0495 0.2494 0.3745 0.0527
17 0.4001 0.1044 0.1694 0.2793 0.0467
18 0.2617 0.0641 0.4521 0.1689 0.0532
19 0.1115 0.0939 0.5156 0.2512 0.0275
20 0.0883 0.0688 0.4346 0.3958 0.0127
21 0.1135 0.0805 0.2898 0.4929 0.0232
22 0.2556 0.1126 0.2681 0.3181 0.0455
23 0.1034 0.0793 0.2683 0.4563 0.0927
24 0.1240 0.1484 0.2390 0.4329 0.0559
25 0.1338 0.1719 0.3418 0.3210 0.0316
26 0.1259 0.3188 0.3816 0.1268 0.0467
27 0.1176 0.5229 0.2469 0.0881 0.0245
28 0.0524 0.4153 0.4856 0.0434 0.0033
29 0.0488 0.0575 0.1389 0.7510 0.0038
30 0.2340 0.1823 0.5190 0.0547 0.0098
31 0.1125 0.0850 0.3308 0.4453 0.0263
32 0.1505 0.2600 0.4563 0.1229 0.0102
33 0.1393 0.1393 0.4424 0.2332 0.0459
34 0.1873 0.1267 0.4092 0.2295 0.0474
35 0.0824 0.1390 0.4285 0.0647 0.2854
36 0.2223 0.0622 0.2366 0.4490 0.0301
37 0.0748 0.1971 0.5884 0.0404 0.0991
38 0.3108 0.0540 0.2742 0.2537 0.1074
39 0.1418 0.0960 0.2197 0.4727 0.0697
40 0.1500 0.2474 0.3276 0.2218 0.0531
41 0.3171 0.0660 0.1063 0.5068 0.0038
42 0.2766 0.3037 0.0884 0.3284 0.0029
43 0.0439 0.0777 0.2627 0.6108 0.0047
44 0.5005 0.1469 0.2153 0.0897 0.0477
45 0.4138 0.0645 0.2413 0.2413 0.0391
46 0.0206 0.1168 0.6929 0.1647 0.0049
47 0.2175 0.0409 0.7134 0.0254 0.0029
48 0.0243 0.1687 0.6172 0.1853 0.0043
49 0.0307 0.2549 0.5234 0.1865 0.0046
50 0.0989 0.0358 0.4231 0.3508 0.0915
51 0.0773 0.1125 0.4312 0.1255 0.2534
52 0.4219 0.1481 0.2224 0.1692 0.0383
53 0.4688 0.2017 0.2629 0.0219 0.0446
54 0.1908 0.1122 0.5107 0.1440 0.0422
55 0.0914 0.0438 0.1964 0.3394 0.3289
56 0.4812 0.1357 0.2152 0.1368 0.0310
57 0.3823 0.0894 0.1877 0.2820 0.0586
58 0.3738 0.0847 0.4800 0.0446 0.0171
59 0.2544 0.0813 0.3066 0.3164 0.0412
60 0.0329 0.0983 0.1522 0.0953 0.6211
61 0.0798 0.0338 0.1611 0.7109 0.0145
62 0.1003 0.1459 0.2295 0.5171 0.0070
63 0.0498 0.1141 0.1660 0.1823 0.4878
64 0.1293 0.2396 0.4548 0.1323 0.0440
65 0.1663 0.0473 0.4663 0.2742 0.0458
66 0.0999 0.0655 0.5229 0.3027 0.0089
67 0.5527 0.1881 0.1597 0.0671 0.0324
68 0.1161 0.0395 0.3691 0.4385 0.0368
69 0.0703 0.0267 0.3516 0.5039 0.0476
70 0.5068 0.0765 0.1752 0.1765 0.0649
71 0.5278 0.1674 0.1942 0.0737 0.0368
72 0.3916 0.1396 0.3511 0.0596 0.0582
73 0.4304 0.0526 0.4800 0.0356 0.0013
74 0.0136 0.0215 0.1196 0.6572 0.1882
75 0.0725 0.1713 0.5195 0.2065 0.0302
76 0.1774 0.0740 0.6099 0.1128 0.0262
77 0.2996 0.1191 0.4785 0.0554 0.0474
78 0.2148 0.1168 0.5752 0.0703 0.0228
79 0.1157 0.1462 0.6973 0.0246 0.0161
80 0.1161 0.0890 0.6377 0.1337 0.0238
81 0.2124 0.1980 0.5425 0.0402 0.0072
82 0.1570 0.1407 0.6606 0.0382 0.0034
83 0.0354 0.0492 0.9136 0.0017 0.0003
84 0.2140 0.2462 0.4602 0.0734 0.0063
85 0.1069 0.1876 0.6753 0.0266 0.0035
86 0.2208 0.1720 0.5054 0.0964 0.0054
87 0.1171 0.1704 0.5415 0.1652 0.0056
88 0.1296 0.2040 0.4595 0.2040 0.0030
89 0.0640 0.2913 0.4954 0.1365 0.0131
90 0.0806 0.1746 0.5635 0.1589 0.0222
91 0.0840 0.1633 0.5356 0.2097 0.0076
92 0.3088 0.1680 0.4495 0.0679 0.0058
93 0.0856 0.2917 0.4888 0.0536 0.0804
94 0.2759 0.0443 0.2115 0.3953 0.0731
95 0.1028 0.0852 0.4829 0.3167 0.0124
96 0.0402 0.1145 0.6094 0.1918 0.0442
97 0.0325 0.0495 0.8379 0.0792 0.0009
98 0.0626 0.0836 0.7749 0.0773 0.0018
99 0.1118 0.0571 0.6138 0.2024 0.0148
100 0.4790 0.0845 0.1681 0.2175 0.0509
101 0.1705 0.0264 0.1298 0.6436 0.0296
102 0.0620 0.2375 0.6162 0.0731 0.0111
103 0.2456 0.0656 0.2495 0.4114 0.0280
104 0.2566 0.0701 0.2566 0.2646 0.1520
105 0.1010 0.1918 0.4058 0.2747 0.0268
106 0.0812 0.1110 0.5215 0.2747 0.0118
107 0.1190 0.0528 0.2404 0.5591 0.0289
108 0.1603 0.1654 0.5259 0.1329 0.0157
109 0.0964 0.1470 0.4973 0.2349 0.0244
110 0.1650 0.2327 0.4556 0.1305 0.0161
111 0.0362 0.0630 0.1537 0.2739 0.4731
112 0.1002 0.0662 0.6738 0.1306 0.0291
113 0.0222 0.0371 0.1144 0.7695 0.0566
114 0.0546 0.1270 0.7197 0.0814 0.0175
115 0.0384 0.0851 0.6904 0.1719 0.0143
116 0.1812 0.1048 0.5239 0.1840 0.0060
117 0.0521 0.1921 0.7026 0.0501 0.0029
118 0.0631 0.0565 0.4885 0.3630 0.0287
119 0.2788 0.0722 0.2969 0.2922 0.0598
120 0.0657 0.3159 0.5010 0.1042 0.0134
121 0.1576 0.0716 0.5947 0.1691 0.0070
122 0.4170 0.1909 0.3567 0.0211 0.0145
123 0.1771 0.0662 0.3633 0.3691 0.0243
124 0.0572 0.0942 0.6143 0.2261 0.0080
125 0.0332 0.1334 0.6465 0.1713 0.0157
126 0.1858 0.2725 0.4563 0.0762 0.0092
127 0.0251 0.0415 0.2041 0.7124 0.0170
128 0.0715 0.2054 0.6631 0.0575 0.0026
129 0.1515 0.0386 0.1718 0.6182 0.0197
130 0.1753 0.1263 0.4917 0.1866 0.0200
131 0.0289 0.0750 0.6089 0.2788 0.0086
132 0.0310 0.0898 0.4631 0.4087 0.0073
133 0.2040 0.1317 0.2832 0.3694 0.0117
134 0.2561 0.1787 0.2812 0.2443 0.0399
135 0.1390 0.1704 0.2087 0.4487 0.0330
136 0.1467 0.4810 0.3105 0.0362 0.0255
137 0.2141 0.3420 0.2502 0.1642 0.0294
138 0.1566 0.2581 0.1919 0.3584 0.0349
139 0.1431 0.2395 0.2147 0.3828 0.0200
140 0.1201 0.0729 0.7134 0.0907 0.0032
141 0.1190 0.0608 0.7285 0.0884 0.0031
142 0.1388 0.0458 0.6831 0.1284 0.0038
143 0.0288 0.0696 0.1697 0.6304 0.1013
144 0.1278 0.2141 0.5464 0.0663 0.0452
145 0.5054 0.1692 0.2090 0.0745 0.0421
146 0.0657 0.1117 0.3606 0.4417 0.0203
147 0.1318 0.1830 0.4746 0.2009 0.0098
148 0.2222 0.1814 0.5332 0.0566 0.0069
149 0.1081 0.0503 0.1598 0.6724 0.0094
150 0.1786 0.0313 0.2681 0.5010 0.0213
151 0.2878 0.0643 0.2026 0.3936 0.0516
152 0.0497 0.0258 0.6143 0.3088 0.0012
153 0.3872 0.0805 0.2661 0.2559 0.0105
154 0.1007 0.1196 0.7441 0.0322 0.0033
155 0.5547 0.1093 0.1181 0.1787 0.0392
156 0.0848 0.1941 0.4656 0.2532 0.0025
157 0.1196 0.1661 0.6367 0.0749 0.0025
158 0.0849 0.1586 0.2656 0.4807 0.0102
159 0.0722 0.1248 0.2330 0.1209 0.4492
160 0.0643 0.1404 0.2389 0.0740 0.4824
161 0.0445 0.0637 0.1731 0.0756 0.6431
162 0.0658 0.0865 0.2042 0.1219 0.5215
163 0.0957 0.0155 0.0928 0.7769 0.0191
164 0.1008 0.0162 0.1073 0.7568 0.0190
165 0.1489 0.0401 0.1196 0.6572 0.0343
166 0.0318 0.0700 0.2261 0.1707 0.5015
167 0.0573 0.0989 0.6655 0.1556 0.0228
168 0.1008 0.0167 0.7935 0.0836 0.0056
169 0.2435 0.0790 0.6221 0.0511 0.0044
170 0.2632 0.1621 0.4619 0.0946 0.0181
171 0.0880 0.1532 0.6865 0.0707 0.0014
172 0.5181 0.0490 0.2998 0.1174 0.0156
173 0.0477 0.2808 0.4150 0.2440 0.0125
174 0.0299 0.1028 0.0664 0.7964 0.0042
175 0.0640 0.1039 0.6670 0.1512 0.0136
176 0.0344 0.1109 0.6089 0.2422 0.0036
177 0.0445 0.0431 0.2722 0.6333 0.0069
178 0.1547 0.0413 0.1808 0.6021 0.0213
179 0.0615 0.0742 0.6304 0.2284 0.0054
180 0.0803 0.3328 0.5400 0.0423 0.0044
181 0.1707 0.0674 0.6147 0.1438 0.0034
182 0.2469 0.0471 0.2979 0.3826 0.0254
183 0.0551 0.2113 0.6211 0.0999 0.0125
184 0.1328 0.1393 0.6641 0.0529 0.0107
185 0.0874 0.0569 0.7607 0.0629 0.0319
186 0.1309 0.0256 0.7891 0.0308 0.0235
187 0.2676 0.0544 0.4919 0.1283 0.0579
188 0.1283 0.0171 0.7861 0.0483 0.0203
189 0.2004 0.0374 0.7163 0.0216 0.0243
190 0.0963 0.1855 0.6182 0.0978 0.0024
191 0.1030 0.2233 0.5703 0.0991 0.0046
192 0.1989 0.1675 0.4551 0.1675 0.0110
193 0.0861 0.3596 0.3596 0.1781 0.0164
194 0.0917 0.1000 0.7217 0.0842 0.0026
195 0.2952 0.1129 0.3850 0.1416 0.0654
196 0.0540 0.1564 0.7007 0.0856 0.0034
197 0.2793 0.0459 0.4126 0.2261 0.0361
198 0.3472 0.0405 0.3755 0.1653 0.0717
199 0.2666 0.0576 0.4033 0.2334 0.0393
200 0.0426 0.0930 0.2568 0.4104 0.1970
201 0.1572 0.0468 0.2115 0.5571 0.0273
202 0.1569 0.0464 0.2795 0.4985 0.0186
203 0.0605 0.0319 0.2432 0.6611 0.0035
204 0.1489 0.2100 0.2306 0.3201 0.0903
205 0.0333 0.1626 0.3284 0.4705 0.0052
206 0.0485 0.1338 0.2206 0.5903 0.0067
207 0.0773 0.1276 0.5205 0.2700 0.0046
208 0.0677 0.1901 0.4631 0.2681 0.0111
209 0.2279 0.2749 0.2389 0.2502 0.0079
210 0.0701 0.3020 0.3477 0.2646 0.0155
211 0.1137 0.1578 0.6646 0.0618 0.0021
212 0.0924 0.1366 0.6826 0.0766 0.0116
213 0.2386 0.2139 0.3755 0.1615 0.0107
214 0.1818 0.3477 0.3115 0.1483 0.0107
215 0.1240 0.1472 0.6494 0.0613 0.0181
216 0.0450 0.0790 0.5659 0.3079 0.0021
217 0.0576 0.1277 0.7583 0.0533 0.0031
218 0.0956 0.2460 0.3259 0.3259 0.0066
219 0.0932 0.3411 0.2805 0.2698 0.0155
220 0.2678 0.2438 0.2020 0.2438 0.0427
221 0.0754 0.1187 0.2252 0.5752 0.0055
222 0.1462 0.1086 0.7310 0.0134 0.0007
223 0.1641 0.2278 0.4224 0.1506 0.0352
224 0.0576 0.0355 0.2043 0.6807 0.0219
225 0.4004 0.1321 0.2952 0.1230 0.0493
226 0.1251 0.0915 0.4231 0.3508 0.0096
227 0.0957 0.1415 0.3262 0.4324 0.0043
228 0.3120 0.0840 0.2607 0.2649 0.0783
229 0.1814 0.2366 0.4456 0.1287 0.0078
230 0.0980 0.1748 0.5820 0.1340 0.0113
231 0.0242 0.0558 0.1993 0.7183 0.0026
232 0.0653 0.1138 0.4395 0.3760 0.0056
233 0.1394 0.3142 0.4163 0.1221 0.0080
234 0.1465 0.1713 0.5112 0.1187 0.0522
235 0.1350 0.0653 0.3848 0.3728 0.0421
236 0.3169 0.0670 0.2627 0.2246 0.1290
237 0.0900 0.0609 0.5684 0.2563 0.0244
238 0.0566 0.2137 0.4597 0.2661 0.0038
239 0.2140 0.0220 0.7236 0.0272 0.0131
240 0.3293 0.0776 0.3645 0.1670 0.0614
241 0.0726 0.2917 0.5625 0.0704 0.0029
242 0.0508 0.1859 0.2622 0.4976 0.0033
243 0.2859 0.1654 0.4192 0.0942 0.0355
244 0.4165 0.1462 0.3269 0.0859 0.0242
245 0.5396 0.2213 0.1793 0.0348 0.0252
246 0.0584 0.2404 0.6431 0.0558 0.0021
247 0.0589 0.0399 0.1678 0.7290 0.0044
248 0.1180 0.2136 0.5454 0.1152 0.0078
249 0.0939 0.1409 0.6514 0.1039 0.0098
250 0.3359 0.2070 0.3013 0.1091 0.0466
251 0.1315 0.0903 0.3862 0.3628 0.0291
252 0.0533 0.0658 0.3477 0.5220 0.0114
253 0.1654 0.0825 0.4822 0.2502 0.0197
254 0.2220 0.0515 0.2037 0.4773 0.0454
255 0.1206 0.1206 0.4482 0.2986 0.0121
256 0.1558 0.1271 0.3621 0.3455 0.0095
257 0.2908 0.0839 0.3850 0.1877 0.0525
258 0.0898 0.1171 0.5674 0.1901 0.0357
259 0.1141 0.1178 0.6172 0.1313 0.0195
260 0.2173 0.1075 0.2993 0.3364 0.0396
261 0.3320 0.2585 0.2861 0.0839 0.0393
262 0.1505 0.0618 0.4158 0.3445 0.0274
263 0.0341 0.0503 0.1813 0.6226 0.1116
264 0.0251 0.0399 0.0769 0.7407 0.1172
265 0.2639 0.0744 0.5947 0.0589 0.0082
266 0.0260 0.2231 0.5791 0.1633 0.0087
267 0.0373 0.2358 0.4766 0.2181 0.0322
268 0.0356 0.1061 0.8477 0.0103 0.0004
269 0.3506 0.0624 0.3142 0.1952 0.0776
270 0.1722 0.3506 0.3506 0.1212 0.0051
271 0.1671 0.1223 0.4009 0.2979 0.0118
272 0.1421 0.1741 0.6079 0.0709 0.0051
273 0.3396 0.3560 0.1818 0.1202 0.0024
274 0.3057 0.0317 0.1797 0.4246 0.0583
275 0.0524 0.0919 0.5205 0.3208 0.0142
276 0.2312 0.3040 0.3062 0.1277 0.0310
277 0.0579 0.0535 0.5239 0.3601 0.0044
278 0.1714 0.0704 0.2343 0.4734 0.0507
279 0.2454 0.2651 0.2825 0.1925 0.0145
280 0.4795 0.1070 0.2627 0.1113 0.0394
281 0.2205 0.3259 0.4119 0.0188 0.0231
282 0.1422 0.1478 0.4082 0.2849 0.0170
283 0.1805 0.3645 0.3589 0.0551 0.0409
284 0.0584 0.0492 0.6685 0.2205 0.0036
285 0.0988 0.2369 0.4712 0.1788 0.0145
286 0.2035 0.0660 0.2915 0.4241 0.0151
287 0.1725 0.1780 0.5312 0.1140 0.0044
288 0.1771 0.2311 0.3159 0.2700 0.0058
289 0.0989 0.0873 0.4792 0.3093 0.0254
290 0.0388 0.0514 0.8691 0.0382 0.0027
291 0.3936 0.1404 0.3640 0.0928 0.0094
292 0.1145 0.1219 0.7017 0.0590 0.0031
293 0.1622 0.1560 0.6621 0.0171 0.0028
294 0.2264 0.0391 0.3914 0.2264 0.1166
295 0.1116 0.4624 0.3894 0.0249 0.0118
296 0.0500 0.0684 0.4121 0.4600 0.0095
297 0.0698 0.0917 0.5620 0.2698 0.0066
298 0.4077 0.1224 0.2217 0.2183 0.0298
299 0.5000 0.0636 0.1959 0.2069 0.0335
300 0.1146 0.1318 0.5815 0.1680 0.0040
301 0.2090 0.2834 0.4321 0.0717 0.0038
302 0.0963 0.2401 0.3777 0.2808 0.0053
303 0.0558 0.0987 0.3784 0.4636 0.0035
304 0.0336 0.0449 0.2191 0.6963 0.0060
305 0.1335 0.0767 0.3630 0.4246 0.0020
306 0.0413 0.1123 0.4512 0.3513 0.0440
307 0.0688 0.0710 0.6528 0.2054 0.0016
308 0.1949 0.1790 0.5869 0.0361 0.0033
309 0.0856 0.1743 0.5986 0.1400 0.0013
310 0.0993 0.0282 0.3306 0.5366 0.0051
311 0.0840 0.2319 0.6709 0.0124 0.0007
312 0.0531 0.1115 0.4551 0.3772 0.0030
313 0.0575 0.2308 0.4346 0.2700 0.0071
314 0.0947 0.3862 0.1636 0.3152 0.0404
315 0.1742 0.2805 0.0682 0.4663 0.0106
316 0.0471 0.1935 0.0706 0.6753 0.0133
317 0.1334 0.1234 0.1796 0.5527 0.0108
318 0.0600 0.1416 0.1174 0.6548 0.0262
319 0.1967 0.2335 0.3142 0.2408 0.0148
320 0.0617 0.1503 0.1600 0.5942 0.0335
321 0.0903 0.2869 0.4514 0.1610 0.0104
322 0.1294 0.0450 0.2825 0.5278 0.0153
323 0.3999 0.2278 0.2157 0.1060 0.0508
324 0.0580 0.1074 0.3992 0.4316 0.0039
325 0.1490 0.2239 0.4053 0.2007 0.0211
326 0.1123 0.1659 0.6665 0.0526 0.0025
327 0.0421 0.0441 0.8853 0.0263 0.0022
328 0.0360 0.0623 0.3726 0.5254 0.0037
329 0.1018 0.1154 0.3723 0.3843 0.0262
330 0.0596 0.1487 0.4441 0.3406 0.0071
331 0.1135 0.0857 0.5854 0.1307 0.0844
332 0.1677 0.0927 0.4932 0.2087 0.0377
333 0.0991 0.0514 0.1234 0.7100 0.0162
334 0.0874 0.0591 0.8164 0.0359 0.0009
335 0.2086 0.1099 0.4927 0.1826 0.0062
336 0.1020 0.1174 0.6006 0.1617 0.0181
337 0.0467 0.0481 0.8467 0.0554 0.0031
338 0.0920 0.0787 0.3994 0.4253 0.0046
339 0.0795 0.1021 0.5352 0.2776 0.0059
340 0.0240 0.0663 0.1589 0.7466 0.0043
341 0.2378 0.1355 0.2131 0.3682 0.0454
342 0.2281 0.2467 0.2710 0.1892 0.0649
343 0.2563 0.2335 0.2228 0.2159 0.0712
344 0.1714 0.2455 0.3628 0.2133 0.0070
345 0.0709 0.0883 0.6323 0.1959 0.0125
346 0.0903 0.1687 0.1015 0.6367 0.0028
347 0.0798 0.0862 0.0631 0.7686 0.0021
348 0.1509 0.0284 0.2128 0.5781 0.0297
349 0.0687 0.2362 0.5576 0.1064 0.0310
350 0.0622 0.1469 0.7344 0.0396 0.0169
351 0.1069 0.0609 0.7310 0.0974 0.0038
352 0.0249 0.0637 0.1575 0.7397 0.0142
353 0.0688 0.1083 0.0941 0.7173 0.0117
354 0.0599 0.0352 0.3906 0.5098 0.0045
355 0.0417 0.0743 0.2397 0.6416 0.0028
356 0.1071 0.0881 0.7261 0.0765 0.0022
357 0.1351 0.1616 0.5557 0.1329 0.0147
358 0.1215 0.1215 0.5664 0.1868 0.0038
359 0.1261 0.2014 0.6504 0.0207 0.0014
360 0.0866 0.1321 0.5830 0.1923 0.0062
361 0.2008 0.1403 0.1296 0.4744 0.0549
362 0.2037 0.2830 0.2496 0.2310 0.0327
363 0.2037 0.2830 0.2496 0.2310 0.0327
364 0.2700 0.4382 0.0993 0.0338 0.1587
365 0.4048 0.2915 0.0961 0.0194 0.1882
366 0.4023 0.2944 0.0971 0.0190 0.1871
367 0.4023 0.2944 0.0971 0.0188 0.1871
368 0.3550 0.3550 0.0941 0.0229 0.1730
