time exciting_prob fearful_prob tense_prob sad_prob relaxing_prob
0 0.2037 0.2830 0.2496 0.2310 0.0327
1 0.2573 0.0417 0.5117 0.0836 0.1056
2 0.3481 0.0339 0.5063 0.0112 0.1005
3 0.1265 0.0346 0.0829 0.0106 0.7451
4 0.2238 0.1082 0.0465 0.0368 0.5850
5 0.4744 0.0435 0.0762 0.0477 0.3582
6 0.4485 0.0662 0.0761 0.1057 0.3035
7 0.2788 0.0448 0.1588 0.3752 0.1423
8 0.0798 0.0230 0.6733 0.0451 0.1785
9 0.1595 0.0530 0.2888 0.1333 0.3652
10 0.4219 0.0780 0.1843 0.1359 0.1801
11 0.3240 0.1192 0.1506 0.1904 0.2158
12 0.0790 0.0181 0.0569 0.2050 0.6411
13 0.1095 0.0183 0.0685 0.1833 0.6201
14 0.0927 0.0125 0.3337 0.0363 0.5249
15 0.0750 0.0593 0.5044 0.0249 0.3362
16 0.0647 0.0438 0.1962 0.0320 0.6636
17 0.0953 0.1283 0.5234 0.0574 0.1956
18 0.1448 0.1339 0.3472 0.0995 0.2747
19 0.1165 0.0734 0.1240 0.0266 0.6597
20 0.1447 0.0554 0.0488 0.0048 0.7461
21 0.0585 0.0159 0.0355 0.0435 0.8467
22 0.0632 0.0166 0.0242 0.0234 0.8726
23 0.1108 0.0593 0.0773 0.1444 0.6084
24 0.2725 0.0912 0.1528 0.0871 0.3965
25 0.2751 0.1212 0.1331 0.0412 0.4294
26 0.3237 0.1076 0.1874 0.0421 0.3394
27 0.0605 0.0167 0.1321 0.0654 0.7256
28 0.0388 0.0327 0.0543 0.0385 0.8359
29 0.1185 0.0410 0.7490 0.0213 0.0702
30 0.2234 0.1686 0.1523 0.0351 0.4207
31 0.2390 0.1567 0.0788 0.0235 0.5020
32 0.0552 0.0151 0.0607 0.0049 0.8643
33 0.2052 0.0597 0.0791 0.3179 0.3384
34 0.2456 0.0977 0.1024 0.1235 0.4309
35 0.2776 0.0564 0.3853 0.0321 0.2488
36 0.2437 0.0816 0.2495 0.1024 0.3228
37 0.3550 0.1049 0.0786 0.0779 0.3838
38 0.0203 0.0161 0.0665 0.0206 0.8765
39 0.1225 0.0535 0.0773 0.0417 0.7051
40 0.1604 0.1146 0.0928 0.0123 0.6196
41 0.0345 0.0368 0.0626 0.0552 0.8110
42 0.2937 0.0754 0.2115 0.3599 0.0597
43 0.4517 0.0417 0.2201 0.0523 0.2343
44 0.2336 0.2954 0.4199 0.0092 0.0419
45 0.1471 0.1666 0.1102 0.0706 0.5054
46 0.2107 0.0384 0.0572 0.1299 0.5640
47 0.1542 0.0533 0.2666 0.3877 0.1383
48 0.5493 0.0732 0.1265 0.0583 0.1927
49 0.5186 0.0649 0.0771 0.0043 0.3350
50 0.1969 0.0153 0.6504 0.0206 0.1166
51 0.1857 0.2499 0.2479 0.0627 0.2539
52 0.0557 0.1025 0.6177 0.2135 0.0104
53 0.1478 0.2893 0.1549 0.1000 0.3081
54 0.1644 0.2487 0.1078 0.0288 0.4504
55 0.1461 0.1060 0.6753 0.0131 0.0595
56 0.2834 0.1414 0.1257 0.1705 0.2791
57 0.1160 0.0822 0.2739 0.4446 0.0835
58 0.3430 0.3708 0.0952 0.0327 0.1582
59 0.0933 0.0918 0.0531 0.0511 0.7109
60 0.0407 0.0218 0.0641 0.0293 0.8442
61 0.3689 0.1108 0.2617 0.0240 0.2346
62 0.3081 0.0955 0.4963 0.0245 0.0755
63 0.0467 0.0304 0.0859 0.0214 0.8154
64 0.3000 0.4758 0.1475 0.0176 0.0591
65 0.0863 0.0532 0.0536 0.1490 0.6577
66 0.0486 0.0319 0.0382 0.1022 0.7793
67 0.4666 0.0843 0.1930 0.0124 0.2439
68 0.2751 0.2126 0.1631 0.0222 0.3269
69 0.1271 0.0522 0.1558 0.1213 0.5435
70 0.0451 0.0133 0.0395 0.0171 0.8848
71 0.1953 0.2469 0.4333 0.0509 0.0735
72 0.1989 0.1000 0.0661 0.0030 0.6318
73 0.3015 0.0781 0.3162 0.0210 0.2832
74 0.0131 0.0121 0.0237 0.0394 0.9116
75 0.2903 0.0590 0.0781 0.3394 0.2333
76 0.1359 0.0780 0.1033 0.3440 0.3389
77 0.1641 0.0360 0.0481 0.4976 0.2542
78 0.2422 0.0934 0.0745 0.0399 0.5503
79 0.2455 0.1254 0.2803 0.1987 0.1500
80 0.1716 0.1295 0.0836 0.0948 0.5205
81 0.1554 0.2881 0.2522 0.1003 0.2042
82 0.3535 0.2078 0.2247 0.0062 0.2078
83 0.2649 0.0691 0.1070 0.1087 0.4504
84 0.1909 0.0436 0.0364 0.0834 0.6455
85 0.1854 0.0641 0.1599 0.1854 0.4050
86 0.1173 0.0764 0.1554 0.2603 0.3906
87 0.1501 0.1235 0.5757 0.0836 0.0671
88 0.0792 0.0805 0.2479 0.5166 0.0756
89 0.2109 0.1383 0.5303 0.0800 0.0406
90 0.1788 0.0995 0.6343 0.0279 0.0594
91 0.2423 0.1459 0.2041 0.0892 0.3186
92 0.0305 0.0368 0.6836 0.0535 0.1958
93 0.1315 0.1178 0.4309 0.0503 0.2695
94 0.2357 0.2712 0.2357 0.1865 0.0708
95 0.1769 0.1825 0.5449 0.0300 0.0656
96 0.1733 0.0580 0.0463 0.0684 0.6538
97 0.1180 0.1126 0.0811 0.0092 0.6792
98 0.2194 0.0944 0.1555 0.2263 0.3044
99 0.3337 0.1248 0.1918 0.0751 0.2747
100 0.4009 0.1140 0.3223 0.0742 0.0887
101 0.5547 0.0500 0.2025 0.0182 0.1746
102 0.2654 0.1454 0.3801 0.0117 0.1973
103 0.1366 0.1387 0.1523 0.1647 0.4077
104 0.3528 0.1830 0.1888 0.0026 0.2727
105 0.2184 0.3491 0.1512 0.0469 0.2344
106 0.4214 0.1074 0.1346 0.1945 0.1422
107 0.2433 0.3198 0.2065 0.1808 0.0494
108 0.3848 0.2544 0.1416 0.0180 0.2012
109 0.4067 0.1763 0.2144 0.0192 0.1833
110 0.2957 0.2339 0.2339 0.0615 0.1752
111 0.1204 0.2002 0.2472 0.0670 0.3652
112 0.1559 0.0703 0.0258 0.0104 0.7378
113 0.1127 0.0488 0.0721 0.0085 0.7578
114 0.1620 0.0514 0.2285 0.0100 0.5479
115 0.0931 0.0854 0.0923 0.0522 0.6768
116 0.1652 0.1257 0.3933 0.1481 0.1678
117 0.3525 0.0558 0.5332 0.0299 0.0285
118 0.3538 0.1113 0.2374 0.0620 0.2356
119 0.1293 0.0518 0.0543 0.0203 0.7441
120 0.2563 0.0879 0.0914 0.0173 0.5469
121 0.1307 0.2313 0.3472 0.1267 0.1641
122 0.1760 0.0825 0.0435 0.0074 0.6904
123 0.3076 0.2490 0.0945 0.0111 0.3376
124 0.0819 0.0757 0.5098 0.0214 0.3115
125 0.1420 0.1740 0.2415 0.3250 0.1177
126 0.3289 0.1229 0.4424 0.0194 0.0864
127 0.3318 0.1831 0.1201 0.0120 0.3530
128 0.3469 0.0603 0.2072 0.1237 0.2620
129 0.3066 0.0567 0.3066 0.0554 0.2749
130 0.1250 0.0581 0.6011 0.0900 0.1260
131 0.2612 0.2341 0.2166 0.0102 0.2781
132 0.2437 0.0640 0.2717 0.0374 0.3833
133 0.3684 0.0954 0.2271 0.0785 0.2306
134 0.3496 0.1135 0.1931 0.0516 0.2922
135 0.2246 0.0237 0.0111 0.0266 0.7139
136 0.3818 0.1669 0.2927 0.0169 0.1416
137 0.3066 0.1268 0.2352 0.0339 0.2974
138 0.1431 0.0874 0.2844 0.4011 0.0840
139 0.2250 0.0828 0.0895 0.2321 0.3708
140 0.2189 0.1228 0.1553 0.0745 0.4287
141 0.2091 0.0832 0.6543 0.0339 0.0196
142 0.1538 0.2053 0.4556 0.0484 0.1368
143 0.0928 0.0154 0.1136 0.0928 0.6855
144 0.0742 0.0089 0.0654 0.0543 0.7974
145 0.0745 0.0142 0.0380 0.0346 0.8389
146 0.2852 0.0863 0.1785 0.4348 0.0155
147 0.0927 0.0292 0.0392 0.0504 0.7886
148 0.3394 0.1309 0.2749 0.0390 0.2158
149 0.1538 0.0883 0.0612 0.0232 0.6733
150 0.4355 0.1666 0.0987 0.0136 0.2856
151 0.1111 0.0770 0.0788 0.1372 0.5962
152 0.1932 0.1371 0.2769 0.3501 0.0428
153 0.3054 0.1283 0.1713 0.0875 0.3076
154 0.2421 0.2966 0.2966 0.0145 0.1503
155 0.0912 0.0155 0.0844 0.0688 0.7402
156 0.2294 0.0837 0.0956 0.0824 0.5088
157 0.0858 0.0217 0.1288 0.1393 0.6245
158 0.2622 0.0360 0.2074 0.4673 0.0270
159 0.0315 0.0677 0.3181 0.0496 0.5327
160 0.2715 0.0967 0.0697 0.0182 0.5439
161 0.1714 0.1040 0.3008 0.2036 0.2201
162 0.2949 0.0942 0.1578 0.1628 0.2903
163 0.0497 0.0648 0.0886 0.0782 0.7188
164 0.0588 0.0721 0.0883 0.0755 0.7056
165 0.4585 0.0991 0.1106 0.0067 0.3252
166 0.0539 0.0932 0.0848 0.0903 0.6777
167 0.0974 0.0833 0.0770 0.0770 0.6655
168 0.2551 0.2002 0.2305 0.0185 0.2959
169 0.0124 0.0180 0.0381 0.0089 0.9229
170 0.0368 0.0810 0.0440 0.0395 0.7988
171 0.1997 0.1270 0.3616 0.1438 0.1681
172 0.1236 0.1389 0.3333 0.1855 0.2186
173 0.2108 0.0858 0.1566 0.4094 0.1372
174 0.2371 0.2192 0.3020 0.0723 0.1694
175 0.2512 0.1377 0.1987 0.0526 0.3599
176 0.1608 0.0815 0.2590 0.3430 0.1558
177 0.1569 0.0582 0.0638 0.6553 0.0659
178 0.2578 0.1246 0.1296 0.2440 0.2440
179 0.3101 0.1105 0.2822 0.0889 0.2081
180 0.0938 0.0639 0.1671 0.6211 0.0543
181 0.2065 0.1476 0.1753 0.2737 0.1970
182 0.1942 0.1512 0.3201 0.0430 0.2915
183 0.0872 0.0585 0.5776 0.1566 0.1201
184 0.1379 0.0798 0.0876 0.6084 0.0863
185 0.1459 0.1436 0.5815 0.0618 0.0673
186 0.1733 0.2749 0.2542 0.1680 0.1298
187 0.0320 0.0257 0.0700 0.0459 0.8262
188 0.1981 0.1310 0.3821 0.1427 0.1461
189 0.2544 0.2245 0.1803 0.1890 0.1519
190 0.3416 0.1931 0.2120 0.0257 0.2275
191 0.2642 0.2925 0.2834 0.0781 0.0818
192 0.0757 0.0266 0.0723 0.5957 0.2296
193 0.0520 0.1414 0.0858 0.0567 0.6641
194 0.2250 0.3679 0.3376 0.0260 0.0433
195 0.1959 0.1445 0.4148 0.1770 0.0677
196 0.0278 0.0396 0.0110 0.0285 0.8931
197 0.2247 0.1462 0.3508 0.0605 0.2178
198 0.3740 0.0748 0.0888 0.2844 0.1780
199 0.1487 0.1621 0.4763 0.1442 0.0686
200 0.1249 0.5869 0.1085 0.1508 0.0290
201 0.0771 0.0209 0.7373 0.1354 0.0293
202 0.1240 0.0800 0.7534 0.0246 0.0181
203 0.0651 0.0947 0.0917 0.1687 0.5796
204 0.2350 0.2683 0.1459 0.2424 0.1084
205 0.2915 0.1196 0.1782 0.2983 0.1124
206 0.2122 0.2089 0.1392 0.3159 0.1238
207 0.2551 0.1334 0.4045 0.0848 0.1224
208 0.0894 0.0605 0.1342 0.1147 0.6011
209 0.2578 0.1108 0.0811 0.2966 0.2537
210 0.2969 0.2539 0.1932 0.1042 0.1516
211 0.0897 0.1826 0.0715 0.0135 0.6426
212 0.2063 0.1451 0.1021 0.4541 0.0923
213 0.1122 0.0569 0.0959 0.0587 0.6763
214 0.2876 0.0844 0.1306 0.3362 0.1613
215 0.2507 0.1104 0.3508 0.1417 0.1462
216 0.0632 0.0349 0.0258 0.0812 0.7949
217 0.1617 0.0973 0.0966 0.0529 0.5913
218 0.1914 0.0756 0.3467 0.2637 0.1226
219 0.1066 0.1614 0.0941 0.0244 0.6138
220 0.2842 0.2266 0.2196 0.1406 0.1290
221 0.0579 0.0511 0.1326 0.0744 0.6841
222 0.1967 0.1520 0.3789 0.1818 0.0907
223 0.0856 0.0291 0.0856 0.0491 0.7505
224 0.3459 0.2083 0.0889 0.1536 0.2034
225 0.1315 0.1433 0.2871 0.3926 0.0454
226 0.0938 0.0340 0.0258 0.0364 0.8101
227 0.1475 0.0916 0.2213 0.5029 0.0370
228 0.1187 0.2269 0.1244 0.0457 0.4841
229 0.1688 0.1315 0.1284 0.4849 0.0862
230 0.0536 0.0363 0.0830 0.0756 0.7515
231 0.2739 0.0540 0.3804 0.2068 0.0849
232 0.1969 0.0413 0.5605 0.1879 0.0133
233 0.3191 0.0537 0.4294 0.1819 0.0158
234 0.1394 0.0258 0.5176 0.2996 0.0174
