time exciting_prob fearful_prob tense_prob sad_prob relaxing_prob
0 0.1613 0.2137 0.1638 0.4185 0.0428
1 0.2676 0.0237 0.2983 0.3657 0.0447
2 0.1788 0.0146 0.7886 0.0125 0.0054
3 0.1277 0.0062 0.8330 0.0285 0.0046
4 0.1884 0.1032 0.2917 0.3206 0.0962
5 0.2385 0.0306 0.0673 0.6089 0.0545
6 0.1290 0.0659 0.0654 0.7256 0.0143
7 0.2905 0.1174 0.0928 0.4902 0.0089
8 0.3235 0.1786 0.2620 0.1758 0.0603
9 0.2830 0.0173 0.2617 0.4316 0.0062
10 0.3447 0.0812 0.0812 0.4751 0.0177
11 0.1700 0.0650 0.1488 0.5620 0.0543
12 0.1346 0.0682 0.4280 0.3494 0.0199
13 0.1887 0.0415 0.2405 0.4934 0.0357
14 0.3657 0.0185 0.1598 0.4482 0.0078
15 0.4500 0.0865 0.0852 0.3643 0.0141
16 0.5186 0.0486 0.2162 0.1864 0.0300
17 0.3147 0.0248 0.2412 0.3855 0.0337
18 0.1382 0.0533 0.1888 0.5552 0.0648
19 0.2703 0.0452 0.2275 0.2499 0.2072
20 0.0879 0.0403 0.0685 0.7358 0.0674
21 0.3723 0.0489 0.4155 0.1414 0.0220
22 0.3796 0.0446 0.4233 0.1322 0.0201
23 0.2927 0.0497 0.5869 0.0422 0.0285
24 0.1974 0.0371 0.6470 0.1169 0.0016
25 0.3579 0.0276 0.5454 0.0641 0.0049
26 0.1666 0.0177 0.6094 0.2041 0.0022
27 0.1971 0.0635 0.5278 0.2035 0.0081
28 0.2286 0.0479 0.5527 0.1559 0.0146
29 0.2795 0.2281 0.1279 0.2751 0.0894
30 0.4214 0.0925 0.3206 0.1125 0.0531
31 0.1432 0.2083 0.3030 0.3276 0.0179
32 0.0750 0.3105 0.3521 0.1974 0.0651
33 0.1177 0.3828 0.2632 0.1039 0.1323
34 0.0734 0.0628 0.8145 0.0452 0.0043
35 0.2742 0.0836 0.5713 0.0607 0.0101
36 0.1365 0.1194 0.7036 0.0197 0.0208
37 0.1309 0.0921 0.5820 0.1350 0.0599
38 0.1512 0.0548 0.3628 0.2004 0.2307
39 0.1249 0.1174 0.1818 0.5601 0.0158
40 0.1813 0.0349 0.1306 0.3496 0.3037
41 0.1180 0.2832 0.2788 0.1316 0.1886
42 0.2445 0.0648 0.1483 0.4094 0.1329
43 0.3289 0.0576 0.1578 0.4028 0.0529
44 0.2474 0.0417 0.2849 0.3545 0.0715
45 0.1934 0.1155 0.6294 0.0481 0.0138
46 0.1245 0.0773 0.7275 0.0540 0.0167
47 0.0444 0.1187 0.7739 0.0616 0.0012
48 0.3518 0.0298 0.4177 0.1663 0.0343
49 0.2427 0.0668 0.4062 0.2502 0.0339
50 0.2048 0.2214 0.1407 0.3828 0.0502
51 0.2466 0.0690 0.2466 0.3645 0.0735
52 0.0479 0.0464 0.1500 0.4619 0.2937
53 0.0094 0.0036 0.0073 0.0215 0.9580
54 0.0186 0.0238 0.0729 0.0634 0.8213
55 0.0189 0.0307 0.1663 0.0621 0.7222
56 0.2010 0.0885 0.2296 0.4785 0.0023
57 0.0579 0.0210 0.6997 0.1913 0.0303
58 0.0964 0.1436 0.5767 0.1267 0.0567
59 0.2820 0.0505 0.4133 0.0922 0.1619
60 0.0872 0.1248 0.2074 0.5771 0.0035
61 0.0537 0.2045 0.6396 0.0559 0.0463
62 0.1467 0.1245 0.3748 0.2786 0.0756
63 0.0271 0.0635 0.8115 0.0715 0.0263
64 0.0726 0.2235 0.2825 0.3801 0.0414
65 0.1047 0.1882 0.3176 0.3103 0.0791
66 0.1710 0.1570 0.2357 0.4268 0.0095
67 0.0805 0.2189 0.4421 0.2520 0.0066
68 0.1631 0.0400 0.1157 0.4038 0.2776
69 0.1359 0.2499 0.3159 0.1901 0.1083
70 0.0076 0.0983 0.0543 0.8364 0.0033
71 0.0226 0.0594 0.1278 0.7710 0.0194
72 0.0099 0.0268 0.0590 0.8940 0.0100
73 0.0612 0.0612 0.5371 0.3157 0.0247
74 0.0668 0.1109 0.5679 0.2312 0.0234
75 0.0399 0.1299 0.3970 0.4226 0.0105
76 0.1508 0.1279 0.1461 0.4866 0.0886
77 0.2832 0.1493 0.4187 0.0811 0.0678
78 0.6133 0.0365 0.1207 0.0804 0.1490
79 0.1649 0.0113 0.4482 0.3279 0.0476
80 0.3816 0.0369 0.1788 0.1641 0.2388
81 0.5327 0.0856 0.0641 0.1550 0.1625
82 0.4119 0.2598 0.1785 0.1143 0.0357
83 0.3826 0.1096 0.0828 0.2250 0.2001
84 0.4189 0.0474 0.1995 0.0818 0.2522
85 0.2361 0.0174 0.2983 0.3955 0.0527
86 0.2737 0.0583 0.0367 0.4729 0.1584
87 0.6475 0.1368 0.0317 0.1490 0.0349
88 0.2288 0.1064 0.1234 0.4048 0.1366
89 0.4473 0.0209 0.1354 0.2588 0.1375
90 0.4895 0.0336 0.1746 0.1317 0.1705
91 0.2346 0.0202 0.3013 0.3059 0.1379
92 0.3948 0.1570 0.2866 0.0796 0.0821
93 0.4944 0.0718 0.1605 0.0542 0.2194
94 0.1620 0.1570 0.1030 0.0591 0.5190
95 0.1729 0.0216 0.1433 0.1624 0.5000
96 0.1642 0.0701 0.1129 0.2465 0.4065
97 0.2883 0.0490 0.1174 0.2930 0.2524
98 0.0609 0.0758 0.0406 0.0572 0.7656
99 0.1340 0.0643 0.2505 0.2142 0.3369
100 0.0688 0.0544 0.1757 0.6948 0.0063
101 0.1111 0.0425 0.3066 0.5298 0.0098
102 0.2056 0.1901 0.0844 0.4780 0.0421
103 0.1581 0.1892 0.1833 0.4197 0.0497
104 0.2246 0.0922 0.2646 0.3762 0.0425
105 0.0441 0.1110 0.4529 0.3638 0.0283
106 0.0754 0.0645 0.1263 0.7153 0.0183
107 0.0605 0.1711 0.0975 0.6558 0.0151
108 0.0484 0.1073 0.0737 0.7627 0.0080
109 0.0353 0.0703 0.7500 0.1234 0.0211
110 0.0333 0.0411 0.5327 0.3721 0.0207
111 0.0764 0.0853 0.0624 0.7598 0.0161
112 0.0887 0.1037 0.0807 0.7090 0.0180
113 0.0729 0.0814 0.0564 0.7778 0.0115
114 0.2532 0.0398 0.1465 0.3572 0.2035
115 0.0281 0.0283 0.2192 0.6968 0.0276
116 0.0900 0.0654 0.6055 0.1920 0.0471
117 0.1230 0.0572 0.2563 0.1965 0.3672
118 0.1727 0.0332 0.1345 0.4343 0.2253
119 0.2612 0.1824 0.4272 0.0822 0.0468
120 0.3167 0.0572 0.1592 0.2045 0.2625
121 0.1519 0.1094 0.2297 0.3879 0.1211
122 0.2615 0.0104 0.1826 0.5366 0.0088
123 0.0982 0.0235 0.4575 0.3823 0.0385
124 0.0923 0.0573 0.1167 0.7261 0.0076
125 0.0895 0.0901 0.1711 0.6455 0.0036
126 0.0933 0.0566 0.1236 0.6787 0.0477
127 0.0377 0.2134 0.2235 0.5117 0.0137
128 0.1393 0.0180 0.3501 0.4028 0.0899
129 0.1790 0.0358 0.5869 0.1351 0.0633
130 0.1266 0.0544 0.1527 0.2942 0.3721
131 0.2009 0.0384 0.2207 0.4124 0.1277
132 0.1550 0.1143 0.1503 0.4180 0.1625
133 0.3401 0.0759 0.1005 0.4299 0.0538
134 0.1104 0.1301 0.4402 0.2507 0.0685
135 0.1091 0.0750 0.1091 0.6577 0.0492
136 0.0656 0.0869 0.5449 0.1688 0.1335
137 0.2058 0.0497 0.1995 0.5171 0.0278
138 0.1936 0.1764 0.1331 0.4719 0.0250
139 0.2666 0.0196 0.3022 0.3452 0.0664
140 0.1691 0.0492 0.4893 0.2205 0.0721
141 0.2131 0.1420 0.3174 0.2434 0.0841
142 0.3081 0.0704 0.0631 0.5000 0.0583
143 0.3623 0.2097 0.1442 0.2415 0.0423
144 0.4072 0.3650 0.0670 0.1322 0.0286
145 0.3281 0.2764 0.1479 0.1929 0.0548
146 0.5723 0.0695 0.2106 0.1050 0.0424
147 0.2094 0.2373 0.1520 0.3242 0.0770
148 0.5093 0.0864 0.1238 0.2482 0.0323
149 0.4175 0.2759 0.1824 0.0772 0.0468
150 0.3850 0.1555 0.2335 0.1967 0.0294
151 0.2654 0.1500 0.3032 0.2379 0.0433
152 0.5112 0.1536 0.2695 0.0476 0.0179
153 0.5518 0.1763 0.2212 0.0217 0.0292
154 0.1181 0.2349 0.2073 0.3418 0.0979
155 0.3457 0.0282 0.0975 0.5107 0.0178
156 0.2986 0.0158 0.0491 0.5938 0.0427
157 0.4805 0.0365 0.1132 0.2781 0.0917
158 0.4148 0.0829 0.2021 0.2273 0.0726
159 0.5503 0.0392 0.1772 0.1248 0.1084
160 0.5674 0.0408 0.1458 0.1652 0.0811
161 0.1671 0.0342 0.1807 0.5923 0.0258
162 0.4451 0.0444 0.2637 0.0955 0.1514
163 0.3955 0.0257 0.1090 0.3491 0.1207
164 0.3015 0.1026 0.2024 0.3110 0.0824
165 0.2827 0.0611 0.1898 0.4243 0.0420
166 0.2313 0.0094 0.1830 0.5547 0.0215
167 0.3726 0.0281 0.2313 0.2405 0.1277
168 0.0587 0.1205 0.1476 0.6719 0.0012
169 0.2327 0.0134 0.3835 0.3081 0.0621
170 0.7095 0.0173 0.1140 0.0975 0.0615
171 0.1119 0.0504 0.2856 0.5015 0.0508
172 0.0622 0.0641 0.4888 0.3809 0.0041
173 0.6118 0.0243 0.1659 0.1647 0.0334
174 0.3140 0.0236 0.5908 0.0445 0.0270
175 0.6289 0.0248 0.0928 0.2123 0.0412
176 0.3757 0.0148 0.2971 0.1816 0.1309
177 0.3638 0.0477 0.2947 0.2224 0.0717
178 0.4421 0.0558 0.0673 0.4155 0.0193
179 0.5298 0.0456 0.0751 0.2903 0.0594
180 0.2744 0.0389 0.0919 0.5630 0.0315
181 0.2673 0.0131 0.0526 0.6411 0.0258
182 0.3086 0.0594 0.1627 0.3608 0.1083
183 0.2085 0.0401 0.3660 0.3660 0.0194
184 0.1788 0.1085 0.3140 0.3584 0.0402
185 0.2090 0.0285 0.0957 0.5771 0.0899
186 0.4688 0.0208 0.2015 0.2549 0.0543
187 0.4536 0.0204 0.2335 0.1450 0.1473
188 0.2173 0.1118 0.4458 0.1918 0.0333
189 0.1442 0.1195 0.6460 0.0828 0.0073
190 0.2189 0.0418 0.6040 0.0956 0.0396
191 0.3279 0.0557 0.3601 0.1455 0.1107
192 0.2380 0.0602 0.4587 0.1882 0.0548
193 0.2129 0.0342 0.4578 0.2529 0.0422
194 0.0849 0.0588 0.6733 0.1729 0.0102
195 0.0649 0.0224 0.3796 0.5186 0.0143
196 0.5625 0.0230 0.0986 0.2874 0.0282
197 0.4939 0.0384 0.2771 0.1554 0.0352
198 0.3997 0.0260 0.1172 0.3843 0.0728
199 0.1920 0.0546 0.4194 0.2793 0.0546
200 0.1823 0.0748 0.5034 0.2065 0.0332
201 0.1434 0.0272 0.3440 0.4487 0.0366
202 0.0925 0.0607 0.5942 0.1783 0.0743
203 0.0773 0.0904 0.5625 0.2573 0.0126
204 0.1672 0.0640 0.4802 0.2529 0.0356
205 0.1470 0.0512 0.3113 0.4529 0.0378
206 0.1234 0.0461 0.4109 0.4045 0.0153
207 0.1321 0.0614 0.6812 0.0894 0.0361
208 0.1376 0.1312 0.3352 0.3799 0.0162
209 0.2281 0.0464 0.3647 0.3218 0.0390
210 0.2036 0.0773 0.5366 0.1624 0.0202
211 0.0688 0.0404 0.8384 0.0504 0.0021
212 0.2869 0.0625 0.5527 0.0931 0.0046
213 0.1876 0.0390 0.5020 0.2524 0.0187
214 0.0102 0.0219 0.9170 0.0509 0.0002
215 0.0887 0.1006 0.5269 0.1879 0.0959
216 0.2502 0.0151 0.4126 0.2925 0.0296
217 0.1525 0.0410 0.4448 0.3330 0.0287
218 0.0767 0.0182 0.2849 0.5845 0.0356
219 0.0625 0.0237 0.4548 0.2891 0.1699
220 0.3486 0.0247 0.3599 0.2183 0.0487
221 0.0481 0.0399 0.8140 0.0871 0.0112
222 0.1185 0.0654 0.7144 0.0982 0.0034
223 0.1431 0.0330 0.5073 0.3076 0.0089
224 0.0967 0.0610 0.5972 0.2266 0.0186
225 0.3647 0.0252 0.2393 0.3481 0.0228
226 0.3933 0.0392 0.2854 0.2040 0.0781
227 0.1394 0.0220 0.4941 0.3291 0.0152
228 0.0189 0.0208 0.0890 0.8442 0.0271
229 0.0961 0.0461 0.3801 0.4731 0.0045
230 0.1130 0.6406 0.1697 0.0753 0.0015
231 0.1860 0.0852 0.4395 0.2666 0.0229
232 0.1077 0.0449 0.2793 0.5557 0.0124
233 0.1426 0.0396 0.6001 0.2042 0.0134
234 0.1586 0.0179 0.5366 0.2698 0.0170
235 0.3518 0.0451 0.4590 0.1255 0.0185
236 0.5742 0.0475 0.2488 0.1148 0.0148
237 0.0646 0.0357 0.4214 0.4702 0.0081
238 0.1360 0.0717 0.4673 0.2925 0.0326
239 0.3035 0.0704 0.2986 0.2805 0.0469
240 0.3762 0.0759 0.3591 0.1260 0.0629
241 0.2485 0.0246 0.5430 0.1129 0.0712
242 0.1610 0.0969 0.5278 0.1741 0.0401
243 0.1028 0.0490 0.6914 0.1416 0.0150
244 0.2289 0.1187 0.5449 0.0298 0.0779
245 0.0734 0.0313 0.6543 0.1844 0.0567
246 0.1185 0.0254 0.5972 0.1849 0.0742
247 0.1205 0.0620 0.5840 0.1896 0.0437
248 0.0716 0.0285 0.4250 0.4250 0.0496
249 0.3042 0.0122 0.4497 0.1875 0.0463
250 0.2429 0.0219 0.4263 0.2281 0.0807
251 0.5122 0.0300 0.1116 0.2053 0.1411
252 0.5781 0.0373 0.1241 0.0814 0.1791
253 0.1617 0.0183 0.5303 0.2013 0.0886
254 0.1340 0.0126 0.3477 0.3760 0.1299
255 0.1455 0.0130 0.4482 0.3330 0.0602
256 0.0894 0.0153 0.6201 0.1907 0.0846
257 0.0825 0.0372 0.4563 0.3667 0.0576
258 0.2466 0.1020 0.1351 0.4866 0.0299
259 0.2742 0.0955 0.1467 0.4556 0.0278
260 0.2764 0.1503 0.2118 0.3306 0.0310
261 0.1765 0.2979 0.2047 0.3025 0.0184
262 0.2585 0.2842 0.1848 0.2318 0.0406
263 0.3599 0.2200 0.1796 0.2019 0.0388
264 0.2839 0.3169 0.1998 0.1764 0.0229
265 0.3831 0.2002 0.1866 0.2098 0.0203
266 0.4053 0.1091 0.1663 0.2615 0.0579
