time exciting_prob fearful_prob tense_prob sad_prob relaxing_prob
0 0.2083 0.1132 0.2252 0.4141 0.0391
1 0.0279 0.3457 0.5884 0.0179 0.0201
2 0.0284 0.2720 0.6626 0.0182 0.0185
3 0.0798 0.2402 0.0571 0.2329 0.3899
4 0.0804 0.3083 0.0830 0.2537 0.2744
5 0.0222 0.3394 0.5952 0.0266 0.0165
6 0.0463 0.3240 0.5864 0.0142 0.0290
7 0.0290 0.2927 0.2927 0.0153 0.3701
8 0.0218 0.2473 0.6934 0.0234 0.0141
9 0.0189 0.4949 0.3298 0.0494 0.1071
10 0.0203 0.2004 0.3862 0.1274 0.2656
11 0.0599 0.2605 0.4360 0.0674 0.1761
12 0.0352 0.3184 0.5767 0.0338 0.0360
13 0.1234 0.0476 0.2271 0.5620 0.0401
14 0.1070 0.0930 0.3508 0.4165 0.0326
15 0.2800 0.2358 0.3076 0.1547 0.0218
16 0.0340 0.2476 0.6421 0.0089 0.0671
17 0.0504 0.3391 0.4783 0.0121 0.1200
18 0.0303 0.1277 0.3872 0.4187 0.0360
19 0.0868 0.1302 0.2891 0.4014 0.0924
20 0.0395 0.5000 0.2986 0.0220 0.1399
21 0.0507 0.4341 0.3892 0.0620 0.0640
22 0.1024 0.3987 0.3010 0.1561 0.0417
23 0.0518 0.1987 0.4016 0.3127 0.0351
24 0.1302 0.1647 0.3274 0.1344 0.2433
25 0.0844 0.2537 0.3691 0.0721 0.2205
26 0.0455 0.2896 0.4417 0.1490 0.0743
27 0.0071 0.3943 0.4609 0.0471 0.0908
28 0.0501 0.2974 0.1860 0.2625 0.2043
29 0.0220 0.3206 0.4448 0.1490 0.0636
30 0.0598 0.2188 0.3899 0.1227 0.2087
31 0.0782 0.4536 0.3821 0.0172 0.0690
32 0.0328 0.4353 0.5171 0.0071 0.0077
33 0.0481 0.2834 0.6094 0.0086 0.0504
34 0.0288 0.3533 0.6011 0.0076 0.0093
35 0.0297 0.4719 0.4719 0.0069 0.0198
36 0.0662 0.3232 0.5674 0.0108 0.0323
37 0.0639 0.2568 0.1849 0.4041 0.0901
38 0.0630 0.2417 0.2827 0.2615 0.1512
39 0.2292 0.3083 0.2898 0.1306 0.0421
40 0.0484 0.4812 0.4312 0.0205 0.0188
41 0.0998 0.3323 0.4370 0.0645 0.0665
42 0.0339 0.2296 0.7295 0.0039 0.0030
43 0.0302 0.1776 0.7363 0.0432 0.0128
44 0.0595 0.1472 0.2905 0.2729 0.2299
45 0.0917 0.3005 0.3799 0.1823 0.0457
46 0.0938 0.3511 0.2250 0.0649 0.2651
47 0.0612 0.2744 0.4524 0.0232 0.1886
48 0.0340 0.5156 0.2717 0.0433 0.1355
49 0.0412 0.1968 0.1998 0.5186 0.0439
50 0.0361 0.1405 0.2751 0.5220 0.0264
51 0.1010 0.1359 0.3472 0.2620 0.1541
52 0.0306 0.1086 0.2861 0.0397 0.5347
53 0.0438 0.0745 0.3040 0.5591 0.0188
54 0.1373 0.3564 0.3564 0.1070 0.0429
55 0.0657 0.1963 0.4636 0.2522 0.0222
56 0.1209 0.1247 0.4026 0.3186 0.0333
57 0.0773 0.1797 0.2698 0.3357 0.1377
58 0.0490 0.4502 0.3506 0.1184 0.0316
59 0.0590 0.2028 0.5776 0.1415 0.0191
60 0.0278 0.4458 0.3752 0.1403 0.0109
61 0.0247 0.4590 0.4812 0.0259 0.0092
62 0.0919 0.3550 0.3777 0.0528 0.1227
63 0.0183 0.6909 0.2502 0.0285 0.0124
64 0.0701 0.1735 0.4160 0.2859 0.0546
65 0.0662 0.5049 0.3062 0.0750 0.0481
66 0.0228 0.4297 0.4719 0.0416 0.0339
67 0.0785 0.3154 0.4111 0.1235 0.0715
68 0.0504 0.3037 0.5332 0.0870 0.0259
69 0.0264 0.3186 0.5503 0.0927 0.0119
70 0.0235 0.4336 0.5068 0.0099 0.0262
71 0.0130 0.3623 0.1738 0.4041 0.0468
72 0.0246 0.2339 0.2163 0.0453 0.4800
73 0.0202 0.2537 0.1689 0.0761 0.4812
74 0.0497 0.2727 0.0372 0.0062 0.6343
75 0.0182 0.3774 0.3130 0.2438 0.0476
76 0.0475 0.2976 0.5391 0.0319 0.0840
77 0.0449 0.2749 0.5815 0.0470 0.0516
78 0.0350 0.3247 0.4578 0.1375 0.0450
79 0.0591 0.3914 0.3853 0.1021 0.0624
80 0.0376 0.2452 0.3682 0.2002 0.1488
81 0.0280 0.3625 0.5527 0.0417 0.0148
82 0.0695 0.4460 0.1859 0.2664 0.0321
83 0.0743 0.1389 0.3716 0.3660 0.0491
84 0.0420 0.0778 0.4272 0.3713 0.0815
85 0.0685 0.1203 0.5063 0.2886 0.0163
86 0.0177 0.1383 0.8208 0.0198 0.0033
87 0.0221 0.0789 0.8613 0.0299 0.0076
88 0.0042 0.0867 0.9038 0.0039 0.0012
89 0.0913 0.0599 0.5957 0.2157 0.0375
90 0.0673 0.2008 0.5635 0.1162 0.0524
91 0.0218 0.2554 0.4924 0.2255 0.0048
92 0.0210 0.3860 0.2869 0.2200 0.0861
93 0.0189 0.2732 0.3455 0.3000 0.0624
94 0.0190 0.3508 0.4795 0.1486 0.0023
95 0.0098 0.2920 0.6787 0.0158 0.0035
96 0.0184 0.4031 0.5425 0.0229 0.0133
97 0.0117 0.3618 0.5693 0.0513 0.0058
98 0.0391 0.3765 0.5742 0.0054 0.0048
99 0.0501 0.3884 0.5308 0.0115 0.0192
100 0.0349 0.1265 0.0462 0.0298 0.7627
101 0.0118 0.5688 0.1394 0.0196 0.2605
102 0.0122 0.3247 0.1292 0.0539 0.4800
103 0.0237 0.2646 0.1036 0.0117 0.5962
104 0.0257 0.2238 0.0792 0.0136 0.6577
105 0.0297 0.3428 0.1088 0.0119 0.5068
106 0.0577 0.3022 0.0974 0.0204 0.5225
107 0.0573 0.2527 0.1232 0.0235 0.5435
108 0.0691 0.2976 0.0840 0.0102 0.5391
109 0.1195 0.2395 0.0446 0.0394 0.5571
110 0.0180 0.2092 0.0604 0.6055 0.1069
111 0.0369 0.5371 0.2172 0.1992 0.0095
112 0.0989 0.1270 0.2646 0.4644 0.0453
113 0.0380 0.4209 0.4343 0.0855 0.0211
114 0.0121 0.4043 0.5112 0.0592 0.0132
115 0.0337 0.5190 0.3569 0.0573 0.0329
116 0.0222 0.2881 0.6807 0.0027 0.0065
117 0.1105 0.0556 0.6069 0.2032 0.0239
118 0.0829 0.3230 0.3777 0.1099 0.1065
119 0.1040 0.0932 0.7563 0.0420 0.0043
120 0.1326 0.2942 0.4417 0.1246 0.0071
121 0.0080 0.3579 0.5903 0.0399 0.0038
122 0.0321 0.3477 0.4900 0.1173 0.0130
123 0.0385 0.4050 0.5200 0.0164 0.0202
124 0.0305 0.4248 0.5205 0.0023 0.0218
125 0.0693 0.2964 0.3633 0.2345 0.0365
126 0.0467 0.2815 0.3970 0.2644 0.0102
127 0.0327 0.2739 0.4448 0.2201 0.0284
128 0.3105 0.0773 0.2964 0.3059 0.0098
129 0.1664 0.4595 0.3257 0.0294 0.0191
130 0.1361 0.3240 0.4426 0.0900 0.0073
131 0.0248 0.1888 0.3584 0.3584 0.0695
132 0.0130 0.3838 0.5586 0.0368 0.0077
133 0.0600 0.2410 0.4231 0.2410 0.0350
134 0.0820 0.1361 0.6704 0.0073 0.1044
135 0.1061 0.4907 0.3535 0.0268 0.0229
136 0.0691 0.2319 0.6206 0.0334 0.0450
137 0.1703 0.1401 0.2119 0.1469 0.3308
138 0.1439 0.2078 0.4944 0.0915 0.0624
139 0.1348 0.1504 0.3901 0.2639 0.0608
140 0.1498 0.1096 0.4070 0.2842 0.0494
141 0.0327 0.3196 0.4438 0.1851 0.0189
142 0.0859 0.5918 0.1820 0.1104 0.0297
143 0.0365 0.2219 0.1702 0.2053 0.3660
144 0.0765 0.5186 0.3455 0.0376 0.0216
145 0.0399 0.3967 0.3611 0.0684 0.1339
146 0.0762 0.4348 0.3281 0.1033 0.0575
147 0.0580 0.5420 0.3235 0.0431 0.0336
148 0.0282 0.1866 0.4143 0.3127 0.0583
149 0.0922 0.4265 0.4331 0.0241 0.0241
150 0.0850 0.2089 0.6743 0.0139 0.0181
151 0.1162 0.4087 0.4561 0.0092 0.0097
152 0.0314 0.1132 0.2981 0.5151 0.0423
153 0.1792 0.4910 0.2732 0.0248 0.0319
154 0.3022 0.4197 0.1682 0.0759 0.0339
155 0.1792 0.3762 0.2585 0.0702 0.1157
156 0.0350 0.3855 0.3401 0.1271 0.1122
157 0.0870 0.4666 0.2786 0.0544 0.1135
158 0.0474 0.4673 0.1888 0.1494 0.1471
159 0.1204 0.4617 0.1487 0.0510 0.2181
160 0.1427 0.5303 0.1129 0.0132 0.2012
161 0.0949 0.1317 0.0396 0.0159 0.7178
162 0.0551 0.0649 0.0275 0.0098 0.8428
163 0.0645 0.0815 0.0314 0.0123 0.8105
164 0.0390 0.0435 0.0238 0.0060 0.8877
165 0.0161 0.0562 0.0571 0.0047 0.8657
166 0.0257 0.1445 0.0646 0.0077 0.7573
167 0.2307 0.1700 0.4146 0.1098 0.0749
168 0.1525 0.1388 0.4343 0.1782 0.0961
169 0.0568 0.2095 0.3975 0.0453 0.2908
170 0.0453 0.0471 0.2629 0.4333 0.2112
171 0.0627 0.1946 0.4893 0.1287 0.1247
172 0.1155 0.2603 0.3672 0.1566 0.1003
173 0.0272 0.2446 0.6294 0.0432 0.0555
174 0.0365 0.3008 0.3804 0.0330 0.2494
175 0.0490 0.3567 0.3738 0.1063 0.1140
176 0.2098 0.1376 0.1881 0.2377 0.2268
177 0.0152 0.1047 0.0645 0.8110 0.0043
178 0.1405 0.3877 0.3938 0.0463 0.0316
179 0.0437 0.2272 0.3987 0.0293 0.3010
180 0.0457 0.2129 0.3247 0.0312 0.3855
181 0.1503 0.3181 0.2419 0.0641 0.2256
182 0.0351 0.3301 0.3569 0.0083 0.2695
183 0.0868 0.3831 0.2847 0.0096 0.2360
184 0.1843 0.1858 0.4858 0.0689 0.0751
185 0.2485 0.1643 0.4717 0.0820 0.0336
186 0.1471 0.0717 0.2837 0.4604 0.0372
187 0.1382 0.2278 0.4976 0.1128 0.0236
188 0.3020 0.1329 0.4097 0.1230 0.0323
189 0.1017 0.1237 0.2969 0.3752 0.1025
190 0.1678 0.2520 0.2482 0.2683 0.0637
191 0.1509 0.2030 0.3564 0.0930 0.1968
192 0.1279 0.2078 0.4197 0.0997 0.1450
193 0.1685 0.2375 0.4724 0.0697 0.0518
194 0.1381 0.1075 0.2539 0.4253 0.0751
195 0.1222 0.2014 0.4331 0.2111 0.0321
196 0.1307 0.2542 0.4189 0.1051 0.0913
197 0.2126 0.2646 0.2263 0.1086 0.1876
198 0.2051 0.2847 0.3279 0.1081 0.0743
199 0.0674 0.0718 0.2391 0.6011 0.0202
200 0.1323 0.1609 0.3054 0.3569 0.0443
201 0.1578 0.3188 0.3042 0.1707 0.0485
202 0.2170 0.3750 0.2223 0.1025 0.0831
203 0.1970 0.1837 0.3740 0.0601 0.1852
204 0.1478 0.1929 0.3896 0.1099 0.1599
205 0.1686 0.2571 0.4304 0.0861 0.0578
206 0.0569 0.2324 0.6318 0.0556 0.0234
207 0.0482 0.3345 0.5869 0.0190 0.0112
208 0.1918 0.2683 0.3845 0.0950 0.0604
209 0.1549 0.2849 0.3894 0.0810 0.0897
210 0.1771 0.2478 0.4084 0.1108 0.0557
211 0.1608 0.0388 0.1738 0.5791 0.0475
212 0.1243 0.2097 0.4441 0.2097 0.0122
213 0.1758 0.1730 0.4814 0.1091 0.0607
214 0.1553 0.0684 0.4028 0.3499 0.0236
215 0.1498 0.1509 0.5693 0.1185 0.0114
216 0.0986 0.1349 0.4421 0.3086 0.0157
217 0.1061 0.2247 0.5923 0.0634 0.0137
218 0.1439 0.1605 0.5518 0.1005 0.0435
219 0.1489 0.2379 0.5195 0.0476 0.0458
220 0.0729 0.2195 0.6655 0.0309 0.0114
221 0.1377 0.2379 0.5361 0.0703 0.0178
222 0.1422 0.1914 0.5894 0.0476 0.0291
223 0.1781 0.1432 0.4207 0.2183 0.0397
