time exciting_prob fearful_prob tense_prob sad_prob relaxing_prob
0 0.1333 0.0413 0.2610 0.5439 0.0204
1 0.1908 0.0795 0.2864 0.4299 0.0131
2 0.0920 0.0604 0.3264 0.5054 0.0159
3 0.0909 0.0967 0.2588 0.4404 0.1131
4 0.1365 0.1282 0.1865 0.3594 0.1895
5 0.1295 0.1587 0.1514 0.4246 0.1357
6 0.1032 0.1389 0.1927 0.4553 0.1099
7 0.1517 0.1859 0.1318 0.2881 0.2426
8 0.1722 0.0936 0.1221 0.4397 0.1722
9 0.0308 0.1025 0.1447 0.5630 0.1588
10 0.1246 0.2537 0.1626 0.0956 0.3635
11 0.1449 0.4260 0.1506 0.0819 0.1965
12 0.0671 0.2051 0.1713 0.2673 0.2891
13 0.0826 0.3020 0.1361 0.1748 0.3044
14 0.1379 0.2477 0.0926 0.0836 0.4382
15 0.1208 0.3337 0.1266 0.1931 0.2257
16 0.1026 0.3416 0.1296 0.2073 0.2189
17 0.1968 0.3455 0.0901 0.0814 0.2864
18 0.1309 0.2747 0.0851 0.1565 0.3528
19 0.1165 0.2427 0.1004 0.1790 0.3616
20 0.2074 0.2664 0.0497 0.0673 0.4092
21 0.1925 0.4238 0.0635 0.0530 0.2673
22 0.1442 0.2452 0.0420 0.0573 0.5112
23 0.0997 0.2319 0.0600 0.1175 0.4910
24 0.3748 0.2363 0.0389 0.0843 0.2656
25 0.3613 0.3042 0.0504 0.0299 0.2542
26 0.1698 0.5835 0.1261 0.0670 0.0538
27 0.2233 0.5112 0.0714 0.0189 0.1753
28 0.3665 0.2329 0.0970 0.1091 0.1946
29 0.1726 0.2822 0.0736 0.1780 0.2935
30 0.2920 0.2920 0.0738 0.1337 0.2086
31 0.0880 0.2732 0.0577 0.3245 0.2566
32 0.1624 0.3179 0.0636 0.2307 0.2255
33 0.1790 0.1803 0.0980 0.4568 0.0858
34 0.1810 0.2379 0.0760 0.3228 0.1824
35 0.1670 0.3374 0.0922 0.2229 0.1805
36 0.3503 0.2352 0.0679 0.1617 0.1847
37 0.1383 0.1004 0.0746 0.6006 0.0859
38 0.2375 0.1440 0.0753 0.3679 0.1752
39 0.2347 0.3110 0.0864 0.2384 0.1296
40 0.4509 0.1204 0.0670 0.2957 0.0660
41 0.3445 0.2107 0.1339 0.1615 0.1494
42 0.3557 0.1831 0.0751 0.2603 0.1259
43 0.3979 0.3596 0.0742 0.1105 0.0578
44 0.4734 0.0583 0.0552 0.2896 0.1235
45 0.2306 0.1355 0.0548 0.5317 0.0472
46 0.1559 0.0410 0.0317 0.6987 0.0725
47 0.2561 0.0554 0.0563 0.4531 0.1788
48 0.4614 0.0190 0.1984 0.2671 0.0542
49 0.6279 0.0140 0.0481 0.2104 0.0994
50 0.3772 0.1868 0.0535 0.1466 0.2361
51 0.2050 0.0464 0.0440 0.5615 0.1431
52 0.4336 0.0975 0.0376 0.1938 0.2375
53 0.0964 0.1704 0.5630 0.1481 0.0220
54 0.1199 0.1771 0.5542 0.1100 0.0389
55 0.1318 0.0964 0.3936 0.2747 0.1035
56 0.0448 0.0885 0.6694 0.1732 0.0242
57 0.0413 0.1863 0.5830 0.1835 0.0061
58 0.3230 0.1099 0.0849 0.2327 0.2496
59 0.3018 0.0252 0.0375 0.4636 0.1719
60 0.0743 0.4175 0.4585 0.0208 0.0289
61 0.1583 0.0681 0.2034 0.2452 0.3250
62 0.2179 0.1232 0.1104 0.4761 0.0724
63 0.4338 0.1398 0.0725 0.2018 0.1522
64 0.4536 0.0155 0.0866 0.3940 0.0501
65 0.4612 0.0331 0.0595 0.4006 0.0457
66 0.7017 0.0489 0.0184 0.0393 0.1918
67 0.5225 0.0839 0.0187 0.0820 0.2930
68 0.2922 0.0891 0.4526 0.1067 0.0594
69 0.4258 0.0701 0.3730 0.0712 0.0599
70 0.5342 0.1077 0.2108 0.1111 0.0363
71 0.2559 0.1917 0.0647 0.1267 0.3608
72 0.3984 0.1039 0.0565 0.2343 0.2068
73 0.2725 0.0613 0.0627 0.1746 0.4287
74 0.2576 0.0646 0.0985 0.1236 0.4556
75 0.2512 0.0104 0.0144 0.4917 0.2323
76 0.1345 0.1913 0.4661 0.1974 0.0107
77 0.1279 0.2505 0.4719 0.1373 0.0123
78 0.1384 0.1605 0.3733 0.2335 0.0944
79 0.3059 0.1108 0.1091 0.4182 0.0557
80 0.3872 0.1238 0.1209 0.3472 0.0208
81 0.2634 0.3628 0.2554 0.1073 0.0110
82 0.1383 0.0156 0.0268 0.7656 0.0537
83 0.3789 0.0341 0.0224 0.3291 0.2352
84 0.4441 0.0256 0.0329 0.3123 0.1851
85 0.3389 0.0632 0.0566 0.3838 0.1576
86 0.2832 0.1307 0.1042 0.4319 0.0500
87 0.0909 0.1364 0.2957 0.4507 0.0264
88 0.0559 0.0845 0.2686 0.5688 0.0224
89 0.2622 0.0402 0.0201 0.5596 0.1182
90 0.3574 0.0202 0.0440 0.4736 0.1049
91 0.4290 0.0233 0.0122 0.3042 0.2314
92 0.2832 0.0354 0.0424 0.3931 0.2460
93 0.3474 0.0375 0.0648 0.3999 0.1505
94 0.0067 0.3857 0.5439 0.0543 0.0092
95 0.0043 0.3096 0.6553 0.0187 0.0122
96 0.4966 0.1001 0.1326 0.2203 0.0503
97 0.1128 0.1219 0.1693 0.5820 0.0140
98 0.5718 0.1469 0.0371 0.0941 0.1503
99 0.0916 0.1167 0.4136 0.3650 0.0130
100 0.1514 0.3745 0.4211 0.0407 0.0124
101 0.2488 0.0497 0.2046 0.3882 0.1086
102 0.2128 0.0814 0.1241 0.4067 0.1749
103 0.2179 0.0158 0.0204 0.5654 0.1807
104 0.3333 0.0271 0.0171 0.3281 0.2942
105 0.1229 0.0700 0.4712 0.2996 0.0363
106 0.4790 0.0474 0.1681 0.2427 0.0628
107 0.6040 0.0386 0.0877 0.2422 0.0272
108 0.4373 0.0809 0.0345 0.1420 0.3052
109 0.3347 0.0180 0.0193 0.5225 0.1053
110 0.3354 0.0210 0.0340 0.5156 0.0939
111 0.2380 0.1367 0.1179 0.4734 0.0340
112 0.3989 0.2023 0.2537 0.1074 0.0377
113 0.3508 0.1147 0.1395 0.1968 0.1982
114 0.5371 0.0434 0.0462 0.1033 0.2700
115 0.3801 0.1072 0.1686 0.3101 0.0340
116 0.6768 0.0730 0.0151 0.0475 0.1879
117 0.5146 0.0526 0.0300 0.1521 0.2507
118 0.5210 0.0524 0.1392 0.2260 0.0613
119 0.4768 0.0917 0.1824 0.2083 0.0410
120 0.1683 0.0332 0.0975 0.6924 0.0085
121 0.2230 0.0429 0.0439 0.6353 0.0547
122 0.3530 0.2158 0.0845 0.1289 0.2175
123 0.0394 0.3250 0.5112 0.1123 0.0120
124 0.0574 0.3657 0.5322 0.0345 0.0100
125 0.5894 0.1990 0.0241 0.0856 0.1017
126 0.5566 0.1088 0.0286 0.2031 0.1030
127 0.2925 0.1051 0.2705 0.1903 0.1415
128 0.2556 0.1208 0.0652 0.1025 0.4558
129 0.1355 0.1523 0.1055 0.3176 0.2891
130 0.3418 0.0632 0.0599 0.4187 0.1163
131 0.0984 0.1715 0.3010 0.4114 0.0177
132 0.4714 0.0907 0.1259 0.2644 0.0474
133 0.1174 0.2109 0.1156 0.4609 0.0951
134 0.2485 0.3452 0.1981 0.1340 0.0740
135 0.2893 0.1512 0.1040 0.3464 0.1090
136 0.2849 0.3179 0.1335 0.1649 0.0985
137 0.3281 0.1315 0.1346 0.2053 0.2006
138 0.1875 0.0936 0.1165 0.4395 0.1630
139 0.2457 0.0955 0.0743 0.4927 0.0919
140 0.2505 0.1906 0.0770 0.3069 0.1749
141 0.3262 0.2009 0.1307 0.1719 0.1705
142 0.1444 0.0977 0.5757 0.1433 0.0392
143 0.3896 0.1455 0.1389 0.1770 0.1490
144 0.4175 0.1973 0.1377 0.1377 0.1098
145 0.3574 0.1561 0.0970 0.2053 0.1841
146 0.2600 0.0906 0.2834 0.1858 0.1802
147 0.5112 0.1597 0.1150 0.1132 0.1007
148 0.5166 0.1799 0.1161 0.0850 0.1025
149 0.3979 0.1522 0.2233 0.1195 0.1071
150 0.4353 0.1101 0.1248 0.1553 0.1746
151 0.6123 0.1031 0.0726 0.1072 0.1047
152 0.4929 0.0884 0.0732 0.1600 0.1855
153 0.1125 0.0631 0.1855 0.3689 0.2700
154 0.1890 0.1085 0.2483 0.3264 0.1278
155 0.2009 0.1210 0.3137 0.2444 0.1200
156 0.5195 0.1150 0.0999 0.0903 0.1754
157 0.2021 0.2310 0.4702 0.0566 0.0401
158 0.2764 0.3232 0.3108 0.0444 0.0451
159 0.1079 0.0319 0.1407 0.6611 0.0582
160 0.1870 0.1469 0.3928 0.2346 0.0386
161 0.1193 0.0559 0.2411 0.5605 0.0233
162 0.0413 0.0659 0.1375 0.7202 0.0353
163 0.2119 0.0368 0.1434 0.5991 0.0089
164 0.1318 0.0632 0.0913 0.7070 0.0066
165 0.0834 0.1323 0.5840 0.1571 0.0433
166 0.0969 0.0241 0.2416 0.6265 0.0109
167 0.2323 0.0423 0.3225 0.3433 0.0597
168 0.3135 0.0520 0.1209 0.4856 0.0278
169 0.1616 0.0415 0.1404 0.6392 0.0172
170 0.1680 0.0512 0.0838 0.6748 0.0224
171 0.0996 0.0907 0.4534 0.3315 0.0248
172 0.0673 0.0497 0.3140 0.5508 0.0183
173 0.2245 0.0463 0.1655 0.5469 0.0168
174 0.0935 0.0384 0.0618 0.8013 0.0051
175 0.1281 0.0316 0.0691 0.7661 0.0050
176 0.0395 0.0977 0.2380 0.6177 0.0071
177 0.0887 0.0479 0.4038 0.4299 0.0297
178 0.2094 0.0629 0.1936 0.5181 0.0160
179 0.1991 0.0779 0.1689 0.5327 0.0211
180 0.2976 0.1193 0.3589 0.2045 0.0198
181 0.1479 0.1479 0.3750 0.2742 0.0549
182 0.1299 0.0352 0.0812 0.7471 0.0066
183 0.1382 0.0497 0.2091 0.5776 0.0256
184 0.1628 0.0728 0.2859 0.4292 0.0493
185 0.1050 0.0199 0.0824 0.7817 0.0107
186 0.1646 0.0367 0.1079 0.5312 0.1595
187 0.1497 0.0384 0.2429 0.4907 0.0782
188 0.2678 0.0786 0.2722 0.3494 0.0320
189 0.3367 0.1027 0.1680 0.3699 0.0227
190 0.4304 0.0731 0.1453 0.3149 0.0364
191 0.1549 0.0484 0.4697 0.3032 0.0236
192 0.0904 0.0515 0.2742 0.5713 0.0126
193 0.0684 0.0147 0.0638 0.8467 0.0064
194 0.1149 0.0342 0.0753 0.7549 0.0208
195 0.2769 0.0648 0.1043 0.5381 0.0159
196 0.0656 0.0836 0.4146 0.4277 0.0084
197 0.2583 0.0328 0.0995 0.5215 0.0878
198 0.1354 0.0332 0.4800 0.3247 0.0269
199 0.1100 0.0305 0.1704 0.4631 0.2257
200 0.0635 0.0760 0.1971 0.5190 0.1442
201 0.0966 0.0644 0.6011 0.2212 0.0167
202 0.0801 0.0521 0.7246 0.1362 0.0069
203 0.1161 0.0688 0.5205 0.2419 0.0527
204 0.3333 0.0904 0.2986 0.2327 0.0451
205 0.1661 0.0842 0.4661 0.2554 0.0282
206 0.0417 0.0804 0.4343 0.4277 0.0158
207 0.0805 0.0632 0.3235 0.5088 0.0240
208 0.0563 0.0260 0.2262 0.5684 0.1230
209 0.1064 0.0868 0.5752 0.1674 0.0645
210 0.2018 0.1499 0.2018 0.4141 0.0324
211 0.2866 0.1940 0.1333 0.3198 0.0665
212 0.2866 0.1940 0.1333 0.3198 0.0665
213 0.2866 0.1940 0.1333 0.3198 0.0665
214 0.2996 0.0781 0.0689 0.1505 0.4028
215 0.3035 0.0792 0.0672 0.1479 0.4021
216 0.3035 0.0792 0.0672 0.1479 0.4021
217 0.3035 0.0792 0.0672 0.1479 0.4021
218 0.3455 0.0429 0.1005 0.2336 0.2776
