time exciting_prob fearful_prob tense_prob sad_prob relaxing_prob
0 0.7993 0.0247 0.0045 0.1082 0.0631
1 0.8228 0.0136 0.0192 0.1223 0.0221
2 0.8276 0.0161 0.0202 0.0974 0.0384
3 0.5498 0.0349 0.0145 0.3896 0.0113
4 0.6348 0.0638 0.0100 0.2839 0.0074
5 0.3882 0.0356 0.0094 0.5605 0.0064
6 0.2479 0.4185 0.0652 0.2681 0.0004
7 0.1487 0.4268 0.0620 0.3623 0.0004
8 0.1348 0.0941 0.2024 0.5088 0.0598
9 0.4351 0.1870 0.0817 0.1677 0.1285
10 0.0679 0.2109 0.3674 0.3293 0.0244
11 0.1263 0.0842 0.1000 0.6221 0.0676
12 0.2327 0.3081 0.1869 0.1840 0.0883
13 0.0880 0.4829 0.1694 0.2245 0.0352
14 0.1194 0.3855 0.2610 0.1396 0.0945
15 0.2556 0.0721 0.4702 0.1703 0.0317
16 0.3274 0.1396 0.4617 0.0483 0.0232
17 0.3323 0.2510 0.1893 0.1582 0.0692
18 0.2659 0.4524 0.1218 0.0818 0.0780
19 0.2712 0.0827 0.5566 0.0624 0.0271
20 0.4070 0.2145 0.1644 0.1619 0.0522
21 0.2294 0.0994 0.3965 0.2404 0.0344
22 0.2703 0.4253 0.1287 0.1528 0.0227
23 0.2693 0.1186 0.2913 0.2340 0.0868
24 0.4880 0.2083 0.1660 0.0280 0.1097
25 0.2561 0.2010 0.4712 0.0233 0.0485
26 0.3374 0.2712 0.2712 0.0361 0.0840
27 0.3337 0.3235 0.1359 0.1665 0.0405
28 0.2656 0.4697 0.2253 0.0234 0.0161
29 0.0464 0.7778 0.1279 0.0326 0.0153
30 0.0833 0.2354 0.4131 0.2585 0.0096
31 0.2720 0.3257 0.2964 0.0427 0.0631
32 0.1646 0.2844 0.4580 0.0821 0.0111
33 0.4316 0.1359 0.3037 0.0912 0.0377
34 0.0753 0.3914 0.4297 0.0930 0.0108
35 0.0526 0.5112 0.2632 0.1672 0.0059
36 0.4043 0.0760 0.0960 0.3513 0.0725
37 0.0596 0.1498 0.5391 0.2356 0.0158
38 0.4946 0.1709 0.1395 0.1631 0.0319
39 0.3528 0.1035 0.2462 0.2561 0.0415
40 0.0661 0.1884 0.3203 0.1943 0.2308
41 0.1858 0.4321 0.3418 0.0357 0.0047
42 0.0370 0.5356 0.3921 0.0232 0.0120
43 0.2542 0.2563 0.2427 0.1239 0.1229
44 0.3962 0.2023 0.1276 0.2347 0.0392
45 0.1938 0.5786 0.1140 0.0853 0.0284
46 0.2983 0.1956 0.2825 0.1465 0.0772
47 0.2678 0.4084 0.2186 0.0682 0.0368
48 0.1204 0.0419 0.1105 0.7207 0.0065
49 0.2710 0.2046 0.4102 0.0997 0.0146
50 0.1026 0.1902 0.4319 0.2312 0.0441
51 0.4512 0.1080 0.2181 0.1114 0.1114
52 0.2261 0.2140 0.3784 0.1774 0.0040
53 0.1244 0.2612 0.3684 0.2379 0.0079
54 0.2494 0.1769 0.3772 0.0917 0.1048
55 0.1322 0.3945 0.2979 0.1343 0.0413
56 0.2900 0.2139 0.3040 0.0994 0.0927
57 0.1431 0.1167 0.5654 0.1344 0.0403
58 0.3691 0.1842 0.0905 0.2898 0.0662
59 0.1528 0.0459 0.6143 0.1815 0.0055
60 0.1044 0.2708 0.4463 0.1543 0.0244
61 0.1152 0.3989 0.3333 0.0223 0.1305
62 0.1989 0.1305 0.4377 0.1367 0.0962
63 0.2344 0.1958 0.1884 0.2101 0.1715
64 0.2037 0.2830 0.2496 0.2310 0.0327
65 0.3538 0.2568 0.1671 0.1185 0.1038
66 0.2920 0.3899 0.1390 0.0955 0.0837
67 0.0401 0.3804 0.5449 0.0287 0.0060
68 0.4189 0.1404 0.2971 0.1288 0.0149
69 0.0938 0.7549 0.0998 0.0510 0.0007
70 0.2864 0.1213 0.1658 0.4038 0.0228
71 0.3025 0.2546 0.2283 0.1594 0.0551
72 0.3406 0.2454 0.2269 0.1713 0.0159
73 0.1881 0.1941 0.1398 0.4656 0.0122
74 0.1522 0.2472 0.4138 0.1686 0.0182
75 0.4460 0.1060 0.0728 0.3066 0.0684
76 0.2979 0.3621 0.2627 0.0224 0.0551
77 0.3535 0.1656 0.2144 0.0435 0.2229
78 0.3967 0.1393 0.0590 0.3669 0.0381
79 0.0316 0.5142 0.4397 0.0138 0.0010
80 0.2754 0.1375 0.3401 0.2393 0.0078
81 0.2384 0.2744 0.3870 0.0934 0.0068
82 0.3088 0.3040 0.1759 0.1705 0.0408
83 0.2030 0.2607 0.3508 0.1820 0.0036
84 0.0557 0.5366 0.3689 0.0269 0.0117
85 0.1450 0.2524 0.5776 0.0169 0.0078
86 0.6606 0.1213 0.0765 0.0741 0.0675
87 0.2693 0.1823 0.1571 0.2981 0.0931
88 0.4771 0.0962 0.1000 0.2893 0.0374
89 0.1699 0.0714 0.6265 0.0822 0.0499
90 0.1718 0.5210 0.2385 0.0668 0.0019
91 0.1874 0.0920 0.6855 0.0316 0.0037
92 0.0879 0.7588 0.0942 0.0576 0.0013
93 0.1742 0.2418 0.4697 0.0444 0.0698
94 0.1252 0.0961 0.4141 0.3379 0.0269
95 0.3103 0.1254 0.0772 0.4111 0.0760
96 0.4067 0.0356 0.0486 0.4468 0.0624
97 0.2024 0.3840 0.3110 0.0594 0.0431
98 0.4038 0.2489 0.0724 0.1908 0.0840
99 0.1156 0.3047 0.2729 0.2688 0.0378
100 0.2345 0.1008 0.2152 0.4116 0.0380
101 0.2610 0.1487 0.1510 0.3979 0.0416
102 0.2130 0.1213 0.3352 0.3098 0.0206
103 0.5073 0.1956 0.1398 0.1465 0.0107
104 0.1798 0.5894 0.1074 0.1108 0.0126
105 0.1310 0.0852 0.0813 0.6597 0.0428
106 0.0192 0.4014 0.4272 0.1398 0.0125
107 0.3064 0.2350 0.2971 0.0763 0.0851
108 0.0824 0.1704 0.1677 0.5542 0.0253
109 0.0522 0.1909 0.1262 0.5972 0.0334
110 0.2274 0.0536 0.4451 0.1855 0.0883
111 0.2268 0.1063 0.5747 0.0670 0.0254
112 0.6357 0.0874 0.1418 0.1079 0.0271
113 0.0692 0.4585 0.4241 0.0365 0.0118
114 0.3376 0.1499 0.3540 0.0945 0.0640
115 0.5869 0.1617 0.1520 0.0638 0.0355
116 0.1786 0.2346 0.4524 0.0218 0.1126
117 0.4531 0.1268 0.0701 0.2749 0.0751
118 0.0295 0.0901 0.2374 0.6353 0.0076
119 0.0765 0.2800 0.4475 0.1698 0.0262
120 0.0720 0.4373 0.3354 0.1366 0.0188
121 0.0218 0.6484 0.2104 0.1144 0.0051
122 0.2634 0.2595 0.1125 0.3438 0.0208
123 0.1980 0.5176 0.0825 0.1393 0.0628
124 0.2517 0.4280 0.1049 0.1467 0.0688
125 0.1119 0.2522 0.1707 0.4495 0.0159
126 0.1322 0.4167 0.2864 0.1594 0.0054
127 0.2859 0.2075 0.0695 0.3787 0.0585
128 0.4351 0.4023 0.0500 0.0363 0.0762
129 0.0466 0.4419 0.3037 0.2023 0.0057
130 0.3203 0.0574 0.3357 0.2698 0.0167
131 0.2007 0.4451 0.1490 0.1625 0.0427
132 0.4976 0.2140 0.0375 0.1831 0.0679
133 0.1188 0.4553 0.2783 0.1160 0.0315
134 0.1683 0.1486 0.1907 0.3428 0.1497
135 0.1871 0.4929 0.2766 0.0386 0.0047
136 0.1874 0.5508 0.1874 0.0210 0.0533
137 0.2418 0.3357 0.2438 0.1378 0.0407
138 0.5537 0.1676 0.0389 0.1914 0.0484
139 0.3389 0.2639 0.1786 0.0608 0.1576
140 0.0834 0.1312 0.6406 0.1385 0.0062
141 0.1085 0.1555 0.5601 0.1721 0.0039
142 0.2225 0.0352 0.0328 0.6855 0.0238
143 0.1307 0.3640 0.1238 0.3755 0.0059
144 0.3135 0.3525 0.2600 0.0558 0.0181
145 0.1514 0.4849 0.2656 0.0473 0.0507
146 0.0952 0.1777 0.3374 0.3821 0.0076
147 0.4487 0.2365 0.0584 0.1625 0.0941
148 0.5645 0.1819 0.1300 0.0685 0.0550
149 0.4563 0.2155 0.1100 0.1414 0.0768
150 0.4963 0.2363 0.0947 0.0947 0.0779
151 0.3816 0.3699 0.1542 0.0442 0.0500
152 0.5488 0.3032 0.0969 0.0247 0.0263
153 0.5293 0.2922 0.0877 0.0532 0.0377
154 0.3530 0.2227 0.2012 0.1320 0.0914
155 0.4766 0.1713 0.2181 0.1186 0.0156
156 0.3828 0.3513 0.2415 0.0192 0.0053
157 0.1488 0.4653 0.2913 0.0861 0.0085
158 0.3882 0.3591 0.1086 0.1362 0.0078
159 0.3308 0.4053 0.1188 0.1265 0.0188
160 0.3750 0.2421 0.1390 0.1855 0.0584
161 0.2986 0.4346 0.1974 0.0495 0.0199
162 0.1958 0.3984 0.2134 0.1466 0.0458
163 0.2423 0.4219 0.2224 0.0864 0.0270
164 0.0117 0.6582 0.3208 0.0087 0.0004
165 0.2080 0.1262 0.3650 0.2510 0.0498
166 0.1429 0.5522 0.1558 0.1451 0.0042
167 0.2122 0.2947 0.3391 0.1447 0.0095
168 0.1927 0.5894 0.1073 0.1008 0.0101
169 0.1135 0.0146 0.8125 0.0434 0.0160
170 0.1715 0.6177 0.1514 0.0184 0.0414
171 0.4458 0.2156 0.0257 0.2769 0.0363
172 0.0762 0.2402 0.6738 0.0036 0.0064
173 0.5488 0.2166 0.0351 0.1500 0.0495
174 0.1908 0.2690 0.2910 0.2393 0.0100
175 0.4226 0.3142 0.1372 0.0782 0.0478
176 0.0813 0.4395 0.3970 0.0599 0.0224
177 0.1034 0.0504 0.1153 0.7173 0.0135
178 0.1844 0.2622 0.2502 0.2947 0.0085
179 0.1821 0.4509 0.0486 0.3147 0.0037
180 0.4229 0.3345 0.1373 0.0873 0.0179
181 0.1360 0.2386 0.2539 0.3696 0.0018
182 0.1277 0.1277 0.0825 0.6587 0.0031
183 0.4802 0.1910 0.0848 0.2065 0.0373
184 0.2642 0.0818 0.2559 0.2854 0.1127
185 0.2275 0.3469 0.3208 0.0898 0.0150
186 0.1354 0.1195 0.2959 0.2959 0.1534
187 0.2585 0.1221 0.2773 0.2729 0.0690
188 0.0256 0.5874 0.2861 0.1005 0.0005
189 0.1559 0.5444 0.2268 0.0606 0.0124
190 0.0839 0.5059 0.3474 0.0541 0.0089
191 0.2693 0.1365 0.4836 0.0796 0.0312
192 0.1071 0.1105 0.2610 0.5029 0.0186
193 0.0505 0.0951 0.7778 0.0723 0.0044
194 0.1752 0.0461 0.2629 0.4912 0.0246
195 0.0834 0.1194 0.4722 0.3196 0.0056
196 0.2798 0.3271 0.1006 0.1836 0.1088
197 0.1564 0.0428 0.2275 0.5127 0.0608
198 0.2311 0.3606 0.3284 0.0405 0.0395
199 0.2681 0.3752 0.2922 0.0280 0.0366
200 0.5342 0.3044 0.0819 0.0363 0.0432
201 0.4341 0.0433 0.0026 0.4998 0.0201
202 0.4136 0.0419 0.0052 0.5107 0.0288
203 0.2145 0.0997 0.0033 0.6816 0.0010
204 0.1718 0.1162 0.0049 0.7061 0.0010
205 0.2759 0.1302 0.0046 0.5884 0.0009
206 0.3191 0.1192 0.0053 0.5557 0.0011
207 0.3105 0.2554 0.0060 0.4277 0.0006
208 0.3655 0.3301 0.0054 0.2983 0.0007
209 0.4573 0.3645 0.0054 0.1721 0.0007
210 0.4353 0.2703 0.0037 0.2898 0.0010
