time exciting_prob fearful_prob tense_prob sad_prob relaxing_prob
0 0.1697 0.2507 0.2432 0.2979 0.0385
1 0.0927 0.1600 0.1287 0.6040 0.0147
2 0.1210 0.1903 0.1415 0.5254 0.0217
3 0.1366 0.3953 0.2252 0.2115 0.0314
4 0.1500 0.4622 0.1622 0.2083 0.0175
5 0.1683 0.4365 0.1820 0.1877 0.0252
6 0.0680 0.2030 0.2373 0.4719 0.0198
7 0.1148 0.5879 0.2145 0.0718 0.0110
8 0.1241 0.3621 0.3049 0.2000 0.0089
9 0.1320 0.3701 0.3760 0.1147 0.0073
10 0.0968 0.3596 0.4690 0.0665 0.0079
11 0.0706 0.2297 0.4863 0.2091 0.0042
12 0.1071 0.3916 0.3708 0.1242 0.0062
13 0.0761 0.3518 0.4885 0.0786 0.0049
14 0.1224 0.6880 0.1333 0.0423 0.0141
15 0.0785 0.6777 0.1942 0.0356 0.0138
16 0.0898 0.7642 0.1050 0.0170 0.0240
17 0.2610 0.1659 0.1821 0.3623 0.0288
18 0.0881 0.2322 0.2114 0.4475 0.0208
19 0.1237 0.2499 0.1359 0.4741 0.0164
20 0.0637 0.5337 0.1328 0.2561 0.0136
21 0.1064 0.5664 0.2288 0.0687 0.0300
22 0.0786 0.5249 0.1814 0.1931 0.0222
23 0.0474 0.7300 0.1735 0.0369 0.0121
24 0.0632 0.5215 0.2747 0.1219 0.0187
25 0.1591 0.1566 0.3420 0.2837 0.0585
26 0.2086 0.5410 0.2439 0.0058 0.0004
27 0.2035 0.1133 0.4111 0.2361 0.0359
28 0.0670 0.2671 0.3706 0.2842 0.0112
29 0.1047 0.2115 0.3860 0.2781 0.0195
30 0.0390 0.8950 0.0432 0.0180 0.0048
31 0.0864 0.4387 0.4253 0.0204 0.0292
32 0.1228 0.3608 0.3337 0.0898 0.0927
33 0.1187 0.4275 0.3079 0.1345 0.0112
34 0.0939 0.1324 0.3328 0.3276 0.1132
35 0.0456 0.5137 0.4326 0.0056 0.0025
36 0.1533 0.1582 0.4302 0.2413 0.0169
37 0.0826 0.5386 0.2881 0.0695 0.0214
38 0.1929 0.6475 0.0993 0.0536 0.0069
39 0.0653 0.4392 0.3213 0.1616 0.0127
40 0.1493 0.4670 0.3752 0.0057 0.0027
41 0.0887 0.4724 0.3401 0.0821 0.0167
42 0.0720 0.3486 0.3655 0.1753 0.0385
43 0.0815 0.6719 0.1986 0.0429 0.0052
44 0.0471 0.8086 0.1061 0.0372 0.0010
45 0.0437 0.1560 0.2235 0.5708 0.0061
46 0.0930 0.3147 0.3196 0.2610 0.0116
47 0.0183 0.9224 0.0459 0.0113 0.0020
48 0.0253 0.6729 0.2676 0.0263 0.0078
49 0.0589 0.7349 0.1517 0.0459 0.0084
50 0.1956 0.4204 0.2673 0.0725 0.0443
51 0.0583 0.3081 0.5581 0.0726 0.0030
52 0.0984 0.3464 0.4412 0.1016 0.0124
53 0.1245 0.4661 0.2720 0.1073 0.0303
54 0.0743 0.4377 0.3572 0.0447 0.0862
55 0.1243 0.6616 0.1523 0.0122 0.0494
56 0.0545 0.3640 0.4321 0.1085 0.0408
57 0.0613 0.6392 0.2091 0.0613 0.0292
58 0.0452 0.6636 0.2404 0.0292 0.0217
59 0.0536 0.5332 0.2639 0.1316 0.0180
60 0.0739 0.6284 0.2703 0.0147 0.0129
61 0.0643 0.6641 0.2295 0.0341 0.0079
62 0.0661 0.5405 0.3330 0.0570 0.0031
63 0.1005 0.3733 0.4946 0.0271 0.0043
64 0.1093 0.5215 0.2927 0.0558 0.0205
65 0.0655 0.2512 0.3125 0.3655 0.0054
66 0.2151 0.0939 0.4482 0.2362 0.0066
67 0.0945 0.4802 0.1660 0.2268 0.0324
68 0.0334 0.8081 0.0936 0.0517 0.0132
69 0.0978 0.6182 0.1208 0.0891 0.0739
70 0.0843 0.5718 0.2742 0.0532 0.0166
71 0.0557 0.5044 0.4119 0.0236 0.0042
72 0.1461 0.0460 0.2861 0.4165 0.1053
73 0.1052 0.6055 0.2563 0.0242 0.0087
74 0.1216 0.3105 0.3804 0.1125 0.0749
75 0.0797 0.5273 0.3101 0.0784 0.0045
76 0.0559 0.2908 0.3794 0.2649 0.0091
77 0.0997 0.4539 0.2930 0.1342 0.0193
78 0.0501 0.3093 0.4431 0.1736 0.0238
79 0.1625 0.1527 0.6133 0.0677 0.0037
80 0.1075 0.2854 0.3965 0.1993 0.0112
81 0.0636 0.7051 0.1898 0.0300 0.0112
82 0.0682 0.6519 0.1598 0.1000 0.0200
83 0.0714 0.7324 0.1823 0.0058 0.0082
84 0.0926 0.5850 0.2070 0.1049 0.0105
85 0.1018 0.5249 0.3337 0.0240 0.0155
86 0.0850 0.5293 0.3159 0.0612 0.0085
87 0.1239 0.3215 0.3477 0.1890 0.0181
88 0.1126 0.2700 0.5371 0.0627 0.0174
89 0.0898 0.4670 0.3752 0.0637 0.0042
90 0.1069 0.4165 0.4502 0.0092 0.0172
91 0.0492 0.5811 0.3579 0.0045 0.0076
92 0.0773 0.2418 0.2202 0.4380 0.0227
93 0.0330 0.8257 0.1266 0.0058 0.0089
94 0.0464 0.7852 0.1571 0.0022 0.0090
95 0.0383 0.8452 0.0978 0.0040 0.0149
96 0.0317 0.8696 0.0861 0.0034 0.0093
97 0.0179 0.8706 0.1008 0.0042 0.0065
98 0.0626 0.7876 0.1348 0.0069 0.0083
99 0.0453 0.8477 0.0951 0.0031 0.0086
100 0.0507 0.8247 0.1116 0.0029 0.0100
101 0.0572 0.8281 0.1069 0.0023 0.0056
102 0.0397 0.8481 0.0997 0.0039 0.0088
103 0.0810 0.3774 0.3716 0.0767 0.0932
104 0.1310 0.2998 0.4431 0.0246 0.1013
105 0.0786 0.5005 0.2440 0.0774 0.0994
106 0.0572 0.7363 0.1202 0.0101 0.0764
107 0.0557 0.7285 0.1600 0.0155 0.0405
108 0.1294 0.5664 0.1206 0.0709 0.1124
109 0.1115 0.5117 0.1443 0.0836 0.1489
110 0.0767 0.1897 0.1622 0.0869 0.4844
111 0.0600 0.3645 0.1569 0.0814 0.3372
112 0.0687 0.2656 0.1335 0.0876 0.4446
113 0.0503 0.8057 0.0829 0.0241 0.0368
114 0.0972 0.3965 0.1209 0.3555 0.0299
115 0.0803 0.6411 0.0903 0.1302 0.0578
116 0.0867 0.7485 0.1281 0.0061 0.0304
117 0.0371 0.7686 0.1422 0.0085 0.0437
118 0.0488 0.6787 0.1216 0.1091 0.0421
119 0.0539 0.5884 0.2825 0.0142 0.0611
120 0.0520 0.5381 0.3018 0.0412 0.0668
121 0.0446 0.4829 0.3320 0.0605 0.0801
122 0.0386 0.4448 0.2419 0.1389 0.1357
123 0.0550 0.5181 0.2688 0.0563 0.1020
124 0.0417 0.5796 0.1882 0.0414 0.1489
125 0.1139 0.1792 0.2000 0.2338 0.2732
126 0.0404 0.3079 0.3542 0.1926 0.1047
127 0.0701 0.4717 0.3674 0.0378 0.0529
128 0.1599 0.1082 0.3494 0.3386 0.0437
129 0.1462 0.4683 0.2886 0.0614 0.0356
130 0.0706 0.7886 0.0871 0.0316 0.0222
131 0.0436 0.7041 0.1088 0.1344 0.0094
132 0.0605 0.6865 0.0659 0.1656 0.0216
133 0.1357 0.4182 0.1689 0.0856 0.1914
134 0.2372 0.2524 0.1484 0.0974 0.2646
135 0.1097 0.4695 0.0784 0.2634 0.0790
136 0.0900 0.5298 0.1980 0.0988 0.0832
137 0.0867 0.1619 0.1619 0.5479 0.0419
138 0.0909 0.5479 0.1836 0.1063 0.0714
139 0.0586 0.5601 0.2448 0.0997 0.0370
140 0.1082 0.5493 0.2438 0.0527 0.0461
141 0.1080 0.5068 0.2800 0.0564 0.0486
142 0.0537 0.7295 0.1437 0.0613 0.0121
143 0.0534 0.7261 0.2048 0.0151 0.0006
144 0.1725 0.4688 0.2064 0.0192 0.1333
145 0.1300 0.2883 0.4263 0.1406 0.0147
146 0.1053 0.3850 0.3850 0.1104 0.0141
147 0.0515 0.7002 0.2169 0.0089 0.0227
148 0.0576 0.4395 0.1776 0.3069 0.0184
149 0.0920 0.2140 0.2107 0.4675 0.0156
150 0.1039 0.2959 0.2131 0.3740 0.0129
151 0.1223 0.2471 0.3074 0.3027 0.0204
152 0.1667 0.5913 0.2043 0.0277 0.0099
153 0.0461 0.6680 0.2236 0.0491 0.0133
154 0.0851 0.4978 0.3938 0.0148 0.0085
155 0.1000 0.3357 0.4243 0.1072 0.0330
156 0.0933 0.1515 0.5371 0.1743 0.0437
157 0.0484 0.6333 0.2329 0.0733 0.0122
158 0.0671 0.5039 0.1254 0.2698 0.0340
159 0.1107 0.4309 0.3057 0.1367 0.0161
160 0.1248 0.1602 0.2642 0.3391 0.1118
161 0.0367 0.2389 0.1667 0.5386 0.0193
162 0.0740 0.1094 0.1077 0.6807 0.0285
163 0.0344 0.6045 0.3088 0.0418 0.0106
164 0.1146 0.4978 0.3423 0.0099 0.0355
165 0.1960 0.2056 0.3232 0.1901 0.0850
166 0.1200 0.4189 0.1888 0.1948 0.0775
167 0.0526 0.7847 0.1113 0.0461 0.0052
168 0.0495 0.3716 0.4624 0.0883 0.0282
169 0.0823 0.2272 0.3010 0.3745 0.0149
170 0.1210 0.2683 0.5093 0.0885 0.0129
171 0.1146 0.4292 0.1630 0.2686 0.0246
172 0.0844 0.3496 0.4561 0.0780 0.0318
173 0.1409 0.1837 0.3770 0.1956 0.1030
174 0.1119 0.0886 0.4568 0.2771 0.0658
175 0.0919 0.4856 0.2312 0.1403 0.0512
176 0.0239 0.4719 0.1021 0.3975 0.0047
177 0.0385 0.5039 0.1216 0.3254 0.0106
178 0.0636 0.6729 0.2020 0.0511 0.0105
179 0.2097 0.3174 0.3005 0.1609 0.0116
180 0.0994 0.5210 0.2744 0.0870 0.0184
181 0.1571 0.4727 0.2415 0.0961 0.0327
182 0.0452 0.5132 0.3755 0.0576 0.0084
183 0.0895 0.4136 0.2394 0.2432 0.0144
184 0.0352 0.6919 0.1721 0.0880 0.0130
185 0.0638 0.3586 0.0893 0.4678 0.0202
186 0.0695 0.7476 0.1259 0.0486 0.0085
187 0.2561 0.2661 0.3726 0.0980 0.0073
188 0.0799 0.1946 0.3311 0.3870 0.0074
189 0.0448 0.3994 0.5127 0.0411 0.0019
190 0.1057 0.3130 0.3894 0.1884 0.0035
191 0.0548 0.5850 0.2678 0.0904 0.0021
192 0.1637 0.0883 0.3521 0.3928 0.0032
193 0.0923 0.3538 0.4336 0.1063 0.0140
194 0.0989 0.5781 0.1907 0.1086 0.0237
195 0.2206 0.2206 0.2620 0.2500 0.0470
196 0.1302 0.3076 0.1725 0.2800 0.1097
197 0.1252 0.4583 0.2913 0.1089 0.0162
198 0.2051 0.1597 0.3713 0.2019 0.0620
199 0.1194 0.5225 0.2145 0.0859 0.0577
200 0.1343 0.1879 0.4199 0.1558 0.1021
201 0.2668 0.2112 0.2754 0.1013 0.1451
202 0.0366 0.7642 0.1705 0.0144 0.0140
203 0.0510 0.4651 0.1908 0.2776 0.0155
204 0.0449 0.8086 0.0555 0.0826 0.0084
205 0.0244 0.6641 0.1219 0.1844 0.0050
206 0.0354 0.7271 0.1700 0.0503 0.0171
207 0.0925 0.4080 0.3330 0.0969 0.0698
208 0.0730 0.6021 0.1620 0.1252 0.0379
209 0.0801 0.5430 0.1951 0.1450 0.0370
210 0.0892 0.2542 0.0512 0.5908 0.0147
211 0.2036 0.5713 0.0829 0.1024 0.0398
212 0.1783 0.3547 0.1599 0.2515 0.0557
213 0.0399 0.7305 0.1053 0.1077 0.0164
214 0.0607 0.3037 0.1870 0.4214 0.0272
215 0.0704 0.4595 0.1588 0.2744 0.0371
216 0.0180 0.5557 0.0648 0.3533 0.0083
217 0.0379 0.1752 0.0759 0.7036 0.0074
218 0.0391 0.5142 0.0840 0.3535 0.0091
219 0.0711 0.5547 0.1947 0.1665 0.0129
220 0.1210 0.2686 0.3042 0.0728 0.2333
221 0.0383 0.2554 0.4485 0.2515 0.0063
222 0.0536 0.2786 0.3059 0.3362 0.0257
223 0.0475 0.3225 0.2891 0.3276 0.0134
224 0.1065 0.0940 0.2118 0.5410 0.0469
225 0.1544 0.2954 0.2864 0.2283 0.0356
226 0.0692 0.3599 0.1647 0.3953 0.0111
227 0.1130 0.3647 0.4199 0.0974 0.0048
228 0.0545 0.2444 0.5684 0.1288 0.0040
229 0.0519 0.4480 0.4846 0.0145 0.0010
230 0.2106 0.1200 0.3018 0.3582 0.0095
231 0.0856 0.2849 0.3774 0.2255 0.0265
232 0.0284 0.4697 0.3774 0.1160 0.0085
233 0.0748 0.2888 0.2671 0.3123 0.0569
234 0.1545 0.3767 0.1779 0.2284 0.0624
235 0.0690 0.4163 0.3762 0.1112 0.0273
236 0.0334 0.2532 0.4307 0.2131 0.0698
237 0.0621 0.4343 0.0903 0.3804 0.0327
238 0.0826 0.1028 0.2354 0.5391 0.0403
239 0.0687 0.2101 0.3687 0.3306 0.0220
240 0.1163 0.1278 0.2791 0.4602 0.0166
241 0.0850 0.1058 0.1469 0.6479 0.0145
242 0.1261 0.1864 0.1984 0.4685 0.0204
243 0.1438 0.3672 0.3503 0.1270 0.0117
244 0.1163 0.2107 0.5464 0.1201 0.0066
245 0.0634 0.4536 0.3479 0.1147 0.0204
246 0.1304 0.3435 0.3435 0.1700 0.0126
247 0.1547 0.4138 0.2756 0.1409 0.0148
248 0.1229 0.4224 0.3340 0.1085 0.0122
249 0.0568 0.6499 0.1862 0.1044 0.0028
250 0.0743 0.3438 0.2219 0.3491 0.0107
251 0.0601 0.6313 0.1409 0.1609 0.0065
252 0.1290 0.2546 0.3169 0.2839 0.0157
253 0.0592 0.5977 0.1522 0.1837 0.0074
254 0.0561 0.6172 0.1854 0.1274 0.0137
255 0.0731 0.4998 0.1838 0.2324 0.0106
256 0.0888 0.3352 0.2097 0.3457 0.0204
257 0.0479 0.3301 0.1940 0.4172 0.0109
258 0.0674 0.6157 0.1439 0.1593 0.0136
259 0.1038 0.5522 0.1272 0.1985 0.0180
260 0.0703 0.3005 0.2529 0.3625 0.0137
261 0.0383 0.1528 0.0466 0.7578 0.0042
262 0.0958 0.1156 0.4229 0.3093 0.0563
263 0.0785 0.4919 0.1674 0.2474 0.0146
264 0.0629 0.5225 0.1807 0.2112 0.0226
265 0.0739 0.3750 0.1479 0.3635 0.0398
266 0.0559 0.3591 0.2546 0.3071 0.0231
267 0.0206 0.2737 0.0454 0.6562 0.0039
268 0.0298 0.1481 0.0477 0.7695 0.0048
269 0.0465 0.2306 0.1160 0.5981 0.0089
270 0.1277 0.1962 0.4744 0.1932 0.0085
271 0.1058 0.3259 0.2384 0.2703 0.0598
272 0.0602 0.5117 0.2201 0.1853 0.0228
273 0.0330 0.5010 0.2854 0.1677 0.0130
274 0.1538 0.3779 0.3494 0.0993 0.0196
275 0.3445 0.4783 0.0851 0.0508 0.0411
276 0.1549 0.4343 0.1598 0.2150 0.0359
277 0.2485 0.1965 0.1069 0.3616 0.0865
278 0.0611 0.2571 0.4443 0.2234 0.0142
279 0.0570 0.4312 0.0889 0.4177 0.0052
280 0.1061 0.4646 0.1696 0.2527 0.0071
281 0.0726 0.4312 0.1586 0.3357 0.0020
282 0.0983 0.1595 0.4011 0.3125 0.0286
283 0.0615 0.4951 0.1765 0.2568 0.0098
284 0.0336 0.3218 0.2751 0.3645 0.0049
285 0.0559 0.3821 0.1260 0.4194 0.0166
286 0.0587 0.5073 0.1442 0.2800 0.0098
287 0.0552 0.6514 0.1115 0.1674 0.0145
288 0.0386 0.7280 0.0978 0.1265 0.0092
289 0.0406 0.3508 0.2373 0.3562 0.0151
290 0.0297 0.3567 0.1063 0.4800 0.0273
291 0.0398 0.4451 0.1226 0.3748 0.0178
292 0.0326 0.7256 0.0908 0.1451 0.0061
293 0.0416 0.6709 0.1005 0.1658 0.0211
294 0.0651 0.0469 0.1179 0.7334 0.0365
295 0.0719 0.4614 0.1851 0.2629 0.0186
296 0.0230 0.3604 0.1650 0.4417 0.0100
297 0.1371 0.3967 0.1329 0.2903 0.0428
298 0.1185 0.6660 0.1671 0.0152 0.0334
299 0.0942 0.6958 0.1577 0.0188 0.0333
300 0.1050 0.6187 0.2275 0.0222 0.0266
301 0.0811 0.6582 0.2104 0.0208 0.0292
302 0.1015 0.6465 0.2067 0.0220 0.0232
303 0.0734 0.6968 0.1875 0.0138 0.0285
304 0.0767 0.6035 0.1624 0.1152 0.0424
305 0.0823 0.6836 0.1676 0.0414 0.0251
306 0.1276 0.6895 0.0948 0.0431 0.0451
