time exciting_prob fearful_prob tense_prob sad_prob relaxing_prob
0 0.2250 0.1407 0.1407 0.4763 0.0171
1 0.0592 0.0977 0.2783 0.5532 0.0114
2 0.0522 0.1609 0.3054 0.4656 0.0159
3 0.0484 0.1337 0.2742 0.5283 0.0152
4 0.0582 0.0795 0.2488 0.6060 0.0075
5 0.1141 0.1039 0.3406 0.4238 0.0178
6 0.2435 0.1926 0.2324 0.3176 0.0136
7 0.1131 0.0605 0.6509 0.1671 0.0086
8 0.3652 0.0385 0.4011 0.1522 0.0429
9 0.2222 0.0500 0.4778 0.2054 0.0448
10 0.4080 0.0385 0.1675 0.3657 0.0203
11 0.6201 0.0141 0.0814 0.2627 0.0216
12 0.7949 0.0734 0.0728 0.0463 0.0128
13 0.8457 0.0274 0.0396 0.0632 0.0240
14 0.8389 0.0266 0.0448 0.0662 0.0236
15 0.7847 0.0379 0.0605 0.0901 0.0269
16 0.7788 0.0382 0.0596 0.0938 0.0297
17 0.7603 0.0400 0.0724 0.0944 0.0329
18 0.2266 0.0413 0.2301 0.4871 0.0149
19 0.1882 0.0359 0.0889 0.6777 0.0090
20 0.3345 0.0807 0.1508 0.4229 0.0114
21 0.2109 0.0604 0.1543 0.5645 0.0098
22 0.0301 0.0159 0.0405 0.8799 0.0336
23 0.0464 0.0345 0.0707 0.8096 0.0391
24 0.0406 0.0746 0.0886 0.6973 0.0989
25 0.0419 0.0809 0.0591 0.7319 0.0861
26 0.1052 0.0326 0.0794 0.5342 0.2485
27 0.0789 0.0707 0.0624 0.3120 0.4758
28 0.0739 0.0891 0.0787 0.4058 0.3525
29 0.1017 0.0732 0.0912 0.5498 0.1842
30 0.0968 0.0999 0.0784 0.3174 0.4075
31 0.1125 0.0779 0.2495 0.1356 0.4246
32 0.1187 0.0574 0.1598 0.1064 0.5576
33 0.1266 0.1049 0.1827 0.0811 0.5044
34 0.1087 0.1396 0.4949 0.2527 0.0039
35 0.0257 0.2294 0.6040 0.1390 0.0017
36 0.1344 0.0526 0.0720 0.6514 0.0895
37 0.2910 0.1176 0.1620 0.3708 0.0587
38 0.1066 0.1992 0.1277 0.5249 0.0414
39 0.0609 0.3821 0.2014 0.1833 0.1722
40 0.1034 0.4319 0.1858 0.1493 0.1296
41 0.1127 0.1614 0.4058 0.1564 0.1639
42 0.1137 0.2502 0.3699 0.1340 0.1320
43 0.1394 0.0446 0.2029 0.0619 0.5513
44 0.1663 0.1974 0.1914 0.3154 0.1295
45 0.1755 0.0646 0.1755 0.0767 0.5078
46 0.1702 0.0656 0.2576 0.4556 0.0511
47 0.0969 0.1411 0.1729 0.3130 0.2761
48 0.0689 0.1746 0.2278 0.2542 0.2747
49 0.3899 0.1316 0.1771 0.2087 0.0926
50 0.6289 0.1318 0.0800 0.1201 0.0393
51 0.6343 0.1803 0.0906 0.0728 0.0220
52 0.2389 0.1011 0.3115 0.2389 0.1094
53 0.1715 0.0574 0.2534 0.0515 0.4661
54 0.1307 0.0159 0.3442 0.4932 0.0159
55 0.0331 0.0054 0.0207 0.0336 0.9072
56 0.0396 0.0087 0.0082 0.0279 0.9155
57 0.1368 0.1189 0.5005 0.2365 0.0070
58 0.1387 0.0650 0.2847 0.4619 0.0498
59 0.1074 0.0672 0.1613 0.1827 0.4814
60 0.1064 0.1224 0.2983 0.0454 0.4275
61 0.0598 0.0325 0.1602 0.6846 0.0627
62 0.2164 0.0225 0.2097 0.0714 0.4800
63 0.1434 0.0986 0.4854 0.1677 0.1050
64 0.2157 0.0316 0.1844 0.0899 0.4785
65 0.2086 0.0677 0.4346 0.1702 0.1188
66 0.0665 0.1674 0.2551 0.4014 0.1097
67 0.1582 0.2568 0.2732 0.1353 0.1765
68 0.0880 0.3145 0.1581 0.3000 0.1395
69 0.1581 0.0723 0.4717 0.1270 0.1709
70 0.0499 0.0410 0.0725 0.3005 0.5361
71 0.0638 0.0555 0.2335 0.0958 0.5513
72 0.0547 0.0659 0.6870 0.0691 0.1232
73 0.0959 0.1605 0.1791 0.5518 0.0129
74 0.1274 0.1294 0.1490 0.5449 0.0491
75 0.1321 0.1279 0.6499 0.0517 0.0384
76 0.0951 0.1129 0.5142 0.2391 0.0387
77 0.0737 0.0440 0.6675 0.1399 0.0749
78 0.1952 0.2795 0.2014 0.2627 0.0609
79 0.0847 0.0930 0.7783 0.0258 0.0183
80 0.2673 0.0660 0.2571 0.1660 0.2434
81 0.2020 0.1098 0.4209 0.2052 0.0621
82 0.0568 0.0981 0.7246 0.1146 0.0060
83 0.1670 0.1028 0.3372 0.3479 0.0449
84 0.2161 0.0820 0.5693 0.1021 0.0304
85 0.0440 0.0773 0.7334 0.1179 0.0276
86 0.1165 0.1643 0.2952 0.2646 0.1593
87 0.0940 0.1016 0.1207 0.3206 0.3633
88 0.1326 0.0327 0.1284 0.3230 0.3835
89 0.2686 0.0845 0.3396 0.1393 0.1681
90 0.6484 0.0652 0.0603 0.1564 0.0699
91 0.5967 0.0425 0.0419 0.0664 0.2527
92 0.5767 0.0584 0.0657 0.1917 0.1075
93 0.1843 0.0222 0.2189 0.0331 0.5415
94 0.3601 0.0503 0.1090 0.1675 0.3130
95 0.5830 0.0814 0.1184 0.0654 0.1520
96 0.5928 0.0759 0.0419 0.0629 0.2267
97 0.5337 0.0608 0.0541 0.0851 0.2664
98 0.0439 0.3767 0.0815 0.4763 0.0214
99 0.6455 0.0605 0.0975 0.1113 0.0853
100 0.4294 0.0509 0.1351 0.1279 0.2566
101 0.2134 0.0947 0.0798 0.4380 0.1742
102 0.3196 0.0391 0.1232 0.2129 0.3049
103 0.2152 0.0462 0.2517 0.4556 0.0312
104 0.5127 0.1144 0.0617 0.1091 0.2023
105 0.2627 0.2161 0.0826 0.3479 0.0908
106 0.1814 0.1247 0.2122 0.2944 0.1873
107 0.1370 0.0331 0.1084 0.0781 0.6436
108 0.1438 0.0318 0.1138 0.1508 0.5601
109 0.1444 0.0175 0.1742 0.0557 0.6079
110 0.1385 0.0547 0.0324 0.1030 0.6714
111 0.0685 0.0633 0.2245 0.6196 0.0238
112 0.0534 0.0517 0.2468 0.5737 0.0741
113 0.0463 0.1219 0.2462 0.3997 0.1859
114 0.1603 0.0308 0.2368 0.1084 0.4636
115 0.1307 0.0336 0.3391 0.1627 0.3337
116 0.1775 0.0906 0.5137 0.1831 0.0352
117 0.1661 0.1421 0.5796 0.0961 0.0159
118 0.1348 0.0346 0.1327 0.0451 0.6528
119 0.0656 0.0118 0.1116 0.0368 0.7744
120 0.1426 0.1201 0.1642 0.0266 0.5464
121 0.0692 0.0650 0.4109 0.4441 0.0108
122 0.1017 0.1813 0.3440 0.3389 0.0341
123 0.1531 0.0242 0.0718 0.0428 0.7080
124 0.1169 0.0293 0.0939 0.0437 0.7163
125 0.0831 0.0207 0.0529 0.0545 0.7886
126 0.1989 0.0179 0.0420 0.0579 0.6831
127 0.2834 0.1209 0.2969 0.2090 0.0898
128 0.2124 0.0358 0.2407 0.0886 0.4226
129 0.2634 0.0480 0.1727 0.1265 0.3894
130 0.1689 0.0870 0.2070 0.1316 0.4053
131 0.1393 0.1554 0.2856 0.4031 0.0166
132 0.0752 0.0272 0.0839 0.0422 0.7715
133 0.1553 0.0599 0.4565 0.1288 0.1995
134 0.0474 0.0229 0.0184 0.0505 0.8608
135 0.0829 0.0645 0.0597 0.0544 0.7388
136 0.0517 0.0685 0.2467 0.2627 0.3704
137 0.1082 0.0177 0.0495 0.0856 0.7393
138 0.2034 0.1971 0.3569 0.1420 0.1006
139 0.1257 0.0812 0.4253 0.1218 0.2461
140 0.1162 0.1370 0.1118 0.1718 0.4634
141 0.0567 0.0489 0.0251 0.0299 0.8394
142 0.1198 0.0354 0.1179 0.2457 0.4812
143 0.2566 0.0840 0.0517 0.1013 0.5063
144 0.0787 0.2971 0.2542 0.2971 0.0728
145 0.0421 0.1349 0.1993 0.5010 0.1228
146 0.1461 0.1708 0.1438 0.4941 0.0453
147 0.0284 0.0451 0.2272 0.2615 0.4377
148 0.0755 0.1098 0.2324 0.3955 0.1868
149 0.0629 0.0916 0.3003 0.5352 0.0099
150 0.1691 0.0978 0.2661 0.2172 0.2499
151 0.1285 0.1412 0.4021 0.2054 0.1227
152 0.2595 0.0404 0.4146 0.2634 0.0221
153 0.3057 0.1335 0.3203 0.1024 0.1378
154 0.2247 0.0586 0.4470 0.2507 0.0189
155 0.3745 0.0810 0.3804 0.0631 0.1008
156 0.3811 0.0884 0.4250 0.0305 0.0750
157 0.3472 0.1666 0.2969 0.1317 0.0576
158 0.0759 0.0853 0.2754 0.4988 0.0644
159 0.0444 0.1161 0.3259 0.5127 0.0010
160 0.2649 0.0959 0.3000 0.3347 0.0044
161 0.2072 0.0963 0.1915 0.4893 0.0159
162 0.1192 0.0943 0.4360 0.3140 0.0363
163 0.2076 0.0486 0.2544 0.4395 0.0501
164 0.0433 0.0232 0.4514 0.4807 0.0014
165 0.1848 0.0944 0.3506 0.3506 0.0196
166 0.1230 0.1351 0.5869 0.1183 0.0369
167 0.1947 0.0949 0.5723 0.1163 0.0217
168 0.2441 0.0710 0.3235 0.3442 0.0173
169 0.1898 0.0715 0.1958 0.1624 0.3804
170 0.1028 0.1300 0.4329 0.3218 0.0127
171 0.2130 0.1223 0.0403 0.2590 0.3652
172 0.1617 0.0525 0.2467 0.0853 0.4539
173 0.1201 0.0604 0.3999 0.0935 0.3264
174 0.0594 0.0500 0.2206 0.0612 0.6089
175 0.1098 0.0947 0.5156 0.2593 0.0203
176 0.1783 0.0925 0.3179 0.1032 0.3081
177 0.0748 0.0809 0.2869 0.0376 0.5195
178 0.0838 0.0205 0.2463 0.6289 0.0202
179 0.2881 0.0212 0.3447 0.1268 0.2191
180 0.3042 0.0303 0.3088 0.0964 0.2603
181 0.1766 0.1510 0.1698 0.4011 0.1014
182 0.1323 0.1114 0.2510 0.4617 0.0436
183 0.2008 0.0745 0.2703 0.3259 0.1287
184 0.1307 0.0934 0.3137 0.4355 0.0264
185 0.2756 0.0796 0.1865 0.4404 0.0179
186 0.4104 0.1272 0.3025 0.1131 0.0468
187 0.4795 0.1184 0.1631 0.2062 0.0329
188 0.1599 0.0462 0.3083 0.3230 0.1625
189 0.2067 0.2378 0.3149 0.1910 0.0495
190 0.1891 0.0653 0.3477 0.2175 0.1804
191 0.0724 0.0356 0.1863 0.2336 0.4722
192 0.1536 0.0760 0.3225 0.3599 0.0882
193 0.2189 0.0481 0.4932 0.1992 0.0408
194 0.1946 0.0683 0.2422 0.3469 0.1481
195 0.0794 0.0517 0.5469 0.1997 0.1221
196 0.3967 0.1426 0.1248 0.2642 0.0717
197 0.2064 0.1545 0.3708 0.2048 0.0634
198 0.1198 0.0948 0.3960 0.1256 0.2637
199 0.1898 0.0698 0.4211 0.2893 0.0300
200 0.1133 0.0206 0.2183 0.0816 0.5664
201 0.0889 0.0767 0.6729 0.1235 0.0382
202 0.1160 0.1141 0.4622 0.2612 0.0465
203 0.1781 0.2983 0.1866 0.0479 0.2891
204 0.1403 0.1829 0.5723 0.0979 0.0067
205 0.0222 0.3062 0.5459 0.1180 0.0077
206 0.1486 0.1417 0.3943 0.1656 0.1497
207 0.2393 0.0468 0.3823 0.1364 0.1953
208 0.2485 0.0533 0.5181 0.0996 0.0807
209 0.1278 0.2107 0.0878 0.1980 0.3757
210 0.2087 0.0912 0.3899 0.2440 0.0662
211 0.2007 0.1117 0.2537 0.3838 0.0500
212 0.1810 0.2325 0.4377 0.1124 0.0362
213 0.4365 0.0702 0.1764 0.3096 0.0073
214 0.1548 0.0351 0.4995 0.1560 0.1548
215 0.1660 0.1132 0.4341 0.1523 0.1344
216 0.1766 0.1186 0.3274 0.2693 0.1080
217 0.2031 0.1232 0.3374 0.1807 0.1558
218 0.0892 0.0558 0.6196 0.2279 0.0076
219 0.0745 0.0832 0.2140 0.3018 0.3264
220 0.2546 0.1221 0.3071 0.0475 0.2688
221 0.0892 0.0421 0.0576 0.1964 0.6147
222 0.1302 0.1047 0.4138 0.1431 0.2081
223 0.2155 0.3186 0.2559 0.1257 0.0844
224 0.1652 0.1412 0.1025 0.5049 0.0864
225 0.1862 0.0801 0.2817 0.2773 0.1749
226 0.4092 0.2993 0.1191 0.1119 0.0604
227 0.0728 0.0580 0.4387 0.4187 0.0119
228 0.0583 0.0601 0.3301 0.5444 0.0072
229 0.4536 0.1028 0.2371 0.1763 0.0304
230 0.2546 0.0299 0.4331 0.2373 0.0453
231 0.3350 0.1375 0.3145 0.1792 0.0339
232 0.1299 0.0485 0.4463 0.1803 0.1949
233 0.3091 0.2314 0.1720 0.2603 0.0272
234 0.1715 0.2152 0.3464 0.2327 0.0341
235 0.0388 0.0991 0.4175 0.4375 0.0071
236 0.3162 0.0567 0.2224 0.2878 0.1172
237 0.1531 0.1416 0.3818 0.2974 0.0260
238 0.2556 0.0584 0.2440 0.2744 0.1677
239 0.0987 0.2260 0.1577 0.0956 0.4221
240 0.0836 0.1467 0.4666 0.3013 0.0020
241 0.1833 0.1351 0.5142 0.1310 0.0364
242 0.1532 0.0853 0.5103 0.1749 0.0764
243 0.1321 0.4133 0.3071 0.1417 0.0056
244 0.3440 0.0492 0.1960 0.3496 0.0612
245 0.7710 0.0193 0.0432 0.1249 0.0418
246 0.2905 0.1748 0.3789 0.1012 0.0546
247 0.1455 0.3894 0.3435 0.0407 0.0810
248 0.1263 0.4478 0.0784 0.0146 0.3328
249 0.3323 0.1697 0.0248 0.0120 0.4612
250 0.2830 0.2874 0.0738 0.0377 0.3181
251 0.3022 0.2883 0.1147 0.0323 0.2625
252 0.3276 0.2847 0.0909 0.0397 0.2571
253 0.2249 0.1261 0.1062 0.4614 0.0814
254 0.2037 0.2830 0.2496 0.2310 0.0327
255 0.8345 0.0378 0.0415 0.0591 0.0270
256 0.8311 0.0368 0.0427 0.0616 0.0276
257 0.8042 0.0506 0.0506 0.0681 0.0265
