time exciting_prob fearful_prob tense_prob sad_prob relaxing_prob
0 0.2037 0.2830 0.2496 0.2310 0.0327
1 0.3132 0.0341 0.1899 0.3604 0.1025
2 0.3518 0.0515 0.2418 0.3032 0.0515
3 0.4021 0.0523 0.2363 0.2383 0.0710
4 0.1150 0.0616 0.4077 0.3542 0.0616
5 0.0441 0.0715 0.5083 0.3496 0.0263
6 0.1085 0.1268 0.5596 0.0745 0.1309
7 0.0958 0.3093 0.1484 0.3093 0.1372
8 0.6475 0.0918 0.1549 0.0351 0.0709
9 0.6270 0.1048 0.1810 0.0221 0.0651
10 0.1101 0.1307 0.3555 0.3555 0.0481
11 0.1349 0.7070 0.0831 0.0393 0.0357
12 0.2581 0.2747 0.3262 0.1172 0.0236
13 0.3230 0.1032 0.1049 0.3279 0.1411
14 0.2137 0.1359 0.2703 0.2240 0.1564
15 0.0301 0.0972 0.0663 0.3164 0.4900
16 0.1624 0.4312 0.3357 0.0544 0.0164
17 0.0775 0.0920 0.4253 0.3872 0.0181
18 0.1588 0.3208 0.4055 0.0488 0.0662
19 0.2008 0.4250 0.2788 0.0263 0.0688
20 0.0400 0.5879 0.2412 0.1176 0.0133
21 0.5435 0.0801 0.0559 0.1175 0.2030
22 0.2303 0.1292 0.1711 0.2001 0.2693
23 0.2257 0.3962 0.2153 0.1256 0.0371
24 0.4360 0.0505 0.0219 0.1847 0.3069
25 0.1926 0.1838 0.2512 0.1007 0.2717
26 0.0679 0.2708 0.1230 0.0163 0.5220
27 0.0464 0.6348 0.1997 0.0623 0.0568
28 0.1248 0.4158 0.3237 0.0525 0.0831
29 0.0704 0.2307 0.1089 0.5278 0.0621
30 0.2172 0.2500 0.2423 0.2620 0.0285
31 0.3130 0.0792 0.4963 0.0114 0.1000
32 0.0533 0.6006 0.2316 0.0321 0.0826
33 0.2874 0.3604 0.2637 0.0371 0.0515
34 0.1643 0.1221 0.2211 0.0795 0.4131
35 0.4575 0.2393 0.1147 0.0605 0.1281
36 0.3655 0.1252 0.3149 0.0334 0.1609
37 0.2671 0.2798 0.3271 0.1021 0.0239
38 0.1589 0.5376 0.2367 0.0424 0.0246
39 0.4995 0.1443 0.2098 0.0391 0.1072
40 0.0909 0.4512 0.3406 0.0353 0.0822
41 0.2496 0.0667 0.4556 0.1091 0.1189
42 0.2976 0.0839 0.3218 0.1351 0.1617
43 0.3066 0.1278 0.3699 0.0529 0.1426
44 0.3206 0.0911 0.2898 0.0507 0.2478
45 0.1378 0.3547 0.2720 0.1812 0.0544
46 0.1188 0.5405 0.2004 0.0677 0.0726
47 0.1732 0.2922 0.2295 0.2423 0.0627
48 0.0734 0.1201 0.2664 0.4460 0.0942
49 0.1937 0.1984 0.2864 0.1087 0.2128
50 0.0575 0.1503 0.0750 0.0225 0.6948
51 0.1652 0.3840 0.1992 0.0037 0.2479
52 0.1685 0.2197 0.4370 0.0724 0.1022
53 0.1829 0.2969 0.2642 0.1381 0.1181
54 0.1006 0.2568 0.2163 0.3679 0.0582
55 0.2437 0.4961 0.0961 0.1549 0.0093
56 0.2068 0.2362 0.2437 0.1797 0.1335
57 0.1974 0.4519 0.2219 0.0544 0.0743
58 0.2435 0.2571 0.3201 0.0687 0.1106
59 0.4014 0.1080 0.1124 0.0868 0.2915
60 0.0582 0.1510 0.4507 0.0753 0.2649
61 0.0608 0.2900 0.3135 0.3184 0.0174
62 0.1082 0.3081 0.1729 0.3279 0.0829
63 0.3369 0.0892 0.2881 0.1720 0.1137
64 0.2057 0.2683 0.2330 0.1516 0.1414
65 0.4517 0.2004 0.2343 0.0417 0.0720
66 0.0784 0.5190 0.2339 0.0140 0.1547
67 0.4109 0.2115 0.2166 0.0345 0.1263
68 0.0153 0.4761 0.4402 0.0654 0.0030
69 0.0367 0.4041 0.4167 0.1353 0.0072
70 0.2788 0.1772 0.1227 0.0575 0.3638
71 0.0786 0.2576 0.5371 0.0484 0.0786
72 0.3833 0.1825 0.2761 0.0519 0.1064
73 0.3325 0.2510 0.1836 0.0796 0.1534
74 0.0518 0.4761 0.2798 0.1807 0.0117
75 0.3113 0.1307 0.2725 0.1228 0.1627
76 0.3411 0.1160 0.2495 0.0398 0.2534
77 0.0673 0.4319 0.3694 0.1256 0.0059
78 0.1204 0.4763 0.2250 0.1398 0.0385
79 0.2974 0.0372 0.3643 0.2389 0.0623
80 0.3215 0.1060 0.3757 0.1542 0.0425
81 0.2837 0.0906 0.4604 0.1340 0.0313
82 0.3462 0.2100 0.2150 0.0221 0.2067
83 0.1146 0.2242 0.5298 0.0972 0.0344
84 0.1381 0.5376 0.1614 0.1267 0.0366
85 0.1626 0.0652 0.3782 0.1947 0.1993
86 0.3174 0.1420 0.2233 0.0923 0.2251
87 0.2485 0.1708 0.3191 0.1735 0.0880
88 0.3870 0.1034 0.1458 0.2788 0.0850
89 0.4094 0.1616 0.1733 0.0740 0.1816
90 0.1996 0.3699 0.2881 0.0729 0.0695
91 0.4446 0.2634 0.1410 0.0519 0.0992
92 0.2729 0.2908 0.1450 0.1270 0.1643
93 0.4380 0.0738 0.2742 0.1335 0.0804
94 0.2061 0.1310 0.2111 0.1497 0.3022
95 0.4246 0.0829 0.1346 0.1943 0.1637
96 0.2764 0.2021 0.1798 0.2401 0.1016
97 0.4670 0.1665 0.2009 0.0805 0.0850
98 0.4036 0.1643 0.2524 0.1450 0.0347
99 0.2429 0.2161 0.4131 0.0600 0.0680
100 0.2524 0.2524 0.1965 0.1331 0.1655
101 0.2761 0.1675 0.3516 0.0661 0.1388
102 0.2159 0.3850 0.3293 0.0467 0.0229
103 0.3767 0.4170 0.0881 0.0506 0.0676
104 0.3665 0.0220 0.1873 0.3286 0.0956
105 0.2217 0.2532 0.2360 0.0569 0.2323
106 0.3101 0.3225 0.1205 0.0543 0.1925
107 0.1671 0.1893 0.4370 0.1793 0.0273
108 0.2448 0.1036 0.1439 0.3047 0.2030
109 0.2450 0.0759 0.1533 0.3794 0.1462
110 0.3345 0.1531 0.2390 0.0490 0.2245
111 0.3052 0.1465 0.3682 0.1030 0.0771
112 0.1068 0.2927 0.4902 0.0806 0.0297
113 0.2300 0.0901 0.5347 0.0295 0.1157
114 0.0842 0.1197 0.7681 0.0131 0.0147
115 0.1289 0.1309 0.6006 0.1094 0.0304
116 0.2091 0.3066 0.1693 0.2058 0.1093
117 0.1100 0.2222 0.3494 0.0421 0.2764
118 0.2778 0.1262 0.1766 0.1323 0.2869
119 0.1166 0.1261 0.3271 0.2754 0.1545
120 0.2554 0.0732 0.1884 0.3716 0.1116
121 0.0715 0.2786 0.3467 0.2920 0.0111
122 0.3447 0.1361 0.1816 0.1043 0.2333
123 0.0551 0.2126 0.3562 0.3506 0.0254
124 0.0536 0.1099 0.2291 0.5850 0.0225
125 0.2864 0.4167 0.0982 0.1222 0.0765
126 0.2179 0.1594 0.1078 0.0814 0.4333
127 0.2374 0.2129 0.2820 0.0582 0.2096
128 0.1641 0.3066 0.2996 0.1760 0.0537
129 0.1843 0.4124 0.1978 0.1219 0.0837
130 0.2401 0.1785 0.4629 0.0469 0.0715
131 0.4092 0.1517 0.2010 0.1437 0.0942
132 0.0830 0.5122 0.3413 0.0431 0.0202
133 0.0658 0.2482 0.5420 0.1229 0.0210
134 0.2822 0.0655 0.1354 0.3682 0.1487
135 0.3855 0.1879 0.3796 0.0180 0.0290
136 0.3042 0.2091 0.2583 0.0258 0.2026
137 0.1449 0.2209 0.3530 0.1361 0.1449
138 0.1636 0.5576 0.2218 0.0440 0.0132
139 0.0762 0.3286 0.4353 0.1050 0.0549
140 0.4456 0.0774 0.3037 0.0218 0.1516
141 0.5146 0.1385 0.2266 0.0080 0.1122
142 0.3438 0.1316 0.1702 0.2053 0.1490
143 0.3740 0.1355 0.1699 0.1106 0.2098
144 0.2595 0.3630 0.1898 0.0175 0.1702
145 0.2057 0.2812 0.1493 0.1565 0.2073
146 0.3845 0.2686 0.2603 0.0375 0.0493
147 0.2708 0.2297 0.3420 0.0266 0.1309
148 0.3503 0.2949 0.2227 0.0262 0.1060
149 0.2815 0.3730 0.1951 0.0900 0.0604
150 0.1477 0.1323 0.6167 0.0748 0.0284
151 0.2896 0.1346 0.2830 0.1757 0.1170
152 0.3398 0.1721 0.4036 0.0094 0.0752
153 0.5396 0.0796 0.2957 0.0042 0.0809
154 0.3606 0.0500 0.1256 0.4351 0.0287
155 0.3228 0.0947 0.2676 0.2084 0.1064
156 0.5356 0.0578 0.2251 0.0479 0.1334
157 0.3118 0.1543 0.3760 0.1036 0.0542
158 0.1948 0.2042 0.4976 0.0537 0.0497
159 0.2433 0.3711 0.2844 0.0332 0.0681
160 0.2097 0.3076 0.3076 0.0510 0.1243
161 0.1479 0.4890 0.2498 0.0229 0.0905
162 0.1694 0.2815 0.1997 0.2142 0.1351
163 0.2793 0.0381 0.0980 0.5552 0.0294
164 0.6499 0.1250 0.1569 0.0091 0.0591
165 0.1897 0.1882 0.3225 0.2100 0.0896
166 0.1360 0.1615 0.6538 0.0126 0.0360
167 0.3193 0.3479 0.2886 0.0102 0.0339
168 0.2402 0.1135 0.3037 0.0196 0.3232
169 0.1628 0.0638 0.1309 0.5913 0.0513
170 0.2720 0.0986 0.3896 0.1207 0.1189
171 0.2627 0.4573 0.1520 0.0187 0.1094
172 0.3062 0.2854 0.2294 0.0177 0.1614
173 0.2808 0.4282 0.1479 0.0481 0.0948
174 0.0848 0.1825 0.4883 0.2134 0.0310
175 0.2233 0.0560 0.4878 0.1354 0.0975
176 0.1311 0.0873 0.6255 0.0659 0.0901
177 0.4961 0.2324 0.0969 0.0174 0.1573
178 0.4031 0.1060 0.2192 0.2192 0.0525
179 0.4377 0.2554 0.1958 0.0095 0.1016
180 0.2080 0.1821 0.3223 0.2490 0.0385
181 0.1293 0.6216 0.1536 0.0382 0.0574
182 0.1932 0.1287 0.3784 0.1843 0.1154
183 0.6846 0.1436 0.0979 0.0481 0.0257
184 0.6616 0.1781 0.0681 0.0436 0.0483
185 0.0473 0.0905 0.7461 0.0979 0.0181
186 0.4473 0.1292 0.1194 0.2080 0.0960
187 0.2651 0.1140 0.4302 0.1176 0.0731
188 0.5664 0.0772 0.1377 0.1056 0.1133
189 0.5654 0.0945 0.0675 0.1241 0.1486
190 0.1118 0.0470 0.1267 0.6587 0.0558
191 0.3936 0.1816 0.1932 0.0934 0.1382
192 0.1272 0.0822 0.2610 0.3738 0.1559
193 0.1338 0.1732 0.3782 0.2206 0.0942
194 0.4282 0.2039 0.3232 0.0096 0.0352
195 0.4260 0.1077 0.3069 0.0788 0.0807
196 0.0693 0.1664 0.6279 0.1144 0.0220
197 0.2563 0.1052 0.5474 0.0272 0.0638
198 0.2456 0.2456 0.1942 0.1714 0.1432
199 0.4058 0.0927 0.1962 0.1539 0.1516
200 0.1874 0.1288 0.2812 0.2812 0.1210
201 0.0751 0.1746 0.2424 0.4529 0.0549
202 0.3813 0.0964 0.1076 0.3555 0.0590
203 0.0667 0.0488 0.1118 0.7173 0.0553
204 0.5078 0.1225 0.1235 0.0519 0.1942
205 0.0526 0.1261 0.3169 0.4834 0.0211
206 0.6313 0.1047 0.0754 0.1177 0.0709
207 0.0431 0.0562 0.5254 0.2947 0.0806
208 0.4021 0.1379 0.2053 0.0883 0.1663
209 0.3604 0.0401 0.3835 0.1899 0.0261
210 0.5723 0.1482 0.1887 0.0308 0.0599
211 0.2267 0.0821 0.5029 0.0796 0.1088
212 0.3850 0.0944 0.3022 0.1331 0.0853
213 0.1066 0.1091 0.7402 0.0242 0.0199
214 0.3115 0.0914 0.5176 0.0210 0.0585
215 0.0821 0.1038 0.4268 0.3538 0.0334
216 0.1284 0.0495 0.5078 0.2554 0.0588
217 0.4800 0.1571 0.0931 0.1376 0.1323
218 0.2198 0.1698 0.4236 0.1302 0.0565
219 0.2866 0.1753 0.4373 0.0565 0.0443
220 0.4678 0.1592 0.2076 0.1111 0.0542
221 0.3601 0.1854 0.2168 0.0876 0.1501
222 0.2023 0.0627 0.0762 0.6328 0.0261
223 0.4495 0.0481 0.1747 0.2705 0.0572
224 0.2803 0.0245 0.0924 0.4766 0.1263
225 0.1785 0.0870 0.5161 0.1526 0.0657
226 0.1190 0.3284 0.4705 0.0608 0.0213
227 0.3494 0.1855 0.3083 0.0738 0.0830
228 0.0469 0.5757 0.1929 0.1346 0.0499
229 0.2075 0.0935 0.2484 0.2209 0.2297
230 0.0452 0.3442 0.5503 0.0553 0.0053
231 0.3125 0.1523 0.3198 0.0676 0.1476
232 0.2003 0.1313 0.4375 0.1234 0.1072
233 0.1088 0.3223 0.4270 0.1158 0.0262
234 0.1364 0.1364 0.1724 0.5225 0.0324
235 0.6211 0.1464 0.1213 0.0286 0.0828
236 0.0670 0.2607 0.4167 0.2162 0.0394
237 0.2050 0.1768 0.2234 0.1398 0.2551
238 0.0487 0.3274 0.5234 0.0895 0.0112
239 0.1648 0.2783 0.4209 0.0947 0.0414
240 0.4219 0.0757 0.1287 0.0745 0.2993
241 0.1691 0.4023 0.1564 0.2153 0.0571
242 0.2269 0.1781 0.2959 0.0809 0.2181
243 0.2345 0.2053 0.4736 0.0377 0.0488
244 0.2244 0.0648 0.4258 0.2208 0.0643
245 0.1447 0.2103 0.3362 0.1771 0.1317
246 0.3342 0.2686 0.2026 0.0872 0.1076
247 0.1075 0.2347 0.1144 0.2275 0.3159
248 0.1573 0.1089 0.4553 0.0583 0.2201
249 0.2008 0.0793 0.2969 0.0508 0.3723
250 0.2037 0.2830 0.2496 0.2310 0.0327
251 0.2037 0.2830 0.2496 0.2310 0.0327
252 0.3005 0.4802 0.0443 0.0164 0.1583
253 0.2917 0.4810 0.0440 0.0172 0.1661
254 0.3069 0.5220 0.0538 0.0127 0.1044
