time exciting_prob fearful_prob tense_prob sad_prob relaxing_prob
0 0.2037 0.2830 0.2496 0.2310 0.0327
1 0.0306 0.7129 0.1875 0.0316 0.0372
2 0.0333 0.6538 0.1692 0.0878 0.0558
3 0.0468 0.5933 0.1387 0.1047 0.1168
4 0.0605 0.4988 0.1835 0.1451 0.1122
5 0.0486 0.6201 0.1439 0.0839 0.1036
6 0.0370 0.5786 0.1737 0.1078 0.1029
7 0.0289 0.5723 0.1873 0.1154 0.0964
8 0.0371 0.6182 0.1588 0.1447 0.0411
9 0.0405 0.6538 0.1248 0.1298 0.0512
10 0.0260 0.4714 0.1846 0.1708 0.1472
11 0.0343 0.5947 0.1626 0.1458 0.0627
12 0.0329 0.6978 0.1364 0.0814 0.0517
13 0.0275 0.7046 0.1700 0.0491 0.0487
14 0.0263 0.6528 0.1743 0.0870 0.0593
15 0.0168 0.4604 0.2389 0.2262 0.0576
16 0.0367 0.5522 0.2146 0.0967 0.0998
17 0.0374 0.6484 0.1718 0.0986 0.0438
18 0.0420 0.6772 0.1431 0.0848 0.0530
19 0.0369 0.7417 0.1405 0.0268 0.0541
20 0.0309 0.5869 0.1592 0.1372 0.0859
21 0.0369 0.5913 0.1415 0.1210 0.1094
22 0.0297 0.4949 0.1594 0.2319 0.0840
23 0.0387 0.4902 0.1904 0.1289 0.1519
24 0.0240 0.6650 0.1804 0.0706 0.0599
25 0.0419 0.5786 0.1384 0.1037 0.1375
26 0.2209 0.1642 0.5557 0.0323 0.0268
27 0.1187 0.0903 0.7158 0.0476 0.0273
28 0.0083 0.7808 0.1637 0.0421 0.0050
29 0.0046 0.8643 0.0985 0.0310 0.0015
30 0.5171 0.0942 0.0567 0.2500 0.0818
31 0.1624 0.3008 0.4016 0.0917 0.0433
32 0.2007 0.2439 0.3550 0.1306 0.0699
33 0.2971 0.1844 0.4531 0.0452 0.0201
34 0.2561 0.3066 0.3877 0.0331 0.0164
35 0.2262 0.3091 0.4160 0.0285 0.0202
36 0.4348 0.1689 0.2345 0.1326 0.0291
37 0.3633 0.2419 0.2988 0.0343 0.0616
38 0.0042 0.8320 0.1401 0.0220 0.0016
39 0.0023 0.9180 0.0703 0.0078 0.0016
40 0.0057 0.1460 0.8271 0.0196 0.0014
41 0.0088 0.1260 0.8477 0.0127 0.0048
42 0.0057 0.1417 0.7310 0.1175 0.0041
43 0.1707 0.1482 0.1437 0.4785 0.0590
44 0.1366 0.5532 0.1586 0.1215 0.0300
45 0.0858 0.6440 0.1146 0.0878 0.0679
46 0.0743 0.6836 0.1000 0.0773 0.0651
47 0.1055 0.6313 0.0868 0.0766 0.0999
48 0.0750 0.5718 0.1266 0.1117 0.1152
49 0.0540 0.5405 0.0720 0.1537 0.1797
50 0.0432 0.7251 0.0873 0.0859 0.0586
51 0.0377 0.6782 0.0911 0.1178 0.0755
52 0.0837 0.5898 0.0934 0.1652 0.0677
53 0.0573 0.6255 0.0702 0.0680 0.1792
54 0.0110 0.5532 0.2739 0.1399 0.0221
55 0.0051 0.3330 0.6123 0.0340 0.0157
56 0.0057 0.3872 0.5723 0.0283 0.0066
57 0.0045 0.2754 0.6504 0.0591 0.0108
58 0.0070 0.3599 0.5615 0.0574 0.0141
59 0.0110 0.4072 0.5068 0.0206 0.0543
60 0.0055 0.4131 0.5063 0.0406 0.0347
61 0.0057 0.4111 0.4807 0.0737 0.0286
62 0.0119 0.4148 0.4556 0.0616 0.0561
63 0.0081 0.4661 0.4277 0.0261 0.0720
64 0.0129 0.4180 0.4380 0.0704 0.0607
65 0.1092 0.7578 0.0780 0.0492 0.0057
66 0.2052 0.6523 0.0992 0.0365 0.0068
67 0.0452 0.8257 0.0912 0.0357 0.0021
68 0.0337 0.8628 0.0854 0.0151 0.0031
69 0.0100 0.6943 0.2893 0.0036 0.0030
70 0.0045 0.7188 0.2644 0.0084 0.0039
71 0.0114 0.5454 0.4182 0.0092 0.0156
72 0.0064 0.3835 0.4924 0.1008 0.0166
73 0.0070 0.2988 0.5283 0.1207 0.0451
74 0.0067 0.6235 0.3235 0.0386 0.0073
75 0.0066 0.6562 0.1407 0.1909 0.0057
76 0.0044 0.1987 0.4551 0.3127 0.0291
77 0.0317 0.5537 0.3518 0.0451 0.0178
78 0.0192 0.2255 0.6470 0.0410 0.0671
79 0.0151 0.6035 0.2988 0.0767 0.0057
80 0.0082 0.5298 0.4226 0.0299 0.0093
81 0.0065 0.5332 0.4023 0.0528 0.0052
82 0.0120 0.4854 0.4668 0.0313 0.0044
83 0.0209 0.4673 0.4746 0.0328 0.0043
84 0.0227 0.4282 0.4419 0.0710 0.0360
85 0.0133 0.5498 0.3777 0.0473 0.0120
86 0.0159 0.6509 0.2197 0.0945 0.0188
87 0.0061 0.4912 0.4543 0.0436 0.0049
88 0.0061 0.4167 0.5186 0.0461 0.0123
89 0.0071 0.4336 0.4204 0.1282 0.0107
90 0.0076 0.4746 0.4124 0.0964 0.0088
91 0.0732 0.3230 0.4927 0.0850 0.0261
92 0.0298 0.4917 0.3174 0.1293 0.0317
93 0.0062 0.4546 0.4915 0.0317 0.0161
94 0.0426 0.3743 0.4695 0.0778 0.0359
95 0.0161 0.0770 0.1709 0.7197 0.0164
96 0.0166 0.1416 0.4641 0.3672 0.0103
97 0.0179 0.5195 0.4111 0.0417 0.0097
98 0.0191 0.3586 0.5820 0.0242 0.0159
99 0.0082 0.2715 0.5229 0.1685 0.0288
100 0.0114 0.3884 0.5308 0.0569 0.0124
101 0.0360 0.6035 0.3232 0.0259 0.0112
102 0.0176 0.4221 0.5337 0.0181 0.0088
103 0.0178 0.4019 0.3438 0.1742 0.0626
104 0.0807 0.7085 0.1791 0.0148 0.0169
105 0.0250 0.5054 0.3445 0.0838 0.0415
106 0.0420 0.4844 0.3462 0.0666 0.0611
107 0.0396 0.4983 0.3345 0.1069 0.0207
108 0.0569 0.4373 0.4475 0.0332 0.0251
109 0.0316 0.1655 0.5688 0.2228 0.0110
110 0.0540 0.3579 0.5811 0.0053 0.0019
111 0.0749 0.1797 0.5537 0.1797 0.0121
112 0.2467 0.5430 0.1619 0.0297 0.0186
113 0.0296 0.6045 0.3186 0.0185 0.0287
114 0.0514 0.4688 0.2568 0.1865 0.0364
115 0.0626 0.6074 0.2781 0.0284 0.0234
116 0.1382 0.1426 0.3064 0.3936 0.0193
117 0.0148 0.3025 0.4133 0.2546 0.0147
118 0.0739 0.5415 0.2137 0.1154 0.0553
119 0.0844 0.6040 0.1842 0.0905 0.0371
120 0.0955 0.2308 0.6177 0.0089 0.0469
121 0.0410 0.5073 0.3652 0.0587 0.0280
122 0.0279 0.2734 0.6665 0.0286 0.0036
123 0.0172 0.4478 0.5234 0.0066 0.0051
124 0.0458 0.3206 0.5806 0.0473 0.0056
125 0.0233 0.5435 0.3481 0.0573 0.0275
126 0.0273 0.2761 0.6729 0.0213 0.0026
127 0.0345 0.2844 0.6309 0.0457 0.0044
128 0.2268 0.3770 0.3352 0.0547 0.0064
129 0.0841 0.3149 0.1711 0.3979 0.0319
130 0.0164 0.1313 0.8428 0.0090 0.0004
131 0.0656 0.0688 0.3333 0.5161 0.0163
132 0.0216 0.4014 0.5400 0.0335 0.0032
133 0.0121 0.2472 0.6934 0.0443 0.0029
134 0.0040 0.3726 0.5679 0.0459 0.0095
135 0.0234 0.0744 0.7998 0.0986 0.0039
136 0.0626 0.1434 0.5327 0.2256 0.0357
137 0.0095 0.5156 0.4014 0.0457 0.0280
138 0.0550 0.0728 0.5464 0.3115 0.0142
139 0.0253 0.2188 0.7285 0.0247 0.0029
140 0.0087 0.4949 0.4368 0.0397 0.0200
141 0.0060 0.4365 0.4102 0.1321 0.0151
142 0.0068 0.5459 0.2744 0.1381 0.0346
143 0.0080 0.5068 0.3220 0.1322 0.0311
144 0.0089 0.5493 0.3438 0.0755 0.0225
145 0.0057 0.6177 0.3630 0.0057 0.0077
146 0.0056 0.5913 0.3938 0.0045 0.0047
147 0.0075 0.7100 0.2737 0.0059 0.0033
148 0.0106 0.2788 0.5547 0.0341 0.1218
149 0.0410 0.5610 0.2048 0.0260 0.1671
150 0.0158 0.2466 0.7246 0.0032 0.0098
151 0.0046 0.4077 0.5234 0.0583 0.0058
152 0.0073 0.4189 0.4976 0.0663 0.0098
153 0.0152 0.4087 0.4778 0.0511 0.0469
154 0.0268 0.7524 0.1328 0.0793 0.0089
155 0.0037 0.3669 0.6245 0.0035 0.0015
156 0.0056 0.1455 0.8374 0.0096 0.0020
157 0.0320 0.6123 0.2986 0.0289 0.0282
158 0.0208 0.6377 0.2744 0.0441 0.0229
159 0.0122 0.4944 0.4099 0.0244 0.0591
160 0.0089 0.7686 0.1284 0.0515 0.0424
161 0.0134 0.7749 0.1346 0.0274 0.0495
162 0.0199 0.7627 0.1049 0.0257 0.0869
163 0.0421 0.5293 0.3313 0.0689 0.0285
164 0.0261 0.8447 0.0811 0.0417 0.0062
165 0.0178 0.3828 0.4690 0.0291 0.1014
166 0.0209 0.3020 0.4031 0.0316 0.2426
167 0.0201 0.3892 0.4409 0.0253 0.1244
168 0.0087 0.5083 0.4248 0.0071 0.0511
169 0.0107 0.4304 0.4729 0.0200 0.0660
170 0.0084 0.5430 0.1331 0.1394 0.1763
171 0.0157 0.5947 0.1589 0.0418 0.1887
172 0.0132 0.8379 0.1346 0.0089 0.0055
173 0.0119 0.5469 0.2815 0.0669 0.0928
174 0.0146 0.6543 0.2157 0.0781 0.0375
175 0.0128 0.3589 0.1617 0.0568 0.4099
176 0.0295 0.4072 0.3948 0.0319 0.1365
177 0.0163 0.4290 0.2107 0.0303 0.3137
178 0.0133 0.4600 0.3845 0.0204 0.1219
179 0.0138 0.6221 0.3008 0.0145 0.0491
180 0.0117 0.5815 0.3040 0.0262 0.0768
181 0.0051 0.5508 0.3784 0.0613 0.0045
182 0.0032 0.4385 0.4668 0.0898 0.0019
183 0.0054 0.5947 0.2722 0.1227 0.0048
184 0.0058 0.3572 0.4658 0.1622 0.0089
185 0.0146 0.4265 0.4199 0.1113 0.0277
186 0.0090 0.6216 0.2416 0.1047 0.0230
187 0.0060 0.7256 0.1440 0.0600 0.0644
188 0.0107 0.6245 0.1847 0.1299 0.0501
189 0.0054 0.6699 0.1949 0.0521 0.0776
190 0.0174 0.6055 0.2815 0.0187 0.0770
191 0.0284 0.7544 0.1606 0.0316 0.0248
192 0.0537 0.7827 0.0648 0.0831 0.0156
193 0.0897 0.6221 0.1727 0.0897 0.0257
194 0.1765 0.5068 0.2250 0.0479 0.0436
195 0.2834 0.4565 0.1628 0.0751 0.0220
196 0.0533 0.4680 0.2861 0.1052 0.0873
197 0.0900 0.4463 0.1681 0.0782 0.2175
198 0.0245 0.4690 0.2571 0.0209 0.2286
199 0.0154 0.5552 0.2351 0.0222 0.1720
200 0.0339 0.5020 0.1580 0.0199 0.2861
201 0.1531 0.1484 0.0158 0.0432 0.6396
202 0.0179 0.4841 0.4692 0.0216 0.0071
203 0.0234 0.5576 0.3687 0.0120 0.0382
204 0.0122 0.5259 0.4429 0.0109 0.0080
205 0.0051 0.6001 0.1110 0.0700 0.2140
206 0.0160 0.7646 0.1182 0.0215 0.0793
207 0.0383 0.6040 0.2920 0.0404 0.0255
208 0.0112 0.6182 0.3359 0.0155 0.0194
209 0.0442 0.3557 0.5596 0.0308 0.0097
210 0.0087 0.5444 0.4109 0.0257 0.0102
211 0.0108 0.3269 0.1863 0.4333 0.0426
212 0.0311 0.6812 0.2263 0.0378 0.0237
213 0.0600 0.2566 0.3733 0.2732 0.0370
214 0.0218 0.7007 0.2275 0.0341 0.0157
215 0.0223 0.6074 0.3176 0.0491 0.0035
216 0.1577 0.2725 0.3088 0.2520 0.0092
217 0.0289 0.6270 0.2961 0.0427 0.0057
218 0.0054 0.7075 0.2771 0.0096 0.0007
219 0.0368 0.2803 0.5405 0.1304 0.0120
220 0.0731 0.6665 0.1233 0.0635 0.0736
221 0.0265 0.7559 0.1727 0.0218 0.0230
222 0.2117 0.4343 0.2020 0.0917 0.0602
223 0.0386 0.6138 0.3135 0.0298 0.0045
224 0.0753 0.5918 0.2585 0.0577 0.0164
225 0.0649 0.3220 0.4199 0.1570 0.0361
226 0.0427 0.1064 0.7388 0.0856 0.0263
227 0.0526 0.5977 0.3125 0.0312 0.0062
228 0.0724 0.5928 0.2693 0.0543 0.0112
229 0.0400 0.4336 0.3767 0.0560 0.0938
230 0.1357 0.1588 0.5371 0.1017 0.0667
231 0.1122 0.2488 0.6016 0.0275 0.0100
232 0.0723 0.1138 0.3818 0.4260 0.0061
233 0.0596 0.0765 0.4338 0.4204 0.0096
234 0.0812 0.2971 0.1027 0.5137 0.0055
235 0.0248 0.2881 0.5776 0.0501 0.0594
236 0.0269 0.5991 0.3013 0.0519 0.0207
237 0.0310 0.6045 0.2620 0.0632 0.0396
238 0.0068 0.6997 0.2656 0.0085 0.0192
239 0.0392 0.2683 0.6045 0.0357 0.0524
240 0.0242 0.4053 0.4888 0.0458 0.0360
241 0.0049 0.7051 0.1598 0.0273 0.1031
242 0.0082 0.5596 0.3420 0.0140 0.0763
243 0.0146 0.4614 0.2693 0.0297 0.2250
244 0.0173 0.2998 0.1819 0.0183 0.4829
245 0.0137 0.3540 0.1925 0.0353 0.4043
246 0.0160 0.3909 0.0936 0.0279 0.4717
247 0.0142 0.2698 0.0704 0.0188 0.6270
248 0.0164 0.7324 0.0655 0.0615 0.1243
249 0.0126 0.7979 0.0784 0.0337 0.0772
250 0.0254 0.7422 0.1876 0.0173 0.0277
251 0.0172 0.7549 0.1251 0.0547 0.0482
252 0.0258 0.7651 0.1077 0.0776 0.0237
253 0.0264 0.8804 0.0594 0.0256 0.0082
254 0.0093 0.4934 0.4707 0.0166 0.0099
255 0.0095 0.5430 0.4036 0.0288 0.0152
256 0.0098 0.8979 0.0507 0.0401 0.0016
257 0.0093 0.8940 0.0474 0.0478 0.0014
258 0.0171 0.8389 0.0357 0.1066 0.0018
259 0.0961 0.7671 0.0426 0.0902 0.0038
260 0.0283 0.7466 0.0980 0.0920 0.0352
261 0.0228 0.7539 0.1428 0.0283 0.0521
262 0.0170 0.8145 0.1028 0.0266 0.0390
263 0.0282 0.6880 0.1420 0.0284 0.1132
264 0.0218 0.7632 0.1082 0.0227 0.0843
265 0.0502 0.5928 0.1312 0.0382 0.1879
266 0.0520 0.6538 0.1154 0.0441 0.1349
267 0.0456 0.7124 0.1145 0.0456 0.0818
268 0.0844 0.5591 0.0871 0.1248 0.1447
269 0.0942 0.6592 0.0800 0.0572 0.1093
270 0.1296 0.6436 0.0756 0.0781 0.0733
271 0.0917 0.6670 0.0917 0.0835 0.0660
272 0.1110 0.7295 0.1011 0.0308 0.0274
273 0.1097 0.2435 0.2217 0.3831 0.0420
