time exciting_prob fearful_prob tense_prob sad_prob relaxing_prob
0 0.2037 0.2830 0.2496 0.2310 0.0327
1 0.0289 0.6377 0.3108 0.0184 0.0044
2 0.0186 0.7026 0.1981 0.0789 0.0018
3 0.0112 0.6777 0.1586 0.1512 0.0011
4 0.0165 0.6157 0.2411 0.1250 0.0019
5 0.0148 0.4990 0.1865 0.2981 0.0014
6 0.0087 0.6475 0.2006 0.1422 0.0009
7 0.0171 0.6279 0.2239 0.1295 0.0017
8 0.0157 0.6382 0.2422 0.1025 0.0015
9 0.0138 0.6006 0.2881 0.0965 0.0009
10 0.0195 0.6265 0.3408 0.0122 0.0009
11 0.0182 0.6113 0.2469 0.1223 0.0012
12 0.0276 0.5044 0.3359 0.1295 0.0029
13 0.0259 0.6333 0.3135 0.0259 0.0017
14 0.0582 0.6304 0.2507 0.0573 0.0037
15 0.0323 0.6748 0.2769 0.0146 0.0015
16 0.0582 0.6504 0.2588 0.0279 0.0045
17 0.0236 0.6475 0.3057 0.0221 0.0013
18 0.0289 0.5239 0.3279 0.1169 0.0023
19 0.0115 0.6968 0.2262 0.0648 0.0007
20 0.0135 0.7485 0.2247 0.0126 0.0009
21 0.0347 0.7183 0.1963 0.0489 0.0020
22 0.0307 0.6929 0.2394 0.0350 0.0021
23 0.0238 0.7109 0.2006 0.0636 0.0012
24 0.0427 0.6733 0.2255 0.0557 0.0028
25 0.0171 0.5474 0.1569 0.2754 0.0031
26 0.0050 0.1669 0.0559 0.7715 0.0005
27 0.0228 0.6709 0.2015 0.1029 0.0017
28 0.0152 0.5781 0.2527 0.1532 0.0009
29 0.0054 0.6294 0.1667 0.1980 0.0004
30 0.0092 0.2134 0.0977 0.6782 0.0018
31 0.0085 0.3918 0.0960 0.5029 0.0005
32 0.2184 0.3462 0.1610 0.0773 0.1973
33 0.1654 0.2927 0.1318 0.1128 0.2971
34 0.1520 0.2281 0.1260 0.1670 0.3269
35 0.2073 0.2969 0.2878 0.1493 0.0585
36 0.3318 0.4033 0.1847 0.0619 0.0184
37 0.1493 0.6284 0.1902 0.0128 0.0191
38 0.0198 0.6250 0.2448 0.1086 0.0020
39 0.0125 0.6294 0.2666 0.0907 0.0007
40 0.0103 0.7104 0.1688 0.1089 0.0013
41 0.0093 0.5698 0.1464 0.2734 0.0014
42 0.1823 0.1738 0.1195 0.4875 0.0367
43 0.0271 0.6714 0.2432 0.0551 0.0031
44 0.2764 0.4521 0.2365 0.0160 0.0190
45 0.2291 0.3899 0.3013 0.0617 0.0181
46 0.3613 0.3447 0.1874 0.0845 0.0222
47 0.2646 0.5967 0.0782 0.0482 0.0122
48 0.3052 0.4766 0.1214 0.0587 0.0382
49 0.3259 0.2499 0.1827 0.1915 0.0500
50 0.2856 0.2332 0.1530 0.2561 0.0722
51 0.3738 0.1738 0.1088 0.2957 0.0479
52 0.0086 0.7256 0.1670 0.0982 0.0005
53 0.0056 0.7480 0.1450 0.1012 0.0003
54 0.4678 0.1506 0.0872 0.2544 0.0399
55 0.5371 0.1841 0.0710 0.1813 0.0267
56 0.1484 0.3730 0.2861 0.1819 0.0104
57 0.1755 0.2151 0.4482 0.1226 0.0386
58 0.1398 0.1713 0.4729 0.1488 0.0671
59 0.0096 0.6489 0.1918 0.1494 0.0005
60 0.0126 0.5532 0.1912 0.2416 0.0017
61 0.0188 0.6382 0.1180 0.2240 0.0011
62 0.0128 0.4915 0.1725 0.3223 0.0010
63 0.0031 0.0998 0.0345 0.8623 0.0005
64 0.4106 0.3596 0.0867 0.1204 0.0226
65 0.3945 0.3794 0.1078 0.0975 0.0206
66 0.2825 0.4048 0.1754 0.1023 0.0351
67 0.3679 0.3887 0.1149 0.0854 0.0429
68 0.2323 0.3713 0.1323 0.2166 0.0476
69 0.4434 0.3347 0.0937 0.0644 0.0639
70 0.4321 0.4028 0.1136 0.0292 0.0220
71 0.4912 0.4009 0.0634 0.0314 0.0130
72 0.0244 0.8540 0.0859 0.0352 0.0004
73 0.3367 0.3528 0.0673 0.2123 0.0308
74 0.2108 0.4751 0.2389 0.0349 0.0402
75 0.4790 0.3560 0.0865 0.0367 0.0418
76 0.2700 0.5942 0.1017 0.0188 0.0152
77 0.2778 0.6069 0.0625 0.0385 0.0142
78 0.2085 0.5576 0.1040 0.1048 0.0249
79 0.3423 0.4329 0.1669 0.0173 0.0406
80 0.2830 0.4519 0.1378 0.0862 0.0411
81 0.1790 0.6006 0.1860 0.0215 0.0131
82 0.2013 0.5386 0.1655 0.0740 0.0206
83 0.1050 0.3135 0.1843 0.3665 0.0308
84 0.5815 0.1801 0.0589 0.1565 0.0231
85 0.5322 0.2051 0.0767 0.1366 0.0495
86 0.4905 0.1520 0.0729 0.2566 0.0281
87 0.3411 0.3547 0.1315 0.1411 0.0317
88 0.2032 0.6875 0.0486 0.0514 0.0091
89 0.1442 0.7095 0.0560 0.0815 0.0087
90 0.3499 0.4155 0.0684 0.1277 0.0384
91 0.4556 0.2698 0.0773 0.1599 0.0374
92 0.1493 0.7124 0.0711 0.0500 0.0172
93 0.4814 0.2700 0.0850 0.1357 0.0278
94 0.0279 0.6196 0.3367 0.0141 0.0018
95 0.0295 0.3623 0.5610 0.0461 0.0011
96 0.4546 0.2147 0.1595 0.1196 0.0514
97 0.3245 0.4612 0.1184 0.0729 0.0231
98 0.1359 0.4741 0.2766 0.1002 0.0135
99 0.5181 0.1580 0.0988 0.0770 0.1483
100 0.4211 0.4019 0.0519 0.0726 0.0527
101 0.4893 0.3496 0.0470 0.0994 0.0147
102 0.0342 0.8032 0.1271 0.0339 0.0018
103 0.0259 0.7759 0.1267 0.0694 0.0020
104 0.2771 0.5098 0.0590 0.1449 0.0094
105 0.4180 0.3718 0.0856 0.0779 0.0465
106 0.3262 0.2642 0.1181 0.2620 0.0296
107 0.1085 0.7295 0.1248 0.0336 0.0035
108 0.2299 0.2729 0.0533 0.3909 0.0529
109 0.3069 0.5781 0.0372 0.0546 0.0231
110 0.3181 0.5122 0.0434 0.0970 0.0291
111 0.1117 0.2556 0.0570 0.1827 0.3928
112 0.2416 0.3684 0.0917 0.2825 0.0158
113 0.2742 0.6274 0.0561 0.0368 0.0056
114 0.2399 0.5845 0.0797 0.0849 0.0109
115 0.1924 0.6260 0.0514 0.1223 0.0080
116 0.3367 0.5635 0.0287 0.0576 0.0134
117 0.0446 0.6411 0.1808 0.1323 0.0014
118 0.0303 0.8330 0.1076 0.0253 0.0037
119 0.4778 0.3259 0.0786 0.0421 0.0756
120 0.4238 0.4141 0.0620 0.0475 0.0526
121 0.0616 0.3127 0.1782 0.4409 0.0065
122 0.0471 0.5522 0.3350 0.0620 0.0039
123 0.0316 0.5869 0.3396 0.0406 0.0013
124 0.0285 0.6187 0.2661 0.0837 0.0033
125 0.0202 0.6450 0.2299 0.1036 0.0014
126 0.0107 0.0826 0.0323 0.8740 0.0007
127 0.0914 0.6147 0.1920 0.0943 0.0073
128 0.0094 0.7393 0.1008 0.1501 0.0005
129 0.0115 0.6309 0.1055 0.2510 0.0011
130 0.2466 0.0788 0.3069 0.3369 0.0309
131 0.0669 0.0555 0.4792 0.3850 0.0134
132 0.1105 0.5610 0.2451 0.0573 0.0262
133 0.1575 0.5371 0.1587 0.0817 0.0651
134 0.2512 0.4478 0.1334 0.1224 0.0454
135 0.0992 0.6621 0.1421 0.0737 0.0228
136 0.3796 0.3149 0.0471 0.1659 0.0923
137 0.0817 0.7749 0.1170 0.0245 0.0018
138 0.0771 0.7905 0.0930 0.0385 0.0010
139 0.2544 0.5825 0.0770 0.0807 0.0054
140 0.2661 0.1412 0.0283 0.1327 0.4316
141 0.3086 0.3184 0.0328 0.1827 0.1576
142 0.2788 0.2330 0.2057 0.2172 0.0652
143 0.3276 0.3301 0.1956 0.0976 0.0491
144 0.2644 0.2644 0.1580 0.2729 0.0403
145 0.0046 0.1098 0.0215 0.8638 0.0002
146 0.0082 0.3774 0.0472 0.5669 0.0002
147 0.0096 0.5195 0.0597 0.4109 0.0004
148 0.0991 0.2869 0.2415 0.2065 0.1660
149 0.0878 0.2275 0.2500 0.2461 0.1887
150 0.0622 0.1145 0.2139 0.2832 0.3262
151 0.2803 0.3276 0.1215 0.1796 0.0910
152 0.2883 0.4363 0.1240 0.1044 0.0467
153 0.0393 0.0210 0.0474 0.0250 0.8672
154 0.1382 0.4126 0.1119 0.1268 0.2107
155 0.1265 0.3386 0.0531 0.0263 0.4556
156 0.0141 0.6128 0.0743 0.2986 0.0003
157 0.0092 0.8442 0.0626 0.0836 0.0001
158 0.0047 0.3755 0.0197 0.6001 0.0001
159 0.0071 0.7661 0.0449 0.1819 0.0002
160 0.0059 0.5479 0.0518 0.3945 0.0002
161 0.0055 0.4087 0.0357 0.5498 0.0002
162 0.0055 0.4561 0.0294 0.5088 0.0001
163 0.0058 0.1073 0.0158 0.8706 0.0003
164 0.0068 0.5488 0.0365 0.4077 0.0002
165 0.0131 0.7954 0.0485 0.1426 0.0004
166 0.0068 0.6450 0.0479 0.3000 0.0002
167 0.0052 0.7808 0.0447 0.1689 0.0002
168 0.0175 0.7344 0.0528 0.1946 0.0008
169 0.0158 0.7681 0.0714 0.1443 0.0006
170 0.0060 0.5210 0.0405 0.4321 0.0003
171 0.0061 0.2140 0.0326 0.7471 0.0002
172 0.0542 0.8545 0.0735 0.0154 0.0025
173 0.2229 0.0900 0.3674 0.1069 0.2126
174 0.1370 0.0898 0.4707 0.2367 0.0657
175 0.3010 0.1346 0.0940 0.3926 0.0779
176 0.0515 0.7935 0.0876 0.0657 0.0016
177 0.0523 0.8184 0.0829 0.0431 0.0031
178 0.1967 0.4131 0.2194 0.0079 0.1630
179 0.5205 0.2103 0.0926 0.1456 0.0310
180 0.4226 0.2625 0.0981 0.1891 0.0277
181 0.0841 0.2081 0.2216 0.4336 0.0526
182 0.0803 0.0295 0.0220 0.1523 0.7158
183 0.0375 0.2059 0.3787 0.3728 0.0051
184 0.0985 0.2152 0.2764 0.3777 0.0325
185 0.0485 0.3391 0.4783 0.1084 0.0255
186 0.0663 0.3760 0.1580 0.3879 0.0118
187 0.0361 0.7661 0.1656 0.0214 0.0108
188 0.0895 0.4270 0.1262 0.3123 0.0450
189 0.1071 0.5698 0.2394 0.0719 0.0117
190 0.3879 0.2281 0.1921 0.0981 0.0936
191 0.2388 0.5596 0.0633 0.0800 0.0585
192 0.0544 0.5195 0.1107 0.1466 0.1687
193 0.0341 0.8530 0.0957 0.0143 0.0028
194 0.0251 0.4919 0.4622 0.0108 0.0099
195 0.0768 0.5991 0.2966 0.0229 0.0048
196 0.0579 0.6421 0.1958 0.1000 0.0041
197 0.0816 0.7988 0.0875 0.0298 0.0025
198 0.1726 0.6772 0.1055 0.0376 0.0069
199 0.1637 0.3438 0.2101 0.2595 0.0230
200 0.0540 0.1227 0.3665 0.1843 0.2725
201 0.5161 0.1650 0.1479 0.1346 0.0363
202 0.1787 0.2156 0.0448 0.4092 0.1517
203 0.2507 0.2712 0.0730 0.1232 0.2820
204 0.1603 0.3042 0.3340 0.1903 0.0113
205 0.3103 0.0917 0.3743 0.2167 0.0071
206 0.1299 0.1004 0.0384 0.2446 0.4866
207 0.1516 0.3445 0.0411 0.0787 0.3843
208 0.0099 0.7041 0.1699 0.1150 0.0009
209 0.0255 0.7329 0.2134 0.0267 0.0013
210 0.0123 0.6177 0.2698 0.0992 0.0011
211 0.0134 0.5581 0.2517 0.1757 0.0011
212 0.0166 0.7422 0.1936 0.0467 0.0009
213 0.1390 0.1033 0.0405 0.1758 0.5415
214 0.2693 0.1312 0.3098 0.2413 0.0483
215 0.1478 0.1959 0.4626 0.1729 0.0208
216 0.1060 0.1076 0.2881 0.4822 0.0163
217 0.1973 0.1769 0.2133 0.3743 0.0382
218 0.6348 0.0313 0.2194 0.1028 0.0117
219 0.6348 0.0313 0.2194 0.1028 0.0117
220 0.2037 0.2830 0.2496 0.2310 0.0327
221 0.2037 0.2830 0.2496 0.2310 0.0327
