time exciting_prob fearful_prob tense_prob sad_prob relaxing_prob
0 0.1857 0.0511 0.3311 0.4185 0.0139
1 0.6523 0.0210 0.1294 0.1783 0.0189
2 0.8086 0.0164 0.0872 0.0701 0.0177
3 0.7515 0.0120 0.1276 0.0884 0.0204
4 0.7935 0.0193 0.1179 0.0473 0.0220
5 0.5278 0.0085 0.2532 0.1409 0.0698
6 0.4736 0.0110 0.2418 0.2134 0.0602
7 0.1293 0.0126 0.0592 0.0436 0.7554
8 0.0969 0.0073 0.0423 0.0552 0.7983
9 0.1087 0.0056 0.0321 0.0250 0.8286
10 0.1388 0.0166 0.1597 0.2083 0.4768
11 0.3853 0.0735 0.2776 0.2247 0.0391
12 0.1682 0.0422 0.3372 0.3943 0.0581
13 0.2273 0.1024 0.3835 0.1715 0.1152
14 0.1439 0.0375 0.0460 0.5142 0.2585
15 0.2249 0.0203 0.1140 0.2432 0.3977
16 0.3877 0.0304 0.1904 0.0728 0.3188
17 0.2673 0.0265 0.0476 0.2695 0.3892
18 0.0864 0.0441 0.1515 0.6792 0.0389
19 0.5923 0.0140 0.0284 0.1698 0.1954
20 0.7129 0.0136 0.0165 0.0865 0.1707
21 0.2954 0.0171 0.0262 0.4165 0.2449
22 0.3657 0.0284 0.0552 0.3306 0.2201
23 0.5249 0.0414 0.1162 0.2240 0.0934
24 0.3987 0.0136 0.1636 0.3203 0.1039
25 0.4888 0.0074 0.1599 0.2700 0.0738
26 0.5474 0.0165 0.1472 0.1260 0.1630
27 0.0658 0.0512 0.1996 0.6543 0.0292
28 0.0403 0.5303 0.1981 0.2281 0.0031
29 0.0268 0.3020 0.2141 0.4534 0.0039
30 0.0333 0.1746 0.2139 0.5723 0.0057
31 0.4905 0.0235 0.1862 0.1862 0.1138
32 0.6069 0.0514 0.1647 0.0655 0.1114
33 0.5166 0.0603 0.1562 0.0500 0.2170
34 0.2172 0.0584 0.3635 0.3416 0.0193
35 0.1840 0.0365 0.2676 0.4624 0.0495
36 0.4160 0.0155 0.1004 0.4429 0.0250
37 0.1203 0.0801 0.1644 0.2588 0.3765
38 0.1208 0.1246 0.1434 0.5586 0.0524
39 0.1581 0.0266 0.0959 0.4504 0.2690
40 0.0964 0.0637 0.1109 0.5376 0.1917
41 0.2087 0.0571 0.2520 0.3723 0.1100
42 0.4961 0.0380 0.1324 0.2219 0.1116
43 0.4062 0.0478 0.2141 0.1309 0.2010
44 0.4268 0.0620 0.2319 0.0747 0.2047
45 0.1741 0.0682 0.2379 0.3801 0.1399
46 0.2527 0.0547 0.1968 0.3401 0.1558
47 0.1615 0.0399 0.1127 0.3936 0.2925
48 0.2156 0.0554 0.1307 0.4707 0.1277
49 0.3608 0.0414 0.1307 0.3210 0.1459
50 0.1511 0.0597 0.2913 0.2781 0.2198
51 0.2036 0.0253 0.4380 0.3154 0.0177
52 0.1016 0.0261 0.5410 0.3081 0.0232
53 0.1248 0.0541 0.2705 0.5215 0.0290
54 0.2075 0.0521 0.1220 0.6006 0.0180
55 0.2167 0.2761 0.3804 0.1151 0.0118
56 0.1436 0.1010 0.1287 0.6138 0.0127
57 0.1750 0.0397 0.0847 0.6763 0.0244
58 0.0504 0.0352 0.1813 0.7173 0.0161
59 0.1486 0.0358 0.4907 0.3120 0.0129
60 0.1119 0.0256 0.1076 0.7471 0.0081
61 0.1340 0.0422 0.4226 0.3672 0.0339
62 0.1405 0.0350 0.4260 0.3879 0.0106
63 0.0669 0.1230 0.0922 0.7026 0.0153
64 0.3501 0.1615 0.1844 0.0205 0.2834
65 0.3188 0.1173 0.1642 0.0384 0.3613
66 0.2054 0.1326 0.1613 0.0269 0.4739
67 0.2026 0.1288 0.0906 0.0270 0.5508
68 0.2135 0.1433 0.1245 0.0300 0.4885
69 0.1831 0.3213 0.3137 0.0240 0.1578
70 0.1202 0.1405 0.0908 0.6152 0.0331
71 0.1482 0.0920 0.1257 0.5859 0.0481
72 0.2072 0.0694 0.1539 0.4595 0.1100
73 0.1460 0.0533 0.1136 0.6543 0.0331
74 0.4827 0.1592 0.0958 0.0513 0.2109
75 0.1427 0.3850 0.2883 0.0674 0.1165
76 0.2139 0.0313 0.0537 0.6489 0.0524
77 0.2435 0.0370 0.0620 0.5576 0.0999
78 0.2749 0.0825 0.1733 0.0628 0.4062
79 0.2158 0.1761 0.1027 0.0190 0.4863
80 0.0577 0.0634 0.7314 0.1213 0.0264
81 0.0412 0.0412 0.8018 0.1036 0.0122
82 0.2664 0.1068 0.2727 0.0812 0.2727
83 0.1781 0.0359 0.1132 0.6416 0.0312
84 0.4609 0.0807 0.1696 0.2627 0.0260
85 0.1030 0.0742 0.5840 0.2322 0.0067
86 0.0519 0.0962 0.4380 0.4050 0.0088
87 0.0584 0.1100 0.5591 0.2639 0.0085
88 0.4961 0.0876 0.1410 0.0075 0.2676
89 0.3694 0.1066 0.1135 0.0082 0.4023
90 0.1048 0.1537 0.5078 0.1974 0.0362
91 0.1017 0.1664 0.3552 0.3523 0.0244
92 0.2089 0.0642 0.1067 0.0205 0.5996
93 0.1792 0.3677 0.1498 0.0364 0.2668
94 0.0969 0.0616 0.5571 0.2360 0.0483
95 0.1462 0.0685 0.6060 0.1139 0.0654
96 0.2352 0.1183 0.4534 0.1119 0.0813
97 0.1344 0.0322 0.1608 0.6211 0.0514
98 0.1181 0.0204 0.0652 0.7700 0.0264
99 0.5508 0.0942 0.1844 0.0129 0.1577
100 0.1448 0.0851 0.4124 0.2925 0.0652
101 0.2030 0.0691 0.2668 0.3975 0.0634
102 0.1068 0.0435 0.4094 0.3848 0.0554
103 0.2729 0.1240 0.4067 0.0501 0.1461
104 0.3059 0.1389 0.3081 0.0511 0.1959
105 0.2549 0.0223 0.0874 0.6260 0.0097
106 0.2388 0.0751 0.4062 0.1948 0.0851
107 0.4172 0.0640 0.1971 0.2825 0.0391
108 0.0593 0.0216 0.7686 0.1335 0.0167
109 0.0682 0.0715 0.1514 0.6733 0.0357
110 0.1674 0.0356 0.2252 0.5615 0.0101
111 0.2705 0.0375 0.2313 0.3472 0.1136
112 0.3250 0.0216 0.1584 0.3982 0.0968
113 0.1278 0.0746 0.4939 0.2583 0.0456
114 0.1181 0.0812 0.5635 0.1801 0.0571
115 0.0797 0.0526 0.6216 0.2166 0.0295
116 0.3203 0.2236 0.2185 0.0291 0.2085
117 0.5371 0.0926 0.1180 0.0320 0.2205
118 0.2264 0.0347 0.1709 0.4944 0.0735
119 0.3779 0.1515 0.2346 0.1677 0.0683
120 0.4529 0.0892 0.0673 0.0296 0.3611
121 0.5107 0.1233 0.1252 0.0258 0.2147
122 0.0923 0.0784 0.4204 0.3767 0.0322
123 0.1461 0.1021 0.3398 0.3850 0.0268
124 0.3074 0.0410 0.1940 0.4404 0.0172
125 0.0579 0.0804 0.5405 0.3081 0.0131
126 0.2788 0.0987 0.3210 0.2900 0.0114
127 0.2834 0.0872 0.1146 0.4568 0.0580
128 0.2256 0.0427 0.2401 0.4521 0.0395
129 0.1309 0.0393 0.3784 0.3906 0.0608
130 0.2839 0.1763 0.0908 0.3940 0.0550
131 0.2351 0.1566 0.1494 0.4258 0.0331
132 0.1875 0.0513 0.2209 0.4980 0.0422
133 0.0850 0.0130 0.1481 0.7349 0.0191
134 0.2607 0.1683 0.0453 0.4832 0.0425
135 0.1361 0.0633 0.1566 0.6240 0.0199
136 0.0566 0.0933 0.1885 0.6426 0.0188
137 0.2169 0.1017 0.0519 0.5806 0.0488
138 0.2705 0.0222 0.1426 0.3699 0.1948
139 0.1312 0.0583 0.2737 0.4653 0.0714
140 0.1165 0.0084 0.0696 0.7964 0.0091
141 0.1780 0.0848 0.4304 0.2610 0.0457
142 0.2180 0.0983 0.3101 0.3223 0.0514
143 0.2676 0.3103 0.0565 0.3489 0.0166
144 0.2690 0.1779 0.0243 0.3914 0.1375
145 0.3406 0.0257 0.2098 0.2268 0.1971
146 0.4775 0.0240 0.2678 0.0804 0.1503
147 0.2207 0.1360 0.3696 0.1693 0.1042
148 0.2072 0.0301 0.5127 0.2205 0.0296
149 0.1494 0.0274 0.4124 0.3875 0.0235
150 0.1705 0.1815 0.0408 0.5171 0.0899
151 0.1681 0.1763 0.0833 0.4866 0.0859
152 0.1418 0.2079 0.0916 0.4685 0.0901
153 0.1406 0.1281 0.0765 0.5391 0.1157
154 0.1095 0.0746 0.1362 0.0690 0.6104
155 0.3594 0.1765 0.1204 0.0085 0.3350
156 0.2014 0.0555 0.3506 0.3618 0.0306
157 0.4299 0.0601 0.2375 0.2549 0.0176
158 0.1543 0.1520 0.4431 0.1891 0.0614
159 0.0788 0.0943 0.2012 0.5601 0.0659
160 0.2451 0.0193 0.1711 0.5396 0.0248
161 0.3501 0.0285 0.0481 0.5596 0.0139
162 0.4136 0.1213 0.2690 0.0930 0.1030
163 0.2561 0.0360 0.2260 0.3088 0.1732
164 0.1990 0.0523 0.6421 0.0750 0.0315
165 0.4810 0.1315 0.2168 0.0940 0.0767
166 0.1877 0.1451 0.4299 0.1619 0.0753
167 0.1023 0.1234 0.7046 0.0337 0.0362
168 0.2527 0.0304 0.1619 0.5347 0.0203
169 0.2244 0.1980 0.1404 0.0554 0.3818
170 0.2173 0.1615 0.2208 0.2173 0.1830
171 0.1837 0.1595 0.2935 0.3274 0.0359
172 0.3735 0.1157 0.2096 0.2568 0.0443
173 0.6494 0.0432 0.1460 0.0613 0.1003
174 0.1619 0.1737 0.4102 0.0665 0.1877
175 0.2998 0.0659 0.1497 0.0345 0.4502
176 0.3516 0.0790 0.1536 0.0115 0.4045
177 0.1265 0.1514 0.6270 0.0785 0.0166
178 0.1437 0.1288 0.6050 0.1085 0.0142
179 0.2615 0.2238 0.1152 0.0447 0.3547
180 0.3899 0.2311 0.1208 0.0253 0.2329
181 0.2605 0.0513 0.3242 0.3167 0.0474
182 0.5166 0.0584 0.1246 0.2222 0.0780
183 0.5903 0.0721 0.1109 0.1327 0.0941
184 0.6592 0.0121 0.0838 0.1654 0.0793
185 0.2646 0.0833 0.0456 0.5220 0.0845
186 0.2477 0.1024 0.0693 0.5493 0.0312
187 0.3149 0.1355 0.2651 0.1740 0.1105
188 0.1895 0.1511 0.4138 0.1333 0.1122
189 0.1249 0.1495 0.6006 0.0542 0.0706
190 0.3364 0.0341 0.3667 0.2313 0.0313
191 0.2542 0.0520 0.2208 0.3757 0.0972
192 0.2339 0.1140 0.0938 0.5107 0.0475
193 0.1351 0.3645 0.0685 0.3142 0.1174
194 0.1483 0.3394 0.1110 0.2859 0.1155
195 0.1346 0.1057 0.3689 0.3467 0.0441
196 0.1541 0.0622 0.4973 0.2559 0.0306
197 0.1224 0.3379 0.2452 0.0145 0.2800
198 0.2040 0.1227 0.0831 0.5459 0.0445
199 0.2168 0.0257 0.1490 0.5757 0.0327
200 0.2245 0.0156 0.0807 0.6445 0.0347
201 0.3171 0.1063 0.1608 0.3948 0.0211
202 0.3765 0.0526 0.2776 0.2734 0.0198
203 0.4348 0.1255 0.1001 0.0240 0.3157
204 0.3289 0.0554 0.2123 0.3137 0.0899
205 0.2512 0.0394 0.1398 0.5527 0.0170
206 0.6265 0.0359 0.1781 0.0687 0.0909
207 0.3535 0.2196 0.0741 0.2842 0.0685
208 0.3301 0.0255 0.3352 0.2822 0.0269
209 0.4929 0.0389 0.2346 0.2153 0.0184
210 0.3289 0.0957 0.2642 0.2156 0.0957
211 0.3684 0.0939 0.0875 0.0640 0.3862
212 0.0822 0.1881 0.2737 0.4443 0.0117
213 0.3633 0.0651 0.1715 0.0195 0.3806
214 0.2222 0.2537 0.0912 0.3779 0.0549
215 0.1865 0.1262 0.3098 0.2844 0.0930
216 0.2354 0.1165 0.3701 0.1735 0.1044
217 0.2496 0.1503 0.0905 0.0395 0.4702
218 0.1624 0.0842 0.0848 0.0842 0.5845
219 0.7212 0.0394 0.0861 0.0367 0.1168
220 0.4858 0.0558 0.0576 0.0942 0.3064
221 0.4993 0.0490 0.1080 0.0163 0.3274
222 0.0949 0.1092 0.5293 0.1978 0.0689
223 0.0831 0.0750 0.4817 0.3159 0.0445
224 0.0955 0.1161 0.4773 0.2720 0.0392
225 0.4102 0.1820 0.1451 0.0271 0.2356
226 0.0550 0.1111 0.6699 0.1567 0.0072
227 0.0679 0.1202 0.5557 0.2505 0.0056
228 0.0637 0.0344 0.5254 0.3611 0.0153
229 0.7100 0.0351 0.0828 0.1159 0.0561
230 0.8032 0.0260 0.0894 0.0410 0.0403
231 0.0991 0.0530 0.0312 0.7852 0.0316
232 0.1868 0.0785 0.0320 0.6724 0.0303
233 0.5469 0.1230 0.0900 0.0277 0.2125
234 0.2340 0.1365 0.1809 0.1896 0.2590
235 0.0558 0.2686 0.5684 0.1052 0.0019
236 0.1472 0.0706 0.6807 0.0826 0.0190
237 0.4126 0.0734 0.1426 0.3367 0.0349
238 0.3364 0.0308 0.1447 0.3872 0.1010
239 0.3535 0.0568 0.2932 0.2355 0.0610
240 0.3665 0.0177 0.0898 0.4932 0.0330
241 0.3962 0.0283 0.2661 0.2367 0.0728
242 0.5220 0.0418 0.2280 0.1604 0.0478
243 0.2537 0.0637 0.3110 0.1370 0.2347
244 0.2383 0.1677 0.3633 0.0508 0.1799
245 0.2576 0.1444 0.3333 0.0933 0.1715
246 0.2571 0.1547 0.3950 0.0587 0.1344
247 0.6455 0.0373 0.1176 0.1685 0.0312
248 0.6025 0.0635 0.2166 0.0803 0.0370
249 0.5786 0.0765 0.2690 0.0644 0.0117
250 0.4797 0.0244 0.2096 0.2129 0.0735
251 0.4609 0.0252 0.2281 0.2429 0.0429
252 0.5874 0.0701 0.1736 0.1212 0.0478
253 0.5698 0.0486 0.1683 0.1792 0.0342
254 0.5513 0.0355 0.1791 0.2194 0.0146
255 0.3757 0.0980 0.1299 0.3643 0.0323
256 0.2037 0.2830 0.2496 0.2310 0.0327
257 0.2037 0.2830 0.2496 0.2310 0.0327
258 0.2037 0.2830 0.2496 0.2310 0.0327
259 0.6201 0.1342 0.0605 0.0101 0.1749
260 0.6167 0.1313 0.0620 0.0105 0.1794
261 0.5928 0.1365 0.0615 0.0140 0.1954
