time exciting_prob fearful_prob tense_prob sad_prob relaxing_prob
0 0.2732 0.4792 0.0644 0.1484 0.0347
1 0.0527 0.0527 0.7275 0.1549 0.0122
2 0.3928 0.0519 0.0398 0.4053 0.1100
3 0.3794 0.0400 0.0675 0.4436 0.0696
4 0.2791 0.0549 0.1746 0.3997 0.0920
5 0.3218 0.0334 0.2668 0.2798 0.0981
6 0.1417 0.0217 0.6865 0.1417 0.0084
7 0.3220 0.0526 0.5649 0.0149 0.0457
8 0.0660 0.0302 0.8423 0.0555 0.0059
9 0.2471 0.0127 0.2080 0.5068 0.0252
10 0.0931 0.0784 0.7324 0.0681 0.0277
11 0.0743 0.1726 0.4619 0.2593 0.0319
12 0.0883 0.0954 0.3545 0.4016 0.0602
13 0.0614 0.0375 0.3120 0.5474 0.0416
14 0.0565 0.1571 0.5073 0.2673 0.0120
15 0.0897 0.1389 0.2852 0.4485 0.0377
16 0.0510 0.0423 0.1522 0.7490 0.0054
17 0.4814 0.0255 0.1677 0.2617 0.0637
18 0.3499 0.0470 0.4121 0.1349 0.0562
19 0.4753 0.0193 0.2585 0.1655 0.0813
20 0.4373 0.0309 0.2673 0.2286 0.0356
21 0.1530 0.0734 0.5254 0.2123 0.0360
22 0.1208 0.0414 0.6533 0.1626 0.0220
23 0.0717 0.0485 0.6001 0.2622 0.0173
24 0.3779 0.0121 0.0721 0.3523 0.1857
25 0.2839 0.0240 0.0901 0.5225 0.0795
26 0.0600 0.1876 0.4792 0.2524 0.0206
27 0.1270 0.0770 0.3093 0.4570 0.0297
28 0.1548 0.1000 0.2717 0.4343 0.0392
29 0.1506 0.0723 0.2445 0.4224 0.1102
30 0.1936 0.2688 0.0619 0.1086 0.3672
31 0.1785 0.1552 0.1434 0.0301 0.4929
32 0.0556 0.0317 0.0097 0.0118 0.8911
33 0.0845 0.0384 0.0256 0.0172 0.8345
34 0.1678 0.1084 0.0528 0.0173 0.6538
35 0.2295 0.0920 0.0987 0.0545 0.5254
36 0.0797 0.0726 0.0823 0.0977 0.6675
37 0.3276 0.1055 0.0635 0.0413 0.4619
38 0.3906 0.1382 0.0845 0.0706 0.3162
39 0.3430 0.1105 0.0681 0.0714 0.4072
40 0.0405 0.0282 0.0941 0.1842 0.6528
41 0.1238 0.0485 0.0323 0.0549 0.7407
42 0.0498 0.0108 0.1023 0.7212 0.1159
43 0.0372 0.0121 0.0482 0.8540 0.0486
44 0.0678 0.0166 0.0603 0.0728 0.7822
45 0.0096 0.0181 0.0306 0.6396 0.3020
46 0.5400 0.0479 0.0766 0.1224 0.2131
47 0.3411 0.0469 0.0523 0.0395 0.5200
48 0.1783 0.2742 0.1049 0.2135 0.2290
49 0.1159 0.4880 0.0772 0.1866 0.1323
50 0.1028 0.0422 0.0634 0.0138 0.7778
51 0.1687 0.1897 0.0465 0.1399 0.4551
52 0.2581 0.0885 0.0428 0.5337 0.0769
53 0.2172 0.1589 0.0642 0.1665 0.3933
54 0.1083 0.0466 0.0699 0.0053 0.7700
55 0.0759 0.0615 0.1006 0.0073 0.7549
56 0.2534 0.1255 0.1455 0.1099 0.3657
57 0.4934 0.1075 0.0892 0.0942 0.2156
58 0.3367 0.1542 0.1460 0.0775 0.2856
59 0.0381 0.0550 0.1288 0.4785 0.2996
60 0.1110 0.1035 0.2009 0.4060 0.1787
61 0.0602 0.2235 0.2343 0.2654 0.2167
62 0.1245 0.0836 0.2068 0.3357 0.2495
63 0.1820 0.0930 0.1709 0.2062 0.3479
64 0.1620 0.1022 0.1114 0.2357 0.3887
65 0.0537 0.0590 0.0537 0.2561 0.5771
66 0.1587 0.0933 0.3718 0.1188 0.2576
67 0.1132 0.1536 0.3921 0.2035 0.1377
68 0.1738 0.2756 0.2432 0.1105 0.1969
69 0.0464 0.0581 0.0886 0.6250 0.1819
70 0.0624 0.0691 0.0853 0.4006 0.3823
71 0.0546 0.6865 0.1509 0.0674 0.0403
72 0.0839 0.3762 0.0966 0.1805 0.2627
73 0.2056 0.1992 0.1190 0.0739 0.4023
74 0.1220 0.1077 0.1230 0.1721 0.4751
75 0.0474 0.2208 0.0399 0.1011 0.5908
76 0.0512 0.0459 0.6333 0.2683 0.0012
77 0.0127 0.2534 0.5889 0.1444 0.0005
78 0.1503 0.1390 0.3132 0.3083 0.0891
79 0.1005 0.0406 0.3735 0.4648 0.0207
80 0.0969 0.0461 0.2454 0.3379 0.2737
81 0.1447 0.0536 0.3286 0.3015 0.1718
82 0.1631 0.0795 0.4832 0.2585 0.0157
83 0.3545 0.1294 0.1536 0.3079 0.0548
84 0.3669 0.0652 0.1350 0.3726 0.0604
85 0.1591 0.2058 0.5171 0.1154 0.0025
86 0.1842 0.1126 0.5586 0.1412 0.0033
87 0.2937 0.0430 0.3381 0.2893 0.0359
88 0.3557 0.0537 0.4861 0.0806 0.0240
89 0.0973 0.0581 0.6245 0.2092 0.0108
90 0.2245 0.0341 0.1981 0.5059 0.0375
91 0.4265 0.0664 0.2264 0.2030 0.0776
92 0.3381 0.0423 0.4341 0.1454 0.0401
93 0.0321 0.0489 0.1554 0.7588 0.0048
94 0.2913 0.0464 0.2268 0.3857 0.0498
95 0.1400 0.0476 0.1914 0.5806 0.0404
96 0.3298 0.1498 0.1113 0.0895 0.3196
97 0.3882 0.0062 0.2546 0.3269 0.0239
98 0.3228 0.0162 0.1797 0.4211 0.0602
99 0.2930 0.0425 0.3218 0.3347 0.0078
100 0.0883 0.0602 0.7686 0.0786 0.0042
101 0.3118 0.2144 0.3762 0.0669 0.0306
102 0.4041 0.0724 0.1396 0.3274 0.0564
103 0.1743 0.0804 0.5288 0.1885 0.0280
104 0.1256 0.0349 0.6792 0.0933 0.0672
105 0.2192 0.0658 0.5259 0.1019 0.0872
106 0.1559 0.0620 0.4583 0.3149 0.0088
107 0.4277 0.1715 0.2362 0.1188 0.0458
108 0.2568 0.0262 0.1879 0.5107 0.0185
109 0.3052 0.1158 0.3149 0.2268 0.0370
110 0.1836 0.0547 0.6309 0.1006 0.0304
111 0.3999 0.0684 0.1803 0.3020 0.0493
112 0.2820 0.2249 0.3098 0.1698 0.0134
113 0.2559 0.0119 0.1287 0.5859 0.0177
114 0.1449 0.1147 0.4644 0.2371 0.0390
115 0.0142 0.0074 0.0123 0.0589 0.9072
116 0.0502 0.0172 0.0654 0.4404 0.4268
117 0.1100 0.0291 0.5674 0.2681 0.0253
118 0.0931 0.0403 0.7437 0.0953 0.0275
119 0.0602 0.0280 0.8506 0.0423 0.0191
120 0.0380 0.0308 0.8252 0.0876 0.0187
121 0.0489 0.0190 0.8145 0.1044 0.0132
122 0.0461 0.0302 0.4617 0.2756 0.1865
123 0.0450 0.0429 0.5781 0.2690 0.0649
124 0.2585 0.0183 0.1569 0.5146 0.0517
125 0.0312 0.1048 0.5664 0.2052 0.0925
126 0.0551 0.2910 0.5352 0.0724 0.0461
127 0.2313 0.0885 0.3640 0.2642 0.0520
128 0.4199 0.0324 0.1343 0.3071 0.1062
129 0.4231 0.0952 0.1486 0.3120 0.0212
130 0.1428 0.0285 0.1593 0.6499 0.0195
131 0.1055 0.1132 0.0983 0.2913 0.3918
132 0.1169 0.0992 0.1032 0.2253 0.4553
133 0.6357 0.0789 0.1752 0.0945 0.0158
134 0.1993 0.0589 0.1190 0.5591 0.0637
135 0.2379 0.0243 0.3462 0.2306 0.1610
136 0.1948 0.3064 0.3186 0.0734 0.1068
137 0.3579 0.1033 0.1813 0.2898 0.0677
138 0.3867 0.1256 0.2274 0.1915 0.0688
139 0.2542 0.0695 0.3999 0.2581 0.0184
140 0.2139 0.0299 0.1829 0.5547 0.0188
141 0.2673 0.0676 0.2434 0.3950 0.0265
142 0.2483 0.0432 0.3613 0.2261 0.1210
143 0.3247 0.1014 0.0938 0.3596 0.1204
144 0.3608 0.1758 0.2922 0.1256 0.0455
145 0.3896 0.0792 0.3130 0.1689 0.0492
146 0.4333 0.0264 0.2412 0.1953 0.1038
147 0.2627 0.0859 0.5693 0.0385 0.0435
148 0.2769 0.0375 0.2993 0.3472 0.0392
149 0.0984 0.0164 0.3225 0.5317 0.0307
150 0.2112 0.1750 0.3884 0.1724 0.0530
151 0.3892 0.2983 0.1313 0.1399 0.0410
152 0.4495 0.0188 0.1425 0.3696 0.0196
153 0.3271 0.0945 0.3074 0.1895 0.0815
154 0.1896 0.3682 0.1609 0.1837 0.0976
155 0.1362 0.2563 0.2061 0.3616 0.0396
156 0.3269 0.1631 0.3169 0.0936 0.0997
157 0.1650 0.3284 0.3181 0.0891 0.0994
158 0.2722 0.0092 0.3665 0.3389 0.0133
159 0.2969 0.2766 0.2189 0.0850 0.1227
160 0.2095 0.0624 0.1968 0.2864 0.2449
161 0.1995 0.0516 0.1517 0.1615 0.4355
162 0.3647 0.0789 0.2430 0.2266 0.0867
163 0.0814 0.1250 0.1736 0.1484 0.4717
164 0.2290 0.0535 0.4277 0.1943 0.0955
165 0.3762 0.0509 0.0944 0.4231 0.0555
166 0.1133 0.0527 0.4695 0.2676 0.0969
167 0.2847 0.1398 0.3276 0.1105 0.1376
168 0.3672 0.0294 0.4788 0.0958 0.0288
169 0.0762 0.0484 0.3867 0.4739 0.0150
170 0.1198 0.1799 0.3577 0.3208 0.0218
171 0.1405 0.0893 0.2427 0.5137 0.0138
172 0.2310 0.0048 0.4521 0.2966 0.0156
173 0.0762 0.0236 0.6685 0.2240 0.0075
174 0.2344 0.0631 0.3518 0.3105 0.0401
175 0.2957 0.0486 0.3538 0.2339 0.0681
176 0.1456 0.0265 0.1841 0.5898 0.0540
177 0.1863 0.3320 0.3647 0.0753 0.0419
178 0.2397 0.0236 0.1648 0.5576 0.0143
179 0.3945 0.0620 0.2031 0.3145 0.0258
180 0.1630 0.1103 0.2666 0.4395 0.0206
181 0.0577 0.0624 0.1113 0.7368 0.0319
182 0.0497 0.1472 0.4294 0.1508 0.2228
183 0.0867 0.0179 0.2651 0.2164 0.4138
184 0.2062 0.0526 0.4399 0.0526 0.2488
185 0.0591 0.0692 0.3828 0.2340 0.2549
186 0.0105 0.0043 0.0263 0.0749 0.8843
187 0.0245 0.0443 0.3174 0.5928 0.0211
188 0.0160 0.0058 0.0336 0.1361 0.8086
189 0.0519 0.0912 0.3523 0.4053 0.0994
190 0.0150 0.0714 0.2034 0.3801 0.3301
191 0.0201 0.0928 0.2334 0.5342 0.1193
192 0.2169 0.1379 0.3467 0.2274 0.0710
193 0.2090 0.0845 0.1172 0.5596 0.0299
194 0.0905 0.1050 0.1227 0.6333 0.0485
195 0.3875 0.0800 0.1995 0.2996 0.0336
196 0.0323 0.0892 0.6689 0.2009 0.0086
197 0.0396 0.1061 0.6104 0.2246 0.0192
198 0.1324 0.1598 0.3716 0.3179 0.0182
199 0.2043 0.0958 0.3291 0.3503 0.0204
200 0.0274 0.0898 0.1412 0.7285 0.0128
201 0.2986 0.1525 0.3716 0.1610 0.0166
202 0.4473 0.1807 0.1953 0.1322 0.0446
203 0.1766 0.0903 0.4045 0.2340 0.0945
204 0.2129 0.1105 0.4578 0.1821 0.0367
205 0.2661 0.1042 0.2581 0.2810 0.0906
206 0.3015 0.0580 0.4456 0.0971 0.0979
207 0.0487 0.0146 0.8765 0.0587 0.0013
208 0.1681 0.0752 0.3645 0.3818 0.0104
209 0.0355 0.0456 0.5859 0.3162 0.0166
210 0.1519 0.0604 0.1427 0.6392 0.0058
211 0.0469 0.0904 0.3411 0.5122 0.0095
212 0.0404 0.2576 0.6084 0.0883 0.0056
213 0.0646 0.1049 0.2617 0.5244 0.0444
214 0.0401 0.0636 0.3386 0.5493 0.0081
215 0.1885 0.4382 0.2458 0.1074 0.0202
216 0.1104 0.0944 0.4722 0.2908 0.0321
217 0.2659 0.0317 0.3413 0.3467 0.0144
218 0.2576 0.0636 0.1885 0.4521 0.0383
219 0.2374 0.0680 0.3564 0.3049 0.0334
220 0.1119 0.0613 0.7593 0.0409 0.0266
221 0.3647 0.0916 0.2000 0.1544 0.1892
222 0.3303 0.0522 0.1304 0.1957 0.2915
223 0.3718 0.0970 0.4417 0.0750 0.0144
224 0.1285 0.1870 0.3662 0.2556 0.0626
225 0.0363 0.3496 0.4780 0.1033 0.0328
226 0.3091 0.1288 0.4426 0.1119 0.0077
227 0.3850 0.1520 0.4363 0.0133 0.0133
228 0.5977 0.0351 0.1852 0.1674 0.0145
229 0.3562 0.0260 0.1321 0.4263 0.0595
230 0.0634 0.0764 0.6011 0.2466 0.0129
231 0.4211 0.1305 0.1927 0.2117 0.0440
232 0.6006 0.0604 0.1052 0.2141 0.0196
233 0.6934 0.1006 0.0433 0.1534 0.0095
234 0.5005 0.0562 0.1901 0.2440 0.0091
235 0.5117 0.0910 0.2761 0.0954 0.0259
236 0.6372 0.0356 0.0656 0.1537 0.1082
237 0.5249 0.0673 0.2498 0.1401 0.0181
238 0.6914 0.0609 0.0788 0.0936 0.0752
239 0.8252 0.0377 0.0335 0.0322 0.0715
240 0.0983 0.0526 0.1985 0.6309 0.0197
241 0.6104 0.0758 0.0872 0.0936 0.1331
242 0.4116 0.1041 0.1357 0.3179 0.0308
243 0.3723 0.1678 0.2443 0.1602 0.0554
244 0.1014 0.0952 0.4404 0.3430 0.0201
245 0.2327 0.0437 0.3958 0.3181 0.0096
246 0.2554 0.0939 0.3601 0.2515 0.0392
247 0.2649 0.0555 0.1232 0.4724 0.0840
248 0.1970 0.0436 0.2216 0.4727 0.0650
249 0.0434 0.0994 0.3992 0.4119 0.0462
250 0.1055 0.2081 0.4915 0.0888 0.1063
251 0.2379 0.0743 0.3276 0.3152 0.0450
252 0.2947 0.0249 0.6094 0.0445 0.0266
253 0.2084 0.0338 0.4807 0.0671 0.2100
254 0.0325 0.0310 0.2477 0.4702 0.2186
255 0.1450 0.0453 0.2161 0.3506 0.2429
256 0.1805 0.1061 0.2300 0.4573 0.0260
257 0.1875 0.0973 0.2407 0.1654 0.3091
258 0.1318 0.1278 0.6802 0.0489 0.0115
259 0.0683 0.0190 0.1960 0.3208 0.3960
260 0.1094 0.0369 0.4788 0.3557 0.0191
261 0.1881 0.0569 0.1609 0.5195 0.0748
262 0.2311 0.1871 0.3389 0.2087 0.0343
263 0.1952 0.2373 0.4434 0.0643 0.0600
264 0.4878 0.1097 0.2434 0.1293 0.0298
265 0.1539 0.2153 0.3208 0.2744 0.0357
266 0.0769 0.0210 0.2925 0.4602 0.1494
267 0.0570 0.0472 0.7051 0.1782 0.0126
268 0.0876 0.0273 0.0698 0.2615 0.5537
269 0.0344 0.0204 0.1383 0.7959 0.0107
270 0.1001 0.0598 0.2722 0.1960 0.3721
271 0.0571 0.0305 0.5010 0.2944 0.1171
272 0.1007 0.1047 0.5703 0.1674 0.0569
273 0.0354 0.1100 0.1677 0.5166 0.1703
274 0.3064 0.0934 0.1917 0.3313 0.0775
275 0.1180 0.3359 0.1337 0.3750 0.0374
276 0.1615 0.2834 0.2041 0.3018 0.0493
277 0.2037 0.2830 0.2496 0.2310 0.0327
