time exciting_prob fearful_prob tense_prob sad_prob relaxing_prob
0 0.2037 0.2830 0.2496 0.2310 0.0327
1 0.0549 0.0994 0.1614 0.6792 0.0051
2 0.0459 0.2295 0.3555 0.3667 0.0023
3 0.0258 0.4355 0.1705 0.3667 0.0013
4 0.0264 0.5474 0.3169 0.1078 0.0016
5 0.0244 0.4006 0.2145 0.3591 0.0014
6 0.0617 0.4558 0.3838 0.0970 0.0018
7 0.1790 0.3970 0.2059 0.2125 0.0056
8 0.4290 0.2351 0.1747 0.1554 0.0057
9 0.3752 0.2703 0.2639 0.0864 0.0040
10 0.3196 0.1671 0.1429 0.3594 0.0111
11 0.4297 0.1521 0.1166 0.2932 0.0084
12 0.4209 0.1838 0.1714 0.2201 0.0039
13 0.5312 0.2017 0.1475 0.1158 0.0040
14 0.5498 0.1001 0.1400 0.2069 0.0033
15 0.6362 0.1282 0.1272 0.1055 0.0030
16 0.0313 0.2122 0.5420 0.1993 0.0155
17 0.0294 0.3135 0.5010 0.1481 0.0084
18 0.0423 0.6665 0.2198 0.0573 0.0141
19 0.0347 0.1554 0.2563 0.4863 0.0674
20 0.0235 0.2546 0.3704 0.3269 0.0248
21 0.0226 0.2115 0.4409 0.3079 0.0171
22 0.0218 0.2423 0.4058 0.3210 0.0092
23 0.0531 0.3057 0.3804 0.2052 0.0557
24 0.0316 0.2820 0.5024 0.1792 0.0047
25 0.1547 0.1014 0.0560 0.6665 0.0213
26 0.1161 0.0437 0.0448 0.7812 0.0140
27 0.0373 0.6357 0.1242 0.1582 0.0446
28 0.0193 0.4485 0.3494 0.1676 0.0152
29 0.0227 0.3130 0.4924 0.1676 0.0042
30 0.0612 0.1434 0.4419 0.3496 0.0039
31 0.0654 0.1724 0.3376 0.4202 0.0045
32 0.1050 0.3779 0.3960 0.1041 0.0169
33 0.0304 0.5347 0.3733 0.0564 0.0050
34 0.0154 0.1947 0.6792 0.1083 0.0022
35 0.0908 0.2228 0.3267 0.3479 0.0119
36 0.1144 0.3159 0.2137 0.3159 0.0402
37 0.0334 0.8696 0.0771 0.0168 0.0030
38 0.0395 0.2308 0.4312 0.2656 0.0327
39 0.0412 0.3591 0.5063 0.0880 0.0053
40 0.0419 0.2627 0.2585 0.4263 0.0105
41 0.0173 0.4543 0.3325 0.1865 0.0094
42 0.1935 0.2334 0.3909 0.1681 0.0143
43 0.0455 0.2725 0.4492 0.2122 0.0208
44 0.0621 0.1674 0.4695 0.2634 0.0377
45 0.1697 0.6357 0.1486 0.0370 0.0091
46 0.1558 0.4167 0.2179 0.1908 0.0189
47 0.0809 0.7378 0.1158 0.0410 0.0245
48 0.0263 0.2676 0.3127 0.3833 0.0101
49 0.1461 0.5688 0.1655 0.1061 0.0134
50 0.0119 0.7192 0.2372 0.0283 0.0035
51 0.0640 0.2303 0.3567 0.2490 0.0999
52 0.0557 0.0531 0.6997 0.1769 0.0149
53 0.0310 0.6226 0.2439 0.0970 0.0055
54 0.0609 0.2542 0.5728 0.1019 0.0104
55 0.0524 0.4458 0.3262 0.1665 0.0092
56 0.0222 0.5537 0.2202 0.1884 0.0155
57 0.0226 0.6987 0.1781 0.0809 0.0194
58 0.1831 0.3115 0.3020 0.1980 0.0053
59 0.0200 0.4836 0.4041 0.0730 0.0193
60 0.0330 0.4214 0.3281 0.2007 0.0167
61 0.0299 0.6597 0.2583 0.0419 0.0099
62 0.1024 0.4377 0.2612 0.1714 0.0273
63 0.0115 0.6602 0.2142 0.1086 0.0055
64 0.0267 0.4243 0.2534 0.2698 0.0257
65 0.0297 0.4871 0.3914 0.0771 0.0148
66 0.0129 0.4902 0.1981 0.2927 0.0061
67 0.0200 0.6235 0.2155 0.1349 0.0062
68 0.0209 0.0931 0.5884 0.2866 0.0109
69 0.0191 0.1036 0.7417 0.1329 0.0027
70 0.0278 0.6777 0.0676 0.1477 0.0791
71 0.0138 0.2749 0.6294 0.0800 0.0019
72 0.0303 0.6953 0.2257 0.0445 0.0041
73 0.0077 0.1810 0.7622 0.0472 0.0017
74 0.0270 0.2710 0.2668 0.4197 0.0154
75 0.0141 0.4331 0.1428 0.4004 0.0096
76 0.0130 0.0646 0.2942 0.6133 0.0149
77 0.0773 0.4346 0.3333 0.1479 0.0068
78 0.0273 0.8037 0.1487 0.0185 0.0019
79 0.0517 0.7422 0.1906 0.0126 0.0031
80 0.0184 0.1073 0.6675 0.1854 0.0215
81 0.1326 0.3660 0.2363 0.2401 0.0249
82 0.0338 0.5376 0.1802 0.2313 0.0169
83 0.0353 0.1547 0.2147 0.5835 0.0117
84 0.0701 0.0475 0.1290 0.7310 0.0224
85 0.0171 0.4624 0.3130 0.1958 0.0118
86 0.1202 0.2280 0.3369 0.2544 0.0604
87 0.0356 0.6021 0.2001 0.1453 0.0172
88 0.0316 0.6348 0.1965 0.0973 0.0399
89 0.0235 0.6245 0.2445 0.0865 0.0212
90 0.0487 0.5488 0.1726 0.1866 0.0433
91 0.0191 0.1846 0.5259 0.2644 0.0062
92 0.0198 0.2043 0.4678 0.3020 0.0063
93 0.0556 0.2844 0.5312 0.1168 0.0118
94 0.1298 0.4895 0.1858 0.1858 0.0092
95 0.0789 0.3096 0.3096 0.2886 0.0135
96 0.1246 0.4021 0.2152 0.2419 0.0161
97 0.1945 0.1771 0.1945 0.4182 0.0158
98 0.0621 0.4888 0.1715 0.2720 0.0056
99 0.0807 0.6655 0.1156 0.1270 0.0114
100 0.0185 0.2455 0.5708 0.1584 0.0067
101 0.0141 0.2913 0.5273 0.1534 0.0139
102 0.0480 0.3867 0.1945 0.3577 0.0129
103 0.1326 0.4485 0.2556 0.1379 0.0253
104 0.0420 0.5981 0.2915 0.0621 0.0062
105 0.0453 0.4717 0.1543 0.2372 0.0914
106 0.0234 0.5195 0.2234 0.1420 0.0917
107 0.0377 0.4211 0.3958 0.1274 0.0179
108 0.0137 0.6050 0.2522 0.1229 0.0062
109 0.0118 0.5879 0.3049 0.0820 0.0136
110 0.0153 0.0840 0.0860 0.7974 0.0175
111 0.0224 0.0958 0.1103 0.7305 0.0412
112 0.0070 0.0855 0.0732 0.8242 0.0101
113 0.0533 0.4600 0.3162 0.1470 0.0236
114 0.0535 0.5273 0.2590 0.1376 0.0225
115 0.0898 0.4058 0.2788 0.2073 0.0184
116 0.0228 0.7368 0.1395 0.0908 0.0098
117 0.0428 0.6138 0.2620 0.0576 0.0236
118 0.0141 0.6694 0.2242 0.0740 0.0180
119 0.0370 0.4692 0.3433 0.1387 0.0119
120 0.1104 0.1332 0.2129 0.5269 0.0168
121 0.1479 0.3281 0.2988 0.2152 0.0098
122 0.1040 0.5117 0.2101 0.1624 0.0118
123 0.1420 0.1711 0.2340 0.4304 0.0225
124 0.0648 0.3940 0.1981 0.2974 0.0456
125 0.0848 0.6079 0.1649 0.1225 0.0200
126 0.0238 0.0894 0.6602 0.2211 0.0057
127 0.0124 0.1646 0.7490 0.0696 0.0045
128 0.2388 0.3999 0.1733 0.1530 0.0352
129 0.1749 0.4329 0.3167 0.0525 0.0229
130 0.0467 0.5913 0.3315 0.0189 0.0117
131 0.0364 0.7432 0.1343 0.0681 0.0180
132 0.0360 0.3059 0.4592 0.1613 0.0377
133 0.0491 0.3154 0.4885 0.1400 0.0069
134 0.1753 0.3599 0.1768 0.2434 0.0447
135 0.0290 0.1591 0.5552 0.2388 0.0181
136 0.0154 0.7158 0.1141 0.1525 0.0021
137 0.0323 0.4458 0.3997 0.1181 0.0043
138 0.0227 0.6440 0.2727 0.0369 0.0235
139 0.0247 0.3103 0.4045 0.2341 0.0263
140 0.0906 0.2542 0.4126 0.2388 0.0039
141 0.0438 0.4558 0.2257 0.2681 0.0066
142 0.0424 0.2986 0.5322 0.1245 0.0021
143 0.0478 0.2245 0.5220 0.1862 0.0196
144 0.0168 0.7207 0.2340 0.0275 0.0011
145 0.0352 0.7080 0.2029 0.0425 0.0114
146 0.1064 0.4111 0.1598 0.3103 0.0123
147 0.0136 0.5078 0.3079 0.1115 0.0592
148 0.0186 0.5132 0.3367 0.0554 0.0763
149 0.0321 0.2125 0.5386 0.2028 0.0142
150 0.0727 0.6582 0.1042 0.1588 0.0060
151 0.0147 0.7310 0.1261 0.1045 0.0235
152 0.0269 0.2383 0.2007 0.5044 0.0298
153 0.0147 0.2996 0.1935 0.4863 0.0060
154 0.0968 0.2800 0.4478 0.1621 0.0133
155 0.0663 0.1371 0.7466 0.0463 0.0038
156 0.0163 0.2927 0.6006 0.0845 0.0056
157 0.0127 0.1412 0.7397 0.1033 0.0029
158 0.0268 0.3999 0.3936 0.1747 0.0050
159 0.0734 0.5337 0.2026 0.1760 0.0142
160 0.0315 0.6284 0.2347 0.1034 0.0020
161 0.0558 0.5337 0.2443 0.1589 0.0074
162 0.0601 0.6167 0.2286 0.0909 0.0039
163 0.0210 0.1328 0.6636 0.1732 0.0092
164 0.2139 0.2747 0.2832 0.2089 0.0194
165 0.0593 0.6084 0.1189 0.2039 0.0095
166 0.0570 0.8311 0.0495 0.0427 0.0197
167 0.0561 0.4380 0.1899 0.2742 0.0417
168 0.0425 0.6245 0.1580 0.1427 0.0321
169 0.0261 0.5127 0.1368 0.3108 0.0137
170 0.0629 0.1736 0.5181 0.2264 0.0189
171 0.1404 0.2502 0.4531 0.0763 0.0800
172 0.1989 0.3152 0.3252 0.1178 0.0430
173 0.0830 0.2537 0.2920 0.3577 0.0137
174 0.0553 0.5713 0.2917 0.0732 0.0084
175 0.0814 0.3142 0.4131 0.1862 0.0051
176 0.0517 0.1982 0.6299 0.1130 0.0071
177 0.0933 0.3181 0.2808 0.3037 0.0040
178 0.0383 0.1335 0.3987 0.4243 0.0052
179 0.0077 0.2284 0.4988 0.2629 0.0024
180 0.1062 0.4910 0.1533 0.1440 0.1053
181 0.0260 0.7603 0.0908 0.1078 0.0154
182 0.0132 0.3306 0.1611 0.4888 0.0063
183 0.0109 0.4990 0.4336 0.0560 0.0005
184 0.0452 0.3313 0.4600 0.1615 0.0021
185 0.1947 0.2856 0.3088 0.2025 0.0085
186 0.0247 0.4553 0.4211 0.0955 0.0033
187 0.0267 0.7686 0.1356 0.0557 0.0134
188 0.0115 0.7412 0.2225 0.0219 0.0028
189 0.1021 0.5303 0.0422 0.2976 0.0277
190 0.0136 0.5161 0.3230 0.1346 0.0125
191 0.0783 0.2568 0.2910 0.3623 0.0116
192 0.0427 0.7104 0.1853 0.0483 0.0135
193 0.0454 0.5615 0.0931 0.2935 0.0065
194 0.0297 0.1764 0.3398 0.4434 0.0108
195 0.0374 0.4055 0.2023 0.3413 0.0134
196 0.0250 0.3066 0.5552 0.1060 0.0069
197 0.0418 0.4194 0.4395 0.0928 0.0063
198 0.0712 0.4570 0.1592 0.2466 0.0659
199 0.1220 0.4033 0.2727 0.1735 0.0285
200 0.4758 0.1697 0.1953 0.1533 0.0059
201 0.3386 0.2119 0.2401 0.2069 0.0025
202 0.3862 0.1598 0.1549 0.2915 0.0074
203 0.1508 0.1250 0.1763 0.5430 0.0049
204 0.1201 0.5220 0.2664 0.0906 0.0010
205 0.1360 0.5815 0.1371 0.1415 0.0038
206 0.2600 0.0871 0.0844 0.5591 0.0094
207 0.2157 0.1393 0.1102 0.4639 0.0711
208 0.2157 0.1393 0.1102 0.4639 0.0711
