time exciting_prob fearful_prob tense_prob sad_prob relaxing_prob
0 0.2037 0.2830 0.2496 0.2310 0.0327
1 0.0890 0.0641 0.1422 0.6890 0.0155
2 0.0816 0.0911 0.2595 0.5322 0.0356
3 0.0735 0.1631 0.2732 0.4365 0.0538
4 0.0701 0.1373 0.2527 0.4946 0.0453
5 0.0816 0.0911 0.2554 0.5156 0.0561
6 0.0612 0.1743 0.3521 0.3867 0.0255
7 0.0283 0.0545 0.0689 0.7886 0.0598
8 0.0931 0.0483 0.1252 0.6562 0.0771
9 0.0424 0.0711 0.1553 0.6851 0.0459
10 0.0151 0.0444 0.1151 0.7744 0.0511
11 0.0116 0.0973 0.1211 0.7417 0.0283
12 0.0031 0.0106 0.0221 0.9551 0.0091
13 0.0174 0.0583 0.1465 0.7324 0.0454
14 0.0401 0.2615 0.4736 0.2168 0.0078
15 0.0297 0.0887 0.3853 0.4871 0.0093
16 0.0618 0.2330 0.4089 0.2900 0.0061
17 0.0472 0.3179 0.1755 0.4482 0.0114
18 0.0648 0.2092 0.3091 0.4033 0.0136
19 0.0202 0.1143 0.7930 0.0715 0.0010
20 0.0366 0.3643 0.1591 0.3757 0.0643
21 0.0281 0.1615 0.0477 0.7236 0.0392
22 0.0451 0.1625 0.6328 0.1526 0.0070
23 0.0563 0.2729 0.5430 0.1221 0.0058
24 0.0274 0.4214 0.1930 0.3440 0.0142
25 0.0611 0.3984 0.2306 0.3030 0.0069
26 0.0845 0.5054 0.1482 0.2502 0.0117
27 0.0793 0.1268 0.7651 0.0274 0.0014
28 0.0332 0.2615 0.6470 0.0557 0.0024
29 0.1152 0.2830 0.2966 0.2966 0.0088
30 0.0377 0.3308 0.3867 0.2421 0.0026
31 0.0153 0.1103 0.7192 0.1532 0.0020
32 0.0258 0.1555 0.7715 0.0456 0.0017
33 0.0282 0.5493 0.1489 0.2720 0.0018
34 0.0413 0.1941 0.6772 0.0822 0.0051
35 0.0254 0.1954 0.7373 0.0406 0.0012
36 0.0532 0.2852 0.5674 0.0926 0.0018
37 0.0357 0.1099 0.3601 0.4773 0.0171
38 0.0714 0.2532 0.2417 0.4241 0.0094
39 0.0502 0.4407 0.2360 0.2715 0.0016
40 0.0479 0.3486 0.2847 0.3125 0.0062
41 0.0380 0.3721 0.1171 0.4705 0.0022
42 0.1017 0.4351 0.1703 0.2898 0.0033
43 0.1891 0.2354 0.1967 0.3701 0.0088
44 0.1846 0.4226 0.0485 0.3291 0.0152
45 0.0243 0.1133 0.2399 0.6123 0.0101
46 0.0970 0.1170 0.0327 0.7397 0.0136
47 0.1982 0.1130 0.2246 0.3762 0.0880
48 0.3428 0.2932 0.1176 0.2301 0.0164
49 0.0174 0.3042 0.6245 0.0529 0.0012
50 0.1720 0.0845 0.2705 0.4126 0.0604
51 0.1506 0.1803 0.1077 0.5552 0.0060
52 0.0692 0.1072 0.4619 0.3379 0.0237
53 0.0422 0.0801 0.3479 0.4683 0.0614
54 0.0533 0.1519 0.0581 0.6294 0.1077
55 0.0948 0.3059 0.2152 0.3691 0.0150
56 0.1949 0.5137 0.1036 0.1708 0.0170
57 0.1210 0.6191 0.0769 0.1707 0.0122
58 0.1157 0.6553 0.0989 0.1194 0.0105
59 0.2032 0.0815 0.0802 0.5654 0.0697
60 0.1917 0.0956 0.0787 0.5635 0.0705
61 0.1848 0.1147 0.2607 0.3452 0.0944
62 0.1809 0.1648 0.3054 0.2781 0.0709
63 0.1461 0.3818 0.2883 0.1405 0.0432
64 0.1506 0.1790 0.3672 0.2996 0.0035
65 0.1593 0.1221 0.2883 0.4263 0.0038
66 0.1231 0.3914 0.2817 0.2030 0.0008
67 0.0974 0.4229 0.4229 0.0568 0.0003
68 0.1547 0.1396 0.3540 0.3027 0.0490
69 0.1070 0.1710 0.2732 0.4167 0.0321
70 0.2751 0.1630 0.1061 0.3972 0.0586
71 0.1372 0.4160 0.0609 0.3530 0.0328
72 0.1267 0.5723 0.0528 0.2057 0.0424
73 0.0578 0.0909 0.5073 0.3030 0.0410
74 0.1960 0.0721 0.5454 0.1785 0.0080
75 0.1237 0.0805 0.7119 0.0728 0.0111
76 0.0536 0.1042 0.7583 0.0717 0.0121
77 0.0414 0.2385 0.1109 0.5811 0.0280
78 0.0821 0.2433 0.0967 0.5107 0.0670
79 0.0522 0.1740 0.0888 0.6826 0.0025
80 0.1124 0.3745 0.2676 0.2437 0.0020
81 0.0093 0.1095 0.0718 0.7842 0.0252
82 0.1973 0.0797 0.6074 0.1107 0.0050
83 0.0501 0.0226 0.4004 0.5220 0.0048
84 0.0460 0.0381 0.7656 0.1484 0.0020
85 0.1857 0.0710 0.6582 0.0683 0.0166
86 0.0107 0.1804 0.5059 0.3020 0.0009
87 0.0312 0.0660 0.8296 0.0687 0.0044
88 0.1009 0.0360 0.8315 0.0267 0.0049
89 0.0693 0.0656 0.7744 0.0810 0.0098
90 0.0595 0.4360 0.2996 0.2028 0.0021
91 0.1251 0.1685 0.1646 0.5312 0.0108
92 0.2666 0.0585 0.1980 0.4062 0.0706
93 0.0486 0.0262 0.8813 0.0387 0.0053
94 0.0574 0.3408 0.5361 0.0650 0.0008
95 0.0228 0.1207 0.7627 0.0925 0.0015
96 0.0695 0.1382 0.1238 0.6489 0.0197
97 0.1455 0.3254 0.1216 0.3689 0.0386
98 0.1353 0.3120 0.1005 0.4299 0.0223
99 0.0995 0.2122 0.6436 0.0438 0.0011
100 0.1033 0.2659 0.1207 0.4812 0.0289
101 0.1812 0.2021 0.1501 0.4556 0.0111
102 0.1698 0.3682 0.2064 0.2433 0.0123
103 0.1338 0.2683 0.5591 0.0325 0.0065
104 0.1372 0.3447 0.4641 0.0387 0.0153
105 0.0965 0.4568 0.1229 0.3188 0.0049
106 0.1455 0.5366 0.0856 0.2255 0.0068
107 0.1377 0.0531 0.0565 0.7329 0.0195
108 0.1049 0.3604 0.2400 0.2939 0.0009
109 0.1266 0.1857 0.1886 0.4968 0.0022
110 0.4634 0.2766 0.1359 0.1050 0.0190
111 0.4207 0.3381 0.1254 0.1015 0.0143
112 0.2238 0.2273 0.0977 0.4180 0.0333
113 0.0651 0.3411 0.3154 0.2742 0.0041
114 0.0707 0.1279 0.1967 0.5918 0.0131
115 0.1711 0.1752 0.5107 0.1407 0.0022
116 0.0234 0.0579 0.1549 0.7622 0.0016
117 0.0435 0.2013 0.3821 0.3704 0.0028
118 0.0367 0.6860 0.1438 0.1320 0.0017
119 0.1155 0.1919 0.3586 0.3140 0.0199
120 0.2861 0.0801 0.4431 0.1736 0.0172
121 0.1843 0.1423 0.5903 0.0728 0.0104
122 0.1108 0.1256 0.5625 0.1689 0.0320
123 0.2280 0.0350 0.5342 0.1790 0.0238
124 0.0598 0.1032 0.1274 0.6782 0.0312
125 0.0668 0.2012 0.2625 0.4497 0.0199
126 0.1411 0.2363 0.2021 0.3777 0.0427
127 0.0856 0.3899 0.0721 0.4351 0.0173
128 0.0587 0.1597 0.1273 0.6465 0.0075
129 0.0953 0.1282 0.1793 0.5703 0.0271
130 0.0892 0.2260 0.2368 0.4221 0.0260
131 0.0879 0.2426 0.2903 0.3447 0.0344
132 0.1663 0.3604 0.1742 0.2515 0.0476
133 0.1334 0.1989 0.0531 0.5981 0.0164
134 0.0749 0.0720 0.2118 0.5845 0.0565
135 0.0606 0.5400 0.1597 0.2183 0.0211
136 0.1124 0.1098 0.4514 0.3054 0.0208
137 0.0727 0.3750 0.1237 0.4250 0.0035
138 0.0662 0.1445 0.2556 0.5283 0.0053
139 0.0460 0.3291 0.2445 0.3787 0.0017
140 0.1771 0.3037 0.1266 0.3579 0.0346
141 0.0909 0.5400 0.1633 0.1823 0.0235
142 0.0975 0.3857 0.1376 0.3301 0.0490
143 0.0702 0.1671 0.0945 0.6406 0.0275
144 0.1214 0.5312 0.0645 0.2693 0.0133
145 0.1384 0.3047 0.0654 0.4756 0.0161
146 0.2482 0.2705 0.1528 0.2947 0.0338
147 0.4897 0.0627 0.0599 0.3289 0.0589
148 0.4053 0.0919 0.1083 0.3206 0.0739
149 0.3386 0.0570 0.2401 0.3386 0.0257
150 0.3264 0.0481 0.4126 0.1949 0.0180
151 0.3557 0.0445 0.4094 0.1733 0.0172
152 0.2349 0.1163 0.0608 0.5723 0.0159
153 0.1758 0.1785 0.0963 0.5454 0.0039
154 0.2465 0.0512 0.1164 0.5728 0.0130
155 0.3350 0.3271 0.0302 0.2979 0.0099
156 0.4851 0.1305 0.0473 0.3230 0.0141
157 0.4683 0.1428 0.0659 0.3118 0.0113
158 0.3572 0.1178 0.0583 0.4587 0.0080
159 0.2374 0.0359 0.1710 0.1821 0.3735
160 0.3022 0.0729 0.1982 0.3169 0.1095
161 0.2793 0.0517 0.1519 0.3369 0.1803
162 0.2072 0.0641 0.1316 0.4055 0.1915
163 0.0581 0.0509 0.0432 0.8086 0.0390
164 0.2314 0.2091 0.0751 0.4258 0.0585
165 0.0948 0.1357 0.0612 0.6738 0.0346
166 0.1176 0.1685 0.0676 0.6211 0.0251
167 0.0988 0.1060 0.0568 0.7134 0.0250
168 0.1024 0.0507 0.0829 0.7446 0.0197
169 0.0622 0.0455 0.0830 0.8003 0.0092
170 0.2400 0.0365 0.0829 0.6177 0.0230
171 0.0357 0.0336 0.0627 0.8657 0.0021
172 0.2031 0.0382 0.2910 0.4370 0.0307
173 0.4700 0.0377 0.1335 0.3491 0.0096
174 0.1818 0.0509 0.0638 0.6753 0.0281
175 0.0685 0.5024 0.0279 0.3506 0.0505
176 0.0649 0.4436 0.0256 0.4167 0.0490
177 0.0592 0.3799 0.0611 0.4109 0.0889
178 0.0784 0.4336 0.0282 0.4072 0.0526
179 0.0412 0.2013 0.0275 0.3479 0.3821
180 0.0349 0.1772 0.0232 0.4631 0.3015
181 0.0246 0.3506 0.0358 0.5181 0.0707
182 0.0533 0.1495 0.6299 0.1299 0.0375
183 0.0704 0.1479 0.6182 0.1117 0.0519
184 0.0735 0.1450 0.6152 0.1321 0.0342
185 0.2729 0.1951 0.2646 0.2228 0.0446
186 0.2722 0.1771 0.3838 0.1227 0.0444
187 0.4414 0.1599 0.2576 0.1057 0.0357
188 0.5239 0.2593 0.0365 0.1624 0.0178
189 0.4529 0.3162 0.0493 0.1666 0.0153
190 0.2147 0.5835 0.0615 0.1213 0.0189
191 0.0839 0.6299 0.1520 0.1202 0.0139
192 0.0637 0.5415 0.3552 0.0360 0.0038
193 0.0736 0.3052 0.5029 0.1122 0.0061
194 0.0948 0.2703 0.4968 0.1296 0.0084
195 0.0929 0.4792 0.2335 0.1791 0.0153
196 0.0906 0.5381 0.1720 0.1667 0.0323
197 0.0767 0.7104 0.1443 0.0495 0.0194
198 0.1278 0.4094 0.2244 0.2261 0.0124
199 0.1272 0.2888 0.2321 0.3376 0.0143
200 0.0865 0.5020 0.3503 0.0567 0.0047
201 0.0877 0.5332 0.2617 0.1041 0.0133
202 0.0346 0.6323 0.1188 0.2118 0.0023
203 0.0256 0.8296 0.0640 0.0802 0.0007
204 0.0120 0.5376 0.0103 0.4390 0.0011
205 0.0137 0.4382 0.0184 0.5288 0.0009
206 0.0115 0.3862 0.0130 0.5889 0.0006
207 0.0255 0.3174 0.1621 0.4915 0.0035
208 0.0450 0.1750 0.1429 0.6304 0.0066
209 0.0440 0.4146 0.1124 0.4275 0.0015
210 0.0253 0.5674 0.1960 0.2087 0.0026
211 0.1300 0.3562 0.3975 0.1095 0.0069
212 0.0922 0.5479 0.3071 0.0482 0.0046
213 0.0501 0.6099 0.2209 0.1094 0.0095
214 0.0616 0.5615 0.2781 0.0854 0.0131
215 0.0712 0.7656 0.1138 0.0393 0.0103
216 0.0971 0.6738 0.1704 0.0536 0.0048
217 0.0503 0.6724 0.2435 0.0273 0.0064
218 0.0670 0.6655 0.2266 0.0385 0.0023
219 0.0502 0.6260 0.2778 0.0433 0.0027
220 0.0773 0.6626 0.2052 0.0527 0.0024
221 0.0709 0.6470 0.2307 0.0483 0.0031
222 0.1077 0.5103 0.2905 0.0886 0.0029
223 0.0841 0.4690 0.3596 0.0834 0.0037
224 0.0984 0.6270 0.2100 0.0620 0.0029
225 0.0645 0.6509 0.2357 0.0453 0.0037
226 0.0548 0.6025 0.2473 0.0889 0.0062
227 0.0892 0.5010 0.3235 0.0806 0.0057
228 0.0916 0.0534 0.2671 0.1194 0.4685
229 0.2484 0.0572 0.3188 0.1111 0.2644
230 0.1337 0.1009 0.2102 0.4382 0.1170
231 0.2097 0.1195 0.1940 0.3857 0.0909
232 0.1052 0.1949 0.2483 0.4192 0.0326
233 0.1072 0.3381 0.1882 0.3330 0.0335
234 0.2590 0.1453 0.2959 0.2233 0.0765
235 0.1941 0.1072 0.0841 0.5483 0.0660
236 0.2012 0.2012 0.2371 0.2996 0.0609
237 0.1858 0.2207 0.3696 0.1917 0.0323
238 0.1555 0.1289 0.4868 0.1967 0.0321
239 0.1882 0.0720 0.4111 0.1973 0.1313
240 0.2216 0.0868 0.3274 0.2491 0.1150
241 0.2808 0.0631 0.1975 0.3108 0.1479
242 0.2468 0.0826 0.1130 0.5142 0.0432
243 0.2037 0.2830 0.2496 0.2310 0.0327
