time exciting_prob fearful_prob tense_prob sad_prob relaxing_prob
0 0.2062 0.2864 0.2449 0.2300 0.0326
1 0.0543 0.1488 0.1272 0.6362 0.0334
2 0.1119 0.2091 0.2191 0.4358 0.0242
3 0.0201 0.0108 0.0051 0.9536 0.0104
4 0.0236 0.0120 0.0074 0.9512 0.0058
5 0.0667 0.1379 0.0366 0.6792 0.0798
6 0.0462 0.0421 0.0121 0.8857 0.0140
7 0.0572 0.0396 0.0086 0.8882 0.0063
8 0.1520 0.0915 0.0331 0.7031 0.0204
9 0.0634 0.3618 0.2546 0.2998 0.0204
10 0.0763 0.4749 0.3367 0.0545 0.0576
11 0.1385 0.2214 0.3650 0.2080 0.0670
12 0.1150 0.3982 0.1572 0.1674 0.1622
13 0.0932 0.3152 0.3228 0.2167 0.0523
14 0.2169 0.2576 0.2256 0.2086 0.0911
15 0.2172 0.1978 0.4187 0.0971 0.0694
16 0.2041 0.2443 0.2330 0.1370 0.1815
17 0.3013 0.3362 0.1677 0.0948 0.1002
18 0.1226 0.3333 0.3491 0.1649 0.0300
19 0.0509 0.2297 0.0701 0.6343 0.0148
20 0.0961 0.1866 0.0848 0.6216 0.0109
21 0.0656 0.3154 0.1048 0.5039 0.0104
22 0.0503 0.0932 0.0732 0.7744 0.0089
23 0.0833 0.4006 0.2429 0.1937 0.0795
24 0.1052 0.4329 0.2061 0.1906 0.0654
25 0.0789 0.4912 0.2249 0.1407 0.0644
26 0.0886 0.4978 0.1415 0.1890 0.0832
27 0.0916 0.2080 0.1765 0.4875 0.0364
28 0.0805 0.1639 0.3496 0.3552 0.0508
29 0.0557 0.3232 0.1456 0.3809 0.0948
30 0.0763 0.4392 0.1471 0.1654 0.1720
31 0.1520 0.3345 0.2729 0.2263 0.0142
32 0.3870 0.1917 0.2275 0.1127 0.0811
33 0.0994 0.3899 0.2517 0.2222 0.0368
34 0.0969 0.3923 0.0932 0.4048 0.0126
35 0.1118 0.6899 0.1287 0.0524 0.0173
36 0.1520 0.4331 0.1271 0.2773 0.0103
37 0.0641 0.2168 0.0904 0.6226 0.0061
38 0.1006 0.4614 0.1864 0.1807 0.0707
39 0.2646 0.4644 0.1279 0.0648 0.0782
40 0.1124 0.4585 0.3408 0.0698 0.0185
41 0.1190 0.3110 0.2920 0.2240 0.0540
42 0.1206 0.3203 0.2676 0.2615 0.0303
43 0.1561 0.2325 0.1367 0.1226 0.3518
44 0.0588 0.2720 0.0978 0.5005 0.0710
45 0.0365 0.0388 0.0164 0.8979 0.0102
46 0.0282 0.0267 0.0174 0.9204 0.0074
47 0.0405 0.0580 0.0172 0.8794 0.0048
48 0.0464 0.2286 0.0766 0.6265 0.0219
49 0.2600 0.1278 0.0524 0.5215 0.0384
50 0.1973 0.2306 0.0322 0.4998 0.0401
51 0.0904 0.1870 0.0179 0.6787 0.0261
52 0.0366 0.1996 0.0819 0.5176 0.1642
53 0.0245 0.5317 0.1853 0.1388 0.1196
54 0.2201 0.2739 0.1525 0.2654 0.0882
55 0.1575 0.5288 0.1479 0.0905 0.0756
56 0.0549 0.2832 0.1370 0.3364 0.1886
57 0.0499 0.1868 0.1700 0.5234 0.0698
58 0.0518 0.0397 0.0114 0.8906 0.0065
59 0.0389 0.0469 0.0121 0.8994 0.0028
60 0.1038 0.3003 0.2568 0.2489 0.0901
61 0.1700 0.1768 0.0767 0.5532 0.0234
62 0.1448 0.2500 0.0728 0.5171 0.0153
63 0.0642 0.3901 0.1034 0.4187 0.0236
64 0.0289 0.0868 0.0468 0.8301 0.0075
65 0.0681 0.0703 0.0400 0.8169 0.0045
66 0.1072 0.2286 0.0611 0.5840 0.0191
67 0.1298 0.6289 0.0603 0.1307 0.0504
68 0.2119 0.4592 0.0548 0.2037 0.0704
69 0.1848 0.4468 0.1104 0.2161 0.0422
70 0.0275 0.0601 0.0742 0.8228 0.0155
71 0.0770 0.2263 0.1094 0.5732 0.0139
72 0.0762 0.3635 0.1447 0.4055 0.0100
73 0.2295 0.1787 0.1639 0.2106 0.2173
74 0.1512 0.3804 0.1197 0.1927 0.1561
75 0.0662 0.4116 0.1914 0.2700 0.0607
76 0.0697 0.3027 0.1836 0.3376 0.1063
77 0.1561 0.2939 0.0579 0.2117 0.2805
78 0.0741 0.0966 0.0125 0.8091 0.0077
79 0.1099 0.5239 0.1057 0.1573 0.1032
80 0.1685 0.3796 0.2357 0.1396 0.0765
81 0.0437 0.1455 0.1367 0.6470 0.0271
82 0.1058 0.3284 0.1716 0.3550 0.0392
83 0.1087 0.5063 0.0413 0.3096 0.0339
84 0.0784 0.6821 0.0754 0.1547 0.0095
85 0.0421 0.3499 0.1136 0.4856 0.0089
86 0.1558 0.4688 0.1396 0.2130 0.0228
87 0.1285 0.1467 0.1082 0.5850 0.0315
88 0.0823 0.6079 0.1345 0.1206 0.0548
89 0.0139 0.8721 0.0402 0.0721 0.0019
90 0.0418 0.0349 0.0112 0.9077 0.0041
91 0.2900 0.2922 0.1459 0.1338 0.1381
92 0.0146 0.0427 0.0190 0.9136 0.0101
93 0.0263 0.0925 0.0238 0.8374 0.0200
94 0.0743 0.3545 0.1064 0.3330 0.1315
95 0.1028 0.5474 0.1078 0.1406 0.1013
96 0.2401 0.3440 0.0963 0.1326 0.1870
97 0.1394 0.1069 0.0186 0.7251 0.0102
98 0.1493 0.1614 0.0266 0.6431 0.0196
99 0.0303 0.0267 0.0294 0.8994 0.0140
100 0.0489 0.0818 0.0193 0.8394 0.0108
101 0.0437 0.0287 0.0137 0.9053 0.0085
102 0.1324 0.6421 0.0535 0.0682 0.1039
103 0.1700 0.3225 0.0754 0.0992 0.3328
104 0.1203 0.2712 0.1779 0.3945 0.0361
105 0.1146 0.1093 0.0254 0.6909 0.0599
106 0.0651 0.0754 0.0247 0.8052 0.0298
107 0.0595 0.1012 0.5913 0.1804 0.0674
108 0.0782 0.4568 0.2949 0.0623 0.1077
109 0.0224 0.1322 0.0279 0.7974 0.0198
110 0.0320 0.2556 0.1017 0.5854 0.0253
111 0.1512 0.4551 0.0862 0.2739 0.0335
112 0.1176 0.1583 0.1213 0.5879 0.0147
113 0.0385 0.3381 0.0969 0.5073 0.0191
114 0.0272 0.1580 0.0872 0.7188 0.0088
115 0.1190 0.2766 0.3086 0.0768 0.2189
116 0.0894 0.4614 0.2112 0.0457 0.1923
117 0.2241 0.1481 0.2106 0.2620 0.1553
118 0.1129 0.2075 0.3503 0.2583 0.0712
119 0.1168 0.1768 0.2737 0.3772 0.0556
120 0.0773 0.0947 0.5981 0.1741 0.0557
121 0.0728 0.3965 0.2725 0.1627 0.0956
122 0.1826 0.2273 0.3083 0.1770 0.1049
123 0.1179 0.3108 0.1703 0.2308 0.1703
124 0.1035 0.6904 0.1589 0.0325 0.0147
125 0.1290 0.4944 0.1362 0.2281 0.0121
126 0.0949 0.2600 0.2747 0.1482 0.2224
127 0.0683 0.5542 0.2422 0.1002 0.0349
128 0.0363 0.5957 0.3091 0.0181 0.0406
129 0.0825 0.3696 0.3638 0.0642 0.1200
130 0.0596 0.3352 0.3027 0.2216 0.0809
131 0.1188 0.5713 0.1573 0.1335 0.0190
132 0.1409 0.4692 0.3076 0.0731 0.0091
133 0.0506 0.6460 0.1794 0.0796 0.0443
134 0.0887 0.5566 0.1765 0.1311 0.0471
135 0.1715 0.4849 0.1898 0.1478 0.0060
136 0.2228 0.3118 0.1696 0.1906 0.1053
137 0.1299 0.3503 0.1804 0.1427 0.1965
138 0.1036 0.4680 0.0789 0.0764 0.2729
139 0.0714 0.1039 0.0249 0.7856 0.0142
140 0.0296 0.0734 0.0308 0.8530 0.0134
141 0.1643 0.3093 0.1416 0.1183 0.2666
142 0.0509 0.0260 0.0121 0.9028 0.0083
143 0.1107 0.1882 0.0257 0.6621 0.0130
144 0.0995 0.2769 0.1615 0.4426 0.0194
145 0.0741 0.3218 0.2318 0.3533 0.0190
146 0.1666 0.3113 0.1888 0.2313 0.1019
147 0.1425 0.5903 0.1127 0.0793 0.0751
148 0.0950 0.2603 0.0928 0.5342 0.0176
149 0.0394 0.2179 0.0880 0.6406 0.0143
150 0.0455 0.1083 0.0421 0.7939 0.0100
151 0.0529 0.7354 0.1163 0.0800 0.0154
152 0.0619 0.2690 0.1619 0.4871 0.0203
153 0.0667 0.4592 0.1411 0.3181 0.0149
154 0.1725 0.5479 0.0901 0.1698 0.0197
155 0.0465 0.2983 0.2983 0.3276 0.0293
156 0.0421 0.1066 0.1445 0.7007 0.0062
157 0.0234 0.1196 0.0714 0.7798 0.0060
158 0.0373 0.0640 0.1063 0.7856 0.0067
159 0.0256 0.1086 0.0974 0.7603 0.0081
160 0.1060 0.1693 0.0521 0.6646 0.0081
161 0.1727 0.4734 0.0737 0.2656 0.0146
162 0.0480 0.6777 0.2380 0.0161 0.0200
163 0.0619 0.5605 0.3401 0.0127 0.0248
164 0.0423 0.3862 0.3984 0.0340 0.1388
165 0.0534 0.5562 0.3120 0.0450 0.0331
166 0.0665 0.7852 0.1177 0.0114 0.0191
167 0.0793 0.6006 0.1542 0.0432 0.1229
168 0.0250 0.8877 0.0590 0.0131 0.0153
169 0.0587 0.6772 0.1647 0.0284 0.0709
170 0.0811 0.0911 0.0414 0.7632 0.0234
171 0.0571 0.1774 0.0381 0.7012 0.0262
172 0.0620 0.2450 0.6357 0.0518 0.0057
173 0.0470 0.7012 0.2073 0.0283 0.0164
174 0.0623 0.6748 0.2157 0.0236 0.0235
175 0.0381 0.6709 0.1385 0.1062 0.0460
176 0.0981 0.4680 0.2773 0.1450 0.0114
177 0.0971 0.4185 0.2620 0.1901 0.0325
178 0.0640 0.1398 0.0510 0.7153 0.0302
179 0.0331 0.0421 0.0217 0.8931 0.0101
180 0.0414 0.0451 0.0263 0.8779 0.0094
181 0.1836 0.3403 0.0789 0.0379 0.3594
182 0.3582 0.2725 0.0554 0.1602 0.1541
183 0.0973 0.3020 0.3369 0.2043 0.0595
184 0.2028 0.3450 0.0723 0.1803 0.1996
185 0.1572 0.4207 0.0692 0.0476 0.3054
186 0.2382 0.4346 0.0890 0.0296 0.2086
187 0.0907 0.1604 0.0277 0.7080 0.0135
188 0.0865 0.1980 0.0449 0.6592 0.0114
189 0.0219 0.0517 0.0285 0.8809 0.0169
190 0.0803 0.7612 0.0822 0.0547 0.0216
191 0.0107 0.0119 0.0093 0.9663 0.0021
192 0.0444 0.1016 0.0181 0.8306 0.0052
193 0.0646 0.1700 0.0271 0.7275 0.0109
194 0.0419 0.0393 0.0239 0.8887 0.0064
195 0.0122 0.0564 0.0321 0.8960 0.0033
196 0.0828 0.2166 0.1132 0.5703 0.0171
197 0.1135 0.2788 0.1412 0.4319 0.0346
198 0.0758 0.0958 0.0456 0.7656 0.0169
199 0.0315 0.0580 0.0224 0.8721 0.0160
200 0.0596 0.0991 0.0945 0.7373 0.0094
201 0.0726 0.0208 0.0111 0.8916 0.0037
202 0.0450 0.0209 0.0151 0.9028 0.0160
203 0.0816 0.0519 0.0149 0.8438 0.0078
204 0.0547 0.1659 0.0719 0.6875 0.0198
205 0.1068 0.3875 0.1267 0.3445 0.0346
206 0.0312 0.1945 0.0602 0.7002 0.0137
207 0.0698 0.3713 0.1273 0.4016 0.0298
208 0.0368 0.2217 0.0454 0.6724 0.0237
209 0.0497 0.2976 0.0490 0.5732 0.0304
210 0.0435 0.2563 0.0679 0.6152 0.0170
211 0.0361 0.3271 0.1096 0.5146 0.0123
212 0.2644 0.1460 0.1554 0.3240 0.1102
