time exciting_prob fearful_prob tense_prob sad_prob relaxing_prob
0 0.3135 0.0488 0.2598 0.3665 0.0115
1 0.1265 0.0122 0.0767 0.7627 0.0216
2 0.4336 0.0895 0.2756 0.1954 0.0057
3 0.5161 0.1990 0.1198 0.1573 0.0080
4 0.5791 0.2377 0.1534 0.0256 0.0043
5 0.5024 0.0723 0.3911 0.0297 0.0046
6 0.6514 0.1006 0.2322 0.0131 0.0028
7 0.7490 0.0367 0.2017 0.0113 0.0013
8 0.6924 0.0219 0.1545 0.1038 0.0273
9 0.5386 0.0272 0.3586 0.0432 0.0323
10 0.5889 0.0111 0.3408 0.0185 0.0404
11 0.7148 0.0630 0.1685 0.0114 0.0423
12 0.8096 0.0201 0.1301 0.0116 0.0284
13 0.9204 0.0208 0.0371 0.0185 0.0031
14 0.9365 0.0172 0.0316 0.0134 0.0016
15 0.9341 0.0124 0.0300 0.0216 0.0019
16 0.9668 0.0112 0.0034 0.0181 0.0006
17 0.9858 0.0046 0.0027 0.0064 0.0002
18 0.9697 0.0092 0.0032 0.0175 0.0002
19 0.9395 0.0353 0.0052 0.0192 0.0007
20 0.9800 0.0035 0.0027 0.0132 0.0008
21 0.9902 0.0021 0.0023 0.0043 0.0008
22 0.9819 0.0044 0.0065 0.0057 0.0014
23 0.9893 0.0018 0.0058 0.0032 0.0001
24 0.9517 0.0026 0.0126 0.0077 0.0254
25 0.9556 0.0019 0.0014 0.0010 0.0401
26 0.9590 0.0013 0.0005 0.0003 0.0390
27 0.9629 0.0015 0.0006 0.0003 0.0345
28 0.1710 0.0102 0.0680 0.6870 0.0639
29 0.3838 0.0519 0.1337 0.3718 0.0588
30 0.3381 0.0531 0.1610 0.3894 0.0583
31 0.3831 0.3149 0.1956 0.0286 0.0778
32 0.6548 0.1681 0.0740 0.0304 0.0729
33 0.3408 0.1478 0.0427 0.0239 0.4446
34 0.5049 0.2009 0.1815 0.0912 0.0212
35 0.2737 0.3352 0.1794 0.1420 0.0697
36 0.1962 0.0617 0.1704 0.5679 0.0038
37 0.2927 0.5137 0.1667 0.0219 0.0049
38 0.4924 0.0557 0.2595 0.1133 0.0791
39 0.3198 0.1323 0.2913 0.2490 0.0078
40 0.7729 0.0703 0.0854 0.0271 0.0443
41 0.2771 0.4678 0.1761 0.0367 0.0422
42 0.6523 0.0368 0.0636 0.1305 0.1169
43 0.1978 0.3418 0.3872 0.0363 0.0369
44 0.2448 0.4363 0.2299 0.0509 0.0381
45 0.5688 0.0900 0.1279 0.0764 0.1372
46 0.5234 0.1523 0.0923 0.0483 0.1837
47 0.4419 0.2384 0.1758 0.0191 0.1247
48 0.5659 0.1132 0.1659 0.0916 0.0635
49 0.6738 0.0466 0.1504 0.0831 0.0459
50 0.6665 0.0332 0.1233 0.0847 0.0923
51 0.0898 0.1993 0.4287 0.0949 0.1873
52 0.1340 0.3999 0.1460 0.1340 0.1860
53 0.2439 0.3748 0.1538 0.0876 0.1400
54 0.2388 0.5640 0.0935 0.0493 0.0545
55 0.1704 0.4705 0.2854 0.0589 0.0148
56 0.0732 0.2037 0.3359 0.3521 0.0351
57 0.1072 0.1141 0.1366 0.6270 0.0153
58 0.1769 0.1116 0.1715 0.5078 0.0322
59 0.1981 0.0577 0.1351 0.5825 0.0266
60 0.2566 0.0777 0.2266 0.3564 0.0827
61 0.5317 0.1699 0.0834 0.0342 0.1809
62 0.6294 0.1383 0.0275 0.0442 0.1604
63 0.3818 0.2142 0.2666 0.0966 0.0409
64 0.5571 0.1940 0.0665 0.0216 0.1609
65 0.5190 0.2197 0.0991 0.0159 0.1464
66 0.3110 0.3284 0.0891 0.1665 0.1050
67 0.5747 0.2413 0.0686 0.0419 0.0736
68 0.5498 0.3440 0.0380 0.0421 0.0263
69 0.6416 0.0797 0.2474 0.0251 0.0060
70 0.5039 0.0565 0.0721 0.1637 0.2036
71 0.6055 0.1748 0.0958 0.0276 0.0965
72 0.6597 0.1761 0.0701 0.0159 0.0782
73 0.3853 0.2527 0.2908 0.0155 0.0559
74 0.1649 0.2362 0.1561 0.4211 0.0218
75 0.1675 0.1729 0.1898 0.4412 0.0287
76 0.5278 0.0410 0.1444 0.1124 0.1741
77 0.5840 0.0611 0.1409 0.1647 0.0494
78 0.7295 0.1720 0.0456 0.0123 0.0405
79 0.5049 0.2139 0.1577 0.0224 0.1010
80 0.2593 0.1838 0.2117 0.3127 0.0324
81 0.0172 0.2839 0.1776 0.5142 0.0072
82 0.3176 0.2271 0.0822 0.2573 0.1160
83 0.6548 0.1069 0.1405 0.0412 0.0568
84 0.3245 0.1261 0.0659 0.0260 0.4575
85 0.1410 0.0561 0.1116 0.0291 0.6621
86 0.5278 0.1727 0.1177 0.0515 0.1304
87 0.4873 0.2000 0.0944 0.0072 0.2112
88 0.1819 0.4680 0.2466 0.0951 0.0086
89 0.5728 0.0689 0.0360 0.1182 0.2042
90 0.6606 0.0542 0.1261 0.0273 0.1321
91 0.2244 0.0920 0.0695 0.1164 0.4978
92 0.2152 0.0417 0.1274 0.3718 0.2438
93 0.2402 0.0727 0.3721 0.2239 0.0912
94 0.1698 0.0719 0.5151 0.1954 0.0479
95 0.4575 0.1053 0.1921 0.0339 0.2111
96 0.2502 0.0643 0.2242 0.3875 0.0739
97 0.2428 0.1749 0.3142 0.2246 0.0435
98 0.4187 0.2123 0.2462 0.0185 0.1042
99 0.3801 0.1377 0.3008 0.0479 0.1334
100 0.4534 0.1543 0.2749 0.0428 0.0746
101 0.4038 0.0901 0.2000 0.0610 0.2450
102 0.6675 0.1356 0.0889 0.0203 0.0876
103 0.1210 0.1803 0.4094 0.2705 0.0187
104 0.5469 0.0859 0.0643 0.0764 0.2263
105 0.4351 0.1886 0.1744 0.0315 0.1704
106 0.4160 0.1996 0.2708 0.0099 0.1036
107 0.2224 0.1448 0.3638 0.0431 0.2260
108 0.2651 0.1365 0.2778 0.0510 0.2693
109 0.3655 0.3174 0.0766 0.0403 0.2002
110 0.4819 0.2725 0.1287 0.0441 0.0728
111 0.4548 0.3276 0.1007 0.0611 0.0556
112 0.7197 0.0634 0.1112 0.0136 0.0922
113 0.7588 0.0914 0.0851 0.0106 0.0541
114 0.6846 0.1208 0.0963 0.0301 0.0683
115 0.2656 0.0540 0.1161 0.4812 0.0829
116 0.2498 0.0704 0.1445 0.5205 0.0149
117 0.3855 0.1332 0.1738 0.2932 0.0142
118 0.3303 0.0218 0.4111 0.2201 0.0164
119 0.1980 0.0161 0.1775 0.5908 0.0174
120 0.2323 0.2800 0.2181 0.0183 0.2512
121 0.5566 0.0573 0.0765 0.0625 0.2471
122 0.7671 0.0362 0.0692 0.0291 0.0983
123 0.6602 0.0866 0.1121 0.0707 0.0707
124 0.0604 0.0142 0.0264 0.8271 0.0717
125 0.0357 0.0090 0.0312 0.8994 0.0247
126 0.3889 0.2322 0.2715 0.0443 0.0630
127 0.5640 0.1309 0.1437 0.0285 0.1329
128 0.6816 0.1594 0.0596 0.0113 0.0880
129 0.1666 0.1191 0.1229 0.5591 0.0323
130 0.3413 0.0970 0.1798 0.3633 0.0187
131 0.5166 0.0523 0.1730 0.2478 0.0106
132 0.2795 0.2883 0.1819 0.0290 0.2212
133 0.1830 0.1163 0.1589 0.0207 0.5210
134 0.1899 0.0948 0.3083 0.3284 0.0786
135 0.0746 0.1790 0.4226 0.3091 0.0147
136 0.0672 0.2346 0.5991 0.0948 0.0043
137 0.1599 0.1091 0.2238 0.4812 0.0261
138 0.2698 0.0544 0.1294 0.0184 0.5283
139 0.6318 0.1206 0.0791 0.0523 0.1160
140 0.7637 0.0898 0.0421 0.0174 0.0870
141 0.7803 0.0932 0.0395 0.0194 0.0676
142 0.4365 0.2196 0.0959 0.0334 0.2145
143 0.5684 0.2705 0.0757 0.0378 0.0478
144 0.2422 0.2137 0.3960 0.1359 0.0122
145 0.2820 0.1752 0.3271 0.2031 0.0124
146 0.1583 0.0737 0.2756 0.4619 0.0305
147 0.4888 0.2556 0.1730 0.0161 0.0667
148 0.4248 0.2345 0.2169 0.0190 0.1049
149 0.2715 0.0676 0.2183 0.0656 0.3770
150 0.4883 0.1927 0.1388 0.0191 0.1610
151 0.4497 0.1667 0.1693 0.0180 0.1964
152 0.5210 0.0986 0.0688 0.0805 0.2311
153 0.3020 0.3093 0.1906 0.0555 0.1427
154 0.2966 0.3467 0.2598 0.0227 0.0744
155 0.0546 0.0355 0.0363 0.8599 0.0136
156 0.2214 0.0214 0.2588 0.4912 0.0070
157 0.2729 0.3342 0.2484 0.0145 0.1299
158 0.2769 0.2295 0.1268 0.0168 0.3501
159 0.6084 0.1588 0.0371 0.0099 0.1857
160 0.5962 0.2245 0.0623 0.0134 0.1036
161 0.0768 0.0392 0.0637 0.0196 0.8008
162 0.1183 0.1165 0.1406 0.0419 0.5825
163 0.0850 0.0365 0.1041 0.0850 0.6895
164 0.2847 0.2532 0.3127 0.0395 0.1098
165 0.2123 0.2386 0.2600 0.0184 0.2705
166 0.2788 0.2461 0.3064 0.0098 0.1589
167 0.2822 0.2081 0.3030 0.0094 0.1971
168 0.2245 0.3760 0.1935 0.0097 0.1965
169 0.2781 0.1686 0.2571 0.0094 0.2869
170 0.3381 0.2115 0.2891 0.0171 0.1443
171 0.2236 0.3105 0.4519 0.0044 0.0095
172 0.4573 0.2751 0.1643 0.0068 0.0966
173 0.1312 0.0479 0.0464 0.0191 0.7554
174 0.1443 0.1584 0.1466 0.0351 0.5156
175 0.2258 0.2056 0.1504 0.0948 0.3235
176 0.3289 0.0366 0.3967 0.2333 0.0043
177 0.3828 0.2571 0.1431 0.0362 0.1809
178 0.2898 0.2440 0.2722 0.0247 0.1691
179 0.7686 0.1024 0.0849 0.0062 0.0377
180 0.7734 0.0815 0.1039 0.0039 0.0373
181 0.2181 0.3076 0.3328 0.0327 0.1088
182 0.4858 0.2747 0.0549 0.0408 0.1437
183 0.6055 0.2427 0.0609 0.0121 0.0788
184 0.6328 0.0786 0.1626 0.0504 0.0756
185 0.3635 0.1946 0.2104 0.1871 0.0441
186 0.3472 0.0372 0.1692 0.4253 0.0213
187 0.6167 0.0822 0.1941 0.0320 0.0748
188 0.4368 0.0747 0.2607 0.2146 0.0131
189 0.2482 0.0657 0.2856 0.3726 0.0281
190 0.5322 0.0239 0.1561 0.2720 0.0157
191 0.5723 0.1026 0.2240 0.0584 0.0428
192 0.6533 0.0270 0.2810 0.0244 0.0141
193 0.3462 0.2325 0.1501 0.2271 0.0440
194 0.5952 0.0979 0.1639 0.0831 0.0598
195 0.1714 0.4961 0.0876 0.2289 0.0161
196 0.4324 0.2583 0.2010 0.0176 0.0906
197 0.3281 0.1179 0.0721 0.0117 0.4702
198 0.4290 0.1641 0.0858 0.1964 0.1248
199 0.1930 0.3335 0.2556 0.1785 0.0395
200 0.2920 0.3108 0.1152 0.2659 0.0162
201 0.3154 0.2135 0.1943 0.2595 0.0172
202 0.2371 0.2028 0.1394 0.4033 0.0176
203 0.1713 0.0725 0.0790 0.0257 0.6514
204 0.3867 0.0386 0.2345 0.3257 0.0146
205 0.1460 0.1616 0.3970 0.2881 0.0074
206 0.3738 0.1595 0.0802 0.0186 0.3679
207 0.2281 0.0801 0.1300 0.0311 0.5308
208 0.6855 0.1146 0.0604 0.0633 0.0763
209 0.6123 0.1713 0.1115 0.0426 0.0625
210 0.1991 0.5850 0.0575 0.1316 0.0269
211 0.2209 0.6909 0.0292 0.0344 0.0244
212 0.5527 0.2778 0.1030 0.0232 0.0433
213 0.2092 0.2059 0.1383 0.4033 0.0432
214 0.6680 0.0904 0.0699 0.1326 0.0392
215 0.7930 0.0420 0.1073 0.0253 0.0325
216 0.7207 0.0742 0.0802 0.0127 0.1122
217 0.3582 0.3416 0.1978 0.0280 0.0745
218 0.4612 0.2566 0.1509 0.0158 0.1157
219 0.1356 0.2917 0.1990 0.3687 0.0050
220 0.1971 0.6934 0.0447 0.0502 0.0147
221 0.2411 0.4871 0.0908 0.1497 0.0314
222 0.1454 0.6216 0.1366 0.0822 0.0143
223 0.3330 0.2344 0.3833 0.0330 0.0163
224 0.8193 0.0647 0.0786 0.0182 0.0191
225 0.8120 0.0651 0.0598 0.0411 0.0220
226 0.8320 0.0762 0.0647 0.0137 0.0132
227 0.5039 0.0511 0.1912 0.2253 0.0286
228 0.2861 0.0859 0.1138 0.4360 0.0782
229 0.4438 0.1054 0.4106 0.0337 0.0064
230 0.2727 0.1965 0.2603 0.2371 0.0334
231 0.4490 0.2854 0.2366 0.0174 0.0115
232 0.2681 0.0357 0.1843 0.5010 0.0109
233 0.3071 0.0400 0.4470 0.1984 0.0076
234 0.3870 0.0459 0.1338 0.4185 0.0148
235 0.2729 0.0629 0.1331 0.5103 0.0211
236 0.2073 0.1317 0.1277 0.4817 0.0516
237 0.2073 0.1317 0.1277 0.4817 0.0516
238 0.6357 0.2063 0.0284 0.0140 0.1157
239 0.6396 0.2045 0.0279 0.0130 0.1147
240 0.6396 0.2045 0.0279 0.0130 0.1147
241 0.5898 0.2239 0.0303 0.0135 0.1423
242 0.5898 0.2239 0.0303 0.0135 0.1423
243 0.5898 0.2239 0.0303 0.0135 0.1423
244 0.5898 0.2239 0.0303 0.0135 0.1423
245 0.5898 0.2239 0.0303 0.0135 0.1423
246 0.5898 0.2239 0.0303 0.0135 0.1423
247 0.5898 0.2239 0.0303 0.0135 0.1423
