time exciting_prob fearful_prob tense_prob sad_prob relaxing_prob
0 0.2037 0.2830 0.2496 0.2310 0.0327
1 0.5142 0.1279 0.2751 0.0674 0.0155
2 0.5601 0.0859 0.2666 0.0572 0.0302
3 0.5386 0.0980 0.2583 0.0806 0.0246
4 0.6416 0.1177 0.1572 0.0592 0.0245
5 0.0409 0.1231 0.2527 0.5186 0.0649
6 0.0276 0.0933 0.1930 0.6431 0.0431
7 0.0326 0.1219 0.2603 0.5337 0.0516
8 0.0257 0.1082 0.1770 0.6572 0.0317
9 0.0346 0.0733 0.1815 0.6235 0.0870
10 0.2418 0.1422 0.5894 0.0101 0.0165
11 0.2720 0.0940 0.5850 0.0414 0.0079
12 0.1241 0.4265 0.1923 0.1166 0.1406
13 0.1327 0.3440 0.1575 0.1901 0.1758
14 0.0787 0.5908 0.1219 0.1027 0.1059
15 0.0831 0.5767 0.1412 0.0927 0.1066
16 0.1417 0.3975 0.1791 0.1212 0.1605
17 0.1335 0.3987 0.1884 0.1255 0.1538
18 0.0626 0.2615 0.2827 0.3521 0.0411
19 0.0511 0.3108 0.2966 0.3308 0.0106
20 0.1478 0.2595 0.2720 0.2676 0.0531
21 0.1888 0.3289 0.2313 0.2313 0.0197
22 0.1318 0.2542 0.4675 0.1085 0.0378
23 0.0594 0.1566 0.3369 0.3938 0.0533
24 0.0444 0.2291 0.4629 0.2327 0.0310
25 0.0505 0.1174 0.4160 0.3672 0.0489
26 0.0291 0.0731 0.4841 0.3953 0.0185
27 0.4639 0.1154 0.1578 0.2058 0.0572
28 0.6030 0.2253 0.1187 0.0191 0.0340
29 0.4431 0.4099 0.0908 0.0329 0.0233
30 0.4272 0.3274 0.1420 0.0803 0.0232
31 0.5200 0.2656 0.1245 0.0786 0.0111
32 0.5010 0.3286 0.1058 0.0405 0.0240
33 0.5610 0.2549 0.1030 0.0154 0.0660
34 0.5850 0.2656 0.0947 0.0249 0.0300
35 0.5977 0.2493 0.0889 0.0275 0.0365
36 0.5845 0.2289 0.1255 0.0454 0.0157
37 0.5669 0.1757 0.0904 0.1179 0.0492
38 0.4658 0.1714 0.1912 0.1500 0.0215
39 0.2769 0.1963 0.2090 0.2947 0.0233
40 0.2135 0.4448 0.1245 0.1573 0.0598
41 0.3669 0.1371 0.1219 0.3088 0.0652
42 0.2590 0.2413 0.1725 0.2433 0.0840
43 0.0995 0.0684 0.0757 0.7188 0.0378
44 0.2708 0.2927 0.2644 0.1129 0.0590
45 0.2369 0.2927 0.1578 0.1642 0.1483
46 0.3662 0.1562 0.1716 0.1975 0.1083
47 0.2505 0.1656 0.1605 0.3320 0.0914
48 0.3201 0.2455 0.1926 0.1008 0.1410
49 0.3220 0.2568 0.2249 0.1232 0.0730
50 0.1317 0.4253 0.2173 0.1787 0.0470
51 0.1694 0.3115 0.1904 0.1860 0.1426
52 0.2881 0.2881 0.2563 0.1052 0.0623
53 0.3201 0.2695 0.2200 0.1115 0.0790
54 0.2181 0.3457 0.2130 0.1063 0.1168
55 0.2773 0.3372 0.2773 0.0517 0.0564
56 0.1365 0.4763 0.3125 0.0543 0.0204
57 0.2462 0.3186 0.2561 0.0980 0.0812
58 0.0986 0.3694 0.3015 0.1349 0.0956
59 0.0865 0.2861 0.2563 0.3291 0.0418
60 0.0945 0.3621 0.1710 0.3245 0.0479
61 0.1744 0.2422 0.1678 0.3552 0.0603
62 0.1564 0.2898 0.2275 0.2832 0.0431
63 0.1821 0.3376 0.2866 0.1646 0.0293
64 0.2715 0.3003 0.2913 0.0888 0.0483
65 0.1849 0.3430 0.0569 0.1030 0.3123
66 0.0869 0.3462 0.0656 0.1660 0.3354
67 0.0959 0.6016 0.0479 0.1086 0.1462
68 0.0069 0.0567 0.0308 0.8872 0.0181
69 0.0822 0.3027 0.0742 0.1925 0.3484
70 0.0917 0.4622 0.1115 0.1548 0.1796
71 0.0748 0.5791 0.1105 0.1105 0.1252
72 0.0504 0.3813 0.1027 0.3162 0.1494
73 0.1070 0.4504 0.1879 0.1037 0.1509
74 0.0481 0.0536 0.1033 0.7520 0.0431
75 0.1527 0.5327 0.2257 0.0477 0.0411
76 0.1693 0.3999 0.1904 0.1788 0.0613
77 0.1924 0.1620 0.1571 0.4302 0.0582
78 0.1802 0.4321 0.2443 0.0871 0.0562
79 0.1123 0.4619 0.2983 0.1168 0.0106
80 0.1906 0.4292 0.2280 0.1183 0.0339
81 0.0690 0.2194 0.0546 0.3618 0.2952
82 0.0493 0.1747 0.2749 0.4749 0.0264
83 0.0981 0.2263 0.3972 0.2410 0.0372
84 0.2249 0.2179 0.3271 0.1030 0.1271
85 0.1104 0.0833 0.2817 0.4868 0.0378
86 0.0896 0.3462 0.0797 0.3008 0.1838
87 0.1161 0.3386 0.1001 0.2086 0.2365
88 0.1593 0.3071 0.1112 0.1473 0.2751
89 0.0336 0.0652 0.1146 0.7129 0.0740
90 0.0680 0.2230 0.1203 0.4365 0.1521
91 0.0885 0.2791 0.0381 0.1415 0.4529
92 0.1044 0.5220 0.0839 0.1592 0.1309
93 0.0845 0.5420 0.0775 0.2406 0.0554
94 0.1153 0.3362 0.0524 0.1600 0.3362
95 0.1768 0.3772 0.0660 0.1548 0.2252
96 0.0364 0.1069 0.0209 0.7480 0.0880
97 0.1981 0.3674 0.2861 0.1240 0.0244
98 0.1285 0.3899 0.1960 0.1855 0.1001
99 0.2563 0.3730 0.1519 0.0966 0.1221
100 0.1825 0.3254 0.2253 0.2253 0.0414
101 0.2433 0.3403 0.2693 0.1282 0.0189
102 0.1530 0.4226 0.1965 0.1875 0.0406
103 0.0172 0.0490 0.0297 0.8291 0.0748
104 0.1036 0.0846 0.3821 0.3704 0.0595
105 0.1025 0.5767 0.0566 0.0455 0.2188
106 0.1753 0.2341 0.1896 0.1896 0.2114
107 0.0256 0.2451 0.2096 0.5029 0.0167
108 0.0792 0.4556 0.2764 0.1757 0.0133
109 0.0555 0.1644 0.2178 0.5225 0.0397
110 0.1179 0.5991 0.1217 0.1074 0.0540
111 0.0682 0.5664 0.1031 0.1810 0.0810
112 0.1884 0.3306 0.0377 0.1074 0.3359
113 0.1637 0.1378 0.0503 0.4739 0.1743
114 0.1846 0.1578 0.1278 0.2815 0.2483
115 0.1812 0.2418 0.1840 0.1675 0.2255
116 0.2405 0.3337 0.0399 0.1002 0.2856
117 0.1516 0.3418 0.0481 0.3162 0.1425
118 0.2091 0.3140 0.0684 0.2026 0.2058
119 0.2664 0.3501 0.2947 0.0459 0.0431
120 0.2761 0.3833 0.2004 0.0855 0.0548
121 0.0984 0.7158 0.1124 0.0518 0.0216
122 0.0895 0.5610 0.2339 0.0916 0.0241
123 0.0933 0.1379 0.2007 0.5498 0.0184
124 0.0657 0.1349 0.2423 0.5332 0.0236
125 0.1135 0.4490 0.3723 0.0405 0.0246
126 0.0967 0.4648 0.1969 0.2230 0.0184
127 0.0630 0.0715 0.0969 0.6572 0.1115
128 0.1283 0.1177 0.4478 0.2473 0.0587
129 0.1071 0.1233 0.1970 0.2452 0.3274
130 0.1394 0.0679 0.4226 0.3560 0.0142
131 0.1417 0.1078 0.2886 0.4504 0.0115
132 0.0795 0.1451 0.3945 0.3706 0.0100
133 0.0730 0.0789 0.2690 0.5693 0.0096
134 0.1321 0.3562 0.4683 0.0288 0.0148
135 0.1423 0.2578 0.5249 0.0652 0.0098
136 0.0695 0.2927 0.6147 0.0170 0.0059
137 0.0919 0.4285 0.1677 0.1218 0.1901
138 0.3025 0.3621 0.0982 0.1683 0.0691
139 0.3330 0.2551 0.1294 0.2133 0.0692
140 0.1495 0.3643 0.3369 0.1438 0.0056
141 0.1124 0.1107 0.5532 0.2068 0.0167
142 0.0553 0.3359 0.5625 0.0455 0.0008
143 0.0825 0.3501 0.5137 0.0326 0.0214
144 0.0902 0.3511 0.4800 0.0450 0.0337
145 0.1077 0.3967 0.3613 0.0668 0.0674
146 0.1045 0.2488 0.4297 0.1619 0.0551
147 0.0907 0.0879 0.6006 0.2109 0.0098
148 0.1224 0.1123 0.5400 0.2216 0.0037
149 0.1241 0.0853 0.4468 0.3374 0.0064
150 0.1262 0.2214 0.1343 0.4761 0.0419
151 0.1157 0.3047 0.4036 0.1013 0.0746
152 0.0812 0.4978 0.1288 0.0942 0.1980
153 0.0945 0.3826 0.1924 0.2756 0.0551
154 0.1008 0.3516 0.2573 0.2167 0.0737
155 0.1356 0.3713 0.1215 0.1039 0.2676
156 0.1172 0.3235 0.1172 0.2330 0.2090
157 0.1403 0.3364 0.1208 0.1731 0.2294
158 0.0345 0.3225 0.1097 0.5156 0.0175
159 0.0781 0.2969 0.2661 0.3313 0.0276
160 0.1018 0.3416 0.2072 0.3110 0.0383
161 0.0696 0.5024 0.1792 0.1848 0.0639
162 0.1417 0.3945 0.1877 0.1908 0.0853
163 0.0710 0.4453 0.1539 0.2384 0.0912
164 0.0756 0.4351 0.1931 0.1871 0.1091
165 0.0632 0.0673 0.4058 0.4456 0.0181
166 0.0311 0.2229 0.0654 0.5264 0.1544
167 0.0337 0.2415 0.0348 0.5034 0.1866
168 0.0292 0.1993 0.1425 0.5015 0.1277
169 0.0227 0.0194 0.0282 0.8516 0.0780
170 0.0522 0.1177 0.3513 0.4441 0.0345
171 0.1029 0.2412 0.2162 0.3508 0.0887
172 0.1981 0.1862 0.4160 0.1483 0.0513
173 0.0928 0.2334 0.2465 0.3938 0.0334
174 0.0751 0.0995 0.3584 0.4531 0.0137
175 0.0592 0.2166 0.2937 0.3892 0.0414
176 0.1364 0.4133 0.1658 0.2668 0.0177
177 0.0270 0.0563 0.0669 0.8276 0.0224
178 0.1169 0.3572 0.2150 0.2893 0.0216
179 0.1367 0.3547 0.4346 0.0704 0.0035
180 0.0643 0.2686 0.1846 0.4712 0.0114
181 0.1041 0.5674 0.1515 0.0823 0.0948
182 0.1393 0.1249 0.6597 0.0613 0.0149
183 0.1030 0.3076 0.2866 0.2866 0.0159
184 0.1660 0.4480 0.2379 0.1055 0.0426
185 0.2089 0.3259 0.2991 0.1370 0.0289
186 0.0438 0.1516 0.3579 0.4387 0.0080
187 0.0420 0.0547 0.1039 0.7676 0.0319
188 0.0939 0.2849 0.0749 0.5156 0.0307
189 0.1181 0.5859 0.0942 0.1887 0.0133
190 0.1442 0.6025 0.0708 0.1387 0.0440
191 0.2360 0.6074 0.0835 0.0457 0.0275
192 0.2297 0.4568 0.1761 0.0980 0.0393
193 0.0492 0.4490 0.1227 0.3337 0.0455
194 0.0180 0.3579 0.0369 0.5811 0.0061
195 0.1545 0.2778 0.1765 0.2214 0.1698
196 0.1185 0.1606 0.0916 0.3147 0.3147
197 0.1024 0.2273 0.3359 0.2964 0.0380
198 0.0605 0.2180 0.4912 0.1954 0.0348
199 0.0825 0.2749 0.4192 0.1654 0.0581
200 0.0728 0.1859 0.6289 0.0858 0.0266
201 0.0750 0.4216 0.3550 0.0673 0.0811
202 0.0554 0.4531 0.3369 0.0701 0.0845
203 0.2059 0.0928 0.1681 0.4641 0.0690
204 0.6582 0.0683 0.0818 0.1588 0.0328
205 0.9458 0.0309 0.0115 0.0046 0.0072
206 0.9282 0.0363 0.0166 0.0092 0.0098
207 0.9487 0.0298 0.0107 0.0041 0.0067
208 0.9443 0.0378 0.0096 0.0010 0.0073
209 0.2046 0.2842 0.2468 0.2318 0.0326
