time exciting_prob fearful_prob tense_prob sad_prob relaxing_prob
0 0.2037 0.2830 0.2496 0.2310 0.0327
1 0.1670 0.1321 0.2318 0.4197 0.0493
2 0.0889 0.3628 0.0726 0.3862 0.0896
3 0.0804 0.5713 0.1294 0.1783 0.0407
4 0.2213 0.2932 0.3047 0.1750 0.0058
5 0.2194 0.2335 0.3167 0.2194 0.0108
6 0.0555 0.6709 0.1406 0.1061 0.0268
7 0.0995 0.6802 0.0942 0.1076 0.0187
8 0.1086 0.6152 0.1069 0.1351 0.0344
9 0.0963 0.6328 0.0612 0.1885 0.0215
10 0.0735 0.2527 0.3096 0.3145 0.0501
11 0.1440 0.0439 0.0209 0.7847 0.0062
12 0.2810 0.1163 0.0266 0.5679 0.0084
13 0.0619 0.1157 0.1417 0.6655 0.0153
14 0.0837 0.2346 0.1359 0.5371 0.0088
15 0.0674 0.6704 0.0997 0.1310 0.0314
16 0.0920 0.5132 0.2642 0.1011 0.0294
17 0.1305 0.2676 0.2151 0.3716 0.0152
18 0.0933 0.3010 0.1974 0.3926 0.0158
19 0.2341 0.1398 0.1443 0.4375 0.0443
20 0.2737 0.0606 0.5034 0.1559 0.0066
21 0.1293 0.0931 0.4375 0.3005 0.0394
22 0.1150 0.6069 0.0556 0.1547 0.0676
23 0.0539 0.1780 0.1672 0.5483 0.0526
24 0.1087 0.3855 0.0959 0.3147 0.0952
25 0.0410 0.3152 0.2100 0.3516 0.0822
26 0.0793 0.3994 0.1349 0.3015 0.0850
27 0.0241 0.2036 0.1082 0.6274 0.0368
28 0.0414 0.2659 0.1337 0.5044 0.0548
29 0.0284 0.2588 0.1451 0.5146 0.0530
30 0.0583 0.3491 0.1898 0.3333 0.0693
31 0.0790 0.1686 0.2778 0.4043 0.0703
32 0.1338 0.0739 0.0722 0.6382 0.0818
33 0.1753 0.1115 0.0828 0.5747 0.0556
34 0.0468 0.1107 0.0198 0.5752 0.2474
35 0.0670 0.1232 0.0184 0.4722 0.3193
36 0.0423 0.2100 0.0146 0.5620 0.1714
37 0.0542 0.3591 0.2196 0.2566 0.1104
38 0.0190 0.4648 0.1428 0.3401 0.0334
39 0.0127 0.6333 0.1349 0.1814 0.0377
40 0.0609 0.3215 0.0852 0.3589 0.1735
41 0.0215 0.1974 0.0476 0.5200 0.2134
42 0.1236 0.1770 0.3206 0.3157 0.0631
43 0.0316 0.4158 0.2225 0.2644 0.0658
44 0.1132 0.2632 0.3711 0.1986 0.0539
45 0.1919 0.2174 0.4978 0.0800 0.0129
46 0.1567 0.0643 0.2045 0.5142 0.0604
47 0.1348 0.1479 0.1758 0.4216 0.1199
48 0.0822 0.1224 0.0742 0.5977 0.1234
49 0.0526 0.1177 0.0127 0.6069 0.2098
50 0.0705 0.1296 0.0207 0.5049 0.2744
51 0.0787 0.1816 0.0142 0.5098 0.2158
52 0.0865 0.5259 0.0529 0.2427 0.0921
53 0.0446 0.0814 0.0233 0.4651 0.3855
54 0.0414 0.0864 0.0147 0.1731 0.6846
55 0.0533 0.0872 0.1616 0.6753 0.0226
56 0.0766 0.0909 0.1215 0.6826 0.0284
57 0.0563 0.0517 0.0825 0.7832 0.0264
58 0.0295 0.2413 0.0665 0.6455 0.0171
59 0.0445 0.2172 0.5996 0.1109 0.0280
60 0.1215 0.3408 0.1741 0.3572 0.0063
61 0.1956 0.1809 0.1499 0.4690 0.0046
62 0.1089 0.1956 0.1409 0.5317 0.0230
63 0.0573 0.1071 0.1396 0.6768 0.0191
64 0.0640 0.0875 0.1023 0.7271 0.0194
65 0.0359 0.0531 0.0693 0.8247 0.0167
66 0.0443 0.1646 0.1646 0.5566 0.0702
67 0.1016 0.1064 0.1116 0.6621 0.0181
68 0.0817 0.2917 0.0947 0.5161 0.0155
69 0.0531 0.2133 0.0703 0.5981 0.0651
70 0.0671 0.4114 0.1000 0.2939 0.1274
71 0.1061 0.2281 0.3704 0.2429 0.0525
72 0.0690 0.2388 0.2603 0.2502 0.1816
73 0.0623 0.3726 0.1437 0.2561 0.1654
74 0.0278 0.6382 0.1370 0.1423 0.0549
75 0.1479 0.5410 0.1108 0.1959 0.0044
76 0.3940 0.1748 0.0653 0.1708 0.1951
77 0.0923 0.1418 0.1558 0.5791 0.0312
78 0.0524 0.0711 0.0751 0.7827 0.0188
79 0.0681 0.0840 0.1158 0.7036 0.0284
80 0.0442 0.0409 0.0776 0.8145 0.0228
81 0.0448 0.0469 0.0956 0.7939 0.0188
82 0.0808 0.2649 0.1322 0.2356 0.2864
83 0.0428 0.5591 0.2332 0.0942 0.0706
84 0.0203 0.6084 0.2383 0.1108 0.0220
85 0.0598 0.4021 0.3132 0.1650 0.0598
86 0.0210 0.1758 0.1600 0.6230 0.0202
87 0.0965 0.3113 0.1919 0.3875 0.0128
88 0.1813 0.1960 0.2256 0.3777 0.0194
89 0.0908 0.2063 0.1985 0.2179 0.2864
90 0.0423 0.1040 0.1610 0.3462 0.3462
91 0.0797 0.2399 0.1284 0.4961 0.0561
92 0.0891 0.4150 0.3083 0.1401 0.0473
93 0.1178 0.3435 0.3435 0.0816 0.1133
94 0.2178 0.1311 0.2014 0.3022 0.1473
95 0.0703 0.2198 0.1583 0.2340 0.3174
96 0.0492 0.1772 0.2312 0.1034 0.4387
97 0.0528 0.2122 0.2520 0.1109 0.3723
98 0.0965 0.3818 0.3450 0.0788 0.0980
99 0.0804 0.3132 0.2256 0.0366 0.3440
100 0.1290 0.2773 0.1749 0.3882 0.0306
101 0.6621 0.1432 0.0443 0.1410 0.0094
102 0.3962 0.1481 0.0733 0.3723 0.0101
103 0.3054 0.1465 0.1511 0.3801 0.0170
104 0.0548 0.7568 0.1456 0.0335 0.0092
105 0.2456 0.4180 0.1274 0.1636 0.0454
106 0.1926 0.3684 0.1377 0.2739 0.0273
107 0.0755 0.1478 0.0570 0.7051 0.0144
108 0.0602 0.1689 0.1217 0.6328 0.0162
109 0.0807 0.2666 0.1405 0.5020 0.0099
110 0.0547 0.0475 0.1633 0.7207 0.0139
111 0.1796 0.1726 0.0720 0.3772 0.1987
112 0.1698 0.1407 0.0735 0.3767 0.2394
113 0.1913 0.5449 0.0395 0.1188 0.1057
114 0.2129 0.3594 0.0747 0.2549 0.0982
115 0.1962 0.4089 0.1083 0.1627 0.1238
116 0.1700 0.3831 0.0969 0.1007 0.2493
117 0.1869 0.5366 0.1245 0.1016 0.0507
118 0.0981 0.5391 0.1998 0.1439 0.0192
119 0.0977 0.7393 0.1082 0.0447 0.0103
120 0.1984 0.5225 0.1193 0.0944 0.0654
121 0.2058 0.4460 0.1615 0.1268 0.0599
122 0.0944 0.4399 0.1569 0.2507 0.0582
123 0.2089 0.4490 0.2024 0.0745 0.0652
124 0.1927 0.2117 0.1273 0.4412 0.0271
125 0.3582 0.1277 0.0787 0.3555 0.0800
126 0.3740 0.2097 0.1312 0.1608 0.1243
127 0.0550 0.3645 0.3044 0.2466 0.0294
128 0.0605 0.4836 0.2888 0.0952 0.0719
129 0.0469 0.5410 0.2135 0.1538 0.0448
130 0.0795 0.4167 0.3269 0.1251 0.0517
131 0.0670 0.4792 0.2817 0.1241 0.0478
132 0.0719 0.3101 0.3301 0.2529 0.0351
133 0.1106 0.0822 0.0457 0.6934 0.0681
134 0.0784 0.3406 0.3379 0.1925 0.0506
135 0.1838 0.2717 0.2937 0.1089 0.1420
136 0.1857 0.3992 0.1930 0.1041 0.1180
137 0.0482 0.3447 0.3447 0.1964 0.0658
138 0.0580 0.4712 0.1309 0.2949 0.0452
139 0.0307 0.4075 0.3889 0.1699 0.0029
140 0.0157 0.4924 0.1216 0.3660 0.0045
141 0.0224 0.5142 0.4465 0.0147 0.0023
142 0.0403 0.4233 0.4006 0.1281 0.0076
143 0.0760 0.4619 0.3918 0.0565 0.0137
144 0.0448 0.3992 0.3206 0.2310 0.0045
145 0.0847 0.5391 0.1937 0.1697 0.0130
146 0.0317 0.3357 0.3687 0.2418 0.0220
147 0.1115 0.0977 0.0597 0.6172 0.1141
148 0.1256 0.3750 0.0683 0.3386 0.0926
149 0.1691 0.4968 0.0891 0.2039 0.0411
150 0.2064 0.4104 0.0426 0.2776 0.0629
151 0.1532 0.5103 0.1683 0.1147 0.0534
152 0.2032 0.3459 0.2452 0.1647 0.0410
153 0.1936 0.2668 0.2212 0.2751 0.0432
154 0.3394 0.1155 0.1542 0.3584 0.0326
155 0.3132 0.2942 0.2222 0.1479 0.0223
156 0.1606 0.3376 0.2690 0.2267 0.0060
157 0.2365 0.3777 0.2007 0.1562 0.0289
158 0.2944 0.3721 0.1539 0.1588 0.0210
159 0.3198 0.2981 0.1595 0.1880 0.0345
160 0.0765 0.1344 0.2065 0.5615 0.0213
161 0.1552 0.2329 0.2617 0.3013 0.0488
162 0.1898 0.1490 0.1702 0.4556 0.0354
163 0.3303 0.1324 0.0903 0.3176 0.1294
164 0.3760 0.1240 0.0951 0.2883 0.1165
165 0.0677 0.2595 0.0503 0.6128 0.0095
166 0.0707 0.2014 0.0555 0.6499 0.0224
167 0.1118 0.3579 0.1626 0.3442 0.0234
168 0.0546 0.3730 0.0456 0.0943 0.4326
169 0.0607 0.4050 0.0346 0.0786 0.4211
170 0.0290 0.5552 0.0387 0.0845 0.2925
171 0.0576 0.2058 0.1903 0.5254 0.0209
172 0.0219 0.1781 0.0882 0.6934 0.0182
173 0.1326 0.1422 0.1433 0.4592 0.1226
174 0.1133 0.4211 0.1116 0.2893 0.0646
175 0.1245 0.1125 0.0856 0.5757 0.1016
176 0.0834 0.0635 0.0487 0.6670 0.1376
177 0.1512 0.2397 0.0666 0.4048 0.1377
178 0.2568 0.1864 0.1185 0.3171 0.1213
179 0.1074 0.0504 0.0632 0.7344 0.0448
180 0.1114 0.3149 0.0522 0.4407 0.0809
181 0.0774 0.3494 0.0593 0.4851 0.0287
182 0.1036 0.2708 0.1592 0.3701 0.0966
183 0.1731 0.1992 0.1492 0.3606 0.1180
184 0.1421 0.2133 0.1714 0.4209 0.0523
185 0.1475 0.2032 0.1659 0.4104 0.0730
186 0.1541 0.4058 0.2040 0.1746 0.0617
187 0.0712 0.5732 0.2485 0.1020 0.0050
188 0.1813 0.5586 0.1456 0.0876 0.0269
189 0.0295 0.5825 0.2144 0.1696 0.0039
190 0.0464 0.6821 0.1711 0.0821 0.0182
191 0.0513 0.2505 0.4536 0.2391 0.0053
192 0.1763 0.1373 0.3792 0.2646 0.0425
193 0.1680 0.4709 0.1278 0.1995 0.0338
194 0.1935 0.4128 0.1735 0.1906 0.0297
195 0.0916 0.2568 0.1510 0.4724 0.0284
196 0.0901 0.4438 0.2649 0.1396 0.0615
197 0.0206 0.2651 0.1420 0.5483 0.0239
198 0.3894 0.3835 0.0693 0.0985 0.0593
199 0.1521 0.4988 0.0821 0.2179 0.0490
200 0.1508 0.5024 0.1722 0.0846 0.0900
201 0.1777 0.2732 0.1130 0.3647 0.0713
202 0.0905 0.6333 0.0721 0.1704 0.0338
203 0.0891 0.6533 0.0844 0.1614 0.0121
204 0.1027 0.3237 0.0723 0.4675 0.0339
205 0.2295 0.4937 0.0283 0.0957 0.1530
206 0.1109 0.2024 0.1208 0.5371 0.0287
207 0.0881 0.1261 0.1006 0.6455 0.0397
208 0.0119 0.0338 0.0323 0.9146 0.0076
209 0.0378 0.0442 0.1043 0.8081 0.0058
210 0.0601 0.0968 0.1038 0.6880 0.0514
211 0.0367 0.3855 0.2080 0.1698 0.2001
212 0.1024 0.3384 0.3330 0.1958 0.0303
213 0.0758 0.4197 0.2109 0.2839 0.0097
214 0.1366 0.2803 0.4480 0.1263 0.0087
215 0.0823 0.5161 0.3279 0.0527 0.0211
216 0.0610 0.3455 0.0952 0.3245 0.1737
217 0.0876 0.4214 0.1870 0.2457 0.0584
218 0.0699 0.7349 0.0793 0.0898 0.0263
219 0.0535 0.6675 0.0773 0.1525 0.0495
220 0.0952 0.6157 0.1764 0.0966 0.0163
221 0.1532 0.4263 0.3118 0.0643 0.0446
222 0.1985 0.4333 0.1779 0.1710 0.0192
223 0.0621 0.6426 0.1389 0.0441 0.1125
224 0.0438 0.7832 0.0751 0.0467 0.0512
225 0.1111 0.3167 0.0845 0.0845 0.4033
226 0.1373 0.2666 0.1936 0.3645 0.0378
227 0.0798 0.2742 0.1959 0.4082 0.0420
228 0.0380 0.2703 0.1639 0.4741 0.0536
229 0.0709 0.2476 0.2896 0.3130 0.0791
230 0.0756 0.4216 0.1718 0.2120 0.1190
231 0.0760 0.4512 0.1488 0.2759 0.0483
232 0.0539 0.2737 0.0650 0.4307 0.1768
233 0.0172 0.3171 0.1343 0.4990 0.0324
234 0.0057 0.0958 0.0873 0.8027 0.0086
235 0.0733 0.6387 0.1010 0.1801 0.0071
236 0.0449 0.3882 0.2177 0.3022 0.0471
237 0.1055 0.4236 0.1880 0.1006 0.1823
238 0.0505 0.1998 0.4099 0.1936 0.1461
239 0.0356 0.5488 0.1926 0.1837 0.0394
240 0.0473 0.6792 0.0798 0.0492 0.1445
241 0.0334 0.1667 0.1111 0.5957 0.0928
242 0.0100 0.2034 0.0854 0.6772 0.0237
243 0.0074 0.2329 0.1190 0.6235 0.0173
244 0.0656 0.5078 0.1056 0.0925 0.2288
245 0.0436 0.4619 0.0687 0.0367 0.3889
246 0.0667 0.3691 0.0441 0.0312 0.4890
247 0.0735 0.5781 0.0321 0.0409 0.2751
248 0.1538 0.3779 0.2517 0.1295 0.0870
249 0.0955 0.2676 0.4626 0.1411 0.0332
250 0.2231 0.3650 0.3706 0.0307 0.0106
251 0.0960 0.4653 0.3918 0.0324 0.0144
252 0.0949 0.3667 0.1076 0.2561 0.1746
253 0.0560 0.4878 0.3301 0.0917 0.0343
254 0.0612 0.4351 0.4248 0.0688 0.0101
255 0.0433 0.5322 0.3330 0.0743 0.0172
256 0.0236 0.3809 0.0368 0.0257 0.5327
257 0.0493 0.4753 0.0422 0.0233 0.4099
258 0.0462 0.4885 0.0395 0.0682 0.3574
259 0.0309 0.8408 0.0542 0.0533 0.0210
260 0.0524 0.2275 0.0341 0.1317 0.5542
261 0.0676 0.2778 0.0394 0.0881 0.5273
262 0.0401 0.4524 0.0366 0.1296 0.3413
263 0.0402 0.3872 0.0488 0.0920 0.4319
264 0.0765 0.3540 0.3076 0.2322 0.0297
265 0.1472 0.3589 0.2751 0.1876 0.0311
266 0.0655 0.4917 0.2198 0.1740 0.0491
267 0.1202 0.4265 0.1509 0.2411 0.0614
268 0.0369 0.2856 0.0375 0.1426 0.4976
269 0.0394 0.2128 0.0342 0.2668 0.4468
270 0.0528 0.0544 0.0715 0.7998 0.0215
271 0.0527 0.0557 0.0856 0.7935 0.0126
272 0.0849 0.1335 0.2515 0.5000 0.0300
273 0.0502 0.0881 0.2284 0.5830 0.0502
274 0.1864 0.1122 0.1322 0.4990 0.0702
275 0.0783 0.0560 0.0867 0.7432 0.0359
276 0.0884 0.0520 0.0919 0.7344 0.0331
277 0.0593 0.0261 0.0363 0.8579 0.0202
278 0.0968 0.0578 0.0731 0.7437 0.0288
279 0.0657 0.1576 0.0427 0.5498 0.1842
280 0.0950 0.2208 0.1219 0.5298 0.0326
281 0.0424 0.0562 0.1423 0.7227 0.0365
282 0.0555 0.1632 0.1451 0.6255 0.0108
283 0.0308 0.1873 0.1200 0.6538 0.0082
284 0.0276 0.1422 0.0947 0.7280 0.0075
285 0.0242 0.1504 0.0684 0.7520 0.0050
286 0.0099 0.0599 0.0399 0.8877 0.0026
287 0.0437 0.1689 0.1456 0.6323 0.0093
288 0.0309 0.1606 0.1045 0.6978 0.0064
289 0.0486 0.1567 0.0922 0.6914 0.0109
290 0.0556 0.2715 0.1398 0.5234 0.0100
291 0.0359 0.1263 0.0797 0.7500 0.0082
292 0.0303 0.1100 0.0549 0.8003 0.0048
293 0.0186 0.0643 0.0723 0.8340 0.0107
294 0.1323 0.0417 0.2251 0.5151 0.0854
295 0.2037 0.2830 0.2496 0.2310 0.0327
