time exciting_prob fearful_prob tense_prob sad_prob relaxing_prob
0 0.2037 0.2830 0.2496 0.2310 0.0327
1 0.1603 0.2482 0.1705 0.3965 0.0244
2 0.0911 0.2852 0.1702 0.4280 0.0257
3 0.1028 0.1028 0.2751 0.4983 0.0207
4 0.0795 0.0989 0.5024 0.2908 0.0284
5 0.1351 0.0915 0.1395 0.5874 0.0467
6 0.0643 0.1164 0.6592 0.1404 0.0196
7 0.0389 0.0793 0.6045 0.2642 0.0130
8 0.0546 0.1340 0.6499 0.1567 0.0047
9 0.0601 0.1282 0.5396 0.2590 0.0132
10 0.0619 0.1321 0.4829 0.3167 0.0064
11 0.0276 0.1479 0.6426 0.1785 0.0032
12 0.0210 0.1238 0.6387 0.2140 0.0025
13 0.0188 0.1113 0.6016 0.2671 0.0013
14 0.0160 0.1161 0.5454 0.3208 0.0015
15 0.0144 0.1439 0.3972 0.4431 0.0012
16 0.1173 0.0533 0.3669 0.4568 0.0058
17 0.0151 0.2585 0.5474 0.1777 0.0010
18 0.0530 0.0223 0.0887 0.8291 0.0068
19 0.1495 0.1220 0.5820 0.0996 0.0467
20 0.2399 0.1755 0.3955 0.1024 0.0869
21 0.0618 0.1680 0.3042 0.4358 0.0301
22 0.0566 0.1099 0.2678 0.5327 0.0333
23 0.0869 0.1168 0.1097 0.4275 0.2593
24 0.0472 0.6074 0.2825 0.0543 0.0087
25 0.0412 0.5864 0.1733 0.1965 0.0023
26 0.0842 0.0526 0.1477 0.1837 0.5317
27 0.1044 0.0319 0.1951 0.1129 0.5557
28 0.0873 0.5103 0.3142 0.0758 0.0125
29 0.0143 0.6704 0.2795 0.0334 0.0022
30 0.1281 0.0457 0.4199 0.3169 0.0894
31 0.1050 0.0657 0.4089 0.3086 0.1118
32 0.2598 0.1481 0.2854 0.1677 0.1390
33 0.2297 0.0452 0.4497 0.1846 0.0906
34 0.1368 0.1009 0.1799 0.2764 0.3059
35 0.0927 0.1306 0.5947 0.1481 0.0338
36 0.1100 0.0545 0.4490 0.3086 0.0780
37 0.1121 0.2111 0.2030 0.3145 0.1593
38 0.0513 0.0937 0.5967 0.2449 0.0136
39 0.0441 0.1255 0.7749 0.0548 0.0008
40 0.0652 0.4319 0.4600 0.0408 0.0021
41 0.1898 0.1812 0.4380 0.1326 0.0583
42 0.0611 0.0359 0.7446 0.1489 0.0094
43 0.0851 0.0590 0.7295 0.0964 0.0299
44 0.0880 0.2179 0.5308 0.1385 0.0246
45 0.1849 0.2957 0.2162 0.2450 0.0582
46 0.0629 0.0771 0.5830 0.2588 0.0184
47 0.3101 0.0436 0.3276 0.2164 0.1022
48 0.0883 0.4021 0.3035 0.1625 0.0434
49 0.0358 0.2729 0.2524 0.4163 0.0224
50 0.0702 0.5693 0.2411 0.0959 0.0233
51 0.0755 0.4700 0.4148 0.0380 0.0020
52 0.0661 0.0836 0.5366 0.3057 0.0078
53 0.2126 0.0254 0.2952 0.4036 0.0634
54 0.1560 0.0219 0.6216 0.1866 0.0137
55 0.2206 0.2788 0.2480 0.2122 0.0402
56 0.1393 0.0341 0.6343 0.1747 0.0177
57 0.0934 0.2620 0.3210 0.3110 0.0125
58 0.3899 0.0303 0.2744 0.1552 0.1503
59 0.1694 0.0260 0.2280 0.2974 0.2793
60 0.0826 0.0879 0.1949 0.6006 0.0339
61 0.0792 0.3777 0.1757 0.3181 0.0495
62 0.1092 0.0441 0.5996 0.2172 0.0299
63 0.0471 0.2371 0.6147 0.0839 0.0172
64 0.0181 0.3333 0.5244 0.1226 0.0015
65 0.0129 0.4351 0.4351 0.1153 0.0016
66 0.0678 0.0280 0.4854 0.3608 0.0580
67 0.0471 0.2097 0.4438 0.2778 0.0216
68 0.0326 0.2095 0.6978 0.0587 0.0014
69 0.0722 0.2296 0.4565 0.2332 0.0085
70 0.1036 0.0474 0.4429 0.3560 0.0501
71 0.1567 0.0347 0.2708 0.5220 0.0158
72 0.0328 0.4744 0.3469 0.1425 0.0034
73 0.1270 0.1165 0.5605 0.1763 0.0198
74 0.0559 0.4133 0.3071 0.2213 0.0022
75 0.0432 0.3066 0.5469 0.0787 0.0248
76 0.0766 0.0413 0.1454 0.3770 0.3596
77 0.0793 0.0489 0.2600 0.4092 0.2025
78 0.2144 0.0853 0.3320 0.2014 0.1670
79 0.1009 0.0798 0.1716 0.5371 0.1108
80 0.0678 0.0668 0.5591 0.2559 0.0504
81 0.0486 0.3479 0.4683 0.1281 0.0071
82 0.0341 0.5498 0.2517 0.1626 0.0016
83 0.0840 0.1396 0.4873 0.1938 0.0952
84 0.1454 0.1333 0.5483 0.1476 0.0253
85 0.2107 0.0638 0.3640 0.2971 0.0643
86 0.0671 0.4272 0.4622 0.0423 0.0012
87 0.0740 0.0826 0.7134 0.1111 0.0186
88 0.1699 0.0698 0.3892 0.3381 0.0332
89 0.1771 0.2966 0.2460 0.2537 0.0265
90 0.0125 0.5215 0.4124 0.0524 0.0013
91 0.0162 0.1648 0.6519 0.1648 0.0026
92 0.2632 0.1597 0.3459 0.2083 0.0230
93 0.0570 0.1826 0.7222 0.0371 0.0012
94 0.2192 0.0525 0.4827 0.1655 0.0800
95 0.0653 0.1155 0.7710 0.0442 0.0038
96 0.0806 0.0988 0.3137 0.4937 0.0133
97 0.0509 0.0474 0.3586 0.5386 0.0047
98 0.0822 0.4172 0.3569 0.1398 0.0040
99 0.0174 0.1768 0.5195 0.2654 0.0210
100 0.0069 0.1771 0.6792 0.1337 0.0032
101 0.0268 0.1697 0.7603 0.0409 0.0022
102 0.0142 0.3892 0.5664 0.0232 0.0072
103 0.0335 0.2781 0.5444 0.1376 0.0065
104 0.0553 0.1135 0.6636 0.1075 0.0603
105 0.0305 0.4521 0.4890 0.0278 0.0005
106 0.0389 0.4668 0.3750 0.1180 0.0012
107 0.1242 0.3594 0.3171 0.1725 0.0267
108 0.0392 0.2615 0.3357 0.3574 0.0064
109 0.0424 0.1368 0.2086 0.6040 0.0083
110 0.0147 0.6284 0.3110 0.0441 0.0017
111 0.0558 0.0906 0.4126 0.4326 0.0083
112 0.0335 0.0876 0.4734 0.3923 0.0132
113 0.1009 0.0322 0.4966 0.3257 0.0448
114 0.1797 0.0491 0.4883 0.2698 0.0132
115 0.2117 0.0359 0.5938 0.1525 0.0061
116 0.0715 0.0593 0.6035 0.1117 0.1538
117 0.0313 0.3760 0.4395 0.1472 0.0062
118 0.0577 0.1222 0.3882 0.4197 0.0121
119 0.1691 0.1144 0.3579 0.2922 0.0662
120 0.2096 0.0909 0.2568 0.1879 0.2549
121 0.1123 0.0573 0.2491 0.4653 0.1158
122 0.1241 0.1112 0.4468 0.2976 0.0204
123 0.1606 0.1157 0.5068 0.1737 0.0432
124 0.0850 0.3992 0.2460 0.2537 0.0162
125 0.0781 0.0658 0.6748 0.0928 0.0885
126 0.1177 0.2452 0.3301 0.2510 0.0560
127 0.1122 0.0482 0.2607 0.5522 0.0264
128 0.1779 0.4006 0.3220 0.0908 0.0087
129 0.0338 0.2106 0.3582 0.3933 0.0041
130 0.1311 0.2374 0.4873 0.1396 0.0046
131 0.0505 0.1462 0.1104 0.6553 0.0373
132 0.4285 0.0562 0.3872 0.0333 0.0948
133 0.4751 0.0839 0.2465 0.0328 0.1616
134 0.1340 0.0478 0.2244 0.5469 0.0470
135 0.1244 0.0479 0.3330 0.4551 0.0398
136 0.0970 0.0561 0.1959 0.6128 0.0380
137 0.0832 0.1554 0.2727 0.4358 0.0529
138 0.0421 0.6035 0.2805 0.0536 0.0203
139 0.0315 0.1718 0.2747 0.4744 0.0477
140 0.0675 0.0908 0.2627 0.5737 0.0051
141 0.1140 0.0778 0.5273 0.2571 0.0239
142 0.1600 0.2329 0.3062 0.2854 0.0157
143 0.0789 0.1353 0.5518 0.2264 0.0077
144 0.1201 0.0906 0.3999 0.3816 0.0076
145 0.3022 0.1439 0.3616 0.1736 0.0187
146 0.2666 0.1438 0.2142 0.3560 0.0196
147 0.0553 0.0580 0.2054 0.5942 0.0870
148 0.0821 0.1487 0.5972 0.1658 0.0064
149 0.1284 0.0955 0.2893 0.3716 0.1151
150 0.0618 0.0533 0.4124 0.4458 0.0270
151 0.1869 0.1198 0.3130 0.3660 0.0142
152 0.1300 0.1095 0.2247 0.3374 0.1984
153 0.1437 0.0283 0.2124 0.5957 0.0201
154 0.1600 0.1716 0.5249 0.1266 0.0170
155 0.0707 0.1005 0.4102 0.3853 0.0334
156 0.0751 0.1720 0.5342 0.1860 0.0328
157 0.1234 0.1345 0.4622 0.2551 0.0249
158 0.1860 0.2542 0.4031 0.1128 0.0438
159 0.2208 0.0690 0.2426 0.4531 0.0143
160 0.0882 0.2131 0.6465 0.0514 0.0007
161 0.0856 0.0779 0.1783 0.6323 0.0261
162 0.1304 0.3435 0.2051 0.3079 0.0133
163 0.0684 0.0613 0.1050 0.7290 0.0363
164 0.0663 0.0695 0.3877 0.3938 0.0826
165 0.0331 0.0494 0.3765 0.4988 0.0422
166 0.0385 0.0730 0.7261 0.1594 0.0032
167 0.0425 0.0691 0.7905 0.0974 0.0006
168 0.0464 0.1300 0.4907 0.3269 0.0060
169 0.0346 0.0805 0.6636 0.2189 0.0024
170 0.0385 0.2307 0.5713 0.1514 0.0083
171 0.0301 0.0812 0.7588 0.1164 0.0133
172 0.0612 0.1017 0.5498 0.2119 0.0756
173 0.1171 0.0549 0.4216 0.3496 0.0566
174 0.0617 0.0341 0.2329 0.6431 0.0283
175 0.0562 0.0972 0.5771 0.1903 0.0793
176 0.1503 0.1826 0.5122 0.1526 0.0024
177 0.0704 0.0715 0.4380 0.3630 0.0570
178 0.1196 0.0376 0.4373 0.3860 0.0197
179 0.0151 0.1821 0.7666 0.0337 0.0024
180 0.1998 0.3245 0.3120 0.1484 0.0154
181 0.1273 0.0749 0.2654 0.5278 0.0043
182 0.1683 0.2247 0.3296 0.2507 0.0268
183 0.0583 0.0450 0.5977 0.2915 0.0074
184 0.3845 0.0899 0.1918 0.2993 0.0344
185 0.2412 0.2063 0.3538 0.1737 0.0252
186 0.3413 0.0970 0.1841 0.3660 0.0117
187 0.1949 0.3586 0.2502 0.1775 0.0186
188 0.3284 0.0357 0.1083 0.5010 0.0267
189 0.2961 0.0791 0.2201 0.3923 0.0122
190 0.3904 0.1042 0.4495 0.0497 0.0062
191 0.3066 0.1519 0.3188 0.1667 0.0558
192 0.3501 0.1268 0.3140 0.1542 0.0550
193 0.1157 0.1053 0.4612 0.2754 0.0422
194 0.1926 0.3054 0.2847 0.2019 0.0154
195 0.0503 0.1236 0.1914 0.4521 0.1826
196 0.0144 0.2329 0.1135 0.4634 0.1758
197 0.0094 0.2859 0.1761 0.4861 0.0425
198 0.0133 0.2576 0.1161 0.5537 0.0593
199 0.0233 0.2207 0.0567 0.5591 0.1403
200 0.0869 0.1514 0.1315 0.2496 0.3806
201 0.0485 0.2664 0.2834 0.2502 0.1517
202 0.0564 0.2429 0.3535 0.2754 0.0718
203 0.0767 0.1207 0.3958 0.2764 0.1305
204 0.0251 0.0232 0.2659 0.5366 0.1490
205 0.0382 0.1323 0.2891 0.3223 0.2181
206 0.0470 0.1135 0.1626 0.5332 0.1436
207 0.0521 0.1289 0.1906 0.3142 0.3142
208 0.0354 0.0984 0.1598 0.3835 0.3230
209 0.0601 0.2340 0.1794 0.1753 0.3513
210 0.1208 0.1316 0.1479 0.1401 0.4595
211 0.1014 0.1487 0.1752 0.1272 0.4475
212 0.1009 0.1265 0.1991 0.1179 0.4556
213 0.1797 0.3926 0.1326 0.2576 0.0377
214 0.1790 0.3970 0.1416 0.2446 0.0378
215 0.2037 0.2830 0.2496 0.2310 0.0327
