time exciting_prob fearful_prob tense_prob sad_prob relaxing_prob
0 0.2037 0.2830 0.2496 0.2310 0.0327
1 0.3413 0.2102 0.1798 0.2576 0.0111
2 0.2974 0.1920 0.1832 0.3191 0.0082
3 0.3738 0.1698 0.1879 0.2568 0.0118
4 0.1443 0.4731 0.2593 0.1205 0.0027
5 0.1221 0.4004 0.4197 0.0551 0.0027
6 0.2267 0.3887 0.3049 0.0765 0.0032
7 0.3911 0.1405 0.3242 0.1394 0.0046
8 0.2551 0.2217 0.2512 0.2673 0.0046
9 0.1201 0.4824 0.2903 0.1044 0.0026
10 0.2510 0.3767 0.2017 0.1672 0.0032
11 0.1460 0.4158 0.2314 0.2026 0.0042
12 0.3293 0.4946 0.0759 0.0944 0.0058
13 0.3235 0.1277 0.2810 0.2578 0.0100
14 0.2520 0.1144 0.4353 0.1947 0.0038
15 0.1638 0.1469 0.5332 0.1516 0.0046
16 0.0798 0.0970 0.7515 0.0704 0.0015
17 0.1549 0.5361 0.2417 0.0630 0.0041
18 0.0813 0.1949 0.2544 0.4604 0.0088
19 0.0605 0.3767 0.4763 0.0821 0.0044
20 0.0330 0.1503 0.5757 0.2327 0.0083
21 0.0500 0.4092 0.4224 0.1128 0.0057
22 0.1476 0.4011 0.2671 0.1766 0.0077
23 0.1008 0.3804 0.2235 0.2871 0.0083
24 0.0605 0.4265 0.4006 0.1096 0.0027
25 0.0569 0.4309 0.3628 0.1477 0.0017
26 0.0487 0.2473 0.2937 0.4077 0.0027
27 0.0116 0.5396 0.2017 0.2471 0.0002
28 0.1792 0.1606 0.3374 0.3171 0.0056
29 0.1909 0.1282 0.3679 0.3098 0.0029
30 0.0429 0.5029 0.3623 0.0736 0.0182
31 0.0483 0.6270 0.1796 0.1377 0.0077
32 0.0276 0.5684 0.3613 0.0344 0.0084
33 0.0378 0.3994 0.5210 0.0249 0.0168
34 0.2761 0.2939 0.2917 0.1245 0.0139
35 0.3120 0.2318 0.1321 0.3193 0.0046
36 0.2373 0.2954 0.1520 0.3096 0.0058
37 0.1017 0.4775 0.3838 0.0315 0.0054
38 0.0424 0.2578 0.2922 0.3933 0.0142
39 0.0308 0.2479 0.4216 0.2944 0.0053
40 0.1461 0.2751 0.1920 0.3789 0.0080
41 0.0752 0.6445 0.2297 0.0497 0.0009
42 0.1041 0.3440 0.4700 0.0756 0.0064
43 0.1365 0.4473 0.2629 0.1232 0.0300
44 0.1332 0.5562 0.2429 0.0457 0.0221
45 0.1102 0.1003 0.7471 0.0268 0.0156
46 0.0500 0.2075 0.7021 0.0352 0.0052
47 0.0371 0.6733 0.2363 0.0480 0.0054
48 0.1010 0.3840 0.2639 0.2172 0.0338
49 0.0771 0.2284 0.6016 0.0867 0.0060
50 0.1062 0.3350 0.3855 0.1710 0.0025
51 0.0881 0.2822 0.5439 0.0847 0.0010
52 0.1081 0.4551 0.2474 0.1868 0.0026
53 0.0806 0.4861 0.3289 0.1011 0.0032
54 0.1902 0.4634 0.1639 0.0905 0.0920
55 0.0638 0.5024 0.1605 0.1078 0.1656
56 0.1427 0.5737 0.2263 0.0399 0.0175
57 0.0529 0.5957 0.1495 0.1949 0.0068
58 0.0855 0.5708 0.2379 0.0703 0.0356
59 0.0830 0.5205 0.2222 0.1256 0.0484
60 0.2334 0.5098 0.1449 0.1036 0.0083
61 0.0941 0.5166 0.2808 0.0948 0.0140
62 0.0331 0.1078 0.7603 0.0944 0.0046
63 0.2070 0.4382 0.2102 0.1422 0.0023
64 0.1213 0.6460 0.1158 0.0295 0.0874
65 0.0784 0.2612 0.6167 0.0379 0.0058
66 0.0193 0.3608 0.3723 0.2443 0.0032
67 0.0797 0.2803 0.2717 0.3601 0.0081
68 0.2487 0.0758 0.2062 0.4609 0.0084
69 0.2715 0.1420 0.3625 0.2183 0.0056
70 0.1799 0.2659 0.1915 0.3416 0.0212
71 0.1719 0.2581 0.1859 0.3755 0.0086
72 0.1709 0.2145 0.5435 0.0654 0.0059
73 0.1477 0.1622 0.5400 0.1477 0.0023
74 0.3052 0.2164 0.1534 0.2959 0.0291
75 0.0465 0.2168 0.6680 0.0621 0.0068
76 0.1425 0.2969 0.4526 0.0710 0.0371
77 0.2418 0.3254 0.2418 0.1573 0.0338
78 0.0145 0.3865 0.5713 0.0274 0.0003
79 0.3555 0.2156 0.1577 0.1298 0.1414
80 0.0692 0.1738 0.1582 0.5972 0.0017
81 0.0673 0.0235 0.0497 0.8394 0.0201
82 0.0529 0.6602 0.2668 0.0167 0.0032
83 0.0497 0.3789 0.3450 0.2158 0.0107
84 0.1202 0.2410 0.1936 0.3792 0.0659
85 0.0881 0.0742 0.1620 0.4543 0.2214
86 0.1169 0.0969 0.3489 0.2084 0.2289
87 0.3040 0.1886 0.2072 0.2275 0.0728
88 0.1045 0.2954 0.1222 0.4646 0.0133
89 0.0905 0.2944 0.5674 0.0255 0.0220
90 0.1354 0.1354 0.6211 0.0931 0.0150
91 0.0947 0.1064 0.5161 0.2761 0.0068
92 0.0728 0.3528 0.2749 0.2834 0.0160
93 0.0463 0.7705 0.1219 0.0533 0.0083
94 0.0287 0.4775 0.3777 0.1116 0.0046
95 0.1377 0.1537 0.3518 0.3008 0.0561
96 0.0291 0.2477 0.3550 0.3662 0.0021
97 0.1010 0.1359 0.6377 0.1180 0.0074
98 0.2537 0.1539 0.2310 0.3413 0.0200
99 0.1453 0.2081 0.5151 0.1022 0.0291
100 0.1646 0.2129 0.0861 0.3098 0.2267
101 0.4812 0.2964 0.1599 0.0249 0.0377
102 0.2834 0.3584 0.1288 0.1903 0.0393
103 0.1163 0.0980 0.2388 0.4822 0.0648
104 0.1517 0.0871 0.0818 0.6143 0.0652
105 0.2402 0.1613 0.1337 0.3440 0.1208
106 0.1214 0.0373 0.1740 0.6562 0.0111
107 0.1769 0.1099 0.6177 0.0465 0.0491
108 0.3967 0.1995 0.0995 0.2350 0.0695
109 0.0654 0.0951 0.7134 0.0981 0.0279
110 0.3359 0.2086 0.1326 0.2496 0.0732
111 0.5259 0.2262 0.1340 0.1052 0.0086
112 0.5801 0.2476 0.0698 0.0862 0.0163
113 0.4868 0.2429 0.0997 0.0776 0.0929
114 0.2537 0.2678 0.1469 0.2678 0.0637
115 0.2051 0.3625 0.1431 0.1548 0.1344
116 0.1287 0.1379 0.2223 0.4595 0.0516
117 0.0782 0.0658 0.8271 0.0075 0.0212
118 0.2515 0.1714 0.2184 0.1927 0.1661
119 0.3906 0.3906 0.1554 0.0432 0.0202
120 0.1733 0.3186 0.4158 0.0333 0.0590
121 0.0650 0.1881 0.5615 0.1141 0.0714
122 0.4080 0.1897 0.1388 0.1927 0.0709
123 0.2815 0.1693 0.4426 0.0972 0.0093
124 0.2239 0.2896 0.2988 0.1161 0.0715
125 0.6504 0.1923 0.1223 0.0243 0.0107
126 0.6836 0.1466 0.1294 0.0203 0.0202
127 0.1593 0.2318 0.4165 0.1212 0.0712
128 0.2468 0.2527 0.2710 0.1937 0.0358
129 0.1616 0.2502 0.3999 0.1393 0.0489
130 0.1537 0.1741 0.3628 0.3008 0.0086
131 0.0467 0.2372 0.3733 0.3345 0.0084
132 0.1230 0.1763 0.2354 0.4363 0.0290
133 0.0192 0.6309 0.2798 0.0675 0.0026
134 0.2148 0.4272 0.1713 0.1699 0.0167
135 0.0182 0.4517 0.2004 0.3254 0.0044
136 0.0815 0.6406 0.1213 0.1429 0.0134
137 0.1168 0.0953 0.2983 0.4692 0.0201
138 0.0706 0.5547 0.2542 0.1110 0.0095
139 0.1198 0.2238 0.2457 0.3926 0.0181
140 0.2241 0.2090 0.2330 0.3064 0.0274
141 0.0198 0.5752 0.1432 0.2593 0.0028
142 0.2815 0.0776 0.2927 0.2998 0.0482
143 0.1732 0.4634 0.1228 0.2173 0.0233
144 0.1409 0.4238 0.3860 0.0385 0.0107
145 0.0536 0.4702 0.2678 0.1991 0.0094
146 0.1460 0.4395 0.2484 0.1495 0.0166
147 0.1266 0.2722 0.3386 0.2517 0.0109
148 0.0771 0.2146 0.3540 0.3484 0.0059
149 0.1818 0.2175 0.1832 0.4065 0.0109
150 0.1000 0.2476 0.3279 0.3130 0.0117
151 0.1036 0.2485 0.2524 0.3760 0.0193
152 0.0724 0.2910 0.5698 0.0625 0.0040
153 0.0848 0.2673 0.4766 0.1523 0.0189
154 0.1078 0.1165 0.4397 0.3218 0.0141
155 0.0587 0.2034 0.7095 0.0247 0.0036
156 0.0556 0.0868 0.8105 0.0447 0.0021
157 0.0541 0.1628 0.5864 0.1934 0.0035
158 0.0508 0.3159 0.5288 0.0850 0.0194
159 0.2009 0.1639 0.3499 0.2520 0.0333
160 0.0980 0.2769 0.3186 0.2482 0.0585
161 0.3181 0.4055 0.0884 0.1503 0.0377
162 0.4612 0.3401 0.0789 0.0649 0.0551
163 0.0219 0.4473 0.5229 0.0077 0.0005
164 0.0197 0.4448 0.5200 0.0155 0.0002
165 0.1646 0.0827 0.1396 0.6016 0.0114
166 0.3088 0.2157 0.2581 0.2140 0.0034
167 0.1180 0.1917 0.4185 0.2461 0.0257
168 0.0601 0.1464 0.3049 0.4724 0.0164
169 0.0765 0.1038 0.6562 0.1559 0.0076
170 0.0826 0.5645 0.2793 0.0685 0.0052
171 0.0824 0.2441 0.5010 0.1100 0.0627
172 0.1670 0.1569 0.4834 0.1569 0.0358
173 0.2106 0.1653 0.4600 0.1459 0.0185
174 0.0248 0.4226 0.3342 0.1996 0.0187
175 0.0527 0.3306 0.4517 0.1573 0.0077
176 0.1615 0.1628 0.2010 0.4460 0.0287
177 0.3535 0.2908 0.0901 0.2247 0.0406
178 0.2013 0.2625 0.0997 0.4065 0.0299
179 0.0617 0.2419 0.5713 0.1161 0.0087
180 0.2494 0.1584 0.3516 0.2235 0.0170
181 0.0276 0.4150 0.5244 0.0312 0.0017
182 0.0324 0.2800 0.6616 0.0257 0.0004
183 0.0065 0.2520 0.0668 0.6743 0.0004
184 0.0005 0.0406 0.0043 0.9546 0.0001
185 0.0031 0.2871 0.0317 0.6777 0.0004
186 0.0006 0.0706 0.0138 0.9150 0.0001
187 0.1234 0.4658 0.3923 0.0095 0.0089
188 0.0293 0.8354 0.0697 0.0625 0.0029
189 0.1996 0.1019 0.3396 0.3091 0.0497
190 0.1071 0.2130 0.5791 0.0960 0.0046
191 0.2063 0.1428 0.6064 0.0160 0.0286
192 0.2303 0.1420 0.5400 0.0332 0.0547
193 0.1421 0.3516 0.3572 0.0483 0.1008
194 0.1356 0.1884 0.4590 0.0257 0.1913
195 0.2551 0.1881 0.3433 0.1754 0.0379
196 0.1259 0.2483 0.4861 0.1027 0.0372
197 0.0761 0.2678 0.5205 0.1161 0.0197
198 0.0850 0.2458 0.5371 0.1236 0.0087
199 0.1150 0.2081 0.4207 0.1971 0.0592
200 0.3955 0.0761 0.3660 0.1133 0.0491
201 0.3008 0.3032 0.3279 0.0423 0.0257
202 0.3418 0.1459 0.3525 0.0892 0.0706
203 0.1169 0.0791 0.6416 0.1377 0.0245
204 0.0743 0.1866 0.1548 0.5752 0.0092
205 0.2141 0.2389 0.4360 0.0537 0.0572
206 0.1565 0.0441 0.3933 0.3933 0.0126
207 0.1046 0.5229 0.2800 0.0778 0.0144
208 0.0946 0.2148 0.4307 0.2416 0.0185
209 0.2170 0.1652 0.5898 0.0181 0.0097
210 0.3799 0.1583 0.2693 0.1158 0.0766
211 0.1361 0.6597 0.1543 0.0336 0.0164
212 0.1075 0.7231 0.1412 0.0234 0.0049
213 0.0793 0.6802 0.0825 0.1350 0.0227
214 0.1620 0.0998 0.3511 0.3679 0.0195
215 0.2283 0.1384 0.4758 0.1497 0.0078
216 0.1085 0.2192 0.5601 0.0638 0.0486
217 0.2286 0.3325 0.2340 0.1837 0.0211
218 0.0404 0.2595 0.6626 0.0354 0.0018
219 0.0531 0.1399 0.3628 0.4377 0.0066
220 0.1359 0.1731 0.3962 0.2810 0.0141
221 0.1240 0.2861 0.3477 0.2316 0.0107
222 0.0888 0.3828 0.4763 0.0260 0.0260
223 0.2588 0.2469 0.3430 0.1301 0.0211
224 0.3220 0.3350 0.2113 0.0895 0.0423
225 0.4043 0.4302 0.0686 0.0526 0.0443
226 0.2710 0.5562 0.0847 0.0735 0.0146
227 0.4773 0.2069 0.2363 0.0662 0.0132
228 0.3601 0.1197 0.1274 0.3518 0.0410
229 0.2649 0.3350 0.2469 0.1185 0.0345
230 0.2280 0.2094 0.4680 0.0550 0.0396
231 0.3293 0.2625 0.2666 0.0735 0.0679
232 0.3394 0.1248 0.2705 0.1816 0.0838
233 0.2185 0.1611 0.3230 0.2637 0.0338
234 0.1937 0.1300 0.2886 0.3269 0.0609
235 0.0637 0.4595 0.1613 0.3132 0.0024
236 0.2209 0.3044 0.3672 0.0819 0.0258
237 0.3411 0.2556 0.1676 0.1854 0.0503
238 0.1052 0.3264 0.4751 0.0794 0.0139
239 0.0168 0.0270 0.0981 0.8213 0.0367
240 0.1937 0.1451 0.4910 0.0490 0.1212
241 0.1428 0.1121 0.6206 0.0997 0.0248
242 0.1674 0.6826 0.0495 0.0506 0.0498
243 0.0662 0.2257 0.1842 0.4778 0.0462
244 0.3845 0.1934 0.0341 0.3140 0.0740
245 0.4851 0.2328 0.0289 0.1492 0.1041
246 0.0068 0.6343 0.3291 0.0297 0.0002
247 0.0046 0.5898 0.3577 0.0477 0.0002
248 0.2549 0.4509 0.0847 0.0841 0.1252
249 0.3320 0.3821 0.0690 0.1428 0.0741
250 0.2340 0.4304 0.0615 0.2114 0.0625
251 0.0055 0.5791 0.3623 0.0522 0.0008
252 0.0304 0.7031 0.2145 0.0192 0.0329
253 0.2478 0.1613 0.3777 0.2086 0.0046
254 0.2211 0.0974 0.4609 0.2126 0.0081
255 0.0217 0.3674 0.5688 0.0347 0.0071
256 0.0421 0.2922 0.5903 0.0594 0.0159
257 0.0246 0.4287 0.5254 0.0204 0.0012
258 0.0275 0.6069 0.3513 0.0130 0.0010
259 0.0324 0.0645 0.8633 0.0392 0.0005
260 0.1025 0.5991 0.1855 0.1091 0.0037
261 0.0533 0.4028 0.4709 0.0717 0.0015
262 0.0660 0.4407 0.4138 0.0790 0.0006
263 0.0248 0.6162 0.3147 0.0439 0.0005
264 0.0310 0.3655 0.4409 0.1622 0.0003
265 0.0254 0.6152 0.3398 0.0179 0.0017
266 0.4846 0.0883 0.2896 0.1346 0.0030
267 0.0384 0.5342 0.3345 0.0723 0.0206
268 0.5239 0.0661 0.0651 0.3384 0.0063
269 0.0528 0.2294 0.6333 0.0733 0.0113
270 0.0776 0.4607 0.0581 0.3940 0.0095
271 0.3281 0.2827 0.1798 0.1974 0.0119
272 0.1104 0.0759 0.2732 0.5269 0.0139
273 0.4929 0.1285 0.1337 0.2087 0.0360
274 0.3120 0.1569 0.1486 0.3591 0.0235
275 0.1790 0.4163 0.3396 0.0422 0.0229
276 0.0470 0.7012 0.0668 0.1692 0.0161
277 0.2041 0.3064 0.3872 0.1010 0.0013
278 0.5186 0.1088 0.1698 0.1821 0.0206
279 0.6094 0.0603 0.0762 0.2173 0.0369
280 0.7002 0.0389 0.0448 0.1855 0.0303
281 0.7104 0.0465 0.0709 0.1573 0.0146
282 0.5552 0.0980 0.1371 0.1890 0.0207
283 0.6470 0.1000 0.1216 0.0836 0.0480
