time exciting_prob fearful_prob tense_prob sad_prob relaxing_prob
0 0.2037 0.2830 0.2496 0.2310 0.0327
1 0.8027 0.0908 0.0846 0.0063 0.0158
2 0.8135 0.0825 0.0878 0.0063 0.0099
3 0.2037 0.2830 0.2496 0.2310 0.0327
4 0.7549 0.1242 0.0271 0.0479 0.0461
5 0.3840 0.1758 0.0589 0.1091 0.2722
6 0.7573 0.0727 0.0227 0.1296 0.0175
7 0.2786 0.2152 0.0333 0.4417 0.0312
8 0.8247 0.0210 0.0430 0.1065 0.0047
9 0.9243 0.0381 0.0120 0.0107 0.0146
10 0.3965 0.0375 0.0118 0.5254 0.0287
11 0.2825 0.3713 0.2571 0.0611 0.0280
12 0.1665 0.4744 0.1665 0.1843 0.0084
13 0.2493 0.2532 0.2434 0.2200 0.0343
14 0.1570 0.1063 0.1418 0.5742 0.0204
15 0.4443 0.1597 0.1635 0.1768 0.0560
16 0.0617 0.2810 0.4250 0.1857 0.0466
17 0.0438 0.3064 0.5547 0.0678 0.0274
18 0.0887 0.0753 0.1138 0.1395 0.5825
19 0.4346 0.3464 0.0380 0.1729 0.0080
20 0.0595 0.3943 0.0290 0.0376 0.4795
21 0.0150 0.1902 0.3782 0.4089 0.0075
22 0.5317 0.1387 0.1205 0.1957 0.0133
23 0.7222 0.1411 0.0515 0.0798 0.0057
24 0.0836 0.4553 0.1573 0.1525 0.1514
25 0.0717 0.4709 0.2242 0.2140 0.0193
26 0.1006 0.1620 0.2842 0.2549 0.1985
27 0.0786 0.2103 0.5718 0.1327 0.0068
28 0.4526 0.1843 0.1829 0.1118 0.0684
29 0.0884 0.4456 0.1493 0.2423 0.0745
30 0.1223 0.3708 0.3074 0.0337 0.1658
31 0.4751 0.2076 0.2175 0.0695 0.0301
32 0.4851 0.0499 0.0811 0.3777 0.0062
33 0.6841 0.1246 0.0786 0.1074 0.0054
34 0.1635 0.1252 0.1313 0.1881 0.3918
35 0.0541 0.4863 0.2522 0.0352 0.1720
36 0.5527 0.1409 0.1355 0.1635 0.0074
37 0.0355 0.0878 0.2578 0.2878 0.3311
38 0.4097 0.2192 0.1405 0.2012 0.0294
39 0.0133 0.2861 0.1531 0.4941 0.0533
40 0.2051 0.1304 0.2893 0.3572 0.0181
41 0.1379 0.4705 0.1539 0.1992 0.0386
42 0.1666 0.3640 0.1995 0.2296 0.0402
43 0.1614 0.3872 0.1092 0.2600 0.0824
44 0.2559 0.4351 0.1931 0.0488 0.0673
45 0.3745 0.2573 0.2272 0.1040 0.0371
46 0.1471 0.1615 0.4897 0.0299 0.1719
47 0.1876 0.0996 0.3191 0.3242 0.0696
48 0.2937 0.1160 0.2593 0.2494 0.0816
49 0.0661 0.5981 0.2494 0.0531 0.0332
50 0.0537 0.6807 0.1094 0.1060 0.0505
51 0.0569 0.6021 0.2888 0.0254 0.0271
52 0.1676 0.3130 0.4053 0.0238 0.0904
53 0.1126 0.2832 0.5288 0.0225 0.0528
54 0.0851 0.2539 0.5767 0.0107 0.0734
55 0.3098 0.0379 0.2096 0.3650 0.0777
56 0.1124 0.1179 0.5366 0.2168 0.0164
57 0.2037 0.4084 0.3333 0.0236 0.0310
58 0.4307 0.0848 0.1254 0.1768 0.1824
59 0.2316 0.0339 0.1119 0.5728 0.0497
60 0.2457 0.3574 0.3281 0.0499 0.0190
61 0.0831 0.0520 0.3135 0.4932 0.0584
62 0.1304 0.3542 0.2493 0.2378 0.0284
63 0.1100 0.6235 0.1171 0.0971 0.0524
64 0.3564 0.1820 0.0547 0.3977 0.0093
65 0.3728 0.0781 0.2793 0.2314 0.0384
66 0.0968 0.3540 0.4800 0.0166 0.0526
67 0.1201 0.1259 0.2949 0.4189 0.0402
68 0.0884 0.1550 0.5166 0.2007 0.0395
69 0.4702 0.0593 0.0519 0.3777 0.0408
70 0.2949 0.0886 0.0482 0.5381 0.0301
71 0.1119 0.3064 0.3555 0.2107 0.0155
72 0.4873 0.2319 0.1521 0.0311 0.0975
73 0.1108 0.2257 0.3362 0.2876 0.0398
74 0.2161 0.0609 0.1936 0.3972 0.1321
75 0.3418 0.1414 0.2856 0.1459 0.0851
76 0.2917 0.0163 0.1637 0.4734 0.0548
77 0.0670 0.2373 0.5024 0.1877 0.0056
78 0.2236 0.3518 0.3574 0.0523 0.0150
79 0.2209 0.3503 0.4031 0.0219 0.0037
80 0.0288 0.6704 0.2544 0.0456 0.0006
81 0.1559 0.1880 0.6260 0.0273 0.0029
82 0.2791 0.3391 0.3018 0.0637 0.0164
83 0.0955 0.3691 0.4629 0.0607 0.0119
84 0.1693 0.0652 0.5552 0.1948 0.0156
85 0.3782 0.1931 0.1873 0.2024 0.0389
86 0.1490 0.2700 0.4812 0.0904 0.0093
87 0.4915 0.1659 0.0736 0.2433 0.0258
88 0.0696 0.1819 0.5601 0.1694 0.0190
89 0.0908 0.6655 0.2355 0.0072 0.0011
90 0.1637 0.6084 0.1826 0.0401 0.0051
91 0.2098 0.3918 0.3513 0.0162 0.0307
92 0.3491 0.0507 0.3081 0.2345 0.0575
93 0.1671 0.0691 0.1475 0.5562 0.0600
94 0.1973 0.0377 0.2101 0.5278 0.0269
95 0.7231 0.1626 0.0811 0.0313 0.0020
96 0.5562 0.0777 0.0840 0.2754 0.0066
97 0.1404 0.0885 0.1666 0.5864 0.0183
98 0.3022 0.0175 0.4536 0.1593 0.0674
99 0.1510 0.0853 0.2163 0.5190 0.0286
100 0.2241 0.0411 0.5015 0.2207 0.0127
101 0.1731 0.0721 0.4055 0.3159 0.0333
102 0.0406 0.1251 0.5435 0.2842 0.0069
103 0.3311 0.1058 0.2206 0.3208 0.0217
104 0.2542 0.0787 0.3088 0.3289 0.0294
105 0.1218 0.1613 0.4316 0.2700 0.0152
106 0.1963 0.0899 0.5093 0.1760 0.0285
107 0.1278 0.0980 0.3967 0.3557 0.0219
108 0.2252 0.1168 0.4175 0.1466 0.0939
109 0.2693 0.1243 0.2590 0.3223 0.0251
110 0.0635 0.2098 0.6987 0.0232 0.0045
111 0.1355 0.0440 0.5356 0.2532 0.0317
112 0.1143 0.0773 0.5122 0.2742 0.0222
113 0.1578 0.6802 0.1448 0.0150 0.0021
114 0.1464 0.3298 0.3796 0.1396 0.0043
115 0.0462 0.1492 0.5903 0.1306 0.0837
116 0.3303 0.1648 0.1597 0.3303 0.0151
117 0.1799 0.1099 0.4182 0.2659 0.0261
118 0.2559 0.1338 0.2311 0.3635 0.0159
119 0.4485 0.0940 0.3130 0.1024 0.0421
120 0.0697 0.1272 0.5229 0.2629 0.0170
121 0.4426 0.1964 0.2225 0.1136 0.0250
122 0.1284 0.0682 0.4111 0.3628 0.0293
123 0.5063 0.0564 0.1923 0.2230 0.0219
124 0.2209 0.2502 0.3906 0.1350 0.0031
125 0.2063 0.0334 0.2096 0.5352 0.0154
126 0.3516 0.0348 0.1714 0.3923 0.0499
127 0.2515 0.2720 0.2786 0.1929 0.0050
128 0.1866 0.1283 0.3005 0.2512 0.1334
129 0.3801 0.2360 0.1768 0.1910 0.0162
130 0.2832 0.0261 0.2349 0.3694 0.0864
131 0.2079 0.1332 0.4402 0.1968 0.0221
132 0.4829 0.1804 0.2144 0.1021 0.0202
133 0.3621 0.2393 0.1486 0.1473 0.1029
134 0.2854 0.1041 0.3389 0.1348 0.1370
135 0.2195 0.2488 0.2230 0.2732 0.0356
136 0.3752 0.2172 0.2404 0.1338 0.0336
137 0.5410 0.1587 0.1715 0.1198 0.0090
138 0.6958 0.0964 0.1109 0.0844 0.0127
139 0.7837 0.0872 0.0674 0.0529 0.0088
140 0.8823 0.0413 0.0203 0.0471 0.0093
141 0.3506 0.3879 0.1484 0.0712 0.0419
142 0.6416 0.1294 0.0984 0.1160 0.0144
143 0.2380 0.1663 0.4146 0.1769 0.0042
144 0.4351 0.2137 0.1050 0.1799 0.0662
145 0.4670 0.3418 0.0745 0.0705 0.0462
146 0.5684 0.1875 0.1268 0.0973 0.0198
147 0.6748 0.0463 0.0399 0.2313 0.0077
148 0.8013 0.1238 0.0136 0.0508 0.0104
149 0.1910 0.3982 0.3325 0.0725 0.0058
150 0.2844 0.2629 0.2267 0.2113 0.0146
151 0.5747 0.1609 0.0251 0.2305 0.0089
152 0.6650 0.2583 0.0180 0.0435 0.0152
153 0.0769 0.2351 0.4062 0.2791 0.0027
154 0.8569 0.0875 0.0150 0.0325 0.0080
155 0.1061 0.2178 0.2527 0.2795 0.1439
156 0.8271 0.0794 0.0201 0.0638 0.0093
157 0.2952 0.5732 0.0533 0.0663 0.0120
158 0.2712 0.3323 0.2866 0.0634 0.0464
159 0.2062 0.3269 0.3374 0.1053 0.0241
160 0.2949 0.1578 0.3906 0.1249 0.0316
161 0.4692 0.3655 0.1234 0.0110 0.0309
162 0.6904 0.0920 0.1026 0.0912 0.0238
163 0.1342 0.4297 0.3704 0.0275 0.0384
164 0.2607 0.5186 0.1354 0.0596 0.0254
165 0.0958 0.2012 0.2262 0.4751 0.0017
166 0.4292 0.2141 0.2484 0.0764 0.0318
167 0.3486 0.2416 0.3149 0.0221 0.0725
168 0.5288 0.2188 0.1445 0.0927 0.0151
169 0.6792 0.1946 0.0466 0.0646 0.0151
170 0.5132 0.0643 0.0806 0.3140 0.0279
171 0.1737 0.3147 0.3826 0.1148 0.0144
172 0.1947 0.1470 0.2854 0.3416 0.0313
173 0.6221 0.0803 0.0869 0.1926 0.0183
174 0.4380 0.3154 0.1676 0.0322 0.0465
175 0.5796 0.2003 0.0660 0.1477 0.0062
176 0.7822 0.0805 0.0188 0.0927 0.0257
177 0.6055 0.0663 0.0546 0.2625 0.0113
178 0.1816 0.2856 0.5015 0.0290 0.0024
179 0.1953 0.4368 0.3120 0.0373 0.0187
180 0.2469 0.1406 0.4199 0.1724 0.0201
181 0.7881 0.1083 0.0459 0.0485 0.0091
182 0.5312 0.2734 0.0854 0.0582 0.0518
183 0.2722 0.3523 0.2039 0.1625 0.0092
184 0.1246 0.3135 0.1771 0.3496 0.0352
185 0.2231 0.1533 0.1849 0.4041 0.0345
186 0.1578 0.5513 0.1554 0.1239 0.0117
187 0.1438 0.0679 0.6855 0.0900 0.0127
188 0.3193 0.2467 0.1221 0.0801 0.2318
189 0.2396 0.4373 0.1753 0.0596 0.0881
190 0.6230 0.0927 0.0652 0.2137 0.0052
191 0.2593 0.2959 0.0443 0.3103 0.0903
192 0.1195 0.2549 0.2549 0.1672 0.2032
193 0.6782 0.2290 0.0257 0.0579 0.0090
194 0.3240 0.2483 0.1530 0.2622 0.0126
195 0.3713 0.3408 0.1586 0.0862 0.0430
196 0.7656 0.0989 0.0586 0.0723 0.0046
197 0.6694 0.0913 0.0642 0.1589 0.0161
198 0.2037 0.2830 0.2496 0.2310 0.0327
199 0.7363 0.0463 0.0254 0.1694 0.0226
200 0.7363 0.0456 0.0252 0.1721 0.0209
201 0.7363 0.0453 0.0254 0.1721 0.0209
202 0.7339 0.0455 0.0255 0.1743 0.0210
203 0.7339 0.0455 0.0255 0.1743 0.0210
204 0.2037 0.2830 0.2496 0.2310 0.0327
