time exciting_prob fearful_prob tense_prob sad_prob relaxing_prob
0 0.2037 0.2830 0.2496 0.2310 0.0327
1 0.1158 0.1080 0.4075 0.2673 0.1014
2 0.0847 0.2450 0.5146 0.1038 0.0518
3 0.1134 0.2678 0.4448 0.1216 0.0523
4 0.0803 0.3052 0.4692 0.1047 0.0407
5 0.0889 0.6074 0.2417 0.0539 0.0079
6 0.0155 0.2319 0.6304 0.1062 0.0159
7 0.0181 0.4321 0.3472 0.1978 0.0050
8 0.0653 0.2352 0.5596 0.0965 0.0432
9 0.1112 0.0729 0.3762 0.4131 0.0264
10 0.0394 0.2063 0.5029 0.2412 0.0104
11 0.0216 0.1985 0.6611 0.1046 0.0144
12 0.0715 0.1637 0.6323 0.1160 0.0165
13 0.3281 0.1573 0.4485 0.0561 0.0100
14 0.2759 0.2361 0.4080 0.0714 0.0087
15 0.1189 0.5947 0.2722 0.0135 0.0008
16 0.0685 0.3291 0.4500 0.1259 0.0266
17 0.1500 0.1254 0.6938 0.0226 0.0084
18 0.0736 0.1105 0.3198 0.4800 0.0162
19 0.0552 0.5664 0.2676 0.0984 0.0122
20 0.0403 0.0615 0.7974 0.0953 0.0054
21 0.0703 0.2051 0.6123 0.0953 0.0171
22 0.1033 0.3110 0.4453 0.1276 0.0126
23 0.0529 0.2769 0.5684 0.0700 0.0318
24 0.0507 0.2988 0.3662 0.2764 0.0078
25 0.0651 0.6890 0.1512 0.0458 0.0491
26 0.0864 0.2136 0.6279 0.0662 0.0057
27 0.1835 0.0730 0.1984 0.4910 0.0542
28 0.2422 0.0612 0.1799 0.4524 0.0641
29 0.0878 0.4565 0.3289 0.0757 0.0512
30 0.0558 0.0643 0.6592 0.1888 0.0318
31 0.0520 0.2443 0.6240 0.0745 0.0054
32 0.1214 0.3459 0.2778 0.2415 0.0133
33 0.1161 0.2874 0.2966 0.2659 0.0341
34 0.0640 0.1323 0.5151 0.2803 0.0082
35 0.1160 0.2474 0.4922 0.1151 0.0293
36 0.1194 0.5269 0.1879 0.0443 0.1213
37 0.0983 0.6987 0.1465 0.0109 0.0457
38 0.1215 0.4658 0.3127 0.0809 0.0189
39 0.2230 0.1322 0.1570 0.4797 0.0083
40 0.0703 0.3352 0.3567 0.2198 0.0180
41 0.1438 0.3293 0.3616 0.1394 0.0258
42 0.1130 0.5654 0.1385 0.1792 0.0040
43 0.1221 0.2666 0.3533 0.2177 0.0403
44 0.1069 0.4753 0.2544 0.1300 0.0334
45 0.2472 0.2651 0.1633 0.2737 0.0506
46 0.1945 0.1930 0.3960 0.1827 0.0338
47 0.1575 0.2988 0.3083 0.1066 0.1285
48 0.1296 0.0455 0.1357 0.6279 0.0612
49 0.0478 0.4036 0.3142 0.2159 0.0184
50 0.0477 0.4666 0.2830 0.1975 0.0054
51 0.1466 0.5195 0.0822 0.1048 0.1466
52 0.0837 0.2422 0.1218 0.5371 0.0152
53 0.0509 0.2668 0.1113 0.5649 0.0060
54 0.0582 0.6162 0.1251 0.1849 0.0155
55 0.2014 0.0826 0.4756 0.1696 0.0707
56 0.0656 0.1870 0.4700 0.2517 0.0257
57 0.1429 0.1499 0.4475 0.2250 0.0348
58 0.1479 0.1099 0.4084 0.3181 0.0155
59 0.2373 0.3193 0.1936 0.2195 0.0304
60 0.2825 0.6270 0.0385 0.0037 0.0483
61 0.2522 0.2369 0.2971 0.1775 0.0361
62 0.2411 0.5269 0.1670 0.0130 0.0522
63 0.0972 0.0589 0.2330 0.5952 0.0156
64 0.1860 0.0668 0.1361 0.5913 0.0199
65 0.1201 0.7646 0.0512 0.0205 0.0435
66 0.2852 0.4739 0.1091 0.0786 0.0532
67 0.2192 0.1416 0.2427 0.3369 0.0595
68 0.1399 0.0315 0.0791 0.7329 0.0164
69 0.1183 0.5347 0.3345 0.0107 0.0021
70 0.2253 0.5757 0.1769 0.0143 0.0079
71 0.5151 0.2935 0.0591 0.1204 0.0120
72 0.0891 0.2898 0.1664 0.4419 0.0130
73 0.0613 0.1694 0.3115 0.4128 0.0449
74 0.1023 0.3860 0.2305 0.1881 0.0931
75 0.2318 0.2144 0.2178 0.3169 0.0193
76 0.2576 0.2363 0.1125 0.3359 0.0579
77 0.1676 0.5244 0.0636 0.0276 0.2169
78 0.1779 0.1779 0.4167 0.1301 0.0975
79 0.2983 0.4807 0.0602 0.0186 0.1421
80 0.2064 0.4138 0.1038 0.1006 0.1753
81 0.0515 0.8574 0.0300 0.0148 0.0462
82 0.3074 0.4543 0.1396 0.0714 0.0273
83 0.2898 0.1901 0.2854 0.2222 0.0127
84 0.0384 0.2424 0.5723 0.1425 0.0044
85 0.0461 0.0253 0.3738 0.5527 0.0022
86 0.4592 0.2439 0.1326 0.0484 0.1161
87 0.4170 0.2032 0.1312 0.2432 0.0054
88 0.1204 0.1149 0.4763 0.2180 0.0703
89 0.1125 0.3083 0.4702 0.0780 0.0308
90 0.4158 0.5176 0.0358 0.0168 0.0142
91 0.1779 0.6504 0.0436 0.0860 0.0419
92 0.3318 0.5142 0.0669 0.0189 0.0685
93 0.1626 0.1034 0.6333 0.0831 0.0175
94 0.2700 0.1562 0.3928 0.1562 0.0245
95 0.0988 0.1416 0.2228 0.5181 0.0190
96 0.1472 0.3506 0.1156 0.3191 0.0674
97 0.0911 0.0218 0.5322 0.3438 0.0110
98 0.0988 0.1201 0.2664 0.4534 0.0613
99 0.1704 0.0662 0.1614 0.5371 0.0647
100 0.0768 0.2103 0.0641 0.6328 0.0160
101 0.0941 0.7119 0.0948 0.0466 0.0524
102 0.2301 0.3794 0.2710 0.1078 0.0116
103 0.0750 0.1689 0.3867 0.3577 0.0116
104 0.1373 0.2751 0.2930 0.2585 0.0361
105 0.2415 0.3379 0.2147 0.1030 0.1030
106 0.0565 0.2397 0.2803 0.4207 0.0028
107 0.0903 0.1942 0.5361 0.1714 0.0079
108 0.1628 0.0638 0.5957 0.1578 0.0199
109 0.1526 0.4775 0.0476 0.1479 0.1743
110 0.2659 0.2008 0.2329 0.2639 0.0366
111 0.2349 0.3638 0.1746 0.2057 0.0210
112 0.1342 0.0826 0.5308 0.2283 0.0242
113 0.0947 0.0925 0.7104 0.0896 0.0130
114 0.0592 0.2693 0.5029 0.0731 0.0953
115 0.0378 0.5918 0.2078 0.1569 0.0055
116 0.2979 0.4614 0.1821 0.0337 0.0248
117 0.2441 0.5718 0.1266 0.0389 0.0184
118 0.1765 0.0461 0.4438 0.3098 0.0239
119 0.0646 0.1785 0.6426 0.1125 0.0020
120 0.1030 0.1063 0.2888 0.4990 0.0030
121 0.0795 0.1053 0.4233 0.3794 0.0124
122 0.1807 0.1021 0.4910 0.2112 0.0152
123 0.1932 0.5723 0.1873 0.0240 0.0231
124 0.3284 0.1368 0.2700 0.1930 0.0716
125 0.0898 0.1932 0.4895 0.1962 0.0313
126 0.0507 0.2654 0.5195 0.1609 0.0035
127 0.0671 0.2217 0.2673 0.4341 0.0099
128 0.2593 0.4695 0.0503 0.0176 0.2035
129 0.1785 0.4419 0.2070 0.1337 0.0389
130 0.2230 0.0747 0.2607 0.4233 0.0183
131 0.1034 0.3811 0.2878 0.2040 0.0236
132 0.1613 0.5410 0.1400 0.0434 0.1143
133 0.4775 0.1550 0.2007 0.1400 0.0267
134 0.1247 0.1154 0.1436 0.6045 0.0121
135 0.1769 0.1825 0.4658 0.1700 0.0047
136 0.1542 0.0745 0.4358 0.2834 0.0520
137 0.1519 0.0339 0.3586 0.4258 0.0299
138 0.1527 0.2460 0.1691 0.2578 0.1744
139 0.2605 0.2708 0.1279 0.2861 0.0546
140 0.1248 0.0806 0.7407 0.0470 0.0068
141 0.1475 0.0568 0.6304 0.1475 0.0179
142 0.0471 0.0893 0.7593 0.0950 0.0093
143 0.0925 0.1245 0.3281 0.4414 0.0134
144 0.1254 0.0939 0.5278 0.2454 0.0078
145 0.0510 0.3225 0.5400 0.0842 0.0021
146 0.3293 0.1763 0.2952 0.1763 0.0228
147 0.1538 0.7056 0.0335 0.0113 0.0955
148 0.3267 0.4980 0.0794 0.0347 0.0614
149 0.1034 0.7236 0.0864 0.0074 0.0793
150 0.0568 0.2708 0.1061 0.5220 0.0442
151 0.2010 0.0980 0.2971 0.3213 0.0825
152 0.0558 0.1259 0.7832 0.0323 0.0027
153 0.1965 0.1519 0.5684 0.0628 0.0204
154 0.0287 0.1191 0.6748 0.1760 0.0013
155 0.0948 0.1917 0.5630 0.1481 0.0022
156 0.0296 0.1625 0.7393 0.0677 0.0009
157 0.1887 0.4600 0.2173 0.1035 0.0306
158 0.0368 0.1178 0.5039 0.3303 0.0115
159 0.1455 0.0503 0.1478 0.6421 0.0144
160 0.0590 0.4905 0.3167 0.1202 0.0138
161 0.0872 0.1085 0.6338 0.1653 0.0053
162 0.1625 0.3108 0.2966 0.2102 0.0200
163 0.1722 0.0586 0.2839 0.4753 0.0099
164 0.0652 0.0549 0.4973 0.3755 0.0071
165 0.0653 0.0706 0.6006 0.2279 0.0355
166 0.0414 0.0876 0.5454 0.3206 0.0050
167 0.0578 0.6982 0.1054 0.1312 0.0072
168 0.0958 0.3557 0.2644 0.2522 0.0318
169 0.4309 0.1160 0.1421 0.2573 0.0535
170 0.2401 0.3333 0.2700 0.0856 0.0710
171 0.0481 0.1285 0.7173 0.0898 0.0163
172 0.0840 0.0881 0.6562 0.1659 0.0058
173 0.1008 0.1108 0.5454 0.2203 0.0229
174 0.1995 0.3315 0.2191 0.1934 0.0567
175 0.1675 0.4412 0.1675 0.2150 0.0091
176 0.0703 0.1973 0.5444 0.1824 0.0055
177 0.0532 0.0662 0.6582 0.2205 0.0020
178 0.0739 0.0641 0.4893 0.3635 0.0091
179 0.0447 0.0539 0.3740 0.5195 0.0081
180 0.0800 0.0244 0.2837 0.5908 0.0210
181 0.1536 0.2305 0.4656 0.1334 0.0168
182 0.0550 0.1592 0.2390 0.5386 0.0083
183 0.1560 0.0889 0.3921 0.3516 0.0116
184 0.0548 0.2939 0.5850 0.0588 0.0076
185 0.0809 0.0889 0.5889 0.2269 0.0146
186 0.0243 0.0676 0.3030 0.6025 0.0027
187 0.0297 0.1951 0.3879 0.3762 0.0110
188 0.0862 0.1512 0.3923 0.3572 0.0130
189 0.2722 0.0898 0.5415 0.0704 0.0263
190 0.0978 0.1276 0.4385 0.3110 0.0251
191 0.0446 0.1113 0.7373 0.0983 0.0083
192 0.0203 0.1108 0.8447 0.0230 0.0012
193 0.0875 0.0400 0.3682 0.4956 0.0088
194 0.1098 0.2117 0.5405 0.1064 0.0315
195 0.0472 0.0917 0.4446 0.3462 0.0703
196 0.0517 0.0525 0.5645 0.2974 0.0339
197 0.1057 0.1108 0.1715 0.6084 0.0037
198 0.1250 0.4609 0.1696 0.1581 0.0866
199 0.1772 0.0775 0.1917 0.5376 0.0161
200 0.2781 0.0656 0.0544 0.5708 0.0312
201 0.0490 0.0807 0.0453 0.7900 0.0352
202 0.3621 0.1385 0.3677 0.1021 0.0295
203 0.1886 0.6685 0.0830 0.0263 0.0335
204 0.0968 0.4238 0.4109 0.0543 0.0141
205 0.0574 0.0186 0.5039 0.4111 0.0090
206 0.1454 0.0977 0.6567 0.0924 0.0077
207 0.1333 0.1608 0.2064 0.4875 0.0119
208 0.0859 0.3269 0.4985 0.0724 0.0164
209 0.1567 0.1643 0.1240 0.5303 0.0246
210 0.4995 0.1431 0.1420 0.1559 0.0596
211 0.1259 0.0372 0.5640 0.2107 0.0623
212 0.1071 0.1114 0.1595 0.5928 0.0293
213 0.1617 0.6758 0.0795 0.0563 0.0266
214 0.3254 0.5493 0.0570 0.0195 0.0487
215 0.0748 0.1660 0.2695 0.4802 0.0094
216 0.3174 0.3250 0.1971 0.1409 0.0197
217 0.1720 0.0301 0.6592 0.1128 0.0258
218 0.5591 0.2462 0.1093 0.0435 0.0418
219 0.1249 0.0214 0.6753 0.1655 0.0129
220 0.0839 0.0250 0.5825 0.2930 0.0156
221 0.2930 0.0600 0.2013 0.4065 0.0393
222 0.3682 0.1420 0.2452 0.2250 0.0198
223 0.1580 0.1212 0.5181 0.1936 0.0092
224 0.3662 0.0507 0.4851 0.0817 0.0163
225 0.0790 0.1837 0.6826 0.0502 0.0043
226 0.0532 0.2423 0.6484 0.0508 0.0051
227 0.1225 0.2893 0.1000 0.3713 0.1169
228 0.0195 0.1533 0.7788 0.0468 0.0018
229 0.0276 0.3206 0.6274 0.0223 0.0019
230 0.0627 0.0898 0.7173 0.1227 0.0077
231 0.1003 0.0098 0.7593 0.1174 0.0133
232 0.0177 0.0146 0.9463 0.0198 0.0017
233 0.1096 0.1672 0.2250 0.4404 0.0578
234 0.2280 0.1567 0.2043 0.3760 0.0350
235 0.3435 0.2847 0.1356 0.1989 0.0374
236 0.3840 0.3472 0.1050 0.1118 0.0520
237 0.0489 0.0701 0.4717 0.3730 0.0364
238 0.3516 0.2166 0.2737 0.1124 0.0457
239 0.2986 0.1198 0.3547 0.1913 0.0357
240 0.0330 0.2234 0.3516 0.3684 0.0237
241 0.4248 0.2222 0.2023 0.1017 0.0492
242 0.1399 0.0450 0.5444 0.2612 0.0093
243 0.1022 0.1030 0.1685 0.6162 0.0104
244 0.1533 0.0834 0.2231 0.5186 0.0214
245 0.2971 0.1210 0.4636 0.0942 0.0242
246 0.1196 0.1334 0.2693 0.4656 0.0122
247 0.2026 0.5640 0.1693 0.0242 0.0402
248 0.5503 0.2747 0.0549 0.0369 0.0831
249 0.1799 0.0247 0.6685 0.1162 0.0104
250 0.1769 0.0947 0.2418 0.4734 0.0130
251 0.1885 0.1198 0.2830 0.3867 0.0222
252 0.2981 0.1672 0.1595 0.3596 0.0156
253 0.3506 0.3118 0.2410 0.0900 0.0066
254 0.0622 0.2402 0.1390 0.5166 0.0417
255 0.1141 0.1853 0.4175 0.2612 0.0216
256 0.4529 0.3137 0.1101 0.0470 0.0763
257 0.2825 0.3054 0.3008 0.0977 0.0134
258 0.2360 0.0939 0.5400 0.0984 0.0314
259 0.3145 0.0783 0.5186 0.0446 0.0439
260 0.2576 0.0215 0.4451 0.2576 0.0185
261 0.1333 0.2268 0.4509 0.1738 0.0150
262 0.1166 0.1953 0.5786 0.0827 0.0268
263 0.1132 0.2340 0.4509 0.1711 0.0307
264 0.1263 0.1973 0.4143 0.2417 0.0205
265 0.1038 0.2549 0.4509 0.1698 0.0204
266 0.0788 0.1669 0.3972 0.3267 0.0304
