time exciting_prob fearful_prob tense_prob sad_prob relaxing_prob
0 0.2037 0.2830 0.2496 0.2310 0.0327
1 0.4929 0.2274 0.1992 0.0520 0.0285
2 0.5117 0.2343 0.1973 0.0265 0.0303
3 0.1351 0.1604 0.3909 0.2192 0.0943
4 0.1844 0.1068 0.2769 0.1084 0.3237
5 0.2286 0.1753 0.2434 0.1014 0.2512
6 0.3762 0.3821 0.1260 0.0880 0.0277
7 0.6299 0.2391 0.0952 0.0193 0.0163
8 0.3794 0.0564 0.2374 0.1558 0.1710
9 0.6108 0.1498 0.0741 0.1353 0.0300
10 0.6245 0.2245 0.0845 0.0390 0.0274
11 0.1730 0.2896 0.1152 0.1041 0.3181
12 0.0779 0.2554 0.2052 0.2218 0.2399
13 0.0919 0.1276 0.5366 0.1562 0.0876
14 0.3325 0.3125 0.2549 0.0610 0.0391
15 0.4099 0.0385 0.0479 0.4099 0.0937
16 0.4963 0.2152 0.1265 0.0175 0.1444
17 0.2024 0.1067 0.2367 0.1902 0.2639
18 0.1680 0.1027 0.5771 0.0845 0.0679
19 0.5796 0.2200 0.1168 0.0601 0.0237
20 0.2421 0.1945 0.3748 0.0762 0.1125
21 0.3865 0.0651 0.3464 0.1235 0.0785
22 0.2529 0.2632 0.3250 0.0298 0.1293
23 0.2133 0.2067 0.4956 0.0535 0.0310
24 0.2395 0.2285 0.3708 0.1080 0.0530
25 0.4912 0.2339 0.2432 0.0163 0.0154
26 0.4780 0.2137 0.2639 0.0338 0.0104
27 0.2673 0.0766 0.1868 0.4341 0.0351
28 0.3398 0.0221 0.0299 0.5962 0.0118
29 0.3459 0.0273 0.0531 0.5615 0.0119
30 0.2014 0.0596 0.5391 0.1544 0.0453
31 0.2498 0.1099 0.5288 0.0672 0.0444
32 0.1218 0.2598 0.0637 0.5498 0.0047
33 0.0394 0.6357 0.0498 0.2734 0.0014
34 0.3018 0.0360 0.3528 0.2791 0.0303
35 0.1777 0.0853 0.3589 0.3645 0.0136
36 0.3503 0.1372 0.0872 0.4031 0.0222
37 0.1483 0.1120 0.2644 0.2228 0.2524
38 0.1257 0.1746 0.2041 0.3210 0.1746
39 0.1625 0.5083 0.1179 0.1870 0.0245
40 0.1641 0.7407 0.0562 0.0264 0.0126
41 0.2368 0.5054 0.1210 0.0545 0.0825
42 0.6040 0.2222 0.1359 0.0135 0.0245
43 0.2654 0.5796 0.1244 0.0228 0.0075
44 0.0169 0.0426 0.5522 0.3855 0.0029
45 0.0505 0.0279 0.3401 0.5693 0.0122
46 0.1068 0.0545 0.5171 0.3040 0.0174
47 0.1135 0.5996 0.2089 0.0301 0.0481
48 0.0958 0.0412 0.2996 0.5342 0.0292
49 0.1465 0.2269 0.1465 0.4443 0.0359
50 0.0638 0.0336 0.4229 0.4717 0.0079
51 0.0748 0.2510 0.0753 0.5928 0.0064
52 0.1154 0.5376 0.0627 0.2747 0.0097
53 0.2913 0.1752 0.1185 0.3796 0.0353
54 0.1589 0.0751 0.2791 0.4600 0.0270
55 0.1837 0.1621 0.3433 0.2981 0.0128
56 0.1133 0.0495 0.0499 0.7622 0.0249
57 0.2034 0.0522 0.0506 0.6880 0.0060
58 0.1052 0.5425 0.1965 0.1506 0.0052
59 0.5762 0.0672 0.0305 0.0132 0.3132
60 0.5537 0.0761 0.0786 0.0194 0.2720
61 0.3806 0.1637 0.2345 0.2135 0.0078
62 0.3789 0.2905 0.2646 0.0623 0.0037
63 0.1595 0.1476 0.0708 0.6211 0.0008
64 0.1154 0.1119 0.3042 0.4028 0.0657
65 0.1399 0.1169 0.4175 0.0410 0.2847
66 0.2937 0.2474 0.1957 0.2593 0.0038
67 0.1168 0.5703 0.1583 0.1523 0.0022
68 0.4119 0.2223 0.2722 0.0637 0.0298
69 0.0395 0.1179 0.0218 0.8184 0.0022
70 0.3667 0.1318 0.3210 0.0545 0.1257
71 0.1709 0.2178 0.1203 0.4756 0.0153
72 0.1521 0.7314 0.0223 0.0894 0.0046
73 0.2111 0.2429 0.3398 0.1556 0.0505
74 0.3005 0.0681 0.1282 0.2340 0.2693
75 0.1351 0.6060 0.0820 0.1736 0.0033
76 0.0235 0.4949 0.0582 0.4233 0.0001
77 0.3589 0.0412 0.0880 0.5063 0.0055
78 0.1547 0.1006 0.2113 0.5151 0.0185
79 0.5991 0.0575 0.0575 0.2478 0.0383
80 0.0803 0.1926 0.2715 0.4478 0.0078
81 0.1204 0.1407 0.2213 0.2607 0.2568
82 0.3408 0.4375 0.0969 0.1141 0.0105
83 0.3167 0.0701 0.1260 0.4065 0.0807
84 0.1848 0.3853 0.2566 0.1605 0.0130
85 0.1724 0.2754 0.0707 0.3975 0.0840
86 0.2642 0.2057 0.0825 0.4355 0.0121
87 0.5576 0.0869 0.0374 0.2827 0.0354
88 0.7358 0.0788 0.0663 0.0723 0.0467
89 0.3809 0.0710 0.0823 0.4521 0.0135
90 0.2416 0.2002 0.4238 0.1243 0.0100
91 0.1160 0.6025 0.1115 0.1597 0.0101
92 0.1826 0.0662 0.1379 0.5542 0.0593
93 0.0779 0.1703 0.2556 0.4927 0.0035
94 0.0183 0.0648 0.7295 0.1654 0.0220
95 0.0696 0.1985 0.2146 0.5146 0.0026
96 0.2274 0.0558 0.1588 0.3992 0.1588
97 0.0536 0.0553 0.1208 0.7637 0.0066
98 0.4856 0.3811 0.0678 0.0421 0.0233
99 0.4841 0.0828 0.0436 0.2286 0.1609
100 0.4866 0.2974 0.1129 0.0604 0.0428
101 0.2727 0.0604 0.0864 0.5171 0.0632
102 0.0604 0.0463 0.1860 0.7021 0.0054
103 0.3413 0.0715 0.1041 0.4629 0.0200
104 0.6802 0.0865 0.0214 0.1482 0.0638
105 0.1583 0.0201 0.0364 0.7793 0.0059
106 0.0708 0.0560 0.2114 0.6118 0.0498
107 0.4119 0.1266 0.0504 0.2136 0.1976
108 0.3135 0.1758 0.1664 0.3184 0.0261
109 0.3335 0.0349 0.0380 0.5850 0.0086
110 0.5786 0.0990 0.1029 0.1938 0.0256
111 0.4790 0.0907 0.1875 0.1860 0.0568
112 0.4041 0.0322 0.1262 0.3567 0.0808
113 0.1229 0.1530 0.1119 0.6050 0.0073
114 0.3867 0.0242 0.0804 0.4739 0.0346
115 0.3330 0.1197 0.0737 0.4209 0.0527
116 0.2800 0.0486 0.0510 0.5610 0.0591
117 0.4407 0.0703 0.0822 0.3486 0.0583
118 0.1414 0.1228 0.2139 0.4856 0.0363
119 0.0825 0.0126 0.0316 0.8457 0.0274
120 0.2576 0.0351 0.0561 0.5986 0.0527
121 0.1466 0.0335 0.1537 0.6470 0.0194
122 0.5005 0.0360 0.0622 0.3440 0.0575
123 0.4336 0.0522 0.0526 0.4507 0.0109
124 0.0555 0.0796 0.2339 0.5698 0.0610
125 0.2252 0.0315 0.0939 0.6416 0.0076
126 0.1255 0.1125 0.1715 0.5801 0.0103
127 0.4390 0.2123 0.0405 0.2747 0.0333
128 0.0667 0.0404 0.0488 0.8379 0.0064
129 0.2644 0.0111 0.0355 0.6748 0.0142
130 0.1451 0.0175 0.0923 0.7202 0.0248
131 0.7964 0.0649 0.0347 0.0538 0.0501
132 0.4094 0.0361 0.0493 0.5015 0.0036
133 0.5000 0.0420 0.0420 0.4019 0.0139
134 0.1231 0.1175 0.4719 0.2411 0.0464
135 0.2559 0.0285 0.0431 0.6636 0.0092
136 0.0825 0.0428 0.0449 0.8208 0.0090
137 0.7749 0.0616 0.0305 0.1116 0.0211
138 0.2742 0.0143 0.0124 0.6895 0.0096
139 0.0484 0.0251 0.0344 0.8857 0.0062
140 0.2454 0.0569 0.0961 0.5884 0.0132
141 0.2769 0.1136 0.1603 0.4290 0.0204
142 0.4229 0.0419 0.0546 0.4363 0.0446
143 0.3154 0.1000 0.1116 0.4553 0.0175
144 0.1155 0.0290 0.0445 0.2244 0.5864
145 0.2012 0.0387 0.0428 0.6245 0.0928
146 0.1049 0.1117 0.1599 0.6035 0.0197
147 0.1790 0.0996 0.0807 0.6152 0.0256
148 0.2625 0.2354 0.2076 0.2466 0.0478
149 0.2747 0.0769 0.0851 0.5464 0.0170
150 0.3567 0.0382 0.0686 0.5273 0.0094
151 0.1907 0.0241 0.0281 0.7544 0.0028
152 0.0969 0.0269 0.2803 0.5840 0.0119
153 0.3269 0.0741 0.1078 0.4683 0.0228
154 0.2295 0.0381 0.2444 0.4785 0.0096
155 0.3398 0.0997 0.0501 0.4363 0.0741
156 0.1327 0.0705 0.1731 0.6138 0.0101
157 0.1504 0.0515 0.1066 0.6328 0.0584
158 0.1161 0.0469 0.3867 0.4116 0.0389
159 0.3284 0.1871 0.1758 0.2054 0.1033
160 0.2507 0.1223 0.1752 0.4009 0.0510
161 0.1404 0.1616 0.5137 0.1471 0.0372
162 0.2401 0.1611 0.3928 0.1433 0.0626
163 0.1703 0.0401 0.0561 0.6733 0.0602
164 0.0977 0.0495 0.0535 0.6777 0.1215
165 0.0991 0.0312 0.0861 0.6875 0.0960
166 0.1229 0.0384 0.1267 0.6851 0.0268
167 0.0948 0.0431 0.1091 0.6582 0.0948
168 0.1295 0.0804 0.1943 0.5200 0.0755
169 0.1120 0.0550 0.1708 0.6445 0.0177
170 0.1056 0.0531 0.2271 0.6079 0.0065
171 0.0622 0.0811 0.0360 0.8188 0.0018
172 0.0660 0.0433 0.0601 0.8169 0.0136
173 0.0711 0.0541 0.1182 0.7129 0.0438
174 0.1743 0.0133 0.1316 0.6787 0.0018
175 0.1630 0.0290 0.0988 0.6860 0.0231
176 0.1086 0.0614 0.0900 0.6973 0.0425
177 0.1392 0.0352 0.0558 0.7637 0.0062
178 0.2477 0.0715 0.3359 0.2203 0.1246
179 0.2360 0.0340 0.0924 0.5234 0.1141
180 0.6030 0.0889 0.0778 0.0862 0.1443
181 0.2109 0.1405 0.2175 0.4128 0.0181
182 0.2321 0.0731 0.1571 0.5229 0.0147
183 0.1405 0.0193 0.1120 0.7192 0.0091
184 0.2432 0.0867 0.1122 0.5068 0.0514
185 0.0947 0.0548 0.0862 0.7568 0.0075
186 0.2406 0.0459 0.0684 0.6338 0.0113
187 0.3098 0.0282 0.1140 0.5352 0.0126
188 0.2715 0.1837 0.1293 0.2822 0.1333
189 0.1882 0.1377 0.4658 0.1598 0.0483
190 0.0920 0.1200 0.1426 0.6191 0.0264
191 0.1847 0.1094 0.1270 0.4868 0.0922
192 0.1990 0.0317 0.0646 0.6626 0.0420
193 0.2834 0.0215 0.0739 0.6001 0.0213
194 0.2120 0.0481 0.0484 0.6846 0.0068
195 0.2079 0.1148 0.1497 0.5225 0.0051
196 0.3601 0.1000 0.1225 0.4016 0.0157
197 0.2104 0.1801 0.1144 0.4895 0.0056
198 0.3823 0.1139 0.1849 0.1281 0.1908
199 0.7129 0.0485 0.0806 0.1393 0.0188
200 0.3784 0.0411 0.1145 0.3843 0.0818
201 0.3960 0.0863 0.0811 0.4087 0.0280
202 0.3242 0.1461 0.1920 0.2883 0.0493
203 0.6479 0.1074 0.1083 0.0662 0.0704
204 0.3833 0.1433 0.0969 0.3228 0.0535
205 0.3059 0.1422 0.1091 0.4248 0.0181
206 0.3074 0.1149 0.1063 0.4614 0.0100
207 0.1148 0.1545 0.3120 0.3538 0.0649
208 0.2051 0.0286 0.0601 0.6992 0.0072
209 0.0304 0.0336 0.0387 0.8950 0.0024
210 0.0648 0.0406 0.0746 0.8022 0.0177
211 0.0248 0.0084 0.0381 0.9233 0.0053
212 0.3137 0.0793 0.1102 0.4785 0.0181
213 0.1958 0.1169 0.1868 0.4343 0.0661
214 0.0435 0.1102 0.1173 0.7075 0.0214
215 0.4734 0.0773 0.0579 0.3745 0.0171
216 0.2050 0.0889 0.1409 0.5156 0.0498
217 0.3450 0.3091 0.1748 0.1578 0.0134
218 0.3499 0.2295 0.2295 0.1705 0.0205
219 0.2181 0.1055 0.1088 0.4802 0.0875
220 0.0592 0.0611 0.4043 0.4729 0.0026
221 0.0729 0.0422 0.0729 0.8091 0.0026
222 0.1602 0.1153 0.1066 0.5947 0.0231
223 0.5010 0.1758 0.1504 0.1447 0.0283
224 0.1307 0.0412 0.1371 0.6338 0.0571
225 0.4780 0.1552 0.1931 0.0811 0.0927
226 0.4478 0.1115 0.1089 0.2593 0.0726
227 0.4248 0.2786 0.1600 0.0941 0.0424
228 0.4976 0.0781 0.0652 0.3528 0.0064
229 0.3916 0.0353 0.0547 0.4578 0.0605
230 0.1615 0.0393 0.0541 0.7129 0.0323
231 0.3589 0.0893 0.1450 0.4004 0.0066
232 0.0668 0.0341 0.0618 0.8008 0.0363
233 0.0733 0.2766 0.5674 0.0562 0.0265
234 0.5664 0.1031 0.1973 0.1294 0.0041
235 0.0795 0.0240 0.0701 0.7783 0.0482
236 0.0472 0.1465 0.5273 0.2378 0.0410
237 0.1379 0.2830 0.2700 0.2830 0.0259
238 0.2491 0.2234 0.2434 0.2050 0.0790
239 0.0604 0.1642 0.1832 0.5557 0.0367
240 0.0721 0.0646 0.1170 0.6836 0.0626
241 0.0587 0.7100 0.1293 0.0924 0.0098
242 0.1803 0.1904 0.2108 0.2059 0.2125
243 0.1174 0.1997 0.0859 0.5688 0.0281
244 0.1108 0.1743 0.0215 0.6895 0.0040
245 0.1467 0.2203 0.1611 0.4451 0.0267
246 0.0675 0.1620 0.3650 0.4009 0.0047
247 0.5298 0.0623 0.0229 0.3530 0.0318
248 0.8110 0.1141 0.0197 0.0433 0.0120
249 0.4304 0.0413 0.0271 0.4878 0.0135
250 0.3230 0.1649 0.1040 0.3835 0.0247
251 0.1993 0.0402 0.0739 0.4856 0.2009
252 0.1121 0.0563 0.1270 0.6865 0.0183
253 0.1827 0.0986 0.2310 0.4739 0.0140
254 0.7485 0.0388 0.0605 0.1203 0.0319
255 0.6846 0.1401 0.0571 0.0870 0.0313
256 0.1766 0.0450 0.0351 0.7207 0.0226
257 0.0862 0.1356 0.3745 0.3804 0.0230
258 0.4836 0.1114 0.1407 0.2147 0.0494
259 0.2087 0.1190 0.2479 0.4216 0.0026
260 0.3838 0.1625 0.1001 0.2966 0.0570
261 0.3420 0.1077 0.2686 0.1980 0.0838
262 0.2996 0.0865 0.0452 0.5640 0.0048
263 0.2380 0.0420 0.0503 0.6572 0.0122
264 0.1089 0.0057 0.0135 0.8569 0.0147
265 0.0768 0.0627 0.1678 0.6851 0.0076
266 0.0256 0.0103 0.0110 0.9448 0.0084
267 0.0807 0.0279 0.0609 0.7656 0.0648
268 0.1874 0.1577 0.4221 0.1760 0.0567
269 0.1371 0.2705 0.2834 0.2622 0.0466
270 0.3486 0.0625 0.2512 0.3328 0.0050
271 0.1592 0.1147 0.2281 0.4753 0.0226
272 0.2500 0.1470 0.2661 0.2769 0.0599
273 0.2223 0.1162 0.1025 0.4778 0.0811
274 0.0797 0.0094 0.0391 0.8696 0.0022
275 0.0101 0.0068 0.0278 0.9482 0.0070
276 0.1418 0.2529 0.5269 0.0468 0.0314
277 0.1219 0.0229 0.0643 0.7705 0.0204
278 0.3953 0.1124 0.1344 0.2803 0.0778
279 0.0117 0.4900 0.4255 0.0648 0.0080
280 0.7090 0.1724 0.0475 0.0426 0.0288
281 0.0612 0.1256 0.2008 0.3015 0.3110
282 0.0497 0.0609 0.1271 0.7085 0.0538
283 0.1614 0.1589 0.0520 0.6094 0.0185
284 0.2067 0.0822 0.3250 0.3250 0.0611
285 0.1576 0.0667 0.1100 0.4666 0.1991
286 0.0453 0.0291 0.0446 0.8691 0.0118
287 0.0410 0.1282 0.0423 0.7852 0.0034
288 0.3640 0.3091 0.0965 0.2042 0.0262
289 0.1613 0.1841 0.3013 0.1650 0.1885
290 0.7646 0.0633 0.0177 0.0467 0.1076
291 0.0206 0.4014 0.3328 0.2018 0.0436
292 0.5649 0.0887 0.0397 0.2979 0.0087
293 0.3440 0.0607 0.0549 0.5083 0.0320
294 0.5742 0.2932 0.0945 0.0246 0.0134
295 0.5605 0.2566 0.0701 0.1045 0.0084
296 0.1078 0.0638 0.2607 0.5347 0.0329
297 0.2693 0.0407 0.0991 0.5884 0.0026
298 0.1721 0.0517 0.1361 0.6099 0.0301
299 0.2053 0.2021 0.1245 0.4553 0.0127
300 0.6763 0.0464 0.0783 0.1486 0.0502
301 0.5059 0.1580 0.0893 0.1350 0.1120
302 0.1533 0.0129 0.0332 0.7910 0.0094
303 0.2286 0.0868 0.2251 0.4478 0.0117
304 0.1675 0.0131 0.0368 0.7622 0.0205
305 0.2069 0.0579 0.1854 0.5449 0.0045
306 0.0530 0.0172 0.0724 0.8555 0.0019
307 0.1305 0.0947 0.1315 0.5327 0.1108
308 0.3220 0.2046 0.1342 0.1683 0.1710
309 0.3633 0.2678 0.1841 0.1575 0.0276
310 0.3169 0.1070 0.1777 0.3591 0.0393
311 0.1760 0.0858 0.1210 0.5381 0.0793
312 0.3542 0.0924 0.0754 0.4548 0.0234
313 0.3845 0.0740 0.0360 0.4749 0.0308
314 0.2087 0.1227 0.0598 0.5498 0.0589
315 0.2783 0.0544 0.1715 0.4810 0.0148
316 0.2239 0.0850 0.3108 0.3750 0.0052
317 0.1049 0.0561 0.1575 0.6733 0.0084
318 0.2443 0.1288 0.1993 0.4092 0.0184
319 0.1410 0.1263 0.4016 0.3279 0.0032
320 0.2469 0.0426 0.0881 0.6206 0.0016
321 0.3479 0.0974 0.0782 0.4468 0.0297
322 0.3921 0.1205 0.2065 0.1941 0.0868
323 0.0987 0.1787 0.1191 0.5859 0.0176
324 0.5107 0.1938 0.1130 0.1710 0.0114
325 0.2460 0.1199 0.1092 0.5210 0.0042
326 0.2646 0.3506 0.1005 0.2566 0.0279
