time exciting_prob fearful_prob tense_prob sad_prob relaxing_prob
0 0.2037 0.2830 0.2496 0.2310 0.0327
1 0.2037 0.2830 0.2496 0.2310 0.0327
2 0.1469 0.1025 0.5542 0.1639 0.0323
3 0.2529 0.1233 0.4509 0.0895 0.0834
4 0.2957 0.2338 0.3455 0.0742 0.0510
5 0.0661 0.6226 0.1913 0.0386 0.0817
6 0.0618 0.5864 0.2771 0.0299 0.0449
7 0.1367 0.4180 0.2496 0.0227 0.1729
8 0.2134 0.3894 0.1235 0.2634 0.0105
9 0.0404 0.2401 0.0411 0.5327 0.1456
10 0.1097 0.3225 0.2891 0.2673 0.0114
11 0.0180 0.2773 0.3345 0.3616 0.0086
12 0.3958 0.5366 0.0374 0.0157 0.0146
13 0.4138 0.1837 0.2491 0.0945 0.0587
14 0.1294 0.0977 0.6270 0.1040 0.0417
15 0.5317 0.3250 0.0530 0.0635 0.0269
16 0.3582 0.5054 0.0512 0.0657 0.0196
17 0.1832 0.4329 0.0782 0.0572 0.2485
18 0.1616 0.6104 0.0517 0.0339 0.1427
19 0.0304 0.3118 0.1790 0.3909 0.0880
20 0.2329 0.5503 0.0462 0.0204 0.1504
21 0.2781 0.5889 0.0322 0.0223 0.0784
22 0.1382 0.4675 0.0363 0.0290 0.3289
23 0.2634 0.0932 0.0720 0.5283 0.0430
24 0.2729 0.3452 0.1036 0.2646 0.0137
25 0.0865 0.1566 0.1219 0.6196 0.0155
26 0.0874 0.5396 0.2322 0.1323 0.0084
27 0.3010 0.1152 0.3806 0.1914 0.0116
28 0.3865 0.0135 0.2380 0.3464 0.0156
29 0.2429 0.3792 0.2355 0.0839 0.0586
30 0.3447 0.4861 0.0618 0.0250 0.0825
31 0.2546 0.5693 0.0432 0.0266 0.1061
32 0.0766 0.6265 0.1971 0.0539 0.0461
33 0.2007 0.0767 0.4812 0.2136 0.0278
34 0.2649 0.1005 0.3347 0.2488 0.0509
35 0.0145 0.1533 0.0634 0.7666 0.0023
36 0.1486 0.2732 0.1311 0.3677 0.0795
37 0.3340 0.5171 0.0812 0.0118 0.0558
38 0.4053 0.3206 0.0575 0.1770 0.0398
39 0.1036 0.1542 0.6807 0.0463 0.0154
40 0.1769 0.4885 0.1974 0.0291 0.1082
41 0.3787 0.4714 0.0604 0.0445 0.0449
42 0.3569 0.4407 0.1047 0.0142 0.0834
43 0.5278 0.3435 0.0737 0.0094 0.0454
44 0.2229 0.5605 0.1157 0.0746 0.0264
45 0.1528 0.6689 0.1075 0.0336 0.0371
46 0.1727 0.1455 0.4731 0.1989 0.0098
47 0.0764 0.0846 0.7363 0.0981 0.0044
48 0.3970 0.1604 0.0648 0.3503 0.0274
49 0.1454 0.5444 0.2067 0.0208 0.0828
50 0.2937 0.4807 0.1489 0.0340 0.0427
51 0.2864 0.1631 0.1417 0.3508 0.0582
52 0.3523 0.1799 0.2222 0.1237 0.1218
53 0.3708 0.4009 0.0475 0.1451 0.0356
54 0.4102 0.4167 0.0221 0.1005 0.0505
55 0.1058 0.1445 0.0877 0.5811 0.0811
56 0.0500 0.0603 0.1771 0.7007 0.0121
57 0.0940 0.0842 0.4148 0.3130 0.0940
58 0.0160 0.0820 0.0224 0.8682 0.0114
59 0.0924 0.7383 0.0841 0.0407 0.0447
60 0.0576 0.1119 0.7471 0.0806 0.0028
61 0.2986 0.4048 0.2004 0.0925 0.0037
62 0.1302 0.0502 0.2321 0.5742 0.0131
63 0.0804 0.1066 0.1676 0.6133 0.0323
64 0.0862 0.7739 0.1187 0.0153 0.0059
65 0.1254 0.3357 0.1324 0.3491 0.0574
66 0.1646 0.3567 0.3796 0.0771 0.0218
67 0.3401 0.2230 0.1779 0.1764 0.0827
68 0.1788 0.5771 0.1615 0.0489 0.0336
69 0.2913 0.1177 0.2166 0.3513 0.0230
70 0.1561 0.0317 0.1501 0.6274 0.0346
71 0.0405 0.1530 0.6963 0.0806 0.0294
72 0.1370 0.0920 0.0745 0.6636 0.0328
73 0.0941 0.0571 0.6953 0.1412 0.0122
74 0.0814 0.0295 0.5220 0.3589 0.0082
75 0.4348 0.4929 0.0480 0.0146 0.0095
76 0.3823 0.3882 0.0517 0.1013 0.0765
77 0.2277 0.5903 0.0445 0.0762 0.0612
78 0.0297 0.1344 0.8169 0.0115 0.0078
79 0.0698 0.2761 0.6270 0.0181 0.0092
80 0.5352 0.3000 0.0547 0.0510 0.0591
81 0.3501 0.4426 0.0372 0.0360 0.1339
82 0.4104 0.4724 0.0406 0.0385 0.0382
83 0.0850 0.1469 0.0536 0.6377 0.0768
84 0.0676 0.0731 0.7617 0.0869 0.0105
85 0.0597 0.2654 0.6172 0.0414 0.0166
86 0.0416 0.1054 0.8354 0.0148 0.0028
87 0.0471 0.1416 0.8027 0.0047 0.0040
88 0.0628 0.2158 0.6968 0.0201 0.0046
89 0.4214 0.4851 0.0398 0.0157 0.0380
90 0.3779 0.4490 0.0811 0.0571 0.0349
91 0.0829 0.7749 0.0849 0.0411 0.0162
92 0.2443 0.3582 0.0775 0.2522 0.0679
93 0.2908 0.4231 0.0989 0.0833 0.1037
94 0.0627 0.2520 0.6431 0.0369 0.0054
95 0.0634 0.1078 0.7905 0.0268 0.0113
96 0.2195 0.1656 0.5693 0.0324 0.0130
97 0.2815 0.4790 0.1044 0.1174 0.0177
98 0.4983 0.3398 0.0442 0.0581 0.0595
99 0.1576 0.3469 0.3362 0.1401 0.0193
100 0.1365 0.1837 0.6118 0.0620 0.0061
101 0.5518 0.3398 0.0486 0.0209 0.0388
102 0.4524 0.4490 0.0524 0.0224 0.0238
103 0.1597 0.6670 0.0587 0.0896 0.0247
104 0.1759 0.2878 0.1238 0.3723 0.0402
105 0.0796 0.3711 0.1272 0.4011 0.0209
106 0.2634 0.6123 0.0671 0.0145 0.0427
107 0.0790 0.1365 0.0665 0.6719 0.0464
108 0.1852 0.3225 0.0760 0.3225 0.0939
109 0.1887 0.5723 0.0706 0.1257 0.0424
110 0.0901 0.3914 0.4299 0.0696 0.0190
111 0.1533 0.2394 0.2979 0.1698 0.1396
112 0.3840 0.5166 0.0641 0.0118 0.0234
113 0.0213 0.1306 0.7632 0.0688 0.0158
114 0.0351 0.3596 0.5610 0.0351 0.0091
115 0.5273 0.2959 0.0615 0.0539 0.0615
116 0.0575 0.0476 0.7812 0.0341 0.0798
117 0.0093 0.6069 0.2065 0.1766 0.0004
118 0.1415 0.7183 0.0781 0.0114 0.0504
119 0.2842 0.0967 0.1892 0.3271 0.1029
120 0.0848 0.1304 0.7275 0.0491 0.0083
121 0.0339 0.0872 0.2522 0.6245 0.0023
122 0.0510 0.0719 0.3174 0.5571 0.0028
123 0.4753 0.4680 0.0097 0.0294 0.0175
124 0.2617 0.1813 0.1527 0.3308 0.0732
125 0.1614 0.3015 0.3994 0.0793 0.0584
126 0.1786 0.3992 0.0919 0.2104 0.1199
127 0.1332 0.7427 0.0741 0.0145 0.0358
128 0.4717 0.3821 0.0367 0.0412 0.0685
129 0.3003 0.2842 0.0534 0.3403 0.0218
130 0.0984 0.6221 0.1648 0.0737 0.0410
131 0.4736 0.2037 0.1198 0.1798 0.0230
132 0.5225 0.3425 0.0229 0.0746 0.0375
133 0.1504 0.4968 0.0508 0.2766 0.0253
134 0.0059 0.1644 0.0198 0.8096 0.0002
135 0.1584 0.4375 0.1609 0.2083 0.0351
136 0.7192 0.0390 0.0482 0.1709 0.0226
137 0.1820 0.4722 0.1384 0.0853 0.1222
138 0.2517 0.4351 0.1704 0.1091 0.0335
139 0.6797 0.1639 0.0516 0.0270 0.0781
140 0.3015 0.4893 0.1317 0.0441 0.0336
141 0.5073 0.3149 0.1431 0.0118 0.0226
142 0.7065 0.1238 0.0262 0.1257 0.0176
143 0.2922 0.3208 0.2072 0.1306 0.0492
144 0.0940 0.7002 0.0451 0.1337 0.0271
145 0.0718 0.0707 0.1279 0.7026 0.0268
146 0.2404 0.5088 0.0524 0.1829 0.0154
147 0.1377 0.1444 0.4661 0.2004 0.0515
148 0.1362 0.0674 0.0740 0.6250 0.0974
149 0.3357 0.0947 0.1056 0.3103 0.1537
150 0.3618 0.3762 0.0914 0.1497 0.0211
151 0.0289 0.7163 0.0287 0.2219 0.0044
152 0.2056 0.1266 0.0580 0.5996 0.0104
153 0.2827 0.6274 0.0773 0.0087 0.0036
154 0.4685 0.3269 0.0231 0.1281 0.0534
155 0.5898 0.0856 0.1492 0.1327 0.0427
156 0.2866 0.2340 0.0413 0.4075 0.0307
157 0.2935 0.5190 0.0686 0.0867 0.0324
158 0.6411 0.1442 0.0252 0.1685 0.0213
159 0.3374 0.0967 0.1953 0.3535 0.0171
160 0.5498 0.3362 0.0303 0.0571 0.0265
161 0.1898 0.3230 0.0407 0.3306 0.1160
162 0.2554 0.6523 0.0631 0.0234 0.0057
163 0.1735 0.1643 0.1020 0.5347 0.0258
164 0.2693 0.6021 0.0784 0.0168 0.0332
165 0.3323 0.2629 0.1510 0.2015 0.0522
166 0.1030 0.1895 0.1646 0.4617 0.0815
167 0.1248 0.2642 0.1414 0.4089 0.0608
168 0.5454 0.3494 0.0291 0.0444 0.0317
169 0.1344 0.3459 0.4475 0.0610 0.0111
170 0.0701 0.0770 0.0944 0.7197 0.0387
171 0.0583 0.0932 0.0377 0.7988 0.0118
172 0.0883 0.7280 0.1134 0.0484 0.0220
173 0.1648 0.6724 0.1124 0.0293 0.0210
174 0.1719 0.3137 0.3394 0.1732 0.0018
175 0.0699 0.5996 0.2876 0.0411 0.0018
176 0.3376 0.3196 0.0808 0.2129 0.0490
177 0.5928 0.3274 0.0446 0.0168 0.0182
178 0.2423 0.5996 0.0477 0.0141 0.0964
179 0.2798 0.1451 0.0654 0.4575 0.0522
180 0.0366 0.1218 0.2744 0.5630 0.0044
181 0.0364 0.4468 0.1045 0.3762 0.0361
182 0.1487 0.3430 0.4370 0.0218 0.0494
183 0.0345 0.8369 0.0731 0.0243 0.0312
184 0.2185 0.0687 0.1410 0.4414 0.1305
185 0.6016 0.2015 0.0753 0.0644 0.0573
186 0.4355 0.2642 0.0711 0.0920 0.1371
187 0.2727 0.4463 0.0618 0.1996 0.0195
188 0.1566 0.3787 0.2314 0.2242 0.0091
189 0.3730 0.4790 0.0339 0.0422 0.0718
190 0.2788 0.3962 0.2172 0.0716 0.0363
191 0.1509 0.2839 0.3975 0.1605 0.0073
192 0.3123 0.2080 0.2651 0.1559 0.0587
193 0.2598 0.1917 0.3994 0.1075 0.0417
194 0.0484 0.2236 0.1073 0.5986 0.0223
195 0.4248 0.0732 0.1108 0.1527 0.2383
196 0.0676 0.5400 0.1781 0.2098 0.0047
197 0.0261 0.3745 0.4734 0.1235 0.0025
198 0.1967 0.6704 0.0795 0.0419 0.0114
199 0.1442 0.4338 0.0841 0.2913 0.0464
200 0.5605 0.1581 0.0982 0.1544 0.0286
201 0.0480 0.1489 0.7686 0.0332 0.0013
202 0.2734 0.2842 0.3171 0.0714 0.0538
203 0.7148 0.1176 0.0945 0.0681 0.0051
204 0.0824 0.7119 0.1296 0.0266 0.0496
205 0.2766 0.2517 0.0721 0.0934 0.3062
206 0.5269 0.0759 0.3298 0.0625 0.0047
207 0.0925 0.0693 0.3254 0.5039 0.0089
208 0.7153 0.1141 0.0319 0.1186 0.0201
209 0.1287 0.0905 0.4524 0.3259 0.0025
210 0.8130 0.0831 0.0098 0.0532 0.0408
211 0.0672 0.0672 0.8315 0.0333 0.0008
212 0.2313 0.5503 0.1219 0.0418 0.0545
213 0.0488 0.0536 0.2135 0.6680 0.0161
214 0.0367 0.5835 0.0975 0.2432 0.0391
215 0.2446 0.1438 0.4866 0.1129 0.0121
216 0.0255 0.1244 0.8369 0.0121 0.0012
217 0.0500 0.3999 0.4602 0.0432 0.0467
218 0.0327 0.3010 0.0863 0.5044 0.0756
219 0.2389 0.1617 0.5342 0.0559 0.0092
220 0.0403 0.1646 0.7036 0.0895 0.0018
221 0.1575 0.4736 0.1255 0.1757 0.0677
222 0.1785 0.5581 0.1066 0.0536 0.1033
223 0.1689 0.0657 0.5205 0.2383 0.0065
224 0.1453 0.0142 0.5654 0.2671 0.0078
225 0.1570 0.2433 0.3274 0.2285 0.0439
226 0.4443 0.1548 0.2234 0.1609 0.0167
227 0.2600 0.2443 0.3313 0.0871 0.0775
228 0.0541 0.0879 0.1259 0.6914 0.0409
229 0.1908 0.1332 0.1582 0.4648 0.0530
