time exciting_prob fearful_prob tense_prob sad_prob relaxing_prob
0 0.2625 0.2927 0.0921 0.3020 0.0509
1 0.1963 0.2332 0.3904 0.1118 0.0684
2 0.1885 0.2421 0.3691 0.0870 0.1135
3 0.7729 0.1167 0.0071 0.0784 0.0247
4 0.7744 0.1169 0.0070 0.0773 0.0247
5 0.1167 0.1080 0.2250 0.5229 0.0273
6 0.1622 0.1478 0.2084 0.4624 0.0192
7 0.2559 0.2898 0.2559 0.1359 0.0627
8 0.6055 0.0717 0.0381 0.2522 0.0326
9 0.8994 0.0566 0.0080 0.0245 0.0113
10 0.9014 0.0554 0.0079 0.0240 0.0112
11 0.1904 0.0769 0.3140 0.3906 0.0281
12 0.0474 0.0546 0.1906 0.6973 0.0103
13 0.0556 0.0703 0.2303 0.6357 0.0079
14 0.2474 0.3801 0.0398 0.2937 0.0388
15 0.2474 0.3801 0.0398 0.2937 0.0388
16 0.1509 0.1148 0.1848 0.3401 0.2095
17 0.0813 0.1119 0.1980 0.3423 0.2666
18 0.1675 0.1729 0.2085 0.3228 0.1284
19 0.1537 0.1313 0.1636 0.5195 0.0317
20 0.2291 0.1346 0.1841 0.4214 0.0308
21 0.1083 0.0768 0.3665 0.4285 0.0199
22 0.2184 0.0656 0.3179 0.3774 0.0210
23 0.4485 0.0750 0.1757 0.2942 0.0069
24 0.5977 0.0895 0.0578 0.2452 0.0099
25 0.0912 0.0927 0.5503 0.2600 0.0057
26 0.4487 0.2119 0.1703 0.1575 0.0115
27 0.1719 0.1163 0.3418 0.3638 0.0064
28 0.1074 0.1198 0.4182 0.3467 0.0081
29 0.2422 0.1886 0.1886 0.3579 0.0225
30 0.2517 0.1117 0.0856 0.5415 0.0097
31 0.3279 0.0216 0.2634 0.3835 0.0035
32 0.2583 0.0321 0.4260 0.2793 0.0042
33 0.4214 0.0986 0.0301 0.4417 0.0083
34 0.5005 0.0247 0.0688 0.3838 0.0222
35 0.1089 0.1254 0.3152 0.4443 0.0062
36 0.1439 0.1656 0.1532 0.5264 0.0109
37 0.1552 0.1871 0.1208 0.4558 0.0811
38 0.2246 0.2839 0.0958 0.2109 0.1847
39 0.2292 0.3308 0.0424 0.1337 0.2639
40 0.1387 0.5659 0.0924 0.0587 0.1442
41 0.1152 0.4150 0.0941 0.0721 0.3037
42 0.2793 0.3396 0.0418 0.3044 0.0347
43 0.3411 0.1090 0.0897 0.4246 0.0357
44 0.3438 0.0970 0.1207 0.4211 0.0174
45 0.4084 0.2617 0.2053 0.0970 0.0276
46 0.0324 0.2491 0.0999 0.2234 0.3950
47 0.2026 0.0352 0.3447 0.3787 0.0387
48 0.3052 0.1880 0.1355 0.3005 0.0708
49 0.2018 0.1866 0.0506 0.5400 0.0211
50 0.1938 0.1908 0.2910 0.2864 0.0379
51 0.1777 0.2318 0.4133 0.1521 0.0250
52 0.2791 0.1554 0.2791 0.2483 0.0381
53 0.4834 0.2449 0.1984 0.0482 0.0252
54 0.1309 0.1155 0.1846 0.2296 0.3394
55 0.2898 0.0843 0.2988 0.1049 0.2222
56 0.2688 0.2045 0.3191 0.1669 0.0409
57 0.4050 0.2255 0.2118 0.1274 0.0303
58 0.3748 0.3748 0.0897 0.1562 0.0045
59 0.2040 0.4705 0.1527 0.1677 0.0051
60 0.3374 0.2864 0.1632 0.1261 0.0867
61 0.2468 0.3914 0.1406 0.0959 0.1251
62 0.5283 0.2134 0.1466 0.0954 0.0164
63 0.2578 0.3665 0.3389 0.0194 0.0173
64 0.3091 0.3613 0.3091 0.0199 0.0008
65 0.2441 0.1600 0.5854 0.0096 0.0007
66 0.0410 0.6309 0.3074 0.0197 0.0011
67 0.3298 0.1282 0.2231 0.2800 0.0388
68 0.2981 0.2339 0.1105 0.3325 0.0250
69 0.2961 0.3057 0.1000 0.2871 0.0112
70 0.1165 0.3533 0.3318 0.1776 0.0210
71 0.2466 0.1361 0.3267 0.2708 0.0199
72 0.4343 0.4624 0.0202 0.0630 0.0200
73 0.1372 0.5776 0.1935 0.0734 0.0181
74 0.2825 0.2673 0.1215 0.2454 0.0835
75 0.1180 0.1075 0.3933 0.3416 0.0396
76 0.3374 0.3049 0.0288 0.3096 0.0193
77 0.1279 0.3291 0.3240 0.1981 0.0209
78 0.3145 0.1736 0.2095 0.2546 0.0479
79 0.2856 0.4126 0.1191 0.1628 0.0199
80 0.1938 0.3855 0.1954 0.2032 0.0219
81 0.1747 0.2664 0.3115 0.2010 0.0463
82 0.1676 0.0236 0.0480 0.7397 0.0210
83 0.3269 0.0922 0.4436 0.0937 0.0436
84 0.2837 0.1592 0.1094 0.4260 0.0215
85 0.1373 0.2466 0.2625 0.2466 0.1069
86 0.5635 0.1948 0.0396 0.1448 0.0571
87 0.1448 0.0787 0.2207 0.5054 0.0504
88 0.2333 0.1761 0.2974 0.2314 0.0618
89 0.5156 0.0171 0.0188 0.4080 0.0407
90 0.4133 0.2954 0.1820 0.0922 0.0172
91 0.3264 0.0485 0.1775 0.4258 0.0215
92 0.4333 0.0880 0.0582 0.3945 0.0258
93 0.1437 0.3555 0.0623 0.4092 0.0292
94 0.3645 0.3533 0.1405 0.1331 0.0086
95 0.2463 0.1164 0.1371 0.2793 0.2208
96 0.4160 0.2996 0.0513 0.1630 0.0701
97 0.1655 0.0590 0.3342 0.4031 0.0381
98 0.2510 0.1131 0.2712 0.3376 0.0271
99 0.1630 0.1174 0.4360 0.2524 0.0311
100 0.1272 0.2034 0.0514 0.2322 0.3857
101 0.5151 0.0551 0.1223 0.1646 0.1429
102 0.3826 0.2001 0.0601 0.3247 0.0327
103 0.5776 0.2815 0.0399 0.0865 0.0141
104 0.5747 0.2632 0.0367 0.1047 0.0209
105 0.1514 0.3108 0.1743 0.3413 0.0223
106 0.1953 0.5605 0.0807 0.1428 0.0204
107 0.3896 0.0940 0.3438 0.1152 0.0575
108 0.4973 0.1918 0.1774 0.0292 0.1042
109 0.1716 0.1945 0.4182 0.2039 0.0120
110 0.4980 0.2708 0.0381 0.1383 0.0546
111 0.2203 0.2830 0.2135 0.2345 0.0488
112 0.1973 0.2036 0.3057 0.2615 0.0322
113 0.1376 0.1499 0.4106 0.2913 0.0106
114 0.2017 0.1407 0.2250 0.4170 0.0157
115 0.1776 0.3372 0.2976 0.1300 0.0577
116 0.2467 0.3882 0.2355 0.1013 0.0283
117 0.3784 0.3611 0.0648 0.1641 0.0318
118 0.2423 0.1666 0.2009 0.3638 0.0264
119 0.1724 0.1322 0.1646 0.5186 0.0121
120 0.2306 0.1356 0.5039 0.1196 0.0104
121 0.5117 0.2399 0.1081 0.1263 0.0141
122 0.4907 0.1521 0.1029 0.2393 0.0151
123 0.4487 0.0905 0.2764 0.1703 0.0142
124 0.3850 0.3345 0.1112 0.1569 0.0124
125 0.1277 0.1470 0.2500 0.3694 0.1058
126 0.1979 0.1011 0.1979 0.4822 0.0210
127 0.1404 0.0800 0.6699 0.0995 0.0101
128 0.1838 0.2306 0.4377 0.1388 0.0090
129 0.2966 0.4419 0.0857 0.1588 0.0167
130 0.2915 0.2067 0.2825 0.1622 0.0574
131 0.2590 0.1595 0.5234 0.0300 0.0282
132 0.2964 0.0278 0.0992 0.5537 0.0232
133 0.2756 0.1595 0.3486 0.1925 0.0237
134 0.1649 0.1444 0.2849 0.4019 0.0041
135 0.3650 0.2230 0.0654 0.3374 0.0091
136 0.1169 0.0635 0.4551 0.3279 0.0368
137 0.1131 0.1547 0.6113 0.1063 0.0145
138 0.5459 0.1338 0.0837 0.2258 0.0107
139 0.1190 0.0155 0.0159 0.7642 0.0857
140 0.5366 0.1285 0.2400 0.0386 0.0561
141 0.2502 0.2834 0.2157 0.2042 0.0463
142 0.3508 0.1737 0.1029 0.3591 0.0133
143 0.1891 0.5059 0.1891 0.0981 0.0177
144 0.3074 0.5566 0.0639 0.0446 0.0277
145 0.1621 0.0468 0.0218 0.7266 0.0429
146 0.3931 0.1801 0.0477 0.1025 0.2766
147 0.2347 0.0571 0.0589 0.6279 0.0212
148 0.1527 0.3665 0.1162 0.2329 0.1317
149 0.1144 0.5049 0.2620 0.1010 0.0175
150 0.2131 0.1488 0.4172 0.1398 0.0809
151 0.2834 0.0147 0.0825 0.5552 0.0643
152 0.2537 0.0792 0.0154 0.3362 0.3157
153 0.1039 0.4045 0.3459 0.1293 0.0163
154 0.1646 0.0443 0.0479 0.0615 0.6816
155 0.3140 0.0942 0.0972 0.0520 0.4426
156 0.1151 0.1207 0.2554 0.4924 0.0165
157 0.1223 0.1697 0.3945 0.3025 0.0109
158 0.0862 0.0977 0.3464 0.4590 0.0105
159 0.3174 0.1030 0.1647 0.3828 0.0322
160 0.1098 0.3628 0.3303 0.1443 0.0527
161 0.1509 0.4797 0.2527 0.0426 0.0742
162 0.1075 0.5811 0.2349 0.0500 0.0266
163 0.0995 0.6191 0.1528 0.0920 0.0366
164 0.1207 0.3206 0.2328 0.2273 0.0986
165 0.3853 0.2488 0.0356 0.2546 0.0759
166 0.3545 0.0917 0.0362 0.4658 0.0518
167 0.3601 0.0749 0.0540 0.4553 0.0557
168 0.3198 0.4653 0.0150 0.1672 0.0324
169 0.3889 0.1837 0.1387 0.2612 0.0275
170 0.2812 0.1932 0.2947 0.2156 0.0153
171 0.2472 0.4207 0.1559 0.1014 0.0748
172 0.3838 0.1730 0.0941 0.3181 0.0312
173 0.2837 0.1361 0.1173 0.4392 0.0238
174 0.0436 0.3765 0.2450 0.2712 0.0639
175 0.0619 0.1103 0.5601 0.2524 0.0150
176 0.0992 0.0848 0.0426 0.7681 0.0056
177 0.1074 0.1458 0.2072 0.5205 0.0191
178 0.1528 0.5015 0.1528 0.1759 0.0170
179 0.3262 0.5679 0.0448 0.0355 0.0255
180 0.0776 0.5220 0.2245 0.1543 0.0217
181 0.0942 0.7583 0.0311 0.0360 0.0806
182 0.0440 0.4338 0.0861 0.4204 0.0158
183 0.1937 0.1439 0.5269 0.1121 0.0235
184 0.1532 0.1036 0.1036 0.6060 0.0337
185 0.1932 0.2140 0.1963 0.3237 0.0728
186 0.1124 0.4480 0.2695 0.1466 0.0236
187 0.1288 0.0320 0.0181 0.7764 0.0445
188 0.3240 0.1128 0.0914 0.4358 0.0361
189 0.2219 0.3491 0.2761 0.1064 0.0465
190 0.1428 0.4199 0.2588 0.1343 0.0443
191 0.3926 0.4082 0.0351 0.1538 0.0101
192 0.1650 0.4214 0.3604 0.0401 0.0129
193 0.0560 0.0840 0.2145 0.4470 0.1984
194 0.4651 0.0660 0.1685 0.2651 0.0353
195 0.1058 0.1915 0.5205 0.1743 0.0079
196 0.4221 0.1760 0.1844 0.2058 0.0116
197 0.1660 0.1714 0.4958 0.1584 0.0084
198 0.6328 0.1285 0.0401 0.1785 0.0203
199 0.4539 0.4265 0.0707 0.0397 0.0092
200 0.4424 0.1035 0.0504 0.3967 0.0069
201 0.1068 0.0294 0.0537 0.8013 0.0089
202 0.2791 0.4124 0.0253 0.2349 0.0485
203 0.2361 0.1810 0.2397 0.3225 0.0206
204 0.2195 0.2976 0.1631 0.1569 0.1631
205 0.2866 0.2340 0.1559 0.2957 0.0277
206 0.0928 0.1903 0.0214 0.6543 0.0415
207 0.2482 0.3186 0.2812 0.1307 0.0210
208 0.3154 0.3081 0.2202 0.1245 0.0320
209 0.2788 0.1691 0.0244 0.4893 0.0383
210 0.3289 0.3845 0.1483 0.0957 0.0425
211 0.2732 0.4036 0.2062 0.0915 0.0256
212 0.3186 0.0972 0.0402 0.5337 0.0102
213 0.0942 0.1802 0.0217 0.3726 0.3313
214 0.1654 0.1483 0.1229 0.5176 0.0459
215 0.3843 0.0374 0.2405 0.2900 0.0477
216 0.3760 0.4260 0.1351 0.0364 0.0264
217 0.3523 0.2310 0.0863 0.2852 0.0451
218 0.1914 0.0484 0.0762 0.6577 0.0261
219 0.2078 0.3762 0.2817 0.1061 0.0279
220 0.1617 0.4644 0.2544 0.0974 0.0222
221 0.1163 0.4092 0.0352 0.4355 0.0036
222 0.4021 0.2678 0.1991 0.1236 0.0073
223 0.3167 0.2142 0.2544 0.2045 0.0103
224 0.2123 0.2405 0.3340 0.2025 0.0107
225 0.1099 0.3491 0.2400 0.2219 0.0791
226 0.1235 0.3989 0.2495 0.1514 0.0767
227 0.1792 0.3025 0.2798 0.1271 0.1113
228 0.5547 0.0280 0.0431 0.3525 0.0218
229 0.5146 0.0753 0.0254 0.3765 0.0082
230 0.3115 0.1137 0.0513 0.5137 0.0099
231 0.3774 0.2961 0.0382 0.2417 0.0465
232 0.2357 0.3767 0.0639 0.2798 0.0439
233 0.2190 0.0934 0.0301 0.6143 0.0431
234 0.2529 0.2529 0.0446 0.4304 0.0191
235 0.3308 0.1188 0.0274 0.5044 0.0188
236 0.3584 0.1788 0.0571 0.3696 0.0360
237 0.0642 0.0193 0.0114 0.8867 0.0184
