time exciting_prob fearful_prob tense_prob sad_prob relaxing_prob
0 0.2037 0.2830 0.2496 0.2310 0.0327
1 0.4031 0.0432 0.1249 0.4031 0.0258
2 0.2590 0.0385 0.2358 0.3889 0.0778
3 0.7915 0.0147 0.0901 0.0765 0.0273
4 0.6880 0.0162 0.0889 0.1488 0.0583
5 0.7632 0.0175 0.0986 0.0856 0.0349
6 0.6821 0.0256 0.1821 0.0730 0.0373
7 0.4126 0.0684 0.2664 0.2279 0.0248
8 0.2595 0.0570 0.1285 0.5083 0.0465
9 0.2179 0.3401 0.3074 0.1185 0.0162
10 0.2247 0.3245 0.3145 0.1222 0.0144
11 0.1787 0.3210 0.3391 0.1482 0.0127
12 0.1467 0.4214 0.3438 0.0738 0.0143
13 0.2937 0.0854 0.5073 0.0903 0.0230
14 0.1768 0.0404 0.3005 0.3625 0.1196
15 0.1713 0.0447 0.6670 0.0903 0.0269
16 0.2954 0.0894 0.1029 0.4685 0.0439
17 0.4668 0.1576 0.0856 0.2239 0.0662
18 0.4485 0.2219 0.1433 0.1335 0.0527
19 0.3628 0.0263 0.1512 0.4307 0.0291
20 0.6475 0.0294 0.0726 0.2186 0.0317
21 0.1694 0.0272 0.1111 0.6392 0.0529
22 0.3740 0.3076 0.2844 0.0286 0.0053
23 0.2681 0.3286 0.2900 0.1050 0.0083
24 0.5786 0.1312 0.1223 0.1261 0.0416
25 0.4690 0.0436 0.0771 0.3596 0.0506
26 0.3171 0.0605 0.1223 0.4543 0.0457
27 0.1477 0.3005 0.3831 0.1273 0.0413
28 0.0925 0.3574 0.5200 0.0037 0.0261
29 0.1571 0.1063 0.4546 0.2632 0.0188
30 0.2522 0.2157 0.3906 0.0988 0.0428
31 0.2206 0.0508 0.3416 0.3469 0.0402
32 0.4407 0.2018 0.2737 0.0416 0.0423
33 0.4487 0.1125 0.1009 0.0343 0.3035
34 0.4683 0.0820 0.1045 0.0132 0.3320
35 0.4604 0.1735 0.1483 0.0165 0.2012
36 0.5532 0.0961 0.1377 0.0414 0.1714
37 0.5107 0.1375 0.1311 0.0162 0.2047
38 0.2229 0.1138 0.4719 0.1736 0.0179
39 0.3875 0.2207 0.2386 0.1182 0.0349
40 0.3728 0.2369 0.2124 0.1519 0.0260
41 0.1851 0.3403 0.4236 0.0083 0.0426
42 0.2144 0.1300 0.1764 0.2930 0.1863
43 0.4180 0.0955 0.1216 0.0238 0.3411
44 0.6294 0.1043 0.0684 0.0062 0.1919
45 0.5190 0.1302 0.0697 0.0138 0.2671
46 0.3291 0.2175 0.2227 0.0463 0.1846
47 0.2252 0.1525 0.2634 0.2983 0.0606
48 0.4326 0.3586 0.1351 0.0207 0.0529
49 0.1591 0.0628 0.1191 0.0537 0.6050
50 0.2031 0.2339 0.3247 0.1354 0.1030
51 0.2610 0.2671 0.3857 0.0116 0.0748
52 0.0638 0.2045 0.6445 0.0729 0.0141
53 0.1204 0.2017 0.6309 0.0443 0.0027
54 0.4009 0.0634 0.1510 0.3457 0.0391
55 0.6709 0.1013 0.1475 0.0158 0.0644
56 0.5957 0.0525 0.2174 0.0942 0.0402
57 0.1775 0.2815 0.4863 0.0199 0.0349
58 0.4380 0.1587 0.2168 0.1444 0.0420
59 0.4863 0.1173 0.1681 0.1239 0.1044
60 0.2583 0.2279 0.3315 0.1094 0.0729
61 0.5522 0.1440 0.1131 0.0930 0.0975
62 0.5952 0.0567 0.1932 0.1298 0.0250
63 0.3420 0.0845 0.2708 0.2583 0.0445
64 0.7617 0.0574 0.1039 0.0253 0.0515
65 0.4790 0.1997 0.1416 0.1555 0.0242
66 0.4351 0.1246 0.2402 0.0255 0.1744
67 0.4519 0.0862 0.0715 0.0129 0.3774
68 0.1498 0.0922 0.1029 0.0901 0.5649
69 0.1172 0.1628 0.1238 0.0278 0.5684
70 0.0585 0.1615 0.1859 0.0477 0.5464
71 0.5459 0.0585 0.1692 0.1902 0.0360
72 0.4480 0.0483 0.4143 0.0709 0.0184
73 0.7070 0.0428 0.1919 0.0418 0.0163
74 0.0539 0.3655 0.3655 0.2018 0.0133
75 0.0674 0.3972 0.4229 0.0723 0.0399
76 0.4038 0.0873 0.1807 0.0184 0.3096
77 0.6943 0.0792 0.0636 0.1335 0.0291
78 0.0600 0.0759 0.6152 0.1331 0.1157
79 0.2450 0.1271 0.4006 0.1451 0.0820
80 0.1633 0.1038 0.3796 0.3350 0.0182
81 0.2367 0.1002 0.4707 0.1704 0.0220
82 0.3667 0.1802 0.3501 0.0769 0.0262
83 0.4231 0.1848 0.2566 0.1087 0.0266
84 0.2747 0.2386 0.2462 0.1978 0.0428
85 0.1866 0.1293 0.2937 0.2473 0.1431
86 0.0959 0.1556 0.4871 0.2527 0.0088
87 0.4587 0.0646 0.2783 0.1648 0.0338
88 0.2433 0.0708 0.3076 0.3274 0.0510
89 0.2271 0.0630 0.3462 0.3152 0.0487
90 0.4031 0.1210 0.3530 0.0422 0.0806
91 0.4841 0.2473 0.2360 0.0181 0.0146
92 0.5049 0.1360 0.2878 0.0349 0.0363
93 0.5166 0.1813 0.2637 0.0280 0.0106
94 0.3027 0.3076 0.3484 0.0256 0.0157
95 0.4336 0.2756 0.2649 0.0145 0.0115
96 0.3770 0.0615 0.4475 0.0625 0.0514
97 0.3420 0.2581 0.3420 0.0321 0.0258
98 0.1591 0.4392 0.3020 0.0865 0.0133
99 0.2245 0.3533 0.3372 0.0586 0.0266
100 0.3054 0.3301 0.2959 0.0487 0.0198
101 0.1404 0.0421 0.0740 0.7241 0.0193
102 0.1494 0.4060 0.3584 0.0580 0.0283
103 0.1476 0.2164 0.1595 0.4204 0.0560
104 0.2147 0.1387 0.1571 0.0204 0.4690
105 0.1114 0.1766 0.1851 0.0078 0.5190
106 0.1226 0.1624 0.4019 0.0236 0.2896
107 0.4341 0.2869 0.0666 0.2083 0.0042
108 0.4521 0.3232 0.1152 0.1009 0.0085
109 0.1390 0.2854 0.5127 0.0411 0.0218
110 0.2773 0.2527 0.4067 0.0390 0.0240
111 0.1788 0.2522 0.5342 0.0139 0.0209
112 0.3503 0.0554 0.1846 0.3672 0.0425
113 0.2118 0.1755 0.3281 0.0291 0.2554
114 0.1486 0.0847 0.2000 0.0482 0.5186
115 0.0427 0.0193 0.0863 0.0328 0.8188
116 0.6401 0.0989 0.2095 0.0144 0.0370
117 0.5596 0.0572 0.2686 0.0679 0.0470
118 0.2328 0.3779 0.1368 0.0421 0.2103
119 0.3210 0.2155 0.2922 0.0647 0.1067
120 0.1015 0.2360 0.4014 0.2051 0.0561
121 0.1205 0.3953 0.3381 0.0743 0.0720
122 0.0610 0.1113 0.0654 0.0133 0.7490
123 0.5020 0.0914 0.0865 0.0181 0.3020
124 0.3926 0.0602 0.2917 0.2418 0.0136
125 0.1274 0.1335 0.2871 0.0210 0.4309
126 0.0927 0.1732 0.3137 0.0360 0.3843
127 0.1329 0.0415 0.0972 0.0321 0.6963
128 0.6909 0.0378 0.0706 0.1299 0.0706
129 0.4919 0.1466 0.0939 0.0423 0.2252
130 0.3909 0.2028 0.3396 0.0137 0.0533
131 0.2832 0.1277 0.4250 0.1434 0.0207
132 0.6514 0.1376 0.1488 0.0468 0.0154
133 0.3579 0.2520 0.3416 0.0292 0.0193
134 0.5928 0.0868 0.1224 0.0280 0.1699
135 0.1711 0.1511 0.4172 0.1071 0.1534
136 0.1260 0.2318 0.4985 0.0789 0.0649
137 0.3057 0.2720 0.3203 0.0829 0.0191
138 0.2544 0.1997 0.4260 0.0788 0.0409
139 0.3870 0.0637 0.3062 0.0160 0.2274
140 0.2698 0.0548 0.1599 0.0112 0.5044
141 0.6704 0.0820 0.1449 0.0590 0.0439
142 0.6304 0.0350 0.0273 0.0052 0.3025
143 0.5923 0.0443 0.0490 0.0143 0.3000
144 0.0997 0.1260 0.4536 0.2976 0.0231
145 0.1342 0.1777 0.2014 0.0400 0.4468
146 0.1091 0.1587 0.0699 0.0200 0.6426
147 0.1541 0.1118 0.0757 0.0149 0.6436
148 0.6802 0.0781 0.0845 0.0145 0.1426
149 0.3945 0.1509 0.3706 0.0248 0.0591
150 0.2268 0.2286 0.2651 0.2148 0.0645
151 0.0857 0.0905 0.2275 0.0421 0.5542
152 0.0845 0.0886 0.2371 0.0638 0.5259
153 0.0777 0.0370 0.0239 0.3220 0.5396
154 0.1152 0.0557 0.0207 0.0511 0.7573
155 0.1677 0.2944 0.3496 0.1504 0.0380
156 0.1588 0.0366 0.0721 0.0039 0.7285
157 0.5195 0.2200 0.1647 0.0640 0.0319
158 0.5474 0.1473 0.1300 0.0490 0.1261
159 0.4182 0.3257 0.2070 0.0242 0.0247
160 0.4092 0.0500 0.3088 0.1858 0.0463
161 0.2705 0.3757 0.0906 0.0572 0.2058
162 0.2074 0.4976 0.2242 0.0311 0.0399
163 0.4072 0.1213 0.3298 0.0930 0.0486
164 0.2612 0.1234 0.2491 0.3149 0.0514
165 0.4753 0.1372 0.1721 0.1472 0.0679
166 0.3022 0.2280 0.3940 0.0428 0.0329
167 0.0814 0.3025 0.2212 0.3320 0.0629
168 0.1962 0.2766 0.3337 0.1842 0.0093
169 0.3020 0.1707 0.1268 0.0066 0.3938
170 0.2411 0.2754 0.2795 0.0262 0.1777
171 0.3237 0.2947 0.3611 0.0120 0.0085
172 0.4634 0.1678 0.2854 0.0396 0.0438
173 0.3110 0.1516 0.3364 0.1577 0.0431
174 0.3118 0.2795 0.2729 0.1290 0.0066
175 0.1681 0.3140 0.3044 0.1981 0.0154
176 0.4673 0.2157 0.2406 0.0355 0.0408
177 0.3496 0.1842 0.3389 0.0780 0.0492
178 0.1191 0.0459 0.5015 0.2993 0.0341
179 0.2174 0.1628 0.3291 0.2771 0.0136
180 0.0523 0.8447 0.0823 0.0128 0.0080
181 0.5132 0.2140 0.2332 0.0281 0.0116
182 0.4875 0.2001 0.2822 0.0065 0.0237
183 0.2218 0.2218 0.2554 0.2849 0.0161
184 0.2693 0.3457 0.3147 0.0429 0.0275
185 0.4236 0.0945 0.2866 0.0319 0.1633
186 0.1388 0.0720 0.6123 0.1169 0.0597
187 0.1095 0.1013 0.7598 0.0142 0.0152
188 0.2942 0.2852 0.2617 0.1368 0.0220
189 0.3481 0.3428 0.1193 0.1417 0.0482
190 0.3997 0.0995 0.4746 0.0169 0.0091
191 0.0858 0.2349 0.6484 0.0292 0.0016
192 0.1001 0.6182 0.2383 0.0417 0.0019
193 0.6396 0.0973 0.1221 0.0061 0.1351
194 0.1346 0.1188 0.1959 0.5244 0.0261
195 0.6128 0.1455 0.1974 0.0092 0.0351
196 0.1000 0.4148 0.4280 0.0527 0.0046
197 0.2095 0.1271 0.4038 0.0789 0.1807
198 0.4207 0.0848 0.1622 0.0499 0.2825
199 0.4321 0.1163 0.1577 0.0336 0.2600
200 0.1320 0.1094 0.5220 0.1383 0.0981
201 0.3230 0.1367 0.3574 0.1729 0.0101
202 0.4204 0.2551 0.1852 0.0999 0.0394
203 0.4451 0.1676 0.0515 0.0575 0.2786
204 0.3289 0.0421 0.1859 0.1530 0.2903
205 0.4751 0.1155 0.1720 0.0653 0.1720
206 0.5742 0.1385 0.2450 0.0112 0.0311
207 0.6328 0.0891 0.2070 0.0125 0.0588
208 0.3132 0.0341 0.3899 0.2556 0.0071
209 0.5679 0.0338 0.1576 0.2294 0.0115
210 0.2676 0.1169 0.3435 0.2593 0.0126
211 0.3467 0.1960 0.2054 0.2346 0.0171
212 0.3257 0.2007 0.1743 0.2537 0.0455
213 0.3774 0.2515 0.1024 0.0115 0.2573
214 0.3315 0.2583 0.3066 0.0098 0.0936
215 0.1768 0.1234 0.6074 0.0703 0.0221
216 0.3269 0.1952 0.3535 0.0039 0.1203
217 0.1124 0.3408 0.4111 0.1056 0.0298
218 0.0792 0.2578 0.5371 0.0798 0.0459
219 0.0802 0.0802 0.6821 0.1407 0.0164
220 0.0917 0.0523 0.6572 0.1661 0.0327
221 0.2024 0.0948 0.0632 0.3496 0.2898
222 0.1844 0.1415 0.1371 0.4937 0.0435
223 0.3667 0.0571 0.0964 0.3210 0.1589
224 0.2294 0.0508 0.1296 0.5503 0.0399
225 0.5239 0.0280 0.1410 0.2634 0.0437
226 0.3906 0.0478 0.1934 0.3289 0.0393
227 0.2583 0.0390 0.1860 0.4001 0.1165
228 0.2798 0.0334 0.2886 0.2886 0.1096
229 0.3643 0.0406 0.2625 0.2108 0.1220
230 0.4863 0.0505 0.1309 0.2905 0.0418
231 0.2383 0.1689 0.0963 0.4314 0.0651
232 0.9126 0.0175 0.0320 0.0278 0.0104
233 0.8975 0.0195 0.0394 0.0320 0.0115
234 0.9116 0.0183 0.0353 0.0251 0.0098
235 0.9116 0.0183 0.0353 0.0249 0.0098
236 0.9004 0.0202 0.0415 0.0276 0.0102
237 0.8994 0.0202 0.0421 0.0278 0.0103
238 0.8877 0.0161 0.0517 0.0339 0.0105
239 0.2064 0.2096 0.1582 0.3796 0.0461
