time exciting_prob fearful_prob tense_prob sad_prob relaxing_prob
0 0.2037 0.2830 0.2496 0.2310 0.0327
1 0.9248 0.0060 0.0262 0.0324 0.0105
2 0.9263 0.0166 0.0259 0.0183 0.0129
3 0.9224 0.0283 0.0209 0.0127 0.0157
4 0.1738 0.0784 0.3682 0.3513 0.0284
5 0.9370 0.0093 0.0045 0.0032 0.0459
6 0.9458 0.0056 0.0055 0.0026 0.0403
7 0.9175 0.0085 0.0043 0.0090 0.0605
8 0.9399 0.0061 0.0030 0.0049 0.0461
9 0.1185 0.0269 0.3323 0.4470 0.0753
10 0.2292 0.0480 0.2659 0.2346 0.2222
11 0.1166 0.0596 0.0277 0.2690 0.5269
12 0.0980 0.0326 0.4258 0.0679 0.3757
13 0.1575 0.0386 0.1492 0.0557 0.5991
14 0.1255 0.1562 0.3577 0.2069 0.1538
15 0.2957 0.0573 0.2649 0.2629 0.1194
16 0.1198 0.0247 0.1041 0.5718 0.1798
17 0.1188 0.3281 0.0188 0.0218 0.5122
18 0.1359 0.6382 0.0190 0.0308 0.1759
19 0.3328 0.0407 0.4077 0.0714 0.1476
20 0.3704 0.0629 0.2144 0.1968 0.1556
21 0.2969 0.0851 0.3262 0.1947 0.0972
22 0.2957 0.0620 0.1780 0.1865 0.2778
23 0.1953 0.0269 0.4202 0.2213 0.1364
24 0.1681 0.0653 0.2927 0.2771 0.1965
25 0.2544 0.1495 0.1250 0.3450 0.1260
26 0.4888 0.0507 0.1503 0.1587 0.1515
27 0.1595 0.0692 0.3652 0.3540 0.0522
28 0.4851 0.0330 0.1730 0.1575 0.1515
29 0.2053 0.0616 0.3179 0.3896 0.0255
30 0.1055 0.0676 0.5576 0.2324 0.0370
31 0.1748 0.0658 0.3757 0.3369 0.0467
32 0.3838 0.0366 0.1217 0.3132 0.1445
33 0.1121 0.0388 0.2820 0.5269 0.0406
34 0.2559 0.1126 0.3337 0.1327 0.1652
35 0.1897 0.0772 0.2397 0.2573 0.2361
36 0.1365 0.0364 0.1149 0.4407 0.2715
37 0.2356 0.0718 0.1038 0.5146 0.0742
38 0.2308 0.0208 0.0646 0.5806 0.1033
39 0.1703 0.1189 0.5498 0.1368 0.0240
40 0.1643 0.1450 0.5391 0.1260 0.0258
41 0.0084 0.1294 0.4309 0.4309 0.0005
42 0.4314 0.0333 0.1108 0.2898 0.1348
43 0.2080 0.1808 0.3171 0.2549 0.0391
44 0.3059 0.1216 0.2152 0.2308 0.1265
45 0.2891 0.1431 0.2715 0.1910 0.1055
46 0.0847 0.2197 0.2097 0.4509 0.0350
47 0.2004 0.1854 0.2739 0.2871 0.0531
48 0.1216 0.0823 0.1315 0.0322 0.6323
49 0.4121 0.0272 0.0549 0.3608 0.1447
50 0.1779 0.3884 0.1241 0.2112 0.0982
51 0.2708 0.0467 0.2625 0.1617 0.2583
52 0.0690 0.0521 0.4031 0.0914 0.3845
53 0.1715 0.0434 0.2576 0.2534 0.2742
54 0.2502 0.1802 0.2971 0.2424 0.0301
55 0.0747 0.2096 0.4333 0.0975 0.1849
56 0.1716 0.0876 0.2021 0.0182 0.5205
57 0.1602 0.0313 0.1392 0.1018 0.5679
58 0.1948 0.0260 0.6392 0.1278 0.0125
59 0.2241 0.1145 0.2539 0.3499 0.0576
60 0.2146 0.1752 0.2284 0.3623 0.0197
61 0.2324 0.3743 0.2473 0.0461 0.0999
62 0.1901 0.0190 0.0905 0.6528 0.0477
63 0.1490 0.0300 0.2169 0.1625 0.4417
64 0.1306 0.1100 0.2366 0.1992 0.3235
65 0.1837 0.1971 0.2959 0.1323 0.1910
66 0.1709 0.3535 0.3591 0.0501 0.0664
67 0.0680 0.2954 0.2820 0.3296 0.0250
68 0.1165 0.2883 0.3821 0.1279 0.0852
69 0.0616 0.2634 0.5938 0.0188 0.0626
70 0.0601 0.1224 0.6826 0.0191 0.1158
71 0.1393 0.1995 0.5684 0.0126 0.0806
72 0.1313 0.1234 0.5034 0.2098 0.0322
73 0.0187 0.2042 0.7471 0.0194 0.0106
74 0.0612 0.2089 0.2223 0.1843 0.3235
75 0.1665 0.3811 0.2539 0.0266 0.1718
76 0.0354 0.1001 0.0721 0.0641 0.7280
77 0.0146 0.2419 0.7222 0.0152 0.0059
78 0.0966 0.1270 0.4263 0.2335 0.1165
79 0.0609 0.3530 0.2727 0.2749 0.0384
80 0.0770 0.1212 0.1556 0.2029 0.4434
81 0.1333 0.0902 0.1079 0.0759 0.5928
82 0.3687 0.0218 0.1016 0.2253 0.2827
83 0.0701 0.4292 0.3291 0.1630 0.0085
84 0.0934 0.1564 0.4817 0.2620 0.0066
85 0.0419 0.0419 0.0975 0.0639 0.7549
86 0.1281 0.1605 0.4165 0.2861 0.0087
87 0.0178 0.0096 0.0141 0.0109 0.9478
88 0.1104 0.3145 0.5518 0.0173 0.0063
89 0.0251 0.0731 0.8770 0.0203 0.0045
90 0.1592 0.2708 0.2708 0.2881 0.0113
91 0.0620 0.0665 0.0991 0.1158 0.6562
92 0.0325 0.0110 0.1083 0.0598 0.7881
93 0.2717 0.1489 0.1151 0.2150 0.2494
94 0.0843 0.1207 0.2363 0.4417 0.1170
95 0.2445 0.2208 0.4324 0.0124 0.0899
96 0.1034 0.2349 0.3525 0.0169 0.2922
97 0.1127 0.1042 0.6094 0.1541 0.0194
98 0.2690 0.0106 0.1792 0.3000 0.2411
99 0.3289 0.0456 0.1288 0.3391 0.1577
100 0.0763 0.2542 0.4062 0.2010 0.0623
101 0.2720 0.1082 0.3230 0.2006 0.0963
102 0.3853 0.1069 0.2212 0.1311 0.1556
103 0.1188 0.1537 0.2534 0.4446 0.0296
104 0.2068 0.2235 0.3745 0.1573 0.0380
105 0.1691 0.2700 0.2170 0.1017 0.2421
106 0.2476 0.0779 0.4697 0.1598 0.0451
107 0.0357 0.2922 0.4321 0.1801 0.0598
108 0.0232 0.3599 0.2654 0.1399 0.2115
109 0.0571 0.2578 0.4971 0.0864 0.1017
110 0.0834 0.1464 0.5972 0.1343 0.0391
111 0.0235 0.1396 0.3457 0.4104 0.0808
112 0.1069 0.4360 0.2644 0.0533 0.1394
113 0.0320 0.0238 0.0492 0.0428 0.8521
114 0.0212 0.2905 0.5181 0.1351 0.0350
115 0.0729 0.0764 0.4902 0.2625 0.0981
116 0.2375 0.0923 0.2549 0.3003 0.1149
117 0.0398 0.0963 0.6479 0.1886 0.0274
118 0.0712 0.0358 0.2028 0.0355 0.6548
119 0.0519 0.0161 0.1433 0.0495 0.7393
120 0.0391 0.1954 0.5835 0.1113 0.0708
121 0.1285 0.0607 0.5498 0.2023 0.0588
122 0.0846 0.1669 0.2144 0.3479 0.1863
123 0.1321 0.2839 0.1736 0.1310 0.2795
124 0.2140 0.0576 0.2749 0.4258 0.0279
125 0.1292 0.1545 0.3823 0.2842 0.0498
126 0.0916 0.1375 0.1498 0.5312 0.0901
127 0.1318 0.1102 0.5596 0.0942 0.1043
128 0.1078 0.1203 0.1750 0.3169 0.2798
129 0.2023 0.0553 0.1991 0.4629 0.0804
130 0.4365 0.1619 0.3269 0.0147 0.0600
131 0.1766 0.1464 0.2610 0.0938 0.3223
132 0.3425 0.0250 0.2045 0.3821 0.0460
133 0.2250 0.0655 0.3274 0.3594 0.0228
134 0.0722 0.2041 0.4973 0.1136 0.1127
135 0.0630 0.0874 0.3457 0.4509 0.0530
136 0.1736 0.1556 0.2229 0.0250 0.4229
137 0.0351 0.2379 0.5034 0.1039 0.1196
138 0.0988 0.1085 0.1818 0.5098 0.1011
139 0.1071 0.0952 0.3003 0.2910 0.2064
140 0.0965 0.1495 0.3291 0.2125 0.2125
141 0.3630 0.1433 0.1884 0.1675 0.1378
142 0.3643 0.2158 0.2859 0.0839 0.0501
143 0.1617 0.0551 0.1605 0.1165 0.5063
144 0.2554 0.1032 0.2805 0.3333 0.0276
145 0.0751 0.4783 0.3088 0.0695 0.0684
146 0.0578 0.0300 0.3599 0.1115 0.4409
147 0.1245 0.0177 0.2476 0.1478 0.4624
148 0.1083 0.1026 0.3337 0.2559 0.1993
149 0.1219 0.2278 0.6001 0.0369 0.0131
150 0.1843 0.0768 0.6138 0.1010 0.0242
151 0.0683 0.0303 0.1092 0.1639 0.6284
152 0.0661 0.0265 0.1143 0.0823 0.7109
153 0.0725 0.0302 0.0356 0.0514 0.8101
154 0.2512 0.1141 0.4695 0.0822 0.0829
155 0.0779 0.0211 0.4487 0.1189 0.3335
156 0.0830 0.0540 0.3308 0.0657 0.4666
157 0.0695 0.3210 0.4390 0.1403 0.0303
158 0.0533 0.2522 0.4495 0.1350 0.1102
159 0.1087 0.0989 0.3735 0.2411 0.1777
160 0.1183 0.0463 0.2012 0.3877 0.2465
161 0.5703 0.0277 0.2200 0.1713 0.0105
162 0.5728 0.0363 0.1350 0.2296 0.0264
163 0.5347 0.0387 0.1121 0.2861 0.0285
164 0.5815 0.0328 0.1844 0.1746 0.0266
165 0.6860 0.0449 0.0907 0.0674 0.1111
166 0.7544 0.0381 0.0619 0.0605 0.0853
167 0.4673 0.0415 0.1307 0.2993 0.0613
168 0.2546 0.0242 0.3025 0.2886 0.1301
169 0.4763 0.0382 0.1046 0.3652 0.0158
170 0.5386 0.0623 0.2109 0.1221 0.0659
171 0.0459 0.0274 0.2223 0.0710 0.6333
172 0.0558 0.0470 0.0858 0.0226 0.7891
173 0.5142 0.1230 0.0922 0.1951 0.0758
174 0.3726 0.1553 0.1678 0.2025 0.1018
175 0.6597 0.0568 0.0757 0.1818 0.0260
176 0.3674 0.0115 0.0619 0.5430 0.0163
177 0.3523 0.0558 0.1017 0.4668 0.0234
178 0.3933 0.0787 0.0757 0.4321 0.0202
179 0.3064 0.0800 0.0489 0.4897 0.0751
180 0.6016 0.0189 0.0639 0.2842 0.0312
181 0.4282 0.0298 0.0830 0.4023 0.0566
182 0.0593 0.3989 0.2496 0.1562 0.1357
183 0.1556 0.1290 0.1710 0.0297 0.5146
184 0.2603 0.0381 0.0381 0.1128 0.5508
185 0.6191 0.0366 0.1267 0.1979 0.0199
186 0.0763 0.1229 0.6343 0.0972 0.0695
187 0.0419 0.3171 0.5923 0.0109 0.0379
188 0.5454 0.0465 0.0978 0.2086 0.1017
189 0.4333 0.0675 0.1013 0.3296 0.0681
190 0.1819 0.1212 0.3347 0.3398 0.0224
191 0.1161 0.0335 0.1743 0.6680 0.0080
192 0.1788 0.0233 0.1964 0.4224 0.1788
193 0.3591 0.0930 0.1497 0.1968 0.2014
194 0.0986 0.1390 0.3059 0.2256 0.2310
195 0.1183 0.0347 0.1748 0.6006 0.0717
196 0.2001 0.1223 0.1223 0.1698 0.3855
197 0.1984 0.1166 0.3296 0.3271 0.0284
198 0.3831 0.1559 0.2200 0.0924 0.1488
199 0.7129 0.0396 0.0405 0.0599 0.1471
200 0.0978 0.0402 0.1091 0.4631 0.2898
201 0.1865 0.0895 0.1167 0.4336 0.1738
202 0.2020 0.1466 0.3435 0.2615 0.0465
203 0.1133 0.0955 0.2986 0.4773 0.0152
204 0.1637 0.1637 0.2783 0.3359 0.0583
205 0.1426 0.0393 0.0418 0.7295 0.0467
206 0.4031 0.1299 0.2059 0.1173 0.1438
207 0.0350 0.2583 0.6006 0.0950 0.0109
208 0.3384 0.0265 0.1599 0.4626 0.0125
209 0.2087 0.0824 0.2766 0.4150 0.0173
210 0.3508 0.0833 0.3401 0.2128 0.0130
211 0.7817 0.0110 0.0074 0.0575 0.1423
212 0.9434 0.0049 0.0043 0.0149 0.0328
213 0.8657 0.0082 0.0032 0.0153 0.1075
214 0.8389 0.0123 0.0082 0.0374 0.1033
215 0.3225 0.1304 0.1572 0.2673 0.1224
