time exciting_prob fearful_prob tense_prob sad_prob relaxing_prob
0 0.2037 0.2830 0.2496 0.2310 0.0327
1 0.2037 0.2830 0.2496 0.2310 0.0327
2 0.3979 0.0204 0.1122 0.3857 0.0834
3 0.4753 0.0316 0.1094 0.3118 0.0718
4 0.6177 0.0667 0.1284 0.1315 0.0557
5 0.6855 0.0470 0.0825 0.1102 0.0746
6 0.5166 0.2258 0.1401 0.0994 0.0178
7 0.5405 0.1882 0.1741 0.0687 0.0286
8 0.5117 0.1501 0.1561 0.1663 0.0156
9 0.4060 0.4460 0.0787 0.0415 0.0278
10 0.5234 0.2396 0.0931 0.1089 0.0348
11 0.4597 0.1704 0.0667 0.2681 0.0352
12 0.5791 0.0322 0.1608 0.1954 0.0327
13 0.4570 0.0628 0.3560 0.0859 0.0384
14 0.4197 0.0839 0.3242 0.1166 0.0555
15 0.2106 0.0627 0.2500 0.4124 0.0642
16 0.2073 0.0647 0.3638 0.3210 0.0431
17 0.3030 0.1313 0.1398 0.4014 0.0247
18 0.1871 0.3286 0.1758 0.2854 0.0231
19 0.1333 0.3679 0.1487 0.3403 0.0097
20 0.2417 0.5449 0.0932 0.1073 0.0130
21 0.3208 0.4185 0.1171 0.1348 0.0087
22 0.2183 0.0205 0.4478 0.2937 0.0198
23 0.2881 0.0228 0.3069 0.3530 0.0292
24 0.0761 0.0430 0.7808 0.0811 0.0188
25 0.2344 0.5366 0.0715 0.1255 0.0320
26 0.2988 0.3577 0.1575 0.1638 0.0222
27 0.2278 0.2881 0.1530 0.3213 0.0099
28 0.2053 0.1456 0.0817 0.5581 0.0092
29 0.1215 0.1941 0.1283 0.5444 0.0118
30 0.2344 0.2615 0.0969 0.3865 0.0210
31 0.3801 0.2200 0.1466 0.2512 0.0020
32 0.3706 0.1045 0.1406 0.3823 0.0021
33 0.7026 0.1461 0.0807 0.0680 0.0024
34 0.6865 0.1819 0.0900 0.0409 0.0009
35 0.5513 0.2092 0.0674 0.1211 0.0513
36 0.5630 0.1515 0.0508 0.1842 0.0508
37 0.5771 0.2074 0.0585 0.1182 0.0387
38 0.0433 0.1159 0.1398 0.6880 0.0128
39 0.1519 0.2466 0.3069 0.2708 0.0238
40 0.1547 0.2433 0.1940 0.2959 0.1122
41 0.4807 0.3201 0.0423 0.1294 0.0275
42 0.1290 0.4868 0.1791 0.2030 0.0021
43 0.1533 0.6870 0.1261 0.0326 0.0011
44 0.0425 0.4004 0.3589 0.1777 0.0204
45 0.2363 0.3130 0.2185 0.2053 0.0267
46 0.2120 0.1017 0.5415 0.1285 0.0163
47 0.1050 0.1932 0.5952 0.0768 0.0299
48 0.1054 0.1632 0.5972 0.1071 0.0271
49 0.3308 0.1057 0.3157 0.2346 0.0131
50 0.1311 0.0412 0.5605 0.2411 0.0262
51 0.1936 0.3943 0.3169 0.0478 0.0475
52 0.3894 0.0184 0.1082 0.4771 0.0069
53 0.4749 0.0442 0.3264 0.1182 0.0366
54 0.1287 0.0352 0.2122 0.6138 0.0099
55 0.2825 0.0932 0.4622 0.1133 0.0487
56 0.2388 0.0512 0.5684 0.1136 0.0281
57 0.3286 0.0668 0.2295 0.3340 0.0411
58 0.1600 0.0395 0.4851 0.2617 0.0536
59 0.2047 0.0293 0.5654 0.1807 0.0200
60 0.2686 0.0193 0.3450 0.2603 0.1069
61 0.2300 0.0204 0.3618 0.2773 0.1104
62 0.3716 0.1433 0.3894 0.0626 0.0330
63 0.1853 0.0565 0.5278 0.2035 0.0267
64 0.5986 0.0488 0.2637 0.0488 0.0401
65 0.4602 0.0323 0.2058 0.1707 0.1309
66 0.3105 0.0205 0.1206 0.3179 0.2307
67 0.0936 0.0542 0.5732 0.2583 0.0207
68 0.2568 0.0821 0.5356 0.1088 0.0167
69 0.2458 0.0089 0.2039 0.5044 0.0368
70 0.5527 0.0209 0.0531 0.2018 0.1713
71 0.5166 0.0566 0.0441 0.2991 0.0837
72 0.1311 0.0068 0.3677 0.4795 0.0151
73 0.0638 0.0198 0.5264 0.3850 0.0050
74 0.5728 0.0781 0.1201 0.1119 0.1172
75 0.4648 0.0759 0.1820 0.1130 0.1644
76 0.1819 0.0605 0.4329 0.3118 0.0129
77 0.2106 0.0390 0.3875 0.1589 0.2041
78 0.5576 0.0698 0.1124 0.0579 0.2020
79 0.2976 0.0446 0.3882 0.0801 0.1892
80 0.1089 0.0731 0.5234 0.2632 0.0314
81 0.4319 0.0242 0.1317 0.3015 0.1109
82 0.4492 0.0255 0.1127 0.3186 0.0941
83 0.4167 0.0620 0.2432 0.1510 0.1271
84 0.1448 0.1775 0.2749 0.2296 0.1733
85 0.0974 0.0664 0.2126 0.5024 0.1212
86 0.1598 0.2494 0.3279 0.1263 0.1366
87 0.0773 0.1562 0.3108 0.3157 0.1400
88 0.1561 0.0469 0.5757 0.1367 0.0849
89 0.1604 0.0274 0.2465 0.1655 0.4001
90 0.3394 0.2407 0.2059 0.1747 0.0393
91 0.4060 0.2090 0.0838 0.2207 0.0806
92 0.4324 0.2091 0.0942 0.2388 0.0256
93 0.1202 0.0501 0.2125 0.1270 0.4902
94 0.0797 0.0255 0.0692 0.0340 0.7920
95 0.1311 0.0880 0.4399 0.1053 0.2355
96 0.2449 0.1353 0.0526 0.1792 0.3882
97 0.3054 0.2115 0.1313 0.1560 0.1957
98 0.1044 0.0839 0.4326 0.1210 0.2583
99 0.3303 0.0426 0.0676 0.0714 0.4880
100 0.1250 0.0302 0.0591 0.2952 0.4905
101 0.2092 0.1996 0.3503 0.2192 0.0217
102 0.2150 0.2612 0.3408 0.1324 0.0507
103 0.1909 0.0645 0.0433 0.2778 0.4236
104 0.1792 0.2629 0.2145 0.3074 0.0361
105 0.2861 0.2710 0.3425 0.0937 0.0065
106 0.4224 0.0272 0.1309 0.1654 0.2542
107 0.4729 0.0373 0.0835 0.2491 0.1571
108 0.2590 0.0703 0.3457 0.2734 0.0514
109 0.3547 0.0933 0.2006 0.3464 0.0048
110 0.5186 0.0770 0.1907 0.2078 0.0061
111 0.5718 0.0496 0.1143 0.2576 0.0070
112 0.2050 0.2114 0.1168 0.4619 0.0051
113 0.1278 0.3140 0.1437 0.4094 0.0051
114 0.1742 0.0354 0.6943 0.0515 0.0444
115 0.1215 0.0362 0.7861 0.0218 0.0343
116 0.3635 0.1002 0.4814 0.0377 0.0171
117 0.6060 0.0664 0.2688 0.0329 0.0258
118 0.1847 0.4431 0.2773 0.0795 0.0154
119 0.1534 0.4512 0.2571 0.1272 0.0112
120 0.2366 0.2766 0.1677 0.3110 0.0080
121 0.1388 0.0291 0.6123 0.2084 0.0114
122 0.1219 0.0236 0.4900 0.3420 0.0224
123 0.0646 0.0371 0.7397 0.1434 0.0152
124 0.4919 0.1941 0.1345 0.1334 0.0461
125 0.3420 0.1707 0.0390 0.4094 0.0390
126 0.5732 0.2407 0.0776 0.0770 0.0316
127 0.1556 0.0457 0.4504 0.3401 0.0081
128 0.2534 0.3357 0.3152 0.0848 0.0110
129 0.2642 0.2224 0.3904 0.1172 0.0061
130 0.1086 0.1103 0.4431 0.1965 0.1416
131 0.2170 0.1276 0.5249 0.0905 0.0402
132 0.2482 0.1288 0.4709 0.1288 0.0233
133 0.5366 0.0856 0.1276 0.0876 0.1625
134 0.4160 0.0276 0.1642 0.3291 0.0633
135 0.2094 0.1394 0.2159 0.4163 0.0189
136 0.2957 0.2375 0.2064 0.2451 0.0153
137 0.1129 0.0442 0.1240 0.7139 0.0052
138 0.3035 0.0715 0.2874 0.3108 0.0269
139 0.2267 0.0324 0.2180 0.4475 0.0754
140 0.3267 0.2125 0.2625 0.1860 0.0124
141 0.2517 0.1189 0.2023 0.4084 0.0187
142 0.2432 0.0419 0.1646 0.5229 0.0273
143 0.4692 0.0889 0.1254 0.2183 0.0984
144 0.4221 0.0554 0.1459 0.2190 0.1577
145 0.1465 0.0194 0.0983 0.3250 0.4109
146 0.0880 0.0159 0.0865 0.3267 0.4829
147 0.5278 0.0676 0.2437 0.0458 0.1151
148 0.5688 0.0355 0.1221 0.0505 0.2228
149 0.2321 0.0522 0.5146 0.0881 0.1130
150 0.3735 0.0359 0.1644 0.1486 0.2776
151 0.4976 0.0258 0.0474 0.1830 0.2463
152 0.4844 0.0320 0.0835 0.2612 0.1388
153 0.4136 0.1131 0.2649 0.1620 0.0464
154 0.3105 0.1116 0.3687 0.1675 0.0417
155 0.1766 0.1038 0.4270 0.2778 0.0146
156 0.1222 0.0615 0.6255 0.1658 0.0250
157 0.1166 0.0464 0.4539 0.3481 0.0350
158 0.3313 0.0466 0.2856 0.2581 0.0787
159 0.3374 0.0367 0.1724 0.2047 0.2488
160 0.4102 0.0573 0.1710 0.2776 0.0840
161 0.4631 0.0380 0.2054 0.2153 0.0780
162 0.2153 0.0792 0.4739 0.2054 0.0261
163 0.1700 0.0203 0.0842 0.6992 0.0263
164 0.4272 0.0703 0.1089 0.3354 0.0583
165 0.0948 0.1886 0.4595 0.2384 0.0185
166 0.2252 0.1768 0.2937 0.1882 0.1160
167 0.0475 0.0538 0.3506 0.5024 0.0460
168 0.0544 0.1256 0.2498 0.5542 0.0162
169 0.0975 0.0916 0.2412 0.5435 0.0262
170 0.3748 0.0253 0.3896 0.1514 0.0588
171 0.4211 0.0223 0.2783 0.1702 0.1082
172 0.1958 0.2202 0.3574 0.1040 0.1226
173 0.2306 0.2183 0.2893 0.0437 0.2183
174 0.2068 0.4050 0.3154 0.0210 0.0519
175 0.2240 0.4121 0.2969 0.0182 0.0488
176 0.2251 0.4138 0.2018 0.0625 0.0968
177 0.2544 0.0341 0.3586 0.0412 0.3115
178 0.3928 0.1171 0.2786 0.0657 0.1456
179 0.2256 0.4629 0.2152 0.0911 0.0053
180 0.1707 0.4937 0.2261 0.0957 0.0140
181 0.1823 0.1334 0.5791 0.0748 0.0302
182 0.1255 0.1562 0.6274 0.0636 0.0271
183 0.1130 0.0551 0.4907 0.3071 0.0342
184 0.0700 0.0858 0.4563 0.3726 0.0155
185 0.1003 0.1085 0.4224 0.3501 0.0186
186 0.0754 0.0510 0.4270 0.4270 0.0197
187 0.0647 0.0971 0.5762 0.2598 0.0020
188 0.4392 0.1288 0.1995 0.2278 0.0048
189 0.2439 0.1074 0.2256 0.4182 0.0048
190 0.3118 0.0235 0.4067 0.1331 0.1250
191 0.4258 0.0745 0.2278 0.0545 0.2174
192 0.0801 0.1847 0.1630 0.5688 0.0032
193 0.0691 0.1594 0.1158 0.6455 0.0100
194 0.5381 0.0456 0.1628 0.0831 0.1707
195 0.5366 0.0417 0.1207 0.0856 0.2152
196 0.5469 0.0988 0.1483 0.0246 0.1816
197 0.3943 0.1086 0.2646 0.1013 0.1311
198 0.4001 0.1192 0.1965 0.0701 0.2141
199 0.1020 0.1183 0.3940 0.3645 0.0211
200 0.1509 0.1070 0.2283 0.5063 0.0073
201 0.1320 0.0336 0.1259 0.7021 0.0063
202 0.1584 0.4109 0.3152 0.1072 0.0083
203 0.1498 0.3855 0.3623 0.0923 0.0101
204 0.3140 0.0287 0.1603 0.1831 0.3140
205 0.3008 0.0261 0.1622 0.1537 0.3572
206 0.5073 0.1047 0.1621 0.2183 0.0075
207 0.2805 0.1081 0.1345 0.4697 0.0073
208 0.1353 0.0284 0.4949 0.0967 0.2449
209 0.3779 0.0515 0.2479 0.0305 0.2920
210 0.2759 0.0159 0.1243 0.1072 0.4766
211 0.1586 0.4309 0.2035 0.1942 0.0128
212 0.2499 0.3523 0.2008 0.1718 0.0253
213 0.1526 0.1265 0.3547 0.3491 0.0172
214 0.1282 0.0909 0.4011 0.3652 0.0144
215 0.2202 0.1444 0.3660 0.2554 0.0139
216 0.2817 0.1417 0.3733 0.1892 0.0138
217 0.2434 0.1168 0.5317 0.1014 0.0067
218 0.3108 0.2720 0.2037 0.2006 0.0129
219 0.2371 0.4160 0.2334 0.0943 0.0190
220 0.2068 0.2915 0.2343 0.2399 0.0275
221 0.1666 0.3364 0.3696 0.0979 0.0294
222 0.2637 0.2615 0.1959 0.2554 0.0236
223 0.1639 0.3313 0.3262 0.1317 0.0470
224 0.1925 0.3799 0.2737 0.1168 0.0370
225 0.2981 0.2800 0.2113 0.1620 0.0486
226 0.3538 0.2321 0.1954 0.1724 0.0464
227 0.0698 0.4211 0.2325 0.2118 0.0646
228 0.2952 0.2566 0.1998 0.0390 0.2094
229 0.0784 0.1177 0.3513 0.4106 0.0420
230 0.0201 0.1122 0.2000 0.6558 0.0122
231 0.1215 0.1622 0.1572 0.0269 0.5322
232 0.1512 0.1466 0.1160 0.0156 0.5708
233 0.0822 0.3801 0.3103 0.0423 0.1852
234 0.1650 0.2054 0.2808 0.0721 0.2764
235 0.0967 0.3945 0.3650 0.0834 0.0605
236 0.1704 0.1978 0.2294 0.1564 0.2461
237 0.1335 0.1255 0.2084 0.1432 0.3894
238 0.3027 0.0748 0.3027 0.0802 0.2395
239 0.1310 0.3000 0.4434 0.0782 0.0475
240 0.1415 0.2771 0.5176 0.0268 0.0372
241 0.1508 0.2688 0.4941 0.0525 0.0339
242 0.1227 0.1664 0.5459 0.1010 0.0641
243 0.0921 0.2465 0.4429 0.1761 0.0425
244 0.2260 0.2834 0.0627 0.0438 0.3843
245 0.6665 0.0945 0.0841 0.0556 0.0991
246 0.6343 0.0613 0.0690 0.0663 0.1693
247 0.2385 0.1814 0.4353 0.1100 0.0349
248 0.2935 0.1214 0.2778 0.2778 0.0293
249 0.1035 0.0957 0.2581 0.1615 0.3813
250 0.0908 0.2178 0.1877 0.0840 0.4197
251 0.1478 0.2308 0.1188 0.1160 0.3865
252 0.1617 0.3792 0.3047 0.1362 0.0182
253 0.1708 0.1847 0.2751 0.3479 0.0215
254 0.1270 0.1580 0.6055 0.1052 0.0045
255 0.2512 0.1132 0.4407 0.1896 0.0053
256 0.1830 0.1577 0.4028 0.2482 0.0082
257 0.1782 0.1957 0.4587 0.1584 0.0089
258 0.2094 0.1776 0.4717 0.1351 0.0062
259 0.1833 0.1656 0.3425 0.3022 0.0061
260 0.1368 0.1189 0.1033 0.0179 0.6230
261 0.1365 0.0625 0.0854 0.1322 0.5835
262 0.2255 0.2152 0.2988 0.0646 0.1959
263 0.3423 0.0958 0.1891 0.0752 0.2974
264 0.3472 0.1948 0.1873 0.1068 0.1641
265 0.2810 0.0571 0.2969 0.2499 0.1153
266 0.2634 0.0330 0.2052 0.4517 0.0469
267 0.1246 0.2556 0.2365 0.1236 0.2598
268 0.2559 0.2057 0.1887 0.1093 0.2405
269 0.2189 0.2224 0.1493 0.0757 0.3337
270 0.0665 0.5439 0.1177 0.0748 0.1970
271 0.0793 0.4639 0.3394 0.0550 0.0623
272 0.1027 0.4858 0.1995 0.1426 0.0695
273 0.1317 0.3110 0.3635 0.1434 0.0504
274 0.3171 0.3098 0.1396 0.0530 0.1807
275 0.3040 0.2260 0.1948 0.0711 0.2041
276 0.3064 0.3137 0.2386 0.0528 0.0885
277 0.0324 0.1937 0.3733 0.3794 0.0212
278 0.0187 0.2971 0.4189 0.2542 0.0111
279 0.0440 0.2693 0.5273 0.1420 0.0172
280 0.2418 0.0829 0.1514 0.1188 0.4050
281 0.2500 0.0545 0.2073 0.2461 0.2423
282 0.1039 0.1584 0.3628 0.2455 0.1294
283 0.2935 0.1322 0.2510 0.1122 0.2113
284 0.2578 0.1083 0.4087 0.0688 0.1564
285 0.2441 0.1199 0.3235 0.1237 0.1887
286 0.1918 0.2010 0.3845 0.1201 0.1027
287 0.1223 0.1407 0.2321 0.4336 0.0714
288 0.2408 0.1069 0.2952 0.1981 0.1592
289 0.2532 0.1674 0.2869 0.2378 0.0547
290 0.1932 0.1370 0.3088 0.3137 0.0474
291 0.2458 0.1915 0.1638 0.3523 0.0466
