time exciting_prob fearful_prob tense_prob sad_prob relaxing_prob
0 0.2037 0.2830 0.2496 0.2310 0.0327
1 0.1951 0.0740 0.1383 0.5386 0.0542
2 0.2810 0.2876 0.3665 0.0389 0.0259
3 0.3140 0.3877 0.2644 0.0123 0.0219
4 0.2764 0.3105 0.3604 0.0223 0.0305
5 0.1622 0.3516 0.4080 0.0401 0.0382
6 0.1255 0.5493 0.2400 0.0434 0.0417
7 0.1188 0.4019 0.3438 0.0810 0.0548
8 0.1406 0.3025 0.3914 0.1251 0.0403
9 0.1846 0.0819 0.3140 0.3396 0.0800
10 0.1151 0.0362 0.1205 0.7158 0.0125
11 0.4187 0.1307 0.1026 0.3015 0.0466
12 0.1252 0.0514 0.4373 0.3682 0.0179
13 0.2615 0.3518 0.3330 0.0315 0.0223
14 0.2122 0.3782 0.3364 0.0466 0.0268
15 0.1770 0.2808 0.4214 0.1008 0.0202
16 0.1610 0.2759 0.4958 0.0225 0.0447
17 0.1078 0.2527 0.2798 0.2954 0.0644
18 0.2489 0.0629 0.3376 0.3171 0.0334
19 0.1830 0.0658 0.4060 0.3213 0.0240
20 0.1306 0.1370 0.1758 0.5332 0.0236
21 0.1521 0.2178 0.4331 0.1631 0.0339
22 0.1400 0.0602 0.1688 0.6079 0.0230
23 0.1267 0.2683 0.5420 0.0349 0.0281
24 0.0812 0.2073 0.6538 0.0242 0.0336
25 0.2029 0.0936 0.3215 0.2177 0.1643
26 0.2598 0.2056 0.1306 0.3037 0.1002
27 0.0450 0.1808 0.3223 0.4336 0.0185
28 0.3184 0.0934 0.3782 0.1886 0.0215
29 0.2435 0.4209 0.2512 0.0592 0.0251
30 0.2131 0.2434 0.3176 0.1896 0.0362
31 0.2288 0.1810 0.2983 0.2554 0.0365
32 0.2253 0.2272 0.3987 0.0816 0.0671
33 0.2269 0.2473 0.4172 0.0583 0.0502
34 0.2025 0.2542 0.2878 0.2277 0.0278
35 0.1547 0.0351 0.2632 0.5234 0.0237
36 0.1113 0.0600 0.2301 0.5649 0.0334
37 0.0904 0.1198 0.6680 0.1108 0.0111
38 0.1691 0.6089 0.1458 0.0173 0.0589
39 0.3723 0.2598 0.1218 0.0662 0.1799
40 0.1340 0.2228 0.2952 0.2817 0.0663
41 0.1365 0.0159 0.6826 0.1595 0.0056
42 0.1382 0.0832 0.2426 0.5054 0.0306
43 0.1411 0.5283 0.2676 0.0437 0.0194
44 0.2939 0.1990 0.3035 0.1599 0.0437
45 0.2715 0.1442 0.3433 0.1794 0.0616
46 0.1621 0.2083 0.3030 0.2715 0.0552
47 0.0646 0.2020 0.3547 0.3660 0.0127
48 0.0533 0.1760 0.2426 0.4976 0.0306
49 0.2452 0.2913 0.1014 0.2377 0.1243
50 0.3040 0.2207 0.1528 0.2600 0.0623
51 0.4231 0.2062 0.0358 0.2411 0.0937
52 0.3506 0.3069 0.2566 0.0746 0.0113
53 0.3157 0.1514 0.2135 0.1125 0.2069
54 0.1163 0.0787 0.1043 0.6646 0.0363
55 0.0709 0.5322 0.2325 0.1356 0.0287
56 0.0433 0.3408 0.4446 0.1537 0.0175
57 0.0756 0.1458 0.4023 0.3606 0.0156
58 0.1070 0.3025 0.4648 0.0468 0.0789
59 0.1093 0.3042 0.4158 0.1011 0.0695
60 0.0865 0.1707 0.5596 0.1309 0.0525
61 0.0969 0.1411 0.2917 0.4312 0.0392
62 0.0335 0.4243 0.3657 0.1466 0.0300
63 0.0634 0.3821 0.3943 0.1165 0.0439
64 0.1165 0.4131 0.3093 0.0638 0.0974
65 0.2385 0.3694 0.2766 0.0524 0.0632
66 0.1609 0.5112 0.2034 0.0803 0.0440
67 0.0998 0.4436 0.3826 0.0403 0.0337
68 0.1390 0.3962 0.3608 0.0603 0.0438
69 0.2639 0.2155 0.3994 0.0912 0.0301
70 0.1886 0.1492 0.2966 0.3416 0.0240
71 0.1377 0.0976 0.5444 0.2019 0.0183
72 0.1240 0.2391 0.5103 0.0478 0.0789
73 0.1974 0.2515 0.3411 0.1422 0.0677
74 0.2878 0.0800 0.1844 0.3813 0.0663
75 0.0438 0.1615 0.7129 0.0740 0.0080
76 0.3740 0.0640 0.4512 0.0916 0.0194
77 0.2612 0.0834 0.2164 0.3486 0.0903
78 0.0896 0.1825 0.1838 0.5239 0.0202
79 0.0481 0.0858 0.1530 0.7070 0.0059
80 0.1846 0.1174 0.3560 0.3240 0.0181
81 0.2991 0.1370 0.4634 0.0805 0.0202
82 0.1698 0.0730 0.2197 0.4797 0.0578
83 0.1876 0.1351 0.1532 0.4573 0.0669
84 0.2898 0.2517 0.2920 0.1227 0.0438
85 0.2050 0.2395 0.4204 0.1071 0.0280
86 0.0269 0.2864 0.3977 0.2529 0.0361
87 0.2186 0.1885 0.1108 0.4148 0.0672
88 0.0200 0.0897 0.4021 0.4700 0.0181
89 0.0227 0.1692 0.4744 0.3210 0.0128
90 0.2246 0.1270 0.5347 0.0846 0.0290
91 0.1042 0.0594 0.4458 0.3694 0.0212
92 0.1323 0.0307 0.1499 0.6665 0.0204
93 0.0589 0.2854 0.2944 0.3389 0.0224
94 0.2264 0.2336 0.1791 0.3372 0.0237
95 0.2236 0.1335 0.4734 0.0797 0.0897
96 0.1628 0.1068 0.4460 0.1707 0.1136
97 0.1052 0.1036 0.1567 0.6196 0.0148
98 0.2058 0.2644 0.2406 0.2622 0.0270
99 0.1025 0.0683 0.2311 0.3723 0.2257
100 0.1923 0.1429 0.4233 0.0446 0.1969
101 0.2291 0.0667 0.2942 0.3633 0.0469
102 0.3350 0.1880 0.3857 0.0416 0.0498
103 0.2021 0.1389 0.4214 0.1367 0.1008
104 0.1591 0.0643 0.2583 0.4824 0.0360
105 0.1544 0.3882 0.3733 0.0609 0.0229
106 0.2676 0.2720 0.2961 0.1274 0.0368
107 0.2468 0.2798 0.2690 0.1569 0.0475
108 0.1890 0.4158 0.2881 0.0482 0.0590
109 0.0601 0.1658 0.3511 0.4104 0.0128
110 0.0163 0.7383 0.1647 0.0656 0.0152
111 0.0211 0.1126 0.8320 0.0285 0.0059
112 0.0490 0.1656 0.7085 0.0614 0.0157
113 0.2325 0.1016 0.5405 0.0797 0.0454
114 0.2000 0.1464 0.3049 0.2284 0.1204
115 0.1750 0.2145 0.3481 0.1820 0.0801
116 0.2336 0.1157 0.4263 0.1450 0.0795
117 0.0575 0.1091 0.6372 0.1663 0.0298
118 0.1495 0.0701 0.4260 0.3044 0.0497
119 0.1741 0.2554 0.3228 0.1501 0.0977
120 0.0724 0.1736 0.6108 0.0873 0.0559
121 0.1528 0.2744 0.2922 0.1277 0.1528
122 0.1931 0.1744 0.4089 0.1759 0.0477
123 0.1174 0.0997 0.5303 0.1997 0.0529
124 0.1503 0.0933 0.4150 0.3083 0.0330
125 0.1713 0.0772 0.2937 0.4238 0.0340
126 0.2114 0.1204 0.3101 0.3352 0.0230
127 0.2472 0.1097 0.2651 0.3540 0.0237
128 0.0402 0.3237 0.4290 0.1874 0.0196
129 0.0418 0.4326 0.4326 0.0886 0.0041
130 0.0447 0.1809 0.4409 0.2715 0.0620
131 0.0717 0.0375 0.2686 0.5864 0.0360
132 0.0653 0.0813 0.1949 0.6294 0.0290
133 0.1238 0.5093 0.2106 0.0700 0.0864
134 0.0257 0.1703 0.7754 0.0202 0.0085
135 0.1312 0.1570 0.5928 0.0543 0.0649
136 0.1261 0.1311 0.6816 0.0307 0.0304
137 0.1328 0.0751 0.6138 0.0818 0.0964
138 0.0560 0.0526 0.2888 0.5835 0.0193
139 0.0246 0.0336 0.3931 0.5459 0.0028
140 0.0342 0.1251 0.8027 0.0353 0.0025
141 0.0729 0.3730 0.4570 0.0614 0.0355
142 0.0632 0.1002 0.5718 0.2205 0.0444
143 0.1536 0.2288 0.1687 0.3176 0.1313
144 0.2487 0.1497 0.4907 0.0460 0.0649
145 0.1461 0.2446 0.3450 0.1721 0.0922
146 0.2759 0.2416 0.3030 0.1187 0.0611
147 0.3079 0.1598 0.3516 0.0925 0.0882
148 0.3496 0.4526 0.1327 0.0532 0.0118
149 0.4038 0.4541 0.0997 0.0297 0.0125
150 0.2029 0.0685 0.1682 0.5024 0.0581
151 0.4941 0.1790 0.0659 0.1174 0.1438
152 0.2000 0.2588 0.3916 0.1429 0.0068
153 0.4695 0.2271 0.0518 0.2166 0.0351
154 0.2075 0.1494 0.0921 0.4900 0.0609
155 0.1501 0.3228 0.1489 0.3601 0.0182
156 0.4414 0.2085 0.0495 0.1826 0.1179
157 0.5327 0.1743 0.1057 0.1637 0.0238
158 0.0627 0.3726 0.5503 0.0121 0.0023
159 0.2695 0.2286 0.2715 0.1971 0.0332
160 0.3652 0.2844 0.2339 0.0436 0.0730
161 0.1755 0.6675 0.0671 0.0883 0.0015
162 0.1403 0.6904 0.1470 0.0207 0.0014
163 0.3911 0.3972 0.1484 0.0614 0.0019
164 0.1209 0.4709 0.3813 0.0227 0.0042
165 0.2627 0.6870 0.0334 0.0138 0.0029
166 0.1591 0.4824 0.1339 0.2174 0.0071
167 0.3071 0.3794 0.2449 0.0453 0.0233
168 0.3164 0.2141 0.4094 0.0341 0.0258
169 0.2274 0.4890 0.0374 0.2458 0.0003
170 0.2922 0.4055 0.1025 0.1017 0.0978
171 0.3040 0.0608 0.2241 0.3638 0.0473
172 0.2491 0.4954 0.2251 0.0239 0.0064
173 0.5410 0.1599 0.0507 0.1990 0.0495
174 0.1772 0.4597 0.2294 0.1317 0.0022
175 0.3179 0.3330 0.1561 0.0977 0.0954
176 0.0421 0.6431 0.2578 0.0524 0.0049
177 0.1257 0.0787 0.2073 0.5210 0.0673
178 0.1677 0.5898 0.1423 0.0891 0.0111
179 0.3740 0.3149 0.2034 0.0692 0.0385
180 0.3853 0.3677 0.0801 0.1462 0.0207
181 0.1162 0.4490 0.2292 0.1731 0.0325
182 0.2280 0.4226 0.2666 0.0679 0.0147
183 0.0706 0.0585 0.1278 0.7354 0.0080
184 0.0393 0.0648 0.2861 0.6060 0.0040
185 0.1318 0.5464 0.2878 0.0264 0.0074
186 0.4265 0.4199 0.0486 0.0847 0.0204
187 0.1838 0.5981 0.0835 0.0749 0.0597
188 0.1144 0.0473 0.0229 0.8130 0.0026
189 0.4292 0.2605 0.2974 0.0078 0.0052
190 0.0251 0.5981 0.1254 0.2417 0.0094
191 0.1172 0.5337 0.0734 0.2539 0.0220
192 0.3115 0.3877 0.1173 0.1681 0.0155
193 0.0575 0.4180 0.3865 0.1315 0.0065
194 0.2688 0.1906 0.1028 0.4294 0.0084
195 0.1548 0.2551 0.1432 0.4341 0.0128
196 0.3857 0.4043 0.0426 0.1272 0.0400
197 0.1290 0.6870 0.0501 0.1321 0.0019
198 0.0115 0.8135 0.0613 0.1136 0.0002
199 0.2625 0.4431 0.1155 0.1721 0.0068
200 0.1048 0.5200 0.3411 0.0291 0.0051
201 0.2408 0.5913 0.0595 0.1012 0.0069
202 0.2098 0.1313 0.1047 0.5361 0.0181
203 0.5586 0.1946 0.1370 0.0963 0.0134
204 0.8340 0.0723 0.0453 0.0372 0.0113
205 0.2644 0.6855 0.0381 0.0111 0.0009
206 0.2026 0.1093 0.2107 0.4531 0.0244
207 0.1868 0.1064 0.2915 0.3955 0.0198
208 0.2634 0.2218 0.2983 0.1926 0.0237
209 0.3123 0.1559 0.1780 0.3247 0.0291
210 0.3943 0.2111 0.1300 0.2585 0.0060
211 0.0936 0.5562 0.2126 0.1290 0.0088
212 0.1880 0.3198 0.1970 0.2629 0.0322
213 0.1248 0.2426 0.2683 0.3447 0.0196
214 0.1116 0.5449 0.1990 0.1274 0.0168
215 0.5000 0.2986 0.1274 0.0343 0.0395
216 0.4341 0.0903 0.3176 0.1039 0.0543
217 0.4502 0.1736 0.2094 0.0922 0.0746
218 0.4768 0.1399 0.2417 0.1151 0.0265
219 0.2046 0.2842 0.2468 0.2318 0.0326
