time exciting_prob fearful_prob tense_prob sad_prob relaxing_prob
0 0.0981 0.0951 0.3645 0.4001 0.0422
1 0.3057 0.0897 0.2476 0.1598 0.1974
2 0.1318 0.1068 0.4673 0.1414 0.1528
3 0.0456 0.0712 0.1230 0.6597 0.1004
4 0.1296 0.1436 0.4387 0.2089 0.0793
5 0.0365 0.0897 0.1367 0.5669 0.1702
6 0.0557 0.1945 0.1216 0.4180 0.2102
7 0.0538 0.1407 0.6211 0.0522 0.1322
8 0.2642 0.0537 0.2561 0.3088 0.1172
9 0.0874 0.1376 0.3147 0.3350 0.1252
10 0.1065 0.4414 0.4277 0.0218 0.0026
11 0.0470 0.1566 0.2583 0.5137 0.0246
12 0.0568 0.1631 0.6060 0.1250 0.0493
13 0.0937 0.1342 0.2393 0.4199 0.1130
14 0.0797 0.0265 0.3328 0.2673 0.2937
15 0.1243 0.0200 0.2512 0.4546 0.1499
16 0.3000 0.0453 0.3733 0.1792 0.1021
17 0.1951 0.1270 0.4260 0.1862 0.0659
18 0.2141 0.1299 0.4001 0.1506 0.1052
19 0.0725 0.1022 0.5703 0.2233 0.0317
20 0.2330 0.1917 0.1652 0.3552 0.0549
21 0.0238 0.0531 0.6890 0.2101 0.0243
22 0.1302 0.0171 0.2323 0.2434 0.3770
23 0.1481 0.1704 0.4421 0.1758 0.0637
24 0.2998 0.0273 0.1331 0.4868 0.0529
25 0.1523 0.1500 0.1838 0.4551 0.0587
26 0.0521 0.1395 0.2336 0.5264 0.0482
27 0.0938 0.0269 0.1545 0.5654 0.1594
28 0.0870 0.0371 0.3665 0.3389 0.1704
29 0.1033 0.1368 0.6230 0.1207 0.0163
30 0.0814 0.0777 0.6304 0.0881 0.1223
31 0.1901 0.1066 0.3840 0.2222 0.0971
32 0.2126 0.0880 0.3506 0.1581 0.1907
33 0.0747 0.0639 0.7197 0.0747 0.0670
34 0.0987 0.1678 0.5093 0.2122 0.0122
35 0.1057 0.2656 0.4277 0.1305 0.0704
36 0.1268 0.1732 0.5298 0.1154 0.0550
37 0.0759 0.0482 0.2527 0.2063 0.4167
38 0.0170 0.0616 0.3777 0.5327 0.0112
39 0.1948 0.1774 0.3018 0.2502 0.0757
40 0.1619 0.0266 0.2712 0.5146 0.0258
41 0.1061 0.0266 0.2111 0.6396 0.0164
42 0.1115 0.0423 0.4917 0.3486 0.0057
43 0.2678 0.0641 0.1885 0.3606 0.1189
44 0.0484 0.0941 0.7061 0.1390 0.0127
45 0.0650 0.1583 0.5977 0.1660 0.0129
46 0.1498 0.0703 0.3223 0.3887 0.0692
47 0.1497 0.0989 0.4868 0.1682 0.0966
48 0.1917 0.1403 0.5127 0.1237 0.0315
49 0.0761 0.1124 0.3926 0.3987 0.0203
50 0.2639 0.2681 0.2292 0.0863 0.1527
51 0.0746 0.1320 0.3672 0.2729 0.1531
52 0.1509 0.0753 0.4685 0.2356 0.0696
53 0.2062 0.2954 0.3296 0.1147 0.0542
54 0.0701 0.1212 0.3506 0.4431 0.0150
55 0.0627 0.1995 0.3726 0.2856 0.0793
56 0.0645 0.0597 0.3379 0.5234 0.0144
57 0.0752 0.0542 0.4534 0.4065 0.0107
58 0.0412 0.0347 0.2335 0.6758 0.0147
59 0.1342 0.1241 0.5308 0.1544 0.0568
60 0.0605 0.0479 0.3271 0.5396 0.0248
61 0.1638 0.0462 0.2788 0.4741 0.0371
62 0.1548 0.0437 0.5532 0.2306 0.0179
63 0.2001 0.0260 0.2734 0.4690 0.0314
64 0.1420 0.1088 0.5400 0.1302 0.0790
65 0.0760 0.1123 0.5791 0.2034 0.0291
66 0.0925 0.0803 0.4517 0.3408 0.0345
67 0.1154 0.0831 0.3726 0.3137 0.1154
68 0.0566 0.1515 0.3838 0.2256 0.1826
69 0.0905 0.1287 0.5332 0.2404 0.0073
70 0.0504 0.1003 0.4937 0.3188 0.0369
71 0.1396 0.0432 0.3916 0.1521 0.2734
72 0.0896 0.0709 0.6724 0.1432 0.0237
73 0.1626 0.1403 0.5811 0.0532 0.0627
74 0.1273 0.1477 0.4731 0.2133 0.0385
75 0.0471 0.2029 0.6548 0.0634 0.0319
76 0.1520 0.0669 0.4680 0.2666 0.0464
77 0.2498 0.0365 0.3035 0.3386 0.0715
78 0.3491 0.0444 0.3987 0.1840 0.0239
79 0.2020 0.0385 0.2654 0.4551 0.0388
80 0.0981 0.1004 0.2352 0.0525 0.5137
81 0.1847 0.0372 0.3970 0.3672 0.0139
82 0.0677 0.2383 0.6274 0.0448 0.0217
83 0.1570 0.0542 0.6064 0.1251 0.0573
84 0.1296 0.0728 0.3262 0.4253 0.0462
85 0.2170 0.3550 0.1871 0.1539 0.0870
86 0.2307 0.1116 0.2871 0.3357 0.0351
87 0.1422 0.0465 0.6572 0.1169 0.0371
88 0.1418 0.1475 0.3855 0.1938 0.1312
89 0.0872 0.1948 0.6099 0.0668 0.0415
90 0.1007 0.0556 0.5664 0.2593 0.0182
91 0.1233 0.1122 0.3198 0.1711 0.2734
92 0.3154 0.0842 0.2874 0.2382 0.0750
93 0.0936 0.1320 0.3118 0.4326 0.0301
94 0.1488 0.0630 0.3625 0.2491 0.1766
95 0.0964 0.1772 0.4187 0.2969 0.0109
96 0.0547 0.0946 0.4045 0.4045 0.0417
97 0.0818 0.1328 0.2277 0.5376 0.0199
98 0.1326 0.1226 0.3774 0.2720 0.0955
99 0.1132 0.0560 0.3433 0.4692 0.0183
100 0.3674 0.1193 0.1021 0.3882 0.0229
101 0.0663 0.1288 0.5098 0.2075 0.0878
102 0.0793 0.1111 0.5864 0.2124 0.0107
103 0.1094 0.1027 0.5552 0.2075 0.0250
104 0.1549 0.0687 0.3955 0.3489 0.0320
105 0.1055 0.0565 0.2378 0.5703 0.0298
106 0.0769 0.0336 0.2483 0.6050 0.0363
107 0.0704 0.1588 0.4521 0.2920 0.0265
108 0.0359 0.0947 0.3057 0.5200 0.0440
109 0.2115 0.0479 0.2018 0.5151 0.0234
110 0.0206 0.3347 0.4036 0.2030 0.0381
111 0.2847 0.1023 0.3032 0.2067 0.1031
112 0.1569 0.3025 0.3762 0.1212 0.0432
113 0.1935 0.0198 0.1036 0.6147 0.0684
114 0.1409 0.1123 0.3276 0.4014 0.0179
115 0.0858 0.0134 0.5342 0.3240 0.0428
116 0.0907 0.0493 0.2427 0.6006 0.0168
117 0.0906 0.1019 0.1733 0.5337 0.1003
118 0.0973 0.2043 0.5259 0.0928 0.0794
119 0.2864 0.0989 0.1581 0.1658 0.2908
120 0.0554 0.0794 0.3291 0.3396 0.1965
121 0.0831 0.1626 0.5498 0.1731 0.0313
122 0.1093 0.0387 0.4321 0.4124 0.0074
123 0.1088 0.0565 0.3250 0.4238 0.0861
124 0.2556 0.0499 0.1467 0.5005 0.0473
125 0.2269 0.0692 0.1896 0.3799 0.1344
126 0.2230 0.0615 0.3564 0.3171 0.0419
127 0.0807 0.0958 0.2605 0.1270 0.4360
128 0.2563 0.0266 0.1936 0.4717 0.0517
129 0.3577 0.0607 0.2764 0.1650 0.1401
130 0.0737 0.1105 0.6562 0.0822 0.0772
131 0.2247 0.1139 0.3975 0.2527 0.0112
132 0.2418 0.0507 0.3357 0.3254 0.0465
133 0.0888 0.1376 0.4583 0.2131 0.1022
134 0.0494 0.0337 0.3323 0.5742 0.0107
135 0.0559 0.1013 0.4070 0.4006 0.0350
136 0.1333 0.0475 0.3979 0.3918 0.0295
137 0.1454 0.0815 0.4272 0.2715 0.0742
138 0.1366 0.0743 0.1598 0.5889 0.0404
139 0.0539 0.0961 0.2961 0.2235 0.3303
140 0.1125 0.2418 0.3987 0.0767 0.1702
141 0.1006 0.0201 0.0975 0.7432 0.0385
142 0.1337 0.0301 0.1664 0.6377 0.0320
143 0.1447 0.0184 0.2539 0.5547 0.0285
144 0.0523 0.0816 0.5000 0.3330 0.0332
145 0.1288 0.0497 0.3188 0.4224 0.0806
146 0.1860 0.0156 0.2793 0.4675 0.0516
147 0.0547 0.0125 0.3711 0.5400 0.0216
148 0.0779 0.0404 0.7744 0.0779 0.0291
149 0.1785 0.0139 0.1227 0.6528 0.0323
150 0.2671 0.2146 0.2489 0.0916 0.1779
151 0.0446 0.0859 0.6763 0.1820 0.0114
152 0.1316 0.0677 0.5205 0.2537 0.0265
153 0.0308 0.1519 0.6494 0.1566 0.0115
154 0.2069 0.1378 0.2720 0.2808 0.1025
155 0.3120 0.0479 0.1937 0.3481 0.0982
156 0.3201 0.4478 0.1273 0.0430 0.0620
157 0.2025 0.0689 0.2090 0.3040 0.2156
158 0.1245 0.0410 0.6621 0.1649 0.0073
159 0.2181 0.1123 0.3828 0.2323 0.0543
160 0.2184 0.0215 0.3435 0.3772 0.0395
161 0.1094 0.0306 0.6499 0.1920 0.0181
162 0.1770 0.1108 0.3838 0.2988 0.0296
163 0.1249 0.1427 0.3167 0.3318 0.0839
164 0.1681 0.0628 0.2996 0.4226 0.0470
165 0.1187 0.0698 0.6416 0.1225 0.0472
166 0.0673 0.0652 0.4524 0.3931 0.0220
167 0.0727 0.2347 0.4385 0.1857 0.0683
168 0.0933 0.0738 0.2421 0.5630 0.0280
169 0.1710 0.1311 0.1157 0.5522 0.0300
170 0.1059 0.0787 0.2832 0.4973 0.0349
171 0.0607 0.0750 0.7393 0.0955 0.0298
172 0.2534 0.0476 0.1586 0.4177 0.1226
173 0.1565 0.0818 0.4707 0.2312 0.0598
174 0.2222 0.0823 0.3362 0.2764 0.0830
175 0.1490 0.1057 0.1335 0.5894 0.0225
176 0.2153 0.1412 0.3496 0.2598 0.0341
177 0.1675 0.2515 0.3955 0.1410 0.0447
178 0.1219 0.2191 0.3611 0.1437 0.1542
179 0.1602 0.1257 0.2834 0.3088 0.1219
180 0.2206 0.0642 0.4456 0.2172 0.0524
181 0.0472 0.0731 0.1169 0.6831 0.0797
182 0.2998 0.0789 0.4465 0.1193 0.0555
183 0.3376 0.0423 0.3027 0.2671 0.0502
184 0.1333 0.1534 0.4338 0.1780 0.1014
185 0.1721 0.0456 0.2708 0.4680 0.0435
186 0.1521 0.0814 0.3765 0.2932 0.0967
187 0.1307 0.1190 0.3667 0.2993 0.0844
188 0.0232 0.1160 0.3574 0.4448 0.0583
189 0.1290 0.1520 0.3882 0.2391 0.0915
190 0.1664 0.1082 0.4084 0.2637 0.0532
191 0.0326 0.0949 0.3696 0.4600 0.0428
192 0.1089 0.2986 0.3491 0.1345 0.1089
193 0.0323 0.0768 0.4670 0.3994 0.0246
194 0.0889 0.1511 0.3889 0.3379 0.0332
195 0.0417 0.0392 0.6279 0.2170 0.0739
196 0.0901 0.0359 0.5830 0.1375 0.1533
197 0.1799 0.0532 0.1915 0.5630 0.0125
198 0.0918 0.0484 0.2742 0.5283 0.0574
199 0.1294 0.1056 0.3804 0.3572 0.0275
200 0.7573 0.0082 0.0303 0.1914 0.0128
201 0.4951 0.0064 0.0367 0.4507 0.0109
202 0.5083 0.0075 0.0473 0.4280 0.0092
203 0.1439 0.5020 0.0900 0.2448 0.0192
