time exciting_prob fearful_prob tense_prob sad_prob relaxing_prob
0 0.0671 0.0798 0.1854 0.1715 0.4961
1 0.1115 0.1700 0.4207 0.2148 0.0828
2 0.1125 0.1125 0.3750 0.2576 0.1423
3 0.0509 0.1643 0.4128 0.1094 0.2625
4 0.1322 0.1765 0.5308 0.0230 0.1375
5 0.1191 0.1530 0.5420 0.1191 0.0668
6 0.0942 0.3391 0.4783 0.0745 0.0138
7 0.0994 0.1978 0.3110 0.1042 0.2876
8 0.1597 0.1376 0.3486 0.1476 0.2065
9 0.0417 0.1600 0.5249 0.1083 0.1652
10 0.0644 0.2111 0.6201 0.0568 0.0475
11 0.0793 0.1191 0.2642 0.3557 0.1816
12 0.0952 0.2394 0.2844 0.1262 0.2549
13 0.0545 0.0912 0.1172 0.1136 0.6235
14 0.0487 0.2289 0.1432 0.0388 0.5405
15 0.0598 0.3813 0.2620 0.1692 0.1277
16 0.0143 0.1024 0.6470 0.0164 0.2201
17 0.0084 0.0557 0.3633 0.0276 0.5454
18 0.0039 0.0369 0.1003 0.0316 0.8271
19 0.0043 0.1035 0.1875 0.0504 0.6543
20 0.0057 0.1033 0.1960 0.0315 0.6636
21 0.0061 0.1177 0.2781 0.0454 0.5527
22 0.0037 0.0743 0.1726 0.0666 0.6826
23 0.0045 0.1035 0.2368 0.1459 0.5093
24 0.0060 0.0038 0.0439 0.0072 0.9390
25 0.0154 0.2319 0.6108 0.0801 0.0615
26 0.0117 0.2260 0.6538 0.0378 0.0706
27 0.0341 0.2104 0.5811 0.0652 0.1092
28 0.0226 0.2649 0.5874 0.0833 0.0419
29 0.0168 0.2013 0.6396 0.1061 0.0361
30 0.0125 0.2720 0.5493 0.1285 0.0374
31 0.0085 0.1750 0.5830 0.2015 0.0319
32 0.0104 0.2302 0.6162 0.0783 0.0649
33 0.0013 0.0944 0.1121 0.7905 0.0015
34 0.0068 0.2360 0.4995 0.2473 0.0105
35 0.0108 0.2267 0.3247 0.4302 0.0077
36 0.0099 0.3853 0.3618 0.2301 0.0129
37 0.0610 0.1046 0.6606 0.1671 0.0066
38 0.0582 0.2078 0.6655 0.0419 0.0266
39 0.0325 0.0970 0.1526 0.0444 0.6733
40 0.0052 0.0444 0.0626 0.0363 0.8516
41 0.0012 0.0021 0.0039 0.0013 0.9912
42 0.0016 0.0018 0.0035 0.0009 0.9922
43 0.0332 0.1570 0.4912 0.2321 0.0867
44 0.0835 0.2847 0.4207 0.0515 0.1597
45 0.0243 0.4236 0.3857 0.0681 0.0983
46 0.0124 0.4810 0.3057 0.1378 0.0631
47 0.0112 0.3706 0.3374 0.2507 0.0300
48 0.0121 0.0323 0.1694 0.0729 0.7134
49 0.0224 0.1238 0.2703 0.1447 0.4387
50 0.0109 0.1014 0.1595 0.0239 0.7041
51 0.0136 0.0193 0.0615 0.0436 0.8618
52 0.0096 0.0184 0.0533 0.0170 0.9014
53 0.0186 0.0231 0.1019 0.0161 0.8403
54 0.0096 0.0055 0.0616 0.0320 0.8911
55 0.0258 0.0396 0.1519 0.0355 0.7471
56 0.0257 0.0320 0.1326 0.0588 0.7510
57 0.0161 0.0142 0.0535 0.0257 0.8906
58 0.0047 0.0036 0.0222 0.0126 0.9570
59 0.0141 0.0161 0.0357 0.0266 0.9077
60 0.0305 0.2917 0.5200 0.1421 0.0158
61 0.0182 0.4744 0.3015 0.1744 0.0315
62 0.0338 0.1610 0.4277 0.2939 0.0836
63 0.0193 0.2250 0.6309 0.0708 0.0539
64 0.0077 0.1798 0.2203 0.4521 0.1400
65 0.0152 0.0335 0.1033 0.2053 0.6426
66 0.1089 0.2983 0.4407 0.0999 0.0522
67 0.0591 0.3511 0.5029 0.0416 0.0450
68 0.0299 0.2487 0.4944 0.1631 0.0638
69 0.0531 0.1660 0.4443 0.2532 0.0835
70 0.0171 0.2527 0.3853 0.3096 0.0356
71 0.0198 0.2200 0.3252 0.4048 0.0302
72 0.0177 0.1626 0.3550 0.4216 0.0431
73 0.0080 0.1783 0.3833 0.4146 0.0158
74 0.0092 0.2072 0.3159 0.4387 0.0289
75 0.0097 0.1956 0.3274 0.4270 0.0403
76 0.0055 0.1295 0.2617 0.5713 0.0320
77 0.0168 0.1688 0.4312 0.2272 0.1561
78 0.0146 0.1885 0.3467 0.3413 0.1091
79 0.0046 0.1495 0.1221 0.6499 0.0740
80 0.0049 0.1060 0.1201 0.6196 0.1494
81 0.0039 0.0674 0.0852 0.1299 0.7134
82 0.0030 0.0163 0.0543 0.0635 0.8628
83 0.0053 0.0942 0.1932 0.2367 0.4707
84 0.0046 0.0521 0.1155 0.0505 0.7773
85 0.0086 0.0181 0.0532 0.0211 0.8989
86 0.0076 0.0154 0.0269 0.0182 0.9321
87 0.0054 0.0172 0.0377 0.0275 0.9121
88 0.0346 0.4482 0.2720 0.2151 0.0300
89 0.0134 0.4626 0.2477 0.2637 0.0127
90 0.0637 0.2120 0.3284 0.2479 0.1481
91 0.0349 0.0371 0.2744 0.6382 0.0156
92 0.0556 0.1559 0.5439 0.1660 0.0784
93 0.1378 0.1637 0.3179 0.1586 0.2219
94 0.0133 0.1588 0.1614 0.0383 0.6284
95 0.0102 0.1975 0.1689 0.0607 0.5625
96 0.0122 0.1909 0.1195 0.1333 0.5439
97 0.0164 0.2515 0.2150 0.0760 0.4412
98 0.0167 0.2218 0.1254 0.0518 0.5845
99 0.0195 0.2820 0.1406 0.0231 0.5347
100 0.0261 0.3203 0.1687 0.0263 0.4587
101 0.0113 0.2378 0.1794 0.1273 0.4441
102 0.0244 0.2859 0.1289 0.0347 0.5259
103 0.0305 0.2573 0.1355 0.0407 0.5361
104 0.0186 0.2064 0.1354 0.1122 0.5273
105 0.0329 0.1970 0.1534 0.0373 0.5791
106 0.0323 0.5518 0.2524 0.1581 0.0054
107 0.0354 0.3994 0.2681 0.2876 0.0095
108 0.0562 0.3440 0.2896 0.1703 0.1400
109 0.0163 0.1986 0.3770 0.2510 0.1571
110 0.0041 0.1926 0.2983 0.4141 0.0909
111 0.0243 0.3230 0.3547 0.2720 0.0261
112 0.0270 0.5688 0.3560 0.0415 0.0065
113 0.0186 0.4441 0.3301 0.2002 0.0072
114 0.0520 0.3340 0.3613 0.2157 0.0369
115 0.0310 0.4739 0.2830 0.2007 0.0113
116 0.0211 0.3955 0.5000 0.0755 0.0077
117 0.0193 0.3940 0.5142 0.0563 0.0164
118 0.0363 0.1393 0.3237 0.2949 0.2058
119 0.0221 0.0833 0.3296 0.3621 0.2030
120 0.0134 0.0579 0.2893 0.4695 0.1700
121 0.0157 0.0956 0.2808 0.4023 0.2054
122 0.0211 0.1064 0.2803 0.3330 0.2593
123 0.0232 0.1178 0.2783 0.2654 0.3152
124 0.0033 0.0439 0.1038 0.2130 0.6357
125 0.0087 0.0877 0.3933 0.0210 0.4893
126 0.0078 0.1849 0.3296 0.0675 0.4102
127 0.0066 0.0828 0.1956 0.0635 0.6514
128 0.0028 0.0187 0.0492 0.0289 0.9004
129 0.0386 0.2155 0.0857 0.2639 0.3962
130 0.0371 0.2201 0.1294 0.3862 0.2271
131 0.0248 0.2139 0.2173 0.4124 0.1318
132 0.0450 0.1986 0.1753 0.3596 0.2216
133 0.0042 0.0246 0.0321 0.0153 0.9238
134 0.0055 0.0496 0.0677 0.0519 0.8252
135 0.0070 0.0939 0.1031 0.0578 0.7383
136 0.0074 0.0887 0.1251 0.1332 0.6455
137 0.0495 0.5156 0.3408 0.0842 0.0097
138 0.0452 0.4971 0.3694 0.0756 0.0126
139 0.0410 0.3625 0.4043 0.1621 0.0300
140 0.0405 0.6431 0.2311 0.0603 0.0251
141 0.0361 0.5303 0.2930 0.0873 0.0533
142 0.0691 0.3884 0.4104 0.0639 0.0681
143 0.0348 0.4204 0.3770 0.1168 0.0510
144 0.0189 0.0460 0.3560 0.0103 0.5688
145 0.0355 0.1603 0.5420 0.0806 0.1816
146 0.0102 0.4690 0.2891 0.2147 0.0171
147 0.0046 0.1519 0.1028 0.7358 0.0046
148 0.0061 0.0929 0.2161 0.3452 0.3398
149 0.0089 0.1798 0.1562 0.4382 0.2169
150 0.0115 0.2100 0.1636 0.2167 0.3984
151 0.0074 0.0625 0.0999 0.0450 0.7852
152 0.1101 0.5132 0.2313 0.1209 0.0246
153 0.0864 0.5332 0.2405 0.0956 0.0441
154 0.0547 0.3352 0.3223 0.2610 0.0267
155 0.1791 0.1937 0.2861 0.1532 0.1877
156 0.1208 0.2703 0.2578 0.1338 0.2172
157 0.1331 0.2045 0.3372 0.1270 0.1982
158 0.0898 0.2482 0.3784 0.0964 0.1873
159 0.1064 0.2825 0.3684 0.1007 0.1421
160 0.0883 0.3357 0.3687 0.0903 0.1169
161 0.0856 0.4116 0.2852 0.1189 0.0986
162 0.0432 0.4006 0.3218 0.1833 0.0509
163 0.0283 0.4160 0.4714 0.0758 0.0083
164 0.0222 0.4019 0.4924 0.0767 0.0067
165 0.0027 0.0289 0.0239 0.0038 0.9409
166 0.0046 0.0600 0.0446 0.0085 0.8823
167 0.0031 0.0557 0.0462 0.0101 0.8848
168 0.0062 0.2308 0.0918 0.0135 0.6577
169 0.0080 0.1177 0.0861 0.0085 0.7798
170 0.0042 0.1076 0.0965 0.0209 0.7710
171 0.0316 0.2157 0.4426 0.2859 0.0242
172 0.0332 0.4407 0.3950 0.1097 0.0216
173 0.0094 0.0720 0.1674 0.6934 0.0578
174 0.0215 0.1456 0.5161 0.1207 0.1959
175 0.0130 0.0997 0.5562 0.2179 0.1130
176 0.0093 0.0862 0.3865 0.2168 0.3010
177 0.0082 0.0936 0.3704 0.0595 0.4683
178 0.0308 0.3875 0.4124 0.1589 0.0105
179 0.0160 0.5181 0.3848 0.0623 0.0189
180 0.0313 0.0979 0.6904 0.0812 0.0994
181 0.0116 0.2069 0.6079 0.1357 0.0377
182 0.0231 0.1577 0.5591 0.2123 0.0477
183 0.0114 0.2129 0.6162 0.1418 0.0179
184 0.0267 0.1316 0.2383 0.3577 0.2458
185 0.0223 0.1071 0.1659 0.4043 0.3005
186 0.0252 0.0236 0.1210 0.0161 0.8140
187 0.0119 0.0249 0.1431 0.0708 0.7495
188 0.0205 0.0278 0.1360 0.0212 0.7944
189 0.0400 0.1387 0.6719 0.0271 0.1224
190 0.0357 0.1335 0.6890 0.0276 0.1143
191 0.0135 0.1757 0.4851 0.1527 0.1730
192 0.0386 0.1091 0.6787 0.0245 0.1490
193 0.0178 0.1370 0.5947 0.0688 0.1814
194 0.0317 0.0855 0.6567 0.0465 0.1796
195 0.0229 0.1147 0.7310 0.0288 0.1028
196 0.0224 0.1068 0.5688 0.0537 0.2484
197 0.0542 0.0782 0.3020 0.0752 0.4902
198 0.0345 0.1015 0.3542 0.0754 0.4341
199 0.0405 0.2966 0.4182 0.0646 0.1799
200 0.0139 0.1322 0.4763 0.1343 0.2433
201 0.0104 0.0392 0.2554 0.4697 0.2253
202 0.0398 0.3357 0.1040 0.4963 0.0241
203 0.0219 0.0453 0.2000 0.4507 0.2820
204 0.0049 0.0114 0.0928 0.0886 0.8022
205 0.0225 0.0469 0.3687 0.0253 0.5366
206 0.0182 0.0349 0.1639 0.0126 0.7700
207 0.0053 0.0160 0.0683 0.0111 0.8994
208 0.0050 0.0214 0.1019 0.0183 0.8535
209 0.0067 0.0677 0.1841 0.2086 0.5327
210 0.0092 0.3027 0.4336 0.0649 0.1895
211 0.0061 0.1190 0.5337 0.0689 0.2725
212 0.0083 0.0795 0.2487 0.0482 0.6152
213 0.0062 0.1102 0.4290 0.1309 0.3237
214 0.0170 0.1388 0.4077 0.2183 0.2183
215 0.0105 0.1388 0.5664 0.1500 0.1345
216 0.0101 0.1589 0.2925 0.3640 0.1746
217 0.0056 0.1298 0.2922 0.5132 0.0594
218 0.0320 0.1236 0.4180 0.0631 0.3633
219 0.0088 0.1362 0.1077 0.0109 0.7363
220 0.0081 0.1318 0.1298 0.0285 0.7017
221 0.0088 0.2627 0.2078 0.0226 0.4983
222 0.0062 0.0188 0.1188 0.4214 0.4348
223 0.0092 0.0427 0.2498 0.2460 0.4524
224 0.0086 0.0812 0.3113 0.3640 0.2350
225 0.0154 0.0699 0.3662 0.2678 0.2808
226 0.0200 0.1433 0.5664 0.0804 0.1898
227 0.0045 0.0589 0.1287 0.7881 0.0197
228 0.0165 0.2554 0.3774 0.2986 0.0519
229 0.0137 0.1226 0.2400 0.2634 0.3601
230 0.0052 0.1748 0.2465 0.1340 0.4395
231 0.0066 0.2079 0.2356 0.1301 0.4199
232 0.0069 0.1436 0.3088 0.1963 0.3445
233 0.0039 0.0539 0.1941 0.1215 0.6265
234 0.0055 0.1462 0.1821 0.1938 0.4722
235 0.0051 0.1602 0.1815 0.3088 0.3445
236 0.0045 0.1664 0.2136 0.2103 0.4053
237 0.0058 0.2666 0.2708 0.3267 0.1300
238 0.0050 0.2000 0.2690 0.2527 0.2732
239 0.0037 0.1630 0.1875 0.5601 0.0859
240 0.0040 0.1351 0.1310 0.6650 0.0648
241 0.2462 0.1448 0.1238 0.4321 0.0533
242 0.2529 0.5786 0.0814 0.0479 0.0391
243 0.2642 0.5640 0.0769 0.0594 0.0358
244 0.2651 0.5610 0.0765 0.0610 0.0362
245 0.3198 0.5190 0.0697 0.0630 0.0282
246 0.2428 0.4753 0.1174 0.1086 0.0559
247 0.2037 0.2830 0.2496 0.2310 0.0327
