time exciting_prob fearful_prob tense_prob sad_prob relaxing_prob
0 0.2037 0.2830 0.2496 0.2310 0.0327
1 0.1877 0.0331 0.1937 0.5605 0.0246
2 0.2600 0.2294 0.2443 0.2520 0.0144
3 0.4543 0.0127 0.0433 0.4836 0.0061
4 0.6689 0.0257 0.0399 0.2620 0.0038
5 0.2445 0.0318 0.0168 0.3728 0.3342
6 0.3708 0.0494 0.0212 0.2047 0.3538
7 0.4924 0.0704 0.0317 0.1160 0.2896
8 0.0640 0.1272 0.2913 0.0373 0.4802
9 0.6797 0.0374 0.2277 0.0234 0.0320
10 0.7949 0.0244 0.1494 0.0180 0.0134
11 0.8101 0.0309 0.1396 0.0130 0.0063
12 0.5020 0.3020 0.0712 0.1183 0.0064
13 0.5508 0.3845 0.0186 0.0452 0.0007
14 0.2656 0.3154 0.3411 0.0761 0.0017
15 0.4849 0.2988 0.2021 0.0118 0.0026
16 0.2590 0.0692 0.2695 0.1824 0.2200
17 0.1741 0.0539 0.3657 0.2455 0.1610
18 0.4707 0.0261 0.2240 0.1100 0.1691
19 0.2932 0.1113 0.3428 0.2046 0.0482
20 0.2411 0.2112 0.4231 0.0930 0.0316
21 0.4763 0.0809 0.1909 0.1387 0.1132
22 0.0796 0.3855 0.2866 0.1765 0.0719
23 0.1050 0.3840 0.4351 0.0673 0.0087
24 0.1234 0.1454 0.5405 0.1648 0.0261
25 0.3154 0.3464 0.2118 0.1032 0.0230
26 0.1410 0.1466 0.4309 0.0961 0.1853
27 0.0381 0.0442 0.8408 0.0432 0.0334
28 0.1678 0.0972 0.3391 0.2073 0.1887
29 0.5347 0.1543 0.2354 0.0629 0.0131
30 0.3792 0.2030 0.2300 0.1300 0.0577
31 0.3943 0.1697 0.3269 0.0847 0.0244
32 0.2140 0.1934 0.3315 0.1859 0.0751
33 0.1987 0.2217 0.3801 0.1254 0.0743
34 0.1874 0.0481 0.5952 0.1415 0.0276
35 0.3088 0.3088 0.2878 0.0622 0.0325
36 0.0261 0.1107 0.6030 0.2253 0.0348
37 0.2603 0.3818 0.1875 0.1667 0.0035
38 0.3862 0.0630 0.3408 0.0574 0.1525
39 0.2146 0.0564 0.5610 0.1440 0.0241
40 0.1724 0.2776 0.3855 0.1292 0.0356
41 0.0395 0.4114 0.2871 0.0383 0.2236
42 0.0644 0.1462 0.5967 0.1581 0.0347
43 0.1189 0.2659 0.2830 0.0978 0.2346
44 0.2927 0.1210 0.3970 0.1506 0.0387
45 0.2144 0.0758 0.5181 0.1532 0.0384
46 0.2576 0.0365 0.5581 0.0962 0.0519
47 0.3860 0.0703 0.4014 0.0931 0.0491
48 0.0641 0.1492 0.6953 0.0750 0.0165
49 0.2571 0.1699 0.4075 0.0834 0.0822
50 0.0690 0.2045 0.3940 0.3069 0.0256
51 0.1027 0.2583 0.2244 0.0504 0.3643
52 0.0703 0.1215 0.5708 0.1377 0.0999
53 0.0465 0.2869 0.2915 0.3684 0.0069
54 0.0900 0.1694 0.1372 0.1052 0.4980
55 0.1149 0.5786 0.2321 0.0518 0.0226
56 0.0844 0.7520 0.1058 0.0313 0.0267
57 0.1653 0.0799 0.5171 0.1947 0.0431
58 0.0468 0.2163 0.3679 0.3511 0.0180
59 0.1499 0.2378 0.3174 0.2491 0.0457
60 0.2893 0.1215 0.3381 0.1080 0.1432
61 0.0570 0.7690 0.1274 0.0257 0.0210
62 0.3796 0.1633 0.2322 0.1185 0.1063
63 0.1885 0.0904 0.1870 0.1929 0.3413
64 0.2294 0.2189 0.3523 0.1564 0.0431
65 0.3604 0.1389 0.1702 0.1284 0.2021
66 0.0928 0.1630 0.6152 0.0782 0.0509
67 0.1957 0.3772 0.3923 0.0094 0.0253
68 0.3684 0.3276 0.1824 0.0882 0.0335
69 0.3174 0.0610 0.5615 0.0433 0.0170
70 0.2527 0.2391 0.2527 0.1833 0.0724
71 0.3618 0.1121 0.4504 0.0419 0.0337
72 0.4194 0.0813 0.2974 0.1567 0.0449
73 0.1930 0.0557 0.6631 0.0562 0.0320
74 0.1967 0.1310 0.1310 0.5103 0.0311
75 0.3010 0.4021 0.1503 0.0495 0.0970
76 0.0653 0.4226 0.4429 0.0153 0.0541
77 0.4302 0.0307 0.1909 0.3003 0.0479
78 0.4399 0.0634 0.4133 0.0475 0.0358
79 0.1335 0.2515 0.5117 0.0465 0.0570
80 0.0717 0.1978 0.3337 0.3782 0.0185
81 0.1582 0.1062 0.3650 0.3594 0.0114
82 0.1309 0.0301 0.1818 0.6445 0.0129
83 0.5415 0.0948 0.2900 0.0445 0.0289
84 0.3799 0.1781 0.2847 0.0552 0.1022
85 0.4414 0.2006 0.1929 0.0218 0.1433
86 0.2096 0.3376 0.2798 0.1582 0.0147
87 0.4219 0.2559 0.2559 0.0231 0.0434
88 0.1122 0.2568 0.5396 0.0198 0.0714
89 0.4502 0.2505 0.2281 0.0248 0.0464
90 0.4792 0.0958 0.1791 0.1021 0.1439
91 0.2583 0.1733 0.1438 0.3643 0.0604
92 0.4819 0.1145 0.2769 0.0474 0.0793
93 0.5479 0.1737 0.1545 0.0212 0.1029
94 0.4597 0.2312 0.0884 0.0349 0.1858
95 0.2681 0.1359 0.3284 0.2517 0.0160
96 0.4431 0.0914 0.2666 0.1052 0.0936
97 0.2301 0.0649 0.6304 0.0577 0.0168
98 0.2052 0.1840 0.4019 0.1675 0.0414
99 0.3098 0.0975 0.4915 0.0547 0.0464
100 0.3337 0.2639 0.2441 0.0180 0.1403
101 0.6421 0.1099 0.1082 0.0398 0.1000
102 0.4211 0.1501 0.3574 0.0611 0.0104
103 0.2430 0.4648 0.2196 0.0100 0.0624
104 0.1447 0.5547 0.2104 0.0301 0.0603
105 0.5664 0.0548 0.3303 0.0365 0.0120
106 0.2321 0.0479 0.6357 0.0665 0.0179
107 0.1359 0.0366 0.6792 0.1401 0.0083
108 0.4192 0.0378 0.4534 0.0674 0.0222
109 0.5454 0.2220 0.1367 0.0395 0.0566
110 0.2668 0.0450 0.5923 0.0707 0.0252
111 0.3257 0.0296 0.4214 0.1855 0.0377
112 0.2411 0.0475 0.4199 0.2468 0.0446
113 0.3093 0.1138 0.5220 0.0467 0.0081
114 0.1960 0.2346 0.2498 0.2944 0.0251
115 0.5015 0.0942 0.1815 0.1068 0.1163
116 0.4534 0.1019 0.1472 0.1667 0.1309
117 0.5952 0.1101 0.1425 0.1172 0.0349
118 0.3677 0.0596 0.4834 0.0505 0.0388
119 0.5430 0.1544 0.1384 0.0873 0.0770
120 0.2917 0.0626 0.5322 0.0955 0.0179
121 0.2316 0.0274 0.6006 0.1220 0.0183
122 0.6367 0.0779 0.1636 0.0556 0.0661
123 0.3481 0.0321 0.2469 0.3171 0.0555
124 0.4475 0.0902 0.3198 0.0916 0.0510
125 0.4741 0.0786 0.3083 0.0584 0.0804
126 0.0703 0.6831 0.1674 0.0332 0.0461
127 0.1423 0.0451 0.3928 0.3157 0.1041
128 0.1737 0.1764 0.4006 0.1290 0.1203
129 0.1398 0.0640 0.6265 0.1523 0.0171
130 0.1929 0.0389 0.2496 0.3777 0.1411
131 0.2532 0.4993 0.1794 0.0423 0.0258
132 0.3945 0.0901 0.3945 0.0724 0.0482
133 0.1689 0.1179 0.5327 0.0756 0.1049
134 0.7578 0.0617 0.0948 0.0504 0.0354
135 0.0776 0.0770 0.0839 0.2391 0.5225
136 0.2544 0.0638 0.2263 0.3425 0.1129
137 0.3279 0.0616 0.3330 0.2399 0.0377
138 0.4775 0.0484 0.2852 0.1423 0.0465
139 0.2214 0.0350 0.3325 0.2888 0.1223
140 0.4509 0.0406 0.3149 0.1344 0.0591
141 0.3608 0.0545 0.4055 0.1058 0.0733
142 0.0318 0.0274 0.8145 0.1102 0.0161
143 0.4641 0.2524 0.2446 0.0279 0.0110
144 0.1593 0.0356 0.5825 0.1212 0.1013
145 0.1240 0.1183 0.2974 0.3940 0.0663
146 0.1560 0.1399 0.4343 0.1675 0.1024
147 0.0795 0.1951 0.3533 0.0020 0.3701
148 0.0286 0.0592 0.7983 0.1047 0.0093
149 0.0382 0.0650 0.0400 0.0136 0.8433
150 0.4182 0.0484 0.3633 0.1161 0.0540
151 0.0970 0.0515 0.1504 0.0112 0.6899
152 0.0811 0.1478 0.6577 0.0325 0.0811
153 0.2822 0.0708 0.4204 0.0645 0.1621
154 0.2688 0.0638 0.4905 0.0047 0.1722
155 0.0957 0.2705 0.1426 0.0723 0.4189
156 0.1001 0.0693 0.6133 0.0317 0.1855
157 0.1174 0.1580 0.6147 0.0663 0.0435
158 0.1654 0.2463 0.2444 0.0668 0.2771
159 0.4290 0.1654 0.3140 0.0341 0.0576
160 0.4297 0.1384 0.2668 0.0381 0.1270
161 0.1014 0.0908 0.0735 0.0027 0.7314
162 0.4055 0.1237 0.3335 0.0282 0.1091
163 0.1409 0.0635 0.0531 0.1398 0.6025
164 0.0977 0.3105 0.0823 0.1169 0.3926
165 0.0995 0.2622 0.1680 0.0349 0.4355
166 0.5825 0.1112 0.2246 0.0361 0.0456
167 0.2291 0.1049 0.3157 0.0063 0.3440
168 0.1925 0.1780 0.4954 0.0725 0.0615
169 0.2795 0.2952 0.1876 0.0707 0.1669
170 0.5371 0.0715 0.3083 0.0473 0.0357
171 0.2573 0.1754 0.4175 0.1254 0.0243
172 0.5132 0.0500 0.3213 0.0276 0.0878
173 0.5391 0.0966 0.3096 0.0209 0.0339
174 0.1209 0.1118 0.4424 0.2993 0.0257
175 0.3306 0.0616 0.4624 0.0911 0.0544
176 0.1228 0.0338 0.0858 0.0112 0.7466
177 0.1866 0.3103 0.3860 0.0097 0.1072
178 0.0093 0.0092 0.0435 0.0075 0.9307
179 0.2302 0.1793 0.1487 0.1223 0.3196
180 0.1835 0.1417 0.5186 0.0915 0.0649
181 0.2271 0.1868 0.4377 0.0552 0.0932
182 0.1367 0.0743 0.4275 0.3303 0.0310
183 0.4702 0.0588 0.3083 0.1256 0.0371
184 0.1935 0.0299 0.5869 0.1592 0.0306
185 0.0707 0.0881 0.5566 0.2000 0.0847
186 0.2129 0.1364 0.4299 0.1232 0.0975
187 0.2191 0.0563 0.5469 0.1309 0.0470
188 0.0730 0.1594 0.5146 0.1984 0.0547
189 0.1744 0.0349 0.2328 0.1126 0.4453
190 0.1958 0.0368 0.2656 0.1245 0.3774
191 0.2314 0.2279 0.3877 0.1350 0.0181
192 0.3306 0.0715 0.3203 0.1284 0.1490
193 0.3782 0.1277 0.3337 0.0733 0.0870
194 0.3057 0.0698 0.1974 0.0992 0.3279
195 0.2396 0.0300 0.3325 0.2800 0.1177
196 0.2496 0.0911 0.4700 0.1812 0.0081
197 0.3936 0.1011 0.4028 0.0642 0.0384
198 0.3247 0.0556 0.4138 0.1711 0.0348
199 0.0942 0.1436 0.5723 0.1505 0.0396
200 0.2542 0.0418 0.4858 0.1719 0.0463
201 0.1423 0.0774 0.3184 0.3840 0.0780
202 0.2729 0.0966 0.3242 0.2335 0.0729
203 0.2598 0.0584 0.6431 0.0213 0.0173
204 0.3145 0.0568 0.2319 0.3621 0.0347
205 0.1101 0.0608 0.6797 0.1154 0.0341
206 0.1520 0.0690 0.5874 0.1670 0.0248
207 0.2435 0.2676 0.3923 0.0327 0.0640
208 0.2900 0.0844 0.5049 0.0812 0.0396
209 0.1294 0.1057 0.5757 0.1467 0.0427
210 0.2264 0.0538 0.3120 0.3704 0.0375
211 0.0263 0.1738 0.6772 0.1114 0.0114
212 0.1482 0.1692 0.5679 0.0308 0.0838
213 0.1902 0.0652 0.5859 0.1257 0.0328
214 0.3328 0.1097 0.4766 0.0388 0.0420
215 0.2722 0.0607 0.5410 0.0657 0.0602
216 0.0630 0.2269 0.4731 0.1866 0.0503
217 0.1560 0.1016 0.5195 0.1636 0.0592
218 0.3245 0.0546 0.4504 0.0981 0.0724
219 0.0804 0.1526 0.5083 0.2477 0.0112
220 0.0834 0.0460 0.8032 0.0297 0.0376
221 0.0627 0.0706 0.6538 0.1382 0.0745
222 0.2007 0.0402 0.3108 0.3750 0.0732
223 0.4160 0.1735 0.3020 0.0326 0.0758
224 0.1609 0.0547 0.6934 0.0282 0.0630
225 0.3342 0.0865 0.5386 0.0272 0.0135
226 0.5596 0.0717 0.2603 0.0886 0.0199
227 0.2671 0.0753 0.5396 0.0777 0.0406
228 0.3506 0.0981 0.1906 0.2883 0.0723
229 0.3345 0.0546 0.3167 0.2544 0.0399
230 0.3867 0.0593 0.3718 0.1189 0.0631
231 0.1049 0.0430 0.4277 0.3774 0.0469
232 0.0800 0.1566 0.5552 0.1603 0.0481
233 0.2408 0.0981 0.4790 0.1351 0.0471
234 0.1163 0.1627 0.3186 0.2991 0.1034
235 0.2878 0.0663 0.3755 0.2350 0.0355
236 0.4568 0.0928 0.3643 0.0154 0.0706
237 0.2354 0.0648 0.5347 0.1111 0.0542
238 0.0604 0.1044 0.4163 0.3911 0.0279
239 0.1327 0.0318 0.4055 0.4055 0.0245
240 0.3621 0.1113 0.4648 0.0468 0.0152
241 0.3071 0.0937 0.3564 0.1594 0.0833
242 0.0648 0.2666 0.5220 0.1220 0.0248
243 0.3569 0.1115 0.4304 0.0506 0.0506
244 0.4165 0.0214 0.3193 0.1936 0.0493
245 0.0981 0.0419 0.5020 0.2861 0.0718
246 0.1417 0.1892 0.5142 0.0826 0.0724
247 0.1198 0.1227 0.2458 0.4702 0.0414
248 0.2468 0.0776 0.5063 0.1166 0.0526
249 0.3691 0.0377 0.3928 0.1676 0.0327
250 0.5591 0.1505 0.2443 0.0099 0.0363
251 0.1888 0.0452 0.4224 0.1844 0.1591
252 0.3374 0.2145 0.3428 0.0551 0.0502
253 0.1099 0.1422 0.5200 0.1990 0.0287
254 0.2949 0.0529 0.5425 0.0800 0.0294
255 0.0793 0.1678 0.6689 0.0441 0.0396
256 0.1904 0.0318 0.6343 0.1011 0.0422
257 0.1255 0.3689 0.4312 0.0368 0.0377
258 0.1855 0.0523 0.4084 0.3386 0.0149
259 0.3484 0.1194 0.3652 0.0724 0.0945
260 0.5703 0.0510 0.3274 0.0356 0.0159
261 0.1230 0.0533 0.6860 0.1230 0.0148
262 0.1382 0.2881 0.3367 0.0921 0.1449
263 0.0681 0.1558 0.6108 0.0654 0.0997
264 0.1234 0.0842 0.4917 0.2512 0.0495
265 0.3779 0.0774 0.3362 0.1100 0.0986
266 0.6982 0.0327 0.1766 0.0724 0.0198
267 0.6587 0.0532 0.1801 0.0589 0.0492
268 0.5415 0.0389 0.3086 0.0652 0.0459
269 0.2500 0.0831 0.5088 0.1034 0.0545
270 0.4412 0.0889 0.3357 0.0749 0.0592
271 0.1440 0.5068 0.3220 0.0079 0.0195
272 0.1310 0.1981 0.3318 0.3115 0.0277
273 0.1500 0.4585 0.3354 0.0353 0.0209
274 0.3306 0.0289 0.5278 0.0848 0.0278
275 0.3718 0.0380 0.4775 0.0738 0.0389
276 0.5098 0.0352 0.3879 0.0467 0.0204
277 0.1669 0.2177 0.1340 0.4329 0.0486
