time exciting_prob fearful_prob tense_prob sad_prob relaxing_prob
0 0.2307 0.1040 0.1315 0.4517 0.0823
1 0.1272 0.0771 0.2340 0.5190 0.0423
2 0.1552 0.0627 0.1576 0.5586 0.0657
3 0.0649 0.0319 0.0681 0.8037 0.0316
4 0.2045 0.0634 0.1427 0.4465 0.1427
5 0.1030 0.0778 0.1262 0.6216 0.0714
6 0.0731 0.0494 0.1105 0.7378 0.0293
7 0.0678 0.0369 0.0987 0.7642 0.0325
8 0.0972 0.0344 0.1119 0.7183 0.0384
9 0.1710 0.0765 0.2469 0.4685 0.0370
10 0.1130 0.0696 0.2015 0.5923 0.0237
11 0.0754 0.0665 0.1522 0.6719 0.0342
12 0.0829 0.0947 0.2573 0.5278 0.0374
13 0.1232 0.1241 0.3350 0.3735 0.0443
14 0.0690 0.1847 0.4033 0.3140 0.0290
15 0.1379 0.1401 0.4250 0.2537 0.0431
16 0.1260 0.1405 0.4905 0.2177 0.0254
17 0.1266 0.1033 0.3442 0.3838 0.0421
18 0.0582 0.1251 0.3401 0.4368 0.0400
19 0.0743 0.1367 0.4082 0.3491 0.0315
20 0.0714 0.1122 0.1464 0.6260 0.0439
21 0.0773 0.1295 0.3689 0.3867 0.0374
22 0.0718 0.0916 0.5186 0.2910 0.0269
23 0.0401 0.4929 0.2478 0.1930 0.0261
24 0.0832 0.1482 0.4712 0.2727 0.0248
25 0.1450 0.4575 0.2212 0.1362 0.0400
26 0.0709 0.4961 0.1294 0.2271 0.0767
27 0.0635 0.2761 0.1388 0.3892 0.1324
28 0.0706 0.2622 0.3262 0.2705 0.0706
29 0.0468 0.3743 0.2343 0.2003 0.1443
30 0.0426 0.2018 0.1454 0.4917 0.1186
31 0.0408 0.4031 0.0658 0.2091 0.2812
32 0.0478 0.0965 0.0366 0.4128 0.4062
33 0.0417 0.4084 0.0218 0.0863 0.4417
34 0.0318 0.1447 0.0204 0.2744 0.5288
35 0.0463 0.2408 0.0347 0.1270 0.5513
36 0.0395 0.1665 0.0205 0.2104 0.5630
37 0.0476 0.5073 0.2937 0.0597 0.0917
38 0.0499 0.4277 0.2986 0.1433 0.0804
39 0.0637 0.0831 0.1287 0.7065 0.0177
40 0.0182 0.3960 0.2023 0.0553 0.3284
41 0.0591 0.5874 0.1321 0.0753 0.1462
42 0.0199 0.0607 0.0315 0.1133 0.7744
43 0.1068 0.2769 0.4028 0.1603 0.0533
44 0.0819 0.1372 0.2125 0.5181 0.0505
45 0.0839 0.2158 0.2028 0.4292 0.0684
46 0.0522 0.4622 0.2551 0.1388 0.0917
47 0.0241 0.1907 0.1037 0.4365 0.2449
48 0.0332 0.1985 0.0909 0.2888 0.3887
49 0.0150 0.1313 0.1713 0.1293 0.5532
50 0.0326 0.0996 0.1427 0.1951 0.5303
51 0.0503 0.4966 0.0346 0.1400 0.2786
52 0.0688 0.3257 0.0305 0.1009 0.4739
53 0.1025 0.1914 0.2169 0.4451 0.0441
54 0.1217 0.3132 0.2070 0.1326 0.2256
55 0.1197 0.4275 0.2474 0.0779 0.1274
56 0.0220 0.0850 0.0374 0.1217 0.7339
57 0.0228 0.1366 0.0213 0.0578 0.7617
58 0.1685 0.1685 0.1559 0.3738 0.1333
59 0.1461 0.1709 0.1907 0.4036 0.0887
60 0.1722 0.1427 0.1804 0.4536 0.0509
61 0.1268 0.1505 0.2561 0.4158 0.0508
62 0.1503 0.2023 0.1412 0.4487 0.0575
63 0.0919 0.2039 0.1562 0.5205 0.0276
64 0.0602 0.5889 0.2134 0.0836 0.0539
65 0.0646 0.1514 0.6890 0.0682 0.0271
66 0.0302 0.3047 0.3677 0.1683 0.1290
67 0.0253 0.5894 0.0970 0.2534 0.0349
68 0.0247 0.7056 0.1812 0.0817 0.0070
69 0.0574 0.2183 0.1106 0.5444 0.0692
70 0.0235 0.7915 0.0569 0.1176 0.0104
71 0.0267 0.3008 0.0606 0.1536 0.4585
72 0.0476 0.3250 0.0502 0.0815 0.4956
73 0.0868 0.6313 0.1523 0.0841 0.0454
74 0.0220 0.5464 0.3018 0.1201 0.0095
75 0.0580 0.3467 0.3108 0.2458 0.0386
76 0.0702 0.2712 0.0391 0.0967 0.5229
77 0.0669 0.1289 0.4573 0.2952 0.0517
78 0.0381 0.6602 0.2281 0.0634 0.0103
79 0.0460 0.5425 0.2484 0.0886 0.0746
80 0.1238 0.2947 0.2123 0.2482 0.1210
81 0.0837 0.6851 0.1075 0.0695 0.0541
82 0.1322 0.6763 0.1053 0.0629 0.0231
83 0.0421 0.7944 0.0632 0.0787 0.0217
84 0.0576 0.6592 0.1393 0.0988 0.0452
85 0.0191 0.6855 0.1052 0.1761 0.0138
86 0.0496 0.1758 0.1285 0.6230 0.0231
87 0.0426 0.2781 0.2269 0.4045 0.0479
88 0.0688 0.1152 0.1625 0.5581 0.0955
89 0.1780 0.4475 0.0370 0.1956 0.1420
90 0.0824 0.4250 0.2539 0.1978 0.0408
91 0.1473 0.2930 0.1682 0.3533 0.0381
92 0.0861 0.4958 0.1443 0.0797 0.1941
93 0.0809 0.6777 0.0903 0.0602 0.0910
94 0.0869 0.5083 0.2438 0.1108 0.0503
95 0.0344 0.4060 0.3875 0.1259 0.0463
96 0.1868 0.4275 0.1853 0.0790 0.1215
97 0.0253 0.6792 0.2384 0.0421 0.0150
98 0.0222 0.7339 0.1798 0.0548 0.0092
99 0.0850 0.6182 0.1771 0.0511 0.0688
100 0.1627 0.3340 0.2971 0.1517 0.0545
101 0.1237 0.2461 0.0246 0.1277 0.4780
102 0.0253 0.5498 0.2257 0.1786 0.0205
103 0.0164 0.7485 0.2047 0.0198 0.0104
104 0.1166 0.2839 0.3704 0.1261 0.1028
105 0.2062 0.2488 0.2212 0.1907 0.1332
106 0.1572 0.1838 0.2435 0.3279 0.0875
107 0.0380 0.3494 0.4929 0.1066 0.0131
108 0.1120 0.5342 0.1484 0.1862 0.0190
109 0.0545 0.5859 0.1844 0.1641 0.0108
110 0.0687 0.2288 0.3486 0.2847 0.0692
111 0.0958 0.4944 0.1508 0.2161 0.0429
112 0.0293 0.4875 0.2734 0.2032 0.0066
113 0.0246 0.1779 0.0967 0.6821 0.0188
114 0.0507 0.4961 0.3057 0.1024 0.0454
115 0.0398 0.8315 0.0837 0.0401 0.0046
116 0.0558 0.2384 0.3015 0.3469 0.0575
117 0.0537 0.5181 0.3450 0.0449 0.0384
118 0.1519 0.3420 0.3643 0.1035 0.0384
119 0.0622 0.3933 0.3210 0.1317 0.0919
120 0.0569 0.4104 0.1685 0.3298 0.0345
121 0.0208 0.1216 0.1160 0.7334 0.0082
122 0.0295 0.3076 0.1987 0.1366 0.3276
123 0.0234 0.5156 0.2803 0.0565 0.1244
124 0.0441 0.6226 0.2556 0.0240 0.0536
125 0.0330 0.6372 0.2344 0.0876 0.0080
126 0.0249 0.6226 0.0503 0.0661 0.2362
127 0.0611 0.1355 0.1355 0.3625 0.3054
128 0.0447 0.3201 0.3572 0.2612 0.0170
129 0.0872 0.2406 0.3845 0.2332 0.0545
130 0.0952 0.2979 0.3538 0.2112 0.0419
131 0.0704 0.6328 0.1813 0.0392 0.0762
132 0.0317 0.6987 0.1941 0.0606 0.0150
133 0.0732 0.7227 0.0985 0.0978 0.0080
134 0.0471 0.6396 0.2839 0.0250 0.0044
135 0.0865 0.6548 0.1819 0.0629 0.0139
136 0.1484 0.4131 0.2817 0.1394 0.0173
137 0.0548 0.5000 0.3179 0.1064 0.0210
138 0.0285 0.8452 0.1025 0.0150 0.0090
139 0.0258 0.7837 0.1567 0.0283 0.0055
140 0.0166 0.3186 0.5767 0.0757 0.0123
141 0.0351 0.2742 0.2698 0.3748 0.0462
142 0.0270 0.3911 0.1656 0.4036 0.0127
143 0.0593 0.5283 0.1927 0.2052 0.0145
144 0.0914 0.4392 0.1052 0.2622 0.1019
145 0.0298 0.2236 0.5986 0.1378 0.0101
146 0.0544 0.4153 0.3962 0.1083 0.0259
147 0.1103 0.2666 0.2299 0.1790 0.2142
148 0.0190 0.6162 0.2822 0.0620 0.0206
149 0.0148 0.7695 0.1296 0.0688 0.0170
150 0.0198 0.7769 0.1530 0.0432 0.0071
151 0.1288 0.5171 0.2123 0.0871 0.0545
152 0.3589 0.2795 0.1061 0.0375 0.2178
153 0.0461 0.4512 0.3406 0.1055 0.0565
154 0.0454 0.7109 0.1422 0.0444 0.0570
155 0.2012 0.4392 0.1372 0.0633 0.1591
156 0.0504 0.5327 0.2898 0.1033 0.0238
157 0.0214 0.7441 0.1768 0.0514 0.0064
158 0.0564 0.5742 0.2179 0.1105 0.0410
159 0.1179 0.4924 0.2151 0.0472 0.1274
160 0.0547 0.7036 0.1475 0.0821 0.0121
161 0.0489 0.5215 0.2581 0.0995 0.0722
162 0.0345 0.5610 0.2822 0.0543 0.0681
163 0.0495 0.3354 0.4443 0.0924 0.0784
164 0.0181 0.8628 0.0615 0.0551 0.0026
165 0.0220 0.7812 0.1492 0.0441 0.0033
166 0.1166 0.4834 0.2356 0.0765 0.0880
167 0.0595 0.2815 0.1790 0.3789 0.1012
168 0.0281 0.6299 0.2668 0.0664 0.0088
169 0.0803 0.5156 0.2632 0.1047 0.0362
170 0.0891 0.4385 0.3311 0.1256 0.0157
171 0.0131 0.7266 0.2183 0.0324 0.0094
172 0.0669 0.4941 0.2952 0.1202 0.0237
173 0.0240 0.1306 0.1266 0.6846 0.0341
174 0.0383 0.5952 0.3135 0.0452 0.0079
175 0.0328 0.2104 0.1026 0.6187 0.0355
176 0.0155 0.5547 0.4058 0.0150 0.0091
177 0.0149 0.6538 0.3088 0.0181 0.0042
178 0.0178 0.6064 0.3350 0.0113 0.0293
179 0.0181 0.4243 0.4883 0.0461 0.0232
180 0.0118 0.8506 0.0954 0.0385 0.0038
181 0.0193 0.5806 0.1539 0.2421 0.0040
182 0.0151 0.6216 0.2673 0.0803 0.0158
183 0.0383 0.4482 0.3438 0.1573 0.0122
184 0.0162 0.7334 0.2344 0.0081 0.0081
185 0.0372 0.2296 0.1460 0.5684 0.0188
186 0.0453 0.3242 0.5693 0.0505 0.0107
187 0.0321 0.4792 0.4434 0.0314 0.0140
188 0.0090 0.9092 0.0590 0.0214 0.0014
189 0.0080 0.7812 0.1316 0.0773 0.0020
190 0.0125 0.6240 0.3501 0.0124 0.0013
191 0.0620 0.2612 0.2200 0.4045 0.0522
192 0.0162 0.1418 0.0713 0.7314 0.0394
193 0.0263 0.0726 0.1091 0.7812 0.0108
194 0.0616 0.3057 0.3010 0.3010 0.0307
195 0.0338 0.3208 0.5991 0.0328 0.0135
196 0.0487 0.5977 0.1273 0.2083 0.0181
197 0.0244 0.5903 0.2788 0.0964 0.0102
198 0.0211 0.4204 0.4839 0.0676 0.0069
199 0.0226 0.2445 0.2125 0.5020 0.0186
200 0.0193 0.5996 0.3062 0.0699 0.0050
201 0.0367 0.6704 0.2668 0.0198 0.0062
202 0.0432 0.6909 0.0599 0.1693 0.0369
203 0.0326 0.4429 0.4570 0.0513 0.0164
204 0.0170 0.4702 0.2440 0.2639 0.0048
205 0.0296 0.5664 0.2118 0.1305 0.0616
206 0.0581 0.4939 0.2261 0.2124 0.0095
207 0.0059 0.7588 0.2010 0.0318 0.0024
208 0.0133 0.7646 0.0673 0.1329 0.0219
209 0.0249 0.4968 0.2458 0.1126 0.1199
210 0.0076 0.6880 0.1511 0.1355 0.0179
211 0.0355 0.7588 0.1667 0.0202 0.0187
212 0.0387 0.4065 0.0813 0.3215 0.1519
213 0.0413 0.8760 0.0277 0.0324 0.0224
214 0.0576 0.6445 0.1508 0.0973 0.0497
215 0.1163 0.4187 0.2009 0.2172 0.0470
216 0.0254 0.7080 0.0695 0.1761 0.0210
217 0.0409 0.2688 0.3560 0.3044 0.0299
218 0.0263 0.5400 0.3276 0.1039 0.0019
219 0.1249 0.4358 0.3140 0.0942 0.0311
220 0.1140 0.1969 0.3977 0.2412 0.0502
221 0.0783 0.6929 0.1232 0.0967 0.0091
222 0.0578 0.3860 0.2869 0.2416 0.0277
223 0.0366 0.4746 0.3213 0.1494 0.0181
224 0.0542 0.1779 0.3323 0.4006 0.0350
225 0.0974 0.2820 0.3455 0.2338 0.0416
226 0.0402 0.1588 0.1218 0.3159 0.3635
227 0.0582 0.1045 0.0498 0.1908 0.5967
228 0.0432 0.0973 0.0384 0.1351 0.6860
229 0.0382 0.0808 0.0385 0.2266 0.6162
230 0.0460 0.2930 0.4067 0.1891 0.0654
231 0.0429 0.3022 0.3218 0.1221 0.2111
232 0.0459 0.3020 0.2279 0.2881 0.1361
233 0.0923 0.6206 0.1475 0.1130 0.0264
234 0.0241 0.7510 0.1433 0.0732 0.0084
235 0.0388 0.2231 0.1510 0.5786 0.0083
236 0.0756 0.2401 0.3958 0.2477 0.0408
237 0.0993 0.1841 0.5244 0.1729 0.0195
238 0.0840 0.1998 0.2646 0.4165 0.0350
239 0.0631 0.1715 0.2615 0.4736 0.0300
240 0.0765 0.1114 0.2981 0.4763 0.0376
241 0.0830 0.0780 0.2722 0.5166 0.0504
242 0.0968 0.0953 0.3076 0.4546 0.0457
243 0.0883 0.2168 0.5366 0.1335 0.0247
244 0.0703 0.1754 0.3892 0.3489 0.0162
245 0.0828 0.1595 0.2891 0.4407 0.0280
246 0.0942 0.1051 0.2295 0.5337 0.0375
247 0.1027 0.0878 0.2522 0.5254 0.0318
248 0.1351 0.0764 0.1763 0.5430 0.0695
249 0.1003 0.0740 0.1934 0.6050 0.0272
250 0.2040 0.0396 0.1639 0.5210 0.0716
251 0.2661 0.0585 0.1746 0.4390 0.0618
252 0.0988 0.0471 0.1531 0.6548 0.0463
