time exciting_prob fearful_prob tense_prob sad_prob relaxing_prob
0 0.5522 0.3855 0.0233 0.0230 0.0159
1 0.6099 0.3369 0.0254 0.0141 0.0137
2 0.6133 0.3335 0.0253 0.0141 0.0137
3 0.5312 0.3948 0.0226 0.0356 0.0158
4 0.5312 0.3948 0.0226 0.0356 0.0158
5 0.2034 0.7324 0.0382 0.0209 0.0050
6 0.1692 0.7583 0.0328 0.0336 0.0060
7 0.1693 0.7593 0.0326 0.0331 0.0059
8 0.2037 0.2830 0.2496 0.2310 0.0327
9 0.1777 0.2429 0.2046 0.0101 0.3647
10 0.2805 0.1099 0.1116 0.3774 0.1207
11 0.2627 0.3452 0.0936 0.2078 0.0908
12 0.3132 0.4150 0.0673 0.0392 0.1652
13 0.3340 0.2386 0.1482 0.2041 0.0751
14 0.3281 0.2617 0.2256 0.0693 0.1152
15 0.2781 0.5117 0.0875 0.0666 0.0561
16 0.2037 0.2830 0.2496 0.2310 0.0327
17 0.2678 0.1134 0.3464 0.2637 0.0086
18 0.6841 0.0365 0.1125 0.1469 0.0200
19 0.0267 0.7554 0.2164 0.0009 0.0005
20 0.1459 0.2295 0.1844 0.3904 0.0497
21 0.0274 0.1448 0.0402 0.0047 0.7827
22 0.1438 0.5513 0.1506 0.0623 0.0921
23 0.0696 0.4829 0.1036 0.3022 0.0419
24 0.0644 0.6655 0.0936 0.0814 0.0952
25 0.0528 0.2683 0.6538 0.0054 0.0196
26 0.0255 0.1017 0.6533 0.2120 0.0075
27 0.1676 0.2576 0.1285 0.4180 0.0284
28 0.2800 0.5977 0.0526 0.0630 0.0068
29 0.0884 0.1349 0.2330 0.5420 0.0018
30 0.0799 0.0920 0.2207 0.6001 0.0075
31 0.5474 0.1906 0.0577 0.1891 0.0154
32 0.3599 0.2474 0.0682 0.3079 0.0166
33 0.0924 0.1987 0.4141 0.2251 0.0698
34 0.0119 0.0544 0.7061 0.2256 0.0023
35 0.2037 0.2830 0.2496 0.2310 0.0327
36 0.2037 0.2830 0.2496 0.2310 0.0327
37 0.1324 0.0939 0.2019 0.5576 0.0142
38 0.2366 0.1704 0.0912 0.4490 0.0528
39 0.1757 0.1049 0.2477 0.3494 0.1226
40 0.1740 0.5977 0.1273 0.0703 0.0307
41 0.1442 0.5610 0.1865 0.0267 0.0815
42 0.0219 0.0421 0.8872 0.0463 0.0025
43 0.3743 0.0499 0.4275 0.1160 0.0324
44 0.0307 0.2264 0.1877 0.5435 0.0119
45 0.0484 0.0532 0.7109 0.1490 0.0383
46 0.1628 0.0292 0.5771 0.2261 0.0046
47 0.1868 0.0398 0.6030 0.1648 0.0057
48 0.1488 0.2913 0.1080 0.4478 0.0040
49 0.0435 0.0339 0.8091 0.1095 0.0038
50 0.0591 0.8550 0.0777 0.0038 0.0045
51 0.0542 0.7959 0.1299 0.0090 0.0110
52 0.2427 0.5776 0.1270 0.0112 0.0415
53 0.0998 0.7144 0.1658 0.0066 0.0133
54 0.2747 0.4221 0.2009 0.0504 0.0520
55 0.1028 0.5737 0.1967 0.0158 0.1112
56 0.1611 0.0750 0.1143 0.5806 0.0693
57 0.1396 0.7490 0.0854 0.0038 0.0221
58 0.3108 0.4629 0.1295 0.0083 0.0884
59 0.1995 0.4321 0.1577 0.0276 0.1830
60 0.0991 0.5796 0.0910 0.0407 0.1896
61 0.0293 0.0356 0.0275 0.8833 0.0245
62 0.2352 0.4902 0.1405 0.0050 0.1289
63 0.1503 0.6528 0.0511 0.0024 0.1434
64 0.2380 0.4587 0.0932 0.0112 0.1989
65 0.0720 0.2515 0.1000 0.5322 0.0444
66 0.0767 0.1663 0.4521 0.0704 0.2345
67 0.1238 0.2368 0.2561 0.1426 0.2406
68 0.0792 0.2273 0.1914 0.2102 0.2920
69 0.0760 0.2100 0.4587 0.1636 0.0917
70 0.0826 0.1342 0.2177 0.2177 0.3479
71 0.0750 0.2537 0.1411 0.2383 0.2920
72 0.0606 0.1500 0.1224 0.3953 0.2717
73 0.1467 0.6323 0.1573 0.0247 0.0389
74 0.1890 0.5469 0.0886 0.0155 0.1604
75 0.0893 0.7656 0.0922 0.0053 0.0478
76 0.2639 0.5049 0.0652 0.0562 0.1100
77 0.0693 0.1227 0.0434 0.6582 0.1066
78 0.1812 0.5986 0.1316 0.0243 0.0641
79 0.2341 0.6265 0.1168 0.0024 0.0201
80 0.1135 0.0617 0.2256 0.5498 0.0496
81 0.0723 0.3557 0.4224 0.0412 0.1085
82 0.1559 0.1476 0.4763 0.0293 0.1909
83 0.1251 0.2179 0.3000 0.0373 0.3196
84 0.1381 0.1180 0.3525 0.1639 0.2275
85 0.1307 0.1414 0.2260 0.0734 0.4287
86 0.1390 0.2072 0.3259 0.0598 0.2681
87 0.1669 0.2211 0.3618 0.1053 0.1450
88 0.1748 0.0674 0.3267 0.1427 0.2883
89 0.1249 0.2061 0.4431 0.1086 0.1174
90 0.1368 0.2678 0.1855 0.1134 0.2964
91 0.1727 0.1957 0.2759 0.0227 0.3330
92 0.1454 0.1387 0.4238 0.1097 0.1824
93 0.1370 0.1083 0.3723 0.2520 0.1306
94 0.1810 0.0606 0.4209 0.2759 0.0616
95 0.1423 0.7344 0.0774 0.0036 0.0421
96 0.1765 0.6211 0.0629 0.0708 0.0686
97 0.0177 0.2478 0.6528 0.0768 0.0047
98 0.0506 0.2847 0.4548 0.1454 0.0645
99 0.0321 0.2451 0.6558 0.0475 0.0193
100 0.0205 0.2832 0.6094 0.0642 0.0227
101 0.0279 0.1130 0.6304 0.2112 0.0172
102 0.0840 0.2130 0.2001 0.4106 0.0923
103 0.0279 0.3323 0.3374 0.2886 0.0139
104 0.0611 0.0822 0.4807 0.2871 0.0889
105 0.0923 0.2284 0.3538 0.2932 0.0321
106 0.0429 0.0848 0.2181 0.6411 0.0131
107 0.0495 0.0502 0.2759 0.5933 0.0312
108 0.3176 0.5117 0.1124 0.0081 0.0503
109 0.0645 0.0645 0.0518 0.7739 0.0450
110 0.4260 0.3450 0.1138 0.0107 0.1044
111 0.3677 0.3428 0.1521 0.0051 0.1322
112 0.3071 0.1670 0.1417 0.0468 0.3374
113 0.3391 0.1652 0.2681 0.0122 0.2155
114 0.1136 0.5171 0.1979 0.0035 0.1678
115 0.2539 0.2329 0.1171 0.0120 0.3840
116 0.1214 0.1396 0.3652 0.2935 0.0802
117 0.3228 0.2827 0.1769 0.0058 0.2118
118 0.2732 0.1451 0.2566 0.0203 0.3047
119 0.4102 0.3096 0.1222 0.0083 0.1498
120 0.3391 0.1050 0.0964 0.1577 0.3018
121 0.3828 0.1837 0.2913 0.0687 0.0736
122 0.2155 0.2292 0.4153 0.0124 0.1277
123 0.3613 0.1747 0.2603 0.0087 0.1949
124 0.4438 0.2163 0.1620 0.0040 0.1738
125 0.0778 0.2551 0.3542 0.2717 0.0410
126 0.1160 0.2417 0.3201 0.2306 0.0917
127 0.1022 0.1985 0.0388 0.0049 0.6558
128 0.1511 0.5796 0.0510 0.0018 0.2166
129 0.0357 0.5942 0.1001 0.0020 0.2678
130 0.0571 0.5674 0.0646 0.0024 0.3086
131 0.1207 0.6323 0.0651 0.0024 0.1797
132 0.1675 0.4517 0.0447 0.0032 0.3330
133 0.1052 0.5596 0.1339 0.0183 0.1831
134 0.1648 0.5156 0.1016 0.0081 0.2100
135 0.0728 0.6289 0.1068 0.0025 0.1888
136 0.0542 0.3706 0.0670 0.0095 0.4988
137 0.0974 0.5518 0.0551 0.0096 0.2861
138 0.0283 0.5254 0.1654 0.1437 0.1371
139 0.0864 0.6797 0.1517 0.0041 0.0781
140 0.1384 0.4795 0.0634 0.0019 0.3169
141 0.1008 0.3306 0.0792 0.1663 0.3230
142 0.1417 0.4365 0.0981 0.0190 0.3047
143 0.1686 0.6118 0.0772 0.0024 0.1398
144 0.2368 0.4934 0.1565 0.0169 0.0964
145 0.1437 0.2749 0.0892 0.0210 0.4712
146 0.0421 0.0493 0.0164 0.0323 0.8599
147 0.1089 0.1782 0.0597 0.1294 0.5239
148 0.1823 0.3950 0.0931 0.0100 0.3198
149 0.1578 0.5254 0.0972 0.0121 0.2074
150 0.0688 0.3835 0.0579 0.0046 0.4851
151 0.0867 0.3379 0.2433 0.0293 0.3027
152 0.1519 0.1240 0.1165 0.4001 0.2076
153 0.0923 0.0692 0.1195 0.3147 0.4043
154 0.2107 0.4392 0.1111 0.0038 0.2351
155 0.0338 0.3696 0.1470 0.3872 0.0623
156 0.0791 0.1549 0.3228 0.3601 0.0829
157 0.0511 0.3469 0.3523 0.1857 0.0641
158 0.1025 0.1799 0.2786 0.2920 0.1469
159 0.0484 0.1825 0.1235 0.1797 0.4661
160 0.0589 0.1436 0.2294 0.1050 0.4634
161 0.0340 0.0544 0.0437 0.2361 0.6318
162 0.0153 0.1483 0.0643 0.0757 0.6963
163 0.0353 0.1644 0.1807 0.1864 0.4333
164 0.1124 0.4658 0.0760 0.0282 0.3176
165 0.0643 0.0707 0.4397 0.2390 0.1862
166 0.0617 0.0884 0.3337 0.2520 0.2642
167 0.0778 0.1312 0.1071 0.0724 0.6113
168 0.0778 0.0983 0.3125 0.3125 0.1987
169 0.0583 0.3689 0.2168 0.2964 0.0597
170 0.2203 0.4851 0.0325 0.0218 0.2401
171 0.1439 0.6650 0.0266 0.0063 0.1580
172 0.1493 0.6333 0.0318 0.0138 0.1718
173 0.0958 0.1965 0.0412 0.3242 0.3423
174 0.1238 0.3066 0.0481 0.0199 0.5015
175 0.1288 0.4189 0.0957 0.0328 0.3237
176 0.2886 0.3049 0.0619 0.0072 0.3374
177 0.2065 0.3569 0.0611 0.0044 0.3711
178 0.1748 0.3167 0.1383 0.0058 0.3645
179 0.1843 0.2661 0.0520 0.0857 0.4121
180 0.3274 0.3950 0.0440 0.0288 0.2048
181 0.0552 0.0444 0.2515 0.5938 0.0552
182 0.1487 0.6162 0.1167 0.0087 0.1096
183 0.2659 0.4248 0.1108 0.0411 0.1575
184 0.1936 0.0989 0.4717 0.1847 0.0513
185 0.0670 0.5225 0.1417 0.0782 0.1907
186 0.0482 0.2583 0.0669 0.0164 0.6104
187 0.0184 0.0600 0.0179 0.0019 0.9019
188 0.0529 0.2014 0.0559 0.0028 0.6870
189 0.0556 0.1302 0.0736 0.0256 0.7148
190 0.1160 0.3806 0.0656 0.0033 0.4346
191 0.0355 0.4563 0.0594 0.0066 0.4421
192 0.1750 0.3647 0.0820 0.0107 0.3677
193 0.2146 0.6064 0.0482 0.0025 0.1282
194 0.2369 0.5176 0.1919 0.0056 0.0481
195 0.1693 0.6694 0.0980 0.0021 0.0613
196 0.3250 0.4238 0.1781 0.0061 0.0671
197 0.0497 0.5142 0.2505 0.0159 0.1696
198 0.1293 0.3887 0.0635 0.0297 0.3887
199 0.0965 0.4426 0.1191 0.0445 0.2971
200 0.0197 0.0434 0.0401 0.0651 0.8315
201 0.0429 0.1570 0.0547 0.0083 0.7373
202 0.0322 0.4548 0.0889 0.0102 0.4141
203 0.0431 0.2222 0.1256 0.0421 0.5674
204 0.0598 0.2556 0.0830 0.0163 0.5854
205 0.0375 0.0399 0.0649 0.2126 0.6450
206 0.0331 0.3218 0.1805 0.0449 0.4197
207 0.0298 0.2291 0.3413 0.0363 0.3633
208 0.1678 0.6191 0.1615 0.0036 0.0481
209 0.1257 0.6694 0.1615 0.0039 0.0396
210 0.1010 0.6851 0.1528 0.0047 0.0562
211 0.2444 0.5171 0.0360 0.0044 0.1979
212 0.0249 0.0844 0.0185 0.0067 0.8657
213 0.0570 0.2382 0.1152 0.0095 0.5801
214 0.0812 0.2725 0.3286 0.0276 0.2900
215 0.0269 0.0539 0.1942 0.6992 0.0255
216 0.0565 0.1088 0.0518 0.5977 0.1852
217 0.1388 0.4446 0.0855 0.0527 0.2783
218 0.1417 0.6104 0.1053 0.0707 0.0718
219 0.1603 0.5215 0.1844 0.0102 0.1238
220 0.1360 0.3235 0.1414 0.1801 0.2190
221 0.0418 0.0826 0.0352 0.7417 0.0988
222 0.0652 0.3579 0.0994 0.0421 0.4353
223 0.1099 0.4277 0.1024 0.1715 0.1884
224 0.2252 0.4307 0.0924 0.0101 0.2416
225 0.3635 0.2991 0.1718 0.0106 0.1552
226 0.2839 0.1750 0.1736 0.0055 0.3618
227 0.1758 0.2257 0.3362 0.0971 0.1652
228 0.1968 0.2607 0.2732 0.0482 0.2212
229 0.0632 0.0920 0.4253 0.3933 0.0262
230 0.2048 0.3403 0.1620 0.0235 0.2693
231 0.2827 0.3926 0.1663 0.0104 0.1478
232 0.0809 0.0249 0.0671 0.7681 0.0592
233 0.3154 0.2656 0.1255 0.0170 0.2764
234 0.3818 0.1331 0.1997 0.0537 0.2317
235 0.1670 0.0915 0.3647 0.2546 0.1222
236 0.2230 0.1670 0.1849 0.0052 0.4199
237 0.0668 0.1578 0.5776 0.1788 0.0190
238 0.1482 0.2010 0.1404 0.2561 0.2542
239 0.1025 0.1562 0.2964 0.2786 0.1663
240 0.1046 0.5312 0.2267 0.0096 0.1282
241 0.0860 0.4761 0.1606 0.0185 0.2588
242 0.0945 0.3486 0.4690 0.0725 0.0154
243 0.0904 0.0933 0.6079 0.1826 0.0257
244 0.1261 0.1998 0.2374 0.3401 0.0967
245 0.1600 0.0926 0.2517 0.4854 0.0103
246 0.0189 0.0453 0.6460 0.2866 0.0033
247 0.1141 0.7441 0.0454 0.0223 0.0742
248 0.1448 0.0168 0.0775 0.7349 0.0260
249 0.1088 0.6460 0.1499 0.0397 0.0556
250 0.1405 0.0623 0.4194 0.3533 0.0244
251 0.0559 0.0568 0.7598 0.1202 0.0076
252 0.1722 0.1593 0.5142 0.1342 0.0201
253 0.1481 0.0617 0.0683 0.6636 0.0584
254 0.1383 0.1427 0.1832 0.4827 0.0533
255 0.1162 0.0484 0.3750 0.4185 0.0417
256 0.1411 0.0651 0.1065 0.6733 0.0140
257 0.1240 0.1567 0.3218 0.3589 0.0387
258 0.0292 0.1519 0.2141 0.5820 0.0226
259 0.1969 0.3298 0.2284 0.2249 0.0200
260 0.2208 0.1229 0.0653 0.5259 0.0653
261 0.1139 0.1104 0.2732 0.4946 0.0079
262 0.3135 0.5459 0.1199 0.0178 0.0031
263 0.0932 0.3833 0.2202 0.1179 0.1854
264 0.0878 0.0215 0.0549 0.8071 0.0287
265 0.1624 0.1624 0.2476 0.3955 0.0322
266 0.2440 0.2292 0.2023 0.2205 0.1041
267 0.3918 0.2032 0.1158 0.1344 0.1547
268 0.2983 0.3599 0.0660 0.2435 0.0322
269 0.0654 0.5225 0.1261 0.2468 0.0391
270 0.0658 0.4160 0.1555 0.3240 0.0387
271 0.0738 0.5493 0.0721 0.0150 0.2896
272 0.3267 0.4326 0.0550 0.0384 0.1472
273 0.1439 0.1508 0.2061 0.4363 0.0629
274 0.1982 0.1351 0.2161 0.4099 0.0406
275 0.0685 0.2161 0.1104 0.4946 0.1104
276 0.0154 0.8638 0.1169 0.0016 0.0025
277 0.0500 0.1180 0.2239 0.5806 0.0274
278 0.1602 0.0898 0.3040 0.3667 0.0793
279 0.2137 0.3159 0.2275 0.2056 0.0374
280 0.0242 0.1616 0.2244 0.5552 0.0347
281 0.0583 0.5488 0.2362 0.1081 0.0483
282 0.0556 0.1178 0.2437 0.4844 0.0984
283 0.0684 0.3262 0.1317 0.0711 0.4026
284 0.2216 0.5273 0.0736 0.0522 0.1252
285 0.0192 0.3093 0.2448 0.4229 0.0037
286 0.1694 0.1259 0.2859 0.3342 0.0845
287 0.0572 0.3088 0.3726 0.1995 0.0618
288 0.5796 0.0359 0.0626 0.3054 0.0164
289 0.2037 0.2830 0.2496 0.2310 0.0327
290 0.3503 0.4941 0.0638 0.0311 0.0604
291 0.3713 0.4768 0.0565 0.0302 0.0651
292 0.3679 0.4797 0.0569 0.0307 0.0649
