time exciting_prob fearful_prob tense_prob sad_prob relaxing_prob
0 0.2037 0.2830 0.2496 0.2310 0.0327
1 0.6055 0.0559 0.2194 0.1120 0.0073
2 0.5557 0.0595 0.3479 0.0129 0.0239
3 0.3157 0.0519 0.6182 0.0062 0.0080
4 0.4351 0.0528 0.4854 0.0032 0.0236
5 0.3188 0.0806 0.5596 0.0108 0.0303
6 0.4543 0.2935 0.2375 0.0026 0.0119
7 0.4236 0.3149 0.2452 0.0019 0.0144
8 0.6128 0.1742 0.1898 0.0017 0.0215
9 0.5337 0.2350 0.2025 0.0016 0.0272
10 0.4453 0.2384 0.2810 0.0022 0.0330
11 0.4739 0.3083 0.1915 0.0034 0.0227
12 0.4692 0.1781 0.3381 0.0012 0.0133
13 0.1779 0.0490 0.2798 0.4761 0.0173
14 0.2686 0.0555 0.3789 0.2771 0.0199
15 0.6538 0.1903 0.1059 0.0056 0.0445
16 0.3518 0.2676 0.2595 0.1090 0.0121
17 0.4709 0.1830 0.2224 0.1068 0.0170
18 0.8413 0.0478 0.0981 0.0005 0.0124
19 0.8311 0.0616 0.0925 0.0005 0.0144
20 0.8179 0.0666 0.0883 0.0012 0.0263
21 0.7529 0.1238 0.1146 0.0008 0.0079
22 0.5391 0.2144 0.1967 0.0014 0.0486
23 0.6060 0.2710 0.0952 0.0018 0.0260
24 0.6006 0.2108 0.1472 0.0016 0.0399
25 0.4624 0.3438 0.1525 0.0013 0.0401
26 0.2512 0.2217 0.4441 0.0498 0.0332
27 0.1307 0.2294 0.5952 0.0355 0.0093
28 0.1030 0.2510 0.6406 0.0009 0.0047
29 0.0804 0.2007 0.6479 0.0377 0.0333
30 0.2864 0.3169 0.3618 0.0017 0.0331
31 0.3452 0.4163 0.2094 0.0014 0.0279
32 0.2505 0.1981 0.5469 0.0003 0.0044
33 0.5713 0.2400 0.1676 0.0013 0.0199
34 0.3767 0.2250 0.3826 0.0004 0.0153
35 0.2678 0.2595 0.4663 0.0007 0.0054
36 0.4807 0.2512 0.2117 0.0037 0.0527
37 0.2423 0.2559 0.4221 0.0541 0.0255
38 0.2393 0.3794 0.3535 0.0116 0.0163
39 0.1888 0.3113 0.3936 0.0934 0.0129
40 0.3330 0.1586 0.4080 0.0962 0.0042
41 0.3984 0.2915 0.2493 0.0090 0.0518
42 0.3696 0.2173 0.3875 0.0004 0.0253
43 0.1683 0.2886 0.4988 0.0053 0.0388
44 0.5615 0.2825 0.0834 0.0087 0.0640
45 0.3582 0.2405 0.3638 0.0078 0.0299
46 0.3044 0.1580 0.5298 0.0012 0.0066
47 0.1864 0.3323 0.4038 0.0089 0.0685
48 0.3616 0.3972 0.2245 0.0040 0.0128
49 0.2512 0.6777 0.0621 0.0035 0.0053
50 0.2488 0.4333 0.2649 0.0095 0.0436
51 0.5908 0.0174 0.1641 0.2208 0.0069
52 0.5781 0.0237 0.2566 0.1373 0.0045
53 0.3933 0.1026 0.4670 0.0040 0.0331
54 0.4602 0.0466 0.0845 0.3999 0.0089
55 0.1722 0.7251 0.0929 0.0050 0.0048
56 0.8184 0.1226 0.0234 0.0065 0.0291
57 0.6650 0.1906 0.0486 0.0789 0.0168
58 0.7524 0.1553 0.0545 0.0212 0.0164
59 0.8286 0.0685 0.0707 0.0023 0.0297
60 0.5254 0.1844 0.2295 0.0041 0.0567
61 0.5190 0.1752 0.1938 0.0058 0.1063
62 0.4534 0.1935 0.2666 0.0246 0.0619
63 0.2500 0.0695 0.2241 0.4390 0.0174
64 0.2228 0.4905 0.2485 0.0046 0.0336
65 0.1207 0.0962 0.2964 0.4773 0.0096
66 0.2385 0.1759 0.5767 0.0031 0.0059
67 0.5928 0.1686 0.1262 0.0009 0.1114
68 0.3276 0.4409 0.2131 0.0062 0.0121
69 0.5664 0.0211 0.0842 0.3127 0.0153
70 0.5610 0.0534 0.0665 0.2866 0.0327
71 0.2510 0.2395 0.4473 0.0076 0.0547
72 0.5552 0.1259 0.2881 0.0065 0.0246
73 0.2937 0.1809 0.4480 0.0049 0.0726
74 0.2839 0.1351 0.1428 0.0649 0.3733
75 0.0670 0.2000 0.7202 0.0019 0.0112
76 0.1046 0.7485 0.1440 0.0022 0.0006
77 0.4207 0.2131 0.2913 0.0024 0.0725
78 0.6328 0.1346 0.1945 0.0197 0.0185
79 0.2047 0.3074 0.4268 0.0342 0.0271
80 0.5386 0.1103 0.2905 0.0094 0.0513
81 0.4495 0.2502 0.2769 0.0027 0.0209
82 0.1472 0.1211 0.7188 0.0015 0.0114
83 0.3169 0.3508 0.2391 0.0058 0.0873
84 0.2168 0.3254 0.3545 0.0150 0.0883
85 0.6016 0.1385 0.1429 0.0022 0.1148
86 0.1949 0.4463 0.3423 0.0018 0.0147
87 0.7656 0.0900 0.0467 0.0018 0.0958
88 0.6577 0.0904 0.2006 0.0424 0.0090
89 0.6294 0.0653 0.2837 0.0103 0.0113
90 0.5757 0.2289 0.1151 0.0317 0.0487
91 0.6802 0.1393 0.1578 0.0066 0.0160
92 0.6108 0.1343 0.1486 0.0331 0.0730
93 0.7954 0.0851 0.1068 0.0005 0.0124
94 0.5996 0.1237 0.2600 0.0016 0.0151
95 0.3013 0.1066 0.3037 0.2659 0.0224
96 0.1740 0.4407 0.2340 0.0050 0.1465
97 0.7705 0.0949 0.1018 0.0153 0.0177
98 0.4768 0.0327 0.1927 0.2893 0.0084
99 0.3831 0.2252 0.3252 0.0078 0.0587
100 0.6079 0.0760 0.2035 0.0451 0.0676
101 0.3308 0.4592 0.1600 0.0088 0.0411
102 0.3914 0.1631 0.3975 0.0139 0.0342
103 0.1989 0.3330 0.4243 0.0065 0.0374
104 0.8179 0.0552 0.1196 0.0041 0.0034
105 0.2568 0.2249 0.3027 0.1724 0.0432
106 0.1710 0.7314 0.0860 0.0084 0.0033
107 0.7207 0.0960 0.1499 0.0159 0.0175
108 0.7979 0.0640 0.1312 0.0051 0.0017
109 0.2788 0.1902 0.4253 0.0092 0.0964
110 0.2268 0.4106 0.3433 0.0053 0.0139
111 0.5703 0.1781 0.1794 0.0046 0.0676
112 0.5430 0.2109 0.1791 0.0042 0.0629
113 0.4834 0.1342 0.2908 0.0624 0.0293
114 0.6987 0.1465 0.1262 0.0243 0.0041
115 0.1097 0.0471 0.1204 0.6719 0.0510
116 0.3079 0.4241 0.2493 0.0024 0.0166
117 0.1050 0.0259 0.1678 0.6958 0.0056
118 0.5718 0.0528 0.3159 0.0395 0.0200
119 0.3425 0.0336 0.5059 0.1111 0.0067
120 0.3796 0.2357 0.3767 0.0006 0.0075
121 0.3589 0.0559 0.2212 0.3589 0.0050
122 0.8135 0.0898 0.0884 0.0008 0.0076
123 0.5620 0.0583 0.1782 0.1548 0.0468
124 0.5005 0.0762 0.3083 0.1091 0.0058
125 0.8086 0.0776 0.0880 0.0035 0.0222
126 0.5591 0.1317 0.2744 0.0303 0.0045
127 0.6787 0.1514 0.1538 0.0010 0.0152
128 0.1315 0.1688 0.3687 0.3252 0.0059
129 0.4695 0.0401 0.2115 0.2474 0.0315
130 0.4792 0.2263 0.2751 0.0071 0.0122
131 0.7158 0.0698 0.2035 0.0010 0.0100
132 0.6094 0.1267 0.2520 0.0040 0.0081
133 0.6079 0.0523 0.3154 0.0015 0.0230
134 0.5576 0.1000 0.3279 0.0007 0.0141
135 0.5288 0.0662 0.3750 0.0261 0.0036
136 0.2732 0.0808 0.5029 0.1418 0.0014
137 0.1692 0.2106 0.5952 0.0146 0.0102
138 0.3779 0.2039 0.4055 0.0029 0.0097
139 0.1163 0.2791 0.5952 0.0023 0.0071
140 0.6543 0.1128 0.2261 0.0007 0.0064
141 0.6885 0.0687 0.2380 0.0008 0.0038
142 0.7231 0.1414 0.1136 0.0039 0.0178
143 0.3950 0.0091 0.0923 0.4915 0.0121
144 0.1212 0.0521 0.4036 0.4165 0.0067
145 0.2703 0.4187 0.2683 0.0349 0.0079
146 0.8267 0.0613 0.0906 0.0028 0.0188
147 0.7368 0.1194 0.1194 0.0014 0.0228
148 0.7080 0.0764 0.1484 0.0555 0.0118
149 0.2783 0.2961 0.2201 0.1688 0.0365
150 0.4001 0.2837 0.2583 0.0390 0.0190
151 0.8789 0.0434 0.0469 0.0102 0.0207
152 0.5630 0.1010 0.3159 0.0072 0.0129
153 0.4712 0.1494 0.3342 0.0306 0.0145
154 0.7314 0.0629 0.1594 0.0062 0.0397
155 0.6021 0.1354 0.2303 0.0017 0.0302
156 0.6187 0.1135 0.2578 0.0018 0.0084
157 0.3374 0.2179 0.4333 0.0012 0.0101
158 0.7793 0.0867 0.1176 0.0032 0.0133
159 0.7788 0.1343 0.0742 0.0083 0.0042
160 0.7451 0.0151 0.0076 0.2308 0.0012
161 0.8403 0.0334 0.0220 0.1027 0.0016
162 0.5684 0.0306 0.0995 0.2993 0.0024
163 0.5269 0.0353 0.2776 0.1582 0.0020
164 0.4141 0.1621 0.2737 0.1355 0.0146
165 0.6797 0.1902 0.0851 0.0030 0.0421
166 0.5581 0.0933 0.3179 0.0157 0.0152
167 0.8232 0.0288 0.0447 0.1014 0.0018
168 0.9009 0.0270 0.0303 0.0408 0.0010
169 0.7930 0.0327 0.0427 0.1295 0.0020
170 0.6509 0.0867 0.0867 0.1738 0.0016
171 0.4209 0.1825 0.3628 0.0080 0.0257
172 0.8320 0.0986 0.0598 0.0007 0.0088
173 0.1691 0.4185 0.2876 0.1199 0.0051
174 0.6216 0.1365 0.2286 0.0017 0.0118
175 0.9497 0.0071 0.0310 0.0102 0.0017
176 0.6777 0.0443 0.2551 0.0182 0.0047
177 0.2406 0.0541 0.6592 0.0402 0.0057
178 0.4177 0.0437 0.4517 0.0816 0.0056
179 0.8325 0.0090 0.0208 0.1359 0.0020
180 0.7905 0.0460 0.1362 0.0135 0.0138
181 0.7095 0.0233 0.1475 0.0960 0.0239
182 0.5293 0.0877 0.3525 0.0102 0.0205
183 0.1669 0.0467 0.1094 0.3701 0.3069
184 0.6221 0.0098 0.0687 0.2893 0.0099
185 0.8008 0.0837 0.0603 0.0033 0.0516
186 0.7441 0.1080 0.0946 0.0022 0.0510
187 0.5708 0.2289 0.1598 0.0029 0.0377
188 0.4502 0.0586 0.2795 0.1981 0.0137
189 0.2922 0.0180 0.2008 0.4456 0.0434
190 0.3052 0.0257 0.1022 0.5034 0.0635
191 0.3562 0.0212 0.0753 0.4573 0.0900
