time exciting_prob fearful_prob tense_prob sad_prob relaxing_prob
0 0.2037 0.2830 0.2496 0.2310 0.0327
1 0.9238 0.0207 0.0163 0.0111 0.0279
2 0.9004 0.0191 0.0242 0.0320 0.0242
3 0.9287 0.0129 0.0181 0.0191 0.0212
4 0.9243 0.0119 0.0172 0.0252 0.0212
5 0.8740 0.0127 0.0229 0.0412 0.0490
6 0.1514 0.1898 0.1958 0.4211 0.0420
7 0.1459 0.2295 0.0576 0.5337 0.0336
8 0.2109 0.2428 0.1804 0.2563 0.1094
9 0.3420 0.0445 0.1995 0.0825 0.3315
10 0.6660 0.0629 0.0908 0.0281 0.1521
11 0.3782 0.3962 0.0520 0.0948 0.0787
12 0.6489 0.0972 0.0533 0.0957 0.1051
13 0.5659 0.0556 0.1022 0.0192 0.2571
14 0.2822 0.1047 0.1398 0.4238 0.0494
15 0.2578 0.1162 0.0927 0.2223 0.3110
16 0.8105 0.0754 0.0174 0.0522 0.0443
17 0.8892 0.0615 0.0109 0.0135 0.0250
18 0.5322 0.1073 0.0969 0.1099 0.1537
19 0.3984 0.1215 0.0676 0.2512 0.1610
20 0.0745 0.6855 0.1482 0.0806 0.0113
21 0.0381 0.6553 0.2128 0.0887 0.0050
22 0.1115 0.2166 0.1031 0.3684 0.2003
23 0.1512 0.2343 0.1160 0.3862 0.1124
24 0.0843 0.2786 0.1285 0.1729 0.3359
25 0.2122 0.3904 0.1209 0.2173 0.0594
26 0.2180 0.3826 0.1131 0.1375 0.1487
27 0.0608 0.4424 0.4026 0.0598 0.0344
28 0.4363 0.3672 0.0201 0.1682 0.0083
29 0.8242 0.1151 0.0150 0.0332 0.0123
30 0.0817 0.0856 0.4150 0.3662 0.0515
31 0.3435 0.2593 0.2288 0.1024 0.0661
32 0.2576 0.1959 0.1016 0.4280 0.0171
33 0.6040 0.2329 0.1208 0.0276 0.0144
34 0.2808 0.0267 0.6084 0.0631 0.0210
35 0.1971 0.0271 0.7212 0.0359 0.0185
36 0.2437 0.3279 0.2004 0.0606 0.1675
37 0.3057 0.1586 0.2253 0.0630 0.2474
38 0.1987 0.3030 0.2847 0.1699 0.0436
39 0.5439 0.1510 0.2147 0.0410 0.0494
40 0.1790 0.0290 0.5869 0.1329 0.0723
41 0.4912 0.1821 0.1487 0.1292 0.0486
42 0.5103 0.3220 0.0867 0.0559 0.0250
43 0.3115 0.0663 0.2666 0.3423 0.0132
44 0.3892 0.2739 0.2003 0.0726 0.0640
45 0.7153 0.0848 0.0815 0.0961 0.0225
46 0.8174 0.0606 0.0561 0.0547 0.0113
47 0.1774 0.0283 0.0663 0.6191 0.1093
48 0.1405 0.1891 0.0422 0.1221 0.5059
49 0.0867 0.0587 0.0081 0.1204 0.7261
50 0.0704 0.6035 0.1108 0.1538 0.0612
51 0.3428 0.1646 0.3481 0.0901 0.0543
52 0.4233 0.2932 0.0982 0.0379 0.1475
53 0.4951 0.2489 0.0778 0.0569 0.1213
54 0.5508 0.2261 0.1043 0.0153 0.1035
55 0.7109 0.1295 0.0767 0.0218 0.0612
56 0.6201 0.1581 0.0958 0.0207 0.1053
57 0.6094 0.1287 0.1732 0.0177 0.0711
58 0.4780 0.0979 0.2600 0.0470 0.1171
59 0.4207 0.1302 0.3149 0.0655 0.0687
60 0.1653 0.3782 0.1932 0.2089 0.0545
61 0.0742 0.2032 0.1014 0.0142 0.6069
62 0.4402 0.1353 0.0149 0.1849 0.2247
63 0.3943 0.1670 0.0204 0.0649 0.3535
64 0.4048 0.1853 0.0232 0.0810 0.3057
65 0.1594 0.1261 0.0104 0.0486 0.6553
66 0.2120 0.1827 0.0160 0.0352 0.5542
67 0.2214 0.0691 0.0143 0.0186 0.6768
68 0.3740 0.2323 0.0135 0.0999 0.2803
69 0.3340 0.1328 0.0102 0.1042 0.4189
70 0.7153 0.1323 0.0655 0.0630 0.0241
71 0.5771 0.1949 0.0838 0.0372 0.1068
72 0.3271 0.2339 0.1671 0.1396 0.1322
73 0.5010 0.2057 0.0622 0.0884 0.1425
74 0.5947 0.1786 0.0647 0.0511 0.1109
75 0.3730 0.1847 0.0525 0.0706 0.3191
76 0.1214 0.6162 0.0983 0.1583 0.0056
77 0.1174 0.1965 0.3643 0.1268 0.1949
78 0.3083 0.1143 0.1664 0.2039 0.2070
79 0.3044 0.1230 0.1094 0.2108 0.2524
80 0.2603 0.0590 0.0628 0.1788 0.4392
81 0.2399 0.0687 0.0539 0.2512 0.3862
82 0.0081 0.7891 0.1460 0.0545 0.0022
83 0.3101 0.1794 0.0983 0.1511 0.2610
84 0.2355 0.1697 0.1193 0.2817 0.1937
85 0.0705 0.0389 0.0448 0.2073 0.6387
86 0.0676 0.0714 0.0167 0.0526 0.7915
87 0.1268 0.5640 0.2075 0.0928 0.0089
88 0.0502 0.4585 0.4109 0.0671 0.0134
89 0.0275 0.0217 0.0177 0.0165 0.9165
90 0.1481 0.1327 0.0408 0.1370 0.5415
91 0.3516 0.1500 0.0110 0.2494 0.2379
92 0.4116 0.2037 0.0108 0.0843 0.2896
93 0.0654 0.0498 0.0419 0.0938 0.7490
94 0.0389 0.0213 0.0085 0.0185 0.9131
95 0.3430 0.1113 0.0916 0.4072 0.0468
96 0.2971 0.1846 0.0594 0.2561 0.2026
97 0.0458 0.0155 0.0116 0.0626 0.8647
98 0.0896 0.0388 0.0206 0.0526 0.7983
99 0.0088 0.0072 0.0131 0.0346 0.9360
100 0.0947 0.0484 0.0583 0.6270 0.1715
101 0.5566 0.1364 0.0789 0.1953 0.0329
102 0.6279 0.0830 0.1327 0.0617 0.0948
103 0.8911 0.0255 0.0592 0.0078 0.0163
104 0.6489 0.1019 0.0571 0.1200 0.0722
105 0.1224 0.0298 0.0241 0.0130 0.8105
106 0.2673 0.0882 0.0518 0.0130 0.5796
107 0.3765 0.2754 0.2338 0.0136 0.1006
108 0.4087 0.2598 0.1552 0.0224 0.1539
109 0.2321 0.1312 0.2096 0.3708 0.0564
110 0.2303 0.1186 0.1167 0.0834 0.4509
111 0.2411 0.1724 0.2449 0.1321 0.2095
112 0.1584 0.0743 0.0671 0.0171 0.6831
113 0.1903 0.1627 0.2462 0.3064 0.0942
114 0.2747 0.1577 0.2600 0.1371 0.1705
115 0.2410 0.2605 0.2281 0.2126 0.0577
116 0.0854 0.2590 0.4011 0.2181 0.0362
117 0.1787 0.1516 0.0871 0.2073 0.3752
118 0.6484 0.0824 0.0589 0.0941 0.1162
119 0.3459 0.1089 0.1686 0.0359 0.3406
120 0.1418 0.2096 0.1938 0.0753 0.3794
121 0.1714 0.2676 0.3032 0.1356 0.1225
122 0.2120 0.3135 0.2329 0.1814 0.0603
123 0.4062 0.0886 0.3586 0.1094 0.0372
124 0.3403 0.0514 0.1132 0.4270 0.0681
125 0.2225 0.1027 0.1788 0.3816 0.1146
126 0.4565 0.1680 0.1903 0.0734 0.1119
127 0.2434 0.1986 0.2844 0.1986 0.0748
128 0.0690 0.0886 0.2299 0.5181 0.0944
129 0.0675 0.4265 0.3171 0.1311 0.0577
130 0.1109 0.1127 0.2089 0.4285 0.1392
131 0.1760 0.2225 0.2727 0.1530 0.1760
132 0.2644 0.2158 0.2793 0.1329 0.1077
133 0.2197 0.0403 0.0482 0.5972 0.0945
134 0.3591 0.2842 0.1148 0.0908 0.1509
135 0.3027 0.1167 0.0967 0.2957 0.1880
136 0.1212 0.2230 0.4871 0.0974 0.0713
137 0.3154 0.3518 0.1410 0.0593 0.1324
138 0.1208 0.3208 0.2188 0.2559 0.0837
139 0.2021 0.2185 0.2255 0.1783 0.1755
140 0.1292 0.2715 0.1924 0.0847 0.3223
141 0.2002 0.1293 0.2018 0.3828 0.0861
142 0.5698 0.1185 0.0759 0.1864 0.0494
143 0.3767 0.1105 0.2163 0.1570 0.1396
144 0.4434 0.0741 0.2062 0.1311 0.1451
145 0.0769 0.3728 0.5342 0.0129 0.0035
146 0.5986 0.2102 0.0721 0.0829 0.0359
147 0.4141 0.1866 0.0569 0.2590 0.0834
148 0.3813 0.3843 0.0775 0.1181 0.0389
149 0.3159 0.0608 0.0134 0.5903 0.0194
150 0.1406 0.0100 0.0619 0.1863 0.6011
151 0.1389 0.0121 0.0709 0.1840 0.5942
152 0.1144 0.0139 0.0994 0.1539 0.6182
153 0.7202 0.0591 0.0753 0.1261 0.0190
154 0.5249 0.2578 0.0884 0.1002 0.0285
155 0.2227 0.0943 0.2158 0.4226 0.0446
156 0.3296 0.0122 0.1498 0.1232 0.3853
157 0.4155 0.1815 0.2258 0.1209 0.0562
158 0.3152 0.0234 0.0370 0.2035 0.4209
159 0.3320 0.1709 0.1593 0.2773 0.0605
160 0.0641 0.0181 0.0524 0.8584 0.0071
161 0.4084 0.1125 0.1285 0.2169 0.1337
162 0.5791 0.1080 0.1196 0.0420 0.1511
163 0.3774 0.0348 0.0312 0.2184 0.3381
164 0.4080 0.0939 0.0842 0.2184 0.1957
165 0.1652 0.1552 0.1842 0.4419 0.0536
166 0.0534 0.0429 0.3218 0.5649 0.0171
167 0.4812 0.0744 0.1041 0.0744 0.2659
168 0.1254 0.1661 0.2201 0.4807 0.0075
169 0.0111 0.0306 0.0446 0.9097 0.0041
170 0.1887 0.0949 0.2500 0.3813 0.0851
171 0.2556 0.3059 0.3806 0.0451 0.0127
172 0.1715 0.1884 0.4734 0.1490 0.0177
173 0.1382 0.5381 0.2107 0.1027 0.0105
174 0.0712 0.5688 0.3506 0.0089 0.0002
175 0.1902 0.0608 0.1705 0.2747 0.3040
176 0.2729 0.1331 0.1655 0.2092 0.2192
177 0.2542 0.1506 0.1249 0.2388 0.2314
178 0.0762 0.2500 0.3418 0.3040 0.0280
179 0.2344 0.2325 0.0939 0.1974 0.2418
180 0.3267 0.2771 0.2109 0.0872 0.0981
181 0.3037 0.1930 0.1638 0.1227 0.2169
182 0.0843 0.4453 0.2274 0.2291 0.0139
183 0.0545 0.4675 0.2993 0.1554 0.0233
184 0.2683 0.1110 0.0995 0.2423 0.2791
185 0.1466 0.1514 0.2325 0.1466 0.3228
186 0.1438 0.0740 0.2262 0.1592 0.3970
187 0.0514 0.1038 0.1534 0.6069 0.0847
188 0.1475 0.3196 0.1924 0.2629 0.0777
189 0.6240 0.0496 0.0481 0.0283 0.2500
190 0.1932 0.0942 0.1425 0.3445 0.2258
191 0.1687 0.1048 0.1584 0.1537 0.4143
192 0.5835 0.2302 0.0620 0.0423 0.0821
193 0.5166 0.2678 0.0488 0.1125 0.0544
194 0.3794 0.1792 0.0908 0.3147 0.0359
195 0.4292 0.2091 0.0787 0.1761 0.1068
196 0.3213 0.2949 0.2705 0.1027 0.0106
197 0.5479 0.1985 0.1131 0.1071 0.0334
198 0.6333 0.0912 0.1163 0.1381 0.0208
199 0.3621 0.0173 0.0479 0.5698 0.0031
200 0.5527 0.0164 0.0468 0.3799 0.0042
201 0.5811 0.0236 0.0392 0.3523 0.0041
