time exciting_prob fearful_prob tense_prob sad_prob relaxing_prob
0 0.2634 0.4143 0.0773 0.2117 0.0335
1 0.0340 0.3887 0.5479 0.0223 0.0072
2 0.0878 0.3018 0.5293 0.0352 0.0459
3 0.0383 0.1638 0.6279 0.0162 0.1538
4 0.0709 0.2893 0.4080 0.0029 0.2289
5 0.1385 0.2629 0.2432 0.0071 0.3484
6 0.6279 0.0876 0.2222 0.0139 0.0484
7 0.3948 0.0686 0.3623 0.0223 0.1522
8 0.2947 0.2207 0.2386 0.0627 0.1830
9 0.0795 0.1183 0.5430 0.0381 0.2211
10 0.0461 0.2286 0.6934 0.0125 0.0194
11 0.2651 0.1881 0.1272 0.3250 0.0945
12 0.2832 0.0963 0.1237 0.3750 0.1218
13 0.2722 0.2056 0.0927 0.2744 0.1552
14 0.3396 0.1361 0.1052 0.1220 0.2974
15 0.1730 0.1945 0.1143 0.1663 0.3521
16 0.2278 0.1154 0.2834 0.2834 0.0899
17 0.1813 0.2205 0.3662 0.0919 0.1401
18 0.1392 0.0477 0.1084 0.6484 0.0562
19 0.2081 0.0960 0.2629 0.3767 0.0560
20 0.4116 0.0876 0.2401 0.1445 0.1161
21 0.2212 0.1820 0.4102 0.0959 0.0908
22 0.2186 0.2203 0.2659 0.0662 0.2291
23 0.2021 0.1170 0.2119 0.2920 0.1770
24 0.1791 0.0619 0.2126 0.4717 0.0746
25 0.1862 0.0604 0.0852 0.4717 0.1967
26 0.2349 0.1050 0.2683 0.3186 0.0733
27 0.2484 0.1471 0.0965 0.3970 0.1111
28 0.0336 0.1517 0.4937 0.1667 0.1542
29 0.0954 0.0491 0.2515 0.3079 0.2961
30 0.3101 0.1097 0.1500 0.1500 0.2803
31 0.4473 0.0547 0.1232 0.2129 0.1620
32 0.0972 0.0711 0.2856 0.5054 0.0405
33 0.3054 0.0465 0.2435 0.2983 0.1064
34 0.1567 0.1508 0.3848 0.2408 0.0669
35 0.3542 0.0809 0.0991 0.0766 0.3892
36 0.0745 0.0253 0.1858 0.1639 0.5503
37 0.0554 0.1329 0.4714 0.0995 0.2407
38 0.1808 0.0888 0.5439 0.1272 0.0592
39 0.1351 0.1028 0.4465 0.2094 0.1061
40 0.2133 0.1168 0.0961 0.2083 0.3655
41 0.1660 0.2673 0.1660 0.1536 0.2472
42 0.1312 0.1633 0.4993 0.1476 0.0587
43 0.1411 0.1444 0.4148 0.2742 0.0255
44 0.1333 0.1442 0.3379 0.2491 0.1355
45 0.1837 0.0461 0.3052 0.3328 0.1323
46 0.2098 0.0903 0.4802 0.1141 0.1055
47 0.1515 0.2346 0.2898 0.2681 0.0562
48 0.1074 0.1422 0.2169 0.4485 0.0850
49 0.0700 0.0878 0.6001 0.2260 0.0164
50 0.1431 0.0578 0.2322 0.4475 0.1195
51 0.2769 0.1060 0.2522 0.2157 0.1494
52 0.4045 0.0578 0.0828 0.3352 0.1196
53 0.1289 0.1604 0.1804 0.1543 0.3760
54 0.4194 0.1438 0.1804 0.1069 0.1495
55 0.1797 0.1263 0.1178 0.0440 0.5322
56 0.2400 0.0561 0.3333 0.2006 0.1702
57 0.0849 0.0447 0.3281 0.1587 0.3835
58 0.0864 0.1517 0.5635 0.1248 0.0734
59 0.0933 0.1216 0.3035 0.3035 0.1783
60 0.1411 0.0925 0.6079 0.1378 0.0205
61 0.1143 0.0978 0.3467 0.2103 0.2310
62 0.2047 0.1632 0.3564 0.0759 0.2000
63 0.4927 0.0383 0.0993 0.2135 0.1562
64 0.0603 0.4216 0.2023 0.1677 0.1481
65 0.0922 0.0577 0.4905 0.3218 0.0378
66 0.0401 0.1091 0.4182 0.4248 0.0077
67 0.0722 0.2539 0.5010 0.0987 0.0739
68 0.1375 0.1185 0.3977 0.0345 0.3120
69 0.1555 0.0981 0.4033 0.0723 0.2708
70 0.1855 0.1870 0.3777 0.0756 0.1743
71 0.0704 0.0503 0.4346 0.0427 0.4019
72 0.1035 0.1298 0.4155 0.3088 0.0424
73 0.1016 0.3008 0.2827 0.1989 0.1160
74 0.1169 0.1072 0.5078 0.0616 0.2067
75 0.1906 0.1260 0.2839 0.0572 0.3423
76 0.1960 0.1562 0.2722 0.2639 0.1117
77 0.3567 0.1895 0.2081 0.1262 0.1195
78 0.1444 0.3545 0.2805 0.1897 0.0310
79 0.0227 0.3494 0.5244 0.0978 0.0058
80 0.1184 0.3169 0.4539 0.0887 0.0222
81 0.1581 0.0521 0.0807 0.0839 0.6250
82 0.1160 0.2052 0.2418 0.0507 0.3865
83 0.2344 0.0351 0.1142 0.3630 0.2534
84 0.1107 0.0755 0.1959 0.2874 0.3306
85 0.0992 0.1024 0.3689 0.1490 0.2805
86 0.1580 0.0723 0.3940 0.2563 0.1193
87 0.0398 0.2534 0.5361 0.1512 0.0192
88 0.0718 0.0967 0.3455 0.2732 0.2128
89 0.1104 0.0982 0.1863 0.3096 0.2954
90 0.0432 0.1404 0.6099 0.1666 0.0402
91 0.2910 0.1476 0.3027 0.1167 0.1418
92 0.2067 0.0903 0.3740 0.1881 0.1409
93 0.2096 0.1570 0.2932 0.2507 0.0894
94 0.2186 0.0562 0.3035 0.3748 0.0469
95 0.0753 0.1290 0.3096 0.3792 0.1070
96 0.0326 0.3914 0.3508 0.1148 0.1104
97 0.0910 0.0861 0.2959 0.2378 0.2891
98 0.0631 0.1188 0.2310 0.2238 0.3633
99 0.1598 0.0284 0.0579 0.2418 0.5122
100 0.1512 0.0925 0.1661 0.1056 0.4846
101 0.1148 0.0795 0.5435 0.2266 0.0356
102 0.2773 0.0443 0.2908 0.3677 0.0199
103 0.2266 0.1908 0.2588 0.1777 0.1462
104 0.0811 0.2039 0.5415 0.1144 0.0593
105 0.1328 0.1370 0.6138 0.0942 0.0222
106 0.0540 0.0188 0.3489 0.5239 0.0544
107 0.1111 0.0865 0.3560 0.3215 0.1249
108 0.1859 0.0878 0.4976 0.1059 0.1229
109 0.1160 0.0476 0.4482 0.3384 0.0495
110 0.2208 0.0673 0.1591 0.4822 0.0706
111 0.0969 0.2869 0.3201 0.2781 0.0179
112 0.0692 0.1097 0.0917 0.7104 0.0191
113 0.0497 0.0369 0.0833 0.7896 0.0406
114 0.2725 0.0818 0.3337 0.2499 0.0622
115 0.2859 0.0679 0.3215 0.2524 0.0723
116 0.0809 0.2322 0.6021 0.0543 0.0305
117 0.1489 0.2825 0.4175 0.0687 0.0822
118 0.0914 0.3877 0.3787 0.0757 0.0663
119 0.1459 0.0927 0.5376 0.1414 0.0825
120 0.1065 0.2021 0.6177 0.0427 0.0310
121 0.0675 0.1606 0.6982 0.0670 0.0068
122 0.0781 0.0227 0.1127 0.7178 0.0688
123 0.1991 0.1945 0.2920 0.1743 0.1401
124 0.0900 0.0643 0.4392 0.3342 0.0723
125 0.1395 0.0789 0.5024 0.1921 0.0873
126 0.1747 0.3088 0.3528 0.0838 0.0800
127 0.2084 0.1500 0.3801 0.0992 0.1622
128 0.1785 0.2256 0.3521 0.1469 0.0970
129 0.1678 0.1902 0.4387 0.1228 0.0805
130 0.1818 0.3091 0.2815 0.0914 0.1361
131 0.1068 0.2522 0.3289 0.1542 0.1578
132 0.3271 0.0471 0.4648 0.1203 0.0406
133 0.2727 0.1603 0.3967 0.1298 0.0405
134 0.0509 0.1981 0.5869 0.1472 0.0166
135 0.0712 0.1967 0.6548 0.0638 0.0133
136 0.1199 0.2312 0.5088 0.1144 0.0253
137 0.0316 0.1119 0.3669 0.4392 0.0504
138 0.1124 0.1742 0.5000 0.1611 0.0523
139 0.0460 0.0614 0.4863 0.3503 0.0559
140 0.0578 0.0616 0.6216 0.2360 0.0232
141 0.2086 0.0883 0.5371 0.1368 0.0294
142 0.1227 0.0986 0.3809 0.3442 0.0536
143 0.1299 0.2352 0.4326 0.1320 0.0701
144 0.1022 0.2339 0.1849 0.4136 0.0654
145 0.1968 0.1175 0.3706 0.2449 0.0702
146 0.1997 0.1310 0.5430 0.0958 0.0306
147 0.1185 0.1005 0.6157 0.1396 0.0254
148 0.1930 0.1152 0.3232 0.2328 0.1357
149 0.1066 0.0441 0.6846 0.1256 0.0392
150 0.2012 0.1299 0.2297 0.3291 0.1102
151 0.1683 0.1440 0.3347 0.1923 0.1606
152 0.1070 0.1644 0.4988 0.1417 0.0880
153 0.0315 0.0963 0.4929 0.3257 0.0536
154 0.0818 0.2329 0.4856 0.1381 0.0617
155 0.0642 0.0657 0.4155 0.3843 0.0700
156 0.1969 0.2935 0.2844 0.1232 0.1022
157 0.1329 0.2091 0.3787 0.1494 0.1299
158 0.4304 0.0479 0.1837 0.2693 0.0687
159 0.1353 0.0724 0.2393 0.4910 0.0620
160 0.0542 0.0568 0.6201 0.2390 0.0299
161 0.0546 0.0599 0.4534 0.4192 0.0130
162 0.0398 0.1039 0.6265 0.1866 0.0430
163 0.0815 0.1621 0.4729 0.2200 0.0635
164 0.2167 0.1031 0.3716 0.2871 0.0215
165 0.3252 0.1399 0.2869 0.2397 0.0084
166 0.0989 0.3269 0.5386 0.0277 0.0079
167 0.1549 0.5620 0.1489 0.1115 0.0227
168 0.0746 0.1183 0.5869 0.1967 0.0235
169 0.3513 0.0620 0.1608 0.3513 0.0748
170 0.0920 0.0197 0.6484 0.2106 0.0292
171 0.0880 0.1301 0.4722 0.3000 0.0097
172 0.2346 0.1226 0.3662 0.2401 0.0365
173 0.1439 0.1508 0.3452 0.2566 0.1036
174 0.1411 0.0918 0.2720 0.4414 0.0536
175 0.1058 0.1296 0.4893 0.2578 0.0174
176 0.1973 0.0345 0.6567 0.0977 0.0137
177 0.2947 0.0608 0.1530 0.4783 0.0132
178 0.4250 0.1190 0.2189 0.2240 0.0131
179 0.1074 0.1207 0.6084 0.1346 0.0291
180 0.0600 0.3589 0.4756 0.0936 0.0119
181 0.1335 0.0767 0.4587 0.2827 0.0484
182 0.1486 0.0453 0.4038 0.2690 0.1332
183 0.1104 0.0981 0.4946 0.2690 0.0279
184 0.1080 0.0778 0.5068 0.2629 0.0443
185 0.0251 0.0448 0.8130 0.1034 0.0136
186 0.3169 0.1384 0.2795 0.1156 0.1497
187 0.1294 0.0797 0.3923 0.3411 0.0574
188 0.1117 0.1001 0.6426 0.1025 0.0431
189 0.1521 0.0938 0.4722 0.2607 0.0211
190 0.1333 0.0821 0.2064 0.5698 0.0083
191 0.0839 0.1472 0.5220 0.1630 0.0839
192 0.1217 0.0441 0.5410 0.2383 0.0548
193 0.2471 0.0518 0.3223 0.3484 0.0307
194 0.1165 0.0752 0.2583 0.5386 0.0114
195 0.1912 0.1215 0.1304 0.5039 0.0531
196 0.1454 0.0635 0.3828 0.3486 0.0596
197 0.1120 0.0609 0.4751 0.3164 0.0355
198 0.1113 0.0952 0.5229 0.1924 0.0783
199 0.2275 0.0898 0.5127 0.1025 0.0673
200 0.1807 0.0696 0.4368 0.2820 0.0307
201 0.1322 0.1808 0.4800 0.1954 0.0116
202 0.1707 0.0781 0.4031 0.2603 0.0878
203 0.1615 0.0435 0.2747 0.5054 0.0153
204 0.0996 0.1183 0.5303 0.2262 0.0258
205 0.0989 0.0922 0.3647 0.4265 0.0177
206 0.0685 0.0494 0.5225 0.3374 0.0222
207 0.0925 0.0469 0.4849 0.3604 0.0153
208 0.1726 0.0754 0.0720 0.4548 0.2251
209 0.1061 0.0460 0.2646 0.5474 0.0356
210 0.1354 0.0821 0.4167 0.3003 0.0654
211 0.0299 0.1720 0.6963 0.0851 0.0166
212 0.0595 0.1764 0.4541 0.0853 0.2247
213 0.2103 0.0933 0.2517 0.1434 0.3013
214 0.1785 0.2220 0.2808 0.2365 0.0823
215 0.0543 0.1293 0.7559 0.0487 0.0120
216 0.0585 0.1578 0.6245 0.1361 0.0231
217 0.3171 0.1895 0.1464 0.1167 0.2302
218 0.3535 0.2062 0.0930 0.1683 0.1791
219 0.0743 0.3057 0.5493 0.0454 0.0255
220 0.0485 0.2483 0.4712 0.2107 0.0212
221 0.0163 0.2214 0.7036 0.0514 0.0070
222 0.1172 0.0972 0.3787 0.3757 0.0313
223 0.1533 0.1683 0.4912 0.1429 0.0443
224 0.0846 0.0674 0.3269 0.4907 0.0302
225 0.0748 0.0487 0.5527 0.2822 0.0416
226 0.0524 0.1627 0.6387 0.1027 0.0435
227 0.0815 0.4075 0.4011 0.0560 0.0539
228 0.0282 0.2847 0.4729 0.1987 0.0154
229 0.0389 0.2367 0.3843 0.3135 0.0266
230 0.0726 0.1356 0.5156 0.2271 0.0491
231 0.1003 0.0920 0.5132 0.2350 0.0594
232 0.2517 0.1135 0.3606 0.1827 0.0912
233 0.1248 0.0699 0.5210 0.2578 0.0264
234 0.0732 0.1151 0.3923 0.4048 0.0145
235 0.1331 0.0958 0.5693 0.1936 0.0083
236 0.0867 0.2079 0.4614 0.2356 0.0084
237 0.1456 0.0451 0.5801 0.2202 0.0088
238 0.0972 0.1309 0.2971 0.4639 0.0107
239 0.1764 0.1342 0.4070 0.1544 0.1281
240 0.0383 0.0594 0.4819 0.3811 0.0392
241 0.0320 0.0971 0.1492 0.4250 0.2966
242 0.1119 0.1965 0.2445 0.2244 0.2227
243 0.1016 0.2271 0.2695 0.2150 0.1868
244 0.0784 0.0625 0.6768 0.1672 0.0151
245 0.0818 0.0994 0.6636 0.1436 0.0114
246 0.1229 0.0980 0.6099 0.1339 0.0352
247 0.0999 0.1168 0.5840 0.1523 0.0472
248 0.0569 0.1014 0.5317 0.2759 0.0342
249 0.0580 0.2404 0.2089 0.4089 0.0837
250 0.0942 0.3337 0.1843 0.1528 0.2349
251 0.0168 0.0787 0.0508 0.1239 0.7300
252 0.2542 0.1980 0.1361 0.2925 0.1191
253 0.1530 0.0572 0.3906 0.3447 0.0545
254 0.2952 0.1450 0.0525 0.0776 0.4297
255 0.2003 0.2200 0.2612 0.1674 0.1511
256 0.2705 0.1577 0.2500 0.1360 0.1858
257 0.2649 0.2179 0.3481 0.0639 0.1053
258 0.1343 0.1140 0.5068 0.2097 0.0350
259 0.1604 0.2125 0.2974 0.1694 0.1604
260 0.0984 0.1263 0.3435 0.4077 0.0241
261 0.0908 0.1194 0.5269 0.2196 0.0432
262 0.1035 0.1471 0.6050 0.0763 0.0684
263 0.0872 0.2482 0.4937 0.1542 0.0169
264 0.0255 0.0883 0.6030 0.2676 0.0157
265 0.1632 0.0514 0.1821 0.5186 0.0847
266 0.0204 0.1354 0.4761 0.2842 0.0840
267 0.1069 0.2352 0.1761 0.1890 0.2927
268 0.1664 0.0652 0.1357 0.5371 0.0955
269 0.2883 0.0314 0.2976 0.3479 0.0347
270 0.1941 0.2098 0.1511 0.1713 0.2737
271 0.0933 0.1855 0.4417 0.0773 0.2021
272 0.2036 0.1178 0.1421 0.4275 0.1089
273 0.1818 0.0712 0.3503 0.2949 0.1019
274 0.2118 0.0523 0.1624 0.4924 0.0810
275 0.1537 0.1245 0.0855 0.3032 0.3330
276 0.5044 0.0544 0.1676 0.1729 0.1008
277 0.0323 0.0380 0.7397 0.1515 0.0386
278 0.0494 0.1453 0.5654 0.1558 0.0840
279 0.4395 0.1270 0.1862 0.1669 0.0807
280 0.2891 0.1687 0.1687 0.3354 0.0382
281 0.4592 0.0434 0.0532 0.3989 0.0451
282 0.1321 0.2335 0.4263 0.1891 0.0192
283 0.2101 0.0540 0.3057 0.4177 0.0125
284 0.1582 0.3145 0.2266 0.0707 0.2301
285 0.0712 0.1860 0.5220 0.0643 0.1566
286 0.3711 0.1559 0.3406 0.0510 0.0815
287 0.1133 0.0889 0.7334 0.0495 0.0150
288 0.3147 0.2754 0.1879 0.1292 0.0930
289 0.1516 0.1801 0.3311 0.3184 0.0190
290 0.1359 0.0891 0.2139 0.5210 0.0402
291 0.3481 0.1096 0.1301 0.2671 0.1451
