time exciting_prob fearful_prob tense_prob sad_prob relaxing_prob
0 0.5923 0.0952 0.0494 0.2507 0.0125
1 0.0759 0.0248 0.0148 0.0564 0.8281
2 0.1470 0.1050 0.0210 0.0418 0.6851
3 0.1229 0.1693 0.0279 0.0604 0.6196
4 0.1237 0.0716 0.0180 0.0346 0.7520
5 0.0731 0.0245 0.0391 0.1595 0.7041
6 0.0895 0.0543 0.0147 0.0808 0.7607
7 0.1318 0.0567 0.0590 0.1426 0.6099
8 0.1862 0.0428 0.0252 0.1061 0.6396
9 0.1149 0.0403 0.0262 0.1038 0.7148
10 0.4502 0.1021 0.1290 0.0740 0.2448
11 0.3552 0.1423 0.0799 0.0837 0.3389
12 0.0677 0.1718 0.1799 0.0837 0.4968
13 0.2159 0.4097 0.2192 0.1221 0.0331
14 0.0956 0.0884 0.2292 0.5332 0.0536
15 0.1960 0.3132 0.3416 0.1025 0.0466
16 0.3403 0.0471 0.3457 0.1158 0.1510
17 0.0728 0.1051 0.1349 0.6851 0.0019
18 0.1190 0.0253 0.0994 0.7524 0.0040
19 0.0516 0.0463 0.2042 0.6909 0.0069
20 0.1234 0.3569 0.3101 0.1956 0.0139
21 0.0493 0.0623 0.1776 0.6597 0.0509
22 0.1392 0.5249 0.2024 0.0739 0.0594
23 0.1904 0.2881 0.0723 0.2837 0.1654
24 0.0452 0.0637 0.2057 0.6743 0.0110
25 0.1006 0.0443 0.0991 0.7437 0.0122
26 0.0800 0.0806 0.0900 0.7188 0.0308
27 0.1526 0.4277 0.2272 0.1467 0.0458
28 0.0881 0.6025 0.1409 0.1234 0.0454
29 0.1416 0.3398 0.4644 0.0228 0.0314
30 0.1552 0.0739 0.1931 0.4854 0.0927
31 0.2676 0.1714 0.1388 0.1399 0.2825
32 0.0667 0.1274 0.4448 0.0955 0.2656
33 0.1283 0.0854 0.0895 0.2050 0.4917
34 0.0720 0.1489 0.2961 0.0519 0.4309
35 0.0480 0.0955 0.2328 0.5850 0.0386
36 0.0069 0.0309 0.1520 0.7603 0.0501
37 0.0360 0.3501 0.3906 0.1874 0.0360
38 0.0298 0.2935 0.5400 0.1195 0.0173
39 0.0148 0.3865 0.4734 0.1160 0.0093
40 0.0286 0.3647 0.2839 0.2839 0.0387
41 0.0595 0.1300 0.2839 0.5059 0.0206
42 0.1259 0.0567 0.3318 0.4604 0.0252
43 0.0452 0.5425 0.3613 0.0421 0.0091
44 0.0695 0.4641 0.3909 0.0412 0.0341
45 0.0630 0.4656 0.4585 0.0059 0.0070
46 0.0514 0.4685 0.4614 0.0064 0.0123
47 0.3108 0.4966 0.1664 0.0218 0.0045
48 0.4077 0.4695 0.1031 0.0152 0.0045
49 0.4866 0.3503 0.1310 0.0256 0.0065
50 0.4553 0.3660 0.1514 0.0194 0.0080
51 0.1091 0.4351 0.4351 0.0152 0.0057
52 0.0462 0.4590 0.4448 0.0377 0.0122
53 0.5068 0.3706 0.1038 0.0146 0.0042
54 0.6548 0.2125 0.0820 0.0467 0.0040
55 0.5781 0.3142 0.0880 0.0160 0.0035
56 0.5166 0.3440 0.1049 0.0315 0.0030
57 0.4678 0.3940 0.1028 0.0318 0.0036
58 0.0868 0.5928 0.2891 0.0269 0.0044
59 0.0484 0.5371 0.3157 0.0926 0.0061
60 0.1831 0.4324 0.1299 0.2502 0.0045
61 0.1874 0.2603 0.2026 0.3447 0.0051
62 0.3960 0.1600 0.1626 0.2517 0.0296
63 0.0283 0.0768 0.0562 0.8267 0.0122
64 0.0735 0.2015 0.0840 0.6260 0.0151
65 0.0892 0.1459 0.1349 0.6240 0.0060
66 0.1709 0.6250 0.1876 0.0123 0.0042
67 0.2991 0.0694 0.0558 0.5498 0.0259
68 0.2512 0.0749 0.0515 0.5981 0.0243
69 0.1309 0.0618 0.0663 0.7188 0.0224
70 0.3054 0.5532 0.0910 0.0454 0.0050
71 0.2913 0.5396 0.0861 0.0778 0.0052
72 0.5591 0.3088 0.0474 0.0800 0.0046
73 0.1006 0.5786 0.2096 0.1022 0.0088
74 0.4312 0.1884 0.1335 0.2418 0.0053
75 0.5420 0.2681 0.1058 0.0762 0.0080
76 0.3586 0.3530 0.1230 0.1543 0.0109
77 0.1833 0.6201 0.1036 0.0826 0.0101
78 0.1033 0.4485 0.4148 0.0303 0.0030
79 0.2903 0.4028 0.1309 0.1733 0.0027
80 0.1868 0.6221 0.1115 0.0660 0.0137
81 0.0296 0.0580 0.0700 0.8394 0.0030
82 0.0176 0.0548 0.0835 0.8433 0.0006
83 0.3677 0.4365 0.1581 0.0316 0.0061
84 0.0600 0.8418 0.0867 0.0099 0.0016
85 0.0070 0.8940 0.0793 0.0188 0.0005
86 0.4221 0.2561 0.2482 0.0613 0.0123
87 0.3132 0.4348 0.2136 0.0265 0.0120
88 0.0329 0.8345 0.1045 0.0169 0.0111
89 0.0841 0.7554 0.1302 0.0213 0.0089
90 0.0298 0.7393 0.0761 0.1503 0.0043
91 0.1099 0.6577 0.1161 0.0561 0.0602
92 0.0311 0.5181 0.4160 0.0326 0.0024
93 0.5884 0.1971 0.1559 0.0365 0.0219
94 0.3889 0.3379 0.2050 0.0151 0.0530
95 0.2338 0.4834 0.1683 0.1038 0.0107
96 0.2539 0.5049 0.1412 0.0857 0.0144
97 0.5010 0.2991 0.1425 0.0488 0.0086
98 0.3188 0.1182 0.3557 0.1903 0.0170
99 0.0848 0.8042 0.0875 0.0158 0.0075
100 0.0795 0.6973 0.1556 0.0624 0.0053
101 0.0289 0.5767 0.2367 0.1528 0.0047
102 0.2338 0.2864 0.0952 0.3735 0.0113
103 0.1804 0.5776 0.1240 0.1111 0.0069
104 0.0475 0.4841 0.3711 0.0841 0.0131
105 0.2229 0.3733 0.2062 0.1876 0.0101
106 0.1818 0.3291 0.1996 0.2563 0.0334
107 0.6895 0.1770 0.0823 0.0465 0.0046
108 0.7158 0.1206 0.0682 0.0869 0.0085
109 0.7725 0.0887 0.0620 0.0735 0.0033
110 0.1451 0.3650 0.3650 0.1087 0.0163
111 0.1505 0.3499 0.3555 0.1093 0.0349
112 0.2413 0.4651 0.2568 0.0232 0.0135
113 0.3552 0.2944 0.0716 0.2600 0.0187
114 0.2615 0.3010 0.1255 0.2964 0.0157
115 0.1281 0.7197 0.1013 0.0471 0.0041
116 0.1073 0.6421 0.1989 0.0480 0.0038
117 0.0199 0.5713 0.3989 0.0053 0.0043
118 0.0242 0.4092 0.5015 0.0477 0.0174
119 0.0197 0.4116 0.1770 0.3806 0.0110
120 0.0200 0.5981 0.1687 0.2100 0.0031
121 0.1106 0.5112 0.2654 0.1106 0.0023
122 0.1733 0.4395 0.2881 0.0839 0.0153
123 0.0620 0.1510 0.0930 0.6558 0.0382
124 0.2610 0.2163 0.1821 0.2866 0.0539
125 0.0576 0.6143 0.1995 0.1267 0.0019
126 0.0646 0.6836 0.1573 0.0925 0.0022
127 0.1235 0.5669 0.2152 0.0918 0.0025
128 0.1241 0.0937 0.1166 0.6304 0.0356
129 0.1929 0.1573 0.3130 0.3081 0.0287
130 0.2487 0.0974 0.1736 0.4231 0.0573
131 0.0600 0.8350 0.0342 0.0614 0.0094
132 0.1804 0.7246 0.0674 0.0177 0.0099
133 0.1376 0.7383 0.0766 0.0430 0.0047
134 0.2583 0.6445 0.0585 0.0270 0.0118
135 0.1696 0.2211 0.0478 0.5474 0.0145
136 0.0627 0.4595 0.4055 0.0500 0.0224
137 0.1213 0.6660 0.1375 0.0615 0.0135
138 0.0418 0.8604 0.0865 0.0033 0.0080
139 0.0839 0.3477 0.0706 0.4827 0.0150
140 0.0686 0.5479 0.0494 0.3220 0.0120
141 0.0671 0.8174 0.0946 0.0125 0.0085
142 0.0324 0.8823 0.0759 0.0049 0.0042
143 0.0304 0.5107 0.2163 0.2163 0.0262
144 0.4961 0.1782 0.0540 0.2380 0.0338
145 0.0626 0.6523 0.0383 0.2399 0.0071
146 0.0229 0.0196 0.0652 0.8857 0.0069
147 0.0441 0.0207 0.2786 0.6479 0.0089
148 0.1250 0.6973 0.1061 0.0555 0.0163
149 0.0977 0.5405 0.0754 0.2554 0.0312
150 0.1010 0.5859 0.1349 0.1653 0.0130
151 0.1047 0.1897 0.0616 0.6221 0.0220
152 0.0338 0.4968 0.4385 0.0274 0.0033
153 0.0730 0.2284 0.2145 0.4470 0.0370
154 0.0497 0.6963 0.0428 0.2090 0.0024
155 0.0263 0.8862 0.0292 0.0566 0.0017
156 0.0230 0.8579 0.0631 0.0548 0.0013
157 0.0082 0.8115 0.0417 0.1324 0.0061
158 0.0069 0.7764 0.0678 0.1414 0.0077
159 0.1652 0.3665 0.2854 0.1786 0.0044
160 0.1566 0.4258 0.2244 0.1890 0.0043
161 0.1512 0.3984 0.1853 0.2343 0.0307
162 0.0260 0.8013 0.1003 0.0648 0.0077
163 0.0626 0.2363 0.1676 0.4924 0.0411
164 0.0573 0.3196 0.1510 0.4368 0.0353
165 0.0338 0.6685 0.2617 0.0343 0.0016
166 0.0332 0.6465 0.2612 0.0574 0.0018
167 0.3325 0.4543 0.1620 0.0379 0.0132
168 0.1256 0.6479 0.1799 0.0402 0.0062
169 0.0229 0.1514 0.5200 0.3010 0.0045
170 0.0182 0.2634 0.5405 0.1755 0.0019
171 0.0829 0.1913 0.4309 0.2871 0.0078
172 0.1204 0.4509 0.3247 0.0938 0.0100
173 0.1807 0.3765 0.3220 0.1087 0.0120
174 0.0597 0.3030 0.3542 0.2717 0.0113
175 0.0825 0.3213 0.3584 0.2242 0.0136
176 0.0201 0.7124 0.2277 0.0392 0.0007
177 0.0542 0.4905 0.3477 0.0729 0.0347
178 0.0302 0.7554 0.1158 0.0960 0.0027
179 0.0233 0.5654 0.0998 0.3074 0.0038
180 0.1058 0.6792 0.1588 0.0421 0.0142
181 0.0645 0.4614 0.1658 0.3027 0.0056
182 0.0662 0.4453 0.1492 0.3013 0.0380
183 0.0944 0.4199 0.1281 0.3025 0.0551
184 0.0439 0.4292 0.0521 0.4714 0.0034
185 0.0357 0.3804 0.0749 0.5039 0.0049
186 0.0470 0.8330 0.0632 0.0545 0.0020
187 0.1025 0.7817 0.0786 0.0287 0.0085
188 0.0643 0.8149 0.0989 0.0137 0.0079
189 0.0591 0.8359 0.0938 0.0102 0.0009
190 0.0420 0.7500 0.1031 0.1015 0.0034
191 0.2830 0.3748 0.1550 0.1715 0.0158
192 0.0612 0.8721 0.0540 0.0111 0.0015
193 0.1002 0.8262 0.0603 0.0118 0.0014
194 0.0884 0.8257 0.0617 0.0231 0.0012
195 0.3691 0.1758 0.2659 0.1515 0.0377
196 0.2559 0.4058 0.1481 0.1381 0.0524
197 0.3772 0.2051 0.1244 0.1700 0.1234
198 0.0906 0.2225 0.1995 0.4028 0.0845
199 0.0844 0.5459 0.1075 0.2189 0.0434
200 0.6021 0.2822 0.0228 0.0583 0.0345
201 0.6060 0.2976 0.0286 0.0286 0.0391
202 0.5762 0.3013 0.0401 0.0401 0.0424
203 0.4404 0.4075 0.0362 0.0483 0.0676
204 0.2410 0.0573 0.0239 0.1556 0.5225
205 0.2690 0.0952 0.0246 0.0840 0.5269
206 0.2383 0.3059 0.1515 0.0677 0.2365
207 0.2330 0.3582 0.1026 0.0445 0.2620
208 0.2179 0.1406 0.1406 0.4685 0.0324
209 0.2747 0.0508 0.1615 0.2207 0.2925
210 0.0576 0.2522 0.2903 0.3967 0.0035
211 0.0861 0.2734 0.2097 0.3074 0.1233
212 0.0540 0.2291 0.6279 0.0756 0.0134
213 0.1957 0.1098 0.5361 0.1064 0.0518
214 0.1542 0.3342 0.4062 0.0516 0.0537
215 0.3650 0.1671 0.2866 0.0490 0.1322
216 0.4705 0.2598 0.1638 0.0149 0.0912
217 0.1011 0.4495 0.3726 0.0723 0.0045
218 0.0732 0.5942 0.3132 0.0171 0.0021
219 0.3340 0.3726 0.0972 0.0459 0.1505
220 0.3354 0.3513 0.0454 0.0676 0.2002
221 0.5586 0.2023 0.0377 0.0174 0.1842
222 0.5229 0.2489 0.0309 0.0237 0.1737
223 0.2330 0.1349 0.0366 0.5293 0.0662
224 0.3396 0.3938 0.0372 0.1980 0.0313
225 0.2649 0.1166 0.0505 0.5103 0.0577
226 0.2869 0.1488 0.0491 0.4548 0.0606
227 0.0761 0.4587 0.2573 0.1797 0.0280
228 0.1550 0.4021 0.0570 0.1899 0.1959
229 0.3867 0.4119 0.0544 0.0484 0.0986
230 0.1859 0.6904 0.0524 0.0396 0.0316
231 0.2842 0.2549 0.0518 0.0113 0.3977
232 0.1764 0.6455 0.0765 0.0110 0.0908
233 0.2617 0.3550 0.0523 0.0203 0.3108
234 0.3584 0.0623 0.1011 0.4529 0.0254
235 0.2996 0.0572 0.1011 0.5098 0.0323
236 0.2104 0.6040 0.0508 0.0934 0.0414
237 0.1436 0.6431 0.0266 0.1423 0.0445
238 0.0471 0.3477 0.1567 0.4397 0.0088
239 0.1071 0.5396 0.1938 0.0681 0.0916
240 0.1171 0.3521 0.3059 0.1412 0.0836
241 0.0980 0.5820 0.1874 0.0838 0.0489
242 0.4851 0.2742 0.0693 0.0115 0.1599
243 0.0480 0.2085 0.5239 0.1433 0.0761
244 0.1346 0.1813 0.2256 0.3958 0.0626
245 0.1562 0.3806 0.1975 0.2419 0.0238
246 0.4207 0.4546 0.0322 0.0596 0.0329
247 0.3335 0.5674 0.0212 0.0566 0.0213
248 0.2133 0.6123 0.0368 0.0465 0.0910
249 0.2140 0.5684 0.0618 0.0825 0.0734
250 0.1841 0.2786 0.0492 0.0985 0.3896
251 0.1002 0.4424 0.1746 0.1978 0.0851
252 0.0619 0.3425 0.0886 0.2094 0.2976
253 0.0839 0.4868 0.1036 0.1028 0.2229
254 0.0637 0.4282 0.1456 0.3440 0.0185
255 0.1754 0.3801 0.1825 0.2417 0.0202
256 0.0544 0.4451 0.3157 0.0993 0.0856
257 0.1337 0.3579 0.3159 0.0817 0.1108
258 0.2423 0.4058 0.1528 0.0424 0.1565
259 0.2241 0.3933 0.1296 0.1349 0.1181
260 0.1854 0.4736 0.1587 0.1161 0.0662
261 0.5439 0.2935 0.0468 0.0967 0.0192
262 0.5166 0.4121 0.0396 0.0102 0.0215
263 0.7041 0.2551 0.0136 0.0117 0.0153
264 0.6299 0.2773 0.0326 0.0370 0.0233
265 0.5249 0.3416 0.0462 0.0678 0.0194
266 0.2367 0.0942 0.0213 0.6333 0.0143
267 0.1781 0.1097 0.0578 0.6411 0.0130
268 0.2301 0.0916 0.1533 0.4648 0.0600
269 0.5923 0.0952 0.0494 0.2507 0.0125
270 0.5923 0.0952 0.0494 0.2507 0.0125
271 0.7695 0.1359 0.0515 0.0165 0.0267
272 0.7769 0.1328 0.0489 0.0148 0.0268
273 0.7793 0.1313 0.0483 0.0151 0.0258
274 0.7847 0.1261 0.0479 0.0159 0.0252
275 0.7847 0.1261 0.0479 0.0159 0.0252
276 0.5938 0.0925 0.0495 0.2515 0.0126
