time exciting_prob fearful_prob tense_prob sad_prob relaxing_prob
0 0.2939 0.3179 0.1284 0.2185 0.0410
1 0.0227 0.0684 0.0950 0.7705 0.0435
2 0.0111 0.0549 0.1075 0.7944 0.0318
3 0.0089 0.1224 0.1015 0.7500 0.0172
4 0.0406 0.0902 0.0088 0.7729 0.0874
5 0.0231 0.5806 0.0469 0.1108 0.2384
6 0.2386 0.0812 0.1298 0.2925 0.2581
7 0.1183 0.1951 0.5557 0.1012 0.0299
8 0.0770 0.3674 0.0299 0.3818 0.1438
9 0.1479 0.0480 0.3838 0.3333 0.0870
10 0.2424 0.2173 0.1887 0.0768 0.2747
11 0.0209 0.1619 0.2932 0.5068 0.0173
12 0.0333 0.0950 0.6909 0.1693 0.0118
13 0.0331 0.1570 0.6924 0.1096 0.0079
14 0.0595 0.2795 0.3479 0.3071 0.0059
15 0.1077 0.4363 0.2317 0.0638 0.1605
16 0.0063 0.1736 0.1036 0.7080 0.0085
17 0.0041 0.1106 0.1159 0.7559 0.0135
18 0.2681 0.1412 0.1677 0.3389 0.0844
19 0.0689 0.1414 0.3445 0.4287 0.0165
20 0.1506 0.2484 0.1935 0.3818 0.0256
21 0.1208 0.2188 0.1613 0.4702 0.0289
22 0.0125 0.2690 0.0860 0.6255 0.0068
23 0.1179 0.6475 0.0215 0.1346 0.0786
24 0.0530 0.3003 0.3738 0.2231 0.0498
25 0.0367 0.2512 0.4207 0.2472 0.0443
26 0.0956 0.4087 0.0870 0.2460 0.1626
27 0.0546 0.6304 0.0529 0.2283 0.0339
28 0.0805 0.1626 0.2991 0.4490 0.0088
29 0.1208 0.1843 0.3840 0.2024 0.1083
30 0.1047 0.4844 0.1987 0.1234 0.0889
31 0.0421 0.1108 0.2007 0.5127 0.1337
32 0.1036 0.1708 0.4033 0.2263 0.0958
33 0.0584 0.1359 0.2206 0.4744 0.1109
34 0.1243 0.3831 0.2551 0.1699 0.0676
35 0.0193 0.1827 0.0508 0.7339 0.0131
36 0.0494 0.1823 0.3513 0.3857 0.0314
37 0.0363 0.5469 0.0537 0.3530 0.0100
38 0.0296 0.2480 0.3337 0.3723 0.0164
39 0.0862 0.4812 0.1503 0.1538 0.1285
40 0.0186 0.3455 0.0675 0.5610 0.0075
41 0.0073 0.4465 0.0169 0.5220 0.0072
42 0.0535 0.3228 0.1838 0.4080 0.0320
43 0.0364 0.2050 0.1571 0.5928 0.0086
44 0.0554 0.2900 0.1298 0.5093 0.0157
45 0.0706 0.1903 0.0906 0.5864 0.0623
46 0.0767 0.4084 0.1855 0.2678 0.0616
47 0.0416 0.3708 0.1738 0.3147 0.0991
48 0.0490 0.6768 0.1418 0.1071 0.0254
49 0.0345 0.3455 0.4009 0.1646 0.0547
50 0.0484 0.1445 0.2656 0.5044 0.0371
51 0.1083 0.2122 0.2600 0.4026 0.0170
52 0.1422 0.0761 0.6782 0.0977 0.0057
53 0.0324 0.3596 0.2358 0.3125 0.0596
54 0.3193 0.1696 0.2095 0.2839 0.0176
55 0.1979 0.1051 0.5728 0.1163 0.0080
56 0.1694 0.1920 0.5176 0.1044 0.0165
57 0.1871 0.0971 0.6636 0.0336 0.0185
58 0.3447 0.2749 0.2705 0.0648 0.0452
59 0.2106 0.1127 0.4253 0.2349 0.0165
60 0.0639 0.0783 0.2412 0.5879 0.0288
61 0.0540 0.1160 0.7334 0.0932 0.0036
62 0.2416 0.0835 0.5361 0.1023 0.0365
63 0.2930 0.1184 0.4004 0.1593 0.0288
64 0.1229 0.2369 0.5640 0.0456 0.0306
65 0.1951 0.3242 0.2666 0.1405 0.0735
66 0.0605 0.1184 0.5063 0.3025 0.0123
67 0.0427 0.3179 0.1057 0.5000 0.0335
68 0.1576 0.3337 0.0571 0.3931 0.0584
69 0.1676 0.2037 0.0829 0.3306 0.2152
70 0.2267 0.3171 0.1105 0.1487 0.1969
71 0.0175 0.0365 0.0714 0.8042 0.0703
72 0.0086 0.1844 0.1035 0.6240 0.0793
73 0.0842 0.3127 0.1410 0.1987 0.2634
74 0.1094 0.3701 0.3318 0.0928 0.0958
75 0.1125 0.1771 0.5288 0.1025 0.0792
76 0.1116 0.3464 0.0377 0.0862 0.4180
77 0.2059 0.5640 0.0231 0.1119 0.0950
78 0.1072 0.2781 0.1039 0.3687 0.1421
79 0.0261 0.7324 0.0766 0.1377 0.0271
80 0.1072 0.0725 0.2341 0.5444 0.0420
81 0.1787 0.2810 0.1516 0.2207 0.1678
82 0.1097 0.5439 0.1262 0.1195 0.1006
83 0.0626 0.4844 0.3892 0.0487 0.0153
84 0.0377 0.5586 0.1458 0.2384 0.0193
85 0.0354 0.5122 0.3206 0.1170 0.0146
86 0.0281 0.6304 0.2178 0.1095 0.0143
87 0.1337 0.3779 0.1423 0.2136 0.1326
88 0.0515 0.3550 0.0898 0.3062 0.1976
89 0.0362 0.1454 0.2019 0.5664 0.0503
90 0.0325 0.7578 0.0608 0.1018 0.0470
91 0.0701 0.5020 0.1111 0.2817 0.0350
92 0.0340 0.6025 0.2512 0.1000 0.0120
93 0.0845 0.5215 0.2542 0.0892 0.0504
94 0.0072 0.1803 0.2465 0.5469 0.0190
95 0.0097 0.1614 0.4185 0.3811 0.0294
96 0.0116 0.3040 0.3499 0.3040 0.0308
97 0.1754 0.2217 0.4768 0.1224 0.0037
98 0.0593 0.1024 0.2037 0.6274 0.0072
99 0.1306 0.3750 0.3809 0.1049 0.0085
100 0.2380 0.2573 0.3987 0.0992 0.0065
101 0.2063 0.2954 0.3296 0.1606 0.0079
102 0.1580 0.4751 0.3069 0.0442 0.0160
103 0.1124 0.2717 0.3127 0.2893 0.0141
104 0.0980 0.4937 0.1680 0.2107 0.0299
105 0.0889 0.0797 0.0574 0.7681 0.0059
106 0.2529 0.4373 0.1302 0.1711 0.0085
107 0.1847 0.3450 0.3191 0.1438 0.0073
108 0.0493 0.3906 0.4976 0.0563 0.0062
109 0.0604 0.1981 0.7021 0.0334 0.0058
110 0.0773 0.4021 0.4248 0.0919 0.0039
111 0.1013 0.4873 0.2196 0.1582 0.0337
112 0.0530 0.3352 0.1794 0.4304 0.0021
113 0.0511 0.4185 0.1199 0.4055 0.0049
114 0.0912 0.5249 0.2598 0.1208 0.0031
115 0.1511 0.2532 0.4656 0.1205 0.0099
116 0.2437 0.2656 0.3491 0.1169 0.0249
117 0.3159 0.1799 0.2744 0.1829 0.0469
118 0.1096 0.0534 0.6309 0.1985 0.0075
119 0.0728 0.0935 0.7354 0.0920 0.0061
120 0.1561 0.0693 0.6782 0.0849 0.0113
121 0.0360 0.3264 0.3699 0.2664 0.0013
122 0.0327 0.5537 0.1884 0.2238 0.0014
123 0.0397 0.4109 0.1852 0.3625 0.0015
124 0.0663 0.1979 0.1719 0.5635 0.0005
125 0.3699 0.2426 0.1471 0.2026 0.0378
126 0.2156 0.3186 0.1577 0.2878 0.0205
127 0.1842 0.2240 0.4597 0.1266 0.0055
128 0.0845 0.5381 0.3020 0.0478 0.0274
129 0.0236 0.2915 0.1536 0.5278 0.0036
130 0.2290 0.2676 0.2805 0.1501 0.0726
131 0.0914 0.2793 0.1642 0.2407 0.2244
132 0.1008 0.2983 0.5752 0.0215 0.0042
133 0.0402 0.1831 0.4602 0.3115 0.0050
134 0.1350 0.1680 0.6748 0.0164 0.0057
135 0.1195 0.1354 0.7207 0.0175 0.0070
136 0.1279 0.1201 0.6914 0.0559 0.0047
137 0.1238 0.2386 0.5591 0.0722 0.0061
138 0.1653 0.6641 0.1371 0.0311 0.0026
139 0.1594 0.1521 0.3428 0.2932 0.0526
140 0.0769 0.1350 0.7300 0.0529 0.0055
141 0.0384 0.5098 0.2335 0.2126 0.0055
142 0.2142 0.1279 0.4905 0.0509 0.1165
143 0.0343 0.2593 0.6318 0.0720 0.0024
144 0.0811 0.1614 0.2661 0.4387 0.0528
145 0.2791 0.1278 0.3640 0.2278 0.0013
146 0.5806 0.0417 0.3359 0.0414 0.0004
147 0.1554 0.4639 0.2522 0.1128 0.0157
148 0.5630 0.2172 0.1034 0.0831 0.0333
149 0.0716 0.0837 0.7344 0.1041 0.0063
150 0.0905 0.1161 0.4119 0.3362 0.0455
151 0.0358 0.3025 0.3884 0.2710 0.0022
152 0.0379 0.2050 0.4204 0.3125 0.0241
153 0.0713 0.0930 0.6763 0.1556 0.0040
154 0.2751 0.1876 0.1394 0.1951 0.2029
155 0.1152 0.2256 0.3035 0.3494 0.0062
156 0.0612 0.1143 0.5630 0.2576 0.0040
157 0.0685 0.2930 0.1891 0.3589 0.0907
158 0.2472 0.2551 0.2551 0.1072 0.1355
159 0.1344 0.0578 0.4839 0.2510 0.0731
160 0.1129 0.2773 0.4229 0.1709 0.0160
161 0.1649 0.0656 0.3081 0.2939 0.1675
162 0.8730 0.0357 0.0233 0.0673 0.0007
163 0.1365 0.2629 0.2935 0.2844 0.0226
164 0.5366 0.2344 0.0849 0.1065 0.0377
165 0.3704 0.1892 0.3193 0.0840 0.0370
166 0.0859 0.4036 0.4365 0.0482 0.0258
167 0.0978 0.1689 0.6685 0.0593 0.0056
168 0.0839 0.1011 0.5820 0.2209 0.0119
169 0.2333 0.3140 0.2407 0.1965 0.0155
170 0.0969 0.1810 0.3489 0.3435 0.0296
171 0.1017 0.1017 0.3899 0.3960 0.0107
172 0.0992 0.1443 0.4443 0.3054 0.0068
173 0.0952 0.4756 0.4006 0.0256 0.0031
174 0.1093 0.0851 0.6797 0.1200 0.0058
175 0.1161 0.1236 0.6680 0.0823 0.0100
176 0.0432 0.1737 0.2607 0.4797 0.0426
177 0.1027 0.3091 0.4939 0.0845 0.0097
178 0.0542 0.5874 0.1556 0.1682 0.0347
179 0.0202 0.3630 0.2308 0.3464 0.0395
180 0.0410 0.7915 0.0686 0.0796 0.0195
181 0.0680 0.4609 0.4131 0.0551 0.0030
182 0.1080 0.3950 0.2250 0.2147 0.0573
183 0.2734 0.3457 0.0518 0.2798 0.0494
184 0.2944 0.4854 0.0310 0.1481 0.0411
185 0.1412 0.1527 0.1600 0.5210 0.0251
186 0.3169 0.1893 0.0464 0.3914 0.0559
187 0.0979 0.1565 0.4526 0.2703 0.0227
188 0.0389 0.2203 0.2874 0.4382 0.0152
189 0.0570 0.2086 0.5674 0.1625 0.0045
190 0.2505 0.1936 0.3821 0.1656 0.0082
191 0.1250 0.1736 0.5347 0.1605 0.0063
192 0.0590 0.2124 0.4568 0.2191 0.0529
193 0.1687 0.4551 0.2253 0.1466 0.0043
194 0.1472 0.2279 0.1831 0.4326 0.0091
195 0.1281 0.1062 0.5830 0.1697 0.0130
196 0.3279 0.3657 0.1378 0.1649 0.0036
197 0.3916 0.2356 0.1646 0.2047 0.0036
198 0.5405 0.1838 0.1098 0.1549 0.0110
199 0.2905 0.2228 0.3345 0.1405 0.0119
200 0.0491 0.5532 0.3462 0.0507 0.0011
201 0.0278 0.4629 0.3718 0.1368 0.0005
202 0.0606 0.6313 0.1500 0.1572 0.0007
203 0.0164 0.5312 0.3767 0.0753 0.0005
204 0.0227 0.6958 0.2600 0.0202 0.0009
205 0.0151 0.4363 0.4502 0.0959 0.0025
206 0.0095 0.4036 0.4036 0.1819 0.0016
207 0.0700 0.0957 0.3613 0.3845 0.0885
208 0.0324 0.1334 0.3921 0.4045 0.0376
209 0.0064 0.5430 0.0460 0.3972 0.0077
210 0.0038 0.6411 0.0443 0.3076 0.0033
211 0.0112 0.4707 0.1414 0.3391 0.0374
212 0.0075 0.5444 0.1584 0.2869 0.0029
213 0.0085 0.4175 0.2131 0.3569 0.0040
214 0.0091 0.3694 0.1917 0.4250 0.0049
215 0.0041 0.1440 0.1462 0.6978 0.0076
216 0.0043 0.2052 0.1388 0.6416 0.0099
217 0.0254 0.1752 0.3484 0.4009 0.0502
218 0.0363 0.1067 0.3340 0.4563 0.0668
219 0.1193 0.0712 0.2729 0.5098 0.0266
220 0.4043 0.2822 0.1195 0.0475 0.1465
221 0.4028 0.2812 0.1191 0.0489 0.1482
222 0.5000 0.3032 0.0779 0.0089 0.1099
