time exciting_prob fearful_prob tense_prob sad_prob relaxing_prob
0 0.2085 0.1255 0.3601 0.2515 0.0544
1 0.1129 0.2076 0.2175 0.4194 0.0425
2 0.1176 0.2130 0.2180 0.4236 0.0277
3 0.4294 0.2815 0.1174 0.1508 0.0210
4 0.2905 0.2427 0.1906 0.2605 0.0159
5 0.2087 0.1991 0.2639 0.3181 0.0101
6 0.3257 0.2070 0.1479 0.2966 0.0225
7 0.1272 0.1970 0.2064 0.4580 0.0114
8 0.5898 0.3159 0.0520 0.0318 0.0104
9 0.3848 0.4294 0.0782 0.0943 0.0133
10 0.1417 0.3677 0.2649 0.2063 0.0195
11 0.3777 0.1929 0.1188 0.2942 0.0163
12 0.1948 0.1339 0.1448 0.5054 0.0212
13 0.3359 0.0667 0.0557 0.5039 0.0377
14 0.0811 0.0811 0.0480 0.7812 0.0088
15 0.1176 0.1140 0.1312 0.6260 0.0111
16 0.1302 0.0968 0.0494 0.7153 0.0084
17 0.1262 0.4011 0.1038 0.3540 0.0151
18 0.0508 0.1127 0.1381 0.6899 0.0084
19 0.2983 0.1072 0.0835 0.4917 0.0192
20 0.0698 0.5117 0.1741 0.2036 0.0407
21 0.0784 0.3433 0.1726 0.3433 0.0625
22 0.0778 0.0910 0.1926 0.6221 0.0166
23 0.0474 0.1935 0.2484 0.5020 0.0089
24 0.3762 0.0908 0.2355 0.2393 0.0582
25 0.0931 0.2571 0.3250 0.2869 0.0379
26 0.2502 0.3613 0.2174 0.1578 0.0133
27 0.1160 0.1024 0.0704 0.6997 0.0117
28 0.2322 0.1986 0.0551 0.4839 0.0300
29 0.1469 0.1857 0.1338 0.4968 0.0368
30 0.2200 0.2454 0.1536 0.3684 0.0128
31 0.2549 0.4617 0.0809 0.1895 0.0129
32 0.2311 0.1588 0.2659 0.2744 0.0699
33 0.0340 0.1305 0.4211 0.4082 0.0062
34 0.3237 0.3787 0.0950 0.1802 0.0224
35 0.2644 0.4937 0.0995 0.1268 0.0156
36 0.3303 0.3079 0.1388 0.2115 0.0116
37 0.0876 0.1769 0.2495 0.4734 0.0126
38 0.1666 0.0927 0.0363 0.6797 0.0246
39 0.0951 0.6860 0.1004 0.1120 0.0062
40 0.1774 0.3367 0.3018 0.1816 0.0027
41 0.1417 0.3455 0.3508 0.1606 0.0015
42 0.0080 0.4370 0.1851 0.3679 0.0021
43 0.0147 0.5684 0.2996 0.1003 0.0168
44 0.0645 0.4580 0.1685 0.2651 0.0439
45 0.0373 0.4583 0.1022 0.3569 0.0454
46 0.0989 0.6499 0.1819 0.0353 0.0339
47 0.0356 0.3572 0.1912 0.4111 0.0050
48 0.0226 0.6050 0.2563 0.1137 0.0024
49 0.0040 0.2742 0.0327 0.6890 0.0001
50 0.0045 0.4897 0.0663 0.4390 0.0003
51 0.0039 0.3521 0.0261 0.6177 0.0001
52 0.0053 0.4658 0.0556 0.4731 0.0002
53 0.0090 0.2393 0.0696 0.6816 0.0003
54 0.0553 0.1016 0.2119 0.6226 0.0085
55 0.2302 0.4370 0.1608 0.1671 0.0048
56 0.3359 0.1433 0.2069 0.2964 0.0173
57 0.1090 0.0876 0.1637 0.6177 0.0220
58 0.2228 0.1682 0.0277 0.5688 0.0124
59 0.2432 0.1429 0.0165 0.5830 0.0143
60 0.2164 0.5029 0.0815 0.1753 0.0237
61 0.2756 0.3679 0.2064 0.1418 0.0083
62 0.2139 0.1360 0.2277 0.4058 0.0166
63 0.0914 0.6699 0.0851 0.1372 0.0165
64 0.1958 0.0630 0.0495 0.6831 0.0084
65 0.1917 0.5171 0.0435 0.2122 0.0357
66 0.4395 0.2927 0.0339 0.1965 0.0372
67 0.2615 0.1755 0.0491 0.4883 0.0257
68 0.1606 0.1271 0.1311 0.5610 0.0201
69 0.2452 0.1659 0.2778 0.2959 0.0151
70 0.3398 0.2546 0.0212 0.3398 0.0446
71 0.3743 0.2271 0.0992 0.2455 0.0539
72 0.1943 0.1433 0.3926 0.2418 0.0282
73 0.1067 0.1459 0.3186 0.4219 0.0071
74 0.1902 0.1843 0.2725 0.3389 0.0143
75 0.1794 0.0834 0.1660 0.5615 0.0097
76 0.0532 0.3752 0.1887 0.3752 0.0074
77 0.2067 0.1234 0.3201 0.3054 0.0447
78 0.0580 0.3875 0.3997 0.1542 0.0006
79 0.1219 0.2522 0.4062 0.2174 0.0022
80 0.0757 0.2465 0.3584 0.3164 0.0030
81 0.0477 0.1625 0.1930 0.5898 0.0070
82 0.0210 0.0528 0.2057 0.7178 0.0026
83 0.0291 0.1702 0.3958 0.4021 0.0029
84 0.0124 0.1910 0.1970 0.5977 0.0021
85 0.0307 0.1024 0.1125 0.7451 0.0093
86 0.0232 0.1510 0.1583 0.6562 0.0114
87 0.0402 0.2296 0.2296 0.4426 0.0580
88 0.0112 0.1580 0.1036 0.7192 0.0079
89 0.0481 0.0734 0.2561 0.5420 0.0806
90 0.0298 0.1039 0.2491 0.6074 0.0100
91 0.0131 0.3000 0.2487 0.4365 0.0019
92 0.0096 0.0803 0.1323 0.7734 0.0045
93 0.0141 0.1210 0.1603 0.6963 0.0083
94 0.0367 0.1300 0.5386 0.2839 0.0109
95 0.0327 0.1411 0.6133 0.1785 0.0346
96 0.0126 0.3252 0.2343 0.4243 0.0035
97 0.0190 0.1520 0.0966 0.7246 0.0077
98 0.0196 0.0952 0.2839 0.5830 0.0184
99 0.0596 0.3049 0.3511 0.2754 0.0090
100 0.0469 0.1945 0.5625 0.1945 0.0016
101 0.4807 0.2456 0.0592 0.1942 0.0202
102 0.5181 0.2563 0.0908 0.1174 0.0173
103 0.2231 0.2375 0.0494 0.4233 0.0665
104 0.2010 0.3213 0.3264 0.1052 0.0459
105 0.2585 0.2585 0.2883 0.1520 0.0425
106 0.1290 0.0669 0.3000 0.4944 0.0096
107 0.1641 0.3213 0.2925 0.1859 0.0363
108 0.1633 0.2130 0.0379 0.5527 0.0332
109 0.0555 0.1483 0.2408 0.5425 0.0128
110 0.0418 0.3164 0.4824 0.1566 0.0030
111 0.0293 0.4136 0.4333 0.1185 0.0052
112 0.0247 0.4053 0.3577 0.2102 0.0022
113 0.0522 0.1262 0.4692 0.2114 0.1409
114 0.0349 0.1469 0.4119 0.3635 0.0431
115 0.0377 0.3687 0.2272 0.2739 0.0925
116 0.1157 0.2607 0.4165 0.1683 0.0388
117 0.0600 0.0989 0.5874 0.2301 0.0235
118 0.0825 0.1317 0.6904 0.0694 0.0261
119 0.0182 0.1908 0.3096 0.4722 0.0093
120 0.0222 0.0879 0.1426 0.5640 0.1831
121 0.0254 0.1968 0.2411 0.4949 0.0419
122 0.0171 0.1863 0.1644 0.6206 0.0115
123 0.1841 0.2291 0.0798 0.4851 0.0218
124 0.1016 0.1575 0.1625 0.5669 0.0116
125 0.1787 0.0580 0.1307 0.6235 0.0088
126 0.3057 0.4277 0.1057 0.1345 0.0265
127 0.0933 0.2039 0.3469 0.3523 0.0036
128 0.2101 0.3306 0.1305 0.2961 0.0327
129 0.1005 0.5186 0.1104 0.2527 0.0176
130 0.4468 0.3481 0.1070 0.0807 0.0173
131 0.2949 0.0845 0.0463 0.5513 0.0229
132 0.0772 0.0382 0.2612 0.6074 0.0159
133 0.1012 0.3118 0.1383 0.4260 0.0226
134 0.2308 0.0993 0.3359 0.3206 0.0135
135 0.1835 0.6924 0.0413 0.0573 0.0256
136 0.0988 0.0690 0.5020 0.3240 0.0064
137 0.2856 0.1995 0.4158 0.0658 0.0333
138 0.2932 0.3594 0.0930 0.2284 0.0260
139 0.3411 0.1826 0.0631 0.2720 0.1411
140 0.5903 0.2072 0.0733 0.0919 0.0374
141 0.0767 0.1989 0.4146 0.3081 0.0018
142 0.0391 0.1013 0.7256 0.1281 0.0063
143 0.0370 0.1511 0.7559 0.0514 0.0046
144 0.1577 0.0987 0.2122 0.5171 0.0143
145 0.0986 0.1050 0.1100 0.6738 0.0123
146 0.0527 0.1624 0.6421 0.1410 0.0019
147 0.0646 0.1677 0.4705 0.2854 0.0120
148 0.0198 0.3616 0.3503 0.2644 0.0037
149 0.0736 0.4370 0.3098 0.1608 0.0188
150 0.0420 0.2593 0.2307 0.4551 0.0128
151 0.0285 0.2600 0.1902 0.5171 0.0043
152 0.0891 0.1236 0.3989 0.3257 0.0626
153 0.0333 0.2025 0.1653 0.5859 0.0130
154 0.0402 0.2854 0.0941 0.5718 0.0084
155 0.1409 0.2252 0.2891 0.3125 0.0322
156 0.1163 0.2009 0.1746 0.4673 0.0408
157 0.0663 0.2173 0.1200 0.5464 0.0500
158 0.0041 0.0521 0.1035 0.8403 0.0002
159 0.0055 0.1132 0.0314 0.8496 0.0006
160 0.0547 0.0975 0.5439 0.3003 0.0036
161 0.1738 0.1558 0.1194 0.5352 0.0155
162 0.1571 0.0895 0.3540 0.3770 0.0223
163 0.5161 0.1367 0.0738 0.2637 0.0097
164 0.4365 0.3914 0.0605 0.0887 0.0228
165 0.2465 0.2279 0.1831 0.3369 0.0056
166 0.3901 0.0971 0.0716 0.3135 0.1277
167 0.1781 0.1866 0.0539 0.5488 0.0327
168 0.1373 0.0482 0.1581 0.6450 0.0113
169 0.1129 0.2427 0.1240 0.5137 0.0066
170 0.0767 0.1782 0.4343 0.2761 0.0348
171 0.0585 0.6045 0.0775 0.2368 0.0226
172 0.2257 0.5044 0.1799 0.0504 0.0395
173 0.1371 0.8140 0.0375 0.0076 0.0038
174 0.2294 0.0805 0.0336 0.6436 0.0131
175 0.1555 0.0581 0.2859 0.4641 0.0363
176 0.2986 0.0480 0.1898 0.4482 0.0156
177 0.5762 0.1423 0.1208 0.1368 0.0238
178 0.3445 0.1084 0.0898 0.3555 0.1018
179 0.2220 0.3958 0.0507 0.3105 0.0208
180 0.0985 0.3306 0.1143 0.4312 0.0253
181 0.2426 0.0541 0.2174 0.4463 0.0396
182 0.3152 0.1796 0.0465 0.4111 0.0476
183 0.2554 0.2289 0.0472 0.4277 0.0407
184 0.5601 0.1183 0.0509 0.2487 0.0219
185 0.1797 0.1040 0.1179 0.5620 0.0362
186 0.1173 0.1530 0.1437 0.5771 0.0087
187 0.3049 0.1968 0.0808 0.4102 0.0073
188 0.0370 0.7207 0.1038 0.0297 0.1088
189 0.0246 0.8159 0.1332 0.0112 0.0149
190 0.0325 0.0869 0.0124 0.8574 0.0108
191 0.0680 0.2079 0.0221 0.6870 0.0151
192 0.1270 0.3911 0.0138 0.4573 0.0108
193 0.1151 0.3743 0.0135 0.4883 0.0089
194 0.1151 0.3774 0.0141 0.4846 0.0088
195 0.1237 0.3962 0.0147 0.4561 0.0096
196 0.0497 0.2227 0.2124 0.5098 0.0056
197 0.0182 0.5625 0.4050 0.0132 0.0012
198 0.0090 0.8125 0.1676 0.0098 0.0011
199 0.1862 0.3821 0.3193 0.0974 0.0152
200 0.0902 0.3457 0.2957 0.2629 0.0052
201 0.0417 0.5034 0.3201 0.1313 0.0035
202 0.0453 0.4136 0.1203 0.4136 0.0074
203 0.0292 0.1426 0.0558 0.7705 0.0018
204 0.0550 0.3069 0.0517 0.5825 0.0040
205 0.0409 0.2998 0.0643 0.5869 0.0077
206 0.0246 0.0419 0.0497 0.8813 0.0023
207 0.0135 0.0456 0.0217 0.9155 0.0037
208 0.0172 0.0452 0.0262 0.9087 0.0029
209 0.0307 0.0480 0.0386 0.8774 0.0050
210 0.0477 0.0817 0.0360 0.8320 0.0027
211 0.0234 0.0360 0.0247 0.9141 0.0019
212 0.0352 0.0525 0.0224 0.8877 0.0021
213 0.0297 0.0446 0.0375 0.8818 0.0066
214 0.1361 0.1875 0.0231 0.6147 0.0387
215 0.1632 0.3000 0.0235 0.4795 0.0337
216 0.0875 0.1366 0.0206 0.7500 0.0056
217 0.0605 0.0923 0.0068 0.8354 0.0047
218 0.0441 0.0294 0.0066 0.9146 0.0051
219 0.1660 0.3740 0.0417 0.4045 0.0138
220 0.1667 0.1350 0.0204 0.5957 0.0819
221 0.1680 0.2947 0.0142 0.4709 0.0520
222 0.0558 0.2462 0.0294 0.6289 0.0399
223 0.1115 0.1525 0.0320 0.6123 0.0917
224 0.0627 0.3186 0.0233 0.5293 0.0662
225 0.0522 0.3176 0.0221 0.5659 0.0420
226 0.0622 0.1652 0.0145 0.7461 0.0121
227 0.0876 0.2153 0.0213 0.6631 0.0126
228 0.0709 0.2036 0.0469 0.6729 0.0060
229 0.1093 0.1019 0.0196 0.7529 0.0163
230 0.2278 0.2042 0.0207 0.5337 0.0134
231 0.1327 0.2461 0.0187 0.5903 0.0123
232 0.0517 0.0107 0.0150 0.9160 0.0067
233 0.2627 0.1343 0.0827 0.4265 0.0937
234 0.2037 0.2830 0.2496 0.2310 0.0327
235 0.2037 0.2830 0.2496 0.2310 0.0327
