time exciting_prob fearful_prob tense_prob sad_prob relaxing_prob
0 0.0623 0.1339 0.1860 0.0449 0.5728
1 0.2000 0.1462 0.2266 0.0359 0.3914
2 0.1398 0.0312 0.3301 0.4800 0.0191
3 0.0284 0.0284 0.3745 0.0322 0.5366
4 0.1322 0.4834 0.3025 0.0385 0.0432
5 0.5957 0.0219 0.2708 0.0943 0.0173
6 0.2047 0.0930 0.0860 0.0100 0.6064
7 0.1047 0.3079 0.4548 0.1205 0.0120
8 0.0887 0.3452 0.3000 0.1331 0.1331
9 0.6768 0.0697 0.1158 0.1167 0.0208
10 0.5815 0.1692 0.1200 0.0123 0.1172
11 0.2433 0.1132 0.3828 0.0854 0.1753
12 0.3054 0.1912 0.4514 0.0120 0.0401
13 0.1804 0.1103 0.4465 0.0486 0.2142
14 0.1820 0.0624 0.1907 0.0546 0.5103
15 0.0825 0.1448 0.1641 0.0623 0.5464
16 0.1544 0.1384 0.6108 0.0385 0.0577
17 0.2361 0.1064 0.3435 0.0924 0.2217
18 0.4211 0.1840 0.2595 0.0168 0.1188
19 0.1604 0.3787 0.3728 0.0695 0.0186
20 0.2720 0.1434 0.2896 0.0830 0.2119
21 0.7344 0.0792 0.0978 0.0196 0.0688
22 0.7695 0.0804 0.0948 0.0287 0.0265
23 0.1578 0.2603 0.4360 0.0658 0.0800
24 0.3386 0.1116 0.4626 0.0359 0.0511
25 0.4087 0.1370 0.3606 0.0733 0.0204
26 0.1952 0.2411 0.4231 0.0329 0.1078
27 0.2299 0.1036 0.5869 0.0264 0.0533
28 0.1182 0.0995 0.1044 0.0080 0.6699
29 0.3030 0.0433 0.1133 0.0709 0.4695
30 0.1143 0.0349 0.0662 0.0155 0.7690
31 0.0936 0.2076 0.3372 0.2142 0.1473
32 0.2203 0.0208 0.1469 0.0492 0.5630
33 0.2123 0.0781 0.1482 0.0599 0.5015
34 0.2488 0.2527 0.2732 0.0930 0.1322
35 0.1829 0.0850 0.4526 0.0994 0.1801
36 0.1509 0.1005 0.4871 0.1175 0.1440
37 0.0968 0.1499 0.3596 0.3596 0.0342
38 0.0553 0.3083 0.4629 0.1503 0.0232
39 0.2372 0.0782 0.5962 0.0659 0.0224
40 0.4697 0.0779 0.2849 0.0804 0.0869
41 0.3040 0.2089 0.4155 0.0389 0.0328
42 0.3809 0.0762 0.2458 0.0836 0.2136
43 0.3403 0.2357 0.2979 0.0479 0.0783
44 0.4458 0.1392 0.1843 0.0448 0.1858
45 0.4561 0.0850 0.3135 0.0580 0.0877
46 0.3123 0.0605 0.4836 0.0601 0.0834
47 0.4106 0.0518 0.3513 0.0960 0.0902
48 0.3945 0.0847 0.2712 0.0691 0.1807
49 0.6191 0.1339 0.1553 0.0276 0.0642
50 0.3345 0.0446 0.3911 0.1847 0.0453
51 0.1715 0.0333 0.6079 0.1444 0.0427
52 0.3196 0.0216 0.2412 0.3735 0.0439
53 0.3118 0.1804 0.2708 0.1776 0.0595
54 0.1674 0.1224 0.4802 0.2018 0.0282
55 0.1061 0.2585 0.6016 0.0106 0.0233
56 0.4263 0.0268 0.3218 0.1544 0.0707
57 0.2830 0.0162 0.5811 0.0557 0.0641
58 0.4253 0.0520 0.2581 0.2350 0.0296
59 0.2041 0.1692 0.4026 0.1963 0.0278
60 0.1608 0.4441 0.3052 0.0116 0.0784
61 0.5195 0.0611 0.1941 0.1672 0.0583
62 0.1783 0.0552 0.4277 0.1812 0.1573
63 0.4851 0.0269 0.3440 0.0392 0.1049
64 0.2539 0.0558 0.5459 0.1058 0.0383
65 0.1427 0.1996 0.4941 0.1289 0.0347
66 0.1628 0.1760 0.5093 0.0336 0.1182
67 0.3210 0.1414 0.3162 0.1947 0.0268
68 0.2218 0.1188 0.4922 0.0803 0.0869
69 0.4268 0.0190 0.4404 0.0543 0.0596
70 0.4675 0.0181 0.3936 0.0613 0.0594
71 0.2092 0.0250 0.5601 0.0529 0.1531
72 0.1886 0.2170 0.3992 0.1423 0.0528
73 0.2076 0.0196 0.3645 0.0493 0.3589
74 0.4744 0.0434 0.3259 0.0504 0.1058
75 0.3379 0.1713 0.3770 0.0382 0.0754
76 0.3264 0.0402 0.4062 0.0349 0.1919
77 0.3306 0.0282 0.4309 0.0704 0.1399
78 0.2399 0.4414 0.2986 0.0100 0.0102
79 0.5200 0.0142 0.2203 0.0963 0.1490
80 0.2539 0.0123 0.5049 0.0308 0.1978
81 0.3838 0.0536 0.2852 0.0588 0.2186
82 0.0686 0.2549 0.2549 0.3376 0.0840
83 0.1161 0.3359 0.4890 0.0116 0.0473
84 0.1995 0.0412 0.3042 0.0262 0.4290
85 0.1746 0.0268 0.2104 0.0160 0.5723
86 0.3030 0.0743 0.3228 0.0487 0.2512
87 0.1827 0.1218 0.3523 0.1010 0.2422
88 0.2388 0.0268 0.2664 0.1802 0.2878
89 0.2598 0.0955 0.5005 0.0424 0.1017
90 0.1004 0.0283 0.3674 0.0172 0.4866
91 0.3997 0.0585 0.3474 0.1093 0.0851
92 0.4128 0.2076 0.3589 0.0038 0.0168
93 0.1624 0.0495 0.5161 0.0282 0.2438
94 0.1814 0.1348 0.2188 0.1208 0.3442
95 0.2551 0.1031 0.5405 0.0527 0.0487
96 0.3296 0.0639 0.2412 0.0406 0.3245
97 0.4204 0.2098 0.2216 0.0116 0.1365
98 0.7046 0.0128 0.1168 0.0561 0.1097
99 0.5186 0.0273 0.2690 0.0453 0.1396
100 0.3369 0.0119 0.3267 0.0493 0.2751
101 0.3550 0.0142 0.3440 0.0392 0.2478
102 0.4041 0.0167 0.3003 0.1158 0.1632
103 0.2091 0.0599 0.3787 0.1733 0.1788
104 0.3433 0.0373 0.4204 0.0209 0.1781
105 0.3435 0.0241 0.3774 0.0465 0.2084
106 0.0912 0.0580 0.5249 0.1731 0.1527
107 0.5122 0.0243 0.2236 0.1467 0.0933
108 0.6431 0.0274 0.1744 0.0805 0.0745
109 0.5083 0.0455 0.2764 0.0985 0.0715
110 0.4351 0.0156 0.4026 0.0699 0.0768
111 0.4397 0.1270 0.2710 0.1395 0.0228
112 0.3291 0.0825 0.3906 0.1733 0.0244
113 0.4189 0.0201 0.2705 0.2463 0.0442
114 0.5234 0.0670 0.1895 0.0450 0.1753
115 0.4258 0.0623 0.2583 0.0558 0.1980
116 0.5874 0.1203 0.1428 0.0329 0.1166
117 0.1327 0.0870 0.4854 0.2876 0.0072
118 0.1013 0.0361 0.2627 0.0175 0.5825
119 0.3091 0.0170 0.4290 0.1680 0.0769
120 0.0983 0.0534 0.7852 0.0471 0.0163
121 0.3652 0.1925 0.3325 0.0420 0.0676
122 0.2786 0.0236 0.4385 0.2498 0.0096
123 0.2859 0.1859 0.4126 0.0594 0.0563
124 0.0557 0.0312 0.8057 0.1008 0.0068
125 0.2512 0.0543 0.1499 0.4692 0.0754
126 0.1131 0.0216 0.3538 0.4614 0.0502
127 0.3311 0.0511 0.4968 0.0417 0.0792
128 0.4448 0.1798 0.2783 0.0312 0.0656
129 0.3430 0.1671 0.4072 0.0212 0.0615
130 0.3242 0.1028 0.5342 0.0159 0.0228
131 0.4487 0.0280 0.2766 0.2257 0.0210
132 0.2094 0.0342 0.4231 0.2954 0.0381
133 0.3657 0.0120 0.3330 0.1081 0.1810
134 0.1920 0.1340 0.5820 0.0460 0.0460
135 0.3911 0.0134 0.2688 0.2688 0.0581
136 0.2283 0.0373 0.3169 0.3706 0.0471
137 0.3977 0.0324 0.3623 0.1322 0.0753
138 0.3394 0.1137 0.4324 0.0988 0.0157
139 0.3442 0.0253 0.3442 0.2480 0.0380
140 0.3828 0.0382 0.1780 0.3767 0.0243
141 0.4229 0.0198 0.1461 0.3398 0.0712
142 0.4282 0.0166 0.1930 0.2119 0.1503
143 0.4094 0.0521 0.1934 0.2296 0.1155
144 0.1417 0.1373 0.6060 0.0880 0.0268
145 0.1186 0.2913 0.4915 0.0610 0.0376
146 0.2869 0.1007 0.4731 0.0790 0.0602
147 0.3843 0.0138 0.2367 0.2683 0.0972
148 0.5605 0.0538 0.1373 0.1281 0.1203
149 0.4524 0.0398 0.1976 0.1976 0.1126
150 0.5674 0.0528 0.2120 0.0693 0.0986
151 0.4092 0.0289 0.2812 0.1459 0.1349
152 0.0433 0.0013 0.0382 0.0198 0.8975
153 0.2708 0.0393 0.1804 0.0415 0.4680
154 0.1694 0.0428 0.2012 0.0396 0.5469
155 0.3269 0.1450 0.4263 0.0406 0.0614
156 0.3127 0.0385 0.2083 0.0391 0.4014
157 0.3704 0.1332 0.2627 0.0475 0.1863
158 0.1130 0.1241 0.5229 0.1984 0.0416
159 0.1005 0.0573 0.6255 0.1292 0.0873
160 0.1254 0.0621 0.0947 0.6367 0.0810
161 0.2136 0.1161 0.5371 0.0798 0.0532
162 0.4619 0.0230 0.0552 0.2673 0.1925
163 0.3923 0.0848 0.2739 0.1973 0.0515
164 0.0454 0.0017 0.0388 0.0170 0.8970
165 0.5591 0.1589 0.1425 0.0306 0.1092
166 0.2825 0.0152 0.1215 0.2004 0.3804
167 0.5718 0.0276 0.0622 0.1074 0.2311
168 0.1158 0.0064 0.0808 0.0419 0.7549
169 0.2683 0.0285 0.1209 0.0489 0.5337
170 0.4363 0.0894 0.4067 0.0467 0.0209
171 0.4648 0.0076 0.3564 0.1175 0.0538
172 0.1735 0.0997 0.6396 0.0638 0.0233
173 0.5942 0.0100 0.2152 0.1305 0.0503
174 0.2864 0.1204 0.5107 0.0290 0.0534
175 0.2805 0.0296 0.4697 0.1169 0.1032
176 0.5225 0.0724 0.2952 0.0795 0.0306
177 0.1061 0.1045 0.2246 0.1643 0.4004
178 0.3071 0.1710 0.4231 0.0494 0.0494
179 0.4224 0.1119 0.4126 0.0134 0.0399
180 0.2207 0.1505 0.5815 0.0143 0.0328
181 0.2208 0.0684 0.4976 0.1404 0.0728
182 0.1020 0.0894 0.7715 0.0118 0.0252
183 0.1102 0.1628 0.6343 0.0554 0.0375
184 0.1060 0.1259 0.5645 0.0422 0.1616
185 0.4023 0.1041 0.2898 0.1126 0.0912
186 0.1494 0.2642 0.5254 0.0132 0.0478
187 0.4707 0.1552 0.3235 0.0127 0.0380
188 0.1770 0.0890 0.5122 0.0862 0.1357
189 0.1481 0.0488 0.1843 0.6138 0.0051
190 0.3389 0.0335 0.0934 0.5249 0.0095
191 0.3296 0.0446 0.1406 0.4612 0.0241
192 0.5146 0.0691 0.0834 0.3171 0.0159
193 0.0908 0.1174 0.7080 0.0173 0.0664
194 0.4143 0.0420 0.1313 0.0924 0.3201
195 0.3367 0.1415 0.1888 0.3042 0.0287
196 0.4104 0.0203 0.2064 0.3403 0.0224
197 0.3875 0.1350 0.3066 0.1068 0.0643
198 0.0806 0.0341 0.2603 0.1681 0.4568
199 0.2607 0.2450 0.3735 0.0087 0.1121
200 0.2869 0.0703 0.1355 0.2378 0.2695
201 0.2576 0.0662 0.0570 0.1152 0.5044
202 0.1931 0.0102 0.3782 0.1002 0.3184
203 0.4316 0.0078 0.4316 0.0705 0.0584
204 0.0706 0.3640 0.5054 0.0442 0.0161
205 0.1942 0.1151 0.1160 0.0215 0.5532
206 0.3118 0.0169 0.4536 0.0634 0.1543
207 0.2600 0.0231 0.3337 0.0224 0.3608
208 0.1536 0.0302 0.3982 0.0440 0.3740
209 0.0637 0.0103 0.1481 0.3286 0.4492
210 0.2070 0.1587 0.4248 0.0693 0.1401
211 0.2434 0.1548 0.5571 0.0186 0.0259
212 0.2004 0.2068 0.5366 0.0278 0.0284
213 0.1917 0.2206 0.1359 0.3933 0.0585
214 0.1917 0.2206 0.1359 0.3933 0.0585
215 0.8047 0.0499 0.0340 0.0773 0.0340
216 0.8081 0.0497 0.0334 0.0751 0.0339
217 0.8066 0.0496 0.0336 0.0762 0.0338
218 0.8071 0.0504 0.0336 0.0751 0.0341
219 0.8071 0.0504 0.0336 0.0751 0.0341
220 0.8047 0.0495 0.0343 0.0772 0.0343
221 0.8062 0.0496 0.0341 0.0762 0.0338
222 0.8062 0.0496 0.0341 0.0762 0.0338
223 0.8047 0.0499 0.0340 0.0772 0.0343
224 0.8047 0.0499 0.0340 0.0772 0.0343
