time exciting_prob fearful_prob tense_prob sad_prob relaxing_prob
0 0.2037 0.2830 0.2496 0.2310 0.0327
1 0.5596 0.0258 0.1210 0.2445 0.0489
2 0.5737 0.0284 0.1619 0.2046 0.0314
3 0.0726 0.0407 0.1421 0.7217 0.0232
4 0.2874 0.0515 0.3989 0.2169 0.0455
5 0.2135 0.1198 0.4116 0.1689 0.0862
6 0.0761 0.1337 0.3154 0.2742 0.2006
7 0.2654 0.3008 0.2961 0.1215 0.0164
8 0.0863 0.4741 0.1492 0.2700 0.0203
9 0.0647 0.2539 0.1516 0.4817 0.0481
10 0.1288 0.0899 0.3557 0.4094 0.0163
11 0.0661 0.1444 0.4734 0.2615 0.0548
12 0.0236 0.2683 0.4092 0.2769 0.0217
13 0.1128 0.0734 0.5137 0.2705 0.0297
14 0.1777 0.0429 0.1617 0.3425 0.2751
15 0.1730 0.0732 0.1503 0.3440 0.2595
16 0.2131 0.0784 0.1941 0.2532 0.2612
17 0.2078 0.0764 0.1982 0.2930 0.2246
18 0.1704 0.0733 0.2155 0.2810 0.2598
19 0.2646 0.0581 0.4097 0.2408 0.0266
20 0.1100 0.2639 0.4351 0.1348 0.0562
21 0.0955 0.1367 0.5845 0.1549 0.0282
22 0.0882 0.2323 0.4919 0.1699 0.0176
23 0.0582 0.2450 0.4038 0.2732 0.0196
24 0.2108 0.0706 0.4978 0.1890 0.0318
25 0.1379 0.0540 0.3108 0.4739 0.0236
26 0.1201 0.0950 0.1483 0.6147 0.0220
27 0.2268 0.1312 0.1534 0.4509 0.0376
28 0.2595 0.2805 0.2382 0.1990 0.0229
29 0.2273 0.1226 0.5625 0.0553 0.0322
30 0.1256 0.3062 0.3752 0.1317 0.0612
31 0.0679 0.3291 0.1085 0.3530 0.1415
32 0.2285 0.2490 0.1204 0.3403 0.0615
33 0.3057 0.2021 0.2363 0.2476 0.0083
34 0.2034 0.1252 0.2844 0.3682 0.0186
35 0.1515 0.1025 0.3870 0.1976 0.1613
36 0.1549 0.0720 0.4277 0.2151 0.1304
37 0.0942 0.1371 0.0757 0.6440 0.0489
38 0.1631 0.1104 0.1250 0.5781 0.0233
39 0.0632 0.1731 0.2404 0.5010 0.0224
40 0.3008 0.1882 0.1741 0.3079 0.0289
41 0.2976 0.0614 0.2467 0.3425 0.0517
42 0.2253 0.1016 0.4551 0.1840 0.0340
43 0.3843 0.0864 0.1887 0.2993 0.0411
44 0.4229 0.1340 0.2142 0.1832 0.0456
45 0.2849 0.0755 0.0955 0.5161 0.0280
46 0.2496 0.3494 0.0488 0.2964 0.0557
47 0.1080 0.2198 0.1511 0.5112 0.0101
48 0.1974 0.1357 0.0593 0.5801 0.0274
49 0.6313 0.0117 0.1063 0.2472 0.0034
50 0.0697 0.2957 0.0909 0.5029 0.0406
51 0.2637 0.2617 0.0499 0.3989 0.0257
52 0.2566 0.2588 0.0916 0.3481 0.0450
53 0.1940 0.2048 0.0759 0.5029 0.0223
54 0.4709 0.2542 0.0463 0.2106 0.0181
55 0.1030 0.3887 0.0551 0.3826 0.0707
56 0.1576 0.6089 0.0305 0.1180 0.0850
57 0.0877 0.6631 0.0524 0.1217 0.0750
58 0.1616 0.2996 0.0460 0.4429 0.0501
59 0.0661 0.1797 0.0743 0.6421 0.0377
60 0.0591 0.1038 0.0486 0.5786 0.2096
61 0.0873 0.6060 0.0299 0.1862 0.0908
62 0.0530 0.2216 0.0261 0.5928 0.1063
63 0.1884 0.2634 0.2168 0.3154 0.0159
64 0.1074 0.2186 0.1433 0.5122 0.0185
65 0.1879 0.2196 0.1807 0.3765 0.0356
66 0.0921 0.1790 0.1996 0.4641 0.0653
67 0.1599 0.3718 0.1812 0.2637 0.0234
68 0.1885 0.1599 0.3547 0.2576 0.0392
69 0.1433 0.1433 0.0531 0.6323 0.0282
70 0.1150 0.3127 0.0561 0.4409 0.0754
71 0.1085 0.6240 0.0590 0.1239 0.0845
72 0.0409 0.3120 0.0564 0.5225 0.0680
73 0.0678 0.4285 0.0824 0.3337 0.0877
74 0.1074 0.3660 0.0427 0.4084 0.0756
75 0.1855 0.4451 0.0527 0.2698 0.0469
76 0.1036 0.3267 0.1708 0.3318 0.0674
77 0.1117 0.1117 0.0424 0.6182 0.1161
78 0.0159 0.5977 0.2097 0.1659 0.0110
79 0.0099 0.5464 0.3115 0.1259 0.0062
80 0.1046 0.6924 0.0620 0.1353 0.0059
81 0.0672 0.0750 0.2136 0.5991 0.0451
82 0.0737 0.3352 0.0692 0.4729 0.0491
83 0.0657 0.4055 0.2023 0.2479 0.0786
84 0.0138 0.4993 0.1214 0.2322 0.1333
85 0.0150 0.6167 0.1453 0.1365 0.0867
86 0.0893 0.1077 0.0533 0.7134 0.0363
87 0.1063 0.0861 0.1376 0.6216 0.0483
88 0.0244 0.5728 0.1328 0.2157 0.0545
89 0.0255 0.6904 0.0392 0.1932 0.0516
90 0.0337 0.5034 0.0645 0.2360 0.1622
91 0.0981 0.4294 0.0342 0.3372 0.1012
92 0.1271 0.5605 0.0385 0.2449 0.0292
93 0.0825 0.3723 0.0381 0.4563 0.0508
94 0.0501 0.1155 0.0663 0.5059 0.2625
95 0.0771 0.4727 0.0178 0.1672 0.2651
96 0.1129 0.6250 0.0369 0.1669 0.0586
97 0.0586 0.5430 0.0314 0.1021 0.2646
98 0.3286 0.0637 0.5249 0.0642 0.0184
99 0.0433 0.2413 0.0975 0.3767 0.2413
100 0.2578 0.1857 0.0386 0.4316 0.0864
101 0.2944 0.3523 0.0126 0.2744 0.0662
102 0.1514 0.3958 0.0278 0.3464 0.0786
103 0.1517 0.6143 0.0292 0.1127 0.0920
104 0.1220 0.6343 0.0274 0.1044 0.1119
105 0.1105 0.3406 0.0483 0.1409 0.3596
106 0.0422 0.1429 0.0446 0.6606 0.1096
107 0.0468 0.2590 0.0370 0.5659 0.0909
108 0.0159 0.6992 0.0954 0.1674 0.0220
109 0.1342 0.2908 0.0638 0.4434 0.0680
110 0.1550 0.1515 0.1017 0.5498 0.0421
111 0.0391 0.2546 0.0108 0.1849 0.5107
112 0.1274 0.6128 0.0232 0.1326 0.1040
113 0.1260 0.6104 0.0685 0.0740 0.1212
114 0.2781 0.5039 0.0458 0.0842 0.0882
115 0.0396 0.2078 0.0952 0.5825 0.0746
116 0.0575 0.3311 0.1516 0.3694 0.0905
117 0.1875 0.2859 0.0776 0.4160 0.0328
118 0.0751 0.3286 0.0608 0.4458 0.0898
119 0.0837 0.3313 0.0113 0.3696 0.2041
120 0.1194 0.2629 0.0075 0.4761 0.1343
121 0.1746 0.4060 0.0246 0.2090 0.1859
122 0.1250 0.2013 0.0735 0.5181 0.0820
123 0.1032 0.1411 0.1082 0.6323 0.0151
124 0.0510 0.2305 0.0909 0.5034 0.1243
125 0.0740 0.1279 0.0914 0.4229 0.2839
126 0.0981 0.4792 0.1012 0.2751 0.0464
127 0.1742 0.4885 0.0251 0.1610 0.1512
128 0.0753 0.2247 0.0908 0.5562 0.0530
129 0.1256 0.1237 0.6479 0.0850 0.0178
130 0.1193 0.4573 0.1877 0.1428 0.0929
131 0.0773 0.4309 0.0889 0.3103 0.0925
132 0.1195 0.0506 0.0288 0.7554 0.0457
133 0.2239 0.2365 0.0850 0.3779 0.0768
134 0.2035 0.0984 0.2068 0.4695 0.0218
135 0.0954 0.4446 0.0939 0.2612 0.1048
136 0.1703 0.5288 0.0157 0.2086 0.0768
137 0.0811 0.7817 0.0296 0.0733 0.0343
138 0.1096 0.5029 0.0258 0.2981 0.0635
139 0.0979 0.7524 0.0187 0.0806 0.0504
140 0.0323 0.1437 0.0459 0.7188 0.0594
141 0.1567 0.3318 0.0316 0.3242 0.1555
142 0.1443 0.2512 0.2019 0.3804 0.0221
143 0.0940 0.3230 0.0738 0.3518 0.1573
144 0.0469 0.2876 0.0368 0.5542 0.0744
145 0.0654 0.3318 0.0654 0.4680 0.0696
146 0.1810 0.6567 0.0414 0.0592 0.0616
147 0.1001 0.3181 0.0598 0.4927 0.0291
148 0.1222 0.4165 0.1281 0.2318 0.1013
149 0.0751 0.5259 0.0781 0.1667 0.1542
150 0.0856 0.6084 0.0562 0.1180 0.1316
151 0.1229 0.3501 0.0260 0.3018 0.1995
152 0.1458 0.5166 0.0934 0.1901 0.0540
153 0.1031 0.2083 0.0420 0.3459 0.3005
154 0.2512 0.1377 0.0587 0.3862 0.1661
155 0.2140 0.1136 0.1154 0.4424 0.1145
156 0.1124 0.2761 0.0330 0.3987 0.1797
157 0.1396 0.6357 0.0327 0.1022 0.0895
158 0.1061 0.2194 0.1321 0.4717 0.0707
159 0.0527 0.4021 0.2185 0.2637 0.0631
160 0.1184 0.2095 0.0192 0.4795 0.1736
161 0.0764 0.3757 0.0297 0.3420 0.1761
162 0.0648 0.1721 0.0442 0.6201 0.0989
163 0.0822 0.2377 0.2268 0.3596 0.0938
164 0.0079 0.0168 0.0436 0.9043 0.0273
165 0.0584 0.2439 0.1245 0.4849 0.0883
166 0.0697 0.5229 0.1780 0.2113 0.0179
167 0.0754 0.2490 0.1292 0.5356 0.0109
168 0.0976 0.1089 0.0286 0.7266 0.0382
169 0.1456 0.3809 0.0598 0.3013 0.1125
170 0.1008 0.2742 0.1016 0.4810 0.0424
171 0.1465 0.4407 0.0583 0.2673 0.0875
172 0.1962 0.4563 0.0441 0.2578 0.0455
173 0.0844 0.5010 0.0678 0.3086 0.0383
174 0.0980 0.6006 0.1060 0.1173 0.0781
175 0.1761 0.6196 0.0478 0.0460 0.1102
176 0.1744 0.5371 0.0544 0.0870 0.1469
177 0.0930 0.1685 0.0587 0.4949 0.1849
178 0.1013 0.3823 0.0422 0.3765 0.0975
179 0.1562 0.2786 0.1785 0.3308 0.0562
180 0.2427 0.2881 0.0928 0.2905 0.0859
181 0.0950 0.3584 0.1918 0.2642 0.0906
182 0.1009 0.2496 0.2273 0.3989 0.0232
183 0.1650 0.4055 0.0870 0.3157 0.0267
184 0.1359 0.4119 0.1827 0.2460 0.0236
185 0.0581 0.1593 0.1086 0.6104 0.0634
186 0.2018 0.2632 0.1205 0.3276 0.0868
187 0.1956 0.5400 0.1293 0.0551 0.0803
188 0.1868 0.2324 0.0939 0.4209 0.0660
189 0.3372 0.1230 0.2839 0.2354 0.0207
190 0.2507 0.1953 0.4136 0.1271 0.0133
191 0.0925 0.5244 0.0213 0.2964 0.0656
192 0.1396 0.5352 0.0436 0.2129 0.0686
193 0.1663 0.4773 0.1134 0.1526 0.0904
194 0.2295 0.4634 0.1093 0.1425 0.0554
195 0.1639 0.0673 0.2462 0.4744 0.0481
196 0.1438 0.2407 0.3970 0.1846 0.0339
197 0.0894 0.1967 0.1617 0.4263 0.1260
198 0.0748 0.2146 0.0468 0.5029 0.1608
199 0.1135 0.4780 0.0694 0.2366 0.1025
200 0.0572 0.3093 0.0914 0.4131 0.1289
201 0.1221 0.1428 0.2013 0.5142 0.0196
202 0.0421 0.3013 0.0710 0.5630 0.0227
203 0.0468 0.1866 0.0665 0.6724 0.0277
204 0.1793 0.1510 0.1880 0.4724 0.0091
205 0.2522 0.1340 0.1790 0.4160 0.0189
206 0.2218 0.2717 0.0184 0.4553 0.0327
207 0.1126 0.0612 0.0688 0.6953 0.0622
208 0.1455 0.1065 0.0257 0.6836 0.0386
209 0.6157 0.0915 0.1848 0.1028 0.0052
210 0.5913 0.0546 0.0900 0.2603 0.0039
211 0.2242 0.0613 0.0673 0.6436 0.0035
212 0.0592 0.1971 0.0984 0.5615 0.0835
213 0.0540 0.5537 0.1161 0.1246 0.1515
214 0.0900 0.1847 0.0764 0.5220 0.1270
215 0.0857 0.5459 0.1504 0.1718 0.0466
216 0.1693 0.2424 0.0381 0.4897 0.0604
217 0.1643 0.3118 0.0826 0.2524 0.1891
218 0.0732 0.4485 0.0715 0.2327 0.1742
219 0.0894 0.1147 0.1405 0.5825 0.0729
220 0.1160 0.1489 0.1031 0.5488 0.0829
221 0.1062 0.4133 0.2000 0.2356 0.0450
222 0.1318 0.5464 0.1381 0.0695 0.1145
223 0.3176 0.1234 0.0861 0.4692 0.0037
224 0.4680 0.0752 0.0951 0.3142 0.0475
225 0.3557 0.1448 0.1628 0.3264 0.0102
226 0.0771 0.0681 0.1956 0.6021 0.0569
227 0.0834 0.6216 0.1571 0.0450 0.0931
228 0.1624 0.2827 0.0704 0.4277 0.0570
229 0.2220 0.5083 0.0570 0.1637 0.0491
230 0.1604 0.3530 0.0782 0.3877 0.0206
231 0.1881 0.2065 0.1660 0.4045 0.0348
232 0.2617 0.1198 0.0710 0.3606 0.1870
233 0.1547 0.4272 0.0569 0.3250 0.0362
234 0.1309 0.2622 0.2407 0.1803 0.1859
235 0.0792 0.2344 0.0709 0.5625 0.0531
236 0.0667 0.7754 0.0417 0.0280 0.0883
237 0.0787 0.7769 0.0292 0.0442 0.0711
238 0.1324 0.1942 0.2695 0.3628 0.0410
239 0.1406 0.1984 0.0659 0.5742 0.0209
240 0.0720 0.2476 0.1124 0.5078 0.0602
241 0.1602 0.1287 0.2224 0.4421 0.0466
242 0.0891 0.2744 0.3750 0.2460 0.0155
243 0.1176 0.0555 0.0254 0.7432 0.0582
244 0.0833 0.5518 0.1290 0.0701 0.1656
245 0.1310 0.5391 0.0375 0.1121 0.1805
246 0.1028 0.5781 0.0337 0.1221 0.1631
247 0.1179 0.6084 0.0289 0.0836 0.1613
248 0.0545 0.1589 0.0942 0.6694 0.0231
249 0.0392 0.1410 0.0535 0.7505 0.0158
250 0.0850 0.1829 0.2969 0.3638 0.0716
251 0.3291 0.4360 0.1604 0.0717 0.0026
252 0.1375 0.5229 0.0670 0.2146 0.0582
253 0.1530 0.3445 0.0292 0.4221 0.0512
254 0.0831 0.1172 0.7070 0.0608 0.0318
255 0.1499 0.1752 0.1302 0.5151 0.0297
256 0.2013 0.3940 0.0199 0.2795 0.1052
257 0.4690 0.0133 0.0635 0.4404 0.0137
258 0.0987 0.2993 0.4219 0.1565 0.0236
259 0.3333 0.2917 0.0743 0.2783 0.0222
260 0.0973 0.2686 0.0497 0.5425 0.0418
261 0.0770 0.6968 0.1270 0.0659 0.0334
262 0.0353 0.7251 0.0600 0.1556 0.0239
263 0.0147 0.5459 0.0402 0.3694 0.0298
264 0.1686 0.1159 0.4375 0.2493 0.0289
265 0.0370 0.2612 0.1488 0.5356 0.0172
266 0.0529 0.2993 0.2812 0.3237 0.0428
267 0.0638 0.1919 0.1068 0.5640 0.0734
268 0.3269 0.0039 0.0614 0.6011 0.0065
269 0.3389 0.0956 0.3899 0.1613 0.0143
270 0.2786 0.0631 0.0672 0.5806 0.0109
271 0.3611 0.2620 0.0964 0.2703 0.0102
272 0.2148 0.1097 0.0606 0.6025 0.0124
273 0.2311 0.1652 0.0792 0.4631 0.0612
274 0.0900 0.2299 0.0471 0.5430 0.0900
275 0.1003 0.4978 0.0813 0.1965 0.1240
276 0.0666 0.3057 0.0519 0.4883 0.0876
277 0.1050 0.5249 0.0837 0.2103 0.0762
278 0.1420 0.3982 0.0784 0.2654 0.1159
279 0.0822 0.3149 0.0784 0.4880 0.0365
280 0.0773 0.1549 0.0454 0.7104 0.0119
281 0.0554 0.4392 0.0628 0.4062 0.0363
282 0.0526 0.4541 0.1122 0.3594 0.0217
283 0.0422 0.1820 0.0486 0.6924 0.0350
284 0.1226 0.3254 0.0785 0.4343 0.0392
285 0.1292 0.4136 0.0696 0.3677 0.0200
286 0.0871 0.2683 0.1328 0.2947 0.2173
287 0.0823 0.1798 0.2203 0.4890 0.0285
288 0.0533 0.2605 0.2729 0.3789 0.0342
289 0.0974 0.1832 0.2861 0.3616 0.0718
290 0.0663 0.1240 0.2996 0.4360 0.0740
291 0.0693 0.4412 0.1107 0.2871 0.0917
292 0.1074 0.6953 0.0441 0.1306 0.0227
293 0.0776 0.3730 0.0684 0.4463 0.0347
294 0.0956 0.4385 0.0694 0.3579 0.0386
295 0.1854 0.1216 0.2068 0.3987 0.0876
