time exciting_prob fearful_prob tense_prob sad_prob relaxing_prob
0 0.2037 0.2830 0.2496 0.2310 0.0327
1 0.4148 0.1082 0.4626 0.0077 0.0065
2 0.4351 0.1002 0.4490 0.0091 0.0066
3 0.4465 0.0879 0.4536 0.0064 0.0057
4 0.4465 0.0879 0.4536 0.0064 0.0057
5 0.3198 0.1071 0.5522 0.0130 0.0078
6 0.2163 0.1880 0.3623 0.2197 0.0136
7 0.2015 0.0802 0.5835 0.0952 0.0397
8 0.2329 0.0986 0.5415 0.0927 0.0341
9 0.9082 0.0179 0.0210 0.0463 0.0064
10 0.9233 0.0209 0.0252 0.0237 0.0070
11 0.8574 0.0071 0.0181 0.1090 0.0081
12 0.1223 0.0461 0.5566 0.2394 0.0356
13 0.2021 0.1650 0.4084 0.1730 0.0515
14 0.1335 0.1798 0.3926 0.2534 0.0404
15 0.3054 0.1107 0.3354 0.2035 0.0447
16 0.1720 0.2042 0.3999 0.1517 0.0723
17 0.1676 0.3035 0.3604 0.0699 0.0985
18 0.2729 0.1681 0.3291 0.2028 0.0270
19 0.1462 0.3071 0.3943 0.0741 0.0782
20 0.1785 0.2188 0.2402 0.3181 0.0444
21 0.0425 0.1860 0.4604 0.2583 0.0525
22 0.0923 0.1241 0.6406 0.1223 0.0208
23 0.0838 0.4978 0.3018 0.1076 0.0090
24 0.3042 0.2561 0.3667 0.0637 0.0093
25 0.1963 0.2482 0.2260 0.2725 0.0571
26 0.2281 0.1981 0.2246 0.2976 0.0517
27 0.2023 0.2328 0.2988 0.2119 0.0540
28 0.1357 0.2786 0.2328 0.1827 0.1703
29 0.1420 0.3457 0.2048 0.1925 0.1149
30 0.0686 0.1354 0.1522 0.4543 0.1895
31 0.4307 0.1838 0.3079 0.0535 0.0241
32 0.3572 0.1609 0.3628 0.1064 0.0129
33 0.3042 0.0599 0.1460 0.4094 0.0806
34 0.0960 0.1140 0.7671 0.0213 0.0016
35 0.0853 0.0391 0.8618 0.0127 0.0010
36 0.1029 0.0279 0.8350 0.0326 0.0016
37 0.0960 0.1909 0.3916 0.3098 0.0116
38 0.1844 0.1553 0.1995 0.4495 0.0114
39 0.1328 0.1963 0.0994 0.3843 0.1873
40 0.0769 0.0482 0.0690 0.5015 0.3042
41 0.0900 0.0609 0.0497 0.5513 0.2484
42 0.0698 0.2656 0.0962 0.4885 0.0798
43 0.0811 0.0683 0.6479 0.1857 0.0167
44 0.0803 0.0835 0.7983 0.0353 0.0026
45 0.1639 0.0787 0.5903 0.1614 0.0057
46 0.0482 0.2194 0.1013 0.4905 0.1405
47 0.0632 0.0637 0.0558 0.6333 0.1842
48 0.0710 0.2500 0.1110 0.4187 0.1493
49 0.1436 0.1993 0.5210 0.1238 0.0123
50 0.2793 0.1761 0.3530 0.1831 0.0086
51 0.1538 0.1390 0.3523 0.3494 0.0055
52 0.1371 0.1859 0.4749 0.1903 0.0119
53 0.1927 0.1810 0.2893 0.3228 0.0143
54 0.1205 0.2590 0.3950 0.2147 0.0108
55 0.1531 0.1230 0.5425 0.1460 0.0352
56 0.1124 0.2571 0.5278 0.0822 0.0206
57 0.1278 0.1404 0.4822 0.2074 0.0421
58 0.0966 0.1321 0.3704 0.3704 0.0309
59 0.0582 0.1176 0.5972 0.2230 0.0042
60 0.0127 0.0563 0.6055 0.3188 0.0068
61 0.0409 0.0734 0.8604 0.0212 0.0043
62 0.2061 0.2410 0.2952 0.1384 0.1193
63 0.0254 0.0558 0.0623 0.2793 0.5771
64 0.0326 0.1044 0.0865 0.5430 0.2335
65 0.1278 0.0160 0.0425 0.2042 0.6094
66 0.1169 0.0621 0.0423 0.3772 0.4016
67 0.0684 0.1425 0.5811 0.1917 0.0164
68 0.1282 0.0573 0.1282 0.5972 0.0894
69 0.1396 0.0975 0.3738 0.3623 0.0267
70 0.2205 0.1434 0.0417 0.5630 0.0315
71 0.0513 0.1694 0.1351 0.5259 0.1183
72 0.0598 0.1625 0.1959 0.4849 0.0970
73 0.0427 0.1099 0.1160 0.7051 0.0261
74 0.0347 0.0982 0.0644 0.7485 0.0542
75 0.0203 0.1407 0.1387 0.6719 0.0286
76 0.1713 0.2002 0.1071 0.5112 0.0104
77 0.2302 0.2413 0.2267 0.2957 0.0060
78 0.0220 0.0666 0.5933 0.3176 0.0006
79 0.2286 0.0464 0.2551 0.3076 0.1621
80 0.2120 0.0496 0.2292 0.3037 0.2054
81 0.2401 0.0263 0.2401 0.3284 0.1650
82 0.2153 0.1550 0.0897 0.3748 0.1650
83 0.1135 0.0870 0.3665 0.4285 0.0043
84 0.0406 0.1129 0.4067 0.4263 0.0137
85 0.0903 0.1124 0.2695 0.5195 0.0083
86 0.0517 0.0684 0.2625 0.6099 0.0075
87 0.0430 0.0635 0.2361 0.6519 0.0056
88 0.1454 0.0698 0.5576 0.2051 0.0223
89 0.0196 0.0184 0.9438 0.0163 0.0017
90 0.0127 0.0185 0.9644 0.0039 0.0003
91 0.1262 0.1621 0.3328 0.3655 0.0135
92 0.1575 0.0667 0.6733 0.0897 0.0128
93 0.0647 0.1050 0.6235 0.2056 0.0013
94 0.0860 0.2527 0.3196 0.3347 0.0071
95 0.1631 0.2908 0.3853 0.1532 0.0076
96 0.2305 0.4043 0.2778 0.0720 0.0153
97 0.1151 0.2435 0.5576 0.0815 0.0025
98 0.1882 0.3408 0.3008 0.1661 0.0038
99 0.0811 0.3108 0.2239 0.3809 0.0033
100 0.0584 0.1002 0.4419 0.3960 0.0036
101 0.1048 0.0345 0.3716 0.4551 0.0340
102 0.1960 0.2054 0.2153 0.2766 0.1066
103 0.0989 0.0207 0.7783 0.0959 0.0061
104 0.0449 0.0718 0.5469 0.1891 0.1472
105 0.0479 0.0281 0.7969 0.1096 0.0175
106 0.0694 0.0584 0.5679 0.2725 0.0320
107 0.0398 0.1433 0.7393 0.0495 0.0282
108 0.0708 0.1149 0.7729 0.0342 0.0069
109 0.0483 0.1420 0.7324 0.0760 0.0013
110 0.1011 0.3018 0.4529 0.1426 0.0016
111 0.0693 0.0444 0.7939 0.0317 0.0607
112 0.0444 0.2805 0.0454 0.6128 0.0168
113 0.0987 0.4529 0.1615 0.2622 0.0248
114 0.3035 0.0245 0.4556 0.1841 0.0325
115 0.0955 0.0131 0.7163 0.1326 0.0424
116 0.0582 0.0271 0.8291 0.0681 0.0176
117 0.0672 0.1943 0.6084 0.1255 0.0048
118 0.0338 0.1027 0.7466 0.1075 0.0093
119 0.0547 0.0211 0.8433 0.0784 0.0027
120 0.1354 0.1970 0.5977 0.0630 0.0071
121 0.0430 0.0985 0.4849 0.3440 0.0296
122 0.2612 0.0506 0.3101 0.2269 0.1511
123 0.2422 0.1237 0.2137 0.3062 0.1144
124 0.0747 0.0429 0.6064 0.2732 0.0027
125 0.0512 0.0832 0.5342 0.3240 0.0076
126 0.0387 0.0989 0.5518 0.3096 0.0010
127 0.2043 0.0674 0.2244 0.4463 0.0576
128 0.1531 0.1210 0.2158 0.4568 0.0533
129 0.0699 0.0732 0.5493 0.3035 0.0040
130 0.0214 0.1354 0.5269 0.3147 0.0017
131 0.3169 0.0753 0.0974 0.3269 0.1835
132 0.3098 0.1148 0.1311 0.3735 0.0707
133 0.1429 0.0983 0.5068 0.1779 0.0742
134 0.3262 0.0728 0.3474 0.1238 0.1298
135 0.0540 0.0646 0.0368 0.1501 0.6943
136 0.0718 0.0654 0.0471 0.0901 0.7256
137 0.0790 0.0656 0.6831 0.0896 0.0828
138 0.2064 0.2129 0.3948 0.1014 0.0847
139 0.0976 0.1465 0.4878 0.2415 0.0267
140 0.0504 0.0994 0.3362 0.5049 0.0095
141 0.1328 0.0576 0.2367 0.5332 0.0396
142 0.0197 0.2386 0.5547 0.1653 0.0215
143 0.1229 0.1085 0.5015 0.2225 0.0445
144 0.0836 0.0962 0.5986 0.2168 0.0048
145 0.1268 0.1052 0.7188 0.0456 0.0037
146 0.0442 0.0318 0.8472 0.0663 0.0107
147 0.0861 0.0245 0.7437 0.0821 0.0640
148 0.1511 0.2360 0.5073 0.0535 0.0522
149 0.0544 0.0253 0.8247 0.0883 0.0074
150 0.0886 0.0179 0.2952 0.5688 0.0292
151 0.0979 0.0627 0.5635 0.2277 0.0481
152 0.2793 0.1164 0.3215 0.2749 0.0080
153 0.0829 0.0437 0.1989 0.6416 0.0330
154 0.0454 0.0738 0.6577 0.2006 0.0227
155 0.0481 0.0580 0.7402 0.1504 0.0030
156 0.0829 0.1048 0.4697 0.2939 0.0487
157 0.0729 0.0142 0.8677 0.0358 0.0093
158 0.2242 0.0207 0.6694 0.0740 0.0116
159 0.1611 0.0251 0.4050 0.3987 0.0101
160 0.0748 0.0640 0.6777 0.1796 0.0041
161 0.0487 0.0862 0.8306 0.0300 0.0045
162 0.0718 0.0764 0.6968 0.1449 0.0100
163 0.2209 0.0950 0.2209 0.4463 0.0166
164 0.0294 0.1219 0.7583 0.0892 0.0010
165 0.0955 0.0709 0.4482 0.3774 0.0077
166 0.0431 0.4895 0.3994 0.0553 0.0127
167 0.1283 0.0280 0.5933 0.2434 0.0074
168 0.0385 0.0518 0.7852 0.1114 0.0131
169 0.0476 0.0199 0.8853 0.0251 0.0222
170 0.0945 0.0635 0.7324 0.0348 0.0748
171 0.0739 0.0751 0.5815 0.2502 0.0193
172 0.0466 0.0204 0.8140 0.1035 0.0156
173 0.0746 0.0142 0.7188 0.1761 0.0160
174 0.0447 0.0862 0.7563 0.1024 0.0105
175 0.0933 0.0448 0.4814 0.3750 0.0056
176 0.1560 0.0620 0.4514 0.2234 0.1072
177 0.0439 0.0446 0.8828 0.0262 0.0024
178 0.1194 0.1737 0.3621 0.3245 0.0206
179 0.1065 0.2290 0.3774 0.2761 0.0109
180 0.1041 0.0584 0.1885 0.6279 0.0211
181 0.0441 0.2678 0.3958 0.2764 0.0158
182 0.0881 0.0329 0.8486 0.0176 0.0127
183 0.0782 0.0859 0.1508 0.6548 0.0302
184 0.1927 0.2219 0.1810 0.3804 0.0239
185 0.0739 0.0266 0.2705 0.6001 0.0290
186 0.1045 0.1777 0.2212 0.4832 0.0135
187 0.0472 0.5361 0.3921 0.0188 0.0060
188 0.0969 0.0433 0.7266 0.1243 0.0087
189 0.1299 0.0422 0.6196 0.1920 0.0161
190 0.0501 0.0268 0.8550 0.0559 0.0121
191 0.0527 0.0241 0.8442 0.0531 0.0257
192 0.2150 0.0220 0.2474 0.4412 0.0743
193 0.1139 0.2247 0.1750 0.4265 0.0600
194 0.1445 0.3132 0.3132 0.0626 0.1664
195 0.1018 0.1843 0.3726 0.3186 0.0227
196 0.1201 0.0663 0.2603 0.4028 0.1505
197 0.0667 0.0315 0.7397 0.1458 0.0162
198 0.1234 0.0430 0.7100 0.1055 0.0185
199 0.1515 0.1613 0.4592 0.1716 0.0566
200 0.0814 0.1148 0.6401 0.1364 0.0271
201 0.0865 0.0613 0.7476 0.0800 0.0248
202 0.1519 0.2108 0.5557 0.0712 0.0105
203 0.0468 0.0620 0.2529 0.5439 0.0945
204 0.0608 0.0689 0.2332 0.5952 0.0418
205 0.4109 0.0931 0.3743 0.1141 0.0075
206 0.1062 0.0605 0.4988 0.3171 0.0173
207 0.1190 0.1267 0.5171 0.1962 0.0411
208 0.0035 0.0132 0.0540 0.9141 0.0150
209 0.0639 0.1440 0.5107 0.2529 0.0284
210 0.0722 0.1482 0.4636 0.2993 0.0168
211 0.1149 0.0551 0.5146 0.3074 0.0079
212 0.0845 0.1019 0.5176 0.2903 0.0055
213 0.1371 0.0554 0.4224 0.3787 0.0065
214 0.1018 0.0266 0.2122 0.6538 0.0058
215 0.0253 0.0392 0.2400 0.6943 0.0010
216 0.0169 0.0431 0.3960 0.5410 0.0029
217 0.0949 0.0964 0.6797 0.1257 0.0031
218 0.1068 0.1874 0.6641 0.0381 0.0038
219 0.5483 0.1223 0.2529 0.0518 0.0247
220 0.6045 0.1370 0.1978 0.0459 0.0150
221 0.4026 0.0366 0.3723 0.1577 0.0308
222 0.4243 0.0371 0.3518 0.1537 0.0330
223 0.3535 0.0316 0.4985 0.0966 0.0198
224 0.1892 0.2507 0.4609 0.0525 0.0467
225 0.1614 0.2876 0.4456 0.0575 0.0481
226 0.1830 0.1328 0.3088 0.3611 0.0141
227 0.1887 0.1338 0.2922 0.3696 0.0156
228 0.2310 0.1009 0.2742 0.3806 0.0133
229 0.2159 0.0974 0.1331 0.4717 0.0820
230 0.4280 0.1266 0.0253 0.2722 0.1479
231 0.6489 0.1339 0.0181 0.0567 0.1426
232 0.6489 0.1339 0.0181 0.0567 0.1426
233 0.6489 0.1339 0.0181 0.0567 0.1426
234 0.6479 0.1359 0.0178 0.0558 0.1423
235 0.6479 0.1359 0.0178 0.0558 0.1423
236 0.6494 0.1340 0.0180 0.0559 0.1427
237 0.6494 0.1340 0.0180 0.0559 0.1427
238 0.6494 0.1340 0.0180 0.0559 0.1427
239 0.5869 0.0943 0.0215 0.1818 0.1155
240 0.5869 0.0943 0.0215 0.1818 0.1155
241 0.6460 0.1354 0.0180 0.0587 0.1418
