time exciting_prob fearful_prob tense_prob sad_prob relaxing_prob
0 0.2037 0.2830 0.2496 0.2310 0.0327
1 0.2037 0.2830 0.2496 0.2310 0.0327
2 0.3210 0.2480 0.3311 0.0699 0.0299
3 0.2922 0.2405 0.2810 0.1732 0.0129
4 0.0515 0.2239 0.3992 0.3157 0.0098
5 0.0307 0.0742 0.2715 0.6211 0.0025
6 0.0595 0.3533 0.5259 0.0486 0.0127
7 0.3044 0.0101 0.4360 0.2227 0.0268
8 0.2764 0.0139 0.2400 0.4556 0.0144
9 0.1470 0.0067 0.3723 0.4668 0.0073
10 0.2192 0.0384 0.0695 0.6597 0.0130
11 0.5283 0.1024 0.1729 0.1636 0.0330
12 0.0483 0.4109 0.3516 0.1837 0.0056
13 0.2222 0.0817 0.4775 0.1991 0.0194
14 0.1979 0.0613 0.2224 0.5054 0.0134
15 0.3179 0.0667 0.2805 0.3228 0.0121
16 0.2744 0.1118 0.1843 0.4089 0.0207
17 0.1705 0.2971 0.4636 0.0378 0.0311
18 0.2220 0.0451 0.1975 0.5205 0.0150
19 0.1342 0.0388 0.1670 0.6504 0.0098
20 0.2333 0.0581 0.3342 0.3672 0.0073
21 0.2090 0.1059 0.3286 0.3418 0.0147
22 0.2372 0.1696 0.4536 0.1321 0.0075
23 0.1660 0.0495 0.3406 0.4175 0.0265
24 0.1062 0.1194 0.4541 0.3123 0.0080
25 0.2507 0.0595 0.3296 0.3425 0.0176
26 0.2367 0.0825 0.2520 0.4187 0.0102
27 0.3325 0.1333 0.4204 0.1038 0.0098
28 0.3059 0.0672 0.4116 0.1945 0.0210
29 0.1793 0.0713 0.6309 0.0945 0.0243
30 0.2089 0.0441 0.1843 0.5503 0.0124
31 0.0927 0.0850 0.4631 0.3337 0.0255
32 0.0489 0.0957 0.6001 0.2350 0.0204
33 0.0314 0.0888 0.7266 0.1123 0.0410
34 0.1437 0.0806 0.5957 0.1603 0.0198
35 0.0355 0.0794 0.3167 0.5645 0.0041
36 0.1875 0.0347 0.3848 0.3909 0.0023
37 0.0756 0.0651 0.1009 0.7573 0.0011
38 0.1761 0.1069 0.3215 0.3789 0.0166
39 0.0891 0.0318 0.1247 0.7520 0.0025
40 0.3733 0.1722 0.3145 0.1095 0.0304
41 0.3752 0.2294 0.1436 0.2008 0.0512
42 0.0916 0.1149 0.3538 0.4268 0.0132
43 0.2202 0.0312 0.1455 0.5845 0.0184
44 0.1700 0.0630 0.2805 0.3955 0.0910
45 0.0911 0.1501 0.3179 0.4277 0.0133
46 0.2177 0.0478 0.2317 0.4944 0.0086
47 0.0217 0.0246 0.3118 0.6396 0.0025
48 0.0663 0.0568 0.7246 0.1495 0.0029
49 0.0999 0.0953 0.3921 0.3984 0.0142
50 0.2803 0.0606 0.5977 0.0404 0.0211
51 0.1726 0.1572 0.5615 0.0592 0.0495
52 0.0899 0.0613 0.6802 0.1448 0.0240
53 0.2808 0.0897 0.3777 0.2439 0.0080
54 0.0904 0.3689 0.4966 0.0392 0.0049
55 0.0646 0.0956 0.4351 0.3809 0.0238
56 0.2111 0.2449 0.4434 0.0735 0.0271
57 0.2842 0.3564 0.3025 0.0290 0.0281
58 0.2039 0.3691 0.3928 0.0236 0.0107
59 0.1837 0.0578 0.3569 0.3860 0.0157
60 0.2242 0.0585 0.1692 0.5381 0.0102
61 0.1254 0.2474 0.4016 0.1853 0.0404
62 0.0576 0.0793 0.7065 0.1360 0.0205
63 0.1749 0.0319 0.2544 0.5220 0.0166
64 0.1862 0.1086 0.4644 0.2211 0.0199
65 0.1771 0.1576 0.5127 0.1316 0.0211
66 0.1932 0.0528 0.3064 0.4321 0.0154
67 0.0694 0.2766 0.4155 0.2277 0.0108
68 0.3967 0.2091 0.2351 0.0572 0.1019
69 0.2632 0.0534 0.2549 0.3828 0.0457
70 0.1754 0.1225 0.4551 0.2324 0.0144
71 0.1676 0.0955 0.4739 0.2537 0.0092
72 0.2097 0.1168 0.1970 0.4653 0.0112
73 0.0833 0.0399 0.1472 0.7188 0.0107
74 0.3394 0.1278 0.2261 0.2771 0.0297
75 0.1807 0.0789 0.3677 0.3677 0.0049
76 0.0809 0.1323 0.2200 0.5615 0.0052
77 0.1317 0.3608 0.3782 0.1190 0.0104
78 0.0545 0.0466 0.5132 0.3813 0.0045
79 0.0688 0.2085 0.6035 0.1125 0.0067
80 0.1598 0.2418 0.4377 0.1573 0.0033
81 0.0721 0.0271 0.1702 0.7280 0.0026
82 0.2988 0.1024 0.5283 0.0495 0.0210
83 0.2605 0.1427 0.2505 0.3267 0.0196
84 0.0901 0.4688 0.2629 0.1685 0.0097
85 0.2496 0.0940 0.3494 0.2742 0.0330
86 0.2401 0.1929 0.3718 0.1550 0.0401
87 0.1343 0.1104 0.1176 0.6157 0.0219
88 0.2089 0.0652 0.2900 0.4287 0.0073
89 0.1008 0.0362 0.5039 0.3574 0.0018
90 0.1359 0.0544 0.3809 0.4182 0.0106
91 0.1886 0.4285 0.3184 0.0215 0.0431
92 0.0695 0.1339 0.6489 0.1404 0.0073
93 0.0537 0.0696 0.2583 0.6104 0.0080
94 0.5337 0.1802 0.2561 0.0207 0.0095
95 0.0340 0.0330 0.5757 0.3545 0.0030
96 0.1927 0.0335 0.3330 0.4343 0.0065
97 0.2179 0.0908 0.5229 0.1570 0.0115
98 0.1733 0.2583 0.3816 0.1747 0.0122
99 0.1868 0.1304 0.4480 0.2083 0.0267
100 0.0373 0.1398 0.3569 0.4441 0.0218
101 0.1163 0.1528 0.4636 0.2600 0.0071
102 0.0317 0.0303 0.0773 0.8569 0.0037
103 0.1364 0.0741 0.1805 0.5923 0.0169
104 0.6470 0.1884 0.1160 0.0236 0.0249
105 0.2010 0.2812 0.2769 0.2157 0.0250
106 0.0847 0.1924 0.0854 0.6162 0.0211
107 0.0532 0.0589 0.6377 0.2256 0.0245
108 0.1274 0.0349 0.5000 0.2849 0.0527
109 0.2115 0.1987 0.4409 0.0991 0.0498
110 0.1385 0.0645 0.6558 0.0847 0.0564
111 0.2114 0.3352 0.3857 0.0530 0.0145
112 0.2379 0.1796 0.2847 0.2235 0.0743
113 0.3699 0.0734 0.3848 0.1628 0.0091
114 0.3162 0.0603 0.4636 0.1414 0.0187
115 0.1823 0.1852 0.4583 0.1431 0.0312
116 0.3105 0.1562 0.1826 0.3386 0.0120
117 0.0822 0.1500 0.6567 0.0440 0.0671
118 0.0756 0.2009 0.6235 0.0844 0.0155
119 0.1836 0.1232 0.6064 0.0634 0.0232
120 0.1954 0.0670 0.4951 0.2001 0.0423
121 0.0781 0.0818 0.3364 0.4971 0.0067
122 0.1053 0.0482 0.2094 0.6348 0.0022
123 0.3589 0.2861 0.1877 0.1520 0.0152
124 0.0275 0.0163 0.0735 0.8809 0.0018
125 0.1193 0.0456 0.0664 0.7656 0.0030
126 0.1027 0.0576 0.4497 0.3728 0.0173
127 0.0322 0.0335 0.1740 0.7559 0.0047
128 0.1210 0.0819 0.4641 0.3188 0.0141
129 0.1681 0.0628 0.2563 0.2883 0.2245
130 0.1088 0.0754 0.1698 0.6411 0.0049
131 0.1318 0.0366 0.1859 0.6392 0.0065
132 0.0966 0.0347 0.1520 0.7080 0.0088
133 0.0492 0.0378 0.2834 0.6284 0.0011
134 0.1249 0.0892 0.5425 0.2091 0.0341
135 0.0812 0.0132 0.1060 0.7954 0.0041
136 0.1604 0.0428 0.2485 0.5430 0.0055
137 0.0544 0.0593 0.4661 0.4177 0.0026
138 0.1025 0.0473 0.2922 0.5547 0.0035
139 0.0830 0.0280 0.2440 0.6431 0.0019
140 0.2893 0.0682 0.4919 0.1334 0.0172
141 0.1420 0.0868 0.7100 0.0461 0.0154
142 0.2341 0.0506 0.6616 0.0472 0.0065
143 0.0611 0.0312 0.0465 0.8574 0.0038
144 0.0981 0.0795 0.1567 0.6602 0.0057
145 0.1203 0.1053 0.3401 0.4265 0.0076
146 0.1750 0.0494 0.3823 0.3823 0.0109
147 0.0792 0.2054 0.6841 0.0087 0.0227
148 0.0950 0.2834 0.4060 0.2091 0.0064
149 0.1002 0.0948 0.4893 0.1018 0.2137
150 0.2715 0.1398 0.5073 0.0692 0.0125
151 0.0788 0.1580 0.3069 0.4534 0.0031
152 0.0482 0.0707 0.1764 0.6978 0.0067
153 0.0876 0.0616 0.3545 0.4771 0.0192
154 0.0908 0.0696 0.3481 0.4832 0.0083
155 0.2020 0.0531 0.5405 0.1755 0.0289
156 0.5205 0.1479 0.2421 0.0584 0.0312
157 0.2444 0.0390 0.2642 0.4460 0.0064
158 0.1232 0.1203 0.3508 0.3823 0.0235
159 0.1526 0.1108 0.3547 0.3777 0.0042
160 0.1646 0.0282 0.3596 0.4404 0.0073
161 0.0714 0.0650 0.1780 0.6826 0.0032
162 0.2754 0.2839 0.2908 0.1373 0.0125
163 0.2524 0.0264 0.6348 0.0789 0.0075
164 0.1409 0.0376 0.4548 0.3542 0.0122
165 0.0533 0.0297 0.6440 0.2686 0.0043
166 0.1144 0.0912 0.1976 0.5718 0.0249
167 0.2415 0.0881 0.3711 0.2844 0.0150
168 0.0980 0.1238 0.1948 0.5815 0.0019
169 0.1284 0.2253 0.3628 0.2783 0.0051
170 0.3022 0.2013 0.3142 0.1383 0.0439
171 0.2122 0.0371 0.1786 0.5679 0.0044
172 0.1587 0.0207 0.1492 0.6685 0.0032
173 0.0732 0.3633 0.4419 0.1161 0.0054
174 0.2119 0.2659 0.4314 0.0401 0.0507
175 0.3796 0.1533 0.3350 0.1167 0.0153
176 0.1008 0.3203 0.4412 0.1324 0.0053
177 0.1338 0.2659 0.4561 0.1227 0.0217
178 0.1395 0.2393 0.5918 0.0077 0.0216
179 0.1627 0.1050 0.5171 0.1801 0.0352
180 0.0651 0.0345 0.1853 0.7104 0.0047
181 0.0805 0.0371 0.2170 0.6582 0.0069
182 0.2949 0.0139 0.2524 0.4292 0.0095
183 0.4470 0.0814 0.3096 0.1322 0.0297
184 0.2229 0.1580 0.3733 0.2354 0.0106
185 0.1761 0.1580 0.5732 0.0833 0.0093
186 0.3674 0.0581 0.4065 0.1472 0.0207
187 0.2327 0.1107 0.4346 0.2037 0.0184
188 0.1591 0.0445 0.2581 0.5215 0.0168
189 0.1490 0.2006 0.3547 0.2786 0.0171
190 0.3689 0.1378 0.1943 0.2917 0.0071
191 0.1876 0.1951 0.4717 0.1156 0.0302
192 0.2830 0.1144 0.4282 0.1600 0.0144
193 0.0167 0.3269 0.2930 0.3452 0.0182
194 0.1486 0.1311 0.4758 0.2356 0.0087
195 0.1528 0.0716 0.2788 0.4932 0.0036
196 0.2015 0.1140 0.4167 0.2629 0.0049
197 0.0692 0.2357 0.4875 0.2001 0.0076
198 0.0068 0.1654 0.6147 0.2124 0.0006
199 0.1625 0.0257 0.1650 0.6426 0.0044
200 0.2788 0.1470 0.2480 0.2878 0.0383
201 0.2261 0.1494 0.5337 0.0787 0.0120
202 0.1891 0.0428 0.3760 0.3760 0.0163
203 0.2229 0.3022 0.3762 0.0189 0.0795
204 0.1262 0.1195 0.2673 0.4839 0.0032
205 0.1138 0.1005 0.2817 0.5024 0.0018
206 0.1696 0.1260 0.4329 0.2428 0.0288
207 0.1060 0.1270 0.4360 0.3044 0.0266
208 0.1311 0.1292 0.4873 0.2079 0.0446
209 0.0878 0.1349 0.6748 0.0980 0.0047
210 0.0833 0.1450 0.7080 0.0467 0.0168
211 0.1517 0.1482 0.6748 0.0107 0.0147
212 0.2189 0.0441 0.2404 0.4670 0.0296
213 0.1360 0.0252 0.1102 0.7183 0.0103
214 0.3950 0.1313 0.4109 0.0552 0.0075
215 0.3269 0.2281 0.3733 0.0649 0.0069
216 0.3633 0.1226 0.3013 0.1959 0.0170
217 0.1345 0.1727 0.4482 0.2236 0.0210
218 0.0739 0.2222 0.6377 0.0438 0.0223
219 0.5254 0.0972 0.2312 0.1328 0.0137
220 0.4163 0.1165 0.3560 0.0950 0.0164
221 0.0478 0.0833 0.2410 0.6250 0.0030
222 0.1301 0.0522 0.2146 0.5972 0.0058
223 0.2235 0.0946 0.2803 0.3860 0.0156
224 0.1057 0.2534 0.2761 0.2290 0.1356
225 0.2074 0.3904 0.2462 0.0283 0.1277
226 0.0845 0.1578 0.6440 0.1027 0.0108
227 0.1620 0.2798 0.4912 0.0443 0.0226
228 0.3669 0.0793 0.3999 0.1219 0.0318
229 0.2673 0.0875 0.3953 0.2361 0.0137
230 0.1570 0.0522 0.3000 0.0367 0.4541
231 0.1432 0.0784 0.2573 0.0135 0.5078
232 0.1382 0.0775 0.2705 0.5054 0.0084
233 0.0544 0.2169 0.2874 0.4382 0.0032
234 0.0424 0.4451 0.1587 0.3494 0.0047
235 0.1653 0.2581 0.4089 0.1577 0.0101
236 0.1456 0.1526 0.6475 0.0050 0.0495
237 0.1887 0.1414 0.6284 0.0042 0.0372
238 0.1635 0.1132 0.5532 0.0348 0.1355
239 0.3083 0.1433 0.3386 0.0123 0.1975
240 0.1426 0.0375 0.4392 0.3264 0.0545
241 0.2405 0.1349 0.1172 0.4353 0.0722
