time exciting_prob fearful_prob tense_prob sad_prob relaxing_prob
0 0.1987 0.2847 0.2512 0.2323 0.0330
1 0.0966 0.4004 0.1982 0.2886 0.0161
2 0.1859 0.1542 0.0851 0.5215 0.0533
3 0.1302 0.5068 0.0765 0.2549 0.0312
4 0.2253 0.3601 0.2052 0.1727 0.0368
5 0.2144 0.4536 0.1532 0.1036 0.0753
6 0.2263 0.2094 0.1427 0.3242 0.0974
7 0.2695 0.1754 0.1796 0.3176 0.0578
8 0.1697 0.1849 0.1544 0.4070 0.0840
9 0.1899 0.4963 0.1467 0.1538 0.0131
10 0.4438 0.2712 0.2001 0.0765 0.0084
11 0.2468 0.2507 0.3455 0.0967 0.0605
12 0.2452 0.4141 0.2251 0.1006 0.0150
13 0.3315 0.1415 0.3367 0.1173 0.0728
14 0.2798 0.1157 0.2507 0.3025 0.0510
15 0.1763 0.0648 0.2817 0.3616 0.1156
16 0.2195 0.3882 0.2886 0.0309 0.0729
17 0.2175 0.0690 0.1996 0.3701 0.1438
18 0.2321 0.1204 0.3594 0.0596 0.2285
19 0.1190 0.1067 0.3638 0.2878 0.1228
20 0.3428 0.2649 0.2450 0.0620 0.0853
21 0.3279 0.1047 0.1356 0.3892 0.0427
22 0.2930 0.3218 0.1260 0.1791 0.0801
23 0.1740 0.2269 0.2983 0.2759 0.0251
24 0.2208 0.1693 0.3816 0.2074 0.0209
25 0.2686 0.0812 0.1603 0.4639 0.0262
26 0.5474 0.0649 0.1749 0.1921 0.0209
27 0.3665 0.0774 0.2294 0.2854 0.0414
28 0.3411 0.0849 0.1315 0.4146 0.0280
29 0.6172 0.1133 0.1838 0.0570 0.0286
30 0.5181 0.0292 0.1937 0.2527 0.0062
31 0.4053 0.0919 0.2808 0.1813 0.0408
32 0.4070 0.0685 0.3621 0.1290 0.0334
33 0.2234 0.1609 0.3831 0.1672 0.0655
34 0.3176 0.1926 0.3860 0.0815 0.0221
35 0.3733 0.0240 0.2335 0.3118 0.0573
36 0.4133 0.2111 0.2078 0.1406 0.0273
37 0.0360 0.1600 0.7344 0.0637 0.0058
38 0.2413 0.1559 0.4438 0.1252 0.0337
39 0.2659 0.1412 0.2170 0.3579 0.0180
40 0.3037 0.1814 0.3416 0.1527 0.0207
41 0.1439 0.0425 0.4680 0.3293 0.0163
42 0.1554 0.1191 0.5176 0.2042 0.0040
43 0.3660 0.1433 0.2238 0.2457 0.0213
44 0.5938 0.1346 0.1274 0.1265 0.0175
45 0.3823 0.1764 0.1121 0.0685 0.2607
46 0.1511 0.0616 0.2378 0.5317 0.0176
47 0.4424 0.1034 0.2769 0.1267 0.0508
48 0.1025 0.0218 0.1296 0.7344 0.0118
49 0.2007 0.0837 0.4778 0.2239 0.0139
50 0.3416 0.0177 0.3525 0.1083 0.1801
51 0.4910 0.0468 0.3120 0.1213 0.0288
52 0.2942 0.0392 0.2678 0.2874 0.1116
53 0.4197 0.0600 0.3191 0.1763 0.0250
54 0.5225 0.1532 0.2178 0.0873 0.0195
55 0.3311 0.1626 0.1317 0.3184 0.0562
56 0.4480 0.2532 0.0822 0.1159 0.1007
57 0.2578 0.1638 0.1144 0.4419 0.0220
58 0.6738 0.0905 0.1458 0.0298 0.0598
59 0.6055 0.1020 0.1891 0.0712 0.0321
60 0.5854 0.0739 0.2788 0.0310 0.0306
61 0.5874 0.1311 0.2281 0.0228 0.0306
62 0.5337 0.1219 0.2295 0.0603 0.0545
63 0.6650 0.0679 0.1804 0.0471 0.0393
64 0.5791 0.1442 0.1511 0.0703 0.0551
65 0.2771 0.0740 0.2209 0.3818 0.0460
66 0.4270 0.1686 0.3328 0.0382 0.0334
67 0.2510 0.0564 0.3948 0.2610 0.0367
68 0.2983 0.2235 0.1660 0.2983 0.0137
69 0.3623 0.0881 0.3196 0.2129 0.0171
70 0.4023 0.0504 0.2347 0.2722 0.0402
71 0.5020 0.1383 0.2316 0.0554 0.0729
72 0.5107 0.0655 0.3352 0.0742 0.0143
73 0.3254 0.3958 0.2152 0.0458 0.0178
74 0.4543 0.2529 0.1779 0.0959 0.0190
75 0.2328 0.1885 0.3577 0.1813 0.0398
76 0.3369 0.4160 0.0729 0.1708 0.0034
77 0.4712 0.3447 0.0336 0.1361 0.0145
78 0.2566 0.4036 0.0629 0.2544 0.0226
79 0.2024 0.2661 0.2922 0.1947 0.0445
80 0.4951 0.1620 0.1752 0.1343 0.0334
81 0.1350 0.0787 0.2351 0.4749 0.0763
82 0.3474 0.2388 0.2812 0.0648 0.0679
83 0.1754 0.0310 0.0875 0.6318 0.0743
84 0.1677 0.2422 0.2089 0.0603 0.3208
85 0.0592 0.0671 0.4517 0.1687 0.2534
86 0.0815 0.2759 0.3921 0.1072 0.1432
87 0.1106 0.0896 0.0969 0.1234 0.5796
88 0.0567 0.0580 0.0648 0.0128 0.8076
89 0.3147 0.0416 0.0909 0.0498 0.5029
90 0.2781 0.0882 0.2915 0.0298 0.3125
91 0.0955 0.0883 0.4888 0.0817 0.2457
92 0.0757 0.0831 0.0793 0.0323 0.7295
93 0.3198 0.1418 0.1282 0.0645 0.3457
94 0.2900 0.1887 0.0837 0.0652 0.3723
95 0.1975 0.1135 0.1180 0.1009 0.4702
96 0.1761 0.1949 0.0819 0.0214 0.5259
97 0.1697 0.2820 0.1223 0.0610 0.3650
98 0.0698 0.3862 0.2871 0.0261 0.2307
99 0.0536 0.0963 0.1295 0.2239 0.4966
100 0.0549 0.1829 0.2106 0.1553 0.3965
101 0.0305 0.1798 0.4214 0.1826 0.1855
102 0.0705 0.1505 0.2500 0.0508 0.4783
103 0.0620 0.7554 0.1272 0.0218 0.0337
104 0.0698 0.3862 0.1048 0.0954 0.3435
105 0.0487 0.1150 0.0822 0.5361 0.2183
106 0.0864 0.2368 0.1565 0.4600 0.0603
107 0.1908 0.4612 0.0753 0.1321 0.1406
108 0.0242 0.0377 0.0175 0.0622 0.8584
109 0.0454 0.0645 0.0544 0.0247 0.8110
110 0.0544 0.1638 0.2764 0.0389 0.4666
111 0.0759 0.2690 0.1222 0.0342 0.4988
112 0.0445 0.2104 0.1135 0.0274 0.6040
113 0.0318 0.1392 0.1917 0.0234 0.6138
114 0.1212 0.1351 0.2076 0.3425 0.1936
115 0.1294 0.0574 0.4958 0.1024 0.2150
116 0.0834 0.0990 0.2549 0.1620 0.4009
117 0.1060 0.1201 0.1707 0.2561 0.3474
118 0.1029 0.1053 0.3977 0.1879 0.2063
119 0.1289 0.2317 0.2029 0.0268 0.4097
120 0.1451 0.0937 0.3220 0.1271 0.3120
121 0.0468 0.0241 0.1985 0.3767 0.3540
122 0.1334 0.1868 0.0869 0.0731 0.5195
123 0.0601 0.1283 0.3596 0.3276 0.1243
124 0.1027 0.4675 0.3264 0.0878 0.0157
125 0.1853 0.0671 0.2252 0.4695 0.0531
126 0.2318 0.5781 0.1569 0.0284 0.0046
127 0.2084 0.0570 0.1098 0.5239 0.1008
128 0.3914 0.0753 0.2195 0.2710 0.0429
129 0.1298 0.0590 0.2993 0.3186 0.1932
130 0.2808 0.1357 0.4021 0.1357 0.0458
131 0.0776 0.1952 0.1892 0.5308 0.0075
132 0.4209 0.4377 0.0720 0.0597 0.0098
133 0.1680 0.2683 0.2520 0.3088 0.0029
134 0.3091 0.1566 0.2261 0.2903 0.0179
135 0.1162 0.5459 0.1842 0.1458 0.0081
136 0.2411 0.1764 0.4719 0.0619 0.0486
137 0.2177 0.2092 0.4260 0.0852 0.0619
138 0.2866 0.2233 0.3918 0.0406 0.0578
139 0.3550 0.1613 0.3413 0.1117 0.0308
140 0.4822 0.1760 0.1774 0.1102 0.0541
141 0.1892 0.1998 0.2488 0.2649 0.0974
142 0.4319 0.0716 0.3235 0.1328 0.0402
143 0.2849 0.3359 0.2037 0.1526 0.0229
144 0.2218 0.0666 0.2494 0.3574 0.1048
145 0.2383 0.3467 0.3870 0.0180 0.0101
146 0.3955 0.1649 0.3745 0.0451 0.0199
147 0.5376 0.1136 0.2277 0.1067 0.0143
148 0.2637 0.0626 0.2595 0.4021 0.0120
149 0.3049 0.1487 0.4724 0.0564 0.0176
150 0.2134 0.0970 0.3203 0.3574 0.0118
151 0.1169 0.1274 0.6572 0.0743 0.0239
152 0.0799 0.1034 0.4089 0.3904 0.0174
153 0.2842 0.1606 0.4949 0.0426 0.0177
154 0.2356 0.1139 0.3621 0.2732 0.0153
155 0.2847 0.1768 0.2893 0.2271 0.0223
156 0.2327 0.4851 0.1945 0.0317 0.0562
157 0.3049 0.2756 0.2756 0.1166 0.0273
158 0.2849 0.1235 0.2573 0.3008 0.0335
159 0.2429 0.3169 0.3452 0.0306 0.0644
160 0.1953 0.2146 0.4614 0.1194 0.0094
161 0.1737 0.1849 0.5967 0.0373 0.0072
162 0.1360 0.0979 0.6958 0.0608 0.0095
163 0.1652 0.1276 0.6138 0.0877 0.0059
164 0.2261 0.1919 0.4126 0.1603 0.0091
165 0.1312 0.1158 0.6362 0.1114 0.0055
166 0.1218 0.1827 0.5049 0.1600 0.0308
167 0.2012 0.0604 0.2727 0.4497 0.0160
168 0.1736 0.0814 0.3345 0.3911 0.0193
169 0.2551 0.2083 0.2551 0.2737 0.0079
170 0.1714 0.1196 0.4207 0.2737 0.0145
171 0.1022 0.0759 0.6406 0.1752 0.0063
172 0.1450 0.2930 0.5098 0.0425 0.0096
173 0.0616 0.2327 0.1587 0.5410 0.0059
174 0.3826 0.2568 0.1924 0.1620 0.0060
175 0.7119 0.0956 0.1266 0.0536 0.0122
176 0.5566 0.0639 0.2450 0.0967 0.0379
177 0.1942 0.1432 0.5889 0.0186 0.0548
178 0.3481 0.0660 0.2096 0.3098 0.0665
179 0.1447 0.0979 0.2224 0.4424 0.0927
180 0.2703 0.3555 0.2791 0.0668 0.0285
181 0.2325 0.3384 0.3716 0.0185 0.0392
182 0.4114 0.1783 0.2761 0.0856 0.0484
183 0.4561 0.1589 0.1058 0.2500 0.0292
184 0.2216 0.1252 0.5933 0.0062 0.0539
185 0.2927 0.4641 0.2244 0.0059 0.0131
186 0.3228 0.5532 0.0606 0.0206 0.0427
187 0.1941 0.0510 0.5444 0.1196 0.0909
188 0.3193 0.0422 0.4504 0.1013 0.0867
189 0.6006 0.1111 0.1554 0.0996 0.0334
190 0.4460 0.2664 0.2426 0.0236 0.0215
191 0.2964 0.0291 0.4211 0.1444 0.1090
192 0.2944 0.0150 0.4780 0.0512 0.1614
193 0.3823 0.0582 0.3196 0.1765 0.0634
194 0.4636 0.0751 0.2725 0.1084 0.0806
195 0.4966 0.0184 0.2102 0.2203 0.0544
196 0.2285 0.1464 0.2756 0.3198 0.0295
197 0.0718 0.1580 0.4163 0.3506 0.0035
198 0.2102 0.3660 0.3359 0.0823 0.0056
199 0.2847 0.2019 0.2117 0.2893 0.0124
200 0.2996 0.4714 0.1578 0.0658 0.0053
201 0.2313 0.2791 0.3137 0.1705 0.0054
202 0.3472 0.3638 0.1978 0.0831 0.0081
203 0.3821 0.1130 0.2014 0.2930 0.0106
204 0.2876 0.0594 0.5210 0.0566 0.0756
205 0.2556 0.0444 0.5044 0.0761 0.1198
206 0.3184 0.0549 0.5635 0.0167 0.0466
207 0.4302 0.1407 0.3220 0.0502 0.0569
208 0.1882 0.1097 0.5195 0.1064 0.0760
209 0.2316 0.1803 0.5259 0.0452 0.0170
210 0.2952 0.1531 0.4431 0.0776 0.0311
211 0.2625 0.0865 0.0951 0.5303 0.0256
212 0.2952 0.1121 0.3879 0.0442 0.1605
213 0.1687 0.0797 0.3801 0.2937 0.0778
214 0.5464 0.1042 0.2462 0.0323 0.0711
215 0.2423 0.1349 0.3389 0.2620 0.0220
216 0.4473 0.2671 0.1418 0.1242 0.0198
217 0.5796 0.1304 0.1572 0.0842 0.0483
218 0.3137 0.4124 0.1615 0.0878 0.0244
219 0.4419 0.1504 0.3523 0.0481 0.0072
220 0.3657 0.3176 0.2634 0.0410 0.0122
221 0.2462 0.1888 0.3611 0.1963 0.0076
222 0.2612 0.2437 0.1927 0.2676 0.0348
223 0.3313 0.2386 0.2791 0.1307 0.0201
224 0.2725 0.1887 0.2944 0.2367 0.0077
225 0.1853 0.1313 0.5664 0.1081 0.0091
226 0.2168 0.1611 0.5894 0.0206 0.0122
227 0.2372 0.3142 0.4229 0.0155 0.0103
228 0.2563 0.1543 0.5059 0.0707 0.0126
229 0.3289 0.0679 0.1288 0.3555 0.1191
