time exciting_prob fearful_prob tense_prob sad_prob relaxing_prob
0 0.2037 0.2830 0.2496 0.2310 0.0327
1 0.7471 0.0073 0.0375 0.0541 0.1542
2 0.2142 0.1111 0.1655 0.1472 0.3616
3 0.4514 0.0041 0.0230 0.0335 0.4880
4 0.5420 0.0037 0.0164 0.0255 0.4124
5 0.5186 0.0027 0.0113 0.0235 0.4438
6 0.8105 0.0123 0.0143 0.0881 0.0748
7 0.8638 0.0153 0.0121 0.0487 0.0602
8 0.5562 0.0795 0.1364 0.1670 0.0610
9 0.4753 0.0690 0.1891 0.2159 0.0505
10 0.4414 0.0743 0.1974 0.2325 0.0544
11 0.1329 0.1173 0.2859 0.4292 0.0347
12 0.1703 0.1390 0.2598 0.3838 0.0473
13 0.1482 0.3499 0.2559 0.1932 0.0528
14 0.3591 0.0586 0.1147 0.2247 0.2429
15 0.3237 0.0393 0.0995 0.0281 0.5093
16 0.3164 0.0845 0.1155 0.0304 0.4531
17 0.3625 0.0535 0.1262 0.0135 0.4441
18 0.1034 0.2620 0.1109 0.0567 0.4670
19 0.2274 0.2311 0.0402 0.0455 0.4558
20 0.2395 0.1851 0.0724 0.1547 0.3484
21 0.1821 0.2064 0.0887 0.0789 0.4438
22 0.2166 0.2915 0.0969 0.1215 0.2737
23 0.0864 0.0545 0.0987 0.1267 0.6338
24 0.2401 0.1813 0.1217 0.2203 0.2365
25 0.2993 0.3420 0.1747 0.1471 0.0369
26 0.2786 0.2920 0.1650 0.1899 0.0744
27 0.2424 0.3364 0.1448 0.1414 0.1349
28 0.3254 0.0430 0.1143 0.2255 0.2917
29 0.4194 0.0839 0.1655 0.1791 0.1520
30 0.3999 0.0323 0.0957 0.2333 0.2388
31 0.2644 0.1137 0.3938 0.1519 0.0764
32 0.7783 0.0136 0.1176 0.0108 0.0795
33 0.0935 0.1259 0.1361 0.6392 0.0054
34 0.3848 0.1094 0.2028 0.2466 0.0563
35 0.4685 0.0801 0.0930 0.3096 0.0486
36 0.4563 0.0805 0.1083 0.2832 0.0716
37 0.0461 0.0620 0.1292 0.5972 0.1658
38 0.0330 0.0480 0.7397 0.1368 0.0424
39 0.3240 0.1495 0.0717 0.0290 0.4258
40 0.1055 0.1376 0.3540 0.2610 0.1420
41 0.0406 0.0312 0.3430 0.4836 0.1014
42 0.2544 0.1012 0.1372 0.0813 0.4260
43 0.1202 0.0306 0.1544 0.5142 0.1805
44 0.0630 0.0848 0.2100 0.5532 0.0889
45 0.0687 0.1465 0.2571 0.3801 0.1477
46 0.0463 0.0409 0.5215 0.1964 0.1949
47 0.0662 0.0602 0.2346 0.5806 0.0584
48 0.0642 0.1127 0.2277 0.5723 0.0233
49 0.0695 0.1667 0.4824 0.2316 0.0497
50 0.1122 0.2180 0.3594 0.2588 0.0514
51 0.0884 0.0589 0.2854 0.4023 0.1652
52 0.0873 0.1005 0.4907 0.2449 0.0765
53 0.0377 0.0487 0.4309 0.3804 0.1024
54 0.0407 0.0221 0.2183 0.6621 0.0569
55 0.0518 0.0759 0.4138 0.3594 0.0991
56 0.1090 0.0743 0.1422 0.5537 0.1207
57 0.0664 0.0581 0.2354 0.4680 0.1721
58 0.1005 0.1605 0.5781 0.1509 0.0099
59 0.4688 0.1836 0.1570 0.1487 0.0419
60 0.4890 0.1033 0.1730 0.1390 0.0956
61 0.5078 0.1490 0.1599 0.0962 0.0869
62 0.3733 0.1221 0.1605 0.2246 0.1193
63 0.0484 0.0727 0.4087 0.3335 0.1368
64 0.1118 0.1033 0.3159 0.1276 0.3416
65 0.0952 0.1251 0.2710 0.0685 0.4402
66 0.2622 0.2445 0.1775 0.2244 0.0914
67 0.4722 0.1428 0.0765 0.2979 0.0108
68 0.3271 0.2412 0.2146 0.1157 0.1013
69 0.2664 0.1565 0.2561 0.1903 0.1307
70 0.1075 0.1414 0.1719 0.1829 0.3965
71 0.4663 0.0320 0.1625 0.0817 0.2576
72 0.4307 0.0861 0.3379 0.0578 0.0875
73 0.1421 0.1561 0.1081 0.1727 0.4209
74 0.1081 0.3030 0.2252 0.0855 0.2781
75 0.2773 0.0326 0.3425 0.0614 0.2861
76 0.3137 0.0695 0.2971 0.0360 0.2834
77 0.4717 0.0634 0.2666 0.0914 0.1069
78 0.4600 0.0512 0.1248 0.2423 0.1218
79 0.3694 0.0405 0.1118 0.4597 0.0184
80 0.3406 0.4077 0.1064 0.1409 0.0044
81 0.0914 0.0576 0.2605 0.5869 0.0036
82 0.0779 0.2458 0.4314 0.0622 0.1826
83 0.0781 0.0627 0.0120 0.8394 0.0076
84 0.0463 0.0751 0.1145 0.5293 0.2349
85 0.1696 0.0177 0.1270 0.6011 0.0846
86 0.1088 0.1333 0.1006 0.6514 0.0060
87 0.1094 0.1860 0.1427 0.1919 0.3699
88 0.1265 0.1065 0.1624 0.5757 0.0291
89 0.0969 0.1064 0.1254 0.6470 0.0243
90 0.0718 0.1086 0.0482 0.7598 0.0118
91 0.2803 0.3079 0.0284 0.2937 0.0896
92 0.2976 0.1005 0.1805 0.0814 0.3398
93 0.0257 0.0392 0.0527 0.8779 0.0045
94 0.0393 0.0648 0.1278 0.7471 0.0213
95 0.0445 0.0442 0.1934 0.6963 0.0215
96 0.1367 0.0829 0.2085 0.4963 0.0755
97 0.3401 0.0443 0.0551 0.3374 0.2230
98 0.0726 0.0215 0.1898 0.6943 0.0216
99 0.0607 0.0588 0.1869 0.6733 0.0203
100 0.1627 0.0474 0.1035 0.6641 0.0225
101 0.2910 0.0821 0.3765 0.1232 0.1271
102 0.1906 0.0453 0.2159 0.5342 0.0140
103 0.0994 0.0727 0.0549 0.7695 0.0035
104 0.1530 0.0806 0.0525 0.7075 0.0065
105 0.2081 0.1080 0.2981 0.2472 0.1387
106 0.2578 0.3931 0.1199 0.0728 0.1564
107 0.2668 0.3022 0.1556 0.0674 0.2078
108 0.3398 0.2144 0.1876 0.0820 0.1763
109 0.2759 0.2759 0.2271 0.1023 0.1187
110 0.1333 0.4473 0.1510 0.1864 0.0821
111 0.2822 0.2935 0.2339 0.0874 0.1030
112 0.1678 0.1830 0.3237 0.1589 0.1666
113 0.1517 0.2241 0.3018 0.2025 0.1200
114 0.1764 0.1683 0.2754 0.1952 0.1848
115 0.0562 0.0844 0.1266 0.7285 0.0044
116 0.0797 0.2084 0.0588 0.6519 0.0014
117 0.5869 0.0740 0.0757 0.1655 0.0980
118 0.6133 0.0448 0.0883 0.1357 0.1179
119 0.1354 0.0783 0.1301 0.6021 0.0543
120 0.1095 0.2527 0.2864 0.2195 0.1321
121 0.0847 0.1685 0.3003 0.3708 0.0759
122 0.1121 0.0526 0.1581 0.6304 0.0471
123 0.3110 0.0898 0.0971 0.4817 0.0202
124 0.1365 0.2433 0.3828 0.2216 0.0161
125 0.0893 0.0369 0.2045 0.0396 0.6299
126 0.2249 0.1312 0.3948 0.0686 0.1807
127 0.1827 0.2039 0.2681 0.3259 0.0194
128 0.2974 0.1681 0.4360 0.0746 0.0238
129 0.1355 0.4373 0.1047 0.3198 0.0028
130 0.1632 0.4648 0.1332 0.2374 0.0012
131 0.1732 0.0979 0.5811 0.1181 0.0296
132 0.0697 0.2018 0.3828 0.3174 0.0282
133 0.3726 0.1050 0.4321 0.0722 0.0182
134 0.4990 0.0670 0.3123 0.0736 0.0482
135 0.4194 0.0586 0.2245 0.2352 0.0623
136 0.1203 0.2047 0.3945 0.2356 0.0450
137 0.1836 0.2130 0.4875 0.0487 0.0670
138 0.1895 0.2433 0.4690 0.0596 0.0385
139 0.3352 0.0760 0.3921 0.0547 0.1420
140 0.4355 0.0837 0.3445 0.0768 0.0594
141 0.1587 0.1316 0.5122 0.1467 0.0507
142 0.2029 0.0475 0.1763 0.4502 0.1231
143 0.3611 0.1119 0.2242 0.2642 0.0384
144 0.2664 0.1249 0.1816 0.4192 0.0079
145 0.2280 0.2125 0.2043 0.3450 0.0103
146 0.1660 0.2305 0.2216 0.3682 0.0138
147 0.2102 0.1411 0.3108 0.1637 0.1743
148 0.2766 0.1010 0.2073 0.3901 0.0249
149 0.2832 0.0524 0.2311 0.4185 0.0148
150 0.4143 0.1597 0.1648 0.0656 0.1957
151 0.1592 0.1776 0.1020 0.0435 0.5176
152 0.1317 0.1287 0.1033 0.1033 0.5332
153 0.1815 0.1067 0.1136 0.0689 0.5293
154 0.1790 0.1616 0.1077 0.3291 0.2227
155 0.2527 0.2213 0.1683 0.1087 0.2488
156 0.2717 0.0382 0.2218 0.1024 0.3657
157 0.3459 0.1522 0.2693 0.0692 0.1633
158 0.2913 0.0737 0.1252 0.0514 0.4583
159 0.2045 0.0586 0.0509 0.5825 0.1036
160 0.2300 0.0801 0.1777 0.0654 0.4468
161 0.2006 0.0583 0.1649 0.4663 0.1099
162 0.2556 0.0401 0.3083 0.3281 0.0677
163 0.2920 0.0477 0.4453 0.1091 0.1058
164 0.2139 0.0323 0.2703 0.3638 0.1199
165 0.2820 0.0364 0.4167 0.1533 0.1113
166 0.2761 0.0327 0.4343 0.1598 0.0969
167 0.1584 0.0620 0.1511 0.6265 0.0020
168 0.2452 0.0923 0.0578 0.5884 0.0163
169 0.3872 0.1602 0.2024 0.1277 0.1227
170 0.1635 0.1941 0.3860 0.2034 0.0531
171 0.1991 0.0222 0.5854 0.1246 0.0688
172 0.3745 0.1702 0.2917 0.0322 0.1315
173 0.3181 0.2363 0.1550 0.0144 0.2764
174 0.1736 0.4229 0.1907 0.0908 0.1221
175 0.3501 0.1268 0.2261 0.0308 0.2664
176 0.2861 0.1340 0.2299 0.1340 0.2159
177 0.2375 0.0376 0.5029 0.1969 0.0252
178 0.6021 0.0564 0.1140 0.0260 0.2017
179 0.0712 0.3789 0.4363 0.0900 0.0235
180 0.2249 0.0391 0.4299 0.0198 0.2864
181 0.2478 0.0566 0.3494 0.3181 0.0280
182 0.3748 0.0732 0.2964 0.1179 0.1378
183 0.1173 0.2124 0.2406 0.2644 0.1654
184 0.1130 0.0982 0.6206 0.0814 0.0867
185 0.2098 0.0650 0.3433 0.0048 0.3770
186 0.1309 0.0618 0.4824 0.0086 0.3164
187 0.1820 0.3562 0.1848 0.1764 0.1005
188 0.0992 0.0855 0.7861 0.0146 0.0145
189 0.3696 0.1591 0.3162 0.0757 0.0793
190 0.1050 0.3040 0.3608 0.2189 0.0115
191 0.4761 0.0990 0.2820 0.0601 0.0828
192 0.4473 0.0486 0.2413 0.2017 0.0610
193 0.4585 0.0766 0.3030 0.0784 0.0835
194 0.0842 0.4663 0.3518 0.0636 0.0340
195 0.1017 0.5288 0.3208 0.0280 0.0207
196 0.2407 0.3669 0.3042 0.0533 0.0347
197 0.1329 0.2158 0.5776 0.0334 0.0405
198 0.1451 0.0348 0.0502 0.0327 0.7373
199 0.1555 0.0180 0.0412 0.0770 0.7080
200 0.1925 0.0514 0.0340 0.3652 0.3569
201 0.4819 0.1154 0.0411 0.0477 0.3137
202 0.1666 0.1888 0.1493 0.4858 0.0094
203 0.1559 0.4011 0.3125 0.1205 0.0100
204 0.1882 0.1853 0.2739 0.2739 0.0785
205 0.1799 0.0798 0.0850 0.6528 0.0024
206 0.3452 0.0457 0.2373 0.0922 0.2795
207 0.2216 0.0518 0.1986 0.5234 0.0046
208 0.2161 0.0701 0.0770 0.3882 0.2487
209 0.0831 0.1653 0.0722 0.6748 0.0047
210 0.1439 0.0196 0.1157 0.4719 0.2488
211 0.0652 0.0987 0.1425 0.6904 0.0030
212 0.5054 0.0690 0.1329 0.1052 0.1875
213 0.2190 0.0934 0.2664 0.3555 0.0657
214 0.1425 0.0844 0.3965 0.3113 0.0652
215 0.1217 0.2576 0.2383 0.3809 0.0016
216 0.1298 0.2025 0.2725 0.2683 0.1267
217 0.1049 0.2698 0.2457 0.0738 0.3059
218 0.0349 0.4246 0.1057 0.4312 0.0039
219 0.0480 0.0672 0.0354 0.0305 0.8188
220 0.0657 0.0504 0.0336 0.0303 0.8198
221 0.3533 0.1405 0.0619 0.0375 0.4067
222 0.1982 0.0378 0.2773 0.0329 0.4536
223 0.3506 0.0375 0.2159 0.3789 0.0170
224 0.3286 0.0431 0.3667 0.2480 0.0137
225 0.3555 0.0363 0.2260 0.3286 0.0536
226 0.1100 0.2040 0.1277 0.5547 0.0038
227 0.1281 0.2030 0.1395 0.5225 0.0073
228 0.4470 0.1937 0.1792 0.1581 0.0219
229 0.0961 0.0917 0.1088 0.4583 0.2452
230 0.1821 0.3457 0.0867 0.2130 0.1725
231 0.3521 0.2988 0.0641 0.2742 0.0110
232 0.1835 0.1311 0.1342 0.0526 0.4988
233 0.1298 0.2190 0.1381 0.0844 0.4287
234 0.2120 0.3809 0.0434 0.0716 0.2920
235 0.2166 0.2803 0.0889 0.0842 0.3301
236 0.3645 0.0521 0.1020 0.4194 0.0619
237 0.1216 0.0932 0.0203 0.0597 0.7051
238 0.1309 0.0525 0.0150 0.1472 0.6543
239 0.0799 0.0485 0.0199 0.0508 0.8008
240 0.2405 0.1614 0.3015 0.2922 0.0042
241 0.0934 0.2520 0.4219 0.2224 0.0103
242 0.1821 0.1738 0.3430 0.2866 0.0147
243 0.1724 0.1509 0.3374 0.3296 0.0096
244 0.1820 0.1497 0.4609 0.1998 0.0075
245 0.1820 0.1879 0.4873 0.1395 0.0033
246 0.1349 0.0213 0.0438 0.7881 0.0119
247 0.1628 0.2278 0.1603 0.0935 0.3557
248 0.1814 0.1931 0.1691 0.1481 0.3086
249 0.3132 0.1434 0.1190 0.4150 0.0092
250 0.1345 0.0848 0.1187 0.6519 0.0098
251 0.1707 0.1350 0.1119 0.0928 0.4897
252 0.3296 0.0356 0.0765 0.0231 0.5352
253 0.5522 0.0847 0.0547 0.0170 0.2913
254 0.4983 0.0439 0.3118 0.0654 0.0807
255 0.7549 0.0403 0.1375 0.0564 0.0108
256 0.0922 0.3022 0.4329 0.0966 0.0764
257 0.1351 0.4753 0.3044 0.0313 0.0537
258 0.0787 0.2090 0.0452 0.0080 0.6592
259 0.0848 0.2612 0.0265 0.0108 0.6167
260 0.2549 0.2842 0.0691 0.0436 0.3481
261 0.1388 0.3228 0.0327 0.0682 0.4377
262 0.0514 0.1713 0.0841 0.0953 0.5977
263 0.2512 0.1196 0.0277 0.1097 0.4917
264 0.3079 0.1454 0.0197 0.0465 0.4805
265 0.3347 0.1036 0.0759 0.2391 0.2467
266 0.1626 0.0156 0.0805 0.0512 0.6899
267 0.1499 0.0125 0.0630 0.0479 0.7266
268 0.0787 0.0470 0.2206 0.6089 0.0448
269 0.0676 0.2778 0.2693 0.0983 0.2869
270 0.4814 0.1083 0.2617 0.0627 0.0857
271 0.4294 0.0776 0.2793 0.1694 0.0442
272 0.0654 0.1078 0.5562 0.2045 0.0664
273 0.8853 0.0427 0.0395 0.0167 0.0157
274 0.6123 0.0543 0.0527 0.2306 0.0503
275 0.4434 0.0388 0.1029 0.1937 0.2212
276 0.3186 0.1003 0.4221 0.0885 0.0706
277 0.0986 0.2056 0.2222 0.3389 0.1348
278 0.1160 0.2761 0.2236 0.2362 0.1478
279 0.1058 0.0762 0.2422 0.4668 0.1091
280 0.2037 0.2830 0.2496 0.2310 0.0327
281 0.2037 0.2830 0.2496 0.2310 0.0327
282 0.2037 0.2830 0.2496 0.2310 0.0327
