time exciting_prob fearful_prob tense_prob sad_prob relaxing_prob
0 0.1987 0.2847 0.2512 0.2323 0.0330
1 0.0688 0.2517 0.3777 0.2896 0.0122
2 0.0579 0.1313 0.4807 0.3201 0.0099
3 0.0769 0.1578 0.1249 0.6050 0.0352
4 0.0474 0.3091 0.1531 0.4641 0.0264
5 0.0628 0.1790 0.2644 0.4641 0.0299
6 0.4375 0.3684 0.1124 0.0760 0.0057
7 0.9624 0.0252 0.0072 0.0027 0.0027
8 0.9678 0.0201 0.0057 0.0027 0.0036
9 0.0552 0.3574 0.5620 0.0069 0.0182
10 0.0432 0.3796 0.5610 0.0117 0.0045
11 0.1090 0.4961 0.3518 0.0077 0.0354
12 0.0613 0.4390 0.4746 0.0044 0.0207
13 0.0162 0.0645 0.2048 0.6665 0.0483
14 0.0518 0.0670 0.1385 0.5068 0.2357
15 0.1823 0.2800 0.2529 0.2491 0.0356
16 0.0234 0.5938 0.3657 0.0083 0.0091
17 0.0963 0.5898 0.2964 0.0053 0.0123
18 0.3867 0.4451 0.1226 0.0271 0.0185
19 0.0725 0.5444 0.3301 0.0049 0.0483
20 0.0998 0.6455 0.2375 0.0032 0.0138
21 0.3086 0.4250 0.2153 0.0142 0.0368
22 0.0471 0.6714 0.2546 0.0223 0.0047
23 0.3313 0.3015 0.2224 0.1067 0.0381
24 0.1248 0.3638 0.2922 0.0306 0.1887
25 0.0373 0.3298 0.3298 0.0713 0.2319
26 0.0328 0.3752 0.5210 0.0108 0.0603
27 0.0338 0.0503 0.0343 0.8770 0.0048
28 0.0345 0.0446 0.0446 0.8687 0.0079
29 0.2778 0.2756 0.3979 0.0189 0.0297
30 0.2491 0.4106 0.2778 0.0319 0.0305
31 0.1404 0.5635 0.2747 0.0108 0.0104
32 0.1068 0.5054 0.3640 0.0169 0.0069
33 0.0478 0.5640 0.3699 0.0135 0.0048
34 0.0399 0.8018 0.1383 0.0021 0.0177
35 0.0923 0.6772 0.1595 0.0068 0.0640
36 0.0877 0.6479 0.1960 0.0261 0.0421
37 0.0441 0.3262 0.6045 0.0075 0.0178
38 0.1138 0.3193 0.5225 0.0109 0.0337
39 0.1157 0.2373 0.5474 0.0115 0.0880
40 0.0479 0.4138 0.4336 0.0350 0.0697
41 0.1177 0.1674 0.4880 0.1387 0.0882
42 0.0832 0.0751 0.6489 0.1299 0.0628
43 0.5386 0.2142 0.1749 0.0067 0.0654
44 0.4089 0.3210 0.2312 0.0051 0.0336
45 0.3049 0.3376 0.3003 0.0090 0.0482
46 0.1462 0.1807 0.3884 0.0155 0.2690
47 0.1113 0.3916 0.4167 0.0118 0.0685
48 0.2198 0.2935 0.3889 0.0060 0.0917
49 0.0800 0.4568 0.4292 0.0107 0.0233
50 0.2362 0.3689 0.3333 0.0174 0.0444
51 0.0166 0.0843 0.2517 0.6133 0.0341
52 0.0598 0.1307 0.5127 0.2578 0.0386
53 0.0292 0.1086 0.0981 0.7598 0.0043
54 0.1486 0.2266 0.1029 0.4988 0.0231
55 0.1302 0.1072 0.0924 0.6616 0.0085
56 0.0909 0.2629 0.0543 0.5835 0.0083
57 0.6187 0.2024 0.0898 0.0667 0.0225
58 0.5171 0.3113 0.0618 0.0950 0.0147
59 0.3152 0.4961 0.1000 0.0704 0.0184
60 0.2659 0.5947 0.0884 0.0366 0.0145
61 0.2301 0.6255 0.0901 0.0381 0.0162
62 0.1931 0.5679 0.1359 0.0912 0.0120
63 0.1044 0.4360 0.1831 0.2583 0.0183
64 0.0149 0.0451 0.0710 0.8511 0.0179
65 0.0312 0.2302 0.2302 0.4614 0.0468
66 0.0575 0.2830 0.2537 0.3867 0.0191
67 0.0228 0.1619 0.3564 0.4541 0.0050
68 0.0718 0.5146 0.3823 0.0254 0.0057
69 0.2268 0.6880 0.0760 0.0042 0.0053
70 0.2271 0.5938 0.1741 0.0023 0.0028
71 0.2842 0.6157 0.0880 0.0012 0.0110
72 0.0738 0.2069 0.4414 0.2764 0.0015
73 0.1412 0.4216 0.3779 0.0174 0.0417
74 0.1161 0.5083 0.3577 0.0043 0.0139
75 0.0930 0.5308 0.3401 0.0327 0.0033
76 0.2389 0.5688 0.1449 0.0160 0.0316
77 0.0734 0.3757 0.4824 0.0336 0.0349
78 0.2250 0.6211 0.1464 0.0039 0.0036
79 0.3647 0.4646 0.1556 0.0044 0.0108
80 0.3936 0.4189 0.1329 0.0201 0.0344
81 0.2273 0.5005 0.2363 0.0261 0.0100
82 0.1134 0.1914 0.1379 0.5498 0.0075
83 0.2437 0.4309 0.2554 0.0651 0.0052
84 0.5454 0.2617 0.1813 0.0028 0.0087
85 0.4148 0.3359 0.2438 0.0022 0.0035
86 0.0894 0.5146 0.3679 0.0057 0.0223
87 0.0334 0.5781 0.1231 0.2566 0.0089
88 0.1476 0.5933 0.0748 0.1252 0.0592
89 0.0504 0.5044 0.0792 0.3257 0.0401
90 0.2266 0.6206 0.1292 0.0042 0.0193
91 0.1948 0.4189 0.3474 0.0153 0.0235
92 0.3621 0.4575 0.1644 0.0025 0.0135
93 0.1338 0.5376 0.1564 0.1401 0.0323
94 0.0665 0.2050 0.1323 0.5234 0.0731
95 0.1478 0.3657 0.0984 0.3630 0.0249
96 0.3220 0.3025 0.0729 0.2798 0.0230
97 0.2275 0.1814 0.0994 0.4597 0.0318
98 0.5283 0.2615 0.0919 0.0579 0.0602
99 0.6270 0.1500 0.0784 0.0289 0.1159
100 0.4360 0.2544 0.2371 0.0355 0.0372
101 0.3733 0.3293 0.2195 0.0442 0.0337
102 0.1965 0.4329 0.3093 0.0080 0.0533
103 0.1040 0.5078 0.3411 0.0131 0.0338
104 0.0777 0.5698 0.3171 0.0273 0.0081
105 0.3513 0.4109 0.1986 0.0214 0.0178
106 0.5532 0.2573 0.1315 0.0407 0.0171
107 0.4971 0.2854 0.1786 0.0193 0.0197
108 0.2744 0.3108 0.3960 0.0062 0.0124
109 0.1429 0.3171 0.5068 0.0130 0.0201
110 0.2252 0.2454 0.4995 0.0088 0.0211
111 0.1163 0.3418 0.5054 0.0133 0.0233
112 0.0203 0.0295 0.0105 0.9331 0.0066
113 0.0147 0.0225 0.0113 0.9429 0.0087
114 0.0445 0.0793 0.0580 0.8135 0.0044
115 0.1914 0.5498 0.1348 0.1117 0.0124
116 0.1847 0.4097 0.0595 0.3396 0.0066
117 0.2303 0.4204 0.1559 0.1753 0.0182
118 0.0825 0.2258 0.6797 0.0030 0.0090
119 0.3191 0.4604 0.1642 0.0445 0.0118
120 0.1200 0.2482 0.6094 0.0205 0.0019
121 0.1390 0.2275 0.5898 0.0154 0.0280
122 0.2664 0.2812 0.4060 0.0276 0.0187
123 0.3333 0.2069 0.4082 0.0312 0.0203
124 0.0708 0.1986 0.7266 0.0019 0.0023
125 0.0844 0.0812 0.6904 0.0094 0.1349
126 0.1338 0.4670 0.3159 0.0255 0.0576
127 0.1627 0.4458 0.3113 0.0248 0.0554
128 0.0159 0.3948 0.1312 0.4473 0.0110
129 0.3596 0.2181 0.2822 0.1088 0.0309
130 0.2158 0.1155 0.1027 0.5596 0.0064
131 0.0801 0.4871 0.4133 0.0104 0.0089
132 0.0900 0.5913 0.2974 0.0046 0.0166
133 0.2191 0.4749 0.2561 0.0233 0.0268
134 0.2361 0.1882 0.2961 0.2035 0.0760
135 0.1847 0.4226 0.3069 0.0576 0.0281
136 0.0650 0.5361 0.3831 0.0119 0.0040
137 0.1295 0.5537 0.2917 0.0158 0.0092
138 0.1385 0.3271 0.4651 0.0226 0.0464
139 0.1615 0.2522 0.5176 0.0130 0.0558
140 0.0756 0.4053 0.4417 0.0124 0.0651
141 0.1809 0.2695 0.5117 0.0042 0.0338
142 0.0700 0.0757 0.1110 0.5903 0.1528
143 0.0124 0.1016 0.0269 0.8369 0.0220
144 0.0373 0.1738 0.0214 0.7041 0.0635
145 0.1469 0.3135 0.0197 0.4456 0.0745
146 0.1182 0.6001 0.0633 0.1318 0.0865
147 0.2991 0.2257 0.0305 0.0360 0.4087
148 0.3171 0.2590 0.0291 0.0239 0.3708
149 0.2642 0.4673 0.2140 0.0083 0.0463
150 0.1985 0.4724 0.3171 0.0052 0.0069
151 0.2849 0.2783 0.2052 0.1989 0.0327
152 0.1626 0.2659 0.2170 0.3259 0.0285
153 0.1637 0.3413 0.2964 0.0215 0.1770
154 0.1516 0.4219 0.3086 0.0805 0.0372
155 0.1042 0.2944 0.4319 0.0079 0.1614
156 0.0555 0.0886 0.1112 0.0024 0.7422
157 0.0416 0.2001 0.0436 0.0052 0.7095
158 0.2029 0.6650 0.1094 0.0056 0.0169
159 0.1989 0.3687 0.3955 0.0092 0.0276
160 0.1747 0.3162 0.4709 0.0140 0.0242
161 0.2089 0.3665 0.3752 0.0215 0.0278
162 0.3804 0.2515 0.3303 0.0157 0.0221
163 0.2357 0.1752 0.5791 0.0056 0.0045
164 0.0714 0.3799 0.2551 0.2358 0.0578
165 0.0551 0.1556 0.2795 0.4832 0.0266
166 0.1128 0.2444 0.3474 0.2522 0.0432
167 0.6670 0.1852 0.1283 0.0094 0.0101
168 0.1833 0.6763 0.0659 0.0077 0.0670
169 0.3486 0.2800 0.3459 0.0019 0.0234
170 0.1990 0.6733 0.1017 0.0085 0.0175
171 0.2788 0.5811 0.1296 0.0046 0.0058
172 0.1091 0.2384 0.1600 0.3899 0.1025
173 0.0513 0.4065 0.2927 0.2245 0.0250
174 0.4480 0.1304 0.3772 0.0213 0.0232
175 0.5942 0.1467 0.1389 0.0249 0.0955
176 0.0787 0.7290 0.1144 0.0411 0.0369
177 0.0612 0.1492 0.2440 0.5205 0.0251
178 0.2004 0.4590 0.1913 0.1433 0.0061
179 0.0646 0.3657 0.5449 0.0221 0.0029
180 0.1698 0.3027 0.5068 0.0168 0.0039
181 0.2761 0.3516 0.3408 0.0284 0.0030
182 0.0354 0.4280 0.5005 0.0190 0.0173
183 0.1302 0.4075 0.4370 0.0117 0.0135
184 0.0570 0.6938 0.1755 0.0671 0.0063
185 0.0626 0.5454 0.2053 0.1770 0.0097
186 0.1681 0.3264 0.4788 0.0150 0.0115
187 0.3296 0.2000 0.4167 0.0137 0.0400
188 0.1519 0.3672 0.3848 0.0399 0.0563
189 0.2729 0.1876 0.4714 0.0258 0.0422
190 0.1327 0.3062 0.1873 0.3040 0.0699
191 0.0768 0.3933 0.2559 0.2155 0.0585
192 0.0435 0.3115 0.3420 0.2749 0.0283
193 0.0486 0.6304 0.2712 0.0345 0.0153
194 0.0436 0.4729 0.4514 0.0230 0.0090
195 0.2612 0.3542 0.3599 0.0046 0.0200
196 0.3901 0.3579 0.2172 0.0047 0.0301
197 0.3296 0.3621 0.2607 0.0068 0.0406
198 0.3083 0.3838 0.2659 0.0053 0.0368
199 0.1487 0.4724 0.2529 0.0660 0.0601
200 0.1387 0.4956 0.2571 0.0606 0.0479
201 0.0182 0.6904 0.2073 0.0380 0.0462
202 0.1032 0.3833 0.2939 0.0480 0.1715
203 0.0381 0.6206 0.2527 0.0560 0.0324
204 0.1498 0.4102 0.2213 0.0974 0.1213
205 0.0709 0.5659 0.2268 0.0889 0.0475
206 0.0997 0.2883 0.4609 0.0974 0.0538
207 0.1144 0.3752 0.3843 0.0768 0.0492
208 0.1360 0.4221 0.2661 0.0972 0.0787
209 0.0974 0.5220 0.2729 0.0908 0.0167
210 0.0136 0.2388 0.6855 0.0250 0.0369
211 0.2109 0.5825 0.1722 0.0053 0.0290
212 0.3479 0.5063 0.1230 0.0032 0.0198
213 0.1971 0.3201 0.4045 0.0181 0.0602
214 0.0750 0.5713 0.3306 0.0205 0.0028
215 0.0697 0.1909 0.5068 0.2163 0.0162
216 0.2795 0.1920 0.2585 0.1193 0.1508
217 0.1621 0.1896 0.6313 0.0082 0.0087
218 0.0884 0.2224 0.2832 0.2878 0.1181
219 0.1592 0.4534 0.3215 0.0252 0.0409
220 0.0564 0.5029 0.3977 0.0065 0.0364
221 0.1772 0.2106 0.2642 0.0091 0.3391
222 0.4595 0.3809 0.1296 0.0180 0.0121
223 0.3911 0.4832 0.0718 0.0258 0.0281
224 0.3035 0.1226 0.2400 0.0087 0.3254
225 0.1072 0.0539 0.0640 0.0073 0.7676
226 0.1185 0.5566 0.2693 0.0534 0.0023
227 0.2498 0.3416 0.3960 0.0024 0.0102
228 0.7026 0.1832 0.1020 0.0017 0.0107
229 0.3740 0.2434 0.3740 0.0021 0.0066
230 0.3025 0.3000 0.2776 0.0152 0.1046
231 0.1838 0.1636 0.0842 0.5620 0.0064
232 0.0543 0.8101 0.0931 0.0413 0.0012
233 0.3699 0.2124 0.1035 0.2686 0.0459
234 0.1028 0.5386 0.2771 0.0695 0.0122
235 0.7070 0.1995 0.0787 0.0022 0.0126
236 0.7021 0.1628 0.1085 0.0018 0.0250
237 0.3479 0.4399 0.1569 0.0384 0.0169
238 0.2471 0.3376 0.2651 0.1282 0.0219
239 0.1318 0.5293 0.1209 0.2106 0.0073
240 0.1046 0.7148 0.1312 0.0433 0.0061
241 0.1121 0.7310 0.0820 0.0664 0.0083
242 0.3191 0.3560 0.3191 0.0024 0.0035
243 0.2571 0.5034 0.2341 0.0033 0.0019
244 0.1515 0.6685 0.1730 0.0051 0.0020
245 0.1376 0.4993 0.3596 0.0028 0.0008
246 0.0901 0.6758 0.2300 0.0024 0.0015
247 0.0543 0.0766 0.1838 0.6724 0.0129
