time exciting_prob fearful_prob tense_prob sad_prob relaxing_prob
0 0.2037 0.2830 0.2496 0.2310 0.0327
1 0.0543 0.5928 0.1753 0.1713 0.0062
2 0.0436 0.6880 0.1106 0.1548 0.0030
3 0.0730 0.6357 0.1632 0.1232 0.0048
4 0.1306 0.1237 0.5898 0.1161 0.0398
5 0.1421 0.2184 0.4697 0.1206 0.0491
6 0.0189 0.3745 0.2068 0.3984 0.0014
7 0.0789 0.1710 0.6064 0.1194 0.0243
8 0.1792 0.2179 0.4648 0.0634 0.0747
9 0.0799 0.2104 0.5674 0.0716 0.0705
10 0.0170 0.3340 0.3394 0.2996 0.0102
11 0.0252 0.1426 0.6597 0.1616 0.0110
12 0.0369 0.1653 0.7178 0.0678 0.0124
13 0.0233 0.2529 0.6265 0.0875 0.0100
14 0.0271 0.1107 0.4885 0.3630 0.0105
15 0.0294 0.1199 0.8130 0.0296 0.0080
16 0.0800 0.1278 0.6914 0.0906 0.0103
17 0.0393 0.1250 0.7310 0.0846 0.0201
18 0.0778 0.0910 0.4548 0.3433 0.0330
19 0.3003 0.0702 0.1232 0.3977 0.1087
20 0.0581 0.5342 0.2333 0.1483 0.0264
21 0.0424 0.0941 0.6431 0.2153 0.0053
22 0.0489 0.1887 0.1692 0.5723 0.0210
23 0.0473 0.2202 0.1357 0.5801 0.0166
24 0.0264 0.1483 0.3342 0.4641 0.0270
25 0.0462 0.4116 0.4592 0.0672 0.0156
26 0.1058 0.3962 0.3608 0.1247 0.0125
27 0.1053 0.3821 0.3792 0.1028 0.0304
28 0.1248 0.4529 0.1732 0.1844 0.0648
29 0.0443 0.4836 0.2214 0.0111 0.2395
30 0.2079 0.3884 0.2798 0.0624 0.0615
31 0.2771 0.4395 0.2245 0.0166 0.0422
32 0.0837 0.5166 0.3184 0.0455 0.0360
33 0.0509 0.3071 0.6016 0.0326 0.0077
34 0.1268 0.1119 0.2561 0.3967 0.1085
35 0.0703 0.7500 0.1500 0.0183 0.0110
36 0.3357 0.2573 0.1586 0.0447 0.2036
37 0.4299 0.1418 0.1311 0.0237 0.2734
38 0.0367 0.4834 0.3884 0.0244 0.0670
39 0.3589 0.1631 0.1982 0.1290 0.1508
40 0.3635 0.2072 0.2479 0.0668 0.1144
41 0.3787 0.0995 0.2686 0.0825 0.1707
42 0.2732 0.1395 0.4946 0.0517 0.0409
43 0.6152 0.0893 0.1340 0.0679 0.0936
44 0.2402 0.1716 0.3523 0.1703 0.0657
45 0.1340 0.2625 0.2013 0.3909 0.0113
46 0.4526 0.1962 0.1886 0.1412 0.0213
47 0.0345 0.2146 0.4836 0.2510 0.0164
48 0.3599 0.2306 0.3684 0.0117 0.0295
49 0.5620 0.1958 0.1769 0.0544 0.0108
50 0.7759 0.0408 0.0594 0.1118 0.0121
51 0.1304 0.5278 0.2761 0.0574 0.0083
52 0.1111 0.0865 0.1449 0.5640 0.0935
53 0.1037 0.3096 0.3914 0.1907 0.0047
54 0.1522 0.4011 0.4106 0.0312 0.0047
55 0.2671 0.2113 0.4873 0.0290 0.0052
56 0.4463 0.2974 0.0648 0.1249 0.0668
57 0.1984 0.4368 0.2549 0.1046 0.0055
58 0.4119 0.0948 0.3110 0.1718 0.0105
59 0.1365 0.1080 0.1196 0.5444 0.0917
60 0.1667 0.1616 0.3586 0.2279 0.0851
61 0.0707 0.0880 0.5737 0.2467 0.0212
62 0.0945 0.4724 0.2842 0.0771 0.0718
63 0.5283 0.1637 0.0476 0.0792 0.1812
64 0.6299 0.0546 0.0085 0.3022 0.0044
65 0.7388 0.0417 0.0047 0.2101 0.0045
66 0.1147 0.2566 0.2861 0.0629 0.2795
67 0.4634 0.3552 0.0934 0.0349 0.0532
68 0.5659 0.2888 0.0340 0.0803 0.0312
69 0.4612 0.3914 0.0314 0.0564 0.0596
70 0.3171 0.1633 0.0784 0.0464 0.3948
71 0.1255 0.3574 0.3254 0.0579 0.1335
72 0.1691 0.3337 0.4285 0.0187 0.0500
73 0.0215 0.4780 0.4026 0.0844 0.0134
74 0.1053 0.4834 0.2393 0.0753 0.0967
75 0.1382 0.2368 0.3640 0.0278 0.2332
76 0.1913 0.5039 0.0401 0.0597 0.2052
77 0.3105 0.2805 0.0544 0.0189 0.3357
78 0.7339 0.1538 0.0721 0.0166 0.0234
79 0.2281 0.1044 0.1260 0.1086 0.4329
80 0.1039 0.4585 0.3176 0.0423 0.0778
81 0.0291 0.0822 0.0312 0.0081 0.8496
82 0.5996 0.3064 0.0438 0.0180 0.0323
83 0.0652 0.4424 0.1437 0.0375 0.3113
84 0.3137 0.1011 0.1382 0.4390 0.0079
85 0.1012 0.6753 0.2125 0.0066 0.0041
86 0.1224 0.3379 0.3325 0.1511 0.0560
87 0.1403 0.3782 0.2661 0.0325 0.1829
88 0.0850 0.2896 0.1285 0.0448 0.4521
89 0.0735 0.1936 0.2245 0.4607 0.0478
90 0.6460 0.2490 0.0573 0.0293 0.0185
91 0.4365 0.2356 0.1139 0.1892 0.0246
92 0.1106 0.4241 0.2717 0.1047 0.0889
93 0.3149 0.2234 0.0487 0.0085 0.4045
94 0.2869 0.5034 0.1283 0.0436 0.0376
95 0.1274 0.2273 0.0817 0.0750 0.4888
96 0.3809 0.2039 0.0380 0.0193 0.3579
97 0.4023 0.1785 0.2700 0.0536 0.0955
98 0.0948 0.4966 0.1515 0.1855 0.0715
99 0.2812 0.5254 0.1415 0.0266 0.0252
100 0.3723 0.1993 0.1370 0.1010 0.1902
101 0.1661 0.4114 0.2101 0.1432 0.0693
102 0.3284 0.1704 0.3389 0.0143 0.1481
103 0.3625 0.3406 0.0332 0.0312 0.2323
104 0.2539 0.5859 0.1370 0.0131 0.0102
105 0.2507 0.5352 0.1375 0.0250 0.0518
106 0.4631 0.3579 0.0441 0.0811 0.0540
107 0.2812 0.2727 0.1948 0.1042 0.1471
108 0.2225 0.5425 0.0363 0.0585 0.1404
109 0.3054 0.5444 0.1063 0.0232 0.0208
110 0.1715 0.6323 0.1179 0.0424 0.0357
111 0.1533 0.6714 0.1311 0.0200 0.0244
112 0.2467 0.6353 0.0770 0.0119 0.0292
113 0.1060 0.5469 0.2605 0.0403 0.0463
114 0.3865 0.1649 0.1421 0.0261 0.2805
115 0.1301 0.1594 0.3884 0.1385 0.1835
116 0.0788 0.0268 0.7246 0.0361 0.1340
117 0.2705 0.5137 0.1707 0.0363 0.0088
118 0.2383 0.6133 0.1125 0.0133 0.0227
119 0.2808 0.5371 0.1237 0.0160 0.0424
120 0.1678 0.3525 0.1436 0.2661 0.0699
121 0.0724 0.7969 0.0847 0.0361 0.0097
122 0.2607 0.3347 0.1907 0.1937 0.0203
123 0.5850 0.2346 0.1467 0.0257 0.0078
124 0.5210 0.2500 0.1665 0.0263 0.0363
125 0.4065 0.3423 0.1351 0.0958 0.0204
126 0.3350 0.4404 0.1262 0.0796 0.0189
127 0.1871 0.4668 0.3062 0.0301 0.0099
128 0.0168 0.1482 0.0428 0.7886 0.0039
129 0.3599 0.3743 0.2150 0.0152 0.0356
130 0.3027 0.2490 0.0332 0.0443 0.3708
131 0.2219 0.5239 0.1797 0.0251 0.0491
132 0.4172 0.3301 0.1823 0.0379 0.0324
133 0.4448 0.3547 0.1501 0.0420 0.0083
134 0.1235 0.6367 0.1769 0.0465 0.0164
135 0.5376 0.3418 0.0912 0.0136 0.0159
136 0.2137 0.3931 0.2422 0.0434 0.1075
137 0.1829 0.1704 0.5503 0.0716 0.0251
138 0.5835 0.2268 0.0250 0.1140 0.0506
139 0.4482 0.4963 0.0284 0.0172 0.0098
140 0.1902 0.3445 0.3525 0.0812 0.0318
141 0.1558 0.2213 0.4507 0.0923 0.0801
142 0.6353 0.0071 0.0120 0.3220 0.0235
143 0.1251 0.2062 0.3145 0.3347 0.0195
144 0.2479 0.5630 0.1539 0.0232 0.0120
145 0.1631 0.2062 0.1805 0.2566 0.1937
146 0.3008 0.1610 0.3542 0.0726 0.1115
147 0.0862 0.3354 0.1824 0.3743 0.0216
148 0.1282 0.1105 0.2250 0.4836 0.0526
149 0.1914 0.4214 0.1855 0.1152 0.0863
150 0.1477 0.5195 0.2306 0.0440 0.0579
151 0.4214 0.2363 0.1490 0.0933 0.1000
152 0.3259 0.0857 0.1162 0.4597 0.0124
153 0.1586 0.0395 0.2101 0.5801 0.0116
154 0.1014 0.6406 0.1737 0.0634 0.0209
155 0.2485 0.2625 0.3586 0.0679 0.0623
156 0.0739 0.6484 0.2386 0.0205 0.0183
157 0.1541 0.4783 0.1172 0.2424 0.0080
158 0.2571 0.0797 0.1132 0.5439 0.0060
159 0.3811 0.1626 0.1758 0.2661 0.0144
160 0.0981 0.0634 0.4680 0.3022 0.0685
161 0.3186 0.0806 0.4155 0.1494 0.0358
162 0.0143 0.0823 0.6470 0.2495 0.0068
163 0.1235 0.1490 0.2595 0.2595 0.2085
164 0.2942 0.0626 0.3494 0.2678 0.0259
165 0.6128 0.1854 0.1676 0.0179 0.0161
166 0.1610 0.0977 0.6572 0.0704 0.0139
167 0.2465 0.3140 0.3672 0.0294 0.0428
168 0.2130 0.0714 0.4580 0.2490 0.0087
169 0.0588 0.1525 0.5322 0.1898 0.0667
170 0.0928 0.1318 0.4258 0.2971 0.0525
171 0.0717 0.0775 0.4973 0.3113 0.0421
172 0.2123 0.1963 0.1874 0.0594 0.3445
173 0.6631 0.1587 0.0744 0.0150 0.0890
174 0.2390 0.1004 0.1120 0.0505 0.4980
175 0.1631 0.0353 0.0930 0.3792 0.3296
176 0.4500 0.1997 0.2927 0.0341 0.0233
177 0.0346 0.1199 0.6587 0.1338 0.0532
178 0.2269 0.1304 0.4443 0.0731 0.1254
179 0.3511 0.2413 0.2113 0.1354 0.0610
180 0.3428 0.1969 0.3538 0.0771 0.0295
181 0.0897 0.0487 0.1008 0.0447 0.7163
182 0.2157 0.0296 0.6855 0.0638 0.0055
183 0.1338 0.0949 0.1238 0.0477 0.5996
184 0.2155 0.0870 0.1267 0.0500 0.5210
185 0.1077 0.0922 0.2544 0.1061 0.4397
186 0.0333 0.2659 0.2659 0.3928 0.0421
187 0.2313 0.1678 0.4155 0.1482 0.0372
188 0.4280 0.3411 0.1869 0.0315 0.0126
189 0.7935 0.0458 0.0955 0.0536 0.0119
190 0.4653 0.1063 0.2866 0.1262 0.0156
191 0.3318 0.3533 0.1183 0.1052 0.0914
192 0.4570 0.1997 0.2092 0.0246 0.1094
193 0.4968 0.2876 0.1552 0.0175 0.0431
194 0.6187 0.1277 0.2137 0.0246 0.0154
195 0.4517 0.3833 0.1008 0.0539 0.0105
196 0.0947 0.6372 0.2418 0.0162 0.0100
197 0.1071 0.3220 0.3296 0.1737 0.0675
198 0.1115 0.5977 0.1753 0.0909 0.0245
199 0.0989 0.5430 0.2467 0.0403 0.0712
200 0.0146 0.6011 0.3533 0.0273 0.0038
201 0.1281 0.0498 0.1724 0.6016 0.0482
202 0.0615 0.2549 0.5312 0.1429 0.0094
203 0.4355 0.2482 0.0885 0.0949 0.1328
204 0.6846 0.1786 0.0575 0.0197 0.0598
205 0.1666 0.4673 0.1603 0.1182 0.0878
206 0.2284 0.5435 0.1385 0.0356 0.0538
207 0.3384 0.3057 0.0992 0.0904 0.1663
208 0.5703 0.2549 0.0615 0.0293 0.0841
209 0.1794 0.2869 0.4373 0.0156 0.0809
210 0.1804 0.4829 0.0865 0.0669 0.1832
211 0.4321 0.2057 0.1288 0.0695 0.1641
212 0.5210 0.2639 0.0818 0.1237 0.0095
213 0.5527 0.2590 0.0332 0.0454 0.1097
214 0.2363 0.0940 0.0993 0.1490 0.4214
215 0.2798 0.2301 0.1194 0.0867 0.2842
216 0.1361 0.6006 0.2125 0.0220 0.0288
217 0.4438 0.1487 0.3857 0.0133 0.0085
218 0.2866 0.1234 0.4373 0.0902 0.0625
219 0.1992 0.3665 0.2832 0.0994 0.0516
220 0.1324 0.2593 0.3516 0.2133 0.0437
221 0.1500 0.3152 0.2473 0.0324 0.2551
222 0.0863 0.1827 0.1716 0.2460 0.3132
223 0.3367 0.3088 0.3113 0.0202 0.0229
224 0.1207 0.3206 0.4736 0.0704 0.0146
225 0.0850 0.1637 0.4314 0.1065 0.2135
226 0.3430 0.2433 0.0975 0.2981 0.0180
227 0.3997 0.4189 0.1350 0.0183 0.0281
228 0.3479 0.3704 0.2094 0.0229 0.0493
229 0.1619 0.3765 0.2393 0.1417 0.0807
230 0.3982 0.3655 0.1768 0.0175 0.0420
231 0.0841 0.3711 0.3655 0.1442 0.0351
232 0.1266 0.1770 0.6377 0.0368 0.0220
233 0.1066 0.4558 0.3132 0.0850 0.0395
234 0.2986 0.3630 0.2698 0.0177 0.0507
235 0.3015 0.3962 0.2639 0.0106 0.0276
236 0.1006 0.1671 0.0923 0.0655 0.5742
237 0.2095 0.1486 0.1892 0.4434 0.0093
238 0.0703 0.3708 0.4270 0.0847 0.0471
239 0.5000 0.2495 0.1160 0.0398 0.0947
240 0.3708 0.2048 0.3708 0.0153 0.0379
241 0.1768 0.4109 0.3655 0.0249 0.0218
242 0.3828 0.2693 0.2913 0.0042 0.0522
243 0.1581 0.3069 0.3425 0.0944 0.0981
244 0.2430 0.1835 0.4871 0.0517 0.0347
245 0.3237 0.1903 0.2996 0.1542 0.0323
246 0.1616 0.4001 0.4097 0.0163 0.0124
247 0.2399 0.5000 0.2271 0.0121 0.0210
248 0.2318 0.1709 0.3853 0.1362 0.0759
249 0.5024 0.1362 0.1486 0.0098 0.2030
250 0.1572 0.1796 0.4622 0.1169 0.0842
251 0.2593 0.4729 0.1536 0.0565 0.0578
252 0.1137 0.3188 0.3787 0.1846 0.0041
253 0.1489 0.3572 0.4143 0.0651 0.0146
254 0.1002 0.3667 0.4492 0.0627 0.0212
255 0.1824 0.3379 0.3406 0.0822 0.0569
256 0.5205 0.1327 0.0608 0.2744 0.0115
257 0.2905 0.2352 0.3044 0.1249 0.0449
258 0.4792 0.1833 0.2839 0.0079 0.0456
259 0.5400 0.2493 0.0479 0.1488 0.0138
260 0.4326 0.3318 0.1996 0.0210 0.0150
261 0.3550 0.1256 0.4419 0.0232 0.0544
262 0.5044 0.3633 0.0817 0.0349 0.0156
263 0.4666 0.3689 0.1074 0.0401 0.0170
264 0.1920 0.1192 0.3879 0.2109 0.0900
265 0.2549 0.2820 0.4041 0.0159 0.0432
266 0.5718 0.1744 0.1075 0.0124 0.1338
267 0.6182 0.1190 0.1600 0.0136 0.0891
268 0.2634 0.3306 0.0386 0.0210 0.3464
269 0.4080 0.3545 0.0317 0.0145 0.1913
270 0.4116 0.4417 0.0891 0.0363 0.0215
271 0.4470 0.0542 0.1113 0.1984 0.1892
272 0.3052 0.4441 0.1080 0.0620 0.0809
273 0.3606 0.4592 0.1246 0.0179 0.0377
274 0.1477 0.1754 0.4922 0.1598 0.0249
275 0.5723 0.2385 0.0745 0.0212 0.0934
276 0.5469 0.1617 0.1174 0.1372 0.0367
277 0.5933 0.0968 0.0560 0.2269 0.0271
278 0.5981 0.2019 0.0743 0.1031 0.0228
279 0.4421 0.2854 0.2404 0.0055 0.0266
280 0.5581 0.1356 0.2742 0.0159 0.0163
281 0.0543 0.2915 0.3406 0.0565 0.2571
282 0.3423 0.3267 0.2484 0.0372 0.0456
283 0.0531 0.5801 0.2515 0.0791 0.0365
284 0.0868 0.6265 0.2378 0.0161 0.0329
285 0.4006 0.2162 0.3196 0.0269 0.0367
286 0.3123 0.2957 0.2510 0.0867 0.0547
287 0.3811 0.3840 0.1976 0.0159 0.0215
288 0.5923 0.2196 0.0486 0.0230 0.1166
289 0.4878 0.2166 0.2341 0.0063 0.0552
290 0.2642 0.2156 0.1774 0.0118 0.3313
291 0.4761 0.3027 0.0665 0.1088 0.0461
292 0.2913 0.1205 0.3433 0.1660 0.0790
293 0.1625 0.2598 0.5454 0.0058 0.0265
294 0.5557 0.1094 0.2708 0.0274 0.0369
295 0.5034 0.2065 0.1753 0.0230 0.0917
296 0.3955 0.2456 0.2573 0.0271 0.0743
297 0.3281 0.5757 0.0371 0.0280 0.0312
298 0.6997 0.0932 0.1160 0.0097 0.0816
299 0.5933 0.1560 0.1388 0.0382 0.0737
300 0.6294 0.1426 0.1437 0.0143 0.0701
301 0.9141 0.0244 0.0303 0.0092 0.0218
302 0.8389 0.0247 0.1228 0.0031 0.0104
303 0.4458 0.0806 0.0913 0.3210 0.0613
304 0.7144 0.2196 0.0077 0.0356 0.0228
305 0.5532 0.3684 0.0085 0.0379 0.0322
306 0.7798 0.0592 0.0024 0.1387 0.0198
307 0.5527 0.0134 0.0007 0.4304 0.0027
308 0.5122 0.1688 0.1797 0.1235 0.0159
309 0.5107 0.1685 0.1793 0.1252 0.0162
310 0.6167 0.1971 0.1511 0.0257 0.0091
311 0.6167 0.1971 0.1511 0.0257 0.0091
312 0.6167 0.1971 0.1511 0.0257 0.0091
313 0.6167 0.1971 0.1511 0.0257 0.0091
314 0.6167 0.1971 0.1511 0.0257 0.0091
315 0.6138 0.1992 0.1527 0.0253 0.0092
316 0.6172 0.1973 0.1512 0.0253 0.0092
317 0.6172 0.1973 0.1512 0.0253 0.0092
