time exciting_prob fearful_prob tense_prob sad_prob relaxing_prob
0 0.2037 0.2830 0.2496 0.2310 0.0327
1 0.3440 0.0897 0.5327 0.0195 0.0142
2 0.3416 0.0830 0.3931 0.1348 0.0477
3 0.2712 0.1407 0.4912 0.0777 0.0190
4 0.2581 0.1051 0.5376 0.0892 0.0099
5 0.2639 0.0745 0.5010 0.0603 0.1002
6 0.1394 0.0752 0.5259 0.1155 0.1438
7 0.1018 0.0870 0.3086 0.2766 0.2258
8 0.1298 0.1200 0.4124 0.1101 0.2278
9 0.0966 0.0839 0.6396 0.0839 0.0958
10 0.2424 0.0231 0.4673 0.2074 0.0599
11 0.1776 0.0150 0.5732 0.1427 0.0914
12 0.1801 0.0553 0.5903 0.0710 0.1034
13 0.1943 0.0557 0.4448 0.1715 0.1335
14 0.1650 0.1855 0.4521 0.0646 0.1326
15 0.2434 0.2416 0.4045 0.0189 0.0917
16 0.3984 0.0835 0.3628 0.0939 0.0616
17 0.5933 0.1512 0.1714 0.0440 0.0401
18 0.0622 0.1025 0.3809 0.4382 0.0163
19 0.1458 0.3259 0.4026 0.0668 0.0589
20 0.0756 0.0473 0.3389 0.0492 0.4890
21 0.1635 0.0687 0.2844 0.1123 0.3711
22 0.1799 0.1539 0.4319 0.2040 0.0303
23 0.1763 0.1682 0.4500 0.0425 0.1630
24 0.2218 0.0743 0.3628 0.0539 0.2871
25 0.1143 0.1573 0.3894 0.1305 0.2085
26 0.0748 0.1224 0.3328 0.4551 0.0149
27 0.1890 0.1036 0.2837 0.1592 0.2644
28 0.2644 0.2157 0.3394 0.0763 0.1043
29 0.2026 0.2191 0.4460 0.0957 0.0363
30 0.2625 0.0758 0.3560 0.0685 0.2372
31 0.2026 0.1288 0.4390 0.0590 0.1707
32 0.1733 0.1506 0.4463 0.0508 0.1788
33 0.2113 0.3123 0.4138 0.0443 0.0182
34 0.1208 0.0721 0.3901 0.0504 0.3665
35 0.2576 0.1573 0.2874 0.0616 0.2363
36 0.2629 0.1261 0.4688 0.0854 0.0569
37 0.1360 0.3755 0.4390 0.0101 0.0396
38 0.2281 0.4004 0.3118 0.0192 0.0406
39 0.1265 0.0408 0.6274 0.1743 0.0308
40 0.4558 0.0377 0.3899 0.0919 0.0249
41 0.0949 0.0818 0.4819 0.3210 0.0202
42 0.1459 0.0787 0.4287 0.0452 0.3015
43 0.1678 0.2642 0.4600 0.0793 0.0289
44 0.2400 0.1490 0.4924 0.0269 0.0918
45 0.2869 0.1454 0.3892 0.0263 0.1523
46 0.2275 0.1931 0.4419 0.0325 0.1050
47 0.0614 0.0764 0.2245 0.5732 0.0643
48 0.0678 0.0598 0.3088 0.5420 0.0217
49 0.1655 0.0546 0.2372 0.0367 0.5059
50 0.1790 0.0529 0.0858 0.0628 0.6196
51 0.2114 0.1105 0.2759 0.1063 0.2959
52 0.1626 0.1135 0.3442 0.3391 0.0405
53 0.0507 0.3926 0.3359 0.2069 0.0140
54 0.2450 0.3564 0.2910 0.0753 0.0321
55 0.1909 0.3767 0.1865 0.1114 0.1344
56 0.1941 0.2593 0.3489 0.0656 0.1323
57 0.1693 0.1011 0.2313 0.2705 0.2278
58 0.1237 0.0637 0.5371 0.2346 0.0411
59 0.1458 0.1100 0.4817 0.1915 0.0710
60 0.0768 0.1154 0.2404 0.5332 0.0341
61 0.1354 0.1420 0.3149 0.3857 0.0219
62 0.1425 0.1704 0.6333 0.0355 0.0184
63 0.0822 0.3381 0.4341 0.1133 0.0322
64 0.3394 0.0648 0.4495 0.0988 0.0478
65 0.0635 0.3306 0.3923 0.2068 0.0068
66 0.0795 0.0564 0.4233 0.4167 0.0241
67 0.2791 0.1003 0.4900 0.1102 0.0205
68 0.2749 0.1471 0.4326 0.1085 0.0369
69 0.1135 0.0608 0.2023 0.6138 0.0099
70 0.1545 0.0777 0.2146 0.5396 0.0138
71 0.1030 0.2981 0.3596 0.1672 0.0720
72 0.2423 0.0642 0.2330 0.4390 0.0215
73 0.2203 0.0484 0.2700 0.4348 0.0265
74 0.1429 0.0778 0.5396 0.2250 0.0147
75 0.2010 0.1382 0.3611 0.2727 0.0270
76 0.1456 0.1526 0.2637 0.4084 0.0296
77 0.2014 0.0901 0.3071 0.3591 0.0422
78 0.2135 0.1389 0.4556 0.1742 0.0178
79 0.2472 0.0475 0.5317 0.1523 0.0214
80 0.2388 0.0366 0.1934 0.5054 0.0258
81 0.1261 0.1079 0.4797 0.2568 0.0295
82 0.1083 0.1359 0.2330 0.5088 0.0139
83 0.3015 0.0898 0.1447 0.4287 0.0352
84 0.1458 0.0545 0.6533 0.0818 0.0647
85 0.1844 0.0478 0.5684 0.1136 0.0858
86 0.1495 0.1555 0.3396 0.2646 0.0907
87 0.1442 0.1186 0.2234 0.1030 0.4109
88 0.2546 0.1028 0.3762 0.1202 0.1461
89 0.1857 0.1527 0.3782 0.1118 0.1718
90 0.2607 0.1095 0.4297 0.1631 0.0370
91 0.2130 0.0154 0.3074 0.3650 0.0991
92 0.1700 0.0671 0.2571 0.4880 0.0176
93 0.1091 0.0352 0.2744 0.4250 0.1564
94 0.3296 0.0591 0.2000 0.3401 0.0713
95 0.4067 0.1373 0.1833 0.2317 0.0409
96 0.1353 0.0840 0.4758 0.2668 0.0379
97 0.1406 0.1619 0.2488 0.1879 0.2607
98 0.1758 0.0732 0.4558 0.2766 0.0185
99 0.2808 0.0823 0.3335 0.2681 0.0354
100 0.1738 0.0300 0.2285 0.4043 0.1633
101 0.0952 0.2180 0.2510 0.0847 0.3511
102 0.1609 0.2800 0.3250 0.0630 0.1713
103 0.1379 0.0424 0.2023 0.3184 0.2991
104 0.2203 0.0677 0.1914 0.5044 0.0163
105 0.3267 0.0460 0.4326 0.1862 0.0086
106 0.3005 0.0429 0.3198 0.3301 0.0068
107 0.1276 0.1002 0.6187 0.1296 0.0242
108 0.0914 0.1393 0.3240 0.4224 0.0231
109 0.0758 0.0770 0.4868 0.3506 0.0097
110 0.3545 0.2761 0.2306 0.0925 0.0465
111 0.2583 0.0334 0.4326 0.2352 0.0403
112 0.2186 0.0383 0.3230 0.3835 0.0365
113 0.4392 0.0980 0.1980 0.2483 0.0166
114 0.2615 0.0348 0.2961 0.3745 0.0332
115 0.2351 0.0467 0.2583 0.4392 0.0209
116 0.0851 0.0508 0.1360 0.7129 0.0154
117 0.0972 0.0845 0.1101 0.6050 0.1035
118 0.0591 0.0286 0.3403 0.5610 0.0107
119 0.0310 0.0122 0.0545 0.8931 0.0092
120 0.0261 0.0206 0.0667 0.8379 0.0488
121 0.3145 0.0551 0.2605 0.3293 0.0406
122 0.1242 0.0802 0.3074 0.4836 0.0047
123 0.1455 0.1133 0.1598 0.5664 0.0150
124 0.1074 0.0484 0.2786 0.5205 0.0455
125 0.0686 0.1302 0.4404 0.3325 0.0282
126 0.2401 0.0941 0.4280 0.2152 0.0225
127 0.0961 0.0123 0.0903 0.7739 0.0275
128 0.0704 0.1715 0.6733 0.0715 0.0134
129 0.0853 0.0384 0.2507 0.6108 0.0149
130 0.0496 0.0100 0.0571 0.8394 0.0438
131 0.2812 0.1964 0.4531 0.0347 0.0344
132 0.2122 0.1459 0.5132 0.0341 0.0949
133 0.1145 0.0281 0.7705 0.0372 0.0500
134 0.1860 0.0358 0.6006 0.1383 0.0393
135 0.0642 0.0202 0.8066 0.0979 0.0109
136 0.1532 0.0770 0.2488 0.4719 0.0490
137 0.0467 0.0283 0.8672 0.0521 0.0057
138 0.1404 0.0590 0.5425 0.1890 0.0690
139 0.1622 0.0791 0.6519 0.0816 0.0253
140 0.1343 0.0159 0.6509 0.1865 0.0123
141 0.1039 0.0543 0.2737 0.1881 0.3799
142 0.1903 0.0289 0.5771 0.0858 0.1181
143 0.1127 0.1182 0.5552 0.1146 0.0995
144 0.1140 0.0293 0.6978 0.0887 0.0702
145 0.1616 0.0456 0.4128 0.2280 0.1519
146 0.2059 0.0701 0.3672 0.3291 0.0279
147 0.0827 0.0777 0.2668 0.5391 0.0334
148 0.2036 0.0661 0.2739 0.3687 0.0876
149 0.2605 0.0723 0.4128 0.0782 0.1761
150 0.1740 0.1159 0.2002 0.0479 0.4619
151 0.2649 0.0168 0.1792 0.5024 0.0364
152 0.1116 0.1702 0.5669 0.1032 0.0484
153 0.1082 0.1490 0.3630 0.3206 0.0593
154 0.2037 0.1663 0.2988 0.2720 0.0593
155 0.1685 0.0367 0.5435 0.0747 0.1765
156 0.2223 0.0652 0.5088 0.1002 0.1034
157 0.2050 0.0291 0.4011 0.2800 0.0848
158 0.2847 0.0778 0.1431 0.4619 0.0327
159 0.2021 0.0602 0.4021 0.3281 0.0072
160 0.2629 0.0334 0.2469 0.4202 0.0367
161 0.2211 0.0674 0.3069 0.3821 0.0226
162 0.1177 0.0245 0.1293 0.7212 0.0071
163 0.2059 0.0347 0.0758 0.6699 0.0134
164 0.1069 0.0370 0.6865 0.1395 0.0302
165 0.1511 0.0543 0.4514 0.3201 0.0232
166 0.2297 0.0287 0.1249 0.6147 0.0020
167 0.2922 0.0331 0.1978 0.4744 0.0026
168 0.0547 0.0483 0.2654 0.6074 0.0243
169 0.2771 0.0412 0.1036 0.5513 0.0270
170 0.0777 0.0391 0.3591 0.4988 0.0252
171 0.2155 0.0657 0.2441 0.4250 0.0496
172 0.1492 0.1515 0.3633 0.2786 0.0575
173 0.1925 0.1302 0.4407 0.2216 0.0152
174 0.3149 0.1038 0.0606 0.1409 0.3799
175 0.1984 0.0406 0.4685 0.2754 0.0169
176 0.2722 0.1066 0.4705 0.0455 0.1050
177 0.2615 0.0889 0.4309 0.1714 0.0472
178 0.1407 0.0413 0.4009 0.3708 0.0464
179 0.3291 0.1372 0.3342 0.1604 0.0393
180 0.0667 0.1423 0.3362 0.4385 0.0161
181 0.2646 0.1020 0.4573 0.1643 0.0119
182 0.3889 0.0778 0.3201 0.2050 0.0083
183 0.0426 0.0620 0.2825 0.6074 0.0055
184 0.0663 0.1289 0.3970 0.3970 0.0107
185 0.1887 0.0632 0.3364 0.3694 0.0424
186 0.1725 0.0610 0.3003 0.4543 0.0117
187 0.1506 0.0425 0.3394 0.4602 0.0074
188 0.1543 0.0274 0.3069 0.4980 0.0136
189 0.1942 0.0141 0.3801 0.3984 0.0132
190 0.3389 0.0336 0.1931 0.3962 0.0380
191 0.1433 0.0499 0.5283 0.2534 0.0251
192 0.2769 0.2107 0.2903 0.0806 0.1415
193 0.1486 0.1070 0.4038 0.1968 0.1439
194 0.0861 0.0748 0.4583 0.3740 0.0066
195 0.3167 0.0638 0.2927 0.2883 0.0387
196 0.0951 0.0880 0.7134 0.0922 0.0113
197 0.2844 0.0403 0.2756 0.3770 0.0226
198 0.1241 0.2213 0.5566 0.0765 0.0216
199 0.2263 0.0659 0.2263 0.4607 0.0209
200 0.2114 0.0494 0.5073 0.2018 0.0300
201 0.2473 0.0620 0.4998 0.1080 0.0828
202 0.3130 0.0574 0.1663 0.4346 0.0289
203 0.2339 0.0696 0.3003 0.3564 0.0397
204 0.1367 0.2036 0.5669 0.0612 0.0317
205 0.1348 0.0349 0.3440 0.4558 0.0305
206 0.1957 0.1007 0.4585 0.1345 0.1106
207 0.0994 0.2766 0.5249 0.0395 0.0598
208 0.2253 0.0523 0.1797 0.4961 0.0465
209 0.1237 0.1152 0.3523 0.3606 0.0484
210 0.1016 0.0933 0.5757 0.2118 0.0175
211 0.1107 0.1197 0.4243 0.3303 0.0150
212 0.2681 0.0438 0.3232 0.3335 0.0315
213 0.1373 0.0266 0.6865 0.0807 0.0690
214 0.2844 0.0736 0.2048 0.3887 0.0483
215 0.2437 0.0616 0.4480 0.2324 0.0143
216 0.1581 0.0846 0.5825 0.1722 0.0026
217 0.1251 0.0350 0.3738 0.4578 0.0083
218 0.2524 0.0735 0.2094 0.4099 0.0546
219 0.0616 0.2050 0.2396 0.4548 0.0391
220 0.1890 0.0542 0.2793 0.2793 0.1981
221 0.1270 0.1240 0.3940 0.2666 0.0886
222 0.2316 0.1721 0.4062 0.0690 0.1210
223 0.0856 0.0296 0.4773 0.3774 0.0300
224 0.1473 0.2754 0.3120 0.0439 0.2213
225 0.1208 0.4021 0.3606 0.1049 0.0116
226 0.1893 0.0526 0.2776 0.3564 0.1241
227 0.1841 0.0447 0.2118 0.2698 0.2896
228 0.3647 0.0936 0.2161 0.0974 0.2281
229 0.2258 0.1267 0.2559 0.3552 0.0363
230 0.1166 0.0235 0.1750 0.6816 0.0034
231 0.0470 0.0296 0.6289 0.2925 0.0022
232 0.0627 0.0781 0.4934 0.3555 0.0105
233 0.2037 0.2830 0.2496 0.2310 0.0327
234 0.2037 0.2830 0.2496 0.2310 0.0327
