time exciting_prob fearful_prob tense_prob sad_prob relaxing_prob
0 0.2037 0.2830 0.2496 0.2310 0.0327
1 0.3662 0.1025 0.1266 0.3633 0.0414
2 0.2903 0.1361 0.2026 0.3140 0.0572
3 0.2188 0.1445 0.1716 0.4282 0.0368
4 0.3948 0.2375 0.0881 0.1807 0.0990
5 0.3582 0.1541 0.0632 0.2854 0.1392
6 0.1617 0.3911 0.2817 0.1250 0.0406
7 0.2146 0.3247 0.1909 0.2588 0.0110
8 0.2634 0.1525 0.2893 0.2805 0.0144
9 0.0875 0.0291 0.0961 0.7798 0.0078
10 0.1232 0.0997 0.1251 0.6455 0.0065
11 0.1385 0.1343 0.0923 0.6260 0.0090
12 0.1697 0.0479 0.0505 0.7256 0.0066
13 0.1962 0.0652 0.2404 0.4778 0.0205
14 0.0878 0.1191 0.2351 0.5469 0.0113
15 0.0573 0.0162 0.1685 0.7554 0.0028
16 0.0777 0.0326 0.1892 0.6924 0.0081
17 0.4041 0.2734 0.2910 0.0148 0.0169
18 0.5029 0.1420 0.2632 0.0327 0.0592
19 0.5054 0.2074 0.2107 0.0262 0.0504
20 0.5835 0.0847 0.2690 0.0400 0.0228
21 0.5195 0.1243 0.3005 0.0267 0.0291
22 0.3801 0.1824 0.1132 0.2341 0.0903
23 0.3379 0.0909 0.0828 0.4304 0.0578
24 0.4014 0.2200 0.0854 0.1941 0.0991
25 0.4575 0.0639 0.1053 0.3296 0.0436
26 0.3191 0.0537 0.1967 0.3850 0.0456
27 0.4370 0.0464 0.1970 0.2822 0.0373
28 0.2456 0.3745 0.2474 0.0385 0.0939
29 0.3013 0.3013 0.2874 0.0682 0.0421
30 0.1864 0.3945 0.3706 0.0304 0.0180
31 0.2568 0.1534 0.1836 0.3430 0.0630
32 0.3105 0.1285 0.2053 0.2830 0.0726
33 0.3794 0.1406 0.2842 0.1021 0.0937
34 0.2927 0.0996 0.1394 0.4128 0.0555
35 0.5322 0.0918 0.1235 0.2134 0.0389
36 0.1877 0.1520 0.2954 0.2908 0.0741
37 0.3774 0.1869 0.2576 0.1422 0.0359
38 0.1727 0.0656 0.3176 0.4143 0.0296
39 0.4663 0.0395 0.1586 0.2742 0.0616
40 0.5850 0.1125 0.1276 0.1305 0.0444
41 0.3218 0.1892 0.2886 0.1763 0.0242
42 0.4832 0.1300 0.1556 0.1833 0.0478
43 0.1669 0.2505 0.5430 0.0154 0.0242
44 0.1663 0.2496 0.5493 0.0126 0.0222
45 0.1000 0.4448 0.4246 0.0144 0.0161
46 0.0693 0.5894 0.3254 0.0061 0.0096
47 0.0992 0.4341 0.4548 0.0058 0.0060
48 0.1759 0.3611 0.4355 0.0094 0.0181
49 0.2091 0.0906 0.2244 0.4160 0.0599
50 0.2086 0.0710 0.5327 0.1730 0.0146
51 0.0645 0.0420 0.0975 0.7915 0.0045
52 0.0946 0.1686 0.4175 0.3054 0.0141
53 0.1234 0.1234 0.4729 0.2695 0.0108
54 0.1807 0.0629 0.1779 0.5737 0.0047
55 0.1993 0.0253 0.3904 0.3726 0.0125
56 0.2180 0.1407 0.2979 0.3350 0.0083
57 0.2496 0.2382 0.3989 0.1074 0.0061
58 0.2490 0.1647 0.5356 0.0440 0.0068
59 0.0821 0.0439 0.1213 0.7432 0.0094
60 0.3237 0.0987 0.3162 0.2123 0.0493
61 0.2974 0.2317 0.3560 0.0872 0.0277
62 0.1619 0.0908 0.4070 0.3220 0.0183
63 0.0656 0.2217 0.3079 0.3953 0.0097
64 0.0612 0.2168 0.5894 0.1235 0.0089
65 0.1451 0.1697 0.5830 0.0867 0.0157
66 0.2527 0.2336 0.4756 0.0203 0.0177
67 0.2186 0.2069 0.5537 0.0069 0.0136
68 0.1675 0.1898 0.6128 0.0170 0.0129
69 0.1519 0.1776 0.6196 0.0460 0.0048
70 0.1114 0.1063 0.7153 0.0587 0.0085
71 0.0718 0.1405 0.7251 0.0595 0.0033
72 0.0888 0.1851 0.6768 0.0423 0.0071
73 0.0645 0.1476 0.7153 0.0703 0.0023
74 0.1610 0.3176 0.4805 0.0291 0.0117
75 0.2036 0.2101 0.5366 0.0315 0.0184
76 0.1516 0.3582 0.3015 0.1665 0.0222
77 0.0703 0.2303 0.5615 0.1214 0.0166
78 0.3687 0.1072 0.3203 0.1586 0.0454
79 0.4343 0.0791 0.3081 0.1305 0.0480
80 0.1821 0.1140 0.2529 0.2866 0.1646
81 0.2080 0.1063 0.1893 0.4761 0.0203
82 0.0975 0.0582 0.4653 0.3352 0.0439
83 0.2625 0.1617 0.3586 0.1832 0.0339
84 0.2693 0.1879 0.4302 0.0923 0.0204
85 0.2112 0.0783 0.3350 0.3296 0.0460
86 0.2842 0.1440 0.4133 0.1176 0.0409
87 0.3110 0.3416 0.1801 0.0520 0.1154
88 0.2788 0.3364 0.3525 0.0255 0.0067
89 0.3687 0.3657 0.2184 0.0315 0.0157
90 0.2185 0.2168 0.3630 0.0856 0.1160
91 0.2377 0.5034 0.1766 0.0302 0.0522
92 0.2076 0.2263 0.2688 0.2029 0.0944
93 0.1627 0.0536 0.3391 0.3445 0.1002
94 0.2335 0.2061 0.1763 0.3093 0.0746
95 0.2236 0.3105 0.2219 0.1611 0.0829
96 0.1167 0.2433 0.1954 0.3027 0.1418
97 0.0787 0.0787 0.7021 0.1361 0.0044
98 0.2153 0.1189 0.5249 0.1368 0.0042
99 0.2539 0.0994 0.6045 0.0355 0.0068
100 0.3076 0.1063 0.4990 0.0649 0.0221
101 0.1863 0.1544 0.5693 0.0814 0.0086
102 0.3584 0.0425 0.3755 0.2026 0.0210
103 0.2290 0.0798 0.4148 0.2637 0.0129
104 0.1954 0.3403 0.3003 0.0983 0.0655
105 0.3635 0.1576 0.2329 0.1857 0.0603
106 0.3083 0.1715 0.1411 0.3059 0.0732
107 0.1637 0.5493 0.1367 0.0856 0.0646
108 0.1074 0.5762 0.1389 0.1663 0.0114
109 0.1176 0.3794 0.3677 0.1096 0.0256
110 0.2180 0.3511 0.2712 0.1176 0.0419
111 0.1047 0.3772 0.3433 0.1500 0.0249
112 0.1141 0.0976 0.3250 0.4238 0.0394
113 0.1483 0.2407 0.4714 0.1268 0.0128
114 0.0735 0.2338 0.5522 0.1353 0.0052
115 0.1072 0.3057 0.4446 0.1294 0.0132
116 0.2079 0.3765 0.2627 0.0982 0.0547
117 0.2595 0.0440 0.0969 0.5405 0.0588
118 0.5049 0.2172 0.1917 0.0512 0.0349
119 0.3125 0.1571 0.2590 0.2198 0.0514
120 0.2778 0.2302 0.3003 0.1343 0.0573
121 0.2903 0.1720 0.2314 0.2091 0.0972
122 0.2681 0.2598 0.2072 0.2008 0.0641
123 0.1869 0.3804 0.3687 0.0317 0.0322
124 0.3733 0.2524 0.2448 0.0914 0.0381
125 0.3118 0.1520 0.4644 0.0497 0.0221
126 0.6196 0.1111 0.1289 0.1019 0.0384
127 0.4343 0.2399 0.2167 0.0773 0.0317
128 0.4592 0.1841 0.2496 0.0616 0.0455
129 0.1083 0.1458 0.4282 0.2991 0.0188
130 0.1443 0.2654 0.3032 0.2306 0.0565
131 0.2334 0.0852 0.3142 0.2245 0.1427
132 0.1626 0.0898 0.4631 0.2440 0.0405
133 0.1429 0.0923 0.4688 0.2146 0.0814
134 0.2150 0.3276 0.2781 0.0315 0.1477
135 0.3369 0.1260 0.1138 0.2974 0.1260
136 0.2502 0.2483 0.1506 0.2791 0.0717
137 0.3108 0.1526 0.1198 0.3035 0.1134
138 0.3193 0.1682 0.1175 0.3562 0.0387
139 0.3262 0.2705 0.1404 0.1448 0.1182
140 0.2593 0.1572 0.1366 0.3599 0.0869
141 0.3411 0.1356 0.1467 0.2615 0.1151
142 0.3928 0.1625 0.1171 0.2478 0.0798
143 0.1763 0.0846 0.1241 0.5825 0.0323
144 0.2422 0.1058 0.1652 0.4561 0.0308
145 0.2334 0.0718 0.1997 0.4294 0.0659
146 0.2155 0.0598 0.1843 0.4705 0.0699
147 0.2605 0.0996 0.1819 0.3972 0.0609
148 0.1313 0.0379 0.0931 0.7100 0.0275
149 0.2020 0.0495 0.2185 0.4924 0.0377
150 0.1997 0.0845 0.1036 0.5869 0.0252
151 0.1755 0.0487 0.2676 0.4553 0.0527
152 0.1984 0.0596 0.2932 0.3884 0.0605
153 0.2115 0.1366 0.3435 0.2673 0.0410
154 0.1969 0.1354 0.4578 0.1909 0.0190
155 0.1967 0.1069 0.3674 0.2952 0.0337
156 0.3555 0.1200 0.4424 0.0623 0.0201
157 0.4189 0.1830 0.3813 0.0079 0.0088
158 0.3850 0.1320 0.3821 0.0914 0.0096
159 0.1003 0.1164 0.3264 0.4534 0.0035
160 0.0692 0.0573 0.3198 0.5439 0.0095
161 0.2454 0.1971 0.4373 0.0848 0.0353
162 0.2206 0.2422 0.5010 0.0217 0.0147
163 0.2395 0.2395 0.4990 0.0163 0.0056
164 0.1533 0.1671 0.6455 0.0269 0.0073
165 0.2734 0.3298 0.2231 0.1185 0.0551
166 0.1145 0.2969 0.3582 0.1746 0.0558
167 0.1864 0.2451 0.3457 0.1158 0.1071
168 0.1229 0.0481 0.0723 0.7241 0.0326
169 0.0504 0.0884 0.0750 0.7637 0.0224
170 0.3892 0.3892 0.1150 0.0656 0.0413
171 0.2295 0.6436 0.0864 0.0191 0.0212
172 0.3435 0.5078 0.0779 0.0151 0.0557
173 0.4441 0.3198 0.1647 0.0332 0.0382
174 0.3562 0.3508 0.2283 0.0180 0.0467
175 0.4348 0.2239 0.1033 0.1256 0.1125
176 0.3547 0.2742 0.0890 0.1624 0.1198
177 0.2030 0.4434 0.2976 0.0329 0.0231
178 0.1736 0.2605 0.3425 0.1877 0.0356
179 0.2339 0.4836 0.2096 0.0260 0.0468
180 0.2250 0.5396 0.1343 0.0569 0.0443
181 0.2416 0.0895 0.0665 0.5112 0.0909
182 0.3362 0.2700 0.2239 0.0276 0.1423
183 0.4983 0.1221 0.1077 0.0474 0.2246
184 0.3899 0.1677 0.2402 0.0519 0.1503
185 0.2155 0.4524 0.1677 0.0174 0.1469
186 0.2007 0.5288 0.0956 0.0084 0.1664
187 0.2393 0.5103 0.2046 0.0098 0.0358
188 0.2467 0.3645 0.1395 0.1202 0.1290
189 0.2661 0.3064 0.2090 0.0927 0.1257
190 0.2603 0.4224 0.1591 0.0421 0.1163
191 0.2081 0.1499 0.1168 0.4138 0.1114
192 0.1160 0.1141 0.1443 0.5278 0.0977
193 0.0438 0.1191 0.7295 0.1051 0.0025
194 0.0587 0.0998 0.7256 0.1149 0.0009
195 0.1486 0.3000 0.5103 0.0373 0.0037
196 0.1510 0.3247 0.4951 0.0279 0.0013
197 0.2981 0.3406 0.3433 0.0107 0.0074
198 0.1376 0.2433 0.4475 0.1583 0.0135
199 0.2394 0.2820 0.3765 0.0742 0.0279
200 0.1212 0.3096 0.4907 0.0654 0.0131
201 0.1635 0.2473 0.5571 0.0261 0.0060
202 0.1748 0.2407 0.5220 0.0482 0.0146
203 0.2109 0.1951 0.5645 0.0144 0.0154
204 0.2272 0.3804 0.3228 0.0465 0.0230
205 0.2585 0.2527 0.3733 0.0887 0.0268
206 0.1458 0.2786 0.5630 0.0070 0.0056
207 0.2637 0.2152 0.2382 0.2515 0.0315
208 0.2291 0.1295 0.4775 0.1189 0.0448
209 0.3914 0.2145 0.1440 0.1061 0.1440
210 0.2050 0.2452 0.1726 0.2510 0.1262
211 0.1791 0.3142 0.1967 0.1569 0.1532
212 0.2203 0.3181 0.1702 0.1001 0.1914
213 0.3010 0.5005 0.1170 0.0251 0.0566
214 0.1831 0.4604 0.2314 0.0717 0.0533
215 0.1688 0.3230 0.2805 0.1624 0.0651
216 0.1182 0.0599 0.6699 0.1449 0.0071
217 0.3538 0.0840 0.2128 0.1632 0.1864
218 0.2568 0.0801 0.1893 0.2754 0.1984
219 0.1174 0.3093 0.3911 0.1362 0.0460
220 0.3142 0.3191 0.2428 0.0521 0.0718
221 0.4177 0.2573 0.0810 0.1040 0.1399
222 0.3691 0.2578 0.2328 0.0462 0.0941
223 0.5562 0.1321 0.1113 0.1710 0.0295
224 0.6045 0.2241 0.0956 0.0524 0.0231
225 0.2683 0.0529 0.2332 0.4092 0.0363
226 0.3040 0.0934 0.3391 0.2009 0.0623
227 0.3472 0.2025 0.2561 0.1719 0.0222
228 0.2717 0.1853 0.3030 0.1714 0.0687
229 0.2871 0.2117 0.2573 0.1305 0.1133
230 0.3069 0.1438 0.2466 0.1818 0.1211
231 0.2343 0.3462 0.2474 0.1560 0.0162
232 0.2339 0.0556 0.1464 0.5029 0.0610
233 0.2019 0.5405 0.1304 0.0875 0.0398
234 0.2859 0.5259 0.1044 0.0474 0.0366
235 0.2603 0.3557 0.1531 0.1350 0.0958
236 0.1055 0.2695 0.2737 0.3054 0.0461
237 0.3838 0.2054 0.1677 0.1664 0.0768
238 0.2225 0.2225 0.1426 0.3237 0.0885
239 0.0536 0.7178 0.1539 0.0617 0.0130
240 0.0737 0.7217 0.1466 0.0495 0.0083
241 0.0554 0.6333 0.2993 0.0107 0.0013
242 0.0626 0.6631 0.2086 0.0641 0.0018
243 0.1102 0.6196 0.1616 0.1020 0.0064
244 0.0759 0.2568 0.3918 0.2529 0.0224
245 0.0594 0.2969 0.3364 0.2922 0.0152
246 0.0999 0.6411 0.2181 0.0173 0.0237
247 0.0920 0.5503 0.2480 0.0706 0.0389
248 0.0585 0.4902 0.2502 0.0467 0.1543
249 0.0304 0.6450 0.3142 0.0032 0.0072
250 0.0342 0.5654 0.3765 0.0040 0.0201
251 0.1560 0.5405 0.2417 0.0345 0.0273
252 0.2937 0.3713 0.1377 0.1187 0.0784
253 0.1287 0.6904 0.1577 0.0129 0.0104
254 0.2832 0.3311 0.3037 0.0363 0.0459
255 0.2605 0.4717 0.2194 0.0154 0.0329
256 0.1980 0.1818 0.1775 0.2625 0.1803
257 0.0872 0.1788 0.3289 0.3906 0.0147
258 0.2194 0.0381 0.2817 0.3789 0.0820
259 0.0948 0.2347 0.5898 0.0756 0.0048
260 0.1880 0.1647 0.5791 0.0583 0.0098
261 0.2593 0.1097 0.1987 0.4077 0.0247
262 0.3459 0.1159 0.2269 0.2825 0.0286
263 0.0818 0.0668 0.4565 0.3845 0.0101
264 0.1877 0.0564 0.3049 0.4365 0.0144
265 0.5337 0.2058 0.1846 0.0456 0.0301
266 0.2603 0.3264 0.3528 0.0333 0.0274
267 0.2343 0.2761 0.3687 0.0646 0.0565
268 0.4019 0.2020 0.3081 0.0646 0.0234
269 0.3523 0.2087 0.1423 0.1677 0.1287
270 0.2783 0.1610 0.0743 0.3923 0.0939
271 0.3833 0.2986 0.1039 0.0889 0.1254
272 0.4358 0.2026 0.1060 0.1382 0.1173
273 0.1437 0.1019 0.5684 0.1816 0.0043
274 0.0889 0.1089 0.5708 0.2271 0.0041
275 0.2435 0.2532 0.2825 0.2115 0.0091
276 0.1991 0.3281 0.3662 0.0883 0.0184
277 0.4333 0.1533 0.1807 0.1879 0.0446
278 0.4541 0.1395 0.1261 0.1521 0.1281
279 0.2700 0.1017 0.5127 0.0856 0.0301
280 0.2764 0.1703 0.5283 0.0142 0.0107
281 0.3560 0.1484 0.0944 0.3242 0.0770
282 0.2205 0.0919 0.0562 0.5542 0.0774
283 0.0834 0.0713 0.1606 0.6255 0.0591
284 0.0860 0.0482 0.0915 0.6450 0.1290
285 0.2432 0.1923 0.1697 0.0923 0.3025
286 0.1643 0.1670 0.1061 0.3704 0.1921
287 0.1881 0.2115 0.0931 0.3276 0.1796
288 0.1611 0.3154 0.1285 0.2742 0.1207
289 0.1705 0.3994 0.0751 0.3259 0.0289
290 0.0953 0.0569 0.1365 0.5566 0.1547
291 0.0559 0.0644 0.0981 0.6924 0.0894
292 0.2455 0.4309 0.2003 0.0698 0.0535
293 0.2554 0.2827 0.2085 0.1624 0.0911
294 0.1313 0.1454 0.1672 0.5439 0.0119
295 0.3367 0.1760 0.2141 0.2483 0.0248
296 0.0463 0.0236 0.0673 0.8457 0.0170
297 0.0763 0.0787 0.5640 0.2463 0.0349
298 0.2184 0.2634 0.4016 0.1073 0.0092
299 0.1788 0.0529 0.1818 0.5098 0.0770
300 0.1604 0.0316 0.1119 0.5957 0.1003
301 0.1415 0.0381 0.1288 0.6147 0.0769
302 0.0762 0.0532 0.1492 0.6899 0.0318
303 0.6035 0.1422 0.0856 0.1379 0.0305
304 0.6338 0.2009 0.0549 0.0466 0.0637
305 0.3745 0.3357 0.1008 0.0386 0.1501
306 0.1595 0.0362 0.2146 0.5068 0.0828
307 0.0905 0.0593 0.2920 0.5127 0.0455
308 0.1141 0.0671 0.2269 0.5195 0.0725
309 0.4675 0.1733 0.1011 0.1747 0.0832
310 0.1061 0.1202 0.4753 0.2109 0.0873
311 0.1582 0.0703 0.4104 0.3403 0.0208
312 0.3430 0.0601 0.1149 0.0277 0.4543
313 0.4038 0.4199 0.0753 0.0551 0.0460
314 0.5732 0.3188 0.0585 0.0189 0.0306
315 0.0822 0.0992 0.2494 0.5117 0.0574
316 0.0927 0.1414 0.2856 0.3904 0.0898
317 0.2361 0.1957 0.1926 0.2803 0.0953
318 0.2661 0.1199 0.2347 0.3259 0.0532
319 0.2600 0.1459 0.1815 0.3186 0.0942
320 0.1185 0.1080 0.2888 0.4336 0.0510
321 0.1169 0.0597 0.2085 0.5493 0.0656
322 0.0915 0.0770 0.1877 0.5874 0.0564
323 0.1256 0.0919 0.2311 0.4893 0.0622
324 0.1300 0.0908 0.2109 0.5142 0.0542
325 0.1235 0.0737 0.1489 0.5981 0.0556
326 0.1504 0.0971 0.1731 0.5166 0.0627
327 0.1735 0.1060 0.1289 0.5342 0.0572
328 0.1066 0.0553 0.1049 0.6948 0.0386
329 0.1541 0.0706 0.1318 0.5908 0.0528
330 0.1750 0.1013 0.1984 0.4834 0.0419
331 0.1412 0.0780 0.1814 0.5249 0.0745
332 0.1691 0.1492 0.2537 0.3750 0.0532
333 0.2876 0.1144 0.1359 0.3469 0.1153
334 0.1852 0.1195 0.1534 0.4373 0.1047
335 0.1964 0.1102 0.2123 0.3967 0.0845
336 0.1396 0.0759 0.2529 0.4507 0.0808
337 0.2037 0.2830 0.2496 0.2310 0.0327
338 0.2037 0.2830 0.2496 0.2310 0.0327
339 0.2037 0.2830 0.2496 0.2310 0.0327
340 0.2037 0.2830 0.2496 0.2310 0.0327
341 0.2037 0.2830 0.2496 0.2310 0.0327
