time exciting_prob fearful_prob tense_prob sad_prob relaxing_prob
0 0.2037 0.2830 0.2496 0.2310 0.0327
1 0.0646 0.2458 0.4055 0.2639 0.0202
2 0.0578 0.2959 0.4841 0.1177 0.0443
3 0.0527 0.3745 0.4517 0.0947 0.0263
4 0.0502 0.3171 0.4614 0.1487 0.0224
5 0.0411 0.1041 0.3010 0.5283 0.0253
6 0.0713 0.2732 0.2908 0.2820 0.0827
7 0.0839 0.1340 0.1775 0.4126 0.1919
8 0.1193 0.3645 0.3167 0.1776 0.0221
9 0.1158 0.3513 0.3625 0.1431 0.0273
10 0.1289 0.1604 0.4226 0.2524 0.0358
11 0.2913 0.1105 0.1895 0.3738 0.0350
12 0.1212 0.0915 0.2566 0.4795 0.0513
13 0.2915 0.0790 0.3860 0.2166 0.0269
14 0.1753 0.1837 0.4077 0.2065 0.0267
15 0.1082 0.3896 0.3281 0.1549 0.0192
16 0.2106 0.0838 0.0864 0.5908 0.0285
17 0.1406 0.2015 0.1311 0.2469 0.2798
18 0.1597 0.2676 0.2067 0.1987 0.1674
19 0.1409 0.2340 0.2130 0.2756 0.1365
20 0.0893 0.3613 0.1630 0.2949 0.0914
21 0.0860 0.3977 0.1332 0.2776 0.1054
22 0.0640 0.4011 0.0968 0.3250 0.1132
23 0.0851 0.3018 0.1542 0.3186 0.1404
24 0.1062 0.2432 0.2489 0.2196 0.1821
25 0.1160 0.2362 0.2595 0.3081 0.0804
26 0.0888 0.3484 0.1909 0.2756 0.0960
27 0.0946 0.3381 0.2397 0.2551 0.0725
28 0.0956 0.4929 0.2384 0.1445 0.0285
29 0.0835 0.4341 0.1796 0.2397 0.0630
30 0.0770 0.3760 0.2029 0.2505 0.0936
31 0.0889 0.4478 0.1647 0.2473 0.0514
32 0.1274 0.5000 0.1305 0.1729 0.0693
33 0.1398 0.4690 0.2034 0.1323 0.0556
34 0.1232 0.5352 0.1738 0.0952 0.0724
35 0.1405 0.4790 0.1748 0.1438 0.0619
36 0.1525 0.4695 0.1661 0.1056 0.1064
37 0.1117 0.4521 0.2458 0.1306 0.0598
38 0.1069 0.5303 0.2013 0.0929 0.0685
39 0.1008 0.4922 0.1512 0.1235 0.1324
40 0.1168 0.4993 0.1766 0.0931 0.1141
41 0.0930 0.4873 0.2375 0.1375 0.0446
42 0.0504 0.6230 0.2559 0.0617 0.0090
43 0.0670 0.6016 0.1342 0.1835 0.0140
44 0.0550 0.6392 0.1580 0.1361 0.0116
45 0.0770 0.4683 0.2336 0.1892 0.0319
46 0.0401 0.4521 0.3208 0.1771 0.0098
47 0.0318 0.8081 0.1129 0.0244 0.0226
48 0.0405 0.7886 0.1035 0.0428 0.0246
49 0.0153 0.8018 0.1268 0.0525 0.0039
50 0.0325 0.7285 0.1117 0.1208 0.0067
51 0.0457 0.7202 0.0660 0.1582 0.0097
52 0.0223 0.8384 0.1009 0.0343 0.0042
53 0.0483 0.6416 0.2269 0.0731 0.0101
54 0.0461 0.7910 0.0640 0.0861 0.0128
55 0.0478 0.7773 0.0638 0.0973 0.0138
56 0.1311 0.3853 0.2910 0.1683 0.0243
57 0.0393 0.4165 0.0685 0.4434 0.0324
58 0.0640 0.3921 0.1366 0.2803 0.1273
59 0.0385 0.3943 0.0609 0.3096 0.1968
60 0.1080 0.3301 0.1030 0.2891 0.1699
61 0.0669 0.2839 0.0735 0.5063 0.0696
62 0.0324 0.1622 0.0404 0.7100 0.0547
63 0.0392 0.0844 0.0274 0.8257 0.0234
64 0.0439 0.2527 0.0129 0.6504 0.0403
65 0.0457 0.4468 0.0171 0.4756 0.0149
66 0.0538 0.3562 0.0273 0.5430 0.0198
67 0.0604 0.6753 0.0422 0.1818 0.0403
68 0.0635 0.5527 0.0665 0.2377 0.0796
69 0.1760 0.3875 0.0806 0.2090 0.1471
70 0.2023 0.4023 0.0870 0.2136 0.0948
71 0.0952 0.4197 0.1250 0.2300 0.1300
72 0.0992 0.3438 0.1514 0.2720 0.1335
73 0.1179 0.5083 0.1008 0.1467 0.1265
74 0.1482 0.5254 0.1349 0.0913 0.1003
75 0.1676 0.5205 0.0919 0.1041 0.1161
76 0.0898 0.4092 0.2368 0.1948 0.0695
77 0.1337 0.2830 0.2742 0.1798 0.1295
78 0.1469 0.2832 0.2384 0.1857 0.1458
79 0.1022 0.5107 0.2250 0.1167 0.0453
80 0.0332 0.7852 0.1223 0.0429 0.0163
81 0.0174 0.7632 0.1171 0.0948 0.0076
82 0.0231 0.6875 0.1475 0.1292 0.0130
83 0.0284 0.6724 0.1622 0.1205 0.0163
84 0.0165 0.8149 0.0446 0.1028 0.0211
85 0.0146 0.7290 0.0799 0.1338 0.0424
86 0.0191 0.7891 0.0746 0.0928 0.0244
87 0.0604 0.5508 0.1506 0.1816 0.0563
88 0.1846 0.3394 0.0965 0.1816 0.1980
89 0.1514 0.2893 0.0932 0.1675 0.2986
90 0.1848 0.3591 0.1311 0.1203 0.2046
91 0.1000 0.1715 0.1142 0.5000 0.1142
92 0.1581 0.2161 0.1656 0.4197 0.0406
93 0.0817 0.2118 0.2896 0.3547 0.0621
94 0.1246 0.1857 0.3750 0.2744 0.0402
95 0.1272 0.2693 0.3223 0.2267 0.0547
96 0.1305 0.3574 0.2418 0.1840 0.0862
97 0.1033 0.3232 0.4055 0.0956 0.0721
98 0.1230 0.2998 0.3291 0.1289 0.1192
99 0.0875 0.4480 0.2380 0.1263 0.1000
100 0.1234 0.2981 0.3301 0.1334 0.1150
101 0.0943 0.3069 0.3369 0.1616 0.1004
102 0.1633 0.3406 0.2340 0.1837 0.0784
103 0.0361 0.5913 0.1654 0.1831 0.0242
104 0.0293 0.3740 0.1312 0.4475 0.0179
105 0.0242 0.5557 0.2013 0.2094 0.0094
106 0.0468 0.6885 0.1825 0.0487 0.0335
107 0.1194 0.1969 0.1659 0.4724 0.0453
108 0.2037 0.2830 0.2496 0.2310 0.0327
109 0.2181 0.3770 0.2396 0.1243 0.0410
110 0.0829 0.6074 0.2455 0.0284 0.0356
111 0.1705 0.3901 0.2155 0.1075 0.1163
112 0.1067 0.5010 0.1691 0.2024 0.0208
113 0.0862 0.6274 0.1305 0.1367 0.0190
114 0.0947 0.5894 0.1854 0.1008 0.0300
115 0.0992 0.6123 0.1284 0.1263 0.0335
116 0.1896 0.3274 0.0539 0.2396 0.1896
117 0.3191 0.3877 0.0478 0.1427 0.1028
118 0.2705 0.3999 0.0928 0.0988 0.1382
119 0.1072 0.6562 0.1355 0.0365 0.0645
120 0.2559 0.4929 0.0817 0.1199 0.0496
121 0.3855 0.3765 0.0894 0.0930 0.0555
122 0.4368 0.2393 0.1261 0.1071 0.0908
123 0.2510 0.3149 0.0815 0.1223 0.2303
124 0.2238 0.4380 0.0829 0.0811 0.1742
125 0.1565 0.4600 0.0957 0.0899 0.1979
126 0.1626 0.3635 0.0798 0.0831 0.3110
127 0.0841 0.5747 0.0630 0.0288 0.2491
128 0.1670 0.3425 0.0680 0.0880 0.3345
129 0.1969 0.2284 0.1021 0.0394 0.4333
130 0.2225 0.1995 0.0838 0.2107 0.2834
131 0.0735 0.0974 0.1697 0.6450 0.0143
132 0.0765 0.2756 0.1836 0.4475 0.0168
133 0.0663 0.3845 0.1471 0.3967 0.0053
134 0.0793 0.1085 0.1085 0.6963 0.0072
135 0.0629 0.0609 0.1053 0.7427 0.0284
136 0.0552 0.6025 0.1523 0.1726 0.0174
137 0.0737 0.5239 0.0257 0.3130 0.0636
138 0.1465 0.4478 0.0991 0.1971 0.1097
139 0.0908 0.5063 0.1104 0.1863 0.1061
140 0.0751 0.4192 0.1068 0.3557 0.0432
141 0.0945 0.3945 0.1364 0.3323 0.0422
142 0.0867 0.5835 0.1407 0.1387 0.0502
143 0.0680 0.2585 0.0624 0.5303 0.0807
144 0.0888 0.5791 0.1047 0.2032 0.0241
145 0.0793 0.5547 0.1083 0.2312 0.0268
146 0.1041 0.5161 0.0732 0.1798 0.1266
147 0.0991 0.5151 0.1333 0.2250 0.0277
148 0.0948 0.3750 0.1108 0.3110 0.1083
149 0.0784 0.4656 0.0903 0.3079 0.0578
150 0.0674 0.4463 0.1028 0.2996 0.0839
151 0.0648 0.3528 0.1219 0.4060 0.0545
152 0.1225 0.2271 0.2306 0.3357 0.0842
153 0.0293 0.6064 0.1865 0.1570 0.0206
154 0.0591 0.2510 0.2048 0.3948 0.0902
155 0.0585 0.5337 0.2542 0.1238 0.0296
156 0.1333 0.4475 0.1398 0.2268 0.0526
157 0.0606 0.5981 0.2306 0.0503 0.0602
158 0.1005 0.2301 0.2063 0.1533 0.3098
159 0.0640 0.4766 0.1262 0.0660 0.2673
160 0.0706 0.4644 0.2466 0.0367 0.1818
161 0.0676 0.5488 0.2166 0.0606 0.1064
162 0.0868 0.4272 0.2673 0.1511 0.0676
163 0.0803 0.5664 0.2289 0.1000 0.0243
164 0.0426 0.5073 0.2034 0.2098 0.0370
165 0.0495 0.3201 0.3516 0.2035 0.0754
166 0.0384 0.3645 0.3704 0.1300 0.0966
167 0.0551 0.5703 0.2551 0.0999 0.0197
168 0.0848 0.4141 0.2286 0.1713 0.1014
169 0.0776 0.4756 0.1656 0.2487 0.0326
170 0.1176 0.4070 0.1364 0.2179 0.1213
171 0.0573 0.2018 0.2935 0.4075 0.0397
172 0.0576 0.3264 0.2388 0.3066 0.0706
173 0.0294 0.4319 0.2480 0.1993 0.0912
174 0.0330 0.4521 0.3206 0.0688 0.1255
175 0.0521 0.2927 0.4900 0.0851 0.0800
176 0.0624 0.3220 0.4834 0.0840 0.0482
177 0.0475 0.3853 0.1683 0.3508 0.0482
178 0.0507 0.3745 0.1040 0.4177 0.0531
179 0.0734 0.2996 0.1259 0.4290 0.0723
180 0.1279 0.3972 0.2109 0.2194 0.0446
181 0.1219 0.4094 0.2140 0.2058 0.0489
182 0.0912 0.4316 0.3284 0.1109 0.0377
183 0.0425 0.3906 0.4712 0.0858 0.0099
184 0.0961 0.4802 0.1713 0.2198 0.0324
185 0.1277 0.3364 0.2040 0.2744 0.0575
186 0.1179 0.3989 0.3359 0.1305 0.0170
187 0.0588 0.6626 0.1550 0.0940 0.0294
188 0.1636 0.3862 0.1040 0.3254 0.0208
189 0.1641 0.2583 0.1449 0.3816 0.0512
190 0.1687 0.5078 0.1687 0.0379 0.1169
191 0.1207 0.1688 0.1235 0.0335 0.5537
192 0.1903 0.1482 0.1201 0.0399 0.5015
193 0.2185 0.3306 0.1040 0.0552 0.2917
194 0.2820 0.2249 0.0923 0.0814 0.3196
195 0.2129 0.3916 0.0967 0.1251 0.1737
196 0.2332 0.3611 0.1145 0.1360 0.1553
197 0.1915 0.3899 0.1638 0.0804 0.1743
198 0.2876 0.3062 0.1190 0.1180 0.1691
199 0.2113 0.3650 0.1938 0.0518 0.1780
200 0.2173 0.3584 0.1085 0.0558 0.2600
201 0.2378 0.4238 0.1106 0.0483 0.1794
202 0.1499 0.3796 0.0916 0.0490 0.3298
203 0.1182 0.2974 0.0613 0.0369 0.4863
204 0.1855 0.2678 0.0883 0.0715 0.3867
205 0.1287 0.3469 0.1327 0.0657 0.3259
206 0.1733 0.2351 0.1603 0.1542 0.2771
207 0.0992 0.3894 0.0849 0.0829 0.3435
208 0.2051 0.3225 0.1754 0.1410 0.1560
209 0.1473 0.3245 0.1605 0.2930 0.0746
210 0.2539 0.3389 0.2922 0.0786 0.0366
211 0.2046 0.2373 0.1877 0.2908 0.0795
212 0.1713 0.3149 0.2148 0.2434 0.0556
213 0.0958 0.1996 0.1288 0.5342 0.0418
214 0.1190 0.1248 0.1067 0.6333 0.0160
215 0.1188 0.1346 0.2554 0.4626 0.0284
216 0.2529 0.3767 0.1055 0.2285 0.0362
217 0.0827 0.2468 0.2145 0.4133 0.0426
218 0.0760 0.1262 0.2250 0.4690 0.1038
219 0.0580 0.1171 0.1871 0.5586 0.0792
220 0.0517 0.0858 0.1681 0.6245 0.0701
221 0.0618 0.1350 0.1372 0.5469 0.1192
222 0.1158 0.2913 0.2001 0.3298 0.0630
223 0.0710 0.5083 0.2007 0.1771 0.0427
224 0.0721 0.3467 0.1976 0.3232 0.0603
225 0.0544 0.3689 0.2086 0.2069 0.1611
226 0.0521 0.3669 0.1438 0.3420 0.0950
227 0.1475 0.2607 0.2649 0.2430 0.0840
228 0.1204 0.1986 0.1672 0.4839 0.0300
