time exciting_prob fearful_prob tense_prob sad_prob relaxing_prob
0 0.1346 0.1573 0.2678 0.4082 0.0320
1 0.9590 0.0057 0.0011 0.0194 0.0150
2 0.9668 0.0041 0.0010 0.0165 0.0113
3 0.4155 0.1843 0.1481 0.2025 0.0496
4 0.1877 0.0701 0.3914 0.2488 0.1021
5 0.2196 0.0724 0.1021 0.0275 0.5786
6 0.2839 0.0752 0.2585 0.1240 0.2585
7 0.4558 0.1458 0.0927 0.1458 0.1600
8 0.1299 0.1748 0.1519 0.4194 0.1240
9 0.2778 0.1022 0.1292 0.3298 0.1608
10 0.4829 0.0559 0.0339 0.1936 0.2335
11 0.5796 0.0882 0.0754 0.0815 0.1754
12 0.2344 0.0128 0.1688 0.0557 0.5283
13 0.1304 0.0676 0.1548 0.0984 0.5488
14 0.5044 0.1074 0.1237 0.1117 0.1527
15 0.1718 0.3994 0.2206 0.0964 0.1118
16 0.1154 0.0898 0.2993 0.4858 0.0095
17 0.2952 0.1848 0.4036 0.0600 0.0564
18 0.2040 0.1296 0.4893 0.0971 0.0799
19 0.3936 0.2463 0.1747 0.1350 0.0504
20 0.4165 0.2195 0.1086 0.2014 0.0538
21 0.3025 0.2247 0.1261 0.2588 0.0880
22 0.5801 0.1305 0.0804 0.0785 0.1305
23 0.1891 0.0900 0.4397 0.1920 0.0893
24 0.1764 0.0457 0.2776 0.0901 0.4102
25 0.4609 0.2126 0.1045 0.1053 0.1166
26 0.6084 0.1539 0.0540 0.0978 0.0856
27 0.4050 0.1082 0.0792 0.2102 0.1974
28 0.4644 0.0845 0.1120 0.2485 0.0907
29 0.3010 0.1016 0.4736 0.0565 0.0672
30 0.3091 0.0819 0.0943 0.4094 0.1052
31 0.2467 0.0908 0.2045 0.0252 0.4329
32 0.1879 0.0534 0.1395 0.0223 0.5972
33 0.3167 0.0966 0.2280 0.0659 0.2930
34 0.5591 0.1493 0.0884 0.0618 0.1414
35 0.5762 0.1390 0.0462 0.0994 0.1390
36 0.1047 0.1477 0.1432 0.4343 0.1700
37 0.1471 0.1542 0.1027 0.5054 0.0906
38 0.3274 0.0547 0.2395 0.1571 0.2214
39 0.3987 0.0359 0.0962 0.3154 0.1537
40 0.0842 0.2167 0.6519 0.0388 0.0085
41 0.1742 0.0583 0.0192 0.7222 0.0261
42 0.3086 0.1829 0.0864 0.3782 0.0441
43 0.2059 0.2465 0.0950 0.3450 0.1077
44 0.2539 0.3667 0.1172 0.1993 0.0627
45 0.0402 0.1338 0.2703 0.5464 0.0094
46 0.0695 0.1591 0.1667 0.4126 0.1919
47 0.3049 0.1121 0.1820 0.2162 0.1849
48 0.3877 0.1554 0.0764 0.1437 0.2369
49 0.1776 0.0586 0.4829 0.2045 0.0764
50 0.1166 0.2196 0.5435 0.0916 0.0286
51 0.0398 0.1227 0.4666 0.2537 0.1171
52 0.2937 0.1584 0.2435 0.2759 0.0284
53 0.2439 0.2439 0.2086 0.2720 0.0317
54 0.2786 0.1266 0.3633 0.1638 0.0677
55 0.0997 0.0538 0.1509 0.5107 0.1849
56 0.1451 0.0867 0.1521 0.3320 0.2842
57 0.5811 0.0739 0.0238 0.1218 0.1993
58 0.3032 0.0790 0.1727 0.1648 0.2803
59 0.1908 0.1194 0.1176 0.5610 0.0115
60 0.1184 0.0634 0.4575 0.3508 0.0100
61 0.2275 0.0215 0.0374 0.7007 0.0127
62 0.2327 0.1169 0.3411 0.2400 0.0693
63 0.3774 0.1755 0.3081 0.0317 0.1073
64 0.5757 0.1235 0.0322 0.1170 0.1514
65 0.0467 0.1906 0.3850 0.3191 0.0586
66 0.0623 0.1719 0.3210 0.2500 0.1947
67 0.4314 0.3308 0.1390 0.0484 0.0503
68 0.3286 0.2025 0.2878 0.1692 0.0118
69 0.0158 0.0034 0.0143 0.0068 0.9600
70 0.1316 0.2419 0.4246 0.1316 0.0704
71 0.4397 0.4131 0.0586 0.0432 0.0456
72 0.1236 0.0421 0.1074 0.0693 0.6577
73 0.1785 0.0395 0.0898 0.0884 0.6040
74 0.1917 0.0438 0.1218 0.0705 0.5723
75 0.4690 0.0983 0.1409 0.0703 0.2216
76 0.1875 0.0554 0.1309 0.5913 0.0352
77 0.1632 0.0596 0.1301 0.6357 0.0116
78 0.2273 0.1855 0.3308 0.0527 0.2037
79 0.1810 0.2494 0.4341 0.0307 0.1047
80 0.4316 0.1962 0.2422 0.0469 0.0831
81 0.2693 0.2529 0.2610 0.0200 0.1970
82 0.1311 0.1045 0.0248 0.1921 0.5474
83 0.1175 0.2355 0.4907 0.1095 0.0467
84 0.0575 0.0301 0.0511 0.5762 0.2852
85 0.3708 0.1985 0.3171 0.0629 0.0506
86 0.1823 0.0771 0.6562 0.0784 0.0060
87 0.0498 0.1620 0.3271 0.4333 0.0277
88 0.5166 0.2007 0.1730 0.0187 0.0912
89 0.0502 0.1224 0.3711 0.4475 0.0088
90 0.1342 0.1147 0.5645 0.1696 0.0169
91 0.0693 0.1266 0.4282 0.3496 0.0263
92 0.1642 0.0858 0.1846 0.5342 0.0313
93 0.0470 0.0409 0.1890 0.7021 0.0210
94 0.1606 0.0591 0.1157 0.4797 0.1849
95 0.1334 0.0338 0.0875 0.4446 0.3008
96 0.2456 0.0862 0.3923 0.2654 0.0104
97 0.3208 0.1915 0.2222 0.2440 0.0213
98 0.2029 0.2299 0.3762 0.1722 0.0189
99 0.2291 0.1091 0.1236 0.4775 0.0607
100 0.4321 0.0763 0.2295 0.2207 0.0415
101 0.1639 0.0705 0.0799 0.6743 0.0113
102 0.2537 0.0884 0.2120 0.4119 0.0341
103 0.1185 0.2080 0.2510 0.3274 0.0952
104 0.2534 0.2573 0.1142 0.2236 0.1514
105 0.2209 0.1036 0.3044 0.3091 0.0619
106 0.2367 0.5952 0.1328 0.0125 0.0229
107 0.1428 0.0449 0.3071 0.4609 0.0443
108 0.2115 0.1647 0.2913 0.1740 0.1584
109 0.1670 0.1395 0.1395 0.3347 0.2195
110 0.4456 0.1100 0.1516 0.0580 0.2347
111 0.2576 0.0173 0.2039 0.3206 0.2007
112 0.1981 0.0590 0.3369 0.3215 0.0845
113 0.2593 0.0230 0.0465 0.3276 0.3435
114 0.5815 0.0262 0.0504 0.1788 0.1628
115 0.2791 0.0706 0.1329 0.4531 0.0643
116 0.0791 0.0779 0.4844 0.2717 0.0869
117 0.0533 0.0591 0.2732 0.4792 0.1351
118 0.2477 0.1562 0.2006 0.1770 0.2185
119 0.1293 0.0400 0.0916 0.0725 0.6665
120 0.3660 0.2119 0.2119 0.0346 0.1757
121 0.0440 0.0115 0.0370 0.5977 0.3101
122 0.1073 0.0162 0.0458 0.2134 0.6172
123 0.3877 0.0886 0.0595 0.4360 0.0281
124 0.2367 0.2367 0.1829 0.3088 0.0349
125 0.2725 0.2744 0.1516 0.1843 0.1171
126 0.2786 0.2966 0.2239 0.0598 0.1412
127 0.5918 0.0801 0.0826 0.1593 0.0859
128 0.1678 0.0756 0.1190 0.2089 0.4287
129 0.3171 0.0998 0.2588 0.2844 0.0397
130 0.2142 0.0659 0.1472 0.5303 0.0425
131 0.3372 0.0372 0.0393 0.4194 0.1669
132 0.0306 0.1373 0.3452 0.4431 0.0439
133 0.2030 0.0159 0.0782 0.2161 0.4868
134 0.2101 0.1356 0.1245 0.1466 0.3833
135 0.0989 0.0752 0.4944 0.2952 0.0364
136 0.1816 0.0590 0.1733 0.3091 0.2771
137 0.1179 0.2576 0.1033 0.3413 0.1798
138 0.1672 0.0135 0.2891 0.0754 0.4548
139 0.0531 0.0526 0.2983 0.2632 0.3328
140 0.0654 0.0456 0.3167 0.2078 0.3645
141 0.0409 0.0350 0.0865 0.6807 0.1567
142 0.0684 0.1641 0.4124 0.1859 0.1693
143 0.0816 0.0671 0.6030 0.1783 0.0698
144 0.0561 0.2069 0.0761 0.0480 0.6128
145 0.0930 0.1194 0.1282 0.5479 0.1113
146 0.0522 0.0640 0.0370 0.5112 0.3354
147 0.0867 0.1114 0.4839 0.3125 0.0055
148 0.0643 0.0550 0.0807 0.0521 0.7480
149 0.2111 0.4646 0.1332 0.0735 0.1175
150 0.1602 0.2089 0.3904 0.2089 0.0318
151 0.1273 0.0848 0.2737 0.4956 0.0188
152 0.0981 0.0729 0.3586 0.4534 0.0169
153 0.0814 0.0696 0.1646 0.6211 0.0634
154 0.0933 0.0349 0.3013 0.5044 0.0662
155 0.2235 0.2324 0.3772 0.1512 0.0156
156 0.0983 0.1030 0.2113 0.5835 0.0040
157 0.1349 0.1626 0.2330 0.4634 0.0062
158 0.3215 0.1832 0.1981 0.1249 0.1721
159 0.4146 0.0715 0.0693 0.2085 0.2362
160 0.3486 0.3596 0.1865 0.0397 0.0655
161 0.1838 0.1047 0.4695 0.0666 0.1754
162 0.4282 0.0817 0.0994 0.1390 0.2517
163 0.3186 0.3813 0.1602 0.0459 0.0942
164 0.0767 0.0511 0.3032 0.5405 0.0286
165 0.0297 0.1376 0.4438 0.3796 0.0091
166 0.5381 0.0942 0.2705 0.0865 0.0104
167 0.3057 0.0588 0.0883 0.5322 0.0149
168 0.2051 0.1572 0.0401 0.5889 0.0091
169 0.0544 0.0163 0.8242 0.0656 0.0398
170 0.2391 0.1863 0.3372 0.1819 0.0555
171 0.1349 0.2242 0.1127 0.4673 0.0608
172 0.3301 0.1560 0.3684 0.1089 0.0367
173 0.5342 0.0663 0.1875 0.1935 0.0184
174 0.2238 0.0338 0.0544 0.6787 0.0096
175 0.1125 0.2805 0.3081 0.2805 0.0184
176 0.1914 0.2783 0.4180 0.0476 0.0646
177 0.3271 0.2284 0.2063 0.0685 0.1697
178 0.2106 0.0536 0.4895 0.2172 0.0292
179 0.3567 0.0596 0.0960 0.0960 0.3918
180 0.2286 0.1660 0.4993 0.0731 0.0329
181 0.1438 0.0275 0.2028 0.4866 0.1394
182 0.1360 0.0402 0.1403 0.6484 0.0349
183 0.1284 0.0732 0.1116 0.6128 0.0743
184 0.1423 0.0383 0.2347 0.0558 0.5288
185 0.3398 0.2751 0.1193 0.0356 0.2300
186 0.2642 0.0299 0.1995 0.4092 0.0972
187 0.1207 0.1649 0.4246 0.2615 0.0284
188 0.0201 0.0547 0.8286 0.0795 0.0169
189 0.4148 0.0444 0.1885 0.3494 0.0029
190 0.1979 0.1191 0.3040 0.2812 0.0980
191 0.1952 0.0242 0.1279 0.6450 0.0077
192 0.0309 0.0803 0.5151 0.1925 0.1809
193 0.0381 0.1805 0.6401 0.1406 0.0005
194 0.0173 0.0534 0.5308 0.2839 0.1147
195 0.1603 0.0328 0.1437 0.6538 0.0094
196 0.2952 0.0654 0.2585 0.3762 0.0046
197 0.2556 0.1017 0.1504 0.4778 0.0144
198 0.2881 0.0567 0.1707 0.4531 0.0316
199 0.3625 0.1796 0.1377 0.0748 0.2454
200 0.2563 0.1818 0.4128 0.1331 0.0159
201 0.1532 0.1593 0.4329 0.2391 0.0155
202 0.1567 0.2930 0.3044 0.2372 0.0086
203 0.1832 0.0839 0.3616 0.3396 0.0316
204 0.4956 0.2532 0.0725 0.1334 0.0454
205 0.3933 0.2661 0.1447 0.0927 0.1034
206 0.0988 0.0886 0.3091 0.3728 0.1309
207 0.2034 0.1534 0.5356 0.0748 0.0327
208 0.1405 0.3762 0.4067 0.0701 0.0065
209 0.1429 0.3977 0.3074 0.1332 0.0188
210 0.0229 0.0485 0.8604 0.0674 0.0010
211 0.0892 0.1747 0.5908 0.1102 0.0352
212 0.0138 0.0317 0.9253 0.0284 0.0007
213 0.0246 0.1554 0.7891 0.0301 0.0007
214 0.0245 0.1168 0.3711 0.4546 0.0329
215 0.0316 0.0277 0.0794 0.7305 0.1310
216 0.0138 0.0162 0.1194 0.7314 0.1194
217 0.1786 0.0884 0.1218 0.0699 0.5415
218 0.2798 0.0894 0.3220 0.1938 0.1149
219 0.3572 0.1324 0.1293 0.2100 0.1713
220 0.5347 0.0746 0.0718 0.1508 0.1682
221 0.1318 0.0489 0.2208 0.5464 0.0520
222 0.0453 0.2712 0.3650 0.2629 0.0555
223 0.6743 0.1704 0.0338 0.0603 0.0612
224 0.3333 0.1433 0.1456 0.0836 0.2942
225 0.0521 0.2776 0.1321 0.1984 0.3401
226 0.1057 0.0710 0.4248 0.3157 0.0830
227 0.0617 0.0320 0.0421 0.1638 0.7007
228 0.0809 0.0450 0.1443 0.4514 0.2781
229 0.1234 0.0317 0.2610 0.1534 0.4304
230 0.0544 0.0204 0.1652 0.7520 0.0084
231 0.1349 0.2683 0.4221 0.1436 0.0311
232 0.0522 0.0736 0.6768 0.1711 0.0264
233 0.1594 0.4006 0.1968 0.1923 0.0509
234 0.1204 0.1242 0.2267 0.4990 0.0297
235 0.1543 0.1221 0.4194 0.0865 0.2177
236 0.1226 0.1116 0.4924 0.1207 0.1526
237 0.1159 0.1881 0.4656 0.2003 0.0300
238 0.0407 0.0862 0.3926 0.4590 0.0215
239 0.5361 0.1810 0.0693 0.0511 0.1624
240 0.6484 0.1018 0.0349 0.0524 0.1626
241 0.6338 0.1437 0.0240 0.0571 0.1414
242 0.4949 0.1148 0.0406 0.0807 0.2690
243 0.2649 0.1311 0.1907 0.3047 0.1086
244 0.2649 0.1311 0.1907 0.3047 0.1086
245 0.5991 0.1246 0.0401 0.0919 0.1445
246 0.6011 0.1260 0.0400 0.0901 0.1428
247 0.6011 0.1260 0.0400 0.0901 0.1428
248 0.6011 0.1260 0.0400 0.0901 0.1428
249 0.6011 0.1260 0.0400 0.0901 0.1428
250 0.6011 0.1260 0.0400 0.0901 0.1428
251 0.6011 0.1260 0.0400 0.0901 0.1428
252 0.6011 0.1260 0.0400 0.0901 0.1428
253 0.6011 0.1260 0.0400 0.0901 0.1428
254 0.6011 0.1260 0.0400 0.0901 0.1428
