time exciting_prob fearful_prob tense_prob sad_prob relaxing_prob
0 0.2037 0.2830 0.2496 0.2310 0.0327
1 0.0210 0.0291 0.5498 0.2517 0.1481
2 0.1465 0.1488 0.4656 0.1823 0.0569
3 0.0325 0.0986 0.1901 0.2639 0.4150
4 0.1033 0.0598 0.2478 0.5586 0.0305
5 0.0998 0.0754 0.2357 0.5483 0.0410
6 0.0882 0.1000 0.2551 0.5234 0.0330
7 0.1167 0.0815 0.2888 0.4543 0.0587
8 0.0623 0.0706 0.3936 0.4675 0.0061
9 0.0076 0.1547 0.1647 0.6509 0.0221
10 0.0311 0.0944 0.2998 0.5688 0.0056
11 0.1097 0.1159 0.4656 0.1132 0.1956
12 0.0724 0.0991 0.4990 0.1429 0.1865
13 0.0064 0.3486 0.1851 0.4270 0.0329
14 0.0184 0.1946 0.2832 0.4893 0.0145
15 0.0173 0.4407 0.4729 0.0543 0.0148
16 0.0222 0.4282 0.4558 0.0699 0.0238
17 0.2122 0.4058 0.2944 0.0193 0.0684
18 0.0706 0.4094 0.4861 0.0217 0.0122
19 0.0256 0.1243 0.3376 0.5068 0.0053
20 0.0097 0.3127 0.3176 0.3542 0.0058
21 0.0095 0.3999 0.4324 0.1482 0.0102
22 0.0118 0.4910 0.3481 0.1140 0.0350
23 0.0143 0.4624 0.3438 0.1675 0.0121
24 0.1576 0.2189 0.4780 0.0971 0.0485
25 0.0062 0.4089 0.2766 0.2991 0.0090
26 0.0062 0.2964 0.2068 0.4734 0.0172
27 0.0405 0.5093 0.1788 0.2010 0.0701
28 0.0393 0.0609 0.3616 0.5181 0.0201
29 0.0031 0.0729 0.2076 0.7139 0.0027
30 0.0635 0.1741 0.4309 0.2654 0.0661
31 0.0970 0.1885 0.4592 0.0383 0.2169
32 0.0991 0.3301 0.3101 0.2216 0.0391
33 0.0490 0.2046 0.2178 0.3508 0.1777
34 0.1940 0.3005 0.3918 0.0498 0.0640
35 0.0641 0.1958 0.2595 0.1958 0.2849
36 0.1431 0.2183 0.3149 0.1089 0.2148
37 0.0227 0.2153 0.1842 0.5674 0.0103
38 0.0310 0.4414 0.3179 0.1869 0.0230
39 0.0356 0.6460 0.2529 0.0314 0.0340
40 0.0078 0.2908 0.2161 0.4795 0.0059
41 0.0478 0.1833 0.4004 0.3269 0.0416
42 0.0391 0.1698 0.4836 0.2798 0.0277
43 0.0282 0.2593 0.6318 0.0709 0.0100
44 0.0110 0.3950 0.4839 0.0719 0.0382
45 0.0367 0.4761 0.2671 0.1429 0.0771
46 0.0336 0.2812 0.5771 0.0558 0.0524
47 0.1045 0.1670 0.5308 0.1724 0.0254
48 0.1924 0.1924 0.0748 0.4915 0.0490
49 0.2161 0.4297 0.1968 0.0471 0.1104
50 0.0136 0.5039 0.4177 0.0491 0.0156
51 0.0173 0.0280 0.0434 0.8999 0.0113
52 0.0616 0.0210 0.2152 0.6323 0.0698
53 0.0453 0.2732 0.4797 0.1322 0.0696
54 0.0579 0.2827 0.4048 0.0911 0.1636
55 0.0818 0.2258 0.4856 0.1317 0.0751
56 0.0311 0.1044 0.6704 0.1077 0.0865
57 0.0283 0.1483 0.3291 0.1654 0.3291
58 0.0338 0.1854 0.5537 0.0389 0.1884
59 0.1713 0.3328 0.3950 0.0625 0.0385
60 0.0345 0.1252 0.4370 0.2064 0.1969
61 0.0112 0.1154 0.6851 0.1392 0.0492
62 0.0731 0.0854 0.4336 0.3948 0.0130
63 0.0273 0.0922 0.2467 0.0513 0.5825
64 0.0999 0.0370 0.3652 0.4619 0.0359
65 0.3330 0.0726 0.5405 0.0359 0.0177
66 0.4961 0.1727 0.2167 0.0704 0.0440
67 0.0472 0.0743 0.0495 0.0052 0.8237
68 0.0370 0.0681 0.2737 0.3301 0.2913
69 0.0670 0.1053 0.3193 0.0361 0.4722
70 0.0784 0.1334 0.3625 0.3625 0.0630
71 0.0253 0.1635 0.0977 0.0033 0.7104
72 0.0161 0.0572 0.6650 0.2299 0.0316
73 0.0287 0.1160 0.8184 0.0110 0.0261
74 0.0241 0.1620 0.7036 0.0446 0.0655
75 0.0994 0.0831 0.3086 0.0768 0.4319
76 0.1432 0.1897 0.3892 0.0743 0.2035
77 0.0723 0.0690 0.1736 0.4944 0.1907
78 0.0609 0.0329 0.1508 0.1682 0.5874
79 0.0860 0.0916 0.3621 0.3794 0.0808
80 0.1737 0.2336 0.2732 0.2411 0.0783
81 0.3518 0.2253 0.2739 0.0120 0.1367
82 0.0482 0.3765 0.3025 0.2112 0.0615
83 0.0549 0.1692 0.4121 0.2747 0.0892
84 0.0369 0.5293 0.2009 0.1200 0.1127
85 0.0207 0.0934 0.2971 0.0424 0.5464
86 0.0789 0.0827 0.4070 0.4199 0.0115
87 0.2064 0.1594 0.4368 0.1725 0.0248
88 0.3330 0.2474 0.2554 0.1151 0.0491
89 0.3101 0.1608 0.3125 0.0522 0.1647
90 0.3083 0.1870 0.3550 0.0327 0.1170
91 0.2842 0.2649 0.3591 0.0446 0.0471
92 0.3906 0.0845 0.2622 0.1360 0.1268
93 0.2139 0.3210 0.3752 0.0466 0.0431
94 0.2603 0.2141 0.4226 0.0125 0.0906
95 0.2878 0.2462 0.1705 0.2260 0.0695
96 0.1138 0.3242 0.3760 0.1212 0.0648
97 0.2034 0.2377 0.3198 0.0450 0.1940
98 0.1516 0.0799 0.3364 0.3813 0.0508
99 0.1771 0.1009 0.5288 0.1676 0.0257
100 0.2766 0.1180 0.5371 0.0320 0.0363
101 0.1177 0.0506 0.4878 0.3406 0.0032
102 0.0723 0.1530 0.7300 0.0387 0.0064
103 0.4639 0.3018 0.1720 0.0180 0.0445
104 0.1665 0.2460 0.3159 0.0276 0.2441
105 0.0867 0.2017 0.2800 0.3540 0.0778
106 0.1403 0.1626 0.3840 0.1978 0.1154
107 0.2603 0.2749 0.3477 0.0396 0.0776
108 0.1104 0.2196 0.5146 0.0324 0.1232
109 0.3054 0.2416 0.3303 0.0835 0.0391
110 0.3230 0.2554 0.3179 0.0251 0.0786
111 0.1123 0.0681 0.6069 0.1881 0.0243
112 0.1621 0.0596 0.4238 0.3379 0.0166
113 0.1042 0.1127 0.4705 0.2520 0.0608
114 0.1542 0.0825 0.2012 0.1494 0.4126
115 0.1471 0.1163 0.3813 0.3262 0.0290
116 0.3301 0.1534 0.3052 0.1168 0.0945
117 0.0712 0.2881 0.5381 0.0250 0.0775
118 0.0809 0.4043 0.3979 0.0670 0.0498
119 0.1361 0.1981 0.4260 0.1860 0.0537
120 0.3091 0.0886 0.1996 0.3730 0.0297
121 0.1147 0.2976 0.4644 0.1174 0.0059
122 0.1503 0.0637 0.2988 0.4348 0.0523
123 0.3687 0.1056 0.2893 0.0407 0.1958
124 0.0998 0.0834 0.3484 0.0282 0.4404
125 0.1755 0.2438 0.2805 0.2554 0.0447
126 0.5225 0.0900 0.3167 0.0046 0.0664
127 0.5869 0.0813 0.2280 0.0072 0.0966
128 0.0650 0.0475 0.5884 0.2959 0.0031
129 0.1161 0.1050 0.5542 0.2205 0.0042
130 0.0933 0.1827 0.5205 0.0986 0.1049
131 0.1389 0.1716 0.4382 0.1305 0.1207
132 0.1106 0.0400 0.0620 0.7676 0.0197
133 0.5283 0.2102 0.0849 0.1478 0.0287
134 0.0864 0.1190 0.5415 0.2480 0.0048
135 0.3835 0.1315 0.4380 0.0386 0.0083
136 0.0146 0.4099 0.2646 0.0880 0.2229
137 0.0878 0.3113 0.4822 0.0393 0.0793
138 0.2705 0.1566 0.2791 0.1934 0.1003
139 0.0510 0.0486 0.3198 0.0367 0.5439
140 0.0795 0.1617 0.4397 0.0306 0.2883
141 0.0547 0.2549 0.2979 0.2888 0.1038
142 0.0679 0.3342 0.2059 0.2262 0.1655
143 0.0961 0.4014 0.2131 0.1141 0.1753
144 0.0996 0.1289 0.5962 0.1630 0.0126
145 0.0568 0.0944 0.4944 0.2817 0.0729
146 0.0784 0.0975 0.2471 0.4993 0.0778
147 0.1132 0.1838 0.4995 0.1205 0.0828
148 0.1362 0.1968 0.5391 0.0350 0.0930
149 0.1377 0.2344 0.3894 0.0698 0.1688
150 0.0826 0.1037 0.5781 0.0258 0.2095
151 0.0785 0.2457 0.3630 0.0593 0.2534
152 0.1096 0.1685 0.2910 0.0629 0.3679
153 0.0300 0.2778 0.5791 0.0026 0.1105
154 0.0715 0.2324 0.1525 0.4587 0.0848
155 0.2952 0.4065 0.2280 0.0221 0.0482
156 0.2932 0.2062 0.3071 0.0713 0.1222
157 0.2649 0.2690 0.3098 0.1396 0.0167
158 0.0368 0.0495 0.1810 0.7271 0.0056
159 0.0735 0.0730 0.5269 0.3247 0.0020
160 0.2350 0.1482 0.3367 0.2296 0.0504
161 0.0275 0.1953 0.7261 0.0423 0.0090
162 0.0621 0.3440 0.5762 0.0152 0.0027
163 0.2158 0.1567 0.4194 0.1580 0.0501
164 0.4170 0.2113 0.2568 0.0514 0.0635
165 0.0894 0.1094 0.5386 0.1643 0.0981
166 0.1699 0.2034 0.3596 0.0101 0.2571
167 0.0573 0.1779 0.6016 0.0269 0.1364
168 0.0282 0.1768 0.6880 0.0828 0.0243
169 0.0992 0.3464 0.4590 0.0704 0.0249
170 0.1125 0.3359 0.4382 0.0993 0.0141
171 0.0640 0.2180 0.4990 0.2113 0.0078
172 0.0668 0.2042 0.3699 0.0378 0.3213
173 0.0426 0.4077 0.3328 0.1039 0.1132
174 0.0136 0.0284 0.0348 0.0539 0.8691
175 0.0065 0.4641 0.2952 0.2262 0.0080
176 0.0064 0.4861 0.3967 0.0988 0.0123
177 0.0476 0.2576 0.5454 0.0317 0.1179
178 0.2415 0.1686 0.3052 0.1725 0.1123
179 0.1904 0.1415 0.3672 0.0467 0.2544
180 0.0778 0.1418 0.5396 0.1659 0.0748
181 0.0927 0.3611 0.3501 0.1553 0.0408
182 0.2281 0.1373 0.5474 0.0664 0.0211
183 0.1575 0.1664 0.5542 0.0978 0.0242
184 0.0779 0.1316 0.2830 0.0829 0.4246
185 0.0627 0.1092 0.1873 0.2156 0.4253
186 0.1931 0.2056 0.2944 0.0844 0.2223
187 0.0436 0.2145 0.4070 0.1570 0.1779
188 0.1345 0.2252 0.3127 0.0682 0.2593
189 0.1406 0.3914 0.2095 0.0707 0.1877
190 0.0448 0.4490 0.3389 0.1504 0.0171
191 0.0574 0.3201 0.2781 0.2825 0.0620
192 0.0401 0.3008 0.4309 0.1688 0.0592
193 0.1021 0.0795 0.3049 0.4507 0.0629
194 0.1351 0.0546 0.2126 0.5103 0.0873
195 0.1555 0.0609 0.1174 0.5776 0.0886
196 0.0384 0.1777 0.2318 0.5142 0.0378
197 0.0771 0.1149 0.4104 0.0119 0.3855
198 0.0785 0.1624 0.2380 0.1525 0.3687
199 0.0140 0.4363 0.0922 0.3850 0.0723
200 0.0851 0.0623 0.2350 0.5376 0.0800
201 0.2893 0.1187 0.3176 0.2288 0.0457
202 0.1290 0.0551 0.1157 0.5518 0.1486
203 0.0753 0.1406 0.2754 0.4402 0.0685
204 0.1284 0.3894 0.3804 0.0434 0.0583
205 0.0972 0.3530 0.1654 0.2124 0.1720
206 0.0388 0.1752 0.2712 0.3223 0.1924
207 0.0291 0.1000 0.2019 0.6416 0.0273
208 0.1598 0.2739 0.3987 0.1444 0.0234
209 0.0806 0.1299 0.3315 0.2075 0.2502
210 0.0158 0.2252 0.0984 0.0855 0.5752
211 0.1869 0.0688 0.2118 0.4700 0.0626
212 0.1494 0.1460 0.2749 0.2124 0.2174
213 0.1288 0.1707 0.4529 0.1051 0.1426
214 0.0392 0.0721 0.1065 0.7280 0.0544
215 0.0942 0.2600 0.1858 0.3418 0.1181
216 0.0529 0.1372 0.2729 0.4944 0.0425
217 0.0585 0.0508 0.2312 0.6187 0.0408
218 0.0623 0.1298 0.4822 0.3213 0.0045
219 0.1279 0.1920 0.1846 0.0350 0.4604
220 0.1284 0.1913 0.3330 0.1661 0.1810
221 0.0865 0.1471 0.3938 0.3164 0.0563
222 0.0681 0.0945 0.4172 0.3352 0.0848
223 0.0482 0.0900 0.2297 0.5776 0.0546
224 0.2837 0.2192 0.2749 0.1616 0.0604
225 0.0451 0.1432 0.2218 0.5322 0.0579
226 0.1711 0.1711 0.5698 0.0370 0.0506
227 0.1138 0.0770 0.4363 0.3616 0.0114
228 0.0437 0.1469 0.4741 0.1691 0.1664
229 0.0285 0.2177 0.5469 0.0788 0.1279
230 0.1340 0.3115 0.4604 0.0658 0.0281
231 0.1345 0.1782 0.4480 0.1648 0.0743
232 0.1481 0.0536 0.2441 0.3965 0.1577
233 0.0768 0.0793 0.3965 0.4221 0.0251
234 0.0450 0.0615 0.0719 0.7729 0.0486
235 0.0907 0.1616 0.4827 0.0996 0.1655
236 0.2339 0.1014 0.3123 0.2690 0.0834
237 0.0437 0.1082 0.6274 0.0667 0.1538
238 0.0473 0.2559 0.5586 0.0154 0.1227
239 0.0600 0.3318 0.5303 0.0344 0.0435
240 0.1348 0.3440 0.3132 0.1650 0.0431
241 0.2949 0.2124 0.3970 0.0339 0.0618
242 0.1510 0.1608 0.3916 0.1879 0.1088
243 0.0919 0.3777 0.1991 0.1041 0.2273
244 0.1345 0.1000 0.2252 0.4695 0.0709
245 0.0526 0.1395 0.1670 0.0058 0.6353
246 0.3115 0.1146 0.1394 0.1761 0.2583
247 0.0637 0.1171 0.3083 0.1503 0.3606
248 0.3118 0.2391 0.2410 0.0801 0.1279
249 0.0964 0.1470 0.2386 0.4819 0.0360
250 0.1871 0.1171 0.3811 0.2681 0.0466
251 0.1332 0.1281 0.2671 0.2469 0.2249
252 0.1716 0.3960 0.3333 0.0662 0.0330
253 0.0338 0.0949 0.6797 0.0695 0.1219
254 0.1086 0.4678 0.2859 0.0387 0.0988
255 0.0850 0.4597 0.3362 0.0107 0.1083
256 0.0998 0.0960 0.1725 0.6021 0.0297
257 0.1466 0.2494 0.4111 0.1661 0.0269
258 0.1892 0.3071 0.2247 0.2546 0.0241
259 0.1906 0.0475 0.2605 0.4644 0.0370
260 0.1494 0.1011 0.2749 0.4324 0.0421
261 0.0294 0.3093 0.2817 0.2335 0.1461
262 0.0791 0.0797 0.1825 0.2344 0.4243
263 0.2037 0.2830 0.2496 0.2310 0.0327
264 0.2037 0.2830 0.2496 0.2310 0.0327
