time exciting_prob fearful_prob tense_prob sad_prob relaxing_prob
0 0.2037 0.2830 0.2496 0.2310 0.0327
1 0.0412 0.2488 0.4231 0.2062 0.0807
2 0.0806 0.1788 0.2406 0.4937 0.0065
3 0.0912 0.4351 0.2854 0.1827 0.0057
4 0.0581 0.4128 0.4751 0.0367 0.0173
5 0.0268 0.3345 0.6152 0.0156 0.0081
6 0.0651 0.1884 0.4312 0.3010 0.0145
7 0.0427 0.1912 0.5117 0.2306 0.0237
8 0.1154 0.5591 0.2225 0.0851 0.0177
9 0.0610 0.4009 0.1864 0.3376 0.0142
10 0.0473 0.3386 0.5669 0.0395 0.0074
11 0.1018 0.3110 0.2620 0.3015 0.0236
12 0.1595 0.1547 0.5747 0.0923 0.0186
13 0.1541 0.2703 0.4600 0.1010 0.0147
14 0.1473 0.2886 0.2467 0.3120 0.0056
15 0.1637 0.1742 0.1315 0.5283 0.0024
16 0.2220 0.4773 0.2556 0.0430 0.0021
17 0.3066 0.3020 0.1011 0.2837 0.0064
18 0.2837 0.1949 0.3643 0.1531 0.0040
19 0.2903 0.1788 0.4290 0.0988 0.0034
20 0.1066 0.1118 0.2329 0.5332 0.0157
21 0.0265 0.4417 0.5083 0.0229 0.0009
22 0.0157 0.6528 0.2720 0.0593 0.0003
23 0.1099 0.4556 0.3633 0.0688 0.0024
24 0.0828 0.2114 0.5840 0.1215 0.0004
25 0.0494 0.2162 0.4949 0.2374 0.0023
26 0.0434 0.0500 0.2966 0.6089 0.0011
27 0.0931 0.1851 0.6772 0.0433 0.0014
28 0.1295 0.2401 0.2678 0.3440 0.0184
29 0.3311 0.2620 0.2922 0.0844 0.0305
30 0.2126 0.2046 0.3882 0.1833 0.0112
31 0.1161 0.2069 0.2006 0.4663 0.0100
32 0.1366 0.2695 0.2961 0.2915 0.0062
33 0.2043 0.4534 0.2262 0.1011 0.0152
34 0.1991 0.4487 0.2786 0.0672 0.0062
35 0.3599 0.3328 0.1713 0.1263 0.0097
36 0.0682 0.6943 0.2037 0.0327 0.0008
37 0.0451 0.6230 0.2257 0.1050 0.0010
38 0.0801 0.3943 0.4983 0.0129 0.0146
39 0.0969 0.5322 0.3545 0.0076 0.0089
40 0.1107 0.3687 0.5039 0.0096 0.0071
41 0.0858 0.5420 0.3608 0.0074 0.0041
42 0.0423 0.5659 0.3831 0.0056 0.0030
43 0.1418 0.1893 0.4578 0.1908 0.0203
44 0.1649 0.0698 0.2871 0.4448 0.0332
45 0.2673 0.2181 0.3950 0.1088 0.0108
46 0.1456 0.0710 0.4348 0.3230 0.0255
47 0.2461 0.0956 0.1652 0.4744 0.0188
48 0.2327 0.2515 0.2185 0.2896 0.0078
49 0.1062 0.5830 0.2568 0.0406 0.0133
50 0.0455 0.2988 0.6328 0.0155 0.0075
51 0.1038 0.3594 0.5146 0.0101 0.0120
52 0.1761 0.1831 0.5054 0.0950 0.0402
53 0.1037 0.5225 0.3022 0.0649 0.0067
54 0.1100 0.5767 0.2056 0.0963 0.0116
55 0.2991 0.3364 0.1338 0.2206 0.0101
56 0.1602 0.6089 0.1553 0.0673 0.0082
57 0.0980 0.4783 0.3340 0.0763 0.0136
58 0.0510 0.5879 0.2529 0.1006 0.0073
59 0.0844 0.3525 0.4458 0.1110 0.0064
60 0.1523 0.2869 0.3079 0.2512 0.0018
61 0.0596 0.5029 0.4043 0.0198 0.0131
62 0.0307 0.4880 0.4443 0.0312 0.0059
63 0.0790 0.0376 0.0754 0.8042 0.0036
64 0.1484 0.1300 0.1605 0.5562 0.0048
65 0.0606 0.1366 0.5488 0.2323 0.0219
66 0.0218 0.3896 0.5327 0.0480 0.0080
67 0.0248 0.3318 0.6011 0.0358 0.0065
68 0.0855 0.1224 0.4548 0.3079 0.0293
69 0.2142 0.1240 0.4329 0.2109 0.0181
70 0.2957 0.2339 0.1765 0.2910 0.0030
71 0.2097 0.1292 0.2866 0.3682 0.0064
72 0.1632 0.4543 0.1793 0.2015 0.0017
73 0.0642 0.5088 0.2367 0.1873 0.0030
74 0.1021 0.1332 0.5435 0.2063 0.0149
75 0.2219 0.2576 0.3926 0.0842 0.0437
76 0.0590 0.4031 0.4861 0.0489 0.0030
77 0.1898 0.1016 0.4019 0.2805 0.0261
78 0.0143 0.6841 0.2681 0.0330 0.0005
79 0.0375 0.5645 0.3760 0.0168 0.0053
80 0.1685 0.1418 0.3735 0.3049 0.0112
81 0.0092 0.3901 0.1786 0.4216 0.0005
82 0.0616 0.1610 0.5039 0.2494 0.0241
83 0.0085 0.1326 0.0588 0.7993 0.0009
84 0.0398 0.4280 0.4414 0.0721 0.0187
85 0.0823 0.1197 0.7217 0.0661 0.0101
86 0.0549 0.1653 0.7295 0.0392 0.0112
87 0.0998 0.2451 0.4761 0.1698 0.0092
88 0.0656 0.2764 0.5942 0.0544 0.0096
89 0.1555 0.0859 0.3672 0.1351 0.2563
90 0.1770 0.0704 0.4963 0.1490 0.1074
91 0.1212 0.2773 0.5264 0.0619 0.0131
92 0.0377 0.1588 0.7012 0.0811 0.0213
93 0.0177 0.0278 0.9053 0.0480 0.0011
94 0.0308 0.2742 0.6182 0.0750 0.0019
95 0.0445 0.3164 0.6294 0.0086 0.0010
96 0.0378 0.4026 0.5171 0.0396 0.0031
97 0.1749 0.3479 0.3943 0.0770 0.0056
98 0.5024 0.2095 0.2247 0.0409 0.0222
99 0.2047 0.3945 0.1096 0.2732 0.0180
100 0.1418 0.3540 0.1476 0.3198 0.0370
101 0.0252 0.2815 0.5342 0.1530 0.0064
102 0.0263 0.3513 0.5112 0.1047 0.0064
103 0.0599 0.2581 0.6191 0.0585 0.0041
104 0.0815 0.2214 0.5742 0.1185 0.0042
105 0.0101 0.4934 0.4858 0.0098 0.0009
106 0.0381 0.7070 0.2482 0.0057 0.0011
107 0.0231 0.3723 0.5947 0.0062 0.0038
108 0.0355 0.4902 0.4678 0.0051 0.0013
109 0.0993 0.1246 0.4927 0.2764 0.0071
110 0.2908 0.1231 0.4070 0.1332 0.0460
111 0.1851 0.1558 0.3567 0.2866 0.0159
112 0.0853 0.3323 0.5146 0.0577 0.0102
113 0.0535 0.0523 0.7988 0.0911 0.0041
114 0.1112 0.1617 0.5962 0.1174 0.0133
115 0.2186 0.3257 0.4314 0.0075 0.0166
116 0.1085 0.3420 0.4822 0.0604 0.0069
117 0.1461 0.2563 0.5342 0.0623 0.0009
118 0.0859 0.3452 0.5518 0.0087 0.0082
119 0.0476 0.4412 0.4922 0.0152 0.0038
120 0.0996 0.0921 0.7305 0.0663 0.0117
121 0.0779 0.2942 0.3232 0.2988 0.0058
122 0.2168 0.3574 0.3306 0.0911 0.0039
123 0.2432 0.2671 0.4368 0.0112 0.0419
124 0.2644 0.2012 0.5176 0.0067 0.0102
125 0.2147 0.2715 0.4338 0.0578 0.0221
126 0.3010 0.2698 0.3804 0.0293 0.0194
127 0.1158 0.3796 0.4951 0.0073 0.0021
128 0.1713 0.1583 0.4304 0.2303 0.0097
129 0.3350 0.2690 0.1710 0.0959 0.1292
130 0.2067 0.1500 0.4956 0.1205 0.0271
131 0.3010 0.2168 0.3203 0.1501 0.0116
132 0.1121 0.2839 0.4099 0.1876 0.0065
133 0.2209 0.1681 0.4863 0.1211 0.0035
134 0.1074 0.1207 0.7456 0.0223 0.0041
135 0.1862 0.0517 0.7134 0.0456 0.0032
136 0.3997 0.1154 0.3555 0.0717 0.0580
137 0.0897 0.2554 0.4277 0.2117 0.0157
138 0.0918 0.3748 0.4451 0.0811 0.0075
139 0.1740 0.2305 0.3005 0.2869 0.0082
140 0.0244 0.0350 0.9175 0.0221 0.0010
141 0.0970 0.2786 0.3108 0.0897 0.2239
142 0.0820 0.5225 0.3589 0.0283 0.0085
143 0.1265 0.2345 0.5581 0.0241 0.0566
144 0.0959 0.2629 0.5835 0.0175 0.0403
145 0.1158 0.1609 0.5356 0.1823 0.0054
146 0.2917 0.2986 0.3491 0.0398 0.0205
147 0.0529 0.4160 0.4500 0.0788 0.0023
148 0.0496 0.1083 0.8252 0.0154 0.0015
149 0.2815 0.2227 0.3816 0.1085 0.0058
150 0.1528 0.3235 0.5010 0.0196 0.0029
151 0.1388 0.3518 0.4553 0.0340 0.0202
152 0.0194 0.3250 0.5703 0.0790 0.0062
153 0.1997 0.5776 0.1763 0.0409 0.0053
154 0.0858 0.4600 0.3210 0.0689 0.0642
155 0.0386 0.5679 0.3667 0.0160 0.0110
156 0.1208 0.6279 0.2239 0.0076 0.0199
157 0.1982 0.0807 0.6104 0.1061 0.0044
158 0.1073 0.2052 0.5322 0.1432 0.0120
159 0.1600 0.2328 0.4966 0.1009 0.0096
160 0.0833 0.0648 0.5645 0.1310 0.1567
161 0.0952 0.0615 0.5698 0.0686 0.2048
162 0.0410 0.1294 0.5581 0.0202 0.2515
163 0.0135 0.4634 0.2405 0.2810 0.0015
164 0.0083 0.4556 0.2554 0.2805 0.0002
165 0.2346 0.2203 0.4966 0.0338 0.0145
166 0.0340 0.2034 0.7441 0.0032 0.0156
167 0.1823 0.3799 0.1376 0.0269 0.2734
168 0.1697 0.3538 0.1385 0.0753 0.2629
169 0.1409 0.2937 0.4729 0.0815 0.0109
170 0.0685 0.3481 0.5024 0.0747 0.0061
171 0.0947 0.1016 0.5454 0.2069 0.0515
172 0.1786 0.1041 0.2944 0.3665 0.0566
173 0.1296 0.2153 0.5674 0.0511 0.0366
174 0.1259 0.1803 0.4392 0.2174 0.0372
175 0.1550 0.1467 0.5205 0.1017 0.0762
176 0.1293 0.1970 0.4338 0.1794 0.0606
177 0.0699 0.3635 0.5166 0.0126 0.0371
178 0.0350 0.1643 0.3093 0.4866 0.0048
179 0.0723 0.2061 0.4294 0.2771 0.0152
180 0.0481 0.1092 0.7231 0.0637 0.0558
181 0.1322 0.2935 0.5068 0.0605 0.0070
182 0.1404 0.3669 0.4258 0.0638 0.0032
183 0.1451 0.3765 0.3914 0.0494 0.0378
184 0.0724 0.0701 0.1353 0.0770 0.6450
185 0.1243 0.0385 0.0681 0.2416 0.5273
186 0.0618 0.0935 0.6387 0.1110 0.0950
187 0.3516 0.1097 0.0946 0.4109 0.0332
188 0.0500 0.4058 0.5127 0.0145 0.0169
189 0.0478 0.2484 0.6860 0.0103 0.0076
190 0.1082 0.1143 0.4280 0.3333 0.0165
191 0.4385 0.0481 0.2039 0.2498 0.0598
192 0.4067 0.1682 0.2930 0.0776 0.0546
193 0.1710 0.1792 0.3853 0.2566 0.0079
194 0.2639 0.1317 0.3635 0.2275 0.0135
195 0.3008 0.1674 0.3953 0.1244 0.0123
196 0.5000 0.3306 0.1378 0.0184 0.0129
197 0.3118 0.3506 0.2625 0.0372 0.0378
198 0.1758 0.3110 0.4634 0.0229 0.0270
199 0.4141 0.1150 0.3486 0.0731 0.0491
200 0.5596 0.0832 0.2426 0.0585 0.0563
201 0.2529 0.0968 0.1522 0.4690 0.0291
202 0.5132 0.1229 0.2424 0.0477 0.0739
203 0.1204 0.2959 0.4653 0.1097 0.0088
204 0.3997 0.1219 0.1774 0.2242 0.0769
205 0.2561 0.0292 0.2261 0.4358 0.0529
206 0.1976 0.2722 0.1731 0.3389 0.0180
207 0.2163 0.2064 0.2180 0.3274 0.0319
208 0.2957 0.1646 0.3767 0.0526 0.1105
209 0.0837 0.1564 0.7344 0.0162 0.0090
210 0.0198 0.2209 0.2108 0.5469 0.0018
211 0.0213 0.3257 0.3013 0.3469 0.0048
212 0.3779 0.2039 0.1049 0.2764 0.0368
213 0.2620 0.3110 0.2966 0.0196 0.1109
214 0.3992 0.0891 0.0762 0.4216 0.0140
215 0.1203 0.0753 0.6353 0.1556 0.0135
216 0.1461 0.1121 0.4790 0.2076 0.0550
217 0.0721 0.1562 0.5044 0.2345 0.0327
218 0.2347 0.2104 0.1042 0.4456 0.0053
219 0.1736 0.1086 0.3792 0.3145 0.0242
220 0.3694 0.1298 0.3694 0.1190 0.0123
221 0.3408 0.2961 0.2573 0.0869 0.0191
222 0.2649 0.2231 0.3977 0.0998 0.0145
223 0.1348 0.3232 0.4595 0.0647 0.0177
224 0.2771 0.2859 0.3240 0.0165 0.0965
225 0.1790 0.0729 0.2686 0.4568 0.0228
226 0.1234 0.0479 0.1956 0.6025 0.0307
227 0.1930 0.0641 0.2239 0.4248 0.0941
228 0.0478 0.1268 0.2664 0.5381 0.0212
229 0.0397 0.0686 0.1375 0.7319 0.0224
230 0.0521 0.1121 0.2487 0.5103 0.0770
231 0.1175 0.2161 0.3245 0.3145 0.0277
232 0.3130 0.0458 0.2676 0.3601 0.0133
233 0.1450 0.1936 0.5781 0.0740 0.0093
234 0.0708 0.3147 0.5786 0.0264 0.0092
235 0.2913 0.3652 0.1132 0.1214 0.1088
236 0.3462 0.3772 0.2306 0.0130 0.0330
237 0.2316 0.0928 0.1531 0.5059 0.0166
238 0.3225 0.1115 0.1409 0.4077 0.0174
239 0.3801 0.2983 0.2217 0.0343 0.0656
240 0.1389 0.1335 0.4346 0.2827 0.0102
241 0.1477 0.6367 0.0932 0.1016 0.0208
242 0.0472 0.5796 0.2305 0.0946 0.0483
243 0.0554 0.5815 0.3162 0.0366 0.0106
244 0.0566 0.5718 0.3362 0.0312 0.0044
245 0.0331 0.5786 0.3564 0.0288 0.0032
246 0.0488 0.4246 0.4888 0.0330 0.0049
247 0.0373 0.5234 0.4138 0.0219 0.0036
248 0.0354 0.5078 0.4209 0.0324 0.0038
249 0.2075 0.1949 0.1259 0.4192 0.0525
250 0.2075 0.1949 0.1259 0.4192 0.0525
251 0.2075 0.1949 0.1259 0.4192 0.0525
