time exciting_prob fearful_prob tense_prob sad_prob relaxing_prob
0 0.2037 0.2830 0.2496 0.2310 0.0327
1 0.0375 0.3289 0.1191 0.4712 0.0435
2 0.0336 0.4600 0.1277 0.3472 0.0316
3 0.0069 0.0773 0.0507 0.8579 0.0074
4 0.0891 0.1917 0.4385 0.2275 0.0532
5 0.0863 0.1108 0.3577 0.3928 0.0523
6 0.0369 0.3667 0.1653 0.3904 0.0405
7 0.1460 0.1318 0.3137 0.1788 0.2296
8 0.2079 0.2908 0.4006 0.0509 0.0497
9 0.0859 0.1630 0.4500 0.2644 0.0369
10 0.0878 0.2463 0.2705 0.3474 0.0481
11 0.0828 0.2267 0.1440 0.4873 0.0591
12 0.0436 0.2393 0.0840 0.3823 0.2507
13 0.0503 0.2184 0.1187 0.4343 0.1782
14 0.0974 0.1605 0.1484 0.3972 0.1967
15 0.0770 0.2817 0.3047 0.2861 0.0505
16 0.0256 0.4133 0.5308 0.0214 0.0089
17 0.0362 0.4177 0.0630 0.4309 0.0523
18 0.0203 0.0754 0.0226 0.8628 0.0188
19 0.0346 0.0940 0.0804 0.5757 0.2152
20 0.0628 0.1980 0.1888 0.1747 0.3757
21 0.0378 0.1906 0.0886 0.5601 0.1230
22 0.0339 0.3240 0.1137 0.3848 0.1438
23 0.0196 0.2559 0.0706 0.5254 0.1287
24 0.0403 0.2488 0.2128 0.3245 0.1737
25 0.0396 0.4331 0.1833 0.2078 0.1362
26 0.0463 0.3164 0.1517 0.2749 0.2107
27 0.0393 0.3616 0.1763 0.1183 0.3044
28 0.0331 0.4197 0.2710 0.0873 0.1891
29 0.0289 0.4966 0.3010 0.0823 0.0911
30 0.0405 0.1259 0.3474 0.4602 0.0262
31 0.1089 0.1809 0.3030 0.3713 0.0359
32 0.0858 0.1505 0.3289 0.3967 0.0381
33 0.0494 0.3767 0.3430 0.1571 0.0736
34 0.0566 0.4180 0.2964 0.1587 0.0704
35 0.1019 0.3450 0.1965 0.3091 0.0474
36 0.1218 0.4778 0.2517 0.0933 0.0553
37 0.1613 0.3779 0.1327 0.2537 0.0744
38 0.1350 0.3240 0.1761 0.2996 0.0653
39 0.0587 0.0645 0.4138 0.4270 0.0362
40 0.0167 0.1423 0.2744 0.5459 0.0208
41 0.0200 0.1014 0.6309 0.2394 0.0087
42 0.0225 0.2041 0.5376 0.2277 0.0082
43 0.0120 0.4646 0.2688 0.2487 0.0058
44 0.3066 0.3816 0.1289 0.1667 0.0160
45 0.3525 0.4744 0.1127 0.0496 0.0108
46 0.0112 0.1121 0.1020 0.7656 0.0091
47 0.0101 0.3196 0.3977 0.2568 0.0158
48 0.0235 0.1119 0.1084 0.7524 0.0037
49 0.0797 0.2051 0.2288 0.4272 0.0592
50 0.0762 0.3132 0.2256 0.2896 0.0955
51 0.0429 0.3481 0.2015 0.3220 0.0853
52 0.0468 0.3201 0.2417 0.3252 0.0661
53 0.0164 0.1078 0.0894 0.2391 0.5474
54 0.0287 0.3313 0.2009 0.1127 0.3262
55 0.0276 0.1996 0.1279 0.0717 0.5732
56 0.0310 0.2417 0.2455 0.3103 0.1714
57 0.0692 0.2341 0.3152 0.3408 0.0407
58 0.0403 0.6611 0.1559 0.0655 0.0771
59 0.0166 0.1895 0.3379 0.4475 0.0086
60 0.0163 0.2417 0.1687 0.5708 0.0025
61 0.0252 0.4834 0.2319 0.2468 0.0126
62 0.0188 0.6851 0.1577 0.1136 0.0249
63 0.0179 0.6118 0.1476 0.2017 0.0213
64 0.0620 0.2231 0.3977 0.3003 0.0168
65 0.0618 0.1815 0.3726 0.3611 0.0233
66 0.0299 0.0551 0.0573 0.0163 0.8413
67 0.0516 0.0633 0.1288 0.0865 0.6699
68 0.0572 0.0580 0.1201 0.1830 0.5815
69 0.0616 0.1740 0.1896 0.0556 0.5195
70 0.0612 0.2534 0.2720 0.0829 0.3306
71 0.1046 0.1322 0.3767 0.3123 0.0742
72 0.0472 0.1421 0.2534 0.5039 0.0535
73 0.0347 0.1449 0.1997 0.5962 0.0246
74 0.0494 0.1476 0.3027 0.4690 0.0312
75 0.0377 0.1702 0.1000 0.4482 0.2438
76 0.0715 0.1675 0.1501 0.4922 0.1188
77 0.0753 0.1221 0.1544 0.5386 0.1094
78 0.0770 0.2059 0.1329 0.4160 0.1681
79 0.0801 0.0801 0.0982 0.3765 0.3650
80 0.1117 0.2808 0.1306 0.1827 0.2942
81 0.0828 0.2490 0.0802 0.4438 0.1442
82 0.0865 0.2091 0.2333 0.4224 0.0489
83 0.0334 0.4800 0.0821 0.1312 0.2734
84 0.0697 0.4614 0.0998 0.0468 0.3223
85 0.0325 0.2634 0.1207 0.0511 0.5322
86 0.0239 0.4011 0.0708 0.0204 0.4839
87 0.0367 0.3098 0.0634 0.0379 0.5522
88 0.0268 0.2766 0.0580 0.0247 0.6138
89 0.0445 0.2603 0.0653 0.0525 0.5776
90 0.0527 0.3660 0.0441 0.0447 0.4924
91 0.0347 0.2209 0.0521 0.2059 0.4863
92 0.0267 0.1841 0.0811 0.1091 0.5991
93 0.0173 0.1949 0.0572 0.1011 0.6294
94 0.0113 0.2445 0.1027 0.1155 0.5259
95 0.0223 0.4990 0.1006 0.1633 0.2147
96 0.0675 0.2954 0.1877 0.0759 0.3735
97 0.0129 0.2378 0.1609 0.4172 0.1713
98 0.0146 0.4702 0.1625 0.1049 0.2478
99 0.0507 0.3010 0.2576 0.3467 0.0441
100 0.2391 0.1876 0.4644 0.0740 0.0347
101 0.0643 0.3879 0.3533 0.1694 0.0250
102 0.0859 0.1095 0.2976 0.4832 0.0237
103 0.0293 0.1006 0.3567 0.5029 0.0104
104 0.0591 0.2212 0.3762 0.2976 0.0457
105 0.0354 0.1504 0.6846 0.1190 0.0106
106 0.0503 0.5752 0.1047 0.2167 0.0531
107 0.1284 0.6079 0.0836 0.1245 0.0553
108 0.0872 0.5142 0.1543 0.1669 0.0776
109 0.1049 0.4021 0.1587 0.2220 0.1125
110 0.0699 0.4150 0.2239 0.2517 0.0395
111 0.0812 0.5591 0.1505 0.1653 0.0441
112 0.0609 0.4609 0.1736 0.2078 0.0966
113 0.1020 0.4641 0.1981 0.1617 0.0740
114 0.0388 0.1923 0.1953 0.5308 0.0429
115 0.0438 0.5010 0.1932 0.2122 0.0496
116 0.0762 0.2766 0.2639 0.3184 0.0652
117 0.0347 0.4128 0.1981 0.3369 0.0174
118 0.0210 0.5723 0.0346 0.3635 0.0088
119 0.0495 0.7158 0.1007 0.0969 0.0370
120 0.0371 0.7871 0.0621 0.0767 0.0368
121 0.0328 0.6963 0.1288 0.0914 0.0504
122 0.0416 0.6069 0.1071 0.0945 0.1499
123 0.0883 0.6226 0.0955 0.0962 0.0977
124 0.0558 0.6597 0.1350 0.0892 0.0604
125 0.0712 0.5962 0.1289 0.0758 0.1279
126 0.0082 0.4768 0.3030 0.2083 0.0038
127 0.0415 0.3313 0.4390 0.1719 0.0162
128 0.0620 0.1909 0.5439 0.1970 0.0062
129 0.0401 0.2595 0.2942 0.3777 0.0285
130 0.0369 0.0545 0.3137 0.5771 0.0177
131 0.0369 0.0942 0.4861 0.3728 0.0099
132 0.1146 0.1371 0.0456 0.6001 0.1027
133 0.1063 0.1672 0.0293 0.6826 0.0147
134 0.0873 0.3071 0.0929 0.4756 0.0373
135 0.0844 0.5635 0.1902 0.1163 0.0459
136 0.0542 0.4038 0.2412 0.2649 0.0359
137 0.0985 0.1550 0.0677 0.6528 0.0261
138 0.0485 0.1843 0.1002 0.5859 0.0812
139 0.1337 0.0863 0.0941 0.6685 0.0178
140 0.1969 0.3481 0.2266 0.0952 0.1332
141 0.1711 0.4763 0.2081 0.0475 0.0968
142 0.0977 0.4963 0.1663 0.0786 0.1611
143 0.1053 0.5186 0.1581 0.0586 0.1594
144 0.0905 0.4670 0.1786 0.0722 0.1917
145 0.1016 0.4922 0.1560 0.0499 0.2004
146 0.1472 0.4194 0.2583 0.0981 0.0770
147 0.0784 0.6162 0.1213 0.0708 0.1131
148 0.0842 0.3657 0.2847 0.2003 0.0651
149 0.0843 0.4890 0.1716 0.1930 0.0622
150 0.0704 0.4055 0.3257 0.1703 0.0280
151 0.0904 0.6128 0.1783 0.0849 0.0333
152 0.1188 0.4736 0.3257 0.0216 0.0602
153 0.2002 0.4109 0.3030 0.0394 0.0464
154 0.1208 0.5415 0.2404 0.0452 0.0520
155 0.1539 0.1743 0.2744 0.3157 0.0817
156 0.0534 0.1071 0.0624 0.7607 0.0163
157 0.0396 0.1709 0.3618 0.3792 0.0486
158 0.1050 0.0970 0.0721 0.6846 0.0414
159 0.0822 0.2849 0.1410 0.4551 0.0368
160 0.0796 0.2935 0.0426 0.4839 0.1006
161 0.0358 0.1270 0.0453 0.7305 0.0618
162 0.0752 0.4292 0.1137 0.3044 0.0776
163 0.0499 0.4922 0.1958 0.2437 0.0184
164 0.0875 0.3228 0.2983 0.2117 0.0797
165 0.0794 0.1721 0.4065 0.1949 0.1472
166 0.0331 0.3726 0.2444 0.3237 0.0262
167 0.1024 0.1897 0.5405 0.1454 0.0221
168 0.1748 0.1694 0.3818 0.2505 0.0233
169 0.1127 0.4600 0.1873 0.1759 0.0642
170 0.0884 0.6636 0.1287 0.0964 0.0227
171 0.0943 0.6494 0.1460 0.0618 0.0485
172 0.0858 0.5859 0.2190 0.0673 0.0421
173 0.0800 0.5386 0.2245 0.1320 0.0252
174 0.0764 0.7412 0.1382 0.0181 0.0260
175 0.1632 0.4988 0.2196 0.0959 0.0223
176 0.1096 0.4800 0.2529 0.1442 0.0134
177 0.0618 0.7646 0.1128 0.0567 0.0038
178 0.1008 0.1455 0.3081 0.3130 0.1326
179 0.1142 0.3228 0.2634 0.1294 0.1702
180 0.3379 0.0999 0.3433 0.1548 0.0640
181 0.3027 0.1323 0.3274 0.1837 0.0539
182 0.0396 0.0634 0.3882 0.4907 0.0182
183 0.0964 0.0892 0.2705 0.5215 0.0226
184 0.1015 0.4014 0.1334 0.3489 0.0149
185 0.1792 0.4612 0.1321 0.2014 0.0260
186 0.0895 0.1224 0.2759 0.4478 0.0645
187 0.1299 0.3728 0.2502 0.1191 0.1278
188 0.0696 0.1997 0.1776 0.1202 0.4329
189 0.0168 0.2817 0.0336 0.6055 0.0623
190 0.0263 0.6567 0.0976 0.0953 0.1243
191 0.1392 0.0689 0.0805 0.6851 0.0266
192 0.1460 0.1818 0.1044 0.5342 0.0339
193 0.0230 0.1081 0.1782 0.6519 0.0385
194 0.0217 0.2349 0.2461 0.4819 0.0156
195 0.1036 0.1249 0.3672 0.3970 0.0072
196 0.0216 0.4756 0.3120 0.1777 0.0132
197 0.0145 0.2012 0.5913 0.1890 0.0040
198 0.0363 0.1049 0.5850 0.2637 0.0100
199 0.0757 0.3289 0.2296 0.3091 0.0567
200 0.0234 0.4146 0.5161 0.0389 0.0071
201 0.0239 0.2151 0.0519 0.6523 0.0570
202 0.0337 0.2800 0.0665 0.5835 0.0362
203 0.0480 0.3435 0.0954 0.4922 0.0210
204 0.0263 0.1852 0.3513 0.3740 0.0630
205 0.0209 0.1566 0.0812 0.6802 0.0613
206 0.2352 0.3115 0.1803 0.2583 0.0146
207 0.0562 0.4492 0.1553 0.2057 0.1338
208 0.0602 0.1661 0.5620 0.2068 0.0049
209 0.0829 0.1649 0.2593 0.4624 0.0305
210 0.0421 0.3416 0.3416 0.2240 0.0508
211 0.1010 0.1814 0.2136 0.2120 0.2920
212 0.1060 0.4641 0.1996 0.1174 0.1129
213 0.2681 0.1976 0.0466 0.4631 0.0246
214 0.0128 0.3167 0.1722 0.0853 0.4131
215 0.0159 0.3340 0.1934 0.0899 0.3669
216 0.1790 0.0782 0.1372 0.5430 0.0628
217 0.0518 0.7500 0.1366 0.0216 0.0398
218 0.0449 0.7651 0.1566 0.0139 0.0196
219 0.0717 0.7241 0.1693 0.0110 0.0240
220 0.0304 0.5645 0.2583 0.1146 0.0323
221 0.0535 0.2494 0.1444 0.5278 0.0247
222 0.0290 0.4368 0.1261 0.3298 0.0783
223 0.0470 0.4568 0.1655 0.2371 0.0936
224 0.0615 0.4580 0.1407 0.1738 0.1659
225 0.0542 0.6445 0.0820 0.1028 0.1165
226 0.0131 0.7515 0.0672 0.0804 0.0876
227 0.0161 0.7646 0.0769 0.0375 0.1051
228 0.0181 0.6792 0.0964 0.0775 0.1287
229 0.0321 0.5024 0.0649 0.1593 0.2411
230 0.0279 0.5610 0.0569 0.1646 0.1895
231 0.0388 0.5693 0.0860 0.1375 0.1683
232 0.0429 0.6714 0.0916 0.0873 0.1071
233 0.0422 0.6455 0.0691 0.0982 0.1451
234 0.0670 0.5391 0.0860 0.0741 0.2338
235 0.0413 0.5356 0.0903 0.1293 0.2034
236 0.0482 0.4197 0.3267 0.0853 0.1202
237 0.0491 0.3989 0.2382 0.1501 0.1637
238 0.0718 0.2212 0.1556 0.2607 0.2908
239 0.3389 0.1445 0.0830 0.3779 0.0557
240 0.0067 0.4666 0.5127 0.0080 0.0061
241 0.0062 0.4133 0.5391 0.0345 0.0067
242 0.0072 0.4832 0.4832 0.0056 0.0209
243 0.0093 0.3730 0.5776 0.0275 0.0126
244 0.0537 0.2352 0.6299 0.0685 0.0129
245 0.0793 0.3213 0.1361 0.0695 0.3938
246 0.0587 0.1224 0.5151 0.2673 0.0365
247 0.0312 0.3799 0.4729 0.0909 0.0251
248 0.0450 0.3052 0.2131 0.4172 0.0194
249 0.0183 0.1941 0.5273 0.2532 0.0070
250 0.0220 0.2253 0.4080 0.3381 0.0065
251 0.0721 0.2422 0.1041 0.5718 0.0098
252 0.0432 0.4578 0.1632 0.1711 0.1646
253 0.0694 0.2257 0.2170 0.0948 0.3931
254 0.1617 0.0929 0.2280 0.4941 0.0231
255 0.1622 0.1597 0.1912 0.4622 0.0247
256 0.0755 0.3491 0.4624 0.1099 0.0030
257 0.1155 0.5059 0.1920 0.0936 0.0928
258 0.0594 0.3091 0.1339 0.2949 0.2026
259 0.0530 0.3025 0.2249 0.3220 0.0975
260 0.0259 0.0539 0.7803 0.1056 0.0343
261 0.1539 0.1237 0.3694 0.2620 0.0912
262 0.2010 0.3313 0.2350 0.1339 0.0988
263 0.0596 0.2776 0.1793 0.4651 0.0185
264 0.1383 0.3789 0.1592 0.3115 0.0122
265 0.0363 0.0658 0.2026 0.6855 0.0096
266 0.0576 0.2012 0.4260 0.2108 0.1044
267 0.0234 0.7051 0.2052 0.0565 0.0101
268 0.0348 0.4766 0.3433 0.1323 0.0132
269 0.0526 0.2360 0.2083 0.4766 0.0265
270 0.0913 0.3040 0.2090 0.3843 0.0113
271 0.1404 0.4258 0.1278 0.2837 0.0222
272 0.0996 0.2544 0.1617 0.4570 0.0272
273 0.1378 0.3203 0.1742 0.3574 0.0101
274 0.0221 0.4299 0.0901 0.4368 0.0212
275 0.0348 0.5835 0.1149 0.2432 0.0239
276 0.0770 0.2566 0.4365 0.2062 0.0237
277 0.0812 0.5913 0.1320 0.1761 0.0196
278 0.0594 0.6484 0.1425 0.1237 0.0261
279 0.0334 0.0526 0.0697 0.8359 0.0081
280 0.0519 0.3230 0.2942 0.2808 0.0503
281 0.0892 0.4495 0.2405 0.1963 0.0246
282 0.0415 0.1748 0.1077 0.6597 0.0163
283 0.0397 0.3049 0.4578 0.1364 0.0615
284 0.1180 0.4282 0.3550 0.0603 0.0383
285 0.0955 0.2917 0.2419 0.3057 0.0651
286 0.0595 0.6353 0.1764 0.1139 0.0149
287 0.0416 0.2251 0.4204 0.3076 0.0052
288 0.0332 0.1880 0.5791 0.1442 0.0556
289 0.0595 0.2354 0.2839 0.3425 0.0789
290 0.0527 0.5493 0.1216 0.2515 0.0253
291 0.0327 0.7432 0.1375 0.0453 0.0416
292 0.0222 0.2505 0.1832 0.4329 0.1111
293 0.0268 0.4973 0.1858 0.1719 0.1181
294 0.1277 0.1858 0.2620 0.2703 0.1541
295 0.0859 0.5386 0.2076 0.0533 0.1147
296 0.0956 0.2561 0.3843 0.0485 0.2156
297 0.0525 0.3477 0.4753 0.1028 0.0217
298 0.0540 0.3774 0.2676 0.2634 0.0374
299 0.0844 0.1191 0.2856 0.4783 0.0326
300 0.3064 0.1948 0.1404 0.2971 0.0613
301 0.2037 0.2830 0.2496 0.2310 0.0327
