time exciting_prob fearful_prob tense_prob sad_prob relaxing_prob
0 0.2037 0.2830 0.2496 0.2310 0.0327
1 0.2037 0.2830 0.2496 0.2310 0.0327
2 0.2438 0.3438 0.3035 0.1000 0.0088
3 0.2822 0.1071 0.3352 0.2529 0.0225
4 0.4973 0.1947 0.1947 0.1042 0.0091
5 0.4382 0.1434 0.3577 0.0540 0.0066
6 0.4536 0.1472 0.2883 0.1044 0.0066
7 0.1639 0.2620 0.1425 0.2500 0.1815
8 0.3105 0.2272 0.1284 0.1598 0.1742
9 0.3445 0.1801 0.1759 0.2106 0.0891
10 0.3247 0.4438 0.1571 0.0660 0.0083
11 0.1910 0.1141 0.1559 0.5034 0.0356
12 0.0860 0.3169 0.2754 0.2546 0.0670
13 0.0696 0.1835 0.1953 0.4949 0.0568
14 0.0605 0.1417 0.3293 0.4363 0.0321
15 0.0731 0.3459 0.3174 0.1726 0.0909
16 0.0604 0.1641 0.1542 0.4976 0.1238
17 0.3560 0.2505 0.2028 0.1531 0.0378
18 0.1935 0.3906 0.2369 0.1591 0.0198
19 0.1501 0.3547 0.1624 0.3081 0.0245
20 0.2336 0.4004 0.1863 0.1581 0.0216
21 0.1256 0.2876 0.1277 0.4385 0.0205
22 0.2751 0.3940 0.1310 0.1721 0.0277
23 0.2020 0.3926 0.1008 0.2615 0.0430
24 0.5073 0.2800 0.0348 0.0861 0.0917
25 0.6299 0.1655 0.0399 0.0907 0.0740
26 0.0401 0.0855 0.0785 0.7563 0.0398
27 0.0502 0.1223 0.0530 0.7549 0.0197
28 0.1986 0.5571 0.1313 0.0841 0.0288
29 0.1385 0.5483 0.1194 0.1808 0.0131
30 0.0870 0.3962 0.1504 0.3496 0.0169
31 0.1174 0.3022 0.0696 0.4829 0.0277
32 0.1190 0.4153 0.1576 0.2744 0.0338
33 0.1562 0.1503 0.0579 0.5083 0.1274
34 0.1600 0.2366 0.0608 0.4705 0.0721
35 0.1628 0.1371 0.1268 0.4568 0.1164
36 0.0768 0.1786 0.1412 0.4778 0.1256
37 0.1235 0.1990 0.0911 0.5122 0.0743
38 0.0866 0.3943 0.1617 0.3169 0.0406
39 0.0933 0.0941 0.0462 0.7061 0.0603
40 0.3958 0.2053 0.1099 0.1479 0.1411
41 0.3184 0.2639 0.1504 0.1144 0.1528
42 0.4739 0.1587 0.0704 0.1025 0.1945
43 0.3242 0.2195 0.0364 0.3372 0.0826
44 0.3188 0.2465 0.1036 0.2465 0.0845
45 0.1976 0.2681 0.1638 0.3606 0.0099
46 0.2227 0.2316 0.1164 0.4094 0.0199
47 0.2578 0.3013 0.0647 0.3635 0.0126
48 0.1065 0.2515 0.0933 0.5410 0.0077
49 0.1136 0.3420 0.1210 0.3936 0.0296
50 0.0677 0.2576 0.1226 0.5288 0.0234
51 0.1478 0.3438 0.1561 0.3130 0.0392
52 0.1140 0.4727 0.0714 0.3198 0.0221
53 0.1099 0.4519 0.1226 0.2986 0.0171
54 0.1616 0.3757 0.1371 0.3164 0.0093
55 0.4470 0.4133 0.0413 0.0833 0.0149
56 0.2947 0.4670 0.1110 0.1127 0.0146
57 0.3564 0.2128 0.0974 0.3196 0.0138
58 0.1556 0.2605 0.1532 0.4099 0.0207
59 0.2496 0.5200 0.0918 0.1057 0.0327
60 0.3259 0.0540 0.1564 0.4250 0.0389
61 0.2004 0.2069 0.1675 0.4050 0.0202
62 0.0984 0.0743 0.0443 0.7739 0.0091
63 0.0861 0.2002 0.0514 0.6562 0.0061
64 0.1971 0.1910 0.1584 0.4307 0.0228
65 0.1523 0.1523 0.3713 0.2803 0.0437
66 0.5122 0.2274 0.0779 0.1689 0.0132
67 0.4041 0.3979 0.0649 0.1252 0.0078
68 0.0848 0.1107 0.1263 0.6318 0.0461
69 0.0382 0.2018 0.0625 0.6772 0.0201
70 0.1182 0.1259 0.0793 0.6294 0.0474
71 0.2484 0.3848 0.1137 0.2352 0.0179
72 0.0289 0.1978 0.0481 0.7231 0.0019
73 0.1599 0.2896 0.1663 0.3687 0.0157
74 0.3032 0.3057 0.2290 0.0804 0.0817
75 0.4102 0.1670 0.0460 0.2690 0.1078
76 0.2159 0.0989 0.0268 0.6250 0.0336
77 0.5210 0.1084 0.0415 0.2925 0.0366
78 0.0669 0.0600 0.1656 0.6973 0.0103
79 0.0954 0.0816 0.0535 0.7505 0.0191
80 0.2177 0.3372 0.1567 0.2446 0.0439
81 0.3904 0.2727 0.1371 0.1760 0.0238
82 0.1687 0.2893 0.2324 0.1927 0.1169
83 0.2703 0.2517 0.1066 0.2788 0.0927
84 0.2349 0.3811 0.0386 0.1381 0.2073
85 0.4487 0.0756 0.0354 0.3777 0.0626
86 0.3533 0.0542 0.0409 0.4717 0.0801
87 0.4773 0.0963 0.0715 0.2515 0.1033
88 0.2649 0.1953 0.1022 0.2375 0.2000
89 0.2820 0.2864 0.1737 0.1632 0.0945
90 0.2008 0.5127 0.0733 0.1758 0.0374
91 0.2751 0.3533 0.0387 0.2883 0.0446
92 0.2113 0.4370 0.1054 0.2267 0.0195
93 0.2539 0.2172 0.1017 0.3994 0.0278
94 0.2703 0.0215 0.0191 0.6284 0.0608
95 0.7900 0.0467 0.0179 0.0770 0.0685
96 0.5073 0.0499 0.0280 0.1768 0.2379
97 0.3882 0.1147 0.0356 0.4006 0.0609
98 0.4866 0.1362 0.0240 0.3118 0.0415
99 0.4460 0.0942 0.0520 0.3042 0.1035
100 0.1760 0.1949 0.4639 0.1288 0.0363
101 0.0918 0.2325 0.1637 0.5000 0.0119
102 0.1866 0.5483 0.0635 0.1986 0.0027
103 0.2317 0.3704 0.1862 0.1405 0.0712
104 0.2367 0.3723 0.1577 0.1887 0.0445
105 0.1389 0.2656 0.0511 0.4773 0.0671
106 0.1063 0.1726 0.0737 0.6118 0.0353
107 0.3225 0.4441 0.1224 0.0991 0.0120
108 0.2433 0.4690 0.1686 0.1097 0.0094
109 0.0501 0.0853 0.0393 0.8091 0.0163
110 0.4292 0.2059 0.1383 0.2141 0.0125
111 0.3445 0.4253 0.1589 0.0580 0.0133
112 0.1315 0.4922 0.1675 0.2019 0.0071
113 0.4358 0.1642 0.0653 0.3020 0.0328
114 0.4739 0.2830 0.1389 0.0726 0.0317
115 0.0532 0.1074 0.0194 0.7339 0.0863
116 0.1735 0.3318 0.0563 0.3789 0.0595
117 0.1547 0.3328 0.0295 0.3655 0.1177
118 0.2668 0.4102 0.1166 0.1848 0.0217
119 0.2771 0.4033 0.1416 0.1383 0.0396
120 0.3384 0.3279 0.2253 0.0947 0.0139
121 0.2024 0.5547 0.0632 0.1218 0.0580
122 0.1595 0.2395 0.0483 0.4404 0.1122
123 0.2394 0.2231 0.0327 0.4104 0.0945
124 0.1512 0.1549 0.0693 0.4377 0.1868
125 0.1879 0.2957 0.2163 0.2734 0.0269
126 0.3335 0.3232 0.1227 0.2023 0.0182
127 0.4941 0.2729 0.0679 0.1483 0.0168
128 0.0659 0.0847 0.0555 0.7310 0.0629
129 0.3440 0.1179 0.0926 0.3777 0.0677
130 0.2490 0.3052 0.0475 0.3708 0.0275
131 0.5371 0.2744 0.0562 0.0948 0.0377
132 0.0640 0.1971 0.0420 0.6880 0.0087
133 0.2617 0.0986 0.1689 0.4487 0.0220
134 0.1765 0.1158 0.1088 0.5786 0.0203
135 0.4001 0.3164 0.0220 0.1404 0.1210
136 0.2690 0.2649 0.0559 0.2195 0.1907
137 0.2559 0.1083 0.1901 0.4219 0.0240
138 0.2374 0.3647 0.1632 0.1569 0.0777
139 0.1128 0.0800 0.0965 0.6802 0.0304
140 0.3491 0.2615 0.0726 0.3010 0.0159
141 0.3662 0.1033 0.1960 0.2678 0.0667
142 0.2512 0.0407 0.1015 0.5752 0.0314
143 0.1143 0.4214 0.1217 0.3335 0.0091
144 0.2415 0.3125 0.0902 0.3379 0.0181
145 0.2230 0.2301 0.0783 0.4575 0.0111
146 0.1978 0.1947 0.0278 0.4634 0.1163
147 0.2157 0.3474 0.0845 0.2686 0.0838
148 0.0062 0.0661 0.0146 0.9126 0.0003
149 0.3960 0.1411 0.2070 0.1716 0.0843
150 0.3604 0.1346 0.0940 0.3494 0.0616
151 0.3945 0.1807 0.0916 0.2979 0.0356
152 0.3494 0.3284 0.2239 0.0891 0.0094
153 0.3420 0.3289 0.1382 0.1788 0.0119
154 0.3142 0.3118 0.0707 0.2817 0.0217
155 0.2749 0.4675 0.1860 0.0604 0.0111
156 0.1048 0.1869 0.2219 0.4277 0.0588
157 0.1404 0.1934 0.1350 0.4568 0.0745
158 0.2600 0.2991 0.0508 0.2900 0.1002
159 0.4712 0.2175 0.0825 0.2209 0.0078
160 0.3076 0.4727 0.1442 0.0708 0.0050
161 0.1182 0.6196 0.1616 0.0950 0.0056
162 0.0872 0.2369 0.0706 0.5815 0.0236
163 0.0574 0.3130 0.0570 0.5664 0.0062
164 0.1625 0.2617 0.0646 0.4702 0.0411
165 0.3921 0.3301 0.1014 0.1293 0.0472
166 0.4431 0.2263 0.1300 0.1593 0.0412
167 0.5229 0.1956 0.1511 0.1014 0.0288
168 0.3311 0.3635 0.0212 0.1614 0.1227
169 0.2317 0.3821 0.0207 0.2688 0.0966
170 0.1754 0.3462 0.1007 0.3225 0.0552
171 0.1483 0.1875 0.0248 0.5469 0.0928
172 0.1438 0.1519 0.0134 0.5962 0.0950
173 0.2676 0.3103 0.0236 0.3152 0.0835
174 0.0792 0.2966 0.0162 0.5718 0.0365
175 0.2898 0.1758 0.3208 0.1871 0.0265
176 0.2306 0.2849 0.1825 0.2676 0.0345
177 0.2039 0.0933 0.3809 0.3108 0.0113
178 0.1375 0.1509 0.1923 0.5068 0.0127
179 0.2603 0.3557 0.2010 0.1628 0.0201
180 0.1135 0.1348 0.2440 0.4778 0.0298
181 0.1917 0.1256 0.2499 0.3901 0.0428
182 0.4749 0.2483 0.1093 0.1361 0.0313
183 0.2871 0.3333 0.1065 0.2595 0.0136
184 0.4468 0.3142 0.1484 0.0820 0.0085
185 0.0903 0.6519 0.2435 0.0110 0.0033
186 0.3235 0.1992 0.2122 0.1602 0.1050
187 0.2605 0.1240 0.4065 0.0813 0.1279
188 0.4250 0.0428 0.0721 0.4250 0.0349
189 0.2004 0.2986 0.1197 0.3601 0.0213
190 0.0571 0.0545 0.0392 0.8130 0.0363
191 0.3555 0.0599 0.0711 0.4746 0.0390
192 0.5806 0.0883 0.0322 0.2345 0.0646
193 0.3806 0.0704 0.0448 0.4417 0.0626
194 0.2546 0.2817 0.1998 0.2429 0.0207
195 0.2864 0.4797 0.0747 0.1429 0.0160
196 0.1780 0.4475 0.0719 0.2822 0.0203
197 0.3203 0.0583 0.0849 0.4963 0.0401
198 0.5615 0.1880 0.1282 0.0650 0.0573
199 0.6187 0.1704 0.1058 0.0253 0.0799
200 0.3979 0.1807 0.2129 0.1475 0.0610
201 0.3196 0.1149 0.2267 0.2734 0.0654
202 0.7139 0.0581 0.0169 0.0591 0.1520
203 0.3792 0.1260 0.0273 0.1631 0.3047
204 0.2277 0.3472 0.3872 0.0352 0.0029
205 0.5791 0.1511 0.2358 0.0314 0.0023
206 0.1421 0.0365 0.1443 0.6675 0.0096
207 0.4172 0.1055 0.2286 0.2454 0.0032
208 0.0741 0.0634 0.1241 0.7256 0.0130
209 0.0872 0.1138 0.1460 0.6343 0.0186
210 0.3953 0.2512 0.0809 0.2416 0.0312
211 0.3301 0.2715 0.0640 0.2673 0.0671
212 0.5054 0.1415 0.0567 0.1816 0.1146
213 0.3694 0.1627 0.0459 0.3135 0.1084
214 0.1223 0.4236 0.0385 0.3796 0.0359
215 0.2434 0.2571 0.0790 0.3569 0.0635
216 0.1565 0.4287 0.1371 0.2664 0.0113
217 0.4155 0.1190 0.0477 0.3638 0.0541
218 0.3892 0.0743 0.0374 0.4045 0.0946
219 0.1669 0.0595 0.1321 0.6299 0.0117
