time exciting_prob fearful_prob tense_prob sad_prob relaxing_prob
0 0.2959 0.0267 0.3252 0.2737 0.0784
1 0.1858 0.0485 0.5088 0.1528 0.1042
2 0.1674 0.0343 0.5361 0.1768 0.0855
3 0.2096 0.0385 0.5435 0.1364 0.0719
4 0.1028 0.1996 0.5220 0.1449 0.0309
5 0.0939 0.2698 0.4312 0.1715 0.0338
6 0.1207 0.2004 0.5000 0.1151 0.0636
7 0.0834 0.2146 0.3738 0.2822 0.0461
8 0.1034 0.1470 0.4089 0.2991 0.0418
9 0.3455 0.3147 0.2510 0.0450 0.0439
10 0.2477 0.3230 0.2401 0.1295 0.0598
11 0.1840 0.4180 0.1032 0.2698 0.0251
12 0.2098 0.5884 0.0999 0.0953 0.0066
13 0.1578 0.6289 0.1229 0.0872 0.0030
14 0.1514 0.0779 0.6035 0.0992 0.0682
15 0.0906 0.1102 0.6699 0.0878 0.0415
16 0.1266 0.1434 0.5327 0.1198 0.0774
17 0.1390 0.1180 0.5854 0.0496 0.1083
18 0.0933 0.1337 0.5542 0.1189 0.1001
19 0.1122 0.1683 0.5698 0.0808 0.0691
20 0.1658 0.2162 0.4402 0.1140 0.0639
21 0.0990 0.2079 0.5435 0.1013 0.0482
22 0.1274 0.1274 0.5283 0.0925 0.1245
23 0.1364 0.2776 0.3650 0.1893 0.0316
24 0.1179 0.2988 0.3438 0.2185 0.0210
25 0.0931 0.3950 0.3828 0.0671 0.0620
26 0.1483 0.0648 0.2644 0.4863 0.0361
27 0.0567 0.0333 0.1978 0.7012 0.0111
28 0.0536 0.0618 0.0898 0.1902 0.6045
29 0.0330 0.0391 0.0552 0.1344 0.7383
30 0.0217 0.0326 0.0722 0.0972 0.7764
31 0.0976 0.3054 0.4045 0.1215 0.0709
32 0.0789 0.2319 0.5229 0.1440 0.0223
33 0.0501 0.0422 0.1721 0.7139 0.0219
34 0.1261 0.1582 0.5610 0.1261 0.0288
35 0.0880 0.1558 0.4578 0.2649 0.0337
36 0.0607 0.5581 0.3179 0.0476 0.0158
37 0.0911 0.0883 0.5161 0.2400 0.0646
38 0.0412 0.3733 0.1656 0.4102 0.0096
39 0.1917 0.4353 0.1296 0.0688 0.1746
40 0.2291 0.1929 0.0562 0.1198 0.4021
41 0.1705 0.2278 0.1288 0.4092 0.0637
42 0.0915 0.1982 0.3882 0.3120 0.0100
43 0.1172 0.2423 0.3210 0.3040 0.0156
44 0.2043 0.4604 0.2563 0.0428 0.0361
45 0.0867 0.4727 0.3352 0.0610 0.0443
46 0.2529 0.3826 0.1606 0.1953 0.0087
47 0.2231 0.2196 0.1440 0.3884 0.0246
48 0.2974 0.2903 0.1720 0.2158 0.0246
49 0.1764 0.2627 0.1593 0.3374 0.0644
50 0.0742 0.2981 0.2395 0.3652 0.0228
51 0.0713 0.1938 0.3403 0.3457 0.0490
52 0.0674 0.1472 0.3938 0.3423 0.0493
53 0.0726 0.1188 0.4624 0.2720 0.0743
54 0.0944 0.1892 0.5142 0.1952 0.0072
55 0.0719 0.2610 0.5190 0.1442 0.0040
56 0.1066 0.1841 0.3606 0.3386 0.0101
57 0.2517 0.4927 0.1743 0.0631 0.0181
58 0.0670 0.4541 0.4541 0.0209 0.0040
59 0.1429 0.4614 0.2015 0.1752 0.0190
60 0.1381 0.1328 0.3337 0.3555 0.0399
61 0.0649 0.3887 0.5068 0.0316 0.0078
62 0.0772 0.2341 0.5527 0.1254 0.0104
63 0.2239 0.2598 0.2239 0.2786 0.0140
64 0.6289 0.1298 0.1680 0.0590 0.0141
65 0.3523 0.3416 0.0963 0.1976 0.0123
66 0.2075 0.1519 0.2644 0.3586 0.0177
67 0.2893 0.2219 0.2167 0.2344 0.0377
68 0.5728 0.2108 0.1249 0.0604 0.0311
69 0.1693 0.2296 0.0988 0.2815 0.2208
70 0.2712 0.3271 0.0724 0.2319 0.0974
71 0.2482 0.2856 0.1010 0.2703 0.0949
72 0.0802 0.1046 0.5356 0.2734 0.0063
73 0.2871 0.1216 0.0343 0.2676 0.2893
74 0.0331 0.5825 0.3118 0.0604 0.0125
75 0.1487 0.5151 0.1223 0.1895 0.0247
76 0.2766 0.2578 0.3694 0.0142 0.0818
77 0.1738 0.2844 0.4875 0.0247 0.0297
78 0.0478 0.3264 0.3584 0.1519 0.1155
79 0.0282 0.0182 0.0571 0.7939 0.1025
80 0.4651 0.1570 0.0901 0.2734 0.0143
81 0.3740 0.4805 0.0766 0.0569 0.0119
82 0.5210 0.3997 0.0657 0.0061 0.0075
83 0.1556 0.2886 0.2546 0.2932 0.0079
84 0.1570 0.1204 0.1835 0.5107 0.0286
85 0.4160 0.0467 0.0832 0.4292 0.0248
86 0.1212 0.3193 0.5103 0.0302 0.0192
87 0.1411 0.0437 0.3718 0.4148 0.0287
88 0.1354 0.2163 0.4797 0.1594 0.0091
89 0.3394 0.2996 0.1707 0.1604 0.0299
90 0.3237 0.1719 0.0793 0.4092 0.0161
91 0.1426 0.0763 0.2581 0.5132 0.0096
92 0.2272 0.1356 0.5894 0.0238 0.0241
93 0.4363 0.2246 0.2605 0.0690 0.0095
94 0.3696 0.4060 0.1027 0.0695 0.0524
95 0.2720 0.1000 0.1346 0.1575 0.3359
96 0.2705 0.4937 0.1578 0.0294 0.0485
97 0.1072 0.3103 0.1882 0.3408 0.0535
98 0.1126 0.4741 0.2440 0.1266 0.0427
99 0.0685 0.3479 0.1250 0.4539 0.0047
100 0.0521 0.3643 0.1472 0.4326 0.0037
101 0.0349 0.1854 0.3987 0.3254 0.0557
102 0.0252 0.1953 0.2932 0.4399 0.0464
103 0.0340 0.8364 0.0803 0.0417 0.0075
104 0.0464 0.8491 0.0457 0.0457 0.0133
105 0.0296 0.8242 0.0911 0.0437 0.0113
106 0.1619 0.2144 0.4006 0.1982 0.0250
107 0.0880 0.5063 0.3481 0.0534 0.0041
108 0.0503 0.3276 0.4077 0.1674 0.0468
109 0.1289 0.3560 0.0819 0.1604 0.2729
110 0.0431 0.2480 0.1228 0.4492 0.1370
111 0.0282 0.7754 0.1842 0.0106 0.0015
112 0.0355 0.8081 0.1404 0.0133 0.0028
113 0.1531 0.4226 0.0950 0.2859 0.0435
114 0.2422 0.3811 0.1539 0.2137 0.0092
115 0.0279 0.0620 0.2866 0.6162 0.0070
116 0.1656 0.2817 0.2817 0.2410 0.0299
117 0.0218 0.5454 0.1827 0.2458 0.0043
118 0.1047 0.4619 0.3433 0.0803 0.0101
119 0.1234 0.3684 0.3354 0.1584 0.0144
120 0.1196 0.3516 0.4111 0.1015 0.0162
121 0.0250 0.7139 0.1722 0.0839 0.0052
122 0.0314 0.8555 0.0808 0.0284 0.0039
123 0.1537 0.2052 0.0677 0.5708 0.0025
124 0.0742 0.0436 0.0417 0.4692 0.3711
125 0.0651 0.1490 0.2102 0.4521 0.1236
126 0.2289 0.4048 0.0932 0.0646 0.2084
127 0.1158 0.4202 0.0665 0.1725 0.2250
128 0.1090 0.1769 0.1107 0.0499 0.5537
129 0.0602 0.0862 0.0362 0.4626 0.3547
130 0.0593 0.1315 0.0749 0.2534 0.4810
131 0.1064 0.2847 0.0465 0.2593 0.3032
132 0.0953 0.4956 0.0592 0.1159 0.2341
133 0.0477 0.2072 0.0549 0.2008 0.4893
134 0.1384 0.2524 0.1121 0.1777 0.3193
135 0.0945 0.1282 0.0703 0.2080 0.4990
136 0.0538 0.8423 0.0514 0.0314 0.0213
137 0.0648 0.7407 0.0679 0.1035 0.0231
138 0.0586 0.8613 0.0457 0.0286 0.0056
139 0.1132 0.2433 0.2286 0.3889 0.0260
140 0.0757 0.3164 0.3474 0.1859 0.0745
141 0.1055 0.3198 0.3101 0.1014 0.1633
142 0.0428 0.3701 0.1694 0.3643 0.0533
143 0.0474 0.2603 0.2727 0.3240 0.0958
144 0.0505 0.2883 0.2212 0.3704 0.0696
145 0.0606 0.8110 0.0815 0.0332 0.0137
146 0.0643 0.8608 0.0550 0.0061 0.0136
147 0.0472 0.7739 0.1283 0.0298 0.0208
148 0.1094 0.4036 0.1069 0.1520 0.2281
149 0.0889 0.3408 0.3252 0.2003 0.0450
150 0.0457 0.2468 0.1835 0.4758 0.0482
151 0.1089 0.1973 0.2593 0.3381 0.0961
152 0.0837 0.4385 0.2661 0.0716 0.1401
153 0.0867 0.4614 0.3123 0.0881 0.0514
154 0.0562 0.4785 0.3340 0.0858 0.0456
155 0.0589 0.5947 0.2681 0.0366 0.0417
156 0.0431 0.5503 0.2642 0.0942 0.0481
157 0.0406 0.4727 0.2377 0.1970 0.0522
158 0.1836 0.4873 0.1954 0.0789 0.0547
159 0.1899 0.3662 0.2086 0.0897 0.1456
160 0.1111 0.5864 0.1761 0.1019 0.0242
161 0.1199 0.3691 0.3110 0.1600 0.0399
162 0.0870 0.3083 0.2222 0.3662 0.0163
163 0.1161 0.3896 0.0738 0.4021 0.0185
164 0.0634 0.2300 0.1736 0.5181 0.0148
165 0.0292 0.4639 0.1003 0.4031 0.0037
166 0.0291 0.4695 0.1225 0.3772 0.0016
167 0.0201 0.6670 0.1714 0.1399 0.0014
168 0.0469 0.2922 0.2966 0.3523 0.0118
169 0.2233 0.2322 0.2491 0.2268 0.0686
170 0.0211 0.2308 0.7002 0.0417 0.0062
171 0.2344 0.2167 0.4111 0.1225 0.0152
172 0.1218 0.4023 0.2991 0.1677 0.0090
173 0.0704 0.4414 0.3835 0.1016 0.0029
174 0.0579 0.3923 0.4961 0.0499 0.0038
175 0.0829 0.3542 0.1454 0.3276 0.0896
176 0.0714 0.4170 0.3403 0.1071 0.0645
177 0.0621 0.4021 0.3547 0.1099 0.0710
178 0.0554 0.5259 0.3091 0.0618 0.0478
179 0.0645 0.6362 0.2131 0.0573 0.0288
180 0.1292 0.6821 0.0765 0.0765 0.0359
181 0.0147 0.6846 0.2559 0.0444 0.0007
182 0.1179 0.4177 0.3518 0.0842 0.0284
183 0.1192 0.5913 0.1776 0.0807 0.0311
184 0.1440 0.2527 0.3855 0.2096 0.0082
185 0.0287 0.5820 0.3474 0.0369 0.0049
186 0.0941 0.1652 0.3389 0.3962 0.0055
187 0.1078 0.2179 0.4199 0.2469 0.0073
188 0.1307 0.0363 0.2993 0.5093 0.0246
189 0.1793 0.0555 0.4302 0.3098 0.0252
190 0.1200 0.0524 0.3813 0.4060 0.0402
191 0.0139 0.3767 0.0596 0.5479 0.0019
192 0.0116 0.5601 0.0425 0.3848 0.0011
193 0.0579 0.8511 0.0721 0.0162 0.0024
194 0.0234 0.8984 0.0476 0.0293 0.0011
195 0.0429 0.8218 0.1028 0.0316 0.0009
196 0.3230 0.0523 0.3777 0.2054 0.0414
197 0.4055 0.0805 0.3362 0.1066 0.0710
198 0.1068 0.0826 0.5596 0.2297 0.0210
199 0.1971 0.0388 0.3740 0.3569 0.0332
200 0.0116 0.5918 0.0559 0.3372 0.0033
201 0.0109 0.7134 0.0318 0.2427 0.0011
202 0.1786 0.2620 0.2366 0.1691 0.1539
203 0.1164 0.0360 0.1060 0.6802 0.0613
204 0.0785 0.1377 0.3303 0.4175 0.0359
205 0.1610 0.2068 0.4243 0.1622 0.0458
206 0.1295 0.3577 0.2537 0.2007 0.0584
207 0.0338 0.7988 0.0842 0.0804 0.0026
208 0.0720 0.7275 0.0954 0.1016 0.0036
209 0.0230 0.5806 0.1538 0.2382 0.0047
210 0.1644 0.0568 0.4199 0.3269 0.0319
211 0.4248 0.1025 0.3232 0.1083 0.0411
212 0.4526 0.1083 0.2766 0.1067 0.0558
213 0.0886 0.4360 0.3188 0.1372 0.0193
214 0.0441 0.7056 0.0836 0.1650 0.0017
215 0.2544 0.4609 0.1405 0.0981 0.0460
216 0.1726 0.2825 0.3354 0.1023 0.1072
217 0.1676 0.3232 0.3232 0.0978 0.0883
218 0.0794 0.3240 0.2644 0.2158 0.1164
219 0.1398 0.4619 0.2396 0.1313 0.0275
220 0.3713 0.1488 0.1215 0.2891 0.0692
221 0.1267 0.5127 0.2040 0.1338 0.0225
222 0.0272 0.1236 0.2203 0.6084 0.0203
223 0.2866 0.5439 0.1131 0.0419 0.0144
224 0.0516 0.3582 0.3997 0.1772 0.0134
225 0.2081 0.5698 0.1223 0.0724 0.0271
226 0.0058 0.8062 0.1025 0.0850 0.0004
227 0.0780 0.1730 0.1785 0.5415 0.0291
228 0.5264 0.0235 0.1250 0.2861 0.0387
229 0.1122 0.1909 0.3098 0.3623 0.0248
230 0.0471 0.1724 0.2319 0.5229 0.0258
231 0.0981 0.0795 0.6299 0.1722 0.0202
232 0.1249 0.1761 0.6445 0.0415 0.0131
233 0.1688 0.0933 0.2236 0.3105 0.2036
234 0.0826 0.0788 0.7026 0.1260 0.0100
235 0.2219 0.2185 0.5200 0.0171 0.0225
236 0.2042 0.2010 0.3367 0.1110 0.1471
237 0.0600 0.1604 0.5264 0.2159 0.0375
238 0.1327 0.2944 0.2328 0.3083 0.0318
239 0.1713 0.3406 0.2098 0.2305 0.0476
240 0.1375 0.3296 0.2338 0.2489 0.0502
241 0.1521 0.3704 0.2283 0.1982 0.0509
242 0.1625 0.4702 0.1842 0.1246 0.0584
243 0.1555 0.3789 0.2029 0.2094 0.0533
244 0.1711 0.3352 0.2913 0.1608 0.0416
245 0.0849 0.2006 0.5894 0.0829 0.0421
246 0.1181 0.2057 0.5254 0.0545 0.0964
247 0.0870 0.4250 0.3752 0.0647 0.0481
248 0.0900 0.3342 0.4863 0.0576 0.0316
249 0.1010 0.3933 0.4253 0.0431 0.0372
250 0.2335 0.2485 0.0989 0.2372 0.1819
251 0.2527 0.2178 0.1656 0.1863 0.1777
252 0.2256 0.2852 0.0721 0.1637 0.2537
253 0.2090 0.2834 0.1050 0.1565 0.2462
254 0.1868 0.2827 0.1024 0.1478 0.2805
255 0.1498 0.2627 0.1185 0.2627 0.2063
256 0.3389 0.1946 0.2274 0.0804 0.1588
257 0.3408 0.1868 0.2134 0.1335 0.1254
258 0.3296 0.2355 0.2014 0.1362 0.0974
259 0.2803 0.2217 0.1740 0.1866 0.1376
260 0.3772 0.1609 0.1234 0.2378 0.1007
261 0.3918 0.1262 0.1794 0.1659 0.1365
262 0.4800 0.1322 0.1659 0.1158 0.1063
263 0.0172 0.1509 0.4873 0.3401 0.0045
264 0.0621 0.1840 0.4697 0.2362 0.0480
265 0.1508 0.2389 0.2544 0.2998 0.0563
266 0.2413 0.2163 0.2568 0.1895 0.0960
267 0.3069 0.2159 0.2299 0.1260 0.1212
268 0.2159 0.1832 0.2446 0.2861 0.0701
269 0.2603 0.2426 0.2426 0.1760 0.0787
270 0.2217 0.2695 0.3303 0.0875 0.0910
271 0.2048 0.2130 0.1262 0.3513 0.1046
272 0.2020 0.4810 0.1421 0.1367 0.0383
273 0.2372 0.4229 0.1543 0.1604 0.0254
274 0.1910 0.3860 0.0931 0.3101 0.0198
275 0.0941 0.2440 0.0570 0.5942 0.0105
276 0.0922 0.2883 0.0542 0.5557 0.0093
277 0.0868 0.2673 0.2673 0.3054 0.0731
278 0.0672 0.3035 0.4021 0.1914 0.0359
279 0.0861 0.3459 0.3101 0.2305 0.0273
280 0.1819 0.2773 0.1157 0.2605 0.1644
281 0.1338 0.3210 0.1482 0.2661 0.1307
282 0.1521 0.2798 0.1570 0.3025 0.1087
283 0.1191 0.3640 0.1042 0.2224 0.1903
284 0.1214 0.2571 0.2234 0.2869 0.1115
285 0.2003 0.1727 0.2150 0.2825 0.1294
286 0.2869 0.2610 0.2452 0.1409 0.0660
287 0.3430 0.2798 0.1738 0.1487 0.0547
288 0.3303 0.2184 0.1754 0.2271 0.0487
289 0.1831 0.1077 0.1591 0.5137 0.0366
