time exciting_prob fearful_prob tense_prob sad_prob relaxing_prob
0 0.2037 0.2830 0.2496 0.2310 0.0327
1 0.3945 0.0033 0.0189 0.5654 0.0180
2 0.7251 0.0034 0.0127 0.2428 0.0160
3 0.6177 0.0031 0.0141 0.3518 0.0132
4 0.7822 0.0073 0.0516 0.0508 0.1083
5 0.6338 0.0024 0.0197 0.0957 0.2483
6 0.8179 0.0024 0.0081 0.0401 0.1315
7 0.8213 0.0036 0.0154 0.0350 0.1249
8 0.6655 0.0048 0.0256 0.0517 0.2524
9 0.0677 0.0579 0.7690 0.0918 0.0138
10 0.0960 0.0665 0.6929 0.1312 0.0132
11 0.2279 0.0950 0.1259 0.4824 0.0690
12 0.5425 0.0250 0.2771 0.1483 0.0072
13 0.3391 0.2581 0.1602 0.0734 0.1692
14 0.5127 0.2329 0.1827 0.0374 0.0343
15 0.1676 0.1663 0.4414 0.1549 0.0698
16 0.1451 0.0486 0.7261 0.0269 0.0534
17 0.2228 0.0572 0.3733 0.1439 0.2029
18 0.0748 0.5396 0.2935 0.0861 0.0063
19 0.2664 0.1888 0.2727 0.1903 0.0818
20 0.1556 0.1384 0.5474 0.1202 0.0384
21 0.1091 0.1550 0.5122 0.1841 0.0398
22 0.0812 0.1528 0.3904 0.3337 0.0418
23 0.0724 0.8350 0.0680 0.0214 0.0032
24 0.3337 0.1208 0.3608 0.0891 0.0956
25 0.1443 0.2361 0.3054 0.2474 0.0666
26 0.0615 0.1558 0.3196 0.4509 0.0122
27 0.2834 0.2424 0.3813 0.0722 0.0207
28 0.1755 0.3281 0.4773 0.0167 0.0024
29 0.4895 0.0994 0.3442 0.0562 0.0106
30 0.2861 0.1936 0.3191 0.1495 0.0517
31 0.2661 0.1626 0.2329 0.2639 0.0745
32 0.1151 0.1169 0.2937 0.4209 0.0535
33 0.2153 0.1390 0.2328 0.3779 0.0352
34 0.2502 0.0988 0.2971 0.3264 0.0274
35 0.1693 0.1278 0.1747 0.5132 0.0150
36 0.0728 0.0229 0.0558 0.8457 0.0030
37 0.0701 0.0479 0.3296 0.5435 0.0093
38 0.0464 0.0486 0.1365 0.7607 0.0076
39 0.1162 0.0280 0.1539 0.6685 0.0333
40 0.0919 0.0579 0.0544 0.7397 0.0562
41 0.1864 0.0573 0.1509 0.5923 0.0132
42 0.1026 0.1238 0.2367 0.5088 0.0280
43 0.5190 0.0760 0.1105 0.1740 0.1204
44 0.0863 0.2274 0.1960 0.3386 0.1515
45 0.0789 0.1544 0.1619 0.5649 0.0400
46 0.0916 0.1464 0.3708 0.3623 0.0290
47 0.2642 0.0328 0.2405 0.3235 0.1392
48 0.1236 0.1729 0.1422 0.4736 0.0876
49 0.1123 0.2268 0.1865 0.4304 0.0440
50 0.1242 0.0273 0.0867 0.7261 0.0356
51 0.2349 0.0524 0.1118 0.5376 0.0632
52 0.1910 0.1559 0.2415 0.4043 0.0074
53 0.2009 0.2581 0.2947 0.2041 0.0424
54 0.3794 0.4102 0.1451 0.0547 0.0107
55 0.5615 0.1597 0.1215 0.1366 0.0206
56 0.3247 0.1985 0.3484 0.1063 0.0223
57 0.0787 0.2122 0.4783 0.2241 0.0068
58 0.2456 0.2362 0.4211 0.0709 0.0263
59 0.1195 0.4727 0.2632 0.1234 0.0213
60 0.5073 0.0992 0.1196 0.2435 0.0302
61 0.3184 0.1135 0.2969 0.2189 0.0524
62 0.3042 0.1616 0.1874 0.3091 0.0378
63 0.1155 0.0096 0.0294 0.8403 0.0049
64 0.1013 0.0789 0.2336 0.5781 0.0081
65 0.1323 0.1925 0.3596 0.2358 0.0797
66 0.1083 0.2104 0.3665 0.1931 0.1218
67 0.3071 0.0649 0.2391 0.3193 0.0696
68 0.0364 0.0201 0.4204 0.4915 0.0314
69 0.1409 0.1234 0.5796 0.1345 0.0216
70 0.1072 0.1488 0.4729 0.2416 0.0295
71 0.3428 0.0275 0.0416 0.4688 0.1194
72 0.3298 0.0247 0.1725 0.4617 0.0112
73 0.4133 0.0339 0.0713 0.4231 0.0582
74 0.0861 0.0054 0.0413 0.8560 0.0114
75 0.4275 0.0108 0.0382 0.5078 0.0157
76 0.1621 0.0535 0.3274 0.3652 0.0917
77 0.2336 0.0814 0.1998 0.3792 0.1061
78 0.1322 0.1429 0.1005 0.5923 0.0321
79 0.1893 0.1158 0.3767 0.2549 0.0634
80 0.2937 0.1477 0.3892 0.1597 0.0098
81 0.0781 0.1164 0.0858 0.7017 0.0179
82 0.2285 0.0305 0.1333 0.5527 0.0551
83 0.3352 0.0147 0.3379 0.2778 0.0342
84 0.0704 0.0085 0.0377 0.8706 0.0127
85 0.0147 0.0186 0.0297 0.9321 0.0049
86 0.2448 0.0629 0.4719 0.1581 0.0624
87 0.2959 0.0468 0.2778 0.3403 0.0391
88 0.1337 0.0294 0.5806 0.2419 0.0145
89 0.3381 0.0479 0.0543 0.4956 0.0640
90 0.0650 0.0249 0.0356 0.8560 0.0183
91 0.0860 0.0587 0.0840 0.7549 0.0165
92 0.1791 0.0400 0.0534 0.7139 0.0136
93 0.3694 0.0349 0.0733 0.4895 0.0328
94 0.3242 0.0258 0.2605 0.2817 0.1078
95 0.0773 0.0386 0.0536 0.8125 0.0181
96 0.0941 0.4282 0.3362 0.1100 0.0315
97 0.2754 0.0211 0.1937 0.4683 0.0416
98 0.4978 0.0117 0.2351 0.1803 0.0751
99 0.3350 0.0796 0.0506 0.4336 0.1014
100 0.0624 0.0821 0.0464 0.7910 0.0179
101 0.2444 0.1085 0.2174 0.4224 0.0074
102 0.5034 0.0223 0.0293 0.4143 0.0305
103 0.3311 0.0500 0.2479 0.3606 0.0106
104 0.1971 0.1838 0.2115 0.2803 0.1273
105 0.1263 0.1942 0.2573 0.3862 0.0359
106 0.1193 0.0873 0.4297 0.3425 0.0211
107 0.1614 0.1772 0.1127 0.5088 0.0399
108 0.4207 0.0868 0.1781 0.1560 0.1584
109 0.1143 0.2021 0.1456 0.3989 0.1389
110 0.0997 0.0936 0.1406 0.6602 0.0059
111 0.1447 0.0266 0.0612 0.6899 0.0775
112 0.0588 0.0911 0.2637 0.5757 0.0105
113 0.1078 0.0952 0.2908 0.4722 0.0339
114 0.0520 0.0554 0.3472 0.5376 0.0079
115 0.4441 0.1453 0.0867 0.2286 0.0953
116 0.3301 0.2915 0.1177 0.0666 0.1941
117 0.2494 0.1178 0.5405 0.0548 0.0377
118 0.1178 0.5796 0.2399 0.0548 0.0078
119 0.4014 0.1853 0.2803 0.0917 0.0413
120 0.3257 0.0193 0.0175 0.6133 0.0242
121 0.2800 0.5151 0.1698 0.0218 0.0136
122 0.4617 0.3149 0.1282 0.0327 0.0625
123 0.0559 0.1279 0.6108 0.0908 0.1147
124 0.0303 0.2219 0.4771 0.1782 0.0925
125 0.3674 0.0425 0.0563 0.4905 0.0432
126 0.2646 0.1279 0.3940 0.1147 0.0989
127 0.1842 0.3086 0.1652 0.2876 0.0545
128 0.5532 0.0291 0.0977 0.2474 0.0726
129 0.1327 0.1010 0.4026 0.2898 0.0739
130 0.1605 0.0277 0.1270 0.6602 0.0248
131 0.4622 0.0809 0.2493 0.1523 0.0552
132 0.1727 0.2761 0.3357 0.1675 0.0480
133 0.1799 0.0360 0.2991 0.3931 0.0919
134 0.4524 0.2578 0.1516 0.0608 0.0774
135 0.1161 0.0750 0.2363 0.4280 0.1445
136 0.2496 0.1143 0.2808 0.2942 0.0612
137 0.4568 0.0581 0.1361 0.3215 0.0274
138 0.4524 0.1931 0.1306 0.1626 0.0612
139 0.4531 0.3188 0.1415 0.0700 0.0165
140 0.3838 0.0417 0.3284 0.1144 0.1316
141 0.0964 0.0493 0.2542 0.5684 0.0320
142 0.1781 0.0754 0.6831 0.0502 0.0133
143 0.1521 0.1683 0.3975 0.2449 0.0373
144 0.1091 0.4216 0.3721 0.0863 0.0110
145 0.3120 0.0741 0.1005 0.4719 0.0416
146 0.1738 0.3298 0.3223 0.1487 0.0254
147 0.1783 0.1869 0.4211 0.1064 0.1073
148 0.5142 0.0490 0.2390 0.0690 0.1289
149 0.3293 0.2281 0.1696 0.0486 0.2246
150 0.1860 0.0283 0.1721 0.5732 0.0406
151 0.3206 0.1276 0.2874 0.2203 0.0441
152 0.2201 0.0539 0.5752 0.0410 0.1098
153 0.1008 0.2717 0.2271 0.3953 0.0051
154 0.1482 0.0250 0.3845 0.4224 0.0199
155 0.0976 0.0265 0.2612 0.5977 0.0171
156 0.1299 0.0198 0.1201 0.7129 0.0174
157 0.1610 0.0388 0.0754 0.6519 0.0731
158 0.0756 0.0919 0.4558 0.3523 0.0245
159 0.1399 0.0388 0.2202 0.5366 0.0646
160 0.1322 0.0564 0.7549 0.0514 0.0049
161 0.4702 0.0662 0.1960 0.2222 0.0455
162 0.0831 0.0106 0.1068 0.7886 0.0108
163 0.1759 0.0824 0.1528 0.4561 0.1327
164 0.2534 0.0365 0.3330 0.3357 0.0414
165 0.1681 0.2583 0.4980 0.0619 0.0137
166 0.1310 0.2317 0.5386 0.0718 0.0270
167 0.2781 0.0822 0.0822 0.4917 0.0660
168 0.1132 0.0547 0.2133 0.6074 0.0113
169 0.1031 0.0671 0.2083 0.6123 0.0094
170 0.1248 0.0694 0.2539 0.5376 0.0143
171 0.1415 0.0668 0.0793 0.6694 0.0428
172 0.2659 0.0272 0.2576 0.4021 0.0473
173 0.1466 0.1838 0.2288 0.3801 0.0606
174 0.2474 0.1313 0.3079 0.2739 0.0395
175 0.4243 0.0239 0.0322 0.4846 0.0351
176 0.5586 0.0641 0.1227 0.2024 0.0520
177 0.4929 0.1066 0.1771 0.1730 0.0504
178 0.5122 0.0570 0.1198 0.2495 0.0616
179 0.5068 0.2000 0.1062 0.1271 0.0600
180 0.5127 0.1799 0.1552 0.0870 0.0652
181 0.1263 0.3381 0.2634 0.2634 0.0089
182 0.5396 0.1062 0.0881 0.2096 0.0569
183 0.0531 0.7622 0.1410 0.0404 0.0033
184 0.0487 0.7212 0.2002 0.0247 0.0053
185 0.2050 0.0309 0.0961 0.6069 0.0611
186 0.2888 0.0895 0.1954 0.4009 0.0254
187 0.5801 0.0631 0.1742 0.0869 0.0955
188 0.2415 0.0137 0.1252 0.5615 0.0583
189 0.0899 0.0684 0.3501 0.4783 0.0134
190 0.0485 0.1010 0.4600 0.3813 0.0093
191 0.4121 0.1118 0.2499 0.1277 0.0986
192 0.0776 0.0449 0.4463 0.3818 0.0493
193 0.0955 0.2382 0.4053 0.2053 0.0557
194 0.3979 0.0809 0.1022 0.3857 0.0332
195 0.0641 0.0401 0.3440 0.5083 0.0434
196 0.2542 0.0489 0.2174 0.4324 0.0474
197 0.0978 0.1083 0.3552 0.3870 0.0516
198 0.2976 0.1175 0.4199 0.1045 0.0605
199 0.1249 0.1935 0.1483 0.4160 0.1173
200 0.3511 0.3621 0.2080 0.0356 0.0432
201 0.4700 0.2382 0.1378 0.1422 0.0120
202 0.2421 0.0404 0.0414 0.6328 0.0434
203 0.2166 0.0305 0.0547 0.6831 0.0152
204 0.1516 0.0878 0.4526 0.2876 0.0204
205 0.3521 0.0978 0.2273 0.2496 0.0732
206 0.0515 0.2273 0.1246 0.5669 0.0296
207 0.1769 0.2202 0.2495 0.2761 0.0773
208 0.1877 0.0416 0.1473 0.4399 0.1833
209 0.1440 0.1353 0.0853 0.5786 0.0568
210 0.2539 0.0115 0.0504 0.6582 0.0259
211 0.3477 0.0529 0.0950 0.4192 0.0852
212 0.3655 0.0803 0.0984 0.3655 0.0903
213 0.5903 0.0278 0.0455 0.3284 0.0080
214 0.3018 0.0250 0.1653 0.4458 0.0623
215 0.4377 0.0583 0.1700 0.2939 0.0401
216 0.2515 0.0523 0.1125 0.5327 0.0511
217 0.2124 0.0734 0.1935 0.4939 0.0268
218 0.7075 0.0581 0.0428 0.1201 0.0717
219 0.7881 0.0781 0.0421 0.0485 0.0431
220 0.8379 0.0963 0.0223 0.0139 0.0296
221 0.8091 0.0741 0.0453 0.0460 0.0254
222 0.7393 0.0804 0.0732 0.0743 0.0330
223 0.7949 0.0550 0.0585 0.0663 0.0252
224 0.7954 0.0550 0.0585 0.0663 0.0250
225 0.7075 0.0914 0.0769 0.0819 0.0425
