time exciting_prob fearful_prob tense_prob sad_prob relaxing_prob
0 0.1296 0.1161 0.2346 0.3750 0.1445
1 0.0429 0.4268 0.0895 0.4268 0.0139
2 0.0925 0.0761 0.0377 0.3384 0.4553
3 0.0589 0.3418 0.0411 0.1553 0.4028
4 0.1727 0.1274 0.3279 0.2515 0.1206
5 0.2729 0.1748 0.2998 0.1891 0.0634
6 0.4678 0.1404 0.2158 0.0717 0.1044
7 0.2190 0.1627 0.3997 0.0240 0.1947
8 0.2656 0.2006 0.3464 0.0607 0.1265
9 0.1191 0.2969 0.2642 0.1705 0.1493
10 0.2424 0.2278 0.3418 0.0508 0.1371
11 0.0410 0.0197 0.1451 0.7725 0.0216
12 0.2274 0.4739 0.1945 0.0750 0.0291
13 0.5435 0.1473 0.1342 0.0974 0.0776
14 0.5303 0.1818 0.1508 0.1155 0.0219
15 0.3037 0.5205 0.1152 0.0427 0.0178
16 0.2001 0.0765 0.1534 0.5269 0.0429
17 0.3162 0.4255 0.1494 0.0706 0.0384
18 0.5146 0.2112 0.1451 0.0765 0.0526
19 0.1667 0.0306 0.0813 0.7021 0.0190
20 0.1377 0.0392 0.0630 0.7446 0.0155
21 0.3777 0.1975 0.1274 0.2656 0.0317
22 0.2422 0.1316 0.4150 0.1118 0.0994
23 0.3193 0.0887 0.2095 0.3025 0.0801
24 0.4336 0.1510 0.1823 0.2081 0.0250
25 0.3250 0.1355 0.1168 0.3711 0.0518
26 0.0602 0.1785 0.4148 0.1346 0.2119
27 0.5239 0.1586 0.1548 0.0925 0.0703
28 0.3140 0.1566 0.1995 0.2644 0.0658
29 0.3232 0.1744 0.1827 0.2920 0.0276
30 0.3379 0.2778 0.2164 0.0615 0.1063
31 0.0748 0.2959 0.2959 0.3198 0.0137
32 0.1053 0.0789 0.5693 0.2078 0.0387
33 0.1265 0.1246 0.6523 0.0607 0.0357
34 0.3840 0.0837 0.1771 0.2832 0.0721
35 0.3936 0.2106 0.2971 0.0717 0.0272
36 0.1602 0.2661 0.4856 0.0287 0.0594
37 0.0864 0.1414 0.3445 0.4221 0.0058
38 0.2405 0.1541 0.5093 0.0156 0.0806
39 0.1378 0.2201 0.1714 0.4482 0.0225
40 0.0616 0.0897 0.6782 0.1663 0.0041
41 0.2365 0.1337 0.1575 0.4316 0.0408
42 0.0596 0.4988 0.0881 0.1407 0.2129
43 0.1395 0.2196 0.1475 0.4368 0.0568
44 0.1091 0.3438 0.2152 0.2896 0.0424
45 0.2271 0.3743 0.1107 0.2379 0.0503
46 0.0424 0.1638 0.5586 0.2256 0.0097
47 0.2510 0.2842 0.2375 0.1969 0.0304
48 0.0601 0.3379 0.1420 0.2571 0.2032
49 0.1636 0.1742 0.1245 0.5239 0.0137
50 0.0208 0.3928 0.5083 0.0688 0.0092
51 0.0696 0.0538 0.0457 0.8223 0.0088
52 0.0626 0.4692 0.2360 0.1866 0.0454
53 0.4175 0.3176 0.0645 0.1560 0.0443
54 0.0820 0.0735 0.0591 0.7661 0.0193
55 0.0698 0.1838 0.7383 0.0041 0.0039
56 0.2380 0.1305 0.5000 0.1008 0.0307
57 0.2871 0.3203 0.2456 0.1235 0.0236
58 0.2421 0.2639 0.3809 0.0199 0.0933
59 0.2678 0.2457 0.2101 0.1274 0.1490
60 0.2471 0.4138 0.1808 0.0802 0.0784
61 0.0406 0.2527 0.2336 0.3975 0.0759
62 0.0157 0.4382 0.3108 0.2310 0.0042
63 0.1555 0.4360 0.3215 0.0659 0.0210
64 0.2012 0.3616 0.3730 0.0190 0.0453
65 0.0624 0.6353 0.1121 0.1130 0.0771
66 0.1500 0.0298 0.0583 0.7441 0.0175
67 0.1501 0.1868 0.1624 0.4277 0.0732
68 0.1538 0.0646 0.0904 0.6733 0.0181
69 0.3650 0.3098 0.2047 0.0649 0.0555
70 0.2534 0.1073 0.1388 0.3572 0.1432
71 0.2041 0.2025 0.1392 0.4028 0.0512
72 0.1614 0.2461 0.1829 0.2639 0.1458
73 0.4265 0.1984 0.1835 0.0974 0.0944
74 0.0569 0.5352 0.1938 0.1969 0.0169
75 0.0248 0.0171 0.0457 0.0237 0.8887
76 0.1136 0.0757 0.0762 0.0168 0.7178
77 0.0627 0.0898 0.0536 0.3782 0.4155
78 0.0363 0.4290 0.1948 0.0058 0.3340
79 0.1416 0.1832 0.1438 0.0706 0.4607
80 0.0703 0.0539 0.0124 0.0587 0.8047
81 0.0870 0.0363 0.0074 0.0045 0.8647
82 0.1138 0.0262 0.0513 0.6650 0.1438
83 0.2393 0.2015 0.3245 0.1486 0.0860
84 0.3193 0.1998 0.2430 0.0759 0.1619
85 0.3328 0.2891 0.1823 0.1224 0.0737
86 0.5068 0.1113 0.1333 0.1242 0.1242
87 0.2776 0.4038 0.0212 0.1113 0.1863
88 0.1418 0.1464 0.5835 0.0416 0.0867
89 0.0788 0.2544 0.4863 0.1694 0.0110
90 0.1995 0.1680 0.4602 0.0878 0.0845
91 0.1926 0.2571 0.4443 0.0345 0.0714
92 0.1107 0.2573 0.3984 0.2167 0.0170
93 0.0920 0.0751 0.4602 0.3584 0.0145
94 0.1370 0.2944 0.5293 0.0082 0.0313
95 0.0455 0.5005 0.3308 0.1152 0.0077
96 0.2036 0.3894 0.2151 0.0855 0.1064
97 0.2346 0.4382 0.1899 0.1009 0.0363
98 0.2747 0.1887 0.2277 0.1719 0.1371
99 0.5898 0.1217 0.0941 0.1503 0.0444
100 0.1685 0.3513 0.4138 0.0367 0.0297
101 0.1346 0.2476 0.5493 0.0269 0.0417
102 0.0674 0.0613 0.2012 0.5381 0.1320
103 0.0712 0.1373 0.5264 0.1764 0.0887
104 0.2695 0.1548 0.0803 0.4548 0.0407
105 0.3474 0.1919 0.1173 0.2791 0.0643
106 0.3184 0.4744 0.1237 0.0485 0.0352
107 0.0761 0.1490 0.2307 0.4243 0.1197
108 0.2664 0.1248 0.3997 0.1979 0.0113
109 0.1368 0.5161 0.2102 0.0570 0.0798
110 0.4180 0.0985 0.2496 0.2273 0.0067
111 0.1619 0.3853 0.2301 0.1395 0.0833
112 0.1227 0.1481 0.2766 0.4087 0.0438
113 0.0610 0.0759 0.1105 0.6455 0.1071
114 0.1031 0.4844 0.2573 0.1466 0.0086
115 0.0563 0.3425 0.4829 0.1112 0.0071
116 0.3630 0.2476 0.2656 0.0932 0.0307
117 0.0906 0.1042 0.2461 0.5547 0.0044
118 0.0773 0.2400 0.3491 0.3130 0.0205
119 0.2029 0.2408 0.3972 0.1230 0.0361
120 0.2476 0.1356 0.3657 0.2289 0.0221
121 0.0322 0.3569 0.3799 0.2269 0.0040
122 0.0840 0.6401 0.1428 0.1231 0.0100
123 0.0454 0.2695 0.5620 0.1169 0.0062
124 0.0468 0.3220 0.5229 0.0930 0.0154
125 0.1727 0.3923 0.3008 0.1031 0.0307
126 0.1724 0.4104 0.1185 0.1429 0.1558
127 0.1384 0.1792 0.1521 0.4612 0.0691
128 0.0937 0.2754 0.1984 0.4231 0.0094
129 0.0650 0.6934 0.1753 0.0522 0.0143
130 0.1592 0.4607 0.2299 0.0696 0.0807
131 0.1589 0.2424 0.2925 0.2368 0.0695
132 0.2632 0.5195 0.0822 0.0725 0.0625
133 0.1188 0.1255 0.2783 0.3330 0.1444
134 0.1509 0.2319 0.2712 0.2128 0.1332
135 0.3284 0.2458 0.1412 0.1379 0.1469
136 0.1395 0.5874 0.1484 0.0846 0.0403
137 0.1627 0.2040 0.2500 0.2206 0.1627
138 0.1854 0.1797 0.1729 0.3254 0.1367
139 0.3652 0.2913 0.1925 0.0854 0.0655
140 0.1660 0.2778 0.2673 0.1809 0.1080
141 0.3127 0.3984 0.2324 0.0379 0.0185
142 0.4675 0.3613 0.1035 0.0248 0.0428
143 0.2002 0.3831 0.1376 0.2378 0.0413
144 0.1710 0.2507 0.2908 0.2195 0.0680
145 0.0799 0.2329 0.4456 0.1992 0.0424
146 0.1503 0.3232 0.3413 0.0843 0.1009
147 0.3267 0.1156 0.1997 0.3191 0.0387
148 0.2034 0.4272 0.1881 0.1334 0.0479
149 0.1458 0.5044 0.1901 0.0817 0.0780
150 0.1365 0.7437 0.0687 0.0319 0.0191
151 0.1605 0.2773 0.2817 0.1682 0.1121
152 0.2949 0.2245 0.2815 0.0586 0.1405
153 0.2102 0.2764 0.3081 0.1170 0.0883
154 0.1438 0.3291 0.3643 0.0474 0.1155
155 0.1464 0.2233 0.4043 0.1453 0.0809
156 0.1356 0.3518 0.3357 0.1245 0.0527
157 0.1254 0.3462 0.3713 0.1081 0.0491
158 0.2986 0.2036 0.2893 0.1399 0.0687
159 0.1410 0.5073 0.1512 0.1421 0.0583
160 0.3831 0.1635 0.2654 0.1263 0.0620
161 0.3306 0.1973 0.3032 0.1008 0.0682
162 0.1483 0.0684 0.4033 0.3701 0.0100
163 0.1155 0.1720 0.3816 0.2949 0.0358
164 0.1473 0.2335 0.4434 0.1461 0.0297
165 0.2164 0.2434 0.4204 0.0714 0.0483
166 0.2078 0.2335 0.3882 0.1461 0.0244
167 0.0802 0.2249 0.5269 0.1510 0.0171
168 0.2561 0.2727 0.3530 0.1011 0.0170
169 0.0869 0.3894 0.2053 0.2964 0.0220
170 0.4407 0.2715 0.1088 0.0931 0.0861
171 0.3022 0.2487 0.2429 0.1461 0.0600
172 0.5186 0.2432 0.1418 0.0615 0.0348
173 0.1730 0.2537 0.1285 0.3721 0.0727
174 0.2737 0.2512 0.2759 0.1635 0.0356
175 0.4258 0.1393 0.1471 0.2209 0.0668
176 0.2617 0.1236 0.1255 0.1975 0.2917
177 0.0645 0.5068 0.2339 0.0154 0.1793
178 0.1270 0.4536 0.2861 0.0149 0.1183
179 0.0880 0.3706 0.1396 0.3794 0.0223
180 0.1244 0.2235 0.4883 0.1525 0.0114
181 0.2703 0.1109 0.3135 0.2223 0.0831
182 0.4062 0.0972 0.1566 0.1733 0.1667
183 0.3164 0.2174 0.3188 0.0838 0.0638
184 0.2463 0.2769 0.3669 0.0858 0.0242
185 0.0220 0.0602 0.8774 0.0371 0.0034
186 0.2808 0.2438 0.1611 0.2964 0.0179
187 0.2783 0.2004 0.1929 0.3010 0.0273
188 0.3142 0.1202 0.2905 0.2446 0.0306
189 0.4077 0.1794 0.3176 0.0574 0.0379
190 0.2001 0.3484 0.1185 0.2756 0.0573
191 0.1636 0.2573 0.1512 0.3804 0.0476
192 0.1570 0.3376 0.1251 0.3003 0.0801
193 0.1309 0.4675 0.1210 0.1517 0.1288
194 0.1488 0.4045 0.1313 0.1986 0.1168
195 0.0716 0.3870 0.0933 0.3750 0.0732
196 0.2037 0.2830 0.2496 0.2310 0.0327
197 0.7451 0.0251 0.0072 0.1783 0.0441
198 0.7661 0.0270 0.0080 0.1581 0.0409
199 0.7192 0.0256 0.0091 0.2094 0.0367
200 0.2037 0.2830 0.2496 0.2310 0.0327
201 0.5986 0.2344 0.1024 0.0159 0.0487
202 0.6143 0.2333 0.0872 0.0166 0.0485
203 0.5869 0.2563 0.0886 0.0102 0.0577
