time exciting_prob fearful_prob tense_prob sad_prob relaxing_prob
0 0.2037 0.2830 0.2496 0.2310 0.0327
1 0.1455 0.2184 0.1304 0.4697 0.0359
2 0.0076 0.7227 0.2274 0.0389 0.0036
3 0.0103 0.4802 0.4727 0.0353 0.0015
4 0.0074 0.5020 0.3972 0.0914 0.0018
5 0.0186 0.2676 0.6318 0.0803 0.0017
6 0.0130 0.5537 0.3806 0.0507 0.0020
7 0.0088 0.5083 0.4351 0.0466 0.0011
8 0.0590 0.4062 0.3699 0.1591 0.0057
9 0.0894 0.3977 0.2888 0.2129 0.0112
10 0.0113 0.4714 0.4292 0.0872 0.0009
11 0.0367 0.5264 0.3674 0.0659 0.0035
12 0.0526 0.5566 0.2671 0.1104 0.0136
13 0.0366 0.6592 0.2386 0.0549 0.0108
14 0.0249 0.1880 0.7437 0.0410 0.0025
15 0.0462 0.2056 0.6431 0.0756 0.0296
16 0.0348 0.1048 0.7622 0.0743 0.0238
17 0.0455 0.1664 0.6089 0.1316 0.0477
18 0.0232 0.1743 0.7002 0.0876 0.0144
19 0.0330 0.2379 0.5981 0.1141 0.0170
20 0.0304 0.4065 0.4607 0.0981 0.0045
21 0.0311 0.4497 0.4358 0.0781 0.0052
22 0.0446 0.4468 0.3943 0.1112 0.0029
23 0.0259 0.6528 0.2328 0.0870 0.0016
24 0.0206 0.6060 0.1820 0.1877 0.0035
25 0.0662 0.1759 0.5811 0.1576 0.0191
26 0.0303 0.1550 0.6133 0.1757 0.0259
27 0.0728 0.1652 0.7065 0.0462 0.0092
28 0.0507 0.3303 0.5796 0.0327 0.0067
29 0.0289 0.4971 0.4058 0.0580 0.0101
30 0.0239 0.6079 0.2135 0.1537 0.0008
31 0.0383 0.3933 0.4526 0.1136 0.0022
32 0.0725 0.3486 0.2510 0.3198 0.0079
33 0.0518 0.4548 0.3176 0.1726 0.0032
34 0.0092 0.3782 0.5503 0.0617 0.0006
35 0.0164 0.2947 0.5093 0.1680 0.0117
36 0.0074 0.4863 0.3503 0.1555 0.0004
37 0.0173 0.3782 0.5088 0.0927 0.0032
38 0.0105 0.3223 0.5229 0.1429 0.0012
39 0.0070 0.5640 0.2881 0.1404 0.0004
40 0.0106 0.4482 0.2849 0.2554 0.0010
41 0.0541 0.2465 0.6099 0.0740 0.0153
42 0.0456 0.2354 0.5474 0.1221 0.0497
43 0.0249 0.6934 0.2322 0.0490 0.0008
44 0.0394 0.4138 0.2214 0.3223 0.0033
45 0.0233 0.1805 0.7368 0.0555 0.0038
46 0.0411 0.1447 0.2832 0.5288 0.0021
47 0.0624 0.5605 0.3296 0.0429 0.0043
48 0.0643 0.4680 0.3940 0.0696 0.0040
49 0.0375 0.2603 0.3784 0.3137 0.0100
50 0.0444 0.2052 0.6421 0.0829 0.0257
51 0.0358 0.3789 0.4866 0.0921 0.0067
52 0.2190 0.3394 0.3555 0.0740 0.0122
53 0.0233 0.2544 0.4829 0.2281 0.0111
54 0.0341 0.4150 0.2292 0.2854 0.0363
55 0.0279 0.3701 0.3877 0.1981 0.0163
56 0.0192 0.2317 0.6602 0.0839 0.0050
57 0.0156 0.2852 0.6528 0.0392 0.0074
58 0.0122 0.2292 0.6738 0.0678 0.0167
59 0.0110 0.2783 0.6372 0.0671 0.0065
60 0.0092 0.2754 0.6504 0.0577 0.0073
61 0.0159 0.4817 0.4121 0.0721 0.0182
62 0.0079 0.1985 0.6611 0.1204 0.0122
63 0.0354 0.1436 0.5088 0.2120 0.1002
64 0.0325 0.1187 0.6938 0.1151 0.0398
65 0.0414 0.1744 0.4524 0.1401 0.1915
66 0.0194 0.2345 0.5713 0.1637 0.0108
67 0.1335 0.5493 0.1943 0.1048 0.0182
68 0.0958 0.5562 0.2317 0.1021 0.0145
69 0.1103 0.3909 0.1776 0.3093 0.0119
70 0.0202 0.2078 0.1569 0.6108 0.0044
71 0.0170 0.1593 0.4329 0.3882 0.0027
72 0.0187 0.1650 0.7993 0.0098 0.0071
73 0.0659 0.2839 0.3318 0.3069 0.0116
74 0.0795 0.4067 0.3296 0.1722 0.0119
75 0.0931 0.2532 0.4512 0.1896 0.0130
76 0.0782 0.3560 0.3560 0.2061 0.0039
77 0.0743 0.3572 0.3599 0.1941 0.0146
78 0.0617 0.5005 0.3606 0.0488 0.0285
79 0.0320 0.5371 0.2008 0.0291 0.2008
80 0.0980 0.2073 0.3638 0.2539 0.0768
81 0.0565 0.1399 0.5620 0.2067 0.0351
82 0.0242 0.1339 0.5376 0.2705 0.0338
83 0.0435 0.0568 0.6396 0.2354 0.0246
84 0.0288 0.2793 0.5303 0.1592 0.0027
85 0.1146 0.3613 0.4126 0.0988 0.0127
86 0.0159 0.5483 0.1753 0.2590 0.0011
87 0.0151 0.5737 0.1923 0.2178 0.0011
88 0.0156 0.1323 0.7095 0.1233 0.0192
89 0.0169 0.1353 0.3452 0.4719 0.0306
90 0.0150 0.2781 0.5796 0.1107 0.0166
91 0.0129 0.1176 0.6665 0.1633 0.0397
92 0.0214 0.1404 0.6592 0.1448 0.0341
93 0.0629 0.6763 0.1290 0.1281 0.0039
94 0.0797 0.3005 0.3599 0.2571 0.0027
95 0.0722 0.2025 0.3313 0.3904 0.0035
96 0.0162 0.5396 0.2588 0.1836 0.0019
97 0.0296 0.0583 0.1274 0.6470 0.1377
98 0.0251 0.1476 0.1547 0.3652 0.3076
99 0.0536 0.6045 0.1190 0.1962 0.0268
100 0.0311 0.5776 0.2445 0.1460 0.0010
101 0.0550 0.1320 0.3215 0.4827 0.0088
102 0.0532 0.1991 0.3083 0.3386 0.1009
103 0.0420 0.1265 0.2742 0.4590 0.0985
104 0.0072 0.7891 0.1680 0.0358 0.0003
105 0.0142 0.0726 0.2737 0.6265 0.0128
106 0.0111 0.0959 0.4231 0.4502 0.0198
107 0.0546 0.1709 0.1936 0.5347 0.0464
108 0.0244 0.0898 0.1703 0.6479 0.0677
109 0.0198 0.5059 0.2927 0.1775 0.0044
110 0.0416 0.1968 0.5347 0.1271 0.0997
111 0.0277 0.2908 0.4871 0.1332 0.0614
112 0.0640 0.3828 0.3376 0.2064 0.0091
113 0.0703 0.3328 0.4272 0.1583 0.0115
114 0.0424 0.3013 0.4739 0.1771 0.0053
115 0.0229 0.2295 0.3784 0.1288 0.2405
116 0.0459 0.4709 0.2520 0.2260 0.0052
117 0.0528 0.4775 0.2678 0.1841 0.0177
118 0.0053 0.0921 0.2141 0.6392 0.0493
119 0.0009 0.0644 0.1697 0.7603 0.0049
120 0.0818 0.3186 0.3965 0.1993 0.0036
121 0.0020 0.1173 0.1210 0.7534 0.0063
122 0.0023 0.1716 0.1199 0.7007 0.0056
123 0.0527 0.3230 0.4626 0.1599 0.0017
124 0.0599 0.2705 0.5054 0.1565 0.0079
125 0.0313 0.4421 0.1829 0.3286 0.0151
126 0.0469 0.3523 0.1434 0.3992 0.0584
127 0.0389 0.2401 0.2595 0.4280 0.0335
128 0.0163 0.4277 0.0612 0.4482 0.0465
129 0.0225 0.8188 0.0612 0.0891 0.0084
130 0.0252 0.8413 0.0432 0.0833 0.0067
131 0.0252 0.1935 0.2484 0.5098 0.0231
132 0.0117 0.2234 0.2164 0.5356 0.0127
133 0.0450 0.3000 0.2195 0.3914 0.0443
134 0.0222 0.5093 0.0844 0.3784 0.0059
135 0.0169 0.1592 0.0369 0.7715 0.0158
136 0.0434 0.6328 0.1153 0.1786 0.0298
137 0.0495 0.2306 0.3743 0.3201 0.0255
138 0.0324 0.1366 0.3276 0.4995 0.0038
139 0.0583 0.5986 0.2871 0.0488 0.0070
140 0.0148 0.0941 0.8389 0.0360 0.0160
141 0.0459 0.1564 0.2240 0.5459 0.0280
142 0.0887 0.1533 0.1595 0.5654 0.0329
143 0.0581 0.2013 0.1952 0.4983 0.0471
144 0.0098 0.7554 0.1140 0.1195 0.0014
145 0.0138 0.6802 0.2043 0.0995 0.0020
146 0.0704 0.1688 0.2476 0.5000 0.0130
147 0.0826 0.4229 0.2487 0.2029 0.0429
148 0.0086 0.6694 0.0525 0.2542 0.0153
149 0.0107 0.8081 0.0980 0.0812 0.0021
150 0.0203 0.1710 0.3247 0.4797 0.0042
151 0.0789 0.3455 0.3975 0.1724 0.0058
152 0.0501 0.2126 0.5303 0.2013 0.0056
153 0.3018 0.2140 0.2042 0.2664 0.0136
154 0.0249 0.5942 0.2021 0.1389 0.0398
155 0.1721 0.3142 0.0826 0.3242 0.1069
156 0.0134 0.3589 0.5142 0.0966 0.0168
157 0.0157 0.5200 0.4050 0.0484 0.0109
158 0.0864 0.1888 0.3965 0.3237 0.0046
159 0.0236 0.2296 0.6963 0.0358 0.0149
160 0.0322 0.1399 0.2236 0.5801 0.0243
161 0.0182 0.5151 0.2590 0.2018 0.0055
162 0.0420 0.2825 0.4512 0.2234 0.0010
163 0.0396 0.5728 0.2208 0.1641 0.0028
164 0.0682 0.1422 0.3359 0.4451 0.0086
165 0.0896 0.2200 0.2612 0.3984 0.0307
166 0.0920 0.1516 0.2386 0.5049 0.0126
167 0.0320 0.4482 0.2052 0.3130 0.0016
168 0.0525 0.0800 0.4001 0.4604 0.0070
169 0.0698 0.2068 0.3572 0.3518 0.0144
170 0.2054 0.3440 0.1650 0.2637 0.0218
171 0.1696 0.3071 0.2212 0.2710 0.0311
172 0.0513 0.1439 0.1147 0.6812 0.0088
173 0.0345 0.1776 0.1862 0.5918 0.0100
174 0.0316 0.4976 0.1720 0.2971 0.0016
175 0.0545 0.3752 0.2539 0.2969 0.0193
176 0.1265 0.1624 0.3491 0.3491 0.0131
177 0.0197 0.2345 0.0434 0.7002 0.0023
178 0.0278 0.2896 0.0480 0.6323 0.0022
179 0.1235 0.4771 0.1284 0.2219 0.0491
180 0.0469 0.5161 0.0698 0.3601 0.0071
181 0.0869 0.3359 0.1884 0.3521 0.0368
182 0.0212 0.1903 0.5771 0.1995 0.0120
183 0.0238 0.3521 0.1057 0.4888 0.0298
184 0.0269 0.2252 0.2983 0.4341 0.0152
185 0.0326 0.1257 0.3845 0.4565 0.0007
186 0.0512 0.1875 0.5596 0.1996 0.0020
187 0.0243 0.1854 0.5537 0.2308 0.0058
188 0.0291 0.0579 0.2053 0.6948 0.0130
189 0.0774 0.2852 0.2766 0.3440 0.0167
190 0.0324 0.3225 0.4272 0.2035 0.0142
191 0.0211 0.0606 0.8105 0.0766 0.0312
192 0.0983 0.2491 0.3682 0.2695 0.0147
193 0.0266 0.4688 0.2432 0.2588 0.0027
194 0.0417 0.2959 0.1910 0.4583 0.0130
195 0.0699 0.2367 0.3391 0.3442 0.0100
196 0.1654 0.1393 0.1154 0.5771 0.0028
197 0.0721 0.1552 0.2898 0.4778 0.0050
198 0.0828 0.1344 0.1674 0.5933 0.0223
199 0.1755 0.3330 0.2634 0.2117 0.0163
200 0.0515 0.2069 0.1854 0.5449 0.0111
201 0.1295 0.1913 0.1826 0.4810 0.0156
202 0.0523 0.0688 0.1703 0.6738 0.0349
203 0.0633 0.1519 0.3044 0.4568 0.0237
204 0.0782 0.2507 0.4133 0.2336 0.0241
205 0.1816 0.2058 0.1505 0.4565 0.0055
206 0.0352 0.0254 0.1460 0.7896 0.0040
207 0.1215 0.1910 0.1971 0.4802 0.0100
208 0.3213 0.3164 0.1210 0.1980 0.0432
209 0.0229 0.1024 0.1959 0.6733 0.0057
210 0.0442 0.0700 0.2769 0.5952 0.0135
211 0.0748 0.3196 0.3679 0.2064 0.0314
212 0.0116 0.1058 0.1564 0.7007 0.0255
213 0.0120 0.4038 0.2128 0.3618 0.0096
214 0.0368 0.2362 0.0829 0.6421 0.0019
215 0.1506 0.1268 0.0361 0.6753 0.0112
216 0.0404 0.1326 0.4775 0.3386 0.0106
217 0.0651 0.1548 0.5488 0.2252 0.0060
218 0.1586 0.1356 0.3357 0.3628 0.0073
219 0.1053 0.1544 0.2976 0.4397 0.0030
220 0.0681 0.1262 0.3831 0.4141 0.0086
221 0.0714 0.1088 0.0578 0.7554 0.0068
222 0.0292 0.0800 0.2771 0.6050 0.0086
223 0.0853 0.1737 0.1923 0.5229 0.0258
224 0.0443 0.1737 0.2488 0.5186 0.0147
225 0.0875 0.3250 0.1753 0.3682 0.0440
226 0.0428 0.0558 0.1238 0.7705 0.0070
227 0.1089 0.2361 0.0743 0.5664 0.0145
228 0.1776 0.2428 0.1260 0.4329 0.0207
229 0.0978 0.3081 0.3660 0.2053 0.0227
230 0.0388 0.0961 0.0681 0.7920 0.0049
231 0.0965 0.1471 0.1404 0.5908 0.0250
232 0.0389 0.1826 0.1975 0.5625 0.0182
233 0.0540 0.2054 0.4775 0.2439 0.0190
234 0.0478 0.2603 0.2483 0.4358 0.0079
235 0.0164 0.1268 0.1211 0.6860 0.0497
236 0.0108 0.0526 0.0534 0.8750 0.0080
237 0.0550 0.2727 0.3613 0.3091 0.0022
238 0.2494 0.0869 0.0896 0.5708 0.0032
239 0.0472 0.0443 0.1956 0.6514 0.0616
240 0.0290 0.1147 0.3423 0.5059 0.0081
241 0.0087 0.6328 0.2054 0.1527 0.0004
242 0.0069 0.0536 0.6436 0.2947 0.0012
243 0.0614 0.7900 0.0853 0.0624 0.0007
244 0.0903 0.3831 0.2378 0.2803 0.0086
245 0.0311 0.2393 0.3271 0.4006 0.0019
246 0.0297 0.1361 0.6548 0.1735 0.0062
247 0.0150 0.2522 0.5425 0.1875 0.0029
248 0.1615 0.3213 0.2295 0.2664 0.0215
249 0.0715 0.3547 0.1161 0.4556 0.0022
250 0.0426 0.4990 0.2284 0.2284 0.0015
251 0.0038 0.1639 0.5996 0.2312 0.0011
252 0.0039 0.0858 0.4934 0.4155 0.0013
253 0.0148 0.3970 0.2262 0.3616 0.0004
254 0.0200 0.6323 0.3032 0.0444 0.0001
255 0.0643 0.2686 0.3140 0.3501 0.0031
256 0.0293 0.1213 0.6870 0.1606 0.0016
257 0.0510 0.1322 0.1522 0.6611 0.0033
258 0.0538 0.3120 0.3704 0.2627 0.0012
259 0.0660 0.2321 0.3484 0.3484 0.0052
260 0.0406 0.1777 0.5737 0.1342 0.0735
261 0.0605 0.2488 0.4436 0.2450 0.0021
262 0.0662 0.6128 0.1479 0.1689 0.0041
263 0.0618 0.5015 0.1705 0.2642 0.0022
264 0.0149 0.0657 0.0341 0.8789 0.0066
265 0.0343 0.1293 0.2612 0.5444 0.0309
266 0.0342 0.2128 0.3347 0.4165 0.0020
267 0.0490 0.0782 0.2062 0.6353 0.0316
268 0.1293 0.1252 0.4656 0.2778 0.0021
269 0.1338 0.3840 0.2385 0.2423 0.0013
270 0.0522 0.3914 0.3049 0.2488 0.0027
271 0.0265 0.4248 0.3577 0.1885 0.0024
272 0.0077 0.1012 0.5469 0.3423 0.0019
273 0.0212 0.4419 0.2766 0.2598 0.0005
274 0.1056 0.1466 0.1769 0.5532 0.0178
275 0.1144 0.3013 0.4248 0.1564 0.0031
276 0.0224 0.2690 0.1632 0.5435 0.0020
277 0.0105 0.1917 0.5723 0.2206 0.0049
278 0.0078 0.0656 0.5327 0.3896 0.0041
279 0.0070 0.1835 0.6206 0.1864 0.0024
280 0.1050 0.3337 0.1830 0.3752 0.0028
281 0.0087 0.1763 0.7080 0.1053 0.0016
282 0.0066 0.2030 0.6865 0.1021 0.0016
283 0.0719 0.2112 0.2588 0.4543 0.0038
284 0.0867 0.0457 0.1451 0.7031 0.0192
285 0.0513 0.2159 0.3093 0.4097 0.0139
286 0.0175 0.0754 0.1896 0.7153 0.0023
287 0.0292 0.5181 0.3398 0.1069 0.0056
288 0.0116 0.5034 0.2305 0.2491 0.0056
289 0.0092 0.0587 0.3887 0.5396 0.0039
290 0.0216 0.2954 0.3677 0.3096 0.0058
291 0.0179 0.3257 0.4119 0.2383 0.0062
292 0.0152 0.1520 0.3533 0.4753 0.0041
293 0.0044 0.1655 0.4429 0.3848 0.0023
294 0.0567 0.1042 0.5132 0.3210 0.0051
295 0.0315 0.1467 0.3154 0.5039 0.0023
296 0.0272 0.6240 0.2405 0.1068 0.0018
297 0.0671 0.0947 0.1294 0.6885 0.0202
298 0.0671 0.2307 0.3518 0.3464 0.0040
299 0.1403 0.1360 0.0964 0.6094 0.0182
300 0.0219 0.6450 0.2998 0.0309 0.0025
301 0.0759 0.3123 0.4202 0.1242 0.0675
302 0.0207 0.0504 0.5859 0.3237 0.0191
303 0.0209 0.0851 0.5547 0.3113 0.0278
304 0.0433 0.6074 0.1489 0.1768 0.0236
305 0.0263 0.3521 0.2656 0.3411 0.0150
306 0.0840 0.0952 0.1923 0.6108 0.0175
307 0.0495 0.1609 0.2341 0.5532 0.0025
308 0.1288 0.7017 0.0214 0.0369 0.1110
309 0.0889 0.5488 0.0385 0.2983 0.0253
310 0.0547 0.4272 0.2251 0.1726 0.1205
311 0.0379 0.5312 0.2180 0.1954 0.0172
312 0.0517 0.3369 0.1278 0.4678 0.0160
313 0.1102 0.2927 0.0701 0.5137 0.0135
314 0.1420 0.5977 0.1023 0.1488 0.0090
315 0.1285 0.4485 0.3181 0.0804 0.0243
316 0.0704 0.6948 0.0651 0.1503 0.0195
317 0.0246 0.2172 0.1516 0.4597 0.1470
318 0.0500 0.1949 0.2075 0.4900 0.0576
319 0.1088 0.0902 0.1123 0.6772 0.0116
320 0.0923 0.3457 0.3379 0.2081 0.0159
321 0.0748 0.0748 0.2695 0.5708 0.0101
322 0.0367 0.1037 0.2161 0.6255 0.0183
323 0.0532 0.2087 0.3132 0.2257 0.1991
324 0.0419 0.7139 0.1605 0.0533 0.0304
325 0.0828 0.3406 0.1523 0.3076 0.1168
326 0.1785 0.5371 0.0469 0.1434 0.0941
327 0.0486 0.4072 0.0356 0.4761 0.0324
328 0.0614 0.1904 0.1965 0.4033 0.1483
329 0.0359 0.7388 0.1549 0.0511 0.0194
330 0.0670 0.4102 0.1395 0.3677 0.0159
331 0.0861 0.3679 0.1711 0.3403 0.0345
332 0.0826 0.1669 0.1299 0.6006 0.0199
333 0.0509 0.6108 0.2354 0.0729 0.0302
334 0.0623 0.3291 0.2949 0.3042 0.0094
335 0.0501 0.4395 0.3701 0.1310 0.0093
336 0.0154 0.2284 0.6929 0.0494 0.0140
337 0.0241 0.3306 0.2783 0.2964 0.0704
338 0.0846 0.4646 0.0859 0.2773 0.0873
339 0.1096 0.5830 0.0359 0.1558 0.1157
340 0.0379 0.3596 0.1030 0.4338 0.0655
341 0.0498 0.1740 0.6772 0.0881 0.0107
342 0.0424 0.3130 0.4626 0.1783 0.0035
343 0.0177 0.0684 0.7583 0.0864 0.0694
344 0.0666 0.1283 0.7158 0.0216 0.0676
345 0.0737 0.1971 0.3054 0.3740 0.0498
346 0.0323 0.1520 0.6919 0.1129 0.0108
347 0.0433 0.1443 0.6675 0.1313 0.0136
348 0.0370 0.2512 0.5156 0.1926 0.0034
349 0.0574 0.2959 0.5532 0.0882 0.0054
350 0.0599 0.3726 0.4709 0.0885 0.0079
351 0.0448 0.2898 0.6040 0.0540 0.0072
352 0.0568 0.3943 0.3479 0.1749 0.0260
353 0.0344 0.4536 0.3479 0.1567 0.0074
354 0.0320 0.2312 0.6797 0.0431 0.0142
355 0.0571 0.2482 0.5420 0.1426 0.0099
356 0.1302 0.3101 0.3953 0.1488 0.0156
357 0.0555 0.1864 0.6406 0.0990 0.0183
358 0.0833 0.2842 0.3945 0.2212 0.0169
359 0.1271 0.1984 0.4871 0.1697 0.0177
360 0.0499 0.2986 0.5000 0.1245 0.0269
361 0.0338 0.1677 0.6953 0.0694 0.0336
362 0.0461 0.0896 0.7046 0.0954 0.0640
363 0.0248 0.1053 0.7544 0.0974 0.0182
364 0.0104 0.1153 0.8257 0.0330 0.0157
365 0.0842 0.3953 0.3381 0.1809 0.0017
366 0.0282 0.4512 0.4878 0.0271 0.0059
367 0.0673 0.3723 0.4563 0.0949 0.0091
368 0.1621 0.2510 0.1780 0.3596 0.0494
