time exciting_prob fearful_prob tense_prob sad_prob relaxing_prob
0 0.1987 0.2847 0.2512 0.2323 0.0330
1 0.0701 0.2998 0.2524 0.3450 0.0326
2 0.1494 0.1278 0.3018 0.3640 0.0567
3 0.2338 0.2910 0.2649 0.0974 0.1130
4 0.1074 0.1180 0.2830 0.4314 0.0602
5 0.0144 0.2798 0.5830 0.1078 0.0151
6 0.0083 0.3210 0.6284 0.0296 0.0125
7 0.1715 0.1057 0.3926 0.1151 0.2151
8 0.2808 0.3779 0.2808 0.0251 0.0352
9 0.1128 0.1844 0.3115 0.3213 0.0700
10 0.0051 0.2512 0.6938 0.0379 0.0119
11 0.0327 0.6885 0.1225 0.0875 0.0687
12 0.0659 0.2126 0.1231 0.5518 0.0467
13 0.0101 0.1335 0.0732 0.7446 0.0385
14 0.0716 0.1564 0.3416 0.3811 0.0492
15 0.2083 0.0815 0.3381 0.0961 0.2759
16 0.1763 0.0853 0.2177 0.4329 0.0880
17 0.0218 0.2303 0.2529 0.0681 0.4270
18 0.0568 0.1951 0.4465 0.1495 0.1520
19 0.0311 0.2446 0.1331 0.5688 0.0224
20 0.0191 0.3723 0.1209 0.4783 0.0093
21 0.0707 0.4199 0.4199 0.0649 0.0246
22 0.1415 0.2426 0.5298 0.0355 0.0504
23 0.2998 0.0958 0.1965 0.0406 0.3672
24 0.2810 0.0979 0.1978 0.0481 0.3752
25 0.1249 0.0943 0.6294 0.1289 0.0224
26 0.0829 0.1335 0.2362 0.5078 0.0392
27 0.1129 0.1804 0.3396 0.2585 0.1086
28 0.0322 0.2551 0.1523 0.5156 0.0447
29 0.0463 0.4060 0.1448 0.3640 0.0390
30 0.2708 0.3213 0.1249 0.2522 0.0308
31 0.2140 0.1349 0.1530 0.4822 0.0161
32 0.0519 0.3867 0.3308 0.1125 0.1180
33 0.0380 0.3933 0.2330 0.1528 0.1829
34 0.0336 0.4319 0.2040 0.1588 0.1718
35 0.1456 0.1378 0.6035 0.0743 0.0389
36 0.0168 0.1185 0.1223 0.5928 0.1498
37 0.0191 0.1387 0.0709 0.5933 0.1781
38 0.1458 0.2479 0.4929 0.0544 0.0589
39 0.1194 0.4402 0.3401 0.0518 0.0486
40 0.1182 0.2903 0.4497 0.0613 0.0806
41 0.2023 0.3232 0.3232 0.0774 0.0739
42 0.0515 0.4524 0.1276 0.3579 0.0108
43 0.0556 0.3174 0.1323 0.4841 0.0104
44 0.1190 0.3135 0.1552 0.3635 0.0488
45 0.0957 0.4822 0.1328 0.2664 0.0229
46 0.1527 0.3870 0.1946 0.2172 0.0484
47 0.2018 0.3030 0.2759 0.1080 0.1115
48 0.1791 0.3425 0.1696 0.1270 0.1819
49 0.1180 0.3208 0.2852 0.0933 0.1827
50 0.0753 0.5024 0.1078 0.0324 0.2820
51 0.2059 0.1220 0.3672 0.1875 0.1174
52 0.1741 0.3330 0.2739 0.1215 0.0977
53 0.3882 0.4131 0.0712 0.0505 0.0770
54 0.0503 0.6318 0.1838 0.0407 0.0932
55 0.0294 0.7285 0.1813 0.0150 0.0458
56 0.0926 0.1423 0.3577 0.3257 0.0817
57 0.1849 0.1140 0.3484 0.2888 0.0639
58 0.1644 0.4539 0.0901 0.0634 0.2283
59 0.0812 0.5127 0.0837 0.1067 0.2155
60 0.1870 0.3958 0.0919 0.1456 0.1798
61 0.1144 0.0781 0.4155 0.3608 0.0311
62 0.0423 0.0732 0.6519 0.2020 0.0305
63 0.1170 0.5044 0.0850 0.0850 0.2086
64 0.1122 0.4912 0.1079 0.0887 0.2000
65 0.0385 0.4578 0.0998 0.1241 0.2798
66 0.0335 0.5713 0.1265 0.1024 0.1663
67 0.0497 0.6289 0.0648 0.0763 0.1802
68 0.0866 0.5347 0.2161 0.0859 0.0765
69 0.0123 0.1975 0.3010 0.3867 0.1025
70 0.0956 0.4319 0.3062 0.1481 0.0181
71 0.0378 0.7070 0.1019 0.0283 0.1248
72 0.0508 0.3442 0.1190 0.1552 0.3311
73 0.0149 0.2161 0.0419 0.0242 0.7031
74 0.1439 0.2908 0.1998 0.1833 0.1820
75 0.0985 0.1295 0.3896 0.2942 0.0883
76 0.1215 0.1388 0.4480 0.2235 0.0682
77 0.0788 0.1372 0.4065 0.2927 0.0845
78 0.1248 0.1505 0.5420 0.1172 0.0652
79 0.1613 0.2346 0.2764 0.1842 0.1434
80 0.0688 0.4819 0.2073 0.1018 0.1403
81 0.0490 0.4836 0.1054 0.0686 0.2935
82 0.0845 0.1011 0.6802 0.0942 0.0399
83 0.0730 0.1071 0.7490 0.0582 0.0128
84 0.0125 0.5327 0.1742 0.0570 0.2238
85 0.0181 0.3142 0.1655 0.0659 0.4363
86 0.0057 0.1443 0.0511 0.0547 0.7441
87 0.0512 0.6387 0.2026 0.0489 0.0585
88 0.0888 0.6826 0.0923 0.0494 0.0868
89 0.0982 0.5786 0.0696 0.0659 0.1877
90 0.0397 0.2377 0.0464 0.0302 0.6460
91 0.0330 0.3413 0.0515 0.0112 0.5630
92 0.0952 0.5029 0.1685 0.0486 0.1849
93 0.0679 0.5142 0.0623 0.0581 0.2976
94 0.0919 0.3867 0.1899 0.0421 0.2896
95 0.0312 0.1159 0.0302 0.0245 0.7983
96 0.0900 0.4678 0.0478 0.0304 0.3643
97 0.0908 0.4104 0.0591 0.0163 0.4233
98 0.0409 0.2192 0.0618 0.0914 0.5869
99 0.0477 0.3552 0.0662 0.0338 0.4971
100 0.0317 0.6465 0.0518 0.0265 0.2435
101 0.0606 0.3801 0.1648 0.2361 0.1584
102 0.0490 0.4438 0.2432 0.0443 0.2197
103 0.0966 0.5225 0.1193 0.0839 0.1777
104 0.0670 0.1510 0.5610 0.1725 0.0483
105 0.1092 0.2040 0.4634 0.1541 0.0694
106 0.0318 0.4980 0.0746 0.0195 0.3760
107 0.0159 0.2246 0.0482 0.0193 0.6919
108 0.2065 0.3982 0.1766 0.0379 0.1808
109 0.1476 0.3101 0.0809 0.0754 0.3860
110 0.0818 0.6748 0.1102 0.0489 0.0845
111 0.0269 0.1975 0.1357 0.0727 0.5669
112 0.0986 0.2499 0.0912 0.0632 0.4971
113 0.0333 0.5635 0.1759 0.0699 0.1576
114 0.0412 0.5684 0.2227 0.0806 0.0872
115 0.1220 0.3044 0.2502 0.0165 0.3066
116 0.2607 0.2864 0.0807 0.0429 0.3296
117 0.1052 0.5303 0.1052 0.0845 0.1748
118 0.2900 0.3933 0.1552 0.0811 0.0805
119 0.2004 0.3491 0.1990 0.1898 0.0616
120 0.0750 0.0804 0.2849 0.4849 0.0750
121 0.0731 0.3101 0.0953 0.0909 0.4304
122 0.0537 0.4783 0.1229 0.0240 0.3210
123 0.0421 0.2556 0.1117 0.0662 0.5244
124 0.0614 0.3733 0.2710 0.2372 0.0572
125 0.0531 0.6372 0.1573 0.0626 0.0897
126 0.1366 0.3655 0.2341 0.1523 0.1115
127 0.1125 0.4963 0.1599 0.0890 0.1422
128 0.1159 0.3770 0.1781 0.1987 0.1302
129 0.0922 0.5137 0.2316 0.0422 0.1202
130 0.0783 0.5396 0.1071 0.0468 0.2284
131 0.1077 0.3396 0.1230 0.0712 0.3586
132 0.1080 0.5527 0.1646 0.1158 0.0591
133 0.0640 0.5151 0.1243 0.0475 0.2491
134 0.0327 0.7681 0.1466 0.0167 0.0362
135 0.1041 0.6733 0.1016 0.0162 0.1049
136 0.2450 0.3647 0.2411 0.0922 0.0568
137 0.0975 0.3567 0.1499 0.0556 0.3403
138 0.0441 0.4285 0.0566 0.0074 0.4634
139 0.0825 0.7070 0.0474 0.0066 0.1565
140 0.0534 0.6870 0.0479 0.0586 0.1533
141 0.0494 0.6255 0.0707 0.1070 0.1475
142 0.1371 0.4858 0.0972 0.0627 0.2173
143 0.1625 0.6177 0.0688 0.0312 0.1198
144 0.2256 0.4702 0.0584 0.0357 0.2102
145 0.1055 0.2018 0.2825 0.1687 0.2416
146 0.0646 0.3718 0.1479 0.0926 0.3230
147 0.0890 0.2595 0.5757 0.0667 0.0091
148 0.0576 0.2505 0.0839 0.1721 0.4360
149 0.0755 0.8184 0.0434 0.0211 0.0417
150 0.0517 0.6763 0.1697 0.0490 0.0534
151 0.0528 0.5127 0.1359 0.0673 0.2312
152 0.0269 0.6997 0.0646 0.0970 0.1116
153 0.0071 0.5254 0.3186 0.1381 0.0109
154 0.0215 0.7646 0.1641 0.0222 0.0274
155 0.0119 0.4314 0.1855 0.3577 0.0136
156 0.0751 0.3340 0.1200 0.3904 0.0806
157 0.0285 0.3525 0.0891 0.0979 0.4319
158 0.1107 0.6270 0.1661 0.0720 0.0243
159 0.1714 0.3745 0.1675 0.2052 0.0816
160 0.1138 0.2372 0.2487 0.3022 0.0981
161 0.1138 0.2544 0.3940 0.1147 0.1230
162 0.0316 0.4333 0.2507 0.1764 0.1078
163 0.0331 0.6245 0.1667 0.0729 0.1027
164 0.0284 0.2939 0.4277 0.1356 0.1142
165 0.1064 0.2573 0.5078 0.0917 0.0370
166 0.1636 0.3713 0.3833 0.0320 0.0499
167 0.2306 0.2781 0.2379 0.0726 0.1809
168 0.0344 0.6045 0.0603 0.1458 0.1552
169 0.1346 0.1017 0.0289 0.0562 0.6787
170 0.1930 0.1664 0.0466 0.0398 0.5542
171 0.5562 0.1212 0.0644 0.0486 0.2095
172 0.1665 0.2443 0.3694 0.1746 0.0452
173 0.0690 0.1543 0.6548 0.0997 0.0221
174 0.1034 0.0987 0.4819 0.2878 0.0283
175 0.0800 0.3069 0.1776 0.1965 0.2390
176 0.2573 0.2739 0.1244 0.0791 0.2654
177 0.0671 0.3628 0.3462 0.2067 0.0172
178 0.0497 0.1531 0.5732 0.2092 0.0147
179 0.1687 0.5239 0.1443 0.1205 0.0427
180 0.0798 0.4087 0.4153 0.0762 0.0200
181 0.1154 0.6436 0.0710 0.0844 0.0858
182 0.2296 0.4426 0.1760 0.1426 0.0093
183 0.1385 0.1985 0.4268 0.2213 0.0149
184 0.0702 0.6763 0.0233 0.2162 0.0141
185 0.2634 0.5532 0.0882 0.0748 0.0205
186 0.0754 0.1547 0.3459 0.3979 0.0260
187 0.0633 0.1580 0.5303 0.2075 0.0412
188 0.0687 0.1047 0.7793 0.0403 0.0069
189 0.0804 0.3865 0.4019 0.1116 0.0197
190 0.0046 0.0190 0.9653 0.0106 0.0006
191 0.0066 0.1122 0.8428 0.0348 0.0038
192 0.0610 0.0295 0.0960 0.7915 0.0219
193 0.0196 0.4497 0.1680 0.2859 0.0769
194 0.0064 0.1670 0.7847 0.0356 0.0065
195 0.0711 0.6099 0.1426 0.0537 0.1229
196 0.1324 0.1304 0.5488 0.1687 0.0197
197 0.1449 0.2771 0.1012 0.3672 0.1094
198 0.3457 0.2568 0.1780 0.1038 0.1158
199 0.2861 0.3396 0.1012 0.1967 0.0764
200 0.2185 0.4553 0.1295 0.0330 0.1637
201 0.2025 0.4600 0.0757 0.1448 0.1172
202 0.2247 0.3000 0.0916 0.2015 0.1820
203 0.3101 0.1940 0.1354 0.1895 0.1711
204 0.1267 0.1493 0.0920 0.5293 0.1026
205 0.1516 0.4319 0.0637 0.0562 0.2969
206 0.0602 0.4485 0.1798 0.0732 0.2382
207 0.0786 0.4524 0.1639 0.1042 0.2008
208 0.0698 0.0897 0.0737 0.3894 0.3774
209 0.0418 0.8398 0.0845 0.0032 0.0306
210 0.0763 0.3757 0.1350 0.1816 0.2314
211 0.0881 0.3459 0.0491 0.0291 0.4878
212 0.1146 0.5298 0.0567 0.0301 0.2686
213 0.2053 0.4148 0.0363 0.0104 0.3333
214 0.3262 0.4355 0.0825 0.0174 0.1382
215 0.1619 0.3000 0.1749 0.1202 0.2429
216 0.2961 0.3630 0.1345 0.0388 0.1675
217 0.0360 0.7769 0.1229 0.0412 0.0233
218 0.0736 0.3950 0.1940 0.0596 0.2778
219 0.0608 0.3064 0.0775 0.0987 0.4565
220 0.1508 0.1495 0.1520 0.1776 0.3701
221 0.1832 0.3789 0.1694 0.0509 0.2175
222 0.1389 0.1514 0.0823 0.1959 0.4314
223 0.1710 0.2979 0.0827 0.0248 0.4233
224 0.1525 0.0593 0.1840 0.5161 0.0883
225 0.1614 0.1857 0.5166 0.0971 0.0392
226 0.1416 0.1192 0.4902 0.1761 0.0729
227 0.0215 0.7764 0.0734 0.0516 0.0769
228 0.0201 0.6440 0.0935 0.1173 0.1249
229 0.1094 0.2883 0.2159 0.3318 0.0546
230 0.1423 0.3579 0.2944 0.1492 0.0562
231 0.1653 0.2705 0.2620 0.1482 0.1541
232 0.0764 0.4258 0.3557 0.0238 0.1182
233 0.1217 0.4851 0.2764 0.0143 0.1025
234 0.2136 0.1217 0.2617 0.3606 0.0424
235 0.1659 0.0724 0.6714 0.0645 0.0258
236 0.1726 0.1488 0.4690 0.1431 0.0665
237 0.2365 0.3960 0.2021 0.0993 0.0662
238 0.1656 0.0915 0.1722 0.5181 0.0525
239 0.0935 0.0533 0.0906 0.7471 0.0157
240 0.1321 0.3914 0.1593 0.0149 0.3022
241 0.0804 0.2849 0.1188 0.0117 0.5039
242 0.0646 0.4053 0.0870 0.3083 0.1348
243 0.0955 0.3633 0.3157 0.1400 0.0856
244 0.1542 0.4258 0.1129 0.0489 0.2583
245 0.1653 0.3997 0.2009 0.1414 0.0927
246 0.1489 0.5039 0.1255 0.0715 0.1501
247 0.1240 0.3943 0.1450 0.1617 0.1749
248 0.1733 0.1268 0.4568 0.1788 0.0643
249 0.2052 0.1133 0.4412 0.1854 0.0548
250 0.0887 0.2820 0.4651 0.1312 0.0329
251 0.0977 0.1255 0.4849 0.2255 0.0667
252 0.1792 0.2908 0.3296 0.1061 0.0944
253 0.1893 0.3171 0.3735 0.0735 0.0464
254 0.1669 0.2094 0.3911 0.1351 0.0974
255 0.1394 0.2688 0.3293 0.1495 0.1129
256 0.1215 0.4958 0.2717 0.0522 0.0587
257 0.0967 0.3403 0.0765 0.3594 0.1272
258 0.0853 0.4199 0.2014 0.2732 0.0201
259 0.2008 0.2898 0.0756 0.2479 0.1857
260 0.1255 0.3206 0.3333 0.1503 0.0704
261 0.0493 0.0653 0.8140 0.0609 0.0104
262 0.0519 0.1107 0.7803 0.0423 0.0147
263 0.0737 0.5078 0.1572 0.1926 0.0687
264 0.0301 0.0508 0.0408 0.8013 0.0769
265 0.0836 0.1990 0.3203 0.0480 0.3491
266 0.0892 0.4028 0.4124 0.0448 0.0508
267 0.3162 0.2788 0.2224 0.1209 0.0617
268 0.1951 0.3191 0.2605 0.1630 0.0623
269 0.1921 0.2318 0.3535 0.1696 0.0529
270 0.1127 0.2922 0.2223 0.3418 0.0311
271 0.0835 0.1727 0.2676 0.2937 0.1824
272 0.1281 0.2015 0.1251 0.0620 0.4834
273 0.0670 0.1764 0.4102 0.3296 0.0167
274 0.0850 0.0682 0.7812 0.0540 0.0115
275 0.1127 0.1238 0.6904 0.0599 0.0132
276 0.1176 0.1213 0.5923 0.1271 0.0416
277 0.0564 0.3567 0.3247 0.2113 0.0510
278 0.4836 0.2756 0.1312 0.0419 0.0676
279 0.2147 0.1880 0.0446 0.0416 0.5112
280 0.3726 0.2207 0.0864 0.1639 0.1565
281 0.1824 0.2493 0.4409 0.0692 0.0583
