time exciting_prob fearful_prob tense_prob sad_prob relaxing_prob
0 0.2037 0.2830 0.2496 0.2310 0.0327
1 0.0170 0.1816 0.1707 0.6240 0.0065
2 0.0203 0.2147 0.2164 0.5356 0.0128
3 0.0415 0.6597 0.0794 0.1667 0.0529
4 0.0738 0.5161 0.0919 0.2203 0.0978
5 0.0198 0.6855 0.1137 0.1210 0.0599
6 0.0114 0.7671 0.0483 0.1608 0.0126
7 0.0146 0.8237 0.0454 0.1039 0.0121
8 0.0121 0.2781 0.3628 0.3354 0.0116
9 0.0093 0.4944 0.2448 0.2372 0.0144
10 0.0070 0.0630 0.1196 0.7104 0.1000
11 0.1193 0.1139 0.4871 0.2607 0.0192
12 0.0437 0.3179 0.5713 0.0631 0.0041
13 0.0275 0.2954 0.5781 0.0944 0.0045
14 0.0338 0.0876 0.8184 0.0395 0.0206
15 0.0221 0.2200 0.5195 0.2051 0.0332
16 0.0245 0.1924 0.6021 0.1808 0.0003
17 0.0225 0.2617 0.5898 0.1256 0.0003
18 0.0214 0.2712 0.5479 0.1594 0.0002
19 0.0371 0.4490 0.2189 0.2900 0.0050
20 0.0688 0.2311 0.3110 0.3811 0.0080
21 0.0145 0.3540 0.5747 0.0436 0.0133
22 0.0139 0.3345 0.5776 0.0563 0.0175
23 0.0856 0.0955 0.0829 0.5762 0.1599
24 0.0865 0.3530 0.0449 0.0478 0.4678
25 0.0318 0.5776 0.0456 0.2949 0.0501
26 0.1140 0.4072 0.2629 0.0235 0.1924
27 0.0517 0.0559 0.2175 0.6597 0.0150
28 0.0205 0.2206 0.5010 0.2443 0.0136
29 0.0466 0.4744 0.4387 0.0378 0.0027
30 0.0243 0.1808 0.5151 0.2756 0.0042
31 0.0544 0.2205 0.4968 0.2257 0.0026
32 0.0076 0.1008 0.3464 0.5449 0.0002
33 0.0145 0.1423 0.5459 0.2966 0.0006
34 0.0344 0.1393 0.0958 0.6646 0.0658
35 0.0224 0.3269 0.0542 0.5649 0.0314
36 0.0572 0.0988 0.2159 0.6152 0.0131
37 0.0660 0.1420 0.4653 0.3250 0.0019
38 0.0380 0.1180 0.6895 0.1492 0.0053
39 0.0184 0.1947 0.4253 0.3582 0.0035
40 0.0319 0.1570 0.6821 0.1262 0.0028
41 0.0258 0.4897 0.1888 0.2791 0.0165
42 0.0290 0.2998 0.1270 0.5264 0.0180
43 0.0895 0.3770 0.4011 0.0436 0.0888
44 0.1461 0.1036 0.1531 0.5776 0.0193
45 0.0882 0.1187 0.1366 0.6416 0.0151
46 0.0596 0.0840 0.6504 0.2015 0.0043
47 0.0526 0.2318 0.3025 0.4006 0.0127
48 0.0511 0.2917 0.4812 0.1689 0.0070
49 0.0701 0.6099 0.0452 0.2209 0.0537
50 0.0296 0.5684 0.0287 0.3640 0.0095
51 0.0100 0.2483 0.3787 0.3613 0.0017
52 0.0574 0.0761 0.1688 0.6274 0.0704
53 0.0122 0.0825 0.0424 0.8594 0.0037
54 0.0487 0.3923 0.2915 0.2656 0.0017
55 0.0334 0.7021 0.0872 0.1472 0.0299
56 0.0367 0.6978 0.0974 0.1373 0.0309
57 0.1098 0.4446 0.3408 0.0518 0.0531
58 0.0235 0.0568 0.0908 0.8281 0.0008
59 0.0242 0.2467 0.5825 0.1281 0.0183
60 0.0381 0.1995 0.5771 0.1288 0.0563
61 0.0192 0.3096 0.5435 0.1113 0.0165
62 0.0579 0.2325 0.1455 0.5156 0.0483
63 0.0130 0.0911 0.1526 0.7163 0.0269
64 0.0217 0.4521 0.2920 0.1798 0.0544
65 0.0133 0.5601 0.1763 0.1876 0.0629
66 0.0136 0.4578 0.4507 0.0681 0.0100
67 0.0306 0.0707 0.4004 0.4260 0.0723
68 0.0276 0.1198 0.4814 0.2136 0.1575
69 0.0135 0.5356 0.1312 0.2377 0.0821
70 0.0704 0.2988 0.5205 0.0549 0.0553
71 0.0198 0.2178 0.6919 0.0400 0.0304
72 0.0352 0.6543 0.1530 0.1483 0.0094
73 0.0222 0.4746 0.4255 0.0372 0.0405
74 0.0461 0.2512 0.3435 0.3176 0.0414
75 0.0373 0.1159 0.3684 0.3201 0.1584
76 0.0539 0.1823 0.4878 0.1583 0.1177
77 0.0278 0.8516 0.0956 0.0177 0.0071
78 0.0204 0.9248 0.0453 0.0075 0.0018
79 0.0301 0.2898 0.2087 0.4702 0.0012
80 0.0151 0.4080 0.1810 0.3955 0.0003
81 0.0756 0.1189 0.4216 0.3181 0.0657
82 0.0651 0.0963 0.0317 0.5283 0.2786
83 0.0300 0.2307 0.5322 0.0570 0.1501
84 0.0512 0.2639 0.3608 0.0721 0.2520
85 0.0401 0.2698 0.1927 0.4961 0.0013
86 0.0158 0.4021 0.2037 0.3777 0.0006
87 0.0544 0.5122 0.1099 0.3206 0.0031
88 0.0296 0.1702 0.0641 0.7056 0.0307
89 0.0061 0.0760 0.1489 0.7686 0.0005
90 0.1696 0.1240 0.3940 0.2839 0.0285
91 0.0114 0.0536 0.8916 0.0417 0.0018
92 0.0663 0.0950 0.7026 0.1240 0.0122
93 0.0408 0.4060 0.1381 0.3696 0.0455
94 0.0430 0.2896 0.2085 0.4346 0.0243
95 0.1746 0.2856 0.2090 0.3040 0.0268
96 0.0244 0.3821 0.3704 0.0712 0.1520
97 0.0222 0.1702 0.7451 0.0531 0.0094
98 0.0260 0.0497 0.1154 0.8013 0.0076
99 0.0510 0.3459 0.1123 0.4443 0.0464
100 0.0127 0.7466 0.1978 0.0428 0.0004
101 0.0404 0.5371 0.2070 0.2136 0.0020
102 0.0124 0.7065 0.1887 0.0920 0.0004
103 0.0263 0.0146 0.0220 0.9062 0.0305
104 0.1237 0.3721 0.0830 0.2854 0.1359
105 0.0107 0.3018 0.0381 0.6489 0.0007
106 0.0242 0.1744 0.1026 0.6899 0.0087
107 0.0176 0.4790 0.0446 0.4570 0.0017
108 0.0353 0.2178 0.7251 0.0132 0.0086
109 0.0412 0.1085 0.4097 0.4160 0.0246
110 0.1100 0.2966 0.3362 0.2120 0.0451
111 0.0302 0.1851 0.6826 0.0968 0.0055
112 0.0245 0.2700 0.4851 0.2102 0.0102
113 0.0348 0.2064 0.5742 0.1725 0.0121
114 0.0138 0.4370 0.4800 0.0660 0.0030
115 0.0264 0.4192 0.4126 0.1372 0.0046
116 0.0619 0.3269 0.4539 0.1270 0.0304
117 0.0497 0.1183 0.5469 0.2228 0.0623
118 0.0140 0.2314 0.5957 0.1530 0.0060
119 0.0171 0.1417 0.8091 0.0277 0.0045
120 0.0183 0.1547 0.7915 0.0273 0.0081
121 0.0308 0.1704 0.7520 0.0369 0.0100
122 0.0588 0.3518 0.5493 0.0177 0.0223
123 0.0648 0.2406 0.3845 0.3042 0.0060
124 0.0515 0.1613 0.3157 0.4666 0.0050
125 0.0197 0.1376 0.8164 0.0216 0.0046
126 0.0700 0.1830 0.7129 0.0262 0.0080
127 0.1022 0.4238 0.3149 0.0945 0.0645
128 0.0522 0.4834 0.2979 0.0707 0.0959
129 0.0221 0.0507 0.7163 0.2052 0.0060
130 0.0116 0.4324 0.4976 0.0533 0.0050
131 0.0655 0.2734 0.1322 0.3679 0.1608
132 0.0862 0.4343 0.1560 0.2324 0.0910
133 0.0199 0.0845 0.1329 0.6543 0.1085
134 0.0203 0.0846 0.1395 0.6763 0.0795
135 0.0208 0.2156 0.5591 0.1978 0.0067
136 0.0050 0.0972 0.8667 0.0272 0.0041
137 0.0529 0.2262 0.5137 0.1846 0.0228
138 0.0104 0.5435 0.4104 0.0284 0.0072
139 0.0745 0.2812 0.2903 0.3447 0.0094
140 0.0228 0.1592 0.7476 0.0604 0.0101
141 0.1626 0.1208 0.2120 0.4854 0.0194
142 0.0112 0.1051 0.8525 0.0250 0.0060
143 0.0184 0.0794 0.8472 0.0490 0.0058
144 0.0361 0.2664 0.5820 0.0995 0.0160
145 0.0966 0.4067 0.2729 0.1997 0.0240
146 0.0323 0.2314 0.7188 0.0135 0.0041
147 0.0344 0.2793 0.5732 0.0533 0.0599
148 0.0321 0.2369 0.6963 0.0210 0.0135
149 0.0750 0.1246 0.7573 0.0285 0.0149
150 0.0614 0.1862 0.6104 0.1299 0.0124
151 0.0042 0.9385 0.0372 0.0141 0.0061
152 0.0090 0.8418 0.0644 0.0457 0.0391
153 0.0543 0.0429 0.8486 0.0518 0.0022
154 0.0067 0.7881 0.1814 0.0231 0.0010
155 0.0088 0.7354 0.2463 0.0083 0.0009
156 0.0687 0.1160 0.5801 0.0704 0.1649
157 0.0393 0.1342 0.6758 0.1013 0.0493
158 0.0570 0.0940 0.0527 0.1884 0.6079
159 0.0254 0.1604 0.1320 0.5020 0.1803
160 0.0613 0.2191 0.4290 0.2583 0.0323
161 0.0776 0.4001 0.4260 0.0893 0.0069
162 0.0504 0.2617 0.5088 0.0837 0.0956
163 0.0596 0.1204 0.3430 0.4690 0.0080
164 0.0299 0.4897 0.4126 0.0580 0.0097
165 0.0911 0.2399 0.3716 0.2761 0.0215
166 0.0246 0.3240 0.0372 0.6050 0.0090
167 0.0085 0.2979 0.0361 0.6504 0.0071
168 0.0264 0.0800 0.5728 0.3018 0.0194
169 0.0746 0.1438 0.5430 0.1156 0.1230
170 0.0373 0.1571 0.6616 0.1187 0.0253
171 0.1438 0.0807 0.0685 0.3069 0.4001
172 0.0220 0.1287 0.0392 0.0870 0.7231
173 0.0048 0.6567 0.0961 0.2416 0.0006
174 0.0092 0.6572 0.2068 0.1255 0.0012
175 0.0275 0.5645 0.2299 0.1655 0.0126
176 0.0172 0.1020 0.3850 0.4866 0.0093
177 0.0110 0.1683 0.0149 0.8032 0.0027
178 0.0648 0.4639 0.0972 0.3342 0.0399
179 0.0069 0.3591 0.0680 0.5649 0.0008
180 0.0197 0.4519 0.1467 0.3806 0.0012
181 0.1255 0.1743 0.0398 0.1236 0.5366
182 0.0365 0.2454 0.0430 0.0772 0.5981
183 0.0487 0.3513 0.5112 0.0606 0.0282
184 0.0654 0.3269 0.2336 0.2668 0.1070
185 0.0900 0.5220 0.2729 0.0845 0.0306
186 0.1179 0.1870 0.4380 0.2419 0.0151
187 0.2136 0.1091 0.3108 0.3108 0.0557
188 0.1907 0.1439 0.4946 0.0801 0.0908
189 0.2438 0.3604 0.3333 0.0480 0.0149
190 0.1770 0.1826 0.2742 0.3281 0.0383
191 0.1038 0.2356 0.3855 0.2549 0.0204
192 0.1981 0.1763 0.5142 0.0966 0.0150
193 0.0729 0.4753 0.2505 0.1776 0.0237
194 0.1442 0.1283 0.3889 0.1910 0.1476
195 0.3726 0.1493 0.1932 0.2295 0.0554
196 0.0992 0.1727 0.3921 0.2983 0.0376
197 0.1298 0.1318 0.4937 0.1963 0.0485
198 0.1273 0.5488 0.2612 0.0514 0.0115
199 0.2803 0.1882 0.3572 0.1512 0.0230
200 0.1298 0.0950 0.2747 0.4897 0.0108
201 0.0411 0.0812 0.3726 0.4287 0.0763
202 0.2275 0.1539 0.4817 0.1277 0.0091
203 0.1569 0.2976 0.2144 0.2883 0.0429
204 0.0850 0.1144 0.4893 0.3015 0.0099
205 0.1343 0.2627 0.3296 0.2546 0.0186
206 0.3425 0.3674 0.2263 0.0304 0.0334
207 0.1086 0.1967 0.4431 0.2372 0.0146
208 0.1052 0.0581 0.4644 0.3450 0.0275
209 0.0195 0.1147 0.3169 0.5308 0.0184
210 0.0324 0.1333 0.5190 0.2913 0.0241
211 0.0360 0.0927 0.5381 0.3213 0.0122
212 0.0299 0.2710 0.6401 0.0482 0.0109
213 0.0180 0.2651 0.2032 0.4951 0.0186
214 0.0162 0.4204 0.4204 0.1293 0.0136
215 0.0508 0.1718 0.6431 0.1199 0.0144
216 0.0426 0.2866 0.5972 0.0649 0.0085
217 0.0339 0.2463 0.5640 0.1350 0.0207
218 0.0233 0.4431 0.3242 0.2076 0.0019
219 0.0172 0.1360 0.2139 0.6289 0.0042
220 0.0350 0.2452 0.0284 0.6821 0.0091
221 0.0400 0.6162 0.0828 0.2267 0.0345
222 0.0344 0.0972 0.3787 0.4861 0.0037
223 0.0085 0.6802 0.1591 0.1519 0.0003
224 0.0094 0.6030 0.1064 0.2805 0.0005
225 0.0254 0.2524 0.1593 0.5601 0.0025
226 0.0289 0.3713 0.0882 0.5073 0.0040
227 0.0214 0.3240 0.0604 0.5913 0.0027
228 0.1399 0.2554 0.1715 0.3687 0.0646
229 0.0345 0.1633 0.4727 0.3076 0.0221
230 0.0181 0.1597 0.5273 0.2869 0.0079
231 0.0351 0.2781 0.4622 0.2067 0.0181
232 0.0605 0.3047 0.2566 0.2524 0.1260
233 0.0149 0.1366 0.0569 0.7739 0.0176
234 0.2554 0.3206 0.1898 0.1854 0.0488
235 0.2764 0.0404 0.3604 0.2849 0.0380
236 0.0610 0.3347 0.2213 0.3347 0.0482
237 0.4519 0.1854 0.2238 0.1161 0.0229
238 0.2262 0.3267 0.1580 0.2334 0.0559
239 0.0856 0.3179 0.2964 0.2476 0.0527
240 0.0484 0.4380 0.4590 0.0343 0.0205
241 0.0777 0.3591 0.3401 0.1750 0.0479
242 0.0139 0.1633 0.0129 0.8042 0.0057
243 0.1499 0.3459 0.0902 0.2415 0.1726
244 0.8540 0.0439 0.0066 0.0893 0.0061
245 0.0356 0.2216 0.0645 0.6665 0.0119
246 0.0439 0.5742 0.0555 0.3025 0.0241
247 0.0911 0.5161 0.2742 0.1066 0.0119
248 0.1127 0.6094 0.2140 0.0381 0.0258
249 0.1311 0.3765 0.2374 0.2450 0.0101
250 0.0048 0.4954 0.0342 0.4656 0.0000
251 0.0104 0.5664 0.0282 0.3953 0.0000
252 0.0124 0.0598 0.0216 0.9058 0.0003
253 0.0204 0.3267 0.0609 0.5918 0.0003
254 0.0164 0.6938 0.0606 0.2289 0.0002
255 0.0553 0.3037 0.4705 0.1576 0.0128
256 0.0274 0.4387 0.2747 0.2578 0.0014
257 0.0949 0.1209 0.0405 0.3015 0.4421
258 0.0357 0.5894 0.3157 0.0298 0.0294
259 0.1337 0.4084 0.3662 0.0255 0.0662
260 0.2700 0.2328 0.3206 0.0993 0.0773
261 0.1420 0.6118 0.0796 0.1071 0.0596
262 0.1536 0.5483 0.1055 0.1355 0.0569
263 0.0333 0.2039 0.1189 0.6279 0.0161
264 0.1484 0.2410 0.2062 0.3618 0.0425
