time exciting_prob fearful_prob tense_prob sad_prob relaxing_prob
0 0.2223 0.1602 0.1528 0.3843 0.0805
1 0.1364 0.1113 0.3428 0.3538 0.0560
2 0.1204 0.2339 0.3855 0.2096 0.0506
3 0.2014 0.1921 0.4539 0.1212 0.0314
4 0.1788 0.1219 0.4158 0.2406 0.0428
5 0.0706 0.1918 0.1118 0.3872 0.2386
6 0.0193 0.0497 0.0287 0.2925 0.6099
7 0.0316 0.0706 0.0481 0.2812 0.5684
8 0.0386 0.1040 0.0548 0.3179 0.4846
9 0.0326 0.1383 0.0412 0.2859 0.5020
10 0.0288 0.0859 0.0446 0.4434 0.3975
11 0.0537 0.2352 0.3020 0.3586 0.0505
12 0.0307 0.4446 0.1124 0.3862 0.0263
13 0.0541 0.1403 0.0763 0.0599 0.6694
14 0.1406 0.3320 0.1147 0.1581 0.2546
15 0.2773 0.3762 0.0696 0.2429 0.0339
16 0.2382 0.2037 0.0544 0.4053 0.0985
17 0.0759 0.3196 0.1364 0.2469 0.2213
18 0.0768 0.2700 0.3362 0.3013 0.0156
19 0.1650 0.2898 0.1946 0.3232 0.0274
20 0.1827 0.0721 0.0341 0.7061 0.0053
21 0.1764 0.0827 0.0436 0.6924 0.0050
22 0.1648 0.1782 0.0507 0.5981 0.0082
23 0.1583 0.1660 0.1365 0.5356 0.0033
24 0.2236 0.3254 0.3630 0.0773 0.0106
25 0.1436 0.4187 0.3064 0.1136 0.0176
26 0.1395 0.4795 0.2908 0.0644 0.0256
27 0.2159 0.2029 0.4500 0.1069 0.0244
28 0.0207 0.0071 0.1309 0.8403 0.0011
29 0.0218 0.0124 0.0434 0.9131 0.0093
30 0.0787 0.2258 0.2024 0.3694 0.1237
31 0.0821 0.0901 0.1167 0.6714 0.0397
32 0.0359 0.0897 0.0779 0.7163 0.0804
33 0.0707 0.2952 0.1982 0.4036 0.0323
34 0.1124 0.1304 0.1377 0.5752 0.0443
35 0.0363 0.1180 0.0473 0.7700 0.0285
36 0.1126 0.4558 0.0919 0.2744 0.0652
37 0.1506 0.4978 0.1192 0.1920 0.0403
38 0.0712 0.6245 0.0980 0.1404 0.0658
39 0.1630 0.4644 0.1138 0.1749 0.0839
40 0.1335 0.3926 0.1729 0.2573 0.0437
41 0.1257 0.4634 0.1317 0.1772 0.1018
42 0.1060 0.5469 0.2297 0.0262 0.0914
43 0.0787 0.4861 0.1904 0.1628 0.0819
44 0.1912 0.4998 0.1572 0.0656 0.0862
45 0.2247 0.5063 0.1417 0.0490 0.0782
46 0.1815 0.5547 0.1517 0.0594 0.0524
47 0.2101 0.5200 0.0810 0.0849 0.1040
48 0.0251 0.1274 0.1489 0.6890 0.0097
49 0.1497 0.2646 0.1631 0.3853 0.0373
50 0.1196 0.4805 0.1215 0.2654 0.0129
51 0.1698 0.3323 0.1879 0.2932 0.0167
52 0.1671 0.2302 0.2231 0.3679 0.0116
53 0.0138 0.2284 0.7261 0.0304 0.0015
54 0.2102 0.2438 0.3254 0.2037 0.0168
55 0.2057 0.2260 0.1947 0.3611 0.0126
56 0.1500 0.1294 0.0939 0.6172 0.0095
57 0.4260 0.1875 0.1028 0.2524 0.0313
58 0.0324 0.4917 0.0237 0.4407 0.0116
59 0.1242 0.6821 0.0635 0.0834 0.0468
60 0.1030 0.7319 0.0615 0.0551 0.0486
61 0.0692 0.0376 0.4141 0.4548 0.0243
62 0.1228 0.2224 0.2725 0.3337 0.0485
63 0.0659 0.3093 0.0272 0.5869 0.0105
64 0.1293 0.4478 0.0917 0.3125 0.0188
65 0.1312 0.3379 0.0708 0.4270 0.0329
66 0.1771 0.3083 0.1412 0.3662 0.0070
67 0.1462 0.1879 0.1440 0.5107 0.0113
68 0.1313 0.4175 0.1622 0.2781 0.0108
69 0.4343 0.2654 0.0720 0.2117 0.0167
70 0.3030 0.3225 0.0602 0.3005 0.0136
71 0.2147 0.4106 0.0725 0.2800 0.0219
72 0.3408 0.2512 0.0433 0.3330 0.0317
73 0.2155 0.0877 0.3962 0.2347 0.0657
74 0.0486 0.2507 0.3882 0.2668 0.0457
75 0.0712 0.3730 0.3093 0.1310 0.1155
76 0.0431 0.6797 0.1692 0.0349 0.0733
77 0.0286 0.7783 0.1395 0.0273 0.0262
78 0.0775 0.2025 0.0751 0.5859 0.0589
79 0.0522 0.8237 0.0225 0.0703 0.0314
80 0.0458 0.5664 0.0385 0.2939 0.0552
81 0.0173 0.2788 0.3750 0.3159 0.0130
82 0.1019 0.0787 0.0580 0.7524 0.0089
83 0.0798 0.4312 0.0300 0.4246 0.0346
84 0.0246 0.1362 0.0981 0.7363 0.0048
85 0.1233 0.3540 0.2395 0.2632 0.0200
86 0.0430 0.6831 0.1048 0.1573 0.0116
87 0.2192 0.3345 0.2299 0.1891 0.0275
88 0.0952 0.4834 0.2627 0.1271 0.0316
89 0.2646 0.4468 0.2229 0.0525 0.0131
90 0.1302 0.4475 0.3149 0.0708 0.0364
91 0.2505 0.4397 0.1543 0.1094 0.0460
92 0.1559 0.4763 0.0681 0.1132 0.1865
93 0.1975 0.3467 0.0677 0.1676 0.2203
94 0.1279 0.5732 0.1012 0.1567 0.0406
95 0.1353 0.6108 0.0521 0.1722 0.0297
96 0.1450 0.4133 0.1095 0.2668 0.0654
97 0.2205 0.1246 0.2104 0.4316 0.0127
98 0.1217 0.0515 0.6040 0.2136 0.0093
99 0.1202 0.4297 0.2094 0.0486 0.1921
100 0.1118 0.5376 0.2073 0.0438 0.0994
101 0.2798 0.3096 0.1544 0.0685 0.1877
102 0.0623 0.4060 0.2791 0.2207 0.0320
103 0.3489 0.2654 0.1283 0.2474 0.0100
104 0.5610 0.1725 0.0660 0.1725 0.0279
105 0.4365 0.1892 0.1222 0.2355 0.0165
106 0.0277 0.0058 0.1183 0.2281 0.6201
107 0.0490 0.0108 0.1487 0.2303 0.5610
108 0.1355 0.4878 0.1713 0.1971 0.0083
109 0.1122 0.5112 0.1986 0.1476 0.0305
110 0.0852 0.3093 0.3450 0.1394 0.1211
111 0.0385 0.1610 0.2573 0.1124 0.4309
112 0.1847 0.2729 0.3291 0.1438 0.0695
113 0.1250 0.2030 0.2264 0.3975 0.0482
114 0.1227 0.2137 0.2275 0.3638 0.0721
115 0.1819 0.2428 0.2228 0.2605 0.0922
116 0.1139 0.6865 0.1086 0.0517 0.0390
117 0.0210 0.6738 0.1562 0.1227 0.0263
118 0.1230 0.1818 0.1310 0.5181 0.0463
119 0.0526 0.1896 0.1571 0.5659 0.0348
120 0.0757 0.6538 0.0851 0.0920 0.0934
121 0.1456 0.2186 0.2220 0.3521 0.0616
122 0.1965 0.1920 0.1862 0.3318 0.0936
123 0.0354 0.0850 0.8130 0.0637 0.0031
124 0.1984 0.5786 0.0596 0.1533 0.0102
125 0.1599 0.1315 0.1798 0.4663 0.0626
126 0.0189 0.0503 0.5752 0.3545 0.0012
127 0.1079 0.2096 0.0275 0.6357 0.0193
128 0.0804 0.2052 0.2805 0.4146 0.0194
129 0.0396 0.1891 0.2352 0.5220 0.0141
130 0.1493 0.2258 0.0485 0.5420 0.0346
131 0.2622 0.2190 0.0338 0.4600 0.0250
132 0.0656 0.4519 0.2273 0.2419 0.0131
133 0.1174 0.2142 0.0619 0.5059 0.1004
134 0.1621 0.2323 0.4548 0.0939 0.0569
135 0.1737 0.3621 0.3914 0.0614 0.0115
136 0.0499 0.7798 0.0587 0.0896 0.0218
137 0.0592 0.2065 0.0939 0.4995 0.1409
138 0.1929 0.1785 0.1757 0.0926 0.3604
139 0.0840 0.3591 0.3481 0.1462 0.0624
140 0.0913 0.3696 0.0899 0.4392 0.0099
141 0.0340 0.4695 0.2939 0.2004 0.0022
142 0.0953 0.4880 0.0772 0.2673 0.0720
143 0.1602 0.2106 0.1873 0.3162 0.1257
144 0.2288 0.2003 0.0910 0.3657 0.1141
145 0.0848 0.3572 0.1989 0.3057 0.0535
146 0.0558 0.7520 0.0492 0.1370 0.0061
147 0.1370 0.0934 0.3337 0.3782 0.0580
148 0.3220 0.1581 0.2230 0.2546 0.0422
149 0.1027 0.0613 0.2747 0.5381 0.0233
150 0.1217 0.1490 0.2070 0.5122 0.0099
151 0.1938 0.4233 0.1487 0.2267 0.0075
152 0.1803 0.1531 0.2075 0.4260 0.0331
153 0.0516 0.2311 0.4893 0.2137 0.0142
154 0.0610 0.2489 0.4167 0.2338 0.0397
155 0.1903 0.5337 0.1874 0.0745 0.0140
156 0.1467 0.2615 0.2964 0.2400 0.0553
157 0.1213 0.4009 0.2180 0.2285 0.0312
158 0.0260 0.3760 0.4194 0.1616 0.0170
159 0.0414 0.1401 0.6382 0.1665 0.0139
160 0.2034 0.2959 0.3625 0.1252 0.0128
161 0.0740 0.2642 0.2278 0.3787 0.0554
162 0.1438 0.3191 0.3616 0.1531 0.0226
163 0.1888 0.3528 0.0500 0.1248 0.2834
164 0.1776 0.2263 0.1061 0.2583 0.2317
165 0.1146 0.2091 0.0452 0.1449 0.4863
166 0.1232 0.1792 0.0479 0.3765 0.2732
167 0.1437 0.0537 0.0576 0.1403 0.6050
168 0.0335 0.2966 0.3108 0.3206 0.0386
169 0.1808 0.0483 0.2358 0.3486 0.1865
170 0.2172 0.3110 0.1100 0.1576 0.2040
171 0.2408 0.0800 0.1289 0.2998 0.2505
172 0.0250 0.3020 0.2352 0.4194 0.0184
173 0.0235 0.1394 0.6445 0.1876 0.0047
174 0.0405 0.0792 0.1492 0.6582 0.0727
175 0.0601 0.4873 0.2321 0.2015 0.0190
176 0.2295 0.2332 0.3018 0.2123 0.0235
177 0.1300 0.2410 0.3882 0.2264 0.0145
178 0.0518 0.1896 0.6362 0.0895 0.0327
179 0.1501 0.4924 0.1433 0.1783 0.0359
180 0.2020 0.3955 0.1057 0.2827 0.0142
181 0.2159 0.4753 0.1669 0.0966 0.0453
182 0.1396 0.1354 0.0397 0.6069 0.0784
183 0.0435 0.1060 0.8203 0.0212 0.0090
184 0.0326 0.3452 0.6152 0.0043 0.0024
185 0.0247 0.0602 0.4312 0.4810 0.0028
186 0.2139 0.0668 0.2385 0.4058 0.0751
187 0.3125 0.1583 0.2568 0.1725 0.0999
188 0.3730 0.1165 0.0712 0.3911 0.0482
189 0.3572 0.2325 0.1624 0.2117 0.0362
190 0.2761 0.1729 0.1082 0.4211 0.0216
191 0.3821 0.1495 0.1617 0.2751 0.0316
192 0.5044 0.2273 0.1235 0.1179 0.0271
193 0.2090 0.1641 0.2260 0.3784 0.0227
194 0.2659 0.2383 0.2942 0.1689 0.0327
195 0.2764 0.3281 0.1188 0.2291 0.0476
196 0.3477 0.3477 0.0550 0.0634 0.1862
197 0.1503 0.2363 0.3083 0.2988 0.0064
198 0.0407 0.1313 0.0931 0.7324 0.0021
199 0.1849 0.6162 0.1013 0.0908 0.0069
200 0.0844 0.1035 0.7183 0.0757 0.0184
201 0.1196 0.1622 0.5576 0.1283 0.0322
202 0.1396 0.4617 0.1223 0.2671 0.0093
203 0.0565 0.4019 0.1324 0.3657 0.0434
204 0.1082 0.6270 0.1611 0.0869 0.0167
205 0.4590 0.2534 0.0515 0.1624 0.0737
206 0.1967 0.5181 0.1709 0.0753 0.0390
207 0.2996 0.2771 0.0456 0.0781 0.2996
208 0.0033 0.5190 0.4373 0.0370 0.0034
209 0.2086 0.6733 0.0458 0.0469 0.0251
210 0.3945 0.2546 0.0834 0.1938 0.0735
211 0.0786 0.5542 0.2136 0.1295 0.0243
212 0.1267 0.4746 0.2106 0.1719 0.0161
213 0.0420 0.7383 0.0671 0.1409 0.0117
214 0.0205 0.0787 0.8203 0.0763 0.0044
215 0.0270 0.1174 0.7773 0.0701 0.0082
216 0.2235 0.3628 0.3103 0.0932 0.0101
217 0.0027 0.1681 0.8145 0.0121 0.0028
218 0.3965 0.2766 0.0844 0.2189 0.0236
219 0.4272 0.2217 0.0307 0.2018 0.1187
220 0.2952 0.3701 0.0517 0.2061 0.0770
221 0.2678 0.4380 0.0579 0.1467 0.0897
222 0.1924 0.5068 0.0601 0.1864 0.0543
223 0.0315 0.1100 0.7881 0.0511 0.0194
224 0.2874 0.2576 0.1049 0.2383 0.1117
225 0.1337 0.5288 0.0891 0.1813 0.0672
226 0.1337 0.4702 0.0843 0.2119 0.1001
227 0.5122 0.2786 0.0911 0.1041 0.0140
228 0.1760 0.7017 0.0844 0.0311 0.0071
229 0.0729 0.8149 0.0989 0.0084 0.0050
230 0.0800 0.1655 0.1211 0.6147 0.0184
231 0.0927 0.2190 0.1963 0.4709 0.0210
232 0.0129 0.3308 0.4592 0.1198 0.0773
233 0.0135 0.4592 0.4966 0.0294 0.0012
234 0.1967 0.4163 0.0604 0.3069 0.0198
235 0.2261 0.1948 0.5015 0.0745 0.0030
236 0.2537 0.3928 0.1017 0.1930 0.0588
237 0.1082 0.1082 0.6626 0.1188 0.0024
238 0.1482 0.5952 0.0972 0.0864 0.0728
239 0.0592 0.3831 0.4919 0.0587 0.0072
240 0.0988 0.4092 0.3394 0.1257 0.0270
241 0.0279 0.0789 0.4756 0.4133 0.0042
242 0.0394 0.4045 0.2235 0.1741 0.1584
243 0.0130 0.3440 0.4417 0.1990 0.0025
244 0.1001 0.1841 0.6323 0.0761 0.0072
245 0.1417 0.1968 0.2954 0.3374 0.0288
246 0.0464 0.6929 0.1711 0.0605 0.0291
247 0.3901 0.2258 0.3062 0.0229 0.0549
248 0.3940 0.1708 0.2126 0.1461 0.0764
249 0.2217 0.2288 0.3713 0.1132 0.0650
250 0.0669 0.6753 0.1669 0.0521 0.0387
251 0.0723 0.6104 0.1642 0.0559 0.0973
252 0.0697 0.1534 0.0765 0.6875 0.0127
253 0.0879 0.0852 0.0690 0.7476 0.0103
254 0.0763 0.2332 0.1011 0.5859 0.0034
255 0.2252 0.1283 0.1366 0.4919 0.0181
256 0.0325 0.0971 0.0236 0.8262 0.0207
257 0.1443 0.4272 0.1409 0.2695 0.0182
258 0.1139 0.4399 0.3882 0.0358 0.0221
259 0.1163 0.5815 0.2386 0.0366 0.0270
260 0.0876 0.3518 0.3987 0.0816 0.0804
261 0.2135 0.3689 0.1703 0.1885 0.0588
262 0.2267 0.4202 0.1620 0.1510 0.0403
263 0.0441 0.0906 0.2969 0.5459 0.0224
264 0.0500 0.5015 0.0871 0.3445 0.0172
265 0.1181 0.2539 0.1181 0.4971 0.0128
266 0.2544 0.4097 0.0859 0.0752 0.1748
267 0.1260 0.1951 0.3167 0.3423 0.0199
268 0.2712 0.1021 0.2031 0.4167 0.0067
269 0.1405 0.1592 0.1819 0.4607 0.0577
270 0.1431 0.1794 0.1925 0.4617 0.0233
271 0.2986 0.1611 0.0897 0.4277 0.0227
272 0.1642 0.1919 0.0361 0.5776 0.0304
273 0.1212 0.3762 0.1078 0.3618 0.0331
274 0.1389 0.6030 0.1346 0.0315 0.0918
275 0.2277 0.3933 0.2520 0.0477 0.0793
276 0.1460 0.4822 0.1747 0.1329 0.0643
277 0.1406 0.3618 0.2668 0.1937 0.0370
278 0.2412 0.2230 0.2712 0.2129 0.0518
279 0.0526 0.2032 0.1194 0.6064 0.0180
280 0.0770 0.3613 0.2727 0.2686 0.0204
281 0.0604 0.4939 0.1111 0.3291 0.0055
282 0.1582 0.1498 0.0967 0.5610 0.0342
283 0.1957 0.3276 0.2150 0.2288 0.0330
284 0.2993 0.5952 0.0524 0.0244 0.0285
285 0.3403 0.3855 0.0952 0.0660 0.1131
286 0.1630 0.2522 0.0839 0.2949 0.2059
287 0.3894 0.2961 0.0499 0.1974 0.0671
288 0.3279 0.2494 0.0592 0.2236 0.1399
289 0.0920 0.2561 0.0256 0.0885 0.5381
290 0.0822 0.1661 0.0345 0.1810 0.5361
291 0.0408 0.1019 0.0238 0.1154 0.7183
292 0.0457 0.0703 0.0189 0.1714 0.6938
293 0.0149 0.0573 0.0228 0.6206 0.2842
294 0.0199 0.0392 0.0289 0.7280 0.1841
295 0.0299 0.0316 0.0168 0.2622 0.6597
296 0.0559 0.3882 0.1847 0.1776 0.1936
297 0.1278 0.0728 0.5596 0.2028 0.0369
298 0.1575 0.2988 0.4148 0.1091 0.0200
299 0.1339 0.2042 0.3367 0.3066 0.0184
300 0.1843 0.1154 0.3784 0.2812 0.0408
