time exciting_prob fearful_prob tense_prob sad_prob relaxing_prob
0 0.2037 0.2830 0.2496 0.2310 0.0327
1 0.2352 0.1340 0.1129 0.4534 0.0643
2 0.0597 0.0666 0.2893 0.5488 0.0356
3 0.0809 0.1560 0.4585 0.2869 0.0175
4 0.0845 0.1554 0.5254 0.2225 0.0121
5 0.2527 0.1764 0.3735 0.1271 0.0702
6 0.1272 0.1442 0.0620 0.5791 0.0875
7 0.1945 0.2786 0.0636 0.3308 0.1326
8 0.2744 0.4185 0.0756 0.1731 0.0584
9 0.2930 0.2585 0.0378 0.3591 0.0513
10 0.2524 0.5225 0.0478 0.1581 0.0193
11 0.1599 0.6182 0.0738 0.1179 0.0303
12 0.2062 0.6206 0.0568 0.0937 0.0228
13 0.0945 0.3430 0.0975 0.1671 0.2979
14 0.3245 0.4871 0.1417 0.0373 0.0097
15 0.2151 0.6226 0.1188 0.0325 0.0111
16 0.3684 0.0797 0.2234 0.2869 0.0417
17 0.3784 0.2106 0.2090 0.1719 0.0301
18 0.1005 0.2126 0.1936 0.4099 0.0833
19 0.3186 0.1482 0.2683 0.2520 0.0130
20 0.0660 0.2198 0.1659 0.5356 0.0125
21 0.1583 0.1158 0.1354 0.5791 0.0116
22 0.2052 0.6626 0.0552 0.0631 0.0140
23 0.4231 0.4165 0.1087 0.0376 0.0140
24 0.2253 0.1648 0.1687 0.3955 0.0458
25 0.0452 0.1744 0.1772 0.5723 0.0310
26 0.0640 0.4175 0.1941 0.2803 0.0443
27 0.2715 0.2510 0.1420 0.2632 0.0725
28 0.2710 0.2230 0.1113 0.1820 0.2128
29 0.0296 0.1226 0.0444 0.7871 0.0162
30 0.1147 0.4946 0.1709 0.1462 0.0735
31 0.0984 0.1573 0.0332 0.6523 0.0588
32 0.2009 0.1059 0.2350 0.3418 0.1163
33 0.1295 0.2764 0.1295 0.1179 0.3467
34 0.1611 0.3154 0.2827 0.2036 0.0371
35 0.3005 0.2778 0.0778 0.2891 0.0547
36 0.1595 0.1646 0.0494 0.5566 0.0697
37 0.2458 0.1357 0.0374 0.5122 0.0688
38 0.1725 0.2471 0.1063 0.4473 0.0269
39 0.2275 0.1917 0.0979 0.4634 0.0196
40 0.0806 0.1530 0.0477 0.6963 0.0227
41 0.1968 0.0475 0.2732 0.4165 0.0659
42 0.4663 0.0583 0.0925 0.3574 0.0255
43 0.2642 0.1084 0.1505 0.4636 0.0134
44 0.0840 0.1121 0.0568 0.6978 0.0494
45 0.2202 0.3081 0.1160 0.1422 0.2134
46 0.0972 0.4189 0.2622 0.1774 0.0445
47 0.0592 0.2114 0.1114 0.3982 0.2198
48 0.2269 0.2590 0.0868 0.1837 0.2434
49 0.3369 0.4358 0.0504 0.0684 0.1085
50 0.0602 0.1853 0.1345 0.2871 0.3330
51 0.2600 0.1553 0.0333 0.4155 0.1360
52 0.4751 0.1920 0.0336 0.2192 0.0800
53 0.1100 0.6377 0.0919 0.0837 0.0768
54 0.1415 0.5732 0.1129 0.1052 0.0674
55 0.2512 0.4917 0.0522 0.1672 0.0376
56 0.1066 0.3035 0.0386 0.4814 0.0699
57 0.3184 0.5088 0.0257 0.1075 0.0399
58 0.8125 0.0646 0.0408 0.0156 0.0667
59 0.2451 0.0847 0.1149 0.5396 0.0158
60 0.2935 0.1115 0.0742 0.4878 0.0329
61 0.2075 0.3877 0.1788 0.1874 0.0387
62 0.1200 0.3726 0.0956 0.3337 0.0781
63 0.0879 0.2108 0.1003 0.5259 0.0751
64 0.1849 0.3916 0.0660 0.2820 0.0753
65 0.0414 0.1335 0.0197 0.7568 0.0484
66 0.1548 0.4729 0.0365 0.1881 0.1477
67 0.0474 0.1155 0.0258 0.7075 0.1036
68 0.1674 0.1910 0.0574 0.4692 0.1150
69 0.1433 0.3865 0.0544 0.3059 0.1099
70 0.0812 0.1298 0.0233 0.7471 0.0188
71 0.2264 0.2488 0.0471 0.4133 0.0644
72 0.2075 0.2749 0.0190 0.4570 0.0415
73 0.1598 0.3435 0.1169 0.2783 0.1016
74 0.0651 0.4521 0.0767 0.3806 0.0253
75 0.2048 0.3027 0.0284 0.3799 0.0841
76 0.0378 0.1509 0.0795 0.6655 0.0664
77 0.1414 0.3499 0.0722 0.3843 0.0524
78 0.1787 0.3286 0.1067 0.2423 0.1436
79 0.2378 0.3406 0.0526 0.3008 0.0681
80 0.0300 0.7563 0.0239 0.1274 0.0621
81 0.0215 0.8916 0.0469 0.0320 0.0080
82 0.2405 0.2025 0.0270 0.4783 0.0516
83 0.3276 0.1896 0.0601 0.3303 0.0924
84 0.2063 0.3884 0.0461 0.2776 0.0814
85 0.2025 0.4636 0.1328 0.1665 0.0346
86 0.1715 0.2678 0.0447 0.3154 0.2006
87 0.1060 0.1111 0.1182 0.6494 0.0155
88 0.1714 0.3381 0.0790 0.3862 0.0253
89 0.1483 0.5601 0.0928 0.1165 0.0826
90 0.0771 0.1534 0.0875 0.6460 0.0359
91 0.0787 0.3875 0.2106 0.2812 0.0421
92 0.2245 0.2815 0.0198 0.4192 0.0550
93 0.1021 0.7544 0.0083 0.0833 0.0518
94 0.0814 0.4434 0.0196 0.4165 0.0393
95 0.1427 0.0752 0.0309 0.7134 0.0378
96 0.1062 0.0538 0.0108 0.7969 0.0321
97 0.3179 0.0985 0.0303 0.5039 0.0491
98 0.2559 0.3110 0.1946 0.2170 0.0215
99 0.2144 0.3096 0.2355 0.2212 0.0193
100 0.0728 0.1219 0.0205 0.7705 0.0141
101 0.1431 0.4617 0.0249 0.2715 0.0991
102 0.2015 0.4473 0.0450 0.2284 0.0777
103 0.1290 0.2196 0.0916 0.5186 0.0413
104 0.1001 0.0955 0.0208 0.6631 0.1207
105 0.1918 0.4255 0.1068 0.2156 0.0603
106 0.2783 0.2362 0.0241 0.4016 0.0597
107 0.1256 0.2854 0.0207 0.5371 0.0310
108 0.0526 0.5879 0.0322 0.2910 0.0362
109 0.0510 0.1583 0.0569 0.7095 0.0245
110 0.1520 0.0432 0.0145 0.7715 0.0187
111 0.3264 0.1831 0.0757 0.3020 0.1128
112 0.0654 0.1300 0.0425 0.6812 0.0807
113 0.2218 0.2937 0.1056 0.3079 0.0709
114 0.2920 0.1180 0.0160 0.4595 0.1144
115 0.2529 0.2358 0.0526 0.3625 0.0961
116 0.2343 0.1489 0.0332 0.5195 0.0640
117 0.1831 0.3530 0.0210 0.3394 0.1035
118 0.1622 0.5981 0.0495 0.1072 0.0829
119 0.0954 0.0480 0.0535 0.7866 0.0166
120 0.1680 0.5015 0.0326 0.1641 0.1339
121 0.2452 0.4580 0.0189 0.1672 0.1105
122 0.2561 0.1653 0.0679 0.4355 0.0751
123 0.1306 0.2104 0.0103 0.5767 0.0721
124 0.0581 0.4429 0.2522 0.2158 0.0311
125 0.0239 0.8091 0.0406 0.1130 0.0137
126 0.1100 0.6133 0.0431 0.1901 0.0434
127 0.0818 0.3811 0.0705 0.3694 0.0971
128 0.0861 0.6987 0.0526 0.1313 0.0312
129 0.1600 0.4417 0.0732 0.1379 0.1870
130 0.1158 0.6768 0.0364 0.1453 0.0256
131 0.0722 0.4895 0.0372 0.3694 0.0318
132 0.1714 0.4551 0.0261 0.3179 0.0296
133 0.2083 0.3860 0.0953 0.2654 0.0450
134 0.2283 0.2798 0.0479 0.4265 0.0175
135 0.0629 0.1052 0.0833 0.7192 0.0294
136 0.2058 0.6099 0.0290 0.0728 0.0825
137 0.1947 0.4858 0.0355 0.2009 0.0831
138 0.1065 0.7393 0.0612 0.0271 0.0661
139 0.1931 0.1492 0.0553 0.5371 0.0652
140 0.0351 0.1233 0.0194 0.7915 0.0307
141 0.0859 0.4260 0.0537 0.3643 0.0701
142 0.0709 0.7563 0.0280 0.1056 0.0395
143 0.1637 0.3494 0.0617 0.3281 0.0970
144 0.1807 0.3455 0.0394 0.3538 0.0808
145 0.4031 0.2812 0.0233 0.1733 0.1191
146 0.1028 0.1373 0.0277 0.6655 0.0669
147 0.3596 0.4106 0.0592 0.1522 0.0183
148 0.2866 0.2737 0.0708 0.2081 0.1608
149 0.3101 0.1987 0.0235 0.4238 0.0436
150 0.1251 0.5879 0.0518 0.1521 0.0834
151 0.3965 0.1493 0.0524 0.1759 0.2260
152 0.1542 0.4392 0.0567 0.3164 0.0336
153 0.1918 0.4565 0.0781 0.1003 0.1733
154 0.0897 0.0792 0.0182 0.7632 0.0496
155 0.2249 0.2629 0.0419 0.4268 0.0436
156 0.0589 0.0459 0.0215 0.8657 0.0079
157 0.3611 0.3340 0.0341 0.1181 0.1528
158 0.1915 0.4316 0.0175 0.3159 0.0434
159 0.2017 0.2452 0.0391 0.4653 0.0487
160 0.5308 0.1644 0.1113 0.1644 0.0288
161 0.5366 0.0206 0.0249 0.3989 0.0188
162 0.2549 0.4915 0.0625 0.1851 0.0060
163 0.4121 0.3208 0.0402 0.1886 0.0383
164 0.1595 0.4724 0.0324 0.1385 0.1970
165 0.2881 0.6543 0.0205 0.0301 0.0072
166 0.2905 0.5469 0.0453 0.0852 0.0319
167 0.3677 0.5435 0.0324 0.0373 0.0192
168 0.1169 0.6519 0.0206 0.1073 0.1031
169 0.1104 0.8096 0.0237 0.0273 0.0293
170 0.3323 0.5698 0.0348 0.0450 0.0180
171 0.2054 0.6841 0.0318 0.0699 0.0086
172 0.1143 0.7632 0.0346 0.0575 0.0303
173 0.2246 0.0347 0.1183 0.6104 0.0118
174 0.1633 0.6069 0.0676 0.0854 0.0766
175 0.0453 0.3027 0.0615 0.4690 0.1214
176 0.5483 0.2756 0.0397 0.1252 0.0113
177 0.4854 0.1199 0.0135 0.3662 0.0151
178 0.2443 0.2295 0.0504 0.4673 0.0085
179 0.3335 0.3579 0.0694 0.2347 0.0045
180 0.1235 0.2382 0.0726 0.4963 0.0693
181 0.1779 0.4949 0.0808 0.2302 0.0162
182 0.2344 0.1284 0.1501 0.4734 0.0136
183 0.2059 0.6343 0.0422 0.0995 0.0181
184 0.1929 0.2783 0.2168 0.2986 0.0133
185 0.3911 0.2094 0.1682 0.1669 0.0643
186 0.1906 0.3240 0.0396 0.4226 0.0231
187 0.2898 0.0232 0.0193 0.6528 0.0148
188 0.0704 0.1082 0.2986 0.4211 0.1016
189 0.1782 0.1151 0.2893 0.2849 0.1324
190 0.3074 0.1953 0.1322 0.3098 0.0555
191 0.1050 0.1296 0.0710 0.6533 0.0408
192 0.1387 0.3767 0.0189 0.0582 0.4075
193 0.1743 0.2764 0.0641 0.2170 0.2681
194 0.1497 0.2429 0.1138 0.3647 0.1290
195 0.5127 0.1208 0.0919 0.2639 0.0109
196 0.5361 0.1796 0.0797 0.0626 0.1421
197 0.6147 0.2389 0.0405 0.0793 0.0266
198 0.7510 0.1929 0.0227 0.0230 0.0106
199 0.6382 0.0549 0.0774 0.2137 0.0161
200 0.2959 0.4841 0.0286 0.1500 0.0413
201 0.2715 0.1534 0.0975 0.4583 0.0192
202 0.3345 0.1405 0.0093 0.5059 0.0098
203 0.2637 0.3413 0.0135 0.3577 0.0240
204 0.2102 0.0598 0.0963 0.6084 0.0253
205 0.4814 0.3083 0.0317 0.0993 0.0792
206 0.6514 0.2959 0.0066 0.0230 0.0230
207 0.2976 0.2078 0.0801 0.4067 0.0079
208 0.8188 0.1527 0.0088 0.0075 0.0121
209 0.3899 0.3132 0.0282 0.2365 0.0323
210 0.1912 0.0969 0.2781 0.4048 0.0291
211 0.4949 0.1632 0.0277 0.2798 0.0345
212 0.6045 0.1414 0.0257 0.2106 0.0180
213 0.5913 0.2228 0.0206 0.1495 0.0158
214 0.4451 0.0458 0.0401 0.4521 0.0169
215 0.0676 0.1398 0.0379 0.7153 0.0391
216 0.1494 0.4788 0.0663 0.2664 0.0390
217 0.5205 0.1010 0.1434 0.2103 0.0245
218 0.0908 0.1737 0.0542 0.6763 0.0049
219 0.0889 0.2891 0.0854 0.5317 0.0049
220 0.5889 0.0862 0.0077 0.3105 0.0066
221 0.2747 0.2522 0.0165 0.4495 0.0073
222 0.3250 0.4375 0.0247 0.1660 0.0468
223 0.3760 0.0776 0.0581 0.4678 0.0207
224 0.5527 0.1420 0.0413 0.2612 0.0026
225 0.2269 0.2378 0.0522 0.4805 0.0025
226 0.1487 0.7090 0.0102 0.1071 0.0250
227 0.2153 0.1276 0.0163 0.6279 0.0128
228 0.4263 0.1351 0.1669 0.2335 0.0381
229 0.1532 0.1569 0.1617 0.5063 0.0221
230 0.3328 0.0742 0.0116 0.5703 0.0113
231 0.2849 0.2236 0.0911 0.3894 0.0108
232 0.0790 0.2937 0.1753 0.4014 0.0506
233 0.4663 0.3306 0.0354 0.1411 0.0265
234 0.4436 0.3823 0.0446 0.1222 0.0072
235 0.3501 0.1210 0.0186 0.4976 0.0128
236 0.5107 0.2510 0.0887 0.1194 0.0300
237 0.4553 0.2595 0.0322 0.2363 0.0166
238 0.5884 0.2571 0.0147 0.1187 0.0211
239 0.7583 0.1746 0.0128 0.0396 0.0149
240 0.4197 0.1936 0.2566 0.1202 0.0099
241 0.1998 0.1147 0.0497 0.5918 0.0439
242 0.5029 0.0596 0.0708 0.3098 0.0569
243 0.2484 0.0189 0.0425 0.6753 0.0150
244 0.4504 0.0482 0.2488 0.2374 0.0151
245 0.4097 0.0372 0.2815 0.2563 0.0150
246 0.3635 0.0584 0.1946 0.3523 0.0313
247 0.1788 0.0336 0.3137 0.4495 0.0242
248 0.2037 0.2830 0.2496 0.2310 0.0327
