time exciting_prob fearful_prob tense_prob sad_prob relaxing_prob
0 0.1581 0.0144 0.0193 0.7900 0.0180
1 0.5596 0.0563 0.0318 0.3394 0.0128
2 0.6802 0.1680 0.0745 0.0734 0.0041
3 0.1603 0.2227 0.2903 0.2949 0.0318
4 0.1295 0.5762 0.1703 0.0817 0.0424
5 0.1108 0.7168 0.1041 0.0427 0.0255
6 0.4946 0.1486 0.2820 0.0460 0.0288
7 0.0113 0.1525 0.0570 0.5156 0.2634
8 0.0858 0.0347 0.6543 0.2124 0.0131
9 0.1215 0.0692 0.3799 0.4045 0.0249
10 0.1301 0.3708 0.1292 0.0649 0.3049
11 0.0679 0.2925 0.1680 0.1859 0.2856
12 0.0913 0.1482 0.2443 0.4563 0.0599
13 0.1317 0.0994 0.1947 0.5293 0.0448
14 0.2166 0.1072 0.4802 0.1809 0.0151
15 0.1599 0.3254 0.2053 0.2615 0.0476
16 0.0970 0.2615 0.1783 0.3865 0.0767
17 0.1608 0.3855 0.2910 0.1533 0.0093
18 0.0483 0.2148 0.3889 0.3125 0.0353
19 0.3188 0.0757 0.3906 0.2075 0.0072
20 0.0430 0.2343 0.3518 0.3103 0.0606
21 0.1241 0.4402 0.3401 0.0564 0.0394
22 0.0290 0.7256 0.1750 0.0605 0.0098
23 0.0914 0.3562 0.2410 0.2976 0.0139
24 0.0330 0.1812 0.0817 0.6323 0.0720
25 0.1926 0.1852 0.3684 0.1852 0.0687
26 0.1923 0.1569 0.3169 0.3218 0.0121
27 0.1022 0.1865 0.1938 0.4951 0.0223
28 0.1185 0.0960 0.1365 0.6309 0.0182
29 0.1515 0.0627 0.1564 0.6182 0.0111
30 0.5620 0.2676 0.0414 0.1187 0.0104
31 0.1324 0.3279 0.3228 0.2117 0.0053
32 0.0184 0.0298 0.0130 0.6182 0.3206
33 0.0880 0.1362 0.1749 0.5737 0.0270
34 0.2086 0.1306 0.2637 0.3838 0.0132
35 0.1536 0.1686 0.2695 0.3569 0.0514
36 0.4419 0.0242 0.1901 0.3184 0.0257
37 0.1059 0.0333 0.2313 0.5903 0.0389
38 0.2378 0.2937 0.3889 0.0748 0.0047
39 0.2037 0.0593 0.2537 0.4736 0.0098
40 0.1381 0.0647 0.2661 0.5210 0.0103
41 0.0734 0.0334 0.1119 0.7773 0.0041
42 0.0328 0.1493 0.2122 0.5859 0.0197
43 0.0783 0.4910 0.3884 0.0345 0.0081
44 0.1498 0.2471 0.3325 0.2357 0.0350
45 0.2002 0.1106 0.5444 0.1355 0.0094
46 0.1230 0.0471 0.3450 0.4160 0.0690
47 0.0909 0.0194 0.5483 0.3027 0.0385
48 0.0701 0.1415 0.0363 0.7188 0.0334
49 0.1466 0.1366 0.4209 0.2939 0.0020
50 0.2080 0.3948 0.2163 0.1724 0.0087
51 0.0671 0.1660 0.3682 0.3740 0.0247
52 0.0651 0.1445 0.2537 0.5044 0.0323
53 0.1759 0.2275 0.4153 0.1626 0.0185
54 0.2228 0.2211 0.3730 0.1748 0.0082
55 0.0793 0.2206 0.5376 0.1298 0.0328
56 0.0225 0.6460 0.2610 0.0670 0.0034
57 0.0714 0.0543 0.3433 0.4995 0.0317
58 0.1677 0.3232 0.3232 0.1730 0.0127
59 0.1025 0.1886 0.4741 0.2240 0.0107
60 0.0885 0.0964 0.3113 0.4602 0.0435
61 0.0362 0.1913 0.3464 0.3357 0.0903
62 0.1466 0.3008 0.2218 0.3201 0.0108
63 0.1892 0.0609 0.4038 0.3000 0.0460
64 0.1002 0.1786 0.4153 0.2600 0.0459
65 0.1427 0.0907 0.3909 0.3589 0.0168
66 0.4138 0.1671 0.2471 0.1582 0.0138
67 0.2742 0.0414 0.4519 0.2272 0.0054
68 0.0310 0.0222 0.0912 0.6333 0.2223
69 0.5801 0.1715 0.0925 0.0918 0.0641
70 0.0327 0.3403 0.2413 0.3796 0.0058
71 0.1632 0.2910 0.1620 0.3621 0.0216
72 0.0559 0.2976 0.3882 0.2212 0.0372
73 0.1008 0.0656 0.5239 0.2871 0.0228
74 0.0513 0.2410 0.6152 0.0723 0.0202
75 0.0527 0.1285 0.2942 0.3835 0.1411
76 0.1794 0.2233 0.3982 0.1852 0.0141
77 0.1449 0.2175 0.2076 0.4194 0.0106
78 0.1735 0.1249 0.4431 0.2524 0.0061
79 0.0901 0.0134 0.1157 0.7778 0.0029
80 0.2153 0.0891 0.3232 0.3232 0.0492
81 0.3218 0.1147 0.2300 0.3120 0.0216
82 0.1761 0.0819 0.1554 0.5640 0.0224
83 0.0979 0.3088 0.1787 0.2520 0.1627
84 0.2343 0.0300 0.1796 0.5117 0.0447
85 0.0621 0.2168 0.2272 0.4519 0.0420
86 0.1317 0.2539 0.1528 0.4458 0.0156
87 0.1027 0.1774 0.2834 0.4126 0.0238
88 0.3630 0.2382 0.2238 0.1478 0.0271
89 0.0838 0.3638 0.3528 0.1859 0.0138
90 0.0825 0.0787 0.2426 0.5908 0.0052
91 0.3369 0.5098 0.1077 0.0287 0.0170
92 0.0646 0.2477 0.5083 0.1757 0.0039
93 0.1538 0.0904 0.2496 0.4963 0.0099
94 0.0684 0.2581 0.3584 0.2622 0.0529
95 0.4456 0.2294 0.0934 0.2072 0.0246
96 0.2169 0.4666 0.1134 0.1716 0.0315
97 0.1975 0.1945 0.3359 0.2186 0.0536
98 0.0762 0.1025 0.1638 0.6328 0.0247
99 0.1548 0.0620 0.1215 0.6411 0.0205
100 0.6182 0.0693 0.0524 0.1716 0.0884
101 0.2107 0.6387 0.0632 0.0301 0.0571
102 0.1842 0.5127 0.0912 0.1946 0.0173
103 0.0922 0.1682 0.3850 0.3506 0.0042
104 0.3323 0.0591 0.0406 0.5391 0.0288
105 0.4363 0.2544 0.0764 0.2045 0.0285
106 0.3977 0.4836 0.0506 0.0432 0.0248
107 0.2443 0.3286 0.1127 0.2480 0.0663
108 0.1599 0.2517 0.3494 0.2220 0.0169
109 0.1028 0.2211 0.4131 0.2390 0.0240
110 0.0496 0.2539 0.3015 0.2769 0.1181
111 0.1985 0.1131 0.2433 0.3826 0.0625
112 0.1353 0.1968 0.2128 0.3853 0.0701
113 0.1262 0.1925 0.4204 0.1223 0.1387
114 0.2786 0.0985 0.3059 0.3059 0.0112
115 0.2327 0.0401 0.1898 0.5083 0.0293
116 0.1387 0.0416 0.1365 0.6616 0.0216
117 0.2167 0.1572 0.3435 0.2612 0.0213
118 0.1541 0.5054 0.1948 0.0594 0.0864
119 0.1958 0.2961 0.1304 0.3381 0.0395
120 0.2993 0.2581 0.0957 0.2009 0.1459
121 0.1212 0.3071 0.3821 0.1696 0.0199
122 0.2612 0.2673 0.2825 0.1283 0.0606
123 0.0761 0.1611 0.2382 0.4810 0.0437
124 0.0458 0.3308 0.3806 0.2169 0.0259
125 0.0261 0.2559 0.4561 0.2329 0.0291
126 0.2915 0.1345 0.2739 0.2307 0.0693
127 0.1497 0.5220 0.1427 0.1617 0.0237
128 0.1945 0.5630 0.1276 0.0593 0.0557
129 0.1658 0.0464 0.3401 0.4104 0.0373
130 0.2048 0.1301 0.1223 0.5146 0.0279
131 0.2637 0.2964 0.2700 0.1433 0.0265
132 0.1349 0.2223 0.2620 0.2681 0.1127
133 0.1175 0.0753 0.6504 0.1486 0.0083
134 0.0420 0.2053 0.4146 0.3230 0.0151
135 0.0310 0.2578 0.1434 0.4778 0.0898
136 0.0097 0.1600 0.1992 0.6138 0.0174
137 0.4316 0.2153 0.1447 0.1857 0.0227
138 0.0505 0.0988 0.3672 0.4641 0.0193
139 0.2413 0.4170 0.1396 0.1559 0.0461
140 0.1111 0.1519 0.0301 0.6807 0.0264
141 0.1479 0.4626 0.3181 0.0417 0.0296
142 0.1487 0.0249 0.1583 0.6411 0.0273
143 0.3142 0.1643 0.0966 0.4036 0.0212
144 0.2310 0.1368 0.1703 0.4453 0.0166
145 0.1836 0.1176 0.4404 0.2510 0.0076
146 0.1499 0.0443 0.2844 0.4546 0.0665
147 0.5674 0.2155 0.0898 0.1033 0.0240
148 0.3074 0.0665 0.0777 0.5391 0.0093
149 0.2478 0.3284 0.1218 0.2766 0.0255
150 0.0365 0.6172 0.0869 0.1561 0.1031
151 0.0484 0.6636 0.1771 0.0488 0.0622
152 0.0679 0.1019 0.5771 0.2482 0.0051
153 0.2070 0.0963 0.4812 0.2135 0.0020
154 0.2129 0.3977 0.0506 0.2957 0.0432
155 0.6040 0.2153 0.0716 0.0166 0.0926
156 0.0690 0.0974 0.1012 0.7251 0.0075
157 0.1439 0.2354 0.1384 0.4646 0.0179
158 0.3350 0.4580 0.1620 0.0345 0.0104
159 0.2883 0.3425 0.2795 0.0679 0.0217
160 0.0895 0.1205 0.5659 0.1453 0.0790
161 0.0233 0.1772 0.4387 0.3469 0.0139
162 0.3042 0.0740 0.2600 0.3555 0.0063
163 0.1476 0.1088 0.2913 0.4373 0.0152
164 0.0668 0.0711 0.5254 0.2642 0.0723
165 0.3518 0.1082 0.2069 0.3254 0.0076
166 0.1498 0.4612 0.2430 0.1087 0.0373
167 0.1169 0.1179 0.1526 0.5986 0.0140
168 0.1638 0.3748 0.2310 0.1600 0.0704
169 0.2878 0.1995 0.1415 0.3474 0.0238
170 0.0724 0.0582 0.2031 0.6455 0.0209
171 0.0344 0.2639 0.1627 0.5332 0.0056
172 0.0274 0.2389 0.1220 0.6099 0.0016
173 0.3655 0.1866 0.1273 0.1323 0.1881
174 0.0491 0.1235 0.1825 0.6372 0.0077
175 0.2024 0.2480 0.3638 0.1772 0.0086
176 0.0922 0.1240 0.1183 0.6152 0.0505
177 0.1129 0.1630 0.2334 0.4360 0.0546
178 0.5327 0.1689 0.0792 0.1785 0.0408
179 0.0718 0.0936 0.1669 0.6499 0.0177
180 0.0350 0.0675 0.0439 0.4797 0.3738
181 0.1907 0.2429 0.2732 0.2817 0.0116
182 0.2605 0.1580 0.1643 0.3850 0.0321
183 0.0682 0.1072 0.3030 0.4209 0.1007
184 0.1339 0.0643 0.1720 0.6191 0.0107
185 0.1013 0.0659 0.1765 0.6455 0.0108
186 0.0114 0.1776 0.4980 0.3069 0.0063
187 0.0564 0.1038 0.0468 0.6162 0.1766
188 0.1644 0.2546 0.5107 0.0219 0.0482
189 0.0699 0.1930 0.5762 0.1009 0.0602
190 0.0939 0.4478 0.2512 0.1838 0.0234
191 0.1113 0.3823 0.2932 0.2095 0.0037
192 0.0137 0.1395 0.3564 0.4795 0.0109
193 0.1825 0.0829 0.2289 0.4695 0.0362
194 0.1030 0.2267 0.1659 0.4951 0.0091
195 0.0971 0.0786 0.1843 0.6040 0.0357
196 0.0160 0.1002 0.0369 0.5811 0.2661
197 0.1125 0.5166 0.0519 0.3037 0.0155
198 0.1172 0.4746 0.3611 0.0360 0.0112
199 0.2433 0.0471 0.2285 0.4688 0.0123
200 0.2308 0.2678 0.2534 0.1959 0.0519
201 0.2063 0.2776 0.1407 0.3350 0.0403
202 0.1658 0.1166 0.4797 0.1938 0.0439
203 0.1392 0.1182 0.1802 0.5508 0.0119
204 0.1655 0.0734 0.1483 0.5176 0.0950
205 0.0930 0.2031 0.4104 0.2432 0.0502
206 0.1715 0.0621 0.1000 0.6274 0.0392
207 0.0528 0.0452 0.2991 0.5010 0.1018
208 0.5845 0.3330 0.0483 0.0181 0.0164
209 0.0408 0.0463 0.1298 0.6289 0.1542
210 0.0795 0.2045 0.4229 0.2666 0.0264
211 0.0545 0.0825 0.2349 0.6191 0.0092
212 0.1526 0.4812 0.1368 0.1637 0.0656
213 0.3586 0.1270 0.2563 0.2544 0.0035
214 0.0906 0.0333 0.1541 0.7012 0.0207
215 0.1219 0.1760 0.5728 0.0825 0.0470
216 0.1245 0.1099 0.3179 0.3491 0.0985
217 0.0612 0.1287 0.2312 0.5679 0.0113
218 0.1133 0.1008 0.2117 0.5664 0.0077
219 0.1249 0.1019 0.1721 0.5913 0.0098
220 0.0613 0.0942 0.0872 0.7529 0.0044
221 0.2094 0.1804 0.4294 0.1605 0.0201
222 0.0601 0.2302 0.2015 0.4873 0.0209
223 0.0775 0.3110 0.2240 0.3782 0.0093
224 0.0100 0.5435 0.1440 0.2230 0.0795
225 0.1481 0.0349 0.4563 0.3552 0.0054
226 0.0936 0.2177 0.2883 0.3818 0.0186
227 0.0932 0.1304 0.5405 0.1727 0.0630
228 0.1036 0.3000 0.5391 0.0490 0.0086
229 0.0098 0.1110 0.3813 0.4746 0.0231
230 0.1589 0.0987 0.3237 0.4092 0.0096
231 0.1233 0.1233 0.2935 0.4407 0.0192
232 0.1128 0.0474 0.2749 0.5552 0.0099
233 0.0938 0.0670 0.2432 0.5479 0.0482
234 0.4778 0.1946 0.1930 0.1066 0.0280
235 0.3022 0.0929 0.1847 0.3879 0.0321
236 0.2059 0.2141 0.3906 0.1720 0.0173
237 0.1698 0.2957 0.0998 0.3826 0.0522
238 0.0412 0.0585 0.1775 0.6753 0.0474
239 0.0622 0.1082 0.5244 0.2722 0.0330
240 0.0870 0.4026 0.0831 0.4153 0.0122
241 0.3142 0.2466 0.1405 0.2883 0.0104
242 0.1106 0.3030 0.4016 0.1782 0.0066
243 0.2028 0.1667 0.2352 0.3450 0.0505
244 0.4221 0.1844 0.1042 0.2313 0.0580
245 0.2469 0.1632 0.4233 0.1429 0.0237
246 0.2275 0.0898 0.1516 0.5127 0.0182
247 0.2097 0.1131 0.1030 0.4875 0.0867
248 0.2374 0.0600 0.1406 0.5352 0.0268
249 0.2722 0.1180 0.2086 0.3838 0.0175
250 0.3586 0.2029 0.1630 0.2505 0.0250
251 0.1669 0.0590 0.1721 0.5913 0.0107
252 0.1974 0.2272 0.2896 0.2595 0.0265
253 0.1725 0.1105 0.2216 0.4653 0.0300
254 0.1138 0.2126 0.1967 0.4229 0.0542
255 0.1567 0.3589 0.2354 0.1484 0.1005
256 0.2537 0.1401 0.3467 0.2401 0.0194
257 0.2100 0.3079 0.0910 0.3489 0.0423
258 0.1277 0.2277 0.5293 0.1075 0.0077
259 0.0605 0.1157 0.0702 0.5967 0.1569
260 0.0914 0.1438 0.0663 0.5688 0.1299
261 0.0322 0.3054 0.1466 0.3923 0.1234
262 0.2866 0.0660 0.1608 0.4724 0.0144
263 0.1431 0.0185 0.1956 0.6411 0.0015
264 0.2113 0.0091 0.4138 0.3223 0.0436
265 0.1993 0.1772 0.4526 0.1470 0.0238
266 0.1548 0.1398 0.3770 0.3201 0.0084
267 0.1792 0.3853 0.1440 0.2864 0.0052
268 0.0532 0.7695 0.1199 0.0469 0.0104
269 0.1115 0.4478 0.2397 0.1926 0.0085
270 0.4929 0.1716 0.0905 0.2103 0.0346
271 0.1490 0.5327 0.1445 0.1306 0.0431
272 0.1033 0.2086 0.2119 0.4702 0.0059
273 0.0728 0.2010 0.2386 0.4822 0.0054
274 0.1129 0.2262 0.2371 0.4001 0.0237
275 0.0629 0.0498 0.2129 0.6660 0.0085
276 0.0503 0.0704 0.0420 0.7388 0.0984
277 0.0188 0.0768 0.0325 0.7998 0.0721
278 0.0500 0.5332 0.1267 0.2172 0.0728
279 0.0711 0.1505 0.0722 0.6958 0.0105
280 0.1016 0.0382 0.1782 0.6729 0.0094
281 0.2191 0.1393 0.4673 0.1603 0.0140
282 0.4199 0.1053 0.3000 0.1632 0.0115
283 0.1248 0.2747 0.4709 0.1210 0.0086
284 0.1388 0.2455 0.4048 0.1840 0.0269
285 0.2047 0.0867 0.2629 0.3027 0.1429
286 0.0377 0.0726 0.1974 0.6890 0.0033
287 0.2583 0.1748 0.1129 0.4128 0.0409
288 0.3987 0.1812 0.2020 0.1675 0.0507
289 0.0830 0.1337 0.2537 0.4966 0.0330
290 0.1431 0.2891 0.2673 0.2800 0.0204
291 0.1758 0.2722 0.2722 0.2598 0.0197
292 0.2241 0.1829 0.2703 0.3015 0.0212
