time exciting_prob fearful_prob tense_prob sad_prob relaxing_prob
0 0.2549 0.1167 0.1570 0.3652 0.1063
1 0.2671 0.1167 0.1499 0.3708 0.0953
2 0.2498 0.1855 0.1613 0.3157 0.0876
3 0.1450 0.0634 0.1472 0.6396 0.0048
4 0.1853 0.1868 0.3572 0.2417 0.0291
5 0.1586 0.2593 0.4211 0.1410 0.0200
6 0.1328 0.1993 0.3901 0.2578 0.0199
7 0.2046 0.2030 0.4133 0.1497 0.0295
8 0.1586 0.3081 0.3279 0.1783 0.0269
9 0.1234 0.3625 0.4204 0.0725 0.0211
10 0.1453 0.2340 0.4043 0.1940 0.0223
11 0.1609 0.1970 0.4106 0.2050 0.0265
12 0.1819 0.3000 0.4868 0.0184 0.0129
13 0.1821 0.2844 0.4915 0.0164 0.0256
14 0.1383 0.2998 0.5342 0.0147 0.0131
15 0.1616 0.2903 0.5259 0.0112 0.0110
16 0.1488 0.2378 0.4241 0.1584 0.0310
17 0.2300 0.2527 0.4468 0.0446 0.0260
18 0.1176 0.0930 0.4368 0.3245 0.0281
19 0.1547 0.0999 0.4270 0.2935 0.0249
20 0.2246 0.0390 0.3879 0.3267 0.0216
21 0.1788 0.1102 0.4939 0.2026 0.0145
22 0.2017 0.0692 0.2712 0.4268 0.0312
23 0.1755 0.0259 0.2515 0.5161 0.0312
24 0.1617 0.0439 0.3372 0.4197 0.0375
25 0.1499 0.0686 0.3379 0.4270 0.0167
26 0.3782 0.0408 0.2329 0.2944 0.0536
27 0.1453 0.2017 0.4614 0.1808 0.0109
28 0.2030 0.1937 0.3677 0.2062 0.0295
29 0.2903 0.1803 0.2542 0.2563 0.0189
30 0.2299 0.1832 0.2927 0.2563 0.0378
31 0.1124 0.0911 0.4924 0.2849 0.0192
32 0.1091 0.1901 0.4890 0.1960 0.0158
33 0.1840 0.1598 0.4177 0.2184 0.0202
34 0.2017 0.1213 0.3826 0.2693 0.0252
35 0.1812 0.1082 0.3411 0.3518 0.0179
36 0.1925 0.1177 0.2360 0.4272 0.0267
37 0.1857 0.1144 0.3389 0.3442 0.0170
38 0.1864 0.0600 0.2712 0.4612 0.0212
39 0.2294 0.0831 0.2832 0.3811 0.0233
40 0.2035 0.1355 0.2512 0.3801 0.0295
41 0.2336 0.1184 0.2546 0.3762 0.0171
42 0.2832 0.1338 0.4216 0.1516 0.0098
43 0.2334 0.2209 0.3423 0.1831 0.0204
44 0.2291 0.2595 0.4417 0.0598 0.0101
45 0.3191 0.1776 0.3291 0.1531 0.0212
46 0.1335 0.2986 0.4697 0.0869 0.0110
47 0.1102 0.1720 0.6191 0.0892 0.0093
48 0.1481 0.2104 0.5010 0.1287 0.0120
49 0.1450 0.2194 0.3293 0.2998 0.0067
50 0.0935 0.2949 0.3669 0.2296 0.0151
51 0.1664 0.1492 0.3750 0.2920 0.0174
52 0.1868 0.0527 0.4016 0.3276 0.0314
53 0.0981 0.3320 0.4229 0.1331 0.0140
54 0.1097 0.2252 0.4045 0.2397 0.0208
55 0.1066 0.2170 0.5630 0.1002 0.0131
56 0.1140 0.1375 0.5654 0.1697 0.0137
57 0.1025 0.2559 0.4595 0.1638 0.0182
58 0.1661 0.0917 0.5444 0.1572 0.0404
59 0.1197 0.0726 0.2676 0.5283 0.0119
60 0.1161 0.1033 0.2722 0.4929 0.0156
61 0.1766 0.1282 0.3767 0.2568 0.0615
62 0.1849 0.2607 0.4233 0.0765 0.0543
63 0.2006 0.1611 0.3308 0.1161 0.1914
64 0.2163 0.3098 0.3323 0.0514 0.0901
65 0.0958 0.2427 0.4714 0.1708 0.0193
66 0.1149 0.1836 0.5068 0.1864 0.0084
67 0.1852 0.0961 0.3276 0.3772 0.0140
68 0.1874 0.1707 0.3699 0.2542 0.0179
69 0.1532 0.2062 0.3647 0.2507 0.0252
70 0.1826 0.2085 0.4448 0.1389 0.0251
71 0.1537 0.2615 0.4587 0.1124 0.0139
72 0.1510 0.3123 0.4688 0.0551 0.0127
73 0.1537 0.2915 0.4661 0.0773 0.0115
74 0.1321 0.4719 0.2817 0.0930 0.0212
75 0.2349 0.3286 0.2856 0.1172 0.0336
76 0.2529 0.3027 0.3711 0.0518 0.0214
77 0.1733 0.2727 0.4224 0.1110 0.0205
78 0.2024 0.2969 0.4285 0.0637 0.0088
79 0.2295 0.1494 0.3340 0.2444 0.0428
80 0.2661 0.0971 0.5127 0.0657 0.0584
81 0.1572 0.1141 0.4307 0.2737 0.0245
82 0.2169 0.1743 0.4150 0.1600 0.0338
83 0.1492 0.0870 0.5049 0.2384 0.0205
84 0.1230 0.1831 0.5469 0.1350 0.0120
85 0.1516 0.1162 0.4744 0.2312 0.0268
86 0.2134 0.1008 0.3438 0.3179 0.0243
87 0.1505 0.1059 0.3640 0.3528 0.0270
88 0.1835 0.1908 0.3169 0.2842 0.0246
89 0.1375 0.2001 0.5146 0.1322 0.0154
90 0.1246 0.3806 0.3835 0.0933 0.0178
91 0.1333 0.2377 0.5840 0.0324 0.0128
92 0.2910 0.2649 0.3765 0.0277 0.0400
93 0.2424 0.2561 0.3813 0.0663 0.0537
94 0.2211 0.1310 0.3730 0.2544 0.0204
95 0.1580 0.2837 0.4902 0.0432 0.0250
96 0.3140 0.2859 0.3530 0.0207 0.0266
97 0.2935 0.3174 0.3352 0.0192 0.0345
98 0.2188 0.1075 0.4185 0.2104 0.0448
99 0.1948 0.1603 0.5815 0.0431 0.0204
100 0.1594 0.2649 0.4167 0.1451 0.0139
101 0.1285 0.0883 0.2637 0.5005 0.0190
102 0.1239 0.1775 0.3967 0.2686 0.0334
103 0.2467 0.0533 0.2211 0.4536 0.0252
104 0.2194 0.2354 0.3972 0.1289 0.0192
105 0.1802 0.2278 0.4531 0.1219 0.0169
106 0.2365 0.2120 0.4595 0.0762 0.0160
107 0.2318 0.3911 0.3242 0.0353 0.0175
108 0.2271 0.1432 0.4080 0.2117 0.0100
109 0.1646 0.2231 0.4797 0.1113 0.0214
110 0.1311 0.2773 0.5435 0.0337 0.0146
111 0.1714 0.1335 0.3687 0.3105 0.0159
112 0.0543 0.5029 0.4270 0.0100 0.0055
113 0.1063 0.2734 0.4800 0.1292 0.0112
114 0.1405 0.3047 0.4502 0.1013 0.0035
115 0.1415 0.2209 0.3586 0.2727 0.0062
116 0.1313 0.1313 0.3406 0.3860 0.0109
117 0.0526 0.3245 0.4756 0.1451 0.0023
118 0.1099 0.2362 0.5000 0.1478 0.0059
119 0.4148 0.1134 0.2988 0.1637 0.0092
120 0.1525 0.3179 0.3438 0.1742 0.0118
121 0.1613 0.1539 0.3779 0.2898 0.0170
122 0.2258 0.1704 0.3364 0.2275 0.0399
123 0.2474 0.2201 0.4446 0.0437 0.0440
124 0.2167 0.2306 0.4309 0.0917 0.0300
125 0.1666 0.2106 0.4529 0.1238 0.0463
126 0.1466 0.2379 0.5039 0.0703 0.0414
127 0.1331 0.3069 0.5181 0.0254 0.0169
128 0.2668 0.1764 0.3169 0.1923 0.0475
129 0.2964 0.0992 0.3254 0.2399 0.0392
130 0.2262 0.1165 0.4678 0.1405 0.0489
131 0.1832 0.3215 0.4033 0.0505 0.0412
132 0.2456 0.1367 0.3384 0.2418 0.0377
133 0.1772 0.0964 0.2520 0.4285 0.0459
134 0.1389 0.1703 0.4736 0.1899 0.0271
135 0.1094 0.2091 0.6147 0.0513 0.0155
136 0.2703 0.2292 0.3931 0.0191 0.0884
137 0.1855 0.0830 0.4592 0.2419 0.0303
138 0.1908 0.0735 0.3564 0.3347 0.0446
139 0.1541 0.1307 0.4026 0.2642 0.0485
140 0.2274 0.1503 0.4487 0.1379 0.0357
141 0.1685 0.0483 0.5356 0.2001 0.0475
142 0.2225 0.0618 0.4290 0.2296 0.0572
143 0.1550 0.0656 0.3386 0.3958 0.0451
144 0.1309 0.0262 0.2815 0.5342 0.0276
145 0.1236 0.1091 0.3958 0.3494 0.0222
146 0.1801 0.0979 0.3872 0.3135 0.0215
147 0.1582 0.2888 0.4912 0.0479 0.0137
148 0.1035 0.2208 0.5342 0.1027 0.0390
149 0.1433 0.0738 0.3206 0.4314 0.0310
150 0.1548 0.0803 0.4343 0.2937 0.0368
151 0.1129 0.0509 0.5825 0.1921 0.0614
152 0.1014 0.0686 0.4839 0.3274 0.0188
153 0.1943 0.1064 0.4177 0.2595 0.0220
154 0.2169 0.0641 0.4150 0.2874 0.0165
155 0.1748 0.0740 0.4192 0.3215 0.0104
156 0.2211 0.0529 0.3372 0.3701 0.0187
157 0.1471 0.0604 0.3113 0.4529 0.0283
158 0.1438 0.0914 0.4001 0.3369 0.0277
159 0.1804 0.1165 0.4607 0.1967 0.0456
160 0.1085 0.3696 0.4426 0.0648 0.0146
161 0.1786 0.3015 0.4319 0.0678 0.0202
162 0.1173 0.4126 0.4126 0.0425 0.0150
163 0.0789 0.3401 0.5435 0.0279 0.0094
164 0.1609 0.3950 0.3921 0.0259 0.0261
165 0.2666 0.0546 0.2585 0.4004 0.0199
166 0.2310 0.2169 0.2169 0.3108 0.0245
167 0.2380 0.1107 0.2986 0.3105 0.0423
168 0.1907 0.1544 0.3647 0.2668 0.0233
169 0.1908 0.0975 0.2568 0.4299 0.0250
170 0.0933 0.0962 0.0849 0.6997 0.0259
171 0.0503 0.1400 0.7871 0.0163 0.0063
172 0.0686 0.0983 0.1808 0.6211 0.0309
173 0.1053 0.0753 0.3118 0.4907 0.0169
174 0.1262 0.1879 0.4041 0.2629 0.0189
175 0.1015 0.1377 0.2167 0.5317 0.0122
176 0.2499 0.1017 0.3691 0.2559 0.0234
177 0.0795 0.3000 0.5264 0.0826 0.0113
178 0.1016 0.1082 0.4148 0.3660 0.0093
179 0.1208 0.2944 0.4121 0.1665 0.0062
180 0.0872 0.1790 0.5601 0.1630 0.0110
181 0.1119 0.2622 0.4749 0.1309 0.0204
182 0.1382 0.1128 0.4900 0.2502 0.0086
183 0.1009 0.2007 0.5630 0.1237 0.0120
184 0.2106 0.1328 0.3525 0.2878 0.0161
185 0.0481 0.3364 0.5815 0.0306 0.0034
186 0.1335 0.1378 0.3926 0.2917 0.0444
187 0.0477 0.1564 0.7231 0.0673 0.0056
188 0.1414 0.2090 0.4636 0.1732 0.0127
189 0.1227 0.3259 0.4351 0.0986 0.0178
190 0.0739 0.3262 0.5635 0.0148 0.0213
191 0.0498 0.3740 0.5527 0.0182 0.0049
192 0.0742 0.3711 0.5229 0.0163 0.0153
193 0.0676 0.4993 0.4106 0.0105 0.0121
194 0.0696 0.5610 0.3350 0.0185 0.0162
195 0.0533 0.5220 0.3818 0.0184 0.0246
196 0.1191 0.4060 0.3726 0.0728 0.0296
197 0.1855 0.5850 0.1826 0.0089 0.0380
198 0.2056 0.2600 0.3499 0.1481 0.0366
