time exciting_prob fearful_prob tense_prob sad_prob relaxing_prob
0 0.2037 0.2830 0.2496 0.2310 0.0327
1 0.1346 0.0395 0.2805 0.4846 0.0607
2 0.1892 0.0614 0.1921 0.4832 0.0741
3 0.1589 0.0357 0.1109 0.5903 0.1042
4 0.2776 0.0944 0.1166 0.3220 0.1893
5 0.2413 0.0426 0.0916 0.3511 0.2734
6 0.0626 0.0430 0.2512 0.1115 0.5317
7 0.3198 0.2693 0.1097 0.1354 0.1659
8 0.2355 0.2546 0.1095 0.1670 0.2336
9 0.2681 0.0986 0.2854 0.3040 0.0438
10 0.3059 0.0672 0.1688 0.3989 0.0593
11 0.3091 0.0819 0.1628 0.3091 0.1371
12 0.3003 0.0644 0.0718 0.2489 0.3147
13 0.3235 0.1010 0.1614 0.3259 0.0884
14 0.5396 0.0765 0.1272 0.1398 0.1168
15 0.2046 0.1270 0.0901 0.2566 0.3218
16 0.0671 0.0371 0.1714 0.6572 0.0671
17 0.2086 0.1237 0.3157 0.0338 0.3181
18 0.1984 0.1232 0.2776 0.0064 0.3945
19 0.1982 0.2627 0.2014 0.0160 0.3218
20 0.1030 0.0605 0.1879 0.2864 0.3621
21 0.1803 0.0463 0.2012 0.0973 0.4751
22 0.1630 0.0659 0.6343 0.0049 0.1320
23 0.2429 0.1311 0.3169 0.0067 0.3025
24 0.1630 0.0428 0.0372 0.0090 0.7480
25 0.2598 0.1190 0.1492 0.0941 0.3779
26 0.1542 0.0164 0.1182 0.1110 0.6001
27 0.1702 0.0401 0.0544 0.0187 0.7168
28 0.1271 0.0975 0.3508 0.0206 0.4038
29 0.3147 0.1969 0.2231 0.0182 0.2471
30 0.2319 0.3145 0.2230 0.0634 0.1671
31 0.1967 0.4004 0.2466 0.0471 0.1094
32 0.1222 0.3943 0.3269 0.0203 0.1362
33 0.1123 0.1282 0.3301 0.0556 0.3740
34 0.3850 0.1473 0.1967 0.0375 0.2335
35 0.3870 0.1379 0.3635 0.0145 0.0970
36 0.2629 0.1793 0.2888 0.0578 0.2113
37 0.3440 0.0507 0.1217 0.0060 0.4775
38 0.1432 0.1000 0.3079 0.0597 0.3892
39 0.0568 0.0277 0.0866 0.0068 0.8218
40 0.0550 0.0524 0.0812 0.0164 0.7949
41 0.2510 0.2231 0.2130 0.0329 0.2800
42 0.2206 0.1931 0.2725 0.1050 0.2089
43 0.1968 0.4070 0.3374 0.0171 0.0416
44 0.1682 0.1967 0.1736 0.4231 0.0384
45 0.0871 0.1328 0.3667 0.3499 0.0637
46 0.1642 0.0542 0.2280 0.4902 0.0633
47 0.2234 0.2959 0.4338 0.0265 0.0203
48 0.2964 0.3010 0.2986 0.0340 0.0698
49 0.1791 0.3733 0.2976 0.1166 0.0334
50 0.1000 0.1688 0.4736 0.0374 0.2202
51 0.3684 0.2019 0.2739 0.0468 0.1089
52 0.3110 0.0558 0.3311 0.1359 0.1664
53 0.2244 0.0541 0.2208 0.4675 0.0331
54 0.2637 0.1743 0.2988 0.1676 0.0955
55 0.3782 0.1360 0.1541 0.0372 0.2947
56 0.1674 0.3328 0.2715 0.1254 0.1031
57 0.1410 0.4375 0.3225 0.0286 0.0703
58 0.0475 0.0091 0.0096 0.0160 0.9180
59 0.0911 0.0145 0.0261 0.0040 0.8643
60 0.1488 0.0284 0.0547 0.0410 0.7271
61 0.1443 0.3381 0.2593 0.0185 0.2397
62 0.2800 0.0518 0.1132 0.0153 0.5396
63 0.1035 0.0120 0.0164 0.0015 0.8667
64 0.0285 0.0050 0.0058 0.0007 0.9600
65 0.0839 0.1763 0.3821 0.1643 0.1936
66 0.1469 0.2024 0.3362 0.0647 0.2499
67 0.0342 0.0615 0.1559 0.0388 0.7095
68 0.1876 0.2485 0.4644 0.0419 0.0577
69 0.1121 0.1736 0.6704 0.0285 0.0154
70 0.1989 0.2218 0.0656 0.2849 0.2289
71 0.1755 0.1315 0.5117 0.0265 0.1549
72 0.1853 0.2615 0.4016 0.0159 0.1356
73 0.3293 0.1020 0.4294 0.0092 0.1300
74 0.1716 0.2637 0.4417 0.0079 0.1152
75 0.1124 0.1700 0.1089 0.3328 0.2759
76 0.1765 0.1938 0.3708 0.0634 0.1954
77 0.0986 0.4385 0.0694 0.1731 0.2205
78 0.0629 0.6299 0.1028 0.1497 0.0546
79 0.1096 0.0796 0.0547 0.5107 0.2451
80 0.0678 0.1327 0.0181 0.6138 0.1677
81 0.2001 0.2471 0.1343 0.2231 0.1954
82 0.2693 0.1522 0.0821 0.1793 0.3171
83 0.2666 0.0406 0.1094 0.0190 0.5645
84 0.2104 0.0799 0.2703 0.0210 0.4185
85 0.3315 0.2261 0.2542 0.1371 0.0512
86 0.2524 0.2335 0.1763 0.2605 0.0770
87 0.0451 0.3010 0.3306 0.2168 0.1065
88 0.1908 0.2671 0.1671 0.0429 0.3323
89 0.0300 0.7803 0.0583 0.0784 0.0531
90 0.0850 0.6738 0.0792 0.1171 0.0448
91 0.1729 0.1040 0.0849 0.0715 0.5669
92 0.2087 0.1600 0.0667 0.2559 0.3086
93 0.1197 0.1514 0.5708 0.0540 0.1040
94 0.1541 0.1425 0.2769 0.0768 0.3499
95 0.0955 0.1151 0.5322 0.1245 0.1326
96 0.1181 0.0567 0.2788 0.5293 0.0170
97 0.3176 0.1572 0.3079 0.0142 0.2034
98 0.3669 0.1361 0.3342 0.0482 0.1146
99 0.1068 0.0928 0.6001 0.0775 0.1229
100 0.1792 0.0795 0.3733 0.2449 0.1231
101 0.1608 0.0930 0.4236 0.0815 0.2413
102 0.3308 0.0823 0.2070 0.1357 0.2440
103 0.5947 0.0267 0.0905 0.2441 0.0438
104 0.2212 0.1462 0.3425 0.0654 0.2246
105 0.1215 0.0569 0.1159 0.0067 0.6987
106 0.3618 0.0559 0.0758 0.0198 0.4868
107 0.1675 0.1235 0.4412 0.0626 0.2052
108 0.1472 0.1416 0.6343 0.0103 0.0663
109 0.1321 0.0577 0.0513 0.5308 0.2283
110 0.2097 0.0655 0.2197 0.3857 0.1194
111 0.3608 0.1814 0.1025 0.0632 0.2922
112 0.4375 0.1410 0.0925 0.1536 0.1754
113 0.3799 0.0766 0.0676 0.1659 0.3101
114 0.1641 0.1003 0.4495 0.0199 0.2664
115 0.1704 0.1552 0.0612 0.0323 0.5811
116 0.0488 0.1171 0.0721 0.0500 0.7119
117 0.1035 0.0201 0.0287 0.0147 0.8330
118 0.0329 0.0396 0.1416 0.1310 0.6548
119 0.0227 0.0053 0.0251 0.0052 0.9419
120 0.0403 0.0176 0.0475 0.0120 0.8823
121 0.0138 0.0110 0.0094 0.0027 0.9629
122 0.0631 0.1526 0.5762 0.0532 0.1550
123 0.1351 0.0581 0.3730 0.3730 0.0609
124 0.0945 0.1105 0.6616 0.0194 0.1141
125 0.0931 0.1273 0.4958 0.0687 0.2150
126 0.1317 0.1553 0.6045 0.0137 0.0949
127 0.0984 0.1097 0.6724 0.0556 0.0640
128 0.2031 0.0615 0.1223 0.0388 0.5742
129 0.1045 0.1462 0.6206 0.0201 0.1086
130 0.0741 0.0471 0.0729 0.0577 0.7480
131 0.1552 0.1327 0.1665 0.0524 0.4932
132 0.1403 0.1075 0.3499 0.1902 0.2122
133 0.0445 0.0648 0.2332 0.2483 0.4092
134 0.0179 0.0115 0.0289 0.0074 0.9341
135 0.0213 0.0196 0.0133 0.0032 0.9424
136 0.2357 0.1046 0.3430 0.1865 0.1301
137 0.6631 0.1855 0.0823 0.0227 0.0465
138 0.2842 0.2649 0.2319 0.0930 0.1261
139 0.4856 0.1381 0.0627 0.0617 0.2520
140 0.3533 0.1791 0.1776 0.0471 0.2428
141 0.1312 0.0630 0.1088 0.5884 0.1088
142 0.4573 0.2688 0.0555 0.0936 0.1250
143 0.4316 0.3523 0.0830 0.0798 0.0532
144 0.4241 0.2115 0.1388 0.1097 0.1159
145 0.2253 0.2306 0.1115 0.3279 0.1048
146 0.0991 0.2588 0.4473 0.1522 0.0426
147 0.2773 0.2228 0.1299 0.0928 0.2773
148 0.2444 0.3315 0.1278 0.0594 0.2369
149 0.3806 0.2400 0.1188 0.1082 0.1526
150 0.1083 0.2498 0.6089 0.0097 0.0236
151 0.2922 0.2009 0.2922 0.0399 0.1746
152 0.2106 0.1517 0.2683 0.0838 0.2856
153 0.3381 0.1187 0.1304 0.2554 0.1573
154 0.3167 0.3240 0.1906 0.1320 0.0369
155 0.1235 0.1016 0.4807 0.0635 0.2307
156 0.2201 0.0626 0.0829 0.0269 0.6074
157 0.3950 0.0803 0.0881 0.0771 0.3596
158 0.2365 0.2328 0.2205 0.1527 0.1576
159 0.1616 0.2708 0.3586 0.0246 0.1846
160 0.3408 0.2051 0.2893 0.0077 0.1572
161 0.1613 0.1144 0.2617 0.0103 0.4524
162 0.0770 0.3940 0.4065 0.0614 0.0609
163 0.3022 0.2690 0.1863 0.0378 0.2046
164 0.1376 0.1660 0.2737 0.0307 0.3921
165 0.1528 0.3843 0.3186 0.0103 0.1339
166 0.1304 0.1754 0.3435 0.1549 0.1958
167 0.3271 0.3123 0.3074 0.0098 0.0436
168 0.3948 0.1698 0.3325 0.0113 0.0916
169 0.1682 0.0929 0.1383 0.0907 0.5098
170 0.2340 0.1895 0.2303 0.1047 0.2415
171 0.2047 0.1290 0.2607 0.1301 0.2754
172 0.2637 0.0544 0.0811 0.0424 0.5586
173 0.0801 0.0254 0.0550 0.0740 0.7656
174 0.2196 0.1658 0.1113 0.1864 0.3169
175 0.1065 0.0677 0.2134 0.0588 0.5537
176 0.1071 0.0450 0.1293 0.0362 0.6826
177 0.1809 0.1511 0.2305 0.0574 0.3801
178 0.3428 0.2301 0.2079 0.0286 0.1908
179 0.3064 0.2277 0.1732 0.0541 0.2386
180 0.0796 0.1499 0.7207 0.0132 0.0367
181 0.1262 0.1158 0.4475 0.0076 0.3027
182 0.1311 0.0702 0.3679 0.3350 0.0959
183 0.1365 0.1823 0.0765 0.0073 0.5977
184 0.0919 0.1058 0.0399 0.0046 0.7578
185 0.3416 0.0508 0.0255 0.0451 0.5371
186 0.1958 0.1187 0.2253 0.3894 0.0709
187 0.2952 0.1694 0.0782 0.1669 0.2905
188 0.1648 0.2184 0.2019 0.3381 0.0767
189 0.3853 0.0391 0.1710 0.2908 0.1139
190 0.3254 0.4050 0.1000 0.0057 0.1637
191 0.2939 0.1742 0.0737 0.0030 0.4553
192 0.1453 0.1080 0.4993 0.1621 0.0854
193 0.0920 0.1042 0.5635 0.1541 0.0864
194 0.1166 0.1113 0.0753 0.3945 0.3025
195 0.1470 0.2240 0.1481 0.0212 0.4597
196 0.2419 0.0762 0.2496 0.3989 0.0333
197 0.3066 0.1415 0.2502 0.2242 0.0775
198 0.3914 0.1969 0.1406 0.0373 0.2338
199 0.2427 0.2974 0.1580 0.2141 0.0879
200 0.5039 0.1178 0.2068 0.0556 0.1160
201 0.3091 0.0872 0.2192 0.3240 0.0604
202 0.3342 0.2542 0.1173 0.2227 0.0717
203 0.3394 0.2925 0.1693 0.0435 0.1554
204 0.4275 0.3030 0.1187 0.0340 0.1168
205 0.2233 0.3003 0.2303 0.1620 0.0840
206 0.6006 0.0936 0.1230 0.0347 0.1483
207 0.3845 0.1415 0.3669 0.0609 0.0463
208 0.3674 0.2954 0.1682 0.0347 0.1342
209 0.1487 0.2097 0.5190 0.0760 0.0464
210 0.0250 0.0551 0.0881 0.1282 0.7036
211 0.0196 0.0971 0.0504 0.0386 0.7944
212 0.0222 0.0191 0.0154 0.0151 0.9282
213 0.0358 0.0545 0.0787 0.0043 0.8267
214 0.5996 0.0603 0.0837 0.0274 0.2292
215 0.6011 0.1052 0.0746 0.0226 0.1967
216 0.3020 0.0723 0.2245 0.1694 0.2316
217 0.2299 0.1372 0.3560 0.1936 0.0833
218 0.3347 0.0853 0.1473 0.0323 0.4004
219 0.3901 0.1412 0.1470 0.2008 0.1208
220 0.3391 0.2189 0.1317 0.0898 0.2206
221 0.5508 0.0806 0.0812 0.0274 0.2600
222 0.3442 0.1136 0.2277 0.1731 0.1414
223 0.3804 0.2134 0.3464 0.0150 0.0447
224 0.1624 0.1840 0.3574 0.1235 0.1729
225 0.2908 0.1833 0.1848 0.2585 0.0826
226 0.1493 0.1887 0.4526 0.0612 0.1481
227 0.1598 0.2052 0.5078 0.0472 0.0798
228 0.2059 0.1949 0.4258 0.0402 0.1329
229 0.2133 0.1810 0.4111 0.0491 0.1455
230 0.3008 0.1882 0.1661 0.0875 0.2573
231 0.1992 0.1390 0.1718 0.2876 0.2024
232 0.2119 0.1503 0.3960 0.0532 0.1885
233 0.1851 0.1621 0.3857 0.2251 0.0420
234 0.1984 0.0595 0.2356 0.3591 0.1473
235 0.3027 0.1132 0.1647 0.3325 0.0868
236 0.1842 0.1677 0.4087 0.1025 0.1368
237 0.2048 0.1301 0.1158 0.0730 0.4761
238 0.3740 0.1940 0.1711 0.0232 0.2377
239 0.2588 0.0833 0.3481 0.0429 0.2668
240 0.4766 0.0479 0.0895 0.0348 0.3513
241 0.3223 0.2250 0.2471 0.0960 0.1096
242 0.2386 0.2173 0.1873 0.2581 0.0987
243 0.1074 0.2595 0.4629 0.0602 0.1099
244 0.1219 0.3845 0.2996 0.0110 0.1831
245 0.1982 0.2751 0.3398 0.0260 0.1605
246 0.2220 0.4521 0.2401 0.0112 0.0744
247 0.3821 0.2886 0.1998 0.0226 0.1069
248 0.4324 0.2296 0.2042 0.0176 0.1163
249 0.3652 0.2712 0.2163 0.0200 0.1272
250 0.1096 0.1113 0.1545 0.5923 0.0321
251 0.2369 0.2157 0.1903 0.3042 0.0529
