time exciting_prob fearful_prob tense_prob sad_prob relaxing_prob
0 0.2037 0.2830 0.2496 0.2310 0.0327
1 0.7261 0.0564 0.0967 0.0692 0.0514
2 0.3948 0.2510 0.1583 0.1252 0.0708
3 0.2161 0.0629 0.6602 0.0248 0.0361
4 0.6133 0.0843 0.1400 0.0677 0.0948
5 0.6699 0.0684 0.0623 0.1278 0.0717
6 0.3450 0.2603 0.2043 0.0432 0.1472
7 0.3511 0.3296 0.2196 0.0644 0.0353
8 0.3303 0.0932 0.3572 0.1622 0.0570
9 0.3276 0.0815 0.4077 0.1106 0.0725
10 0.3259 0.0466 0.2832 0.2578 0.0864
11 0.2888 0.4299 0.1606 0.0901 0.0304
12 0.4270 0.3379 0.0961 0.0522 0.0868
13 0.5293 0.1349 0.0898 0.0942 0.1517
14 0.6284 0.1327 0.1092 0.0280 0.1017
15 0.4612 0.1619 0.1569 0.1984 0.0219
16 0.6631 0.2220 0.0430 0.0398 0.0322
17 0.6606 0.1908 0.0765 0.0250 0.0468
18 0.6655 0.2046 0.0331 0.0675 0.0290
19 0.3193 0.0853 0.0614 0.0765 0.4575
20 0.4690 0.0945 0.1986 0.0376 0.2002
21 0.6606 0.1113 0.0564 0.0944 0.0771
22 0.4927 0.3867 0.0823 0.0194 0.0191
23 0.4565 0.3816 0.1102 0.0262 0.0256
24 0.6167 0.2454 0.0345 0.0671 0.0362
25 0.6138 0.2240 0.0627 0.0428 0.0566
26 0.1665 0.7290 0.0799 0.0174 0.0075
27 0.5640 0.3474 0.0432 0.0250 0.0207
28 0.5186 0.2046 0.1260 0.0416 0.1095
29 0.3975 0.5474 0.0293 0.0155 0.0102
30 0.5298 0.1219 0.1191 0.1963 0.0331
31 0.3726 0.3967 0.1360 0.0769 0.0177
32 0.4968 0.3606 0.0927 0.0395 0.0102
33 0.3997 0.3997 0.1200 0.0549 0.0258
34 0.0914 0.1174 0.7476 0.0268 0.0168
35 0.2245 0.0482 0.0214 0.0145 0.6914
36 0.2930 0.0555 0.0182 0.0814 0.5518
37 0.4951 0.3376 0.0784 0.0686 0.0201
38 0.4561 0.3694 0.1401 0.0150 0.0194
39 0.3076 0.5356 0.1047 0.0359 0.0161
40 0.5122 0.1625 0.2006 0.0715 0.0532
41 0.4316 0.2274 0.2205 0.0693 0.0511
42 0.4561 0.1359 0.1516 0.1843 0.0721
43 0.2852 0.2477 0.3958 0.0511 0.0203
44 0.3594 0.1385 0.1893 0.2394 0.0735
45 0.4580 0.1752 0.1595 0.1122 0.0952
46 0.5493 0.2202 0.0804 0.1378 0.0122
47 0.5234 0.2395 0.0742 0.1132 0.0498
48 0.3279 0.5801 0.0527 0.0327 0.0065
49 0.3386 0.5586 0.0646 0.0335 0.0046
50 0.3818 0.0685 0.2280 0.2974 0.0242
51 0.4172 0.4802 0.0687 0.0178 0.0162
52 0.4001 0.4326 0.0776 0.0449 0.0446
53 0.4980 0.2059 0.1012 0.1580 0.0369
54 0.6509 0.1292 0.1167 0.0350 0.0681
55 0.5908 0.1350 0.1542 0.0236 0.0964
56 0.6138 0.3184 0.0528 0.0115 0.0038
57 0.2959 0.2590 0.2034 0.1896 0.0522
58 0.5820 0.1761 0.1655 0.0260 0.0501
59 0.5581 0.2496 0.0756 0.0368 0.0798
60 0.5332 0.2312 0.0566 0.0452 0.1338
61 0.4131 0.2195 0.0493 0.2410 0.0770
62 0.7544 0.1486 0.0118 0.0624 0.0231
63 0.4570 0.4644 0.0381 0.0254 0.0150
64 0.5571 0.3596 0.0453 0.0204 0.0178
65 0.5225 0.1952 0.0479 0.1364 0.0981
66 0.5396 0.1594 0.1697 0.0514 0.0801
67 0.4478 0.2759 0.1523 0.0709 0.0531
68 0.5127 0.1370 0.1576 0.1390 0.0536
69 0.4448 0.4773 0.0495 0.0161 0.0121
70 0.4131 0.2467 0.0951 0.2144 0.0309
71 0.3174 0.5928 0.0587 0.0043 0.0269
72 0.3127 0.6221 0.0457 0.0055 0.0142
73 0.3054 0.3201 0.3462 0.0036 0.0247
74 0.3450 0.4036 0.2335 0.0034 0.0146
75 0.0691 0.7485 0.1498 0.0192 0.0133
76 0.4753 0.4536 0.0334 0.0177 0.0199
77 0.6948 0.1422 0.0963 0.0236 0.0434
78 0.4126 0.4822 0.0734 0.0084 0.0235
79 0.5674 0.3440 0.0263 0.0073 0.0553
80 0.1019 0.5864 0.2686 0.0240 0.0190
81 0.2147 0.5747 0.1725 0.0101 0.0282
82 0.3672 0.4788 0.1174 0.0146 0.0220
83 0.3533 0.5024 0.1147 0.0167 0.0130
84 0.3042 0.5508 0.1136 0.0204 0.0110
85 0.5952 0.1918 0.1471 0.0537 0.0121
86 0.4700 0.3464 0.1367 0.0276 0.0191
87 0.3477 0.4395 0.1449 0.0381 0.0301
88 0.4434 0.4648 0.0342 0.0063 0.0513
89 0.2524 0.4863 0.0563 0.0053 0.1996
90 0.6411 0.2034 0.0983 0.0322 0.0251
91 0.1219 0.6694 0.1873 0.0184 0.0031
92 0.0559 0.9102 0.0183 0.0138 0.0019
93 0.3994 0.3752 0.1267 0.0108 0.0878
94 0.2532 0.4583 0.1293 0.0081 0.1511
95 0.2031 0.5879 0.1765 0.0082 0.0244
96 0.2939 0.4771 0.2036 0.0101 0.0153
97 0.3879 0.4329 0.1004 0.0304 0.0486
98 0.4209 0.4844 0.0682 0.0092 0.0175
99 0.4846 0.4146 0.0433 0.0061 0.0515
100 0.2073 0.2661 0.2207 0.2788 0.0270
101 0.1808 0.0821 0.1453 0.5742 0.0176
102 0.1608 0.5566 0.2432 0.0133 0.0260
103 0.1898 0.7275 0.0544 0.0083 0.0202
104 0.5557 0.3093 0.0695 0.0244 0.0412
105 0.4849 0.4050 0.0454 0.0523 0.0122
106 0.3694 0.3135 0.2155 0.0905 0.0114
107 0.5659 0.1808 0.0433 0.1940 0.0162
108 0.7090 0.1765 0.0457 0.0522 0.0164
109 0.4873 0.3623 0.1088 0.0342 0.0075
110 0.4685 0.2338 0.1395 0.1311 0.0271
111 0.6274 0.2808 0.0407 0.0269 0.0240
112 0.4785 0.3755 0.0594 0.0459 0.0405
113 0.4653 0.2357 0.1096 0.1547 0.0348
114 0.5654 0.1849 0.0691 0.1646 0.0162
115 0.6211 0.1672 0.0725 0.0522 0.0867
116 0.7402 0.0898 0.0477 0.0884 0.0341
117 0.5674 0.1492 0.0234 0.2478 0.0122
118 0.3059 0.5005 0.1379 0.0305 0.0251
119 0.3101 0.4656 0.1465 0.0164 0.0615
120 0.5283 0.3777 0.0437 0.0118 0.0386
121 0.5947 0.3110 0.0545 0.0217 0.0181
122 0.6255 0.2910 0.0359 0.0295 0.0180
123 0.1952 0.2798 0.1984 0.2798 0.0471
124 0.2756 0.2651 0.2433 0.1836 0.0324
125 0.3577 0.2328 0.1730 0.1575 0.0792
126 0.8081 0.1320 0.0163 0.0396 0.0040
127 0.8486 0.1140 0.0151 0.0195 0.0027
128 0.4893 0.4319 0.0473 0.0118 0.0197
129 0.4902 0.3789 0.0542 0.0471 0.0297
130 0.4192 0.1309 0.1426 0.2881 0.0193
131 0.2878 0.6489 0.0500 0.0058 0.0073
132 0.5381 0.4092 0.0270 0.0104 0.0155
133 0.4155 0.5376 0.0255 0.0098 0.0114
134 0.2571 0.2512 0.4207 0.0211 0.0499
135 0.4736 0.3777 0.0593 0.0357 0.0536
136 0.2729 0.5557 0.0712 0.0204 0.0795
137 0.1151 0.7622 0.0565 0.0465 0.0200
138 0.3228 0.6030 0.0385 0.0175 0.0185
139 0.3777 0.5366 0.0291 0.0386 0.0181
140 0.2593 0.1810 0.2847 0.2288 0.0461
141 0.3210 0.6143 0.0274 0.0178 0.0194
142 0.3403 0.5835 0.0332 0.0273 0.0157
143 0.3784 0.1932 0.1653 0.1874 0.0757
144 0.1064 0.7163 0.0842 0.0621 0.0310
145 0.0784 0.4690 0.2471 0.1096 0.0960
146 0.3628 0.4551 0.1031 0.0515 0.0278
147 0.4438 0.4797 0.0453 0.0158 0.0153
148 0.4819 0.4670 0.0374 0.0072 0.0064
149 0.2471 0.7207 0.0150 0.0054 0.0118
150 0.5752 0.2781 0.0984 0.0175 0.0310
151 0.6519 0.1782 0.0925 0.0404 0.0371
152 0.6274 0.1335 0.1216 0.1082 0.0095
153 0.2539 0.5166 0.1744 0.0466 0.0084
154 0.2615 0.5986 0.1073 0.0211 0.0116
155 0.3896 0.1770 0.3281 0.0925 0.0128
156 0.4468 0.4756 0.0614 0.0118 0.0045
157 0.6416 0.1196 0.1477 0.0640 0.0269
158 0.4412 0.2168 0.1636 0.1624 0.0161
159 0.5273 0.1376 0.1233 0.2017 0.0101
160 0.4961 0.2344 0.2325 0.0259 0.0110
161 0.4192 0.4160 0.1102 0.0521 0.0026
162 0.5703 0.3250 0.0828 0.0164 0.0053
163 0.5542 0.1296 0.1266 0.1758 0.0136
164 0.4951 0.2693 0.0895 0.1088 0.0373
165 0.4023 0.1381 0.1527 0.2703 0.0366
166 0.6338 0.1844 0.0567 0.1172 0.0077
167 0.5347 0.2487 0.1260 0.0735 0.0172
168 0.2476 0.6475 0.0918 0.0080 0.0053
169 0.3228 0.5981 0.0483 0.0179 0.0130
170 0.3538 0.1038 0.4912 0.0256 0.0254
171 0.2666 0.2625 0.3372 0.1138 0.0199
172 0.3611 0.3640 0.2025 0.0366 0.0358
173 0.4939 0.2426 0.1340 0.1164 0.0131
174 0.5000 0.2418 0.1455 0.0969 0.0158
175 0.5093 0.0706 0.2296 0.1219 0.0684
176 0.6265 0.2251 0.0875 0.0535 0.0078
177 0.6401 0.2507 0.0446 0.0279 0.0367
178 0.5381 0.2771 0.1259 0.0452 0.0139
179 0.5015 0.2350 0.1816 0.0706 0.0113
180 0.4529 0.3696 0.1003 0.0372 0.0399
181 0.4644 0.4099 0.0833 0.0352 0.0073
182 0.5728 0.2297 0.0717 0.0336 0.0921
183 0.2458 0.1246 0.1456 0.4453 0.0386
184 0.4194 0.1320 0.0659 0.3423 0.0403
185 0.5874 0.2078 0.0680 0.1166 0.0204
186 0.6074 0.1097 0.1283 0.1254 0.0293
187 0.5630 0.1718 0.1614 0.0652 0.0386
188 0.5713 0.1869 0.0904 0.1090 0.0424
189 0.5610 0.2651 0.0960 0.0150 0.0629
190 0.5171 0.3186 0.0529 0.0684 0.0428
191 0.3281 0.2308 0.2742 0.0699 0.0970
192 0.5298 0.4001 0.0390 0.0204 0.0105
193 0.4363 0.3118 0.1982 0.0353 0.0183
194 0.3413 0.3662 0.2700 0.0110 0.0115
195 0.2610 0.1431 0.1571 0.3406 0.0983
196 0.7231 0.1626 0.0455 0.0313 0.0377
197 0.2720 0.1065 0.5327 0.0721 0.0167
198 0.4958 0.2150 0.2306 0.0351 0.0236
199 0.4360 0.4827 0.0586 0.0136 0.0091
200 0.5127 0.3523 0.1144 0.0106 0.0099
201 0.2820 0.2063 0.1213 0.3511 0.0394
202 0.4402 0.2145 0.0654 0.2047 0.0753
203 0.4519 0.2203 0.0631 0.1885 0.0761
204 0.4353 0.2224 0.0734 0.1932 0.0757
205 0.4287 0.2156 0.0806 0.1993 0.0757
206 0.4766 0.2251 0.0676 0.1454 0.0854
