time exciting_prob fearful_prob tense_prob sad_prob relaxing_prob
0 0.2037 0.2830 0.2496 0.2310 0.0327
1 0.1615 0.1043 0.4324 0.2881 0.0138
2 0.7388 0.0398 0.1812 0.0312 0.0089
3 0.6074 0.0803 0.2612 0.0472 0.0036
4 0.3269 0.0388 0.3481 0.2668 0.0193
5 0.1958 0.1649 0.3716 0.2289 0.0388
6 0.2798 0.1384 0.2886 0.2710 0.0222
7 0.2128 0.1121 0.5786 0.0833 0.0134
8 0.1136 0.1329 0.5957 0.1506 0.0073
9 0.1166 0.4263 0.4331 0.0217 0.0023
10 0.1587 0.0508 0.1771 0.5898 0.0236
11 0.1487 0.1970 0.5273 0.0888 0.0385
12 0.7817 0.0589 0.0427 0.0111 0.1058
13 0.7856 0.0760 0.0400 0.0094 0.0889
14 0.2041 0.1494 0.5728 0.0445 0.0294
15 0.6060 0.1013 0.1351 0.1310 0.0268
16 0.4749 0.0858 0.1210 0.2971 0.0213
17 0.3118 0.1138 0.4465 0.0859 0.0419
18 0.2583 0.1890 0.4978 0.0415 0.0136
19 0.4512 0.0671 0.3125 0.1215 0.0476
20 0.0729 0.2316 0.3530 0.3115 0.0309
21 0.1241 0.2839 0.4468 0.1202 0.0250
22 0.1405 0.0865 0.3818 0.3877 0.0034
23 0.2012 0.0865 0.3877 0.3215 0.0032
24 0.0884 0.3132 0.5498 0.0374 0.0111
25 0.1229 0.4189 0.3262 0.0831 0.0489
26 0.0916 0.0419 0.6064 0.2451 0.0148
27 0.1636 0.0602 0.5117 0.2495 0.0147
28 0.1295 0.0993 0.3865 0.3574 0.0271
29 0.1428 0.0789 0.3765 0.3765 0.0254
30 0.2156 0.1172 0.2947 0.3391 0.0336
31 0.1469 0.0850 0.4319 0.3015 0.0349
32 0.1154 0.0246 0.4158 0.4290 0.0155
33 0.1265 0.0779 0.4482 0.3438 0.0038
34 0.1597 0.0882 0.5659 0.1809 0.0052
35 0.2365 0.1189 0.4282 0.1813 0.0352
36 0.1583 0.1194 0.5107 0.1765 0.0348
37 0.2416 0.2825 0.3860 0.0681 0.0219
38 0.1205 0.0867 0.4993 0.2551 0.0385
39 0.1311 0.0915 0.5605 0.1709 0.0460
40 0.1737 0.0475 0.4434 0.3047 0.0307
41 0.0968 0.1609 0.6665 0.0479 0.0277
42 0.0754 0.1431 0.5791 0.0364 0.1659
43 0.0488 0.1162 0.5811 0.1664 0.0877
44 0.1059 0.1459 0.3286 0.3726 0.0470
45 0.0423 0.3054 0.0720 0.5361 0.0440
46 0.0363 0.3552 0.1017 0.4856 0.0212
47 0.0865 0.3396 0.3396 0.2158 0.0184
48 0.1692 0.2172 0.4387 0.1614 0.0136
49 0.1337 0.3359 0.5122 0.0160 0.0021
50 0.1422 0.3010 0.5283 0.0199 0.0088
51 0.1782 0.2939 0.4998 0.0221 0.0060
52 0.1304 0.3328 0.5234 0.0097 0.0035
53 0.0434 0.5171 0.3499 0.0837 0.0061
54 0.1990 0.4773 0.2988 0.0142 0.0106
55 0.0200 0.0391 0.9038 0.0264 0.0108
56 0.1375 0.3025 0.5229 0.0304 0.0069
57 0.1141 0.1754 0.6777 0.0255 0.0073
58 0.1586 0.2495 0.5078 0.0661 0.0179
59 0.1459 0.0987 0.7178 0.0301 0.0074
60 0.0898 0.1002 0.7881 0.0110 0.0106
61 0.1066 0.1317 0.7173 0.0261 0.0182
62 0.0979 0.0964 0.7642 0.0366 0.0049
63 0.1699 0.0969 0.6616 0.0543 0.0171
64 0.1076 0.0757 0.6909 0.1085 0.0176
65 0.3225 0.2472 0.2800 0.1080 0.0423
66 0.4390 0.0751 0.3113 0.1493 0.0255
67 0.1837 0.2018 0.5400 0.0610 0.0136
68 0.0524 0.0576 0.7700 0.1075 0.0125
69 0.1158 0.0413 0.6411 0.1808 0.0211
70 0.5107 0.0433 0.3977 0.0464 0.0017
71 0.2773 0.2229 0.4036 0.0770 0.0190
72 0.1910 0.0255 0.5073 0.2551 0.0211
73 0.1704 0.1327 0.4780 0.2024 0.0165
74 0.1715 0.1073 0.4590 0.2418 0.0203
75 0.3535 0.1509 0.3821 0.1036 0.0099
76 0.1136 0.1059 0.3933 0.3696 0.0176
77 0.2344 0.0862 0.3923 0.2656 0.0215
78 0.2881 0.0478 0.5220 0.1361 0.0061
79 0.0701 0.0240 0.5342 0.3396 0.0318
80 0.3591 0.2338 0.3650 0.0406 0.0015
81 0.1794 0.1910 0.5791 0.0356 0.0146
82 0.1156 0.0752 0.6055 0.1240 0.0795
83 0.2426 0.0825 0.4460 0.2208 0.0081
84 0.1857 0.2039 0.4968 0.0584 0.0553
85 0.1082 0.1207 0.5410 0.2053 0.0251
86 0.0535 0.0924 0.3831 0.4480 0.0230
87 0.0437 0.0398 0.3628 0.5117 0.0423
88 0.0305 0.0101 0.1990 0.7510 0.0093
89 0.2068 0.1324 0.5845 0.0565 0.0197
90 0.1011 0.1128 0.4126 0.3586 0.0148
91 0.3926 0.1943 0.3804 0.0225 0.0104
92 0.2974 0.3879 0.3022 0.0094 0.0030
93 0.1345 0.1080 0.4014 0.3489 0.0073
94 0.1152 0.1675 0.1411 0.5493 0.0269
95 0.3267 0.0958 0.4678 0.1019 0.0079
96 0.1398 0.0233 0.2913 0.5190 0.0265
97 0.0876 0.0761 0.7808 0.0307 0.0249
98 0.4084 0.0458 0.4700 0.0612 0.0146
99 0.2042 0.0684 0.6191 0.0964 0.0117
100 0.5366 0.0704 0.3491 0.0108 0.0330
101 0.3518 0.0656 0.5078 0.0447 0.0300
102 0.3015 0.0571 0.2312 0.3872 0.0231
103 0.1462 0.0887 0.0393 0.6865 0.0390
104 0.0855 0.1205 0.5405 0.2435 0.0101
105 0.1552 0.0215 0.4219 0.3962 0.0054
106 0.1578 0.0233 0.4094 0.4031 0.0066
107 0.2294 0.0504 0.2681 0.4353 0.0168
108 0.1617 0.0966 0.5303 0.1982 0.0129
109 0.2219 0.0612 0.3958 0.3130 0.0081
110 0.5522 0.1301 0.2063 0.0771 0.0342
111 0.1544 0.0316 0.3479 0.4609 0.0053
112 0.2120 0.0343 0.5498 0.1931 0.0106
113 0.1444 0.0143 0.6782 0.1561 0.0067
114 0.1388 0.0869 0.6221 0.1410 0.0112
115 0.3186 0.1425 0.2812 0.2350 0.0227
116 0.5591 0.1458 0.1902 0.0824 0.0227
117 0.4067 0.1416 0.2467 0.1967 0.0083
118 0.2976 0.0795 0.1749 0.3821 0.0659
119 0.3459 0.2360 0.2360 0.1584 0.0237
120 0.0594 0.0438 0.1296 0.5415 0.2257
121 0.3599 0.1571 0.3513 0.1089 0.0228
122 0.4934 0.1002 0.3782 0.0205 0.0076
123 0.5210 0.1238 0.2600 0.0224 0.0728
124 0.6465 0.2050 0.1302 0.0094 0.0089
125 0.1353 0.0226 0.2588 0.5737 0.0095
126 0.2773 0.0572 0.3789 0.2817 0.0048
127 0.5601 0.0599 0.2466 0.0886 0.0449
128 0.4810 0.0651 0.2185 0.2053 0.0300
129 0.7441 0.0731 0.1741 0.0028 0.0058
130 0.1731 0.0470 0.3552 0.4026 0.0222
131 0.7344 0.0877 0.1539 0.0090 0.0151
132 0.3547 0.1082 0.4053 0.1216 0.0101
133 0.3809 0.0424 0.5205 0.0305 0.0255
134 0.5952 0.1360 0.2123 0.0264 0.0301
135 0.2450 0.1475 0.5024 0.0820 0.0230
136 0.3457 0.1429 0.4727 0.0284 0.0104
137 0.1376 0.0778 0.6665 0.0999 0.0183
138 0.2424 0.2156 0.4355 0.0751 0.0313
139 0.3784 0.1248 0.3499 0.0912 0.0558
140 0.1930 0.2898 0.4419 0.0627 0.0127
141 0.3235 0.1843 0.3723 0.0722 0.0477
142 0.2217 0.1293 0.5576 0.0784 0.0131
143 0.2754 0.1644 0.4199 0.1281 0.0123
144 0.2378 0.1055 0.4307 0.2133 0.0127
145 0.1110 0.0492 0.5132 0.2661 0.0608
146 0.3103 0.1942 0.4658 0.0202 0.0094
147 0.3494 0.1266 0.4702 0.0466 0.0072
148 0.2827 0.3010 0.3806 0.0216 0.0141
149 0.0291 0.0173 0.1600 0.7876 0.0057
150 0.1251 0.0331 0.4795 0.3049 0.0573
151 0.1119 0.0712 0.7188 0.0906 0.0075
152 0.4490 0.0392 0.1871 0.2810 0.0438
153 0.2661 0.1219 0.5337 0.0533 0.0251
154 0.4702 0.1316 0.2874 0.0891 0.0218
155 0.2107 0.1693 0.3875 0.1919 0.0405
156 0.2549 0.1595 0.4690 0.0975 0.0189
157 0.2966 0.0234 0.2920 0.3721 0.0160
158 0.3857 0.0280 0.4204 0.1453 0.0204
159 0.4006 0.0559 0.5146 0.0182 0.0108
160 0.2559 0.0264 0.6538 0.0536 0.0104
161 0.1431 0.1323 0.6514 0.0720 0.0013
162 0.1434 0.0699 0.6333 0.1434 0.0100
163 0.1250 0.1069 0.4397 0.2605 0.0679
164 0.1016 0.1869 0.5239 0.1225 0.0651
165 0.0429 0.1431 0.4075 0.3430 0.0635
166 0.4597 0.0668 0.3933 0.0632 0.0170
167 0.3381 0.1215 0.4695 0.0343 0.0365
168 0.0996 0.1147 0.6055 0.1543 0.0260
169 0.6191 0.0757 0.2603 0.0328 0.0121
170 0.3398 0.3320 0.3193 0.0037 0.0050
171 0.3865 0.1489 0.4243 0.0243 0.0158
172 0.2610 0.0351 0.4338 0.2590 0.0112
173 0.2487 0.0723 0.3645 0.2930 0.0216
174 0.1523 0.0596 0.5195 0.2512 0.0176
175 0.2881 0.3164 0.3164 0.0653 0.0139
176 0.3298 0.1864 0.3196 0.1451 0.0190
177 0.2285 0.3948 0.3540 0.0144 0.0082
178 0.1228 0.0864 0.6484 0.1277 0.0146
179 0.3416 0.1588 0.4453 0.0488 0.0056
180 0.1176 0.2712 0.4268 0.1765 0.0079
181 0.3906 0.1339 0.3816 0.0781 0.0160
182 0.7334 0.0693 0.1611 0.0152 0.0211
183 0.6870 0.0388 0.2450 0.0275 0.0015
184 0.4082 0.0856 0.4021 0.0829 0.0211
185 0.5532 0.0483 0.3572 0.0295 0.0118
186 0.5054 0.0668 0.3115 0.1093 0.0069
187 0.4111 0.0606 0.4587 0.0630 0.0063
188 0.3835 0.1335 0.2037 0.2327 0.0465
189 0.3179 0.1812 0.3804 0.0579 0.0626
190 0.3174 0.0518 0.5483 0.0692 0.0132
191 0.6074 0.0875 0.2847 0.0083 0.0121
192 0.3613 0.1230 0.3342 0.1506 0.0306
193 0.1843 0.2769 0.3784 0.1414 0.0191
194 0.2517 0.0272 0.4487 0.2578 0.0147
195 0.1721 0.0537 0.5820 0.1860 0.0059
196 0.5620 0.1661 0.2474 0.0075 0.0168
197 0.3423 0.1519 0.4065 0.0782 0.0210
198 0.4907 0.1631 0.2710 0.0605 0.0148
199 0.0735 0.1211 0.2905 0.4790 0.0358
200 0.0535 0.2869 0.5977 0.0391 0.0228
201 0.0872 0.1964 0.5771 0.1229 0.0164
202 0.1311 0.1710 0.5435 0.1440 0.0104
203 0.0293 0.1533 0.7085 0.1037 0.0051
204 0.0485 0.2622 0.6191 0.0623 0.0077
205 0.1351 0.0387 0.2092 0.5962 0.0209
206 0.0736 0.0309 0.8555 0.0293 0.0106
207 0.0665 0.0888 0.6611 0.1725 0.0108
208 0.0609 0.1656 0.6152 0.1508 0.0073
209 0.0566 0.1370 0.4778 0.3135 0.0151
210 0.0226 0.3589 0.5825 0.0306 0.0055
211 0.3735 0.2712 0.2527 0.0887 0.0137
212 0.4636 0.0906 0.3313 0.0287 0.0858
213 0.6509 0.1429 0.1658 0.0044 0.0361
214 0.5610 0.1711 0.2568 0.0049 0.0062
215 0.4333 0.0388 0.2284 0.2932 0.0061
216 0.0533 0.1011 0.4531 0.3875 0.0051
217 0.0230 0.3408 0.3804 0.2494 0.0064
218 0.0326 0.0482 0.8750 0.0375 0.0068
219 0.0100 0.0266 0.9541 0.0081 0.0012
220 0.0063 0.0177 0.9658 0.0095 0.0007
221 0.0144 0.0195 0.9478 0.0174 0.0009
222 0.0333 0.1772 0.4387 0.3416 0.0091
223 0.0887 0.0419 0.1710 0.6763 0.0221
224 0.2905 0.1965 0.3672 0.0943 0.0513
225 0.3977 0.0959 0.2266 0.1938 0.0860
226 0.4116 0.1337 0.3013 0.0773 0.0762
227 0.5088 0.1436 0.2367 0.0285 0.0824
228 0.3955 0.2052 0.2939 0.0519 0.0535
