time exciting_prob fearful_prob tense_prob sad_prob relaxing_prob
0 0.2037 0.2830 0.2496 0.2310 0.0327
1 0.0346 0.0194 0.2219 0.7056 0.0186
2 0.0488 0.5205 0.4055 0.0102 0.0150
3 0.1669 0.1342 0.2544 0.4004 0.0442
4 0.0534 0.4763 0.4270 0.0182 0.0251
5 0.1235 0.1942 0.2915 0.3203 0.0704
6 0.0831 0.1019 0.6748 0.1288 0.0113
7 0.6978 0.1923 0.0901 0.0049 0.0152
8 0.0541 0.2313 0.4253 0.2747 0.0147
9 0.2151 0.0992 0.4924 0.1783 0.0150
10 0.3821 0.3193 0.2373 0.0295 0.0319
11 0.1235 0.3630 0.3306 0.0472 0.1356
12 0.1757 0.0829 0.5410 0.0817 0.1188
13 0.0956 0.1653 0.3040 0.2725 0.1627
14 0.1793 0.5356 0.2734 0.0014 0.0103
15 0.1619 0.2429 0.4832 0.0319 0.0801
16 0.0823 0.2764 0.5005 0.0862 0.0548
17 0.1448 0.5464 0.2878 0.0017 0.0191
18 0.1976 0.5244 0.2256 0.0034 0.0488
19 0.1350 0.4746 0.3584 0.0050 0.0270
20 0.1032 0.1501 0.4697 0.2595 0.0175
21 0.1558 0.3245 0.2910 0.2162 0.0127
22 0.4607 0.3645 0.0907 0.0231 0.0609
23 0.4116 0.3689 0.1855 0.0095 0.0243
24 0.3149 0.1442 0.1986 0.3005 0.0420
25 0.5566 0.1685 0.0967 0.0808 0.0975
26 0.5459 0.2725 0.0927 0.0220 0.0668
27 0.0739 0.1109 0.1539 0.6484 0.0130
28 0.4556 0.4148 0.0897 0.0061 0.0341
29 0.4697 0.3833 0.0797 0.0280 0.0392
30 0.4050 0.2380 0.1422 0.2004 0.0143
31 0.2478 0.1390 0.1504 0.3960 0.0667
32 0.5889 0.0503 0.2379 0.0167 0.1064
33 0.8882 0.0564 0.0361 0.0049 0.0143
34 0.3254 0.0068 0.0903 0.5537 0.0239
35 0.6758 0.0156 0.0776 0.1819 0.0493
36 0.2277 0.1627 0.4219 0.0035 0.1843
37 0.2986 0.0255 0.6030 0.0523 0.0205
38 0.5625 0.0424 0.3574 0.0145 0.0234
39 0.8730 0.0121 0.0493 0.0096 0.0558
40 0.8535 0.0120 0.0586 0.0125 0.0633
41 0.4253 0.1277 0.3472 0.0011 0.0987
42 0.2957 0.2529 0.1752 0.0010 0.2754
43 0.3501 0.2561 0.2123 0.1076 0.0740
44 0.4434 0.2505 0.1998 0.0019 0.1044
45 0.4341 0.2323 0.2869 0.0015 0.0454
46 0.2966 0.1135 0.1946 0.1976 0.1976
47 0.5415 0.2703 0.1434 0.0037 0.0411
48 0.0798 0.1411 0.7280 0.0182 0.0327
49 0.3843 0.2769 0.2642 0.0015 0.0734
50 0.5190 0.2130 0.1711 0.0249 0.0719
51 0.3960 0.3108 0.2678 0.0032 0.0223
52 0.5776 0.1790 0.2192 0.0020 0.0224
53 0.0454 0.1313 0.6514 0.1150 0.0569
54 0.1385 0.3196 0.4873 0.0010 0.0538
55 0.2234 0.2803 0.3406 0.0012 0.1547
56 0.2010 0.2878 0.3784 0.0018 0.1307
57 0.2053 0.3518 0.3547 0.0430 0.0451
58 0.5518 0.1907 0.2045 0.0016 0.0517
59 0.3979 0.2756 0.2018 0.0031 0.1214
60 0.2693 0.1672 0.3149 0.1292 0.1195
61 0.3269 0.3704 0.2710 0.0063 0.0252
62 0.2349 0.5591 0.1947 0.0032 0.0084
63 0.3789 0.3560 0.2448 0.0016 0.0186
64 0.1005 0.4683 0.3562 0.0406 0.0342
65 0.2483 0.3018 0.4126 0.0033 0.0341
66 0.3450 0.2952 0.3242 0.0010 0.0347
67 0.3447 0.2522 0.3140 0.0014 0.0878
68 0.2505 0.2905 0.4194 0.0015 0.0378
69 0.1548 0.1838 0.3225 0.2634 0.0754
70 0.4495 0.1517 0.3289 0.0311 0.0387
71 0.1941 0.0298 0.5444 0.2234 0.0082
72 0.1924 0.3652 0.2715 0.0077 0.1633
73 0.1102 0.4861 0.3340 0.0035 0.0663
74 0.4426 0.1775 0.2705 0.0576 0.0516
75 0.4819 0.2139 0.1447 0.1034 0.0562
76 0.2252 0.0588 0.6724 0.0265 0.0170
77 0.2537 0.0389 0.6792 0.0085 0.0199
78 0.2115 0.3008 0.3127 0.0062 0.1687
79 0.3230 0.4736 0.1663 0.0188 0.0185
80 0.2314 0.3728 0.3420 0.0054 0.0482
81 0.1948 0.0285 0.7129 0.0567 0.0073
82 0.3191 0.0467 0.6152 0.0149 0.0042
83 0.3794 0.3508 0.1417 0.0031 0.1251
84 0.2354 0.4099 0.2817 0.0467 0.0264
85 0.3250 0.2048 0.2377 0.1851 0.0475
86 0.1464 0.7090 0.1282 0.0017 0.0148
87 0.2367 0.4421 0.2991 0.0035 0.0187
88 0.1487 0.5698 0.2610 0.0027 0.0179
89 0.2018 0.5840 0.1852 0.0045 0.0245
90 0.4172 0.4270 0.1123 0.0129 0.0305
91 0.4490 0.2876 0.1516 0.0414 0.0705
92 0.4722 0.2266 0.2338 0.0284 0.0391
93 0.2791 0.0899 0.3115 0.2542 0.0653
94 0.4565 0.2332 0.1964 0.0326 0.0812
95 0.1759 0.6689 0.1248 0.0112 0.0190
96 0.2131 0.5933 0.1699 0.0070 0.0170
97 0.4890 0.3157 0.1758 0.0071 0.0124
98 0.1725 0.2571 0.3950 0.1186 0.0569
99 0.0850 0.1479 0.7393 0.0054 0.0223
100 0.4966 0.0823 0.0672 0.1082 0.2457
101 0.1296 0.1277 0.5586 0.0956 0.0884
102 0.2161 0.4004 0.3218 0.0058 0.0559
103 0.3777 0.1001 0.2988 0.0503 0.1730
104 0.5488 0.2803 0.1409 0.0021 0.0282
105 0.1383 0.2352 0.1543 0.3701 0.1020
106 0.1764 0.1968 0.4070 0.0937 0.1261
107 0.5527 0.0539 0.2491 0.0983 0.0461
108 0.1448 0.5508 0.2581 0.0202 0.0260
109 0.0845 0.0921 0.5469 0.2465 0.0304
110 0.4768 0.2051 0.2695 0.0228 0.0259
111 0.1545 0.6260 0.0998 0.0168 0.1030
112 0.2620 0.5288 0.1626 0.0082 0.0383
113 0.5532 0.3276 0.1064 0.0028 0.0100
114 0.3394 0.4861 0.1426 0.0052 0.0266
115 0.2142 0.1696 0.5303 0.0460 0.0399
116 0.1907 0.3347 0.4331 0.0159 0.0258
117 0.3186 0.3555 0.1553 0.0313 0.1392
118 0.2332 0.3813 0.3313 0.0418 0.0123
119 0.0474 0.2466 0.6807 0.0220 0.0033
120 0.3601 0.3435 0.2827 0.0071 0.0065
121 0.2395 0.5396 0.0771 0.0193 0.1243
122 0.3435 0.4277 0.0597 0.0189 0.1501
123 0.0650 0.0423 0.0784 0.0221 0.7920
124 0.2327 0.1813 0.5161 0.0616 0.0081
125 0.2089 0.2922 0.4563 0.0231 0.0196
126 0.1065 0.5713 0.2871 0.0097 0.0255
127 0.3574 0.3010 0.3179 0.0049 0.0185
128 0.2556 0.4150 0.2222 0.0672 0.0398
129 0.2661 0.3870 0.2991 0.0173 0.0305
130 0.2448 0.4263 0.2883 0.0252 0.0153
131 0.0443 0.0910 0.5796 0.0278 0.2573
132 0.0562 0.2461 0.5723 0.0148 0.1109
133 0.2184 0.3303 0.2167 0.0127 0.2218
134 0.3162 0.3445 0.1993 0.0084 0.1317
135 0.3486 0.2803 0.2913 0.0153 0.0645
136 0.0493 0.3315 0.6006 0.0069 0.0119
137 0.1158 0.3223 0.5396 0.0063 0.0159
138 0.6294 0.1708 0.0555 0.0900 0.0542
139 0.0621 0.4414 0.4927 0.0011 0.0026
140 0.0948 0.3579 0.5376 0.0057 0.0041
141 0.1501 0.5405 0.1000 0.0118 0.1974
142 0.3818 0.2974 0.0928 0.0189 0.2092
143 0.1722 0.4719 0.3145 0.0233 0.0180
144 0.2058 0.6294 0.1119 0.0041 0.0489
145 0.1375 0.7432 0.0640 0.0051 0.0502
146 0.1306 0.8003 0.0398 0.0048 0.0246
147 0.1854 0.6128 0.1869 0.0091 0.0060
148 0.1056 0.7617 0.1205 0.0041 0.0078
149 0.2339 0.5439 0.2064 0.0051 0.0106
150 0.5376 0.1459 0.2581 0.0328 0.0255
151 0.3364 0.3416 0.2681 0.0255 0.0283
152 0.2705 0.5176 0.0545 0.0044 0.1530
153 0.0812 0.8467 0.0256 0.0287 0.0180
154 0.1593 0.7480 0.0195 0.0201 0.0529
155 0.1874 0.1172 0.4124 0.2462 0.0369
156 0.2435 0.2003 0.4275 0.0947 0.0340
157 0.1649 0.6626 0.0925 0.0070 0.0732
158 0.1071 0.7148 0.0975 0.0067 0.0736
159 0.2362 0.6128 0.0715 0.0064 0.0732
160 0.5942 0.2517 0.1152 0.0129 0.0259
161 0.5522 0.1464 0.0124 0.0091 0.2798
162 0.0871 0.7705 0.0603 0.0210 0.0613
163 0.5537 0.1929 0.1586 0.0688 0.0261
164 0.5327 0.0933 0.0125 0.0205 0.3411
165 0.4827 0.2352 0.2446 0.0187 0.0189
166 0.1753 0.3076 0.4727 0.0327 0.0119
167 0.4622 0.3462 0.0507 0.0044 0.1366
168 0.3296 0.1709 0.2566 0.1045 0.1384
169 0.5044 0.0986 0.3606 0.0066 0.0296
170 0.5698 0.2671 0.1176 0.0096 0.0356
171 0.0417 0.8979 0.0368 0.0130 0.0105
172 0.5044 0.1914 0.1676 0.1125 0.0240
173 0.3274 0.5356 0.1167 0.0064 0.0140
174 0.3862 0.1560 0.1254 0.2324 0.1000
175 0.3792 0.5063 0.0680 0.0026 0.0442
176 0.4148 0.0548 0.2256 0.2310 0.0738
177 0.6206 0.2607 0.0381 0.0105 0.0702
178 0.6890 0.2085 0.0817 0.0062 0.0144
179 0.6367 0.1525 0.1648 0.0167 0.0293
180 0.3916 0.3098 0.2842 0.0042 0.0101
181 0.2734 0.2231 0.4438 0.0208 0.0388
182 0.1185 0.7788 0.0916 0.0058 0.0052
183 0.5938 0.1648 0.1754 0.0138 0.0523
184 0.3955 0.3491 0.2185 0.0064 0.0305
185 0.1685 0.7148 0.0861 0.0050 0.0254
186 0.5967 0.2391 0.0915 0.0446 0.0281
187 0.5400 0.1293 0.3125 0.0043 0.0138
188 0.3506 0.5430 0.0685 0.0056 0.0321
189 0.1531 0.2905 0.4229 0.1250 0.0085
190 0.4302 0.1938 0.3621 0.0024 0.0116
191 0.3613 0.2296 0.3877 0.0067 0.0148
192 0.2637 0.3438 0.2783 0.0646 0.0495
193 0.6763 0.1148 0.1644 0.0208 0.0237
194 0.6323 0.1914 0.1490 0.0026 0.0247
195 0.5332 0.2944 0.1338 0.0063 0.0323
196 0.2690 0.4399 0.2668 0.0023 0.0219
197 0.3452 0.0886 0.0117 0.0115 0.5430
198 0.2747 0.0537 0.0104 0.0074 0.6538
199 0.1855 0.7109 0.0897 0.0034 0.0102
200 0.1576 0.7520 0.0683 0.0086 0.0136
201 0.1284 0.4485 0.2595 0.1000 0.0636
202 0.2830 0.5806 0.0528 0.0532 0.0303
203 0.4280 0.4629 0.0395 0.0404 0.0291
204 0.4292 0.4641 0.0390 0.0390 0.0287
205 0.1835 0.1203 0.1670 0.4910 0.0385
206 0.2002 0.4766 0.1132 0.1633 0.0468
207 0.1975 0.4592 0.1135 0.1827 0.0469
208 0.2622 0.6143 0.0684 0.0272 0.0278
209 0.2664 0.6094 0.0684 0.0276 0.0283
210 0.2174 0.3938 0.1382 0.1693 0.0812
