time exciting_prob fearful_prob tense_prob sad_prob relaxing_prob
0 0.2037 0.2830 0.2496 0.2310 0.0327
1 0.1312 0.6357 0.1140 0.1006 0.0185
2 0.0594 0.4390 0.3364 0.0642 0.1010
3 0.0432 0.5781 0.0959 0.2336 0.0490
4 0.0905 0.3665 0.1447 0.2479 0.1504
5 0.0159 0.0460 0.0095 0.8960 0.0326
6 0.3132 0.1237 0.0398 0.1083 0.4150
7 0.0516 0.0594 0.3584 0.5215 0.0090
8 0.0334 0.2296 0.4712 0.2644 0.0015
9 0.0266 0.1085 0.7651 0.0973 0.0025
10 0.0310 0.2252 0.5239 0.2117 0.0083
11 0.0491 0.1378 0.4663 0.3359 0.0110
12 0.0164 0.0536 0.5679 0.3608 0.0015
13 0.0212 0.3118 0.5825 0.0813 0.0034
14 0.0212 0.2334 0.6147 0.1211 0.0095
15 0.0211 0.0786 0.0544 0.6133 0.2327
16 0.0513 0.2448 0.2161 0.4646 0.0233
17 0.0775 0.3213 0.1803 0.4126 0.0082
18 0.0799 0.4092 0.2561 0.2295 0.0255
19 0.0661 0.3804 0.2272 0.3154 0.0111
20 0.0313 0.3811 0.3208 0.1704 0.0964
21 0.0237 0.3169 0.1805 0.3853 0.0937
22 0.0292 0.4163 0.2583 0.2688 0.0275
23 0.0318 0.1720 0.3289 0.3787 0.0886
24 0.0229 0.2350 0.3906 0.3137 0.0378
25 0.0268 0.2062 0.3142 0.3674 0.0853
26 0.0244 0.2028 0.3450 0.3789 0.0489
27 0.0200 0.0849 0.1284 0.6421 0.1245
28 0.0920 0.2368 0.1844 0.4565 0.0303
29 0.0329 0.0534 0.1672 0.7378 0.0086
30 0.0888 0.1986 0.2715 0.4270 0.0139
31 0.0607 0.1171 0.3960 0.4216 0.0046
32 0.0322 0.4304 0.0861 0.3682 0.0834
33 0.0407 0.1023 0.4045 0.4307 0.0218
34 0.0920 0.1948 0.5815 0.0892 0.0424
35 0.1068 0.1164 0.3699 0.3066 0.1003
36 0.1533 0.2096 0.2112 0.2162 0.2096
37 0.0207 0.4421 0.2642 0.2405 0.0325
38 0.0107 0.1753 0.4993 0.2472 0.0676
39 0.0750 0.0728 0.3579 0.4893 0.0049
40 0.2179 0.2932 0.1451 0.3220 0.0219
41 0.0652 0.0920 0.4973 0.3418 0.0038
42 0.0364 0.0505 0.6353 0.2732 0.0045
43 0.0463 0.2949 0.3787 0.2727 0.0073
44 0.0577 0.1835 0.6108 0.1384 0.0093
45 0.1826 0.1065 0.4246 0.2742 0.0123
46 0.1368 0.1758 0.2120 0.4351 0.0405
47 0.0518 0.4619 0.3655 0.0809 0.0400
48 0.1011 0.0355 0.4604 0.3757 0.0272
49 0.1379 0.5630 0.1652 0.0926 0.0414
50 0.2361 0.0295 0.3328 0.3599 0.0417
51 0.1216 0.4021 0.3896 0.0465 0.0401
52 0.3450 0.0163 0.2644 0.3503 0.0238
53 0.1583 0.2131 0.3889 0.2050 0.0348
54 0.0781 0.5298 0.3640 0.0125 0.0155
55 0.0473 0.3083 0.1515 0.4775 0.0152
56 0.0698 0.1549 0.6729 0.0939 0.0087
57 0.0531 0.0660 0.2454 0.6265 0.0088
58 0.1726 0.3433 0.3892 0.0731 0.0218
59 0.0293 0.1315 0.1467 0.6890 0.0036
60 0.1179 0.1074 0.6787 0.0876 0.0085
61 0.0195 0.1804 0.3704 0.4263 0.0036
62 0.0381 0.3501 0.2369 0.3669 0.0079
63 0.1049 0.6475 0.1467 0.0829 0.0182
64 0.0739 0.2461 0.1665 0.5049 0.0085
65 0.0304 0.1644 0.6709 0.1281 0.0061
66 0.0166 0.2905 0.6543 0.0358 0.0026
67 0.1875 0.1438 0.4500 0.2028 0.0160
68 0.1959 0.1757 0.4626 0.1575 0.0083
69 0.0430 0.1158 0.3860 0.4512 0.0041
70 0.2296 0.4460 0.2042 0.1027 0.0176
71 0.0242 0.1189 0.7280 0.1266 0.0023
72 0.0149 0.2056 0.7402 0.0380 0.0015
73 0.0151 0.1802 0.1888 0.6094 0.0065
74 0.1125 0.3335 0.4150 0.1217 0.0173
75 0.0789 0.1407 0.6606 0.1149 0.0047
76 0.0143 0.6938 0.2361 0.0535 0.0021
77 0.2742 0.1826 0.3662 0.1108 0.0662
78 0.0557 0.0255 0.7114 0.1716 0.0354
79 0.0616 0.2437 0.4844 0.0579 0.1525
80 0.1990 0.2219 0.2037 0.2576 0.1179
81 0.1169 0.4485 0.3230 0.0992 0.0124
82 0.0297 0.2930 0.4004 0.2710 0.0062
83 0.1373 0.1998 0.3853 0.2732 0.0044
84 0.3010 0.1769 0.4211 0.0816 0.0195
85 0.2318 0.0624 0.2468 0.4331 0.0258
86 0.0487 0.1912 0.3079 0.4409 0.0112
87 0.1636 0.1254 0.2004 0.4658 0.0447
88 0.1615 0.2622 0.5337 0.0235 0.0193
89 0.2178 0.4265 0.1364 0.1724 0.0471
90 0.0494 0.3677 0.3977 0.1792 0.0060
91 0.1523 0.0778 0.3030 0.2891 0.1781
92 0.1176 0.1685 0.4875 0.1851 0.0413
93 0.1152 0.0970 0.1599 0.6128 0.0151
94 0.0377 0.0963 0.6475 0.1337 0.0850
95 0.0114 0.0392 0.1626 0.3086 0.4780
96 0.0086 0.0777 0.2430 0.2507 0.4199
97 0.1891 0.0707 0.3589 0.3167 0.0648
98 0.1158 0.1096 0.7148 0.0130 0.0468
99 0.0241 0.4956 0.1866 0.2869 0.0068
100 0.3484 0.0795 0.4402 0.0990 0.0329
101 0.0875 0.0931 0.6934 0.0312 0.0946
102 0.1333 0.1232 0.5791 0.0640 0.1006
103 0.0557 0.0767 0.2988 0.5581 0.0106
104 0.0133 0.1321 0.7598 0.0936 0.0012
105 0.1022 0.1487 0.2064 0.5151 0.0277
106 0.1191 0.4062 0.4463 0.0217 0.0066
107 0.0208 0.1946 0.6479 0.1316 0.0050
108 0.0583 0.1526 0.4485 0.3281 0.0126
109 0.0884 0.2367 0.4934 0.1678 0.0136
110 0.0953 0.0882 0.6826 0.1132 0.0205
111 0.1340 0.1146 0.1667 0.4326 0.1519
112 0.1385 0.2510 0.3098 0.1793 0.1213
113 0.0919 0.2419 0.5537 0.0919 0.0205
114 0.2047 0.2776 0.4651 0.0385 0.0142
115 0.0098 0.1671 0.1261 0.6924 0.0044
116 0.1412 0.1348 0.3440 0.2365 0.1434
117 0.2288 0.2869 0.2759 0.1674 0.0410
118 0.0292 0.2177 0.7080 0.0406 0.0043
119 0.3242 0.4866 0.0794 0.0807 0.0292
120 0.0800 0.1735 0.7300 0.0109 0.0054
121 0.0418 0.1577 0.7764 0.0215 0.0027
122 0.0764 0.0801 0.7026 0.1342 0.0066
123 0.0585 0.1494 0.7471 0.0408 0.0044
124 0.0373 0.1821 0.7202 0.0551 0.0051
125 0.0175 0.1833 0.7720 0.0252 0.0019
126 0.0575 0.1198 0.4739 0.3308 0.0179
127 0.0332 0.2285 0.5747 0.1547 0.0091
128 0.0609 0.1201 0.2542 0.5464 0.0184
129 0.0580 0.4187 0.4253 0.0934 0.0048
130 0.1137 0.4463 0.2996 0.1192 0.0212
131 0.0509 0.0801 0.2014 0.6602 0.0072
132 0.1344 0.2471 0.4475 0.1476 0.0235
133 0.0451 0.3130 0.4021 0.2290 0.0107
134 0.0563 0.3315 0.1803 0.4258 0.0062
135 0.0334 0.2754 0.2338 0.4333 0.0242
136 0.1409 0.0665 0.3030 0.2715 0.2181
137 0.2153 0.0948 0.2440 0.3750 0.0710
138 0.1353 0.0460 0.2412 0.5107 0.0670
139 0.1276 0.1276 0.4250 0.2460 0.0739
140 0.2255 0.0656 0.3835 0.1885 0.1368
141 0.1270 0.0872 0.4534 0.2142 0.1183
142 0.0297 0.2798 0.2546 0.4331 0.0028
143 0.1793 0.0854 0.5522 0.1292 0.0538
144 0.0105 0.0761 0.3630 0.5449 0.0053
145 0.0737 0.1089 0.3152 0.4883 0.0136
146 0.2430 0.1697 0.3535 0.0718 0.1619
147 0.2139 0.2349 0.3813 0.0536 0.1163
148 0.0916 0.0639 0.6553 0.1509 0.0381
149 0.1190 0.1992 0.5674 0.0877 0.0266
150 0.0397 0.1569 0.4832 0.3120 0.0084
151 0.0211 0.2379 0.5532 0.1768 0.0111
152 0.0562 0.1414 0.3137 0.4858 0.0027
153 0.1350 0.1630 0.4326 0.2544 0.0152
154 0.1705 0.1948 0.3528 0.2642 0.0178
155 0.2072 0.1317 0.3931 0.0733 0.1946
156 0.0139 0.1664 0.7812 0.0341 0.0043
157 0.0187 0.2076 0.7139 0.0577 0.0022
158 0.0811 0.0500 0.3157 0.4524 0.1009
159 0.1033 0.1337 0.4524 0.1758 0.1348
160 0.1174 0.2281 0.4753 0.0729 0.1061
161 0.0070 0.0933 0.2742 0.6177 0.0081
162 0.0688 0.1600 0.6846 0.0202 0.0662
163 0.0701 0.1484 0.1920 0.5776 0.0116
164 0.0587 0.0924 0.5659 0.2803 0.0025
165 0.0947 0.0414 0.4658 0.3804 0.0178
166 0.0884 0.1627 0.4492 0.2810 0.0185
167 0.0574 0.0286 0.7803 0.1196 0.0141
168 0.1658 0.2712 0.2507 0.2957 0.0167
169 0.0706 0.1459 0.3784 0.3965 0.0086
170 0.0487 0.3743 0.4309 0.1215 0.0247
171 0.1331 0.1876 0.5342 0.0833 0.0619
172 0.0705 0.2441 0.6284 0.0536 0.0036
173 0.1055 0.1925 0.4075 0.2571 0.0373
174 0.1562 0.2498 0.5166 0.0363 0.0414
175 0.1669 0.1617 0.2317 0.4067 0.0329
176 0.0761 0.2556 0.6377 0.0216 0.0092
177 0.0914 0.3909 0.2952 0.2045 0.0181
178 0.0739 0.5459 0.3159 0.0622 0.0019
179 0.1797 0.3955 0.2593 0.1335 0.0320
180 0.1857 0.3721 0.2559 0.1704 0.0160
181 0.0634 0.2430 0.2954 0.3884 0.0095
182 0.0499 0.2783 0.4587 0.0666 0.1466
183 0.1229 0.4673 0.2444 0.0775 0.0878
184 0.1296 0.0389 0.2700 0.4814 0.0798
185 0.1159 0.0976 0.4729 0.2781 0.0356
186 0.0474 0.1309 0.2208 0.5913 0.0098
187 0.0642 0.3752 0.4387 0.1010 0.0210
188 0.1332 0.1849 0.6064 0.0460 0.0295
189 0.2930 0.2795 0.2751 0.0525 0.0997
190 0.0210 0.0816 0.4082 0.4846 0.0047
191 0.1025 0.1886 0.3931 0.2922 0.0234
192 0.0672 0.2382 0.3689 0.2917 0.0340
193 0.0538 0.2339 0.3855 0.3247 0.0020
194 0.0365 0.1243 0.8105 0.0257 0.0027
195 0.1469 0.1552 0.6284 0.0374 0.0323
196 0.1031 0.3279 0.1560 0.3892 0.0237
197 0.1283 0.5073 0.2937 0.0640 0.0066
198 0.0617 0.0617 0.1575 0.7061 0.0131
199 0.0307 0.4539 0.2247 0.2795 0.0111
200 0.0729 0.1331 0.3533 0.4329 0.0079
201 0.0807 0.3118 0.4097 0.1920 0.0058
202 0.0053 0.4695 0.0816 0.4412 0.0024
203 0.0688 0.1116 0.2808 0.5161 0.0225
204 0.0191 0.3015 0.5996 0.0699 0.0100
205 0.0034 0.2340 0.1442 0.6167 0.0020
206 0.0248 0.6353 0.2864 0.0498 0.0037
207 0.0630 0.1245 0.3384 0.4343 0.0398
208 0.0497 0.2301 0.3455 0.3621 0.0129
209 0.0649 0.2130 0.1442 0.5151 0.0630
210 0.1180 0.4524 0.1423 0.1492 0.1379
211 0.0675 0.3853 0.4504 0.0873 0.0095
212 0.0176 0.3914 0.2373 0.3000 0.0538
213 0.1057 0.1356 0.4734 0.2783 0.0071
214 0.1316 0.0575 0.5898 0.2136 0.0073
215 0.1483 0.3367 0.3967 0.1085 0.0098
216 0.0657 0.2944 0.4778 0.1266 0.0354
217 0.0213 0.2308 0.6274 0.1198 0.0006
218 0.0847 0.3828 0.4204 0.0902 0.0219
219 0.1085 0.2157 0.2949 0.3613 0.0198
220 0.1718 0.2275 0.2172 0.3311 0.0524
221 0.0432 0.2469 0.4104 0.0108 0.2888
222 0.0548 0.2344 0.3745 0.0056 0.3306
223 0.0651 0.2942 0.3230 0.3083 0.0092
224 0.0782 0.2566 0.4868 0.1581 0.0202
225 0.0489 0.4639 0.4358 0.0459 0.0054
226 0.0869 0.3032 0.4209 0.1700 0.0188
227 0.0775 0.1257 0.5640 0.1888 0.0442
228 0.0646 0.2495 0.2438 0.1090 0.3333
229 0.0418 0.4429 0.3503 0.1604 0.0045
230 0.1328 0.2683 0.4089 0.1528 0.0372
231 0.0883 0.0606 0.5752 0.2474 0.0282
232 0.0198 0.3428 0.3271 0.3074 0.0028
233 0.0935 0.1339 0.4822 0.2747 0.0156
234 0.0877 0.3960 0.4351 0.0469 0.0343
235 0.0204 0.2172 0.6089 0.1493 0.0041
236 0.0937 0.1953 0.6816 0.0264 0.0031
237 0.1132 0.2434 0.4839 0.1252 0.0342
238 0.0741 0.4265 0.4199 0.0765 0.0032
239 0.1202 0.0555 0.4907 0.3071 0.0266
240 0.0398 0.1479 0.3662 0.4214 0.0245
241 0.2866 0.2180 0.3247 0.0686 0.1022
242 0.0894 0.3650 0.2671 0.2754 0.0032
243 0.1310 0.1484 0.6973 0.0217 0.0017
244 0.1796 0.1294 0.6675 0.0189 0.0047
245 0.0385 0.5967 0.1764 0.1779 0.0104
246 0.0831 0.2275 0.1401 0.5127 0.0366
247 0.1624 0.2362 0.5156 0.0816 0.0041
248 0.1656 0.2524 0.4792 0.0944 0.0082
249 0.0858 0.5596 0.1229 0.1641 0.0679
250 0.1454 0.1548 0.3711 0.2937 0.0351
251 0.2037 0.2830 0.2496 0.2310 0.0327
