time exciting_prob fearful_prob tense_prob sad_prob relaxing_prob
0 0.2037 0.2830 0.2496 0.2310 0.0327
1 0.2151 0.0487 0.0954 0.6128 0.0282
2 0.2883 0.0339 0.1240 0.5220 0.0316
3 0.4219 0.0378 0.1577 0.3184 0.0642
4 0.4087 0.0540 0.2188 0.2854 0.0333
5 0.2034 0.0243 0.0797 0.6777 0.0151
6 0.2942 0.0346 0.3130 0.3230 0.0351
7 0.3391 0.0524 0.1963 0.3784 0.0336
8 0.3411 0.0682 0.1611 0.4050 0.0245
9 0.2318 0.0586 0.1384 0.5562 0.0152
10 0.1571 0.0840 0.6113 0.1365 0.0109
11 0.4963 0.0473 0.1235 0.3206 0.0124
12 0.2041 0.1093 0.4387 0.2277 0.0202
13 0.3323 0.0200 0.5879 0.0059 0.0538
14 0.3120 0.0833 0.1157 0.4470 0.0419
15 0.6445 0.0192 0.1121 0.2126 0.0114
16 0.3694 0.2559 0.2422 0.0346 0.0979
17 0.2686 0.2316 0.3215 0.0505 0.1279
18 0.3157 0.1975 0.1411 0.0149 0.3308
19 0.1820 0.3706 0.4006 0.0319 0.0148
20 0.0983 0.2776 0.3564 0.0479 0.2196
21 0.3984 0.1284 0.2201 0.1853 0.0676
22 0.1432 0.3862 0.4443 0.0147 0.0116
23 0.1156 0.5430 0.2263 0.0471 0.0680
24 0.7871 0.0511 0.0798 0.0145 0.0672
25 0.5273 0.0447 0.0433 0.3301 0.0543
26 0.4832 0.0373 0.0479 0.4006 0.0311
27 0.5078 0.1016 0.2084 0.1187 0.0635
28 0.3789 0.5513 0.0486 0.0099 0.0114
29 0.2363 0.2006 0.1389 0.2830 0.1411
30 0.5039 0.0961 0.3008 0.0836 0.0157
31 0.5146 0.1620 0.0784 0.0250 0.2197
32 0.6357 0.0895 0.0526 0.0615 0.1608
33 0.2849 0.1897 0.4482 0.0472 0.0300
34 0.6294 0.1174 0.0740 0.1147 0.0643
35 0.6021 0.1088 0.1570 0.1166 0.0158
36 0.6938 0.0597 0.1561 0.0059 0.0842
37 0.4380 0.2576 0.2219 0.0155 0.0671
38 0.5874 0.0944 0.1658 0.0171 0.1353
39 0.7720 0.0364 0.0853 0.0403 0.0659
40 0.0719 0.2510 0.3828 0.2756 0.0188
41 0.0526 0.1647 0.2081 0.5659 0.0087
42 0.0632 0.0642 0.5288 0.3311 0.0125
43 0.5928 0.1096 0.1970 0.0304 0.0703
44 0.6719 0.0784 0.1780 0.0157 0.0560
45 0.5815 0.0613 0.2949 0.0093 0.0529
46 0.2489 0.2712 0.0494 0.4199 0.0106
47 0.1006 0.6411 0.1647 0.0909 0.0028
48 0.1073 0.3154 0.5366 0.0265 0.0145
49 0.1682 0.2485 0.4790 0.0788 0.0254
50 0.6367 0.0430 0.2573 0.0495 0.0136
51 0.5459 0.2009 0.1075 0.0818 0.0637
52 0.2600 0.2367 0.1516 0.0684 0.2832
53 0.2761 0.3152 0.0889 0.1016 0.2184
54 0.0818 0.4219 0.4353 0.0386 0.0222
55 0.2067 0.6074 0.0999 0.0681 0.0181
56 0.0991 0.2250 0.1608 0.5073 0.0079
57 0.1384 0.2487 0.3506 0.2373 0.0250
58 0.1674 0.0495 0.3950 0.3655 0.0226
59 0.4590 0.0785 0.2871 0.1016 0.0737
60 0.0668 0.1506 0.5869 0.1681 0.0276
61 0.3066 0.1239 0.2502 0.3066 0.0127
62 0.3657 0.2150 0.1525 0.2052 0.0616
63 0.3601 0.1367 0.2805 0.1179 0.1048
64 0.3889 0.0650 0.0931 0.0420 0.4109
65 0.6411 0.0714 0.1487 0.0376 0.1014
66 0.5933 0.0917 0.1597 0.0561 0.0992
67 0.6387 0.1309 0.0689 0.0296 0.1318
68 0.5903 0.0818 0.2072 0.0229 0.0979
69 0.3701 0.2263 0.1221 0.1331 0.1484
70 0.7998 0.0672 0.0477 0.0365 0.0488
71 0.5420 0.0878 0.1639 0.0264 0.1801
72 0.3840 0.1799 0.1109 0.1481 0.1771
73 0.5122 0.1389 0.1599 0.0230 0.1663
74 0.5913 0.0746 0.1383 0.0292 0.1667
75 0.4072 0.1006 0.1079 0.0385 0.3457
76 0.6445 0.0521 0.0201 0.0061 0.2771
77 0.5752 0.1047 0.1366 0.0053 0.1782
78 0.4844 0.0592 0.0430 0.0302 0.3831
79 0.1406 0.1251 0.7197 0.0089 0.0056
80 0.6040 0.1458 0.0762 0.1161 0.0580
81 0.4597 0.0756 0.1576 0.0102 0.2969
82 0.5605 0.0759 0.0859 0.0172 0.2605
83 0.6035 0.1134 0.1550 0.0431 0.0850
84 0.6646 0.1642 0.1102 0.0363 0.0248
85 0.5913 0.0684 0.0456 0.0613 0.2334
86 0.7397 0.0519 0.1066 0.0401 0.0617
87 0.5864 0.1288 0.1578 0.0283 0.0988
88 0.3406 0.1262 0.4802 0.0110 0.0420
89 0.5293 0.1296 0.1381 0.0805 0.1227
90 0.4204 0.0748 0.0828 0.0450 0.3770
91 0.1633 0.3174 0.3918 0.0687 0.0587
92 0.2888 0.3049 0.2957 0.0348 0.0759
93 0.3752 0.1992 0.2600 0.1171 0.0485
94 0.3140 0.3938 0.1554 0.1060 0.0308
95 0.0594 0.0979 0.7944 0.0117 0.0366
96 0.1573 0.3604 0.3926 0.0715 0.0182
97 0.0724 0.1165 0.3535 0.4539 0.0039
98 0.7480 0.0595 0.0826 0.0139 0.0958
99 0.1825 0.3179 0.3010 0.1825 0.0162
100 0.6113 0.1364 0.1079 0.0297 0.1149
101 0.2676 0.2476 0.2476 0.0749 0.1624
102 0.3220 0.1131 0.1194 0.2469 0.1985
103 0.1571 0.0615 0.4407 0.3274 0.0134
104 0.0822 0.1244 0.5239 0.2593 0.0102
105 0.1473 0.0464 0.2468 0.5308 0.0286
106 0.1675 0.0345 0.1169 0.6421 0.0392
107 0.5151 0.0796 0.1282 0.1559 0.1214
108 0.4656 0.1387 0.0483 0.0039 0.3433
109 0.4851 0.2830 0.1266 0.0191 0.0863
110 0.3208 0.3208 0.1317 0.0352 0.1915
111 0.2539 0.2057 0.2295 0.0251 0.2856
112 0.2512 0.2286 0.2803 0.0413 0.1987
113 0.4170 0.1302 0.1547 0.0092 0.2888
114 0.1570 0.1985 0.4202 0.0901 0.1343
115 0.6235 0.1528 0.1136 0.0844 0.0255
116 0.3486 0.1956 0.2147 0.0645 0.1766
117 0.1692 0.1338 0.3752 0.2500 0.0717
118 0.1384 0.2144 0.4197 0.1486 0.0789
119 0.1683 0.1029 0.6304 0.0279 0.0707
120 0.2883 0.0801 0.4363 0.0758 0.1193
121 0.4277 0.0671 0.1514 0.0862 0.2676
122 0.6670 0.1431 0.0772 0.0552 0.0578
123 0.3423 0.0219 0.3643 0.2466 0.0250
124 0.2103 0.4666 0.0963 0.0941 0.1327
125 0.2859 0.4827 0.0819 0.1320 0.0176
126 0.4463 0.2974 0.1483 0.0292 0.0788
127 0.1624 0.2255 0.5283 0.0129 0.0709
128 0.1716 0.0738 0.1945 0.5288 0.0315
129 0.1951 0.1921 0.4067 0.1862 0.0199
130 0.3987 0.1783 0.1755 0.1990 0.0484
131 0.6069 0.1753 0.0945 0.0645 0.0587
132 0.5747 0.0535 0.0569 0.0235 0.2913
133 0.3877 0.0769 0.4568 0.0375 0.0412
134 0.3823 0.0840 0.4832 0.0100 0.0406
135 0.1393 0.2483 0.0851 0.5176 0.0099
136 0.3049 0.3145 0.2284 0.1113 0.0410
137 0.2316 0.3318 0.2158 0.1935 0.0274
138 0.1306 0.3662 0.2537 0.2421 0.0075
139 0.1549 0.1206 0.1573 0.5532 0.0139
140 0.3621 0.1013 0.1683 0.2319 0.1364
141 0.7646 0.0712 0.1309 0.0037 0.0294
142 0.6953 0.0673 0.1588 0.0089 0.0699
143 0.4380 0.4592 0.0646 0.0245 0.0136
144 0.4973 0.1238 0.1602 0.0470 0.1719
145 0.0940 0.4050 0.4519 0.0300 0.0190
146 0.1681 0.1340 0.3879 0.2371 0.0729
147 0.4058 0.1425 0.1843 0.0585 0.2089
148 0.4910 0.1005 0.0930 0.0176 0.2979
149 0.1533 0.2888 0.4473 0.0901 0.0206
150 0.5547 0.1238 0.0757 0.1229 0.1229
151 0.1500 0.5078 0.2306 0.0163 0.0954
152 0.1710 0.2249 0.3147 0.0665 0.2230
153 0.1980 0.4604 0.2771 0.0091 0.0554
154 0.4583 0.1559 0.1409 0.0510 0.1940
155 0.2881 0.1129 0.3906 0.1111 0.0973
156 0.2416 0.2493 0.2847 0.0953 0.1293
157 0.2539 0.0617 0.1370 0.0844 0.4631
158 0.1514 0.3206 0.3748 0.0197 0.1337
159 0.2352 0.4097 0.2708 0.0121 0.0723
160 0.1121 0.5645 0.2839 0.0252 0.0144
161 0.3308 0.3928 0.1161 0.1099 0.0503
162 0.3542 0.1409 0.3435 0.1263 0.0351
163 0.3093 0.3022 0.2448 0.0820 0.0619
164 0.4717 0.3674 0.0604 0.0634 0.0372
165 0.2047 0.2979 0.1213 0.3071 0.0691
166 0.3250 0.5317 0.0720 0.0373 0.0342
167 0.4736 0.1099 0.1226 0.0519 0.2419
168 0.3511 0.3484 0.1407 0.1292 0.0304
169 0.2839 0.2976 0.4070 0.0039 0.0075
170 0.2031 0.3916 0.3323 0.0429 0.0300
171 0.0689 0.5088 0.3667 0.0459 0.0095
172 0.6870 0.1005 0.0952 0.0309 0.0866
173 0.6748 0.1146 0.1426 0.0366 0.0313
174 0.1743 0.1025 0.3013 0.3750 0.0469
175 0.5703 0.0742 0.1713 0.0771 0.1071
176 0.4253 0.1075 0.3064 0.0445 0.1163
177 0.3379 0.1986 0.2651 0.1595 0.0388
178 0.2966 0.1946 0.2460 0.2384 0.0242
179 0.3357 0.2151 0.0849 0.3518 0.0125
180 0.7183 0.1238 0.0594 0.0787 0.0199
181 0.3882 0.3792 0.0758 0.1053 0.0517
182 0.4958 0.1489 0.1782 0.1215 0.0556
183 0.5312 0.2180 0.1766 0.0243 0.0498
184 0.6055 0.0329 0.1748 0.1061 0.0807
185 0.4377 0.1958 0.1388 0.0911 0.1367
186 0.3994 0.0799 0.1993 0.1801 0.1414
187 0.3738 0.1823 0.3708 0.0502 0.0228
188 0.2111 0.3618 0.2817 0.1428 0.0023
189 0.6997 0.0785 0.1346 0.0440 0.0430
190 0.6973 0.1078 0.1405 0.0122 0.0422
191 0.8130 0.1171 0.0414 0.0081 0.0204
192 0.3657 0.3713 0.0682 0.1838 0.0110
193 0.4341 0.1159 0.1794 0.1609 0.1097
194 0.5386 0.1967 0.0839 0.0240 0.1567
195 0.0851 0.3613 0.4939 0.0378 0.0220
196 0.1249 0.3728 0.4788 0.0195 0.0039
197 0.6064 0.1765 0.0453 0.1418 0.0300
198 0.1202 0.3818 0.3533 0.1416 0.0032
199 0.1170 0.0870 0.7749 0.0142 0.0067
200 0.2944 0.1412 0.5166 0.0320 0.0154
201 0.5820 0.1844 0.1393 0.0700 0.0244
202 0.3062 0.1025 0.0750 0.2922 0.2240
203 0.6240 0.0972 0.1615 0.0248 0.0927
204 0.8628 0.0365 0.0186 0.0403 0.0416
205 0.3086 0.1772 0.1171 0.1799 0.2172
206 0.2163 0.2734 0.3147 0.1865 0.0089
207 0.7773 0.0865 0.0906 0.0361 0.0096
208 0.8647 0.0404 0.0383 0.0371 0.0194
209 0.4104 0.0353 0.4370 0.0639 0.0534
210 0.3625 0.3127 0.1768 0.0114 0.1366
211 0.5737 0.1473 0.0685 0.0582 0.1521
212 0.5156 0.0616 0.2634 0.0515 0.1081
213 0.4709 0.2106 0.1692 0.0442 0.1051
214 0.3936 0.2603 0.2426 0.0236 0.0800
215 0.4915 0.1621 0.1621 0.1698 0.0145
216 0.5488 0.1151 0.1549 0.0332 0.1478
217 0.1720 0.0942 0.6592 0.0524 0.0222
218 0.4233 0.2549 0.2213 0.0471 0.0534
219 0.2201 0.2554 0.2825 0.2306 0.0116
220 0.2852 0.2346 0.2458 0.0768 0.1575
221 0.4854 0.0575 0.2991 0.0333 0.1247
222 0.1364 0.2163 0.0821 0.0702 0.4951
223 0.1425 0.4319 0.1801 0.0303 0.2155
224 0.4292 0.2108 0.2158 0.0701 0.0740
225 0.4177 0.1927 0.1729 0.0911 0.1255
226 0.3674 0.1749 0.1012 0.2354 0.1212
227 0.1876 0.1508 0.4944 0.1250 0.0422
228 0.0878 0.3813 0.4897 0.0102 0.0308
229 0.0606 0.1388 0.3381 0.4480 0.0145
230 0.2164 0.4802 0.1014 0.0410 0.1609
231 0.4500 0.2646 0.2334 0.0306 0.0214
232 0.6489 0.1577 0.1059 0.0196 0.0679
233 0.2659 0.5371 0.1317 0.0325 0.0325
234 0.6846 0.1327 0.0515 0.0106 0.1208
235 0.5938 0.1810 0.1324 0.0068 0.0862
236 0.3228 0.2052 0.3435 0.0186 0.1098
237 0.1726 0.1571 0.4993 0.1168 0.0543
238 0.3838 0.1650 0.2830 0.1316 0.0368
239 0.5908 0.1471 0.1616 0.0942 0.0061
240 0.1149 0.1924 0.5068 0.1808 0.0051
241 0.6079 0.0151 0.2238 0.1514 0.0017
242 0.4094 0.0845 0.2059 0.2727 0.0272
243 0.4021 0.0562 0.1100 0.3960 0.0357
244 0.7700 0.0418 0.0452 0.1359 0.0073
245 0.5908 0.0567 0.0421 0.2462 0.0642
246 0.3962 0.0520 0.0971 0.4421 0.0126
247 0.2581 0.0740 0.2010 0.4602 0.0068
248 0.2123 0.0899 0.1459 0.5015 0.0504
