time exciting_prob fearful_prob tense_prob sad_prob relaxing_prob
0 0.3767 0.1793 0.0649 0.3171 0.0620
1 0.0174 0.0125 0.0050 0.0315 0.9336
2 0.0137 0.0206 0.0078 0.1223 0.8354
3 0.0302 0.1071 0.0108 0.1088 0.7432
4 0.0224 0.0086 0.0048 0.0424 0.9219
5 0.0165 0.0411 0.0017 0.0118 0.9287
6 0.0276 0.0579 0.0136 0.0296 0.8711
7 0.0255 0.0455 0.0248 0.1918 0.7124
8 0.0332 0.1272 0.0419 0.2097 0.5879
9 0.0493 0.2448 0.0419 0.2908 0.3733
10 0.0560 0.1809 0.0495 0.1387 0.5747
11 0.0275 0.1461 0.0505 0.1416 0.6343
12 0.0726 0.1512 0.0784 0.1942 0.5034
13 0.0491 0.0772 0.0510 0.2612 0.5615
14 0.0439 0.0649 0.0358 0.1581 0.6973
15 0.2524 0.1935 0.1506 0.0794 0.3240
16 0.1404 0.1019 0.0226 0.3906 0.3447
17 0.0653 0.0907 0.1832 0.4465 0.2142
18 0.3872 0.2241 0.0247 0.2878 0.0762
19 0.1294 0.0433 0.1273 0.4658 0.2343
20 0.2399 0.1225 0.0570 0.5488 0.0317
21 0.3171 0.2671 0.0670 0.1185 0.2302
22 0.1772 0.1458 0.1348 0.5010 0.0414
23 0.0511 0.0164 0.0197 0.8911 0.0215
24 0.0853 0.1804 0.0729 0.6104 0.0509
25 0.2369 0.1035 0.1164 0.3188 0.2244
26 0.0553 0.0444 0.0458 0.5410 0.3132
27 0.0996 0.3643 0.2245 0.1340 0.1776
28 0.3389 0.2056 0.0575 0.2137 0.1842
29 0.2886 0.0297 0.0201 0.6108 0.0505
30 0.4133 0.1594 0.0304 0.2374 0.1594
31 0.4385 0.1960 0.0473 0.1915 0.1266
32 0.0942 0.0331 0.0328 0.8271 0.0129
33 0.2375 0.0854 0.0861 0.4951 0.0959
34 0.2695 0.1926 0.2035 0.2271 0.1072
35 0.4556 0.0392 0.0392 0.3777 0.0883
36 0.0611 0.1072 0.0295 0.6167 0.1852
37 0.1378 0.1245 0.0561 0.3154 0.3660
38 0.3667 0.0812 0.0489 0.0608 0.4424
39 0.1429 0.0881 0.1079 0.5566 0.1046
40 0.1135 0.1652 0.2056 0.4932 0.0225
41 0.0881 0.0601 0.1149 0.7266 0.0105
42 0.1929 0.0223 0.3604 0.3894 0.0351
43 0.2327 0.0626 0.4927 0.1188 0.0933
44 0.2242 0.2520 0.1802 0.1859 0.1577
45 0.1389 0.3057 0.1990 0.3279 0.0284
46 0.0489 0.1707 0.1505 0.0529 0.5771
47 0.0685 0.0908 0.2213 0.6108 0.0084
48 0.0767 0.0340 0.0110 0.0977 0.7808
49 0.2903 0.0375 0.2140 0.1371 0.3213
50 0.1322 0.0198 0.2649 0.4507 0.1322
51 0.3708 0.1407 0.2451 0.0983 0.1451
52 0.0977 0.2020 0.1388 0.3657 0.1958
53 0.0898 0.0229 0.0156 0.2856 0.5859
54 0.0922 0.0471 0.0202 0.4006 0.4399
55 0.0325 0.0942 0.0504 0.1993 0.6235
56 0.0815 0.0909 0.3171 0.1453 0.3652
57 0.0393 0.0316 0.0321 0.0820 0.8149
58 0.0396 0.0179 0.0153 0.2141 0.7134
59 0.0797 0.1366 0.2397 0.4409 0.1031
60 0.0573 0.2487 0.1036 0.4868 0.1036
61 0.2312 0.2041 0.3210 0.1978 0.0459
62 0.0754 0.2590 0.5928 0.0596 0.0133
63 0.1582 0.1793 0.3977 0.2266 0.0382
64 0.1287 0.0721 0.2810 0.4285 0.0898
65 0.0593 0.1389 0.1575 0.6226 0.0216
66 0.0143 0.0681 0.1794 0.7207 0.0172
67 0.0578 0.2717 0.1674 0.4919 0.0113
68 0.0469 0.0876 0.5283 0.3203 0.0171
69 0.0526 0.1377 0.1511 0.5981 0.0606
70 0.0268 0.7886 0.0845 0.0972 0.0028
71 0.1801 0.1317 0.0485 0.4121 0.2277
72 0.0941 0.1034 0.0756 0.5854 0.1412
73 0.0643 0.1517 0.1616 0.5908 0.0313
74 0.1432 0.1810 0.2893 0.2084 0.1782
75 0.0795 0.2798 0.0873 0.2507 0.3025
76 0.0400 0.0649 0.3096 0.5518 0.0337
77 0.0448 0.1162 0.1947 0.6187 0.0257
78 0.0534 0.6353 0.2096 0.0887 0.0129
79 0.0649 0.6406 0.2047 0.0795 0.0102
80 0.0125 0.2341 0.3301 0.3921 0.0312
81 0.0173 0.1076 0.5552 0.2622 0.0576
82 0.0428 0.1748 0.5557 0.1230 0.1036
83 0.0387 0.2729 0.4065 0.2092 0.0729
84 0.0623 0.2386 0.5508 0.0745 0.0739
85 0.0278 0.0720 0.3894 0.4482 0.0626
86 0.0206 0.0487 0.4338 0.4407 0.0560
87 0.0244 0.0780 0.4561 0.3779 0.0637
88 0.0943 0.1020 0.0168 0.2092 0.5776
89 0.0558 0.0727 0.0152 0.6792 0.1771
90 0.0706 0.0542 0.4980 0.2076 0.1694
91 0.1322 0.2357 0.1570 0.2888 0.1864
92 0.0379 0.0314 0.4917 0.3125 0.1263
93 0.0437 0.2988 0.3362 0.2744 0.0469
94 0.0490 0.2451 0.2957 0.3567 0.0534
95 0.0338 0.3284 0.4814 0.1285 0.0280
96 0.3018 0.5215 0.0700 0.0485 0.0581
97 0.0947 0.4958 0.2739 0.1178 0.0178
98 0.1674 0.0953 0.3174 0.2473 0.1726
99 0.1231 0.1053 0.0820 0.6763 0.0135
100 0.3025 0.0808 0.0814 0.4072 0.1281
101 0.2455 0.1254 0.2379 0.3572 0.0340
102 0.3616 0.0974 0.2524 0.2773 0.0114
103 0.0606 0.1766 0.0461 0.4656 0.2512
104 0.3203 0.4695 0.0869 0.0743 0.0491
105 0.2993 0.1248 0.1127 0.4290 0.0341
106 0.0599 0.3066 0.0965 0.5215 0.0152
107 0.0721 0.2637 0.1389 0.2220 0.3035
108 0.1786 0.0721 0.1208 0.6040 0.0244
109 0.4053 0.1001 0.0511 0.3809 0.0626
110 0.4460 0.1085 0.0679 0.3289 0.0485
111 0.0390 0.3020 0.1935 0.3818 0.0839
112 0.1200 0.1493 0.3418 0.2925 0.0964
113 0.1009 0.1613 0.1915 0.2966 0.2498
114 0.0475 0.2095 0.0759 0.2095 0.4575
115 0.0593 0.0891 0.0891 0.3308 0.4316
116 0.0173 0.0241 0.0011 0.1725 0.7852
117 0.1803 0.3699 0.1339 0.2837 0.0323
118 0.0477 0.0222 0.0260 0.8867 0.0176
119 0.0764 0.3845 0.0800 0.4192 0.0399
120 0.0597 0.1781 0.0216 0.7153 0.0251
121 0.2632 0.2377 0.0655 0.3076 0.1262
122 0.2179 0.1232 0.0084 0.6206 0.0300
123 0.3198 0.1429 0.1738 0.3484 0.0150
124 0.1133 0.1500 0.2361 0.3892 0.1115
125 0.0365 0.0606 0.0373 0.6025 0.2632
126 0.0781 0.0504 0.0165 0.8018 0.0533
127 0.1592 0.0235 0.0387 0.7710 0.0076
128 0.0549 0.0396 0.1092 0.7822 0.0142
129 0.2808 0.0948 0.1066 0.2238 0.2942
130 0.2986 0.0583 0.1345 0.4343 0.0743
131 0.2805 0.1782 0.1525 0.3127 0.0760
132 0.0360 0.3015 0.4895 0.1639 0.0088
133 0.0678 0.1677 0.2520 0.2404 0.2722
134 0.1422 0.4050 0.0511 0.2742 0.1274
135 0.1290 0.6011 0.0966 0.1260 0.0471
136 0.0932 0.2036 0.0862 0.5889 0.0280
137 0.1362 0.6255 0.0361 0.1907 0.0116
138 0.1107 0.1729 0.0191 0.6836 0.0137
139 0.2300 0.4502 0.1310 0.1656 0.0231
140 0.0559 0.0685 0.0867 0.0403 0.7485
141 0.1304 0.4277 0.1367 0.0499 0.2554
142 0.1626 0.2024 0.0603 0.0739 0.5010
143 0.0569 0.0552 0.1047 0.0896 0.6934
144 0.0655 0.0543 0.0410 0.2081 0.6313
145 0.0853 0.0624 0.0264 0.3647 0.4612
146 0.0762 0.0994 0.3579 0.2659 0.2007
147 0.0471 0.1045 0.0801 0.4612 0.3071
148 0.1473 0.0109 0.0764 0.7480 0.0173
149 0.1584 0.0925 0.1356 0.5708 0.0427
150 0.2771 0.1747 0.1268 0.3938 0.0276
151 0.2935 0.4138 0.0640 0.2181 0.0104
152 0.1653 0.0673 0.3186 0.4353 0.0136
153 0.1979 0.0658 0.0745 0.6191 0.0425
154 0.0375 0.1736 0.3972 0.3506 0.0412
155 0.1287 0.2725 0.3086 0.2683 0.0220
156 0.0342 0.2695 0.1089 0.5703 0.0171
157 0.0944 0.2732 0.2732 0.3564 0.0028
158 0.0892 0.2074 0.3313 0.3696 0.0025
159 0.1027 0.1530 0.0892 0.3906 0.2644
160 0.0922 0.1777 0.2710 0.4067 0.0525
161 0.1157 0.1709 0.1509 0.2507 0.3120
162 0.0868 0.0620 0.0465 0.1377 0.6670
163 0.0954 0.1797 0.1797 0.5366 0.0088
164 0.2871 0.1796 0.1853 0.1598 0.1882
165 0.4885 0.1057 0.0791 0.0527 0.2739
166 0.4124 0.1059 0.1516 0.1163 0.2139
167 0.0811 0.2072 0.0612 0.4893 0.1614
168 0.1628 0.2644 0.0701 0.3613 0.1415
169 0.0806 0.1932 0.1288 0.5420 0.0554
170 0.2340 0.1487 0.2097 0.2822 0.1252
171 0.0843 0.2328 0.1246 0.1368 0.4214
172 0.0943 0.1036 0.0628 0.1708 0.5688
173 0.0496 0.2639 0.0380 0.5049 0.1436
174 0.1168 0.1477 0.2217 0.3953 0.1187
175 0.1216 0.1561 0.0156 0.2986 0.4082
176 0.0668 0.2520 0.0637 0.1084 0.5093
177 0.0233 0.1644 0.0281 0.0353 0.7485
178 0.0946 0.1196 0.0592 0.2234 0.5034
179 0.0710 0.0767 0.0424 0.0817 0.7280
180 0.0046 0.0028 0.0032 0.0018 0.9878
181 0.1942 0.2051 0.0404 0.0720 0.4883
182 0.1616 0.1616 0.0294 0.0695 0.5776
183 0.1044 0.1630 0.0729 0.1617 0.4980
184 0.1987 0.1809 0.0067 0.3953 0.2183
185 0.0623 0.1919 0.0463 0.2463 0.4531
186 0.1421 0.2805 0.0515 0.0848 0.4412
187 0.0175 0.0084 0.0041 0.0045 0.9653
188 0.0332 0.0370 0.0092 0.2001 0.7207
189 0.0638 0.0381 0.0139 0.3669 0.5176
190 0.1196 0.0822 0.0931 0.6987 0.0062
191 0.1593 0.2467 0.1736 0.3821 0.0384
192 0.1231 0.2688 0.1130 0.4829 0.0121
193 0.1318 0.1746 0.2139 0.4673 0.0126
194 0.1244 0.0552 0.3953 0.3381 0.0869
195 0.1957 0.4443 0.1273 0.2067 0.0259
196 0.1594 0.2489 0.0814 0.0867 0.4233
197 0.0848 0.4514 0.0835 0.0797 0.3008
198 0.0518 0.0471 0.4470 0.4333 0.0206
199 0.1060 0.0449 0.0508 0.7832 0.0152
200 0.0581 0.0633 0.2974 0.5557 0.0258
201 0.1584 0.0660 0.5444 0.1973 0.0338
202 0.1046 0.1343 0.3484 0.3484 0.0645
203 0.3730 0.2666 0.1383 0.1819 0.0399
204 0.1777 0.0997 0.3120 0.3535 0.0573
205 0.0894 0.0375 0.2839 0.5557 0.0334
206 0.0734 0.0956 0.1815 0.6235 0.0257
207 0.0396 0.0623 0.0390 0.8330 0.0260
208 0.0576 0.1199 0.2385 0.5547 0.0294
209 0.1012 0.0966 0.2585 0.5059 0.0378
210 0.0533 0.1043 0.2174 0.6001 0.0248
211 0.0739 0.0524 0.1470 0.6797 0.0470
212 0.0825 0.0673 0.0906 0.7354 0.0240
213 0.0990 0.1194 0.1632 0.5879 0.0307
214 0.1301 0.0765 0.1893 0.5479 0.0560
215 0.0764 0.1279 0.1775 0.5820 0.0361
216 0.0723 0.0701 0.2729 0.5264 0.0581
217 0.0601 0.0702 0.2649 0.5879 0.0171
218 0.1881 0.1039 0.1881 0.4878 0.0322
219 0.2156 0.3904 0.1692 0.1787 0.0459
220 0.2322 0.1006 0.1442 0.4763 0.0468
221 0.1836 0.0224 0.0999 0.3174 0.3767
222 0.0387 0.0347 0.0554 0.8398 0.0316
223 0.0843 0.1676 0.3547 0.3083 0.0850
224 0.0712 0.2372 0.3911 0.1736 0.1270
225 0.0599 0.1289 0.4429 0.2028 0.1655
226 0.0590 0.2158 0.1935 0.3291 0.2028
