time exciting_prob fearful_prob tense_prob sad_prob relaxing_prob
0 0.1538 0.1025 0.2496 0.4521 0.0421
1 0.1619 0.1203 0.2930 0.3943 0.0304
2 0.1581 0.0475 0.6553 0.1193 0.0201
3 0.1031 0.0430 0.7983 0.0479 0.0078
4 0.0770 0.0321 0.7534 0.1289 0.0084
5 0.0835 0.1465 0.4109 0.3459 0.0130
6 0.0735 0.1230 0.3850 0.4033 0.0152
7 0.2198 0.2866 0.3569 0.1105 0.0260
8 0.1570 0.2507 0.4402 0.1203 0.0319
9 0.1495 0.2012 0.4604 0.1542 0.0347
10 0.1538 0.0823 0.4314 0.2069 0.1255
11 0.1127 0.1338 0.3994 0.2832 0.0710
12 0.0714 0.0991 0.6992 0.1072 0.0232
13 0.2267 0.2231 0.4507 0.0959 0.0034
14 0.3953 0.0487 0.5073 0.0465 0.0020
15 0.0472 0.1097 0.4998 0.2593 0.0842
16 0.0671 0.1478 0.5664 0.0939 0.1245
17 0.0653 0.0493 0.4326 0.4194 0.0334
18 0.1519 0.1803 0.2974 0.3315 0.0390
19 0.1741 0.2494 0.2494 0.2781 0.0491
20 0.2235 0.3103 0.3303 0.0676 0.0682
21 0.0569 0.2551 0.6123 0.0579 0.0176
22 0.0562 0.2600 0.6143 0.0562 0.0134
23 0.4285 0.0227 0.1392 0.1731 0.2366
24 0.0795 0.0279 0.1656 0.3296 0.3975
25 0.0713 0.0522 0.3296 0.3096 0.2374
26 0.2798 0.1184 0.2979 0.1750 0.1290
27 0.0849 0.0862 0.2827 0.0798 0.4663
28 0.0775 0.1060 0.4392 0.0558 0.3213
29 0.0332 0.1205 0.3542 0.4077 0.0842
30 0.0439 0.1321 0.2111 0.5391 0.0741
31 0.0630 0.1633 0.3147 0.0419 0.4170
32 0.1552 0.1306 0.5947 0.1100 0.0096
33 0.2913 0.2002 0.3799 0.1158 0.0130
34 0.2054 0.2517 0.4282 0.1033 0.0113
35 0.0635 0.1523 0.4692 0.2759 0.0388
36 0.0153 0.0726 0.1636 0.6675 0.0810
37 0.0399 0.0795 0.2729 0.5688 0.0387
38 0.1989 0.0410 0.4209 0.0588 0.2805
39 0.0801 0.1202 0.7363 0.0517 0.0117
40 0.1019 0.1393 0.7075 0.0418 0.0094
41 0.3899 0.1703 0.2942 0.1266 0.0190
42 0.2140 0.2057 0.0135 0.5635 0.0032
43 0.1078 0.3591 0.2112 0.2798 0.0422
44 0.0648 0.0950 0.4189 0.3875 0.0338
45 0.0413 0.0552 0.1323 0.2051 0.5659
46 0.0515 0.0500 0.1515 0.2876 0.4595
47 0.0830 0.1306 0.5854 0.1652 0.0357
48 0.0784 0.0447 0.3743 0.4731 0.0295
49 0.0210 0.0652 0.0948 0.4319 0.3872
50 0.0253 0.0560 0.0939 0.3770 0.4478
51 0.0127 0.0323 0.0516 0.5723 0.3311
52 0.2021 0.0511 0.3035 0.4280 0.0152
53 0.1031 0.0552 0.2512 0.5840 0.0062
54 0.1375 0.0293 0.7095 0.1140 0.0099
55 0.0521 0.3022 0.5469 0.0505 0.0482
56 0.1160 0.3542 0.3831 0.0682 0.0784
57 0.1829 0.0994 0.5718 0.1401 0.0057
58 0.0726 0.2781 0.3462 0.2573 0.0458
59 0.1600 0.2942 0.3779 0.0589 0.1091
60 0.1169 0.1305 0.2764 0.3035 0.1729
61 0.1326 0.1066 0.2896 0.4556 0.0156
62 0.0745 0.1931 0.5010 0.2087 0.0229
63 0.0402 0.3040 0.5088 0.1370 0.0101
64 0.2646 0.2078 0.3792 0.0143 0.1342
65 0.1256 0.4487 0.3442 0.0193 0.0622
66 0.1550 0.3335 0.4023 0.0584 0.0508
67 0.1141 0.2759 0.4204 0.1523 0.0373
68 0.1404 0.2351 0.3420 0.2426 0.0399
69 0.2136 0.1050 0.1857 0.4595 0.0363
70 0.1146 0.1259 0.3530 0.3938 0.0125
71 0.0328 0.0255 0.0864 0.7461 0.1092
72 0.0255 0.0214 0.1215 0.7920 0.0394
73 0.1753 0.1910 0.3889 0.2181 0.0267
74 0.5151 0.2341 0.1740 0.0692 0.0075
75 0.0345 0.0329 0.6011 0.3269 0.0047
76 0.1847 0.0546 0.3142 0.3911 0.0555
77 0.0735 0.1232 0.5107 0.2776 0.0151
78 0.0632 0.1126 0.4182 0.3992 0.0068
79 0.0774 0.1665 0.4250 0.3208 0.0102
80 0.0870 0.3723 0.3608 0.1481 0.0318
81 0.0923 0.1204 0.3889 0.3379 0.0606
82 0.0389 0.2170 0.3311 0.3931 0.0199
83 0.0279 0.3855 0.4299 0.1486 0.0081
84 0.0704 0.1125 0.3108 0.4890 0.0173
85 0.0754 0.2115 0.4272 0.2288 0.0569
86 0.0804 0.0856 0.5757 0.2086 0.0495
87 0.0786 0.1479 0.5537 0.1689 0.0507
88 0.1307 0.3018 0.2769 0.2190 0.0717
89 0.0459 0.0706 0.2106 0.6587 0.0142
90 0.0555 0.4363 0.4573 0.0429 0.0081
91 0.0228 0.1406 0.5142 0.3120 0.0102
92 0.0379 0.0397 0.2627 0.6401 0.0193
93 0.0299 0.2028 0.1996 0.5596 0.0080
94 0.0426 0.5742 0.3650 0.0154 0.0030
95 0.0681 0.1272 0.6455 0.1354 0.0237
96 0.0656 0.0910 0.4998 0.1838 0.1598
97 0.0372 0.1300 0.2390 0.4465 0.1472
98 0.0097 0.2493 0.5034 0.2341 0.0032
99 0.0167 0.2137 0.4319 0.3311 0.0065
100 0.0140 0.0547 0.1738 0.6768 0.0808
101 0.0219 0.0943 0.2952 0.2646 0.3242
102 0.0213 0.0831 0.1653 0.6851 0.0455
103 0.0145 0.0967 0.1780 0.5742 0.1365
104 0.0936 0.2012 0.3215 0.3643 0.0193
105 0.0764 0.2837 0.3115 0.1642 0.1642
106 0.0665 0.2249 0.3887 0.1836 0.1365
107 0.0467 0.0690 0.1847 0.5513 0.1483
108 0.0142 0.0299 0.0614 0.6104 0.2839
109 0.0296 0.3936 0.4976 0.0723 0.0068
110 0.0190 0.2542 0.6196 0.1011 0.0062
111 0.0423 0.1187 0.2324 0.3079 0.2986
112 0.0503 0.0687 0.2052 0.4771 0.1989
113 0.0176 0.0591 0.1606 0.6768 0.0860
114 0.0190 0.1259 0.1860 0.5220 0.1472
115 0.0461 0.2148 0.6724 0.0495 0.0174
116 0.0931 0.3223 0.5396 0.0345 0.0105
117 0.2396 0.2590 0.2935 0.1595 0.0483
118 0.3062 0.2423 0.2312 0.1829 0.0374
119 0.0751 0.2578 0.1801 0.4744 0.0127
120 0.2966 0.1691 0.3750 0.1276 0.0318
121 0.1272 0.5483 0.1711 0.1442 0.0091
122 0.1973 0.1205 0.3923 0.2084 0.0816
123 0.2001 0.2568 0.3857 0.1185 0.0388
124 0.1874 0.5635 0.2190 0.0062 0.0238
125 0.1260 0.6250 0.2408 0.0055 0.0029
126 0.0608 0.0858 0.1084 0.7070 0.0381
127 0.0273 0.0881 0.2981 0.5747 0.0117
128 0.4248 0.2401 0.2764 0.0230 0.0357
129 0.3315 0.1996 0.3757 0.0567 0.0363
130 0.1865 0.2198 0.5356 0.0317 0.0265
131 0.1539 0.0919 0.3870 0.2257 0.1412
132 0.1597 0.1727 0.5317 0.0969 0.0388
133 0.2452 0.4043 0.2130 0.0828 0.0547
134 0.1982 0.3479 0.3169 0.1095 0.0275
135 0.3101 0.2358 0.3918 0.0453 0.0170
136 0.1317 0.0811 0.2240 0.5459 0.0173
137 0.3796 0.0847 0.1940 0.3247 0.0168
138 0.2871 0.1927 0.1206 0.3716 0.0280
139 0.1569 0.1644 0.4470 0.2145 0.0172
140 0.2939 0.2437 0.3713 0.0720 0.0191
141 0.3584 0.2815 0.3042 0.0212 0.0347
142 0.0304 0.1251 0.1439 0.6060 0.0944
143 0.0222 0.1758 0.5010 0.2944 0.0066
144 0.2620 0.1528 0.4819 0.0240 0.0793
145 0.1927 0.1675 0.5283 0.0273 0.0842
146 0.0624 0.1544 0.1750 0.5830 0.0252
147 0.1174 0.2625 0.3940 0.2045 0.0214
148 0.0584 0.3723 0.2854 0.2441 0.0399
149 0.0455 0.1198 0.3157 0.5122 0.0066
150 0.0099 0.1758 0.2898 0.5166 0.0077
151 0.1646 0.1376 0.3623 0.3247 0.0107
152 0.0954 0.2344 0.5117 0.1455 0.0129
153 0.0538 0.0433 0.1836 0.7148 0.0045
154 0.1415 0.3877 0.3757 0.0886 0.0063
155 0.3203 0.1235 0.2399 0.3105 0.0059
156 0.2759 0.0472 0.2632 0.3984 0.0152
157 0.1843 0.1516 0.3286 0.2788 0.0566
158 0.2039 0.0837 0.1600 0.5454 0.0070
159 0.2737 0.1674 0.3516 0.1500 0.0574
160 0.0296 0.1390 0.3232 0.5010 0.0071
161 0.0201 0.2034 0.2959 0.4729 0.0075
162 0.0756 0.2056 0.4353 0.2681 0.0155
163 0.0090 0.5713 0.3574 0.0612 0.0011
164 0.0542 0.1310 0.1876 0.6250 0.0021
165 0.5762 0.0768 0.0721 0.2617 0.0133
166 0.4724 0.0796 0.0778 0.3594 0.0108
167 0.0762 0.0270 0.1902 0.6953 0.0112
168 0.1772 0.1541 0.3442 0.2539 0.0705
169 0.1295 0.2382 0.2345 0.3359 0.0621
170 0.0869 0.2255 0.4773 0.0933 0.1170
171 0.0388 0.1241 0.2356 0.3428 0.2588
172 0.0260 0.0950 0.1948 0.5815 0.1027
173 0.0379 0.2842 0.3708 0.2888 0.0183
174 0.0706 0.0892 0.2642 0.4861 0.0899
175 0.1589 0.0268 0.3994 0.2788 0.1359
176 0.0508 0.0811 0.2205 0.6382 0.0097
177 0.0669 0.1230 0.3560 0.4429 0.0114
178 0.0482 0.1669 0.4197 0.2839 0.0814
179 0.1941 0.1635 0.2737 0.2869 0.0822
180 0.0848 0.0621 0.4443 0.3252 0.0835
181 0.0784 0.0692 0.2217 0.3713 0.2593
182 0.0487 0.2739 0.5361 0.1254 0.0158
183 0.0522 0.0175 0.2064 0.6982 0.0258
184 0.1232 0.2001 0.4951 0.1711 0.0106
185 0.0302 0.2230 0.5107 0.2301 0.0061
186 0.2744 0.2499 0.3752 0.0710 0.0294
187 0.2405 0.1932 0.4124 0.1050 0.0489
188 0.3850 0.3022 0.2335 0.0384 0.0409
189 0.0598 0.2637 0.2186 0.4485 0.0095
190 0.0225 0.0630 0.2065 0.6987 0.0091
191 0.3013 0.2744 0.2578 0.1135 0.0532
192 0.0962 0.1378 0.5039 0.2534 0.0085
193 0.1460 0.0648 0.4568 0.2686 0.0638
194 0.1755 0.3230 0.2185 0.2761 0.0069
195 0.4915 0.0975 0.2321 0.0784 0.1006
196 0.1500 0.0526 0.4995 0.2673 0.0305
197 0.0516 0.2205 0.5166 0.1827 0.0285
198 0.2086 0.3928 0.3440 0.0308 0.0238
199 0.1554 0.4094 0.4224 0.0053 0.0077
200 0.0909 0.2759 0.4917 0.1323 0.0094
201 0.2776 0.2776 0.4038 0.0212 0.0199
202 0.0869 0.1152 0.5000 0.2849 0.0127
203 0.2203 0.1515 0.5122 0.0598 0.0562
204 0.0856 0.0955 0.4417 0.3494 0.0278
205 0.1328 0.1815 0.6436 0.0325 0.0098
206 0.1021 0.1581 0.4683 0.2391 0.0326
207 0.1469 0.2023 0.4021 0.1899 0.0588
208 0.0833 0.0649 0.2566 0.5874 0.0079
209 0.3198 0.3379 0.1105 0.2164 0.0152
210 0.4893 0.2347 0.1447 0.1126 0.0188
211 0.0369 0.0244 0.1425 0.7944 0.0020
212 0.0455 0.2922 0.4058 0.2312 0.0253
213 0.1571 0.0868 0.4207 0.2935 0.0420
214 0.0302 0.2773 0.6348 0.0521 0.0056
215 0.1716 0.4055 0.2786 0.0343 0.1100
216 0.2483 0.3501 0.3188 0.0525 0.0301
217 0.0574 0.3254 0.3806 0.2236 0.0129
218 0.3491 0.1024 0.2573 0.0380 0.2534
219 0.1897 0.1388 0.5938 0.0310 0.0469
220 0.0224 0.2159 0.1763 0.5601 0.0252
221 0.2419 0.1716 0.2786 0.2964 0.0114
222 0.2922 0.3523 0.2172 0.1237 0.0147
223 0.1405 0.1405 0.2013 0.5059 0.0117
224 0.2219 0.1798 0.0767 0.4736 0.0480
225 0.0950 0.0497 0.0775 0.7705 0.0071
226 0.0516 0.0268 0.0331 0.8862 0.0022
227 0.0838 0.1268 0.0358 0.7471 0.0066
228 0.3035 0.3960 0.1198 0.1575 0.0232
229 0.0724 0.1605 0.2264 0.5347 0.0058
230 0.0738 0.0584 0.1041 0.7568 0.0068
231 0.0912 0.0512 0.0995 0.7524 0.0057
232 0.0270 0.3909 0.4229 0.1508 0.0085
233 0.1091 0.1871 0.2153 0.4778 0.0106
234 0.0665 0.1022 0.1046 0.7207 0.0061
235 0.0367 0.0542 0.1951 0.6807 0.0334
236 0.0374 0.3130 0.4148 0.2255 0.0094
237 0.2203 0.5371 0.1091 0.0993 0.0343
238 0.3799 0.0385 0.1672 0.4043 0.0103
239 0.5796 0.2573 0.0278 0.0862 0.0491
240 0.0297 0.0246 0.0973 0.8408 0.0077
241 0.0606 0.1080 0.3225 0.4766 0.0324
242 0.0289 0.0737 0.0265 0.8701 0.0010
243 0.1067 0.0500 0.0613 0.7759 0.0059
244 0.0613 0.4028 0.2090 0.3137 0.0132
245 0.0452 0.3696 0.4973 0.0695 0.0183
246 0.0589 0.2350 0.4897 0.2106 0.0058
247 0.0117 0.2194 0.3850 0.3730 0.0109
248 0.1582 0.0629 0.1608 0.5972 0.0208
249 0.1653 0.0496 0.1392 0.6333 0.0126
250 0.0222 0.0284 0.3105 0.6372 0.0014
251 0.0534 0.1921 0.5649 0.1696 0.0201
252 0.0175 0.0434 0.1401 0.5288 0.2700
253 0.0159 0.0572 0.1173 0.6440 0.1654
254 0.1169 0.0640 0.6831 0.1263 0.0094
255 0.1539 0.0657 0.5718 0.2039 0.0049
256 0.1160 0.0247 0.7925 0.0621 0.0047
257 0.0261 0.3628 0.4175 0.1912 0.0024
258 0.1658 0.0860 0.3196 0.3564 0.0724
259 0.2236 0.0693 0.3745 0.2308 0.1016
260 0.0708 0.1343 0.2285 0.5483 0.0183
261 0.0352 0.0242 0.0817 0.7881 0.0710
262 0.2123 0.0285 0.3286 0.3965 0.0341
263 0.1798 0.0216 0.1855 0.5806 0.0327
264 0.1108 0.0383 0.3416 0.4814 0.0278
265 0.0659 0.0283 0.1997 0.6860 0.0201
266 0.0784 0.1687 0.6074 0.1399 0.0054
267 0.0190 0.1353 0.4038 0.4368 0.0050
268 0.1318 0.1802 0.5464 0.0864 0.0554
269 0.1395 0.1290 0.3193 0.3145 0.0974
270 0.0207 0.0319 0.0644 0.8750 0.0081
271 0.0779 0.0411 0.1716 0.6895 0.0199
272 0.1362 0.1111 0.2795 0.4465 0.0266
273 0.0912 0.1677 0.2222 0.2292 0.2898
274 0.0157 0.0720 0.2150 0.6938 0.0034
275 0.0326 0.2389 0.2927 0.4192 0.0168
276 0.0767 0.5938 0.2289 0.0693 0.0315
277 0.1141 0.2847 0.3772 0.1399 0.0842
278 0.1814 0.0571 0.2441 0.4707 0.0466
279 0.2544 0.0996 0.3789 0.1472 0.1201
280 0.2190 0.0466 0.5015 0.1963 0.0369
281 0.0273 0.2534 0.5713 0.1356 0.0125
282 0.0580 0.1018 0.2330 0.5952 0.0122
283 0.0671 0.0189 0.1610 0.7446 0.0081
284 0.1105 0.1851 0.5522 0.0991 0.0530
285 0.1068 0.0352 0.1963 0.6538 0.0078
286 0.2452 0.0356 0.4729 0.2378 0.0085
287 0.0051 0.0240 0.0801 0.8882 0.0025
288 0.3083 0.0897 0.2186 0.3662 0.0173
289 0.0381 0.0329 0.0872 0.8276 0.0141
290 0.1893 0.1046 0.2629 0.4202 0.0230
291 0.0321 0.3733 0.3047 0.2688 0.0209
292 0.0382 0.0348 0.2455 0.6777 0.0034
293 0.1200 0.0421 0.1093 0.7236 0.0050
294 0.1948 0.0260 0.1298 0.6289 0.0204
295 0.0717 0.1077 0.3760 0.4326 0.0121
296 0.1990 0.0227 0.1389 0.6128 0.0267
297 0.1024 0.0947 0.3516 0.4377 0.0136
298 0.2097 0.0453 0.1376 0.5615 0.0461
299 0.0485 0.0844 0.6045 0.2559 0.0066
300 0.1293 0.0991 0.2198 0.4802 0.0714
301 0.0499 0.6030 0.1064 0.2361 0.0048
302 0.1316 0.2656 0.3105 0.2786 0.0136
303 0.1780 0.2146 0.3274 0.1954 0.0847
304 0.0659 0.1060 0.4534 0.3643 0.0103
305 0.1954 0.0777 0.2357 0.4268 0.0645
306 0.1812 0.1099 0.2401 0.4485 0.0203
307 0.2128 0.1086 0.2229 0.4231 0.0326
308 0.0140 0.0306 0.1070 0.8413 0.0070
309 0.2434 0.2181 0.1837 0.3225 0.0324
310 0.1595 0.1880 0.4875 0.0938 0.0714
311 0.1523 0.2251 0.5073 0.1047 0.0104
312 0.4260 0.2427 0.2209 0.0852 0.0252
313 0.1035 0.1816 0.3091 0.3728 0.0331
314 0.2595 0.1064 0.0955 0.5000 0.0386
315 0.5146 0.2510 0.1030 0.0391 0.0923
316 0.5562 0.2213 0.0860 0.0141 0.1222
317 0.5303 0.2352 0.0859 0.0148 0.1340
318 0.2805 0.2764 0.0856 0.3181 0.0395
