time exciting_prob fearful_prob tense_prob sad_prob relaxing_prob
0 0.2404 0.1247 0.2155 0.3389 0.0805
1 0.0650 0.2869 0.0961 0.3860 0.1660
2 0.0537 0.2883 0.0729 0.4260 0.1592
3 0.0961 0.1398 0.1609 0.5527 0.0506
4 0.0956 0.1229 0.1172 0.5591 0.1050
5 0.0029 0.0446 0.0175 0.9253 0.0095
6 0.0033 0.0479 0.0212 0.9175 0.0100
7 0.0032 0.0545 0.0266 0.9072 0.0085
8 0.0160 0.0852 0.0922 0.1669 0.6396
9 0.0164 0.2600 0.1932 0.1084 0.4221
10 0.1727 0.1989 0.1700 0.3716 0.0869
11 0.0446 0.3789 0.1965 0.3142 0.0659
12 0.0656 0.3687 0.3103 0.2003 0.0552
13 0.0461 0.2101 0.5039 0.2201 0.0199
14 0.0201 0.2629 0.0400 0.0753 0.6016
15 0.0158 0.1895 0.0400 0.0938 0.6611
16 0.0324 0.4045 0.0665 0.0382 0.4583
17 0.0305 0.3931 0.0558 0.0750 0.4456
18 0.0186 0.0546 0.0140 0.1230 0.7896
19 0.0029 0.0648 0.0159 0.9092 0.0074
20 0.0060 0.1836 0.0356 0.7612 0.0136
21 0.0120 0.1696 0.0456 0.7480 0.0248
22 0.0399 0.3555 0.0892 0.3906 0.1248
23 0.0352 0.5771 0.0734 0.1802 0.1339
24 0.0161 0.4580 0.1583 0.2822 0.0854
25 0.0268 0.7363 0.1406 0.0718 0.0242
26 0.0475 0.0807 0.1331 0.7080 0.0306
27 0.1758 0.2744 0.3157 0.1758 0.0584
28 0.0832 0.1654 0.2522 0.4712 0.0279
29 0.0416 0.2358 0.1344 0.5483 0.0397
30 0.0535 0.2717 0.1840 0.4624 0.0284
31 0.0104 0.0382 0.0670 0.8687 0.0157
32 0.0076 0.0304 0.0525 0.9014 0.0080
33 0.0439 0.5352 0.0997 0.2230 0.0982
34 0.0474 0.7178 0.1026 0.0695 0.0627
35 0.0554 0.5015 0.2140 0.1288 0.1003
36 0.0474 0.3616 0.1630 0.3396 0.0886
37 0.0703 0.0822 0.0625 0.4109 0.3740
38 0.0718 0.5391 0.0866 0.1221 0.1805
39 0.0481 0.4973 0.1145 0.0652 0.2747
40 0.0414 0.4697 0.0883 0.0829 0.3179
41 0.0723 0.1630 0.0435 0.2192 0.5020
42 0.0929 0.2815 0.0629 0.1655 0.3972
43 0.0983 0.2360 0.0506 0.1674 0.4478
44 0.0170 0.8579 0.0948 0.0157 0.0146
45 0.0470 0.7700 0.1058 0.0402 0.0369
46 0.0421 0.6436 0.1307 0.1228 0.0608
47 0.0904 0.4414 0.0682 0.0166 0.3835
48 0.0391 0.1070 0.0591 0.7090 0.0860
49 0.0628 0.1775 0.1111 0.5728 0.0757
50 0.0199 0.2947 0.0987 0.0360 0.5508
51 0.0323 0.4565 0.2026 0.0442 0.2642
52 0.0362 0.6772 0.1511 0.0382 0.0975
53 0.0240 0.7471 0.1542 0.0313 0.0435
54 0.0411 0.2744 0.1886 0.0964 0.3994
55 0.1320 0.6860 0.1221 0.0297 0.0302
56 0.0619 0.2371 0.5342 0.1394 0.0275
57 0.0343 0.1586 0.7334 0.0507 0.0232
58 0.0282 0.1882 0.6885 0.0682 0.0267
59 0.0270 0.0674 0.0490 0.1202 0.7363
60 0.0320 0.0768 0.0411 0.0745 0.7759
61 0.0274 0.1577 0.0622 0.5767 0.1759
62 0.0319 0.2433 0.0765 0.4336 0.2147
63 0.0262 0.3647 0.1078 0.4199 0.0814
64 0.0410 0.3250 0.0889 0.2491 0.2959
65 0.0268 0.3501 0.0942 0.3445 0.1844
66 0.0184 0.2072 0.1256 0.2620 0.3870
67 0.0364 0.2688 0.1643 0.1907 0.3398
68 0.0302 0.2795 0.1240 0.3589 0.2076
69 0.0298 0.2479 0.0575 0.0792 0.5854
70 0.0464 0.4546 0.1097 0.0909 0.2981
71 0.0244 0.7700 0.1665 0.0150 0.0240
72 0.0628 0.6914 0.2012 0.0117 0.0331
73 0.1293 0.5884 0.2415 0.0275 0.0135
74 0.1044 0.7305 0.1416 0.0091 0.0145
75 0.0592 0.1252 0.0416 0.1376 0.6362
76 0.0441 0.1514 0.0761 0.0284 0.7002
77 0.0500 0.1747 0.0825 0.0233 0.6694
78 0.0444 0.1783 0.0743 0.0804 0.6226
79 0.0359 0.4272 0.1115 0.1621 0.2632
80 0.0526 0.3511 0.1213 0.0834 0.3916
81 0.0637 0.3389 0.1190 0.0566 0.4219
82 0.0717 0.2747 0.0812 0.0344 0.5381
83 0.0845 0.2059 0.0525 0.0228 0.6343
84 0.0596 0.1835 0.0691 0.0373 0.6504
85 0.0407 0.2019 0.0682 0.2051 0.4841
86 0.0388 0.2050 0.0596 0.1895 0.5073
87 0.0285 0.3259 0.2744 0.2311 0.1401
88 0.0798 0.2168 0.0767 0.5200 0.1065
89 0.0943 0.2927 0.1543 0.3069 0.1519
90 0.0088 0.9297 0.0146 0.0372 0.0097
91 0.0121 0.7876 0.0310 0.0386 0.1306
92 0.0118 0.8394 0.0431 0.0266 0.0793
93 0.0375 0.6802 0.1382 0.0812 0.0628
94 0.0284 0.5034 0.2377 0.1940 0.0367
95 0.0405 0.4939 0.2445 0.1506 0.0706
96 0.0470 0.5054 0.2278 0.1382 0.0818
97 0.0341 0.6050 0.1604 0.1350 0.0653
98 0.0363 0.5420 0.1578 0.2225 0.0412
99 0.0508 0.3162 0.0878 0.3313 0.2139
100 0.0277 0.2839 0.0989 0.2247 0.3647
101 0.0358 0.3506 0.2061 0.2228 0.1847
102 0.0271 0.0747 0.1037 0.2162 0.5786
103 0.0641 0.4519 0.1160 0.3574 0.0105
104 0.0304 0.3970 0.3970 0.1604 0.0154
105 0.0440 0.1443 0.1124 0.3743 0.3252
106 0.0201 0.3093 0.1086 0.1120 0.4500
107 0.0167 0.0758 0.1053 0.0600 0.7422
108 0.0978 0.3413 0.1469 0.3992 0.0148
109 0.0534 0.5522 0.2910 0.0243 0.0790
110 0.0684 0.6753 0.1350 0.0172 0.1043
111 0.0463 0.6914 0.1860 0.0064 0.0701
112 0.0401 0.6777 0.2269 0.0147 0.0407
113 0.0308 0.2152 0.0863 0.6528 0.0151
114 0.1719 0.3113 0.3418 0.0899 0.0851
115 0.1704 0.4026 0.2681 0.0739 0.0850
116 0.1569 0.4006 0.2754 0.0866 0.0807
117 0.0380 0.1729 0.0792 0.2400 0.4700
118 0.0566 0.1492 0.0405 0.0850 0.6685
119 0.1498 0.3271 0.4072 0.0208 0.0952
120 0.0294 0.1060 0.0336 0.0103 0.8208
121 0.0251 0.0766 0.0367 0.0120 0.8496
122 0.0350 0.2930 0.1805 0.4832 0.0083
123 0.0712 0.3167 0.2583 0.3423 0.0116
124 0.0249 0.1276 0.0704 0.1295 0.6475
125 0.0312 0.1124 0.0570 0.1107 0.6885
126 0.0512 0.6045 0.1154 0.0711 0.1577
127 0.0452 0.6689 0.1257 0.0242 0.1359
128 0.0406 0.2820 0.0820 0.1656 0.4297
129 0.0312 0.3381 0.1387 0.0969 0.3953
130 0.0340 0.2437 0.0803 0.0666 0.5752
131 0.0337 0.5352 0.1396 0.0426 0.2489
132 0.1425 0.3994 0.3469 0.0540 0.0571
133 0.0158 0.0334 0.0282 0.9038 0.0189
134 0.0187 0.0746 0.1936 0.7080 0.0049
135 0.0222 0.0299 0.0618 0.8662 0.0197
136 0.0382 0.3176 0.0790 0.1243 0.4409
137 0.0482 0.4507 0.0860 0.0530 0.3621
138 0.0071 0.8521 0.0411 0.0898 0.0101
139 0.0135 0.7598 0.0501 0.1617 0.0152
140 0.0415 0.1192 0.0554 0.0764 0.7075
141 0.0854 0.3101 0.2198 0.0650 0.3198
142 0.1233 0.3149 0.3623 0.0620 0.1376
143 0.0873 0.1937 0.3245 0.2338 0.1606
144 0.1209 0.2385 0.1228 0.0892 0.4287
145 0.0357 0.5625 0.2617 0.0488 0.0911
146 0.0360 0.5859 0.1653 0.0781 0.1349
147 0.0236 0.2236 0.0785 0.0849 0.5894
148 0.0381 0.3674 0.0989 0.0525 0.4431
149 0.0309 0.3267 0.0801 0.0486 0.5137
150 0.0388 0.2512 0.0676 0.0487 0.5933
151 0.0367 0.4338 0.0867 0.1204 0.3223
152 0.0314 0.4233 0.1122 0.0821 0.3511
153 0.0392 0.3601 0.0842 0.0616 0.4551
154 0.0346 0.2220 0.1117 0.1899 0.4417
155 0.0306 0.2354 0.1094 0.0422 0.5825
156 0.0345 0.3071 0.1281 0.0471 0.4832
157 0.0371 0.2852 0.1503 0.0792 0.4485
158 0.0361 0.2861 0.1156 0.0600 0.5020
159 0.0234 0.1476 0.0854 0.4546 0.2891
160 0.1245 0.5244 0.0804 0.0271 0.2438
161 0.0510 0.7856 0.0698 0.0145 0.0790
162 0.1340 0.5557 0.0372 0.0148 0.2583
163 0.0440 0.5889 0.0499 0.0255 0.2915
164 0.0295 0.2844 0.0895 0.0569 0.5396
165 0.0286 0.2739 0.0565 0.0611 0.5796
166 0.0475 0.6606 0.0859 0.1290 0.0770
167 0.1970 0.5615 0.0834 0.0280 0.1302
168 0.2437 0.5620 0.1016 0.0259 0.0667
169 0.1132 0.3982 0.0888 0.1262 0.2737
170 0.0680 0.5142 0.1805 0.1353 0.1021
171 0.0380 0.6382 0.2040 0.0871 0.0325
172 0.0357 0.5986 0.2495 0.1057 0.0105
173 0.0329 0.0708 0.0630 0.0840 0.7490
174 0.0427 0.1897 0.1455 0.0816 0.5405
175 0.0345 0.0783 0.0514 0.0321 0.8037
176 0.0477 0.3667 0.0942 0.1577 0.3337
177 0.0383 0.5806 0.0727 0.1445 0.1638
178 0.0396 0.2703 0.0516 0.0392 0.5996
179 0.0428 0.5459 0.1829 0.1614 0.0673
180 0.0534 0.7036 0.1498 0.0670 0.0260
181 0.0475 0.7607 0.1301 0.0382 0.0233
182 0.0845 0.3342 0.1438 0.0214 0.4160
183 0.0407 0.5273 0.2651 0.0394 0.1272
184 0.0603 0.2422 0.2744 0.0363 0.3870
185 0.0756 0.3035 0.3777 0.0105 0.2327
186 0.0668 0.2191 0.1415 0.0044 0.5684
187 0.0547 0.2375 0.1176 0.1105 0.4797
188 0.0519 0.1217 0.0217 0.7339 0.0710
189 0.1085 0.1615 0.0344 0.6289 0.0668
190 0.0291 0.7158 0.1754 0.0703 0.0097
191 0.0169 0.8335 0.1238 0.0236 0.0023
192 0.0759 0.2130 0.1793 0.4875 0.0443
193 0.0847 0.3296 0.2910 0.1893 0.1053
194 0.0320 0.0557 0.1515 0.7456 0.0154
195 0.0508 0.0934 0.1469 0.6582 0.0508
196 0.0967 0.3098 0.3623 0.1375 0.0938
197 0.0303 0.3811 0.2788 0.2922 0.0174
198 0.0410 0.0535 0.0925 0.7988 0.0141
199 0.0842 0.0677 0.0911 0.7275 0.0293
200 0.0716 0.2312 0.1639 0.4817 0.0516
201 0.0448 0.8594 0.0349 0.0248 0.0360
202 0.0231 0.8823 0.0342 0.0243 0.0359
203 0.0567 0.3088 0.1267 0.1843 0.3235
204 0.0825 0.4028 0.2191 0.2332 0.0623
205 0.0647 0.0363 0.0745 0.8130 0.0118
206 0.0707 0.0867 0.2249 0.6113 0.0066
207 0.0192 0.1322 0.0765 0.0464 0.7256
208 0.0374 0.2656 0.2101 0.0693 0.4177
209 0.0685 0.1735 0.1483 0.5962 0.0138
210 0.0335 0.1648 0.2397 0.5234 0.0385
211 0.0262 0.1682 0.1484 0.6445 0.0126
212 0.0853 0.0494 0.0707 0.5146 0.2798
213 0.0209 0.1334 0.0681 0.1511 0.6265
214 0.0313 0.2040 0.0927 0.1978 0.4744
215 0.0525 0.0959 0.0396 0.5430 0.2688
216 0.0092 0.1032 0.0969 0.7866 0.0039
217 0.0173 0.0371 0.0462 0.8857 0.0136
218 0.0537 0.4604 0.1530 0.2622 0.0706
219 0.0511 0.2456 0.2615 0.4243 0.0174
220 0.0665 0.0922 0.1953 0.6108 0.0350
221 0.0602 0.1411 0.2764 0.5005 0.0222
222 0.0551 0.3733 0.0853 0.0358 0.4504
223 0.0269 0.3076 0.0620 0.0288 0.5747
224 0.0377 0.4736 0.2037 0.2102 0.0750
225 0.0490 0.6064 0.1879 0.0916 0.0649
226 0.0270 0.2683 0.0722 0.2295 0.4028
227 0.0181 0.5415 0.1349 0.1349 0.1704
228 0.0324 0.2017 0.0591 0.5566 0.1499
229 0.0507 0.0970 0.0465 0.0721 0.7339
230 0.0432 0.1182 0.0751 0.0613 0.7021
231 0.0657 0.0781 0.0617 0.3088 0.4856
232 0.0712 0.1102 0.0638 0.6543 0.1003
233 0.1105 0.0610 0.0322 0.7432 0.0530
234 0.0061 0.5933 0.0216 0.2759 0.1031
235 0.0074 0.5571 0.0162 0.3711 0.0479
236 0.0040 0.8018 0.0176 0.1681 0.0085
237 0.1049 0.2898 0.1960 0.2808 0.1285
238 0.0604 0.6489 0.1259 0.1219 0.0428
239 0.0369 0.0807 0.0505 0.6968 0.1351
240 0.0526 0.1881 0.0968 0.5112 0.1511
241 0.0792 0.4053 0.2576 0.0863 0.1716
242 0.0446 0.3123 0.3430 0.0953 0.2048
243 0.0362 0.4917 0.2473 0.0861 0.1387
244 0.0445 0.4751 0.3020 0.0485 0.1299
245 0.0073 0.8970 0.0394 0.0475 0.0087
246 0.0113 0.2700 0.0566 0.6377 0.0247
247 0.0151 0.7764 0.0341 0.1328 0.0418
248 0.0179 0.8086 0.0415 0.1028 0.0292
249 0.0077 0.9272 0.0280 0.0115 0.0255
250 0.0165 0.8857 0.0313 0.0229 0.0434
251 0.0153 0.8735 0.0333 0.0222 0.0558
252 0.0326 0.4983 0.2429 0.1892 0.0370
253 0.0480 0.3386 0.1057 0.4851 0.0225
254 0.0237 0.4570 0.1069 0.2729 0.1394
255 0.0439 0.4688 0.1407 0.0578 0.2888
256 0.0393 0.4822 0.0864 0.0906 0.3018
257 0.0550 0.4126 0.1566 0.1517 0.2242
258 0.0703 0.3462 0.1636 0.1586 0.2615
259 0.0715 0.3923 0.1537 0.0671 0.3154
260 0.0797 0.4238 0.1355 0.1039 0.2571
261 0.0576 0.4001 0.2075 0.1240 0.2108
262 0.0406 0.3271 0.1646 0.3376 0.1301
263 0.0451 0.3389 0.1842 0.2991 0.1327
264 0.0629 0.5142 0.2883 0.1028 0.0321
265 0.0938 0.1387 0.2472 0.4993 0.0209
266 0.1013 0.1166 0.4070 0.3591 0.0158
267 0.1154 0.1267 0.3840 0.3608 0.0129
268 0.1488 0.2305 0.3799 0.2234 0.0175
269 0.1394 0.1372 0.2408 0.4500 0.0326
270 0.2891 0.1431 0.1987 0.2937 0.0754
271 0.1993 0.1528 0.1993 0.3499 0.0987
