time exciting_prob fearful_prob tense_prob sad_prob relaxing_prob
0 0.2037 0.2830 0.2496 0.2310 0.0327
1 0.2391 0.0456 0.2318 0.4609 0.0226
2 0.3098 0.0564 0.1632 0.4507 0.0198
3 0.3787 0.0845 0.4426 0.0734 0.0210
4 0.4363 0.0463 0.4329 0.0471 0.0375
5 0.3950 0.0848 0.4077 0.0868 0.0257
6 0.2742 0.0395 0.4885 0.1913 0.0065
7 0.7656 0.0297 0.0679 0.0347 0.1020
8 0.7178 0.0175 0.0657 0.0722 0.1267
9 0.3687 0.0213 0.0903 0.4658 0.0539
10 0.1295 0.0109 0.5625 0.2917 0.0055
11 0.1516 0.0144 0.5635 0.2661 0.0042
12 0.1558 0.0182 0.5522 0.2693 0.0045
13 0.2159 0.0219 0.5347 0.2229 0.0047
14 0.0678 0.0107 0.6641 0.2559 0.0015
15 0.0562 0.0588 0.1033 0.7749 0.0068
16 0.0881 0.0450 0.1333 0.7261 0.0078
17 0.0819 0.0409 0.1068 0.7588 0.0116
18 0.0783 0.1203 0.2710 0.4988 0.0316
19 0.4155 0.2622 0.0226 0.1979 0.1019
20 0.4321 0.2791 0.0384 0.1298 0.1209
21 0.2196 0.3823 0.0498 0.1498 0.1984
22 0.1378 0.0811 0.5986 0.1689 0.0134
23 0.2800 0.2415 0.1080 0.3540 0.0164
24 0.2676 0.4143 0.1432 0.1714 0.0034
25 0.0994 0.2539 0.4895 0.1493 0.0078
26 0.2256 0.0756 0.3440 0.3386 0.0165
27 0.0583 0.0737 0.4307 0.4307 0.0065
28 0.0793 0.0352 0.3037 0.5767 0.0052
29 0.0825 0.1059 0.4060 0.3997 0.0062
30 0.2834 0.1093 0.2426 0.3528 0.0117
31 0.1659 0.0464 0.4106 0.3513 0.0257
32 0.1561 0.1274 0.3333 0.3660 0.0174
33 0.3816 0.2483 0.0988 0.2542 0.0170
34 0.1628 0.1616 0.4292 0.2427 0.0037
35 0.1511 0.1909 0.2233 0.4236 0.0110
36 0.0881 0.0854 0.2510 0.5659 0.0096
37 0.1682 0.1103 0.0859 0.2905 0.3450
38 0.2517 0.3181 0.0622 0.1083 0.2598
39 0.2764 0.4053 0.1216 0.0817 0.1152
40 0.4109 0.1215 0.0606 0.0822 0.3250
41 0.1133 0.2554 0.1526 0.4019 0.0767
42 0.0990 0.4951 0.1375 0.2529 0.0155
43 0.1716 0.4382 0.0993 0.2576 0.0333
44 0.2881 0.1448 0.0899 0.2971 0.1802
45 0.1912 0.2003 0.1196 0.3252 0.1636
46 0.1622 0.2473 0.1072 0.2115 0.2717
47 0.1763 0.1708 0.0879 0.2280 0.3369
48 0.2489 0.2734 0.1375 0.1938 0.1464
49 0.2118 0.0955 0.2219 0.4346 0.0362
50 0.4927 0.1575 0.0500 0.1227 0.1771
51 0.1350 0.0858 0.4128 0.3315 0.0347
52 0.1447 0.0185 0.1317 0.6899 0.0152
53 0.7158 0.0748 0.0889 0.1141 0.0063
54 0.0786 0.0341 0.5630 0.3208 0.0034
55 0.5845 0.0282 0.1755 0.2085 0.0033
56 0.3357 0.1000 0.3745 0.1742 0.0155
57 0.3931 0.2258 0.3184 0.0421 0.0205
58 0.6519 0.0650 0.1741 0.0368 0.0726
59 0.5137 0.0712 0.3289 0.0222 0.0643
60 0.1357 0.4380 0.2698 0.1444 0.0120
61 0.1841 0.0398 0.3230 0.3604 0.0926
62 0.3059 0.1599 0.3521 0.1650 0.0170
63 0.0322 0.0766 0.4409 0.1015 0.3489
64 0.1708 0.0103 0.3503 0.3291 0.1394
65 0.0968 0.0271 0.2147 0.4915 0.1699
66 0.5381 0.0950 0.2042 0.1615 0.0012
67 0.4961 0.1073 0.2964 0.0992 0.0010
68 0.3496 0.0799 0.4780 0.0844 0.0082
69 0.5469 0.1415 0.2705 0.0304 0.0109
70 0.4446 0.0698 0.4658 0.0152 0.0045
71 0.2615 0.1378 0.4448 0.1514 0.0044
72 0.4373 0.1609 0.2913 0.1089 0.0015
73 0.5894 0.1537 0.0293 0.1840 0.0437
74 0.1534 0.3459 0.2913 0.2065 0.0030
75 0.1495 0.3318 0.3877 0.0886 0.0425
76 0.4863 0.2158 0.2771 0.0198 0.0008
77 0.5225 0.2014 0.2111 0.0634 0.0015
78 0.4133 0.2710 0.1952 0.1112 0.0093
79 0.1455 0.0969 0.2437 0.4846 0.0293
80 0.1907 0.1156 0.6655 0.0266 0.0019
81 0.2319 0.1053 0.6401 0.0211 0.0014
82 0.6133 0.1870 0.0792 0.1188 0.0020
83 0.6084 0.1108 0.0811 0.1975 0.0020
84 0.3535 0.0388 0.0685 0.5308 0.0082
85 0.5205 0.1613 0.1295 0.1785 0.0105
86 0.2310 0.0911 0.3867 0.2830 0.0083
87 0.6997 0.0182 0.1636 0.1142 0.0043
88 0.3293 0.1819 0.1848 0.2998 0.0041
89 0.1669 0.0258 0.3020 0.4827 0.0226
90 0.4734 0.1797 0.1661 0.1715 0.0092
91 0.7124 0.0072 0.1093 0.1692 0.0017
92 0.3567 0.0714 0.1821 0.3857 0.0041
93 0.1901 0.0831 0.2681 0.4490 0.0099
94 0.1389 0.0392 0.1305 0.6836 0.0076
95 0.3301 0.1547 0.3301 0.1740 0.0112
96 0.4648 0.0160 0.1013 0.4102 0.0076
97 0.3247 0.0691 0.2266 0.3564 0.0231
98 0.1846 0.1035 0.1790 0.5259 0.0072
99 0.1632 0.0930 0.1213 0.6157 0.0066
100 0.2944 0.0898 0.2810 0.3235 0.0112
101 0.3286 0.2900 0.0722 0.2900 0.0191
102 0.3357 0.2418 0.1661 0.2456 0.0108
103 0.2561 0.0133 0.0818 0.6436 0.0050
104 0.3816 0.0740 0.1517 0.3877 0.0051
105 0.4297 0.0770 0.1581 0.3193 0.0157
106 0.1217 0.1041 0.3989 0.3577 0.0175
107 0.6924 0.0847 0.0981 0.1175 0.0075
108 0.5176 0.1693 0.1816 0.1191 0.0122
109 0.3892 0.0263 0.0969 0.4768 0.0110
110 0.2183 0.0682 0.2937 0.3953 0.0245
111 0.2120 0.0222 0.1066 0.6431 0.0162
112 0.4961 0.0089 0.1179 0.3630 0.0141
113 0.1135 0.1025 0.1002 0.6689 0.0149
114 0.3455 0.0724 0.0759 0.5024 0.0038
115 0.5498 0.1135 0.0941 0.2365 0.0064
116 0.5576 0.1825 0.2512 0.0068 0.0018
117 0.4441 0.0241 0.1234 0.3921 0.0164
118 0.1099 0.1082 0.4773 0.2986 0.0061
119 0.5796 0.1584 0.1313 0.1215 0.0092
120 0.4719 0.0521 0.2487 0.2161 0.0115
121 0.5132 0.1136 0.1200 0.2277 0.0257
122 0.2386 0.0684 0.1830 0.4973 0.0126
123 0.5854 0.0200 0.1002 0.2898 0.0045
124 0.5264 0.1982 0.1221 0.1395 0.0136
125 0.7559 0.1187 0.0737 0.0454 0.0064
126 0.2783 0.0152 0.0750 0.5986 0.0327
127 0.3562 0.0254 0.1193 0.4946 0.0044
128 0.1262 0.1030 0.3171 0.4473 0.0062
129 0.4531 0.1803 0.1077 0.2542 0.0046
130 0.2291 0.2401 0.1757 0.3494 0.0059
131 0.4775 0.1161 0.2086 0.1930 0.0046
132 0.2930 0.0981 0.4067 0.1952 0.0070
133 0.4614 0.0615 0.2015 0.2671 0.0085
134 0.5229 0.0211 0.1301 0.3220 0.0038
135 0.4705 0.0140 0.0571 0.4490 0.0093
136 0.3679 0.0293 0.3855 0.2129 0.0045
137 0.5156 0.0910 0.2397 0.1432 0.0104
138 0.4338 0.0348 0.1499 0.3711 0.0102
139 0.3042 0.0210 0.1964 0.4712 0.0073
140 0.4644 0.0250 0.1484 0.3506 0.0115
141 0.5176 0.0406 0.1555 0.2815 0.0046
142 0.0995 0.0921 0.0304 0.7710 0.0071
143 0.0732 0.0242 0.0699 0.8252 0.0073
144 0.3398 0.1250 0.1605 0.3674 0.0071
145 0.2761 0.0296 0.0676 0.6221 0.0047
146 0.2712 0.1029 0.1185 0.4988 0.0087
147 0.1951 0.0471 0.2466 0.4980 0.0132
148 0.2939 0.0458 0.1169 0.5322 0.0113
149 0.2075 0.0415 0.2502 0.4824 0.0184
150 0.1702 0.0398 0.3774 0.4019 0.0107
151 0.1077 0.1061 0.3022 0.4753 0.0086
152 0.0276 0.2500 0.3259 0.3811 0.0153
153 0.1420 0.0596 0.1851 0.5791 0.0342
154 0.1578 0.0409 0.1654 0.6240 0.0117
155 0.1274 0.0693 0.3689 0.4053 0.0291
156 0.1826 0.0863 0.5044 0.2037 0.0230
157 0.3799 0.0407 0.3149 0.2378 0.0267
158 0.3081 0.1367 0.2255 0.3130 0.0168
159 0.2659 0.0240 0.2537 0.4385 0.0178
160 0.5708 0.0327 0.1512 0.2307 0.0144
161 0.4519 0.0247 0.2004 0.2917 0.0312
162 0.4363 0.0387 0.0929 0.4099 0.0221
163 0.3118 0.0432 0.2976 0.3320 0.0154
164 0.1659 0.0578 0.3979 0.3625 0.0158
165 0.2632 0.0601 0.2148 0.4478 0.0142
166 0.2346 0.0905 0.1588 0.4666 0.0496
167 0.4436 0.0629 0.0944 0.3794 0.0196
168 0.3633 0.0363 0.1885 0.3928 0.0194
169 0.3542 0.0433 0.2983 0.2847 0.0194
170 0.3638 0.0492 0.3418 0.2241 0.0212
171 0.2428 0.0428 0.3818 0.2927 0.0396
172 0.1898 0.0322 0.4414 0.3230 0.0136
173 0.4216 0.0488 0.1600 0.3606 0.0088
174 0.1000 0.0925 0.1115 0.6831 0.0129
175 0.3025 0.0634 0.2507 0.3271 0.0560
176 0.3564 0.0559 0.1849 0.3677 0.0350
177 0.3987 0.0593 0.1663 0.3574 0.0184
178 0.3342 0.0567 0.2026 0.3906 0.0157
179 0.4360 0.0788 0.3142 0.1580 0.0130
180 0.3323 0.1149 0.3708 0.1671 0.0149
181 0.3203 0.1008 0.3464 0.2167 0.0158
182 0.2681 0.1857 0.1960 0.3389 0.0116
183 0.3701 0.1965 0.2334 0.1935 0.0066
184 0.5820 0.0988 0.1542 0.1578 0.0073
185 0.4697 0.1143 0.1537 0.2515 0.0108
186 0.6035 0.1770 0.1160 0.0918 0.0119
187 0.4006 0.1807 0.2283 0.1835 0.0068
188 0.2905 0.1020 0.1193 0.4792 0.0089
189 0.4980 0.0900 0.2974 0.1061 0.0084
190 0.4551 0.0588 0.2253 0.2474 0.0133
191 0.4912 0.0324 0.2394 0.2284 0.0086
192 0.1967 0.0723 0.2094 0.5103 0.0115
193 0.2133 0.0574 0.3303 0.3804 0.0186
194 0.2030 0.1395 0.2908 0.3506 0.0161
195 0.1305 0.0779 0.2805 0.5005 0.0106
196 0.1842 0.0473 0.1458 0.6040 0.0187
197 0.3923 0.1882 0.2036 0.2036 0.0122
198 0.2581 0.0885 0.0942 0.5508 0.0087
199 0.3503 0.1542 0.1875 0.2859 0.0222
200 0.0630 0.1466 0.5361 0.2455 0.0086
201 0.2307 0.2201 0.2534 0.2915 0.0044
202 0.3989 0.0662 0.2874 0.2382 0.0096
203 0.4531 0.0806 0.1404 0.3115 0.0142
204 0.3701 0.0546 0.1383 0.4260 0.0111
205 0.2007 0.1638 0.1857 0.4385 0.0114
206 0.3818 0.0950 0.1094 0.4001 0.0136
207 0.2180 0.3430 0.1583 0.2233 0.0573
208 0.0652 0.2349 0.0695 0.6284 0.0019
209 0.3015 0.0462 0.1516 0.4971 0.0036
210 0.3101 0.0506 0.1851 0.4373 0.0171
211 0.2954 0.0989 0.2817 0.2954 0.0286
212 0.2976 0.0619 0.1804 0.4536 0.0064
213 0.2461 0.0642 0.0775 0.6089 0.0033
214 0.1233 0.1633 0.3459 0.3513 0.0162
215 0.3108 0.1587 0.2383 0.2786 0.0139
216 0.2803 0.0828 0.2891 0.3379 0.0098
217 0.1052 0.2974 0.2427 0.3477 0.0072
218 0.1241 0.0281 0.2112 0.6206 0.0159
219 0.4712 0.0995 0.2242 0.1903 0.0148
220 0.1666 0.1591 0.3640 0.2881 0.0222
221 0.3254 0.3057 0.2380 0.1235 0.0072
222 0.0945 0.1464 0.4302 0.3247 0.0041
223 0.2839 0.1202 0.1520 0.4329 0.0111
224 0.1348 0.0710 0.1703 0.6040 0.0202
225 0.3726 0.0599 0.0793 0.4861 0.0020
226 0.0424 0.1360 0.3528 0.4600 0.0089
227 0.6738 0.0721 0.1180 0.1199 0.0159
228 0.4355 0.0266 0.1505 0.3843 0.0030
229 0.3882 0.1061 0.1892 0.2798 0.0367
230 0.3599 0.0503 0.1081 0.4768 0.0049
231 0.2725 0.1267 0.0927 0.5010 0.0070
232 0.0658 0.2191 0.3728 0.2815 0.0609
233 0.2133 0.2269 0.1768 0.3801 0.0029
234 0.4495 0.2025 0.1995 0.1307 0.0178
235 0.1860 0.1803 0.1803 0.4392 0.0141
236 0.4124 0.1493 0.1075 0.3210 0.0095
237 0.3965 0.1436 0.2123 0.2368 0.0108
238 0.3496 0.0383 0.1002 0.5010 0.0111
239 0.5688 0.0283 0.0859 0.3091 0.0080
240 0.5205 0.0548 0.2458 0.1663 0.0127
241 0.3313 0.0585 0.1093 0.4895 0.0115
242 0.4399 0.0901 0.1521 0.3071 0.0106
243 0.2573 0.2418 0.2783 0.2004 0.0220
244 0.3093 0.1997 0.3345 0.1416 0.0150
245 0.5752 0.1443 0.1015 0.1421 0.0370
246 0.2651 0.0854 0.2695 0.3625 0.0174
247 0.1448 0.1404 0.3420 0.3640 0.0087
248 0.2607 0.0930 0.5347 0.1037 0.0078
249 0.3884 0.0211 0.1087 0.4758 0.0059
250 0.5269 0.0644 0.0634 0.3401 0.0054
251 0.0709 0.0939 0.1501 0.6519 0.0330
252 0.2986 0.3806 0.1537 0.1561 0.0110
253 0.3887 0.0840 0.1204 0.4009 0.0060
254 0.3784 0.1210 0.0871 0.4028 0.0107
255 0.4507 0.0975 0.1464 0.2910 0.0146
256 0.2362 0.0631 0.1116 0.5850 0.0043
257 0.2333 0.0470 0.1119 0.5957 0.0122
258 0.3186 0.2189 0.1627 0.2766 0.0233
259 0.3760 0.0378 0.1155 0.4607 0.0100
260 0.6870 0.0271 0.0409 0.2264 0.0187
261 0.6978 0.0974 0.0644 0.1290 0.0115
262 0.2351 0.0172 0.0763 0.6592 0.0123
263 0.3967 0.2769 0.1146 0.1995 0.0124
264 0.3389 0.1171 0.1638 0.3721 0.0082
265 0.3777 0.0583 0.1550 0.4019 0.0071
266 0.4397 0.0460 0.1735 0.3215 0.0193
267 0.3943 0.0252 0.0758 0.4829 0.0217
268 0.2173 0.0341 0.1565 0.5723 0.0196
269 0.2822 0.0560 0.1660 0.4802 0.0154
270 0.2189 0.1100 0.1436 0.5171 0.0106
271 0.3281 0.1134 0.1729 0.3777 0.0079
272 0.1670 0.4299 0.1764 0.2162 0.0105
273 0.2878 0.0871 0.0898 0.5293 0.0058
274 0.4412 0.1324 0.0666 0.3435 0.0164
275 0.0550 0.0936 0.1201 0.7246 0.0067
276 0.2693 0.0902 0.2490 0.3857 0.0059
277 0.1711 0.0748 0.1938 0.5439 0.0164
278 0.2313 0.5132 0.1979 0.0500 0.0074
279 0.3396 0.0439 0.0272 0.5513 0.0384
280 0.3323 0.0573 0.0670 0.5308 0.0127
281 0.1459 0.0396 0.0563 0.7529 0.0054
282 0.1346 0.0267 0.1990 0.6323 0.0074
283 0.2900 0.0249 0.1626 0.5088 0.0137
284 0.1860 0.0942 0.1860 0.5215 0.0121
285 0.0586 0.2429 0.3120 0.3706 0.0159
286 0.0935 0.0533 0.0775 0.7710 0.0048
287 0.0235 0.0282 0.0610 0.8823 0.0048
288 0.1362 0.1028 0.3320 0.4133 0.0155
289 0.2067 0.0797 0.2695 0.4309 0.0131
290 0.1624 0.0743 0.4346 0.3179 0.0109
291 0.1997 0.1260 0.3191 0.3450 0.0102
292 0.2446 0.0559 0.0826 0.6055 0.0115
293 0.3320 0.0624 0.0967 0.4985 0.0102
294 0.2981 0.0587 0.0815 0.5571 0.0044
295 0.4961 0.0385 0.0918 0.3687 0.0048
296 0.3125 0.0635 0.1699 0.4407 0.0135
297 0.2092 0.0628 0.2059 0.5020 0.0201
298 0.0526 0.0147 0.0422 0.8887 0.0018
299 0.0555 0.0900 0.1965 0.6548 0.0033
300 0.0723 0.1819 0.2524 0.4790 0.0142
301 0.3411 0.0651 0.1586 0.4309 0.0044
302 0.1082 0.0519 0.0458 0.7871 0.0067
303 0.1313 0.0835 0.2571 0.5195 0.0084
304 0.1333 0.1022 0.1534 0.6069 0.0040
305 0.3730 0.0302 0.1373 0.4573 0.0023
306 0.4316 0.0396 0.1256 0.3994 0.0038
307 0.1857 0.0536 0.2274 0.5205 0.0126
308 0.0831 0.0884 0.3608 0.4490 0.0188
309 0.1671 0.1570 0.2507 0.4070 0.0182
310 0.0887 0.0659 0.1439 0.6553 0.0460
311 0.2013 0.1342 0.4197 0.2391 0.0059
312 0.2075 0.0493 0.3213 0.4192 0.0028
313 0.1293 0.0692 0.3301 0.4583 0.0131
314 0.2274 0.0905 0.2744 0.3992 0.0085
315 0.3582 0.3472 0.1719 0.1190 0.0040
316 0.2844 0.1375 0.2671 0.2981 0.0131
317 0.4014 0.0909 0.3889 0.1031 0.0156
318 0.0519 0.0870 0.3721 0.4851 0.0039
319 0.0486 0.0707 0.6206 0.2429 0.0173
320 0.2273 0.1143 0.5625 0.0779 0.0181
321 0.1855 0.1025 0.6577 0.0458 0.0085
322 0.1572 0.1283 0.4141 0.2673 0.0330
323 0.0695 0.3474 0.4255 0.1382 0.0193
324 0.0682 0.3923 0.4661 0.0552 0.0181
325 0.1219 0.0508 0.0463 0.7646 0.0161
326 0.2275 0.1401 0.0864 0.5205 0.0253
327 0.2822 0.1292 0.0867 0.4800 0.0219
328 0.1035 0.0679 0.5771 0.2333 0.0181
329 0.2986 0.0743 0.3330 0.2185 0.0755
330 0.4248 0.1613 0.2700 0.0779 0.0662
331 0.4539 0.0644 0.3762 0.0887 0.0167
332 0.9282 0.0151 0.0191 0.0335 0.0039
333 0.9287 0.0150 0.0190 0.0333 0.0039
334 0.9292 0.0149 0.0190 0.0328 0.0039
