time exciting_prob fearful_prob tense_prob sad_prob relaxing_prob
0 0.2037 0.2830 0.2496 0.2310 0.0327
1 0.1058 0.1009 0.1025 0.6084 0.0823
2 0.0856 0.0682 0.1207 0.6626 0.0626
3 0.0930 0.1406 0.1364 0.5391 0.0908
4 0.0638 0.0490 0.1036 0.7422 0.0415
5 0.0743 0.0641 0.1702 0.6421 0.0495
6 0.0854 0.0708 0.0895 0.6411 0.1132
7 0.0718 0.0443 0.0867 0.7256 0.0718
8 0.0585 0.0485 0.0706 0.7710 0.0516
9 0.0511 0.0511 0.0607 0.7744 0.0626
10 0.0535 0.0404 0.0535 0.8115 0.0410
11 0.0539 0.0426 0.0498 0.8174 0.0365
12 0.0610 0.0475 0.0670 0.7793 0.0453
13 0.0775 0.0764 0.1519 0.6592 0.0349
14 0.1080 0.1302 0.2396 0.4766 0.0454
15 0.1014 0.4475 0.1725 0.2472 0.0314
16 0.0405 0.5215 0.0872 0.3367 0.0139
17 0.0963 0.5811 0.1153 0.1771 0.0303
18 0.1122 0.5698 0.1793 0.1194 0.0193
19 0.0668 0.4670 0.1493 0.2747 0.0421
20 0.0536 0.4287 0.2368 0.2443 0.0366
21 0.0304 0.3560 0.0973 0.5020 0.0147
22 0.0141 0.6318 0.0731 0.2593 0.0218
23 0.0120 0.8564 0.0760 0.0289 0.0265
24 0.0288 0.5972 0.0991 0.2451 0.0297
25 0.0088 0.7720 0.0509 0.1406 0.0279
26 0.0076 0.9077 0.0381 0.0375 0.0089
27 0.0401 0.7798 0.0225 0.1072 0.0503
28 0.0224 0.6338 0.0411 0.2856 0.0173
29 0.0662 0.7627 0.0507 0.0978 0.0225
30 0.0828 0.7671 0.0534 0.0840 0.0128
31 0.0351 0.5000 0.0785 0.3716 0.0150
32 0.0222 0.7573 0.0683 0.1316 0.0203
33 0.0743 0.7329 0.0611 0.1115 0.0205
34 0.1201 0.4673 0.0728 0.2812 0.0585
35 0.0842 0.3130 0.0925 0.0755 0.4346
36 0.0401 0.4773 0.1467 0.2085 0.1274
37 0.0434 0.4448 0.0904 0.0407 0.3806
38 0.0593 0.2256 0.1841 0.1161 0.4148
39 0.0165 0.3391 0.4932 0.0768 0.0745
40 0.0362 0.4731 0.1304 0.0778 0.2825
41 0.0541 0.3115 0.3215 0.1981 0.1146
42 0.0353 0.5483 0.1204 0.1954 0.1006
43 0.0177 0.4333 0.0494 0.4834 0.0160
44 0.0539 0.6772 0.0510 0.1925 0.0255
45 0.0201 0.7358 0.0537 0.1567 0.0336
46 0.0101 0.1913 0.1143 0.6782 0.0060
47 0.0619 0.4133 0.1764 0.2507 0.0974
48 0.0219 0.6313 0.1177 0.2181 0.0110
49 0.0495 0.4966 0.0817 0.3035 0.0688
50 0.0258 0.8076 0.0638 0.0504 0.0524
51 0.0244 0.4297 0.0206 0.4646 0.0609
52 0.0590 0.2042 0.0336 0.6489 0.0541
53 0.0668 0.3289 0.0126 0.4492 0.1425
54 0.0384 0.1093 0.0095 0.7827 0.0599
55 0.0576 0.3264 0.0110 0.4678 0.1372
56 0.0727 0.2988 0.0138 0.3960 0.2186
57 0.0640 0.5322 0.0172 0.1313 0.2554
58 0.0646 0.4055 0.0129 0.3606 0.1564
59 0.0573 0.6113 0.0208 0.2629 0.0475
60 0.0593 0.5581 0.0247 0.2102 0.1478
61 0.0515 0.5889 0.0300 0.2615 0.0682
62 0.0398 0.1575 0.0139 0.6948 0.0941
63 0.0335 0.1295 0.0141 0.7456 0.0773
64 0.0392 0.1144 0.0233 0.0768 0.7461
65 0.0646 0.0933 0.0137 0.0941 0.7344
66 0.0428 0.0905 0.0333 0.1162 0.7173
67 0.0811 0.5542 0.0963 0.0884 0.1799
68 0.0768 0.4314 0.0411 0.3083 0.1423
69 0.1192 0.7188 0.0613 0.0717 0.0290
70 0.1436 0.6533 0.0622 0.0870 0.0540
71 0.1379 0.5127 0.1083 0.1718 0.0694
72 0.1068 0.5732 0.0628 0.1694 0.0879
73 0.0554 0.6699 0.0463 0.1775 0.0508
74 0.0361 0.5605 0.0880 0.2861 0.0292
75 0.0438 0.7178 0.1190 0.1127 0.0066
76 0.0257 0.6182 0.1144 0.2311 0.0106
77 0.0237 0.2546 0.1475 0.5562 0.0177
78 0.0592 0.5317 0.0968 0.2803 0.0322
79 0.0373 0.8091 0.0551 0.0801 0.0184
80 0.0517 0.5181 0.0664 0.3191 0.0446
81 0.0385 0.5112 0.0655 0.3198 0.0650
82 0.1093 0.2279 0.0878 0.4604 0.1146
83 0.0470 0.5054 0.2074 0.2278 0.0126
84 0.0296 0.3606 0.2402 0.3389 0.0308
85 0.0206 0.1484 0.0568 0.2228 0.5513
86 0.0370 0.1122 0.0784 0.5527 0.2198
87 0.0413 0.2230 0.0990 0.3677 0.2690
88 0.0419 0.0846 0.1231 0.5874 0.1631
89 0.0673 0.1076 0.2208 0.5552 0.0493
90 0.0376 0.8486 0.0267 0.0640 0.0230
91 0.0453 0.7085 0.0237 0.1982 0.0242
92 0.0562 0.6689 0.0207 0.1947 0.0594
93 0.0212 0.8745 0.0316 0.0546 0.0180
94 0.0179 0.8608 0.0406 0.0609 0.0196
95 0.0213 0.7803 0.0578 0.1141 0.0267
96 0.0900 0.6445 0.0175 0.2045 0.0435
97 0.0438 0.7188 0.0166 0.1229 0.0980
98 0.0252 0.7603 0.0406 0.1028 0.0712
99 0.0583 0.2418 0.1675 0.0515 0.4810
100 0.0623 0.2751 0.2372 0.0493 0.3760
101 0.0848 0.3652 0.2131 0.0433 0.2935
102 0.0179 0.7593 0.0533 0.0907 0.0788
103 0.0710 0.6899 0.0462 0.1348 0.0580
104 0.0712 0.6196 0.0914 0.1483 0.0695
105 0.0302 0.6885 0.0917 0.1610 0.0286
106 0.0321 0.1765 0.2776 0.4724 0.0413
107 0.1192 0.3188 0.1309 0.0806 0.3503
108 0.1418 0.2097 0.1808 0.0790 0.3887
109 0.0625 0.5112 0.1055 0.2200 0.1007
110 0.0337 0.8027 0.0192 0.1261 0.0182
111 0.0395 0.7578 0.0395 0.1447 0.0187
112 0.0281 0.7534 0.0387 0.1630 0.0170
113 0.0662 0.4456 0.1744 0.2661 0.0477
114 0.2137 0.5088 0.1227 0.1010 0.0540
115 0.1539 0.4419 0.1901 0.1117 0.1025
116 0.0159 0.3452 0.0163 0.0170 0.6055
117 0.0356 0.1015 0.0251 0.0330 0.8047
118 0.0739 0.4890 0.0441 0.0462 0.3467
119 0.0935 0.4158 0.0851 0.0663 0.3394
120 0.0528 0.1843 0.0496 0.0492 0.6641
121 0.0243 0.1644 0.0309 0.0258 0.7544
122 0.0544 0.2698 0.0646 0.5039 0.1073
123 0.0729 0.2546 0.0449 0.4131 0.2144
124 0.0325 0.3062 0.0488 0.2312 0.3811
125 0.0609 0.4158 0.0781 0.1616 0.2837
126 0.0740 0.2729 0.0412 0.1405 0.4714
127 0.0401 0.3083 0.0092 0.5083 0.1337
128 0.0199 0.1089 0.0276 0.8306 0.0129
129 0.0230 0.8374 0.0484 0.0804 0.0109
130 0.0403 0.8022 0.0478 0.0845 0.0252
131 0.0595 0.6250 0.0453 0.2194 0.0509
132 0.0252 0.4158 0.1603 0.2225 0.1760
133 0.0450 0.2649 0.1251 0.1737 0.3914
134 0.0707 0.2710 0.0233 0.1669 0.4683
135 0.0765 0.2095 0.0304 0.2607 0.4231
136 0.0322 0.3540 0.0298 0.3125 0.2715
137 0.0545 0.4744 0.0310 0.3608 0.0793
138 0.0375 0.5737 0.0833 0.2710 0.0347
139 0.0419 0.2666 0.2976 0.3589 0.0350
140 0.0254 0.2231 0.4951 0.1558 0.1006
141 0.0170 0.1566 0.3586 0.2502 0.2175
142 0.0573 0.1006 0.3098 0.3857 0.1464
143 0.0077 0.1296 0.2832 0.5288 0.0508
144 0.0242 0.1975 0.3748 0.2496 0.1538
145 0.0326 0.2128 0.5605 0.1631 0.0309
146 0.0170 0.2340 0.6880 0.0433 0.0178
147 0.0446 0.1461 0.5020 0.2773 0.0302
148 0.0312 0.1765 0.4651 0.2489 0.0783
149 0.0097 0.0688 0.0941 0.0401 0.7876
150 0.0147 0.0966 0.0509 0.0159 0.8218
151 0.0216 0.1781 0.0754 0.0835 0.6416
152 0.0303 0.0682 0.0468 0.1443 0.7104
153 0.0275 0.1366 0.0778 0.1168 0.6411
154 0.0255 0.1284 0.2400 0.2515 0.3547
155 0.0444 0.2739 0.3254 0.2307 0.1255
156 0.0515 0.2695 0.3152 0.2612 0.1024
157 0.0244 0.2927 0.3757 0.2108 0.0965
158 0.0286 0.1570 0.1079 0.2113 0.4951
159 0.0162 0.0796 0.1547 0.1186 0.6309
160 0.0123 0.2734 0.1385 0.0443 0.5312
161 0.0414 0.1871 0.1600 0.1144 0.4968
162 0.0481 0.3872 0.1392 0.1018 0.3235
163 0.0229 0.2449 0.1764 0.0801 0.4756
164 0.0128 0.8022 0.1655 0.0161 0.0034
165 0.0049 0.8228 0.1475 0.0232 0.0017
166 0.0036 0.7695 0.2205 0.0056 0.0007
167 0.0616 0.3281 0.1841 0.4148 0.0113
168 0.0842 0.7930 0.0216 0.0856 0.0156
169 0.0406 0.2839 0.0450 0.6108 0.0196
170 0.0244 0.3809 0.0455 0.5454 0.0038
171 0.0745 0.6235 0.0496 0.2025 0.0496
172 0.0693 0.4482 0.3604 0.0876 0.0346
173 0.0920 0.4895 0.2683 0.0956 0.0545
174 0.2964 0.0933 0.0641 0.5283 0.0179
175 0.3606 0.1677 0.0850 0.3721 0.0147
176 0.1400 0.3105 0.4380 0.0756 0.0357
177 0.1852 0.0671 0.3921 0.3201 0.0356
178 0.1376 0.4373 0.1713 0.2164 0.0373
179 0.0290 0.3000 0.0439 0.5786 0.0486
180 0.0989 0.7900 0.0198 0.0701 0.0212
181 0.0424 0.5815 0.0567 0.2922 0.0272
182 0.0581 0.6548 0.0358 0.2408 0.0107
183 0.0503 0.3054 0.0444 0.5444 0.0552
184 0.0239 0.3120 0.3120 0.3323 0.0196
185 0.0120 0.5562 0.1722 0.1593 0.1005
186 0.0171 0.4309 0.1399 0.1687 0.2435
187 0.0192 0.6318 0.2184 0.1000 0.0307
188 0.0120 0.5674 0.3665 0.0481 0.0060
189 0.0147 0.7363 0.1891 0.0568 0.0032
190 0.0562 0.7017 0.0763 0.1603 0.0057
191 0.0645 0.7373 0.0429 0.1453 0.0099
192 0.0281 0.2109 0.0996 0.4260 0.2354
193 0.1603 0.2502 0.0787 0.1816 0.3289
194 0.3188 0.1860 0.0800 0.1085 0.3066
195 0.2115 0.2034 0.0999 0.3772 0.1080
196 0.2874 0.0870 0.3206 0.2556 0.0496
197 0.3330 0.1912 0.1714 0.1206 0.1838
198 0.0446 0.6201 0.2280 0.0422 0.0653
199 0.0572 0.4978 0.3020 0.1111 0.0318
200 0.0499 0.6885 0.1313 0.1107 0.0197
201 0.0230 0.3438 0.1099 0.4773 0.0458
202 0.0562 0.5674 0.1033 0.2439 0.0294
203 0.0360 0.5806 0.0496 0.3208 0.0129
204 0.0769 0.7471 0.0366 0.1339 0.0057
205 0.0267 0.7866 0.0535 0.1098 0.0236
206 0.0750 0.6899 0.0441 0.1652 0.0259
207 0.0381 0.7139 0.0364 0.1862 0.0256
208 0.0493 0.7583 0.0673 0.0493 0.0757
209 0.0354 0.2494 0.0842 0.4111 0.2201
210 0.0573 0.2489 0.1510 0.4438 0.0990
211 0.1290 0.0901 0.1353 0.4946 0.1509
212 0.0722 0.5420 0.0281 0.2173 0.1403
213 0.0554 0.7827 0.0390 0.1146 0.0084
214 0.1475 0.5742 0.0777 0.1765 0.0241
215 0.0984 0.4412 0.0417 0.3081 0.1107
216 0.0339 0.6250 0.0361 0.2524 0.0525
217 0.0444 0.5122 0.0462 0.3281 0.0693
218 0.0972 0.3640 0.0287 0.4531 0.0567
219 0.0574 0.3772 0.0443 0.4375 0.0835
220 0.0369 0.6958 0.0524 0.1436 0.0716
221 0.0334 0.2264 0.0239 0.6973 0.0190
222 0.0112 0.5337 0.0689 0.3784 0.0079
223 0.0558 0.1803 0.1076 0.6289 0.0272
224 0.0381 0.1034 0.1118 0.6851 0.0617
225 0.1013 0.0456 0.0685 0.7480 0.0367
226 0.0946 0.0365 0.0946 0.7441 0.0302
227 0.1250 0.0460 0.0782 0.6548 0.0958
228 0.1661 0.0440 0.0773 0.5981 0.1142
229 0.0249 0.0265 0.0227 0.9058 0.0200
230 0.1257 0.1381 0.1042 0.5723 0.0598
231 0.4329 0.0944 0.0497 0.3879 0.0350
232 0.2922 0.0912 0.0470 0.5210 0.0485
233 0.1843 0.3552 0.2057 0.2404 0.0143
234 0.0368 0.2786 0.0265 0.6377 0.0205
235 0.1021 0.4983 0.0456 0.2487 0.1053
236 0.0557 0.3716 0.0507 0.4346 0.0876
237 0.0580 0.4153 0.0647 0.3608 0.1010
238 0.0541 0.1003 0.0449 0.7764 0.0242
239 0.2534 0.0961 0.0588 0.5620 0.0298
240 0.1963 0.1209 0.0627 0.5908 0.0294
241 0.4866 0.1790 0.0752 0.1891 0.0701
242 0.2134 0.0925 0.0395 0.6177 0.0371
243 0.0568 0.0509 0.0614 0.7715 0.0595
244 0.0132 0.1389 0.0570 0.7510 0.0398
245 0.0337 0.5562 0.1406 0.1892 0.0801
246 0.0282 0.5532 0.1023 0.2573 0.0592
247 0.0222 0.4355 0.1287 0.3391 0.0745
248 0.0232 0.4280 0.0940 0.3181 0.1368
249 0.0327 0.3708 0.0692 0.3652 0.1621
250 0.0088 0.5522 0.0670 0.2649 0.1071
251 0.0144 0.1870 0.0883 0.6035 0.1066
252 0.0121 0.2113 0.0681 0.2017 0.5068
253 0.0178 0.3569 0.0645 0.2869 0.2737
254 0.0088 0.2825 0.0803 0.4048 0.2235
255 0.0113 0.6240 0.1964 0.1119 0.0563
256 0.0200 0.4456 0.0205 0.1327 0.3811
257 0.0260 0.5234 0.0547 0.0931 0.3027
258 0.0135 0.4949 0.0331 0.1937 0.2649
259 0.0490 0.2061 0.0789 0.5513 0.1147
260 0.0278 0.3088 0.0728 0.3162 0.2747
261 0.0356 0.3220 0.0945 0.3123 0.2356
262 0.0292 0.2625 0.1174 0.4004 0.1906
263 0.0276 0.2476 0.1188 0.4412 0.1649
264 0.0142 0.5513 0.0807 0.2408 0.1129
265 0.0500 0.2876 0.1381 0.3525 0.1718
266 0.3081 0.0607 0.1274 0.2986 0.2052
267 0.3496 0.0750 0.0762 0.3416 0.1576
268 0.1595 0.1323 0.2510 0.4075 0.0494
269 0.1177 0.0300 0.0725 0.7383 0.0417
270 0.0955 0.0499 0.0883 0.7056 0.0607
271 0.1875 0.0590 0.1372 0.5137 0.1027
272 0.1365 0.0748 0.1672 0.5312 0.0902
273 0.0332 0.3625 0.2737 0.3101 0.0208
274 0.0329 0.5190 0.2131 0.2098 0.0249
275 0.0482 0.6260 0.1407 0.1354 0.0498
276 0.0528 0.4424 0.1482 0.3237 0.0331
277 0.0676 0.5073 0.1293 0.2593 0.0365
278 0.1205 0.3486 0.1781 0.3225 0.0302
279 0.0957 0.3875 0.1654 0.3213 0.0301
280 0.0519 0.4556 0.1599 0.3083 0.0242
281 0.0497 0.2905 0.2815 0.3672 0.0111
282 0.0553 0.2944 0.2520 0.3840 0.0144
283 0.0376 0.2673 0.2512 0.4207 0.0232
284 0.0491 0.4619 0.1896 0.2847 0.0146
285 0.0928 0.4160 0.2446 0.2262 0.0202
286 0.0883 0.3333 0.2401 0.3181 0.0203
287 0.0787 0.4390 0.2661 0.1947 0.0215
288 0.1061 0.3269 0.2668 0.2710 0.0288
289 0.1390 0.2678 0.1757 0.3779 0.0395
290 0.0909 0.2715 0.2017 0.3950 0.0410
291 0.1429 0.2357 0.1725 0.3376 0.1113
292 0.0834 0.1632 0.2096 0.4507 0.0930
293 0.0963 0.1915 0.1538 0.4966 0.0617
294 0.1143 0.1637 0.3154 0.3865 0.0200
295 0.1016 0.1265 0.2717 0.4846 0.0156
296 0.1257 0.1392 0.2766 0.4285 0.0301
297 0.1134 0.1033 0.2439 0.5244 0.0151
298 0.0665 0.0526 0.1454 0.7153 0.0201
299 0.0837 0.0632 0.1425 0.6904 0.0201
300 0.1300 0.0801 0.1406 0.5830 0.0664
