time exciting_prob fearful_prob tense_prob sad_prob relaxing_prob
0 0.1987 0.2847 0.2512 0.2323 0.0330
1 0.0577 0.4504 0.4504 0.0385 0.0032
2 0.0558 0.3931 0.4524 0.0927 0.0063
3 0.0613 0.5547 0.3064 0.0695 0.0080
4 0.0572 0.5776 0.3140 0.0425 0.0088
5 0.0498 0.4802 0.3740 0.0888 0.0071
6 0.0718 0.3677 0.3455 0.2112 0.0036
7 0.0437 0.0492 0.8516 0.0524 0.0031
8 0.0850 0.1109 0.6636 0.1370 0.0033
9 0.0375 0.1428 0.7842 0.0302 0.0055
10 0.1632 0.1954 0.5269 0.0446 0.0697
11 0.0588 0.1812 0.6475 0.0829 0.0296
12 0.0978 0.1899 0.6733 0.0178 0.0210
13 0.0361 0.2793 0.6294 0.0513 0.0038
14 0.0425 0.2091 0.6343 0.1102 0.0040
15 0.0645 0.2268 0.5977 0.1088 0.0022
16 0.0791 0.2118 0.5405 0.1649 0.0036
17 0.0532 0.2703 0.5459 0.1277 0.0028
18 0.0421 0.0993 0.5542 0.3013 0.0034
19 0.0633 0.2297 0.4863 0.2092 0.0114
20 0.0349 0.1664 0.7061 0.0688 0.0236
21 0.0218 0.2378 0.6772 0.0539 0.0091
22 0.0509 0.0951 0.5732 0.2708 0.0099
23 0.0540 0.0919 0.5903 0.2422 0.0215
24 0.0613 0.1068 0.8076 0.0100 0.0146
25 0.0394 0.1768 0.7500 0.0039 0.0298
26 0.1464 0.0487 0.7378 0.0413 0.0258
27 0.1010 0.0786 0.3635 0.3635 0.0934
28 0.1941 0.0602 0.3542 0.2961 0.0953
29 0.0395 0.1057 0.8247 0.0140 0.0163
30 0.1187 0.0300 0.5933 0.1809 0.0772
31 0.1052 0.0746 0.6050 0.1164 0.0988
32 0.0503 0.2515 0.6470 0.0205 0.0307
33 0.1654 0.1382 0.5464 0.0653 0.0845
34 0.0436 0.1301 0.4138 0.4041 0.0084
35 0.3188 0.0806 0.4358 0.0276 0.1371
36 0.1221 0.1202 0.5142 0.1655 0.0782
37 0.0973 0.1221 0.4717 0.0275 0.2815
38 0.0530 0.0620 0.8286 0.0464 0.0099
39 0.0117 0.1215 0.8501 0.0134 0.0032
40 0.0276 0.0993 0.8643 0.0037 0.0051
41 0.0105 0.0365 0.9121 0.0345 0.0064
42 0.0153 0.0277 0.9316 0.0208 0.0045
43 0.0188 0.0295 0.9263 0.0194 0.0061
44 0.0252 0.0391 0.8960 0.0264 0.0135
45 0.0531 0.0519 0.8511 0.0247 0.0194
46 0.0220 0.0556 0.8979 0.0146 0.0100
47 0.0179 0.0720 0.8984 0.0035 0.0080
48 0.0475 0.1037 0.8159 0.0138 0.0192
49 0.0198 0.0264 0.8735 0.0717 0.0088
50 0.0477 0.1306 0.7812 0.0222 0.0184
51 0.0540 0.1960 0.7061 0.0346 0.0091
52 0.0615 0.1486 0.7544 0.0143 0.0211
53 0.0767 0.0574 0.7222 0.1284 0.0155
54 0.0793 0.0892 0.7124 0.1018 0.0174
55 0.0529 0.3093 0.4363 0.1384 0.0629
56 0.0321 0.2976 0.4197 0.2078 0.0429
57 0.0586 0.1028 0.6758 0.1156 0.0471
58 0.0391 0.0644 0.8413 0.0406 0.0145
59 0.0515 0.2118 0.5449 0.0693 0.1226
60 0.1302 0.3101 0.4304 0.0356 0.0938
61 0.3206 0.1179 0.3928 0.0462 0.1226
62 0.2053 0.3306 0.3491 0.0473 0.0677
63 0.0736 0.1522 0.5190 0.0213 0.2339
64 0.0462 0.2240 0.6431 0.0421 0.0445
65 0.0421 0.1339 0.6587 0.0270 0.1381
66 0.1100 0.2460 0.4705 0.0448 0.1287
67 0.0670 0.2318 0.4832 0.0304 0.1877
68 0.0808 0.3401 0.5146 0.0244 0.0400
69 0.1293 0.3325 0.4802 0.0203 0.0376
70 0.0988 0.3967 0.4602 0.0118 0.0326
71 0.0325 0.1403 0.2089 0.5459 0.0722
72 0.1616 0.1137 0.3164 0.3757 0.0323
73 0.0997 0.2607 0.3794 0.1984 0.0619
74 0.1048 0.2379 0.5405 0.1115 0.0053
75 0.2043 0.1846 0.2522 0.2859 0.0729
76 0.4492 0.1873 0.2041 0.0222 0.1371
77 0.4714 0.1721 0.1803 0.0080 0.1681
78 0.3809 0.2898 0.2659 0.0042 0.0593
79 0.0451 0.2153 0.3960 0.2852 0.0584
80 0.0503 0.2698 0.3984 0.2654 0.0161
81 0.2126 0.4500 0.2708 0.0079 0.0586
82 0.5166 0.2659 0.1295 0.0038 0.0843
83 0.3162 0.3186 0.2561 0.0051 0.1042
84 0.3967 0.3042 0.2107 0.0033 0.0851
85 0.3191 0.2688 0.1543 0.0467 0.2109
86 0.2372 0.0718 0.1340 0.0268 0.5303
87 0.3796 0.1176 0.1851 0.0419 0.2756
88 0.2140 0.0728 0.1517 0.0757 0.4858
89 0.1565 0.1746 0.1238 0.0075 0.5376
90 0.1729 0.3411 0.3279 0.0057 0.1525
91 0.2025 0.1027 0.0489 0.0072 0.6387
92 0.3506 0.2317 0.1405 0.0106 0.2666
93 0.2512 0.1399 0.0803 0.0170 0.5117
94 0.1945 0.1207 0.1170 0.0392 0.5288
95 0.0828 0.1940 0.1205 0.1823 0.4204
96 0.2175 0.2389 0.2859 0.1299 0.1278
97 0.1763 0.1631 0.4468 0.1605 0.0533
98 0.2286 0.0286 0.6313 0.0797 0.0319
99 0.1498 0.0327 0.7607 0.0429 0.0138
100 0.1218 0.0392 0.7573 0.0677 0.0138
101 0.2351 0.2815 0.1449 0.0415 0.2971
102 0.2391 0.2839 0.1139 0.0334 0.3296
103 0.2228 0.1906 0.0839 0.0563 0.4465
104 0.2438 0.1000 0.0992 0.1226 0.4346
105 0.2441 0.0978 0.1871 0.0424 0.4285
106 0.0987 0.1084 0.0851 0.0438 0.6641
107 0.1998 0.0753 0.1021 0.0216 0.6011
108 0.0934 0.3259 0.4971 0.0175 0.0662
109 0.1605 0.3193 0.3535 0.0425 0.1241
110 0.1598 0.1399 0.0472 0.0307 0.6221
111 0.1912 0.0597 0.0291 0.0206 0.6992
112 0.4290 0.2406 0.1666 0.0202 0.1437
113 0.3027 0.2800 0.2303 0.0765 0.1105
114 0.1622 0.1124 0.4480 0.1273 0.1500
115 0.2637 0.3691 0.2383 0.0963 0.0325
116 0.7246 0.0663 0.0361 0.0064 0.1667
117 0.3315 0.1747 0.2208 0.0129 0.2603
118 0.4473 0.2080 0.1765 0.0062 0.1620
119 0.2629 0.1725 0.2490 0.0151 0.3003
120 0.5063 0.0873 0.0453 0.0048 0.3562
121 0.5005 0.0891 0.0408 0.0118 0.3577
122 0.3894 0.3105 0.1661 0.0215 0.1124
123 0.3284 0.3579 0.1296 0.0177 0.1664
124 0.4895 0.1493 0.1118 0.0053 0.2441
125 0.1031 0.2269 0.0953 0.0039 0.5708
126 0.0820 0.2355 0.0944 0.0053 0.5830
127 0.1224 0.0760 0.0611 0.0021 0.7383
128 0.0919 0.1870 0.1025 0.0054 0.6133
129 0.1747 0.2042 0.0751 0.0040 0.5420
130 0.0798 0.2222 0.2186 0.0092 0.4702
131 0.1461 0.2524 0.1543 0.0074 0.4397
132 0.1704 0.3721 0.1285 0.0082 0.3208
133 0.1537 0.5938 0.1466 0.0225 0.0836
134 0.1406 0.6011 0.2030 0.0211 0.0342
135 0.1272 0.5742 0.2413 0.0403 0.0168
136 0.0544 0.0963 0.7339 0.0843 0.0310
137 0.2189 0.1946 0.1931 0.0492 0.3442
138 0.2230 0.3564 0.1724 0.0091 0.2393
139 0.2257 0.0593 0.1915 0.0148 0.5088
140 0.3665 0.3870 0.1118 0.0178 0.1171
141 0.0948 0.1125 0.7285 0.0166 0.0477
142 0.2000 0.0765 0.5967 0.0649 0.0619
143 0.2035 0.4048 0.3599 0.0099 0.0220
144 0.3723 0.1577 0.3811 0.0149 0.0739
145 0.5811 0.2744 0.0941 0.0088 0.0417
146 0.1571 0.2629 0.1725 0.0506 0.3567
147 0.1611 0.2202 0.3491 0.0612 0.2085
148 0.2471 0.2610 0.0665 0.0796 0.3457
149 0.2455 0.2455 0.0503 0.0666 0.3923
150 0.1309 0.2225 0.0781 0.0512 0.5176
151 0.2305 0.2065 0.2473 0.0760 0.2396
152 0.1947 0.0492 0.6792 0.0540 0.0227
153 0.1393 0.0734 0.6240 0.1565 0.0069
154 0.0327 0.3650 0.4614 0.1301 0.0106
155 0.0411 0.0580 0.8125 0.0197 0.0688
156 0.2156 0.2294 0.2788 0.0121 0.2642
157 0.2244 0.2351 0.4429 0.0599 0.0378
158 0.1008 0.3252 0.5322 0.0234 0.0184
159 0.1515 0.3550 0.2766 0.1786 0.0383
160 0.3760 0.3345 0.2263 0.0453 0.0180
161 0.5029 0.2489 0.1632 0.0514 0.0337
162 0.4883 0.2695 0.1714 0.0417 0.0291
163 0.2573 0.3987 0.3130 0.0063 0.0247
164 0.3538 0.2507 0.2266 0.0901 0.0789
165 0.3508 0.1203 0.3823 0.0453 0.1013
166 0.3113 0.3445 0.2025 0.0142 0.1277
167 0.2450 0.3271 0.3401 0.0036 0.0840
168 0.5640 0.0679 0.1404 0.1996 0.0281
169 0.2264 0.0453 0.5347 0.1417 0.0517
170 0.1692 0.3667 0.4287 0.0138 0.0215
171 0.0681 0.2251 0.5571 0.1453 0.0046
172 0.0313 0.2524 0.6548 0.0586 0.0029
173 0.2125 0.3760 0.3506 0.0076 0.0533
174 0.1139 0.3794 0.4038 0.0860 0.0171
175 0.5249 0.1827 0.2722 0.0165 0.0037
176 0.0662 0.0745 0.2460 0.5718 0.0414
177 0.2151 0.3230 0.3926 0.0077 0.0616
178 0.1122 0.2490 0.5928 0.0045 0.0413
179 0.0718 0.2771 0.5776 0.0059 0.0674
180 0.0809 0.2002 0.4956 0.2098 0.0136
181 0.0665 0.3174 0.4690 0.1398 0.0074
182 0.1054 0.4951 0.2588 0.1272 0.0134
183 0.2026 0.1803 0.5957 0.0094 0.0120
184 0.2700 0.1870 0.5122 0.0156 0.0149
185 0.3884 0.4949 0.1071 0.0045 0.0052
186 0.2634 0.4377 0.2827 0.0112 0.0048
187 0.0837 0.5415 0.3635 0.0097 0.0019
188 0.0437 0.3206 0.5898 0.0048 0.0411
189 0.1646 0.2778 0.4951 0.0180 0.0446
190 0.0319 0.0951 0.8677 0.0034 0.0022
191 0.0829 0.1064 0.7930 0.0142 0.0037
192 0.1747 0.2074 0.4324 0.1068 0.0787
193 0.1600 0.3691 0.4182 0.0458 0.0067
194 0.2303 0.4138 0.2756 0.0486 0.0316
195 0.2788 0.1492 0.4705 0.0716 0.0298
196 0.2328 0.3308 0.3931 0.0147 0.0287
197 0.5347 0.1833 0.2014 0.0595 0.0207
198 0.7578 0.0824 0.1276 0.0222 0.0102
199 0.2927 0.3140 0.3530 0.0149 0.0254
200 0.0483 0.1824 0.6367 0.1124 0.0205
201 0.3271 0.1232 0.3765 0.0439 0.1292
202 0.2306 0.1769 0.5449 0.0322 0.0156
203 0.1436 0.0995 0.6045 0.1298 0.0227
204 0.1583 0.1071 0.6768 0.0022 0.0556
205 0.4634 0.1034 0.3259 0.0566 0.0508
206 0.6865 0.1439 0.1165 0.0250 0.0281
207 0.1477 0.2115 0.6074 0.0220 0.0115
208 0.3792 0.0900 0.5103 0.0012 0.0195
209 0.4041 0.1864 0.3706 0.0304 0.0086
210 0.4844 0.1796 0.2306 0.0278 0.0778
211 0.3218 0.4431 0.1967 0.0221 0.0163
212 0.5659 0.0983 0.2715 0.0443 0.0201
213 0.0856 0.2382 0.6523 0.0227 0.0010
214 0.6475 0.1346 0.1467 0.0068 0.0646
215 0.0767 0.2115 0.6367 0.0561 0.0191
216 0.1155 0.2059 0.6445 0.0164 0.0176
217 0.3135 0.4353 0.1902 0.0323 0.0289
218 0.0314 0.1998 0.7085 0.0542 0.0060
219 0.1766 0.1355 0.6772 0.0083 0.0023
220 0.3401 0.0713 0.4685 0.0490 0.0713
221 0.0276 0.1248 0.5952 0.2482 0.0039
222 0.0127 0.1591 0.7017 0.1248 0.0017
223 0.2009 0.0532 0.7124 0.0129 0.0207
224 0.0751 0.2388 0.5908 0.0935 0.0017
225 0.0652 0.3552 0.3840 0.0240 0.1718
226 0.4324 0.1530 0.1733 0.0135 0.2279
227 0.2527 0.1532 0.3047 0.0163 0.2732
228 0.1646 0.0895 0.6821 0.0400 0.0239
229 0.0559 0.7661 0.1290 0.0453 0.0038
230 0.0274 0.0811 0.6895 0.1855 0.0169
231 0.4309 0.1649 0.0544 0.3435 0.0062
232 0.5342 0.0980 0.0995 0.2622 0.0061
233 0.5317 0.1293 0.0772 0.2571 0.0044
234 0.3630 0.0672 0.0312 0.5283 0.0101
235 0.5654 0.0560 0.0530 0.3196 0.0063
236 0.0865 0.1077 0.6348 0.0872 0.0839
237 0.5874 0.1321 0.1631 0.0326 0.0847
238 0.4373 0.2571 0.2114 0.0154 0.0790
239 0.0917 0.1022 0.6772 0.0968 0.0319
240 0.0349 0.0333 0.9009 0.0183 0.0126
241 0.0558 0.0949 0.7642 0.0116 0.0734
242 0.0285 0.2666 0.5825 0.0372 0.0852
243 0.0208 0.2119 0.6733 0.0651 0.0289
244 0.0216 0.1650 0.5044 0.2852 0.0240
245 0.0371 0.2944 0.5088 0.0751 0.0844
246 0.1089 0.1466 0.5156 0.0284 0.2003
247 0.3337 0.2404 0.3840 0.0187 0.0231
248 0.2480 0.2480 0.4424 0.0500 0.0115
249 0.3181 0.1757 0.4280 0.0431 0.0351
250 0.1282 0.3948 0.4473 0.0103 0.0197
251 0.2559 0.2499 0.4351 0.0380 0.0213
252 0.0930 0.3826 0.5190 0.0022 0.0034
253 0.0595 0.3533 0.5781 0.0042 0.0052
254 0.0762 0.2786 0.6182 0.0138 0.0134
255 0.4263 0.2773 0.2627 0.0023 0.0314
256 0.1412 0.2969 0.5376 0.0112 0.0132
257 0.1604 0.2686 0.5425 0.0187 0.0099
258 0.0812 0.1667 0.7471 0.0029 0.0019
259 0.0951 0.0981 0.7363 0.0629 0.0075
260 0.1844 0.4189 0.3613 0.0270 0.0083
261 0.4446 0.1675 0.3252 0.0368 0.0259
262 0.1493 0.2705 0.5591 0.0165 0.0046
263 0.1718 0.1348 0.6582 0.0155 0.0197
264 0.0911 0.2168 0.6836 0.0022 0.0063
265 0.0755 0.2495 0.6675 0.0038 0.0035
266 0.0897 0.2534 0.6475 0.0045 0.0049
267 0.0491 0.2035 0.7329 0.0118 0.0029
268 0.4944 0.1427 0.3242 0.0027 0.0361
269 0.0312 0.1526 0.7993 0.0146 0.0020
270 0.1243 0.3325 0.5400 0.0014 0.0019
271 0.0824 0.0927 0.8130 0.0045 0.0073
272 0.2522 0.1371 0.5957 0.0033 0.0117
273 0.0581 0.5864 0.3503 0.0033 0.0018
274 0.0870 0.2054 0.6685 0.0238 0.0154
275 0.1650 0.2942 0.5005 0.0317 0.0084
276 0.1454 0.2286 0.5747 0.0183 0.0329
277 0.0376 0.2778 0.6665 0.0137 0.0043
278 0.1771 0.1423 0.6431 0.0188 0.0187
279 0.0710 0.1915 0.7227 0.0090 0.0056
280 0.5269 0.0718 0.3350 0.0300 0.0364
281 0.2698 0.2307 0.4661 0.0089 0.0247
282 0.3813 0.1732 0.4124 0.0088 0.0246
283 0.1295 0.2830 0.5454 0.0197 0.0222
284 0.1348 0.2700 0.5288 0.0602 0.0064
285 0.1065 0.4734 0.4082 0.0090 0.0028
286 0.1278 0.3188 0.5508 0.0012 0.0012
287 0.0515 0.1199 0.8257 0.0024 0.0006
288 0.1897 0.2494 0.5449 0.0072 0.0089
289 0.2739 0.2825 0.3435 0.0216 0.0785
290 0.3093 0.3240 0.3396 0.0105 0.0165
291 0.2103 0.0994 0.5854 0.0850 0.0202
292 0.0911 0.1033 0.7754 0.0261 0.0042
293 0.6299 0.2194 0.1077 0.0032 0.0399
294 0.3254 0.3926 0.2615 0.0030 0.0173
295 0.1877 0.3193 0.4683 0.0196 0.0051
296 0.2620 0.3813 0.3445 0.0095 0.0027
297 0.1727 0.3462 0.3713 0.0351 0.0748
298 0.1281 0.2450 0.6157 0.0089 0.0022
299 0.0613 0.1615 0.7646 0.0108 0.0017
300 0.0517 0.1472 0.7959 0.0015 0.0037
301 0.2700 0.2007 0.5166 0.0034 0.0093
302 0.0942 0.2295 0.6641 0.0064 0.0057
303 0.1126 0.0824 0.7939 0.0077 0.0033
304 0.1064 0.0962 0.7866 0.0089 0.0019
305 0.4409 0.1548 0.3770 0.0211 0.0062
306 0.2107 0.2749 0.3640 0.1426 0.0079
307 0.1987 0.2847 0.2512 0.2323 0.0330
308 0.1987 0.2847 0.2512 0.2323 0.0330
