time exciting_prob fearful_prob tense_prob sad_prob relaxing_prob
0 0.2037 0.2830 0.2496 0.2310 0.0327
1 0.0441 0.1411 0.3384 0.4148 0.0616
2 0.1191 0.1603 0.1995 0.5015 0.0199
3 0.0399 0.1067 0.4353 0.4089 0.0092
4 0.0990 0.1486 0.2338 0.4797 0.0391
5 0.1263 0.1324 0.2361 0.4768 0.0282
6 0.1113 0.0908 0.1863 0.5830 0.0286
7 0.1371 0.0608 0.2812 0.4937 0.0272
8 0.1758 0.2441 0.1915 0.3721 0.0164
9 0.3376 0.1396 0.3484 0.1385 0.0356
10 0.1132 0.0709 0.1622 0.6025 0.0510
11 0.0865 0.0763 0.1201 0.6699 0.0474
12 0.1016 0.0626 0.0849 0.6997 0.0511
13 0.1307 0.0885 0.1191 0.6001 0.0618
14 0.0768 0.0811 0.1199 0.6841 0.0380
15 0.1295 0.2152 0.1467 0.4773 0.0312
16 0.1312 0.1879 0.1131 0.5312 0.0367
17 0.0961 0.2915 0.0917 0.4880 0.0327
18 0.1159 0.1177 0.1660 0.5796 0.0206
19 0.0627 0.1075 0.1296 0.6792 0.0210
20 0.0846 0.0765 0.1544 0.6450 0.0394
21 0.1708 0.1735 0.0988 0.4902 0.0668
22 0.1545 0.2754 0.0937 0.4136 0.0629
23 0.0667 0.0519 0.0294 0.8315 0.0206
24 0.0869 0.1315 0.0404 0.6997 0.0414
25 0.0469 0.1782 0.1525 0.6030 0.0194
26 0.1281 0.1908 0.1498 0.5186 0.0128
27 0.3162 0.3088 0.0872 0.2769 0.0108
28 0.4014 0.1302 0.0273 0.4338 0.0073
29 0.2747 0.4563 0.0201 0.2349 0.0142
30 0.2683 0.5293 0.0352 0.1505 0.0164
31 0.4041 0.4202 0.0334 0.1301 0.0121
32 0.2069 0.0715 0.0140 0.6787 0.0289
33 0.0432 0.1508 0.1876 0.6152 0.0033
34 0.0414 0.2115 0.1410 0.6030 0.0033
35 0.0441 0.4285 0.2539 0.2722 0.0015
36 0.0446 0.3269 0.2126 0.4131 0.0028
37 0.0978 0.1638 0.3037 0.4282 0.0064
38 0.3149 0.3711 0.0365 0.2693 0.0081
39 0.1421 0.6470 0.0325 0.1687 0.0098
40 0.0366 0.1918 0.0438 0.7241 0.0038
41 0.0230 0.1823 0.0356 0.7554 0.0038
42 0.0446 0.0886 0.2644 0.5962 0.0063
43 0.1825 0.4309 0.1754 0.2035 0.0076
44 0.0652 0.4634 0.1602 0.3086 0.0028
45 0.0644 0.2629 0.2145 0.4470 0.0112
46 0.0577 0.4609 0.0505 0.4263 0.0045
47 0.0901 0.5186 0.0577 0.3220 0.0116
48 0.0595 0.5264 0.1005 0.3047 0.0091
49 0.0686 0.4473 0.0267 0.4473 0.0102
50 0.0595 0.2861 0.0568 0.5781 0.0196
51 0.0877 0.4631 0.0363 0.3811 0.0318
52 0.0612 0.3604 0.0278 0.5327 0.0178
53 0.1071 0.2032 0.0288 0.6460 0.0146
54 0.2297 0.1592 0.0266 0.5732 0.0114
55 0.3801 0.3054 0.1007 0.2003 0.0133
56 0.1951 0.3372 0.0729 0.3645 0.0304
57 0.4084 0.2401 0.0259 0.3059 0.0199
58 0.1716 0.2365 0.2169 0.3633 0.0117
59 0.1305 0.4116 0.1515 0.2942 0.0121
60 0.0467 0.1776 0.1147 0.6548 0.0060
61 0.1439 0.1052 0.2263 0.5181 0.0065
62 0.1500 0.1244 0.1107 0.6030 0.0121
63 0.2388 0.5176 0.0290 0.1693 0.0456
64 0.1058 0.2725 0.0360 0.5547 0.0311
65 0.0831 0.2539 0.0598 0.5762 0.0270
66 0.1037 0.5107 0.0379 0.2754 0.0724
67 0.1683 0.4871 0.0288 0.2627 0.0530
68 0.1198 0.5039 0.0414 0.2939 0.0407
69 0.3535 0.4399 0.0494 0.1175 0.0397
70 0.1153 0.5679 0.0165 0.2620 0.0386
71 0.1619 0.2908 0.0370 0.4722 0.0381
72 0.1990 0.1675 0.0195 0.6030 0.0108
73 0.4304 0.1442 0.0203 0.3887 0.0164
74 0.1831 0.1060 0.0215 0.6855 0.0040
75 0.1938 0.1908 0.1006 0.4990 0.0158
76 0.1863 0.1053 0.0385 0.6655 0.0042
77 0.2279 0.5215 0.0838 0.1603 0.0065
78 0.1865 0.2693 0.1865 0.3484 0.0093
79 0.0523 0.1755 0.1478 0.6172 0.0071
80 0.0744 0.1152 0.2119 0.5942 0.0042
81 0.0963 0.1423 0.0762 0.6738 0.0112
82 0.1267 0.3499 0.3552 0.1541 0.0141
83 0.2131 0.1584 0.0754 0.5356 0.0172
84 0.0766 0.1559 0.2396 0.5073 0.0208
85 0.0877 0.2700 0.1771 0.4558 0.0092
86 0.3674 0.2817 0.1053 0.2391 0.0062
87 0.1968 0.2230 0.0409 0.5308 0.0086
88 0.4700 0.3604 0.0414 0.1161 0.0122
89 0.1639 0.0877 0.0891 0.6382 0.0210
90 0.1140 0.0975 0.2778 0.5029 0.0078
91 0.0728 0.3137 0.2026 0.4094 0.0014
92 0.1829 0.1050 0.1135 0.5903 0.0084
93 0.1980 0.1111 0.1299 0.5552 0.0056
94 0.0508 0.1733 0.1875 0.5864 0.0018
95 0.1132 0.1015 0.1956 0.5840 0.0058
96 0.1451 0.2014 0.3169 0.3323 0.0043
97 0.1344 0.1987 0.1420 0.5112 0.0135
98 0.2031 0.2469 0.2080 0.3376 0.0042
99 0.1661 0.3833 0.1727 0.2739 0.0038
100 0.1164 0.4160 0.2124 0.2542 0.0011
101 0.1294 0.1335 0.1324 0.5889 0.0156
102 0.0588 0.1826 0.1024 0.6421 0.0140
103 0.0984 0.1675 0.1897 0.5405 0.0038
104 0.1051 0.2074 0.2350 0.4495 0.0031
105 0.1455 0.1636 0.2986 0.3716 0.0210
106 0.0911 0.1729 0.2764 0.4556 0.0041
107 0.1296 0.2830 0.1049 0.4814 0.0009
108 0.0632 0.1873 0.1371 0.5771 0.0355
109 0.0689 0.1425 0.2900 0.4783 0.0201
110 0.0813 0.1617 0.2211 0.5220 0.0138
111 0.0365 0.1432 0.1023 0.6724 0.0457
112 0.1006 0.2472 0.2358 0.3433 0.0731
113 0.0759 0.1632 0.1475 0.5479 0.0654
114 0.1188 0.1841 0.1783 0.4485 0.0704
115 0.0460 0.1694 0.1138 0.6147 0.0559
116 0.1273 0.2512 0.3489 0.2252 0.0476
117 0.0928 0.2260 0.2444 0.3967 0.0402
118 0.2056 0.1135 0.1381 0.4780 0.0647
119 0.0803 0.4441 0.0298 0.4304 0.0153
120 0.1514 0.6323 0.0155 0.1742 0.0267
121 0.0768 0.7397 0.0349 0.1189 0.0296
122 0.2700 0.5005 0.0519 0.1348 0.0427
123 0.2112 0.3347 0.0309 0.3296 0.0937
124 0.1781 0.3682 0.0450 0.3711 0.0376
125 0.1118 0.4600 0.0146 0.3872 0.0264
126 0.1236 0.5244 0.1108 0.2119 0.0294
127 0.1570 0.1418 0.3049 0.3855 0.0108
128 0.0641 0.0785 0.3254 0.5200 0.0122
129 0.0305 0.2181 0.1866 0.5527 0.0120
130 0.0721 0.1664 0.2274 0.5205 0.0134
131 0.1050 0.0941 0.3184 0.4631 0.0193
132 0.0329 0.3076 0.1536 0.4995 0.0064
133 0.1492 0.1527 0.1991 0.4487 0.0504
134 0.1019 0.2561 0.0331 0.5864 0.0227
135 0.1697 0.2469 0.1322 0.4136 0.0376
136 0.0908 0.0866 0.0634 0.7363 0.0228
137 0.1290 0.2126 0.0619 0.5874 0.0093
138 0.0859 0.4004 0.1202 0.3818 0.0117
139 0.0629 0.2546 0.0807 0.5830 0.0186
140 0.1071 0.0881 0.0630 0.6880 0.0539
141 0.0977 0.1098 0.1024 0.6777 0.0122
142 0.0795 0.1260 0.3882 0.4004 0.0059
143 0.0345 0.0646 0.1274 0.7563 0.0171
144 0.0388 0.0654 0.1620 0.6714 0.0624
145 0.0404 0.5581 0.1650 0.1689 0.0672
146 0.1666 0.3997 0.1288 0.2386 0.0663
147 0.0850 0.3259 0.2422 0.3362 0.0108
148 0.1086 0.2605 0.1520 0.4502 0.0286
149 0.1779 0.1849 0.1037 0.5308 0.0027
150 0.1429 0.2319 0.1984 0.4006 0.0260
151 0.1501 0.4626 0.1255 0.2515 0.0103
152 0.0949 0.0799 0.0589 0.7583 0.0081
153 0.0799 0.2223 0.0844 0.5947 0.0185
154 0.0789 0.2284 0.1779 0.5068 0.0079
155 0.1241 0.1473 0.1362 0.5825 0.0096
156 0.1719 0.3608 0.0825 0.3752 0.0095
157 0.1528 0.1470 0.0154 0.6743 0.0102
158 0.1787 0.1414 0.0775 0.5723 0.0299
159 0.1890 0.0839 0.0409 0.6753 0.0110
160 0.1616 0.1654 0.1919 0.4675 0.0135
161 0.0818 0.1517 0.0864 0.6748 0.0054
162 0.0774 0.4150 0.2153 0.2023 0.0898
163 0.1085 0.1642 0.3164 0.3699 0.0412
164 0.1011 0.1693 0.0825 0.6387 0.0082
165 0.1000 0.2939 0.0535 0.5493 0.0035
166 0.1663 0.2169 0.1179 0.4927 0.0062
167 0.3738 0.3247 0.0730 0.2113 0.0172
168 0.3203 0.2739 0.0552 0.3381 0.0124
169 0.0756 0.1785 0.1285 0.6035 0.0137
170 0.0946 0.1115 0.0535 0.7266 0.0138
171 0.1101 0.1110 0.1641 0.6001 0.0148
172 0.0731 0.6211 0.0490 0.2510 0.0057
173 0.1849 0.2430 0.0735 0.4795 0.0189
174 0.0781 0.2878 0.0711 0.5464 0.0166
175 0.1125 0.5205 0.0444 0.2988 0.0236
176 0.2357 0.1322 0.0881 0.5229 0.0212
177 0.1493 0.4563 0.0558 0.3110 0.0276
178 0.1814 0.3086 0.0380 0.4185 0.0536
179 0.1219 0.4460 0.0972 0.3088 0.0260
180 0.3450 0.3091 0.0776 0.2316 0.0369
181 0.0274 0.2561 0.4158 0.2859 0.0147
182 0.0686 0.0655 0.2471 0.6118 0.0071
183 0.1305 0.1550 0.2220 0.4851 0.0074
184 0.1300 0.2751 0.2046 0.3882 0.0020
185 0.0725 0.1106 0.3101 0.4956 0.0113
186 0.1132 0.1560 0.3127 0.4077 0.0104
187 0.1572 0.2781 0.1500 0.3860 0.0286
188 0.1562 0.0856 0.0715 0.6528 0.0341
189 0.1414 0.1918 0.0844 0.5771 0.0055
190 0.2388 0.3367 0.1816 0.2406 0.0023
191 0.2507 0.2319 0.2266 0.2798 0.0108
192 0.0857 0.4670 0.1947 0.2480 0.0046
193 0.0984 0.1000 0.2184 0.5752 0.0081
194 0.1127 0.2367 0.2089 0.4353 0.0066
195 0.1383 0.2316 0.3369 0.2881 0.0050
196 0.1407 0.2032 0.1633 0.4800 0.0127
197 0.1405 0.2646 0.2952 0.2974 0.0024
198 0.1407 0.2451 0.1954 0.4170 0.0017
199 0.2010 0.2242 0.1494 0.4221 0.0032
200 0.3149 0.1443 0.0725 0.4619 0.0063
201 0.2239 0.0792 0.0792 0.6133 0.0045
202 0.3589 0.2448 0.0746 0.3142 0.0076
203 0.1942 0.5034 0.0602 0.2288 0.0132
204 0.1710 0.6255 0.0486 0.1462 0.0085
205 0.2050 0.4077 0.0556 0.3149 0.0167
206 0.3904 0.3784 0.0711 0.1448 0.0153
207 0.1589 0.3813 0.0657 0.3875 0.0066
208 0.0829 0.1125 0.0527 0.7109 0.0410
209 0.1390 0.3989 0.1152 0.3206 0.0261
210 0.1039 0.4514 0.1283 0.3005 0.0158
211 0.3733 0.1863 0.0387 0.3618 0.0399
212 0.0945 0.3376 0.0356 0.5068 0.0252
213 0.1379 0.2830 0.0503 0.5205 0.0083
214 0.1438 0.1832 0.0533 0.6099 0.0096
215 0.0521 0.0629 0.0595 0.8213 0.0040
216 0.1344 0.2693 0.0834 0.5034 0.0095
217 0.0959 0.0735 0.0464 0.7549 0.0293
218 0.0811 0.1638 0.0301 0.7007 0.0245
219 0.1305 0.1188 0.1729 0.5493 0.0284
220 0.0547 0.1545 0.0243 0.7607 0.0059
221 0.1187 0.2133 0.1215 0.5156 0.0310
222 0.1053 0.0801 0.0967 0.7031 0.0148
223 0.1544 0.0873 0.0568 0.6816 0.0198
224 0.1704 0.1814 0.0912 0.5166 0.0405
225 0.0962 0.3660 0.0709 0.4180 0.0491
226 0.0734 0.3845 0.0580 0.4709 0.0131
227 0.0665 0.4910 0.0271 0.3916 0.0239
228 0.0902 0.5151 0.0436 0.3174 0.0337
229 0.0681 0.5566 0.0446 0.3098 0.0212
230 0.3088 0.3289 0.0878 0.2368 0.0375
231 0.2974 0.3167 0.0776 0.2524 0.0559
232 0.1065 0.4312 0.0317 0.3774 0.0531
233 0.1034 0.4744 0.0251 0.3694 0.0278
234 0.1582 0.3650 0.0413 0.3591 0.0765
235 0.1536 0.4109 0.0351 0.3201 0.0803
236 0.1064 0.3433 0.0574 0.4656 0.0273
237 0.1301 0.3535 0.1670 0.3025 0.0468
238 0.1205 0.4409 0.1124 0.3079 0.0183
239 0.1570 0.1938 0.1521 0.4797 0.0173
240 0.2317 0.0776 0.0696 0.5737 0.0475
241 0.1111 0.2927 0.2605 0.3142 0.0214
242 0.0739 0.2104 0.1627 0.5249 0.0278
243 0.1108 0.2576 0.1664 0.4453 0.0199
244 0.1820 0.2566 0.2607 0.2449 0.0559
245 0.2681 0.1799 0.1370 0.3870 0.0280
246 0.1153 0.2681 0.1704 0.4153 0.0308
247 0.3174 0.3076 0.1499 0.1954 0.0297
248 0.1232 0.3564 0.1113 0.3428 0.0665
249 0.0878 0.4602 0.0935 0.3420 0.0163
250 0.1886 0.4182 0.0683 0.2988 0.0259
251 0.4851 0.1587 0.0261 0.2942 0.0357
252 0.1021 0.2649 0.0482 0.5146 0.0702
253 0.2412 0.0821 0.1487 0.4651 0.0629
