time exciting_prob fearful_prob tense_prob sad_prob relaxing_prob
0 0.2037 0.2830 0.2496 0.2310 0.0327
1 0.2365 0.2898 0.0424 0.4216 0.0098
2 0.4153 0.2539 0.1423 0.1208 0.0678
3 0.3916 0.2394 0.0124 0.3428 0.0138
4 0.0967 0.0867 0.0123 0.7725 0.0319
5 0.2961 0.3010 0.2961 0.0368 0.0698
6 0.0962 0.0583 0.0188 0.8052 0.0213
7 0.0531 0.3252 0.1941 0.3860 0.0417
8 0.7485 0.0923 0.0436 0.1113 0.0041
9 0.2861 0.2448 0.1230 0.3191 0.0270
10 0.2124 0.3669 0.1554 0.2483 0.0170
11 0.2440 0.0627 0.1171 0.5586 0.0175
12 0.2678 0.1677 0.0240 0.4216 0.1189
13 0.0499 0.2534 0.1377 0.4961 0.0630
14 0.0736 0.0822 0.1420 0.6562 0.0461
15 0.0789 0.1750 0.1619 0.5479 0.0364
16 0.1312 0.2197 0.2233 0.3567 0.0692
17 0.1160 0.0977 0.2698 0.4810 0.0354
18 0.1823 0.0991 0.4956 0.1072 0.1159
19 0.1625 0.1600 0.2898 0.3132 0.0744
20 0.1332 0.2129 0.2412 0.3401 0.0724
21 0.1515 0.2402 0.0705 0.2292 0.3086
22 0.1804 0.2688 0.0820 0.1761 0.2927
23 0.3767 0.2715 0.0295 0.2322 0.0902
24 0.4014 0.2800 0.0312 0.2034 0.0841
25 0.2355 0.2283 0.0833 0.2546 0.1984
26 0.1379 0.1857 0.0553 0.3899 0.2311
27 0.1154 0.3186 0.1067 0.3782 0.0812
28 0.3352 0.3567 0.0340 0.1195 0.1547
29 0.3323 0.3347 0.0147 0.1005 0.2179
30 0.2727 0.1460 0.2426 0.1437 0.1949
31 0.2578 0.1190 0.0751 0.5210 0.0270
32 0.3137 0.2622 0.0972 0.2769 0.0500
33 0.0871 0.2444 0.2106 0.4124 0.0456
34 0.0935 0.5684 0.0097 0.3237 0.0049
35 0.1486 0.6060 0.0393 0.0840 0.1221
36 0.1273 0.3713 0.0454 0.0903 0.3657
37 0.0814 0.3792 0.0550 0.1394 0.3452
38 0.2074 0.2642 0.0333 0.2600 0.2350
39 0.1869 0.4082 0.0317 0.1598 0.2134
40 0.1687 0.1466 0.0556 0.5796 0.0495
41 0.0536 0.1295 0.0056 0.0116 0.7998
42 0.0834 0.4072 0.0147 0.0874 0.4072
43 0.0595 0.0586 0.0101 0.2112 0.6606
44 0.0695 0.0950 0.0516 0.6392 0.1448
45 0.0324 0.7319 0.0334 0.1880 0.0142
46 0.0771 0.3799 0.0703 0.0748 0.3979
47 0.0828 0.2673 0.0655 0.3950 0.1895
48 0.0599 0.1530 0.0533 0.3784 0.3555
49 0.2091 0.1085 0.0723 0.0928 0.5176
50 0.3889 0.2822 0.0454 0.0635 0.2198
51 0.2639 0.3335 0.1017 0.1552 0.1458
52 0.2040 0.1144 0.0067 0.0061 0.6689
53 0.3140 0.1654 0.0089 0.0141 0.4978
54 0.0362 0.0204 0.0090 0.3596 0.5747
55 0.0472 0.0296 0.0152 0.4080 0.5000
56 0.4358 0.1155 0.0658 0.2561 0.1268
57 0.4043 0.0975 0.0708 0.3098 0.1176
58 0.2195 0.4573 0.0314 0.2264 0.0654
59 0.1641 0.1719 0.2878 0.2925 0.0838
60 0.1376 0.1213 0.1821 0.5439 0.0151
61 0.1044 0.6445 0.1438 0.0599 0.0474
62 0.2571 0.3655 0.0583 0.2695 0.0495
63 0.0121 0.8887 0.0644 0.0115 0.0233
64 0.0500 0.6685 0.0652 0.1716 0.0448
65 0.1564 0.1718 0.0824 0.2832 0.3062
66 0.1198 0.1337 0.0743 0.4519 0.2203
67 0.5366 0.0883 0.0253 0.0245 0.3254
68 0.4795 0.0846 0.0231 0.0216 0.3914
69 0.0600 0.7192 0.0302 0.1289 0.0619
70 0.0316 0.0216 0.0609 0.0639 0.8218
71 0.0452 0.0331 0.0980 0.0412 0.7827
72 0.0884 0.5010 0.3782 0.0117 0.0208
73 0.1187 0.3435 0.4275 0.0385 0.0720
74 0.0491 0.7109 0.0401 0.0726 0.1274
75 0.0915 0.3911 0.1763 0.3047 0.0364
76 0.1990 0.1456 0.1625 0.3604 0.1326
77 0.2175 0.1382 0.0995 0.5381 0.0064
78 0.2025 0.0536 0.1627 0.2367 0.3445
79 0.0440 0.6675 0.1124 0.1537 0.0223
80 0.2374 0.1879 0.2162 0.2231 0.1354
81 0.2285 0.1195 0.2233 0.1738 0.2549
82 0.1552 0.0421 0.0389 0.1002 0.6636
83 0.1520 0.6396 0.0517 0.0826 0.0740
84 0.0808 0.1140 0.1194 0.2489 0.4368
85 0.1068 0.0958 0.0900 0.3042 0.4031
86 0.1538 0.3521 0.1198 0.1975 0.1770
87 0.0278 0.0399 0.0580 0.1678 0.7065
88 0.0381 0.0301 0.0375 0.1289 0.7651
89 0.0859 0.2029 0.1708 0.3142 0.2263
90 0.0285 0.7017 0.2140 0.0146 0.0415
91 0.0882 0.8237 0.0666 0.0128 0.0085
92 0.3621 0.3350 0.1232 0.1122 0.0675
93 0.2240 0.2311 0.0864 0.4058 0.0528
94 0.1054 0.0916 0.0713 0.6455 0.0860
95 0.0829 0.0984 0.0731 0.6724 0.0731
96 0.0340 0.5928 0.1896 0.1595 0.0239
97 0.1946 0.1237 0.3062 0.2969 0.0786
98 0.1866 0.0362 0.0754 0.3127 0.3892
99 0.1768 0.1912 0.2269 0.2416 0.1635
100 0.2461 0.1829 0.3525 0.0466 0.1719
101 0.3242 0.4792 0.0795 0.0182 0.0989
102 0.4250 0.3208 0.0792 0.0411 0.1338
103 0.0839 0.5059 0.0546 0.3369 0.0189
104 0.1514 0.3230 0.0131 0.2988 0.2135
105 0.0493 0.4607 0.0215 0.2544 0.2142
106 0.1432 0.7388 0.0417 0.0616 0.0147
107 0.1904 0.3066 0.0485 0.3999 0.0545
108 0.1008 0.3203 0.0561 0.4377 0.0849
109 0.0656 0.3547 0.1549 0.2290 0.1958
110 0.0891 0.6528 0.0310 0.1842 0.0427
111 0.0466 0.9209 0.0098 0.0094 0.0132
112 0.2839 0.3533 0.2211 0.1351 0.0065
113 0.2356 0.2430 0.3535 0.1078 0.0600
114 0.6997 0.0414 0.0116 0.2004 0.0469
115 0.1648 0.0760 0.3030 0.4077 0.0483
116 0.1340 0.2428 0.1028 0.5059 0.0144
117 0.2449 0.5737 0.1078 0.0546 0.0190
118 0.0374 0.0424 0.0266 0.0927 0.8008
119 0.1224 0.1621 0.0373 0.2510 0.4270
120 0.1412 0.1390 0.0280 0.6738 0.0180
121 0.1388 0.2676 0.0368 0.5488 0.0081
122 0.0568 0.3943 0.1078 0.4329 0.0082
123 0.1566 0.4641 0.1340 0.1350 0.1102
124 0.3130 0.2939 0.0444 0.2676 0.0810
125 0.1528 0.3694 0.1528 0.2969 0.0280
126 0.3469 0.4387 0.0878 0.1026 0.0240
127 0.1993 0.3752 0.1731 0.2104 0.0418
128 0.3528 0.0775 0.1339 0.3696 0.0663
129 0.5376 0.2788 0.1414 0.0249 0.0172
130 0.2437 0.1478 0.0726 0.5239 0.0121
131 0.5576 0.1345 0.0221 0.1160 0.1700
132 0.5078 0.1769 0.0340 0.1797 0.1016
133 0.3984 0.2612 0.0809 0.2035 0.0556
134 0.3030 0.1196 0.1714 0.3921 0.0138
135 0.3772 0.0992 0.1089 0.3892 0.0253
136 0.1833 0.2585 0.2627 0.2585 0.0370
137 0.0969 0.3770 0.2473 0.2590 0.0197
138 0.0374 0.0787 0.0428 0.7822 0.0589
139 0.0587 0.1204 0.1071 0.6875 0.0260
140 0.1799 0.4216 0.0368 0.3232 0.0383
141 0.1567 0.5513 0.0256 0.2408 0.0254
142 0.6338 0.2520 0.0428 0.0711 0.0004
143 0.4458 0.4253 0.0448 0.0837 0.0002
144 0.5884 0.1766 0.0188 0.2130 0.0033
145 0.7183 0.1565 0.0177 0.1051 0.0024
146 0.0845 0.1964 0.0181 0.6592 0.0418
147 0.2686 0.1554 0.0618 0.1667 0.3474
148 0.1357 0.1959 0.0575 0.1929 0.4180
149 0.0620 0.1738 0.0245 0.1608 0.5791
150 0.1508 0.0272 0.1270 0.6753 0.0196
151 0.1829 0.0805 0.4744 0.2423 0.0200
152 0.0522 0.0874 0.2866 0.5439 0.0297
153 0.1803 0.1860 0.4128 0.1949 0.0258
154 0.0986 0.0392 0.2256 0.6230 0.0139
155 0.2417 0.0293 0.2271 0.4587 0.0433
156 0.2280 0.0235 0.1340 0.4827 0.1320
157 0.1263 0.1388 0.0269 0.1675 0.5405
158 0.1404 0.0920 0.3066 0.3018 0.1591
159 0.2856 0.3186 0.1267 0.2444 0.0246
160 0.1494 0.2278 0.4126 0.1339 0.0763
161 0.0958 0.3562 0.1508 0.3562 0.0412
162 0.1914 0.0704 0.2203 0.3108 0.2070
163 0.1492 0.2422 0.0627 0.4668 0.0792
164 0.1670 0.1892 0.0718 0.2014 0.3706
165 0.0947 0.6226 0.0307 0.1990 0.0531
166 0.0608 0.6958 0.0266 0.1050 0.1118
167 0.0594 0.5723 0.0684 0.2500 0.0500
168 0.0519 0.5283 0.0761 0.3154 0.0282
169 0.0822 0.2251 0.0295 0.6021 0.0610
170 0.0851 0.2465 0.1747 0.2927 0.2010
171 0.1044 0.1831 0.3699 0.2244 0.1182
172 0.1007 0.2166 0.3984 0.1941 0.0903
173 0.1195 0.3274 0.2050 0.1808 0.1672
174 0.4055 0.1992 0.1469 0.1002 0.1481
175 0.0701 0.2524 0.1373 0.2159 0.3242
176 0.3064 0.1517 0.2140 0.3162 0.0115
177 0.2113 0.2888 0.1646 0.2432 0.0923
178 0.1222 0.6924 0.1130 0.0615 0.0108
179 0.0249 0.8569 0.0748 0.0410 0.0025
180 0.0792 0.5005 0.2556 0.1411 0.0240
181 0.0205 0.0107 0.0075 0.9585 0.0027
182 0.0316 0.0194 0.0089 0.9365 0.0035
183 0.0159 0.0096 0.0095 0.9619 0.0033
184 0.0179 0.0074 0.0067 0.9644 0.0038
185 0.0266 0.0086 0.0093 0.9512 0.0043
186 0.0291 0.0071 0.0098 0.9492 0.0048
187 0.0247 0.0056 0.0083 0.9570 0.0043
188 0.0282 0.0062 0.0118 0.9487 0.0049
189 0.0263 0.0067 0.0151 0.9424 0.0095
190 0.1031 0.2115 0.1047 0.5488 0.0317
