time exciting_prob fearful_prob tense_prob sad_prob relaxing_prob
0 0.2037 0.2830 0.2496 0.2310 0.0327
1 0.1193 0.0321 0.0609 0.7783 0.0093
2 0.1207 0.0143 0.0519 0.7993 0.0138
3 0.2252 0.0144 0.0417 0.7046 0.0141
4 0.0696 0.0061 0.0148 0.9033 0.0061
5 0.2795 0.0501 0.1165 0.5303 0.0233
6 0.3108 0.1001 0.0750 0.4485 0.0656
7 0.2830 0.0499 0.0458 0.5713 0.0499
8 0.2357 0.0464 0.0450 0.6309 0.0419
9 0.1891 0.0546 0.1202 0.5386 0.0974
10 0.1078 0.0126 0.0577 0.7139 0.1078
11 0.1416 0.0226 0.0585 0.6968 0.0806
12 0.4756 0.2411 0.1473 0.0944 0.0416
13 0.3850 0.0435 0.1270 0.4165 0.0279
14 0.5249 0.0244 0.0504 0.3362 0.0641
15 0.0646 0.0211 0.1549 0.7280 0.0315
16 0.7251 0.0425 0.0378 0.0685 0.1260
17 0.4875 0.0277 0.2231 0.2064 0.0551
18 0.2191 0.0227 0.1733 0.5259 0.0590
19 0.3560 0.0264 0.1299 0.3560 0.1320
20 0.1804 0.0839 0.2883 0.2751 0.1721
21 0.2355 0.1984 0.1569 0.3647 0.0446
22 0.2205 0.2039 0.2274 0.2744 0.0739
23 0.1516 0.0455 0.2539 0.3997 0.1493
24 0.4814 0.0727 0.2346 0.1564 0.0549
25 0.9248 0.0039 0.0108 0.0164 0.0439
26 0.8745 0.0025 0.0110 0.0334 0.0788
27 0.9355 0.0016 0.0049 0.0058 0.0520
28 0.8999 0.0017 0.0051 0.0204 0.0728
29 0.8794 0.0033 0.0139 0.0389 0.0647
30 0.6934 0.0101 0.0703 0.1672 0.0592
31 0.1970 0.0888 0.3005 0.4043 0.0094
32 0.2295 0.0594 0.0113 0.6851 0.0146
33 0.0639 0.0196 0.0069 0.9028 0.0067
34 0.1503 0.0404 0.0093 0.7935 0.0065
35 0.2935 0.1476 0.0510 0.4875 0.0204
36 0.3049 0.1006 0.2129 0.3679 0.0136
37 0.2319 0.1223 0.4436 0.1807 0.0216
38 0.2266 0.0696 0.3735 0.2954 0.0350
39 0.3345 0.0826 0.4717 0.0746 0.0364
40 0.3186 0.1248 0.3784 0.1084 0.0700
41 0.1097 0.0156 0.3713 0.4844 0.0191
42 0.0746 0.0258 0.1591 0.7358 0.0049
43 0.0843 0.0143 0.1266 0.7632 0.0115
44 0.1882 0.1714 0.3518 0.2494 0.0392
45 0.0931 0.0592 0.7676 0.0754 0.0046
46 0.0677 0.0792 0.1663 0.2021 0.4849
47 0.1440 0.1046 0.2357 0.5068 0.0089
48 0.1426 0.1093 0.4094 0.3237 0.0150
49 0.2322 0.0307 0.0655 0.6514 0.0203
50 0.2253 0.0527 0.1098 0.6030 0.0090
51 0.2279 0.0219 0.1427 0.5957 0.0116
52 0.1266 0.0448 0.3208 0.4524 0.0553
53 0.0735 0.0464 0.2126 0.6152 0.0521
54 0.4785 0.1060 0.1542 0.2463 0.0151
55 0.2026 0.4636 0.0459 0.2581 0.0296
56 0.0491 0.0984 0.3716 0.4482 0.0327
57 0.0701 0.1221 0.3701 0.4033 0.0342
58 0.4424 0.0266 0.0906 0.4321 0.0084
59 0.3979 0.1453 0.2339 0.2146 0.0084
60 0.0453 0.1021 0.5923 0.2432 0.0171
61 0.0100 0.0230 0.0596 0.8105 0.0968
62 0.0955 0.1009 0.5991 0.1945 0.0100
63 0.4404 0.0208 0.0208 0.4990 0.0189
64 0.5957 0.0550 0.1448 0.1127 0.0920
65 0.0867 0.1646 0.0894 0.6406 0.0188
66 0.4622 0.2891 0.1215 0.0547 0.0726
67 0.0746 0.0734 0.4641 0.3728 0.0150
68 0.1842 0.1208 0.1306 0.5244 0.0398
69 0.3054 0.1635 0.1254 0.3684 0.0376
70 0.3745 0.1188 0.1133 0.3630 0.0303
71 0.4639 0.1426 0.0964 0.2058 0.0913
72 0.0725 0.2114 0.1986 0.4338 0.0834
73 0.0371 0.0523 0.0602 0.8438 0.0069
74 0.1494 0.0942 0.1371 0.5552 0.0643
75 0.1333 0.1583 0.2491 0.4512 0.0081
76 0.0788 0.2371 0.0782 0.5596 0.0463
77 0.0470 0.2157 0.2242 0.4976 0.0155
78 0.0514 0.0687 0.0606 0.6411 0.1781
79 0.1854 0.0579 0.0398 0.0992 0.6177
80 0.1844 0.0338 0.0251 0.0215 0.7349
81 0.2832 0.0891 0.0292 0.0775 0.5210
82 0.3938 0.1201 0.0422 0.3066 0.1372
83 0.1434 0.2347 0.0558 0.4741 0.0919
84 0.2329 0.1247 0.0891 0.2832 0.2703
85 0.0632 0.0194 0.0141 0.1401 0.7632
86 0.1478 0.1537 0.0523 0.1840 0.4624
87 0.1041 0.1626 0.2766 0.3750 0.0817
88 0.2354 0.1847 0.1211 0.3818 0.0770
89 0.3049 0.0847 0.0718 0.5269 0.0119
90 0.2269 0.0356 0.0547 0.6670 0.0159
91 0.2250 0.0340 0.0881 0.6113 0.0416
92 0.3655 0.0681 0.0436 0.4514 0.0714
93 0.2271 0.0682 0.0621 0.5938 0.0491
94 0.2371 0.0659 0.0453 0.5776 0.0740
95 0.1385 0.0130 0.0413 0.7910 0.0163
96 0.2090 0.0145 0.0493 0.7124 0.0147
97 0.1979 0.0837 0.0920 0.6001 0.0266
98 0.3718 0.0303 0.0743 0.5000 0.0234
99 0.4397 0.0634 0.1174 0.3589 0.0206
100 0.2588 0.0348 0.0475 0.5879 0.0713
101 0.2666 0.0654 0.1763 0.3850 0.1069
102 0.5571 0.2532 0.0569 0.1047 0.0282
103 0.3481 0.2488 0.1395 0.2338 0.0297
104 0.4041 0.2671 0.0975 0.2096 0.0218
105 0.2869 0.2034 0.0650 0.4272 0.0175
106 0.3757 0.1875 0.2407 0.1427 0.0533
107 0.3323 0.2864 0.1251 0.1429 0.1131
108 0.0648 0.1310 0.5513 0.2448 0.0079
109 0.1697 0.2063 0.1820 0.3245 0.1176
110 0.1854 0.1550 0.1538 0.3521 0.1538
111 0.0670 0.2114 0.2844 0.4336 0.0034
112 0.3350 0.3271 0.1194 0.1646 0.0538
113 0.1914 0.4150 0.0856 0.2458 0.0622
114 0.3660 0.0904 0.0651 0.4180 0.0607
115 0.1989 0.0579 0.0476 0.5537 0.1421
116 0.2034 0.0924 0.0592 0.5977 0.0472
117 0.0244 0.0774 0.0632 0.7817 0.0532
118 0.1466 0.1825 0.2380 0.3574 0.0755
119 0.1038 0.3826 0.1752 0.3271 0.0112
120 0.0594 0.3110 0.1492 0.4741 0.0062
121 0.0779 0.1990 0.1433 0.5757 0.0040
122 0.2837 0.1260 0.0788 0.4980 0.0134
123 0.2266 0.1792 0.2864 0.2864 0.0216
124 0.1735 0.1086 0.3789 0.2371 0.1020
125 0.0804 0.1049 0.4150 0.3899 0.0097
126 0.1265 0.2457 0.2698 0.3518 0.0061
127 0.0914 0.2042 0.3115 0.3877 0.0054
128 0.1086 0.2605 0.1450 0.1567 0.3293
129 0.1857 0.0338 0.1017 0.6479 0.0308
130 0.1934 0.0658 0.1919 0.4639 0.0851
131 0.2161 0.0702 0.0880 0.5391 0.0866
132 0.1560 0.1853 0.0760 0.5444 0.0382
133 0.4939 0.0826 0.0723 0.3115 0.0396
134 0.1748 0.0643 0.0813 0.6597 0.0199
135 0.2727 0.0643 0.1102 0.5020 0.0509
136 0.2433 0.0569 0.0436 0.6118 0.0446
137 0.1455 0.1782 0.1432 0.3955 0.1377
138 0.0578 0.1672 0.1780 0.5571 0.0400
139 0.0880 0.1556 0.1212 0.6060 0.0292
140 0.1343 0.2250 0.1140 0.4915 0.0353
141 0.0045 0.0472 0.0417 0.9053 0.0011
142 0.0026 0.0387 0.0210 0.9375 0.0004
143 0.0071 0.0836 0.0234 0.8853 0.0009
144 0.0049 0.0840 0.0203 0.8896 0.0010
145 0.0131 0.0938 0.0397 0.8491 0.0043
146 0.0166 0.0625 0.0329 0.8760 0.0118
147 0.4287 0.0360 0.2172 0.0739 0.2443
148 0.4766 0.0314 0.1699 0.0841 0.2378
149 0.4819 0.0262 0.1746 0.1257 0.1917
150 0.5498 0.0282 0.1886 0.0963 0.1368
151 0.5229 0.0260 0.1582 0.1407 0.1522
152 0.4204 0.1672 0.2452 0.1132 0.0539
153 0.3354 0.1187 0.2695 0.1781 0.0984
154 0.4182 0.1025 0.2188 0.1359 0.1246
155 0.4089 0.0920 0.3015 0.0775 0.1199
156 0.2115 0.0709 0.3831 0.2288 0.1056
157 0.2217 0.0848 0.2083 0.3772 0.1080
158 0.1650 0.0548 0.5898 0.1730 0.0175
159 0.0676 0.0931 0.6509 0.1823 0.0061
160 0.3201 0.0784 0.1107 0.4241 0.0666
161 0.2119 0.0511 0.1265 0.5757 0.0346
162 0.0898 0.0972 0.4600 0.2878 0.0652
163 0.0690 0.0794 0.2644 0.5776 0.0093
164 0.1221 0.1605 0.4006 0.3071 0.0096
165 0.3806 0.0327 0.2495 0.3230 0.0143
166 0.1155 0.1060 0.6807 0.0893 0.0086
167 0.2639 0.0424 0.2257 0.4216 0.0466
168 0.2427 0.0851 0.2859 0.3420 0.0442
169 0.1663 0.1433 0.2102 0.4180 0.0621
170 0.0605 0.1893 0.2413 0.4233 0.0854
171 0.0470 0.0956 0.3723 0.4153 0.0699
172 0.0326 0.1630 0.2485 0.5181 0.0381
173 0.1354 0.0319 0.0847 0.6982 0.0498
174 0.3625 0.0565 0.0535 0.4839 0.0436
175 0.1405 0.0599 0.0685 0.6914 0.0396
176 0.0668 0.0485 0.3784 0.4785 0.0278
177 0.5356 0.0861 0.0464 0.2571 0.0748
178 0.2634 0.0503 0.0507 0.5845 0.0511
179 0.3411 0.0420 0.0570 0.5283 0.0317
180 0.2268 0.1322 0.4653 0.1071 0.0686
181 0.0476 0.2961 0.2739 0.3518 0.0305
182 0.2406 0.2996 0.2351 0.2042 0.0205
183 0.2595 0.2308 0.1326 0.3359 0.0411
184 0.3689 0.0829 0.1929 0.3281 0.0271
185 0.5073 0.2673 0.1302 0.0797 0.0157
186 0.3337 0.1553 0.2747 0.2189 0.0174
187 0.0859 0.0988 0.1681 0.6152 0.0321
188 0.0229 0.2172 0.4187 0.3110 0.0301
189 0.0209 0.0966 0.1028 0.7598 0.0201
190 0.0804 0.1411 0.5083 0.2185 0.0519
191 0.1199 0.2240 0.4595 0.1368 0.0598
192 0.2260 0.0838 0.1653 0.4155 0.1093
193 0.1959 0.0536 0.0726 0.5801 0.0977
194 0.1968 0.1440 0.3245 0.3120 0.0226
195 0.2874 0.0607 0.1065 0.5200 0.0253
196 0.4717 0.1103 0.1138 0.2773 0.0268
197 0.1226 0.0488 0.0410 0.7510 0.0368
198 0.1843 0.0711 0.0603 0.6538 0.0306
199 0.1124 0.0430 0.0760 0.7441 0.0243
200 0.0991 0.0154 0.0592 0.8047 0.0218
201 0.0995 0.0652 0.2727 0.5093 0.0533
202 0.0942 0.0964 0.6191 0.1448 0.0452
203 0.0775 0.0617 0.6958 0.1403 0.0249
204 0.0801 0.0930 0.4197 0.3452 0.0619
205 0.0581 0.1554 0.4326 0.3215 0.0326
206 0.0690 0.1130 0.5967 0.1736 0.0478
207 0.0707 0.0846 0.5186 0.1952 0.1311
208 0.0905 0.2008 0.5049 0.1296 0.0745
209 0.0464 0.1149 0.5190 0.2913 0.0282
210 0.0514 0.0894 0.7725 0.0730 0.0138
211 0.0373 0.0461 0.3918 0.4875 0.0373
212 0.0336 0.0746 0.8018 0.0723 0.0180
213 0.0262 0.0853 0.6763 0.1907 0.0216
214 0.0227 0.0698 0.7280 0.1575 0.0222
215 0.1309 0.1449 0.1949 0.4827 0.0467
216 0.2275 0.0428 0.1576 0.5249 0.0473
217 0.1600 0.0598 0.1550 0.5542 0.0710
218 0.1248 0.0128 0.0481 0.7822 0.0320
219 0.1219 0.0188 0.0516 0.7827 0.0251
220 0.2212 0.0449 0.0347 0.6299 0.0690
221 0.1066 0.0856 0.1813 0.5942 0.0323
222 0.1277 0.0492 0.3638 0.4458 0.0135
223 0.0243 0.0150 0.1442 0.4653 0.3513
224 0.0338 0.0869 0.3333 0.2986 0.2476
225 0.0690 0.0628 0.3093 0.4033 0.1555
226 0.1815 0.1229 0.3667 0.3088 0.0199
227 0.0775 0.0448 0.6382 0.2349 0.0047
228 0.0959 0.0353 0.2820 0.5605 0.0262
229 0.0403 0.2146 0.2267 0.4951 0.0233
230 0.0631 0.2255 0.6421 0.0536 0.0156
231 0.1488 0.0356 0.3982 0.3198 0.0976
232 0.2223 0.0683 0.4634 0.1744 0.0716
233 0.0891 0.0445 0.7461 0.0870 0.0333
234 0.1378 0.0570 0.5161 0.2184 0.0709
235 0.2119 0.0636 0.4849 0.2021 0.0374
236 0.2527 0.0691 0.4436 0.1820 0.0526
237 0.1182 0.2407 0.1483 0.4094 0.0832
238 0.0296 0.2827 0.4626 0.2202 0.0049
239 0.1851 0.2957 0.2250 0.2778 0.0167
240 0.2522 0.1448 0.3064 0.2424 0.0541
241 0.3123 0.1282 0.2629 0.2302 0.0665
242 0.1346 0.0447 0.2053 0.5942 0.0211
243 0.3730 0.1027 0.2505 0.2297 0.0442
244 0.0894 0.0345 0.5063 0.3589 0.0110
245 0.0954 0.1754 0.4844 0.2218 0.0228
246 0.1140 0.2285 0.2097 0.4106 0.0373
247 0.2556 0.0255 0.0421 0.6626 0.0141
248 0.1709 0.0206 0.0432 0.7310 0.0345
249 0.2396 0.0416 0.0714 0.6216 0.0258
250 0.2688 0.0509 0.0475 0.6060 0.0270
251 0.1990 0.0561 0.0374 0.6626 0.0451
252 0.2012 0.0290 0.0586 0.6494 0.0618
253 0.2155 0.0637 0.0598 0.5996 0.0612
254 0.1427 0.0339 0.0533 0.6919 0.0782
255 0.3989 0.0178 0.0236 0.4924 0.0672
256 0.3494 0.0365 0.0371 0.5327 0.0444
257 0.1104 0.1670 0.0605 0.6304 0.0316
258 0.0403 0.0723 0.0344 0.8477 0.0054
259 0.2979 0.0223 0.0795 0.5396 0.0610
260 0.2092 0.0399 0.0865 0.5601 0.1044
261 0.2272 0.0797 0.3745 0.3057 0.0129
262 0.1011 0.1471 0.1318 0.6099 0.0102
263 0.1046 0.1071 0.6069 0.1738 0.0076
264 0.0465 0.0785 0.3987 0.4734 0.0031
265 0.0807 0.0581 0.4905 0.3589 0.0118
266 0.0788 0.0442 0.4905 0.3674 0.0192
267 0.0544 0.0565 0.2035 0.6567 0.0286
268 0.1218 0.0934 0.2578 0.4895 0.0374
269 0.2698 0.1198 0.1959 0.3547 0.0598
270 0.0941 0.0562 0.1758 0.6528 0.0210
271 0.0743 0.0698 0.3179 0.5078 0.0300
272 0.2296 0.3042 0.0690 0.2141 0.1831
273 0.0548 0.0948 0.3928 0.4116 0.0458
274 0.1029 0.2627 0.0997 0.4910 0.0436
275 0.1719 0.1541 0.0763 0.5723 0.0253
276 0.1517 0.2791 0.2664 0.2581 0.0449
277 0.1127 0.2329 0.1392 0.5010 0.0143
278 0.2515 0.0947 0.0553 0.5713 0.0271
279 0.1663 0.0636 0.2020 0.5239 0.0440
280 0.0692 0.1740 0.1097 0.6167 0.0307
281 0.0815 0.1344 0.1510 0.5654 0.0676
282 0.3457 0.3430 0.1322 0.1194 0.0596
283 0.2125 0.2708 0.1543 0.3167 0.0456
284 0.0285 0.2245 0.0509 0.6914 0.0048
285 0.0471 0.1708 0.0486 0.7192 0.0145
286 0.1746 0.2424 0.3210 0.2106 0.0512
287 0.3184 0.1962 0.3110 0.1247 0.0496
288 0.1193 0.1555 0.3789 0.3191 0.0272
289 0.0965 0.0668 0.0776 0.7134 0.0460
290 0.2123 0.1003 0.1774 0.4973 0.0128
291 0.1713 0.0676 0.1097 0.3982 0.2532
292 0.0495 0.7622 0.1432 0.0430 0.0024
293 0.0461 0.6836 0.1958 0.0732 0.0014
294 0.7705 0.0283 0.0668 0.1093 0.0250
295 0.8506 0.0120 0.0315 0.0849 0.0208
296 0.8779 0.0079 0.0146 0.0715 0.0282
297 0.8369 0.0067 0.0234 0.1097 0.0234
298 0.8223 0.0244 0.0327 0.0498 0.0707
299 0.7974 0.0131 0.0388 0.0660 0.0847
300 0.1743 0.2917 0.2496 0.2496 0.0346
