time exciting_prob fearful_prob tense_prob sad_prob relaxing_prob
0 0.1655 0.2159 0.1936 0.3789 0.0460
1 0.6689 0.1962 0.0632 0.0278 0.0438
2 0.7354 0.1505 0.0264 0.0073 0.0806
3 0.6821 0.1821 0.0295 0.0101 0.0960
4 0.6914 0.1860 0.0246 0.0073 0.0907
5 0.6821 0.1522 0.0367 0.0284 0.1006
6 0.7329 0.1560 0.0300 0.0113 0.0698
7 0.5757 0.2477 0.0933 0.0346 0.0488
8 0.1954 0.2358 0.2549 0.3076 0.0062
9 0.1844 0.4424 0.2368 0.1307 0.0054
10 0.2285 0.1223 0.3948 0.2510 0.0032
11 0.3901 0.1917 0.3667 0.0473 0.0041
12 0.1364 0.4072 0.3271 0.1272 0.0020
13 0.1189 0.2700 0.5625 0.0448 0.0037
14 0.0950 0.5640 0.3066 0.0316 0.0026
15 0.1505 0.2190 0.4709 0.1577 0.0019
16 0.1879 0.0937 0.5269 0.1893 0.0023
17 0.1248 0.1993 0.3782 0.2947 0.0031
18 0.1039 0.1254 0.4729 0.2869 0.0109
19 0.0829 0.1187 0.4275 0.3599 0.0110
20 0.1099 0.0804 0.6323 0.1649 0.0124
21 0.2355 0.1763 0.4868 0.0944 0.0070
22 0.1902 0.1962 0.4421 0.1639 0.0076
23 0.0936 0.1803 0.3167 0.4001 0.0094
24 0.1104 0.1835 0.2507 0.4470 0.0082
25 0.1770 0.0993 0.5044 0.2037 0.0156
26 0.0641 0.1444 0.6084 0.1742 0.0090
27 0.1072 0.3103 0.5034 0.0772 0.0019
28 0.0807 0.2076 0.4753 0.2354 0.0009
29 0.0973 0.4031 0.3557 0.1350 0.0088
30 0.0797 0.1769 0.6885 0.0527 0.0021
31 0.0583 0.1254 0.7925 0.0230 0.0008
32 0.0767 0.1675 0.4412 0.3127 0.0020
33 0.0471 0.2798 0.4912 0.1807 0.0013
34 0.0448 0.3037 0.4634 0.1871 0.0009
35 0.1102 0.1155 0.3447 0.4224 0.0070
36 0.0845 0.1996 0.4292 0.2815 0.0055
37 0.0115 0.1632 0.6455 0.1792 0.0007
38 0.0273 0.2411 0.6655 0.0649 0.0011
39 0.0282 0.1158 0.5977 0.2571 0.0014
40 0.3030 0.3176 0.2676 0.1081 0.0038
41 0.1949 0.3423 0.3757 0.0832 0.0038
42 0.2360 0.2673 0.2803 0.2114 0.0051
43 0.3005 0.3740 0.2416 0.0815 0.0022
44 0.0573 0.4832 0.2546 0.2014 0.0036
45 0.0455 0.2810 0.1992 0.4631 0.0112
46 0.1567 0.1112 0.3118 0.3943 0.0260
47 0.0505 0.1617 0.5474 0.2300 0.0105
48 0.0670 0.1835 0.4988 0.2412 0.0094
49 0.0262 0.4421 0.4219 0.1075 0.0021
50 0.2056 0.3086 0.1652 0.2991 0.0215
51 0.1661 0.2101 0.3105 0.2964 0.0170
52 0.2040 0.2639 0.2766 0.2275 0.0280
53 0.1074 0.0947 0.2037 0.5625 0.0317
54 0.2037 0.1637 0.2135 0.3464 0.0726
55 0.0760 0.2472 0.5073 0.1647 0.0048
56 0.0498 0.2113 0.3708 0.3540 0.0139
57 0.0345 0.2532 0.1971 0.5034 0.0118
58 0.3325 0.3074 0.1429 0.2113 0.0058
59 0.2913 0.4373 0.1168 0.1487 0.0061
60 0.0743 0.2964 0.2742 0.3254 0.0296
61 0.0354 0.5005 0.2598 0.1991 0.0051
62 0.1714 0.0797 0.3008 0.4241 0.0239
63 0.1682 0.0425 0.3242 0.4097 0.0555
64 0.0897 0.1049 0.3083 0.4927 0.0044
65 0.0818 0.1153 0.1931 0.5947 0.0151
66 0.1569 0.2883 0.4905 0.0586 0.0056
67 0.1044 0.2043 0.2175 0.4534 0.0204
68 0.1270 0.2029 0.4717 0.1936 0.0048
69 0.0377 0.3413 0.4888 0.1295 0.0028
70 0.0399 0.1067 0.2367 0.5591 0.0580
71 0.0975 0.1177 0.3682 0.3857 0.0309
72 0.0870 0.1625 0.3896 0.3386 0.0223
73 0.1263 0.1868 0.2761 0.3953 0.0154
74 0.1733 0.1415 0.2727 0.3906 0.0220
75 0.0526 0.3767 0.3538 0.2146 0.0024
76 0.0729 0.2212 0.4683 0.2355 0.0023
77 0.0595 0.1240 0.5220 0.2927 0.0021
78 0.0629 0.1375 0.5024 0.2910 0.0060
79 0.1179 0.1742 0.5713 0.1315 0.0050
80 0.0940 0.1812 0.5410 0.1812 0.0028
81 0.1820 0.1533 0.3677 0.2910 0.0060
82 0.1401 0.1161 0.2169 0.4814 0.0455
83 0.0770 0.1531 0.2028 0.5513 0.0161
84 0.0520 0.0956 0.3086 0.5332 0.0105
85 0.1033 0.0844 0.5674 0.2292 0.0157
86 0.0629 0.2375 0.5029 0.1938 0.0027
87 0.1328 0.4028 0.3088 0.1436 0.0121
88 0.0562 0.1843 0.2639 0.4856 0.0098
89 0.0859 0.1818 0.2125 0.5098 0.0102
90 0.1295 0.2917 0.2069 0.2964 0.0755
91 0.1048 0.0743 0.4146 0.3833 0.0230
92 0.2104 0.0441 0.3635 0.3694 0.0125
93 0.2001 0.0605 0.3796 0.3457 0.0138
94 0.2744 0.0856 0.4185 0.2153 0.0063
95 0.4019 0.1151 0.0767 0.3774 0.0289
96 0.2240 0.0844 0.2072 0.4780 0.0064
97 0.1427 0.1580 0.2428 0.4329 0.0237
98 0.3196 0.0224 0.0262 0.4724 0.1594
99 0.2004 0.0182 0.0911 0.6470 0.0430
100 0.1399 0.0574 0.2573 0.5278 0.0175
101 0.0719 0.0494 0.2712 0.6021 0.0056
102 0.2180 0.0916 0.1282 0.5273 0.0350
103 0.1281 0.0250 0.0887 0.7368 0.0212
104 0.1255 0.1074 0.0919 0.6274 0.0476
105 0.3894 0.0829 0.2399 0.2134 0.0743
106 0.0833 0.0542 0.2524 0.5776 0.0323
107 0.2849 0.0761 0.2134 0.4019 0.0238
108 0.2637 0.0767 0.0451 0.5669 0.0476
109 0.1687 0.1421 0.3921 0.2654 0.0317
110 0.4888 0.0985 0.2678 0.0856 0.0593
111 0.3547 0.0756 0.3306 0.1389 0.1001
112 0.1257 0.0229 0.3162 0.5132 0.0220
113 0.4839 0.0868 0.0828 0.3198 0.0267
114 0.3281 0.1575 0.1490 0.2896 0.0756
115 0.1462 0.0915 0.3096 0.4038 0.0490
116 0.5273 0.0714 0.1429 0.1895 0.0692
117 0.3711 0.0742 0.1609 0.2695 0.1243
118 0.3857 0.0439 0.1558 0.3298 0.0847
119 0.1896 0.1465 0.1177 0.5151 0.0312
120 0.1317 0.1470 0.1746 0.4895 0.0571
121 0.1792 0.0860 0.0952 0.5786 0.0610
122 0.2473 0.2286 0.1334 0.2983 0.0924
123 0.0697 0.1088 0.2302 0.5786 0.0125
124 0.1716 0.0532 0.2170 0.5371 0.0211
125 0.2001 0.0645 0.4302 0.2866 0.0189
126 0.5615 0.2131 0.1030 0.1097 0.0127
127 0.4268 0.3350 0.1453 0.0828 0.0103
128 0.1538 0.0515 0.0476 0.7397 0.0074
129 0.2266 0.0416 0.0873 0.6304 0.0141
130 0.5728 0.0567 0.1219 0.1874 0.0613
131 0.1146 0.1405 0.4128 0.3267 0.0054
132 0.1704 0.0683 0.2559 0.4705 0.0349
133 0.1971 0.1262 0.0945 0.5747 0.0073
134 0.2120 0.1208 0.2441 0.4087 0.0142
135 0.1969 0.1738 0.1464 0.4041 0.0789
136 0.1418 0.1849 0.2338 0.3794 0.0600
137 0.1940 0.3352 0.3298 0.1344 0.0066
138 0.2874 0.1198 0.2874 0.2966 0.0087
139 0.3618 0.0989 0.2264 0.2954 0.0175
140 0.4875 0.1055 0.1038 0.2529 0.0502
141 0.3782 0.1359 0.2947 0.1505 0.0408
142 0.0319 0.1061 0.2839 0.5737 0.0045
143 0.2067 0.3516 0.2825 0.1283 0.0312
144 0.1749 0.0951 0.4067 0.3022 0.0212
145 0.1169 0.0368 0.2554 0.5576 0.0335
146 0.1173 0.0595 0.1506 0.5020 0.1708
147 0.1108 0.0750 0.1515 0.3750 0.2876
148 0.2406 0.2074 0.2424 0.1530 0.1566
149 0.1353 0.2886 0.2842 0.2047 0.0873
150 0.2793 0.4194 0.1642 0.0807 0.0563
151 0.0779 0.0767 0.2556 0.5757 0.0140
152 0.0770 0.0658 0.2371 0.6055 0.0149
153 0.0818 0.2172 0.3469 0.3208 0.0333
154 0.0755 0.3010 0.3105 0.2827 0.0300
155 0.1025 0.1614 0.2384 0.4668 0.0308
156 0.1418 0.2064 0.3298 0.2822 0.0397
157 0.0380 0.2168 0.0688 0.4663 0.2102
158 0.0477 0.1368 0.0792 0.6035 0.1326
159 0.1392 0.2539 0.3872 0.2106 0.0089
160 0.0014 0.0099 0.0161 0.9678 0.0047
161 0.0936 0.0329 0.2751 0.5737 0.0246
162 0.0574 0.0797 0.7803 0.0785 0.0039
163 0.1591 0.2502 0.0563 0.5215 0.0126
164 0.0894 0.0814 0.6924 0.1261 0.0108
165 0.0662 0.3750 0.3931 0.1613 0.0044
166 0.0751 0.0402 0.4460 0.4324 0.0063
167 0.0368 0.2937 0.5073 0.1523 0.0096
168 0.0692 0.4043 0.4373 0.0809 0.0084
169 0.0468 0.4578 0.3977 0.0930 0.0047
170 0.0491 0.1295 0.4810 0.3359 0.0045
171 0.1405 0.0826 0.3267 0.4395 0.0110
172 0.0312 0.3801 0.4880 0.0991 0.0017
173 0.1077 0.0839 0.7358 0.0695 0.0030
174 0.1362 0.0866 0.6504 0.1241 0.0028
175 0.0529 0.1250 0.4502 0.3616 0.0103
176 0.0743 0.2327 0.4556 0.2290 0.0085
177 0.1633 0.2198 0.2147 0.3682 0.0340
178 0.1813 0.2742 0.3748 0.1550 0.0146
179 0.1075 0.2747 0.3694 0.2385 0.0100
180 0.0449 0.2389 0.4824 0.2314 0.0023
181 0.0660 0.1442 0.3301 0.4512 0.0087
182 0.0668 0.0481 0.2444 0.6338 0.0066
183 0.1174 0.0242 0.2908 0.5605 0.0073
184 0.0536 0.0292 0.3904 0.5254 0.0016
185 0.1765 0.0681 0.0916 0.6509 0.0132
186 0.2010 0.0198 0.0878 0.6802 0.0111
187 0.2793 0.0740 0.2208 0.4192 0.0069
188 0.1562 0.1991 0.3083 0.3335 0.0029
189 0.1101 0.0608 0.1426 0.6694 0.0172
190 0.1484 0.0900 0.2094 0.5347 0.0177
191 0.1954 0.1766 0.2377 0.3652 0.0251
192 0.2710 0.0319 0.1036 0.5825 0.0108
193 0.0934 0.0864 0.4895 0.3262 0.0045
194 0.1707 0.0628 0.0613 0.7021 0.0032
195 0.1437 0.0393 0.1788 0.6343 0.0041
196 0.2791 0.0326 0.1448 0.5293 0.0142
197 0.2006 0.0223 0.1611 0.6084 0.0076
198 0.0640 0.1487 0.5527 0.2130 0.0218
199 0.4072 0.0895 0.1167 0.3708 0.0157
200 0.3301 0.0288 0.1055 0.5273 0.0084
201 0.3850 0.0718 0.0833 0.4539 0.0060
202 0.1980 0.0470 0.0980 0.6489 0.0080
203 0.3696 0.0580 0.2664 0.2878 0.0180
204 0.1318 0.2834 0.2620 0.3162 0.0067
205 0.0314 0.2712 0.4199 0.2754 0.0021
206 0.1059 0.1948 0.5293 0.1653 0.0044
207 0.1564 0.1665 0.4856 0.1801 0.0115
208 0.1127 0.1516 0.3259 0.3994 0.0104
209 0.0184 0.2318 0.4006 0.3481 0.0010
210 0.1512 0.5278 0.2532 0.0621 0.0056
211 0.1199 0.2072 0.1691 0.4524 0.0515
212 0.0833 0.0619 0.1416 0.6968 0.0164
213 0.1486 0.1486 0.2062 0.4871 0.0097
214 0.0612 0.1256 0.3750 0.4316 0.0064
215 0.0776 0.2177 0.4131 0.2883 0.0034
216 0.1639 0.1381 0.3870 0.3015 0.0096
217 0.1548 0.1432 0.6123 0.0854 0.0045
218 0.1661 0.0726 0.5444 0.2133 0.0034
219 0.0950 0.1085 0.5342 0.2605 0.0017
220 0.1309 0.1483 0.5684 0.1483 0.0041
221 0.0705 0.1338 0.5049 0.2876 0.0030
222 0.2163 0.0736 0.1821 0.4873 0.0406
