time exciting_prob fearful_prob tense_prob sad_prob relaxing_prob
0 0.8911 0.0077 0.0105 0.0579 0.0327
1 0.9258 0.0111 0.0091 0.0247 0.0295
2 0.9004 0.0174 0.0178 0.0473 0.0170
3 0.9307 0.0149 0.0158 0.0309 0.0079
4 0.9111 0.0307 0.0117 0.0446 0.0020
5 0.9443 0.0195 0.0096 0.0254 0.0012
6 0.3477 0.1146 0.1299 0.3215 0.0865
7 0.4680 0.1013 0.0859 0.3118 0.0329
8 0.1368 0.1433 0.3896 0.3083 0.0220
9 0.1956 0.2181 0.1006 0.4109 0.0748
10 0.2095 0.2795 0.0770 0.3269 0.1070
11 0.7471 0.0140 0.1350 0.0920 0.0120
12 0.4426 0.0825 0.0585 0.3042 0.1119
13 0.3728 0.2561 0.1371 0.1654 0.0684
14 0.8340 0.0275 0.0367 0.0568 0.0449
15 0.8101 0.0591 0.0391 0.0450 0.0468
16 0.7124 0.0695 0.0389 0.1059 0.0734
17 0.7974 0.0416 0.0125 0.0151 0.1333
18 0.6372 0.0249 0.1729 0.1143 0.0507
19 0.5576 0.0271 0.2183 0.0803 0.1168
20 0.6167 0.0514 0.1488 0.0953 0.0875
21 0.5537 0.1611 0.1367 0.1207 0.0278
22 0.5386 0.1416 0.2061 0.0685 0.0453
23 0.2690 0.0163 0.0847 0.3853 0.2449
24 0.3435 0.0374 0.1455 0.2717 0.2019
25 0.2151 0.0779 0.1367 0.1989 0.3716
26 0.5596 0.1426 0.0308 0.1299 0.1371
27 0.6138 0.0986 0.0320 0.1492 0.1066
28 0.2153 0.0401 0.2874 0.3928 0.0641
29 0.3057 0.0939 0.2698 0.2720 0.0588
30 0.4292 0.1803 0.0537 0.0347 0.3020
31 0.2229 0.1450 0.1791 0.2467 0.2062
32 0.7095 0.0676 0.1047 0.0822 0.0359
33 0.6333 0.1199 0.1626 0.0598 0.0244
34 0.6489 0.0673 0.1238 0.1011 0.0590
35 0.4775 0.0836 0.1066 0.2874 0.0448
36 0.8115 0.0186 0.0531 0.1064 0.0101
37 0.3550 0.0357 0.1171 0.4053 0.0870
38 0.3533 0.1906 0.3879 0.0406 0.0277
39 0.2534 0.3010 0.3806 0.0310 0.0340
40 0.5073 0.0961 0.1007 0.2115 0.0842
41 0.5464 0.0052 0.0165 0.3699 0.0618
42 0.7769 0.0099 0.0079 0.1788 0.0264
43 0.5869 0.0196 0.0252 0.3269 0.0412
44 0.1104 0.0600 0.1683 0.6157 0.0453
45 0.3359 0.1444 0.1400 0.3359 0.0437
46 0.3904 0.0920 0.1392 0.1101 0.2683
47 0.3660 0.0656 0.1490 0.0704 0.3491
48 0.2961 0.1548 0.1178 0.3381 0.0931
49 0.2695 0.1124 0.0829 0.3984 0.1366
50 0.3972 0.2410 0.1951 0.1077 0.0591
51 0.1792 0.4331 0.1820 0.1722 0.0334
52 0.3767 0.3174 0.0736 0.1621 0.0703
53 0.3677 0.2284 0.2319 0.1429 0.0290
54 0.3862 0.1635 0.3030 0.1224 0.0249
55 0.2046 0.2079 0.0783 0.4758 0.0334
56 0.5093 0.0695 0.0734 0.1530 0.1948
57 0.3748 0.0523 0.0631 0.2086 0.3013
58 0.4543 0.0724 0.1724 0.1464 0.1545
59 0.1542 0.0349 0.0248 0.7471 0.0390
60 0.2001 0.0475 0.0461 0.6665 0.0400
61 0.3149 0.2002 0.0681 0.2913 0.1252
62 0.1731 0.0941 0.1786 0.4563 0.0979
63 0.1841 0.1001 0.1785 0.4629 0.0744
64 0.1528 0.1993 0.1678 0.3962 0.0837
65 0.5239 0.0855 0.0267 0.2593 0.1047
66 0.7227 0.0963 0.0231 0.0830 0.0750
67 0.5728 0.0567 0.0613 0.2502 0.0590
68 0.1247 0.4968 0.1379 0.2257 0.0147
69 0.1919 0.4258 0.1278 0.2227 0.0318
70 0.4807 0.2654 0.1741 0.0414 0.0385
71 0.5327 0.2515 0.1389 0.0271 0.0499
72 0.0184 0.0081 0.0396 0.0878 0.8462
73 0.0281 0.0119 0.0235 0.0195 0.9170
74 0.1025 0.1691 0.0798 0.1359 0.5127
75 0.2537 0.2274 0.2478 0.1539 0.1171
76 0.1946 0.1359 0.2766 0.3184 0.0745
77 0.1082 0.1885 0.1337 0.2007 0.3689
78 0.2305 0.1088 0.1365 0.2164 0.3076
79 0.1959 0.1456 0.1885 0.3838 0.0863
80 0.1608 0.1608 0.1510 0.4170 0.1105
81 0.0681 0.0724 0.2064 0.4041 0.2490
82 0.1196 0.0976 0.1635 0.1609 0.4585
83 0.0839 0.0826 0.0541 0.0321 0.7476
84 0.1763 0.3218 0.4905 0.0076 0.0040
85 0.2417 0.1942 0.5322 0.0278 0.0042
86 0.2791 0.2581 0.3813 0.0558 0.0256
87 0.8032 0.0201 0.0847 0.0555 0.0364
88 0.4749 0.0375 0.0851 0.3699 0.0328
89 0.2466 0.2263 0.1450 0.3215 0.0604
90 0.0497 0.3042 0.4568 0.1816 0.0076
91 0.5190 0.0765 0.2048 0.1522 0.0475
92 0.5278 0.0454 0.0743 0.2183 0.1344
93 0.5879 0.0154 0.3564 0.0370 0.0031
94 0.4827 0.1847 0.1776 0.1220 0.0331
95 0.5386 0.2126 0.1473 0.0581 0.0432
96 0.4709 0.1934 0.2296 0.0787 0.0274
97 0.1305 0.1757 0.2291 0.0986 0.3662
98 0.1375 0.2546 0.2627 0.0379 0.3071
99 0.1095 0.2754 0.2046 0.0937 0.3169
100 0.4136 0.2080 0.1864 0.1836 0.0085
101 0.6558 0.1006 0.1475 0.0510 0.0450
102 0.5190 0.0854 0.1312 0.0461 0.2181
103 0.4709 0.2791 0.1774 0.0268 0.0459
104 0.5854 0.0473 0.1348 0.1871 0.0455
105 0.5630 0.0699 0.1100 0.1066 0.1504
106 0.6182 0.0716 0.0780 0.1976 0.0343
107 0.5903 0.0349 0.0864 0.2581 0.0303
108 0.5913 0.0279 0.0813 0.2749 0.0246
109 0.6528 0.2153 0.0843 0.0240 0.0236
110 0.5635 0.2277 0.1238 0.0255 0.0594
111 0.4058 0.1516 0.1873 0.2330 0.0225
112 0.4958 0.0430 0.0395 0.3743 0.0472
113 0.6055 0.0390 0.2408 0.0852 0.0297
114 0.7407 0.0979 0.1050 0.0222 0.0344
115 0.3699 0.0851 0.2834 0.2542 0.0074
116 0.2340 0.0587 0.0961 0.5439 0.0671
117 0.3608 0.3552 0.0512 0.2025 0.0301
118 0.7061 0.0716 0.0448 0.0294 0.1481
119 0.4155 0.1210 0.0668 0.0299 0.3667
120 0.5132 0.2296 0.0684 0.0358 0.1530
121 0.3254 0.0791 0.0773 0.3657 0.1525
122 0.3977 0.0834 0.0555 0.2798 0.1835
123 0.5820 0.1681 0.0852 0.0674 0.0973
124 0.5371 0.1527 0.0637 0.0994 0.1469
125 0.2120 0.1370 0.2366 0.3608 0.0536
126 0.2209 0.2125 0.3909 0.1506 0.0250
127 0.1786 0.5127 0.0919 0.0161 0.2008
128 0.2241 0.3665 0.0739 0.0268 0.3086
129 0.4834 0.2842 0.0246 0.1632 0.0446
130 0.1956 0.0736 0.1132 0.6021 0.0154
131 0.4895 0.3445 0.0276 0.1118 0.0268
132 0.2412 0.5107 0.1879 0.0475 0.0130
133 0.1909 0.0901 0.3623 0.3247 0.0321
134 0.0557 0.0905 0.2070 0.6182 0.0289
135 0.4617 0.1097 0.0916 0.3223 0.0146
136 0.5630 0.1412 0.0310 0.1827 0.0823
137 0.0916 0.1534 0.1396 0.5884 0.0271
138 0.2240 0.3870 0.1033 0.2311 0.0545
139 0.0818 0.6587 0.0878 0.0292 0.1425
140 0.2192 0.4128 0.1260 0.1776 0.0643
141 0.3066 0.1288 0.0858 0.4258 0.0529
142 0.1011 0.1173 0.0800 0.6748 0.0266
143 0.3162 0.2424 0.0445 0.0213 0.3755
144 0.1555 0.2861 0.0490 0.0521 0.4573
145 0.2389 0.0752 0.0717 0.5386 0.0757
146 0.2908 0.2449 0.0396 0.0396 0.3853
147 0.1458 0.1978 0.0553 0.5630 0.0380
148 0.0688 0.1247 0.6958 0.0986 0.0122
149 0.1399 0.1178 0.1882 0.5444 0.0096
150 0.1929 0.5410 0.1755 0.0792 0.0117
151 0.2002 0.1559 0.3682 0.2433 0.0324
152 0.2455 0.0910 0.2654 0.3801 0.0179
153 0.1748 0.5303 0.0633 0.0209 0.2108
154 0.1105 0.4651 0.0498 0.0342 0.3403
155 0.2654 0.0803 0.0271 0.4998 0.1273
156 0.1940 0.0510 0.0277 0.6260 0.1014
157 0.2734 0.0490 0.0262 0.5269 0.1242
158 0.5879 0.1204 0.1105 0.1510 0.0300
159 0.4729 0.0655 0.1097 0.3125 0.0394
160 0.4136 0.0379 0.1475 0.3623 0.0388
161 0.6440 0.0201 0.0751 0.2426 0.0183
162 0.8540 0.0083 0.0238 0.0929 0.0207
163 0.7988 0.0077 0.0100 0.1648 0.0188
164 0.7793 0.0100 0.0254 0.1633 0.0221
165 0.7212 0.0086 0.0433 0.2164 0.0107
166 0.6421 0.0401 0.1178 0.1755 0.0247
167 0.7773 0.0604 0.1240 0.0334 0.0050
168 0.1700 0.1177 0.1754 0.3381 0.1987
169 0.5283 0.0079 0.0227 0.4246 0.0165
170 0.5845 0.0103 0.0338 0.3489 0.0227
171 0.4490 0.0257 0.0421 0.4419 0.0414
172 0.3848 0.0214 0.1707 0.3613 0.0618
173 0.2477 0.0407 0.2053 0.3438 0.1625
174 0.8613 0.0055 0.0201 0.1045 0.0084
175 0.8887 0.0105 0.0126 0.0846 0.0037
176 0.8887 0.0039 0.0065 0.0966 0.0044
177 0.8232 0.0143 0.0510 0.0961 0.0152
178 0.7803 0.0215 0.0385 0.1548 0.0050
179 0.4839 0.0854 0.1672 0.2081 0.0556
180 0.3789 0.3093 0.2484 0.0412 0.0222
181 0.2715 0.2781 0.2869 0.1334 0.0302
182 0.1741 0.1334 0.1661 0.5117 0.0146
183 0.2781 0.0574 0.2379 0.4111 0.0156
184 0.1346 0.0804 0.4214 0.3440 0.0197
185 0.5298 0.1210 0.2173 0.1257 0.0064
186 0.6396 0.0943 0.0723 0.1876 0.0062
187 0.4648 0.0286 0.2957 0.1908 0.0201
188 0.1354 0.4304 0.3301 0.0446 0.0596
189 0.1301 0.5698 0.2489 0.0216 0.0295
190 0.0887 0.2886 0.1879 0.3884 0.0464
191 0.0574 0.2253 0.2515 0.4553 0.0105
192 0.0424 0.0528 0.2942 0.6035 0.0069
193 0.1169 0.0911 0.5576 0.2289 0.0053
194 0.0730 0.5972 0.3049 0.0166 0.0081
195 0.2078 0.4006 0.2449 0.0654 0.0814
196 0.2028 0.1460 0.3848 0.1965 0.0701
197 0.5415 0.0804 0.1718 0.1515 0.0549
198 0.4534 0.0619 0.1920 0.2390 0.0537
199 0.2319 0.0624 0.0795 0.6108 0.0153
200 0.6177 0.0392 0.0849 0.2238 0.0343
201 0.5898 0.0553 0.0844 0.2460 0.0245
202 0.5864 0.0210 0.0432 0.3137 0.0358
203 0.3499 0.0452 0.2122 0.3723 0.0204
204 0.2898 0.2559 0.2329 0.2104 0.0110
205 0.1298 0.2925 0.4460 0.1298 0.0019
206 0.1025 0.3230 0.4927 0.0804 0.0014
207 0.1680 0.1309 0.4937 0.1964 0.0110
208 0.4106 0.3298 0.1793 0.0615 0.0186
209 0.4844 0.1810 0.1782 0.1313 0.0251
210 0.4458 0.1199 0.2661 0.1589 0.0092
211 0.2659 0.0884 0.4119 0.2104 0.0232
212 0.2346 0.0544 0.5044 0.1638 0.0424
213 0.1125 0.1170 0.6377 0.1236 0.0092
214 0.1410 0.0205 0.4771 0.3438 0.0177
215 0.0873 0.0175 0.5107 0.3621 0.0226
216 0.1172 0.0126 0.4028 0.4424 0.0250
217 0.2400 0.0940 0.1549 0.4485 0.0626
218 0.9233 0.0228 0.0184 0.0319 0.0035
219 0.9424 0.0261 0.0179 0.0089 0.0048
220 0.9434 0.0261 0.0174 0.0084 0.0047
221 0.9380 0.0299 0.0195 0.0077 0.0048
222 0.9385 0.0297 0.0195 0.0076 0.0047
223 0.6055 0.0297 0.0235 0.3191 0.0221
224 0.2037 0.2830 0.2496 0.2310 0.0327
225 0.8032 0.0915 0.0468 0.0364 0.0222
226 0.8110 0.0882 0.0476 0.0340 0.0192
227 0.8115 0.0883 0.0472 0.0338 0.0192
228 0.8174 0.0875 0.0450 0.0315 0.0185
229 0.8115 0.0855 0.0483 0.0359 0.0189
230 0.8115 0.0855 0.0483 0.0359 0.0189
231 0.8115 0.0855 0.0483 0.0359 0.0189
232 0.8071 0.0878 0.0489 0.0369 0.0191
233 0.7847 0.0937 0.0547 0.0432 0.0237
234 0.5918 0.1157 0.0619 0.1777 0.0529
