time exciting_prob fearful_prob tense_prob sad_prob relaxing_prob
0 0.1882 0.2003 0.1584 0.4111 0.0420
1 0.1882 0.2003 0.1584 0.4111 0.0420
2 0.1598 0.0430 0.1064 0.6318 0.0588
3 0.1769 0.0519 0.1124 0.5981 0.0606
4 0.2593 0.0984 0.4807 0.0810 0.0804
5 0.1986 0.1080 0.4915 0.0991 0.1030
6 0.2402 0.1276 0.5010 0.0528 0.0786
7 0.0887 0.0937 0.5391 0.2468 0.0316
8 0.1219 0.0328 0.4255 0.3813 0.0384
9 0.2783 0.0230 0.4590 0.2004 0.0392
10 0.2103 0.4316 0.1091 0.2422 0.0067
11 0.3252 0.4956 0.0861 0.0861 0.0070
12 0.2620 0.3635 0.1718 0.1886 0.0142
13 0.0635 0.1808 0.4172 0.2590 0.0796
14 0.1548 0.0351 0.0869 0.6621 0.0611
15 0.1893 0.1521 0.0654 0.2954 0.2979
16 0.1788 0.1415 0.0663 0.3140 0.2996
17 0.1135 0.0780 0.6133 0.1576 0.0374
18 0.1852 0.1713 0.2844 0.1158 0.2433
19 0.0701 0.1086 0.2228 0.0966 0.5020
20 0.0319 0.0902 0.6562 0.2097 0.0120
21 0.2778 0.2798 0.3796 0.0182 0.0446
22 0.4763 0.0601 0.1865 0.1407 0.1365
23 0.1285 0.0891 0.3777 0.3494 0.0553
24 0.1406 0.2046 0.4985 0.0967 0.0595
25 0.2209 0.0352 0.2749 0.4463 0.0226
26 0.1387 0.0597 0.3831 0.3711 0.0475
27 0.0177 0.0018 0.0127 0.0023 0.9653
28 0.0100 0.0025 0.0070 0.0030 0.9775
29 0.1724 0.0538 0.2932 0.4470 0.0337
30 0.0325 0.0215 0.6675 0.2573 0.0213
31 0.1422 0.0641 0.4053 0.3467 0.0417
32 0.2900 0.2089 0.3210 0.1135 0.0668
33 0.1936 0.1310 0.5020 0.1427 0.0306
34 0.1003 0.0283 0.4392 0.2705 0.1616
35 0.1241 0.0268 0.5103 0.2732 0.0654
36 0.1171 0.0155 0.2458 0.4814 0.1401
37 0.1175 0.0538 0.6016 0.0982 0.1290
38 0.0703 0.0771 0.6460 0.1659 0.0406
39 0.0861 0.0233 0.4041 0.4370 0.0494
40 0.1160 0.0829 0.3774 0.2085 0.2151
41 0.2181 0.0681 0.3459 0.2491 0.1186
42 0.1221 0.1044 0.6152 0.1036 0.0546
43 0.1234 0.0896 0.6074 0.1660 0.0136
44 0.0465 0.0544 0.7046 0.1687 0.0257
45 0.0654 0.1222 0.4722 0.2112 0.1290
46 0.0900 0.1270 0.4294 0.2029 0.1508
47 0.0936 0.1020 0.4536 0.2354 0.1156
48 0.1139 0.1121 0.3508 0.3047 0.1184
49 0.0898 0.3208 0.4561 0.0798 0.0536
50 0.1048 0.3628 0.4551 0.0539 0.0234
51 0.1681 0.3699 0.3020 0.1372 0.0229
52 0.0944 0.0959 0.6201 0.1462 0.0432
53 0.1030 0.1387 0.5151 0.1794 0.0640
54 0.1063 0.1204 0.6558 0.1071 0.0104
55 0.0887 0.1545 0.5391 0.1475 0.0702
56 0.1508 0.2485 0.3940 0.1394 0.0674
57 0.0340 0.0719 0.5615 0.3198 0.0130
58 0.0406 0.0794 0.8276 0.0505 0.0019
59 0.1768 0.1622 0.4695 0.1151 0.0766
60 0.1141 0.1263 0.5317 0.1523 0.0754
61 0.1051 0.1307 0.5728 0.0864 0.1051
62 0.1422 0.0993 0.2964 0.3494 0.1125
63 0.0756 0.0919 0.6084 0.1757 0.0488
64 0.0707 0.0379 0.6978 0.1353 0.0582
65 0.1512 0.1124 0.4377 0.2573 0.0414
66 0.0641 0.1265 0.6943 0.1065 0.0085
67 0.0228 0.0757 0.6543 0.2407 0.0063
68 0.0154 0.0357 0.8384 0.1033 0.0070
69 0.0212 0.0260 0.8423 0.1006 0.0100
70 0.2356 0.1938 0.3003 0.2319 0.0385
71 0.0467 0.0246 0.6646 0.2522 0.0122
72 0.0247 0.0359 0.8774 0.0535 0.0087
73 0.3264 0.2058 0.3640 0.0865 0.0172
74 0.0303 0.0877 0.6899 0.1857 0.0066
75 0.0696 0.2607 0.6304 0.0164 0.0231
76 0.0710 0.0804 0.7515 0.0830 0.0140
77 0.0574 0.0137 0.2134 0.6992 0.0161
78 0.0655 0.0284 0.8623 0.0410 0.0029
79 0.0081 0.0681 0.0797 0.8433 0.0011
80 0.0333 0.2363 0.2720 0.4485 0.0098
81 0.0764 0.0226 0.4980 0.3818 0.0212
82 0.1116 0.0216 0.4211 0.4343 0.0113
83 0.0688 0.0458 0.3606 0.5166 0.0083
84 0.1227 0.1930 0.5327 0.0877 0.0637
85 0.1904 0.1173 0.4160 0.2522 0.0240
86 0.1981 0.1630 0.2544 0.3267 0.0577
87 0.1744 0.0622 0.3638 0.3638 0.0360
88 0.1401 0.0575 0.2700 0.5127 0.0197
89 0.1249 0.0758 0.3560 0.4226 0.0206
90 0.0285 0.0343 0.4314 0.2786 0.2273
91 0.0375 0.0728 0.4253 0.3018 0.1627
92 0.0325 0.1065 0.7334 0.1169 0.0106
93 0.0308 0.1550 0.5327 0.2615 0.0202
94 0.0933 0.1217 0.4487 0.3232 0.0131
95 0.0773 0.1841 0.3059 0.2383 0.1945
96 0.1488 0.0645 0.2803 0.4622 0.0443
97 0.1052 0.0521 0.5259 0.2191 0.0980
98 0.0204 0.0685 0.5645 0.2505 0.0958
99 0.0717 0.1460 0.4675 0.2812 0.0336
100 0.0523 0.1503 0.6475 0.1326 0.0173
101 0.0433 0.1149 0.5791 0.2322 0.0307
102 0.0485 0.0781 0.6094 0.2581 0.0062
103 0.0614 0.0586 0.3167 0.4868 0.0764
104 0.0636 0.0612 0.3518 0.4849 0.0386
105 0.0540 0.0520 0.1677 0.6738 0.0524
106 0.1793 0.1582 0.5107 0.1332 0.0186
107 0.1058 0.0716 0.5947 0.2023 0.0257
108 0.1472 0.1450 0.5303 0.1174 0.0600
109 0.0469 0.0890 0.3630 0.3987 0.1024
110 0.0474 0.1145 0.6045 0.1414 0.0920
111 0.1078 0.0783 0.5522 0.2450 0.0167
112 0.0584 0.0349 0.6899 0.1359 0.0811
113 0.0652 0.1181 0.7012 0.0905 0.0251
114 0.1095 0.0801 0.6401 0.1644 0.0059
115 0.3083 0.0106 0.3440 0.3132 0.0236
116 0.0374 0.0249 0.6230 0.3083 0.0064
117 0.1144 0.0188 0.0341 0.1744 0.6582
118 0.1210 0.0181 0.0393 0.1875 0.6343
119 0.1154 0.1528 0.1589 0.0352 0.5376
120 0.0974 0.1270 0.1405 0.1005 0.5347
121 0.1039 0.1283 0.1781 0.1420 0.4478
122 0.1196 0.0327 0.2065 0.3005 0.3406
123 0.0750 0.0338 0.3416 0.2620 0.2876
124 0.1299 0.0928 0.5137 0.2334 0.0299
125 0.0415 0.0541 0.2900 0.5952 0.0190
126 0.3455 0.0952 0.3511 0.1396 0.0686
127 0.1305 0.2308 0.2273 0.1125 0.2988
128 0.1853 0.1273 0.1098 0.1081 0.4695
129 0.1064 0.0255 0.4919 0.3599 0.0164
130 0.0858 0.0321 0.0609 0.0321 0.7891
131 0.0963 0.0780 0.1296 0.0115 0.6846
132 0.1251 0.0505 0.1764 0.5967 0.0513
133 0.2218 0.0630 0.5488 0.0531 0.1133
134 0.1786 0.1118 0.5293 0.0445 0.1359
135 0.0620 0.0784 0.0939 0.0214 0.7441
136 0.0592 0.0309 0.0822 0.0483 0.7793
137 0.1897 0.1478 0.2986 0.3127 0.0511
138 0.3557 0.2859 0.1934 0.0787 0.0865
139 0.5034 0.0479 0.2051 0.2235 0.0200
140 0.2001 0.0457 0.2412 0.4724 0.0406
141 0.1587 0.1009 0.4966 0.1771 0.0667
142 0.2120 0.0732 0.3335 0.3232 0.0580
143 0.4958 0.0480 0.1714 0.1187 0.1661
144 0.1484 0.0723 0.4944 0.2061 0.0789
145 0.1300 0.0559 0.4131 0.3533 0.0478
146 0.2285 0.0506 0.5273 0.1204 0.0731
147 0.3508 0.0982 0.2754 0.1953 0.0801
148 0.0934 0.0575 0.5718 0.2620 0.0152
149 0.1843 0.0392 0.5249 0.2089 0.0424
150 0.2874 0.0732 0.4736 0.0767 0.0890
151 0.1542 0.0673 0.5728 0.1747 0.0313
152 0.1018 0.0942 0.2947 0.4636 0.0459
153 0.1821 0.2529 0.3403 0.1632 0.0615
154 0.3264 0.0776 0.1268 0.0331 0.4360
155 0.3027 0.1753 0.3652 0.0719 0.0848
156 0.3442 0.2681 0.3135 0.0508 0.0236
157 0.3318 0.1383 0.3318 0.1044 0.0936
158 0.1530 0.0580 0.4858 0.2090 0.0942
159 0.2117 0.0491 0.1840 0.5156 0.0395
160 0.2192 0.1935 0.5342 0.0336 0.0193
161 0.3647 0.0638 0.2355 0.1998 0.1362
162 0.3838 0.2700 0.2169 0.0919 0.0374
163 0.4829 0.1221 0.2410 0.1129 0.0412
164 0.2261 0.1775 0.3728 0.1530 0.0706
165 0.0971 0.2598 0.4490 0.1871 0.0069
166 0.0622 0.2703 0.5459 0.1109 0.0109
167 0.1758 0.0948 0.5010 0.1962 0.0323
168 0.1566 0.0679 0.4358 0.2996 0.0402
169 0.1561 0.1107 0.3745 0.3203 0.0385
170 0.1133 0.0535 0.2150 0.5664 0.0518
171 0.1205 0.1443 0.4272 0.2715 0.0365
172 0.2024 0.4353 0.2725 0.0580 0.0318
173 0.2698 0.4846 0.1432 0.0720 0.0305
174 0.1343 0.3767 0.3430 0.0429 0.1030
175 0.1223 0.0967 0.2734 0.0084 0.4990
176 0.0671 0.0447 0.2551 0.0117 0.6216
177 0.1772 0.2810 0.4058 0.1075 0.0285
178 0.1287 0.0775 0.6235 0.1614 0.0090
179 0.3684 0.2593 0.2305 0.0854 0.0565
180 0.2666 0.3164 0.1949 0.1890 0.0331
181 0.4753 0.2815 0.1876 0.0326 0.0229
182 0.2600 0.0504 0.4285 0.1873 0.0739
183 0.1256 0.0229 0.2620 0.5811 0.0086
184 0.0566 0.4453 0.3523 0.0750 0.0710
185 0.0934 0.2241 0.3364 0.3110 0.0349
186 0.0725 0.2147 0.3125 0.3889 0.0116
187 0.4556 0.0970 0.3081 0.0985 0.0407
188 0.4333 0.1332 0.3350 0.0735 0.0250
189 0.0543 0.2490 0.4580 0.2302 0.0086
190 0.1753 0.2959 0.4583 0.0526 0.0182
191 0.2479 0.1025 0.4561 0.1704 0.0232
192 0.2086 0.1170 0.2576 0.4053 0.0115
193 0.2152 0.2678 0.3440 0.1276 0.0455
194 0.1121 0.0229 0.6348 0.1763 0.0538
195 0.2096 0.0702 0.2932 0.3650 0.0620
196 0.2930 0.0944 0.4329 0.1555 0.0244
197 0.4817 0.0515 0.1118 0.3208 0.0343
198 0.2205 0.1144 0.3062 0.2786 0.0804
199 0.3845 0.0701 0.1904 0.3240 0.0311
200 0.2123 0.0673 0.3501 0.3394 0.0311
201 0.3762 0.1763 0.3479 0.0572 0.0425
202 0.4099 0.0572 0.1580 0.2410 0.1340
203 0.5469 0.0372 0.1427 0.1951 0.0782
204 0.1429 0.1407 0.3123 0.3074 0.0967
205 0.1685 0.0526 0.5742 0.1646 0.0400
206 0.0276 0.0545 0.2368 0.6748 0.0062
207 0.3091 0.0246 0.1604 0.4570 0.0489
208 0.2439 0.0238 0.2086 0.4702 0.0536
209 0.1383 0.0944 0.6860 0.0701 0.0110
210 0.1591 0.0432 0.3584 0.3213 0.1182
211 0.1796 0.1987 0.4077 0.0953 0.1187
212 0.2003 0.1324 0.3435 0.2397 0.0842
213 0.2218 0.1273 0.3435 0.1687 0.1388
214 0.1803 0.1201 0.5425 0.1060 0.0512
215 0.1512 0.0687 0.6367 0.0760 0.0671
216 0.1065 0.0557 0.7871 0.0274 0.0232
217 0.3037 0.0354 0.1317 0.0512 0.4780
218 0.2384 0.1691 0.4453 0.0662 0.0811
219 0.0670 0.0999 0.5396 0.1837 0.1097
220 0.0764 0.1761 0.6245 0.0900 0.0331
221 0.0865 0.0614 0.4065 0.4128 0.0328
222 0.1532 0.0741 0.7085 0.0521 0.0123
223 0.0839 0.1270 0.3972 0.3242 0.0679
224 0.1003 0.0763 0.4255 0.2462 0.1517
225 0.1196 0.1466 0.6221 0.0791 0.0327
226 0.2783 0.0191 0.3687 0.3008 0.0332
227 0.0508 0.0941 0.4856 0.3235 0.0462
228 0.0554 0.1934 0.5596 0.1680 0.0240
229 0.0693 0.0883 0.6831 0.1324 0.0267
230 0.1103 0.1362 0.7192 0.0159 0.0186
231 0.4470 0.0201 0.3428 0.1545 0.0356
232 0.4629 0.0508 0.4521 0.0170 0.0170
233 0.0651 0.1295 0.7109 0.0588 0.0354
234 0.0218 0.1649 0.6729 0.1326 0.0078
235 0.0376 0.0869 0.7212 0.1443 0.0100
236 0.0323 0.0886 0.6147 0.2563 0.0082
237 0.1979 0.0648 0.1802 0.4897 0.0673
238 0.2539 0.0528 0.1576 0.4741 0.0617
239 0.0161 0.0254 0.0629 0.8950 0.0005
240 0.0803 0.0291 0.3655 0.4841 0.0410
241 0.0681 0.0574 0.1583 0.6772 0.0388
242 0.0613 0.1044 0.3816 0.4126 0.0399
243 0.1277 0.1370 0.4780 0.2137 0.0438
244 0.3662 0.0492 0.3232 0.2120 0.0492
245 0.1191 0.0928 0.4094 0.3342 0.0445
246 0.2076 0.0735 0.2646 0.3093 0.1450
247 0.1775 0.0111 0.1747 0.6006 0.0363
248 0.3879 0.0679 0.2485 0.1484 0.1472
249 0.0457 0.0591 0.4546 0.3708 0.0697
250 0.1086 0.0794 0.3191 0.4229 0.0701
251 0.3730 0.1019 0.2749 0.1052 0.1449
252 0.2258 0.1100 0.5415 0.0166 0.1058
253 0.1466 0.0715 0.3306 0.4243 0.0271
254 0.0970 0.0621 0.4451 0.1613 0.2345
255 0.2144 0.0974 0.4263 0.1351 0.1270
256 0.3682 0.1499 0.3738 0.0136 0.0945
257 0.3223 0.1272 0.2693 0.1131 0.1685
258 0.4832 0.0789 0.1362 0.1833 0.1184
259 0.1967 0.0358 0.1544 0.5693 0.0439
260 0.3262 0.0663 0.2350 0.2969 0.0757
261 0.0857 0.1237 0.4026 0.3782 0.0099
262 0.0381 0.1591 0.6855 0.1019 0.0156
263 0.0482 0.2076 0.6602 0.0629 0.0214
264 0.2739 0.0816 0.4377 0.1769 0.0300
265 0.5151 0.0881 0.2715 0.0784 0.0471
266 0.6118 0.0630 0.1896 0.0535 0.0822
267 0.1227 0.0739 0.3132 0.3899 0.1002
268 0.1215 0.2417 0.2067 0.1584 0.2717
269 0.1142 0.2362 0.5117 0.1160 0.0218
270 0.2114 0.1233 0.3857 0.2164 0.0630
271 0.4629 0.0762 0.1664 0.2421 0.0524
272 0.2788 0.0374 0.1425 0.4971 0.0441
273 0.3838 0.1171 0.4150 0.0380 0.0462
274 0.2021 0.2169 0.4214 0.1337 0.0259
275 0.0628 0.1996 0.4429 0.2815 0.0133
276 0.0616 0.1346 0.7744 0.0179 0.0112
277 0.0469 0.2274 0.5806 0.1246 0.0203
278 0.2292 0.2311 0.3901 0.0912 0.0584
279 0.3933 0.0455 0.3611 0.1110 0.0892
280 0.0560 0.0367 0.8423 0.0560 0.0091
281 0.0673 0.0793 0.7759 0.0642 0.0135
282 0.0682 0.0817 0.7871 0.0523 0.0106
283 0.0941 0.3721 0.3662 0.0756 0.0919
284 0.0997 0.4612 0.1863 0.0172 0.2356
285 0.1048 0.1714 0.1927 0.0112 0.5200
286 0.0731 0.2324 0.5889 0.0693 0.0362
287 0.1038 0.2285 0.6113 0.0367 0.0195
288 0.1055 0.2737 0.4956 0.0587 0.0665
289 0.0858 0.1268 0.4712 0.2856 0.0306
290 0.0636 0.2534 0.5449 0.0810 0.0570
291 0.0390 0.4746 0.4460 0.0116 0.0287
292 0.0455 0.0787 0.8457 0.0218 0.0084
293 0.2157 0.2561 0.2881 0.1816 0.0585
294 0.0939 0.1989 0.4019 0.2805 0.0249
295 0.3037 0.1083 0.3840 0.1758 0.0282
296 0.1808 0.2197 0.5698 0.0095 0.0200
297 0.0473 0.1236 0.7935 0.0171 0.0185
298 0.0372 0.1439 0.7656 0.0364 0.0168
299 0.0726 0.3252 0.5532 0.0176 0.0315
300 0.1298 0.2107 0.5640 0.0663 0.0294
301 0.0208 0.1097 0.7495 0.1114 0.0086
302 0.3591 0.2112 0.1241 0.0605 0.2450
303 0.0912 0.0261 0.3391 0.4856 0.0580
304 0.1635 0.3250 0.3950 0.0450 0.0714
305 0.1569 0.0685 0.3120 0.4067 0.0559
306 0.2527 0.2112 0.4797 0.0370 0.0193
307 0.4932 0.1247 0.2056 0.0622 0.1144
308 0.2238 0.3154 0.2942 0.0320 0.1346
309 0.2454 0.1622 0.2435 0.2166 0.1323
310 0.0476 0.2289 0.6519 0.0626 0.0091
311 0.0667 0.0677 0.5205 0.2991 0.0458
312 0.1597 0.0475 0.3770 0.3486 0.0671
313 0.1031 0.0556 0.7441 0.0518 0.0450
314 0.1180 0.0804 0.6685 0.1198 0.0133
315 0.3818 0.0852 0.1980 0.2708 0.0643
316 0.0934 0.0683 0.4121 0.3870 0.0392
317 0.0546 0.0723 0.6758 0.1847 0.0129
318 0.1697 0.0400 0.1737 0.5435 0.0730
319 0.1722 0.0886 0.2211 0.4609 0.0572
320 0.2642 0.1470 0.1516 0.4121 0.0251
321 0.0562 0.0721 0.0744 0.7515 0.0458
322 0.0495 0.1049 0.3835 0.4485 0.0134
323 0.2086 0.3550 0.1434 0.2598 0.0333
324 0.0806 0.3447 0.1309 0.4426 0.0009
325 0.0433 0.3486 0.2800 0.3225 0.0055
326 0.0355 0.2876 0.3311 0.3416 0.0041
327 0.0214 0.1609 0.3918 0.4106 0.0151
328 0.1766 0.1022 0.1725 0.4727 0.0760
329 0.5923 0.0718 0.1053 0.1619 0.0685
330 0.5781 0.0600 0.1148 0.1923 0.0547
331 0.5371 0.0622 0.1285 0.2222 0.0500
332 0.5669 0.0607 0.1125 0.2135 0.0465
333 0.5728 0.1339 0.1146 0.1642 0.0145
334 0.7012 0.1127 0.0763 0.0964 0.0133
335 0.2037 0.2830 0.2496 0.2310 0.0327
336 0.2037 0.2830 0.2496 0.2310 0.0327
