time exciting_prob fearful_prob tense_prob sad_prob relaxing_prob
0 0.2037 0.2830 0.2496 0.2310 0.0327
1 0.0377 0.1125 0.4590 0.3306 0.0602
2 0.0204 0.2688 0.3562 0.3047 0.0501
3 0.0204 0.2427 0.2666 0.4326 0.0378
4 0.0283 0.3665 0.3335 0.1626 0.1091
5 0.0252 0.2522 0.2859 0.3848 0.0521
6 0.0213 0.2115 0.4077 0.2891 0.0703
7 0.0217 0.2275 0.5288 0.1492 0.0727
8 0.0225 0.3254 0.4177 0.1335 0.1008
9 0.0281 0.3118 0.3704 0.1997 0.0900
10 0.0228 0.4841 0.2323 0.1910 0.0698
11 0.0228 0.5312 0.2472 0.1105 0.0881
12 0.0285 0.5327 0.2898 0.0739 0.0750
13 0.0348 0.3799 0.3860 0.1672 0.0322
14 0.0355 0.3240 0.5259 0.1077 0.0073
15 0.1133 0.2573 0.3955 0.1825 0.0515
16 0.1126 0.2072 0.2788 0.3750 0.0263
17 0.0705 0.5547 0.2520 0.1171 0.0060
18 0.0483 0.4375 0.3516 0.1572 0.0057
19 0.0267 0.0687 0.2986 0.6030 0.0027
20 0.1367 0.1151 0.1958 0.5493 0.0033
21 0.0907 0.0996 0.2666 0.5386 0.0043
22 0.0661 0.0602 0.2306 0.6367 0.0064
23 0.0313 0.5640 0.3164 0.0800 0.0080
24 0.0629 0.5107 0.3679 0.0543 0.0041
25 0.0610 0.2842 0.5923 0.0605 0.0017
26 0.1069 0.5776 0.2126 0.0944 0.0083
27 0.1931 0.3184 0.4216 0.0594 0.0075
28 0.0835 0.2035 0.6367 0.0676 0.0085
29 0.0460 0.5874 0.2095 0.1486 0.0083
30 0.0287 0.7822 0.0316 0.1010 0.0562
31 0.0205 0.7993 0.0804 0.0883 0.0114
32 0.0722 0.3669 0.1035 0.4158 0.0418
33 0.0327 0.2827 0.0676 0.5981 0.0188
34 0.0807 0.2411 0.2649 0.4038 0.0095
35 0.0672 0.6035 0.0646 0.1990 0.0656
36 0.0483 0.3801 0.3054 0.2133 0.0527
37 0.0454 0.4768 0.3176 0.1454 0.0146
38 0.0288 0.6396 0.2505 0.0696 0.0113
39 0.1587 0.5161 0.1033 0.1770 0.0448
40 0.1011 0.6045 0.2600 0.0313 0.0029
41 0.0618 0.2812 0.2947 0.3555 0.0067
42 0.0856 0.6035 0.1975 0.1066 0.0065
43 0.1267 0.4492 0.1181 0.2944 0.0116
44 0.0844 0.5903 0.1401 0.1704 0.0150
45 0.0240 0.1117 0.5327 0.1813 0.1503
46 0.0322 0.2133 0.4844 0.2133 0.0569
47 0.1080 0.2395 0.4839 0.1476 0.0213
48 0.1804 0.2688 0.1077 0.3911 0.0521
49 0.2366 0.2854 0.1917 0.2294 0.0571
50 0.1389 0.4521 0.2966 0.0738 0.0386
51 0.1150 0.3770 0.1597 0.2454 0.1031
52 0.4307 0.2434 0.1674 0.1031 0.0556
53 0.3203 0.3152 0.2654 0.0816 0.0174
54 0.1875 0.4001 0.3477 0.0224 0.0425
55 0.3235 0.2520 0.3782 0.0274 0.0188
56 0.2073 0.5459 0.1010 0.0363 0.1093
57 0.0467 0.7471 0.1542 0.0393 0.0130
58 0.2017 0.4800 0.1570 0.1407 0.0206
59 0.0553 0.5850 0.3281 0.0259 0.0057
60 0.0865 0.5957 0.2314 0.0751 0.0113
61 0.0623 0.1920 0.3140 0.4194 0.0123
62 0.1009 0.3083 0.3157 0.2576 0.0173
63 0.1594 0.2668 0.3735 0.1849 0.0153
64 0.1378 0.2457 0.3059 0.2988 0.0119
65 0.1592 0.3848 0.2505 0.1920 0.0136
66 0.1327 0.1266 0.3721 0.3552 0.0133
67 0.0290 0.4614 0.2507 0.1475 0.1113
68 0.0121 0.8472 0.1077 0.0084 0.0248
69 0.0073 0.7573 0.0441 0.0141 0.1771
70 0.0049 0.1476 0.0223 0.0152 0.8101
71 0.0453 0.3672 0.3909 0.1906 0.0059
72 0.0781 0.4602 0.2834 0.1733 0.0049
73 0.0864 0.2440 0.4216 0.2402 0.0077
74 0.0357 0.2830 0.2742 0.1613 0.2458
75 0.0144 0.6094 0.2277 0.0524 0.0964
76 0.0412 0.4907 0.2429 0.1157 0.1095
77 0.0781 0.3845 0.3530 0.1554 0.0290
78 0.1652 0.3665 0.2703 0.1665 0.0315
79 0.2162 0.4038 0.2355 0.1373 0.0072
80 0.0825 0.1051 0.5093 0.2900 0.0131
81 0.0423 0.5840 0.0379 0.0514 0.2844
82 0.0030 0.0859 0.0148 0.0943 0.8022
83 0.0046 0.0422 0.0056 0.0014 0.9463
84 0.0130 0.0972 0.0139 0.0226 0.8535
85 0.0281 0.4253 0.3472 0.1887 0.0107
86 0.0390 0.3943 0.4399 0.1061 0.0207
87 0.0349 0.5991 0.2578 0.0750 0.0333
88 0.0161 0.8135 0.0251 0.0441 0.1010
89 0.0174 0.2605 0.0907 0.0446 0.5869
90 0.0128 0.8320 0.0377 0.0305 0.0870
91 0.0093 0.4253 0.0528 0.0383 0.4744
92 0.0035 0.4270 0.0118 0.0180 0.5396
93 0.0081 0.6714 0.0230 0.0264 0.2712
94 0.0070 0.4976 0.0181 0.0311 0.4460
95 0.0364 0.6260 0.0502 0.0221 0.2651
96 0.0321 0.6064 0.0413 0.0293 0.2910
97 0.0113 0.8369 0.0457 0.0188 0.0875
98 0.0411 0.5283 0.2439 0.1587 0.0278
99 0.0294 0.4119 0.3157 0.2039 0.0392
100 0.0999 0.4304 0.2064 0.2452 0.0182
101 0.0705 0.5010 0.2722 0.1390 0.0174
102 0.0423 0.4658 0.2019 0.0749 0.2150
103 0.0067 0.7515 0.2152 0.0129 0.0139
104 0.0231 0.4829 0.1776 0.0718 0.2446
105 0.0394 0.2197 0.3796 0.3511 0.0100
106 0.0839 0.4358 0.3970 0.0701 0.0134
107 0.0790 0.3459 0.5195 0.0413 0.0144
108 0.1470 0.1237 0.5049 0.1947 0.0298
109 0.0762 0.3608 0.3499 0.0884 0.1247
110 0.1225 0.3435 0.3833 0.1410 0.0096
111 0.0526 0.5029 0.2267 0.0771 0.1407
112 0.0482 0.5649 0.2886 0.0453 0.0529
113 0.0331 0.7715 0.0789 0.0393 0.0770
114 0.0457 0.6211 0.1030 0.0660 0.1646
115 0.0446 0.6104 0.0914 0.1044 0.1495
116 0.0761 0.5200 0.2573 0.1179 0.0287
117 0.1115 0.6519 0.1244 0.0917 0.0205
118 0.1694 0.4500 0.1383 0.1427 0.0996
119 0.1372 0.4863 0.1361 0.1320 0.1085
120 0.1186 0.4729 0.1852 0.0535 0.1699
121 0.0322 0.5747 0.3770 0.0138 0.0022
122 0.0353 0.4832 0.4470 0.0307 0.0038
123 0.0918 0.6421 0.1598 0.0955 0.0110
124 0.0807 0.6660 0.1805 0.0629 0.0100
125 0.2654 0.4880 0.1714 0.0602 0.0150
126 0.2312 0.5767 0.1359 0.0492 0.0070
127 0.1283 0.7212 0.0961 0.0491 0.0055
128 0.2566 0.4983 0.1951 0.0449 0.0052
129 0.0781 0.3137 0.3965 0.1815 0.0303
130 0.0659 0.1820 0.5649 0.1486 0.0385
131 0.0788 0.5732 0.2427 0.0988 0.0066
132 0.0989 0.6152 0.1965 0.0833 0.0063
133 0.0722 0.6958 0.1653 0.0589 0.0077
134 0.0691 0.6206 0.2671 0.0385 0.0047
135 0.0482 0.5786 0.3000 0.0691 0.0042
136 0.1313 0.4656 0.2305 0.1584 0.0142
137 0.0981 0.5186 0.1833 0.1921 0.0079
138 0.1113 0.4473 0.2712 0.1364 0.0337
139 0.0506 0.4236 0.1522 0.3511 0.0226
140 0.0597 0.1047 0.2305 0.5361 0.0692
141 0.0598 0.2600 0.2559 0.2947 0.1296
142 0.0673 0.2384 0.1886 0.3110 0.1946
143 0.0620 0.1512 0.2166 0.5234 0.0465
144 0.0708 0.2433 0.1823 0.4690 0.0345
145 0.0490 0.1595 0.1365 0.6021 0.0526
146 0.0365 0.5581 0.2556 0.1207 0.0291
147 0.0329 0.4690 0.1895 0.2981 0.0106
148 0.0128 0.2686 0.0478 0.6050 0.0658
149 0.0504 0.3042 0.2791 0.3445 0.0219
150 0.0409 0.2300 0.4504 0.0820 0.1968
151 0.0459 0.6802 0.1350 0.0787 0.0604
152 0.0456 0.4607 0.3342 0.1202 0.0393
153 0.0663 0.4531 0.2406 0.1093 0.1309
154 0.0435 0.4492 0.2559 0.1287 0.1228
155 0.0347 0.2839 0.3911 0.0873 0.2029
156 0.0518 0.1620 0.4138 0.0967 0.2756
157 0.0599 0.4673 0.3018 0.0695 0.1018
158 0.0410 0.6309 0.1063 0.0697 0.1522
159 0.0809 0.5112 0.1548 0.1334 0.1196
160 0.0664 0.5063 0.3425 0.0600 0.0246
161 0.0513 0.5967 0.3245 0.0182 0.0093
162 0.0825 0.5049 0.3694 0.0386 0.0044
163 0.0164 0.4958 0.4443 0.0410 0.0024
164 0.0194 0.2881 0.3367 0.3315 0.0244
165 0.0207 0.5952 0.3608 0.0194 0.0038
166 0.1046 0.3428 0.2321 0.2932 0.0273
167 0.0302 0.3982 0.4583 0.1022 0.0111
168 0.0249 0.5151 0.3379 0.1177 0.0042
169 0.0527 0.5894 0.2827 0.0732 0.0020
170 0.0814 0.4009 0.2469 0.2588 0.0119
171 0.0563 0.5557 0.1669 0.1891 0.0321
172 0.1443 0.5664 0.1882 0.0682 0.0332
173 0.1146 0.6802 0.1288 0.0529 0.0235
174 0.0473 0.5947 0.3086 0.0303 0.0190
175 0.1930 0.5762 0.1827 0.0366 0.0114
176 0.0916 0.4299 0.3145 0.1486 0.0154
177 0.0421 0.1816 0.7300 0.0412 0.0052
178 0.0544 0.1826 0.5801 0.1637 0.0192
179 0.0388 0.4810 0.4243 0.0511 0.0049
180 0.0501 0.4131 0.4680 0.0590 0.0099
181 0.0238 0.6050 0.2812 0.0695 0.0204
182 0.0350 0.4944 0.3345 0.1053 0.0306
183 0.0332 0.5146 0.3538 0.0789 0.0193
184 0.0270 0.5557 0.3589 0.0517 0.0067
185 0.0272 0.6533 0.2947 0.0217 0.0031
186 0.0167 0.5903 0.3811 0.0109 0.0010
187 0.0266 0.5640 0.3699 0.0381 0.0018
188 0.0559 0.6108 0.2976 0.0339 0.0019
189 0.0855 0.4341 0.3772 0.0946 0.0086
190 0.0172 0.8311 0.1284 0.0210 0.0024
191 0.1288 0.4124 0.1918 0.2058 0.0613
192 0.0818 0.5859 0.1602 0.1615 0.0106
193 0.0447 0.4919 0.2915 0.1055 0.0666
194 0.0414 0.6533 0.2294 0.0684 0.0075
195 0.0383 0.6836 0.2400 0.0338 0.0044
196 0.0396 0.6094 0.3113 0.0381 0.0018
197 0.0673 0.3340 0.5381 0.0545 0.0063
198 0.0748 0.6265 0.2379 0.0450 0.0156
199 0.0887 0.5835 0.1608 0.1385 0.0286
200 0.1000 0.3127 0.2986 0.2634 0.0253
201 0.1350 0.4001 0.2727 0.1708 0.0214
202 0.1187 0.3379 0.3486 0.1523 0.0423
203 0.0562 0.3472 0.5376 0.0504 0.0086
204 0.0509 0.2371 0.6348 0.0706 0.0068
205 0.0358 0.3533 0.5063 0.1028 0.0019
206 0.0370 0.4834 0.2954 0.1710 0.0130
207 0.0191 0.3860 0.5444 0.0450 0.0053
208 0.0417 0.6577 0.2617 0.0291 0.0097
209 0.1224 0.2493 0.6025 0.0172 0.0083
210 0.0842 0.2235 0.6675 0.0127 0.0121
211 0.1163 0.2581 0.3843 0.2224 0.0190
212 0.0728 0.5771 0.2664 0.0745 0.0093
213 0.0301 0.0512 0.7295 0.1844 0.0050
214 0.0504 0.2119 0.5850 0.1479 0.0046
215 0.1431 0.2288 0.5840 0.0407 0.0034
216 0.0631 0.1467 0.7632 0.0238 0.0032
217 0.0818 0.1602 0.6743 0.0793 0.0043
218 0.0720 0.1168 0.7983 0.0120 0.0008
219 0.0916 0.4070 0.1582 0.3271 0.0163
220 0.0697 0.2164 0.2590 0.4238 0.0309
221 0.0247 0.0822 0.8633 0.0282 0.0019
222 0.0414 0.1179 0.6997 0.1367 0.0043
223 0.0757 0.1068 0.3669 0.3967 0.0537
224 0.1470 0.2349 0.3962 0.1349 0.0870
225 0.0800 0.3584 0.3342 0.1859 0.0415
226 0.1213 0.4614 0.2568 0.1322 0.0282
227 0.1858 0.1947 0.1287 0.2788 0.2122
228 0.0967 0.1793 0.1204 0.4617 0.1418
229 0.1057 0.3833 0.1216 0.2495 0.1399
230 0.0418 0.4187 0.4561 0.0787 0.0048
231 0.0425 0.5957 0.3091 0.0442 0.0083
232 0.0424 0.6421 0.2052 0.0773 0.0330
233 0.1198 0.4451 0.2920 0.1226 0.0205
234 0.1777 0.3347 0.2411 0.2078 0.0387
235 0.2052 0.3774 0.1769 0.2004 0.0398
236 0.1302 0.2250 0.2113 0.3708 0.0625
237 0.1816 0.0839 0.2664 0.4224 0.0456
238 0.2661 0.1665 0.2040 0.2969 0.0667
239 0.1190 0.1614 0.1390 0.5586 0.0220
240 0.1310 0.0489 0.1519 0.6445 0.0237
241 0.1753 0.0939 0.5400 0.1726 0.0181
242 0.2625 0.0717 0.2625 0.3757 0.0276
243 0.1733 0.4126 0.2314 0.1438 0.0387
244 0.2214 0.1131 0.1954 0.4404 0.0295
245 0.4194 0.1708 0.1721 0.2076 0.0299
246 0.3848 0.2262 0.2371 0.1230 0.0290
247 0.2568 0.1738 0.2910 0.2489 0.0295
248 0.3176 0.1810 0.3330 0.1443 0.0239
249 0.3445 0.3137 0.2539 0.0618 0.0262
250 0.3772 0.1512 0.3303 0.1234 0.0181
251 0.2651 0.2590 0.3301 0.1293 0.0164
252 0.1109 0.2854 0.2876 0.2854 0.0306
253 0.1835 0.2469 0.1545 0.3145 0.1005
254 0.0733 0.0805 0.3782 0.4561 0.0120
255 0.1443 0.2847 0.2018 0.2360 0.1334
256 0.1465 0.1376 0.1499 0.5356 0.0302
257 0.2246 0.3242 0.2817 0.1362 0.0334
258 0.2020 0.2576 0.3958 0.1198 0.0251
259 0.0405 0.0793 0.6641 0.2090 0.0071
260 0.0555 0.2976 0.3882 0.2505 0.0083
261 0.0382 0.1097 0.5571 0.2891 0.0059
262 0.1014 0.1559 0.4653 0.2549 0.0226
263 0.1388 0.2218 0.5239 0.1016 0.0140
264 0.1626 0.4153 0.2189 0.1931 0.0100
265 0.1604 0.3215 0.4065 0.0900 0.0217
266 0.1659 0.2671 0.3679 0.1938 0.0052
267 0.2480 0.3186 0.2661 0.1493 0.0178
268 0.2607 0.2488 0.1863 0.1658 0.1384
269 0.2854 0.3442 0.2766 0.0805 0.0129
270 0.2140 0.3528 0.1667 0.2483 0.0181
271 0.1836 0.1071 0.1938 0.4688 0.0468
272 0.1622 0.1957 0.2018 0.4272 0.0131
273 0.1053 0.4199 0.3220 0.1261 0.0266
274 0.1580 0.0996 0.5645 0.1495 0.0288
275 0.1975 0.4348 0.2152 0.1125 0.0401
276 0.2026 0.1042 0.3845 0.1995 0.1093
277 0.3042 0.2369 0.1339 0.2075 0.1173
278 0.1802 0.1019 0.2661 0.3499 0.1019
279 0.2021 0.3748 0.2678 0.1305 0.0245
280 0.1768 0.2019 0.3252 0.2100 0.0862
281 0.2384 0.0301 0.4814 0.2274 0.0227
282 0.2861 0.3318 0.1300 0.2142 0.0378
283 0.2852 0.3013 0.1456 0.2439 0.0240
284 0.1521 0.2231 0.2450 0.3538 0.0260
285 0.1628 0.1615 0.5596 0.1085 0.0078
286 0.0519 0.2783 0.5938 0.0640 0.0122
287 0.2273 0.2722 0.2764 0.1379 0.0863
288 0.1196 0.3625 0.4409 0.0592 0.0178
289 0.0929 0.7363 0.1372 0.0134 0.0202
290 0.2046 0.5063 0.2128 0.0252 0.0509
291 0.1155 0.7588 0.0684 0.0478 0.0096
292 0.2242 0.6143 0.0812 0.0740 0.0063
293 0.2435 0.4768 0.1973 0.0640 0.0183
294 0.0957 0.7827 0.1051 0.0098 0.0067
295 0.2084 0.4341 0.3489 0.0030 0.0056
296 0.0830 0.2537 0.3867 0.2576 0.0188
297 0.2037 0.2830 0.2496 0.2310 0.0327
