time exciting_prob fearful_prob tense_prob sad_prob relaxing_prob
0 0.2037 0.2830 0.2496 0.2310 0.0327
1 0.1829 0.3311 0.2639 0.1665 0.0558
2 0.0997 0.2585 0.4504 0.0765 0.1147
3 0.0392 0.3630 0.4846 0.0803 0.0330
4 0.2443 0.0320 0.0066 0.7070 0.0102
5 0.5073 0.1064 0.0136 0.3599 0.0125
6 0.2612 0.1852 0.0235 0.4878 0.0423
7 0.0541 0.0637 0.1962 0.6689 0.0170
8 0.3989 0.0646 0.1575 0.3691 0.0098
9 0.3228 0.1377 0.3462 0.1754 0.0178
10 0.3406 0.0100 0.0574 0.5796 0.0127
11 0.0424 0.0343 0.0962 0.5894 0.2380
12 0.0631 0.0836 0.1049 0.2964 0.4519
13 0.0687 0.1334 0.1177 0.4045 0.2759
14 0.1108 0.1857 0.1515 0.4119 0.1401
15 0.0656 0.2118 0.1742 0.2656 0.2827
16 0.0194 0.0583 0.3833 0.5239 0.0153
17 0.0388 0.2306 0.5532 0.1254 0.0522
18 0.0243 0.0887 0.3564 0.4949 0.0356
19 0.0195 0.0169 0.1242 0.8037 0.0356
20 0.0695 0.1604 0.1578 0.4429 0.1694
21 0.1107 0.1573 0.2676 0.3254 0.1389
22 0.1093 0.2856 0.2812 0.1918 0.1318
23 0.0343 0.2308 0.4021 0.3130 0.0197
24 0.0987 0.3262 0.4058 0.1381 0.0313
25 0.0344 0.0513 0.1320 0.7539 0.0285
26 0.0437 0.2654 0.3743 0.2893 0.0275
27 0.0381 0.1747 0.3501 0.4062 0.0308
28 0.0459 0.0207 0.2122 0.7065 0.0148
29 0.0453 0.3730 0.1450 0.3911 0.0456
30 0.0386 0.1650 0.3257 0.4282 0.0424
31 0.1273 0.0588 0.1648 0.6270 0.0221
32 0.1282 0.2001 0.2529 0.3979 0.0211
33 0.0454 0.0709 0.4241 0.4514 0.0081
34 0.0619 0.1819 0.5225 0.2159 0.0180
35 0.0380 0.1008 0.6274 0.2308 0.0029
36 0.0410 0.0368 0.4048 0.4517 0.0656
37 0.0933 0.0836 0.4451 0.3440 0.0341
38 0.1528 0.2367 0.4187 0.1447 0.0473
39 0.0683 0.0817 0.5586 0.2537 0.0380
40 0.0693 0.1444 0.2036 0.5366 0.0461
41 0.0715 0.0317 0.1783 0.6787 0.0398
42 0.0867 0.0887 0.3591 0.4167 0.0486
43 0.1309 0.1340 0.3091 0.3877 0.0384
44 0.1163 0.1482 0.4124 0.2856 0.0375
45 0.0261 0.3228 0.4958 0.1489 0.0065
46 0.0256 0.0400 0.2130 0.7095 0.0119
47 0.0258 0.1149 0.6509 0.2017 0.0068
48 0.0798 0.1703 0.3633 0.3550 0.0317
49 0.0627 0.2225 0.2812 0.3967 0.0366
50 0.0532 0.2203 0.4736 0.2327 0.0202
51 0.0867 0.2063 0.1545 0.5269 0.0258
52 0.0623 0.3906 0.3420 0.1919 0.0131
53 0.3792 0.0966 0.3320 0.1508 0.0415
54 0.0640 0.2416 0.3921 0.2825 0.0197
55 0.0483 0.2491 0.1233 0.5615 0.0179
56 0.0626 0.1703 0.2419 0.4851 0.0401
57 0.0847 0.2754 0.2712 0.3049 0.0639
58 0.0258 0.3499 0.3784 0.2224 0.0235
59 0.0707 0.1012 0.4036 0.3789 0.0456
60 0.0703 0.1487 0.4614 0.3027 0.0169
61 0.0212 0.0900 0.7188 0.1566 0.0135
62 0.0437 0.0469 0.2852 0.5986 0.0255
63 0.0277 0.1028 0.6597 0.2012 0.0086
64 0.0799 0.0301 0.1639 0.6743 0.0516
65 0.1023 0.3711 0.2360 0.2473 0.0433
66 0.0696 0.2246 0.2030 0.4719 0.0309
67 0.0811 0.1255 0.3577 0.3928 0.0431
68 0.0250 0.1044 0.5601 0.2998 0.0107
69 0.0789 0.1331 0.2754 0.4609 0.0517
70 0.0498 0.1895 0.1620 0.5835 0.0153
71 0.2668 0.0846 0.1722 0.3452 0.1311
72 0.2063 0.2527 0.2754 0.1984 0.0670
73 0.0594 0.0296 0.1732 0.6592 0.0787
74 0.0938 0.1486 0.3074 0.3171 0.1332
75 0.0388 0.1522 0.7041 0.0790 0.0260
76 0.0274 0.0508 0.4531 0.4460 0.0226
77 0.0127 0.0986 0.6382 0.2385 0.0118
78 0.0750 0.2517 0.5371 0.1153 0.0207
79 0.0599 0.0807 0.3477 0.4902 0.0214
80 0.0267 0.1047 0.6562 0.2034 0.0089
81 0.0992 0.1410 0.5933 0.1488 0.0176
82 0.0797 0.2198 0.3174 0.3149 0.0681
83 0.0575 0.0377 0.2238 0.6680 0.0132
84 0.0548 0.0992 0.5488 0.2676 0.0296
85 0.0895 0.3027 0.3247 0.2568 0.0264
86 0.0195 0.1597 0.6216 0.1866 0.0123
87 0.1271 0.0840 0.3147 0.4104 0.0639
88 0.0928 0.0238 0.2010 0.6592 0.0231
89 0.0905 0.0488 0.7461 0.0986 0.0162
90 0.2354 0.1967 0.3320 0.1394 0.0966
91 0.1654 0.1027 0.4426 0.2313 0.0580
92 0.0418 0.1329 0.5259 0.2749 0.0242
93 0.1328 0.0618 0.2581 0.4858 0.0618
94 0.0498 0.0086 0.1261 0.7847 0.0307
95 0.0582 0.1046 0.4441 0.3484 0.0446
96 0.1205 0.0731 0.2306 0.5405 0.0354
97 0.0534 0.1322 0.2213 0.5522 0.0410
98 0.1028 0.1372 0.1967 0.5303 0.0331
99 0.0506 0.1523 0.1177 0.6411 0.0382
100 0.0330 0.0473 0.2598 0.6475 0.0123
101 0.0992 0.1099 0.2236 0.5039 0.0631
102 0.0355 0.0393 0.2686 0.6445 0.0122
103 0.0163 0.1094 0.6196 0.2505 0.0041
104 0.0839 0.1111 0.2448 0.5386 0.0215
105 0.1226 0.0234 0.1444 0.6577 0.0519
106 0.0384 0.1211 0.6294 0.1951 0.0160
107 0.0316 0.1860 0.4978 0.2708 0.0140
108 0.0109 0.0672 0.8579 0.0584 0.0057
109 0.0148 0.1306 0.7632 0.0883 0.0032
110 0.1204 0.0901 0.4724 0.2864 0.0307
111 0.0325 0.1930 0.4854 0.2578 0.0315
112 0.0333 0.0843 0.1171 0.7168 0.0484
113 0.0655 0.3828 0.3828 0.0923 0.0765
114 0.1107 0.2783 0.3057 0.2151 0.0903
115 0.1661 0.2494 0.3572 0.1151 0.1124
116 0.0507 0.3862 0.3862 0.1512 0.0255
117 0.0137 0.0415 0.3215 0.6196 0.0036
118 0.0449 0.2354 0.6655 0.0406 0.0138
119 0.1232 0.2196 0.4578 0.1533 0.0461
120 0.0437 0.1456 0.7456 0.0458 0.0193
121 0.1157 0.1658 0.4614 0.2394 0.0177
122 0.0350 0.0506 0.1521 0.7490 0.0133
123 0.0359 0.2145 0.5352 0.2095 0.0051
124 0.0605 0.0866 0.6152 0.2144 0.0231
125 0.0174 0.0231 0.1846 0.7651 0.0100
126 0.0600 0.0758 0.2883 0.5391 0.0370
127 0.0952 0.0915 0.5649 0.2178 0.0309
128 0.1694 0.2428 0.4194 0.1351 0.0331
129 0.0623 0.1531 0.6753 0.0879 0.0215
130 0.0330 0.0365 0.1115 0.7861 0.0330
131 0.0695 0.0301 0.2405 0.6338 0.0264
132 0.0280 0.0275 0.2937 0.6416 0.0094
133 0.0368 0.1346 0.6084 0.1899 0.0303
134 0.0980 0.0381 0.3875 0.3906 0.0858
135 0.0421 0.0897 0.5718 0.2537 0.0431
136 0.0392 0.1359 0.5991 0.2153 0.0103
137 0.1520 0.0224 0.1439 0.6299 0.0517
138 0.1581 0.0275 0.3882 0.3853 0.0409
139 0.0920 0.0920 0.3091 0.4531 0.0537
140 0.3821 0.0486 0.2029 0.3372 0.0292
141 0.1923 0.0222 0.2886 0.4541 0.0429
142 0.1340 0.0442 0.3396 0.4395 0.0428
143 0.0894 0.0529 0.6104 0.2246 0.0228
144 0.1820 0.0479 0.5874 0.1311 0.0517
145 0.0167 0.2915 0.5620 0.1254 0.0043
146 0.0135 0.5376 0.3962 0.0492 0.0035
147 0.0141 0.1685 0.6875 0.1272 0.0026
148 0.0348 0.0661 0.8774 0.0167 0.0048
149 0.0265 0.1217 0.7280 0.1091 0.0145
150 0.0299 0.1631 0.6060 0.1484 0.0525
151 0.0776 0.0375 0.3115 0.5220 0.0517
152 0.0658 0.0845 0.4290 0.3877 0.0331
153 0.0302 0.0801 0.2776 0.5967 0.0152
154 0.0152 0.1378 0.4519 0.3896 0.0055
155 0.0140 0.0584 0.3015 0.6089 0.0170
156 0.0155 0.0998 0.7373 0.1429 0.0045
157 0.0329 0.1096 0.5566 0.2888 0.0119
158 0.0814 0.0696 0.3074 0.4910 0.0506
159 0.0285 0.0395 0.3809 0.5454 0.0059
160 0.0404 0.3206 0.4348 0.1899 0.0143
161 0.0506 0.0172 0.1970 0.7095 0.0255
162 0.0219 0.0595 0.3940 0.4905 0.0341
163 0.0186 0.0875 0.5278 0.3408 0.0255
164 0.0799 0.0477 0.2137 0.5415 0.1171
165 0.1104 0.0493 0.5063 0.2976 0.0364
166 0.0944 0.0326 0.2952 0.4983 0.0795
167 0.0286 0.1322 0.5923 0.2247 0.0223
168 0.0542 0.0522 0.6924 0.1923 0.0090
169 0.0389 0.2041 0.5859 0.1614 0.0097
170 0.1077 0.1804 0.5303 0.1580 0.0235
171 0.1141 0.2305 0.4622 0.1687 0.0247
172 0.0406 0.3198 0.1821 0.4438 0.0136
173 0.1194 0.3296 0.3977 0.1311 0.0223
174 0.0426 0.4102 0.3455 0.1139 0.0880
175 0.0307 0.3804 0.3862 0.1927 0.0101
176 0.0786 0.1276 0.4817 0.2422 0.0699
177 0.1440 0.2096 0.3767 0.2451 0.0245
178 0.0607 0.3494 0.5005 0.0811 0.0081
179 0.0528 0.1885 0.5044 0.2365 0.0179
180 0.0776 0.0929 0.3118 0.4163 0.1013
181 0.0408 0.1758 0.5288 0.2366 0.0181
182 0.0525 0.1803 0.3396 0.4094 0.0181
183 0.0228 0.0574 0.7051 0.1973 0.0175
184 0.1008 0.0933 0.3718 0.4246 0.0097
185 0.0908 0.1605 0.4163 0.2229 0.1095
186 0.2024 0.1412 0.4456 0.1857 0.0251
187 0.2742 0.0276 0.5044 0.1914 0.0022
188 0.8853 0.0070 0.0357 0.0704 0.0018
189 0.8828 0.0121 0.0573 0.0391 0.0089
190 0.9009 0.0165 0.0399 0.0352 0.0074
191 0.9136 0.0170 0.0365 0.0247 0.0084
192 0.9370 0.0105 0.0207 0.0294 0.0022
193 0.9053 0.0133 0.0458 0.0330 0.0027
194 0.7930 0.1274 0.0303 0.0127 0.0365
195 0.7959 0.1289 0.0250 0.0061 0.0439
196 0.8320 0.1109 0.0240 0.0036 0.0294
197 0.8013 0.1210 0.0213 0.0062 0.0504
198 0.1440 0.1821 0.1633 0.4651 0.0453
