time exciting_prob fearful_prob tense_prob sad_prob relaxing_prob
0 0.1737 0.6157 0.1021 0.0446 0.0639
1 0.2644 0.5508 0.1019 0.0260 0.0567
2 0.2888 0.4106 0.1262 0.0834 0.0909
3 0.3845 0.4062 0.0818 0.0402 0.0872
4 0.2620 0.4089 0.0949 0.1504 0.0837
5 0.2155 0.4351 0.0891 0.1786 0.0818
6 0.2012 0.5688 0.0852 0.0623 0.0826
7 0.1997 0.5688 0.0900 0.0486 0.0929
8 0.1781 0.4917 0.0881 0.1476 0.0945
9 0.2700 0.5327 0.0773 0.0593 0.0607
10 0.2434 0.4917 0.0969 0.0953 0.0725
11 0.2346 0.5454 0.0856 0.0732 0.0612
12 0.3005 0.5234 0.0725 0.0400 0.0635
13 0.2191 0.5425 0.0769 0.0478 0.1137
14 0.2737 0.5195 0.0828 0.0397 0.0842
15 0.2272 0.5757 0.0755 0.0261 0.0955
16 0.2150 0.6172 0.0640 0.0382 0.0656
17 0.1318 0.7129 0.0781 0.0299 0.0474
18 0.1718 0.6479 0.0948 0.0308 0.0545
19 0.1624 0.6943 0.0661 0.0280 0.0491
20 0.1570 0.5742 0.0959 0.0675 0.1054
21 0.1299 0.6646 0.0878 0.0701 0.0478
22 0.1260 0.7026 0.0752 0.0568 0.0396
23 0.2096 0.5312 0.1252 0.0615 0.0724
24 0.2527 0.5068 0.1013 0.0998 0.0394
25 0.1610 0.5938 0.1254 0.0797 0.0404
26 0.1019 0.7651 0.0613 0.0399 0.0316
27 0.2183 0.6074 0.0720 0.0433 0.0592
28 0.0899 0.5132 0.1182 0.2426 0.0360
29 0.1525 0.6992 0.0602 0.0515 0.0365
30 0.1108 0.7222 0.0786 0.0602 0.0282
31 0.0550 0.7959 0.0740 0.0456 0.0292
32 0.0266 0.8276 0.0989 0.0390 0.0077
33 0.0407 0.7437 0.1635 0.0362 0.0159
34 0.0897 0.6890 0.1152 0.0823 0.0238
35 0.0739 0.7397 0.1276 0.0398 0.0188
36 0.0657 0.7944 0.0739 0.0589 0.0071
37 0.0643 0.8081 0.1011 0.0158 0.0107
38 0.1175 0.7144 0.1185 0.0353 0.0145
39 0.0803 0.7803 0.1016 0.0157 0.0223
40 0.0760 0.8301 0.0476 0.0174 0.0289
41 0.0673 0.6641 0.1759 0.0613 0.0316
42 0.0465 0.8311 0.0947 0.0163 0.0111
43 0.0690 0.6909 0.2075 0.0248 0.0076
44 0.1661 0.5317 0.2115 0.0518 0.0385
45 0.0108 0.6709 0.2798 0.0337 0.0049
46 0.0152 0.8281 0.1121 0.0350 0.0096
47 0.0812 0.6289 0.1666 0.0613 0.0618
48 0.0818 0.6851 0.1482 0.0405 0.0445
49 0.0614 0.7598 0.1240 0.0309 0.0242
50 0.0541 0.6963 0.1448 0.0520 0.0529
51 0.0694 0.5854 0.2257 0.0898 0.0298
52 0.0475 0.6919 0.1921 0.0486 0.0201
53 0.0486 0.7363 0.1290 0.0690 0.0169
54 0.0932 0.7686 0.1031 0.0255 0.0098
55 0.0977 0.7158 0.1133 0.0433 0.0300
56 0.1746 0.6333 0.1026 0.0549 0.0346
57 0.0606 0.7734 0.1158 0.0226 0.0277
58 0.2189 0.5420 0.1759 0.0366 0.0268
59 0.1290 0.5562 0.2246 0.0609 0.0295
60 0.0958 0.6758 0.1484 0.0475 0.0326
61 0.1599 0.5371 0.1770 0.0371 0.0891
62 0.1696 0.6060 0.1532 0.0419 0.0293
63 0.0684 0.6294 0.2389 0.0432 0.0202
64 0.0977 0.7217 0.1178 0.0338 0.0293
65 0.1887 0.6797 0.0622 0.0408 0.0287
66 0.0905 0.6084 0.1827 0.0955 0.0227
67 0.1270 0.4163 0.4099 0.0372 0.0097
68 0.1516 0.4744 0.2277 0.1349 0.0115
69 0.1192 0.5098 0.2262 0.1230 0.0217
70 0.1699 0.6987 0.0861 0.0225 0.0228
71 0.1809 0.5317 0.2216 0.0293 0.0367
72 0.0885 0.7129 0.1693 0.0188 0.0105
73 0.0688 0.7998 0.1033 0.0101 0.0181
74 0.1166 0.5879 0.2230 0.0228 0.0498
75 0.0576 0.5996 0.1218 0.2009 0.0199
76 0.1837 0.5317 0.0809 0.1488 0.0551
77 0.1978 0.5723 0.0576 0.1034 0.0689
78 0.1929 0.5850 0.0414 0.1065 0.0743
79 0.1779 0.5610 0.0952 0.1113 0.0547
80 0.2700 0.4487 0.0986 0.1143 0.0683
81 0.1085 0.4495 0.3137 0.0988 0.0294
82 0.1042 0.7461 0.0647 0.0647 0.0202
83 0.2639 0.4419 0.0637 0.1162 0.1144
84 0.0850 0.8389 0.0484 0.0106 0.0171
85 0.0670 0.8101 0.0952 0.0099 0.0180
86 0.0998 0.6982 0.0439 0.1453 0.0128
87 0.0559 0.7251 0.1394 0.0425 0.0372
88 0.0492 0.7402 0.1370 0.0303 0.0434
89 0.0735 0.8413 0.0429 0.0118 0.0306
90 0.0685 0.8213 0.0880 0.0113 0.0107
91 0.1611 0.6729 0.1040 0.0210 0.0410
92 0.1013 0.6157 0.1849 0.0753 0.0228
93 0.1187 0.4771 0.2236 0.0903 0.0903
94 0.0897 0.6626 0.2290 0.0089 0.0098
95 0.0877 0.4419 0.4285 0.0289 0.0130
96 0.1653 0.6641 0.0844 0.0558 0.0303
97 0.0651 0.5322 0.2476 0.1169 0.0380
98 0.1379 0.6182 0.1285 0.0837 0.0315
99 0.1625 0.6372 0.1091 0.0407 0.0503
100 0.4670 0.2922 0.1247 0.0598 0.0562
101 0.2852 0.5327 0.0750 0.0374 0.0699
102 0.2090 0.6289 0.0658 0.0163 0.0800
103 0.3503 0.4641 0.0648 0.0393 0.0813
104 0.1066 0.5762 0.2153 0.0488 0.0532
105 0.1885 0.4890 0.2576 0.0282 0.0366
106 0.2905 0.1694 0.4500 0.0390 0.0513
107 0.2629 0.4954 0.0847 0.0748 0.0822
108 0.1554 0.2791 0.3213 0.1288 0.1155
109 0.0796 0.3948 0.4336 0.0655 0.0265
110 0.0367 0.4373 0.4954 0.0192 0.0116
111 0.1019 0.4092 0.4221 0.0355 0.0313
112 0.0706 0.2927 0.5732 0.0478 0.0159
113 0.1006 0.2607 0.4797 0.1464 0.0125
114 0.1014 0.5107 0.3196 0.0284 0.0397
115 0.0890 0.6372 0.2238 0.0287 0.0211
116 0.3186 0.3784 0.0598 0.1639 0.0793
117 0.0739 0.7231 0.0689 0.1199 0.0139
118 0.1370 0.6333 0.0622 0.1075 0.0603
119 0.0900 0.7534 0.0996 0.0358 0.0212
120 0.1254 0.4807 0.2654 0.0703 0.0583
121 0.1212 0.4502 0.2952 0.0981 0.0352
122 0.0302 0.7139 0.0839 0.1342 0.0381
123 0.0390 0.6445 0.2729 0.0358 0.0075
124 0.0717 0.6748 0.1963 0.0316 0.0258
125 0.1122 0.5879 0.1570 0.0867 0.0564
126 0.1233 0.4915 0.2358 0.0809 0.0686
127 0.1570 0.5835 0.1849 0.0397 0.0350
128 0.0764 0.5596 0.3240 0.0214 0.0188
129 0.0396 0.6055 0.2905 0.0393 0.0252
130 0.0714 0.4841 0.3225 0.1047 0.0171
131 0.0693 0.7803 0.1254 0.0195 0.0056
132 0.0454 0.5034 0.3569 0.0861 0.0083
133 0.2441 0.3552 0.3086 0.0481 0.0441
134 0.1320 0.4788 0.2524 0.0668 0.0701
135 0.2096 0.3457 0.2489 0.1464 0.0494
136 0.0775 0.3638 0.5132 0.0399 0.0057
137 0.1192 0.3909 0.4497 0.0246 0.0156
138 0.0517 0.2864 0.5967 0.0600 0.0052
139 0.1290 0.2795 0.3398 0.1321 0.1193
140 0.2358 0.3225 0.1597 0.1986 0.0834
141 0.1415 0.3672 0.3188 0.1289 0.0435
142 0.0983 0.4172 0.3979 0.0703 0.0162
143 0.0629 0.6060 0.2336 0.0659 0.0316
144 0.0926 0.4248 0.4451 0.0303 0.0073
145 0.1510 0.4009 0.2629 0.1242 0.0610
146 0.1378 0.5713 0.2202 0.0255 0.0454
147 0.1028 0.5024 0.2773 0.0600 0.0573
148 0.1425 0.6045 0.1482 0.0528 0.0520
149 0.1364 0.5610 0.2374 0.0314 0.0339
150 0.2336 0.4756 0.1362 0.0644 0.0901
151 0.0530 0.5146 0.2283 0.1805 0.0237
152 0.1079 0.5146 0.1633 0.0665 0.1475
153 0.0294 0.6294 0.1111 0.2075 0.0226
154 0.0765 0.6069 0.1766 0.0847 0.0551
155 0.0829 0.5283 0.1990 0.0829 0.1065
156 0.0883 0.6274 0.1433 0.0962 0.0451
157 0.0264 0.7603 0.1028 0.0887 0.0219
158 0.0221 0.8159 0.0596 0.0359 0.0665
159 0.0452 0.6294 0.1137 0.1694 0.0422
160 0.0261 0.7495 0.1302 0.0834 0.0106
161 0.0253 0.6362 0.1205 0.2003 0.0175
162 0.0701 0.6392 0.2012 0.0685 0.0209
163 0.0993 0.3464 0.1433 0.1367 0.2742
164 0.0555 0.5776 0.1721 0.0966 0.0981
165 0.0201 0.7983 0.1115 0.0556 0.0143
166 0.0500 0.6841 0.1813 0.0540 0.0305
167 0.0314 0.7266 0.0888 0.1214 0.0319
168 0.0170 0.8569 0.0511 0.0692 0.0061
169 0.0554 0.6958 0.1680 0.0549 0.0258
170 0.0676 0.6074 0.0954 0.1825 0.0468
171 0.0242 0.6680 0.2659 0.0296 0.0123
172 0.0911 0.4551 0.4275 0.0089 0.0174
173 0.0693 0.6890 0.2307 0.0053 0.0058
174 0.0923 0.3433 0.5234 0.0265 0.0147
175 0.1304 0.3599 0.4692 0.0255 0.0150
176 0.1182 0.5859 0.1815 0.0878 0.0264
177 0.1604 0.4644 0.3242 0.0252 0.0260
178 0.1783 0.5850 0.1959 0.0282 0.0126
179 0.3252 0.1881 0.3801 0.0875 0.0191
180 0.1912 0.6172 0.1244 0.0479 0.0195
181 0.1097 0.2913 0.5356 0.0565 0.0069
182 0.1747 0.2708 0.5298 0.0113 0.0135
183 0.1936 0.2410 0.5347 0.0211 0.0096
184 0.1257 0.3259 0.5249 0.0155 0.0077
185 0.1035 0.2856 0.4495 0.1530 0.0082
186 0.1494 0.4028 0.3088 0.1163 0.0226
187 0.1116 0.1959 0.3777 0.2942 0.0208
188 0.1729 0.3835 0.2764 0.1514 0.0160
189 0.1065 0.3281 0.3896 0.1625 0.0133
190 0.0876 0.2308 0.6084 0.0651 0.0082
191 0.0534 0.4951 0.3796 0.0649 0.0070
192 0.0871 0.3337 0.5171 0.0485 0.0137
193 0.1682 0.2126 0.5264 0.0782 0.0148
194 0.0615 0.4302 0.4104 0.0861 0.0117
195 0.0495 0.4116 0.4180 0.1108 0.0101
196 0.1429 0.3025 0.4912 0.0461 0.0173
197 0.1088 0.1909 0.5269 0.1232 0.0502
198 0.0721 0.1715 0.7334 0.0197 0.0033
199 0.0555 0.4009 0.3826 0.1521 0.0091
200 0.1624 0.3716 0.4277 0.0287 0.0095
201 0.0736 0.5190 0.3406 0.0426 0.0241
202 0.0823 0.3411 0.5044 0.0593 0.0131
203 0.1549 0.3228 0.4771 0.0271 0.0181
204 0.0900 0.2771 0.5430 0.0746 0.0154
205 0.2795 0.2795 0.3533 0.0551 0.0326
206 0.1754 0.2983 0.4548 0.0515 0.0198
207 0.0792 0.4927 0.3835 0.0365 0.0081
208 0.1000 0.4961 0.3306 0.0570 0.0164
209 0.1382 0.2140 0.5640 0.0717 0.0125
210 0.1033 0.7227 0.1161 0.0308 0.0272
211 0.4299 0.2671 0.0847 0.1407 0.0777
212 0.1266 0.2023 0.5854 0.0744 0.0112
213 0.1847 0.2998 0.4500 0.0486 0.0169
214 0.1031 0.3569 0.5112 0.0175 0.0109
215 0.0936 0.5137 0.3586 0.0231 0.0112
216 0.3333 0.5078 0.0992 0.0374 0.0221
217 0.1036 0.4980 0.3701 0.0173 0.0109
218 0.2695 0.3923 0.3054 0.0179 0.0146
219 0.0546 0.6499 0.2014 0.0839 0.0099
220 0.1246 0.7285 0.0549 0.0641 0.0278
221 0.1144 0.7876 0.0504 0.0272 0.0205
222 0.1365 0.6558 0.0790 0.1022 0.0264
223 0.1552 0.5947 0.0721 0.1359 0.0424
224 0.1659 0.4475 0.0697 0.2715 0.0453
