time exciting_prob fearful_prob tense_prob sad_prob relaxing_prob
0 0.6753 0.0135 0.0418 0.1997 0.0695
1 0.4629 0.0137 0.0431 0.3550 0.1256
2 0.5527 0.0170 0.0359 0.2959 0.0983
3 0.6909 0.0120 0.0233 0.1019 0.1720
4 0.2942 0.3928 0.0536 0.1041 0.1550
5 0.7085 0.0111 0.0212 0.1462 0.1130
6 0.6431 0.0196 0.0310 0.1144 0.1917
7 0.2549 0.0370 0.0696 0.2015 0.4370
8 0.2426 0.2174 0.2091 0.2208 0.1102
9 0.5972 0.1322 0.1865 0.0228 0.0610
10 0.5239 0.1782 0.2068 0.0315 0.0597
11 0.5000 0.2185 0.1943 0.0368 0.0503
12 0.0696 0.1876 0.6548 0.0525 0.0352
13 0.7490 0.0197 0.0230 0.1851 0.0233
14 0.1553 0.1577 0.3843 0.2332 0.0695
15 0.2510 0.2822 0.0983 0.2571 0.1114
16 0.5166 0.0236 0.0750 0.3635 0.0215
17 0.8389 0.0231 0.0333 0.0817 0.0232
18 0.8413 0.0157 0.0180 0.0795 0.0457
19 0.2661 0.3210 0.3262 0.0349 0.0516
20 0.8335 0.0285 0.0402 0.0390 0.0585
21 0.8555 0.0295 0.0247 0.0461 0.0443
22 0.8857 0.0270 0.0236 0.0325 0.0310
23 0.8774 0.0296 0.0430 0.0253 0.0245
24 0.5874 0.1353 0.0820 0.0840 0.1113
25 0.3076 0.3799 0.0475 0.1595 0.1055
26 0.3772 0.1294 0.3953 0.0365 0.0616
27 0.6187 0.1414 0.1190 0.0399 0.0812
28 0.3728 0.0308 0.2191 0.3315 0.0459
29 0.1741 0.4241 0.0407 0.2612 0.0999
30 0.1639 0.3523 0.1626 0.2240 0.0971
31 0.1708 0.3589 0.2952 0.1289 0.0463
32 0.1031 0.0911 0.2184 0.5576 0.0296
33 0.2278 0.1102 0.4460 0.1979 0.0181
34 0.3379 0.2891 0.1355 0.2131 0.0245
35 0.3733 0.1777 0.2336 0.0922 0.1231
36 0.2812 0.1154 0.2350 0.2705 0.0980
37 0.1727 0.6079 0.1512 0.0487 0.0195
38 0.1242 0.6357 0.1451 0.0854 0.0096
39 0.0880 0.2625 0.2505 0.3821 0.0170
40 0.4871 0.0789 0.2842 0.0624 0.0873
41 0.4099 0.1439 0.2710 0.0268 0.1484
42 0.4622 0.1205 0.2673 0.0427 0.1072
43 0.1670 0.2300 0.5693 0.0211 0.0127
44 0.0922 0.3479 0.4832 0.0690 0.0078
45 0.1534 0.1006 0.4990 0.0887 0.1582
46 0.2961 0.1073 0.1624 0.3804 0.0539
47 0.0924 0.2286 0.3125 0.3542 0.0121
48 0.5229 0.2147 0.1096 0.0731 0.0796
49 0.4380 0.3438 0.1116 0.0119 0.0947
50 0.3386 0.1885 0.1960 0.1885 0.0883
51 0.4492 0.3018 0.1339 0.0567 0.0585
52 0.0355 0.0441 0.0445 0.2224 0.6538
53 0.0995 0.1219 0.1043 0.2140 0.4602
54 0.4048 0.2654 0.0823 0.1160 0.1315
55 0.2566 0.5781 0.1078 0.0281 0.0292
56 0.4106 0.3770 0.1158 0.0305 0.0660
57 0.1151 0.5239 0.2495 0.0540 0.0574
58 0.2993 0.2277 0.2769 0.1653 0.0311
59 0.1978 0.1993 0.2207 0.3391 0.0431
60 0.3359 0.1943 0.1783 0.1503 0.1411
61 0.2405 0.2156 0.1653 0.3135 0.0652
62 0.2964 0.3604 0.2169 0.0570 0.0693
63 0.4600 0.2057 0.1918 0.0995 0.0431
64 0.2947 0.1639 0.1154 0.3904 0.0357
65 0.2703 0.1381 0.1873 0.3088 0.0956
66 0.2076 0.3398 0.3293 0.0929 0.0304
67 0.2800 0.1698 0.0854 0.0640 0.4009
68 0.6069 0.2050 0.1063 0.0214 0.0601
69 0.5928 0.1365 0.0822 0.0388 0.1499
70 0.7456 0.0190 0.0677 0.1562 0.0117
71 0.7007 0.0276 0.0607 0.1930 0.0182
72 0.3130 0.2135 0.2135 0.1688 0.0911
73 0.3096 0.1231 0.2883 0.2014 0.0776
74 0.2957 0.0765 0.3350 0.2394 0.0534
75 0.3652 0.0737 0.3030 0.1753 0.0828
76 0.2952 0.1111 0.1240 0.4260 0.0439
77 0.3679 0.2267 0.1547 0.1698 0.0809
78 0.2292 0.1276 0.5947 0.0320 0.0164
79 0.4741 0.1117 0.2681 0.0508 0.0956
80 0.1672 0.0453 0.3596 0.4011 0.0267
81 0.3176 0.0760 0.4480 0.1477 0.0105
82 0.3115 0.0541 0.3760 0.2352 0.0231
83 0.1991 0.1285 0.5161 0.1066 0.0496
84 0.1594 0.1185 0.5479 0.1030 0.0713
85 0.2145 0.1462 0.1053 0.2585 0.2754
86 0.1293 0.0946 0.1039 0.4956 0.1768
87 0.2327 0.1433 0.1008 0.2290 0.2942
88 0.2343 0.0917 0.1107 0.2380 0.3252
89 0.3672 0.1531 0.1804 0.1230 0.1763
90 0.0953 0.0766 0.4341 0.3831 0.0110
91 0.1157 0.2690 0.3975 0.1937 0.0241
92 0.6865 0.0169 0.0270 0.2466 0.0231
93 0.6802 0.0445 0.0313 0.2190 0.0252
94 0.7925 0.0317 0.0295 0.1141 0.0322
95 0.8599 0.0217 0.0363 0.0723 0.0098
96 0.5850 0.1813 0.1179 0.0667 0.0492
97 0.1614 0.2876 0.4456 0.0699 0.0355
98 0.8931 0.0191 0.0124 0.0528 0.0227
99 0.8169 0.0206 0.0206 0.1063 0.0356
100 0.0743 0.0535 0.2218 0.5156 0.1345
101 0.1479 0.1170 0.0904 0.5850 0.0598
102 0.0982 0.1166 0.5146 0.2213 0.0494
103 0.2084 0.6318 0.0760 0.0303 0.0535
104 0.2101 0.0955 0.3057 0.2004 0.1884
105 0.2744 0.1316 0.3232 0.0837 0.1871
106 0.2788 0.2578 0.1025 0.2292 0.1317
107 0.2561 0.2296 0.1459 0.2406 0.1278
108 0.2703 0.1946 0.2922 0.1946 0.0484
109 0.7104 0.0947 0.0767 0.0835 0.0348
110 0.8530 0.0402 0.0562 0.0217 0.0290
111 0.1528 0.0673 0.1932 0.4783 0.1084
112 0.7661 0.0119 0.0400 0.1281 0.0542
113 0.5449 0.0078 0.0269 0.3923 0.0280
114 0.4182 0.0704 0.0756 0.3867 0.0492
115 0.7617 0.0125 0.0320 0.1454 0.0483
116 0.4504 0.0350 0.0981 0.3674 0.0490
117 0.6079 0.1561 0.0333 0.1783 0.0241
118 0.7983 0.0924 0.0241 0.0725 0.0129
119 0.7983 0.0903 0.0216 0.0726 0.0171
120 0.3376 0.2302 0.3223 0.0640 0.0461
121 0.0677 0.0971 0.2539 0.5288 0.0524
122 0.3081 0.1255 0.1742 0.3547 0.0374
123 0.3203 0.5117 0.1024 0.0325 0.0332
124 0.1620 0.2776 0.4368 0.1096 0.0139
125 0.1572 0.1064 0.4656 0.2166 0.0543
126 0.1489 0.1661 0.2961 0.3408 0.0480
127 0.1350 0.0421 0.4028 0.3726 0.0474
128 0.4714 0.0186 0.0248 0.4497 0.0355
129 0.5640 0.0212 0.0222 0.3474 0.0456
130 0.6426 0.0238 0.0323 0.2598 0.0414
131 0.2837 0.0120 0.0304 0.6494 0.0246
132 0.2369 0.3264 0.3264 0.0529 0.0572
133 0.3745 0.2456 0.1378 0.0897 0.1525
134 0.2759 0.3176 0.2612 0.0327 0.1124
135 0.3230 0.3413 0.1929 0.0338 0.1091
136 0.3088 0.1874 0.1248 0.0700 0.3088
137 0.7739 0.0754 0.0410 0.0374 0.0720
138 0.1274 0.4700 0.2185 0.0817 0.1024
139 0.4041 0.0692 0.1864 0.2712 0.0692
140 0.2646 0.1581 0.3704 0.1670 0.0399
141 0.1217 0.2964 0.1108 0.0721 0.3989
142 0.1849 0.2507 0.0975 0.0334 0.4333
143 0.1727 0.4309 0.2915 0.0539 0.0511
144 0.1431 0.4404 0.0625 0.1030 0.2510
145 0.1276 0.6084 0.0401 0.0395 0.1842
146 0.1486 0.3096 0.2030 0.2607 0.0782
147 0.1654 0.2091 0.0746 0.0723 0.4788
148 0.2925 0.1110 0.1437 0.3755 0.0775
149 0.1898 0.1367 0.4661 0.1974 0.0100
150 0.6885 0.0289 0.0410 0.2084 0.0330
151 0.8091 0.0268 0.0316 0.1005 0.0319
152 0.3271 0.2015 0.1475 0.2450 0.0789
153 0.2529 0.1312 0.4507 0.1038 0.0615
154 0.1300 0.0525 0.1777 0.5557 0.0839
155 0.1727 0.4517 0.2418 0.1206 0.0131
156 0.2227 0.0980 0.4126 0.2389 0.0279
157 0.2581 0.0679 0.4746 0.1471 0.0524
158 0.1957 0.1263 0.3079 0.3079 0.0625
159 0.2986 0.0779 0.1196 0.4016 0.1024
160 0.5166 0.2328 0.1401 0.0804 0.0301
161 0.8486 0.0241 0.0246 0.0370 0.0654
162 0.5732 0.0900 0.2563 0.0321 0.0485
163 0.5073 0.0708 0.2510 0.0655 0.1055
164 0.5542 0.0662 0.2460 0.0417 0.0919
165 0.5142 0.0609 0.2605 0.1240 0.0403
166 0.0376 0.2610 0.6821 0.0152 0.0044
167 0.1299 0.2859 0.5259 0.0318 0.0268
168 0.1775 0.2107 0.3367 0.2174 0.0576
169 0.2698 0.2615 0.1715 0.2576 0.0395
170 0.2178 0.0304 0.1241 0.5474 0.0801
171 0.4282 0.0441 0.2854 0.1786 0.0637
172 0.4790 0.1567 0.1192 0.1211 0.1240
173 0.2212 0.0901 0.1863 0.4131 0.0894
174 0.1578 0.1182 0.2010 0.2350 0.2881
175 0.1343 0.1046 0.4333 0.2754 0.0526
176 0.6992 0.0123 0.0345 0.2115 0.0423
177 0.7236 0.0165 0.0504 0.1732 0.0360
178 0.1492 0.3159 0.2620 0.0473 0.2257
179 0.0458 0.5845 0.3179 0.0181 0.0335
180 0.0389 0.2037 0.3867 0.3467 0.0241
181 0.7085 0.0490 0.0391 0.1737 0.0297
182 0.8516 0.0294 0.0294 0.0688 0.0210
183 0.6831 0.0377 0.0382 0.1868 0.0540
184 0.6216 0.0407 0.0543 0.2532 0.0305
185 0.2830 0.1017 0.2421 0.2786 0.0948
186 0.2927 0.1890 0.1111 0.2483 0.1591
187 0.2334 0.0460 0.2727 0.4094 0.0384
188 0.2502 0.5093 0.1732 0.0299 0.0375
189 0.2148 0.0282 0.1796 0.4272 0.1500
190 0.4080 0.1124 0.1927 0.2101 0.0767
191 0.2090 0.0806 0.0831 0.5815 0.0456
192 0.4109 0.1672 0.1252 0.1115 0.1852
193 0.3123 0.1062 0.1364 0.4009 0.0443
194 0.1986 0.1132 0.5234 0.1409 0.0241
195 0.1718 0.1638 0.4668 0.1744 0.0232
196 0.2102 0.4666 0.1456 0.1266 0.0511
197 0.0871 0.5464 0.1859 0.1027 0.0781
198 0.5508 0.0590 0.0793 0.2664 0.0445
199 0.1558 0.3220 0.1498 0.2629 0.1096
200 0.3677 0.1364 0.1271 0.3401 0.0290
201 0.1743 0.3035 0.1526 0.3550 0.0146
202 0.2361 0.6074 0.0731 0.0245 0.0588
203 0.2532 0.3005 0.2002 0.1896 0.0565
204 0.1272 0.0569 0.1487 0.0213 0.6460
205 0.1460 0.0576 0.1628 0.0287 0.6050
206 0.1636 0.5039 0.0823 0.0693 0.1810
207 0.1777 0.3193 0.0638 0.0801 0.3589
208 0.0588 0.1469 0.0536 0.2556 0.4851
209 0.1194 0.2908 0.0827 0.1644 0.3428
210 0.7075 0.0839 0.1210 0.0504 0.0372
211 0.8193 0.0210 0.0352 0.0524 0.0721
212 0.6533 0.0182 0.0301 0.2404 0.0580
213 0.7344 0.0184 0.0234 0.1799 0.0438
214 0.3286 0.0493 0.1627 0.4287 0.0306
215 0.4983 0.0839 0.2410 0.1373 0.0396
216 0.4792 0.0581 0.1086 0.1763 0.1777
217 0.1239 0.1642 0.1949 0.4749 0.0421
218 0.4465 0.1748 0.2793 0.0590 0.0403
219 0.5596 0.1860 0.1566 0.0396 0.0581
220 0.8247 0.0140 0.0127 0.0430 0.1057
221 0.7222 0.0296 0.0499 0.1284 0.0698
222 0.7446 0.0359 0.0382 0.0715 0.1098
223 0.6987 0.0324 0.0200 0.0760 0.1726
224 0.2229 0.1937 0.4575 0.1112 0.0147
225 0.5366 0.0271 0.0553 0.3413 0.0395
226 0.4719 0.0159 0.0367 0.4575 0.0179
227 0.1488 0.1794 0.5034 0.1072 0.0611
228 0.3789 0.3396 0.1351 0.0907 0.0555
229 0.1783 0.3333 0.2290 0.2476 0.0120
230 0.0343 0.7388 0.0862 0.0487 0.0918
231 0.1138 0.5781 0.2177 0.0425 0.0478
232 0.5190 0.0083 0.0164 0.4438 0.0127
233 0.4802 0.0060 0.0100 0.4954 0.0084
234 0.3950 0.2130 0.2673 0.0938 0.0309
235 0.2942 0.1025 0.3809 0.1434 0.0792
236 0.0724 0.7842 0.0887 0.0297 0.0248
237 0.0786 0.4854 0.3284 0.0544 0.0532
238 0.4414 0.1400 0.1467 0.1295 0.1422
239 0.4893 0.1718 0.0716 0.0786 0.1886
240 0.6401 0.0513 0.1036 0.1952 0.0099
241 0.7358 0.0806 0.0663 0.0921 0.0254
242 0.0911 0.1812 0.2255 0.1422 0.3601
243 0.0583 0.0848 0.3625 0.3459 0.1487
244 0.0770 0.0387 0.3091 0.5342 0.0412
245 0.3652 0.1420 0.3005 0.1252 0.0670
246 0.7656 0.0826 0.0356 0.0425 0.0735
247 0.4851 0.1316 0.2152 0.1074 0.0607
248 0.3767 0.2932 0.1451 0.1158 0.0692
249 0.4563 0.2834 0.1172 0.1172 0.0259
250 0.4326 0.3757 0.0943 0.0776 0.0198
251 0.8906 0.0153 0.0147 0.0275 0.0518
252 0.8926 0.0139 0.0211 0.0247 0.0477
253 0.3159 0.1425 0.3015 0.2024 0.0378
254 0.3503 0.0981 0.3616 0.1230 0.0669
255 0.7622 0.0570 0.0527 0.0616 0.0666
256 0.8770 0.0293 0.0379 0.0147 0.0413
257 0.7544 0.0582 0.0801 0.0288 0.0783
258 0.4854 0.2274 0.1359 0.0970 0.0544
259 0.6099 0.1329 0.1289 0.0309 0.0973
260 0.7236 0.0212 0.0264 0.1888 0.0399
261 0.7422 0.0211 0.0250 0.1722 0.0393
262 0.7422 0.0211 0.0250 0.1722 0.0393
263 0.6846 0.0154 0.0227 0.2365 0.0411
264 0.6812 0.0155 0.0228 0.2391 0.0412
265 0.5923 0.0952 0.0494 0.2507 0.0125
266 0.5923 0.0952 0.0494 0.2507 0.0125
267 0.7568 0.1688 0.0451 0.0105 0.0189
268 0.7417 0.1580 0.0633 0.0150 0.0220
269 0.7407 0.1577 0.0642 0.0154 0.0220
270 0.7471 0.1542 0.0627 0.0148 0.0214
271 0.7490 0.1807 0.0426 0.0091 0.0185
