time exciting_prob fearful_prob tense_prob sad_prob relaxing_prob
0 0.2018 0.2251 0.0999 0.4272 0.0461
1 0.4023 0.0912 0.3232 0.1515 0.0318
2 0.5469 0.0907 0.2751 0.0563 0.0309
3 0.4233 0.1149 0.3247 0.1122 0.0248
4 0.5215 0.1019 0.2878 0.0663 0.0226
5 0.1345 0.4697 0.3179 0.0548 0.0232
6 0.1313 0.4307 0.3801 0.0430 0.0149
7 0.1653 0.4934 0.2520 0.0613 0.0281
8 0.7583 0.0689 0.0598 0.0073 0.1058
9 0.8525 0.0236 0.0418 0.0137 0.0684
10 0.9126 0.0128 0.0261 0.0059 0.0427
11 0.1581 0.3093 0.4363 0.0654 0.0309
12 0.1497 0.3591 0.3120 0.0966 0.0826
13 0.4231 0.1805 0.0624 0.0795 0.2546
14 0.4104 0.0945 0.0314 0.2910 0.1725
15 0.5273 0.0888 0.0322 0.1547 0.1970
16 0.6104 0.0958 0.0336 0.0770 0.1832
17 0.0876 0.2827 0.1854 0.1742 0.2698
18 0.0684 0.2175 0.2316 0.1183 0.3643
19 0.5171 0.2296 0.1903 0.0390 0.0238
20 0.7793 0.0834 0.0660 0.0596 0.0119
21 0.3079 0.0692 0.0359 0.5840 0.0029
22 0.1893 0.0573 0.0262 0.7256 0.0015
23 0.6367 0.0602 0.0362 0.2494 0.0174
24 0.5996 0.1565 0.1565 0.0589 0.0283
25 0.1381 0.0292 0.5547 0.2073 0.0706
26 0.1799 0.0515 0.4814 0.2072 0.0798
27 0.2229 0.0521 0.5024 0.1606 0.0619
28 0.0895 0.0660 0.6025 0.1956 0.0464
29 0.2103 0.0448 0.3059 0.3577 0.0811
30 0.1272 0.0713 0.5029 0.2489 0.0498
31 0.1608 0.0945 0.3623 0.3098 0.0724
32 0.1107 0.0962 0.3206 0.3411 0.1315
33 0.1841 0.0829 0.3179 0.3035 0.1116
34 0.1440 0.0629 0.3296 0.3975 0.0659
35 0.3987 0.0925 0.1812 0.1125 0.2151
36 0.7266 0.0625 0.0560 0.0828 0.0720
37 0.6279 0.0579 0.0579 0.1456 0.1108
38 0.7100 0.0868 0.0530 0.0961 0.0543
39 0.6851 0.0763 0.0642 0.1248 0.0496
40 0.1759 0.3235 0.1602 0.2600 0.0805
41 0.1982 0.2505 0.1643 0.3535 0.0334
42 0.1980 0.1980 0.1404 0.4192 0.0442
43 0.1425 0.2173 0.1298 0.4670 0.0435
44 0.0807 0.0735 0.1053 0.7192 0.0212
45 0.1458 0.2120 0.1652 0.4282 0.0488
46 0.1407 0.4473 0.2432 0.1130 0.0560
47 0.1176 0.3567 0.1766 0.2529 0.0960
48 0.1296 0.3086 0.2520 0.2223 0.0877
49 0.0942 0.0914 0.1603 0.0299 0.6240
50 0.1176 0.0834 0.1659 0.0359 0.5972
51 0.1220 0.0643 0.1890 0.0695 0.5552
52 0.0657 0.0301 0.1018 0.0617 0.7407
53 0.1046 0.0518 0.1429 0.0498 0.6509
54 0.0910 0.0587 0.1409 0.0578 0.6514
55 0.1281 0.0644 0.1406 0.0464 0.6206
56 0.5713 0.2401 0.1538 0.0257 0.0088
57 0.4934 0.3726 0.0964 0.0326 0.0051
58 0.5581 0.2515 0.1478 0.0386 0.0042
59 0.4351 0.3899 0.1379 0.0325 0.0045
60 0.1327 0.0508 0.1528 0.1135 0.5503
61 0.1310 0.0701 0.1102 0.1020 0.5869
62 0.1853 0.0779 0.1334 0.0754 0.5278
63 0.1973 0.0709 0.1714 0.1089 0.4514
64 0.1187 0.1866 0.4919 0.1896 0.0132
65 0.0959 0.4038 0.3508 0.1290 0.0204
66 0.0858 0.4426 0.3140 0.1019 0.0558
67 0.0781 0.4458 0.4526 0.0188 0.0047
68 0.1458 0.3135 0.3840 0.1370 0.0200
69 0.1768 0.4175 0.3054 0.0592 0.0410
70 0.2101 0.3462 0.3306 0.0656 0.0476
71 0.2043 0.2351 0.4534 0.0906 0.0166
72 0.1083 0.1731 0.1287 0.3496 0.2404
73 0.1292 0.2842 0.1750 0.1185 0.2932
74 0.1153 0.1786 0.5249 0.1626 0.0185
75 0.0687 0.6323 0.2805 0.0161 0.0026
76 0.2094 0.0669 0.1394 0.1052 0.4790
77 0.1503 0.1099 0.1503 0.0970 0.4927
78 0.1487 0.0714 0.1880 0.0809 0.5112
79 0.0482 0.0075 0.0100 0.0659 0.8682
80 0.0299 0.0105 0.0099 0.0400 0.9097
81 0.0466 0.0102 0.0148 0.0489 0.8794
82 0.1520 0.2710 0.5474 0.0183 0.0113
83 0.1693 0.0442 0.0906 0.1318 0.5640
84 0.0679 0.0638 0.0845 0.0181 0.7656
85 0.0861 0.1272 0.2065 0.0610 0.5190
86 0.2048 0.1522 0.5659 0.0725 0.0047
87 0.1624 0.2554 0.4697 0.1064 0.0060
88 0.1304 0.2654 0.5361 0.0495 0.0189
89 0.0847 0.2415 0.5356 0.1195 0.0188
90 0.0648 0.0490 0.7539 0.1250 0.0075
91 0.1516 0.2878 0.4321 0.1219 0.0066
92 0.1646 0.2888 0.4543 0.0840 0.0081
93 0.2313 0.1494 0.4673 0.1382 0.0137
94 0.1816 0.2444 0.5093 0.0608 0.0038
95 0.1853 0.3354 0.3054 0.1273 0.0465
96 0.1595 0.1114 0.4763 0.2357 0.0171
97 0.1129 0.4465 0.3318 0.1060 0.0028
98 0.2347 0.0229 0.1180 0.5991 0.0251
99 0.3157 0.1025 0.2136 0.3206 0.0477
100 0.0991 0.1006 0.1685 0.1738 0.4580
101 0.0819 0.2603 0.3503 0.2771 0.0304
102 0.0816 0.4771 0.3228 0.0954 0.0232
103 0.3777 0.1501 0.2152 0.1898 0.0672
104 0.3904 0.1257 0.1903 0.2561 0.0375
105 0.2013 0.0478 0.2466 0.4905 0.0140
106 0.1011 0.2139 0.2925 0.3582 0.0344
107 0.3899 0.1552 0.1901 0.2517 0.0131
108 0.1653 0.0927 0.2561 0.4565 0.0294
109 0.2042 0.0775 0.4060 0.2878 0.0244
110 0.2976 0.0801 0.2391 0.3533 0.0299
111 0.2437 0.2117 0.4209 0.0523 0.0715
112 0.1748 0.2861 0.3586 0.0432 0.1372
113 0.1215 0.3174 0.2759 0.1365 0.1488
114 0.0706 0.3423 0.4194 0.0914 0.0764
115 0.0753 0.1777 0.3704 0.2467 0.1300
116 0.0494 0.2001 0.2693 0.1354 0.3457
117 0.0518 0.2864 0.6064 0.0226 0.0329
118 0.0553 0.2617 0.6377 0.0247 0.0205
119 0.0590 0.3555 0.5508 0.0173 0.0176
120 0.0786 0.1575 0.1869 0.3333 0.2438
121 0.0562 0.4280 0.2556 0.1960 0.0641
122 0.2147 0.1753 0.4475 0.1168 0.0457
123 0.2019 0.1500 0.4807 0.0875 0.0797
124 0.1193 0.1891 0.1394 0.1643 0.3879
125 0.1006 0.1738 0.0514 0.0284 0.6460
126 0.1908 0.1968 0.4167 0.0853 0.1104
127 0.1816 0.2903 0.4290 0.0405 0.0585
128 0.2156 0.1034 0.1932 0.0172 0.4707
129 0.1288 0.1085 0.2333 0.0199 0.5093
130 0.2496 0.0503 0.0890 0.0398 0.5713
131 0.0338 0.0642 0.3472 0.3472 0.2074
132 0.0528 0.0366 0.1109 0.5210 0.2788
133 0.0388 0.0221 0.1420 0.6460 0.1511
134 0.3911 0.1104 0.0951 0.3733 0.0302
135 0.3572 0.0784 0.2235 0.2825 0.0583
136 0.3530 0.1426 0.2622 0.1775 0.0648
137 0.3062 0.2617 0.2170 0.0488 0.1664
138 0.3191 0.1531 0.2815 0.1270 0.1193
139 0.3379 0.1431 0.3174 0.0765 0.1252
140 0.3374 0.1892 0.2668 0.1037 0.1029
141 0.2568 0.2866 0.3049 0.0802 0.0714
142 0.2264 0.2861 0.3347 0.1053 0.0475
143 0.0637 0.3286 0.3499 0.0357 0.2223
144 0.0925 0.2534 0.3010 0.0565 0.2964
145 0.0847 0.0388 0.2450 0.3977 0.2338
146 0.1975 0.1855 0.4775 0.0437 0.0955
147 0.2207 0.2424 0.2539 0.0405 0.2424
148 0.1727 0.1304 0.2891 0.1047 0.3030
149 0.1971 0.2198 0.3513 0.0961 0.1355
150 0.3052 0.1354 0.1633 0.3406 0.0556
151 0.1130 0.4070 0.3647 0.0853 0.0299
152 0.1794 0.0611 0.3513 0.3459 0.0620
153 0.1805 0.1260 0.2467 0.0586 0.3882
154 0.1531 0.1981 0.1592 0.0463 0.4431
155 0.0699 0.0553 0.1025 0.0603 0.7119
156 0.3145 0.2690 0.1968 0.0937 0.1261
157 0.1475 0.3428 0.2671 0.0952 0.1475
158 0.1829 0.2969 0.3469 0.0762 0.0971
159 0.1229 0.2444 0.3967 0.1760 0.0599
160 0.0462 0.1538 0.5806 0.1945 0.0251
161 0.1387 0.0443 0.1132 0.6719 0.0319
162 0.2218 0.1455 0.1810 0.4080 0.0437
163 0.1874 0.0425 0.5093 0.0845 0.1760
164 0.2961 0.1294 0.3008 0.1942 0.0797
165 0.1688 0.0715 0.5537 0.1742 0.0317
166 0.2454 0.1334 0.5112 0.0709 0.0391
167 0.1248 0.1328 0.2480 0.4563 0.0381
168 0.0604 0.0935 0.5552 0.1747 0.1163
169 0.2196 0.0974 0.3735 0.1937 0.1157
170 0.0509 0.1592 0.3369 0.4128 0.0403
171 0.0381 0.1288 0.3726 0.4495 0.0113
172 0.1060 0.0585 0.2502 0.5640 0.0212
173 0.3032 0.1225 0.3228 0.2218 0.0298
174 0.1204 0.1808 0.2250 0.4336 0.0403
175 0.0533 0.2751 0.3704 0.2795 0.0216
176 0.3250 0.1896 0.2781 0.1971 0.0102
177 0.0473 0.6328 0.2942 0.0068 0.0188
178 0.0640 0.3149 0.5615 0.0491 0.0104
179 0.0710 0.4629 0.3838 0.0756 0.0070
180 0.1221 0.1709 0.1250 0.1656 0.4163
181 0.1124 0.1741 0.1244 0.1584 0.4307
182 0.0829 0.0709 0.0836 0.0737 0.6890
183 0.0815 0.0592 0.0708 0.0565 0.7319
184 0.1536 0.5796 0.1511 0.1055 0.0104
185 0.2346 0.4890 0.1613 0.1066 0.0085
186 0.2083 0.2115 0.3542 0.1699 0.0561
187 0.1715 0.3518 0.3411 0.1099 0.0259
188 0.1499 0.1671 0.5483 0.0446 0.0902
189 0.0759 0.3511 0.4954 0.0353 0.0423
190 0.1121 0.2688 0.4792 0.1044 0.0355
191 0.1559 0.2395 0.4993 0.0468 0.0587
192 0.0459 0.5054 0.2207 0.2041 0.0242
193 0.0487 0.3252 0.2133 0.3804 0.0325
194 0.1036 0.1005 0.1819 0.1271 0.4868
195 0.0647 0.5854 0.2223 0.0780 0.0496
196 0.0598 0.6953 0.1576 0.0627 0.0249
197 0.0471 0.1876 0.4644 0.0914 0.2094
198 0.0570 0.1898 0.1134 0.0817 0.5581
199 0.1205 0.1205 0.1595 0.1080 0.4915
200 0.1857 0.0728 0.1025 0.0488 0.5903
201 0.1267 0.0818 0.1154 0.0806 0.5952
202 0.1365 0.3171 0.3887 0.1063 0.0514
203 0.0217 0.6851 0.2600 0.0238 0.0094
204 0.1775 0.1980 0.4062 0.1747 0.0435
205 0.1129 0.1147 0.5825 0.1321 0.0577
206 0.1161 0.1588 0.2966 0.3259 0.1025
207 0.0898 0.4055 0.2876 0.0792 0.1379
208 0.1041 0.1490 0.5537 0.1236 0.0693
209 0.1349 0.1528 0.4353 0.1482 0.1287
210 0.0778 0.1727 0.3655 0.3713 0.0125
211 0.0765 0.1969 0.0620 0.0391 0.6255
212 0.0677 0.0897 0.0495 0.0365 0.7568
213 0.0984 0.5078 0.2717 0.1031 0.0191
214 0.0760 0.1124 0.3408 0.3984 0.0726
215 0.0942 0.0871 0.0956 0.1553 0.5679
216 0.0721 0.2021 0.3604 0.1599 0.2053
217 0.0547 0.2133 0.5195 0.1443 0.0682
218 0.0615 0.0295 0.1808 0.1262 0.6021
219 0.0530 0.1224 0.2018 0.1956 0.4272
220 0.0999 0.0307 0.0731 0.0923 0.7041
221 0.1813 0.1083 0.3496 0.3496 0.0114
222 0.4812 0.0298 0.1357 0.2656 0.0876
223 0.2993 0.0386 0.2480 0.3667 0.0474
224 0.2179 0.4202 0.2321 0.0909 0.0391
225 0.0886 0.1120 0.3560 0.3396 0.1036
226 0.0828 0.0510 0.1475 0.6821 0.0367
227 0.0318 0.0361 0.0456 0.1028 0.7837
228 0.1179 0.0621 0.1090 0.1399 0.5713
229 0.1761 0.1790 0.3342 0.2262 0.0845
230 0.1018 0.0956 0.2520 0.4219 0.1287
231 0.0544 0.1702 0.2893 0.4624 0.0238
232 0.1099 0.1770 0.3467 0.3308 0.0357
233 0.1102 0.1788 0.3088 0.1995 0.2026
234 0.0930 0.4949 0.3508 0.0547 0.0065
235 0.1523 0.1571 0.4204 0.2251 0.0450
236 0.1226 0.5493 0.1783 0.1433 0.0064
237 0.1011 0.0764 0.4824 0.1011 0.2389
238 0.2795 0.1061 0.2930 0.2046 0.1166
239 0.0983 0.4404 0.2888 0.0902 0.0822
240 0.2085 0.0636 0.5581 0.1411 0.0287
241 0.1456 0.1870 0.3494 0.2477 0.0704
242 0.0944 0.3647 0.2429 0.1202 0.1777
243 0.1687 0.0660 0.1141 0.4241 0.2271
244 0.0439 0.2163 0.2568 0.1632 0.3196
245 0.0617 0.5249 0.2725 0.0710 0.0699
246 0.0608 0.6846 0.1786 0.0399 0.0360
247 0.0832 0.4001 0.3264 0.0541 0.1361
248 0.0873 0.2773 0.3911 0.0505 0.1936
249 0.0939 0.2117 0.2676 0.1549 0.2717
250 0.2283 0.1148 0.1364 0.4541 0.0665
251 0.2163 0.1088 0.1418 0.4724 0.0605
252 0.2211 0.0776 0.1028 0.5386 0.0600
253 0.2180 0.0952 0.0975 0.5229 0.0665
254 0.2386 0.1035 0.0942 0.4897 0.0739
