time exciting_prob fearful_prob tense_prob sad_prob relaxing_prob
0 0.2622 0.3369 0.0851 0.2837 0.0321
1 0.0151 0.1863 0.0309 0.7485 0.0195
2 0.0146 0.4163 0.0482 0.5020 0.0189
3 0.0097 0.2656 0.0365 0.6782 0.0100
4 0.0149 0.4045 0.0592 0.5034 0.0178
5 0.0036 0.0750 0.0162 0.8994 0.0058
6 0.0027 0.0596 0.0161 0.9185 0.0033
7 0.0043 0.1482 0.0145 0.8267 0.0064
8 0.0060 0.1401 0.0145 0.8315 0.0076
9 0.0117 0.3250 0.0198 0.6265 0.0171
10 0.0104 0.2280 0.0108 0.7363 0.0145
11 0.0148 0.4600 0.0186 0.4973 0.0092
12 0.0168 0.6929 0.0162 0.2590 0.0152
13 0.0143 0.3516 0.0142 0.6074 0.0127
14 0.0126 0.3518 0.0206 0.5986 0.0162
15 0.0093 0.2336 0.0216 0.7197 0.0159
16 0.0062 0.1802 0.0205 0.7827 0.0105
17 0.0094 0.1957 0.0230 0.7617 0.0100
18 0.0081 0.1580 0.0342 0.7900 0.0098
19 0.0121 0.5063 0.0321 0.4399 0.0097
20 0.0332 0.4412 0.0822 0.3713 0.0720
21 0.0718 0.3879 0.5303 0.0079 0.0023
22 0.3152 0.2035 0.3462 0.0773 0.0579
23 0.1112 0.7251 0.0853 0.0311 0.0475
24 0.1163 0.5171 0.3137 0.0209 0.0318
25 0.1771 0.5288 0.1930 0.0484 0.0528
26 0.2455 0.3079 0.3518 0.0351 0.0597
27 0.0880 0.1820 0.0610 0.2954 0.3735
28 0.1350 0.3447 0.4712 0.0349 0.0142
29 0.0185 0.0636 0.0667 0.7627 0.0883
30 0.0825 0.3367 0.0763 0.0987 0.4060
31 0.0294 0.1903 0.0477 0.5591 0.1732
32 0.2598 0.2292 0.3994 0.0571 0.0545
33 0.0528 0.4321 0.0399 0.1873 0.2878
34 0.0395 0.1929 0.0269 0.2852 0.4556
35 0.0435 0.5342 0.0297 0.1483 0.2445
36 0.6240 0.1680 0.0878 0.0964 0.0238
37 0.0217 0.5786 0.0453 0.2031 0.1510
38 0.0482 0.2446 0.0679 0.3396 0.2998
39 0.0458 0.2417 0.7104 0.0015 0.0005
40 0.0384 0.3906 0.0415 0.3140 0.2157
41 0.3711 0.5151 0.1080 0.0018 0.0039
42 0.4656 0.1177 0.0698 0.2003 0.1465
43 0.3726 0.1068 0.1360 0.1182 0.2664
44 0.4255 0.0885 0.3557 0.0497 0.0806
45 0.0287 0.2439 0.5669 0.1562 0.0041
46 0.0663 0.2996 0.0580 0.2812 0.2949
47 0.5488 0.0709 0.1942 0.1525 0.0335
48 0.6499 0.0989 0.1520 0.0605 0.0385
49 0.1521 0.2301 0.0319 0.1062 0.4797
50 0.1056 0.4309 0.4446 0.0094 0.0094
51 0.3733 0.0670 0.1805 0.2795 0.0997
52 0.2271 0.0822 0.1741 0.4958 0.0206
53 0.3320 0.0525 0.2390 0.3267 0.0497
54 0.1591 0.0673 0.0934 0.3162 0.3640
55 0.1830 0.3640 0.3936 0.0169 0.0425
56 0.0892 0.4258 0.3115 0.1483 0.0252
57 0.2224 0.1136 0.1705 0.3726 0.1209
58 0.2690 0.0901 0.2690 0.3000 0.0718
59 0.1318 0.0411 0.1339 0.6587 0.0344
60 0.3567 0.0999 0.0975 0.1909 0.2549
61 0.0188 0.0906 0.0222 0.6797 0.1887
62 0.3442 0.3337 0.1602 0.1208 0.0411
63 0.5190 0.2017 0.0686 0.0796 0.1312
64 0.6343 0.1483 0.1120 0.0328 0.0723
65 0.1591 0.0563 0.3315 0.3875 0.0658
66 0.5024 0.1520 0.0914 0.1202 0.1342
67 0.0716 0.3110 0.5947 0.0120 0.0109
68 0.1294 0.0587 0.0961 0.5981 0.1177
69 0.3469 0.1296 0.3469 0.1162 0.0603
70 0.2734 0.1006 0.3323 0.2302 0.0634
71 0.2460 0.0641 0.0830 0.4668 0.1401
72 0.2783 0.0630 0.0836 0.4309 0.1443
73 0.5713 0.1049 0.1000 0.0536 0.1702
74 0.1549 0.2761 0.2344 0.2698 0.0646
75 0.6514 0.1215 0.0917 0.0436 0.0917
76 0.4819 0.1470 0.1328 0.1034 0.1349
77 0.3416 0.1327 0.1144 0.1412 0.2703
78 0.2474 0.0371 0.1197 0.4309 0.1648
79 0.3013 0.3416 0.1886 0.0844 0.0844
80 0.2445 0.3967 0.1816 0.1102 0.0668
81 0.1310 0.4260 0.2952 0.0521 0.0958
82 0.2163 0.2778 0.2866 0.1821 0.0373
83 0.3525 0.1339 0.1026 0.1759 0.2349
84 0.3909 0.3020 0.2666 0.0114 0.0292
85 0.2710 0.1777 0.2046 0.2754 0.0713
86 0.2920 0.4314 0.1587 0.0570 0.0607
87 0.3337 0.3391 0.1652 0.0864 0.0756
88 0.4182 0.2576 0.1337 0.0911 0.0993
89 0.3979 0.2610 0.2340 0.0514 0.0556
90 0.1403 0.4634 0.3638 0.0264 0.0064
91 0.1826 0.5625 0.1514 0.0646 0.0392
92 0.0330 0.5449 0.4048 0.0146 0.0029
93 0.3279 0.1674 0.2554 0.0671 0.1824
94 0.1757 0.3899 0.1390 0.1575 0.1379
95 0.1582 0.5654 0.1038 0.0908 0.0821
96 0.0292 0.3875 0.5298 0.0363 0.0173
97 0.1130 0.5693 0.2732 0.0339 0.0109
98 0.2202 0.2345 0.1433 0.2964 0.1057
99 0.0994 0.2072 0.5371 0.1042 0.0520
100 0.3110 0.1678 0.2330 0.2480 0.0399
101 0.2893 0.4207 0.2435 0.0170 0.0295
102 0.1720 0.1995 0.4060 0.1888 0.0336
103 0.2800 0.3350 0.3196 0.0551 0.0102
104 0.1449 0.5342 0.2192 0.0659 0.0358
105 0.4282 0.1664 0.1842 0.1337 0.0876
106 0.3567 0.2610 0.1453 0.1088 0.1282
107 0.1302 0.6362 0.1852 0.0103 0.0379
108 0.3569 0.2396 0.1635 0.1355 0.1047
109 0.3088 0.3445 0.1277 0.1163 0.1027
110 0.1400 0.1108 0.0626 0.5991 0.0876
111 0.2703 0.3062 0.3362 0.0632 0.0242
112 0.1163 0.0775 0.2041 0.4529 0.1493
113 0.1017 0.2617 0.1017 0.3809 0.1539
114 0.2012 0.3906 0.2445 0.0482 0.1155
115 0.3330 0.4082 0.1000 0.1107 0.0480
116 0.4336 0.3074 0.0916 0.1096 0.0578
117 0.1820 0.4399 0.3347 0.0171 0.0264
118 0.2266 0.3271 0.3003 0.0967 0.0494
119 0.1968 0.3535 0.3000 0.1087 0.0409
120 0.4319 0.2405 0.2041 0.0496 0.0739
121 0.1863 0.3425 0.3218 0.0329 0.1165
122 0.2561 0.1248 0.3843 0.2009 0.0338
123 0.4060 0.2747 0.1774 0.1191 0.0227
124 0.5664 0.1389 0.1346 0.1378 0.0221
125 0.2522 0.0673 0.3018 0.3313 0.0474
126 0.1399 0.6724 0.1115 0.0374 0.0388
127 0.0224 0.1372 0.6343 0.1052 0.1011
128 0.1479 0.3870 0.1677 0.2421 0.0553
129 0.2010 0.2026 0.1919 0.3699 0.0344
130 0.2079 0.4988 0.2031 0.0342 0.0560
131 0.2483 0.3970 0.1494 0.1747 0.0306
132 0.2382 0.4312 0.1255 0.1537 0.0515
133 0.2299 0.4065 0.2446 0.0586 0.0604
134 0.1688 0.3464 0.2380 0.2101 0.0365
135 0.1860 0.3369 0.2075 0.2141 0.0554
136 0.2485 0.3589 0.2952 0.0623 0.0352
137 0.3562 0.4719 0.1157 0.0163 0.0400
138 0.0817 0.1576 0.2681 0.4419 0.0508
139 0.1394 0.1763 0.2905 0.3533 0.0406
140 0.0967 0.4507 0.3591 0.0464 0.0471
141 0.1639 0.2189 0.3811 0.2223 0.0139
142 0.2527 0.1558 0.4612 0.0765 0.0538
143 0.1105 0.0827 0.1807 0.5698 0.0564
144 0.1191 0.0088 0.0589 0.8008 0.0122
145 0.0299 0.4036 0.5347 0.0288 0.0031
146 0.0650 0.4548 0.3176 0.1500 0.0124
147 0.1158 0.1204 0.1131 0.5439 0.1071
148 0.0682 0.1990 0.5625 0.1152 0.0552
149 0.0403 0.1643 0.6650 0.0801 0.0501
150 0.4622 0.1124 0.0767 0.0385 0.3103
151 0.2404 0.1227 0.3750 0.2384 0.0234
152 0.0809 0.0284 0.0630 0.8174 0.0105
153 0.2693 0.1398 0.2377 0.3149 0.0385
154 0.0374 0.1898 0.5986 0.0962 0.0779
155 0.0986 0.1799 0.4890 0.2136 0.0188
156 0.0762 0.1326 0.1757 0.5991 0.0166
157 0.1973 0.0592 0.2534 0.4658 0.0243
158 0.0451 0.2681 0.3931 0.2832 0.0107
159 0.1525 0.0732 0.1525 0.5845 0.0374
160 0.1681 0.1748 0.6196 0.0215 0.0160
161 0.2993 0.0673 0.2922 0.3086 0.0325
162 0.1527 0.2517 0.2852 0.2744 0.0360
163 0.2047 0.0802 0.3738 0.2798 0.0615
164 0.0404 0.1304 0.2893 0.5239 0.0163
165 0.0470 0.0812 0.2406 0.6143 0.0169
166 0.3801 0.3459 0.2166 0.0394 0.0179
167 0.0414 0.1588 0.3665 0.3962 0.0371
168 0.1076 0.0825 0.2791 0.5054 0.0252
169 0.2059 0.1035 0.2996 0.3672 0.0238
170 0.2610 0.1909 0.3247 0.0881 0.1354
171 0.1477 0.0660 0.1648 0.5933 0.0280
172 0.2869 0.1609 0.2034 0.2891 0.0597
173 0.3306 0.4312 0.0495 0.0325 0.1561
174 0.4768 0.2983 0.1039 0.0226 0.0984
175 0.0464 0.6162 0.0300 0.0874 0.2197
176 0.2404 0.4185 0.1652 0.0818 0.0941
177 0.3870 0.1744 0.1208 0.1276 0.1901
178 0.2258 0.1208 0.6333 0.0051 0.0149
179 0.3362 0.4316 0.1915 0.0244 0.0161
180 0.1449 0.6807 0.0668 0.0415 0.0663
181 0.4834 0.1737 0.0853 0.1937 0.0639
182 0.1022 0.2693 0.5977 0.0094 0.0214
183 0.0251 0.5708 0.3303 0.0692 0.0049
184 0.0612 0.1348 0.4319 0.3579 0.0141
185 0.1959 0.3230 0.1017 0.0245 0.3547
186 0.2822 0.2303 0.4106 0.0635 0.0133
187 0.1093 0.5015 0.1815 0.1200 0.0878
188 0.0558 0.5015 0.3137 0.1136 0.0153
189 0.2781 0.3435 0.3225 0.0257 0.0302
190 0.1520 0.1156 0.2211 0.0648 0.4465
191 0.0970 0.1490 0.2478 0.4702 0.0360
192 0.3921 0.2673 0.2148 0.0645 0.0611
193 0.0664 0.0853 0.1670 0.6602 0.0211
194 0.1063 0.1836 0.1079 0.0188 0.5835
195 0.1404 0.1383 0.0980 0.0036 0.6196
196 0.0908 0.3591 0.2355 0.0479 0.2668
197 0.1605 0.2688 0.2263 0.1147 0.2299
198 0.1882 0.3203 0.2343 0.1610 0.0961
199 0.1753 0.1895 0.2472 0.2285 0.1595
200 0.1249 0.1155 0.2603 0.3909 0.1085
201 0.2444 0.0618 0.1127 0.5337 0.0474
202 0.4832 0.2391 0.0712 0.0509 0.1556
203 0.6729 0.1455 0.0749 0.0368 0.0698
204 0.3711 0.2651 0.1522 0.1559 0.0556
205 0.2075 0.2881 0.2042 0.2208 0.0793
206 0.0543 0.2249 0.6406 0.0730 0.0071
207 0.1448 0.0632 0.1219 0.5464 0.1238
208 0.1954 0.5972 0.1252 0.0464 0.0356
209 0.2067 0.3569 0.4141 0.0109 0.0112
210 0.2303 0.4839 0.1132 0.1038 0.0687
211 0.5850 0.1266 0.2119 0.0465 0.0298
212 0.1747 0.1471 0.2502 0.3999 0.0281
213 0.2152 0.1389 0.4414 0.1929 0.0116
214 0.2126 0.0690 0.0546 0.0944 0.5693
215 0.2107 0.0787 0.1164 0.4976 0.0965
216 0.2112 0.1122 0.1545 0.1820 0.3401
217 0.3286 0.1392 0.1162 0.1050 0.3110
218 0.3396 0.3560 0.1996 0.0525 0.0525
219 0.1487 0.5029 0.0909 0.0930 0.1646
220 0.1672 0.5317 0.0784 0.0302 0.1925
221 0.1792 0.5308 0.2179 0.0339 0.0379
222 0.1345 0.6831 0.1432 0.0166 0.0228
223 0.1174 0.1174 0.1331 0.2410 0.3911
224 0.4409 0.1293 0.1852 0.0946 0.1500
225 0.3550 0.2311 0.1799 0.1306 0.1033
226 0.3701 0.2625 0.1020 0.1860 0.0794
227 0.2388 0.1542 0.0950 0.0445 0.4675
228 0.0722 0.0481 0.0283 0.1163 0.7349
229 0.1060 0.0673 0.0204 0.0652 0.7412
230 0.0687 0.0354 0.0162 0.0359 0.8438
231 0.0858 0.2295 0.5771 0.0864 0.0213
232 0.0630 0.2019 0.3984 0.2983 0.0382
233 0.1611 0.4773 0.1305 0.1074 0.1236
234 0.4600 0.1317 0.0892 0.1553 0.1639
235 0.3020 0.3342 0.2028 0.0258 0.1351
236 0.3901 0.2120 0.1665 0.0637 0.1677
237 0.3577 0.2037 0.2203 0.0357 0.1826
238 0.1659 0.3740 0.2778 0.1141 0.0681
239 0.2397 0.1674 0.4077 0.1754 0.0099
240 0.2305 0.0681 0.3921 0.2959 0.0135
241 0.2397 0.1674 0.3489 0.2217 0.0225
242 0.2812 0.1155 0.3340 0.2406 0.0285
243 0.2593 0.1015 0.2803 0.3079 0.0511
244 0.2625 0.0604 0.3369 0.3020 0.0384
245 0.1544 0.1644 0.2283 0.4006 0.0522
246 0.2163 0.2339 0.1583 0.3457 0.0457
