time exciting_prob fearful_prob tense_prob sad_prob relaxing_prob
0 0.0315 0.0607 0.1783 0.6836 0.0458
1 0.0181 0.0891 0.1539 0.6899 0.0492
2 0.0352 0.1669 0.3477 0.4329 0.0174
3 0.0425 0.1028 0.3533 0.4983 0.0029
4 0.0748 0.1031 0.4272 0.3921 0.0027
5 0.0970 0.1246 0.5991 0.1539 0.0251
6 0.0718 0.1343 0.5742 0.1938 0.0260
7 0.0749 0.2117 0.4922 0.1973 0.0241
8 0.1149 0.1498 0.5742 0.1312 0.0300
9 0.1021 0.2266 0.5972 0.0382 0.0361
10 0.1244 0.1421 0.6172 0.0984 0.0182
11 0.2493 0.2532 0.1648 0.2847 0.0479
12 0.1849 0.0765 0.2413 0.4651 0.0321
13 0.3582 0.0806 0.2277 0.2856 0.0481
14 0.1770 0.1514 0.5493 0.1099 0.0122
15 0.2322 0.0457 0.1407 0.5229 0.0582
16 0.2035 0.0523 0.3923 0.3462 0.0056
17 0.5083 0.0926 0.1445 0.2419 0.0127
18 0.5151 0.0861 0.1195 0.2529 0.0263
19 0.5186 0.0923 0.1140 0.1594 0.1157
20 0.0350 0.0222 0.8604 0.0800 0.0023
21 0.2177 0.0866 0.6704 0.0087 0.0165
22 0.3550 0.1126 0.4968 0.0244 0.0111
23 0.1203 0.0199 0.7969 0.0497 0.0133
24 0.2139 0.1042 0.6587 0.0065 0.0168
25 0.3784 0.1229 0.4158 0.0684 0.0145
26 0.6558 0.1223 0.1893 0.0183 0.0143
27 0.1234 0.2251 0.0388 0.0057 0.6069
28 0.1169 0.1160 0.0198 0.0027 0.7446
29 0.0986 0.3083 0.0750 0.0135 0.5044
30 0.0996 0.0104 0.0893 0.7959 0.0048
31 0.0594 0.0042 0.0751 0.8594 0.0018
32 0.3286 0.0956 0.4744 0.0728 0.0287
33 0.1328 0.2622 0.5552 0.0405 0.0094
34 0.1451 0.0808 0.2015 0.0373 0.5352
35 0.6436 0.1692 0.1144 0.0160 0.0571
36 0.7021 0.1383 0.0879 0.0244 0.0471
37 0.5435 0.0243 0.3350 0.0860 0.0113
38 0.2532 0.1293 0.4658 0.1215 0.0302
39 0.2759 0.1244 0.4692 0.1047 0.0257
40 0.1543 0.0309 0.1461 0.5557 0.1129
41 0.1592 0.0648 0.4194 0.2883 0.0685
42 0.1576 0.0496 0.2188 0.4351 0.1390
43 0.2690 0.0364 0.1166 0.0432 0.5347
44 0.1649 0.0732 0.1335 0.1514 0.4771
45 0.1794 0.1344 0.2340 0.2340 0.2181
46 0.1710 0.2112 0.2932 0.0219 0.3025
47 0.1843 0.2294 0.4819 0.0349 0.0694
48 0.1610 0.0671 0.2344 0.5117 0.0257
49 0.2219 0.0491 0.4277 0.2184 0.0829
50 0.0257 0.0040 0.0191 0.0011 0.9502
51 0.0450 0.0038 0.0288 0.0039 0.9185
52 0.0175 0.0031 0.0190 0.0029 0.9575
53 0.0276 0.0039 0.0091 0.0013 0.9580
54 0.0427 0.0123 0.0078 0.0020 0.9351
55 0.0527 0.0267 0.0128 0.0028 0.9048
56 0.1037 0.0266 0.2195 0.6450 0.0052
57 0.3816 0.1043 0.1350 0.1309 0.2483
58 0.2720 0.0890 0.0602 0.0340 0.5449
59 0.1763 0.0908 0.0490 0.0290 0.6548
60 0.3855 0.0736 0.2979 0.0834 0.1594
61 0.0916 0.0645 0.6411 0.1865 0.0162
62 0.2000 0.1029 0.3000 0.3677 0.0293
63 0.4341 0.1244 0.2019 0.0392 0.2003
64 0.4475 0.0518 0.3003 0.0771 0.1233
65 0.4053 0.0213 0.1091 0.3467 0.1179
66 0.1326 0.0357 0.1549 0.6626 0.0142
67 0.6470 0.0305 0.1489 0.1142 0.0593
68 0.4448 0.2068 0.2101 0.1335 0.0048
69 0.2145 0.1096 0.3323 0.2798 0.0639
70 0.0355 0.1360 0.7705 0.0466 0.0112
71 0.1426 0.0585 0.0545 0.0031 0.7412
72 0.2168 0.0698 0.2037 0.1170 0.3926
73 0.3171 0.0730 0.1113 0.0582 0.4404
74 0.3796 0.0748 0.1242 0.0419 0.3796
75 0.1010 0.0641 0.1827 0.5630 0.0891
76 0.5742 0.1281 0.1292 0.1053 0.0634
77 0.6113 0.0967 0.1167 0.0665 0.1088
78 0.2178 0.1696 0.1696 0.3320 0.1112
79 0.2832 0.1527 0.3362 0.1237 0.1042
80 0.4304 0.0071 0.4045 0.1559 0.0020
81 0.4751 0.3267 0.1804 0.0084 0.0095
82 0.1038 0.0692 0.1063 0.0114 0.7095
83 0.2537 0.0978 0.2152 0.0055 0.4280
84 0.2283 0.0833 0.6450 0.0258 0.0176
85 0.3071 0.1362 0.4363 0.0416 0.0789
86 0.4097 0.1192 0.3879 0.0228 0.0604
87 0.9409 0.0054 0.0084 0.0232 0.0223
88 0.9087 0.0076 0.0179 0.0387 0.0274
89 0.3069 0.1120 0.3142 0.1681 0.0989
90 0.7368 0.1619 0.0309 0.0517 0.0186
91 0.6831 0.1881 0.0868 0.0356 0.0065
92 0.2939 0.4697 0.1797 0.0499 0.0066
93 0.5610 0.2413 0.0923 0.0854 0.0200
94 0.3896 0.3521 0.1550 0.0947 0.0087
95 0.1805 0.4502 0.1461 0.2212 0.0020
96 0.4009 0.1176 0.3484 0.1242 0.0088
97 0.0964 0.1404 0.2314 0.5132 0.0184
98 0.2615 0.1958 0.2344 0.2986 0.0099
99 0.2229 0.0735 0.1891 0.4983 0.0163
100 0.2856 0.3420 0.2463 0.1201 0.0059
101 0.0836 0.0785 0.2069 0.6274 0.0037
102 0.2413 0.0564 0.1232 0.5742 0.0048
103 0.1388 0.0698 0.0939 0.6938 0.0035
104 0.1080 0.1686 0.1823 0.5356 0.0057
105 0.2947 0.0489 0.6094 0.0278 0.0194
106 0.3728 0.0363 0.5469 0.0270 0.0172
107 0.5181 0.0729 0.3533 0.0331 0.0224
108 0.1454 0.0556 0.4341 0.3174 0.0476
109 0.6455 0.0649 0.1440 0.0370 0.1087
110 0.6011 0.2373 0.1250 0.0187 0.0177
111 0.5679 0.2661 0.1307 0.0238 0.0113
112 0.7275 0.1467 0.0574 0.0454 0.0228
113 0.6768 0.2048 0.0655 0.0340 0.0189
114 0.5747 0.2891 0.1097 0.0142 0.0123
115 0.5151 0.2913 0.1443 0.0337 0.0153
116 0.0730 0.0123 0.0102 0.9033 0.0013
117 0.3638 0.1481 0.1277 0.3337 0.0268
118 0.2561 0.2106 0.1565 0.3696 0.0072
119 0.1750 0.1969 0.2374 0.3765 0.0140
120 0.1438 0.1862 0.2688 0.3345 0.0669
121 0.2751 0.1819 0.4680 0.0190 0.0559
122 0.2396 0.2473 0.4014 0.0249 0.0868
123 0.2881 0.0906 0.4062 0.0304 0.1846
124 0.2798 0.1364 0.4648 0.0237 0.0952
125 0.3438 0.0804 0.4412 0.0205 0.1142
126 0.2759 0.0917 0.5752 0.0133 0.0440
127 0.2893 0.1188 0.4697 0.0289 0.0932
128 0.3242 0.0846 0.5024 0.0204 0.0685
129 0.2358 0.1204 0.5234 0.0457 0.0748
130 0.1598 0.1573 0.6030 0.0200 0.0597
131 0.1237 0.1058 0.6528 0.0291 0.0884
132 0.1782 0.1512 0.5156 0.0118 0.1432
133 0.2240 0.1744 0.5127 0.0100 0.0787
134 0.2172 0.1704 0.2788 0.0200 0.3135
135 0.2625 0.1069 0.3970 0.0432 0.1906
136 0.0111 0.0516 0.0537 0.8799 0.0039
137 0.1328 0.0372 0.0159 0.8013 0.0129
138 0.1387 0.0257 0.0156 0.8105 0.0096
139 0.1118 0.0363 0.3389 0.4634 0.0496
140 0.4045 0.1007 0.1674 0.0430 0.2847
141 0.4111 0.0889 0.3984 0.0630 0.0382
142 0.4102 0.1670 0.0959 0.1820 0.1450
143 0.1891 0.0290 0.1427 0.5732 0.0659
144 0.3718 0.0779 0.1033 0.4417 0.0054
145 0.1235 0.1797 0.5713 0.1008 0.0247
146 0.5327 0.1179 0.2678 0.0389 0.0427
147 0.5107 0.0681 0.1451 0.1953 0.0808
148 0.6118 0.0181 0.0367 0.1925 0.1409
149 0.2146 0.1924 0.1418 0.0245 0.4268
150 0.0445 0.0242 0.0858 0.8394 0.0063
151 0.1824 0.0382 0.0483 0.7104 0.0208
152 0.5532 0.0946 0.1687 0.0188 0.1648
153 0.5864 0.0892 0.2686 0.0152 0.0405
154 0.4185 0.1960 0.3157 0.0274 0.0424
155 0.5317 0.1584 0.1910 0.0640 0.0547
156 0.7959 0.0139 0.0776 0.0879 0.0246
157 0.3943 0.1021 0.0453 0.1937 0.2646
158 0.1310 0.1260 0.3398 0.3674 0.0358
159 0.4346 0.0079 0.0969 0.4019 0.0588
160 0.1140 0.0120 0.0551 0.8164 0.0025
161 0.4089 0.1425 0.1652 0.1626 0.1208
162 0.3352 0.0551 0.5190 0.0784 0.0121
163 0.3774 0.0548 0.5161 0.0424 0.0092
164 0.0811 0.0196 0.5542 0.3416 0.0037
165 0.1837 0.0314 0.1454 0.5483 0.0909
166 0.1604 0.0387 0.1846 0.5176 0.0988
167 0.1952 0.0551 0.1643 0.5737 0.0118
168 0.3420 0.1578 0.0717 0.3264 0.1019
169 0.2258 0.1691 0.0986 0.4285 0.0780
170 0.6255 0.0600 0.1486 0.1509 0.0148
171 0.7563 0.0527 0.1107 0.0709 0.0094
172 0.5933 0.0692 0.0983 0.2323 0.0070
173 0.4092 0.1448 0.3340 0.0957 0.0161
174 0.4041 0.1893 0.2549 0.1185 0.0332
175 0.0565 0.3687 0.5449 0.0238 0.0059
176 0.0226 0.4434 0.5103 0.0203 0.0033
177 0.1008 0.1798 0.3130 0.3835 0.0229
178 0.0288 0.0771 0.3977 0.4949 0.0016
179 0.0645 0.1970 0.3274 0.3738 0.0373
180 0.2444 0.1382 0.1979 0.3816 0.0381
181 0.1367 0.1913 0.1179 0.5039 0.0499
182 0.1158 0.0279 0.0809 0.6069 0.1686
183 0.0655 0.0230 0.0665 0.0596 0.7852
184 0.0303 0.0052 0.0196 0.0026 0.9424
185 0.0348 0.0042 0.0143 0.0056 0.9414
186 0.0218 0.0023 0.0141 0.0069 0.9551
187 0.0312 0.0036 0.0172 0.0078 0.9404
188 0.0672 0.0063 0.0225 0.0327 0.8711
189 0.3516 0.1912 0.0635 0.1243 0.2695
190 0.2393 0.1203 0.0789 0.1353 0.4265
191 0.1707 0.0690 0.0812 0.0740 0.6050
192 0.1256 0.0571 0.0594 0.2206 0.5376
193 0.1874 0.0878 0.0658 0.4565 0.2025
194 0.1487 0.0923 0.1185 0.3403 0.3003
195 0.2295 0.1076 0.1076 0.0806 0.4746
196 0.1638 0.1857 0.1153 0.0500 0.4854
197 0.2578 0.1576 0.0705 0.1050 0.4089
198 0.1788 0.1393 0.0599 0.0445 0.5776
199 0.1818 0.1239 0.0409 0.0387 0.6147
200 0.1616 0.2175 0.0943 0.2075 0.3191
201 0.0041 0.0035 0.0047 0.1099 0.8779
202 0.0060 0.0165 0.0308 0.0323 0.9146
203 0.0056 0.0018 0.0126 0.0222 0.9580
204 0.0055 0.0023 0.0098 0.0145 0.9678
205 0.8672 0.0638 0.0264 0.0189 0.0240
206 0.8672 0.0638 0.0264 0.0186 0.0240
207 0.8696 0.0611 0.0255 0.0206 0.0234
208 0.8696 0.0611 0.0255 0.0206 0.0234
209 0.8696 0.0611 0.0255 0.0206 0.0234
