time exciting_prob fearful_prob tense_prob sad_prob relaxing_prob
0 0.4248 0.0598 0.1327 0.3059 0.0768
1 0.7681 0.0791 0.0544 0.0172 0.0810
2 0.5850 0.1001 0.0365 0.0421 0.2363
3 0.4207 0.0329 0.0189 0.0282 0.4995
4 0.2371 0.3264 0.1803 0.0387 0.2175
5 0.2489 0.0747 0.1292 0.3735 0.1737
6 0.6646 0.0590 0.0080 0.0936 0.1748
7 0.8320 0.0408 0.0035 0.0242 0.0994
8 0.3176 0.2360 0.1957 0.0754 0.1754
9 0.1746 0.2482 0.3088 0.0689 0.1995
10 0.5654 0.0605 0.2031 0.1440 0.0271
11 0.2791 0.0369 0.3018 0.3525 0.0299
12 0.3120 0.1406 0.1332 0.0135 0.4006
13 0.2734 0.0923 0.2910 0.0237 0.3196
14 0.7993 0.0149 0.0349 0.0743 0.0767
15 0.2244 0.0489 0.3315 0.2749 0.1201
16 0.1873 0.1042 0.4636 0.0360 0.2090
17 0.1083 0.0323 0.4419 0.4023 0.0152
18 0.0462 0.0181 0.7520 0.1576 0.0263
19 0.2922 0.2561 0.3137 0.0549 0.0831
20 0.1500 0.2959 0.3921 0.1263 0.0356
21 0.2771 0.3191 0.0729 0.0311 0.2998
22 0.1516 0.0213 0.5088 0.0396 0.2788
23 0.3816 0.0623 0.2483 0.0537 0.2542
24 0.2080 0.1498 0.3271 0.2096 0.1054
25 0.3259 0.1871 0.2153 0.1117 0.1600
26 0.1248 0.1360 0.2686 0.4094 0.0613
27 0.3340 0.1238 0.1201 0.1720 0.2502
28 0.2932 0.1054 0.0916 0.3247 0.1851
29 0.3730 0.0880 0.0723 0.1936 0.2729
30 0.1210 0.1747 0.6196 0.0500 0.0347
31 0.1776 0.1967 0.4753 0.0966 0.0537
32 0.1216 0.1826 0.2438 0.2764 0.1757
33 0.3767 0.1080 0.2163 0.0189 0.2800
34 0.1360 0.1181 0.0408 0.3088 0.3965
35 0.3040 0.2791 0.0603 0.0477 0.3088
36 0.3521 0.1729 0.1207 0.1676 0.1869
37 0.3865 0.0715 0.0621 0.1082 0.3716
38 0.1700 0.1797 0.5278 0.0592 0.0630
39 0.2544 0.1279 0.0240 0.1804 0.4131
40 0.3491 0.0726 0.0185 0.1388 0.4211
41 0.1765 0.3196 0.2910 0.1594 0.0534
42 0.3132 0.2722 0.2103 0.0756 0.1285
43 0.1864 0.0624 0.0167 0.0311 0.7036
44 0.3103 0.0977 0.0760 0.0392 0.4768
45 0.3237 0.1934 0.1350 0.0292 0.3188
46 0.4214 0.0978 0.0817 0.0441 0.3550
47 0.2546 0.3000 0.0922 0.0239 0.3293
48 0.3647 0.2062 0.0887 0.1013 0.2391
49 0.4009 0.3147 0.2146 0.0551 0.0145
50 0.1420 0.0420 0.0461 0.1534 0.6167
51 0.3176 0.1648 0.2306 0.0547 0.2323
52 0.2263 0.1643 0.1763 0.1847 0.2485
53 0.0841 0.1022 0.2959 0.4878 0.0302
54 0.2620 0.2073 0.4563 0.0190 0.0554
55 0.2051 0.2494 0.0651 0.0324 0.4480
56 0.3328 0.2737 0.0656 0.0153 0.3127
57 0.3582 0.1392 0.1058 0.1392 0.2578
58 0.2312 0.1218 0.0942 0.2559 0.2969
59 0.4058 0.0818 0.0706 0.0751 0.3667
60 0.2031 0.3677 0.2196 0.1486 0.0610
61 0.2322 0.2490 0.1442 0.0719 0.3027
62 0.1740 0.4014 0.2695 0.0861 0.0692
63 0.1761 0.1299 0.4429 0.0501 0.2012
64 0.1405 0.2646 0.0807 0.4500 0.0643
65 0.0504 0.0942 0.0576 0.7886 0.0094
66 0.2235 0.1512 0.4343 0.1410 0.0499
67 0.0900 0.1708 0.6147 0.1192 0.0051
68 0.3108 0.1587 0.2239 0.1515 0.1550
69 0.1242 0.2197 0.6162 0.0304 0.0096
70 0.0767 0.1575 0.7056 0.0407 0.0194
71 0.1641 0.0851 0.2834 0.2664 0.2010
72 0.1906 0.3589 0.2194 0.1981 0.0331
73 0.1906 0.2861 0.1036 0.3022 0.1174
74 0.3594 0.2112 0.1140 0.2754 0.0400
75 0.2944 0.3159 0.1002 0.1190 0.1704
76 0.5508 0.1471 0.1426 0.0369 0.1229
77 0.0768 0.3469 0.2104 0.2832 0.0824
78 0.2100 0.2416 0.2003 0.1796 0.1687
79 0.2452 0.2002 0.1559 0.3005 0.0983
80 0.0925 0.2115 0.6670 0.0259 0.0029
81 0.1122 0.2302 0.5923 0.0591 0.0059
82 0.1501 0.1958 0.4146 0.1688 0.0709
83 0.0291 0.3103 0.5889 0.0640 0.0081
84 0.0464 0.4478 0.4338 0.0640 0.0080
85 0.0127 0.2256 0.6133 0.1433 0.0053
86 0.1010 0.1425 0.3162 0.4124 0.0281
87 0.1980 0.1860 0.2108 0.3818 0.0233
88 0.0848 0.1987 0.5078 0.0882 0.1205
89 0.0685 0.1004 0.4944 0.2194 0.1174
90 0.4224 0.0521 0.3557 0.0764 0.0935
91 0.0712 0.1696 0.6401 0.0814 0.0378
92 0.1904 0.0723 0.4392 0.0318 0.2664
93 0.0257 0.0216 0.9346 0.0160 0.0020
94 0.3850 0.2246 0.2013 0.0262 0.1630
95 0.1016 0.1769 0.1729 0.1561 0.3926
96 0.1832 0.3215 0.3140 0.0563 0.1249
97 0.1744 0.2744 0.0733 0.0462 0.4316
98 0.1561 0.1235 0.0343 0.0132 0.6729
99 0.1298 0.2058 0.0988 0.0061 0.5596
100 0.1760 0.2225 0.4709 0.0652 0.0652
101 0.3845 0.1934 0.1919 0.1119 0.1182
102 0.1167 0.3767 0.1054 0.0790 0.3223
103 0.1477 0.3923 0.2167 0.0444 0.1989
104 0.0744 0.3550 0.2766 0.1527 0.1412
105 0.0557 0.1587 0.3574 0.3411 0.0869
106 0.0754 0.2115 0.6670 0.0098 0.0359
107 0.1803 0.1019 0.0757 0.0825 0.5596
108 0.1807 0.0908 0.1498 0.1620 0.4167
109 0.0690 0.0406 0.0525 0.0103 0.8276
110 0.1627 0.0418 0.2661 0.0244 0.5049
111 0.1432 0.0616 0.7271 0.0218 0.0461
112 0.1466 0.1824 0.1636 0.2019 0.3054
113 0.1398 0.0282 0.6460 0.1354 0.0506
114 0.2725 0.0341 0.4932 0.1017 0.0986
115 0.2250 0.2756 0.0319 0.1243 0.3430
116 0.1201 0.0839 0.3140 0.2297 0.2522
117 0.2407 0.1747 0.3213 0.1173 0.1460
118 0.1550 0.0351 0.5083 0.2942 0.0073
119 0.2971 0.0942 0.2581 0.3018 0.0489
120 0.0765 0.1096 0.2430 0.5063 0.0644
121 0.1130 0.0493 0.1202 0.6919 0.0256
122 0.1002 0.1026 0.3784 0.0405 0.3784
123 0.1525 0.1410 0.6079 0.0427 0.0561
124 0.2681 0.1126 0.4282 0.0877 0.1033
125 0.0883 0.1664 0.1316 0.3521 0.2617
126 0.1477 0.2343 0.0848 0.3079 0.2252
127 0.0699 0.2678 0.0607 0.5327 0.0688
128 0.4546 0.2164 0.1499 0.1006 0.0784
129 0.4045 0.3176 0.1039 0.1089 0.0650
130 0.2673 0.4109 0.2200 0.0391 0.0626
131 0.1697 0.3535 0.2690 0.0866 0.1212
132 0.1200 0.1802 0.6489 0.0415 0.0097
133 0.0886 0.0845 0.5962 0.1935 0.0372
134 0.1687 0.1366 0.6416 0.0461 0.0067
135 0.1039 0.7104 0.0803 0.0848 0.0203
136 0.1410 0.3892 0.2474 0.1160 0.1064
137 0.1122 0.0771 0.5151 0.0243 0.2715
138 0.1949 0.0623 0.4192 0.3115 0.0123
139 0.1295 0.1256 0.3523 0.1855 0.2070
140 0.1448 0.2749 0.3584 0.0177 0.2042
141 0.2407 0.1681 0.3315 0.1494 0.1102
142 0.2274 0.2556 0.4453 0.0571 0.0144
143 0.2168 0.1549 0.2893 0.0236 0.3154
144 0.1635 0.2571 0.5527 0.0171 0.0095
145 0.1989 0.1624 0.0992 0.1958 0.3438
146 0.2566 0.2524 0.1061 0.0707 0.3142
147 0.1628 0.3420 0.4426 0.0227 0.0299
148 0.2759 0.3328 0.1866 0.0714 0.1334
149 0.3584 0.1719 0.3784 0.0174 0.0739
150 0.3804 0.2068 0.3057 0.0417 0.0656
151 0.1058 0.4285 0.3901 0.0528 0.0227
152 0.0445 0.0769 0.8013 0.0260 0.0512
153 0.3298 0.2712 0.2549 0.0078 0.1364
154 0.3276 0.2002 0.3406 0.0302 0.1014
155 0.0901 0.0385 0.8101 0.0262 0.0350
156 0.0836 0.0255 0.8569 0.0086 0.0255
157 0.3662 0.2722 0.2898 0.0280 0.0437
158 0.1175 0.0735 0.1037 0.5024 0.2030
159 0.1553 0.3137 0.1615 0.1288 0.2406
160 0.4741 0.1153 0.2966 0.0121 0.1017
161 0.2876 0.1960 0.3838 0.0462 0.0863
162 0.1447 0.4780 0.2900 0.0739 0.0135
163 0.2100 0.4731 0.2115 0.0709 0.0345
164 0.1510 0.4470 0.1261 0.0908 0.1849
165 0.0523 0.4851 0.3662 0.0511 0.0451
166 0.2084 0.2184 0.4731 0.0692 0.0310
167 0.1158 0.4304 0.3828 0.0420 0.0288
168 0.5298 0.1298 0.2642 0.0075 0.0689
169 0.1246 0.1799 0.2072 0.4216 0.0667
170 0.0566 0.2153 0.0926 0.6133 0.0222
171 0.2467 0.3792 0.3022 0.0297 0.0422
172 0.1011 0.6050 0.0972 0.1680 0.0285
173 0.0635 0.1097 0.4011 0.4075 0.0181
174 0.0515 0.4111 0.4309 0.0784 0.0282
175 0.1947 0.0452 0.2747 0.3525 0.1328
176 0.4890 0.1208 0.3157 0.0225 0.0519
177 0.2245 0.4001 0.2708 0.0173 0.0872
178 0.1328 0.2834 0.4897 0.0402 0.0537
179 0.1301 0.0894 0.6709 0.0605 0.0490
180 0.0682 0.3989 0.4812 0.0234 0.0284
181 0.0534 0.5352 0.3457 0.0518 0.0137
182 0.2153 0.0786 0.6040 0.0374 0.0646
183 0.3481 0.1271 0.3621 0.0747 0.0880
184 0.1003 0.0722 0.2225 0.0188 0.5859
185 0.0915 0.0702 0.5435 0.1737 0.1212
186 0.1296 0.4285 0.3552 0.0694 0.0174
187 0.1749 0.2908 0.4832 0.0222 0.0290
188 0.1470 0.4319 0.3694 0.0371 0.0145
189 0.2438 0.3989 0.2135 0.0646 0.0792
190 0.5493 0.1099 0.2345 0.0230 0.0829
191 0.5576 0.1215 0.2035 0.0113 0.1064
192 0.1472 0.1694 0.6104 0.0568 0.0163
193 0.4563 0.2405 0.2561 0.0184 0.0287
194 0.4524 0.1010 0.2722 0.0694 0.1050
195 0.2223 0.3040 0.4121 0.0346 0.0272
196 0.1794 0.2571 0.3857 0.0601 0.1177
197 0.3823 0.1157 0.3074 0.1292 0.0654
198 0.1376 0.1766 0.1940 0.2651 0.2268
199 0.2273 0.3835 0.1490 0.1445 0.0955
200 0.1196 0.2131 0.4443 0.1740 0.0491
201 0.3369 0.1951 0.3291 0.0794 0.0595
202 0.3340 0.2581 0.2747 0.0818 0.0512
203 0.5635 0.0942 0.2278 0.0466 0.0679
204 0.5488 0.1824 0.1132 0.0417 0.1141
205 0.3477 0.1667 0.3044 0.0800 0.1011
206 0.2532 0.2695 0.1324 0.2494 0.0954
207 0.1692 0.3696 0.2900 0.1075 0.0637
208 0.1001 0.4382 0.4182 0.0303 0.0132
209 0.2705 0.1278 0.2010 0.1542 0.2463
210 0.3928 0.0830 0.1152 0.2700 0.1390
211 0.3752 0.2405 0.1359 0.0979 0.1505
212 0.5933 0.0601 0.1168 0.1796 0.0502
213 0.6172 0.0465 0.2133 0.0385 0.0848
214 0.3708 0.3430 0.1836 0.0654 0.0373
215 0.1954 0.3887 0.2715 0.0697 0.0748
216 0.3708 0.1766 0.1464 0.0931 0.2130
217 0.2390 0.2708 0.2194 0.1212 0.1495
218 0.1641 0.2174 0.2463 0.1774 0.1948
219 0.1904 0.3394 0.2175 0.0418 0.2108
220 0.0587 0.5703 0.2693 0.0796 0.0223
221 0.0437 0.6182 0.2659 0.0631 0.0092
222 0.0176 0.0601 0.8496 0.0709 0.0016
223 0.0449 0.0460 0.7778 0.0893 0.0422
224 0.3901 0.0414 0.1135 0.3962 0.0589
225 0.2720 0.0682 0.3657 0.2783 0.0158
226 0.1367 0.0856 0.2961 0.4377 0.0437
227 0.5239 0.1868 0.1797 0.0128 0.0969
228 0.5498 0.0480 0.2458 0.0850 0.0715
229 0.5771 0.0865 0.1494 0.0214 0.1654
230 0.7983 0.0743 0.0917 0.0166 0.0189
231 0.6733 0.1562 0.1116 0.0146 0.0441
232 0.6001 0.0550 0.2074 0.0957 0.0418
233 0.3318 0.0490 0.4983 0.0801 0.0409
234 0.1843 0.0249 0.3904 0.3499 0.0504
235 0.4258 0.1554 0.1628 0.2261 0.0299
236 0.0740 0.2245 0.4194 0.2505 0.0318
237 0.4456 0.0431 0.3723 0.1118 0.0272
238 0.3401 0.0859 0.2908 0.2264 0.0568
239 0.1088 0.0736 0.2913 0.4304 0.0960
240 0.1584 0.2019 0.3743 0.1399 0.1254
241 0.2047 0.1683 0.1311 0.0123 0.4834
242 0.3950 0.1215 0.1159 0.0078 0.3599
243 0.2751 0.0981 0.4360 0.0788 0.1120
244 0.1022 0.2231 0.1487 0.4873 0.0388
245 0.6636 0.0850 0.0905 0.0566 0.1042
246 0.1225 0.0606 0.0848 0.0540 0.6782
247 0.1871 0.3662 0.3662 0.0338 0.0466
248 0.3953 0.2632 0.1215 0.0592 0.1609
249 0.3608 0.2156 0.3210 0.0292 0.0733
250 0.2100 0.2455 0.2035 0.2271 0.1141
251 0.0609 0.1004 0.7837 0.0077 0.0474
252 0.1011 0.4031 0.4495 0.0421 0.0042
253 0.0941 0.0647 0.8257 0.0059 0.0097
254 0.5210 0.1528 0.1392 0.1318 0.0549
255 0.4614 0.2394 0.1213 0.0587 0.1194
256 0.4985 0.3022 0.1157 0.0600 0.0235
257 0.1052 0.3530 0.4980 0.0297 0.0140
258 0.0983 0.1407 0.4404 0.2800 0.0403
259 0.1332 0.4612 0.2627 0.1104 0.0324
260 0.0419 0.2162 0.1353 0.5693 0.0373
261 0.0602 0.3892 0.2983 0.2133 0.0388
262 0.1222 0.3071 0.1545 0.1364 0.2798
263 0.0922 0.2708 0.4607 0.0782 0.0981
264 0.0851 0.0837 0.7764 0.0392 0.0157
265 0.0581 0.0567 0.8735 0.0103 0.0013
266 0.0320 0.1816 0.2683 0.1680 0.3501
267 0.2668 0.0894 0.5142 0.0997 0.0299
268 0.4336 0.0692 0.1646 0.1864 0.1464
269 0.3892 0.3462 0.1000 0.1039 0.0606
270 0.3044 0.2837 0.2771 0.1299 0.0046
271 0.3135 0.3442 0.2311 0.0898 0.0215
272 0.1248 0.2156 0.5903 0.0229 0.0463
273 0.0828 0.1407 0.7378 0.0309 0.0079
274 0.3696 0.3364 0.2090 0.0585 0.0266
275 0.2698 0.3572 0.2871 0.0427 0.0433
276 0.2573 0.3574 0.3105 0.0351 0.0395
277 0.6567 0.0465 0.1283 0.0543 0.1141
278 0.5625 0.0977 0.1433 0.0168 0.1797
279 0.3794 0.3193 0.2546 0.0140 0.0326
280 0.0676 0.4080 0.4622 0.0444 0.0178
281 0.1263 0.1500 0.4766 0.1302 0.1168
282 0.1198 0.1770 0.4888 0.1467 0.0677
283 0.0236 0.3960 0.5498 0.0156 0.0149
284 0.5083 0.1274 0.1611 0.0843 0.1188
285 0.1315 0.1929 0.4736 0.0588 0.1433
286 0.1768 0.1584 0.4207 0.0630 0.1809
287 0.2052 0.1810 0.4377 0.0646 0.1115
288 0.1237 0.1481 0.3723 0.2854 0.0705
289 0.2493 0.1141 0.1609 0.3921 0.0835
290 0.5356 0.3147 0.0676 0.0038 0.0784
291 0.5356 0.3147 0.0676 0.0038 0.0784
292 0.2037 0.2830 0.2496 0.2310 0.0327
