time exciting_prob fearful_prob tense_prob sad_prob relaxing_prob
0 0.2037 0.2830 0.2496 0.2310 0.0327
1 0.1687 0.2003 0.0946 0.4958 0.0407
2 0.0601 0.3484 0.1063 0.0309 0.4543
3 0.0771 0.5190 0.2031 0.0324 0.1685
4 0.0584 0.0516 0.0891 0.0549 0.7461
5 0.0387 0.0409 0.0685 0.0299 0.8218
6 0.0726 0.1561 0.1912 0.1142 0.4661
7 0.0629 0.2195 0.2605 0.0342 0.4229
8 0.0833 0.1920 0.3423 0.0609 0.3215
9 0.1361 0.1155 0.6914 0.0474 0.0096
10 0.2207 0.2349 0.3723 0.0757 0.0964
11 0.1722 0.1070 0.1952 0.3975 0.1281
12 0.1938 0.2179 0.3706 0.1281 0.0894
13 0.1772 0.2600 0.3965 0.1360 0.0303
14 0.1208 0.1858 0.5947 0.0818 0.0167
15 0.0644 0.2864 0.3794 0.1311 0.1385
16 0.1628 0.1278 0.1788 0.0517 0.4788
17 0.0731 0.2593 0.5278 0.1263 0.0133
18 0.1122 0.0998 0.4509 0.2866 0.0506
19 0.2274 0.0856 0.6377 0.0185 0.0308
20 0.2335 0.1555 0.4260 0.1567 0.0281
21 0.0684 0.0884 0.1436 0.0462 0.6533
22 0.1772 0.2072 0.3870 0.0884 0.1401
23 0.3005 0.2612 0.3328 0.0703 0.0353
24 0.0992 0.2324 0.5532 0.1055 0.0098
25 0.1180 0.0986 0.1492 0.1057 0.5288
26 0.3196 0.1646 0.2527 0.1570 0.1062
27 0.2094 0.1709 0.1104 0.3425 0.1669
28 0.2603 0.1964 0.4602 0.0701 0.0130
29 0.1417 0.1632 0.4102 0.1558 0.1290
30 0.1940 0.2434 0.2981 0.2434 0.0211
31 0.4236 0.3052 0.2017 0.0479 0.0216
32 0.0807 0.1384 0.2046 0.0853 0.4910
33 0.2815 0.1831 0.2445 0.1415 0.1494
34 0.2384 0.2700 0.3550 0.0994 0.0371
35 0.1464 0.3511 0.3979 0.0279 0.0765
36 0.0882 0.1810 0.5039 0.0698 0.1572
37 0.2290 0.1715 0.4519 0.0732 0.0743
38 0.0404 0.2310 0.4739 0.2383 0.0165
39 0.1466 0.0749 0.3008 0.1769 0.3008
40 0.1124 0.4807 0.3381 0.0414 0.0273
41 0.1876 0.1791 0.3701 0.0740 0.1891
42 0.2634 0.3330 0.1586 0.2004 0.0447
43 0.1989 0.2184 0.4412 0.0709 0.0709
44 0.0504 0.2681 0.2639 0.1813 0.2365
45 0.1038 0.0975 0.3977 0.1232 0.2776
46 0.1152 0.1827 0.4351 0.0756 0.1915
47 0.0892 0.2603 0.2334 0.3728 0.0442
48 0.1279 0.2484 0.3560 0.0618 0.2059
49 0.0632 0.4595 0.3635 0.0978 0.0159
50 0.2333 0.2026 0.3394 0.0554 0.1693
51 0.0552 0.1536 0.6992 0.0365 0.0556
52 0.0845 0.1980 0.3213 0.3420 0.0541
53 0.0756 0.2617 0.5854 0.0427 0.0346
54 0.0497 0.1777 0.4536 0.2544 0.0643
55 0.0927 0.2542 0.4355 0.1339 0.0838
56 0.3206 0.2874 0.1715 0.0849 0.1357
57 0.0465 0.2134 0.2476 0.4050 0.0876
58 0.1801 0.1516 0.3525 0.2423 0.0733
59 0.1660 0.0828 0.3250 0.2164 0.2098
60 0.0836 0.2134 0.5366 0.1356 0.0310
61 0.1484 0.0989 0.2228 0.3452 0.1847
62 0.2251 0.1443 0.1609 0.2166 0.2532
63 0.0557 0.1514 0.3206 0.4448 0.0276
64 0.1980 0.0554 0.1788 0.4531 0.1146
65 0.0531 0.3896 0.4626 0.0626 0.0320
66 0.0265 0.3579 0.2832 0.3208 0.0117
67 0.1114 0.1055 0.2549 0.4011 0.1272
68 0.1425 0.0470 0.2106 0.4597 0.1403
69 0.1282 0.1608 0.2866 0.2490 0.1753
70 0.0522 0.1881 0.1674 0.0565 0.5356
71 0.0985 0.1730 0.5625 0.1246 0.0414
72 0.1390 0.1227 0.3779 0.3037 0.0566
73 0.1559 0.0960 0.2822 0.3101 0.1559
74 0.0419 0.3887 0.3171 0.1620 0.0901
75 0.0286 0.4072 0.4543 0.0681 0.0416
76 0.0566 0.1379 0.2007 0.5288 0.0762
77 0.0710 0.1049 0.4150 0.2222 0.1870
78 0.2874 0.1401 0.2517 0.1492 0.1716
79 0.0688 0.0688 0.1170 0.6836 0.0616
80 0.2448 0.1094 0.1129 0.4363 0.0966
81 0.1171 0.2257 0.2120 0.4216 0.0234
82 0.1504 0.3040 0.3782 0.0657 0.1018
83 0.2322 0.3076 0.2866 0.1312 0.0423
84 0.1628 0.0751 0.2727 0.4424 0.0470
85 0.2756 0.0601 0.1849 0.3887 0.0909
86 0.0988 0.2369 0.4126 0.1693 0.0825
87 0.0784 0.0991 0.2130 0.5439 0.0655
88 0.0863 0.1266 0.1785 0.5498 0.0589
89 0.0714 0.2415 0.5356 0.0416 0.1097
90 0.1288 0.3186 0.3669 0.1051 0.0806
91 0.1126 0.3635 0.3232 0.1066 0.0941
92 0.1035 0.0806 0.2123 0.5254 0.0781
93 0.2783 0.1016 0.1868 0.2634 0.1700
94 0.0496 0.3997 0.3997 0.0493 0.1019
95 0.1187 0.3892 0.3772 0.0621 0.0527
96 0.2223 0.2367 0.3608 0.0971 0.0831
97 0.3164 0.1027 0.2407 0.1761 0.1642
98 0.4004 0.0521 0.1279 0.3167 0.1028
99 0.0502 0.0895 0.1344 0.6929 0.0329
100 0.0708 0.2433 0.5522 0.0564 0.0771
101 0.2130 0.0370 0.2844 0.1030 0.3623
102 0.1608 0.0183 0.2529 0.1940 0.3738
103 0.0748 0.0420 0.5439 0.0861 0.2529
104 0.1841 0.0504 0.2852 0.2401 0.2401
105 0.1647 0.0201 0.3125 0.2590 0.2434
106 0.1699 0.1584 0.3005 0.0305 0.3406
107 0.1650 0.0767 0.2764 0.1785 0.3035
108 0.1869 0.0267 0.3774 0.1573 0.2515
109 0.1556 0.0795 0.3823 0.0400 0.3425
110 0.1332 0.0894 0.2568 0.0258 0.4949
111 0.1830 0.0456 0.2622 0.3528 0.1565
112 0.1412 0.0414 0.2188 0.1962 0.4023
113 0.0573 0.0376 0.3735 0.0952 0.4365
114 0.0367 0.0486 0.0990 0.0246 0.7910
115 0.1602 0.0864 0.2991 0.1504 0.3040
116 0.1565 0.1163 0.3611 0.1042 0.2620
117 0.1138 0.0428 0.2952 0.1320 0.4163
118 0.1179 0.0410 0.3926 0.1913 0.2573
119 0.0442 0.0873 0.5103 0.0490 0.3093
120 0.0809 0.1754 0.5317 0.0420 0.1699
121 0.1359 0.1277 0.5503 0.0920 0.0941
122 0.2161 0.0406 0.3792 0.1907 0.1736
123 0.1870 0.0905 0.2920 0.1770 0.2537
124 0.0934 0.1459 0.6050 0.1257 0.0301
125 0.2196 0.0930 0.2568 0.2649 0.1658
126 0.1511 0.0578 0.3682 0.3301 0.0931
127 0.1666 0.1200 0.3813 0.1918 0.1403
128 0.1560 0.0535 0.2289 0.0499 0.5117
129 0.2047 0.0587 0.3428 0.2979 0.0959
130 0.1444 0.1637 0.4211 0.0417 0.2290
131 0.1909 0.0538 0.2610 0.2910 0.2032
132 0.0733 0.2223 0.5088 0.0857 0.1100
133 0.1223 0.0765 0.5742 0.0815 0.1453
134 0.1752 0.0923 0.3828 0.1176 0.2322
135 0.1761 0.0294 0.2522 0.2859 0.2563
136 0.1931 0.1034 0.4250 0.0941 0.1843
137 0.0354 0.0170 0.1285 0.0195 0.7993
138 0.1732 0.0956 0.3337 0.1678 0.2295
139 0.2886 0.0309 0.2111 0.2111 0.2585
140 0.1350 0.0381 0.2971 0.2463 0.2834
141 0.0812 0.2258 0.5503 0.0227 0.1199
142 0.2012 0.0935 0.3728 0.0489 0.2837
143 0.0505 0.2059 0.5962 0.0136 0.1340
144 0.1698 0.0321 0.2357 0.2249 0.3376
145 0.0773 0.2418 0.5537 0.0215 0.1057
146 0.0411 0.2422 0.4893 0.0558 0.1718
147 0.0725 0.2695 0.5444 0.0128 0.1007
148 0.1909 0.1924 0.3708 0.0610 0.1849
149 0.1295 0.4180 0.3464 0.0374 0.0688
150 0.1164 0.1248 0.4531 0.0308 0.2749
151 0.0389 0.1797 0.6177 0.1514 0.0124
152 0.0293 0.4507 0.3145 0.1332 0.0724
153 0.1197 0.1974 0.5449 0.0203 0.1179
154 0.0724 0.5352 0.2820 0.0114 0.0990
155 0.0744 0.3132 0.3718 0.0593 0.1813
156 0.0660 0.0961 0.5791 0.1273 0.1313
157 0.0569 0.3005 0.4653 0.0578 0.1195
158 0.0601 0.1022 0.5791 0.0847 0.1738
159 0.1234 0.2737 0.4729 0.0410 0.0889
160 0.0925 0.0626 0.4485 0.1285 0.2678
161 0.0527 0.1663 0.5205 0.0333 0.2273
162 0.0582 0.2338 0.5522 0.0834 0.0724
163 0.0739 0.1976 0.5718 0.0850 0.0716
164 0.0380 0.3630 0.5039 0.0307 0.0641
165 0.1249 0.3237 0.4497 0.0757 0.0260
166 0.1000 0.2380 0.4807 0.0300 0.1512
167 0.0429 0.2130 0.5522 0.0821 0.1096
168 0.0161 0.2822 0.6069 0.0340 0.0606
169 0.0492 0.2419 0.5581 0.0291 0.1216
170 0.0312 0.2610 0.5791 0.0591 0.0697
171 0.0953 0.3027 0.5112 0.0450 0.0457
172 0.0536 0.2703 0.5332 0.0188 0.1238
173 0.0350 0.3118 0.5220 0.0517 0.0795
174 0.0552 0.2917 0.4211 0.0420 0.1898
175 0.0628 0.3215 0.3318 0.0648 0.2192
176 0.0610 0.3196 0.5479 0.0216 0.0498
177 0.1588 0.2598 0.4453 0.0312 0.1049
178 0.0352 0.2126 0.6348 0.0936 0.0238
179 0.0545 0.1746 0.2312 0.0728 0.4670
180 0.0163 0.2472 0.4763 0.1699 0.0902
181 0.1061 0.1952 0.3479 0.0820 0.2688
182 0.1042 0.1873 0.3418 0.1026 0.2642
183 0.0748 0.3174 0.4475 0.1453 0.0148
184 0.0159 0.1893 0.6606 0.1113 0.0226
185 0.0360 0.3162 0.3755 0.1448 0.1277
186 0.2639 0.3132 0.1758 0.0540 0.1930
187 0.1246 0.2637 0.4148 0.1663 0.0305
188 0.1106 0.4045 0.2234 0.1302 0.1313
189 0.0990 0.0582 0.1176 0.6763 0.0490
190 0.2412 0.1908 0.3594 0.1521 0.0564
191 0.2389 0.1935 0.3672 0.1340 0.0663
192 0.2161 0.1450 0.4719 0.0634 0.1036
193 0.1152 0.1715 0.4519 0.2135 0.0480
194 0.1499 0.1204 0.5068 0.1114 0.1114
195 0.0845 0.1128 0.6289 0.1591 0.0146
196 0.2029 0.1532 0.1749 0.2300 0.2391
197 0.1709 0.1203 0.2842 0.3706 0.0542
198 0.3840 0.1041 0.3013 0.1469 0.0637
199 0.2440 0.0798 0.1276 0.4814 0.0672
200 0.2369 0.1201 0.4602 0.1506 0.0321
201 0.1362 0.0981 0.2837 0.4128 0.0690
202 0.1007 0.2825 0.4109 0.1454 0.0606
203 0.1836 0.2549 0.2756 0.2080 0.0778
204 0.1740 0.1672 0.3486 0.2395 0.0708
205 0.2651 0.0784 0.1956 0.4238 0.0370
206 0.0568 0.1021 0.7144 0.1203 0.0066
207 0.1602 0.2172 0.2744 0.2480 0.1002
208 0.1043 0.1329 0.5957 0.0628 0.1043
209 0.3259 0.2024 0.3362 0.0414 0.0941
210 0.1919 0.0633 0.3315 0.1667 0.2465
211 0.1431 0.1895 0.5400 0.0703 0.0573
212 0.1481 0.0584 0.5288 0.1613 0.1033
213 0.2262 0.2771 0.2727 0.1019 0.1220
214 0.1455 0.1206 0.1477 0.4080 0.1782
215 0.1223 0.1969 0.3794 0.2546 0.0468
216 0.2213 0.1606 0.2908 0.2776 0.0497
217 0.1014 0.2632 0.4617 0.1559 0.0178
218 0.1510 0.0923 0.3003 0.3855 0.0708
219 0.0866 0.2144 0.5024 0.1353 0.0614
220 0.1385 0.1521 0.5786 0.0967 0.0342
221 0.1973 0.2717 0.3684 0.0992 0.0635
222 0.2236 0.0779 0.5200 0.0925 0.0862
223 0.1981 0.1555 0.2817 0.2544 0.1103
224 0.0759 0.1029 0.7090 0.0860 0.0262
225 0.1631 0.1045 0.1892 0.4502 0.0930
226 0.0966 0.0832 0.6006 0.1438 0.0757
227 0.2313 0.1360 0.2057 0.3210 0.1059
228 0.2275 0.1359 0.3235 0.1931 0.1199
229 0.3994 0.1317 0.1718 0.2766 0.0205
230 0.1281 0.0730 0.2842 0.4333 0.0814
231 0.1033 0.0941 0.1456 0.3718 0.2852
232 0.2737 0.0968 0.3889 0.1609 0.0797
233 0.2477 0.2742 0.3105 0.1378 0.0298
234 0.2937 0.1476 0.1187 0.3950 0.0450
235 0.1247 0.1180 0.2120 0.1066 0.4385
236 0.2235 0.2306 0.2271 0.2532 0.0656
237 0.2267 0.0475 0.2778 0.2822 0.1659
238 0.1603 0.1219 0.3784 0.0648 0.2747
239 0.2825 0.2512 0.1089 0.1234 0.2341
240 0.1885 0.2537 0.1337 0.3606 0.0637
241 0.0775 0.1565 0.4221 0.0537 0.2900
242 0.0891 0.1492 0.5005 0.0303 0.2310
243 0.2571 0.2358 0.2822 0.1571 0.0676
244 0.4932 0.1576 0.2329 0.0739 0.0424
245 0.6753 0.0555 0.1028 0.1427 0.0237
246 0.2983 0.1740 0.1768 0.3054 0.0457
247 0.4443 0.1635 0.0961 0.1782 0.1177
248 0.2993 0.1136 0.1815 0.0415 0.3640
249 0.4810 0.1389 0.0791 0.2290 0.0720
250 0.6870 0.1037 0.0680 0.0847 0.0568
251 0.5078 0.1187 0.0737 0.2455 0.0544
252 0.3325 0.2357 0.0895 0.3123 0.0300
253 0.2046 0.2178 0.1202 0.4006 0.0568
