time exciting_prob fearful_prob tense_prob sad_prob relaxing_prob
0 0.2037 0.2830 0.2496 0.2310 0.0327
1 0.0265 0.0761 0.0726 0.8184 0.0065
2 0.6328 0.0246 0.0267 0.1118 0.2040
3 0.6870 0.0071 0.0244 0.1556 0.1261
4 0.7188 0.0168 0.0176 0.0865 0.1604
5 0.0889 0.0465 0.0583 0.7559 0.0506
6 0.4607 0.0321 0.0381 0.2927 0.1763
7 0.7983 0.0259 0.0345 0.0420 0.0992
8 0.5254 0.0272 0.0369 0.0865 0.3237
9 0.7344 0.0159 0.0242 0.2008 0.0246
10 0.1615 0.6797 0.0143 0.1392 0.0053
11 0.4231 0.1606 0.0696 0.3196 0.0271
12 0.2250 0.1821 0.1510 0.3948 0.0471
13 0.4075 0.0999 0.1794 0.2844 0.0286
14 0.1058 0.0098 0.1771 0.6792 0.0280
15 0.1459 0.0128 0.2900 0.4783 0.0728
16 0.0728 0.0781 0.3501 0.4221 0.0769
17 0.0944 0.0610 0.2690 0.5352 0.0406
18 0.1061 0.0198 0.2466 0.5913 0.0361
19 0.0894 0.0316 0.1670 0.6870 0.0252
20 0.0429 0.0615 0.4404 0.4009 0.0543
21 0.1429 0.1130 0.3735 0.2910 0.0795
22 0.2423 0.0178 0.2661 0.3752 0.0986
23 0.2067 0.0237 0.3176 0.4272 0.0249
24 0.1099 0.0202 0.5757 0.2764 0.0177
25 0.2080 0.0397 0.1985 0.3271 0.2267
26 0.0850 0.0165 0.2312 0.6382 0.0289
27 0.0784 0.4917 0.2434 0.1672 0.0194
28 0.1189 0.0265 0.1637 0.6279 0.0631
29 0.0958 0.0177 0.3450 0.5098 0.0316
30 0.0411 0.0287 0.0480 0.8779 0.0041
31 0.0803 0.0072 0.1344 0.7495 0.0286
32 0.1527 0.0544 0.5498 0.1813 0.0617
33 0.0912 0.0292 0.2277 0.6187 0.0331
34 0.0798 0.1359 0.3992 0.2460 0.1390
35 0.1915 0.0102 0.3635 0.3992 0.0354
36 0.1185 0.0177 0.3706 0.4009 0.0923
37 0.0995 0.0304 0.4497 0.4094 0.0107
38 0.1434 0.0220 0.1975 0.5942 0.0427
39 0.1909 0.0223 0.3123 0.4614 0.0130
40 0.1605 0.0120 0.2861 0.5264 0.0148
41 0.3354 0.0234 0.2512 0.3801 0.0098
42 0.1709 0.0235 0.2998 0.4944 0.0114
43 0.1915 0.0130 0.2120 0.5542 0.0289
44 0.2642 0.0217 0.2207 0.4424 0.0512
45 0.1176 0.0237 0.1364 0.6870 0.0353
46 0.1013 0.0275 0.2229 0.6108 0.0375
47 0.1593 0.0387 0.1362 0.6553 0.0105
48 0.1191 0.0250 0.1733 0.6748 0.0077
49 0.1908 0.0216 0.1462 0.6353 0.0061
50 0.0788 0.0166 0.3818 0.5137 0.0090
51 0.0780 0.0111 0.6040 0.3037 0.0031
52 0.1199 0.0238 0.2480 0.5249 0.0831
53 0.1189 0.0804 0.2478 0.5415 0.0114
54 0.1963 0.0470 0.4600 0.1830 0.1136
55 0.2622 0.0474 0.3474 0.1494 0.1934
56 0.0998 0.0730 0.1879 0.6162 0.0231
57 0.1836 0.0379 0.5107 0.1851 0.0828
58 0.1805 0.0270 0.3853 0.2908 0.1166
59 0.0988 0.0142 0.2686 0.5957 0.0224
60 0.2600 0.0435 0.2971 0.3726 0.0268
61 0.2274 0.0466 0.2874 0.3960 0.0427
62 0.2155 0.0780 0.4705 0.1871 0.0488
63 0.0659 0.0826 0.7310 0.0989 0.0217
64 0.0390 0.0658 0.7300 0.1393 0.0260
65 0.0590 0.0155 0.1011 0.8140 0.0102
66 0.1299 0.0928 0.3020 0.4678 0.0074
67 0.1781 0.0494 0.3682 0.3921 0.0122
68 0.1130 0.0605 0.4761 0.3025 0.0479
69 0.1025 0.0721 0.5166 0.2944 0.0140
70 0.1489 0.0992 0.4275 0.2435 0.0809
71 0.1143 0.0720 0.6470 0.1411 0.0255
72 0.1915 0.0177 0.2744 0.4216 0.0948
73 0.1683 0.0713 0.3098 0.3350 0.1157
74 0.2134 0.0720 0.3306 0.1478 0.2362
75 0.2039 0.1082 0.3335 0.3335 0.0211
76 0.1991 0.0269 0.3662 0.3777 0.0301
77 0.1620 0.0443 0.6611 0.1167 0.0157
78 0.2224 0.0274 0.1678 0.5503 0.0318
79 0.2079 0.0457 0.1619 0.4834 0.1013
80 0.0882 0.0725 0.1926 0.6313 0.0153
81 0.0894 0.1407 0.1232 0.5566 0.0901
82 0.2163 0.1322 0.1364 0.4368 0.0783
83 0.1212 0.1791 0.2410 0.4363 0.0224
84 0.1675 0.0407 0.2051 0.5576 0.0291
85 0.2869 0.0720 0.2452 0.3799 0.0162
86 0.2336 0.0435 0.1166 0.5693 0.0370
87 0.2051 0.0157 0.0343 0.7046 0.0401
88 0.1257 0.0380 0.3525 0.4387 0.0452
89 0.1772 0.0104 0.0710 0.7290 0.0123
90 0.3613 0.0172 0.3291 0.2771 0.0153
91 0.3167 0.0233 0.1104 0.5386 0.0108
92 0.1077 0.0238 0.1121 0.7363 0.0201
93 0.1454 0.0205 0.1151 0.7046 0.0144
94 0.1126 0.0232 0.1327 0.7173 0.0141
95 0.1360 0.0360 0.3018 0.4976 0.0285
96 0.3909 0.0328 0.2192 0.2644 0.0928
97 0.1996 0.0336 0.4863 0.2484 0.0321
98 0.1504 0.0678 0.4023 0.3389 0.0405
99 0.0491 0.0484 0.2101 0.6470 0.0454
100 0.1406 0.0244 0.3218 0.2886 0.2246
101 0.2101 0.0190 0.3230 0.4346 0.0134
102 0.0942 0.1309 0.4158 0.3367 0.0224
103 0.1658 0.0324 0.1166 0.6558 0.0297
104 0.1742 0.0583 0.2202 0.5283 0.0188
105 0.0656 0.1039 0.3201 0.4880 0.0223
106 0.1338 0.0320 0.0722 0.7407 0.0215
107 0.1616 0.0043 0.2075 0.5640 0.0623
108 0.1256 0.0715 0.5005 0.2898 0.0125
109 0.2317 0.0121 0.2952 0.4163 0.0446
110 0.1720 0.0107 0.2581 0.4392 0.1201
111 0.1252 0.0167 0.2001 0.4580 0.2001
112 0.0747 0.0196 0.2095 0.5874 0.1087
113 0.1691 0.0850 0.3552 0.3582 0.0325
114 0.1483 0.0206 0.3728 0.4126 0.0456
115 0.1290 0.0271 0.1373 0.6401 0.0664
116 0.0802 0.0295 0.2001 0.6768 0.0133
117 0.2048 0.2064 0.3457 0.1608 0.0822
118 0.2168 0.3130 0.1840 0.2020 0.0842
119 0.2014 0.0271 0.3374 0.4165 0.0175
120 0.1495 0.0210 0.5020 0.3118 0.0158
121 0.0809 0.0096 0.1941 0.6987 0.0166
122 0.1564 0.0169 0.1492 0.6689 0.0088
123 0.0735 0.0586 0.3320 0.5308 0.0052
124 0.0351 0.0070 0.1000 0.8110 0.0468
125 0.0545 0.0065 0.0571 0.8657 0.0161
126 0.0671 0.0110 0.0848 0.8174 0.0197
127 0.2457 0.0156 0.1855 0.4812 0.0721
128 0.2139 0.0114 0.2041 0.5376 0.0328
129 0.1976 0.0444 0.0780 0.5542 0.1256
130 0.1711 0.0591 0.2216 0.4800 0.0681
131 0.2163 0.0125 0.2302 0.5107 0.0302
132 0.0520 0.0049 0.0405 0.8931 0.0097
133 0.1240 0.0119 0.2371 0.6147 0.0121
134 0.1172 0.0194 0.1085 0.7412 0.0138
135 0.0903 0.0216 0.1097 0.7676 0.0107
136 0.0311 0.0125 0.1299 0.7959 0.0309
137 0.0475 0.2673 0.3486 0.3174 0.0192
138 0.0845 0.0336 0.1438 0.6968 0.0415
139 0.0772 0.0946 0.2217 0.5195 0.0869
140 0.1410 0.1377 0.3127 0.2235 0.1853
141 0.3132 0.0148 0.2363 0.3960 0.0398
142 0.2053 0.0315 0.0651 0.4927 0.2053
143 0.1144 0.0933 0.1588 0.5991 0.0343
144 0.1260 0.0309 0.1694 0.6597 0.0138
145 0.0552 0.0213 0.1367 0.7744 0.0122
146 0.0870 0.0197 0.1744 0.7012 0.0177
147 0.2030 0.0216 0.1121 0.6450 0.0184
148 0.0602 0.0602 0.3574 0.4963 0.0259
149 0.0742 0.0498 0.2532 0.5703 0.0526
150 0.0627 0.1025 0.6479 0.1743 0.0126
151 0.1267 0.0462 0.5415 0.2559 0.0296
152 0.1598 0.0666 0.4624 0.2676 0.0437
153 0.2546 0.0629 0.2030 0.4070 0.0724
154 0.2773 0.1592 0.3560 0.1351 0.0723
155 0.1198 0.0414 0.6733 0.1134 0.0519
156 0.1362 0.2013 0.4536 0.1721 0.0369
157 0.0709 0.2003 0.5117 0.1687 0.0483
158 0.2246 0.1103 0.5347 0.0729 0.0577
159 0.1638 0.0352 0.2136 0.3257 0.2617
160 0.2681 0.2292 0.2808 0.1481 0.0739
161 0.1824 0.0298 0.1512 0.5981 0.0385
162 0.3071 0.0319 0.1450 0.4756 0.0403
163 0.1366 0.1443 0.1355 0.5708 0.0130
164 0.1265 0.0287 0.1797 0.5620 0.1031
165 0.1746 0.1317 0.3555 0.1436 0.1947
166 0.2185 0.0883 0.3865 0.1198 0.1869
167 0.1562 0.0566 0.4626 0.1990 0.1255
168 0.2325 0.0458 0.2893 0.3894 0.0430
169 0.2737 0.0868 0.2756 0.2551 0.1088
170 0.2466 0.1077 0.2228 0.3701 0.0529
171 0.1128 0.0421 0.1471 0.6440 0.0541
172 0.0443 0.0676 0.0967 0.7852 0.0061
173 0.0537 0.0412 0.7778 0.1230 0.0043
174 0.0523 0.0473 0.3491 0.5322 0.0188
175 0.3259 0.0346 0.1564 0.4219 0.0612
176 0.0533 0.0858 0.5908 0.2502 0.0199
177 0.0487 0.0530 0.5034 0.3433 0.0518
178 0.0773 0.1255 0.4114 0.3384 0.0473
179 0.0401 0.0749 0.5889 0.2698 0.0263
180 0.2651 0.1312 0.2844 0.2866 0.0324
181 0.0274 0.0812 0.2834 0.3418 0.2661
182 0.1620 0.0675 0.1606 0.5479 0.0620
183 0.3442 0.0492 0.1327 0.3579 0.1161
184 0.1682 0.0490 0.1461 0.5962 0.0403
185 0.0657 0.0272 0.1436 0.7285 0.0349
186 0.1576 0.0667 0.1960 0.5542 0.0255
187 0.1901 0.0864 0.1504 0.5459 0.0276
188 0.5176 0.1616 0.2644 0.0387 0.0180
189 0.0909 0.1063 0.2981 0.4839 0.0206
190 0.2505 0.1112 0.3218 0.2646 0.0517
191 0.2612 0.0394 0.2379 0.4175 0.0440
192 0.3132 0.0804 0.2136 0.3335 0.0593
193 0.3608 0.0431 0.2223 0.3337 0.0402
194 0.1931 0.0341 0.1814 0.5503 0.0411
195 0.2188 0.0346 0.1664 0.5586 0.0218
196 0.1647 0.0565 0.2452 0.5112 0.0226
197 0.1409 0.0518 0.2803 0.4995 0.0275
198 0.1331 0.0623 0.4866 0.2861 0.0319
199 0.2759 0.0472 0.1882 0.4375 0.0511
200 0.1969 0.0364 0.4648 0.2864 0.0154
201 0.0994 0.0333 0.1691 0.6899 0.0084
202 0.1378 0.0208 0.1990 0.6128 0.0298
203 0.0573 0.0260 0.1522 0.7432 0.0211
204 0.1575 0.0511 0.4775 0.2988 0.0152
205 0.1553 0.0352 0.3528 0.4321 0.0246
206 0.2034 0.0362 0.2491 0.4802 0.0312
207 0.2966 0.0374 0.2170 0.4182 0.0308
208 0.1764 0.0342 0.0685 0.6865 0.0342
209 0.2576 0.0963 0.1445 0.4666 0.0351
210 0.1072 0.0660 0.2654 0.5361 0.0253
211 0.1068 0.0445 0.1964 0.6240 0.0283
212 0.1732 0.1349 0.4634 0.1858 0.0428
213 0.1191 0.1019 0.6099 0.1519 0.0172
214 0.1166 0.0223 0.2163 0.6211 0.0239
215 0.1234 0.0192 0.1205 0.7100 0.0269
216 0.2213 0.0164 0.1148 0.6108 0.0364
217 0.2178 0.0789 0.3145 0.3508 0.0381
218 0.2800 0.2360 0.1132 0.2937 0.0772
219 0.2135 0.0919 0.0779 0.5366 0.0798
220 0.2114 0.0909 0.4441 0.1323 0.1214
221 0.1381 0.1370 0.5010 0.1447 0.0793
222 0.1481 0.0884 0.3811 0.1458 0.2366
223 0.2598 0.0891 0.2365 0.3606 0.0544
224 0.1719 0.0516 0.2424 0.5132 0.0207
225 0.1812 0.0940 0.3958 0.3130 0.0160
226 0.2159 0.1020 0.3972 0.2773 0.0076
227 0.4436 0.0300 0.1322 0.2231 0.1710
228 0.6475 0.0160 0.1082 0.1467 0.0817
229 0.6162 0.0180 0.1322 0.1312 0.1022
230 0.4836 0.0359 0.0834 0.1793 0.2179
231 0.2500 0.2424 0.0800 0.3638 0.0637
232 0.2500 0.2424 0.0800 0.3638 0.0637
