time exciting_prob fearful_prob tense_prob sad_prob relaxing_prob
0 0.0274 0.3289 0.4934 0.1019 0.0485
1 0.0497 0.4031 0.3342 0.1460 0.0668
2 0.0532 0.3523 0.3208 0.1772 0.0963
3 0.0405 0.3445 0.3137 0.2156 0.0858
4 0.0674 0.1696 0.3943 0.3591 0.0096
5 0.0826 0.2710 0.4067 0.2283 0.0113
6 0.0260 0.6201 0.2109 0.1362 0.0069
7 0.1175 0.0860 0.3621 0.3975 0.0370
8 0.1355 0.0703 0.2959 0.4514 0.0468
9 0.1276 0.1041 0.3311 0.3469 0.0905
10 0.0776 0.2144 0.3425 0.0859 0.2795
11 0.0768 0.1703 0.4150 0.1049 0.2328
12 0.0350 0.1202 0.3069 0.5303 0.0076
13 0.2075 0.2244 0.1642 0.3816 0.0224
14 0.0721 0.2498 0.4053 0.2346 0.0383
15 0.2275 0.0787 0.4971 0.1539 0.0428
16 0.0556 0.2778 0.4875 0.1583 0.0206
17 0.0710 0.2559 0.4153 0.2292 0.0287
18 0.0414 0.3086 0.4856 0.1527 0.0117
19 0.1504 0.1066 0.3286 0.3608 0.0536
20 0.0630 0.2416 0.3625 0.3005 0.0322
21 0.0326 0.0591 0.2954 0.5967 0.0159
22 0.0511 0.2056 0.4216 0.1931 0.1287
23 0.0713 0.4233 0.2649 0.0873 0.1533
24 0.0530 0.2864 0.2411 0.3401 0.0795
25 0.0869 0.1284 0.1702 0.6035 0.0111
26 0.0621 0.2496 0.4380 0.2069 0.0434
27 0.0969 0.0779 0.4082 0.2085 0.2085
28 0.0632 0.0558 0.2578 0.2922 0.3311
29 0.0876 0.0662 0.3306 0.3689 0.1467
30 0.1024 0.0187 0.2006 0.2917 0.3865
31 0.0207 0.1843 0.2223 0.5674 0.0051
32 0.0765 0.2015 0.2393 0.4470 0.0356
33 0.2408 0.0845 0.3909 0.2092 0.0746
34 0.0710 0.3035 0.2186 0.2764 0.1305
35 0.0791 0.4773 0.1729 0.1207 0.1501
36 0.0546 0.3396 0.2059 0.2445 0.1554
37 0.0560 0.4333 0.1464 0.2321 0.1322
38 0.1157 0.4648 0.2195 0.1907 0.0093
39 0.0474 0.0899 0.2996 0.5093 0.0537
40 0.0148 0.2825 0.3301 0.3513 0.0213
41 0.0464 0.1300 0.3167 0.4756 0.0314
42 0.0105 0.1710 0.1937 0.6157 0.0090
43 0.0265 0.0902 0.3623 0.4653 0.0556
44 0.0263 0.1214 0.2693 0.5273 0.0556
45 0.0233 0.0614 0.1832 0.7021 0.0299
46 0.0268 0.2423 0.3694 0.2744 0.0870
47 0.0385 0.1710 0.2776 0.4575 0.0555
48 0.0189 0.1021 0.2062 0.6353 0.0376
49 0.0325 0.0856 0.4927 0.3181 0.0710
50 0.1204 0.2322 0.2471 0.1158 0.2844
51 0.1852 0.1312 0.2800 0.1766 0.2268
52 0.1195 0.1940 0.4546 0.0510 0.1808
53 0.0637 0.0913 0.1787 0.6338 0.0326
54 0.0728 0.1720 0.4255 0.2925 0.0372
55 0.0614 0.2484 0.4429 0.2158 0.0313
56 0.1609 0.3513 0.2959 0.0714 0.1205
57 0.0977 0.4771 0.1840 0.1525 0.0889
58 0.0460 0.3591 0.1606 0.3882 0.0460
59 0.0294 0.0950 0.4822 0.3584 0.0349
60 0.0218 0.1255 0.5620 0.2534 0.0371
61 0.0537 0.0712 0.4358 0.2059 0.2333
62 0.0500 0.1144 0.4597 0.2578 0.1180
63 0.0625 0.1570 0.4072 0.3376 0.0356
64 0.0870 0.1266 0.5410 0.2152 0.0301
65 0.0285 0.0695 0.5728 0.3018 0.0276
66 0.0292 0.0512 0.6436 0.2480 0.0283
67 0.0312 0.0887 0.6455 0.2129 0.0214
68 0.2014 0.4719 0.1362 0.0691 0.1212
69 0.0800 0.2483 0.3728 0.2603 0.0387
70 0.0107 0.1049 0.1599 0.7168 0.0077
71 0.0084 0.1003 0.1229 0.7646 0.0039
72 0.0133 0.2930 0.2283 0.4612 0.0043
73 0.0246 0.0721 0.1306 0.7402 0.0325
74 0.0458 0.2134 0.6572 0.0693 0.0142
75 0.0750 0.1826 0.2308 0.4810 0.0307
76 0.0567 0.0905 0.2661 0.4253 0.1614
77 0.0519 0.1207 0.5161 0.2988 0.0124
78 0.0520 0.1172 0.5679 0.2482 0.0145
79 0.1382 0.1382 0.4976 0.2042 0.0219
80 0.1188 0.1017 0.4851 0.2764 0.0181
81 0.1334 0.1293 0.2781 0.3684 0.0909
82 0.1240 0.0497 0.0907 0.3879 0.3477
83 0.1624 0.2184 0.3657 0.2184 0.0351
84 0.0094 0.0605 0.0509 0.8618 0.0176
85 0.0424 0.1152 0.0817 0.7393 0.0213
86 0.0379 0.1558 0.6558 0.1418 0.0087
87 0.0155 0.0652 0.0263 0.8862 0.0069
88 0.0778 0.0526 0.2673 0.4546 0.1476
89 0.0652 0.3723 0.3840 0.1458 0.0328
90 0.0086 0.5977 0.0251 0.3682 0.0006
91 0.0416 0.1396 0.6157 0.1938 0.0091
92 0.0681 0.0847 0.4580 0.3796 0.0097
93 0.1274 0.0947 0.5366 0.2272 0.0141
94 0.1087 0.0659 0.3621 0.4504 0.0128
95 0.0505 0.6763 0.1569 0.1104 0.0060
96 0.0665 0.0759 0.5107 0.3247 0.0223
97 0.0209 0.5381 0.2583 0.1775 0.0053
98 0.0118 0.3003 0.2063 0.4797 0.0020
99 0.1562 0.0386 0.7935 0.0051 0.0066
100 0.2625 0.3372 0.1696 0.1763 0.0546
101 0.2107 0.1859 0.3213 0.2278 0.0545
102 0.0735 0.2095 0.1231 0.4231 0.1709
103 0.0305 0.1179 0.6890 0.1514 0.0111
104 0.1159 0.0946 0.1912 0.4375 0.1609
105 0.1210 0.1903 0.4565 0.1693 0.0627
106 0.0953 0.4546 0.1986 0.0803 0.1713
107 0.1235 0.3408 0.3203 0.1769 0.0385
108 0.0592 0.1398 0.0778 0.5977 0.1254
109 0.1190 0.0571 0.3667 0.2642 0.1932
110 0.1648 0.0626 0.2473 0.4692 0.0561
111 0.3213 0.0603 0.1360 0.3528 0.1298
112 0.0463 0.5015 0.4092 0.0148 0.0285
113 0.1047 0.1622 0.5845 0.1234 0.0253
114 0.0428 0.0716 0.1564 0.6284 0.1010
115 0.0214 0.1921 0.1750 0.5830 0.0286
116 0.0219 0.2065 0.2737 0.4727 0.0253
117 0.0404 0.2419 0.5283 0.1742 0.0150
118 0.2207 0.2600 0.2705 0.1267 0.1219
119 0.1748 0.1906 0.3115 0.0950 0.2280
120 0.0484 0.0715 0.1884 0.6675 0.0243
121 0.0723 0.0845 0.1102 0.4290 0.3042
122 0.0361 0.1981 0.1721 0.5732 0.0206
123 0.1152 0.1246 0.2722 0.4282 0.0598
124 0.0982 0.1261 0.4910 0.2430 0.0416
125 0.0670 0.2336 0.2030 0.3975 0.0989
126 0.0182 0.2932 0.1570 0.5308 0.0006
127 0.0180 0.5186 0.1533 0.3096 0.0006
128 0.0655 0.0518 0.0923 0.4075 0.3828
129 0.1609 0.1824 0.2305 0.2131 0.2131
130 0.0442 0.2583 0.2793 0.3530 0.0653
131 0.0814 0.2079 0.3320 0.2886 0.0901
132 0.1394 0.4905 0.2317 0.0833 0.0550
133 0.0958 0.1289 0.2408 0.2485 0.2859
134 0.0454 0.1488 0.5884 0.1740 0.0433
135 0.0066 0.0693 0.0343 0.8843 0.0056
136 0.0739 0.1401 0.3108 0.3416 0.1337
137 0.0554 0.2661 0.2423 0.3525 0.0837
138 0.2817 0.0886 0.5020 0.1004 0.0272
139 0.1298 0.4358 0.2225 0.0928 0.1191
140 0.0159 0.7197 0.0847 0.1792 0.0004
141 0.0538 0.1292 0.3511 0.4170 0.0490
142 0.0712 0.3394 0.3787 0.1578 0.0529
143 0.0031 0.1182 0.0442 0.8335 0.0008
144 0.0051 0.5527 0.0847 0.3567 0.0008
145 0.1523 0.2891 0.3892 0.0370 0.1323
146 0.0051 0.4443 0.0382 0.5117 0.0007
147 0.0287 0.2223 0.1307 0.6138 0.0045
148 0.0490 0.1021 0.3452 0.4646 0.0393
149 0.0241 0.1534 0.3149 0.2737 0.2340
150 0.1098 0.0245 0.2676 0.4697 0.1284
151 0.0099 0.2910 0.0514 0.6460 0.0017
152 0.0615 0.0596 0.2588 0.5308 0.0894
153 0.0471 0.0148 0.2079 0.2393 0.4910
154 0.0782 0.0358 0.2446 0.5776 0.0638
155 0.0021 0.3140 0.0193 0.6646 0.0002
156 0.0064 0.0251 0.0088 0.9561 0.0038
157 0.0610 0.1292 0.4236 0.3350 0.0514
158 0.0770 0.0331 0.1508 0.4944 0.2448
159 0.0745 0.1100 0.2277 0.3418 0.2461
160 0.1233 0.2415 0.2233 0.2935 0.1186
161 0.0027 0.4014 0.0295 0.5659 0.0006
162 0.0032 0.5215 0.0421 0.4324 0.0007
163 0.2197 0.2888 0.1333 0.1453 0.2130
164 0.2168 0.4700 0.1367 0.0876 0.0890
165 0.2805 0.4314 0.0869 0.0786 0.1226
166 0.0008 0.0050 0.0033 0.9907 0.0002
167 0.0015 0.0268 0.0105 0.9604 0.0010
168 0.0858 0.1019 0.1329 0.6543 0.0252
169 0.0747 0.6875 0.1030 0.0860 0.0490
170 0.0499 0.6675 0.1549 0.0515 0.0761
171 0.0920 0.4934 0.2725 0.1277 0.0143
172 0.0110 0.1093 0.0567 0.7944 0.0285
173 0.0557 0.1266 0.1389 0.5161 0.1625
174 0.0686 0.0457 0.3596 0.2671 0.2590
175 0.1054 0.2671 0.3074 0.0314 0.2888
176 0.0914 0.1862 0.4197 0.0361 0.2666
177 0.1382 0.2426 0.4426 0.0201 0.1566
178 0.0831 0.1733 0.5864 0.0504 0.1068
179 0.0822 0.2473 0.4341 0.0407 0.1957
180 0.0797 0.3225 0.3713 0.0368 0.1897
181 0.0854 0.2654 0.3201 0.0423 0.2869
182 0.0704 0.2517 0.3386 0.0584 0.2808
183 0.1339 0.4255 0.0643 0.3696 0.0066
184 0.0734 0.6235 0.0825 0.2156 0.0049
185 0.1788 0.2158 0.2059 0.3728 0.0266
186 0.0656 0.3921 0.4175 0.1205 0.0043
187 0.0665 0.4045 0.3149 0.1794 0.0345
188 0.0596 0.2017 0.4543 0.2629 0.0214
189 0.0225 0.2069 0.5366 0.2069 0.0271
190 0.0045 0.0520 0.0488 0.8931 0.0015
191 0.0168 0.3379 0.1956 0.4475 0.0022
192 0.1298 0.3213 0.1027 0.3640 0.0825
193 0.0349 0.0121 0.0415 0.8867 0.0248
194 0.0570 0.0151 0.0495 0.1729 0.7056
195 0.0672 0.5044 0.2007 0.2039 0.0236
196 0.1462 0.2629 0.2527 0.2568 0.0814
197 0.0961 0.1293 0.2654 0.2959 0.2133
198 0.0221 0.2469 0.2432 0.4336 0.0543
199 0.0498 0.2146 0.5479 0.0998 0.0881
200 0.0975 0.1038 0.1534 0.5791 0.0660
201 0.0630 0.0714 0.2612 0.5884 0.0161
202 0.0423 0.0118 0.1031 0.8374 0.0055
203 0.0844 0.2139 0.1759 0.5210 0.0050
204 0.0123 0.0981 0.1384 0.7480 0.0029
205 0.0487 0.1897 0.4844 0.2593 0.0178
206 0.0082 0.2886 0.6108 0.0880 0.0044
207 0.0828 0.1924 0.5068 0.1985 0.0193
208 0.0912 0.0756 0.5854 0.2089 0.0386
209 0.0709 0.2983 0.5488 0.0666 0.0152
210 0.0495 0.0756 0.2595 0.5410 0.0743
211 0.0945 0.1195 0.2869 0.4653 0.0337
212 0.0662 0.3521 0.4182 0.1562 0.0074
213 0.0530 0.3247 0.3738 0.2233 0.0251
214 0.0355 0.1980 0.2244 0.5298 0.0125
215 0.0420 0.0875 0.4443 0.4172 0.0089
216 0.1069 0.0375 0.2688 0.5688 0.0180
217 0.0163 0.1437 0.0481 0.7891 0.0030
218 0.0223 0.0894 0.8223 0.0634 0.0026
219 0.0282 0.2678 0.6841 0.0104 0.0093
220 0.0445 0.2124 0.1268 0.5957 0.0204
221 0.0435 0.0906 0.5464 0.3162 0.0035
222 0.0937 0.0614 0.3823 0.4399 0.0226
223 0.0290 0.0613 0.1615 0.7354 0.0131
224 0.0286 0.2861 0.1104 0.5347 0.0403
225 0.2292 0.0188 0.2292 0.3232 0.1992
226 0.0111 0.1215 0.0583 0.8047 0.0042
227 0.0527 0.1410 0.6523 0.1433 0.0108
228 0.0221 0.1610 0.0630 0.7446 0.0094
229 0.0510 0.4268 0.1261 0.3376 0.0587
230 0.0276 0.0492 0.0557 0.8452 0.0225
231 0.0613 0.2075 0.2974 0.3999 0.0339
232 0.0883 0.0410 0.1782 0.3489 0.3435
233 0.0933 0.0222 0.1587 0.1975 0.5283
234 0.1921 0.1683 0.3535 0.2546 0.0314
235 0.3442 0.2639 0.1886 0.1516 0.0516
236 0.0062 0.2537 0.1401 0.5991 0.0007
237 0.0027 0.0716 0.0344 0.8862 0.0051
238 0.0129 0.0823 0.2573 0.0395 0.6079
239 0.0549 0.1127 0.3638 0.1425 0.3262
240 0.0804 0.4519 0.2874 0.1742 0.0062
241 0.0617 0.6226 0.1930 0.1188 0.0037
242 0.0456 0.3586 0.2927 0.2927 0.0104
243 0.0968 0.1595 0.1647 0.3433 0.2358
244 0.1416 0.2998 0.4160 0.1270 0.0158
245 0.1654 0.2996 0.4568 0.0493 0.0290
246 0.0885 0.0711 0.2025 0.2156 0.4221
247 0.1760 0.1349 0.3904 0.2156 0.0831
248 0.1238 0.1163 0.2878 0.3933 0.0787
249 0.0941 0.0536 0.1527 0.4775 0.2222
250 0.0206 0.0742 0.1323 0.7383 0.0345
251 0.0964 0.0980 0.4255 0.3584 0.0219
252 0.0709 0.1187 0.5073 0.2937 0.0093
253 0.0289 0.0651 0.1357 0.5986 0.1715
254 0.0167 0.0531 0.0835 0.7212 0.1254
255 0.0879 0.1239 0.1077 0.6494 0.0313
256 0.0928 0.1604 0.1438 0.5962 0.0069
257 0.0450 0.1750 0.1750 0.5308 0.0741
258 0.0320 0.1615 0.0485 0.7354 0.0226
259 0.3271 0.3025 0.1836 0.0736 0.1131
260 0.3171 0.3325 0.1646 0.0587 0.1272
261 0.2188 0.2023 0.2153 0.2517 0.1118
262 0.1333 0.3513 0.1354 0.3513 0.0288
263 0.0650 0.2200 0.1420 0.5361 0.0370
264 0.1831 0.4360 0.2012 0.1472 0.0326
265 0.1271 0.3508 0.2095 0.3049 0.0078
266 0.1512 0.4175 0.2455 0.1660 0.0198
267 0.0267 0.2068 0.0687 0.6777 0.0198
268 0.0382 0.0175 0.0267 0.8169 0.1006
269 0.2037 0.2830 0.2496 0.2310 0.0327
270 0.2037 0.2830 0.2496 0.2310 0.0327
271 0.2037 0.2830 0.2496 0.2310 0.0327
272 0.6689 0.2349 0.0576 0.0082 0.0306
273 0.6680 0.2345 0.0584 0.0083 0.0308
274 0.6689 0.2349 0.0576 0.0082 0.0306
