time exciting_prob fearful_prob tense_prob sad_prob relaxing_prob
0 0.1750 0.2588 0.1594 0.3765 0.0304
1 0.0338 0.1444 0.4736 0.3411 0.0069
2 0.0749 0.1913 0.5537 0.1769 0.0034
3 0.1113 0.1671 0.3884 0.2754 0.0577
4 0.0391 0.1224 0.6025 0.2217 0.0142
5 0.0761 0.0215 0.6470 0.2307 0.0247
6 0.0327 0.0681 0.8169 0.0809 0.0014
7 0.0714 0.0916 0.8164 0.0192 0.0015
8 0.0748 0.2067 0.6567 0.0569 0.0046
9 0.0671 0.2307 0.6777 0.0200 0.0043
10 0.0972 0.1628 0.6543 0.0806 0.0050
11 0.0626 0.0552 0.7993 0.0743 0.0086
12 0.0499 0.2200 0.7100 0.0176 0.0024
13 0.0724 0.2001 0.7095 0.0154 0.0026
14 0.0627 0.2188 0.6953 0.0200 0.0032
15 0.1122 0.2339 0.5879 0.0582 0.0075
16 0.0812 0.1949 0.6802 0.0402 0.0033
17 0.0861 0.2377 0.6460 0.0258 0.0046
18 0.2015 0.2671 0.4688 0.0494 0.0132
19 0.1790 0.2729 0.4866 0.0509 0.0108
20 0.1293 0.0917 0.6362 0.1355 0.0075
21 0.1174 0.2029 0.6445 0.0285 0.0066
22 0.0980 0.2878 0.5815 0.0276 0.0050
23 0.1642 0.2389 0.5469 0.0399 0.0103
24 0.1449 0.0594 0.3816 0.3757 0.0384
25 0.1934 0.1268 0.6050 0.0679 0.0070
26 0.0793 0.0623 0.8403 0.0142 0.0040
27 0.2028 0.0776 0.7075 0.0076 0.0046
28 0.2622 0.0684 0.6489 0.0113 0.0093
29 0.2308 0.1032 0.5986 0.0523 0.0150
30 0.1192 0.0195 0.6343 0.2192 0.0076
31 0.5254 0.1494 0.2542 0.0481 0.0227
32 0.2339 0.1204 0.5972 0.0356 0.0130
33 0.1333 0.1186 0.7207 0.0262 0.0011
34 0.3398 0.1351 0.4539 0.0696 0.0015
35 0.1810 0.0588 0.5664 0.1868 0.0072
36 0.3159 0.1002 0.5376 0.0289 0.0174
37 0.2478 0.1857 0.4890 0.0683 0.0092
38 0.1963 0.1035 0.6436 0.0541 0.0026
39 0.2913 0.0917 0.4238 0.1852 0.0081
40 0.3721 0.0408 0.3838 0.1991 0.0042
41 0.6802 0.0643 0.2244 0.0252 0.0060
42 0.6167 0.1015 0.2695 0.0087 0.0036
43 0.3235 0.1652 0.5010 0.0077 0.0029
44 0.1764 0.1104 0.6655 0.0413 0.0063
45 0.2189 0.1135 0.4285 0.2294 0.0096
46 0.0941 0.5288 0.2539 0.1199 0.0032
47 0.0772 0.2417 0.5889 0.0882 0.0041
48 0.2612 0.2416 0.4375 0.0552 0.0046
49 0.1182 0.1110 0.7407 0.0264 0.0037
50 0.1976 0.1091 0.5718 0.1091 0.0123
51 0.0468 0.0771 0.8423 0.0327 0.0010
52 0.1626 0.1527 0.6479 0.0320 0.0049
53 0.1189 0.1930 0.6133 0.0704 0.0043
54 0.2534 0.0476 0.3057 0.3804 0.0129
55 0.2089 0.0418 0.3499 0.3901 0.0095
56 0.4153 0.1306 0.3184 0.1247 0.0110
57 0.1860 0.1329 0.6294 0.0421 0.0097
58 0.3726 0.1145 0.4495 0.0449 0.0186
59 0.5361 0.0903 0.3103 0.0531 0.0100
60 0.2091 0.1060 0.5513 0.1278 0.0060
61 0.1884 0.1151 0.5801 0.1099 0.0065
62 0.0790 0.0802 0.5396 0.2888 0.0123
63 0.5073 0.0881 0.3406 0.0565 0.0078
64 0.1047 0.0834 0.7383 0.0635 0.0103
65 0.2622 0.1747 0.4321 0.1248 0.0062
66 0.1115 0.1548 0.6465 0.0809 0.0061
67 0.1976 0.1515 0.5898 0.0532 0.0077
68 0.1688 0.0940 0.6626 0.0672 0.0072
69 0.0567 0.1890 0.7241 0.0281 0.0020
70 0.0855 0.0437 0.6831 0.1810 0.0065
71 0.3369 0.1044 0.5059 0.0470 0.0060
72 0.1428 0.0974 0.7085 0.0450 0.0062
73 0.2930 0.1005 0.4683 0.1300 0.0084
74 0.1985 0.0931 0.6069 0.0983 0.0034
75 0.0845 0.0793 0.5684 0.2603 0.0076
76 0.1733 0.1542 0.6494 0.0201 0.0032
77 0.2494 0.1197 0.5801 0.0465 0.0044
78 0.3340 0.1371 0.4028 0.1182 0.0079
79 0.3484 0.0901 0.3074 0.2471 0.0069
80 0.0567 0.0622 0.3525 0.5210 0.0075
81 0.1032 0.1411 0.3491 0.4019 0.0045
82 0.1163 0.1448 0.6392 0.0920 0.0079
83 0.0900 0.1350 0.6909 0.0819 0.0019
84 0.0558 0.0745 0.8262 0.0428 0.0009
85 0.1113 0.1130 0.4199 0.3481 0.0075
86 0.0655 0.0720 0.7856 0.0754 0.0015
87 0.2178 0.0966 0.5737 0.1069 0.0050
88 0.1790 0.1483 0.4714 0.1875 0.0138
89 0.0975 0.1113 0.6021 0.1779 0.0114
90 0.0983 0.0543 0.6616 0.1837 0.0021
91 0.0409 0.0995 0.8335 0.0250 0.0009
92 0.1523 0.2183 0.4409 0.1699 0.0185
93 0.3379 0.1398 0.3889 0.1186 0.0151
94 0.0333 0.0584 0.8442 0.0621 0.0018
95 0.0948 0.0427 0.8062 0.0540 0.0021
96 0.0550 0.0478 0.8599 0.0360 0.0014
97 0.2776 0.1121 0.5347 0.0685 0.0069
98 0.0886 0.0581 0.8022 0.0489 0.0023
99 0.1940 0.1534 0.5439 0.1055 0.0030
100 0.0554 0.0942 0.7524 0.0972 0.0011
101 0.1627 0.1577 0.5171 0.1553 0.0068
102 0.1322 0.3765 0.4470 0.0413 0.0030
103 0.2551 0.2018 0.2512 0.2512 0.0407
104 0.1218 0.3691 0.2617 0.1946 0.0528
105 0.2347 0.1091 0.1718 0.4316 0.0528
106 0.1027 0.1592 0.6196 0.0950 0.0235
107 0.1075 0.0851 0.5293 0.2661 0.0120
108 0.2622 0.2139 0.3555 0.1448 0.0238
109 0.4490 0.0668 0.4219 0.0589 0.0035
110 0.1737 0.0547 0.5107 0.2566 0.0045
111 0.0394 0.1835 0.6406 0.1301 0.0066
112 0.0191 0.0912 0.8784 0.0106 0.0007
113 0.0413 0.2983 0.6313 0.0273 0.0017
114 0.1798 0.0850 0.7002 0.0301 0.0048
115 0.2837 0.0428 0.5386 0.1240 0.0108
116 0.0841 0.0665 0.7983 0.0491 0.0021
117 0.2666 0.1230 0.5820 0.0158 0.0128
118 0.2769 0.1874 0.4937 0.0355 0.0065
119 0.2278 0.1085 0.6489 0.0119 0.0030
120 0.1611 0.0641 0.7334 0.0359 0.0055
121 0.1980 0.0770 0.7134 0.0089 0.0029
122 0.2343 0.0749 0.6270 0.0511 0.0129
123 0.3074 0.1312 0.4404 0.1113 0.0097
124 0.3320 0.2467 0.3425 0.0577 0.0209
125 0.1172 0.0292 0.1732 0.6641 0.0164
126 0.0468 0.3352 0.5444 0.0671 0.0066
127 0.0137 0.2651 0.6665 0.0539 0.0005
128 0.2517 0.2023 0.4929 0.0477 0.0053
129 0.6582 0.0926 0.1946 0.0511 0.0036
130 0.1592 0.0242 0.4680 0.3425 0.0061
131 0.0219 0.1292 0.8159 0.0324 0.0004
132 0.0518 0.1282 0.7612 0.0573 0.0017
133 0.1071 0.2820 0.4651 0.1396 0.0062
134 0.0783 0.1606 0.7202 0.0388 0.0022
135 0.0601 0.0547 0.6460 0.2302 0.0092
136 0.0713 0.1121 0.4504 0.3452 0.0209
137 0.1247 0.2122 0.6333 0.0283 0.0015
138 0.0917 0.2822 0.5615 0.0625 0.0022
139 0.0861 0.1726 0.6826 0.0574 0.0012
140 0.1074 0.1359 0.3416 0.4119 0.0034
141 0.0296 0.0925 0.8247 0.0523 0.0007
142 0.2092 0.1965 0.4294 0.1580 0.0069
143 0.1417 0.1157 0.6978 0.0416 0.0032
144 0.1058 0.2744 0.5630 0.0549 0.0018
145 0.1740 0.1072 0.5981 0.1141 0.0067
146 0.1085 0.1415 0.6748 0.0723 0.0028
147 0.1547 0.2957 0.4951 0.0494 0.0050
148 0.0930 0.1121 0.6255 0.1658 0.0038
149 0.1272 0.2064 0.5356 0.1195 0.0114
150 0.1067 0.0898 0.4026 0.3843 0.0165
151 0.0879 0.0658 0.7417 0.1035 0.0012
152 0.0891 0.2422 0.5903 0.0768 0.0018
153 0.0346 0.1064 0.7993 0.0588 0.0010
154 0.0573 0.1157 0.7788 0.0464 0.0018
155 0.0686 0.0356 0.5229 0.3708 0.0019
156 0.1898 0.1433 0.6128 0.0495 0.0044
157 0.0951 0.1669 0.7026 0.0345 0.0010
158 0.0490 0.0714 0.8555 0.0235 0.0004
159 0.0490 0.0834 0.6875 0.1793 0.0010
160 0.2781 0.0515 0.4443 0.2067 0.0194
161 0.3589 0.0907 0.5059 0.0390 0.0054
162 0.3132 0.1379 0.5088 0.0296 0.0106
163 0.2747 0.1248 0.5293 0.0627 0.0082
164 0.4565 0.1471 0.3262 0.0516 0.0186
165 0.1259 0.1111 0.6494 0.1077 0.0061
166 0.0119 0.0771 0.8291 0.0808 0.0012
167 0.0176 0.1169 0.8369 0.0282 0.0004
168 0.0183 0.0881 0.8486 0.0443 0.0005
169 0.0157 0.0714 0.8838 0.0289 0.0003
170 0.1703 0.1117 0.4851 0.2119 0.0210
171 0.0235 0.1249 0.6050 0.2296 0.0170
172 0.0242 0.1259 0.6699 0.1775 0.0023
173 0.0306 0.1288 0.6855 0.1530 0.0024
174 0.3262 0.0885 0.5171 0.0520 0.0159
175 0.2986 0.0335 0.2986 0.3491 0.0200
176 0.3518 0.1783 0.4114 0.0410 0.0175
177 0.5391 0.1096 0.2932 0.0337 0.0243
178 0.3562 0.1212 0.4792 0.0292 0.0141
179 0.3042 0.2192 0.4497 0.0190 0.0078
180 0.2479 0.2292 0.5005 0.0188 0.0034
181 0.1796 0.3489 0.3892 0.0606 0.0220
182 0.0674 0.1013 0.4265 0.4006 0.0043
183 0.3550 0.1256 0.2852 0.2188 0.0154
184 0.0927 0.1246 0.6792 0.0994 0.0043
185 0.1023 0.0251 0.5977 0.2737 0.0012
186 0.0535 0.0895 0.6934 0.1621 0.0017
187 0.0244 0.0832 0.8403 0.0517 0.0004
188 0.1128 0.1052 0.7588 0.0209 0.0023
189 0.0480 0.0940 0.8184 0.0383 0.0016
190 0.0610 0.0860 0.6660 0.1764 0.0108
191 0.4265 0.1322 0.3323 0.0887 0.0203
192 0.0776 0.1004 0.8086 0.0115 0.0020
193 0.1334 0.1536 0.6416 0.0687 0.0026
194 0.0743 0.1500 0.7158 0.0583 0.0015
195 0.1414 0.0512 0.5679 0.2367 0.0029
196 0.0652 0.0566 0.8521 0.0238 0.0025
197 0.1196 0.1196 0.6724 0.0803 0.0079
198 0.0969 0.0969 0.7163 0.0883 0.0017
199 0.1642 0.1138 0.6006 0.1192 0.0020
200 0.1996 0.0393 0.3091 0.4500 0.0021
201 0.0696 0.1484 0.5518 0.2264 0.0039
202 0.1351 0.2544 0.4194 0.1832 0.0079
203 0.0677 0.1870 0.3779 0.3606 0.0069
204 0.1194 0.0853 0.7202 0.0713 0.0036
205 0.0442 0.1240 0.7476 0.0813 0.0029
206 0.0534 0.1407 0.7373 0.0670 0.0015
207 0.1259 0.2042 0.5640 0.0995 0.0066
208 0.0433 0.0708 0.7856 0.0991 0.0011
209 0.0944 0.0820 0.7305 0.0900 0.0032
210 0.0338 0.0799 0.7700 0.1144 0.0017
211 0.1260 0.1749 0.6704 0.0272 0.0014
212 0.0983 0.1186 0.6514 0.1262 0.0055
213 0.0555 0.2888 0.4614 0.1895 0.0047
214 0.0363 0.1943 0.5986 0.1689 0.0017
215 0.0548 0.0247 0.6577 0.2617 0.0009
216 0.0793 0.1267 0.5859 0.2057 0.0021
217 0.0585 0.1775 0.6802 0.0818 0.0020
218 0.0866 0.2229 0.2908 0.3911 0.0086
219 0.0565 0.1444 0.6729 0.1235 0.0029
220 0.0423 0.0252 0.4912 0.4404 0.0007
221 0.1010 0.1746 0.6587 0.0622 0.0035
222 0.0840 0.1671 0.6816 0.0644 0.0027
223 0.0949 0.1787 0.6235 0.0994 0.0035
224 0.2067 0.2100 0.3408 0.2361 0.0065
225 0.2771 0.0372 0.2058 0.4568 0.0233
226 0.1742 0.1467 0.6372 0.0374 0.0046
227 0.1722 0.0966 0.6978 0.0297 0.0039
228 0.1952 0.0680 0.6924 0.0385 0.0061
229 0.0815 0.0265 0.8628 0.0280 0.0013
230 0.0520 0.0563 0.8530 0.0381 0.0006
231 0.0176 0.0394 0.8564 0.0861 0.0006
232 0.0776 0.1644 0.6709 0.0859 0.0013
233 0.0541 0.0943 0.7773 0.0734 0.0010
234 0.0350 0.0908 0.7969 0.0765 0.0008
235 0.1343 0.1407 0.6113 0.1046 0.0087
236 0.1209 0.1328 0.6641 0.0781 0.0041
237 0.1111 0.1027 0.6914 0.0921 0.0028
238 0.0602 0.0883 0.7334 0.1143 0.0037
239 0.0674 0.1907 0.6655 0.0747 0.0015
240 0.1320 0.1472 0.6704 0.0474 0.0029
241 0.1261 0.2129 0.5654 0.0909 0.0047
242 0.0646 0.1255 0.6270 0.1797 0.0032
243 0.0780 0.1153 0.6230 0.1758 0.0077
244 0.1124 0.1106 0.6167 0.1488 0.0113
245 0.0299 0.0550 0.7017 0.2074 0.0061
246 0.2971 0.1860 0.4392 0.0554 0.0222
247 0.2343 0.2084 0.4731 0.0606 0.0236
248 0.3618 0.2449 0.2247 0.1203 0.0482
249 0.3315 0.1788 0.3315 0.0906 0.0674
250 0.2925 0.0920 0.3936 0.1858 0.0363
251 0.3435 0.1714 0.3545 0.0773 0.0535
252 0.2891 0.1699 0.4338 0.0815 0.0257
253 0.3115 0.1329 0.4531 0.0567 0.0456
254 0.2930 0.0908 0.5391 0.0659 0.0113
255 0.2286 0.0373 0.4917 0.2323 0.0101
256 0.4009 0.0543 0.4072 0.1272 0.0103
257 0.3240 0.0599 0.4641 0.1416 0.0103
258 0.3682 0.1698 0.3857 0.0660 0.0104
259 0.2101 0.1024 0.6470 0.0310 0.0093
260 0.3125 0.0615 0.4138 0.1986 0.0136
261 0.1746 0.1565 0.5293 0.1307 0.0088
262 0.0935 0.0980 0.5552 0.2502 0.0031
263 0.1267 0.1704 0.5249 0.1576 0.0202
264 0.4131 0.0908 0.4131 0.0718 0.0113
265 0.2881 0.0292 0.2793 0.3818 0.0215
266 0.5464 0.1307 0.2661 0.0363 0.0205
267 0.5220 0.0846 0.3218 0.0446 0.0270
268 0.5083 0.1217 0.3181 0.0343 0.0173
269 0.4900 0.0793 0.3420 0.0508 0.0378
270 0.2781 0.0143 0.3354 0.3406 0.0317
271 0.4021 0.0986 0.4148 0.0462 0.0383
272 0.5938 0.0848 0.2761 0.0269 0.0185
273 0.5698 0.1122 0.2690 0.0290 0.0198
274 0.5063 0.0846 0.3647 0.0281 0.0161
275 0.2388 0.0470 0.3264 0.3699 0.0179
