time exciting_prob fearful_prob tense_prob sad_prob relaxing_prob
0 0.2037 0.2830 0.2496 0.2310 0.0327
1 0.8042 0.0413 0.0416 0.0714 0.0413
2 0.7324 0.0280 0.0436 0.1713 0.0249
3 0.7339 0.0352 0.0584 0.1423 0.0301
4 0.8525 0.0249 0.0311 0.0599 0.0316
5 0.3784 0.1360 0.2542 0.0456 0.1859
6 0.4521 0.1266 0.2119 0.0363 0.1730
7 0.4177 0.1124 0.2615 0.0423 0.1661
8 0.3650 0.1131 0.3003 0.0518 0.1698
9 0.1142 0.0984 0.5039 0.2184 0.0651
10 0.1897 0.3572 0.4275 0.0185 0.0073
11 0.2015 0.1644 0.5562 0.0275 0.0502
12 0.1511 0.1442 0.5615 0.1177 0.0255
13 0.1015 0.5483 0.3225 0.0230 0.0045
14 0.1699 0.4141 0.4014 0.0126 0.0021
15 0.2300 0.4539 0.2976 0.0121 0.0064
16 0.2610 0.5273 0.2050 0.0032 0.0034
17 0.2351 0.5596 0.1980 0.0055 0.0019
18 0.3555 0.3340 0.2947 0.0108 0.0052
19 0.0910 0.0760 0.6831 0.0797 0.0703
20 0.1382 0.0899 0.6387 0.0187 0.1145
21 0.2079 0.2264 0.4006 0.1113 0.0538
22 0.2382 0.1611 0.4700 0.0947 0.0359
23 0.1682 0.1777 0.5649 0.0718 0.0175
24 0.1565 0.1887 0.5420 0.1026 0.0104
25 0.2549 0.2357 0.4836 0.0009 0.0247
26 0.3630 0.2656 0.2615 0.0911 0.0188
27 0.3123 0.2510 0.3916 0.0157 0.0295
28 0.1868 0.0583 0.7446 0.0058 0.0048
29 0.2482 0.1692 0.5337 0.0036 0.0455
30 0.3049 0.2063 0.4578 0.0004 0.0304
31 0.1155 0.0415 0.5820 0.2542 0.0067
32 0.1628 0.0950 0.4900 0.2297 0.0224
33 0.2957 0.2651 0.2451 0.0003 0.1938
34 0.2588 0.3735 0.3271 0.0052 0.0353
35 0.2769 0.3066 0.2561 0.0121 0.1482
36 0.1384 0.3169 0.5225 0.0032 0.0190
37 0.1932 0.4458 0.3472 0.0011 0.0126
38 0.4478 0.1926 0.3149 0.0033 0.0413
39 0.1744 0.1287 0.6689 0.0065 0.0217
40 0.1522 0.1499 0.6821 0.0070 0.0087
41 0.1109 0.1306 0.5767 0.1677 0.0143
42 0.0953 0.2396 0.6118 0.0334 0.0198
43 0.2034 0.1132 0.6118 0.0099 0.0616
44 0.3928 0.2054 0.3550 0.0232 0.0236
45 0.1696 0.2355 0.5024 0.0820 0.0106
46 0.0407 0.1942 0.7446 0.0155 0.0049
47 0.0796 0.2432 0.6509 0.0021 0.0245
48 0.2466 0.3069 0.4226 0.0016 0.0222
49 0.1581 0.0944 0.7144 0.0155 0.0177
50 0.4478 0.0426 0.3433 0.1345 0.0317
51 0.0953 0.2590 0.5273 0.0107 0.1080
52 0.1520 0.0746 0.6299 0.1321 0.0111
53 0.1801 0.4817 0.3235 0.0025 0.0123
54 0.0856 0.2742 0.5454 0.0011 0.0940
55 0.2693 0.0490 0.5791 0.0625 0.0400
56 0.2942 0.0523 0.5942 0.0351 0.0243
57 0.2130 0.1088 0.6362 0.0226 0.0195
58 0.0559 0.2544 0.6812 0.0010 0.0076
59 0.0333 0.2766 0.6846 0.0004 0.0052
60 0.2238 0.1624 0.5942 0.0098 0.0101
61 0.1682 0.0490 0.4297 0.3242 0.0288
62 0.5601 0.3674 0.0563 0.0084 0.0077
63 0.3311 0.1493 0.4856 0.0108 0.0233
64 0.3230 0.5327 0.1236 0.0169 0.0040
65 0.1901 0.2639 0.3037 0.2329 0.0092
66 0.1884 0.1090 0.6680 0.0034 0.0312
67 0.5781 0.3096 0.0866 0.0146 0.0108
68 0.1821 0.3855 0.3738 0.0004 0.0582
69 0.1937 0.2861 0.4646 0.0004 0.0551
70 0.8696 0.0472 0.0464 0.0079 0.0288
71 0.7979 0.0895 0.0917 0.0066 0.0142
72 0.2406 0.3340 0.3340 0.0006 0.0906
73 0.1547 0.6821 0.1595 0.0017 0.0019
74 0.3442 0.0622 0.4893 0.0249 0.0793
75 0.3254 0.2783 0.3896 0.0048 0.0016
76 0.4829 0.1921 0.3047 0.0019 0.0184
77 0.0464 0.1863 0.7363 0.0009 0.0299
78 0.6616 0.1262 0.0938 0.0991 0.0194
79 0.5640 0.2426 0.1093 0.0633 0.0209
80 0.2228 0.2316 0.5181 0.0040 0.0237
81 0.2612 0.1687 0.5073 0.0084 0.0543
82 0.4216 0.0727 0.3494 0.0411 0.1152
83 0.5215 0.0972 0.2993 0.0209 0.0613
84 0.2457 0.1226 0.5757 0.0223 0.0335
85 0.3396 0.1427 0.4536 0.0152 0.0489
86 0.4143 0.1169 0.3984 0.0194 0.0511
87 0.1000 0.1040 0.6128 0.1637 0.0194
88 0.3774 0.4885 0.1169 0.0137 0.0033
89 0.6807 0.1875 0.1044 0.0189 0.0087
90 0.6245 0.2466 0.1103 0.0158 0.0028
91 0.5083 0.0810 0.2595 0.1378 0.0135
92 0.3955 0.0767 0.2344 0.2656 0.0278
93 0.7686 0.1116 0.0755 0.0368 0.0075
94 0.8916 0.0527 0.0444 0.0017 0.0095
95 0.1754 0.3127 0.4624 0.0007 0.0487
96 0.3359 0.3547 0.2896 0.0044 0.0152
97 0.0583 0.2130 0.6987 0.0026 0.0275
98 0.0422 0.3877 0.5640 0.0007 0.0053
99 0.0287 0.2290 0.7280 0.0005 0.0138
100 0.0354 0.2085 0.7334 0.0012 0.0215
101 0.8179 0.0579 0.1048 0.0010 0.0182
102 0.6621 0.0404 0.2654 0.0106 0.0216
103 0.5698 0.1113 0.2469 0.0439 0.0279
104 0.5405 0.1345 0.3203 0.0011 0.0037
105 0.4875 0.1054 0.3298 0.0665 0.0109
106 0.4961 0.1294 0.2400 0.1197 0.0147
107 0.0432 0.4949 0.4199 0.0248 0.0171
108 0.6313 0.1272 0.2377 0.0004 0.0035
109 0.7217 0.1512 0.1235 0.0005 0.0031
110 0.0264 0.4036 0.5601 0.0018 0.0082
111 0.3474 0.2996 0.3264 0.0020 0.0246
112 0.0269 0.2301 0.7256 0.0114 0.0059
113 0.4846 0.1854 0.3130 0.0029 0.0142
114 0.0375 0.1656 0.7656 0.0224 0.0086
115 0.0501 0.1863 0.2820 0.0096 0.4719
116 0.0857 0.4119 0.4741 0.0080 0.0204
117 0.0464 0.3794 0.5396 0.0108 0.0239
118 0.1101 0.3289 0.5420 0.0051 0.0138
119 0.5112 0.1699 0.2937 0.0044 0.0206
120 0.4011 0.2935 0.2935 0.0075 0.0046
121 0.6875 0.1522 0.0916 0.0551 0.0135
122 0.1971 0.1635 0.3860 0.0005 0.2532
123 0.4409 0.3079 0.2306 0.0133 0.0073
124 0.6240 0.1448 0.2123 0.0104 0.0084
125 0.3264 0.0832 0.4392 0.0972 0.0541
126 0.5952 0.0971 0.1414 0.1018 0.0647
127 0.6709 0.0801 0.1582 0.0814 0.0093
128 0.3730 0.2927 0.3093 0.0189 0.0060
129 0.4263 0.3911 0.1331 0.0415 0.0082
130 0.2842 0.5352 0.1646 0.0050 0.0111
131 0.1097 0.2715 0.5747 0.0017 0.0426
132 0.1421 0.3152 0.4958 0.0011 0.0458
133 0.1846 0.0311 0.7129 0.0331 0.0384
134 0.2360 0.0742 0.6416 0.0031 0.0454
135 0.5107 0.1968 0.2063 0.0639 0.0224
136 0.6890 0.1869 0.0969 0.0157 0.0116
137 0.7197 0.1231 0.1029 0.0182 0.0361
138 0.0557 0.3083 0.6040 0.0267 0.0052
139 0.6997 0.1467 0.1305 0.0083 0.0145
140 0.0811 0.2153 0.6792 0.0048 0.0197
141 0.2666 0.0485 0.5732 0.0525 0.0594
142 0.5312 0.2844 0.1571 0.0092 0.0179
143 0.1263 0.3381 0.4480 0.0020 0.0855
144 0.6802 0.1329 0.1566 0.0231 0.0070
145 0.8784 0.0727 0.0441 0.0024 0.0022
146 0.0332 0.4478 0.5034 0.0118 0.0036
147 0.4836 0.1302 0.3767 0.0058 0.0035
148 0.2001 0.0999 0.5977 0.0109 0.0916
149 0.0168 0.2612 0.7046 0.0159 0.0014
150 0.2935 0.4800 0.2197 0.0052 0.0018
151 0.2411 0.2732 0.4683 0.0098 0.0076
152 0.2883 0.2263 0.0929 0.3879 0.0045
153 0.6035 0.2808 0.0750 0.0074 0.0335
154 0.5986 0.2827 0.0779 0.0065 0.0343
155 0.2415 0.2034 0.5483 0.0029 0.0038
156 0.0647 0.1528 0.1172 0.6533 0.0118
157 0.0643 0.2603 0.5425 0.0119 0.1210
158 0.2305 0.2959 0.4583 0.0125 0.0030
159 0.1559 0.3828 0.4304 0.0094 0.0214
160 0.0892 0.5952 0.2993 0.0109 0.0054
161 0.0898 0.5171 0.3694 0.0172 0.0067
162 0.2761 0.3687 0.3408 0.0080 0.0064
163 0.0886 0.1028 0.7715 0.0250 0.0119
164 0.1738 0.1970 0.6260 0.0017 0.0015
165 0.1073 0.1345 0.7563 0.0003 0.0013
166 0.1089 0.1560 0.7329 0.0007 0.0017
167 0.3408 0.2051 0.4443 0.0039 0.0060
168 0.1355 0.3889 0.3379 0.1293 0.0083
169 0.1578 0.2389 0.5913 0.0025 0.0096
170 0.1011 0.2769 0.6143 0.0026 0.0050
171 0.0936 0.4978 0.4062 0.0012 0.0010
172 0.1617 0.0442 0.5825 0.2078 0.0036
173 0.6196 0.1642 0.2124 0.0008 0.0031
174 0.1501 0.5713 0.2739 0.0030 0.0017
175 0.2947 0.2041 0.4563 0.0197 0.0251
176 0.2372 0.3701 0.3850 0.0017 0.0059
177 0.2108 0.3369 0.4463 0.0006 0.0056
178 0.0693 0.1501 0.7686 0.0013 0.0109
179 0.1262 0.0724 0.7261 0.0569 0.0183
180 0.3613 0.3369 0.2837 0.0017 0.0164
181 0.1063 0.4041 0.4724 0.0025 0.0146
182 0.1816 0.2025 0.6094 0.0028 0.0035
183 0.5786 0.1176 0.2450 0.0494 0.0094
184 0.5586 0.1445 0.2852 0.0039 0.0080
185 0.2627 0.5923 0.1343 0.0011 0.0096
186 0.2598 0.0710 0.1100 0.5088 0.0504
187 0.2781 0.3599 0.1525 0.1205 0.0889
188 0.5210 0.0799 0.2122 0.0858 0.1010
189 0.1512 0.5405 0.2554 0.0404 0.0127
190 0.5669 0.3440 0.0575 0.0056 0.0259
191 0.1934 0.4785 0.3188 0.0083 0.0009
192 0.1620 0.5879 0.2393 0.0038 0.0073
193 0.2903 0.2463 0.4495 0.0096 0.0042
194 0.2365 0.2070 0.5044 0.0480 0.0041
195 0.7031 0.1203 0.1545 0.0177 0.0042
196 0.2072 0.0786 0.5498 0.1515 0.0128
197 0.3926 0.2678 0.2202 0.1057 0.0136
198 0.4331 0.4197 0.1045 0.0342 0.0087
199 0.6904 0.1627 0.0942 0.0347 0.0177
200 0.3306 0.1367 0.5000 0.0293 0.0031
201 0.2407 0.5908 0.1339 0.0118 0.0226
202 0.1145 0.1627 0.7017 0.0190 0.0023
203 0.1655 0.2158 0.4429 0.1681 0.0078
204 0.3755 0.3875 0.2074 0.0161 0.0137
205 0.1846 0.2333 0.3787 0.1996 0.0038
206 0.3137 0.0717 0.4155 0.1873 0.0118
207 0.6152 0.1138 0.2485 0.0087 0.0139
208 0.1621 0.3982 0.4373 0.0022 0.0004
209 0.3752 0.2878 0.3235 0.0048 0.0087
210 0.1855 0.5806 0.2203 0.0045 0.0092
211 0.7334 0.0184 0.0535 0.1611 0.0338
212 0.5229 0.1895 0.2064 0.0670 0.0142
213 0.0939 0.0430 0.4211 0.4146 0.0273
214 0.3782 0.4058 0.2025 0.0082 0.0052
215 0.4478 0.2098 0.3225 0.0074 0.0128
216 0.1852 0.5703 0.2305 0.0071 0.0068
217 0.1133 0.3306 0.5537 0.0009 0.0017
218 0.1862 0.1967 0.6152 0.0008 0.0012
219 0.1209 0.0920 0.7822 0.0025 0.0021
220 0.1921 0.1764 0.6299 0.0008 0.0007
221 0.0579 0.6992 0.2397 0.0019 0.0011
222 0.2607 0.1670 0.5024 0.0167 0.0534
223 0.1938 0.2546 0.5186 0.0262 0.0066
224 0.3242 0.0537 0.5513 0.0517 0.0190
225 0.6152 0.2905 0.0853 0.0022 0.0066
226 0.8540 0.0801 0.0591 0.0007 0.0059
227 0.7759 0.1576 0.0617 0.0010 0.0039
228 0.4512 0.0742 0.4138 0.0047 0.0560
229 0.7979 0.1322 0.0587 0.0044 0.0071
230 0.7310 0.1749 0.0887 0.0012 0.0043
231 0.2067 0.6831 0.0797 0.0102 0.0205
232 0.2150 0.0676 0.2554 0.4275 0.0345
233 0.3047 0.2095 0.3677 0.1061 0.0120
234 0.0855 0.6890 0.2219 0.0023 0.0015
235 0.6177 0.0338 0.3081 0.0284 0.0119
236 0.3909 0.0361 0.5181 0.0509 0.0043
237 0.0944 0.2629 0.6406 0.0011 0.0011
238 0.2598 0.1152 0.5991 0.0238 0.0020
239 0.1218 0.1359 0.2520 0.4563 0.0341
240 0.0471 0.0587 0.8037 0.0901 0.0003
241 0.2664 0.1760 0.5508 0.0008 0.0062
242 0.2883 0.2729 0.4360 0.0019 0.0009
243 0.0751 0.5684 0.3289 0.0268 0.0011
244 0.0863 0.1009 0.7935 0.0144 0.0048
245 0.6099 0.3115 0.0717 0.0032 0.0037
246 0.5278 0.3713 0.0896 0.0073 0.0041
247 0.1482 0.3813 0.4673 0.0028 0.0001
248 0.2336 0.3425 0.4133 0.0041 0.0064
249 0.1137 0.6440 0.2279 0.0044 0.0100
250 0.1460 0.8081 0.0415 0.0024 0.0021
251 0.3821 0.1736 0.3560 0.0568 0.0316
252 0.7695 0.1370 0.0756 0.0043 0.0137
253 0.1026 0.2876 0.5723 0.0136 0.0240
254 0.0243 0.3281 0.6274 0.0123 0.0079
255 0.2554 0.0495 0.3179 0.3601 0.0172
256 0.2852 0.1412 0.5718 0.0011 0.0008
257 0.4377 0.1206 0.3865 0.0404 0.0147
258 0.2642 0.3726 0.2900 0.0034 0.0700
259 0.2216 0.3030 0.4238 0.0062 0.0454
260 0.4373 0.1548 0.3982 0.0010 0.0087
261 0.3862 0.0883 0.5200 0.0006 0.0050
262 0.1105 0.3623 0.5146 0.0063 0.0061
263 0.3535 0.2246 0.2410 0.0033 0.1777
264 0.8198 0.1653 0.0090 0.0042 0.0015
265 0.8008 0.1774 0.0112 0.0066 0.0039
266 0.3411 0.6372 0.0153 0.0033 0.0032
267 0.2235 0.2115 0.5576 0.0006 0.0068
268 0.0781 0.2275 0.6899 0.0014 0.0029
269 0.6929 0.1646 0.0560 0.0808 0.0057
270 0.2798 0.5972 0.0834 0.0312 0.0085
271 0.4836 0.3796 0.1063 0.0223 0.0081
272 0.3674 0.4646 0.1281 0.0316 0.0084
273 0.2996 0.3669 0.3213 0.0026 0.0096
274 0.1837 0.5151 0.2891 0.0021 0.0097
275 0.4106 0.1476 0.4336 0.0027 0.0056
276 0.4749 0.1011 0.4062 0.0048 0.0131
277 0.3875 0.3367 0.2747 0.0010 0.0004
278 0.0509 0.5474 0.4004 0.0012 0.0002
279 0.1476 0.1808 0.5659 0.0848 0.0211
280 0.4487 0.2328 0.3013 0.0077 0.0094
281 0.3169 0.1908 0.4910 0.0006 0.0006
282 0.6382 0.1801 0.1772 0.0023 0.0021
283 0.5874 0.1669 0.2391 0.0009 0.0058
284 0.1354 0.0847 0.7788 0.0004 0.0007
285 0.3806 0.1637 0.4519 0.0013 0.0026
286 0.0862 0.0862 0.1090 0.6890 0.0298
287 0.7266 0.2130 0.0388 0.0029 0.0189
288 0.4268 0.2080 0.3298 0.0144 0.0211
289 0.5645 0.0981 0.3167 0.0069 0.0137
290 0.6064 0.1440 0.2356 0.0017 0.0123
291 0.3298 0.2080 0.4475 0.0021 0.0125
292 0.6230 0.0978 0.2639 0.0073 0.0078
293 0.5889 0.1225 0.2761 0.0049 0.0075
294 0.3423 0.3315 0.2625 0.0039 0.0599
295 0.5820 0.0746 0.3140 0.0065 0.0229
296 0.4861 0.1093 0.3845 0.0044 0.0157
297 0.0922 0.7720 0.1270 0.0046 0.0042
298 0.6665 0.2065 0.1224 0.0017 0.0026
299 0.5229 0.3379 0.1293 0.0007 0.0091
300 0.4023 0.0857 0.2120 0.2206 0.0792
301 0.3887 0.2097 0.3857 0.0053 0.0104
302 0.6426 0.0940 0.2517 0.0039 0.0080
303 0.1713 0.0213 0.2115 0.5659 0.0300
304 0.4487 0.0721 0.3157 0.1368 0.0267
305 0.1901 0.3469 0.4316 0.0157 0.0157
306 0.7412 0.0988 0.1482 0.0019 0.0100
307 0.6123 0.0925 0.2827 0.0015 0.0109
308 0.3845 0.1318 0.4785 0.0004 0.0047
309 0.2517 0.2346 0.5088 0.0018 0.0032
310 0.1290 0.2524 0.5518 0.0505 0.0164
311 0.2450 0.4070 0.3350 0.0074 0.0056
312 0.2961 0.4241 0.2739 0.0012 0.0046
313 0.3169 0.4795 0.1921 0.0015 0.0100
314 0.6860 0.0892 0.2175 0.0012 0.0062
315 0.3669 0.1393 0.4861 0.0015 0.0064
316 0.4338 0.1431 0.1262 0.2673 0.0295
317 0.5610 0.1343 0.2196 0.0634 0.0219
318 0.4580 0.1559 0.3513 0.0039 0.0309
319 0.0714 0.0565 0.2417 0.5796 0.0507
320 0.7100 0.0946 0.1809 0.0003 0.0140
321 0.7104 0.0889 0.1854 0.0004 0.0147
322 0.6074 0.0698 0.2717 0.0022 0.0491
323 0.4866 0.1427 0.3267 0.0012 0.0428
324 0.4895 0.1843 0.2500 0.0044 0.0717
325 0.6504 0.0331 0.1606 0.1406 0.0152
326 0.4741 0.2274 0.2639 0.0285 0.0062
327 0.3452 0.1777 0.4502 0.0172 0.0096
328 0.2520 0.1815 0.5591 0.0033 0.0040
329 0.2380 0.3357 0.4177 0.0015 0.0070
330 0.3474 0.2705 0.3757 0.0009 0.0054
331 0.2344 0.3804 0.3804 0.0009 0.0041
332 0.8940 0.0668 0.0366 0.0019 0.0007
333 0.8838 0.0784 0.0359 0.0013 0.0006
334 0.8740 0.0776 0.0467 0.0011 0.0007
335 0.8242 0.1197 0.0540 0.0013 0.0006
336 0.8628 0.0881 0.0468 0.0013 0.0007
337 0.7539 0.1279 0.1147 0.0028 0.0009
338 0.1433 0.1676 0.1575 0.4851 0.0465
339 0.1433 0.1676 0.1575 0.4851 0.0465
340 0.8564 0.0440 0.0427 0.0427 0.0141
341 0.9409 0.0267 0.0157 0.0088 0.0079
342 0.6040 0.1109 0.1083 0.1718 0.0048
343 0.7144 0.0577 0.0290 0.1968 0.0020
344 0.0414 0.1718 0.5459 0.2384 0.0026
345 0.3779 0.0715 0.4702 0.0693 0.0111
346 0.4263 0.3479 0.1630 0.0058 0.0572
347 0.3098 0.4800 0.1738 0.0034 0.0329
348 0.9316 0.0324 0.0266 0.0081 0.0010
349 0.9326 0.0382 0.0197 0.0087 0.0011
350 0.0464 0.6714 0.2756 0.0018 0.0046
351 0.0836 0.7114 0.2006 0.0032 0.0013
352 0.2869 0.2612 0.4141 0.0064 0.0317
353 0.9360 0.0231 0.0053 0.0336 0.0021
354 0.9473 0.0223 0.0063 0.0221 0.0019
355 0.3303 0.5981 0.0626 0.0042 0.0046
356 0.8374 0.0817 0.0767 0.0017 0.0024
357 0.2186 0.7002 0.0462 0.0103 0.0247
358 0.5874 0.0106 0.0471 0.3452 0.0096
359 0.5220 0.0246 0.0746 0.3701 0.0088
360 0.1724 0.0522 0.2283 0.5391 0.0081
361 0.6401 0.1764 0.1532 0.0089 0.0212
362 0.4856 0.3608 0.0408 0.0824 0.0303
363 0.8184 0.0205 0.1389 0.0103 0.0118
364 0.7866 0.0124 0.1825 0.0095 0.0089
365 0.7266 0.0137 0.2358 0.0144 0.0097
366 0.0771 0.1462 0.2162 0.5518 0.0085
367 0.4570 0.0268 0.1748 0.3293 0.0120
368 0.7515 0.0191 0.1526 0.0699 0.0071
369 0.7485 0.0193 0.1533 0.0713 0.0073
370 0.2037 0.2830 0.2496 0.2310 0.0327
371 0.2037 0.2830 0.2496 0.2310 0.0327
372 0.2037 0.2830 0.2496 0.2310 0.0327
