time exciting_prob fearful_prob tense_prob sad_prob relaxing_prob
0 0.2037 0.2830 0.2496 0.2310 0.0327
1 0.1621 0.6216 0.0209 0.1941 0.0011
2 0.1653 0.6235 0.0213 0.1887 0.0012
3 0.1621 0.6411 0.0189 0.1766 0.0014
4 0.1621 0.6411 0.0189 0.1766 0.0014
5 0.1431 0.1726 0.1809 0.4839 0.0195
6 0.1096 0.1779 0.1429 0.5479 0.0219
7 0.1204 0.1204 0.1698 0.5742 0.0150
8 0.1143 0.2202 0.2069 0.4448 0.0139
9 0.1031 0.2435 0.1897 0.4480 0.0156
10 0.0577 0.4536 0.2505 0.1593 0.0789
11 0.0584 0.4814 0.2346 0.1613 0.0641
12 0.0958 0.3240 0.2333 0.2949 0.0521
13 0.0964 0.3582 0.2106 0.2705 0.0642
14 0.0259 0.6084 0.3108 0.0303 0.0245
15 0.0241 0.6465 0.2913 0.0205 0.0176
16 0.0304 0.6152 0.3093 0.0238 0.0214
17 0.0387 0.5591 0.3237 0.0456 0.0328
18 0.1798 0.2185 0.2219 0.3491 0.0305
19 0.0837 0.3665 0.2766 0.2520 0.0213
20 0.0490 0.5518 0.1086 0.2817 0.0086
21 0.0494 0.3198 0.0771 0.5439 0.0099
22 0.0410 0.4043 0.0665 0.4800 0.0082
23 0.0635 0.2805 0.0954 0.5405 0.0202
24 0.0553 0.2329 0.0647 0.6333 0.0139
25 0.0228 0.2939 0.0621 0.6128 0.0085
26 0.0226 0.2322 0.0573 0.6821 0.0055
27 0.0249 0.4272 0.0656 0.4768 0.0056
28 0.0382 0.2319 0.0416 0.6816 0.0064
29 0.0166 0.1220 0.0233 0.8340 0.0040
30 0.1177 0.3982 0.1686 0.2959 0.0198
31 0.0989 0.2751 0.1439 0.4683 0.0138
32 0.0761 0.3413 0.1400 0.4314 0.0112
33 0.0790 0.1646 0.0771 0.6714 0.0078
34 0.0891 0.2703 0.0994 0.5293 0.0122
35 0.1210 0.2622 0.1278 0.4749 0.0139
36 0.1154 0.3262 0.1051 0.4321 0.0212
37 0.1102 0.3367 0.1318 0.3999 0.0215
38 0.0883 0.1853 0.0597 0.6572 0.0097
39 0.1396 0.2452 0.3857 0.0771 0.1522
40 0.1727 0.5239 0.1825 0.0616 0.0592
41 0.2120 0.2808 0.3184 0.1227 0.0662
42 0.0478 0.3818 0.5137 0.0446 0.0120
43 0.1076 0.3640 0.3210 0.1541 0.0533
44 0.1720 0.3584 0.2350 0.1830 0.0516
45 0.0305 0.1677 0.0473 0.7520 0.0025
46 0.0379 0.5649 0.1750 0.2145 0.0075
47 0.0653 0.1831 0.3315 0.3999 0.0202
48 0.0212 0.1238 0.0313 0.8203 0.0035
49 0.0037 0.0712 0.0156 0.9087 0.0010
50 0.0685 0.1644 0.2932 0.4009 0.0730
51 0.0250 0.3940 0.1279 0.4397 0.0133
52 0.0674 0.3369 0.0668 0.4978 0.0311
53 0.0165 0.0550 0.0390 0.8882 0.0014
54 0.0127 0.5493 0.0472 0.3894 0.0016
55 0.0152 0.1120 0.0306 0.8403 0.0017
56 0.0350 0.2666 0.0701 0.5386 0.0900
57 0.0390 0.1147 0.0538 0.6201 0.1722
58 0.0387 0.2126 0.0776 0.5518 0.1193
59 0.0208 0.0817 0.0346 0.8184 0.0447
60 0.0172 0.0395 0.0671 0.8433 0.0327
61 0.0123 0.0492 0.0632 0.7817 0.0934
62 0.0131 0.0764 0.1111 0.7363 0.0633
63 0.0081 0.0257 0.0362 0.9053 0.0245
64 0.0179 0.0984 0.0882 0.7271 0.0687
65 0.0220 0.0648 0.0363 0.8398 0.0369
66 0.0136 0.0266 0.0529 0.8813 0.0254
67 0.0715 0.2273 0.1663 0.4888 0.0462
68 0.0707 0.1149 0.2249 0.5654 0.0241
69 0.0830 0.0956 0.0870 0.7173 0.0173
70 0.0334 0.0967 0.1014 0.7490 0.0193
71 0.0934 0.2703 0.3752 0.2499 0.0114
72 0.0584 0.3333 0.3281 0.2764 0.0039
73 0.0992 0.6680 0.1587 0.0698 0.0044
74 0.0148 0.4812 0.4053 0.0963 0.0025
75 0.0756 0.4851 0.2852 0.1503 0.0040
76 0.0809 0.4954 0.2571 0.1559 0.0110
77 0.0334 0.7617 0.1150 0.0881 0.0019
78 0.0774 0.6582 0.1180 0.1379 0.0085
79 0.0764 0.4128 0.2209 0.2837 0.0060
80 0.0355 0.1448 0.0745 0.7354 0.0097
81 0.0793 0.1392 0.1577 0.6143 0.0095
82 0.1305 0.0597 0.1599 0.6323 0.0177
83 0.0593 0.4182 0.4451 0.0738 0.0036
84 0.0693 0.2310 0.3359 0.3521 0.0115
85 0.0984 0.0882 0.3655 0.4341 0.0136
86 0.0980 0.2010 0.3164 0.3584 0.0260
87 0.0704 0.1467 0.5044 0.2457 0.0327
88 0.0663 0.1919 0.3699 0.3584 0.0137
89 0.1094 0.1279 0.4001 0.3318 0.0309
90 0.0633 0.0906 0.3369 0.4978 0.0115
91 0.1037 0.0930 0.1332 0.6553 0.0147
92 0.0237 0.6309 0.2935 0.0494 0.0027
93 0.0362 0.3489 0.3599 0.2252 0.0298
94 0.1093 0.4187 0.2073 0.2539 0.0108
95 0.0385 0.2866 0.3567 0.3003 0.0180
96 0.1478 0.1990 0.3333 0.2986 0.0213
97 0.1047 0.3599 0.2759 0.2473 0.0120
98 0.1515 0.3086 0.2402 0.2639 0.0357
99 0.1323 0.5361 0.1622 0.1609 0.0086
100 0.0771 0.2979 0.2754 0.2214 0.1282
101 0.0709 0.1609 0.1687 0.5444 0.0552
102 0.1838 0.2399 0.4998 0.0646 0.0119
103 0.1147 0.4197 0.2627 0.1952 0.0075
104 0.0960 0.3250 0.3740 0.1880 0.0171
105 0.1175 0.2229 0.4165 0.1937 0.0493
106 0.1101 0.1873 0.5771 0.1035 0.0222
107 0.3777 0.3958 0.1433 0.0677 0.0157
108 0.0195 0.5176 0.4226 0.0387 0.0016
109 0.1184 0.2212 0.4609 0.1921 0.0073
110 0.0535 0.6074 0.1882 0.1466 0.0043
111 0.0719 0.3430 0.2671 0.2932 0.0248
112 0.0486 0.5068 0.3708 0.0719 0.0016
113 0.1151 0.6030 0.2084 0.0720 0.0016
114 0.0792 0.3777 0.3835 0.1501 0.0095
115 0.0721 0.0520 0.1135 0.7061 0.0562
116 0.2615 0.5449 0.1235 0.0661 0.0037
117 0.0737 0.5801 0.3105 0.0291 0.0065
118 0.0911 0.1959 0.3604 0.3333 0.0194
119 0.0731 0.6021 0.2671 0.0551 0.0024
120 0.0790 0.1595 0.5654 0.1646 0.0314
121 0.0875 0.1159 0.4658 0.2269 0.1039
122 0.1406 0.1498 0.5308 0.1261 0.0526
123 0.0628 0.1761 0.6543 0.0746 0.0321
124 0.0717 0.5210 0.3875 0.0150 0.0048
125 0.0853 0.5103 0.3508 0.0391 0.0145
126 0.0676 0.4990 0.4075 0.0171 0.0089
127 0.0421 0.5728 0.3115 0.0572 0.0163
128 0.0569 0.7041 0.1597 0.0655 0.0136
129 0.0551 0.3425 0.4539 0.1270 0.0216
130 0.0246 0.3755 0.1318 0.4460 0.0220
131 0.1842 0.3440 0.1813 0.2440 0.0466
132 0.0533 0.3237 0.2090 0.3967 0.0174
133 0.0366 0.4895 0.0920 0.3525 0.0292
134 0.0291 0.2153 0.0817 0.6631 0.0107
135 0.1024 0.3438 0.4146 0.1226 0.0166
136 0.1135 0.3499 0.3086 0.1873 0.0408
137 0.2627 0.1710 0.2318 0.2754 0.0591
138 0.0989 0.2229 0.4297 0.2229 0.0256
139 0.1256 0.5542 0.2539 0.0428 0.0234
140 0.0500 0.5210 0.2385 0.1639 0.0264
141 0.0529 0.3643 0.3318 0.2466 0.0045
142 0.0609 0.5645 0.1052 0.2583 0.0112
143 0.1200 0.1802 0.2241 0.4458 0.0299
144 0.0898 0.2856 0.2057 0.3843 0.0346
145 0.0894 0.3452 0.4231 0.1175 0.0248
146 0.0776 0.3645 0.2177 0.3218 0.0186
147 0.1531 0.2883 0.2076 0.3191 0.0321
148 0.1092 0.3901 0.3723 0.0837 0.0445
149 0.1606 0.4299 0.2798 0.1046 0.0252
150 0.0784 0.1880 0.4302 0.2822 0.0214
151 0.0540 0.3464 0.3464 0.2168 0.0362
152 0.4006 0.1521 0.2468 0.1619 0.0388
153 0.1920 0.1427 0.4604 0.1920 0.0128
154 0.0763 0.5176 0.2903 0.0980 0.0179
155 0.1022 0.2869 0.3569 0.2415 0.0125
156 0.1571 0.1168 0.5933 0.0938 0.0391
157 0.0900 0.4868 0.1877 0.2336 0.0018
158 0.0414 0.7690 0.1638 0.0251 0.0004
159 0.2683 0.3088 0.1019 0.3137 0.0073
160 0.1140 0.2489 0.2776 0.3511 0.0085
161 0.1710 0.3794 0.3564 0.0833 0.0099
162 0.1537 0.2235 0.2827 0.3252 0.0149
163 0.3633 0.1074 0.1337 0.3467 0.0488
164 0.1727 0.0606 0.2474 0.3491 0.1700
165 0.1410 0.1116 0.3435 0.3774 0.0265
166 0.1759 0.2024 0.2766 0.3135 0.0315
167 0.2571 0.1465 0.1881 0.3743 0.0340
168 0.1025 0.3577 0.2700 0.2617 0.0080
169 0.1572 0.1420 0.4443 0.2234 0.0330
170 0.1482 0.0668 0.3843 0.3904 0.0102
171 0.2008 0.2170 0.3416 0.2137 0.0270
172 0.1185 0.1608 0.2413 0.4651 0.0144
173 0.1632 0.1606 0.2196 0.4368 0.0198
174 0.2246 0.1520 0.3762 0.2317 0.0155
175 0.1467 0.0955 0.1587 0.5713 0.0276
176 0.1599 0.1624 0.4146 0.2325 0.0305
177 0.1613 0.1515 0.2659 0.3867 0.0349
178 0.1455 0.1812 0.4924 0.1729 0.0080
179 0.0820 0.3645 0.5059 0.0442 0.0034
180 0.0452 0.2520 0.5586 0.1390 0.0052
181 0.1030 0.0802 0.2842 0.5068 0.0258
182 0.0859 0.2126 0.2061 0.4573 0.0381
183 0.1070 0.1053 0.1462 0.6157 0.0258
184 0.1559 0.2098 0.2198 0.3682 0.0461
185 0.0887 0.3350 0.4170 0.1510 0.0084
186 0.1437 0.1460 0.3394 0.3611 0.0099
187 0.0582 0.2233 0.5107 0.0443 0.1633
188 0.0486 0.0610 0.3855 0.4368 0.0681
189 0.1043 0.6592 0.2042 0.0292 0.0029
190 0.0683 0.6738 0.1870 0.0575 0.0135
191 0.0613 0.3530 0.4604 0.1182 0.0072
192 0.0957 0.6436 0.2123 0.0378 0.0106
193 0.1168 0.7324 0.0592 0.0822 0.0093
194 0.0311 0.6250 0.1484 0.1906 0.0051
195 0.0383 0.3777 0.1702 0.3777 0.0363
196 0.1633 0.7495 0.0719 0.0106 0.0048
197 0.0306 0.4290 0.3845 0.0942 0.0618
198 0.0331 0.3782 0.3235 0.2480 0.0173
199 0.0790 0.1420 0.6567 0.0875 0.0348
200 0.0478 0.3369 0.5059 0.0935 0.0163
201 0.0513 0.2793 0.6396 0.0248 0.0051
202 0.1560 0.3079 0.4478 0.0714 0.0171
203 0.1011 0.5215 0.2927 0.0776 0.0069
204 0.1743 0.0829 0.6133 0.1099 0.0197
205 0.0956 0.1190 0.4893 0.2461 0.0500
206 0.1642 0.3999 0.2059 0.2012 0.0287
207 0.0432 0.3853 0.2195 0.3452 0.0068
208 0.2112 0.0409 0.1029 0.6304 0.0146
209 0.0940 0.0561 0.1702 0.6626 0.0171
210 0.0268 0.7822 0.1692 0.0215 0.0005
211 0.0650 0.2935 0.5229 0.1006 0.0178
212 0.1144 0.4814 0.3523 0.0508 0.0012
213 0.1432 0.1097 0.3831 0.3489 0.0152
214 0.1902 0.0528 0.2122 0.4421 0.1026
215 0.3147 0.3076 0.1646 0.1534 0.0596
216 0.3103 0.3054 0.2632 0.0692 0.0518
217 0.1864 0.1570 0.4836 0.1594 0.0136
218 0.2847 0.1957 0.1648 0.3279 0.0269
219 0.3359 0.5044 0.1235 0.0354 0.0010
220 0.3975 0.1737 0.1737 0.2373 0.0179
221 0.2279 0.2279 0.2463 0.2664 0.0316
222 0.2212 0.0605 0.1696 0.4907 0.0581
223 0.4314 0.1216 0.2917 0.1125 0.0427
224 0.3135 0.1576 0.1915 0.3284 0.0091
225 0.5542 0.1050 0.2498 0.0768 0.0142
226 0.3018 0.1127 0.2277 0.3113 0.0466
227 0.2446 0.1904 0.2996 0.2563 0.0089
228 0.3005 0.2959 0.2654 0.1243 0.0137
229 0.5532 0.0671 0.1661 0.1853 0.0280
230 0.1646 0.4072 0.3223 0.0834 0.0226
231 0.4543 0.0923 0.1985 0.2284 0.0266
232 0.3462 0.2067 0.3054 0.1334 0.0084
233 0.2256 0.3494 0.2764 0.1433 0.0055
234 0.1997 0.0900 0.4866 0.1310 0.0928
235 0.2788 0.1144 0.3062 0.2578 0.0428
236 0.2922 0.0500 0.2008 0.4187 0.0383
237 0.3074 0.0436 0.2017 0.3376 0.1096
238 0.1539 0.1180 0.2832 0.3469 0.0978
239 0.0806 0.1267 0.1787 0.4563 0.1577
240 0.0602 0.2069 0.3464 0.3464 0.0398
241 0.3088 0.0858 0.2332 0.3186 0.0537
242 0.2198 0.1039 0.3149 0.2651 0.0961
243 0.1996 0.5776 0.1655 0.0541 0.0032
244 0.0396 0.1615 0.3113 0.4673 0.0205
245 0.2131 0.3354 0.3054 0.1443 0.0019
246 0.1433 0.0646 0.2515 0.4924 0.0480
247 0.0451 0.4143 0.2939 0.2437 0.0031
248 0.1621 0.0968 0.3274 0.3948 0.0189
249 0.0835 0.0875 0.2869 0.4880 0.0539
250 0.1433 0.0527 0.4019 0.3716 0.0305
251 0.0198 0.3862 0.1824 0.4111 0.0005
252 0.0386 0.3130 0.3330 0.3130 0.0024
253 0.0427 0.2612 0.2035 0.4883 0.0044
254 0.4038 0.3677 0.0724 0.1440 0.0120
255 0.3005 0.3101 0.1595 0.2198 0.0100
256 0.3420 0.1076 0.1259 0.4126 0.0120
257 0.2551 0.3027 0.2181 0.2181 0.0059
258 0.1803 0.3816 0.1173 0.3115 0.0093
259 0.2751 0.3589 0.1405 0.2142 0.0114
260 0.3281 0.4626 0.1057 0.0970 0.0067
261 0.2710 0.4004 0.1484 0.1709 0.0092
262 0.2437 0.2150 0.1263 0.4080 0.0070
263 0.1548 0.4841 0.1896 0.1674 0.0042
264 0.1768 0.3103 0.1443 0.3628 0.0059
265 0.1683 0.2062 0.1709 0.4434 0.0112
266 0.2942 0.0897 0.0986 0.5083 0.0091
267 0.3018 0.1591 0.1666 0.3640 0.0087
268 0.1851 0.4170 0.1765 0.2163 0.0050
269 0.2280 0.2316 0.1279 0.4065 0.0061
270 0.1606 0.4041 0.1879 0.2412 0.0063
271 0.2705 0.1888 0.2107 0.3213 0.0085
272 0.2251 0.2847 0.2512 0.2323 0.0070
273 0.1649 0.3835 0.2438 0.2021 0.0056
274 0.1483 0.2485 0.2061 0.3909 0.0062
275 0.1558 0.2129 0.4167 0.2096 0.0051
276 0.1991 0.2086 0.2086 0.3777 0.0060
277 0.1731 0.1083 0.3235 0.3284 0.0667
278 0.0961 0.0932 0.2379 0.5117 0.0611
279 0.0975 0.0860 0.2163 0.5698 0.0304
280 0.0737 0.1177 0.2416 0.5278 0.0391
281 0.1536 0.1254 0.2695 0.4111 0.0404
282 0.1096 0.1079 0.3027 0.4336 0.0464
283 0.1729 0.1346 0.1869 0.4482 0.0574
284 0.1530 0.2296 0.2333 0.3188 0.0653
285 0.1422 0.1599 0.2896 0.2808 0.1276
286 0.1400 0.2118 0.1663 0.3386 0.1433
287 0.1267 0.2156 0.2025 0.3555 0.0995
288 0.1602 0.2040 0.1801 0.3525 0.1034
289 0.1571 0.2113 0.1808 0.2756 0.1752
290 0.1035 0.2834 0.2386 0.2041 0.1705
291 0.1257 0.1801 0.0781 0.3582 0.2581
292 0.1486 0.1282 0.1096 0.1969 0.4167
293 0.0960 0.2163 0.0990 0.1909 0.3977
294 0.0673 0.0864 0.0377 0.1296 0.6792
295 0.0570 0.1550 0.0836 0.2764 0.4280
296 0.0579 0.0969 0.0574 0.2168 0.5708
297 0.0587 0.1281 0.0615 0.2412 0.5107
298 0.0441 0.2009 0.0920 0.3210 0.3418
299 0.0335 0.0774 0.0315 0.4053 0.4521
300 0.0324 0.1115 0.0423 0.4480 0.3657
301 0.0355 0.0609 0.0372 0.4197 0.4468
302 0.0454 0.0842 0.0515 0.3032 0.5156
303 0.0321 0.0746 0.0489 0.4941 0.3503
304 0.0420 0.0867 0.0625 0.3950 0.4138
305 0.0536 0.1871 0.1050 0.2054 0.4487
306 0.0339 0.1582 0.0821 0.4436 0.2820
307 0.0511 0.2573 0.1489 0.2068 0.3357
308 0.0527 0.4451 0.1515 0.1562 0.1945
309 0.0459 0.3723 0.1171 0.2559 0.2089
310 0.0496 0.4353 0.1705 0.1843 0.1602
311 0.0468 0.4915 0.3770 0.0765 0.0083
312 0.0404 0.4248 0.4812 0.0455 0.0081
313 0.0401 0.3984 0.5278 0.0293 0.0046
314 0.0357 0.3662 0.5327 0.0562 0.0090
315 0.0698 0.1274 0.0947 0.6675 0.0407
316 0.0601 0.1957 0.0815 0.6216 0.0410
317 0.0782 0.1069 0.1086 0.6655 0.0409
318 0.0472 0.1636 0.1466 0.6172 0.0253
319 0.0333 0.0751 0.0576 0.7588 0.0751
320 0.0465 0.1324 0.1244 0.5317 0.1648
321 0.0570 0.0850 0.0817 0.5991 0.1771
322 0.0402 0.0695 0.0706 0.7471 0.0728
323 0.0600 0.1062 0.0967 0.6714 0.0659
324 0.1815 0.2683 0.0722 0.4155 0.0627
325 0.0094 0.1323 0.0203 0.8364 0.0015
326 0.0069 0.1371 0.0154 0.8394 0.0012
327 0.0054 0.0776 0.0135 0.9028 0.0006
328 0.0258 0.2111 0.0337 0.7256 0.0040
329 0.0708 0.3027 0.0483 0.5571 0.0213
330 0.0200 0.3462 0.0417 0.5889 0.0035
331 0.0762 0.4253 0.1653 0.3159 0.0173
332 0.0630 0.4653 0.1333 0.3298 0.0087
333 0.0364 0.3857 0.0854 0.4878 0.0046
334 0.0829 0.3574 0.0773 0.4663 0.0161
335 0.0673 0.2705 0.0831 0.5635 0.0156
336 0.0170 0.2751 0.0329 0.6704 0.0043
337 0.0111 0.1638 0.0294 0.7939 0.0018
338 0.0212 0.2047 0.0443 0.7256 0.0042
339 0.0188 0.1938 0.0300 0.7549 0.0025
340 0.0165 0.2996 0.0272 0.6543 0.0021
341 0.0051 0.1154 0.0129 0.8657 0.0006
342 0.0091 0.1149 0.0119 0.8618 0.0022
343 0.0946 0.3889 0.0731 0.4141 0.0293
344 0.0072 0.2084 0.0206 0.7622 0.0015
345 0.0051 0.2445 0.0193 0.7300 0.0011
346 0.0071 0.3809 0.0301 0.5806 0.0013
347 0.0364 0.3223 0.0620 0.5747 0.0048
348 0.0270 0.2405 0.0652 0.6641 0.0032
349 0.0398 0.4080 0.0709 0.4768 0.0046
350 0.1681 0.2996 0.2227 0.2644 0.0452
351 0.1681 0.2996 0.2227 0.2644 0.0452
