time exciting_prob fearful_prob tense_prob sad_prob relaxing_prob
0 0.1997 0.1052 0.1580 0.5181 0.0193
1 0.7554 0.0370 0.0218 0.1072 0.0784
2 0.8706 0.0345 0.0111 0.0078 0.0760
3 0.8755 0.0436 0.0105 0.0052 0.0654
4 0.7837 0.0723 0.0163 0.0295 0.0981
5 0.4771 0.0096 0.0247 0.1284 0.3601
6 0.7300 0.0077 0.0193 0.0467 0.1964
7 0.6470 0.0085 0.0205 0.0458 0.2783
8 0.2817 0.0100 0.0529 0.2817 0.3733
9 0.5659 0.0234 0.0483 0.2571 0.1055
10 0.6260 0.0237 0.0494 0.2017 0.0991
11 0.3245 0.0164 0.0345 0.5786 0.0460
12 0.1647 0.1323 0.2114 0.3950 0.0968
13 0.1144 0.2384 0.3110 0.0441 0.2922
14 0.0798 0.0632 0.2966 0.0863 0.4741
15 0.1257 0.1692 0.2500 0.0431 0.4121
16 0.1439 0.3193 0.3398 0.0482 0.1486
17 0.0194 0.0166 0.0496 0.0076 0.9067
18 0.0411 0.0444 0.0598 0.0038 0.8511
19 0.0535 0.0351 0.0687 0.0063 0.8364
20 0.0733 0.1050 0.3552 0.0884 0.3782
21 0.0981 0.1165 0.3821 0.1567 0.2466
22 0.0331 0.0562 0.0618 0.0096 0.8394
23 0.0627 0.0885 0.0845 0.0115 0.7529
24 0.0233 0.0230 0.0578 0.0060 0.8896
25 0.0482 0.0808 0.0560 0.0239 0.7910
26 0.0690 0.0997 0.0568 0.0266 0.7480
27 0.2651 0.3513 0.3403 0.0282 0.0151
28 0.3213 0.3757 0.2314 0.0463 0.0252
29 0.2849 0.4146 0.2362 0.0444 0.0200
30 0.2688 0.2062 0.1104 0.2410 0.1736
31 0.2180 0.5146 0.1558 0.0361 0.0753
32 0.3035 0.0792 0.3035 0.2988 0.0151
33 0.0904 0.2964 0.0762 0.0557 0.4812
34 0.1135 0.1626 0.0768 0.0793 0.5679
35 0.0957 0.0466 0.0928 0.0466 0.7183
36 0.2559 0.1172 0.3337 0.2639 0.0292
37 0.1365 0.1409 0.0464 0.1014 0.5747
38 0.2457 0.0750 0.1422 0.4116 0.1255
39 0.1936 0.5781 0.1605 0.0319 0.0361
40 0.1952 0.2976 0.1862 0.0501 0.2710
41 0.2437 0.2020 0.1783 0.0377 0.3384
42 0.1761 0.3240 0.2028 0.0109 0.2859
43 0.0241 0.0361 0.0223 0.0142 0.9033
44 0.0288 0.1556 0.1331 0.0275 0.6553
45 0.1155 0.1449 0.1129 0.0800 0.5469
46 0.1868 0.3489 0.2253 0.0803 0.1586
47 0.3838 0.1246 0.1842 0.1050 0.2023
48 0.3967 0.2769 0.1154 0.0114 0.1995
49 0.0615 0.3770 0.1523 0.0968 0.3125
50 0.0939 0.1323 0.1699 0.5488 0.0552
51 0.1182 0.1111 0.4192 0.3264 0.0252
52 0.0598 0.0263 0.0434 0.0120 0.8584
53 0.0740 0.0591 0.0951 0.1221 0.6499
54 0.1122 0.0530 0.0959 0.0186 0.7202
55 0.0740 0.0281 0.1146 0.0361 0.7471
56 0.0645 0.0404 0.0410 0.0743 0.7798
57 0.2313 0.2664 0.3997 0.0711 0.0316
58 0.0289 0.0049 0.0322 0.0221 0.9121
59 0.0396 0.0209 0.1949 0.0643 0.6802
60 0.0637 0.0478 0.0133 0.0550 0.8203
61 0.3904 0.0623 0.1248 0.0199 0.4028
62 0.2544 0.1044 0.1061 0.0211 0.5142
63 0.2406 0.2522 0.2769 0.1603 0.0700
64 0.1952 0.1021 0.0930 0.0179 0.5918
65 0.2637 0.2053 0.2086 0.0141 0.3083
66 0.3560 0.0928 0.1531 0.0478 0.3503
67 0.0861 0.0975 0.0596 0.0136 0.7432
68 0.0267 0.0189 0.0616 0.0293 0.8633
69 0.0300 0.0476 0.0454 0.0200 0.8569
70 0.0512 0.2156 0.1371 0.1932 0.4028
71 0.0520 0.1371 0.1229 0.0390 0.6489
72 0.0525 0.1036 0.0707 0.0190 0.7539
73 0.0716 0.1228 0.1092 0.0481 0.6484
74 0.3291 0.2012 0.2603 0.0361 0.1735
75 0.0279 0.0065 0.0239 0.0032 0.9385
76 0.2026 0.1201 0.3291 0.0668 0.2815
77 0.1741 0.0726 0.2915 0.0630 0.3987
78 0.0493 0.0112 0.0355 0.0031 0.9009
79 0.2383 0.3806 0.1389 0.0039 0.2383
80 0.0823 0.0947 0.2036 0.5894 0.0303
81 0.2037 0.2830 0.2496 0.2310 0.0327
82 0.1284 0.4377 0.3152 0.1064 0.0123
83 0.4502 0.1331 0.1580 0.1876 0.0712
84 0.5498 0.1503 0.1456 0.1066 0.0477
85 0.3093 0.1230 0.1094 0.3293 0.1289
86 0.2856 0.2520 0.1932 0.2190 0.0500
87 0.3130 0.1064 0.0755 0.4624 0.0427
88 0.0973 0.1351 0.1604 0.5513 0.0559
89 0.2048 0.1063 0.3430 0.3223 0.0237
90 0.1461 0.2109 0.4067 0.1260 0.1103
91 0.0804 0.2495 0.1974 0.3521 0.1207
92 0.0670 0.0439 0.0505 0.8154 0.0233
93 0.0642 0.3755 0.3162 0.2173 0.0270
94 0.0941 0.0598 0.0883 0.3230 0.4348
95 0.0622 0.0662 0.2106 0.4187 0.2423
96 0.0370 0.0413 0.1970 0.7095 0.0150
97 0.0643 0.0981 0.1669 0.5142 0.1567
98 0.0525 0.0718 0.1920 0.5557 0.1279
99 0.0370 0.0997 0.1923 0.5649 0.1061
100 0.1366 0.0487 0.5752 0.2253 0.0140
101 0.1780 0.0822 0.1186 0.4617 0.1595
102 0.2312 0.3113 0.3638 0.0157 0.0781
103 0.2394 0.2031 0.2231 0.0293 0.3049
104 0.0301 0.0787 0.3110 0.2277 0.3525
105 0.1483 0.0928 0.4639 0.2727 0.0224
106 0.2148 0.0666 0.1064 0.5073 0.1047
107 0.1359 0.1447 0.1317 0.3259 0.2620
108 0.1603 0.1382 0.3394 0.2771 0.0851
109 0.2122 0.0657 0.2725 0.3137 0.1360
110 0.1503 0.1599 0.3718 0.1991 0.1188
111 0.0568 0.1722 0.5142 0.2246 0.0323
112 0.0473 0.1016 0.6426 0.1389 0.0698
113 0.0694 0.1613 0.2205 0.5371 0.0116
114 0.0653 0.0260 0.0463 0.0152 0.8472
115 0.0641 0.1335 0.4050 0.3630 0.0341
116 0.2129 0.0406 0.1440 0.5269 0.0753
117 0.0628 0.0489 0.1580 0.6968 0.0336
118 0.0765 0.1014 0.2146 0.5566 0.0510
119 0.2507 0.0867 0.2178 0.4070 0.0378
120 0.0498 0.1158 0.0649 0.0714 0.6982
121 0.2583 0.2625 0.1832 0.0752 0.2209
122 0.2445 0.2644 0.1173 0.0264 0.3474
123 0.0533 0.0428 0.0851 0.0240 0.7949
124 0.0671 0.0476 0.1089 0.0548 0.7217
125 0.0872 0.0745 0.3042 0.0845 0.4497
126 0.0517 0.0264 0.0908 0.0350 0.7964
127 0.2177 0.2245 0.2125 0.1472 0.1981
128 0.1876 0.1630 0.2372 0.2125 0.1997
129 0.1256 0.3694 0.1886 0.1277 0.1886
130 0.1812 0.1688 0.2036 0.0186 0.4277
131 0.2350 0.0851 0.2834 0.0268 0.3696
132 0.3333 0.3083 0.1170 0.0211 0.2203
133 0.0625 0.0605 0.0665 0.0376 0.7729
134 0.0414 0.0657 0.0504 0.0301 0.8125
135 0.1541 0.0949 0.0613 0.0613 0.6284
136 0.4180 0.0507 0.0798 0.3748 0.0767
137 0.3467 0.3521 0.1587 0.1295 0.0130
138 0.5654 0.0938 0.2888 0.0419 0.0097
139 0.1647 0.0916 0.0916 0.0209 0.6313
140 0.1870 0.1730 0.3232 0.2808 0.0360
141 0.1203 0.0471 0.2178 0.0409 0.5737
142 0.1150 0.0923 0.4407 0.0245 0.3274
143 0.1016 0.0829 0.4556 0.3230 0.0368
144 0.0702 0.5967 0.2732 0.0367 0.0230
145 0.2161 0.0326 0.3293 0.0820 0.3398
146 0.2040 0.3062 0.0774 0.0132 0.3992
147 0.1157 0.1375 0.3508 0.2649 0.1311
148 0.2037 0.2830 0.2496 0.2310 0.0327
149 0.2343 0.1273 0.5620 0.0611 0.0156
150 0.3391 0.2856 0.2207 0.0153 0.1392
151 0.1470 0.4124 0.2661 0.0913 0.0831
152 0.3083 0.3013 0.1930 0.0215 0.1758
153 0.0974 0.3975 0.3347 0.0413 0.1290
154 0.0964 0.2423 0.3872 0.1425 0.1317
155 0.2002 0.2415 0.0991 0.0487 0.4106
156 0.0466 0.0375 0.0763 0.3262 0.5132
157 0.2039 0.1469 0.1625 0.0167 0.4702
158 0.1165 0.0478 0.2391 0.5825 0.0138
159 0.6440 0.0673 0.0684 0.1844 0.0358
160 0.7031 0.0471 0.0729 0.1300 0.0468
161 0.6558 0.0640 0.0901 0.1685 0.0214
162 0.7881 0.0383 0.0424 0.0934 0.0377
163 0.1221 0.3369 0.4465 0.0740 0.0204
164 0.1439 0.4363 0.2729 0.0509 0.0958
165 0.1053 0.1462 0.2338 0.5024 0.0120
166 0.1633 0.1022 0.2651 0.0185 0.4509
167 0.1906 0.0486 0.2126 0.0302 0.5181
168 0.0502 0.0334 0.0345 0.0334 0.8486
169 0.0671 0.0417 0.0523 0.0333 0.8057
170 0.2010 0.1011 0.2881 0.3816 0.0281
171 0.5527 0.0895 0.1031 0.0574 0.1971
172 0.6123 0.1215 0.1454 0.0185 0.1023
173 0.0877 0.1337 0.3899 0.3779 0.0108
174 0.0790 0.1064 0.2632 0.5317 0.0195
175 0.3101 0.3567 0.2130 0.0413 0.0790
176 0.3188 0.3938 0.1530 0.0706 0.0638
177 0.1775 0.2502 0.0980 0.0618 0.4126
178 0.1490 0.2419 0.3989 0.1975 0.0126
179 0.2507 0.3374 0.1710 0.0091 0.2319
180 0.1127 0.1026 0.6187 0.1403 0.0255
181 0.2400 0.1586 0.4924 0.0890 0.0200
182 0.0644 0.0471 0.1013 0.6304 0.1569
183 0.2087 0.1135 0.2681 0.0196 0.3901
184 0.0875 0.0809 0.1334 0.0809 0.6172
185 0.5259 0.0690 0.0442 0.1707 0.1904
186 0.0836 0.1466 0.3687 0.3203 0.0810
187 0.4102 0.1777 0.1251 0.0118 0.2754
188 0.2944 0.4421 0.1786 0.0030 0.0818
189 0.0537 0.0673 0.0722 0.0658 0.7412
190 0.6641 0.0831 0.1505 0.0474 0.0549
191 0.7173 0.0891 0.1017 0.0249 0.0672
192 0.0362 0.5190 0.0998 0.1418 0.2032
193 0.0882 0.4998 0.1560 0.0162 0.2397
194 0.0838 0.3936 0.1542 0.0266 0.3420
195 0.1549 0.1610 0.0932 0.0110 0.5801
196 0.0833 0.0807 0.1763 0.5776 0.0820
197 0.1583 0.4106 0.2198 0.0201 0.1910
198 0.2515 0.4553 0.1478 0.0211 0.1245
199 0.0963 0.2537 0.5049 0.1041 0.0411
200 0.5864 0.0825 0.0663 0.1860 0.0787
201 0.1456 0.1266 0.5581 0.1143 0.0553
202 0.6001 0.0775 0.1110 0.1317 0.0799
203 0.7412 0.0757 0.0775 0.0399 0.0658
204 0.0354 0.0122 0.0307 0.0098 0.9121
205 0.1061 0.0581 0.0177 0.0096 0.8086
206 0.0745 0.1437 0.3555 0.4224 0.0040
207 0.0420 0.3252 0.2571 0.0797 0.2961
208 0.1481 0.1843 0.1759 0.1307 0.3608
209 0.0898 0.0540 0.0421 0.0850 0.7290
210 0.3313 0.3364 0.0920 0.0052 0.2350
211 0.2278 0.0728 0.1404 0.1060 0.4531
212 0.0773 0.1107 0.2134 0.0621 0.5366
213 0.0862 0.0785 0.0630 0.1254 0.6470
214 0.1649 0.1990 0.1550 0.1207 0.3604
215 0.1652 0.3389 0.3135 0.0380 0.1447
216 0.0728 0.0384 0.0474 0.0212 0.8203
217 0.1129 0.0537 0.0467 0.0156 0.7710
218 0.3538 0.3025 0.2031 0.1213 0.0192
219 0.1241 0.2976 0.2930 0.2627 0.0226
220 0.5449 0.1661 0.2101 0.0511 0.0280
221 0.6714 0.1343 0.0591 0.1046 0.0307
222 0.1117 0.2439 0.5327 0.1001 0.0114
223 0.0825 0.0533 0.2173 0.0378 0.6094
224 0.3765 0.1879 0.1487 0.0093 0.2776
225 0.4060 0.3162 0.1553 0.0070 0.1154
226 0.3494 0.2517 0.2203 0.0136 0.1650
227 0.5664 0.0472 0.1016 0.1197 0.1649
228 0.6904 0.0757 0.0844 0.0320 0.1172
229 0.1180 0.1588 0.3635 0.3469 0.0126
230 0.1088 0.0359 0.1123 0.7319 0.0109
231 0.2878 0.1002 0.0781 0.0366 0.4973
232 0.2522 0.0717 0.0892 0.0360 0.5508
233 0.2549 0.0400 0.0457 0.0475 0.6118
234 0.0726 0.0346 0.0492 0.0315 0.8120
235 0.1349 0.1328 0.3015 0.0249 0.4058
236 0.3662 0.2023 0.2328 0.1125 0.0863
237 0.4438 0.1924 0.2284 0.0990 0.0364
238 0.5093 0.0878 0.1349 0.1288 0.1393
239 0.5503 0.1209 0.1615 0.0972 0.0700
240 0.2037 0.2830 0.2496 0.2310 0.0327
241 0.6147 0.2125 0.0186 0.0137 0.1404
242 0.6123 0.2117 0.0188 0.0139 0.1432
243 0.6133 0.2119 0.0187 0.0140 0.1422
244 0.6133 0.2119 0.0187 0.0140 0.1422
245 0.6113 0.2113 0.0189 0.0145 0.1440
246 0.6133 0.2119 0.0187 0.0142 0.1422
247 0.6128 0.2118 0.0187 0.0143 0.1422
248 0.6113 0.2113 0.0189 0.0145 0.1440
249 0.6113 0.2113 0.0189 0.0145 0.1440
250 0.6113 0.2113 0.0189 0.0145 0.1440
