time exciting_prob fearful_prob tense_prob sad_prob relaxing_prob
0 0.3140 0.0336 0.2859 0.1904 0.1761
1 0.3916 0.2249 0.3401 0.0186 0.0248
2 0.3318 0.2389 0.3879 0.0222 0.0193
3 0.2812 0.2600 0.3186 0.0445 0.0956
4 0.3721 0.0437 0.1125 0.4084 0.0632
5 0.3000 0.0179 0.1005 0.5103 0.0713
6 0.3687 0.0417 0.1008 0.4377 0.0511
7 0.5278 0.0597 0.1107 0.2380 0.0635
8 0.3066 0.0369 0.1060 0.4824 0.0679
9 0.2991 0.0553 0.2559 0.3665 0.0231
10 0.1357 0.2457 0.3633 0.1826 0.0726
11 0.4478 0.1584 0.3542 0.0146 0.0249
12 0.0160 0.0051 0.0047 0.0167 0.9575
13 0.0215 0.0097 0.0050 0.0228 0.9409
14 0.0100 0.0036 0.0021 0.0031 0.9810
15 0.0120 0.0033 0.0012 0.0033 0.9805
16 0.1747 0.0445 0.1027 0.5464 0.1318
17 0.2318 0.0551 0.1203 0.3945 0.1984
18 0.1647 0.0766 0.5073 0.1956 0.0560
19 0.3538 0.1166 0.4202 0.0324 0.0771
20 0.0076 0.0017 0.0023 0.0029 0.9854
21 0.0138 0.0077 0.0037 0.0079 0.9668
22 0.0076 0.0029 0.0022 0.0113 0.9761
23 0.0911 0.4482 0.4082 0.0332 0.0194
24 0.3733 0.0460 0.1764 0.3452 0.0591
25 0.4854 0.0768 0.1412 0.2681 0.0285
26 0.0579 0.0225 0.0149 0.0134 0.8911
27 0.0398 0.0109 0.0081 0.0065 0.9346
28 0.0382 0.0106 0.0063 0.0055 0.9395
29 0.2629 0.1185 0.2932 0.2798 0.0457
30 0.4944 0.1028 0.1791 0.1777 0.0460
31 0.1803 0.2043 0.2352 0.2666 0.1137
32 0.3242 0.2062 0.1709 0.2449 0.0538
33 0.3381 0.2084 0.2695 0.1335 0.0503
34 0.1960 0.0496 0.1327 0.4929 0.1287
35 0.1844 0.0452 0.1267 0.4563 0.1873
36 0.1384 0.0293 0.1096 0.5391 0.1835
37 0.2400 0.0677 0.1216 0.3230 0.2477
38 0.2335 0.0674 0.1876 0.3560 0.1555
39 0.2030 0.0807 0.1907 0.0820 0.4434
40 0.3323 0.1166 0.1807 0.0771 0.2932
41 0.2771 0.1372 0.1472 0.0653 0.3730
42 0.1100 0.1067 0.1962 0.5591 0.0283
43 0.4170 0.0923 0.2651 0.1793 0.0464
44 0.1616 0.4463 0.2351 0.1299 0.0272
45 0.1887 0.2104 0.5293 0.0128 0.0589
46 0.2629 0.2979 0.3538 0.0094 0.0759
47 0.4106 0.0916 0.2181 0.1030 0.1766
48 0.1588 0.1296 0.4250 0.0553 0.2311
49 0.2820 0.1569 0.2095 0.1029 0.2488
50 0.2096 0.1353 0.1606 0.0967 0.3977
51 0.3677 0.1271 0.1113 0.2430 0.1509
52 0.3945 0.1985 0.0564 0.0573 0.2932
53 0.3374 0.2319 0.2507 0.0840 0.0959
54 0.2289 0.1188 0.1206 0.0836 0.4482
55 0.4365 0.1877 0.2336 0.0439 0.0981
56 0.4053 0.2086 0.0941 0.1625 0.1295
57 0.3015 0.1010 0.1083 0.3994 0.0898
58 0.1116 0.2152 0.5005 0.1599 0.0129
59 0.5713 0.1974 0.1016 0.0424 0.0876
60 0.5166 0.1588 0.1813 0.0598 0.0837
61 0.4092 0.1448 0.2405 0.0562 0.1493
62 0.3789 0.1211 0.1847 0.2059 0.1094
63 0.2815 0.2563 0.3672 0.0474 0.0478
64 0.1531 0.1761 0.0718 0.0390 0.5601
65 0.4062 0.2316 0.1592 0.0323 0.1707
66 0.2642 0.0529 0.3188 0.1119 0.2522
67 0.5083 0.1975 0.1400 0.0476 0.1066
68 0.3682 0.1038 0.2734 0.1046 0.1499
69 0.2798 0.0959 0.1149 0.3271 0.1821
70 0.4778 0.1930 0.1152 0.0589 0.1552
71 0.3486 0.2532 0.2269 0.0388 0.1323
72 0.4160 0.1919 0.0879 0.0521 0.2522
73 0.3428 0.1697 0.1271 0.0937 0.2668
74 0.1700 0.0842 0.4143 0.1989 0.1324
75 0.6821 0.0901 0.1895 0.0100 0.0284
76 0.3975 0.2467 0.2507 0.0323 0.0729
77 0.5088 0.1307 0.2683 0.0466 0.0455
78 0.4536 0.1682 0.3020 0.0412 0.0350
79 0.2937 0.1700 0.1169 0.2235 0.1957
80 0.2480 0.3135 0.0844 0.1902 0.1639
81 0.2590 0.0760 0.1177 0.2673 0.2800
82 0.1996 0.1980 0.5298 0.0638 0.0088
83 0.0714 0.3298 0.4951 0.0204 0.0834
84 0.4417 0.1663 0.1116 0.0308 0.2496
85 0.4548 0.2454 0.1713 0.0117 0.1168
86 0.3086 0.3840 0.2539 0.0222 0.0315
87 0.1508 0.2125 0.2262 0.1735 0.2371
88 0.1598 0.3716 0.4482 0.0098 0.0106
89 0.1744 0.3931 0.2661 0.0217 0.1447
90 0.2561 0.0892 0.3286 0.0536 0.2725
91 0.2015 0.3376 0.2842 0.0534 0.1232
92 0.1051 0.4495 0.2727 0.0590 0.1136
93 0.2195 0.5605 0.1791 0.0071 0.0339
94 0.6118 0.2097 0.1282 0.0230 0.0275
95 0.1566 0.2244 0.5913 0.0169 0.0107
96 0.4739 0.1479 0.1074 0.0588 0.2119
97 0.2328 0.4282 0.3184 0.0078 0.0128
98 0.1952 0.2281 0.4609 0.0509 0.0649
99 0.4172 0.2415 0.2571 0.0267 0.0578
100 0.4858 0.2969 0.0485 0.0459 0.1229
101 0.2930 0.1619 0.2710 0.0696 0.2046
102 0.0383 0.0091 0.0225 0.0312 0.8989
103 0.0399 0.0216 0.0321 0.0111 0.8955
104 0.5986 0.0767 0.0682 0.0447 0.2118
105 0.2578 0.1528 0.4058 0.0818 0.1018
106 0.1360 0.3164 0.3584 0.1035 0.0858
107 0.3926 0.0992 0.0750 0.3057 0.1274
108 0.4255 0.0554 0.0435 0.2925 0.1830
109 0.1646 0.2250 0.4009 0.1780 0.0316
110 0.0558 0.3931 0.3870 0.1379 0.0263
111 0.2427 0.4128 0.1592 0.0595 0.1259
112 0.3809 0.1469 0.1025 0.0441 0.3257
113 0.4956 0.1366 0.1560 0.0457 0.1660
114 0.4749 0.1191 0.1517 0.0580 0.1964
115 0.6104 0.0696 0.0624 0.1863 0.0712
116 0.4802 0.1740 0.0539 0.1097 0.1823
117 0.1445 0.0911 0.1337 0.0503 0.5806
118 0.3809 0.1526 0.0843 0.0715 0.3108
119 0.1992 0.2023 0.4705 0.0164 0.1118
120 0.1989 0.2020 0.5664 0.0118 0.0210
121 0.2469 0.1985 0.5068 0.0080 0.0397
122 0.0890 0.0454 0.1826 0.6577 0.0255
123 0.1777 0.1619 0.2585 0.2212 0.1805
124 0.2391 0.2883 0.1231 0.0654 0.2839
125 0.4006 0.0319 0.1384 0.1863 0.2429
126 0.5186 0.0866 0.0555 0.0664 0.2732
127 0.0383 0.0598 0.0179 0.0129 0.8711
128 0.1170 0.1515 0.0265 0.0263 0.6787
129 0.3137 0.5171 0.1381 0.0111 0.0199
130 0.2607 0.1696 0.1175 0.4399 0.0123
131 0.1821 0.1006 0.1558 0.4302 0.1312
132 0.2683 0.2189 0.3723 0.0470 0.0934
133 0.1725 0.4204 0.2433 0.0284 0.1354
134 0.3289 0.4221 0.2026 0.0183 0.0281
135 0.5039 0.0939 0.0178 0.1294 0.2554
136 0.6436 0.1589 0.1349 0.0125 0.0504
137 0.2886 0.2932 0.2754 0.0564 0.0866
138 0.3491 0.2289 0.2184 0.0535 0.1501
139 0.2698 0.2739 0.3203 0.0184 0.1178
140 0.2189 0.1100 0.0520 0.0054 0.6138
141 0.2125 0.1129 0.0845 0.0124 0.5776
142 0.6021 0.2322 0.1123 0.0119 0.0413
143 0.0792 0.1783 0.3384 0.0709 0.3333
144 0.3650 0.3823 0.1908 0.0482 0.0136
145 0.6211 0.1954 0.1223 0.0223 0.0391
146 0.2534 0.5801 0.1478 0.0058 0.0125
147 0.2524 0.2109 0.2371 0.1876 0.1120
148 0.1417 0.3562 0.4795 0.0155 0.0071
149 0.3162 0.3472 0.2705 0.0326 0.0336
150 0.4702 0.2498 0.1689 0.0287 0.0823
151 0.1685 0.3796 0.1685 0.0183 0.2651
152 0.1779 0.2712 0.4009 0.0230 0.1271
153 0.2347 0.2460 0.3208 0.1423 0.0562
154 0.2411 0.0370 0.0859 0.0107 0.6255
155 0.1948 0.1318 0.2747 0.0402 0.3584
156 0.3333 0.0985 0.1599 0.0305 0.3777
157 0.3154 0.3926 0.1715 0.0557 0.0646
158 0.3237 0.2026 0.3669 0.0360 0.0706
159 0.2216 0.5571 0.1312 0.0100 0.0803
160 0.1826 0.2964 0.1884 0.0222 0.3105
161 0.2871 0.2418 0.2917 0.0106 0.1688
162 0.1331 0.6602 0.1669 0.0186 0.0212
163 0.1788 0.2683 0.3967 0.0899 0.0663
164 0.3003 0.3003 0.2776 0.0543 0.0675
165 0.4001 0.4395 0.1239 0.0187 0.0180
166 0.3545 0.3713 0.2435 0.0104 0.0203
167 0.3804 0.2417 0.3103 0.0417 0.0259
168 0.3115 0.5645 0.0819 0.0202 0.0220
169 0.7637 0.1144 0.0516 0.0224 0.0481
170 0.3904 0.2057 0.0892 0.2241 0.0906
171 0.3230 0.0726 0.0985 0.0133 0.4924
172 0.0698 0.0092 0.0721 0.0368 0.8120
173 0.1613 0.0602 0.1445 0.0349 0.5991
174 0.2656 0.1294 0.3804 0.0335 0.1913
175 0.1505 0.0558 0.0812 0.0164 0.6963
176 0.2422 0.1425 0.1458 0.2559 0.2137
177 0.1691 0.4705 0.2404 0.0344 0.0857
178 0.2913 0.2216 0.2693 0.0114 0.2065
179 0.2158 0.3342 0.4292 0.0114 0.0093
180 0.1761 0.5259 0.1875 0.1004 0.0099
181 0.1710 0.6558 0.1509 0.0155 0.0068
182 0.2168 0.2761 0.4773 0.0200 0.0098
183 0.4766 0.1672 0.2590 0.0475 0.0494
184 0.3457 0.2866 0.3298 0.0119 0.0260
185 0.3518 0.3630 0.2362 0.0117 0.0374
186 0.2212 0.5825 0.1532 0.0141 0.0288
187 0.2328 0.1841 0.5410 0.0199 0.0220
188 0.4717 0.2505 0.2211 0.0375 0.0193
189 0.2839 0.4363 0.2448 0.0250 0.0103
190 0.1528 0.3499 0.2156 0.0728 0.2090
191 0.2137 0.2744 0.4385 0.0267 0.0466
192 0.3279 0.3491 0.2634 0.0458 0.0139
193 0.4709 0.2482 0.1459 0.0706 0.0643
194 0.7153 0.1511 0.0889 0.0162 0.0284
195 0.2126 0.0409 0.1605 0.3733 0.2126
196 0.2546 0.1373 0.1021 0.2373 0.2688
197 0.4204 0.0334 0.1476 0.1186 0.2800
198 0.4121 0.0739 0.1516 0.1026 0.2600
199 0.3650 0.2549 0.2356 0.1176 0.0271
200 0.2223 0.2854 0.3721 0.0941 0.0261
201 0.2974 0.2175 0.2043 0.0563 0.2245
202 0.2401 0.3547 0.3333 0.0380 0.0338
203 0.3589 0.0770 0.1183 0.1138 0.3320
204 0.4182 0.1490 0.3308 0.0579 0.0441
205 0.1687 0.6470 0.1648 0.0073 0.0122
206 0.2517 0.2329 0.4705 0.0263 0.0187
207 0.3562 0.4502 0.1383 0.0326 0.0228
208 0.4792 0.1279 0.1722 0.0270 0.1936
209 0.4043 0.1534 0.1487 0.0345 0.2590
210 0.3105 0.5366 0.1265 0.0074 0.0191
211 0.5005 0.1117 0.0548 0.0434 0.2896
212 0.6792 0.1199 0.0584 0.0455 0.0971
213 0.4500 0.1818 0.2045 0.0244 0.1394
214 0.4028 0.2386 0.1589 0.0276 0.1719
215 0.3687 0.3357 0.1661 0.0458 0.0836
216 0.4546 0.2081 0.2180 0.0053 0.1140
217 0.2642 0.1705 0.3965 0.1228 0.0462
218 0.2893 0.2218 0.4622 0.0151 0.0117
219 0.3086 0.1552 0.5010 0.0180 0.0175
220 0.0700 0.0988 0.1680 0.4639 0.1995
221 0.1022 0.1583 0.2822 0.2268 0.2303
222 0.0873 0.0619 0.1395 0.0959 0.6152
223 0.3015 0.5088 0.1287 0.0204 0.0408
224 0.1459 0.3137 0.4785 0.0424 0.0194
225 0.2776 0.4648 0.1558 0.0413 0.0605
226 0.0853 0.0644 0.1497 0.0605 0.6401
227 0.1340 0.0347 0.1094 0.4678 0.2544
228 0.1921 0.0741 0.0770 0.2627 0.3943
229 0.1395 0.1736 0.6655 0.0081 0.0132
230 0.1018 0.4028 0.4709 0.0043 0.0202
231 0.3074 0.1808 0.4836 0.0140 0.0139
232 0.2400 0.2595 0.4414 0.0104 0.0488
233 0.2109 0.5137 0.2466 0.0074 0.0212
234 0.0205 0.0302 0.0225 0.0152 0.9116
235 0.2070 0.1638 0.5898 0.0265 0.0129
236 0.0925 0.2893 0.5405 0.0597 0.0181
237 0.0990 0.2129 0.5698 0.0909 0.0273
238 0.1065 0.1433 0.1650 0.2720 0.3130
239 0.0982 0.2178 0.3591 0.2046 0.1203
240 0.0553 0.2152 0.2556 0.1134 0.3604
241 0.0806 0.1681 0.1460 0.1191 0.4863
242 0.4402 0.2129 0.1820 0.0789 0.0860
243 0.4675 0.1554 0.0972 0.0485 0.2314
244 0.4761 0.2080 0.1752 0.0361 0.1046
245 0.3091 0.1289 0.2686 0.1329 0.1604
246 0.3176 0.2083 0.2455 0.0330 0.1957
247 0.5122 0.2327 0.2101 0.0170 0.0282
248 0.2537 0.4812 0.2053 0.0247 0.0351
249 0.2224 0.1902 0.1317 0.1002 0.3555
250 0.2744 0.1091 0.1799 0.3809 0.0557
251 0.2466 0.1862 0.3760 0.1240 0.0674
252 0.3140 0.0996 0.1694 0.1174 0.2996
253 0.3225 0.0543 0.1115 0.0569 0.4548
254 0.3755 0.3064 0.2074 0.0851 0.0256
255 0.5166 0.1359 0.0524 0.0657 0.2292
256 0.6069 0.1344 0.1323 0.0436 0.0828
257 0.4111 0.4241 0.0523 0.0454 0.0671
258 0.5254 0.1980 0.0734 0.0390 0.1641
259 0.2942 0.4775 0.1730 0.0220 0.0333
260 0.1726 0.5840 0.1713 0.0379 0.0343
261 0.3252 0.0269 0.1356 0.2068 0.3054
262 0.2174 0.1437 0.1019 0.2686 0.2686
263 0.2754 0.1893 0.4436 0.0193 0.0724
264 0.1798 0.3989 0.4050 0.0080 0.0083
265 0.3435 0.3489 0.2473 0.0356 0.0247
266 0.3923 0.2101 0.3057 0.0540 0.0380
267 0.5947 0.2024 0.1256 0.0338 0.0434
268 0.4529 0.4060 0.1059 0.0108 0.0244
269 0.2362 0.3491 0.3657 0.0052 0.0437
270 0.1111 0.2043 0.2076 0.4326 0.0442
271 0.2362 0.2437 0.1082 0.1226 0.2893
272 0.2588 0.0429 0.1113 0.3074 0.2798
273 0.2341 0.1621 0.0506 0.0766 0.4766
274 0.2371 0.1862 0.1004 0.1260 0.3503
275 0.3672 0.1531 0.1191 0.2124 0.1483
276 0.2396 0.2847 0.1376 0.0687 0.2695
277 0.1967 0.1166 0.1193 0.4646 0.1028
278 0.2932 0.3220 0.1321 0.0450 0.2079
279 0.2681 0.2479 0.1153 0.0857 0.2832
280 0.2761 0.1869 0.1133 0.1082 0.3154
281 0.3733 0.3047 0.1569 0.0422 0.1231
282 0.2046 0.2842 0.2468 0.2318 0.0326
283 0.2037 0.2830 0.2496 0.2310 0.0327
284 0.2037 0.2830 0.2496 0.2310 0.0327
285 0.7490 0.1924 0.0324 0.0076 0.0188
286 0.7363 0.1982 0.0364 0.0097 0.0193
287 0.7363 0.1981 0.0367 0.0097 0.0192
288 0.7500 0.1896 0.0334 0.0084 0.0188
