time exciting_prob fearful_prob tense_prob sad_prob relaxing_prob
0 0.2037 0.2830 0.2496 0.2310 0.0327
1 0.0701 0.0453 0.2297 0.6147 0.0399
2 0.0467 0.0279 0.1847 0.7192 0.0217
3 0.1348 0.3416 0.3037 0.1390 0.0811
4 0.1326 0.1688 0.4700 0.1898 0.0389
5 0.0560 0.6816 0.1096 0.1148 0.0379
6 0.1277 0.6338 0.0995 0.0618 0.0775
7 0.0884 0.4524 0.1588 0.2421 0.0584
8 0.0530 0.2197 0.4104 0.2267 0.0901
9 0.0808 0.5024 0.3000 0.1087 0.0077
10 0.1054 0.1332 0.3916 0.2302 0.1396
11 0.0931 0.5571 0.2632 0.0650 0.0216
12 0.0726 0.3748 0.3306 0.2069 0.0152
13 0.0611 0.1674 0.4768 0.2360 0.0587
14 0.1926 0.2051 0.3599 0.1500 0.0924
15 0.0718 0.3323 0.4758 0.1070 0.0130
16 0.0308 0.3391 0.4934 0.1328 0.0040
17 0.0178 0.5049 0.4490 0.0253 0.0029
18 0.1715 0.1099 0.2418 0.4180 0.0588
19 0.1401 0.1306 0.2205 0.4119 0.0970
20 0.0917 0.1898 0.1898 0.4922 0.0365
21 0.1719 0.1238 0.1026 0.5635 0.0383
22 0.0876 0.1188 0.5576 0.2289 0.0070
23 0.0953 0.0999 0.5439 0.2529 0.0076
24 0.1738 0.4543 0.2250 0.0601 0.0867
25 0.1169 0.2783 0.0519 0.4519 0.1008
26 0.3191 0.3396 0.0900 0.1340 0.1174
27 0.1887 0.3723 0.1058 0.2520 0.0812
28 0.1516 0.4385 0.1401 0.2104 0.0594
29 0.1279 0.3645 0.2883 0.1921 0.0270
30 0.0761 0.5664 0.1378 0.2118 0.0078
31 0.0697 0.6309 0.1213 0.1725 0.0057
32 0.2456 0.4553 0.1274 0.1274 0.0444
33 0.1827 0.5127 0.0562 0.1915 0.0571
34 0.1733 0.5425 0.1173 0.1278 0.0393
35 0.2800 0.0655 0.2510 0.3887 0.0147
36 0.1666 0.1035 0.2622 0.4529 0.0149
37 0.1484 0.3269 0.2300 0.2524 0.0422
38 0.1267 0.5635 0.1830 0.1219 0.0049
39 0.0753 0.7197 0.0746 0.1221 0.0084
40 0.0312 0.5312 0.0534 0.3767 0.0073
41 0.0413 0.5391 0.0475 0.3591 0.0128
42 0.1283 0.3923 0.3008 0.1500 0.0286
43 0.1236 0.4053 0.2964 0.1587 0.0161
44 0.1213 0.3457 0.1022 0.4041 0.0269
45 0.1432 0.3516 0.2200 0.2532 0.0322
46 0.1469 0.1813 0.1625 0.4814 0.0280
47 0.0624 0.2527 0.1021 0.5698 0.0130
48 0.1300 0.4263 0.1863 0.2467 0.0108
49 0.0751 0.3723 0.1425 0.3965 0.0136
50 0.1215 0.4014 0.2083 0.2590 0.0098
51 0.1697 0.1176 0.0446 0.6064 0.0619
52 0.0682 0.1399 0.1884 0.5620 0.0414
53 0.2146 0.2321 0.1570 0.3594 0.0370
54 0.1177 0.7271 0.1047 0.0382 0.0122
55 0.1018 0.2681 0.2155 0.3608 0.0536
56 0.1467 0.2896 0.2515 0.2401 0.0721
57 0.2893 0.0925 0.3774 0.2344 0.0065
58 0.3025 0.2412 0.3564 0.0916 0.0081
59 0.2461 0.1902 0.3235 0.2295 0.0107
60 0.0575 0.1514 0.1444 0.6372 0.0094
61 0.1692 0.3755 0.1787 0.2482 0.0285
62 0.1188 0.4451 0.2438 0.1884 0.0040
63 0.1147 0.2908 0.3452 0.2448 0.0046
64 0.2191 0.2407 0.2042 0.2881 0.0478
65 0.1198 0.2086 0.0188 0.6328 0.0202
66 0.2469 0.1924 0.0370 0.5107 0.0129
67 0.3560 0.1259 0.4788 0.0361 0.0034
68 0.3054 0.2065 0.3921 0.0848 0.0112
69 0.1231 0.4983 0.0826 0.2710 0.0250
70 0.0728 0.1603 0.3394 0.4158 0.0115
71 0.1110 0.2350 0.2042 0.4255 0.0242
72 0.1414 0.3965 0.0589 0.2812 0.1219
73 0.1559 0.1794 0.2913 0.3682 0.0052
74 0.0789 0.2283 0.1644 0.4985 0.0299
75 0.0628 0.3396 0.1120 0.4570 0.0285
76 0.0854 0.1499 0.1547 0.5654 0.0446
77 0.1262 0.2756 0.2981 0.2888 0.0110
78 0.1654 0.2279 0.3315 0.2625 0.0127
79 0.2158 0.0928 0.2686 0.3728 0.0500
80 0.1439 0.0513 0.2449 0.5430 0.0168
81 0.1273 0.4731 0.2019 0.1687 0.0289
82 0.1180 0.4666 0.2830 0.1041 0.0282
83 0.0861 0.5835 0.2321 0.0895 0.0091
84 0.1273 0.4275 0.2051 0.2150 0.0253
85 0.1545 0.1281 0.3591 0.3323 0.0260
86 0.0577 0.2952 0.2688 0.3047 0.0735
87 0.0798 0.5625 0.1869 0.1586 0.0124
88 0.1115 0.2305 0.3516 0.2532 0.0535
89 0.0630 0.2130 0.2756 0.3711 0.0771
90 0.0651 0.2272 0.2783 0.4114 0.0182
91 0.0865 0.1011 0.3315 0.4463 0.0344
92 0.4167 0.0391 0.2063 0.3247 0.0131
93 0.2162 0.0450 0.4797 0.2412 0.0180
94 0.1943 0.1090 0.5283 0.1561 0.0121
95 0.1365 0.0754 0.5312 0.2285 0.0282
96 0.2032 0.1534 0.1880 0.3652 0.0902
97 0.2048 0.0730 0.3123 0.3826 0.0273
98 0.1865 0.2935 0.2549 0.1970 0.0681
99 0.0366 0.3523 0.3013 0.3013 0.0085
100 0.1747 0.2482 0.2173 0.2350 0.1248
101 0.1494 0.4602 0.2502 0.1229 0.0172
102 0.1389 0.3774 0.3601 0.0849 0.0386
103 0.2213 0.3074 0.1521 0.2910 0.0281
104 0.1046 0.1385 0.4834 0.2629 0.0106
105 0.1276 0.1125 0.6279 0.1125 0.0196
106 0.0574 0.0447 0.0592 0.8179 0.0210
107 0.0736 0.1534 0.4170 0.3457 0.0103
108 0.1428 0.2588 0.1321 0.4199 0.0464
109 0.1100 0.0289 0.2257 0.6230 0.0124
110 0.0744 0.1467 0.1945 0.5410 0.0434
111 0.0806 0.1470 0.3337 0.3445 0.0942
112 0.1826 0.3547 0.2086 0.1929 0.0612
113 0.0762 0.2478 0.1458 0.4524 0.0780
114 0.0365 0.2517 0.1730 0.5327 0.0061
115 0.4263 0.2795 0.1819 0.0577 0.0546
116 0.2073 0.2581 0.1873 0.3262 0.0215
117 0.0845 0.3420 0.1415 0.4031 0.0290
118 0.2822 0.3149 0.2181 0.1252 0.0596
119 0.0969 0.1444 0.2827 0.4114 0.0646
120 0.0381 0.0260 0.1578 0.7412 0.0369
121 0.1154 0.1382 0.0438 0.6851 0.0174
122 0.1814 0.2788 0.0837 0.4421 0.0139
123 0.1311 0.1697 0.1792 0.4612 0.0591
124 0.0604 0.1888 0.1517 0.5908 0.0084
125 0.1780 0.3826 0.1985 0.2146 0.0262
126 0.1986 0.3982 0.2164 0.1559 0.0309
127 0.1056 0.0797 0.1942 0.5796 0.0407
128 0.0490 0.2627 0.2318 0.4331 0.0237
129 0.0627 0.0346 0.0098 0.8857 0.0071
130 0.0646 0.1294 0.0962 0.6572 0.0527
131 0.0332 0.1096 0.0742 0.7607 0.0223
132 0.1989 0.2515 0.1729 0.2871 0.0897
133 0.2314 0.0906 0.1085 0.4531 0.1164
134 0.1920 0.3789 0.0973 0.2998 0.0321
135 0.2355 0.2688 0.0638 0.4004 0.0314
136 0.1526 0.5205 0.1326 0.1689 0.0255
137 0.0389 0.1827 0.2458 0.5205 0.0121
138 0.2133 0.1610 0.1187 0.4175 0.0896
139 0.1788 0.6094 0.0831 0.0957 0.0328
140 0.2295 0.3137 0.1425 0.2900 0.0242
141 0.0773 0.2152 0.0257 0.6528 0.0289
142 0.1759 0.2520 0.0612 0.4817 0.0292
143 0.3818 0.3267 0.0403 0.2297 0.0215
144 0.1749 0.2751 0.2229 0.2391 0.0880
145 0.2135 0.1826 0.4519 0.1216 0.0305
146 0.0574 0.1881 0.2183 0.4919 0.0443
147 0.0735 0.5396 0.1985 0.1793 0.0093
148 0.1583 0.3406 0.1420 0.3406 0.0188
149 0.0158 0.4814 0.4595 0.0276 0.0156
150 0.0316 0.6060 0.3245 0.0242 0.0136
151 0.1181 0.6387 0.2106 0.0246 0.0082
152 0.1580 0.1655 0.3396 0.2905 0.0463
153 0.1301 0.4336 0.2979 0.1194 0.0189
154 0.0753 0.5879 0.3003 0.0314 0.0049
155 0.1337 0.4185 0.2659 0.1359 0.0462
156 0.1372 0.2729 0.2708 0.2505 0.0685
157 0.1008 0.5493 0.3281 0.0105 0.0111
158 0.1709 0.5181 0.2229 0.0776 0.0104
159 0.0638 0.2625 0.1890 0.4751 0.0096
160 0.5747 0.1738 0.1808 0.0490 0.0218
161 0.0848 0.4922 0.1598 0.2554 0.0080
162 0.1583 0.4106 0.2822 0.1418 0.0070
163 0.1131 0.4836 0.3123 0.0748 0.0164
164 0.0971 0.5088 0.2681 0.1190 0.0069
165 0.0565 0.1660 0.1910 0.5703 0.0159
166 0.0414 0.2135 0.1422 0.5986 0.0043
167 0.0367 0.4980 0.1094 0.3533 0.0026
168 0.1816 0.3696 0.0838 0.0964 0.2683
169 0.1565 0.1802 0.1145 0.5464 0.0023
170 0.0876 0.2272 0.1538 0.5283 0.0031
171 0.1014 0.2549 0.4509 0.1865 0.0063
172 0.2473 0.2593 0.3892 0.0953 0.0089
173 0.0775 0.3042 0.2859 0.3091 0.0235
174 0.0739 0.3811 0.2703 0.2620 0.0128
175 0.2666 0.2837 0.2428 0.2013 0.0056
176 0.1768 0.3713 0.3892 0.0345 0.0284
177 0.1489 0.5322 0.2324 0.0583 0.0282
178 0.2382 0.4280 0.1295 0.1743 0.0300
179 0.4717 0.1749 0.2524 0.0555 0.0453
180 0.6084 0.1368 0.1091 0.0641 0.0817
181 0.5107 0.1953 0.1582 0.0840 0.0518
182 0.6191 0.0627 0.0885 0.1219 0.1076
183 0.4363 0.3789 0.1310 0.0146 0.0393
184 0.5498 0.2346 0.0519 0.0360 0.1276
185 0.2213 0.4722 0.1849 0.1071 0.0145
186 0.0677 0.6738 0.1246 0.1256 0.0083
187 0.2546 0.6157 0.0391 0.0573 0.0334
188 0.1428 0.4949 0.1070 0.2450 0.0104
189 0.1172 0.2769 0.2683 0.3186 0.0191
190 0.1224 0.3328 0.1796 0.3435 0.0218
191 0.0718 0.5435 0.3562 0.0239 0.0048
192 0.0316 0.6558 0.2489 0.0629 0.0009
193 0.2649 0.4199 0.2527 0.0435 0.0192
194 0.3359 0.3035 0.2327 0.1009 0.0269
195 0.2532 0.4077 0.0854 0.2434 0.0104
196 0.5454 0.1411 0.0804 0.1827 0.0503
197 0.2422 0.1246 0.3013 0.3108 0.0210
198 0.5054 0.2462 0.1426 0.0928 0.0132
199 0.4553 0.1661 0.1989 0.1399 0.0398
200 0.5518 0.0701 0.0643 0.2751 0.0387
201 0.1052 0.5732 0.0707 0.2263 0.0244
202 0.4968 0.3037 0.0948 0.0528 0.0519
203 0.5107 0.1203 0.1157 0.2319 0.0216
204 0.3242 0.0951 0.1183 0.4431 0.0193
205 0.1293 0.5073 0.1376 0.1881 0.0379
206 0.3179 0.1090 0.4697 0.0925 0.0109
207 0.1841 0.1357 0.2238 0.3689 0.0876
208 0.3403 0.1418 0.0861 0.3767 0.0551
209 0.1884 0.4277 0.1624 0.1715 0.0499
210 0.1165 0.5430 0.1876 0.1230 0.0299
211 0.4333 0.2015 0.1396 0.1332 0.0923
212 0.2654 0.5532 0.0420 0.1366 0.0031
213 0.1230 0.1567 0.5264 0.1708 0.0233
214 0.3853 0.1544 0.3320 0.1021 0.0260
215 0.2720 0.3958 0.1295 0.1702 0.0327
216 0.6094 0.1067 0.1692 0.0466 0.0684
217 0.5142 0.0989 0.1310 0.1310 0.1250
218 0.1454 0.0869 0.0778 0.6416 0.0483
219 0.2705 0.2123 0.3640 0.1127 0.0405
220 0.1453 0.4724 0.1131 0.2590 0.0102
221 0.0879 0.3999 0.0892 0.3877 0.0352
222 0.1283 0.4805 0.1234 0.1881 0.0797
223 0.0334 0.0526 0.0436 0.8628 0.0075
224 0.2445 0.1816 0.0942 0.4497 0.0299
225 0.2445 0.1816 0.0942 0.4497 0.0299
226 0.2037 0.2830 0.2496 0.2310 0.0327
227 0.2037 0.2830 0.2496 0.2310 0.0327
