time exciting_prob fearful_prob tense_prob sad_prob relaxing_prob
0 0.2037 0.2830 0.2496 0.2310 0.0327
1 0.0454 0.0414 0.0282 0.1400 0.7451
2 0.0301 0.0268 0.0215 0.1145 0.8071
3 0.0384 0.0108 0.0031 0.0181 0.9297
4 0.7275 0.0050 0.0102 0.0503 0.2068
5 0.8242 0.0029 0.0043 0.0535 0.1151
6 0.7646 0.0047 0.0057 0.0161 0.2090
7 0.7793 0.0072 0.0119 0.0468 0.1547
8 0.6890 0.0054 0.0121 0.1411 0.1525
9 0.7930 0.0098 0.0122 0.0289 0.1561
10 0.0483 0.0298 0.0247 0.0671 0.8301
11 0.0684 0.0448 0.0372 0.0673 0.7822
12 0.0527 0.0063 0.0503 0.0535 0.8374
13 0.0531 0.0214 0.0427 0.0395 0.8433
14 0.1753 0.0796 0.1522 0.5483 0.0446
15 0.0986 0.0870 0.2206 0.5630 0.0306
16 0.1127 0.1034 0.6045 0.1338 0.0455
17 0.0995 0.0706 0.2107 0.5464 0.0728
18 0.2175 0.0907 0.3530 0.2108 0.1279
19 0.2008 0.0608 0.2137 0.4595 0.0652
20 0.1047 0.0742 0.4729 0.3005 0.0475
21 0.0875 0.0440 0.4653 0.0573 0.3459
22 0.0782 0.0989 0.5020 0.1997 0.1212
23 0.0501 0.2998 0.1230 0.3616 0.1655
24 0.0647 0.0956 0.1067 0.1190 0.6138
25 0.0221 0.0704 0.1400 0.0785 0.6890
26 0.1504 0.0844 0.3442 0.3960 0.0251
27 0.1406 0.0753 0.5063 0.2668 0.0109
28 0.0453 0.0777 0.0591 0.8032 0.0145
29 0.0187 0.0372 0.0486 0.8877 0.0077
30 0.0717 0.0800 0.0864 0.7017 0.0604
31 0.0656 0.0903 0.1187 0.6992 0.0265
32 0.2384 0.0441 0.5459 0.1379 0.0338
33 0.2537 0.0811 0.4053 0.1492 0.1108
34 0.1254 0.0791 0.5752 0.2100 0.0104
35 0.3435 0.1356 0.2051 0.1598 0.1560
36 0.1107 0.0340 0.3354 0.5117 0.0082
37 0.1188 0.0421 0.5283 0.2917 0.0190
38 0.0529 0.2012 0.4463 0.2927 0.0070
39 0.0470 0.0825 0.1733 0.6338 0.0632
40 0.0786 0.1613 0.1587 0.5205 0.0811
41 0.1020 0.1580 0.2029 0.4294 0.1077
42 0.2244 0.0215 0.6099 0.1339 0.0105
43 0.2920 0.0363 0.5806 0.0804 0.0110
44 0.2008 0.1256 0.3159 0.1691 0.1886
45 0.2185 0.1049 0.3896 0.1869 0.1000
46 0.0757 0.1318 0.4060 0.3528 0.0336
47 0.3232 0.1162 0.2854 0.1237 0.1515
48 0.2773 0.1052 0.4294 0.0852 0.1028
49 0.1321 0.0146 0.4263 0.1605 0.2666
50 0.1736 0.0729 0.2524 0.4573 0.0439
51 0.0927 0.0333 0.6738 0.1017 0.0986
52 0.2563 0.1300 0.0966 0.4980 0.0189
53 0.2344 0.0310 0.0671 0.5801 0.0876
54 0.1616 0.0892 0.2141 0.3669 0.1681
55 0.3157 0.1246 0.1456 0.3359 0.0779
56 0.2477 0.2291 0.0792 0.3440 0.1001
57 0.0530 0.1713 0.2098 0.4956 0.0703
58 0.1022 0.0564 0.2778 0.3147 0.2489
59 0.0703 0.0888 0.1293 0.3918 0.3198
60 0.0539 0.4014 0.2358 0.2673 0.0416
61 0.1501 0.0570 0.1990 0.2554 0.3384
62 0.1495 0.0800 0.2012 0.5386 0.0309
63 0.1421 0.2418 0.3179 0.2101 0.0883
64 0.0811 0.1316 0.0768 0.5674 0.1434
65 0.0897 0.0120 0.0069 0.0205 0.8711
66 0.1058 0.0196 0.0145 0.0145 0.8457
67 0.2081 0.0676 0.0203 0.0530 0.6509
68 0.1475 0.0600 0.1864 0.4761 0.1301
69 0.1687 0.0447 0.0645 0.6367 0.0855
70 0.0315 0.0434 0.0948 0.7939 0.0363
71 0.1039 0.0731 0.0714 0.0848 0.6670
72 0.0614 0.0159 0.1183 0.7139 0.0908
73 0.1943 0.0630 0.3306 0.2827 0.1294
74 0.2135 0.2515 0.2272 0.2202 0.0876
75 0.3569 0.0436 0.0903 0.4512 0.0578
76 0.0451 0.0048 0.0054 0.0238 0.9209
77 0.7056 0.0588 0.0732 0.1016 0.0607
78 0.4263 0.0801 0.2078 0.1892 0.0966
79 0.2324 0.0709 0.1598 0.4480 0.0889
80 0.0720 0.0184 0.0511 0.8247 0.0340
81 0.4531 0.1288 0.1191 0.1309 0.1680
82 0.2078 0.0759 0.3120 0.3320 0.0724
83 0.2151 0.0420 0.0829 0.0570 0.6030
84 0.0295 0.0256 0.0191 0.8623 0.0635
85 0.0704 0.0804 0.0715 0.6729 0.1048
86 0.0682 0.3381 0.1838 0.3489 0.0611
87 0.4897 0.0571 0.0294 0.2791 0.1448
88 0.1976 0.3931 0.1316 0.1901 0.0877
89 0.1830 0.0906 0.1350 0.2727 0.3188
90 0.0911 0.1217 0.0557 0.6528 0.0786
91 0.1208 0.0056 0.3235 0.0571 0.4932
92 0.0962 0.0940 0.6680 0.1090 0.0330
93 0.2463 0.2026 0.0292 0.5054 0.0166
94 0.0434 0.0472 0.0153 0.8311 0.0631
95 0.0460 0.0776 0.0415 0.7832 0.0517
96 0.1765 0.1765 0.2231 0.4104 0.0136
97 0.2065 0.0681 0.5273 0.1442 0.0539
98 0.3025 0.0356 0.5396 0.0853 0.0370
99 0.1747 0.0717 0.1948 0.5215 0.0372
100 0.0556 0.0931 0.0822 0.6567 0.1124
101 0.0706 0.1604 0.2952 0.4163 0.0576
102 0.0549 0.0427 0.8516 0.0357 0.0152
103 0.0691 0.0521 0.5024 0.3452 0.0311
104 0.1686 0.1376 0.2491 0.3799 0.0650
105 0.0693 0.0589 0.4814 0.2239 0.1664
106 0.1779 0.1407 0.4724 0.1301 0.0789
107 0.1285 0.1091 0.5493 0.1478 0.0651
108 0.0927 0.0567 0.7583 0.0799 0.0126
109 0.0444 0.0671 0.7563 0.1265 0.0056
110 0.0848 0.0275 0.8428 0.0385 0.0065
111 0.0445 0.0168 0.8799 0.0512 0.0078
112 0.0270 0.0112 0.9224 0.0360 0.0035
113 0.1135 0.1033 0.6431 0.1359 0.0043
114 0.1045 0.2798 0.2566 0.3220 0.0373
115 0.0779 0.1245 0.6128 0.1702 0.0145
116 0.0552 0.0630 0.2593 0.6123 0.0098
117 0.1854 0.0939 0.4050 0.3105 0.0053
118 0.2086 0.2220 0.2786 0.2401 0.0507
119 0.0656 0.1160 0.3154 0.4807 0.0223
120 0.0685 0.0807 0.7544 0.0908 0.0057
121 0.0317 0.0592 0.0602 0.7925 0.0565
122 0.1282 0.1594 0.0789 0.5352 0.0983
123 0.2966 0.0405 0.4968 0.1337 0.0325
124 0.1985 0.1014 0.2433 0.2844 0.1725
125 0.0595 0.3423 0.3267 0.2059 0.0658
126 0.2019 0.0552 0.2939 0.1598 0.2893
127 0.2556 0.0823 0.1689 0.2637 0.2291
128 0.1003 0.2369 0.1077 0.4292 0.1259
129 0.0676 0.0437 0.2634 0.6123 0.0128
130 0.0532 0.1018 0.3086 0.5171 0.0193
131 0.1479 0.0817 0.2742 0.4736 0.0225
132 0.1624 0.0755 0.4343 0.3179 0.0099
133 0.1178 0.0715 0.2761 0.5239 0.0110
134 0.1798 0.0386 0.3835 0.3958 0.0024
135 0.3733 0.0135 0.3733 0.2030 0.0370
136 0.5142 0.0182 0.2546 0.1819 0.0311
137 0.6284 0.0280 0.1705 0.1541 0.0190
138 0.0674 0.0122 0.0670 0.8481 0.0053
139 0.0078 0.0011 0.0072 0.9839 0.0002
140 0.0727 0.1227 0.2788 0.4561 0.0699
141 0.1299 0.1708 0.0764 0.4294 0.1935
142 0.1169 0.0612 0.0621 0.6572 0.1024
143 0.0844 0.0805 0.0688 0.6846 0.0818
144 0.2659 0.1049 0.3157 0.2786 0.0351
145 0.1315 0.0091 0.1884 0.6270 0.0440
146 0.1095 0.0250 0.5024 0.2908 0.0724
147 0.1425 0.0281 0.0623 0.7583 0.0087
148 0.5933 0.0687 0.0976 0.1559 0.0848
149 0.4634 0.0313 0.2367 0.1392 0.1296
150 0.1394 0.0944 0.3345 0.4294 0.0022
151 0.4290 0.0258 0.2225 0.2769 0.0459
152 0.0450 0.1865 0.2321 0.4617 0.0748
153 0.1036 0.2092 0.1775 0.3877 0.1220
154 0.0472 0.1742 0.2871 0.4448 0.0465
155 0.0313 0.0154 0.0298 0.8994 0.0240
156 0.0485 0.0477 0.0360 0.7949 0.0728
157 0.1032 0.0641 0.1245 0.5244 0.1840
158 0.0543 0.0534 0.4988 0.3826 0.0110
159 0.0568 0.0285 0.6006 0.3020 0.0118
160 0.1260 0.0486 0.0350 0.6499 0.1405
161 0.1270 0.0533 0.0311 0.6655 0.1231
162 0.1710 0.0944 0.2128 0.4436 0.0783
163 0.1185 0.1451 0.3071 0.3945 0.0347
164 0.0997 0.2178 0.2585 0.3882 0.0356
165 0.0148 0.0275 0.0526 0.8892 0.0159
166 0.1283 0.1781 0.1344 0.5034 0.0556
167 0.1060 0.1404 0.6592 0.0717 0.0227
168 0.0701 0.1791 0.5601 0.1682 0.0226
169 0.0740 0.0485 0.3267 0.5303 0.0209
170 0.0854 0.2217 0.4207 0.0797 0.1926
171 0.1428 0.1428 0.1863 0.4834 0.0446
172 0.0244 0.1267 0.0205 0.8013 0.0272
173 0.1025 0.0863 0.0598 0.6230 0.1285
174 0.2783 0.0823 0.0327 0.3574 0.2494
175 0.2112 0.2629 0.0629 0.3706 0.0923
176 0.1857 0.0462 0.1091 0.3931 0.2659
177 0.1794 0.0530 0.0479 0.5195 0.2002
178 0.1194 0.0573 0.0796 0.5879 0.1558
179 0.2588 0.1406 0.1807 0.3120 0.1078
180 0.8853 0.0247 0.0330 0.0507 0.0063
181 0.8853 0.0247 0.0330 0.0507 0.0063
182 0.8828 0.0254 0.0337 0.0518 0.0063
183 0.2037 0.2830 0.2496 0.2310 0.0327
