time exciting_prob fearful_prob tense_prob sad_prob relaxing_prob
0 0.3169 0.2281 0.1462 0.1544 0.1544
1 0.0997 0.2817 0.4868 0.0922 0.0393
2 0.1500 0.0487 0.6123 0.1432 0.0458
3 0.1946 0.2346 0.1562 0.3992 0.0154
4 0.3188 0.1554 0.1210 0.3970 0.0078
5 0.1442 0.2164 0.3352 0.1808 0.1234
6 0.1225 0.0579 0.2717 0.5322 0.0157
7 0.0456 0.3191 0.2859 0.3091 0.0403
8 0.0569 0.1851 0.5615 0.1252 0.0714
9 0.0443 0.3198 0.3149 0.2490 0.0719
10 0.0396 0.3210 0.2791 0.2705 0.0899
11 0.1899 0.1456 0.3386 0.2720 0.0540
12 0.3613 0.1919 0.2296 0.2010 0.0161
13 0.4023 0.2478 0.1492 0.1827 0.0180
14 0.2413 0.4270 0.1114 0.1204 0.0999
15 0.0434 0.7573 0.0651 0.1117 0.0223
16 0.0487 0.6992 0.0731 0.1536 0.0253
17 0.0731 0.7441 0.1159 0.0433 0.0235
18 0.1109 0.4456 0.2539 0.1718 0.0177
19 0.0405 0.6489 0.2350 0.0700 0.0054
20 0.1469 0.3750 0.2421 0.2205 0.0157
21 0.1562 0.2874 0.2659 0.2274 0.0631
22 0.2120 0.2559 0.2788 0.2275 0.0257
23 0.2917 0.3254 0.1346 0.2069 0.0414
24 0.2329 0.1626 0.1481 0.4419 0.0144
25 0.0847 0.4475 0.0802 0.3652 0.0224
26 0.0926 0.2595 0.0503 0.5005 0.0970
27 0.1331 0.4756 0.2318 0.1121 0.0475
28 0.1236 0.2576 0.3257 0.2169 0.0762
29 0.1526 0.4963 0.2085 0.1049 0.0377
30 0.1098 0.5200 0.2101 0.1160 0.0444
31 0.0662 0.8262 0.0201 0.0554 0.0323
32 0.0433 0.8423 0.0334 0.0423 0.0388
33 0.0368 0.7637 0.0346 0.0194 0.1458
34 0.0382 0.6924 0.1261 0.1242 0.0189
35 0.1836 0.5190 0.0436 0.1808 0.0731
36 0.1377 0.5752 0.0999 0.0601 0.1273
37 0.4666 0.2722 0.0762 0.1703 0.0147
38 0.3577 0.2764 0.0933 0.2222 0.0504
39 0.1975 0.2742 0.3359 0.1638 0.0285
40 0.2030 0.1581 0.4165 0.1710 0.0513
41 0.0943 0.3970 0.1506 0.3342 0.0237
42 0.0506 0.6987 0.1080 0.1334 0.0090
43 0.0667 0.5576 0.1501 0.2151 0.0103
44 0.0385 0.5444 0.1796 0.2166 0.0210
45 0.1320 0.3972 0.1708 0.2428 0.0572
46 0.0573 0.2976 0.0746 0.0759 0.4946
47 0.4163 0.3193 0.0619 0.1193 0.0833
48 0.0981 0.7480 0.0634 0.0396 0.0509
49 0.3623 0.2302 0.0983 0.2047 0.1046
50 0.3196 0.2080 0.0853 0.3049 0.0821
51 0.1047 0.1868 0.0698 0.4551 0.1838
52 0.1037 0.2015 0.0370 0.3823 0.2754
53 0.1246 0.2537 0.0693 0.3577 0.1946
54 0.1359 0.1539 0.0532 0.5542 0.1025
55 0.0549 0.3416 0.1337 0.4453 0.0246
56 0.3550 0.0817 0.1348 0.3899 0.0386
57 0.3010 0.1561 0.2917 0.2036 0.0476
58 0.2507 0.0880 0.0820 0.5347 0.0446
59 0.1873 0.0363 0.0481 0.7178 0.0103
60 0.3511 0.1241 0.1071 0.3196 0.0982
61 0.4451 0.2086 0.0767 0.2203 0.0492
62 0.2097 0.3767 0.0736 0.3223 0.0178
63 0.2642 0.2207 0.0642 0.4189 0.0320
64 0.0865 0.2351 0.4062 0.2314 0.0409
65 0.0723 0.2410 0.3193 0.3452 0.0222
66 0.1448 0.0995 0.1830 0.5635 0.0094
67 0.1139 0.1037 0.1820 0.5874 0.0128
68 0.1736 0.1104 0.1439 0.5693 0.0031
69 0.1423 0.0876 0.2874 0.4739 0.0086
70 0.0625 0.0370 0.0592 0.7798 0.0616
71 0.1444 0.0227 0.0236 0.7163 0.0932
72 0.1111 0.0966 0.1077 0.2585 0.4260
73 0.0428 0.1403 0.2349 0.5635 0.0185
74 0.1298 0.1565 0.0935 0.5908 0.0294
75 0.0675 0.1620 0.0279 0.7144 0.0281
76 0.2612 0.0327 0.0725 0.6265 0.0070
77 0.3027 0.1659 0.2198 0.3076 0.0038
78 0.0526 0.1750 0.1130 0.3220 0.3374
79 0.0207 0.0891 0.0891 0.1066 0.6948
80 0.1077 0.6099 0.1919 0.0826 0.0078
81 0.2142 0.1012 0.0525 0.5303 0.1020
82 0.0610 0.0625 0.0219 0.3513 0.5034
83 0.1903 0.2406 0.1011 0.3137 0.1542
84 0.2571 0.2734 0.2632 0.0841 0.1223
85 0.0432 0.0446 0.0659 0.7905 0.0559
86 0.2183 0.3542 0.2183 0.1740 0.0353
87 0.2947 0.2278 0.0421 0.1774 0.2581
88 0.0959 0.2411 0.0568 0.4199 0.1863
89 0.1509 0.4333 0.0479 0.2338 0.1343
90 0.0260 0.0408 0.0041 0.0627 0.8662
91 0.0199 0.0355 0.0035 0.0541 0.8872
92 0.0416 0.1571 0.3274 0.3950 0.0790
93 0.2671 0.2163 0.0665 0.4202 0.0300
94 0.0825 0.1093 0.1027 0.6694 0.0363
95 0.2336 0.0765 0.0696 0.5967 0.0235
96 0.0601 0.3274 0.0867 0.5068 0.0188
97 0.1174 0.6548 0.1004 0.1156 0.0117
98 0.1736 0.2817 0.1416 0.3850 0.0181
99 0.2167 0.2532 0.2343 0.2781 0.0178
100 0.3616 0.0537 0.0638 0.4944 0.0264
101 0.2874 0.2852 0.1227 0.1025 0.2023
102 0.3838 0.2852 0.0476 0.1285 0.1550
103 0.2017 0.3247 0.1272 0.1570 0.1895
104 0.1141 0.6367 0.0725 0.1572 0.0197
105 0.0874 0.6021 0.0423 0.0999 0.1685
106 0.1442 0.4583 0.0938 0.1941 0.1097
107 0.0443 0.3323 0.2668 0.3374 0.0190
108 0.2854 0.3284 0.1091 0.1564 0.1208
109 0.3323 0.3169 0.0771 0.2374 0.0364
110 0.3730 0.4163 0.1331 0.0614 0.0161
111 0.3770 0.2234 0.1302 0.2551 0.0144
112 0.3384 0.2344 0.0704 0.2495 0.1073
113 0.3442 0.4634 0.0878 0.0580 0.0466
114 0.1060 0.8335 0.0285 0.0170 0.0148
115 0.2998 0.1174 0.2646 0.2605 0.0577
116 0.1106 0.2234 0.3625 0.2869 0.0166
117 0.1488 0.5112 0.1063 0.2114 0.0223
118 0.0859 0.3142 0.3911 0.1819 0.0268
119 0.1445 0.6479 0.1153 0.0259 0.0662
120 0.4458 0.1248 0.0580 0.3472 0.0242
121 0.3914 0.3401 0.1301 0.0923 0.0460
122 0.2837 0.1603 0.1259 0.3757 0.0545
123 0.4290 0.1182 0.0550 0.3784 0.0194
124 0.1644 0.1923 0.2014 0.4331 0.0087
125 0.1396 0.3350 0.1088 0.4041 0.0127
126 0.1274 0.6782 0.0661 0.0271 0.1008
127 0.2297 0.4160 0.2563 0.0193 0.0788
128 0.1569 0.3372 0.1279 0.3589 0.0190
129 0.1427 0.5913 0.0572 0.1279 0.0807
130 0.8101 0.1131 0.0058 0.0578 0.0134
131 0.6929 0.1752 0.0185 0.0692 0.0443
132 0.1561 0.5488 0.2020 0.0499 0.0430
133 0.0734 0.7017 0.1268 0.0806 0.0173
134 0.0990 0.1765 0.1375 0.5610 0.0260
135 0.1846 0.2157 0.1460 0.4224 0.0313
136 0.0472 0.6123 0.1560 0.1674 0.0170
137 0.3159 0.4524 0.0380 0.0205 0.1731
138 0.0424 0.5127 0.0126 0.0073 0.4250
139 0.0588 0.5405 0.0732 0.1142 0.2134
140 0.0452 0.7173 0.0222 0.0222 0.1931
141 0.0931 0.1740 0.1824 0.5278 0.0228
142 0.1729 0.2678 0.2438 0.2720 0.0437
143 0.2681 0.2257 0.0598 0.4282 0.0181
144 0.1109 0.3469 0.1338 0.3811 0.0274
145 0.1438 0.0525 0.1630 0.6055 0.0355
146 0.1876 0.4229 0.1495 0.2335 0.0065
147 0.1853 0.1868 0.1008 0.5039 0.0234
148 0.0736 0.4202 0.3350 0.1194 0.0518
149 0.0202 0.9023 0.0403 0.0345 0.0027
150 0.1144 0.6040 0.2479 0.0251 0.0083
151 0.1526 0.3206 0.2006 0.2917 0.0346
152 0.2103 0.6230 0.0285 0.0448 0.0933
153 0.2788 0.5288 0.0553 0.0236 0.1135
154 0.0688 0.8062 0.0421 0.0683 0.0148
155 0.3125 0.3950 0.1030 0.0312 0.1583
156 0.3130 0.2615 0.0773 0.3179 0.0305
157 0.3601 0.3894 0.1410 0.0842 0.0251
158 0.2810 0.4490 0.0637 0.1858 0.0205
159 0.1311 0.4268 0.1030 0.2910 0.0482
160 0.2023 0.1066 0.1218 0.5088 0.0607
161 0.3022 0.2318 0.2247 0.1921 0.0490
162 0.3564 0.1750 0.1166 0.1013 0.2507
163 0.3179 0.1688 0.2218 0.2020 0.0897
164 0.2966 0.2023 0.3059 0.1587 0.0365
165 0.3105 0.1197 0.2456 0.2871 0.0371
166 0.1687 0.0420 0.2959 0.4443 0.0491
167 0.1208 0.2024 0.2639 0.3608 0.0520
168 0.3149 0.5034 0.0498 0.1168 0.0153
169 0.2627 0.6157 0.0237 0.0422 0.0555
170 0.3489 0.4995 0.0376 0.0766 0.0374
171 0.3975 0.3674 0.0311 0.1569 0.0471
172 0.0793 0.2583 0.0358 0.2108 0.4158
173 0.0919 0.2023 0.0178 0.1469 0.5410
174 0.1013 0.2546 0.0381 0.3945 0.2112
175 0.1730 0.3035 0.1049 0.3721 0.0466
176 0.1774 0.2993 0.0145 0.2664 0.2424
177 0.1129 0.3240 0.0128 0.2484 0.3020
178 0.0621 0.1125 0.0257 0.4280 0.3718
179 0.1377 0.3152 0.0491 0.3625 0.1355
180 0.1840 0.5078 0.1742 0.0810 0.0531
181 0.1946 0.4023 0.1481 0.1652 0.0898
182 0.2435 0.2271 0.0511 0.4309 0.0476
183 0.1555 0.4001 0.0839 0.3215 0.0387
184 0.3665 0.3389 0.0320 0.1359 0.1267
185 0.1460 0.1904 0.0628 0.5869 0.0139
186 0.0923 0.3247 0.0450 0.5107 0.0271
187 0.1353 0.0479 0.0582 0.7427 0.0158
188 0.2220 0.5537 0.0817 0.1091 0.0333
189 0.1713 0.2083 0.0531 0.5488 0.0188
190 0.3601 0.5532 0.0495 0.0202 0.0170
191 0.6689 0.2104 0.0323 0.0549 0.0333
192 0.2683 0.1680 0.1307 0.4221 0.0108
193 0.1573 0.1637 0.0661 0.5669 0.0461
194 0.1685 0.1836 0.0625 0.5483 0.0373
195 0.5366 0.2827 0.0761 0.1008 0.0035
196 0.1979 0.2462 0.1553 0.2405 0.1602
197 0.2336 0.1670 0.0517 0.2930 0.2546
198 0.1677 0.3135 0.1153 0.1814 0.2222
199 0.1924 0.1752 0.1096 0.3708 0.1521
200 0.3782 0.1247 0.1992 0.2367 0.0612
201 0.4163 0.0663 0.0764 0.4001 0.0409
202 0.0826 0.1069 0.0690 0.6919 0.0497
203 0.1882 0.2983 0.1254 0.3572 0.0307
204 0.0479 0.5190 0.1465 0.1881 0.0983
205 0.3435 0.4275 0.0239 0.0606 0.1443
206 0.4192 0.2686 0.0235 0.1694 0.1192
207 0.1231 0.1593 0.0624 0.6250 0.0302
208 0.2429 0.1749 0.0475 0.4983 0.0364
209 0.1306 0.0780 0.0536 0.6953 0.0424
210 0.2898 0.1256 0.0677 0.4382 0.0786
211 0.4043 0.2532 0.0731 0.1941 0.0754
212 0.0853 0.5879 0.1364 0.0486 0.1418
213 0.5522 0.1407 0.0254 0.2163 0.0649
214 0.3420 0.1935 0.0770 0.2043 0.1831
215 0.0999 0.3984 0.1536 0.1957 0.1523
216 0.0136 0.6797 0.1614 0.1381 0.0075
217 0.0657 0.5244 0.2556 0.0414 0.1126
218 0.1209 0.4934 0.2009 0.0193 0.1653
219 0.2517 0.3386 0.1479 0.1600 0.1017
220 0.2393 0.2527 0.1005 0.3564 0.0510
221 0.1090 0.4312 0.2020 0.2456 0.0123
222 0.1611 0.3384 0.3306 0.1637 0.0062
223 0.1761 0.1997 0.2729 0.3450 0.0063
224 0.2764 0.1490 0.3154 0.2556 0.0036
225 0.3152 0.2200 0.2416 0.2183 0.0051
226 0.3550 0.1886 0.1576 0.2852 0.0137
227 0.4692 0.0072 0.0293 0.4917 0.0026
228 0.6553 0.0233 0.0866 0.2318 0.0029
229 0.6333 0.0182 0.0383 0.3062 0.0040
230 0.5981 0.0202 0.0476 0.3303 0.0036
231 0.5200 0.0157 0.0484 0.4114 0.0047
232 0.6841 0.0298 0.0269 0.2556 0.0036
233 0.2952 0.0180 0.0288 0.6548 0.0032
234 0.0833 0.0176 0.0534 0.8413 0.0044
