time exciting_prob fearful_prob tense_prob sad_prob relaxing_prob
0 0.2037 0.2830 0.2496 0.2310 0.0327
1 0.2952 0.0701 0.0690 0.3396 0.2262
2 0.2996 0.0845 0.0537 0.2123 0.3501
3 0.9155 0.0059 0.0040 0.0059 0.0690
4 0.9692 0.0042 0.0020 0.0029 0.0214
5 0.5366 0.1422 0.1064 0.1913 0.0236
6 0.2502 0.1775 0.1219 0.4324 0.0179
7 0.0475 0.0582 0.1271 0.7544 0.0128
8 0.0482 0.0746 0.1935 0.6753 0.0085
9 0.0961 0.1142 0.4446 0.3303 0.0147
10 0.1764 0.1533 0.2649 0.3508 0.0547
11 0.1411 0.1411 0.0667 0.5244 0.1266
12 0.1162 0.1492 0.1317 0.5767 0.0263
13 0.1589 0.1229 0.2581 0.4390 0.0212
14 0.6826 0.1344 0.1055 0.0635 0.0142
15 0.1197 0.2362 0.3330 0.2118 0.0992
16 0.2061 0.1630 0.0718 0.2729 0.2861
17 0.3408 0.1838 0.2218 0.2437 0.0098
18 0.0517 0.1484 0.4297 0.3506 0.0195
19 0.1312 0.1660 0.2305 0.3982 0.0742
20 0.1014 0.2529 0.2303 0.3513 0.0640
21 0.0586 0.0981 0.1029 0.7031 0.0373
22 0.0987 0.2367 0.1759 0.4563 0.0323
23 0.1287 0.2725 0.2559 0.3135 0.0296
24 0.2922 0.4561 0.0598 0.1306 0.0612
25 0.2507 0.3025 0.1029 0.2668 0.0771
26 0.4038 0.4399 0.0551 0.0887 0.0124
27 0.2395 0.2935 0.3403 0.1185 0.0083
28 0.4072 0.2489 0.2000 0.1204 0.0235
29 0.1564 0.4419 0.1144 0.2292 0.0580
30 0.1222 0.2411 0.1710 0.4231 0.0426
31 0.3262 0.3340 0.1843 0.1181 0.0375
32 0.1589 0.0632 0.2173 0.5293 0.0313
33 0.2312 0.3694 0.2155 0.1652 0.0188
34 0.1334 0.5156 0.3127 0.0203 0.0179
35 0.1355 0.3079 0.2324 0.3127 0.0115
36 0.0918 0.4346 0.0955 0.3660 0.0120
37 0.2483 0.2581 0.1816 0.2705 0.0415
38 0.2399 0.2004 0.1335 0.3804 0.0458
39 0.1549 0.2739 0.3572 0.1489 0.0651
40 0.0777 0.2489 0.4236 0.1582 0.0916
41 0.5747 0.1711 0.1105 0.1014 0.0423
42 0.0787 0.0492 0.2581 0.5547 0.0594
43 0.0359 0.0976 0.6567 0.1971 0.0128
44 0.0449 0.0328 0.0695 0.8472 0.0056
45 0.0246 0.1069 0.3396 0.4790 0.0497
46 0.0771 0.5112 0.3005 0.0681 0.0433
47 0.0725 0.5840 0.2323 0.0645 0.0468
48 0.1078 0.2468 0.3169 0.2886 0.0397
49 0.0684 0.5464 0.3018 0.0717 0.0118
50 0.1077 0.3372 0.3789 0.1416 0.0347
51 0.2203 0.2439 0.1676 0.3257 0.0424
52 0.0731 0.6826 0.1224 0.0655 0.0565
53 0.1092 0.2349 0.1772 0.3469 0.1317
54 0.1646 0.3123 0.2888 0.1140 0.1204
55 0.1519 0.4163 0.2644 0.1299 0.0375
56 0.0613 0.2279 0.3586 0.2793 0.0729
57 0.1215 0.5073 0.1957 0.0809 0.0946
58 0.1343 0.0502 0.0828 0.5146 0.2180
59 0.1311 0.0542 0.0691 0.4722 0.2732
60 0.1865 0.0640 0.0790 0.3352 0.3352
61 0.1076 0.0567 0.0757 0.4785 0.2812
62 0.0498 0.0214 0.1311 0.4299 0.3677
63 0.0512 0.0257 0.1307 0.4424 0.3499
64 0.2356 0.1545 0.2527 0.3096 0.0475
65 0.0884 0.2659 0.2617 0.1492 0.2347
66 0.3560 0.0633 0.1818 0.3503 0.0486
67 0.2100 0.2399 0.1133 0.3054 0.1313
68 0.2825 0.2590 0.0828 0.3174 0.0583
69 0.2421 0.2169 0.2498 0.1855 0.1057
70 0.0896 0.0185 0.1225 0.2849 0.4846
71 0.1307 0.1627 0.0957 0.4937 0.1172
72 0.0789 0.0596 0.0801 0.7725 0.0088
73 0.0543 0.0645 0.0686 0.8101 0.0026
74 0.2222 0.1576 0.1041 0.4087 0.1074
75 0.1577 0.0942 0.3286 0.2642 0.1553
76 0.1013 0.0139 0.1428 0.2588 0.4832
77 0.1472 0.1890 0.1361 0.1519 0.3757
78 0.1290 0.0795 0.2161 0.4946 0.0807
79 0.1079 0.0423 0.1807 0.6113 0.0578
80 0.1160 0.3303 0.0561 0.4587 0.0388
81 0.1455 0.1958 0.0357 0.6128 0.0102
82 0.1200 0.1830 0.0942 0.5771 0.0258
83 0.3252 0.1399 0.1741 0.2698 0.0911
84 0.2720 0.1016 0.1675 0.3835 0.0755
85 0.2467 0.2246 0.1250 0.3792 0.0246
86 0.3367 0.1859 0.2058 0.0643 0.2074
87 0.1708 0.3318 0.1847 0.2883 0.0244
88 0.1914 0.0544 0.0427 0.6895 0.0220
89 0.1183 0.4868 0.2666 0.0951 0.0331
90 0.2544 0.1696 0.0542 0.1951 0.3267
91 0.0975 0.0379 0.0534 0.8042 0.0071
92 0.1183 0.0907 0.0262 0.7593 0.0053
93 0.0302 0.0376 0.0388 0.8828 0.0104
94 0.2529 0.1453 0.4238 0.0630 0.1149
95 0.3547 0.1573 0.3333 0.0773 0.0773
96 0.3159 0.0496 0.3638 0.2104 0.0603
97 0.3271 0.0719 0.2842 0.2432 0.0735
98 0.4175 0.0273 0.1912 0.3152 0.0487
99 0.0689 0.3445 0.0210 0.5635 0.0021
100 0.2432 0.2842 0.2079 0.1923 0.0724
101 0.1763 0.0634 0.2646 0.4868 0.0089
102 0.2012 0.0270 0.3369 0.3586 0.0764
103 0.1865 0.0596 0.5439 0.1780 0.0322
104 0.0986 0.0933 0.5088 0.2681 0.0315
105 0.0868 0.0754 0.1323 0.7041 0.0012
106 0.2876 0.1614 0.2969 0.1425 0.1118
107 0.3767 0.0930 0.3274 0.1685 0.0345
108 0.3755 0.1746 0.2878 0.1437 0.0184
109 0.3186 0.1360 0.2922 0.2224 0.0308
110 0.2469 0.0419 0.2249 0.4072 0.0789
111 0.2681 0.1189 0.2119 0.3577 0.0434
112 0.1897 0.0487 0.1345 0.5796 0.0476
113 0.1219 0.0214 0.3757 0.4602 0.0209
114 0.1708 0.0807 0.1103 0.6152 0.0233
115 0.3066 0.2371 0.1604 0.2445 0.0513
116 0.2218 0.1304 0.2551 0.3599 0.0327
117 0.1234 0.0917 0.0476 0.3801 0.3572
118 0.2031 0.1533 0.0582 0.4167 0.1685
119 0.1669 0.1907 0.2952 0.3372 0.0100
120 0.1696 0.2566 0.1543 0.4004 0.0193
121 0.2698 0.1727 0.0917 0.4446 0.0211
122 0.3955 0.1133 0.0709 0.4016 0.0186
123 0.2065 0.2913 0.0736 0.3250 0.1038
124 0.1098 0.3152 0.0465 0.4807 0.0480
125 0.0367 0.0206 0.0708 0.8496 0.0223
126 0.0607 0.0607 0.0330 0.7876 0.0580
127 0.0554 0.0717 0.0613 0.7124 0.0994
128 0.1217 0.2070 0.2421 0.4053 0.0238
129 0.0245 0.3381 0.5078 0.1115 0.0182
130 0.1547 0.3125 0.3486 0.1454 0.0388
131 0.1820 0.1475 0.0429 0.3564 0.2712
132 0.1519 0.2158 0.1060 0.4939 0.0323
133 0.0282 0.0992 0.7329 0.1274 0.0120
134 0.1814 0.3782 0.1528 0.2681 0.0196
135 0.1227 0.1370 0.0553 0.6738 0.0109
136 0.1393 0.2244 0.0740 0.5464 0.0159
137 0.1820 0.3245 0.0975 0.1140 0.2820
138 0.1548 0.3125 0.0961 0.2217 0.2148
139 0.1277 0.3784 0.1339 0.1119 0.2482
140 0.1453 0.1633 0.0534 0.5396 0.0983
141 0.1798 0.2310 0.1368 0.4116 0.0408
142 0.1799 0.0652 0.1118 0.5991 0.0438
143 0.2219 0.0933 0.0984 0.5493 0.0371
144 0.2046 0.0758 0.0826 0.5737 0.0634
145 0.2203 0.1515 0.3257 0.2830 0.0196
146 0.3916 0.1185 0.2412 0.2179 0.0309
147 0.2849 0.2764 0.0890 0.3179 0.0317
148 0.0686 0.0867 0.2979 0.4990 0.0479
149 0.1730 0.5161 0.1770 0.1285 0.0053
150 0.1536 0.3516 0.1399 0.3435 0.0115
151 0.2324 0.1345 0.3328 0.2869 0.0133
152 0.1667 0.1775 0.4226 0.2209 0.0122
153 0.0365 0.2380 0.5039 0.2134 0.0082
154 0.2319 0.2283 0.3120 0.1570 0.0707
155 0.1229 0.1137 0.1288 0.5015 0.1329
156 0.1422 0.0890 0.1255 0.4519 0.1914
157 0.5039 0.2634 0.0588 0.1098 0.0641
158 0.5400 0.1454 0.0692 0.1097 0.1355
159 0.2257 0.0677 0.1208 0.5674 0.0185
160 0.2189 0.0571 0.6899 0.0263 0.0077
161 0.1041 0.0744 0.5674 0.2478 0.0063
162 0.0592 0.2781 0.2235 0.4375 0.0015
163 0.1420 0.0725 0.1880 0.5791 0.0183
164 0.0709 0.2435 0.3655 0.3030 0.0171
165 0.1140 0.0329 0.1232 0.7202 0.0097
166 0.0600 0.1353 0.1606 0.6406 0.0035
167 0.2433 0.0847 0.0551 0.6118 0.0052
168 0.1043 0.4822 0.2261 0.1788 0.0086
169 0.2198 0.0385 0.4619 0.1910 0.0888
170 0.2238 0.0993 0.0756 0.5044 0.0970
171 0.2175 0.1004 0.0260 0.6396 0.0166
172 0.2467 0.2372 0.1061 0.4067 0.0033
173 0.1415 0.1019 0.2561 0.4976 0.0031
174 0.1349 0.2993 0.1815 0.3813 0.0028
175 0.1942 0.1444 0.1315 0.5283 0.0018
176 0.1509 0.0827 0.1532 0.6060 0.0071
177 0.3386 0.1538 0.3721 0.1295 0.0059
178 0.1816 0.2686 0.4031 0.1437 0.0031
179 0.1833 0.0936 0.1484 0.5688 0.0056
180 0.0403 0.0569 0.1984 0.4614 0.2430
181 0.1109 0.4932 0.3040 0.0678 0.0242
182 0.0523 0.1927 0.1008 0.6372 0.0170
183 0.2255 0.0992 0.0918 0.5625 0.0213
184 0.1885 0.1885 0.0622 0.5454 0.0154
185 0.2411 0.1078 0.5737 0.0701 0.0072
186 0.1116 0.1074 0.7056 0.0646 0.0107
187 0.1411 0.0756 0.1265 0.2852 0.3718
188 0.2224 0.1181 0.0689 0.4092 0.1815
189 0.1842 0.1855 0.0856 0.3809 0.1638
190 0.1332 0.1021 0.0517 0.5562 0.1569
191 0.0597 0.5078 0.0682 0.0704 0.2939
192 0.1387 0.1252 0.0279 0.4304 0.2778
193 0.1245 0.2308 0.0462 0.3748 0.2238
194 0.1466 0.2084 0.0476 0.2871 0.3103
195 0.1383 0.2686 0.0599 0.2686 0.2644
196 0.1726 0.2452 0.0960 0.2981 0.1880
197 0.1218 0.1771 0.0627 0.3440 0.2944
198 0.2251 0.2551 0.0676 0.2551 0.1971
199 0.1709 0.1250 0.1484 0.5103 0.0453
200 0.9360 0.0120 0.0266 0.0172 0.0081
201 0.9551 0.0107 0.0157 0.0122 0.0061
202 0.9551 0.0107 0.0157 0.0124 0.0062
203 0.9551 0.0107 0.0157 0.0124 0.0062
204 0.9556 0.0105 0.0157 0.0122 0.0062
205 0.9551 0.0106 0.0159 0.0122 0.0062
206 0.9521 0.0122 0.0172 0.0113 0.0074
207 0.2037 0.2830 0.2496 0.2310 0.0327
