time exciting_prob fearful_prob tense_prob sad_prob relaxing_prob
0 0.2037 0.2830 0.2496 0.2310 0.0327
1 0.0234 0.4287 0.0818 0.4155 0.0504
2 0.0305 0.4695 0.1477 0.3381 0.0143
3 0.0278 0.5034 0.2493 0.2098 0.0096
4 0.0363 0.3723 0.3608 0.2189 0.0116
5 0.0809 0.3252 0.3354 0.2379 0.0205
6 0.0330 0.3357 0.2573 0.3630 0.0109
7 0.0498 0.2778 0.6362 0.0342 0.0020
8 0.1299 0.0852 0.2142 0.5645 0.0062
9 0.0765 0.1644 0.3220 0.4331 0.0040
10 0.2917 0.0693 0.2272 0.3464 0.0656
11 0.2710 0.1532 0.1157 0.3425 0.1175
12 0.2979 0.0789 0.1968 0.3794 0.0471
13 0.0634 0.1193 0.1509 0.6353 0.0314
14 0.0721 0.3496 0.1481 0.3284 0.1017
15 0.1439 0.3506 0.1581 0.1819 0.1656
16 0.0810 0.5625 0.1284 0.1798 0.0484
17 0.0876 0.2742 0.0948 0.5366 0.0065
18 0.1915 0.3206 0.2742 0.1899 0.0236
19 0.1396 0.3484 0.2249 0.2031 0.0840
20 0.1716 0.3838 0.2239 0.2007 0.0199
21 0.1176 0.5879 0.0982 0.1396 0.0569
22 0.1085 0.4937 0.1591 0.2242 0.0146
23 0.2092 0.3616 0.2583 0.1249 0.0460
24 0.1084 0.4934 0.2156 0.1653 0.0174
25 0.3071 0.0460 0.3320 0.2839 0.0309
26 0.2986 0.0682 0.2803 0.2554 0.0977
27 0.0661 0.0531 0.1770 0.6680 0.0359
28 0.1076 0.1603 0.2107 0.4822 0.0393
29 0.3149 0.1089 0.3054 0.2454 0.0255
30 0.1786 0.1436 0.3184 0.3235 0.0360
31 0.1605 0.0336 0.2817 0.4866 0.0375
32 0.2527 0.0685 0.2732 0.2954 0.1104
33 0.2208 0.0141 0.0950 0.6099 0.0604
34 0.3586 0.0339 0.1288 0.3643 0.1146
35 0.4365 0.0329 0.3145 0.1697 0.0464
36 0.0939 0.1265 0.1702 0.5757 0.0340
37 0.1191 0.1964 0.6143 0.0652 0.0049
38 0.2489 0.1632 0.3350 0.2266 0.0264
39 0.2010 0.6094 0.1068 0.0452 0.0375
40 0.3252 0.3252 0.2612 0.0499 0.0385
41 0.2581 0.2482 0.3843 0.0781 0.0316
42 0.2839 0.3218 0.2507 0.1212 0.0222
43 0.1974 0.2052 0.3955 0.1478 0.0540
44 0.3274 0.2981 0.3027 0.0569 0.0148
45 0.3269 0.2338 0.3564 0.0685 0.0144
46 0.2771 0.3557 0.2881 0.0751 0.0041
47 0.2849 0.2400 0.1783 0.2761 0.0206
48 0.1300 0.0853 0.4067 0.2111 0.1670
49 0.1608 0.1851 0.1659 0.4583 0.0300
50 0.1925 0.2081 0.2250 0.3596 0.0148
51 0.2495 0.1378 0.2534 0.3306 0.0287
52 0.3308 0.0298 0.1180 0.4890 0.0323
53 0.0742 0.1080 0.4204 0.3950 0.0023
54 0.1109 0.2024 0.2385 0.4456 0.0027
55 0.1088 0.1177 0.3149 0.4172 0.0413
56 0.1965 0.3315 0.2043 0.2603 0.0072
57 0.1552 0.1758 0.1758 0.4854 0.0077
58 0.3201 0.0903 0.2915 0.2825 0.0154
59 0.0823 0.2102 0.1198 0.5801 0.0076
60 0.1702 0.1455 0.0984 0.5845 0.0012
61 0.7056 0.1945 0.0343 0.0631 0.0025
62 0.0958 0.0442 0.3789 0.4717 0.0093
63 0.1400 0.1611 0.2069 0.3865 0.1057
64 0.1323 0.0676 0.0457 0.7500 0.0044
65 0.2264 0.0937 0.5391 0.1037 0.0373
66 0.6943 0.1525 0.0709 0.0779 0.0046
67 0.4673 0.1787 0.1018 0.2423 0.0099
68 0.4165 0.0900 0.0887 0.3850 0.0198
69 0.2659 0.0870 0.4150 0.1703 0.0617
70 0.1737 0.0482 0.4038 0.3347 0.0394
71 0.2015 0.0975 0.0391 0.6504 0.0114
72 0.3181 0.3411 0.0462 0.2786 0.0162
73 0.4858 0.1163 0.0196 0.3696 0.0087
74 0.3862 0.3054 0.1388 0.1377 0.0320
75 0.2230 0.0373 0.5435 0.1658 0.0307
76 0.3647 0.0279 0.5142 0.0820 0.0109
77 0.1338 0.1042 0.5811 0.0799 0.1010
78 0.0503 0.2220 0.5669 0.1456 0.0151
79 0.1776 0.1300 0.3589 0.3022 0.0313
80 0.5820 0.0980 0.0717 0.2208 0.0276
81 0.4053 0.2852 0.1208 0.1743 0.0143
82 0.5659 0.1686 0.0502 0.1941 0.0211
83 0.2852 0.1296 0.1527 0.3809 0.0515
84 0.0962 0.1974 0.4380 0.2272 0.0414
85 0.4294 0.0169 0.1520 0.3398 0.0619
86 0.0734 0.1963 0.2856 0.4155 0.0292
87 0.3066 0.1372 0.1733 0.3215 0.0613
88 0.3140 0.0668 0.1628 0.4426 0.0137
89 0.2223 0.1034 0.0850 0.5854 0.0036
90 0.0917 0.1072 0.3008 0.4514 0.0491
91 0.1182 0.0567 0.4001 0.3699 0.0550
92 0.1114 0.0596 0.3223 0.4617 0.0450
93 0.1381 0.0637 0.3726 0.3965 0.0292
94 0.3650 0.1385 0.1865 0.3027 0.0072
95 0.1301 0.0777 0.2469 0.5308 0.0143
96 0.1517 0.0740 0.5552 0.1299 0.0892
97 0.2255 0.1008 0.2185 0.4277 0.0276
98 0.2859 0.1506 0.1831 0.2603 0.1201
99 0.1307 0.2189 0.5332 0.0949 0.0220
100 0.5703 0.2590 0.0809 0.0742 0.0156
101 0.5640 0.0132 0.2279 0.1220 0.0728
102 0.2263 0.0489 0.5342 0.1193 0.0712
103 0.2068 0.0760 0.4883 0.1912 0.0377
104 0.1648 0.1548 0.3713 0.2474 0.0616
105 0.1366 0.0917 0.5034 0.1881 0.0803
106 0.0310 0.0657 0.6631 0.2220 0.0182
107 0.2413 0.1685 0.4170 0.0975 0.0759
108 0.2480 0.2156 0.3445 0.1505 0.0415
109 0.2343 0.3743 0.2961 0.0848 0.0105
110 0.3035 0.3179 0.2327 0.1198 0.0263
111 0.0644 0.0342 0.3943 0.4832 0.0240
112 0.1293 0.0714 0.3682 0.3982 0.0329
113 0.1495 0.1383 0.1775 0.5220 0.0129
114 0.3049 0.0724 0.1821 0.3977 0.0426
115 0.1926 0.1572 0.3030 0.2473 0.0999
116 0.2627 0.1953 0.2607 0.1792 0.1021
117 0.1240 0.1643 0.2905 0.3589 0.0623
118 0.2097 0.1453 0.2339 0.3594 0.0518
119 0.0962 0.1742 0.1702 0.5322 0.0273
120 0.3218 0.0614 0.1260 0.4468 0.0442
121 0.2625 0.2727 0.3450 0.0819 0.0381
122 0.1941 0.1548 0.4958 0.1377 0.0176
123 0.0601 0.0681 0.4878 0.3682 0.0159
124 0.1035 0.0428 0.6646 0.1788 0.0106
125 0.0986 0.0799 0.6382 0.1731 0.0103
126 0.0552 0.0561 0.7744 0.0755 0.0386
127 0.1006 0.0736 0.5698 0.2302 0.0256
128 0.0817 0.0405 0.6133 0.1703 0.0941
129 0.1241 0.2754 0.3977 0.0834 0.1194
130 0.1111 0.0439 0.4065 0.3645 0.0740
131 0.0797 0.0621 0.7329 0.1160 0.0095
132 0.0196 0.0387 0.8403 0.0958 0.0054
133 0.0287 0.1504 0.7290 0.0831 0.0090
134 0.0551 0.2374 0.2095 0.4722 0.0260
135 0.5127 0.1677 0.0455 0.2498 0.0245
136 0.5063 0.3025 0.0353 0.1175 0.0385
137 0.1525 0.0984 0.3435 0.3833 0.0223
138 0.1257 0.2854 0.3872 0.1692 0.0325
139 0.1527 0.3135 0.2155 0.3037 0.0145
140 0.1161 0.1538 0.3037 0.3899 0.0366
141 0.0669 0.2793 0.3879 0.2352 0.0306
142 0.2396 0.0828 0.3655 0.2434 0.0687
143 0.1163 0.0477 0.3525 0.4319 0.0516
144 0.1240 0.1804 0.5557 0.1202 0.0196
145 0.1021 0.0795 0.4038 0.3853 0.0293
146 0.1747 0.2793 0.2971 0.2333 0.0156
147 0.2108 0.3264 0.2625 0.1980 0.0023
148 0.4753 0.1044 0.0326 0.3821 0.0055
149 0.6035 0.3083 0.0437 0.0404 0.0037
150 0.4275 0.0896 0.0255 0.4551 0.0024
151 0.3669 0.2157 0.0541 0.3557 0.0077
152 0.5786 0.2954 0.0254 0.0967 0.0037
153 0.1869 0.2085 0.3179 0.2554 0.0312
154 0.2725 0.1307 0.0694 0.5049 0.0224
155 0.0880 0.1439 0.2094 0.5264 0.0323
156 0.2598 0.4316 0.2056 0.0956 0.0074
157 0.1709 0.0568 0.0759 0.6865 0.0099
158 0.1428 0.6450 0.1520 0.0551 0.0051
159 0.1924 0.2321 0.3123 0.1807 0.0827
160 0.1393 0.1438 0.4360 0.1438 0.1372
161 0.0888 0.1659 0.5273 0.0714 0.1465
162 0.0977 0.1008 0.4590 0.2418 0.1008
163 0.0495 0.0656 0.7046 0.1500 0.0302
164 0.1890 0.1183 0.3757 0.2075 0.1094
165 0.1459 0.2312 0.2206 0.3608 0.0414
166 0.1663 0.1914 0.2135 0.3989 0.0298
167 0.3069 0.1094 0.3818 0.1643 0.0375
168 0.1204 0.1710 0.4402 0.1893 0.0789
169 0.2162 0.3794 0.2046 0.1632 0.0367
170 0.2742 0.0532 0.2576 0.3748 0.0401
171 0.1042 0.2422 0.4121 0.1665 0.0750
172 0.4143 0.2915 0.0379 0.2512 0.0049
173 0.1260 0.4790 0.2861 0.0604 0.0486
174 0.0727 0.3389 0.3496 0.1814 0.0575
175 0.1515 0.0540 0.5288 0.1564 0.1091
176 0.2207 0.0663 0.4673 0.1493 0.0964
177 0.1118 0.2622 0.1200 0.4709 0.0352
178 0.1243 0.1609 0.3950 0.2937 0.0261
179 0.1115 0.2803 0.4622 0.1432 0.0029
180 0.3418 0.0878 0.2277 0.3113 0.0316
181 0.0857 0.6284 0.1539 0.1190 0.0131
182 0.0300 0.1006 0.7852 0.0821 0.0022
183 0.2384 0.3721 0.2104 0.1677 0.0113
184 0.0876 0.1688 0.5366 0.1913 0.0158
185 0.0955 0.3132 0.2764 0.2595 0.0553
186 0.1003 0.3904 0.3784 0.0845 0.0463
187 0.0359 0.1356 0.1537 0.5283 0.1466
188 0.0481 0.2191 0.1844 0.2296 0.3188
189 0.0352 0.0369 0.1414 0.7178 0.0689
190 0.0818 0.2090 0.5420 0.1627 0.0046
191 0.1826 0.0773 0.5537 0.1716 0.0144
192 0.0737 0.1196 0.2654 0.5117 0.0298
193 0.1400 0.2101 0.4114 0.1854 0.0531
194 0.0492 0.0448 0.0876 0.6084 0.2102
195 0.0285 0.3315 0.3584 0.2141 0.0674
196 0.0475 0.3220 0.2249 0.2627 0.1429
197 0.0375 0.1019 0.3289 0.3445 0.1874
198 0.1552 0.2223 0.5166 0.0818 0.0240
199 0.1429 0.1619 0.2629 0.4136 0.0189
200 0.2305 0.3354 0.2434 0.1768 0.0140
201 0.0276 0.2478 0.5005 0.2153 0.0088
202 0.0269 0.2288 0.3079 0.3655 0.0709
203 0.1615 0.4458 0.2156 0.1666 0.0103
204 0.1085 0.5176 0.2465 0.1164 0.0109
205 0.1879 0.1938 0.2527 0.3196 0.0460
206 0.1127 0.0477 0.1425 0.5547 0.1425
207 0.1324 0.0660 0.2781 0.4241 0.0992
208 0.1899 0.1379 0.2119 0.4280 0.0323
209 0.0831 0.1144 0.1692 0.5635 0.0699
210 0.2710 0.1764 0.1037 0.3218 0.1271
211 0.1638 0.1401 0.1074 0.2966 0.2920
212 0.0788 0.5220 0.3318 0.0497 0.0177
213 0.2122 0.1678 0.2480 0.3086 0.0632
214 0.1600 0.3577 0.2402 0.1842 0.0580
215 0.1049 0.4053 0.2458 0.1827 0.0612
216 0.2037 0.2830 0.2496 0.2310 0.0327
