time exciting_prob fearful_prob tense_prob sad_prob relaxing_prob
0 0.2037 0.2830 0.2496 0.2310 0.0327
1 0.0774 0.0402 0.0212 0.1153 0.7461
2 0.4375 0.0293 0.0117 0.0298 0.4917
3 0.6831 0.0124 0.0136 0.0232 0.2676
4 0.7280 0.0127 0.0109 0.0211 0.2273
5 0.1159 0.0875 0.1141 0.1293 0.5532
6 0.3013 0.1017 0.0523 0.1066 0.4382
7 0.2605 0.1250 0.0859 0.0339 0.4946
8 0.2366 0.0263 0.0294 0.1664 0.5415
9 0.1553 0.1459 0.0512 0.1349 0.5127
10 0.1526 0.0476 0.0414 0.1008 0.6577
11 0.3845 0.0740 0.0545 0.1448 0.3420
12 0.0504 0.1059 0.1678 0.3904 0.2856
13 0.1874 0.1774 0.2664 0.1802 0.1888
14 0.0938 0.0254 0.1354 0.0526 0.6929
15 0.0677 0.0693 0.5332 0.1368 0.1930
16 0.1610 0.0472 0.1142 0.2004 0.4771
17 0.2358 0.1499 0.0601 0.0923 0.4617
18 0.2261 0.0800 0.1775 0.1229 0.3936
19 0.1665 0.0668 0.3364 0.1381 0.2922
20 0.1730 0.0811 0.0817 0.2920 0.3721
21 0.0994 0.1414 0.0825 0.2206 0.4563
22 0.1584 0.0606 0.0645 0.4272 0.2891
23 0.1926 0.1244 0.0385 0.2983 0.3462
24 0.1573 0.1024 0.0359 0.1421 0.5620
25 0.1372 0.0586 0.2771 0.2227 0.3044
26 0.1320 0.0321 0.3044 0.2605 0.2708
27 0.0585 0.0366 0.3235 0.1459 0.4355
28 0.1093 0.0550 0.3340 0.1404 0.3613
29 0.1882 0.0561 0.0803 0.3862 0.2893
30 0.2255 0.1599 0.1869 0.2534 0.1742
31 0.0376 0.0624 0.3650 0.3271 0.2079
32 0.0782 0.0894 0.3245 0.2079 0.3000
33 0.0509 0.0839 0.5776 0.2061 0.0813
34 0.1434 0.0652 0.0469 0.1588 0.5854
35 0.2188 0.0891 0.0688 0.1915 0.4316
36 0.1144 0.0289 0.0462 0.1153 0.6953
37 0.1241 0.0887 0.2886 0.1864 0.3120
38 0.1023 0.0437 0.4109 0.1304 0.3127
39 0.1350 0.0460 0.0425 0.0852 0.6914
40 0.0711 0.0369 0.3752 0.2725 0.2443
41 0.1063 0.1293 0.0506 0.1344 0.5796
42 0.1576 0.0956 0.0617 0.0617 0.6235
43 0.0547 0.0413 0.4878 0.4043 0.0119
44 0.1523 0.0226 0.2551 0.5571 0.0128
45 0.4443 0.0322 0.3250 0.1881 0.0104
46 0.4060 0.0734 0.3042 0.2107 0.0057
47 0.1786 0.0627 0.6235 0.1328 0.0023
48 0.1427 0.0240 0.1890 0.4128 0.2316
49 0.1388 0.0289 0.2019 0.4958 0.1345
50 0.1377 0.0430 0.2200 0.4844 0.1151
51 0.2184 0.0257 0.1514 0.3130 0.2917
52 0.3008 0.0255 0.1958 0.2417 0.2362
53 0.0077 0.0883 0.1783 0.6030 0.1226
54 0.0513 0.1683 0.3374 0.3535 0.0894
55 0.2686 0.0770 0.4192 0.2075 0.0279
56 0.3594 0.0582 0.3794 0.1765 0.0266
57 0.4443 0.0420 0.1754 0.2983 0.0401
58 0.2251 0.0367 0.3328 0.3770 0.0284
59 0.2202 0.1099 0.4590 0.1624 0.0487
60 0.2983 0.0635 0.3486 0.1572 0.1323
61 0.1219 0.0366 0.2107 0.4531 0.1775
62 0.0425 0.0793 0.2561 0.2522 0.3699
63 0.1783 0.1943 0.1675 0.1611 0.2986
64 0.2390 0.1790 0.0595 0.1694 0.3533
65 0.1392 0.1163 0.0528 0.0584 0.6333
66 0.2064 0.0288 0.4302 0.2649 0.0696
67 0.1565 0.0331 0.6143 0.1788 0.0173
68 0.1913 0.0340 0.4773 0.2637 0.0338
69 0.2783 0.1648 0.0561 0.2455 0.2554
70 0.0245 0.1854 0.6475 0.1400 0.0028
71 0.0540 0.0566 0.7812 0.0940 0.0143
72 0.1667 0.0658 0.0217 0.0757 0.6699
73 0.2223 0.0831 0.0667 0.0864 0.5415
74 0.1109 0.1190 0.1516 0.4705 0.1481
75 0.0553 0.0646 0.1411 0.5083 0.2308
76 0.0752 0.1120 0.3069 0.3760 0.1299
77 0.0687 0.0119 0.1523 0.7617 0.0054
78 0.1677 0.0263 0.3184 0.4817 0.0060
79 0.1078 0.0403 0.2908 0.3943 0.1670
80 0.1003 0.0303 0.0711 0.1693 0.6289
81 0.0524 0.0884 0.1504 0.1588 0.5498
82 0.1289 0.1052 0.1791 0.2335 0.3533
83 0.0814 0.0691 0.1545 0.1764 0.5186
84 0.5181 0.0314 0.0609 0.3792 0.0103
85 0.1461 0.0076 0.0537 0.7896 0.0030
86 0.1951 0.0363 0.1094 0.6494 0.0096
87 0.1426 0.0184 0.2581 0.5728 0.0082
88 0.2810 0.0177 0.1731 0.5249 0.0034
89 0.2273 0.0182 0.5625 0.1914 0.0005
90 0.1879 0.0271 0.1849 0.5879 0.0122
91 0.2427 0.0921 0.1340 0.4226 0.1085
92 0.2888 0.0724 0.0241 0.0916 0.5229
93 0.2231 0.1046 0.0649 0.0195 0.5879
94 0.3582 0.0613 0.1627 0.3755 0.0424
95 0.4587 0.0731 0.1345 0.2915 0.0420
96 0.2810 0.0366 0.1327 0.5332 0.0166
97 0.2600 0.0220 0.0905 0.6235 0.0039
98 0.5518 0.0614 0.1029 0.2468 0.0370
99 0.0091 0.0220 0.1093 0.8081 0.0516
100 0.0881 0.0385 0.0802 0.1475 0.6455
101 0.0439 0.0861 0.3027 0.3223 0.2451
102 0.2454 0.0273 0.1355 0.5527 0.0388
103 0.3198 0.0267 0.1986 0.4407 0.0143
104 0.3281 0.1624 0.1675 0.1400 0.2020
105 0.2185 0.1326 0.0515 0.0693 0.5283
106 0.1051 0.0233 0.0844 0.7764 0.0108
107 0.1504 0.0229 0.1066 0.6953 0.0246
108 0.2722 0.0580 0.2700 0.3899 0.0101
109 0.2700 0.1016 0.1082 0.3928 0.1274
110 0.1688 0.2202 0.0726 0.0536 0.4849
111 0.2827 0.0148 0.3359 0.3206 0.0462
112 0.5361 0.0126 0.0969 0.1973 0.1572
113 0.3645 0.0364 0.4033 0.1416 0.0542
114 0.3462 0.0570 0.4048 0.0531 0.1388
115 0.2410 0.0242 0.3293 0.3533 0.0521
116 0.1573 0.0210 0.3279 0.4277 0.0661
117 0.5688 0.0268 0.1580 0.2142 0.0323
118 0.2131 0.0277 0.4878 0.2181 0.0530
119 0.2554 0.0322 0.3987 0.2456 0.0682
120 0.5059 0.0367 0.2076 0.1997 0.0501
121 0.5303 0.0260 0.1860 0.1935 0.0643
122 0.1166 0.0735 0.2798 0.4871 0.0432
123 0.0728 0.0301 0.2174 0.6592 0.0205
124 0.4089 0.0428 0.3870 0.1162 0.0452
125 0.5010 0.0431 0.2703 0.1392 0.0463
126 0.4573 0.0586 0.2448 0.1086 0.1310
127 0.0547 0.0397 0.5659 0.3149 0.0249
128 0.6201 0.0311 0.1061 0.1951 0.0478
129 0.6465 0.0137 0.0635 0.1881 0.0882
130 0.1006 0.0340 0.7153 0.1398 0.0105
131 0.0594 0.0392 0.8589 0.0341 0.0082
132 0.3196 0.0379 0.1343 0.4202 0.0881
133 0.0624 0.0644 0.6924 0.1697 0.0110
134 0.2249 0.0311 0.6016 0.1037 0.0388
135 0.1564 0.2944 0.3994 0.1306 0.0191
136 0.0851 0.1505 0.2812 0.4563 0.0270
137 0.2939 0.0098 0.1561 0.5239 0.0159
138 0.3206 0.0287 0.1975 0.4451 0.0083
139 0.2832 0.0276 0.2832 0.3872 0.0188
140 0.2776 0.1078 0.3347 0.2690 0.0108
141 0.3259 0.0411 0.0612 0.5044 0.0673
142 0.5308 0.0782 0.1569 0.1984 0.0358
143 0.2373 0.0149 0.3479 0.3071 0.0929
144 0.6860 0.0445 0.2092 0.0449 0.0155
145 0.3223 0.0097 0.3433 0.2800 0.0446
146 0.3877 0.0123 0.3042 0.2542 0.0415
147 0.2832 0.0149 0.5049 0.1731 0.0242
148 0.3425 0.0443 0.1428 0.3975 0.0729
149 0.5859 0.0194 0.1307 0.2009 0.0627
150 0.0853 0.0397 0.1406 0.6709 0.0634
151 0.0975 0.0649 0.3621 0.3794 0.0959
152 0.5469 0.0214 0.1847 0.1981 0.0489
153 0.5396 0.0356 0.1908 0.1509 0.0834
154 0.6128 0.0149 0.1840 0.1389 0.0495
155 0.2678 0.0142 0.3083 0.3835 0.0261
156 0.1885 0.0101 0.4053 0.3748 0.0211
157 0.1665 0.0140 0.5547 0.2539 0.0112
158 0.5054 0.0117 0.1816 0.1859 0.1154
159 0.4199 0.0228 0.3882 0.0908 0.0782
160 0.4839 0.1097 0.2800 0.1114 0.0148
161 0.1371 0.0054 0.1307 0.7183 0.0086
162 0.0610 0.0329 0.8486 0.0464 0.0109
163 0.1288 0.0396 0.5596 0.2603 0.0121
164 0.2793 0.1201 0.3530 0.1748 0.0729
165 0.3828 0.0307 0.2759 0.2651 0.0454
166 0.4141 0.0302 0.2217 0.2234 0.1106
167 0.2988 0.0261 0.2595 0.3604 0.0553
168 0.3574 0.0737 0.2698 0.2380 0.0611
169 0.1748 0.0845 0.3643 0.3315 0.0449
170 0.2224 0.0739 0.2295 0.4424 0.0318
171 0.4163 0.0336 0.1484 0.3789 0.0229
172 0.5137 0.1044 0.1120 0.2043 0.0653
173 0.3896 0.0179 0.0970 0.4519 0.0437
174 0.4241 0.0195 0.1324 0.3860 0.0379
175 0.5132 0.0219 0.0728 0.2856 0.1067
176 0.5649 0.0582 0.2213 0.1222 0.0331
177 0.1758 0.0688 0.3083 0.4282 0.0188
178 0.1857 0.0739 0.4741 0.1504 0.1161
179 0.1774 0.1011 0.3967 0.1542 0.1707
180 0.1827 0.0421 0.5288 0.2274 0.0193
181 0.1232 0.0530 0.4470 0.3481 0.0288
182 0.5239 0.0398 0.0896 0.2871 0.0597
183 0.6650 0.0168 0.0950 0.1555 0.0679
184 0.1356 0.0792 0.5801 0.1599 0.0451
185 0.0760 0.0394 0.4727 0.3979 0.0138
186 0.1271 0.0753 0.3145 0.4795 0.0035
187 0.2820 0.0245 0.1738 0.4651 0.0547
188 0.3591 0.0353 0.1332 0.3647 0.1078
189 0.3596 0.0385 0.3247 0.1396 0.1376
190 0.2135 0.0823 0.1715 0.4451 0.0876
191 0.3882 0.0216 0.2507 0.2283 0.1113
192 0.2177 0.0533 0.3118 0.3879 0.0292
193 0.1379 0.0187 0.2788 0.5542 0.0104
194 0.2000 0.0376 0.3884 0.3706 0.0033
195 0.2360 0.0253 0.4548 0.2396 0.0443
196 0.1000 0.0220 0.5000 0.2052 0.1729
197 0.1017 0.0804 0.5586 0.1813 0.0780
198 0.1045 0.0908 0.5649 0.2283 0.0116
199 0.1009 0.0448 0.3748 0.4248 0.0548
200 0.0650 0.0457 0.3381 0.4919 0.0592
201 0.4448 0.0440 0.1455 0.3130 0.0527
202 0.5327 0.0343 0.2700 0.1010 0.0617
203 0.1074 0.0682 0.4519 0.3574 0.0150
204 0.1501 0.0440 0.4019 0.3958 0.0081
205 0.2040 0.0524 0.4597 0.2460 0.0380
206 0.2267 0.0759 0.1418 0.4912 0.0645
207 0.4297 0.0212 0.1581 0.2505 0.1405
208 0.2576 0.0202 0.5757 0.1216 0.0251
209 0.0936 0.1013 0.2976 0.4756 0.0321
210 0.0528 0.1257 0.5127 0.2578 0.0508
211 0.1152 0.0657 0.5947 0.2039 0.0207
212 0.1368 0.0365 0.1650 0.6475 0.0142
213 0.2737 0.0401 0.4695 0.1926 0.0241
214 0.3940 0.0418 0.1935 0.3450 0.0258
215 0.3328 0.0407 0.2305 0.3201 0.0760
216 0.0963 0.0298 0.2659 0.5898 0.0180
217 0.0322 0.0357 0.5449 0.3806 0.0064
218 0.0683 0.0188 0.5811 0.3259 0.0062
219 0.1306 0.0431 0.3440 0.4702 0.0122
220 0.3738 0.0790 0.3857 0.1534 0.0082
221 0.2517 0.0544 0.4814 0.1827 0.0298
222 0.6694 0.0381 0.2123 0.0529 0.0272
223 0.1284 0.0365 0.4622 0.3657 0.0072
224 0.0999 0.0208 0.3274 0.5483 0.0038
225 0.1161 0.0641 0.2256 0.5762 0.0181
226 0.0900 0.0958 0.5596 0.1846 0.0701
227 0.0539 0.0621 0.6675 0.1942 0.0223
228 0.3699 0.0336 0.1517 0.3936 0.0512
229 0.3237 0.0500 0.2500 0.2993 0.0769
230 0.4519 0.0389 0.3206 0.1255 0.0631
231 0.1248 0.0261 0.1815 0.6045 0.0632
232 0.1115 0.0841 0.3149 0.4766 0.0127
233 0.3887 0.0587 0.2048 0.3274 0.0204
234 0.0644 0.0937 0.6978 0.1251 0.0190
235 0.0457 0.0239 0.7256 0.2015 0.0033
236 0.0680 0.0518 0.7544 0.1251 0.0007
237 0.3784 0.0474 0.3289 0.2368 0.0086
238 0.0420 0.0522 0.4241 0.0835 0.3982
239 0.1002 0.0480 0.4351 0.3184 0.0986
240 0.3396 0.1249 0.4226 0.0712 0.0418
241 0.1681 0.0445 0.3318 0.4463 0.0094
242 0.6270 0.0133 0.0646 0.2456 0.0495
243 0.0874 0.0697 0.4800 0.3149 0.0479
244 0.0889 0.0822 0.7100 0.0917 0.0273
245 0.1322 0.3706 0.3271 0.1385 0.0314
246 0.2905 0.1340 0.2354 0.0449 0.2952
247 0.1753 0.0239 0.1006 0.6929 0.0072
248 0.3708 0.0123 0.0660 0.5396 0.0112
249 0.4448 0.0131 0.2476 0.2678 0.0267
250 0.4170 0.0133 0.2471 0.2957 0.0271
251 0.4758 0.0342 0.1544 0.2411 0.0944
252 0.2612 0.1024 0.1537 0.3687 0.1142
253 0.6602 0.0674 0.2546 0.0147 0.0029
254 0.8154 0.0288 0.1231 0.0292 0.0036
255 0.8154 0.0288 0.1231 0.0292 0.0036
256 0.2037 0.2830 0.2496 0.2310 0.0327
