time exciting_prob fearful_prob tense_prob sad_prob relaxing_prob
0 0.2037 0.2830 0.2496 0.2310 0.0327
1 0.2037 0.2830 0.2496 0.2310 0.0327
2 0.0379 0.2319 0.6304 0.0853 0.0144
3 0.0495 0.2474 0.6621 0.0351 0.0058
4 0.1635 0.3149 0.4548 0.0454 0.0213
5 0.2135 0.2220 0.2037 0.3333 0.0274
6 0.2343 0.3103 0.2184 0.0518 0.1853
7 0.1412 0.5459 0.1731 0.1190 0.0208
8 0.1874 0.4529 0.1267 0.2173 0.0156
9 0.1322 0.4990 0.2000 0.1620 0.0069
10 0.2051 0.2115 0.2183 0.3599 0.0053
11 0.1622 0.3772 0.4048 0.0407 0.0152
12 0.0511 0.3132 0.5942 0.0330 0.0083
13 0.0656 0.4658 0.3743 0.0803 0.0138
14 0.0668 0.4529 0.3755 0.0899 0.0150
15 0.0598 0.3257 0.4888 0.1198 0.0059
16 0.0978 0.3386 0.3037 0.2310 0.0289
17 0.0576 0.0769 0.1119 0.2522 0.5015
18 0.0778 0.1477 0.1273 0.1477 0.4995
19 0.1316 0.3035 0.3494 0.0993 0.1161
20 0.1434 0.2744 0.3416 0.1100 0.1306
21 0.0482 0.2607 0.2374 0.1290 0.3245
22 0.0535 0.3301 0.2065 0.1609 0.2491
23 0.1501 0.4050 0.2964 0.0933 0.0552
24 0.0293 0.0880 0.0853 0.2145 0.5830
25 0.0736 0.2250 0.1464 0.0522 0.5029
26 0.2939 0.3384 0.1688 0.0810 0.1179
27 0.0333 0.0933 0.0993 0.7339 0.0401
28 0.4067 0.1593 0.2839 0.1462 0.0036
29 0.5020 0.1260 0.1721 0.1965 0.0035
30 0.1187 0.6724 0.0487 0.1107 0.0495
31 0.1715 0.4663 0.0383 0.3057 0.0182
32 0.3796 0.2888 0.1055 0.1344 0.0916
33 0.5879 0.2957 0.0163 0.0730 0.0273
34 0.1488 0.4514 0.2067 0.1244 0.0687
35 0.5483 0.2164 0.0742 0.1313 0.0295
36 0.2986 0.3081 0.1324 0.1727 0.0883
37 0.0814 0.0997 0.3372 0.4465 0.0352
38 0.0121 0.1929 0.1305 0.6626 0.0016
39 0.2754 0.3269 0.2336 0.0493 0.1147
40 0.3000 0.3618 0.2111 0.0600 0.0670
41 0.2375 0.4990 0.0345 0.2214 0.0073
42 0.4565 0.3018 0.1238 0.0580 0.0599
43 0.0823 0.7935 0.0274 0.0876 0.0091
44 0.5835 0.2957 0.0406 0.0697 0.0104
45 0.1633 0.1440 0.4651 0.1836 0.0439
46 0.4219 0.3210 0.0455 0.1992 0.0124
47 0.2734 0.2888 0.2080 0.1407 0.0888
48 0.2715 0.3123 0.1407 0.0815 0.1940
49 0.1786 0.3579 0.2039 0.0652 0.1946
50 0.2286 0.6826 0.0298 0.0543 0.0047
51 0.1931 0.2087 0.1515 0.1827 0.2639
52 0.0364 0.4502 0.3850 0.1240 0.0042
53 0.1268 0.7471 0.0845 0.0387 0.0032
54 0.1682 0.4033 0.1394 0.0537 0.2354
55 0.1362 0.4260 0.2524 0.1605 0.0248
56 0.3462 0.3489 0.1235 0.0797 0.1016
57 0.1125 0.6787 0.0282 0.1757 0.0047
58 0.0277 0.8540 0.0839 0.0318 0.0026
59 0.2382 0.5850 0.0940 0.0743 0.0086
60 0.3691 0.5166 0.0444 0.0441 0.0261
61 0.0358 0.4536 0.2708 0.1981 0.0415
62 0.1177 0.6934 0.0587 0.1272 0.0030
63 0.2157 0.5596 0.0957 0.1155 0.0135
64 0.3276 0.5112 0.0565 0.0828 0.0219
65 0.1494 0.7529 0.0425 0.0516 0.0036
66 0.2966 0.3083 0.0469 0.3413 0.0069
67 0.4712 0.4126 0.0858 0.0148 0.0156
68 0.1027 0.5635 0.2747 0.0554 0.0035
69 0.0413 0.5742 0.3071 0.0753 0.0022
70 0.2510 0.6362 0.0888 0.0122 0.0117
71 0.1835 0.3884 0.3481 0.0742 0.0056
72 0.2930 0.3218 0.2467 0.1183 0.0204
73 0.0192 0.1356 0.2915 0.5449 0.0089
74 0.2561 0.5508 0.0545 0.1360 0.0026
75 0.2534 0.5532 0.1215 0.0483 0.0236
76 0.2367 0.4421 0.0905 0.2240 0.0067
77 0.1331 0.6914 0.0735 0.0981 0.0038
78 0.2803 0.2271 0.2117 0.2593 0.0216
79 0.2886 0.1656 0.2954 0.2411 0.0093
80 0.0756 0.0804 0.2291 0.6128 0.0020
81 0.1503 0.3181 0.2722 0.2556 0.0038
82 0.0732 0.2102 0.3059 0.3989 0.0116
83 0.2625 0.6104 0.0690 0.0396 0.0187
84 0.0923 0.4614 0.1909 0.2510 0.0044
85 0.0612 0.2308 0.3989 0.3059 0.0032
86 0.0439 0.1981 0.6294 0.1221 0.0064
87 0.0871 0.3340 0.3555 0.2073 0.0162
88 0.1092 0.1772 0.2206 0.4744 0.0187
89 0.2712 0.2979 0.1724 0.2247 0.0339
90 0.0713 0.3823 0.2932 0.2111 0.0422
91 0.1028 0.1405 0.5737 0.1776 0.0055
92 0.2072 0.2422 0.2876 0.2578 0.0052
93 0.1185 0.4072 0.2471 0.2214 0.0056
94 0.1411 0.5205 0.0346 0.3013 0.0026
95 0.2061 0.6602 0.0358 0.0900 0.0079
96 0.1204 0.2163 0.2490 0.3979 0.0163
97 0.2188 0.6040 0.0366 0.1338 0.0068
98 0.3667 0.2810 0.0516 0.2900 0.0106
99 0.0782 0.5259 0.2524 0.1416 0.0019
100 0.1292 0.1685 0.3403 0.3298 0.0324
101 0.0417 0.3748 0.1664 0.4053 0.0119
102 0.1865 0.6665 0.1088 0.0230 0.0150
103 0.2155 0.5767 0.1886 0.0135 0.0060
104 0.1210 0.4636 0.3726 0.0285 0.0142
105 0.2876 0.3308 0.2659 0.1002 0.0156
106 0.1659 0.2032 0.2734 0.3513 0.0060
107 0.1123 0.6567 0.0420 0.1740 0.0152
108 0.1163 0.1802 0.3113 0.2878 0.1042
109 0.0710 0.4492 0.1504 0.3210 0.0084
110 0.1454 0.3486 0.0742 0.3711 0.0606
111 0.2649 0.4873 0.0334 0.1953 0.0190
112 0.1610 0.6836 0.0330 0.1024 0.0202
113 0.0255 0.8130 0.0408 0.1190 0.0016
114 0.1637 0.3574 0.1826 0.2698 0.0265
115 0.0681 0.4475 0.1956 0.2844 0.0042
116 0.1790 0.5869 0.0746 0.1438 0.0156
117 0.0668 0.4324 0.4062 0.0763 0.0183
118 0.5513 0.2646 0.0432 0.1103 0.0304
119 0.2957 0.2064 0.2413 0.2233 0.0332
120 0.1105 0.1105 0.2651 0.4727 0.0413
121 0.0481 0.2944 0.4856 0.1436 0.0285
122 0.2505 0.5513 0.0419 0.1405 0.0156
123 0.1763 0.6201 0.0422 0.1405 0.0211
124 0.0300 0.0856 0.3281 0.5493 0.0068
125 0.0986 0.5371 0.1962 0.1412 0.0267
126 0.2443 0.5054 0.0739 0.1653 0.0113
127 0.1343 0.5435 0.1006 0.1908 0.0307
128 0.0865 0.8276 0.0406 0.0372 0.0079
129 0.1100 0.7520 0.0745 0.0532 0.0102
130 0.0588 0.8379 0.0371 0.0544 0.0119
131 0.1295 0.5942 0.0368 0.2238 0.0157
132 0.2190 0.6094 0.0316 0.1298 0.0102
133 0.6372 0.1152 0.0215 0.2135 0.0125
134 0.0275 0.8906 0.0245 0.0518 0.0055
135 0.1982 0.4985 0.1473 0.1290 0.0268
136 0.3657 0.4209 0.0715 0.1335 0.0083
137 0.0777 0.7910 0.0747 0.0534 0.0032
138 0.0328 0.8594 0.0831 0.0196 0.0050
139 0.1561 0.1356 0.4277 0.2344 0.0461
140 0.6182 0.1126 0.1327 0.1296 0.0069
141 0.1616 0.4062 0.0428 0.3877 0.0016
142 0.3281 0.3059 0.3010 0.0553 0.0098
143 0.0929 0.6450 0.1952 0.0654 0.0017
144 0.2098 0.4766 0.2115 0.0976 0.0044
145 0.0378 0.9092 0.0334 0.0160 0.0039
146 0.1526 0.7168 0.0651 0.0636 0.0018
147 0.0421 0.7759 0.0694 0.1109 0.0016
148 0.3777 0.3232 0.1295 0.1469 0.0227
149 0.5229 0.1671 0.0450 0.2413 0.0235
150 0.0459 0.8589 0.0434 0.0481 0.0036
151 0.0862 0.6079 0.0487 0.2494 0.0080
152 0.2386 0.5015 0.0613 0.0885 0.1101
153 0.2700 0.4927 0.0721 0.0282 0.1368
154 0.1131 0.7202 0.0258 0.0416 0.0991
155 0.0496 0.8125 0.0544 0.0236 0.0598
156 0.1326 0.1057 0.1490 0.3958 0.2169
157 0.1897 0.3127 0.1410 0.0414 0.3152
158 0.0756 0.1065 0.4084 0.4021 0.0075
159 0.5693 0.2162 0.0937 0.0201 0.1005
160 0.1089 0.7158 0.0895 0.0440 0.0420
161 0.1085 0.4937 0.3555 0.0384 0.0039
162 0.1230 0.4363 0.0279 0.4036 0.0093
163 0.0726 0.1056 0.0855 0.0370 0.6992
164 0.0750 0.8057 0.0424 0.0216 0.0553
165 0.0958 0.7188 0.0775 0.0352 0.0728
166 0.3098 0.3147 0.0998 0.0288 0.2469
167 0.0688 0.7568 0.0767 0.0947 0.0031
168 0.1660 0.6216 0.0370 0.1334 0.0417
169 0.1862 0.2688 0.0460 0.4905 0.0084
170 0.1462 0.6401 0.1582 0.0391 0.0162
171 0.6743 0.1627 0.0536 0.1002 0.0090
172 0.2161 0.3000 0.0887 0.2546 0.1406
173 0.2007 0.5371 0.0330 0.0677 0.1613
174 0.1768 0.6826 0.0778 0.0510 0.0117
175 0.1389 0.6680 0.0947 0.0876 0.0107
176 0.2964 0.5942 0.0243 0.0562 0.0289
177 0.2369 0.4602 0.0529 0.2261 0.0238
178 0.1026 0.7178 0.0504 0.0623 0.0668
179 0.0402 0.7954 0.0628 0.0995 0.0021
180 0.1171 0.2404 0.2189 0.4153 0.0083
181 0.2146 0.4688 0.1213 0.1895 0.0058
182 0.3066 0.6147 0.0231 0.0435 0.0118
183 0.0642 0.8394 0.0608 0.0333 0.0021
184 0.0298 0.7324 0.0560 0.1794 0.0022
185 0.1715 0.1663 0.2515 0.3518 0.0588
186 0.2323 0.5361 0.0772 0.0760 0.0784
187 0.2903 0.3450 0.1268 0.0489 0.1890
188 0.4712 0.3528 0.0580 0.0638 0.0541
189 0.2069 0.6523 0.0404 0.0407 0.0593
190 0.1313 0.7271 0.0315 0.0743 0.0356
191 0.3311 0.4351 0.0608 0.1227 0.0504
192 0.3159 0.4854 0.0905 0.0232 0.0850
193 0.1043 0.7529 0.0459 0.0751 0.0217
194 0.0836 0.8579 0.0374 0.0119 0.0095
195 0.2089 0.6484 0.0745 0.0196 0.0488
196 0.1116 0.6079 0.1324 0.1421 0.0061
197 0.1545 0.5312 0.0909 0.2129 0.0105
198 0.3423 0.4160 0.0872 0.1221 0.0323
199 0.0471 0.8086 0.1020 0.0288 0.0135
200 0.0908 0.7310 0.0894 0.0432 0.0457
201 0.1067 0.7881 0.0504 0.0380 0.0167
202 0.4482 0.3572 0.0889 0.0760 0.0296
203 0.5303 0.3506 0.0204 0.0517 0.0471
204 0.2129 0.5396 0.1710 0.0086 0.0681
205 0.1957 0.3303 0.2961 0.0243 0.1536
206 0.2219 0.2615 0.1729 0.1826 0.1611
207 0.0536 0.6523 0.1467 0.1467 0.0006
208 0.3159 0.5718 0.0448 0.0481 0.0193
209 0.5161 0.2742 0.0349 0.0955 0.0792
210 0.0690 0.1877 0.3398 0.3562 0.0471
211 0.0443 0.2842 0.3220 0.3296 0.0201
212 0.4348 0.3308 0.1017 0.1001 0.0327
213 0.3008 0.3862 0.1254 0.1455 0.0420
214 0.0839 0.5098 0.2335 0.1438 0.0288
215 0.2230 0.6108 0.0281 0.1104 0.0275
216 0.6172 0.1537 0.0836 0.1432 0.0023
217 0.4138 0.2113 0.3027 0.0670 0.0052
218 0.0425 0.5596 0.1137 0.2316 0.0525
219 0.0489 0.5903 0.1719 0.1381 0.0508
220 0.1182 0.5957 0.1694 0.0402 0.0764
221 0.0537 0.6968 0.1655 0.0428 0.0409
222 0.0784 0.0714 0.5791 0.2064 0.0649
223 0.1443 0.5034 0.1687 0.1796 0.0040
224 0.2498 0.2346 0.2988 0.1855 0.0312
225 0.0260 0.4404 0.1140 0.1646 0.2549
226 0.2214 0.5835 0.0945 0.0312 0.0696
227 0.1646 0.6016 0.1582 0.0288 0.0468
228 0.0407 0.7217 0.0692 0.1661 0.0025
229 0.6152 0.1682 0.0674 0.1461 0.0027
230 0.1884 0.5850 0.1099 0.0223 0.0947
231 0.1693 0.4531 0.2444 0.0141 0.1191
232 0.1234 0.4958 0.1141 0.2494 0.0172
233 0.2783 0.5981 0.0181 0.0977 0.0078
234 0.1378 0.7393 0.0849 0.0143 0.0238
235 0.1477 0.6992 0.1072 0.0120 0.0338
236 0.1879 0.7090 0.0718 0.0061 0.0252
237 0.2380 0.5161 0.0427 0.1884 0.0149
238 0.0941 0.4316 0.2087 0.1677 0.0978
239 0.0464 0.2247 0.4365 0.0846 0.2078
240 0.2277 0.7178 0.0240 0.0204 0.0101
241 0.2186 0.6084 0.0377 0.1227 0.0125
242 0.1404 0.7075 0.0638 0.0787 0.0097
243 0.2047 0.2842 0.2468 0.2319 0.0324
