time exciting_prob fearful_prob tense_prob sad_prob relaxing_prob
0 0.2037 0.2830 0.2496 0.2310 0.0327
1 0.1608 0.0681 0.1252 0.5977 0.0483
2 0.0779 0.0646 0.5322 0.3179 0.0074
3 0.2795 0.0908 0.4006 0.2144 0.0147
4 0.1515 0.0693 0.3750 0.3257 0.0786
5 0.2695 0.0307 0.1584 0.5195 0.0219
6 0.1362 0.0624 0.2668 0.5063 0.0283
7 0.1901 0.0480 0.2328 0.4351 0.0941
8 0.7319 0.0300 0.1063 0.0359 0.0960
9 0.6270 0.0303 0.2271 0.0407 0.0749
10 0.7119 0.0402 0.1359 0.0558 0.0562
11 0.4209 0.3306 0.1942 0.0081 0.0461
12 0.3818 0.4292 0.1155 0.0071 0.0663
13 0.4143 0.3801 0.1488 0.0158 0.0410
14 0.4832 0.0581 0.3169 0.1270 0.0149
15 0.6245 0.0559 0.1667 0.1259 0.0268
16 0.2383 0.0575 0.5806 0.0484 0.0750
17 0.1482 0.1844 0.5337 0.0913 0.0424
18 0.1577 0.1414 0.3040 0.2600 0.1370
19 0.7031 0.0573 0.1521 0.0610 0.0264
20 0.7173 0.0320 0.0891 0.1135 0.0481
21 0.4119 0.0145 0.0646 0.2744 0.2346
22 0.4419 0.0167 0.0632 0.2223 0.2559
23 0.4963 0.0158 0.0588 0.2053 0.2238
24 0.4753 0.0215 0.0643 0.1804 0.2583
25 0.4358 0.0196 0.0751 0.3394 0.1299
26 0.1953 0.3538 0.2979 0.0759 0.0771
27 0.2133 0.5239 0.1525 0.0574 0.0531
28 0.3198 0.0748 0.4170 0.1487 0.0397
29 0.4277 0.0499 0.2289 0.2399 0.0535
30 0.3428 0.0486 0.3323 0.2283 0.0482
31 0.2678 0.3386 0.3333 0.0462 0.0140
32 0.1440 0.4299 0.3401 0.0707 0.0153
33 0.1792 0.2820 0.4873 0.0443 0.0072
34 0.2235 0.1661 0.3628 0.2271 0.0205
35 0.1625 0.1082 0.4148 0.3035 0.0111
36 0.3127 0.1263 0.3657 0.1610 0.0343
37 0.3784 0.1425 0.3186 0.0489 0.1118
38 0.2998 0.0974 0.2861 0.1202 0.1967
39 0.3518 0.1188 0.3105 0.1284 0.0904
40 0.1696 0.0634 0.1832 0.5732 0.0105
41 0.4333 0.1683 0.1570 0.1908 0.0506
42 0.4551 0.1622 0.2201 0.1056 0.0570
43 0.3975 0.1581 0.2627 0.1070 0.0747
44 0.1892 0.0696 0.3120 0.3823 0.0468
45 0.4304 0.2935 0.2198 0.0097 0.0464
46 0.5039 0.0630 0.1742 0.2456 0.0132
47 0.1095 0.0526 0.3425 0.4756 0.0196
48 0.0454 0.3433 0.5928 0.0094 0.0091
49 0.5249 0.2155 0.1887 0.0431 0.0276
50 0.3135 0.3362 0.2275 0.0488 0.0739
51 0.1769 0.1572 0.5488 0.0651 0.0519
52 0.2917 0.4082 0.1274 0.0709 0.1016
53 0.0482 0.1792 0.7031 0.0329 0.0367
54 0.0484 0.2401 0.6680 0.0346 0.0088
55 0.2671 0.1343 0.1821 0.1185 0.2979
56 0.1823 0.2671 0.0771 0.2377 0.2358
57 0.1985 0.4800 0.3003 0.0073 0.0138
58 0.1097 0.2148 0.1454 0.3201 0.2100
59 0.1362 0.0776 0.5781 0.1862 0.0219
60 0.4629 0.1337 0.1285 0.2383 0.0365
61 0.0959 0.0639 0.5967 0.1968 0.0468
62 0.3423 0.2228 0.2177 0.1052 0.1120
63 0.1354 0.3323 0.5146 0.0096 0.0079
64 0.3862 0.1624 0.1882 0.1769 0.0862
65 0.2791 0.3066 0.2058 0.1566 0.0520
66 0.1251 0.2910 0.4722 0.0582 0.0534
67 0.0878 0.3525 0.4819 0.0424 0.0355
68 0.2164 0.0645 0.1583 0.5234 0.0373
69 0.0551 0.3401 0.3945 0.0783 0.1321
70 0.0714 0.1768 0.3953 0.2434 0.1132
71 0.1230 0.0893 0.4163 0.3044 0.0669
72 0.2297 0.2334 0.4429 0.0712 0.0229
73 0.3081 0.1024 0.1198 0.0178 0.4519
74 0.3220 0.2129 0.2000 0.0258 0.2394
75 0.1825 0.2307 0.2676 0.0515 0.2676
76 0.2388 0.3367 0.2026 0.1530 0.0690
77 0.1741 0.4016 0.2695 0.1000 0.0548
78 0.1857 0.0750 0.5854 0.1066 0.0470
79 0.0936 0.0478 0.7417 0.0387 0.0782
80 0.0973 0.1790 0.6147 0.0452 0.0638
81 0.1534 0.0888 0.4954 0.2340 0.0284
82 0.2030 0.0446 0.3914 0.2300 0.1311
83 0.4053 0.0651 0.3867 0.1276 0.0155
84 0.1528 0.1288 0.1602 0.3286 0.2295
85 0.2344 0.3130 0.2101 0.1840 0.0588
86 0.1351 0.0418 0.1580 0.5342 0.1310
87 0.0720 0.0480 0.5239 0.2593 0.0969
88 0.1342 0.0951 0.5918 0.1569 0.0221
89 0.1722 0.2468 0.5063 0.0126 0.0619
90 0.0944 0.0460 0.6060 0.2229 0.0306
91 0.2703 0.4600 0.1829 0.0435 0.0435
92 0.2152 0.2678 0.4314 0.0130 0.0726
93 0.0771 0.2063 0.5352 0.1140 0.0675
94 0.2274 0.4487 0.1758 0.0978 0.0504
95 0.3103 0.2593 0.0910 0.2893 0.0503
96 0.2695 0.1648 0.0910 0.3892 0.0855
97 0.1814 0.0612 0.5723 0.0662 0.1190
98 0.2556 0.0626 0.4812 0.0305 0.1702
99 0.0928 0.0439 0.4097 0.4431 0.0106
100 0.1272 0.0640 0.6460 0.0945 0.0681
101 0.0862 0.3955 0.3545 0.0917 0.0720
102 0.2458 0.2421 0.4053 0.0948 0.0120
103 0.2773 0.1212 0.4946 0.0922 0.0147
104 0.0828 0.2358 0.2844 0.2471 0.1499
105 0.2355 0.3562 0.1029 0.0446 0.2607
106 0.0653 0.3369 0.5342 0.0051 0.0585
107 0.1144 0.2041 0.5254 0.0105 0.1459
108 0.1567 0.2354 0.3818 0.0788 0.1472
109 0.0919 0.3308 0.4966 0.0726 0.0082
110 0.0955 0.3032 0.5322 0.0293 0.0395
111 0.1544 0.0966 0.4907 0.1520 0.1061
112 0.2896 0.0444 0.5493 0.0940 0.0229
113 0.3096 0.1619 0.1998 0.2795 0.0493
114 0.0963 0.2137 0.2722 0.2104 0.2072
115 0.2023 0.2440 0.1066 0.3308 0.1161
116 0.2678 0.0185 0.3035 0.3438 0.0667
117 0.3171 0.0867 0.3220 0.2510 0.0231
118 0.2876 0.1772 0.2500 0.2500 0.0352
119 0.1324 0.0816 0.3105 0.4312 0.0444
120 0.1060 0.0757 0.4751 0.2837 0.0595
121 0.1732 0.1248 0.2057 0.4563 0.0399
122 0.2322 0.0317 0.1672 0.5234 0.0457
123 0.0589 0.0705 0.0398 0.0492 0.7817
124 0.0623 0.0177 0.0313 0.1182 0.7705
125 0.0770 0.0353 0.0364 0.0974 0.7539
126 0.3904 0.1190 0.2812 0.1093 0.1002
127 0.3015 0.1338 0.3262 0.1436 0.0949
128 0.3621 0.1820 0.0873 0.2030 0.1656
129 0.2844 0.1487 0.1132 0.3379 0.1158
130 0.1832 0.1211 0.0266 0.0297 0.6396
131 0.1241 0.2112 0.1021 0.0479 0.5146
132 0.0855 0.0992 0.0354 0.0351 0.7446
133 0.1761 0.1259 0.0336 0.0638 0.6006
134 0.2690 0.2566 0.3706 0.0534 0.0505
135 0.1455 0.0969 0.1884 0.0612 0.5078
136 0.2515 0.1197 0.1335 0.4771 0.0182
137 0.3550 0.1276 0.1626 0.3159 0.0389
138 0.4292 0.1566 0.2881 0.0663 0.0599
139 0.5786 0.1440 0.1148 0.0765 0.0860
140 0.0768 0.1025 0.0617 0.7119 0.0473
141 0.3110 0.1144 0.2744 0.1886 0.1118
142 0.1135 0.0515 0.1704 0.6230 0.0414
143 0.3179 0.1586 0.2849 0.1444 0.0940
144 0.0492 0.6323 0.2764 0.0253 0.0168
145 0.1200 0.1084 0.1746 0.5376 0.0594
146 0.1609 0.1560 0.2532 0.3831 0.0468
147 0.3047 0.2063 0.3706 0.0629 0.0555
148 0.5859 0.1075 0.1639 0.0688 0.0739
149 0.3362 0.2239 0.2346 0.1423 0.0632
150 0.2399 0.1973 0.4243 0.0726 0.0661
151 0.1880 0.1836 0.3484 0.1940 0.0861
152 0.2238 0.3867 0.3257 0.0341 0.0298
153 0.3606 0.2460 0.2639 0.0424 0.0870
154 0.2214 0.2032 0.4761 0.0736 0.0256
155 0.1880 0.1511 0.4172 0.1224 0.1214
156 0.3450 0.0331 0.4429 0.1230 0.0563
157 0.1096 0.4133 0.2842 0.1029 0.0901
158 0.1526 0.2255 0.4146 0.1715 0.0359
159 0.0293 0.3376 0.4761 0.0654 0.0916
160 0.0821 0.0867 0.6406 0.0821 0.1087
161 0.0241 0.3657 0.4412 0.0565 0.1124
162 0.1941 0.0506 0.3684 0.1089 0.2781
163 0.0522 0.5889 0.2612 0.0547 0.0430
164 0.2289 0.0535 0.4277 0.1197 0.1702
165 0.1321 0.2162 0.5063 0.1070 0.0381
166 0.1559 0.2114 0.3486 0.1809 0.1031
167 0.0304 0.2048 0.6211 0.0506 0.0930
168 0.1562 0.2966 0.4248 0.0876 0.0349
169 0.2834 0.1787 0.4255 0.0781 0.0344
170 0.2957 0.1724 0.3765 0.1157 0.0397
171 0.3359 0.0434 0.4519 0.0786 0.0904
172 0.0655 0.6460 0.2113 0.0340 0.0433
173 0.3494 0.0317 0.2152 0.3718 0.0317
174 0.2815 0.0935 0.5508 0.0336 0.0405
175 0.1824 0.0748 0.6367 0.0539 0.0522
176 0.1703 0.0148 0.4148 0.3440 0.0562
177 0.1650 0.1316 0.4282 0.1991 0.0762
178 0.1343 0.0279 0.1724 0.4333 0.2319
179 0.1239 0.0690 0.1788 0.3042 0.3240
180 0.0793 0.3137 0.5337 0.0306 0.0425
181 0.1421 0.0883 0.7446 0.0074 0.0177
182 0.0931 0.0265 0.0961 0.6118 0.1726
183 0.0714 0.0251 0.1252 0.6880 0.0903
184 0.1713 0.0822 0.3857 0.3406 0.0203
185 0.5239 0.1377 0.2805 0.0111 0.0469
186 0.0537 0.0369 0.7075 0.1350 0.0668
187 0.1229 0.1154 0.4189 0.1760 0.1666
188 0.1074 0.0779 0.5586 0.1841 0.0721
189 0.1602 0.2056 0.0756 0.4185 0.1401
190 0.2245 0.3091 0.0746 0.1211 0.2708
191 0.1262 0.4993 0.1365 0.1442 0.0938
192 0.0586 0.0403 0.2393 0.4541 0.2079
193 0.0763 0.0818 0.3237 0.1995 0.3186
194 0.0542 0.0221 0.0264 0.8350 0.0624
195 0.1509 0.1407 0.6255 0.0302 0.0526
196 0.1892 0.0765 0.6504 0.0509 0.0331
197 0.2649 0.0821 0.5972 0.0450 0.0111
198 0.1440 0.1242 0.5972 0.0083 0.1262
199 0.1665 0.1447 0.4895 0.1516 0.0477
200 0.1257 0.0864 0.4456 0.2461 0.0964
201 0.1207 0.1265 0.6128 0.0461 0.0940
202 0.1627 0.4255 0.1505 0.2009 0.0603
203 0.1215 0.2018 0.1766 0.4692 0.0309
204 0.1306 0.0558 0.7173 0.0528 0.0434
205 0.2517 0.3083 0.3547 0.0395 0.0458
206 0.1631 0.2336 0.3000 0.0505 0.2527
207 0.0801 0.1520 0.6812 0.0297 0.0568
208 0.0934 0.0176 0.8203 0.0323 0.0366
209 0.1019 0.0396 0.7412 0.0832 0.0339
210 0.1307 0.0369 0.2559 0.5679 0.0086
211 0.1100 0.2788 0.1652 0.2744 0.1718
212 0.2037 0.2830 0.2496 0.2310 0.0327
