time exciting_prob fearful_prob tense_prob sad_prob relaxing_prob
0 0.1510 0.2820 0.1282 0.1242 0.3147
1 0.1542 0.3877 0.1554 0.0618 0.2407
2 0.1531 0.4788 0.2059 0.0252 0.1372
3 0.3096 0.5103 0.0614 0.0490 0.0696
4 0.3333 0.3384 0.1422 0.1082 0.0779
5 0.1775 0.4712 0.1934 0.0674 0.0906
6 0.0914 0.3142 0.0801 0.3911 0.1230
7 0.0679 0.3611 0.0872 0.3447 0.1393
8 0.2720 0.3130 0.2595 0.1065 0.0488
9 0.1975 0.4927 0.2478 0.0414 0.0205
10 0.0306 0.3616 0.2029 0.3972 0.0076
11 0.0800 0.0921 0.2666 0.3369 0.2245
12 0.3528 0.3999 0.1404 0.0258 0.0812
13 0.0769 0.4712 0.2296 0.1904 0.0318
14 0.0971 0.0986 0.2441 0.5420 0.0182
15 0.1345 0.5620 0.2166 0.0815 0.0056
16 0.1451 0.2079 0.2754 0.3481 0.0235
17 0.2815 0.3906 0.1382 0.0638 0.1259
18 0.0878 0.0751 0.2878 0.4670 0.0825
19 0.1102 0.0885 0.1707 0.5420 0.0885
20 0.0291 0.3179 0.5239 0.1116 0.0174
21 0.1273 0.3923 0.1254 0.2494 0.1056
22 0.1063 0.7612 0.0547 0.0583 0.0195
23 0.1038 0.6924 0.0468 0.1130 0.0439
24 0.1090 0.5620 0.1797 0.0977 0.0515
25 0.0129 0.3875 0.3262 0.2278 0.0456
26 0.1057 0.3059 0.1826 0.1000 0.3059
27 0.0652 0.6333 0.0717 0.1902 0.0396
28 0.0545 0.7822 0.0477 0.0927 0.0229
29 0.1150 0.2358 0.2632 0.2844 0.1014
30 0.1747 0.5215 0.2279 0.0075 0.0684
31 0.2365 0.5498 0.0704 0.0166 0.1266
32 0.2076 0.5732 0.1094 0.0350 0.0746
33 0.0295 0.3376 0.2017 0.1954 0.2357
34 0.0631 0.1538 0.2203 0.4888 0.0738
35 0.1661 0.2272 0.1048 0.1714 0.3306
36 0.0724 0.3792 0.3850 0.0944 0.0690
37 0.0502 0.4373 0.3052 0.0771 0.1302
38 0.1003 0.0957 0.2296 0.4861 0.0885
39 0.0324 0.2048 0.3484 0.3538 0.0605
40 0.1373 0.3401 0.3508 0.1232 0.0486
41 0.1459 0.1578 0.3967 0.2296 0.0700
42 0.1832 0.1299 0.3477 0.3267 0.0127
43 0.1209 0.0781 0.2443 0.5171 0.0399
44 0.1440 0.5566 0.2588 0.0175 0.0231
45 0.0501 0.0936 0.5557 0.1202 0.1804
46 0.0421 0.0448 0.0549 0.4058 0.4526
47 0.1050 0.1018 0.0178 0.0405 0.7349
48 0.0508 0.0694 0.1978 0.5459 0.1360
49 0.0416 0.3652 0.1646 0.3223 0.1063
50 0.1108 0.1041 0.4248 0.2578 0.1025
51 0.2247 0.5923 0.1130 0.0104 0.0596
52 0.2095 0.4504 0.2776 0.0311 0.0314
53 0.2351 0.3474 0.2749 0.1060 0.0366
54 0.1296 0.0622 0.1492 0.6089 0.0500
55 0.0196 0.3418 0.4746 0.1517 0.0121
56 0.0320 0.3254 0.5283 0.0773 0.0368
57 0.0393 0.3367 0.4602 0.1339 0.0299
58 0.1670 0.1833 0.1212 0.0600 0.4683
59 0.1945 0.1689 0.1152 0.0897 0.4316
60 0.1190 0.0512 0.1208 0.1414 0.5679
61 0.0340 0.1868 0.3489 0.3892 0.0410
62 0.1142 0.2307 0.3926 0.2004 0.0621
63 0.0094 0.8892 0.0410 0.0587 0.0019
64 0.0377 0.7988 0.0749 0.0810 0.0076
65 0.3181 0.0911 0.1189 0.3777 0.0941
66 0.1561 0.4246 0.2615 0.1378 0.0199
67 0.1769 0.4050 0.3518 0.0552 0.0110
68 0.1172 0.3340 0.4858 0.0567 0.0064
69 0.0687 0.4590 0.4180 0.0523 0.0021
70 0.1652 0.3665 0.2329 0.1600 0.0756
71 0.1647 0.5703 0.0968 0.1262 0.0423
72 0.0909 0.6616 0.1823 0.0300 0.0353
73 0.1340 0.6055 0.1531 0.0623 0.0449
74 0.1556 0.5967 0.1697 0.0367 0.0413
75 0.1604 0.4429 0.3342 0.0463 0.0161
76 0.0600 0.3560 0.2861 0.2952 0.0028
77 0.0275 0.6162 0.2196 0.1311 0.0057
78 0.0278 0.4780 0.2810 0.2089 0.0044
79 0.1155 0.5054 0.2388 0.1052 0.0349
80 0.1015 0.7153 0.1648 0.0106 0.0076
81 0.0768 0.5005 0.2944 0.1227 0.0056
82 0.1187 0.4343 0.3716 0.0611 0.0144
83 0.1050 0.5088 0.3496 0.0122 0.0244
84 0.1044 0.4326 0.3816 0.0529 0.0285
85 0.3389 0.1306 0.1588 0.1493 0.2223
86 0.2156 0.3313 0.1528 0.0913 0.2090
87 0.2854 0.3208 0.2007 0.0267 0.1664
88 0.1799 0.3721 0.2898 0.0294 0.1287
89 0.1003 0.2297 0.5425 0.0858 0.0415
90 0.0544 0.5576 0.3032 0.0720 0.0127
91 0.0137 0.4675 0.2075 0.3066 0.0047
92 0.0455 0.3062 0.4185 0.2137 0.0162
93 0.2174 0.3213 0.3113 0.1404 0.0096
94 0.1982 0.2546 0.4197 0.1157 0.0119
95 0.2961 0.2454 0.2781 0.1536 0.0269
96 0.0206 0.7837 0.1450 0.0486 0.0021
97 0.1808 0.3770 0.3076 0.0394 0.0953
98 0.0884 0.5547 0.3313 0.0177 0.0079
99 0.0642 0.2661 0.6382 0.0278 0.0036
100 0.0624 0.4233 0.4951 0.0114 0.0077
101 0.1270 0.2335 0.2688 0.3396 0.0311
102 0.3962 0.3086 0.1058 0.0825 0.1067
103 0.2898 0.4631 0.1588 0.0477 0.0405
104 0.2211 0.2045 0.4263 0.0833 0.0649
105 0.3696 0.2173 0.2350 0.1471 0.0311
106 0.2488 0.3677 0.1938 0.1632 0.0264
107 0.0547 0.4871 0.2566 0.1907 0.0109
108 0.2134 0.1444 0.5713 0.0340 0.0371
109 0.1205 0.1896 0.4407 0.2360 0.0133
110 0.2458 0.1538 0.2203 0.3308 0.0492
111 0.1887 0.1338 0.5171 0.1425 0.0178
112 0.2656 0.1170 0.3464 0.2515 0.0192
113 0.3176 0.1536 0.3953 0.1283 0.0051
114 0.4495 0.1505 0.2856 0.1101 0.0043
115 0.3879 0.1567 0.3069 0.1450 0.0032
116 0.1185 0.1807 0.1453 0.5229 0.0327
117 0.1016 0.4146 0.3835 0.0817 0.0186
118 0.1342 0.0685 0.4397 0.3425 0.0152
119 0.1401 0.3635 0.4524 0.0414 0.0024
120 0.1218 0.5947 0.2087 0.0694 0.0055
121 0.0302 0.6157 0.3296 0.0226 0.0021
122 0.0723 0.3474 0.5381 0.0402 0.0021
123 0.2383 0.3157 0.3577 0.0798 0.0085
124 0.0997 0.2317 0.3022 0.3645 0.0019
125 0.1572 0.2150 0.4080 0.2184 0.0014
126 0.3250 0.2781 0.1283 0.1713 0.0976
127 0.1013 0.4683 0.3645 0.0399 0.0260
128 0.0576 0.1495 0.3423 0.4326 0.0181
129 0.0210 0.2188 0.4087 0.3496 0.0020
130 0.0712 0.1709 0.4434 0.3096 0.0050
131 0.0721 0.3899 0.2517 0.2639 0.0223
132 0.0519 0.6841 0.2291 0.0245 0.0105
133 0.0699 0.2852 0.4851 0.1306 0.0291
134 0.0484 0.1025 0.3157 0.4812 0.0523
135 0.1533 0.1122 0.4797 0.1879 0.0670
136 0.1210 0.1371 0.4221 0.2405 0.0793
137 0.1548 0.2915 0.3228 0.0597 0.1714
138 0.2771 0.0711 0.1733 0.3613 0.1173
139 0.0275 0.1793 0.2866 0.4800 0.0267
140 0.1714 0.1537 0.1853 0.4048 0.0848
141 0.4785 0.0858 0.2157 0.2026 0.0176
142 0.0920 0.1918 0.4321 0.2502 0.0338
143 0.3281 0.1152 0.3660 0.1783 0.0124
144 0.0287 0.1390 0.3606 0.4561 0.0156
145 0.0741 0.2178 0.4468 0.2178 0.0435
146 0.0677 0.2595 0.5161 0.1326 0.0243
147 0.0590 0.1628 0.3970 0.1329 0.2483
148 0.0350 0.0696 0.2549 0.6211 0.0197
149 0.0836 0.6177 0.1770 0.1041 0.0174
150 0.0779 0.4551 0.3330 0.0969 0.0371
151 0.4204 0.1547 0.1149 0.2981 0.0121
152 0.2493 0.1254 0.3516 0.2003 0.0737
153 0.2588 0.0840 0.3074 0.1385 0.2113
154 0.2440 0.2854 0.3665 0.0320 0.0721
155 0.1973 0.3354 0.2306 0.0515 0.1853
156 0.0988 0.4641 0.1818 0.1681 0.0872
157 0.0555 0.0242 0.0288 0.2159 0.6758
158 0.0811 0.4971 0.3311 0.0545 0.0363
159 0.1016 0.2006 0.2457 0.1216 0.3306
160 0.3025 0.2671 0.3826 0.0180 0.0300
161 0.1277 0.4058 0.0811 0.2539 0.1317
162 0.0540 0.1770 0.2382 0.5044 0.0267
163 0.1060 0.5962 0.2686 0.0195 0.0098
164 0.2729 0.2410 0.3450 0.0290 0.1121
165 0.2417 0.4961 0.2455 0.0110 0.0058
166 0.0284 0.0785 0.0440 0.7925 0.0565
167 0.1194 0.4106 0.3147 0.1022 0.0530
168 0.0516 0.8193 0.0469 0.0705 0.0118
169 0.1942 0.2739 0.4768 0.0194 0.0356
170 0.0413 0.6875 0.2130 0.0115 0.0468
171 0.2700 0.2346 0.1091 0.1588 0.2274
172 0.4214 0.2401 0.1930 0.0883 0.0570
173 0.1066 0.0465 0.2477 0.4927 0.1066
174 0.0943 0.0669 0.2371 0.5259 0.0757
175 0.0886 0.1085 0.2771 0.4712 0.0546
176 0.3770 0.2632 0.2018 0.0625 0.0953
177 0.0674 0.0880 0.2930 0.5225 0.0290
178 0.1700 0.3772 0.2593 0.1754 0.0181
179 0.1976 0.5459 0.2384 0.0104 0.0077
180 0.4646 0.2908 0.1631 0.0239 0.0577
181 0.3977 0.4575 0.0747 0.0397 0.0304
182 0.1572 0.6616 0.1283 0.0373 0.0153
183 0.1912 0.4844 0.1868 0.0924 0.0454
184 0.1285 0.1676 0.2220 0.1433 0.3386
185 0.1361 0.2426 0.1382 0.0541 0.4290
186 0.1328 0.2260 0.3186 0.1102 0.2123
187 0.2299 0.2998 0.3616 0.0807 0.0279
188 0.3342 0.3967 0.1775 0.0349 0.0567
189 0.2264 0.6250 0.0937 0.0242 0.0304
190 0.0814 0.0471 0.0840 0.7485 0.0391
191 0.2069 0.1074 0.1091 0.5454 0.0315
192 0.2251 0.3770 0.3540 0.0213 0.0226
193 0.4495 0.2522 0.1615 0.0375 0.0995
194 0.2421 0.2136 0.2421 0.1785 0.1237
195 0.2739 0.3130 0.0842 0.2101 0.1188
196 0.3171 0.0938 0.1545 0.1545 0.2800
197 0.3533 0.0936 0.3423 0.1891 0.0219
198 0.0511 0.0616 0.1549 0.4771 0.2554
199 0.2001 0.0640 0.1909 0.0649 0.4800
200 0.4646 0.1683 0.1231 0.1606 0.0833
201 0.1957 0.3228 0.3435 0.0939 0.0443
202 0.3313 0.3210 0.2703 0.0185 0.0589
203 0.1550 0.4775 0.2365 0.0651 0.0657
204 0.1512 0.3862 0.1056 0.2783 0.0785
205 0.1093 0.2173 0.3210 0.0734 0.2791
206 0.1915 0.3928 0.1785 0.0970 0.1401
207 0.0940 0.3386 0.3718 0.1841 0.0116
208 0.0730 0.4688 0.3765 0.0696 0.0121
209 0.0869 0.5840 0.2937 0.0236 0.0117
210 0.0476 0.6177 0.1884 0.1422 0.0043
211 0.0104 0.3975 0.0453 0.5347 0.0122
212 0.0332 0.4700 0.0856 0.3894 0.0218
213 0.0333 0.8125 0.0780 0.0566 0.0196
214 0.0421 0.7944 0.1110 0.0372 0.0151
215 0.0334 0.2793 0.0839 0.5913 0.0118
216 0.1333 0.2377 0.3005 0.3149 0.0136
217 0.1587 0.6577 0.1357 0.0325 0.0156
218 0.2325 0.1016 0.1927 0.2805 0.1927
219 0.4050 0.0145 0.0726 0.0414 0.4663
220 0.1241 0.0559 0.1670 0.5146 0.1384
221 0.0919 0.2832 0.2966 0.2832 0.0451
222 0.1981 0.2142 0.1383 0.0794 0.3701
223 0.1304 0.1244 0.2512 0.4209 0.0731
224 0.0583 0.5493 0.3333 0.0540 0.0051
225 0.1058 0.5635 0.1277 0.1447 0.0584
226 0.1497 0.1166 0.2212 0.4985 0.0139
227 0.1125 0.3257 0.1945 0.3577 0.0097
228 0.1225 0.5752 0.2184 0.0660 0.0179
229 0.1523 0.4993 0.0625 0.1186 0.1672
230 0.0592 0.4653 0.0650 0.3682 0.0423
231 0.1053 0.1792 0.5269 0.1606 0.0281
232 0.1099 0.4922 0.2805 0.0955 0.0220
233 0.0632 0.2386 0.4187 0.2703 0.0090
234 0.0457 0.3826 0.4688 0.0998 0.0030
235 0.0332 0.2451 0.5972 0.1194 0.0050
236 0.0534 0.3269 0.4832 0.1321 0.0046
237 0.2328 0.1757 0.1411 0.3777 0.0727
238 0.2037 0.2830 0.2496 0.2310 0.0327
239 0.8916 0.0626 0.0184 0.0083 0.0192
240 0.8813 0.0600 0.0189 0.0147 0.0250
241 0.8813 0.0600 0.0190 0.0149 0.0250
242 0.8823 0.0591 0.0189 0.0147 0.0252
