time exciting_prob fearful_prob tense_prob sad_prob relaxing_prob
0 0.2037 0.2830 0.2496 0.2310 0.0327
1 0.1014 0.4912 0.2842 0.0945 0.0288
2 0.1401 0.3386 0.3232 0.1401 0.0580
3 0.2070 0.2291 0.3867 0.0830 0.0941
4 0.1569 0.2668 0.4067 0.0901 0.0795
5 0.3452 0.1567 0.3293 0.0894 0.0795
6 0.1041 0.1514 0.2135 0.4812 0.0499
7 0.1263 0.2435 0.3030 0.2148 0.1124
8 0.1613 0.3606 0.2328 0.1576 0.0877
9 0.1660 0.2396 0.3079 0.1956 0.0909
10 0.1020 0.1156 0.5869 0.1310 0.0643
11 0.3616 0.2159 0.3242 0.0758 0.0224
12 0.3831 0.1768 0.3892 0.0235 0.0275
13 0.3325 0.2888 0.3125 0.0382 0.0279
14 0.2837 0.2407 0.4358 0.0215 0.0184
15 0.3633 0.3838 0.2054 0.0247 0.0229
16 0.0496 0.0369 0.8135 0.0899 0.0099
17 0.1444 0.3926 0.2020 0.2289 0.0322
18 0.2109 0.6152 0.0268 0.0674 0.0795
19 0.2035 0.3516 0.1056 0.2532 0.0862
20 0.0878 0.2925 0.4126 0.1904 0.0166
21 0.1854 0.4114 0.0804 0.2656 0.0570
22 0.1414 0.2349 0.2539 0.2122 0.1577
23 0.2075 0.3477 0.1904 0.0928 0.1616
24 0.4426 0.2859 0.1888 0.0695 0.0132
25 0.6001 0.2622 0.0594 0.0562 0.0222
26 0.4626 0.4050 0.0732 0.0424 0.0166
27 0.4954 0.3857 0.0514 0.0535 0.0138
28 0.4858 0.3813 0.0448 0.0793 0.0087
29 0.5439 0.3679 0.0237 0.0534 0.0113
30 0.2617 0.3992 0.1960 0.1276 0.0155
31 0.2075 0.4678 0.1935 0.1094 0.0219
32 0.0839 0.4905 0.2391 0.1439 0.0425
33 0.2778 0.4043 0.1453 0.1063 0.0665
34 0.1638 0.2854 0.2991 0.2440 0.0077
35 0.0631 0.3357 0.4114 0.1016 0.0883
36 0.0738 0.3254 0.5200 0.0588 0.0218
37 0.0867 0.2798 0.5063 0.0801 0.0471
38 0.2013 0.5557 0.1279 0.0586 0.0563
39 0.6958 0.2073 0.0145 0.0093 0.0733
40 0.1987 0.4175 0.3301 0.0404 0.0133
41 0.1390 0.4023 0.2460 0.2056 0.0070
42 0.1329 0.1707 0.0825 0.6099 0.0043
43 0.2842 0.5923 0.0840 0.0266 0.0128
44 0.1002 0.4817 0.1481 0.1871 0.0831
45 0.1404 0.4292 0.2028 0.1259 0.1019
46 0.1505 0.7407 0.0545 0.0424 0.0116
47 0.2483 0.6050 0.0355 0.0372 0.0740
48 0.2935 0.4954 0.0319 0.1409 0.0382
49 0.1185 0.4836 0.1836 0.2064 0.0080
50 0.2781 0.4209 0.2019 0.0616 0.0376
51 0.2878 0.3813 0.2642 0.0549 0.0118
52 0.1975 0.5713 0.1400 0.0732 0.0178
53 0.2776 0.3169 0.2015 0.1683 0.0356
54 0.2502 0.3818 0.2192 0.1085 0.0402
55 0.1302 0.3540 0.4270 0.0591 0.0297
56 0.3179 0.3130 0.3081 0.0351 0.0261
57 0.2866 0.3567 0.2866 0.0356 0.0342
58 0.2124 0.3240 0.3787 0.0541 0.0308
59 0.2399 0.3657 0.3130 0.0469 0.0345
60 0.3118 0.3167 0.2751 0.0614 0.0352
61 0.0560 0.5391 0.3374 0.0624 0.0048
62 0.3491 0.4553 0.0491 0.0597 0.0869
63 0.3125 0.2695 0.2869 0.0552 0.0760
64 0.3152 0.3357 0.1942 0.0992 0.0557
65 0.2373 0.1384 0.3975 0.1311 0.0959
66 0.2028 0.3115 0.3020 0.1239 0.0599
67 0.3066 0.3066 0.2225 0.0717 0.0928
68 0.2754 0.2213 0.2754 0.0659 0.1619
69 0.2681 0.3013 0.2120 0.0948 0.1237
70 0.2744 0.2365 0.3416 0.0750 0.0727
71 0.1874 0.0858 0.2191 0.3289 0.1788
72 0.3538 0.1005 0.1232 0.1104 0.3123
73 0.4319 0.1772 0.2089 0.1349 0.0470
74 0.4492 0.2106 0.2461 0.0825 0.0118
75 0.5068 0.0952 0.3220 0.0696 0.0064
76 0.3894 0.1649 0.2849 0.1324 0.0282
77 0.3938 0.1948 0.2859 0.0920 0.0336
78 0.2781 0.4478 0.1409 0.1262 0.0072
79 0.3875 0.2444 0.2747 0.0885 0.0050
80 0.3311 0.4250 0.1208 0.1066 0.0167
81 0.2350 0.2683 0.4124 0.0623 0.0222
82 0.1273 0.3713 0.2512 0.2148 0.0353
83 0.1025 0.6895 0.1017 0.0897 0.0165
84 0.0371 0.4561 0.3606 0.1327 0.0136
85 0.0306 0.4460 0.3875 0.1201 0.0159
86 0.1270 0.2175 0.0619 0.4500 0.1438
87 0.0790 0.5532 0.1196 0.1106 0.1377
88 0.0506 0.7441 0.1283 0.0620 0.0149
89 0.0864 0.7588 0.1163 0.0294 0.0092
90 0.3494 0.3899 0.2291 0.0278 0.0038
91 0.1356 0.3894 0.0992 0.2455 0.1304
92 0.2898 0.3750 0.1401 0.1827 0.0126
93 0.5010 0.3608 0.0270 0.0844 0.0266
94 0.3779 0.5049 0.0377 0.0492 0.0303
95 0.0421 0.3635 0.5288 0.0632 0.0025
96 0.0578 0.2529 0.4875 0.1780 0.0237
97 0.0864 0.3113 0.3638 0.1732 0.0652
98 0.0406 0.3425 0.2886 0.3071 0.0212
99 0.1743 0.6035 0.0503 0.1305 0.0414
100 0.0675 0.7427 0.0486 0.0789 0.0624
101 0.2057 0.3965 0.1917 0.1692 0.0372
102 0.1293 0.4172 0.0655 0.3652 0.0228
103 0.2751 0.4065 0.1193 0.1289 0.0701
104 0.2311 0.4421 0.0956 0.1843 0.0470
105 0.1927 0.4243 0.1263 0.2437 0.0131
106 0.2384 0.4319 0.2223 0.0934 0.0141
107 0.1611 0.3660 0.1074 0.2805 0.0849
108 0.3003 0.0748 0.1464 0.0206 0.4580
109 0.4446 0.0443 0.1169 0.0791 0.3152
110 0.4697 0.0651 0.1367 0.0523 0.2761
111 0.3318 0.0701 0.2109 0.1997 0.1876
112 0.4780 0.1218 0.1652 0.0371 0.1978
113 0.3662 0.1445 0.3721 0.0088 0.1083
114 0.0326 0.4722 0.1157 0.3455 0.0342
115 0.0191 0.7588 0.0493 0.1542 0.0187
116 0.0211 0.7368 0.0833 0.1428 0.0159
117 0.0135 0.5020 0.0270 0.4360 0.0217
118 0.0453 0.5220 0.0272 0.3701 0.0352
119 0.0354 0.7383 0.0259 0.1782 0.0221
120 0.0220 0.6860 0.0321 0.2061 0.0537
121 0.2213 0.1765 0.4167 0.1498 0.0356
122 0.1228 0.1719 0.6436 0.0402 0.0219
123 0.0432 0.3977 0.1737 0.2732 0.1122
124 0.0718 0.2352 0.1617 0.5137 0.0174
125 0.0684 0.4250 0.2089 0.2620 0.0357
126 0.2073 0.4287 0.1917 0.1614 0.0111
127 0.1321 0.4263 0.2507 0.1473 0.0435
128 0.0930 0.1462 0.1848 0.5605 0.0153
129 0.4287 0.1639 0.1101 0.2832 0.0140
130 0.1206 0.3743 0.3518 0.1466 0.0067
131 0.2705 0.3997 0.1830 0.1382 0.0087
132 0.1654 0.2296 0.3447 0.1566 0.1035
133 0.1555 0.3560 0.3372 0.1193 0.0321
134 0.1003 0.2278 0.2444 0.1350 0.2925
135 0.0423 0.6216 0.1377 0.1740 0.0243
136 0.0269 0.5122 0.0830 0.3577 0.0200
137 0.0704 0.4521 0.2007 0.2169 0.0598
138 0.1191 0.3875 0.3420 0.1268 0.0248
139 0.0715 0.4558 0.2617 0.1689 0.0421
140 0.0395 0.7061 0.1317 0.0224 0.1002
141 0.0640 0.7153 0.1168 0.0351 0.0687
142 0.0930 0.6606 0.1683 0.0140 0.0639
143 0.0611 0.5933 0.1477 0.0158 0.1824
144 0.1428 0.4792 0.1484 0.0233 0.2062
145 0.0607 0.6040 0.1135 0.0213 0.2007
146 0.0679 0.2159 0.5059 0.1604 0.0497
147 0.2078 0.0989 0.3425 0.3293 0.0212
148 0.0696 0.3069 0.2688 0.1472 0.2076
149 0.0659 0.2930 0.1952 0.2751 0.1709
150 0.0598 0.2073 0.3723 0.2578 0.1026
151 0.1699 0.1453 0.2869 0.2981 0.0999
152 0.0415 0.1967 0.5513 0.1069 0.1036
153 0.0227 0.4285 0.4216 0.0589 0.0683
154 0.0193 0.6392 0.0648 0.1340 0.1426
155 0.0477 0.7070 0.1027 0.0333 0.1093
156 0.0462 0.6846 0.1100 0.0756 0.0837
157 0.0486 0.7666 0.0887 0.0324 0.0639
158 0.2338 0.4436 0.1122 0.1194 0.0909
159 0.3296 0.2820 0.1750 0.1877 0.0258
160 0.4539 0.3169 0.1311 0.0930 0.0052
161 0.1671 0.4268 0.1985 0.1793 0.0284
162 0.0288 0.1631 0.0951 0.2029 0.5103
163 0.0329 0.0526 0.1864 0.3271 0.4009
164 0.0291 0.1024 0.1466 0.1854 0.5366
165 0.0135 0.0717 0.1720 0.6592 0.0838
166 0.0175 0.8320 0.0594 0.0459 0.0451
167 0.0356 0.4072 0.2549 0.2284 0.0742
168 0.0316 0.5479 0.1222 0.2468 0.0517
169 0.0296 0.5117 0.2615 0.1715 0.0257
170 0.0513 0.2159 0.0958 0.1580 0.4790
171 0.0453 0.1696 0.0908 0.1384 0.5562
172 0.0180 0.0590 0.0497 0.0648 0.8086
173 0.0180 0.0712 0.0577 0.5186 0.3347
174 0.0297 0.5356 0.2651 0.1158 0.0539
175 0.0146 0.4907 0.3479 0.1112 0.0356
176 0.0558 0.4026 0.1902 0.2189 0.1327
177 0.0109 0.5688 0.1438 0.2646 0.0117
178 0.0203 0.4541 0.0696 0.4402 0.0157
179 0.0499 0.5322 0.1897 0.1927 0.0356
180 0.0667 0.6792 0.0688 0.1564 0.0289
181 0.1967 0.4036 0.2410 0.1279 0.0309
182 0.1090 0.5200 0.1295 0.2069 0.0346
183 0.0990 0.6816 0.0881 0.1232 0.0079
184 0.1376 0.7153 0.0754 0.0606 0.0111
185 0.1078 0.5518 0.1310 0.1709 0.0387
186 0.0428 0.3525 0.0642 0.4353 0.1050
187 0.0929 0.7139 0.0873 0.0493 0.0568
188 0.0623 0.6094 0.0545 0.1830 0.0906
189 0.0346 0.6641 0.1277 0.1589 0.0147
190 0.0263 0.3896 0.1116 0.4214 0.0511
191 0.1174 0.6548 0.0415 0.1052 0.0813
192 0.0837 0.4971 0.1042 0.1814 0.1338
193 0.0172 0.7715 0.0723 0.0944 0.0446
194 0.0167 0.2480 0.0438 0.1058 0.5854
195 0.0074 0.1796 0.1636 0.1215 0.5278
196 0.1743 0.2021 0.2186 0.3806 0.0243
197 0.5137 0.1604 0.0973 0.2125 0.0158
198 0.4578 0.2527 0.1908 0.0908 0.0079
199 0.2379 0.3030 0.0548 0.2115 0.1926
200 0.4526 0.3159 0.0608 0.0864 0.0844
201 0.3730 0.2408 0.1681 0.1052 0.1129
202 0.0848 0.3225 0.2416 0.2869 0.0640
203 0.1581 0.3000 0.1332 0.1581 0.2507
204 0.1746 0.5332 0.1392 0.1092 0.0438
205 0.1466 0.2417 0.0351 0.5156 0.0611
206 0.1126 0.5459 0.1246 0.1492 0.0677
207 0.1740 0.4141 0.1609 0.2269 0.0241
208 0.4141 0.3772 0.0495 0.0790 0.0803
209 0.1869 0.2534 0.0447 0.4556 0.0593
210 0.1948 0.2747 0.1027 0.3726 0.0554
211 0.1554 0.3528 0.1471 0.2996 0.0452
212 0.2039 0.3606 0.0941 0.1575 0.1841
213 0.2693 0.3486 0.1140 0.2377 0.0305
214 0.1437 0.3936 0.0751 0.3472 0.0405
215 0.2700 0.3748 0.0750 0.1885 0.0919
216 0.2307 0.4114 0.0544 0.2020 0.1016
217 0.3135 0.1744 0.0673 0.2172 0.2275
218 0.0693 0.5942 0.0767 0.2365 0.0232
219 0.1121 0.4067 0.1112 0.3589 0.0112
220 0.0667 0.6230 0.0291 0.2700 0.0111
221 0.0575 0.7065 0.0488 0.1814 0.0059
222 0.0643 0.5684 0.1173 0.2369 0.0129
223 0.0521 0.6299 0.1473 0.1593 0.0115
224 0.0268 0.7656 0.0369 0.1655 0.0052
225 0.0840 0.7036 0.0930 0.1140 0.0054
226 0.2324 0.2184 0.2068 0.3008 0.0417
227 0.2100 0.0961 0.2695 0.3572 0.0671
228 0.2069 0.2615 0.3718 0.1188 0.0410
229 0.2352 0.2245 0.3164 0.1904 0.0334
230 0.1588 0.3550 0.3335 0.0905 0.0622
231 0.2517 0.3335 0.1716 0.1527 0.0905
232 0.1337 0.5288 0.1066 0.1886 0.0424
233 0.3650 0.4167 0.0880 0.0665 0.0639
234 0.3118 0.3645 0.1129 0.1508 0.0600
235 0.1103 0.1605 0.4717 0.2211 0.0364
236 0.1692 0.3064 0.2367 0.2139 0.0739
237 0.1425 0.2139 0.0987 0.5132 0.0320
238 0.2893 0.1525 0.1345 0.3923 0.0315
239 0.1476 0.0611 0.1376 0.6313 0.0223
240 0.1169 0.1700 0.6572 0.0377 0.0182
241 0.1824 0.0809 0.0760 0.6318 0.0289
242 0.1658 0.1311 0.1820 0.4910 0.0302
243 0.0593 0.2496 0.1945 0.4180 0.0786
244 0.2015 0.1779 0.2145 0.2588 0.1475
245 0.1686 0.2737 0.3005 0.1376 0.1196
246 0.0963 0.2991 0.3086 0.2292 0.0667
247 0.1898 0.2476 0.2554 0.2939 0.0130
248 0.1366 0.2323 0.1809 0.4141 0.0362
249 0.1151 0.1810 0.2020 0.4412 0.0606
250 0.1459 0.2260 0.2025 0.3667 0.0589
251 0.1119 0.1035 0.3186 0.4221 0.0438
252 0.0781 0.2683 0.4634 0.1528 0.0374
253 0.1328 0.3582 0.4673 0.0349 0.0068
254 0.1355 0.3921 0.3625 0.0917 0.0182
255 0.1912 0.4177 0.2827 0.0737 0.0348
256 0.1111 0.1077 0.3643 0.4001 0.0166
257 0.0923 0.2935 0.5068 0.0916 0.0159
258 0.2363 0.3748 0.1587 0.2006 0.0298
259 0.1493 0.6587 0.0603 0.1181 0.0136
260 0.1418 0.5396 0.2079 0.1005 0.0104
261 0.3237 0.4675 0.0537 0.1471 0.0080
262 0.5332 0.2766 0.1171 0.0627 0.0106
263 0.3230 0.4663 0.1207 0.0755 0.0146
264 0.3206 0.3464 0.0227 0.2805 0.0298
265 0.4600 0.0885 0.0080 0.4321 0.0113
266 0.8667 0.0387 0.0145 0.0781 0.0019
267 0.7764 0.0396 0.0225 0.1589 0.0027
268 0.5981 0.0269 0.0039 0.3684 0.0026
269 0.5264 0.0321 0.0060 0.4331 0.0022
270 0.5127 0.0335 0.0062 0.4456 0.0021
271 0.5151 0.0329 0.0061 0.4438 0.0021
272 0.5957 0.0554 0.0078 0.3394 0.0019
273 0.6030 0.0570 0.0079 0.3303 0.0018
274 0.6118 0.0583 0.0079 0.3201 0.0018
275 0.6069 0.0583 0.0080 0.3250 0.0018
276 0.6060 0.0577 0.0079 0.3269 0.0018
277 0.6304 0.0624 0.0079 0.2976 0.0019
278 0.6313 0.0630 0.0079 0.2959 0.0019
