time exciting_prob fearful_prob tense_prob sad_prob relaxing_prob
0 0.2037 0.2830 0.2496 0.2310 0.0327
1 0.0203 0.1840 0.7163 0.0743 0.0053
2 0.0131 0.2096 0.7549 0.0188 0.0038
3 0.0111 0.3284 0.6328 0.0245 0.0030
4 0.0139 0.2891 0.6025 0.0924 0.0020
5 0.0135 0.3003 0.4368 0.2451 0.0043
6 0.0177 0.4128 0.2883 0.2708 0.0103
7 0.0230 0.5117 0.2961 0.1294 0.0401
8 0.0908 0.4072 0.3826 0.0808 0.0388
9 0.0645 0.5112 0.3149 0.0692 0.0400
10 0.0634 0.4468 0.3821 0.0887 0.0190
11 0.0637 0.6040 0.2517 0.0637 0.0167
12 0.0704 0.4739 0.3577 0.0823 0.0157
13 0.0541 0.4973 0.3364 0.0964 0.0159
14 0.0196 0.1841 0.1033 0.6733 0.0196
15 0.0159 0.1952 0.0729 0.6919 0.0239
16 0.0155 0.1858 0.0751 0.7012 0.0224
17 0.0218 0.3232 0.1434 0.4854 0.0259
18 0.0399 0.3235 0.2766 0.2944 0.0657
19 0.1755 0.0588 0.1016 0.5576 0.1064
20 0.2229 0.0880 0.2029 0.4099 0.0764
21 0.2126 0.0619 0.1631 0.4502 0.1121
22 0.2493 0.1031 0.1881 0.3516 0.1080
23 0.0473 0.3389 0.2598 0.2766 0.0774
24 0.0808 0.4368 0.1764 0.2015 0.1046
25 0.0928 0.4360 0.0643 0.2949 0.1119
26 0.0461 0.4409 0.0791 0.3435 0.0903
27 0.0694 0.0325 0.0912 0.2900 0.5171
28 0.0403 0.0237 0.0826 0.2710 0.5825
29 0.0432 0.0334 0.0460 0.2815 0.5962
30 0.0619 0.0807 0.0471 0.1804 0.6299
31 0.0327 0.2433 0.1343 0.5483 0.0416
32 0.0229 0.3242 0.1111 0.5020 0.0396
33 0.0262 0.3564 0.1544 0.4165 0.0464
34 0.0492 0.5166 0.0926 0.3037 0.0380
35 0.0143 0.5498 0.3960 0.0159 0.0238
36 0.0202 0.4666 0.4521 0.0346 0.0265
37 0.0356 0.4795 0.3733 0.0443 0.0674
38 0.1614 0.3088 0.1759 0.2642 0.0898
39 0.1122 0.4836 0.1522 0.1595 0.0923
40 0.0927 0.3992 0.1287 0.2499 0.1296
41 0.0404 0.2695 0.2737 0.3354 0.0809
42 0.0547 0.2756 0.3486 0.2632 0.0578
43 0.0482 0.2450 0.3000 0.3855 0.0212
44 0.0602 0.5620 0.2236 0.1399 0.0140
45 0.0700 0.4675 0.2664 0.1831 0.0132
46 0.0365 0.3174 0.2673 0.3596 0.0192
47 0.0347 0.3367 0.2705 0.3420 0.0161
48 0.0120 0.0905 0.1689 0.0602 0.6685
49 0.0095 0.0671 0.0991 0.0447 0.7798
50 0.0113 0.0511 0.0703 0.0368 0.8306
51 0.0079 0.0442 0.0297 0.0297 0.8887
52 0.0137 0.0754 0.0855 0.0392 0.7861
53 0.0116 0.0704 0.0715 0.0282 0.8184
54 0.0092 0.0572 0.0695 0.0559 0.8081
55 0.0283 0.1543 0.3479 0.2585 0.2109
56 0.0203 0.1323 0.4915 0.1780 0.1780
57 0.0221 0.2896 0.4414 0.0969 0.1501
58 0.0193 0.3230 0.5498 0.0540 0.0540
59 0.0458 0.1797 0.4243 0.0969 0.2534
60 0.0209 0.1631 0.5874 0.0915 0.1373
61 0.0258 0.1667 0.6006 0.0501 0.1567
62 0.0643 0.5776 0.1790 0.1655 0.0135
63 0.0508 0.6289 0.1816 0.1309 0.0076
64 0.0343 0.7114 0.1626 0.0844 0.0071
65 0.0113 0.1133 0.0437 0.0197 0.8120
66 0.0157 0.1026 0.0504 0.0240 0.8071
67 0.0276 0.2478 0.0466 0.0354 0.6426
68 0.0338 0.1840 0.2020 0.1032 0.4771
69 0.0402 0.2427 0.5220 0.0550 0.1404
70 0.0526 0.3052 0.5273 0.0660 0.0487
71 0.0406 0.3508 0.5186 0.0649 0.0250
72 0.0579 0.3230 0.4700 0.1357 0.0134
73 0.0422 0.5024 0.3071 0.1121 0.0361
74 0.0554 0.6284 0.1815 0.0435 0.0912
75 0.0900 0.5913 0.1044 0.1183 0.0958
76 0.0384 0.2710 0.4263 0.2428 0.0217
77 0.0510 0.2288 0.4409 0.2512 0.0282
78 0.0819 0.3115 0.3369 0.2316 0.0381
79 0.0492 0.2539 0.3210 0.2539 0.1218
80 0.0891 0.1599 0.2988 0.4084 0.0437
81 0.0424 0.2874 0.2700 0.3867 0.0138
82 0.1482 0.3904 0.3289 0.1154 0.0170
83 0.0460 0.3044 0.3909 0.2446 0.0139
84 0.0193 0.3906 0.2444 0.3289 0.0169
85 0.0473 0.2917 0.3464 0.2786 0.0359
86 0.0488 0.2598 0.2637 0.4084 0.0193
87 0.0778 0.3076 0.1477 0.2803 0.1866
88 0.2236 0.1812 0.5625 0.0296 0.0034
89 0.0439 0.5142 0.2546 0.1193 0.0680
90 0.0545 0.6143 0.0845 0.1628 0.0838
91 0.0412 0.4866 0.1310 0.2625 0.0788
92 0.0538 0.4363 0.1290 0.2930 0.0880
93 0.0417 0.4414 0.2290 0.2534 0.0343
94 0.0722 0.4028 0.1528 0.2703 0.1018
95 0.0305 0.4314 0.2576 0.2537 0.0267
96 0.0359 0.5107 0.3096 0.0930 0.0509
97 0.0425 0.4067 0.2795 0.2627 0.0084
98 0.0605 0.4763 0.2800 0.1780 0.0052
99 0.0239 0.6021 0.1671 0.1954 0.0116
100 0.0330 0.5488 0.2253 0.1810 0.0116
101 0.0119 0.2371 0.2028 0.5425 0.0057
102 0.0196 0.2900 0.3611 0.3237 0.0057
103 0.0142 0.3789 0.2729 0.3291 0.0050
104 0.0113 0.5449 0.3628 0.0797 0.0014
105 0.0687 0.1926 0.1178 0.3772 0.2435
106 0.0783 0.3374 0.2507 0.2798 0.0538
107 0.0556 0.3079 0.2761 0.2937 0.0666
108 0.0634 0.2629 0.2888 0.3271 0.0577
109 0.0838 0.3418 0.3018 0.2074 0.0652
110 0.0078 0.1293 0.6562 0.1971 0.0094
111 0.0101 0.1989 0.7051 0.0803 0.0056
112 0.0257 0.4475 0.2590 0.2395 0.0284
113 0.0202 0.5425 0.2157 0.2124 0.0093
114 0.0483 0.3711 0.3770 0.1896 0.0142
115 0.0641 0.5371 0.2384 0.1515 0.0088
116 0.0200 0.3352 0.3457 0.2910 0.0081
117 0.1013 0.3733 0.2954 0.1605 0.0696
118 0.0392 0.4814 0.2966 0.1638 0.0188
119 0.0268 0.4983 0.3821 0.0908 0.0022
120 0.0589 0.2769 0.5591 0.0972 0.0079
121 0.0276 0.5376 0.4121 0.0208 0.0019
122 0.0213 0.4558 0.5005 0.0171 0.0049
123 0.0437 0.2327 0.4148 0.2808 0.0282
124 0.0236 0.1010 0.2966 0.5718 0.0070
125 0.0424 0.2766 0.4087 0.2639 0.0084
126 0.0309 0.3511 0.4651 0.1487 0.0044
127 0.0466 0.2705 0.4187 0.2386 0.0255
128 0.0290 0.3594 0.1924 0.4136 0.0056
129 0.0684 0.4978 0.2043 0.1860 0.0435
130 0.0289 0.1610 0.5278 0.2739 0.0086
131 0.0200 0.2651 0.4441 0.2529 0.0179
132 0.1012 0.2998 0.3396 0.1776 0.0819
133 0.0220 0.2903 0.5259 0.1554 0.0066
134 0.0507 0.2363 0.3928 0.2119 0.1082
135 0.2847 0.2396 0.3225 0.1224 0.0309
136 0.0283 0.2812 0.5771 0.0957 0.0177
137 0.0201 0.2551 0.5400 0.1672 0.0175
138 0.0594 0.0920 0.1719 0.6484 0.0283
139 0.0733 0.2405 0.5332 0.1248 0.0280
140 0.0609 0.1192 0.5601 0.2485 0.0114
141 0.1544 0.0696 0.1364 0.5923 0.0475
142 0.0602 0.2537 0.2496 0.3633 0.0732
143 0.1025 0.2742 0.2383 0.2239 0.1613
144 0.1034 0.3086 0.1010 0.1947 0.2922
145 0.0206 0.4956 0.3569 0.1234 0.0035
146 0.1522 0.6064 0.0382 0.0634 0.1396
147 0.0173 0.5908 0.0366 0.3472 0.0083
148 0.0100 0.1783 0.5493 0.2595 0.0027
149 0.0546 0.5347 0.0268 0.3562 0.0277
150 0.0504 0.3418 0.4971 0.1050 0.0057
151 0.0703 0.4993 0.0370 0.3540 0.0394
152 0.0497 0.4680 0.2976 0.1696 0.0150
153 0.0652 0.5508 0.1774 0.1566 0.0500
154 0.0107 0.2090 0.2368 0.5337 0.0100
155 0.0452 0.3313 0.2747 0.3367 0.0121
156 0.0294 0.5957 0.1077 0.2407 0.0264
157 0.0213 0.5674 0.2203 0.1771 0.0140
158 0.0412 0.5562 0.1212 0.2585 0.0229
159 0.1320 0.3909 0.1372 0.1174 0.2227
160 0.0286 0.5884 0.0790 0.2869 0.0171
161 0.0427 0.6841 0.1575 0.0843 0.0317
162 0.0373 0.5396 0.2588 0.1272 0.0370
163 0.0330 0.3184 0.1691 0.4087 0.0710
164 0.0531 0.1726 0.1560 0.4880 0.1304
165 0.1149 0.3567 0.3682 0.0916 0.0686
166 0.1310 0.4260 0.1708 0.0958 0.1763
167 0.0121 0.0834 0.1292 0.7554 0.0201
168 0.0573 0.1475 0.5742 0.1954 0.0254
169 0.0856 0.6523 0.1598 0.0715 0.0310
170 0.1230 0.3972 0.0859 0.0795 0.3142
171 0.1378 0.1869 0.2615 0.2805 0.1335
172 0.1472 0.2949 0.2563 0.1268 0.1748
173 0.0997 0.3428 0.2820 0.1046 0.1710
174 0.1470 0.3210 0.2461 0.0956 0.1902
175 0.1091 0.3359 0.2220 0.0499 0.2830
176 0.0933 0.2852 0.2678 0.0941 0.2595
177 0.0914 0.3557 0.2522 0.1654 0.1350
178 0.0739 0.2920 0.4385 0.0994 0.0963
179 0.1027 0.3367 0.3088 0.1200 0.1318
180 0.1654 0.2686 0.2815 0.1980 0.0865
181 0.0887 0.1879 0.3979 0.2489 0.0765
182 0.0136 0.1328 0.5771 0.2725 0.0042
183 0.0607 0.0911 0.4177 0.3926 0.0380
184 0.0870 0.1718 0.4668 0.2170 0.0575
185 0.1304 0.4016 0.3130 0.0984 0.0565
186 0.0331 0.3733 0.0789 0.4719 0.0425
187 0.0500 0.5410 0.1664 0.1991 0.0434
188 0.1151 0.2573 0.2020 0.1742 0.2515
189 0.1908 0.3269 0.1569 0.1301 0.1953
190 0.0146 0.2000 0.1375 0.6162 0.0319
191 0.0462 0.4180 0.2576 0.2656 0.0125
192 0.0385 0.3914 0.2264 0.3145 0.0295
193 0.0284 0.4138 0.1970 0.2198 0.1409
194 0.0350 0.4170 0.1685 0.3298 0.0498
195 0.0381 0.4324 0.4392 0.0690 0.0212
196 0.0689 0.4565 0.1888 0.2542 0.0316
197 0.0848 0.5239 0.1263 0.1345 0.1304
198 0.0312 0.4175 0.2512 0.2803 0.0197
199 0.0564 0.2451 0.1725 0.5107 0.0151
200 0.0732 0.2786 0.1422 0.4927 0.0132
201 0.0228 0.2937 0.4207 0.2551 0.0077
202 0.0797 0.1686 0.2781 0.4109 0.0630
203 0.1076 0.3696 0.2313 0.1553 0.1360
204 0.0184 0.4568 0.3044 0.1996 0.0207
205 0.0324 0.5967 0.2566 0.0915 0.0229
206 0.0410 0.1823 0.5747 0.1686 0.0332
207 0.0571 0.4634 0.1359 0.2024 0.1414
208 0.0453 0.4536 0.2061 0.2245 0.0707
209 0.0808 0.3003 0.1969 0.3594 0.0629
210 0.0807 0.3167 0.1847 0.3730 0.0449
211 0.0976 0.3252 0.1648 0.3328 0.0797
212 0.0865 0.3555 0.1019 0.4060 0.0500
213 0.1237 0.3184 0.2385 0.0986 0.2206
214 0.0975 0.3147 0.1864 0.0795 0.3220
215 0.0095 0.1097 0.0847 0.7729 0.0230
216 0.0135 0.1805 0.0880 0.6602 0.0577
217 0.0479 0.4072 0.2756 0.2549 0.0143
218 0.1311 0.5063 0.1373 0.1139 0.1113
219 0.0432 0.5103 0.1005 0.2861 0.0600
220 0.0803 0.4878 0.2778 0.1122 0.0420
221 0.1149 0.2632 0.4141 0.1753 0.0327
222 0.1581 0.3506 0.2688 0.0915 0.1310
223 0.0344 0.3533 0.5303 0.0729 0.0093
224 0.0176 0.3652 0.5151 0.0968 0.0052
225 0.0265 0.2800 0.6309 0.0587 0.0039
226 0.0279 0.3096 0.5967 0.0619 0.0037
227 0.0670 0.5742 0.1954 0.0998 0.0634
228 0.2939 0.3438 0.1151 0.1116 0.1356
229 0.2147 0.3950 0.0999 0.1283 0.1621
230 0.1688 0.3010 0.1389 0.2534 0.1378
231 0.1982 0.3562 0.1279 0.2029 0.1147
232 0.2590 0.4954 0.0923 0.0975 0.0556
233 0.0780 0.3811 0.2744 0.2384 0.0280
234 0.0910 0.1169 0.2893 0.4844 0.0185
235 0.2294 0.1436 0.1436 0.3965 0.0871
