time exciting_prob fearful_prob tense_prob sad_prob relaxing_prob
0 0.2037 0.2830 0.2496 0.2310 0.0327
1 0.1963 0.2122 0.1963 0.3186 0.0768
2 0.6919 0.0846 0.0654 0.1021 0.0559
3 0.9199 0.0139 0.0499 0.0071 0.0090
4 0.2397 0.1115 0.1477 0.4998 0.0014
5 0.3057 0.0803 0.3687 0.2167 0.0289
6 0.2355 0.1332 0.2318 0.3975 0.0022
7 0.3005 0.2065 0.4014 0.0822 0.0094
8 0.3660 0.1826 0.3518 0.0656 0.0340
9 0.1964 0.1350 0.2296 0.4355 0.0035
10 0.4270 0.1149 0.3652 0.0754 0.0175
11 0.1548 0.0340 0.1064 0.6777 0.0273
12 0.4873 0.0518 0.0916 0.3650 0.0045
13 0.3289 0.2042 0.1693 0.2664 0.0313
14 0.3811 0.0589 0.1327 0.4250 0.0024
15 0.1735 0.2544 0.4790 0.0820 0.0111
16 0.1045 0.2649 0.4299 0.1764 0.0244
17 0.1060 0.1164 0.3066 0.4531 0.0180
18 0.1296 0.0818 0.2385 0.5210 0.0289
19 0.0612 0.4119 0.3440 0.1208 0.0622
20 0.0965 0.1949 0.2622 0.4224 0.0238
21 0.0626 0.0535 0.6221 0.2362 0.0255
22 0.0494 0.1323 0.4653 0.3198 0.0329
23 0.1584 0.0522 0.4111 0.2961 0.0822
24 0.1686 0.0953 0.3569 0.3625 0.0167
25 0.0765 0.3101 0.4043 0.1895 0.0197
26 0.1606 0.0620 0.4299 0.2162 0.1311
27 0.0754 0.1598 0.3127 0.4309 0.0211
28 0.0642 0.1360 0.2106 0.5635 0.0255
29 0.1451 0.0802 0.2112 0.5312 0.0324
30 0.0302 0.1926 0.5400 0.1660 0.0709
31 0.0327 0.4661 0.3804 0.1057 0.0150
32 0.0496 0.2993 0.2900 0.2947 0.0663
33 0.0311 0.2837 0.0900 0.5381 0.0572
34 0.0399 0.2407 0.5176 0.1542 0.0474
35 0.0648 0.2905 0.4944 0.0707 0.0795
36 0.1987 0.0698 0.5073 0.1897 0.0343
37 0.0651 0.1599 0.5850 0.1664 0.0234
38 0.1132 0.2323 0.3625 0.2166 0.0754
39 0.1261 0.1658 0.3794 0.2864 0.0422
40 0.1749 0.1362 0.3479 0.2976 0.0432
41 0.1138 0.1543 0.2544 0.4463 0.0313
42 0.1031 0.1957 0.4958 0.1727 0.0325
43 0.1373 0.1353 0.4756 0.1848 0.0670
44 0.0683 0.1479 0.3523 0.3992 0.0323
45 0.1403 0.0280 0.2922 0.4058 0.1338
46 0.1129 0.0378 0.2883 0.5386 0.0221
47 0.0216 0.3354 0.5317 0.0754 0.0356
48 0.2389 0.0369 0.3115 0.3760 0.0367
49 0.0738 0.1305 0.4888 0.2830 0.0240
50 0.0494 0.3623 0.4651 0.0796 0.0436
51 0.0314 0.2803 0.5933 0.0420 0.0531
52 0.2220 0.1433 0.4485 0.0970 0.0890
53 0.1525 0.2150 0.3601 0.2253 0.0472
54 0.0373 0.1750 0.3794 0.3296 0.0789
55 0.0158 0.3633 0.5371 0.0721 0.0117
56 0.0432 0.4536 0.2646 0.0623 0.1763
57 0.0308 0.3474 0.3906 0.1137 0.1173
58 0.0412 0.4197 0.2546 0.2373 0.0471
59 0.1191 0.0459 0.2278 0.5908 0.0166
60 0.0969 0.2532 0.3103 0.3201 0.0195
61 0.0888 0.1609 0.4475 0.2756 0.0271
62 0.1298 0.1459 0.2856 0.4155 0.0231
63 0.1334 0.1072 0.3572 0.3743 0.0280
64 0.1204 0.1407 0.4009 0.3123 0.0258
65 0.1425 0.1719 0.2500 0.4058 0.0299
66 0.0583 0.1354 0.3198 0.4580 0.0284
67 0.0872 0.0250 0.0928 0.7773 0.0177
68 0.0527 0.1049 0.5669 0.2556 0.0200
69 0.0782 0.1748 0.4065 0.2646 0.0758
70 0.1260 0.0696 0.3425 0.4263 0.0356
71 0.0872 0.2837 0.2751 0.3369 0.0169
72 0.0231 0.2773 0.4644 0.2029 0.0323
73 0.0599 0.1415 0.4160 0.2815 0.1011
74 0.1725 0.0367 0.3948 0.2180 0.1780
75 0.1194 0.2754 0.3025 0.2488 0.0538
76 0.0825 0.2900 0.3235 0.2854 0.0185
77 0.0643 0.0996 0.2280 0.5913 0.0166
78 0.2035 0.0247 0.1160 0.6074 0.0483
79 0.0400 0.1115 0.3406 0.4878 0.0201
80 0.0717 0.0906 0.2041 0.6138 0.0197
81 0.0720 0.1687 0.2612 0.4622 0.0356
82 0.0598 0.1180 0.2681 0.5371 0.0167
83 0.0991 0.2632 0.2717 0.3054 0.0606
84 0.0583 0.3542 0.5234 0.0454 0.0186
85 0.0983 0.1823 0.2233 0.4875 0.0087
86 0.1277 0.1209 0.2241 0.5171 0.0104
87 0.0990 0.2319 0.3323 0.3196 0.0173
88 0.1541 0.1666 0.3088 0.3391 0.0313
89 0.0291 0.2891 0.3354 0.1159 0.2305
90 0.1592 0.1748 0.4604 0.1708 0.0349
91 0.0482 0.1606 0.5518 0.1984 0.0409
92 0.1246 0.1274 0.4736 0.2308 0.0434
93 0.0787 0.1068 0.4858 0.3018 0.0270
94 0.0314 0.1877 0.5923 0.1644 0.0242
95 0.0307 0.5615 0.2512 0.1224 0.0340
96 0.1316 0.3550 0.2617 0.2328 0.0190
97 0.0688 0.1379 0.1576 0.6133 0.0222
98 0.0618 0.1482 0.3875 0.3816 0.0210
99 0.2031 0.1737 0.3621 0.2129 0.0482
100 0.0775 0.4604 0.2686 0.1542 0.0393
101 0.0764 0.1642 0.3318 0.3215 0.1060
102 0.0631 0.1198 0.4736 0.2457 0.0977
103 0.0792 0.3547 0.4314 0.0536 0.0811
104 0.0776 0.2883 0.4502 0.1593 0.0246
105 0.1306 0.1716 0.2576 0.4116 0.0285
106 0.1562 0.1841 0.4775 0.1337 0.0484
107 0.0673 0.2834 0.3997 0.2057 0.0441
108 0.2131 0.2251 0.4656 0.0443 0.0518
109 0.0622 0.2678 0.2742 0.3335 0.0622
110 0.0361 0.3347 0.5024 0.0959 0.0307
111 0.0520 0.1412 0.1992 0.5674 0.0399
112 0.1287 0.3364 0.4253 0.0898 0.0197
113 0.0928 0.1774 0.5464 0.0957 0.0878
114 0.0504 0.1415 0.5908 0.1859 0.0313
115 0.2610 0.1511 0.2693 0.2164 0.1022
116 0.2274 0.1469 0.4890 0.1091 0.0278
117 0.0692 0.1672 0.2452 0.4954 0.0232
118 0.1257 0.0964 0.2139 0.5464 0.0177
119 0.0678 0.1162 0.2681 0.5293 0.0188
120 0.0629 0.0873 0.3372 0.4983 0.0144
121 0.1533 0.1022 0.1969 0.5269 0.0206
122 0.0895 0.0968 0.3457 0.4509 0.0170
123 0.0681 0.1499 0.1647 0.6069 0.0105
124 0.1084 0.0673 0.1448 0.6694 0.0102
125 0.1080 0.0748 0.3486 0.4548 0.0136
126 0.0787 0.1191 0.2815 0.5137 0.0072
127 0.0690 0.2625 0.1951 0.4502 0.0231
128 0.0717 0.2191 0.3115 0.3613 0.0363
129 0.0587 0.1896 0.3125 0.4141 0.0253
130 0.0311 0.2524 0.2485 0.4500 0.0180
131 0.0397 0.2284 0.1821 0.4988 0.0510
132 0.0222 0.5850 0.3154 0.0129 0.0646
133 0.0972 0.1163 0.2424 0.5132 0.0308
134 0.1068 0.1182 0.2333 0.5054 0.0363
135 0.1711 0.3223 0.2671 0.2146 0.0248
136 0.1530 0.1329 0.3213 0.3640 0.0287
137 0.0695 0.2581 0.3640 0.2971 0.0112
138 0.0300 0.2649 0.5308 0.1096 0.0649
139 0.0520 0.3696 0.4124 0.0452 0.1209
140 0.1219 0.5015 0.2463 0.1137 0.0164
141 0.0776 0.4465 0.2125 0.2428 0.0206
142 0.0436 0.2959 0.5977 0.0319 0.0312
143 0.1490 0.0732 0.4963 0.2576 0.0238
144 0.0895 0.3171 0.3247 0.2285 0.0400
145 0.0649 0.3430 0.3098 0.2690 0.0132
146 0.0569 0.2571 0.6172 0.0491 0.0198
147 0.1305 0.3896 0.1841 0.2203 0.0756
148 0.2479 0.1504 0.5249 0.0549 0.0220
149 0.0343 0.2437 0.4771 0.2020 0.0430
150 0.0416 0.2795 0.6060 0.0467 0.0262
151 0.0489 0.2791 0.4897 0.1565 0.0260
152 0.0942 0.2279 0.2727 0.2949 0.1102
153 0.1116 0.0810 0.3687 0.4114 0.0273
154 0.0638 0.1221 0.2372 0.5513 0.0254
155 0.0540 0.2659 0.4741 0.1901 0.0157
156 0.1022 0.1158 0.7095 0.0556 0.0170
157 0.0925 0.2534 0.2761 0.3491 0.0287
158 0.1180 0.1600 0.2404 0.4087 0.0728
159 0.0523 0.2006 0.4084 0.3257 0.0130
160 0.1178 0.2167 0.2084 0.4309 0.0261
161 0.1068 0.2026 0.1719 0.4897 0.0290
162 0.0675 0.2607 0.1558 0.4949 0.0212
163 0.0806 0.2600 0.2443 0.3933 0.0219
164 0.0712 0.1667 0.3164 0.4062 0.0393
165 0.0936 0.1520 0.3293 0.4036 0.0212
166 0.0757 0.2090 0.4060 0.2769 0.0323
167 0.0866 0.1175 0.5649 0.1982 0.0329
168 0.0966 0.2927 0.3879 0.1997 0.0231
169 0.0543 0.5356 0.2983 0.0351 0.0766
170 0.1537 0.1056 0.2344 0.4587 0.0476
171 0.0926 0.2402 0.1368 0.4814 0.0488
172 0.1176 0.1633 0.1969 0.4951 0.0271
173 0.0260 0.4868 0.3792 0.0915 0.0165
174 0.0578 0.3682 0.3457 0.2002 0.0282
175 0.1126 0.1276 0.2639 0.4629 0.0330
176 0.0602 0.1000 0.3438 0.4846 0.0115
177 0.2305 0.0803 0.1536 0.4656 0.0703
178 0.1048 0.2289 0.1455 0.4844 0.0365
179 0.0432 0.1832 0.4260 0.3215 0.0260
180 0.1335 0.5039 0.3279 0.0161 0.0184
181 0.1290 0.1439 0.5874 0.0795 0.0600
182 0.0498 0.2197 0.4507 0.2529 0.0269
183 0.0441 0.1565 0.4934 0.2947 0.0114
184 0.0861 0.1312 0.3767 0.3826 0.0233
185 0.0859 0.3374 0.1982 0.3481 0.0304
186 0.1019 0.1076 0.5771 0.1874 0.0262
187 0.0834 0.0742 0.3149 0.4619 0.0655
188 0.1227 0.2188 0.2257 0.3662 0.0667
189 0.1613 0.0346 0.1359 0.6479 0.0203
190 0.1849 0.2568 0.3298 0.1938 0.0345
191 0.0130 0.4900 0.3557 0.1288 0.0126
192 0.0181 0.5083 0.4214 0.0434 0.0087
193 0.0891 0.2188 0.3442 0.3284 0.0196
194 0.0418 0.4932 0.1425 0.2349 0.0878
195 0.0502 0.2632 0.2081 0.4109 0.0676
196 0.0929 0.0944 0.3618 0.4231 0.0279
197 0.0093 0.3196 0.5186 0.1332 0.0193
198 0.0504 0.2815 0.4712 0.1733 0.0235
199 0.0868 0.2551 0.4441 0.1753 0.0388
200 0.0841 0.2695 0.3406 0.2454 0.0606
201 0.1364 0.1879 0.4136 0.2284 0.0337
202 0.1128 0.1494 0.3289 0.3726 0.0363
203 0.2357 0.4072 0.1738 0.1498 0.0334
204 0.0940 0.0978 0.1368 0.6631 0.0085
205 0.1058 0.0927 0.2661 0.5127 0.0227
206 0.1217 0.1650 0.1930 0.4966 0.0238
207 0.0919 0.1550 0.2363 0.4966 0.0203
208 0.1346 0.1400 0.2238 0.4775 0.0240
209 0.0921 0.2371 0.2142 0.4326 0.0238
210 0.0936 0.0801 0.4539 0.3533 0.0192
211 0.0919 0.1208 0.1975 0.5762 0.0137
212 0.0635 0.1453 0.2001 0.5522 0.0388
213 0.0773 0.2827 0.1675 0.4446 0.0280
214 0.0957 0.1182 0.2705 0.4897 0.0260
215 0.1307 0.1154 0.2156 0.5254 0.0129
216 0.1000 0.2534 0.1624 0.4700 0.0141
217 0.0179 0.4443 0.4241 0.0969 0.0168
218 0.1000 0.1599 0.1990 0.5122 0.0291
219 0.1046 0.1281 0.1893 0.5605 0.0175
220 0.1342 0.0685 0.3269 0.4399 0.0302
221 0.0645 0.1621 0.2800 0.4617 0.0317
222 0.0660 0.1685 0.1385 0.5879 0.0391
223 0.0649 0.3623 0.4268 0.1149 0.0312
224 0.1267 0.0627 0.3555 0.4424 0.0126
225 0.0398 0.2382 0.5942 0.0940 0.0340
226 0.0834 0.1376 0.3198 0.4441 0.0150
227 0.0842 0.1742 0.2698 0.4448 0.0267
228 0.0970 0.1434 0.2257 0.5127 0.0212
229 0.0728 0.1042 0.2240 0.5811 0.0180
230 0.0872 0.3533 0.2563 0.2861 0.0170
231 0.0701 0.1682 0.3242 0.4036 0.0339
232 0.0615 0.2358 0.3005 0.3301 0.0720
233 0.0317 0.2717 0.3384 0.3179 0.0404
234 0.0674 0.3020 0.0231 0.3970 0.2108
235 0.0730 0.1510 0.1475 0.6113 0.0175
236 0.0219 0.3271 0.5562 0.0807 0.0139
237 0.0238 0.5459 0.3015 0.1075 0.0210
238 0.0502 0.0696 0.3374 0.5229 0.0200
239 0.0506 0.2340 0.4011 0.1621 0.1522
240 0.0956 0.2520 0.3064 0.3262 0.0201
241 0.1636 0.1389 0.3865 0.2344 0.0767
242 0.1382 0.1459 0.5815 0.1027 0.0318
243 0.0756 0.2852 0.1379 0.4558 0.0455
244 0.1027 0.0717 0.2622 0.5132 0.0500
245 0.3047 0.0302 0.1581 0.4795 0.0275
246 0.0723 0.2859 0.2749 0.3447 0.0224
247 0.0358 0.1995 0.6289 0.0689 0.0668
248 0.0531 0.1169 0.6323 0.1783 0.0192
249 0.0550 0.1617 0.7021 0.0446 0.0364
250 0.0884 0.1328 0.3135 0.4353 0.0299
251 0.0801 0.1012 0.4465 0.1862 0.1862
252 0.0882 0.0322 0.3330 0.5239 0.0228
253 0.0938 0.3770 0.2181 0.2913 0.0200
254 0.0682 0.1356 0.5796 0.1810 0.0354
255 0.0454 0.0583 0.3687 0.4885 0.0392
256 0.0293 0.1687 0.6416 0.1324 0.0280
257 0.0193 0.3445 0.5420 0.0589 0.0352
258 0.0296 0.1812 0.6836 0.0677 0.0377
259 0.0379 0.3198 0.4373 0.1453 0.0596
260 0.0387 0.1165 0.5020 0.2263 0.1165
261 0.0373 0.1533 0.6870 0.1078 0.0147
262 0.0337 0.1953 0.5146 0.1451 0.1113
263 0.0468 0.1671 0.5352 0.2017 0.0490
264 0.0949 0.1100 0.1815 0.5293 0.0844
265 0.0859 0.4431 0.3318 0.0914 0.0478
266 0.1364 0.1893 0.5352 0.0916 0.0479
267 0.1422 0.2135 0.4736 0.1456 0.0249
268 0.0535 0.4915 0.3379 0.0815 0.0356
269 0.1050 0.3062 0.4968 0.0699 0.0222
270 0.1149 0.1204 0.2357 0.4475 0.0815
271 0.1223 0.0828 0.2285 0.4990 0.0675
272 0.1829 0.1127 0.2009 0.4319 0.0716
