time exciting_prob fearful_prob tense_prob sad_prob relaxing_prob
0 0.1820 0.0847 0.1820 0.5264 0.0248
1 0.1060 0.4255 0.2581 0.1471 0.0632
2 0.1365 0.4011 0.1836 0.1954 0.0834
3 0.1152 0.4775 0.2273 0.1179 0.0621
4 0.0987 0.4321 0.3418 0.1035 0.0240
5 0.0370 0.0954 0.2554 0.5322 0.0803
6 0.0651 0.0863 0.4182 0.4116 0.0188
7 0.1098 0.1107 0.6519 0.1081 0.0197
8 0.1570 0.3948 0.2064 0.0748 0.1671
9 0.0369 0.2280 0.3760 0.1449 0.2142
10 0.0367 0.3003 0.2469 0.1062 0.3098
11 0.0449 0.1460 0.2191 0.0885 0.5015
12 0.1648 0.3984 0.2759 0.0221 0.1388
13 0.1411 0.3308 0.1490 0.0187 0.3604
14 0.1160 0.2307 0.2084 0.0305 0.4146
15 0.0750 0.1677 0.3337 0.0683 0.3552
16 0.0477 0.1692 0.3872 0.1459 0.2500
17 0.2201 0.3408 0.2893 0.0327 0.1169
18 0.1015 0.0578 0.0848 0.0117 0.7441
19 0.2739 0.2534 0.1455 0.0189 0.3081
20 0.2079 0.2318 0.1300 0.0169 0.4133
21 0.1785 0.1991 0.3284 0.1842 0.1100
22 0.0681 0.0583 0.6670 0.1852 0.0216
23 0.0580 0.1602 0.7583 0.0114 0.0124
24 0.1139 0.6655 0.1968 0.0099 0.0138
25 0.0723 0.4500 0.4607 0.0070 0.0100
26 0.0879 0.4294 0.4534 0.0121 0.0172
27 0.2113 0.4543 0.2935 0.0079 0.0329
28 0.1746 0.4155 0.3813 0.0162 0.0123
29 0.1774 0.1859 0.5723 0.0520 0.0123
30 0.2415 0.4043 0.3274 0.0101 0.0168
31 0.4612 0.2230 0.2318 0.0358 0.0482
32 0.1417 0.1792 0.5693 0.0887 0.0209
33 0.1074 0.3604 0.4966 0.0230 0.0127
34 0.1277 0.2642 0.5679 0.0326 0.0076
35 0.0745 0.3931 0.5049 0.0215 0.0062
36 0.0226 0.1201 0.7827 0.0728 0.0016
37 0.1622 0.4272 0.3030 0.0991 0.0084
38 0.2029 0.5347 0.2045 0.0372 0.0207
39 0.1833 0.4907 0.2566 0.0559 0.0136
40 0.1598 0.6997 0.1142 0.0185 0.0079
41 0.0467 0.4678 0.2881 0.1860 0.0114
42 0.0576 0.7407 0.1615 0.0369 0.0031
43 0.0588 0.1266 0.5244 0.2808 0.0095
44 0.0936 0.4395 0.3423 0.1183 0.0062
45 0.1036 0.8145 0.0546 0.0242 0.0032
46 0.1489 0.6675 0.1196 0.0527 0.0116
47 0.1324 0.4998 0.0583 0.2937 0.0159
48 0.1855 0.5083 0.1445 0.1368 0.0247
49 0.1124 0.8179 0.0335 0.0310 0.0053
50 0.2871 0.5796 0.0848 0.0243 0.0241
51 0.3843 0.4895 0.0934 0.0138 0.0190
52 0.2418 0.5845 0.1255 0.0317 0.0164
53 0.2460 0.5332 0.1539 0.0473 0.0197
54 0.2467 0.6152 0.1028 0.0080 0.0273
55 0.4102 0.3220 0.1937 0.0309 0.0432
56 0.4060 0.4709 0.0844 0.0180 0.0207
57 0.1015 0.5981 0.1141 0.1796 0.0069
58 0.0609 0.8740 0.0180 0.0446 0.0025
59 0.1261 0.5522 0.0314 0.2712 0.0189
60 0.1628 0.6191 0.0331 0.1615 0.0233
61 0.0736 0.6118 0.1186 0.1925 0.0036
62 0.2246 0.5518 0.0501 0.1532 0.0206
63 0.1965 0.3757 0.1483 0.1949 0.0845
64 0.1187 0.6465 0.0748 0.1500 0.0101
65 0.0870 0.5850 0.0570 0.2656 0.0053
66 0.1119 0.5093 0.0178 0.3237 0.0375
67 0.2001 0.3074 0.2113 0.0975 0.1836
68 0.2561 0.4976 0.1615 0.0418 0.0431
69 0.1255 0.1074 0.1514 0.5537 0.0621
70 0.0881 0.3711 0.4014 0.1302 0.0091
71 0.1643 0.2142 0.4536 0.1129 0.0550
72 0.1469 0.4087 0.1296 0.2056 0.1092
73 0.1069 0.3560 0.4363 0.0367 0.0643
74 0.0829 0.2068 0.5161 0.1133 0.0810
75 0.0874 0.1725 0.3826 0.3027 0.0547
76 0.1232 0.1342 0.5518 0.1113 0.0795
77 0.1835 0.4038 0.2979 0.0457 0.0691
78 0.1820 0.4722 0.2690 0.0406 0.0361
79 0.2539 0.3665 0.2441 0.0524 0.0831
80 0.2461 0.0554 0.2620 0.3418 0.0949
81 0.2457 0.4114 0.2698 0.0136 0.0593
82 0.3511 0.2932 0.1738 0.0248 0.1570
83 0.2351 0.3394 0.2483 0.0935 0.0838
84 0.3418 0.2330 0.2172 0.1692 0.0389
85 0.1818 0.1329 0.3191 0.3240 0.0422
86 0.4172 0.3711 0.1431 0.0502 0.0182
87 0.4412 0.3228 0.1897 0.0320 0.0144
88 0.3247 0.4075 0.1055 0.1376 0.0249
89 0.3533 0.2264 0.2883 0.0997 0.0321
90 0.3901 0.2441 0.2155 0.1083 0.0418
91 0.2544 0.2076 0.4429 0.0701 0.0250
92 0.1769 0.4019 0.2534 0.1265 0.0414
93 0.3083 0.2328 0.3083 0.1066 0.0441
94 0.3237 0.1392 0.3210 0.1873 0.0287
95 0.0803 0.1571 0.2715 0.4839 0.0072
96 0.1233 0.1711 0.1038 0.5835 0.0180
97 0.1130 0.1570 0.3347 0.3914 0.0038
98 0.2297 0.1980 0.0988 0.4641 0.0093
99 0.0878 0.3472 0.0520 0.4856 0.0276
100 0.0771 0.2566 0.1121 0.5391 0.0148
101 0.0726 0.1108 0.0407 0.7510 0.0249
102 0.1153 0.4285 0.0414 0.4023 0.0124
103 0.0997 0.0886 0.0367 0.7598 0.0153
104 0.0434 0.1277 0.0647 0.7402 0.0238
105 0.1665 0.2073 0.1759 0.4424 0.0080
106 0.0569 0.0765 0.2081 0.6411 0.0173
107 0.2231 0.6870 0.0547 0.0286 0.0064
108 0.3796 0.4688 0.0881 0.0490 0.0144
109 0.3086 0.5903 0.0684 0.0249 0.0077
110 0.4854 0.1992 0.0662 0.2366 0.0127
111 0.2527 0.6660 0.0133 0.0654 0.0024
112 0.2598 0.3184 0.0272 0.3840 0.0107
113 0.2158 0.3342 0.0198 0.4192 0.0109
114 0.1952 0.1907 0.0167 0.5874 0.0101
115 0.1743 0.4180 0.0158 0.3777 0.0141
116 0.1017 0.6377 0.0338 0.2239 0.0028
117 0.2163 0.3594 0.0530 0.3594 0.0117
118 0.1376 0.5615 0.0300 0.2651 0.0059
119 0.1387 0.5752 0.0356 0.2454 0.0052
120 0.2379 0.3545 0.0178 0.3772 0.0126
121 0.0983 0.6982 0.0230 0.1698 0.0106
122 0.1390 0.3059 0.0193 0.5288 0.0071
123 0.0969 0.2473 0.0174 0.6265 0.0118
124 0.1527 0.5854 0.0727 0.1842 0.0050
125 0.0884 0.1870 0.4023 0.2988 0.0234
126 0.5498 0.1066 0.0444 0.2637 0.0354
127 0.4258 0.3586 0.0521 0.0958 0.0679
128 0.3176 0.4478 0.1072 0.0784 0.0491
129 0.1726 0.6465 0.1511 0.0086 0.0214
130 0.1942 0.6992 0.0726 0.0122 0.0218
131 0.2013 0.5303 0.1982 0.0471 0.0229
132 0.1664 0.4185 0.1515 0.2087 0.0549
133 0.1404 0.3289 0.1371 0.3091 0.0845
134 0.2144 0.4575 0.1656 0.1486 0.0139
135 0.2585 0.5737 0.0915 0.0595 0.0168
136 0.0981 0.7305 0.0776 0.0852 0.0087
137 0.0639 0.4873 0.3145 0.0834 0.0510
138 0.0905 0.3235 0.2520 0.3086 0.0257
139 0.1053 0.3733 0.2998 0.2177 0.0040
140 0.0620 0.2002 0.2529 0.4583 0.0267
141 0.0795 0.0958 0.0256 0.0741 0.7251
142 0.0790 0.5361 0.0790 0.0487 0.2571
143 0.0793 0.6694 0.1732 0.0349 0.0431
144 0.2561 0.2483 0.3447 0.0787 0.0723
145 0.1639 0.3135 0.2172 0.0289 0.2766
146 0.1658 0.4302 0.2629 0.0665 0.0747
147 0.1943 0.5078 0.1943 0.0146 0.0889
148 0.1915 0.3960 0.0792 0.0149 0.3184
149 0.0633 0.2974 0.1183 0.4260 0.0950
150 0.1989 0.4446 0.0640 0.2849 0.0077
151 0.1803 0.6543 0.0663 0.0865 0.0127
152 0.1547 0.5928 0.0945 0.1476 0.0104
153 0.0432 0.5176 0.2406 0.1934 0.0055
154 0.4402 0.2469 0.0771 0.2301 0.0058
155 0.4370 0.2303 0.0714 0.2322 0.0291
156 0.3699 0.1760 0.1720 0.2727 0.0096
157 0.2690 0.2671 0.2412 0.2096 0.0130
158 0.1174 0.0879 0.2644 0.5181 0.0123
159 0.0803 0.0903 0.5034 0.3054 0.0203
160 0.0721 0.0420 0.1032 0.7510 0.0317
161 0.0561 0.0455 0.3181 0.5757 0.0046
162 0.3914 0.0997 0.2908 0.1792 0.0388
163 0.3630 0.2345 0.2742 0.1198 0.0085
164 0.3193 0.3792 0.2710 0.0235 0.0070
165 0.6816 0.0316 0.0397 0.1953 0.0518
166 0.5557 0.2012 0.1320 0.0852 0.0260
167 0.7896 0.0297 0.0238 0.1449 0.0118
168 0.5581 0.0597 0.0404 0.3384 0.0035
169 0.7109 0.0715 0.0417 0.1587 0.0171
170 0.5498 0.0926 0.0762 0.2700 0.0117
171 0.6538 0.0740 0.0668 0.1903 0.0149
172 0.9248 0.0282 0.0288 0.0134 0.0047
173 0.7446 0.1727 0.0410 0.0345 0.0069
174 0.4805 0.1926 0.1941 0.1124 0.0205
175 0.1127 0.7461 0.1277 0.0101 0.0033
176 0.0596 0.6719 0.2017 0.0625 0.0044
177 0.0651 0.4963 0.3989 0.0363 0.0034
178 0.1080 0.3486 0.3274 0.2048 0.0112
179 0.0929 0.4434 0.2300 0.2300 0.0038
180 0.0654 0.6768 0.1938 0.0629 0.0013
181 0.0406 0.3123 0.2113 0.4336 0.0023
182 0.0524 0.6855 0.2406 0.0180 0.0037
183 0.0450 0.4731 0.4309 0.0483 0.0026
184 0.0853 0.5518 0.3145 0.0394 0.0090
185 0.4231 0.1749 0.1593 0.1271 0.1157
186 0.0906 0.4255 0.3162 0.1119 0.0558
187 0.1078 0.0478 0.4905 0.3320 0.0219
188 0.0539 0.0507 0.5708 0.2825 0.0420
189 0.2083 0.2491 0.4045 0.1224 0.0157
190 0.2297 0.3396 0.3423 0.0207 0.0679
191 0.1125 0.5005 0.1316 0.0607 0.1945
192 0.1257 0.1494 0.1448 0.0980 0.4822
193 0.0611 0.4807 0.1782 0.1782 0.1016
194 0.1754 0.4658 0.1388 0.0720 0.1477
195 0.0788 0.2061 0.2646 0.0144 0.4363
196 0.0330 0.2087 0.6138 0.1287 0.0161
197 0.0618 0.0689 0.2769 0.5679 0.0246
198 0.0500 0.2040 0.4185 0.3110 0.0167
199 0.0852 0.2949 0.3396 0.2484 0.0318
200 0.0869 0.1151 0.2634 0.4624 0.0720
201 0.2046 0.2842 0.2468 0.2318 0.0326
202 0.2046 0.2842 0.2468 0.2318 0.0326
203 0.2037 0.2830 0.2496 0.2310 0.0327
204 0.2037 0.2830 0.2496 0.2310 0.0327
205 0.2037 0.2830 0.2496 0.2310 0.0327
206 0.2037 0.2830 0.2496 0.2310 0.0327
207 0.2037 0.2830 0.2496 0.2310 0.0327
208 0.2037 0.2830 0.2496 0.2310 0.0327
209 0.2037 0.2830 0.2496 0.2310 0.0327
210 0.2037 0.2830 0.2496 0.2310 0.0327
211 0.5586 0.2559 0.0699 0.0287 0.0870
212 0.5586 0.2559 0.0699 0.0287 0.0870
213 0.5591 0.2561 0.0700 0.0285 0.0864
214 0.5576 0.2554 0.0698 0.0289 0.0883
215 0.5615 0.2529 0.0692 0.0291 0.0875
