time exciting_prob fearful_prob tense_prob sad_prob relaxing_prob
0 0.2037 0.2830 0.2496 0.2310 0.0327
1 0.0659 0.0165 0.8955 0.0179 0.0042
2 0.0453 0.0152 0.8960 0.0337 0.0099
3 0.0684 0.0145 0.8335 0.0663 0.0173
4 0.0634 0.0207 0.8677 0.0350 0.0131
5 0.0953 0.0129 0.8237 0.0597 0.0085
6 0.0505 0.0088 0.9243 0.0095 0.0067
7 0.0540 0.0110 0.9126 0.0149 0.0074
8 0.0687 0.0143 0.8906 0.0216 0.0049
9 0.0578 0.0091 0.9185 0.0110 0.0034
10 0.0747 0.0163 0.8823 0.0201 0.0066
11 0.0784 0.0128 0.8838 0.0203 0.0044
12 0.2815 0.0690 0.5098 0.1085 0.0316
13 0.3157 0.2037 0.2070 0.1975 0.0762
14 0.7749 0.0636 0.0553 0.0320 0.0743
15 0.8018 0.0352 0.0452 0.0819 0.0358
16 0.7388 0.0154 0.0640 0.1598 0.0221
17 0.2534 0.0278 0.6885 0.0236 0.0067
18 0.0385 0.3179 0.5493 0.0785 0.0161
19 0.0662 0.4116 0.4963 0.0182 0.0077
20 0.0842 0.0356 0.7861 0.0910 0.0029
21 0.0782 0.2043 0.6699 0.0418 0.0058
22 0.2639 0.0144 0.5854 0.0870 0.0488
23 0.0166 0.4060 0.5547 0.0219 0.0008
24 0.1823 0.0592 0.7095 0.0298 0.0192
25 0.1749 0.0329 0.4905 0.2839 0.0177
26 0.0539 0.1409 0.7734 0.0195 0.0125
27 0.2827 0.0398 0.4590 0.1587 0.0598
28 0.1758 0.0488 0.6846 0.0792 0.0116
29 0.0325 0.1478 0.5942 0.1990 0.0265
30 0.0428 0.0244 0.8877 0.0415 0.0034
31 0.0734 0.0711 0.7646 0.0845 0.0065
32 0.0447 0.1672 0.7153 0.0687 0.0041
33 0.1793 0.0419 0.5356 0.2197 0.0235
34 0.6187 0.0414 0.2461 0.0878 0.0061
35 0.0569 0.0097 0.7617 0.1699 0.0019
36 0.0457 0.0450 0.8481 0.0568 0.0046
37 0.0443 0.0501 0.7969 0.1061 0.0026
38 0.0775 0.3040 0.5767 0.0392 0.0025
39 0.1351 0.0746 0.7305 0.0238 0.0358
40 0.2566 0.1395 0.5024 0.0776 0.0237
41 0.2306 0.1047 0.5708 0.0835 0.0106
42 0.0429 0.0249 0.5571 0.3711 0.0043
43 0.0333 0.1161 0.8125 0.0357 0.0021
44 0.0412 0.0250 0.9233 0.0101 0.0004
45 0.0652 0.0584 0.8584 0.0148 0.0034
46 0.0081 0.0134 0.9683 0.0091 0.0012
47 0.0233 0.0443 0.9175 0.0133 0.0014
48 0.0327 0.0208 0.7808 0.1586 0.0071
49 0.0579 0.1854 0.7222 0.0265 0.0081
50 0.0939 0.0117 0.8496 0.0413 0.0032
51 0.0244 0.0108 0.8994 0.0622 0.0030
52 0.0359 0.0446 0.8291 0.0887 0.0018
53 0.0113 0.0553 0.8647 0.0677 0.0010
54 0.0360 0.4126 0.3420 0.2042 0.0050
55 0.0182 0.1412 0.6636 0.1758 0.0011
56 0.1006 0.1908 0.6660 0.0370 0.0055
57 0.0602 0.0121 0.9136 0.0134 0.0008
58 0.0284 0.1312 0.7554 0.0834 0.0014
59 0.0772 0.0263 0.8047 0.0875 0.0043
60 0.1026 0.4124 0.4321 0.0424 0.0106
61 0.0309 0.0264 0.8877 0.0517 0.0034
62 0.1143 0.0528 0.7935 0.0247 0.0145
63 0.0331 0.0043 0.9233 0.0347 0.0046
64 0.0121 0.0059 0.9604 0.0193 0.0021
65 0.0379 0.0983 0.8359 0.0263 0.0015
66 0.0858 0.0585 0.8008 0.0474 0.0076
67 0.0447 0.1263 0.7983 0.0275 0.0029
68 0.0289 0.0318 0.9136 0.0251 0.0005
69 0.1216 0.4114 0.4114 0.0084 0.0472
70 0.2196 0.0795 0.6401 0.0262 0.0345
71 0.0332 0.0157 0.7925 0.1560 0.0027
72 0.0514 0.0990 0.8418 0.0053 0.0026
73 0.0492 0.0948 0.7632 0.0779 0.0150
74 0.0589 0.0136 0.9072 0.0182 0.0022
75 0.0342 0.0534 0.4402 0.4614 0.0107
76 0.0349 0.0575 0.8452 0.0532 0.0092
77 0.0230 0.0164 0.9321 0.0273 0.0013
78 0.0340 0.0708 0.1204 0.7612 0.0135
79 0.0436 0.0040 0.9331 0.0168 0.0022
80 0.0405 0.0296 0.9072 0.0188 0.0038
81 0.0753 0.0729 0.5264 0.2817 0.0435
82 0.0455 0.1433 0.7510 0.0579 0.0021
83 0.0229 0.0724 0.7842 0.0765 0.0439
84 0.1506 0.1720 0.4678 0.1965 0.0132
85 0.1393 0.3044 0.5020 0.0384 0.0161
86 0.0130 0.0168 0.9053 0.0410 0.0238
87 0.0361 0.4651 0.4797 0.0180 0.0010
88 0.2585 0.0471 0.5825 0.0873 0.0244
89 0.0265 0.2167 0.6885 0.0671 0.0012
90 0.0673 0.0249 0.7822 0.1110 0.0147
91 0.2180 0.0286 0.6660 0.0555 0.0316
92 0.0169 0.2993 0.6748 0.0088 0.0002
93 0.0234 0.0322 0.8242 0.0709 0.0495
94 0.0732 0.2036 0.6997 0.0189 0.0048
95 0.2086 0.0182 0.3281 0.4417 0.0032
96 0.1713 0.0394 0.2532 0.5034 0.0327
97 0.0637 0.1219 0.7700 0.0431 0.0012
98 0.0389 0.0448 0.6279 0.2830 0.0054
99 0.0594 0.1577 0.7070 0.0711 0.0046
100 0.1044 0.1681 0.6597 0.0533 0.0148
101 0.1168 0.1753 0.3770 0.3174 0.0134
102 0.0611 0.3804 0.2915 0.2534 0.0135
103 0.0972 0.2812 0.4358 0.1654 0.0204
104 0.0513 0.0782 0.1997 0.6343 0.0363
105 0.2192 0.2603 0.3848 0.1329 0.0028
106 0.0376 0.1014 0.8296 0.0293 0.0020
107 0.0618 0.1759 0.7012 0.0571 0.0038
108 0.3154 0.1346 0.4485 0.0890 0.0124
109 0.0260 0.0339 0.9160 0.0212 0.0031
110 0.1958 0.0817 0.4414 0.2761 0.0049
111 0.0254 0.0923 0.8491 0.0300 0.0033
112 0.0336 0.0549 0.9004 0.0098 0.0012
113 0.0146 0.0223 0.9619 0.0009 0.0002
114 0.0560 0.0382 0.8364 0.0655 0.0039
115 0.0816 0.0842 0.7622 0.0635 0.0085
116 0.0213 0.1125 0.8506 0.0129 0.0026
117 0.0663 0.0272 0.7349 0.1692 0.0022
118 0.0596 0.0748 0.7207 0.1376 0.0074
119 0.4565 0.1415 0.2947 0.0995 0.0078
120 0.0538 0.0192 0.9165 0.0088 0.0018
121 0.0301 0.0157 0.9087 0.0418 0.0038
122 0.0371 0.0507 0.8921 0.0158 0.0042
123 0.0757 0.0972 0.5171 0.2947 0.0155
124 0.0713 0.0506 0.3564 0.5186 0.0031
125 0.1125 0.0461 0.5039 0.3306 0.0068
126 0.3123 0.1054 0.3826 0.1594 0.0403
127 0.1545 0.0730 0.3323 0.4265 0.0137
128 0.1180 0.0500 0.6479 0.1691 0.0151
129 0.0569 0.2803 0.4272 0.2251 0.0106
130 0.1061 0.4165 0.4365 0.0319 0.0091
131 0.0715 0.0616 0.4924 0.3384 0.0359
132 0.2871 0.0693 0.2307 0.3518 0.0611
133 0.0495 0.0646 0.4624 0.4146 0.0089
134 0.1182 0.0599 0.6094 0.1948 0.0176
135 0.0570 0.0487 0.8438 0.0423 0.0083
136 0.1267 0.1705 0.5254 0.1666 0.0107
137 0.0800 0.1830 0.6538 0.0652 0.0181
138 0.0969 0.0954 0.3127 0.4844 0.0105
139 0.1443 0.3684 0.4209 0.0597 0.0067
140 0.0722 0.0694 0.7349 0.1144 0.0092
141 0.2676 0.2512 0.4016 0.0552 0.0245
142 0.0988 0.1415 0.4426 0.3042 0.0130
143 0.0606 0.3486 0.5073 0.0809 0.0029
144 0.1417 0.4648 0.2196 0.1683 0.0055
145 0.0284 0.0802 0.7974 0.0790 0.0150
146 0.0284 0.0641 0.8442 0.0386 0.0249
147 0.1812 0.2344 0.1729 0.3630 0.0487
148 0.0231 0.0907 0.8472 0.0281 0.0109
149 0.1260 0.2045 0.4536 0.1669 0.0490
150 0.1377 0.0661 0.6470 0.1315 0.0179
151 0.1153 0.0598 0.6431 0.1731 0.0085
152 0.1080 0.0616 0.8174 0.0118 0.0014
153 0.0385 0.0534 0.8960 0.0097 0.0025
154 0.1625 0.1842 0.6230 0.0257 0.0047
155 0.2129 0.3884 0.3350 0.0555 0.0083
156 0.0624 0.0629 0.8550 0.0180 0.0019
157 0.1797 0.1065 0.6626 0.0365 0.0146
158 0.0240 0.1917 0.3159 0.4668 0.0016
159 0.0539 0.0334 0.8696 0.0376 0.0056
160 0.0627 0.1298 0.6592 0.1403 0.0082
161 0.1523 0.1523 0.6118 0.0784 0.0052
162 0.0760 0.0507 0.8052 0.0579 0.0103
163 0.0627 0.0608 0.7891 0.0831 0.0043
164 0.0226 0.0378 0.8218 0.1095 0.0081
165 0.0156 0.6128 0.3279 0.0427 0.0009
166 0.1339 0.0668 0.1494 0.6289 0.0209
167 0.0291 0.0790 0.7734 0.1132 0.0051
168 0.0795 0.1709 0.7310 0.0167 0.0023
169 0.0621 0.1235 0.2698 0.5117 0.0330
170 0.0710 0.1338 0.7461 0.0438 0.0051
171 0.2047 0.0311 0.3323 0.3945 0.0373
172 0.0645 0.1583 0.5879 0.1793 0.0099
173 0.0856 0.1840 0.4146 0.3081 0.0077
174 0.1927 0.2036 0.5366 0.0552 0.0120
175 0.2725 0.0812 0.6094 0.0285 0.0084
176 0.1472 0.2446 0.5176 0.0396 0.0509
177 0.1599 0.1411 0.6421 0.0447 0.0120
178 0.1881 0.0410 0.6772 0.0620 0.0317
179 0.1230 0.4160 0.3586 0.0981 0.0042
180 0.1509 0.3508 0.4006 0.0522 0.0453
181 0.1519 0.1720 0.4292 0.2334 0.0136
182 0.3149 0.1252 0.1740 0.3005 0.0854
183 0.1194 0.0394 0.2339 0.5972 0.0101
184 0.1155 0.2157 0.5957 0.0550 0.0181
185 0.1112 0.1520 0.6758 0.0525 0.0084
186 0.5518 0.0471 0.3142 0.0609 0.0262
187 0.1479 0.1074 0.5249 0.2103 0.0095
188 0.5239 0.1782 0.1897 0.0809 0.0275
189 0.3032 0.0527 0.4480 0.1810 0.0152
190 0.2612 0.2217 0.3328 0.1660 0.0183
191 0.2949 0.0442 0.3999 0.2091 0.0520
192 0.3792 0.0894 0.3560 0.1174 0.0581
193 0.1566 0.0372 0.5640 0.2141 0.0281
194 0.1240 0.0921 0.4941 0.2299 0.0599
195 0.1931 0.1327 0.2600 0.3579 0.0562
196 0.2910 0.0250 0.2451 0.4170 0.0218
197 0.1501 0.0803 0.3545 0.3489 0.0661
198 0.0463 0.0409 0.8467 0.0633 0.0030
199 0.2396 0.1398 0.3860 0.2131 0.0214
200 0.1149 0.0423 0.6118 0.2216 0.0096
201 0.1381 0.1844 0.5054 0.1318 0.0405
202 0.1466 0.2150 0.4922 0.1421 0.0041
203 0.4861 0.1259 0.2903 0.0838 0.0141
204 0.1053 0.0989 0.2566 0.5103 0.0290
205 0.0388 0.4443 0.3682 0.1465 0.0022
206 0.1005 0.1417 0.4868 0.2605 0.0105
207 0.0945 0.0490 0.4172 0.4304 0.0089
208 0.0463 0.1059 0.4458 0.3872 0.0149
209 0.3997 0.2834 0.2224 0.0851 0.0095
210 0.3442 0.2744 0.3040 0.0612 0.0160
211 0.0974 0.4575 0.3792 0.0555 0.0105
212 0.0706 0.1802 0.4973 0.2500 0.0020
213 0.1525 0.4446 0.3203 0.0822 0.0005
214 0.0426 0.5151 0.3225 0.1168 0.0029
215 0.5908 0.2260 0.0935 0.0734 0.0164
216 0.1385 0.1475 0.4302 0.2690 0.0147
217 0.5264 0.2126 0.1461 0.0609 0.0542
218 0.2250 0.0748 0.3271 0.3650 0.0080
219 0.1952 0.2666 0.3425 0.1833 0.0124
220 0.0733 0.0520 0.4421 0.4221 0.0104
221 0.0508 0.0580 0.8140 0.0728 0.0044
222 0.0349 0.6377 0.3208 0.0061 0.0004
223 0.1597 0.1512 0.6025 0.0828 0.0036
224 0.1125 0.2783 0.5581 0.0444 0.0068
225 0.2037 0.2830 0.2496 0.2310 0.0327
