time exciting_prob fearful_prob tense_prob sad_prob relaxing_prob
0 0.2037 0.2830 0.2496 0.2310 0.0327
1 0.3491 0.2805 0.1389 0.1812 0.0503
2 0.0939 0.0939 0.4207 0.3328 0.0587
3 0.0733 0.0857 0.4854 0.3037 0.0520
4 0.1873 0.1873 0.3904 0.1349 0.1002
5 0.1416 0.0619 0.3345 0.4163 0.0460
6 0.1328 0.1459 0.4785 0.1903 0.0524
7 0.1729 0.2382 0.4312 0.0970 0.0607
8 0.1982 0.2317 0.3821 0.1416 0.0464
9 0.2040 0.2744 0.3469 0.1317 0.0428
10 0.1464 0.3738 0.3796 0.0708 0.0295
11 0.1816 0.2903 0.3845 0.1019 0.0415
12 0.2507 0.2355 0.4609 0.0275 0.0254
13 0.2722 0.1676 0.5083 0.0278 0.0240
14 0.2498 0.1857 0.4968 0.0174 0.0504
15 0.2693 0.1910 0.4878 0.0171 0.0348
16 0.2563 0.2445 0.4429 0.0212 0.0352
17 0.1957 0.2051 0.4080 0.1622 0.0291
18 0.1028 0.0486 0.5137 0.3020 0.0328
19 0.0863 0.4150 0.4282 0.0448 0.0257
20 0.1782 0.1116 0.2986 0.3179 0.0939
21 0.1298 0.2791 0.5054 0.0673 0.0183
22 0.2012 0.1404 0.2974 0.3315 0.0294
23 0.2815 0.3672 0.2927 0.0311 0.0276
24 0.1798 0.2720 0.4082 0.1057 0.0343
25 0.2104 0.1381 0.5635 0.0441 0.0441
26 0.1968 0.2144 0.4868 0.0559 0.0460
27 0.1118 0.3811 0.2385 0.2241 0.0445
28 0.3811 0.2898 0.1317 0.1576 0.0399
29 0.3169 0.1029 0.3220 0.2095 0.0486
30 0.3203 0.2915 0.2593 0.1089 0.0198
31 0.1343 0.1725 0.2588 0.4138 0.0206
32 0.1417 0.3169 0.1892 0.3025 0.0497
33 0.1351 0.0419 0.0944 0.7080 0.0206
34 0.2163 0.1864 0.1595 0.3594 0.0783
35 0.1471 0.2042 0.3936 0.2463 0.0086
36 0.1299 0.4749 0.2279 0.1566 0.0108
37 0.5908 0.1471 0.1043 0.1404 0.0172
38 0.1338 0.0751 0.1403 0.6382 0.0124
39 0.2673 0.1323 0.3379 0.2286 0.0340
40 0.2357 0.1780 0.3484 0.2214 0.0164
41 0.2245 0.1832 0.2389 0.3423 0.0112
42 0.2300 0.2524 0.1967 0.3093 0.0114
43 0.3542 0.0869 0.1648 0.3772 0.0168
44 0.3223 0.0802 0.3594 0.2146 0.0235
45 0.2413 0.3457 0.3352 0.0610 0.0168
46 0.2268 0.1738 0.4580 0.1105 0.0307
47 0.2798 0.2979 0.2864 0.1054 0.0304
48 0.2708 0.2109 0.3479 0.1472 0.0231
49 0.1499 0.1866 0.2181 0.4077 0.0376
50 0.2576 0.1033 0.2239 0.3577 0.0575
51 0.1313 0.1421 0.3252 0.3628 0.0385
52 0.2040 0.3259 0.3416 0.1127 0.0159
53 0.1774 0.3213 0.4189 0.0745 0.0080
54 0.0979 0.4670 0.3416 0.0864 0.0070
55 0.1088 0.3052 0.1880 0.3918 0.0064
56 0.2629 0.3123 0.2432 0.1646 0.0171
57 0.1102 0.0712 0.4426 0.3669 0.0090
58 0.2147 0.2147 0.3076 0.2551 0.0078
59 0.1326 0.4592 0.2238 0.1743 0.0101
60 0.2491 0.1398 0.2452 0.3198 0.0461
61 0.1635 0.1511 0.3459 0.2532 0.0861
62 0.3440 0.1914 0.2401 0.0970 0.1276
63 0.2834 0.4124 0.2502 0.0256 0.0285
64 0.2676 0.3716 0.2676 0.0593 0.0338
65 0.2155 0.2681 0.2404 0.1058 0.1704
66 0.3621 0.0582 0.1710 0.3796 0.0290
67 0.1652 0.3442 0.2725 0.2024 0.0156
68 0.2009 0.0576 0.2386 0.4973 0.0054
69 0.1967 0.1289 0.3533 0.2029 0.1183
70 0.1781 0.0868 0.2473 0.4692 0.0185
71 0.1686 0.2803 0.3599 0.1234 0.0681
72 0.2235 0.1797 0.4177 0.1115 0.0676
73 0.0715 0.3154 0.5537 0.0491 0.0105
74 0.2754 0.1185 0.3765 0.1632 0.0665
75 0.1823 0.1465 0.2340 0.3857 0.0514
76 0.2576 0.2383 0.3308 0.1348 0.0386
77 0.3147 0.3457 0.2267 0.0784 0.0345
78 0.1604 0.2028 0.4863 0.1102 0.0403
79 0.2676 0.2117 0.3491 0.1142 0.0574
80 0.2419 0.0688 0.3689 0.2783 0.0420
81 0.2805 0.1624 0.1648 0.3657 0.0267
82 0.1782 0.0626 0.4624 0.2554 0.0414
83 0.2556 0.1991 0.2478 0.2722 0.0253
84 0.1223 0.2129 0.4368 0.2129 0.0152
85 0.1935 0.2262 0.3240 0.2262 0.0299
86 0.2537 0.2556 0.1716 0.2991 0.0199
87 0.1268 0.4290 0.2157 0.2091 0.0194
88 0.0662 0.1915 0.1199 0.5991 0.0232
89 0.1323 0.3486 0.1621 0.3486 0.0083
90 0.2195 0.2908 0.2046 0.2468 0.0381
91 0.3958 0.2327 0.1959 0.1702 0.0054
92 0.2051 0.0587 0.3713 0.3489 0.0162
93 0.1370 0.3782 0.3442 0.1306 0.0101
94 0.2428 0.0542 0.1804 0.4983 0.0242
95 0.2776 0.1417 0.1953 0.3296 0.0559
96 0.2244 0.1831 0.2141 0.3643 0.0143
97 0.1990 0.1959 0.2220 0.3660 0.0171
98 0.0883 0.0265 0.1284 0.7510 0.0060
99 0.1439 0.1997 0.2566 0.3850 0.0148
100 0.3242 0.1438 0.3789 0.1183 0.0347
101 0.3103 0.2761 0.2761 0.1024 0.0351
102 0.2242 0.1043 0.3474 0.2881 0.0360
103 0.2004 0.1624 0.2380 0.3745 0.0249
104 0.0936 0.0813 0.1776 0.6396 0.0077
105 0.0890 0.0823 0.2808 0.5410 0.0071
106 0.1877 0.1709 0.3975 0.1968 0.0471
107 0.1072 0.2676 0.1987 0.3862 0.0404
108 0.1818 0.4570 0.2125 0.1320 0.0169
109 0.1804 0.4641 0.1951 0.1519 0.0085
110 0.2091 0.1680 0.2644 0.3394 0.0191
111 0.1848 0.1021 0.5430 0.1605 0.0095
112 0.3025 0.1752 0.4202 0.0853 0.0168
113 0.1710 0.3145 0.1879 0.2607 0.0659
114 0.1824 0.1008 0.3684 0.3008 0.0476
115 0.2502 0.1859 0.2664 0.2242 0.0734
116 0.1886 0.3062 0.2537 0.2136 0.0380
117 0.0558 0.1361 0.2881 0.5059 0.0141
118 0.2417 0.1622 0.3354 0.2417 0.0188
119 0.2542 0.1460 0.3938 0.1720 0.0339
120 0.3572 0.1713 0.2532 0.2067 0.0117
121 0.2247 0.4038 0.2627 0.0827 0.0260
122 0.1671 0.1954 0.3826 0.2394 0.0155
123 0.1946 0.1946 0.4316 0.1638 0.0155
124 0.1207 0.3601 0.2554 0.2085 0.0552
125 0.0583 0.5234 0.3125 0.0902 0.0157
126 0.0587 0.5571 0.2759 0.0969 0.0113
127 0.0464 0.5391 0.3218 0.0853 0.0075
128 0.0591 0.4575 0.3508 0.1194 0.0132
129 0.0862 0.2654 0.3103 0.3252 0.0126
130 0.0956 0.4856 0.2620 0.1349 0.0220
131 0.1434 0.3960 0.2722 0.1677 0.0207
132 0.1464 0.2303 0.3738 0.1880 0.0615
133 0.0913 0.3726 0.3186 0.2057 0.0118
134 0.1742 0.2101 0.3745 0.2036 0.0377
135 0.0928 0.7832 0.1077 0.0112 0.0054
136 0.2104 0.6089 0.0850 0.0850 0.0106
137 0.2208 0.0851 0.4602 0.2174 0.0164
138 0.2000 0.1395 0.4949 0.1440 0.0217
139 0.2812 0.0590 0.5171 0.1248 0.0177
140 0.2935 0.3738 0.0895 0.2321 0.0113
141 0.1388 0.6318 0.1810 0.0370 0.0114
142 0.1833 0.5830 0.1353 0.0859 0.0127
143 0.1129 0.5640 0.1173 0.1949 0.0107
144 0.1494 0.5820 0.1733 0.0832 0.0121
145 0.1801 0.1665 0.4971 0.1317 0.0246
146 0.1940 0.1312 0.4878 0.1609 0.0260
147 0.1299 0.1803 0.5552 0.1146 0.0199
148 0.0549 0.7705 0.1339 0.0338 0.0071
149 0.0892 0.6006 0.2426 0.0613 0.0065
150 0.1715 0.5122 0.2382 0.0636 0.0144
151 0.1227 0.4705 0.1370 0.2598 0.0102
152 0.3694 0.1678 0.2172 0.2057 0.0399
153 0.1875 0.3586 0.2771 0.1506 0.0262
154 0.1949 0.1566 0.3584 0.2705 0.0195
155 0.2927 0.2583 0.1832 0.2583 0.0072
156 0.0789 0.1936 0.2905 0.4036 0.0334
157 0.0498 0.1938 0.5029 0.2374 0.0163
158 0.0468 0.1511 0.2695 0.4878 0.0447
159 0.1140 0.2800 0.4138 0.1262 0.0660
160 0.1329 0.3291 0.4788 0.0264 0.0328
161 0.2213 0.2507 0.4136 0.0765 0.0379
162 0.2230 0.1140 0.5972 0.0479 0.0182
163 0.1606 0.2488 0.5024 0.0538 0.0345
164 0.1735 0.4395 0.3215 0.0419 0.0235
165 0.3103 0.2183 0.3328 0.0650 0.0737
166 0.0892 0.4358 0.3728 0.0590 0.0432
167 0.1168 0.1030 0.3770 0.3711 0.0324
168 0.0713 0.0538 0.4233 0.4299 0.0217
169 0.2417 0.1466 0.3127 0.2051 0.0939
170 0.2014 0.1406 0.5303 0.0936 0.0339
171 0.1531 0.4065 0.3586 0.0435 0.0384
172 0.1368 0.2678 0.3960 0.1207 0.0786
173 0.1100 0.3582 0.2620 0.2539 0.0159
174 0.1351 0.1270 0.3044 0.3789 0.0546
175 0.1028 0.1863 0.2507 0.2795 0.1805
176 0.1020 0.2686 0.4033 0.1965 0.0294
177 0.2158 0.2059 0.2371 0.1351 0.2059
178 0.1688 0.2783 0.3357 0.1769 0.0404
179 0.1578 0.2407 0.3237 0.2191 0.0585
180 0.1519 0.1472 0.3645 0.2625 0.0740
181 0.2002 0.1740 0.3740 0.1465 0.1055
182 0.0986 0.1359 0.5210 0.2137 0.0310
183 0.1281 0.2063 0.5269 0.0834 0.0555
184 0.1620 0.4402 0.2375 0.1232 0.0370
185 0.1790 0.1416 0.4678 0.1438 0.0679
186 0.0731 0.4077 0.3655 0.1263 0.0275
187 0.0657 0.2520 0.2600 0.4028 0.0193
188 0.1260 0.2177 0.2061 0.4397 0.0108
189 0.1615 0.1815 0.1565 0.4819 0.0185
190 0.1825 0.0760 0.3008 0.4243 0.0162
191 0.1708 0.4226 0.1020 0.2815 0.0229
192 0.2563 0.2563 0.1416 0.3318 0.0138
193 0.2185 0.1538 0.3438 0.2363 0.0476
194 0.0900 0.0181 0.0460 0.8408 0.0050
195 0.2454 0.1177 0.3684 0.2234 0.0450
196 0.1246 0.1842 0.5083 0.1456 0.0371
197 0.0806 0.3530 0.4978 0.0525 0.0160
198 0.1191 0.1035 0.6143 0.1172 0.0459
199 0.0695 0.1705 0.6538 0.0864 0.0199
200 0.0761 0.2151 0.5757 0.1082 0.0251
201 0.2922 0.1171 0.1317 0.4319 0.0272
202 0.2474 0.1377 0.1187 0.4771 0.0191
203 0.3989 0.3281 0.1729 0.0584 0.0417
204 0.1519 0.0509 0.1748 0.5913 0.0313
205 0.2209 0.0981 0.2043 0.4194 0.0572
206 0.2815 0.1494 0.2407 0.1964 0.1320
207 0.3320 0.2976 0.2668 0.0894 0.0139
208 0.2676 0.1675 0.1729 0.3716 0.0203
209 0.2084 0.3892 0.2117 0.1700 0.0208
210 0.1432 0.5708 0.1512 0.1274 0.0072
211 0.2247 0.1644 0.2079 0.3591 0.0439
212 0.2554 0.2656 0.1598 0.2595 0.0597
213 0.1550 0.2220 0.2255 0.3547 0.0427
214 0.2037 0.2830 0.2496 0.2310 0.0327
215 0.2037 0.2830 0.2496 0.2310 0.0327
216 0.2037 0.2830 0.2496 0.2310 0.0327
217 0.2037 0.2830 0.2496 0.2310 0.0327
