time exciting_prob fearful_prob tense_prob sad_prob relaxing_prob
0 0.2428 0.1643 0.1592 0.3372 0.0966
1 0.1936 0.0712 0.5518 0.1581 0.0254
2 0.1937 0.0771 0.4648 0.2301 0.0342
3 0.1908 0.0670 0.4873 0.2231 0.0316
4 0.2189 0.0721 0.4490 0.2329 0.0270
5 0.4231 0.0538 0.2373 0.2566 0.0292
6 0.5986 0.0616 0.1636 0.1467 0.0296
7 0.2581 0.4255 0.2090 0.1003 0.0070
8 0.2340 0.4512 0.2181 0.0945 0.0021
9 0.1949 0.4863 0.1846 0.1320 0.0021
10 0.1665 0.3445 0.2642 0.2155 0.0095
11 0.0103 0.4062 0.5215 0.0558 0.0059
12 0.4856 0.0657 0.1576 0.2172 0.0739
13 0.3108 0.4851 0.1357 0.0622 0.0063
14 0.1160 0.0876 0.2272 0.5039 0.0651
15 0.4260 0.1967 0.0974 0.0707 0.2094
16 0.2340 0.1039 0.1852 0.4172 0.0596
17 0.2764 0.1445 0.2517 0.1841 0.1434
18 0.0707 0.3909 0.5264 0.0056 0.0066
19 0.0468 0.6880 0.1055 0.1398 0.0201
20 0.0464 0.5151 0.3594 0.0334 0.0457
21 0.0245 0.4956 0.2869 0.0961 0.0969
22 0.0705 0.4185 0.3208 0.1469 0.0434
23 0.1194 0.1464 0.4578 0.0795 0.1969
24 0.0560 0.2065 0.4373 0.1536 0.1465
25 0.0228 0.1853 0.7104 0.0760 0.0053
26 0.0523 0.4739 0.3467 0.1091 0.0181
27 0.0878 0.1801 0.6743 0.0477 0.0099
28 0.0721 0.5010 0.2294 0.1552 0.0424
29 0.0148 0.4907 0.3425 0.1362 0.0157
30 0.0773 0.2612 0.3103 0.1377 0.2133
31 0.0984 0.2676 0.6079 0.0115 0.0144
32 0.0459 0.5015 0.1707 0.1628 0.1191
33 0.0267 0.1048 0.7988 0.0548 0.0150
34 0.0111 0.8052 0.1688 0.0117 0.0030
35 0.0459 0.4976 0.3420 0.0757 0.0390
36 0.0484 0.3630 0.4050 0.1587 0.0247
37 0.0570 0.4890 0.2346 0.0792 0.1401
38 0.0404 0.2200 0.5195 0.1661 0.0539
39 0.1870 0.3835 0.2852 0.0553 0.0890
40 0.0286 0.4614 0.4402 0.0436 0.0262
41 0.0482 0.4233 0.4299 0.0765 0.0219
42 0.0226 0.2913 0.5610 0.1122 0.0128
43 0.0512 0.3696 0.3936 0.1210 0.0648
44 0.0443 0.4109 0.4238 0.1132 0.0079
45 0.0585 0.4031 0.3394 0.1415 0.0576
46 0.0344 0.2174 0.6392 0.0679 0.0412
47 0.0298 0.3799 0.4956 0.0676 0.0271
48 0.0094 0.6533 0.2441 0.0898 0.0035
49 0.0995 0.2971 0.3020 0.1210 0.1803
50 0.1324 0.3713 0.2360 0.1055 0.1548
51 0.0557 0.2308 0.5366 0.1514 0.0253
52 0.0210 0.2090 0.6240 0.1288 0.0172
53 0.0189 0.2961 0.5195 0.1489 0.0164
54 0.0874 0.1510 0.5879 0.1312 0.0423
55 0.0450 0.3323 0.4612 0.1428 0.0187
56 0.1868 0.2252 0.3657 0.2084 0.0140
57 0.0342 0.1710 0.2336 0.5435 0.0177
58 0.0500 0.4783 0.3843 0.0787 0.0089
59 0.0457 0.2778 0.5439 0.1204 0.0123
60 0.0335 0.2183 0.6621 0.0720 0.0144
61 0.0781 0.3665 0.4089 0.1307 0.0159
62 0.0532 0.3718 0.4558 0.1001 0.0191
63 0.1302 0.3354 0.2532 0.1072 0.1740
64 0.0533 0.3506 0.3506 0.0546 0.1907
65 0.0936 0.2974 0.2625 0.0800 0.2666
66 0.1882 0.2343 0.2271 0.2739 0.0767
67 0.1143 0.2700 0.3633 0.1400 0.1125
68 0.0643 0.5640 0.2622 0.0613 0.0481
69 0.1072 0.3489 0.2676 0.0896 0.1868
70 0.0557 0.8311 0.0427 0.0325 0.0383
71 0.0766 0.6934 0.0797 0.1293 0.0213
72 0.1880 0.4075 0.0498 0.2303 0.1243
73 0.0792 0.1445 0.3718 0.3928 0.0117
74 0.0266 0.1619 0.4297 0.3733 0.0086
75 0.0497 0.1371 0.6094 0.1918 0.0119
76 0.0665 0.0364 0.4797 0.4104 0.0068
77 0.1759 0.5635 0.1589 0.0344 0.0673
78 0.2112 0.5786 0.1710 0.0304 0.0090
79 0.0850 0.2120 0.5586 0.1256 0.0190
80 0.0479 0.3350 0.4580 0.1343 0.0248
81 0.0601 0.2756 0.3887 0.2181 0.0573
82 0.0630 0.0273 0.2343 0.6675 0.0078
83 0.0440 0.1444 0.6943 0.0939 0.0234
84 0.0604 0.3115 0.4128 0.2075 0.0076
85 0.0748 0.3054 0.4307 0.1852 0.0041
86 0.2292 0.1857 0.4595 0.0223 0.1033
87 0.1305 0.3203 0.1913 0.1255 0.2325
88 0.0775 0.4390 0.2140 0.1119 0.1577
89 0.3220 0.3120 0.2145 0.0252 0.1261
90 0.3218 0.4397 0.0826 0.0439 0.1121
91 0.1550 0.5283 0.1368 0.0804 0.0993
92 0.3679 0.1558 0.2778 0.0771 0.1213
93 0.0701 0.4197 0.4197 0.0776 0.0130
94 0.2345 0.3010 0.3108 0.1445 0.0092
95 0.0530 0.0367 0.3076 0.5928 0.0100
96 0.0438 0.2542 0.6196 0.0701 0.0125
97 0.0815 0.0410 0.5068 0.3484 0.0224
98 0.1069 0.0270 0.1848 0.6655 0.0159
99 0.0529 0.3340 0.4937 0.1011 0.0183
100 0.0809 0.1853 0.4883 0.2306 0.0149
101 0.1329 0.1721 0.3318 0.3318 0.0316
102 0.0430 0.3987 0.4377 0.0836 0.0371
103 0.0255 0.8174 0.0797 0.0703 0.0070
104 0.0721 0.3899 0.4851 0.0441 0.0090
105 0.0288 0.4656 0.4172 0.0720 0.0164
106 0.0598 0.4219 0.4026 0.1002 0.0157
107 0.1106 0.3860 0.3740 0.1196 0.0097
108 0.0291 0.4011 0.4839 0.0742 0.0116
109 0.0907 0.0907 0.5820 0.1981 0.0384
110 0.2214 0.0676 0.2321 0.4404 0.0385
111 0.1426 0.2749 0.4976 0.0643 0.0207
112 0.3032 0.1525 0.3955 0.1031 0.0458
113 0.0249 0.6621 0.2893 0.0197 0.0042
114 0.0834 0.0629 0.5610 0.2651 0.0275
115 0.3059 0.3413 0.3013 0.0315 0.0202
116 0.0550 0.1044 0.5557 0.2466 0.0381
117 0.1249 0.2771 0.4360 0.1060 0.0559
118 0.0419 0.3398 0.3674 0.2094 0.0415
119 0.1130 0.2820 0.5029 0.0982 0.0041
120 0.0688 0.1218 0.6138 0.1786 0.0173
121 0.1131 0.2866 0.4041 0.1487 0.0475
122 0.0292 0.4099 0.4365 0.1053 0.0190
123 0.0244 0.2969 0.6187 0.0558 0.0043
124 0.2551 0.1186 0.3076 0.3076 0.0112
125 0.0784 0.2216 0.6309 0.0615 0.0075
126 0.0526 0.3325 0.5151 0.0803 0.0194
127 0.0551 0.3171 0.4270 0.1646 0.0362
128 0.1097 0.4075 0.2935 0.1365 0.0530
129 0.0470 0.3015 0.5903 0.0341 0.0268
130 0.1501 0.2118 0.2720 0.3547 0.0115
131 0.1836 0.3198 0.4041 0.0578 0.0348
132 0.0576 0.1349 0.7178 0.0699 0.0197
133 0.1661 0.0476 0.1399 0.3054 0.3408
134 0.0683 0.1516 0.3752 0.3872 0.0178
135 0.0380 0.3716 0.2761 0.3081 0.0063
136 0.0765 0.2321 0.5742 0.1088 0.0082
137 0.0454 0.2417 0.6270 0.0645 0.0215
138 0.0444 0.1991 0.6230 0.1170 0.0166
139 0.0183 0.1890 0.7134 0.0706 0.0088
140 0.1063 0.3225 0.3486 0.2181 0.0044
141 0.0533 0.0996 0.6699 0.1694 0.0076
142 0.0414 0.1294 0.6675 0.0842 0.0778
143 0.0405 0.1564 0.5996 0.1423 0.0612
144 0.0477 0.2008 0.6187 0.0884 0.0445
145 0.0344 0.1483 0.6050 0.1371 0.0751
146 0.0285 0.1135 0.7637 0.0683 0.0261
147 0.0561 0.0255 0.1854 0.7222 0.0107
148 0.1498 0.2393 0.1251 0.3120 0.1737
149 0.0051 0.5332 0.4561 0.0050 0.0008
150 0.0767 0.2983 0.4695 0.1366 0.0189
151 0.0759 0.2391 0.5474 0.1166 0.0209
152 0.0917 0.2472 0.2251 0.0875 0.3486
153 0.0518 0.3298 0.4724 0.1354 0.0106
154 0.0905 0.0540 0.3108 0.5205 0.0240
155 0.1323 0.4839 0.2322 0.1105 0.0410
156 0.0350 0.1863 0.3821 0.3647 0.0319
157 0.1332 0.3733 0.3677 0.0997 0.0262
158 0.0894 0.3562 0.1497 0.0370 0.3677
159 0.1967 0.2974 0.1120 0.0266 0.3672
160 0.1588 0.3901 0.2329 0.0383 0.1799
161 0.1559 0.3198 0.3799 0.0159 0.1283
162 0.0425 0.2334 0.6968 0.0246 0.0025
163 0.0436 0.1925 0.6509 0.1063 0.0066
164 0.0413 0.0479 0.4470 0.4541 0.0097
165 0.0455 0.3135 0.5767 0.0580 0.0064
166 0.0347 0.5269 0.3455 0.0887 0.0045
167 0.0773 0.3057 0.3630 0.2457 0.0082
168 0.0608 0.2683 0.6240 0.0405 0.0064
169 0.0515 0.2308 0.5669 0.1216 0.0293
170 0.1281 0.2842 0.1864 0.1301 0.2712
171 0.0242 0.2727 0.6343 0.0594 0.0096
172 0.0219 0.4204 0.2888 0.0909 0.1780
173 0.0391 0.0803 0.1323 0.7266 0.0219
174 0.0698 0.0925 0.4771 0.2939 0.0667
175 0.0166 0.2617 0.6084 0.1016 0.0119
176 0.1278 0.4976 0.2747 0.0745 0.0254
177 0.0165 0.1438 0.7656 0.0648 0.0093
178 0.0508 0.4978 0.3315 0.1043 0.0156
179 0.0701 0.1416 0.5869 0.1763 0.0250
180 0.0724 0.3147 0.5190 0.0765 0.0172
181 0.0618 0.3115 0.4824 0.1278 0.0166
182 0.0215 0.4607 0.3369 0.1643 0.0165
183 0.1137 0.4224 0.3140 0.1119 0.0381
184 0.0350 0.4792 0.4036 0.0609 0.0211
185 0.1733 0.3237 0.2406 0.1964 0.0658
186 0.0508 0.3809 0.5288 0.0202 0.0194
187 0.0171 0.3386 0.6230 0.0191 0.0021
188 0.0851 0.1996 0.6343 0.0529 0.0283
189 0.0296 0.2440 0.6040 0.0986 0.0238
190 0.0850 0.4116 0.2576 0.1826 0.0631
191 0.0563 0.5469 0.2974 0.0685 0.0306
192 0.0204 0.1818 0.7080 0.0735 0.0164
193 0.0553 0.0955 0.5942 0.2438 0.0113
194 0.1212 0.3096 0.1484 0.3293 0.0915
195 0.0308 0.0354 0.7461 0.1423 0.0455
196 0.0853 0.4797 0.3147 0.0967 0.0235
197 0.0926 0.3896 0.4280 0.0738 0.0160
198 0.2986 0.3464 0.2893 0.0398 0.0259
199 0.0414 0.0132 0.2739 0.6675 0.0039
200 0.0144 0.2947 0.6641 0.0196 0.0071
201 0.0568 0.2566 0.2336 0.3508 0.1021
202 0.1290 0.2908 0.1736 0.3452 0.0614
203 0.0444 0.0357 0.5127 0.3992 0.0083
204 0.0273 0.2688 0.6553 0.0323 0.0165
205 0.1362 0.0471 0.1749 0.6299 0.0118
206 0.0835 0.2252 0.6030 0.0749 0.0135
207 0.0239 0.1907 0.6353 0.1373 0.0128
208 0.0776 0.0814 0.5825 0.2317 0.0268
209 0.1318 0.1692 0.3210 0.2073 0.1705
210 0.0563 0.5508 0.2769 0.0415 0.0745
211 0.0717 0.3845 0.4158 0.0751 0.0529
212 0.3223 0.1880 0.3770 0.0714 0.0413
213 0.0482 0.0479 0.4612 0.4265 0.0160
214 0.0262 0.4031 0.3501 0.1350 0.0858
215 0.0361 0.4873 0.3147 0.0894 0.0724
216 0.2681 0.0878 0.2024 0.3499 0.0920
217 0.3269 0.0551 0.1736 0.3762 0.0685
218 0.0970 0.2852 0.3896 0.1587 0.0693
219 0.0668 0.3140 0.5864 0.0226 0.0101
220 0.2856 0.0865 0.2261 0.3447 0.0572
221 0.4526 0.0956 0.1287 0.2681 0.0549
222 0.0200 0.3464 0.3254 0.2656 0.0424
223 0.0271 0.3127 0.4622 0.1443 0.0535
224 0.0178 0.3501 0.4858 0.1154 0.0308
225 0.0212 0.2971 0.4973 0.1382 0.0463
226 0.0449 0.3213 0.1111 0.1289 0.3938
227 0.0237 0.3103 0.1584 0.3743 0.1334
228 0.1791 0.0670 0.3242 0.3733 0.0564
229 0.2603 0.1191 0.3447 0.1816 0.0942
230 0.2291 0.1083 0.3550 0.2440 0.0637
231 0.1725 0.0802 0.2798 0.3887 0.0789
232 0.1799 0.0994 0.2310 0.4524 0.0374
233 0.1693 0.1278 0.4673 0.1979 0.0378
234 0.1428 0.1342 0.3535 0.3120 0.0577
