time exciting_prob fearful_prob tense_prob sad_prob relaxing_prob
0 0.2037 0.2830 0.2496 0.2310 0.0327
1 0.0251 0.2004 0.1825 0.5620 0.0298
2 0.0378 0.3818 0.1748 0.3530 0.0525
3 0.0224 0.6157 0.1353 0.1938 0.0327
4 0.0457 0.6611 0.1167 0.0923 0.0840
5 0.0249 0.7378 0.1030 0.0815 0.0526
6 0.0341 0.5723 0.1199 0.2206 0.0532
7 0.1438 0.4866 0.2142 0.0493 0.1061
8 0.0424 0.3525 0.3210 0.0668 0.2172
9 0.0715 0.5410 0.1189 0.0941 0.1743
10 0.1122 0.1418 0.3916 0.3247 0.0297
11 0.0990 0.1710 0.4102 0.2910 0.0288
12 0.0301 0.1382 0.3877 0.2837 0.1604
13 0.0250 0.3394 0.4861 0.1437 0.0057
14 0.0256 0.0967 0.4546 0.1836 0.2395
15 0.0780 0.1576 0.5854 0.1527 0.0261
16 0.0814 0.2356 0.4910 0.1779 0.0141
17 0.0587 0.2546 0.4758 0.2015 0.0091
18 0.0261 0.0784 0.0991 0.7920 0.0042
19 0.2654 0.3799 0.2825 0.0522 0.0201
20 0.0207 0.2856 0.1654 0.5254 0.0027
21 0.0201 0.1459 0.6538 0.1787 0.0017
22 0.1296 0.2681 0.1886 0.3901 0.0234
23 0.0493 0.2010 0.1591 0.5815 0.0088
24 0.1268 0.4900 0.1339 0.2406 0.0088
25 0.0493 0.6006 0.2371 0.0460 0.0669
26 0.0755 0.0565 0.1549 0.7051 0.0077
27 0.0656 0.2493 0.4375 0.2269 0.0208
28 0.1247 0.3496 0.3311 0.1677 0.0267
29 0.2015 0.2507 0.1451 0.3765 0.0262
30 0.1752 0.2568 0.1071 0.4473 0.0136
31 0.1033 0.6841 0.1423 0.0598 0.0105
32 0.1490 0.6680 0.1179 0.0593 0.0056
33 0.1024 0.3254 0.1433 0.4246 0.0043
34 0.0424 0.2024 0.4282 0.1857 0.1412
35 0.0279 0.5142 0.3943 0.0586 0.0048
36 0.0096 0.0794 0.0563 0.8540 0.0008
37 0.1675 0.3203 0.2676 0.2289 0.0158
38 0.1381 0.5337 0.2295 0.0898 0.0090
39 0.0659 0.0819 0.4033 0.4160 0.0328
40 0.0333 0.1975 0.1274 0.6372 0.0044
41 0.1310 0.4294 0.2666 0.1543 0.0184
42 0.0253 0.1869 0.6782 0.0985 0.0108
43 0.1265 0.4277 0.3804 0.0565 0.0089
44 0.2002 0.4583 0.1409 0.1925 0.0084
45 0.0670 0.3650 0.4543 0.0861 0.0275
46 0.1210 0.0331 0.2644 0.5684 0.0130
47 0.0843 0.0389 0.0897 0.7632 0.0240
48 0.1416 0.2817 0.2177 0.3506 0.0084
49 0.1807 0.4436 0.1984 0.1475 0.0300
50 0.1220 0.5508 0.1566 0.1616 0.0088
51 0.1065 0.4626 0.1870 0.2327 0.0111
52 0.0225 0.5713 0.3010 0.0984 0.0070
53 0.1370 0.4526 0.1237 0.2744 0.0123
54 0.0617 0.1287 0.1109 0.6738 0.0247
55 0.0977 0.3601 0.0803 0.4446 0.0172
56 0.0879 0.3369 0.3215 0.2502 0.0034
57 0.1763 0.2544 0.0879 0.4717 0.0099
58 0.1268 0.5381 0.1591 0.1654 0.0107
59 0.2595 0.3491 0.2534 0.1116 0.0261
60 0.1927 0.2739 0.1525 0.3716 0.0093
61 0.2329 0.2639 0.0856 0.4087 0.0090
62 0.0392 0.5898 0.3157 0.0523 0.0029
63 0.0695 0.1830 0.1010 0.6289 0.0178
64 0.1179 0.0919 0.4736 0.3010 0.0154
65 0.0860 0.2266 0.1364 0.5308 0.0204
66 0.0807 0.4365 0.1709 0.2908 0.0212
67 0.1700 0.2051 0.2150 0.3542 0.0556
68 0.0721 0.6035 0.1855 0.1337 0.0052
69 0.0730 0.5566 0.1835 0.1765 0.0105
70 0.0814 0.3000 0.1619 0.4365 0.0203
71 0.0520 0.2620 0.3015 0.3750 0.0096
72 0.0644 0.5024 0.3884 0.0379 0.0066
73 0.1093 0.1934 0.1517 0.5381 0.0076
74 0.2130 0.3274 0.0742 0.3738 0.0117
75 0.0739 0.7290 0.1772 0.0173 0.0029
76 0.2081 0.5034 0.1672 0.1115 0.0098
77 0.2104 0.3235 0.2500 0.2056 0.0105
78 0.0589 0.1135 0.1171 0.7061 0.0042
79 0.1730 0.4558 0.1870 0.1689 0.0151
80 0.0909 0.2820 0.2756 0.2096 0.1418
81 0.0324 0.5483 0.2957 0.0975 0.0260
82 0.2549 0.2081 0.1711 0.3596 0.0061
83 0.1699 0.1344 0.1334 0.5571 0.0051
84 0.0838 0.1934 0.3787 0.3340 0.0102
85 0.0580 0.1017 0.1503 0.6426 0.0473
86 0.0997 0.0529 0.5142 0.2905 0.0428
87 0.2457 0.1357 0.2942 0.2135 0.1108
88 0.1405 0.1044 0.4260 0.3191 0.0098
89 0.2649 0.2450 0.3591 0.1271 0.0039
90 0.0385 0.0261 0.4771 0.4482 0.0100
91 0.1240 0.1642 0.4429 0.1803 0.0886
92 0.1769 0.1399 0.5361 0.0561 0.0910
93 0.0540 0.0890 0.6372 0.1444 0.0755
94 0.0659 0.1005 0.4038 0.3220 0.1078
95 0.0681 0.0192 0.3767 0.5068 0.0288
96 0.1981 0.1643 0.5303 0.1004 0.0069
97 0.1534 0.1881 0.5840 0.0660 0.0086
98 0.0308 0.3418 0.6001 0.0090 0.0184
99 0.0718 0.4612 0.2469 0.0759 0.1440
100 0.0560 0.5073 0.3655 0.0397 0.0314
101 0.1189 0.0768 0.4778 0.2944 0.0323
102 0.1941 0.2148 0.4480 0.0861 0.0569
103 0.1252 0.1113 0.6875 0.0686 0.0075
104 0.0817 0.1378 0.7334 0.0401 0.0070
105 0.1334 0.0351 0.2397 0.5620 0.0298
106 0.1748 0.0576 0.1694 0.5825 0.0158
107 0.0247 0.0451 0.7173 0.1285 0.0844
108 0.0696 0.0707 0.5181 0.1509 0.1907
109 0.0981 0.2228 0.2837 0.3879 0.0076
110 0.1862 0.2317 0.3423 0.2228 0.0170
111 0.0654 0.3000 0.1311 0.3823 0.1212
112 0.1801 0.1902 0.2922 0.2156 0.1218
113 0.0623 0.1495 0.1804 0.0342 0.5732
114 0.1810 0.2476 0.3179 0.2418 0.0118
115 0.1429 0.1697 0.5522 0.1166 0.0185
116 0.2539 0.1614 0.3499 0.2294 0.0056
117 0.1173 0.4062 0.3848 0.0567 0.0349
118 0.1208 0.2086 0.4929 0.1189 0.0589
119 0.2328 0.2023 0.3389 0.0986 0.1276
120 0.0528 0.0733 0.6040 0.2275 0.0421
121 0.0413 0.0895 0.3459 0.4917 0.0317
122 0.1270 0.1183 0.6807 0.0555 0.0187
123 0.0804 0.2517 0.4966 0.1445 0.0267
124 0.0937 0.2468 0.6108 0.0450 0.0036
125 0.1832 0.0712 0.2192 0.5176 0.0086
126 0.3052 0.1925 0.3174 0.1609 0.0241
127 0.0817 0.2744 0.3662 0.1152 0.1625
128 0.0824 0.2922 0.5049 0.0948 0.0255
129 0.0170 0.0704 0.4519 0.4314 0.0293
130 0.0660 0.0821 0.6768 0.0916 0.0834
131 0.0546 0.1230 0.5469 0.1320 0.1438
132 0.0759 0.1451 0.4797 0.2284 0.0707
133 0.0924 0.0961 0.4045 0.3406 0.0665
134 0.0435 0.0638 0.3447 0.4426 0.1052
135 0.1519 0.0788 0.3369 0.3701 0.0623
136 0.0395 0.2854 0.5332 0.1058 0.0363
137 0.0406 0.0223 0.8491 0.0514 0.0367
138 0.1344 0.1940 0.5190 0.1453 0.0073
139 0.2805 0.2717 0.1769 0.0454 0.2253
140 0.1992 0.2810 0.3062 0.0733 0.1403
141 0.0718 0.0833 0.5732 0.2245 0.0471
142 0.2153 0.1207 0.3550 0.1099 0.1991
143 0.0387 0.3391 0.1307 0.3040 0.1874
144 0.0360 0.0312 0.0693 0.7339 0.1295
145 0.0078 0.1425 0.0459 0.7461 0.0576
146 0.0089 0.1353 0.1038 0.6924 0.0596
147 0.0183 0.1836 0.1282 0.5312 0.1385
148 0.0487 0.3279 0.3833 0.1047 0.1356
149 0.0275 0.2507 0.2842 0.2627 0.1750
150 0.0187 0.2791 0.6099 0.0652 0.0272
151 0.0281 0.1069 0.0304 0.7539 0.0807
152 0.0224 0.3933 0.3418 0.1978 0.0448
153 0.1076 0.4390 0.2856 0.1119 0.0558
154 0.0589 0.7012 0.1719 0.0554 0.0125
155 0.0452 0.6846 0.1576 0.1010 0.0115
156 0.0032 0.0445 0.0210 0.9214 0.0098
157 0.0061 0.1329 0.0435 0.7896 0.0279
158 0.0159 0.1704 0.0389 0.7520 0.0227
159 0.0141 0.2571 0.0430 0.6460 0.0397
160 0.0847 0.3916 0.3738 0.1354 0.0146
161 0.1085 0.5015 0.1831 0.1904 0.0165
162 0.0436 0.1204 0.7148 0.0226 0.0983
163 0.0573 0.2047 0.5229 0.1570 0.0582
164 0.0391 0.0298 0.6987 0.1686 0.0640
165 0.0680 0.1070 0.7427 0.0464 0.0358
166 0.0466 0.1163 0.7236 0.0470 0.0663
167 0.0729 0.2372 0.5557 0.1012 0.0331
168 0.0371 0.0993 0.5283 0.0566 0.2786
169 0.1071 0.1595 0.4761 0.2214 0.0359
170 0.1064 0.0626 0.3984 0.4109 0.0218
171 0.0811 0.1550 0.4382 0.2966 0.0289
172 0.0891 0.2054 0.5288 0.0933 0.0836
173 0.0880 0.4070 0.3025 0.1820 0.0204
174 0.0616 0.0869 0.6172 0.0760 0.1584
175 0.0589 0.0963 0.6182 0.1855 0.0411
176 0.0335 0.3032 0.3489 0.2235 0.0910
177 0.0249 0.5034 0.2935 0.1158 0.0625
178 0.1169 0.1768 0.5933 0.0692 0.0437
179 0.1299 0.1350 0.4258 0.2297 0.0794
180 0.0957 0.1172 0.4224 0.2705 0.0942
181 0.0745 0.0971 0.7061 0.0739 0.0484
182 0.1294 0.1235 0.4414 0.2272 0.0785
183 0.0339 0.0950 0.6914 0.0892 0.0906
184 0.1764 0.3704 0.1104 0.2732 0.0696
185 0.1556 0.5146 0.1261 0.1619 0.0419
186 0.0282 0.5454 0.3257 0.0919 0.0088
187 0.1392 0.5210 0.2878 0.0411 0.0106
188 0.0632 0.7412 0.1578 0.0278 0.0101
189 0.1023 0.1443 0.1254 0.6025 0.0257
190 0.0237 0.1681 0.3560 0.4429 0.0096
191 0.0268 0.0489 0.0781 0.7700 0.0762
192 0.2316 0.2881 0.2446 0.1211 0.1146
193 0.0569 0.1523 0.4207 0.3433 0.0267
194 0.0236 0.0399 0.2009 0.4387 0.2969
195 0.0701 0.1174 0.6968 0.0859 0.0299
196 0.0349 0.1169 0.3574 0.2168 0.2739
197 0.0237 0.0961 0.6670 0.0822 0.1313
198 0.0355 0.1381 0.4490 0.0920 0.2854
199 0.0916 0.0429 0.6870 0.1176 0.0610
200 0.0693 0.1133 0.6221 0.0939 0.1016
201 0.0807 0.0522 0.5693 0.1697 0.1281
202 0.0244 0.1364 0.1364 0.6924 0.0102
203 0.0379 0.1941 0.2571 0.4956 0.0151
204 0.0434 0.2024 0.3840 0.2766 0.0934
205 0.0231 0.6235 0.1691 0.1758 0.0088
206 0.0787 0.4895 0.2461 0.1705 0.0151
207 0.0877 0.1564 0.5371 0.2039 0.0150
208 0.1477 0.1055 0.6416 0.0803 0.0249
209 0.0829 0.0947 0.6079 0.1294 0.0849
210 0.0710 0.1285 0.4775 0.2517 0.0715
211 0.0229 0.0532 0.6382 0.2578 0.0278
212 0.0748 0.0601 0.6211 0.1851 0.0587
213 0.0194 0.5415 0.2275 0.2072 0.0041
214 0.0344 0.4932 0.2991 0.1552 0.0182
215 0.0314 0.2003 0.4045 0.3569 0.0067
216 0.0880 0.0741 0.4102 0.3677 0.0600
217 0.0298 0.0539 0.8042 0.0854 0.0265
218 0.0247 0.3889 0.4512 0.1214 0.0138
219 0.1438 0.4429 0.3396 0.0653 0.0087
220 0.0784 0.1766 0.0923 0.6460 0.0065
221 0.1688 0.0565 0.1769 0.5757 0.0223
222 0.0460 0.2861 0.1763 0.4004 0.0914
223 0.0580 0.3442 0.3552 0.1744 0.0683
224 0.0427 0.0241 0.6724 0.0882 0.1727
225 0.0693 0.2399 0.4771 0.2020 0.0118
226 0.0554 0.1844 0.5596 0.1844 0.0161
227 0.0304 0.1221 0.2666 0.5732 0.0077
228 0.0185 0.1337 0.3108 0.5205 0.0167
229 0.0573 0.0861 0.2268 0.5527 0.0771
230 0.0273 0.1792 0.3618 0.4165 0.0151
231 0.1288 0.1393 0.2107 0.4900 0.0313
232 0.0434 0.2849 0.3081 0.3491 0.0146
233 0.0435 0.1707 0.2542 0.2834 0.2483
234 0.0419 0.1985 0.2712 0.2451 0.2432
235 0.1680 0.3020 0.1437 0.1361 0.2502
236 0.1017 0.3840 0.1504 0.2292 0.1348
