time exciting_prob fearful_prob tense_prob sad_prob relaxing_prob
0 0.1161 0.0236 0.3809 0.4595 0.0199
1 0.1127 0.0251 0.6191 0.2277 0.0155
2 0.1016 0.0280 0.6123 0.2399 0.0182
3 0.3711 0.4106 0.0324 0.1442 0.0416
4 0.3232 0.5762 0.0515 0.0354 0.0138
5 0.2910 0.0337 0.1292 0.3977 0.1486
6 0.3518 0.0395 0.2573 0.2871 0.0641
7 0.2959 0.0232 0.1880 0.3857 0.1071
8 0.4724 0.1054 0.1038 0.3098 0.0087
9 0.1888 0.0913 0.2010 0.5054 0.0134
10 0.6060 0.0314 0.0373 0.3142 0.0112
11 0.7134 0.0619 0.0493 0.1669 0.0085
12 0.7275 0.1245 0.0357 0.1090 0.0032
13 0.0928 0.0252 0.1531 0.6968 0.0321
14 0.1708 0.0563 0.0820 0.6758 0.0153
15 0.2070 0.0540 0.1357 0.4814 0.1217
16 0.1334 0.2781 0.1124 0.1660 0.3103
17 0.2922 0.1801 0.0745 0.2072 0.2461
18 0.2507 0.1406 0.0894 0.3647 0.1544
19 0.1307 0.2441 0.1962 0.4219 0.0071
20 0.6274 0.2004 0.1169 0.0228 0.0325
21 0.5776 0.1846 0.0813 0.1146 0.0418
22 0.1530 0.1329 0.1760 0.3447 0.1934
23 0.3340 0.1628 0.1119 0.1615 0.2296
24 0.4683 0.1484 0.1417 0.0944 0.1473
25 0.2184 0.2167 0.2534 0.1064 0.2052
26 0.3037 0.3992 0.1296 0.0750 0.0926
27 0.1829 0.0864 0.1348 0.4456 0.1504
28 0.5596 0.2074 0.1027 0.0864 0.0442
29 0.2698 0.2871 0.2020 0.1913 0.0499
30 0.2791 0.3237 0.1844 0.1666 0.0459
31 0.0825 0.0936 0.2625 0.5381 0.0233
32 0.1240 0.1121 0.1193 0.6299 0.0148
33 0.1610 0.2937 0.2893 0.2494 0.0066
34 0.2852 0.1599 0.3359 0.2053 0.0136
35 0.0776 0.3533 0.1791 0.3879 0.0021
36 0.5151 0.0359 0.2590 0.0665 0.1234
37 0.2434 0.0376 0.0895 0.6216 0.0078
38 0.2544 0.0418 0.1832 0.5137 0.0069
39 0.2317 0.0231 0.1183 0.6104 0.0164
40 0.2498 0.1379 0.2537 0.3521 0.0065
41 0.1494 0.1259 0.4031 0.2705 0.0512
42 0.4236 0.0796 0.2979 0.1671 0.0319
43 0.3215 0.1299 0.2625 0.2428 0.0432
44 0.5391 0.1096 0.0702 0.2336 0.0475
45 0.2169 0.3206 0.2764 0.0333 0.1527
46 0.1365 0.3457 0.3828 0.0136 0.1214
47 0.5439 0.1924 0.2249 0.0226 0.0164
48 0.2086 0.2238 0.3748 0.1663 0.0265
49 0.0851 0.0308 0.2026 0.6538 0.0274
50 0.0252 0.0250 0.0833 0.8545 0.0118
51 0.2896 0.2678 0.1170 0.2720 0.0536
52 0.5742 0.1475 0.1521 0.0990 0.0275
53 0.0778 0.3567 0.2451 0.2568 0.0635
54 0.4062 0.0297 0.2042 0.2705 0.0892
55 0.3267 0.2771 0.1137 0.1904 0.0921
56 0.4202 0.2249 0.1385 0.1697 0.0468
57 0.4180 0.1490 0.1335 0.2419 0.0575
58 0.0916 0.0582 0.0547 0.7788 0.0166
59 0.0313 0.0632 0.0844 0.8135 0.0079
60 0.1392 0.2766 0.0445 0.4971 0.0428
61 0.1515 0.0278 0.0750 0.7119 0.0338
62 0.1250 0.0219 0.1290 0.6758 0.0482
63 0.2686 0.1288 0.1747 0.4031 0.0248
64 0.1649 0.2118 0.1057 0.4626 0.0548
65 0.4749 0.1146 0.1934 0.1874 0.0299
66 0.2627 0.2507 0.3914 0.0624 0.0329
67 0.1744 0.1539 0.1600 0.4968 0.0148
68 0.4163 0.1417 0.3506 0.0563 0.0350
69 0.0253 0.0640 0.0875 0.8179 0.0053
70 0.1384 0.0513 0.1777 0.6299 0.0027
71 0.0232 0.0612 0.0438 0.8652 0.0067
72 0.0109 0.0251 0.0342 0.9258 0.0040
73 0.1147 0.0997 0.1833 0.5918 0.0103
74 0.3325 0.1476 0.3076 0.1837 0.0286
75 0.2019 0.4275 0.2269 0.0305 0.1132
76 0.2429 0.3792 0.2908 0.0311 0.0559
77 0.0502 0.2847 0.3127 0.1687 0.1838
78 0.0355 0.4424 0.1298 0.3843 0.0082
79 0.0955 0.1356 0.4924 0.2457 0.0307
80 0.1454 0.1647 0.2396 0.4014 0.0491
81 0.1220 0.0950 0.1011 0.6494 0.0326
82 0.0742 0.0530 0.0696 0.7788 0.0245
83 0.7578 0.0349 0.0566 0.1042 0.0466
84 0.5806 0.0850 0.0836 0.1730 0.0779
85 0.1218 0.2876 0.4250 0.1588 0.0067
86 0.2588 0.4009 0.2888 0.0388 0.0126
87 0.2024 0.5332 0.1917 0.0462 0.0264
88 0.7451 0.0593 0.0267 0.1490 0.0197
89 0.1632 0.0307 0.0453 0.1053 0.6553
90 0.1697 0.1835 0.4333 0.1671 0.0464
91 0.4055 0.1600 0.1348 0.0739 0.2257
92 0.2228 0.4607 0.1183 0.0653 0.1331
93 0.0494 0.1148 0.6816 0.1497 0.0046
94 0.2776 0.1193 0.1683 0.3914 0.0435
95 0.3323 0.2284 0.0854 0.3484 0.0055
96 0.2942 0.2438 0.2382 0.2135 0.0104
97 0.2869 0.3201 0.1443 0.1409 0.1080
98 0.5259 0.1693 0.1128 0.1268 0.0653
99 0.3638 0.0781 0.1614 0.1092 0.2876
100 0.0048 0.0286 0.0569 0.0330 0.8765
101 0.0066 0.0320 0.0245 0.0315 0.9053
102 0.0553 0.5088 0.3416 0.0792 0.0152
103 0.0994 0.0389 0.3931 0.0500 0.4185
104 0.0093 0.1384 0.7251 0.1166 0.0104
105 0.6523 0.1082 0.0829 0.0249 0.1315
106 0.0970 0.5283 0.2069 0.0561 0.1116
107 0.2896 0.1599 0.3333 0.0786 0.1389
108 0.3787 0.2242 0.2561 0.0558 0.0851
109 0.2642 0.1565 0.1859 0.0541 0.3394
110 0.6870 0.0453 0.0419 0.2095 0.0164
111 0.7192 0.0951 0.0581 0.1183 0.0091
112 0.2427 0.0432 0.1299 0.5303 0.0541
113 0.4805 0.1273 0.1987 0.1398 0.0539
114 0.3887 0.3652 0.1071 0.0790 0.0601
115 0.3379 0.3352 0.0834 0.0991 0.1442
116 0.1858 0.1127 0.4458 0.1692 0.0864
117 0.0528 0.0562 0.4858 0.3784 0.0266
118 0.3582 0.1626 0.1759 0.2832 0.0202
119 0.4585 0.0626 0.1687 0.2961 0.0142
120 0.3496 0.2966 0.2460 0.0652 0.0424
121 0.0349 0.1155 0.0572 0.7529 0.0393
122 0.1013 0.2212 0.5303 0.1028 0.0442
123 0.0538 0.1631 0.5103 0.2448 0.0281
124 0.0825 0.2314 0.0222 0.6543 0.0096
125 0.1934 0.1003 0.2483 0.4031 0.0550
126 0.2749 0.2705 0.2664 0.0304 0.1578
127 0.5093 0.2332 0.0878 0.1627 0.0071
128 0.4578 0.3623 0.0165 0.1545 0.0089
129 0.1946 0.0473 0.0259 0.6084 0.1237
130 0.3362 0.0652 0.1758 0.3635 0.0594
131 0.2313 0.2074 0.3667 0.1517 0.0428
132 0.6064 0.1969 0.0735 0.0753 0.0479
133 0.2112 0.1750 0.2430 0.1984 0.1724
134 0.2235 0.2200 0.3628 0.1355 0.0583
135 0.2112 0.3975 0.3765 0.0134 0.0015
136 0.5728 0.2996 0.1003 0.0237 0.0036
137 0.1240 0.2646 0.0989 0.4944 0.0179
138 0.1182 0.2279 0.1027 0.4192 0.1320
139 0.4292 0.2158 0.1655 0.1790 0.0106
140 0.1975 0.1562 0.3633 0.2496 0.0333
141 0.2000 0.2527 0.4233 0.0937 0.0304
142 0.0515 0.3806 0.5454 0.0120 0.0106
143 0.2482 0.3088 0.2561 0.1530 0.0338
144 0.0955 0.1575 0.0404 0.7056 0.0008
145 0.3914 0.0242 0.0331 0.5186 0.0329
146 0.5479 0.1096 0.0498 0.2710 0.0219
147 0.3594 0.0998 0.0195 0.5029 0.0186
148 0.3125 0.5312 0.1333 0.0147 0.0081
149 0.1973 0.0370 0.0149 0.7446 0.0064
150 0.3096 0.1175 0.0538 0.5024 0.0167
151 0.2512 0.1699 0.1313 0.4338 0.0136
152 0.0315 0.1237 0.0811 0.0948 0.6689
153 0.0205 0.1980 0.0558 0.0452 0.6802
154 0.0487 0.1500 0.6831 0.0882 0.0302
155 0.0437 0.2417 0.2004 0.0483 0.4658
156 0.0255 0.2571 0.2340 0.1534 0.3301
157 0.1644 0.2319 0.5225 0.0610 0.0201
158 0.4072 0.4651 0.1030 0.0118 0.0127
159 0.1801 0.2922 0.3159 0.2040 0.0079
160 0.0971 0.2854 0.1218 0.4932 0.0025
161 0.0235 0.0586 0.0175 0.0388 0.8618
162 0.0470 0.6338 0.0812 0.2208 0.0169
163 0.0515 0.1586 0.6572 0.0507 0.0822
164 0.1921 0.0629 0.0412 0.6499 0.0538
165 0.2087 0.1539 0.0402 0.5811 0.0162
166 0.4050 0.1538 0.1335 0.2698 0.0377
167 0.2385 0.1917 0.2922 0.2703 0.0074
168 0.0901 0.4651 0.2864 0.1071 0.0514
169 0.4185 0.1930 0.0756 0.2991 0.0140
170 0.3584 0.3611 0.1964 0.0445 0.0396
171 0.1237 0.1161 0.6084 0.1337 0.0179
172 0.2581 0.4819 0.1338 0.1154 0.0109
173 0.1122 0.1940 0.1909 0.4304 0.0725
174 0.2947 0.5015 0.1830 0.0084 0.0126
175 0.1804 0.5781 0.1906 0.0145 0.0367
176 0.3538 0.0373 0.0615 0.5396 0.0082
177 0.3181 0.1945 0.0484 0.4182 0.0207
178 0.1249 0.6597 0.0729 0.0914 0.0513
179 0.4438 0.3098 0.0967 0.1354 0.0140
180 0.1036 0.2159 0.1069 0.5601 0.0134
181 0.2340 0.4802 0.1149 0.1523 0.0185
182 0.5337 0.1318 0.1154 0.1903 0.0289
183 0.3845 0.1019 0.0643 0.4158 0.0334
184 0.4971 0.1002 0.1858 0.1871 0.0298
185 0.1947 0.0415 0.1219 0.6387 0.0034
186 0.1486 0.0482 0.1104 0.6870 0.0061
187 0.2678 0.1346 0.2053 0.3660 0.0263
188 0.3933 0.0575 0.0323 0.5049 0.0121
189 0.4258 0.0858 0.1996 0.2793 0.0096
190 0.0340 0.0424 0.0357 0.5938 0.2939
191 0.3901 0.0668 0.1902 0.2223 0.1307
192 0.0238 0.0988 0.4980 0.3760 0.0033
193 0.1760 0.0935 0.6592 0.0618 0.0096
194 0.2394 0.2754 0.2015 0.2734 0.0103
195 0.1262 0.2590 0.0754 0.4915 0.0479
196 0.0201 0.1138 0.0537 0.6968 0.1155
197 0.2153 0.4521 0.1899 0.1066 0.0360
198 0.1575 0.3181 0.1503 0.1959 0.1783
199 0.3806 0.1637 0.1943 0.2496 0.0118
200 0.3650 0.1375 0.2357 0.2469 0.0148
201 0.3694 0.0389 0.0536 0.5210 0.0173
202 0.4253 0.2294 0.0837 0.1993 0.0622
203 0.1532 0.5562 0.2391 0.0216 0.0302
204 0.1625 0.4775 0.2808 0.0392 0.0401
205 0.2310 0.4087 0.3083 0.0333 0.0187
206 0.4758 0.3323 0.1301 0.0582 0.0036
207 0.1547 0.0551 0.4617 0.3171 0.0115
208 0.3357 0.1586 0.0597 0.4082 0.0380
209 0.0191 0.3313 0.3696 0.2705 0.0093
210 0.1043 0.4639 0.4028 0.0085 0.0205
211 0.1709 0.5918 0.2144 0.0038 0.0189
212 0.1954 0.5312 0.2321 0.0127 0.0288
213 0.1602 0.5723 0.2313 0.0066 0.0294
214 0.3030 0.1263 0.1072 0.4548 0.0087
215 0.4836 0.1185 0.1849 0.1953 0.0176
216 0.2386 0.3875 0.2157 0.0648 0.0934
217 0.1437 0.6143 0.1934 0.0193 0.0294
218 0.0295 0.0976 0.0656 0.7920 0.0152
219 0.1598 0.1611 0.6323 0.0357 0.0112
220 0.1104 0.0321 0.1998 0.6450 0.0128
221 0.2046 0.2842 0.2468 0.2318 0.0326
222 0.2046 0.2842 0.2468 0.2318 0.0326
223 0.5952 0.1627 0.0308 0.1228 0.0884
224 0.5933 0.1622 0.0310 0.1244 0.0889
225 0.6001 0.1589 0.0306 0.1219 0.0885
226 0.5977 0.1609 0.0305 0.1224 0.0888
227 0.5977 0.1609 0.0305 0.1224 0.0888
228 0.5933 0.1622 0.0310 0.1254 0.0882
229 0.5933 0.1622 0.0310 0.1254 0.0882
230 0.5933 0.1622 0.0310 0.1254 0.0882
231 0.5933 0.1622 0.0310 0.1254 0.0882
232 0.5933 0.1622 0.0310 0.1254 0.0882
