time exciting_prob fearful_prob tense_prob sad_prob relaxing_prob
0 0.0742 0.1475 0.2932 0.4688 0.0163
1 0.0446 0.4438 0.5029 0.0069 0.0015
2 0.1604 0.1229 0.5684 0.1350 0.0132
3 0.1247 0.3135 0.4490 0.1067 0.0061
4 0.0817 0.1305 0.5581 0.0970 0.1326
5 0.1042 0.5093 0.3726 0.0107 0.0035
6 0.0917 0.2307 0.4883 0.1586 0.0307
7 0.1971 0.1560 0.2825 0.3516 0.0129
8 0.1080 0.2759 0.3486 0.2590 0.0085
9 0.1293 0.1881 0.5034 0.1536 0.0255
10 0.0739 0.2786 0.5205 0.1058 0.0211
11 0.1234 0.2200 0.4512 0.1660 0.0394
12 0.0418 0.2242 0.7236 0.0086 0.0016
13 0.0262 0.2207 0.7349 0.0169 0.0013
14 0.1188 0.4624 0.2849 0.1081 0.0259
15 0.2825 0.3459 0.3252 0.0257 0.0208
16 0.1141 0.3152 0.5532 0.0141 0.0034
17 0.1487 0.2693 0.4304 0.1396 0.0120
18 0.0695 0.2522 0.6338 0.0387 0.0060
19 0.1310 0.3193 0.5430 0.0049 0.0017
20 0.0363 0.3237 0.5864 0.0525 0.0011
21 0.0997 0.5107 0.2910 0.0959 0.0028
22 0.0472 0.6880 0.1713 0.0917 0.0016
23 0.1068 0.7412 0.1448 0.0057 0.0015
24 0.1504 0.2460 0.5854 0.0173 0.0011
25 0.1388 0.7446 0.1089 0.0053 0.0022
26 0.0238 0.6445 0.1655 0.1532 0.0127
27 0.0184 0.2515 0.7275 0.0019 0.0005
28 0.2128 0.3591 0.4102 0.0106 0.0075
29 0.0057 0.6445 0.2408 0.1086 0.0002
30 0.1709 0.3374 0.4758 0.0111 0.0049
31 0.0642 0.2520 0.6436 0.0375 0.0026
32 0.0954 0.1345 0.2218 0.5405 0.0079
33 0.0387 0.0474 0.3237 0.5864 0.0037
34 0.0934 0.2311 0.1886 0.4741 0.0126
35 0.0504 0.7817 0.1050 0.0612 0.0014
36 0.0735 0.5430 0.1461 0.2335 0.0039
37 0.3557 0.3906 0.2028 0.0432 0.0076
38 0.3428 0.3823 0.1984 0.0659 0.0108
39 0.0580 0.7637 0.1412 0.0360 0.0010
40 0.0096 0.7598 0.0776 0.1520 0.0007
41 0.0164 0.8530 0.0878 0.0425 0.0002
42 0.1573 0.4807 0.2343 0.1245 0.0032
43 0.0407 0.7856 0.1097 0.0630 0.0010
44 0.3337 0.1504 0.2900 0.2155 0.0103
45 0.2634 0.4080 0.2515 0.0671 0.0100
46 0.1868 0.2435 0.5078 0.0561 0.0060
47 0.2791 0.4158 0.2642 0.0301 0.0109
48 0.0255 0.7510 0.1783 0.0434 0.0017
49 0.0849 0.8179 0.0862 0.0093 0.0016
50 0.2213 0.3647 0.2842 0.1157 0.0141
51 0.3489 0.3489 0.2397 0.0495 0.0132
52 0.3606 0.3496 0.2479 0.0328 0.0091
53 0.2605 0.2861 0.3850 0.0464 0.0217
54 0.3606 0.2808 0.3035 0.0424 0.0127
55 0.1849 0.1658 0.3049 0.3296 0.0149
56 0.3149 0.3052 0.3298 0.0410 0.0091
57 0.2056 0.1960 0.2222 0.3606 0.0155
58 0.2097 0.3149 0.3567 0.0991 0.0195
59 0.2659 0.2617 0.2700 0.1885 0.0142
60 0.2625 0.2211 0.3704 0.1321 0.0140
61 0.0558 0.4026 0.5332 0.0079 0.0006
62 0.0986 0.2186 0.2764 0.4021 0.0043
63 0.1407 0.3828 0.4075 0.0676 0.0016
64 0.2483 0.5381 0.1761 0.0283 0.0090
65 0.0958 0.7305 0.1340 0.0350 0.0046
66 0.2072 0.1091 0.4968 0.1744 0.0123
67 0.1273 0.3030 0.4841 0.0828 0.0028
68 0.0243 0.6729 0.2151 0.0849 0.0029
69 0.1512 0.2134 0.3987 0.2307 0.0060
70 0.1711 0.1420 0.3682 0.3149 0.0040
71 0.0705 0.6284 0.2461 0.0512 0.0036
72 0.0089 0.5547 0.4321 0.0039 0.0002
73 0.2864 0.1556 0.3562 0.1937 0.0081
74 0.2205 0.3059 0.3992 0.0622 0.0122
75 0.1071 0.1233 0.1940 0.5190 0.0565
76 0.1225 0.3489 0.4695 0.0407 0.0182
77 0.4897 0.2332 0.1932 0.0604 0.0235
78 0.0923 0.4441 0.3406 0.1141 0.0089
79 0.0875 0.4307 0.4443 0.0343 0.0033
80 0.1542 0.3501 0.3904 0.0935 0.0119
81 0.3364 0.2769 0.3638 0.0053 0.0176
82 0.0734 0.2642 0.5864 0.0643 0.0118
83 0.1007 0.3030 0.5752 0.0166 0.0045
84 0.1065 0.3384 0.3357 0.1959 0.0234
85 0.1119 0.1084 0.1307 0.6240 0.0251
86 0.1206 0.3716 0.3716 0.1304 0.0061
87 0.6270 0.2615 0.0523 0.0259 0.0335
88 0.2037 0.5454 0.2238 0.0171 0.0101
89 0.0947 0.4048 0.4731 0.0234 0.0039
90 0.1278 0.4602 0.3875 0.0194 0.0051
91 0.1249 0.4158 0.3669 0.0832 0.0090
92 0.1866 0.4878 0.2913 0.0307 0.0034
93 0.0754 0.6621 0.1754 0.0842 0.0027
94 0.1324 0.3176 0.3892 0.1548 0.0059
95 0.1190 0.4597 0.3582 0.0477 0.0155
96 0.0912 0.5947 0.2659 0.0417 0.0065
97 0.0682 0.5488 0.2676 0.1081 0.0073
98 0.0559 0.7080 0.1416 0.0922 0.0021
99 0.0748 0.6670 0.2019 0.0543 0.0019
100 0.2213 0.2047 0.2430 0.3169 0.0139
101 0.2593 0.1388 0.2474 0.3435 0.0110
102 0.1223 0.2284 0.4834 0.1620 0.0040
103 0.1710 0.3853 0.4165 0.0226 0.0046
104 0.1993 0.2561 0.3843 0.1482 0.0121
105 0.0078 0.8232 0.1647 0.0041 0.0003
106 0.1615 0.3315 0.4189 0.0838 0.0041
107 0.2212 0.4331 0.2355 0.0866 0.0237
108 0.2747 0.3364 0.3015 0.0775 0.0101
109 0.1654 0.2261 0.4358 0.1666 0.0062
110 0.0904 0.1315 0.6274 0.1356 0.0151
111 0.1157 0.1764 0.3618 0.3193 0.0266
112 0.0096 0.8770 0.0910 0.0223 0.0003
113 0.0431 0.4600 0.4673 0.0287 0.0010
114 0.1283 0.1781 0.3328 0.3489 0.0118
115 0.0373 0.6064 0.3455 0.0084 0.0023
116 0.0347 0.6294 0.3164 0.0157 0.0040
117 0.1475 0.2284 0.5479 0.0735 0.0029
118 0.1556 0.4133 0.3945 0.0307 0.0059
119 0.1252 0.3889 0.3950 0.0809 0.0097
120 0.2129 0.1545 0.2469 0.3594 0.0262
121 0.1818 0.2524 0.5303 0.0313 0.0043
122 0.1930 0.3132 0.4778 0.0134 0.0025
123 0.1415 0.3240 0.4788 0.0525 0.0034
124 0.1467 0.2418 0.5449 0.0565 0.0100
125 0.1958 0.2362 0.3657 0.1927 0.0096
126 0.1945 0.4775 0.3206 0.0067 0.0008
127 0.0803 0.6270 0.2306 0.0565 0.0057
128 0.1709 0.6973 0.1270 0.0035 0.0013
129 0.1588 0.6685 0.1664 0.0048 0.0017
130 0.2898 0.4778 0.1991 0.0267 0.0068
131 0.1050 0.5132 0.3582 0.0227 0.0009
132 0.0880 0.5391 0.3218 0.0501 0.0012
133 0.3391 0.4707 0.1565 0.0299 0.0039
134 0.1140 0.3623 0.2957 0.2231 0.0049
135 0.2037 0.2830 0.2496 0.2310 0.0327
136 0.2086 0.1348 0.1527 0.4487 0.0553
137 0.1246 0.3035 0.5161 0.0527 0.0028
138 0.0671 0.5938 0.3032 0.0335 0.0027
139 0.0850 0.4456 0.4526 0.0126 0.0042
140 0.0292 0.3188 0.6245 0.0262 0.0012
141 0.0202 0.6997 0.2534 0.0255 0.0011
142 0.0453 0.4509 0.4875 0.0153 0.0007
143 0.0563 0.4097 0.4788 0.0517 0.0036
144 0.0101 0.5762 0.1575 0.2556 0.0006
145 0.0081 0.7329 0.1141 0.1443 0.0006
146 0.0918 0.5894 0.3105 0.0044 0.0040
147 0.0382 0.4771 0.4771 0.0069 0.0007
148 0.0390 0.5132 0.4255 0.0209 0.0013
149 0.0241 0.5981 0.3630 0.0126 0.0020
150 0.0318 0.7710 0.1890 0.0052 0.0031
151 0.1335 0.6421 0.1782 0.0345 0.0117
152 0.0287 0.8135 0.1459 0.0113 0.0005
153 0.0179 0.0815 0.1620 0.7373 0.0012
154 0.0720 0.5625 0.3464 0.0157 0.0035
155 0.0397 0.7549 0.1738 0.0297 0.0018
156 0.0167 0.7559 0.2200 0.0071 0.0002
157 0.0497 0.5967 0.2336 0.1193 0.0008
158 0.0344 0.7949 0.1692 0.0012 0.0004
159 0.4365 0.4263 0.1231 0.0059 0.0082
160 0.2097 0.3918 0.3796 0.0146 0.0042
161 0.2542 0.6191 0.1076 0.0157 0.0034
162 0.0221 0.4473 0.2979 0.2321 0.0007
163 0.0290 0.5737 0.3025 0.0937 0.0011
164 0.1726 0.6562 0.1150 0.0479 0.0081
165 0.1793 0.6719 0.1105 0.0304 0.0080
166 0.0079 0.3843 0.3667 0.2405 0.0009
167 0.0348 0.4731 0.4658 0.0237 0.0026
168 0.0247 0.4553 0.5078 0.0109 0.0013
169 0.0609 0.5337 0.2949 0.1085 0.0021
170 0.4551 0.4377 0.0829 0.0200 0.0044
171 0.2056 0.2681 0.5049 0.0180 0.0036
172 0.0371 0.1854 0.7686 0.0074 0.0016
173 0.2998 0.1735 0.4194 0.0966 0.0110
174 0.2156 0.1530 0.3611 0.2600 0.0102
175 0.3696 0.2278 0.2925 0.1019 0.0082
176 0.2275 0.2620 0.3525 0.1470 0.0112
177 0.2394 0.3074 0.2671 0.1780 0.0081
178 0.3120 0.2798 0.2393 0.1593 0.0097
179 0.0302 0.7148 0.2433 0.0111 0.0004
180 0.0574 0.6616 0.2715 0.0089 0.0004
181 0.1175 0.2161 0.4165 0.2449 0.0051
182 0.0367 0.2754 0.1300 0.5562 0.0017
183 0.2230 0.2373 0.2607 0.2607 0.0183
184 0.2883 0.2883 0.2045 0.2013 0.0177
185 0.2651 0.2957 0.3403 0.0753 0.0237
186 0.0215 0.4058 0.2499 0.3208 0.0020
187 0.0587 0.6074 0.3008 0.0302 0.0027
188 0.0950 0.7773 0.1138 0.0107 0.0032
189 0.3682 0.5190 0.0888 0.0161 0.0077
190 0.0752 0.6006 0.3020 0.0209 0.0014
191 0.0984 0.1500 0.6025 0.1345 0.0144
192 0.1931 0.1843 0.5171 0.1034 0.0023
193 0.0340 0.3953 0.1926 0.3772 0.0010
194 0.1143 0.4346 0.3279 0.1160 0.0073
195 0.0638 0.4749 0.3315 0.1278 0.0023
196 0.1803 0.3447 0.2388 0.2314 0.0048
197 0.0807 0.6250 0.1907 0.1005 0.0032
198 0.1973 0.3408 0.2573 0.1973 0.0075
199 0.0845 0.2299 0.5688 0.1020 0.0147
200 0.1823 0.2822 0.3860 0.1022 0.0472
201 0.0666 0.2360 0.5073 0.1809 0.0090
202 0.1199 0.4058 0.3638 0.0979 0.0128
203 0.0311 0.3906 0.5342 0.0435 0.0008
204 0.0842 0.5322 0.3489 0.0332 0.0015
205 0.0862 0.6079 0.2457 0.0548 0.0052
206 0.1076 0.5093 0.3188 0.0594 0.0048
207 0.0983 0.5190 0.3052 0.0681 0.0090
208 0.2020 0.2849 0.2476 0.2325 0.0327
209 0.2020 0.2849 0.2476 0.2325 0.0327
210 0.5850 0.2986 0.0626 0.0205 0.0335
211 0.5811 0.3015 0.0627 0.0207 0.0338
212 0.5845 0.2986 0.0626 0.0208 0.0338
213 0.5845 0.2986 0.0626 0.0206 0.0338
214 0.5732 0.3020 0.0684 0.0210 0.0355
