time exciting_prob fearful_prob tense_prob sad_prob relaxing_prob
0 0.2037 0.2830 0.2496 0.2310 0.0327
1 0.0559 0.0076 0.0067 0.8218 0.1078
2 0.0654 0.0057 0.0062 0.4792 0.4434
3 0.2529 0.0053 0.0072 0.1375 0.5972
4 0.1992 0.0066 0.0029 0.2328 0.5586
5 0.2576 0.4451 0.2102 0.0651 0.0220
6 0.1414 0.0892 0.1228 0.2009 0.4458
7 0.2240 0.0117 0.0060 0.2537 0.5049
8 0.3083 0.0544 0.0338 0.1915 0.4119
9 0.2432 0.2629 0.1865 0.2510 0.0564
10 0.1025 0.0280 0.3579 0.2240 0.2876
11 0.0093 0.0700 0.3667 0.5254 0.0287
12 0.1915 0.1515 0.2460 0.2072 0.2039
13 0.1820 0.0783 0.2095 0.3000 0.2301
14 0.1625 0.0346 0.1389 0.2556 0.4084
15 0.1340 0.1694 0.2837 0.2625 0.1506
16 0.3225 0.2434 0.1571 0.0991 0.1781
17 0.2175 0.1383 0.2708 0.1383 0.2352
18 0.1393 0.1875 0.3044 0.2158 0.1531
19 0.1416 0.1951 0.3701 0.1129 0.1804
20 0.0095 0.0302 0.0490 0.8965 0.0147
21 0.0418 0.1603 0.2856 0.4785 0.0336
22 0.1508 0.2142 0.0740 0.4717 0.0893
23 0.3052 0.1293 0.2695 0.2378 0.0583
24 0.0920 0.1339 0.3210 0.4060 0.0470
25 0.2279 0.1542 0.2107 0.2925 0.1146
26 0.1866 0.3076 0.3379 0.1302 0.0373
27 0.0159 0.1504 0.4351 0.3442 0.0545
28 0.1376 0.1007 0.1794 0.2416 0.3406
29 0.1548 0.0896 0.4080 0.3176 0.0300
30 0.7217 0.0317 0.2271 0.0159 0.0036
31 0.0515 0.0738 0.6377 0.2069 0.0303
32 0.6016 0.0204 0.0237 0.3455 0.0087
33 0.0898 0.0311 0.1962 0.5859 0.0971
34 0.2810 0.1677 0.2274 0.2440 0.0798
35 0.0412 0.0820 0.2839 0.5474 0.0453
36 0.0406 0.0288 0.2529 0.6665 0.0109
37 0.3748 0.1255 0.0829 0.4021 0.0146
38 0.0771 0.0468 0.0719 0.4614 0.3428
39 0.1976 0.0402 0.0318 0.4705 0.2598
40 0.0703 0.0397 0.1177 0.6992 0.0731
41 0.1077 0.0459 0.2141 0.6196 0.0130
42 0.0452 0.0318 0.1239 0.7476 0.0517
43 0.1333 0.0640 0.0640 0.6514 0.0875
44 0.1149 0.4688 0.2180 0.0834 0.1149
45 0.1849 0.2776 0.3916 0.1104 0.0356
46 0.1466 0.0198 0.0293 0.7681 0.0359
47 0.1936 0.2281 0.3589 0.2094 0.0100
48 0.0677 0.1246 0.5166 0.2766 0.0144
49 0.1593 0.1670 0.3120 0.2751 0.0866
50 0.0674 0.0764 0.2108 0.6006 0.0449
51 0.1924 0.3884 0.3826 0.0217 0.0148
52 0.1515 0.2920 0.0986 0.4084 0.0496
53 0.3311 0.1731 0.1588 0.2722 0.0647
54 0.2479 0.0844 0.0762 0.5088 0.0830
55 0.4338 0.2935 0.0510 0.1809 0.0407
56 0.1917 0.4185 0.1296 0.2385 0.0217
57 0.2058 0.1578 0.3906 0.1903 0.0554
58 0.4463 0.2727 0.0618 0.1320 0.0872
59 0.2134 0.0918 0.4312 0.2272 0.0365
60 0.3018 0.3784 0.1360 0.1298 0.0541
61 0.2180 0.0490 0.2756 0.3887 0.0686
62 0.3396 0.2859 0.1506 0.1875 0.0363
63 0.2371 0.1667 0.2881 0.2927 0.0153
64 0.0811 0.1975 0.4963 0.1715 0.0536
65 0.1642 0.0550 0.4463 0.2108 0.1239
66 0.4673 0.1448 0.0878 0.2725 0.0278
67 0.2634 0.2473 0.2759 0.1754 0.0379
68 0.1136 0.2041 0.0405 0.6235 0.0182
69 0.4011 0.4075 0.0771 0.0902 0.0239
70 0.3765 0.2864 0.1113 0.1332 0.0930
71 0.5059 0.0309 0.3044 0.1210 0.0381
72 0.1454 0.1782 0.3276 0.3276 0.0210
73 0.1997 0.2262 0.1681 0.3240 0.0819
74 0.2595 0.0870 0.2220 0.3230 0.1082
75 0.2859 0.0740 0.0399 0.5957 0.0044
76 0.1813 0.2328 0.1885 0.3899 0.0077
77 0.3235 0.1704 0.1381 0.3552 0.0129
78 0.4395 0.2142 0.3140 0.0177 0.0146
79 0.2471 0.3074 0.3457 0.0881 0.0116
80 0.2125 0.1211 0.1192 0.4033 0.1438
81 0.0644 0.1968 0.4795 0.2488 0.0106
82 0.1073 0.1099 0.7051 0.0720 0.0057
83 0.3125 0.1635 0.4014 0.1150 0.0075
84 0.0603 0.1470 0.4121 0.3752 0.0054
85 0.0701 0.1353 0.5518 0.2336 0.0093
86 0.0705 0.1901 0.4854 0.2292 0.0247
87 0.1576 0.0971 0.1962 0.5010 0.0484
88 0.3879 0.1004 0.3242 0.1682 0.0193
89 0.5654 0.1242 0.1672 0.1114 0.0316
90 0.3157 0.1479 0.1689 0.3440 0.0234
91 0.2947 0.3040 0.3040 0.0884 0.0092
92 0.0696 0.0894 0.3425 0.4756 0.0231
93 0.3533 0.2013 0.3242 0.0846 0.0364
94 0.0764 0.0922 0.2976 0.5142 0.0195
95 0.3535 0.1907 0.2429 0.2094 0.0035
96 0.0350 0.0400 0.0446 0.8750 0.0055
97 0.3000 0.1157 0.2607 0.2488 0.0747
98 0.2197 0.1880 0.5029 0.0802 0.0091
99 0.0258 0.4644 0.4226 0.0820 0.0053
100 0.0918 0.1255 0.2576 0.4963 0.0289
101 0.2318 0.2128 0.2247 0.3000 0.0307
102 0.3345 0.0718 0.1361 0.3118 0.1461
103 0.1263 0.0507 0.6885 0.1196 0.0147
104 0.1978 0.5049 0.1614 0.1237 0.0123
105 0.1748 0.1111 0.3474 0.2927 0.0740
106 0.4226 0.0921 0.2352 0.2389 0.0113
107 0.5947 0.0739 0.2310 0.0462 0.0544
108 0.5024 0.0718 0.2507 0.0573 0.1176
109 0.0740 0.0422 0.3533 0.4680 0.0624
110 0.4968 0.0325 0.0199 0.4385 0.0123
111 0.1011 0.1298 0.3264 0.4189 0.0238
112 0.3640 0.2603 0.3394 0.0270 0.0095
113 0.0652 0.3447 0.5596 0.0174 0.0134
114 0.0927 0.1018 0.3389 0.4285 0.0380
115 0.4607 0.1748 0.2751 0.0734 0.0160
116 0.2876 0.1843 0.4893 0.0167 0.0220
117 0.5239 0.0698 0.1624 0.2325 0.0111
118 0.1333 0.0681 0.5522 0.2267 0.0197
119 0.2998 0.0107 0.4644 0.1965 0.0288
120 0.2979 0.0983 0.4543 0.1251 0.0245
121 0.2036 0.0091 0.4961 0.2272 0.0641
122 0.4399 0.0088 0.3120 0.2046 0.0345
123 0.3281 0.0094 0.5005 0.1433 0.0190
124 0.1616 0.0418 0.6489 0.1201 0.0274
125 0.2389 0.0297 0.5469 0.1721 0.0126
126 0.3545 0.0120 0.3713 0.2435 0.0186
127 0.5361 0.0760 0.3008 0.0561 0.0312
128 0.3899 0.0287 0.1992 0.3550 0.0272
129 0.0573 0.2610 0.5527 0.1140 0.0151
130 0.2998 0.0103 0.1532 0.5181 0.0186
131 0.3118 0.0156 0.1804 0.4465 0.0456
132 0.2664 0.1259 0.4392 0.1566 0.0120
133 0.3689 0.0215 0.3357 0.2576 0.0165
134 0.4194 0.0175 0.1891 0.3372 0.0369
135 0.6162 0.0439 0.1985 0.0840 0.0573
136 0.2686 0.0318 0.3787 0.2859 0.0349
137 0.0665 0.1063 0.1896 0.5933 0.0443
138 0.2534 0.0346 0.4114 0.2827 0.0178
139 0.3757 0.0478 0.2881 0.2583 0.0301
140 0.1500 0.0665 0.5317 0.1064 0.1454
141 0.1704 0.0272 0.6138 0.1652 0.0236
142 0.4490 0.0545 0.1626 0.2991 0.0346
143 0.4150 0.0175 0.2086 0.3386 0.0202
144 0.3428 0.0254 0.2145 0.4070 0.0105
145 0.1343 0.2080 0.5146 0.1096 0.0332
146 0.0717 0.0652 0.3584 0.4749 0.0299
147 0.1431 0.0249 0.3655 0.4548 0.0117
148 0.0153 0.0837 0.3696 0.5210 0.0103
149 0.1704 0.3335 0.3779 0.1017 0.0164
150 0.2461 0.1829 0.1887 0.2661 0.1163
151 0.1564 0.0562 0.2744 0.4893 0.0238
152 0.3601 0.0749 0.3279 0.2117 0.0255
153 0.5151 0.1896 0.1896 0.0797 0.0261
154 0.2435 0.1488 0.2983 0.2759 0.0335
155 0.0908 0.0696 0.6401 0.1807 0.0186
156 0.2201 0.3516 0.3054 0.0947 0.0282
157 0.2859 0.0513 0.5342 0.1146 0.0138
158 0.1707 0.1076 0.7070 0.0098 0.0049
159 0.0444 0.2849 0.2634 0.3833 0.0238
160 0.4626 0.0310 0.3577 0.1357 0.0130
161 0.5571 0.0216 0.1699 0.2360 0.0152
162 0.5156 0.0181 0.2515 0.1989 0.0159
163 0.2448 0.0680 0.1270 0.1439 0.4163
164 0.4785 0.0563 0.2996 0.1482 0.0174
165 0.3494 0.3662 0.1180 0.0503 0.1161
166 0.1938 0.0350 0.7202 0.0446 0.0063
167 0.1357 0.2698 0.4246 0.0823 0.0876
168 0.1895 0.0834 0.6719 0.0453 0.0101
169 0.2256 0.0484 0.2764 0.4280 0.0217
170 0.1224 0.2341 0.3684 0.1796 0.0953
171 0.2220 0.0856 0.6226 0.0523 0.0173
172 0.3506 0.0381 0.4866 0.1069 0.0179
173 0.3245 0.0510 0.4299 0.1737 0.0208
174 0.1958 0.0548 0.6943 0.0472 0.0078
175 0.1390 0.0511 0.3606 0.3662 0.0830
176 0.2402 0.1033 0.1677 0.3184 0.1704
177 0.1838 0.0230 0.2512 0.5239 0.0182
178 0.1749 0.1300 0.3269 0.2976 0.0707
179 0.1431 0.3328 0.3596 0.0953 0.0692
180 0.2037 0.2830 0.2496 0.2310 0.0327
181 0.2037 0.2830 0.2496 0.2310 0.0327
