time exciting_prob fearful_prob tense_prob sad_prob relaxing_prob
0 0.2037 0.2830 0.2496 0.2310 0.0327
1 0.0562 0.0227 0.0257 0.8652 0.0301
2 0.3948 0.0719 0.0277 0.2822 0.2233
3 0.2988 0.0310 0.0240 0.3333 0.3130
4 0.2502 0.0355 0.0142 0.3474 0.3528
5 0.0192 0.0398 0.0049 0.9126 0.0234
6 0.0392 0.1295 0.0300 0.7871 0.0144
7 0.0230 0.2379 0.0098 0.7217 0.0076
8 0.0318 0.3391 0.0301 0.5859 0.0129
9 0.0587 0.7617 0.0681 0.1063 0.0052
10 0.0474 0.5464 0.2878 0.1068 0.0118
11 0.0616 0.3201 0.5796 0.0324 0.0065
12 0.0327 0.7261 0.1865 0.0464 0.0084
13 0.0383 0.2832 0.3809 0.2744 0.0232
14 0.0445 0.3445 0.4707 0.1247 0.0157
15 0.0951 0.1428 0.1129 0.6201 0.0290
16 0.0270 0.4492 0.1528 0.3555 0.0156
17 0.0362 0.3032 0.1648 0.4695 0.0263
18 0.0217 0.7964 0.1013 0.0654 0.0151
19 0.0385 0.8359 0.0209 0.0983 0.0066
20 0.1775 0.3757 0.2542 0.1720 0.0205
21 0.0394 0.6211 0.1725 0.1595 0.0076
22 0.0715 0.6782 0.1715 0.0750 0.0037
23 0.0526 0.4617 0.1387 0.3325 0.0146
24 0.0398 0.2087 0.3606 0.3721 0.0188
25 0.0366 0.4666 0.2920 0.1885 0.0163
26 0.0156 0.6597 0.2427 0.0776 0.0043
27 0.0286 0.1203 0.1241 0.7144 0.0126
28 0.0395 0.1467 0.2742 0.5205 0.0193
29 0.0617 0.5767 0.1136 0.2330 0.0150
30 0.0501 0.6968 0.2125 0.0309 0.0097
31 0.0252 0.2668 0.4265 0.2079 0.0735
32 0.0764 0.1921 0.2355 0.4331 0.0629
33 0.0191 0.2277 0.2878 0.3418 0.1238
34 0.0105 0.5000 0.4482 0.0357 0.0056
35 0.1173 0.3264 0.3369 0.2075 0.0119
36 0.0303 0.1356 0.7686 0.0565 0.0089
37 0.0374 0.3335 0.2764 0.2222 0.1306
38 0.0641 0.1771 0.6685 0.0318 0.0584
39 0.0391 0.2510 0.6934 0.0145 0.0020
40 0.1122 0.3740 0.3149 0.1633 0.0356
41 0.0364 0.1655 0.6973 0.0846 0.0164
42 0.0057 0.1827 0.1117 0.0210 0.6787
43 0.0124 0.7954 0.1693 0.0202 0.0029
44 0.0124 0.7290 0.2089 0.0178 0.0318
45 0.0221 0.5747 0.3770 0.0157 0.0103
46 0.0068 0.3127 0.3716 0.2676 0.0414
47 0.0228 0.4534 0.0807 0.2371 0.2061
48 0.0919 0.4971 0.1135 0.2347 0.0627
49 0.0165 0.0940 0.0271 0.7222 0.1400
50 0.0105 0.0895 0.0273 0.7729 0.0998
51 0.0224 0.0679 0.1392 0.2025 0.5679
52 0.0443 0.2394 0.0867 0.1893 0.4402
53 0.0137 0.1934 0.1085 0.6748 0.0095
54 0.1324 0.1159 0.6074 0.0803 0.0640
55 0.0102 0.1163 0.0272 0.4822 0.3640
56 0.0154 0.3315 0.0396 0.2971 0.3164
57 0.0362 0.5117 0.2202 0.1715 0.0602
58 0.0483 0.2959 0.1168 0.2035 0.3354
59 0.1376 0.1547 0.3950 0.1014 0.2114
60 0.1488 0.0574 0.1635 0.3201 0.3103
61 0.0234 0.0431 0.0496 0.0843 0.7998
62 0.0331 0.0756 0.1843 0.1481 0.5591
63 0.0253 0.1503 0.1285 0.0333 0.6626
64 0.0382 0.1263 0.1648 0.1388 0.5317
65 0.0713 0.1683 0.2954 0.3508 0.1140
66 0.1866 0.4175 0.0841 0.2612 0.0506
67 0.0483 0.1794 0.2305 0.4583 0.0834
68 0.1094 0.2158 0.2881 0.3020 0.0845
69 0.0824 0.1423 0.5127 0.1180 0.1447
70 0.2876 0.1516 0.2788 0.2703 0.0118
71 0.1361 0.1278 0.3066 0.4192 0.0103
72 0.0262 0.6299 0.2046 0.1193 0.0199
73 0.1240 0.0381 0.0149 0.8081 0.0148
74 0.1158 0.1071 0.3301 0.4106 0.0364
75 0.0800 0.0763 0.1815 0.2057 0.4565
76 0.0455 0.0756 0.1626 0.5854 0.1306
77 0.1407 0.3916 0.1343 0.2957 0.0379
78 0.0641 0.2365 0.1960 0.4702 0.0333
79 0.0356 0.1029 0.1130 0.6924 0.0560
80 0.1971 0.2737 0.2822 0.1896 0.0574
81 0.1514 0.1974 0.1715 0.4380 0.0417
82 0.2932 0.0361 0.1864 0.4470 0.0373
83 0.0933 0.3467 0.0905 0.3577 0.1117
84 0.0659 0.5869 0.1394 0.1642 0.0439
85 0.0620 0.1271 0.4104 0.3738 0.0269
86 0.4272 0.1571 0.1302 0.2571 0.0284
87 0.0836 0.2849 0.2118 0.3777 0.0420
88 0.0266 0.5171 0.2223 0.0170 0.2172
89 0.0273 0.3354 0.3008 0.0213 0.3152
90 0.0299 0.2646 0.1351 0.0186 0.5518
91 0.0302 0.2505 0.3701 0.0226 0.3267
92 0.0217 0.4351 0.5005 0.0055 0.0371
93 0.0466 0.4597 0.4187 0.0218 0.0532
94 0.0243 0.3049 0.1232 0.4722 0.0753
95 0.0720 0.3745 0.1825 0.2185 0.1525
96 0.0735 0.3245 0.0894 0.1879 0.3245
97 0.0999 0.1487 0.0388 0.2510 0.4617
98 0.0505 0.3193 0.0591 0.2391 0.3320
99 0.2812 0.3474 0.1802 0.0728 0.1182
100 0.0762 0.3811 0.1327 0.0964 0.3135
101 0.0659 0.2751 0.1086 0.1997 0.3506
102 0.1509 0.3145 0.0391 0.1710 0.3245
103 0.0569 0.6167 0.1754 0.1377 0.0131
104 0.0523 0.6675 0.1377 0.1178 0.0247
105 0.1169 0.1572 0.2150 0.4622 0.0487
106 0.0798 0.2830 0.3870 0.2170 0.0333
107 0.0792 0.3157 0.1295 0.4182 0.0575
108 0.0108 0.3779 0.0524 0.5498 0.0090
109 0.0335 0.4309 0.0626 0.4446 0.0286
110 0.0205 0.3997 0.3113 0.2664 0.0023
111 0.0801 0.1184 0.1203 0.6255 0.0559
112 0.0781 0.3367 0.2542 0.2174 0.1136
113 0.0141 0.0406 0.0256 0.9028 0.0168
114 0.0792 0.4448 0.2272 0.1913 0.0574
115 0.0387 0.3479 0.3943 0.0826 0.1362
116 0.1239 0.1642 0.0684 0.5098 0.1339
117 0.0280 0.5322 0.3601 0.0588 0.0206
118 0.1042 0.1653 0.1963 0.4563 0.0781
119 0.0259 0.2559 0.1190 0.0408 0.5586
120 0.0498 0.4077 0.1115 0.2847 0.1465
121 0.0462 0.2744 0.4595 0.1613 0.0589
122 0.0112 0.3589 0.1004 0.5142 0.0155
123 0.1227 0.2700 0.1613 0.4119 0.0341
124 0.0322 0.2272 0.0823 0.5620 0.0962
125 0.1072 0.2397 0.1064 0.5239 0.0228
126 0.0620 0.0692 0.0433 0.7920 0.0332
127 0.1063 0.1282 0.0999 0.6411 0.0245
128 0.1934 0.0508 0.2683 0.4785 0.0089
129 0.1794 0.0991 0.0502 0.6465 0.0249
130 0.0673 0.1746 0.0964 0.6387 0.0233
131 0.1897 0.1648 0.1169 0.4807 0.0480
132 0.1340 0.2666 0.0776 0.4751 0.0467
133 0.1266 0.5806 0.1135 0.1423 0.0368
134 0.0149 0.0813 0.0435 0.8213 0.0390
135 0.0393 0.6807 0.1027 0.1405 0.0369
136 0.1102 0.3020 0.1604 0.4062 0.0212
137 0.2720 0.0491 0.3081 0.3545 0.0163
138 0.1054 0.2284 0.1752 0.4268 0.0644
139 0.1233 0.1725 0.0560 0.6260 0.0223
140 0.1589 0.2500 0.0818 0.4221 0.0871
141 0.1890 0.1694 0.1472 0.4827 0.0118
142 0.0947 0.1854 0.0688 0.5986 0.0523
143 0.2411 0.2318 0.1581 0.2429 0.1261
144 0.1508 0.0439 0.1936 0.5962 0.0155
145 0.0673 0.7344 0.0705 0.1208 0.0068
146 0.0653 0.1012 0.0893 0.7358 0.0082
147 0.2263 0.0517 0.1394 0.5513 0.0313
148 0.1353 0.1353 0.1271 0.5562 0.0464
149 0.0315 0.0830 0.0792 0.6133 0.1930
150 0.1523 0.2115 0.1410 0.4514 0.0437
151 0.0850 0.2639 0.1731 0.4023 0.0756
152 0.3374 0.2795 0.2710 0.0724 0.0397
153 0.0560 0.3030 0.1781 0.4548 0.0081
154 0.1201 0.0512 0.0800 0.7241 0.0248
155 0.1472 0.0717 0.2625 0.4980 0.0207
156 0.0520 0.2258 0.5679 0.1436 0.0107
157 0.2087 0.1025 0.5005 0.1638 0.0244
158 0.0443 0.3647 0.4985 0.0770 0.0155
159 0.1113 0.0777 0.0840 0.7036 0.0235
160 0.2351 0.1996 0.1603 0.3557 0.0493
161 0.1730 0.0637 0.1412 0.5166 0.1058
162 0.2534 0.1197 0.1107 0.5078 0.0085
163 0.1098 0.0606 0.2534 0.3228 0.2534
164 0.0130 0.2418 0.4885 0.2456 0.0111
165 0.0491 0.3574 0.4448 0.1422 0.0063
166 0.2803 0.0359 0.1098 0.5156 0.0583
167 0.1228 0.5088 0.1704 0.1815 0.0164
168 0.1010 0.3015 0.1100 0.1858 0.3015
169 0.1681 0.2158 0.3240 0.2446 0.0474
170 0.1027 0.1173 0.1019 0.1919 0.4861
171 0.1024 0.0786 0.5801 0.2037 0.0351
172 0.0417 0.2681 0.1359 0.5088 0.0455
173 0.2040 0.1058 0.5127 0.1539 0.0236
174 0.2057 0.0428 0.1873 0.5088 0.0554
175 0.3594 0.0316 0.2549 0.3123 0.0419
176 0.3926 0.1008 0.1715 0.2964 0.0389
177 0.1141 0.0968 0.3513 0.3982 0.0397
178 0.0522 0.1064 0.6118 0.2018 0.0275
179 0.2017 0.0573 0.2866 0.4072 0.0471
180 0.0806 0.0331 0.3394 0.4861 0.0609
181 0.1139 0.1439 0.1683 0.5186 0.0555
182 0.0612 0.0263 0.7568 0.1400 0.0156
183 0.1462 0.0765 0.6064 0.1157 0.0551
184 0.0391 0.0295 0.3977 0.5269 0.0070
185 0.1134 0.0499 0.5850 0.2327 0.0190
186 0.0795 0.5303 0.2563 0.1052 0.0285
187 0.0475 0.1439 0.0240 0.7598 0.0246
188 0.0412 0.0776 0.0403 0.8149 0.0260
189 0.0597 0.0407 0.0404 0.8047 0.0547
190 0.2360 0.2018 0.2673 0.2183 0.0766
191 0.1161 0.3037 0.2639 0.2681 0.0484
192 0.0380 0.0360 0.0580 0.7461 0.1218
193 0.0453 0.0143 0.0264 0.8682 0.0460
194 0.1151 0.0388 0.0755 0.7163 0.0544
195 0.0814 0.0192 0.0446 0.7251 0.1300
196 0.1025 0.2365 0.2023 0.4084 0.0504
197 0.0320 0.0512 0.0449 0.1191 0.7529
198 0.1263 0.2532 0.1177 0.2416 0.2612
199 0.0337 0.4331 0.2979 0.0242 0.2112
200 0.0198 0.6362 0.1313 0.0275 0.1852
201 0.0336 0.5093 0.0628 0.0899 0.3042
202 0.0305 0.2935 0.0790 0.1282 0.4690
203 0.0273 0.2198 0.1105 0.1233 0.5190
204 0.0137 0.2260 0.0845 0.0320 0.6440
205 0.0298 0.2310 0.1126 0.0978 0.5288
206 0.0375 0.4717 0.1818 0.0140 0.2952
207 0.0620 0.5566 0.2549 0.0397 0.0867
208 0.0605 0.6655 0.1569 0.0321 0.0853
209 0.0466 0.6431 0.2189 0.0352 0.0562
210 0.1049 0.6128 0.1885 0.0291 0.0646
211 0.1405 0.5264 0.1250 0.0944 0.1138
212 0.3440 0.2576 0.0933 0.1975 0.1074
213 0.0136 0.7417 0.1331 0.0425 0.0690
214 0.0768 0.1963 0.4028 0.2190 0.1050
215 0.1362 0.1406 0.1544 0.4539 0.1147
216 0.0999 0.3711 0.0909 0.4077 0.0302
217 0.1642 0.2771 0.1340 0.3909 0.0339
218 0.0908 0.2249 0.0471 0.5698 0.0675
219 0.0601 0.1205 0.0317 0.7554 0.0322
220 0.1062 0.1113 0.1646 0.6016 0.0163
221 0.1566 0.0751 0.1219 0.6191 0.0272
222 0.2266 0.0821 0.0681 0.5879 0.0356
223 0.2472 0.0983 0.3076 0.3274 0.0194
224 0.1587 0.4417 0.0891 0.2556 0.0549
225 0.0768 0.2808 0.2942 0.3281 0.0200
226 0.0400 0.1595 0.1054 0.0235 0.6714
227 0.0822 0.2871 0.1586 0.0737 0.3984
228 0.0890 0.1444 0.2134 0.5200 0.0332
229 0.0602 0.0784 0.3354 0.3408 0.1853
230 0.0913 0.1932 0.3237 0.1437 0.2482
231 0.0862 0.3491 0.0962 0.4280 0.0404
232 0.1953 0.1281 0.2468 0.4006 0.0290
233 0.0656 0.2847 0.3542 0.2474 0.0479
234 0.0125 0.0200 0.0186 0.0156 0.9331
235 0.0578 0.1523 0.2983 0.0221 0.4692
236 0.0886 0.4829 0.0609 0.3450 0.0226
237 0.3682 0.1465 0.1794 0.2632 0.0426
238 0.0729 0.7598 0.1061 0.0422 0.0193
239 0.0634 0.1671 0.0654 0.6929 0.0113
240 0.0421 0.2561 0.0957 0.4355 0.1705
241 0.0392 0.5454 0.1757 0.1492 0.0905
242 0.0210 0.5410 0.1326 0.2764 0.0289
243 0.0194 0.5669 0.1143 0.1305 0.1689
244 0.0289 0.5498 0.1991 0.1189 0.1033
245 0.0332 0.3330 0.3716 0.2219 0.0401
246 0.0289 0.1913 0.1274 0.6079 0.0444
247 0.1836 0.4761 0.0403 0.1698 0.1301
248 0.3120 0.1332 0.1157 0.4265 0.0126
249 0.1121 0.3296 0.3823 0.1594 0.0165
250 0.4131 0.0435 0.1763 0.3372 0.0297
251 0.0772 0.1344 0.1866 0.4995 0.1023
252 0.0709 0.1769 0.6675 0.0388 0.0461
253 0.0994 0.2766 0.2810 0.1528 0.1902
254 0.1919 0.1831 0.2583 0.3423 0.0244
255 0.2173 0.0320 0.1110 0.6001 0.0399
256 0.0525 0.3589 0.5181 0.0281 0.0422
257 0.3540 0.2395 0.1223 0.2590 0.0254
258 0.1406 0.1892 0.3704 0.2468 0.0529
259 0.0693 0.2020 0.0483 0.6729 0.0077
260 0.0635 0.1409 0.1150 0.6616 0.0189
261 0.0670 0.5698 0.0620 0.2651 0.0359
262 0.1969 0.3765 0.0591 0.2820 0.0853
263 0.1122 0.1685 0.2196 0.4651 0.0348
264 0.0299 0.6147 0.2407 0.1102 0.0047
265 0.1781 0.0476 0.0499 0.7158 0.0087
266 0.1477 0.1080 0.0376 0.6831 0.0237
267 0.0646 0.0549 0.3899 0.4778 0.0129
268 0.0824 0.6528 0.1901 0.0584 0.0161
269 0.0931 0.2269 0.3921 0.2822 0.0057
270 0.1500 0.1465 0.2454 0.4375 0.0206
271 0.0389 0.0434 0.0383 0.8711 0.0083
272 0.0248 0.0155 0.0364 0.9170 0.0064
273 0.0465 0.0278 0.0230 0.8906 0.0119
274 0.0450 0.0465 0.0286 0.8633 0.0166
275 0.0454 0.2344 0.1853 0.4961 0.0388
276 0.0353 0.3247 0.2820 0.3298 0.0284
277 0.0089 0.5190 0.3005 0.1442 0.0273
278 0.0729 0.0807 0.1923 0.5737 0.0801
279 0.1141 0.1224 0.1047 0.5615 0.0975
280 0.1031 0.0841 0.1896 0.5527 0.0703
281 0.1201 0.3757 0.2791 0.1775 0.0478
282 0.0797 0.1022 0.1583 0.6460 0.0135
283 0.0589 0.2539 0.2620 0.3638 0.0613
284 0.0339 0.5913 0.1951 0.1260 0.0537
285 0.1204 0.3484 0.2017 0.2510 0.0784
286 0.2288 0.4692 0.1234 0.1548 0.0239
287 0.1577 0.0757 0.1760 0.5171 0.0734
288 0.0783 0.0796 0.2197 0.6064 0.0159
289 0.1191 0.1210 0.6143 0.1248 0.0205
290 0.0817 0.2576 0.2421 0.2786 0.1400
291 0.0397 0.2737 0.0881 0.1713 0.4272
292 0.0273 0.2756 0.2981 0.2935 0.1055
293 0.0217 0.3425 0.2144 0.3882 0.0334
294 0.0318 0.7695 0.1276 0.0566 0.0144
295 0.0217 0.3914 0.2690 0.3000 0.0176
296 0.0109 0.6777 0.1881 0.1196 0.0038
297 0.0174 0.7524 0.1995 0.0272 0.0034
298 0.0205 0.6958 0.2683 0.0136 0.0021
299 0.1311 0.6108 0.2095 0.0361 0.0123
300 0.2039 0.4702 0.2136 0.0830 0.0291
301 0.2964 0.3035 0.1179 0.2659 0.0163
302 0.3267 0.3191 0.1137 0.2209 0.0198
303 0.3047 0.3425 0.1157 0.2178 0.0192
304 0.2316 0.3191 0.1249 0.3093 0.0152
305 0.1255 0.2698 0.1422 0.4519 0.0106
306 0.2112 0.1130 0.1594 0.3594 0.1570
307 0.1581 0.2062 0.1709 0.4231 0.0419
308 0.1670 0.3071 0.1805 0.3025 0.0429
309 0.2583 0.2428 0.1592 0.2837 0.0559
310 0.2651 0.2491 0.1511 0.2781 0.0565
311 0.1660 0.3352 0.1766 0.2822 0.0397
312 0.1522 0.3430 0.1924 0.2800 0.0324
