time exciting_prob fearful_prob tense_prob sad_prob relaxing_prob
0 0.2037 0.2830 0.2496 0.2310 0.0327
1 0.0561 0.0969 0.5488 0.2632 0.0351
2 0.0360 0.1179 0.6787 0.1490 0.0184
3 0.0485 0.2500 0.5132 0.1719 0.0166
4 0.0716 0.2347 0.5542 0.1237 0.0156
5 0.0434 0.4243 0.3926 0.1294 0.0103
6 0.0468 0.1849 0.4949 0.2568 0.0167
7 0.0387 0.2195 0.3193 0.4102 0.0124
8 0.0576 0.2139 0.2969 0.3933 0.0383
9 0.0404 0.3328 0.1700 0.4409 0.0158
10 0.0348 0.2198 0.1852 0.5444 0.0159
11 0.8511 0.0458 0.0856 0.0083 0.0090
12 0.8120 0.0424 0.1000 0.0241 0.0216
13 0.8076 0.0706 0.1043 0.0084 0.0093
14 0.8696 0.0464 0.0681 0.0073 0.0085
15 0.0112 0.3640 0.4673 0.1565 0.0011
16 0.0095 0.3013 0.4382 0.2498 0.0012
17 0.0138 0.3928 0.4180 0.1743 0.0012
18 0.0077 0.3142 0.4434 0.2335 0.0012
19 0.3232 0.0617 0.1626 0.3962 0.0562
20 0.0755 0.1561 0.2168 0.4590 0.0925
21 0.0901 0.1122 0.1071 0.6665 0.0243
22 0.0462 0.1492 0.0575 0.7344 0.0127
23 0.1539 0.2103 0.0421 0.3931 0.2007
24 0.2222 0.4055 0.0335 0.1576 0.1813
25 0.1923 0.0610 0.0271 0.5391 0.1805
26 0.2230 0.2247 0.0250 0.2430 0.2842
27 0.1487 0.1122 0.1685 0.5273 0.0433
28 0.0795 0.0468 0.1558 0.6870 0.0309
29 0.0908 0.4834 0.3323 0.0840 0.0097
30 0.0514 0.0364 0.6455 0.2610 0.0056
31 0.0867 0.1364 0.1984 0.5654 0.0133
32 0.1802 0.2106 0.2705 0.3210 0.0177
33 0.0712 0.5264 0.0638 0.3293 0.0091
34 0.0735 0.3169 0.0937 0.5063 0.0096
35 0.1161 0.5718 0.1588 0.1469 0.0064
36 0.1137 0.3503 0.3557 0.1735 0.0068
37 0.1090 0.2456 0.5449 0.0932 0.0072
38 0.2009 0.2349 0.3755 0.1719 0.0169
39 0.0765 0.2844 0.5068 0.1282 0.0038
40 0.2100 0.1488 0.3201 0.3152 0.0061
41 0.1315 0.2825 0.4243 0.1560 0.0057
42 0.1560 0.2612 0.3743 0.2035 0.0051
43 0.1432 0.1477 0.4548 0.2512 0.0030
44 0.1342 0.1260 0.5063 0.2246 0.0092
45 0.1425 0.1493 0.4526 0.2500 0.0055
46 0.2054 0.2556 0.4487 0.0876 0.0026
47 0.1495 0.1028 0.2209 0.5059 0.0209
48 0.0995 0.2542 0.4126 0.2244 0.0093
49 0.0965 0.0478 0.2542 0.5137 0.0879
50 0.1426 0.1019 0.2881 0.4062 0.0613
51 0.1648 0.2218 0.2939 0.3032 0.0163
52 0.1647 0.1866 0.2286 0.4011 0.0189
53 0.1299 0.6050 0.1011 0.1449 0.0190
54 0.0641 0.3105 0.1024 0.5122 0.0108
55 0.0599 0.1437 0.2444 0.5337 0.0183
56 0.0694 0.2009 0.2312 0.4819 0.0166
57 0.0873 0.2046 0.1696 0.5225 0.0163
58 0.1189 0.2898 0.2439 0.3335 0.0141
59 0.1594 0.3765 0.2266 0.2247 0.0130
60 0.2747 0.2404 0.2539 0.2223 0.0088
61 0.1587 0.2345 0.3521 0.2363 0.0185
62 0.1543 0.2448 0.1362 0.4573 0.0076
63 0.0742 0.1595 0.2844 0.4475 0.0342
64 0.1492 0.4890 0.1946 0.1588 0.0085
65 0.0270 0.3425 0.4329 0.1921 0.0055
66 0.0442 0.3701 0.4534 0.1279 0.0043
67 0.0373 0.1429 0.2249 0.5830 0.0118
68 0.1686 0.4878 0.1633 0.1522 0.0282
69 0.1018 0.1392 0.7178 0.0402 0.0011
70 0.1920 0.2544 0.3020 0.2389 0.0127
71 0.1062 0.5229 0.2932 0.0596 0.0182
72 0.0554 0.1505 0.4426 0.3340 0.0174
73 0.1498 0.1545 0.3171 0.3591 0.0195
74 0.0840 0.0765 0.6401 0.1923 0.0070
75 0.0862 0.6128 0.1561 0.1389 0.0061
76 0.3025 0.3428 0.2588 0.0860 0.0097
77 0.0241 0.2651 0.2693 0.4304 0.0109
78 0.0889 0.2272 0.2380 0.4377 0.0080
79 0.2737 0.2891 0.3542 0.0737 0.0092
80 0.2001 0.2032 0.4270 0.1522 0.0175
81 0.0364 0.2467 0.1405 0.5737 0.0029
82 0.0683 0.0811 0.2703 0.5630 0.0173
83 0.1627 0.3611 0.3726 0.0599 0.0438
84 0.0138 0.1420 0.6880 0.1559 0.0003
85 0.0306 0.2224 0.3088 0.4355 0.0027
86 0.0091 0.6343 0.3044 0.0513 0.0009
87 0.0406 0.0943 0.7769 0.0770 0.0112
88 0.0227 0.2036 0.7451 0.0278 0.0010
89 0.0958 0.1721 0.6704 0.0533 0.0084
90 0.1442 0.1672 0.6216 0.0514 0.0158
91 0.0547 0.0498 0.7915 0.0902 0.0135
92 0.0346 0.3721 0.4929 0.0986 0.0018
93 0.1243 0.3711 0.4546 0.0464 0.0038
94 0.0946 0.1007 0.6265 0.1740 0.0042
95 0.0433 0.0784 0.5439 0.3298 0.0045
96 0.3843 0.1504 0.3723 0.0878 0.0052
97 0.1139 0.0747 0.2566 0.5024 0.0522
98 0.0157 0.1558 0.0649 0.7544 0.0091
99 0.0975 0.3564 0.3049 0.2339 0.0072
100 0.0525 0.4983 0.1617 0.2839 0.0035
101 0.0374 0.6836 0.2554 0.0206 0.0031
102 0.1096 0.4204 0.4270 0.0342 0.0089
103 0.0687 0.6421 0.2593 0.0271 0.0028
104 0.5225 0.0840 0.1290 0.2319 0.0324
105 0.5737 0.0974 0.1061 0.1750 0.0475
106 0.1971 0.0854 0.5703 0.1376 0.0094
107 0.2334 0.0453 0.6445 0.0740 0.0028
108 0.0649 0.0211 0.8755 0.0334 0.0052
109 0.0978 0.1469 0.4893 0.2578 0.0083
110 0.0462 0.1886 0.5991 0.1638 0.0020
111 0.0352 0.1858 0.6797 0.0979 0.0013
112 0.0286 0.2050 0.7266 0.0362 0.0036
113 0.0481 0.1483 0.7412 0.0572 0.0051
114 0.0817 0.4485 0.4485 0.0199 0.0012
115 0.0109 0.1664 0.7935 0.0287 0.0006
116 0.0243 0.2344 0.6470 0.0932 0.0012
117 0.0171 0.3975 0.5518 0.0331 0.0006
118 0.0169 0.6577 0.3108 0.0142 0.0004
119 0.0170 0.6943 0.2720 0.0155 0.0014
120 0.1146 0.0323 0.8081 0.0425 0.0025
121 0.0728 0.1493 0.7236 0.0524 0.0021
122 0.0645 0.1559 0.7095 0.0620 0.0081
123 0.0597 0.2435 0.6519 0.0427 0.0023
124 0.0789 0.2668 0.4756 0.1643 0.0144
125 0.0825 0.4060 0.3313 0.1774 0.0027
126 0.1010 0.1277 0.5210 0.2461 0.0041
127 0.0956 0.7231 0.1492 0.0294 0.0029
128 0.1201 0.2209 0.5137 0.1427 0.0026
129 0.1243 0.1896 0.1187 0.5488 0.0188
130 0.1825 0.0761 0.2739 0.4448 0.0225
131 0.1331 0.0873 0.2646 0.5020 0.0129
132 0.1089 0.2269 0.4307 0.2234 0.0103
133 0.1251 0.2649 0.5610 0.0379 0.0109
134 0.0242 0.1414 0.1248 0.7065 0.0031
135 0.0286 0.1187 0.1160 0.7329 0.0038
136 0.2104 0.1126 0.4893 0.1829 0.0049
137 0.0826 0.0449 0.5645 0.3022 0.0055
138 0.1180 0.0584 0.2786 0.5288 0.0165
139 0.1328 0.1200 0.6641 0.0806 0.0027
140 0.1322 0.0909 0.4202 0.3484 0.0082
141 0.1946 0.0524 0.5288 0.2137 0.0103
142 0.0952 0.1292 0.4202 0.3481 0.0074
143 0.0496 0.1267 0.6533 0.1577 0.0124
144 0.0719 0.1547 0.6309 0.1387 0.0037
145 0.0656 0.1729 0.3130 0.4414 0.0072
146 0.0322 0.1841 0.5669 0.2053 0.0113
147 0.0649 0.0382 0.6162 0.2610 0.0195
148 0.0698 0.1326 0.5493 0.2325 0.0157
149 0.0406 0.1738 0.6460 0.1333 0.0065
150 0.0598 0.2185 0.5493 0.1649 0.0074
151 0.0394 0.1323 0.5835 0.2358 0.0087
152 0.0879 0.0396 0.2505 0.6006 0.0212
153 0.1234 0.0815 0.2593 0.5234 0.0124
154 0.1465 0.0903 0.2131 0.5278 0.0225
155 0.1705 0.2520 0.3499 0.2173 0.0104
156 0.1458 0.1481 0.2944 0.4026 0.0091
157 0.0792 0.1327 0.3440 0.4419 0.0022
158 0.0878 0.1565 0.2207 0.4895 0.0455
159 0.0957 0.0871 0.4158 0.3967 0.0049
160 0.0512 0.0679 0.7183 0.1553 0.0074
161 0.0556 0.1912 0.5981 0.1511 0.0042
162 0.0737 0.1055 0.5444 0.2695 0.0067
163 0.0990 0.0702 0.4724 0.3511 0.0074
164 0.0553 0.2517 0.6133 0.0699 0.0099
165 0.0794 0.1155 0.4160 0.3672 0.0220
166 0.1429 0.0880 0.6157 0.1375 0.0158
167 0.0083 0.2321 0.6611 0.0983 0.0003
168 0.0825 0.2971 0.5054 0.1146 0.0002
169 0.1293 0.0391 0.8169 0.0129 0.0016
170 0.0673 0.0632 0.8198 0.0485 0.0015
171 0.0792 0.0383 0.7998 0.0804 0.0023
172 0.0839 0.0648 0.6650 0.1819 0.0043
173 0.1532 0.1138 0.2485 0.4792 0.0053
174 0.0584 0.3606 0.3184 0.2478 0.0149
175 0.0700 0.5864 0.1844 0.1578 0.0015
176 0.1949 0.5381 0.1803 0.0851 0.0015
177 0.1310 0.5430 0.2524 0.0712 0.0023
178 0.0634 0.1521 0.2979 0.4761 0.0105
179 0.1581 0.0281 0.4036 0.3733 0.0370
180 0.2336 0.0859 0.3296 0.3398 0.0110
181 0.0389 0.4668 0.2311 0.2620 0.0013
182 0.0135 0.2357 0.7378 0.0121 0.0010
183 0.0858 0.0768 0.3286 0.5010 0.0077
184 0.1875 0.1788 0.2059 0.3503 0.0775
185 0.0471 0.1832 0.3318 0.4326 0.0052
186 0.1052 0.0331 0.6860 0.1578 0.0180
187 0.0566 0.4084 0.4851 0.0441 0.0056
188 0.1349 0.2683 0.2155 0.3391 0.0424
189 0.1414 0.4858 0.2058 0.1172 0.0497
190 0.1729 0.3547 0.1884 0.2006 0.0836
191 0.1942 0.1796 0.3303 0.2739 0.0220
192 0.2820 0.2450 0.1969 0.2031 0.0730
193 0.2856 0.4026 0.1370 0.1248 0.0500
194 0.1782 0.3176 0.1700 0.2532 0.0809
195 0.1549 0.3894 0.1624 0.2720 0.0213
196 0.1100 0.0804 0.2537 0.4282 0.1276
197 0.1252 0.1534 0.2529 0.3223 0.1464
198 0.3635 0.1857 0.0884 0.3013 0.0612
199 0.1250 0.4363 0.1876 0.1138 0.1373
200 0.0941 0.0971 0.2810 0.4631 0.0647
201 0.0742 0.1204 0.2756 0.4688 0.0610
202 0.1080 0.3303 0.1768 0.3569 0.0280
203 0.3345 0.3503 0.1483 0.1508 0.0161
204 0.2097 0.3250 0.1609 0.2737 0.0309
205 0.3406 0.0543 0.1584 0.4307 0.0161
206 0.6348 0.1847 0.0753 0.0981 0.0071
207 0.1439 0.0930 0.1968 0.5605 0.0060
208 0.1134 0.1411 0.2152 0.5244 0.0057
209 0.1826 0.1826 0.4180 0.1945 0.0223
210 0.1960 0.1731 0.4558 0.1434 0.0315
211 0.1841 0.1255 0.2964 0.2169 0.1770
212 0.2057 0.1042 0.3696 0.1627 0.1577
213 0.1440 0.1343 0.3853 0.2374 0.0990
214 0.2605 0.0833 0.3242 0.3044 0.0277
215 0.2360 0.0766 0.1304 0.5317 0.0253
216 0.1400 0.1914 0.0662 0.5283 0.0738
217 0.2369 0.4292 0.0695 0.1875 0.0770
218 0.2059 0.2815 0.0590 0.3789 0.0746
219 0.2057 0.3784 0.0793 0.2522 0.0844
220 0.1296 0.2744 0.0705 0.4893 0.0360
221 0.0862 0.2915 0.2417 0.2573 0.1234
222 0.0059 0.8652 0.0637 0.0589 0.0065
223 0.0334 0.2957 0.2610 0.2490 0.1608
224 0.0100 0.7959 0.0950 0.0950 0.0040
225 0.0140 0.7236 0.0934 0.1639 0.0050
226 0.0145 0.5415 0.1017 0.3337 0.0084
227 0.2913 0.1398 0.1971 0.2695 0.1023
228 0.2045 0.1592 0.0922 0.4294 0.1147
229 0.3052 0.0573 0.0765 0.5356 0.0254
230 0.2822 0.0615 0.0784 0.5527 0.0253
231 0.2822 0.0615 0.0784 0.5527 0.0253
232 0.2878 0.0762 0.0694 0.5376 0.0289
