time exciting_prob fearful_prob tense_prob sad_prob relaxing_prob
0 0.2925 0.3611 0.1248 0.1719 0.0497
1 0.0300 0.3225 0.5840 0.0606 0.0032
2 0.0417 0.1870 0.6841 0.0779 0.0095
3 0.0483 0.1489 0.7217 0.0726 0.0087
4 0.0669 0.2666 0.3879 0.1230 0.1555
5 0.0078 0.2847 0.6123 0.0925 0.0026
6 0.0810 0.1742 0.5200 0.2068 0.0182
7 0.0059 0.1671 0.6924 0.1301 0.0043
8 0.0212 0.1604 0.4788 0.3342 0.0054
9 0.0522 0.0809 0.4878 0.3567 0.0225
10 0.0663 0.2407 0.4094 0.2369 0.0467
11 0.0443 0.4543 0.3074 0.1185 0.0753
12 0.0832 0.0418 0.6968 0.1681 0.0103
13 0.1442 0.0486 0.6260 0.1659 0.0152
14 0.1321 0.0415 0.6396 0.1749 0.0116
15 0.0256 0.2666 0.5645 0.1405 0.0028
16 0.0145 0.2028 0.6343 0.1438 0.0045
17 0.0131 0.2700 0.5894 0.1236 0.0038
18 0.0148 0.2001 0.7666 0.0168 0.0015
19 0.0290 0.3044 0.6250 0.0372 0.0045
20 0.0411 0.1307 0.8008 0.0244 0.0028
21 0.1065 0.1389 0.7275 0.0223 0.0047
22 0.0218 0.0491 0.8442 0.0836 0.0014
23 0.0123 0.2091 0.6855 0.0928 0.0004
24 0.0119 0.2537 0.7002 0.0338 0.0006
25 0.0143 0.2874 0.6577 0.0395 0.0010
26 0.0163 0.2069 0.7451 0.0308 0.0008
27 0.0146 0.1393 0.1964 0.6440 0.0055
28 0.0078 0.2120 0.5083 0.2681 0.0037
29 0.0083 0.2302 0.3977 0.3623 0.0014
30 0.0171 0.0486 0.8760 0.0534 0.0050
31 0.0146 0.0777 0.8750 0.0304 0.0022
32 0.0706 0.1381 0.5635 0.2207 0.0072
33 0.0539 0.2034 0.5615 0.1768 0.0045
34 0.0134 0.3735 0.3735 0.2374 0.0022
35 0.0103 0.3826 0.4009 0.2048 0.0013
36 0.0103 0.2493 0.6987 0.0397 0.0018
37 0.0094 0.2396 0.6826 0.0650 0.0033
38 0.0096 0.2325 0.6729 0.0829 0.0023
39 0.2297 0.2333 0.5176 0.0116 0.0077
40 0.0125 0.3440 0.5854 0.0570 0.0012
41 0.1704 0.0627 0.3962 0.3606 0.0102
42 0.0493 0.0852 0.7246 0.1383 0.0027
43 0.0887 0.3374 0.5649 0.0048 0.0040
44 0.0187 0.0662 0.0247 0.8862 0.0044
45 0.0148 0.0292 0.0173 0.9355 0.0031
46 0.0322 0.2986 0.5845 0.0635 0.0211
47 0.0882 0.3030 0.5073 0.0924 0.0088
48 0.0835 0.1263 0.6416 0.0976 0.0510
49 0.0906 0.5215 0.2622 0.1146 0.0109
50 0.0367 0.6006 0.2316 0.1259 0.0053
51 0.0116 0.1334 0.8301 0.0237 0.0012
52 0.0157 0.0887 0.8550 0.0394 0.0014
53 0.0162 0.0212 0.8457 0.1162 0.0008
54 0.0080 0.0095 0.0068 0.9727 0.0028
55 0.4587 0.2634 0.1064 0.1586 0.0126
56 0.3796 0.1194 0.0526 0.4233 0.0250
57 0.0912 0.0445 0.1067 0.2405 0.5171
58 0.1274 0.3254 0.2151 0.2457 0.0862
59 0.2008 0.5010 0.2137 0.0149 0.0699
60 0.0688 0.2384 0.6582 0.0265 0.0082
61 0.0298 0.5273 0.3982 0.0351 0.0097
62 0.0218 0.2167 0.7217 0.0310 0.0092
63 0.0352 0.2029 0.7192 0.0292 0.0133
64 0.0615 0.2112 0.5649 0.0808 0.0814
65 0.0240 0.1299 0.7710 0.0695 0.0057
66 0.0352 0.1721 0.7476 0.0372 0.0077
67 0.0352 0.3750 0.4351 0.0744 0.0804
68 0.0140 0.3979 0.5522 0.0252 0.0103
69 0.0239 0.3228 0.5933 0.0495 0.0105
70 0.0187 0.4226 0.4863 0.0659 0.0065
71 0.0328 0.2898 0.5249 0.1436 0.0088
72 0.0273 0.1849 0.3245 0.4436 0.0196
73 0.0777 0.3347 0.5605 0.0201 0.0067
74 0.0220 0.4744 0.4895 0.0122 0.0018
75 0.0599 0.1846 0.5176 0.1680 0.0701
76 0.0531 0.1356 0.5361 0.2361 0.0392
77 0.0538 0.3882 0.3169 0.1863 0.0551
78 0.2769 0.4602 0.1350 0.0899 0.0381
79 0.1302 0.1559 0.2080 0.4270 0.0790
80 0.0798 0.2419 0.2007 0.4214 0.0562
81 0.0607 0.4556 0.2086 0.2152 0.0598
82 0.0588 0.3306 0.4517 0.1346 0.0243
83 0.0510 0.2358 0.4172 0.2590 0.0370
84 0.0406 0.2299 0.5645 0.1279 0.0372
85 0.1399 0.0875 0.5889 0.1399 0.0440
86 0.0830 0.1285 0.4702 0.2942 0.0242
87 0.0914 0.2996 0.5215 0.0764 0.0112
88 0.1268 0.4824 0.3557 0.0215 0.0133
89 0.0828 0.4729 0.4241 0.0122 0.0079
90 0.0708 0.2018 0.3225 0.3711 0.0340
91 0.0729 0.1351 0.2976 0.4573 0.0372
92 0.1550 0.2576 0.4382 0.0768 0.0721
93 0.0963 0.1992 0.3691 0.1041 0.2311
94 0.0931 0.3569 0.4619 0.0295 0.0587
95 0.0761 0.3179 0.3279 0.2495 0.0287
96 0.1044 0.3477 0.3589 0.1605 0.0285
97 0.0698 0.1797 0.2515 0.4697 0.0296
98 0.0600 0.1907 0.5693 0.1450 0.0352
99 0.0374 0.0646 0.0954 0.5664 0.2362
100 0.0653 0.0769 0.1182 0.4604 0.2793
101 0.1294 0.0797 0.3599 0.4016 0.0295
102 0.0584 0.1575 0.2291 0.5244 0.0308
103 0.1022 0.2377 0.1333 0.2756 0.2510
104 0.0638 0.4680 0.3589 0.0958 0.0133
105 0.0555 0.3142 0.4790 0.1438 0.0077
106 0.0668 0.2316 0.2108 0.4751 0.0158
107 0.1012 0.4941 0.1279 0.2524 0.0244
108 0.0324 0.2864 0.6064 0.0573 0.0175
109 0.0163 0.2778 0.6069 0.0923 0.0066
110 0.0438 0.0912 0.4221 0.2993 0.1436
111 0.1859 0.0632 0.3213 0.2791 0.1505
112 0.0223 0.6929 0.2432 0.0359 0.0058
113 0.0585 0.2644 0.2174 0.4426 0.0170
114 0.0948 0.3337 0.5210 0.0278 0.0227
115 0.1351 0.3730 0.3450 0.1085 0.0384
116 0.0652 0.1654 0.5337 0.2124 0.0231
117 0.0878 0.5420 0.2642 0.0463 0.0599
118 0.1235 0.3032 0.3987 0.1305 0.0440
119 0.2008 0.2024 0.3472 0.1917 0.0580
120 0.0748 0.3916 0.3430 0.1671 0.0235
121 0.0736 0.5884 0.2303 0.0665 0.0413
122 0.1043 0.1578 0.1051 0.5957 0.0372
123 0.0659 0.2605 0.2729 0.3850 0.0156
124 0.0822 0.1686 0.2800 0.4338 0.0353
125 0.0835 0.2869 0.5796 0.0340 0.0161
126 0.0958 0.1278 0.6099 0.1426 0.0238
127 0.0634 0.3096 0.3823 0.0284 0.2162
128 0.0613 0.2313 0.4858 0.0722 0.1493
129 0.1109 0.2854 0.2559 0.2944 0.0532
130 0.0234 0.3333 0.4211 0.1757 0.0465
131 0.0195 0.3943 0.4907 0.0664 0.0292
132 0.0560 0.2179 0.3650 0.3271 0.0342
133 0.0091 0.2554 0.7163 0.0166 0.0029
134 0.0143 0.1089 0.7925 0.0651 0.0191
135 0.0269 0.4048 0.4807 0.0760 0.0116
136 0.0530 0.1740 0.3682 0.3889 0.0158
137 0.1284 0.2942 0.4280 0.1326 0.0170
138 0.0270 0.4976 0.3367 0.0590 0.0800
139 0.0456 0.3616 0.2644 0.2334 0.0950
140 0.0158 0.2466 0.2585 0.3645 0.1147
141 0.1225 0.1714 0.6172 0.0365 0.0523
142 0.0665 0.1896 0.2081 0.4839 0.0518
143 0.0803 0.2341 0.3801 0.2825 0.0230
144 0.0880 0.5103 0.3242 0.0355 0.0422
145 0.0641 0.2678 0.5166 0.1152 0.0363
146 0.0469 0.2419 0.5850 0.0890 0.0374
147 0.0629 0.3677 0.4038 0.0930 0.0724
148 0.1143 0.3464 0.4114 0.0612 0.0667
149 0.0985 0.1990 0.5581 0.0437 0.1008
150 0.0391 0.1644 0.7725 0.0097 0.0143
151 0.0349 0.1329 0.5596 0.2561 0.0163
152 0.0925 0.1107 0.3862 0.3984 0.0120
153 0.0569 0.2549 0.4688 0.2032 0.0162
154 0.0278 0.4485 0.4773 0.0197 0.0267
155 0.0264 0.6235 0.2520 0.0204 0.0775
156 0.0240 0.1170 0.1676 0.0970 0.5942
157 0.1074 0.2637 0.1575 0.0876 0.3838
158 0.0186 0.2749 0.0851 0.0209 0.6006
159 0.1030 0.2734 0.2651 0.0625 0.2959
160 0.0303 0.1899 0.1870 0.2988 0.2942
161 0.0261 0.1447 0.2385 0.0272 0.5635
162 0.0596 0.2164 0.0714 0.0263 0.6265
163 0.0379 0.3298 0.2529 0.2820 0.0975
164 0.0782 0.2859 0.3560 0.1531 0.1270
165 0.0588 0.6318 0.1324 0.1478 0.0289
166 0.0131 0.4404 0.2588 0.1595 0.1282
167 0.0465 0.4082 0.1729 0.1688 0.2036
168 0.0287 0.2991 0.2056 0.1171 0.3496
169 0.0173 0.3972 0.3293 0.1005 0.1556
170 0.0242 0.2424 0.1565 0.0220 0.5547
171 0.0192 0.1213 0.0464 0.0223 0.7910
172 0.0627 0.0627 0.0837 0.0448 0.7461
173 0.0553 0.0732 0.1337 0.0699 0.6680
174 0.0093 0.5303 0.1951 0.2467 0.0186
175 0.0404 0.1597 0.6216 0.1621 0.0162
176 0.1683 0.2817 0.4683 0.0605 0.0211
177 0.0529 0.2795 0.0922 0.5303 0.0453
178 0.0479 0.2112 0.2798 0.0410 0.4202
179 0.0190 0.2546 0.1953 0.1045 0.4265
180 0.0046 0.1600 0.0804 0.6953 0.0598
181 0.0828 0.1442 0.0725 0.1214 0.5791
182 0.0462 0.1109 0.0920 0.6484 0.1026
183 0.0100 0.0301 0.0668 0.2189 0.6743
184 0.0014 0.0052 0.0055 0.0227 0.9653
185 0.0019 0.0096 0.0065 0.0145 0.9678
186 0.0142 0.0728 0.0399 0.0594 0.8135
187 0.0064 0.1932 0.1228 0.3784 0.2993
188 0.0671 0.2494 0.5039 0.1048 0.0749
189 0.0095 0.1288 0.1328 0.5723 0.1565
190 0.0040 0.1036 0.1736 0.6152 0.1036
191 0.0515 0.1039 0.3103 0.3518 0.1825
192 0.0121 0.0627 0.0733 0.1002 0.7520
193 0.0115 0.1637 0.0933 0.0531 0.6782
194 0.0085 0.0840 0.0560 0.0160 0.8354
195 0.0927 0.2223 0.2223 0.0787 0.3840
196 0.0614 0.3142 0.5347 0.0674 0.0224
197 0.1176 0.3350 0.1671 0.3564 0.0239
198 0.0308 0.4971 0.2206 0.0536 0.1978
199 0.0078 0.0688 0.0549 0.1338 0.7349
200 0.0146 0.1382 0.0459 0.0369 0.7646
201 0.0323 0.1818 0.3730 0.3909 0.0220
202 0.0307 0.2148 0.1896 0.5483 0.0164
203 0.0508 0.2386 0.6338 0.0658 0.0109
204 0.1292 0.1176 0.5835 0.1570 0.0130
205 0.0530 0.3250 0.2452 0.0200 0.3569
206 0.0762 0.3186 0.3843 0.0851 0.1360
207 0.0810 0.2656 0.4482 0.1295 0.0755
208 0.3547 0.2053 0.2656 0.0458 0.1284
209 0.1255 0.3279 0.3601 0.0621 0.1245
210 0.0936 0.3291 0.2192 0.1832 0.1748
211 0.0560 0.6167 0.1476 0.0895 0.0902
212 0.0453 0.4644 0.1630 0.1847 0.1427
213 0.2158 0.0845 0.0776 0.5596 0.0623
214 0.0782 0.2390 0.1439 0.0406 0.4983
215 0.0762 0.3606 0.2291 0.2365 0.0978
216 0.1893 0.4949 0.1724 0.0373 0.1062
217 0.1283 0.2083 0.3892 0.2434 0.0310
218 0.0656 0.2305 0.4272 0.2288 0.0479
219 0.1971 0.4407 0.2396 0.0209 0.1015
220 0.1700 0.4622 0.2825 0.0583 0.0269
221 0.0769 0.1483 0.1449 0.2075 0.4224
222 0.0999 0.2590 0.2529 0.1940 0.1940
223 0.0813 0.1667 0.1694 0.5732 0.0093
224 0.0144 0.1829 0.3994 0.3311 0.0721
225 0.0443 0.2100 0.6025 0.0676 0.0754
226 0.0853 0.3374 0.4614 0.0765 0.0394
227 0.0497 0.3728 0.4358 0.1339 0.0078
228 0.0690 0.3479 0.4680 0.0846 0.0306
229 0.1151 0.0480 0.2593 0.5317 0.0458
230 0.0460 0.0958 0.4497 0.4033 0.0052
231 0.1068 0.5957 0.2157 0.0585 0.0233
232 0.2522 0.2445 0.3728 0.1068 0.0235
233 0.0262 0.2910 0.3977 0.2776 0.0076
234 0.0207 0.1237 0.5459 0.3015 0.0081
235 0.0289 0.1370 0.2810 0.5166 0.0366
236 0.0335 0.2239 0.2458 0.4592 0.0374
237 0.0143 0.4316 0.3208 0.2170 0.0161
238 0.0101 0.0755 0.1265 0.7744 0.0133
239 0.0728 0.1426 0.3906 0.3584 0.0355
240 0.0638 0.1791 0.1174 0.5962 0.0432
241 0.0650 0.2759 0.0953 0.5156 0.0483
242 0.0856 0.2103 0.4629 0.1960 0.0451
243 0.0621 0.2573 0.4146 0.1315 0.1345
244 0.0565 0.2515 0.4517 0.2052 0.0354
245 0.0461 0.2534 0.3987 0.2380 0.0636
246 0.0991 0.1223 0.1292 0.3738 0.2756
247 0.0388 0.2198 0.6460 0.0854 0.0097
248 0.1080 0.1987 0.5156 0.1523 0.0255
249 0.0428 0.2639 0.0799 0.5249 0.0884
250 0.0242 0.3135 0.1458 0.4563 0.0603
251 0.0638 0.5098 0.1483 0.2644 0.0139
252 0.1046 0.4299 0.1322 0.2568 0.0765
253 0.0804 0.6084 0.2037 0.0925 0.0151
254 0.0911 0.4448 0.2289 0.2004 0.0348
255 0.0121 0.5542 0.2170 0.2039 0.0130
256 0.0734 0.1028 0.3938 0.2708 0.1592
257 0.0442 0.0586 0.3372 0.5303 0.0299
258 0.0490 0.4875 0.2114 0.1672 0.0847
259 0.1577 0.1830 0.3472 0.1219 0.1903
260 0.1018 0.3445 0.2878 0.1267 0.1392
261 0.0443 0.3853 0.1532 0.3853 0.0321
262 0.0566 0.2598 0.1246 0.5205 0.0386
263 0.0040 0.2517 0.0688 0.6733 0.0022
264 0.0254 0.3557 0.3291 0.2059 0.0839
265 0.0306 0.1848 0.0770 0.6919 0.0154
266 0.0278 0.6143 0.2025 0.0787 0.0768
267 0.0208 0.2991 0.3960 0.2120 0.0721
268 0.0274 0.3936 0.2242 0.3367 0.0180
269 0.0246 0.1582 0.1087 0.6870 0.0214
270 0.0431 0.3777 0.2598 0.2346 0.0850
271 0.0292 0.3345 0.1631 0.4573 0.0159
272 0.0743 0.5078 0.2051 0.1399 0.0731
273 0.0612 0.1412 0.4561 0.3135 0.0280
274 0.1764 0.1428 0.4470 0.1984 0.0353
275 0.1357 0.1976 0.3083 0.2136 0.1445
276 0.0363 0.1287 0.2155 0.2294 0.3901
277 0.0514 0.3198 0.2913 0.2590 0.0784
278 0.0696 0.4260 0.2428 0.1211 0.1405
279 0.0242 0.1885 0.1870 0.5850 0.0154
280 0.0614 0.2773 0.3940 0.1832 0.0839
281 0.0790 0.3379 0.3201 0.0917 0.1713
282 0.1910 0.3354 0.1987 0.1971 0.0778
283 0.0231 0.1641 0.7705 0.0366 0.0055
284 0.1019 0.3042 0.3066 0.1318 0.1554
285 0.0981 0.3320 0.3762 0.0634 0.1300
286 0.0286 0.0403 0.6211 0.3025 0.0076
287 0.0131 0.1165 0.7715 0.0966 0.0026
288 0.0231 0.4980 0.2625 0.1951 0.0212
289 0.0168 0.6216 0.1420 0.2083 0.0114
290 0.0186 0.1848 0.3618 0.4102 0.0246
291 0.0062 0.4607 0.4397 0.0922 0.0013
292 0.0164 0.4705 0.4778 0.0328 0.0025
293 0.0056 0.4692 0.4692 0.0547 0.0011
294 0.1561 0.2742 0.5537 0.0109 0.0052
295 0.0869 0.0430 0.1099 0.5239 0.2362
296 0.1516 0.0622 0.1691 0.3062 0.3110
297 0.1221 0.0600 0.1982 0.3269 0.2930
298 0.1299 0.0537 0.3115 0.2465 0.2583
299 0.0438 0.0265 0.1266 0.6431 0.1600
300 0.0223 0.0093 0.0677 0.8252 0.0756
