time exciting_prob fearful_prob tense_prob sad_prob relaxing_prob
0 0.2209 0.1201 0.2108 0.3643 0.0839
1 0.5542 0.0047 0.0333 0.4055 0.0022
2 0.8955 0.0045 0.0307 0.0664 0.0028
3 0.9180 0.0052 0.0248 0.0486 0.0035
4 0.9375 0.0035 0.0248 0.0311 0.0028
5 0.8584 0.0034 0.0202 0.1108 0.0073
6 0.6646 0.1085 0.0653 0.0504 0.1111
7 0.6875 0.1054 0.0654 0.0403 0.1014
8 0.6782 0.1032 0.0602 0.0320 0.1265
9 0.6387 0.1268 0.0769 0.0214 0.1360
10 0.2198 0.0991 0.5034 0.1355 0.0423
11 0.2249 0.0708 0.4072 0.2588 0.0382
12 0.2053 0.0646 0.5161 0.1650 0.0488
13 0.2045 0.1036 0.4609 0.1982 0.0329
14 0.0951 0.0224 0.0207 0.8276 0.0339
15 0.0377 0.0216 0.0104 0.9121 0.0182
16 0.3347 0.0345 0.0141 0.5649 0.0517
17 0.0496 0.0220 0.0065 0.8994 0.0223
18 0.3062 0.1801 0.0558 0.3723 0.0857
19 0.3074 0.0200 0.2979 0.2507 0.1241
20 0.4299 0.0108 0.3677 0.1737 0.0179
21 0.4094 0.0120 0.1818 0.3906 0.0061
22 0.1910 0.0282 0.0479 0.6772 0.0556
23 0.5425 0.0550 0.1229 0.2261 0.0537
24 0.2964 0.1929 0.2135 0.2786 0.0187
25 0.3533 0.0770 0.2390 0.3069 0.0240
26 0.3774 0.1356 0.3545 0.1284 0.0039
27 0.5122 0.1490 0.1025 0.2169 0.0191
28 0.4812 0.0947 0.3718 0.0488 0.0037
29 0.6978 0.0916 0.1343 0.0702 0.0061
30 0.0928 0.4827 0.1803 0.2316 0.0127
31 0.1082 0.0792 0.4773 0.3281 0.0071
32 0.1177 0.2358 0.4802 0.1583 0.0079
33 0.1107 0.2871 0.4275 0.1537 0.0211
34 0.3245 0.2820 0.1053 0.2732 0.0149
35 0.3352 0.0226 0.1609 0.4441 0.0370
36 0.0091 0.0108 0.0017 0.9780 0.0006
37 0.0067 0.0144 0.0019 0.9766 0.0005
38 0.0061 0.0090 0.0013 0.9834 0.0002
39 0.1097 0.1523 0.5195 0.2131 0.0054
40 0.1121 0.1130 0.6401 0.1321 0.0029
41 0.5342 0.2793 0.1220 0.0599 0.0048
42 0.2368 0.1979 0.2443 0.3162 0.0050
43 0.4092 0.1888 0.1641 0.2313 0.0066
44 0.3455 0.2162 0.1849 0.2469 0.0064
45 0.2489 0.1821 0.4651 0.0930 0.0110
46 0.2305 0.0991 0.3860 0.2571 0.0275
47 0.1025 0.5366 0.0455 0.3108 0.0045
48 0.0852 0.3701 0.0537 0.4827 0.0082
49 0.4968 0.1108 0.2072 0.1691 0.0162
50 0.1560 0.1151 0.0961 0.6172 0.0156
51 0.0831 0.1051 0.1528 0.6436 0.0153
52 0.0147 0.0149 0.0019 0.9683 0.0003
53 0.0274 0.0308 0.0040 0.9370 0.0008
54 0.0198 0.0144 0.0018 0.9634 0.0005
55 0.2827 0.0817 0.2656 0.3306 0.0395
56 0.3242 0.4163 0.1907 0.0649 0.0039
57 0.2383 0.1677 0.3779 0.2007 0.0154
58 0.2844 0.3223 0.2396 0.1323 0.0213
59 0.1228 0.5010 0.0642 0.3040 0.0081
60 0.1493 0.2581 0.0717 0.5171 0.0039
61 0.2649 0.3855 0.2284 0.0887 0.0327
62 0.2534 0.1197 0.4448 0.1586 0.0236
63 0.0513 0.5098 0.2351 0.1996 0.0044
64 0.0600 0.0944 0.3560 0.4717 0.0180
65 0.2472 0.1753 0.2825 0.2913 0.0038
66 0.4438 0.3123 0.1487 0.0828 0.0125
67 0.1066 0.1991 0.3013 0.2517 0.1412
68 0.0927 0.1237 0.3416 0.3811 0.0608
69 0.1387 0.0201 0.5317 0.1753 0.1344
70 0.2407 0.0706 0.5684 0.0508 0.0695
71 0.1571 0.1698 0.1140 0.5566 0.0023
72 0.1238 0.4709 0.2878 0.1101 0.0073
73 0.0331 0.2091 0.1934 0.5596 0.0049
74 0.0274 0.4702 0.0646 0.4348 0.0028
75 0.1934 0.1707 0.1591 0.4673 0.0097
76 0.1445 0.1676 0.3521 0.3308 0.0052
77 0.2268 0.1376 0.2303 0.3857 0.0194
78 0.0866 0.0741 0.5918 0.2429 0.0045
79 0.2542 0.0292 0.3999 0.2971 0.0197
80 0.2683 0.0333 0.4492 0.2295 0.0197
81 0.1152 0.0575 0.5537 0.2576 0.0162
82 0.1625 0.0199 0.7632 0.0496 0.0049
83 0.1202 0.3940 0.3616 0.1103 0.0137
84 0.2097 0.1323 0.5483 0.0736 0.0362
85 0.0888 0.1487 0.7207 0.0370 0.0050
86 0.1447 0.2810 0.5166 0.0512 0.0065
87 0.0764 0.2043 0.6396 0.0770 0.0028
88 0.1007 0.0298 0.7559 0.1072 0.0063
89 0.0859 0.0497 0.7422 0.1174 0.0047
90 0.1317 0.2367 0.1552 0.4707 0.0058
91 0.3669 0.0995 0.3999 0.1119 0.0219
92 0.3577 0.1575 0.3777 0.0870 0.0202
93 0.0457 0.1984 0.5435 0.2079 0.0046
94 0.1302 0.3274 0.4204 0.1123 0.0095
95 0.3533 0.1394 0.3911 0.0846 0.0316
96 0.1389 0.3521 0.4775 0.0245 0.0070
97 0.0891 0.0204 0.8193 0.0647 0.0065
98 0.1345 0.0147 0.2416 0.6025 0.0065
99 0.1912 0.0579 0.2961 0.4517 0.0032
100 0.1715 0.0890 0.2964 0.4380 0.0052
101 0.1063 0.0847 0.4509 0.3403 0.0178
102 0.1967 0.0419 0.5825 0.1763 0.0024
103 0.2681 0.1946 0.4705 0.0488 0.0178
104 0.1503 0.0519 0.3440 0.4485 0.0054
105 0.1064 0.1810 0.2803 0.4048 0.0275
106 0.0781 0.1051 0.1309 0.6440 0.0421
107 0.0759 0.1157 0.4609 0.3071 0.0403
108 0.0835 0.0211 0.6265 0.2341 0.0345
109 0.0774 0.2274 0.1799 0.4316 0.0837
110 0.0534 0.3799 0.2233 0.3198 0.0237
111 0.1178 0.4309 0.2271 0.2117 0.0127
112 0.3921 0.0778 0.2532 0.2612 0.0156
113 0.5137 0.0906 0.3020 0.0521 0.0418
114 0.1504 0.1025 0.3840 0.3496 0.0136
115 0.2218 0.2201 0.4343 0.1151 0.0086
116 0.2546 0.0364 0.2145 0.4199 0.0747
117 0.1153 0.1638 0.6040 0.1118 0.0049
118 0.3213 0.1566 0.4602 0.0339 0.0281
119 0.4509 0.1333 0.3457 0.0332 0.0367
120 0.1393 0.0740 0.5254 0.2463 0.0149
121 0.1448 0.0217 0.2834 0.5293 0.0208
122 0.1562 0.1066 0.4280 0.2988 0.0104
123 0.1052 0.0500 0.3474 0.4824 0.0150
124 0.0630 0.1334 0.6621 0.1345 0.0071
125 0.0985 0.1433 0.2849 0.4556 0.0177
126 0.4377 0.0348 0.2134 0.2615 0.0527
127 0.1036 0.1449 0.1906 0.5557 0.0054
128 0.1840 0.0761 0.4211 0.3081 0.0107
129 0.4187 0.0589 0.3965 0.0994 0.0266
130 0.2463 0.0066 0.3640 0.3264 0.0567
131 0.2866 0.0277 0.0703 0.5029 0.1122
132 0.1783 0.0280 0.0487 0.5669 0.1783
133 0.0475 0.0400 0.0976 0.6465 0.1686
134 0.0676 0.0193 0.0895 0.6021 0.2216
135 0.2546 0.1497 0.2449 0.1509 0.1998
136 0.2014 0.0229 0.2507 0.4832 0.0419
137 0.1371 0.0608 0.1541 0.5381 0.1101
138 0.0729 0.0193 0.3267 0.4751 0.1060
139 0.1273 0.0947 0.4241 0.2084 0.1455
140 0.1693 0.0906 0.4900 0.2388 0.0113
141 0.0231 0.1626 0.6953 0.1171 0.0019
142 0.0153 0.2144 0.6919 0.0776 0.0005
143 0.0726 0.4551 0.2035 0.2676 0.0013
144 0.0393 0.5381 0.1831 0.2388 0.0007
145 0.0622 0.0354 0.0627 0.8389 0.0009
146 0.1033 0.1152 0.1161 0.6631 0.0022
147 0.0745 0.1871 0.5762 0.1588 0.0032
148 0.0538 0.1533 0.1849 0.6064 0.0017
149 0.0246 0.1110 0.1119 0.5591 0.1932
150 0.0277 0.4683 0.1473 0.3535 0.0031
151 0.0278 0.4634 0.1873 0.3135 0.0079
152 0.0235 0.5879 0.2032 0.1793 0.0060
153 0.0283 0.2191 0.6440 0.1052 0.0033
154 0.0376 0.1088 0.5835 0.2394 0.0309
155 0.3516 0.2289 0.0167 0.3743 0.0284
156 0.1110 0.1084 0.7407 0.0209 0.0188
157 0.4180 0.1134 0.3574 0.0579 0.0531
158 0.1954 0.0952 0.3977 0.1594 0.1522
159 0.1555 0.2092 0.2859 0.1230 0.2262
160 0.4028 0.0728 0.0913 0.2791 0.1541
161 0.3252 0.0026 0.5117 0.1584 0.0023
162 0.4302 0.0037 0.3511 0.2130 0.0021
163 0.3674 0.0936 0.2126 0.3242 0.0022
164 0.2260 0.1815 0.2683 0.1119 0.2123
165 0.1403 0.0349 0.1381 0.4058 0.2810
166 0.1050 0.1614 0.6958 0.0306 0.0073
167 0.1048 0.0848 0.7563 0.0503 0.0038
168 0.1334 0.1039 0.7271 0.0293 0.0065
169 0.1323 0.2286 0.3149 0.2959 0.0280
170 0.0678 0.1746 0.2661 0.4353 0.0562
171 0.0697 0.2358 0.3430 0.3027 0.0486
172 0.4116 0.0507 0.3059 0.2152 0.0166
173 0.1497 0.1157 0.5918 0.1193 0.0233
174 0.1028 0.0944 0.5649 0.2178 0.0202
175 0.1702 0.0597 0.2219 0.5161 0.0322
176 0.1771 0.1842 0.3062 0.1539 0.1786
177 0.2134 0.1727 0.3154 0.0732 0.2253
178 0.1738 0.2001 0.2339 0.0895 0.3027
179 0.2556 0.1099 0.3777 0.2327 0.0241
180 0.0619 0.4233 0.0453 0.4575 0.0119
181 0.1412 0.0805 0.1492 0.6230 0.0059
182 0.1615 0.0740 0.6802 0.0781 0.0064
183 0.1059 0.1050 0.7295 0.0541 0.0057
184 0.2925 0.1802 0.1578 0.3613 0.0082
185 0.2004 0.0424 0.1913 0.5581 0.0080
186 0.2318 0.0952 0.5737 0.0922 0.0071
187 0.1098 0.0225 0.2379 0.6172 0.0127
188 0.4221 0.3967 0.0668 0.1076 0.0067
189 0.0365 0.2803 0.6772 0.0051 0.0010
190 0.1702 0.0519 0.3279 0.3833 0.0667
191 0.2369 0.0787 0.0972 0.5640 0.0231
192 0.0344 0.2329 0.7065 0.0251 0.0012
193 0.0428 0.1327 0.7637 0.0603 0.0006
194 0.0164 0.4910 0.4402 0.0518 0.0007
195 0.1755 0.0862 0.3716 0.3438 0.0228
196 0.1833 0.0193 0.0782 0.7139 0.0054
197 0.4929 0.0677 0.0343 0.3931 0.0119
198 0.4937 0.0032 0.2686 0.2296 0.0050
199 0.5200 0.0066 0.2676 0.2036 0.0021
200 0.2710 0.0034 0.3479 0.3704 0.0072
201 0.3115 0.3848 0.1996 0.0921 0.0122
202 0.1895 0.0291 0.2712 0.4617 0.0486
203 0.2201 0.0356 0.2474 0.4807 0.0163
204 0.1680 0.1627 0.6387 0.0250 0.0056
205 0.1487 0.3679 0.3403 0.1176 0.0256
206 0.2146 0.3621 0.2338 0.1533 0.0361
207 0.4380 0.2152 0.2556 0.0641 0.0271
208 0.6655 0.1202 0.0629 0.1193 0.0323
209 0.1422 0.3181 0.2656 0.2637 0.0105
210 0.0488 0.2186 0.5581 0.1703 0.0042
211 0.0626 0.0269 0.4375 0.4658 0.0073
212 0.1385 0.2690 0.2568 0.3323 0.0032
213 0.2361 0.0645 0.4480 0.2252 0.0263
214 0.2312 0.0338 0.1118 0.5088 0.1144
215 0.2213 0.2247 0.3374 0.2047 0.0118
216 0.0805 0.3418 0.3262 0.2405 0.0112
217 0.0538 0.1968 0.6655 0.0782 0.0055
218 0.0842 0.0636 0.5449 0.2783 0.0289
219 0.0837 0.0622 0.8125 0.0341 0.0074
220 0.0959 0.0746 0.4944 0.2732 0.0619
221 0.0314 0.2063 0.3794 0.3794 0.0035
222 0.1334 0.4958 0.3008 0.0687 0.0012
223 0.0688 0.1742 0.2939 0.4312 0.0317
224 0.0854 0.4338 0.4407 0.0345 0.0055
225 0.0274 0.0311 0.1517 0.2350 0.5547
226 0.0266 0.0164 0.3789 0.1682 0.4099
227 0.5352 0.0887 0.3047 0.0649 0.0067
228 0.3062 0.2223 0.3442 0.1100 0.0174
229 0.2216 0.1282 0.4839 0.1547 0.0117
230 0.2457 0.0704 0.4736 0.1914 0.0187
231 0.4160 0.1320 0.3672 0.0576 0.0270
232 0.3306 0.0904 0.3689 0.1770 0.0333
233 0.3777 0.2151 0.3010 0.0767 0.0296
234 0.0158 0.1063 0.8496 0.0104 0.0181
235 0.0298 0.1295 0.7812 0.0280 0.0312
236 0.3235 0.1208 0.4421 0.1010 0.0126
237 0.3948 0.2180 0.2981 0.0708 0.0183
238 0.2114 0.1559 0.4763 0.1522 0.0041
239 0.1558 0.5107 0.2284 0.1022 0.0028
240 0.2896 0.0767 0.5200 0.0883 0.0253
241 0.2700 0.1236 0.5288 0.0662 0.0117
242 0.2079 0.1724 0.5186 0.0908 0.0106
243 0.3171 0.3123 0.2048 0.1375 0.0282
244 0.1573 0.1927 0.4846 0.1525 0.0127
245 0.2440 0.1503 0.3838 0.1991 0.0227
246 0.0995 0.0825 0.3757 0.3757 0.0663
247 0.1925 0.2251 0.2610 0.1794 0.1420
248 0.2698 0.1411 0.4519 0.1357 0.0013
249 0.3259 0.1423 0.4893 0.0280 0.0143
250 0.3313 0.0988 0.4822 0.0800 0.0077
251 0.3770 0.0797 0.3301 0.1987 0.0145
252 0.3044 0.0358 0.5776 0.0752 0.0067
253 0.4392 0.0576 0.3699 0.1238 0.0096
254 0.3486 0.0703 0.2415 0.3027 0.0370
255 0.2664 0.0819 0.5215 0.1003 0.0297
256 0.3308 0.1743 0.3577 0.0940 0.0434
257 0.4402 0.0644 0.3826 0.1071 0.0059
258 0.4097 0.0614 0.4641 0.0599 0.0050
259 0.4023 0.0328 0.4854 0.0705 0.0090
260 0.2546 0.1696 0.4331 0.1384 0.0042
261 0.0196 0.1532 0.7085 0.1037 0.0149
262 0.3855 0.0982 0.2450 0.2629 0.0086
263 0.4285 0.1042 0.1528 0.3086 0.0057
264 0.2004 0.3381 0.3657 0.0903 0.0054
265 0.0652 0.5376 0.3811 0.0150 0.0011
266 0.3191 0.0572 0.3267 0.2544 0.0425
267 0.3342 0.1164 0.3906 0.1371 0.0217
268 0.2484 0.1920 0.4863 0.0618 0.0114
269 0.3120 0.1593 0.3374 0.1697 0.0217
270 0.4111 0.2115 0.3103 0.0359 0.0312
271 0.3796 0.2032 0.3247 0.0530 0.0394
272 0.4338 0.1476 0.2081 0.1522 0.0583
273 0.2827 0.1400 0.4517 0.0918 0.0338
274 0.3984 0.0611 0.3008 0.2167 0.0230
275 0.3906 0.0323 0.4495 0.1229 0.0048
276 0.2817 0.0663 0.3589 0.2817 0.0115
277 0.3877 0.0928 0.3728 0.1438 0.0028
278 0.3174 0.0828 0.3950 0.1971 0.0075
279 0.2737 0.1409 0.2981 0.2781 0.0093
280 0.3062 0.0891 0.4185 0.1799 0.0064
281 0.3767 0.0802 0.2910 0.2375 0.0147
282 0.0321 0.1816 0.6440 0.1350 0.0073
283 0.0854 0.2303 0.3250 0.2913 0.0681
284 0.0793 0.1720 0.4531 0.2522 0.0432
285 0.0358 0.0233 0.4822 0.3528 0.1060
286 0.0284 0.3801 0.1089 0.4375 0.0450
287 0.0681 0.2959 0.4880 0.1313 0.0166
288 0.0511 0.3230 0.3306 0.2742 0.0213
289 0.3181 0.0495 0.4346 0.1729 0.0249
290 0.2974 0.0717 0.4641 0.1580 0.0089
291 0.2554 0.1197 0.3955 0.1869 0.0424
292 0.1448 0.1448 0.3113 0.3936 0.0057
293 0.3777 0.0298 0.1960 0.3838 0.0126
294 0.4360 0.1519 0.3240 0.0845 0.0036
295 0.2676 0.0767 0.3518 0.2961 0.0076
296 0.3572 0.0954 0.3303 0.2100 0.0072
297 0.1098 0.3684 0.4958 0.0234 0.0025
298 0.0765 0.1332 0.1440 0.6455 0.0009
299 0.0463 0.4644 0.3267 0.1617 0.0011
300 0.0429 0.2163 0.4104 0.3247 0.0055
301 0.1389 0.1676 0.1974 0.4773 0.0188
302 0.1586 0.1188 0.5537 0.1226 0.0465
303 0.1207 0.2382 0.3989 0.1389 0.1033
304 0.0274 0.0399 0.1003 0.7886 0.0438
305 0.1600 0.1771 0.2537 0.3577 0.0515
306 0.0853 0.2505 0.5063 0.0680 0.0900
307 0.1658 0.1836 0.5742 0.0300 0.0464
308 0.1476 0.1823 0.0923 0.5747 0.0032
309 0.1681 0.0467 0.4429 0.3369 0.0053
310 0.1125 0.5200 0.1143 0.2457 0.0075
311 0.0531 0.1500 0.7676 0.0261 0.0030
312 0.2146 0.0164 0.3428 0.4009 0.0252
313 0.2220 0.0948 0.3806 0.2874 0.0151
314 0.1522 0.0295 0.5439 0.2693 0.0049
315 0.1569 0.0403 0.5225 0.2668 0.0138
316 0.0929 0.3142 0.4163 0.1694 0.0073
317 0.3091 0.2859 0.2644 0.1339 0.0068
318 0.4390 0.0504 0.1318 0.3555 0.0234
319 0.2273 0.4592 0.2830 0.0282 0.0024
320 0.1065 0.0661 0.2576 0.5537 0.0163
321 0.0804 0.0523 0.1812 0.5625 0.1236
322 0.4749 0.2124 0.2542 0.0425 0.0163
323 0.1697 0.0268 0.2908 0.5024 0.0101
324 0.0421 0.1033 0.0817 0.7632 0.0098
325 0.0444 0.0236 0.2676 0.6030 0.0612
326 0.0905 0.1423 0.2598 0.4490 0.0584
327 0.0668 0.1902 0.3210 0.4187 0.0036
328 0.1233 0.1030 0.6460 0.1195 0.0082
329 0.1785 0.0602 0.4739 0.2576 0.0298
330 0.1621 0.0388 0.6826 0.1007 0.0157
331 0.1527 0.0677 0.3577 0.4182 0.0035
332 0.2426 0.0463 0.3584 0.3420 0.0107
333 0.4443 0.0931 0.1115 0.3303 0.0206
334 0.0840 0.0718 0.4612 0.3706 0.0125
335 0.1602 0.0236 0.0554 0.7178 0.0431
336 0.2106 0.2405 0.3782 0.1665 0.0043
337 0.2018 0.1713 0.5317 0.0939 0.0013
338 0.0867 0.0230 0.0345 0.8228 0.0329
339 0.1458 0.0414 0.2639 0.5010 0.0481
340 0.2228 0.0542 0.3398 0.3560 0.0272
341 0.1494 0.3289 0.4602 0.0576 0.0037
342 0.4490 0.0716 0.2040 0.2639 0.0113
343 0.6885 0.1284 0.0977 0.0743 0.0110
344 0.2681 0.1017 0.4150 0.2054 0.0098
345 0.0562 0.1676 0.5166 0.2556 0.0041
346 0.1425 0.3311 0.3579 0.1639 0.0047
347 0.2411 0.1342 0.5269 0.0922 0.0059
348 0.1364 0.0498 0.6714 0.1364 0.0063
349 0.1244 0.3684 0.1324 0.3713 0.0032
350 0.0167 0.1208 0.6138 0.2480 0.0006
351 0.0897 0.0738 0.2942 0.5410 0.0011
352 0.4680 0.0268 0.1669 0.3372 0.0014
353 0.6709 0.0302 0.1450 0.1532 0.0008
354 0.4380 0.1501 0.2656 0.1367 0.0093
355 0.2223 0.1719 0.3040 0.2993 0.0027
356 0.4817 0.0366 0.1412 0.3389 0.0017
357 0.6147 0.0207 0.0775 0.2859 0.0015
358 0.6045 0.0995 0.1627 0.1307 0.0024
359 0.3770 0.0790 0.1740 0.3682 0.0021
360 0.3970 0.1566 0.1667 0.2771 0.0027
361 0.3101 0.0015 0.1465 0.5356 0.0061
362 0.2864 0.0042 0.1792 0.5264 0.0038
363 0.2876 0.0037 0.4119 0.2920 0.0049
364 0.3794 0.0221 0.4102 0.1750 0.0133
365 0.1285 0.0500 0.1976 0.6182 0.0055
366 0.3711 0.0295 0.1293 0.4583 0.0121
367 0.0931 0.0206 0.0565 0.8047 0.0251
368 0.3120 0.1261 0.1095 0.4067 0.0457
369 0.0748 0.0158 0.0385 0.8555 0.0157
370 0.0789 0.0342 0.0998 0.7847 0.0023
371 0.3218 0.0450 0.3794 0.2468 0.0071
372 0.5322 0.0305 0.0918 0.3357 0.0095
373 0.3318 0.0176 0.1721 0.4753 0.0031
374 0.5249 0.0617 0.2458 0.1588 0.0090
375 0.5786 0.1071 0.1711 0.1343 0.0087
376 0.7622 0.1514 0.0583 0.0228 0.0051
377 0.6348 0.1643 0.0973 0.1012 0.0027
378 0.4255 0.2332 0.1278 0.2057 0.0079
379 0.2025 0.1248 0.1229 0.4937 0.0562
380 0.2025 0.1248 0.1229 0.4937 0.0562
381 0.7114 0.0263 0.0333 0.2007 0.0285
382 0.7114 0.0259 0.0333 0.2007 0.0285
383 0.7114 0.0259 0.0333 0.2007 0.0285
