time exciting_prob fearful_prob tense_prob sad_prob relaxing_prob
0 0.2037 0.2830 0.2496 0.2310 0.0327
1 0.0267 0.1664 0.2310 0.4521 0.1237
2 0.0590 0.2332 0.1788 0.2296 0.2996
3 0.0712 0.3613 0.3970 0.1329 0.0375
4 0.0264 0.3242 0.2408 0.3909 0.0176
5 0.0130 0.1790 0.6860 0.1120 0.0098
6 0.0188 0.2759 0.5488 0.1224 0.0343
7 0.0165 0.1935 0.3672 0.4160 0.0069
8 0.0162 0.2203 0.6787 0.0773 0.0076
9 0.0103 0.1981 0.6704 0.1202 0.0012
10 0.0417 0.2119 0.2363 0.4775 0.0325
11 0.0458 0.3835 0.2363 0.2988 0.0354
12 0.0445 0.1874 0.6963 0.0663 0.0057
13 0.0141 0.2004 0.3687 0.4114 0.0054
14 0.0116 0.1564 0.4185 0.4055 0.0083
15 0.0559 0.4463 0.3643 0.1155 0.0179
16 0.0139 0.2664 0.4324 0.2705 0.0170
17 0.1165 0.1351 0.4868 0.0974 0.1643
18 0.0788 0.2583 0.4678 0.0872 0.1077
19 0.0347 0.1874 0.6440 0.0812 0.0529
20 0.0205 0.1674 0.4844 0.3079 0.0198
21 0.0548 0.0835 0.2825 0.5708 0.0085
22 0.0506 0.2957 0.2130 0.4236 0.0170
23 0.0452 0.2297 0.2686 0.4426 0.0138
24 0.0235 0.4197 0.3943 0.1428 0.0198
25 0.0396 0.2408 0.3240 0.3503 0.0453
26 0.1107 0.0621 0.4309 0.3804 0.0159
27 0.0466 0.5293 0.2073 0.1772 0.0396
28 0.0265 0.3308 0.1743 0.4382 0.0303
29 0.0222 0.2462 0.5376 0.1774 0.0166
30 0.0117 0.3777 0.5757 0.0240 0.0110
31 0.0131 0.4626 0.4148 0.0636 0.0458
32 0.0411 0.1288 0.5015 0.2561 0.0728
33 0.0094 0.2957 0.5190 0.1659 0.0102
34 0.0154 0.1835 0.2886 0.2842 0.2283
35 0.0114 0.4358 0.5337 0.0074 0.0116
36 0.0895 0.0510 0.6821 0.0569 0.1204
37 0.1349 0.1759 0.4153 0.1349 0.1392
38 0.0152 0.3301 0.6074 0.0426 0.0046
39 0.0134 0.3972 0.5181 0.0555 0.0156
40 0.0569 0.1674 0.3545 0.3892 0.0320
41 0.0493 0.2627 0.5557 0.1165 0.0156
42 0.0150 0.5264 0.3674 0.0795 0.0120
43 0.0233 0.2175 0.7021 0.0422 0.0150
44 0.0654 0.3735 0.4797 0.0193 0.0620
45 0.0244 0.3884 0.3538 0.1924 0.0410
46 0.0108 0.1016 0.0284 0.0721 0.7871
47 0.0122 0.1923 0.6709 0.1184 0.0062
48 0.0807 0.0988 0.1875 0.6147 0.0180
49 0.0101 0.4089 0.1349 0.4287 0.0173
50 0.0067 0.6050 0.2261 0.1229 0.0396
51 0.0030 0.4678 0.0936 0.4326 0.0028
52 0.0025 0.1458 0.0240 0.8252 0.0024
53 0.0065 0.3291 0.0712 0.5869 0.0066
54 0.0198 0.1937 0.5874 0.1486 0.0505
55 0.0164 0.1040 0.6997 0.1040 0.0760
56 0.0131 0.4077 0.1597 0.2360 0.1837
57 0.1431 0.2759 0.1896 0.3831 0.0085
58 0.0341 0.5674 0.1528 0.1843 0.0612
59 0.0856 0.2986 0.2849 0.0755 0.2554
60 0.0994 0.4319 0.2500 0.1858 0.0328
61 0.0936 0.2012 0.3369 0.1220 0.2465
62 0.0235 0.1719 0.6694 0.1318 0.0034
63 0.0507 0.5796 0.2739 0.0790 0.0168
64 0.0144 0.5664 0.3435 0.0656 0.0101
65 0.0372 0.2998 0.3972 0.0839 0.1819
66 0.0839 0.2141 0.2708 0.3699 0.0613
67 0.1170 0.4082 0.3010 0.1245 0.0491
68 0.0439 0.4136 0.2339 0.1006 0.2080
69 0.0669 0.2688 0.5688 0.0586 0.0369
70 0.0395 0.5576 0.3079 0.0882 0.0069
71 0.0547 0.5391 0.2145 0.1475 0.0443
72 0.0373 0.1809 0.6514 0.1047 0.0258
73 0.0339 0.0880 0.6201 0.2111 0.0467
74 0.0231 0.1020 0.4717 0.2998 0.1036
75 0.0624 0.2998 0.4792 0.1053 0.0533
76 0.0643 0.3264 0.2316 0.3643 0.0135
77 0.0576 0.3816 0.3420 0.0872 0.1318
78 0.0842 0.5117 0.2493 0.0511 0.1039
79 0.0965 0.2483 0.3613 0.0533 0.2407
80 0.0947 0.4114 0.3687 0.1016 0.0238
81 0.0476 0.3303 0.5195 0.0656 0.0370
82 0.1384 0.2546 0.3071 0.1937 0.1061
83 0.0647 0.5630 0.2722 0.0508 0.0492
84 0.0262 0.4397 0.3645 0.1300 0.0396
85 0.0599 0.3848 0.4497 0.0826 0.0229
86 0.0745 0.0942 0.2993 0.5010 0.0311
87 0.1504 0.2206 0.0941 0.5293 0.0058
88 0.0485 0.1044 0.2245 0.6099 0.0126
89 0.0345 0.1432 0.2397 0.0423 0.5400
90 0.0104 0.1077 0.1146 0.0196 0.7476
91 0.0071 0.0898 0.0927 0.0104 0.8003
92 0.0496 0.5010 0.3086 0.0688 0.0721
93 0.0267 0.4585 0.4109 0.0645 0.0394
94 0.0270 0.2524 0.5342 0.0663 0.1201
95 0.0168 0.0286 0.1222 0.0233 0.8091
96 0.0155 0.0286 0.1301 0.0410 0.7847
97 0.0699 0.1886 0.4087 0.2991 0.0336
98 0.0174 0.0984 0.2289 0.0430 0.6123
99 0.0807 0.1069 0.3850 0.0422 0.3850
100 0.0727 0.0750 0.2499 0.0652 0.5371
101 0.0072 0.1633 0.1880 0.6162 0.0252
102 0.0457 0.3950 0.3542 0.0737 0.1313
103 0.0717 0.4785 0.3447 0.0899 0.0150
104 0.0931 0.0640 0.2866 0.5190 0.0373
105 0.1339 0.2522 0.2191 0.0757 0.3188
106 0.1296 0.1316 0.4055 0.1976 0.1357
107 0.0489 0.4226 0.4641 0.0341 0.0301
108 0.0530 0.4014 0.0630 0.0522 0.4304
109 0.0290 0.1249 0.3967 0.0136 0.4358
110 0.1046 0.3271 0.3074 0.1671 0.0938
111 0.0367 0.1158 0.2957 0.0565 0.4954
112 0.0040 0.8721 0.1144 0.0036 0.0062
113 0.0341 0.0963 0.3960 0.0715 0.4021
114 0.0384 0.1278 0.5054 0.0935 0.2350
115 0.0330 0.1718 0.6279 0.0562 0.1109
116 0.0945 0.0822 0.5112 0.1022 0.2098
117 0.0233 0.0930 0.1193 0.0446 0.7197
118 0.0179 0.3123 0.1322 0.0144 0.5229
119 0.0812 0.4895 0.1887 0.1381 0.1026
120 0.0492 0.6274 0.2576 0.0392 0.0265
121 0.0166 0.4746 0.3875 0.0576 0.0637
122 0.0426 0.1660 0.3462 0.0343 0.4109
123 0.0607 0.0732 0.7637 0.0363 0.0662
124 0.0411 0.2808 0.4929 0.0955 0.0897
125 0.0093 0.3354 0.5278 0.0822 0.0454
126 0.0497 0.0347 0.6147 0.0445 0.2563
127 0.0569 0.0464 0.4990 0.0998 0.2979
128 0.0609 0.2446 0.4644 0.1965 0.0336
129 0.0304 0.2352 0.1748 0.4395 0.1201
130 0.0339 0.2908 0.4648 0.1848 0.0256
131 0.0606 0.1159 0.5356 0.2416 0.0461
132 0.0667 0.2419 0.5122 0.1049 0.0743
133 0.0107 0.2311 0.7173 0.0357 0.0053
134 0.1116 0.4309 0.3518 0.0709 0.0348
135 0.0997 0.5347 0.2566 0.0776 0.0316
136 0.0642 0.1887 0.5132 0.1666 0.0673
137 0.1160 0.2476 0.2151 0.3081 0.1133
138 0.1743 0.3748 0.2345 0.1676 0.0488
139 0.1281 0.0494 0.2754 0.2588 0.2886
140 0.0452 0.3640 0.0663 0.3528 0.1719
141 0.0495 0.3132 0.4214 0.1445 0.0715
142 0.0389 0.3748 0.4348 0.0699 0.0817
143 0.0724 0.4949 0.3245 0.0596 0.0486
144 0.0560 0.3174 0.4956 0.0766 0.0543
145 0.0308 0.4458 0.1589 0.3472 0.0170
146 0.0066 0.0248 0.0654 0.0141 0.8892
147 0.0069 0.0126 0.0481 0.0104 0.9219
148 0.0087 0.1520 0.6011 0.1321 0.1061
149 0.0052 0.1248 0.0545 0.0270 0.7886
150 0.0189 0.2939 0.1897 0.0767 0.4209
151 0.0307 0.3831 0.3542 0.1097 0.1224
152 0.0168 0.2053 0.6323 0.1367 0.0087
153 0.0124 0.4270 0.4475 0.1071 0.0059
154 0.0488 0.2556 0.6133 0.0667 0.0158
155 0.0078 0.0244 0.1029 0.0165 0.8481
156 0.0084 0.5532 0.3152 0.1160 0.0074
157 0.0209 0.4724 0.3916 0.0916 0.0235
158 0.0795 0.0600 0.2649 0.5786 0.0172
159 0.0594 0.1747 0.4126 0.3164 0.0369
160 0.0535 0.1000 0.2939 0.5239 0.0287
161 0.0684 0.1719 0.6387 0.0979 0.0234
162 0.0788 0.3369 0.3877 0.1721 0.0244
163 0.0045 0.6675 0.3008 0.0255 0.0018
164 0.0089 0.4739 0.4814 0.0320 0.0037
165 0.0129 0.2878 0.6587 0.0372 0.0034
166 0.0367 0.4988 0.3220 0.1232 0.0193
167 0.0639 0.2588 0.5312 0.0753 0.0707
168 0.0602 0.1432 0.4146 0.3127 0.0693
169 0.0298 0.0208 0.2869 0.0454 0.6172
170 0.0289 0.0327 0.2455 0.0461 0.6470
171 0.0199 0.3867 0.4248 0.1236 0.0451
172 0.0784 0.1700 0.5620 0.1304 0.0592
173 0.1748 0.0950 0.6006 0.1011 0.0285
174 0.0186 0.2255 0.1116 0.6128 0.0315
175 0.0311 0.4873 0.4038 0.0518 0.0260
176 0.0213 0.4089 0.4780 0.0870 0.0047
177 0.0275 0.2004 0.6885 0.0651 0.0184
178 0.0692 0.2285 0.1547 0.4011 0.1465
179 0.0700 0.3088 0.3843 0.0956 0.1414
180 0.0336 0.2008 0.1665 0.0360 0.5630
181 0.0151 0.3782 0.5679 0.0115 0.0276
182 0.0460 0.4363 0.4363 0.0145 0.0669
183 0.0154 0.5010 0.4490 0.0229 0.0118
184 0.0049 0.4060 0.1448 0.4392 0.0050
185 0.0340 0.2510 0.4763 0.2285 0.0102
186 0.0333 0.2463 0.4189 0.2424 0.0590
187 0.0356 0.2476 0.3130 0.3279 0.0760
188 0.0193 0.3162 0.5723 0.0229 0.0695
189 0.0804 0.3604 0.2255 0.1188 0.2151
190 0.0729 0.3792 0.2128 0.1086 0.2264
191 0.0312 0.2273 0.4246 0.1854 0.1315
192 0.0641 0.4561 0.3337 0.0699 0.0762
193 0.0280 0.3440 0.3748 0.2006 0.0527
194 0.0130 0.2157 0.5420 0.2191 0.0101
195 0.0066 0.1257 0.2747 0.5908 0.0023
196 0.1035 0.1404 0.0323 0.1642 0.5596
197 0.0145 0.5122 0.3577 0.0863 0.0294
198 0.0187 0.4563 0.4492 0.0571 0.0187
199 0.0272 0.4319 0.3872 0.1218 0.0318
200 0.1188 0.1755 0.5493 0.1016 0.0548
201 0.0347 0.2262 0.0757 0.4604 0.2028
202 0.0166 0.1624 0.0817 0.5244 0.2151
203 0.0266 0.2520 0.5254 0.1844 0.0116
204 0.0148 0.1135 0.4487 0.4023 0.0207
205 0.0155 0.1617 0.6396 0.1617 0.0214
206 0.0234 0.5449 0.3057 0.0804 0.0454
207 0.0654 0.2568 0.5146 0.0860 0.0771
208 0.0456 0.4858 0.4028 0.0285 0.0372
209 0.0437 0.3333 0.1841 0.1108 0.3281
210 0.0464 0.2412 0.2266 0.3735 0.1122
211 0.0351 0.3252 0.1489 0.0461 0.4446
212 0.0109 0.2554 0.6221 0.1099 0.0016
213 0.0799 0.2788 0.1458 0.3638 0.1317
214 0.0413 0.5659 0.2181 0.0945 0.0803
215 0.1011 0.3115 0.2664 0.1136 0.2074
216 0.0238 0.1935 0.3091 0.4568 0.0168
217 0.0877 0.3901 0.1704 0.1588 0.1931
218 0.0277 0.1736 0.5181 0.1967 0.0839
219 0.0624 0.2864 0.5024 0.0490 0.0997
220 0.0172 0.5034 0.4172 0.0385 0.0237
221 0.0575 0.2942 0.4524 0.1033 0.0926
222 0.0779 0.3660 0.2656 0.1389 0.1514
223 0.0902 0.2959 0.5034 0.0650 0.0457
224 0.0828 0.1868 0.2673 0.3599 0.1031
