time exciting_prob fearful_prob tense_prob sad_prob relaxing_prob
0 0.1431 0.0578 0.4338 0.3379 0.0273
1 0.2281 0.0989 0.4756 0.1805 0.0168
2 0.1521 0.0595 0.4683 0.3071 0.0130
3 0.1322 0.0659 0.6709 0.1222 0.0086
4 0.2134 0.0925 0.4050 0.2871 0.0021
5 0.2419 0.0612 0.3413 0.3521 0.0036
6 0.1487 0.0538 0.2529 0.5107 0.0337
7 0.1451 0.0555 0.4578 0.3298 0.0116
8 0.1733 0.0839 0.6914 0.0422 0.0094
9 0.2710 0.0302 0.4983 0.1982 0.0022
10 0.1975 0.1161 0.5718 0.1135 0.0013
11 0.2913 0.1114 0.4441 0.1149 0.0385
12 0.2272 0.0544 0.6475 0.0602 0.0110
13 0.0396 0.0402 0.6440 0.2727 0.0032
14 0.1993 0.0316 0.4092 0.3555 0.0045
15 0.1641 0.1980 0.5054 0.1318 0.0006
16 0.0690 0.1069 0.2859 0.5020 0.0363
17 0.0734 0.1979 0.1720 0.3875 0.1693
18 0.0684 0.4822 0.2683 0.0554 0.1257
19 0.0333 0.5127 0.3811 0.0378 0.0349
20 0.1556 0.1936 0.2246 0.0586 0.3674
21 0.0879 0.2996 0.3848 0.0558 0.1720
22 0.0864 0.0927 0.3337 0.3965 0.0906
23 0.0615 0.5879 0.3296 0.0102 0.0110
24 0.0934 0.0787 0.3162 0.4819 0.0299
25 0.0717 0.1719 0.4895 0.2423 0.0246
26 0.1545 0.2864 0.4102 0.0930 0.0559
27 0.1383 0.2795 0.3142 0.1111 0.1567
28 0.1237 0.4219 0.3525 0.0448 0.0571
29 0.1541 0.3782 0.2520 0.0331 0.1829
30 0.1484 0.2605 0.3167 0.0334 0.2410
31 0.0634 0.4009 0.2412 0.0359 0.2588
32 0.2208 0.1415 0.4460 0.0609 0.1309
33 0.0868 0.1387 0.6826 0.0158 0.0760
34 0.0731 0.1334 0.6416 0.0731 0.0785
35 0.0859 0.1790 0.3560 0.1020 0.2771
36 0.1384 0.0591 0.6504 0.1384 0.0135
37 0.2172 0.0948 0.5293 0.1180 0.0408
38 0.1897 0.1016 0.4551 0.2474 0.0060
39 0.1069 0.1439 0.4717 0.2605 0.0169
40 0.1744 0.2441 0.3499 0.1759 0.0558
41 0.0742 0.2629 0.4041 0.2375 0.0214
42 0.1001 0.2942 0.3206 0.1066 0.1785
43 0.0846 0.2264 0.3882 0.1736 0.1271
44 0.1215 0.3179 0.3657 0.0483 0.1466
45 0.0656 0.2673 0.4917 0.0397 0.1355
46 0.1039 0.0841 0.1431 0.1030 0.5659
47 0.0738 0.2896 0.3464 0.0368 0.2534
48 0.3176 0.0162 0.2019 0.4480 0.0163
49 0.2832 0.0762 0.2423 0.3752 0.0229
50 0.3235 0.0126 0.0870 0.5586 0.0182
51 0.1329 0.0638 0.3787 0.4031 0.0214
52 0.1764 0.0501 0.2607 0.4871 0.0256
53 0.1694 0.0542 0.1721 0.5913 0.0129
54 0.1494 0.0751 0.1844 0.5337 0.0572
55 0.1780 0.0760 0.3301 0.3770 0.0391
56 0.2258 0.0864 0.4219 0.1886 0.0774
57 0.2268 0.0630 0.2610 0.2610 0.1880
58 0.2805 0.2554 0.3081 0.0265 0.1294
59 0.1837 0.3052 0.4373 0.0267 0.0472
60 0.1768 0.1713 0.3860 0.2166 0.0495
61 0.0602 0.0496 0.3257 0.5044 0.0602
62 0.1512 0.2201 0.3833 0.1649 0.0804
63 0.1517 0.0459 0.3875 0.3137 0.1011
64 0.1011 0.0580 0.3186 0.4785 0.0438
65 0.1164 0.1011 0.3999 0.3643 0.0183
66 0.0805 0.1758 0.6533 0.0780 0.0125
67 0.2952 0.0563 0.4944 0.1484 0.0058
68 0.2634 0.1265 0.5664 0.0365 0.0071
69 0.1860 0.1934 0.5552 0.0366 0.0287
70 0.1133 0.4246 0.3359 0.1133 0.0129
71 0.0721 0.3870 0.3928 0.1083 0.0398
72 0.2756 0.0765 0.1924 0.1924 0.2629
73 0.1133 0.4309 0.3152 0.0112 0.1294
74 0.0501 0.1028 0.5918 0.2391 0.0163
75 0.1732 0.0571 0.3186 0.4028 0.0481
76 0.3657 0.0398 0.1345 0.4343 0.0257
77 0.1798 0.0948 0.3059 0.3928 0.0267
78 0.1816 0.1155 0.2522 0.4290 0.0217
79 0.0616 0.0676 0.2717 0.5488 0.0503
80 0.3833 0.0969 0.2084 0.2761 0.0354
81 0.2859 0.1119 0.2058 0.3728 0.0237
82 0.2461 0.0949 0.2312 0.3752 0.0524
83 0.2607 0.2266 0.3853 0.1176 0.0098
84 0.2130 0.1333 0.4043 0.2377 0.0118
85 0.1190 0.2683 0.5420 0.0699 0.0010
86 0.1202 0.1722 0.5386 0.1643 0.0044
87 0.3342 0.1460 0.3289 0.1761 0.0148
88 0.2333 0.1019 0.5957 0.0558 0.0132
89 0.1660 0.3005 0.4656 0.0592 0.0085
90 0.2878 0.1392 0.4819 0.0541 0.0372
91 0.2440 0.1576 0.4778 0.0926 0.0280
92 0.2067 0.1377 0.5796 0.0625 0.0137
93 0.2861 0.0654 0.5020 0.1103 0.0361
94 0.2136 0.0876 0.5718 0.0933 0.0338
95 0.1647 0.1753 0.4204 0.0895 0.1499
96 0.2195 0.2336 0.4297 0.0724 0.0449
97 0.1010 0.2620 0.4456 0.1829 0.0084
98 0.1016 0.3179 0.4700 0.0661 0.0444
99 0.3767 0.1088 0.1364 0.3123 0.0660
100 0.3672 0.2059 0.3450 0.0471 0.0350
101 0.3586 0.2351 0.3215 0.0706 0.0142
102 0.1775 0.2279 0.3938 0.1890 0.0117
103 0.1194 0.3245 0.3508 0.2000 0.0054
104 0.3030 0.4692 0.1647 0.0569 0.0061
105 0.3367 0.3367 0.2314 0.0928 0.0025
106 0.4131 0.2281 0.2710 0.0701 0.0177
107 0.0720 0.3804 0.3687 0.1489 0.0298
108 0.0479 0.3245 0.2411 0.3245 0.0624
109 0.0724 0.3853 0.4231 0.1053 0.0139
110 0.1110 0.5815 0.2834 0.0156 0.0083
111 0.1405 0.2142 0.1749 0.4536 0.0168
112 0.1008 0.5669 0.2849 0.0404 0.0071
113 0.0317 0.7866 0.0755 0.1016 0.0047
114 0.0720 0.1674 0.2150 0.5322 0.0136
115 0.0979 0.2206 0.1947 0.4597 0.0270
116 0.1039 0.0932 0.1399 0.6270 0.0359
117 0.0804 0.2438 0.2219 0.4082 0.0458
118 0.0146 0.0277 0.0801 0.8608 0.0168
119 0.0753 0.0730 0.2302 0.5439 0.0777
120 0.1153 0.2072 0.2008 0.2966 0.1799
121 0.1230 0.0590 0.3672 0.4360 0.0147
122 0.2046 0.1473 0.4468 0.1656 0.0356
123 0.1803 0.1832 0.1775 0.4192 0.0396
124 0.0928 0.0412 0.2727 0.5859 0.0073
125 0.2410 0.0944 0.1656 0.4719 0.0270
126 0.0489 0.0537 0.1372 0.7300 0.0301
127 0.1394 0.0633 0.3142 0.2771 0.2061
128 0.0192 0.0259 0.0430 0.1500 0.7617
129 0.0340 0.0136 0.0371 0.0029 0.9126
130 0.1044 0.0701 0.1669 0.0242 0.6343
131 0.0989 0.0555 0.0915 0.7085 0.0453
132 0.2240 0.1127 0.3638 0.2876 0.0120
133 0.1907 0.0284 0.2062 0.4038 0.1710
134 0.0663 0.0800 0.2664 0.5215 0.0663
135 0.3030 0.2322 0.1925 0.1141 0.1583
136 0.2443 0.3391 0.3137 0.0489 0.0541
137 0.0562 0.1730 0.5083 0.0617 0.2007
138 0.0576 0.1027 0.3557 0.4031 0.0806
139 0.3008 0.2271 0.0862 0.3152 0.0709
140 0.3770 0.3652 0.2081 0.0171 0.0327
141 0.2817 0.3398 0.1497 0.1406 0.0880
142 0.0544 0.1368 0.1550 0.6426 0.0112
143 0.1858 0.2104 0.4058 0.0662 0.1317
144 0.0911 0.1134 0.2290 0.1284 0.4380
145 0.2859 0.2927 0.0800 0.3044 0.0369
146 0.2494 0.5278 0.0671 0.1234 0.0322
147 0.1093 0.0442 0.1182 0.0378 0.6904
148 0.1777 0.0624 0.3269 0.1260 0.3071
149 0.0754 0.0324 0.0436 0.0379 0.8105
150 0.2390 0.1804 0.1617 0.0250 0.3940
151 0.1927 0.0472 0.1649 0.0544 0.5405
152 0.1033 0.0499 0.2720 0.3662 0.2086
153 0.0599 0.0520 0.1932 0.1267 0.5679
154 0.2406 0.0393 0.2947 0.1068 0.3186
155 0.2932 0.1632 0.4006 0.0426 0.1005
156 0.1989 0.2474 0.3545 0.0317 0.1675
157 0.0660 0.4370 0.3679 0.0578 0.0714
158 0.0469 0.4280 0.4414 0.0646 0.0191
159 0.0106 0.0044 0.0111 0.2472 0.7266
160 0.0066 0.0033 0.0118 0.1199 0.8584
161 0.0546 0.6699 0.1472 0.1259 0.0023
162 0.0698 0.2399 0.1586 0.0656 0.4661
163 0.0352 0.0533 0.0921 0.6699 0.1495
164 0.1582 0.3455 0.2063 0.2690 0.0208
165 0.3010 0.1649 0.3057 0.1433 0.0849
166 0.3223 0.1620 0.3223 0.1659 0.0277
167 0.0974 0.4434 0.4229 0.0311 0.0053
168 0.1028 0.2318 0.3169 0.3320 0.0164
169 0.1509 0.2178 0.4263 0.0729 0.1321
170 0.1603 0.3240 0.4824 0.0127 0.0207
171 0.3857 0.2451 0.2866 0.0206 0.0620
172 0.4067 0.2281 0.2976 0.0270 0.0403
173 0.1431 0.3433 0.4763 0.0329 0.0045
174 0.0922 0.2708 0.3879 0.2211 0.0279
175 0.0298 0.2206 0.0934 0.6284 0.0280
176 0.2263 0.1630 0.3450 0.1818 0.0839
177 0.1392 0.0870 0.3135 0.4490 0.0112
178 0.2659 0.0549 0.3931 0.1771 0.1091
179 0.2091 0.0865 0.4426 0.1102 0.1517
180 0.1838 0.0472 0.0939 0.0720 0.6030
181 0.1464 0.0591 0.3511 0.3350 0.1087
182 0.0676 0.0472 0.1344 0.6118 0.1387
183 0.0185 0.0697 0.2471 0.6611 0.0036
184 0.1614 0.2681 0.3208 0.0377 0.2120
185 0.2312 0.1759 0.4319 0.1083 0.0528
186 0.0760 0.1672 0.5234 0.2181 0.0151
187 0.1953 0.2671 0.2145 0.2932 0.0300
188 0.0876 0.0651 0.2168 0.6079 0.0225
189 0.0448 0.3723 0.3391 0.2405 0.0032
190 0.0401 0.1973 0.3201 0.3984 0.0440
191 0.1123 0.1686 0.4656 0.2493 0.0043
192 0.1572 0.3545 0.3545 0.1244 0.0094
193 0.0440 0.0447 0.1141 0.7559 0.0413
194 0.0952 0.1086 0.3975 0.3853 0.0134
195 0.1550 0.1587 0.6133 0.0699 0.0030
196 0.1158 0.0976 0.2234 0.1713 0.3921
197 0.0900 0.4329 0.2666 0.1472 0.0634
198 0.0924 0.2512 0.2288 0.1987 0.2288
199 0.1178 0.0862 0.2035 0.3054 0.2871
200 0.3394 0.1904 0.0825 0.3447 0.0428
201 0.2275 0.1075 0.3635 0.1718 0.1296
202 0.0608 0.0553 0.3782 0.4932 0.0124
203 0.2422 0.0919 0.4385 0.0978 0.1296
204 0.1037 0.0846 0.1998 0.5967 0.0152
205 0.1842 0.1100 0.2223 0.4561 0.0274
206 0.0886 0.0609 0.5684 0.2727 0.0092
207 0.0495 0.0925 0.2983 0.5322 0.0275
208 0.2542 0.0594 0.1494 0.5215 0.0159
209 0.4529 0.2242 0.1705 0.0142 0.1382
210 0.0844 0.0858 0.1209 0.6538 0.0554
211 0.1779 0.2798 0.3374 0.1953 0.0096
212 0.0382 0.0539 0.2451 0.6562 0.0067
213 0.2798 0.2214 0.1451 0.3025 0.0510
214 0.1281 0.2546 0.5562 0.0416 0.0198
215 0.3503 0.1094 0.2793 0.1229 0.1382
216 0.0496 0.1034 0.1018 0.7065 0.0386
217 0.1885 0.1144 0.1799 0.4968 0.0205
218 0.2500 0.2620 0.1772 0.2539 0.0567
219 0.0937 0.2355 0.2668 0.3320 0.0718
220 0.0833 0.4226 0.1604 0.2905 0.0432
221 0.1165 0.1567 0.1862 0.5303 0.0101
222 0.3181 0.2440 0.1217 0.1813 0.1348
223 0.0643 0.0390 0.1721 0.7134 0.0110
224 0.1342 0.0685 0.1982 0.5645 0.0345
225 0.1742 0.2783 0.1561 0.3411 0.0503
226 0.2512 0.3225 0.0939 0.2937 0.0388
227 0.1948 0.2042 0.1802 0.3640 0.0567
228 0.1360 0.2277 0.1979 0.4187 0.0197
229 0.3052 0.4011 0.0874 0.1453 0.0610
230 0.1112 0.5142 0.2546 0.1078 0.0121
231 0.0276 0.5464 0.1277 0.2925 0.0061
232 0.0779 0.2920 0.2874 0.3308 0.0120
233 0.4375 0.1500 0.3459 0.0510 0.0156
234 0.1731 0.5088 0.2766 0.0276 0.0138
235 0.1337 0.1445 0.2830 0.2920 0.1469
236 0.2111 0.1863 0.4070 0.1777 0.0180
237 0.0770 0.1721 0.4194 0.3167 0.0150
238 0.1283 0.4478 0.2737 0.0286 0.1215
239 0.0746 0.2527 0.3096 0.3145 0.0490
240 0.3701 0.1981 0.1776 0.0872 0.1669
241 0.3745 0.3010 0.1490 0.0925 0.0829
242 0.3267 0.4128 0.1818 0.0396 0.0390
243 0.2646 0.2908 0.2527 0.0707 0.1212
244 0.2966 0.2744 0.1842 0.0519 0.1930
245 0.2695 0.1853 0.1142 0.3743 0.0565
246 0.8711 0.0461 0.0346 0.0070 0.0414
247 0.7988 0.0597 0.0611 0.0293 0.0511
248 0.8071 0.0627 0.0554 0.0257 0.0492
249 0.8442 0.0527 0.0476 0.0154 0.0398
250 0.7490 0.0419 0.0359 0.1185 0.0547
251 0.3398 0.0735 0.3562 0.1877 0.0425
252 0.3176 0.0687 0.3489 0.2218 0.0430
253 0.2844 0.0587 0.3027 0.2981 0.0560
254 0.2893 0.0587 0.2983 0.2983 0.0552
255 0.3628 0.0565 0.3057 0.2167 0.0583
256 0.2949 0.0942 0.3728 0.1733 0.0648
