time exciting_prob fearful_prob tense_prob sad_prob relaxing_prob
0 0.2037 0.2830 0.2496 0.2310 0.0327
1 0.3528 0.0837 0.0673 0.3162 0.1802
2 0.6460 0.0420 0.0983 0.1595 0.0539
3 0.2318 0.0244 0.0207 0.6816 0.0416
4 0.2964 0.1990 0.4312 0.0544 0.0192
5 0.2034 0.0388 0.0703 0.6670 0.0205
6 0.4099 0.1395 0.0486 0.3821 0.0198
7 0.3572 0.0676 0.0616 0.4695 0.0440
8 0.2581 0.0964 0.0333 0.5723 0.0399
9 0.3374 0.0271 0.1184 0.5063 0.0108
10 0.2001 0.0471 0.0983 0.5879 0.0665
11 0.4116 0.1246 0.0499 0.2102 0.2037
12 0.1609 0.0748 0.0472 0.6074 0.1097
13 0.1420 0.2737 0.1956 0.0765 0.3125
14 0.4998 0.1868 0.2184 0.0855 0.0097
15 0.3401 0.3296 0.1130 0.0952 0.1222
16 0.2336 0.5225 0.1921 0.0161 0.0356
17 0.4475 0.3459 0.0881 0.0247 0.0938
18 0.2325 0.3252 0.1133 0.2289 0.1000
19 0.2460 0.2223 0.1025 0.3635 0.0657
20 0.2939 0.4446 0.1206 0.1031 0.0377
21 0.1257 0.3611 0.0920 0.3904 0.0308
22 0.6851 0.1505 0.0143 0.0063 0.1437
23 0.4595 0.3013 0.0544 0.0146 0.1703
24 0.4019 0.3438 0.1688 0.0616 0.0238
25 0.2732 0.1879 0.2047 0.1632 0.1710
26 0.1545 0.1808 0.3171 0.3198 0.0277
27 0.4524 0.2072 0.0512 0.2788 0.0104
28 0.7788 0.0784 0.0356 0.1038 0.0033
29 0.2301 0.3677 0.2266 0.1658 0.0100
30 0.5303 0.1362 0.1260 0.1567 0.0509
31 0.0327 0.0959 0.0990 0.7432 0.0293
32 0.0511 0.0132 0.0257 0.9067 0.0031
33 0.1243 0.0237 0.0265 0.8105 0.0148
34 0.2998 0.0326 0.0378 0.6152 0.0145
35 0.4175 0.1345 0.1215 0.2937 0.0327
36 0.1619 0.4722 0.1364 0.1820 0.0475
37 0.2408 0.1981 0.0879 0.3191 0.1543
38 0.1558 0.1486 0.1176 0.5479 0.0304
39 0.0446 0.0559 0.0586 0.8218 0.0189
40 0.4880 0.2083 0.1584 0.1304 0.0147
41 0.5415 0.2189 0.0793 0.0912 0.0688
42 0.0716 0.2832 0.0418 0.3994 0.2040
43 0.2537 0.2069 0.0829 0.0876 0.3689
44 0.2698 0.0284 0.0437 0.5664 0.0917
45 0.4238 0.0923 0.2377 0.2340 0.0121
46 0.1825 0.0395 0.3865 0.3464 0.0451
47 0.3701 0.0695 0.1201 0.1566 0.2837
48 0.4028 0.2332 0.0541 0.2090 0.1011
49 0.5537 0.1929 0.1456 0.0476 0.0602
50 0.7134 0.0914 0.0595 0.1299 0.0057
51 0.1487 0.0084 0.1312 0.6982 0.0134
52 0.1436 0.0470 0.0405 0.7637 0.0052
53 0.6899 0.0657 0.0699 0.1564 0.0182
54 0.2637 0.0305 0.1757 0.5244 0.0060
55 0.3008 0.0544 0.1912 0.4443 0.0094
56 0.2306 0.2494 0.2133 0.2783 0.0284
57 0.1573 0.0392 0.1649 0.6323 0.0061
58 0.5073 0.1262 0.1223 0.2358 0.0085
59 0.1401 0.0270 0.0395 0.7817 0.0118
60 0.4221 0.1505 0.1887 0.2041 0.0346
61 0.3821 0.0175 0.0044 0.5557 0.0403
62 0.4175 0.0779 0.0556 0.4377 0.0113
63 0.0566 0.1180 0.1588 0.6479 0.0184
64 0.1813 0.0473 0.0721 0.6948 0.0046
65 0.4573 0.3142 0.0908 0.1310 0.0065
66 0.1998 0.1450 0.0915 0.5474 0.0164
67 0.2338 0.0239 0.0659 0.6660 0.0105
68 0.1234 0.0295 0.0356 0.8042 0.0072
69 0.0723 0.0201 0.0202 0.8813 0.0059
70 0.5039 0.0289 0.0523 0.4114 0.0036
71 0.1858 0.2040 0.1162 0.3364 0.1576
72 0.1234 0.0737 0.2305 0.5444 0.0282
73 0.1770 0.2720 0.0870 0.4485 0.0154
74 0.2075 0.0906 0.0633 0.3367 0.3018
75 0.2228 0.1405 0.0893 0.5220 0.0256
76 0.1207 0.0210 0.1729 0.6836 0.0021
77 0.1732 0.0366 0.1067 0.6538 0.0299
78 0.4495 0.1680 0.1229 0.2042 0.0554
79 0.6050 0.1298 0.0242 0.0580 0.1831
80 0.3755 0.2042 0.0700 0.3164 0.0339
81 0.3979 0.0397 0.0241 0.3149 0.2233
82 0.4822 0.2925 0.0793 0.0689 0.0769
83 0.1788 0.0512 0.0349 0.5913 0.1438
84 0.2649 0.0691 0.0222 0.4102 0.2336
85 0.0345 0.0278 0.0715 0.7217 0.1444
86 0.0794 0.0807 0.2646 0.4097 0.1655
87 0.2021 0.0850 0.0963 0.6133 0.0035
88 0.5020 0.2245 0.0907 0.0981 0.0845
89 0.1875 0.4031 0.1102 0.2603 0.0390
90 0.2231 0.2249 0.4072 0.0443 0.1006
91 0.3491 0.0940 0.2573 0.1561 0.1433
92 0.1516 0.0274 0.2347 0.4524 0.1338
93 0.2474 0.2554 0.0630 0.3923 0.0420
94 0.0684 0.0375 0.0287 0.8599 0.0053
95 0.0591 0.0930 0.2910 0.5522 0.0049
96 0.4536 0.0493 0.0166 0.0833 0.3972
97 0.1215 0.0404 0.0269 0.6216 0.1896
98 0.1747 0.1043 0.1201 0.5298 0.0712
99 0.0247 0.0140 0.0109 0.8843 0.0661
100 0.6094 0.1603 0.1051 0.0545 0.0706
101 0.1232 0.6978 0.1373 0.0217 0.0201
102 0.3506 0.2773 0.0533 0.0164 0.3022
103 0.4006 0.4436 0.0471 0.1029 0.0058
104 0.3057 0.4082 0.0732 0.1444 0.0687
105 0.1813 0.1161 0.4348 0.1412 0.1266
106 0.3538 0.2249 0.3220 0.0432 0.0560
107 0.3242 0.0370 0.0288 0.5967 0.0135
108 0.2568 0.0239 0.0908 0.6157 0.0126
109 0.4143 0.2474 0.0487 0.2306 0.0588
110 0.4070 0.2046 0.2908 0.0826 0.0151
111 0.5332 0.2385 0.1018 0.1026 0.0236
112 0.2722 0.5127 0.0434 0.0251 0.1469
113 0.3542 0.4375 0.1263 0.0320 0.0499
114 0.0864 0.0187 0.0392 0.7817 0.0739
115 0.3418 0.3064 0.1190 0.1459 0.0871
116 0.5273 0.1671 0.1793 0.0686 0.0578
117 0.2798 0.2301 0.3271 0.1078 0.0551
118 0.2732 0.3296 0.0982 0.2319 0.0670
119 0.4392 0.1761 0.1654 0.1860 0.0331
120 0.6758 0.1951 0.0471 0.0517 0.0304
121 0.5835 0.2693 0.0416 0.0665 0.0391
122 0.4419 0.2137 0.1256 0.2056 0.0130
123 0.3730 0.2605 0.2729 0.0706 0.0229
124 0.2233 0.5068 0.1214 0.0461 0.1022
125 0.1515 0.1108 0.2007 0.4814 0.0553
126 0.3174 0.0404 0.0164 0.4995 0.1262
127 0.2642 0.0459 0.0389 0.5679 0.0831
128 0.5396 0.0867 0.0916 0.2754 0.0069
129 0.1569 0.0952 0.1045 0.6401 0.0036
130 0.0864 0.0603 0.0187 0.8198 0.0147
131 0.2520 0.0257 0.0386 0.6743 0.0094
132 0.2573 0.1622 0.1187 0.3354 0.1263
133 0.1628 0.1846 0.0390 0.6050 0.0084
134 0.1307 0.4058 0.2275 0.1639 0.0721
135 0.4468 0.1473 0.1113 0.2886 0.0060
136 0.6670 0.0548 0.0720 0.1942 0.0118
137 0.3467 0.2830 0.0553 0.3108 0.0040
138 0.5249 0.0716 0.0421 0.3037 0.0580
139 0.3010 0.1216 0.0069 0.5493 0.0210
140 0.2698 0.2202 0.1065 0.3865 0.0167
141 0.2690 0.0241 0.0634 0.6260 0.0176
142 0.0457 0.2913 0.0848 0.5527 0.0255
143 0.5630 0.1813 0.0637 0.0762 0.1161
144 0.1096 0.3096 0.1321 0.4436 0.0052
145 0.1805 0.1892 0.1028 0.2883 0.2391
146 0.2305 0.1196 0.2305 0.3250 0.0946
147 0.4282 0.0876 0.1041 0.1870 0.1930
148 0.0505 0.4226 0.1580 0.1461 0.2228
149 0.3337 0.0536 0.0488 0.3962 0.1677
150 0.0742 0.1835 0.2932 0.4199 0.0293
151 0.3188 0.1519 0.2686 0.2407 0.0199
152 0.5552 0.1155 0.0349 0.1238 0.1707
153 0.1180 0.1109 0.1338 0.6187 0.0187
154 0.0954 0.1064 0.0883 0.6938 0.0158
155 0.2812 0.0818 0.0537 0.5684 0.0150
156 0.1917 0.4490 0.1801 0.1171 0.0622
157 0.0803 0.1124 0.3103 0.4175 0.0797
158 0.1580 0.2485 0.4866 0.0306 0.0764
159 0.2277 0.0920 0.3289 0.1888 0.1627
160 0.3386 0.1285 0.0933 0.1587 0.2808
161 0.3667 0.1145 0.1010 0.2089 0.2089
162 0.0408 0.0485 0.0402 0.8457 0.0249
163 0.2947 0.0438 0.0197 0.5210 0.1209
164 0.6318 0.1523 0.0561 0.0518 0.1080
165 0.2058 0.4785 0.0957 0.1615 0.0585
166 0.4126 0.1415 0.0706 0.2314 0.1437
167 0.2469 0.1185 0.0397 0.5146 0.0802
168 0.6592 0.1268 0.0188 0.0285 0.1666
169 0.1625 0.0641 0.0823 0.6230 0.0682
170 0.3147 0.4614 0.1521 0.0345 0.0373
171 0.6333 0.0683 0.0549 0.0798 0.1638
172 0.3093 0.4004 0.2045 0.0707 0.0149
173 0.0826 0.1078 0.1863 0.6108 0.0126
174 0.1328 0.0320 0.0689 0.7524 0.0140
175 0.2008 0.2681 0.2639 0.0484 0.2188
176 0.1460 0.0463 0.0149 0.7769 0.0159
177 0.3047 0.4792 0.1532 0.0425 0.0202
178 0.5146 0.1893 0.0930 0.1396 0.0634
179 0.2727 0.3555 0.1566 0.2026 0.0126
180 0.3303 0.2218 0.2871 0.1294 0.0312
181 0.1288 0.3784 0.2444 0.2156 0.0328
182 0.7578 0.0850 0.0170 0.0402 0.1002
183 0.5918 0.0866 0.0244 0.1486 0.1486
184 0.2900 0.5337 0.1459 0.0098 0.0207
185 0.5850 0.2021 0.0750 0.0863 0.0515
186 0.1633 0.0861 0.1177 0.6167 0.0163
187 0.1720 0.0723 0.0384 0.6699 0.0474
188 0.3860 0.4443 0.0917 0.0433 0.0345
189 0.4729 0.1896 0.1560 0.1622 0.0192
190 0.3623 0.4011 0.1063 0.0841 0.0461
191 0.2708 0.4607 0.1193 0.0406 0.1086
192 0.0501 0.0344 0.1202 0.7837 0.0116
193 0.1447 0.0934 0.1458 0.5996 0.0169
194 0.1073 0.0307 0.0947 0.7563 0.0109
195 0.0449 0.0576 0.0965 0.7954 0.0057
196 0.6968 0.0390 0.0460 0.1708 0.0474
197 0.3196 0.1272 0.2910 0.2529 0.0093
198 0.3926 0.2964 0.0955 0.2102 0.0054
199 0.2250 0.0243 0.0828 0.6611 0.0068
200 0.4382 0.1785 0.0508 0.3181 0.0142
201 0.1661 0.3804 0.0984 0.3518 0.0034
202 0.3206 0.2830 0.0710 0.3157 0.0098
203 0.2639 0.0165 0.0417 0.6738 0.0040
204 0.0499 0.0203 0.0271 0.8989 0.0035
205 0.0625 0.2217 0.3711 0.3379 0.0067
206 0.3589 0.0334 0.0187 0.5825 0.0064
207 0.3123 0.0714 0.0645 0.5312 0.0206
208 0.4546 0.0815 0.0945 0.3652 0.0039
209 0.3521 0.0704 0.0227 0.5454 0.0094
210 0.3372 0.2524 0.1669 0.1749 0.0685
211 0.1409 0.1055 0.0881 0.5659 0.0999
212 0.3372 0.0966 0.1643 0.2883 0.1138
213 0.3274 0.0681 0.0736 0.4990 0.0319
214 0.3145 0.1937 0.2566 0.1908 0.0443
215 0.3518 0.0382 0.0140 0.5889 0.0070
216 0.3093 0.0735 0.2861 0.3142 0.0169
217 0.1226 0.1661 0.3955 0.2827 0.0330
218 0.3118 0.0304 0.0309 0.6201 0.0072
219 0.1599 0.0985 0.1885 0.5283 0.0245
220 0.6660 0.0560 0.0241 0.2451 0.0087
221 0.1714 0.1089 0.0992 0.3987 0.2218
222 0.6362 0.0182 0.0214 0.2935 0.0307
223 0.1793 0.0158 0.0543 0.7373 0.0134
224 0.0726 0.1091 0.3257 0.4812 0.0115
225 0.1509 0.0302 0.2031 0.5391 0.0765
226 0.0359 0.0141 0.0484 0.8984 0.0031
227 0.0478 0.0690 0.1520 0.7251 0.0059
228 0.2656 0.2325 0.1797 0.2849 0.0371
229 0.2365 0.1758 0.1626 0.3779 0.0473
