time exciting_prob fearful_prob tense_prob sad_prob relaxing_prob
0 0.3352 0.2452 0.3101 0.1022 0.0072
1 0.3484 0.2017 0.3711 0.0742 0.0046
2 0.1667 0.2389 0.4980 0.0886 0.0078
3 0.1790 0.2524 0.4714 0.0928 0.0042
4 0.1069 0.1580 0.4429 0.2859 0.0064
5 0.1009 0.2617 0.5762 0.0380 0.0234
6 0.0646 0.2382 0.6426 0.0404 0.0144
7 0.1201 0.2502 0.5557 0.0585 0.0155
8 0.4431 0.1617 0.1604 0.2125 0.0222
9 0.3735 0.0908 0.1582 0.3428 0.0345
10 0.2295 0.0452 0.2332 0.4709 0.0213
11 0.1997 0.0628 0.1086 0.5820 0.0467
12 0.1897 0.3279 0.3572 0.1089 0.0164
13 0.2693 0.4370 0.1880 0.0828 0.0230
14 0.3940 0.1776 0.1567 0.2466 0.0252
15 0.3293 0.1936 0.4573 0.0154 0.0046
16 0.0993 0.1091 0.7573 0.0291 0.0054
17 0.0344 0.0885 0.7412 0.1155 0.0204
18 0.0430 0.1080 0.7856 0.0487 0.0148
19 0.5054 0.2057 0.1602 0.1136 0.0154
20 0.6416 0.0574 0.0784 0.1941 0.0286
21 0.4470 0.2047 0.0568 0.2712 0.0203
22 0.3464 0.3057 0.2068 0.0557 0.0855
23 0.3286 0.3184 0.2559 0.0383 0.0589
24 0.3777 0.3633 0.1945 0.0216 0.0430
25 0.5522 0.0665 0.0551 0.1969 0.1292
26 0.3831 0.0828 0.1168 0.2434 0.1740
27 0.2893 0.3831 0.1263 0.0548 0.1466
28 0.2035 0.4656 0.2416 0.0522 0.0370
29 0.3174 0.0640 0.0771 0.4766 0.0650
30 0.5981 0.0737 0.0356 0.2235 0.0692
31 0.4761 0.0665 0.0457 0.3271 0.0847
32 0.3892 0.3462 0.1597 0.0314 0.0737
33 0.3462 0.4048 0.1124 0.0275 0.1089
34 0.0456 0.3472 0.5547 0.0431 0.0092
35 0.0283 0.1060 0.8081 0.0478 0.0100
36 0.1483 0.3845 0.4255 0.0248 0.0168
37 0.0786 0.4382 0.3867 0.0715 0.0247
38 0.6597 0.2524 0.0148 0.0311 0.0422
39 0.6646 0.2208 0.0313 0.0599 0.0233
40 0.5195 0.2695 0.0345 0.1647 0.0118
41 0.3521 0.4485 0.0179 0.1637 0.0178
42 0.2025 0.5464 0.0734 0.0113 0.1666
43 0.2603 0.4497 0.0585 0.0172 0.2141
44 0.4485 0.2615 0.0849 0.1389 0.0662
45 0.4526 0.2539 0.1042 0.1154 0.0739
46 0.3816 0.2108 0.0648 0.2351 0.1077
47 0.6567 0.1107 0.0423 0.1187 0.0714
48 0.2111 0.3975 0.1697 0.0649 0.1569
49 0.1249 0.6147 0.1229 0.1288 0.0088
50 0.1465 0.1852 0.2341 0.1313 0.3030
51 0.2346 0.3413 0.2617 0.0811 0.0811
52 0.2028 0.1720 0.2369 0.0668 0.3213
53 0.2837 0.2108 0.1733 0.0372 0.2949
54 0.7358 0.1818 0.0144 0.0563 0.0117
55 0.7280 0.0411 0.0216 0.1826 0.0267
56 0.4788 0.3091 0.0509 0.1230 0.0381
57 0.7725 0.0691 0.0378 0.0959 0.0248
58 0.4773 0.1284 0.0540 0.2783 0.0621
59 0.3926 0.4346 0.0842 0.0240 0.0646
60 0.5122 0.1613 0.0333 0.1960 0.0970
61 0.5923 0.2412 0.1232 0.0223 0.0211
62 0.4285 0.3015 0.2008 0.0298 0.0396
63 0.6230 0.1915 0.0138 0.0398 0.1316
64 0.1578 0.2351 0.1995 0.1494 0.2581
65 0.1797 0.3228 0.1898 0.0823 0.2253
66 0.3577 0.4182 0.1770 0.0151 0.0320
67 0.0969 0.0743 0.5405 0.2255 0.0626
68 0.1309 0.4978 0.2686 0.0467 0.0563
69 0.1263 0.3406 0.2983 0.2166 0.0182
70 0.0506 0.1521 0.3025 0.4910 0.0037
71 0.0665 0.2340 0.6069 0.0802 0.0125
72 0.0927 0.1287 0.7344 0.0301 0.0143
73 0.0781 0.0229 0.0009 0.8872 0.0111
74 0.6953 0.0850 0.0009 0.2008 0.0181
75 0.3936 0.0390 0.0039 0.5508 0.0128
76 0.5635 0.0637 0.0132 0.2834 0.0762
77 0.6396 0.0546 0.0482 0.1417 0.1156
78 0.8008 0.0793 0.0357 0.0222 0.0618
79 0.7910 0.0494 0.0300 0.0391 0.0908
80 0.4995 0.0208 0.0337 0.3030 0.1431
81 0.0335 0.0677 0.8384 0.0536 0.0066
82 0.4824 0.1788 0.1268 0.0648 0.1471
83 0.6455 0.1475 0.0502 0.0304 0.1262
84 0.1066 0.5049 0.0750 0.1829 0.1306
85 0.3877 0.2426 0.1775 0.1259 0.0663
86 0.1049 0.2346 0.0941 0.4890 0.0774
87 0.1017 0.1664 0.1296 0.3362 0.2659
88 0.1385 0.0314 0.2395 0.5483 0.0423
89 0.1726 0.1323 0.0370 0.3252 0.3328
90 0.2151 0.0918 0.0332 0.1675 0.4924
91 0.2225 0.1035 0.0387 0.1137 0.5215
92 0.1401 0.4087 0.1976 0.0622 0.1915
93 0.1083 0.7344 0.1066 0.0200 0.0305
94 0.2487 0.3000 0.0937 0.1907 0.1670
95 0.1902 0.1505 0.0837 0.0504 0.5254
96 0.1770 0.2400 0.0709 0.0119 0.5000
97 0.0698 0.6572 0.1661 0.0726 0.0345
98 0.1284 0.4587 0.1688 0.1124 0.1315
99 0.1216 0.0263 0.0890 0.7109 0.0523
100 0.0834 0.1243 0.0127 0.0245 0.7554
101 0.2451 0.2357 0.1030 0.2629 0.1533
102 0.1948 0.0972 0.0463 0.4897 0.1719
103 0.3062 0.1931 0.0392 0.0978 0.3635
104 0.3955 0.3657 0.0969 0.0312 0.1107
105 0.4214 0.0926 0.2273 0.1207 0.1379
106 0.6021 0.1522 0.1140 0.0686 0.0630
107 0.3267 0.0435 0.0826 0.4465 0.1005
108 0.2484 0.0352 0.0752 0.5601 0.0813
109 0.3330 0.2986 0.1840 0.1274 0.0570
110 0.2812 0.1680 0.1328 0.2903 0.1278
111 0.3372 0.1193 0.1147 0.2111 0.2178
112 0.4106 0.3652 0.1186 0.0062 0.0991
113 0.0783 0.0104 0.1070 0.7544 0.0498
114 0.1549 0.0197 0.1226 0.6729 0.0298
115 0.7017 0.0260 0.1318 0.0858 0.0545
116 0.5010 0.1190 0.1639 0.1600 0.0562
117 0.3757 0.0950 0.1542 0.3066 0.0684
118 0.3623 0.2910 0.1879 0.1292 0.0297
119 0.3513 0.2131 0.2612 0.0556 0.1187
120 0.6123 0.1609 0.1215 0.0094 0.0961
121 0.5610 0.2130 0.1429 0.0127 0.0703
122 0.1777 0.2111 0.1833 0.3943 0.0334
123 0.5400 0.2377 0.1344 0.0426 0.0454
124 0.6177 0.1198 0.1389 0.0503 0.0732
125 0.1334 0.1089 0.6318 0.1056 0.0203
126 0.1470 0.0781 0.5054 0.2313 0.0384
127 0.2056 0.0562 0.6045 0.1154 0.0185
128 0.3059 0.0223 0.3108 0.3413 0.0199
129 0.3411 0.0939 0.1124 0.1090 0.3438
130 0.1196 0.0122 0.2271 0.5195 0.1215
131 0.5698 0.2250 0.1096 0.0543 0.0413
132 0.1417 0.5605 0.1417 0.1121 0.0442
133 0.2839 0.3022 0.1045 0.2030 0.1061
134 0.1003 0.0746 0.0226 0.0134 0.7891
135 0.2175 0.0628 0.3369 0.3530 0.0297
136 0.2081 0.0635 0.5029 0.1738 0.0514
137 0.1531 0.0839 0.3560 0.3848 0.0222
138 0.2128 0.0982 0.5063 0.1440 0.0385
139 0.1405 0.5825 0.2111 0.0345 0.0314
140 0.1858 0.3667 0.3235 0.0603 0.0637
141 0.4543 0.3708 0.1030 0.0067 0.0649
142 0.6191 0.2406 0.0858 0.0083 0.0459
143 0.1460 0.2544 0.5176 0.0653 0.0166
144 0.1003 0.2108 0.5864 0.0851 0.0172
145 0.1547 0.3857 0.0909 0.1865 0.1823
146 0.1214 0.6362 0.0796 0.1177 0.0453
147 0.2766 0.3872 0.1665 0.0459 0.1237
148 0.4727 0.2778 0.0938 0.0162 0.1396
149 0.3630 0.3687 0.1702 0.0179 0.0804
150 0.1270 0.3533 0.2952 0.1320 0.0928
151 0.2583 0.2142 0.1230 0.2427 0.1617
152 0.1927 0.1274 0.3572 0.2739 0.0487
153 0.4355 0.3726 0.1603 0.0201 0.0114
154 0.5259 0.3267 0.1230 0.0131 0.0112
155 0.1177 0.1488 0.1047 0.2305 0.3982
156 0.3723 0.1577 0.1932 0.1993 0.0775
157 0.4915 0.2216 0.2233 0.0115 0.0522
158 0.2761 0.1624 0.1099 0.0621 0.3894
159 0.2432 0.3220 0.2047 0.1558 0.0742
160 0.1813 0.2498 0.2786 0.2440 0.0462
161 0.3625 0.3740 0.2131 0.0097 0.0407
162 0.5425 0.2175 0.1818 0.0328 0.0252
163 0.2195 0.5103 0.0497 0.0471 0.1736
164 0.1359 0.0608 0.1338 0.6235 0.0459
165 0.3789 0.4641 0.0563 0.0306 0.0701
166 0.6074 0.2067 0.1477 0.0069 0.0314
167 0.3352 0.4138 0.0931 0.0534 0.1046
168 0.2249 0.6113 0.0827 0.0582 0.0231
169 0.3293 0.3022 0.2839 0.0442 0.0406
170 0.6484 0.1208 0.1458 0.0167 0.0683
171 0.3171 0.2549 0.1522 0.0909 0.1849
172 0.3906 0.1707 0.3501 0.0623 0.0266
173 0.2422 0.3872 0.0632 0.0308 0.2766
174 0.2231 0.6821 0.0464 0.0173 0.0309
175 0.4771 0.2218 0.2253 0.0491 0.0267
176 0.0805 0.0459 0.0389 0.7290 0.1058
177 0.5146 0.2017 0.0502 0.1343 0.0991
178 0.2773 0.2546 0.0619 0.3591 0.0471
179 0.2405 0.5293 0.2123 0.0108 0.0071
180 0.1235 0.1897 0.1196 0.5449 0.0225
181 0.1866 0.2034 0.2148 0.3149 0.0803
182 0.6118 0.1711 0.1766 0.0150 0.0256
183 0.6860 0.0806 0.0839 0.0125 0.1372
184 0.6255 0.1805 0.1395 0.0319 0.0228
185 0.3733 0.2754 0.0586 0.0555 0.2373
186 0.1736 0.6553 0.0887 0.0513 0.0314
187 0.1544 0.3142 0.2159 0.1997 0.1156
188 0.2073 0.2747 0.0831 0.3813 0.0536
189 0.1870 0.6035 0.1346 0.0161 0.0588
190 0.4580 0.3738 0.1385 0.0073 0.0224
191 0.1460 0.5381 0.1471 0.0541 0.1146
192 0.0335 0.0612 0.1198 0.0042 0.7812
193 0.1954 0.3623 0.2130 0.2017 0.0275
194 0.3203 0.4309 0.0791 0.1216 0.0480
195 0.3916 0.2469 0.0814 0.1558 0.1242
196 0.1381 0.1447 0.1541 0.4895 0.0739
197 0.2480 0.2661 0.2969 0.0871 0.1018
198 0.3650 0.1204 0.2179 0.2412 0.0555
199 0.1091 0.2874 0.5166 0.0374 0.0496
200 0.2201 0.2739 0.2494 0.2004 0.0561
201 0.0755 0.2852 0.3491 0.2085 0.0817
202 0.1200 0.6143 0.2090 0.0235 0.0333
203 0.1420 0.5483 0.2715 0.0183 0.0198
204 0.1017 0.4387 0.3811 0.0528 0.0257
205 0.4104 0.0983 0.0364 0.4072 0.0475
206 0.7471 0.0541 0.0313 0.1372 0.0301
207 0.6143 0.0695 0.0150 0.2622 0.0390
208 0.2288 0.2512 0.1597 0.3516 0.0087
209 0.3713 0.0999 0.2825 0.2234 0.0230
210 0.4756 0.0482 0.0381 0.4099 0.0281
211 0.4490 0.0824 0.0291 0.4055 0.0341
212 0.2024 0.0688 0.0380 0.6636 0.0270
213 0.2693 0.0960 0.0991 0.4106 0.1252
214 0.2693 0.0960 0.0991 0.4106 0.1252
215 0.2947 0.3137 0.1067 0.2057 0.0793
216 0.5288 0.2537 0.0504 0.0580 0.1091
217 0.5283 0.2534 0.0503 0.0574 0.1107
218 0.5283 0.2534 0.0503 0.0574 0.1107
219 0.5283 0.2534 0.0503 0.0574 0.1107
