time exciting_prob fearful_prob tense_prob sad_prob relaxing_prob
0 0.1987 0.2847 0.2512 0.2323 0.0330
1 0.0427 0.1827 0.4316 0.2966 0.0462
2 0.0225 0.2698 0.5117 0.1255 0.0704
3 0.0473 0.1929 0.2896 0.3777 0.0925
4 0.0177 0.4644 0.3398 0.1656 0.0125
5 0.0559 0.1220 0.2352 0.5645 0.0226
6 0.0472 0.0854 0.1647 0.5747 0.1282
7 0.1202 0.1362 0.6450 0.0712 0.0275
8 0.0557 0.0986 0.7168 0.1170 0.0118
9 0.0782 0.2161 0.3506 0.2448 0.1104
10 0.0295 0.1087 0.7910 0.0426 0.0284
11 0.0294 0.1227 0.7520 0.0484 0.0477
12 0.0323 0.3503 0.4033 0.1604 0.0537
13 0.0646 0.0883 0.7988 0.0236 0.0249
14 0.0585 0.2971 0.4126 0.0146 0.2174
15 0.0795 0.3511 0.2231 0.3147 0.0316
16 0.0955 0.2556 0.3547 0.2595 0.0346
17 0.0386 0.0722 0.3965 0.4424 0.0504
18 0.0790 0.2361 0.5405 0.0790 0.0656
19 0.0325 0.1412 0.5088 0.1246 0.1930
20 0.0459 0.0858 0.4565 0.2026 0.2091
21 0.0811 0.0584 0.3931 0.0926 0.3750
22 0.0311 0.1606 0.4365 0.1342 0.2374
23 0.0222 0.1731 0.4778 0.1539 0.1731
24 0.1288 0.2407 0.5596 0.0493 0.0215
25 0.0390 0.1129 0.3022 0.5220 0.0237
26 0.0233 0.1628 0.7773 0.0248 0.0119
27 0.0092 0.2289 0.6831 0.0743 0.0044
28 0.1227 0.2054 0.6133 0.0291 0.0294
29 0.1335 0.1490 0.6475 0.0430 0.0271
30 0.0141 0.2932 0.6504 0.0364 0.0061
31 0.0873 0.3123 0.4761 0.0908 0.0337
32 0.1016 0.2720 0.5581 0.0269 0.0414
33 0.1105 0.3486 0.4204 0.0143 0.1063
34 0.0428 0.0980 0.6294 0.2042 0.0258
35 0.0373 0.1105 0.7437 0.0991 0.0094
36 0.0573 0.1848 0.4575 0.1792 0.1212
37 0.0563 0.2446 0.4500 0.0525 0.1965
38 0.0498 0.2412 0.4797 0.0908 0.1385
39 0.0526 0.1646 0.4761 0.1725 0.1343
40 0.0134 0.1318 0.8330 0.0133 0.0087
41 0.0353 0.3003 0.6162 0.0216 0.0269
42 0.0245 0.1047 0.7500 0.1000 0.0206
43 0.0534 0.1364 0.7036 0.0753 0.0314
44 0.0609 0.1146 0.7412 0.0339 0.0493
45 0.0667 0.1199 0.5854 0.0652 0.1626
46 0.0278 0.0672 0.5947 0.2478 0.0627
47 0.0112 0.0812 0.0751 0.7461 0.0864
48 0.0355 0.2927 0.5732 0.0826 0.0159
49 0.0477 0.2498 0.5991 0.0762 0.0274
50 0.0482 0.2158 0.5596 0.1230 0.0533
51 0.0204 0.1339 0.3474 0.0920 0.4062
52 0.0300 0.1714 0.6172 0.0797 0.1016
53 0.0332 0.1896 0.5234 0.0968 0.1571
54 0.0216 0.0909 0.5312 0.1385 0.2179
55 0.0195 0.1825 0.3572 0.4111 0.0296
56 0.1355 0.2676 0.4241 0.0597 0.1132
57 0.2057 0.3696 0.3137 0.0399 0.0711
58 0.0117 0.1334 0.8301 0.0161 0.0089
59 0.0091 0.3237 0.5952 0.0470 0.0248
60 0.0328 0.0933 0.8062 0.0575 0.0100
61 0.0327 0.0639 0.8291 0.0702 0.0044
62 0.0359 0.2805 0.5757 0.0511 0.0570
63 0.0602 0.2327 0.4924 0.1049 0.1099
64 0.0461 0.1711 0.2412 0.4104 0.1312
65 0.0320 0.1190 0.2810 0.4353 0.1327
66 0.0517 0.0814 0.1497 0.5063 0.2111
67 0.0670 0.1104 0.2607 0.1581 0.4038
68 0.0557 0.0621 0.1637 0.6372 0.0811
69 0.0776 0.0397 0.1364 0.6924 0.0542
70 0.1311 0.2284 0.3374 0.2430 0.0600
71 0.0632 0.3337 0.4023 0.1731 0.0276
72 0.0219 0.1493 0.3418 0.2661 0.2207
73 0.0657 0.3608 0.1917 0.1359 0.2460
74 0.0181 0.2927 0.2108 0.4065 0.0717
75 0.0182 0.2590 0.2590 0.4077 0.0560
76 0.0276 0.2659 0.4382 0.1515 0.1170
77 0.0583 0.0565 0.1910 0.5034 0.1910
78 0.0649 0.1532 0.4297 0.2566 0.0958
79 0.0453 0.2686 0.3044 0.2998 0.0819
80 0.0400 0.0419 0.1736 0.7197 0.0250
81 0.0352 0.3083 0.5498 0.0162 0.0905
82 0.0483 0.2395 0.4993 0.0630 0.1499
83 0.0971 0.3135 0.5010 0.0488 0.0399
84 0.1720 0.2837 0.2749 0.0920 0.1775
85 0.0564 0.4402 0.4009 0.0713 0.0312
86 0.0326 0.0846 0.0546 0.3850 0.4431
87 0.0570 0.2827 0.2457 0.2185 0.1959
88 0.0819 0.0900 0.3044 0.5098 0.0140
89 0.0208 0.3623 0.4302 0.1711 0.0154
90 0.0542 0.1748 0.4465 0.2974 0.0272
91 0.0185 0.2632 0.4270 0.2358 0.0556
92 0.0399 0.0914 0.1763 0.2952 0.3972
93 0.0544 0.0985 0.1959 0.4700 0.1812
94 0.0496 0.1842 0.4282 0.2898 0.0481
95 0.0427 0.0890 0.1663 0.6572 0.0447
96 0.0280 0.1840 0.3081 0.4343 0.0458
97 0.0833 0.2886 0.4468 0.1281 0.0534
98 0.0547 0.0461 0.0660 0.7441 0.0889
99 0.0642 0.0576 0.3015 0.4819 0.0949
100 0.0336 0.1862 0.5645 0.2012 0.0147
101 0.0597 0.2939 0.3604 0.2219 0.0641
102 0.0613 0.1011 0.3113 0.4976 0.0287
103 0.0251 0.1665 0.6689 0.0389 0.1002
104 0.0271 0.0868 0.5884 0.1633 0.1344
105 0.0161 0.2405 0.6143 0.0768 0.0524
106 0.0475 0.0930 0.6162 0.2096 0.0337
107 0.0277 0.1711 0.7314 0.0193 0.0502
108 0.0116 0.0914 0.8540 0.0184 0.0244
109 0.0095 0.0877 0.8320 0.0354 0.0354
110 0.0508 0.3018 0.2791 0.3582 0.0103
111 0.0223 0.1262 0.1185 0.7036 0.0293
112 0.1254 0.1216 0.0889 0.3987 0.2656
113 0.0803 0.1187 0.3279 0.3279 0.1454
114 0.0531 0.0903 0.3005 0.2781 0.2781
115 0.0732 0.0767 0.1742 0.1090 0.5669
116 0.3740 0.0725 0.0848 0.4043 0.0645
117 0.4580 0.1487 0.0790 0.2910 0.0233
118 0.9316 0.0139 0.0126 0.0331 0.0089
119 0.9253 0.0136 0.0142 0.0416 0.0055
120 0.0722 0.0734 0.0781 0.6436 0.1328
121 0.1154 0.2173 0.1019 0.1019 0.4636
122 0.2070 0.1945 0.4182 0.1246 0.0557
123 0.3157 0.1170 0.3108 0.1143 0.1422
124 0.3054 0.0522 0.2654 0.1622 0.2148
125 0.1123 0.0376 0.0454 0.6167 0.1881
126 0.0409 0.2407 0.3848 0.1309 0.2028
127 0.0823 0.2054 0.3181 0.1575 0.2365
128 0.1043 0.2463 0.3474 0.0913 0.2107
129 0.1400 0.2808 0.4700 0.0427 0.0667
130 0.1140 0.3594 0.4009 0.0644 0.0615
131 0.1833 0.1617 0.2751 0.0958 0.2839
132 0.1191 0.1996 0.2333 0.1530 0.2949
133 0.1498 0.4873 0.1148 0.0145 0.2338
134 0.1721 0.4751 0.1616 0.0474 0.1438
135 0.1469 0.0948 0.1857 0.4668 0.1058
136 0.2062 0.2195 0.2773 0.2646 0.0323
137 0.1003 0.0706 0.1483 0.5957 0.0851
138 0.1262 0.2113 0.1672 0.4475 0.0479
139 0.1595 0.1969 0.2413 0.3298 0.0724
140 0.0923 0.0938 0.1595 0.6211 0.0329
141 0.2196 0.4758 0.1877 0.0795 0.0373
142 0.1476 0.7041 0.0760 0.0578 0.0146
143 0.1794 0.6987 0.0426 0.0539 0.0256
144 0.0447 0.1234 0.1398 0.4409 0.2512
145 0.0413 0.2411 0.1332 0.3508 0.2336
146 0.0842 0.3655 0.4768 0.0535 0.0201
147 0.0481 0.3784 0.5420 0.0285 0.0027
148 0.0558 0.2174 0.6191 0.0950 0.0126
149 0.0331 0.3066 0.6294 0.0266 0.0042
150 0.0486 0.2469 0.1620 0.3376 0.2047
151 0.0591 0.2231 0.2866 0.1821 0.2490
152 0.0332 0.2452 0.1685 0.4800 0.0731
153 0.0450 0.3770 0.5151 0.0551 0.0076
154 0.0277 0.3247 0.5439 0.0901 0.0137
155 0.0356 0.3762 0.5225 0.0582 0.0076
156 0.0453 0.4534 0.3586 0.1036 0.0390
157 0.0195 0.6274 0.2457 0.0919 0.0153
158 0.0498 0.3052 0.3403 0.1195 0.1851
159 0.0793 0.1482 0.5093 0.1964 0.0668
160 0.1057 0.3257 0.3806 0.1295 0.0584
161 0.1338 0.3755 0.3262 0.1084 0.0562
162 0.1635 0.1768 0.2654 0.3354 0.0592
163 0.1426 0.1076 0.1918 0.3474 0.2107
164 0.1943 0.3010 0.2576 0.1561 0.0911
165 0.0435 0.1963 0.2405 0.4353 0.0844
166 0.0476 0.1730 0.2256 0.3835 0.1703
167 0.0598 0.3694 0.3015 0.1504 0.1190
168 0.0576 0.2561 0.2949 0.2686 0.1229
169 0.0554 0.2297 0.1790 0.4292 0.1068
170 0.0395 0.0798 0.1057 0.6680 0.1073
171 0.1051 0.1932 0.3936 0.1163 0.1918
172 0.0718 0.2013 0.3506 0.1484 0.2280
173 0.0839 0.2092 0.2502 0.0980 0.3586
174 0.0404 0.1152 0.1276 0.3809 0.3359
175 0.1151 0.1838 0.0896 0.1345 0.4768
176 0.1035 0.0957 0.0913 0.0608 0.6489
177 0.0797 0.3687 0.1399 0.0862 0.3254
178 0.1210 0.1816 0.2600 0.1136 0.3237
179 0.1440 0.1509 0.1157 0.4102 0.1792
180 0.0178 0.0221 0.0243 0.0382 0.8975
181 0.0314 0.0373 0.0493 0.1221 0.7598
182 0.0665 0.1302 0.2935 0.4690 0.0410
183 0.1052 0.4128 0.3369 0.0513 0.0936
184 0.0671 0.7041 0.1476 0.0539 0.0273
185 0.0208 0.0183 0.0233 0.0048 0.9326
186 0.0149 0.0219 0.0229 0.0098 0.9307
187 0.0344 0.4893 0.1886 0.2040 0.0837
188 0.1071 0.4578 0.1054 0.0808 0.2489
189 0.0572 0.2644 0.1155 0.2771 0.2859
190 0.0470 0.3994 0.1338 0.3469 0.0728
191 0.2136 0.3662 0.1083 0.0245 0.2874
192 0.0677 0.2440 0.1306 0.0528 0.5049
193 0.1068 0.1350 0.0781 0.4158 0.2644
194 0.0343 0.2891 0.2434 0.1205 0.3125
195 0.0398 0.3230 0.2942 0.1855 0.1575
196 0.0376 0.3354 0.1824 0.1488 0.2959
197 0.0386 0.3257 0.1758 0.1539 0.3059
198 0.0154 0.1038 0.1332 0.6455 0.1021
199 0.0807 0.3733 0.0605 0.1290 0.3562
200 0.1382 0.5132 0.0360 0.0224 0.2903
201 0.1365 0.3457 0.0297 0.0475 0.4404
202 0.0506 0.4407 0.2632 0.0547 0.1910
203 0.0102 0.0330 0.1503 0.7993 0.0070
204 0.0270 0.5557 0.1240 0.0789 0.2142
205 0.0526 0.5068 0.1924 0.0530 0.1953
206 0.0375 0.6655 0.1461 0.0595 0.0914
207 0.0338 0.7070 0.1653 0.0266 0.0673
208 0.1018 0.3040 0.1759 0.0576 0.3608
209 0.1515 0.2944 0.2239 0.0804 0.2498
210 0.1104 0.3621 0.3914 0.1087 0.0275
211 0.4387 0.2139 0.2642 0.0181 0.0652
212 0.0243 0.2343 0.5117 0.2035 0.0263
213 0.0230 0.2830 0.3806 0.2917 0.0216
214 0.2004 0.0671 0.1235 0.3518 0.2573
215 0.1092 0.2480 0.2330 0.2367 0.1731
216 0.1401 0.5127 0.2087 0.0408 0.0978
217 0.2556 0.0956 0.0667 0.2830 0.2991
218 0.2676 0.1169 0.0382 0.0698 0.5078
219 0.2089 0.2312 0.2073 0.0389 0.3137
220 0.1422 0.2534 0.1073 0.0487 0.4482
221 0.2084 0.2612 0.1782 0.0803 0.2717
222 0.0963 0.2920 0.2136 0.3157 0.0823
223 0.0931 0.2549 0.4204 0.0909 0.1407
224 0.0645 0.1262 0.4917 0.1699 0.1476
225 0.0765 0.1261 0.2930 0.1619 0.3425
226 0.0827 0.3508 0.3975 0.1332 0.0358
227 0.0768 0.3162 0.2312 0.1298 0.2461
228 0.0898 0.4631 0.2944 0.1153 0.0374
229 0.0574 0.3684 0.4241 0.1334 0.0167
230 0.1880 0.1252 0.1158 0.0230 0.5479
231 0.0281 0.1060 0.0781 0.1076 0.6802
232 0.1032 0.1099 0.4082 0.1389 0.2400
233 0.0672 0.2308 0.1945 0.0693 0.4382
234 0.0630 0.4409 0.3657 0.0896 0.0407
235 0.2208 0.1542 0.1566 0.0396 0.4290
236 0.2576 0.2136 0.1638 0.0341 0.3308
237 0.1008 0.2739 0.1489 0.2418 0.2344
238 0.1766 0.2097 0.1711 0.0967 0.3457
239 0.1157 0.3706 0.2671 0.0659 0.1807
240 0.1752 0.3196 0.2432 0.0423 0.2197
241 0.0637 0.6328 0.1469 0.1180 0.0386
242 0.1542 0.2042 0.3699 0.0942 0.1775
243 0.1741 0.3713 0.1838 0.1047 0.1660
244 0.0638 0.1804 0.3022 0.0070 0.4465
245 0.0114 0.3276 0.6221 0.0362 0.0029
246 0.0639 0.2776 0.2954 0.3508 0.0124
247 0.0296 0.5376 0.0799 0.0371 0.3159
248 0.0361 0.5342 0.1628 0.0264 0.2407
249 0.0305 0.6631 0.1785 0.0126 0.1152
250 0.0449 0.5508 0.1654 0.0095 0.2296
251 0.1940 0.2114 0.2957 0.1195 0.1794
252 0.0522 0.1148 0.0952 0.0975 0.6406
253 0.0143 0.0131 0.0111 0.0113 0.9502
254 0.0087 0.0057 0.0052 0.0029 0.9775
255 0.0079 0.0050 0.0055 0.0120 0.9697
256 0.2007 0.0672 0.0811 0.0184 0.6328
257 0.1772 0.1626 0.1002 0.0349 0.5249
258 0.0130 0.1816 0.2368 0.5254 0.0431
259 0.0660 0.0881 0.1523 0.1097 0.5840
260 0.1124 0.2893 0.3079 0.2167 0.0737
261 0.0581 0.3999 0.1761 0.2502 0.1155
262 0.0296 0.2437 0.2761 0.4412 0.0097
263 0.0585 0.2834 0.3474 0.3018 0.0089
264 0.0482 0.1004 0.3672 0.4429 0.0412
265 0.0388 0.5073 0.2983 0.1254 0.0302
266 0.0441 0.3235 0.5947 0.0308 0.0069
267 0.0257 0.3540 0.3076 0.2396 0.0731
268 0.1542 0.1720 0.1995 0.2242 0.2502
269 0.0224 0.3340 0.3137 0.1816 0.1482
270 0.0236 0.1238 0.2834 0.5215 0.0477
271 0.0511 0.2849 0.1727 0.0896 0.4016
272 0.0690 0.3193 0.2646 0.1998 0.1473
273 0.2795 0.1863 0.3096 0.0425 0.1820
274 0.0276 0.4568 0.2261 0.2296 0.0599
275 0.0406 0.4431 0.1543 0.1077 0.2544
276 0.0053 0.0891 0.1144 0.7578 0.0333
277 0.0467 0.2107 0.0700 0.4062 0.2664
278 0.0822 0.4443 0.2959 0.0790 0.0984
279 0.0485 0.1858 0.3997 0.3113 0.0549
280 0.0523 0.6421 0.2290 0.0667 0.0100
281 0.0914 0.6543 0.1340 0.1019 0.0184
282 0.0383 0.2382 0.1467 0.0230 0.5537
283 0.1024 0.2185 0.2656 0.1637 0.2496
284 0.0469 0.0727 0.0836 0.6475 0.1490
285 0.0319 0.1038 0.0555 0.5269 0.2820
286 0.1146 0.6143 0.1482 0.0435 0.0793
287 0.2139 0.4089 0.2900 0.0516 0.0355
288 0.0558 0.4565 0.4094 0.0633 0.0149
289 0.0833 0.3645 0.1473 0.1921 0.2126
290 0.0304 0.3145 0.5269 0.0990 0.0293
291 0.0518 0.1014 0.1030 0.7036 0.0403
292 0.0257 0.0688 0.1246 0.7749 0.0059
293 0.0618 0.3369 0.4751 0.1220 0.0041
294 0.1165 0.4033 0.3616 0.1120 0.0066
295 0.0889 0.6567 0.1700 0.0714 0.0127
296 0.1326 0.1855 0.0732 0.0143 0.5942
297 0.0614 0.3452 0.3398 0.0538 0.1998
298 0.1824 0.2148 0.4995 0.0961 0.0070
299 0.0584 0.0402 0.0891 0.7944 0.0181
300 0.0531 0.3955 0.2849 0.1573 0.1090
301 0.0259 0.2089 0.2991 0.4490 0.0170
302 0.1014 0.1523 0.1014 0.1609 0.4839
303 0.0812 0.2057 0.1829 0.3933 0.1370
304 0.0367 0.0908 0.2839 0.5737 0.0150
305 0.0873 0.2045 0.2505 0.2773 0.1804
306 0.0247 0.3750 0.3577 0.2274 0.0151
307 0.0735 0.3145 0.1104 0.2411 0.2607
308 0.0639 0.0610 0.0629 0.7314 0.0808
309 0.0760 0.3384 0.3330 0.1942 0.0583
310 0.0740 0.2522 0.5259 0.1361 0.0117
311 0.0869 0.6729 0.1294 0.0583 0.0523
312 0.0761 0.1562 0.1235 0.5625 0.0817
313 0.0574 0.3459 0.3054 0.2200 0.0714
314 0.1051 0.5215 0.2090 0.1154 0.0493
315 0.0506 0.6406 0.1498 0.0814 0.0777
316 0.1951 0.5645 0.1061 0.1052 0.0292
317 0.1383 0.5303 0.1012 0.1094 0.1211
318 0.3430 0.4170 0.0502 0.1158 0.0742
319 0.3237 0.4155 0.0627 0.1075 0.0906
320 0.1437 0.4192 0.1616 0.2157 0.0599
321 0.0488 0.4700 0.3547 0.1116 0.0150
322 0.0374 0.7510 0.1065 0.0856 0.0197
323 0.0498 0.2048 0.0867 0.5356 0.1232
324 0.2725 0.4670 0.0504 0.1370 0.0733
325 0.3157 0.4521 0.0389 0.1143 0.0792
326 0.0406 0.2798 0.2112 0.3884 0.0801
327 0.5361 0.1824 0.0167 0.1726 0.0924
328 0.2681 0.3259 0.2766 0.0971 0.0323
329 0.1815 0.2480 0.5049 0.0554 0.0099
330 0.0725 0.4583 0.1420 0.3052 0.0221
331 0.0565 0.2183 0.5571 0.0742 0.0939
332 0.0564 0.3352 0.0724 0.0635 0.4727
333 0.0800 0.2708 0.0529 0.0231 0.5732
334 0.0643 0.3503 0.0595 0.0690 0.4570
335 0.0401 0.1444 0.2419 0.5449 0.0284
336 0.0835 0.1263 0.2759 0.4995 0.0147
337 0.0703 0.1177 0.1796 0.6265 0.0057
338 0.0544 0.1401 0.3467 0.4521 0.0065
339 0.1318 0.4255 0.1816 0.1019 0.1591
340 0.1122 0.2197 0.1969 0.1464 0.3247
341 0.0710 0.2439 0.1526 0.1991 0.3335
342 0.0947 0.2362 0.1624 0.2036 0.3032
343 0.1066 0.2988 0.1082 0.1057 0.3806
344 0.0743 0.4021 0.1650 0.0970 0.2617
345 0.2050 0.1488 0.2612 0.1881 0.1971
346 0.2070 0.1885 0.3413 0.1091 0.1539
347 0.1924 0.0789 0.3428 0.2080 0.1779
348 0.1995 0.1210 0.4639 0.1554 0.0604
349 0.1278 0.0608 0.5464 0.1888 0.0763
350 0.1132 0.1031 0.4272 0.2673 0.0889
351 0.2150 0.2218 0.1810 0.2759 0.1064
