time exciting_prob fearful_prob tense_prob sad_prob relaxing_prob
0 0.1763 0.1331 0.1682 0.4644 0.0581
1 0.0899 0.1329 0.2642 0.4712 0.0418
2 0.0131 0.1226 0.6943 0.1478 0.0223
3 0.0120 0.1125 0.7222 0.1295 0.0239
4 0.0156 0.1003 0.6055 0.2445 0.0341
5 0.0166 0.1598 0.5845 0.1812 0.0579
6 0.1470 0.1577 0.5815 0.0580 0.0558
7 0.0848 0.1852 0.3125 0.0226 0.3950
8 0.0205 0.1179 0.6675 0.1356 0.0583
9 0.0143 0.1126 0.5127 0.3013 0.0593
10 0.0166 0.0833 0.2228 0.2410 0.4363
11 0.0399 0.1102 0.0648 0.1506 0.6343
12 0.0236 0.1527 0.2054 0.3960 0.2222
13 0.0219 0.0470 0.0776 0.3066 0.5469
14 0.0659 0.0526 0.4199 0.4402 0.0214
15 0.1064 0.2051 0.3127 0.0630 0.3127
16 0.0067 0.0910 0.6123 0.2593 0.0305
17 0.0127 0.4553 0.4697 0.0216 0.0404
18 0.0192 0.6196 0.3215 0.0138 0.0256
19 0.0220 0.5532 0.3054 0.0946 0.0249
20 0.0126 0.3447 0.1903 0.3906 0.0618
21 0.0329 0.5068 0.2671 0.1407 0.0522
22 0.0869 0.1057 0.3154 0.1561 0.3357
23 0.1186 0.2632 0.5571 0.0337 0.0277
24 0.0877 0.1976 0.3015 0.0948 0.3184
25 0.0971 0.1370 0.4893 0.0694 0.2072
26 0.0577 0.1232 0.3794 0.3677 0.0718
27 0.0045 0.0066 0.0022 0.0026 0.9839
28 0.0489 0.1328 0.1328 0.1602 0.5254
29 0.0202 0.2769 0.0700 0.2603 0.3726
30 0.0809 0.1880 0.0841 0.0209 0.6260
31 0.0707 0.3972 0.0559 0.0664 0.4099
32 0.0167 0.1055 0.0487 0.0243 0.8047
33 0.0309 0.0239 0.0815 0.0538 0.8101
34 0.0232 0.0185 0.0543 0.0419 0.8623
35 0.0249 0.0242 0.0242 0.0123 0.9146
36 0.0410 0.0990 0.0952 0.0160 0.7490
37 0.0331 0.0604 0.0344 0.0118 0.8604
38 0.0363 0.0199 0.0462 0.0053 0.8926
39 0.0129 0.0352 0.0270 0.0093 0.9155
40 0.0114 0.0790 0.0430 0.0106 0.8560
41 0.0037 0.0132 0.0044 0.0084 0.9702
42 0.0326 0.0865 0.0900 0.2352 0.5557
43 0.0121 0.0236 0.0360 0.0280 0.9004
44 0.0123 0.0174 0.0060 0.0053 0.9590
45 0.0218 0.0750 0.0933 0.0405 0.7695
46 0.0341 0.1348 0.1266 0.1009 0.6040
47 0.0058 0.6187 0.3469 0.0155 0.0130
48 0.0187 0.2905 0.1890 0.0921 0.4097
49 0.0562 0.0688 0.0904 0.0157 0.7690
50 0.0523 0.0737 0.0977 0.0084 0.7681
51 0.2144 0.1121 0.0337 0.0148 0.6250
52 0.0693 0.0651 0.0626 0.0038 0.7993
53 0.0040 0.1247 0.0608 0.0818 0.7290
54 0.0153 0.0495 0.1868 0.1455 0.6030
55 0.1466 0.3079 0.0602 0.0709 0.4143
56 0.0257 0.1942 0.1388 0.0243 0.6172
57 0.0238 0.0187 0.0504 0.0553 0.8521
58 0.0374 0.4084 0.2637 0.1599 0.1305
59 0.0307 0.5146 0.1698 0.0526 0.2321
60 0.1017 0.3440 0.4214 0.0662 0.0667
61 0.0402 0.4861 0.3289 0.1309 0.0139
62 0.0517 0.6401 0.1724 0.0173 0.1184
63 0.0102 0.4006 0.0691 0.0659 0.4541
64 0.0222 0.3066 0.3264 0.0695 0.2749
65 0.1416 0.1749 0.1617 0.0387 0.4829
66 0.0807 0.0795 0.4431 0.0776 0.3191
67 0.0300 0.2649 0.4299 0.1558 0.1194
68 0.0471 0.5698 0.2357 0.0881 0.0591
69 0.0570 0.3010 0.5283 0.0132 0.1001
70 0.0618 0.3669 0.3611 0.1051 0.1051
71 0.0343 0.5493 0.3716 0.0312 0.0136
72 0.0173 0.4736 0.4519 0.0441 0.0131
73 0.0986 0.3960 0.2556 0.1564 0.0933
74 0.0668 0.3442 0.4026 0.0979 0.0884
75 0.0545 0.3965 0.4221 0.1003 0.0266
76 0.0117 0.3950 0.4763 0.1080 0.0091
77 0.0710 0.3992 0.4668 0.0098 0.0532
78 0.0899 0.4358 0.2881 0.1043 0.0819
79 0.0892 0.4058 0.2788 0.1267 0.0994
80 0.1223 0.3430 0.4915 0.0295 0.0136
81 0.0745 0.4973 0.3210 0.0283 0.0787
82 0.1558 0.2249 0.5566 0.0252 0.0376
83 0.0373 0.6211 0.2180 0.0483 0.0753
84 0.0329 0.1055 0.0681 0.0263 0.7671
85 0.1744 0.2346 0.4854 0.0704 0.0352
86 0.0622 0.3186 0.5591 0.0215 0.0386
87 0.0777 0.4990 0.3484 0.0450 0.0300
88 0.0339 0.3730 0.4163 0.0235 0.1532
89 0.1415 0.1603 0.2903 0.3394 0.0684
90 0.0740 0.1921 0.2094 0.1847 0.3398
91 0.0999 0.4043 0.3679 0.0660 0.0620
92 0.0997 0.3118 0.4717 0.0456 0.0712
93 0.0309 0.3215 0.4680 0.0497 0.1299
94 0.2190 0.1182 0.3784 0.0652 0.2190
95 0.2859 0.3066 0.1438 0.1426 0.1210
96 0.0545 0.5171 0.2294 0.1257 0.0733
97 0.0597 0.4343 0.2676 0.1882 0.0503
98 0.2324 0.2915 0.2235 0.0703 0.1824
99 0.0259 0.0750 0.5537 0.3206 0.0249
100 0.1088 0.0583 0.6460 0.1711 0.0157
101 0.0890 0.1663 0.3989 0.1041 0.2419
102 0.0335 0.1727 0.7271 0.0479 0.0189
103 0.0542 0.1473 0.7598 0.0334 0.0053
104 0.0366 0.2617 0.6279 0.0484 0.0253
105 0.0159 0.3313 0.6387 0.0057 0.0088
106 0.0131 0.4392 0.5298 0.0125 0.0055
107 0.0579 0.2761 0.4551 0.0271 0.1838
108 0.0761 0.1315 0.6274 0.0823 0.0829
109 0.1115 0.0766 0.4995 0.1647 0.1477
110 0.0808 0.1385 0.1620 0.2649 0.3538
111 0.1290 0.2063 0.3591 0.1473 0.1581
112 0.0484 0.1066 0.1058 0.6182 0.1208
113 0.0084 0.6304 0.0403 0.3025 0.0183
114 0.0349 0.1172 0.2057 0.3904 0.2520
115 0.0659 0.1451 0.1510 0.4797 0.1582
116 0.0513 0.1211 0.2952 0.4866 0.0460
117 0.0627 0.5332 0.1652 0.1066 0.1327
118 0.0381 0.5098 0.2563 0.1735 0.0224
119 0.0316 0.5508 0.1248 0.2747 0.0183
120 0.0212 0.7256 0.0747 0.1724 0.0060
121 0.1115 0.1648 0.2717 0.3894 0.0626
122 0.0768 0.0858 0.0851 0.6641 0.0884
123 0.0386 0.5952 0.0673 0.2009 0.0979
124 0.0505 0.6553 0.1061 0.0974 0.0908
125 0.0592 0.3518 0.1367 0.4243 0.0280
126 0.0376 0.5610 0.1969 0.1969 0.0075
127 0.0752 0.1708 0.2524 0.4788 0.0229
128 0.0568 0.1981 0.3586 0.2505 0.1361
129 0.1169 0.0889 0.2915 0.2534 0.2494
130 0.0756 0.0876 0.4021 0.2327 0.2021
131 0.0445 0.6001 0.0537 0.1051 0.1964
132 0.0811 0.2239 0.3523 0.1357 0.2070
133 0.1202 0.2710 0.2886 0.1281 0.1921
134 0.1995 0.2296 0.2090 0.1019 0.2600
135 0.0487 0.5571 0.0676 0.1866 0.1398
136 0.1261 0.1223 0.2162 0.4268 0.1087
137 0.0201 0.6006 0.1461 0.1818 0.0513
138 0.1473 0.2159 0.3345 0.1174 0.1847
139 0.0300 0.5073 0.3486 0.0314 0.0828
140 0.1057 0.6523 0.0773 0.0570 0.1074
141 0.0270 0.2600 0.3965 0.2856 0.0311
142 0.0836 0.4963 0.0588 0.1715 0.1898
143 0.1003 0.3728 0.1372 0.2389 0.1506
144 0.0708 0.5522 0.1570 0.1608 0.0591
145 0.0833 0.0517 0.5737 0.2449 0.0464
146 0.1273 0.1132 0.1686 0.4956 0.0953
147 0.0764 0.1981 0.5181 0.1735 0.0341
148 0.0738 0.3987 0.3154 0.1478 0.0641
149 0.1985 0.2375 0.3918 0.1453 0.0269
150 0.0682 0.2852 0.6035 0.0278 0.0152
151 0.1017 0.3037 0.5083 0.0603 0.0259
152 0.1117 0.4023 0.4282 0.0259 0.0320
153 0.1276 0.3157 0.3467 0.1305 0.0798
154 0.1573 0.1840 0.5122 0.0480 0.0985
155 0.0490 0.6763 0.0807 0.1417 0.0522
156 0.0326 0.0801 0.1952 0.6504 0.0419
157 0.0570 0.1716 0.3521 0.1134 0.3059
158 0.0804 0.1368 0.2346 0.0817 0.4666
159 0.1065 0.6323 0.1945 0.0636 0.0030
160 0.0473 0.5811 0.1227 0.2072 0.0421
161 0.1757 0.1771 0.6040 0.0094 0.0341
162 0.1929 0.2203 0.2517 0.0715 0.2637
163 0.0681 0.2097 0.4072 0.2413 0.0736
164 0.0166 0.3445 0.3499 0.2769 0.0124
165 0.1185 0.0783 0.3945 0.1290 0.2798
166 0.0939 0.1687 0.2654 0.2416 0.2306
167 0.0460 0.1567 0.1790 0.2708 0.3477
168 0.0773 0.5005 0.1575 0.1433 0.1216
169 0.0890 0.2496 0.4380 0.0491 0.1742
170 0.0296 0.3208 0.3579 0.0127 0.2788
171 0.0263 0.5415 0.1180 0.2722 0.0421
172 0.0351 0.2439 0.2273 0.0199 0.4739
173 0.0112 0.1108 0.1914 0.0080 0.6787
174 0.0487 0.1056 0.3462 0.4807 0.0186
175 0.0846 0.4099 0.0311 0.3792 0.0951
176 0.0246 0.1886 0.4385 0.0120 0.3362
177 0.0110 0.1869 0.6626 0.0090 0.1305
178 0.0122 0.3110 0.5718 0.0102 0.0948
179 0.0428 0.5859 0.0449 0.1267 0.1995
180 0.1326 0.3081 0.3630 0.0726 0.1235
181 0.0934 0.0728 0.1092 0.6284 0.0964
182 0.0706 0.6196 0.0521 0.1860 0.0717
183 0.0188 0.6079 0.0732 0.2805 0.0194
184 0.0204 0.2732 0.6255 0.0564 0.0243
185 0.0213 0.5166 0.3284 0.0850 0.0484
186 0.0171 0.1958 0.7271 0.0503 0.0096
187 0.1091 0.3550 0.4487 0.0441 0.0431
188 0.1255 0.3032 0.3491 0.1089 0.1133
189 0.0387 0.1146 0.1146 0.0627 0.6694
190 0.0555 0.1395 0.4719 0.0286 0.3047
191 0.0454 0.0687 0.0809 0.0132 0.7920
192 0.0315 0.3013 0.4451 0.1664 0.0557
193 0.0141 0.1285 0.4021 0.0341 0.4214
194 0.0141 0.2510 0.5483 0.0085 0.1780
195 0.0629 0.4006 0.2690 0.1451 0.1222
196 0.0677 0.3718 0.2517 0.1276 0.1813
197 0.0096 0.3445 0.6045 0.0166 0.0248
198 0.0528 0.3870 0.3159 0.1638 0.0805
199 0.0841 0.4304 0.1925 0.2800 0.0130
200 0.0829 0.1107 0.1124 0.6172 0.0767
201 0.0535 0.6221 0.0709 0.2306 0.0230
202 0.0752 0.1567 0.0782 0.0501 0.6396
203 0.2175 0.0384 0.0740 0.5820 0.0879
204 0.0116 0.2080 0.7373 0.0379 0.0053
205 0.0205 0.2920 0.5122 0.0061 0.1689
206 0.0043 0.0064 0.0237 0.0043 0.9614
207 0.0271 0.1881 0.0692 0.1272 0.5884
208 0.0084 0.1287 0.8262 0.0129 0.0238
209 0.0111 0.2932 0.6406 0.0068 0.0482
210 0.0148 0.4380 0.1357 0.3989 0.0125
211 0.0188 0.1370 0.3086 0.0424 0.4932
212 0.0399 0.3530 0.2244 0.1720 0.2108
213 0.0456 0.2444 0.4495 0.1603 0.1003
214 0.0030 0.4106 0.5698 0.0152 0.0012
215 0.0408 0.1842 0.7231 0.0071 0.0448
216 0.2607 0.1121 0.0649 0.0753 0.4871
217 0.0369 0.6094 0.3313 0.0102 0.0121
218 0.1307 0.2622 0.1874 0.1059 0.3137
219 0.1350 0.1831 0.0412 0.0161 0.6245
220 0.0206 0.1779 0.4268 0.0577 0.3171
221 0.1364 0.4473 0.2588 0.0748 0.0828
222 0.0396 0.1617 0.1617 0.2837 0.3533
223 0.0065 0.5146 0.3823 0.0097 0.0867
224 0.0140 0.5264 0.3145 0.1231 0.0221
225 0.0100 0.1637 0.3411 0.0042 0.4810
226 0.0068 0.0141 0.0332 0.0043 0.9414
227 0.0303 0.1049 0.1125 0.0128 0.7393
228 0.0227 0.2170 0.1033 0.0287 0.6279
229 0.0399 0.2729 0.5601 0.0148 0.1121
230 0.0915 0.1968 0.2487 0.1631 0.3000
231 0.0616 0.1660 0.5273 0.0367 0.2083
232 0.0071 0.0091 0.0236 0.0042 0.9561
233 0.0461 0.3953 0.1781 0.1132 0.2673
234 0.0449 0.4868 0.2449 0.0701 0.1532
235 0.0515 0.5444 0.2235 0.0682 0.1124
236 0.0289 0.4973 0.3262 0.0466 0.1010
237 0.0414 0.4968 0.2876 0.0504 0.1237
238 0.0728 0.1887 0.3694 0.1381 0.2312
239 0.0331 0.1764 0.4434 0.2908 0.0564
240 0.0221 0.1619 0.4067 0.0614 0.3479
241 0.1053 0.1779 0.3735 0.2412 0.1021
242 0.0198 0.5029 0.4041 0.0324 0.0406
243 0.0618 0.0638 0.2686 0.1964 0.4094
244 0.0641 0.1525 0.2986 0.0829 0.4019
245 0.0132 0.2722 0.5854 0.0837 0.0452
246 0.0117 0.2800 0.4836 0.1836 0.0410
247 0.0433 0.6030 0.2289 0.0939 0.0307
248 0.1135 0.2311 0.5542 0.0545 0.0466
249 0.0632 0.1093 0.2791 0.1027 0.4458
250 0.0941 0.1190 0.1434 0.0716 0.5718
251 0.0858 0.1554 0.7075 0.0170 0.0341
252 0.0198 0.1833 0.7480 0.0221 0.0268
253 0.0081 0.2729 0.6548 0.0590 0.0051
254 0.0909 0.3623 0.3567 0.0494 0.1407
255 0.0059 0.1895 0.7729 0.0176 0.0139
256 0.0649 0.1779 0.3074 0.0490 0.4009
257 0.0665 0.2395 0.5791 0.0490 0.0660
258 0.0629 0.4070 0.3271 0.0522 0.1509
259 0.0244 0.5415 0.3840 0.0287 0.0213
260 0.0273 0.5449 0.3010 0.0651 0.0616
261 0.1216 0.4810 0.1561 0.1057 0.1356
262 0.0514 0.5840 0.1534 0.1488 0.0625
263 0.0407 0.5073 0.3596 0.0423 0.0502
264 0.0073 0.6392 0.2625 0.0717 0.0193
265 0.0270 0.4631 0.3962 0.0970 0.0167
266 0.0247 0.5757 0.3718 0.0116 0.0161
267 0.1912 0.2417 0.2825 0.2067 0.0779
268 0.1857 0.1317 0.3416 0.2384 0.1025
