time exciting_prob fearful_prob tense_prob sad_prob relaxing_prob
0 0.2037 0.2830 0.2496 0.2310 0.0327
1 0.2037 0.2830 0.2496 0.2310 0.0327
2 0.2122 0.1602 0.1349 0.4707 0.0222
3 0.0850 0.0222 0.0920 0.7700 0.0308
4 0.2563 0.3503 0.0463 0.3267 0.0204
5 0.5249 0.1731 0.0667 0.0919 0.1434
6 0.4060 0.0485 0.0745 0.4255 0.0456
7 0.0957 0.0007 0.0024 0.8799 0.0213
8 0.3445 0.0012 0.0031 0.6143 0.0372
9 0.3523 0.0012 0.0030 0.6089 0.0346
10 0.1437 0.1268 0.4224 0.2042 0.1027
11 0.2162 0.0937 0.4167 0.0718 0.2015
12 0.1484 0.4004 0.2773 0.0951 0.0789
13 0.2532 0.1881 0.4109 0.0939 0.0539
14 0.3638 0.2788 0.2461 0.0949 0.0164
15 0.0894 0.1556 0.6401 0.0937 0.0211
16 0.1577 0.3340 0.3696 0.1076 0.0311
17 0.1320 0.3557 0.2686 0.1790 0.0648
18 0.1299 0.3999 0.1995 0.2191 0.0516
19 0.1000 0.1912 0.3462 0.1560 0.2067
20 0.1198 0.4626 0.1974 0.1869 0.0333
21 0.1233 0.5312 0.2358 0.0916 0.0179
22 0.4338 0.0917 0.3921 0.0560 0.0265
23 0.2971 0.2140 0.2058 0.2107 0.0723
24 0.1366 0.2695 0.2473 0.1511 0.1956
25 0.1132 0.6118 0.1781 0.0737 0.0230
26 0.1499 0.3298 0.3511 0.1534 0.0157
27 0.1504 0.4150 0.2072 0.1786 0.0488
28 0.1849 0.5186 0.2489 0.0132 0.0342
29 0.2493 0.0862 0.5278 0.0630 0.0737
30 0.1796 0.3545 0.3176 0.1015 0.0468
31 0.2651 0.0952 0.2432 0.3623 0.0342
32 0.1326 0.1676 0.2742 0.3838 0.0417
33 0.1140 0.3428 0.3401 0.1311 0.0718
34 0.1941 0.4077 0.2019 0.0882 0.1080
35 0.2401 0.1945 0.1650 0.2896 0.1108
36 0.0840 0.2047 0.5435 0.1464 0.0212
37 0.0655 0.0611 0.0382 0.0309 0.8042
38 0.2722 0.1126 0.2172 0.3608 0.0371
39 0.0859 0.1604 0.3701 0.3672 0.0163
40 0.1918 0.6440 0.1328 0.0222 0.0093
41 0.1304 0.2003 0.4141 0.1809 0.0743
42 0.1958 0.0803 0.5576 0.1501 0.0161
43 0.2047 0.5874 0.1005 0.0807 0.0264
44 0.1219 0.2025 0.4746 0.1859 0.0150
45 0.2152 0.2439 0.2517 0.2720 0.0171
46 0.1411 0.3467 0.1550 0.3257 0.0315
47 0.5200 0.0034 0.0327 0.4377 0.0060
48 0.0410 0.1315 0.7930 0.0273 0.0073
49 0.2194 0.2930 0.1936 0.2708 0.0233
50 0.1537 0.0855 0.0330 0.0175 0.7104
51 0.2205 0.0756 0.0154 0.0095 0.6792
52 0.1902 0.0441 0.6138 0.1327 0.0193
53 0.1037 0.1820 0.6606 0.0479 0.0057
54 0.1901 0.1931 0.2876 0.3259 0.0035
55 0.1008 0.5537 0.1467 0.1798 0.0188
56 0.2139 0.1772 0.3286 0.2642 0.0161
57 0.2469 0.1333 0.3738 0.2113 0.0348
58 0.1913 0.1514 0.2476 0.3254 0.0842
59 0.1632 0.0930 0.1157 0.1594 0.4685
60 0.1290 0.2178 0.1078 0.5146 0.0309
61 0.2377 0.1442 0.3098 0.2957 0.0126
62 0.2316 0.1427 0.2158 0.2927 0.1173
63 0.0529 0.3091 0.1844 0.1542 0.2996
64 0.1638 0.3440 0.1588 0.3181 0.0151
65 0.1820 0.1070 0.0412 0.0093 0.6606
66 0.1298 0.2925 0.1815 0.3667 0.0294
67 0.1041 0.3206 0.3750 0.1638 0.0365
68 0.1451 0.1594 0.4871 0.0319 0.1764
69 0.0787 0.1505 0.5171 0.2349 0.0190
70 0.1399 0.1973 0.3152 0.3054 0.0423
71 0.4302 0.2820 0.1322 0.0116 0.1440
72 0.0984 0.1304 0.1853 0.5615 0.0243
73 0.1647 0.1823 0.2737 0.3276 0.0518
74 0.1813 0.1637 0.1914 0.3989 0.0646
75 0.1015 0.0454 0.0895 0.1420 0.6216
76 0.0775 0.0712 0.0311 0.0187 0.8018
77 0.1932 0.1887 0.2539 0.3445 0.0194
78 0.3481 0.1907 0.1805 0.2627 0.0179
79 0.2120 0.1162 0.3496 0.2559 0.0662
80 0.1943 0.2344 0.3279 0.2036 0.0398
81 0.0922 0.4133 0.3882 0.0770 0.0293
82 0.1956 0.2147 0.2510 0.3325 0.0060
83 0.1814 0.1704 0.4780 0.0781 0.0920
84 0.1915 0.1152 0.1799 0.0919 0.4216
85 0.1460 0.5298 0.1964 0.0529 0.0751
86 0.1830 0.0956 0.2993 0.3696 0.0524
87 0.1694 0.1309 0.3586 0.2881 0.0529
88 0.2114 0.2629 0.2490 0.2395 0.0370
89 0.0681 0.1686 0.6987 0.0334 0.0312
90 0.0662 0.1992 0.4780 0.2520 0.0046
91 0.1643 0.1907 0.1656 0.4434 0.0361
92 0.0540 0.1857 0.5542 0.1447 0.0612
93 0.0572 0.2371 0.6343 0.0529 0.0183
94 0.2415 0.2396 0.2590 0.1224 0.1376
95 0.1425 0.4709 0.2424 0.0485 0.0957
96 0.2252 0.1635 0.4014 0.1572 0.0527
97 0.4050 0.1675 0.3254 0.0330 0.0693
98 0.0106 0.0019 0.0039 0.0104 0.9731
99 0.3379 0.2935 0.1186 0.2377 0.0123
100 0.1024 0.3574 0.3130 0.1198 0.1074
101 0.0753 0.5029 0.2338 0.1271 0.0610
102 0.1523 0.0976 0.1345 0.5981 0.0176
103 0.0983 0.3054 0.4307 0.0433 0.1224
104 0.2688 0.2751 0.2448 0.0801 0.1310
105 0.1063 0.1986 0.3486 0.1766 0.1699
106 0.0342 0.0309 0.0649 0.0216 0.8486
107 0.0941 0.1198 0.2598 0.4592 0.0672
108 0.0342 0.0981 0.0951 0.0071 0.7656
109 0.0825 0.1318 0.1060 0.0746 0.6050
110 0.0108 0.2905 0.4292 0.2563 0.0132
111 0.0537 0.1155 0.2971 0.5215 0.0119
112 0.0323 0.1758 0.2944 0.4854 0.0121
113 0.2810 0.2330 0.1772 0.2832 0.0253
114 0.1726 0.1186 0.5151 0.1282 0.0655
115 0.1124 0.2399 0.4343 0.1304 0.0829
116 0.2415 0.1106 0.3711 0.1465 0.1302
117 0.2798 0.1864 0.3564 0.1292 0.0482
118 0.1986 0.2651 0.2512 0.2378 0.0472
119 0.1758 0.1552 0.3523 0.2422 0.0745
120 0.1752 0.0654 0.2842 0.4438 0.0314
121 0.3447 0.1146 0.3367 0.1775 0.0264
122 0.1971 0.0385 0.1660 0.3713 0.2269
123 0.2654 0.0947 0.2417 0.2201 0.1782
124 0.0849 0.1198 0.5581 0.1611 0.0761
125 0.1455 0.0310 0.1367 0.6626 0.0243
126 0.2727 0.1230 0.1578 0.0988 0.3477
127 0.0871 0.1666 0.3872 0.3364 0.0225
128 0.1036 0.2688 0.4792 0.1300 0.0182
129 0.0635 0.3655 0.4241 0.1355 0.0112
130 0.1869 0.3010 0.2939 0.1783 0.0398
131 0.2130 0.1272 0.1140 0.4800 0.0660
132 0.2832 0.1317 0.0532 0.3062 0.2257
133 0.0315 0.5156 0.2456 0.0261 0.1810
134 0.1667 0.2837 0.3423 0.1708 0.0366
135 0.2023 0.3108 0.3108 0.1562 0.0200
136 0.0931 0.2937 0.4275 0.1597 0.0259
137 0.0251 0.2134 0.2117 0.0803 0.4695
138 0.2028 0.1361 0.1761 0.1804 0.3044
139 0.1384 0.3621 0.3455 0.1375 0.0167
140 0.2006 0.1702 0.0704 0.1599 0.3989
141 0.0712 0.1935 0.6650 0.0328 0.0375
142 0.0869 0.2573 0.5752 0.0531 0.0273
143 0.1254 0.5073 0.3030 0.0464 0.0179
144 0.0972 0.1918 0.4709 0.1229 0.1172
145 0.1150 0.0731 0.2454 0.5527 0.0138
146 0.2174 0.2812 0.2140 0.2791 0.0082
147 0.3364 0.0972 0.2009 0.2683 0.0972
148 0.2487 0.0826 0.3618 0.2195 0.0873
149 0.2290 0.1057 0.5581 0.0677 0.0395
150 0.1941 0.1345 0.3433 0.1293 0.1987
151 0.0385 0.1622 0.7046 0.0507 0.0440
152 0.0292 0.1416 0.7188 0.0339 0.0764
153 0.1429 0.4302 0.2690 0.1343 0.0235
154 0.0879 0.2708 0.4128 0.2158 0.0129
155 0.1285 0.1785 0.2920 0.3604 0.0407
156 0.2690 0.1440 0.1096 0.2507 0.2266
157 0.0607 0.2346 0.4282 0.2346 0.0417
158 0.0525 0.1967 0.5605 0.0908 0.0997
159 0.0934 0.1552 0.5249 0.1338 0.0927
160 0.1083 0.2241 0.3901 0.1425 0.1349
161 0.1921 0.0833 0.1351 0.5142 0.0753
162 0.2661 0.0825 0.2295 0.3638 0.0580
163 0.1418 0.2866 0.1864 0.1671 0.2180
164 0.1621 0.3828 0.2800 0.1499 0.0251
165 0.1027 0.2542 0.2074 0.3213 0.1146
166 0.1597 0.2551 0.1097 0.2378 0.2378
167 0.1537 0.1549 0.2456 0.3926 0.0531
168 0.1095 0.0735 0.1848 0.5781 0.0542
169 0.1367 0.1410 0.1284 0.2634 0.3306
170 0.1438 0.1085 0.1077 0.2583 0.3818
171 0.1331 0.1819 0.1531 0.5059 0.0260
172 0.2888 0.1647 0.2216 0.2303 0.0945
173 0.3250 0.1063 0.1499 0.3652 0.0535
174 0.1501 0.1294 0.2739 0.4243 0.0223
175 0.2700 0.1401 0.2346 0.2556 0.0994
176 0.0861 0.1022 0.0888 0.0766 0.6460
177 0.1075 0.0942 0.0549 0.2139 0.5293
178 0.0336 0.1531 0.2316 0.0879 0.4939
179 0.1148 0.5649 0.0997 0.0596 0.1606
180 0.0798 0.2456 0.1729 0.0392 0.4626
181 0.0822 0.1809 0.4917 0.1686 0.0766
182 0.0825 0.2207 0.4636 0.1248 0.1084
183 0.3018 0.2661 0.3340 0.0787 0.0196
184 0.1794 0.3979 0.2130 0.1895 0.0201
185 0.1632 0.4651 0.2957 0.0573 0.0189
186 0.1128 0.4675 0.2225 0.1707 0.0266
187 0.1481 0.1771 0.1564 0.3013 0.2170
188 0.0923 0.2568 0.1683 0.4102 0.0724
189 0.0579 0.2515 0.3545 0.1648 0.1714
190 0.2122 0.1528 0.2620 0.3496 0.0234
191 0.0662 0.1538 0.3384 0.4214 0.0203
192 0.0418 0.0794 0.0674 0.7417 0.0695
193 0.2004 0.1636 0.3279 0.2964 0.0117
194 0.0632 0.0553 0.0688 0.7939 0.0187
195 0.1227 0.2366 0.3015 0.3235 0.0159
196 0.0610 0.0696 0.0624 0.6924 0.1148
197 0.1370 0.2520 0.0705 0.3840 0.1564
198 0.0500 0.1372 0.1094 0.5957 0.1077
199 0.1648 0.2939 0.1254 0.3774 0.0385
200 0.1375 0.1864 0.4800 0.1671 0.0290
201 0.1287 0.2137 0.4561 0.1759 0.0255
202 0.1613 0.1652 0.3838 0.2578 0.0320
203 0.2120 0.3110 0.2422 0.1901 0.0448
204 0.0094 0.1428 0.1670 0.6709 0.0097
205 0.0312 0.1316 0.7690 0.0401 0.0278
206 0.1908 0.1908 0.4988 0.0808 0.0388
207 0.2588 0.2712 0.2284 0.2146 0.0269
208 0.3337 0.2025 0.1887 0.2367 0.0383
209 0.0355 0.2410 0.1876 0.0893 0.4465
210 0.0894 0.3171 0.1176 0.4199 0.0560
211 0.0190 0.0859 0.1937 0.6553 0.0460
212 0.0191 0.0766 0.2612 0.6265 0.0166
213 0.0251 0.0553 0.3389 0.5586 0.0222
214 0.0326 0.0537 0.2280 0.6499 0.0358
215 0.0528 0.4282 0.3779 0.0500 0.0912
216 0.6006 0.1393 0.1077 0.0206 0.1320
217 0.0877 0.2366 0.1626 0.2188 0.2944
218 0.0850 0.1316 0.3992 0.1401 0.2440
219 0.2181 0.1398 0.2050 0.2800 0.1571
220 0.0374 0.2703 0.2788 0.0381 0.3752
221 0.0641 0.4419 0.2920 0.0405 0.1614
222 0.1085 0.0775 0.2074 0.5908 0.0156
223 0.2057 0.1902 0.3015 0.2500 0.0524
224 0.0198 0.4236 0.4875 0.0543 0.0146
225 0.1812 0.2964 0.2438 0.2637 0.0150
226 0.0315 0.1500 0.3030 0.0946 0.4209
227 0.3572 0.2117 0.2019 0.1661 0.0630
228 0.2700 0.2070 0.2239 0.1179 0.1813
229 0.0415 0.4192 0.3816 0.0613 0.0965
230 0.1599 0.2203 0.2169 0.2537 0.1490
231 0.1741 0.2512 0.1957 0.1674 0.2115
232 0.1362 0.0471 0.2795 0.4607 0.0764
233 0.0674 0.0894 0.0670 0.0894 0.6870
234 0.2037 0.2830 0.2496 0.2310 0.0327
