time exciting_prob fearful_prob tense_prob sad_prob relaxing_prob
0 0.2037 0.2830 0.2496 0.2310 0.0327
1 0.1947 0.0608 0.3418 0.3638 0.0389
2 0.2124 0.0679 0.3613 0.3501 0.0083
3 0.2018 0.0447 0.5444 0.2034 0.0059
4 0.2043 0.0826 0.5552 0.1506 0.0070
5 0.1599 0.0465 0.3130 0.4346 0.0458
6 0.4907 0.0782 0.2930 0.1250 0.0129
7 0.3708 0.1113 0.3074 0.2001 0.0104
8 0.4663 0.0750 0.2786 0.1625 0.0178
9 0.0553 0.2808 0.4929 0.1576 0.0134
10 0.1053 0.1967 0.4431 0.2335 0.0214
11 0.2240 0.1041 0.1083 0.4968 0.0667
12 0.2107 0.0995 0.2664 0.3640 0.0594
13 0.1305 0.2291 0.3083 0.3281 0.0039
14 0.2612 0.2131 0.3459 0.1726 0.0072
15 0.0667 0.0380 0.7056 0.1870 0.0026
16 0.1686 0.0201 0.5439 0.2491 0.0181
17 0.0971 0.0673 0.5718 0.2539 0.0098
18 0.4822 0.1578 0.1903 0.1426 0.0270
19 0.2114 0.2358 0.4475 0.0790 0.0263
20 0.2051 0.0784 0.5889 0.0992 0.0286
21 0.3262 0.1201 0.4124 0.0872 0.0541
22 0.1648 0.0910 0.5278 0.1648 0.0518
23 0.1016 0.0677 0.7051 0.1082 0.0174
24 0.1370 0.0805 0.6382 0.1002 0.0441
25 0.1721 0.1495 0.5342 0.0706 0.0734
26 0.2479 0.1296 0.5005 0.1002 0.0217
27 0.2771 0.0839 0.5098 0.0729 0.0563
28 0.4434 0.0908 0.3269 0.0724 0.0664
29 0.2837 0.1035 0.4292 0.1404 0.0432
30 0.2133 0.1366 0.3057 0.2201 0.1245
31 0.1963 0.1448 0.4973 0.1328 0.0287
32 0.1251 0.1078 0.7139 0.0361 0.0169
33 0.2969 0.1665 0.3694 0.1348 0.0325
34 0.1204 0.0413 0.7979 0.0342 0.0064
35 0.0809 0.0640 0.7563 0.0645 0.0343
36 0.2507 0.1241 0.0915 0.5225 0.0115
37 0.1847 0.2280 0.1891 0.3879 0.0102
38 0.1240 0.0880 0.5962 0.1682 0.0235
39 0.1365 0.0778 0.5317 0.2065 0.0475
40 0.2010 0.0812 0.4749 0.2075 0.0352
41 0.3450 0.0922 0.3821 0.1450 0.0358
42 0.3569 0.1234 0.1323 0.3433 0.0440
43 0.0717 0.0412 0.8203 0.0643 0.0025
44 0.0477 0.0312 0.8716 0.0401 0.0093
45 0.1044 0.1891 0.5562 0.1362 0.0142
46 0.0342 0.2795 0.1279 0.5557 0.0025
47 0.1370 0.0750 0.5415 0.2056 0.0408
48 0.1504 0.0562 0.0699 0.7061 0.0173
49 0.2981 0.1398 0.0961 0.4512 0.0150
50 0.1127 0.0762 0.0934 0.7124 0.0054
51 0.3489 0.0503 0.4275 0.1421 0.0312
52 0.2178 0.0309 0.3884 0.3120 0.0509
53 0.2971 0.1591 0.4062 0.1111 0.0264
54 0.2039 0.0721 0.4929 0.2103 0.0207
55 0.2125 0.0432 0.4326 0.2815 0.0301
56 0.0593 0.1914 0.1975 0.5454 0.0063
57 0.3472 0.2482 0.1339 0.2561 0.0146
58 0.1028 0.1270 0.3850 0.3760 0.0094
59 0.1144 0.0689 0.6436 0.1541 0.0193
60 0.1230 0.0852 0.6396 0.1461 0.0061
61 0.1661 0.1284 0.3774 0.1399 0.1882
62 0.0905 0.1209 0.3667 0.1296 0.2922
63 0.0717 0.2502 0.5635 0.0858 0.0287
64 0.2306 0.2455 0.3008 0.2150 0.0083
65 0.2200 0.3127 0.3599 0.0961 0.0114
66 0.0934 0.1577 0.4934 0.2386 0.0168
67 0.1378 0.2037 0.5366 0.1057 0.0161
68 0.2046 0.0419 0.3823 0.3481 0.0231
69 0.2260 0.0844 0.4819 0.1963 0.0113
70 0.2612 0.0552 0.2871 0.3462 0.0503
71 0.1378 0.1151 0.5713 0.1226 0.0535
72 0.1472 0.1951 0.4866 0.1580 0.0132
73 0.1240 0.1617 0.0820 0.6006 0.0316
74 0.0699 0.2312 0.5723 0.1227 0.0040
75 0.0272 0.0683 0.1470 0.7461 0.0115
76 0.1447 0.1306 0.3779 0.3232 0.0234
77 0.1036 0.0974 0.5869 0.1951 0.0169
78 0.0492 0.0787 0.8135 0.0492 0.0096
79 0.1268 0.1415 0.4568 0.2445 0.0304
80 0.0750 0.0652 0.7573 0.0798 0.0225
81 0.0422 0.0702 0.5742 0.3025 0.0109
82 0.4919 0.0142 0.1324 0.3435 0.0179
83 0.6299 0.0187 0.1384 0.2111 0.0018
84 0.4155 0.0287 0.2405 0.3088 0.0064
85 0.3020 0.0965 0.0695 0.5220 0.0103
86 0.0543 0.0790 0.7324 0.1205 0.0135
87 0.1106 0.1124 0.5317 0.1781 0.0671
88 0.1033 0.0978 0.6377 0.1327 0.0282
89 0.0954 0.0772 0.6724 0.1187 0.0362
90 0.1484 0.1270 0.5181 0.1907 0.0158
91 0.0403 0.0353 0.8032 0.1053 0.0158
92 0.0721 0.1083 0.7759 0.0374 0.0064
93 0.1515 0.0417 0.4666 0.2830 0.0575
94 0.1353 0.0551 0.6157 0.1658 0.0281
95 0.0930 0.0416 0.7148 0.1333 0.0172
96 0.2119 0.0465 0.4702 0.2256 0.0458
97 0.1100 0.0500 0.6382 0.1576 0.0441
98 0.2781 0.1273 0.1572 0.4016 0.0356
99 0.0610 0.0991 0.0703 0.7671 0.0024
100 0.2146 0.3296 0.1194 0.3271 0.0092
101 0.2352 0.3240 0.1102 0.3240 0.0066
102 0.0729 0.3372 0.5063 0.0814 0.0024
103 0.6851 0.1238 0.1042 0.0504 0.0366
104 0.2050 0.0784 0.4270 0.2715 0.0182
105 0.1598 0.0607 0.5322 0.2399 0.0074
106 0.1259 0.0717 0.3940 0.4001 0.0082
107 0.5938 0.0883 0.1346 0.1501 0.0330
108 0.7026 0.0648 0.0623 0.1555 0.0147
109 0.3279 0.0218 0.2474 0.3330 0.0698
110 0.6987 0.0382 0.1431 0.1080 0.0118
111 0.8032 0.0446 0.0475 0.0916 0.0130
112 0.8169 0.0670 0.0142 0.0273 0.0748
113 0.7070 0.0268 0.0355 0.1707 0.0599
114 0.2849 0.2202 0.1549 0.2534 0.0862
115 0.4888 0.1813 0.1716 0.0926 0.0657
116 0.3240 0.0124 0.4160 0.2158 0.0321
117 0.5703 0.1097 0.2286 0.0556 0.0356
118 0.4724 0.1375 0.3098 0.0625 0.0178
119 0.2087 0.2023 0.4216 0.1504 0.0169
120 0.4258 0.0914 0.1506 0.2333 0.0988
121 0.3884 0.0624 0.2668 0.2179 0.0644
122 0.3369 0.0375 0.5732 0.0471 0.0054
123 0.4736 0.1090 0.2698 0.1160 0.0315
124 0.3030 0.2590 0.3711 0.0351 0.0317
125 0.2209 0.1416 0.5732 0.0505 0.0137
126 0.4448 0.1335 0.2363 0.1411 0.0441
127 0.4954 0.0645 0.3711 0.0426 0.0265
128 0.2559 0.0441 0.5635 0.1058 0.0308
129 0.4170 0.1476 0.2866 0.0983 0.0506
130 0.3359 0.0583 0.2419 0.3154 0.0484
131 0.3774 0.0544 0.2168 0.3130 0.0385
132 0.4758 0.1053 0.2179 0.1005 0.1005
133 0.1285 0.1226 0.5991 0.1236 0.0263
134 0.5005 0.1914 0.1143 0.0993 0.0947
135 0.4741 0.1886 0.1266 0.0727 0.1379
136 0.3057 0.0476 0.4243 0.1882 0.0343
137 0.2927 0.0486 0.2175 0.4001 0.0409
138 0.4092 0.1003 0.2812 0.1732 0.0360
139 0.1449 0.0238 0.7021 0.1011 0.0279
140 0.0731 0.0645 0.6621 0.0854 0.1150
141 0.0430 0.0241 0.3381 0.0953 0.4995
142 0.3904 0.0763 0.3965 0.0787 0.0580
143 0.2438 0.0767 0.4773 0.1587 0.0434
144 0.0670 0.0808 0.7202 0.0475 0.0847
145 0.1047 0.1187 0.6831 0.0472 0.0465
146 0.1331 0.2583 0.3586 0.2280 0.0219
147 0.2189 0.0431 0.4780 0.1731 0.0870
148 0.2340 0.1333 0.5439 0.0494 0.0391
149 0.2286 0.1597 0.5317 0.0461 0.0340
150 0.5259 0.1630 0.2075 0.0865 0.0170
151 0.0443 0.0708 0.1597 0.6934 0.0319
152 0.1306 0.0677 0.7754 0.0208 0.0054
153 0.1522 0.1985 0.4404 0.1924 0.0166
154 0.2671 0.0206 0.6406 0.0551 0.0167
155 0.1854 0.1512 0.6079 0.0495 0.0060
156 0.2196 0.1521 0.5923 0.0288 0.0073
157 0.2896 0.1478 0.4697 0.0515 0.0414
158 0.2280 0.2465 0.1775 0.3069 0.0412
159 0.0777 0.1820 0.6016 0.1332 0.0055
160 0.0638 0.2158 0.5869 0.1270 0.0066
161 0.2903 0.3999 0.2225 0.0663 0.0212
162 0.3472 0.2332 0.2747 0.1172 0.0276
163 0.5796 0.1810 0.1443 0.0646 0.0303
164 0.1725 0.0291 0.3767 0.0329 0.3887
165 0.1510 0.0468 0.4951 0.1583 0.1487
166 0.1421 0.0557 0.5039 0.1586 0.1399
167 0.4304 0.1132 0.3540 0.0345 0.0681
168 0.3804 0.1160 0.4377 0.0491 0.0170
169 0.3464 0.3926 0.1235 0.0211 0.1161
170 0.3455 0.3147 0.2000 0.1251 0.0146
171 0.2517 0.1327 0.3721 0.0566 0.1870
172 0.4868 0.1028 0.3071 0.0900 0.0133
173 0.5835 0.0847 0.1924 0.1272 0.0124
174 0.1534 0.1659 0.4236 0.2064 0.0506
175 0.1542 0.1519 0.5059 0.1542 0.0341
176 0.1865 0.0605 0.6611 0.0502 0.0416
177 0.3049 0.0413 0.6064 0.0361 0.0111
178 0.2524 0.0525 0.6250 0.0568 0.0135
179 0.0681 0.5522 0.2413 0.1354 0.0029
180 0.0859 0.2264 0.6157 0.0573 0.0147
181 0.0406 0.0534 0.8691 0.0168 0.0201
182 0.0553 0.0470 0.8657 0.0162 0.0160
183 0.0312 0.1049 0.5942 0.0437 0.2256
184 0.1219 0.0745 0.7354 0.0643 0.0040
185 0.3618 0.0546 0.2505 0.2952 0.0378
186 0.0439 0.0211 0.9023 0.0254 0.0072
187 0.0341 0.1173 0.7354 0.0349 0.0781
188 0.0147 0.1063 0.7549 0.1223 0.0018
189 0.1532 0.1232 0.6924 0.0248 0.0065
190 0.0169 0.2014 0.6919 0.0859 0.0039
191 0.0503 0.0139 0.8921 0.0187 0.0253
192 0.0185 0.2257 0.4968 0.1199 0.1390
193 0.0536 0.0492 0.7822 0.0891 0.0259
194 0.3865 0.0434 0.4736 0.0947 0.0017
195 0.0561 0.0278 0.8774 0.0176 0.0213
196 0.2212 0.1157 0.5737 0.0776 0.0118
197 0.0672 0.1649 0.7002 0.0602 0.0076
198 0.0291 0.1886 0.7227 0.0589 0.0006
199 0.0900 0.1736 0.5918 0.1103 0.0345
200 0.0369 0.0701 0.8403 0.0193 0.0334
201 0.0583 0.0946 0.7734 0.0391 0.0345
202 0.1147 0.0133 0.7480 0.0501 0.0740
203 0.1343 0.2888 0.5396 0.0209 0.0165
204 0.0998 0.1364 0.2888 0.2432 0.2319
205 0.0704 0.2700 0.6084 0.0451 0.0063
206 0.1059 0.3445 0.4858 0.0520 0.0117
207 0.2854 0.1218 0.3232 0.2578 0.0118
208 0.2180 0.1487 0.3027 0.3171 0.0133
209 0.0505 0.1617 0.6704 0.1111 0.0064
210 0.1794 0.0815 0.2913 0.4441 0.0037
211 0.2095 0.0685 0.3374 0.3765 0.0081
212 0.0224 0.0391 0.1464 0.7788 0.0133
213 0.1145 0.1493 0.4822 0.2424 0.0117
214 0.6499 0.0140 0.2428 0.0788 0.0146
215 0.6084 0.0117 0.2308 0.1315 0.0178
216 0.3945 0.0833 0.4402 0.0526 0.0295
217 0.1906 0.1361 0.6152 0.0309 0.0275
218 0.1515 0.1401 0.5415 0.1317 0.0352
219 0.3423 0.3167 0.2666 0.0638 0.0107
220 0.3586 0.2043 0.3477 0.0638 0.0258
221 0.5723 0.0213 0.2073 0.1746 0.0244
222 0.5122 0.0257 0.3989 0.0351 0.0280
223 0.5830 0.0783 0.1779 0.1029 0.0577
224 0.6548 0.1362 0.1384 0.0533 0.0170
225 0.4309 0.0931 0.1410 0.2573 0.0778
226 0.4177 0.1598 0.1882 0.1622 0.0720
227 0.4912 0.0895 0.1940 0.1223 0.1030
228 0.3625 0.0917 0.3542 0.1205 0.0709
229 0.3882 0.2795 0.1342 0.0936 0.1045
230 0.3564 0.0468 0.1292 0.4233 0.0443
231 0.2961 0.0330 0.2695 0.3921 0.0093
232 0.1704 0.0352 0.3523 0.4250 0.0170
233 0.3159 0.0532 0.1692 0.4058 0.0558
234 0.1962 0.0138 0.3391 0.4421 0.0089
235 0.0814 0.0764 0.5430 0.2046 0.0944
236 0.0911 0.0579 0.6226 0.2186 0.0097
237 0.4180 0.1455 0.1598 0.2151 0.0616
238 0.4233 0.1364 0.1510 0.1893 0.0998
239 0.4648 0.0901 0.0680 0.3564 0.0207
240 0.4050 0.1742 0.2236 0.1884 0.0087
241 0.1742 0.1444 0.4519 0.1826 0.0469
242 0.6284 0.0549 0.1564 0.1403 0.0201
243 0.6504 0.0908 0.2179 0.0286 0.0122
244 0.2659 0.1316 0.2744 0.3059 0.0222
245 0.2457 0.1826 0.3132 0.2308 0.0276
246 0.2327 0.0721 0.1599 0.4773 0.0579
247 0.2034 0.2341 0.3982 0.1488 0.0153
248 0.0979 0.0355 0.5723 0.2876 0.0068
249 0.1940 0.0854 0.3147 0.3511 0.0547
250 0.1737 0.0923 0.2450 0.4507 0.0385
251 0.0521 0.0591 0.6655 0.2195 0.0038
252 0.6260 0.0446 0.2549 0.0635 0.0109
253 0.0934 0.0637 0.6582 0.1799 0.0048
254 0.0902 0.0211 0.8428 0.0423 0.0039
255 0.0261 0.1055 0.5708 0.2959 0.0018
256 0.2798 0.1406 0.4368 0.0542 0.0887
257 0.2142 0.1484 0.6011 0.0319 0.0045
258 0.1018 0.0306 0.1145 0.4060 0.3472
259 0.0781 0.0711 0.0734 0.7642 0.0130
260 0.4907 0.0385 0.3320 0.1130 0.0258
261 0.2229 0.0173 0.4792 0.2411 0.0393
262 0.2476 0.0184 0.6626 0.0491 0.0225
263 0.0934 0.1528 0.2725 0.4707 0.0107
264 0.2426 0.0099 0.6494 0.0812 0.0170
265 0.2023 0.0222 0.6953 0.0677 0.0125
266 0.4387 0.0066 0.3210 0.2206 0.0130
267 0.1637 0.0190 0.5537 0.2308 0.0330
268 0.3125 0.0640 0.5835 0.0258 0.0141
269 0.4653 0.0630 0.4270 0.0345 0.0103
270 0.4658 0.0749 0.3354 0.1056 0.0182
271 0.4600 0.0831 0.3418 0.1093 0.0057
272 0.3259 0.0338 0.4121 0.2104 0.0178
273 0.4668 0.1100 0.2944 0.0963 0.0325
274 0.4539 0.0701 0.3320 0.1147 0.0290
275 0.6416 0.0510 0.1910 0.0946 0.0219
276 0.2585 0.0820 0.0764 0.5649 0.0182
277 0.4575 0.0568 0.3049 0.1428 0.0379
278 0.4133 0.1213 0.4199 0.0337 0.0117
279 0.2467 0.0467 0.0915 0.4985 0.1166
280 0.0991 0.0235 0.7793 0.0784 0.0200
281 0.1682 0.0089 0.7422 0.0555 0.0250
282 0.2842 0.0197 0.5068 0.1724 0.0171
283 0.1445 0.0715 0.7397 0.0325 0.0116
284 0.1554 0.0537 0.7188 0.0618 0.0105
285 0.3772 0.0305 0.4209 0.1388 0.0325
286 0.1439 0.0464 0.4036 0.1998 0.2062
287 0.1470 0.0545 0.7407 0.0424 0.0156
288 0.2874 0.2421 0.3467 0.0941 0.0298
289 0.2961 0.2915 0.3152 0.0671 0.0300
290 0.1226 0.0269 0.6226 0.1840 0.0440
291 0.1995 0.1268 0.2369 0.4094 0.0274
292 0.1862 0.1722 0.3022 0.3320 0.0074
293 0.1592 0.1270 0.0629 0.6011 0.0501
294 0.3354 0.1989 0.1768 0.2803 0.0085
295 0.2820 0.1821 0.0840 0.4436 0.0081
296 0.4937 0.0800 0.3340 0.0892 0.0030
297 0.2233 0.0551 0.1880 0.5273 0.0062
298 0.2671 0.2267 0.4836 0.0195 0.0030
299 0.3408 0.1399 0.2100 0.2961 0.0131
300 0.2305 0.0703 0.6777 0.0171 0.0045
301 0.1306 0.3135 0.4705 0.0805 0.0048
302 0.1866 0.2050 0.5073 0.0968 0.0042
303 0.0787 0.2881 0.5640 0.0663 0.0027
304 0.2632 0.3076 0.2234 0.1881 0.0176
305 0.2427 0.1555 0.4827 0.0907 0.0283
306 0.3176 0.3030 0.2593 0.1039 0.0162
307 0.3069 0.1450 0.5063 0.0358 0.0061
308 0.2883 0.0853 0.3882 0.2144 0.0239
309 0.3911 0.1605 0.4329 0.0107 0.0049
310 0.2484 0.1210 0.6147 0.0118 0.0039
311 0.2006 0.0693 0.1049 0.6177 0.0077
312 0.2080 0.1985 0.2357 0.3511 0.0068
313 0.1923 0.0982 0.0741 0.6304 0.0051
314 0.1602 0.2661 0.3311 0.2223 0.0204
315 0.2642 0.2500 0.2539 0.2090 0.0229
316 0.1299 0.1472 0.4260 0.2837 0.0132
317 0.1345 0.1958 0.4177 0.2437 0.0082
318 0.1433 0.2325 0.4885 0.1284 0.0074
319 0.1355 0.1987 0.4141 0.2416 0.0100
320 0.2573 0.2325 0.2052 0.2805 0.0243
321 0.1971 0.2913 0.2715 0.2251 0.0147
322 0.1523 0.2891 0.2018 0.3328 0.0243
323 0.3118 0.2795 0.2045 0.1669 0.0375
324 0.2424 0.1035 0.3162 0.3162 0.0215
325 0.2732 0.2094 0.2908 0.1982 0.0286
326 0.4253 0.2423 0.2423 0.0637 0.0264
327 0.3577 0.2786 0.2458 0.0955 0.0222
328 0.5376 0.2137 0.1154 0.0864 0.0470
329 0.2585 0.1405 0.0735 0.4983 0.0292
