time exciting_prob fearful_prob tense_prob sad_prob relaxing_prob
0 0.2037 0.2830 0.2496 0.2310 0.0327
1 0.0607 0.0503 0.3604 0.5161 0.0125
2 0.0689 0.1182 0.2278 0.5728 0.0126
3 0.0785 0.1024 0.2236 0.5801 0.0152
4 0.1913 0.1501 0.2849 0.3179 0.0561
5 0.0707 0.2732 0.2954 0.3564 0.0040
6 0.0530 0.2469 0.1671 0.5229 0.0102
7 0.0622 0.2637 0.2722 0.3838 0.0181
8 0.0642 0.0964 0.3110 0.5210 0.0075
9 0.1290 0.0490 0.1461 0.6650 0.0107
10 0.2203 0.0919 0.2103 0.4629 0.0145
11 0.1046 0.1498 0.3594 0.3765 0.0098
12 0.0581 0.0600 0.4229 0.4570 0.0020
13 0.0632 0.4670 0.2461 0.2172 0.0066
14 0.1224 0.0543 0.2454 0.5615 0.0163
15 0.0770 0.2246 0.3821 0.2886 0.0277
16 0.1079 0.2756 0.4688 0.1407 0.0071
17 0.2319 0.2338 0.3945 0.0894 0.0505
18 0.1216 0.2656 0.3804 0.1913 0.0414
19 0.0643 0.1694 0.6201 0.1340 0.0123
20 0.0482 0.3945 0.4614 0.0814 0.0144
21 0.0414 0.1423 0.2661 0.5288 0.0212
22 0.2920 0.2274 0.2310 0.2007 0.0488
23 0.1206 0.0677 0.3894 0.1284 0.2939
24 0.0717 0.3262 0.3997 0.0787 0.1238
25 0.1119 0.0972 0.2091 0.5425 0.0393
26 0.0764 0.0390 0.4062 0.4675 0.0107
27 0.1057 0.2517 0.2598 0.3335 0.0496
28 0.0421 0.2966 0.6479 0.0084 0.0051
29 0.1234 0.0828 0.4478 0.3276 0.0186
30 0.1487 0.0573 0.2064 0.5791 0.0087
31 0.1169 0.1989 0.4019 0.1840 0.0984
32 0.0623 0.2012 0.4395 0.2927 0.0046
33 0.0143 0.2532 0.6992 0.0164 0.0167
34 0.3318 0.1004 0.3586 0.1891 0.0201
35 0.3357 0.0754 0.1810 0.3955 0.0125
36 0.1782 0.0303 0.0977 0.5981 0.0954
37 0.0158 0.1245 0.8369 0.0070 0.0156
38 0.1506 0.0690 0.2227 0.5513 0.0067
39 0.2234 0.0784 0.2034 0.4878 0.0070
40 0.2676 0.1304 0.3955 0.1973 0.0093
41 0.1076 0.1318 0.5298 0.1110 0.1200
42 0.1322 0.0629 0.1406 0.6606 0.0035
43 0.1720 0.1693 0.3064 0.3367 0.0156
44 0.2426 0.3999 0.1693 0.1720 0.0164
45 0.1528 0.0818 0.4089 0.3235 0.0328
46 0.2515 0.1207 0.1840 0.4277 0.0161
47 0.1455 0.0465 0.2805 0.5161 0.0113
48 0.0804 0.4810 0.3254 0.1049 0.0083
49 0.0994 0.1493 0.5210 0.1887 0.0414
50 0.1197 0.3279 0.3774 0.1265 0.0484
51 0.1965 0.0274 0.2333 0.5259 0.0169
52 0.1987 0.1548 0.3079 0.3276 0.0109
53 0.1323 0.1063 0.6118 0.0742 0.0754
54 0.1432 0.1324 0.3435 0.3657 0.0153
55 0.2079 0.0901 0.3765 0.2546 0.0707
56 0.1293 0.1488 0.5444 0.1583 0.0194
57 0.1039 0.2035 0.5278 0.1466 0.0183
58 0.0951 0.3452 0.4297 0.0256 0.1045
59 0.1711 0.2693 0.4438 0.0610 0.0547
60 0.0455 0.2742 0.5454 0.0963 0.0389
61 0.0700 0.0899 0.6641 0.0831 0.0928
62 0.0192 0.1879 0.7202 0.0610 0.0116
63 0.0595 0.2505 0.6704 0.0119 0.0077
64 0.0279 0.1763 0.5693 0.2126 0.0140
65 0.0461 0.4104 0.4438 0.0847 0.0148
66 0.0691 0.5029 0.3003 0.0439 0.0840
67 0.0636 0.3132 0.4702 0.1434 0.0097
68 0.0591 0.1967 0.3616 0.3560 0.0266
69 0.0710 0.3494 0.2942 0.2637 0.0220
70 0.0850 0.4087 0.2898 0.2024 0.0140
71 0.0548 0.3357 0.3057 0.2961 0.0078
72 0.0485 0.3613 0.2445 0.3342 0.0116
73 0.0420 0.3379 0.2715 0.3379 0.0105
74 0.0640 0.4956 0.3149 0.1141 0.0115
75 0.0654 0.4070 0.2930 0.2212 0.0135
76 0.0636 0.2830 0.5122 0.1236 0.0177
77 0.0704 0.5083 0.3130 0.0890 0.0194
78 0.0525 0.3118 0.3071 0.3118 0.0168
79 0.0757 0.3909 0.2644 0.2408 0.0281
80 0.0596 0.2000 0.5269 0.2031 0.0107
81 0.0787 0.2703 0.4121 0.2104 0.0285
82 0.0613 0.2812 0.3726 0.2683 0.0169
83 0.0879 0.4534 0.3267 0.1012 0.0309
84 0.1295 0.3928 0.3108 0.1445 0.0223
85 0.0773 0.3254 0.2742 0.3010 0.0220
86 0.0468 0.2266 0.4949 0.2196 0.0120
87 0.0439 0.1969 0.2001 0.5439 0.0153
88 0.0939 0.2715 0.2590 0.3486 0.0267
89 0.0476 0.4590 0.2004 0.2783 0.0146
90 0.1111 0.1949 0.2625 0.3818 0.0497
91 0.0977 0.2418 0.2134 0.4312 0.0159
92 0.1116 0.3491 0.3774 0.1324 0.0293
93 0.0513 0.2338 0.3508 0.3455 0.0186
94 0.2524 0.4004 0.0873 0.1936 0.0664
95 0.0542 0.1862 0.3479 0.3762 0.0356
96 0.0281 0.0509 0.4395 0.3938 0.0879
97 0.1554 0.2444 0.2522 0.1578 0.1903
98 0.1172 0.2683 0.3845 0.1371 0.0928
99 0.1343 0.1779 0.5068 0.1046 0.0765
100 0.1444 0.2656 0.3748 0.1490 0.0662
101 0.0998 0.4541 0.2546 0.1632 0.0281
102 0.0546 0.2905 0.5513 0.0989 0.0044
103 0.0646 0.2440 0.5854 0.0898 0.0161
104 0.0724 0.3508 0.4504 0.1104 0.0158
105 0.1075 0.1857 0.2206 0.4524 0.0338
106 0.0263 0.2534 0.5200 0.1974 0.0029
107 0.1204 0.2395 0.3711 0.2250 0.0440
108 0.1392 0.2295 0.3904 0.2123 0.0287
109 0.0925 0.2986 0.4146 0.1598 0.0346
110 0.0743 0.1455 0.4998 0.2324 0.0480
111 0.0886 0.1907 0.4792 0.2094 0.0321
112 0.0704 0.2203 0.3633 0.3257 0.0202
113 0.1589 0.1470 0.2747 0.3694 0.0500
114 0.1941 0.4172 0.2959 0.0665 0.0263
115 0.1027 0.2834 0.4060 0.1693 0.0384
116 0.0675 0.1779 0.2015 0.5391 0.0140
117 0.0591 0.1851 0.5610 0.1793 0.0154
118 0.0699 0.2988 0.4087 0.2153 0.0073
119 0.1201 0.3164 0.3938 0.1339 0.0358
120 0.1021 0.1251 0.4231 0.3145 0.0353
121 0.1311 0.0735 0.5693 0.2030 0.0228
122 0.0906 0.0728 0.5908 0.2350 0.0108
123 0.3040 0.1963 0.2725 0.2224 0.0049
124 0.1395 0.2374 0.3401 0.2732 0.0099
125 0.0869 0.4998 0.2150 0.1927 0.0056
126 0.1103 0.1791 0.2905 0.4097 0.0103
127 0.1218 0.2598 0.1171 0.4929 0.0085
128 0.0980 0.1183 0.2666 0.5137 0.0034
129 0.2651 0.2415 0.2415 0.2415 0.0103
130 0.1755 0.0897 0.5581 0.1598 0.0171
131 0.1428 0.1406 0.6064 0.0997 0.0104
132 0.2644 0.0613 0.3906 0.2771 0.0068
133 0.1233 0.1583 0.3679 0.3457 0.0047
134 0.2551 0.0578 0.5576 0.1168 0.0127
135 0.1262 0.0601 0.2113 0.5928 0.0096
136 0.1686 0.0771 0.3250 0.4236 0.0058
137 0.3496 0.0905 0.2024 0.3442 0.0131
138 0.1931 0.3208 0.3992 0.0699 0.0170
139 0.2020 0.3660 0.1755 0.2515 0.0050
140 0.0819 0.2262 0.0914 0.5962 0.0043
141 0.0613 0.0745 0.7070 0.1505 0.0066
142 0.1649 0.0688 0.2942 0.4148 0.0575
143 0.0710 0.3206 0.4666 0.1125 0.0294
144 0.2688 0.1212 0.3674 0.2161 0.0264
145 0.1599 0.0817 0.5239 0.2052 0.0291
146 0.0842 0.0766 0.7271 0.0924 0.0200
147 0.0668 0.1229 0.7646 0.0412 0.0047
148 0.1726 0.1674 0.5752 0.0692 0.0158
149 0.1406 0.2430 0.2145 0.3884 0.0134
150 0.4150 0.1237 0.2222 0.2256 0.0135
151 0.1925 0.0494 0.2891 0.4619 0.0070
152 0.0527 0.0842 0.5664 0.2937 0.0032
153 0.0385 0.0639 0.4504 0.4434 0.0037
154 0.2930 0.1631 0.3372 0.1709 0.0361
155 0.4377 0.2235 0.2020 0.0278 0.1089
156 0.1434 0.2458 0.2402 0.1266 0.2440
157 0.1636 0.1090 0.4243 0.2456 0.0574
158 0.1917 0.0594 0.3311 0.3994 0.0185
159 0.2810 0.2258 0.2703 0.1873 0.0355
160 0.1367 0.2456 0.3955 0.1840 0.0383
161 0.1779 0.1849 0.2179 0.4136 0.0056
162 0.1420 0.1262 0.2322 0.4690 0.0305
163 0.0630 0.1141 0.3201 0.4956 0.0071
164 0.0581 0.0858 0.2174 0.6294 0.0094
165 0.2759 0.1713 0.2869 0.2571 0.0090
166 0.0826 0.2158 0.5869 0.1102 0.0045
167 0.1832 0.1259 0.3318 0.3066 0.0525
168 0.0903 0.1432 0.1283 0.6318 0.0066
169 0.0643 0.1405 0.4065 0.3643 0.0244
170 0.4153 0.0728 0.2223 0.2725 0.0172
171 0.0597 0.0447 0.1000 0.7622 0.0335
172 0.0667 0.0500 0.5898 0.2742 0.0193
173 0.4553 0.1422 0.2020 0.1573 0.0430
174 0.1100 0.2598 0.4778 0.1481 0.0043
175 0.2004 0.2939 0.1702 0.2676 0.0677
176 0.3081 0.1611 0.1455 0.3687 0.0166
177 0.2056 0.2480 0.2944 0.2137 0.0380
178 0.1769 0.1586 0.3357 0.3010 0.0278
179 0.2059 0.1394 0.4033 0.2142 0.0372
180 0.1129 0.1077 0.3069 0.4465 0.0258
181 0.1895 0.0923 0.3247 0.3857 0.0079
182 0.1333 0.1633 0.5151 0.1752 0.0133
183 0.1846 0.1004 0.5020 0.2059 0.0072
184 0.0873 0.3293 0.5557 0.0123 0.0153
185 0.2549 0.0828 0.5742 0.0670 0.0209
186 0.3462 0.2324 0.1356 0.2717 0.0140
187 0.1398 0.0640 0.1354 0.6562 0.0046
188 0.1804 0.2228 0.2625 0.3240 0.0103
189 0.0660 0.0543 0.1007 0.7676 0.0112
190 0.0942 0.1164 0.1404 0.6392 0.0099
191 0.1234 0.0461 0.1355 0.6831 0.0118
192 0.2803 0.0305 0.2715 0.4077 0.0101
193 0.1097 0.0903 0.1926 0.5981 0.0093
194 0.2368 0.0366 0.0957 0.6240 0.0070
195 0.2218 0.0531 0.1622 0.5576 0.0053
196 0.2103 0.0750 0.2103 0.4382 0.0662
197 0.5024 0.0591 0.2527 0.1556 0.0304
198 0.1738 0.0670 0.3052 0.3623 0.0916
199 0.2246 0.1877 0.3506 0.1819 0.0551
200 0.1907 0.1157 0.2842 0.3765 0.0331
201 0.2476 0.1755 0.4519 0.0918 0.0332
202 0.2169 0.2169 0.2786 0.2700 0.0175
203 0.2600 0.0264 0.5591 0.1172 0.0372
204 0.0676 0.0136 0.7612 0.1453 0.0123
205 0.3557 0.0839 0.4641 0.0764 0.0201
206 0.2896 0.0410 0.3333 0.3179 0.0184
207 0.2300 0.0231 0.5435 0.1709 0.0326
208 0.2150 0.0836 0.2035 0.4844 0.0134
209 0.0349 0.0247 0.1638 0.7695 0.0070
210 0.3181 0.1456 0.3230 0.1841 0.0291
211 0.1063 0.0665 0.4617 0.3325 0.0329
212 0.2170 0.1237 0.5288 0.0963 0.0343
213 0.3650 0.2129 0.2932 0.1166 0.0122
214 0.1698 0.1185 0.4617 0.2214 0.0286
215 0.0852 0.1340 0.4902 0.2751 0.0154
216 0.0720 0.2003 0.2115 0.5078 0.0085
217 0.1702 0.2400 0.2827 0.2964 0.0107
218 0.1935 0.0734 0.4644 0.2605 0.0084
219 0.1277 0.0532 0.4744 0.3159 0.0289
220 0.2000 0.2063 0.2932 0.1849 0.1157
221 0.1107 0.1057 0.3987 0.2534 0.1315
222 0.1422 0.1945 0.4592 0.1400 0.0641
223 0.1240 0.1617 0.4468 0.2246 0.0429
224 0.0860 0.1353 0.5352 0.2338 0.0098
225 0.0907 0.2544 0.5059 0.0922 0.0568
226 0.0766 0.1572 0.6318 0.1031 0.0314
227 0.0366 0.2279 0.4534 0.2664 0.0157
228 0.0703 0.1685 0.5190 0.2231 0.0192
229 0.1520 0.3022 0.3943 0.0853 0.0664
230 0.1151 0.1132 0.6519 0.0743 0.0457
231 0.1642 0.4392 0.2208 0.1119 0.0638
232 0.0873 0.4036 0.2773 0.1848 0.0471
233 0.0892 0.5508 0.1903 0.1119 0.0580
234 0.0125 0.2717 0.6831 0.0291 0.0032
235 0.0125 0.1221 0.8613 0.0032 0.0010
236 0.1305 0.0291 0.3955 0.4346 0.0103
237 0.1292 0.0436 0.5439 0.2651 0.0183
238 0.1137 0.0254 0.6543 0.1788 0.0279
239 0.0514 0.2000 0.7314 0.0131 0.0043
240 0.0318 0.1890 0.7593 0.0139 0.0061
241 0.0165 0.1748 0.7959 0.0103 0.0027
242 0.1193 0.0930 0.4646 0.3145 0.0086
243 0.0845 0.0746 0.6343 0.2028 0.0037
244 0.0793 0.1042 0.6045 0.2090 0.0029
245 0.1069 0.2729 0.6055 0.0106 0.0040
246 0.0617 0.2294 0.6333 0.0689 0.0066
247 0.0787 0.1666 0.3113 0.4321 0.0113
248 0.1235 0.2037 0.2917 0.3630 0.0178
249 0.1130 0.0952 0.2247 0.5391 0.0279
250 0.0683 0.1010 0.3809 0.4316 0.0181
251 0.1023 0.0991 0.2891 0.4995 0.0098
252 0.0936 0.0893 0.3020 0.4980 0.0169
253 0.1277 0.2040 0.3694 0.2703 0.0287
254 0.0648 0.0845 0.3669 0.4712 0.0124
255 0.0711 0.0745 0.4563 0.3843 0.0138
256 0.1550 0.2439 0.2291 0.3281 0.0437
257 0.5132 0.2791 0.0678 0.0706 0.0695
258 0.5039 0.3054 0.0640 0.0606 0.0661
259 0.5039 0.3054 0.0640 0.0606 0.0661
260 0.5039 0.3054 0.0640 0.0606 0.0661
261 0.4478 0.3030 0.0556 0.0841 0.1097
