time exciting_prob fearful_prob tense_prob sad_prob relaxing_prob
0 0.2037 0.2830 0.2496 0.2310 0.0327
1 0.2417 0.1254 0.4241 0.1796 0.0293
2 0.2130 0.3376 0.1698 0.2451 0.0342
3 0.2238 0.3662 0.1575 0.2152 0.0374
4 0.3237 0.3210 0.1680 0.1528 0.0344
5 0.1969 0.2507 0.1658 0.3538 0.0329
6 0.0062 0.0193 0.0457 0.0403 0.8887
7 0.0050 0.0205 0.0236 0.0068 0.9438
8 0.2729 0.2861 0.1331 0.2299 0.0782
9 0.0008 0.0049 0.0037 0.0026 0.9883
10 0.0036 0.0273 0.0209 0.0015 0.9468
11 0.2854 0.0553 0.0912 0.4561 0.1118
12 0.2236 0.1514 0.2134 0.3745 0.0371
13 0.1591 0.1565 0.5552 0.0728 0.0567
14 0.0220 0.0832 0.1329 0.0318 0.7300
15 0.0241 0.0984 0.2515 0.0136 0.6123
16 0.0095 0.0640 0.3301 0.0168 0.5796
17 0.0129 0.1720 0.4531 0.0198 0.3420
18 0.0153 0.1376 0.3857 0.0173 0.4441
19 0.0150 0.0349 0.0695 0.0077 0.8730
20 0.0051 0.0122 0.0185 0.0020 0.9624
21 0.0211 0.0815 0.2148 0.0101 0.6724
22 0.0165 0.0411 0.0648 0.0114 0.8662
23 0.0134 0.0603 0.1219 0.0096 0.7949
24 0.0207 0.1600 0.4705 0.0402 0.3086
25 0.0197 0.0847 0.1312 0.0209 0.7437
26 0.0112 0.3674 0.2126 0.0237 0.3850
27 0.0058 0.0361 0.0384 0.0035 0.9160
28 0.0510 0.2588 0.0998 0.0070 0.5835
29 0.0180 0.0668 0.0449 0.0176 0.8530
30 0.0462 0.1730 0.1390 0.0473 0.5947
31 0.0174 0.0913 0.1360 0.0428 0.7124
32 0.0602 0.5283 0.2363 0.0227 0.1526
33 0.1765 0.4236 0.1836 0.0881 0.1282
34 0.0834 0.3679 0.0736 0.3796 0.0953
35 0.1400 0.4521 0.1400 0.1855 0.0823
36 0.1588 0.3086 0.3208 0.1153 0.0964
37 0.0869 0.5000 0.3574 0.0305 0.0251
38 0.0605 0.2178 0.3481 0.3169 0.0568
39 0.0238 0.5713 0.3689 0.0253 0.0106
40 0.0421 0.2786 0.2457 0.2135 0.2202
41 0.0825 0.6392 0.2140 0.0435 0.0210
42 0.0737 0.7163 0.1661 0.0144 0.0296
43 0.2434 0.4692 0.2002 0.0158 0.0714
44 0.0733 0.2991 0.2479 0.2681 0.1118
45 0.0345 0.6504 0.2886 0.0096 0.0171
46 0.3665 0.0956 0.1287 0.3135 0.0956
47 0.0430 0.7808 0.1024 0.0476 0.0263
48 0.1632 0.4202 0.2510 0.1242 0.0416
49 0.1036 0.5098 0.1427 0.2211 0.0228
50 0.0541 0.6797 0.1902 0.0435 0.0325
51 0.0910 0.4919 0.1957 0.0784 0.1432
52 0.0967 0.4104 0.4541 0.0103 0.0286
53 0.0909 0.4653 0.1547 0.0237 0.2651
54 0.1749 0.4907 0.2467 0.0467 0.0409
55 0.0261 0.7881 0.1190 0.0608 0.0060
56 0.0513 0.5098 0.3848 0.0156 0.0387
57 0.0239 0.5483 0.3950 0.0271 0.0056
58 0.1094 0.2625 0.2524 0.3320 0.0435
59 0.0826 0.5430 0.2998 0.0493 0.0252
60 0.0540 0.4851 0.4148 0.0194 0.0267
61 0.0587 0.5234 0.2695 0.0601 0.0882
62 0.0141 0.3367 0.5552 0.0663 0.0276
63 0.0201 0.5176 0.3503 0.0609 0.0509
64 0.2236 0.4346 0.1598 0.0398 0.1422
65 0.0720 0.4304 0.2358 0.0630 0.1986
66 0.0402 0.0334 0.1404 0.1949 0.5913
67 0.1663 0.6274 0.0962 0.0636 0.0465
68 0.1571 0.5928 0.1302 0.0687 0.0510
69 0.1901 0.5630 0.1652 0.0652 0.0165
70 0.1693 0.5337 0.1616 0.0980 0.0372
71 0.1381 0.6235 0.1423 0.0528 0.0434
72 0.0271 0.6353 0.2161 0.0814 0.0403
73 0.0480 0.4243 0.4448 0.0404 0.0424
74 0.1350 0.4429 0.3115 0.0177 0.0928
75 0.1013 0.4946 0.1848 0.0789 0.1406
76 0.0295 0.5874 0.2410 0.0419 0.1005
77 0.0301 0.2186 0.6426 0.0515 0.0570
78 0.2240 0.1771 0.2205 0.2920 0.0864
79 0.2334 0.3191 0.1630 0.1904 0.0943
80 0.1671 0.3650 0.1969 0.2129 0.0582
81 0.1476 0.5317 0.1740 0.0772 0.0697
82 0.0549 0.1277 0.5996 0.1181 0.0995
83 0.0326 0.3967 0.3669 0.0360 0.1680
84 0.1866 0.1132 0.0766 0.5156 0.1080
85 0.2042 0.4158 0.0957 0.1816 0.1027
86 0.2250 0.2590 0.1672 0.3076 0.0413
87 0.1324 0.2515 0.2986 0.2676 0.0499
88 0.1210 0.1746 0.1528 0.5420 0.0095
89 0.1005 0.0713 0.4648 0.3145 0.0490
90 0.0432 0.3762 0.5181 0.0449 0.0175
91 0.0563 0.5264 0.2544 0.1289 0.0342
92 0.0464 0.3169 0.2391 0.3269 0.0707
93 0.0277 0.4722 0.3049 0.1849 0.0104
94 0.0228 0.3713 0.5840 0.0113 0.0104
95 0.1011 0.5342 0.2028 0.0996 0.0623
96 0.0757 0.4863 0.3394 0.0554 0.0432
97 0.1820 0.4436 0.2954 0.0413 0.0376
98 0.0838 0.1470 0.1541 0.1692 0.4458
99 0.2030 0.2864 0.2864 0.1556 0.0685
100 0.0959 0.4507 0.3650 0.0573 0.0309
101 0.0108 0.4575 0.5024 0.0221 0.0073
102 0.0302 0.5400 0.4077 0.0143 0.0075
103 0.1257 0.5093 0.1318 0.0599 0.1732
104 0.2827 0.4697 0.0842 0.0507 0.1125
105 0.0688 0.2037 0.5537 0.1422 0.0315
106 0.1897 0.1355 0.4514 0.1660 0.0574
107 0.0233 0.6719 0.2891 0.0111 0.0047
108 0.0631 0.2136 0.3521 0.3413 0.0298
109 0.0673 0.5947 0.2966 0.0238 0.0174
110 0.0982 0.6113 0.1750 0.0490 0.0665
111 0.0674 0.4192 0.2352 0.1543 0.1240
112 0.1081 0.3030 0.4048 0.0410 0.1432
113 0.1401 0.3550 0.3389 0.0844 0.0817
114 0.0414 0.5938 0.3435 0.0184 0.0031
115 0.0671 0.0875 0.1345 0.0226 0.6885
116 0.1138 0.3975 0.1005 0.0664 0.3218
117 0.0231 0.0686 0.8755 0.0138 0.0189
118 0.0944 0.3850 0.2605 0.0664 0.1936
119 0.1077 0.5142 0.3506 0.0150 0.0128
120 0.2242 0.3699 0.3115 0.0493 0.0452
121 0.0401 0.6079 0.3103 0.0293 0.0125
122 0.0161 0.5176 0.4031 0.0246 0.0384
123 0.0327 0.6475 0.2382 0.0407 0.0410
124 0.0268 0.5903 0.3469 0.0157 0.0202
125 0.0264 0.4365 0.4792 0.0478 0.0099
126 0.1302 0.2322 0.4407 0.1547 0.0423
127 0.0312 0.1910 0.2454 0.3860 0.1465
128 0.1930 0.2365 0.2681 0.1901 0.1125
129 0.0657 0.6694 0.1774 0.0608 0.0268
130 0.1187 0.3125 0.1699 0.0158 0.3831
131 0.0470 0.5767 0.3062 0.0562 0.0140
132 0.0657 0.6382 0.2222 0.0253 0.0488
133 0.1672 0.4915 0.2632 0.0146 0.0635
134 0.0370 0.2002 0.7212 0.0058 0.0359
135 0.1340 0.3315 0.3264 0.0800 0.1278
136 0.0100 0.4370 0.5352 0.0116 0.0061
137 0.1509 0.2229 0.2605 0.3193 0.0464
138 0.0443 0.4578 0.4041 0.0753 0.0185
139 0.0548 0.7397 0.1348 0.0612 0.0095
140 0.0127 0.2935 0.6826 0.0085 0.0029
141 0.0182 0.7373 0.2017 0.0385 0.0042
142 0.0204 0.1176 0.8354 0.0237 0.0027
143 0.0212 0.1669 0.2974 0.4980 0.0165
144 0.0415 0.4458 0.4529 0.0246 0.0352
145 0.1104 0.5347 0.3169 0.0204 0.0177
146 0.2352 0.3020 0.1192 0.1965 0.1472
147 0.1076 0.3213 0.4392 0.0533 0.0787
148 0.1379 0.4351 0.3469 0.0313 0.0488
149 0.0725 0.1672 0.7153 0.0370 0.0078
150 0.1548 0.3601 0.4412 0.0202 0.0239
151 0.0770 0.3374 0.5142 0.0573 0.0140
152 0.1857 0.3931 0.3779 0.0368 0.0067
153 0.0705 0.5332 0.1412 0.1266 0.1287
154 0.0430 0.4812 0.3254 0.0699 0.0804
155 0.0845 0.4260 0.2751 0.0352 0.1790
156 0.0775 0.3667 0.2854 0.0224 0.2480
157 0.0815 0.4236 0.4041 0.0400 0.0510
158 0.0403 0.4141 0.2181 0.3030 0.0247
159 0.0839 0.6245 0.1735 0.0879 0.0301
160 0.1476 0.2164 0.2778 0.3052 0.0530
161 0.1460 0.3396 0.2297 0.2603 0.0244
162 0.0391 0.1633 0.4441 0.3250 0.0286
163 0.0503 0.0910 0.6938 0.1205 0.0443
164 0.0712 0.1157 0.3733 0.4036 0.0361
165 0.0264 0.1530 0.7891 0.0140 0.0177
166 0.0307 0.2913 0.6567 0.0095 0.0119
167 0.0498 0.2415 0.6665 0.0235 0.0186
168 0.0295 0.5112 0.2452 0.1252 0.0888
169 0.0416 0.6821 0.2180 0.0185 0.0397
170 0.0600 0.0770 0.4363 0.3911 0.0358
171 0.0625 0.1780 0.7148 0.0314 0.0131
172 0.0456 0.4192 0.4392 0.0576 0.0384
173 0.0238 0.1372 0.2949 0.3787 0.1654
174 0.0402 0.5908 0.2834 0.0235 0.0623
175 0.0384 0.3762 0.2976 0.2281 0.0595
176 0.0136 0.4971 0.4387 0.0405 0.0103
177 0.0173 0.6357 0.3196 0.0135 0.0139
178 0.0056 0.4780 0.4780 0.0220 0.0166
179 0.0275 0.4478 0.4014 0.0784 0.0447
180 0.0126 0.6240 0.2769 0.0657 0.0210
181 0.0848 0.1714 0.3354 0.3984 0.0097
182 0.0236 0.0942 0.8525 0.0231 0.0063
183 0.0418 0.2878 0.5547 0.0756 0.0402
184 0.0128 0.2937 0.4766 0.1926 0.0243
185 0.1310 0.2300 0.2126 0.3562 0.0701
186 0.0281 0.2666 0.6104 0.0542 0.0409
187 0.0300 0.5801 0.2457 0.0925 0.0515
188 0.0138 0.6963 0.2561 0.0160 0.0181
189 0.0364 0.3596 0.4990 0.0471 0.0578
190 0.0192 0.3245 0.5186 0.0915 0.0464
191 0.0257 0.5586 0.3608 0.0477 0.0069
192 0.0958 0.4863 0.1708 0.1818 0.0653
193 0.0170 0.4324 0.3530 0.1542 0.0435
194 0.0273 0.5317 0.1987 0.1523 0.0896
195 0.1001 0.1049 0.4148 0.2477 0.1326
196 0.1604 0.2563 0.4429 0.0819 0.0585
197 0.1691 0.1469 0.5127 0.1180 0.0536
198 0.0869 0.4846 0.3384 0.0698 0.0205
199 0.2161 0.4907 0.2391 0.0179 0.0364
200 0.2756 0.3403 0.2981 0.0204 0.0655
201 0.0386 0.5762 0.3718 0.0040 0.0095
202 0.0453 0.1818 0.6968 0.0690 0.0072
203 0.1237 0.1588 0.2479 0.4351 0.0344
204 0.1394 0.4329 0.3191 0.0422 0.0664
205 0.0869 0.2717 0.6074 0.0216 0.0124
206 0.2437 0.1064 0.2515 0.2362 0.1624
207 0.0426 0.1283 0.7046 0.1080 0.0167
208 0.0894 0.2976 0.5303 0.0707 0.0119
209 0.0709 0.1344 0.6411 0.1365 0.0170
210 0.0500 0.4319 0.5049 0.0092 0.0041
211 0.1208 0.2969 0.4817 0.0898 0.0108
212 0.2639 0.1665 0.4219 0.1199 0.0276
213 0.2549 0.2214 0.4368 0.0802 0.0067
214 0.1489 0.1675 0.6367 0.0359 0.0110
215 0.2236 0.1586 0.4111 0.1410 0.0656
216 0.1298 0.2925 0.5337 0.0381 0.0062
217 0.3706 0.1486 0.2588 0.1737 0.0486
218 0.0778 0.2454 0.6216 0.0417 0.0135
219 0.0731 0.4143 0.4409 0.0656 0.0061
220 0.1802 0.2971 0.2388 0.2561 0.0278
221 0.0466 0.1136 0.3394 0.2947 0.2058
222 0.1958 0.0755 0.4695 0.1367 0.1225
223 0.0357 0.0462 0.8848 0.0320 0.0015
224 0.3079 0.1660 0.3433 0.1031 0.0797
225 0.1559 0.3076 0.3406 0.1768 0.0191
226 0.1708 0.2773 0.5142 0.0204 0.0175
227 0.3010 0.1399 0.4590 0.0487 0.0515
228 0.0350 0.1260 0.1497 0.5063 0.1833
229 0.0666 0.1561 0.1048 0.0454 0.6270
230 0.2539 0.3391 0.1732 0.1553 0.0787
231 0.4124 0.2368 0.1201 0.2074 0.0233
232 0.0450 0.2181 0.1547 0.4478 0.1344
233 0.1516 0.4492 0.2405 0.0793 0.0793
234 0.0126 0.4243 0.4243 0.1235 0.0151
235 0.0530 0.4368 0.1558 0.0246 0.3298
236 0.5664 0.2218 0.1142 0.0869 0.0108
237 0.2037 0.2830 0.2496 0.2310 0.0327
238 0.2177 0.2281 0.4131 0.1061 0.0350
239 0.2727 0.2815 0.2314 0.0988 0.1155
240 0.3096 0.1952 0.2195 0.0981 0.1777
241 0.1935 0.2563 0.3091 0.0845 0.1566
242 0.0866 0.4609 0.1166 0.1406 0.1952
243 0.0279 0.0901 0.0771 0.0258 0.7788
244 0.0150 0.0485 0.0408 0.0092 0.8867
245 0.0232 0.0817 0.0940 0.0616 0.7393
246 0.0202 0.2157 0.1578 0.0806 0.5254
247 0.2029 0.2861 0.2485 0.2299 0.0326
