time exciting_prob fearful_prob tense_prob sad_prob relaxing_prob
0 0.2029 0.2861 0.2485 0.2299 0.0326
1 0.2029 0.2861 0.2485 0.2299 0.0326
2 0.2029 0.2861 0.2485 0.2299 0.0326
3 0.0991 0.1293 0.2737 0.4917 0.0062
4 0.0977 0.0499 0.7568 0.0933 0.0022
5 0.4160 0.2158 0.2333 0.1173 0.0177
6 0.3381 0.1912 0.3103 0.1466 0.0138
7 0.2266 0.3564 0.2798 0.1078 0.0295
8 0.2438 0.2345 0.3154 0.1729 0.0333
9 0.2473 0.1488 0.2035 0.3713 0.0291
10 0.2600 0.0380 0.3901 0.2944 0.0173
11 0.7402 0.0424 0.0898 0.1135 0.0139
12 0.7598 0.0262 0.0183 0.1891 0.0068
13 0.8071 0.0197 0.0270 0.1403 0.0058
14 0.8032 0.0353 0.0665 0.0820 0.0131
15 0.4045 0.0382 0.1123 0.4109 0.0342
16 0.2900 0.0700 0.3611 0.2482 0.0308
17 0.4441 0.1214 0.3979 0.0253 0.0113
18 0.3665 0.1917 0.3840 0.0516 0.0063
19 0.4170 0.1985 0.3003 0.0759 0.0083
20 0.4204 0.1262 0.3682 0.0625 0.0226
21 0.5005 0.2537 0.2023 0.0371 0.0061
22 0.3901 0.1075 0.1786 0.3159 0.0078
23 0.5854 0.0313 0.0053 0.3335 0.0444
24 0.5854 0.0313 0.0053 0.3335 0.0444
25 0.5786 0.0311 0.0052 0.3401 0.0453
26 0.4622 0.0317 0.0051 0.4695 0.0317
27 0.1769 0.1294 0.3203 0.3687 0.0047
28 0.6509 0.1476 0.0635 0.0938 0.0443
29 0.6055 0.1394 0.0563 0.1495 0.0490
30 0.6265 0.0660 0.0889 0.1366 0.0822
31 0.4001 0.1642 0.0770 0.2544 0.1044
32 0.1454 0.0881 0.3274 0.3950 0.0440
33 0.1742 0.1400 0.4312 0.2053 0.0492
34 0.1168 0.0475 0.2181 0.5928 0.0247
35 0.5479 0.1658 0.0718 0.1835 0.0311
36 0.2668 0.0573 0.0614 0.5737 0.0409
37 0.4548 0.1476 0.0720 0.1881 0.1376
38 0.1006 0.0457 0.0938 0.7495 0.0100
39 0.3088 0.1733 0.1278 0.3113 0.0787
40 0.2817 0.0425 0.0718 0.5513 0.0525
41 0.3281 0.0579 0.0677 0.4851 0.0612
42 0.4929 0.1171 0.0926 0.2292 0.0683
43 0.3562 0.0538 0.1113 0.4102 0.0685
44 0.4409 0.0828 0.0991 0.2937 0.0835
45 0.1980 0.0812 0.2881 0.3474 0.0851
46 0.2087 0.0786 0.2402 0.3962 0.0762
47 0.2020 0.0897 0.2325 0.4019 0.0738
48 0.2211 0.0788 0.1416 0.4827 0.0758
49 0.2356 0.1821 0.1620 0.3594 0.0610
50 0.2957 0.1711 0.1272 0.3430 0.0630
51 0.2988 0.2203 0.0622 0.3748 0.0437
52 0.3723 0.1704 0.0979 0.2900 0.0694
53 0.3657 0.1274 0.1782 0.3127 0.0158
54 0.3801 0.2512 0.1387 0.2148 0.0152
55 0.2411 0.1710 0.1473 0.4231 0.0173
56 0.2288 0.3743 0.0992 0.2847 0.0129
57 0.3071 0.4795 0.0846 0.1139 0.0149
58 0.3318 0.1776 0.0586 0.4194 0.0128
59 0.3975 0.2487 0.0521 0.2886 0.0133
60 0.2437 0.1235 0.0583 0.5664 0.0078
61 0.3938 0.3315 0.0478 0.2191 0.0078
62 0.4814 0.2136 0.0677 0.2203 0.0169
63 0.5366 0.1783 0.0392 0.2290 0.0166
64 0.4734 0.2554 0.0626 0.1927 0.0159
65 0.2505 0.0493 0.0685 0.6196 0.0119
66 0.3186 0.1059 0.0751 0.4858 0.0144
67 0.4409 0.2183 0.0392 0.2512 0.0503
68 0.2290 0.0890 0.0454 0.6128 0.0238
69 0.3811 0.1458 0.0617 0.3665 0.0451
70 0.2883 0.1696 0.0776 0.4099 0.0546
71 0.4214 0.1550 0.0798 0.2786 0.0651
72 0.4773 0.2168 0.0829 0.1537 0.0693
73 0.4160 0.1720 0.0712 0.2837 0.0572
74 0.4050 0.1826 0.0743 0.2595 0.0786
75 0.5264 0.2773 0.0922 0.0505 0.0538
76 0.5688 0.1818 0.0734 0.1044 0.0717
77 0.5430 0.2245 0.0914 0.0833 0.0581
78 0.3745 0.1151 0.1049 0.3574 0.0480
79 0.3035 0.2556 0.0978 0.2966 0.0465
80 0.4624 0.2515 0.0889 0.1142 0.0829
81 0.2678 0.2537 0.1001 0.3181 0.0602
82 0.3225 0.1488 0.0748 0.4045 0.0491
83 0.3555 0.2482 0.1084 0.2313 0.0567
84 0.3328 0.1234 0.0784 0.4341 0.0314
85 0.3047 0.2732 0.0997 0.2754 0.0471
86 0.3174 0.2512 0.1334 0.2098 0.0881
87 0.4514 0.2217 0.0999 0.1293 0.0976
88 0.4585 0.2288 0.1168 0.1324 0.0635
89 0.3303 0.2051 0.1477 0.2288 0.0882
90 0.1656 0.3320 0.3193 0.1532 0.0295
91 0.1694 0.3940 0.1876 0.1617 0.0872
92 0.3428 0.2301 0.1300 0.2195 0.0776
93 0.3472 0.3086 0.1163 0.1238 0.1042
94 0.1593 0.4331 0.2646 0.0936 0.0493
95 0.2520 0.3994 0.1109 0.0934 0.1447
96 0.3330 0.0743 0.0767 0.4146 0.1016
97 0.5220 0.1776 0.0826 0.0740 0.1438
98 0.4407 0.1986 0.0968 0.1283 0.1355
99 0.4617 0.1621 0.0665 0.1699 0.1398
100 0.3933 0.2241 0.1209 0.1653 0.0964
101 0.3828 0.2590 0.1063 0.1851 0.0670
102 0.2056 0.3037 0.0986 0.2854 0.1066
103 0.2532 0.2673 0.0828 0.3252 0.0714
104 0.3052 0.2891 0.0834 0.2612 0.0611
105 0.2216 0.3652 0.1323 0.2164 0.0645
106 0.1604 0.1119 0.0706 0.5684 0.0886
107 0.3901 0.2559 0.0994 0.1887 0.0657
108 0.2844 0.2377 0.0902 0.3027 0.0848
109 0.3901 0.2349 0.0979 0.2139 0.0632
110 0.1602 0.1947 0.0831 0.4973 0.0647
111 0.2983 0.2306 0.1124 0.3054 0.0531
112 0.3755 0.1448 0.0920 0.3213 0.0663
113 0.3652 0.2130 0.1046 0.2471 0.0703
114 0.2247 0.1820 0.1473 0.3293 0.1166
115 0.2067 0.1635 0.0332 0.5532 0.0436
116 0.3928 0.2556 0.0817 0.2169 0.0532
117 0.4421 0.3962 0.0751 0.0622 0.0244
118 0.3748 0.2363 0.1125 0.2419 0.0346
119 0.3027 0.2981 0.1262 0.2396 0.0332
120 0.3757 0.1761 0.0467 0.3613 0.0399
121 0.2471 0.3430 0.1583 0.2080 0.0436
122 0.1858 0.1328 0.0745 0.5815 0.0255
123 0.1827 0.1390 0.1256 0.5044 0.0480
124 0.1641 0.0331 0.1146 0.6592 0.0292
125 0.1382 0.1505 0.3064 0.3696 0.0352
126 0.2712 0.0518 0.2356 0.4199 0.0214
127 0.1837 0.0447 0.0909 0.6118 0.0687
128 0.2578 0.1390 0.0891 0.4705 0.0438
129 0.2281 0.1184 0.2688 0.3674 0.0171
130 0.3809 0.2007 0.1033 0.2786 0.0366
131 0.2905 0.2407 0.0914 0.3342 0.0432
132 0.1764 0.0534 0.0551 0.6655 0.0494
133 0.1792 0.1046 0.0847 0.5923 0.0394
134 0.4260 0.1655 0.0572 0.2905 0.0605
135 0.2930 0.0690 0.1061 0.4907 0.0412
136 0.5088 0.1602 0.0941 0.2008 0.0360
137 0.3052 0.0400 0.1105 0.5190 0.0249
138 0.2649 0.1322 0.2712 0.3220 0.0098
139 0.3542 0.1177 0.1584 0.3542 0.0153
140 0.4199 0.1556 0.0901 0.2842 0.0501
141 0.3101 0.2018 0.1511 0.2822 0.0547
142 0.3049 0.0861 0.1375 0.4438 0.0277
143 0.3137 0.1470 0.0885 0.4060 0.0448
144 0.3250 0.1686 0.1355 0.3301 0.0407
145 0.2155 0.0562 0.2559 0.4153 0.0571
146 0.2124 0.1415 0.3188 0.2603 0.0668
147 0.1824 0.0522 0.2571 0.4656 0.0426
148 0.1305 0.0523 0.0354 0.5669 0.2151
149 0.1700 0.1206 0.0687 0.4624 0.1782
150 0.1310 0.1449 0.0679 0.4714 0.1847
151 0.1641 0.1350 0.1603 0.3877 0.1530
152 0.0654 0.0193 0.0367 0.8218 0.0568
153 0.2500 0.2639 0.0647 0.2385 0.1829
154 0.1356 0.1611 0.1688 0.3518 0.1825
155 0.1246 0.0380 0.0830 0.6528 0.1017
156 0.4355 0.2156 0.1641 0.1577 0.0270
157 0.4182 0.1401 0.1901 0.2328 0.0188
158 0.4795 0.1104 0.1953 0.2000 0.0148
159 0.4734 0.1151 0.2052 0.1973 0.0092
160 0.2494 0.1024 0.3862 0.2534 0.0087
161 0.3438 0.0817 0.3865 0.1812 0.0069
162 0.5894 0.1326 0.1561 0.1125 0.0095
163 0.6592 0.0459 0.0684 0.2207 0.0059
164 0.6489 0.0995 0.0928 0.1506 0.0079
165 0.2742 0.0523 0.0750 0.5894 0.0089
166 0.6509 0.1022 0.0881 0.1498 0.0091
167 0.7095 0.1224 0.0848 0.0703 0.0130
168 0.6362 0.0909 0.0547 0.1956 0.0225
169 0.6396 0.1121 0.1221 0.1183 0.0078
170 0.5200 0.1284 0.1064 0.2380 0.0072
171 0.5830 0.1251 0.0880 0.1893 0.0145
172 0.5967 0.1095 0.0959 0.1792 0.0187
173 0.3193 0.0894 0.0908 0.4868 0.0138
174 0.6079 0.2004 0.0911 0.0761 0.0245
175 0.6226 0.1367 0.0732 0.1562 0.0112
176 0.6440 0.1382 0.0728 0.1329 0.0123
177 0.5322 0.1073 0.0720 0.2698 0.0185
178 0.2222 0.1033 0.1704 0.4929 0.0111
179 0.6118 0.0760 0.1465 0.1571 0.0087
180 0.7158 0.0917 0.0862 0.0992 0.0070
181 0.3003 0.0686 0.1498 0.4724 0.0089
182 0.3003 0.0938 0.3049 0.2957 0.0056
183 0.0760 0.0317 0.4734 0.4177 0.0011
184 0.0495 0.0185 0.7163 0.2118 0.0039
185 0.0665 0.0464 0.6118 0.2673 0.0081
186 0.1332 0.0894 0.3245 0.4231 0.0297
187 0.3494 0.0940 0.2988 0.2401 0.0178
188 0.4182 0.0963 0.2786 0.1886 0.0182
189 0.4978 0.1019 0.1667 0.2075 0.0262
190 0.5347 0.1332 0.1113 0.1984 0.0224
191 0.4746 0.2123 0.1436 0.1414 0.0283
192 0.6367 0.0650 0.1115 0.1713 0.0157
193 0.1782 0.1700 0.1064 0.4998 0.0454
194 0.4607 0.1669 0.1696 0.1394 0.0634
195 0.3689 0.2477 0.1216 0.2382 0.0238
196 0.5107 0.2129 0.0735 0.1779 0.0252
197 0.5737 0.1907 0.0707 0.1395 0.0256
198 0.5771 0.1003 0.0878 0.2026 0.0318
199 0.7617 0.1080 0.0298 0.0742 0.0265
200 0.6333 0.1626 0.0336 0.1401 0.0305
201 0.8052 0.0737 0.0278 0.0715 0.0216
202 0.7935 0.0876 0.0721 0.0341 0.0125
203 0.6230 0.0727 0.0544 0.2056 0.0441
204 0.8433 0.0511 0.0454 0.0457 0.0145
205 0.6421 0.0656 0.0732 0.1974 0.0215
206 0.3967 0.1003 0.1628 0.3091 0.0311
207 0.3064 0.0878 0.2424 0.3162 0.0470
208 0.3074 0.0309 0.0356 0.6016 0.0244
209 0.3191 0.1531 0.0581 0.4097 0.0600
210 0.3865 0.1444 0.0570 0.3359 0.0761
211 0.2759 0.1477 0.0635 0.4622 0.0507
212 0.4121 0.1348 0.0647 0.3469 0.0414
213 0.4607 0.0509 0.1694 0.3020 0.0170
214 0.2627 0.0853 0.2047 0.4199 0.0273
215 0.1143 0.1798 0.3059 0.3691 0.0308
216 0.2286 0.1686 0.2286 0.2981 0.0760
217 0.2539 0.2330 0.2683 0.1565 0.0884
218 0.2732 0.1998 0.0696 0.2046 0.2527
219 0.2285 0.2715 0.1909 0.1418 0.1672
220 0.2076 0.2192 0.0900 0.3818 0.1012
221 0.1666 0.2791 0.2041 0.3064 0.0438
222 0.4617 0.1312 0.1252 0.2198 0.0620
223 0.7153 0.1150 0.0881 0.0597 0.0218
224 0.4668 0.2598 0.1247 0.1370 0.0118
225 0.3474 0.1371 0.1506 0.3530 0.0118
226 0.3323 0.1835 0.1475 0.3145 0.0223
227 0.5962 0.1350 0.0618 0.1875 0.0196
228 0.4436 0.1417 0.0860 0.3025 0.0262
229 0.2856 0.0995 0.1831 0.4189 0.0126
230 0.3638 0.0964 0.2189 0.3110 0.0098
231 0.2249 0.1332 0.1261 0.4912 0.0246
232 0.4248 0.2103 0.0850 0.2478 0.0320
233 0.4685 0.2507 0.1222 0.1406 0.0180
234 0.2917 0.1378 0.3633 0.1975 0.0096
235 0.2125 0.1981 0.3909 0.1862 0.0122
236 0.2664 0.1964 0.2426 0.2837 0.0110
237 0.3857 0.2048 0.2432 0.1558 0.0105
238 0.4941 0.1508 0.0794 0.2644 0.0113
239 0.4788 0.0851 0.0865 0.3394 0.0102
240 0.6392 0.1531 0.0679 0.1278 0.0120
241 0.2209 0.0590 0.0658 0.6392 0.0152
242 0.5796 0.1647 0.0665 0.1809 0.0085
243 0.4644 0.1656 0.0735 0.2883 0.0081
244 0.2400 0.0631 0.0444 0.6421 0.0104
245 0.5073 0.1123 0.0708 0.2866 0.0230
246 0.5190 0.1547 0.0676 0.2396 0.0189
247 0.3562 0.0951 0.0393 0.4868 0.0228
248 0.4709 0.1815 0.0885 0.2173 0.0418
249 0.1499 0.0226 0.0319 0.7852 0.0105
250 0.3425 0.0629 0.0331 0.5474 0.0140
251 0.3633 0.2203 0.1082 0.2808 0.0274
252 0.1293 0.0731 0.4583 0.3301 0.0096
253 0.1858 0.0979 0.5459 0.1639 0.0065
254 0.2942 0.1217 0.1757 0.3899 0.0185
255 0.2490 0.3098 0.1940 0.2322 0.0150
256 0.2086 0.2039 0.0622 0.3308 0.1945
257 0.3721 0.2153 0.0608 0.1814 0.1704
258 0.2032 0.1282 0.0686 0.4236 0.1765
259 0.3003 0.1672 0.0960 0.2913 0.1453
260 0.3232 0.2039 0.0948 0.2291 0.1492
261 0.3149 0.1808 0.1080 0.2198 0.1766
262 0.4055 0.2347 0.0580 0.2681 0.0338
263 0.3564 0.2527 0.0379 0.3120 0.0409
264 0.4722 0.2112 0.0555 0.2196 0.0416
265 0.3948 0.1851 0.0635 0.3027 0.0539
266 0.3845 0.2463 0.0489 0.2664 0.0537
267 0.2418 0.1561 0.0527 0.4773 0.0720
268 0.2241 0.1665 0.0717 0.4744 0.0632
269 0.5264 0.1736 0.0853 0.1643 0.0505
270 0.2600 0.1481 0.0762 0.4670 0.0488
271 0.4365 0.1968 0.0747 0.2627 0.0293
272 0.4060 0.3367 0.0972 0.1318 0.0285
273 0.5933 0.2493 0.0666 0.0682 0.0226
274 0.5449 0.2202 0.0816 0.1116 0.0417
275 0.5142 0.2487 0.1045 0.1013 0.0314
276 0.4771 0.2783 0.0992 0.1107 0.0346
277 0.1027 0.1720 0.1239 0.5728 0.0283
278 0.0840 0.4299 0.1908 0.2820 0.0133
279 0.2260 0.0520 0.1482 0.3445 0.2295
280 0.2659 0.1456 0.1550 0.2478 0.1855
281 0.1417 0.1353 0.1013 0.4985 0.1232
282 0.1931 0.1256 0.0756 0.3782 0.2275
283 0.1121 0.1619 0.2842 0.4231 0.0187
284 0.1281 0.0551 0.4331 0.3535 0.0304
285 0.0573 0.0413 0.3196 0.5698 0.0120
286 0.0551 0.1620 0.1062 0.6714 0.0054
287 0.0119 0.0347 0.0080 0.9380 0.0073
288 0.6714 0.1322 0.0808 0.0967 0.0188
289 0.3257 0.1276 0.1049 0.4119 0.0298
290 0.5264 0.1820 0.1086 0.1450 0.0378
291 0.3518 0.1715 0.0593 0.3687 0.0487
292 0.5098 0.1094 0.0825 0.2708 0.0279
293 0.5796 0.1838 0.0772 0.1224 0.0368
294 0.6050 0.2242 0.0463 0.0964 0.0283
295 0.6450 0.1848 0.0432 0.0997 0.0273
296 0.6006 0.1555 0.0568 0.1438 0.0432
297 0.4128 0.1120 0.1320 0.2686 0.0746
298 0.4216 0.1479 0.1327 0.2458 0.0519
299 0.5552 0.2242 0.0865 0.0775 0.0567
300 0.4685 0.2030 0.0649 0.1395 0.1241
301 0.1917 0.4026 0.0956 0.2137 0.0964
302 0.4548 0.1572 0.0720 0.2416 0.0743
303 0.4712 0.1052 0.0872 0.3018 0.0347
304 0.3516 0.2343 0.1727 0.2166 0.0249
305 0.2140 0.4897 0.1278 0.1578 0.0107
306 0.2617 0.3989 0.1575 0.1575 0.0243
307 0.2969 0.3997 0.1653 0.1145 0.0238
308 0.2500 0.3018 0.1414 0.2947 0.0123
309 0.2539 0.3525 0.1058 0.2520 0.0357
310 0.2869 0.1355 0.1262 0.3828 0.0687
311 0.4294 0.2352 0.1763 0.0958 0.0634
312 0.4023 0.3208 0.1017 0.1017 0.0733
313 0.3630 0.3010 0.1661 0.1305 0.0395
314 0.4236 0.2649 0.1821 0.0840 0.0453
315 0.4795 0.1750 0.1342 0.1532 0.0582
316 0.3962 0.2620 0.1423 0.1208 0.0786
317 0.3547 0.1729 0.2219 0.1840 0.0667
318 0.2744 0.2120 0.2402 0.1799 0.0934
319 0.3037 0.3608 0.0979 0.1576 0.0799
320 0.1416 0.0758 0.1212 0.5781 0.0833
321 0.2452 0.2377 0.2216 0.1621 0.1333
322 0.2720 0.1611 0.1315 0.3203 0.1151
323 0.1561 0.3303 0.1958 0.2361 0.0816
324 0.5073 0.1881 0.0754 0.1443 0.0848
325 0.2573 0.1514 0.0656 0.4482 0.0773
326 0.2502 0.1692 0.0648 0.4458 0.0700
327 0.3716 0.1335 0.0597 0.3547 0.0804
328 0.4319 0.1109 0.0408 0.3469 0.0694
329 0.5688 0.1681 0.0467 0.1506 0.0659
330 0.2942 0.0536 0.0392 0.5757 0.0374
331 0.1887 0.1317 0.0589 0.5947 0.0257
332 0.2386 0.2156 0.0537 0.3845 0.1076
333 0.3274 0.1837 0.0731 0.3623 0.0534
334 0.4207 0.2822 0.0938 0.1398 0.0635
335 0.5073 0.1254 0.0510 0.2252 0.0910
336 0.5498 0.0850 0.0315 0.3132 0.0207
337 0.6777 0.1205 0.0348 0.1421 0.0249
338 0.3169 0.0853 0.0443 0.5391 0.0147
339 0.5000 0.2290 0.0317 0.2151 0.0241
340 0.4568 0.1011 0.0467 0.3728 0.0227
341 0.2029 0.2861 0.2485 0.2299 0.0326
342 0.2029 0.2861 0.2485 0.2299 0.0326
