time exciting_prob fearful_prob tense_prob sad_prob relaxing_prob
0 0.2037 0.2830 0.2496 0.2310 0.0327
1 0.2800 0.0578 0.3889 0.2433 0.0300
2 0.4297 0.0746 0.3972 0.0846 0.0139
3 0.0353 0.3711 0.3828 0.1132 0.0975
4 0.0476 0.3928 0.4180 0.0593 0.0823
5 0.0414 0.3657 0.4341 0.0816 0.0773
6 0.0698 0.2437 0.5156 0.1661 0.0047
7 0.0498 0.2629 0.5229 0.1620 0.0022
8 0.0958 0.3020 0.4824 0.1119 0.0080
9 0.1339 0.3420 0.4224 0.0965 0.0051
10 0.1448 0.4358 0.3264 0.0906 0.0024
11 0.0887 0.2842 0.5308 0.0930 0.0035
12 0.0472 0.1089 0.7563 0.0823 0.0051
13 0.0390 0.1011 0.8081 0.0467 0.0052
14 0.0448 0.0963 0.8320 0.0220 0.0049
15 0.0549 0.1144 0.7939 0.0303 0.0065
16 0.1215 0.0401 0.7676 0.0592 0.0116
17 0.1438 0.0256 0.7417 0.0845 0.0041
18 0.5586 0.1771 0.1652 0.0824 0.0166
19 0.6050 0.1298 0.2173 0.0438 0.0043
20 0.1114 0.2510 0.5234 0.1030 0.0112
21 0.4133 0.0517 0.3000 0.2212 0.0139
22 0.4282 0.1091 0.3779 0.0780 0.0068
23 0.0614 0.0281 0.8818 0.0262 0.0025
24 0.1498 0.0221 0.2671 0.5479 0.0129
25 0.4167 0.0203 0.0771 0.4724 0.0135
26 0.2527 0.1281 0.3218 0.2355 0.0619
27 0.1917 0.2461 0.1801 0.3389 0.0434
28 0.0677 0.2896 0.6035 0.0296 0.0096
29 0.2097 0.3918 0.3198 0.0754 0.0033
30 0.1166 0.1722 0.6812 0.0273 0.0027
31 0.3181 0.3809 0.2498 0.0473 0.0040
32 0.0869 0.0984 0.7393 0.0607 0.0149
33 0.1993 0.1287 0.5635 0.0274 0.0812
34 0.1541 0.0739 0.3210 0.2791 0.1719
35 0.2942 0.3604 0.1885 0.0584 0.0985
36 0.3262 0.2812 0.1948 0.0412 0.1565
37 0.1470 0.2520 0.0892 0.4783 0.0336
38 0.4380 0.0544 0.4280 0.0699 0.0098
39 0.2084 0.5708 0.1444 0.0454 0.0307
40 0.4531 0.1146 0.1011 0.2561 0.0751
41 0.5732 0.2228 0.1028 0.0478 0.0533
42 0.0157 0.0115 0.9712 0.0013 0.0006
43 0.0151 0.0836 0.8994 0.0018 0.0003
44 0.0201 0.5308 0.2468 0.1984 0.0041
45 0.0118 0.5845 0.2761 0.1254 0.0025
46 0.4133 0.2111 0.2449 0.0334 0.0974
47 0.3574 0.2986 0.1514 0.0593 0.1335
48 0.0617 0.1704 0.7515 0.0154 0.0010
49 0.0343 0.0370 0.8369 0.0875 0.0045
50 0.0189 0.0568 0.8608 0.0586 0.0047
51 0.0365 0.1207 0.2720 0.5581 0.0130
52 0.2056 0.0824 0.6953 0.0155 0.0013
53 0.1429 0.0742 0.7549 0.0258 0.0019
54 0.5391 0.1863 0.1321 0.0321 0.1104
55 0.5386 0.1270 0.1340 0.0746 0.1260
56 0.7114 0.1083 0.0856 0.0310 0.0637
57 0.1949 0.1964 0.5381 0.0643 0.0061
58 0.0980 0.0838 0.6387 0.1693 0.0102
59 0.5630 0.1871 0.0566 0.1126 0.0805
60 0.5117 0.1882 0.0939 0.1636 0.0424
61 0.3726 0.3474 0.1459 0.0663 0.0679
62 0.2964 0.3518 0.2698 0.0407 0.0414
63 0.1043 0.2426 0.6289 0.0202 0.0039
64 0.1047 0.0494 0.7671 0.0606 0.0181
65 0.4197 0.3535 0.1373 0.0339 0.0555
66 0.6396 0.1790 0.0712 0.0422 0.0679
67 0.7300 0.1404 0.0558 0.0352 0.0387
68 0.5444 0.1123 0.0483 0.2305 0.0645
69 0.3743 0.3628 0.1754 0.0247 0.0630
70 0.4749 0.3315 0.0740 0.0463 0.0734
71 0.3037 0.3259 0.2384 0.0580 0.0739
72 0.4409 0.3599 0.1115 0.0703 0.0175
73 0.1295 0.2457 0.5200 0.0641 0.0404
74 0.0880 0.1631 0.6812 0.0639 0.0037
75 0.1681 0.1628 0.5596 0.0845 0.0250
76 0.3286 0.3235 0.2443 0.0956 0.0080
77 0.4031 0.2664 0.1309 0.1371 0.0627
78 0.0464 0.1499 0.5835 0.2147 0.0055
79 0.1215 0.1399 0.5444 0.1882 0.0060
80 0.0628 0.5098 0.1555 0.1776 0.0943
81 0.3372 0.3096 0.2281 0.0866 0.0384
82 0.2742 0.5122 0.0926 0.0455 0.0756
83 0.5347 0.0680 0.0525 0.3398 0.0049
84 0.0961 0.2654 0.5889 0.0099 0.0401
85 0.2281 0.0741 0.5303 0.1342 0.0331
86 0.1830 0.2386 0.2190 0.3289 0.0306
87 0.1140 0.1510 0.6255 0.0783 0.0311
88 0.4290 0.2444 0.1964 0.0558 0.0745
89 0.0091 0.5889 0.2455 0.1560 0.0004
90 0.1747 0.2791 0.3816 0.1566 0.0082
91 0.0051 0.1895 0.4617 0.3430 0.0005
92 0.1443 0.2825 0.5195 0.0407 0.0133
93 0.2878 0.3608 0.2878 0.0445 0.0191
94 0.6128 0.0174 0.3357 0.0303 0.0037
95 0.4265 0.1908 0.2842 0.0908 0.0076
96 0.2460 0.2620 0.4631 0.0142 0.0147
97 0.4019 0.3154 0.1040 0.0984 0.0804
98 0.6782 0.1599 0.0817 0.0257 0.0544
99 0.4009 0.2610 0.1204 0.1312 0.0867
100 0.0561 0.0565 0.8052 0.0704 0.0116
101 0.0050 0.0720 0.9185 0.0042 0.0005
102 0.0333 0.0627 0.8926 0.0080 0.0035
103 0.0183 0.0320 0.9365 0.0115 0.0015
104 0.5498 0.1786 0.1306 0.0716 0.0694
105 0.5674 0.2007 0.1327 0.0532 0.0462
106 0.2200 0.1399 0.5117 0.1072 0.0214
107 0.1718 0.2404 0.3416 0.2367 0.0095
108 0.2015 0.2754 0.4473 0.0681 0.0078
109 0.2408 0.2192 0.4863 0.0474 0.0061
110 0.6191 0.2106 0.0384 0.0349 0.0972
111 0.5244 0.2595 0.0823 0.0230 0.1108
112 0.0803 0.0977 0.7988 0.0128 0.0103
113 0.0201 0.0673 0.9004 0.0106 0.0015
114 0.1003 0.1011 0.5508 0.1859 0.0618
115 0.3022 0.0759 0.5737 0.0435 0.0046
116 0.2247 0.4036 0.2546 0.0370 0.0801
117 0.3611 0.1693 0.2140 0.1787 0.0769
118 0.4868 0.2861 0.0989 0.0680 0.0600
119 0.4448 0.2554 0.0487 0.1315 0.1197
120 0.4978 0.0965 0.0323 0.2971 0.0763
121 0.6519 0.2235 0.0527 0.0181 0.0539
122 0.4534 0.1372 0.2465 0.1592 0.0038
123 0.0485 0.0632 0.5171 0.3555 0.0159
124 0.1411 0.1783 0.5845 0.0897 0.0063
125 0.4060 0.4028 0.1075 0.0313 0.0524
126 0.5967 0.3000 0.0446 0.0096 0.0490
127 0.5347 0.3093 0.0614 0.0381 0.0568
128 0.3135 0.2349 0.3667 0.0762 0.0087
129 0.0321 0.1605 0.7905 0.0147 0.0022
130 0.2184 0.0392 0.5664 0.1345 0.0417
131 0.1560 0.1536 0.5620 0.0651 0.0635
132 0.2815 0.1472 0.5342 0.0316 0.0057
133 0.5024 0.2195 0.0741 0.0789 0.1251
134 0.4578 0.3621 0.0367 0.0364 0.1071
135 0.2091 0.5640 0.1517 0.0525 0.0227
136 0.4075 0.4172 0.0834 0.0243 0.0676
137 0.5444 0.2695 0.1150 0.0200 0.0510
138 0.2134 0.4587 0.1649 0.0969 0.0661
139 0.1914 0.5083 0.1930 0.0693 0.0380
140 0.3430 0.3403 0.2413 0.0518 0.0235
141 0.3230 0.2537 0.2327 0.1663 0.0243
142 0.1993 0.4492 0.3088 0.0262 0.0164
143 0.5503 0.1267 0.1459 0.0927 0.0844
144 0.3203 0.1715 0.2085 0.2004 0.0992
145 0.3503 0.2583 0.2793 0.0508 0.0613
146 0.2216 0.4653 0.2935 0.0127 0.0068
147 0.6611 0.1608 0.1262 0.0209 0.0307
148 0.4224 0.1136 0.3875 0.0706 0.0061
149 0.2959 0.1595 0.4653 0.0703 0.0090
150 0.0155 0.0635 0.9053 0.0145 0.0011
151 0.0309 0.1028 0.8218 0.0422 0.0021
152 0.0410 0.2020 0.3438 0.3774 0.0357
153 0.1033 0.0333 0.0188 0.0065 0.8379
154 0.1936 0.0788 0.2408 0.0260 0.4607
155 0.1660 0.0159 0.7676 0.0483 0.0021
156 0.3303 0.2493 0.3103 0.0720 0.0382
157 0.3279 0.1388 0.3306 0.0230 0.1797
158 0.1895 0.0479 0.0945 0.0119 0.6562
159 0.0328 0.0920 0.4321 0.4387 0.0044
160 0.0199 0.0444 0.8857 0.0488 0.0012
161 0.3418 0.1436 0.2900 0.1902 0.0344
162 0.0531 0.2739 0.3103 0.3152 0.0476
163 0.2283 0.4575 0.1737 0.0887 0.0517
164 0.2311 0.0986 0.6284 0.0408 0.0012
165 0.1749 0.6704 0.0839 0.0432 0.0275
166 0.4185 0.3286 0.0857 0.0536 0.1135
167 0.1389 0.1400 0.0970 0.6128 0.0112
168 0.0784 0.0983 0.2612 0.5444 0.0178
169 0.5342 0.1996 0.0879 0.0493 0.1289
170 0.4707 0.1931 0.2223 0.0934 0.0205
171 0.3901 0.1190 0.3552 0.0516 0.0844
172 0.2822 0.3376 0.3247 0.0379 0.0176
173 0.6689 0.1541 0.0972 0.0257 0.0541
174 0.5190 0.2866 0.0975 0.0426 0.0539
175 0.4453 0.3899 0.0632 0.0247 0.0768
176 0.1733 0.4460 0.3164 0.0318 0.0326
177 0.3462 0.2271 0.3384 0.0286 0.0597
178 0.3398 0.4331 0.1892 0.0240 0.0139
179 0.5181 0.1892 0.1005 0.1461 0.0460
180 0.1763 0.5303 0.1819 0.1013 0.0102
181 0.2612 0.3655 0.2379 0.0703 0.0650
182 0.3218 0.1362 0.3293 0.1763 0.0364
183 0.3501 0.2705 0.2542 0.0988 0.0262
184 0.2952 0.2795 0.2839 0.0361 0.1053
185 0.2367 0.2024 0.3442 0.1858 0.0308
186 0.3098 0.4727 0.1243 0.0681 0.0252
187 0.2937 0.2632 0.3921 0.0234 0.0275
188 0.4429 0.2262 0.0776 0.0614 0.1920
189 0.1886 0.3469 0.1960 0.2578 0.0108
190 0.2297 0.3318 0.2408 0.1019 0.0958
191 0.2151 0.4553 0.2069 0.0856 0.0371
192 0.2771 0.0943 0.4941 0.1211 0.0132
193 0.4192 0.2622 0.0921 0.1329 0.0935
194 0.2732 0.4231 0.1722 0.0820 0.0494
195 0.2727 0.3188 0.2108 0.1483 0.0493
196 0.4058 0.2703 0.1403 0.1154 0.0684
197 0.0583 0.0483 0.6167 0.2651 0.0117
198 0.1672 0.0475 0.6167 0.1398 0.0291
199 0.6885 0.1824 0.0548 0.0188 0.0556
200 0.4131 0.4004 0.0534 0.0309 0.1021
201 0.4753 0.3730 0.0425 0.0149 0.0943
202 0.3740 0.4546 0.0440 0.0305 0.0968
203 0.3840 0.3608 0.0341 0.0325 0.1886
204 0.3196 0.5269 0.0324 0.0143 0.1071
205 0.3481 0.3347 0.1907 0.0432 0.0833
206 0.5127 0.1945 0.2007 0.0287 0.0637
207 0.2913 0.3799 0.1409 0.0309 0.1571
208 0.4434 0.4299 0.0644 0.0211 0.0413
209 0.6094 0.2683 0.0323 0.0637 0.0260
210 0.2717 0.4207 0.1187 0.0606 0.1283
211 0.3870 0.3110 0.2188 0.0261 0.0571
