time exciting_prob fearful_prob tense_prob sad_prob relaxing_prob
0 0.2037 0.2830 0.2496 0.2310 0.0327
1 0.5366 0.0444 0.0070 0.4050 0.0071
2 0.6772 0.1499 0.0157 0.1453 0.0118
3 0.6270 0.1454 0.0305 0.0472 0.1500
4 0.5630 0.0927 0.0208 0.0242 0.2991
5 0.4661 0.0515 0.0261 0.2344 0.2219
6 0.7173 0.1901 0.0215 0.0557 0.0157
7 0.3804 0.2917 0.2698 0.0371 0.0211
8 0.4468 0.3096 0.0559 0.0729 0.1147
9 0.3809 0.2365 0.1041 0.1246 0.1539
10 0.5112 0.1926 0.0650 0.1263 0.1047
11 0.1515 0.7637 0.0608 0.0050 0.0191
12 0.1627 0.5771 0.1163 0.0580 0.0858
13 0.3252 0.5361 0.0661 0.0307 0.0417
14 0.4783 0.2224 0.0642 0.1602 0.0751
15 0.3164 0.2012 0.0695 0.3669 0.0459
16 0.2172 0.2969 0.0912 0.0197 0.3752
17 0.2729 0.4941 0.0886 0.0154 0.1289
18 0.2247 0.3882 0.0546 0.0229 0.3096
19 0.5454 0.1799 0.0589 0.0948 0.1208
20 0.3176 0.4209 0.1024 0.0535 0.1056
21 0.5430 0.3425 0.0342 0.0233 0.0568
22 0.0753 0.5435 0.1087 0.2671 0.0053
23 0.0232 0.7510 0.2219 0.0025 0.0014
24 0.0277 0.6260 0.3098 0.0329 0.0038
25 0.0490 0.7197 0.0307 0.1222 0.0783
26 0.3306 0.1715 0.2556 0.1649 0.0773
27 0.5483 0.2671 0.1333 0.0319 0.0193
28 0.1447 0.3469 0.3364 0.1504 0.0215
29 0.2119 0.3108 0.2637 0.1990 0.0148
30 0.1537 0.1512 0.1797 0.4080 0.1073
31 0.0417 0.2217 0.3127 0.3225 0.1015
32 0.0405 0.3235 0.2404 0.2367 0.1589
33 0.1803 0.3938 0.2793 0.0679 0.0787
34 0.1991 0.3184 0.3083 0.1458 0.0285
35 0.4456 0.2104 0.1504 0.1401 0.0536
36 0.0457 0.6880 0.0888 0.1609 0.0168
37 0.2003 0.6724 0.0939 0.0109 0.0225
38 0.3118 0.2076 0.0846 0.3560 0.0399
39 0.4263 0.3562 0.1165 0.0110 0.0900
40 0.3406 0.4014 0.0910 0.0335 0.1334
41 0.3577 0.3928 0.0662 0.0823 0.1009
42 0.1564 0.6187 0.0710 0.0369 0.1171
43 0.2440 0.5249 0.0519 0.0830 0.0963
44 0.1753 0.5977 0.0468 0.1344 0.0461
45 0.2218 0.5801 0.0407 0.0451 0.1124
46 0.4219 0.1153 0.1317 0.2620 0.0694
47 0.0705 0.8193 0.0864 0.0123 0.0116
48 0.0778 0.7378 0.1547 0.0136 0.0161
49 0.1052 0.5596 0.1667 0.1094 0.0590
50 0.2174 0.3669 0.2042 0.0055 0.2058
51 0.2170 0.4929 0.2170 0.0223 0.0508
52 0.1375 0.6206 0.1375 0.0190 0.0853
53 0.2350 0.1802 0.0706 0.3784 0.1360
54 0.0930 0.0122 0.0081 0.1556 0.7310
55 0.0513 0.0071 0.0030 0.0286 0.9102
56 0.1930 0.1390 0.0948 0.0843 0.4890
57 0.1339 0.1775 0.0390 0.0769 0.5728
58 0.1687 0.2117 0.0611 0.1661 0.3923
59 0.1896 0.4441 0.0968 0.0426 0.2268
60 0.2103 0.1217 0.0504 0.0504 0.5674
61 0.2546 0.4402 0.1070 0.0702 0.1281
62 0.0298 0.0066 0.0049 0.0183 0.9404
63 0.0547 0.0231 0.0075 0.0397 0.8750
64 0.0358 0.2581 0.1182 0.1278 0.4602
65 0.0712 0.0202 0.0066 0.0273 0.8745
66 0.0555 0.5020 0.3450 0.0770 0.0204
67 0.1333 0.3567 0.3511 0.1122 0.0468
68 0.1012 0.3215 0.4465 0.1077 0.0231
69 0.1385 0.2935 0.4075 0.1522 0.0083
70 0.0884 0.2944 0.2681 0.3389 0.0105
71 0.0582 0.0457 0.0176 0.0367 0.8418
72 0.1731 0.1946 0.0516 0.0837 0.4971
73 0.2294 0.3040 0.0217 0.0296 0.4153
74 0.0603 0.0272 0.0116 0.0155 0.8857
75 0.0859 0.0439 0.0304 0.0244 0.8154
76 0.1837 0.2844 0.0569 0.0097 0.4653
77 0.5044 0.1914 0.0234 0.0499 0.2310
78 0.0292 0.0102 0.0057 0.0089 0.9458
79 0.1216 0.1490 0.0792 0.2871 0.3630
80 0.0293 0.0121 0.0073 0.0186 0.9326
81 0.4417 0.2327 0.1562 0.1125 0.0570
82 0.0435 0.0103 0.0105 0.0344 0.9014
83 0.0602 0.0157 0.0104 0.0362 0.8774
84 0.1094 0.1094 0.0442 0.0820 0.6548
85 0.3899 0.2830 0.1083 0.1576 0.0612
86 0.4060 0.2664 0.2313 0.0793 0.0170
87 0.0826 0.0735 0.0989 0.0801 0.6650
88 0.0884 0.1256 0.0688 0.0488 0.6685
89 0.1804 0.3506 0.1643 0.0936 0.2109
90 0.0956 0.3635 0.3523 0.0320 0.1564
91 0.0930 0.7090 0.1301 0.0165 0.0514
92 0.0525 0.5918 0.2429 0.0764 0.0364
93 0.1445 0.2786 0.4453 0.0970 0.0343
94 0.2457 0.5493 0.1841 0.0112 0.0095
95 0.2817 0.2410 0.3821 0.0559 0.0393
96 0.2457 0.4382 0.1503 0.1066 0.0593
97 0.1860 0.0723 0.1519 0.4463 0.1437
98 0.0946 0.6416 0.1377 0.0650 0.0611
99 0.1576 0.1287 0.0716 0.6138 0.0283
100 0.1083 0.6235 0.0948 0.1626 0.0106
101 0.2515 0.0430 0.1048 0.5664 0.0343
102 0.2002 0.1398 0.0875 0.5356 0.0367
103 0.0106 0.4424 0.1815 0.3611 0.0044
104 0.1289 0.7773 0.0489 0.0264 0.0184
105 0.1654 0.7183 0.0264 0.0632 0.0268
106 0.0952 0.8091 0.0216 0.0624 0.0119
107 0.3049 0.1157 0.0930 0.2394 0.2469
108 0.4331 0.3506 0.0425 0.0974 0.0764
109 0.2047 0.6558 0.0952 0.0147 0.0297
110 0.1324 0.4241 0.2593 0.1443 0.0401
111 0.5215 0.2406 0.0711 0.0341 0.1328
112 0.4072 0.3196 0.0436 0.0133 0.2163
113 0.4338 0.2268 0.0293 0.2233 0.0868
114 0.0342 0.0293 0.0944 0.8413 0.0007
115 0.4373 0.1766 0.0502 0.1621 0.1740
116 0.2195 0.3945 0.1683 0.0314 0.1863
117 0.2260 0.1482 0.0528 0.0477 0.5254
118 0.3699 0.2705 0.2705 0.0638 0.0252
119 0.2639 0.4453 0.1758 0.0557 0.0593
120 0.1761 0.0980 0.1846 0.1350 0.4062
121 0.2969 0.2367 0.2461 0.0212 0.1992
122 0.0697 0.1487 0.3198 0.0760 0.3857
123 0.0353 0.0894 0.1594 0.6714 0.0446
124 0.1602 0.1589 0.5767 0.0236 0.0805
125 0.3008 0.3987 0.1455 0.0444 0.1107
126 0.1676 0.0836 0.0265 0.0383 0.6841
127 0.4724 0.2394 0.0573 0.0753 0.1558
128 0.4319 0.0941 0.0303 0.1692 0.2744
129 0.3677 0.1321 0.0290 0.1848 0.2864
130 0.5229 0.0938 0.0190 0.1498 0.2146
131 0.3833 0.1942 0.0969 0.2020 0.1235
132 0.4080 0.2101 0.0855 0.1649 0.1315
133 0.2698 0.3633 0.1715 0.0404 0.1550
134 0.4109 0.1500 0.1115 0.1523 0.1753
135 0.3171 0.2489 0.2047 0.0660 0.1632
136 0.4214 0.3059 0.1091 0.0351 0.1285
137 0.4255 0.2140 0.1201 0.0529 0.1874
138 0.2032 0.1440 0.2197 0.2866 0.1464
139 0.4556 0.2830 0.0699 0.1676 0.0240
140 0.1943 0.5200 0.2272 0.0465 0.0119
141 0.4636 0.2500 0.1182 0.0623 0.1059
142 0.1672 0.4512 0.3379 0.0218 0.0218
143 0.2487 0.3674 0.1833 0.0801 0.1202
144 0.2791 0.1774 0.1493 0.1577 0.2367
145 0.6372 0.1433 0.0536 0.0682 0.0977
146 0.4358 0.2664 0.0679 0.0885 0.1415
147 0.3269 0.2861 0.0922 0.0901 0.2046
148 0.0670 0.0639 0.0814 0.1863 0.6016
149 0.0574 0.0149 0.0374 0.0338 0.8564
150 0.3975 0.1998 0.0753 0.0228 0.3047
151 0.4038 0.0967 0.0989 0.0860 0.3145
152 0.2466 0.1270 0.2625 0.1920 0.1721
153 0.4985 0.1417 0.0425 0.1221 0.1952
154 0.4773 0.3059 0.0602 0.0750 0.0817
155 0.4944 0.1495 0.0358 0.0813 0.2390
156 0.4290 0.1591 0.0320 0.0988 0.2812
157 0.0448 0.0217 0.0220 0.0182 0.8931
158 0.2091 0.2791 0.0415 0.4031 0.0673
159 0.0911 0.1929 0.0215 0.6733 0.0211
160 0.2561 0.0899 0.0679 0.5596 0.0266
161 0.4182 0.1411 0.0315 0.2021 0.2070
162 0.5405 0.0607 0.0349 0.0651 0.2986
163 0.2496 0.1757 0.1236 0.2595 0.1914
164 0.3816 0.1382 0.0594 0.1164 0.3042
165 0.1984 0.1353 0.0873 0.1353 0.4436
166 0.1664 0.0562 0.0305 0.0732 0.6738
167 0.5933 0.1837 0.0239 0.0185 0.1809
168 0.5698 0.1738 0.0246 0.0660 0.1658
169 0.4241 0.1366 0.0946 0.1215 0.2234
170 0.4778 0.1730 0.0544 0.1218 0.1730
171 0.4944 0.2905 0.0735 0.0740 0.0674
172 0.6265 0.1910 0.0834 0.0413 0.0578
173 0.3723 0.3901 0.0549 0.0389 0.1436
174 0.3987 0.3958 0.0511 0.0454 0.1090
175 0.4668 0.2056 0.0891 0.0469 0.1915
176 0.2668 0.2668 0.0654 0.1029 0.2979
177 0.6284 0.2460 0.0285 0.0383 0.0589
178 0.2284 0.2734 0.0479 0.0337 0.4167
179 0.5391 0.3169 0.0443 0.0546 0.0453
180 0.6133 0.2220 0.0519 0.0408 0.0721
181 0.3770 0.2695 0.0592 0.1205 0.1740
182 0.5327 0.2222 0.1348 0.0646 0.0455
183 0.2954 0.3735 0.2411 0.0753 0.0147
184 0.3838 0.0211 0.1083 0.2681 0.2188
185 0.5513 0.1028 0.0929 0.0609 0.1920
186 0.3621 0.0894 0.0400 0.3884 0.1203
187 0.1470 0.0632 0.2073 0.3582 0.2241
188 0.4351 0.1915 0.0721 0.0877 0.2136
189 0.3474 0.1578 0.1603 0.2949 0.0396
190 0.2886 0.3196 0.0498 0.2129 0.1292
191 0.3789 0.3909 0.0231 0.0936 0.1137
192 0.4214 0.2382 0.0767 0.1538 0.1099
193 0.4126 0.2903 0.1085 0.0638 0.1249
194 0.4319 0.2311 0.0971 0.0571 0.1829
195 0.2375 0.0718 0.1582 0.4436 0.0887
196 0.4187 0.2482 0.1059 0.1759 0.0512
197 0.6606 0.1157 0.1451 0.0397 0.0391
198 0.5400 0.1522 0.2181 0.0228 0.0670
199 0.3364 0.0956 0.0292 0.2725 0.2661
200 0.4746 0.1705 0.2900 0.0215 0.0431
201 0.4521 0.1638 0.3035 0.0230 0.0575
202 0.5581 0.1143 0.1000 0.1826 0.0451
203 0.0956 0.2189 0.6333 0.0249 0.0272
204 0.2673 0.2473 0.4443 0.0271 0.0140
205 0.3030 0.2019 0.4478 0.0291 0.0182
206 0.3687 0.1942 0.3743 0.0354 0.0275
207 0.2463 0.1654 0.2208 0.3115 0.0558
208 0.3628 0.2759 0.2634 0.0666 0.0314
209 0.3850 0.2485 0.1129 0.1906 0.0629
210 0.4255 0.2242 0.0470 0.1528 0.1505
211 0.2678 0.5537 0.0363 0.0641 0.0779
212 0.5522 0.3220 0.0237 0.0654 0.0364
213 0.5713 0.2118 0.0993 0.0371 0.0804
214 0.3088 0.3904 0.2173 0.0308 0.0528
215 0.4983 0.1497 0.0638 0.1581 0.1300
216 0.5366 0.1899 0.0448 0.0621 0.1663
217 0.4756 0.2030 0.0546 0.0591 0.2078
218 0.0679 0.0159 0.0067 0.0290 0.8804
219 0.0980 0.0202 0.0086 0.0135 0.8599
220 0.1378 0.1455 0.0810 0.0230 0.6128
221 0.2683 0.1084 0.0598 0.0217 0.5420
222 0.1157 0.0707 0.0258 0.0564 0.7314
223 0.0581 0.0186 0.0039 0.0103 0.9092
224 0.0399 0.0215 0.0085 0.0076 0.9224
225 0.1764 0.1440 0.0391 0.0482 0.5923
226 0.1605 0.1395 0.0833 0.0517 0.5649
227 0.2471 0.1140 0.0742 0.0578 0.5068
228 0.2642 0.1042 0.1003 0.0301 0.5015
229 0.2190 0.0285 0.0139 0.0264 0.7124
230 0.0931 0.0280 0.0137 0.0483 0.8169
231 0.1375 0.0224 0.0163 0.0388 0.7852
232 0.1019 0.0113 0.0137 0.0844 0.7886
233 0.1335 0.1598 0.1455 0.0249 0.5361
