time exciting_prob fearful_prob tense_prob sad_prob relaxing_prob
0 0.2037 0.2830 0.2496 0.2310 0.0327
1 0.5576 0.1177 0.0822 0.1523 0.0903
2 0.5664 0.1197 0.0755 0.1514 0.0869
3 0.2263 0.5347 0.1094 0.1270 0.0027
4 0.2727 0.4976 0.0818 0.1437 0.0041
5 0.0668 0.0935 0.0740 0.0360 0.7295
6 0.1126 0.1771 0.1002 0.0688 0.5415
7 0.1305 0.4556 0.1599 0.2496 0.0046
8 0.1185 0.4104 0.1620 0.3052 0.0039
9 0.1004 0.1508 0.1260 0.1129 0.5098
10 0.0779 0.2439 0.3083 0.3333 0.0365
11 0.0710 0.6733 0.2119 0.0360 0.0077
12 0.0488 0.1626 0.2991 0.0263 0.4631
13 0.0522 0.1793 0.3738 0.0267 0.3679
14 0.1346 0.3716 0.2849 0.2036 0.0053
15 0.1072 0.5659 0.1431 0.1824 0.0014
16 0.1322 0.1571 0.0991 0.4336 0.1780
17 0.0870 0.5288 0.0622 0.1447 0.1771
18 0.1096 0.3916 0.0681 0.1836 0.2471
19 0.1826 0.3105 0.0507 0.1357 0.3206
20 0.1691 0.1296 0.0445 0.2384 0.4185
21 0.1534 0.5527 0.1608 0.0968 0.0364
22 0.2014 0.4165 0.2030 0.1509 0.0281
23 0.1236 0.5806 0.1959 0.0699 0.0301
24 0.0947 0.5161 0.2006 0.1456 0.0430
25 0.1852 0.4441 0.0881 0.0975 0.1852
26 0.3384 0.1226 0.3804 0.1160 0.0427
27 0.1459 0.1459 0.5815 0.1118 0.0151
28 0.1236 0.6685 0.0994 0.0404 0.0683
29 0.1609 0.6777 0.0606 0.0514 0.0495
30 0.0739 0.7754 0.0994 0.0282 0.0231
31 0.1254 0.2512 0.5317 0.0784 0.0133
32 0.4856 0.1493 0.2089 0.0884 0.0678
33 0.2571 0.4878 0.0410 0.0560 0.1583
34 0.2783 0.4211 0.0646 0.0646 0.1715
35 0.3379 0.3433 0.1080 0.1465 0.0645
36 0.3311 0.2639 0.1527 0.1135 0.1390
37 0.3987 0.2915 0.1913 0.0454 0.0732
38 0.2386 0.2925 0.3445 0.0838 0.0405
39 0.2100 0.1159 0.0291 0.1971 0.4480
40 0.2568 0.3796 0.0443 0.0834 0.2357
41 0.2316 0.4824 0.2297 0.0311 0.0252
42 0.1804 0.5962 0.1776 0.0233 0.0224
43 0.2917 0.2273 0.3521 0.1065 0.0225
44 0.2266 0.4758 0.1724 0.0718 0.0534
45 0.1782 0.4844 0.0320 0.1313 0.1741
46 0.2183 0.5576 0.0259 0.1007 0.0977
47 0.0682 0.1315 0.4517 0.3408 0.0080
48 0.0826 0.1077 0.7476 0.0581 0.0039
49 0.0833 0.6152 0.1310 0.1103 0.0604
50 0.0575 0.7754 0.1208 0.0317 0.0146
51 0.0808 0.3679 0.3196 0.1671 0.0645
52 0.2135 0.4214 0.2964 0.0458 0.0229
53 0.2700 0.2153 0.1813 0.1758 0.1576
54 0.1123 0.3682 0.2571 0.2512 0.0113
55 0.1378 0.2496 0.0750 0.4888 0.0488
56 0.2180 0.5029 0.1185 0.1354 0.0250
57 0.1118 0.6045 0.1577 0.0333 0.0927
58 0.1742 0.2006 0.0933 0.1854 0.3464
59 0.2458 0.0993 0.0507 0.2786 0.3257
60 0.1826 0.3108 0.0455 0.1305 0.3308
61 0.1309 0.2316 0.5176 0.0950 0.0248
62 0.0464 0.1924 0.2715 0.4543 0.0353
63 0.1273 0.5933 0.1115 0.1610 0.0066
64 0.2585 0.1270 0.2449 0.2078 0.1619
65 0.0956 0.3901 0.1153 0.2722 0.1266
66 0.1410 0.6416 0.0748 0.1064 0.0362
67 0.3752 0.1359 0.2040 0.2384 0.0466
68 0.1111 0.0355 0.0542 0.6494 0.1495
69 0.0857 0.5459 0.2461 0.0824 0.0399
70 0.2048 0.0547 0.1954 0.4170 0.1282
71 0.2303 0.1071 0.4075 0.2181 0.0370
72 0.2639 0.4778 0.0289 0.0905 0.1390
73 0.0486 0.2590 0.2250 0.3223 0.1453
74 0.1666 0.2791 0.3999 0.1339 0.0205
75 0.3083 0.2786 0.2365 0.1625 0.0141
76 0.1254 0.3716 0.0602 0.3894 0.0535
77 0.1219 0.1591 0.1693 0.4531 0.0965
78 0.1404 0.7300 0.0972 0.0201 0.0124
79 0.2032 0.3484 0.0410 0.1909 0.2163
80 0.1642 0.2522 0.3557 0.2191 0.0088
81 0.2625 0.5513 0.0900 0.0648 0.0318
82 0.0770 0.6919 0.1543 0.0406 0.0364
83 0.1260 0.6250 0.0859 0.0922 0.0707
84 0.2480 0.2057 0.3313 0.1978 0.0173
85 0.1061 0.2283 0.5693 0.0764 0.0199
86 0.0876 0.7393 0.0621 0.0359 0.0750
87 0.1558 0.1176 0.0681 0.1711 0.4875
88 0.2083 0.5796 0.0660 0.0332 0.1132
89 0.0936 0.7837 0.0474 0.0442 0.0311
90 0.1208 0.6636 0.0492 0.1370 0.0292
91 0.0433 0.8975 0.0317 0.0228 0.0047
92 0.0916 0.4951 0.2979 0.0840 0.0314
93 0.2422 0.1718 0.0589 0.0956 0.4316
94 0.1316 0.1689 0.0455 0.2421 0.4119
95 0.0921 0.7715 0.0572 0.0467 0.0326
96 0.1096 0.6558 0.1176 0.0564 0.0605
97 0.0829 0.5889 0.2739 0.0398 0.0144
98 0.0888 0.7554 0.1354 0.0142 0.0063
99 0.1898 0.4146 0.0536 0.2363 0.1057
100 0.2079 0.3650 0.2754 0.1166 0.0350
101 0.3298 0.4075 0.0106 0.1522 0.0999
102 0.2159 0.3940 0.0634 0.0559 0.2708
103 0.1648 0.2083 0.0335 0.1168 0.4768
104 0.2820 0.4368 0.1105 0.1213 0.0494
105 0.1824 0.6416 0.0499 0.0635 0.0626
106 0.0724 0.6016 0.1417 0.1157 0.0685
107 0.1002 0.5132 0.2725 0.0695 0.0448
108 0.2268 0.5273 0.0961 0.0506 0.0991
109 0.3088 0.5420 0.0899 0.0508 0.0082
110 0.4834 0.3071 0.0707 0.1046 0.0342
111 0.4041 0.4136 0.0881 0.0827 0.0117
112 0.0710 0.7637 0.0850 0.0705 0.0098
113 0.0434 0.6685 0.1771 0.1075 0.0033
114 0.1562 0.0843 0.0744 0.6274 0.0575
115 0.1812 0.5493 0.0817 0.1743 0.0133
116 0.3081 0.5894 0.0265 0.0667 0.0096
117 0.0854 0.2416 0.0742 0.3250 0.2737
118 0.1680 0.4600 0.0424 0.1979 0.1318
119 0.1848 0.3589 0.0390 0.1484 0.2688
120 0.1769 0.6729 0.0540 0.0480 0.0484
121 0.1659 0.7095 0.0487 0.0265 0.0494
122 0.2341 0.1355 0.0527 0.5444 0.0332
123 0.2059 0.4900 0.1077 0.0482 0.1483
124 0.0758 0.6914 0.1694 0.0501 0.0133
125 0.3081 0.4412 0.0458 0.1586 0.0465
126 0.2374 0.4265 0.0429 0.1053 0.1877
127 0.1970 0.4172 0.0317 0.0909 0.2632
128 0.1157 0.1631 0.1484 0.4868 0.0859
129 0.0961 0.7324 0.1243 0.0373 0.0097
130 0.3870 0.1799 0.0580 0.2788 0.0963
131 0.4778 0.2240 0.0320 0.2104 0.0558
132 0.3037 0.2559 0.1050 0.2991 0.0366
133 0.2349 0.3313 0.0372 0.3445 0.0524
134 0.0888 0.4009 0.0634 0.0759 0.3708
135 0.1978 0.5415 0.0263 0.0941 0.1401
136 0.2452 0.4138 0.0219 0.2913 0.0277
137 0.2515 0.5532 0.0527 0.0666 0.0760
138 0.1241 0.0982 0.0765 0.2469 0.4541
139 0.0172 0.8169 0.0273 0.1376 0.0011
140 0.1168 0.5752 0.0760 0.2083 0.0237
141 0.0886 0.7412 0.0256 0.1146 0.0299
142 0.1530 0.4224 0.1415 0.0838 0.1995
143 0.3340 0.4460 0.0290 0.0463 0.1448
144 0.3264 0.1918 0.0988 0.3501 0.0331
145 0.1309 0.0942 0.1339 0.6050 0.0358
146 0.1366 0.4551 0.0666 0.1942 0.1477
147 0.2095 0.5103 0.1532 0.0370 0.0901
148 0.0261 0.3130 0.1958 0.4553 0.0097
149 0.1843 0.5635 0.0421 0.0733 0.1370
150 0.0083 0.4050 0.2037 0.3806 0.0023
151 0.0986 0.7119 0.0532 0.0941 0.0421
152 0.1628 0.4749 0.0287 0.0950 0.2388
153 0.0810 0.2185 0.1008 0.4773 0.1226
154 0.0474 0.3999 0.2502 0.1948 0.1076
155 0.1240 0.1361 0.4292 0.2905 0.0202
156 0.0236 0.1854 0.3411 0.2495 0.2004
157 0.0890 0.4963 0.1599 0.2308 0.0240
158 0.1588 0.2479 0.1731 0.3523 0.0678
159 0.1426 0.3669 0.3904 0.0972 0.0029
160 0.0806 0.4358 0.3042 0.0141 0.1654
161 0.1111 0.5869 0.2646 0.0321 0.0052
162 0.1094 0.3940 0.2177 0.1383 0.1405
163 0.1155 0.2688 0.1655 0.1708 0.2793
164 0.3721 0.0744 0.1368 0.3108 0.1058
165 0.0860 0.1658 0.1710 0.4797 0.0975
166 0.0922 0.4795 0.0505 0.2247 0.1532
167 0.1796 0.3923 0.0977 0.1769 0.1536
168 0.0383 0.6582 0.0891 0.1515 0.0632
169 0.0551 0.7607 0.0510 0.0615 0.0718
170 0.1155 0.3167 0.1951 0.2209 0.1519
171 0.1555 0.4192 0.2075 0.1721 0.0456
172 0.2078 0.1078 0.0345 0.1670 0.4832
173 0.1761 0.3816 0.0609 0.0283 0.3530
174 0.1125 0.7163 0.0856 0.0570 0.0284
175 0.1868 0.4409 0.0855 0.2324 0.0544
176 0.0307 0.6885 0.0552 0.0518 0.1741
177 0.1149 0.6875 0.0397 0.0334 0.1243
178 0.0805 0.5952 0.2089 0.0632 0.0524
179 0.1177 0.6831 0.1324 0.0382 0.0286
180 0.1083 0.4490 0.0733 0.0383 0.3311
181 0.1433 0.5161 0.2255 0.0804 0.0349
182 0.1555 0.2605 0.2905 0.1997 0.0936
183 0.1016 0.2474 0.1367 0.4482 0.0661
184 0.5137 0.2426 0.0187 0.0558 0.1693
185 0.2191 0.6963 0.0497 0.0161 0.0190
186 0.2642 0.4253 0.1887 0.0485 0.0734
187 0.4060 0.0885 0.0415 0.3582 0.1059
188 0.3298 0.2080 0.0403 0.3594 0.0625
189 0.0894 0.3911 0.0529 0.1104 0.3562
190 0.2402 0.5249 0.0994 0.0699 0.0657
191 0.2119 0.4519 0.0223 0.2021 0.1116
192 0.2367 0.1577 0.0272 0.4026 0.1759
193 0.3293 0.4944 0.0859 0.0600 0.0304
194 0.4236 0.2529 0.0189 0.2017 0.1030
195 0.1263 0.6729 0.0483 0.1000 0.0527
196 0.1536 0.1971 0.1159 0.4373 0.0961
197 0.2213 0.2393 0.0937 0.3884 0.0573
198 0.0810 0.5986 0.2004 0.0911 0.0291
199 0.2231 0.4202 0.1301 0.2130 0.0134
200 0.2067 0.4585 0.0556 0.2361 0.0430
201 0.2732 0.3193 0.0582 0.3000 0.0493
202 0.3198 0.3569 0.0359 0.2571 0.0305
203 0.0980 0.4675 0.0331 0.1874 0.2140
204 0.1731 0.7178 0.0441 0.0466 0.0185
205 0.1029 0.4832 0.0356 0.3706 0.0079
206 0.2805 0.5449 0.0836 0.0607 0.0300
207 0.1364 0.5391 0.0724 0.1113 0.1406
208 0.4277 0.3955 0.0785 0.0317 0.0666
209 0.2367 0.4934 0.1248 0.1248 0.0205
210 0.3035 0.2119 0.0208 0.3660 0.0978
211 0.1143 0.7061 0.1326 0.0205 0.0267
212 0.4551 0.1133 0.0145 0.2020 0.2150
213 0.3643 0.3215 0.0563 0.1259 0.1320
214 0.2249 0.4436 0.1969 0.1251 0.0094
215 0.1635 0.5112 0.2234 0.0961 0.0056
216 0.1288 0.2090 0.5508 0.0135 0.0980
217 0.0448 0.6787 0.2419 0.0315 0.0031
218 0.1014 0.6616 0.0487 0.1141 0.0742
219 0.1045 0.1148 0.1594 0.6108 0.0104
220 0.0923 0.6016 0.2393 0.0547 0.0121
221 0.0586 0.4500 0.4160 0.0517 0.0238
222 0.0808 0.5269 0.2690 0.1149 0.0083
223 0.2190 0.2207 0.0459 0.0757 0.4387
224 0.1620 0.4651 0.3455 0.0233 0.0042
225 0.2969 0.3499 0.2769 0.0637 0.0127
226 0.2900 0.4060 0.2444 0.0470 0.0126
227 0.1231 0.4832 0.3647 0.0195 0.0096
228 0.0626 0.6035 0.3035 0.0230 0.0072
229 0.1048 0.7622 0.0849 0.0291 0.0188
230 0.1124 0.0343 0.0491 0.7681 0.0359
231 0.1016 0.5493 0.1490 0.1514 0.0488
232 0.1259 0.5220 0.1531 0.1506 0.0485
233 0.2050 0.5483 0.1262 0.0961 0.0243
234 0.2177 0.6250 0.1202 0.0228 0.0142
235 0.2391 0.1722 0.2111 0.3071 0.0707
236 0.2037 0.2830 0.2496 0.2310 0.0327
