time exciting_prob fearful_prob tense_prob sad_prob relaxing_prob
0 0.1037 0.1907 0.1353 0.5186 0.0521
1 0.0495 0.5122 0.0303 0.0155 0.3926
2 0.0563 0.4753 0.0381 0.0174 0.4128
3 0.0667 0.4629 0.0637 0.0229 0.3838
4 0.1128 0.8271 0.0339 0.0090 0.0172
5 0.1201 0.7188 0.0585 0.0254 0.0775
6 0.0548 0.8438 0.0535 0.0107 0.0371
7 0.0373 0.8223 0.1013 0.0379 0.0013
8 0.0855 0.6372 0.1769 0.0779 0.0227
9 0.0918 0.6226 0.1389 0.1326 0.0143
10 0.0905 0.5293 0.1978 0.1665 0.0162
11 0.0210 0.6519 0.1345 0.1345 0.0583
12 0.0067 0.7261 0.2590 0.0074 0.0006
13 0.0376 0.6411 0.2673 0.0479 0.0058
14 0.0160 0.6055 0.3672 0.0104 0.0009
15 0.0483 0.0092 0.0228 0.8979 0.0218
16 0.0569 0.0265 0.0291 0.8633 0.0243
17 0.0496 0.0257 0.0315 0.8657 0.0274
18 0.0324 0.0123 0.0422 0.9028 0.0100
19 0.0770 0.0149 0.0358 0.8408 0.0316
20 0.1075 0.1180 0.1469 0.6182 0.0093
21 0.1829 0.1665 0.2040 0.4385 0.0082
22 0.1007 0.2098 0.2416 0.4375 0.0105
23 0.0672 0.8442 0.0715 0.0101 0.0068
24 0.0403 0.9023 0.0497 0.0042 0.0033
25 0.0699 0.8589 0.0540 0.0086 0.0085
26 0.0442 0.8813 0.0619 0.0091 0.0036
27 0.0130 0.4204 0.5571 0.0087 0.0009
28 0.0203 0.3096 0.6060 0.0600 0.0039
29 0.0786 0.0285 0.0963 0.7817 0.0150
30 0.1545 0.2432 0.4268 0.1646 0.0112
31 0.1461 0.5430 0.1461 0.1270 0.0375
32 0.1439 0.4231 0.2776 0.1231 0.0324
33 0.0211 0.4871 0.4797 0.0117 0.0004
34 0.0431 0.5542 0.0371 0.1827 0.1827
35 0.2524 0.6655 0.0482 0.0217 0.0123
36 0.2822 0.5884 0.0815 0.0342 0.0135
37 0.0520 0.8394 0.0927 0.0113 0.0044
38 0.0629 0.8491 0.0645 0.0152 0.0085
39 0.0518 0.0277 0.0853 0.8096 0.0256
40 0.2720 0.2659 0.2238 0.1326 0.1057
41 0.2888 0.1621 0.1302 0.3486 0.0703
42 0.2424 0.1774 0.0920 0.4529 0.0352
43 0.0359 0.2064 0.4233 0.3196 0.0147
44 0.0067 0.0190 0.0272 0.9448 0.0024
45 0.1869 0.1899 0.2152 0.3718 0.0363
46 0.0652 0.3640 0.5552 0.0094 0.0063
47 0.0583 0.5791 0.3513 0.0087 0.0026
48 0.0564 0.2712 0.6606 0.0093 0.0022
49 0.1138 0.5781 0.2605 0.0302 0.0175
50 0.0444 0.4556 0.4629 0.0282 0.0089
51 0.0274 0.1530 0.6338 0.1788 0.0070
52 0.0264 0.5474 0.3943 0.0286 0.0030
53 0.1593 0.0422 0.0674 0.6401 0.0908
54 0.0968 0.4338 0.2551 0.2114 0.0029
55 0.1096 0.5972 0.1632 0.1271 0.0031
56 0.0830 0.5811 0.2137 0.1199 0.0025
57 0.1805 0.3118 0.2391 0.2429 0.0256
58 0.1655 0.3911 0.2773 0.1438 0.0222
59 0.1555 0.2686 0.2484 0.2729 0.0546
60 0.0726 0.1741 0.5981 0.1512 0.0039
61 0.1157 0.0582 0.4368 0.3347 0.0547
62 0.2123 0.1210 0.1298 0.4973 0.0396
63 0.3843 0.3418 0.1042 0.1436 0.0264
64 0.3296 0.2030 0.2411 0.1892 0.0370
65 0.1168 0.0596 0.3486 0.4546 0.0204
66 0.1062 0.3794 0.3794 0.1251 0.0097
67 0.1166 0.3884 0.3706 0.1148 0.0097
68 0.1501 0.5620 0.1714 0.0804 0.0359
69 0.1403 0.5547 0.1665 0.1084 0.0301
70 0.0485 0.5996 0.1718 0.1247 0.0554
71 0.0816 0.6626 0.1958 0.0531 0.0070
72 0.0767 0.6729 0.0136 0.0220 0.2150
73 0.0368 0.6890 0.0325 0.0251 0.2168
74 0.0489 0.0466 0.0637 0.8262 0.0146
75 0.3601 0.0925 0.1812 0.3491 0.0171
76 0.0734 0.0700 0.2859 0.5596 0.0113
77 0.1914 0.0693 0.3308 0.3928 0.0157
78 0.0776 0.0812 0.1472 0.6807 0.0136
79 0.1454 0.0939 0.3176 0.4080 0.0351
80 0.0298 0.8501 0.0569 0.0616 0.0018
81 0.0242 0.7588 0.1565 0.0594 0.0012
82 0.0358 0.6440 0.1720 0.1437 0.0048
83 0.2241 0.3752 0.2009 0.1553 0.0445
84 0.0583 0.6826 0.0660 0.0208 0.1725
85 0.1661 0.5117 0.2634 0.0487 0.0102
86 0.0787 0.4324 0.4060 0.0728 0.0101
87 0.1218 0.3752 0.4670 0.0287 0.0071
88 0.1158 0.2233 0.5190 0.1293 0.0124
89 0.1060 0.0900 0.1919 0.5728 0.0393
90 0.0180 0.3879 0.4534 0.1383 0.0024
91 0.1559 0.3250 0.4954 0.0228 0.0010
92 0.6201 0.1086 0.1221 0.1279 0.0212
93 0.5151 0.1488 0.1672 0.1511 0.0178
94 0.2076 0.6396 0.0643 0.0600 0.0283
95 0.2126 0.6450 0.0724 0.0533 0.0167
96 0.1975 0.4382 0.1143 0.2346 0.0152
97 0.1056 0.3923 0.1443 0.2306 0.1273
98 0.0947 0.2455 0.1056 0.5278 0.0263
99 0.1030 0.6558 0.1322 0.0113 0.0975
100 0.0712 0.5684 0.2297 0.0599 0.0706
101 0.0440 0.0960 0.0322 0.2303 0.5977
102 0.1466 0.2494 0.3684 0.1824 0.0531
103 0.0734 0.4094 0.3137 0.1654 0.0381
104 0.0096 0.0036 0.0159 0.9678 0.0030
105 0.0534 0.0982 0.1777 0.6206 0.0501
106 0.1475 0.7490 0.0747 0.0189 0.0101
107 0.0917 0.8438 0.0507 0.0073 0.0065
108 0.0390 0.6694 0.1059 0.0695 0.1163
109 0.0621 0.5405 0.1048 0.2515 0.0410
110 0.0290 0.7788 0.1071 0.0753 0.0098
111 0.0293 0.6260 0.0931 0.1823 0.0692
112 0.1896 0.1837 0.1986 0.3889 0.0391
113 0.2207 0.4060 0.1589 0.1918 0.0226
114 0.1759 0.3186 0.1209 0.3667 0.0178
115 0.0726 0.2917 0.0651 0.3989 0.1715
116 0.0628 0.1202 0.2177 0.5645 0.0350
117 0.0859 0.6973 0.2030 0.0105 0.0031
118 0.1298 0.2747 0.1338 0.3418 0.1200
119 0.1823 0.4875 0.0778 0.1262 0.1262
120 0.1594 0.4370 0.0840 0.1498 0.1698
121 0.0793 0.1035 0.2224 0.5420 0.0528
122 0.0908 0.5142 0.2212 0.1221 0.0517
123 0.2266 0.0922 0.1556 0.5103 0.0151
124 0.1735 0.1192 0.6294 0.0628 0.0150
125 0.0869 0.2438 0.1032 0.4414 0.1245
126 0.0218 0.2964 0.0455 0.6177 0.0185
127 0.0493 0.2161 0.1362 0.5605 0.0378
128 0.1973 0.0829 0.5039 0.2068 0.0094
129 0.0819 0.1394 0.1052 0.6650 0.0085
130 0.1606 0.1175 0.1683 0.5435 0.0101
131 0.1897 0.4480 0.2673 0.0815 0.0134
132 0.2014 0.5737 0.1619 0.0464 0.0165
133 0.1143 0.4739 0.0398 0.0411 0.3308
134 0.0792 0.5942 0.0232 0.1599 0.1434
135 0.1440 0.6768 0.1738 0.0040 0.0013
136 0.1439 0.5688 0.1936 0.0690 0.0244
137 0.1422 0.6377 0.1798 0.0181 0.0223
138 0.2054 0.3037 0.2556 0.2222 0.0130
139 0.1932 0.4290 0.1603 0.1816 0.0360
140 0.1622 0.3892 0.2593 0.1700 0.0192
141 0.1106 0.3516 0.1941 0.2493 0.0946
142 0.0920 0.4219 0.3086 0.1602 0.0174
143 0.0528 0.4895 0.1238 0.3064 0.0274
144 0.1088 0.1293 0.4373 0.2959 0.0288
145 0.1801 0.2241 0.2106 0.3752 0.0100
146 0.0485 0.2279 0.2502 0.4395 0.0339
147 0.0587 0.3330 0.1098 0.4695 0.0291
148 0.1010 0.6431 0.0118 0.1917 0.0524
149 0.0497 0.7471 0.0942 0.0920 0.0172
150 0.0204 0.1118 0.0536 0.7764 0.0381
151 0.1406 0.1261 0.2798 0.4399 0.0136
152 0.0657 0.1962 0.0912 0.5010 0.1458
153 0.0319 0.6011 0.0880 0.0839 0.1952
154 0.1041 0.3359 0.0904 0.4180 0.0515
155 0.1885 0.2458 0.3992 0.1638 0.0028
156 0.2896 0.3230 0.2052 0.1755 0.0069
157 0.0952 0.0403 0.2394 0.5928 0.0324
158 0.1517 0.2463 0.1238 0.4189 0.0590
159 0.6787 0.1144 0.0528 0.1237 0.0303
160 0.0685 0.0390 0.0880 0.7964 0.0081
161 0.2144 0.5825 0.0981 0.0846 0.0202
162 0.1003 0.6641 0.1414 0.0679 0.0264
163 0.1777 0.5918 0.0701 0.1260 0.0342
164 0.1231 0.3452 0.0922 0.3398 0.0997
165 0.1482 0.5376 0.1338 0.0912 0.0892
166 0.1808 0.1836 0.1793 0.3708 0.0854
167 0.1006 0.5923 0.0724 0.1104 0.1241
168 0.0152 0.5835 0.0362 0.3540 0.0109
169 0.0880 0.6353 0.0446 0.1605 0.0718
170 0.1250 0.2195 0.2646 0.3562 0.0345
171 0.1641 0.6904 0.1011 0.0201 0.0242
172 0.2632 0.2590 0.2715 0.1699 0.0365
173 0.2330 0.7178 0.0372 0.0071 0.0047
174 0.4211 0.5239 0.0332 0.0136 0.0079
175 0.5381 0.3875 0.0316 0.0338 0.0093
176 0.4822 0.3088 0.0604 0.0585 0.0899
177 0.3518 0.3745 0.0903 0.1124 0.0709
178 0.2134 0.6782 0.0626 0.0348 0.0112
179 0.0955 0.2537 0.2920 0.2617 0.0970
180 0.4080 0.2253 0.1927 0.1432 0.0307
181 0.0994 0.3721 0.1492 0.2991 0.0804
182 0.1654 0.2644 0.2012 0.2927 0.0764
183 0.2607 0.6108 0.0517 0.0145 0.0624
184 0.1569 0.7783 0.0501 0.0076 0.0069
185 0.4292 0.4324 0.0268 0.0113 0.1003
186 0.1167 0.4951 0.3738 0.0136 0.0009
187 0.0245 0.8306 0.1421 0.0030 0.0001
188 0.0773 0.7930 0.1151 0.0115 0.0031
189 0.4028 0.1948 0.1003 0.2424 0.0594
190 0.4402 0.0530 0.1087 0.3706 0.0275
191 0.3643 0.5059 0.0537 0.0244 0.0521
192 0.6592 0.2482 0.0296 0.0126 0.0504
193 0.0917 0.7739 0.1243 0.0075 0.0027
194 0.0759 0.7842 0.1271 0.0102 0.0027
195 0.0958 0.7900 0.1052 0.0065 0.0026
196 0.5967 0.3022 0.0387 0.0124 0.0501
197 0.6240 0.3186 0.0254 0.0074 0.0246
198 0.4785 0.3557 0.0467 0.0333 0.0858
199 0.4924 0.3660 0.1274 0.0093 0.0046
200 0.4482 0.4414 0.1065 0.0020 0.0018
201 0.2664 0.5908 0.0806 0.0224 0.0399
202 0.4548 0.3860 0.0223 0.0221 0.1150
203 0.2236 0.6782 0.0732 0.0135 0.0113
204 0.0390 0.8818 0.0375 0.0244 0.0173
205 0.2070 0.0926 0.0738 0.5122 0.1143
206 0.0886 0.1818 0.3318 0.3533 0.0446
207 0.2219 0.2761 0.2151 0.2438 0.0430
208 0.3372 0.0880 0.2078 0.2429 0.1241
209 0.2379 0.2825 0.3152 0.1133 0.0511
210 0.2269 0.2913 0.1023 0.3149 0.0645
211 0.3982 0.4307 0.1159 0.0219 0.0332
212 0.1159 0.1741 0.1536 0.5444 0.0119
213 0.0704 0.5801 0.3008 0.0351 0.0137
214 0.2157 0.4675 0.2225 0.0728 0.0215
215 0.1292 0.7148 0.1498 0.0039 0.0025
216 0.2299 0.4097 0.2952 0.0614 0.0039
217 0.2489 0.4651 0.2412 0.0379 0.0070
218 0.0555 0.5259 0.3396 0.0648 0.0141
219 0.1846 0.4712 0.1803 0.0712 0.0928
220 0.2446 0.2028 0.2059 0.2446 0.1020
221 0.3254 0.1637 0.1854 0.2656 0.0598
222 0.4133 0.2283 0.2212 0.1112 0.0260
223 0.3098 0.1558 0.1792 0.3296 0.0256
224 0.1938 0.3916 0.1418 0.2529 0.0198
225 0.2076 0.2109 0.3218 0.2281 0.0316
226 0.1742 0.5078 0.0954 0.2004 0.0221
227 0.6494 0.1471 0.0775 0.0851 0.0409
228 0.8140 0.1154 0.0231 0.0115 0.0360
229 0.8491 0.0923 0.0171 0.0061 0.0351
