time exciting_prob fearful_prob tense_prob sad_prob relaxing_prob
0 0.1949 0.2388 0.1494 0.3699 0.0470
1 0.1949 0.2388 0.1494 0.3699 0.0470
2 0.1949 0.2388 0.1494 0.3699 0.0470
3 0.3408 0.0848 0.3743 0.1488 0.0515
4 0.3508 0.1241 0.3347 0.1606 0.0297
5 0.3091 0.0623 0.2407 0.3188 0.0690
6 0.3987 0.1755 0.2476 0.1356 0.0427
7 0.0282 0.2698 0.2380 0.3687 0.0954
8 0.0867 0.0267 0.0032 0.0731 0.8101
9 0.0822 0.0257 0.0051 0.0693 0.8179
10 0.3516 0.4446 0.1098 0.0265 0.0676
11 0.3220 0.4470 0.1271 0.0542 0.0498
12 0.0611 0.1196 0.1313 0.2571 0.4307
13 0.0500 0.2091 0.1628 0.3447 0.2333
14 0.5566 0.2284 0.0316 0.0494 0.1343
15 0.0925 0.1810 0.3279 0.2117 0.1869
16 0.1340 0.2371 0.3240 0.1340 0.1708
17 0.1921 0.2078 0.4004 0.1250 0.0746
18 0.0461 0.0373 0.0077 0.1534 0.7554
19 0.0914 0.1129 0.0207 0.0776 0.6973
20 0.0282 0.1105 0.1088 0.0543 0.6982
21 0.0504 0.0787 0.0745 0.1381 0.6587
22 0.0589 0.0786 0.0549 0.1799 0.6279
23 0.6504 0.1440 0.0696 0.0834 0.0526
24 0.5693 0.0741 0.0820 0.1037 0.1709
25 0.3179 0.1315 0.0172 0.1649 0.3687
26 0.4360 0.3396 0.0813 0.0328 0.1102
27 0.1307 0.1257 0.0294 0.0950 0.6191
28 0.1302 0.1837 0.0616 0.0450 0.5796
29 0.0755 0.1729 0.0476 0.0817 0.6226
30 0.0451 0.0267 0.0303 0.0465 0.8511
31 0.0327 0.0324 0.0183 0.0400 0.8765
32 0.0993 0.1125 0.1663 0.6177 0.0041
33 0.2869 0.2216 0.3149 0.1571 0.0195
34 0.0897 0.1265 0.0817 0.1170 0.5850
35 0.2169 0.0891 0.2786 0.3992 0.0163
36 0.4058 0.1050 0.2172 0.2461 0.0259
37 0.5337 0.1154 0.0898 0.1902 0.0711
38 0.1097 0.1896 0.1726 0.3711 0.1571
39 0.4675 0.3728 0.1102 0.0294 0.0199
40 0.0821 0.1213 0.4041 0.2693 0.1232
41 0.0894 0.1130 0.3647 0.3428 0.0901
42 0.1388 0.1797 0.0732 0.4810 0.1274
43 0.1453 0.3767 0.3123 0.1096 0.0560
44 0.1616 0.3757 0.3066 0.1093 0.0467
45 0.1582 0.4438 0.2610 0.0854 0.0518
46 0.3225 0.2632 0.0289 0.0676 0.3176
47 0.1121 0.3323 0.1321 0.2283 0.1953
48 0.1396 0.0610 0.3101 0.3918 0.0975
49 0.1077 0.1747 0.3369 0.3213 0.0594
50 0.0759 0.0944 0.1440 0.5967 0.0887
51 0.2571 0.0420 0.2377 0.3799 0.0834
52 0.3745 0.1797 0.2986 0.1016 0.0458
53 0.0684 0.1947 0.4155 0.2122 0.1093
54 0.0574 0.1754 0.6367 0.1056 0.0247
55 0.3511 0.1893 0.2649 0.1765 0.0180
56 0.2715 0.4204 0.0218 0.1896 0.0968
57 0.1547 0.2822 0.5190 0.0433 0.0009
58 0.2898 0.2103 0.4087 0.0877 0.0036
59 0.2537 0.1143 0.0830 0.1562 0.3928
60 0.0941 0.0745 0.1917 0.4121 0.2277
61 0.1155 0.1580 0.2334 0.3450 0.1483
62 0.1577 0.5591 0.0705 0.1627 0.0500
63 0.0881 0.1292 0.3430 0.2671 0.1725
64 0.1182 0.1076 0.3040 0.3289 0.1414
65 0.1584 0.2739 0.3923 0.1313 0.0440
66 0.6719 0.1409 0.0719 0.0938 0.0216
67 0.7354 0.0489 0.0435 0.1238 0.0485
68 0.4614 0.4268 0.0314 0.0200 0.0605
69 0.5933 0.2781 0.0676 0.0257 0.0351
70 0.1252 0.0522 0.6167 0.2034 0.0025
71 0.0623 0.5913 0.2793 0.0648 0.0027
72 0.0970 0.1799 0.5122 0.2039 0.0069
73 0.3555 0.2856 0.2405 0.1110 0.0074
74 0.1749 0.2467 0.4468 0.0936 0.0381
75 0.2175 0.3420 0.2389 0.1980 0.0035
76 0.0912 0.5586 0.2991 0.0473 0.0035
77 0.0822 0.1442 0.5977 0.1686 0.0074
78 0.0637 0.2274 0.6279 0.0739 0.0069
79 0.0699 0.2700 0.6089 0.0488 0.0024
80 0.1873 0.2057 0.2368 0.3286 0.0415
81 0.1284 0.6890 0.1016 0.0786 0.0023
82 0.0814 0.1202 0.6602 0.1300 0.0081
83 0.0451 0.5762 0.2054 0.1676 0.0057
84 0.3086 0.2744 0.1127 0.2559 0.0485
85 0.1658 0.3853 0.1321 0.2450 0.0718
86 0.2720 0.3630 0.0612 0.1990 0.1049
87 0.1080 0.6670 0.0440 0.1500 0.0310
88 0.1942 0.4585 0.1560 0.1466 0.0447
89 0.1164 0.2561 0.4568 0.1506 0.0201
90 0.6914 0.1060 0.0256 0.0685 0.1085
91 0.5645 0.2795 0.1129 0.0311 0.0120
92 0.1187 0.0211 0.3953 0.4478 0.0171
93 0.1934 0.0757 0.3091 0.3906 0.0313
94 0.2788 0.1370 0.2385 0.3210 0.0246
95 0.3596 0.1547 0.2512 0.1740 0.0606
96 0.6494 0.1906 0.0826 0.0328 0.0446
97 0.1405 0.2334 0.4790 0.1299 0.0173
98 0.1666 0.0550 0.3418 0.3474 0.0892
99 0.1541 0.4636 0.2368 0.1182 0.0272
100 0.0797 0.4146 0.1206 0.2805 0.1048
101 0.1119 0.6440 0.1129 0.0764 0.0546
102 0.2346 0.1827 0.3157 0.2170 0.0500
103 0.2078 0.1520 0.2111 0.4131 0.0160
104 0.1078 0.2144 0.5225 0.1342 0.0214
105 0.1642 0.0235 0.1616 0.5913 0.0594
106 0.6987 0.0487 0.0961 0.1205 0.0359
107 0.2322 0.0173 0.1837 0.5234 0.0436
108 0.7803 0.0682 0.0451 0.0687 0.0377
109 0.6865 0.1722 0.0759 0.0375 0.0277
110 0.3477 0.0355 0.3533 0.2390 0.0244
111 0.1682 0.2264 0.1439 0.3118 0.1497
112 0.2949 0.1890 0.3115 0.1566 0.0481
113 0.4546 0.2415 0.0692 0.1686 0.0660
114 0.1632 0.0867 0.1212 0.4006 0.2283
115 0.4978 0.2905 0.1240 0.0497 0.0381
116 0.1893 0.1938 0.4299 0.1322 0.0547
117 0.1813 0.1550 0.3440 0.3083 0.0113
118 0.1847 0.5513 0.2262 0.0246 0.0133
119 0.0818 0.1126 0.5166 0.2722 0.0166
120 0.2002 0.1609 0.4727 0.1409 0.0255
121 0.2094 0.2030 0.1331 0.3882 0.0664
122 0.1638 0.1946 0.2329 0.2898 0.1190
123 0.3958 0.0421 0.1813 0.3132 0.0677
124 0.5850 0.3081 0.0829 0.0146 0.0095
125 0.0465 0.4143 0.4080 0.1169 0.0145
126 0.0575 0.0726 0.2053 0.5850 0.0798
127 0.2023 0.1786 0.3335 0.1731 0.1126
128 0.2805 0.4309 0.0682 0.0816 0.1388
129 0.0835 0.3982 0.2959 0.1293 0.0931
130 0.5903 0.0146 0.0949 0.2620 0.0381
131 0.5630 0.1041 0.1083 0.1337 0.0912
132 0.2400 0.2219 0.3230 0.0992 0.1160
133 0.3279 0.2437 0.1573 0.1742 0.0969
134 0.1214 0.7554 0.0457 0.0319 0.0454
135 0.7832 0.1426 0.0142 0.0242 0.0358
136 0.5581 0.1562 0.1826 0.0480 0.0548
137 0.1843 0.1858 0.4187 0.1190 0.0920
138 0.1209 0.0987 0.3611 0.3782 0.0411
139 0.1296 0.5049 0.1470 0.1458 0.0728
140 0.6372 0.0597 0.1943 0.0687 0.0401
141 0.0939 0.2325 0.5664 0.0984 0.0086
142 0.1451 0.2734 0.3003 0.2690 0.0122
143 0.6475 0.1216 0.1389 0.0357 0.0565
144 0.5371 0.2659 0.0330 0.0341 0.1296
145 0.4949 0.0198 0.3049 0.1582 0.0224
146 0.5874 0.0133 0.0759 0.2820 0.0413
147 0.1017 0.2294 0.4561 0.1992 0.0136
148 0.1052 0.0581 0.1935 0.6050 0.0381
149 0.6787 0.0798 0.1346 0.0548 0.0519
150 0.2441 0.0227 0.0898 0.6040 0.0392
151 0.2639 0.0566 0.1842 0.4705 0.0249
152 0.8667 0.0244 0.0489 0.0412 0.0188
153 0.0731 0.1571 0.1726 0.5483 0.0487
154 0.1129 0.2141 0.3450 0.1506 0.1775
155 0.0811 0.3694 0.1758 0.3469 0.0267
156 0.4316 0.0667 0.3259 0.1337 0.0421
157 0.1802 0.2600 0.1963 0.3472 0.0162
158 0.3933 0.0941 0.1902 0.2480 0.0745
159 0.1648 0.2067 0.2803 0.1700 0.1782
160 0.2411 0.0670 0.2776 0.3455 0.0691
161 0.2617 0.0683 0.2499 0.3311 0.0891
162 0.1782 0.0327 0.2937 0.3542 0.1410
163 0.1987 0.1015 0.1548 0.3127 0.2323
164 0.2537 0.4180 0.0699 0.0579 0.2006
165 0.2217 0.3079 0.0531 0.2673 0.1500
166 0.2379 0.4377 0.0889 0.0889 0.1466
167 0.3188 0.0819 0.0545 0.3289 0.2157
168 0.2306 0.4443 0.0784 0.2200 0.0267
169 0.3401 0.0370 0.2411 0.1130 0.2690
170 0.2517 0.0570 0.3750 0.0798 0.2365
171 0.2281 0.0614 0.3293 0.0412 0.3398
172 0.2421 0.3870 0.0352 0.1189 0.2170
173 0.0454 0.2435 0.3381 0.3489 0.0239
174 0.0785 0.3330 0.3716 0.1958 0.0213
175 0.2300 0.3269 0.1331 0.2908 0.0193
176 0.3228 0.1825 0.2417 0.2150 0.0380
177 0.2756 0.2756 0.3147 0.1131 0.0211
178 0.0897 0.1478 0.1675 0.5752 0.0197
179 0.3838 0.2239 0.1991 0.1588 0.0343
180 0.7510 0.1526 0.0341 0.0310 0.0312
181 0.6743 0.1277 0.0689 0.0920 0.0369
182 0.1000 0.0677 0.3777 0.1783 0.2764
183 0.1052 0.1483 0.3909 0.3240 0.0316
184 0.2922 0.1481 0.3525 0.1718 0.0355
185 0.4351 0.1434 0.2766 0.1002 0.0448
186 0.7930 0.0205 0.0144 0.0631 0.1090
187 0.5298 0.1043 0.1173 0.1426 0.1060
188 0.6313 0.1523 0.0239 0.0961 0.0961
189 0.6587 0.1759 0.0285 0.0722 0.0647
190 0.3770 0.0376 0.4766 0.0895 0.0192
191 0.1163 0.1774 0.5464 0.1494 0.0105
192 0.5479 0.0498 0.0938 0.1698 0.1385
193 0.5620 0.1356 0.1444 0.0646 0.0932
194 0.5596 0.1339 0.1566 0.0700 0.0800
195 0.1497 0.1331 0.5605 0.1342 0.0228
196 0.1583 0.0803 0.6987 0.0385 0.0243
197 0.0663 0.1448 0.7466 0.0363 0.0059
198 0.5059 0.2012 0.1174 0.0776 0.0981
199 0.5884 0.1141 0.1159 0.0809 0.1006
200 0.7100 0.0547 0.0828 0.0518 0.1007
201 0.8013 0.0260 0.0301 0.0438 0.0988
202 0.7993 0.0519 0.0612 0.0437 0.0437
203 0.7773 0.0399 0.0859 0.0517 0.0453
204 0.8267 0.0349 0.0520 0.0432 0.0432
205 0.5938 0.0227 0.1206 0.1675 0.0955
206 0.1903 0.0700 0.3394 0.3669 0.0333
207 0.1946 0.2808 0.2039 0.2617 0.0589
208 0.8169 0.0660 0.0218 0.0367 0.0587
209 0.8032 0.0530 0.0262 0.0600 0.0577
210 0.8452 0.0612 0.0272 0.0257 0.0408
211 0.7969 0.0609 0.0350 0.0479 0.0595
212 0.0693 0.1377 0.6992 0.0848 0.0088
213 0.0779 0.2678 0.5581 0.0869 0.0092
214 0.6743 0.1019 0.1248 0.0589 0.0399
215 0.6606 0.0952 0.1544 0.0464 0.0435
216 0.6304 0.0894 0.1473 0.0840 0.0490
217 0.6602 0.1395 0.0959 0.0638 0.0406
218 0.2161 0.2264 0.4099 0.1104 0.0373
219 0.0667 0.0677 0.2637 0.5762 0.0257
220 0.0846 0.1593 0.5225 0.2014 0.0324
221 0.1383 0.1721 0.4753 0.1748 0.0393
222 0.7773 0.0928 0.0297 0.0425 0.0576
223 0.6670 0.0848 0.0376 0.1031 0.1072
224 0.6846 0.0824 0.0571 0.1025 0.0733
225 0.2429 0.1221 0.1520 0.4197 0.0634
