time exciting_prob fearful_prob tense_prob sad_prob relaxing_prob
0 0.2037 0.2830 0.2496 0.2310 0.0327
1 0.0570 0.1133 0.0897 0.6943 0.0458
2 0.1298 0.3640 0.2542 0.1747 0.0775
3 0.0427 0.4453 0.1538 0.2346 0.1236
4 0.0649 0.3269 0.2546 0.2014 0.1521
5 0.0452 0.6143 0.2295 0.0637 0.0474
6 0.0865 0.5386 0.1847 0.0966 0.0936
7 0.0417 0.7500 0.1063 0.0895 0.0126
8 0.0259 0.8110 0.1115 0.0388 0.0125
9 0.0723 0.5864 0.1309 0.0478 0.1628
10 0.0344 0.2729 0.0614 0.0886 0.5425
11 0.0517 0.2094 0.0456 0.0176 0.6758
12 0.3157 0.1827 0.1689 0.1689 0.1637
13 0.1198 0.0962 0.1295 0.1008 0.5537
14 0.3206 0.1770 0.0667 0.1152 0.3206
15 0.0934 0.1349 0.1425 0.2330 0.3962
16 0.2458 0.2537 0.1827 0.1009 0.2169
17 0.0434 0.4521 0.1826 0.1276 0.1945
18 0.0227 0.5708 0.2532 0.0698 0.0835
19 0.0240 0.5645 0.2666 0.0795 0.0654
20 0.0228 0.5581 0.3032 0.0487 0.0671
21 0.0238 0.5474 0.3218 0.0449 0.0623
22 0.0659 0.6152 0.1175 0.1053 0.0959
23 0.1876 0.2194 0.1790 0.3450 0.0690
24 0.0453 0.5698 0.1510 0.0625 0.1711
25 0.0825 0.6187 0.1190 0.0270 0.1528
26 0.1678 0.3499 0.0864 0.0699 0.3259
27 0.3228 0.2937 0.0640 0.0977 0.2218
28 0.2498 0.2239 0.0926 0.1082 0.3257
29 0.2147 0.2198 0.0875 0.0475 0.4304
30 0.3833 0.1324 0.0682 0.0645 0.3516
31 0.1826 0.1990 0.1207 0.1082 0.3896
32 0.1981 0.3503 0.1832 0.0746 0.1936
33 0.3904 0.1229 0.1248 0.1059 0.2561
34 0.2275 0.2311 0.1338 0.1539 0.2537
35 0.1109 0.4285 0.1902 0.0598 0.2104
36 0.0898 0.3638 0.1787 0.0613 0.3064
37 0.3188 0.1393 0.2996 0.1654 0.0769
38 0.2307 0.2418 0.2036 0.1943 0.1294
39 0.3328 0.1595 0.1453 0.1925 0.1699
40 0.1565 0.1874 0.1085 0.2993 0.2482
41 0.2201 0.1586 0.2068 0.3572 0.0574
42 0.1182 0.2443 0.3418 0.1392 0.1565
43 0.2289 0.1868 0.3955 0.1455 0.0433
44 0.1711 0.2001 0.1312 0.1571 0.3403
45 0.2822 0.1522 0.2844 0.1570 0.1242
46 0.3372 0.1069 0.1473 0.1290 0.2795
47 0.2153 0.1731 0.1539 0.1368 0.3208
48 0.4939 0.0832 0.0613 0.0572 0.3042
49 0.1802 0.1191 0.1565 0.0623 0.4822
50 0.2769 0.0980 0.1437 0.0942 0.3875
51 0.4551 0.0755 0.1444 0.0925 0.2325
52 0.3625 0.0353 0.0650 0.1940 0.3433
53 0.3347 0.1078 0.1251 0.1078 0.3245
54 0.3186 0.1577 0.1181 0.0448 0.3608
55 0.2808 0.1135 0.1100 0.1515 0.3442
56 0.3948 0.1807 0.0759 0.0413 0.3074
57 0.2284 0.2798 0.1261 0.1261 0.2394
58 0.3015 0.2240 0.0657 0.0751 0.3337
59 0.2632 0.2114 0.1635 0.1224 0.2396
60 0.2490 0.0909 0.1671 0.4170 0.0759
61 0.1471 0.2749 0.4639 0.0851 0.0290
62 0.1549 0.1622 0.3489 0.2717 0.0621
63 0.2384 0.1614 0.1401 0.3750 0.0850
64 0.1967 0.2161 0.2710 0.1643 0.1520
65 0.2593 0.1039 0.1366 0.3516 0.1488
66 0.1366 0.1465 0.2166 0.4109 0.0895
67 0.4031 0.0845 0.0942 0.2603 0.1578
68 0.5264 0.1656 0.0753 0.2062 0.0264
69 0.2357 0.1698 0.3123 0.2284 0.0538
70 0.2246 0.2281 0.1461 0.1427 0.2585
71 0.1119 0.6147 0.1628 0.0872 0.0235
72 0.1295 0.4346 0.3081 0.1161 0.0117
73 0.2720 0.2764 0.1841 0.2021 0.0656
74 0.2563 0.1566 0.1068 0.3342 0.1460
75 0.1481 0.2480 0.1317 0.4492 0.0229
76 0.3430 0.0475 0.0342 0.3538 0.2214
77 0.2308 0.2700 0.1479 0.1975 0.1538
78 0.2010 0.2747 0.0512 0.2705 0.2025
79 0.0876 0.4814 0.0672 0.0978 0.2659
80 0.2935 0.2018 0.0440 0.2322 0.2286
81 0.2249 0.4402 0.0217 0.0288 0.2842
82 0.2222 0.2086 0.0970 0.3960 0.0762
83 0.3193 0.1121 0.1221 0.2729 0.1736
84 0.1763 0.1260 0.0944 0.4983 0.1052
85 0.1006 0.5107 0.2180 0.1105 0.0601
86 0.2007 0.2578 0.0434 0.2384 0.2598
87 0.2405 0.1425 0.0884 0.2025 0.3262
88 0.1732 0.3289 0.2350 0.1603 0.1027
89 0.3013 0.2222 0.1871 0.1960 0.0933
90 0.1207 0.3333 0.1870 0.2086 0.1503
91 0.2280 0.3423 0.2012 0.0210 0.2075
92 0.1628 0.1085 0.2445 0.0746 0.4094
93 0.1266 0.1338 0.6582 0.0745 0.0069
94 0.2358 0.2632 0.2147 0.2452 0.0410
95 0.0420 0.8838 0.0491 0.0047 0.0206
96 0.0262 0.8398 0.1191 0.0019 0.0128
97 0.0435 0.7827 0.1229 0.0209 0.0301
98 0.1031 0.7212 0.0896 0.0312 0.0547
99 0.1273 0.3201 0.3684 0.1768 0.0077
100 0.2705 0.3367 0.1888 0.1774 0.0266
101 0.4832 0.2795 0.0093 0.1509 0.0770
102 0.1477 0.0816 0.2397 0.1927 0.3381
103 0.1084 0.6851 0.1516 0.0500 0.0049
104 0.1945 0.3308 0.2617 0.1663 0.0469
105 0.1337 0.5122 0.2874 0.0496 0.0170
106 0.1715 0.5801 0.1611 0.0579 0.0293
107 0.5190 0.2590 0.0772 0.0356 0.1088
108 0.2869 0.3030 0.0991 0.2166 0.0946
109 0.0189 0.7681 0.0491 0.1489 0.0152
110 0.2313 0.1641 0.2107 0.3696 0.0242
111 0.2462 0.4934 0.0980 0.0689 0.0934
112 0.3826 0.2607 0.1096 0.1149 0.1322
113 0.0652 0.6748 0.0885 0.1448 0.0266
114 0.2216 0.5483 0.1252 0.0494 0.0552
115 0.1982 0.3618 0.2467 0.1605 0.0329
116 0.0671 0.3801 0.4175 0.0097 0.1254
117 0.2615 0.4451 0.1456 0.0271 0.1207
118 0.1671 0.2549 0.1451 0.4072 0.0258
119 0.0450 0.4800 0.1272 0.1510 0.1969
120 0.1010 0.6484 0.2258 0.0201 0.0047
121 0.2035 0.1754 0.1015 0.4585 0.0611
122 0.1063 0.4690 0.2050 0.0697 0.1499
123 0.1748 0.4497 0.2583 0.0384 0.0788
124 0.2301 0.3323 0.1194 0.1038 0.2145
125 0.1815 0.0689 0.0492 0.5859 0.1145
126 0.1278 0.2971 0.3066 0.2465 0.0219
127 0.2227 0.1531 0.0568 0.3616 0.2059
128 0.1882 0.3772 0.0779 0.1838 0.1727
129 0.1381 0.1126 0.1842 0.2661 0.2991
130 0.2646 0.2372 0.1790 0.2334 0.0859
131 0.1318 0.1448 0.1248 0.2405 0.3582
132 0.0968 0.4207 0.1477 0.0569 0.2781
133 0.3982 0.2083 0.2148 0.1089 0.0698
134 0.3433 0.3030 0.2416 0.0569 0.0552
135 0.2288 0.1926 0.1622 0.2654 0.1511
136 0.1390 0.2639 0.1066 0.4561 0.0344
137 0.0453 0.8164 0.1071 0.0090 0.0224
138 0.1230 0.4717 0.2263 0.1394 0.0396
139 0.0223 0.9062 0.0528 0.0119 0.0068
140 0.0632 0.5854 0.1469 0.1552 0.0492
141 0.1090 0.5322 0.2052 0.0761 0.0773
142 0.0964 0.5376 0.2747 0.0516 0.0396
143 0.1127 0.6592 0.1191 0.0554 0.0537
144 0.5532 0.0704 0.0322 0.2417 0.1024
145 0.4941 0.2245 0.0266 0.0907 0.1642
146 0.7373 0.1464 0.0345 0.0385 0.0433
147 0.1744 0.5542 0.2007 0.0549 0.0157
148 0.2383 0.0798 0.2556 0.3181 0.1082
149 0.2573 0.2289 0.3081 0.1769 0.0289
150 0.3528 0.1627 0.1918 0.2090 0.0838
151 0.5776 0.0980 0.0980 0.0757 0.1506
152 0.3010 0.2720 0.0616 0.2151 0.1501
153 0.1705 0.2661 0.2747 0.1505 0.1381
154 0.3230 0.0978 0.0465 0.3777 0.1550
155 0.3884 0.0707 0.0610 0.3594 0.1204
156 0.4324 0.1393 0.0609 0.2314 0.1361
157 0.3140 0.3342 0.0800 0.1681 0.1036
158 0.2747 0.2242 0.2173 0.2074 0.0763
159 0.2981 0.1453 0.0703 0.2651 0.2214
160 0.2695 0.1410 0.0620 0.3303 0.1973
161 0.3831 0.1047 0.0882 0.3713 0.0527
162 0.1060 0.0996 0.0893 0.1495 0.5557
163 0.2213 0.4136 0.0952 0.1792 0.0908
164 0.1777 0.2317 0.2666 0.2585 0.0654
165 0.2378 0.5361 0.0999 0.0597 0.0666
166 0.2698 0.3333 0.1769 0.1346 0.0856
167 0.1354 0.4614 0.2451 0.0960 0.0620
168 0.1956 0.1823 0.1088 0.3101 0.2034
169 0.2191 0.2191 0.1146 0.2881 0.1591
170 0.2795 0.1300 0.0595 0.1722 0.3589
171 0.4194 0.1111 0.0839 0.3022 0.0833
172 0.3684 0.1387 0.1302 0.3276 0.0351
173 0.1558 0.4236 0.1698 0.1608 0.0901
174 0.1289 0.4194 0.1484 0.1920 0.1111
175 0.1545 0.2756 0.1464 0.3708 0.0526
176 0.1221 0.4099 0.1362 0.2998 0.0319
177 0.0443 0.6714 0.0901 0.1013 0.0930
178 0.4468 0.1952 0.1028 0.1921 0.0629
179 0.3235 0.1190 0.1652 0.3416 0.0508
180 0.4033 0.1165 0.0833 0.1260 0.2708
181 0.4126 0.2191 0.1654 0.1517 0.0512
182 0.4766 0.1196 0.1039 0.1794 0.1205
183 0.3608 0.1528 0.1801 0.1746 0.1317
184 0.3196 0.2734 0.1213 0.1969 0.0887
185 0.2037 0.5801 0.1400 0.0465 0.0296
186 0.2898 0.5498 0.0978 0.0327 0.0301
187 0.1482 0.6538 0.1602 0.0188 0.0191
188 0.2305 0.1621 0.2018 0.1621 0.2434
189 0.1144 0.1858 0.0825 0.2241 0.3933
190 0.1127 0.3364 0.1918 0.1517 0.2073
191 0.1088 0.3679 0.1375 0.2568 0.1292
192 0.0837 0.2559 0.0927 0.4932 0.0745
193 0.1462 0.4102 0.1670 0.1070 0.1697
194 0.2085 0.2496 0.3230 0.1715 0.0473
195 0.1216 0.3545 0.3833 0.0797 0.0607
