time exciting_prob fearful_prob tense_prob sad_prob relaxing_prob
0 0.2037 0.2830 0.2496 0.2310 0.0327
1 0.1433 0.2290 0.3545 0.1927 0.0804
2 0.5591 0.0533 0.0485 0.0812 0.2581
3 0.8110 0.0146 0.0198 0.0320 0.1224
4 0.7021 0.0199 0.0445 0.1268 0.1068
5 0.2949 0.0078 0.0590 0.4568 0.1816
6 0.3416 0.1588 0.2404 0.0336 0.2257
7 0.2457 0.1049 0.1755 0.0593 0.4146
8 0.2008 0.0844 0.2539 0.0799 0.3811
9 0.2671 0.1013 0.1364 0.0945 0.4009
10 0.0963 0.0516 0.2104 0.5288 0.1126
11 0.1034 0.0455 0.6436 0.1528 0.0549
12 0.0332 0.0317 0.3513 0.4800 0.1038
13 0.0370 0.0348 0.3628 0.5117 0.0539
14 0.0525 0.0770 0.0770 0.1790 0.6147
15 0.4387 0.0190 0.4529 0.0818 0.0076
16 0.0940 0.0897 0.3035 0.3958 0.1170
17 0.2008 0.0594 0.0864 0.4895 0.1639
18 0.1246 0.0305 0.2556 0.4021 0.1870
19 0.0367 0.0286 0.1063 0.0675 0.7607
20 0.0158 0.0163 0.0498 0.0208 0.8975
21 0.0165 0.0125 0.0550 0.0290 0.8872
22 0.5073 0.0139 0.2529 0.0945 0.1312
23 0.6211 0.0153 0.2032 0.0319 0.1282
24 0.3633 0.0732 0.2327 0.0544 0.2764
25 0.2883 0.0270 0.6294 0.0497 0.0054
26 0.4021 0.0312 0.3604 0.1729 0.0335
27 0.6118 0.0547 0.2981 0.0216 0.0141
28 0.1703 0.0693 0.7339 0.0232 0.0030
29 0.1770 0.0732 0.4116 0.1161 0.2220
30 0.2332 0.0942 0.4355 0.0599 0.1774
31 0.6050 0.1681 0.1278 0.0372 0.0618
32 0.9053 0.0507 0.0213 0.0179 0.0048
33 0.8657 0.0445 0.0328 0.0504 0.0064
34 0.8721 0.0607 0.0244 0.0383 0.0048
35 0.4714 0.1460 0.1554 0.1427 0.0845
36 0.0291 0.0122 0.0444 0.0017 0.9126
37 0.0562 0.0276 0.1479 0.0053 0.7632
38 0.0456 0.0095 0.0541 0.0304 0.8604
39 0.0397 0.0204 0.0464 0.0043 0.8892
40 0.0372 0.0250 0.0740 0.0103 0.8535
41 0.1327 0.0421 0.0750 0.0041 0.7461
42 0.1058 0.0357 0.0870 0.0019 0.7695
43 0.1060 0.0336 0.0914 0.0043 0.7646
44 0.0224 0.0088 0.0285 0.0049 0.9355
45 0.0257 0.0188 0.1481 0.0065 0.8008
46 0.0412 0.0256 0.1951 0.0135 0.7246
47 0.0913 0.0466 0.1641 0.0075 0.6904
48 0.3157 0.2007 0.0994 0.3691 0.0151
49 0.1975 0.3577 0.2556 0.1870 0.0022
50 0.2891 0.2673 0.2590 0.0731 0.1115
51 0.1678 0.3933 0.3210 0.0097 0.1083
52 0.5225 0.0771 0.3428 0.0063 0.0513
53 0.5942 0.0424 0.0876 0.0241 0.2517
54 0.7915 0.0364 0.0353 0.0189 0.1177
55 0.5610 0.0538 0.1322 0.0560 0.1969
56 0.1508 0.1450 0.4431 0.0435 0.2177
57 0.2444 0.1278 0.3904 0.1076 0.1298
58 0.0585 0.0504 0.3186 0.2057 0.3667
59 0.3687 0.1345 0.3303 0.0175 0.1489
60 0.4553 0.0579 0.2554 0.0810 0.1501
61 0.4412 0.2100 0.2871 0.0208 0.0410
62 0.4939 0.0349 0.2227 0.0294 0.2191
63 0.1815 0.3813 0.3367 0.0126 0.0878
64 0.5596 0.0393 0.3237 0.0224 0.0550
65 0.3796 0.0498 0.5029 0.0206 0.0471
66 0.1343 0.1030 0.1096 0.1385 0.5146
67 0.2883 0.2751 0.3450 0.0501 0.0415
68 0.2920 0.2764 0.2119 0.0762 0.1434
69 0.1978 0.4424 0.2878 0.0123 0.0598
70 0.1488 0.4338 0.2198 0.0124 0.1852
71 0.1061 0.1819 0.2014 0.0568 0.4539
72 0.0955 0.2290 0.3804 0.0495 0.2456
73 0.2218 0.1500 0.4375 0.0138 0.1768
74 0.1367 0.1444 0.5493 0.0184 0.1514
75 0.2517 0.0263 0.2274 0.3467 0.1479
76 0.3955 0.0602 0.3438 0.0889 0.1116
77 0.3052 0.0312 0.1924 0.0275 0.4438
78 0.2539 0.4121 0.2294 0.0145 0.0898
79 0.1974 0.2720 0.3716 0.0298 0.1294
80 0.0724 0.0551 0.3823 0.1139 0.3765
81 0.0879 0.0690 0.3503 0.0832 0.4097
82 0.4053 0.0883 0.4053 0.0374 0.0637
83 0.4871 0.0559 0.2732 0.1045 0.0795
84 0.0754 0.0401 0.1007 0.0626 0.7212
85 0.3755 0.0524 0.1541 0.2106 0.2074
86 0.3657 0.0779 0.2474 0.1882 0.1206
87 0.1170 0.0607 0.0305 0.0169 0.7749
88 0.2871 0.2615 0.3601 0.0216 0.0698
89 0.2170 0.0357 0.0811 0.0667 0.5996
90 0.2153 0.1066 0.5371 0.0528 0.0884
91 0.0456 0.2996 0.5508 0.0581 0.0459
92 0.0694 0.2024 0.7061 0.0041 0.0180
93 0.0670 0.1709 0.7544 0.0020 0.0059
94 0.1766 0.0534 0.4302 0.1333 0.2064
95 0.3911 0.1004 0.2194 0.1250 0.1643
96 0.0798 0.0383 0.4448 0.0565 0.3806
97 0.0842 0.0392 0.5942 0.1929 0.0897
98 0.1602 0.1447 0.6533 0.0066 0.0352
99 0.3481 0.2079 0.3884 0.0176 0.0379
100 0.0923 0.1141 0.6719 0.1047 0.0171
101 0.0729 0.1875 0.2446 0.4641 0.0309
102 0.1136 0.0872 0.6641 0.0972 0.0378
103 0.1068 0.1393 0.7017 0.0421 0.0099
104 0.1543 0.0757 0.5469 0.2075 0.0156
105 0.2407 0.2107 0.5215 0.0214 0.0056
106 0.1721 0.2544 0.5513 0.0040 0.0181
107 0.2375 0.2671 0.2957 0.1158 0.0840
108 0.1759 0.1190 0.6636 0.0081 0.0333
109 0.3191 0.1721 0.4194 0.0318 0.0576
110 0.0629 0.1311 0.5269 0.2690 0.0100
111 0.5542 0.1368 0.1401 0.0242 0.1445
112 0.4324 0.0906 0.3088 0.0278 0.1404
113 0.2839 0.3589 0.2355 0.0568 0.0649
114 0.1903 0.0618 0.3557 0.3669 0.0254
115 0.3589 0.2524 0.1567 0.0764 0.1555
116 0.4102 0.2776 0.2527 0.0093 0.0505
117 0.2451 0.1396 0.5151 0.0596 0.0406
118 0.0653 0.0865 0.3069 0.4827 0.0586
119 0.1404 0.1060 0.3938 0.3420 0.0179
120 0.2203 0.2576 0.4851 0.0119 0.0249
121 0.2422 0.3962 0.2900 0.0341 0.0374
122 0.1420 0.0385 0.3149 0.2778 0.2268
123 0.1512 0.0310 0.4307 0.1089 0.2781
124 0.2144 0.0989 0.5869 0.0209 0.0789
125 0.2585 0.0758 0.6201 0.0110 0.0347
126 0.2712 0.1486 0.5146 0.0216 0.0443
127 0.1316 0.0994 0.5288 0.0876 0.1527
128 0.5376 0.0473 0.2944 0.0331 0.0877
129 0.3345 0.0638 0.5474 0.0170 0.0375
130 0.1753 0.0526 0.6118 0.1313 0.0288
131 0.2058 0.0812 0.6440 0.0396 0.0292
132 0.3508 0.1070 0.4722 0.0201 0.0498
133 0.0748 0.2251 0.6616 0.0322 0.0060
134 0.4460 0.1371 0.3289 0.0643 0.0236
135 0.4761 0.1232 0.2693 0.0370 0.0945
136 0.4595 0.0933 0.3232 0.0536 0.0704
137 0.1199 0.1516 0.6094 0.1092 0.0101
138 0.2610 0.2472 0.2610 0.1511 0.0796
139 0.1688 0.0897 0.6274 0.1065 0.0077
140 0.2109 0.0542 0.2710 0.3821 0.0820
141 0.5083 0.0437 0.2595 0.0750 0.1134
142 0.2488 0.0138 0.3853 0.0475 0.3047
143 0.0480 0.3660 0.4146 0.0904 0.0810
144 0.5420 0.1191 0.0995 0.0287 0.2106
145 0.0515 0.3032 0.5938 0.0140 0.0377
146 0.0907 0.2316 0.6396 0.0112 0.0270
147 0.5903 0.0405 0.2620 0.0276 0.0793
148 0.2094 0.3562 0.3562 0.0493 0.0290
149 0.2292 0.0386 0.5903 0.1296 0.0123
150 0.4436 0.0573 0.2932 0.1251 0.0808
151 0.1506 0.0781 0.2949 0.4290 0.0474
152 0.2462 0.2042 0.2242 0.2971 0.0283
153 0.1187 0.1254 0.6831 0.0626 0.0102
154 0.2788 0.2206 0.3811 0.0315 0.0878
155 0.0677 0.0762 0.6841 0.1411 0.0310
156 0.2395 0.2451 0.4072 0.0241 0.0840
157 0.2445 0.2075 0.4031 0.0599 0.0851
158 0.6104 0.1694 0.1361 0.0467 0.0375
159 0.2998 0.1847 0.3191 0.1580 0.0387
160 0.2932 0.1451 0.2507 0.2932 0.0180
161 0.2030 0.1967 0.5264 0.0279 0.0460
162 0.4160 0.2262 0.2502 0.0198 0.0879
163 0.4019 0.1433 0.1840 0.1755 0.0955
164 0.3918 0.1272 0.0719 0.0351 0.3740
165 0.2546 0.1864 0.4268 0.0615 0.0707
166 0.1038 0.1608 0.7036 0.0155 0.0160
167 0.0295 0.0277 0.8345 0.1045 0.0038
168 0.2225 0.1068 0.5684 0.0775 0.0252
169 0.1499 0.0256 0.5566 0.2285 0.0391
170 0.0566 0.1305 0.7510 0.0507 0.0111
171 0.0986 0.1083 0.7520 0.0310 0.0098
172 0.4089 0.1247 0.3235 0.0762 0.0668
173 0.1444 0.3464 0.4114 0.0876 0.0100
174 0.1661 0.1661 0.5708 0.0925 0.0042
175 0.1218 0.4819 0.3015 0.0920 0.0028
176 0.1124 0.2871 0.3105 0.2827 0.0073
177 0.1398 0.1648 0.6313 0.0522 0.0117
178 0.0917 0.1398 0.5532 0.1971 0.0183
179 0.0850 0.2460 0.5630 0.0428 0.0632
180 0.1550 0.1411 0.4556 0.1899 0.0584
181 0.0392 0.1676 0.4021 0.3721 0.0190
182 0.2954 0.1362 0.3193 0.2229 0.0262
183 0.0830 0.1526 0.6328 0.1207 0.0111
184 0.0804 0.1305 0.6943 0.0925 0.0021
185 0.1537 0.2456 0.3804 0.1636 0.0565
186 0.2649 0.2339 0.3323 0.0179 0.1510
187 0.2856 0.1995 0.3018 0.0541 0.1591
188 0.2346 0.2186 0.3809 0.0374 0.1285
189 0.4568 0.1775 0.3066 0.0187 0.0405
190 0.1731 0.1902 0.4387 0.0781 0.1199
191 0.2323 0.1224 0.3542 0.2512 0.0400
192 0.1270 0.1053 0.5181 0.2372 0.0125
193 0.0616 0.1478 0.6943 0.0698 0.0263
194 0.3650 0.1104 0.4368 0.0361 0.0518
195 0.1768 0.2416 0.3628 0.1912 0.0278
196 0.1792 0.4470 0.3564 0.0107 0.0066
197 0.3489 0.0984 0.3301 0.0345 0.1881
198 0.5234 0.0535 0.2452 0.0506 0.1272
199 0.3665 0.2023 0.3579 0.0459 0.0276
200 0.2661 0.1641 0.3611 0.1182 0.0906
201 0.1420 0.1376 0.4954 0.1214 0.1038
202 0.0399 0.0972 0.7954 0.0258 0.0418
203 0.0709 0.0458 0.7393 0.1152 0.0289
204 0.1716 0.0710 0.2808 0.2439 0.2328
205 0.0611 0.1032 0.5493 0.2761 0.0103
206 0.1047 0.0214 0.4075 0.4546 0.0117
207 0.3989 0.0636 0.3413 0.0191 0.1770
208 0.4795 0.1670 0.1029 0.0309 0.2196
209 0.2266 0.0873 0.1969 0.4233 0.0659
210 0.4590 0.0726 0.3745 0.0251 0.0687
211 0.2559 0.0612 0.5415 0.0920 0.0492
212 0.0337 0.0522 0.6357 0.2734 0.0049
213 0.0381 0.1213 0.7427 0.0901 0.0076
214 0.3333 0.0544 0.4851 0.0223 0.1049
215 0.2939 0.0939 0.4807 0.0137 0.1178
216 0.2539 0.1218 0.5049 0.0622 0.0575
217 0.1777 0.1260 0.4004 0.2354 0.0605
218 0.0790 0.1031 0.6938 0.1187 0.0053
219 0.2432 0.1054 0.4836 0.1038 0.0640
220 0.2065 0.1252 0.4204 0.1302 0.1177
221 0.1109 0.1589 0.4387 0.2423 0.0492
222 0.1306 0.2722 0.3931 0.0850 0.1190
223 0.2213 0.2356 0.1558 0.0281 0.3591
224 0.3120 0.1373 0.3269 0.0254 0.1984
225 0.2333 0.1329 0.3342 0.0701 0.2296
226 0.2236 0.3464 0.2476 0.0199 0.1624
227 0.3340 0.2388 0.2812 0.0240 0.1219
228 0.0576 0.4397 0.4905 0.0050 0.0073
229 0.0681 0.5151 0.3887 0.0195 0.0086
230 0.2056 0.1946 0.1976 0.0212 0.3811
231 0.3350 0.2529 0.2197 0.0146 0.1779
232 0.1030 0.2340 0.6260 0.0172 0.0197
233 0.1886 0.1447 0.4524 0.1327 0.0817
234 0.2096 0.2412 0.2357 0.0155 0.2979
235 0.2468 0.2318 0.4434 0.0116 0.0664
236 0.0818 0.1448 0.7412 0.0252 0.0069
237 0.4282 0.2598 0.1237 0.0234 0.1650
238 0.3274 0.2032 0.2935 0.0176 0.1583
239 0.2185 0.1715 0.5669 0.0163 0.0267
240 0.1621 0.2081 0.5654 0.0556 0.0087
241 0.3594 0.2756 0.2690 0.0382 0.0578
242 0.1302 0.2081 0.6118 0.0096 0.0403
243 0.4961 0.1294 0.2554 0.1124 0.0069
244 0.0512 0.0608 0.8398 0.0412 0.0071
245 0.2947 0.2025 0.3752 0.0363 0.0912
246 0.1722 0.1450 0.5737 0.0649 0.0442
247 0.3958 0.1315 0.3748 0.0856 0.0124
248 0.3347 0.3591 0.1261 0.1070 0.0730
249 0.3076 0.0514 0.5703 0.0635 0.0073
250 0.3867 0.2722 0.2852 0.0142 0.0417
251 0.1630 0.0907 0.2076 0.4128 0.1259
252 0.2322 0.2081 0.3406 0.1609 0.0583
253 0.1814 0.1266 0.4854 0.1691 0.0377
254 0.0269 0.5830 0.1343 0.2549 0.0009
255 0.2742 0.1757 0.5083 0.0106 0.0310
256 0.0238 0.0301 0.9443 0.0004 0.0013
257 0.0245 0.0285 0.9424 0.0034 0.0014
258 0.0394 0.0264 0.8965 0.0250 0.0124
259 0.2251 0.2551 0.4207 0.0692 0.0300
260 0.1697 0.2932 0.4761 0.0177 0.0432
261 0.0738 0.0738 0.8442 0.0042 0.0038
262 0.5830 0.0674 0.1300 0.1331 0.0866
263 0.3711 0.2017 0.2433 0.1387 0.0453
264 0.4500 0.0734 0.2688 0.0674 0.1405
265 0.2003 0.0687 0.4443 0.2235 0.0630
266 0.3513 0.1476 0.1488 0.3149 0.0373
267 0.2261 0.1172 0.3188 0.0141 0.3237
268 0.3481 0.1937 0.3882 0.0353 0.0347
269 0.6572 0.0579 0.1032 0.1090 0.0726
270 0.4700 0.1367 0.2849 0.0761 0.0322
271 0.2786 0.0919 0.2203 0.3467 0.0626
272 0.3049 0.2754 0.2112 0.0464 0.1620
273 0.2152 0.2238 0.4849 0.0241 0.0519
274 0.2496 0.0993 0.2273 0.3521 0.0715
275 0.0747 0.2264 0.6450 0.0450 0.0087
276 0.2917 0.3083 0.2135 0.0374 0.1490
277 0.0210 0.6484 0.3015 0.0220 0.0072
278 0.2500 0.1050 0.4026 0.0399 0.2025
279 0.1473 0.0894 0.6812 0.0525 0.0295
280 0.1880 0.0487 0.7207 0.0200 0.0225
281 0.0571 0.1339 0.7705 0.0333 0.0052
282 0.0567 0.3667 0.5332 0.0333 0.0101
283 0.2275 0.1277 0.4631 0.1516 0.0301
284 0.1631 0.1462 0.2487 0.3792 0.0629
285 0.0956 0.0768 0.7295 0.0793 0.0188
286 0.4126 0.1309 0.3447 0.0155 0.0964
287 0.6519 0.0645 0.1957 0.0491 0.0388
288 0.5640 0.0529 0.2388 0.0942 0.0504
289 0.2773 0.0729 0.4832 0.0859 0.0807
290 0.3296 0.3374 0.2000 0.0624 0.0707
291 0.5249 0.3159 0.0934 0.0354 0.0303
292 0.3867 0.1960 0.1171 0.0523 0.2478
293 0.1091 0.1771 0.4851 0.0167 0.2119
294 0.2347 0.0097 0.5088 0.2137 0.0331
295 0.3716 0.0070 0.3604 0.2255 0.0357
296 0.3713 0.0079 0.4768 0.1141 0.0296
297 0.2827 0.0072 0.5200 0.1573 0.0325
