time exciting_prob fearful_prob tense_prob sad_prob relaxing_prob
0 0.2037 0.2830 0.2496 0.2310 0.0327
1 0.0916 0.0052 0.0195 0.8828 0.0007
2 0.1814 0.0116 0.0165 0.7344 0.0562
3 0.1428 0.1112 0.4756 0.2668 0.0035
4 0.1592 0.0525 0.2013 0.5825 0.0047
5 0.4133 0.0729 0.1147 0.3882 0.0108
6 0.2369 0.1426 0.2026 0.4126 0.0053
7 0.1376 0.3406 0.2825 0.2286 0.0107
8 0.0872 0.0375 0.1044 0.7534 0.0172
9 0.1343 0.0348 0.0479 0.7725 0.0104
10 0.1071 0.0109 0.0185 0.8560 0.0076
11 0.0709 0.0503 0.2983 0.2474 0.3330
12 0.1545 0.0615 0.4402 0.2469 0.0967
13 0.0541 0.0995 0.2791 0.5635 0.0039
14 0.1255 0.0621 0.1090 0.6997 0.0035
15 0.1511 0.0420 0.0809 0.7207 0.0054
16 0.0863 0.1198 0.2103 0.5806 0.0029
17 0.2505 0.0393 0.0475 0.6450 0.0179
18 0.2976 0.0412 0.0381 0.6011 0.0221
19 0.2238 0.0333 0.0499 0.6895 0.0038
20 0.1571 0.2065 0.2869 0.2737 0.0760
21 0.0690 0.0859 0.3020 0.5386 0.0047
22 0.0754 0.1442 0.4014 0.3740 0.0052
23 0.0536 0.1066 0.3184 0.5166 0.0048
24 0.2247 0.1395 0.2283 0.4070 0.0006
25 0.3174 0.1055 0.2250 0.3513 0.0010
26 0.2993 0.0757 0.1746 0.4492 0.0013
27 0.1080 0.0984 0.2612 0.5317 0.0004
28 0.0501 0.0428 0.1592 0.7476 0.0001
29 0.2241 0.1145 0.4673 0.1746 0.0196
30 0.0618 0.0180 0.2192 0.6968 0.0044
31 0.0953 0.0400 0.1699 0.6934 0.0012
32 0.1047 0.1168 0.3599 0.3889 0.0298
33 0.0784 0.6069 0.3098 0.0025 0.0025
34 0.0627 0.0411 0.6328 0.2440 0.0193
35 0.2261 0.0832 0.0858 0.5957 0.0091
36 0.1288 0.0638 0.2815 0.4785 0.0474
37 0.4033 0.1555 0.1790 0.2408 0.0214
38 0.0897 0.0165 0.0704 0.6997 0.1235
39 0.1122 0.1725 0.1088 0.5571 0.0494
40 0.4487 0.0986 0.1664 0.1348 0.1515
41 0.2194 0.1331 0.1484 0.4944 0.0048
42 0.1725 0.0765 0.2377 0.4204 0.0931
43 0.1537 0.0275 0.1056 0.7051 0.0083
44 0.2158 0.1920 0.4326 0.0776 0.0819
45 0.0905 0.1915 0.3870 0.3257 0.0054
46 0.2489 0.0510 0.1176 0.4797 0.1029
47 0.1304 0.0275 0.0969 0.6938 0.0515
48 0.1898 0.1433 0.3601 0.2515 0.0552
49 0.1333 0.0649 0.3918 0.3198 0.0902
50 0.2491 0.1055 0.1409 0.4106 0.0938
51 0.1285 0.0905 0.0856 0.5718 0.1237
52 0.0663 0.0390 0.0763 0.7827 0.0355
53 0.1818 0.1495 0.0943 0.2013 0.3730
54 0.2803 0.1987 0.1420 0.3381 0.0410
55 0.3545 0.2051 0.1324 0.1796 0.1284
56 0.1186 0.0790 0.2081 0.5884 0.0057
57 0.2803 0.1142 0.1825 0.4209 0.0021
58 0.1375 0.1022 0.2197 0.5356 0.0051
59 0.6484 0.0884 0.1505 0.0912 0.0213
60 0.1055 0.0483 0.2913 0.5361 0.0189
61 0.1692 0.1746 0.4526 0.1947 0.0088
62 0.3237 0.0618 0.3340 0.1085 0.1720
63 0.0484 0.2460 0.6479 0.0549 0.0027
64 0.0450 0.2778 0.6069 0.0565 0.0137
65 0.1714 0.0715 0.1410 0.4661 0.1501
66 0.0621 0.0992 0.3154 0.5200 0.0033
67 0.3379 0.0754 0.1547 0.3223 0.1097
68 0.4543 0.0543 0.1282 0.3274 0.0359
69 0.0600 0.1005 0.7544 0.0833 0.0016
70 0.0597 0.0869 0.2437 0.5938 0.0161
71 0.0403 0.1921 0.3425 0.3943 0.0309
72 0.0941 0.1527 0.6953 0.0553 0.0025
73 0.2087 0.0496 0.3838 0.1492 0.2087
74 0.0860 0.0860 0.6504 0.1140 0.0634
75 0.1627 0.0292 0.1541 0.6138 0.0402
76 0.4189 0.2173 0.0942 0.2622 0.0076
77 0.3132 0.0579 0.1074 0.4888 0.0327
78 0.1079 0.0163 0.1451 0.7036 0.0271
79 0.2744 0.0657 0.0762 0.5210 0.0627
80 0.2229 0.0501 0.2030 0.1892 0.3347
81 0.1881 0.1687 0.4656 0.0720 0.1055
82 0.3176 0.2571 0.1293 0.2234 0.0725
83 0.0163 0.0680 0.1848 0.7085 0.0222
84 0.1895 0.1595 0.4407 0.1956 0.0148
85 0.1471 0.0213 0.0421 0.7827 0.0068
86 0.1254 0.0271 0.0611 0.7803 0.0064
87 0.0477 0.0090 0.0333 0.9004 0.0095
88 0.0425 0.0826 0.4646 0.2354 0.1749
89 0.0434 0.4626 0.0709 0.4211 0.0018
90 0.1765 0.2231 0.2568 0.3403 0.0032
91 0.6802 0.0679 0.1220 0.0187 0.1111
92 0.3760 0.0973 0.1351 0.3369 0.0546
93 0.4019 0.2678 0.1478 0.1611 0.0213
94 0.1974 0.0698 0.2554 0.1335 0.3438
95 0.1487 0.0719 0.0195 0.7495 0.0104
96 0.1061 0.0634 0.2627 0.5347 0.0329
97 0.2983 0.0552 0.1838 0.0611 0.4016
98 0.0201 0.0861 0.0454 0.8433 0.0053
99 0.1371 0.0199 0.2313 0.5376 0.0739
100 0.0092 0.0584 0.1379 0.7939 0.0006
101 0.7358 0.0321 0.0812 0.1119 0.0390
102 0.0626 0.0511 0.3604 0.4485 0.0773
103 0.3289 0.2042 0.3420 0.0872 0.0378
104 0.1249 0.0432 0.1981 0.5303 0.1036
105 0.5317 0.0917 0.1897 0.0414 0.1454
106 0.2705 0.1119 0.3584 0.1530 0.1060
107 0.0569 0.0114 0.0655 0.8228 0.0433
108 0.3081 0.1245 0.1636 0.3630 0.0410
109 0.3276 0.0676 0.2803 0.2847 0.0398
110 0.4153 0.2312 0.2539 0.0598 0.0399
111 0.1495 0.0542 0.4905 0.2544 0.0513
112 0.1833 0.0490 0.1593 0.5562 0.0521
113 0.3792 0.1260 0.2126 0.0644 0.2178
114 0.4004 0.0729 0.1790 0.3118 0.0361
115 0.3699 0.2463 0.2686 0.0763 0.0390
116 0.1484 0.1183 0.4866 0.2228 0.0238
117 0.2321 0.0991 0.4170 0.2214 0.0304
118 0.1384 0.1984 0.4722 0.0937 0.0974
119 0.3921 0.1635 0.3860 0.0163 0.0423
120 0.2067 0.0931 0.5796 0.0882 0.0322
121 0.3403 0.2180 0.3457 0.0382 0.0578
122 0.1055 0.1511 0.1215 0.6074 0.0146
123 0.0210 0.0701 0.0628 0.8403 0.0055
124 0.0849 0.0641 0.2068 0.6372 0.0071
125 0.2744 0.0469 0.1316 0.4666 0.0804
126 0.1301 0.0635 0.4990 0.2844 0.0230
127 0.3596 0.0938 0.1354 0.3076 0.1038
128 0.0883 0.1074 0.3494 0.4485 0.0063
129 0.1718 0.1074 0.5044 0.2039 0.0123
130 0.0627 0.0512 0.3901 0.4780 0.0177
131 0.0506 0.0376 0.1055 0.8042 0.0023
132 0.1127 0.0668 0.1127 0.6748 0.0331
133 0.4253 0.0402 0.0878 0.4089 0.0378
134 0.0439 0.0629 0.2693 0.6162 0.0076
135 0.1396 0.4800 0.3003 0.0748 0.0051
136 0.1337 0.0540 0.2556 0.5454 0.0116
137 0.2158 0.1019 0.4463 0.1996 0.0363
138 0.1166 0.0258 0.0634 0.7549 0.0394
139 0.1255 0.4922 0.2634 0.0903 0.0284
140 0.1562 0.1179 0.2617 0.4180 0.0462
141 0.2369 0.1816 0.1239 0.3787 0.0787
142 0.3359 0.1057 0.1125 0.3633 0.0823
143 0.2230 0.0691 0.1300 0.5264 0.0513
144 0.1151 0.1031 0.2695 0.4548 0.0574
145 0.2490 0.2357 0.3679 0.1262 0.0211
146 0.3518 0.1958 0.3279 0.1187 0.0059
147 0.1868 0.0398 0.1377 0.5278 0.1081
148 0.1132 0.0867 0.5527 0.1940 0.0534
149 0.1716 0.0715 0.2966 0.4053 0.0549
150 0.1748 0.1484 0.4678 0.1804 0.0285
151 0.0884 0.0627 0.1049 0.7397 0.0042
152 0.2517 0.1306 0.3335 0.2578 0.0261
153 0.1183 0.0355 0.5059 0.3345 0.0057
154 0.1490 0.3574 0.3958 0.0890 0.0089
155 0.0928 0.2483 0.3999 0.2502 0.0089
156 0.1980 0.1980 0.3528 0.2369 0.0143
157 0.3623 0.1396 0.1836 0.2413 0.0731
158 0.1221 0.1202 0.1592 0.5776 0.0207
159 0.3762 0.1484 0.3047 0.1362 0.0345
160 0.6270 0.0338 0.1196 0.1215 0.0984
161 0.7686 0.0962 0.0612 0.0138 0.0602
162 0.5771 0.1903 0.1257 0.0775 0.0294
163 0.2074 0.1566 0.4976 0.0238 0.1146
164 0.0906 0.1051 0.1328 0.6094 0.0618
165 0.1473 0.2607 0.2627 0.3169 0.0125
166 0.2087 0.2556 0.4385 0.0368 0.0603
167 0.3975 0.3000 0.1907 0.0629 0.0490
168 0.4395 0.0653 0.1449 0.3396 0.0106
169 0.3611 0.1257 0.1085 0.3726 0.0320
170 0.1592 0.0988 0.6494 0.0758 0.0166
171 0.1779 0.2179 0.3914 0.1364 0.0765
172 0.2598 0.1664 0.3750 0.0963 0.1025
173 0.2009 0.2041 0.3162 0.2482 0.0306
174 0.1923 0.0967 0.2910 0.3855 0.0347
175 0.2739 0.0368 0.1755 0.4885 0.0253
176 0.2808 0.0389 0.1009 0.4966 0.0830
177 0.1877 0.0952 0.0591 0.6157 0.0422
178 0.2888 0.2163 0.3027 0.1301 0.0620
179 0.1293 0.1635 0.3352 0.3101 0.0620
180 0.0854 0.0530 0.3274 0.5190 0.0147
181 0.1422 0.2255 0.3081 0.3010 0.0234
182 0.6143 0.0604 0.1979 0.1043 0.0231
183 0.5605 0.0853 0.0568 0.2229 0.0746
184 0.0970 0.0171 0.1389 0.7393 0.0077
185 0.1635 0.0720 0.2218 0.5405 0.0025
186 0.4199 0.0043 0.0629 0.5068 0.0062
187 0.0885 0.0516 0.2207 0.6289 0.0105
188 0.1405 0.0463 0.2625 0.5220 0.0290
189 0.0967 0.0130 0.4009 0.4761 0.0135
190 0.1144 0.0438 0.7402 0.0956 0.0057
191 0.2175 0.0456 0.1965 0.4827 0.0576
192 0.1377 0.2695 0.1106 0.3599 0.1224
193 0.1581 0.0900 0.6973 0.0375 0.0171
194 0.3193 0.0853 0.4036 0.1321 0.0600
195 0.0894 0.0679 0.1289 0.7080 0.0056
196 0.4116 0.0293 0.2152 0.3281 0.0158
197 0.1439 0.0214 0.1250 0.6973 0.0125
198 0.0734 0.0106 0.0384 0.8662 0.0114
199 0.5923 0.1364 0.0795 0.1632 0.0284
200 0.1763 0.0442 0.1212 0.6250 0.0334
201 0.1935 0.0695 0.4258 0.2793 0.0318
202 0.2070 0.0257 0.3157 0.3989 0.0527
203 0.0102 0.0390 0.9302 0.0183 0.0025
204 0.2114 0.4045 0.1431 0.1713 0.0698
205 0.1810 0.0803 0.6675 0.0602 0.0110
206 0.0526 0.0343 0.0660 0.8301 0.0170
207 0.1755 0.2456 0.3357 0.0823 0.1610
208 0.1521 0.5737 0.1533 0.0685 0.0522
209 0.2590 0.3740 0.2286 0.0305 0.1080
210 0.1510 0.1558 0.4268 0.2471 0.0193
211 0.1682 0.2688 0.4983 0.0399 0.0246
212 0.1350 0.0482 0.5957 0.1655 0.0554
213 0.4478 0.0606 0.1442 0.3328 0.0147
214 0.3083 0.1664 0.4150 0.0768 0.0335
215 0.2021 0.0677 0.3550 0.3718 0.0033
216 0.2495 0.1073 0.4346 0.0698 0.1389
217 0.2455 0.2417 0.2133 0.2827 0.0168
218 0.3220 0.0388 0.1078 0.5229 0.0086
219 0.0634 0.3345 0.4099 0.0690 0.1231
220 0.1608 0.1292 0.5972 0.0821 0.0309
221 0.4260 0.1044 0.2209 0.1094 0.1394
222 0.3499 0.0411 0.1127 0.4563 0.0399
223 0.1410 0.1008 0.6372 0.0932 0.0280
224 0.2036 0.0338 0.2068 0.4551 0.1008
225 0.1759 0.0688 0.5859 0.1349 0.0346
226 0.4939 0.1472 0.1642 0.1320 0.0628
227 0.0790 0.0815 0.2081 0.6216 0.0100
228 0.1193 0.0690 0.5264 0.2646 0.0210
229 0.2301 0.1241 0.2954 0.2527 0.0975
230 0.1847 0.2688 0.5020 0.0387 0.0060
231 0.2239 0.0721 0.2598 0.2291 0.2152
232 0.3328 0.0510 0.4917 0.1030 0.0216
233 0.1880 0.0340 0.1685 0.5972 0.0122
234 0.0775 0.2483 0.5908 0.0372 0.0459
235 0.1758 0.0318 0.1650 0.5854 0.0421
236 0.1901 0.0323 0.0804 0.6431 0.0544
237 0.1918 0.1298 0.2705 0.3999 0.0081
238 0.3938 0.2244 0.1934 0.1775 0.0112
239 0.3411 0.3254 0.2085 0.1090 0.0159
240 0.3535 0.0644 0.0880 0.2355 0.2585
241 0.5078 0.0544 0.1313 0.1047 0.2019
242 0.5073 0.0461 0.1007 0.1168 0.2288
243 0.2117 0.1235 0.1700 0.2474 0.2474
244 0.3955 0.0300 0.3228 0.1561 0.0955
245 0.2673 0.0298 0.1431 0.5234 0.0365
246 0.3591 0.0293 0.0908 0.5063 0.0145
247 0.3318 0.0279 0.0505 0.5825 0.0073
248 0.2539 0.0536 0.0246 0.6636 0.0045
249 0.5488 0.0368 0.0433 0.3684 0.0028
250 0.4336 0.0665 0.0376 0.4580 0.0042
251 0.3821 0.0886 0.0422 0.4829 0.0043
252 0.3442 0.0598 0.1348 0.3442 0.1171
