time exciting_prob fearful_prob tense_prob sad_prob relaxing_prob
0 0.2037 0.2830 0.2496 0.2310 0.0327
1 0.2037 0.2830 0.2496 0.2310 0.0327
2 0.0289 0.0440 0.1770 0.4885 0.2615
3 0.1558 0.0713 0.1311 0.6255 0.0163
4 0.0246 0.0445 0.3088 0.0627 0.5591
5 0.0186 0.0538 0.0747 0.0620 0.7910
6 0.0680 0.0149 0.0517 0.8413 0.0242
7 0.0553 0.3086 0.3284 0.2222 0.0856
8 0.0517 0.3215 0.3369 0.1642 0.1259
9 0.0298 0.6318 0.2849 0.0298 0.0237
10 0.0099 0.1085 0.2371 0.0845 0.5601
11 0.0446 0.2286 0.3076 0.0539 0.3652
12 0.0173 0.5601 0.3972 0.0193 0.0058
13 0.0934 0.1218 0.2104 0.0774 0.4971
14 0.0322 0.1276 0.0308 0.0284 0.7812
15 0.0918 0.1974 0.1825 0.0904 0.4380
16 0.3020 0.1449 0.0734 0.3586 0.1211
17 0.0485 0.2140 0.3262 0.3418 0.0695
18 0.0404 0.0441 0.0672 0.0548 0.7935
19 0.0961 0.5620 0.1973 0.1284 0.0162
20 0.0612 0.4519 0.1611 0.3157 0.0101
21 0.0321 0.1404 0.0623 0.0851 0.6802
22 0.0828 0.5840 0.1621 0.1431 0.0280
23 0.0672 0.6377 0.1945 0.0817 0.0190
24 0.0555 0.3977 0.4167 0.0730 0.0569
25 0.0825 0.1747 0.2140 0.2074 0.3213
26 0.3015 0.0662 0.0612 0.4668 0.1042
27 0.0436 0.6562 0.1699 0.1195 0.0107
28 0.1705 0.2642 0.2189 0.1678 0.1787
29 0.0773 0.4182 0.1295 0.2700 0.1049
30 0.0188 0.0991 0.0241 0.8496 0.0083
31 0.1864 0.4368 0.0702 0.2374 0.0691
32 0.1425 0.4636 0.1553 0.0995 0.1392
33 0.2231 0.1440 0.1354 0.1464 0.3511
34 0.0331 0.1012 0.0152 0.0729 0.7778
35 0.0356 0.0887 0.0945 0.2375 0.5435
36 0.0625 0.3860 0.2825 0.1398 0.1293
37 0.0915 0.3792 0.3792 0.1271 0.0229
38 0.1115 0.6719 0.1409 0.0258 0.0498
39 0.0439 0.4331 0.4197 0.0555 0.0478
40 0.0659 0.4570 0.1935 0.0107 0.2729
41 0.1727 0.1898 0.1501 0.4277 0.0597
42 0.3630 0.2053 0.0933 0.1586 0.1797
43 0.0596 0.2322 0.5151 0.1866 0.0063
44 0.0476 0.4771 0.1586 0.3079 0.0089
45 0.0483 0.2358 0.2844 0.4270 0.0045
46 0.1752 0.5269 0.1333 0.0909 0.0736
47 0.1334 0.4917 0.3379 0.0243 0.0128
48 0.0599 0.1654 0.3137 0.4158 0.0452
49 0.2341 0.1031 0.0766 0.1622 0.4241
50 0.2822 0.4617 0.0848 0.0440 0.1272
51 0.0457 0.5225 0.3374 0.0559 0.0387
52 0.2930 0.1544 0.1069 0.1240 0.3218
53 0.0626 0.0710 0.1702 0.6523 0.0437
54 0.0527 0.6890 0.0918 0.1561 0.0105
55 0.1174 0.5645 0.1362 0.1569 0.0248
56 0.1019 0.1229 0.1482 0.5684 0.0590
57 0.1487 0.2163 0.1510 0.4438 0.0403
58 0.1788 0.3938 0.1085 0.1164 0.2026
59 0.0430 0.0503 0.0540 0.8184 0.0346
60 0.1244 0.2133 0.1007 0.5278 0.0340
61 0.1771 0.5762 0.0933 0.0716 0.0817
62 0.1202 0.2668 0.1520 0.4573 0.0035
63 0.1100 0.2189 0.0145 0.6089 0.0477
64 0.0792 0.0325 0.1870 0.6948 0.0067
65 0.2678 0.3384 0.2515 0.1216 0.0206
66 0.0898 0.3813 0.2073 0.2089 0.1127
67 0.1324 0.5713 0.2168 0.0641 0.0156
68 0.1587 0.6133 0.0773 0.1326 0.0182
69 0.1666 0.0663 0.1338 0.6187 0.0144
70 0.0624 0.3594 0.1835 0.2798 0.1149
71 0.1273 0.3687 0.1882 0.3008 0.0150
72 0.1689 0.1469 0.3013 0.3467 0.0363
73 0.1815 0.2600 0.2947 0.0485 0.2156
74 0.0578 0.0867 0.0327 0.0254 0.7974
75 0.0661 0.1824 0.0676 0.0269 0.6567
76 0.0443 0.0938 0.0256 0.0138 0.8228
77 0.0865 0.1578 0.0558 0.0609 0.6392
78 0.1201 0.1350 0.1299 0.1437 0.4712
79 0.1998 0.2336 0.0600 0.0735 0.4331
80 0.1617 0.1021 0.3167 0.2710 0.1484
81 0.1147 0.3425 0.1593 0.0486 0.3347
82 0.0725 0.1536 0.4512 0.2737 0.0491
83 0.1250 0.2527 0.0422 0.0659 0.5142
84 0.0496 0.0110 0.1218 0.4814 0.3362
85 0.0790 0.1699 0.3076 0.3889 0.0547
86 0.1744 0.0386 0.0368 0.5630 0.1871
87 0.0417 0.4624 0.2290 0.0269 0.2400
88 0.1094 0.2211 0.1981 0.2485 0.2228
89 0.0723 0.3340 0.4937 0.0913 0.0086
90 0.2588 0.0436 0.0654 0.4543 0.1779
91 0.0566 0.0051 0.0672 0.8574 0.0135
92 0.2227 0.0658 0.0729 0.4568 0.1818
93 0.0431 0.6289 0.1318 0.1692 0.0272
94 0.0732 0.2052 0.0810 0.6030 0.0374
95 0.0770 0.1951 0.0788 0.2427 0.4065
96 0.0971 0.2223 0.2520 0.1993 0.2294
97 0.0754 0.3030 0.0829 0.4143 0.1244
98 0.1799 0.0593 0.1171 0.4282 0.2153
99 0.1293 0.2551 0.0841 0.2472 0.2844
100 0.2061 0.0701 0.2126 0.4502 0.0609
101 0.1344 0.1464 0.5229 0.1780 0.0180
102 0.0472 0.1781 0.2019 0.5664 0.0066
103 0.1674 0.1366 0.3892 0.2803 0.0267
104 0.0181 0.5977 0.2532 0.1273 0.0037
105 0.0893 0.1416 0.3701 0.3267 0.0723
106 0.1937 0.2355 0.0619 0.2842 0.2247
107 0.1725 0.3770 0.1177 0.1080 0.2250
108 0.3313 0.1307 0.0349 0.3904 0.1127
109 0.6260 0.0895 0.0256 0.2097 0.0490
110 0.2253 0.3572 0.1072 0.2437 0.0666
111 0.0735 0.2429 0.0356 0.1175 0.5308
112 0.1035 0.5015 0.1918 0.1747 0.0287
113 0.1488 0.3950 0.2322 0.0620 0.1621
114 0.2426 0.0914 0.0321 0.2279 0.4062
115 0.1304 0.5361 0.1244 0.1098 0.0992
116 0.5312 0.0373 0.0309 0.2064 0.1940
117 0.5103 0.2773 0.0171 0.1112 0.0840
118 0.2908 0.0981 0.1021 0.3242 0.1848
119 0.1509 0.1581 0.1373 0.4434 0.1104
120 0.3647 0.3169 0.1395 0.1203 0.0586
121 0.2761 0.3252 0.2019 0.1421 0.0548
122 0.0850 0.0360 0.1445 0.7002 0.0343
123 0.1926 0.1141 0.0809 0.4409 0.1714
124 0.0747 0.4102 0.3508 0.1232 0.0413
125 0.0913 0.0562 0.0580 0.1505 0.6440
126 0.1221 0.1427 0.0367 0.6294 0.0690
127 0.5620 0.0597 0.0278 0.2493 0.1015
128 0.2252 0.3772 0.1106 0.2183 0.0687
129 0.3787 0.1483 0.0355 0.2927 0.1449
130 0.2477 0.4148 0.1082 0.1729 0.0566
131 0.0988 0.2157 0.0608 0.2090 0.4158
132 0.5898 0.1757 0.0462 0.1295 0.0588
133 0.1450 0.5186 0.1998 0.1231 0.0136
134 0.2725 0.4187 0.0562 0.1887 0.0637
135 0.1807 0.0551 0.0264 0.0771 0.6606
136 0.2429 0.0952 0.2046 0.2144 0.2429
137 0.2083 0.0889 0.0635 0.4692 0.1700
138 0.0896 0.5488 0.2937 0.0495 0.0183
139 0.0235 0.7202 0.2163 0.0324 0.0073
140 0.0233 0.4827 0.4065 0.0537 0.0336
141 0.0512 0.6235 0.1171 0.1436 0.0647
142 0.0740 0.5552 0.1372 0.1707 0.0628
143 0.0501 0.3589 0.3372 0.1320 0.1221
144 0.0696 0.3423 0.1694 0.3533 0.0654
145 0.0915 0.3398 0.2030 0.2161 0.1497
146 0.0494 0.3977 0.3298 0.2031 0.0198
147 0.0593 0.6680 0.1490 0.0869 0.0368
148 0.0583 0.5835 0.1583 0.1487 0.0510
149 0.0546 0.6348 0.2246 0.0355 0.0505
150 0.1425 0.5591 0.2025 0.0481 0.0477
151 0.0901 0.6152 0.2839 0.0080 0.0025
152 0.0112 0.6440 0.3188 0.0250 0.0009
153 0.1313 0.6885 0.1133 0.0479 0.0191
154 0.0793 0.4255 0.0950 0.0244 0.3757
155 0.1494 0.4028 0.1874 0.0562 0.2041
156 0.1030 0.3101 0.1204 0.4370 0.0295
157 0.1062 0.6064 0.2031 0.0795 0.0049
158 0.1104 0.3535 0.2795 0.1764 0.0801
159 0.0705 0.6138 0.2460 0.0459 0.0240
160 0.1305 0.3987 0.2135 0.2272 0.0300
161 0.1112 0.7485 0.0974 0.0304 0.0127
162 0.0340 0.1671 0.4543 0.3271 0.0173
163 0.0843 0.1991 0.4702 0.2119 0.0346
164 0.0835 0.2067 0.5444 0.1536 0.0118
165 0.0802 0.6875 0.1510 0.0719 0.0096
166 0.0251 0.8247 0.0715 0.0761 0.0025
167 0.0300 0.6987 0.2322 0.0327 0.0063
168 0.3762 0.3218 0.0337 0.2467 0.0216
169 0.0892 0.2108 0.3530 0.3115 0.0355
170 0.1647 0.0809 0.1595 0.5659 0.0293
171 0.1454 0.5571 0.1511 0.1334 0.0130
172 0.2275 0.5459 0.1135 0.0844 0.0287
173 0.1438 0.3240 0.2059 0.3020 0.0244
174 0.3057 0.0918 0.5200 0.0476 0.0349
175 0.2732 0.0887 0.2908 0.3145 0.0329
176 0.1523 0.2473 0.3408 0.2512 0.0083
177 0.1667 0.3938 0.2427 0.1904 0.0062
178 0.3303 0.1897 0.1388 0.3279 0.0131
179 0.4905 0.3450 0.1052 0.0419 0.0175
180 0.0449 0.1426 0.1404 0.6592 0.0130
181 0.0831 0.2661 0.2041 0.4355 0.0112
182 0.2267 0.1376 0.3298 0.2197 0.0861
183 0.1982 0.3047 0.3372 0.1450 0.0148
184 0.0347 0.1101 0.0493 0.0878 0.7183
185 0.3147 0.1752 0.0713 0.4104 0.0286
186 0.1166 0.3508 0.2162 0.3049 0.0115
187 0.1825 0.4309 0.3079 0.0527 0.0261
188 0.0919 0.1218 0.3665 0.3840 0.0360
189 0.5557 0.2859 0.0695 0.0764 0.0125
190 0.3499 0.2260 0.1577 0.2224 0.0441
191 0.2256 0.1327 0.1650 0.4150 0.0617
192 0.0897 0.2537 0.1025 0.5166 0.0377
193 0.2214 0.1985 0.2433 0.2981 0.0388
194 0.1593 0.3911 0.3645 0.0795 0.0057
195 0.2444 0.1964 0.1553 0.3289 0.0751
196 0.2267 0.3196 0.2712 0.1752 0.0073
197 0.2842 0.4072 0.1418 0.1582 0.0086
198 0.2260 0.4746 0.1019 0.1774 0.0201
199 0.0941 0.5166 0.0933 0.1625 0.1337
200 0.2231 0.3350 0.1343 0.2820 0.0256
201 0.3186 0.1602 0.1815 0.3235 0.0162
202 0.0663 0.2371 0.1484 0.0839 0.4644
203 0.0912 0.7119 0.1626 0.0255 0.0087
204 0.2634 0.4346 0.1783 0.0992 0.0245
205 0.0837 0.1799 0.2744 0.3284 0.1337
206 0.1118 0.6641 0.0285 0.0608 0.1349
207 0.1677 0.4185 0.1306 0.2422 0.0411
208 0.0457 0.1022 0.0348 0.3298 0.4875
209 0.0545 0.2642 0.0268 0.1371 0.5176
210 0.0445 0.5591 0.3784 0.0014 0.0165
211 0.0958 0.4294 0.4573 0.0060 0.0115
212 0.0445 0.2922 0.2878 0.3162 0.0594
213 0.0346 0.3389 0.1931 0.1814 0.2520
214 0.0667 0.4697 0.2118 0.0401 0.2118
215 0.2438 0.1082 0.1265 0.4346 0.0869
