time exciting_prob fearful_prob tense_prob sad_prob relaxing_prob
0 0.2037 0.2830 0.2496 0.2310 0.0327
1 0.2422 0.2040 0.1058 0.3931 0.0549
2 0.2537 0.0704 0.1613 0.5044 0.0101
3 0.2993 0.0589 0.1843 0.4492 0.0084
4 0.1760 0.0942 0.2191 0.5015 0.0093
5 0.1719 0.0316 0.1339 0.6489 0.0139
6 0.1294 0.0749 0.2004 0.5801 0.0154
7 0.1245 0.0440 0.1675 0.6519 0.0119
8 0.1107 0.0682 0.2272 0.5801 0.0140
9 0.0601 0.0468 0.1881 0.6880 0.0167
10 0.1458 0.0247 0.1552 0.6636 0.0110
11 0.0590 0.0122 0.0529 0.8672 0.0086
12 0.0395 0.0111 0.0447 0.8984 0.0062
13 0.0591 0.0228 0.0784 0.8291 0.0104
14 0.0854 0.0284 0.0923 0.7852 0.0088
15 0.1879 0.0239 0.0834 0.6982 0.0066
16 0.2472 0.0400 0.1571 0.5483 0.0073
17 0.1558 0.0348 0.0834 0.7202 0.0058
18 0.0854 0.0117 0.0587 0.8364 0.0078
19 0.1530 0.0323 0.0988 0.7070 0.0088
20 0.0994 0.0462 0.1469 0.7007 0.0069
21 0.0987 0.0722 0.1815 0.6338 0.0138
22 0.0606 0.0072 0.0225 0.9048 0.0049
23 0.0938 0.0046 0.0206 0.8765 0.0045
24 0.0582 0.0038 0.0098 0.9248 0.0033
25 0.0869 0.0073 0.0230 0.8770 0.0058
26 0.1210 0.0191 0.0470 0.8018 0.0113
27 0.2041 0.0402 0.3933 0.3472 0.0153
28 0.0951 0.0559 0.3069 0.5303 0.0116
29 0.1090 0.0631 0.3521 0.4590 0.0168
30 0.0970 0.0744 0.4927 0.3181 0.0179
31 0.0880 0.0277 0.3704 0.4985 0.0155
32 0.0786 0.0540 0.2786 0.5718 0.0170
33 0.2981 0.0895 0.3711 0.2216 0.0197
34 0.3774 0.0626 0.1989 0.3491 0.0120
35 0.1742 0.1274 0.4963 0.1884 0.0137
36 0.3157 0.0374 0.3257 0.3108 0.0103
37 0.0573 0.2935 0.6118 0.0307 0.0067
38 0.0398 0.0829 0.3438 0.5244 0.0092
39 0.0538 0.0974 0.2861 0.5518 0.0110
40 0.1283 0.1409 0.4207 0.2981 0.0121
41 0.2949 0.1733 0.2333 0.2603 0.0381
42 0.0282 0.1324 0.4846 0.3491 0.0055
43 0.0315 0.0804 0.4082 0.4700 0.0100
44 0.1094 0.0314 0.5220 0.3318 0.0052
45 0.1257 0.0642 0.1830 0.6094 0.0176
46 0.1545 0.0429 0.1924 0.3123 0.2979
47 0.0399 0.0723 0.3091 0.5684 0.0102
48 0.1027 0.1318 0.5728 0.1830 0.0098
49 0.1188 0.0856 0.4148 0.3384 0.0424
50 0.1179 0.0811 0.2102 0.4053 0.1855
51 0.1420 0.1312 0.2164 0.2651 0.2452
52 0.0989 0.0629 0.1682 0.6450 0.0250
53 0.1792 0.1290 0.4299 0.2266 0.0353
54 0.0678 0.0898 0.2947 0.5337 0.0140
55 0.0800 0.1394 0.5342 0.1996 0.0467
56 0.1024 0.1160 0.5845 0.0162 0.1810
57 0.0209 0.1450 0.1643 0.6499 0.0198
58 0.0563 0.1210 0.3091 0.4863 0.0274
59 0.0941 0.0303 0.1246 0.7061 0.0448
60 0.0777 0.0577 0.1750 0.4541 0.2356
61 0.1316 0.0738 0.1143 0.6685 0.0120
62 0.2371 0.0505 0.4160 0.2771 0.0193
63 0.1533 0.0302 0.3145 0.4873 0.0147
64 0.1322 0.0252 0.1113 0.7144 0.0168
65 0.1154 0.0363 0.1050 0.7065 0.0369
66 0.1571 0.0543 0.1262 0.6309 0.0314
67 0.2117 0.0791 0.2052 0.4695 0.0345
68 0.2106 0.0442 0.2462 0.4746 0.0244
69 0.1807 0.0231 0.0909 0.6821 0.0233
70 0.1353 0.0266 0.1139 0.6865 0.0375
71 0.1506 0.0318 0.2125 0.5688 0.0363
72 0.1398 0.0317 0.1794 0.6265 0.0228
73 0.1226 0.0225 0.0767 0.7510 0.0273
74 0.2498 0.0280 0.1515 0.5542 0.0165
75 0.1871 0.1161 0.4023 0.2681 0.0263
76 0.1361 0.0996 0.2974 0.4534 0.0134
77 0.1875 0.0470 0.0943 0.6445 0.0268
78 0.1998 0.0521 0.2908 0.4297 0.0275
79 0.2323 0.0447 0.1323 0.5317 0.0587
80 0.2408 0.0555 0.1310 0.5513 0.0215
81 0.1576 0.0744 0.3083 0.4351 0.0245
82 0.1092 0.0762 0.1338 0.5903 0.0905
83 0.1948 0.0405 0.1163 0.6001 0.0485
84 0.2338 0.0439 0.2063 0.4873 0.0286
85 0.1104 0.1710 0.2649 0.4233 0.0302
86 0.1425 0.1296 0.3062 0.3159 0.1058
87 0.0566 0.2311 0.2460 0.4250 0.0411
88 0.0828 0.0379 0.1595 0.7041 0.0158
89 0.3108 0.0762 0.1855 0.3633 0.0641
90 0.3718 0.1599 0.2808 0.1285 0.0588
91 0.2239 0.3013 0.2659 0.0710 0.1379
92 0.4199 0.0853 0.2430 0.1923 0.0595
93 0.2244 0.0679 0.1775 0.4824 0.0478
94 0.3035 0.0540 0.1073 0.4346 0.1008
95 0.1481 0.1626 0.6333 0.0305 0.0257
96 0.0984 0.3176 0.4844 0.0743 0.0253
97 0.3757 0.0375 0.3477 0.1592 0.0800
98 0.1032 0.0607 0.1755 0.5664 0.0939
99 0.3660 0.0779 0.2515 0.2255 0.0792
100 0.3169 0.0614 0.1373 0.1521 0.3323
101 0.3059 0.0919 0.1025 0.1189 0.3809
102 0.1431 0.2959 0.4729 0.0578 0.0305
103 0.2603 0.2949 0.2123 0.2091 0.0236
104 0.2808 0.3232 0.2291 0.1161 0.0508
105 0.2566 0.2588 0.1908 0.2030 0.0908
106 0.3286 0.1349 0.2661 0.2057 0.0647
107 0.1377 0.0809 0.0829 0.1410 0.5576
108 0.1917 0.0520 0.0492 0.0787 0.6284
109 0.2646 0.0442 0.0375 0.0936 0.5601
110 0.3276 0.0284 0.0841 0.2473 0.3125
111 0.3047 0.2144 0.1982 0.2094 0.0735
112 0.3767 0.1176 0.1242 0.2778 0.1038
113 0.1519 0.0989 0.3069 0.3760 0.0663
114 0.4509 0.0815 0.1233 0.1895 0.1547
115 0.4504 0.0952 0.1619 0.1395 0.1532
116 0.4802 0.0828 0.1080 0.1780 0.1511
117 0.2329 0.0545 0.0786 0.4219 0.2122
118 0.3848 0.1309 0.1427 0.1119 0.2297
119 0.3115 0.4326 0.1495 0.0643 0.0418
120 0.2240 0.5205 0.1758 0.0520 0.0276
121 0.4019 0.2805 0.1142 0.1160 0.0876
122 0.3159 0.2024 0.1565 0.2367 0.0884
123 0.2434 0.1547 0.3433 0.2396 0.0191
124 0.2451 0.2413 0.4727 0.0195 0.0214
125 0.1663 0.0804 0.5713 0.1107 0.0715
126 0.1451 0.1232 0.4070 0.2469 0.0777
127 0.2715 0.0543 0.2549 0.3325 0.0867
128 0.4199 0.0777 0.1582 0.2798 0.0644
129 0.4570 0.0717 0.2334 0.2279 0.0100
130 0.5269 0.1105 0.1113 0.2267 0.0246
131 0.3936 0.1119 0.1859 0.2812 0.0272
132 0.2969 0.1718 0.1576 0.0971 0.2766
133 0.2551 0.1548 0.1177 0.0314 0.4409
134 0.2041 0.1859 0.3528 0.0366 0.2207
135 0.3716 0.1661 0.2035 0.1912 0.0676
136 0.3223 0.1895 0.3540 0.0665 0.0676
137 0.0936 0.1472 0.4192 0.3066 0.0334
138 0.0565 0.0348 0.1072 0.0461 0.7554
139 0.0798 0.2739 0.3154 0.0298 0.3010
140 0.1582 0.0530 0.0742 0.0587 0.6558
141 0.0683 0.0768 0.1827 0.0823 0.5898
142 0.1033 0.0856 0.4021 0.3838 0.0251
143 0.2568 0.1442 0.1105 0.4170 0.0714
144 0.3179 0.1478 0.0977 0.2554 0.1812
145 0.2783 0.2827 0.1466 0.1274 0.1649
146 0.3389 0.2876 0.1539 0.1189 0.1010
147 0.2852 0.0602 0.1389 0.4700 0.0458
148 0.3862 0.1769 0.0977 0.2939 0.0454
149 0.1553 0.0722 0.2725 0.4783 0.0217
150 0.2808 0.1346 0.4556 0.1207 0.0082
151 0.0736 0.1940 0.1510 0.3511 0.2303
152 0.3489 0.1334 0.0862 0.2150 0.2166
153 0.2225 0.1371 0.3904 0.1707 0.0793
154 0.1935 0.0740 0.0764 0.3789 0.2771
155 0.5210 0.1505 0.0942 0.1719 0.0623
156 0.2593 0.2218 0.2761 0.2150 0.0278
157 0.3457 0.1851 0.3149 0.0960 0.0582
158 0.2715 0.0394 0.0307 0.4075 0.2510
159 0.4219 0.2330 0.1481 0.1718 0.0251
160 0.1343 0.0605 0.3826 0.3594 0.0634
161 0.1921 0.1473 0.3320 0.3022 0.0264
162 0.1185 0.0765 0.1836 0.5742 0.0471
163 0.1776 0.0696 0.2883 0.3818 0.0826
164 0.1142 0.1825 0.2615 0.4177 0.0243
165 0.0810 0.3081 0.5239 0.0380 0.0488
166 0.0518 0.3650 0.4333 0.1149 0.0350
167 0.0568 0.2465 0.5469 0.1165 0.0334
168 0.4629 0.1515 0.1743 0.1066 0.1049
169 0.3672 0.1694 0.2297 0.1268 0.1068
170 0.4280 0.2720 0.2053 0.0823 0.0122
171 0.3848 0.1630 0.2192 0.1875 0.0456
172 0.3655 0.1283 0.1660 0.3030 0.0370
173 0.2365 0.2942 0.1857 0.1390 0.1445
174 0.1697 0.1148 0.3706 0.3271 0.0179
175 0.1675 0.0388 0.1649 0.6128 0.0161
176 0.0742 0.1063 0.2395 0.5396 0.0403
177 0.3826 0.0881 0.1242 0.3884 0.0167
178 0.1153 0.1470 0.2137 0.5127 0.0112
179 0.0737 0.1335 0.0715 0.6890 0.0325
180 0.0667 0.1433 0.0535 0.6943 0.0424
181 0.0535 0.1177 0.0410 0.7437 0.0440
182 0.0695 0.1145 0.0421 0.7012 0.0728
183 0.1017 0.6040 0.2089 0.0756 0.0095
184 0.1318 0.3875 0.2925 0.1802 0.0080
185 0.0551 0.7427 0.1373 0.0546 0.0105
186 0.0703 0.3948 0.1396 0.3376 0.0578
187 0.2573 0.4211 0.1265 0.1378 0.0574
188 0.3701 0.1495 0.0707 0.3477 0.0619
189 0.1231 0.0190 0.0513 0.7905 0.0160
190 0.1060 0.0238 0.0493 0.8086 0.0124
191 0.2495 0.0404 0.1294 0.5620 0.0185
192 0.1860 0.0415 0.0907 0.6699 0.0115
193 0.1901 0.1976 0.2766 0.3135 0.0222
194 0.2568 0.2413 0.2001 0.2822 0.0195
195 0.2632 0.0771 0.3174 0.3325 0.0098
196 0.0562 0.0061 0.0126 0.9219 0.0031
197 0.0909 0.0085 0.0172 0.8765 0.0067
198 0.0985 0.0229 0.0184 0.8511 0.0094
199 0.1274 0.0261 0.0488 0.7808 0.0168
200 0.0814 0.1791 0.2527 0.4434 0.0435
201 0.0964 0.1493 0.2172 0.5132 0.0242
202 0.2175 0.3164 0.2622 0.1693 0.0344
203 0.1680 0.2261 0.2157 0.3669 0.0231
204 0.0409 0.1996 0.1604 0.5864 0.0127
205 0.1243 0.0778 0.0828 0.6216 0.0938
206 0.1167 0.0423 0.0502 0.7319 0.0591
207 0.0236 0.2991 0.0607 0.6133 0.0032
208 0.0993 0.1016 0.0325 0.7280 0.0386
209 0.1180 0.0678 0.3870 0.1772 0.2499
210 0.1635 0.0917 0.2166 0.1824 0.3459
211 0.2185 0.0202 0.0579 0.6943 0.0089
212 0.1869 0.0842 0.1008 0.6030 0.0249
213 0.0847 0.0254 0.0468 0.8164 0.0267
214 0.0312 0.1041 0.0566 0.7935 0.0146
215 0.1232 0.1385 0.5190 0.1793 0.0400
216 0.1913 0.1057 0.4312 0.2202 0.0519
217 0.0911 0.4382 0.2458 0.1469 0.0779
218 0.0568 0.2605 0.2688 0.3674 0.0467
219 0.0589 0.1539 0.1256 0.5454 0.1161
220 0.1636 0.0487 0.1973 0.5796 0.0106
221 0.1312 0.0394 0.2693 0.5439 0.0163
222 0.1453 0.0605 0.2471 0.5229 0.0241
223 0.0938 0.0379 0.2935 0.5396 0.0351
224 0.2991 0.1886 0.2898 0.2054 0.0171
225 0.3271 0.1140 0.2510 0.2910 0.0168
226 0.1395 0.1863 0.4265 0.2283 0.0195
227 0.0769 0.3162 0.3640 0.2278 0.0150
228 0.2262 0.1832 0.3044 0.2563 0.0299
229 0.3135 0.0637 0.3499 0.2443 0.0287
230 0.1964 0.1172 0.2947 0.3726 0.0190
231 0.1530 0.1210 0.0928 0.5815 0.0516
232 0.0850 0.0492 0.0651 0.7573 0.0434
233 0.1614 0.2240 0.3208 0.1469 0.1469
234 0.1036 0.0302 0.1631 0.6548 0.0482
235 0.1151 0.0487 0.1324 0.6831 0.0208
236 0.3171 0.0279 0.2285 0.4072 0.0190
237 0.2059 0.0274 0.0764 0.6753 0.0149
238 0.1748 0.0563 0.0546 0.6914 0.0231
239 0.1335 0.0213 0.0661 0.7563 0.0228
240 0.2974 0.4094 0.2352 0.0358 0.0222
241 0.3308 0.3838 0.1976 0.0632 0.0245
242 0.2195 0.3674 0.3506 0.0435 0.0187
243 0.3354 0.3054 0.2343 0.1016 0.0232
244 0.1284 0.1927 0.5239 0.1305 0.0243
245 0.1306 0.0927 0.3665 0.3899 0.0204
246 0.1248 0.3313 0.3694 0.0662 0.1083
247 0.0504 0.6289 0.2277 0.0668 0.0264
248 0.2612 0.0714 0.3406 0.2915 0.0353
249 0.2620 0.1257 0.3638 0.1947 0.0540
250 0.1431 0.2180 0.4270 0.1752 0.0367
251 0.1142 0.3154 0.2495 0.2783 0.0427
252 0.1072 0.2003 0.3408 0.3252 0.0263
253 0.0815 0.2323 0.4768 0.1726 0.0368
254 0.1412 0.1171 0.1992 0.5166 0.0259
255 0.1865 0.2756 0.2114 0.2981 0.0282
256 0.2871 0.4114 0.2399 0.0398 0.0220
257 0.1024 0.1455 0.4734 0.1714 0.1073
258 0.1335 0.1467 0.4180 0.2615 0.0404
259 0.1260 0.0533 0.3616 0.4431 0.0160
260 0.0381 0.0089 0.0764 0.8745 0.0019
261 0.1366 0.0074 0.0671 0.7861 0.0030
262 0.1713 0.0391 0.4585 0.3201 0.0112
263 0.0565 0.0376 0.1523 0.7500 0.0033
264 0.1311 0.0901 0.2196 0.5352 0.0241
265 0.0577 0.0826 0.2839 0.5649 0.0107
266 0.1213 0.1311 0.5186 0.2031 0.0260
267 0.0814 0.2566 0.1967 0.1967 0.2688
268 0.1842 0.1208 0.2517 0.4282 0.0151
269 0.1265 0.1663 0.5454 0.0315 0.1305
270 0.0826 0.1750 0.6709 0.0137 0.0577
271 0.0345 0.1973 0.7212 0.0138 0.0330
272 0.0710 0.0496 0.0884 0.7524 0.0386
273 0.0276 0.0243 0.0407 0.8984 0.0092
274 0.1764 0.0990 0.1332 0.5522 0.0394
275 0.0857 0.0805 0.0844 0.7065 0.0431
276 0.1426 0.0080 0.0906 0.7471 0.0115
277 0.1239 0.0111 0.1201 0.7358 0.0093
278 0.0538 0.0039 0.0413 0.8965 0.0046
279 0.1616 0.0102 0.0258 0.7832 0.0195
280 0.1705 0.0068 0.0187 0.7886 0.0151
281 0.0904 0.0035 0.0083 0.8853 0.0127
282 0.0854 0.0066 0.0096 0.8901 0.0084
283 0.0850 0.0069 0.0253 0.8716 0.0111
284 0.2125 0.0039 0.0136 0.7534 0.0166
285 0.1044 0.0024 0.0093 0.8740 0.0099
286 0.1904 0.0087 0.0187 0.7529 0.0292
287 0.2295 0.0124 0.0217 0.7178 0.0185
288 0.1023 0.0039 0.0111 0.8701 0.0125
289 0.2334 0.0086 0.0199 0.7188 0.0193
290 0.2312 0.0114 0.0240 0.7124 0.0212
291 0.1344 0.0040 0.0164 0.8232 0.0221
292 0.1586 0.0028 0.0123 0.8184 0.0080
293 0.1625 0.0043 0.0109 0.8120 0.0103
294 0.2069 0.0125 0.0181 0.7451 0.0177
295 0.0503 0.0034 0.0087 0.9336 0.0039
296 0.1218 0.0035 0.0111 0.8584 0.0053
297 0.0891 0.0065 0.0121 0.8862 0.0061
298 0.1245 0.0166 0.0284 0.8242 0.0063
299 0.1069 0.3240 0.1372 0.4033 0.0285
300 0.2046 0.2842 0.2468 0.2318 0.0326
301 0.2046 0.2842 0.2468 0.2318 0.0326
