time exciting_prob fearful_prob tense_prob sad_prob relaxing_prob
0 0.4097 0.0996 0.3093 0.0198 0.1617
1 0.6675 0.0925 0.1421 0.0134 0.0848
2 0.4863 0.0618 0.3672 0.0112 0.0734
3 0.5288 0.0247 0.2274 0.1198 0.0994
4 0.5786 0.0702 0.1683 0.0342 0.1486
5 0.2065 0.5400 0.2098 0.0342 0.0094
6 0.1113 0.0486 0.6714 0.1646 0.0038
7 0.2224 0.1577 0.2482 0.3555 0.0161
8 0.2576 0.1515 0.1033 0.4812 0.0065
9 0.3491 0.4924 0.1294 0.0205 0.0085
10 0.3267 0.5137 0.1155 0.0355 0.0084
11 0.3640 0.3699 0.2058 0.0485 0.0117
12 0.3689 0.0236 0.2202 0.3689 0.0184
13 0.3037 0.3496 0.2578 0.0662 0.0227
14 0.1515 0.2578 0.2700 0.2920 0.0285
15 0.0754 0.1851 0.2017 0.5312 0.0067
16 0.1604 0.4714 0.1996 0.1630 0.0057
17 0.2373 0.3269 0.3047 0.1231 0.0082
18 0.2622 0.2903 0.2542 0.0751 0.1182
19 0.0916 0.6875 0.1879 0.0271 0.0062
20 0.3997 0.3752 0.1110 0.0637 0.0504
21 0.6538 0.0689 0.0648 0.1654 0.0470
22 0.5835 0.0789 0.1429 0.1261 0.0686
23 0.2668 0.1631 0.0422 0.0098 0.5181
24 0.1221 0.0115 0.0355 0.0595 0.7715
25 0.3557 0.0695 0.0550 0.0558 0.4639
26 0.2615 0.0918 0.0499 0.0077 0.5894
27 0.4346 0.0269 0.1550 0.3660 0.0174
28 0.7891 0.1068 0.0723 0.0180 0.0140
29 0.8296 0.0655 0.0630 0.0267 0.0151
30 0.2043 0.3240 0.1415 0.3091 0.0212
31 0.5483 0.0530 0.0483 0.2551 0.0953
32 0.3584 0.3091 0.1788 0.0609 0.0928
33 0.0307 0.2146 0.2844 0.4688 0.0016
34 0.4749 0.2174 0.1494 0.1460 0.0125
35 0.6006 0.1460 0.1616 0.0776 0.0141
36 0.3008 0.2551 0.1273 0.2803 0.0365
37 0.1191 0.3042 0.2949 0.1964 0.0851
38 0.5410 0.2273 0.0699 0.0430 0.1188
39 0.3857 0.1780 0.0895 0.3223 0.0243
40 0.3831 0.3569 0.1635 0.0784 0.0181
41 0.6797 0.0805 0.0844 0.0994 0.0562
42 0.8403 0.0914 0.0306 0.0264 0.0113
43 0.5645 0.1310 0.1230 0.1531 0.0283
44 0.5269 0.0093 0.0560 0.3457 0.0620
45 0.6523 0.0792 0.1501 0.0904 0.0278
46 0.6304 0.0691 0.1175 0.1364 0.0468
47 0.6646 0.0674 0.1229 0.1182 0.0270
48 0.6577 0.0523 0.1945 0.0341 0.0612
49 0.4695 0.0773 0.2937 0.0698 0.0896
50 0.3362 0.2172 0.2876 0.1135 0.0455
51 0.3052 0.0708 0.1014 0.4875 0.0350
52 0.3384 0.1188 0.3130 0.1489 0.0810
53 0.6987 0.0578 0.0909 0.1123 0.0400
54 0.7197 0.0937 0.0538 0.0997 0.0331
55 0.5688 0.1156 0.1351 0.1630 0.0175
56 0.2837 0.1531 0.2927 0.1669 0.1036
57 0.5186 0.0867 0.1953 0.1396 0.0596
58 0.5771 0.0459 0.1830 0.0722 0.1219
59 0.7207 0.0518 0.1195 0.0635 0.0443
60 0.4229 0.0595 0.0788 0.4033 0.0355
61 0.5771 0.1653 0.1459 0.0648 0.0470
62 0.4336 0.1646 0.2113 0.0429 0.1476
63 0.3484 0.3679 0.2017 0.0159 0.0660
64 0.5767 0.1093 0.1403 0.0898 0.0837
65 0.6343 0.1229 0.0746 0.1350 0.0334
66 0.5884 0.0991 0.1465 0.1431 0.0230
67 0.3821 0.0478 0.1520 0.2795 0.1384
68 0.5542 0.0603 0.1626 0.1390 0.0837
69 0.0987 0.1516 0.0470 0.0016 0.7012
70 0.1724 0.4265 0.0827 0.0016 0.3169
71 0.2430 0.0397 0.1078 0.4910 0.1185
72 0.2454 0.3103 0.1796 0.1912 0.0737
73 0.2052 0.1443 0.1169 0.4412 0.0925
74 0.0765 0.0453 0.0195 0.0551 0.8037
75 0.1034 0.0338 0.0240 0.0504 0.7886
76 0.1231 0.2429 0.0582 0.0240 0.5518
77 0.0454 0.1022 0.0510 0.5444 0.2571
78 0.1479 0.5498 0.0481 0.0850 0.1691
79 0.2102 0.3206 0.0836 0.0225 0.3633
80 0.0573 0.0065 0.0062 0.4106 0.5190
81 0.0797 0.0072 0.0236 0.1090 0.7808
82 0.1256 0.4185 0.1886 0.1180 0.1492
83 0.1279 0.5513 0.0599 0.0275 0.2334
84 0.0486 0.0675 0.1096 0.4988 0.2754
85 0.4038 0.2430 0.0801 0.0634 0.2095
86 0.1804 0.2625 0.0950 0.0619 0.4001
87 0.0198 0.0550 0.0274 0.1146 0.7832
88 0.2944 0.5327 0.0549 0.0511 0.0667
89 0.2737 0.4692 0.0976 0.1047 0.0547
90 0.7002 0.0636 0.0544 0.0532 0.1285
91 0.5205 0.1188 0.2595 0.0883 0.0129
92 0.1309 0.1102 0.0199 0.0088 0.7300
93 0.3054 0.1132 0.0188 0.0226 0.5400
94 0.0289 0.0160 0.0036 0.0652 0.8862
95 0.0738 0.0155 0.0114 0.1479 0.7515
96 0.2136 0.1798 0.0843 0.4966 0.0257
97 0.1171 0.0694 0.0970 0.6953 0.0213
98 0.1350 0.1289 0.0852 0.6055 0.0456
99 0.2107 0.1641 0.0381 0.1085 0.4785
100 0.2350 0.0613 0.0576 0.1328 0.5132
101 0.0066 0.1064 0.0072 0.8774 0.0020
102 0.3135 0.1050 0.0289 0.4780 0.0745
103 0.3892 0.0365 0.1420 0.4077 0.0247
104 0.2859 0.0892 0.0972 0.4497 0.0781
105 0.5166 0.2639 0.0524 0.0508 0.1162
106 0.3713 0.0401 0.1039 0.4343 0.0503
107 0.8242 0.0275 0.0359 0.0816 0.0307
108 0.4502 0.1202 0.3245 0.0521 0.0529
109 0.6709 0.2754 0.0295 0.0118 0.0126
110 0.7202 0.0490 0.1620 0.0453 0.0235
111 0.7227 0.0744 0.1135 0.0352 0.0544
112 0.7402 0.1528 0.0520 0.0318 0.0231
113 0.6113 0.0901 0.0551 0.1131 0.1301
114 0.4092 0.0369 0.0927 0.0520 0.4092
115 0.7651 0.0463 0.0712 0.0154 0.1019
116 0.7983 0.0214 0.0953 0.0348 0.0502
117 0.4180 0.2874 0.0570 0.1526 0.0850
118 0.2554 0.4275 0.2825 0.0178 0.0170
119 0.7446 0.0286 0.0646 0.1421 0.0202
120 0.6304 0.0239 0.1670 0.1261 0.0529
121 0.4609 0.3071 0.0833 0.0125 0.1362
122 0.7002 0.0130 0.1587 0.0704 0.0575
123 0.5415 0.0208 0.2188 0.0831 0.1359
124 0.5688 0.0966 0.0880 0.2177 0.0290
125 0.6943 0.0174 0.0862 0.1675 0.0346
126 0.4868 0.1069 0.1250 0.1373 0.1439
127 0.2600 0.1172 0.0927 0.1145 0.4155
128 0.0479 0.0743 0.2323 0.6216 0.0237
129 0.0281 0.0079 0.0038 0.0004 0.9600
130 0.1316 0.0986 0.1266 0.5898 0.0536
131 0.4177 0.3628 0.0862 0.1206 0.0127
132 0.2388 0.0155 0.0145 0.5908 0.1404
133 0.6118 0.0983 0.1396 0.0854 0.0649
134 0.5615 0.0324 0.1713 0.1420 0.0931
135 0.5767 0.2876 0.0647 0.0173 0.0536
136 0.1891 0.6445 0.0679 0.0105 0.0879
137 0.4521 0.2874 0.0856 0.0125 0.1625
138 0.7793 0.0151 0.0760 0.0875 0.0420
139 0.4817 0.2258 0.1470 0.0733 0.0721
140 0.4426 0.3264 0.0921 0.0187 0.1201
141 0.4814 0.1412 0.1227 0.1677 0.0870
142 0.3962 0.1348 0.2072 0.1042 0.1576
143 0.4460 0.0576 0.0935 0.3699 0.0328
144 0.1674 0.3801 0.1488 0.2961 0.0076
145 0.1315 0.3987 0.1032 0.3630 0.0037
146 0.2197 0.1213 0.4104 0.2302 0.0183
147 0.0749 0.1825 0.3923 0.3462 0.0040
148 0.1384 0.6553 0.1544 0.0350 0.0168
149 0.5137 0.3672 0.0788 0.0378 0.0027
150 0.0404 0.5933 0.3435 0.0216 0.0013
151 0.1735 0.4500 0.2603 0.1028 0.0136
152 0.0970 0.2852 0.3083 0.2942 0.0156
153 0.4031 0.2502 0.2996 0.0399 0.0074
154 0.4282 0.4119 0.0750 0.0768 0.0083
155 0.5361 0.1523 0.1560 0.0687 0.0869
156 0.1018 0.1759 0.1759 0.5171 0.0292
157 0.3274 0.0771 0.0778 0.3223 0.1954
158 0.3735 0.2179 0.0691 0.2145 0.1251
159 0.2876 0.2681 0.4023 0.0278 0.0142
160 0.3274 0.2981 0.2163 0.1385 0.0197
161 0.1918 0.0728 0.6191 0.1059 0.0106
162 0.1655 0.2299 0.5474 0.0490 0.0084
163 0.5938 0.2052 0.0977 0.0897 0.0139
164 0.2773 0.4363 0.2524 0.0290 0.0050
165 0.3623 0.4370 0.1282 0.0629 0.0098
166 0.2407 0.5508 0.1616 0.0318 0.0149
167 0.3943 0.3943 0.1157 0.0873 0.0084
168 0.3267 0.3701 0.1438 0.1310 0.0283
169 0.0682 0.2383 0.3308 0.3577 0.0051
170 0.3745 0.1064 0.2184 0.2917 0.0089
171 0.9053 0.0362 0.0097 0.0433 0.0056
172 0.4421 0.3210 0.0905 0.1328 0.0135
173 0.3381 0.5361 0.1089 0.0144 0.0024
174 0.4785 0.1448 0.1393 0.2296 0.0080
175 0.0931 0.0552 0.4045 0.2959 0.1511
176 0.3193 0.2161 0.4067 0.0521 0.0056
177 0.5200 0.0574 0.0303 0.3862 0.0061
178 0.1333 0.3196 0.4041 0.1354 0.0076
179 0.2407 0.3586 0.1438 0.1566 0.1003
180 0.2393 0.4470 0.2247 0.0702 0.0189
181 0.6416 0.1072 0.0714 0.1699 0.0100
182 0.7163 0.0903 0.0947 0.0641 0.0348
183 0.7993 0.0451 0.0527 0.0992 0.0036
184 0.8115 0.1048 0.0338 0.0374 0.0123
185 0.4849 0.1575 0.2327 0.1008 0.0241
186 0.0831 0.1229 0.5337 0.1964 0.0638
187 0.2275 0.0637 0.2520 0.4419 0.0150
188 0.2869 0.1215 0.4143 0.1560 0.0214
189 0.3154 0.3206 0.2698 0.0570 0.0371
190 0.3457 0.4373 0.1672 0.0426 0.0072
191 0.4131 0.3022 0.1876 0.0826 0.0144
192 0.5420 0.0199 0.0864 0.3391 0.0124
193 0.4229 0.3118 0.1696 0.0846 0.0111
194 0.1367 0.2020 0.4922 0.1675 0.0015
195 0.6455 0.0233 0.0510 0.2712 0.0087
196 0.1278 0.1449 0.2389 0.4604 0.0281
197 0.6479 0.0710 0.0421 0.2222 0.0166
198 0.4873 0.0718 0.2820 0.1451 0.0136
199 0.3096 0.2627 0.2527 0.1185 0.0564
200 0.3374 0.3855 0.1671 0.0777 0.0324
201 0.2754 0.2095 0.4648 0.0273 0.0231
202 0.3062 0.3662 0.1991 0.0963 0.0323
203 0.6680 0.0993 0.0503 0.1663 0.0162
204 0.4790 0.3093 0.0794 0.0893 0.0432
205 0.1699 0.2891 0.4619 0.0681 0.0110
206 0.1842 0.0318 0.0212 0.6738 0.0891
207 0.3794 0.1570 0.0821 0.3564 0.0250
208 0.4160 0.1862 0.0729 0.2245 0.1004
209 0.0576 0.0812 0.2208 0.5728 0.0674
210 0.1176 0.0526 0.0644 0.7314 0.0342
211 0.3381 0.1610 0.3545 0.1410 0.0052
212 0.7012 0.1145 0.1425 0.0408 0.0010
213 0.1826 0.3926 0.3333 0.0704 0.0211
214 0.3171 0.1807 0.0853 0.3350 0.0821
215 0.6074 0.1661 0.0903 0.1244 0.0117
216 0.5444 0.2493 0.0809 0.0976 0.0280
217 0.5049 0.1565 0.1719 0.1565 0.0102
218 0.3677 0.2249 0.2754 0.0747 0.0573
219 0.1555 0.2976 0.2354 0.3047 0.0070
220 0.5166 0.1118 0.2240 0.1285 0.0191
221 0.2198 0.0351 0.1431 0.5703 0.0317
222 0.4636 0.1350 0.1747 0.2157 0.0110
223 0.2250 0.6260 0.1158 0.0249 0.0082
224 0.3601 0.0458 0.2289 0.3179 0.0472
225 0.2678 0.2477 0.4556 0.0188 0.0102
226 0.1135 0.0431 0.1135 0.0970 0.6328
227 0.1862 0.0865 0.4065 0.1405 0.1804
228 0.2339 0.0784 0.3979 0.1793 0.1105
229 0.2395 0.1511 0.1088 0.4441 0.0565
230 0.1320 0.4395 0.2075 0.0137 0.2075
231 0.1248 0.5337 0.2295 0.0375 0.0745
232 0.0756 0.1786 0.3389 0.1390 0.2681
233 0.1293 0.2286 0.1476 0.0606 0.4338
234 0.1490 0.1613 0.1033 0.1125 0.4739
235 0.2037 0.2830 0.2496 0.2310 0.0327
236 0.2037 0.2830 0.2496 0.2310 0.0327
237 0.7134 0.1642 0.0663 0.0323 0.0238
238 0.6431 0.1527 0.1017 0.0756 0.0272
239 0.6431 0.1527 0.1017 0.0756 0.0272
240 0.6431 0.1527 0.1017 0.0756 0.0272
241 0.6431 0.1527 0.1017 0.0756 0.0272
242 0.6431 0.1527 0.1017 0.0756 0.0272
