time exciting_prob fearful_prob tense_prob sad_prob relaxing_prob
0 0.2357 0.0952 0.1836 0.3650 0.1204
1 0.0357 0.2520 0.2766 0.3962 0.0396
2 0.0396 0.1360 0.2971 0.4460 0.0812
3 0.0771 0.3735 0.2690 0.2162 0.0639
4 0.0424 0.3389 0.5415 0.0594 0.0180
5 0.0310 0.7866 0.0829 0.0458 0.0539
6 0.0289 0.8252 0.0710 0.0229 0.0519
7 0.0798 0.5991 0.1562 0.0919 0.0732
8 0.0476 0.7168 0.1378 0.0804 0.0175
9 0.1086 0.3704 0.0654 0.3589 0.0966
10 0.0659 0.3245 0.4949 0.0783 0.0364
11 0.0205 0.3699 0.5464 0.0572 0.0060
12 0.0107 0.4336 0.5068 0.0464 0.0022
13 0.0707 0.4465 0.2861 0.1450 0.0517
14 0.1305 0.2515 0.3130 0.2362 0.0688
15 0.0508 0.5288 0.2136 0.1976 0.0093
16 0.0411 0.5420 0.2089 0.1962 0.0120
17 0.0660 0.4270 0.1243 0.3430 0.0397
18 0.0560 0.7041 0.1114 0.0543 0.0742
19 0.0502 0.7490 0.1311 0.0231 0.0468
20 0.0513 0.8149 0.1061 0.0091 0.0187
21 0.0119 0.9014 0.0764 0.0047 0.0057
22 0.0074 0.9453 0.0369 0.0046 0.0058
23 0.0041 0.9185 0.0578 0.0078 0.0120
24 0.0645 0.8174 0.0407 0.0317 0.0457
25 0.0450 0.7441 0.0487 0.0166 0.1454
26 0.0681 0.6660 0.0547 0.0518 0.1594
27 0.0635 0.6460 0.0983 0.0213 0.1711
28 0.0442 0.5869 0.0576 0.1165 0.1949
29 0.0269 0.7812 0.0897 0.0389 0.0631
30 0.0250 0.6357 0.0923 0.1096 0.1375
31 0.0240 0.7466 0.1209 0.0585 0.0500
32 0.0313 0.7900 0.1362 0.0226 0.0199
33 0.0287 0.7183 0.0845 0.0590 0.1093
34 0.0300 0.6875 0.0692 0.0901 0.1232
35 0.0362 0.4802 0.0219 0.0376 0.4238
36 0.0236 0.4412 0.0099 0.0257 0.4998
37 0.0121 0.3816 0.0070 0.0439 0.5552
38 0.0161 0.4087 0.0070 0.0354 0.5327
39 0.0103 0.5273 0.0042 0.0665 0.3918
40 0.0291 0.5273 0.0102 0.0596 0.3738
41 0.0545 0.7119 0.1348 0.0399 0.0589
42 0.0930 0.5312 0.1498 0.0930 0.1332
43 0.0814 0.0952 0.1892 0.5918 0.0422
44 0.0404 0.1974 0.3745 0.3254 0.0621
45 0.0110 0.7803 0.1825 0.0089 0.0172
46 0.0461 0.6675 0.1663 0.0296 0.0904
47 0.0391 0.6665 0.1409 0.1323 0.0213
48 0.0730 0.7261 0.1063 0.0426 0.0522
49 0.0534 0.7202 0.1406 0.0591 0.0268
50 0.0220 0.8862 0.0520 0.0173 0.0227
51 0.0474 0.7891 0.0668 0.0445 0.0524
52 0.0255 0.8188 0.0492 0.0220 0.0844
53 0.0485 0.6587 0.0971 0.0346 0.1614
54 0.0768 0.2639 0.0562 0.2639 0.3389
55 0.0106 0.7793 0.0547 0.0262 0.1292
56 0.0184 0.7817 0.0448 0.0294 0.1256
57 0.0062 0.7158 0.1838 0.0561 0.0379
58 0.0185 0.8442 0.0849 0.0282 0.0240
59 0.1404 0.5596 0.1173 0.1128 0.0700
60 0.0320 0.6377 0.0536 0.0727 0.2039
61 0.0258 0.8730 0.0463 0.0168 0.0381
62 0.0332 0.6455 0.1014 0.1282 0.0916
63 0.1191 0.4565 0.2242 0.1328 0.0673
64 0.0311 0.8467 0.0988 0.0049 0.0186
65 0.0322 0.9189 0.0208 0.0085 0.0197
66 0.0265 0.9194 0.0280 0.0060 0.0203
67 0.0182 0.9033 0.0348 0.0307 0.0129
68 0.0464 0.5928 0.1302 0.0917 0.1387
69 0.1951 0.5688 0.1951 0.0145 0.0266
70 0.0756 0.6528 0.2120 0.0149 0.0444
71 0.0367 0.8218 0.0690 0.0288 0.0439
72 0.0236 0.7642 0.0424 0.0287 0.1414
73 0.0142 0.8896 0.0376 0.0198 0.0388
74 0.0054 0.8989 0.0515 0.0395 0.0049
75 0.0574 0.3806 0.4380 0.0955 0.0287
76 0.0211 0.7603 0.0782 0.0846 0.0559
77 0.0176 0.8350 0.0384 0.0759 0.0334
78 0.0195 0.7744 0.1089 0.0385 0.0588
79 0.0198 0.7202 0.1793 0.0582 0.0224
80 0.0502 0.6504 0.1364 0.0526 0.1104
81 0.0332 0.7847 0.1396 0.0260 0.0164
82 0.0452 0.4712 0.2727 0.1603 0.0504
83 0.0081 0.7827 0.0567 0.1448 0.0074
84 0.0060 0.8921 0.0500 0.0437 0.0081
85 0.0254 0.7148 0.1522 0.0634 0.0443
86 0.0339 0.7480 0.0820 0.0419 0.0944
87 0.0448 0.8008 0.0566 0.0116 0.0864
88 0.0377 0.8052 0.1335 0.0110 0.0128
89 0.2671 0.4648 0.2079 0.0115 0.0486
90 0.0421 0.3308 0.5630 0.0130 0.0511
91 0.0790 0.5439 0.2891 0.0650 0.0230
92 0.0168 0.7803 0.1356 0.0503 0.0170
93 0.0083 0.9263 0.0414 0.0154 0.0086
94 0.0137 0.9014 0.0576 0.0126 0.0148
95 0.0205 0.9194 0.0368 0.0118 0.0117
96 0.0259 0.8647 0.0626 0.0138 0.0330
97 0.0778 0.6216 0.2396 0.0351 0.0259
98 0.0806 0.5176 0.3264 0.0550 0.0202
99 0.1124 0.5449 0.2343 0.0666 0.0420
100 0.0249 0.8770 0.0548 0.0211 0.0221
101 0.0218 0.8853 0.0330 0.0227 0.0374
102 0.0840 0.7910 0.0802 0.0061 0.0385
103 0.0422 0.7256 0.1779 0.0403 0.0141
104 0.0286 0.5361 0.1537 0.2100 0.0715
105 0.0555 0.2000 0.4436 0.2162 0.0847
106 0.0220 0.4597 0.0485 0.2367 0.2330
107 0.0386 0.2703 0.0208 0.0217 0.6484
108 0.0320 0.5244 0.0118 0.0107 0.4214
109 0.0683 0.2852 0.0637 0.0704 0.5122
110 0.0577 0.5923 0.0887 0.0235 0.2375
111 0.0216 0.8047 0.1454 0.0253 0.0031
112 0.0278 0.7349 0.1993 0.0229 0.0149
113 0.0342 0.6548 0.2524 0.0505 0.0079
114 0.0355 0.6807 0.2279 0.0435 0.0126
115 0.0412 0.5781 0.3071 0.0475 0.0262
116 0.0396 0.7241 0.1720 0.0485 0.0156
117 0.0522 0.6724 0.2115 0.0479 0.0161
118 0.0282 0.8428 0.0931 0.0186 0.0173
119 0.0286 0.7798 0.1123 0.0720 0.0075
120 0.0331 0.5298 0.3877 0.0432 0.0059
121 0.0163 0.7612 0.1534 0.0211 0.0479
122 0.1132 0.6362 0.1500 0.0280 0.0725
123 0.0096 0.8433 0.1080 0.0284 0.0107
124 0.0409 0.6494 0.2208 0.0764 0.0128
125 0.0346 0.6587 0.2500 0.0492 0.0075
126 0.0240 0.4429 0.4224 0.0995 0.0112
127 0.0576 0.2244 0.2749 0.3938 0.0493
128 0.0432 0.4260 0.2583 0.2544 0.0180
129 0.0359 0.6606 0.1440 0.1013 0.0582
130 0.0395 0.5166 0.1976 0.2023 0.0441
131 0.0764 0.4946 0.1593 0.2078 0.0619
132 0.0515 0.7998 0.0641 0.0220 0.0626
133 0.0228 0.8901 0.0275 0.0112 0.0483
134 0.0183 0.8872 0.0412 0.0107 0.0425
135 0.0281 0.9004 0.0541 0.0040 0.0134
136 0.0524 0.8594 0.0700 0.0054 0.0128
137 0.0781 0.7183 0.0757 0.0205 0.1076
138 0.0194 0.8726 0.0489 0.0155 0.0435
139 0.0272 0.7061 0.2257 0.0065 0.0346
140 0.0403 0.6597 0.2666 0.0075 0.0260
141 0.0384 0.7017 0.1259 0.0110 0.1229
142 0.0815 0.6313 0.1672 0.0635 0.0565
143 0.0545 0.6958 0.1678 0.0418 0.0402
144 0.0514 0.7202 0.1322 0.0279 0.0681
145 0.0484 0.6323 0.2085 0.0420 0.0688
146 0.0218 0.7314 0.2197 0.0171 0.0098
147 0.0061 0.8564 0.0560 0.0687 0.0129
148 0.0251 0.7329 0.0779 0.1244 0.0398
149 0.0409 0.6973 0.1174 0.1111 0.0334
150 0.0223 0.8442 0.0447 0.0278 0.0607
151 0.0455 0.7451 0.0593 0.0553 0.0947
152 0.0518 0.7148 0.0895 0.0403 0.1038
153 0.0673 0.6489 0.0806 0.1154 0.0878
154 0.0702 0.3196 0.4873 0.0990 0.0239
155 0.0905 0.2830 0.1562 0.3960 0.0744
156 0.0496 0.3723 0.0710 0.3579 0.1492
157 0.0282 0.8184 0.0380 0.0392 0.0761
158 0.0598 0.5200 0.1346 0.1599 0.1255
159 0.0495 0.1488 0.0671 0.6777 0.0569
160 0.0400 0.4875 0.0828 0.2957 0.0938
161 0.0338 0.6841 0.0774 0.1074 0.0970
162 0.0438 0.5049 0.1218 0.1758 0.1539
163 0.0262 0.4797 0.1157 0.2031 0.1752
164 0.0768 0.1932 0.3782 0.2810 0.0705
165 0.0613 0.1482 0.0775 0.6851 0.0281
166 0.0621 0.7393 0.0427 0.1305 0.0257
167 0.0356 0.4949 0.2356 0.1953 0.0385
168 0.0422 0.3792 0.3096 0.2373 0.0316
169 0.0759 0.4368 0.3247 0.1332 0.0295
170 0.1091 0.4382 0.1625 0.2537 0.0368
171 0.0498 0.6167 0.0611 0.2512 0.0213
172 0.0582 0.5435 0.2095 0.1521 0.0367
173 0.0222 0.6523 0.1945 0.0911 0.0398
174 0.0201 0.7021 0.1580 0.0633 0.0563
175 0.0179 0.8022 0.0740 0.0316 0.0740
176 0.0099 0.6006 0.3315 0.0262 0.0318
177 0.0595 0.3218 0.2710 0.3022 0.0456
178 0.0820 0.3884 0.1175 0.3169 0.0952
179 0.0229 0.8613 0.0387 0.0361 0.0409
180 0.0523 0.8184 0.0401 0.0656 0.0236
181 0.0260 0.8491 0.0708 0.0171 0.0367
182 0.0793 0.4458 0.3018 0.1437 0.0294
183 0.1061 0.4573 0.1581 0.2246 0.0538
184 0.0753 0.3708 0.2712 0.1440 0.1385
185 0.1602 0.6094 0.0805 0.0366 0.1136
186 0.0803 0.7617 0.0709 0.0113 0.0760
187 0.0336 0.4355 0.2332 0.0533 0.2444
188 0.0651 0.1537 0.2135 0.5122 0.0557
189 0.0532 0.4968 0.1786 0.1871 0.0844
190 0.0775 0.2744 0.2876 0.2275 0.1328
191 0.0810 0.1688 0.3806 0.3206 0.0491
192 0.0401 0.7935 0.0947 0.0305 0.0414
193 0.0239 0.7930 0.1315 0.0134 0.0383
194 0.0454 0.8438 0.0583 0.0191 0.0332
195 0.0526 0.5977 0.1571 0.1123 0.0803
196 0.0281 0.8408 0.0723 0.0367 0.0222
197 0.0239 0.8848 0.0401 0.0359 0.0155
198 0.0454 0.8442 0.0424 0.0251 0.0430
199 0.0884 0.7349 0.0448 0.0448 0.0871
200 0.1031 0.7622 0.0621 0.0201 0.0527
201 0.0927 0.8193 0.0627 0.0115 0.0138
202 0.0610 0.8623 0.0284 0.0230 0.0254
203 0.0175 0.9165 0.0239 0.0311 0.0110
204 0.0168 0.7510 0.0434 0.1586 0.0303
205 0.0384 0.7134 0.0586 0.0974 0.0922
206 0.1655 0.2563 0.3044 0.2371 0.0367
207 0.0534 0.8359 0.0534 0.0221 0.0353
208 0.0500 0.8789 0.0294 0.0121 0.0298
209 0.0401 0.8643 0.0579 0.0179 0.0200
210 0.0215 0.7900 0.0572 0.0600 0.0712
211 0.0346 0.7109 0.0911 0.0955 0.0682
212 0.0400 0.7783 0.0542 0.0475 0.0801
213 0.0191 0.5361 0.2416 0.0953 0.1080
214 0.0135 0.5776 0.2646 0.0513 0.0928
215 0.0193 0.4978 0.1667 0.1165 0.1996
216 0.0289 0.6743 0.0346 0.2241 0.0378
217 0.0498 0.5879 0.1014 0.1780 0.0828
218 0.0289 0.8921 0.0527 0.0101 0.0161
219 0.0481 0.7520 0.0325 0.0884 0.0792
220 0.0806 0.7124 0.1360 0.0396 0.0313
221 0.0424 0.5771 0.2225 0.0995 0.0585
222 0.0249 0.8452 0.1118 0.0080 0.0101
223 0.0070 0.8779 0.0842 0.0165 0.0143
224 0.0419 0.3296 0.0974 0.4365 0.0944
225 0.0289 0.3523 0.0263 0.0877 0.5049
226 0.0149 0.4307 0.0143 0.0522 0.4880
227 0.0156 0.5190 0.0076 0.0471 0.4106
228 0.0217 0.9170 0.0284 0.0080 0.0248
229 0.0275 0.8901 0.0265 0.0275 0.0284
230 0.0957 0.3875 0.0632 0.4028 0.0508
231 0.1005 0.6060 0.1777 0.0319 0.0840
232 0.1009 0.5674 0.0891 0.1017 0.1412
233 0.0534 0.2888 0.0796 0.5396 0.0385
234 0.2329 0.2054 0.2944 0.2479 0.0194
235 0.0851 0.5171 0.0383 0.2993 0.0603
236 0.0790 0.3918 0.0999 0.3247 0.1046
237 0.2156 0.6143 0.1042 0.0477 0.0184
238 0.0720 0.2325 0.1854 0.4590 0.0511
239 0.0503 0.5283 0.1676 0.1798 0.0738
240 0.0323 0.8516 0.0424 0.0126 0.0612
241 0.0154 0.9282 0.0164 0.0231 0.0169
242 0.0315 0.8862 0.0331 0.0086 0.0405
243 0.0356 0.6260 0.0443 0.0269 0.2671
244 0.0478 0.6865 0.1069 0.0559 0.1028
245 0.0397 0.6987 0.1080 0.0293 0.1243
246 0.0177 0.7837 0.0718 0.0193 0.1077
247 0.0352 0.5635 0.2073 0.1307 0.0632
248 0.1625 0.1677 0.2556 0.3132 0.1009
249 0.1393 0.3530 0.3115 0.1309 0.0653
250 0.0514 0.3591 0.4070 0.1241 0.0582
251 0.1753 0.2002 0.3889 0.1780 0.0578
252 0.0837 0.6636 0.1050 0.0257 0.1218
253 0.0589 0.7515 0.0589 0.0313 0.0994
254 0.0646 0.7803 0.0519 0.0184 0.0848
255 0.0966 0.6919 0.0624 0.0199 0.1290
