time exciting_prob fearful_prob tense_prob sad_prob relaxing_prob
0 0.2037 0.2830 0.2496 0.2310 0.0327
1 0.1426 0.1027 0.1803 0.5469 0.0276
2 0.1550 0.0955 0.1256 0.5991 0.0249
3 0.1858 0.0898 0.1448 0.5503 0.0292
4 0.1688 0.1561 0.1611 0.4924 0.0215
5 0.3708 0.2395 0.2549 0.1213 0.0134
6 0.5020 0.0701 0.1230 0.2505 0.0542
7 0.1559 0.0771 0.5698 0.1738 0.0232
8 0.1936 0.0886 0.4294 0.2773 0.0111
9 0.2554 0.1169 0.2939 0.3228 0.0111
10 0.1946 0.2275 0.4385 0.0780 0.0612
11 0.2089 0.3337 0.3184 0.0152 0.1237
12 0.4080 0.3228 0.1235 0.0269 0.1188
13 0.4136 0.3374 0.1271 0.0591 0.0629
14 0.2028 0.3701 0.1761 0.1847 0.0663
15 0.3318 0.2262 0.2142 0.1655 0.0623
16 0.3936 0.1200 0.1248 0.2971 0.0648
17 0.2491 0.1409 0.1409 0.4204 0.0487
18 0.3545 0.0939 0.1032 0.4177 0.0305
19 0.0665 0.3325 0.3652 0.2285 0.0071
20 0.0559 0.4102 0.4038 0.1212 0.0091
21 0.0667 0.4700 0.3958 0.0607 0.0068
22 0.1229 0.4189 0.2642 0.1746 0.0194
23 0.0369 0.4639 0.3728 0.1191 0.0074
24 0.3591 0.3220 0.2062 0.0254 0.0873
25 0.3689 0.3179 0.1729 0.0338 0.1065
26 0.3840 0.2367 0.2441 0.0325 0.1026
27 0.3562 0.1892 0.2795 0.1473 0.0275
28 0.2319 0.1968 0.3794 0.1644 0.0275
29 0.1296 0.1785 0.6040 0.0811 0.0069
30 0.2749 0.1519 0.3066 0.2261 0.0405
31 0.1930 0.4487 0.1600 0.0956 0.1025
32 0.0325 0.7578 0.1799 0.0210 0.0088
33 0.0903 0.6616 0.1488 0.0305 0.0687
34 0.1226 0.4773 0.2615 0.0160 0.1226
35 0.1086 0.0595 0.1951 0.4753 0.1617
36 0.2747 0.1042 0.1034 0.3901 0.1277
37 0.2971 0.2426 0.1747 0.1483 0.1372
38 0.1422 0.5581 0.1624 0.1188 0.0185
39 0.0746 0.1437 0.3613 0.3291 0.0914
40 0.0938 0.0109 0.0765 0.7979 0.0209
41 0.5386 0.0067 0.0442 0.4067 0.0037
42 0.5918 0.1166 0.1231 0.1029 0.0654
43 0.2410 0.3047 0.3616 0.0605 0.0323
44 0.4541 0.1710 0.1292 0.0260 0.2196
45 0.5464 0.1530 0.1182 0.0679 0.1146
46 0.1128 0.0341 0.1404 0.5908 0.1219
47 0.2808 0.1171 0.2637 0.2678 0.0704
48 0.6128 0.1868 0.0939 0.0238 0.0829
49 0.1118 0.0445 0.1190 0.6846 0.0402
50 0.2356 0.1232 0.3147 0.3074 0.0192
51 0.1959 0.1235 0.1573 0.5122 0.0111
52 0.2089 0.1516 0.3311 0.2520 0.0566
53 0.4099 0.2318 0.2487 0.0929 0.0167
54 0.1364 0.0331 0.1130 0.5479 0.1697
55 0.2394 0.1429 0.2214 0.3298 0.0665
56 0.2389 0.0143 0.0537 0.6807 0.0127
57 0.2318 0.0057 0.0680 0.6816 0.0130
58 0.1914 0.0048 0.0856 0.6895 0.0289
59 0.2498 0.0056 0.2203 0.5122 0.0119
60 0.3513 0.0047 0.4915 0.1487 0.0039
61 0.6270 0.0045 0.2893 0.0760 0.0032
62 0.7759 0.0421 0.0405 0.0786 0.0632
63 0.4829 0.1819 0.1862 0.0859 0.0634
64 0.4585 0.0946 0.1313 0.1810 0.1345
65 0.0879 0.0567 0.4192 0.3938 0.0425
66 0.2981 0.2322 0.1282 0.2632 0.0784
67 0.1652 0.4087 0.1600 0.2479 0.0180
68 0.1337 0.2808 0.2382 0.3157 0.0320
69 0.1869 0.2457 0.3230 0.2135 0.0310
70 0.1123 0.1726 0.5190 0.1659 0.0300
71 0.0911 0.4021 0.2852 0.1575 0.0641
72 0.1179 0.2308 0.2085 0.3230 0.1198
73 0.1072 0.0676 0.1323 0.3655 0.3276
74 0.1439 0.1696 0.2449 0.1968 0.2449
75 0.7202 0.0359 0.1139 0.0873 0.0429
76 0.2908 0.0396 0.5874 0.0712 0.0112
77 0.2744 0.0363 0.4087 0.2458 0.0349
78 0.3230 0.0651 0.2698 0.2515 0.0904
79 0.1526 0.5083 0.1899 0.1143 0.0351
80 0.1323 0.2358 0.4690 0.0461 0.1168
81 0.0964 0.1903 0.3967 0.2140 0.1027
82 0.1328 0.6538 0.2025 0.0025 0.0083
83 0.0735 0.7432 0.1545 0.0100 0.0189
84 0.2336 0.1486 0.0685 0.5063 0.0429
85 0.0722 0.1979 0.4390 0.2834 0.0074
86 0.0724 0.3298 0.4104 0.1851 0.0021
87 0.0701 0.3940 0.2544 0.2793 0.0021
88 0.1259 0.2903 0.5098 0.0618 0.0124
89 0.1808 0.1865 0.3005 0.2433 0.0888
90 0.2146 0.1022 0.2842 0.3945 0.0044
91 0.2654 0.0552 0.0265 0.6074 0.0454
92 0.2069 0.0427 0.0738 0.6572 0.0192
93 0.2734 0.1302 0.1909 0.3979 0.0073
94 0.3376 0.0547 0.1014 0.3540 0.1522
95 0.4580 0.1895 0.1765 0.0887 0.0874
96 0.2563 0.3560 0.1876 0.1416 0.0586
97 0.0610 0.3535 0.3269 0.2046 0.0538
98 0.2083 0.4045 0.2360 0.1031 0.0479
99 0.2908 0.4539 0.1353 0.0894 0.0307
100 0.1471 0.0599 0.1788 0.5728 0.0412
101 0.5029 0.1807 0.0802 0.1510 0.0853
102 0.4387 0.0891 0.0594 0.3496 0.0632
103 0.1056 0.0317 0.6270 0.1586 0.0773
104 0.1443 0.0491 0.6172 0.0961 0.0932
105 0.1027 0.0633 0.2074 0.4675 0.1591
106 0.2158 0.1137 0.5342 0.0973 0.0390
107 0.2656 0.1676 0.4556 0.0631 0.0480
108 0.1731 0.0898 0.0979 0.6138 0.0253
109 0.1760 0.0508 0.1554 0.6050 0.0127
110 0.1437 0.1298 0.2090 0.4973 0.0202
111 0.4055 0.1180 0.3962 0.0683 0.0120
112 0.5732 0.0509 0.1832 0.1543 0.0384
113 0.0742 0.0983 0.4619 0.3540 0.0115
114 0.6689 0.0086 0.1577 0.0428 0.1218
115 0.5054 0.0226 0.2996 0.0723 0.1003
116 0.0222 0.0006 0.9590 0.0179 0.0001
117 0.0437 0.0010 0.9497 0.0056 0.0002
118 0.8003 0.0162 0.1348 0.0116 0.0371
119 0.3879 0.0266 0.3533 0.2094 0.0228
120 0.3367 0.0819 0.3394 0.2191 0.0227
121 0.2307 0.1974 0.4050 0.1216 0.0454
122 0.2812 0.2260 0.4355 0.0485 0.0090
123 0.3103 0.0726 0.5278 0.0737 0.0156
124 0.3525 0.1110 0.3638 0.1516 0.0212
125 0.0888 0.1354 0.4475 0.2756 0.0526
126 0.1076 0.0493 0.6338 0.1964 0.0128
127 0.1895 0.0257 0.3652 0.4043 0.0153
128 0.3918 0.0251 0.3540 0.1970 0.0322
129 0.0768 0.1108 0.4702 0.3132 0.0289
130 0.0306 0.4219 0.4490 0.0927 0.0059
131 0.2229 0.2029 0.2566 0.2773 0.0403
132 0.1173 0.1182 0.1460 0.5864 0.0321
133 0.3567 0.0861 0.1385 0.4041 0.0146
134 0.5264 0.0847 0.1193 0.2161 0.0534
135 0.0758 0.1270 0.3293 0.3850 0.0826
136 0.1619 0.0326 0.6919 0.0952 0.0183
137 0.6270 0.0278 0.1216 0.2004 0.0232
138 0.7163 0.0232 0.0374 0.1854 0.0377
139 0.7495 0.0026 0.1204 0.1262 0.0014
140 0.6553 0.0011 0.0189 0.3242 0.0005
141 0.1526 0.0098 0.0566 0.7749 0.0062
142 0.4331 0.0149 0.2046 0.3025 0.0450
143 0.1526 0.0154 0.3035 0.5244 0.0042
144 0.0875 0.0267 0.3225 0.5317 0.0314
145 0.1313 0.3103 0.3054 0.2343 0.0186
146 0.0680 0.0153 0.0782 0.8027 0.0356
147 0.1816 0.0431 0.2386 0.5054 0.0313
148 0.0395 0.0912 0.1144 0.6533 0.1017
149 0.3064 0.0442 0.2173 0.3843 0.0477
150 0.1342 0.0534 0.1166 0.5518 0.1439
151 0.3977 0.0394 0.1149 0.4368 0.0111
152 0.4004 0.0795 0.1556 0.3589 0.0056
153 0.4670 0.1042 0.2223 0.1947 0.0118
154 0.3643 0.1155 0.3557 0.1460 0.0184
155 0.1008 0.0575 0.3105 0.5122 0.0188
156 0.0602 0.0785 0.5664 0.2634 0.0315
157 0.3228 0.1366 0.3032 0.2288 0.0087
158 0.3354 0.1853 0.3381 0.1273 0.0138
159 0.7773 0.0428 0.0685 0.0966 0.0147
160 0.4685 0.0490 0.3647 0.1053 0.0123
161 0.4690 0.0148 0.2491 0.2571 0.0099
162 0.6846 0.0177 0.1074 0.1539 0.0366
163 0.6172 0.0676 0.2343 0.0737 0.0075
164 0.1306 0.0303 0.0360 0.7876 0.0156
165 0.0804 0.0417 0.1515 0.7114 0.0151
166 0.1958 0.0656 0.0984 0.6270 0.0132
167 0.1317 0.2240 0.3159 0.2832 0.0452
168 0.3035 0.2659 0.2742 0.1091 0.0473
169 0.6143 0.1705 0.1653 0.0378 0.0122
170 0.3445 0.4253 0.1678 0.0405 0.0219
171 0.4080 0.0984 0.0842 0.2915 0.1178
172 0.3940 0.0789 0.0460 0.4680 0.0130
173 0.4695 0.2654 0.1912 0.0709 0.0031
174 0.5269 0.0644 0.2096 0.1054 0.0938
175 0.4438 0.1711 0.2756 0.0702 0.0394
176 0.0978 0.1771 0.4087 0.3013 0.0149
177 0.3025 0.1096 0.4834 0.0990 0.0054
178 0.3423 0.1472 0.3760 0.1193 0.0152
179 0.3726 0.1210 0.3906 0.0231 0.0928
180 0.4509 0.1030 0.3459 0.0765 0.0235
181 0.3518 0.0889 0.3518 0.1769 0.0305
182 0.2837 0.0643 0.5298 0.1155 0.0065
183 0.3538 0.1185 0.1710 0.3401 0.0167
184 0.2913 0.0219 0.0543 0.5703 0.0625
185 0.2496 0.0103 0.0341 0.6895 0.0167
186 0.1893 0.0321 0.2546 0.5063 0.0173
187 0.3142 0.0951 0.2773 0.2708 0.0425
188 0.4500 0.0339 0.2644 0.2316 0.0201
189 0.3616 0.0782 0.3240 0.2262 0.0100
190 0.3850 0.0497 0.3142 0.2410 0.0102
191 0.0914 0.0734 0.1996 0.5640 0.0717
192 0.4558 0.0181 0.1539 0.3259 0.0462
193 0.3789 0.0103 0.1949 0.4033 0.0128
194 0.1940 0.0420 0.4441 0.2959 0.0243
195 0.1076 0.0787 0.5381 0.2642 0.0113
196 0.1858 0.0567 0.5376 0.1979 0.0219
197 0.5210 0.0181 0.2295 0.2139 0.0173
198 0.6631 0.0570 0.1625 0.0897 0.0278
199 0.6265 0.0433 0.1781 0.1323 0.0198
200 0.5659 0.1047 0.1488 0.1355 0.0450
201 0.2773 0.2732 0.2566 0.1696 0.0233
202 0.1205 0.1880 0.1851 0.4763 0.0300
203 0.0601 0.1205 0.3054 0.4656 0.0483
204 0.4312 0.0750 0.0890 0.3630 0.0417
205 0.7256 0.0419 0.0959 0.1029 0.0339
206 0.4348 0.0830 0.1490 0.2942 0.0389
207 0.2910 0.0353 0.1322 0.4875 0.0538
208 0.5581 0.0786 0.1245 0.1514 0.0876
209 0.4141 0.0953 0.1660 0.2612 0.0635
210 0.2703 0.2122 0.1528 0.2854 0.0793
211 0.2412 0.3977 0.1487 0.1646 0.0479
212 0.2693 0.4011 0.1205 0.1262 0.0828
213 0.1044 0.5640 0.1259 0.1604 0.0452
214 0.1920 0.0576 0.4397 0.2927 0.0179
215 0.4331 0.0713 0.1428 0.2932 0.0595
216 0.6504 0.0665 0.1176 0.1176 0.0479
217 0.4976 0.1268 0.1360 0.2140 0.0256
218 0.3018 0.1019 0.2140 0.3555 0.0270
219 0.2576 0.1316 0.1826 0.3928 0.0354
220 0.1870 0.0732 0.1899 0.4927 0.0570
221 0.1709 0.0782 0.1820 0.5186 0.0505
222 0.4790 0.1818 0.0586 0.1935 0.0872
223 0.8198 0.0694 0.0331 0.0255 0.0524
224 0.8198 0.0694 0.0331 0.0255 0.0524
225 0.8198 0.0694 0.0331 0.0255 0.0524
