time exciting_prob fearful_prob tense_prob sad_prob relaxing_prob
0 0.1726 0.0191 0.1150 0.0909 0.6025
1 0.3201 0.1560 0.1726 0.1243 0.2269
2 0.2676 0.2849 0.2615 0.0829 0.1031
3 0.1177 0.1753 0.2216 0.0450 0.4407
4 0.1143 0.1562 0.1295 0.5806 0.0193
5 0.2642 0.4709 0.1172 0.0632 0.0844
6 0.1906 0.2710 0.3345 0.1472 0.0568
7 0.3999 0.1164 0.1831 0.1775 0.1229
8 0.1788 0.1437 0.1309 0.0493 0.4976
9 0.1290 0.1417 0.3564 0.2798 0.0930
10 0.1805 0.3347 0.1593 0.2861 0.0393
11 0.1708 0.2484 0.1965 0.3586 0.0258
12 0.2942 0.2421 0.2023 0.1785 0.0830
13 0.0611 0.1107 0.5981 0.2150 0.0152
14 0.1085 0.2012 0.2297 0.4160 0.0445
15 0.2184 0.4019 0.1179 0.2084 0.0535
16 0.3440 0.2070 0.1842 0.1771 0.0876
17 0.1022 0.2129 0.4873 0.1522 0.0453
18 0.2520 0.3416 0.1154 0.0392 0.2520
19 0.2209 0.3215 0.0936 0.0973 0.2666
20 0.0735 0.3647 0.3193 0.2301 0.0122
21 0.1769 0.2035 0.1687 0.4309 0.0200
22 0.3181 0.0970 0.1001 0.1813 0.3035
23 0.0998 0.1985 0.3538 0.2179 0.1301
24 0.1455 0.1769 0.1783 0.3330 0.1661
25 0.2212 0.1709 0.2449 0.2062 0.1569
26 0.2057 0.2386 0.1932 0.0942 0.2683
27 0.1925 0.3857 0.2510 0.0275 0.1431
28 0.2637 0.1389 0.4280 0.0970 0.0726
29 0.1460 0.2903 0.5176 0.0355 0.0107
30 0.2224 0.2969 0.3262 0.0435 0.1110
31 0.1289 0.3091 0.4788 0.0628 0.0206
32 0.0652 0.4026 0.4934 0.0289 0.0098
33 0.3755 0.3997 0.1963 0.0071 0.0217
34 0.1300 0.5918 0.2429 0.0072 0.0281
35 0.2136 0.4248 0.1915 0.0208 0.1492
36 0.0305 0.2290 0.0480 0.0503 0.6421
37 0.2472 0.2323 0.3174 0.0687 0.1344
38 0.1028 0.1165 0.2544 0.3020 0.2245
39 0.0878 0.1448 0.5723 0.1318 0.0632
40 0.1677 0.3184 0.2365 0.0905 0.1871
41 0.2324 0.1000 0.1700 0.0427 0.4551
42 0.1277 0.1459 0.2993 0.1903 0.2368
43 0.1404 0.1517 0.3816 0.1517 0.1747
44 0.2290 0.1798 0.1840 0.1537 0.2534
45 0.1222 0.1722 0.3425 0.1451 0.2178
46 0.2103 0.0631 0.2346 0.1664 0.3257
47 0.1591 0.1404 0.3020 0.1278 0.2708
48 0.1483 0.2262 0.3450 0.0839 0.1965
49 0.1577 0.1666 0.5293 0.0562 0.0899
50 0.1658 0.1849 0.3096 0.0443 0.2954
51 0.2375 0.2412 0.1487 0.3650 0.0076
52 0.1212 0.2563 0.1906 0.0283 0.4036
53 0.0908 0.0643 0.2666 0.1028 0.4753
54 0.1346 0.3257 0.2537 0.1663 0.1198
55 0.0565 0.1293 0.5034 0.1420 0.1687
56 0.3723 0.2832 0.0994 0.1947 0.0504
57 0.2654 0.1537 0.2380 0.2986 0.0444
58 0.1555 0.2952 0.3618 0.0654 0.1221
59 0.2365 0.1025 0.3308 0.2617 0.0683
60 0.3142 0.1300 0.3506 0.1405 0.0648
61 0.2129 0.0284 0.2063 0.4368 0.1157
62 0.1793 0.0696 0.6211 0.1131 0.0171
63 0.1395 0.0753 0.0605 0.2301 0.4946
64 0.2654 0.1345 0.2361 0.3408 0.0234
65 0.1399 0.1714 0.2379 0.4341 0.0167
66 0.1453 0.2568 0.2734 0.1149 0.2096
67 0.0933 0.1899 0.5410 0.1227 0.0528
68 0.2000 0.1750 0.2864 0.1121 0.2266
69 0.2527 0.2195 0.4434 0.0534 0.0311
70 0.5171 0.0948 0.2404 0.0325 0.1154
71 0.3010 0.1216 0.1107 0.4448 0.0218
72 0.1111 0.2316 0.1299 0.4978 0.0297
73 0.6621 0.1377 0.1064 0.0230 0.0709
74 0.4097 0.1472 0.1818 0.1011 0.1604
75 0.2607 0.1486 0.1061 0.2864 0.1984
76 0.4402 0.1737 0.2776 0.0382 0.0702
77 0.4629 0.1785 0.2556 0.0310 0.0721
78 0.2371 0.2771 0.4128 0.0594 0.0137
79 0.6484 0.2405 0.0942 0.0110 0.0059
80 0.4878 0.1595 0.2610 0.0329 0.0587
81 0.4312 0.3630 0.1587 0.0303 0.0167
82 0.4800 0.3376 0.0881 0.0419 0.0522
83 0.4324 0.1043 0.0818 0.0700 0.3115
84 0.5625 0.1346 0.0955 0.0111 0.1959
85 0.0714 0.1252 0.4653 0.3149 0.0232
86 0.4600 0.1705 0.3313 0.0106 0.0276
87 0.4802 0.2322 0.2002 0.0606 0.0269
88 0.3555 0.2903 0.2664 0.0276 0.0604
89 0.2637 0.2325 0.2290 0.0743 0.2006
90 0.7632 0.1599 0.0303 0.0383 0.0085
91 0.1305 0.2255 0.5942 0.0269 0.0229
92 0.0795 0.2354 0.6104 0.0581 0.0164
93 0.0500 0.1145 0.4124 0.4189 0.0040
94 0.1952 0.1202 0.5142 0.1644 0.0059
95 0.3967 0.1980 0.2091 0.0334 0.1628
96 0.1329 0.1831 0.4031 0.0935 0.1874
97 0.4661 0.2020 0.1215 0.0208 0.1897
98 0.2107 0.3313 0.1119 0.0396 0.3064
99 0.3115 0.3267 0.1860 0.1543 0.0215
100 0.3882 0.1952 0.3591 0.0103 0.0471
101 0.1476 0.2737 0.1896 0.1476 0.2415
102 0.4326 0.1230 0.1818 0.0161 0.2465
103 0.6411 0.1699 0.1272 0.0071 0.0547
104 0.5005 0.1207 0.2678 0.0119 0.0993
105 0.4890 0.1744 0.2007 0.0130 0.1227
106 0.5317 0.1522 0.2673 0.0053 0.0436
107 0.4492 0.2106 0.2642 0.0114 0.0647
108 0.4189 0.1774 0.2993 0.0085 0.0957
109 0.1901 0.5674 0.1208 0.1100 0.0117
110 0.4802 0.1387 0.2002 0.0125 0.1686
111 0.1542 0.3042 0.4094 0.0690 0.0633
112 0.4346 0.1676 0.3154 0.0188 0.0636
113 0.2891 0.1398 0.3599 0.1431 0.0681
114 0.3030 0.1344 0.1956 0.2590 0.1080
115 0.0698 0.2253 0.1525 0.5239 0.0282
116 0.5679 0.1482 0.2295 0.0093 0.0449
117 0.6030 0.1610 0.2201 0.0038 0.0119
118 0.3088 0.3755 0.2041 0.0554 0.0562
119 0.0404 0.0458 0.0037 0.0253 0.8848
120 0.1406 0.0840 0.0718 0.5391 0.1644
121 0.6338 0.1747 0.1459 0.0134 0.0323
122 0.5752 0.1714 0.1987 0.0097 0.0450
123 0.5889 0.0760 0.2759 0.0134 0.0457
124 0.0187 0.0306 0.0521 0.0439 0.8545
125 0.5298 0.2278 0.1360 0.0070 0.0995
126 0.0944 0.4944 0.1763 0.0154 0.2195
127 0.4023 0.1306 0.1208 0.0154 0.3308
128 0.5576 0.1016 0.0407 0.0131 0.2871
129 0.4451 0.1245 0.0330 0.0169 0.3806
130 0.1094 0.2012 0.2280 0.3586 0.1028
131 0.4155 0.3237 0.1136 0.1307 0.0162
132 0.0865 0.4189 0.4602 0.0338 0.0005
133 0.4475 0.2673 0.0265 0.0440 0.2147
134 0.3452 0.3562 0.2566 0.0212 0.0209
135 0.4138 0.2415 0.1080 0.0152 0.2216
136 0.3457 0.2734 0.1429 0.0316 0.2064
137 0.2334 0.4902 0.2228 0.0279 0.0256
138 0.2300 0.3733 0.1877 0.1461 0.0629
139 0.2332 0.4746 0.1830 0.0554 0.0537
140 0.3064 0.3472 0.1493 0.0154 0.1815
141 0.3091 0.1578 0.3237 0.1578 0.0516
142 0.6479 0.1527 0.1218 0.0082 0.0694
143 0.2445 0.3091 0.2974 0.1299 0.0191
144 0.4490 0.2854 0.1931 0.0072 0.0652
145 0.5229 0.3594 0.0659 0.0370 0.0151
146 0.1339 0.1566 0.5469 0.0109 0.1519
147 0.3433 0.1443 0.1726 0.1039 0.2360
148 0.3433 0.4548 0.1609 0.0104 0.0305
149 0.2159 0.3044 0.3911 0.0770 0.0114
150 0.2800 0.1242 0.2357 0.3457 0.0144
151 0.5562 0.1820 0.1261 0.0551 0.0807
152 0.5146 0.3074 0.1185 0.0066 0.0530
153 0.3962 0.2089 0.3110 0.0315 0.0524
154 0.5308 0.2566 0.1332 0.0058 0.0735
155 0.4136 0.2693 0.2756 0.0116 0.0300
156 0.1027 0.3367 0.1257 0.1035 0.3315
157 0.3179 0.5283 0.1207 0.0162 0.0168
158 0.4026 0.1902 0.2240 0.0363 0.1470
159 0.4331 0.2930 0.2030 0.0115 0.0595
160 0.1246 0.4087 0.1412 0.0637 0.2617
161 0.0466 0.0884 0.0270 0.0246 0.8135
162 0.3181 0.2537 0.3132 0.0259 0.0891
163 0.4590 0.2219 0.2637 0.0222 0.0333
164 0.6738 0.1171 0.1731 0.0053 0.0308
165 0.4358 0.1788 0.3018 0.0085 0.0751
166 0.0785 0.4961 0.2201 0.0947 0.1107
167 0.4490 0.3337 0.1744 0.0102 0.0328
168 0.0911 0.0911 0.4277 0.3657 0.0243
169 0.4929 0.2170 0.2153 0.0126 0.0622
170 0.4163 0.2228 0.2817 0.0130 0.0663
171 0.3777 0.3958 0.1663 0.0074 0.0531
172 0.5293 0.1947 0.2155 0.0194 0.0411
173 0.2216 0.4690 0.2778 0.0189 0.0127
174 0.6626 0.1389 0.1501 0.0085 0.0398
175 0.4431 0.2605 0.1907 0.0674 0.0381
176 0.1205 0.1097 0.1047 0.0234 0.6416
177 0.0600 0.7031 0.1632 0.0295 0.0439
178 0.4204 0.2048 0.1925 0.1464 0.0359
179 0.0825 0.7769 0.0800 0.0143 0.0463
180 0.2542 0.3904 0.2522 0.0270 0.0763
181 0.4260 0.1906 0.2299 0.0449 0.1086
182 0.0549 0.7236 0.1172 0.0642 0.0399
183 0.3147 0.3945 0.1130 0.0982 0.0795
184 0.4280 0.4050 0.1082 0.0317 0.0271
185 0.2917 0.1742 0.1400 0.2495 0.1444
186 0.3052 0.2286 0.2340 0.1823 0.0498
187 0.4629 0.3083 0.1316 0.0408 0.0566
188 0.2352 0.1060 0.2505 0.3369 0.0712
189 0.5762 0.1716 0.1757 0.0120 0.0646
190 0.3049 0.4436 0.2129 0.0136 0.0248
191 0.1012 0.7476 0.0907 0.0344 0.0262
192 0.0399 0.4819 0.0463 0.1932 0.2386
193 0.4766 0.2759 0.2065 0.0183 0.0226
194 0.3887 0.4441 0.0867 0.0649 0.0155
195 0.3765 0.1157 0.3350 0.1223 0.0506
196 0.1857 0.1639 0.3931 0.2460 0.0112
197 0.3499 0.1349 0.2791 0.2173 0.0190
198 0.2219 0.1265 0.5664 0.0130 0.0720
199 0.6826 0.0861 0.1030 0.0170 0.1114
200 0.1398 0.0772 0.1584 0.6074 0.0172
201 0.2094 0.1952 0.3821 0.0370 0.1763
202 0.6450 0.0951 0.1362 0.0125 0.1112
203 0.2065 0.0601 0.5703 0.0742 0.0888
204 0.2517 0.0955 0.5083 0.0626 0.0817
205 0.2227 0.2124 0.2815 0.1155 0.1681
206 0.3213 0.1360 0.4675 0.0525 0.0227
207 0.1868 0.2634 0.4768 0.0198 0.0531
208 0.2081 0.1547 0.5840 0.0201 0.0332
209 0.0588 0.6733 0.2478 0.0161 0.0039
210 0.2263 0.3044 0.4226 0.0124 0.0341
211 0.3323 0.3071 0.0990 0.1486 0.1130
212 0.0943 0.1060 0.0493 0.7246 0.0258
213 0.3750 0.4487 0.0804 0.0504 0.0455
214 0.2139 0.0705 0.1034 0.5903 0.0219
215 0.5493 0.2964 0.0786 0.0404 0.0351
216 0.5762 0.1144 0.1652 0.0177 0.1266
217 0.5366 0.1285 0.2119 0.0128 0.1099
218 0.6074 0.1388 0.1700 0.0101 0.0737
219 0.2024 0.3286 0.2385 0.1962 0.0344
220 0.7642 0.1759 0.0301 0.0043 0.0257
221 0.1217 0.5898 0.1295 0.1538 0.0051
222 0.1593 0.0729 0.1670 0.5825 0.0182
223 0.1473 0.1342 0.1764 0.3765 0.1656
224 0.1907 0.3269 0.4197 0.0493 0.0134
225 0.2959 0.1523 0.4766 0.0592 0.0162
226 0.6040 0.0870 0.1161 0.1359 0.0571
227 0.3364 0.1317 0.3726 0.1349 0.0244
228 0.1382 0.0493 0.4463 0.3474 0.0187
229 0.0803 0.5576 0.0760 0.0743 0.2117
230 0.2590 0.2395 0.1186 0.1114 0.2715
231 0.1092 0.4058 0.1135 0.0325 0.3391
232 0.0982 0.0471 0.2932 0.5225 0.0391
233 0.1090 0.1490 0.4849 0.2515 0.0057
234 0.3352 0.1609 0.2131 0.2610 0.0298
235 0.2729 0.1129 0.1531 0.4226 0.0387
236 0.4900 0.2407 0.1803 0.0643 0.0246
237 0.3801 0.1409 0.2612 0.1699 0.0479
238 0.1586 0.2698 0.3489 0.2100 0.0128
239 0.6206 0.1594 0.0713 0.0144 0.1343
240 0.4690 0.2216 0.0332 0.0048 0.2715
241 0.3655 0.1837 0.2632 0.0136 0.1740
242 0.6162 0.1464 0.0765 0.1558 0.0053
243 0.1874 0.2368 0.2856 0.1371 0.1530
244 0.1068 0.1068 0.2296 0.5425 0.0143
245 0.5498 0.2898 0.0905 0.0338 0.0363
246 0.2207 0.2642 0.4424 0.0421 0.0306
247 0.1078 0.1221 0.3118 0.4536 0.0046
248 0.4246 0.2988 0.1305 0.0631 0.0829
249 0.3792 0.2976 0.1833 0.0568 0.0833
250 0.6074 0.1187 0.2051 0.0104 0.0583
251 0.1078 0.0654 0.1129 0.6919 0.0221
252 0.3372 0.3672 0.1936 0.0275 0.0746
253 0.3516 0.3103 0.2551 0.0338 0.0491
254 0.2957 0.3376 0.3074 0.0291 0.0302
255 0.6367 0.1700 0.0671 0.0208 0.1055
256 0.3210 0.3337 0.2747 0.0355 0.0352
257 0.4128 0.2974 0.2209 0.0384 0.0306
258 0.4517 0.2917 0.1958 0.0263 0.0345
259 0.2957 0.3855 0.2693 0.0364 0.0132
260 0.2666 0.3911 0.3022 0.0195 0.0207
261 0.3726 0.2791 0.2747 0.0187 0.0550
262 0.6689 0.2240 0.0603 0.0102 0.0369
263 0.1432 0.3713 0.1727 0.0977 0.2150
264 0.2196 0.4612 0.2469 0.0062 0.0659
265 0.4355 0.2224 0.1692 0.0346 0.1382
266 0.5688 0.1735 0.1383 0.0183 0.1012
267 0.3630 0.2698 0.2576 0.0698 0.0398
268 0.3164 0.3699 0.2563 0.0328 0.0246
269 0.5728 0.2406 0.0964 0.0276 0.0627
270 0.2130 0.3799 0.3298 0.0258 0.0514
271 0.4705 0.2329 0.1786 0.0225 0.0956
272 0.1448 0.2581 0.5640 0.0146 0.0186
273 0.2827 0.2380 0.4446 0.0156 0.0191
274 0.7212 0.1560 0.0243 0.0271 0.0714
275 0.2068 0.5986 0.1561 0.0134 0.0253
276 0.3782 0.1639 0.1931 0.2366 0.0283
277 0.6997 0.1959 0.0552 0.0265 0.0225
278 0.2561 0.3420 0.3213 0.0113 0.0690
279 0.3022 0.2078 0.3975 0.0460 0.0464
280 0.4543 0.1836 0.0510 0.0157 0.2957
281 0.2417 0.5405 0.1432 0.0365 0.0382
282 0.0029 0.1660 0.0029 0.8169 0.0112
283 0.2905 0.3452 0.2194 0.1052 0.0396
284 0.0487 0.4275 0.3330 0.1810 0.0097
285 0.3806 0.2556 0.1812 0.0085 0.1742
286 0.3320 0.3169 0.2449 0.0670 0.0391
287 0.4331 0.3792 0.1231 0.0157 0.0490
288 0.2864 0.4946 0.1606 0.0149 0.0435
289 0.2739 0.1854 0.5039 0.0099 0.0267
290 0.2502 0.2465 0.3643 0.1339 0.0052
291 0.2137 0.1401 0.1109 0.4668 0.0683
292 0.2037 0.2830 0.2496 0.2310 0.0327
293 0.2345 0.5366 0.1357 0.0082 0.0849
294 0.2394 0.5229 0.1429 0.0083 0.0867
295 0.2394 0.5229 0.1429 0.0083 0.0867
