time exciting_prob fearful_prob tense_prob sad_prob relaxing_prob
0 0.2037 0.2830 0.2496 0.2310 0.0327
1 0.2037 0.2830 0.2496 0.2310 0.0327
2 0.2130 0.1038 0.0670 0.5615 0.0547
3 0.1835 0.0923 0.1475 0.3220 0.2546
4 0.1813 0.0617 0.1730 0.2401 0.3440
5 0.9087 0.0102 0.0096 0.0572 0.0146
6 0.8911 0.0073 0.0059 0.0883 0.0074
7 0.9902 0.0029 0.0011 0.0020 0.0038
8 0.9834 0.0058 0.0014 0.0017 0.0076
9 0.7808 0.1575 0.0227 0.0241 0.0148
10 0.9443 0.0290 0.0072 0.0122 0.0074
11 0.9336 0.0407 0.0085 0.0128 0.0043
12 0.6016 0.3171 0.0681 0.0076 0.0056
13 0.1786 0.2104 0.3110 0.1704 0.1296
14 0.1879 0.1969 0.0736 0.3003 0.2413
15 0.1587 0.0963 0.0744 0.2458 0.4248
16 0.2367 0.2480 0.3752 0.0180 0.1219
17 0.4304 0.2114 0.1453 0.0961 0.1168
18 0.3838 0.1915 0.1691 0.0798 0.1758
19 0.4150 0.2808 0.1599 0.0607 0.0836
20 0.0466 0.3442 0.0398 0.1276 0.4419
21 0.0269 0.5283 0.1108 0.0374 0.2964
22 0.0215 0.3154 0.1090 0.0499 0.5039
23 0.1478 0.5757 0.2085 0.0298 0.0383
24 0.0406 0.7021 0.1890 0.0521 0.0164
25 0.0234 0.1897 0.1572 0.6030 0.0269
26 0.2017 0.5107 0.1765 0.0063 0.1046
27 0.0925 0.6777 0.1107 0.0110 0.1081
28 0.4302 0.3796 0.1114 0.0660 0.0127
29 0.0146 0.8564 0.1007 0.0251 0.0030
30 0.0382 0.4915 0.1909 0.2164 0.0630
31 0.1107 0.5625 0.1598 0.1255 0.0417
32 0.1742 0.3254 0.1943 0.2698 0.0359
33 0.4395 0.2771 0.0590 0.1604 0.0638
34 0.4229 0.1351 0.0525 0.1543 0.2354
35 0.2015 0.4470 0.1750 0.1396 0.0367
36 0.0905 0.2832 0.1814 0.0328 0.4121
37 0.2544 0.1508 0.3167 0.1484 0.1299
38 0.4092 0.3391 0.1705 0.0378 0.0435
39 0.2122 0.5210 0.0884 0.0508 0.1277
40 0.4734 0.2476 0.0890 0.1356 0.0544
41 0.4753 0.1202 0.0879 0.2861 0.0306
42 0.1714 0.3892 0.3862 0.0289 0.0245
43 0.4932 0.1127 0.1481 0.1100 0.1359
44 0.2551 0.3984 0.3276 0.0171 0.0017
45 0.2769 0.1917 0.1317 0.1459 0.2539
46 0.4424 0.3555 0.0845 0.0204 0.0972
47 0.2651 0.2734 0.2197 0.1232 0.1185
48 0.2659 0.1152 0.4775 0.1083 0.0330
49 0.2747 0.1482 0.0934 0.4321 0.0516
50 0.3079 0.3127 0.2166 0.1072 0.0556
51 0.3052 0.3149 0.1122 0.1214 0.1464
52 0.4138 0.1547 0.2216 0.1499 0.0601
53 0.3752 0.4421 0.0762 0.0392 0.0673
54 0.1543 0.1174 0.4680 0.2505 0.0098
55 0.2452 0.3918 0.1132 0.2286 0.0211
56 0.2522 0.1888 0.1043 0.3611 0.0935
57 0.1248 0.0107 0.0115 0.6743 0.1787
58 0.5508 0.2314 0.1426 0.0292 0.0459
59 0.1868 0.6470 0.1206 0.0348 0.0107
60 0.1660 0.3655 0.2164 0.2305 0.0218
61 0.1418 0.4797 0.2690 0.0526 0.0569
62 0.2075 0.0349 0.3557 0.3970 0.0048
63 0.2133 0.6470 0.0552 0.0535 0.0312
64 0.4836 0.2321 0.1620 0.0834 0.0391
65 0.2522 0.3394 0.3186 0.0793 0.0106
66 0.2253 0.2437 0.4343 0.0855 0.0110
67 0.0272 0.8081 0.1339 0.0256 0.0054
68 0.0712 0.7656 0.0764 0.0581 0.0288
69 0.0122 0.9248 0.0373 0.0214 0.0043
70 0.3848 0.3291 0.1128 0.0331 0.1404
71 0.1608 0.7607 0.0587 0.0108 0.0090
72 0.0648 0.4976 0.4060 0.0227 0.0090
73 0.0176 0.9458 0.0248 0.0116 0.0002
74 0.0750 0.0994 0.0294 0.0142 0.7817
75 0.3501 0.1541 0.0205 0.0080 0.4673
76 0.2581 0.1747 0.0163 0.0130 0.5381
77 0.7007 0.2292 0.0431 0.0112 0.0157
78 0.0766 0.0356 0.0097 0.0413 0.8369
79 0.1034 0.0374 0.0134 0.0199 0.8262
80 0.0224 0.2966 0.2898 0.1058 0.2854
81 0.0076 0.0922 0.8218 0.0256 0.0526
82 0.0219 0.7769 0.0913 0.1051 0.0050
83 0.2649 0.1658 0.1671 0.3000 0.1021
84 0.3989 0.3057 0.1188 0.0216 0.1549
85 0.3608 0.3135 0.0694 0.2441 0.0121
86 0.5957 0.0825 0.0545 0.1860 0.0812
87 0.3467 0.1467 0.2086 0.2637 0.0343
88 0.4844 0.2379 0.0924 0.1244 0.0611
89 0.2048 0.3918 0.1954 0.1398 0.0681
90 0.5732 0.1996 0.0717 0.0215 0.1340
91 0.0612 0.7515 0.1316 0.0484 0.0072
92 0.0163 0.0637 0.0315 0.8784 0.0101
93 0.0767 0.7681 0.0903 0.0583 0.0065
94 0.0648 0.5820 0.1229 0.2244 0.0062
95 0.1097 0.4841 0.2869 0.0999 0.0195
96 0.1483 0.4861 0.1093 0.1964 0.0599
97 0.2605 0.1005 0.0555 0.1736 0.4099
98 0.2318 0.1300 0.0577 0.3096 0.2710
99 0.3645 0.3069 0.0795 0.0446 0.2045
100 0.3262 0.1979 0.2090 0.2190 0.0478
101 0.3135 0.3416 0.2479 0.0657 0.0315
102 0.1881 0.0656 0.1313 0.4238 0.1910
103 0.2366 0.2876 0.1287 0.0811 0.2661
104 0.2056 0.4893 0.2854 0.0123 0.0075
105 0.4309 0.3176 0.0698 0.1356 0.0461
106 0.1654 0.2749 0.1875 0.3291 0.0432
107 0.2942 0.1743 0.1327 0.1901 0.2087
108 0.3064 0.1774 0.1093 0.3726 0.0346
109 0.0720 0.5986 0.2437 0.0755 0.0103
110 0.3066 0.2141 0.2092 0.1860 0.0839
111 0.2678 0.1346 0.2363 0.2515 0.1099
112 0.4248 0.1899 0.1179 0.1217 0.1456
113 0.1179 0.1490 0.2874 0.4114 0.0343
114 0.1136 0.4189 0.4324 0.0202 0.0148
115 0.1092 0.0311 0.2139 0.5996 0.0462
116 0.0994 0.1744 0.2832 0.4121 0.0308
117 0.1087 0.3196 0.4436 0.1271 0.0010
118 0.1577 0.0424 0.1414 0.6338 0.0248
119 0.0312 0.0152 0.0811 0.8716 0.0007
120 0.0844 0.3137 0.1993 0.3904 0.0121
121 0.0152 0.3425 0.4468 0.1921 0.0035
122 0.2939 0.1444 0.0296 0.0202 0.5117
123 0.2476 0.2495 0.0557 0.0197 0.4277
124 0.2720 0.2400 0.2020 0.2827 0.0034
125 0.3005 0.3076 0.2251 0.1621 0.0048
126 0.2485 0.2625 0.3069 0.1736 0.0084
127 0.4480 0.1178 0.3657 0.0305 0.0379
128 0.2485 0.1439 0.0482 0.1230 0.4363
129 0.2429 0.2908 0.1937 0.0833 0.1892
130 0.7734 0.0556 0.1365 0.0277 0.0066
131 0.2234 0.3711 0.1334 0.0703 0.2018
132 0.0539 0.7207 0.1836 0.0364 0.0056
133 0.8130 0.1493 0.0190 0.0166 0.0020
134 0.6187 0.0877 0.0488 0.0898 0.1552
135 0.4902 0.0928 0.0326 0.2028 0.1818
136 0.3479 0.3479 0.0966 0.0701 0.1373
137 0.2559 0.1589 0.0622 0.1786 0.3442
138 0.4150 0.3662 0.0970 0.0727 0.0488
139 0.4539 0.3704 0.0542 0.0501 0.0713
140 0.4438 0.2130 0.0419 0.0256 0.2756
141 0.3787 0.2108 0.0297 0.0279 0.3530
142 0.5156 0.2761 0.0597 0.1056 0.0430
143 0.2142 0.1416 0.0533 0.3345 0.2563
144 0.6997 0.0377 0.0251 0.1637 0.0737
145 0.0720 0.0293 0.2512 0.5933 0.0543
146 0.3738 0.1725 0.2610 0.1158 0.0771
147 0.5024 0.2063 0.1545 0.0691 0.0675
148 0.2617 0.2808 0.3494 0.0607 0.0473
149 0.1633 0.0486 0.0736 0.6406 0.0736
150 0.0502 0.5273 0.1215 0.2869 0.0141
151 0.0155 0.1891 0.0752 0.7026 0.0177
152 0.5747 0.0983 0.0362 0.0968 0.1940
153 0.1990 0.4812 0.1008 0.0392 0.1798
154 0.2278 0.4531 0.0679 0.0199 0.2314
155 0.2803 0.3889 0.1699 0.1398 0.0211
156 0.6104 0.1165 0.0201 0.1906 0.0628
157 0.1715 0.0310 0.0093 0.7109 0.0773
158 0.2949 0.2812 0.1964 0.1542 0.0734
159 0.3394 0.2444 0.1774 0.1426 0.0964
160 0.2729 0.1876 0.2646 0.1250 0.1497
161 0.3169 0.0422 0.0432 0.3022 0.2954
162 0.3328 0.1956 0.1366 0.2360 0.0991
163 0.5322 0.2964 0.1064 0.0565 0.0084
164 0.3931 0.4185 0.0941 0.0793 0.0149
165 0.6807 0.2245 0.0198 0.0572 0.0177
166 0.5591 0.2313 0.1666 0.0240 0.0188
167 0.2000 0.2000 0.3564 0.1475 0.0959
168 0.3843 0.0268 0.0186 0.4495 0.1210
169 0.3110 0.2878 0.0793 0.1287 0.1932
170 0.2866 0.0802 0.0340 0.1232 0.4761
171 0.2937 0.1741 0.0282 0.0271 0.4768
172 0.6226 0.1525 0.1422 0.0548 0.0282
173 0.3594 0.2888 0.0551 0.1030 0.1938
174 0.4185 0.1600 0.0637 0.2292 0.1287
175 0.2295 0.0637 0.0258 0.4785 0.2025
176 0.1775 0.6294 0.1667 0.0201 0.0065
177 0.4932 0.2104 0.0270 0.0136 0.2559
178 0.5610 0.0909 0.0426 0.0840 0.2214
179 0.2773 0.2485 0.1876 0.2354 0.0513
180 0.5034 0.1725 0.1293 0.0736 0.1214
181 0.2236 0.2289 0.4482 0.0720 0.0273
182 0.2327 0.4382 0.2942 0.0247 0.0103
183 0.1805 0.4133 0.3535 0.0370 0.0157
184 0.6475 0.1729 0.0897 0.0842 0.0059
185 0.3269 0.2795 0.0600 0.1260 0.2078
186 0.4214 0.1456 0.0368 0.1198 0.2764
187 0.6392 0.2026 0.0800 0.0706 0.0076
188 0.1942 0.1868 0.3516 0.1942 0.0731
189 0.1698 0.2017 0.0771 0.3855 0.1659
190 0.3525 0.1018 0.0558 0.1639 0.3259
191 0.3152 0.0506 0.0809 0.3516 0.2019
192 0.3726 0.5093 0.0775 0.0331 0.0076
193 0.0583 0.1826 0.6177 0.1378 0.0037
194 0.3240 0.2316 0.2727 0.0690 0.1027
195 0.2581 0.2123 0.1903 0.2600 0.0793
196 0.3308 0.2239 0.1295 0.2598 0.0562
197 0.1129 0.1804 0.0396 0.5732 0.0936
198 0.0378 0.5552 0.1110 0.2791 0.0170
199 0.0480 0.2742 0.0325 0.6079 0.0374
200 0.2037 0.2830 0.2496 0.2310 0.0327
