time exciting_prob fearful_prob tense_prob sad_prob relaxing_prob
0 0.3740 0.2612 0.0875 0.2491 0.0282
1 0.3130 0.0588 0.5669 0.0417 0.0197
2 0.3887 0.1204 0.3484 0.0742 0.0686
3 0.3821 0.1300 0.2466 0.2211 0.0204
4 0.2852 0.0870 0.4087 0.1930 0.0261
5 0.1875 0.2028 0.3342 0.2563 0.0191
6 0.1526 0.0536 0.5942 0.1730 0.0267
7 0.1125 0.0325 0.3057 0.4963 0.0531
8 0.1854 0.2345 0.2576 0.2576 0.0651
9 0.1730 0.0637 0.3606 0.2402 0.1625
10 0.3635 0.0884 0.3691 0.1218 0.0571
11 0.1511 0.0475 0.3301 0.3799 0.0916
12 0.2280 0.0800 0.1804 0.4326 0.0788
13 0.1487 0.1176 0.1158 0.4302 0.1879
14 0.0551 0.0814 0.1406 0.6401 0.0827
15 0.1332 0.1582 0.2129 0.4651 0.0307
16 0.1255 0.2783 0.1854 0.3865 0.0245
17 0.0936 0.1012 0.1567 0.5474 0.1012
18 0.0365 0.1106 0.0531 0.7676 0.0322
19 0.1643 0.0789 0.2585 0.4756 0.0226
20 0.1847 0.0944 0.2448 0.4294 0.0467
21 0.1552 0.1247 0.2854 0.3962 0.0383
22 0.0447 0.1024 0.3684 0.3354 0.1489
23 0.0396 0.1763 0.5347 0.0674 0.1819
24 0.1444 0.3804 0.1008 0.0918 0.2827
25 0.0714 0.3801 0.1740 0.2493 0.1254
26 0.0542 0.4194 0.2793 0.2109 0.0361
27 0.0119 0.0841 0.0923 0.8101 0.0014
28 0.0447 0.1740 0.4954 0.2610 0.0249
29 0.0635 0.1560 0.3572 0.2067 0.2167
30 0.1089 0.1512 0.4661 0.2418 0.0320
31 0.0381 0.3145 0.3296 0.2908 0.0273
32 0.0495 0.2117 0.3081 0.4016 0.0291
33 0.0380 0.4849 0.3386 0.0631 0.0755
34 0.0373 0.0656 0.2019 0.6616 0.0335
35 0.0207 0.1010 0.2206 0.6382 0.0197
36 0.0509 0.1519 0.3423 0.4326 0.0224
37 0.0688 0.2023 0.3037 0.3662 0.0589
38 0.1010 0.2832 0.4319 0.1403 0.0438
39 0.0499 0.0631 0.1825 0.6782 0.0263
40 0.1007 0.2937 0.4919 0.0875 0.0261
41 0.1304 0.4341 0.3713 0.0491 0.0150
42 0.0789 0.2046 0.2355 0.3425 0.1384
43 0.2107 0.1471 0.3699 0.1680 0.1043
44 0.0779 0.0278 0.3127 0.5000 0.0816
45 0.1714 0.1586 0.5195 0.1031 0.0472
46 0.0529 0.0152 0.2192 0.6855 0.0270
47 0.0463 0.2812 0.3904 0.2600 0.0222
48 0.0448 0.3083 0.4702 0.1625 0.0142
49 0.1238 0.2747 0.2747 0.2791 0.0477
50 0.1234 0.1753 0.3831 0.2512 0.0671
51 0.2208 0.2123 0.2947 0.0711 0.2010
52 0.0867 0.1204 0.2113 0.5566 0.0250
53 0.0171 0.1873 0.1267 0.6431 0.0257
54 0.0867 0.0654 0.2321 0.5742 0.0416
55 0.1765 0.1969 0.2129 0.3098 0.1038
56 0.0537 0.1068 0.3042 0.4863 0.0489
57 0.0981 0.2245 0.3267 0.3022 0.0486
58 0.1296 0.1664 0.2460 0.3362 0.1218
59 0.1013 0.1061 0.6016 0.1078 0.0833
60 0.1443 0.1115 0.4109 0.2379 0.0953
61 0.0325 0.0174 0.1227 0.8257 0.0018
62 0.0510 0.0314 0.1366 0.7153 0.0655
63 0.1208 0.1731 0.4285 0.1931 0.0844
64 0.0493 0.3784 0.2368 0.0170 0.3186
65 0.0319 0.3406 0.1583 0.0109 0.4583
66 0.0724 0.1985 0.2798 0.0158 0.4333
67 0.0878 0.2441 0.3186 0.3186 0.0311
68 0.0764 0.3047 0.2817 0.3242 0.0130
69 0.0786 0.3132 0.3662 0.0162 0.2257
70 0.0822 0.3599 0.3328 0.0170 0.2083
71 0.0861 0.2632 0.4478 0.0101 0.1926
72 0.0869 0.3923 0.1377 0.1560 0.2271
73 0.0686 0.4043 0.2197 0.1823 0.1252
74 0.1367 0.2474 0.2761 0.1501 0.1897
75 0.0896 0.1957 0.1957 0.3381 0.1810
76 0.0781 0.2996 0.3188 0.2727 0.0308
77 0.0746 0.0929 0.2773 0.5430 0.0120
78 0.0782 0.2161 0.5518 0.1417 0.0122
79 0.0769 0.0393 0.4565 0.3904 0.0369
80 0.0530 0.0833 0.5874 0.2607 0.0154
81 0.0598 0.0544 0.2898 0.5762 0.0197
82 0.0641 0.2134 0.4587 0.2380 0.0257
83 0.1725 0.2734 0.1429 0.2451 0.1659
84 0.1794 0.0539 0.2737 0.4304 0.0625
85 0.4150 0.0933 0.3838 0.0863 0.0217
86 0.1738 0.2568 0.2866 0.1006 0.1821
87 0.0468 0.2864 0.3679 0.2000 0.0990
88 0.0964 0.6694 0.0604 0.0787 0.0950
89 0.0440 0.8242 0.0437 0.0305 0.0579
90 0.1367 0.4082 0.1958 0.2253 0.0340
91 0.0599 0.2644 0.2881 0.3369 0.0505
92 0.1041 0.0891 0.1638 0.5371 0.1058
93 0.1037 0.3374 0.2112 0.2886 0.0591
94 0.1741 0.0230 0.3103 0.4585 0.0343
95 0.1654 0.0266 0.4158 0.3726 0.0197
96 0.1539 0.2040 0.5723 0.0612 0.0088
97 0.0385 0.0753 0.2284 0.6113 0.0464
98 0.0367 0.1113 0.2355 0.5923 0.0244
99 0.0842 0.1675 0.5078 0.1927 0.0480
100 0.0489 0.1052 0.3044 0.3291 0.2125
101 0.0664 0.3704 0.4197 0.1078 0.0358
102 0.0399 0.3560 0.5098 0.0845 0.0099
103 0.1118 0.1652 0.0544 0.4631 0.2056
104 0.1364 0.1533 0.0560 0.3196 0.3350
105 0.0373 0.6509 0.1985 0.0719 0.0416
106 0.0380 0.5581 0.2439 0.0911 0.0688
107 0.0378 0.6099 0.2314 0.0633 0.0576
108 0.0373 0.1281 0.2302 0.0436 0.5610
109 0.0352 0.1362 0.1735 0.0254 0.6299
110 0.0400 0.1545 0.4541 0.0244 0.3271
111 0.0484 0.2991 0.2598 0.0205 0.3721
112 0.0535 0.1989 0.1927 0.5156 0.0392
113 0.1019 0.1846 0.3140 0.3396 0.0599
114 0.0273 0.1598 0.1727 0.6221 0.0182
115 0.0883 0.2117 0.3601 0.2939 0.0461
116 0.1017 0.2439 0.4148 0.0985 0.1411
117 0.0178 0.3157 0.6084 0.0492 0.0088
118 0.0370 0.2710 0.3943 0.2751 0.0226
119 0.0239 0.0783 0.1509 0.7090 0.0381
120 0.0364 0.1487 0.1821 0.5791 0.0538
121 0.0590 0.1137 0.1506 0.6440 0.0326
122 0.1447 0.1025 0.3992 0.3159 0.0377
123 0.1980 0.2108 0.3586 0.1890 0.0435
124 0.0379 0.1177 0.4109 0.3982 0.0351
125 0.0114 0.0210 0.0581 0.8945 0.0147
126 0.0292 0.2224 0.4424 0.2993 0.0069
127 0.0285 0.1492 0.2966 0.5044 0.0211
128 0.0179 0.0464 0.0569 0.6313 0.2473
129 0.0431 0.2703 0.2206 0.2349 0.2312
130 0.0423 0.0356 0.6221 0.2893 0.0105
131 0.0818 0.0769 0.2406 0.5596 0.0412
132 0.0204 0.0293 0.1053 0.8281 0.0167
133 0.0106 0.1626 0.0898 0.7178 0.0194
134 0.0988 0.0283 0.4636 0.3555 0.0537
135 0.1932 0.1759 0.4153 0.1801 0.0355
136 0.0959 0.0505 0.3794 0.3855 0.0887
137 0.1100 0.0536 0.6235 0.1247 0.0884
138 0.0799 0.1144 0.1541 0.6094 0.0424
139 0.0815 0.1725 0.1364 0.5439 0.0660
140 0.0446 0.1372 0.1155 0.6245 0.0782
141 0.0680 0.2391 0.3120 0.2391 0.1417
142 0.0410 0.1984 0.1644 0.4988 0.0975
143 0.0520 0.2639 0.5010 0.1626 0.0204
144 0.1730 0.2678 0.3157 0.2039 0.0395
145 0.1854 0.0940 0.1274 0.4924 0.1008
146 0.1869 0.0583 0.1869 0.5581 0.0099
147 0.0277 0.1333 0.1738 0.6162 0.0490
148 0.0243 0.2595 0.2852 0.4214 0.0098
149 0.0540 0.0566 0.2419 0.3689 0.2786
150 0.1382 0.1471 0.4602 0.1802 0.0745
151 0.1378 0.1914 0.3010 0.2135 0.1562
152 0.0785 0.2101 0.4243 0.2456 0.0414
153 0.1043 0.1919 0.2705 0.3113 0.1219
154 0.1088 0.1583 0.3101 0.1177 0.3052
155 0.0384 0.0812 0.3582 0.4673 0.0549
156 0.1231 0.0254 0.2336 0.1605 0.4573
157 0.1130 0.0403 0.4609 0.2976 0.0880
158 0.1383 0.0893 0.0501 0.6914 0.0309
159 0.0602 0.0407 0.0977 0.7559 0.0454
160 0.1976 0.0441 0.3931 0.2659 0.0994
161 0.0861 0.2002 0.3740 0.2866 0.0530
162 0.2047 0.1311 0.2627 0.1545 0.2469
163 0.0677 0.0830 0.2898 0.5249 0.0346
164 0.2739 0.2202 0.1444 0.3357 0.0257
165 0.0687 0.3030 0.3655 0.2396 0.0234
166 0.0352 0.2024 0.1600 0.5586 0.0438
167 0.0217 0.0102 0.7529 0.2124 0.0028
168 0.0519 0.0182 0.6631 0.2637 0.0030
169 0.0518 0.1262 0.3379 0.4546 0.0295
170 0.0174 0.0481 0.0648 0.8530 0.0169
171 0.0588 0.2271 0.2654 0.3862 0.0626
172 0.0500 0.1401 0.2170 0.5454 0.0473
173 0.0110 0.0658 0.0958 0.8145 0.0129
174 0.1172 0.3525 0.4058 0.0257 0.0987
175 0.0302 0.2128 0.3733 0.3792 0.0046
176 0.0762 0.2207 0.5459 0.1470 0.0100
177 0.0292 0.2059 0.4429 0.3191 0.0030
178 0.0580 0.1873 0.5859 0.1653 0.0034
179 0.0397 0.1672 0.4917 0.2981 0.0031
180 0.0594 0.1566 0.4902 0.2881 0.0056
181 0.0188 0.2639 0.3782 0.3235 0.0156
182 0.0234 0.3889 0.5317 0.0518 0.0044
183 0.0707 0.1129 0.2976 0.4680 0.0509
184 0.0179 0.0273 0.1282 0.8101 0.0163
185 0.0571 0.0411 0.2405 0.6333 0.0278
186 0.1454 0.0666 0.3831 0.3489 0.0561
187 0.0995 0.0378 0.3020 0.5137 0.0470
188 0.0709 0.1754 0.2397 0.5078 0.0063
189 0.0521 0.5181 0.3242 0.1021 0.0035
190 0.1020 0.2263 0.4363 0.2335 0.0019
191 0.0396 0.4934 0.3445 0.0858 0.0369
192 0.0845 0.3669 0.0745 0.3394 0.1349
193 0.0718 0.2732 0.3562 0.2448 0.0542
194 0.0334 0.1788 0.3845 0.3845 0.0186
195 0.0222 0.1907 0.5962 0.1848 0.0060
196 0.1527 0.0941 0.3779 0.3335 0.0417
197 0.0914 0.2686 0.2771 0.3042 0.0590
198 0.0182 0.2047 0.1954 0.5742 0.0074
199 0.0170 0.1243 0.1672 0.6826 0.0089
200 0.0869 0.4700 0.3896 0.0462 0.0074
201 0.0475 0.4436 0.4648 0.0367 0.0075
202 0.0939 0.3081 0.3601 0.2218 0.0161
203 0.0252 0.4651 0.3003 0.1711 0.0382
204 0.0284 0.4019 0.2761 0.2515 0.0420
205 0.0637 0.1814 0.5503 0.1962 0.0085
206 0.0482 0.1604 0.3970 0.3848 0.0098
207 0.0189 0.2563 0.3503 0.3728 0.0018
208 0.0419 0.1763 0.4944 0.2817 0.0058
209 0.0560 0.1896 0.5234 0.2251 0.0061
210 0.0458 0.0531 0.2615 0.6079 0.0315
211 0.0715 0.1650 0.5537 0.1855 0.0241
212 0.0490 0.0967 0.4404 0.3767 0.0373
213 0.0083 0.1196 0.1537 0.7104 0.0081
214 0.0154 0.1930 0.2222 0.4487 0.1208
215 0.0197 0.4270 0.3433 0.2018 0.0084
216 0.0421 0.4966 0.4116 0.0477 0.0020
217 0.0315 0.4932 0.4153 0.0580 0.0020
218 0.0661 0.3984 0.3054 0.2003 0.0296
219 0.1979 0.1127 0.3162 0.3472 0.0260
220 0.1426 0.1318 0.1979 0.4976 0.0303
221 0.1163 0.1859 0.2173 0.1692 0.3113
222 0.0793 0.0971 0.1962 0.0598 0.5679
223 0.0734 0.1035 0.1844 0.0618 0.5771
224 0.0534 0.4907 0.4004 0.0112 0.0443
225 0.0480 0.5288 0.3257 0.0178 0.0798
226 0.0563 0.5132 0.2925 0.0318 0.1060
227 0.0479 0.6074 0.2532 0.0234 0.0681
228 0.0575 0.4924 0.3438 0.0259 0.0804
229 0.0477 0.5547 0.3210 0.0270 0.0496
230 0.0344 0.5259 0.2158 0.1268 0.0972
231 0.0438 0.6489 0.1615 0.0594 0.0864
232 0.0328 0.6636 0.1901 0.0528 0.0608
233 0.0209 0.6860 0.2125 0.0453 0.0352
234 0.0255 0.6782 0.1884 0.0661 0.0420
235 0.0585 0.4976 0.2426 0.1360 0.0652
236 0.0298 0.5527 0.2654 0.1234 0.0286
237 0.0240 0.6152 0.1936 0.0989 0.0680
238 0.0470 0.2539 0.1719 0.4895 0.0378
239 0.0340 0.5703 0.2341 0.1023 0.0592
240 0.1709 0.1682 0.3242 0.2908 0.0460
