time exciting_prob fearful_prob tense_prob sad_prob relaxing_prob
0 0.2037 0.2830 0.2496 0.2310 0.0327
1 0.1832 0.3760 0.0974 0.3118 0.0316
2 0.0690 0.3291 0.4712 0.0409 0.0900
3 0.0974 0.3345 0.2952 0.1735 0.0996
4 0.0755 0.1573 0.3279 0.3835 0.0557
5 0.0697 0.3376 0.3857 0.0999 0.1071
6 0.0295 0.2590 0.3828 0.1547 0.1740
7 0.0551 0.1682 0.6499 0.0609 0.0659
8 0.0474 0.1719 0.6387 0.0402 0.1019
9 0.0270 0.1483 0.5957 0.0387 0.1904
10 0.1719 0.3088 0.2207 0.0637 0.2349
11 0.2279 0.3474 0.3315 0.0279 0.0653
12 0.1022 0.1140 0.4268 0.0246 0.3323
13 0.0859 0.1362 0.5103 0.0412 0.2264
14 0.0630 0.1420 0.6118 0.0410 0.1420
15 0.1027 0.1459 0.3340 0.0618 0.3555
16 0.1223 0.1940 0.3076 0.0828 0.2935
17 0.1121 0.2196 0.2798 0.0814 0.3071
18 0.1144 0.1744 0.2810 0.0520 0.3782
19 0.1652 0.1731 0.1871 0.1025 0.3721
20 0.0465 0.1973 0.6572 0.0925 0.0068
21 0.0358 0.1777 0.5918 0.0853 0.1095
22 0.0771 0.2001 0.6260 0.0888 0.0081
23 0.0428 0.3997 0.2539 0.1577 0.1459
24 0.0558 0.0935 0.4324 0.1831 0.2351
25 0.0803 0.2891 0.4407 0.1186 0.0714
26 0.0725 0.1376 0.4512 0.0714 0.2673
27 0.0635 0.1205 0.5884 0.0337 0.1940
28 0.1097 0.2781 0.4478 0.0300 0.1344
29 0.1201 0.2625 0.5386 0.0228 0.0563
30 0.1633 0.3567 0.4170 0.0367 0.0262
31 0.0895 0.3682 0.3740 0.0611 0.1072
32 0.0253 0.2136 0.7007 0.0310 0.0294
33 0.0627 0.1992 0.6230 0.0863 0.0287
34 0.0240 0.1144 0.3811 0.0210 0.4597
35 0.0539 0.2673 0.1726 0.4768 0.0293
36 0.0534 0.3945 0.3538 0.1849 0.0135
37 0.1131 0.2549 0.4580 0.0547 0.1194
38 0.0390 0.0690 0.1682 0.0262 0.6973
39 0.2079 0.1311 0.2179 0.0230 0.4199
40 0.0242 0.2104 0.6899 0.0627 0.0124
41 0.0088 0.1005 0.2449 0.6157 0.0302
42 0.0717 0.1173 0.4863 0.0344 0.2903
43 0.0308 0.1210 0.4155 0.0987 0.3340
44 0.0382 0.1533 0.6255 0.0518 0.1311
45 0.0296 0.1287 0.3840 0.2898 0.1677
46 0.0368 0.1098 0.3176 0.5239 0.0120
47 0.0663 0.3936 0.4321 0.0390 0.0689
48 0.0755 0.2964 0.3745 0.1421 0.1116
49 0.0841 0.2081 0.5034 0.1149 0.0895
50 0.1305 0.2203 0.4736 0.0786 0.0970
51 0.1636 0.1611 0.3716 0.1226 0.1812
52 0.3088 0.1641 0.3447 0.0485 0.1339
53 0.0554 0.1667 0.3420 0.1566 0.2793
54 0.0391 0.5654 0.1807 0.2047 0.0101
55 0.1586 0.2698 0.4312 0.0842 0.0561
56 0.0585 0.2769 0.4709 0.0739 0.1200
57 0.0820 0.3943 0.3647 0.0930 0.0659
58 0.1273 0.4514 0.3008 0.0548 0.0656
59 0.1268 0.2502 0.3420 0.1339 0.1471
60 0.0459 0.0942 0.3447 0.4292 0.0858
61 0.1360 0.1238 0.5464 0.0500 0.1437
62 0.0715 0.1008 0.6572 0.0401 0.1304
63 0.2108 0.0950 0.1299 0.5137 0.0508
64 0.2861 0.1395 0.3562 0.1121 0.1061
65 0.3000 0.1070 0.3621 0.1428 0.0880
66 0.0867 0.2451 0.2395 0.1487 0.2800
67 0.0746 0.2125 0.2466 0.1103 0.3560
68 0.1614 0.2040 0.2703 0.1458 0.2188
69 0.2101 0.0507 0.2382 0.4885 0.0125
70 0.4421 0.2404 0.2404 0.0289 0.0481
71 0.3887 0.2146 0.2844 0.0601 0.0522
72 0.0261 0.1285 0.7632 0.0779 0.0041
73 0.1353 0.3071 0.2668 0.0439 0.2468
74 0.1443 0.1897 0.1410 0.3201 0.2051
75 0.1888 0.0838 0.4673 0.1591 0.1011
76 0.0648 0.0718 0.6348 0.0605 0.1682
77 0.0547 0.1114 0.6611 0.0413 0.1312
78 0.0584 0.0979 0.6851 0.0434 0.1154
79 0.0971 0.1829 0.5459 0.1162 0.0580
80 0.0973 0.2245 0.2952 0.2371 0.1461
81 0.2135 0.1033 0.5894 0.0075 0.0862
82 0.0703 0.0874 0.6665 0.0125 0.1633
83 0.0700 0.1506 0.6543 0.0160 0.1093
84 0.0939 0.1661 0.4810 0.1245 0.1345
85 0.2285 0.0923 0.4009 0.0273 0.2510
86 0.2452 0.0861 0.4580 0.0197 0.1909
87 0.2042 0.1775 0.5015 0.0132 0.1035
88 0.0673 0.2241 0.3499 0.1328 0.2260
89 0.1644 0.2128 0.3169 0.0241 0.2820
90 0.3115 0.0936 0.3115 0.2352 0.0482
91 0.2094 0.0712 0.2861 0.3975 0.0358
92 0.1198 0.1227 0.3413 0.2498 0.1664
93 0.0917 0.1926 0.4080 0.1454 0.1622
94 0.2301 0.0436 0.2607 0.3914 0.0741
95 0.3088 0.2747 0.3113 0.0178 0.0872
96 0.0604 0.0935 0.8076 0.0197 0.0188
97 0.0138 0.0512 0.7646 0.1680 0.0022
98 0.3672 0.1085 0.2949 0.0266 0.2028
99 0.0440 0.0784 0.4585 0.3801 0.0388
100 0.1729 0.3057 0.3835 0.0749 0.0631
101 0.0311 0.2505 0.4680 0.1416 0.1086
102 0.1098 0.4375 0.2417 0.0257 0.1853
103 0.1689 0.2007 0.2700 0.1066 0.2537
104 0.1146 0.1934 0.2208 0.0524 0.4189
105 0.4412 0.0676 0.3743 0.0267 0.0903
106 0.0677 0.4851 0.3386 0.0234 0.0850
107 0.1384 0.0997 0.5063 0.0277 0.2281
108 0.1779 0.0747 0.4299 0.0221 0.2954
109 0.1077 0.0485 0.6099 0.0375 0.1964
110 0.1414 0.0455 0.5293 0.0176 0.2661
111 0.0943 0.2727 0.4429 0.0633 0.1268
112 0.2307 0.3279 0.1927 0.0515 0.1973
113 0.1786 0.1436 0.4670 0.0739 0.1370
114 0.1879 0.2527 0.2886 0.2356 0.0353
115 0.1992 0.2385 0.2766 0.2681 0.0174
116 0.1744 0.2103 0.2537 0.3135 0.0481
117 0.1169 0.1443 0.5405 0.1187 0.0797
118 0.2144 0.0853 0.5645 0.0229 0.1129
119 0.2036 0.2382 0.3865 0.0962 0.0755
120 0.0379 0.1454 0.4692 0.1926 0.1548
121 0.1594 0.1683 0.4910 0.0182 0.1632
122 0.3232 0.1613 0.3721 0.0097 0.1337
123 0.0987 0.1307 0.5547 0.0571 0.1589
124 0.0377 0.0602 0.2961 0.5801 0.0259
125 0.2025 0.2241 0.3391 0.0571 0.1772
126 0.0347 0.3823 0.3647 0.1779 0.0403
127 0.0466 0.0372 0.8667 0.0396 0.0101
128 0.0318 0.0746 0.8740 0.0139 0.0054
129 0.0475 0.0654 0.8413 0.0378 0.0078
130 0.1192 0.2644 0.4570 0.1020 0.0572
131 0.1469 0.1504 0.5811 0.0383 0.0837
132 0.1436 0.1962 0.3811 0.0799 0.1992
133 0.1354 0.1511 0.3738 0.0765 0.2632
134 0.0265 0.0180 0.5854 0.0756 0.2944
135 0.2209 0.2245 0.4641 0.0505 0.0399
136 0.4133 0.1984 0.2710 0.0235 0.0937
137 0.0301 0.0780 0.1458 0.6631 0.0830
138 0.1763 0.1791 0.5063 0.0228 0.1156
139 0.1298 0.2295 0.2878 0.1027 0.2502
140 0.1078 0.1373 0.2281 0.0513 0.4756
141 0.0923 0.1243 0.2844 0.0945 0.4043
142 0.1141 0.1597 0.2869 0.0822 0.3572
143 0.0189 0.1022 0.1793 0.0639 0.6357
144 0.0286 0.0974 0.2300 0.2646 0.3792
145 0.1456 0.3132 0.2874 0.1689 0.0850
146 0.1201 0.3447 0.3640 0.0757 0.0957
147 0.0295 0.2249 0.5566 0.1166 0.0724
148 0.0239 0.0772 0.0961 0.6562 0.1465
149 0.0459 0.1589 0.2206 0.2275 0.3469
150 0.0558 0.1027 0.2313 0.2791 0.3313
151 0.0367 0.0982 0.2015 0.4912 0.1724
152 0.0497 0.2727 0.3088 0.0831 0.2856
153 0.1171 0.2852 0.1915 0.0780 0.3284
154 0.1458 0.2461 0.3525 0.0516 0.2040
155 0.0395 0.1108 0.3083 0.1266 0.4148
156 0.0438 0.1210 0.4158 0.1154 0.3042
157 0.0249 0.0548 0.3333 0.0869 0.5000
158 0.0539 0.0671 0.1007 0.1215 0.6567
159 0.0282 0.0888 0.2032 0.1766 0.5029
160 0.0265 0.1355 0.2003 0.3921 0.2455
161 0.0593 0.1024 0.4592 0.2496 0.1295
162 0.2527 0.1937 0.4795 0.0439 0.0302
163 0.3745 0.3179 0.2020 0.0791 0.0267
164 0.0668 0.1382 0.2925 0.0352 0.4673
165 0.1324 0.0925 0.1489 0.5444 0.0816
166 0.2502 0.3367 0.2581 0.0199 0.1350
167 0.3203 0.1478 0.3306 0.0511 0.1501
168 0.0872 0.4604 0.3066 0.0643 0.0813
169 0.0605 0.3169 0.4907 0.1095 0.0226
170 0.1182 0.0865 0.4604 0.0599 0.2749
171 0.2131 0.3740 0.2822 0.0909 0.0397
172 0.5728 0.0336 0.0958 0.2542 0.0435
173 0.6064 0.0295 0.0795 0.2338 0.0509
174 0.1040 0.0933 0.6523 0.0269 0.1235
175 0.0479 0.0719 0.3457 0.3247 0.2097
176 0.2966 0.2944 0.1412 0.0368 0.2310
177 0.1683 0.2754 0.1820 0.0264 0.3479
178 0.0737 0.5278 0.3408 0.0261 0.0317
179 0.0510 0.3650 0.3271 0.2249 0.0319
180 0.1083 0.2329 0.4089 0.1528 0.0971
181 0.0831 0.1208 0.3337 0.4219 0.0405
182 0.0332 0.5747 0.3027 0.0828 0.0065
183 0.0840 0.3350 0.3564 0.1570 0.0675
184 0.0771 0.1055 0.6357 0.0522 0.1292
185 0.0616 0.1702 0.6523 0.0202 0.0955
186 0.1827 0.2810 0.2559 0.0187 0.2620
187 0.1188 0.1587 0.3132 0.0863 0.3230
188 0.0937 0.0241 0.0490 0.7725 0.0610
189 0.1202 0.4683 0.1833 0.1921 0.0361
190 0.0547 0.1123 0.4109 0.1215 0.3005
191 0.0289 0.0544 0.2401 0.0341 0.6426
192 0.0169 0.0393 0.6050 0.0529 0.2859
193 0.1212 0.1749 0.3853 0.1281 0.1907
194 0.1887 0.1639 0.4526 0.1118 0.0831
195 0.1295 0.2637 0.3284 0.1538 0.1246
196 0.1019 0.2140 0.2925 0.1641 0.2278
197 0.1931 0.2639 0.2744 0.0768 0.1917
198 0.0081 0.1149 0.6934 0.1302 0.0535
199 0.0079 0.1177 0.6362 0.1559 0.0822
200 0.0141 0.0443 0.2754 0.5142 0.1520
201 0.0386 0.1370 0.8003 0.0188 0.0054
202 0.0486 0.0409 0.3169 0.0288 0.5649
203 0.0345 0.0283 0.1373 0.0095 0.7905
204 0.0439 0.2194 0.4131 0.1876 0.1362
205 0.0496 0.1357 0.6230 0.0267 0.1650
206 0.0475 0.1510 0.6558 0.1113 0.0342
207 0.1389 0.3206 0.1854 0.1207 0.2345
208 0.0943 0.1580 0.2028 0.4644 0.0807
209 0.1068 0.0988 0.3669 0.0988 0.3289
210 0.2424 0.2993 0.1653 0.1830 0.1101
211 0.1429 0.1114 0.2756 0.1243 0.3457
212 0.0179 0.0779 0.7861 0.1115 0.0063
213 0.1215 0.2051 0.5039 0.0527 0.1169
214 0.0392 0.0768 0.5249 0.3552 0.0038
215 0.1252 0.3540 0.1865 0.0453 0.2888
216 0.1859 0.4746 0.1816 0.0048 0.1530
217 0.1055 0.4109 0.4109 0.0056 0.0671
218 0.0558 0.2499 0.4668 0.1588 0.0688
219 0.0862 0.0583 0.3252 0.3743 0.1560
220 0.0718 0.2507 0.4912 0.0243 0.1620
221 0.0685 0.2245 0.4641 0.0554 0.1875
222 0.0989 0.1682 0.5601 0.0674 0.1053
223 0.1126 0.1109 0.6284 0.0504 0.0978
224 0.0730 0.1062 0.6406 0.0461 0.1343
225 0.0201 0.1129 0.5737 0.2013 0.0922
226 0.0346 0.1024 0.4019 0.1226 0.3384
227 0.0356 0.4578 0.2866 0.1879 0.0321
228 0.2037 0.2830 0.2496 0.2310 0.0327
229 0.2037 0.2830 0.2496 0.2310 0.0327
230 0.2128 0.2000 0.1509 0.4038 0.0326
