time exciting_prob fearful_prob tense_prob sad_prob relaxing_prob
0 0.2037 0.2830 0.2496 0.2310 0.0327
1 0.1788 0.1437 0.3340 0.3237 0.0196
2 0.4167 0.0302 0.0847 0.4648 0.0034
3 0.2113 0.2432 0.4990 0.0327 0.0138
4 0.3750 0.1539 0.3469 0.0986 0.0257
5 0.2581 0.0673 0.2207 0.4124 0.0415
6 0.2937 0.2983 0.2512 0.1443 0.0126
7 0.1455 0.1324 0.2020 0.5078 0.0120
8 0.0710 0.1199 0.1010 0.7007 0.0073
9 0.2009 0.5728 0.1163 0.0812 0.0290
10 0.1426 0.5464 0.1172 0.1733 0.0204
11 0.2098 0.1753 0.2415 0.2737 0.0999
12 0.0629 0.1312 0.2375 0.5522 0.0162
13 0.0688 0.3184 0.3779 0.2240 0.0109
14 0.0533 0.1555 0.4902 0.2793 0.0215
15 0.0368 0.1106 0.6025 0.1294 0.1205
16 0.1473 0.4573 0.0475 0.0573 0.2908
17 0.1047 0.2551 0.0660 0.0251 0.5488
18 0.0831 0.1963 0.5332 0.1392 0.0481
19 0.1469 0.2040 0.1744 0.4595 0.0152
20 0.1465 0.2065 0.1910 0.0760 0.3799
21 0.0292 0.1460 0.4290 0.2522 0.1437
22 0.0750 0.1091 0.4185 0.1664 0.2311
23 0.0807 0.7197 0.1682 0.0235 0.0080
24 0.0706 0.1616 0.1372 0.6147 0.0158
25 0.1109 0.2089 0.3752 0.2040 0.1010
26 0.0748 0.0620 0.2131 0.5356 0.1141
27 0.0643 0.4099 0.2627 0.1805 0.0826
28 0.1748 0.4062 0.1616 0.1860 0.0712
29 0.2495 0.3987 0.1207 0.1335 0.0977
30 0.0200 0.2037 0.5537 0.2203 0.0019
31 0.0100 0.1293 0.6562 0.2002 0.0042
32 0.0197 0.0742 0.6660 0.1969 0.0432
33 0.3396 0.1299 0.1761 0.2815 0.0729
34 0.1526 0.3989 0.1226 0.2678 0.0579
35 0.0262 0.2642 0.5093 0.1815 0.0191
36 0.0428 0.2297 0.5913 0.0921 0.0442
37 0.0480 0.3013 0.5288 0.1091 0.0127
38 0.0457 0.2375 0.5522 0.1140 0.0506
39 0.0116 0.4834 0.3123 0.1864 0.0063
40 0.0151 0.4546 0.4690 0.0498 0.0117
41 0.0282 0.1365 0.5571 0.1283 0.1499
42 0.2598 0.1256 0.1246 0.1814 0.3086
43 0.0870 0.2944 0.3389 0.2517 0.0280
44 0.0625 0.0708 0.5312 0.1808 0.1547
45 0.1036 0.1920 0.3789 0.0460 0.2795
46 0.0201 0.2861 0.1643 0.2646 0.2646
47 0.4426 0.1628 0.3140 0.0706 0.0101
48 0.4729 0.1794 0.2181 0.0917 0.0379
49 0.3577 0.1125 0.4023 0.0837 0.0437
50 0.2625 0.0788 0.2045 0.4329 0.0215
51 0.2009 0.0536 0.3237 0.4124 0.0095
52 0.0918 0.2456 0.3804 0.2739 0.0082
53 0.0188 0.4802 0.4304 0.0681 0.0025
54 0.2695 0.1007 0.0961 0.1536 0.3801
55 0.3906 0.0872 0.1137 0.2903 0.1182
56 0.2075 0.1068 0.1259 0.4497 0.1102
57 0.1437 0.2603 0.4160 0.1019 0.0781
58 0.2285 0.4580 0.1698 0.1014 0.0423
59 0.1603 0.4785 0.2705 0.0658 0.0250
60 0.1131 0.3887 0.1698 0.0439 0.2844
61 0.1019 0.1705 0.1528 0.5337 0.0411
62 0.1725 0.1431 0.2756 0.3708 0.0379
63 0.1859 0.3528 0.2010 0.2426 0.0177
64 0.8188 0.0941 0.0325 0.0380 0.0167
65 0.5337 0.2242 0.0988 0.1257 0.0176
66 0.1263 0.1366 0.0237 0.6938 0.0194
67 0.0891 0.4524 0.1857 0.0346 0.2384
68 0.0993 0.4966 0.1798 0.0401 0.1841
69 0.0985 0.3718 0.1456 0.0662 0.3181
70 0.0201 0.2089 0.7290 0.0349 0.0071
71 0.0208 0.3916 0.4578 0.1292 0.0008
72 0.1876 0.6548 0.0446 0.0546 0.0586
73 0.2169 0.1108 0.4521 0.1379 0.0823
74 0.0998 0.0319 0.1343 0.7261 0.0081
75 0.0734 0.0399 0.0648 0.8135 0.0084
76 0.2262 0.1120 0.0950 0.5513 0.0155
77 0.1187 0.5278 0.1912 0.0465 0.1159
78 0.1769 0.4998 0.1072 0.0896 0.1263
79 0.2627 0.2930 0.0764 0.3293 0.0384
80 0.1064 0.0876 0.1254 0.6572 0.0234
81 0.2822 0.0530 0.2268 0.2452 0.1925
82 0.2683 0.0885 0.2296 0.1995 0.2140
83 0.3633 0.2556 0.0836 0.1991 0.0985
84 0.1240 0.5732 0.1761 0.0604 0.0663
85 0.1534 0.4915 0.1418 0.0703 0.1431
86 0.1096 0.5396 0.1725 0.0353 0.1429
87 0.1429 0.0560 0.1836 0.5396 0.0778
88 0.0636 0.2185 0.1990 0.4697 0.0491
89 0.1232 0.6406 0.1261 0.0681 0.0422
90 0.0914 0.6753 0.1506 0.0794 0.0034
91 0.1204 0.1476 0.2413 0.4800 0.0107
92 0.1104 0.2732 0.4165 0.1877 0.0124
93 0.1158 0.4875 0.2214 0.1440 0.0312
94 0.0917 0.0749 0.6079 0.0962 0.1294
95 0.1159 0.1714 0.3684 0.3054 0.0388
96 0.0539 0.1159 0.2715 0.5073 0.0514
97 0.1553 0.2834 0.1732 0.3364 0.0516
98 0.0789 0.4683 0.2795 0.1631 0.0103
99 0.2532 0.2098 0.1768 0.1420 0.2183
100 0.0287 0.3547 0.4851 0.1017 0.0298
101 0.0753 0.2930 0.3762 0.2300 0.0256
102 0.1163 0.1733 0.1628 0.5337 0.0137
103 0.3611 0.2482 0.0668 0.2522 0.0717
104 0.2637 0.2986 0.0798 0.1143 0.2438
105 0.3591 0.3169 0.0707 0.1046 0.1486
106 0.2241 0.1100 0.2073 0.0775 0.3811
107 0.2671 0.1055 0.1738 0.2549 0.1986
108 0.2054 0.2598 0.4023 0.0956 0.0368
109 0.0678 0.0372 0.0255 0.0434 0.8262
110 0.1047 0.1925 0.0416 0.0587 0.6025
111 0.2937 0.3054 0.1234 0.2051 0.0725
112 0.2019 0.1294 0.1548 0.3772 0.1366
113 0.1083 0.4780 0.2330 0.1602 0.0205
114 0.2087 0.1930 0.2257 0.2517 0.1208
115 0.2107 0.0818 0.2603 0.2333 0.2140
116 0.1117 0.3284 0.4487 0.0528 0.0584
117 0.2341 0.3201 0.1726 0.1196 0.1536
118 0.1838 0.0953 0.2759 0.2493 0.1957
119 0.1467 0.4700 0.1945 0.1025 0.0863
120 0.0669 0.0396 0.0212 0.8281 0.0442
121 0.1475 0.1096 0.2196 0.4949 0.0284
122 0.1223 0.1780 0.1344 0.5112 0.0543
123 0.2620 0.1493 0.1425 0.3933 0.0528
124 0.3687 0.1444 0.1927 0.2849 0.0092
125 0.0835 0.1064 0.3713 0.4143 0.0243
126 0.1042 0.1932 0.4355 0.1603 0.1068
127 0.0967 0.1620 0.5308 0.2047 0.0057
128 0.2727 0.0723 0.4031 0.0463 0.2058
129 0.0700 0.3315 0.3875 0.1995 0.0115
130 0.1055 0.2632 0.4272 0.1713 0.0329
131 0.0752 0.1862 0.6299 0.0801 0.0288
132 0.1888 0.0995 0.2277 0.4124 0.0717
133 0.1135 0.0637 0.2189 0.5679 0.0363
134 0.1809 0.0578 0.3953 0.2435 0.1224
135 0.0807 0.1121 0.0914 0.1005 0.6152
136 0.1512 0.2915 0.1973 0.1399 0.2201
137 0.0508 0.4668 0.3362 0.1199 0.0265
138 0.1039 0.3252 0.3354 0.1421 0.0932
139 0.0911 0.4812 0.2382 0.1274 0.0621
140 0.0704 0.1294 0.5532 0.2235 0.0234
141 0.1808 0.1131 0.0370 0.2147 0.4543
142 0.0868 0.0129 0.1547 0.7378 0.0077
143 0.1123 0.0881 0.0902 0.6772 0.0322
144 0.1031 0.1727 0.6074 0.1133 0.0032
145 0.2045 0.1763 0.1819 0.3616 0.0758
146 0.1453 0.1262 0.1837 0.5073 0.0376
147 0.0948 0.2070 0.2576 0.4348 0.0056
148 0.1136 0.2224 0.5908 0.0627 0.0106
149 0.0635 0.1343 0.0916 0.7036 0.0068
150 0.1153 0.5010 0.1199 0.2347 0.0292
151 0.2900 0.1917 0.1470 0.0722 0.2993
152 0.2498 0.0562 0.1296 0.0598 0.5044
153 0.1337 0.0444 0.2742 0.1025 0.4451
154 0.0889 0.0561 0.1636 0.0447 0.6470
155 0.1169 0.0602 0.0227 0.0255 0.7749
156 0.1420 0.1633 0.5356 0.1262 0.0327
157 0.1735 0.1748 0.1748 0.4644 0.0126
158 0.0781 0.0701 0.1628 0.6748 0.0140
159 0.0805 0.1718 0.2104 0.5293 0.0081
160 0.1118 0.4709 0.1565 0.2500 0.0107
161 0.4214 0.1326 0.3386 0.0395 0.0677
162 0.4114 0.2345 0.2742 0.0216 0.0583
163 0.3030 0.2632 0.1713 0.0610 0.2018
164 0.2742 0.2185 0.2327 0.0693 0.2053
165 0.2264 0.2212 0.1241 0.0339 0.3943
166 0.1127 0.4819 0.0995 0.2769 0.0289
167 0.2094 0.4131 0.2668 0.0275 0.0833
168 0.2625 0.3069 0.2883 0.1086 0.0336
169 0.0284 0.2267 0.5786 0.1633 0.0028
170 0.1671 0.1685 0.3274 0.2756 0.0615
171 0.1998 0.4365 0.2393 0.0624 0.0619
172 0.3894 0.1537 0.2939 0.1433 0.0197
173 0.6040 0.1552 0.1614 0.0678 0.0115
174 0.1221 0.6299 0.0951 0.0664 0.0866
175 0.0724 0.4912 0.2756 0.1149 0.0461
176 0.0847 0.1909 0.3247 0.3738 0.0258
177 0.4980 0.0966 0.2466 0.0826 0.0764
178 0.4993 0.0708 0.2510 0.1571 0.0219
179 0.2600 0.1887 0.4353 0.0956 0.0202
180 0.2856 0.2313 0.3813 0.0844 0.0172
181 0.5010 0.1564 0.3184 0.0129 0.0114
182 0.1658 0.1765 0.2527 0.3977 0.0073
183 0.2379 0.2937 0.1926 0.2571 0.0186
184 0.3047 0.2372 0.2300 0.2062 0.0221
185 0.3091 0.1483 0.3091 0.2158 0.0174
186 0.1243 0.0337 0.2114 0.6021 0.0284
187 0.1043 0.1449 0.4324 0.2927 0.0258
188 0.2515 0.2739 0.1335 0.3357 0.0056
189 0.1505 0.1003 0.3391 0.3784 0.0316
190 0.2100 0.0370 0.1039 0.6367 0.0123
191 0.2146 0.1969 0.1079 0.4724 0.0080
192 0.1243 0.0295 0.1014 0.7378 0.0071
193 0.1150 0.0656 0.0953 0.7153 0.0086
194 0.2458 0.1538 0.3013 0.2421 0.0570
195 0.4150 0.0823 0.1135 0.3779 0.0114
196 0.0935 0.0800 0.3530 0.4531 0.0204
197 0.2048 0.1030 0.3027 0.3484 0.0410
198 0.1548 0.0698 0.3486 0.4077 0.0191
199 0.3259 0.2172 0.2040 0.2275 0.0253
200 0.2546 0.1122 0.1864 0.4333 0.0134
201 0.1732 0.0928 0.3967 0.2727 0.0648
202 0.1469 0.1613 0.1613 0.5205 0.0098
203 0.1182 0.0652 0.1163 0.6904 0.0098
204 0.0707 0.1260 0.3589 0.4329 0.0118
205 0.1875 0.0746 0.2407 0.4788 0.0184
206 0.0907 0.2686 0.4097 0.2043 0.0266
207 0.3306 0.1526 0.3806 0.0993 0.0368
208 0.1648 0.2288 0.2632 0.3381 0.0053
209 0.0859 0.0929 0.2605 0.5181 0.0425
210 0.1042 0.2747 0.2664 0.3472 0.0075
211 0.4189 0.0972 0.1719 0.2705 0.0415
212 0.1405 0.0950 0.1472 0.6104 0.0070
213 0.1624 0.0876 0.2085 0.5161 0.0255
214 0.1654 0.0581 0.4224 0.3447 0.0093
215 0.1804 0.1165 0.2045 0.4829 0.0158
216 0.2323 0.2937 0.3030 0.1584 0.0128
217 0.2380 0.0797 0.4661 0.1610 0.0552
218 0.0900 0.0390 0.1846 0.6748 0.0115
219 0.0814 0.0457 0.3650 0.4836 0.0243
220 0.2494 0.0715 0.1913 0.4661 0.0220
221 0.2551 0.0748 0.3655 0.2937 0.0109
222 0.1766 0.1940 0.3486 0.2673 0.0134
223 0.0576 0.0613 0.1279 0.7476 0.0057
224 0.1409 0.0277 0.1344 0.6934 0.0039
225 0.1383 0.0576 0.1891 0.5913 0.0235
226 0.1650 0.3157 0.3809 0.1237 0.0147
227 0.1050 0.0864 0.4561 0.3364 0.0161
228 0.1830 0.0500 0.4124 0.1979 0.1566
229 0.0694 0.1843 0.4561 0.2854 0.0048
230 0.2261 0.3394 0.3447 0.0845 0.0054
231 0.1866 0.1866 0.2981 0.3174 0.0112
232 0.2146 0.2080 0.3738 0.1030 0.1006
233 0.0776 0.2194 0.6060 0.0746 0.0226
234 0.1625 0.1368 0.3662 0.2477 0.0870
235 0.0968 0.5884 0.0742 0.2322 0.0083
236 0.0821 0.1954 0.4333 0.2798 0.0092
237 0.1119 0.1267 0.3088 0.4424 0.0102
238 0.0717 0.5859 0.0979 0.2156 0.0289
239 0.1384 0.0937 0.1321 0.6206 0.0153
240 0.1021 0.0859 0.2688 0.5347 0.0083
241 0.1881 0.1023 0.5273 0.1334 0.0487
242 0.2642 0.2561 0.4028 0.0700 0.0068
243 0.4741 0.0458 0.1771 0.2764 0.0265
244 0.1301 0.2338 0.2734 0.3003 0.0624
245 0.4160 0.0928 0.1720 0.2502 0.0690
246 0.1305 0.0480 0.0667 0.6841 0.0710
247 0.2123 0.1307 0.3611 0.2332 0.0627
248 0.3516 0.0709 0.0822 0.4768 0.0188
249 0.5928 0.1686 0.0815 0.1252 0.0319
250 0.2659 0.2007 0.2830 0.2421 0.0085
251 0.1543 0.2076 0.2793 0.3533 0.0056
252 0.1050 0.0844 0.1963 0.5767 0.0374
253 0.2659 0.3633 0.1689 0.1663 0.0357
254 0.4568 0.1875 0.2502 0.0886 0.0170
255 0.0554 0.1437 0.2947 0.4937 0.0126
256 0.0403 0.2549 0.5654 0.0645 0.0748
257 0.0805 0.3184 0.3135 0.1829 0.1050
258 0.1071 0.3149 0.3682 0.1195 0.0902
259 0.1782 0.2167 0.3330 0.2325 0.0395
260 0.0602 0.0773 0.3059 0.5454 0.0110
261 0.0850 0.1743 0.4812 0.2439 0.0156
262 0.0948 0.0462 0.0371 0.8193 0.0027
263 0.0179 0.0411 0.7168 0.2053 0.0191
264 0.0547 0.2377 0.2197 0.3567 0.1312
265 0.1578 0.2191 0.2058 0.4028 0.0145
266 0.0516 0.2812 0.5596 0.1019 0.0056
267 0.2067 0.0527 0.1560 0.5620 0.0227
268 0.0226 0.0309 0.0526 0.0173 0.8765
269 0.0301 0.3140 0.0701 0.0435 0.5425
270 0.0130 0.3091 0.0728 0.1191 0.4861
271 0.1968 0.1157 0.1632 0.4436 0.0807
272 0.1705 0.3210 0.1219 0.3696 0.0169
273 0.1553 0.3162 0.2106 0.1627 0.1553
274 0.1006 0.2032 0.0931 0.3799 0.2233
275 0.0978 0.1236 0.2617 0.4966 0.0203
276 0.0148 0.3875 0.2388 0.2140 0.1448
277 0.0261 0.4663 0.3689 0.0955 0.0430
278 0.0864 0.1360 0.2313 0.3875 0.1589
279 0.0339 0.0696 0.3267 0.5474 0.0226
280 0.1423 0.3635 0.2188 0.2274 0.0480
281 0.1652 0.4319 0.1208 0.2480 0.0341
282 0.1471 0.2388 0.0787 0.4824 0.0529
283 0.1052 0.2949 0.4714 0.1230 0.0053
284 0.1119 0.1482 0.2332 0.4424 0.0643
285 0.4905 0.2159 0.1270 0.1147 0.0517
286 0.0994 0.0500 0.1359 0.6792 0.0354
287 0.4644 0.0633 0.0928 0.2859 0.0936
288 0.5981 0.0379 0.0743 0.2695 0.0203
289 0.5024 0.0385 0.1241 0.3193 0.0155
290 0.2303 0.0088 0.1738 0.5791 0.0079
291 0.2498 0.1236 0.1041 0.4451 0.0773
