time exciting_prob fearful_prob tense_prob sad_prob relaxing_prob
0 0.2037 0.2830 0.2496 0.2310 0.0327
1 0.1129 0.2666 0.4465 0.1567 0.0169
2 0.1205 0.1523 0.2593 0.3599 0.1080
3 0.0845 0.1052 0.3560 0.3970 0.0572
4 0.0840 0.1132 0.4839 0.2671 0.0518
5 0.1185 0.0867 0.1545 0.5737 0.0665
6 0.1200 0.1182 0.1802 0.4897 0.0920
7 0.1093 0.2025 0.2559 0.1993 0.2330
8 0.1050 0.0462 0.1653 0.3391 0.3445
9 0.0533 0.0308 0.0935 0.0633 0.7593
10 0.0581 0.0381 0.0701 0.0806 0.7529
11 0.1152 0.0598 0.1116 0.1422 0.5713
12 0.1044 0.1567 0.6704 0.0559 0.0125
13 0.0681 0.1910 0.5278 0.1740 0.0391
14 0.1305 0.1757 0.4417 0.2119 0.0404
15 0.1009 0.1456 0.6133 0.1083 0.0318
16 0.1063 0.2394 0.4072 0.1865 0.0605
17 0.0778 0.3276 0.3276 0.1283 0.1387
18 0.1004 0.1531 0.1997 0.1372 0.4097
19 0.1478 0.2457 0.3010 0.2135 0.0918
20 0.1121 0.2266 0.3120 0.1005 0.2488
21 0.0706 0.1221 0.2793 0.4607 0.0674
22 0.0609 0.1951 0.3701 0.2927 0.0813
23 0.0209 0.0416 0.3430 0.5835 0.0112
24 0.0598 0.2922 0.5210 0.1002 0.0268
25 0.0848 0.1941 0.3516 0.3516 0.0181
26 0.0637 0.2478 0.3899 0.2764 0.0222
27 0.1260 0.2125 0.3672 0.0339 0.2605
28 0.1840 0.1729 0.3774 0.2515 0.0141
29 0.0599 0.2350 0.3696 0.0452 0.2903
30 0.1282 0.2321 0.4580 0.0443 0.1375
31 0.0935 0.2603 0.4094 0.0246 0.2124
32 0.0673 0.1470 0.2275 0.1127 0.4456
33 0.0365 0.1490 0.3308 0.0455 0.4382
34 0.1350 0.2622 0.2058 0.0497 0.3474
35 0.1920 0.0707 0.2544 0.1183 0.3645
36 0.0574 0.0592 0.0992 0.7104 0.0737
37 0.0677 0.1390 0.4629 0.1117 0.2186
38 0.0475 0.4067 0.1722 0.2625 0.1111
39 0.2437 0.2361 0.2117 0.2184 0.0903
40 0.1047 0.2198 0.5195 0.0945 0.0616
41 0.0798 0.2495 0.5449 0.0338 0.0918
42 0.0489 0.2242 0.4746 0.0831 0.1692
43 0.0551 0.1863 0.0654 0.0224 0.6709
44 0.0664 0.0880 0.7139 0.1221 0.0099
45 0.1449 0.4827 0.2749 0.0628 0.0347
46 0.1523 0.4272 0.2131 0.1768 0.0305
47 0.0805 0.4421 0.2258 0.2312 0.0204
48 0.2583 0.3970 0.2142 0.0149 0.1155
49 0.2539 0.3994 0.2330 0.0119 0.1018
50 0.2581 0.4155 0.2542 0.0173 0.0549
51 0.3174 0.3325 0.1925 0.0223 0.1354
52 0.2654 0.4307 0.1454 0.0506 0.1080
53 0.3367 0.3640 0.1747 0.0781 0.0466
54 0.4343 0.2761 0.1957 0.0280 0.0661
55 0.0768 0.3965 0.4858 0.0173 0.0236
56 0.4612 0.1373 0.2754 0.0894 0.0367
57 0.4641 0.1567 0.3069 0.0260 0.0463
58 0.4595 0.0532 0.2440 0.2039 0.0395
59 0.4446 0.1912 0.2019 0.0947 0.0676
60 0.3191 0.1818 0.3616 0.0893 0.0482
61 0.4277 0.0646 0.3545 0.1197 0.0335
62 0.6353 0.0753 0.1670 0.0696 0.0529
63 0.1971 0.2286 0.1334 0.1159 0.3250
64 0.1899 0.1091 0.4084 0.2363 0.0562
65 0.5137 0.1110 0.1904 0.1288 0.0563
66 0.2314 0.0728 0.2465 0.3213 0.1278
67 0.0405 0.3447 0.4861 0.1210 0.0079
68 0.5776 0.1250 0.2013 0.0609 0.0350
69 0.3440 0.2920 0.2898 0.0469 0.0274
70 0.0467 0.4866 0.3909 0.0140 0.0619
71 0.0267 0.0447 0.1215 0.7798 0.0271
72 0.1299 0.6748 0.1191 0.0516 0.0244
73 0.1098 0.4143 0.2512 0.1455 0.0791
74 0.5259 0.0812 0.3291 0.0341 0.0299
75 0.2590 0.2778 0.3857 0.0298 0.0475
76 0.1390 0.3013 0.2478 0.2119 0.1001
77 0.3152 0.0931 0.3408 0.1824 0.0687
78 0.3533 0.2280 0.1472 0.1981 0.0734
79 0.1858 0.0837 0.5293 0.1829 0.0185
80 0.2874 0.1743 0.2830 0.2102 0.0451
81 0.3557 0.1860 0.3369 0.0914 0.0299
82 0.2910 0.2128 0.1606 0.1737 0.1619
83 0.3022 0.3506 0.3069 0.0183 0.0219
84 0.3240 0.1146 0.4160 0.1299 0.0155
85 0.4927 0.1703 0.2700 0.0317 0.0352
86 0.5938 0.0977 0.1742 0.0977 0.0368
87 0.3867 0.2102 0.3521 0.0169 0.0341
88 0.6470 0.1478 0.1335 0.0097 0.0621
89 0.1556 0.5103 0.1342 0.1722 0.0279
90 0.0989 0.3374 0.3120 0.0624 0.1892
91 0.1284 0.5000 0.2438 0.0089 0.1188
92 0.1625 0.1295 0.3464 0.0359 0.3254
93 0.1224 0.1465 0.1768 0.0351 0.5195
94 0.1282 0.2303 0.4727 0.1252 0.0436
95 0.1219 0.1248 0.2561 0.0512 0.4460
96 0.0826 0.1289 0.2646 0.0372 0.4866
97 0.1332 0.1321 0.4102 0.0555 0.2690
98 0.0637 0.0392 0.1575 0.0970 0.6426
99 0.1367 0.1755 0.5117 0.0969 0.0791
100 0.1058 0.0994 0.1503 0.0593 0.5854
101 0.0825 0.1110 0.2878 0.1719 0.3472
102 0.1256 0.1718 0.6089 0.0240 0.0699
103 0.0826 0.1078 0.4756 0.0629 0.2710
104 0.0931 0.3225 0.4011 0.0665 0.1168
105 0.1797 0.1444 0.4243 0.1586 0.0932
106 0.1519 0.1630 0.5220 0.0734 0.0900
107 0.0993 0.1515 0.6133 0.0963 0.0398
108 0.1215 0.0606 0.4656 0.3301 0.0221
109 0.1422 0.1066 0.6787 0.0469 0.0255
110 0.0848 0.0327 0.2201 0.6074 0.0548
111 0.1490 0.1649 0.6079 0.0289 0.0491
112 0.1542 0.1298 0.5957 0.0781 0.0425
113 0.3164 0.2141 0.4033 0.0406 0.0256
114 0.1153 0.1370 0.3184 0.4023 0.0270
115 0.2063 0.1354 0.5835 0.0502 0.0248
116 0.2434 0.1896 0.4727 0.0708 0.0235
117 0.0590 0.1270 0.7192 0.0718 0.0233
118 0.0977 0.0797 0.7329 0.0743 0.0157
119 0.1243 0.0436 0.0267 0.0953 0.7100
120 0.1758 0.1401 0.5166 0.1306 0.0366
121 0.1515 0.4893 0.1842 0.1469 0.0282
122 0.1962 0.3235 0.3208 0.1042 0.0553
123 0.2450 0.2266 0.3823 0.0959 0.0502
124 0.2556 0.1171 0.4216 0.1469 0.0589
125 0.1112 0.0664 0.4719 0.3245 0.0260
126 0.2188 0.1991 0.4248 0.0941 0.0632
127 0.2084 0.3057 0.0404 0.0797 0.3657
128 0.1604 0.1201 0.3787 0.2771 0.0638
129 0.0537 0.1136 0.4565 0.3611 0.0149
130 0.1740 0.2632 0.3459 0.0803 0.1366
131 0.1667 0.2407 0.3503 0.1494 0.0928
132 0.2367 0.1317 0.4858 0.0180 0.1277
133 0.1494 0.2502 0.4192 0.0590 0.1220
134 0.1941 0.1912 0.4045 0.0401 0.1700
135 0.1890 0.3877 0.3315 0.0349 0.0567
136 0.0176 0.0098 0.0063 0.0044 0.9619
137 0.0459 0.0326 0.0190 0.0819 0.8208
138 0.1193 0.0929 0.2605 0.5024 0.0250
139 0.0800 0.0633 0.1803 0.6392 0.0372
140 0.1161 0.0641 0.4053 0.2457 0.1689
141 0.1061 0.3169 0.3706 0.1892 0.0172
142 0.0576 0.5010 0.3186 0.0781 0.0448
143 0.1198 0.2678 0.3689 0.0677 0.1757
144 0.0649 0.4231 0.3145 0.0573 0.1406
145 0.0693 0.0511 0.0296 0.0253 0.8247
146 0.0609 0.0880 0.0331 0.0403 0.7778
147 0.0581 0.2448 0.5781 0.0846 0.0347
148 0.1368 0.2458 0.4888 0.0883 0.0401
149 0.1037 0.1037 0.2566 0.3096 0.2264
150 0.0701 0.2815 0.3728 0.1964 0.0793
151 0.0698 0.1699 0.1912 0.0075 0.5615
152 0.0621 0.1335 0.3411 0.4050 0.0583
153 0.0585 0.5171 0.2600 0.0161 0.1482
154 0.1986 0.0440 0.1453 0.5234 0.0888
155 0.1426 0.3340 0.2190 0.1229 0.1816
156 0.0633 0.1111 0.3816 0.3699 0.0740
157 0.0602 0.3057 0.2495 0.1610 0.2236
158 0.0185 0.3442 0.2681 0.0884 0.2810
159 0.0667 0.1481 0.5088 0.2479 0.0287
160 0.0309 0.4260 0.3530 0.0463 0.1438
161 0.3105 0.2345 0.2576 0.0584 0.1389
162 0.0506 0.1106 0.2166 0.5884 0.0337
163 0.0463 0.0403 0.1951 0.5732 0.1450
164 0.1648 0.0578 0.2512 0.4768 0.0495
165 0.1287 0.0357 0.1527 0.1153 0.5674
166 0.2368 0.2156 0.4092 0.0864 0.0520
167 0.1974 0.5322 0.2253 0.0312 0.0139
168 0.1221 0.2585 0.5430 0.0521 0.0244
169 0.2568 0.2063 0.3679 0.1375 0.0316
170 0.3181 0.1316 0.4849 0.0287 0.0368
171 0.3003 0.1440 0.5068 0.0189 0.0302
172 0.1967 0.2354 0.5220 0.0173 0.0288
173 0.2878 0.1829 0.4563 0.0448 0.0283
174 0.2023 0.3335 0.4417 0.0106 0.0120
175 0.1772 0.3015 0.4563 0.0532 0.0116
176 0.2285 0.3325 0.3740 0.0345 0.0305
177 0.1768 0.4238 0.3684 0.0157 0.0153
178 0.3879 0.1289 0.3760 0.0839 0.0231
179 0.0602 0.3359 0.5205 0.0622 0.0211
180 0.3035 0.1305 0.3838 0.1445 0.0377
181 0.2054 0.0437 0.3132 0.2478 0.1899
182 0.1975 0.1217 0.4966 0.1423 0.0417
183 0.1606 0.4365 0.3481 0.0373 0.0173
184 0.1539 0.0377 0.3015 0.4744 0.0325
185 0.1853 0.4016 0.3894 0.0152 0.0085
186 0.0578 0.1740 0.7095 0.0300 0.0286
187 0.2026 0.2351 0.5137 0.0316 0.0170
188 0.3833 0.1274 0.3894 0.0797 0.0202
189 0.2991 0.3870 0.2876 0.0161 0.0104
190 0.3604 0.4053 0.2102 0.0162 0.0079
191 0.2186 0.1975 0.5327 0.0398 0.0111
192 0.1621 0.1177 0.6514 0.0530 0.0159
193 0.2144 0.2839 0.4539 0.0326 0.0152
194 0.2524 0.2773 0.4004 0.0309 0.0390
195 0.2463 0.3289 0.3728 0.0339 0.0181
196 0.1737 0.1005 0.6558 0.0409 0.0293
197 0.0567 0.1919 0.6802 0.0252 0.0459
198 0.1379 0.3037 0.3779 0.1527 0.0276
199 0.1504 0.1528 0.1843 0.0492 0.4634
200 0.0984 0.1610 0.2084 0.0910 0.4412
201 0.1195 0.4204 0.3889 0.0327 0.0385
202 0.1670 0.0937 0.2886 0.4070 0.0436
203 0.1729 0.2656 0.1913 0.0548 0.3154
204 0.0902 0.2756 0.4990 0.1223 0.0127
205 0.0848 0.2512 0.5151 0.1366 0.0121
206 0.0281 0.6758 0.2563 0.0192 0.0207
207 0.1471 0.2683 0.1918 0.0287 0.3640
208 0.0377 0.7344 0.1588 0.0484 0.0208
209 0.0750 0.3926 0.2637 0.0249 0.2438
210 0.0613 0.2424 0.5293 0.1615 0.0055
211 0.4607 0.2061 0.1721 0.1472 0.0137
212 0.0576 0.3318 0.3020 0.0542 0.2544
213 0.1320 0.1060 0.0988 0.1035 0.5596
214 0.2600 0.0485 0.5088 0.0927 0.0898
215 0.0941 0.2900 0.4421 0.1287 0.0452
216 0.1382 0.4390 0.2993 0.0838 0.0396
217 0.1971 0.0992 0.4375 0.1465 0.1196
218 0.2520 0.3667 0.1209 0.2405 0.0199
219 0.3604 0.3716 0.1537 0.0992 0.0151
220 0.1361 0.3318 0.3164 0.1996 0.0160
221 0.0497 0.0701 0.1139 0.7310 0.0353
222 0.1951 0.0800 0.4001 0.2583 0.0663
223 0.0795 0.0873 0.2820 0.5352 0.0160
224 0.3633 0.2006 0.1929 0.1885 0.0548
225 0.3196 0.2451 0.2957 0.1079 0.0316
226 0.1796 0.3008 0.1443 0.3354 0.0401
227 0.1947 0.3113 0.1200 0.3418 0.0323
228 0.0789 0.2145 0.3220 0.1301 0.2546
229 0.1541 0.1887 0.1381 0.3525 0.1665
230 0.1156 0.2126 0.2062 0.3674 0.0981
231 0.1007 0.0714 0.1536 0.5796 0.0946
232 0.0408 0.0421 0.1359 0.7578 0.0236
233 0.1591 0.0751 0.0775 0.4604 0.2279
234 0.1154 0.0793 0.0885 0.2156 0.5015
235 0.0755 0.2678 0.3491 0.1869 0.1207
236 0.0678 0.2922 0.1516 0.2423 0.2461
237 0.0651 0.3838 0.2517 0.2054 0.0941
238 0.1827 0.1676 0.2637 0.2742 0.1117
239 0.0675 0.4651 0.2866 0.0151 0.1658
240 0.1128 0.2791 0.3018 0.2463 0.0599
241 0.3022 0.0765 0.1863 0.3762 0.0586
242 0.2825 0.1324 0.3008 0.2035 0.0809
243 0.2031 0.1290 0.1353 0.4795 0.0530
244 0.2031 0.1290 0.1353 0.4795 0.0530
245 0.2037 0.2830 0.2496 0.2310 0.0327
246 0.1825 0.5039 0.0955 0.1514 0.0667
247 0.2764 0.4851 0.0830 0.0768 0.0786
248 0.3904 0.4155 0.0717 0.0492 0.0734
249 0.4011 0.4011 0.0759 0.0506 0.0714
250 0.4009 0.4009 0.0753 0.0506 0.0724
251 0.3508 0.4368 0.0759 0.0582 0.0783
252 0.2025 0.5249 0.0927 0.1075 0.0722
253 0.2190 0.4858 0.0851 0.1565 0.0536
254 0.4714 0.2771 0.0928 0.1508 0.0077
255 0.4714 0.2771 0.0928 0.1508 0.0077
256 0.4714 0.2771 0.0928 0.1508 0.0077
257 0.4714 0.2771 0.0928 0.1508 0.0077
258 0.4714 0.2771 0.0928 0.1508 0.0077
259 0.4714 0.2771 0.0928 0.1508 0.0077
260 0.4714 0.2771 0.0928 0.1508 0.0077
261 0.4714 0.2771 0.0928 0.1508 0.0077
262 0.4714 0.2771 0.0928 0.1508 0.0077
263 0.4714 0.2771 0.0928 0.1508 0.0077
264 0.4714 0.2771 0.0928 0.1508 0.0077
265 0.4714 0.2771 0.0928 0.1508 0.0077
266 0.4714 0.2771 0.0928 0.1508 0.0077
267 0.4714 0.2771 0.0928 0.1508 0.0077
268 0.4714 0.2771 0.0928 0.1508 0.0077
