time exciting_prob fearful_prob tense_prob sad_prob relaxing_prob
0 0.2037 0.2830 0.2496 0.2310 0.0327
1 0.1560 0.1196 0.0803 0.6362 0.0077
2 0.1686 0.1333 0.0867 0.6021 0.0093
3 0.1401 0.2040 0.1144 0.5371 0.0041
4 0.1382 0.2971 0.1720 0.3877 0.0050
5 0.1090 0.2698 0.1125 0.5044 0.0045
6 0.0980 0.2837 0.1240 0.4902 0.0040
7 0.0948 0.3525 0.1025 0.4456 0.0046
8 0.0478 0.1494 0.5815 0.2140 0.0072
9 0.0517 0.2727 0.1229 0.5508 0.0017
10 0.0450 0.2634 0.1324 0.5576 0.0018
11 0.0253 0.1434 0.4214 0.4084 0.0015
12 0.0114 0.1362 0.3269 0.5225 0.0031
13 0.0623 0.0966 0.3586 0.4751 0.0072
14 0.0378 0.2369 0.3188 0.3967 0.0096
15 0.0215 0.2742 0.6377 0.0662 0.0004
16 0.0789 0.2126 0.2795 0.4067 0.0222
17 0.0816 0.1525 0.5161 0.2400 0.0100
18 0.1289 0.1997 0.3291 0.3345 0.0079
19 0.0874 0.1131 0.3826 0.3948 0.0221
20 0.0903 0.0606 0.1477 0.6992 0.0024
21 0.0156 0.2048 0.2632 0.5151 0.0014
22 0.0326 0.2355 0.6504 0.0801 0.0015
23 0.0698 0.2020 0.3230 0.3958 0.0095
24 0.0214 0.1484 0.5776 0.2446 0.0079
25 0.0117 0.1100 0.4353 0.4353 0.0077
26 0.0180 0.2524 0.6548 0.0740 0.0006
27 0.0334 0.1985 0.5483 0.2180 0.0019
28 0.0128 0.2864 0.5435 0.1556 0.0020
29 0.0214 0.3503 0.5430 0.0845 0.0009
30 0.0107 0.3462 0.4958 0.1466 0.0006
31 0.0710 0.2155 0.5503 0.1626 0.0005
32 0.0038 0.2303 0.7437 0.0216 0.0005
33 0.0837 0.0898 0.2725 0.5503 0.0039
34 0.0325 0.0520 0.3445 0.5679 0.0031
35 0.0480 0.1813 0.4929 0.2722 0.0056
36 0.0284 0.2742 0.5801 0.1161 0.0011
37 0.0318 0.1372 0.4788 0.3503 0.0019
38 0.0252 0.0833 0.8408 0.0505 0.0003
39 0.0599 0.2010 0.5815 0.1542 0.0033
40 0.0127 0.1802 0.6904 0.1145 0.0020
41 0.0552 0.0940 0.4849 0.3604 0.0057
42 0.0432 0.0950 0.5728 0.2837 0.0054
43 0.0430 0.1837 0.5073 0.2632 0.0028
44 0.2959 0.0267 0.3982 0.2532 0.0263
45 0.0860 0.2146 0.6260 0.0707 0.0029
46 0.0249 0.0318 0.8066 0.1338 0.0030
47 0.0284 0.2695 0.4514 0.2493 0.0013
48 0.0332 0.1536 0.4656 0.3301 0.0176
49 0.0365 0.1355 0.5361 0.2913 0.0007
50 0.0370 0.0660 0.5356 0.3569 0.0044
51 0.0281 0.1110 0.7017 0.1589 0.0005
52 0.2251 0.0778 0.5234 0.1465 0.0275
53 0.0859 0.1763 0.3044 0.4294 0.0040
54 0.0521 0.1616 0.5820 0.2012 0.0030
55 0.0392 0.3386 0.5586 0.0617 0.0020
56 0.0639 0.0670 0.6558 0.2096 0.0037
57 0.0484 0.1125 0.6377 0.2007 0.0007
58 0.0800 0.1085 0.6650 0.1405 0.0060
59 0.0883 0.0444 0.4148 0.4280 0.0243
60 0.0210 0.0398 0.7061 0.2292 0.0039
61 0.1025 0.1490 0.5205 0.1914 0.0365
62 0.0099 0.1593 0.3882 0.4399 0.0024
63 0.0480 0.0469 0.7393 0.1649 0.0012
64 0.1031 0.0451 0.6943 0.1324 0.0251
65 0.0086 0.1351 0.7656 0.0886 0.0020
66 0.0637 0.0689 0.5679 0.2947 0.0048
67 0.0784 0.1158 0.6260 0.1633 0.0167
68 0.1368 0.0553 0.4778 0.3259 0.0042
69 0.0283 0.0405 0.4158 0.5093 0.0062
70 0.0597 0.0487 0.4697 0.4146 0.0074
71 0.1083 0.1287 0.2441 0.4854 0.0335
72 0.0229 0.1083 0.5854 0.2810 0.0024
73 0.0380 0.0646 0.8252 0.0710 0.0014
74 0.0109 0.1383 0.5469 0.3020 0.0019
75 0.0157 0.0490 0.3982 0.5356 0.0014
76 0.0309 0.0951 0.7959 0.0696 0.0084
77 0.0301 0.4258 0.2502 0.2837 0.0100
78 0.0343 0.2717 0.4014 0.2891 0.0035
79 0.0364 0.0426 0.1658 0.7314 0.0239
80 0.0942 0.1035 0.4221 0.3726 0.0077
81 0.0794 0.0352 0.3503 0.5020 0.0331
82 0.0754 0.0698 0.1753 0.6514 0.0282
83 0.1082 0.4019 0.3081 0.1688 0.0133
84 0.1548 0.3406 0.1866 0.2915 0.0265
85 0.1676 0.4485 0.1730 0.2006 0.0104
86 0.2014 0.5103 0.1384 0.1332 0.0167
87 0.1704 0.5547 0.1307 0.1338 0.0106
88 0.1925 0.3860 0.2673 0.1376 0.0167
89 0.1764 0.4263 0.1936 0.1921 0.0115
90 0.1332 0.4612 0.2754 0.1223 0.0078
91 0.1283 0.4917 0.2825 0.0868 0.0109
92 0.1401 0.4219 0.2944 0.1296 0.0139
93 0.1549 0.4243 0.3411 0.0682 0.0115
94 0.1454 0.4514 0.2983 0.0917 0.0130
95 0.1031 0.4377 0.3574 0.0883 0.0134
96 0.1371 0.4565 0.3137 0.0831 0.0094
97 0.1707 0.4976 0.2010 0.1146 0.0163
98 0.1332 0.5391 0.2319 0.0867 0.0091
99 0.1179 0.5244 0.2742 0.0767 0.0071
100 0.0681 0.5435 0.2230 0.1582 0.0073
101 0.1136 0.5952 0.1705 0.1084 0.0121
102 0.1131 0.5610 0.1510 0.1633 0.0116
103 0.0901 0.4651 0.2001 0.2357 0.0090
104 0.1036 0.4792 0.2524 0.1580 0.0067
105 0.1008 0.4346 0.1959 0.2534 0.0152
106 0.1050 0.4121 0.2681 0.2072 0.0077
107 0.1164 0.3501 0.2058 0.3140 0.0137
108 0.1760 0.2260 0.2482 0.3391 0.0107
109 0.1711 0.3196 0.2031 0.2979 0.0082
110 0.1594 0.1545 0.1385 0.5308 0.0167
111 0.1577 0.2947 0.2482 0.2812 0.0181
112 0.1633 0.3708 0.2590 0.1865 0.0203
113 0.1818 0.1192 0.3789 0.2998 0.0204
114 0.3169 0.0311 0.1395 0.4758 0.0367
115 0.0505 0.1070 0.0497 0.6655 0.1271
116 0.0299 0.0846 0.0735 0.7661 0.0460
117 0.0358 0.1937 0.0724 0.6870 0.0113
118 0.0452 0.0957 0.1035 0.6538 0.1019
119 0.0402 0.3699 0.1201 0.4126 0.0572
120 0.0487 0.2651 0.1233 0.4653 0.0975
121 0.0569 0.2472 0.3889 0.1808 0.1262
122 0.0709 0.2781 0.1420 0.3625 0.1465
123 0.0399 0.3840 0.1992 0.3552 0.0217
124 0.0189 0.2551 0.2634 0.4551 0.0075
125 0.0681 0.4270 0.0703 0.2358 0.1986
126 0.0754 0.5195 0.0522 0.2491 0.1039
127 0.0362 0.4583 0.1488 0.2651 0.0917
128 0.0261 0.2400 0.1367 0.5581 0.0392
129 0.0637 0.2769 0.1680 0.4495 0.0421
130 0.1370 0.1228 0.1602 0.2190 0.3611
131 0.2422 0.1492 0.1083 0.2384 0.2620
132 0.0207 0.5308 0.1724 0.2710 0.0051
133 0.0221 0.4070 0.2047 0.3594 0.0068
134 0.1091 0.2363 0.4346 0.2053 0.0146
135 0.0483 0.1442 0.6562 0.1487 0.0027
136 0.0170 0.1870 0.2942 0.5005 0.0012
137 0.0385 0.4304 0.2693 0.2571 0.0049
138 0.0346 0.2703 0.4456 0.2460 0.0038
139 0.0121 0.1440 0.2822 0.5610 0.0007
140 0.0113 0.2007 0.5371 0.2498 0.0012
141 0.0502 0.2285 0.2632 0.4270 0.0312
142 0.0351 0.1768 0.0760 0.6567 0.0556
143 0.0780 0.1390 0.1991 0.4631 0.1208
144 0.0131 0.1471 0.3315 0.4900 0.0184
145 0.0279 0.1331 0.2485 0.5601 0.0306
146 0.0535 0.0953 0.0348 0.7612 0.0551
147 0.0806 0.1493 0.3694 0.3525 0.0481
148 0.0867 0.1780 0.3430 0.3027 0.0895
149 0.0520 0.2223 0.5586 0.1552 0.0118
150 0.0351 0.1837 0.2715 0.5073 0.0023
151 0.0947 0.0836 0.3254 0.4888 0.0075
152 0.2081 0.0249 0.2632 0.4995 0.0044
153 0.1821 0.0461 0.3457 0.4233 0.0028
154 0.0117 0.3198 0.3149 0.3513 0.0022
155 0.0469 0.1913 0.2344 0.5200 0.0073
156 0.0277 0.1484 0.4365 0.3853 0.0023
157 0.0208 0.1971 0.6772 0.1031 0.0016
158 0.0252 0.3022 0.3589 0.3118 0.0019
159 0.0296 0.1732 0.2444 0.5508 0.0021
160 0.0371 0.1614 0.3110 0.4893 0.0013
161 0.0269 0.0472 0.1753 0.7495 0.0011
162 0.0353 0.2112 0.4136 0.3376 0.0023
163 0.0285 0.4253 0.4819 0.0617 0.0026
164 0.0109 0.4128 0.4678 0.1077 0.0006
165 0.0378 0.3020 0.4678 0.1919 0.0007
166 0.0361 0.3074 0.3948 0.2588 0.0030
167 0.0059 0.3013 0.6089 0.0811 0.0029
168 0.0677 0.4019 0.3958 0.1265 0.0081
169 0.1053 0.0770 0.2690 0.5347 0.0138
170 0.0560 0.1205 0.4619 0.3599 0.0017
171 0.0394 0.3406 0.5615 0.0574 0.0009
172 0.0468 0.0300 0.2695 0.6470 0.0068
173 0.0385 0.1304 0.4343 0.3955 0.0014
174 0.0576 0.0613 0.2859 0.5864 0.0084
175 0.0892 0.2106 0.4529 0.2386 0.0089
176 0.0370 0.0591 0.2064 0.6875 0.0098
177 0.0599 0.2561 0.3340 0.3394 0.0107
178 0.0221 0.1223 0.7373 0.1167 0.0014
179 0.0620 0.4199 0.1385 0.3428 0.0367
180 0.0161 0.0296 0.1246 0.8252 0.0048
181 0.0186 0.4639 0.3728 0.1437 0.0012
182 0.0374 0.0626 0.2937 0.5933 0.0129
183 0.0305 0.1324 0.6519 0.1810 0.0038
184 0.0891 0.1190 0.5127 0.2703 0.0092
185 0.0724 0.1301 0.3564 0.4365 0.0046
186 0.0573 0.1252 0.5791 0.2339 0.0047
187 0.0151 0.3149 0.4373 0.2303 0.0026
188 0.0469 0.1126 0.4055 0.4316 0.0032
189 0.0278 0.1345 0.4995 0.3328 0.0054
190 0.0562 0.2086 0.3662 0.3550 0.0140
191 0.0701 0.0098 0.0060 0.9087 0.0053
192 0.0446 0.0084 0.0049 0.9380 0.0044
193 0.0433 0.0102 0.0037 0.9395 0.0033
194 0.0298 0.0045 0.0034 0.9551 0.0073
195 0.1583 0.1204 0.0216 0.6162 0.0834
196 0.2054 0.2852 0.2478 0.2291 0.0325
197 0.2037 0.2830 0.2496 0.2310 0.0327
198 0.2037 0.2830 0.2496 0.2310 0.0327
