time exciting_prob fearful_prob tense_prob sad_prob relaxing_prob
0 0.2037 0.2830 0.2496 0.2310 0.0327
1 0.0717 0.1919 0.3315 0.1426 0.2622
2 0.0699 0.1348 0.3496 0.1602 0.2854
3 0.0863 0.0811 0.4248 0.2103 0.1975
4 0.0444 0.0234 0.0144 0.5161 0.4019
5 0.1172 0.0481 0.0392 0.3667 0.4287
6 0.0812 0.0421 0.0294 0.4600 0.3872
7 0.0901 0.0506 0.0189 0.4299 0.4104
8 0.1630 0.1580 0.0586 0.4790 0.1416
9 0.1992 0.0811 0.0484 0.4419 0.2292
10 0.1708 0.1655 0.0595 0.3396 0.2646
11 0.4424 0.1732 0.0858 0.2683 0.0301
12 0.2786 0.0993 0.1074 0.4888 0.0259
13 0.1255 0.1255 0.3577 0.1255 0.2659
14 0.0986 0.0971 0.4563 0.0756 0.2725
15 0.0640 0.3955 0.2474 0.2849 0.0083
16 0.0684 0.4751 0.3066 0.1404 0.0095
17 0.0155 0.0922 0.2014 0.6401 0.0509
18 0.2220 0.1526 0.0688 0.3108 0.2458
19 0.1700 0.0924 0.0630 0.4695 0.2051
20 0.0815 0.0587 0.0616 0.2323 0.5659
21 0.0967 0.0479 0.0814 0.2178 0.5562
22 0.0469 0.0343 0.1025 0.2876 0.5288
23 0.0822 0.0531 0.1089 0.1941 0.5615
24 0.0709 0.0191 0.1477 0.1597 0.6025
25 0.0387 0.0419 0.0591 0.2449 0.6157
26 0.1290 0.1462 0.3347 0.3794 0.0107
27 0.0669 0.1790 0.2159 0.5181 0.0202
28 0.0875 0.1420 0.2305 0.4956 0.0447
29 0.2043 0.0402 0.2075 0.4395 0.1085
30 0.1550 0.0993 0.0484 0.6328 0.0646
31 0.0530 0.0990 0.0795 0.7432 0.0254
32 0.1327 0.0683 0.1390 0.6235 0.0366
33 0.0118 0.0060 0.0306 0.0275 0.9238
34 0.0178 0.0075 0.0120 0.0485 0.9141
35 0.1562 0.0727 0.0424 0.6279 0.1009
36 0.1727 0.2067 0.0666 0.4844 0.0698
37 0.1148 0.2047 0.1953 0.3074 0.1779
38 0.1427 0.1694 0.1004 0.4902 0.0973
39 0.2374 0.2030 0.2247 0.3193 0.0154
40 0.0203 0.2120 0.5166 0.1731 0.0780
41 0.0141 0.2437 0.3176 0.3774 0.0472
42 0.1398 0.0742 0.2340 0.5112 0.0407
43 0.1711 0.1766 0.1821 0.4509 0.0192
44 0.1416 0.0958 0.2334 0.4788 0.0505
45 0.0846 0.0573 0.2300 0.6060 0.0224
46 0.0482 0.1184 0.0659 0.7603 0.0072
47 0.1796 0.0515 0.0917 0.3572 0.3201
48 0.1484 0.0859 0.1250 0.2954 0.3452
49 0.0780 0.1458 0.2189 0.5332 0.0242
50 0.1267 0.2123 0.4783 0.1602 0.0226
51 0.0462 0.0811 0.3521 0.4739 0.0469
52 0.0534 0.0719 0.2114 0.5571 0.1063
53 0.1437 0.1437 0.0957 0.2444 0.3726
54 0.0099 0.0068 0.0177 0.0310 0.9346
55 0.2406 0.3447 0.1903 0.2157 0.0088
56 0.0347 0.0224 0.0521 0.1005 0.7900
57 0.0665 0.0697 0.0720 0.0539 0.7378
58 0.1146 0.0839 0.4126 0.2141 0.1748
59 0.0367 0.0587 0.0464 0.4758 0.3823
60 0.0334 0.0944 0.0228 0.6558 0.1937
61 0.2471 0.2935 0.2432 0.2017 0.0147
62 0.2002 0.1583 0.5273 0.0822 0.0319
63 0.0092 0.0908 0.1779 0.7144 0.0078
64 0.0529 0.0375 0.2029 0.6973 0.0096
65 0.3047 0.2607 0.1644 0.2546 0.0155
66 0.1837 0.1925 0.0766 0.5234 0.0239
67 0.1052 0.1426 0.0740 0.6646 0.0137
68 0.1394 0.1630 0.3850 0.2998 0.0128
69 0.4260 0.0463 0.1111 0.3423 0.0740
70 0.1665 0.2240 0.1857 0.3931 0.0308
71 0.0850 0.1447 0.1931 0.5630 0.0142
72 0.2754 0.3591 0.1251 0.0783 0.1619
73 0.2712 0.0730 0.3220 0.2842 0.0498
74 0.0356 0.1302 0.0518 0.7793 0.0030
75 0.1212 0.1580 0.0944 0.6152 0.0114
76 0.0234 0.0766 0.0616 0.8369 0.0016
77 0.1729 0.3206 0.2345 0.2534 0.0187
78 0.2072 0.0187 0.3694 0.3870 0.0178
79 0.2446 0.1735 0.4226 0.1289 0.0304
80 0.2325 0.1000 0.2761 0.3716 0.0197
81 0.1506 0.2408 0.2563 0.2998 0.0525
82 0.2891 0.2473 0.2360 0.2034 0.0243
83 0.1364 0.0321 0.1984 0.5830 0.0501
84 0.2539 0.1600 0.2311 0.2744 0.0805
85 0.3784 0.0197 0.2725 0.3042 0.0252
86 0.0622 0.0408 0.3015 0.5718 0.0236
87 0.0285 0.0396 0.1405 0.7837 0.0073
88 0.1035 0.0326 0.5337 0.3140 0.0161
89 0.1989 0.1039 0.1727 0.4697 0.0548
90 0.1166 0.0937 0.1321 0.6401 0.0173
91 0.1906 0.2688 0.1289 0.3789 0.0329
92 0.1804 0.4829 0.1427 0.1862 0.0079
93 0.3081 0.2308 0.0993 0.2698 0.0918
94 0.2590 0.0991 0.0968 0.3433 0.2018
95 0.1678 0.3237 0.0562 0.0431 0.4092
96 0.1344 0.1262 0.0784 0.0771 0.5840
97 0.4841 0.0709 0.0822 0.1941 0.1687
98 0.3501 0.1653 0.0745 0.2561 0.1541
99 0.1940 0.1420 0.0784 0.5356 0.0502
100 0.1931 0.0884 0.2258 0.4634 0.0292
101 0.4961 0.1727 0.0661 0.0797 0.1853
102 0.6118 0.0778 0.0275 0.0300 0.2529
103 0.5054 0.1035 0.0402 0.0892 0.2620
104 0.1208 0.1602 0.3962 0.3184 0.0042
105 0.2971 0.1392 0.1110 0.4355 0.0173
106 0.1853 0.3103 0.1660 0.3252 0.0133
107 0.2837 0.2389 0.1427 0.3215 0.0131
108 0.0713 0.2488 0.2776 0.3853 0.0173
109 0.1808 0.2214 0.1194 0.2844 0.1940
110 0.0946 0.5488 0.0645 0.1398 0.1523
111 0.3533 0.3142 0.1004 0.1776 0.0546
112 0.3833 0.0882 0.0816 0.3176 0.1294
113 0.5688 0.0943 0.0369 0.2043 0.0958
114 0.1902 0.2600 0.3337 0.1732 0.0428
115 0.3633 0.4148 0.0710 0.1246 0.0263
116 0.3091 0.2603 0.0283 0.1404 0.2622
117 0.2852 0.1171 0.1256 0.2852 0.1870
118 0.2390 0.1519 0.0576 0.1120 0.4395
119 0.0856 0.3384 0.0515 0.1913 0.3333
120 0.0902 0.0382 0.0565 0.1055 0.7095
121 0.2708 0.1340 0.0323 0.5220 0.0409
122 0.2722 0.1730 0.0327 0.5083 0.0137
123 0.1627 0.1093 0.0590 0.5771 0.0920
124 0.1587 0.1650 0.1161 0.3083 0.2517
125 0.2389 0.1299 0.0550 0.5342 0.0418
126 0.0308 0.1329 0.4158 0.4158 0.0048
127 0.1562 0.5625 0.1945 0.0727 0.0139
128 0.2330 0.2156 0.0728 0.4253 0.0533
129 0.2484 0.0794 0.3970 0.1996 0.0757
130 0.3535 0.1619 0.2319 0.2283 0.0242
131 0.1648 0.0896 0.1421 0.5034 0.1000
132 0.4395 0.2059 0.1694 0.1604 0.0250
133 0.1766 0.1823 0.1851 0.4043 0.0518
134 0.0975 0.1429 0.0475 0.6714 0.0403
135 0.1149 0.0808 0.0406 0.7607 0.0027
136 0.0620 0.5190 0.2018 0.2018 0.0152
137 0.0425 0.0422 0.1863 0.7256 0.0036
138 0.1144 0.1172 0.1034 0.6587 0.0063
139 0.3508 0.3245 0.0555 0.0696 0.1998
140 0.1646 0.3376 0.2163 0.2712 0.0104
141 0.1769 0.4177 0.0461 0.1958 0.1636
142 0.0886 0.6655 0.0600 0.1709 0.0152
143 0.1735 0.4360 0.0674 0.2644 0.0586
144 0.0577 0.1166 0.0814 0.7031 0.0409
145 0.0657 0.0899 0.1191 0.6963 0.0292
146 0.1034 0.2404 0.0512 0.5635 0.0418
147 0.0170 0.1309 0.0344 0.8145 0.0035
148 0.0972 0.2156 0.0657 0.5771 0.0445
149 0.1322 0.0518 0.1385 0.6304 0.0471
150 0.1129 0.1696 0.0853 0.4756 0.1567
151 0.2103 0.2786 0.1276 0.1337 0.2498
152 0.0758 0.4827 0.0852 0.3423 0.0139
153 0.1201 0.5054 0.1035 0.2388 0.0321
154 0.0851 0.2091 0.0728 0.6006 0.0326
155 0.1802 0.3669 0.1136 0.2769 0.0623
156 0.0793 0.1874 0.1350 0.5508 0.0474
157 0.1696 0.3425 0.1495 0.2930 0.0456
158 0.1843 0.4780 0.1381 0.1704 0.0292
159 0.2402 0.2639 0.0727 0.3494 0.0739
160 0.1011 0.1299 0.0734 0.5913 0.1044
161 0.2820 0.4949 0.0847 0.0840 0.0547
162 0.2554 0.5083 0.0588 0.1125 0.0651
163 0.1405 0.3701 0.0900 0.3818 0.0176
164 0.1013 0.3425 0.1005 0.4468 0.0091
165 0.1792 0.2336 0.1281 0.4199 0.0394
166 0.1328 0.5254 0.0825 0.2482 0.0112
167 0.1825 0.2825 0.3462 0.1151 0.0737
168 0.1313 0.7681 0.0354 0.0461 0.0191
169 0.1554 0.6050 0.0512 0.1720 0.0164
170 0.0430 0.2983 0.2512 0.3542 0.0535
171 0.1365 0.2800 0.2017 0.2433 0.1385
172 0.2532 0.1132 0.0953 0.5273 0.0109
173 0.0892 0.6245 0.0613 0.2124 0.0128
174 0.2500 0.5947 0.0837 0.0408 0.0306
175 0.3003 0.2097 0.1808 0.1312 0.1780
176 0.0782 0.1069 0.3396 0.4163 0.0590
177 0.0744 0.4148 0.2328 0.2517 0.0263
178 0.1776 0.5469 0.1183 0.0859 0.0712
179 0.3042 0.2812 0.1934 0.1460 0.0751
180 0.1708 0.0470 0.2603 0.5098 0.0123
181 0.2313 0.1530 0.1278 0.4602 0.0278
182 0.2346 0.3259 0.2498 0.1626 0.0272
183 0.1749 0.6104 0.0696 0.0501 0.0951
184 0.1989 0.2554 0.3228 0.1274 0.0955
185 0.2793 0.2881 0.1616 0.2407 0.0304
186 0.3689 0.4556 0.0598 0.0401 0.0756
187 0.1007 0.4241 0.1971 0.2737 0.0043
188 0.0282 0.5762 0.0580 0.3335 0.0039
189 0.0508 0.3899 0.2120 0.3389 0.0084
190 0.1123 0.0468 0.4802 0.3198 0.0407
191 0.1722 0.5781 0.1202 0.0997 0.0299
192 0.2673 0.6074 0.0464 0.0601 0.0188
193 0.1808 0.5747 0.0771 0.1365 0.0309
194 0.1461 0.6055 0.0907 0.1340 0.0235
195 0.0927 0.5054 0.1641 0.2041 0.0338
196 0.1154 0.4255 0.1859 0.2090 0.0642
197 0.1848 0.4795 0.0814 0.1606 0.0937
198 0.1545 0.6870 0.0675 0.0847 0.0061
199 0.0864 0.3904 0.1918 0.2057 0.1257
200 0.1271 0.3884 0.0735 0.1737 0.2374
201 0.0464 0.5928 0.0754 0.2472 0.0382
202 0.1389 0.1783 0.3059 0.1914 0.1855
203 0.1062 0.4402 0.2249 0.1176 0.1113
204 0.1931 0.1050 0.1118 0.5503 0.0399
