time exciting_prob fearful_prob tense_prob sad_prob relaxing_prob
0 0.1537 0.0401 0.0557 0.7217 0.0289
1 0.1234 0.0365 0.0376 0.7676 0.0348
2 0.1071 0.0419 0.0302 0.7788 0.0419
3 0.7432 0.0685 0.0293 0.1213 0.0379
4 0.6870 0.0248 0.0359 0.2374 0.0148
5 0.5005 0.0199 0.0335 0.4348 0.0116
6 0.5991 0.0282 0.0532 0.3013 0.0182
7 0.1141 0.0861 0.1768 0.6074 0.0157
8 0.0497 0.0275 0.0989 0.8154 0.0084
9 0.0691 0.0522 0.2031 0.6660 0.0097
10 0.0799 0.1058 0.1614 0.6284 0.0247
11 0.3389 0.0424 0.0338 0.5674 0.0175
12 0.1925 0.0255 0.0134 0.7612 0.0072
13 0.3108 0.0227 0.0107 0.6475 0.0082
14 0.3564 0.0634 0.0339 0.5269 0.0196
15 0.2708 0.0604 0.1694 0.4905 0.0089
16 0.2871 0.0588 0.0249 0.6270 0.0023
17 0.1801 0.0346 0.0253 0.7583 0.0019
18 0.1333 0.0337 0.0265 0.8042 0.0024
19 0.2505 0.0460 0.0198 0.6807 0.0030
20 0.0564 0.0808 0.3000 0.5435 0.0192
21 0.3738 0.1158 0.0522 0.4302 0.0279
22 0.4570 0.0886 0.0412 0.3850 0.0281
23 0.3750 0.0811 0.0349 0.4890 0.0202
24 0.0539 0.1610 0.2612 0.5117 0.0121
25 0.3052 0.0601 0.1909 0.4370 0.0070
26 0.4482 0.0925 0.1812 0.2720 0.0062
27 0.4922 0.0897 0.2476 0.1649 0.0057
28 0.0808 0.1157 0.3096 0.4722 0.0216
29 0.1009 0.1562 0.3083 0.4084 0.0261
30 0.1379 0.1515 0.2617 0.3750 0.0739
31 0.1582 0.1292 0.2302 0.4233 0.0591
32 0.1637 0.2102 0.2419 0.2786 0.1057
33 0.1591 0.1060 0.0728 0.3875 0.2747
34 0.0410 0.0423 0.0443 0.0104 0.8623
35 0.0320 0.0214 0.0345 0.0284 0.8838
36 0.0657 0.0877 0.0451 0.0075 0.7939
37 0.1042 0.1447 0.0558 0.0156 0.6797
38 0.0579 0.4661 0.1169 0.0101 0.3491
39 0.0939 0.3657 0.0969 0.0123 0.4309
40 0.0732 0.0786 0.0328 0.0338 0.7817
41 0.0693 0.1798 0.0462 0.0103 0.6943
42 0.2026 0.3018 0.0497 0.0103 0.4355
43 0.0599 0.2705 0.2296 0.0728 0.3669
44 0.0349 0.0617 0.0131 0.0045 0.8857
45 0.0844 0.1181 0.0341 0.0112 0.7520
46 0.0918 0.2134 0.0269 0.0107 0.6572
47 0.0502 0.4443 0.0247 0.0153 0.4656
48 0.0960 0.4270 0.1571 0.1243 0.1956
49 0.0850 0.5947 0.0919 0.0768 0.1515
50 0.0869 0.6470 0.0947 0.0883 0.0829
51 0.0893 0.3267 0.1103 0.1260 0.3477
52 0.1090 0.4626 0.2400 0.1099 0.0786
53 0.0624 0.2015 0.0364 0.0069 0.6929
54 0.0427 0.0984 0.0194 0.0086 0.8311
55 0.0260 0.0559 0.0091 0.0067 0.9023
56 0.0439 0.0854 0.0264 0.0152 0.8291
57 0.0823 0.1729 0.0386 0.0225 0.6836
58 0.1107 0.3357 0.1073 0.0570 0.3894
59 0.1731 0.3994 0.1171 0.0445 0.2661
60 0.1418 0.3826 0.2180 0.1242 0.1333
61 0.0872 0.5420 0.1102 0.0658 0.1948
62 0.0739 0.3843 0.3186 0.2123 0.0108
63 0.1272 0.1293 0.1487 0.0916 0.5034
64 0.0273 0.0316 0.0160 0.0293 0.8960
65 0.1885 0.3577 0.1689 0.1841 0.1009
66 0.2109 0.4536 0.1543 0.1028 0.0782
67 0.1315 0.3745 0.1586 0.1898 0.1455
68 0.0748 0.3406 0.1511 0.1511 0.2822
69 0.1124 0.3203 0.0816 0.0646 0.4211
70 0.0560 0.4436 0.0379 0.0327 0.4299
71 0.0569 0.3855 0.1364 0.0206 0.4009
72 0.0555 0.2795 0.4133 0.0180 0.2336
73 0.2173 0.1371 0.2424 0.2705 0.1328
74 0.0622 0.4778 0.2479 0.1208 0.0912
75 0.2915 0.1942 0.3279 0.1432 0.0430
76 0.2925 0.2406 0.3186 0.1059 0.0424
77 0.3259 0.2311 0.2659 0.1276 0.0496
78 0.1102 0.2424 0.5640 0.0793 0.0042
79 0.2008 0.2441 0.5127 0.0371 0.0051
80 0.3560 0.3533 0.1580 0.1044 0.0285
81 0.5991 0.1785 0.1423 0.0477 0.0325
82 0.3069 0.2927 0.2686 0.0859 0.0460
83 0.0801 0.0696 0.1148 0.6978 0.0376
84 0.1188 0.4883 0.0743 0.1649 0.1537
85 0.0831 0.1857 0.0721 0.5903 0.0688
86 0.1980 0.1592 0.5059 0.1220 0.0150
87 0.2161 0.1682 0.3169 0.2886 0.0103
88 0.5117 0.2534 0.1421 0.0732 0.0194
89 0.0669 0.2013 0.4260 0.2883 0.0176
90 0.2966 0.3440 0.1650 0.1855 0.0088
91 0.1866 0.2959 0.3054 0.1881 0.0239
92 0.1462 0.1166 0.5435 0.1907 0.0033
93 0.0770 0.1803 0.2012 0.5098 0.0321
94 0.1075 0.4456 0.2294 0.1887 0.0289
95 0.0917 0.2654 0.2269 0.3740 0.0420
96 0.1892 0.1364 0.1139 0.5435 0.0172
97 0.0479 0.4651 0.1354 0.3403 0.0112
98 0.0356 0.3401 0.2957 0.3147 0.0140
99 0.0436 0.4404 0.2844 0.2214 0.0103
100 0.0935 0.2463 0.2727 0.3696 0.0178
101 0.0623 0.4060 0.3113 0.2157 0.0045
102 0.1912 0.0454 0.3201 0.3860 0.0574
103 0.2644 0.3906 0.1680 0.1506 0.0264
104 0.1608 0.2651 0.2490 0.2913 0.0340
105 0.1164 0.1919 0.3877 0.2793 0.0248
106 0.1170 0.5161 0.2152 0.1389 0.0128
107 0.3464 0.0732 0.2380 0.3306 0.0118
108 0.2629 0.0426 0.1046 0.5742 0.0157
109 0.3484 0.1194 0.2146 0.2979 0.0198
110 0.2130 0.1646 0.2048 0.3948 0.0226
111 0.4441 0.2322 0.2305 0.0565 0.0367
112 0.7339 0.1813 0.0173 0.0205 0.0473
113 0.3667 0.0541 0.1248 0.4124 0.0421
114 0.1156 0.2998 0.0609 0.5181 0.0058
115 0.4917 0.3152 0.0692 0.1159 0.0080
116 0.3286 0.4744 0.0745 0.1075 0.0152
117 0.3989 0.2037 0.2037 0.1757 0.0179
118 0.5039 0.2380 0.0693 0.1727 0.0162
119 0.2524 0.2605 0.1997 0.2793 0.0081
120 0.3252 0.1675 0.0483 0.4480 0.0109
121 0.1392 0.4424 0.0745 0.3367 0.0073
122 0.5850 0.2239 0.1434 0.0196 0.0280
123 0.5015 0.2791 0.1680 0.0301 0.0212
124 0.3125 0.2166 0.2825 0.1511 0.0373
125 0.3079 0.2474 0.1927 0.2379 0.0140
126 0.4487 0.3867 0.1256 0.0043 0.0346
127 0.5146 0.3298 0.0777 0.0064 0.0713
128 0.0595 0.2795 0.5386 0.1165 0.0057
129 0.0464 0.3762 0.4263 0.1439 0.0075
130 0.2021 0.4485 0.1255 0.1929 0.0310
131 0.1920 0.5181 0.1543 0.1211 0.0147
132 0.1229 0.2227 0.1278 0.5098 0.0170
133 0.2620 0.1180 0.1843 0.4089 0.0270
134 0.5015 0.3843 0.0567 0.0181 0.0396
135 0.0997 0.3372 0.2229 0.3218 0.0186
136 0.1328 0.4287 0.2661 0.1666 0.0058
137 0.6304 0.1879 0.1030 0.0419 0.0367
138 0.5400 0.0743 0.0939 0.2341 0.0574
139 0.6650 0.2043 0.0559 0.0521 0.0229
140 0.6069 0.2065 0.0868 0.0514 0.0483
141 0.5708 0.2289 0.1284 0.0303 0.0414
142 0.3833 0.4446 0.1356 0.0164 0.0203
143 0.3972 0.1495 0.0663 0.3645 0.0226
144 0.2351 0.1578 0.1068 0.4749 0.0256
145 0.1001 0.4280 0.1125 0.3467 0.0126
146 0.2195 0.3022 0.1819 0.2861 0.0101
147 0.0718 0.4163 0.4229 0.0680 0.0211
148 0.1112 0.2886 0.2144 0.3374 0.0486
149 0.0285 0.0294 0.0154 0.9214 0.0054
150 0.2876 0.3523 0.1423 0.1771 0.0405
151 0.1356 0.3057 0.1207 0.4146 0.0232
152 0.0726 0.5801 0.1411 0.1974 0.0087
153 0.1758 0.2240 0.2460 0.3208 0.0335
154 0.1742 0.0424 0.2101 0.5449 0.0284
155 0.2167 0.1031 0.5078 0.1636 0.0091
156 0.1488 0.0340 0.1388 0.6567 0.0216
157 0.1460 0.3315 0.2812 0.2407 0.0005
158 0.1216 0.3357 0.3254 0.2167 0.0007
159 0.0610 0.1006 0.6357 0.1969 0.0058
160 0.0918 0.2595 0.2052 0.4277 0.0157
161 0.1877 0.0696 0.5142 0.2247 0.0036
162 0.2627 0.1632 0.4470 0.1232 0.0038
163 0.6001 0.0957 0.1859 0.1003 0.0177
164 0.4990 0.1131 0.1476 0.2303 0.0099
165 0.6235 0.1010 0.0558 0.1858 0.0336
166 0.0934 0.6484 0.1447 0.1018 0.0115
167 0.5156 0.0354 0.0458 0.2435 0.1597
168 0.0219 0.4258 0.0839 0.3213 0.1471
169 0.0709 0.1987 0.1597 0.4275 0.1432
170 0.8574 0.0060 0.0062 0.0903 0.0401
171 0.6348 0.0724 0.0084 0.2668 0.0175
172 0.2783 0.3574 0.2290 0.1142 0.0211
173 0.1527 0.3579 0.2620 0.2008 0.0267
174 0.0983 0.2080 0.0952 0.5654 0.0332
175 0.1150 0.3149 0.3301 0.2065 0.0334
176 0.1248 0.0648 0.2426 0.5464 0.0214
177 0.3950 0.2340 0.2216 0.1149 0.0345
178 0.4011 0.2891 0.1476 0.0881 0.0742
179 0.4219 0.1758 0.2024 0.1814 0.0185
180 0.3389 0.2421 0.2966 0.1066 0.0158
181 0.5249 0.2441 0.1058 0.1034 0.0217
182 0.5874 0.1569 0.0712 0.1569 0.0277
183 0.3379 0.2491 0.3030 0.0784 0.0317
184 0.3220 0.0620 0.1953 0.2284 0.1923
185 0.3845 0.1720 0.3042 0.0878 0.0512
186 0.2173 0.3528 0.2947 0.0233 0.1119
187 0.4758 0.3914 0.0316 0.0299 0.0713
188 0.2903 0.2561 0.2837 0.0272 0.1426
189 0.3149 0.1659 0.2510 0.2303 0.0379
190 0.2404 0.4216 0.2479 0.0263 0.0637
191 0.1722 0.5967 0.1736 0.0367 0.0211
192 0.2832 0.2539 0.3721 0.0688 0.0220
193 0.4067 0.2095 0.2300 0.0729 0.0807
194 0.4211 0.1943 0.2006 0.0300 0.1538
195 0.3965 0.2703 0.1248 0.0313 0.1772
196 0.3430 0.2510 0.3123 0.0151 0.0789
197 0.5850 0.1316 0.1236 0.0383 0.1216
198 0.6411 0.1313 0.0848 0.0164 0.1262
199 0.4102 0.4434 0.1086 0.0112 0.0266
200 0.2988 0.3550 0.2942 0.0028 0.0492
201 0.4700 0.3438 0.1235 0.0177 0.0451
202 0.6045 0.2139 0.0980 0.0338 0.0496
203 0.1443 0.6123 0.1926 0.0035 0.0476
204 0.1865 0.3738 0.3708 0.0138 0.0551
205 0.1993 0.5337 0.2156 0.0141 0.0374
206 0.1713 0.4585 0.3225 0.0024 0.0454
207 0.2147 0.1195 0.4690 0.1672 0.0295
208 0.0724 0.0378 0.1710 0.6978 0.0211
209 0.3855 0.4009 0.1558 0.0284 0.0297
210 0.3406 0.1910 0.4014 0.0348 0.0322
211 0.0555 0.2820 0.3247 0.3350 0.0028
212 0.0686 0.3376 0.3538 0.2356 0.0045
213 0.0886 0.5732 0.2524 0.0814 0.0041
214 0.1097 0.3540 0.5068 0.0067 0.0226
215 0.2046 0.1364 0.5562 0.0967 0.0062
216 0.3279 0.4734 0.0687 0.1206 0.0094
217 0.0925 0.5200 0.0843 0.2874 0.0157
218 0.0904 0.3206 0.3254 0.2576 0.0061
219 0.0837 0.2769 0.3286 0.2900 0.0207
220 0.2126 0.6348 0.0814 0.0600 0.0113
221 0.3606 0.2136 0.2678 0.0836 0.0744
222 0.3633 0.2920 0.3035 0.0163 0.0249
223 0.3792 0.0361 0.1193 0.4294 0.0361
224 0.2323 0.3572 0.1912 0.2067 0.0128
225 0.2435 0.4143 0.2361 0.0969 0.0093
226 0.3291 0.2028 0.2092 0.2299 0.0290
227 0.2194 0.3345 0.1450 0.2817 0.0195
228 0.2419 0.2964 0.2070 0.2537 0.0009
229 0.4954 0.2081 0.1766 0.0828 0.0370
230 0.3003 0.2112 0.4507 0.0316 0.0063
231 0.7148 0.0968 0.0719 0.0645 0.0518
232 0.2949 0.5596 0.1076 0.0078 0.0301
233 0.3569 0.1940 0.2935 0.1453 0.0104
234 0.1686 0.6069 0.1252 0.0917 0.0075
235 0.2089 0.2539 0.2598 0.2661 0.0114
236 0.2255 0.0883 0.2203 0.4485 0.0174
237 0.3848 0.0134 0.0217 0.5776 0.0029
238 0.6846 0.0870 0.0524 0.1731 0.0032
239 0.7090 0.0370 0.0204 0.2095 0.0243
240 0.7803 0.0720 0.0327 0.0656 0.0495
241 0.8516 0.0437 0.0392 0.0352 0.0305
242 0.1908 0.1290 0.1222 0.5063 0.0514
243 0.4431 0.1951 0.0729 0.2408 0.0482
244 0.0838 0.3237 0.0516 0.4937 0.0470
245 0.1133 0.1081 0.1661 0.4658 0.1466
246 0.8086 0.0486 0.0326 0.0735 0.0369
247 0.0734 0.0122 0.0179 0.8950 0.0017
248 0.6880 0.0472 0.1584 0.0261 0.0803
249 0.6416 0.1294 0.1622 0.0561 0.0108
250 0.6738 0.1256 0.0986 0.0927 0.0091
251 0.6514 0.0861 0.1454 0.1039 0.0131
252 0.6104 0.0418 0.0572 0.2837 0.0069
253 0.5435 0.1223 0.0982 0.2213 0.0147
254 0.1322 0.1487 0.2529 0.4041 0.0620
255 0.6191 0.1238 0.1678 0.0466 0.0428
256 0.4094 0.0369 0.4158 0.0638 0.0740
257 0.6387 0.0995 0.2074 0.0466 0.0076
258 0.5698 0.1185 0.2112 0.0789 0.0217
259 0.6421 0.0883 0.1826 0.0626 0.0243
260 0.1129 0.0893 0.4751 0.2883 0.0344
261 0.1422 0.2418 0.4885 0.1065 0.0210
262 0.6123 0.1124 0.1304 0.1263 0.0189
263 0.6665 0.0874 0.1293 0.0945 0.0223
264 0.6455 0.0486 0.0290 0.2001 0.0765
265 0.7305 0.0740 0.0501 0.0467 0.0988
266 0.4976 0.1219 0.2225 0.1393 0.0186
267 0.4131 0.2448 0.1722 0.0922 0.0776
268 0.7612 0.0439 0.0140 0.1499 0.0312
269 0.1284 0.2986 0.3408 0.2271 0.0051
270 0.0731 0.2117 0.0698 0.6270 0.0185
271 0.0879 0.3701 0.2175 0.3215 0.0031
272 0.4839 0.1659 0.1333 0.1895 0.0275
273 0.0823 0.2004 0.1284 0.5620 0.0267
274 0.2742 0.2069 0.2382 0.2742 0.0068
275 0.0454 0.3574 0.3464 0.2418 0.0089
276 0.1077 0.0973 0.4128 0.3760 0.0062
277 0.0990 0.4988 0.2356 0.1620 0.0046
278 0.1002 0.4119 0.2876 0.1976 0.0026
279 0.2842 0.2196 0.1984 0.2546 0.0432
280 0.3755 0.1815 0.1381 0.2622 0.0428
281 0.4233 0.2588 0.2489 0.0443 0.0246
282 0.1448 0.0892 0.3528 0.3696 0.0435
283 0.2124 0.0900 0.1790 0.4160 0.1027
284 0.1987 0.2396 0.3486 0.1753 0.0376
285 0.1659 0.4404 0.1970 0.1793 0.0172
286 0.0457 0.1726 0.4768 0.3030 0.0019
287 0.1097 0.1896 0.2286 0.4512 0.0209
288 0.3621 0.2710 0.3401 0.0152 0.0117
289 0.3196 0.1223 0.3123 0.2179 0.0281
290 0.2175 0.3818 0.2262 0.1531 0.0214
291 0.0812 0.1614 0.4819 0.2620 0.0136
292 0.0178 0.3057 0.5449 0.1295 0.0019
293 0.1519 0.1460 0.3728 0.3140 0.0155
294 0.3872 0.2172 0.3752 0.0096 0.0108
295 0.5229 0.1710 0.2489 0.0126 0.0446
296 0.4609 0.1045 0.4036 0.0226 0.0084
297 0.0981 0.2334 0.6445 0.0172 0.0067
298 0.2147 0.0945 0.2822 0.2147 0.1940
299 0.3882 0.2566 0.2668 0.0419 0.0464
300 0.3186 0.0496 0.2947 0.3186 0.0185
301 0.4768 0.1324 0.2361 0.0939 0.0606
302 0.3733 0.1848 0.2013 0.1321 0.1086
303 0.2856 0.0504 0.1338 0.3994 0.1307
304 0.5635 0.1360 0.1370 0.1190 0.0445
305 0.4082 0.1742 0.2151 0.1143 0.0883
306 0.3481 0.1835 0.2319 0.1805 0.0559
307 0.7275 0.0962 0.0890 0.0259 0.0612
308 0.4214 0.1550 0.2678 0.1049 0.0511
309 0.2343 0.2150 0.2654 0.1410 0.1443
310 0.2040 0.0831 0.2330 0.3552 0.1247
311 0.2939 0.3010 0.1226 0.0849 0.1974
312 0.2874 0.2537 0.3718 0.0465 0.0407
313 0.3389 0.0694 0.2661 0.2104 0.1153
314 0.1969 0.1149 0.4136 0.1475 0.1271
315 0.4597 0.1403 0.3582 0.0220 0.0199
316 0.7490 0.0998 0.0601 0.0262 0.0649
317 0.4216 0.1348 0.2744 0.1227 0.0466
318 0.2703 0.1588 0.4971 0.0652 0.0088
319 0.5576 0.1072 0.2133 0.1098 0.0120
320 0.4905 0.2446 0.2092 0.0364 0.0193
321 0.5229 0.2866 0.1647 0.0143 0.0113
322 0.3313 0.1482 0.1873 0.2993 0.0338
323 0.7627 0.0850 0.0451 0.0738 0.0333
324 0.5107 0.2129 0.1864 0.0309 0.0591
325 0.3018 0.0851 0.1414 0.3784 0.0934
326 0.1229 0.2091 0.6143 0.0497 0.0040
327 0.5518 0.2195 0.1222 0.0814 0.0250
328 0.4866 0.2446 0.1804 0.0663 0.0222
329 0.0518 0.0251 0.0676 0.8501 0.0052
330 0.0966 0.3733 0.1509 0.3677 0.0115
331 0.0674 0.2886 0.1139 0.5225 0.0077
332 0.6392 0.0609 0.1566 0.1136 0.0299
333 0.4241 0.1169 0.2271 0.2150 0.0171
334 0.5146 0.1384 0.2886 0.0258 0.0326
335 0.3462 0.1868 0.2847 0.1661 0.0162
336 0.6372 0.1188 0.2037 0.0158 0.0243
337 0.6885 0.0447 0.1989 0.0433 0.0247
338 0.5366 0.1755 0.1490 0.1207 0.0182
339 0.2986 0.1187 0.4080 0.1537 0.0211
340 0.4138 0.1014 0.0742 0.3887 0.0221
341 0.4087 0.3362 0.0617 0.1677 0.0257
342 0.3015 0.0274 0.0508 0.6094 0.0110
343 0.1818 0.0581 0.0879 0.6650 0.0074
344 0.3943 0.1656 0.2505 0.1804 0.0092
345 0.2377 0.1711 0.5439 0.0322 0.0152
346 0.2732 0.2078 0.4297 0.0546 0.0347
347 0.5537 0.1065 0.2325 0.0829 0.0243
348 0.5200 0.1388 0.1840 0.1315 0.0259
349 0.5137 0.0865 0.1761 0.1875 0.0361
350 0.2654 0.0896 0.4443 0.0630 0.1377
351 0.6714 0.0241 0.1909 0.0479 0.0655
352 0.6328 0.1208 0.0948 0.1359 0.0157
353 0.7188 0.1350 0.0550 0.0813 0.0099
354 0.6787 0.0811 0.1991 0.0274 0.0138
355 0.6865 0.1240 0.1362 0.0352 0.0181
356 0.5479 0.2607 0.1301 0.0264 0.0350
357 0.5884 0.1443 0.1674 0.0109 0.0889
358 0.0726 0.1254 0.6367 0.1466 0.0185
359 0.1162 0.1392 0.5767 0.0831 0.0850
360 0.2747 0.1010 0.3638 0.1917 0.0689
361 0.1644 0.1222 0.4685 0.1893 0.0555
362 0.1862 0.0893 0.2013 0.2524 0.2708
363 0.1796 0.1882 0.2761 0.2915 0.0646
364 0.3467 0.1135 0.3931 0.0870 0.0598
365 0.1409 0.3149 0.2693 0.1609 0.1141
366 0.1348 0.1901 0.5010 0.0956 0.0786
367 0.1523 0.6216 0.1168 0.0592 0.0502
368 0.2286 0.4075 0.1262 0.1453 0.0923
369 0.1888 0.3667 0.3965 0.0384 0.0095
370 0.0561 0.1015 0.0875 0.6938 0.0611
371 0.1543 0.0679 0.1060 0.4751 0.1965
372 0.2866 0.0385 0.0309 0.3767 0.2671
373 0.3167 0.0734 0.1920 0.1694 0.2485
374 0.2712 0.1724 0.2031 0.2356 0.1176
375 0.1617 0.1183 0.3818 0.3020 0.0361
376 0.1664 0.1295 0.4851 0.2039 0.0152
377 0.1737 0.1908 0.3884 0.1984 0.0486
378 0.1700 0.2532 0.4409 0.1047 0.0312
379 0.2401 0.1929 0.4380 0.1152 0.0138
380 0.1544 0.3398 0.3975 0.0866 0.0217
381 0.2104 0.1758 0.1857 0.3994 0.0287
382 0.2759 0.0868 0.1398 0.4805 0.0171
383 0.1494 0.0657 0.1403 0.6338 0.0108
384 0.0819 0.0921 0.2314 0.5913 0.0034
385 0.2598 0.2598 0.1348 0.3135 0.0320
386 0.1041 0.1091 0.2310 0.5205 0.0354
387 0.1298 0.1589 0.2791 0.3755 0.0567
388 0.1506 0.1875 0.1846 0.4226 0.0546
389 0.1506 0.1875 0.1846 0.4226 0.0546
390 0.2037 0.2830 0.2496 0.2310 0.0327
391 0.2037 0.2830 0.2496 0.2310 0.0327
392 0.2981 0.1355 0.4917 0.0569 0.0179
393 0.0638 0.5020 0.4292 0.0036 0.0016
394 0.1009 0.1945 0.3523 0.3362 0.0163
395 0.3296 0.2393 0.3481 0.0696 0.0132
396 0.0511 0.4143 0.5000 0.0195 0.0151
397 0.0226 0.2605 0.6650 0.0381 0.0135
398 0.0811 0.2185 0.6577 0.0349 0.0080
399 0.2810 0.0870 0.2122 0.3962 0.0236
400 0.1249 0.3140 0.1831 0.3669 0.0111
401 0.1219 0.1919 0.3584 0.3213 0.0063
402 0.0957 0.0885 0.2278 0.5723 0.0156
403 0.0938 0.1282 0.3513 0.4170 0.0097
404 0.2451 0.2339 0.2377 0.2693 0.0140
405 0.2227 0.2297 0.1919 0.3066 0.0489
406 0.1241 0.1893 0.5308 0.1521 0.0036
407 0.0754 0.2781 0.3799 0.2612 0.0055
408 0.4128 0.1748 0.3215 0.0328 0.0581
409 0.1511 0.1660 0.6313 0.0332 0.0185
410 0.0856 0.0903 0.7866 0.0195 0.0179
411 0.0792 0.0773 0.8184 0.0102 0.0148
412 0.1360 0.1248 0.6851 0.0207 0.0336
413 0.0764 0.1094 0.7715 0.0215 0.0209
414 0.0344 0.3845 0.2644 0.3140 0.0028
415 0.0130 0.6216 0.2937 0.0709 0.0007
416 0.0113 0.3833 0.3955 0.2084 0.0017
417 0.0667 0.2419 0.6475 0.0363 0.0077
418 0.0849 0.1514 0.6680 0.0395 0.0565
419 0.0879 0.2625 0.5820 0.0406 0.0268
420 0.1219 0.1964 0.5908 0.0769 0.0137
421 0.0248 0.5425 0.3848 0.0467 0.0013
422 0.0280 0.1595 0.7979 0.0060 0.0085
423 0.0346 0.7407 0.2024 0.0057 0.0168
424 0.1949 0.4160 0.3643 0.0033 0.0214
425 0.3066 0.3528 0.2881 0.0281 0.0246
426 0.3184 0.4150 0.2170 0.0363 0.0133
427 0.1897 0.4622 0.2915 0.0354 0.0211
428 0.2207 0.4897 0.2405 0.0209 0.0283
429 0.3152 0.5620 0.0785 0.0063 0.0379
430 0.4734 0.4243 0.0611 0.0132 0.0278
431 0.3093 0.6055 0.0659 0.0046 0.0145
432 0.3938 0.4863 0.0751 0.0199 0.0250
433 0.3147 0.3887 0.2322 0.0316 0.0327
434 0.4250 0.3750 0.1614 0.0165 0.0220
435 0.2037 0.2830 0.2496 0.2310 0.0327
436 0.1190 0.0745 0.1153 0.6431 0.0481
437 0.0732 0.3604 0.3440 0.0940 0.1285
438 0.0307 0.2345 0.3689 0.0602 0.3057
