time exciting_prob fearful_prob tense_prob sad_prob relaxing_prob
0 0.2037 0.2830 0.2496 0.2310 0.0327
1 0.2512 0.2512 0.1809 0.2891 0.0277
2 0.2593 0.4409 0.1377 0.1398 0.0225
3 0.2454 0.1376 0.3406 0.2434 0.0330
4 0.2361 0.2676 0.2288 0.2252 0.0423
5 0.1381 0.1541 0.2620 0.4321 0.0138
6 0.1400 0.2595 0.1649 0.4148 0.0208
7 0.1138 0.1655 0.3972 0.3093 0.0141
8 0.5874 0.1968 0.0759 0.1322 0.0075
9 0.2104 0.1614 0.3015 0.2539 0.0728
10 0.2162 0.1070 0.2000 0.4504 0.0264
11 0.2113 0.2715 0.1970 0.3027 0.0175
12 0.4512 0.1312 0.1409 0.2303 0.0464
13 0.4084 0.0870 0.2006 0.2764 0.0278
14 0.1169 0.2698 0.1854 0.4146 0.0134
15 0.1047 0.0569 0.3079 0.5239 0.0066
16 0.2291 0.1625 0.2722 0.3157 0.0205
17 0.0829 0.2417 0.4587 0.2019 0.0149
18 0.1312 0.1140 0.3220 0.4202 0.0126
19 0.3179 0.1411 0.2290 0.2849 0.0271
20 0.1863 0.1417 0.3169 0.3320 0.0231
21 0.3960 0.1975 0.2852 0.0798 0.0414
22 0.2505 0.3423 0.1331 0.2563 0.0177
23 0.4187 0.3210 0.1317 0.1018 0.0268
24 0.2576 0.3748 0.2006 0.1305 0.0368
25 0.4592 0.2363 0.1125 0.1625 0.0296
26 0.2561 0.4324 0.1339 0.1578 0.0199
27 0.0901 0.5186 0.2430 0.1139 0.0345
28 0.1385 0.6309 0.0916 0.0901 0.0490
29 0.2458 0.4968 0.1390 0.0948 0.0236
30 0.1687 0.4514 0.1714 0.1160 0.0925
31 0.2327 0.3157 0.3777 0.0682 0.0057
32 0.6470 0.1378 0.1400 0.0682 0.0068
33 0.6904 0.0700 0.0768 0.1553 0.0074
34 0.2720 0.2874 0.2942 0.1389 0.0077
35 0.3865 0.1715 0.2236 0.2036 0.0146
36 0.0564 0.0605 0.7095 0.1659 0.0077
37 0.0396 0.1239 0.7412 0.0851 0.0102
38 0.0391 0.2800 0.2778 0.3484 0.0547
39 0.0635 0.3103 0.1781 0.4175 0.0307
40 0.0831 0.2722 0.4421 0.1901 0.0124
41 0.0470 0.1667 0.2388 0.5298 0.0176
42 0.0217 0.2566 0.2487 0.4719 0.0012
43 0.0135 0.4385 0.2922 0.2539 0.0021
44 0.1558 0.0426 0.3455 0.4299 0.0262
45 0.3569 0.0714 0.0889 0.4656 0.0172
46 0.0978 0.3037 0.3308 0.2598 0.0080
47 0.0815 0.3623 0.2693 0.2756 0.0111
48 0.2104 0.2330 0.2944 0.2461 0.0159
49 0.0573 0.2319 0.1521 0.5391 0.0193
50 0.0298 0.4814 0.2203 0.2617 0.0068
51 0.0203 0.4812 0.1702 0.3230 0.0053
52 0.0533 0.2566 0.2467 0.4329 0.0106
53 0.1907 0.1157 0.2111 0.4434 0.0393
54 0.2197 0.2064 0.1880 0.3484 0.0373
55 0.0775 0.0972 0.7588 0.0580 0.0086
56 0.1807 0.3428 0.3145 0.1475 0.0146
57 0.2505 0.2354 0.1631 0.3047 0.0464
58 0.2954 0.2128 0.1792 0.2886 0.0239
59 0.2206 0.3135 0.2766 0.1652 0.0242
60 0.1373 0.3677 0.1984 0.2668 0.0297
61 0.0363 0.2123 0.1577 0.4565 0.1371
62 0.0168 0.1923 0.1462 0.6108 0.0339
63 0.0936 0.2688 0.3218 0.2930 0.0229
64 0.0254 0.2527 0.5225 0.1879 0.0113
65 0.3831 0.1956 0.2869 0.1205 0.0142
66 0.3452 0.1669 0.1906 0.2566 0.0409
67 0.5547 0.1257 0.1602 0.1459 0.0137
68 0.3999 0.2561 0.1888 0.1415 0.0136
69 0.1401 0.4453 0.2072 0.1857 0.0217
70 0.1514 0.2438 0.1041 0.4888 0.0120
71 0.0995 0.3394 0.2996 0.2502 0.0112
72 0.0420 0.5933 0.2803 0.0816 0.0027
73 0.1943 0.2871 0.4482 0.0631 0.0072
74 0.3333 0.2203 0.3308 0.1017 0.0140
75 0.0717 0.3088 0.3501 0.2522 0.0173
76 0.0573 0.3274 0.2935 0.2935 0.0284
77 0.0919 0.1562 0.4382 0.2478 0.0657
78 0.2235 0.2184 0.1525 0.3833 0.0223
79 0.0836 0.2495 0.2783 0.3774 0.0110
80 0.1565 0.1746 0.1328 0.5049 0.0311
81 0.6006 0.1094 0.0384 0.2465 0.0054
82 0.3555 0.0858 0.1639 0.3782 0.0166
83 0.0737 0.1672 0.3740 0.3770 0.0080
84 0.2039 0.3440 0.3132 0.1316 0.0073
85 0.2883 0.2246 0.1416 0.3267 0.0187
86 0.2469 0.2450 0.2568 0.2412 0.0100
87 0.2269 0.1635 0.1768 0.4207 0.0124
88 0.2407 0.3613 0.3291 0.0581 0.0107
89 0.2318 0.2318 0.1876 0.3118 0.0370
90 0.3811 0.3086 0.1317 0.1552 0.0236
91 0.3669 0.1060 0.1437 0.3420 0.0415
92 0.2649 0.2588 0.1301 0.2957 0.0506
93 0.0459 0.1871 0.1359 0.6235 0.0078
94 0.1285 0.3232 0.1357 0.3870 0.0255
95 0.0256 0.1382 0.0763 0.7241 0.0358
96 0.0316 0.1384 0.2111 0.6108 0.0084
97 0.0187 0.2007 0.2007 0.5630 0.0171
98 0.2128 0.0432 0.0859 0.6450 0.0129
99 0.0984 0.1387 0.4409 0.3176 0.0045
100 0.4204 0.0953 0.1753 0.2756 0.0334
101 0.2439 0.2239 0.4451 0.0662 0.0210
102 0.2947 0.1248 0.2810 0.2788 0.0207
103 0.1387 0.2756 0.2131 0.3596 0.0129
104 0.0877 0.3750 0.3750 0.1576 0.0049
105 0.2786 0.1637 0.2720 0.2764 0.0093
106 0.1384 0.4133 0.1212 0.2976 0.0293
107 0.0432 0.3650 0.2671 0.3171 0.0077
108 0.0721 0.1870 0.2328 0.4929 0.0151
109 0.1447 0.4707 0.0934 0.2854 0.0059
110 0.1575 0.2988 0.3059 0.2220 0.0161
111 0.1418 0.4436 0.1953 0.2079 0.0114
112 0.2732 0.2336 0.2976 0.1709 0.0248
113 0.2651 0.3979 0.2452 0.0803 0.0113
114 0.4031 0.1859 0.1404 0.2561 0.0146
115 0.2671 0.3101 0.1071 0.2693 0.0464
116 0.3208 0.2384 0.2744 0.1504 0.0161
117 0.3433 0.1956 0.1312 0.3052 0.0249
118 0.5107 0.1821 0.1793 0.1140 0.0138
119 0.1349 0.3499 0.2041 0.2922 0.0190
120 0.0751 0.4153 0.1931 0.3086 0.0077
121 0.0964 0.1172 0.1328 0.6338 0.0199
122 0.2046 0.3706 0.0894 0.3000 0.0353
123 0.2693 0.4407 0.1323 0.1355 0.0223
124 0.1351 0.5181 0.1270 0.1981 0.0220
125 0.1962 0.4780 0.1135 0.2024 0.0098
126 0.1259 0.6240 0.0980 0.1229 0.0292
127 0.0578 0.1499 0.3223 0.4404 0.0295
128 0.1316 0.0836 0.2203 0.5205 0.0441
129 0.0843 0.1001 0.1422 0.6426 0.0310
130 0.3916 0.0471 0.0867 0.4578 0.0169
131 0.3042 0.0668 0.1155 0.5015 0.0119
132 0.0557 0.1266 0.2722 0.5166 0.0289
133 0.0193 0.2969 0.1100 0.5547 0.0191
134 0.0179 0.0880 0.0873 0.7900 0.0167
135 0.0323 0.1888 0.0516 0.7070 0.0202
136 0.1641 0.3113 0.2406 0.2642 0.0196
137 0.0436 0.2112 0.5742 0.1658 0.0054
138 0.1455 0.2803 0.3330 0.2117 0.0296
139 0.0482 0.3315 0.3557 0.2603 0.0040
140 0.0668 0.3555 0.1482 0.4124 0.0170
141 0.0267 0.5327 0.2365 0.1945 0.0095
142 0.0335 0.3438 0.2720 0.3179 0.0327
143 0.1176 0.3918 0.3948 0.0847 0.0109
144 0.1464 0.2510 0.4614 0.1158 0.0256
145 0.1665 0.2155 0.5547 0.0441 0.0193
146 0.0862 0.1810 0.6567 0.0703 0.0055
147 0.0638 0.2446 0.6597 0.0288 0.0032
148 0.4944 0.2335 0.1069 0.0814 0.0839
149 0.2469 0.1807 0.4614 0.0867 0.0244
150 0.2281 0.3792 0.2883 0.0795 0.0248
151 0.5703 0.2434 0.1177 0.0400 0.0286
152 0.3994 0.3184 0.2008 0.0632 0.0181
153 0.2935 0.1398 0.3652 0.1571 0.0443
154 0.2332 0.1948 0.3040 0.2368 0.0313
155 0.0210 0.4060 0.4822 0.0885 0.0021
156 0.0378 0.4709 0.2900 0.1932 0.0080
157 0.1774 0.4424 0.1787 0.1858 0.0159
158 0.1731 0.1976 0.4817 0.1306 0.0170
159 0.2556 0.0955 0.3440 0.2700 0.0351
160 0.3481 0.1908 0.3220 0.1029 0.0361
161 0.2200 0.2781 0.1420 0.3079 0.0522
162 0.1936 0.3022 0.2229 0.2605 0.0207
163 0.3411 0.3464 0.2006 0.0970 0.0150
164 0.3215 0.2092 0.3423 0.1094 0.0176
165 0.0807 0.1997 0.6152 0.0973 0.0073
166 0.0430 0.4021 0.3035 0.2439 0.0075
167 0.0646 0.2849 0.4846 0.1549 0.0110
168 0.0808 0.3350 0.4170 0.1252 0.0419
169 0.0585 0.1980 0.1694 0.5469 0.0272
170 0.0303 0.5254 0.1732 0.2683 0.0031
171 0.0357 0.3362 0.0699 0.5454 0.0128
172 0.0345 0.2473 0.1293 0.5703 0.0185
173 0.2820 0.1594 0.1620 0.3484 0.0482
174 0.0645 0.5791 0.2395 0.1140 0.0032
175 0.0751 0.4421 0.1665 0.2993 0.0170
176 0.1512 0.4587 0.1501 0.1727 0.0671
177 0.3438 0.1869 0.2006 0.2400 0.0287
178 0.1702 0.2615 0.2917 0.2052 0.0715
179 0.0848 0.1912 0.1548 0.5317 0.0374
180 0.0416 0.4075 0.4338 0.1132 0.0039
181 0.0405 0.5859 0.1219 0.2480 0.0036
182 0.0730 0.4685 0.1658 0.2468 0.0460
183 0.1499 0.6465 0.1234 0.0737 0.0067
184 0.0916 0.6558 0.1113 0.1311 0.0105
185 0.0624 0.5962 0.2177 0.1174 0.0061
186 0.0527 0.4448 0.2135 0.2742 0.0149
187 0.1483 0.3970 0.2092 0.2316 0.0137
188 0.0531 0.1366 0.4551 0.3435 0.0118
189 0.3228 0.2236 0.3660 0.0804 0.0072
190 0.2876 0.2559 0.3931 0.0580 0.0056
191 0.0316 0.1173 0.6748 0.1733 0.0028
192 0.0189 0.2869 0.3743 0.3152 0.0047
193 0.0174 0.2059 0.1818 0.5864 0.0082
194 0.0264 0.1819 0.2605 0.5264 0.0050
195 0.0531 0.2235 0.2915 0.4177 0.0142
196 0.0176 0.2581 0.2010 0.5054 0.0178
197 0.0385 0.0606 0.2983 0.5840 0.0185
198 0.0498 0.1105 0.2651 0.5439 0.0305
199 0.0401 0.0507 0.2617 0.6377 0.0098
200 0.0706 0.4001 0.2297 0.2881 0.0113
201 0.0615 0.4202 0.1204 0.3826 0.0154
202 0.1224 0.2251 0.2340 0.3950 0.0235
203 0.0656 0.4277 0.2678 0.2006 0.0383
204 0.0737 0.3379 0.2891 0.2147 0.0848
205 0.0735 0.2886 0.1290 0.4871 0.0217
206 0.1483 0.1790 0.0807 0.5601 0.0321
207 0.2693 0.2451 0.1429 0.3223 0.0206
208 0.1448 0.2482 0.5171 0.0831 0.0067
209 0.0284 0.5649 0.3428 0.0529 0.0111
210 0.3274 0.0625 0.0998 0.4543 0.0560
211 0.2698 0.1274 0.0557 0.4810 0.0661
212 0.1686 0.2913 0.1571 0.3625 0.0204
213 0.2114 0.3459 0.2002 0.1823 0.0601
214 0.1086 0.3296 0.2817 0.2546 0.0254
215 0.1636 0.3303 0.3354 0.1455 0.0251
216 0.0717 0.1415 0.1350 0.6050 0.0467
217 0.0162 0.4048 0.4807 0.0947 0.0037
218 0.1737 0.4399 0.1251 0.2264 0.0347
219 0.0486 0.1533 0.4041 0.3794 0.0146
220 0.0571 0.2681 0.3086 0.3337 0.0325
221 0.0634 0.0460 0.1998 0.6758 0.0148
222 0.1110 0.2296 0.2642 0.3699 0.0254
223 0.1405 0.1906 0.2334 0.4160 0.0195
224 0.2284 0.1054 0.1251 0.5068 0.0342
225 0.1610 0.1089 0.1273 0.5708 0.0320
226 0.2385 0.0473 0.0745 0.6187 0.0210
227 0.2007 0.0496 0.2039 0.5166 0.0291
228 0.4133 0.0887 0.1792 0.2776 0.0413
229 0.3169 0.0685 0.1556 0.4297 0.0295
230 0.2118 0.0454 0.1245 0.5986 0.0195
231 0.2200 0.0332 0.0931 0.6367 0.0171
232 0.1538 0.1538 0.1445 0.5044 0.0434
