time exciting_prob fearful_prob tense_prob sad_prob relaxing_prob
0 0.3020 0.0277 0.2927 0.3643 0.0132
1 0.1589 0.1059 0.4897 0.2106 0.0349
2 0.1545 0.1671 0.3120 0.3220 0.0443
3 0.0667 0.0810 0.5322 0.3081 0.0119
4 0.2988 0.0804 0.2327 0.2896 0.0985
5 0.1489 0.0651 0.2739 0.3923 0.1197
6 0.2607 0.0629 0.1486 0.4871 0.0409
7 0.2014 0.0624 0.2179 0.4470 0.0713
8 0.1794 0.0483 0.4878 0.2377 0.0468
9 0.1829 0.0549 0.4387 0.2876 0.0360
10 0.1544 0.0192 0.5474 0.2467 0.0323
11 0.1597 0.0766 0.2512 0.4766 0.0362
12 0.0924 0.1224 0.6025 0.1647 0.0182
13 0.2563 0.0943 0.4941 0.1310 0.0242
14 0.3115 0.2749 0.1519 0.2279 0.0339
15 0.1862 0.1951 0.3821 0.1833 0.0533
16 0.2151 0.3130 0.3601 0.0829 0.0289
17 0.0374 0.1962 0.6138 0.1459 0.0066
18 0.0877 0.2292 0.5049 0.1652 0.0130
19 0.1541 0.1903 0.4155 0.2156 0.0246
20 0.1630 0.2729 0.1776 0.3215 0.0648
21 0.1051 0.5908 0.1844 0.0679 0.0520
22 0.0934 0.1109 0.3665 0.4089 0.0202
23 0.1422 0.2203 0.2135 0.3989 0.0251
24 0.1635 0.2869 0.3174 0.2251 0.0072
25 0.1345 0.2084 0.3923 0.2573 0.0075
26 0.0715 0.1455 0.5405 0.2361 0.0066
27 0.0967 0.1752 0.4873 0.2163 0.0245
28 0.1500 0.3711 0.3799 0.0895 0.0093
29 0.1641 0.2881 0.4531 0.0878 0.0070
30 0.0970 0.1613 0.4741 0.2559 0.0118
31 0.0947 0.2576 0.5161 0.1284 0.0031
32 0.1281 0.3452 0.2646 0.2566 0.0056
33 0.0844 0.3015 0.3638 0.2461 0.0043
34 0.0784 0.4473 0.4138 0.0534 0.0071
35 0.0605 0.2448 0.2448 0.4434 0.0067
36 0.0905 0.3721 0.2898 0.2366 0.0110
37 0.0592 0.2002 0.3054 0.4307 0.0046
38 0.1854 0.3179 0.3745 0.0970 0.0251
39 0.1259 0.2174 0.4531 0.1918 0.0120
40 0.0547 0.2131 0.3655 0.3599 0.0069
41 0.0338 0.3960 0.4629 0.0978 0.0094
42 0.0767 0.1152 0.1526 0.6475 0.0080
43 0.1226 0.2827 0.2117 0.3716 0.0115
44 0.0493 0.1998 0.1631 0.5737 0.0142
45 0.0598 0.2947 0.4636 0.1627 0.0193
46 0.1040 0.0925 0.2151 0.5664 0.0218
47 0.0906 0.2351 0.3699 0.2793 0.0250
48 0.2012 0.2352 0.4902 0.0425 0.0309
49 0.0928 0.4065 0.2793 0.2013 0.0199
50 0.1290 0.3425 0.2861 0.2078 0.0347
51 0.0651 0.1914 0.5718 0.1550 0.0167
52 0.0784 0.2269 0.5273 0.1609 0.0062
53 0.1539 0.0693 0.4182 0.3257 0.0328
54 0.2085 0.0804 0.3774 0.2893 0.0444
55 0.2397 0.0743 0.4077 0.2512 0.0269
56 0.1068 0.1249 0.6147 0.1329 0.0206
57 0.0748 0.1214 0.7095 0.0809 0.0135
58 0.0524 0.0550 0.8330 0.0485 0.0109
59 0.1362 0.0509 0.3479 0.4536 0.0114
60 0.1801 0.0806 0.3286 0.4028 0.0079
61 0.2106 0.0632 0.4819 0.2277 0.0165
62 0.4021 0.1562 0.3284 0.1058 0.0075
63 0.3147 0.1063 0.4236 0.1464 0.0091
64 0.2023 0.1296 0.3284 0.3308 0.0089
65 0.2054 0.1930 0.3662 0.2257 0.0096
66 0.3137 0.3696 0.1553 0.1459 0.0155
67 0.3616 0.1951 0.3369 0.0872 0.0192
68 0.4021 0.1599 0.3181 0.0919 0.0280
69 0.4417 0.0883 0.2256 0.2186 0.0257
70 0.1980 0.1404 0.2043 0.3613 0.0958
71 0.3308 0.2021 0.2896 0.0933 0.0843
72 0.0971 0.1857 0.4285 0.2257 0.0632
73 0.0719 0.2031 0.5107 0.1046 0.1096
74 0.2062 0.2354 0.1331 0.3850 0.0403
75 0.2698 0.2554 0.1549 0.2849 0.0349
76 0.1573 0.5449 0.2382 0.0480 0.0115
77 0.3960 0.2744 0.1901 0.1152 0.0244
78 0.0903 0.1560 0.3252 0.3684 0.0602
79 0.0851 0.0920 0.3816 0.4126 0.0285
80 0.0262 0.3701 0.5059 0.0958 0.0022
81 0.0875 0.3406 0.3713 0.1926 0.0080
82 0.1296 0.1403 0.3582 0.3638 0.0082
83 0.2347 0.3469 0.3442 0.0575 0.0167
84 0.0685 0.5303 0.2927 0.0653 0.0432
85 0.0552 0.1245 0.5493 0.2554 0.0158
86 0.1926 0.1957 0.4692 0.1150 0.0275
87 0.2549 0.1486 0.3765 0.1908 0.0293
88 0.1661 0.6270 0.1525 0.0414 0.0129
89 0.0983 0.6719 0.2064 0.0161 0.0075
90 0.1775 0.1919 0.4001 0.1890 0.0415
91 0.1437 0.1816 0.5337 0.1210 0.0199
92 0.1471 0.4094 0.3042 0.1210 0.0184
93 0.0597 0.2454 0.3801 0.2654 0.0495
94 0.1184 0.1222 0.4133 0.2979 0.0482
95 0.1080 0.3101 0.2048 0.2693 0.1080
96 0.1183 0.2194 0.3320 0.3069 0.0233
97 0.1215 0.2455 0.1824 0.4111 0.0395
98 0.0682 0.1755 0.2939 0.3330 0.1294
99 0.0323 0.0402 0.1027 0.8076 0.0172
100 0.0577 0.2197 0.4951 0.2163 0.0113
101 0.1248 0.1707 0.4028 0.2947 0.0069
102 0.2312 0.2832 0.3416 0.1257 0.0182
103 0.1132 0.0518 0.2756 0.4993 0.0601
104 0.0898 0.5010 0.2944 0.1075 0.0075
105 0.1594 0.1194 0.4685 0.2356 0.0172
106 0.3396 0.4905 0.1472 0.0154 0.0073
107 0.4067 0.3762 0.1877 0.0206 0.0086
108 0.0591 0.0439 0.7788 0.1122 0.0057
109 0.2173 0.2600 0.3499 0.1627 0.0099
110 0.1759 0.2661 0.3472 0.2025 0.0081
111 0.2203 0.1827 0.3521 0.2383 0.0065
112 0.1104 0.3735 0.4504 0.0644 0.0013
113 0.1708 0.2563 0.4534 0.1137 0.0060
114 0.1792 0.1281 0.4832 0.1848 0.0248
115 0.2333 0.1201 0.3420 0.2812 0.0233
116 0.4016 0.1636 0.2761 0.1124 0.0461
117 0.2173 0.1328 0.3755 0.2622 0.0122
118 0.2205 0.2991 0.2205 0.2311 0.0289
119 0.4951 0.1752 0.1970 0.0847 0.0479
120 0.0892 0.2974 0.4751 0.1259 0.0127
121 0.0269 0.0790 0.8760 0.0172 0.0011
122 0.1700 0.1838 0.2961 0.3279 0.0221
123 0.1285 0.1143 0.6323 0.0544 0.0704
124 0.1478 0.1016 0.6226 0.0904 0.0377
125 0.1372 0.0951 0.6152 0.0654 0.0872
126 0.1362 0.0384 0.1202 0.6704 0.0345
127 0.3860 0.1421 0.3628 0.1031 0.0061
128 0.0744 0.3184 0.4854 0.1171 0.0048
129 0.0589 0.2766 0.6040 0.0589 0.0016
130 0.0873 0.4133 0.3706 0.1271 0.0017
131 0.0450 0.4299 0.2734 0.2412 0.0104
132 0.0933 0.2498 0.0792 0.5718 0.0063
133 0.2067 0.2715 0.0714 0.4443 0.0060
134 0.0805 0.2072 0.1992 0.5088 0.0042
135 0.1250 0.2246 0.5024 0.1331 0.0149
136 0.0309 0.1779 0.7256 0.0564 0.0094
137 0.0423 0.0809 0.1158 0.7554 0.0054
138 0.0555 0.0989 0.6499 0.1643 0.0314
139 0.0650 0.1398 0.5889 0.1941 0.0123
140 0.0502 0.2979 0.5923 0.0534 0.0060
141 0.0371 0.3130 0.4485 0.1959 0.0055
142 0.0668 0.3164 0.3584 0.2502 0.0080
143 0.3364 0.1541 0.2581 0.2009 0.0504
144 0.5410 0.1501 0.1797 0.1090 0.0203
145 0.1401 0.1083 0.5767 0.1639 0.0110
146 0.2986 0.1108 0.4346 0.1346 0.0213
147 0.0996 0.1748 0.0936 0.6294 0.0025
148 0.0353 0.0902 0.1488 0.7207 0.0047
149 0.0353 0.4478 0.2891 0.2217 0.0061
150 0.1129 0.3506 0.3242 0.2029 0.0096
151 0.1159 0.2323 0.4375 0.2035 0.0109
152 0.0713 0.4541 0.4299 0.0388 0.0060
153 0.1790 0.0758 0.4790 0.2263 0.0399
154 0.0456 0.1530 0.4709 0.3237 0.0068
155 0.0284 0.1649 0.0579 0.7451 0.0036
156 0.0510 0.1261 0.1046 0.7148 0.0036
157 0.0676 0.2571 0.1097 0.5615 0.0045
158 0.0396 0.1815 0.1026 0.6743 0.0018
159 0.0746 0.2815 0.1681 0.4714 0.0042
160 0.0383 0.1434 0.1975 0.6182 0.0026
161 0.0577 0.4231 0.2954 0.2161 0.0077
162 0.0457 0.0937 0.5830 0.2710 0.0067
163 0.2050 0.2759 0.2472 0.2512 0.0209
164 0.1482 0.1172 0.3137 0.4092 0.0115
165 0.2852 0.1422 0.4084 0.1188 0.0455
166 0.3635 0.1317 0.3721 0.1171 0.0156
167 0.2494 0.3628 0.2827 0.0842 0.0210
168 0.3184 0.1368 0.2722 0.2479 0.0247
169 0.2571 0.1124 0.3354 0.2825 0.0126
170 0.3594 0.2080 0.1418 0.2778 0.0130
171 0.4045 0.1912 0.1768 0.2115 0.0159
172 0.2964 0.2805 0.2418 0.1649 0.0163
173 0.1672 0.2800 0.3887 0.1522 0.0119
174 0.1958 0.1410 0.3894 0.2185 0.0552
175 0.3044 0.1472 0.2334 0.3044 0.0107
176 0.1301 0.1779 0.2932 0.3767 0.0221
177 0.3176 0.1537 0.3408 0.1741 0.0136
178 0.5571 0.2115 0.1621 0.0592 0.0099
179 0.1981 0.2317 0.4001 0.1592 0.0107
180 0.1771 0.3308 0.4592 0.0249 0.0078
181 0.2769 0.2368 0.3064 0.1615 0.0184
182 0.1772 0.1947 0.4600 0.1565 0.0116
183 0.2240 0.2499 0.3550 0.1527 0.0184
184 0.3369 0.1831 0.2664 0.1996 0.0141
185 0.0944 0.4167 0.3196 0.0555 0.1139
186 0.3286 0.1962 0.2385 0.1092 0.1277
187 0.2634 0.1345 0.3079 0.2218 0.0726
188 0.0485 0.0533 0.2074 0.6802 0.0108
189 0.2644 0.1761 0.4712 0.0525 0.0358
190 0.1068 0.3044 0.5259 0.0493 0.0137
191 0.1191 0.3555 0.2683 0.1136 0.1436
192 0.2499 0.2703 0.3110 0.0884 0.0805
193 0.0361 0.0604 0.0752 0.8213 0.0069
194 0.0991 0.1122 0.2568 0.4800 0.0518
195 0.0518 0.2489 0.4041 0.2820 0.0133
196 0.1192 0.1542 0.1019 0.6196 0.0051
197 0.0311 0.1035 0.2124 0.6440 0.0091
198 0.1130 0.0959 0.2864 0.4949 0.0100
199 0.0470 0.0948 0.2312 0.6187 0.0083
200 0.0830 0.0993 0.4629 0.3281 0.0265
201 0.1342 0.1697 0.2710 0.4006 0.0244
202 0.1753 0.1488 0.2434 0.3711 0.0615
203 0.1561 0.2236 0.4050 0.1586 0.0565
204 0.0775 0.2026 0.5015 0.1816 0.0369
205 0.2410 0.2710 0.2908 0.1848 0.0125
206 0.1005 0.1053 0.5972 0.1820 0.0151
207 0.0914 0.0501 0.2371 0.6152 0.0064
208 0.3169 0.1406 0.1544 0.3677 0.0204
209 0.2300 0.0573 0.0801 0.6250 0.0075
210 0.1061 0.0586 0.2046 0.6201 0.0103
211 0.1517 0.0294 0.3162 0.4822 0.0204
212 0.1342 0.1321 0.3071 0.4133 0.0135
213 0.2365 0.1564 0.2103 0.3809 0.0160
214 0.3440 0.1945 0.3157 0.1306 0.0151
215 0.3264 0.1102 0.3447 0.1591 0.0594
216 0.4565 0.0504 0.0763 0.3967 0.0201
217 0.1057 0.5244 0.2808 0.0823 0.0069
218 0.0500 0.1482 0.5254 0.2683 0.0083
219 0.3438 0.1537 0.3105 0.1769 0.0152
220 0.2112 0.0753 0.2047 0.4988 0.0100
221 0.2225 0.2581 0.3289 0.1680 0.0226
222 0.0749 0.0535 0.5708 0.2739 0.0269
223 0.1505 0.1874 0.4858 0.1257 0.0504
224 0.6509 0.1487 0.1014 0.0789 0.0203
225 0.2046 0.0659 0.1923 0.5225 0.0147
226 0.1616 0.1580 0.2686 0.4001 0.0117
227 0.3545 0.0803 0.1636 0.3833 0.0184
228 0.5469 0.1003 0.2279 0.1111 0.0138
229 0.0915 0.0600 0.3452 0.4946 0.0086
230 0.1835 0.0505 0.3765 0.3823 0.0073
231 0.2915 0.1973 0.3252 0.1572 0.0289
232 0.0423 0.1167 0.7148 0.1167 0.0096
233 0.0398 0.0732 0.1991 0.6841 0.0037
234 0.1155 0.1278 0.2581 0.4861 0.0125
235 0.0465 0.0969 0.1810 0.6621 0.0135
236 0.0225 0.0273 0.1245 0.8242 0.0016
237 0.2356 0.1428 0.2063 0.3945 0.0209
238 0.0317 0.0506 0.2268 0.6880 0.0029
239 0.0339 0.1578 0.1875 0.6147 0.0060
240 0.2856 0.1136 0.1614 0.4221 0.0174
241 0.2377 0.0298 0.1398 0.5791 0.0137
242 0.0696 0.1656 0.4036 0.3562 0.0049
243 0.1208 0.0688 0.4153 0.3184 0.0768
244 0.3848 0.1531 0.2974 0.1372 0.0275
245 0.2207 0.0844 0.0892 0.5728 0.0331
246 0.3394 0.2388 0.2881 0.0965 0.0372
247 0.0789 0.4541 0.4070 0.0497 0.0104
248 0.2177 0.0595 0.4829 0.1921 0.0478
249 0.2145 0.1544 0.4722 0.1509 0.0081
250 0.1801 0.2661 0.3579 0.1317 0.0642
251 0.1957 0.1796 0.2961 0.2739 0.0548
252 0.4214 0.1613 0.2852 0.0933 0.0389
253 0.1643 0.0866 0.2429 0.4609 0.0453
254 0.1415 0.2042 0.4602 0.0775 0.1164
255 0.0347 0.1174 0.2815 0.4292 0.1372
256 0.0640 0.2491 0.2651 0.2532 0.1686
257 0.0955 0.0398 0.3232 0.1456 0.3960
258 0.1278 0.0913 0.1554 0.6099 0.0159
259 0.1159 0.0946 0.4514 0.3103 0.0280
260 0.2101 0.0738 0.1943 0.5122 0.0098
261 0.1279 0.1061 0.2544 0.5059 0.0057
262 0.1062 0.1185 0.4402 0.2979 0.0373
263 0.1792 0.2179 0.1779 0.4070 0.0182
264 0.2500 0.3015 0.3015 0.1228 0.0240
265 0.1068 0.1719 0.1051 0.6050 0.0115
266 0.0829 0.0842 0.5156 0.3079 0.0096
267 0.1880 0.1534 0.1659 0.4836 0.0090
268 0.1896 0.3076 0.1647 0.3225 0.0157
269 0.1378 0.3689 0.0507 0.4314 0.0112
270 0.2700 0.2006 0.1433 0.3689 0.0171
271 0.0808 0.4167 0.4302 0.0629 0.0093
272 0.0669 0.1461 0.5518 0.2300 0.0054
273 0.2491 0.1252 0.2693 0.3301 0.0263
274 0.2712 0.1322 0.1510 0.4299 0.0157
275 0.2976 0.0740 0.0989 0.4905 0.0390
276 0.1876 0.0393 0.3047 0.4502 0.0182
277 0.1041 0.0496 0.5205 0.2788 0.0469
278 0.0631 0.1346 0.7568 0.0315 0.0140
279 0.1908 0.1509 0.5879 0.0361 0.0345
280 0.1886 0.1296 0.6235 0.0313 0.0270
281 0.4937 0.2058 0.1085 0.1693 0.0229
282 0.2983 0.0714 0.0666 0.5400 0.0235
283 0.1586 0.1840 0.4209 0.1755 0.0611
284 0.1659 0.1387 0.4441 0.2131 0.0382
285 0.1559 0.0483 0.1420 0.6167 0.0370
286 0.0249 0.0905 0.2205 0.6582 0.0061
287 0.0751 0.1719 0.4390 0.3018 0.0124
288 0.3379 0.1454 0.2434 0.2397 0.0335
289 0.1544 0.0586 0.3884 0.3535 0.0450
290 0.2200 0.0280 0.1089 0.5977 0.0454
291 0.1017 0.0519 0.1411 0.6733 0.0320
292 0.3284 0.0598 0.1208 0.3496 0.1412
293 0.9912 0.0026 0.0006 0.0055 0.0003
294 0.9907 0.0029 0.0007 0.0052 0.0003
295 0.9912 0.0022 0.0005 0.0056 0.0003
296 0.9917 0.0024 0.0005 0.0051 0.0003
297 0.9917 0.0024 0.0005 0.0052 0.0003
298 0.9917 0.0025 0.0005 0.0049 0.0003
299 0.9917 0.0026 0.0006 0.0050 0.0003
300 0.9902 0.0029 0.0006 0.0058 0.0003
301 0.9912 0.0029 0.0006 0.0052 0.0003
302 0.2192 0.2299 0.1249 0.3730 0.0529
303 0.2192 0.2299 0.1249 0.3730 0.0529
304 0.2192 0.2299 0.1249 0.3730 0.0529
305 0.5410 0.2476 0.1455 0.0327 0.0333
306 0.5391 0.2468 0.1475 0.0331 0.0334
307 0.5439 0.2491 0.1420 0.0319 0.0329
308 0.5439 0.2491 0.1420 0.0319 0.0329
309 0.5439 0.2491 0.1420 0.0319 0.0329
310 0.2037 0.2830 0.2496 0.2310 0.0327
311 0.2037 0.2830 0.2496 0.2310 0.0327
312 0.2695 0.2343 0.0917 0.3572 0.0472
