time exciting_prob fearful_prob tense_prob sad_prob relaxing_prob
0 0.2037 0.2830 0.2496 0.2310 0.0327
1 0.1368 0.1189 0.0884 0.6426 0.0131
2 0.2683 0.0178 0.0705 0.0756 0.5679
3 0.3521 0.0216 0.1959 0.1198 0.3105
4 0.3591 0.0311 0.3096 0.0555 0.2449
5 0.2952 0.0387 0.4980 0.0277 0.1405
6 0.1659 0.0309 0.4839 0.0348 0.2844
7 0.1393 0.0415 0.4392 0.0270 0.3530
8 0.2218 0.1443 0.1584 0.1294 0.3462
9 0.0303 0.0154 0.1433 0.0115 0.7993
10 0.1787 0.0642 0.6958 0.0249 0.0363
11 0.5566 0.0539 0.1880 0.0790 0.1223
12 0.3586 0.1543 0.2125 0.0928 0.1818
13 0.3081 0.0829 0.4243 0.0855 0.0992
14 0.3547 0.0284 0.1057 0.0933 0.4180
15 0.1848 0.1194 0.2886 0.0564 0.3508
16 0.2913 0.0790 0.3174 0.1910 0.1214
17 0.1425 0.0898 0.6284 0.0229 0.1163
18 0.3784 0.0181 0.3611 0.0845 0.1578
19 0.2529 0.0902 0.3301 0.1633 0.1633
20 0.1429 0.0759 0.5396 0.0821 0.1595
21 0.3779 0.3086 0.1829 0.0328 0.0978
22 0.3115 0.3557 0.2644 0.0199 0.0485
23 0.2576 0.0804 0.4414 0.1116 0.1090
24 0.1005 0.0873 0.6152 0.0795 0.1174
25 0.5361 0.2020 0.0715 0.1098 0.0803
26 0.2576 0.4419 0.1855 0.0231 0.0919
27 0.4116 0.1265 0.2457 0.0575 0.1587
28 0.2076 0.0723 0.4226 0.1383 0.1592
29 0.2491 0.3857 0.1753 0.0703 0.1195
30 0.1713 0.0298 0.0815 0.0298 0.6880
31 0.2261 0.0668 0.1707 0.0463 0.4900
32 0.3962 0.2600 0.1564 0.0566 0.1307
33 0.3752 0.1370 0.2539 0.1692 0.0647
34 0.0504 0.0137 0.0301 0.0131 0.8926
35 0.0146 0.0145 0.0629 0.0193 0.8887
36 0.1179 0.0738 0.4592 0.3157 0.0335
37 0.1597 0.0822 0.3149 0.3740 0.0692
38 0.4043 0.2800 0.1698 0.0370 0.1088
39 0.4001 0.0509 0.2793 0.1119 0.1578
40 0.1893 0.0518 0.1864 0.0332 0.5396
41 0.2053 0.1929 0.1490 0.1743 0.2786
42 0.1456 0.0792 0.3748 0.0798 0.3206
43 0.2417 0.0626 0.2068 0.1636 0.3252
44 0.4189 0.1392 0.2350 0.0442 0.1627
45 0.0401 0.0738 0.3521 0.5288 0.0052
46 0.0703 0.1141 0.5190 0.2651 0.0312
47 0.1825 0.0401 0.1942 0.0469 0.5361
48 0.0961 0.0354 0.2343 0.0267 0.6074
49 0.3533 0.1340 0.2793 0.2299 0.0036
50 0.1144 0.4185 0.4055 0.0263 0.0354
51 0.3210 0.0964 0.1154 0.0455 0.4219
52 0.1602 0.2993 0.1470 0.0598 0.3337
53 0.3916 0.0582 0.3887 0.0625 0.0991
54 0.2932 0.0403 0.2394 0.0867 0.3403
55 0.0781 0.0210 0.0781 0.0466 0.7764
56 0.3513 0.1633 0.2452 0.1365 0.1038
57 0.2869 0.1687 0.3354 0.1007 0.1081
58 0.3728 0.2026 0.1494 0.1060 0.1693
59 0.2169 0.0843 0.3335 0.0496 0.3157
60 0.3354 0.3228 0.1477 0.0842 0.1098
61 0.2085 0.1444 0.5850 0.0473 0.0149
62 0.1561 0.1024 0.3518 0.1729 0.2168
63 0.2830 0.1091 0.5122 0.0294 0.0662
64 0.3083 0.2852 0.1255 0.1841 0.0970
65 0.4229 0.3372 0.1555 0.0396 0.0449
66 0.1113 0.1923 0.1893 0.0937 0.4133
67 0.3516 0.4622 0.1727 0.0012 0.0125
68 0.0986 0.0545 0.0818 0.1118 0.6533
69 0.2161 0.2585 0.1086 0.0547 0.3618
70 0.1310 0.1682 0.5142 0.1593 0.0273
71 0.4148 0.2917 0.2637 0.0062 0.0236
72 0.2512 0.2612 0.2473 0.1080 0.1323
73 0.5649 0.2111 0.1166 0.0582 0.0493
74 0.2162 0.0326 0.5103 0.1157 0.1251
75 0.1948 0.0292 0.5054 0.1163 0.1542
76 0.6152 0.2142 0.1555 0.0015 0.0135
77 0.1704 0.0739 0.4216 0.1527 0.1814
78 0.3135 0.0956 0.3086 0.0979 0.1843
79 0.4990 0.2001 0.1632 0.0753 0.0624
80 0.2402 0.3662 0.3496 0.0360 0.0079
81 0.7397 0.1306 0.1152 0.0031 0.0111
82 0.3486 0.0551 0.3379 0.1132 0.1453
83 0.7524 0.0684 0.1528 0.0037 0.0227
84 0.6167 0.0708 0.2510 0.0397 0.0219
85 0.0557 0.0491 0.1942 0.2201 0.4807
86 0.1357 0.0715 0.5244 0.2169 0.0511
87 0.2382 0.1400 0.4380 0.0970 0.0869
88 0.2075 0.2903 0.4160 0.0618 0.0244
89 0.7124 0.0493 0.2242 0.0044 0.0096
90 0.1221 0.1630 0.3506 0.3506 0.0139
91 0.2184 0.1927 0.4343 0.0507 0.1039
92 0.1088 0.5654 0.2510 0.0724 0.0022
93 0.3408 0.1782 0.3252 0.1133 0.0423
94 0.7324 0.1186 0.1334 0.0046 0.0111
95 0.6411 0.1487 0.1970 0.0038 0.0096
96 0.3101 0.1488 0.3684 0.1713 0.0014
97 0.2595 0.2678 0.3896 0.0817 0.0014
98 0.2318 0.3145 0.2710 0.1631 0.0196
99 0.0424 0.5010 0.3137 0.1392 0.0036
100 0.2930 0.3145 0.1332 0.0564 0.2030
101 0.1234 0.0539 0.2651 0.4729 0.0848
102 0.1666 0.1448 0.4058 0.2423 0.0405
103 0.2346 0.3494 0.3232 0.0622 0.0305
104 0.7954 0.1003 0.0851 0.0040 0.0154
105 0.2390 0.0418 0.1155 0.1776 0.4260
106 0.3684 0.1187 0.1205 0.0822 0.3103
107 0.4661 0.1274 0.0552 0.0552 0.2961
108 0.0894 0.1364 0.3765 0.0908 0.3071
109 0.4868 0.1520 0.1078 0.1212 0.1321
110 0.2233 0.4915 0.1766 0.0697 0.0388
111 0.0793 0.0355 0.0643 0.7832 0.0378
112 0.2335 0.1129 0.1630 0.4500 0.0406
113 0.4436 0.3096 0.2301 0.0055 0.0111
114 0.3372 0.4229 0.2263 0.0026 0.0112
115 0.1653 0.6094 0.2073 0.0133 0.0048
116 0.2529 0.3433 0.3889 0.0086 0.0064
117 0.1111 0.0950 0.3938 0.0633 0.3369
118 0.0914 0.1212 0.2729 0.0782 0.4363
119 0.1332 0.1194 0.1683 0.4578 0.1213
120 0.3870 0.1074 0.4055 0.0223 0.0780
121 0.1165 0.3850 0.1847 0.2280 0.0859
122 0.3220 0.1738 0.4543 0.0267 0.0231
123 0.1313 0.0760 0.4172 0.2822 0.0931
124 0.4009 0.1521 0.4268 0.0066 0.0137
125 0.1241 0.2144 0.0873 0.3479 0.2264
126 0.4922 0.1197 0.3384 0.0362 0.0134
127 0.1212 0.4194 0.1340 0.3142 0.0111
128 0.1194 0.2734 0.4507 0.1113 0.0450
129 0.3921 0.1039 0.1273 0.2959 0.0809
130 0.1537 0.0682 0.2654 0.4587 0.0539
131 0.6538 0.0949 0.1403 0.0344 0.0768
132 0.8076 0.0452 0.1350 0.0021 0.0099
133 0.5005 0.0898 0.1704 0.1479 0.0912
134 0.4536 0.2263 0.2566 0.0568 0.0066
135 0.2854 0.1978 0.1338 0.2993 0.0837
136 0.5874 0.1937 0.1157 0.0517 0.0513
137 0.4714 0.0554 0.2996 0.1019 0.0717
138 0.4014 0.0543 0.3225 0.1442 0.0778
139 0.4941 0.1804 0.2262 0.0770 0.0222
140 0.7109 0.1326 0.1455 0.0026 0.0085
141 0.6699 0.0839 0.0893 0.0950 0.0618
142 0.4756 0.2954 0.0741 0.1036 0.0513
143 0.5781 0.1936 0.0729 0.1086 0.0467
144 0.4480 0.1196 0.2004 0.1610 0.0709
145 0.8164 0.0370 0.0960 0.0209 0.0297
146 0.1758 0.1266 0.4285 0.2598 0.0092
147 0.1238 0.0336 0.1844 0.6191 0.0392
148 0.2474 0.1206 0.1115 0.5039 0.0166
149 0.6162 0.0909 0.2712 0.0127 0.0090
150 0.1873 0.3286 0.4219 0.0488 0.0135
151 0.6318 0.1169 0.1973 0.0310 0.0230
152 0.4287 0.1317 0.2747 0.0972 0.0678
153 0.4526 0.1172 0.2922 0.0781 0.0598
154 0.7275 0.0836 0.0992 0.0503 0.0395
155 0.3215 0.1449 0.4226 0.0623 0.0486
156 0.2532 0.2100 0.4998 0.0267 0.0105
157 0.3816 0.1137 0.4226 0.0648 0.0173
158 0.5327 0.1357 0.3035 0.0052 0.0227
159 0.3574 0.1959 0.4380 0.0028 0.0059
160 0.2593 0.0842 0.4514 0.1609 0.0443
161 0.1284 0.0320 0.2761 0.5493 0.0142
162 0.1632 0.5835 0.1292 0.1079 0.0164
163 0.0732 0.1870 0.2517 0.4851 0.0031
164 0.4253 0.1602 0.3904 0.0127 0.0112
165 0.0391 0.8228 0.1292 0.0053 0.0035
166 0.0295 0.7207 0.2147 0.0334 0.0015
167 0.7012 0.1010 0.0473 0.1296 0.0208
168 0.6792 0.1256 0.1370 0.0389 0.0191
169 0.6118 0.0983 0.1881 0.0611 0.0407
170 0.5469 0.0638 0.3140 0.0422 0.0331
171 0.5981 0.1215 0.1072 0.0322 0.1410
172 0.3730 0.2751 0.2793 0.0393 0.0331
173 0.4209 0.3008 0.1897 0.0760 0.0125
174 0.3262 0.1732 0.2725 0.1339 0.0942
175 0.3206 0.2185 0.1490 0.2827 0.0291
176 0.2905 0.3215 0.2952 0.0788 0.0139
177 0.4895 0.0622 0.3337 0.0180 0.0964
178 0.4141 0.0687 0.4045 0.0237 0.0889
179 0.1384 0.1147 0.5303 0.1863 0.0302
180 0.1309 0.0679 0.3848 0.3909 0.0258
181 0.1759 0.0562 0.2156 0.5254 0.0270
182 0.2140 0.1339 0.1382 0.4675 0.0463
183 0.2140 0.1339 0.1382 0.4675 0.0463
