time exciting_prob fearful_prob tense_prob sad_prob relaxing_prob
0 0.2037 0.2830 0.2496 0.2310 0.0327
1 0.1099 0.3059 0.0335 0.5044 0.0465
2 0.1099 0.3059 0.0320 0.5044 0.0477
3 0.1035 0.3445 0.0415 0.4709 0.0396
4 0.1250 0.5967 0.2126 0.0425 0.0233
5 0.1089 0.7329 0.0984 0.0020 0.0579
6 0.0791 0.2515 0.2656 0.0519 0.3518
7 0.0763 0.3262 0.1979 0.0632 0.3364
8 0.1080 0.3599 0.1987 0.0109 0.3225
9 0.2998 0.3645 0.3242 0.0068 0.0044
10 0.2356 0.3884 0.3650 0.0065 0.0045
11 0.1407 0.1487 0.3027 0.0808 0.3271
12 0.1512 0.1660 0.1488 0.2379 0.2961
13 0.2478 0.4629 0.2637 0.0026 0.0229
14 0.0064 0.0698 0.1344 0.7271 0.0625
15 0.0364 0.0302 0.0145 0.0089 0.9102
16 0.0306 0.0182 0.0161 0.0113 0.9238
17 0.1609 0.2959 0.1866 0.0514 0.3052
18 0.1520 0.3269 0.1260 0.0707 0.3245
19 0.1976 0.2810 0.4631 0.0173 0.0411
20 0.0541 0.1018 0.4353 0.3782 0.0306
21 0.0688 0.2308 0.4736 0.0028 0.2238
22 0.1117 0.3440 0.3721 0.0046 0.1677
23 0.1616 0.1259 0.1220 0.0729 0.5176
24 0.1962 0.2057 0.1505 0.2405 0.2073
25 0.0746 0.5024 0.2930 0.0680 0.0619
26 0.2771 0.1555 0.5098 0.0478 0.0096
27 0.3113 0.0851 0.5132 0.0580 0.0326
28 0.1165 0.2192 0.5869 0.0155 0.0619
29 0.1044 0.2666 0.5557 0.0222 0.0513
30 0.0955 0.4146 0.3806 0.0062 0.1032
31 0.0858 0.2927 0.4463 0.0060 0.1693
32 0.1247 0.1931 0.1092 0.0140 0.5591
33 0.1707 0.2644 0.4126 0.0684 0.0839
34 0.2313 0.2725 0.4709 0.0109 0.0143
35 0.2285 0.2432 0.5107 0.0104 0.0071
36 0.4131 0.2078 0.2666 0.0595 0.0529
37 0.5259 0.1019 0.2158 0.1004 0.0559
38 0.0245 0.1040 0.1133 0.0476 0.7104
39 0.0974 0.7422 0.1484 0.0018 0.0104
40 0.1709 0.2908 0.2688 0.0211 0.2487
41 0.0634 0.4104 0.4507 0.0056 0.0697
42 0.0641 0.4282 0.4558 0.0044 0.0473
43 0.0676 0.3628 0.3984 0.0221 0.1489
44 0.0373 0.2954 0.5264 0.0216 0.1193
45 0.1943 0.1729 0.1274 0.0241 0.4812
46 0.3159 0.1379 0.1915 0.1010 0.2537
47 0.0555 0.3247 0.4436 0.0154 0.1606
48 0.0389 0.3904 0.3186 0.0118 0.2405
49 0.0348 0.2216 0.1243 0.0356 0.5840
50 0.0762 0.2367 0.1602 0.0098 0.5171
51 0.0572 0.1351 0.0907 0.0088 0.7080
52 0.1284 0.2495 0.3411 0.0317 0.2495
53 0.0506 0.3149 0.3982 0.1881 0.0483
54 0.0345 0.2668 0.5923 0.0654 0.0409
55 0.0740 0.3479 0.5142 0.0614 0.0027
56 0.0388 0.4045 0.3516 0.0468 0.1584
57 0.0292 0.2485 0.3044 0.0079 0.4097
58 0.0343 0.3284 0.2292 0.0059 0.4023
59 0.4844 0.1432 0.1987 0.1187 0.0552
60 0.0765 0.1864 0.0814 0.3887 0.2671
61 0.0276 0.1218 0.0627 0.0064 0.7817
62 0.2493 0.2341 0.4175 0.0676 0.0314
63 0.3486 0.2147 0.2549 0.0376 0.1442
64 0.3171 0.2732 0.2213 0.0982 0.0901
65 0.3179 0.3032 0.2117 0.0074 0.1598
66 0.1028 0.1044 0.5220 0.0663 0.2045
67 0.0254 0.0400 0.0314 0.0077 0.8955
68 0.0496 0.3335 0.4487 0.0085 0.1599
69 0.0893 0.1240 0.5137 0.1259 0.1472
70 0.0412 0.2773 0.3911 0.0873 0.2029
71 0.0621 0.6831 0.2361 0.0059 0.0127
72 0.1250 0.1655 0.6250 0.0690 0.0156
73 0.0870 0.2366 0.2087 0.0116 0.4561
74 0.1072 0.2783 0.3203 0.0410 0.2534
75 0.0381 0.2047 0.4612 0.0747 0.2213
76 0.1412 0.0883 0.3035 0.4487 0.0182
77 0.2134 0.3384 0.4209 0.0195 0.0078
78 0.0985 0.0527 0.1065 0.0312 0.7109
79 0.0578 0.1071 0.3623 0.0359 0.4370
80 0.2012 0.4463 0.2644 0.0165 0.0717
81 0.1622 0.6362 0.1511 0.0167 0.0335
82 0.0563 0.0989 0.2793 0.0098 0.5557
83 0.1274 0.3491 0.3154 0.0058 0.2021
84 0.0965 0.4290 0.4358 0.0207 0.0180
85 0.0677 0.5762 0.3281 0.0169 0.0112
86 0.0987 0.1759 0.4709 0.0455 0.2090
87 0.1300 0.1013 0.5649 0.0517 0.1521
88 0.0396 0.4255 0.4390 0.0052 0.0906
89 0.0514 0.0655 0.1038 0.0124 0.7671
90 0.1011 0.2622 0.4978 0.0361 0.1027
91 0.0687 0.4019 0.3333 0.0034 0.1929
92 0.0481 0.1963 0.3235 0.0357 0.3965
93 0.0690 0.3999 0.3755 0.0131 0.1426
94 0.2671 0.3650 0.1849 0.0197 0.1632
95 0.0462 0.6787 0.2421 0.0069 0.0261
96 0.0486 0.2842 0.5649 0.0840 0.0183
97 0.0771 0.4910 0.2712 0.0134 0.1475
98 0.0108 0.5654 0.4075 0.0052 0.0110
99 0.0160 0.6372 0.3306 0.0025 0.0136
100 0.0542 0.6011 0.2883 0.0099 0.0467
101 0.1566 0.5298 0.2261 0.0118 0.0757
102 0.1180 0.5459 0.3013 0.0093 0.0255
103 0.1213 0.4473 0.3274 0.0322 0.0719
104 0.0450 0.4404 0.4761 0.0151 0.0235
105 0.0835 0.5933 0.2551 0.0491 0.0188
106 0.0736 0.5527 0.3005 0.0453 0.0279
107 0.0286 0.2303 0.6772 0.0295 0.0345
108 0.0272 0.3608 0.5591 0.0097 0.0434
109 0.0309 0.2651 0.5703 0.0065 0.1272
110 0.2419 0.1770 0.4963 0.0646 0.0200
111 0.2793 0.2881 0.2351 0.0995 0.0980
112 0.0140 0.0569 0.2019 0.0116 0.7158
113 0.0584 0.1538 0.2700 0.0136 0.5044
114 0.0634 0.3677 0.4575 0.0190 0.0922
115 0.0855 0.0992 0.5039 0.0200 0.2915
116 0.1748 0.3645 0.2927 0.0075 0.1604
117 0.0872 0.5093 0.3447 0.0256 0.0333
118 0.0375 0.0429 0.1982 0.0076 0.7139
119 0.0516 0.2445 0.4568 0.0102 0.2369
120 0.0309 0.3196 0.5190 0.0093 0.1213
121 0.0429 0.3076 0.4839 0.0084 0.1571
122 0.0363 0.0478 0.1268 0.0123 0.7769
123 0.0685 0.1835 0.3794 0.0066 0.3621
124 0.0456 0.1483 0.2563 0.3789 0.1708
125 0.1736 0.1461 0.4646 0.1250 0.0908
126 0.0618 0.2295 0.4155 0.0333 0.2600
127 0.1085 0.6807 0.1329 0.0080 0.0701
128 0.0698 0.5200 0.3357 0.0241 0.0503
129 0.0678 0.2581 0.3210 0.1425 0.2106
130 0.0637 0.3232 0.3721 0.0511 0.1901
131 0.0859 0.4128 0.2974 0.0161 0.1876
132 0.0580 0.4419 0.4631 0.0022 0.0349
133 0.0679 0.1934 0.3611 0.1051 0.2727
134 0.0965 0.4751 0.3816 0.0229 0.0238
135 0.1750 0.2283 0.2668 0.0176 0.3120
136 0.0759 0.0930 0.4724 0.3350 0.0239
137 0.1376 0.1333 0.5703 0.1354 0.0235
138 0.2976 0.1028 0.2211 0.3022 0.0764
139 0.0948 0.1256 0.6582 0.1091 0.0123
140 0.0970 0.1108 0.3108 0.2576 0.2239
141 0.1687 0.2455 0.3684 0.0320 0.1853
142 0.0989 0.3735 0.4871 0.0353 0.0052
143 0.0773 0.2399 0.3716 0.0823 0.2289
144 0.0570 0.3279 0.3545 0.2476 0.0130
145 0.1135 0.3132 0.5166 0.0188 0.0380
146 0.0916 0.2629 0.4761 0.0482 0.1213
147 0.0283 0.4680 0.4131 0.0638 0.0266
148 0.0500 0.5908 0.1471 0.1339 0.0781
149 0.1127 0.2499 0.4121 0.0308 0.1946
150 0.0955 0.1327 0.5947 0.1017 0.0756
151 0.0289 0.5723 0.3525 0.0147 0.0318
152 0.0902 0.2377 0.2529 0.0840 0.3352
153 0.2482 0.2260 0.4424 0.0134 0.0700
154 0.2096 0.1835 0.5396 0.0373 0.0302
155 0.1735 0.4570 0.2859 0.0152 0.0685
156 0.2251 0.1205 0.6216 0.0168 0.0162
157 0.1246 0.1217 0.7227 0.0205 0.0104
158 0.0874 0.2756 0.6021 0.0057 0.0291
159 0.1897 0.0476 0.7329 0.0038 0.0261
160 0.2129 0.1079 0.4438 0.1223 0.1131
161 0.2510 0.2180 0.4268 0.0090 0.0952
162 0.1414 0.2240 0.5210 0.0369 0.0768
163 0.2205 0.2659 0.4351 0.0173 0.0612
164 0.0739 0.0850 0.7695 0.0524 0.0190
165 0.0768 0.1718 0.7119 0.0075 0.0318
166 0.1785 0.2421 0.5327 0.0229 0.0238
167 0.1410 0.0961 0.6670 0.0351 0.0606
168 0.1599 0.1285 0.5327 0.1116 0.0672
169 0.1111 0.2389 0.5386 0.0237 0.0879
170 0.1389 0.1411 0.5757 0.1226 0.0218
171 0.0748 0.1292 0.5747 0.0861 0.1354
172 0.1921 0.3940 0.3479 0.0177 0.0482
173 0.0942 0.0964 0.7769 0.0155 0.0172
174 0.1364 0.2015 0.6304 0.0165 0.0152
175 0.0963 0.2722 0.5166 0.0245 0.0905
176 0.2166 0.0861 0.5796 0.0479 0.0698
177 0.1499 0.0226 0.6021 0.1302 0.0953
178 0.1213 0.3145 0.5435 0.0031 0.0177
179 0.1409 0.3274 0.4475 0.0197 0.0645
180 0.1168 0.3052 0.4272 0.0204 0.1302
181 0.1230 0.4534 0.2749 0.0323 0.1164
182 0.0861 0.4172 0.4729 0.0168 0.0068
183 0.1263 0.0510 0.6118 0.1572 0.0535
184 0.0665 0.1333 0.6982 0.0218 0.0802
185 0.2244 0.1019 0.5820 0.0618 0.0299
186 0.1071 0.1711 0.2339 0.4438 0.0439
187 0.1665 0.2349 0.5376 0.0249 0.0360
188 0.3684 0.2473 0.0743 0.0645 0.2455
189 0.2600 0.0657 0.0392 0.0063 0.6289
190 0.2405 0.2769 0.3904 0.0268 0.0657
191 0.1181 0.0306 0.0571 0.0180 0.7764
192 0.1140 0.2048 0.3076 0.0113 0.3623
193 0.2042 0.0590 0.0668 0.0260 0.6440
194 0.2639 0.1930 0.1135 0.0178 0.4119
195 0.1716 0.2310 0.4316 0.0143 0.1515
196 0.2563 0.2092 0.1555 0.0061 0.3728
197 0.1819 0.1036 0.4868 0.1147 0.1129
198 0.3135 0.1392 0.4634 0.0562 0.0278
199 0.3718 0.1411 0.0963 0.0274 0.3633
200 0.1243 0.2471 0.3767 0.0087 0.2433
201 0.2274 0.1049 0.0699 0.2537 0.3440
202 0.0524 0.0155 0.0448 0.0149 0.8726
203 0.0878 0.5640 0.3262 0.0069 0.0153
204 0.2162 0.2546 0.4299 0.0479 0.0513
205 0.1123 0.3225 0.2286 0.0192 0.3174
206 0.2578 0.1576 0.3809 0.0462 0.1576
207 0.3442 0.3337 0.1392 0.0190 0.1639
208 0.4194 0.1044 0.3164 0.1077 0.0521
209 0.2998 0.1847 0.2410 0.0409 0.2335
210 0.0245 0.0185 0.0178 0.0046 0.9346
211 0.2311 0.3413 0.2384 0.0544 0.1348
212 0.0970 0.2292 0.2852 0.3550 0.0335
213 0.1582 0.3765 0.4333 0.0190 0.0129
214 0.1647 0.2632 0.4766 0.0828 0.0128
215 0.1771 0.0480 0.0137 0.0097 0.7515
216 0.1132 0.7148 0.1204 0.0053 0.0461
217 0.2397 0.3772 0.1796 0.0061 0.1973
218 0.0138 0.0058 0.0114 0.0016 0.9673
219 0.0822 0.3862 0.4731 0.0053 0.0531
220 0.1582 0.2301 0.4436 0.1271 0.0410
221 0.1764 0.0974 0.0403 0.0096 0.6763
222 0.3386 0.5083 0.0792 0.0263 0.0473
223 0.1417 0.5181 0.2524 0.0158 0.0718
224 0.0437 0.1444 0.7871 0.0089 0.0160
225 0.0255 0.8105 0.1431 0.0162 0.0048
226 0.1011 0.5093 0.3237 0.0060 0.0599
227 0.1172 0.6851 0.1732 0.0085 0.0160
228 0.3376 0.3325 0.2610 0.0054 0.0635
229 0.2236 0.4661 0.1274 0.1315 0.0515
230 0.4207 0.4207 0.0720 0.0625 0.0243
231 0.3091 0.2297 0.2261 0.1761 0.0590
232 0.2101 0.1444 0.5449 0.0368 0.0636
233 0.2878 0.4028 0.1541 0.0070 0.1482
234 0.2717 0.1729 0.1810 0.2939 0.0804
235 0.3293 0.5024 0.0664 0.0746 0.0273
236 0.0861 0.7671 0.1262 0.0020 0.0188
237 0.1039 0.0514 0.1334 0.6880 0.0232
238 0.0545 0.2644 0.6440 0.0231 0.0140
239 0.0507 0.4805 0.4446 0.0211 0.0032
240 0.1155 0.1052 0.7188 0.0290 0.0313
241 0.1865 0.2251 0.5234 0.0340 0.0312
242 0.2515 0.2676 0.4080 0.0174 0.0557
243 0.1110 0.1641 0.6592 0.0478 0.0180
244 0.0751 0.1564 0.7231 0.0274 0.0178
245 0.1631 0.1555 0.5869 0.0493 0.0449
246 0.2026 0.1035 0.5771 0.0885 0.0283
247 0.2338 0.1879 0.4648 0.0649 0.0486
248 0.0881 0.2395 0.4546 0.1925 0.0254
249 0.0726 0.3801 0.4307 0.0931 0.0234
250 0.4138 0.1793 0.3003 0.0300 0.0765
251 0.1505 0.2600 0.4934 0.0884 0.0076
252 0.3052 0.1122 0.4580 0.0539 0.0708
253 0.1163 0.2155 0.5952 0.0110 0.0622
254 0.3833 0.1912 0.2455 0.0932 0.0869
255 0.3062 0.2189 0.3184 0.0455 0.1109
256 0.2566 0.1937 0.3428 0.0759 0.1311
257 0.3765 0.2319 0.3220 0.0024 0.0670
258 0.0691 0.2607 0.4036 0.0100 0.2566
259 0.0566 0.2576 0.3989 0.0083 0.2786
260 0.1611 0.1400 0.6680 0.0213 0.0095
261 0.1085 0.1035 0.7646 0.0155 0.0076
262 0.1298 0.1163 0.7354 0.0110 0.0074
263 0.1072 0.0522 0.8174 0.0077 0.0153
264 0.1118 0.0757 0.7944 0.0087 0.0092
265 0.3359 0.1198 0.5122 0.0115 0.0208
266 0.4109 0.1987 0.3625 0.0069 0.0209
