time exciting_prob fearful_prob tense_prob sad_prob relaxing_prob
0 0.2037 0.2830 0.2496 0.2310 0.0327
1 0.2517 0.1799 0.3606 0.1901 0.0177
2 0.1440 0.1262 0.1851 0.4580 0.0867
3 0.3621 0.0382 0.1096 0.4436 0.0464
4 0.2944 0.0402 0.3184 0.2681 0.0792
5 0.1231 0.1193 0.6353 0.0609 0.0614
6 0.1183 0.4192 0.2666 0.1818 0.0142
7 0.0552 0.2324 0.2083 0.4768 0.0273
8 0.1171 0.1171 0.2365 0.5083 0.0210
9 0.2944 0.1266 0.2155 0.3184 0.0452
10 0.1471 0.4290 0.2314 0.0920 0.1003
11 0.1852 0.3982 0.2693 0.0760 0.0714
12 0.1649 0.3203 0.3601 0.0368 0.1179
13 0.0872 0.2446 0.3093 0.2952 0.0638
14 0.3198 0.2693 0.2303 0.0867 0.0938
15 0.3704 0.2710 0.2372 0.0486 0.0729
16 0.2820 0.1521 0.2247 0.2374 0.1037
17 0.2798 0.3347 0.2301 0.0486 0.1070
18 0.3362 0.3992 0.1650 0.0524 0.0473
19 0.1935 0.3167 0.4033 0.0306 0.0559
20 0.1488 0.3857 0.3596 0.0148 0.0909
21 0.1208 0.0956 0.1017 0.4490 0.2329
22 0.0414 0.4854 0.4385 0.0169 0.0178
23 0.3428 0.3428 0.1632 0.0713 0.0801
24 0.0547 0.1215 0.5532 0.1584 0.1124
25 0.0732 0.3604 0.4775 0.0496 0.0392
26 0.1084 0.5293 0.2041 0.0383 0.1199
27 0.1774 0.2242 0.2424 0.0541 0.3018
28 0.0650 0.5356 0.2415 0.0917 0.0660
29 0.0505 0.4575 0.2688 0.1028 0.1202
30 0.0906 0.3113 0.3699 0.1566 0.0717
31 0.1586 0.3716 0.2720 0.0430 0.1549
32 0.2061 0.2773 0.2585 0.0659 0.1921
33 0.1138 0.4714 0.3760 0.0268 0.0121
34 0.0408 0.2422 0.5376 0.1744 0.0051
35 0.3762 0.2373 0.1619 0.0795 0.1450
36 0.2678 0.4451 0.1945 0.0234 0.0693
37 0.1732 0.5254 0.1774 0.0787 0.0452
38 0.0199 0.1744 0.4524 0.3416 0.0116
39 0.1265 0.4148 0.3438 0.0110 0.1040
40 0.2749 0.1818 0.2815 0.0590 0.2028
41 0.2491 0.3325 0.3076 0.0670 0.0436
42 0.3469 0.1317 0.1436 0.3015 0.0762
43 0.0691 0.6606 0.2468 0.0120 0.0114
44 0.0804 0.1433 0.3718 0.2053 0.1990
45 0.1715 0.1378 0.4114 0.1649 0.1143
46 0.2119 0.1716 0.2808 0.1842 0.1515
47 0.0727 0.6279 0.2275 0.0445 0.0272
48 0.0185 0.2041 0.5376 0.2349 0.0050
49 0.0819 0.3264 0.4158 0.0344 0.1415
50 0.0696 0.6396 0.2505 0.0233 0.0169
51 0.0504 0.2744 0.0536 0.5996 0.0222
52 0.2080 0.2339 0.3196 0.1545 0.0840
53 0.0274 0.5210 0.1035 0.3262 0.0219
54 0.0656 0.2133 0.5278 0.1477 0.0457
55 0.0797 0.4045 0.2825 0.1477 0.0855
56 0.0999 0.2590 0.4729 0.0271 0.1409
57 0.2563 0.1103 0.2861 0.3142 0.0331
58 0.0971 0.5503 0.3086 0.0325 0.0115
59 0.0977 0.1854 0.2418 0.4177 0.0574
60 0.0307 0.3735 0.4578 0.1139 0.0243
61 0.0403 0.2981 0.1242 0.5312 0.0063
62 0.0946 0.4307 0.3950 0.0280 0.0518
63 0.2155 0.1092 0.0756 0.0408 0.5591
64 0.0496 0.2639 0.3721 0.2517 0.0627
65 0.3044 0.3450 0.2727 0.0497 0.0283
66 0.2311 0.3579 0.3159 0.0218 0.0733
67 0.0403 0.5068 0.3916 0.0514 0.0099
68 0.0405 0.3286 0.3723 0.2500 0.0084
69 0.1713 0.4619 0.3325 0.0166 0.0178
70 0.2146 0.3567 0.3796 0.0258 0.0233
71 0.0260 0.4365 0.4946 0.0388 0.0040
72 0.2152 0.3604 0.2830 0.0993 0.0421
73 0.0771 0.1121 0.4871 0.2607 0.0629
74 0.1294 0.1274 0.0876 0.1356 0.5200
75 0.0526 0.3921 0.1726 0.0142 0.3684
76 0.1625 0.2153 0.2808 0.2421 0.0994
77 0.0825 0.0764 0.6802 0.0950 0.0658
78 0.0495 0.1133 0.2634 0.5405 0.0335
79 0.2340 0.2396 0.4512 0.0329 0.0423
80 0.1262 0.1365 0.5317 0.1547 0.0510
81 0.1478 0.0911 0.2476 0.1478 0.3657
82 0.1403 0.4253 0.3286 0.0431 0.0627
83 0.2255 0.2827 0.2871 0.1501 0.0544
84 0.0898 0.0793 0.2725 0.5171 0.0411
85 0.0936 0.2773 0.4365 0.0712 0.1212
86 0.0976 0.3379 0.4443 0.0650 0.0552
87 0.1537 0.1927 0.5405 0.0417 0.0715
88 0.2690 0.1632 0.2568 0.2374 0.0735
89 0.1287 0.0371 0.2122 0.5674 0.0545
90 0.0470 0.0318 0.4392 0.4751 0.0068
91 0.0043 0.1469 0.1379 0.7007 0.0101
92 0.2378 0.0969 0.1560 0.3801 0.1293
93 0.0524 0.2089 0.6045 0.0870 0.0473
94 0.0454 0.1378 0.3154 0.4663 0.0351
95 0.0709 0.0480 0.1478 0.6128 0.1207
96 0.1064 0.0544 0.3599 0.4480 0.0315
97 0.1602 0.2347 0.4707 0.0728 0.0617
98 0.1289 0.0275 0.3293 0.5020 0.0121
99 0.2211 0.2335 0.1906 0.1138 0.2410
100 0.1392 0.3784 0.1705 0.1589 0.1528
101 0.0446 0.1792 0.3855 0.3455 0.0453
102 0.1539 0.0389 0.3311 0.4119 0.0641
103 0.2981 0.2935 0.2671 0.0433 0.0983
104 0.1788 0.3042 0.3420 0.1035 0.0717
105 0.1268 0.2859 0.3530 0.0690 0.1654
106 0.0600 0.0680 0.5786 0.2488 0.0446
107 0.0465 0.2397 0.3599 0.0778 0.2759
108 0.0703 0.3826 0.1204 0.0193 0.4072
109 0.1144 0.2239 0.2023 0.0211 0.4382
110 0.0944 0.3025 0.4758 0.0394 0.0880
111 0.1119 0.0418 0.1052 0.6855 0.0554
112 0.0825 0.0851 0.0739 0.7466 0.0120
113 0.1604 0.0378 0.2228 0.5259 0.0529
114 0.0627 0.0197 0.8135 0.0504 0.0536
115 0.0363 0.2920 0.3416 0.1664 0.1638
116 0.2642 0.0831 0.1995 0.3340 0.1191
117 0.0956 0.0589 0.3337 0.5010 0.0105
118 0.0959 0.0505 0.2411 0.5264 0.0859
119 0.0944 0.4265 0.3914 0.0196 0.0680
120 0.2883 0.1736 0.1567 0.0974 0.2839
121 0.2021 0.0579 0.7056 0.0182 0.0162
122 0.2773 0.0542 0.5918 0.0367 0.0403
123 0.3782 0.2258 0.2683 0.1034 0.0242
124 0.6680 0.1125 0.1422 0.0472 0.0303
125 0.0597 0.1660 0.7500 0.0089 0.0153
126 0.1383 0.1804 0.1921 0.4465 0.0425
127 0.1752 0.3708 0.3247 0.0256 0.1038
128 0.1105 0.1420 0.5273 0.1511 0.0692
129 0.3176 0.2117 0.3279 0.1169 0.0259
130 0.1278 0.1340 0.4534 0.1720 0.1129
131 0.0329 0.0378 0.7480 0.1061 0.0753
132 0.0186 0.1022 0.7734 0.0201 0.0854
133 0.0231 0.1036 0.6348 0.0623 0.1763
134 0.0137 0.0845 0.8940 0.0032 0.0045
135 0.0332 0.1510 0.7847 0.0201 0.0108
136 0.1478 0.1304 0.5845 0.0829 0.0544
137 0.0645 0.2415 0.6216 0.0137 0.0587
138 0.1198 0.1256 0.6475 0.0704 0.0365
139 0.1464 0.1055 0.6162 0.0784 0.0534
140 0.1169 0.0939 0.6519 0.1225 0.0146
141 0.0719 0.1970 0.6821 0.0111 0.0376
142 0.0486 0.1096 0.7729 0.0319 0.0367
143 0.1244 0.0414 0.7271 0.0391 0.0682
144 0.1643 0.0559 0.7422 0.0146 0.0231
145 0.0491 0.1346 0.2289 0.2595 0.3279
146 0.1061 0.0529 0.7310 0.0163 0.0937
147 0.2625 0.1617 0.4065 0.1211 0.0482
148 0.1188 0.1898 0.3657 0.1869 0.1388
149 0.0453 0.4541 0.4070 0.0108 0.0827
150 0.0857 0.1614 0.0956 0.0386 0.6187
151 0.2223 0.0699 0.4421 0.1277 0.1381
152 0.1688 0.0761 0.3154 0.3865 0.0531
153 0.1088 0.0923 0.5566 0.1808 0.0615
154 0.0712 0.3911 0.4297 0.0807 0.0273
155 0.1092 0.0424 0.1317 0.3694 0.3472
156 0.0853 0.0559 0.2668 0.5649 0.0271
157 0.1115 0.4045 0.4443 0.0102 0.0293
158 0.4729 0.0671 0.1431 0.1333 0.1837
159 0.2817 0.1937 0.3071 0.0605 0.1569
160 0.0919 0.0312 0.4316 0.4316 0.0138
161 0.0630 0.0465 0.8501 0.0235 0.0171
162 0.0563 0.4258 0.3066 0.1449 0.0663
163 0.1077 0.2280 0.3701 0.1260 0.1681
164 0.0674 0.6860 0.1279 0.0190 0.0996
165 0.0901 0.0610 0.3621 0.4578 0.0290
166 0.1788 0.3140 0.2727 0.1077 0.1268
167 0.1266 0.4150 0.3931 0.0155 0.0500
168 0.2498 0.3633 0.1813 0.0272 0.1785
169 0.0803 0.2493 0.2737 0.3713 0.0253
170 0.0377 0.1587 0.5205 0.2617 0.0215
171 0.0276 0.5596 0.1136 0.2260 0.0734
172 0.0497 0.4194 0.5142 0.0068 0.0099
173 0.0638 0.4260 0.2708 0.2013 0.0381
174 0.2147 0.4802 0.2034 0.0314 0.0703
175 0.0751 0.2834 0.3210 0.2041 0.1163
176 0.0030 0.0028 0.0011 0.0018 0.9912
177 0.0551 0.6655 0.2301 0.0069 0.0422
178 0.0523 0.3057 0.3862 0.0760 0.1797
179 0.0966 0.2334 0.4570 0.0958 0.1174
180 0.0438 0.0864 0.1229 0.0508 0.6963
181 0.1547 0.0828 0.4141 0.1302 0.2181
182 0.0284 0.0514 0.1293 0.0113 0.7798
183 0.0477 0.0948 0.6899 0.0137 0.1539
184 0.2080 0.3220 0.4202 0.0314 0.0185
185 0.2125 0.2059 0.3091 0.1604 0.1120
186 0.1497 0.2178 0.2014 0.1921 0.2391
187 0.0479 0.1039 0.2200 0.0302 0.5981
188 0.0795 0.0989 0.1710 0.0629 0.5874
189 0.1077 0.2371 0.5176 0.0865 0.0509
190 0.0473 0.1067 0.0617 0.1307 0.6533
191 0.0234 0.5166 0.4216 0.0218 0.0164
192 0.0783 0.4507 0.1969 0.0742 0.2000
193 0.1511 0.2549 0.2888 0.1080 0.1970
194 0.0572 0.1415 0.1483 0.5957 0.0572
195 0.2708 0.1891 0.4260 0.0740 0.0399
196 0.0617 0.5674 0.2008 0.0971 0.0728
197 0.3540 0.1940 0.0961 0.2590 0.0968
198 0.1899 0.4148 0.3308 0.0395 0.0251
199 0.2421 0.3362 0.2852 0.0926 0.0441
200 0.1700 0.5278 0.1810 0.0487 0.0720
201 0.2839 0.3975 0.0981 0.0311 0.1892
202 0.1392 0.3186 0.2025 0.1172 0.2224
203 0.1937 0.3794 0.2393 0.0546 0.1332
204 0.1260 0.0624 0.3269 0.4399 0.0449
205 0.1444 0.0395 0.3203 0.4517 0.0440
206 0.2467 0.1184 0.1428 0.4006 0.0915
207 0.3088 0.0787 0.1541 0.3726 0.0858
208 0.1392 0.1553 0.1339 0.4858 0.0858
209 0.1522 0.1646 0.0514 0.5068 0.1251
210 0.0485 0.0283 0.0159 0.8135 0.0941
211 0.1570 0.1429 0.1213 0.4543 0.1242
