time exciting_prob fearful_prob tense_prob sad_prob relaxing_prob
0 0.0724 0.1865 0.1895 0.4204 0.1312
1 0.0348 0.1741 0.1782 0.5239 0.0889
2 0.2097 0.0960 0.2957 0.3738 0.0248
3 0.0538 0.3823 0.3884 0.0747 0.1005
4 0.1378 0.0420 0.1400 0.6680 0.0122
5 0.1204 0.1301 0.3484 0.3074 0.0938
6 0.2081 0.2981 0.2981 0.1595 0.0359
7 0.1689 0.3181 0.2439 0.2054 0.0636
8 0.0637 0.4287 0.2462 0.1963 0.0652
9 0.1212 0.3293 0.2126 0.2627 0.0741
10 0.1268 0.1085 0.1051 0.5864 0.0734
11 0.1697 0.3374 0.3000 0.1737 0.0193
12 0.1509 0.1498 0.2864 0.3706 0.0422
13 0.1445 0.3550 0.0667 0.2991 0.1348
14 0.0237 0.1809 0.4583 0.3198 0.0172
15 0.0338 0.0553 0.2539 0.6382 0.0187
16 0.0477 0.0663 0.0972 0.6641 0.1248
17 0.0412 0.1720 0.3162 0.4092 0.0613
18 0.1576 0.1091 0.4023 0.3037 0.0274
19 0.0837 0.2461 0.4744 0.1858 0.0099
20 0.0130 0.1202 0.1221 0.7363 0.0085
21 0.1406 0.5142 0.2144 0.1095 0.0214
22 0.2771 0.2158 0.3938 0.0770 0.0363
23 0.2603 0.1733 0.3555 0.1816 0.0294
24 0.3369 0.1128 0.1393 0.3066 0.1044
25 0.3579 0.1758 0.2347 0.1886 0.0428
26 0.2095 0.1863 0.2213 0.3481 0.0347
27 0.0576 0.3342 0.1076 0.4749 0.0258
28 0.1667 0.1077 0.4324 0.2483 0.0449
29 0.0826 0.1951 0.6396 0.0794 0.0034
30 0.4775 0.1216 0.0424 0.3308 0.0278
31 0.0050 0.0338 0.0251 0.9346 0.0015
32 0.0921 0.1155 0.1904 0.5776 0.0244
33 0.2908 0.1952 0.3118 0.1581 0.0442
34 0.4348 0.2363 0.1326 0.1411 0.0553
35 0.4514 0.2019 0.1971 0.0803 0.0692
36 0.2515 0.1769 0.2253 0.2534 0.0932
37 0.5220 0.0614 0.1709 0.2246 0.0211
38 0.1550 0.1198 0.5166 0.1960 0.0125
39 0.2269 0.1115 0.3276 0.3030 0.0312
40 0.2832 0.1564 0.3416 0.1208 0.0979
41 0.2991 0.0470 0.1379 0.3442 0.1718
42 0.1714 0.2019 0.2915 0.1942 0.1410
43 0.1525 0.2219 0.2325 0.2656 0.1274
44 0.0457 0.1970 0.4441 0.2147 0.0983
45 0.0089 0.5645 0.2354 0.1832 0.0081
46 0.1764 0.4719 0.1736 0.1147 0.0634
47 0.0825 0.1591 0.1471 0.5771 0.0341
48 0.1267 0.0536 0.2025 0.5859 0.0313
49 0.1014 0.1365 0.3950 0.3379 0.0291
50 0.0984 0.1151 0.5317 0.2217 0.0330
51 0.4915 0.0854 0.2358 0.1686 0.0188
52 0.1252 0.1633 0.3594 0.2693 0.0828
53 0.1059 0.0927 0.1639 0.5903 0.0470
54 0.2925 0.2622 0.2664 0.1191 0.0599
55 0.1713 0.3770 0.2737 0.0895 0.0888
56 0.1501 0.2134 0.3303 0.2871 0.0191
57 0.3022 0.2883 0.2391 0.0908 0.0795
58 0.4407 0.1925 0.2491 0.0960 0.0218
59 0.3103 0.2915 0.2051 0.0676 0.1254
60 0.4404 0.1333 0.2610 0.0867 0.0784
61 0.3789 0.1202 0.3643 0.0643 0.0723
62 0.1886 0.4419 0.1009 0.1638 0.1049
63 0.1495 0.5913 0.0826 0.1340 0.0425
64 0.1470 0.2947 0.2500 0.2313 0.0769
65 0.1362 0.2109 0.2354 0.2177 0.1997
66 0.2332 0.1426 0.1995 0.3313 0.0934
67 0.2800 0.2693 0.0443 0.3250 0.0815
68 0.2500 0.1307 0.0920 0.4026 0.1247
69 0.1923 0.4365 0.1139 0.1241 0.1332
70 0.1537 0.1367 0.4734 0.2201 0.0163
71 0.0739 0.1945 0.1915 0.5288 0.0115
72 0.0564 0.3374 0.4468 0.1261 0.0334
73 0.3433 0.0861 0.3953 0.1398 0.0356
74 0.0494 0.3223 0.4404 0.1014 0.0867
75 0.1616 0.2603 0.1240 0.3291 0.1249
76 0.3147 0.2588 0.1440 0.1864 0.0959
77 0.3008 0.3176 0.1987 0.1081 0.0748
78 0.0742 0.3125 0.4690 0.0461 0.0983
79 0.1803 0.2749 0.3115 0.2108 0.0222
80 0.1561 0.1675 0.4661 0.0099 0.2004
81 0.0743 0.0761 0.6035 0.1650 0.0811
82 0.0294 0.1340 0.5913 0.2352 0.0102
83 0.0430 0.2307 0.5117 0.2004 0.0140
84 0.0870 0.2103 0.3362 0.3362 0.0303
85 0.1082 0.2135 0.4810 0.1898 0.0075
86 0.0650 0.1511 0.1323 0.5571 0.0945
87 0.1277 0.4707 0.1843 0.1947 0.0224
88 0.1394 0.1405 0.3069 0.2771 0.1361
89 0.1381 0.2947 0.4819 0.0489 0.0363
90 0.1821 0.2231 0.1122 0.2489 0.2338
91 0.1797 0.0574 0.0671 0.6572 0.0383
92 0.0552 0.1621 0.2869 0.4656 0.0305
93 0.0431 0.1035 0.2993 0.5171 0.0369
94 0.0470 0.1932 0.3418 0.3997 0.0185
95 0.0690 0.1342 0.5391 0.1921 0.0659
96 0.2227 0.2622 0.2996 0.2028 0.0128
97 0.0967 0.2432 0.5068 0.0860 0.0675
98 0.2188 0.2329 0.3311 0.1638 0.0536
99 0.2935 0.1895 0.2433 0.1780 0.0960
100 0.2043 0.0833 0.2793 0.1310 0.3020
101 0.3140 0.1531 0.2316 0.1138 0.1875
102 0.2808 0.1991 0.2135 0.2556 0.0511
103 0.3108 0.3440 0.2942 0.0245 0.0265
104 0.2124 0.3367 0.3669 0.0381 0.0459
105 0.5054 0.1382 0.0637 0.0466 0.2462
106 0.4656 0.2759 0.0835 0.0861 0.0889
107 0.5200 0.1974 0.1467 0.0523 0.0836
108 0.0862 0.3599 0.4480 0.0269 0.0790
109 0.0594 0.4062 0.4460 0.0567 0.0316
110 0.0488 0.2257 0.6040 0.1066 0.0149
111 0.0356 0.1464 0.1176 0.6768 0.0239
112 0.0777 0.0453 0.6108 0.2588 0.0073
113 0.1656 0.2546 0.2195 0.3347 0.0254
114 0.0995 0.1517 0.2123 0.4934 0.0431
115 0.0381 0.6304 0.2178 0.0982 0.0155
116 0.2283 0.2062 0.1805 0.0826 0.3022
117 0.2382 0.1479 0.1637 0.0925 0.3577
118 0.4897 0.2026 0.1085 0.0957 0.1035
119 0.0815 0.1429 0.6113 0.1407 0.0233
120 0.0692 0.1753 0.4617 0.0953 0.1986
121 0.0561 0.0869 0.1943 0.0548 0.6079
122 0.2520 0.1653 0.0831 0.1360 0.3638
123 0.2168 0.3010 0.3745 0.0548 0.0527
124 0.2583 0.2583 0.1890 0.1860 0.1085
125 0.1439 0.2411 0.4722 0.0670 0.0759
126 0.0762 0.1425 0.4895 0.2349 0.0571
127 0.2032 0.0975 0.3738 0.2693 0.0564
128 0.0709 0.1809 0.2715 0.3828 0.0938
129 0.1266 0.2479 0.3135 0.2366 0.0756
130 0.0919 0.1625 0.4150 0.2898 0.0408
131 0.0233 0.1458 0.3665 0.4634 0.0010
132 0.0556 0.0992 0.2271 0.5981 0.0201
133 0.0224 0.4006 0.5308 0.0295 0.0164
134 0.0907 0.0638 0.3069 0.5142 0.0246
135 0.0775 0.1964 0.5464 0.1517 0.0278
136 0.1344 0.1738 0.2571 0.3325 0.1022
137 0.0551 0.4102 0.4102 0.0624 0.0620
138 0.1305 0.2554 0.3604 0.1455 0.1082
139 0.0416 0.1420 0.8042 0.0102 0.0021
140 0.1405 0.1372 0.6753 0.0304 0.0166
141 0.1172 0.0717 0.4937 0.2642 0.0533
142 0.0653 0.1818 0.2371 0.4866 0.0292
143 0.1122 0.2450 0.2284 0.3098 0.1046
144 0.1484 0.2142 0.2280 0.3879 0.0214
145 0.1127 0.2386 0.3638 0.2661 0.0185
146 0.1858 0.0775 0.3064 0.3364 0.0941
147 0.3853 0.1697 0.2336 0.1581 0.0534
148 0.1671 0.1251 0.2842 0.3826 0.0410
149 0.0618 0.3584 0.4392 0.1339 0.0068
150 0.1790 0.0521 0.2142 0.4905 0.0643
151 0.2214 0.0394 0.1233 0.5610 0.0547
152 0.2095 0.0944 0.2776 0.3621 0.0564
153 0.0603 0.0762 0.0739 0.7231 0.0662
154 0.0744 0.1108 0.3748 0.4116 0.0285
155 0.1320 0.1103 0.1790 0.5513 0.0275
156 0.2529 0.2888 0.1986 0.1836 0.0759
157 0.0364 0.0345 0.1205 0.7979 0.0107
158 0.2539 0.1759 0.2969 0.2349 0.0386
159 0.0594 0.0294 0.1218 0.7700 0.0196
160 0.0662 0.0313 0.5293 0.2969 0.0762
161 0.0793 0.0474 0.3728 0.4568 0.0438
162 0.0884 0.4026 0.0979 0.3843 0.0268
163 0.1541 0.1787 0.5254 0.1229 0.0188
164 0.1091 0.0862 0.1433 0.5986 0.0626
165 0.1350 0.1655 0.2371 0.2903 0.1721
166 0.2744 0.1639 0.2461 0.2056 0.1100
167 0.2771 0.1776 0.5176 0.0177 0.0098
168 0.2327 0.2238 0.5200 0.0057 0.0178
169 0.0709 0.2554 0.3745 0.2783 0.0206
170 0.2820 0.3296 0.2318 0.0680 0.0887
171 0.2460 0.3931 0.3037 0.0508 0.0067
172 0.1986 0.2935 0.3274 0.1740 0.0064
173 0.0663 0.2996 0.5425 0.0585 0.0331
174 0.1429 0.1724 0.4336 0.2432 0.0080
175 0.2488 0.2754 0.2356 0.2283 0.0120
176 0.3911 0.2299 0.1669 0.0718 0.1405
177 0.2423 0.1338 0.3311 0.1237 0.1691
178 0.3398 0.3293 0.0685 0.1593 0.1028
179 0.0917 0.2454 0.2434 0.3625 0.0569
180 0.2183 0.2083 0.4409 0.0889 0.0437
181 0.3352 0.2181 0.2737 0.0976 0.0754
182 0.5161 0.1305 0.2053 0.0421 0.1057
183 0.4556 0.2220 0.1562 0.0100 0.1562
184 0.1469 0.1976 0.6089 0.0269 0.0199
185 0.1003 0.2191 0.5215 0.0928 0.0663
186 0.1263 0.2343 0.3228 0.1942 0.1225
187 0.1907 0.2566 0.1709 0.2391 0.1428
188 0.2542 0.1775 0.2389 0.3115 0.0179
189 0.1722 0.2666 0.2544 0.2428 0.0638
190 0.3909 0.3315 0.1483 0.0943 0.0349
191 0.2212 0.1669 0.1138 0.4609 0.0372
192 0.1842 0.4119 0.1870 0.1771 0.0398
193 0.2310 0.1236 0.2401 0.3059 0.0993
194 0.0217 0.0646 0.0488 0.8516 0.0131
195 0.3027 0.2549 0.2267 0.0916 0.1242
196 0.1818 0.2771 0.3613 0.0965 0.0832
197 0.2878 0.2482 0.1774 0.1528 0.1339
198 0.0811 0.4778 0.1703 0.2365 0.0343
199 0.0576 0.5215 0.1085 0.2881 0.0244
200 0.2971 0.3501 0.2107 0.1068 0.0355
201 0.6147 0.1268 0.0942 0.1361 0.0281
202 0.1272 0.0975 0.1213 0.1510 0.5029
203 0.1126 0.1469 0.4817 0.2072 0.0516
204 0.1024 0.1549 0.5669 0.0743 0.1016
205 0.1107 0.1169 0.2456 0.5000 0.0269
206 0.1144 0.2294 0.5332 0.1075 0.0155
207 0.1033 0.1074 0.1368 0.6328 0.0199
208 0.0720 0.2939 0.4016 0.2100 0.0225
209 0.1702 0.2939 0.2325 0.2761 0.0273
210 0.1576 0.0877 0.3606 0.3442 0.0500
211 0.1006 0.1698 0.4236 0.2164 0.0895
212 0.2383 0.1306 0.5762 0.0251 0.0298
213 0.1296 0.1470 0.6587 0.0405 0.0244
214 0.1445 0.1842 0.6328 0.0127 0.0257
215 0.0551 0.3794 0.0974 0.4331 0.0350
216 0.2876 0.2810 0.2347 0.1600 0.0366
217 0.2056 0.3389 0.2832 0.1237 0.0485
218 0.5068 0.1261 0.1879 0.0624 0.1167
219 0.2510 0.2629 0.3027 0.1204 0.0629
220 0.0096 0.5093 0.1459 0.3289 0.0065
221 0.0147 0.4788 0.2124 0.2859 0.0084
222 0.0973 0.3909 0.3396 0.1220 0.0505
223 0.0255 0.0987 0.0806 0.7705 0.0248
224 0.0415 0.2295 0.1678 0.5376 0.0234
225 0.1659 0.5356 0.2357 0.0382 0.0247
226 0.0083 0.1990 0.1367 0.6523 0.0038
227 0.0213 0.3870 0.2311 0.3311 0.0294
228 0.3103 0.3831 0.2035 0.0676 0.0356
229 0.2327 0.1974 0.4663 0.0883 0.0153
230 0.2710 0.1777 0.1631 0.3142 0.0741
231 0.6172 0.1687 0.0836 0.0515 0.0791
232 0.0636 0.2659 0.3257 0.1550 0.1899
233 0.0847 0.2064 0.4690 0.1559 0.0840
234 0.1350 0.2445 0.3557 0.2262 0.0384
235 0.3518 0.2593 0.0962 0.0876 0.2052
236 0.1113 0.4404 0.2321 0.1807 0.0356
237 0.0858 0.3115 0.1093 0.3999 0.0935
238 0.1669 0.1735 0.4500 0.1438 0.0659
239 0.1941 0.2166 0.3542 0.0569 0.1781
240 0.2263 0.2485 0.1270 0.1165 0.2817
241 0.0350 0.0936 0.0921 0.6699 0.1094
242 0.0600 0.1094 0.0914 0.6011 0.1383
243 0.1978 0.1392 0.3110 0.2312 0.1208
244 0.2170 0.1469 0.4558 0.1066 0.0739
245 0.1521 0.1807 0.1175 0.3853 0.1644
246 0.2725 0.2368 0.1127 0.1705 0.2074
247 0.2834 0.3262 0.1059 0.0603 0.2242
248 0.2279 0.2771 0.1934 0.0393 0.2622
249 0.0806 0.2028 0.2644 0.1616 0.2905
250 0.0307 0.2656 0.3306 0.2456 0.1274
251 0.0773 0.2119 0.3494 0.0227 0.3386
252 0.2377 0.1080 0.2737 0.3625 0.0182
253 0.2024 0.0793 0.1576 0.5503 0.0106
254 0.5244 0.1189 0.0626 0.2808 0.0132
