time exciting_prob fearful_prob tense_prob sad_prob relaxing_prob
0 0.2037 0.2830 0.2496 0.2310 0.0327
1 0.2830 0.3691 0.1066 0.1126 0.1285
2 0.1731 0.5088 0.1247 0.1306 0.0627
3 0.1782 0.4307 0.1443 0.1388 0.1080
4 0.3416 0.3523 0.1287 0.1317 0.0459
5 0.2230 0.2266 0.0783 0.4365 0.0356
6 0.1302 0.1559 0.2822 0.3513 0.0803
7 0.2264 0.1241 0.1736 0.4468 0.0290
8 0.0348 0.4048 0.4243 0.1284 0.0078
9 0.3071 0.2319 0.0388 0.0337 0.3884
10 0.4531 0.3613 0.0638 0.0375 0.0845
11 0.1068 0.0209 0.0769 0.7295 0.0658
12 0.2812 0.0781 0.1816 0.3906 0.0684
13 0.1000 0.0365 0.2085 0.6421 0.0128
14 0.2035 0.5195 0.1584 0.0767 0.0417
15 0.1719 0.0212 0.1448 0.6587 0.0033
16 0.3982 0.2098 0.0720 0.1376 0.1824
17 0.5542 0.2328 0.0602 0.0349 0.1180
18 0.5938 0.1688 0.0726 0.0414 0.1235
19 0.5649 0.0321 0.0195 0.3762 0.0073
20 0.0318 0.0224 0.8584 0.0864 0.0009
21 0.0559 0.0604 0.3318 0.5386 0.0134
22 0.3962 0.2441 0.2480 0.0948 0.0166
23 0.1913 0.2236 0.3010 0.2656 0.0186
24 0.1104 0.0471 0.7788 0.0591 0.0046
25 0.1025 0.1527 0.4023 0.3086 0.0338
26 0.1650 0.0617 0.4214 0.3494 0.0026
27 0.3970 0.2192 0.0406 0.0482 0.2949
28 0.1333 0.1213 0.2568 0.4800 0.0087
29 0.0785 0.1305 0.0621 0.1884 0.5405
30 0.2639 0.3135 0.2766 0.1083 0.0377
31 0.1721 0.4163 0.1804 0.0422 0.1891
32 0.2661 0.3933 0.2681 0.0117 0.0608
33 0.2150 0.3804 0.3462 0.0101 0.0483
34 0.2012 0.3267 0.4395 0.0075 0.0254
35 0.0147 0.4802 0.4954 0.0013 0.0083
36 0.0253 0.5112 0.4443 0.0033 0.0158
37 0.0386 0.5044 0.4248 0.0030 0.0291
38 0.0462 0.4380 0.4380 0.0135 0.0641
39 0.0369 0.3696 0.5293 0.0384 0.0256
40 0.3225 0.2234 0.3799 0.0263 0.0479
41 0.3667 0.1918 0.3237 0.0516 0.0663
42 0.0493 0.4468 0.4399 0.0187 0.0453
43 0.0285 0.4089 0.5088 0.0131 0.0405
44 0.0161 0.5713 0.3574 0.0249 0.0305
45 0.0119 0.5356 0.4170 0.0213 0.0143
46 0.1976 0.0768 0.6479 0.0683 0.0092
47 0.0491 0.0602 0.8237 0.0656 0.0013
48 0.1771 0.1599 0.6528 0.0064 0.0038
49 0.0558 0.3472 0.5679 0.0164 0.0128
50 0.1912 0.3203 0.3252 0.1443 0.0189
51 0.1034 0.2642 0.4934 0.1248 0.0143
52 0.1017 0.3311 0.5542 0.0050 0.0078
53 0.0869 0.4695 0.4341 0.0051 0.0047
54 0.1071 0.5312 0.3540 0.0030 0.0047
55 0.1448 0.4531 0.3845 0.0081 0.0093
56 0.0621 0.4961 0.3203 0.1040 0.0174
57 0.0778 0.2305 0.5444 0.0433 0.1039
58 0.1810 0.1635 0.6123 0.0110 0.0322
59 0.2186 0.2659 0.4521 0.0527 0.0108
60 0.2129 0.2432 0.3884 0.1429 0.0126
61 0.2262 0.2771 0.4097 0.0609 0.0262
62 0.1716 0.3386 0.4116 0.0704 0.0076
63 0.1885 0.2291 0.5454 0.0312 0.0057
64 0.2096 0.2196 0.5229 0.0436 0.0044
65 0.2322 0.2097 0.4172 0.1243 0.0166
66 0.1626 0.4817 0.3086 0.0320 0.0151
67 0.1808 0.4404 0.2610 0.0916 0.0262
68 0.1976 0.3635 0.3013 0.1208 0.0169
69 0.2666 0.4429 0.2666 0.0127 0.0115
70 0.2368 0.3726 0.2642 0.0831 0.0431
71 0.0877 0.5903 0.1917 0.1083 0.0222
72 0.1565 0.1403 0.6797 0.0161 0.0075
73 0.1608 0.2957 0.4797 0.0410 0.0230
74 0.1109 0.3994 0.4670 0.0127 0.0098
75 0.1049 0.2678 0.5850 0.0255 0.0167
76 0.2411 0.2247 0.4165 0.0859 0.0319
77 0.2443 0.2578 0.4456 0.0352 0.0170
78 0.1427 0.5098 0.3318 0.0113 0.0046
79 0.1223 0.4722 0.3794 0.0159 0.0101
80 0.1851 0.2712 0.4836 0.0433 0.0167
81 0.2268 0.1158 0.4407 0.1476 0.0692
82 0.4050 0.1198 0.2827 0.1444 0.0480
83 0.1895 0.3979 0.3918 0.0109 0.0097
84 0.1744 0.3901 0.4087 0.0175 0.0092
85 0.1438 0.3118 0.4790 0.0281 0.0372
86 0.1047 0.4695 0.3862 0.0162 0.0234
87 0.0544 0.2700 0.6377 0.0257 0.0123
88 0.2333 0.3787 0.3342 0.0262 0.0279
89 0.2717 0.3955 0.2871 0.0236 0.0221
90 0.1244 0.2676 0.5444 0.0440 0.0194
91 0.1550 0.2742 0.5371 0.0125 0.0213
92 0.0944 0.3245 0.5649 0.0127 0.0036
93 0.1158 0.3486 0.4841 0.0407 0.0108
94 0.1532 0.3850 0.4197 0.0319 0.0103
95 0.2764 0.2681 0.3960 0.0312 0.0282
96 0.0912 0.3389 0.5332 0.0199 0.0170
97 0.2015 0.3401 0.4299 0.0160 0.0125
98 0.1779 0.2588 0.4299 0.0747 0.0587
99 0.1572 0.2217 0.5708 0.0351 0.0154
100 0.1378 0.2764 0.5283 0.0298 0.0278
101 0.2976 0.2976 0.3167 0.0513 0.0370
102 0.1669 0.3069 0.4717 0.0425 0.0120
103 0.0402 0.3696 0.5215 0.0618 0.0068
104 0.0602 0.3928 0.5288 0.0127 0.0054
105 0.0408 0.5044 0.4382 0.0023 0.0143
106 0.0481 0.2277 0.7070 0.0132 0.0041
107 0.0201 0.3220 0.6504 0.0066 0.0008
108 0.0244 0.2155 0.7402 0.0180 0.0019
109 0.1026 0.1200 0.4819 0.2832 0.0122
110 0.0924 0.3740 0.2803 0.1420 0.1115
111 0.0464 0.1523 0.7041 0.0909 0.0060
112 0.4084 0.0621 0.4451 0.0744 0.0101
113 0.1060 0.1981 0.6196 0.0653 0.0107
114 0.1816 0.2769 0.5337 0.0049 0.0028
115 0.1544 0.2930 0.3704 0.0770 0.1053
116 0.0547 0.6660 0.2230 0.0359 0.0204
117 0.0390 0.6641 0.2664 0.0136 0.0170
118 0.0595 0.4980 0.3616 0.0628 0.0180
119 0.0493 0.1328 0.8076 0.0064 0.0039
120 0.0501 0.0684 0.3115 0.5645 0.0056
121 0.1464 0.6611 0.1738 0.0087 0.0100
122 0.0178 0.5522 0.4236 0.0051 0.0013
123 0.0092 0.3438 0.6421 0.0049 0.0003
124 0.0684 0.4324 0.3936 0.0740 0.0318
125 0.1212 0.2585 0.4038 0.2062 0.0102
126 0.1403 0.1719 0.5952 0.0459 0.0466
127 0.2512 0.2397 0.4343 0.0317 0.0430
128 0.2026 0.2465 0.4824 0.0493 0.0191
129 0.2949 0.2124 0.4324 0.0344 0.0258
130 0.0083 0.3992 0.5898 0.0018 0.0008
131 0.0627 0.4670 0.4319 0.0180 0.0202
132 0.0938 0.4299 0.2063 0.2568 0.0132
133 0.0989 0.0713 0.3193 0.4949 0.0155
134 0.2108 0.2279 0.4463 0.0892 0.0258
135 0.0143 0.2881 0.6909 0.0021 0.0044
136 0.0298 0.4817 0.4744 0.0084 0.0057
137 0.0567 0.4819 0.2900 0.1541 0.0172
138 0.0576 0.5552 0.2791 0.0980 0.0102
139 0.2020 0.3411 0.3032 0.1082 0.0454
140 0.2063 0.3508 0.3096 0.0718 0.0614
141 0.0784 0.2610 0.5356 0.0888 0.0362
142 0.0400 0.4204 0.5151 0.0148 0.0097
143 0.0238 0.5220 0.4395 0.0077 0.0069
144 0.0071 0.3335 0.6533 0.0035 0.0027
145 0.0505 0.2729 0.4717 0.1405 0.0643
146 0.0251 0.4478 0.4917 0.0195 0.0158
147 0.0089 0.2500 0.6797 0.0603 0.0013
148 0.2256 0.0738 0.4246 0.2496 0.0263
149 0.1316 0.0499 0.6328 0.1785 0.0074
150 0.0879 0.0604 0.6968 0.1449 0.0103
151 0.1399 0.1234 0.2051 0.3152 0.2166
152 0.3079 0.2133 0.2825 0.1141 0.0822
153 0.1951 0.1593 0.1094 0.4905 0.0456
154 0.7021 0.0751 0.0405 0.1128 0.0695
155 0.0999 0.2715 0.5444 0.0760 0.0083
156 0.1145 0.1858 0.6333 0.0589 0.0073
157 0.2788 0.2330 0.2832 0.0762 0.1287
158 0.2335 0.3069 0.3618 0.0406 0.0572
159 0.1837 0.2571 0.4443 0.0676 0.0472
160 0.1033 0.2964 0.5537 0.0232 0.0232
161 0.4749 0.1201 0.3474 0.0306 0.0272
162 0.4409 0.1454 0.2869 0.0671 0.0597
163 0.0833 0.2372 0.6704 0.0074 0.0018
164 0.0634 0.1749 0.7139 0.0435 0.0044
165 0.2225 0.1318 0.5864 0.0481 0.0112
166 0.3252 0.0465 0.4807 0.1399 0.0077
167 0.0612 0.2365 0.6733 0.0232 0.0056
168 0.0793 0.0678 0.3088 0.5171 0.0270
169 0.2505 0.1696 0.4539 0.1069 0.0192
170 0.0814 0.1054 0.3123 0.0248 0.4761
171 0.1292 0.2671 0.5835 0.0121 0.0084
172 0.6157 0.0564 0.1556 0.1028 0.0696
173 0.5825 0.2076 0.1531 0.0097 0.0471
174 0.2566 0.2391 0.4573 0.0347 0.0125
175 0.2593 0.2003 0.4841 0.0356 0.0208
176 0.3513 0.4014 0.1713 0.0267 0.0494
177 0.3516 0.0693 0.2343 0.1912 0.1537
178 0.1967 0.4260 0.3093 0.0381 0.0299
179 0.2456 0.1235 0.5122 0.0234 0.0955
180 0.1118 0.1436 0.5415 0.1931 0.0099
181 0.0117 0.1054 0.8687 0.0124 0.0017
182 0.0740 0.0567 0.6338 0.2332 0.0023
183 0.0480 0.0947 0.6992 0.1489 0.0092
184 0.1101 0.0689 0.5503 0.2600 0.0105
185 0.2773 0.0219 0.1221 0.0275 0.5513
186 0.1698 0.0254 0.2734 0.0359 0.4954
187 0.1359 0.0576 0.3159 0.0087 0.4819
188 0.1259 0.0478 0.3044 0.0121 0.5098
189 0.1256 0.0417 0.2722 0.0106 0.5498
190 0.1564 0.0270 0.1370 0.0215 0.6582
191 0.1497 0.0432 0.1953 0.0151 0.5967
192 0.1483 0.1268 0.2815 0.0140 0.4292
193 0.0232 0.1206 0.8242 0.0116 0.0206
194 0.2556 0.0151 0.1901 0.5327 0.0063
195 0.0765 0.1046 0.2113 0.5747 0.0329
196 0.0362 0.1272 0.0861 0.0413 0.7095
197 0.2007 0.0401 0.1337 0.6182 0.0075
198 0.0809 0.0547 0.1536 0.6992 0.0116
199 0.1475 0.0802 0.3027 0.4473 0.0223
200 0.0343 0.0527 0.4773 0.1324 0.3032
201 0.0351 0.0677 0.4277 0.4019 0.0677
202 0.0390 0.0763 0.3936 0.4673 0.0240
203 0.0759 0.0983 0.4072 0.3484 0.0702
204 0.0344 0.0260 0.2140 0.7017 0.0240
205 0.0558 0.1318 0.7241 0.0169 0.0712
206 0.0344 0.2703 0.5811 0.0119 0.1025
207 0.0336 0.2194 0.3850 0.0478 0.3142
208 0.0213 0.3743 0.5796 0.0158 0.0091
209 0.3152 0.2341 0.3953 0.0340 0.0214
210 0.2878 0.1627 0.4895 0.0184 0.0415
211 0.0690 0.4573 0.3792 0.0680 0.0266
212 0.3577 0.0883 0.3806 0.1503 0.0232
213 0.2795 0.0670 0.5474 0.0894 0.0167
214 0.1354 0.1046 0.7095 0.0403 0.0102
215 0.2883 0.1891 0.1951 0.2927 0.0347
216 0.2581 0.1163 0.5054 0.1093 0.0112
217 0.3091 0.0812 0.4094 0.1816 0.0188
218 0.2983 0.2035 0.4341 0.0362 0.0280
219 0.2856 0.1102 0.4822 0.1068 0.0150
220 0.2747 0.2089 0.4895 0.0173 0.0098
221 0.2693 0.1672 0.4475 0.0999 0.0163
222 0.1992 0.1962 0.5503 0.0374 0.0170
223 0.3027 0.0901 0.4268 0.1558 0.0245
224 0.2018 0.1926 0.5317 0.0514 0.0225
225 0.1519 0.1748 0.6147 0.0361 0.0222
226 0.1099 0.3083 0.5371 0.0202 0.0247
227 0.3296 0.3374 0.2776 0.0388 0.0167
228 0.2355 0.4231 0.3193 0.0145 0.0076
229 0.0296 0.0947 0.8574 0.0161 0.0021
230 0.1926 0.1622 0.4619 0.1187 0.0645
231 0.2131 0.1499 0.5317 0.0923 0.0131
232 0.1869 0.2986 0.4734 0.0269 0.0142
233 0.3479 0.1121 0.4434 0.0724 0.0244
234 0.3853 0.1683 0.3000 0.1104 0.0358
235 0.5522 0.1364 0.2196 0.0718 0.0200
236 0.4631 0.1871 0.2681 0.0637 0.0180
237 0.5459 0.1381 0.1858 0.1067 0.0234
238 0.3120 0.0654 0.3320 0.2710 0.0196
239 0.4719 0.0908 0.2111 0.2078 0.0184
240 0.4033 0.2666 0.2927 0.0238 0.0134
241 0.4548 0.1823 0.3149 0.0319 0.0161
242 0.0956 0.3667 0.4783 0.0504 0.0092
243 0.1768 0.1635 0.4585 0.1912 0.0101
244 0.5068 0.1545 0.2886 0.0391 0.0112
245 0.4312 0.1198 0.2496 0.1826 0.0168
246 0.4277 0.0330 0.2290 0.2761 0.0340
247 0.3311 0.0612 0.3208 0.2744 0.0125
248 0.2717 0.1973 0.5000 0.0241 0.0069
249 0.3291 0.1904 0.4094 0.0533 0.0177
250 0.3855 0.1582 0.3794 0.0486 0.0284
251 0.3542 0.1477 0.3599 0.1141 0.0243
252 0.3535 0.1203 0.4167 0.0853 0.0241
253 0.5332 0.0470 0.3311 0.0799 0.0087
254 0.1200 0.3997 0.4390 0.0378 0.0038
255 0.3203 0.2052 0.4211 0.0469 0.0065
256 0.3945 0.2690 0.3000 0.0288 0.0078
257 0.3379 0.2286 0.2715 0.1431 0.0188
258 0.0718 0.3616 0.5103 0.0505 0.0060
259 0.1548 0.3330 0.4480 0.0574 0.0069
260 0.2993 0.1042 0.4709 0.0892 0.0363
261 0.3286 0.0805 0.3552 0.2122 0.0236
262 0.4087 0.2498 0.2991 0.0318 0.0109
263 0.2476 0.1755 0.4922 0.0749 0.0098
264 0.2847 0.2512 0.3486 0.0875 0.0280
265 0.3560 0.1472 0.4226 0.0595 0.0146
266 0.3235 0.2703 0.3337 0.0617 0.0111
267 0.2234 0.4583 0.2571 0.0502 0.0111
268 0.1295 0.2678 0.4849 0.1057 0.0122
269 0.2676 0.0531 0.5801 0.0862 0.0133
270 0.3506 0.1147 0.4397 0.0853 0.0098
271 0.4048 0.0548 0.3154 0.2068 0.0182
272 0.3901 0.1392 0.2854 0.1772 0.0079
273 0.3186 0.2041 0.4092 0.0618 0.0062
274 0.4126 0.3557 0.1980 0.0285 0.0053
275 0.3789 0.1077 0.1085 0.3970 0.0078
276 0.0155 0.1340 0.8345 0.0155 0.0007
277 0.1022 0.0748 0.4653 0.3513 0.0062
278 0.3242 0.0974 0.5264 0.0474 0.0049
279 0.2228 0.0406 0.5469 0.1819 0.0077
280 0.3401 0.0457 0.4038 0.1968 0.0136
281 0.1000 0.1768 0.6777 0.0392 0.0063
282 0.1600 0.2311 0.5415 0.0652 0.0022
283 0.1125 0.3010 0.5801 0.0058 0.0006
284 0.0545 0.1747 0.4976 0.2583 0.0149
285 0.1165 0.1776 0.6914 0.0127 0.0017
286 0.0128 0.1949 0.7129 0.0776 0.0016
287 0.0143 0.3481 0.5479 0.0847 0.0051
288 0.0654 0.1671 0.7148 0.0361 0.0167
289 0.1232 0.1608 0.6260 0.0665 0.0235
290 0.2037 0.2830 0.2496 0.2310 0.0327
