time exciting_prob fearful_prob tense_prob sad_prob relaxing_prob
0 0.1663 0.0890 0.1715 0.5039 0.0693
1 0.1007 0.3225 0.0443 0.2341 0.2983
2 0.1219 0.3667 0.1277 0.1470 0.2367
3 0.0680 0.2776 0.1045 0.0475 0.5024
4 0.0319 0.2866 0.0464 0.1698 0.4653
5 0.0242 0.0973 0.0453 0.5688 0.2644
6 0.1559 0.1186 0.1583 0.3101 0.2571
7 0.1503 0.1650 0.1295 0.2220 0.3333
8 0.1252 0.1105 0.1272 0.3918 0.2452
9 0.0227 0.0972 0.0818 0.7412 0.0572
10 0.1527 0.4351 0.1730 0.1025 0.1368
11 0.0692 0.2396 0.3250 0.1431 0.2233
12 0.0624 0.1921 0.1532 0.5430 0.0493
13 0.0402 0.2007 0.0863 0.2274 0.4453
14 0.0856 0.2036 0.0767 0.0630 0.5713
15 0.0445 0.1592 0.0474 0.0358 0.7134
16 0.0703 0.2416 0.1047 0.0472 0.5361
17 0.0573 0.5566 0.2303 0.0322 0.1233
18 0.0649 0.5518 0.2095 0.0239 0.1498
19 0.0957 0.0352 0.2903 0.5508 0.0283
20 0.2932 0.1851 0.3350 0.0534 0.1333
21 0.2114 0.2866 0.2913 0.0394 0.1713
22 0.4053 0.0216 0.1305 0.3494 0.0933
23 0.2673 0.0961 0.1852 0.3005 0.1511
24 0.3152 0.2825 0.2148 0.1273 0.0602
25 0.0505 0.0873 0.1203 0.7144 0.0275
26 0.1525 0.3862 0.1989 0.1769 0.0855
27 0.0930 0.1752 0.3171 0.3538 0.0610
28 0.1143 0.2186 0.3157 0.1327 0.2186
29 0.1663 0.2362 0.1255 0.1467 0.3254
30 0.0399 0.0517 0.1028 0.7656 0.0399
31 0.1925 0.1313 0.0597 0.3711 0.2454
32 0.0278 0.2654 0.2534 0.3862 0.0671
33 0.3096 0.0581 0.4946 0.0922 0.0457
34 0.1018 0.2385 0.4421 0.1589 0.0585
35 0.1015 0.6216 0.2305 0.0171 0.0293
36 0.0850 0.5376 0.3235 0.0244 0.0298
37 0.1276 0.1871 0.3416 0.2966 0.0469
38 0.1229 0.4788 0.3091 0.0482 0.0412
39 0.1926 0.2002 0.5615 0.0322 0.0134
40 0.1724 0.3735 0.3594 0.0502 0.0446
41 0.1887 0.2024 0.2312 0.3135 0.0642
42 0.4058 0.1327 0.0768 0.1902 0.1947
43 0.2450 0.1396 0.0916 0.4233 0.1005
44 0.2607 0.4041 0.1185 0.0610 0.1558
45 0.1376 0.3125 0.3979 0.0754 0.0765
46 0.2463 0.4358 0.2225 0.0190 0.0763
47 0.2068 0.2167 0.3438 0.1305 0.1024
48 0.1168 0.0610 0.1409 0.1499 0.5312
49 0.1752 0.1006 0.0681 0.0730 0.5835
50 0.1344 0.0681 0.2612 0.4729 0.0635
51 0.0615 0.6670 0.2050 0.0547 0.0120
52 0.0505 0.2771 0.4226 0.2125 0.0372
53 0.2502 0.3188 0.1919 0.1361 0.1027
54 0.2737 0.1536 0.4241 0.0518 0.0969
55 0.1161 0.4280 0.3306 0.0817 0.0437
56 0.1510 0.1140 0.2910 0.3621 0.0821
57 0.0570 0.0682 0.1337 0.0626 0.6787
58 0.0451 0.1444 0.0903 0.0630 0.6572
59 0.0990 0.0654 0.1038 0.5566 0.1752
60 0.0301 0.2091 0.3699 0.2996 0.0914
61 0.3071 0.0443 0.0164 0.5518 0.0801
62 0.0911 0.4016 0.1661 0.0495 0.2915
63 0.2100 0.3103 0.2827 0.0592 0.1377
64 0.1281 0.3120 0.3000 0.0990 0.1606
65 0.1526 0.2457 0.2102 0.3333 0.0583
66 0.1492 0.6841 0.1217 0.0217 0.0232
67 0.1133 0.5493 0.1769 0.0389 0.1216
68 0.2023 0.5498 0.1588 0.0165 0.0727
69 0.0289 0.2986 0.3384 0.2871 0.0472
70 0.0518 0.1365 0.1365 0.5312 0.1440
71 0.0798 0.2874 0.3662 0.0978 0.1689
72 0.2360 0.2288 0.2166 0.0656 0.2532
73 0.1097 0.3828 0.3770 0.0854 0.0450
74 0.0681 0.4014 0.4241 0.0828 0.0235
75 0.0947 0.4243 0.3330 0.0823 0.0656
76 0.1417 0.4468 0.2355 0.1112 0.0649
77 0.0798 0.4351 0.2311 0.2136 0.0405
78 0.2573 0.4622 0.1572 0.0737 0.0495
79 0.0540 0.0693 0.1945 0.6680 0.0143
80 0.0284 0.0966 0.2373 0.6108 0.0268
81 0.1245 0.4517 0.2939 0.0785 0.0515
82 0.1555 0.5020 0.2583 0.0363 0.0478
83 0.0210 0.5576 0.2939 0.1245 0.0028
84 0.0667 0.2808 0.3184 0.3284 0.0058
85 0.0301 0.2291 0.2119 0.5205 0.0085
86 0.0952 0.2412 0.3245 0.3196 0.0196
87 0.0580 0.5288 0.0524 0.0948 0.2659
88 0.0717 0.3066 0.0712 0.3188 0.2316
89 0.1362 0.3818 0.3450 0.0936 0.0432
90 0.0211 0.4802 0.2285 0.2529 0.0172
91 0.0518 0.4041 0.1375 0.3855 0.0211
92 0.0825 0.3967 0.2482 0.0700 0.2026
93 0.3293 0.2355 0.1749 0.1982 0.0619
94 0.2532 0.2512 0.1597 0.1177 0.2183
95 0.3086 0.3750 0.0739 0.0694 0.1731
96 0.4399 0.3535 0.0619 0.0639 0.0807
97 0.4446 0.2051 0.1107 0.1366 0.1031
98 0.5708 0.0472 0.0507 0.2361 0.0954
99 0.1550 0.4282 0.2678 0.0993 0.0496
100 0.2499 0.2898 0.1718 0.1588 0.1296
101 0.2318 0.2585 0.1892 0.1428 0.1777
102 0.1990 0.3333 0.2118 0.0704 0.1855
103 0.3091 0.3020 0.1733 0.0381 0.1775
104 0.0559 0.4033 0.2408 0.2686 0.0313
105 0.1434 0.5127 0.2239 0.0786 0.0414
106 0.0085 0.5713 0.0322 0.3865 0.0015
107 0.0040 0.3286 0.0435 0.6235 0.0004
108 0.0110 0.5576 0.1356 0.2893 0.0065
109 0.1638 0.6182 0.1638 0.0341 0.0199
110 0.1259 0.4675 0.3237 0.0632 0.0197
111 0.2111 0.5024 0.2373 0.0329 0.0163
112 0.3398 0.2585 0.2710 0.1165 0.0142
113 0.3340 0.4426 0.1680 0.0339 0.0215
114 0.1544 0.2817 0.2014 0.3452 0.0172
115 0.2646 0.4197 0.2161 0.0624 0.0373
116 0.2671 0.3623 0.2267 0.1282 0.0158
117 0.1152 0.0207 0.5581 0.1813 0.1246
118 0.0626 0.0767 0.0842 0.7500 0.0265
119 0.3674 0.3506 0.0605 0.0105 0.2111
120 0.2284 0.1724 0.1241 0.0551 0.4199
121 0.1722 0.2335 0.2883 0.2144 0.0915
122 0.2859 0.4194 0.1310 0.1416 0.0220
123 0.1243 0.4441 0.2590 0.1022 0.0703
124 0.1520 0.5962 0.1394 0.0951 0.0170
125 0.2705 0.3669 0.0988 0.2522 0.0115
126 0.0543 0.1213 0.0376 0.0321 0.7549
127 0.0806 0.1996 0.0690 0.0361 0.6147
128 0.1370 0.2725 0.0455 0.0320 0.5132
129 0.1118 0.3110 0.0366 0.0355 0.5049
130 0.0205 0.3579 0.3811 0.2329 0.0074
131 0.0147 0.1550 0.7998 0.0274 0.0029
132 0.0121 0.1296 0.4741 0.3811 0.0030
133 0.0943 0.5596 0.2603 0.0788 0.0069
134 0.0652 0.5049 0.3606 0.0466 0.0229
135 0.1569 0.1439 0.2246 0.1129 0.3618
136 0.1267 0.1448 0.3162 0.0706 0.3418
137 0.1309 0.0740 0.3140 0.1860 0.2949
138 0.1378 0.0749 0.2184 0.1974 0.3716
139 0.1569 0.0680 0.2468 0.2014 0.3269
140 0.2408 0.4260 0.2194 0.0729 0.0409
141 0.2793 0.3115 0.1890 0.1530 0.0674
142 0.2367 0.5010 0.1403 0.0781 0.0438
143 0.2212 0.4609 0.1805 0.0894 0.0479
144 0.4229 0.2524 0.1631 0.0914 0.0701
145 0.2421 0.4216 0.2365 0.0716 0.0282
146 0.1080 0.7378 0.0968 0.0359 0.0213
147 0.2228 0.6343 0.0525 0.0478 0.0425
148 0.3179 0.3604 0.1974 0.0918 0.0325
149 0.2064 0.5029 0.0999 0.0916 0.0991
150 0.2308 0.4346 0.1770 0.0389 0.1188
151 0.1494 0.0604 0.2705 0.1667 0.3530
152 0.2085 0.0312 0.2290 0.1478 0.3835
153 0.4609 0.3733 0.0801 0.0358 0.0501
154 0.2068 0.0709 0.0992 0.5620 0.0611
155 0.5708 0.1334 0.1366 0.0216 0.1377
156 0.5024 0.1241 0.1749 0.0381 0.1605
157 0.3826 0.1954 0.1620 0.0692 0.1909
158 0.2223 0.4597 0.1799 0.0608 0.0774
159 0.1582 0.3169 0.2864 0.2112 0.0273
160 0.2067 0.2234 0.2493 0.2360 0.0848
161 0.0735 0.1724 0.4233 0.2776 0.0530
162 0.3374 0.1848 0.2095 0.1053 0.1631
163 0.1637 0.3521 0.1357 0.1587 0.1899
164 0.1938 0.2145 0.3096 0.2000 0.0820
165 0.2360 0.4175 0.2269 0.0650 0.0547
166 0.2238 0.5493 0.0704 0.1255 0.0308
167 0.2322 0.4238 0.0822 0.1547 0.1072
168 0.3718 0.3718 0.1637 0.0584 0.0341
169 0.0889 0.0947 0.3833 0.4209 0.0122
170 0.3623 0.1063 0.3857 0.1376 0.0079
171 0.0935 0.1578 0.4639 0.2059 0.0787
172 0.0166 0.3198 0.4373 0.1794 0.0468
173 0.0992 0.5708 0.2052 0.0755 0.0491
174 0.0653 0.6597 0.2177 0.0256 0.0316
175 0.1541 0.6338 0.1470 0.0323 0.0331
176 0.0598 0.3899 0.4595 0.0646 0.0263
177 0.1621 0.1123 0.2935 0.3711 0.0610
178 0.0864 0.5127 0.3086 0.0622 0.0301
179 0.1758 0.4597 0.2460 0.0287 0.0898
180 0.1109 0.6689 0.1180 0.0934 0.0090
181 0.2448 0.4431 0.2177 0.0789 0.0155
182 0.1184 0.5146 0.2732 0.0600 0.0339
183 0.2397 0.3953 0.2323 0.1023 0.0305
184 0.2847 0.3984 0.2341 0.0479 0.0348
185 0.3408 0.1897 0.3657 0.0816 0.0221
186 0.2476 0.5039 0.2118 0.0177 0.0189
187 0.1815 0.4355 0.1815 0.1589 0.0424
188 0.0860 0.6064 0.2527 0.0226 0.0324
189 0.0612 0.5811 0.3311 0.0082 0.0187
190 0.0533 0.4463 0.2465 0.2389 0.0152
191 0.1403 0.4253 0.3337 0.0812 0.0194
192 0.1116 0.1942 0.3601 0.3057 0.0284
193 0.1926 0.5112 0.2717 0.0069 0.0175
194 0.0687 0.0984 0.1781 0.6216 0.0330
195 0.0993 0.2477 0.2852 0.2852 0.0829
196 0.0922 0.2411 0.2649 0.3677 0.0342
197 0.0940 0.2202 0.1326 0.5117 0.0414
198 0.1724 0.3323 0.3323 0.0659 0.0974
199 0.0646 0.4844 0.3032 0.0447 0.1031
200 0.1193 0.1260 0.1848 0.0475 0.5225
201 0.0715 0.5942 0.2742 0.0074 0.0523
202 0.2808 0.2744 0.2365 0.1180 0.0905
203 0.0900 0.4395 0.2045 0.2092 0.0568
204 0.4460 0.1693 0.2903 0.0604 0.0339
205 0.1594 0.6763 0.1462 0.0045 0.0133
206 0.1084 0.6851 0.1238 0.0187 0.0642
207 0.1138 0.1193 0.3118 0.4194 0.0358
208 0.1013 0.1879 0.1807 0.4758 0.0542
209 0.1528 0.3313 0.3064 0.1553 0.0545
210 0.0928 0.2371 0.2316 0.4065 0.0321
211 0.0732 0.6035 0.2720 0.0312 0.0199
212 0.4041 0.2339 0.2798 0.0538 0.0284
213 0.1462 0.3943 0.3245 0.1231 0.0119
214 0.0772 0.2416 0.2166 0.4272 0.0374
215 0.0469 0.1316 0.1117 0.6738 0.0360
216 0.0981 0.6968 0.1667 0.0067 0.0316
217 0.2118 0.2615 0.1501 0.3357 0.0407
218 0.3145 0.5786 0.0582 0.0297 0.0192
219 0.0529 0.0316 0.0599 0.8271 0.0283
220 0.0273 0.0221 0.0959 0.0132 0.8418
221 0.0397 0.0629 0.1545 0.0230 0.7197
222 0.2040 0.5171 0.1665 0.0571 0.0554
223 0.1454 0.6318 0.1304 0.0265 0.0660
224 0.1356 0.6177 0.1840 0.0276 0.0354
225 0.1858 0.1528 0.1962 0.4153 0.0500
226 0.1423 0.2478 0.1855 0.3037 0.1208
227 0.2235 0.1178 0.3772 0.2474 0.0340
228 0.4434 0.2391 0.1428 0.0701 0.1045
229 0.4810 0.1702 0.0977 0.0612 0.1898
230 0.1438 0.2092 0.2502 0.2484 0.1483
231 0.1697 0.5610 0.1451 0.0724 0.0518
232 0.0296 0.1307 0.0831 0.0220 0.7344
233 0.0773 0.1367 0.3774 0.3774 0.0312
234 0.1595 0.1685 0.3540 0.1659 0.1522
235 0.0190 0.0974 0.6255 0.2527 0.0056
236 0.0783 0.2284 0.4873 0.1698 0.0361
237 0.5332 0.0964 0.2275 0.0979 0.0448
238 0.6880 0.0976 0.0924 0.0720 0.0499
239 0.2695 0.3201 0.1107 0.2252 0.0743
240 0.3296 0.2128 0.1644 0.1581 0.1353
241 0.2805 0.1913 0.1098 0.2068 0.2117
242 0.0073 0.0301 0.0734 0.8804 0.0086
243 0.1562 0.2786 0.3359 0.2102 0.0192
244 0.0389 0.0365 0.1826 0.7339 0.0083
245 0.1378 0.0287 0.0911 0.3308 0.4116
246 0.1226 0.0218 0.0767 0.2291 0.5498
247 0.0884 0.1219 0.3813 0.1360 0.2725
248 0.1089 0.0803 0.0709 0.4272 0.3127
249 0.1575 0.3413 0.0548 0.2345 0.2119
250 0.2183 0.2217 0.1500 0.0822 0.3276
251 0.0958 0.4712 0.1173 0.1340 0.1816
252 0.3298 0.2712 0.0736 0.1054 0.2197
253 0.3906 0.3264 0.1449 0.0599 0.0781
254 0.0333 0.9062 0.0139 0.0127 0.0341
255 0.2615 0.3547 0.2185 0.0230 0.1422
256 0.1921 0.2126 0.2467 0.0959 0.2527
257 0.0469 0.6274 0.0499 0.0755 0.2004
258 0.0426 0.1793 0.1054 0.2113 0.4614
259 0.0338 0.1676 0.0612 0.2783 0.4590
260 0.0252 0.1594 0.0753 0.2527 0.4873
261 0.0350 0.0999 0.0655 0.1333 0.6665
262 0.0335 0.1455 0.1024 0.3105 0.4082
