time exciting_prob fearful_prob tense_prob sad_prob relaxing_prob
0 0.1522 0.2286 0.2081 0.3652 0.0457
1 0.9517 0.0191 0.0138 0.0145 0.0008
2 0.9312 0.0077 0.0542 0.0061 0.0009
3 0.3135 0.1370 0.3286 0.1993 0.0217
4 0.8599 0.0191 0.1076 0.0021 0.0113
5 0.9551 0.0104 0.0152 0.0019 0.0175
6 0.9453 0.0095 0.0198 0.0030 0.0222
7 0.9727 0.0052 0.0022 0.0001 0.0196
8 0.7891 0.0545 0.1437 0.0005 0.0125
9 0.2017 0.5698 0.2001 0.0018 0.0267
10 0.2189 0.5420 0.2139 0.0012 0.0244
11 0.2849 0.4736 0.2006 0.0015 0.0395
12 0.2642 0.3755 0.1018 0.0026 0.2561
13 0.2781 0.4768 0.1768 0.0008 0.0676
14 0.4292 0.1748 0.2949 0.0005 0.1004
15 0.2500 0.3579 0.3608 0.0006 0.0306
16 0.3765 0.1148 0.3855 0.0020 0.1213
17 0.2666 0.4031 0.1790 0.0020 0.1495
18 0.2932 0.2095 0.0680 0.0028 0.4265
19 0.3306 0.3745 0.2615 0.0006 0.0327
20 0.1302 0.6021 0.2250 0.0025 0.0403
21 0.1840 0.5986 0.2036 0.0011 0.0127
22 0.1628 0.5684 0.2644 0.0004 0.0038
23 0.0494 0.8164 0.1333 0.0001 0.0007
24 0.2111 0.5562 0.2161 0.0005 0.0163
25 0.5342 0.1707 0.2644 0.0023 0.0285
26 0.5669 0.2220 0.1841 0.0017 0.0251
27 0.1218 0.6138 0.2600 0.0019 0.0026
28 0.4417 0.3928 0.1346 0.0006 0.0303
29 0.0898 0.8125 0.0963 0.0001 0.0011
30 0.1733 0.4822 0.3137 0.0007 0.0299
31 0.1721 0.5220 0.2839 0.0008 0.0211
32 0.0936 0.6299 0.2646 0.0005 0.0113
33 0.0931 0.6069 0.2844 0.0011 0.0145
34 0.1913 0.3865 0.4082 0.0016 0.0125
35 0.5513 0.2159 0.1832 0.0007 0.0489
36 0.6250 0.1165 0.2125 0.0009 0.0453
37 0.7896 0.1146 0.0839 0.0023 0.0097
38 0.7817 0.0678 0.1247 0.0016 0.0242
39 0.2388 0.4749 0.2261 0.0010 0.0594
40 0.2153 0.5083 0.2103 0.0006 0.0652
41 0.0830 0.7632 0.1503 0.0009 0.0028
42 0.3481 0.3000 0.3481 0.0004 0.0033
43 0.5029 0.2048 0.2888 0.0012 0.0024
44 0.2258 0.1829 0.5859 0.0008 0.0047
45 0.0541 0.2314 0.7129 0.0004 0.0009
46 0.1469 0.2517 0.5947 0.0004 0.0065
47 0.8765 0.0329 0.0815 0.0009 0.0083
48 0.8013 0.0316 0.1541 0.0014 0.0118
49 0.2883 0.2974 0.3909 0.0025 0.0210
50 0.1312 0.0909 0.7729 0.0008 0.0044
51 0.3010 0.2118 0.4810 0.0007 0.0056
52 0.3230 0.4180 0.2135 0.0011 0.0444
53 0.3240 0.3450 0.2815 0.0012 0.0485
54 0.3027 0.2800 0.4138 0.0010 0.0022
55 0.1914 0.3181 0.4851 0.0008 0.0046
56 0.0940 0.3928 0.5122 0.0002 0.0008
57 0.3889 0.3655 0.2378 0.0027 0.0051
58 0.2080 0.4580 0.2590 0.0014 0.0736
59 0.2114 0.4580 0.2590 0.0012 0.0703
60 0.3071 0.3589 0.3142 0.0022 0.0176
61 0.2927 0.3730 0.2905 0.0020 0.0415
62 0.1360 0.1653 0.6958 0.0002 0.0025
63 0.7036 0.0778 0.1570 0.0364 0.0250
64 0.4463 0.0839 0.3643 0.0764 0.0294
65 0.7793 0.0543 0.1022 0.0487 0.0156
66 0.9854 0.0045 0.0089 0.0008 0.0004
67 0.0983 0.0802 0.7373 0.0742 0.0101
68 0.2295 0.4390 0.3210 0.0076 0.0028
69 0.5186 0.3677 0.0989 0.0056 0.0093
70 0.1750 0.1113 0.4988 0.1893 0.0254
71 0.2778 0.2651 0.4407 0.0117 0.0045
72 0.2612 0.5034 0.2200 0.0068 0.0085
73 0.1855 0.7280 0.0779 0.0024 0.0062
74 0.1251 0.4504 0.4070 0.0035 0.0138
75 0.5317 0.2434 0.1476 0.0261 0.0514
76 0.2681 0.4634 0.2600 0.0019 0.0067
77 0.1862 0.6299 0.1655 0.0065 0.0122
78 0.0172 0.4568 0.5259 0.0003 0.0002
79 0.2659 0.3059 0.4248 0.0009 0.0025
80 0.1718 0.2024 0.6235 0.0005 0.0018
81 0.4238 0.2018 0.3599 0.0019 0.0126
82 0.0343 0.4595 0.5044 0.0002 0.0016
83 0.2032 0.0790 0.6875 0.0189 0.0111
84 0.7041 0.0815 0.1925 0.0142 0.0079
85 0.2725 0.6587 0.0500 0.0026 0.0164
86 0.6387 0.2812 0.0455 0.0082 0.0266
87 0.5317 0.2822 0.1409 0.0125 0.0327
88 0.1948 0.7129 0.0845 0.0028 0.0051
89 0.1792 0.3882 0.3535 0.0014 0.0776
90 0.1515 0.4666 0.2135 0.0009 0.1676
91 0.4170 0.3567 0.2048 0.0007 0.0206
92 0.6787 0.1550 0.1117 0.0013 0.0532
93 0.3269 0.3320 0.2864 0.0016 0.0530
94 0.5142 0.2448 0.2194 0.0006 0.0214
95 0.2520 0.3469 0.3337 0.0013 0.0662
96 0.5884 0.2131 0.0961 0.0356 0.0665
97 0.0875 0.4341 0.4766 0.0002 0.0017
98 0.1164 0.4712 0.4094 0.0003 0.0027
99 0.1228 0.5635 0.3113 0.0001 0.0024
100 0.1365 0.1354 0.4912 0.2231 0.0138
101 0.0862 0.4734 0.4377 0.0008 0.0020
102 0.3816 0.1859 0.3755 0.0262 0.0308
103 0.3662 0.2637 0.3662 0.0006 0.0035
104 0.2693 0.3457 0.3767 0.0013 0.0068
105 0.4700 0.2576 0.2656 0.0010 0.0060
106 0.6431 0.1857 0.1600 0.0018 0.0092
107 0.6353 0.2178 0.1311 0.0027 0.0132
108 0.1858 0.4561 0.3552 0.0009 0.0021
109 0.2300 0.3120 0.4539 0.0004 0.0038
110 0.8628 0.0569 0.0610 0.0013 0.0181
111 0.3269 0.4502 0.1936 0.0013 0.0279
112 0.2632 0.5278 0.1926 0.0008 0.0158
113 0.4648 0.2776 0.2230 0.0060 0.0286
114 0.0620 0.3198 0.6167 0.0001 0.0012
115 0.1263 0.6519 0.2084 0.0011 0.0121
116 0.2079 0.7373 0.0464 0.0015 0.0071
117 0.4023 0.2832 0.3086 0.0006 0.0055
118 0.2810 0.3159 0.3499 0.0012 0.0520
119 0.5693 0.1061 0.2301 0.0006 0.0937
120 0.1313 0.5034 0.3625 0.0002 0.0024
121 0.0397 0.4236 0.5356 0.0002 0.0010
122 0.2524 0.4570 0.2859 0.0012 0.0035
123 0.2052 0.7217 0.0523 0.0039 0.0168
124 0.3528 0.3342 0.2881 0.0028 0.0222
125 0.1710 0.3220 0.4009 0.0031 0.1030
126 0.5195 0.3252 0.1106 0.0033 0.0414
127 0.3237 0.2313 0.4187 0.0037 0.0226
128 0.2476 0.1573 0.5845 0.0022 0.0085
129 0.1699 0.1781 0.6465 0.0007 0.0048
130 0.2566 0.1270 0.6108 0.0006 0.0052
131 0.1157 0.1569 0.1406 0.5308 0.0559
132 0.5801 0.3130 0.0862 0.0005 0.0200
133 0.5332 0.3442 0.0898 0.0004 0.0320
134 0.4006 0.5146 0.0659 0.0012 0.0177
135 0.3242 0.2505 0.3167 0.0026 0.1061
136 0.2964 0.5850 0.1057 0.0010 0.0122
137 0.1898 0.6890 0.0962 0.0030 0.0223
138 0.3899 0.3259 0.1731 0.0870 0.0242
139 0.4460 0.3367 0.2058 0.0005 0.0112
140 0.1677 0.3870 0.4248 0.0027 0.0178
141 0.0922 0.5435 0.3564 0.0011 0.0069
142 0.2705 0.3066 0.3816 0.0018 0.0396
143 0.4148 0.4739 0.0767 0.0008 0.0338
144 0.1589 0.5088 0.2944 0.0011 0.0366
145 0.3306 0.4180 0.2362 0.0014 0.0140
146 0.4934 0.2386 0.2260 0.0017 0.0402
147 0.0834 0.2913 0.6118 0.0022 0.0117
148 0.2642 0.5957 0.1219 0.0007 0.0176
149 0.3250 0.5034 0.1453 0.0006 0.0258
150 0.6572 0.2783 0.0495 0.0005 0.0142
151 0.7183 0.1859 0.0722 0.0005 0.0231
152 0.7324 0.1838 0.0561 0.0006 0.0269
153 0.1746 0.6484 0.1732 0.0019 0.0017
154 0.3452 0.2930 0.3345 0.0143 0.0130
155 0.1125 0.5200 0.3130 0.0029 0.0515
156 0.0770 0.6860 0.2125 0.0005 0.0240
157 0.2937 0.5112 0.1837 0.0028 0.0085
158 0.2764 0.0756 0.6035 0.0064 0.0380
159 0.4585 0.1263 0.3657 0.0286 0.0208
160 0.5049 0.2725 0.2122 0.0009 0.0097
161 0.2030 0.4331 0.1907 0.0009 0.1722
162 0.5083 0.1857 0.2830 0.0018 0.0210
163 0.1910 0.7095 0.0881 0.0012 0.0100
164 0.5127 0.1801 0.2900 0.0035 0.0136
165 0.4351 0.2810 0.2639 0.0010 0.0190
166 0.3887 0.3457 0.2568 0.0008 0.0077
167 0.1885 0.4055 0.3838 0.0011 0.0211
168 0.1925 0.4690 0.3325 0.0011 0.0049
169 0.3123 0.3247 0.3567 0.0026 0.0037
170 0.4006 0.3120 0.2754 0.0013 0.0108
171 0.2351 0.4978 0.2522 0.0018 0.0131
172 0.2404 0.4419 0.2347 0.0024 0.0805
173 0.5127 0.3469 0.1277 0.0005 0.0122
174 0.4846 0.2739 0.2101 0.0087 0.0228
175 0.1486 0.7031 0.1395 0.0007 0.0081
176 0.1715 0.6626 0.1479 0.0009 0.0169
177 0.3142 0.5688 0.0900 0.0005 0.0264
178 0.2737 0.5889 0.0822 0.0003 0.0552
179 0.4814 0.3496 0.0994 0.0008 0.0688
180 0.3616 0.3789 0.2544 0.0005 0.0047
181 0.2052 0.3987 0.3923 0.0007 0.0032
182 0.0703 0.8164 0.1088 0.0008 0.0038
183 0.3120 0.2754 0.4038 0.0011 0.0077
184 0.1498 0.3374 0.5063 0.0005 0.0058
185 0.2173 0.2661 0.5132 0.0004 0.0031
186 0.3491 0.1826 0.4553 0.0037 0.0091
187 0.9844 0.0040 0.0027 0.0001 0.0089
188 0.9849 0.0030 0.0029 0.0001 0.0092
189 0.9746 0.0052 0.0032 0.0001 0.0168
