time exciting_prob fearful_prob tense_prob sad_prob relaxing_prob
0 0.1884 0.1074 0.1467 0.5122 0.0454
1 0.2844 0.1105 0.1039 0.2358 0.2651
2 0.2286 0.0834 0.1986 0.2844 0.2050
3 0.0920 0.5215 0.3367 0.0372 0.0124
4 0.0490 0.2751 0.1921 0.3167 0.1669
5 0.1229 0.2295 0.2368 0.3237 0.0871
6 0.2659 0.3259 0.2275 0.0315 0.1492
7 0.1652 0.1652 0.1338 0.2024 0.3335
8 0.1742 0.3359 0.2783 0.0386 0.1729
9 0.1212 0.3882 0.2144 0.1833 0.0929
10 0.0677 0.3545 0.3279 0.1927 0.0570
11 0.2209 0.2927 0.3115 0.1240 0.0509
12 0.1542 0.2859 0.1846 0.0541 0.3213
13 0.1404 0.4460 0.2834 0.0435 0.0865
14 0.1415 0.4358 0.3340 0.0387 0.0500
15 0.1049 0.2292 0.2222 0.3606 0.0830
16 0.0620 0.2469 0.1407 0.1620 0.3884
17 0.2744 0.3606 0.1930 0.0727 0.0994
18 0.4534 0.3557 0.0806 0.0153 0.0950
19 0.1364 0.1954 0.1343 0.3323 0.2015
20 0.0772 0.1941 0.0991 0.4583 0.1713
21 0.1870 0.3838 0.3013 0.0744 0.0536
22 0.2280 0.2952 0.2262 0.0463 0.2043
23 0.1542 0.2426 0.2583 0.0745 0.2705
24 0.1494 0.3042 0.2522 0.2091 0.0851
25 0.1737 0.4434 0.1658 0.0840 0.1332
26 0.1199 0.3013 0.5288 0.0462 0.0038
27 0.1265 0.3386 0.3132 0.2069 0.0149
28 0.3101 0.3831 0.2396 0.0430 0.0243
29 0.1277 0.2089 0.5332 0.1199 0.0102
30 0.3691 0.3281 0.2576 0.0374 0.0077
31 0.2976 0.3167 0.3425 0.0345 0.0088
32 0.3813 0.3752 0.0987 0.0129 0.1317
33 0.3647 0.3269 0.1147 0.0439 0.1497
34 0.4150 0.2440 0.2153 0.1190 0.0065
35 0.1411 0.0535 0.2438 0.2939 0.2676
36 0.1015 0.3862 0.2166 0.2343 0.0616
37 0.1405 0.3118 0.4753 0.0533 0.0192
38 0.1032 0.1433 0.5942 0.1526 0.0069
39 0.1919 0.0764 0.3474 0.3757 0.0085
40 0.1791 0.2998 0.4294 0.0746 0.0170
41 0.1185 0.2213 0.5562 0.0801 0.0237
42 0.0118 0.8281 0.1086 0.0467 0.0045
43 0.4329 0.3069 0.1749 0.0266 0.0586
44 0.3208 0.3870 0.2404 0.0331 0.0187
45 0.3096 0.0866 0.1736 0.1656 0.2646
46 0.3611 0.2971 0.1093 0.0393 0.1932
47 0.3379 0.2050 0.2869 0.0239 0.1465
48 0.3062 0.3311 0.0877 0.0818 0.1931
49 0.2683 0.4458 0.0435 0.0168 0.2258
50 0.1632 0.2712 0.3374 0.0085 0.2196
51 0.0975 0.4104 0.4368 0.0406 0.0146
52 0.1331 0.2524 0.3733 0.2094 0.0319
53 0.2059 0.4939 0.2124 0.0204 0.0674
54 0.3125 0.3005 0.1571 0.0790 0.1511
55 0.1527 0.1786 0.5166 0.1017 0.0504
56 0.2310 0.5288 0.1276 0.0120 0.1009
57 0.0981 0.3879 0.4260 0.0021 0.0859
58 0.3960 0.2136 0.3359 0.0327 0.0218
59 0.3245 0.3853 0.1212 0.0159 0.1532
60 0.0667 0.3748 0.4812 0.0744 0.0029
61 0.2281 0.2546 0.2585 0.0375 0.2212
62 0.1268 0.4788 0.3447 0.0092 0.0405
63 0.2001 0.3916 0.3916 0.0027 0.0139
64 0.1316 0.2496 0.5713 0.0368 0.0105
65 0.0626 0.3328 0.1926 0.3655 0.0465
66 0.0777 0.1594 0.5742 0.1697 0.0190
67 0.2035 0.4177 0.2803 0.0053 0.0932
68 0.3813 0.3418 0.1774 0.0455 0.0541
69 0.1753 0.1597 0.5571 0.0552 0.0526
70 0.0547 0.3147 0.5522 0.0735 0.0051
71 0.1609 0.5073 0.2234 0.0443 0.0640
72 0.1965 0.1906 0.5513 0.0381 0.0235
73 0.1423 0.4932 0.2366 0.0622 0.0657
74 0.0957 0.3936 0.4746 0.0184 0.0177
75 0.0512 0.1653 0.5679 0.1815 0.0341
76 0.6519 0.1254 0.0882 0.0317 0.1031
77 0.5186 0.1685 0.0696 0.0874 0.1558
78 0.4287 0.1692 0.1267 0.1317 0.1436
79 0.4585 0.0748 0.1584 0.0882 0.2200
80 0.0746 0.6201 0.2178 0.0361 0.0513
81 0.1118 0.2224 0.3391 0.0898 0.2367
82 0.0771 0.1938 0.1464 0.1658 0.4167
83 0.2905 0.3821 0.0894 0.0659 0.1722
84 0.1969 0.4233 0.2820 0.0569 0.0410
85 0.1980 0.1128 0.2664 0.3757 0.0470
86 0.2488 0.1656 0.3618 0.1848 0.0388
87 0.2573 0.1263 0.3489 0.2218 0.0458
88 0.1202 0.2754 0.1332 0.2128 0.2585
89 0.2148 0.1072 0.0671 0.2034 0.4077
90 0.4490 0.2725 0.1829 0.0728 0.0231
91 0.2625 0.2861 0.2905 0.0826 0.0782
92 0.4099 0.2505 0.2317 0.0258 0.0820
93 0.3796 0.2864 0.0748 0.1521 0.1071
94 0.3303 0.1610 0.0656 0.3008 0.1421
95 0.2805 0.2871 0.1367 0.1133 0.1825
96 0.2489 0.3298 0.0854 0.0112 0.3247
97 0.2871 0.0961 0.1254 0.3279 0.1636
98 0.2837 0.2042 0.1803 0.1093 0.2225
99 0.1525 0.2961 0.1868 0.2362 0.1284
100 0.2035 0.1853 0.2379 0.3462 0.0271
101 0.6738 0.1744 0.0469 0.0667 0.0380
102 0.6143 0.2208 0.1191 0.0344 0.0113
103 0.6802 0.1339 0.0701 0.0567 0.0590
104 0.4268 0.2031 0.1223 0.1533 0.0945
105 0.3203 0.0897 0.0947 0.3630 0.1324
106 0.0984 0.2849 0.1729 0.2253 0.2185
107 0.1708 0.2605 0.0590 0.0309 0.4790
108 0.2419 0.2637 0.0617 0.0242 0.4084
109 0.0944 0.6157 0.2732 0.0118 0.0048
110 0.2827 0.3633 0.2168 0.0220 0.1152
111 0.1750 0.3884 0.2979 0.0065 0.1322
112 0.3804 0.3154 0.1942 0.0218 0.0883
113 0.1196 0.4880 0.2341 0.0404 0.1177
114 0.1941 0.4238 0.0583 0.0114 0.3125
115 0.1986 0.2671 0.3076 0.0902 0.1365
116 0.1578 0.2683 0.3237 0.1707 0.0793
117 0.1672 0.1293 0.2002 0.2869 0.2164
118 0.3528 0.3965 0.1414 0.0174 0.0920
119 0.1271 0.0814 0.1079 0.2568 0.4268
120 0.3132 0.0940 0.1730 0.3547 0.0651
121 0.1782 0.0693 0.2219 0.4080 0.1225
122 0.3242 0.1592 0.0696 0.0176 0.4294
123 0.3337 0.1083 0.1425 0.1067 0.3086
124 0.1864 0.3271 0.3271 0.1375 0.0217
125 0.1318 0.4155 0.2106 0.2106 0.0313
126 0.1466 0.2307 0.1099 0.0540 0.4587
127 0.1836 0.3274 0.3594 0.1030 0.0267
128 0.0587 0.3125 0.3125 0.3079 0.0083
129 0.1528 0.3186 0.4155 0.1010 0.0121
130 0.0822 0.1376 0.2198 0.2693 0.2913
131 0.1071 0.1582 0.3855 0.2489 0.1005
132 0.3394 0.1761 0.3394 0.1155 0.0294
133 0.0521 0.0959 0.4434 0.3911 0.0175
134 0.1927 0.2634 0.2676 0.1838 0.0925
135 0.0371 0.0890 0.2345 0.6274 0.0120
136 0.1209 0.5010 0.2725 0.0972 0.0082
137 0.3745 0.1179 0.1197 0.2151 0.1729
138 0.2756 0.2800 0.2147 0.1476 0.0821
139 0.2478 0.2830 0.3633 0.0732 0.0325
140 0.0947 0.2272 0.3804 0.2739 0.0236
141 0.1550 0.1116 0.3440 0.3604 0.0289
142 0.0909 0.3430 0.1925 0.3274 0.0461
143 0.0457 0.4548 0.4768 0.0161 0.0065
144 0.0303 0.5117 0.4177 0.0310 0.0091
145 0.2391 0.1036 0.3022 0.3218 0.0331
146 0.3562 0.0707 0.2229 0.2952 0.0551
147 0.4419 0.1153 0.2104 0.1447 0.0877
148 0.2817 0.3853 0.1709 0.0299 0.1321
149 0.2656 0.1125 0.2457 0.2964 0.0798
150 0.3635 0.3750 0.1946 0.0612 0.0056
151 0.4688 0.0759 0.2432 0.1396 0.0724
152 0.4062 0.2445 0.1591 0.1146 0.0757
153 0.1247 0.3782 0.3840 0.1025 0.0106
154 0.0410 0.4688 0.4541 0.0314 0.0048
155 0.0870 0.0496 0.5498 0.2764 0.0371
156 0.2258 0.0504 0.3445 0.3665 0.0128
157 0.0533 0.6597 0.2583 0.0276 0.0011
158 0.0679 0.4905 0.4065 0.0323 0.0027
159 0.4573 0.2046 0.1300 0.1260 0.0820
160 0.3018 0.4602 0.1210 0.0248 0.0920
161 0.1626 0.4058 0.0787 0.1144 0.2385
162 0.2418 0.2576 0.4346 0.0105 0.0557
163 0.6748 0.1027 0.0525 0.0147 0.1554
164 0.6855 0.0537 0.1641 0.0347 0.0623
165 0.3638 0.2461 0.1731 0.1504 0.0668
166 0.6147 0.1761 0.0685 0.1310 0.0094
167 0.1837 0.2050 0.2759 0.3174 0.0182
168 0.1804 0.0973 0.1891 0.3240 0.2092
169 0.2264 0.1450 0.3733 0.2247 0.0304
170 0.2949 0.1707 0.3643 0.1628 0.0073
171 0.1804 0.2013 0.2354 0.2710 0.1121
172 0.1464 0.0975 0.1880 0.5439 0.0243
173 0.3486 0.0999 0.0991 0.3770 0.0754
174 0.1625 0.1575 0.2722 0.1975 0.2103
175 0.4949 0.0765 0.2283 0.1157 0.0847
176 0.1127 0.1426 0.3936 0.3113 0.0399
177 0.4016 0.1973 0.1868 0.1274 0.0869
178 0.6919 0.1260 0.0770 0.0442 0.0609
179 0.1711 0.1204 0.2180 0.2888 0.2017
180 0.2283 0.2773 0.3120 0.0795 0.1028
181 0.2737 0.5317 0.1168 0.0450 0.0329
182 0.1136 0.4321 0.3755 0.0757 0.0031
183 0.4082 0.1702 0.1561 0.1958 0.0698
184 0.2086 0.0593 0.1009 0.5005 0.1306
185 0.4343 0.1356 0.1421 0.1598 0.1284
186 0.4182 0.1316 0.2764 0.0631 0.1108
187 0.1388 0.1056 0.1179 0.1455 0.4922
188 0.1317 0.2769 0.1219 0.3933 0.0762
189 0.6567 0.0766 0.1431 0.0141 0.1097
190 0.5811 0.0864 0.1002 0.0622 0.1704
191 0.3914 0.2468 0.0915 0.0659 0.2046
192 0.2118 0.2457 0.0704 0.2896 0.1826
193 0.5220 0.1875 0.1404 0.0339 0.1164
194 0.5688 0.1320 0.0712 0.0493 0.1790
195 0.1493 0.4253 0.1493 0.2156 0.0603
196 0.4202 0.0610 0.2489 0.1685 0.1014
197 0.1632 0.0724 0.2776 0.3220 0.1646
198 0.0775 0.0226 0.0066 0.0063 0.8872
199 0.1240 0.1819 0.4502 0.2372 0.0067
200 0.1691 0.3899 0.2944 0.1338 0.0128
201 0.0540 0.4314 0.4519 0.0540 0.0087
202 0.0908 0.3972 0.4502 0.0475 0.0143
203 0.0355 0.3113 0.4897 0.1493 0.0143
204 0.2037 0.2830 0.2496 0.2310 0.0327
205 0.2037 0.2830 0.2496 0.2310 0.0327
206 0.2037 0.2830 0.2496 0.2310 0.0327
207 0.2037 0.2830 0.2496 0.2310 0.0327
208 0.2037 0.2830 0.2496 0.2310 0.0327
209 0.2037 0.2830 0.2496 0.2310 0.0327
210 0.8911 0.0687 0.0228 0.0094 0.0081
211 0.8984 0.0651 0.0213 0.0077 0.0077
212 0.8916 0.0677 0.0238 0.0087 0.0081
213 0.2037 0.2830 0.2496 0.2310 0.0327
