time exciting_prob fearful_prob tense_prob sad_prob relaxing_prob
0 0.0434 0.0523 0.1537 0.0933 0.6572
1 0.0895 0.1499 0.2285 0.3596 0.1725
2 0.0739 0.2788 0.3579 0.2311 0.0584
3 0.0907 0.4360 0.4294 0.0372 0.0067
4 0.0907 0.4360 0.4294 0.0372 0.0067
5 0.0944 0.4229 0.4363 0.0399 0.0067
6 0.0864 0.4526 0.4185 0.0360 0.0066
7 0.0851 0.4568 0.4160 0.0355 0.0065
8 0.1361 0.2108 0.1667 0.3369 0.1495
9 0.0446 0.1864 0.2321 0.4402 0.0967
10 0.0151 0.1068 0.1307 0.7070 0.0405
11 0.0806 0.2157 0.3394 0.2296 0.1350
12 0.6348 0.1211 0.1211 0.0623 0.0609
13 0.1324 0.1868 0.1868 0.1810 0.3127
14 0.0802 0.0828 0.2588 0.3027 0.2756
15 0.0200 0.0790 0.1168 0.6826 0.1015
16 0.0809 0.1536 0.2201 0.2494 0.2961
17 0.0177 0.2761 0.0687 0.6128 0.0249
18 0.0462 0.0359 0.0469 0.6577 0.2135
19 0.1490 0.1974 0.2871 0.1356 0.2307
20 0.1483 0.2042 0.2837 0.1288 0.2351
21 0.2837 0.2881 0.2502 0.0769 0.1011
22 0.2430 0.3074 0.2546 0.0765 0.1185
23 0.1599 0.1501 0.2476 0.1573 0.2849
24 0.2988 0.2169 0.2598 0.1009 0.1236
25 0.3049 0.2356 0.2302 0.1021 0.1271
26 0.2196 0.1893 0.2302 0.0959 0.2649
27 0.1394 0.1019 0.1604 0.5098 0.0886
28 0.1290 0.1212 0.2373 0.0959 0.4165
29 0.1901 0.0608 0.1033 0.1208 0.5249
30 0.1510 0.1292 0.0881 0.0615 0.5703
31 0.0978 0.1134 0.0656 0.0285 0.6948
32 0.0815 0.0778 0.0502 0.0288 0.7617
33 0.2159 0.1532 0.1250 0.0266 0.4792
34 0.0516 0.0811 0.1257 0.0728 0.6689
35 0.1956 0.0983 0.2216 0.1956 0.2891
36 0.1123 0.2065 0.2822 0.1252 0.2737
37 0.0958 0.2729 0.2688 0.1656 0.1967
38 0.0728 0.1298 0.2041 0.2462 0.3472
39 0.2067 0.0515 0.1355 0.2961 0.3103
40 0.0500 0.6484 0.2207 0.0632 0.0176
41 0.0595 0.4680 0.1617 0.2317 0.0789
42 0.1716 0.0448 0.1180 0.2537 0.4119
43 0.1628 0.1760 0.4158 0.1874 0.0580
44 0.1266 0.1066 0.3335 0.2988 0.1346
45 0.1648 0.1713 0.2148 0.2695 0.1796
46 0.1801 0.2294 0.2404 0.1772 0.1731
47 0.1333 0.2339 0.1429 0.0952 0.3948
48 0.2649 0.1670 0.3220 0.1417 0.1045
49 0.2571 0.2612 0.3921 0.0340 0.0556
50 0.2617 0.1716 0.3867 0.1217 0.0584
51 0.0637 0.2920 0.2537 0.0383 0.3523
52 0.0444 0.0688 0.1503 0.0417 0.6948
53 0.0630 0.1940 0.3857 0.1122 0.2451
54 0.0944 0.2690 0.4102 0.0529 0.1736
55 0.1254 0.1178 0.2101 0.0583 0.4883
56 0.1406 0.1619 0.2355 0.1029 0.3591
57 0.1986 0.3125 0.2286 0.0983 0.1621
58 0.1813 0.1960 0.1813 0.0392 0.4021
59 0.0804 0.0667 0.1991 0.0779 0.5762
60 0.0428 0.1692 0.0934 0.0148 0.6797
61 0.0887 0.1375 0.1311 0.0266 0.6162
62 0.1912 0.1560 0.1160 0.0171 0.5195
63 0.2778 0.1533 0.2375 0.1851 0.1464
64 0.1854 0.3057 0.1235 0.0338 0.3518
65 0.3074 0.1079 0.3074 0.0625 0.2146
66 0.1252 0.2303 0.1354 0.0288 0.4802
67 0.1310 0.0701 0.0886 0.6860 0.0242
68 0.0720 0.1133 0.2512 0.4409 0.1224
69 0.2095 0.2355 0.3884 0.0820 0.0847
70 0.1606 0.1923 0.4834 0.0821 0.0814
71 0.2351 0.2522 0.4224 0.0485 0.0418
72 0.0867 0.3350 0.3855 0.1385 0.0543
73 0.2595 0.2476 0.3774 0.0383 0.0773
74 0.1862 0.2372 0.2883 0.1709 0.1174
75 0.2118 0.0230 0.2515 0.0721 0.4414
76 0.1918 0.3018 0.1360 0.0231 0.3474
77 0.1130 0.1364 0.0426 0.0370 0.6709
78 0.0857 0.0912 0.0421 0.0289 0.7520
79 0.1164 0.2316 0.1383 0.0237 0.4902
80 0.1724 0.2932 0.3535 0.0288 0.1521
81 0.2917 0.2515 0.1125 0.0162 0.3281
82 0.0604 0.2426 0.5215 0.1426 0.0328
83 0.1041 0.4050 0.2102 0.1798 0.1008
84 0.1863 0.1544 0.3823 0.1833 0.0937
85 0.0384 0.0244 0.9023 0.0240 0.0105
86 0.2047 0.2015 0.1475 0.2629 0.1835
87 0.1035 0.1035 0.2603 0.4568 0.0757
88 0.0443 0.1921 0.1473 0.4756 0.1406
89 0.0597 0.4919 0.1957 0.1957 0.0569
90 0.0422 0.0696 0.2627 0.5830 0.0422
91 0.0396 0.2429 0.2467 0.3647 0.1061
92 0.1415 0.3188 0.2191 0.2522 0.0684
93 0.1418 0.5479 0.2588 0.0138 0.0376
94 0.0434 0.3811 0.3811 0.1772 0.0173
95 0.0158 0.8501 0.0715 0.0465 0.0161
96 0.1957 0.2632 0.0882 0.0255 0.4275
97 0.1100 0.2808 0.0677 0.0085 0.5327
98 0.1208 0.2054 0.1058 0.0180 0.5498
99 0.1345 0.0666 0.0925 0.0646 0.6416
100 0.2278 0.2622 0.1219 0.0125 0.3755
101 0.1074 0.1515 0.0641 0.0683 0.6084
102 0.1240 0.1951 0.1094 0.0242 0.5474
103 0.0484 0.0602 0.0932 0.0651 0.7334
104 0.0669 0.1183 0.0633 0.0493 0.7021
105 0.0885 0.2025 0.1003 0.0580 0.5508
106 0.1134 0.1170 0.0985 0.0386 0.6323
107 0.1089 0.2100 0.2915 0.3203 0.0693
108 0.2080 0.2629 0.2321 0.1122 0.1849
109 0.1794 0.0888 0.2377 0.4106 0.0834
110 0.2861 0.2627 0.2111 0.1061 0.1342
111 0.1381 0.0851 0.1917 0.5635 0.0219
112 0.3494 0.0667 0.1785 0.1246 0.2808
113 0.2169 0.3359 0.3633 0.0575 0.0265
114 0.1685 0.2197 0.2610 0.1851 0.1659
115 0.0718 0.4067 0.2177 0.2976 0.0065
116 0.0512 0.4031 0.4158 0.0769 0.0529
117 0.1107 0.1107 0.4734 0.1797 0.1255
118 0.1087 0.2886 0.4070 0.1475 0.0482
119 0.3728 0.3191 0.1483 0.1211 0.0387
120 0.1539 0.2460 0.1886 0.0187 0.3931
121 0.1122 0.0254 0.0991 0.0312 0.7319
122 0.0823 0.3438 0.3384 0.2020 0.0335
123 0.0382 0.1254 0.1825 0.0461 0.6079
124 0.0955 0.1226 0.1729 0.0598 0.5493
125 0.0311 0.2125 0.1351 0.0250 0.5962
126 0.0586 0.3616 0.1461 0.0109 0.4229
127 0.0783 0.0461 0.1157 0.0834 0.6768
128 0.0613 0.0643 0.1182 0.2664 0.4900
129 0.0670 0.1418 0.2734 0.1440 0.3738
130 0.0952 0.2798 0.2079 0.0164 0.4006
131 0.0677 0.3835 0.3438 0.1812 0.0238
132 0.0160 0.4263 0.4607 0.0936 0.0034
133 0.0090 0.5088 0.4490 0.0287 0.0044
134 0.0096 0.1768 0.7681 0.0417 0.0040
135 0.0709 0.1782 0.1598 0.0420 0.5488
136 0.0687 0.1989 0.1133 0.0255 0.5938
137 0.0758 0.3506 0.3789 0.0292 0.1655
138 0.0535 0.4109 0.4175 0.0443 0.0737
139 0.0699 0.0781 0.1118 0.0554 0.6851
140 0.0624 0.1779 0.2079 0.0373 0.5146
141 0.1097 0.3301 0.2778 0.0676 0.2147
142 0.0806 0.1249 0.3848 0.3140 0.0958
143 0.2356 0.0789 0.1498 0.2284 0.3074
144 0.0952 0.0895 0.3887 0.4009 0.0258
145 0.3423 0.0272 0.1220 0.0826 0.4260
146 0.0416 0.0184 0.0163 0.0212 0.9023
147 0.2229 0.0712 0.2161 0.4297 0.0600
148 0.0670 0.1070 0.1792 0.0311 0.6157
149 0.0559 0.0764 0.1667 0.3586 0.3423
150 0.0386 0.0598 0.0856 0.0287 0.7871
151 0.0916 0.2864 0.3350 0.2412 0.0460
152 0.0806 0.4863 0.2261 0.0363 0.1707
153 0.0497 0.0512 0.4495 0.0466 0.4028
154 0.1229 0.1437 0.1248 0.0135 0.5952
155 0.1188 0.0667 0.3035 0.1152 0.3958
156 0.0522 0.2415 0.4915 0.0784 0.1365
157 0.0993 0.0476 0.1025 0.0167 0.7339
158 0.1320 0.1721 0.1299 0.0190 0.5469
159 0.1125 0.0548 0.5366 0.0651 0.2308
160 0.1666 0.0512 0.4673 0.1318 0.1830
161 0.2166 0.0307 0.1123 0.0332 0.6074
162 0.2903 0.2260 0.1995 0.0512 0.2332
163 0.3647 0.1406 0.1046 0.0629 0.3271
164 0.2467 0.1982 0.1520 0.0605 0.3425
165 0.0916 0.0364 0.1375 0.7090 0.0258
166 0.3672 0.0599 0.2644 0.0599 0.2484
167 0.4714 0.2771 0.0928 0.1508 0.0077
168 0.0904 0.1945 0.4053 0.2345 0.0756
169 0.0627 0.1189 0.5586 0.2054 0.0544
170 0.1737 0.0713 0.4167 0.1353 0.2031
171 0.1361 0.0550 0.3584 0.3584 0.0920
172 0.0974 0.3452 0.2448 0.2773 0.0353
173 0.0810 0.1274 0.2871 0.3987 0.1057
174 0.1406 0.0302 0.2507 0.5142 0.0644
175 0.1869 0.0104 0.3491 0.3081 0.1455
176 0.0754 0.0665 0.2434 0.5747 0.0397
177 0.3010 0.2456 0.1825 0.1073 0.1636
178 0.2258 0.1843 0.3391 0.0831 0.1678
179 0.3296 0.0860 0.4504 0.0364 0.0974
180 0.1604 0.3757 0.2708 0.0757 0.1173
181 0.1829 0.1327 0.0637 0.4631 0.1576
182 0.2498 0.1716 0.2136 0.3257 0.0392
183 0.2010 0.1027 0.2705 0.2426 0.1831
184 0.1661 0.1661 0.3201 0.1377 0.2100
185 0.0693 0.1143 0.0661 0.0284 0.7222
186 0.0627 0.1392 0.0473 0.0445 0.7065
187 0.0516 0.1541 0.0673 0.0477 0.6797
188 0.0716 0.2240 0.0739 0.0313 0.5991
189 0.0393 0.0453 0.1020 0.0943 0.7192
190 0.0890 0.1316 0.4888 0.1689 0.1217
191 0.0834 0.1725 0.5747 0.1510 0.0185
192 0.0498 0.2529 0.3049 0.2413 0.1510
193 0.0718 0.0605 0.2507 0.0518 0.5649
194 0.0347 0.0270 0.1069 0.0159 0.8154
195 0.2306 0.4309 0.1089 0.0527 0.1769
196 0.2390 0.4465 0.1567 0.0129 0.1449
197 0.1971 0.3274 0.4141 0.0295 0.0319
198 0.0963 0.2384 0.3992 0.2170 0.0492
199 0.2330 0.5293 0.1414 0.0162 0.0799
200 0.3062 0.2744 0.2617 0.1256 0.0323
201 0.1530 0.2522 0.2903 0.2812 0.0233
202 0.1672 0.5571 0.1865 0.0211 0.0681
203 0.1492 0.2311 0.5049 0.0891 0.0259
204 0.1637 0.3745 0.2939 0.0985 0.0693
205 0.0544 0.3833 0.3081 0.2218 0.0325
206 0.4055 0.4316 0.0484 0.0109 0.1033
207 0.0872 0.1935 0.4863 0.1681 0.0648
208 0.1227 0.6040 0.2291 0.0218 0.0225
209 0.3398 0.1310 0.3792 0.1121 0.0381
210 0.3943 0.1183 0.2627 0.1342 0.0908
211 0.1180 0.1357 0.2742 0.2617 0.2103
212 0.1624 0.1525 0.2939 0.0423 0.3491
213 0.3093 0.2263 0.1438 0.0432 0.2773
214 0.4424 0.3445 0.1288 0.0169 0.0673
215 0.4451 0.2496 0.1295 0.0823 0.0933
216 0.3389 0.4705 0.0817 0.0417 0.0673
217 0.3403 0.5186 0.0874 0.0130 0.0406
218 0.2197 0.5879 0.0615 0.0518 0.0790
219 0.7173 0.1162 0.0484 0.0727 0.0452
220 0.7173 0.1162 0.0484 0.0727 0.0452
221 0.7437 0.0601 0.1354 0.0514 0.0095
222 0.7539 0.0619 0.1310 0.0432 0.0099
223 0.7490 0.0615 0.1343 0.0450 0.0101
