time exciting_prob fearful_prob tense_prob sad_prob relaxing_prob
0 0.0428 0.0877 0.7461 0.1218 0.0017
1 0.0186 0.0557 0.7686 0.1561 0.0009
2 0.0271 0.1088 0.6665 0.1970 0.0007
3 0.0291 0.0939 0.7500 0.1263 0.0010
4 0.0482 0.1509 0.5693 0.2300 0.0016
5 0.0658 0.1904 0.5176 0.2227 0.0036
6 0.0576 0.2174 0.5728 0.1494 0.0026
7 0.0371 0.2917 0.5894 0.0797 0.0024
8 0.0563 0.1416 0.6865 0.1138 0.0019
9 0.0422 0.1863 0.6924 0.0776 0.0016
10 0.0431 0.3262 0.5728 0.0567 0.0014
11 0.0358 0.3193 0.6157 0.0281 0.0010
12 0.0284 0.3098 0.6460 0.0148 0.0010
13 0.0215 0.3394 0.5771 0.0609 0.0011
14 0.0262 0.4539 0.5063 0.0129 0.0009
15 0.0329 0.5308 0.4006 0.0345 0.0011
16 0.0412 0.5020 0.4429 0.0130 0.0013
17 0.0471 0.4905 0.4397 0.0207 0.0021
18 0.0487 0.3774 0.5664 0.0052 0.0021
19 0.0313 0.3870 0.5459 0.0352 0.0006
20 0.0395 0.3130 0.6323 0.0142 0.0009
21 0.2086 0.1479 0.2896 0.3440 0.0101
22 0.2115 0.2183 0.3276 0.2183 0.0245
23 0.2556 0.1134 0.2517 0.3660 0.0133
24 0.3140 0.1818 0.2408 0.2524 0.0110
25 0.3193 0.1157 0.1968 0.3621 0.0061
26 0.2632 0.0983 0.2512 0.3831 0.0043
27 0.2196 0.1908 0.2031 0.3794 0.0070
28 0.2515 0.1000 0.2150 0.4275 0.0060
29 0.1898 0.0804 0.2020 0.5239 0.0038
30 0.0806 0.0383 0.1482 0.7290 0.0038
31 0.0743 0.0410 0.1648 0.7158 0.0043
32 0.1560 0.0630 0.1971 0.5796 0.0044
33 0.2234 0.1488 0.1794 0.4441 0.0043
34 0.2571 0.0828 0.2305 0.4241 0.0055
35 0.1200 0.1010 0.3472 0.4253 0.0065
36 0.0917 0.0977 0.3862 0.4175 0.0068
37 0.0901 0.1764 0.3000 0.4297 0.0037
38 0.1227 0.1871 0.2681 0.4153 0.0066
39 0.0638 0.5684 0.3091 0.0572 0.0018
40 0.1042 0.4670 0.3694 0.0571 0.0022
41 0.0561 0.4998 0.1987 0.2435 0.0019
42 0.0601 0.5835 0.2935 0.0620 0.0009
43 0.0471 0.6201 0.2883 0.0428 0.0019
44 0.0249 0.3652 0.5659 0.0410 0.0029
45 0.0482 0.5864 0.3291 0.0334 0.0030
46 0.0762 0.7231 0.1010 0.0963 0.0034
47 0.0636 0.5757 0.3032 0.0540 0.0036
48 0.0977 0.6372 0.2037 0.0583 0.0029
49 0.0887 0.4646 0.3911 0.0534 0.0021
50 0.1550 0.4346 0.3181 0.0890 0.0033
51 0.1271 0.2864 0.5186 0.0649 0.0029
52 0.1197 0.1714 0.5532 0.1512 0.0041
53 0.1177 0.1686 0.5884 0.1215 0.0037
54 0.1661 0.1536 0.5361 0.1399 0.0042
55 0.0750 0.1600 0.6230 0.1246 0.0173
56 0.0978 0.5991 0.1945 0.0762 0.0327
57 0.0628 0.2228 0.0428 0.6348 0.0369
58 0.0908 0.7251 0.0952 0.0753 0.0135
59 0.1296 0.7290 0.0837 0.0333 0.0242
60 0.1494 0.0220 0.2314 0.5820 0.0151
61 0.1460 0.0334 0.2859 0.5176 0.0173
62 0.1653 0.0481 0.3784 0.3965 0.0116
63 0.1572 0.0189 0.3486 0.4619 0.0132
64 0.1433 0.0218 0.3081 0.5078 0.0188
65 0.2007 0.0298 0.3110 0.4385 0.0200
66 0.2156 0.0326 0.3784 0.3611 0.0123
67 0.2091 0.0485 0.3557 0.3728 0.0139
68 0.1049 0.0276 0.3838 0.4702 0.0133
69 0.1384 0.0297 0.3218 0.4983 0.0118
70 0.1400 0.0255 0.2537 0.5625 0.0184
71 0.1176 0.4912 0.1738 0.1864 0.0309
72 0.1306 0.5762 0.1842 0.0970 0.0119
73 0.1730 0.3660 0.0897 0.3333 0.0380
74 0.2356 0.1594 0.2932 0.3025 0.0091
75 0.3308 0.1057 0.2617 0.2964 0.0054
76 0.5020 0.0820 0.1655 0.2448 0.0057
77 0.4055 0.1237 0.2070 0.2578 0.0061
78 0.2893 0.2051 0.4551 0.0430 0.0076
79 0.3779 0.1515 0.4487 0.0158 0.0062
80 0.3440 0.1357 0.4851 0.0269 0.0080
81 0.3721 0.1423 0.4419 0.0354 0.0082
82 0.4971 0.0905 0.3416 0.0657 0.0052
83 0.3650 0.1046 0.4836 0.0410 0.0057
84 0.2847 0.1647 0.4995 0.0433 0.0080
85 0.2886 0.1362 0.5474 0.0207 0.0070
86 0.4160 0.1259 0.4360 0.0144 0.0077
87 0.1122 0.1122 0.3796 0.3738 0.0221
88 0.1288 0.0885 0.4565 0.2903 0.0360
89 0.1455 0.1133 0.1897 0.5239 0.0278
90 0.2203 0.0626 0.1798 0.5044 0.0327
91 0.0112 0.0155 0.3120 0.6606 0.0009
92 0.0252 0.0654 0.3767 0.5312 0.0016
93 0.0290 0.0654 0.3704 0.5308 0.0046
94 0.2202 0.0962 0.1825 0.4885 0.0125
95 0.3142 0.1656 0.2195 0.2908 0.0099
96 0.1818 0.2028 0.2524 0.3560 0.0071
97 0.2056 0.1227 0.1962 0.4705 0.0050
98 0.2330 0.2294 0.2520 0.2766 0.0089
99 0.2888 0.1608 0.1698 0.3708 0.0096
100 0.2939 0.1702 0.2151 0.3081 0.0127
101 0.2122 0.2559 0.3665 0.1602 0.0054
102 0.2184 0.3228 0.2437 0.2084 0.0069
103 0.1941 0.2305 0.4805 0.0917 0.0034
104 0.2666 0.2317 0.3320 0.1669 0.0027
105 0.3130 0.1702 0.3438 0.1702 0.0030
106 0.2207 0.1830 0.4744 0.1200 0.0020
107 0.3628 0.2961 0.2654 0.0731 0.0025
108 0.4622 0.2051 0.1987 0.1304 0.0036
109 0.4473 0.2671 0.2321 0.0502 0.0036
110 0.1479 0.3386 0.1855 0.2764 0.0515
111 0.1482 0.2502 0.1360 0.3474 0.1182
112 0.0625 0.2800 0.2549 0.3887 0.0137
113 0.0648 0.4934 0.0927 0.3088 0.0402
114 0.1874 0.1554 0.6147 0.0384 0.0043
115 0.2067 0.1465 0.5703 0.0681 0.0082
116 0.1691 0.1886 0.5630 0.0710 0.0081
117 0.1832 0.2043 0.4980 0.1028 0.0116
118 0.2578 0.1947 0.4185 0.1180 0.0109
119 0.3013 0.1246 0.4385 0.1246 0.0111
120 0.2996 0.1460 0.3188 0.2261 0.0096
121 0.2256 0.2053 0.4280 0.1346 0.0064
122 0.3687 0.1421 0.2654 0.2035 0.0203
123 0.3433 0.2358 0.3125 0.1006 0.0078
124 0.1703 0.1990 0.4214 0.2021 0.0072
125 0.2375 0.1583 0.3979 0.1970 0.0093
126 0.1833 0.1045 0.3218 0.3821 0.0082
127 0.3694 0.1588 0.2385 0.2206 0.0127
128 0.0979 0.1359 0.4121 0.3472 0.0069
129 0.0776 0.1202 0.3120 0.4832 0.0071
130 0.1060 0.1802 0.3213 0.3816 0.0112
131 0.0418 0.0599 0.2371 0.6543 0.0067
132 0.0734 0.1554 0.2903 0.4712 0.0099
133 0.0823 0.2239 0.2310 0.4521 0.0107
134 0.0760 0.1398 0.2454 0.5273 0.0113
135 0.0738 0.1255 0.2069 0.5806 0.0133
136 0.0969 0.1573 0.2255 0.5078 0.0123
137 0.0784 0.1233 0.2198 0.5703 0.0085
138 0.0584 0.1337 0.2460 0.5542 0.0077
139 0.1046 0.2214 0.2756 0.3887 0.0100
140 0.0657 0.0956 0.1759 0.6538 0.0090
141 0.1027 0.1426 0.1949 0.5469 0.0131
142 0.4773 0.2764 0.1729 0.0709 0.0025
143 0.3179 0.4846 0.1573 0.0383 0.0020
144 0.2747 0.5459 0.1470 0.0292 0.0031
145 0.2844 0.5396 0.1522 0.0211 0.0025
146 0.1979 0.5815 0.1919 0.0258 0.0027
147 0.0399 0.0884 0.6138 0.2559 0.0018
148 0.1078 0.1984 0.5923 0.0982 0.0032
149 0.3979 0.0565 0.2866 0.2571 0.0018
150 0.2347 0.0739 0.4893 0.1976 0.0046
151 0.0411 0.1368 0.3604 0.4417 0.0200
152 0.0649 0.1970 0.2303 0.4954 0.0125
153 0.0385 0.1014 0.2395 0.6118 0.0089
154 0.0435 0.0825 0.2542 0.6099 0.0099
155 0.0709 0.1132 0.2397 0.5659 0.0101
156 0.1371 0.0987 0.3289 0.4155 0.0199
157 0.0789 0.1148 0.1364 0.6606 0.0093
158 0.0350 0.0413 0.1534 0.7319 0.0382
159 0.0405 0.0884 0.1505 0.6851 0.0355
160 0.0974 0.1736 0.1877 0.5264 0.0148
161 0.1191 0.1787 0.3289 0.3667 0.0067
162 0.1209 0.1018 0.1035 0.6538 0.0201
163 0.0407 0.0932 0.1072 0.7563 0.0026
164 0.0475 0.4436 0.2129 0.2820 0.0141
165 0.0357 0.2520 0.1136 0.5859 0.0127
166 0.1008 0.2308 0.2006 0.4519 0.0157
167 0.1958 0.4624 0.1501 0.1840 0.0077
168 0.1183 0.3071 0.1696 0.3943 0.0108
169 0.0610 0.0439 0.0453 0.8423 0.0073
170 0.0315 0.3013 0.4592 0.2007 0.0074
171 0.0355 0.0614 0.1860 0.7134 0.0038
172 0.0530 0.1071 0.3623 0.4727 0.0049
173 0.0877 0.0905 0.2744 0.5371 0.0100
174 0.2520 0.2367 0.2404 0.2404 0.0306
175 0.3433 0.2983 0.1837 0.1205 0.0543
176 0.2976 0.1428 0.2144 0.3169 0.0283
177 0.2024 0.2024 0.2404 0.3184 0.0363
178 0.0961 0.2827 0.3357 0.2494 0.0362
179 0.0692 0.2394 0.3171 0.3594 0.0148
180 0.0580 0.1871 0.4351 0.3184 0.0013
181 0.0517 0.4128 0.3066 0.2279 0.0009
182 0.0591 0.4370 0.2866 0.2163 0.0010
183 0.1707 0.1019 0.4939 0.2261 0.0074
184 0.1652 0.1049 0.5327 0.1901 0.0070
185 0.2159 0.1036 0.4790 0.1936 0.0077
186 0.2131 0.1398 0.4878 0.1511 0.0083
187 0.1782 0.1388 0.4695 0.2051 0.0086
188 0.1537 0.1255 0.5366 0.1769 0.0074
189 0.0999 0.2551 0.5659 0.0742 0.0049
190 0.1368 0.1841 0.5942 0.0779 0.0070
191 0.1655 0.1069 0.6147 0.1069 0.0058
192 0.2358 0.0967 0.4993 0.1646 0.0037
193 0.2242 0.1360 0.5376 0.0949 0.0071
194 0.1547 0.1302 0.6211 0.0895 0.0043
195 0.1669 0.0880 0.6812 0.0577 0.0063
196 0.2671 0.0735 0.4988 0.1545 0.0061
197 0.2346 0.1217 0.5542 0.0850 0.0048
198 0.1558 0.0990 0.5972 0.1418 0.0061
199 0.1913 0.1715 0.5449 0.0876 0.0046
200 0.1521 0.1029 0.4399 0.2976 0.0075
201 0.0329 0.2250 0.2888 0.4473 0.0059
202 0.0448 0.5815 0.2207 0.1517 0.0013
203 0.0495 0.1868 0.4209 0.3276 0.0152
204 0.0791 0.4309 0.1399 0.3462 0.0037
205 0.1642 0.4392 0.2664 0.1119 0.0183
206 0.3513 0.0601 0.2651 0.3149 0.0087
207 0.2310 0.1650 0.4182 0.1743 0.0113
208 0.1187 0.4661 0.0720 0.3203 0.0230
209 0.1207 0.4417 0.1899 0.2439 0.0036
210 0.0924 0.0645 0.6831 0.1572 0.0029
211 0.2168 0.0823 0.5537 0.1378 0.0095
212 0.0554 0.0851 0.4973 0.2834 0.0787
213 0.0529 0.1027 0.3938 0.3643 0.0865
214 0.0473 0.0884 0.4490 0.3496 0.0657
215 0.0474 0.0751 0.2539 0.5459 0.0775
216 0.0611 0.1466 0.3408 0.3862 0.0651
217 0.0660 0.1584 0.2654 0.4307 0.0797
218 0.1107 0.4241 0.2100 0.2379 0.0174
219 0.1085 0.5957 0.1093 0.1720 0.0146
220 0.1031 0.0742 0.4548 0.3599 0.0081
221 0.1469 0.0405 0.4666 0.3362 0.0101
222 0.1460 0.0504 0.5684 0.2191 0.0163
223 0.2374 0.1148 0.4949 0.1364 0.0167
224 0.3911 0.0989 0.2998 0.1791 0.0311
225 0.0619 0.0572 0.2159 0.6348 0.0304
226 0.0818 0.1102 0.3784 0.3967 0.0328
227 0.0646 0.0401 0.1975 0.6475 0.0503
228 0.0792 0.1246 0.2898 0.4778 0.0287
229 0.2250 0.1621 0.2888 0.3076 0.0166
230 0.2371 0.1460 0.2686 0.3291 0.0191
231 0.2240 0.2537 0.2460 0.2578 0.0185
232 0.3474 0.0935 0.2208 0.3164 0.0219
233 0.3242 0.0839 0.1556 0.4165 0.0196
234 0.3511 0.0967 0.2096 0.3298 0.0129
235 0.2847 0.0379 0.1476 0.5073 0.0226
236 0.2830 0.0383 0.1467 0.5122 0.0199
237 0.2206 0.0728 0.2499 0.4387 0.0181
238 0.2756 0.0796 0.2798 0.3430 0.0221
239 0.2369 0.1102 0.2812 0.3613 0.0102
240 0.2537 0.1125 0.3359 0.2830 0.0149
241 0.2037 0.2830 0.2496 0.2310 0.0327
242 0.2037 0.2830 0.2496 0.2310 0.0327
243 0.7168 0.1870 0.0657 0.0060 0.0243
244 0.7168 0.1870 0.0657 0.0060 0.0243
245 0.7168 0.1870 0.0657 0.0060 0.0243
