time exciting_prob fearful_prob tense_prob sad_prob relaxing_prob
0 0.2037 0.2830 0.2496 0.2310 0.0327
1 0.0599 0.0220 0.0378 0.7354 0.1448
2 0.1105 0.1821 0.1185 0.4202 0.1685
3 0.1429 0.3049 0.2080 0.2001 0.1440
4 0.1028 0.3369 0.1592 0.3020 0.0989
5 0.1167 0.1582 0.0930 0.4336 0.1985
6 0.1530 0.3262 0.1360 0.1307 0.2542
7 0.1027 0.4092 0.1298 0.1903 0.1680
8 0.1193 0.3645 0.1416 0.2076 0.1669
9 0.1105 0.4106 0.1385 0.1940 0.1464
10 0.1344 0.4204 0.1195 0.1333 0.1925
11 0.1213 0.3174 0.1149 0.1292 0.3174
12 0.1223 0.3098 0.1522 0.1780 0.2375
13 0.4492 0.1481 0.2008 0.1092 0.0927
14 0.2844 0.1429 0.2629 0.1895 0.1204
15 0.2615 0.2253 0.2593 0.0743 0.1797
16 0.1666 0.1530 0.3813 0.1979 0.1011
17 0.1804 0.1531 0.3818 0.1681 0.1165
18 0.1538 0.1041 0.3467 0.2700 0.1255
19 0.3218 0.1061 0.2998 0.1532 0.1193
20 0.3621 0.1462 0.2776 0.1029 0.1113
21 0.4329 0.1342 0.2429 0.1061 0.0839
22 0.3118 0.1763 0.2646 0.1461 0.1012
23 0.3308 0.2070 0.2920 0.0837 0.0863
24 0.3042 0.1919 0.2749 0.1119 0.1172
25 0.3186 0.2009 0.2812 0.0684 0.1307
26 0.2935 0.1252 0.2693 0.1038 0.2081
27 0.4089 0.1287 0.2330 0.0717 0.1577
28 0.3042 0.3018 0.2191 0.0500 0.1248
29 0.3831 0.2067 0.2051 0.0365 0.1687
30 0.3328 0.1740 0.2551 0.0200 0.2183
31 0.3420 0.1774 0.1693 0.0235 0.2878
32 0.4299 0.1710 0.1175 0.0168 0.2649
33 0.4272 0.1443 0.1224 0.0055 0.3005
34 0.3828 0.2017 0.1323 0.0076 0.2756
35 0.2537 0.2238 0.1008 0.0103 0.4116
36 0.3381 0.2133 0.0910 0.0141 0.3435
37 0.3250 0.2612 0.1334 0.0213 0.2590
38 0.3093 0.3533 0.1147 0.0083 0.2144
39 0.1490 0.2021 0.1587 0.0088 0.4812
40 0.2408 0.2485 0.0981 0.0215 0.3909
41 0.2905 0.1803 0.1036 0.0129 0.4128
42 0.2306 0.3772 0.1064 0.0140 0.2717
43 0.1356 0.2184 0.0918 0.0220 0.5322
44 0.1429 0.2375 0.0815 0.0312 0.5068
45 0.1172 0.0287 0.3340 0.4287 0.0913
46 0.1029 0.0586 0.2507 0.5308 0.0568
47 0.1538 0.0738 0.4314 0.2659 0.0750
48 0.2186 0.0677 0.4626 0.2220 0.0289
49 0.2720 0.0269 0.2939 0.3545 0.0527
50 0.3433 0.0565 0.2114 0.3174 0.0714
51 0.4236 0.0676 0.0610 0.3027 0.1453
52 0.2847 0.0518 0.0760 0.4695 0.1178
53 0.5718 0.0732 0.0836 0.1337 0.1379
54 0.3752 0.0912 0.0837 0.2766 0.1731
55 0.4277 0.0704 0.1008 0.2495 0.1514
56 0.1956 0.2715 0.0803 0.0255 0.4272
57 0.2015 0.2338 0.0827 0.0783 0.4038
58 0.2438 0.2053 0.1016 0.0626 0.3867
59 0.3306 0.3306 0.0792 0.0527 0.2069
60 0.3684 0.2695 0.0790 0.0507 0.2323
61 0.1026 0.1190 0.4121 0.3364 0.0299
62 0.1138 0.1240 0.3589 0.3821 0.0211
63 0.2832 0.0524 0.2617 0.3635 0.0392
64 0.0820 0.2468 0.5830 0.0649 0.0235
65 0.1488 0.2756 0.4106 0.1097 0.0551
66 0.0702 0.0400 0.1533 0.7085 0.0279
67 0.1760 0.0474 0.4858 0.2482 0.0424
68 0.2913 0.0457 0.3567 0.2568 0.0494
69 0.4067 0.2029 0.1044 0.0171 0.2688
70 0.3010 0.2020 0.0709 0.0273 0.3987
71 0.4429 0.1669 0.0893 0.0406 0.2605
72 0.3875 0.2332 0.1011 0.0283 0.2502
73 0.4583 0.1323 0.1940 0.0725 0.1431
74 0.0475 0.3352 0.4512 0.1609 0.0053
75 0.0360 0.1492 0.3308 0.4741 0.0099
76 0.0562 0.2294 0.3286 0.2810 0.1050
77 0.0955 0.2290 0.1478 0.3774 0.1501
78 0.0905 0.5811 0.1718 0.0492 0.1075
79 0.0753 0.4910 0.0713 0.1194 0.2430
80 0.1114 0.1547 0.6113 0.1079 0.0146
81 0.1159 0.2234 0.5034 0.0457 0.1115
82 0.0616 0.3804 0.3804 0.1714 0.0063
83 0.0603 0.1666 0.6387 0.1238 0.0105
84 0.0562 0.0657 0.6045 0.1602 0.1136
85 0.1027 0.0396 0.0812 0.4976 0.2791
86 0.0395 0.1025 0.0511 0.5454 0.2617
87 0.1158 0.2286 0.5317 0.0895 0.0345
88 0.0595 0.3560 0.2334 0.2859 0.0653
89 0.0513 0.2883 0.3022 0.3372 0.0209
90 0.3491 0.1294 0.2634 0.2362 0.0218
91 0.0931 0.1141 0.4307 0.3354 0.0269
92 0.1379 0.3359 0.0496 0.0280 0.4485
93 0.2001 0.2568 0.0502 0.0591 0.4336
94 0.3586 0.2280 0.1060 0.0256 0.2815
95 0.2771 0.3787 0.1681 0.0094 0.1667
96 0.3323 0.2864 0.0959 0.0204 0.2649
97 0.4448 0.2151 0.0849 0.0263 0.2290
98 0.2230 0.0860 0.1497 0.4871 0.0542
99 0.1907 0.1362 0.3792 0.2795 0.0143
100 0.1288 0.2141 0.1449 0.4531 0.0590
101 0.0265 0.3057 0.1797 0.4590 0.0291
102 0.1220 0.1182 0.1919 0.4062 0.1616
103 0.0891 0.1613 0.5898 0.1108 0.0492
104 0.1442 0.2568 0.4370 0.1302 0.0316
105 0.2075 0.3342 0.1904 0.2484 0.0193
106 0.3896 0.1170 0.1255 0.3154 0.0523
107 0.2416 0.3713 0.0992 0.0307 0.2571
108 0.1515 0.4182 0.1236 0.0346 0.2722
109 0.0988 0.2297 0.1249 0.3240 0.2227
110 0.1327 0.3062 0.1931 0.1162 0.2520
111 0.2478 0.1490 0.1226 0.2328 0.2478
112 0.1078 0.2266 0.0807 0.4949 0.0901
113 0.1239 0.4324 0.2369 0.1542 0.0525
114 0.1661 0.1610 0.2236 0.3987 0.0507
115 0.1143 0.0523 0.1294 0.6890 0.0151
116 0.0408 0.1774 0.1093 0.4897 0.1830
117 0.0170 0.0121 0.0124 0.3140 0.6445
118 0.0381 0.0886 0.1708 0.6348 0.0679
119 0.0360 0.0892 0.0613 0.6187 0.1947
120 0.0526 0.0895 0.0605 0.1909 0.6064
121 0.0435 0.0696 0.2076 0.6396 0.0396
122 0.0927 0.1946 0.0647 0.4817 0.1665
123 0.0989 0.2930 0.1156 0.3704 0.1221
124 0.0479 0.4170 0.1158 0.3979 0.0213
125 0.0237 0.6196 0.1201 0.2108 0.0256
126 0.0646 0.5088 0.2087 0.0477 0.1704
127 0.0645 0.4875 0.1969 0.0828 0.1685
128 0.0645 0.0495 0.0487 0.2252 0.6123
129 0.0374 0.0261 0.0124 0.1622 0.7617
130 0.0388 0.0847 0.0582 0.4507 0.3677
131 0.0764 0.0776 0.0741 0.2246 0.5474
132 0.0507 0.0310 0.0236 0.1142 0.7808
133 0.0643 0.1426 0.2209 0.5552 0.0169
134 0.1213 0.3247 0.1071 0.1646 0.2822
135 0.0436 0.3347 0.0654 0.3853 0.1710
136 0.3032 0.1478 0.2325 0.1840 0.1324
137 0.1227 0.5542 0.1469 0.1025 0.0739
138 0.0895 0.3708 0.2981 0.1986 0.0429
139 0.0578 0.3767 0.4546 0.1014 0.0094
140 0.0798 0.2659 0.5371 0.1057 0.0118
141 0.2961 0.0829 0.4514 0.1610 0.0087
142 0.1927 0.1073 0.5000 0.1840 0.0158
143 0.0624 0.0568 0.2798 0.5737 0.0273
144 0.0990 0.4233 0.1440 0.2566 0.0771
145 0.0682 0.1377 0.4175 0.3628 0.0141
146 0.1149 0.0854 0.3027 0.4204 0.0765
147 0.0700 0.0972 0.5859 0.2332 0.0136
148 0.0763 0.1831 0.3018 0.4324 0.0063
149 0.0499 0.1512 0.5361 0.2532 0.0094
150 0.3323 0.1849 0.1545 0.0551 0.2732
151 0.3958 0.2401 0.1305 0.0437 0.1899
152 0.3943 0.2195 0.0381 0.0235 0.3245
153 0.2637 0.1625 0.0657 0.0343 0.4739
154 0.1940 0.1344 0.0535 0.0206 0.5977
155 0.3665 0.2366 0.0589 0.0199 0.3184
156 0.2198 0.2632 0.0771 0.0258 0.4141
157 0.2830 0.2942 0.0511 0.0357 0.3359
158 0.1244 0.2937 0.0660 0.0574 0.4585
159 0.1937 0.4133 0.0981 0.0381 0.2566
160 0.1746 0.1918 0.0964 0.1705 0.3667
161 0.1360 0.3845 0.1035 0.0445 0.3315
162 0.3337 0.0580 0.4285 0.1436 0.0363
163 0.2903 0.0585 0.4221 0.1963 0.0328
164 0.0872 0.5259 0.3044 0.0679 0.0142
165 0.1155 0.0928 0.4790 0.3044 0.0083
166 0.0221 0.2544 0.3704 0.3479 0.0054
167 0.0121 0.0604 0.0350 0.8882 0.0044
168 0.2028 0.1721 0.1604 0.0740 0.3909
169 0.1483 0.1875 0.1288 0.0751 0.4602
170 0.1648 0.2474 0.4377 0.0889 0.0611
171 0.1659 0.2080 0.5190 0.0692 0.0382
172 0.2379 0.1196 0.2201 0.3743 0.0480
173 0.3582 0.1692 0.2791 0.1746 0.0191
174 0.2399 0.1898 0.4922 0.0709 0.0071
175 0.0784 0.0419 0.1851 0.4170 0.2778
176 0.1199 0.0584 0.5630 0.2460 0.0129
177 0.0482 0.1835 0.6401 0.1222 0.0059
178 0.0269 0.1284 0.1455 0.6938 0.0054
179 0.3018 0.3137 0.1932 0.0421 0.1493
180 0.1097 0.6074 0.1560 0.0261 0.1007
181 0.1069 0.6294 0.1138 0.0387 0.1111
182 0.1705 0.3933 0.1692 0.0283 0.2386
183 0.1096 0.5566 0.1407 0.0107 0.1821
184 0.1820 0.1462 0.3096 0.3000 0.0619
185 0.2690 0.1581 0.1848 0.3047 0.0833
186 0.3850 0.1193 0.1847 0.2372 0.0740
187 0.2125 0.0734 0.1681 0.4641 0.0819
188 0.0471 0.6406 0.1752 0.0327 0.1046
189 0.0514 0.6987 0.1323 0.0258 0.0917
190 0.3186 0.0825 0.4155 0.1787 0.0049
191 0.2209 0.1920 0.4827 0.0950 0.0093
192 0.4365 0.0638 0.1520 0.3193 0.0283
193 0.3801 0.1089 0.2148 0.2551 0.0410
194 0.3599 0.0953 0.0875 0.3713 0.0861
195 0.3384 0.1032 0.2290 0.2720 0.0574
196 0.3950 0.1608 0.2693 0.1080 0.0670
197 0.4233 0.1879 0.2588 0.0649 0.0649
198 0.3853 0.2031 0.1203 0.0180 0.2732
199 0.3467 0.2119 0.0870 0.0289 0.3257
200 0.2664 0.4290 0.0800 0.0283 0.1964
201 0.3123 0.2031 0.0361 0.0382 0.4104
202 0.1134 0.1326 0.0359 0.0236 0.6943
203 0.1976 0.1945 0.0441 0.0225 0.5415
204 0.3359 0.1550 0.0523 0.0185 0.4382
205 0.2883 0.3477 0.1165 0.0555 0.1920
206 0.4597 0.2479 0.1042 0.0492 0.1390
207 0.2118 0.2615 0.1884 0.0925 0.2457
208 0.3584 0.0408 0.3420 0.1248 0.1339
209 0.2491 0.0345 0.3054 0.3301 0.0809
210 0.1940 0.0601 0.4373 0.2340 0.0748
211 0.1434 0.0721 0.5005 0.2222 0.0617
212 0.1259 0.1129 0.4604 0.2502 0.0505
213 0.2018 0.1674 0.4341 0.1500 0.0468
214 0.2295 0.0768 0.4563 0.1732 0.0642
215 0.2725 0.0485 0.4155 0.1902 0.0734
216 0.3713 0.0495 0.3381 0.1366 0.1047
217 0.3372 0.0446 0.3479 0.1593 0.1112
218 0.2126 0.0456 0.2605 0.3792 0.1021
219 0.1255 0.0693 0.3518 0.4180 0.0354
220 0.2413 0.1251 0.2820 0.3098 0.0416
221 0.1765 0.1088 0.2529 0.3916 0.0702
222 0.0972 0.0554 0.1307 0.6240 0.0927
223 0.2185 0.1549 0.2053 0.3491 0.0721
224 0.1605 0.1709 0.3618 0.1998 0.1069
225 0.1187 0.1064 0.1957 0.5400 0.0391
226 0.1074 0.1857 0.2205 0.4666 0.0199
227 0.0729 0.1300 0.2839 0.4004 0.1129
228 0.1243 0.1114 0.3652 0.3540 0.0450
229 0.1401 0.1771 0.4055 0.2537 0.0236
230 0.1600 0.2766 0.3083 0.2054 0.0496
231 0.1390 0.2222 0.2087 0.3779 0.0520
232 0.1804 0.2211 0.1891 0.3645 0.0449
233 0.1475 0.3025 0.3123 0.1724 0.0654
234 0.3567 0.2491 0.2693 0.0945 0.0302
235 0.3718 0.2637 0.2220 0.0750 0.0677
236 0.2344 0.1586 0.2917 0.1466 0.1688
237 0.1342 0.3218 0.2467 0.1112 0.1863
238 0.1586 0.1089 0.1235 0.2167 0.3923
239 0.1464 0.1765 0.1354 0.3003 0.2413
240 0.0830 0.0536 0.1785 0.6328 0.0519
241 0.1364 0.0765 0.2014 0.4265 0.1593
242 0.1624 0.1064 0.0849 0.4624 0.1840
243 0.1329 0.0899 0.0825 0.5771 0.1173
244 0.1461 0.2905 0.1472 0.2998 0.1165
245 0.2145 0.2712 0.1222 0.2979 0.0944
246 0.1538 0.3521 0.1161 0.2874 0.0905
247 0.1936 0.2061 0.1147 0.4099 0.0758
248 0.1687 0.2455 0.1196 0.4048 0.0616
249 0.3098 0.0991 0.1213 0.4302 0.0394
250 0.4849 0.1099 0.1265 0.2290 0.0499
251 0.4446 0.1610 0.1741 0.1399 0.0803
252 0.4329 0.2625 0.1832 0.0712 0.0501
253 0.0433 0.4204 0.3596 0.1620 0.0148
254 0.0727 0.4055 0.3523 0.1337 0.0360
255 0.1044 0.2161 0.4297 0.2161 0.0339
256 0.0524 0.1219 0.1426 0.6489 0.0341
257 0.0919 0.3413 0.1827 0.3579 0.0261
258 0.0892 0.5420 0.1578 0.1680 0.0428
259 0.2063 0.3323 0.2886 0.1301 0.0429
260 0.1313 0.4880 0.2454 0.1097 0.0257
261 0.1708 0.4360 0.2522 0.1173 0.0237
262 0.1807 0.3853 0.1375 0.2488 0.0479
263 0.2177 0.3191 0.1592 0.2666 0.0375
264 0.1271 0.4990 0.1658 0.1821 0.0260
265 0.1328 0.3726 0.2332 0.2482 0.0134
266 0.1227 0.3962 0.3135 0.1436 0.0240
267 0.1328 0.4089 0.3235 0.1154 0.0194
268 0.1448 0.3696 0.3696 0.0964 0.0193
269 0.2010 0.2426 0.3367 0.1948 0.0248
270 0.1685 0.2651 0.3147 0.2163 0.0353
271 0.1381 0.2703 0.3694 0.1639 0.0584
272 0.1278 0.1747 0.3584 0.2881 0.0508
273 0.1228 0.1627 0.3723 0.2900 0.0520
274 0.1448 0.1404 0.2834 0.3474 0.0838
275 0.1958 0.1882 0.1501 0.2654 0.2004
276 0.1715 0.3411 0.1357 0.1478 0.2037
277 0.1635 0.2759 0.1355 0.1926 0.2324
278 0.1593 0.3562 0.1342 0.0729 0.2773
279 0.1538 0.5122 0.1009 0.0323 0.2007
280 0.1364 0.4873 0.1271 0.1140 0.1353
281 0.1567 0.3560 0.1129 0.0550 0.3191
282 0.0988 0.2059 0.1077 0.1309 0.4568
283 0.1122 0.3376 0.1594 0.1194 0.2712
284 0.1194 0.3000 0.1892 0.1005 0.2908
285 0.1945 0.0850 0.1276 0.5542 0.0389
286 0.1945 0.0850 0.1276 0.5542 0.0389
