time exciting_prob fearful_prob tense_prob sad_prob relaxing_prob
0 0.2852 0.1326 0.1236 0.3662 0.0926
1 0.5825 0.1331 0.1920 0.0555 0.0370
2 0.9067 0.0203 0.0015 0.0232 0.0484
3 0.2229 0.0192 0.1230 0.5601 0.0746
4 0.2502 0.0782 0.2974 0.2484 0.1259
5 0.2913 0.0953 0.4045 0.1215 0.0875
6 0.8784 0.0127 0.0811 0.0125 0.0152
7 0.1970 0.4338 0.1039 0.0742 0.1910
8 0.2316 0.3909 0.0653 0.0541 0.2583
9 0.2788 0.5088 0.0799 0.0180 0.1144
10 0.2869 0.2472 0.0687 0.0175 0.3799
11 0.2142 0.5142 0.1735 0.0664 0.0319
12 0.1311 0.4609 0.2527 0.0915 0.0638
13 0.1670 0.2429 0.4609 0.0172 0.1121
14 0.1653 0.4670 0.2189 0.0344 0.1144
15 0.2737 0.3125 0.1106 0.1809 0.1224
16 0.2461 0.3525 0.1978 0.0751 0.1287
17 0.1226 0.0621 0.0918 0.0238 0.6997
18 0.0601 0.6167 0.1957 0.0543 0.0731
19 0.0377 0.2052 0.1525 0.5752 0.0293
20 0.0196 0.9653 0.0113 0.0018 0.0018
21 0.0313 0.9517 0.0070 0.0064 0.0036
22 0.3364 0.3186 0.1403 0.1248 0.0799
23 0.3386 0.1445 0.0767 0.2037 0.2363
24 0.4651 0.2048 0.0771 0.1895 0.0635
25 0.3521 0.3806 0.1587 0.0327 0.0761
26 0.3423 0.3760 0.1721 0.0217 0.0879
27 0.2449 0.4299 0.2449 0.0547 0.0256
28 0.1028 0.4753 0.3118 0.0415 0.0685
29 0.3491 0.1959 0.0503 0.2102 0.1943
30 0.6719 0.1063 0.0714 0.0232 0.1272
31 0.3364 0.3062 0.0986 0.0222 0.2366
32 0.7520 0.0844 0.0421 0.0280 0.0934
33 0.2649 0.6016 0.0680 0.0115 0.0542
34 0.0361 0.5962 0.2029 0.0872 0.0776
35 0.0834 0.8359 0.0534 0.0169 0.0105
36 0.3145 0.4368 0.1139 0.0619 0.0730
37 0.3728 0.1693 0.2058 0.2042 0.0478
38 0.4849 0.1116 0.2053 0.1422 0.0561
39 0.0799 0.6904 0.1317 0.0837 0.0141
40 0.1290 0.5693 0.1792 0.0795 0.0429
41 0.1594 0.0827 0.4988 0.1670 0.0922
42 0.0823 0.8647 0.0253 0.0202 0.0077
43 0.1932 0.7236 0.0554 0.0199 0.0077
44 0.5215 0.2406 0.1068 0.0623 0.0689
45 0.2371 0.4226 0.2484 0.0594 0.0326
46 0.1359 0.2722 0.5088 0.0622 0.0212
47 0.1287 0.4353 0.2766 0.0825 0.0768
48 0.0950 0.5728 0.2484 0.0604 0.0233
49 0.0811 0.0844 0.2188 0.5811 0.0349
50 0.2075 0.1761 0.1980 0.2279 0.1904
51 0.0899 0.3696 0.3997 0.1182 0.0226
52 0.1367 0.5366 0.1624 0.1048 0.0597
53 0.1530 0.1666 0.5596 0.0222 0.0988
54 0.1973 0.2634 0.3545 0.1356 0.0495
55 0.1655 0.3345 0.0659 0.1320 0.3022
56 0.1610 0.4480 0.2184 0.1089 0.0635
57 0.0350 0.3826 0.4836 0.0909 0.0078
58 0.2461 0.3813 0.2009 0.0508 0.1209
59 0.0744 0.1256 0.1017 0.6182 0.0798
60 0.1395 0.2795 0.3853 0.1764 0.0192
61 0.1681 0.1506 0.1818 0.4097 0.0900
62 0.2732 0.5830 0.0319 0.0279 0.0840
63 0.1528 0.4153 0.2385 0.0781 0.1154
64 0.2576 0.2054 0.1757 0.0715 0.2898
65 0.2488 0.3196 0.1807 0.1521 0.0990
66 0.3643 0.2524 0.0879 0.1860 0.1094
67 0.0721 0.7114 0.1827 0.0094 0.0243
68 0.0488 0.8848 0.0544 0.0067 0.0053
69 0.0970 0.3491 0.2101 0.2595 0.0842
70 0.2297 0.4326 0.2644 0.0086 0.0648
71 0.3025 0.2430 0.1969 0.2412 0.0163
72 0.0287 0.9277 0.0308 0.0096 0.0034
73 0.2776 0.3977 0.0639 0.0342 0.2266
74 0.2617 0.6685 0.0386 0.0080 0.0234
75 0.0847 0.8623 0.0171 0.0211 0.0147
76 0.3662 0.4775 0.0933 0.0205 0.0424
77 0.3447 0.4568 0.1616 0.0154 0.0215
78 0.2405 0.4458 0.1719 0.0133 0.1287
79 0.0565 0.8438 0.0273 0.0579 0.0145
80 0.2314 0.5771 0.0865 0.0054 0.0995
81 0.1003 0.7710 0.1211 0.0044 0.0030
82 0.3384 0.2085 0.1389 0.0465 0.2678
83 0.4287 0.2106 0.1317 0.0431 0.1858
84 0.3230 0.3411 0.1274 0.1125 0.0962
85 0.1980 0.3315 0.3315 0.0935 0.0456
86 0.2028 0.3972 0.2334 0.0966 0.0701
87 0.7568 0.1152 0.0726 0.0414 0.0141
88 0.7563 0.1561 0.0476 0.0310 0.0087
89 0.1970 0.7207 0.0189 0.0410 0.0224
90 0.0296 0.8984 0.0386 0.0255 0.0078
91 0.3796 0.2321 0.1835 0.1176 0.0874
92 0.0662 0.0515 0.0621 0.7935 0.0269
93 0.5376 0.2578 0.0774 0.0173 0.1100
94 0.1721 0.6499 0.1111 0.0153 0.0517
95 0.1611 0.7280 0.0315 0.0192 0.0602
96 0.2537 0.4851 0.2086 0.0261 0.0267
97 0.0922 0.3647 0.1053 0.3025 0.1353
98 0.1616 0.4290 0.0845 0.1707 0.1542
99 0.2869 0.5400 0.1124 0.0245 0.0359
100 0.1036 0.6914 0.0572 0.0146 0.1331
101 0.0308 0.8467 0.0276 0.0886 0.0063
102 0.2603 0.4978 0.1011 0.1094 0.0313
103 0.1854 0.2101 0.3357 0.1974 0.0715
104 0.0158 0.0128 0.0096 0.0009 0.9609
105 0.1494 0.6694 0.0751 0.0623 0.0438
106 0.0684 0.8467 0.0558 0.0177 0.0114
107 0.1230 0.4902 0.3818 0.0012 0.0037
108 0.1936 0.1342 0.2109 0.3616 0.0997
109 0.0473 0.1017 0.0627 0.0009 0.7876
110 0.0298 0.4023 0.0282 0.5332 0.0065
111 0.0638 0.8672 0.0316 0.0231 0.0144
112 0.1296 0.3694 0.2312 0.0386 0.2312
113 0.3665 0.2725 0.1639 0.1665 0.0308
114 0.3113 0.5679 0.0679 0.0320 0.0207
115 0.0133 0.9463 0.0200 0.0088 0.0115
116 0.0581 0.7246 0.0381 0.1630 0.0164
117 0.2549 0.2712 0.2064 0.1879 0.0796
118 0.1589 0.2812 0.2725 0.1995 0.0878
119 0.1014 0.6611 0.1140 0.0873 0.0364
120 0.3242 0.1372 0.3142 0.1279 0.0966
121 0.0141 0.9355 0.0259 0.0212 0.0034
122 0.0802 0.7319 0.1510 0.0019 0.0350
123 0.0595 0.6973 0.2013 0.0279 0.0139
124 0.0569 0.3977 0.5269 0.0025 0.0160
125 0.0242 0.9243 0.0235 0.0176 0.0105
126 0.4688 0.1498 0.1418 0.0502 0.1895
127 0.2299 0.3879 0.2410 0.0439 0.0974
128 0.1148 0.5967 0.0801 0.1353 0.0730
129 0.0800 0.8403 0.0513 0.0039 0.0244
130 0.0323 0.7476 0.0900 0.1249 0.0053
131 0.2747 0.3499 0.0927 0.1360 0.1470
132 0.1582 0.3025 0.2231 0.2469 0.0691
133 0.2157 0.0957 0.3042 0.3289 0.0554
134 0.2106 0.2725 0.3186 0.0545 0.1437
135 0.1647 0.3198 0.2303 0.1476 0.1376
136 0.1829 0.3499 0.2703 0.0751 0.1218
137 0.0685 0.1061 0.0989 0.5732 0.1531
138 0.1089 0.0778 0.1674 0.5234 0.1224
139 0.1680 0.4746 0.2350 0.0657 0.0567
140 0.2123 0.2600 0.1993 0.2520 0.0763
141 0.0184 0.8413 0.1147 0.0117 0.0137
142 0.1952 0.4434 0.1683 0.0853 0.1078
143 0.0073 0.9590 0.0151 0.0180 0.0008
144 0.1350 0.0787 0.3262 0.1979 0.2622
145 0.0144 0.8813 0.0770 0.0222 0.0049
146 0.1722 0.5605 0.1520 0.0140 0.1013
147 0.0526 0.2302 0.4912 0.1499 0.0759
148 0.2041 0.1505 0.3040 0.3088 0.0328
149 0.3921 0.1488 0.2781 0.0991 0.0822
150 0.2495 0.2219 0.2084 0.2615 0.0588
151 0.3040 0.4285 0.1307 0.0234 0.1135
152 0.2100 0.4514 0.2474 0.0220 0.0692
153 0.2793 0.4360 0.1708 0.0128 0.1011
154 0.2739 0.1586 0.1124 0.2593 0.1958
155 0.2361 0.3953 0.1661 0.0616 0.1410
156 0.2500 0.4321 0.0571 0.1627 0.0980
157 0.2031 0.6816 0.0297 0.0108 0.0747
158 0.1664 0.6431 0.1316 0.0229 0.0363
159 0.0641 0.8188 0.0641 0.0257 0.0274
160 0.1908 0.6504 0.0526 0.0256 0.0807
161 0.0421 0.8462 0.0550 0.0190 0.0375
162 0.2098 0.6934 0.0150 0.0245 0.0574
163 0.1454 0.0626 0.0910 0.5488 0.1523
164 0.1473 0.2505 0.0951 0.1129 0.3940
165 0.1605 0.2467 0.0525 0.5103 0.0299
166 0.1946 0.7065 0.0210 0.0589 0.0191
167 0.1569 0.2954 0.3535 0.0337 0.1606
168 0.1719 0.2903 0.1257 0.0728 0.3394
169 0.6138 0.1639 0.0558 0.0994 0.0673
170 0.1650 0.5625 0.0346 0.1188 0.1188
171 0.2817 0.1532 0.1147 0.0680 0.3823
172 0.3167 0.1791 0.2952 0.1212 0.0880
173 0.2178 0.2246 0.1709 0.0250 0.3618
174 0.3381 0.4585 0.0201 0.0391 0.1443
175 0.1220 0.0865 0.0154 0.6699 0.1060
176 0.3452 0.3704 0.0212 0.1383 0.1250
177 0.2361 0.1107 0.1897 0.0223 0.4412
178 0.5972 0.1807 0.0198 0.0379 0.1646
179 0.4292 0.5020 0.0214 0.0387 0.0088
180 0.1138 0.6699 0.0358 0.0199 0.1604
181 0.1173 0.1788 0.2369 0.0942 0.3728
182 0.1573 0.7505 0.0320 0.0368 0.0232
183 0.2322 0.1559 0.1312 0.0153 0.4653
184 0.2400 0.2185 0.1294 0.3774 0.0346
185 0.1578 0.4639 0.3291 0.0390 0.0102
186 0.2153 0.3691 0.1638 0.0448 0.2070
187 0.1050 0.1050 0.3965 0.2520 0.1414
188 0.1032 0.5078 0.3179 0.0269 0.0440
189 0.4158 0.1530 0.1566 0.1566 0.1182
190 0.4814 0.4250 0.0402 0.0232 0.0301
191 0.1068 0.8135 0.0268 0.0073 0.0455
192 0.3113 0.3525 0.1084 0.0463 0.1815
193 0.6699 0.2561 0.0130 0.0215 0.0396
194 0.4685 0.1877 0.0691 0.0120 0.2627
195 0.1979 0.0763 0.2278 0.4746 0.0235
196 0.2118 0.3130 0.2515 0.0662 0.1575
197 0.2157 0.6748 0.0266 0.0281 0.0546
198 0.0439 0.5972 0.2213 0.1140 0.0237
199 0.1631 0.0735 0.1848 0.1384 0.4399
200 0.1718 0.0553 0.0831 0.0363 0.6533
201 0.0658 0.0217 0.0381 0.6143 0.2600
202 0.2092 0.1069 0.1351 0.4941 0.0546
203 0.2092 0.1069 0.1351 0.4941 0.0546
