time exciting_prob fearful_prob tense_prob sad_prob relaxing_prob
0 0.0621 0.0440 0.2168 0.6680 0.0093
1 0.0623 0.1028 0.2930 0.5220 0.0199
2 0.0440 0.0280 0.2917 0.6172 0.0189
3 0.1838 0.1866 0.1957 0.1622 0.2717
4 0.3245 0.2732 0.2373 0.0547 0.1104
5 0.2793 0.3115 0.1860 0.1011 0.1220
6 0.2458 0.2346 0.1827 0.2498 0.0870
7 0.2915 0.2739 0.2380 0.0640 0.1324
8 0.3628 0.2455 0.2252 0.0875 0.0790
9 0.4714 0.2158 0.0166 0.0055 0.2905
10 0.5210 0.1978 0.0104 0.0050 0.2661
11 0.5151 0.1387 0.0130 0.0059 0.3274
12 0.5474 0.1777 0.0199 0.0082 0.2467
13 0.3923 0.3252 0.0239 0.0051 0.2534
14 0.0438 0.2041 0.6587 0.0648 0.0285
15 0.0339 0.1531 0.5181 0.1580 0.1372
16 0.0594 0.1050 0.1348 0.0870 0.6138
17 0.1432 0.0527 0.4480 0.0282 0.3279
18 0.4880 0.0531 0.3801 0.0103 0.0687
19 0.2634 0.0507 0.5493 0.0325 0.1040
20 0.2162 0.0887 0.5967 0.0702 0.0281
21 0.3333 0.0602 0.5669 0.0197 0.0199
22 0.2798 0.2910 0.2842 0.0923 0.0526
23 0.1048 0.0911 0.3279 0.4412 0.0351
24 0.6177 0.1143 0.0515 0.1478 0.0688
25 0.5894 0.1315 0.0557 0.0087 0.2151
26 0.5864 0.1531 0.0996 0.0101 0.1506
27 0.5630 0.1786 0.0837 0.0196 0.1552
28 0.0054 0.1569 0.7842 0.0525 0.0012
29 0.0097 0.1874 0.7646 0.0363 0.0017
30 0.1494 0.0344 0.2881 0.4824 0.0456
31 0.0665 0.1821 0.6260 0.1149 0.0108
32 0.0593 0.1304 0.4587 0.3105 0.0410
33 0.0872 0.1086 0.3142 0.4790 0.0109
34 0.2500 0.1801 0.0979 0.0333 0.4387
35 0.2114 0.1940 0.1071 0.0257 0.4617
36 0.2134 0.1742 0.1133 0.0365 0.4626
37 0.2556 0.2153 0.1266 0.0662 0.3362
38 0.0470 0.1425 0.1746 0.5903 0.0455
39 0.0356 0.0620 0.1940 0.6982 0.0101
40 0.0466 0.1744 0.4187 0.3525 0.0079
41 0.0216 0.1421 0.3306 0.4883 0.0174
42 0.0244 0.0694 0.3694 0.5288 0.0079
43 0.0961 0.0772 0.6567 0.1443 0.0259
44 0.1671 0.1113 0.3948 0.3025 0.0243
45 0.0884 0.0858 0.5088 0.2642 0.0528
46 0.1982 0.0735 0.2212 0.4502 0.0568
47 0.2764 0.1170 0.1179 0.4214 0.0672
48 0.2554 0.0656 0.1755 0.4697 0.0340
49 0.2546 0.0577 0.2668 0.4006 0.0201
50 0.0153 0.0709 0.8501 0.0626 0.0011
51 0.0192 0.1069 0.2566 0.6060 0.0117
52 0.0193 0.0878 0.4673 0.4189 0.0068
53 0.0475 0.0748 0.1940 0.6665 0.0172
54 0.1580 0.1790 0.1890 0.1155 0.3586
55 0.3132 0.1770 0.1357 0.1082 0.2659
56 0.1494 0.1964 0.2091 0.2225 0.2225
57 0.0420 0.2234 0.4241 0.2959 0.0146
58 0.0509 0.0586 0.3118 0.5059 0.0729
59 0.0296 0.0149 0.1469 0.7817 0.0270
60 0.0155 0.0524 0.1199 0.8066 0.0058
61 0.0093 0.0407 0.1713 0.7676 0.0109
62 0.0341 0.1554 0.5957 0.2124 0.0024
63 0.0536 0.3718 0.4927 0.0672 0.0146
64 0.0535 0.1782 0.3381 0.3955 0.0345
65 0.0989 0.0958 0.3047 0.4792 0.0215
66 0.0190 0.1737 0.3735 0.4299 0.0040
67 0.0109 0.4102 0.4436 0.1332 0.0020
68 0.3286 0.1027 0.1528 0.3555 0.0603
69 0.4202 0.1738 0.1475 0.1343 0.1242
70 0.2600 0.1338 0.1163 0.3843 0.1058
71 0.0830 0.1099 0.1960 0.5410 0.0699
72 0.0715 0.2070 0.2898 0.4084 0.0232
73 0.0540 0.2169 0.4348 0.2617 0.0327
74 0.0698 0.1647 0.4341 0.3174 0.0141
75 0.0289 0.0427 0.1768 0.7329 0.0189
76 0.0496 0.0516 0.3608 0.5088 0.0294
77 0.1628 0.1707 0.3264 0.3018 0.0384
78 0.2693 0.1333 0.3625 0.2147 0.0201
79 0.1801 0.3723 0.1162 0.1109 0.2206
80 0.1497 0.4163 0.1982 0.0886 0.1473
81 0.1117 0.2988 0.1074 0.2874 0.1945
82 0.0660 0.4272 0.2416 0.1781 0.0869
83 0.1289 0.2372 0.3911 0.1804 0.0623
84 0.0841 0.0902 0.4583 0.3623 0.0051
85 0.0581 0.1544 0.4468 0.3269 0.0140
86 0.0210 0.0341 0.0872 0.7070 0.1505
87 0.0577 0.1451 0.1166 0.5562 0.1241
88 0.0219 0.1148 0.5479 0.3071 0.0085
89 0.0639 0.3296 0.2607 0.3145 0.0311
90 0.0232 0.1254 0.5195 0.3252 0.0066
91 0.0969 0.0616 0.2052 0.5845 0.0519
92 0.0260 0.0396 0.1832 0.7363 0.0150
93 0.0627 0.0608 0.2123 0.6338 0.0306
94 0.0435 0.1260 0.2013 0.5732 0.0559
95 0.0676 0.1523 0.3486 0.3828 0.0487
96 0.2318 0.4468 0.1417 0.0358 0.1439
97 0.3162 0.3525 0.2462 0.0188 0.0663
98 0.2935 0.2080 0.3123 0.0909 0.0953
99 0.0739 0.2966 0.3413 0.2700 0.0181
100 0.0760 0.0714 0.2612 0.3459 0.2454
101 0.0403 0.1523 0.4270 0.3596 0.0206
102 0.0196 0.1041 0.8315 0.0427 0.0020
103 0.2126 0.4502 0.1921 0.1202 0.0248
104 0.2888 0.4617 0.1880 0.0514 0.0103
105 0.0538 0.3223 0.3650 0.2510 0.0080
106 0.0506 0.1609 0.4307 0.3459 0.0117
107 0.0928 0.1482 0.5957 0.1426 0.0209
108 0.0656 0.2117 0.4209 0.2288 0.0731
109 0.1400 0.1422 0.2871 0.2917 0.1389
110 0.0586 0.1819 0.6104 0.1077 0.0415
111 0.0248 0.1462 0.7788 0.0432 0.0071
112 0.0620 0.1376 0.4109 0.3542 0.0353
113 0.0204 0.1483 0.4426 0.3728 0.0160
114 0.0391 0.0867 0.5742 0.2932 0.0071
115 0.0152 0.1226 0.2634 0.5938 0.0048
116 0.0939 0.3103 0.4661 0.1031 0.0265
117 0.1685 0.1464 0.2375 0.0498 0.3979
118 0.1509 0.0619 0.1332 0.0381 0.6157
119 0.1752 0.0719 0.1079 0.0334 0.6113
120 0.1731 0.1287 0.1652 0.0553 0.4778
121 0.1637 0.2273 0.3926 0.0220 0.1943
122 0.0547 0.2163 0.2957 0.3796 0.0538
123 0.0403 0.2281 0.3069 0.3760 0.0486
124 0.0334 0.1982 0.2505 0.4829 0.0350
125 0.1131 0.5107 0.2339 0.0526 0.0895
126 0.2507 0.1807 0.1821 0.0214 0.3650
127 0.1782 0.2803 0.1133 0.0569 0.3713
128 0.2200 0.0862 0.2573 0.0682 0.3684
129 0.2112 0.0982 0.1429 0.0250 0.5225
130 0.1141 0.0630 0.1006 0.0237 0.6987
131 0.0837 0.0328 0.0762 0.0257 0.7817
132 0.1131 0.0777 0.0952 0.0319 0.6821
133 0.1544 0.1321 0.2283 0.0314 0.4539
134 0.2273 0.0883 0.1346 0.0688 0.4810
135 0.2551 0.3596 0.2532 0.0487 0.0834
136 0.1283 0.1622 0.2847 0.3772 0.0476
137 0.1288 0.2903 0.3042 0.2090 0.0679
138 0.1512 0.3862 0.3572 0.0518 0.0535
139 0.1063 0.2756 0.4915 0.0446 0.0821
140 0.0757 0.3999 0.1591 0.0541 0.3113
141 0.0924 0.3684 0.2306 0.0535 0.2551
142 0.1085 0.4160 0.2749 0.1011 0.0995
143 0.2101 0.3923 0.2417 0.0284 0.1274
144 0.1182 0.5137 0.2664 0.0172 0.0845
145 0.0895 0.3403 0.1442 0.2163 0.2097
146 0.0949 0.2386 0.1802 0.1602 0.3262
147 0.1526 0.1959 0.1152 0.1870 0.3494
148 0.1681 0.0943 0.3789 0.0590 0.2998
149 0.1863 0.1364 0.2507 0.0894 0.3374
150 0.1366 0.0816 0.2324 0.0495 0.4998
151 0.1980 0.1542 0.2279 0.0613 0.3586
152 0.1212 0.4866 0.2299 0.0031 0.1592
153 0.1256 0.3257 0.1743 0.2274 0.1469
154 0.0745 0.3259 0.2744 0.0673 0.2578
155 0.1092 0.3840 0.2189 0.1050 0.1829
156 0.0986 0.5811 0.1162 0.0786 0.1256
157 0.0894 0.1290 0.5186 0.1737 0.0894
158 0.0967 0.0664 0.6108 0.2046 0.0214
159 0.0421 0.3362 0.3579 0.2499 0.0140
160 0.2023 0.3992 0.2120 0.1227 0.0637
161 0.0756 0.6045 0.2559 0.0087 0.0554
162 0.0774 0.2366 0.1208 0.4705 0.0948
163 0.0423 0.1205 0.3223 0.4915 0.0233
164 0.0548 0.1284 0.3955 0.3601 0.0611
165 0.1605 0.2211 0.5142 0.0707 0.0339
166 0.0740 0.5386 0.3643 0.0180 0.0051
167 0.0871 0.3286 0.3445 0.2295 0.0104
168 0.1456 0.6895 0.1074 0.0130 0.0444
169 0.2739 0.1648 0.0809 0.0660 0.4143
170 0.1548 0.3921 0.0483 0.0420 0.3628
171 0.1542 0.3264 0.3264 0.0449 0.1483
172 0.1407 0.3027 0.3538 0.0686 0.1343
173 0.0467 0.2605 0.6152 0.0680 0.0094
174 0.0632 0.2482 0.6143 0.0689 0.0055
175 0.1578 0.3938 0.3757 0.0258 0.0467
176 0.0936 0.3789 0.4641 0.0418 0.0215
177 0.0587 0.1658 0.7036 0.0654 0.0066
178 0.0702 0.3481 0.2549 0.2588 0.0681
179 0.1407 0.1407 0.3376 0.2357 0.1453
180 0.1515 0.3577 0.3467 0.0462 0.0978
181 0.0447 0.3057 0.3987 0.2101 0.0410
182 0.0401 0.2783 0.4517 0.2168 0.0131
183 0.1061 0.2466 0.3940 0.2390 0.0142
184 0.0709 0.0925 0.2512 0.5752 0.0101
185 0.0582 0.6763 0.1792 0.0135 0.0729
186 0.1261 0.3735 0.0765 0.0264 0.3975
187 0.0401 0.6372 0.1798 0.0940 0.0488
188 0.1113 0.2356 0.4333 0.1261 0.0937
189 0.2318 0.0551 0.2627 0.4070 0.0435
190 0.0781 0.3875 0.4565 0.0363 0.0418
191 0.1392 0.6284 0.1577 0.0133 0.0613
192 0.1094 0.2729 0.3560 0.1847 0.0770
193 0.3062 0.3416 0.1758 0.0310 0.1458
194 0.2443 0.3313 0.1370 0.0652 0.2224
195 0.2087 0.4817 0.1247 0.0184 0.1665
196 0.0608 0.1051 0.0988 0.0500 0.6855
197 0.0487 0.1016 0.1000 0.0163 0.7334
198 0.0435 0.4189 0.2705 0.1859 0.0812
199 0.0201 0.4265 0.3169 0.2318 0.0048
200 0.1945 0.3604 0.3105 0.0211 0.1134
201 0.1136 0.5298 0.2426 0.0276 0.0865
202 0.2062 0.2839 0.2062 0.0490 0.2546
203 0.0963 0.1208 0.0850 0.0240 0.6738
204 0.0917 0.4080 0.4409 0.0197 0.0398
205 0.0804 0.2700 0.6084 0.0278 0.0132
206 0.0706 0.0935 0.3315 0.4900 0.0142
207 0.1923 0.3271 0.2979 0.0783 0.1046
208 0.1719 0.3088 0.2224 0.1859 0.1110
209 0.2703 0.0877 0.4058 0.1614 0.0750
210 0.2991 0.0647 0.3608 0.2258 0.0496
211 0.0330 0.0947 0.0284 0.0134 0.8306
212 0.0703 0.1782 0.0305 0.0162 0.7046
213 0.0440 0.2323 0.0342 0.0068 0.6826
214 0.0863 0.2478 0.0492 0.0223 0.5942
215 0.0731 0.0778 0.3174 0.4839 0.0479
216 0.0944 0.0352 0.1461 0.4099 0.3142
217 0.3042 0.2026 0.0851 0.0412 0.3669
218 0.1985 0.4268 0.1046 0.0639 0.2063
219 0.1615 0.2313 0.1110 0.0775 0.4187
220 0.2124 0.1155 0.2108 0.0914 0.3699
221 0.1160 0.3657 0.2720 0.1927 0.0535
222 0.0429 0.1954 0.2180 0.5229 0.0204
223 0.1763 0.1320 0.6104 0.0240 0.0572
224 0.1165 0.4097 0.3909 0.0204 0.0628
225 0.1370 0.2922 0.4744 0.0431 0.0532
226 0.0480 0.1367 0.4626 0.3333 0.0194
227 0.0735 0.4507 0.3247 0.0998 0.0514
228 0.0936 0.3760 0.3586 0.1129 0.0590
229 0.0812 0.3088 0.3608 0.2224 0.0268
230 0.0718 0.2125 0.2861 0.3396 0.0900
231 0.0813 0.5557 0.2883 0.0318 0.0428
232 0.1447 0.3416 0.1638 0.1492 0.2008
233 0.1544 0.3398 0.1069 0.0846 0.3142
234 0.1398 0.2734 0.3352 0.1223 0.1293
235 0.1926 0.2083 0.5234 0.0310 0.0447
236 0.1395 0.1696 0.6499 0.0146 0.0264
237 0.0491 0.6621 0.2593 0.0189 0.0109
238 0.1469 0.2240 0.5718 0.0330 0.0242
239 0.1020 0.2795 0.1094 0.0696 0.4397
240 0.0626 0.3577 0.5366 0.0122 0.0308
241 0.1157 0.3535 0.3914 0.0375 0.1021
242 0.1055 0.5527 0.1659 0.0731 0.1030
243 0.0652 0.3582 0.1665 0.3469 0.0632
244 0.1643 0.3320 0.2646 0.0542 0.1848
245 0.2825 0.2717 0.2961 0.0574 0.0924
246 0.2368 0.2769 0.3667 0.0781 0.0415
247 0.3757 0.3728 0.1604 0.0297 0.0613
248 0.1138 0.5781 0.2524 0.0144 0.0412
249 0.1768 0.2593 0.1754 0.2612 0.1273
250 0.3259 0.4282 0.1481 0.0289 0.0688
251 0.3132 0.4854 0.1025 0.0132 0.0856
252 0.2112 0.2374 0.4910 0.0128 0.0479
253 0.1093 0.5640 0.2388 0.0428 0.0452
254 0.1234 0.6880 0.1442 0.0094 0.0351
255 0.0980 0.5508 0.3042 0.0214 0.0256
256 0.1622 0.5933 0.0939 0.0698 0.0809
257 0.2452 0.5273 0.1071 0.0388 0.0815
258 0.0454 0.0862 0.0202 0.0105 0.8374
259 0.1903 0.1382 0.0435 0.0183 0.6099
260 0.1290 0.1461 0.0219 0.0680 0.6348
261 0.0487 0.4312 0.4734 0.0152 0.0315
262 0.2097 0.2800 0.2693 0.0141 0.2268
263 0.1832 0.1362 0.3118 0.3533 0.0155
264 0.0595 0.1920 0.3879 0.3318 0.0290
265 0.0549 0.1237 0.1799 0.5898 0.0515
266 0.0674 0.4062 0.2622 0.1720 0.0921
267 0.0552 0.1263 0.3228 0.4695 0.0261
268 0.0649 0.3123 0.5479 0.0573 0.0177
269 0.1868 0.2847 0.3953 0.1115 0.0218
270 0.1169 0.3203 0.4177 0.0540 0.0911
271 0.1227 0.3496 0.2559 0.1901 0.0818
272 0.1212 0.1174 0.4363 0.2335 0.0915
273 0.1172 0.2769 0.4565 0.0358 0.1136
274 0.2512 0.3628 0.2117 0.0322 0.1421
275 0.1902 0.2294 0.2969 0.0318 0.2520
276 0.0459 0.0405 0.2559 0.6333 0.0246
277 0.1573 0.3035 0.0688 0.0557 0.4148
278 0.2683 0.2258 0.0851 0.0306 0.3904
279 0.2450 0.1792 0.1710 0.0801 0.3245
280 0.2786 0.2537 0.1469 0.0508 0.2700
281 0.3462 0.2361 0.2271 0.0382 0.1525
282 0.1248 0.2295 0.3445 0.2260 0.0751
283 0.2515 0.3574 0.2102 0.0330 0.1478
284 0.2001 0.3538 0.2844 0.0547 0.1071
285 0.2590 0.3767 0.2303 0.0356 0.0983
286 0.2196 0.2629 0.2230 0.2549 0.0397
287 0.1995 0.1775 0.2769 0.2903 0.0558
288 0.1141 0.1465 0.4109 0.2612 0.0671
289 0.0660 0.0991 0.5107 0.3003 0.0237
290 0.2037 0.2830 0.2496 0.2310 0.0327
291 0.2037 0.2830 0.2496 0.2310 0.0327
292 0.9741 0.0100 0.0045 0.0008 0.0106
293 0.9775 0.0090 0.0049 0.0006 0.0079
294 0.9766 0.0094 0.0051 0.0006 0.0086
295 0.9775 0.0089 0.0049 0.0006 0.0079
296 0.9780 0.0087 0.0048 0.0005 0.0079
