time exciting_prob fearful_prob tense_prob sad_prob relaxing_prob
0 0.2037 0.2830 0.2496 0.2310 0.0327
1 0.0688 0.1813 0.3440 0.2852 0.1207
2 0.1202 0.3372 0.3269 0.1833 0.0323
3 0.1115 0.6777 0.0773 0.0395 0.0939
4 0.0264 0.2820 0.3401 0.2338 0.1176
5 0.0725 0.6987 0.1420 0.0133 0.0736
6 0.2905 0.2228 0.3191 0.0996 0.0679
7 0.1813 0.3037 0.1237 0.0877 0.3037
8 0.1937 0.4070 0.1342 0.0573 0.2079
9 0.0761 0.4482 0.3716 0.0071 0.0969
10 0.0883 0.1625 0.2556 0.3547 0.1389
11 0.0392 0.3330 0.1810 0.3435 0.1031
12 0.0529 0.4675 0.1404 0.1802 0.1591
13 0.0511 0.1990 0.1116 0.4019 0.2363
14 0.3582 0.0949 0.1026 0.3418 0.1026
15 0.1025 0.5371 0.1041 0.1490 0.1074
16 0.1768 0.3486 0.0848 0.0410 0.3486
17 0.0415 0.1542 0.1919 0.6006 0.0119
18 0.2910 0.2529 0.0967 0.3074 0.0518
19 0.1169 0.4080 0.1072 0.2201 0.1477
20 0.0432 0.3401 0.3347 0.1606 0.1213
21 0.0560 0.3708 0.2433 0.2590 0.0708
22 0.1312 0.3828 0.2164 0.1195 0.1499
23 0.1126 0.4778 0.2898 0.0716 0.0481
24 0.1306 0.2786 0.3577 0.1976 0.0354
25 0.1034 0.3469 0.1481 0.2172 0.1843
26 0.1350 0.1372 0.1566 0.4192 0.1519
27 0.0715 0.5630 0.3308 0.0287 0.0060
28 0.0104 0.4648 0.1185 0.3975 0.0088
29 0.0147 0.4668 0.3750 0.1218 0.0217
30 0.0544 0.3772 0.2397 0.3127 0.0159
31 0.1588 0.3335 0.1401 0.2876 0.0798
32 0.1820 0.3145 0.0724 0.2690 0.1619
33 0.1199 0.2461 0.3364 0.1639 0.1338
34 0.0168 0.4836 0.4473 0.0494 0.0029
35 0.1012 0.5557 0.1682 0.1094 0.0654
36 0.0453 0.0609 0.1438 0.4641 0.2859
37 0.1268 0.2666 0.2279 0.2012 0.1775
38 0.0618 0.4429 0.1846 0.2333 0.0775
39 0.0198 0.6592 0.2140 0.0751 0.0318
40 0.0477 0.3037 0.2854 0.1731 0.1901
41 0.2930 0.3914 0.1656 0.1028 0.0471
42 0.1251 0.0713 0.0795 0.6870 0.0370
43 0.0456 0.7715 0.1052 0.0669 0.0106
44 0.0623 0.1891 0.0807 0.5776 0.0900
45 0.0952 0.2374 0.3374 0.2732 0.0568
46 0.1720 0.4358 0.1393 0.0886 0.1642
47 0.0248 0.1173 0.0972 0.7529 0.0076
48 0.1198 0.2344 0.1125 0.0779 0.4553
49 0.1072 0.3953 0.3772 0.1097 0.0107
50 0.1031 0.4551 0.3831 0.0479 0.0108
51 0.0349 0.6094 0.1653 0.0751 0.1154
52 0.0341 0.1732 0.1191 0.6240 0.0497
53 0.1893 0.1332 0.4504 0.1764 0.0505
54 0.1006 0.4653 0.1499 0.1465 0.1376
55 0.1362 0.1749 0.5474 0.1104 0.0309
56 0.1068 0.2333 0.5508 0.0690 0.0399
57 0.0330 0.3257 0.2537 0.2383 0.1492
58 0.0254 0.2407 0.1846 0.5425 0.0068
59 0.0419 0.1532 0.1175 0.6553 0.0321
60 0.1971 0.2378 0.1234 0.2251 0.2166
61 0.0781 0.2277 0.2207 0.3364 0.1371
62 0.0397 0.5737 0.2213 0.1594 0.0058
63 0.0446 0.4915 0.4138 0.0237 0.0262
64 0.0773 0.4053 0.1490 0.3467 0.0217
65 0.0894 0.3508 0.3562 0.1271 0.0765
66 0.2009 0.1298 0.3262 0.2661 0.0769
67 0.0867 0.2671 0.1606 0.2712 0.2145
68 0.0786 0.4121 0.4524 0.0473 0.0095
69 0.0915 0.3591 0.4683 0.0680 0.0131
70 0.0441 0.4817 0.3523 0.1002 0.0217
71 0.0695 0.4355 0.3843 0.1018 0.0090
72 0.1200 0.2661 0.3582 0.1787 0.0768
73 0.0750 0.2964 0.3518 0.2534 0.0234
74 0.0443 0.2910 0.3621 0.2776 0.0250
75 0.0771 0.3171 0.4136 0.1646 0.0277
76 0.0222 0.0469 0.0462 0.8721 0.0126
77 0.0795 0.4233 0.2732 0.1937 0.0302
78 0.0975 0.4653 0.3623 0.0640 0.0108
79 0.1185 0.3223 0.3826 0.0784 0.0983
80 0.1359 0.3210 0.3472 0.1516 0.0445
81 0.1236 0.1730 0.3281 0.3440 0.0312
82 0.2314 0.1566 0.2388 0.3342 0.0390
83 0.0875 0.1123 0.1823 0.5615 0.0565
84 0.0527 0.2150 0.5938 0.0903 0.0483
85 0.0104 0.0514 0.1252 0.8037 0.0090
86 0.1661 0.3252 0.4243 0.0340 0.0503
87 0.0851 0.2173 0.5376 0.0217 0.1381
88 0.1272 0.4170 0.3679 0.0610 0.0269
89 0.0311 0.4504 0.2607 0.2095 0.0482
90 0.0599 0.8208 0.0886 0.0229 0.0077
91 0.1171 0.4705 0.2440 0.1227 0.0458
92 0.3040 0.3418 0.1627 0.0489 0.1425
93 0.2615 0.2874 0.1090 0.2185 0.1235
94 0.0520 0.6138 0.0699 0.0280 0.2366
95 0.1278 0.4714 0.1554 0.0900 0.1554
96 0.0257 0.1246 0.4702 0.2678 0.1117
97 0.0249 0.5493 0.3384 0.0732 0.0144
98 0.2859 0.2686 0.0757 0.0604 0.3093
99 0.0688 0.1378 0.6079 0.1198 0.0656
100 0.2849 0.3630 0.1326 0.0451 0.1742
101 0.1952 0.2795 0.2078 0.2300 0.0873
102 0.0828 0.4543 0.0753 0.0167 0.3708
103 0.0484 0.2189 0.2598 0.3442 0.1287
104 0.0963 0.3335 0.2087 0.1390 0.2223
105 0.0236 0.3232 0.4631 0.1247 0.0652
106 0.0222 0.1702 0.5757 0.1959 0.0359
107 0.0296 0.4243 0.1501 0.3203 0.0755
108 0.1155 0.2388 0.1733 0.2583 0.2141
109 0.0977 0.1356 0.0651 0.0651 0.6367
110 0.0401 0.4150 0.2852 0.1227 0.1368
111 0.0753 0.1658 0.3147 0.3003 0.1440
112 0.0532 0.0548 0.1143 0.7456 0.0323
113 0.0408 0.0878 0.5381 0.3113 0.0219
114 0.1544 0.2430 0.2798 0.2886 0.0342
115 0.1454 0.4622 0.2148 0.1597 0.0179
116 0.0184 0.0740 0.1129 0.7832 0.0113
117 0.0476 0.4048 0.2695 0.1741 0.1039
118 0.0637 0.3284 0.1100 0.2876 0.2103
119 0.1737 0.3765 0.1658 0.1364 0.1475
120 0.0861 0.5439 0.1140 0.1385 0.1176
121 0.0531 0.2084 0.1636 0.5488 0.0261
122 0.0204 0.4976 0.2502 0.1720 0.0599
123 0.0325 0.2345 0.7114 0.0187 0.0031
124 0.1758 0.2876 0.4524 0.0504 0.0341
125 0.1193 0.5386 0.1351 0.1439 0.0629
126 0.0519 0.4053 0.5044 0.0310 0.0074
127 0.0952 0.2798 0.3706 0.1594 0.0952
128 0.0814 0.1545 0.5312 0.1407 0.0923
129 0.1083 0.3108 0.1771 0.3750 0.0289
130 0.1432 0.2397 0.4272 0.0766 0.1132
131 0.0647 0.4636 0.1287 0.2559 0.0871
132 0.0293 0.0860 0.1311 0.7432 0.0105
133 0.1473 0.1406 0.2468 0.3591 0.1061
134 0.1190 0.1976 0.4668 0.1915 0.0251
135 0.0768 0.3494 0.5083 0.0431 0.0223
136 0.0474 0.0554 0.0845 0.7891 0.0236
137 0.1941 0.4307 0.2341 0.0731 0.0681
138 0.1562 0.1033 0.1915 0.1434 0.4055
139 0.1442 0.1071 0.2303 0.2693 0.2490
140 0.1523 0.2286 0.2532 0.3176 0.0483
141 0.0476 0.3489 0.3774 0.2184 0.0077
142 0.0369 0.6904 0.1858 0.0793 0.0077
143 0.1354 0.2233 0.3352 0.2651 0.0410
144 0.1447 0.5415 0.1960 0.0774 0.0405
145 0.0461 0.1444 0.3687 0.2871 0.1537
146 0.0449 0.2751 0.3940 0.1981 0.0879
147 0.1549 0.2362 0.3081 0.2382 0.0626
148 0.0985 0.1929 0.4485 0.1945 0.0656
149 0.0237 0.5981 0.2235 0.1234 0.0312
150 0.0574 0.1610 0.2344 0.4734 0.0737
151 0.0127 0.1893 0.1984 0.4685 0.1311
152 0.0399 0.2368 0.3237 0.3555 0.0442
153 0.0197 0.1940 0.1158 0.6562 0.0143
154 0.1036 0.0432 0.1763 0.6450 0.0321
155 0.1301 0.4167 0.2031 0.0789 0.1710
156 0.0403 0.2883 0.2177 0.2109 0.2428
157 0.0834 0.2712 0.1071 0.2629 0.2754
158 0.0365 0.1443 0.2166 0.3860 0.2166
159 0.0486 0.3269 0.2212 0.2668 0.1364
160 0.0873 0.3350 0.1343 0.4233 0.0201
161 0.0820 0.4946 0.2247 0.1683 0.0302
162 0.0618 0.2156 0.1229 0.1288 0.4709
163 0.0120 0.7749 0.0656 0.1411 0.0063
164 0.0228 0.2932 0.3323 0.3374 0.0145
165 0.0635 0.4548 0.2183 0.0518 0.2115
166 0.1128 0.3845 0.1761 0.0858 0.2407
167 0.1256 0.6035 0.1785 0.0622 0.0301
168 0.0518 0.3542 0.3225 0.0083 0.2632
169 0.0382 0.1421 0.4377 0.3630 0.0189
170 0.0308 0.2769 0.4937 0.1248 0.0739
171 0.0498 0.3101 0.1272 0.0547 0.4583
172 0.0300 0.4116 0.1689 0.3748 0.0148
173 0.0243 0.0544 0.0458 0.0121 0.8633
174 0.0620 0.4272 0.1500 0.2473 0.1132
175 0.1991 0.2852 0.3440 0.0398 0.1316
176 0.1032 0.2720 0.4019 0.2053 0.0177
177 0.0103 0.0547 0.0245 0.0134 0.8970
178 0.0721 0.5283 0.1885 0.1389 0.0721
179 0.0384 0.4717 0.3345 0.1300 0.0256
180 0.1085 0.5640 0.0781 0.0183 0.2313
181 0.1844 0.1414 0.1787 0.4028 0.0927
182 0.0752 0.4790 0.1230 0.2861 0.0367
183 0.0467 0.3909 0.4866 0.0648 0.0110
184 0.0682 0.2036 0.0810 0.6270 0.0203
185 0.2271 0.2494 0.3923 0.0621 0.0692
186 0.0640 0.0666 0.3545 0.4209 0.0939
187 0.2023 0.4214 0.2898 0.0549 0.0317
188 0.0869 0.1648 0.3684 0.1324 0.2474
189 0.0599 0.3616 0.4429 0.1102 0.0254
190 0.0925 0.1868 0.2435 0.3772 0.1000
191 0.1211 0.4192 0.3818 0.0250 0.0529
192 0.1114 0.4915 0.2981 0.0514 0.0475
193 0.0510 0.1168 0.2983 0.5156 0.0185
194 0.0756 0.3901 0.0756 0.3184 0.1401
195 0.1530 0.1816 0.1011 0.1830 0.3813
196 0.0950 0.3643 0.1803 0.1361 0.2244
197 0.1852 0.3054 0.3101 0.1047 0.0946
198 0.0487 0.4277 0.2362 0.2554 0.0320
199 0.0884 0.1801 0.2041 0.3582 0.1692
200 0.1510 0.3564 0.1879 0.0967 0.2080
201 0.0334 0.1621 0.0556 0.2800 0.4690
202 0.0358 0.2546 0.1061 0.1279 0.4756
203 0.0862 0.1125 0.1689 0.5537 0.0786
204 0.0423 0.4990 0.1864 0.1646 0.1079
205 0.0353 0.2067 0.2454 0.3303 0.1824
206 0.0437 0.3523 0.2617 0.2617 0.0804
207 0.0101 0.3232 0.5850 0.0296 0.0519
208 0.0142 0.2422 0.4453 0.0323 0.2659
209 0.0540 0.1161 0.1515 0.6377 0.0408
210 0.0799 0.3638 0.4895 0.0366 0.0303
211 0.0571 0.4087 0.3960 0.1189 0.0193
212 0.1168 0.0848 0.3435 0.4307 0.0241
213 0.0920 0.1516 0.3135 0.4121 0.0308
214 0.0982 0.3884 0.2798 0.1893 0.0443
215 0.0744 0.1412 0.2808 0.4419 0.0617
216 0.0797 0.1007 0.1334 0.5444 0.1420
217 0.2037 0.2830 0.2496 0.2310 0.0327
218 0.2037 0.2830 0.2496 0.2310 0.0327
219 0.2037 0.2830 0.2496 0.2310 0.0327
220 0.2037 0.2830 0.2496 0.2310 0.0327
221 0.2037 0.2830 0.2496 0.2310 0.0327
222 0.2037 0.2830 0.2496 0.2310 0.0327
