time exciting_prob fearful_prob tense_prob sad_prob relaxing_prob
0 0.2037 0.2830 0.2496 0.2310 0.0327
1 0.1943 0.2742 0.3010 0.0925 0.1378
2 0.1382 0.2522 0.1471 0.3340 0.1288
3 0.1233 0.3301 0.2358 0.1895 0.1214
4 0.0609 0.2092 0.3560 0.3396 0.0344
5 0.0554 0.1641 0.1859 0.3936 0.2010
6 0.0547 0.1039 0.2098 0.5532 0.0784
7 0.2024 0.0941 0.2639 0.4153 0.0240
8 0.4988 0.1292 0.2820 0.0759 0.0143
9 0.2815 0.1239 0.3906 0.1904 0.0137
10 0.1252 0.2471 0.3796 0.1633 0.0847
11 0.2233 0.2017 0.2844 0.0953 0.1954
12 0.1162 0.1827 0.4351 0.0774 0.1886
13 0.0396 0.1459 0.5908 0.1553 0.0684
14 0.1181 0.3186 0.4492 0.0512 0.0627
15 0.1592 0.3044 0.2316 0.0839 0.2209
16 0.1466 0.2100 0.3687 0.1741 0.1008
17 0.1317 0.0857 0.5210 0.1829 0.0787
18 0.0370 0.3052 0.5615 0.0736 0.0228
19 0.0152 0.5430 0.3850 0.0419 0.0153
20 0.0430 0.4021 0.4626 0.0651 0.0271
21 0.3870 0.1516 0.2876 0.1552 0.0185
22 0.1593 0.2886 0.3618 0.0859 0.1045
23 0.1190 0.3811 0.2969 0.1931 0.0099
24 0.2085 0.2380 0.1702 0.0962 0.2871
25 0.2240 0.3579 0.1814 0.0524 0.1842
26 0.0244 0.2412 0.4102 0.2607 0.0634
27 0.0212 0.2089 0.6953 0.0369 0.0377
28 0.0808 0.3003 0.5229 0.0569 0.0391
29 0.0343 0.6177 0.2595 0.0607 0.0276
30 0.0804 0.4116 0.2874 0.1562 0.0641
31 0.1246 0.1785 0.4382 0.1689 0.0897
32 0.0948 0.1010 0.5371 0.1190 0.1481
33 0.0325 0.2747 0.4744 0.0927 0.1257
34 0.0186 0.2150 0.7158 0.0410 0.0097
35 0.0598 0.5449 0.2742 0.0925 0.0284
36 0.0979 0.1844 0.4458 0.2106 0.0613
37 0.3391 0.2313 0.2900 0.0949 0.0445
38 0.1235 0.3303 0.4377 0.0726 0.0359
39 0.1273 0.1726 0.6216 0.0376 0.0410
40 0.1606 0.0894 0.2030 0.1139 0.4331
41 0.1624 0.2053 0.3987 0.0798 0.1538
42 0.0842 0.3984 0.3462 0.0999 0.0714
43 0.0364 0.2338 0.6255 0.0952 0.0089
44 0.1880 0.1808 0.5029 0.0388 0.0895
45 0.1414 0.2747 0.4897 0.0104 0.0838
46 0.2937 0.1823 0.3030 0.1080 0.1132
47 0.2830 0.2273 0.2576 0.1855 0.0465
48 0.1653 0.1859 0.2074 0.3875 0.0541
49 0.1863 0.3823 0.2212 0.0937 0.1166
50 0.0783 0.2214 0.4580 0.2146 0.0277
51 0.2301 0.2842 0.3735 0.0277 0.0847
52 0.0509 0.2861 0.1631 0.0900 0.4099
53 0.2356 0.1194 0.4333 0.1619 0.0498
54 0.1329 0.2465 0.4031 0.0973 0.1201
55 0.0459 0.1903 0.0995 0.1093 0.5552
56 0.1003 0.1918 0.4124 0.0818 0.2139
57 0.1077 0.3423 0.1438 0.0449 0.3613
58 0.0899 0.2581 0.4155 0.1653 0.0711
59 0.0727 0.2222 0.3577 0.0897 0.2576
60 0.0947 0.3464 0.2805 0.0544 0.2238
61 0.1692 0.2277 0.2025 0.1425 0.2581
62 0.0623 0.1875 0.4326 0.1068 0.2108
63 0.1096 0.2375 0.4072 0.0471 0.1985
64 0.1862 0.0944 0.1438 0.4363 0.1394
65 0.1808 0.1621 0.4270 0.1940 0.0362
66 0.0854 0.2588 0.5479 0.0605 0.0471
67 0.1968 0.1923 0.2864 0.1086 0.2161
68 0.0456 0.4194 0.4714 0.0463 0.0173
69 0.0450 0.5737 0.2318 0.1130 0.0364
70 0.1537 0.2021 0.5161 0.0265 0.1016
71 0.1982 0.2094 0.3142 0.0352 0.2429
72 0.3528 0.2603 0.2483 0.0658 0.0728
73 0.2466 0.2211 0.3242 0.1147 0.0936
74 0.3428 0.2096 0.2179 0.0923 0.1375
75 0.2283 0.3347 0.2178 0.1937 0.0256
76 0.2020 0.2380 0.3384 0.1255 0.0962
77 0.4934 0.0864 0.2969 0.0956 0.0274
78 0.4866 0.1230 0.2998 0.0752 0.0155
79 0.5117 0.1047 0.2100 0.1432 0.0305
80 0.1359 0.2365 0.3232 0.2328 0.0716
81 0.2378 0.1431 0.4583 0.1047 0.0560
82 0.3647 0.2908 0.2144 0.0638 0.0664
83 0.2871 0.1179 0.4519 0.0491 0.0940
84 0.1749 0.1052 0.5781 0.0685 0.0735
85 0.0799 0.2008 0.6382 0.0657 0.0155
86 0.0673 0.4316 0.4055 0.0257 0.0699
87 0.3884 0.1194 0.2162 0.1835 0.0923
88 0.3743 0.1107 0.2115 0.1810 0.1225
89 0.3474 0.1068 0.3557 0.0497 0.1404
90 0.0257 0.0552 0.0785 0.0164 0.8242
91 0.1476 0.3567 0.2510 0.0180 0.2267
92 0.1658 0.0922 0.5352 0.1251 0.0820
93 0.0803 0.2673 0.4690 0.1014 0.0822
94 0.0616 0.2457 0.2477 0.0612 0.3835
95 0.0925 0.4143 0.3743 0.0099 0.1089
96 0.2349 0.0285 0.0800 0.4253 0.2313
97 0.3328 0.2183 0.3354 0.0518 0.0616
98 0.1663 0.1715 0.3806 0.1490 0.1326
99 0.1943 0.3130 0.3154 0.1133 0.0641
100 0.3069 0.2177 0.3425 0.0638 0.0690
101 0.1320 0.2389 0.3474 0.1890 0.0928
102 0.1558 0.2671 0.3708 0.0312 0.1752
103 0.1172 0.2423 0.3186 0.1553 0.1666
104 0.1947 0.1902 0.3286 0.2461 0.0405
105 0.1577 0.1085 0.6592 0.0292 0.0456
106 0.0992 0.1501 0.5537 0.1501 0.0469
107 0.0509 0.2754 0.3674 0.2467 0.0595
108 0.2017 0.1354 0.4302 0.1487 0.0840
109 0.1351 0.2708 0.3730 0.0880 0.1331
110 0.0767 0.3384 0.3987 0.0472 0.1389
111 0.0524 0.2876 0.5371 0.0220 0.1010
112 0.1041 0.1171 0.4248 0.0963 0.2576
113 0.0856 0.3083 0.3748 0.0338 0.1975
114 0.1731 0.3994 0.2404 0.1317 0.0553
115 0.2328 0.2256 0.3899 0.0451 0.1066
116 0.1532 0.1383 0.5347 0.0629 0.1111
117 0.2330 0.1447 0.5420 0.0549 0.0255
118 0.2108 0.3342 0.3584 0.0521 0.0445
119 0.5552 0.0590 0.2140 0.1471 0.0248
120 0.0475 0.1779 0.4724 0.1271 0.1752
121 0.1049 0.1991 0.5542 0.0194 0.1226
122 0.0997 0.3945 0.4233 0.0457 0.0367
123 0.0716 0.3135 0.5459 0.0466 0.0227
124 0.1760 0.1393 0.4290 0.1110 0.1448
125 0.0223 0.2966 0.4053 0.0301 0.2458
126 0.0379 0.3123 0.6309 0.0081 0.0111
127 0.0836 0.2136 0.5630 0.0876 0.0523
128 0.1862 0.3372 0.3093 0.0723 0.0951
129 0.1694 0.2012 0.5381 0.0456 0.0456
130 0.1293 0.2822 0.5151 0.0429 0.0305
131 0.1927 0.2184 0.4658 0.0842 0.0388
132 0.1592 0.5469 0.1310 0.0633 0.0996
133 0.4182 0.1827 0.1526 0.1009 0.1456
134 0.2615 0.2676 0.2020 0.1345 0.1345
135 0.2272 0.1377 0.2698 0.2380 0.1274
136 0.3328 0.1866 0.1454 0.1866 0.1488
137 0.0391 0.1820 0.4758 0.0639 0.2393
138 0.0470 0.5332 0.3638 0.0127 0.0431
139 0.3940 0.1416 0.2427 0.1174 0.1044
140 0.0444 0.2201 0.5889 0.0977 0.0487
141 0.1324 0.4080 0.3489 0.0430 0.0676
142 0.1000 0.1769 0.3657 0.3228 0.0348
143 0.2325 0.3254 0.1637 0.1082 0.1702
144 0.0824 0.0963 0.3840 0.2810 0.1564
145 0.1764 0.3621 0.2864 0.0707 0.1046
146 0.2703 0.2073 0.3235 0.0781 0.1209
147 0.2986 0.3081 0.2380 0.0561 0.0992
148 0.1295 0.1650 0.4773 0.0441 0.1841
149 0.1936 0.1450 0.3733 0.0086 0.2795
150 0.0660 0.1926 0.5884 0.0809 0.0720
151 0.1109 0.4597 0.3811 0.0292 0.0190
152 0.0587 0.2233 0.6929 0.0179 0.0072
153 0.1073 0.3987 0.4114 0.0437 0.0389
154 0.1704 0.1042 0.5996 0.0768 0.0492
155 0.0988 0.0818 0.5684 0.2124 0.0387
156 0.1079 0.2888 0.3247 0.0450 0.2338
157 0.0415 0.2666 0.5103 0.1212 0.0605
158 0.0171 0.2374 0.7197 0.0112 0.0144
159 0.0232 0.1646 0.7910 0.0113 0.0099
160 0.0192 0.3323 0.5068 0.0916 0.0502
161 0.0544 0.1991 0.6182 0.1134 0.0151
162 0.0770 0.2280 0.6104 0.0533 0.0316
163 0.3008 0.1548 0.4143 0.0946 0.0356
164 0.3042 0.1705 0.4495 0.0562 0.0196
165 0.3552 0.2241 0.3210 0.0549 0.0448
166 0.3115 0.1164 0.4788 0.0567 0.0366
167 0.3840 0.1718 0.3723 0.0594 0.0125
168 0.2991 0.2312 0.2788 0.1539 0.0369
169 0.5073 0.0815 0.1548 0.1824 0.0737
170 0.0793 0.1237 0.2991 0.4490 0.0488
171 0.3574 0.1927 0.1466 0.0743 0.2289
172 0.0804 0.3438 0.2437 0.2117 0.1206
173 0.0797 0.2551 0.3628 0.1636 0.1388
174 0.0740 0.4495 0.2296 0.1011 0.1459
175 0.1060 0.2771 0.4126 0.0550 0.1494
176 0.1208 0.2786 0.3635 0.1237 0.1135
177 0.0892 0.4675 0.2996 0.0435 0.1003
178 0.0973 0.0988 0.3240 0.2771 0.2028
179 0.0706 0.2261 0.5771 0.0618 0.0643
180 0.0517 0.1803 0.5776 0.0237 0.1667
181 0.0237 0.2549 0.5190 0.1646 0.0379
182 0.0417 0.3691 0.4453 0.1025 0.0411
183 0.1768 0.2532 0.3252 0.0720 0.1727
184 0.1324 0.2915 0.4375 0.0263 0.1124
185 0.0396 0.1720 0.4392 0.1720 0.1774
186 0.2029 0.2061 0.4329 0.1165 0.0419
187 0.1678 0.1338 0.3997 0.1627 0.1360
188 0.2061 0.2817 0.3762 0.0649 0.0712
189 0.0204 0.3621 0.4871 0.1121 0.0184
190 0.0179 0.2649 0.6353 0.0691 0.0130
191 0.1057 0.1742 0.4114 0.2739 0.0349
192 0.0269 0.2959 0.5273 0.1355 0.0142
193 0.2732 0.2391 0.2710 0.1863 0.0306
194 0.1931 0.1010 0.1528 0.5010 0.0520
195 0.2131 0.1713 0.2693 0.3052 0.0410
196 0.2297 0.2407 0.2837 0.1965 0.0493
197 0.1836 0.1022 0.2629 0.4270 0.0243
198 0.2876 0.0978 0.2103 0.3208 0.0837
199 0.2411 0.1053 0.1439 0.4504 0.0591
