time exciting_prob fearful_prob tense_prob sad_prob relaxing_prob
0 0.2015 0.2932 0.2468 0.2247 0.0337
1 0.3242 0.1848 0.3047 0.1763 0.0099
2 0.2932 0.4612 0.1013 0.1406 0.0038
3 0.0891 0.3809 0.4119 0.1125 0.0058
4 0.0196 0.5459 0.0411 0.2104 0.1829
5 0.0632 0.4089 0.1458 0.3442 0.0378
6 0.0360 0.1759 0.0489 0.4155 0.3237
7 0.0781 0.1172 0.1350 0.0648 0.6050
8 0.1097 0.4106 0.1488 0.2959 0.0351
9 0.0925 0.4482 0.1335 0.3081 0.0174
10 0.0955 0.2328 0.2439 0.4148 0.0129
11 0.0558 0.0648 0.0505 0.1846 0.6445
12 0.0579 0.2118 0.3230 0.2053 0.2021
13 0.0258 0.8940 0.0585 0.0174 0.0045
14 0.0592 0.4624 0.2476 0.2184 0.0124
15 0.0281 0.4788 0.1052 0.3787 0.0093
16 0.1951 0.1121 0.0260 0.6602 0.0068
17 0.1455 0.1586 0.0259 0.6675 0.0027
18 0.1766 0.2510 0.4475 0.0868 0.0379
19 0.1030 0.1808 0.5073 0.1956 0.0135
20 0.1514 0.2534 0.1099 0.4590 0.0261
21 0.0282 0.0107 0.0790 0.8110 0.0709
22 0.0271 0.3867 0.3413 0.2345 0.0105
23 0.0155 0.1656 0.3242 0.4792 0.0153
24 0.1951 0.3672 0.3191 0.0685 0.0501
25 0.0375 0.1248 0.2482 0.5420 0.0474
26 0.0604 0.2010 0.1653 0.5684 0.0052
27 0.1825 0.1561 0.3518 0.2494 0.0602
28 0.0722 0.4634 0.3499 0.0637 0.0508
29 0.0212 0.2517 0.3284 0.3899 0.0086
30 0.0202 0.2445 0.3669 0.3501 0.0181
31 0.0226 0.2288 0.3953 0.3381 0.0153
32 0.2041 0.1541 0.2312 0.3525 0.0580
33 0.2026 0.3091 0.2296 0.1875 0.0712
34 0.2262 0.3560 0.1735 0.1681 0.0764
35 0.2671 0.2322 0.1344 0.3174 0.0490
36 0.1219 0.2581 0.1918 0.3936 0.0349
37 0.0895 0.3123 0.0881 0.4761 0.0342
38 0.0983 0.2285 0.3826 0.2629 0.0275
39 0.0878 0.4392 0.1980 0.2542 0.0207
40 0.2451 0.2451 0.2048 0.1608 0.1442
41 0.3950 0.1366 0.2323 0.1500 0.0861
42 0.0719 0.1282 0.2113 0.5835 0.0051
43 0.0948 0.1887 0.3159 0.3364 0.0642
44 0.0485 0.2155 0.5166 0.2122 0.0072
45 0.0212 0.0986 0.1414 0.7178 0.0212
46 0.2576 0.3521 0.0876 0.2827 0.0202
47 0.1594 0.2979 0.0587 0.4614 0.0226
48 0.0657 0.5010 0.3843 0.0455 0.0036
49 0.0871 0.1963 0.3726 0.3286 0.0155
50 0.0978 0.3550 0.4854 0.0571 0.0047
51 0.1985 0.0708 0.2250 0.4011 0.1046
52 0.1780 0.1865 0.3889 0.1986 0.0479
53 0.0332 0.0530 0.5977 0.3101 0.0061
54 0.0610 0.6118 0.3076 0.0143 0.0053
55 0.0147 0.0618 0.8530 0.0700 0.0006
56 0.0685 0.0894 0.4985 0.3323 0.0113
57 0.0938 0.2610 0.4580 0.1851 0.0020
58 0.1414 0.4387 0.4058 0.0130 0.0011
59 0.1097 0.5156 0.2673 0.1064 0.0011
60 0.1289 0.2708 0.5220 0.0776 0.0008
61 0.0437 0.0395 0.5991 0.3157 0.0020
62 0.0649 0.2471 0.5312 0.1510 0.0057
63 0.0347 0.0663 0.3020 0.5913 0.0057
64 0.0307 0.0836 0.7222 0.1611 0.0025
65 0.1375 0.2430 0.1053 0.3323 0.1820
66 0.3413 0.4150 0.1976 0.0285 0.0175
67 0.5596 0.1964 0.1934 0.0474 0.0035
68 0.0477 0.1198 0.5127 0.3157 0.0043
69 0.0557 0.0682 0.3105 0.5625 0.0032
70 0.0212 0.0751 0.2542 0.6392 0.0103
71 0.0226 0.3760 0.5825 0.0184 0.0004
72 0.0573 0.2130 0.5972 0.1272 0.0052
73 0.3989 0.2827 0.1783 0.1335 0.0063
74 0.2622 0.4460 0.2502 0.0242 0.0173
75 0.5308 0.3320 0.0674 0.0542 0.0158
76 0.6372 0.2720 0.0755 0.0115 0.0040
77 0.0721 0.1033 0.3899 0.4282 0.0062
78 0.0771 0.1121 0.5605 0.2412 0.0089
79 0.1818 0.3669 0.1707 0.2749 0.0056
80 0.0728 0.3389 0.1626 0.4153 0.0105
81 0.5259 0.2524 0.1416 0.0604 0.0198
82 0.3342 0.5098 0.1239 0.0224 0.0098
83 0.0371 0.6582 0.1295 0.1638 0.0115
84 0.0421 0.3816 0.3699 0.1890 0.0173
85 0.0965 0.2388 0.1519 0.5054 0.0073
86 0.1539 0.0716 0.6089 0.1564 0.0094
87 0.6826 0.1768 0.0543 0.0772 0.0089
88 0.6484 0.2683 0.0331 0.0278 0.0222
89 0.0724 0.3145 0.5435 0.0555 0.0140
90 0.3003 0.4304 0.1865 0.0645 0.0183
91 0.0645 0.2715 0.5747 0.0720 0.0172
92 0.2620 0.4055 0.1976 0.1010 0.0338
93 0.0778 0.6934 0.1674 0.0597 0.0017
94 0.3181 0.4417 0.1730 0.0380 0.0291
95 0.1660 0.2341 0.5112 0.0822 0.0063
96 0.0966 0.3118 0.0801 0.4905 0.0212
97 0.1232 0.3977 0.4578 0.0085 0.0129
98 0.2581 0.5552 0.1238 0.0318 0.0313
99 0.0165 0.3528 0.4390 0.1888 0.0029
100 0.0279 0.2012 0.6104 0.1567 0.0040
101 0.0128 0.2407 0.6968 0.0482 0.0016
102 0.0343 0.3359 0.5898 0.0360 0.0040
103 0.3989 0.3574 0.2118 0.0257 0.0062
104 0.1204 0.4072 0.4473 0.0221 0.0033
105 0.2510 0.2321 0.4951 0.0151 0.0068
106 0.0488 0.2085 0.6836 0.0570 0.0019
107 0.0463 0.1733 0.6543 0.1249 0.0011
108 0.0100 0.0978 0.7812 0.1108 0.0001
109 0.1692 0.5293 0.2424 0.0421 0.0169
110 0.1307 0.5132 0.3113 0.0396 0.0054
111 0.1460 0.3342 0.4224 0.0787 0.0187
112 0.0595 0.6401 0.2585 0.0400 0.0016
113 0.0414 0.2417 0.4734 0.2307 0.0129
114 0.1136 0.5635 0.2349 0.0608 0.0272
115 0.0164 0.5176 0.1874 0.2561 0.0227
116 0.0069 0.3047 0.6060 0.0820 0.0006
117 0.0165 0.3789 0.5776 0.0244 0.0026
118 0.0703 0.4658 0.4587 0.0041 0.0011
119 0.0820 0.6553 0.2393 0.0175 0.0058
120 0.2428 0.3069 0.3215 0.1240 0.0047
121 0.1713 0.1355 0.4172 0.2610 0.0151
122 0.0943 0.0782 0.5259 0.2952 0.0064
123 0.0444 0.1512 0.6367 0.1661 0.0015
124 0.0273 0.1508 0.4868 0.3345 0.0005
125 0.0862 0.1824 0.2201 0.4883 0.0232
126 0.1072 0.1410 0.5845 0.1622 0.0051
127 0.0298 0.4890 0.1539 0.2920 0.0352
128 0.1969 0.0759 0.2910 0.4236 0.0125
129 0.0858 0.2224 0.6045 0.0831 0.0040
130 0.1110 0.1448 0.0608 0.6641 0.0191
131 0.0555 0.2952 0.2390 0.4065 0.0037
132 0.0511 0.1208 0.5942 0.2256 0.0080
133 0.0184 0.1382 0.6802 0.1615 0.0019
134 0.0357 0.1757 0.6328 0.1527 0.0032
135 0.0349 0.1918 0.1858 0.3525 0.2349
136 0.1359 0.2517 0.0864 0.2223 0.3037
137 0.1411 0.2438 0.4553 0.1490 0.0108
138 0.1041 0.1057 0.1316 0.6177 0.0407
139 0.3052 0.4304 0.1214 0.1243 0.0186
140 0.0483 0.1039 0.3357 0.5039 0.0083
141 0.0799 0.0919 0.6792 0.1447 0.0041
142 0.0205 0.3259 0.5811 0.0716 0.0006
143 0.4622 0.2305 0.2571 0.0487 0.0016
144 0.3821 0.1508 0.3452 0.1193 0.0029
145 0.2328 0.3335 0.2920 0.1390 0.0028
146 0.0123 0.0558 0.7588 0.1693 0.0037
147 0.1128 0.3999 0.1844 0.2791 0.0238
148 0.0046 0.1769 0.7930 0.0255 0.0002
149 0.2278 0.4673 0.1692 0.0800 0.0558
150 0.2834 0.4189 0.1482 0.1068 0.0425
151 0.0475 0.4688 0.4268 0.0534 0.0036
152 0.0673 0.1339 0.5815 0.2140 0.0031
153 0.0571 0.3552 0.4419 0.1327 0.0131
154 0.1689 0.0762 0.4814 0.2700 0.0035
155 0.0704 0.2573 0.3862 0.2827 0.0033
156 0.1833 0.2317 0.5142 0.0609 0.0100
157 0.5068 0.3247 0.1453 0.0152 0.0081
158 0.4626 0.3384 0.1783 0.0083 0.0124
159 0.0679 0.1220 0.4678 0.0839 0.2583
160 0.0276 0.3606 0.4561 0.1126 0.0431
161 0.1100 0.4561 0.1414 0.2600 0.0325
162 0.0546 0.3672 0.5425 0.0350 0.0006
163 0.1008 0.2961 0.5537 0.0476 0.0019
164 0.1266 0.2119 0.4214 0.2328 0.0073
165 0.2170 0.2205 0.3779 0.1785 0.0062
166 0.0892 0.1831 0.6646 0.0567 0.0062
167 0.0965 0.1980 0.5820 0.1060 0.0176
168 0.0533 0.3882 0.3269 0.2246 0.0071
169 0.0468 0.1213 0.2568 0.5522 0.0224
170 0.4453 0.3284 0.1564 0.0411 0.0287
171 0.0864 0.3062 0.4817 0.0994 0.0265
172 0.0596 0.2080 0.5742 0.1498 0.0083
173 0.0837 0.1627 0.3237 0.4287 0.0012
174 0.0457 0.5928 0.1837 0.1740 0.0037
175 0.0412 0.2603 0.4863 0.2059 0.0060
176 0.0501 0.1472 0.7358 0.0659 0.0009
177 0.1138 0.0900 0.3506 0.4363 0.0093
178 0.5186 0.2649 0.0833 0.1184 0.0151
179 0.5576 0.3435 0.0437 0.0491 0.0063
180 0.1589 0.1278 0.6191 0.0920 0.0022
181 0.2166 0.1159 0.4729 0.0611 0.1334
182 0.0943 0.1192 0.5869 0.1531 0.0467
183 0.1177 0.1487 0.4802 0.2490 0.0044
184 0.2314 0.4897 0.2388 0.0352 0.0048
185 0.0448 0.0662 0.7227 0.1515 0.0152
186 0.0035 0.5776 0.3396 0.0794 0.0001
187 0.0153 0.2632 0.6216 0.0999 0.0003
188 0.0952 0.3706 0.0765 0.4265 0.0311
189 0.0689 0.5635 0.1277 0.2350 0.0048
190 0.1248 0.0872 0.3237 0.4565 0.0076
191 0.1718 0.2460 0.3635 0.2008 0.0180
192 0.1354 0.3198 0.2303 0.3052 0.0094
193 0.0247 0.3865 0.5366 0.0491 0.0030
194 0.0299 0.4675 0.4326 0.0643 0.0057
195 0.0338 0.1918 0.3816 0.3755 0.0173
196 0.0683 0.4521 0.3157 0.1562 0.0075
197 0.1207 0.1316 0.6084 0.1274 0.0120
198 0.1506 0.1628 0.5776 0.0995 0.0094
199 0.0959 0.0439 0.5786 0.2732 0.0083
200 0.1392 0.5015 0.3237 0.0296 0.0062
201 0.0642 0.1589 0.6797 0.0934 0.0037
202 0.0254 0.2627 0.4331 0.2710 0.0076
203 0.1350 0.4641 0.2059 0.1249 0.0701
204 0.2188 0.4490 0.2223 0.0877 0.0224
205 0.2292 0.6636 0.0798 0.0173 0.0101
206 0.0745 0.4778 0.4087 0.0335 0.0054
207 0.1245 0.2595 0.5044 0.1099 0.0019
208 0.0707 0.5923 0.2668 0.0649 0.0053
209 0.1263 0.0616 0.7271 0.0829 0.0019
210 0.0850 0.5288 0.1885 0.1827 0.0150
211 0.2791 0.1110 0.4749 0.1259 0.0093
212 0.1359 0.6484 0.1731 0.0378 0.0048
213 0.0881 0.4583 0.0611 0.3406 0.0518
214 0.0834 0.0288 0.7549 0.1088 0.0243
215 0.0959 0.1484 0.6060 0.1462 0.0035
216 0.1545 0.4507 0.3794 0.0134 0.0021
217 0.2876 0.2007 0.2499 0.2205 0.0414
218 0.0387 0.2094 0.4297 0.3193 0.0030
219 0.0518 0.2130 0.4954 0.2377 0.0021
220 0.1202 0.4397 0.3882 0.0387 0.0132
221 0.2158 0.2158 0.2815 0.2729 0.0140
222 0.2874 0.2964 0.2786 0.1207 0.0171
223 0.2620 0.5464 0.1666 0.0134 0.0118
224 0.4270 0.2180 0.0902 0.2180 0.0468
225 0.2883 0.5142 0.0859 0.0846 0.0270
226 0.3835 0.2495 0.0574 0.2849 0.0247
227 0.2181 0.2981 0.3076 0.1647 0.0113
228 0.3906 0.2483 0.1191 0.2333 0.0085
229 0.1743 0.3867 0.2238 0.1826 0.0327
230 0.1086 0.2690 0.2336 0.3618 0.0268
231 0.2695 0.3054 0.3054 0.1177 0.0020
232 0.2173 0.1774 0.1471 0.3813 0.0769
