time exciting_prob fearful_prob tense_prob sad_prob relaxing_prob
0 0.1902 0.1136 0.2600 0.4026 0.0336
1 0.1610 0.2695 0.1635 0.3628 0.0433
2 0.2620 0.2922 0.0934 0.2367 0.1154
3 0.2783 0.2939 0.1064 0.2184 0.1031
4 0.0684 0.1666 0.3064 0.1219 0.3367
5 0.0440 0.2235 0.2825 0.0515 0.3984
6 0.0438 0.2727 0.4092 0.0928 0.1816
7 0.0834 0.1071 0.2034 0.1333 0.4727
8 0.1036 0.2524 0.0638 0.0283 0.5518
9 0.0988 0.2927 0.1146 0.2625 0.2316
10 0.0030 0.0059 0.0067 0.0046 0.9800
11 0.0109 0.0929 0.0196 0.0088 0.8677
12 0.0508 0.4744 0.0956 0.0320 0.3472
13 0.0307 0.4077 0.0547 0.0225 0.4844
14 0.0624 0.1462 0.0959 0.0701 0.6255
15 0.0104 0.0071 0.0114 0.0048 0.9663
16 0.0841 0.2114 0.0968 0.0332 0.5747
17 0.0581 0.2299 0.1103 0.0415 0.5601
18 0.0248 0.1157 0.0518 0.0108 0.7969
19 0.0342 0.2283 0.1021 0.0147 0.6206
20 0.0479 0.0596 0.0241 0.0192 0.8491
21 0.0327 0.0597 0.0259 0.0110 0.8706
22 0.1033 0.1798 0.0612 0.0380 0.6177
23 0.0564 0.2976 0.0820 0.0252 0.5391
24 0.0703 0.3857 0.1114 0.0219 0.4106
25 0.0870 0.5586 0.0817 0.0265 0.2460
26 0.0503 0.5537 0.0656 0.0202 0.3105
27 0.0631 0.5244 0.0767 0.0181 0.3179
28 0.0496 0.4631 0.0603 0.0371 0.3899
29 0.0495 0.5078 0.0767 0.0382 0.3279
30 0.0321 0.5347 0.0674 0.0361 0.3296
31 0.0357 0.3774 0.2634 0.2939 0.0293
32 0.0448 0.2766 0.3083 0.2898 0.0804
33 0.0581 0.0852 0.0533 0.0198 0.7837
34 0.0108 0.0249 0.0139 0.0027 0.9478
35 0.0255 0.0812 0.0213 0.0328 0.8394
36 0.0452 0.7700 0.0775 0.0603 0.0470
37 0.0431 0.1772 0.5459 0.1718 0.0622
38 0.0609 0.3677 0.3452 0.0776 0.1486
39 0.0272 0.4668 0.3579 0.0371 0.1109
40 0.0715 0.5493 0.0803 0.0737 0.2253
41 0.0224 0.5791 0.2610 0.0670 0.0708
42 0.0334 0.5566 0.2629 0.1030 0.0439
43 0.0493 0.6147 0.0648 0.0452 0.2261
44 0.0594 0.1705 0.0864 0.0647 0.6191
45 0.0160 0.1451 0.0293 0.0248 0.7847
46 0.0574 0.3408 0.3516 0.1912 0.0592
47 0.0704 0.1783 0.0465 0.1467 0.5581
48 0.0884 0.4597 0.1075 0.0805 0.2639
49 0.0319 0.4473 0.1204 0.2471 0.1533
50 0.0461 0.2490 0.0991 0.1105 0.4954
51 0.0926 0.3750 0.1306 0.0911 0.3108
52 0.0276 0.6836 0.1869 0.0709 0.0310
53 0.0630 0.2532 0.2341 0.2913 0.1584
54 0.0399 0.3040 0.2600 0.1843 0.2122
55 0.0559 0.5352 0.2030 0.0564 0.1497
56 0.0942 0.4392 0.0980 0.1201 0.2483
57 0.0540 0.0932 0.7803 0.0602 0.0122
58 0.0204 0.4612 0.2079 0.2842 0.0264
59 0.0621 0.2827 0.5122 0.0271 0.1160
60 0.0242 0.0563 0.5957 0.3088 0.0151
61 0.1215 0.0784 0.2959 0.1123 0.3921
62 0.0132 0.3462 0.1853 0.2100 0.2455
63 0.0699 0.3752 0.1719 0.1639 0.2189
64 0.0835 0.3030 0.2673 0.0910 0.2551
65 0.1279 0.6055 0.1920 0.0674 0.0075
66 0.0587 0.0714 0.7788 0.0748 0.0163
67 0.4575 0.2688 0.1353 0.1028 0.0356
68 0.0550 0.0415 0.5913 0.2465 0.0658
69 0.1586 0.2634 0.4114 0.1151 0.0515
70 0.1098 0.2117 0.4309 0.2052 0.0423
71 0.5825 0.0648 0.2280 0.0988 0.0260
72 0.0446 0.0601 0.1407 0.0938 0.6606
73 0.0290 0.0443 0.0659 0.0513 0.8096
74 0.4204 0.1177 0.1559 0.2651 0.0410
75 0.2299 0.3645 0.2427 0.1249 0.0381
76 0.0971 0.2347 0.1180 0.0647 0.4854
77 0.0304 0.2468 0.0475 0.0400 0.6353
78 0.0170 0.5459 0.0756 0.0380 0.3235
79 0.0215 0.0797 0.8438 0.0395 0.0155
80 0.0387 0.1460 0.0336 0.0517 0.7300
81 0.0378 0.1722 0.0329 0.0432 0.7139
82 0.0259 0.1565 0.0366 0.0346 0.7466
83 0.0327 0.0191 0.0067 0.0228 0.9185
84 0.0318 0.0819 0.1052 0.3240 0.4570
85 0.0251 0.0500 0.8584 0.0427 0.0240
86 0.0214 0.0629 0.0187 0.0286 0.8682
87 0.0457 0.1672 0.3174 0.2549 0.2147
88 0.0147 0.6001 0.2091 0.0541 0.1219
89 0.0632 0.4390 0.1666 0.0608 0.2705
90 0.1339 0.5342 0.1137 0.0219 0.1964
91 0.0698 0.3103 0.2573 0.2456 0.1169
92 0.0988 0.0769 0.1874 0.6143 0.0226
93 0.2957 0.4302 0.2339 0.0162 0.0239
94 0.0437 0.1989 0.1064 0.6221 0.0289
95 0.1356 0.1226 0.1675 0.1294 0.4448
96 0.0702 0.3098 0.1698 0.0587 0.3916
97 0.1482 0.4324 0.0442 0.0438 0.3315
98 0.1505 0.3965 0.0344 0.0313 0.3872
99 0.2410 0.5181 0.0680 0.0460 0.1270
100 0.0458 0.2136 0.5332 0.2039 0.0036
101 0.0759 0.4299 0.3374 0.1486 0.0082
102 0.0778 0.5156 0.2035 0.0602 0.1432
103 0.0673 0.3611 0.1963 0.0942 0.2812
104 0.1464 0.4509 0.2590 0.0483 0.0953
105 0.0840 0.2030 0.1021 0.1709 0.4399
106 0.0538 0.4719 0.3145 0.1281 0.0319
107 0.0773 0.5757 0.2534 0.0579 0.0354
108 0.0569 0.5933 0.2133 0.0946 0.0420
109 0.0087 0.5645 0.1981 0.2211 0.0078
110 0.0859 0.2158 0.0576 0.1543 0.4863
111 0.2571 0.2018 0.1177 0.3860 0.0376
112 0.2484 0.2408 0.1416 0.3267 0.0425
113 0.0743 0.0454 0.7109 0.1335 0.0359
114 0.0395 0.3416 0.3062 0.2898 0.0231
115 0.1384 0.1631 0.0542 0.3047 0.3398
116 0.0979 0.6045 0.1718 0.1066 0.0194
117 0.2722 0.2460 0.1256 0.3232 0.0328
118 0.1396 0.0707 0.1322 0.6406 0.0168
119 0.0270 0.5176 0.1044 0.3091 0.0418
120 0.0592 0.1273 0.0215 0.0119 0.7803
121 0.0755 0.2698 0.3521 0.1929 0.1099
122 0.0558 0.4285 0.2089 0.2725 0.0344
123 0.0298 0.1536 0.4729 0.3303 0.0134
124 0.0698 0.4661 0.3105 0.1315 0.0223
125 0.1428 0.1567 0.0826 0.1982 0.4197
126 0.0742 0.1766 0.6665 0.0681 0.0146
127 0.0116 0.0199 0.0051 0.0188 0.9443
128 0.0186 0.0529 0.0211 0.0050 0.9023
129 0.0456 0.1427 0.0893 0.0035 0.7188
130 0.0806 0.1761 0.1230 0.0054 0.6147
131 0.0347 0.2502 0.1760 0.0136 0.5254
132 0.0166 0.0983 0.0552 0.0064 0.8237
133 0.1901 0.3311 0.2854 0.1771 0.0166
134 0.0254 0.0293 0.5269 0.4102 0.0083
135 0.0486 0.0859 0.6450 0.2030 0.0173
136 0.1032 0.5806 0.2255 0.0656 0.0253
137 0.0555 0.0139 0.5967 0.3145 0.0196
138 0.1044 0.0173 0.5820 0.2583 0.0381
139 0.1318 0.0459 0.5215 0.2542 0.0466
140 0.0999 0.3652 0.4653 0.0560 0.0133
141 0.0081 0.3838 0.0699 0.5327 0.0053
142 0.1439 0.4004 0.1605 0.2795 0.0155
143 0.1895 0.4009 0.2629 0.1262 0.0204
144 0.1582 0.2231 0.2888 0.2375 0.0923
145 0.0245 0.0687 0.0234 0.0842 0.7993
146 0.1295 0.1650 0.1855 0.4851 0.0346
147 0.5244 0.1975 0.1198 0.0978 0.0607
148 0.0839 0.4360 0.0718 0.0550 0.3533
149 0.0026 0.3469 0.0647 0.5811 0.0047
150 0.0569 0.1896 0.0394 0.1022 0.6118
151 0.4297 0.1497 0.0929 0.3047 0.0231
152 0.0126 0.1379 0.8320 0.0139 0.0036
153 0.3872 0.1026 0.1267 0.3235 0.0598
154 0.0304 0.1350 0.0478 0.0097 0.7773
155 0.0282 0.1115 0.0518 0.6216 0.1866
156 0.0229 0.1870 0.0305 0.0197 0.7397
157 0.0187 0.0911 0.0253 0.0527 0.8120
158 0.0364 0.2487 0.0393 0.0456 0.6299
159 0.1768 0.3684 0.1225 0.1987 0.1334
160 0.1742 0.4736 0.0540 0.0962 0.2020
161 0.6567 0.2473 0.0391 0.0275 0.0293
162 0.6367 0.1958 0.0606 0.0726 0.0340
163 0.1650 0.2617 0.0721 0.4485 0.0527
164 0.0954 0.2869 0.1160 0.3408 0.1610
165 0.1188 0.4961 0.1675 0.0829 0.1346
166 0.1061 0.5264 0.1556 0.1907 0.0211
167 0.5991 0.2153 0.0386 0.0646 0.0823
168 0.1519 0.4465 0.1183 0.0623 0.2211
169 0.1622 0.2737 0.1007 0.0394 0.4241
170 0.0658 0.0739 0.0545 0.7070 0.0988
171 0.1881 0.2166 0.1334 0.3628 0.0992
172 0.0443 0.1986 0.0342 0.0565 0.6665
173 0.0897 0.1116 0.0856 0.2852 0.4280
174 0.1146 0.4861 0.1483 0.2058 0.0452
175 0.2686 0.1043 0.1393 0.4324 0.0554
176 0.0690 0.1372 0.0297 0.0729 0.6914
177 0.0682 0.1501 0.1082 0.0261 0.6475
178 0.0140 0.0559 0.0595 0.0092 0.8613
179 0.0867 0.3027 0.1242 0.1836 0.3027
180 0.0983 0.5073 0.1080 0.0999 0.1866
181 0.0349 0.7393 0.0779 0.0303 0.1179
182 0.6021 0.1365 0.0692 0.0578 0.1344
183 0.0699 0.1326 0.2401 0.5005 0.0570
184 0.0552 0.2307 0.0661 0.3518 0.2961
185 0.1123 0.2673 0.1047 0.0854 0.4304
186 0.1588 0.5293 0.2122 0.0278 0.0721
187 0.0431 0.7173 0.1743 0.0377 0.0278
188 0.0942 0.2725 0.1349 0.2260 0.2725
189 0.0854 0.4241 0.1323 0.1971 0.1609
190 0.0565 0.4963 0.1549 0.2438 0.0484
191 0.0319 0.6064 0.1510 0.1924 0.0180
192 0.0286 0.4541 0.1021 0.4006 0.0147
193 0.1109 0.5210 0.1277 0.1118 0.1287
194 0.0771 0.1398 0.0319 0.0687 0.6826
195 0.0762 0.1368 0.0317 0.0710 0.6841
196 0.0634 0.2142 0.0449 0.0813 0.5962
197 0.0864 0.1307 0.0627 0.0349 0.6851
198 0.0339 0.2013 0.0546 0.0133 0.6968
199 0.0231 0.1418 0.0382 0.0057 0.7910
200 0.1299 0.2881 0.2502 0.2542 0.0775
201 0.0721 0.2852 0.5410 0.0699 0.0320
202 0.0988 0.0572 0.3784 0.3967 0.0689
