time exciting_prob fearful_prob tense_prob sad_prob relaxing_prob
0 0.2037 0.2830 0.2496 0.2310 0.0327
1 0.4893 0.0545 0.0786 0.1075 0.2703
2 0.4341 0.0917 0.1187 0.0754 0.2803
3 0.4043 0.0766 0.1177 0.0961 0.3052
4 0.4968 0.0837 0.1189 0.0732 0.2274
5 0.2610 0.0426 0.0620 0.1765 0.4580
6 0.1768 0.0848 0.0946 0.2695 0.3743
7 0.2023 0.0673 0.1171 0.2639 0.3496
8 0.1338 0.1199 0.0825 0.2385 0.4253
9 0.1542 0.0906 0.1111 0.3420 0.3020
10 0.1578 0.1919 0.2406 0.2727 0.1371
11 0.2305 0.2251 0.2131 0.2396 0.0917
12 0.1271 0.2062 0.1792 0.2908 0.1968
13 0.1365 0.1866 0.1753 0.3828 0.1186
14 0.1597 0.0910 0.1754 0.4998 0.0743
15 0.0822 0.0902 0.0991 0.1122 0.6162
16 0.1307 0.1075 0.1227 0.2072 0.4319
17 0.2991 0.2991 0.1403 0.1267 0.1349
18 0.1113 0.2607 0.0526 0.0807 0.4946
19 0.1892 0.3823 0.1364 0.1029 0.1892
20 0.2460 0.2239 0.1827 0.1588 0.1886
21 0.1622 0.2632 0.2803 0.2115 0.0828
22 0.1120 0.4714 0.0886 0.0717 0.2563
23 0.1353 0.1261 0.1232 0.5186 0.0967
24 0.1170 0.1017 0.0970 0.5894 0.0947
25 0.2302 0.1793 0.1105 0.3796 0.1006
26 0.5269 0.0990 0.0555 0.2649 0.0534
27 0.2771 0.1846 0.0390 0.1904 0.3091
28 0.0467 0.0613 0.0899 0.5864 0.2157
29 0.0277 0.0587 0.0655 0.6616 0.1865
30 0.0318 0.0352 0.0739 0.8330 0.0260
31 0.0864 0.1564 0.2240 0.5049 0.0285
32 0.1113 0.2163 0.1821 0.3796 0.1105
33 0.1821 0.2450 0.1407 0.1793 0.2529
34 0.1132 0.4077 0.1781 0.0539 0.2472
35 0.3311 0.1423 0.1091 0.1638 0.2537
36 0.0914 0.2408 0.2125 0.3450 0.1102
37 0.1166 0.3025 0.1594 0.3428 0.0789
38 0.0182 0.0922 0.0922 0.7842 0.0132
39 0.0287 0.1100 0.0927 0.7407 0.0280
40 0.1097 0.1115 0.1896 0.4141 0.1753
41 0.1244 0.0917 0.0910 0.5532 0.1399
42 0.0680 0.0538 0.0497 0.6548 0.1736
43 0.0643 0.1279 0.1567 0.5645 0.0865
44 0.0747 0.2820 0.1497 0.2527 0.2411
45 0.0828 0.1726 0.4995 0.2217 0.0234
46 0.1172 0.1602 0.2009 0.1772 0.3445
47 0.1283 0.1022 0.0737 0.5034 0.1925
48 0.1437 0.1874 0.1298 0.3967 0.1426
49 0.1650 0.2023 0.3037 0.2257 0.1033
50 0.0605 0.1204 0.1671 0.4685 0.1835
51 0.0737 0.1431 0.1080 0.3770 0.2983
52 0.1093 0.1787 0.0884 0.4670 0.1565
53 0.1403 0.1577 0.1589 0.4028 0.1403
54 0.0814 0.0644 0.0526 0.3511 0.4507
55 0.0880 0.1096 0.0471 0.2527 0.5024
56 0.0820 0.0974 0.0439 0.4004 0.3762
57 0.1301 0.0834 0.0691 0.2842 0.4333
58 0.0759 0.0840 0.1332 0.6450 0.0619
59 0.1730 0.2153 0.1785 0.3083 0.1246
60 0.1205 0.0939 0.0356 0.1187 0.6313
61 0.1346 0.1367 0.0531 0.1305 0.5449
62 0.0283 0.3071 0.2467 0.3704 0.0475
63 0.0417 0.4080 0.2101 0.2554 0.0848
64 0.0140 0.1188 0.1265 0.7056 0.0351
65 0.0338 0.0268 0.0438 0.1719 0.7236
66 0.0847 0.2432 0.1533 0.2756 0.2432
67 0.1740 0.0854 0.0660 0.5400 0.1344
68 0.2639 0.0857 0.0598 0.4895 0.1010
69 0.2712 0.2590 0.1595 0.2844 0.0258
70 0.0566 0.5083 0.1842 0.2087 0.0421
71 0.3445 0.1075 0.3499 0.1719 0.0262
72 0.1749 0.1362 0.2076 0.4607 0.0204
73 0.2793 0.1111 0.1483 0.3999 0.0613
74 0.1814 0.1171 0.1246 0.5586 0.0184
75 0.0099 0.0936 0.0980 0.7959 0.0029
76 0.2896 0.2152 0.0773 0.3105 0.1074
77 0.2729 0.1483 0.3672 0.1655 0.0460
78 0.3765 0.2284 0.2776 0.0880 0.0295
79 0.1003 0.0467 0.0529 0.6968 0.1035
80 0.3923 0.1754 0.1927 0.1245 0.1151
81 0.2598 0.1492 0.1434 0.4351 0.0126
82 0.4233 0.2450 0.0286 0.2163 0.0867
83 0.2213 0.2820 0.0530 0.2842 0.1594
84 0.1847 0.2646 0.0497 0.2505 0.2505
85 0.0720 0.1097 0.0518 0.6118 0.1547
86 0.0551 0.0770 0.0209 0.4795 0.3677
87 0.0768 0.0657 0.0411 0.5171 0.2993
88 0.0886 0.1461 0.2410 0.2908 0.2335
89 0.1747 0.1239 0.2859 0.1554 0.2603
90 0.0926 0.0166 0.0156 0.0876 0.7876
91 0.3096 0.1045 0.0581 0.0776 0.4502
92 0.0789 0.2046 0.4468 0.2429 0.0268
93 0.0789 0.2998 0.4294 0.1532 0.0387
94 0.1830 0.2074 0.4124 0.1589 0.0384
95 0.0941 0.1873 0.4932 0.1100 0.1154
96 0.1406 0.2212 0.3320 0.2391 0.0670
97 0.0840 0.0815 0.4990 0.3027 0.0327
98 0.0815 0.1063 0.3540 0.4338 0.0243
99 0.0936 0.1566 0.6006 0.1299 0.0195
100 0.0962 0.1160 0.4050 0.3357 0.0469
101 0.0649 0.2607 0.4368 0.2301 0.0075
102 0.1142 0.1501 0.3130 0.3601 0.0626
103 0.2045 0.3242 0.2317 0.1763 0.0634
104 0.0645 0.1823 0.3301 0.4043 0.0191
105 0.0870 0.2808 0.3037 0.2766 0.0519
106 0.1091 0.3662 0.4021 0.0870 0.0357
107 0.1161 0.4050 0.3464 0.0970 0.0354
108 0.2620 0.2683 0.2173 0.1154 0.1370
109 0.1483 0.5220 0.1340 0.1044 0.0914
110 0.1923 0.5874 0.1343 0.0530 0.0329
111 0.0468 0.2081 0.4915 0.2358 0.0179
112 0.2734 0.2113 0.2113 0.1431 0.1608
113 0.1348 0.3132 0.1870 0.1152 0.2498
114 0.0604 0.5137 0.0668 0.2664 0.0928
115 0.1890 0.2749 0.1383 0.2974 0.1004
116 0.1025 0.4185 0.3362 0.1002 0.0428
117 0.1715 0.4380 0.2168 0.1422 0.0315
118 0.1643 0.0521 0.2212 0.3269 0.2355
119 0.0473 0.0338 0.0150 0.5625 0.3413
120 0.1899 0.2722 0.0850 0.1677 0.2852
121 0.0795 0.0846 0.0701 0.3120 0.4539
122 0.0751 0.0864 0.1163 0.2834 0.4390
123 0.0269 0.0164 0.0255 0.0340 0.8975
124 0.1472 0.3672 0.2245 0.1508 0.1103
125 0.1538 0.2037 0.2102 0.3865 0.0458
126 0.0734 0.2406 0.2224 0.3501 0.1136
127 0.1829 0.3015 0.2139 0.1678 0.1338
128 0.0794 0.6099 0.0872 0.1965 0.0270
129 0.1234 0.0748 0.2491 0.4172 0.1355
130 0.1799 0.2478 0.2808 0.2852 0.0063
131 0.1573 0.1489 0.0932 0.5449 0.0557
132 0.1050 0.0830 0.1033 0.6431 0.0657
133 0.1191 0.4155 0.2900 0.1615 0.0138
134 0.0962 0.0932 0.1188 0.6274 0.0646
135 0.1293 0.1971 0.1912 0.4241 0.0583
136 0.1681 0.3291 0.1138 0.2688 0.1202
137 0.1243 0.1334 0.2803 0.4409 0.0211
138 0.1699 0.1572 0.3740 0.2166 0.0822
139 0.0470 0.1110 0.2462 0.5815 0.0146
140 0.1932 0.1050 0.1257 0.5503 0.0255
141 0.1655 0.0826 0.0712 0.6343 0.0463
142 0.0282 0.0650 0.0946 0.8042 0.0078
143 0.2986 0.1687 0.1466 0.1573 0.2289
144 0.0599 0.2350 0.4458 0.0706 0.1888
145 0.0883 0.2101 0.3203 0.1958 0.1854
146 0.0670 0.1262 0.3325 0.3376 0.1365
147 0.1120 0.1174 0.2861 0.4431 0.0415
148 0.1104 0.1395 0.3914 0.3196 0.0391
149 0.0514 0.0809 0.3052 0.5273 0.0353
150 0.0580 0.1437 0.4639 0.3137 0.0207
151 0.1656 0.1406 0.4646 0.1643 0.0649
152 0.2346 0.1799 0.3691 0.1758 0.0405
153 0.1896 0.1672 0.3711 0.2114 0.0606
154 0.2252 0.1047 0.3657 0.1838 0.1205
155 0.0608 0.1843 0.5337 0.1577 0.0637
156 0.0927 0.0987 0.4636 0.2856 0.0594
157 0.0608 0.0858 0.5952 0.2480 0.0103
158 0.1124 0.0822 0.4307 0.3572 0.0176
159 0.0318 0.0501 0.0839 0.7959 0.0384
160 0.0547 0.0931 0.2268 0.5029 0.1223
161 0.0985 0.1000 0.2118 0.4485 0.1411
162 0.1265 0.0656 0.3032 0.4412 0.0635
163 0.0676 0.0578 0.5234 0.3125 0.0385
164 0.0559 0.0422 0.4263 0.4683 0.0073
165 0.0245 0.1141 0.2454 0.5981 0.0181
166 0.0291 0.0863 0.1564 0.7114 0.0166
167 0.0745 0.2172 0.5210 0.1731 0.0144
168 0.0421 0.1887 0.3723 0.3782 0.0187
169 0.0168 0.1835 0.6016 0.1953 0.0027
170 0.1694 0.2177 0.2013 0.2666 0.1450
171 0.1211 0.1761 0.2059 0.3848 0.1120
172 0.1183 0.1890 0.2175 0.3530 0.1220
173 0.0677 0.3281 0.2401 0.3335 0.0305
174 0.0919 0.3809 0.2832 0.2137 0.0303
175 0.1276 0.1771 0.1379 0.4966 0.0607
176 0.1234 0.1970 0.2377 0.4172 0.0247
177 0.2610 0.0784 0.2822 0.3101 0.0681
178 0.0594 0.2502 0.2542 0.2747 0.1615
179 0.1166 0.1241 0.3374 0.3762 0.0457
180 0.1350 0.1874 0.3967 0.2561 0.0250
181 0.1122 0.1583 0.4236 0.2651 0.0406
182 0.1054 0.1396 0.3857 0.3350 0.0342
183 0.1481 0.1171 0.3782 0.3135 0.0431
184 0.3687 0.1024 0.1334 0.3408 0.0548
185 0.2642 0.2520 0.2900 0.1381 0.0558
186 0.1626 0.2120 0.1576 0.4490 0.0190
187 0.0724 0.3098 0.2063 0.4041 0.0075
188 0.2913 0.1123 0.1534 0.4043 0.0385
189 0.1927 0.1573 0.2437 0.3923 0.0140
190 0.0839 0.2817 0.2795 0.3269 0.0279
191 0.0471 0.4163 0.3972 0.1351 0.0042
192 0.1498 0.1953 0.1953 0.4473 0.0124
193 0.0529 0.1906 0.2773 0.4431 0.0361
194 0.0122 0.2115 0.1896 0.5840 0.0025
195 0.0658 0.1578 0.2727 0.4863 0.0173
196 0.0844 0.1034 0.3552 0.4153 0.0418
197 0.0388 0.1498 0.2394 0.5566 0.0154
198 0.0117 0.1174 0.2859 0.5776 0.0074
199 0.0429 0.1520 0.3535 0.4399 0.0117
200 0.0315 0.1116 0.6221 0.2253 0.0093
201 0.0197 0.1674 0.4917 0.3079 0.0134
202 0.0276 0.2389 0.4258 0.2793 0.0285
203 0.0187 0.2408 0.4033 0.3091 0.0281
204 0.3728 0.2058 0.1155 0.1802 0.1259
205 0.3628 0.2825 0.1525 0.1443 0.0579
206 0.3098 0.1908 0.1533 0.3147 0.0314
207 0.0206 0.0607 0.1305 0.1048 0.6836
208 0.0706 0.0613 0.0695 0.1076 0.6909
209 0.0271 0.0379 0.0324 0.3540 0.5483
210 0.0217 0.0537 0.0838 0.5015 0.3394
211 0.0358 0.0425 0.1532 0.6152 0.1532
212 0.0386 0.1016 0.1152 0.2363 0.5083
213 0.0348 0.0753 0.1697 0.2213 0.4988
214 0.0281 0.0865 0.0936 0.0893 0.7026
215 0.0544 0.0993 0.1025 0.3748 0.3689
216 0.0226 0.0713 0.0916 0.4199 0.3945
217 0.0624 0.0551 0.2391 0.3269 0.3167
218 0.0543 0.0802 0.2357 0.3027 0.3271
219 0.0660 0.1661 0.3516 0.0961 0.3201
220 0.0659 0.1969 0.2230 0.1464 0.3679
221 0.0881 0.1807 0.4688 0.1030 0.1594
222 0.0621 0.1610 0.5117 0.1489 0.1160
223 0.0809 0.2303 0.4727 0.1333 0.0828
224 0.1355 0.2612 0.1823 0.3052 0.1158
225 0.0486 0.2177 0.1111 0.5059 0.1165
226 0.0875 0.1420 0.2866 0.2571 0.2268
227 0.1611 0.1914 0.2135 0.3806 0.0532
228 0.2037 0.2830 0.2496 0.2310 0.0327
229 0.2037 0.2830 0.2496 0.2310 0.0327
230 0.2037 0.2830 0.2496 0.2310 0.0327
