time exciting_prob fearful_prob tense_prob sad_prob relaxing_prob
0 0.2037 0.2830 0.2496 0.2310 0.0327
1 0.2037 0.2830 0.2496 0.2310 0.0327
2 0.2037 0.2830 0.2496 0.2310 0.0327
3 0.2037 0.2830 0.2496 0.2310 0.0327
4 0.1074 0.1143 0.3926 0.3521 0.0338
5 0.0789 0.1406 0.2627 0.4756 0.0422
6 0.1586 0.2961 0.2456 0.2698 0.0298
7 0.0819 0.2563 0.1173 0.4939 0.0505
8 0.0773 0.2917 0.0641 0.5454 0.0215
9 0.1262 0.4546 0.0601 0.3125 0.0468
10 0.1532 0.6055 0.0770 0.1331 0.0311
11 0.0666 0.6938 0.0869 0.1324 0.0205
12 0.0753 0.5737 0.0680 0.2355 0.0475
13 0.1068 0.5508 0.0689 0.2295 0.0442
14 0.0714 0.5273 0.0551 0.2375 0.1088
15 0.0939 0.4771 0.0503 0.2893 0.0896
16 0.0695 0.6802 0.0459 0.1146 0.0899
17 0.0667 0.6685 0.0360 0.1492 0.0798
18 0.1057 0.3105 0.2238 0.2457 0.1143
19 0.1074 0.4246 0.2576 0.1400 0.0704
20 0.0939 0.4551 0.2325 0.1245 0.0939
21 0.1888 0.2313 0.0585 0.3936 0.1278
22 0.1519 0.4790 0.0595 0.1818 0.1279
23 0.1434 0.3960 0.1227 0.2328 0.1049
24 0.1377 0.4658 0.1377 0.1610 0.0977
25 0.2037 0.2830 0.2496 0.2310 0.0327
26 0.1009 0.2310 0.3809 0.2617 0.0255
27 0.0883 0.3228 0.1265 0.3716 0.0911
28 0.0370 0.5786 0.0219 0.0168 0.3455
29 0.0539 0.5796 0.0241 0.0170 0.3252
30 0.0549 0.6694 0.0199 0.0057 0.2502
31 0.0679 0.6445 0.0196 0.0270 0.2408
32 0.0738 0.5581 0.0243 0.0305 0.3132
33 0.0775 0.3289 0.0541 0.0533 0.4861
34 0.0331 0.3286 0.1392 0.3337 0.1653
35 0.1780 0.0731 0.1262 0.5229 0.0998
36 0.1857 0.2170 0.1886 0.3992 0.0097
37 0.1941 0.6724 0.0487 0.0616 0.0234
38 0.2288 0.1987 0.0518 0.4844 0.0362
39 0.2355 0.4719 0.0846 0.1709 0.0370
40 0.1469 0.0919 0.0272 0.7173 0.0166
41 0.1544 0.3320 0.0555 0.4199 0.0381
42 0.3208 0.1009 0.1930 0.3577 0.0276
43 0.2512 0.3831 0.1159 0.2360 0.0140
44 0.1855 0.0631 0.0963 0.6377 0.0175
45 0.0601 0.1511 0.2532 0.4043 0.1313
46 0.1917 0.1237 0.1614 0.3062 0.2172
47 0.0797 0.0540 0.1882 0.5981 0.0797
48 0.1189 0.1613 0.0477 0.5005 0.1716
49 0.1350 0.2859 0.0668 0.3816 0.1309
50 0.0891 0.4968 0.1266 0.0617 0.2257
51 0.2078 0.4197 0.0281 0.0151 0.3293
52 0.1743 0.3440 0.0197 0.0202 0.4417
53 0.0894 0.0958 0.0272 0.0795 0.7080
54 0.0775 0.0705 0.0905 0.4456 0.3159
55 0.0977 0.6885 0.0671 0.1355 0.0113
56 0.0555 0.2126 0.1682 0.5518 0.0120
57 0.1475 0.6455 0.0339 0.0460 0.1271
58 0.1044 0.6704 0.0272 0.1833 0.0146
59 0.0831 0.7891 0.0172 0.0418 0.0689
60 0.0846 0.8608 0.0173 0.0058 0.0314
61 0.0713 0.7783 0.0214 0.0217 0.1070
62 0.0648 0.5596 0.0668 0.1654 0.1437
63 0.0650 0.5703 0.0983 0.2303 0.0362
64 0.0778 0.6611 0.0999 0.1431 0.0180
65 0.0910 0.6729 0.1548 0.0656 0.0159
66 0.0370 0.8169 0.1038 0.0288 0.0136
67 0.0780 0.3442 0.0571 0.4854 0.0354
68 0.1171 0.3606 0.1033 0.3962 0.0227
69 0.0953 0.2551 0.1896 0.3125 0.1476
70 0.0809 0.2067 0.2166 0.3684 0.1273
71 0.2600 0.1932 0.1553 0.2522 0.1392
72 0.0513 0.7085 0.1439 0.0770 0.0193
73 0.1385 0.1895 0.1475 0.3650 0.1594
74 0.1411 0.1599 0.1869 0.3547 0.1573
75 0.1523 0.1837 0.0968 0.5400 0.0271
76 0.1327 0.4153 0.1066 0.3037 0.0417
77 0.1658 0.2607 0.0833 0.4575 0.0326
78 0.0828 0.3486 0.1672 0.1726 0.2286
79 0.1254 0.1234 0.0961 0.4729 0.1824
80 0.0149 0.0316 0.0086 0.0512 0.8936
81 0.0087 0.0315 0.0092 0.0458 0.9048
82 0.0097 0.0279 0.0079 0.0860 0.8687
83 0.0110 0.0325 0.0080 0.1115 0.8369
84 0.0083 0.0243 0.0063 0.0903 0.8706
85 0.4146 0.3081 0.0779 0.1573 0.0420
86 0.0939 0.1388 0.2593 0.4080 0.1000
87 0.1147 0.1921 0.1450 0.4260 0.1221
88 0.0310 0.5005 0.1326 0.2054 0.1305
89 0.0227 0.2150 0.0561 0.2983 0.4080
90 0.0557 0.3108 0.1125 0.2006 0.3206
91 0.0488 0.3782 0.1370 0.2520 0.1843
92 0.1039 0.2003 0.1399 0.1512 0.4048
93 0.0662 0.3362 0.1827 0.1492 0.2659
94 0.0459 0.5864 0.1288 0.0972 0.1415
95 0.1188 0.2698 0.3384 0.1974 0.0755
96 0.0927 0.3184 0.3086 0.1842 0.0963
97 0.0714 0.3052 0.3052 0.2097 0.1088
98 0.0167 0.0231 0.0108 0.3145 0.6353
99 0.0179 0.0197 0.0116 0.4346 0.5161
100 0.0136 0.0244 0.0075 0.5146 0.4399
101 0.0205 0.0552 0.0089 0.2937 0.6216
102 0.0190 0.1057 0.0113 0.2168 0.6475
103 0.0180 0.1228 0.0188 0.4563 0.3843
104 0.0163 0.1571 0.0081 0.1031 0.7153
105 0.1137 0.1818 0.3787 0.2996 0.0262
106 0.0410 0.5239 0.1501 0.2151 0.0698
107 0.0590 0.2905 0.1906 0.2372 0.2228
108 0.0951 0.1696 0.1669 0.3218 0.2467
109 0.1173 0.2333 0.1788 0.2771 0.1935
110 0.1168 0.2148 0.1621 0.2847 0.2217
111 0.1885 0.3206 0.0933 0.1400 0.2576
112 0.1250 0.1709 0.0529 0.1331 0.5181
113 0.1018 0.3040 0.1018 0.4089 0.0837
114 0.0901 0.4299 0.2063 0.1849 0.0887
115 0.1294 0.4209 0.3833 0.0539 0.0124
116 0.2361 0.4309 0.1958 0.0588 0.0785
117 0.1528 0.5503 0.1191 0.0603 0.1172
118 0.1702 0.5449 0.1116 0.0588 0.1143
119 0.0192 0.6733 0.1116 0.1049 0.0911
120 0.0200 0.6465 0.1080 0.1123 0.1132
121 0.0222 0.7222 0.0579 0.0575 0.1400
122 0.0136 0.1605 0.0111 0.0246 0.7900
123 0.0154 0.1577 0.0059 0.0075 0.8135
124 0.3308 0.1600 0.0408 0.3899 0.0786
125 0.0893 0.0268 0.1891 0.3069 0.3879
126 0.0805 0.0428 0.1504 0.4932 0.2330
127 0.0795 0.0639 0.1877 0.4722 0.1968
128 0.0861 0.0556 0.2268 0.4656 0.1660
129 0.0718 0.0865 0.1111 0.6597 0.0706
130 0.1326 0.0773 0.0616 0.6323 0.0962
131 0.1054 0.0530 0.0975 0.6665 0.0778
132 0.2246 0.2318 0.1184 0.0826 0.3425
133 0.2434 0.1926 0.1432 0.1957 0.2252
134 0.2179 0.1923 0.0394 0.3428 0.2079
135 0.4092 0.1719 0.0405 0.1182 0.2600
136 0.3232 0.3579 0.0528 0.0349 0.2311
137 0.2969 0.2788 0.1010 0.1947 0.1287
138 0.3882 0.1013 0.1078 0.2710 0.1321
139 0.1785 0.1479 0.1170 0.4775 0.0792
140 0.2412 0.1375 0.1332 0.4041 0.0840
141 0.2279 0.1426 0.1495 0.4326 0.0474
142 0.0524 0.0891 0.1470 0.6587 0.0528
143 0.3254 0.2134 0.0693 0.2307 0.1611
144 0.1289 0.3342 0.2059 0.2949 0.0358
145 0.2136 0.1492 0.1445 0.3870 0.1058
146 0.2489 0.2549 0.1022 0.2017 0.1924
147 0.0808 0.1969 0.1213 0.0982 0.5029
148 0.1542 0.7295 0.0276 0.0080 0.0806
149 0.1156 0.7251 0.0384 0.0133 0.1077
150 0.1143 0.1368 0.0632 0.6230 0.0627
151 0.2354 0.2281 0.2544 0.1520 0.1300
152 0.2456 0.0848 0.0451 0.3462 0.2783
153 0.1742 0.4211 0.0842 0.2400 0.0804
154 0.2211 0.2505 0.1472 0.2839 0.0974
155 0.3911 0.0546 0.0712 0.3562 0.1270
156 0.3628 0.2200 0.1080 0.2379 0.0714
157 0.4248 0.2764 0.1152 0.1049 0.0786
158 0.4128 0.0638 0.1405 0.3318 0.0513
159 0.1697 0.2489 0.0724 0.3977 0.1113
160 0.0463 0.3474 0.1259 0.1164 0.3640
161 0.1196 0.4109 0.1293 0.2067 0.1334
162 0.1840 0.4771 0.1073 0.1573 0.0743
163 0.1486 0.5435 0.0084 0.0217 0.2776
164 0.0770 0.3345 0.0262 0.4067 0.1555
165 0.1066 0.3308 0.0188 0.3037 0.2401
166 0.1035 0.3667 0.0287 0.3018 0.1993
167 0.0927 0.2122 0.0396 0.5132 0.1425
168 0.1324 0.4412 0.1048 0.1714 0.1501
169 0.1038 0.4167 0.1213 0.3098 0.0482
170 0.1204 0.5479 0.1054 0.1752 0.0510
171 0.1639 0.4670 0.1381 0.1199 0.1110
172 0.1818 0.2297 0.1102 0.2484 0.2297
173 0.2013 0.2883 0.1103 0.1891 0.2109
174 0.1785 0.2830 0.0941 0.1743 0.2700
175 0.0826 0.3972 0.2300 0.1709 0.1193
176 0.1694 0.5957 0.0845 0.0131 0.1372
177 0.1675 0.2783 0.0345 0.0315 0.4883
178 0.2959 0.4478 0.0376 0.0170 0.2018
179 0.3352 0.2913 0.0317 0.0171 0.3250
180 0.2891 0.3198 0.0255 0.0332 0.3325
181 0.2277 0.2500 0.0331 0.0150 0.4744
182 0.1746 0.3113 0.0352 0.0571 0.4219
183 0.1487 0.4072 0.0364 0.0453 0.3623
184 0.0917 0.0698 0.0223 0.1489 0.6675
185 0.1777 0.1968 0.0290 0.0534 0.5430
186 0.1071 0.4268 0.0530 0.1440 0.2690
187 0.0947 0.2556 0.0251 0.0836 0.5410
188 0.1105 0.2910 0.0216 0.0854 0.4915
189 0.1055 0.3542 0.0903 0.1866 0.2632
190 0.0823 0.5244 0.0593 0.0883 0.2457
191 0.0773 0.3894 0.0401 0.1216 0.3716
192 0.0459 0.3037 0.0699 0.2024 0.3782
193 0.0442 0.3420 0.0995 0.1980 0.3164
194 0.1214 0.1420 0.1140 0.5029 0.1195
195 0.2874 0.5806 0.0149 0.1161 0.0010
196 0.2874 0.5806 0.0149 0.1161 0.0010
197 0.9443 0.0387 0.0073 0.0033 0.0064
198 0.9448 0.0381 0.0073 0.0033 0.0064
199 0.9146 0.0466 0.0378 0.0007 0.0006
200 0.9146 0.0528 0.0316 0.0006 0.0005
