time exciting_prob fearful_prob tense_prob sad_prob relaxing_prob
0 0.1987 0.2847 0.2512 0.2323 0.0330
1 0.0531 0.1376 0.0324 0.0211 0.7559
2 0.0603 0.1886 0.0249 0.0363 0.6899
3 0.0516 0.2224 0.0236 0.0787 0.6235
4 0.0774 0.3496 0.5166 0.0202 0.0363
5 0.0274 0.5059 0.4463 0.0084 0.0123
6 0.2095 0.4331 0.1005 0.0847 0.1722
7 0.1080 0.5068 0.1354 0.0175 0.2322
8 0.0945 0.5073 0.1823 0.0295 0.1865
9 0.0919 0.3994 0.2620 0.0492 0.1976
10 0.0588 0.1503 0.3604 0.3718 0.0588
11 0.1887 0.4529 0.1541 0.1482 0.0562
12 0.0994 0.6899 0.1257 0.0678 0.0170
13 0.1208 0.5903 0.1504 0.0222 0.1162
14 0.0817 0.7109 0.1561 0.0071 0.0441
15 0.0535 0.0984 0.2634 0.5664 0.0182
16 0.0970 0.0300 0.0380 0.8252 0.0100
17 0.0749 0.3179 0.1466 0.0124 0.4482
18 0.0718 0.2712 0.1194 0.0107 0.5269
19 0.0214 0.0966 0.0189 0.0019 0.8613
20 0.0174 0.0452 0.0074 0.0007 0.9292
21 0.3364 0.2349 0.1144 0.0106 0.3040
22 0.1354 0.2776 0.3948 0.0116 0.1807
23 0.2196 0.2430 0.1130 0.0108 0.4136
24 0.3674 0.0974 0.1967 0.2524 0.0859
25 0.1113 0.1487 0.1429 0.5610 0.0359
26 0.0805 0.3040 0.2367 0.1873 0.1917
27 0.0832 0.4160 0.3789 0.1102 0.0116
28 0.0280 0.2102 0.1611 0.5894 0.0112
29 0.3508 0.0742 0.1251 0.2649 0.1849
30 0.3628 0.3862 0.1151 0.0220 0.1141
31 0.4431 0.1763 0.1340 0.0390 0.2076
32 0.3206 0.1650 0.1550 0.0259 0.3335
33 0.1476 0.0803 0.0725 0.6670 0.0327
34 0.0681 0.0555 0.1793 0.6875 0.0097
35 0.1444 0.4626 0.2495 0.0036 0.1400
36 0.1964 0.1119 0.0168 0.0306 0.6440
37 0.1514 0.0856 0.4663 0.0993 0.1974
38 0.1288 0.1934 0.5596 0.0150 0.1035
39 0.0095 0.1688 0.1512 0.6572 0.0132
40 0.0322 0.1444 0.3154 0.4963 0.0114
41 0.0847 0.6353 0.1937 0.0654 0.0211
42 0.2761 0.0423 0.1897 0.4209 0.0709
43 0.4246 0.1116 0.0947 0.0114 0.3577
44 0.1714 0.3955 0.3176 0.0073 0.1081
45 0.1283 0.4275 0.3628 0.0060 0.0754
46 0.2454 0.2269 0.3201 0.0089 0.1987
47 0.2522 0.0818 0.2561 0.3726 0.0372
48 0.1305 0.5537 0.1537 0.0454 0.1169
49 0.2240 0.5293 0.1327 0.0528 0.0612
50 0.1031 0.3381 0.2183 0.3127 0.0280
51 0.1455 0.1755 0.3281 0.3333 0.0177
52 0.4753 0.1449 0.2043 0.0174 0.1580
53 0.5566 0.0880 0.1451 0.0057 0.2047
54 0.3977 0.3914 0.1130 0.0226 0.0753
55 0.1188 0.2185 0.2515 0.3333 0.0779
56 0.0643 0.7188 0.1506 0.0384 0.0281
57 0.1882 0.3303 0.1244 0.0026 0.3545
58 0.6411 0.0719 0.0650 0.0023 0.2198
59 0.4893 0.0934 0.1058 0.0079 0.3037
60 0.1107 0.7109 0.0715 0.0677 0.0392
61 0.6421 0.2134 0.1216 0.0051 0.0179
62 0.3176 0.1912 0.4341 0.0298 0.0275
63 0.0065 0.6426 0.3494 0.0013 0.0004
64 0.0472 0.6943 0.2437 0.0071 0.0077
65 0.1829 0.4285 0.2876 0.0200 0.0811
66 0.1858 0.1277 0.5591 0.0016 0.1257
67 0.1134 0.2308 0.4812 0.0084 0.1663
68 0.0800 0.3240 0.4568 0.0051 0.1340
69 0.1105 0.2649 0.5879 0.0106 0.0260
70 0.0974 0.3169 0.5474 0.0054 0.0329
71 0.2201 0.2150 0.1675 0.0111 0.3862
72 0.3032 0.1741 0.3330 0.0016 0.1882
73 0.4548 0.1536 0.3406 0.0221 0.0291
74 0.2839 0.0718 0.3120 0.2688 0.0634
75 0.6538 0.1528 0.1678 0.0064 0.0193
76 0.4077 0.3655 0.1700 0.0265 0.0302
77 0.0952 0.5654 0.2776 0.0226 0.0391
78 0.3376 0.3274 0.2588 0.0394 0.0367
79 0.1729 0.5493 0.2419 0.0092 0.0265
80 0.1561 0.7505 0.0732 0.0057 0.0144
81 0.2291 0.1246 0.2007 0.1017 0.3440
82 0.4866 0.2335 0.1372 0.0065 0.1362
83 0.1843 0.0870 0.1190 0.3499 0.2600
84 0.2054 0.1306 0.2988 0.3335 0.0315
85 0.2922 0.2460 0.0232 0.0102 0.4285
86 0.3586 0.2109 0.0290 0.0369 0.3645
87 0.0711 0.2106 0.0128 0.0042 0.7012
88 0.3875 0.2042 0.2107 0.0435 0.1542
89 0.0761 0.6274 0.1974 0.0117 0.0876
90 0.1533 0.1322 0.0860 0.0175 0.6108
91 0.1993 0.2461 0.4121 0.0381 0.1042
92 0.1686 0.1910 0.1583 0.4238 0.0583
93 0.1678 0.5171 0.1288 0.0663 0.1200
94 0.0374 0.3389 0.4421 0.0844 0.0971
95 0.4163 0.4644 0.0839 0.0051 0.0306
96 0.4138 0.2233 0.2233 0.0172 0.1223
97 0.4163 0.2076 0.2076 0.0393 0.1289
98 0.2729 0.0228 0.1138 0.1935 0.3970
99 0.2313 0.0995 0.1615 0.2107 0.2971
100 0.1062 0.1724 0.1671 0.4910 0.0634
101 0.4700 0.1798 0.2874 0.0177 0.0454
102 0.3860 0.3301 0.2181 0.0066 0.0592
103 0.6909 0.1360 0.1119 0.0301 0.0313
104 0.5933 0.1699 0.2200 0.0014 0.0153
105 0.4878 0.2869 0.1881 0.0027 0.0345
106 0.6685 0.0756 0.2402 0.0015 0.0141
107 0.2139 0.0642 0.4819 0.2104 0.0296
108 0.1842 0.2808 0.4629 0.0508 0.0213
109 0.3750 0.1614 0.1664 0.1227 0.1744
110 0.1410 0.3660 0.3745 0.0282 0.0903
111 0.0750 0.5371 0.2188 0.0891 0.0798
112 0.2386 0.1381 0.2925 0.2971 0.0338
113 0.1713 0.3201 0.3982 0.0917 0.0188
114 0.4255 0.3420 0.2140 0.0038 0.0145
115 0.3816 0.2191 0.1460 0.2174 0.0358
116 0.4404 0.0340 0.0861 0.4138 0.0258
117 0.6714 0.1620 0.0681 0.0089 0.0895
118 0.1780 0.0765 0.2017 0.4009 0.1429
119 0.0402 0.1470 0.3064 0.4973 0.0090
120 0.0054 0.2800 0.0923 0.6211 0.0011
121 0.2676 0.2083 0.1700 0.3408 0.0134
122 0.2109 0.1373 0.6250 0.0077 0.0190
123 0.1770 0.0933 0.3521 0.2964 0.0811
124 0.1193 0.2144 0.5308 0.0789 0.0568
125 0.1504 0.0971 0.0722 0.0567 0.6235
126 0.1432 0.2361 0.0760 0.0166 0.5278
127 0.0661 0.0925 0.0145 0.0026 0.8242
128 0.0754 0.5483 0.3123 0.0135 0.0506
129 0.4133 0.0887 0.3882 0.0204 0.0894
130 0.1769 0.1661 0.1346 0.0023 0.5200
131 0.5234 0.2251 0.2081 0.0107 0.0327
132 0.2588 0.1429 0.4761 0.1038 0.0185
133 0.2507 0.1820 0.4399 0.1184 0.0091
134 0.3965 0.2810 0.2294 0.0699 0.0231
135 0.2729 0.2505 0.4260 0.0112 0.0396
136 0.1687 0.3743 0.4446 0.0030 0.0093
137 0.3230 0.3206 0.3467 0.0025 0.0074
138 0.1039 0.0243 0.1881 0.6265 0.0574
139 0.1780 0.1909 0.3223 0.0200 0.2888
140 0.1148 0.0873 0.3000 0.0145 0.4834
141 0.1364 0.1185 0.4543 0.2588 0.0319
142 0.3018 0.2971 0.3696 0.0071 0.0244
143 0.7070 0.1615 0.0898 0.0013 0.0405
144 0.2229 0.4502 0.3047 0.0082 0.0142
145 0.5210 0.1946 0.2008 0.0553 0.0285
146 0.4529 0.3445 0.1719 0.0038 0.0270
147 0.2529 0.4072 0.3274 0.0018 0.0107
148 0.4871 0.4070 0.0908 0.0012 0.0139
149 0.0872 0.5342 0.3672 0.0090 0.0021
150 0.4626 0.4448 0.0688 0.0091 0.0146
151 0.6021 0.1282 0.2357 0.0089 0.0250
152 0.2673 0.3250 0.3433 0.0091 0.0556
153 0.5225 0.2861 0.1722 0.0092 0.0099
154 0.3235 0.3965 0.2520 0.0039 0.0242
155 0.2544 0.5557 0.0900 0.0058 0.0943
156 0.2781 0.3354 0.3008 0.0714 0.0144
157 0.1364 0.4399 0.2690 0.0517 0.1029
158 0.1353 0.0724 0.1353 0.6060 0.0513
159 0.1294 0.2379 0.2825 0.3054 0.0447
160 0.2512 0.1000 0.2117 0.3955 0.0417
161 0.5464 0.3186 0.0831 0.0014 0.0508
162 0.4790 0.0845 0.3093 0.1020 0.0254
163 0.0216 0.0396 0.0115 0.0319 0.8955
164 0.0441 0.1945 0.0792 0.1855 0.4966
165 0.0144 0.0408 0.0118 0.0331 0.8999
166 0.0140 0.0068 0.0044 0.0040 0.9707
167 0.0082 0.0024 0.0027 0.0260 0.9609
168 0.0375 0.5098 0.1708 0.1847 0.0973
169 0.0663 0.2175 0.2749 0.3757 0.0653
170 0.1232 0.0582 0.1292 0.6558 0.0337
171 0.4045 0.2532 0.1912 0.0527 0.0984
172 0.3843 0.2856 0.1963 0.0512 0.0825
173 0.0356 0.8223 0.1166 0.0239 0.0016
174 0.0457 0.5566 0.1752 0.2179 0.0048
175 0.0458 0.6938 0.2324 0.0158 0.0122
176 0.0508 0.6392 0.0787 0.2042 0.0270
177 0.0551 0.3174 0.3174 0.1986 0.1114
178 0.2607 0.0629 0.1793 0.4797 0.0172
179 0.2073 0.0642 0.1298 0.5811 0.0175
180 0.0423 0.0394 0.0113 0.0309 0.8760
181 0.2786 0.0421 0.0963 0.4385 0.1445
182 0.0853 0.0696 0.1451 0.6606 0.0391
183 0.1511 0.0475 0.1376 0.3857 0.2778
184 0.5220 0.1544 0.1165 0.0087 0.1982
185 0.3916 0.1087 0.2527 0.1582 0.0887
186 0.3481 0.3220 0.2014 0.0419 0.0867
187 0.1395 0.3618 0.1086 0.2527 0.1373
188 0.0348 0.1008 0.0592 0.3464 0.4587
189 0.1530 0.1415 0.5015 0.1733 0.0308
190 0.0477 0.3750 0.0496 0.0608 0.4668
191 0.0363 0.0336 0.0431 0.0069 0.8799
192 0.1339 0.0187 0.2705 0.5464 0.0308
193 0.0556 0.1196 0.3984 0.4177 0.0086
194 0.1492 0.0500 0.1025 0.6582 0.0405
195 0.3979 0.2231 0.1608 0.0443 0.1738
196 0.2830 0.0773 0.1514 0.4590 0.0293
197 0.0458 0.0216 0.0230 0.0320 0.8774
198 0.4265 0.1644 0.2710 0.1005 0.0376
199 0.2131 0.1123 0.2416 0.3982 0.0348
200 0.4451 0.1295 0.1885 0.1492 0.0876
201 0.5767 0.0617 0.1626 0.0377 0.1614
202 0.8320 0.0744 0.0768 0.0036 0.0132
203 0.7222 0.1599 0.0940 0.0038 0.0203
204 0.7202 0.0518 0.0998 0.0233 0.1046
205 0.6899 0.1447 0.1218 0.0070 0.0363
206 0.9199 0.0377 0.0192 0.0022 0.0211
207 0.1298 0.1693 0.3936 0.2388 0.0684
208 0.6489 0.1288 0.1667 0.0045 0.0508
209 0.5605 0.3167 0.0886 0.0050 0.0292
210 0.7983 0.1072 0.0692 0.0025 0.0230
211 0.8276 0.0478 0.0679 0.0033 0.0533
212 0.4656 0.2378 0.2415 0.0065 0.0487
213 0.7593 0.0832 0.1270 0.0037 0.0268
214 0.4255 0.2683 0.2769 0.0077 0.0217
215 0.4626 0.3057 0.1676 0.0075 0.0565
216 0.1129 0.7300 0.1278 0.0070 0.0222
217 0.7100 0.1420 0.1420 0.0039 0.0024
218 0.5854 0.2479 0.1588 0.0043 0.0035
219 0.1192 0.1483 0.5513 0.1580 0.0233
220 0.6216 0.1957 0.1387 0.0023 0.0417
221 0.7651 0.1259 0.0872 0.0015 0.0204
222 0.3625 0.3918 0.2198 0.0047 0.0211
223 0.3528 0.1802 0.3262 0.0899 0.0508
224 0.3821 0.4067 0.1342 0.0226 0.0542
225 0.6362 0.1547 0.0725 0.1038 0.0329
226 0.4695 0.2397 0.1410 0.1283 0.0215
227 0.1987 0.2847 0.2512 0.2323 0.0330
228 0.1987 0.2847 0.2512 0.2323 0.0330
