time exciting_prob fearful_prob tense_prob sad_prob relaxing_prob
0 0.2029 0.2861 0.2485 0.2299 0.0326
1 0.0184 0.3555 0.0274 0.2993 0.2993
2 0.0129 0.1378 0.0427 0.4810 0.3254
3 0.0093 0.1116 0.0488 0.5669 0.2637
4 0.0184 0.0087 0.0155 0.3306 0.6270
5 0.0067 0.0019 0.0094 0.0055 0.9766
6 0.0063 0.0024 0.0057 0.0021 0.9834
7 0.0036 0.0014 0.0068 0.0036 0.9849
8 0.0037 0.0020 0.0060 0.0025 0.9858
9 0.0049 0.0020 0.0055 0.0015 0.9858
10 0.0119 0.0903 0.1056 0.1142 0.6777
11 0.0084 0.1261 0.1521 0.1570 0.5566
12 0.0095 0.2505 0.1804 0.2280 0.3318
13 0.0130 0.0902 0.1442 0.2651 0.4875
14 0.0213 0.0121 0.0251 0.1653 0.7764
15 0.0140 0.0050 0.0146 0.0182 0.9482
16 0.0247 0.0075 0.0188 0.0931 0.8560
17 0.0423 0.3057 0.1912 0.1356 0.3252
18 0.0190 0.1118 0.1208 0.0421 0.7065
19 0.0257 0.2166 0.1713 0.0423 0.5444
20 0.0220 0.0084 0.0123 0.0496 0.9077
21 0.0184 0.0084 0.0148 0.0519 0.9067
22 0.0134 0.0045 0.0169 0.0144 0.9507
23 0.0078 0.0030 0.0131 0.0295 0.9468
24 0.0095 0.0028 0.0141 0.0160 0.9575
25 0.0468 0.0514 0.0611 0.0107 0.8301
26 0.0605 0.0587 0.1055 0.0433 0.7319
27 0.0322 0.0359 0.0461 0.0033 0.8828
28 0.0317 0.0191 0.0202 0.0015 0.9277
29 0.0184 0.0113 0.0247 0.0029 0.9429
30 0.0049 0.0160 0.0492 0.0160 0.9141
31 0.0197 0.0206 0.0708 0.0131 0.8760
32 0.0139 0.0116 0.0175 0.0038 0.9531
33 0.0185 0.0026 0.0088 0.0046 0.9653
34 0.1617 0.2246 0.3267 0.0403 0.2467
35 0.1099 0.1587 0.3464 0.0743 0.3105
36 0.0053 0.0114 0.0072 0.0291 0.9473
37 0.0036 0.0047 0.0148 0.0190 0.9580
38 0.0283 0.0473 0.2520 0.1050 0.5674
39 0.0276 0.0339 0.0328 0.0318 0.8740
40 0.1282 0.4075 0.2181 0.0247 0.2216
41 0.0075 0.0019 0.0068 0.0012 0.9824
42 0.0112 0.0085 0.0656 0.0094 0.9053
43 0.0333 0.0786 0.1561 0.0641 0.6680
44 0.0652 0.1665 0.0919 0.0481 0.6284
45 0.1394 0.3909 0.2644 0.0372 0.1681
46 0.0419 0.2336 0.2688 0.3047 0.1509
47 0.0582 0.2180 0.1113 0.0291 0.5835
48 0.2593 0.2937 0.2512 0.0842 0.1115
49 0.2261 0.2561 0.3140 0.1019 0.1019
50 0.1895 0.2358 0.3174 0.0991 0.1583
51 0.0466 0.6685 0.1855 0.0480 0.0515
52 0.0549 0.6240 0.2520 0.0366 0.0326
53 0.1092 0.3184 0.2441 0.1704 0.1577
54 0.0734 0.5337 0.2295 0.1219 0.0415
55 0.0403 0.3076 0.1647 0.3950 0.0923
56 0.2113 0.1985 0.3298 0.0649 0.1954
57 0.0111 0.0237 0.0237 0.0457 0.8960
58 0.0029 0.0052 0.0036 0.0045 0.9839
59 0.0095 0.0219 0.0117 0.0135 0.9434
60 0.0083 0.0100 0.0134 0.0122 0.9561
61 0.1531 0.0474 0.0989 0.0142 0.6865
62 0.0641 0.0155 0.0693 0.0196 0.8315
63 0.1954 0.0952 0.1014 0.0337 0.5742
64 0.1709 0.2448 0.2336 0.0364 0.3142
65 0.1198 0.3689 0.3987 0.0265 0.0862
66 0.2778 0.2549 0.1464 0.1252 0.1956
67 0.1389 0.4485 0.2053 0.1503 0.0570
68 0.2013 0.2883 0.2335 0.1138 0.1630
69 0.1836 0.2529 0.1671 0.2610 0.1354
70 0.2649 0.3376 0.2096 0.0881 0.0998
71 0.0665 0.2302 0.2529 0.0271 0.4233
72 0.1020 0.2335 0.4573 0.1580 0.0493
73 0.1383 0.3369 0.2352 0.0852 0.2043
74 0.1407 0.4204 0.2590 0.1063 0.0736
75 0.1594 0.2507 0.4133 0.0464 0.1301
76 0.1643 0.2546 0.4329 0.0412 0.1069
77 0.0617 0.3040 0.3723 0.2441 0.0180
78 0.0287 0.5942 0.3181 0.0553 0.0038
79 0.0616 0.3333 0.1116 0.1755 0.3179
80 0.2124 0.0995 0.2058 0.1482 0.3340
81 0.1451 0.1451 0.2112 0.2629 0.2356
82 0.0381 0.0638 0.1788 0.1329 0.5864
83 0.1271 0.0243 0.1632 0.1332 0.5522
84 0.1705 0.0289 0.4026 0.0745 0.3235
85 0.1515 0.0405 0.2830 0.0933 0.4316
86 0.0906 0.2225 0.1844 0.2903 0.2123
87 0.0597 0.3625 0.2234 0.2269 0.1273
88 0.0680 0.0482 0.4949 0.1440 0.2450
89 0.0731 0.1262 0.2800 0.4839 0.0367
90 0.1824 0.1687 0.2417 0.2100 0.1973
91 0.0801 0.3853 0.3564 0.0659 0.1121
92 0.1307 0.1504 0.3665 0.1370 0.2155
93 0.1650 0.4084 0.3386 0.0499 0.0380
94 0.1721 0.2142 0.3167 0.1804 0.1165
95 0.0453 0.0654 0.4131 0.4331 0.0432
96 0.1201 0.2502 0.2837 0.2426 0.1035
97 0.0638 0.2159 0.2448 0.2229 0.2524
98 0.1534 0.0514 0.2415 0.2131 0.3406
99 0.2092 0.3240 0.2075 0.1438 0.1155
100 0.1027 0.0663 0.2075 0.4978 0.1259
101 0.1537 0.2964 0.2418 0.1107 0.1974
102 0.0751 0.1200 0.2581 0.3696 0.1774
103 0.0798 0.6040 0.1703 0.0750 0.0710
104 0.1595 0.1647 0.1323 0.0888 0.4546
105 0.1118 0.1787 0.1154 0.0689 0.5254
106 0.0684 0.3313 0.5464 0.0448 0.0093
107 0.0515 0.4731 0.3684 0.0862 0.0208
108 0.0358 0.3447 0.1604 0.4429 0.0163
109 0.0348 0.5615 0.3008 0.0976 0.0052
110 0.0260 0.5820 0.3474 0.0334 0.0112
111 0.1346 0.2988 0.2327 0.2290 0.1049
112 0.0545 0.4126 0.2208 0.1318 0.1802
113 0.1788 0.3188 0.2686 0.0550 0.1788
114 0.2991 0.2898 0.2329 0.0371 0.1412
115 0.1091 0.6899 0.1327 0.0515 0.0169
116 0.1497 0.5063 0.2356 0.0230 0.0853
117 0.0634 0.3372 0.5225 0.0664 0.0106
118 0.1675 0.1367 0.1869 0.4624 0.0465
119 0.1433 0.2290 0.5669 0.0213 0.0395
120 0.0315 0.2089 0.1327 0.4856 0.1414
121 0.0603 0.5127 0.2498 0.0877 0.0898
122 0.0471 0.5435 0.2030 0.1061 0.1005
123 0.0159 0.0235 0.0468 0.1465 0.7671
124 0.0114 0.0090 0.0273 0.0465 0.9058
125 0.0081 0.0066 0.0413 0.0337 0.9102
126 0.0054 0.0034 0.0097 0.0188 0.9629
127 0.0062 0.0046 0.0059 0.0267 0.9565
128 0.0494 0.1808 0.0809 0.1738 0.5151
129 0.0257 0.2004 0.0626 0.1913 0.5200
130 0.0213 0.1080 0.0502 0.6025 0.2181
131 0.0124 0.2247 0.0413 0.6606 0.0610
132 0.0353 0.3892 0.0797 0.3655 0.1304
133 0.0341 0.0246 0.0529 0.0872 0.8013
134 0.0292 0.2620 0.1092 0.1470 0.4526
135 0.0281 0.0281 0.0644 0.2588 0.6206
136 0.0288 0.0854 0.0413 0.1407 0.7036
137 0.0369 0.3186 0.3784 0.1248 0.1414
138 0.0184 0.5586 0.2637 0.1171 0.0424
139 0.1153 0.1843 0.1481 0.4089 0.1436
140 0.0919 0.2991 0.2810 0.1576 0.1704
141 0.0610 0.4541 0.3945 0.0482 0.0419
142 0.0517 0.3821 0.4832 0.0664 0.0167
143 0.0288 0.1138 0.0929 0.3972 0.3674
144 0.0467 0.0782 0.1708 0.1085 0.5957
145 0.0421 0.4524 0.4250 0.0652 0.0151
146 0.1873 0.1209 0.2368 0.3499 0.1050
147 0.0221 0.0783 0.1087 0.0930 0.6978
148 0.0792 0.1550 0.1082 0.1650 0.4927
149 0.1906 0.3616 0.3672 0.0478 0.0328
150 0.0371 0.0584 0.0683 0.5205 0.3157
151 0.0348 0.1533 0.2690 0.3796 0.1632
152 0.0323 0.5127 0.4250 0.0187 0.0111
153 0.0466 0.1627 0.5679 0.1191 0.1035
154 0.2157 0.6440 0.0906 0.0381 0.0118
155 0.0804 0.3384 0.3491 0.1675 0.0646
156 0.1322 0.3767 0.3594 0.1149 0.0168
157 0.3494 0.1305 0.1490 0.2255 0.1456
158 0.2527 0.2264 0.1749 0.0814 0.2646
159 0.1937 0.2411 0.1631 0.0701 0.3320
160 0.1244 0.3127 0.0437 0.0197 0.4995
161 0.0750 0.2991 0.0622 0.0705 0.4932
162 0.0760 0.7271 0.1454 0.0157 0.0359
163 0.1897 0.3176 0.3330 0.0687 0.0910
164 0.1277 0.1888 0.0545 0.0995 0.5293
165 0.0846 0.2998 0.3142 0.1876 0.1138
166 0.1350 0.3342 0.1372 0.1372 0.2563
167 0.1925 0.1711 0.1476 0.1293 0.3596
168 0.1332 0.1395 0.1395 0.1710 0.4167
169 0.2251 0.2673 0.2396 0.0841 0.1837
170 0.0327 0.4922 0.2437 0.1927 0.0385
171 0.0814 0.1384 0.4004 0.2078 0.1722
172 0.0639 0.4722 0.4038 0.0534 0.0069
173 0.0992 0.3572 0.5039 0.0293 0.0105
174 0.0938 0.3174 0.5396 0.0406 0.0085
175 0.1974 0.2917 0.1586 0.0371 0.3154
176 0.0165 0.0226 0.0233 0.0077 0.9302
177 0.0729 0.1721 0.1616 0.0292 0.5640
178 0.1677 0.2991 0.3389 0.0792 0.1153
179 0.0387 0.4983 0.1567 0.1567 0.1495
180 0.0714 0.2200 0.0225 0.0192 0.6670
181 0.0094 0.0105 0.0135 0.0041 0.9624
182 0.0094 0.0053 0.0079 0.0059 0.9717
183 0.0174 0.0700 0.0399 0.0331 0.8398
184 0.0201 0.0268 0.0164 0.0225 0.9141
185 0.0385 0.0895 0.0340 0.0143 0.8237
186 0.0272 0.0255 0.0612 0.1162 0.7700
187 0.0196 0.2979 0.0600 0.4333 0.1893
188 0.0116 0.0847 0.0150 0.0332 0.8555
189 0.0156 0.0285 0.0056 0.0076 0.9429
190 0.0176 0.0277 0.0031 0.0139 0.9375
191 0.0270 0.0275 0.0024 0.0337 0.9097
192 0.6099 0.0572 0.1517 0.1448 0.0366
193 0.6030 0.0574 0.1549 0.1478 0.0368
194 0.8179 0.0574 0.0810 0.0291 0.0146
