time exciting_prob fearful_prob tense_prob sad_prob relaxing_prob
0 0.5229 0.0342 0.2395 0.2017 0.0014
1 0.4033 0.0344 0.4568 0.1052 0.0003
2 0.4026 0.0344 0.4561 0.1067 0.0003
3 0.8901 0.0143 0.0665 0.0288 0.0005
4 0.8594 0.0194 0.0751 0.0455 0.0006
5 0.8574 0.0197 0.0773 0.0451 0.0006
6 0.6851 0.0328 0.1528 0.1287 0.0006
7 0.6738 0.0360 0.1515 0.1379 0.0007
8 0.6992 0.0382 0.1345 0.1273 0.0008
9 0.1410 0.0335 0.6318 0.0570 0.1366
10 0.1288 0.0201 0.6538 0.0537 0.1437
11 0.1323 0.1205 0.4341 0.2551 0.0578
12 0.2166 0.0842 0.1560 0.2654 0.2781
13 0.1825 0.1466 0.2306 0.2133 0.2271
14 0.1467 0.0492 0.1716 0.2964 0.3359
15 0.1682 0.0256 0.1165 0.0600 0.6299
16 0.1318 0.0421 0.1382 0.0585 0.6294
17 0.1193 0.0619 0.7656 0.0173 0.0361
18 0.1805 0.0381 0.0555 0.0229 0.7031
19 0.4082 0.0933 0.1378 0.0970 0.2637
20 0.1145 0.0234 0.7466 0.0878 0.0276
21 0.1196 0.0251 0.7212 0.0332 0.1007
22 0.0685 0.3452 0.4795 0.0546 0.0521
23 0.2021 0.0593 0.3035 0.2896 0.1456
24 0.3418 0.0657 0.4390 0.0493 0.1042
25 0.3391 0.1381 0.3313 0.0858 0.1059
26 0.4658 0.1714 0.3435 0.0174 0.0019
27 0.5220 0.1279 0.3215 0.0264 0.0022
28 0.3440 0.0371 0.5850 0.0120 0.0220
29 0.0448 0.0414 0.5371 0.3577 0.0191
30 0.1913 0.0602 0.3411 0.2069 0.2006
31 0.0607 0.0210 0.4082 0.2253 0.2849
32 0.1553 0.0603 0.0927 0.1010 0.5908
33 0.0594 0.0157 0.8076 0.1027 0.0145
34 0.2052 0.0094 0.4695 0.2515 0.0646
35 0.4880 0.0754 0.2847 0.0495 0.1023
36 0.2490 0.1046 0.2250 0.0359 0.3857
37 0.1315 0.0862 0.2805 0.0320 0.4697
38 0.2356 0.0908 0.0624 0.1498 0.4614
39 0.0726 0.0054 0.1584 0.1466 0.6172
40 0.0501 0.0281 0.0951 0.5557 0.2710
41 0.1592 0.0489 0.6807 0.0190 0.0921
42 0.2092 0.1655 0.5220 0.0764 0.0270
43 0.2700 0.0978 0.2188 0.1731 0.2402
44 0.1733 0.0463 0.1964 0.4939 0.0900
45 0.0660 0.1132 0.1866 0.2632 0.3711
46 0.1108 0.0527 0.0897 0.0074 0.7393
47 0.0486 0.0517 0.2883 0.5469 0.0643
48 0.1415 0.0794 0.3787 0.3091 0.0914
49 0.1909 0.0282 0.2490 0.5029 0.0291
50 0.0737 0.0917 0.1089 0.0102 0.7153
51 0.2961 0.1421 0.2698 0.0136 0.2783
52 0.3672 0.0718 0.4326 0.0390 0.0893
53 0.2430 0.0771 0.0853 0.0248 0.5698
54 0.2913 0.0660 0.1097 0.0373 0.4956
55 0.0602 0.1273 0.7212 0.0703 0.0210
56 0.0625 0.0526 0.4475 0.4011 0.0362
57 0.1989 0.1622 0.1377 0.2051 0.2961
58 0.3228 0.1421 0.2593 0.0206 0.2554
59 0.2439 0.0566 0.1434 0.1379 0.4182
60 0.2474 0.4143 0.2184 0.0597 0.0602
61 0.5464 0.0172 0.0590 0.3447 0.0328
62 0.2063 0.0370 0.2196 0.3401 0.1969
63 0.4624 0.1714 0.0597 0.0261 0.2805
64 0.2524 0.0517 0.1405 0.0981 0.4573
65 0.0472 0.1410 0.4695 0.3228 0.0195
66 0.0284 0.0337 0.3096 0.6064 0.0221
67 0.1957 0.2341 0.1500 0.3801 0.0401
68 0.0144 0.4336 0.3325 0.2180 0.0015
69 0.0563 0.0819 0.4714 0.3450 0.0453
70 0.1592 0.1165 0.0900 0.6250 0.0095
71 0.1816 0.1128 0.2010 0.4861 0.0183
72 0.0769 0.0173 0.0415 0.1404 0.7241
73 0.1096 0.0510 0.0998 0.6606 0.0789
74 0.1575 0.1116 0.3660 0.3333 0.0315
75 0.1379 0.0451 0.2346 0.5625 0.0197
76 0.1245 0.0862 0.2400 0.5244 0.0251
77 0.1130 0.0614 0.1281 0.6870 0.0108
78 0.1248 0.0608 0.4636 0.3445 0.0064
79 0.0063 0.0054 0.0176 0.0415 0.9292
80 0.1995 0.2622 0.2333 0.2107 0.0942
81 0.1108 0.0773 0.4451 0.3413 0.0257
82 0.2006 0.1074 0.2964 0.1422 0.2534
83 0.2014 0.0387 0.2795 0.0605 0.4197
84 0.3630 0.0307 0.1400 0.2656 0.2006
85 0.1691 0.1153 0.4595 0.1664 0.0898
86 0.1146 0.0517 0.5732 0.0685 0.1920
87 0.1760 0.0418 0.6143 0.0845 0.0832
88 0.0544 0.1266 0.7871 0.0278 0.0039
89 0.1725 0.0429 0.3274 0.0498 0.4075
90 0.1237 0.0721 0.3311 0.2292 0.2440
91 0.1100 0.0683 0.4182 0.0566 0.3467
92 0.1171 0.0756 0.6235 0.1576 0.0261
93 0.1117 0.0305 0.5332 0.1813 0.1434
94 0.0764 0.0361 0.6299 0.0403 0.2177
95 0.3049 0.2283 0.1251 0.0121 0.3296
96 0.4736 0.1783 0.1295 0.0241 0.1943
97 0.2367 0.0532 0.4707 0.0934 0.1459
98 0.0884 0.0331 0.6641 0.1328 0.0818
99 0.1190 0.1218 0.1092 0.5767 0.0733
100 0.3101 0.0875 0.4512 0.1252 0.0261
101 0.0785 0.0188 0.2495 0.0823 0.5708
102 0.3472 0.0751 0.3262 0.2173 0.0344
103 0.1182 0.0668 0.6387 0.1182 0.0580
104 0.2363 0.0392 0.3896 0.2021 0.1326
105 0.1777 0.5063 0.0680 0.2111 0.0370
106 0.2372 0.0260 0.3398 0.3618 0.0352
107 0.3228 0.1284 0.1611 0.0597 0.3279
108 0.1185 0.2488 0.5435 0.0364 0.0530
109 0.1959 0.0544 0.0738 0.1433 0.5327
110 0.2634 0.0630 0.1273 0.0842 0.4622
111 0.1366 0.0257 0.4275 0.3599 0.0503
112 0.1694 0.0449 0.4978 0.1519 0.1361
113 0.1100 0.1458 0.5166 0.1504 0.0774
114 0.0687 0.2717 0.3772 0.2759 0.0065
115 0.5225 0.0095 0.0353 0.1086 0.3242
116 0.5195 0.0976 0.1477 0.0828 0.1523
117 0.2715 0.1080 0.2629 0.1105 0.2471
118 0.2886 0.0887 0.0753 0.0412 0.5063
119 0.0694 0.1075 0.7349 0.0594 0.0289
120 0.4087 0.0562 0.3135 0.0891 0.1327
121 0.2081 0.0625 0.2286 0.0388 0.4619
122 0.1829 0.0414 0.2104 0.1469 0.4185
123 0.1591 0.0787 0.0769 0.6099 0.0757
124 0.1921 0.0853 0.0595 0.5649 0.0981
125 0.1775 0.0746 0.2141 0.2075 0.3264
126 0.1393 0.0590 0.2771 0.4426 0.0819
127 0.6226 0.0465 0.2634 0.0661 0.0014
128 0.0912 0.0330 0.1758 0.6846 0.0154
129 0.1633 0.1312 0.1711 0.0429 0.4915
130 0.3279 0.0932 0.2964 0.2437 0.0388
131 0.0191 0.2922 0.3259 0.3469 0.0159
132 0.1179 0.2290 0.5078 0.1216 0.0236
133 0.3345 0.0217 0.2299 0.4033 0.0107
134 0.3914 0.0347 0.1582 0.3455 0.0702
135 0.1450 0.0551 0.4683 0.3169 0.0149
136 0.3508 0.1619 0.0814 0.3677 0.0385
137 0.3020 0.0463 0.1832 0.4607 0.0077
138 0.1542 0.1448 0.4602 0.2208 0.0202
139 0.0894 0.0713 0.2932 0.5146 0.0314
140 0.0557 0.0849 0.3865 0.4661 0.0070
141 0.0679 0.0885 0.3555 0.4709 0.0172
142 0.0311 0.1351 0.4944 0.3242 0.0152
143 0.4504 0.0314 0.2336 0.1998 0.0847
144 0.2795 0.0177 0.3269 0.2930 0.0826
145 0.3923 0.0465 0.2035 0.3303 0.0275
146 0.1230 0.0066 0.0643 0.8027 0.0034
147 0.2291 0.0117 0.1663 0.5850 0.0078
148 0.2559 0.0386 0.5674 0.1135 0.0247
149 0.3604 0.0289 0.2700 0.3281 0.0125
150 0.1681 0.0943 0.2666 0.4570 0.0140
151 0.1042 0.1075 0.7119 0.0662 0.0104
152 0.2671 0.0578 0.3325 0.2756 0.0670
153 0.1771 0.0126 0.4314 0.3521 0.0267
154 0.0661 0.2235 0.4587 0.0749 0.1769
155 0.0676 0.1443 0.6675 0.0954 0.0253
156 0.1151 0.0687 0.7158 0.0829 0.0174
157 0.2222 0.0170 0.1368 0.3721 0.2517
158 0.4009 0.0860 0.4199 0.0685 0.0246
159 0.1230 0.0339 0.6919 0.1362 0.0150
160 0.1744 0.2008 0.5376 0.0662 0.0212
161 0.0873 0.1202 0.5347 0.2318 0.0260
162 0.1017 0.0357 0.3838 0.4702 0.0087
163 0.2086 0.2086 0.1757 0.3662 0.0408
164 0.0475 0.0468 0.3325 0.5396 0.0334
165 0.1156 0.2228 0.5264 0.1310 0.0045
166 0.3367 0.2749 0.1666 0.1566 0.0652
167 0.0989 0.1311 0.2954 0.4504 0.0241
168 0.2959 0.0340 0.1740 0.4373 0.0592
169 0.6602 0.0347 0.0685 0.1696 0.0670
170 0.4006 0.1261 0.3591 0.0801 0.0342
171 0.5781 0.0242 0.1819 0.1863 0.0295
172 0.5781 0.0436 0.1737 0.1656 0.0388
173 0.3198 0.2433 0.3379 0.0784 0.0208
174 0.1992 0.0369 0.1873 0.1678 0.4089
175 0.4807 0.0070 0.0732 0.3804 0.0588
176 0.6035 0.0876 0.1478 0.0940 0.0672
177 0.1322 0.0457 0.4690 0.1752 0.1780
178 0.1300 0.0619 0.6250 0.1417 0.0412
179 0.2192 0.0752 0.1201 0.5137 0.0717
180 0.3608 0.0255 0.2725 0.3135 0.0278
181 0.0861 0.1837 0.1941 0.0556 0.4805
182 0.0735 0.1311 0.1879 0.5522 0.0555
183 0.0349 0.1490 0.5713 0.2308 0.0138
184 0.1639 0.1830 0.5376 0.0964 0.0190
185 0.3865 0.0132 0.0612 0.5327 0.0066
186 0.6162 0.1396 0.1453 0.0874 0.0112
187 0.1453 0.0765 0.4075 0.3174 0.0534
188 0.0911 0.0607 0.5083 0.1990 0.1411
189 0.2205 0.0389 0.1799 0.5371 0.0238
190 0.5537 0.0171 0.1207 0.2576 0.0507
191 0.3318 0.0107 0.2666 0.3477 0.0432
192 0.2424 0.0632 0.6094 0.0695 0.0156
193 0.2102 0.2457 0.4380 0.0817 0.0245
194 0.0726 0.0631 0.3306 0.5200 0.0133
195 0.3662 0.1515 0.4087 0.0571 0.0165
196 0.1421 0.1178 0.0889 0.6470 0.0043
197 0.0649 0.0923 0.1954 0.6309 0.0167
198 0.3330 0.0869 0.0626 0.5078 0.0098
199 0.3113 0.1019 0.1191 0.0040 0.4636
200 0.4963 0.0096 0.3059 0.1091 0.0792
201 0.6372 0.0616 0.1885 0.0598 0.0527
202 0.5718 0.0455 0.0667 0.2291 0.0870
203 0.1316 0.3257 0.2786 0.2537 0.0108
204 0.4026 0.0612 0.5010 0.0215 0.0139
205 0.1858 0.0103 0.3997 0.1026 0.3015
206 0.3286 0.0399 0.3782 0.1100 0.1436
207 0.3752 0.0812 0.4353 0.0878 0.0205
208 0.1796 0.0263 0.2306 0.5195 0.0440
209 0.1737 0.0177 0.2031 0.5698 0.0359
210 0.1893 0.0416 0.3074 0.4473 0.0146
211 0.0990 0.1158 0.5352 0.2197 0.0302
212 0.3208 0.0380 0.2788 0.3364 0.0259
213 0.1941 0.0709 0.5112 0.1824 0.0413
214 0.1792 0.0847 0.5693 0.1384 0.0284
215 0.1176 0.0555 0.1533 0.6353 0.0381
216 0.0519 0.0249 0.3032 0.6128 0.0074
217 0.0728 0.0366 0.5210 0.3582 0.0112
218 0.0307 0.0108 0.5000 0.4551 0.0034
219 0.0774 0.3931 0.2136 0.3062 0.0099
220 0.0536 0.1613 0.3547 0.4280 0.0023
221 0.0479 0.0615 0.3323 0.5562 0.0022
222 0.0389 0.1899 0.4216 0.3467 0.0028
223 0.1516 0.0204 0.1163 0.7012 0.0105
224 0.5137 0.2279 0.1735 0.0393 0.0456
225 0.3113 0.0878 0.1277 0.3640 0.1093
226 0.7153 0.0314 0.0881 0.1080 0.0569
227 0.7168 0.0315 0.0883 0.1065 0.0570
228 0.6929 0.0350 0.0938 0.1204 0.0578
229 0.6929 0.0350 0.0938 0.1204 0.0578
