time exciting_prob fearful_prob tense_prob sad_prob relaxing_prob
0 0.2037 0.2830 0.2496 0.2310 0.0327
1 0.1207 0.4775 0.1785 0.1899 0.0335
2 0.0734 0.4287 0.2295 0.2443 0.0242
3 0.0591 0.4653 0.2957 0.1685 0.0114
4 0.0431 0.4927 0.2896 0.1676 0.0070
5 0.0346 0.5498 0.3181 0.0912 0.0063
6 0.1000 0.2255 0.2852 0.3718 0.0177
7 0.0421 0.5718 0.1945 0.1492 0.0427
8 0.0657 0.0473 0.0528 0.7056 0.1285
9 0.0743 0.0954 0.1115 0.5405 0.1782
10 0.0643 0.3267 0.0776 0.2045 0.3267
11 0.0654 0.3538 0.0753 0.1406 0.3650
12 0.0515 0.3176 0.0754 0.1477 0.4077
13 0.0814 0.3218 0.0443 0.1261 0.4265
14 0.0386 0.3665 0.0898 0.4153 0.0898
15 0.0746 0.4065 0.0746 0.3164 0.1279
16 0.0588 0.4666 0.1143 0.2136 0.1467
17 0.0787 0.4749 0.1003 0.2242 0.1219
18 0.0837 0.2139 0.1565 0.2041 0.3418
19 0.0285 0.3994 0.2539 0.2073 0.1109
20 0.0663 0.3760 0.3020 0.2142 0.0415
21 0.0392 0.7988 0.0939 0.0519 0.0163
22 0.0167 0.7119 0.1857 0.0603 0.0255
23 0.0377 0.4343 0.4412 0.0597 0.0269
24 0.0286 0.1407 0.4990 0.2712 0.0605
25 0.0129 0.0518 0.3516 0.4175 0.1661
26 0.0304 0.0973 0.3315 0.3315 0.2091
27 0.0284 0.0495 0.3057 0.2961 0.3203
28 0.0121 0.0723 0.4360 0.3140 0.1655
29 0.0226 0.1022 0.4509 0.1752 0.2490
30 0.0352 0.1733 0.5015 0.1309 0.1591
31 0.0815 0.1047 0.2358 0.5317 0.0464
32 0.0333 0.1317 0.2172 0.5903 0.0276
33 0.0700 0.0663 0.2278 0.6001 0.0360
34 0.0133 0.2991 0.1189 0.5674 0.0014
35 0.0199 0.5132 0.1565 0.3064 0.0044
36 0.0967 0.6709 0.1864 0.0179 0.0279
37 0.1783 0.5581 0.2362 0.0200 0.0075
38 0.3308 0.3928 0.1743 0.0715 0.0303
39 0.0562 0.3667 0.4636 0.1018 0.0118
40 0.0141 0.7617 0.1866 0.0351 0.0025
41 0.1621 0.1262 0.4172 0.2415 0.0530
42 0.0127 0.3799 0.5439 0.0610 0.0023
43 0.0102 0.4136 0.5312 0.0429 0.0020
44 0.0125 0.3667 0.5591 0.0589 0.0027
45 0.0076 0.2391 0.2013 0.5474 0.0046
46 0.0371 0.6172 0.2306 0.1107 0.0044
47 0.0230 0.7334 0.2068 0.0303 0.0068
48 0.0187 0.7246 0.2211 0.0323 0.0031
49 0.0264 0.2588 0.5312 0.1724 0.0112
50 0.0256 0.3423 0.5732 0.0428 0.0160
51 0.0248 0.1805 0.6206 0.1670 0.0073
52 0.0184 0.6147 0.3044 0.0489 0.0134
53 0.0149 0.8633 0.0842 0.0223 0.0154
54 0.0127 0.1334 0.5444 0.3005 0.0089
55 0.0132 0.1421 0.5620 0.2698 0.0129
56 0.0141 0.1169 0.5889 0.2654 0.0149
57 0.0649 0.2754 0.1241 0.4907 0.0450
58 0.0685 0.4678 0.2505 0.1790 0.0344
59 0.0907 0.1818 0.4714 0.2408 0.0152
60 0.0417 0.2695 0.3921 0.1686 0.1283
61 0.0335 0.1730 0.1326 0.3867 0.2742
62 0.0294 0.2122 0.4026 0.3040 0.0520
63 0.0426 0.0960 0.2866 0.5190 0.0556
64 0.0679 0.3701 0.3818 0.1721 0.0077
65 0.0225 0.3662 0.5586 0.0511 0.0015
66 0.0206 0.4038 0.4102 0.1631 0.0024
67 0.0110 0.2625 0.5825 0.1427 0.0012
68 0.0671 0.4341 0.4341 0.0300 0.0345
69 0.0469 0.2783 0.3923 0.2698 0.0128
70 0.0243 0.1521 0.6108 0.2047 0.0079
71 0.0203 0.1594 0.5605 0.2488 0.0108
72 0.0295 0.0368 0.3225 0.6025 0.0083
73 0.0317 0.5840 0.3542 0.0269 0.0033
74 0.0195 0.4429 0.5176 0.0161 0.0037
75 0.0320 0.3667 0.5679 0.0222 0.0112
76 0.0357 0.2537 0.6475 0.0523 0.0109
77 0.0362 0.3230 0.5669 0.0607 0.0135
78 0.0244 0.6016 0.3428 0.0190 0.0123
79 0.0247 0.3962 0.5332 0.0374 0.0084
80 0.1295 0.3928 0.4053 0.0421 0.0303
81 0.0174 0.1600 0.7515 0.0657 0.0055
82 0.0822 0.1851 0.2268 0.4172 0.0888
83 0.0538 0.3677 0.2607 0.2776 0.0400
84 0.0059 0.2849 0.6938 0.0127 0.0026
85 0.0076 0.2145 0.7603 0.0144 0.0031
86 0.0406 0.2952 0.3142 0.3293 0.0204
87 0.0264 0.5820 0.1859 0.1803 0.0256
88 0.0298 0.0556 0.3513 0.5527 0.0107
89 0.0353 0.0513 0.1777 0.4331 0.3025
90 0.0073 0.1290 0.3733 0.3508 0.1395
91 0.0121 0.1023 0.2571 0.4375 0.1910
92 0.0178 0.0389 0.1915 0.6182 0.1337
93 0.0049 0.0699 0.1599 0.7515 0.0139
94 0.0379 0.1476 0.5234 0.2147 0.0765
95 0.0199 0.1792 0.6553 0.0873 0.0582
96 0.0231 0.1102 0.6968 0.1268 0.0432
97 0.0632 0.3550 0.4487 0.0637 0.0693
98 0.0685 0.5688 0.1906 0.0581 0.1138
99 0.0410 0.6357 0.1821 0.0309 0.1105
100 0.0669 0.4429 0.2524 0.0285 0.2092
101 0.0452 0.3159 0.3311 0.1718 0.1359
102 0.0988 0.6152 0.1508 0.0958 0.0396
103 0.0863 0.1638 0.1743 0.4666 0.1091
104 0.0305 0.1390 0.2120 0.5586 0.0598
105 0.0978 0.5366 0.1274 0.1255 0.1125
106 0.0577 0.4832 0.4070 0.0486 0.0036
107 0.1111 0.4607 0.3318 0.0712 0.0252
108 0.1423 0.4116 0.3748 0.0301 0.0411
109 0.0660 0.3123 0.4543 0.1418 0.0258
110 0.1135 0.2089 0.4026 0.2639 0.0112
111 0.0950 0.2791 0.4897 0.1154 0.0209
112 0.0573 0.3049 0.3914 0.1658 0.0807
113 0.0731 0.2166 0.2571 0.4045 0.0487
114 0.0138 0.1909 0.4800 0.2957 0.0195
115 0.0271 0.1611 0.3745 0.3745 0.0626
116 0.0619 0.3586 0.3760 0.1776 0.0260
117 0.1060 0.4260 0.3423 0.1120 0.0137
118 0.1671 0.5269 0.1429 0.1322 0.0307
119 0.1084 0.3965 0.1887 0.1963 0.1101
120 0.0569 0.3655 0.3076 0.0552 0.2148
121 0.0354 0.0704 0.1445 0.7339 0.0155
122 0.0173 0.2249 0.4685 0.2629 0.0264
123 0.0203 0.3489 0.1897 0.1187 0.3225
124 0.0246 0.4456 0.3582 0.1447 0.0270
125 0.0463 0.3264 0.5059 0.0806 0.0409
126 0.0882 0.1635 0.3435 0.3252 0.0797
127 0.0404 0.1081 0.3381 0.4080 0.1056
128 0.0573 0.1376 0.4338 0.2715 0.0999
129 0.0935 0.5054 0.2075 0.0751 0.1182
130 0.0745 0.1145 0.1615 0.5864 0.0632
131 0.0693 0.0761 0.1573 0.6274 0.0698
132 0.0334 0.0757 0.1628 0.6050 0.1229
133 0.0446 0.0482 0.2030 0.6553 0.0490
134 0.0425 0.1201 0.6001 0.1566 0.0806
135 0.0359 0.2656 0.3687 0.3057 0.0239
136 0.0511 0.5327 0.3491 0.0579 0.0092
137 0.0479 0.2959 0.2822 0.2822 0.0917
138 0.0288 0.1940 0.2529 0.4724 0.0518
139 0.0398 0.0579 0.1187 0.7505 0.0332
140 0.0132 0.1896 0.4548 0.3276 0.0148
141 0.0124 0.1074 0.4736 0.3926 0.0141
142 0.0193 0.2842 0.5229 0.1646 0.0091
143 0.0275 0.2317 0.5825 0.1165 0.0419
144 0.0556 0.0515 0.2133 0.5620 0.1178
145 0.0505 0.1310 0.3142 0.3972 0.1069
146 0.0286 0.0364 0.1698 0.7148 0.0502
147 0.0205 0.1345 0.1957 0.6318 0.0175
148 0.0532 0.3992 0.1091 0.4119 0.0267
149 0.0502 0.5840 0.1699 0.1622 0.0335
150 0.0470 0.1415 0.2444 0.1705 0.3967
151 0.0282 0.1143 0.4148 0.3660 0.0767
152 0.0437 0.3496 0.3083 0.2153 0.0830
153 0.0802 0.2671 0.4912 0.1385 0.0228
154 0.0307 0.2391 0.3218 0.3269 0.0814
155 0.0666 0.2183 0.3542 0.2252 0.1355
156 0.0250 0.1396 0.5229 0.2800 0.0324
157 0.0456 0.2158 0.3091 0.3728 0.0567
158 0.0391 0.1941 0.4238 0.2869 0.0560
159 0.0301 0.2349 0.4387 0.2661 0.0301
160 0.1162 0.3691 0.1718 0.0641 0.2788
161 0.1125 0.3687 0.1913 0.1107 0.2168
162 0.0897 0.1587 0.2917 0.3574 0.1024
163 0.0263 0.1227 0.1436 0.6953 0.0120
164 0.0242 0.2349 0.2539 0.4744 0.0127
165 0.0240 0.2025 0.3611 0.3611 0.0516
166 0.0154 0.2954 0.1418 0.5352 0.0122
167 0.0352 0.3608 0.4219 0.1652 0.0171
168 0.0061 0.0225 0.1881 0.7676 0.0156
169 0.0227 0.0476 0.1294 0.7686 0.0317
170 0.0065 0.0991 0.1398 0.7437 0.0108
171 0.0671 0.3516 0.3079 0.1674 0.1064
172 0.0278 0.1256 0.1614 0.6689 0.0164
173 0.0883 0.1235 0.0726 0.7109 0.0048
174 0.0541 0.0935 0.5464 0.2314 0.0745
175 0.0364 0.0701 0.2061 0.6245 0.0628
176 0.0269 0.0431 0.0804 0.8252 0.0245
177 0.0743 0.0709 0.2021 0.5493 0.1032
178 0.0241 0.2637 0.4629 0.2220 0.0274
179 0.0314 0.6025 0.1263 0.1896 0.0502
180 0.0654 0.6655 0.1021 0.1005 0.0664
181 0.0588 0.5850 0.1049 0.1783 0.0732
182 0.0515 0.1769 0.5039 0.2236 0.0440
183 0.0362 0.2825 0.4307 0.1941 0.0565
184 0.0488 0.3606 0.4851 0.0941 0.0114
185 0.0331 0.1949 0.5732 0.1919 0.0070
186 0.0219 0.1833 0.6602 0.0981 0.0364
187 0.0672 0.3748 0.2202 0.2917 0.0462
188 0.0116 0.3325 0.6021 0.0394 0.0144
189 0.0123 0.4023 0.5415 0.0360 0.0082
190 0.1239 0.0865 0.2502 0.5137 0.0260
191 0.0925 0.0883 0.1729 0.6035 0.0430
192 0.0484 0.0798 0.4380 0.4243 0.0096
193 0.0232 0.6567 0.2532 0.0472 0.0200
194 0.0184 0.7305 0.1906 0.0429 0.0175
195 0.0695 0.2927 0.2280 0.3879 0.0217
196 0.0262 0.0942 0.1873 0.6851 0.0073
197 0.3323 0.1301 0.1006 0.4268 0.0102
198 0.6372 0.0862 0.0992 0.1742 0.0031
199 0.0575 0.2520 0.3337 0.3389 0.0181
200 0.0854 0.6216 0.2051 0.0766 0.0110
201 0.1632 0.3003 0.2163 0.2776 0.0426
202 0.0279 0.0639 0.4265 0.4683 0.0135
203 0.0167 0.0503 0.5005 0.4280 0.0047
204 0.1342 0.1833 0.3479 0.2751 0.0595
205 0.1104 0.1737 0.3855 0.2690 0.0615
206 0.0263 0.0508 0.5991 0.3208 0.0027
207 0.0602 0.1898 0.6128 0.1305 0.0066
208 0.3276 0.3030 0.0552 0.3005 0.0138
209 0.2075 0.3557 0.1027 0.3213 0.0129
210 0.0834 0.2412 0.0329 0.5479 0.0945
211 0.0409 0.1920 0.1438 0.6104 0.0131
212 0.0397 0.0208 0.0809 0.8560 0.0027
213 0.0063 0.0709 0.0511 0.8374 0.0345
214 0.0351 0.1132 0.0953 0.6221 0.1345
215 0.0118 0.0619 0.6016 0.3220 0.0028
216 0.0714 0.1824 0.1987 0.5444 0.0032
217 0.2869 0.0660 0.1571 0.4802 0.0098
218 0.0330 0.1016 0.6421 0.2184 0.0051
219 0.0157 0.1117 0.4775 0.3838 0.0111
220 0.0170 0.0284 0.0194 0.9331 0.0023
221 0.0439 0.1393 0.6646 0.1415 0.0106
222 0.0399 0.1010 0.4529 0.3997 0.0068
223 0.0438 0.1964 0.5957 0.1603 0.0038
224 0.0213 0.0870 0.0402 0.8389 0.0128
225 0.0715 0.1537 0.5000 0.2720 0.0028
226 0.0377 0.1490 0.5044 0.3010 0.0081
227 0.0109 0.0353 0.8237 0.1283 0.0018
228 0.0269 0.0476 0.3384 0.5757 0.0117
229 0.0277 0.2842 0.1418 0.5396 0.0066
230 0.0210 0.3113 0.3418 0.3210 0.0050
231 0.0227 0.2295 0.5503 0.1110 0.0864
232 0.0133 0.2039 0.5459 0.2311 0.0060
233 0.0083 0.1561 0.5532 0.2783 0.0040
234 0.0380 0.1074 0.3523 0.4524 0.0500
235 0.0091 0.1037 0.5967 0.2864 0.0040
236 0.1071 0.1333 0.2377 0.4172 0.1047
237 0.0224 0.1006 0.6357 0.2375 0.0038
238 0.0602 0.1377 0.1913 0.5620 0.0487
239 0.0434 0.3440 0.4417 0.1676 0.0036
240 0.0179 0.1332 0.4165 0.4038 0.0286
241 0.0242 0.1730 0.2764 0.4280 0.0985
242 0.0512 0.0935 0.5957 0.2407 0.0188
243 0.0493 0.1240 0.2428 0.5732 0.0107
244 0.0498 0.3403 0.3098 0.1233 0.1766
245 0.1034 0.3086 0.2258 0.0768 0.2854
246 0.0659 0.2729 0.4792 0.0846 0.0974
247 0.0483 0.1141 0.6724 0.1098 0.0552
248 0.0721 0.1826 0.5713 0.1099 0.0641
249 0.0558 0.0674 0.2837 0.5381 0.0550
250 0.0720 0.2476 0.3384 0.1304 0.2117
251 0.0617 0.3723 0.1814 0.1287 0.2559
252 0.0323 0.0683 0.1144 0.6792 0.1058
253 0.0406 0.0247 0.2181 0.6929 0.0235
254 0.0069 0.0391 0.1896 0.7500 0.0146
255 0.0561 0.1489 0.5361 0.2201 0.0388
256 0.0294 0.3818 0.4604 0.0740 0.0542
257 0.0684 0.2791 0.4324 0.1309 0.0892
258 0.0479 0.0356 0.1262 0.7852 0.0050
259 0.0625 0.4106 0.3101 0.2097 0.0072
260 0.0128 0.0576 0.7466 0.1801 0.0032
261 0.0216 0.0707 0.5181 0.3853 0.0043
262 0.0153 0.5322 0.4146 0.0330 0.0050
263 0.0409 0.0775 0.6597 0.2174 0.0047
264 0.0767 0.2830 0.3413 0.2830 0.0163
265 0.0205 0.0762 0.2969 0.5996 0.0069
266 0.0227 0.0616 0.1927 0.7051 0.0177
267 0.0159 0.2167 0.5532 0.2068 0.0071
268 0.0175 0.2384 0.3931 0.3416 0.0095
269 0.0184 0.0525 0.1694 0.7476 0.0121
270 0.1192 0.0184 0.0493 0.7832 0.0297
271 0.0673 0.1002 0.2683 0.5503 0.0139
272 0.0616 0.0970 0.3718 0.4556 0.0140
273 0.0198 0.2271 0.1466 0.5981 0.0084
274 0.0710 0.1676 0.1433 0.5083 0.1099
275 0.0380 0.1899 0.0536 0.4148 0.3035
276 0.0342 0.3000 0.0609 0.4231 0.1819
277 0.0294 0.2722 0.2722 0.3232 0.1033
278 0.0869 0.3059 0.1033 0.1885 0.3154
279 0.0683 0.7114 0.2007 0.0126 0.0071
280 0.0443 0.7148 0.2146 0.0110 0.0154
281 0.0549 0.0964 0.0964 0.5723 0.1801
282 0.0833 0.1053 0.2229 0.5347 0.0538
283 0.0501 0.4326 0.1860 0.2427 0.0886
284 0.0516 0.2661 0.3416 0.2832 0.0575
285 0.0742 0.2891 0.5151 0.1031 0.0183
286 0.0739 0.0934 0.1144 0.6382 0.0799
287 0.1177 0.1511 0.2532 0.4045 0.0737
288 0.0199 0.2281 0.1094 0.6299 0.0127
289 0.0406 0.2979 0.4758 0.1498 0.0359
290 0.2150 0.3252 0.3774 0.0404 0.0420
291 0.0334 0.2032 0.6260 0.1158 0.0214
292 0.0293 0.1852 0.4238 0.3569 0.0049
293 0.0300 0.4651 0.2866 0.2130 0.0053
294 0.0194 0.2598 0.5166 0.1992 0.0050
295 0.0196 0.1183 0.3879 0.4678 0.0065
296 0.0273 0.0882 0.6724 0.1837 0.0286
297 0.0732 0.3083 0.2988 0.2898 0.0296
298 0.0678 0.0831 0.6431 0.1962 0.0098
299 0.0663 0.1630 0.5513 0.2158 0.0037
300 0.0162 0.1088 0.2163 0.6460 0.0130
301 0.0235 0.1591 0.6802 0.1318 0.0052
302 0.0514 0.4041 0.4368 0.1038 0.0042
303 0.0461 0.4724 0.3403 0.1158 0.0254
304 0.0304 0.0609 0.4871 0.4165 0.0051
305 0.0634 0.1582 0.5879 0.1792 0.0116
306 0.0295 0.2251 0.6313 0.1115 0.0024
307 0.0579 0.0570 0.3081 0.5405 0.0362
308 0.0532 0.0448 0.4526 0.4250 0.0244
309 0.0603 0.4634 0.3962 0.0793 0.0009
310 0.0379 0.1548 0.2360 0.5571 0.0142
311 0.0897 0.4114 0.3989 0.0970 0.0031
312 0.0249 0.2551 0.4692 0.2473 0.0034
313 0.0517 0.4536 0.3118 0.1819 0.0011
314 0.1019 0.3188 0.3555 0.2090 0.0148
315 0.0853 0.1779 0.2979 0.4070 0.0321
316 0.0587 0.2715 0.3325 0.3325 0.0048
317 0.0073 0.0512 0.1393 0.7891 0.0134
318 0.0251 0.1857 0.6685 0.1199 0.0010
319 0.1263 0.2396 0.4341 0.1896 0.0104
320 0.0251 0.4854 0.1814 0.2681 0.0402
321 0.0761 0.0461 0.3926 0.4661 0.0192
322 0.0826 0.0866 0.3425 0.4609 0.0271
323 0.0398 0.0466 0.6328 0.2598 0.0208
324 0.0201 0.2107 0.7354 0.0326 0.0015
325 0.0014 0.0112 0.0201 0.9658 0.0013
326 0.0131 0.1365 0.3826 0.4614 0.0063
327 0.0236 0.3523 0.5542 0.0673 0.0025
328 0.0123 0.2333 0.4568 0.2949 0.0029
329 0.0316 0.1405 0.6201 0.2045 0.0034
330 0.0528 0.1931 0.3235 0.4219 0.0088
331 0.0494 0.3193 0.2566 0.3621 0.0126
332 0.0553 0.2659 0.3931 0.2744 0.0115
333 0.0099 0.1103 0.1484 0.7192 0.0119
334 0.0596 0.0881 0.4270 0.4075 0.0178
335 0.0602 0.3154 0.3057 0.3008 0.0179
336 0.0886 0.0807 0.5469 0.2389 0.0449
337 0.0676 0.0875 0.6880 0.1488 0.0079
338 0.0439 0.2301 0.4507 0.2374 0.0379
339 0.0120 0.5552 0.1340 0.2974 0.0014
340 0.0607 0.3359 0.2238 0.3748 0.0048
341 0.0126 0.3311 0.3582 0.2969 0.0012
342 0.0217 0.1437 0.0632 0.7646 0.0070
343 0.0459 0.3208 0.4316 0.1799 0.0217
344 0.0493 0.1791 0.3911 0.3674 0.0128
345 0.1577 0.0745 0.2332 0.5093 0.0254
346 0.0560 0.3101 0.3540 0.2756 0.0044
347 0.0578 0.0909 0.2759 0.5234 0.0518
348 0.0177 0.1152 0.6523 0.2119 0.0027
349 0.0518 0.2017 0.3027 0.4404 0.0034
350 0.0315 0.1503 0.3333 0.4702 0.0148
351 0.0232 0.2554 0.5078 0.2085 0.0050
352 0.0388 0.0778 0.2512 0.6216 0.0104
353 0.0283 0.1995 0.3237 0.4358 0.0127
354 0.0415 0.1906 0.6060 0.1532 0.0090
355 0.0638 0.4907 0.3120 0.1300 0.0035
356 0.0097 0.1259 0.0422 0.8208 0.0012
357 0.0282 0.0848 0.1355 0.7441 0.0076
358 0.0548 0.0383 0.4182 0.4592 0.0294
359 0.0585 0.1085 0.0928 0.7183 0.0219
360 0.0240 0.2224 0.2405 0.5088 0.0043
361 0.0373 0.1322 0.2430 0.5830 0.0045
362 0.0798 0.2495 0.3154 0.3306 0.0247
363 0.0662 0.4021 0.2328 0.2808 0.0181
364 0.0701 0.3069 0.1920 0.4260 0.0052
365 0.0254 0.1790 0.3142 0.4790 0.0025
366 0.0261 0.2554 0.4482 0.2676 0.0028
367 0.0968 0.0815 0.5400 0.2715 0.0100
368 0.0329 0.1631 0.3621 0.4365 0.0054
369 0.0623 0.0477 0.6001 0.2791 0.0112
370 0.0920 0.0695 0.3696 0.4529 0.0159
371 0.1183 0.0908 0.5474 0.2281 0.0155
372 0.1041 0.1295 0.5122 0.2308 0.0234
373 0.0728 0.0734 0.6484 0.1887 0.0166
374 0.1707 0.0537 0.2996 0.4639 0.0122
375 0.0500 0.1317 0.6582 0.1515 0.0086
376 0.0978 0.2576 0.4592 0.1689 0.0162
377 0.0370 0.3979 0.3098 0.2375 0.0176
378 0.0654 0.0367 0.8223 0.0551 0.0204
379 0.1055 0.1105 0.6768 0.0909 0.0162
380 0.2046 0.1619 0.3704 0.2111 0.0521
381 0.0741 0.3218 0.1952 0.3372 0.0718
382 0.0084 0.0275 0.3738 0.5786 0.0116
383 0.0123 0.0568 0.6445 0.2686 0.0179
384 0.0096 0.0520 0.4321 0.4600 0.0463
385 0.0072 0.0483 0.6216 0.3076 0.0153
386 0.0141 0.0599 0.5679 0.3391 0.0188
387 0.0125 0.0759 0.6982 0.2001 0.0131
388 0.0492 0.1665 0.6484 0.1163 0.0194
389 0.0629 0.2030 0.5967 0.1139 0.0237
390 0.0777 0.2546 0.4199 0.2284 0.0192
391 0.0629 0.2668 0.3823 0.2668 0.0208
392 0.0844 0.0668 0.4089 0.3962 0.0438
393 0.0820 0.1763 0.4866 0.2299 0.0252
394 0.0604 0.1340 0.3940 0.3760 0.0355
395 0.0495 0.2288 0.4275 0.2634 0.0310
396 0.0771 0.2064 0.4302 0.2451 0.0410
397 0.0835 0.3892 0.4275 0.0645 0.0354
398 0.0107 0.0659 0.7363 0.1696 0.0175
399 0.0130 0.0354 0.3984 0.4175 0.1356
400 0.0085 0.0477 0.4453 0.4453 0.0532
401 0.0291 0.0476 0.5034 0.3743 0.0454
402 0.0266 0.0628 0.1996 0.6855 0.0254
403 0.0083 0.0574 0.1007 0.8174 0.0161
404 0.2419 0.1091 0.1161 0.4736 0.0593
405 0.0143 0.0158 0.2737 0.6772 0.0192
406 0.0236 0.0265 0.2328 0.6948 0.0220
407 0.0155 0.0232 0.3467 0.5986 0.0160
408 0.0205 0.0431 0.7285 0.1960 0.0118
409 0.0121 0.0405 0.3967 0.5337 0.0169
410 0.0179 0.1373 0.6650 0.1580 0.0215
411 0.0223 0.2311 0.3992 0.2617 0.0856
412 0.0092 0.0421 0.3284 0.6040 0.0163
413 0.0337 0.0551 0.4470 0.4265 0.0378
414 0.0250 0.0409 0.3672 0.5342 0.0326
415 0.0375 0.3289 0.2225 0.4092 0.0019
416 0.0551 0.4653 0.2163 0.2610 0.0023
417 0.0222 0.1163 0.0366 0.8071 0.0176
418 0.0228 0.1454 0.0552 0.7500 0.0269
419 0.0543 0.3381 0.4014 0.1809 0.0253
420 0.1498 0.2451 0.3325 0.2693 0.0035
421 0.0652 0.1092 0.3582 0.4319 0.0355
422 0.0677 0.0562 0.4485 0.4084 0.0193
423 0.0731 0.0778 0.4014 0.4341 0.0136
424 0.0260 0.0648 0.4902 0.4001 0.0189
425 0.0101 0.0460 0.3909 0.5342 0.0190
426 0.0154 0.0357 0.4319 0.4971 0.0199
427 0.1082 0.4180 0.1729 0.2168 0.0842
428 0.0331 0.1505 0.1307 0.6641 0.0217
429 0.0148 0.5249 0.0622 0.3962 0.0017
430 0.0432 0.2839 0.2355 0.3823 0.0551
431 0.0300 0.3594 0.3650 0.2321 0.0134
432 0.0675 0.1985 0.1954 0.5229 0.0157
433 0.0591 0.1879 0.4724 0.2690 0.0115
434 0.1031 0.0646 0.3435 0.4551 0.0335
435 0.0290 0.4500 0.3848 0.1270 0.0093
436 0.0384 0.0833 0.1331 0.7192 0.0258
437 0.0824 0.1227 0.1516 0.6045 0.0389
438 0.0489 0.6855 0.1268 0.1309 0.0079
439 0.1174 0.4033 0.0943 0.3730 0.0118
440 0.0526 0.2549 0.5747 0.1131 0.0048
441 0.0113 0.0176 0.3042 0.6543 0.0130
442 0.0148 0.0310 0.3525 0.5903 0.0115
443 0.0094 0.0258 0.3318 0.6201 0.0131
444 0.0960 0.2693 0.4580 0.1633 0.0133
445 0.0045 0.1519 0.0323 0.8086 0.0029
446 0.0134 0.0227 0.3667 0.5859 0.0115
447 0.0173 0.0197 0.3501 0.5957 0.0174
448 0.0230 0.0686 0.6113 0.2798 0.0173
449 0.0200 0.1013 0.7607 0.1062 0.0120
450 0.0555 0.0449 0.2644 0.6245 0.0105
451 0.0410 0.0388 0.1243 0.7856 0.0103
452 0.0066 0.1064 0.6616 0.2019 0.0234
453 0.0050 0.1320 0.6099 0.2075 0.0456
454 0.0790 0.2081 0.1621 0.5229 0.0277
455 0.0392 0.1338 0.1381 0.6689 0.0200
456 0.0147 0.0356 0.4365 0.4946 0.0187
457 0.0202 0.0776 0.4504 0.4297 0.0221
458 0.0227 0.0883 0.1410 0.7388 0.0092
459 0.0188 0.5903 0.2969 0.0934 0.0007
460 0.0187 0.2428 0.1077 0.6299 0.0011
461 0.0156 0.3179 0.1729 0.4924 0.0013
462 0.0123 0.6641 0.2725 0.0504 0.0006
463 0.0137 0.8804 0.0668 0.0355 0.0039
464 0.2593 0.1796 0.2200 0.3328 0.0084
465 0.4072 0.0790 0.1333 0.3708 0.0095
466 0.2437 0.1525 0.2117 0.3865 0.0057
467 0.1029 0.3220 0.2338 0.3374 0.0041
468 0.0478 0.0186 0.1360 0.7827 0.0148
469 0.0289 0.0130 0.0571 0.8926 0.0085
470 0.0512 0.0532 0.1744 0.6899 0.0313
471 0.2039 0.1010 0.2966 0.3870 0.0117
472 0.1152 0.0756 0.1479 0.6528 0.0082
473 0.0684 0.0728 0.1978 0.6484 0.0127
474 0.0147 0.0237 0.2551 0.6934 0.0133
475 0.0090 0.0706 0.5254 0.3784 0.0168
476 0.0407 0.1514 0.1008 0.6997 0.0075
477 0.0384 0.1641 0.5210 0.2500 0.0264
478 0.0046 0.0727 0.5205 0.3467 0.0557
479 0.0027 0.1094 0.6299 0.2281 0.0299
480 0.0034 0.1188 0.6421 0.1958 0.0398
481 0.0029 0.0672 0.6479 0.2700 0.0121
482 0.0029 0.0650 0.5444 0.3303 0.0574
483 0.0124 0.2379 0.0377 0.7104 0.0015
484 0.0118 0.2289 0.0423 0.7158 0.0011
485 0.0099 0.2036 0.0284 0.7563 0.0017
486 0.0237 0.4844 0.0565 0.4341 0.0014
487 0.0319 0.3655 0.0351 0.5659 0.0018
488 0.2808 0.1411 0.1306 0.3718 0.0756
