time exciting_prob fearful_prob tense_prob sad_prob relaxing_prob
0 0.0566 0.0454 0.0303 0.2964 0.5713
1 0.0900 0.1630 0.0409 0.1965 0.5098
2 0.1061 0.1736 0.0393 0.3882 0.2930
3 0.0714 0.1648 0.0191 0.1132 0.6313
4 0.1137 0.1531 0.0936 0.0153 0.6245
5 0.0478 0.0577 0.0674 0.0429 0.7842
6 0.1517 0.3640 0.1948 0.0191 0.2705
7 0.4451 0.2308 0.0602 0.0503 0.2135
8 0.0597 0.1024 0.0527 0.2849 0.5000
9 0.1230 0.1508 0.0814 0.1656 0.4792
10 0.0931 0.0796 0.0388 0.0902 0.6982
11 0.0464 0.0152 0.0171 0.1724 0.7490
12 0.0778 0.0803 0.0502 0.1252 0.6665
13 0.1366 0.1215 0.1124 0.1957 0.4341
14 0.1962 0.3062 0.1100 0.0296 0.3579
15 0.1947 0.1436 0.1565 0.0594 0.4458
16 0.2507 0.1078 0.1697 0.1343 0.3374
17 0.1333 0.0874 0.3003 0.4651 0.0140
18 0.1083 0.3665 0.3608 0.1481 0.0162
19 0.2028 0.3396 0.3342 0.0712 0.0521
20 0.3064 0.1888 0.3528 0.1136 0.0384
21 0.1985 0.2798 0.3049 0.1864 0.0302
22 0.2079 0.0397 0.1835 0.5562 0.0129
23 0.0770 0.3372 0.0619 0.5142 0.0095
24 0.2054 0.2852 0.1326 0.3257 0.0511
25 0.1469 0.4248 0.0768 0.2966 0.0549
26 0.3218 0.3118 0.2666 0.0422 0.0577
27 0.1996 0.4939 0.1289 0.0415 0.1361
28 0.2537 0.4666 0.1689 0.0354 0.0756
29 0.2429 0.4683 0.2391 0.0086 0.0409
30 0.2052 0.3835 0.3601 0.0199 0.0312
31 0.1978 0.5210 0.2385 0.0090 0.0336
32 0.1957 0.0450 0.1868 0.5405 0.0322
33 0.3796 0.0620 0.1738 0.2451 0.1396
34 0.0544 0.0646 0.6938 0.1782 0.0088
35 0.1134 0.0804 0.0926 0.7056 0.0080
36 0.1719 0.1318 0.1298 0.5132 0.0533
37 0.0562 0.0265 0.0688 0.7998 0.0488
38 0.2008 0.0919 0.5049 0.1718 0.0306
39 0.1287 0.4780 0.3665 0.0171 0.0098
40 0.0959 0.5024 0.3347 0.0619 0.0053
41 0.0993 0.3333 0.2988 0.2477 0.0210
42 0.0754 0.7212 0.1023 0.0889 0.0124
43 0.0630 0.7329 0.0720 0.1178 0.0140
44 0.1454 0.0620 0.4548 0.3079 0.0298
45 0.3599 0.1987 0.1500 0.2084 0.0829
46 0.2390 0.0893 0.0839 0.5386 0.0493
47 0.2312 0.3208 0.0979 0.3208 0.0292
48 0.2920 0.4119 0.1527 0.1108 0.0325
49 0.3618 0.3296 0.1462 0.0207 0.1417
50 0.1774 0.5552 0.1720 0.0205 0.0751
51 0.0880 0.0644 0.2546 0.5474 0.0457
52 0.2903 0.1460 0.2996 0.1372 0.1268
53 0.4949 0.1644 0.1364 0.0887 0.1157
54 0.2479 0.2722 0.2294 0.0383 0.2120
55 0.1472 0.1543 0.5220 0.1405 0.0358
56 0.1722 0.0179 0.1279 0.6396 0.0422
57 0.2496 0.2917 0.1326 0.1285 0.1975
58 0.2257 0.3469 0.1539 0.0255 0.2479
59 0.2483 0.4565 0.2026 0.0150 0.0775
60 0.2825 0.3127 0.2379 0.1334 0.0332
61 0.2693 0.0625 0.1022 0.5112 0.0547
62 0.2417 0.4807 0.1235 0.1377 0.0164
63 0.3091 0.3967 0.1506 0.0995 0.0442
64 0.1733 0.2996 0.2026 0.2727 0.0516
65 0.3413 0.3691 0.1479 0.0986 0.0431
66 0.2341 0.5073 0.1660 0.0626 0.0298
67 0.2188 0.5166 0.1842 0.0473 0.0333
68 0.2839 0.4609 0.1138 0.1147 0.0266
69 0.2915 0.1169 0.0829 0.3203 0.1882
70 0.6123 0.0731 0.1512 0.0454 0.1178
71 0.0393 0.1028 0.0525 0.1450 0.6602
72 0.0637 0.1564 0.0346 0.0870 0.6582
73 0.0894 0.5605 0.2489 0.0176 0.0834
74 0.1628 0.3503 0.1935 0.0331 0.2603
75 0.3083 0.1526 0.4280 0.0750 0.0363
76 0.3008 0.0698 0.0332 0.5532 0.0427
77 0.5835 0.2629 0.0413 0.0471 0.0649
78 0.1429 0.5923 0.2015 0.0432 0.0201
79 0.1548 0.5845 0.2184 0.0178 0.0247
80 0.4673 0.0878 0.3210 0.0793 0.0445
81 0.1185 0.1969 0.5522 0.1046 0.0277
82 0.6377 0.1379 0.1256 0.0527 0.0462
83 0.5225 0.1923 0.1777 0.0367 0.0707
84 0.2734 0.2214 0.4614 0.0239 0.0200
85 0.2396 0.3225 0.3831 0.0487 0.0062
86 0.3291 0.2125 0.3848 0.0653 0.0082
87 0.3992 0.2402 0.2722 0.0786 0.0097
88 0.4648 0.2488 0.2450 0.0169 0.0244
89 0.2632 0.2756 0.1895 0.2147 0.0569
90 0.2832 0.2137 0.0677 0.3750 0.0603
91 0.4636 0.1145 0.0787 0.1830 0.1603
92 0.4985 0.2754 0.1095 0.0425 0.0741
93 0.1107 0.0848 0.1197 0.5532 0.1315
94 0.2462 0.1801 0.1692 0.3313 0.0734
95 0.2913 0.2866 0.1282 0.1940 0.0999
96 0.0356 0.0433 0.2717 0.6318 0.0172
97 0.0620 0.2632 0.4995 0.1500 0.0253
98 0.0621 0.3604 0.5000 0.0544 0.0230
99 0.0916 0.0834 0.6460 0.1376 0.0413
100 0.2568 0.3098 0.3147 0.0998 0.0188
101 0.2698 0.3306 0.3359 0.0557 0.0078
102 0.3086 0.2620 0.3445 0.0739 0.0111
103 0.1716 0.4521 0.3108 0.0082 0.0570
104 0.2546 0.3269 0.1892 0.0429 0.1863
105 0.1694 0.3643 0.3369 0.0176 0.1119
106 0.1492 0.5044 0.2830 0.0179 0.0455
107 0.1906 0.0505 0.5342 0.2092 0.0153
108 0.0573 0.1395 0.1792 0.6060 0.0180
109 0.1038 0.2549 0.4333 0.1594 0.0486
110 0.0865 0.6914 0.0996 0.1165 0.0060
111 0.0316 0.3936 0.1093 0.4602 0.0052
112 0.0685 0.3120 0.3823 0.2212 0.0160
113 0.0222 0.0108 0.0123 0.9453 0.0092
114 0.1311 0.0873 0.0460 0.6816 0.0542
115 0.2739 0.2634 0.1116 0.2418 0.1090
116 0.2034 0.1149 0.0895 0.5190 0.0731
117 0.4753 0.3069 0.1120 0.0782 0.0277
118 0.5889 0.1132 0.1523 0.1150 0.0307
119 0.0997 0.0741 0.2046 0.5562 0.0654
120 0.1003 0.2522 0.2405 0.3501 0.0571
121 0.1406 0.0922 0.2627 0.4683 0.0364
122 0.1997 0.1094 0.3452 0.2952 0.0505
123 0.2195 0.1086 0.1848 0.4646 0.0226
124 0.1993 0.4089 0.0768 0.2900 0.0249
125 0.4148 0.2327 0.0261 0.2382 0.0883
126 0.3142 0.2029 0.4570 0.0159 0.0100
127 0.2410 0.4363 0.1508 0.0478 0.1240
128 0.2893 0.4082 0.1990 0.0225 0.0810
129 0.1274 0.1284 0.2698 0.3254 0.1489
130 0.3816 0.2388 0.2483 0.0205 0.1110
131 0.2632 0.2551 0.2915 0.1713 0.0189
132 0.4917 0.1409 0.1123 0.1910 0.0640
133 0.1652 0.3284 0.4487 0.0360 0.0217
134 0.2355 0.2247 0.3169 0.1863 0.0367
135 0.4026 0.0927 0.4353 0.0566 0.0128
136 0.1376 0.4509 0.2452 0.0329 0.1333
137 0.2822 0.2491 0.3569 0.0784 0.0334
138 0.5107 0.2588 0.0747 0.0300 0.1261
139 0.3328 0.3772 0.2571 0.0189 0.0141
140 0.2844 0.4204 0.2050 0.0382 0.0518
141 0.2844 0.3223 0.2778 0.0697 0.0461
142 0.1613 0.0672 0.2700 0.4666 0.0349
143 0.1897 0.2324 0.3127 0.1315 0.1335
144 0.5254 0.3162 0.0844 0.0648 0.0094
145 0.0825 0.2661 0.3159 0.2878 0.0477
146 0.1732 0.0512 0.0571 0.5771 0.1414
147 0.4011 0.0868 0.1511 0.1376 0.2233
148 0.0457 0.4985 0.1497 0.2585 0.0475
149 0.1093 0.5093 0.0508 0.2993 0.0313
150 0.1720 0.3289 0.2583 0.2157 0.0252
151 0.1974 0.1587 0.2656 0.3464 0.0317
152 0.1969 0.1710 0.3564 0.2450 0.0307
153 0.1259 0.6963 0.1628 0.0095 0.0056
154 0.1749 0.5220 0.2585 0.0355 0.0090
155 0.6240 0.1448 0.0825 0.0402 0.1085
156 0.3271 0.0275 0.2146 0.3220 0.1087
157 0.4470 0.0342 0.0559 0.3943 0.0685
158 0.2457 0.0904 0.0962 0.5039 0.0636
159 0.3096 0.1138 0.1982 0.3193 0.0591
160 0.6304 0.1353 0.1184 0.0944 0.0216
161 0.5454 0.1490 0.1715 0.1032 0.0310
162 0.2085 0.3035 0.3958 0.0548 0.0377
163 0.0209 0.5791 0.2340 0.1354 0.0305
164 0.0426 0.3945 0.4612 0.0982 0.0034
165 0.1580 0.4363 0.3345 0.0572 0.0142
166 0.2108 0.2971 0.2622 0.1019 0.1278
167 0.2520 0.1677 0.2559 0.2441 0.0805
168 0.2299 0.2061 0.3396 0.2125 0.0120
169 0.0733 0.7642 0.1287 0.0294 0.0046
170 0.2561 0.2157 0.0723 0.1060 0.3501
171 0.1136 0.2122 0.4973 0.1228 0.0541
172 0.1656 0.0989 0.3560 0.1270 0.2524
173 0.2377 0.0443 0.2571 0.4106 0.0502
174 0.3462 0.0709 0.3743 0.1941 0.0146
175 0.0631 0.3896 0.4927 0.0162 0.0383
176 0.3740 0.4172 0.1609 0.0430 0.0048
177 0.3184 0.1744 0.3901 0.1026 0.0143
178 0.2155 0.1190 0.1528 0.5010 0.0117
179 0.3547 0.1400 0.2290 0.2678 0.0085
180 0.0451 0.1099 0.3547 0.4700 0.0205
181 0.4009 0.3376 0.2284 0.0182 0.0149
182 0.0518 0.1132 0.1925 0.6313 0.0113
183 0.2112 0.1204 0.3145 0.3350 0.0190
184 0.3435 0.1196 0.2271 0.2983 0.0113
185 0.0808 0.3223 0.3430 0.2432 0.0108
186 0.0836 0.1575 0.2363 0.5005 0.0222
187 0.1952 0.6104 0.1450 0.0179 0.0314
188 0.2474 0.4209 0.2717 0.0407 0.0194
189 0.2102 0.0786 0.3689 0.3359 0.0064
190 0.1583 0.0888 0.1376 0.5972 0.0180
191 0.0925 0.1676 0.1676 0.4148 0.1575
192 0.0863 0.1091 0.4666 0.3108 0.0274
193 0.0995 0.0326 0.1449 0.7129 0.0101
194 0.2576 0.3521 0.1975 0.1826 0.0103
195 0.0892 0.1076 0.4255 0.3474 0.0301
196 0.0913 0.0537 0.5171 0.3289 0.0091
197 0.1456 0.2186 0.5244 0.1083 0.0028
198 0.3318 0.1775 0.2427 0.2371 0.0111
199 0.0223 0.8496 0.0754 0.0443 0.0083
200 0.1687 0.3489 0.3435 0.1345 0.0042
201 0.2202 0.1315 0.3254 0.2456 0.0773
202 0.2322 0.1243 0.5317 0.0991 0.0128
203 0.0537 0.0980 0.2664 0.4460 0.1360
204 0.0812 0.0292 0.1059 0.1746 0.6094
205 0.1311 0.1464 0.4507 0.1185 0.1533
206 0.2793 0.4258 0.1859 0.0728 0.0363
207 0.1163 0.0415 0.1415 0.2296 0.4712
208 0.0635 0.4370 0.0902 0.3918 0.0173
209 0.0828 0.3599 0.3713 0.1809 0.0050
210 0.0368 0.1503 0.3718 0.3440 0.0970
211 0.0785 0.2052 0.1755 0.1389 0.4019
212 0.2372 0.0619 0.4163 0.1555 0.1290
213 0.0722 0.1436 0.3286 0.0272 0.4285
214 0.2124 0.3188 0.1460 0.2124 0.1102
215 0.1969 0.2610 0.2820 0.2339 0.0262
216 0.1786 0.5762 0.1626 0.0704 0.0121
217 0.2722 0.3550 0.3440 0.0031 0.0255
218 0.1433 0.1550 0.2021 0.4084 0.0911
219 0.1152 0.4023 0.3386 0.1033 0.0405
220 0.3049 0.1793 0.3796 0.1232 0.0129
221 0.0388 0.5610 0.2910 0.1054 0.0037
222 0.0175 0.7510 0.1898 0.0398 0.0020
223 0.1035 0.4060 0.2971 0.1859 0.0076
224 0.5859 0.0520 0.2681 0.0818 0.0123
225 0.2817 0.2839 0.2817 0.1331 0.0198
226 0.0468 0.0797 0.7324 0.1141 0.0269
227 0.1479 0.0955 0.6426 0.0575 0.0562
228 0.1841 0.1274 0.3604 0.2896 0.0386
229 0.2795 0.2195 0.3320 0.1384 0.0304
230 0.1348 0.1227 0.5586 0.1799 0.0039
231 0.1531 0.1997 0.5557 0.0685 0.0229
232 0.1853 0.3572 0.4175 0.0343 0.0057
233 0.2856 0.1328 0.5088 0.0580 0.0147
234 0.2974 0.2646 0.3789 0.0490 0.0101
235 0.1600 0.1930 0.5942 0.0500 0.0026
236 0.2593 0.4446 0.1388 0.0731 0.0842
237 0.3931 0.3208 0.0817 0.1066 0.0978
238 0.2200 0.1007 0.1304 0.4175 0.1313
239 0.1243 0.3516 0.3276 0.1910 0.0056
240 0.0788 0.1361 0.2793 0.4902 0.0153
241 0.1982 0.0981 0.2751 0.4004 0.0281
242 0.1830 0.3262 0.3064 0.1615 0.0229
243 0.0296 0.7070 0.0871 0.1603 0.0161
244 0.0893 0.4192 0.2749 0.1860 0.0304
245 0.0595 0.0321 0.8672 0.0375 0.0037
246 0.1576 0.2537 0.0566 0.2188 0.3132
247 0.0493 0.3589 0.3879 0.0718 0.1320
248 0.1407 0.1354 0.4912 0.2250 0.0077
249 0.0710 0.2025 0.7178 0.0080 0.0007
250 0.2629 0.3650 0.2979 0.0670 0.0071
251 0.2996 0.0652 0.2406 0.2369 0.1578
252 0.0518 0.2864 0.2568 0.3098 0.0952
253 0.0823 0.0682 0.6274 0.1854 0.0368
254 0.1647 0.5112 0.3052 0.0070 0.0121
255 0.2795 0.1212 0.3347 0.2411 0.0235
256 0.0247 0.6943 0.0437 0.2363 0.0009
257 0.1661 0.2512 0.4409 0.1196 0.0220
258 0.1969 0.0718 0.4949 0.2301 0.0063
259 0.1505 0.2444 0.1219 0.4709 0.0122
260 0.0598 0.3752 0.4526 0.1010 0.0115
261 0.1163 0.3726 0.2260 0.2600 0.0253
262 0.1410 0.0646 0.0961 0.3601 0.3381
263 0.0771 0.1290 0.0696 0.3508 0.3735
264 0.0700 0.0757 0.1209 0.3667 0.3667
265 0.1282 0.3538 0.2629 0.1969 0.0582
266 0.0349 0.3750 0.0544 0.5288 0.0070
267 0.1345 0.2437 0.2512 0.3657 0.0048
268 0.1726 0.1699 0.3831 0.2512 0.0234
269 0.3044 0.1416 0.3760 0.1394 0.0384
270 0.0995 0.0800 0.7124 0.0800 0.0283
271 0.1183 0.0752 0.3477 0.4326 0.0262
272 0.0446 0.0807 0.1509 0.6973 0.0264
273 0.0607 0.1550 0.3386 0.3132 0.1326
274 0.1213 0.3977 0.2197 0.1113 0.1498
275 0.0505 0.2976 0.1951 0.4263 0.0306
276 0.2321 0.4990 0.2267 0.0239 0.0182
277 0.0945 0.6875 0.1711 0.0426 0.0042
278 0.0579 0.5361 0.2343 0.1687 0.0029
279 0.1295 0.3181 0.2852 0.0773 0.1899
280 0.2061 0.0974 0.2159 0.3345 0.1461
281 0.1559 0.3569 0.3682 0.0854 0.0337
282 0.1439 0.6978 0.1037 0.0212 0.0334
283 0.1843 0.5635 0.1228 0.0652 0.0642
284 0.2183 0.6313 0.0984 0.0228 0.0291
285 0.1115 0.7100 0.1072 0.0340 0.0376
286 0.1417 0.7085 0.1095 0.0337 0.0066
287 0.0295 0.4688 0.1242 0.3767 0.0007
288 0.4297 0.3792 0.1439 0.0248 0.0222
289 0.3257 0.5371 0.1009 0.0287 0.0079
290 0.1703 0.1368 0.4084 0.2722 0.0122
291 0.0905 0.0673 0.2136 0.6182 0.0103
292 0.0865 0.0577 0.2280 0.6011 0.0268
293 0.1858 0.0603 0.2139 0.5210 0.0190
294 0.1553 0.1019 0.2224 0.5093 0.0112
295 0.1517 0.0594 0.3315 0.4255 0.0318
296 0.1787 0.1050 0.2812 0.3667 0.0684
297 0.3198 0.0765 0.2610 0.3298 0.0128
298 0.1300 0.1619 0.2930 0.3823 0.0329
299 0.1283 0.0909 0.1621 0.4841 0.1344
300 0.0914 0.3242 0.4431 0.1351 0.0060
301 0.2379 0.3252 0.2035 0.1089 0.1244
302 0.0972 0.3999 0.2244 0.1980 0.0806
303 0.3359 0.1074 0.1929 0.3521 0.0119
304 0.1168 0.2435 0.2847 0.3381 0.0168
305 0.0963 0.1357 0.2274 0.4890 0.0515
306 0.0923 0.1078 0.2932 0.4402 0.0665
307 0.5610 0.0742 0.2017 0.1396 0.0235
308 0.0636 0.0544 0.1930 0.6733 0.0156
309 0.1276 0.0557 0.1716 0.6279 0.0173
310 0.2808 0.0398 0.2256 0.4417 0.0124
311 0.0606 0.1098 0.2634 0.5239 0.0423
312 0.1705 0.0806 0.4221 0.2947 0.0320
313 0.1930 0.1327 0.2119 0.4487 0.0137
314 0.3228 0.1598 0.2634 0.2474 0.0068
315 0.2377 0.2610 0.2693 0.2233 0.0088
316 0.0941 0.0341 0.1992 0.6533 0.0194
317 0.0958 0.0712 0.3562 0.4573 0.0196
318 0.0347 0.2245 0.6099 0.1094 0.0214
319 0.0681 0.1880 0.4441 0.2822 0.0175
320 0.1028 0.1804 0.4905 0.1617 0.0643
321 0.1459 0.1298 0.0950 0.1903 0.4390
322 0.1934 0.2815 0.2771 0.1309 0.1173
323 0.1528 0.0768 0.3904 0.3726 0.0074
324 0.3967 0.0326 0.3787 0.1816 0.0105
325 0.1945 0.3577 0.2576 0.0804 0.1099
326 0.0536 0.0257 0.0580 0.8521 0.0106
327 0.0953 0.1244 0.0687 0.1584 0.5532
328 0.0428 0.0227 0.1042 0.8198 0.0106
329 0.1125 0.4810 0.3865 0.0105 0.0097
330 0.1360 0.1404 0.2542 0.4602 0.0093
331 0.0822 0.2825 0.3406 0.2416 0.0531
332 0.0320 0.0160 0.0203 0.3184 0.6133
333 0.0933 0.1236 0.3809 0.3809 0.0215
334 0.0664 0.0550 0.0696 0.7964 0.0128
335 0.2427 0.2544 0.3369 0.1003 0.0658
336 0.1519 0.3020 0.4534 0.0879 0.0048
337 0.0476 0.1216 0.2273 0.5713 0.0322
338 0.0308 0.0950 0.1565 0.6802 0.0378
339 0.1094 0.1299 0.3586 0.3818 0.0201
340 0.1383 0.5059 0.3215 0.0228 0.0115
341 0.0684 0.4189 0.4976 0.0096 0.0053
342 0.1737 0.2230 0.4038 0.1417 0.0577
343 0.2441 0.1992 0.3840 0.1277 0.0448
344 0.2556 0.1650 0.3660 0.1869 0.0265
345 0.1473 0.1450 0.3169 0.3535 0.0373
346 0.2169 0.2102 0.3359 0.2069 0.0300
347 0.1772 0.1403 0.3064 0.3472 0.0289
348 0.0718 0.0443 0.0789 0.7607 0.0443
349 0.1013 0.0501 0.0966 0.6812 0.0707
350 0.2037 0.2830 0.2496 0.2310 0.0327
351 0.2037 0.2830 0.2496 0.2310 0.0327
352 0.2037 0.2830 0.2496 0.2310 0.0327
353 0.8623 0.0895 0.0203 0.0078 0.0203
354 0.8555 0.0945 0.0213 0.0072 0.0214
355 0.8618 0.0880 0.0208 0.0084 0.0211
356 0.8618 0.0880 0.0208 0.0084 0.0211
