time exciting_prob fearful_prob tense_prob sad_prob relaxing_prob
0 0.3105 0.3865 0.2698 0.0225 0.0109
1 0.2286 0.5234 0.2323 0.0091 0.0065
2 0.1494 0.5684 0.2683 0.0104 0.0035
3 0.0744 0.0672 0.5454 0.1771 0.1357
4 0.1890 0.1249 0.4463 0.1616 0.0782
5 0.0999 0.0596 0.5483 0.1986 0.0938
6 0.0543 0.4443 0.4175 0.0828 0.0010
7 0.0587 0.5317 0.3489 0.0597 0.0010
8 0.0573 0.0724 0.8291 0.0337 0.0076
9 0.0996 0.2583 0.6294 0.0072 0.0053
10 0.0907 0.2625 0.6392 0.0037 0.0040
11 0.2323 0.3831 0.3030 0.0714 0.0101
12 0.1478 0.3718 0.2595 0.1812 0.0398
13 0.2173 0.2522 0.3904 0.0928 0.0474
14 0.4673 0.2561 0.1541 0.0658 0.0567
15 0.3662 0.3494 0.0970 0.1125 0.0750
16 0.4016 0.1572 0.0803 0.3127 0.0480
17 0.1273 0.3225 0.5317 0.0109 0.0074
18 0.0784 0.2454 0.6465 0.0261 0.0036
19 0.0975 0.4951 0.3567 0.0471 0.0035
20 0.1129 0.6006 0.2502 0.0323 0.0039
21 0.2913 0.2377 0.3149 0.1063 0.0498
22 0.4883 0.1225 0.3103 0.0379 0.0410
23 0.0157 0.0858 0.1693 0.7241 0.0048
24 0.0100 0.0479 0.1440 0.2954 0.5024
25 0.4661 0.1561 0.1769 0.1235 0.0773
26 0.5215 0.1448 0.2443 0.0455 0.0442
27 0.6587 0.0964 0.1641 0.0154 0.0652
28 0.1176 0.6113 0.1333 0.1063 0.0314
29 0.1155 0.3477 0.2837 0.2209 0.0321
30 0.0421 0.1628 0.5864 0.2010 0.0075
31 0.0170 0.3816 0.3999 0.1964 0.0053
32 0.0184 0.1967 0.1461 0.5967 0.0422
33 0.0133 0.1642 0.5513 0.2644 0.0070
34 0.5864 0.1448 0.1964 0.0236 0.0489
35 0.2493 0.2983 0.2252 0.1047 0.1224
36 0.0141 0.7803 0.0875 0.1160 0.0021
37 0.0171 0.6890 0.0767 0.2152 0.0018
38 0.0388 0.6260 0.1354 0.1940 0.0057
39 0.0214 0.1013 0.3733 0.5024 0.0014
40 0.0570 0.0552 0.7051 0.1782 0.0044
41 0.0485 0.2644 0.3557 0.3215 0.0098
42 0.3027 0.2340 0.2651 0.1595 0.0385
43 0.0365 0.0370 0.4016 0.5234 0.0013
44 0.0132 0.0900 0.2159 0.6758 0.0051
45 0.3147 0.2197 0.3076 0.1282 0.0297
46 0.0183 0.0263 0.1039 0.8306 0.0210
47 0.1501 0.2400 0.3230 0.2477 0.0392
48 0.4260 0.1351 0.3142 0.0845 0.0403
49 0.4211 0.2004 0.2656 0.0883 0.0247
50 0.1531 0.3267 0.2793 0.2125 0.0285
51 0.1155 0.0728 0.5913 0.2174 0.0031
52 0.4050 0.1611 0.3105 0.0656 0.0579
53 0.4509 0.0193 0.1176 0.4075 0.0047
54 0.5425 0.1309 0.2351 0.0205 0.0712
55 0.5723 0.1218 0.1746 0.0372 0.0942
56 0.2766 0.1349 0.5293 0.0580 0.0011
57 0.3672 0.2316 0.3616 0.0347 0.0049
58 0.0132 0.0983 0.6113 0.2756 0.0018
59 0.0205 0.0715 0.6274 0.2786 0.0020
60 0.0195 0.2202 0.5283 0.2290 0.0028
61 0.1116 0.2720 0.4180 0.1959 0.0026
62 0.0258 0.3586 0.4607 0.1531 0.0017
63 0.0350 0.3027 0.4653 0.1940 0.0031
64 0.0706 0.1667 0.6392 0.1128 0.0107
65 0.0380 0.3469 0.4670 0.1403 0.0079
66 0.0236 0.5537 0.2986 0.1226 0.0017
67 0.0258 0.2125 0.2484 0.5098 0.0036
68 0.0441 0.2480 0.6138 0.0871 0.0068
69 0.0300 0.0626 0.2255 0.6733 0.0087
70 0.0362 0.3630 0.5200 0.0693 0.0116
71 0.0473 0.5947 0.2257 0.1266 0.0055
72 0.0189 0.5791 0.2822 0.1176 0.0024
73 0.0120 0.2766 0.5591 0.1504 0.0020
74 0.0084 0.6465 0.3303 0.0140 0.0009
75 0.0824 0.1786 0.5249 0.2120 0.0020
76 0.0338 0.3237 0.3262 0.3088 0.0073
77 0.0710 0.2598 0.4319 0.2347 0.0024
78 0.0490 0.3003 0.4951 0.1534 0.0020
79 0.0366 0.2996 0.5552 0.1068 0.0019
80 0.0222 0.0474 0.4460 0.4824 0.0019
81 0.0226 0.2996 0.6392 0.0358 0.0028
82 0.0204 0.3782 0.5679 0.0287 0.0051
83 0.0151 0.4067 0.5562 0.0199 0.0022
84 0.0135 0.1372 0.5688 0.2729 0.0077
85 0.0125 0.1561 0.6226 0.2052 0.0038
86 0.0118 0.4355 0.4290 0.1229 0.0009
87 0.0101 0.3506 0.5430 0.0936 0.0024
88 0.0130 0.4929 0.4087 0.0837 0.0018
89 0.0268 0.3242 0.4941 0.1495 0.0052
90 0.0220 0.3684 0.5278 0.0803 0.0014
91 0.0134 0.2646 0.5688 0.1520 0.0013
92 0.0172 0.2656 0.6079 0.1073 0.0020
93 0.0341 0.4788 0.4292 0.0504 0.0076
94 0.0316 0.4934 0.3843 0.0858 0.0051
95 0.0148 0.4148 0.5327 0.0278 0.0099
96 0.0244 0.0878 0.6689 0.2139 0.0051
97 0.0611 0.0829 0.7559 0.0992 0.0009
98 0.0729 0.1175 0.6304 0.1777 0.0015
99 0.0165 0.3821 0.5918 0.0077 0.0016
100 0.0266 0.0808 0.7090 0.1820 0.0016
101 0.0177 0.0540 0.9004 0.0276 0.0004
102 0.0589 0.3257 0.5415 0.0727 0.0015
103 0.0372 0.3667 0.5679 0.0225 0.0058
104 0.0268 0.3589 0.4829 0.1270 0.0046
105 0.0185 0.4019 0.5449 0.0315 0.0030
106 0.0222 0.2688 0.6450 0.0577 0.0061
107 0.0015 0.8110 0.1454 0.0417 0.0003
108 0.0288 0.4336 0.4800 0.0494 0.0083
109 0.0032 0.8564 0.1234 0.0164 0.0003
110 0.0228 0.4146 0.4414 0.0779 0.0434
111 0.0258 0.2030 0.6812 0.0873 0.0025
112 0.0258 0.1981 0.5059 0.2666 0.0036
113 0.0407 0.4114 0.3896 0.1378 0.0205
114 0.0508 0.5127 0.3811 0.0508 0.0045
115 0.0281 0.3699 0.4675 0.1298 0.0049
116 0.0104 0.0819 0.8018 0.1052 0.0008
117 0.1554 0.3816 0.2793 0.1554 0.0283
118 0.0463 0.2861 0.5781 0.0740 0.0156
119 0.0150 0.0746 0.8735 0.0363 0.0004
120 0.0193 0.0877 0.7881 0.1042 0.0007
121 0.0455 0.1871 0.5591 0.2040 0.0044
122 0.0285 0.1327 0.7578 0.0799 0.0009
123 0.0429 0.0529 0.4832 0.4197 0.0013
124 0.0922 0.0929 0.4363 0.3674 0.0111
125 0.0741 0.0559 0.1848 0.6763 0.0089
126 0.1472 0.0176 0.2351 0.5913 0.0089
127 0.2115 0.0835 0.5156 0.1809 0.0087
128 0.2910 0.0483 0.3198 0.3247 0.0162
129 0.3303 0.1366 0.3862 0.1206 0.0261
130 0.7471 0.0240 0.1459 0.0658 0.0174
131 0.4209 0.0480 0.2698 0.2201 0.0414
132 0.1163 0.2812 0.4819 0.0558 0.0647
133 0.1619 0.3943 0.2930 0.1311 0.0198
134 0.1725 0.0353 0.6934 0.0909 0.0081
135 0.0788 0.0474 0.7021 0.1616 0.0098
136 0.1791 0.1581 0.5264 0.1121 0.0242
137 0.2878 0.2683 0.2581 0.1517 0.0341
138 0.0804 0.1469 0.7227 0.0242 0.0259
139 0.2993 0.0898 0.4253 0.0431 0.1425
140 0.2666 0.3066 0.4128 0.0082 0.0059
141 0.1464 0.3352 0.4653 0.0367 0.0164
142 0.2529 0.0766 0.4238 0.2396 0.0070
143 0.0505 0.2886 0.5308 0.1029 0.0273
144 0.1742 0.1016 0.3745 0.1898 0.1598
145 0.1344 0.0620 0.2065 0.5703 0.0265
146 0.2026 0.0266 0.3289 0.4358 0.0060
147 0.1443 0.3127 0.3745 0.1216 0.0469
148 0.1254 0.3831 0.4409 0.0351 0.0157
149 0.3469 0.3665 0.2024 0.0512 0.0331
150 0.5781 0.2045 0.1669 0.0186 0.0319
151 0.4182 0.1899 0.3035 0.0327 0.0557
152 0.2148 0.3860 0.2341 0.0337 0.1313
153 0.1425 0.4319 0.2539 0.0188 0.1528
154 0.2588 0.2888 0.3887 0.0382 0.0254
155 0.4304 0.2549 0.1149 0.1014 0.0983
156 0.3894 0.2438 0.2219 0.0798 0.0651
157 0.3384 0.2085 0.2634 0.0992 0.0904
158 0.0356 0.2397 0.6074 0.1115 0.0058
159 0.1040 0.4963 0.3254 0.0621 0.0121
160 0.0200 0.0683 0.4248 0.4814 0.0053
161 0.0102 0.5723 0.3262 0.0858 0.0053
162 0.0305 0.5029 0.4236 0.0192 0.0235
163 0.5269 0.2393 0.1462 0.0530 0.0347
164 0.1053 0.3762 0.3093 0.0654 0.1439
165 0.0785 0.4143 0.4480 0.0458 0.0134
166 0.1129 0.5913 0.1643 0.0907 0.0406
167 0.0806 0.3755 0.4973 0.0349 0.0117
168 0.0595 0.1342 0.5430 0.2300 0.0331
169 0.5820 0.0297 0.1591 0.1530 0.0764
170 0.4702 0.0346 0.1638 0.2402 0.0912
171 0.2307 0.0230 0.0056 0.7388 0.0016
172 0.3931 0.0532 0.0074 0.5415 0.0046
173 0.5425 0.0521 0.0099 0.3938 0.0018
174 0.2876 0.0263 0.0065 0.6738 0.0057
175 0.4863 0.0301 0.0039 0.4714 0.0082
176 0.5210 0.0299 0.0033 0.4421 0.0036
177 0.4250 0.0641 0.2479 0.1946 0.0683
178 0.6616 0.0483 0.0075 0.2800 0.0025
179 0.3987 0.0312 0.0053 0.5620 0.0029
180 0.0643 0.2544 0.2076 0.0826 0.3911
181 0.1046 0.0840 0.0605 0.0193 0.7314
182 0.0133 0.0487 0.0479 0.0134 0.8765
183 0.0079 0.0119 0.0999 0.0697 0.8105
184 0.0080 0.0084 0.1719 0.0994 0.7124
185 0.0282 0.0704 0.0213 0.0085 0.8716
186 0.0270 0.0652 0.0414 0.0343 0.8320
187 0.0277 0.0596 0.0450 0.0049 0.8628
188 0.4092 0.1154 0.1615 0.2368 0.0769
189 0.1105 0.1213 0.6982 0.0573 0.0124
190 0.1644 0.4871 0.2908 0.0479 0.0097
191 0.0433 0.3857 0.4106 0.1488 0.0115
192 0.2159 0.0352 0.3533 0.3645 0.0311
193 0.3669 0.0942 0.3877 0.1309 0.0202
194 0.0204 0.0316 0.0181 0.0220 0.9077
195 0.3398 0.1580 0.2354 0.2109 0.0559
196 0.0391 0.0600 0.0453 0.0076 0.8481
197 0.0378 0.0474 0.0402 0.0087 0.8662
198 0.3159 0.0811 0.3931 0.1871 0.0227
199 0.0312 0.0573 0.0201 0.0089 0.8823
200 0.1984 0.1364 0.1292 0.0295 0.5068
201 0.0817 0.1411 0.0682 0.0253 0.6836
202 0.0461 0.2437 0.2676 0.3716 0.0709
203 0.0903 0.4375 0.3625 0.0388 0.0709
204 0.0778 0.2217 0.1097 0.2632 0.3276
205 0.1935 0.2408 0.1052 0.2815 0.1790
206 0.1733 0.2369 0.2208 0.0851 0.2837
207 0.1373 0.1290 0.0490 0.2014 0.4832
208 0.0712 0.5645 0.1028 0.0988 0.1630
209 0.1901 0.2898 0.0647 0.1469 0.3086
210 0.3542 0.1809 0.1215 0.0332 0.3101
211 0.2881 0.2091 0.1517 0.1995 0.1517
212 0.0503 0.1065 0.0743 0.5327 0.2363
213 0.0395 0.4451 0.3281 0.0259 0.1613
214 0.0152 0.2150 0.2847 0.2983 0.1868
215 0.0660 0.0771 0.1322 0.4617 0.2629
216 0.2537 0.2104 0.3062 0.1704 0.0594
217 0.1871 0.2329 0.3037 0.2024 0.0739
218 0.0981 0.1891 0.3533 0.3020 0.0576
219 0.0341 0.3721 0.3059 0.0441 0.2439
220 0.0592 0.4106 0.2164 0.1344 0.1794
221 0.1644 0.0867 0.2842 0.0997 0.3650
222 0.2195 0.3047 0.2014 0.0619 0.2126
223 0.1720 0.1027 0.1268 0.0520 0.5464
224 0.0591 0.2354 0.2467 0.1921 0.2668
225 0.0906 0.5952 0.2278 0.0558 0.0306
226 0.0623 0.2500 0.0844 0.2278 0.3755
227 0.0231 0.0195 0.0334 0.0015 0.9224
228 0.0117 0.0275 0.1022 0.2610 0.5977
229 0.0670 0.0937 0.1556 0.0337 0.6499
230 0.0805 0.2598 0.1218 0.2479 0.2898
231 0.0973 0.2881 0.0928 0.2244 0.2974
232 0.0152 0.2211 0.5469 0.1936 0.0231
233 0.0240 0.0201 0.0141 0.0054 0.9365
234 0.0143 0.0200 0.0291 0.0185 0.9185
235 0.2295 0.0504 0.1381 0.0728 0.5093
236 0.0677 0.0120 0.0598 0.0225 0.8379
237 0.1189 0.0312 0.1445 0.0265 0.6787
238 0.0043 0.4067 0.5557 0.0215 0.0116
239 0.0847 0.1880 0.2097 0.0771 0.4404
240 0.0890 0.2238 0.1116 0.2069 0.3689
241 0.0209 0.0470 0.0478 0.0041 0.8804
242 0.0073 0.2739 0.3203 0.0298 0.3687
243 0.0075 0.3677 0.3621 0.1968 0.0659
244 0.0723 0.1517 0.0679 0.1615 0.5464
245 0.0853 0.1631 0.0776 0.0342 0.6396
246 0.0975 0.2610 0.0464 0.1301 0.4651
247 0.0203 0.0637 0.0408 0.0305 0.8447
248 0.0219 0.0374 0.0431 0.5254 0.3723
249 0.1361 0.1111 0.2666 0.2881 0.1981
250 0.2922 0.0234 0.0571 0.0459 0.5811
251 0.2213 0.0468 0.0944 0.0634 0.5742
252 0.2218 0.1796 0.3743 0.1196 0.1047
253 0.2808 0.2764 0.1327 0.2639 0.0462
254 0.2920 0.3013 0.2310 0.1412 0.0346
255 0.0876 0.1041 0.1357 0.0146 0.6577
256 0.0534 0.0736 0.1105 0.0076 0.7549
257 0.0449 0.0952 0.1221 0.0126 0.7251
258 0.2068 0.1573 0.1432 0.1989 0.2939
259 0.3298 0.1533 0.0759 0.1698 0.2712
260 0.1812 0.1549 0.0351 0.5801 0.0487
261 0.0049 0.5137 0.0865 0.3938 0.0011
262 0.0940 0.0850 0.3633 0.4519 0.0058
263 0.2499 0.3184 0.3284 0.0571 0.0462
264 0.1992 0.2517 0.4490 0.0617 0.0383
265 0.4993 0.1105 0.0754 0.0120 0.3027
266 0.0851 0.4426 0.2426 0.0173 0.2124
267 0.0790 0.2323 0.3740 0.1047 0.2098
268 0.2622 0.2856 0.2351 0.0128 0.2042
269 0.1586 0.0933 0.2202 0.0317 0.4963
270 0.0479 0.1656 0.4575 0.0471 0.2817
271 0.0554 0.1249 0.6646 0.1068 0.0482
272 0.0731 0.2983 0.4844 0.0992 0.0450
273 0.0770 0.2566 0.1804 0.0358 0.4502
274 0.0738 0.5327 0.1041 0.0129 0.2764
275 0.0282 0.7852 0.1570 0.0163 0.0135
276 0.2299 0.3940 0.1461 0.0859 0.1439
277 0.2378 0.0848 0.2269 0.2323 0.2183
278 0.1161 0.3206 0.2186 0.0704 0.2742
279 0.1149 0.5747 0.2529 0.0081 0.0494
280 0.1927 0.4048 0.2289 0.0271 0.1466
281 0.2291 0.3108 0.2786 0.0588 0.1227
282 0.1943 0.4624 0.1169 0.0548 0.1715
283 0.1703 0.3777 0.2457 0.0883 0.1179
284 0.1871 0.3013 0.1842 0.2384 0.0891
285 0.0483 0.4731 0.3984 0.0176 0.0626
286 0.3440 0.1870 0.3662 0.0688 0.0338
287 0.3113 0.2242 0.3611 0.0520 0.0512
288 0.1761 0.2949 0.3643 0.1239 0.0409
289 0.1375 0.5435 0.2607 0.0518 0.0065
290 0.1951 0.3730 0.3293 0.0648 0.0378
291 0.1379 0.1170 0.1743 0.0584 0.5122
292 0.2849 0.3384 0.2253 0.0483 0.1031
293 0.1748 0.2335 0.5732 0.0082 0.0101
294 0.0620 0.4475 0.4690 0.0156 0.0058
295 0.2273 0.4180 0.3206 0.0126 0.0216
296 0.0970 0.1125 0.4666 0.3157 0.0083
297 0.0531 0.7158 0.1477 0.0164 0.0671
298 0.2015 0.4402 0.0853 0.0391 0.2338
299 0.0390 0.7251 0.1593 0.0741 0.0023
300 0.2507 0.4268 0.2776 0.0260 0.0188
301 0.0680 0.2062 0.2161 0.4792 0.0306
302 0.0338 0.2344 0.6128 0.0704 0.0487
303 0.0997 0.5518 0.2391 0.0685 0.0409
304 0.2593 0.2323 0.2148 0.1897 0.1039
305 0.3953 0.2234 0.2416 0.0510 0.0889
306 0.3755 0.2878 0.1732 0.0533 0.1101
307 0.4246 0.2203 0.1587 0.0276 0.1689
308 0.3936 0.2502 0.1318 0.0935 0.1309
309 0.3391 0.2559 0.2423 0.0912 0.0716
310 0.3889 0.2673 0.2493 0.0461 0.0483
311 0.5493 0.1433 0.2344 0.0434 0.0296
312 0.7490 0.0439 0.0697 0.0923 0.0450
313 0.2485 0.1438 0.1331 0.4097 0.0648
314 0.2485 0.1438 0.1331 0.4097 0.0648
315 0.2037 0.2830 0.2496 0.2310 0.0327
316 0.2037 0.2830 0.2496 0.2310 0.0327
317 0.2037 0.2830 0.2496 0.2310 0.0327
318 0.8315 0.0963 0.0274 0.0320 0.0131
319 0.8213 0.0996 0.0290 0.0369 0.0133
320 0.8237 0.1015 0.0282 0.0335 0.0132
