time exciting_prob fearful_prob tense_prob sad_prob relaxing_prob
0 0.2542 0.1747 0.5298 0.0323 0.0092
1 0.1054 0.2712 0.5312 0.0615 0.0307
2 0.2915 0.2200 0.3516 0.0289 0.1081
3 0.2281 0.3071 0.4004 0.0164 0.0478
4 0.2441 0.2258 0.4353 0.0257 0.0689
5 0.2798 0.2842 0.3650 0.0273 0.0436
6 0.2159 0.3020 0.4194 0.0372 0.0254
7 0.2798 0.1521 0.5068 0.0329 0.0286
8 0.2434 0.1647 0.4995 0.0502 0.0423
9 0.0906 0.2106 0.4458 0.2242 0.0287
10 0.0533 0.2791 0.5054 0.1257 0.0369
11 0.0570 0.1226 0.3633 0.3257 0.1316
12 0.1300 0.2411 0.4165 0.1070 0.1053
13 0.8765 0.0332 0.0353 0.0300 0.0253
14 0.7910 0.0821 0.0502 0.0419 0.0350
15 0.0170 0.0087 0.2825 0.0848 0.6074
16 0.0692 0.0280 0.5884 0.2002 0.1141
17 0.0498 0.0254 0.4873 0.1685 0.2690
18 0.0513 0.0158 0.4434 0.2487 0.2410
19 0.0271 0.0166 0.2551 0.2803 0.4209
20 0.1028 0.4163 0.4431 0.0297 0.0081
21 0.3372 0.1669 0.4536 0.0139 0.0283
22 0.2871 0.2306 0.3984 0.0273 0.0565
23 0.8618 0.0373 0.0457 0.0293 0.0258
24 0.4717 0.1630 0.1461 0.1818 0.0375
25 0.3479 0.1862 0.1094 0.1921 0.1643
26 0.3416 0.2040 0.0323 0.2366 0.1857
27 0.5049 0.1505 0.0294 0.1978 0.1172
28 0.1630 0.0460 0.5430 0.1580 0.0900
29 0.1666 0.1426 0.5298 0.0825 0.0787
30 0.1082 0.0869 0.5322 0.1869 0.0856
31 0.1047 0.0110 0.6826 0.0754 0.1262
32 0.0358 0.0103 0.6763 0.1848 0.0930
33 0.0191 0.0474 0.6855 0.2225 0.0254
34 0.0964 0.0390 0.6489 0.1591 0.0567
35 0.1077 0.1069 0.4097 0.2563 0.1193
36 0.1702 0.2761 0.3955 0.1367 0.0215
37 0.1061 0.0853 0.4612 0.2213 0.1261
38 0.2131 0.2822 0.3860 0.1105 0.0081
39 0.1299 0.0446 0.4465 0.2883 0.0907
40 0.2338 0.0867 0.2864 0.2820 0.1113
41 0.1593 0.0551 0.3704 0.3218 0.0936
42 0.0630 0.0947 0.3684 0.4585 0.0152
43 0.0822 0.0307 0.2612 0.6074 0.0182
44 0.0335 0.0854 0.3713 0.4695 0.0404
45 0.0899 0.0207 0.5952 0.1874 0.1068
46 0.0927 0.0667 0.5947 0.1814 0.0646
47 0.1478 0.0503 0.4277 0.2986 0.0755
48 0.0425 0.2332 0.4426 0.2406 0.0412
49 0.1912 0.2003 0.4585 0.1224 0.0275
50 0.0831 0.2642 0.5591 0.0673 0.0266
51 0.0803 0.1825 0.6270 0.0809 0.0293
52 0.0447 0.2323 0.3950 0.3174 0.0104
53 0.0555 0.2549 0.3708 0.3049 0.0139
54 0.0228 0.1974 0.2827 0.4885 0.0087
55 0.6489 0.1591 0.0456 0.0865 0.0599
56 0.6479 0.1276 0.0305 0.1117 0.0823
57 0.0379 0.2607 0.5186 0.1821 0.0005
58 0.1971 0.1536 0.2512 0.3950 0.0030
59 0.0811 0.0798 0.2383 0.5991 0.0016
60 0.2629 0.2357 0.1167 0.1453 0.2394
61 0.2600 0.2520 0.0612 0.1458 0.2810
62 0.0846 0.1373 0.4363 0.3398 0.0021
63 0.0899 0.1288 0.1934 0.5864 0.0018
64 0.1254 0.1584 0.3569 0.3569 0.0022
65 0.0629 0.3508 0.1835 0.3914 0.0114
66 0.2097 0.0233 0.1583 0.5977 0.0111
67 0.2252 0.0535 0.2306 0.4692 0.0214
68 0.1116 0.1377 0.2698 0.4661 0.0150
69 0.1843 0.4353 0.2330 0.0892 0.0580
70 0.2725 0.2561 0.3904 0.0632 0.0178
71 0.0310 0.0363 0.4856 0.4353 0.0118
72 0.0232 0.0265 0.6167 0.2915 0.0420
73 0.2008 0.0466 0.3311 0.3416 0.0799
74 0.1273 0.0616 0.3684 0.4045 0.0382
75 0.1823 0.0317 0.2651 0.4172 0.1038
76 0.1091 0.1731 0.2944 0.4216 0.0017
77 0.1602 0.0352 0.1873 0.6045 0.0127
78 0.0839 0.0800 0.6914 0.0684 0.0764
79 0.1215 0.0454 0.0630 0.7441 0.0259
80 0.1133 0.0519 0.5576 0.1525 0.1245
81 0.0895 0.1047 0.4409 0.2847 0.0803
82 0.1653 0.3237 0.3667 0.1027 0.0415
83 0.3245 0.2450 0.2864 0.0894 0.0547
84 0.0326 0.0051 0.3140 0.0432 0.6050
85 0.0366 0.0335 0.3232 0.5762 0.0303
86 0.1329 0.0452 0.5957 0.1482 0.0781
87 0.0626 0.0731 0.6123 0.2323 0.0198
88 0.1537 0.0420 0.5117 0.2201 0.0726
89 0.0936 0.1094 0.7363 0.0486 0.0121
90 0.0428 0.2644 0.5259 0.1543 0.0124
91 0.0215 0.0928 0.8018 0.0572 0.0268
92 0.0320 0.0357 0.7510 0.1169 0.0646
93 0.0655 0.0156 0.4993 0.2358 0.1837
94 0.4937 0.0920 0.2947 0.0800 0.0396
95 0.7119 0.1296 0.1092 0.0315 0.0177
96 0.7314 0.0771 0.0795 0.0685 0.0436
97 0.4639 0.0858 0.2769 0.1329 0.0405
98 0.1195 0.0157 0.6069 0.2233 0.0348
99 0.0500 0.0229 0.6802 0.1426 0.1043
100 0.1418 0.0400 0.4951 0.1765 0.1464
101 0.5220 0.2142 0.1044 0.1320 0.0272
102 0.1366 0.0895 0.6118 0.0828 0.0790
103 0.5444 0.1178 0.1741 0.1215 0.0420
104 0.5361 0.1797 0.1537 0.0969 0.0335
105 0.6392 0.1519 0.1211 0.0643 0.0235
106 0.4868 0.2373 0.1147 0.1373 0.0237
107 0.0979 0.2620 0.6001 0.0344 0.0058
108 0.2489 0.4167 0.3003 0.0235 0.0106
109 0.3513 0.2303 0.3623 0.0307 0.0254
110 0.4849 0.1433 0.2849 0.0091 0.0779
111 0.2479 0.2598 0.3389 0.0122 0.1412
112 0.0184 0.1026 0.3259 0.5376 0.0156
113 0.0684 0.0508 0.3999 0.3816 0.0995
114 0.0190 0.2039 0.2460 0.5288 0.0024
115 0.0290 0.0449 0.6191 0.2834 0.0236
116 0.1688 0.1142 0.3574 0.3105 0.0491
117 0.0547 0.0221 0.5029 0.2910 0.1292
118 0.1842 0.0589 0.5244 0.1479 0.0843
119 0.5503 0.1126 0.2329 0.0540 0.0504
120 0.5522 0.2162 0.1322 0.0680 0.0316
121 0.0861 0.6880 0.2002 0.0204 0.0053
122 0.0768 0.0912 0.2054 0.6230 0.0035
123 0.1307 0.1317 0.0805 0.6533 0.0037
124 0.0920 0.2426 0.1860 0.4749 0.0044
125 0.1886 0.1190 0.2239 0.4524 0.0162
126 0.0759 0.0610 0.2489 0.6064 0.0079
127 0.0908 0.1646 0.1271 0.5879 0.0297
128 0.2035 0.4551 0.2306 0.0855 0.0253
129 0.0576 0.1718 0.2744 0.4895 0.0068
130 0.0924 0.2183 0.3079 0.3772 0.0043
131 0.0880 0.1953 0.2213 0.4910 0.0045
132 0.1630 0.0155 0.5098 0.1681 0.1438
133 0.1124 0.0227 0.2068 0.2656 0.3926
134 0.0667 0.0213 0.6841 0.1526 0.0756
135 0.0372 0.0163 0.6909 0.1494 0.1060
136 0.1832 0.1643 0.2109 0.4329 0.0088
137 0.1418 0.2129 0.2734 0.3679 0.0040
138 0.2114 0.2452 0.2452 0.2869 0.0112
139 0.0110 0.1006 0.1971 0.6880 0.0032
140 0.0142 0.2415 0.3979 0.3403 0.0060
141 0.0816 0.1897 0.5078 0.0842 0.1367
142 0.1925 0.0960 0.3076 0.2935 0.1105
143 0.0364 0.0702 0.7544 0.0989 0.0400
144 0.0708 0.0686 0.7729 0.0719 0.0157
145 0.0191 0.0484 0.8315 0.0750 0.0261
146 0.0170 0.0271 0.2783 0.6577 0.0199
147 0.0192 0.1648 0.7500 0.0510 0.0151
148 0.0283 0.0399 0.5776 0.3093 0.0446
149 0.0397 0.0192 0.4988 0.4009 0.0416
150 0.1698 0.0329 0.5835 0.1725 0.0416
151 0.1519 0.0390 0.3530 0.4463 0.0099
152 0.2896 0.3081 0.3281 0.0271 0.0472
153 0.1268 0.1577 0.5420 0.1459 0.0274
154 0.1215 0.1912 0.4883 0.1560 0.0430
155 0.0585 0.6802 0.2388 0.0191 0.0033
156 0.0678 0.3552 0.5415 0.0266 0.0089
157 0.4824 0.0287 0.2881 0.1720 0.0287
158 0.6118 0.2433 0.1123 0.0136 0.0191
159 0.4255 0.4255 0.0934 0.0493 0.0065
160 0.4236 0.1534 0.1442 0.2413 0.0376
161 0.3027 0.5312 0.0938 0.0640 0.0079
162 0.6641 0.0913 0.1035 0.0162 0.1248
163 0.1426 0.0508 0.1831 0.6006 0.0231
164 0.2729 0.1211 0.2297 0.3530 0.0233
165 0.4409 0.2695 0.1699 0.0848 0.0348
166 0.2756 0.3652 0.2800 0.0547 0.0243
167 0.1600 0.5010 0.2681 0.0266 0.0445
168 0.0734 0.1307 0.5337 0.2156 0.0466
169 0.0602 0.1337 0.5205 0.2742 0.0113
170 0.0465 0.1368 0.2598 0.5498 0.0073
171 0.2664 0.1426 0.4255 0.1339 0.0316
172 0.1302 0.2434 0.4272 0.1726 0.0265
173 0.2507 0.2930 0.1070 0.2212 0.1281
174 0.2852 0.1434 0.0756 0.2440 0.2517
175 0.2059 0.0628 0.2603 0.4358 0.0352
176 0.0344 0.4526 0.3994 0.0571 0.0566
177 0.0843 0.1152 0.6323 0.1389 0.0291
178 0.0897 0.4558 0.3960 0.0414 0.0171
179 0.0936 0.5342 0.1832 0.1174 0.0717
180 0.2128 0.3452 0.2773 0.0385 0.1261
181 0.1715 0.4482 0.2554 0.0621 0.0626
182 0.2159 0.2194 0.4944 0.0501 0.0202
183 0.0829 0.0855 0.2939 0.2150 0.3228
184 0.0031 0.0176 0.1014 0.8623 0.0155
185 0.7246 0.1119 0.0832 0.0449 0.0355
186 0.5415 0.0792 0.2137 0.1306 0.0349
187 0.9058 0.0066 0.0451 0.0236 0.0188
188 0.9849 0.0086 0.0021 0.0021 0.0026
189 0.9849 0.0086 0.0021 0.0020 0.0026
190 0.9849 0.0086 0.0021 0.0020 0.0026
191 0.9849 0.0086 0.0021 0.0020 0.0026
