time exciting_prob fearful_prob tense_prob sad_prob relaxing_prob
0 0.2037 0.2830 0.2496 0.2310 0.0327
1 0.9497 0.0139 0.0015 0.0036 0.0312
2 0.8799 0.0233 0.0029 0.0308 0.0632
3 0.9385 0.0121 0.0020 0.0066 0.0409
4 0.8940 0.0100 0.0029 0.0412 0.0520
5 0.8047 0.0060 0.0031 0.1089 0.0772
6 0.9448 0.0123 0.0015 0.0082 0.0331
7 0.7451 0.0215 0.0041 0.1326 0.0969
8 0.3494 0.0804 0.0683 0.4629 0.0389
9 0.4297 0.1104 0.0419 0.3853 0.0329
10 0.2698 0.3777 0.0414 0.1285 0.1826
11 0.1010 0.1930 0.0607 0.3579 0.2876
12 0.1155 0.2952 0.0638 0.0928 0.4326
13 0.0715 0.3257 0.0527 0.2537 0.2964
14 0.1015 0.2252 0.0430 0.3713 0.2593
15 0.1074 0.2419 0.0476 0.3157 0.2874
16 0.1036 0.3477 0.0460 0.2279 0.2749
17 0.0359 0.1880 0.1141 0.1006 0.5615
18 0.0250 0.1350 0.0806 0.0734 0.6860
19 0.0212 0.2316 0.0996 0.1094 0.5381
20 0.2559 0.1108 0.0978 0.2222 0.3132
21 0.1294 0.2476 0.2515 0.3228 0.0487
22 0.1716 0.3718 0.0955 0.2720 0.0890
23 0.3347 0.2690 0.0718 0.1792 0.1451
24 0.2051 0.1512 0.1008 0.3892 0.1537
25 0.2678 0.0574 0.0340 0.3179 0.3230
26 0.1284 0.0661 0.0883 0.1048 0.6123
27 0.4373 0.1659 0.0610 0.1647 0.1711
28 0.1300 0.0937 0.1473 0.4539 0.1750
29 0.2343 0.1912 0.2003 0.2654 0.1089
30 0.1102 0.1437 0.0812 0.0308 0.6343
31 0.1007 0.1376 0.1080 0.0698 0.5840
32 0.1100 0.1228 0.1349 0.0512 0.5811
33 0.0990 0.1096 0.0443 0.0324 0.7148
34 0.1048 0.1065 0.0305 0.0191 0.7393
35 0.1390 0.1246 0.0780 0.4216 0.2366
36 0.1433 0.1345 0.0791 0.2476 0.3955
37 0.0930 0.1086 0.0880 0.0449 0.6655
38 0.2013 0.2194 0.0914 0.0342 0.4536
39 0.0742 0.1205 0.5317 0.2217 0.0518
40 0.0318 0.1060 0.0567 0.5552 0.2502
41 0.0570 0.0241 0.0160 0.0519 0.8511
42 0.0256 0.0043 0.0119 0.0403 0.9180
43 0.1237 0.0438 0.0104 0.0528 0.7695
44 0.1113 0.0735 0.0137 0.1406 0.6606
45 0.2004 0.1216 0.0310 0.0849 0.5620
46 0.1288 0.0533 0.0336 0.0825 0.7017
47 0.0597 0.1047 0.0854 0.1283 0.6216
48 0.1106 0.0556 0.0293 0.1971 0.6074
49 0.0081 0.0143 0.0147 0.0235 0.9395
50 0.1544 0.2605 0.0659 0.2566 0.2627
51 0.4673 0.0964 0.0124 0.1101 0.3137
52 0.4897 0.3418 0.0231 0.0845 0.0608
53 0.0250 0.0453 0.0640 0.2097 0.6558
54 0.0415 0.0146 0.0068 0.0906 0.8467
55 0.0445 0.0396 0.0208 0.0884 0.8066
56 0.0306 0.0428 0.0214 0.1035 0.8018
57 0.0473 0.0817 0.0238 0.4631 0.3840
58 0.2452 0.3799 0.2001 0.0854 0.0895
59 0.0702 0.0453 0.0426 0.1440 0.6978
60 0.1718 0.2222 0.3550 0.1401 0.1108
61 0.1100 0.2479 0.3037 0.3037 0.0346
62 0.2971 0.1831 0.1888 0.0995 0.2314
63 0.2524 0.2373 0.2062 0.1848 0.1193
64 0.2462 0.0637 0.2349 0.3525 0.1026
65 0.1841 0.0285 0.0377 0.1171 0.6328
66 0.4644 0.1461 0.0183 0.1004 0.2708
67 0.2510 0.1302 0.2251 0.0861 0.3076
68 0.0912 0.3062 0.0278 0.0455 0.5293
69 0.1851 0.0556 0.0822 0.3623 0.3149
70 0.3425 0.0482 0.0937 0.1450 0.3704
71 0.1688 0.2615 0.1143 0.2917 0.1637
72 0.6001 0.1482 0.0466 0.0613 0.1437
73 0.0572 0.1289 0.0512 0.6855 0.0770
74 0.0349 0.4353 0.1118 0.3337 0.0844
75 0.0326 0.2411 0.0413 0.6353 0.0497
76 0.2238 0.0817 0.0178 0.1099 0.5669
77 0.2410 0.0922 0.0239 0.0649 0.5781
78 0.3237 0.2208 0.0264 0.0763 0.3528
79 0.3010 0.4214 0.0411 0.0540 0.1826
80 0.1897 0.2534 0.0932 0.0461 0.4177
81 0.1221 0.0846 0.0370 0.0478 0.7085
82 0.2122 0.1759 0.0336 0.0240 0.5547
83 0.0210 0.0114 0.0086 0.1328 0.8262
84 0.0682 0.0855 0.0368 0.1727 0.6367
85 0.1417 0.0930 0.0326 0.5264 0.2062
86 0.1589 0.1127 0.0258 0.2705 0.4321
87 0.2646 0.1362 0.0453 0.1630 0.3911
88 0.2213 0.0873 0.0290 0.3826 0.2798
89 0.1969 0.1122 0.1632 0.3247 0.2031
90 0.0134 0.0094 0.0091 0.0263 0.9419
91 0.0664 0.0581 0.0221 0.0634 0.7900
92 0.2032 0.1054 0.1608 0.3623 0.1685
93 0.1329 0.2059 0.1875 0.3616 0.1120
94 0.1752 0.2629 0.0183 0.4268 0.1167
95 0.1156 0.5601 0.0412 0.1967 0.0865
96 0.2180 0.2471 0.0645 0.2233 0.2471
97 0.1727 0.3081 0.3032 0.1399 0.0760
98 0.1034 0.6138 0.2206 0.0374 0.0247
99 0.2228 0.5825 0.1279 0.0501 0.0169
100 0.5225 0.1764 0.0443 0.2014 0.0555
101 0.3193 0.5923 0.0179 0.0219 0.0486
102 0.1385 0.0719 0.0475 0.1113 0.6309
103 0.1504 0.0787 0.0524 0.2404 0.4780
104 0.0591 0.2339 0.0591 0.6069 0.0410
105 0.2253 0.0992 0.0167 0.6318 0.0269
106 0.0362 0.0454 0.0145 0.0135 0.8906
107 0.0547 0.1232 0.0342 0.1062 0.6816
108 0.0250 0.0288 0.0114 0.0467 0.8882
109 0.0445 0.4895 0.0512 0.2106 0.2041
110 0.0130 0.4412 0.0472 0.4771 0.0215
111 0.0432 0.3047 0.0795 0.3564 0.2162
112 0.0400 0.2449 0.0609 0.4575 0.1968
113 0.0462 0.1564 0.0762 0.2007 0.5205
114 0.0225 0.1597 0.0385 0.1477 0.6318
115 0.0295 0.1622 0.0437 0.1523 0.6123
116 0.0322 0.0140 0.0038 0.0230 0.9268
117 0.0214 0.0388 0.0091 0.1272 0.8037
118 0.0192 0.0139 0.0055 0.1644 0.7969
119 0.0197 0.0141 0.0035 0.0549 0.9077
120 0.0276 0.0320 0.0060 0.1099 0.8247
121 0.1676 0.1049 0.0667 0.3867 0.2742
122 0.2263 0.1416 0.1069 0.2605 0.2646
123 0.2253 0.2400 0.1389 0.3032 0.0925
124 0.2020 0.0588 0.0410 0.1133 0.5845
125 0.1865 0.4836 0.1063 0.1685 0.0551
126 0.2983 0.2473 0.0348 0.2913 0.1283
127 0.3347 0.3618 0.0486 0.1373 0.1175
128 0.0594 0.3755 0.1127 0.2386 0.2139
129 0.0500 0.5293 0.0264 0.2747 0.1199
130 0.1357 0.0354 0.0672 0.5044 0.2576
131 0.1120 0.1193 0.1250 0.3345 0.3093
132 0.1273 0.5884 0.0720 0.1881 0.0241
133 0.1187 0.6616 0.0754 0.0510 0.0931
134 0.2544 0.1165 0.1749 0.3069 0.1472
135 0.2257 0.1401 0.1552 0.2311 0.2479
136 0.1376 0.1158 0.0945 0.4580 0.1940
137 0.0500 0.8799 0.0378 0.0062 0.0264
138 0.2715 0.3513 0.0620 0.2147 0.1006
139 0.1455 0.1477 0.1525 0.4209 0.1334
140 0.1852 0.5615 0.1159 0.0714 0.0660
141 0.1199 0.6089 0.0386 0.0346 0.1978
142 0.3157 0.3960 0.0310 0.0263 0.2310
143 0.2134 0.2827 0.1008 0.1206 0.2827
144 0.1381 0.1118 0.0496 0.1328 0.5679
145 0.3027 0.0510 0.0166 0.1752 0.4546
146 0.2084 0.0836 0.0398 0.1838 0.4844
147 0.5317 0.2235 0.0392 0.1023 0.1031
148 0.3452 0.1013 0.0311 0.3618 0.1605
149 0.3923 0.1444 0.0296 0.0621 0.3716
150 0.2401 0.0488 0.0607 0.4775 0.1730
151 0.2573 0.1421 0.1586 0.4048 0.0374
152 0.1520 0.1776 0.2930 0.2974 0.0801
153 0.0543 0.0403 0.1243 0.4270 0.3540
154 0.1071 0.1079 0.0397 0.2303 0.5151
155 0.0485 0.0508 0.1589 0.4255 0.3162
156 0.1572 0.2183 0.0365 0.2166 0.3713
157 0.1873 0.1118 0.0352 0.2661 0.3997
158 0.0391 0.6880 0.0309 0.2002 0.0417
159 0.0487 0.7446 0.0395 0.1335 0.0338
160 0.0571 0.5815 0.0496 0.2385 0.0734
161 0.0567 0.2642 0.0301 0.4785 0.1705
162 0.3369 0.1129 0.0695 0.1278 0.3530
163 0.2935 0.2050 0.0697 0.1808 0.2510
164 0.0945 0.1608 0.0888 0.3101 0.3457
165 0.0664 0.0908 0.0222 0.4263 0.3943
166 0.0755 0.1882 0.0630 0.1810 0.4922
167 0.0704 0.1125 0.2102 0.2203 0.3867
168 0.0787 0.1338 0.1042 0.4253 0.2581
169 0.5801 0.1958 0.0383 0.1294 0.0565
170 0.2473 0.4619 0.0720 0.1196 0.0991
171 0.1650 0.5244 0.0738 0.1599 0.0767
172 0.3325 0.0778 0.0204 0.3223 0.2471
173 0.2546 0.1777 0.0513 0.1221 0.3943
174 0.1028 0.1805 0.0513 0.3120 0.3535
175 0.2705 0.1542 0.0563 0.3999 0.1191
176 0.1274 0.2362 0.1064 0.4773 0.0527
177 0.7368 0.1112 0.0209 0.0361 0.0952
178 0.4895 0.0374 0.0193 0.1093 0.3445
179 0.0403 0.2339 0.0356 0.6558 0.0345
180 0.0505 0.6196 0.0734 0.2245 0.0318
181 0.0247 0.0215 0.0682 0.1636 0.7222
182 0.1310 0.0497 0.0425 0.7656 0.0110
183 0.3291 0.2903 0.0679 0.2859 0.0268
184 0.1804 0.7080 0.0449 0.0204 0.0463
185 0.0818 0.1118 0.1653 0.5679 0.0733
186 0.0793 0.0572 0.0169 0.3291 0.5176
187 0.3923 0.0621 0.0947 0.2167 0.2343
188 0.6113 0.1272 0.0134 0.1006 0.1475
189 0.0127 0.1089 0.0092 0.8569 0.0120
190 0.0226 0.1578 0.0609 0.6338 0.1248
191 0.1703 0.3633 0.0227 0.1049 0.3386
192 0.1207 0.7222 0.0503 0.0472 0.0597
193 0.2046 0.1045 0.0309 0.4133 0.2468
194 0.2417 0.2253 0.0465 0.0720 0.4146
195 0.1803 0.2727 0.0336 0.3042 0.2091
196 0.0363 0.0127 0.0050 0.0301 0.9160
197 0.1814 0.1539 0.0193 0.4668 0.1786
198 0.0121 0.1326 0.0588 0.7056 0.0911
199 0.1757 0.1479 0.0843 0.1503 0.4417
200 0.2966 0.1676 0.0911 0.1411 0.3035
201 0.1542 0.1919 0.0567 0.5137 0.0838
202 0.0229 0.1642 0.0921 0.6396 0.0813
203 0.0128 0.0445 0.1249 0.1211 0.6968
204 0.0134 0.0198 0.0514 0.0601 0.8555
205 0.0314 0.2046 0.2318 0.5063 0.0260
206 0.0589 0.2366 0.4087 0.1731 0.1227
207 0.0830 0.0200 0.0310 0.2329 0.6328
208 0.1239 0.1816 0.1371 0.4158 0.1415
209 0.1136 0.1505 0.0497 0.2705 0.4158
210 0.2010 0.4529 0.1267 0.0627 0.1565
211 0.1764 0.2690 0.1750 0.2954 0.0840
212 0.0703 0.4373 0.1159 0.3406 0.0359
213 0.0817 0.4519 0.1611 0.2849 0.0205
214 0.1153 0.1677 0.0414 0.2404 0.4351
215 0.0727 0.1515 0.0255 0.3257 0.4248
216 0.1674 0.1215 0.0309 0.1609 0.5195
217 0.0668 0.1815 0.0734 0.3391 0.3391
218 0.0867 0.1167 0.0144 0.2032 0.5791
219 0.0293 0.0259 0.0447 0.0947 0.8052
220 0.0674 0.0634 0.0446 0.0649 0.7598
221 0.0587 0.0457 0.0596 0.0565 0.7793
222 0.0130 0.0263 0.0323 0.0836 0.8447
223 0.0228 0.0221 0.0311 0.0959 0.8281
224 0.3457 0.0960 0.1510 0.1022 0.3052
225 0.4026 0.1017 0.0971 0.2056 0.1931
226 0.2810 0.0857 0.0386 0.0357 0.5591
227 0.2874 0.1885 0.2070 0.1855 0.1316
