time exciting_prob fearful_prob tense_prob sad_prob relaxing_prob
0 0.2037 0.2830 0.2496 0.2310 0.0327
1 0.2037 0.2830 0.2496 0.2310 0.0327
2 0.2856 0.3904 0.1528 0.1627 0.0086
3 0.2128 0.3975 0.0901 0.2864 0.0134
4 0.1483 0.4160 0.0988 0.3093 0.0275
5 0.1766 0.6260 0.0725 0.1122 0.0125
6 0.0181 0.1150 0.2051 0.5488 0.1132
7 0.0155 0.1354 0.1311 0.6455 0.0724
8 0.0888 0.3171 0.4138 0.1711 0.0091
9 0.1157 0.3591 0.4470 0.0735 0.0047
10 0.0207 0.3618 0.1968 0.3347 0.0859
11 0.0289 0.1403 0.1917 0.4319 0.2073
12 0.0587 0.1970 0.1105 0.4653 0.1685
13 0.0684 0.3364 0.2173 0.2139 0.1639
14 0.1615 0.5015 0.0745 0.1831 0.0793
15 0.2065 0.5151 0.0686 0.1302 0.0796
16 0.0462 0.1317 0.3015 0.2966 0.2240
17 0.1210 0.1860 0.4788 0.0449 0.1693
18 0.1543 0.1147 0.0752 0.4753 0.1804
19 0.2043 0.2108 0.1011 0.3999 0.0839
20 0.0250 0.4001 0.1061 0.2883 0.1804
21 0.0757 0.2769 0.1653 0.1732 0.3088
22 0.0490 0.4294 0.1735 0.1605 0.1876
23 0.1967 0.4263 0.1484 0.1804 0.0482
24 0.1198 0.4773 0.0985 0.1884 0.1161
25 0.1228 0.5088 0.0956 0.1843 0.0884
26 0.0484 0.3081 0.1478 0.2556 0.2400
27 0.0570 0.3718 0.1433 0.2256 0.2021
28 0.0374 0.3184 0.2991 0.2681 0.0768
29 0.0211 0.5103 0.1937 0.2732 0.0016
30 0.0746 0.5430 0.2563 0.1020 0.0240
31 0.0334 0.5977 0.1583 0.1910 0.0194
32 0.1552 0.3811 0.0792 0.3311 0.0536
33 0.0884 0.5049 0.0780 0.2744 0.0545
34 0.0964 0.4817 0.0891 0.1190 0.2137
35 0.1263 0.2473 0.0790 0.3772 0.1700
36 0.1102 0.2993 0.0723 0.3188 0.1995
37 0.0914 0.1964 0.0567 0.5093 0.1460
38 0.0535 0.4624 0.3408 0.0767 0.0666
39 0.0470 0.4670 0.2791 0.1067 0.1002
40 0.0419 0.5601 0.2666 0.0537 0.0776
41 0.0347 0.5381 0.0701 0.1239 0.2333
42 0.0368 0.5493 0.1729 0.1206 0.1206
43 0.0677 0.0677 0.1576 0.2292 0.4778
44 0.0476 0.1024 0.2169 0.2917 0.3413
45 0.2263 0.1036 0.2126 0.0958 0.3616
46 0.0570 0.0883 0.2152 0.4556 0.1841
47 0.0606 0.4016 0.1196 0.0903 0.3279
48 0.0671 0.2871 0.0917 0.3628 0.1912
49 0.0718 0.6147 0.0581 0.0776 0.1776
50 0.0824 0.3782 0.0441 0.1401 0.3552
51 0.0674 0.4570 0.1211 0.0981 0.2563
52 0.0382 0.2133 0.5039 0.0862 0.1586
53 0.0207 0.2583 0.1667 0.2175 0.3369
54 0.0241 0.5034 0.1635 0.2654 0.0433
55 0.0456 0.4602 0.4392 0.0405 0.0143
56 0.0296 0.3132 0.5762 0.0672 0.0140
57 0.0355 0.1802 0.1011 0.5464 0.1371
58 0.0439 0.3425 0.1240 0.2144 0.2751
59 0.0202 0.3340 0.3904 0.1267 0.1288
60 0.0171 0.2598 0.2681 0.4087 0.0462
61 0.0092 0.1354 0.1195 0.6772 0.0587
62 0.0414 0.4963 0.1561 0.0876 0.2185
63 0.0683 0.2385 0.1190 0.1902 0.3840
64 0.0625 0.1545 0.1204 0.4268 0.2357
65 0.0338 0.3438 0.4082 0.0495 0.1649
66 0.0372 0.3672 0.4866 0.0384 0.0706
67 0.0333 0.1154 0.4934 0.2330 0.1248
68 0.0147 0.0589 0.0912 0.7754 0.0598
69 0.0500 0.6289 0.0402 0.1102 0.1707
70 0.0324 0.1571 0.0329 0.1106 0.6670
71 0.0135 0.6572 0.0374 0.1741 0.1178
72 0.0130 0.5146 0.0577 0.3220 0.0930
73 0.0312 0.4453 0.0667 0.1100 0.3467
74 0.0096 0.2180 0.0703 0.1365 0.5654
75 0.0181 0.1058 0.0215 0.0662 0.7881
76 0.0313 0.2769 0.1118 0.2856 0.2947
77 0.0245 0.4016 0.1072 0.2115 0.2551
78 0.0310 0.6328 0.1479 0.1492 0.0392
79 0.0540 0.4153 0.1492 0.2766 0.1050
80 0.0164 0.5620 0.0875 0.2067 0.1273
81 0.0167 0.6353 0.1556 0.0741 0.1184
82 0.0388 0.4109 0.0976 0.4109 0.0420
83 0.0145 0.2461 0.1858 0.5293 0.0246
84 0.0709 0.4480 0.1586 0.0671 0.2554
85 0.0549 0.3901 0.3135 0.1786 0.0627
86 0.0167 0.5195 0.2532 0.1881 0.0226
87 0.0920 0.5381 0.2388 0.0972 0.0339
88 0.1511 0.1851 0.2693 0.3149 0.0796
89 0.0479 0.1169 0.7622 0.0698 0.0034
90 0.1268 0.1818 0.1350 0.5259 0.0306
91 0.0493 0.5381 0.0858 0.2749 0.0517
92 0.0195 0.0646 0.0213 0.0368 0.8579
93 0.0124 0.0334 0.0164 0.0141 0.9238
94 0.0289 0.0450 0.0166 0.0259 0.8838
95 0.0204 0.0513 0.0153 0.0176 0.8955
96 0.0072 0.0114 0.0076 0.0544 0.9194
97 0.1732 0.2367 0.0618 0.3210 0.2073
98 0.1296 0.2461 0.2832 0.3208 0.0202
99 0.1207 0.2678 0.2720 0.3230 0.0166
100 0.1398 0.3711 0.1214 0.3486 0.0191
101 0.0706 0.3613 0.1654 0.3728 0.0299
102 0.0897 0.2238 0.5083 0.0584 0.1198
103 0.1154 0.3213 0.3816 0.0800 0.1019
104 0.0963 0.1715 0.3604 0.1337 0.2382
105 0.0412 0.2859 0.2771 0.0914 0.3044
106 0.0476 0.1741 0.4111 0.1178 0.2494
107 0.0620 0.1968 0.5269 0.1311 0.0834
108 0.0851 0.3313 0.4124 0.0800 0.0913
109 0.1102 0.3560 0.3616 0.0996 0.0729
110 0.0632 0.1379 0.2620 0.0774 0.4595
111 0.0355 0.3694 0.3638 0.1238 0.1075
112 0.0165 0.4182 0.3689 0.1637 0.0327
113 0.0419 0.4265 0.3481 0.1342 0.0494
114 0.0166 0.3235 0.5415 0.0745 0.0438
115 0.0929 0.3452 0.3733 0.0958 0.0929
116 0.2158 0.1471 0.1404 0.1437 0.3530
117 0.0529 0.3188 0.2644 0.2333 0.1309
118 0.0953 0.4341 0.0450 0.3176 0.1080
119 0.0707 0.1736 0.0680 0.3145 0.3733
120 0.0692 0.3892 0.2019 0.0506 0.2891
121 0.3643 0.0892 0.3066 0.1339 0.1060
122 0.1641 0.2350 0.4189 0.1448 0.0372
123 0.1188 0.4963 0.1008 0.1663 0.1179
124 0.0653 0.4678 0.1240 0.2883 0.0546
125 0.0843 0.5283 0.0829 0.1855 0.1188
126 0.0766 0.3381 0.3655 0.1047 0.1151
127 0.0637 0.2537 0.4182 0.2274 0.0368
128 0.0610 0.1487 0.1851 0.5190 0.0861
129 0.0574 0.2454 0.3462 0.2695 0.0815
130 0.1004 0.4500 0.1320 0.1165 0.2012
131 0.0984 0.4146 0.1133 0.1124 0.2615
132 0.1039 0.3684 0.4175 0.0829 0.0271
133 0.0870 0.1412 0.1677 0.5762 0.0278
134 0.1027 0.2522 0.0489 0.1603 0.4358
135 0.0796 0.5977 0.1633 0.1420 0.0175
136 0.0692 0.3379 0.0714 0.3950 0.1263
137 0.0972 0.3528 0.1349 0.1979 0.2173
138 0.0450 0.6216 0.2759 0.0343 0.0230
139 0.0911 0.3384 0.2219 0.1514 0.1974
140 0.0584 0.1316 0.4524 0.3362 0.0215
141 0.0568 0.2646 0.2283 0.2668 0.1833
142 0.0664 0.3142 0.1021 0.4397 0.0776
143 0.0531 0.0630 0.0630 0.6270 0.1941
144 0.0366 0.2793 0.2465 0.3818 0.0558
145 0.0198 0.5234 0.2803 0.1647 0.0118
146 0.1371 0.5425 0.0793 0.1654 0.0757
147 0.1453 0.4043 0.0881 0.2822 0.0802
148 0.1979 0.3755 0.0913 0.2705 0.0648
149 0.0059 0.1733 0.1288 0.6855 0.0064
150 0.0083 0.3406 0.3740 0.2654 0.0117
151 0.1058 0.6182 0.1117 0.1434 0.0210
152 0.0623 0.6641 0.1719 0.0831 0.0184
153 0.0152 0.1794 0.1123 0.6460 0.0468
154 0.1368 0.2808 0.1886 0.0804 0.3132
155 0.1248 0.4387 0.1470 0.2057 0.0837
156 0.1653 0.2834 0.0858 0.3638 0.1018
157 0.0259 0.4773 0.3894 0.0897 0.0178
158 0.0209 0.2050 0.1753 0.5400 0.0587
159 0.0905 0.3552 0.4778 0.0285 0.0481
160 0.0471 0.1407 0.1476 0.6611 0.0033
161 0.0470 0.2140 0.3474 0.3816 0.0102
162 0.0912 0.1785 0.5674 0.1576 0.0054
163 0.0605 0.2773 0.4792 0.1791 0.0039
164 0.1008 0.4661 0.3804 0.0228 0.0298
165 0.0344 0.4224 0.4158 0.1068 0.0205
166 0.1628 0.4900 0.2296 0.0690 0.0485
167 0.0574 0.4014 0.1196 0.3328 0.0889
168 0.0465 0.6074 0.2825 0.0423 0.0214
169 0.0941 0.2223 0.6138 0.0528 0.0173
170 0.1514 0.3254 0.4519 0.0621 0.0092
171 0.0488 0.2206 0.6138 0.0637 0.0532
172 0.0172 0.1693 0.6802 0.1278 0.0059
173 0.2734 0.2375 0.3855 0.0670 0.0364
174 0.1915 0.3013 0.3809 0.0662 0.0602
175 0.0726 0.4111 0.4048 0.0969 0.0147
176 0.0699 0.3206 0.1798 0.4053 0.0245
177 0.0423 0.4771 0.3381 0.1196 0.0228
178 0.0519 0.4346 0.2939 0.1573 0.0621
179 0.0321 0.5513 0.2175 0.1630 0.0363
180 0.0362 0.6470 0.1974 0.1000 0.0194
181 0.0513 0.4827 0.1775 0.2427 0.0460
182 0.0416 0.5923 0.2842 0.0718 0.0102
183 0.0268 0.5063 0.3374 0.1222 0.0071
184 0.1310 0.5181 0.1709 0.1532 0.0268
185 0.0668 0.6797 0.1051 0.1437 0.0046
186 0.1077 0.3970 0.1483 0.3291 0.0180
187 0.1068 0.4158 0.2141 0.1949 0.0684
188 0.0718 0.3098 0.2129 0.3508 0.0547
189 0.0229 0.7417 0.1068 0.1192 0.0095
190 0.0417 0.5288 0.1161 0.2617 0.0515
191 0.1288 0.5859 0.2600 0.0212 0.0040
192 0.0326 0.0375 0.0292 0.8940 0.0066
193 0.0337 0.4041 0.3735 0.1835 0.0051
194 0.0598 0.4924 0.1000 0.3333 0.0145
195 0.0396 0.5220 0.2976 0.1270 0.0138
196 0.0909 0.5312 0.3223 0.0471 0.0086
197 0.2205 0.1588 0.1144 0.4453 0.0612
198 0.1250 0.3704 0.4194 0.0634 0.0219
199 0.0212 0.2908 0.6450 0.0391 0.0036
200 0.0577 0.2729 0.3191 0.3345 0.0158
201 0.0484 0.2401 0.6426 0.0562 0.0127
202 0.1393 0.2025 0.2332 0.3042 0.1210
203 0.0306 0.6812 0.2505 0.0264 0.0112
204 0.0499 0.3601 0.5322 0.0535 0.0042
205 0.0851 0.4675 0.3999 0.0378 0.0094
206 0.1310 0.7134 0.0996 0.0453 0.0109
207 0.2795 0.5142 0.1184 0.0735 0.0141
208 0.0398 0.3381 0.4080 0.1454 0.0687
209 0.1153 0.0768 0.6846 0.0857 0.0374
210 0.1786 0.2969 0.2404 0.2639 0.0202
211 0.3284 0.5542 0.0484 0.0520 0.0169
212 0.1521 0.7603 0.0385 0.0337 0.0155
213 0.2598 0.1370 0.1871 0.3723 0.0438
214 0.1847 0.4329 0.2428 0.1212 0.0184
215 0.2781 0.4109 0.1254 0.1647 0.0211
216 0.4607 0.1763 0.0509 0.0788 0.2334
217 0.4407 0.2322 0.0809 0.1511 0.0953
218 0.0637 0.7295 0.1075 0.0781 0.0212
219 0.0781 0.6958 0.1238 0.0818 0.0202
220 0.1207 0.4966 0.1390 0.1960 0.0477
221 0.0646 0.4482 0.0755 0.4016 0.0101
222 0.1360 0.4158 0.0608 0.2903 0.0972
223 0.1439 0.4539 0.1005 0.2795 0.0222
224 0.3337 0.0402 0.0455 0.4219 0.1588
225 0.5303 0.1405 0.0859 0.1331 0.1103
226 0.0471 0.5347 0.3733 0.0419 0.0030
227 0.1254 0.4958 0.2825 0.0869 0.0094
228 0.0391 0.2507 0.6816 0.0252 0.0030
229 0.0258 0.3826 0.4541 0.1322 0.0053
230 0.1638 0.3440 0.4487 0.0352 0.0083
231 0.1439 0.5391 0.2751 0.0304 0.0116
232 0.0441 0.4021 0.4629 0.0773 0.0138
233 0.0228 0.3054 0.6367 0.0310 0.0041
234 0.1259 0.5259 0.3140 0.0248 0.0093
235 0.1487 0.1510 0.5312 0.0748 0.0945
236 0.0449 0.2246 0.6401 0.0701 0.0204
237 0.1062 0.2910 0.4199 0.0990 0.0840
238 0.2825 0.1941 0.3801 0.0703 0.0731
239 0.2861 0.1593 0.3853 0.1271 0.0422
240 0.1705 0.1963 0.1471 0.3445 0.1415
241 0.2253 0.4846 0.0737 0.1927 0.0236
242 0.1842 0.5542 0.0408 0.1539 0.0667
243 0.2700 0.5898 0.0602 0.0710 0.0090
244 0.2725 0.5015 0.0885 0.1298 0.0080
245 0.4019 0.2185 0.2101 0.1245 0.0451
246 0.4194 0.2125 0.2211 0.1240 0.0229
247 0.1708 0.3909 0.3970 0.0299 0.0114
248 0.2971 0.2725 0.2173 0.1888 0.0244
249 0.2391 0.2930 0.1921 0.2487 0.0268
250 0.4661 0.2849 0.1178 0.0984 0.0330
251 0.5132 0.2705 0.0800 0.1163 0.0199
252 0.1971 0.6025 0.0337 0.1584 0.0081
253 0.4504 0.2449 0.1998 0.0894 0.0154
254 0.2489 0.2712 0.2469 0.2163 0.0165
255 0.4695 0.1536 0.2825 0.0797 0.0147
256 0.1371 0.2769 0.1068 0.3237 0.1554
257 0.1499 0.4509 0.1323 0.1464 0.1204
258 0.1626 0.5586 0.1066 0.0898 0.0824
259 0.1220 0.6006 0.1775 0.0845 0.0154
260 0.2910 0.2671 0.2017 0.2064 0.0337
261 0.5659 0.1254 0.1824 0.0895 0.0367
262 0.1586 0.2253 0.5576 0.0332 0.0253
263 0.4824 0.2314 0.0684 0.1890 0.0287
264 0.4207 0.1740 0.0454 0.3542 0.0058
265 0.0715 0.1688 0.3254 0.4114 0.0230
266 0.0197 0.0999 0.3770 0.4993 0.0043
267 0.0152 0.1512 0.1714 0.6567 0.0053
268 0.0248 0.1301 0.2015 0.6406 0.0031
269 0.0306 0.1050 0.5415 0.3086 0.0140
270 0.2037 0.2830 0.2496 0.2310 0.0327
