time exciting_prob fearful_prob tense_prob sad_prob relaxing_prob
0 0.2037 0.2830 0.2496 0.2310 0.0327
1 0.0240 0.0732 0.3062 0.5806 0.0160
2 0.0278 0.1153 0.3389 0.5005 0.0174
3 0.0182 0.0781 0.1627 0.7290 0.0118
4 0.0487 0.1523 0.5151 0.2590 0.0247
5 0.0286 0.0645 0.5146 0.3594 0.0329
6 0.0406 0.2046 0.5562 0.1833 0.0153
7 0.0746 0.2299 0.4644 0.1847 0.0464
8 0.0478 0.2174 0.5820 0.1404 0.0125
9 0.0532 0.0877 0.5898 0.2274 0.0417
10 0.0761 0.1624 0.6221 0.0849 0.0544
11 0.0516 0.2947 0.5254 0.1228 0.0057
12 0.0587 0.1071 0.4436 0.2820 0.1087
13 0.0825 0.3872 0.1815 0.2172 0.1317
14 0.0395 0.2720 0.6523 0.0293 0.0072
15 0.0278 0.1829 0.3110 0.4524 0.0259
16 0.0380 0.0948 0.4817 0.3416 0.0438
17 0.1241 0.1311 0.1544 0.5605 0.0297
18 0.0615 0.3481 0.3945 0.1821 0.0136
19 0.0930 0.2391 0.4832 0.1581 0.0266
20 0.0864 0.2766 0.4287 0.1902 0.0181
21 0.0204 0.1130 0.4795 0.3677 0.0195
22 0.0336 0.2227 0.5259 0.2092 0.0086
23 0.1010 0.2969 0.3469 0.2294 0.0259
24 0.0372 0.1891 0.6104 0.1495 0.0138
25 0.0704 0.2239 0.1638 0.3809 0.1613
26 0.2944 0.1857 0.1481 0.1256 0.2461
27 0.1146 0.1720 0.3213 0.2971 0.0950
28 0.0917 0.1356 0.4048 0.3303 0.0374
29 0.1506 0.2791 0.3787 0.0995 0.0920
30 0.0402 0.3318 0.2708 0.2445 0.1129
31 0.0318 0.6484 0.1381 0.0617 0.1199
32 0.0260 0.7661 0.1213 0.0397 0.0468
33 0.0233 0.4570 0.4033 0.1120 0.0045
34 0.0499 0.5444 0.3572 0.0468 0.0016
35 0.1624 0.6274 0.0883 0.0810 0.0410
36 0.1429 0.7256 0.0356 0.0547 0.0413
37 0.2188 0.3779 0.0844 0.2578 0.0612
38 0.3867 0.3413 0.0710 0.1188 0.0823
39 0.1204 0.2715 0.1511 0.3711 0.0861
40 0.0561 0.3306 0.0883 0.4448 0.0804
41 0.0740 0.1654 0.0781 0.6294 0.0533
42 0.1893 0.1157 0.0410 0.6016 0.0522
43 0.2515 0.4082 0.0535 0.2534 0.0335
44 0.0983 0.0766 0.0615 0.7378 0.0257
45 0.1287 0.1993 0.1349 0.4287 0.1084
46 0.1765 0.6357 0.0853 0.0713 0.0312
47 0.1517 0.3499 0.0663 0.3904 0.0418
48 0.1807 0.6504 0.0275 0.0982 0.0432
49 0.3018 0.2369 0.1210 0.2925 0.0478
50 0.4758 0.3096 0.0707 0.0944 0.0494
51 0.3440 0.2852 0.0511 0.2764 0.0434
52 0.4590 0.1649 0.0469 0.3010 0.0280
53 0.1290 0.6157 0.1462 0.0675 0.0416
54 0.1371 0.5176 0.0800 0.1874 0.0781
55 0.3958 0.1433 0.1783 0.2515 0.0312
56 0.2881 0.0590 0.0838 0.5381 0.0311
57 0.0795 0.6011 0.0915 0.1749 0.0529
58 0.1359 0.1842 0.0544 0.4741 0.1515
59 0.1046 0.4507 0.1087 0.2488 0.0873
60 0.0810 0.1526 0.1514 0.5801 0.0349
61 0.0946 0.1794 0.0681 0.6074 0.0506
62 0.2654 0.2571 0.0671 0.3743 0.0362
63 0.2566 0.5347 0.1130 0.0559 0.0397
64 0.0464 0.1158 0.0645 0.7495 0.0239
65 0.0469 0.3630 0.1024 0.4048 0.0829
66 0.1135 0.6279 0.1246 0.1135 0.0203
67 0.0728 0.5957 0.1128 0.1616 0.0572
68 0.0119 0.2742 0.6177 0.0918 0.0044
69 0.1509 0.1450 0.0555 0.5435 0.1053
70 0.1881 0.1824 0.0910 0.2378 0.3008
71 0.0930 0.6206 0.0560 0.2080 0.0223
72 0.2837 0.3848 0.0690 0.1566 0.1060
73 0.2632 0.4512 0.0797 0.0809 0.1252
74 0.1021 0.1290 0.0702 0.6660 0.0329
75 0.1209 0.2856 0.1963 0.3784 0.0188
76 0.1615 0.2107 0.0763 0.4897 0.0618
77 0.2422 0.3037 0.0678 0.2681 0.1180
78 0.1548 0.4307 0.0606 0.2018 0.1523
79 0.1313 0.3032 0.1868 0.2983 0.0803
80 0.1635 0.1597 0.3008 0.1454 0.2306
81 0.2286 0.4304 0.0909 0.2131 0.0367
82 0.0670 0.4302 0.1938 0.1545 0.1545
83 0.1313 0.6123 0.1244 0.0754 0.0565
84 0.0891 0.2620 0.1154 0.4253 0.1083
85 0.1260 0.6055 0.0228 0.2263 0.0195
86 0.2158 0.6147 0.0313 0.1239 0.0143
87 0.1866 0.2937 0.0327 0.4514 0.0356
88 0.0114 0.4028 0.5337 0.0463 0.0055
89 0.1501 0.0333 0.0261 0.7627 0.0278
90 0.2358 0.2147 0.1105 0.3740 0.0650
91 0.0804 0.1378 0.0732 0.6421 0.0667
92 0.1990 0.6084 0.1305 0.0421 0.0202
93 0.2859 0.6055 0.0533 0.0350 0.0204
94 0.3494 0.1991 0.0704 0.3440 0.0371
95 0.0856 0.5249 0.1083 0.2311 0.0504
96 0.0873 0.6201 0.1121 0.1508 0.0297
97 0.1589 0.1858 0.2106 0.3997 0.0452
98 0.1300 0.2372 0.0900 0.4500 0.0929
99 0.0798 0.3181 0.1276 0.4216 0.0528
100 0.0718 0.0551 0.0390 0.7603 0.0741
101 0.2561 0.1201 0.0957 0.4861 0.0418
102 0.4241 0.1868 0.0772 0.2512 0.0606
103 0.0405 0.0806 0.0418 0.2949 0.5425
104 0.0316 0.3967 0.1339 0.2561 0.1816
105 0.0416 0.3652 0.2147 0.0403 0.3379
106 0.0418 0.4824 0.4062 0.0287 0.0409
107 0.0376 0.0251 0.8296 0.0991 0.0087
108 0.2275 0.3665 0.2137 0.1665 0.0257
109 0.2625 0.2837 0.2407 0.1495 0.0638
110 0.0729 0.0980 0.7021 0.1044 0.0228
111 0.0308 0.3728 0.1460 0.2903 0.1603
112 0.4170 0.3074 0.1131 0.1140 0.0486
113 0.2532 0.3862 0.0720 0.1796 0.1089
114 0.0555 0.2839 0.1495 0.2485 0.2625
115 0.0173 0.4668 0.2384 0.1886 0.0891
116 0.1030 0.0895 0.6406 0.1522 0.0145
117 0.1194 0.3591 0.0534 0.2932 0.1750
118 0.0655 0.2693 0.0620 0.5396 0.0635
119 0.0355 0.5059 0.0776 0.3423 0.0384
120 0.2498 0.2186 0.1434 0.3779 0.0104
121 0.1223 0.2048 0.5229 0.1223 0.0273
122 0.1298 0.1328 0.0652 0.5298 0.1426
123 0.1401 0.2087 0.0657 0.5088 0.0768
124 0.1871 0.5459 0.0798 0.1180 0.0694
125 0.1926 0.3176 0.0561 0.3655 0.0682
126 0.1095 0.2373 0.1777 0.4331 0.0422
127 0.2094 0.1331 0.3733 0.2566 0.0279
128 0.0168 0.4473 0.3223 0.1522 0.0615
129 0.0622 0.1614 0.6089 0.1423 0.0251
130 0.3987 0.2874 0.0933 0.1245 0.0962
131 0.0876 0.2966 0.1049 0.3308 0.1799
132 0.1299 0.2974 0.0764 0.4641 0.0321
133 0.1383 0.3730 0.0746 0.3142 0.0997
134 0.0723 0.7305 0.0758 0.0538 0.0674
135 0.3003 0.3596 0.0828 0.0708 0.1865
136 0.2235 0.4622 0.0338 0.1897 0.0910
137 0.2382 0.3547 0.0265 0.3547 0.0261
138 0.1920 0.3645 0.0944 0.2927 0.0563
139 0.1064 0.1675 0.2218 0.3008 0.2035
140 0.1365 0.1621 0.1047 0.5151 0.0815
141 0.0562 0.3413 0.1179 0.4451 0.0395
142 0.0322 0.6514 0.1080 0.0868 0.1215
143 0.1791 0.1593 0.1221 0.3762 0.1631
144 0.0920 0.7183 0.1110 0.0375 0.0415
145 0.0327 0.2473 0.1007 0.2115 0.4077
146 0.0329 0.3975 0.0944 0.1892 0.2861
147 0.0225 0.5757 0.0962 0.1742 0.1315
148 0.1019 0.5815 0.1201 0.0800 0.1163
149 0.0419 0.5928 0.3074 0.0353 0.0228
150 0.0457 0.1633 0.5615 0.2098 0.0197
151 0.1692 0.5635 0.1101 0.0949 0.0623
152 0.2218 0.4080 0.1315 0.0726 0.1661
153 0.2056 0.4561 0.0716 0.1199 0.1469
154 0.1578 0.1720 0.1110 0.4062 0.1530
155 0.1177 0.1971 0.0616 0.5703 0.0531
156 0.2128 0.4231 0.1384 0.1670 0.0586
157 0.3433 0.3101 0.1123 0.1880 0.0464
158 0.1127 0.0699 0.0642 0.7178 0.0355
159 0.0845 0.7710 0.0409 0.0712 0.0326
160 0.2378 0.3799 0.1196 0.1080 0.1547
161 0.1392 0.5420 0.1639 0.0956 0.0594
162 0.1107 0.5620 0.1245 0.1797 0.0232
163 0.1631 0.6602 0.0649 0.0724 0.0393
164 0.3115 0.5215 0.0599 0.0950 0.0119
165 0.0875 0.6938 0.0286 0.1525 0.0374
166 0.1909 0.4839 0.0530 0.2216 0.0506
167 0.0598 0.3442 0.0325 0.0744 0.4890
168 0.1488 0.0291 0.0269 0.7559 0.0394
169 0.1661 0.1882 0.1324 0.4695 0.0437
170 0.1155 0.2158 0.1239 0.4863 0.0585
171 0.0665 0.1534 0.0742 0.6562 0.0494
172 0.1682 0.3943 0.0846 0.1384 0.2144
173 0.0779 0.0842 0.1226 0.7056 0.0098
174 0.1492 0.2744 0.1218 0.3809 0.0739
175 0.1255 0.2256 0.1049 0.5083 0.0357
176 0.3552 0.1772 0.0920 0.3286 0.0470
177 0.2842 0.1509 0.1037 0.4070 0.0542
178 0.2954 0.1232 0.0989 0.4504 0.0319
179 0.2461 0.2189 0.0787 0.4058 0.0504
180 0.4080 0.2117 0.0760 0.2035 0.1008
181 0.3289 0.2124 0.1051 0.2791 0.0745
182 0.1503 0.1613 0.1412 0.5122 0.0349
183 0.1183 0.3452 0.1891 0.3242 0.0231
184 0.0859 0.4160 0.0614 0.4033 0.0334
185 0.1777 0.2607 0.1147 0.3733 0.0735
186 0.1459 0.2423 0.1504 0.3694 0.0920
187 0.3000 0.2773 0.1310 0.2030 0.0887
188 0.1340 0.1860 0.1111 0.3970 0.1720
189 0.1281 0.4199 0.0967 0.1923 0.1632
190 0.0894 0.3706 0.0873 0.3481 0.1046
191 0.1045 0.2646 0.0479 0.5225 0.0605
192 0.1879 0.3481 0.2000 0.2266 0.0373
193 0.3064 0.2367 0.1978 0.1993 0.0598
194 0.2644 0.3906 0.2026 0.1093 0.0331
195 0.2316 0.2815 0.2771 0.1555 0.0542
196 0.1092 0.3901 0.0787 0.3286 0.0934
197 0.1790 0.2998 0.1120 0.3616 0.0478
198 0.2255 0.4021 0.0631 0.2477 0.0616
199 0.0893 0.5430 0.0638 0.2334 0.0706
200 0.0630 0.4617 0.0945 0.2737 0.1071
201 0.1995 0.2107 0.0763 0.4785 0.0349
202 0.1183 0.1321 0.0789 0.6450 0.0260
203 0.1263 0.2360 0.1313 0.4141 0.0924
204 0.2145 0.1475 0.1046 0.3123 0.2213
205 0.2217 0.2271 0.1089 0.3079 0.1345
206 0.0918 0.2939 0.1090 0.4277 0.0773
207 0.0819 0.5176 0.1220 0.1996 0.0788
208 0.0180 0.7656 0.1508 0.0209 0.0446
209 0.0580 0.1627 0.5420 0.2156 0.0215
210 0.0501 0.1221 0.5386 0.2666 0.0224
211 0.0806 0.2837 0.1036 0.4570 0.0752
212 0.0920 0.2686 0.1339 0.3757 0.1299
213 0.0643 0.2314 0.3816 0.1519 0.1707
214 0.0567 0.1299 0.6489 0.0751 0.0892
215 0.0676 0.2218 0.4143 0.1388 0.1573
216 0.0504 0.3337 0.5088 0.0705 0.0363
217 0.1227 0.3037 0.3494 0.2119 0.0122
218 0.0435 0.5210 0.3555 0.0768 0.0032
219 0.0067 0.5884 0.3682 0.0350 0.0020
220 0.0169 0.7773 0.1630 0.0326 0.0102
221 0.1971 0.1055 0.4375 0.2269 0.0330
222 0.0885 0.3213 0.4749 0.1043 0.0113
223 0.3037 0.2479 0.1237 0.2056 0.1190
224 0.1555 0.4502 0.2585 0.1193 0.0165
225 0.0084 0.8872 0.0290 0.0524 0.0233
226 0.1621 0.1523 0.4692 0.1896 0.0267
227 0.0167 0.8716 0.0739 0.0360 0.0018
228 0.0508 0.0949 0.0238 0.7466 0.0838
229 0.1553 0.2947 0.0418 0.3528 0.1553
230 0.0736 0.6211 0.1711 0.1054 0.0288
231 0.0887 0.6655 0.1202 0.0826 0.0429
232 0.0217 0.7178 0.1034 0.1528 0.0042
233 0.2783 0.1702 0.1637 0.3206 0.0672
234 0.1749 0.1473 0.0826 0.5518 0.0435
235 0.3796 0.3003 0.1272 0.0840 0.1088
236 0.2703 0.4895 0.0825 0.0851 0.0728
237 0.1137 0.1733 0.0684 0.6147 0.0299
238 0.1285 0.6631 0.0948 0.0948 0.0185
239 0.1367 0.4624 0.1942 0.1455 0.0611
240 0.2786 0.1587 0.0750 0.4116 0.0762
241 0.0349 0.2881 0.0950 0.4602 0.1219
242 0.3025 0.3794 0.0713 0.1710 0.0759
243 0.1699 0.3682 0.1022 0.2472 0.1123
244 0.0428 0.2316 0.1543 0.5303 0.0412
245 0.0659 0.0723 0.0886 0.7539 0.0193
246 0.3667 0.2461 0.1034 0.2122 0.0717
247 0.3201 0.5278 0.0725 0.0574 0.0225
248 0.3784 0.2313 0.0657 0.0435 0.2812
249 0.0836 0.1757 0.1001 0.4417 0.1991
250 0.0521 0.2281 0.6450 0.0723 0.0027
251 0.0989 0.3479 0.0634 0.4502 0.0396
252 0.0946 0.4375 0.0999 0.3406 0.0273
253 0.0504 0.0470 0.8862 0.0150 0.0013
254 0.1024 0.5039 0.0651 0.2915 0.0371
255 0.2383 0.1117 0.0570 0.4814 0.1117
256 0.3262 0.1403 0.4390 0.0885 0.0059
257 0.0426 0.4880 0.3516 0.0413 0.0766
258 0.0250 0.1404 0.6914 0.1320 0.0114
259 0.0347 0.1104 0.6553 0.1907 0.0091
260 0.1296 0.6631 0.0824 0.0978 0.0269
261 0.0318 0.3264 0.5820 0.0585 0.0014
262 0.0301 0.5137 0.4065 0.0478 0.0019
263 0.0499 0.1930 0.2720 0.3604 0.1246
264 0.3589 0.4004 0.0464 0.1290 0.0654
265 0.3342 0.2091 0.0623 0.2484 0.1460
266 0.0415 0.1948 0.3018 0.3528 0.1093
267 0.0849 0.4082 0.3306 0.1074 0.0688
268 0.0747 0.2886 0.3169 0.2546 0.0649
269 0.0257 0.3655 0.5073 0.0999 0.0016
270 0.0366 0.4463 0.4675 0.0485 0.0011
271 0.0360 0.2878 0.6484 0.0268 0.0007
272 0.0325 0.3723 0.5679 0.0266 0.0007
273 0.0986 0.3721 0.4216 0.1017 0.0063
274 0.3555 0.4934 0.0934 0.0366 0.0212
275 0.3596 0.3767 0.1453 0.0854 0.0329
276 0.3462 0.2961 0.1796 0.1421 0.0359
277 0.3362 0.3110 0.1857 0.1266 0.0405
278 0.2815 0.4568 0.1681 0.0648 0.0287
