time exciting_prob fearful_prob tense_prob sad_prob relaxing_prob
0 0.2037 0.2830 0.2496 0.2310 0.0327
1 0.1838 0.0743 0.0626 0.6416 0.0379
2 0.5303 0.0581 0.0435 0.1013 0.2666
3 0.6069 0.0854 0.0359 0.0881 0.1837
4 0.1453 0.0439 0.2756 0.3430 0.1924
5 0.6494 0.0052 0.0209 0.2883 0.0361
6 0.2206 0.0805 0.0716 0.2578 0.3694
7 0.7158 0.1344 0.1015 0.0218 0.0267
8 0.8867 0.0524 0.0184 0.0205 0.0219
9 0.6807 0.1299 0.0604 0.0643 0.0648
10 0.3547 0.0200 0.0082 0.3254 0.2917
11 0.2343 0.0097 0.0046 0.2634 0.4880
12 0.5942 0.0926 0.0850 0.0043 0.2239
13 0.3635 0.1827 0.0451 0.0063 0.4023
14 0.3633 0.1125 0.0238 0.0074 0.4929
15 0.4053 0.1117 0.0540 0.0075 0.4214
16 0.0577 0.1353 0.0974 0.2374 0.4722
17 0.1700 0.1133 0.0961 0.0454 0.5752
18 0.1754 0.1866 0.0910 0.0394 0.5073
19 0.0654 0.1105 0.0802 0.0564 0.6875
20 0.1282 0.0583 0.1302 0.4075 0.2756
21 0.3633 0.1771 0.1091 0.0584 0.2920
22 0.2888 0.0753 0.2285 0.1185 0.2888
23 0.1171 0.2024 0.0780 0.1639 0.4385
24 0.2029 0.0701 0.2446 0.1682 0.3142
25 0.3735 0.1451 0.1632 0.0860 0.2319
26 0.4802 0.1272 0.0671 0.0055 0.3198
27 0.1842 0.2072 0.0315 0.0313 0.5459
28 0.1476 0.1633 0.0391 0.0188 0.6313
29 0.1636 0.0939 0.3228 0.2271 0.1927
30 0.0923 0.0560 0.2112 0.0753 0.5654
31 0.1082 0.1444 0.2871 0.0737 0.3865
32 0.1148 0.0707 0.1644 0.0577 0.5923
33 0.1185 0.0880 0.1750 0.0534 0.5649
34 0.0790 0.0260 0.1453 0.0457 0.7041
35 0.3406 0.1672 0.1168 0.0239 0.3513
36 0.1262 0.1097 0.1387 0.1262 0.4993
37 0.0659 0.1606 0.0311 0.0713 0.6709
38 0.1862 0.2335 0.1736 0.0974 0.3093
39 0.3267 0.1449 0.1340 0.2125 0.1818
40 0.2056 0.1481 0.1652 0.0178 0.4634
41 0.0573 0.2471 0.0759 0.1167 0.5029
42 0.1730 0.1041 0.1285 0.0532 0.5410
43 0.2847 0.1866 0.1150 0.1224 0.2913
44 0.2063 0.3071 0.1594 0.0316 0.2954
45 0.1415 0.1328 0.3237 0.2026 0.1995
46 0.0598 0.1626 0.0608 0.1447 0.5723
47 0.1296 0.0462 0.2661 0.3752 0.1829
48 0.1975 0.0856 0.2069 0.2401 0.2700
49 0.1580 0.1655 0.0272 0.0344 0.6147
50 0.3188 0.2225 0.0609 0.0336 0.3640
51 0.4490 0.1600 0.0520 0.0080 0.3311
52 0.4519 0.1179 0.0349 0.0058 0.3896
53 0.2671 0.1909 0.0692 0.0426 0.4302
54 0.3496 0.2810 0.0905 0.0566 0.2223
55 0.1328 0.0781 0.1318 0.0618 0.5952
56 0.1497 0.1078 0.2627 0.1937 0.2861
57 0.3582 0.1948 0.1627 0.0381 0.2462
58 0.3442 0.3389 0.1481 0.0207 0.1481
59 0.3499 0.1110 0.1746 0.0227 0.3418
60 0.6318 0.0522 0.0797 0.0977 0.1388
61 0.0974 0.0546 0.0586 0.0529 0.7363
62 0.1288 0.0567 0.0668 0.0405 0.7070
63 0.1512 0.0451 0.0749 0.0715 0.6572
64 0.3127 0.2051 0.1283 0.0822 0.2717
65 0.1177 0.1254 0.0225 0.0298 0.7046
66 0.0875 0.1660 0.0232 0.0772 0.6460
67 0.1798 0.2615 0.1854 0.0947 0.2783
68 0.3157 0.2203 0.3359 0.0333 0.0948
69 0.1880 0.3740 0.1711 0.1158 0.1511
70 0.3838 0.1527 0.0804 0.0308 0.3523
71 0.0401 0.2363 0.5757 0.1116 0.0362
72 0.0538 0.2505 0.5059 0.1567 0.0329
73 0.1174 0.0833 0.1438 0.1129 0.5425
74 0.1233 0.0450 0.1909 0.1608 0.4800
75 0.4021 0.0762 0.2256 0.0218 0.2742
76 0.1862 0.1832 0.0290 0.0795 0.5220
77 0.1740 0.2067 0.0578 0.0620 0.4995
78 0.3113 0.1360 0.1298 0.0700 0.3528
79 0.3779 0.0856 0.2365 0.0762 0.2239
80 0.5229 0.0765 0.1646 0.0406 0.1954
81 0.1995 0.1238 0.0899 0.2313 0.3555
82 0.0375 0.0128 0.0352 0.0193 0.8950
83 0.0464 0.0141 0.0297 0.0208 0.8892
84 0.2268 0.1465 0.2340 0.2131 0.1794
85 0.0262 0.1329 0.7896 0.0453 0.0059
86 0.3323 0.1353 0.1632 0.1223 0.2469
87 0.3142 0.0958 0.0826 0.0432 0.4644
88 0.2849 0.0611 0.0451 0.1169 0.4922
89 0.4312 0.0804 0.0829 0.0947 0.3105
90 0.2798 0.1670 0.3428 0.1656 0.0450
91 0.2188 0.1066 0.2404 0.2598 0.1744
92 0.0169 0.0568 0.0936 0.0112 0.8213
93 0.5327 0.0836 0.1423 0.0750 0.1664
94 0.3589 0.0936 0.2449 0.0915 0.2111
95 0.3440 0.1152 0.1930 0.1357 0.2119
96 0.2073 0.1516 0.5679 0.0466 0.0268
97 0.2964 0.2152 0.0869 0.1143 0.2874
98 0.4150 0.1357 0.1785 0.1108 0.1600
99 0.3948 0.0753 0.2778 0.2180 0.0342
100 0.2866 0.1205 0.1571 0.1158 0.3198
101 0.2854 0.2056 0.1758 0.1127 0.2206
102 0.3167 0.1819 0.0364 0.0217 0.4431
103 0.1876 0.1028 0.1221 0.0318 0.5557
104 0.2949 0.1361 0.4128 0.0980 0.0581
105 0.4114 0.1854 0.0677 0.1769 0.1586
106 0.2151 0.1715 0.2615 0.0842 0.2676
107 0.2365 0.1469 0.0823 0.0715 0.4629
108 0.4277 0.2068 0.1016 0.0420 0.2219
109 0.3032 0.2939 0.2004 0.0325 0.1700
110 0.1505 0.2747 0.3965 0.0700 0.1084
111 0.2576 0.2153 0.1208 0.0343 0.3721
112 0.2705 0.3091 0.1229 0.0204 0.2771
113 0.4282 0.1588 0.1074 0.0291 0.2764
114 0.3315 0.1460 0.0872 0.1628 0.2727
115 0.4055 0.1976 0.1857 0.0608 0.1504
116 0.2915 0.1927 0.1675 0.0305 0.3179
117 0.3967 0.1831 0.1426 0.0172 0.2603
118 0.2272 0.1274 0.1099 0.0392 0.4963
119 0.1472 0.2465 0.1111 0.0695 0.4258
120 0.6221 0.0640 0.0368 0.0239 0.2532
121 0.0541 0.0168 0.0025 0.0256 0.9009
122 0.0821 0.0327 0.0040 0.0192 0.8618
123 0.3276 0.1912 0.0947 0.0208 0.3657
124 0.4966 0.0667 0.0473 0.0060 0.3835
125 0.2795 0.0966 0.1776 0.0958 0.3506
126 0.4407 0.1387 0.2131 0.0237 0.1837
127 0.4424 0.1425 0.1360 0.0463 0.2330
128 0.2510 0.2097 0.2181 0.0660 0.2551
129 0.2214 0.3457 0.3003 0.0201 0.1122
130 0.2820 0.2096 0.0742 0.0206 0.4136
131 0.2452 0.2491 0.1659 0.0596 0.2800
132 0.1633 0.3076 0.0790 0.0230 0.4270
133 0.2798 0.1440 0.0681 0.0206 0.4873
134 0.0812 0.1163 0.0524 0.2642 0.4858
135 0.0555 0.1185 0.0327 0.0615 0.7319
136 0.3750 0.1575 0.0870 0.0229 0.3577
137 0.3240 0.1483 0.1567 0.0734 0.2974
138 0.0582 0.0718 0.0164 0.0446 0.8091
139 0.1110 0.1516 0.0244 0.0594 0.6538
140 0.5005 0.1514 0.1041 0.0291 0.2152
141 0.3115 0.1996 0.1278 0.0567 0.3042
142 0.3259 0.2277 0.0627 0.0366 0.3472
143 0.2006 0.1235 0.1663 0.0612 0.4485
144 0.0997 0.2568 0.1385 0.1486 0.3564
145 0.1055 0.1548 0.0295 0.0218 0.6885
146 0.0740 0.1351 0.0659 0.0497 0.6753
147 0.3022 0.0958 0.0966 0.1604 0.3450
148 0.3774 0.0732 0.1031 0.1989 0.2474
149 0.4148 0.0767 0.0955 0.1000 0.3130
150 0.1499 0.1570 0.0379 0.0144 0.6406
151 0.1539 0.1401 0.0786 0.2832 0.3442
152 0.1727 0.0388 0.0760 0.2849 0.4275
153 0.2128 0.0847 0.0659 0.1417 0.4949
154 0.1676 0.2255 0.2400 0.1378 0.2290
155 0.2644 0.1775 0.3042 0.1299 0.1239
156 0.3450 0.1875 0.2544 0.0369 0.1761
157 0.0901 0.1096 0.0173 0.0168 0.7661
158 0.0648 0.0690 0.0104 0.0094 0.8467
159 0.4546 0.0809 0.1205 0.0968 0.2472
160 0.1244 0.1187 0.1000 0.0447 0.6123
161 0.3203 0.1433 0.1501 0.0709 0.3154
162 0.1755 0.0392 0.1206 0.0709 0.5938
163 0.0561 0.0404 0.0503 0.0544 0.7988
164 0.1478 0.0557 0.0278 0.0239 0.7446
165 0.1483 0.0757 0.0361 0.0321 0.7075
166 0.4744 0.1705 0.1287 0.1118 0.1145
167 0.1909 0.0790 0.0861 0.1252 0.5190
168 0.3372 0.2159 0.1331 0.0471 0.2666
169 0.0774 0.1135 0.0173 0.1492 0.6426
170 0.0709 0.1041 0.0171 0.0511 0.7568
171 0.0395 0.1134 0.0143 0.0267 0.8062
172 0.0559 0.0595 0.0062 0.0240 0.8545
173 0.2269 0.0726 0.0803 0.0714 0.5488
174 0.1273 0.0939 0.1115 0.1187 0.5488
175 0.1395 0.0248 0.0518 0.0916 0.6924
176 0.1656 0.0321 0.0564 0.1353 0.6108
177 0.0699 0.1317 0.0204 0.0434 0.7344
178 0.0641 0.1058 0.0156 0.0269 0.7876
179 0.0900 0.1044 0.0832 0.1077 0.6147
180 0.0735 0.1656 0.0776 0.0482 0.6348
181 0.2079 0.1697 0.3481 0.0952 0.1792
182 0.2202 0.1636 0.3333 0.0947 0.1884
183 0.4102 0.1486 0.1486 0.1037 0.1892
184 0.0227 0.0399 0.0113 0.0257 0.9004
185 0.0966 0.0273 0.0281 0.1450 0.7031
186 0.1764 0.0675 0.0464 0.1130 0.5967
187 0.1431 0.0345 0.0640 0.1465 0.6118
188 0.1570 0.0450 0.0502 0.1365 0.6113
189 0.0433 0.0888 0.0426 0.0211 0.8042
190 0.0695 0.1460 0.0838 0.1542 0.5464
191 0.1304 0.0715 0.0380 0.0440 0.7163
192 0.0706 0.0418 0.0331 0.0474 0.8071
193 0.1229 0.0435 0.0442 0.1093 0.6802
194 0.4690 0.0945 0.1699 0.0483 0.2181
195 0.4800 0.0828 0.0582 0.0167 0.3623
196 0.0680 0.2300 0.1061 0.1892 0.4067
197 0.0728 0.2622 0.1059 0.0695 0.4897
198 0.0715 0.0940 0.0125 0.0227 0.7993
199 0.0840 0.0670 0.0295 0.0165 0.8032
200 0.1169 0.0856 0.0444 0.0141 0.7393
201 0.3044 0.0628 0.1604 0.3044 0.1681
202 0.1722 0.3535 0.2429 0.1130 0.1184
203 0.4124 0.1370 0.1136 0.0085 0.3286
204 0.0525 0.0776 0.0168 0.0505 0.8027
205 0.0607 0.0994 0.0128 0.0515 0.7754
206 0.2517 0.1379 0.0570 0.0488 0.5044
207 0.3252 0.2036 0.0523 0.0296 0.3894
208 0.2439 0.0792 0.0667 0.0817 0.5283
209 0.0356 0.0822 0.0089 0.0101 0.8633
210 0.1434 0.0280 0.0261 0.0448 0.7578
211 0.1627 0.0516 0.0301 0.0262 0.7295
212 0.1913 0.0823 0.0511 0.0430 0.6323
213 0.0724 0.0306 0.0108 0.0449 0.8413
214 0.1003 0.0604 0.0813 0.3672 0.3909
215 0.1782 0.0803 0.0666 0.1512 0.5239
216 0.1912 0.0766 0.0703 0.1700 0.4919
217 0.1561 0.0574 0.0823 0.3357 0.3687
218 0.0697 0.0407 0.0953 0.7153 0.0790
219 0.2065 0.0760 0.1534 0.5190 0.0447
220 0.2037 0.2830 0.2496 0.2310 0.0327
221 0.2037 0.2830 0.2496 0.2310 0.0327
