time exciting_prob fearful_prob tense_prob sad_prob relaxing_prob
0 0.2037 0.2830 0.2496 0.2310 0.0327
1 0.2037 0.2830 0.2496 0.2310 0.0327
2 0.6777 0.1274 0.0822 0.1008 0.0117
3 0.6772 0.1282 0.0822 0.1006 0.0118
4 0.0613 0.3064 0.2578 0.0328 0.3418
5 0.0444 0.1786 0.0804 0.2188 0.4778
6 0.0573 0.3738 0.0790 0.0730 0.4170
7 0.0335 0.2292 0.0346 0.0598 0.6431
8 0.5952 0.0705 0.1002 0.2057 0.0285
9 0.5952 0.0705 0.1002 0.2057 0.0285
10 0.0294 0.4089 0.2056 0.0617 0.2944
11 0.0522 0.2415 0.4441 0.0725 0.1896
12 0.2659 0.0536 0.5806 0.0762 0.0240
13 0.2659 0.0536 0.5811 0.0756 0.0240
14 0.0328 0.2620 0.4319 0.2139 0.0594
15 0.0720 0.4880 0.2737 0.0803 0.0861
16 0.0259 0.0593 0.3257 0.5044 0.0850
17 0.0166 0.3386 0.4927 0.0194 0.1326
18 0.0211 0.4072 0.3171 0.0364 0.2180
19 0.0177 0.1818 0.5596 0.1790 0.0618
20 0.0289 0.0743 0.3774 0.0984 0.4209
21 0.0152 0.0609 0.3789 0.3291 0.2159
22 0.0505 0.2605 0.5601 0.0453 0.0839
23 0.0342 0.1953 0.4685 0.0471 0.2546
24 0.0300 0.2069 0.5366 0.0970 0.1295
25 0.0252 0.3977 0.5435 0.0151 0.0186
26 0.0885 0.2332 0.3611 0.2600 0.0571
27 0.2661 0.1614 0.1381 0.3364 0.0979
28 0.2324 0.1345 0.1345 0.4209 0.0778
29 0.2400 0.1598 0.4146 0.1812 0.0045
30 0.2354 0.3071 0.4468 0.0075 0.0034
31 0.2559 0.1814 0.5415 0.0178 0.0035
32 0.2886 0.2145 0.4470 0.0426 0.0075
33 0.1704 0.2155 0.5947 0.0139 0.0054
34 0.1831 0.2351 0.5381 0.0349 0.0086
35 0.5098 0.2194 0.1819 0.0859 0.0030
36 0.2563 0.0718 0.4790 0.1876 0.0053
37 0.2778 0.1686 0.4509 0.0991 0.0036
38 0.0991 0.3101 0.5527 0.0198 0.0183
39 0.2139 0.2832 0.3694 0.1092 0.0242
40 0.2179 0.2357 0.5068 0.0269 0.0128
41 0.1405 0.4607 0.3423 0.0419 0.0145
42 0.1737 0.4231 0.3621 0.0342 0.0071
43 0.2142 0.4465 0.3167 0.0150 0.0076
44 0.1483 0.6343 0.1904 0.0191 0.0077
45 0.0930 0.0498 0.1487 0.6982 0.0101
46 0.0888 0.6406 0.2250 0.0273 0.0182
47 0.1147 0.5347 0.3142 0.0229 0.0137
48 0.0650 0.0280 0.0834 0.8169 0.0066
49 0.0636 0.5005 0.3281 0.0657 0.0421
50 0.1478 0.1637 0.6274 0.0327 0.0282
51 0.0479 0.3171 0.3650 0.2469 0.0231
52 0.1002 0.1306 0.5415 0.1731 0.0545
53 0.2832 0.4668 0.1946 0.0405 0.0151
54 0.1088 0.4546 0.3711 0.0491 0.0163
55 0.1572 0.3328 0.3030 0.1926 0.0144
56 0.2854 0.1627 0.3962 0.1370 0.0185
57 0.0645 0.0458 0.3079 0.5752 0.0066
58 0.1243 0.4407 0.3125 0.1149 0.0078
59 0.2485 0.2061 0.3503 0.0813 0.1138
60 0.2830 0.2345 0.2537 0.1914 0.0377
61 0.1135 0.6738 0.1652 0.0354 0.0122
62 0.1644 0.5391 0.2318 0.0297 0.0350
63 0.1428 0.5918 0.2318 0.0216 0.0117
64 0.0623 0.6748 0.2406 0.0063 0.0160
65 0.0670 0.7085 0.1998 0.0096 0.0149
66 0.0641 0.6890 0.2167 0.0132 0.0172
67 0.0577 0.6504 0.2585 0.0125 0.0209
68 0.1145 0.3474 0.3875 0.1019 0.0489
69 0.1198 0.5718 0.1885 0.0727 0.0473
70 0.1720 0.5728 0.1615 0.0643 0.0296
71 0.2251 0.3540 0.2551 0.1243 0.0416
72 0.2231 0.2979 0.4104 0.0155 0.0530
73 0.1956 0.3198 0.3005 0.1344 0.0498
74 0.1338 0.3313 0.3525 0.1746 0.0077
75 0.0659 0.1876 0.6055 0.1310 0.0099
76 0.0962 0.3923 0.3804 0.1142 0.0168
77 0.0825 0.5771 0.2406 0.0493 0.0504
78 0.1378 0.5044 0.2964 0.0141 0.0473
79 0.2482 0.4819 0.1963 0.0147 0.0589
80 0.1340 0.4128 0.4128 0.0140 0.0260
81 0.0515 0.0933 0.2310 0.3413 0.2830
82 0.0394 0.0747 0.1354 0.3171 0.4333
83 0.0623 0.1035 0.1392 0.2664 0.4287
84 0.0624 0.0930 0.1157 0.0982 0.6304
85 0.0285 0.0657 0.1771 0.2240 0.5049
86 0.0622 0.1576 0.4087 0.0677 0.3037
87 0.0473 0.1208 0.2854 0.2520 0.2944
88 0.0421 0.1493 0.2578 0.2539 0.2969
89 0.0719 0.1646 0.4072 0.1451 0.2113
90 0.0876 0.1943 0.4050 0.1274 0.1854
91 0.0771 0.1232 0.2527 0.3564 0.1908
92 0.1479 0.2852 0.3232 0.1434 0.1002
93 0.1433 0.3438 0.3032 0.1016 0.1082
94 0.0626 0.2678 0.3604 0.1226 0.1869
95 0.0913 0.3611 0.4158 0.1191 0.0126
96 0.0821 0.2231 0.4951 0.1938 0.0057
97 0.0804 0.3518 0.3687 0.1884 0.0109
98 0.1405 0.3760 0.3369 0.1405 0.0063
99 0.4612 0.2468 0.1157 0.1670 0.0092
100 0.2874 0.3105 0.0925 0.2964 0.0131
101 0.1167 0.2413 0.1487 0.4873 0.0059
102 0.2096 0.5522 0.1104 0.1166 0.0113
103 0.0335 0.1082 0.1703 0.6841 0.0038
104 0.2563 0.3191 0.1183 0.2976 0.0086
105 0.0737 0.2551 0.2915 0.3684 0.0114
106 0.0901 0.0568 0.0564 0.7905 0.0060
107 0.1836 0.3738 0.1176 0.2776 0.0475
108 0.1422 0.5044 0.1514 0.1422 0.0598
109 0.1473 0.3882 0.2355 0.1750 0.0538
110 0.1068 0.3787 0.2642 0.2225 0.0278
111 0.1235 0.3518 0.3203 0.0876 0.1169
112 0.1159 0.5400 0.2018 0.0273 0.1150
113 0.0775 0.5137 0.1707 0.1085 0.1299
114 0.0432 0.6646 0.2296 0.0390 0.0238
115 0.0321 0.6802 0.2388 0.0360 0.0130
116 0.0229 0.8198 0.1381 0.0112 0.0079
117 0.0302 0.7656 0.1555 0.0352 0.0137
118 0.1403 0.2578 0.3582 0.2241 0.0197
119 0.1647 0.1476 0.3770 0.2981 0.0125
120 0.0827 0.2394 0.3220 0.3271 0.0288
121 0.1486 0.3196 0.3508 0.1632 0.0177
122 0.0861 0.1584 0.6567 0.0861 0.0128
123 0.1234 0.4617 0.3950 0.0042 0.0157
124 0.1737 0.3765 0.3826 0.0130 0.0543
125 0.1561 0.4734 0.3330 0.0074 0.0303
126 0.1143 0.3179 0.5239 0.0152 0.0284
127 0.1067 0.4600 0.3813 0.0170 0.0352
128 0.1685 0.3948 0.3796 0.0126 0.0446
129 0.1517 0.3967 0.4060 0.0168 0.0287
130 0.1932 0.4600 0.2947 0.0143 0.0381
131 0.2222 0.4087 0.3208 0.0109 0.0377
132 0.1406 0.4102 0.4006 0.0229 0.0258
133 0.1171 0.4421 0.4153 0.0094 0.0160
134 0.1163 0.3499 0.5054 0.0121 0.0165
135 0.0307 0.5024 0.3914 0.0644 0.0108
136 0.0226 0.4109 0.4729 0.0861 0.0072
137 0.0250 0.4229 0.3560 0.1876 0.0085
138 0.0212 0.5381 0.3064 0.1278 0.0068
139 0.1039 0.2654 0.3176 0.2717 0.0410
140 0.0877 0.1842 0.5498 0.1050 0.0732
141 0.0551 0.2671 0.4614 0.1779 0.0385
142 0.0670 0.2932 0.4333 0.1644 0.0422
143 0.1138 0.2094 0.4099 0.1936 0.0735
144 0.0750 0.3337 0.4285 0.1447 0.0182
145 0.1129 0.2158 0.5259 0.1094 0.0361
146 0.2615 0.5039 0.2100 0.0127 0.0121
147 0.1122 0.4800 0.3679 0.0155 0.0243
148 0.0871 0.5591 0.3235 0.0090 0.0212
149 0.1328 0.1719 0.5952 0.0781 0.0217
150 0.0768 0.2040 0.5459 0.1470 0.0263
151 0.0573 0.3174 0.5400 0.0736 0.0117
152 0.1162 0.3335 0.4153 0.1017 0.0333
153 0.0897 0.6519 0.2437 0.0021 0.0125
154 0.1428 0.5435 0.2886 0.0072 0.0180
155 0.1031 0.6069 0.2612 0.0097 0.0189
156 0.0692 0.1781 0.7266 0.0175 0.0085
157 0.0461 0.2197 0.6875 0.0443 0.0027
158 0.2272 0.4587 0.2656 0.0126 0.0359
159 0.1169 0.5449 0.2783 0.0383 0.0216
160 0.1597 0.4045 0.3125 0.1063 0.0170
161 0.1653 0.5952 0.1844 0.0336 0.0213
162 0.2015 0.2568 0.4041 0.1213 0.0162
163 0.1693 0.5957 0.1919 0.0209 0.0222
164 0.2375 0.4688 0.2339 0.0076 0.0522
165 0.1687 0.6030 0.2035 0.0027 0.0221
166 0.0902 0.1986 0.5835 0.0615 0.0660
167 0.0207 0.2389 0.3877 0.0599 0.2927
168 0.2886 0.4331 0.2449 0.0031 0.0302
169 0.1191 0.6191 0.2190 0.0187 0.0242
170 0.0723 0.6865 0.2045 0.0170 0.0196
171 0.0579 0.1305 0.6426 0.0202 0.1490
172 0.0308 0.1527 0.7344 0.0368 0.0455
173 0.0509 0.0789 0.5391 0.2430 0.0880
174 0.0191 0.1046 0.1149 0.1780 0.5835
175 0.0670 0.3767 0.5396 0.0057 0.0109
176 0.2423 0.3638 0.3337 0.0161 0.0441
177 0.1332 0.3145 0.4102 0.0555 0.0867
178 0.0631 0.3467 0.2830 0.2830 0.0245
179 0.0823 0.2494 0.5532 0.0842 0.0307
180 0.1425 0.3445 0.4673 0.0205 0.0253
181 0.0990 0.3826 0.4688 0.0304 0.0193
182 0.0482 0.4436 0.4231 0.0268 0.0582
183 0.1012 0.4360 0.4226 0.0281 0.0121
184 0.0605 0.3479 0.5220 0.0277 0.0419
185 0.0875 0.3516 0.4207 0.1132 0.0269
186 0.1552 0.2498 0.4814 0.0739 0.0398
187 0.0537 0.6543 0.2483 0.0126 0.0313
188 0.1039 0.6074 0.2571 0.0047 0.0269
189 0.0822 0.5928 0.2891 0.0154 0.0206
190 0.1407 0.1510 0.4473 0.2339 0.0273
191 0.1556 0.3323 0.4133 0.0908 0.0079
192 0.0939 0.4622 0.3953 0.0289 0.0200
193 0.0211 0.7207 0.2451 0.0101 0.0030
194 0.0660 0.6216 0.2434 0.0174 0.0514
195 0.0884 0.5762 0.2681 0.0473 0.0199
196 0.0536 0.4634 0.4089 0.0396 0.0346
197 0.0754 0.4995 0.4077 0.0138 0.0035
198 0.1510 0.4041 0.3796 0.0307 0.0348
199 0.0958 0.3879 0.4001 0.0820 0.0341
200 0.0494 0.1670 0.7031 0.0735 0.0070
201 0.0536 0.1083 0.3389 0.1208 0.3782
202 0.0762 0.2678 0.5942 0.0504 0.0111
203 0.0528 0.1576 0.7290 0.0528 0.0078
204 0.0299 0.1392 0.7070 0.1191 0.0048
205 0.0894 0.4575 0.3374 0.0959 0.0199
206 0.1246 0.2458 0.3157 0.2383 0.0756
207 0.0952 0.5435 0.3147 0.0304 0.0162
208 0.0327 0.0645 0.8228 0.0543 0.0256
209 0.0614 0.1495 0.7598 0.0214 0.0081
210 0.0170 0.0701 0.8809 0.0287 0.0035
211 0.1537 0.1346 0.5801 0.1073 0.0243
212 0.1533 0.4368 0.3621 0.0350 0.0128
213 0.2048 0.4302 0.3274 0.0151 0.0226
214 0.1152 0.5044 0.3577 0.0171 0.0053
215 0.1293 0.1838 0.6270 0.0332 0.0269
216 0.0495 0.1810 0.6421 0.1133 0.0143
217 0.0923 0.3794 0.4873 0.0327 0.0084
218 0.0673 0.4185 0.4319 0.0678 0.0147
219 0.0380 0.1346 0.7051 0.0785 0.0437
220 0.0384 0.1591 0.7241 0.0594 0.0189
221 0.1241 0.5225 0.1982 0.0846 0.0707
222 0.0547 0.6670 0.1687 0.0483 0.0611
223 0.0576 0.7827 0.1360 0.0076 0.0160
224 0.0692 0.7910 0.1194 0.0063 0.0138
225 0.0609 0.8022 0.1155 0.0097 0.0118
226 0.0701 0.8018 0.0972 0.0116 0.0195
227 0.0876 0.5371 0.2786 0.0208 0.0762
228 0.0761 0.4377 0.1197 0.0607 0.3057
229 0.0521 0.5264 0.1231 0.0609 0.2373
230 0.1703 0.4629 0.2103 0.0207 0.1357
231 0.0704 0.5625 0.1929 0.0688 0.1057
232 0.0759 0.5107 0.1232 0.0193 0.2712
233 0.0554 0.1628 0.1137 0.0435 0.6245
234 0.1320 0.3369 0.1616 0.0328 0.3369
235 0.0586 0.6499 0.1749 0.0169 0.0997
236 0.1345 0.4143 0.1489 0.0307 0.2717
237 0.0632 0.7456 0.1348 0.0191 0.0371
238 0.1108 0.5581 0.2135 0.0101 0.1074
239 0.1025 0.5371 0.1469 0.1588 0.0549
240 0.1304 0.4377 0.1755 0.1142 0.1421
241 0.1300 0.4944 0.1749 0.0718 0.1289
242 0.1417 0.3347 0.2000 0.1157 0.2079
243 0.0735 0.4229 0.3047 0.1289 0.0701
244 0.0621 0.5532 0.2825 0.0518 0.0503
245 0.0360 0.6284 0.1403 0.1447 0.0504
246 0.1898 0.2720 0.0918 0.0118 0.4346
247 0.1278 0.6191 0.1505 0.0831 0.0194
248 0.0779 0.7280 0.1625 0.0187 0.0127
249 0.0747 0.3347 0.1998 0.0713 0.3193
250 0.0415 0.4094 0.3501 0.0115 0.1874
251 0.1285 0.3494 0.4519 0.0430 0.0271
252 0.1061 0.2109 0.5474 0.0729 0.0629
253 0.0672 0.3926 0.4812 0.0276 0.0315
254 0.0651 0.3926 0.3748 0.1074 0.0602
255 0.0859 0.3616 0.4294 0.0712 0.0517
256 0.1433 0.3413 0.4280 0.0455 0.0421
257 0.0984 0.4924 0.3774 0.0109 0.0208
258 0.0649 0.2113 0.4009 0.2888 0.0340
259 0.0867 0.2375 0.5107 0.1087 0.0564
260 0.1315 0.3035 0.3281 0.1514 0.0856
261 0.1864 0.4041 0.2549 0.0789 0.0759
262 0.0984 0.2512 0.3772 0.1660 0.1072
263 0.1423 0.2898 0.2920 0.1434 0.1327
264 0.1692 0.1719 0.2620 0.2367 0.1602
265 0.0923 0.4473 0.3003 0.0967 0.0634
266 0.1676 0.2383 0.3257 0.2039 0.0646
267 0.1205 0.2673 0.4841 0.0539 0.0742
268 0.1006 0.6309 0.2129 0.0152 0.0406
269 0.1543 0.3560 0.3396 0.0442 0.1060
270 0.1160 0.4180 0.3745 0.0395 0.0519
271 0.1117 0.2966 0.3992 0.0978 0.0948
272 0.0963 0.4419 0.1412 0.0261 0.2944
273 0.1072 0.3889 0.1699 0.0166 0.3174
274 0.2208 0.4568 0.2244 0.0396 0.0585
275 0.1622 0.3462 0.3381 0.1016 0.0518
276 0.1622 0.2416 0.3127 0.1881 0.0953
277 0.1816 0.4092 0.1719 0.0199 0.2173
278 0.1549 0.4243 0.2939 0.0433 0.0836
279 0.2324 0.3328 0.2324 0.0376 0.1648
280 0.0851 0.5171 0.2480 0.0787 0.0711
281 0.1544 0.3850 0.0894 0.0419 0.3293
282 0.1207 0.3157 0.3809 0.1664 0.0165
283 0.1135 0.1785 0.1479 0.3083 0.2517
284 0.0497 0.2837 0.2141 0.2881 0.1642
285 0.1738 0.3826 0.3123 0.0479 0.0834
286 0.2091 0.1182 0.2859 0.2091 0.1775
287 0.1458 0.2460 0.2620 0.1799 0.1665
288 0.0542 0.4067 0.1520 0.1696 0.2177
289 0.0473 0.3718 0.3547 0.0804 0.1456
290 0.0851 0.3240 0.1119 0.2563 0.2227
291 0.1572 0.1674 0.2018 0.0531 0.4207
292 0.1537 0.3804 0.2827 0.1040 0.0791
293 0.1605 0.2263 0.2566 0.1631 0.1936
294 0.1614 0.3552 0.3782 0.0360 0.0694
295 0.1667 0.2124 0.3315 0.2141 0.0751
296 0.1898 0.4312 0.2456 0.0424 0.0911
297 0.1539 0.3440 0.3467 0.0837 0.0716
298 0.1150 0.3030 0.4443 0.0289 0.1089
299 0.0890 0.4019 0.3281 0.1526 0.0284
300 0.0750 0.2637 0.2678 0.3777 0.0161
301 0.1168 0.3076 0.4546 0.0991 0.0218
302 0.0579 0.4177 0.3462 0.1444 0.0338
303 0.0494 0.5352 0.3245 0.0610 0.0300
304 0.0392 0.6938 0.2289 0.0298 0.0082
305 0.0641 0.3413 0.3867 0.2007 0.0070
306 0.0278 0.3782 0.5679 0.0107 0.0154
307 0.0316 0.3218 0.6201 0.0099 0.0163
308 0.0677 0.6675 0.2184 0.0340 0.0124
309 0.0985 0.4626 0.3894 0.0330 0.0165
310 0.1091 0.4348 0.4382 0.0108 0.0069
311 0.0605 0.4043 0.3979 0.0223 0.1149
312 0.0619 0.5264 0.2411 0.0137 0.1569
313 0.1248 0.4744 0.3694 0.0139 0.0174
314 0.1140 0.5610 0.2864 0.0108 0.0279
315 0.0615 0.4233 0.3914 0.0795 0.0443
316 0.0417 0.5078 0.3955 0.0261 0.0289
317 0.0558 0.4636 0.4495 0.0102 0.0210
318 0.2676 0.4312 0.2871 0.0061 0.0078
319 0.1489 0.4734 0.3518 0.0118 0.0143
320 0.1742 0.5278 0.2573 0.0186 0.0218
321 0.1915 0.4929 0.2991 0.0067 0.0098
322 0.1566 0.5220 0.2881 0.0088 0.0246
323 0.3093 0.2998 0.3293 0.0442 0.0175
324 0.0670 0.6978 0.1736 0.0109 0.0509
325 0.0350 0.4536 0.4465 0.0435 0.0214
326 0.1106 0.5112 0.3516 0.0105 0.0161
327 0.2100 0.3801 0.3892 0.0065 0.0142
328 0.3342 0.3291 0.3191 0.0094 0.0081
329 0.2156 0.4746 0.3018 0.0028 0.0053
330 0.2322 0.4509 0.3098 0.0026 0.0044
331 0.0827 0.4758 0.3120 0.0364 0.0930
332 0.0686 0.4170 0.4170 0.0332 0.0645
333 0.0858 0.3875 0.4255 0.0248 0.0763
334 0.1044 0.5557 0.3020 0.0206 0.0173
335 0.0644 0.0252 0.0789 0.8223 0.0093
336 0.0999 0.4043 0.2610 0.1659 0.0692
337 0.0687 0.3516 0.5278 0.0158 0.0365
338 0.1267 0.1349 0.4707 0.1902 0.0775
339 0.1122 0.1685 0.3979 0.2339 0.0874
340 0.1017 0.0911 0.4775 0.1841 0.1456
341 0.1343 0.0543 0.5068 0.1570 0.1475
342 0.0944 0.0638 0.4294 0.3850 0.0275
343 0.1985 0.1407 0.2842 0.2671 0.1096
344 0.0245 0.4990 0.3027 0.1429 0.0309
345 0.1727 0.1225 0.1754 0.4551 0.0743
346 0.1270 0.1438 0.5020 0.0943 0.1331
347 0.1381 0.2462 0.4529 0.0812 0.0818
348 0.0796 0.0620 0.2097 0.6362 0.0125
349 0.1431 0.2115 0.3950 0.2115 0.0388
350 0.1187 0.1726 0.3276 0.3433 0.0376
351 0.1296 0.1161 0.3931 0.2617 0.0994
352 0.1733 0.1554 0.3845 0.2191 0.0679
353 0.1807 0.3220 0.4402 0.0271 0.0302
354 0.1603 0.1528 0.3040 0.3340 0.0489
355 0.1224 0.0953 0.4619 0.2251 0.0953
356 0.2013 0.0643 0.1405 0.5386 0.0550
357 0.1287 0.2056 0.4490 0.1458 0.0710
358 0.2133 0.1056 0.3303 0.1973 0.1536
359 0.1196 0.3054 0.4077 0.0253 0.1420
360 0.0974 0.2195 0.5024 0.1484 0.0324
361 0.0859 0.0712 0.6055 0.2159 0.0212
362 0.3550 0.0817 0.2023 0.2808 0.0804
363 0.1504 0.1118 0.3337 0.3608 0.0434
364 0.0692 0.1853 0.4514 0.2532 0.0407
365 0.0677 0.0570 0.2186 0.6230 0.0335
366 0.0541 0.1471 0.6494 0.1239 0.0256
367 0.1487 0.1487 0.3247 0.2568 0.1213
368 0.0859 0.0770 0.2998 0.4792 0.0581
369 0.1042 0.1639 0.4600 0.1338 0.1381
370 0.0737 0.1688 0.4810 0.0969 0.1797
371 0.1154 0.1002 0.1843 0.4934 0.1067
372 0.1163 0.1278 0.3113 0.3064 0.1382
373 0.1273 0.1376 0.3459 0.3201 0.0692
374 0.0540 0.1625 0.6328 0.0823 0.0683
375 0.0911 0.4080 0.4277 0.0395 0.0338
376 0.1263 0.3984 0.4514 0.0147 0.0089
377 0.0958 0.2881 0.5957 0.0126 0.0077
378 0.1998 0.3293 0.4263 0.0299 0.0146
379 0.0490 0.4648 0.4102 0.0534 0.0226
380 0.0455 0.7393 0.1899 0.0088 0.0163
381 0.1025 0.4316 0.4055 0.0455 0.0148
382 0.1123 0.5234 0.3223 0.0233 0.0188
383 0.1821 0.3027 0.4543 0.0178 0.0429
384 0.2869 0.2532 0.4241 0.0119 0.0239
385 0.0725 0.4407 0.4619 0.0109 0.0141
386 0.1083 0.4248 0.4382 0.0179 0.0107
387 0.0605 0.3171 0.6113 0.0091 0.0023
388 0.0465 0.4885 0.4519 0.0044 0.0087
389 0.0706 0.4321 0.4783 0.0059 0.0130
390 0.0515 0.3132 0.6230 0.0064 0.0056
391 0.0527 0.4380 0.5044 0.0029 0.0021
392 0.1189 0.4702 0.4023 0.0053 0.0032
393 0.0624 0.5435 0.3794 0.0116 0.0030
394 0.1278 0.3418 0.4973 0.0219 0.0111
395 0.0752 0.2544 0.6006 0.0110 0.0590
396 0.0715 0.7686 0.1245 0.0317 0.0035
397 0.1196 0.6934 0.1571 0.0200 0.0099
398 0.1526 0.4629 0.3335 0.0308 0.0203
399 0.1282 0.0461 0.0952 0.6714 0.0591
400 0.0797 0.1688 0.2698 0.0574 0.4243
401 0.0509 0.4265 0.4070 0.0513 0.0644
402 0.1709 0.5225 0.2607 0.0262 0.0198
403 0.3459 0.3174 0.2673 0.0342 0.0351
404 0.0838 0.6440 0.2225 0.0266 0.0233
405 0.2263 0.2773 0.2142 0.2263 0.0559
406 0.1384 0.3022 0.2544 0.0073 0.2976
407 0.1249 0.4163 0.2524 0.0037 0.2028
408 0.0511 0.1549 0.0883 0.0117 0.6943
409 0.0235 0.0337 0.2196 0.6255 0.0975
410 0.0891 0.2461 0.2661 0.0292 0.3694
411 0.0834 0.4333 0.1835 0.0244 0.2754
412 0.1588 0.3606 0.3838 0.0580 0.0389
413 0.1186 0.5615 0.2532 0.0518 0.0151
414 0.0972 0.5596 0.2581 0.0497 0.0355
415 0.1698 0.2529 0.2452 0.1608 0.1711
416 0.1921 0.3169 0.1174 0.0090 0.3647
417 0.0855 0.2117 0.2184 0.2252 0.2593
418 0.1622 0.2417 0.2004 0.3252 0.0704
419 0.0875 0.2032 0.4373 0.0151 0.2571
420 0.1642 0.3530 0.3818 0.0478 0.0533
421 0.0464 0.3347 0.4231 0.1764 0.0195
422 0.0588 0.1412 0.7280 0.0667 0.0050
423 0.0386 0.0404 0.2637 0.6528 0.0046
424 0.0605 0.5308 0.2212 0.0534 0.1342
425 0.0833 0.1681 0.4717 0.2371 0.0399
426 0.0499 0.0469 0.1661 0.7334 0.0038
427 0.1107 0.0810 0.7109 0.0918 0.0055
428 0.0611 0.1536 0.5444 0.2100 0.0307
429 0.0762 0.2617 0.6382 0.0093 0.0147
430 0.0349 0.2244 0.6699 0.0674 0.0034
431 0.1177 0.1824 0.6465 0.0483 0.0049
432 0.0890 0.2101 0.4661 0.2272 0.0076
433 0.0722 0.1627 0.5420 0.2190 0.0038
434 0.0785 0.1160 0.4661 0.3357 0.0035
435 0.0778 0.1429 0.7148 0.0605 0.0039
436 0.0685 0.1383 0.6914 0.0996 0.0021
437 0.0914 0.1350 0.3044 0.4570 0.0123
438 0.3987 0.0157 0.1854 0.3630 0.0374
439 0.2086 0.0598 0.3494 0.3718 0.0106
440 0.1671 0.3376 0.4761 0.0139 0.0054
441 0.0461 0.1006 0.8291 0.0221 0.0023
442 0.0441 0.0823 0.7690 0.1025 0.0020
443 0.0592 0.1160 0.7104 0.1107 0.0040
444 0.0718 0.1202 0.0839 0.7139 0.0103
445 0.1000 0.3630 0.3281 0.1914 0.0174
446 0.0953 0.5664 0.2847 0.0351 0.0186
447 0.0833 0.6602 0.2280 0.0166 0.0121
448 0.0806 0.6538 0.1858 0.0599 0.0201
449 0.1340 0.6055 0.2076 0.0384 0.0144
450 0.1372 0.6196 0.1965 0.0285 0.0179
451 0.1248 0.7349 0.1199 0.0095 0.0110
452 0.1799 0.5947 0.1718 0.0276 0.0261
453 0.0569 0.1880 0.0461 0.0105 0.6987
454 0.0651 0.4019 0.4412 0.0121 0.0797
455 0.0471 0.1938 0.6558 0.0058 0.0975
456 0.0499 0.2805 0.5576 0.0105 0.1016
457 0.0990 0.3401 0.4038 0.1005 0.0564
458 0.0491 0.1636 0.6890 0.0469 0.0515
459 0.0322 0.2360 0.6411 0.0078 0.0828
460 0.0424 0.3057 0.5713 0.0057 0.0750
461 0.0516 0.2969 0.5903 0.0115 0.0500
462 0.0483 0.2693 0.4800 0.1659 0.0367
463 0.1962 0.2598 0.3442 0.1162 0.0837
464 0.0592 0.2695 0.6167 0.0450 0.0094
465 0.0592 0.1808 0.7378 0.0127 0.0095
466 0.0574 0.3005 0.5977 0.0359 0.0082
467 0.0755 0.2874 0.5894 0.0404 0.0074
468 0.0978 0.3928 0.4966 0.0097 0.0030
469 0.0979 0.4058 0.4746 0.0127 0.0090
470 0.1332 0.2627 0.5830 0.0107 0.0106
471 0.0406 0.5259 0.4226 0.0084 0.0024
472 0.0443 0.5830 0.3535 0.0147 0.0047
473 0.0475 0.7090 0.2095 0.0052 0.0290
474 0.1141 0.1713 0.5977 0.1106 0.0063
475 0.0723 0.0648 0.1192 0.7080 0.0358
476 0.0787 0.1257 0.2661 0.5132 0.0162
477 0.0459 0.3362 0.5049 0.0617 0.0515
478 0.0369 0.0512 0.5503 0.3445 0.0173
479 0.0667 0.2257 0.5498 0.1390 0.0187
480 0.2742 0.4966 0.1368 0.0296 0.0626
481 0.0418 0.1249 0.4714 0.3503 0.0116
482 0.0352 0.3752 0.1359 0.4387 0.0150
483 0.1067 0.4321 0.3933 0.0280 0.0399
484 0.0665 0.4543 0.4104 0.0171 0.0518
485 0.1064 0.3516 0.5039 0.0170 0.0213
486 0.1093 0.3667 0.4934 0.0143 0.0161
487 0.0657 0.7759 0.1100 0.0127 0.0357
488 0.0603 0.7578 0.1403 0.0063 0.0352
489 0.0774 0.7173 0.1814 0.0080 0.0161
490 0.1785 0.4666 0.3035 0.0046 0.0469
491 0.0421 0.7056 0.2119 0.0080 0.0325
492 0.1407 0.5923 0.1793 0.0139 0.0736
493 0.0575 0.3359 0.2576 0.3359 0.0134
494 0.0397 0.5312 0.3379 0.0790 0.0120
495 0.0306 0.0224 0.0690 0.8530 0.0250
496 0.0803 0.3228 0.5156 0.0779 0.0033
497 0.2223 0.5415 0.1665 0.0194 0.0504
498 0.0310 0.0185 0.0657 0.8784 0.0065
499 0.0593 0.5332 0.3037 0.0688 0.0352
500 0.0621 0.6426 0.2477 0.0229 0.0247
501 0.1147 0.5391 0.1863 0.0138 0.1462
502 0.1371 0.6543 0.1278 0.0119 0.0690
503 0.0558 0.3113 0.3933 0.0508 0.1887
504 0.0949 0.1093 0.2074 0.0248 0.5635
505 0.0467 0.0554 0.0485 0.0092 0.8403
506 0.0930 0.1157 0.0826 0.0112 0.6978
507 0.1232 0.2469 0.1451 0.0160 0.4688
508 0.1001 0.1990 0.1870 0.0365 0.4775
509 0.1146 0.2389 0.2042 0.0485 0.3938
510 0.1292 0.2549 0.2671 0.0601 0.2888
511 0.0932 0.3228 0.2437 0.0371 0.3032
512 0.1073 0.4697 0.2151 0.0552 0.1526
513 0.0380 0.3032 0.1675 0.4626 0.0287
514 0.0514 0.2910 0.1006 0.5439 0.0130
515 0.2318 0.1078 0.3647 0.2798 0.0159
516 0.2037 0.2830 0.2496 0.2310 0.0327
517 0.2037 0.2830 0.2496 0.2310 0.0327
518 0.4468 0.3589 0.1405 0.0212 0.0326
519 0.5542 0.2876 0.1144 0.0132 0.0303
520 0.5615 0.2825 0.1123 0.0132 0.0305
521 0.5615 0.2825 0.1123 0.0132 0.0305
522 0.3743 0.4175 0.1443 0.0295 0.0343
