time exciting_prob fearful_prob tense_prob sad_prob relaxing_prob
0 0.2198 0.1559 0.1488 0.4172 0.0583
1 0.0503 0.0404 0.2327 0.6626 0.0138
2 0.1443 0.1674 0.5195 0.1366 0.0324
3 0.0246 0.0109 0.0358 0.9233 0.0053
4 0.0807 0.1310 0.5181 0.2159 0.0542
5 0.2893 0.1648 0.4622 0.0539 0.0298
6 0.4780 0.2089 0.1493 0.1277 0.0363
7 0.4011 0.1205 0.4407 0.0170 0.0208
8 0.3152 0.0984 0.3201 0.2455 0.0210
9 0.7651 0.1919 0.0292 0.0052 0.0088
10 0.5308 0.1281 0.1121 0.1835 0.0457
11 0.7148 0.1343 0.0759 0.0226 0.0522
12 0.4023 0.2537 0.2274 0.0398 0.0768
13 0.1445 0.6733 0.1033 0.0553 0.0236
14 0.1984 0.3735 0.1750 0.1232 0.1301
15 0.0265 0.7451 0.0636 0.1389 0.0257
16 0.1390 0.4382 0.1625 0.1930 0.0672
17 0.2380 0.1825 0.1636 0.3628 0.0531
18 0.0703 0.5239 0.0977 0.2983 0.0099
19 0.0662 0.7173 0.1600 0.0480 0.0085
20 0.1431 0.7095 0.0931 0.0172 0.0373
21 0.2469 0.6016 0.0860 0.0394 0.0258
22 0.1251 0.6064 0.1849 0.0771 0.0063
23 0.2202 0.5581 0.1400 0.0249 0.0570
24 0.2927 0.4536 0.2211 0.0229 0.0096
25 0.0531 0.3303 0.5708 0.0430 0.0025
26 0.1371 0.5298 0.3162 0.0150 0.0020
27 0.1750 0.4297 0.3562 0.0309 0.0080
28 0.0944 0.6763 0.1737 0.0457 0.0097
29 0.0790 0.3171 0.5566 0.0419 0.0051
30 0.1847 0.3789 0.0740 0.3396 0.0226
31 0.1338 0.6582 0.0688 0.1208 0.0182
32 0.1222 0.0997 0.3269 0.3943 0.0568
33 0.2673 0.1648 0.4207 0.1177 0.0293
34 0.2004 0.3357 0.4177 0.0368 0.0093
35 0.1315 0.6035 0.2419 0.0155 0.0078
36 0.2089 0.5635 0.1050 0.0831 0.0399
37 0.2830 0.4451 0.1729 0.0688 0.0305
38 0.1360 0.0980 0.2791 0.4749 0.0120
39 0.0857 0.2703 0.1100 0.5205 0.0135
40 0.5430 0.2646 0.1406 0.0222 0.0295
41 0.4019 0.0856 0.3411 0.1514 0.0202
42 0.3152 0.0601 0.2825 0.3103 0.0322
43 0.2932 0.1005 0.1005 0.0297 0.4761
44 0.0832 0.6968 0.0590 0.1329 0.0281
45 0.2479 0.5288 0.1539 0.0289 0.0402
46 0.1703 0.5537 0.2102 0.0111 0.0544
47 0.3479 0.4431 0.1472 0.0403 0.0215
48 0.1659 0.5396 0.2651 0.0198 0.0094
49 0.1396 0.6021 0.2130 0.0116 0.0337
50 0.0824 0.5498 0.1744 0.1703 0.0231
51 0.2047 0.2568 0.3977 0.1290 0.0119
52 0.1548 0.5488 0.2759 0.0048 0.0159
53 0.0755 0.4019 0.4924 0.0171 0.0131
54 0.1148 0.2954 0.4795 0.1037 0.0065
55 0.0881 0.6406 0.2490 0.0183 0.0039
56 0.1111 0.4329 0.4329 0.0148 0.0084
57 0.0781 0.7466 0.0734 0.0927 0.0093
58 0.0073 0.4775 0.0837 0.4282 0.0032
59 0.0723 0.7827 0.0609 0.0658 0.0183
60 0.0839 0.4062 0.4604 0.0063 0.0432
61 0.0833 0.1342 0.6108 0.0199 0.1520
62 0.0865 0.2427 0.3066 0.0525 0.3115
63 0.1854 0.2786 0.4346 0.0462 0.0553
64 0.1445 0.5854 0.0549 0.1827 0.0325
65 0.3594 0.1022 0.1440 0.3708 0.0235
66 0.1833 0.1394 0.5645 0.0880 0.0246
67 0.4438 0.2375 0.1765 0.1096 0.0324
68 0.6206 0.1176 0.1683 0.0419 0.0514
69 0.3501 0.0456 0.2837 0.1846 0.1361
70 0.4143 0.1196 0.3252 0.0515 0.0896
71 0.2627 0.2063 0.3591 0.1157 0.0560
72 0.1089 0.4480 0.1700 0.2532 0.0200
73 0.3303 0.3542 0.1648 0.0522 0.0984
74 0.3503 0.1847 0.1279 0.0807 0.2563
75 0.1941 0.2493 0.4692 0.0583 0.0291
76 0.2290 0.1929 0.5244 0.0229 0.0310
77 0.1460 0.0972 0.7075 0.0334 0.0159
78 0.6445 0.0865 0.1259 0.0832 0.0599
79 0.2988 0.1001 0.3989 0.1637 0.0383
80 0.3081 0.1514 0.4885 0.0368 0.0151
81 0.2148 0.3486 0.2115 0.2002 0.0247
82 0.2479 0.2854 0.2312 0.2189 0.0166
83 0.2405 0.1002 0.5859 0.0162 0.0571
84 0.1740 0.0687 0.6025 0.1150 0.0400
85 0.1863 0.1907 0.4795 0.0115 0.1321
86 0.2500 0.3933 0.2747 0.0481 0.0341
87 0.2554 0.1265 0.5117 0.0527 0.0535
88 0.3486 0.0803 0.5073 0.0391 0.0247
89 0.0853 0.4834 0.2886 0.1261 0.0167
90 0.2939 0.4050 0.1688 0.0761 0.0561
91 0.2252 0.4375 0.1726 0.1500 0.0147
92 0.1305 0.0480 0.2363 0.5669 0.0184
93 0.0333 0.7231 0.2072 0.0267 0.0098
94 0.0762 0.3108 0.5371 0.0308 0.0455
95 0.3379 0.1186 0.3433 0.1523 0.0479
96 0.2576 0.3806 0.2169 0.0631 0.0817
97 0.0954 0.2827 0.0862 0.5039 0.0320
98 0.1989 0.0954 0.6523 0.0307 0.0228
99 0.3918 0.1333 0.4653 0.0055 0.0041
100 0.1584 0.5112 0.0889 0.2183 0.0230
101 0.1931 0.2922 0.4707 0.0280 0.0160
102 0.0709 0.5796 0.3032 0.0414 0.0049
103 0.4097 0.2094 0.2688 0.0659 0.0463
104 0.0539 0.5576 0.3127 0.0682 0.0076
105 0.0558 0.6050 0.1415 0.1603 0.0372
106 0.0616 0.6880 0.0828 0.1409 0.0267
107 0.0677 0.0767 0.0433 0.7988 0.0133
108 0.2788 0.5166 0.0850 0.1017 0.0180
109 0.1769 0.1263 0.4048 0.2739 0.0182
110 0.1547 0.0960 0.6211 0.1022 0.0258
111 0.2317 0.2666 0.4197 0.0664 0.0156
112 0.0456 0.8535 0.0604 0.0378 0.0028
113 0.2177 0.1193 0.2335 0.0595 0.3701
114 0.5303 0.1748 0.1165 0.0361 0.1427
115 0.1779 0.6660 0.0436 0.0340 0.0783
116 0.1346 0.2202 0.4211 0.0773 0.1467
117 0.0601 0.2981 0.3325 0.0423 0.2671
118 0.1365 0.2415 0.5273 0.0875 0.0073
119 0.1626 0.1504 0.5498 0.1144 0.0229
120 0.1593 0.0958 0.3047 0.0729 0.3674
121 0.0999 0.6416 0.1031 0.1293 0.0261
122 0.2739 0.2252 0.0611 0.4209 0.0189
123 0.4602 0.2174 0.2622 0.0435 0.0165
124 0.2505 0.1791 0.3142 0.1147 0.1416
125 0.2045 0.0409 0.3372 0.3940 0.0233
126 0.2008 0.3635 0.3135 0.1017 0.0205
127 0.2561 0.4639 0.2260 0.0463 0.0079
128 0.1310 0.0886 0.2192 0.5430 0.0184
129 0.1102 0.1859 0.5254 0.1654 0.0130
130 0.3782 0.2404 0.3135 0.0405 0.0276
131 0.2089 0.3726 0.2500 0.1541 0.0146
132 0.1707 0.3848 0.2974 0.1309 0.0165
133 0.4453 0.1266 0.3870 0.0166 0.0247
134 0.1522 0.7495 0.0640 0.0219 0.0123
135 0.4695 0.0300 0.4272 0.0401 0.0332
136 0.2367 0.0459 0.5767 0.0492 0.0912
137 0.4338 0.0288 0.4619 0.0391 0.0362
138 0.2554 0.0593 0.6128 0.0424 0.0300
139 0.3823 0.1045 0.4197 0.0696 0.0239
140 0.1611 0.3867 0.3928 0.0476 0.0118
141 0.1120 0.2194 0.6011 0.0590 0.0087
142 0.1744 0.1092 0.5996 0.0780 0.0389
143 0.1309 0.0341 0.5020 0.3091 0.0240
144 0.1398 0.1398 0.3457 0.3513 0.0235
145 0.0879 0.1094 0.5732 0.1775 0.0521
146 0.1810 0.5938 0.0829 0.1324 0.0101
147 0.2416 0.5488 0.0367 0.1609 0.0121
148 0.2644 0.2463 0.3213 0.0745 0.0935
149 0.4014 0.1293 0.3127 0.0597 0.0969
150 0.1015 0.5571 0.1454 0.1740 0.0219
151 0.5264 0.2281 0.2094 0.0244 0.0118
152 0.2333 0.0872 0.4094 0.2225 0.0478
153 0.1409 0.0494 0.2050 0.5928 0.0119
154 0.0975 0.2451 0.0629 0.5879 0.0065
155 0.3079 0.5620 0.0862 0.0164 0.0275
156 0.4746 0.0627 0.4458 0.0071 0.0098
157 0.1835 0.1176 0.6108 0.0091 0.0789
158 0.3831 0.2217 0.2937 0.0620 0.0397
159 0.1763 0.1790 0.4363 0.1936 0.0150
160 0.2139 0.2156 0.2947 0.2122 0.0637
161 0.2111 0.6108 0.0614 0.1013 0.0157
162 0.4150 0.2008 0.2537 0.1010 0.0294
163 0.2225 0.5508 0.1919 0.0219 0.0129
164 0.1235 0.2634 0.4624 0.1255 0.0251
165 0.2747 0.2368 0.3088 0.1542 0.0254
166 0.2810 0.4490 0.1447 0.0637 0.0617
167 0.1366 0.2715 0.0560 0.5273 0.0083
168 0.5107 0.3223 0.0284 0.1242 0.0143
169 0.4744 0.4153 0.0516 0.0336 0.0253
170 0.6533 0.2460 0.0089 0.0870 0.0049
171 0.3552 0.2559 0.2966 0.0549 0.0374
172 0.1145 0.6045 0.1360 0.1190 0.0259
173 0.2225 0.6543 0.0845 0.0078 0.0311
174 0.4395 0.1415 0.2297 0.1438 0.0456
175 0.1619 0.2247 0.1086 0.4795 0.0254
176 0.5210 0.1902 0.2349 0.0399 0.0140
177 0.4583 0.2612 0.1809 0.0861 0.0135
178 0.1099 0.8188 0.0421 0.0234 0.0060
179 0.6118 0.2251 0.0999 0.0404 0.0226
180 0.5264 0.2429 0.1362 0.0735 0.0207
181 0.5215 0.0980 0.2025 0.1603 0.0180
182 0.4268 0.1533 0.3171 0.0874 0.0153
183 0.6230 0.1743 0.0683 0.1099 0.0245
184 0.3208 0.2898 0.2460 0.1091 0.0343
185 0.2360 0.1925 0.1866 0.3625 0.0223
186 0.2169 0.2169 0.3257 0.1757 0.0646
187 0.3157 0.2238 0.4214 0.0124 0.0269
188 0.3140 0.0914 0.4863 0.0813 0.0268
189 0.3213 0.4031 0.0482 0.1996 0.0279
190 0.2256 0.5669 0.1049 0.0484 0.0540
191 0.1344 0.5615 0.2866 0.0081 0.0094
192 0.4055 0.3523 0.1348 0.0646 0.0428
193 0.4045 0.3828 0.1547 0.0454 0.0126
194 0.1019 0.2856 0.0838 0.5132 0.0155
195 0.3677 0.1070 0.3374 0.1631 0.0250
196 0.4822 0.2174 0.2424 0.0445 0.0135
197 0.4199 0.3220 0.0502 0.1969 0.0109
198 0.3452 0.1749 0.2839 0.1722 0.0237
199 0.2849 0.0977 0.3032 0.2676 0.0465
200 0.4600 0.2520 0.2559 0.0071 0.0251
201 0.3091 0.4641 0.0973 0.1137 0.0158
202 0.3091 0.1137 0.2563 0.2686 0.0525
203 0.2488 0.6060 0.0605 0.0595 0.0252
204 0.0985 0.0732 0.1226 0.5942 0.1116
205 0.3538 0.1375 0.2712 0.1620 0.0753
206 0.1886 0.2499 0.1576 0.3389 0.0652
207 0.0739 0.4351 0.4702 0.0167 0.0041
208 0.1782 0.6074 0.1489 0.0335 0.0320
209 0.4258 0.3877 0.1299 0.0352 0.0215
210 0.0393 0.8403 0.0770 0.0396 0.0038
211 0.1814 0.1118 0.1960 0.4631 0.0477
212 0.2842 0.3538 0.0502 0.2394 0.0724
213 0.0714 0.0494 0.6162 0.2568 0.0059
214 0.0800 0.7300 0.1460 0.0396 0.0047
215 0.0646 0.8638 0.0404 0.0273 0.0039
216 0.3367 0.5015 0.0871 0.0576 0.0174
217 0.4680 0.3242 0.1036 0.0664 0.0378
218 0.2930 0.1147 0.1165 0.3879 0.0880
