time exciting_prob fearful_prob tense_prob sad_prob relaxing_prob
0 0.2037 0.2830 0.2496 0.2310 0.0327
1 0.0735 0.2410 0.1543 0.4004 0.1310
2 0.0659 0.1555 0.1193 0.4294 0.2299
3 0.1042 0.1027 0.3528 0.4060 0.0344
4 0.0470 0.1050 0.0219 0.7012 0.1248
5 0.0099 0.3044 0.2686 0.4033 0.0139
6 0.0337 0.3713 0.1987 0.3276 0.0687
7 0.0080 0.1022 0.3298 0.5527 0.0073
8 0.0141 0.1422 0.6895 0.1357 0.0187
9 0.0740 0.0663 0.4641 0.3613 0.0341
10 0.1166 0.1835 0.5435 0.1148 0.0416
11 0.1239 0.1035 0.3999 0.3420 0.0306
12 0.0599 0.1299 0.6802 0.1201 0.0099
13 0.0712 0.0490 0.1053 0.7656 0.0087
14 0.1519 0.2227 0.2209 0.3699 0.0347
15 0.0490 0.1848 0.1373 0.6108 0.0179
16 0.1960 0.2617 0.1827 0.3308 0.0287
17 0.0494 0.1737 0.3245 0.4297 0.0228
18 0.0672 0.3867 0.2576 0.2054 0.0830
19 0.0123 0.4583 0.0660 0.4583 0.0053
20 0.0067 0.1422 0.1009 0.7451 0.0049
21 0.1164 0.4460 0.2124 0.1530 0.0723
22 0.0906 0.5469 0.1720 0.1019 0.0886
23 0.1169 0.5752 0.1926 0.0790 0.0362
24 0.0237 0.3562 0.2410 0.3674 0.0116
25 0.0290 0.3823 0.3535 0.1722 0.0629
26 0.0309 0.3296 0.0316 0.5967 0.0114
27 0.0489 0.6099 0.0638 0.2279 0.0493
28 0.1575 0.4348 0.2659 0.1255 0.0165
29 0.0723 0.4326 0.3938 0.0663 0.0349
30 0.0861 0.6411 0.2065 0.0506 0.0158
31 0.1145 0.4822 0.2207 0.0435 0.1392
32 0.1351 0.5513 0.1965 0.0198 0.0973
33 0.0590 0.4290 0.4709 0.0355 0.0057
34 0.0650 0.6562 0.2452 0.0263 0.0071
35 0.0215 0.5000 0.0465 0.2362 0.1958
36 0.1758 0.4316 0.3110 0.0508 0.0308
37 0.2307 0.4277 0.2476 0.0597 0.0343
38 0.1604 0.4902 0.2974 0.0283 0.0237
39 0.0787 0.2971 0.2791 0.2878 0.0572
40 0.0373 0.3096 0.5967 0.0513 0.0054
41 0.0698 0.4014 0.3433 0.0583 0.1273
42 0.0275 0.5977 0.3457 0.0265 0.0027
43 0.0389 0.3254 0.3154 0.2656 0.0544
44 0.3191 0.3044 0.2263 0.1270 0.0231
45 0.1252 0.3027 0.2001 0.2571 0.1149
46 0.2111 0.5225 0.1998 0.0529 0.0137
47 0.1028 0.5430 0.2546 0.0782 0.0212
48 0.1326 0.3359 0.2203 0.2966 0.0145
49 0.1796 0.3303 0.1957 0.2717 0.0227
50 0.0398 0.2003 0.4175 0.3054 0.0370
51 0.0782 0.2688 0.4329 0.2109 0.0093
52 0.0450 0.4109 0.4241 0.1055 0.0144
53 0.0137 0.2952 0.3562 0.3047 0.0302
54 0.0256 0.3428 0.0853 0.5146 0.0319
55 0.0038 0.3794 0.0959 0.5186 0.0021
56 0.0424 0.1267 0.7764 0.0463 0.0080
57 0.0297 0.8145 0.0859 0.0070 0.0628
58 0.0440 0.2654 0.5273 0.1465 0.0167
59 0.0505 0.2976 0.4197 0.1763 0.0559
60 0.1343 0.4612 0.2145 0.1251 0.0649
61 0.1617 0.3345 0.1997 0.2646 0.0396
62 0.0257 0.0818 0.2330 0.6533 0.0060
63 0.0442 0.2013 0.1982 0.5474 0.0089
64 0.0234 0.7285 0.1458 0.0898 0.0124
65 0.1202 0.2264 0.0629 0.5605 0.0299
66 0.1010 0.5171 0.2578 0.1154 0.0090
67 0.0218 0.6133 0.1423 0.2072 0.0152
68 0.0281 0.7598 0.0604 0.1405 0.0113
69 0.0099 0.0200 0.0884 0.8784 0.0032
70 0.1703 0.1841 0.2119 0.3230 0.1108
71 0.0798 0.2498 0.0837 0.5806 0.0060
72 0.1192 0.2688 0.2729 0.3191 0.0201
73 0.0835 0.2869 0.1971 0.0640 0.3684
74 0.1804 0.1890 0.3701 0.0463 0.2142
75 0.0707 0.0373 0.1185 0.7490 0.0245
76 0.0244 0.1043 0.0470 0.7827 0.0415
77 0.0684 0.3997 0.4460 0.0717 0.0142
78 0.1682 0.2264 0.4434 0.1174 0.0446
79 0.0876 0.6221 0.1840 0.0810 0.0253
80 0.0479 0.7490 0.1343 0.0332 0.0353
81 0.1440 0.5879 0.0960 0.0290 0.1429
82 0.0834 0.4238 0.2737 0.1941 0.0251
83 0.0544 0.2534 0.3518 0.3303 0.0101
84 0.0751 0.3086 0.4353 0.0919 0.0891
85 0.0988 0.3044 0.3672 0.2192 0.0103
86 0.1230 0.2279 0.1721 0.1011 0.3757
87 0.0546 0.2583 0.6396 0.0204 0.0272
88 0.0406 0.2524 0.4160 0.2859 0.0050
89 0.0989 0.4097 0.2729 0.0723 0.1461
90 0.0425 0.4004 0.5142 0.0400 0.0028
91 0.0446 0.2030 0.2336 0.1212 0.3975
92 0.0875 0.1910 0.5444 0.1234 0.0539
93 0.0191 0.3379 0.6118 0.0291 0.0019
94 0.0439 0.4204 0.2935 0.1344 0.1080
95 0.0668 0.1209 0.1267 0.6797 0.0060
96 0.1035 0.2974 0.3530 0.2297 0.0165
97 0.0399 0.3943 0.3645 0.1212 0.0801
98 0.0543 0.1499 0.6514 0.1262 0.0183
99 0.1112 0.1696 0.2627 0.4329 0.0237
100 0.0403 0.1283 0.3542 0.4692 0.0081
101 0.1572 0.3462 0.2117 0.2532 0.0317
102 0.1664 0.2722 0.2153 0.3257 0.0205
103 0.1022 0.1956 0.4802 0.2164 0.0055
104 0.0178 0.5400 0.4272 0.0106 0.0044
105 0.0219 0.1426 0.2462 0.5815 0.0077
106 0.1151 0.7681 0.0732 0.0404 0.0030
107 0.0343 0.3440 0.5674 0.0458 0.0085
108 0.0565 0.0491 0.2961 0.5195 0.0785
109 0.0298 0.1718 0.5542 0.2275 0.0165
110 0.0304 0.1268 0.7891 0.0497 0.0041
111 0.0057 0.0193 0.1385 0.8359 0.0004
112 0.0057 0.4368 0.5186 0.0379 0.0008
113 0.0356 0.1753 0.3770 0.3953 0.0168
114 0.0143 0.0858 0.5015 0.3967 0.0015
115 0.0321 0.5649 0.2467 0.1544 0.0021
116 0.0235 0.6548 0.2998 0.0193 0.0024
117 0.1954 0.2015 0.1864 0.3027 0.1140
118 0.0682 0.1001 0.2310 0.5898 0.0111
119 0.0245 0.1688 0.6729 0.1305 0.0031
120 0.0974 0.3425 0.3071 0.2467 0.0063
121 0.0480 0.4768 0.2593 0.1926 0.0232
122 0.0431 0.0706 0.5464 0.3367 0.0033
123 0.0068 0.3408 0.0977 0.5532 0.0013
124 0.0045 0.3599 0.1431 0.4917 0.0009
125 0.0429 0.1281 0.5142 0.2751 0.0396
126 0.0213 0.0683 0.2722 0.5674 0.0705
127 0.0180 0.2047 0.2374 0.5186 0.0211
128 0.0117 0.1610 0.1254 0.6992 0.0027
129 0.0449 0.1259 0.3262 0.4897 0.0133
130 0.1454 0.3433 0.4766 0.0300 0.0048
131 0.0372 0.2194 0.7134 0.0201 0.0098
132 0.1519 0.3191 0.4678 0.0453 0.0161
133 0.0351 0.2268 0.6665 0.0620 0.0096
134 0.0609 0.2524 0.6343 0.0321 0.0204
135 0.0701 0.2263 0.6299 0.0439 0.0297
136 0.0346 0.1829 0.6851 0.0756 0.0220
137 0.0509 0.4133 0.4468 0.0741 0.0148
138 0.0111 0.2441 0.3184 0.4153 0.0111
139 0.0069 0.4146 0.4016 0.1648 0.0121
140 0.0430 0.1178 0.4585 0.3684 0.0121
141 0.1270 0.5137 0.1997 0.1394 0.0202
142 0.1714 0.4343 0.1432 0.1714 0.0797
143 0.2251 0.4512 0.1547 0.1313 0.0376
144 0.1616 0.3730 0.2998 0.1483 0.0173
145 0.3447 0.2749 0.2686 0.0878 0.0242
146 0.1553 0.2295 0.4600 0.0684 0.0871
147 0.0392 0.3130 0.3716 0.2456 0.0305
148 0.0682 0.1782 0.5488 0.1500 0.0548
149 0.0360 0.0980 0.1448 0.7017 0.0193
150 0.1227 0.3750 0.1379 0.2479 0.1162
151 0.0198 0.2844 0.2472 0.4204 0.0282
152 0.0405 0.3110 0.0920 0.1692 0.3872
153 0.0384 0.7646 0.0763 0.0576 0.0632
154 0.0243 0.5840 0.1106 0.2759 0.0049
155 0.0446 0.6772 0.1766 0.0991 0.0026
156 0.1151 0.5981 0.1064 0.1741 0.0062
157 0.1024 0.2656 0.2068 0.3833 0.0420
158 0.0037 0.2605 0.1556 0.5781 0.0020
159 0.1880 0.1836 0.1080 0.4951 0.0252
160 0.0161 0.5894 0.2456 0.1444 0.0048
161 0.0390 0.7129 0.1426 0.1011 0.0044
162 0.2251 0.1781 0.1866 0.3950 0.0150
163 0.0263 0.2164 0.4956 0.2532 0.0087
164 0.0589 0.5679 0.3235 0.0424 0.0072
165 0.0119 0.0105 0.4480 0.5239 0.0057
166 0.0440 0.3435 0.4341 0.1754 0.0031
167 0.3218 0.3071 0.1240 0.2354 0.0118
168 0.0379 0.1700 0.2435 0.5234 0.0249
169 0.2233 0.4653 0.2590 0.0388 0.0138
170 0.1232 0.7036 0.1194 0.0391 0.0146
171 0.1284 0.2344 0.1990 0.3491 0.0890
172 0.2196 0.5312 0.1487 0.0564 0.0443
173 0.0433 0.2671 0.2671 0.4170 0.0055
174 0.0917 0.4341 0.0784 0.3713 0.0247
175 0.0948 0.1434 0.2517 0.4812 0.0289
176 0.0978 0.5122 0.0883 0.2328 0.0688
177 0.0751 0.1541 0.2404 0.5088 0.0217
178 0.0564 0.1821 0.3511 0.3623 0.0479
179 0.0926 0.3386 0.1170 0.4084 0.0434
180 0.0565 0.5840 0.1726 0.1584 0.0284
181 0.0581 0.5684 0.2644 0.1019 0.0072
182 0.0328 0.1801 0.6743 0.0793 0.0338
183 0.1110 0.6689 0.1639 0.0508 0.0051
184 0.0309 0.3274 0.5659 0.0665 0.0092
185 0.0256 0.1646 0.7495 0.0578 0.0026
186 0.1381 0.1801 0.5210 0.1328 0.0280
187 0.0546 0.2771 0.5425 0.1036 0.0222
188 0.1603 0.3696 0.2444 0.2042 0.0215
189 0.0135 0.3362 0.3259 0.3159 0.0085
190 0.2375 0.2842 0.1620 0.2888 0.0275
191 0.0769 0.3967 0.4426 0.0781 0.0058
192 0.0998 0.2064 0.4438 0.2375 0.0126
193 0.1343 0.3098 0.4370 0.0952 0.0237
194 0.0933 0.3958 0.2595 0.1975 0.0540
195 0.0830 0.2499 0.5127 0.1162 0.0383
196 0.0936 0.2817 0.5024 0.0922 0.0302
197 0.1860 0.2837 0.3423 0.1449 0.0432
198 0.0989 0.2211 0.2708 0.2751 0.1340
199 0.0157 0.1161 0.2874 0.5625 0.0184
200 0.1899 0.3577 0.1716 0.1143 0.1664
201 0.0700 0.1628 0.2058 0.5093 0.0520
202 0.0390 0.1163 0.0695 0.7349 0.0402
203 0.0682 0.1073 0.0932 0.6079 0.1235
204 0.0776 0.3264 0.2209 0.2708 0.1044
205 0.1788 0.1350 0.1505 0.4785 0.0572
206 0.1788 0.1350 0.1505 0.4785 0.0572
