time exciting_prob fearful_prob tense_prob sad_prob relaxing_prob
0 0.1907 0.2264 0.1606 0.3794 0.0429
1 0.0526 0.2375 0.3003 0.3979 0.0116
2 0.0670 0.1487 0.3198 0.4441 0.0204
3 0.2817 0.2646 0.3589 0.0859 0.0086
4 0.1554 0.0412 0.0988 0.6855 0.0189
5 0.1548 0.0698 0.3542 0.4143 0.0069
6 0.1573 0.1898 0.1783 0.4556 0.0190
7 0.2712 0.2549 0.2888 0.1738 0.0111
8 0.2925 0.2664 0.2812 0.1404 0.0193
9 0.1672 0.1925 0.5234 0.0514 0.0655
10 0.1801 0.2257 0.4631 0.0627 0.0683
11 0.3806 0.1826 0.2678 0.0651 0.1040
12 0.3503 0.2622 0.2583 0.0712 0.0581
13 0.3186 0.1248 0.3784 0.1119 0.0663
14 0.0278 0.1785 0.6475 0.1445 0.0016
15 0.2253 0.1478 0.2325 0.3833 0.0110
16 0.1382 0.0390 0.1859 0.6289 0.0082
17 0.0620 0.0475 0.0587 0.8232 0.0084
18 0.0272 0.0799 0.8198 0.0716 0.0017
19 0.0195 0.1388 0.7622 0.0760 0.0035
20 0.0256 0.0872 0.8076 0.0728 0.0068
21 0.0275 0.1031 0.8369 0.0291 0.0031
22 0.0157 0.0629 0.8286 0.0916 0.0012
23 0.1836 0.2216 0.4011 0.1595 0.0342
24 0.0393 0.1183 0.8149 0.0229 0.0043
25 0.0647 0.0786 0.7461 0.0818 0.0289
26 0.0490 0.1405 0.6250 0.1763 0.0093
27 0.0686 0.2233 0.5439 0.1122 0.0518
28 0.1426 0.2465 0.4224 0.0942 0.0942
29 0.1749 0.4609 0.2688 0.0475 0.0478
30 0.1708 0.3506 0.3789 0.0529 0.0467
31 0.0721 0.2169 0.2830 0.3867 0.0414
32 0.0560 0.0616 0.1753 0.6826 0.0243
33 0.1166 0.1021 0.6504 0.1185 0.0121
34 0.3420 0.1530 0.1859 0.1051 0.2140
35 0.2040 0.2499 0.2681 0.1050 0.1731
36 0.2042 0.2522 0.2542 0.1318 0.1577
37 0.0914 0.2859 0.3115 0.1803 0.1309
38 0.0917 0.2761 0.3923 0.0749 0.1649
39 0.1124 0.2515 0.4771 0.0869 0.0720
40 0.2620 0.1425 0.1993 0.0994 0.2969
41 0.0858 0.2426 0.4602 0.1506 0.0609
42 0.1003 0.3391 0.4495 0.0652 0.0459
43 0.0798 0.1315 0.6177 0.1490 0.0220
44 0.0984 0.1636 0.4482 0.1927 0.0969
45 0.2198 0.0888 0.2651 0.3149 0.1114
46 0.1665 0.1857 0.2440 0.2347 0.1691
47 0.2472 0.2034 0.4270 0.0241 0.0983
48 0.2480 0.0775 0.0745 0.5171 0.0831
49 0.2117 0.1548 0.0257 0.5708 0.0371
50 0.6436 0.1277 0.0474 0.1371 0.0442
51 0.5283 0.1624 0.0284 0.2151 0.0661
52 0.1367 0.4556 0.3281 0.0411 0.0386
53 0.4202 0.1343 0.0696 0.3220 0.0538
54 0.1548 0.2634 0.3572 0.1097 0.1151
55 0.1669 0.0997 0.0290 0.6650 0.0393
56 0.1422 0.0511 0.0156 0.7627 0.0287
57 0.3813 0.1692 0.0608 0.3186 0.0700
58 0.0823 0.1490 0.4702 0.0897 0.2086
59 0.0693 0.4343 0.3657 0.1024 0.0284
60 0.1508 0.3267 0.3503 0.0576 0.1146
61 0.0967 0.2096 0.3374 0.1417 0.2145
62 0.2876 0.1180 0.0540 0.4631 0.0774
63 0.5190 0.0815 0.0239 0.3076 0.0681
64 0.5732 0.0599 0.0228 0.2563 0.0879
65 0.3030 0.2715 0.0565 0.3225 0.0464
66 0.0767 0.2739 0.4961 0.1345 0.0189
67 0.0599 0.4358 0.4358 0.0563 0.0124
68 0.0151 0.4358 0.5176 0.0252 0.0066
69 0.2140 0.2042 0.1328 0.0793 0.3696
70 0.0698 0.2166 0.5933 0.0848 0.0356
71 0.0672 0.2458 0.4248 0.2086 0.0536
72 0.1242 0.1407 0.1272 0.3916 0.2163
73 0.0377 0.0699 0.7817 0.0919 0.0187
74 0.0886 0.2644 0.2125 0.3970 0.0375
75 0.1724 0.0358 0.4333 0.3071 0.0513
76 0.0273 0.0362 0.8979 0.0312 0.0072
77 0.2350 0.2747 0.0995 0.2791 0.1119
78 0.4045 0.1852 0.0692 0.2800 0.0611
79 0.2683 0.1093 0.0184 0.5254 0.0787
80 0.0345 0.7676 0.0841 0.0748 0.0388
81 0.1515 0.2054 0.5498 0.0641 0.0289
82 0.3760 0.2335 0.0403 0.2817 0.0685
83 0.2252 0.3127 0.0569 0.3923 0.0129
84 0.2373 0.1045 0.0347 0.5967 0.0270
85 0.2134 0.2474 0.3518 0.1064 0.0810
86 0.1029 0.2566 0.2842 0.1907 0.1656
87 0.0800 0.1603 0.6191 0.1172 0.0236
88 0.0790 0.0967 0.7852 0.0235 0.0158
89 0.0881 0.1262 0.5977 0.1323 0.0560
90 0.2534 0.1169 0.1444 0.3804 0.1048
91 0.2544 0.1249 0.4260 0.1211 0.0735
92 0.2102 0.0836 0.4700 0.1826 0.0536
93 0.1798 0.2678 0.4211 0.1032 0.0280
94 0.1411 0.3179 0.3835 0.0955 0.0621
95 0.0883 0.2419 0.5366 0.0955 0.0374
96 0.0834 0.3982 0.4656 0.0288 0.0241
97 0.0878 0.3613 0.5337 0.0140 0.0030
98 0.1074 0.4666 0.3989 0.0157 0.0113
99 0.0562 0.6387 0.2856 0.0089 0.0109
100 0.3015 0.1154 0.4670 0.0598 0.0562
101 0.1683 0.1644 0.2449 0.1656 0.2566
102 0.1459 0.2443 0.4895 0.0558 0.0647
103 0.1990 0.1885 0.4736 0.1170 0.0218
104 0.0924 0.3152 0.4919 0.0556 0.0450
105 0.2566 0.1998 0.1750 0.1473 0.2212
106 0.1550 0.1066 0.3132 0.4084 0.0169
107 0.0321 0.2159 0.1763 0.5518 0.0240
108 0.0963 0.1857 0.5542 0.0673 0.0963
109 0.0751 0.2681 0.5293 0.0508 0.0768
110 0.0393 0.2751 0.5142 0.0944 0.0770
111 0.1693 0.2174 0.2996 0.1494 0.1642
112 0.2664 0.1119 0.2074 0.2242 0.1903
113 0.2184 0.1512 0.4111 0.1254 0.0939
114 0.1244 0.1023 0.1754 0.4480 0.1500
115 0.2174 0.4189 0.2424 0.0292 0.0920
116 0.1328 0.3843 0.1932 0.2041 0.0858
117 0.2024 0.1772 0.4563 0.1144 0.0496
118 0.0946 0.0760 0.3301 0.3740 0.1252
119 0.0959 0.2338 0.5972 0.0560 0.0172
120 0.1656 0.2449 0.2487 0.2507 0.0901
121 0.0645 0.2588 0.5190 0.1140 0.0439
122 0.1031 0.1825 0.5894 0.0515 0.0737
123 0.0670 0.2732 0.4365 0.1805 0.0426
124 0.1315 0.3357 0.4309 0.0635 0.0385
125 0.1805 0.1300 0.5874 0.0513 0.0509
126 0.1332 0.1937 0.2954 0.2954 0.0820
127 0.1294 0.1636 0.2739 0.3984 0.0348
128 0.0866 0.1656 0.2710 0.4536 0.0231
129 0.1011 0.2042 0.6143 0.0508 0.0296
130 0.0800 0.2769 0.5015 0.1298 0.0120
131 0.1605 0.3452 0.3616 0.1028 0.0299
132 0.0494 0.0908 0.4333 0.3169 0.1096
133 0.0316 0.4719 0.4265 0.0109 0.0591
134 0.0732 0.2556 0.4888 0.0773 0.1049
135 0.0158 0.0372 0.8809 0.0590 0.0073
136 0.0906 0.3640 0.3640 0.1591 0.0222
137 0.1447 0.1962 0.1799 0.4023 0.0768
138 0.0333 0.5728 0.2386 0.0162 0.1392
139 0.0195 0.1438 0.7900 0.0439 0.0029
140 0.2170 0.1613 0.3181 0.2383 0.0652
141 0.0453 0.1694 0.5869 0.0290 0.1694
142 0.0752 0.2142 0.5098 0.0439 0.1567
143 0.4104 0.1046 0.2671 0.1908 0.0273
144 0.0837 0.1084 0.5293 0.1381 0.1403
145 0.2878 0.2122 0.1917 0.2600 0.0485
146 0.0891 0.3135 0.4153 0.0374 0.1447
147 0.2130 0.0815 0.2130 0.4802 0.0123
148 0.1335 0.0472 0.0940 0.6997 0.0255
149 0.0943 0.0879 0.3909 0.4226 0.0046
150 0.2395 0.0573 0.3325 0.3652 0.0054
151 0.3237 0.2947 0.3555 0.0235 0.0026
152 0.0436 0.0967 0.7041 0.1204 0.0353
153 0.0123 0.1036 0.8022 0.0740 0.0080
154 0.0399 0.0964 0.7524 0.0995 0.0119
155 0.0852 0.2686 0.5645 0.0294 0.0525
156 0.1421 0.4111 0.3176 0.0185 0.1107
157 0.1211 0.5220 0.3267 0.0136 0.0166
158 0.0167 0.1741 0.7212 0.0822 0.0056
159 0.1053 0.0959 0.4722 0.1710 0.1556
160 0.0987 0.1844 0.4783 0.0281 0.2106
161 0.0916 0.3274 0.3430 0.1808 0.0573
162 0.1377 0.0472 0.0480 0.0785 0.6885
163 0.1138 0.1722 0.5962 0.0586 0.0591
164 0.1010 0.1318 0.5815 0.0695 0.1163
165 0.0656 0.1769 0.6836 0.0646 0.0095
166 0.1002 0.1002 0.5127 0.2384 0.0488
167 0.0261 0.0792 0.6738 0.2056 0.0150
168 0.2347 0.3135 0.2944 0.0768 0.0805
169 0.1667 0.1654 0.1874 0.1019 0.3787
170 0.2443 0.1459 0.2725 0.2812 0.0562
171 0.0826 0.1240 0.3530 0.3818 0.0586
172 0.2556 0.1975 0.1515 0.3523 0.0431
173 0.3335 0.0970 0.1017 0.3750 0.0927
174 0.1021 0.1104 0.4436 0.3245 0.0192
175 0.3276 0.2083 0.0682 0.2869 0.1089
176 0.3218 0.0887 0.3071 0.2281 0.0542
177 0.1208 0.1199 0.1917 0.5332 0.0344
178 0.3699 0.1329 0.3215 0.1542 0.0214
179 0.2844 0.0945 0.0461 0.4761 0.0990
180 0.5093 0.0942 0.1154 0.1873 0.0942
181 0.0456 0.1904 0.6646 0.0858 0.0136
182 0.0312 0.2064 0.6982 0.0391 0.0249
183 0.0652 0.1814 0.5854 0.0793 0.0884
184 0.1465 0.3652 0.2286 0.0257 0.2340
185 0.0539 0.6265 0.2512 0.0295 0.0388
186 0.0742 0.4375 0.2781 0.1355 0.0748
187 0.0475 0.3352 0.4993 0.0731 0.0450
188 0.0673 0.1771 0.6133 0.0427 0.0994
189 0.0534 0.1923 0.6924 0.0275 0.0342
190 0.1873 0.1873 0.3843 0.1338 0.1075
191 0.0873 0.2318 0.4502 0.0846 0.1461
192 0.0295 0.5615 0.3625 0.0031 0.0433
193 0.2563 0.1279 0.4604 0.0740 0.0813
194 0.2837 0.1876 0.3589 0.0872 0.0826
195 0.0954 0.1854 0.5894 0.0269 0.1031
196 0.0507 0.3054 0.4731 0.0592 0.1115
197 0.1101 0.1349 0.5420 0.0355 0.1774
198 0.4644 0.1847 0.1086 0.1951 0.0471
199 0.3899 0.1266 0.1785 0.2537 0.0515
200 0.1110 0.1980 0.4358 0.1035 0.1517
201 0.2373 0.2030 0.3562 0.1045 0.0989
202 0.2142 0.0456 0.1461 0.5059 0.0880
203 0.4082 0.0755 0.1073 0.3057 0.1032
204 0.1500 0.1476 0.4995 0.0382 0.1647
205 0.0530 0.1780 0.7319 0.0136 0.0232
206 0.2371 0.0120 0.0859 0.5776 0.0872
207 0.3711 0.1398 0.3682 0.0119 0.1089
208 0.2479 0.2008 0.4595 0.0481 0.0438
209 0.1317 0.4419 0.3362 0.0335 0.0566
210 0.4302 0.0543 0.0754 0.4043 0.0359
211 0.5781 0.0525 0.0685 0.2563 0.0446
212 0.0971 0.0276 0.1228 0.7290 0.0234
213 0.1085 0.1259 0.4358 0.1393 0.1904
214 0.0462 0.2698 0.5449 0.0333 0.1057
215 0.1322 0.0802 0.3325 0.2800 0.1752
