time exciting_prob fearful_prob tense_prob sad_prob relaxing_prob
0 0.1823 0.2651 0.2571 0.2612 0.0342
1 0.2646 0.1580 0.3909 0.1847 0.0018
2 0.8491 0.0790 0.0309 0.0397 0.0013
3 0.8994 0.0532 0.0267 0.0187 0.0021
4 0.0943 0.1996 0.6860 0.0117 0.0086
5 0.8740 0.0057 0.0116 0.0341 0.0746
6 0.8682 0.0081 0.0412 0.0216 0.0609
7 0.1913 0.0157 0.5200 0.2380 0.0349
8 0.0871 0.0164 0.7178 0.1602 0.0184
9 0.8633 0.0168 0.0969 0.0157 0.0075
10 0.1094 0.0873 0.7964 0.0043 0.0027
11 0.8037 0.0060 0.0367 0.1522 0.0013
12 0.8794 0.0078 0.0668 0.0445 0.0017
13 0.1975 0.0817 0.6475 0.0688 0.0043
14 0.1606 0.0045 0.6558 0.0482 0.1311
15 0.1649 0.0036 0.6221 0.0544 0.1549
16 0.0811 0.0124 0.7568 0.1467 0.0029
17 0.1713 0.0019 0.3250 0.1334 0.3684
18 0.1209 0.0035 0.5088 0.1577 0.2089
19 0.2012 0.1393 0.6245 0.0279 0.0072
20 0.0878 0.0549 0.8135 0.0278 0.0162
21 0.0754 0.0737 0.8369 0.0053 0.0085
22 0.1995 0.1136 0.6392 0.0184 0.0294
23 0.1583 0.0260 0.5439 0.2571 0.0146
24 0.0545 0.0023 0.8652 0.0571 0.0207
25 0.1165 0.0039 0.7246 0.1300 0.0248
26 0.3313 0.0276 0.4746 0.1653 0.0010
27 0.5537 0.0278 0.2380 0.1160 0.0646
28 0.3284 0.0857 0.5210 0.0174 0.0477
29 0.0347 0.0950 0.8271 0.0428 0.0006
30 0.1274 0.0064 0.6475 0.2102 0.0085
31 0.2012 0.0202 0.5557 0.2075 0.0156
32 0.1166 0.1892 0.5063 0.1863 0.0014
33 0.0873 0.0654 0.8154 0.0106 0.0214
34 0.1238 0.0428 0.5049 0.3262 0.0024
35 0.2006 0.0134 0.6895 0.0933 0.0033
36 0.0592 0.0111 0.5703 0.3459 0.0132
37 0.0728 0.0272 0.6909 0.1949 0.0141
38 0.4644 0.0453 0.2708 0.2159 0.0037
39 0.1855 0.1467 0.6274 0.0315 0.0087
40 0.0867 0.0587 0.7974 0.0241 0.0332
41 0.0679 0.3093 0.6055 0.0028 0.0146
42 0.0430 0.2269 0.6772 0.0037 0.0491
43 0.3965 0.0632 0.2683 0.1436 0.1287
44 0.3176 0.0461 0.4016 0.1598 0.0749
45 0.0399 0.0287 0.4783 0.4355 0.0174
46 0.0994 0.0994 0.6484 0.1238 0.0289
47 0.0382 0.2695 0.3303 0.3354 0.0265
48 0.0218 0.1913 0.5449 0.2307 0.0112
49 0.1208 0.0111 0.8125 0.0480 0.0074
50 0.1200 0.0160 0.7583 0.0763 0.0294
51 0.0895 0.0665 0.2113 0.6211 0.0115
52 0.1958 0.0280 0.5669 0.1525 0.0570
53 0.0487 0.0597 0.8774 0.0083 0.0056
54 0.1351 0.0173 0.6250 0.1556 0.0669
55 0.1445 0.0280 0.7935 0.0243 0.0095
56 0.0992 0.0098 0.8174 0.0692 0.0043
57 0.2695 0.0146 0.6074 0.0779 0.0303
58 0.1809 0.0174 0.4622 0.0999 0.2397
59 0.1627 0.0532 0.2993 0.4563 0.0285
60 0.1138 0.0628 0.5176 0.2484 0.0572
61 0.1012 0.0478 0.3369 0.4128 0.1012
62 0.2791 0.0272 0.6289 0.0168 0.0478
63 0.2473 0.0263 0.4695 0.2473 0.0096
64 0.3806 0.0238 0.1116 0.4736 0.0102
65 0.2156 0.1093 0.5464 0.0170 0.1119
66 0.1179 0.0786 0.6577 0.0156 0.1305
67 0.3833 0.0118 0.2133 0.3713 0.0202
68 0.1111 0.0609 0.2192 0.3044 0.3044
69 0.1497 0.0422 0.1696 0.6201 0.0184
70 0.4863 0.0294 0.1566 0.3042 0.0235
71 0.2544 0.0559 0.5645 0.1202 0.0047
72 0.0727 0.0575 0.7690 0.0519 0.0488
73 0.2236 0.0767 0.4380 0.2476 0.0142
74 0.1515 0.0519 0.7114 0.0238 0.0612
75 0.1318 0.0914 0.7471 0.0124 0.0172
76 0.0721 0.0188 0.8521 0.0512 0.0058
77 0.0324 0.0017 0.3706 0.3025 0.2930
78 0.1479 0.0242 0.7812 0.0062 0.0404
79 0.0923 0.0660 0.7378 0.0909 0.0129
80 0.0917 0.0106 0.8174 0.0737 0.0066
81 0.1924 0.0596 0.7090 0.0235 0.0153
82 0.4460 0.0470 0.4639 0.0146 0.0285
83 0.2233 0.0062 0.4954 0.0298 0.2452
84 0.0224 0.0207 0.9521 0.0031 0.0017
85 0.2090 0.1200 0.5952 0.0058 0.0700
86 0.1588 0.0511 0.5127 0.2458 0.0317
87 0.0952 0.1710 0.7031 0.0011 0.0295
88 0.0887 0.0534 0.8032 0.0019 0.0526
89 0.0878 0.2578 0.3418 0.3110 0.0016
90 0.1741 0.2343 0.4443 0.1377 0.0096
91 0.0952 0.1440 0.2979 0.3564 0.1062
92 0.1033 0.1588 0.2556 0.4216 0.0607
93 0.0600 0.1617 0.7598 0.0021 0.0163
94 0.3613 0.1003 0.5137 0.0137 0.0110
95 0.2925 0.2542 0.4255 0.0107 0.0173
96 0.2250 0.0754 0.6821 0.0070 0.0105
97 0.2218 0.1512 0.5933 0.0206 0.0129
98 0.0420 0.1205 0.8169 0.0151 0.0056
99 0.0350 0.1250 0.8281 0.0059 0.0060
100 0.6230 0.1305 0.1798 0.0363 0.0305
101 0.0858 0.1948 0.7017 0.0034 0.0146
102 0.0372 0.3042 0.3669 0.2903 0.0012
103 0.1600 0.0129 0.6953 0.1171 0.0149
104 0.1102 0.0533 0.8018 0.0318 0.0032
105 0.5249 0.0637 0.3782 0.0251 0.0078
106 0.0974 0.0074 0.8286 0.0639 0.0026
107 0.0485 0.2620 0.6382 0.0380 0.0132
108 0.4551 0.1160 0.1868 0.2343 0.0078
109 0.2457 0.3689 0.3630 0.0024 0.0199
110 0.4822 0.0599 0.3699 0.0711 0.0169
111 0.0401 0.1295 0.8057 0.0202 0.0043
112 0.2434 0.0410 0.6562 0.0514 0.0078
113 0.1133 0.0779 0.7925 0.0127 0.0036
114 0.0671 0.0423 0.6772 0.1971 0.0162
115 0.1503 0.0380 0.7397 0.0677 0.0044
116 0.1987 0.1055 0.5840 0.1097 0.0020
117 0.4153 0.0994 0.4490 0.0078 0.0285
118 0.1675 0.0511 0.4343 0.3081 0.0392
119 0.0092 0.2815 0.6963 0.0116 0.0014
120 0.1571 0.0075 0.5400 0.2891 0.0065
121 0.2415 0.1302 0.5190 0.0923 0.0170
122 0.2355 0.1581 0.5649 0.0306 0.0111
123 0.3733 0.1395 0.1907 0.2954 0.0012
124 0.1431 0.1809 0.6514 0.0089 0.0156
125 0.2456 0.1294 0.5850 0.0271 0.0130
126 0.0903 0.3572 0.5234 0.0236 0.0054
127 0.4141 0.1014 0.3599 0.1055 0.0192
128 0.4751 0.2334 0.1818 0.1019 0.0079
129 0.1063 0.1242 0.7612 0.0042 0.0043
130 0.1927 0.1377 0.6519 0.0127 0.0049
131 0.2996 0.1340 0.5552 0.0065 0.0045
132 0.1689 0.0837 0.6738 0.0715 0.0022
133 0.2666 0.1036 0.5820 0.0403 0.0073
134 0.3162 0.0500 0.5723 0.0421 0.0193
135 0.0397 0.0945 0.7910 0.0112 0.0634
136 0.1087 0.0718 0.7666 0.0212 0.0316
137 0.4307 0.0157 0.4880 0.0597 0.0057
138 0.5063 0.0211 0.4102 0.0443 0.0180
139 0.4756 0.0077 0.4263 0.0758 0.0148
140 0.3611 0.0262 0.3904 0.2123 0.0102
141 0.3835 0.0134 0.2942 0.2942 0.0146
142 0.5171 0.0115 0.1963 0.2522 0.0227
143 0.5938 0.0144 0.2474 0.1263 0.0182
144 0.5879 0.0247 0.2510 0.1185 0.0178
145 0.4895 0.0355 0.2993 0.1349 0.0408
146 0.2874 0.0612 0.5127 0.1108 0.0280
147 0.3521 0.0726 0.4739 0.0792 0.0223
148 0.6396 0.0795 0.2448 0.0250 0.0109
149 0.4255 0.1530 0.3967 0.0126 0.0122
150 0.2305 0.1740 0.5571 0.0275 0.0106
151 0.6558 0.0127 0.2413 0.0759 0.0140
152 0.4663 0.0190 0.4312 0.0786 0.0051
153 0.5005 0.0320 0.2942 0.1479 0.0251
154 0.4407 0.0447 0.2737 0.1609 0.0803
155 0.3994 0.0318 0.5132 0.0259 0.0299
156 0.2079 0.0577 0.6816 0.0293 0.0233
157 0.1501 0.1265 0.6890 0.0282 0.0061
158 0.4143 0.1283 0.2100 0.0041 0.2435
159 0.1379 0.5586 0.1458 0.0085 0.1492
160 0.5234 0.0192 0.1782 0.0115 0.2676
161 0.6953 0.0210 0.2087 0.0652 0.0098
162 0.5024 0.0031 0.0538 0.0367 0.4038
163 0.3667 0.0075 0.1127 0.1163 0.3967
164 0.1532 0.0605 0.7783 0.0027 0.0054
165 0.5562 0.0670 0.3347 0.0040 0.0379
166 0.4070 0.0391 0.1953 0.3296 0.0290
167 0.7583 0.0257 0.1127 0.0942 0.0090
168 0.5527 0.0121 0.1293 0.0342 0.2715
169 0.2571 0.0665 0.6074 0.0611 0.0081
170 0.5479 0.0707 0.2450 0.1282 0.0082
171 0.4888 0.2808 0.1914 0.0335 0.0057
172 0.1884 0.0145 0.6572 0.1179 0.0221
173 0.7075 0.0054 0.1747 0.0205 0.0920
174 0.3848 0.0077 0.4604 0.1329 0.0140
175 0.4939 0.0195 0.3877 0.0658 0.0331
176 0.2469 0.0250 0.6714 0.0526 0.0041
177 0.1968 0.0086 0.6973 0.0915 0.0057
178 0.5649 0.0190 0.3000 0.0833 0.0324
179 0.5923 0.0073 0.2015 0.0582 0.1407
180 0.2805 0.0263 0.6323 0.0583 0.0024
181 0.3298 0.0223 0.5835 0.0543 0.0104
182 0.5752 0.0069 0.3201 0.0343 0.0635
183 0.0515 0.0465 0.8921 0.0052 0.0046
184 0.2805 0.1255 0.3926 0.0656 0.1357
185 0.3333 0.0296 0.6128 0.0190 0.0052
186 0.5576 0.1661 0.2379 0.0241 0.0143
187 0.6064 0.0353 0.2932 0.0505 0.0148
188 0.5156 0.0265 0.1957 0.2473 0.0152
189 0.7026 0.0859 0.1129 0.0355 0.0633
190 0.4744 0.0199 0.5010 0.0020 0.0029
191 0.4668 0.0140 0.4631 0.0477 0.0082
192 0.2100 0.0354 0.5361 0.2133 0.0052
193 0.1869 0.0363 0.7568 0.0089 0.0110
194 0.1914 0.0527 0.6836 0.0667 0.0054
195 0.1399 0.1056 0.6997 0.0523 0.0026
196 0.2656 0.1245 0.4812 0.1255 0.0032
197 0.4077 0.2019 0.3599 0.0251 0.0053
198 0.2108 0.1299 0.4192 0.2244 0.0159
