time exciting_prob fearful_prob tense_prob sad_prob relaxing_prob
0 0.9517 0.0022 0.0176 0.0044 0.0242
1 0.9438 0.0027 0.0212 0.0050 0.0272
2 0.9453 0.0026 0.0204 0.0047 0.0270
3 0.2037 0.2830 0.2496 0.2310 0.0327
4 0.2037 0.2830 0.2496 0.2310 0.0327
5 0.2037 0.2830 0.2496 0.2310 0.0327
6 0.2037 0.2830 0.2496 0.2310 0.0327
7 0.2037 0.2830 0.2496 0.2310 0.0327
8 0.1606 0.1556 0.3914 0.2776 0.0149
9 0.0616 0.0896 0.3435 0.4143 0.0910
10 0.1482 0.1392 0.2368 0.3726 0.1035
11 0.0861 0.1560 0.5532 0.1971 0.0076
12 0.1710 0.3621 0.3677 0.0908 0.0086
13 0.1901 0.2898 0.4705 0.0431 0.0065
14 0.1664 0.1587 0.4053 0.2617 0.0078
15 0.2124 0.0793 0.2561 0.4224 0.0299
16 0.0510 0.1620 0.3376 0.4402 0.0094
17 0.1097 0.1753 0.3223 0.3711 0.0216
18 0.1497 0.1095 0.5830 0.1321 0.0258
19 0.1627 0.2057 0.3965 0.2057 0.0296
20 0.0671 0.0651 0.2380 0.6079 0.0221
21 0.2037 0.2830 0.2496 0.2310 0.0327
22 0.1425 0.6436 0.0898 0.1127 0.0117
23 0.0584 0.2206 0.5210 0.1976 0.0026
24 0.0427 0.1990 0.3774 0.3774 0.0034
25 0.1010 0.1979 0.4973 0.1979 0.0060
26 0.0927 0.1653 0.4353 0.3040 0.0029
27 0.1077 0.0595 0.3701 0.4463 0.0165
28 0.1010 0.1317 0.6382 0.1181 0.0108
29 0.0511 0.1434 0.0768 0.6328 0.0956
30 0.0769 0.2705 0.2140 0.3018 0.1371
31 0.0514 0.1807 0.0923 0.6113 0.0645
32 0.0799 0.0774 0.5210 0.1772 0.1447
33 0.0922 0.1567 0.4260 0.1300 0.1951
34 0.0618 0.0928 0.4641 0.2563 0.1249
35 0.0934 0.1948 0.1238 0.4822 0.1059
36 0.3030 0.2612 0.1597 0.1881 0.0881
37 0.4299 0.3169 0.1005 0.1311 0.0214
38 0.3931 0.4597 0.0710 0.0608 0.0155
39 0.2327 0.4700 0.2764 0.0181 0.0030
40 0.1533 0.4233 0.3481 0.0659 0.0093
41 0.2402 0.3208 0.1550 0.2054 0.0786
42 0.3335 0.4631 0.1576 0.0296 0.0163
43 0.2390 0.2817 0.4465 0.0211 0.0115
44 0.0376 0.1241 0.8354 0.0022 0.0006
45 0.0959 0.6763 0.1821 0.0334 0.0121
46 0.1078 0.5479 0.3120 0.0212 0.0113
47 0.0269 0.5762 0.3494 0.0404 0.0071
48 0.0384 0.3733 0.5181 0.0591 0.0110
49 0.0858 0.1210 0.3394 0.4292 0.0246
50 0.0614 0.5181 0.2194 0.1921 0.0089
51 0.0549 0.2041 0.3994 0.3313 0.0103
52 0.0789 0.2229 0.6250 0.0609 0.0124
53 0.0974 0.4165 0.4365 0.0450 0.0046
54 0.0233 0.0764 0.6006 0.2837 0.0164
55 0.0202 0.2573 0.6270 0.0917 0.0038
56 0.0727 0.0774 0.6577 0.1743 0.0177
57 0.0337 0.4104 0.5352 0.0203 0.0005
58 0.0168 0.2340 0.5273 0.2197 0.0022
59 0.0583 0.2148 0.6616 0.0556 0.0096
60 0.0217 0.5210 0.3994 0.0575 0.0005
61 0.0930 0.3735 0.4795 0.0439 0.0100
62 0.0522 0.6411 0.2803 0.0216 0.0046
63 0.2610 0.2844 0.3171 0.1122 0.0254
64 0.0857 0.2722 0.4929 0.1434 0.0056
65 0.0798 0.2155 0.6431 0.0558 0.0059
66 0.0380 0.4736 0.2698 0.2102 0.0085
67 0.0649 0.1271 0.7202 0.0834 0.0043
68 0.0899 0.2123 0.4709 0.2156 0.0113
69 0.0504 0.2922 0.3523 0.2922 0.0130
70 0.0263 0.3633 0.3157 0.2874 0.0071
71 0.0747 0.4795 0.2932 0.1301 0.0226
72 0.0200 0.6138 0.1527 0.2120 0.0017
73 0.0845 0.2837 0.3369 0.1578 0.1372
74 0.1555 0.2194 0.5869 0.0264 0.0119
75 0.0258 0.7300 0.1530 0.0201 0.0712
76 0.0375 0.4639 0.2407 0.0283 0.2296
77 0.0264 0.7837 0.1721 0.0165 0.0012
78 0.0424 0.3960 0.3386 0.2119 0.0112
79 0.0983 0.4800 0.3738 0.0423 0.0059
80 0.0492 0.6680 0.2496 0.0245 0.0086
81 0.3357 0.0709 0.4961 0.0897 0.0076
82 0.1226 0.4663 0.2457 0.1478 0.0175
83 0.0514 0.4167 0.2063 0.3098 0.0157
84 0.0384 0.3936 0.1361 0.3757 0.0563
85 0.0116 0.8091 0.1593 0.0195 0.0002
86 0.4038 0.1166 0.3508 0.1203 0.0087
87 0.1038 0.3325 0.3430 0.2017 0.0188
88 0.0322 0.3198 0.5439 0.0888 0.0153
89 0.0247 0.4348 0.4021 0.1326 0.0058
90 0.0350 0.6011 0.1078 0.2505 0.0056
91 0.1549 0.2438 0.2134 0.3774 0.0105
92 0.1558 0.3052 0.2413 0.2693 0.0286
93 0.1470 0.4355 0.3340 0.0618 0.0219
94 0.1371 0.1760 0.2561 0.3237 0.1068
95 0.2693 0.2001 0.2651 0.0834 0.1821
96 0.2910 0.3652 0.2529 0.0847 0.0060
97 0.0483 0.3098 0.4653 0.1583 0.0183
98 0.1592 0.7080 0.0852 0.0449 0.0025
99 0.2308 0.6274 0.0811 0.0570 0.0037
100 0.1320 0.1721 0.3020 0.3164 0.0776
101 0.1267 0.1392 0.4495 0.2522 0.0326
102 0.0904 0.3604 0.4485 0.0792 0.0216
103 0.1049 0.6890 0.1663 0.0374 0.0026
104 0.1711 0.2568 0.4875 0.0534 0.0309
105 0.3127 0.1727 0.4016 0.1016 0.0111
106 0.0627 0.3391 0.4287 0.1414 0.0283
107 0.1077 0.6245 0.2061 0.0581 0.0034
108 0.0698 0.1016 0.1959 0.6226 0.0101
109 0.0859 0.4790 0.0782 0.3345 0.0224
110 0.1208 0.5991 0.1638 0.1083 0.0077
111 0.1305 0.3130 0.2439 0.1526 0.1599
112 0.2412 0.4873 0.2031 0.0314 0.0370
113 0.1343 0.2649 0.4104 0.1711 0.0192
114 0.0606 0.6216 0.2590 0.0560 0.0031
115 0.2339 0.3298 0.3457 0.0730 0.0177
116 0.0427 0.2573 0.3518 0.3357 0.0122
117 0.0365 0.3687 0.3105 0.2698 0.0144
118 0.0571 0.4026 0.3904 0.1101 0.0399
119 0.1481 0.4895 0.3184 0.0199 0.0242
120 0.1159 0.6831 0.1273 0.0454 0.0284
121 0.1512 0.2849 0.3745 0.1345 0.0548
122 0.0533 0.3875 0.3936 0.1093 0.0567
123 0.0435 0.2993 0.5952 0.0567 0.0054
124 0.0583 0.1006 0.2781 0.4729 0.0903
125 0.1024 0.0698 0.7505 0.0359 0.0414
126 0.1951 0.1362 0.2354 0.2930 0.1405
127 0.1602 0.0411 0.1504 0.4856 0.1627
128 0.1072 0.0784 0.2166 0.5273 0.0703
129 0.3242 0.0623 0.0989 0.3616 0.1531
130 0.2026 0.4028 0.3042 0.0838 0.0066
131 0.1765 0.0453 0.0975 0.3298 0.3511
132 0.3650 0.1429 0.0601 0.1122 0.3196
133 0.1043 0.4602 0.3696 0.0567 0.0091
134 0.0510 0.1925 0.6411 0.1132 0.0025
135 0.2354 0.1749 0.2390 0.2839 0.0669
136 0.2046 0.5605 0.0399 0.1473 0.0478
137 0.0527 0.3491 0.5757 0.0155 0.0074
138 0.1005 0.0327 0.1632 0.6870 0.0164
139 0.3108 0.0704 0.1562 0.4521 0.0106
140 0.0310 0.6221 0.1356 0.1782 0.0332
141 0.0426 0.3030 0.5234 0.1205 0.0106
142 0.1891 0.5688 0.1876 0.0435 0.0107
143 0.0507 0.1610 0.0237 0.5444 0.2201
144 0.1393 0.1426 0.0186 0.2244 0.4751
145 0.1174 0.1052 0.3450 0.2815 0.1508
146 0.0331 0.3508 0.4949 0.1104 0.0106
147 0.0299 0.3286 0.5679 0.0678 0.0060
148 0.0761 0.1675 0.6626 0.0798 0.0142
149 0.0497 0.2444 0.2522 0.3611 0.0928
150 0.0406 0.4912 0.1864 0.1475 0.1343
151 0.0309 0.4006 0.2429 0.1045 0.2212
152 0.0414 0.6279 0.1885 0.0278 0.1143
153 0.0662 0.7686 0.1057 0.0211 0.0383
154 0.1051 0.1102 0.1329 0.5957 0.0563
155 0.0511 0.3721 0.4851 0.0830 0.0086
156 0.0327 0.4050 0.5283 0.0325 0.0018
157 0.0197 0.1565 0.8071 0.0151 0.0014
158 0.0652 0.1011 0.4124 0.4124 0.0088
159 0.0500 0.1517 0.4900 0.3018 0.0063
160 0.1144 0.6582 0.1256 0.0732 0.0287
161 0.0523 0.4414 0.3958 0.1082 0.0022
162 0.0995 0.0800 0.3018 0.4673 0.0516
163 0.0998 0.1322 0.5029 0.2266 0.0388
164 0.0989 0.2467 0.3347 0.2605 0.0591
165 0.0954 0.6030 0.2004 0.0791 0.0220
166 0.0626 0.1169 0.4624 0.2803 0.0779
167 0.0401 0.3201 0.0961 0.5034 0.0401
168 0.0937 0.3347 0.2393 0.2886 0.0436
169 0.0486 0.2196 0.6763 0.0453 0.0103
170 0.0396 0.1891 0.3701 0.3818 0.0192
171 0.1122 0.0945 0.2338 0.5435 0.0160
172 0.0726 0.1073 0.1489 0.6572 0.0137
173 0.0907 0.3215 0.3701 0.1951 0.0224
174 0.1066 0.4021 0.3604 0.1170 0.0139
175 0.2505 0.1791 0.3167 0.1165 0.1373
176 0.1787 0.6191 0.1027 0.0878 0.0118
177 0.1349 0.3040 0.1504 0.2944 0.1163
178 0.0655 0.3027 0.5747 0.0475 0.0095
179 0.0818 0.5591 0.0831 0.2480 0.0283
180 0.0407 0.6567 0.1465 0.1465 0.0097
181 0.0317 0.1490 0.4380 0.3748 0.0066
182 0.1008 0.5122 0.2020 0.1586 0.0265
183 0.1099 0.0883 0.7388 0.0588 0.0042
184 0.0747 0.3677 0.4795 0.0680 0.0102
185 0.1406 0.4541 0.2588 0.1290 0.0175
186 0.0583 0.6035 0.2290 0.0682 0.0410
187 0.1185 0.5928 0.1711 0.0765 0.0410
188 0.1107 0.1295 0.3411 0.3989 0.0199
189 0.0577 0.2976 0.3762 0.2507 0.0179
190 0.2145 0.4507 0.2979 0.0148 0.0223
191 0.0851 0.2769 0.2993 0.3237 0.0148
192 0.1111 0.3044 0.3093 0.2228 0.0521
193 0.0692 0.6362 0.1987 0.0828 0.0128
194 0.1281 0.1113 0.3220 0.3025 0.1364
195 0.0953 0.2759 0.3770 0.2018 0.0502
196 0.0819 0.6196 0.2192 0.0752 0.0040
197 0.0693 0.5239 0.2117 0.1754 0.0198
198 0.1450 0.0908 0.2428 0.3645 0.1569
199 0.1379 0.1885 0.2421 0.3059 0.1256
200 0.0827 0.1984 0.2079 0.4685 0.0426
201 0.1987 0.2251 0.3542 0.1302 0.0917
202 0.0960 0.4304 0.1608 0.2415 0.0714
203 0.0653 0.0812 0.0706 0.5820 0.2010
204 0.1205 0.2019 0.0784 0.1782 0.4209
205 0.2058 0.3213 0.4126 0.0525 0.0079
206 0.0736 0.2610 0.6362 0.0275 0.0018
207 0.1305 0.1116 0.2761 0.3491 0.1326
208 0.0611 0.3225 0.3433 0.2673 0.0056
209 0.1593 0.1997 0.4983 0.1279 0.0148
210 0.1334 0.5703 0.2305 0.0597 0.0062
211 0.1048 0.2117 0.5239 0.0579 0.1016
212 0.0933 0.3308 0.3691 0.1770 0.0298
213 0.1606 0.6064 0.2000 0.0326 0.0005
214 0.1382 0.7075 0.0775 0.0695 0.0075
215 0.1337 0.4702 0.3606 0.0259 0.0095
216 0.1443 0.5278 0.3008 0.0170 0.0099
217 0.0618 0.4636 0.3784 0.0769 0.0191
218 0.2281 0.3645 0.2930 0.0981 0.0164
219 0.1042 0.3159 0.4119 0.1180 0.0500
220 0.0978 0.0823 0.5371 0.2742 0.0087
221 0.1285 0.3467 0.4119 0.0732 0.0395
222 0.0298 0.7681 0.1741 0.0265 0.0015
223 0.1009 0.3308 0.5454 0.0188 0.0043
224 0.0267 0.4971 0.4524 0.0232 0.0006
225 0.0319 0.4993 0.4475 0.0206 0.0008
226 0.0418 0.4355 0.4495 0.0711 0.0021
227 0.1296 0.5376 0.2405 0.0536 0.0386
228 0.0359 0.5884 0.2452 0.1233 0.0073
229 0.1461 0.5962 0.1694 0.0865 0.0016
230 0.0454 0.4924 0.3958 0.0636 0.0027
231 0.0448 0.4487 0.4487 0.0562 0.0015
232 0.1901 0.1652 0.4778 0.0948 0.0721
233 0.0381 0.1104 0.2908 0.5518 0.0091
234 0.0950 0.3699 0.4978 0.0308 0.0066
235 0.2844 0.3350 0.1105 0.2510 0.0192
236 0.1615 0.2462 0.2791 0.2925 0.0207
237 0.0845 0.2905 0.3450 0.2646 0.0153
238 0.0417 0.3037 0.4219 0.2155 0.0173
239 0.0250 0.5610 0.3511 0.0582 0.0044
240 0.3337 0.3015 0.2422 0.0488 0.0739
241 0.2428 0.2729 0.2905 0.1028 0.0908
242 0.1813 0.2153 0.5244 0.0536 0.0253
243 0.0787 0.4255 0.4900 0.0040 0.0018
244 0.0414 0.0748 0.1294 0.6885 0.0660
245 0.0497 0.1875 0.1350 0.5864 0.0412
246 0.0392 0.4277 0.5078 0.0230 0.0024
247 0.0362 0.4836 0.4614 0.0171 0.0016
248 0.0413 0.4724 0.4580 0.0267 0.0018
249 0.0324 0.5151 0.4336 0.0182 0.0008
250 0.1057 0.3010 0.5366 0.0365 0.0200
251 0.1033 0.2120 0.6040 0.0571 0.0236
252 0.0280 0.1512 0.4307 0.3743 0.0159
253 0.2056 0.2810 0.2479 0.2329 0.0325
