time exciting_prob fearful_prob tense_prob sad_prob relaxing_prob
0 0.2037 0.2830 0.2496 0.2310 0.0327
1 0.2832 0.0811 0.2461 0.3110 0.0786
2 0.2499 0.1276 0.2703 0.2620 0.0905
3 0.1627 0.1228 0.3135 0.2991 0.1018
4 0.1175 0.1736 0.4038 0.1998 0.1053
5 0.1300 0.1644 0.4399 0.1892 0.0765
6 0.1039 0.1536 0.4956 0.2002 0.0468
7 0.1359 0.3413 0.4119 0.0994 0.0116
8 0.1871 0.2223 0.3608 0.2120 0.0177
9 0.1672 0.3828 0.3325 0.1080 0.0096
10 0.1187 0.4209 0.3545 0.0954 0.0106
11 0.1151 0.3127 0.4844 0.0458 0.0420
12 0.1166 0.5308 0.3374 0.0067 0.0081
13 0.0937 0.4612 0.4265 0.0104 0.0082
14 0.1274 0.3574 0.4963 0.0069 0.0117
15 0.1444 0.4663 0.3748 0.0083 0.0064
16 0.0457 0.2000 0.0887 0.6064 0.0591
17 0.0292 0.2091 0.1460 0.5337 0.0818
18 0.0374 0.2275 0.1033 0.5542 0.0774
19 0.0908 0.2283 0.0989 0.4758 0.1061
20 0.0537 0.1528 0.0942 0.6143 0.0851
21 0.0752 0.1669 0.0914 0.5181 0.1484
22 0.0825 0.1830 0.0739 0.5815 0.0793
23 0.0667 0.2808 0.0955 0.4851 0.0721
24 0.0209 0.1221 0.0471 0.7837 0.0264
25 0.0489 0.1541 0.0775 0.6094 0.1101
26 0.0574 0.1755 0.0842 0.5000 0.1826
27 0.1167 0.1711 0.0834 0.3679 0.2610
28 0.0884 0.1135 0.0688 0.3960 0.3335
29 0.1166 0.2690 0.0967 0.3794 0.1384
30 0.0796 0.1620 0.0625 0.4509 0.2451
31 0.0829 0.1914 0.0897 0.5122 0.1236
32 0.1613 0.2365 0.0876 0.3108 0.2039
33 0.1165 0.1604 0.0463 0.3701 0.3069
34 0.1366 0.1431 0.0327 0.3250 0.3625
35 0.1252 0.2847 0.0931 0.3030 0.1941
36 0.1711 0.2651 0.0714 0.3376 0.1547
37 0.2031 0.3271 0.0559 0.2468 0.1670
38 0.1809 0.2571 0.0592 0.3054 0.1971
39 0.1514 0.1702 0.0333 0.5039 0.1411
40 0.1440 0.2031 0.0345 0.4199 0.1984
41 0.1309 0.2791 0.2925 0.1615 0.1360
42 0.1365 0.2651 0.3198 0.1398 0.1387
43 0.1565 0.2856 0.3162 0.1190 0.1228
44 0.1744 0.3108 0.3181 0.1227 0.0739
45 0.1864 0.3564 0.2249 0.0959 0.1364
46 0.3005 0.2034 0.3513 0.1334 0.0112
47 0.3054 0.3152 0.2201 0.1537 0.0055
48 0.2505 0.3560 0.2297 0.1460 0.0180
49 0.3201 0.2632 0.3101 0.0889 0.0178
50 0.5952 0.1257 0.1788 0.0806 0.0194
51 0.4314 0.2421 0.2039 0.0926 0.0301
52 0.4226 0.2316 0.2485 0.0609 0.0363
53 0.4578 0.2629 0.1711 0.0759 0.0321
54 0.4924 0.2327 0.1898 0.0437 0.0414
55 0.3464 0.2805 0.2783 0.0646 0.0300
56 0.4563 0.2367 0.2224 0.0549 0.0296
57 0.5244 0.2256 0.1855 0.0395 0.0249
58 0.4612 0.1892 0.2161 0.0759 0.0577
59 0.1060 0.3447 0.1259 0.2996 0.1239
60 0.0609 0.2229 0.0764 0.5474 0.0922
61 0.2318 0.1260 0.5474 0.0659 0.0290
62 0.4585 0.1234 0.2654 0.1015 0.0511
63 0.5239 0.1346 0.2634 0.0451 0.0327
64 0.6138 0.1058 0.1704 0.0532 0.0566
65 0.3984 0.1023 0.3860 0.0720 0.0413
66 0.3784 0.1844 0.2769 0.1093 0.0508
67 0.3821 0.1848 0.2428 0.1749 0.0154
68 0.1993 0.3696 0.2368 0.1774 0.0169
69 0.2018 0.2737 0.3569 0.1454 0.0221
70 0.1365 0.3403 0.3298 0.1595 0.0340
71 0.1523 0.2759 0.3889 0.1476 0.0353
72 0.1011 0.3396 0.3970 0.1427 0.0198
73 0.0686 0.3567 0.5356 0.0247 0.0144
74 0.0883 0.4734 0.3630 0.0579 0.0175
75 0.1663 0.3745 0.3464 0.0897 0.0232
76 0.0723 0.4224 0.4426 0.0326 0.0301
77 0.5005 0.1527 0.2440 0.0877 0.0149
78 0.5034 0.1686 0.2251 0.0861 0.0171
79 0.4475 0.1880 0.2180 0.1272 0.0193
80 0.4619 0.2512 0.1686 0.0976 0.0206
81 0.4751 0.1804 0.1630 0.1555 0.0260
82 0.4626 0.2053 0.2515 0.0365 0.0440
83 0.4280 0.2808 0.1945 0.0511 0.0458
84 0.3875 0.2561 0.2010 0.1035 0.0520
85 0.4514 0.2871 0.1500 0.0527 0.0588
86 0.2152 0.2637 0.2021 0.2037 0.1152
87 0.2151 0.2761 0.3228 0.0829 0.1031
88 0.2444 0.2502 0.2791 0.1219 0.1043
89 0.1666 0.3237 0.3162 0.1530 0.0405
90 0.2048 0.2549 0.3682 0.1006 0.0714
91 0.2051 0.3176 0.3572 0.0635 0.0565
92 0.1932 0.2769 0.3472 0.0972 0.0858
93 0.2041 0.2703 0.3611 0.1042 0.0603
94 0.2583 0.2334 0.2603 0.1394 0.1085
95 0.2489 0.2649 0.3621 0.0316 0.0923
96 0.1781 0.3054 0.4443 0.0146 0.0574
97 0.1730 0.4116 0.3206 0.0519 0.0427
98 0.3491 0.1466 0.1869 0.1840 0.1335
99 0.2932 0.1486 0.1835 0.2063 0.1683
100 0.3191 0.1036 0.1819 0.2092 0.1862
101 0.4277 0.1265 0.1913 0.1421 0.1124
102 0.4241 0.1512 0.1882 0.1169 0.1196
103 0.4753 0.0776 0.1862 0.1052 0.1555
104 0.4287 0.1163 0.1719 0.2620 0.0213
105 0.3413 0.1550 0.3386 0.1456 0.0196
106 0.4099 0.1342 0.2998 0.1289 0.0272
107 0.0402 0.0525 0.0341 0.8081 0.0653
108 0.0814 0.3074 0.0691 0.4199 0.1223
109 0.0624 0.3508 0.0807 0.4233 0.0827
110 0.1122 0.2571 0.0953 0.4011 0.1344
111 0.1315 0.2051 0.0535 0.2717 0.3381
112 0.2524 0.3396 0.1077 0.1020 0.1981
113 0.0864 0.5010 0.1602 0.1425 0.1100
114 0.0710 0.2103 0.0970 0.5630 0.0589
115 0.0620 0.1185 0.0901 0.6924 0.0370
116 0.3855 0.2247 0.1582 0.1104 0.1213
117 0.3264 0.3728 0.1603 0.0812 0.0594
118 0.4158 0.2903 0.1554 0.0832 0.0554
119 0.0803 0.1304 0.0499 0.5361 0.2035
120 0.0909 0.1924 0.0953 0.4763 0.1453
121 0.1548 0.4343 0.1031 0.1455 0.1622
122 0.1163 0.2041 0.0793 0.2791 0.3213
123 0.2252 0.2324 0.2051 0.2324 0.1047
124 0.3259 0.1267 0.4026 0.1338 0.0112
125 0.2520 0.0912 0.4121 0.2330 0.0117
126 0.1884 0.1024 0.5449 0.1549 0.0092
127 0.2554 0.0933 0.4700 0.1675 0.0139
128 0.2131 0.0999 0.6074 0.0709 0.0088
129 0.0422 0.2076 0.0595 0.6704 0.0206
130 0.0282 0.2690 0.0795 0.6064 0.0167
131 0.0103 0.0785 0.0257 0.8711 0.0145
132 0.0423 0.2032 0.0916 0.5698 0.0930
133 0.4546 0.0615 0.3125 0.1398 0.0317
134 0.0502 0.1333 0.0725 0.6987 0.0453
135 0.0681 0.1545 0.0644 0.6206 0.0923
136 0.0589 0.1144 0.1118 0.6792 0.0355
137 0.1552 0.2479 0.3901 0.1436 0.0632
138 0.0320 0.4382 0.2786 0.2274 0.0236
139 0.3135 0.2703 0.1469 0.2039 0.0657
140 0.4309 0.1926 0.2019 0.0961 0.0784
141 0.2102 0.2118 0.4519 0.0925 0.0335
142 0.2554 0.2495 0.4019 0.0607 0.0327
143 0.3269 0.2930 0.3000 0.0529 0.0271
144 0.4680 0.1373 0.2883 0.0741 0.0321
145 0.2722 0.2920 0.2898 0.0970 0.0492
146 0.4041 0.3430 0.1158 0.1014 0.0359
147 0.4375 0.3103 0.1768 0.0561 0.0195
148 0.3545 0.3984 0.2019 0.0273 0.0179
149 0.1530 0.6094 0.1339 0.0935 0.0101
150 0.2993 0.3472 0.2294 0.0851 0.0392
151 0.3804 0.3987 0.1433 0.0392 0.0385
152 0.4397 0.2585 0.1580 0.0966 0.0474
153 0.0403 0.2371 0.0973 0.5776 0.0478
154 0.0736 0.2081 0.0945 0.4690 0.1547
155 0.1521 0.4133 0.1697 0.1835 0.0814
156 0.1300 0.3972 0.0873 0.2428 0.1427
157 0.3079 0.5239 0.1421 0.0176 0.0087
158 0.2094 0.6299 0.1416 0.0109 0.0082
159 0.2462 0.6001 0.1371 0.0088 0.0080
160 0.3035 0.5410 0.1357 0.0119 0.0079
161 0.3821 0.4397 0.1383 0.0270 0.0129
162 0.4070 0.1724 0.3000 0.0833 0.0373
163 0.4897 0.1542 0.2278 0.0550 0.0734
164 0.4863 0.1437 0.2010 0.0516 0.1173
165 0.3359 0.2419 0.2135 0.0561 0.1526
166 0.3511 0.1954 0.3003 0.0601 0.0930
167 0.2389 0.5732 0.1642 0.0149 0.0090
168 0.2046 0.6709 0.1053 0.0115 0.0079
169 0.1403 0.6436 0.1517 0.0366 0.0278
170 0.5288 0.3467 0.0817 0.0175 0.0251
171 0.2471 0.3274 0.1698 0.0237 0.2321
172 0.4500 0.2998 0.1580 0.0242 0.0679
173 0.2959 0.1262 0.3052 0.2377 0.0351
174 0.2321 0.1849 0.2064 0.3350 0.0416
175 0.1630 0.7192 0.0989 0.0131 0.0060
176 0.1995 0.7075 0.0633 0.0238 0.0061
177 0.1567 0.4607 0.3069 0.0513 0.0246
178 0.2037 0.4280 0.3179 0.0349 0.0156
179 0.2834 0.1482 0.2500 0.2462 0.0722
180 0.3191 0.2688 0.3218 0.0336 0.0568
181 0.2966 0.2786 0.2830 0.0562 0.0856
182 0.3318 0.2371 0.3450 0.0326 0.0537
183 0.2937 0.2234 0.3005 0.0611 0.1215
184 0.2751 0.2466 0.3616 0.0505 0.0663
185 0.1506 0.2174 0.4939 0.1182 0.0198
186 0.1473 0.3000 0.4165 0.1086 0.0275
187 0.0458 0.1135 0.1033 0.7061 0.0315
188 0.0255 0.0444 0.0170 0.8926 0.0207
189 0.5225 0.2145 0.1440 0.0887 0.0302
190 0.5269 0.2063 0.1354 0.0895 0.0419
191 0.0756 0.1915 0.1327 0.4631 0.1370
192 0.1180 0.2122 0.0877 0.4353 0.1470
193 0.2932 0.1521 0.3403 0.2031 0.0112
194 0.2244 0.2108 0.3369 0.2141 0.0138
195 0.3020 0.3167 0.2280 0.0275 0.1260
196 0.2299 0.1776 0.5098 0.0517 0.0311
197 0.4167 0.2450 0.1820 0.1053 0.0509
198 0.1920 0.1735 0.4678 0.0886 0.0782
199 0.3840 0.1050 0.4780 0.0148 0.0181
200 0.0656 0.5278 0.3684 0.0267 0.0117
201 0.3354 0.2051 0.3713 0.0315 0.0565
202 0.3218 0.2264 0.3853 0.0350 0.0314
203 0.1377 0.2676 0.0939 0.2825 0.2184
204 0.2240 0.2104 0.3110 0.2258 0.0287
205 0.1886 0.1359 0.3665 0.2876 0.0215
206 0.0789 0.1353 0.0801 0.6113 0.0945
207 0.5078 0.2052 0.1825 0.0433 0.0611
208 0.4941 0.1935 0.1891 0.0674 0.0559
209 0.4111 0.2236 0.1636 0.1225 0.0791
210 0.0837 0.2007 0.1799 0.4248 0.1108
211 0.0383 0.1135 0.0341 0.5503 0.2639
212 0.2454 0.2673 0.3303 0.1150 0.0420
213 0.0811 0.4250 0.4814 0.0060 0.0064
214 0.1056 0.3516 0.5117 0.0179 0.0133
215 0.1636 0.3408 0.4377 0.0465 0.0112
216 0.2057 0.3608 0.3965 0.0264 0.0107
217 0.1110 0.3340 0.2296 0.2368 0.0885
218 0.0523 0.3518 0.2168 0.2871 0.0918
219 0.0699 0.1403 0.0837 0.6587 0.0473
220 0.0751 0.0870 0.0964 0.6587 0.0831
221 0.0856 0.1117 0.1143 0.6528 0.0357
222 0.0914 0.0914 0.0981 0.6548 0.0643
223 0.0917 0.0809 0.1781 0.5840 0.0655
224 0.0737 0.0515 0.1636 0.6572 0.0540
225 0.6577 0.0941 0.1066 0.1246 0.0170
226 0.3657 0.2554 0.2100 0.1244 0.0447
227 0.2822 0.3352 0.2233 0.1105 0.0487
228 0.2744 0.2788 0.3110 0.0756 0.0603
229 0.3120 0.3323 0.2301 0.1122 0.0134
230 0.3250 0.2778 0.2147 0.1753 0.0073
231 0.2069 0.1914 0.3010 0.2917 0.0088
232 0.1631 0.1139 0.1907 0.5024 0.0299
233 0.2047 0.2842 0.2468 0.2319 0.0324
234 0.8506 0.0842 0.0343 0.0077 0.0234
235 0.8462 0.0851 0.0355 0.0086 0.0246
236 0.8462 0.0851 0.0355 0.0085 0.0246
237 0.8462 0.0851 0.0355 0.0085 0.0246
238 0.2047 0.2842 0.2468 0.2319 0.0324
