time exciting_prob fearful_prob tense_prob sad_prob relaxing_prob
0 0.2037 0.2830 0.2496 0.2310 0.0327
1 0.2610 0.5190 0.0809 0.0875 0.0514
2 0.0783 0.0482 0.0214 0.8032 0.0490
3 0.1486 0.0820 0.0256 0.6870 0.0568
4 0.0482 0.0214 0.0164 0.0126 0.9014
5 0.0335 0.0119 0.0155 0.0180 0.9209
6 0.0585 0.0264 0.0254 0.0235 0.8662
7 0.0931 0.1214 0.2651 0.1635 0.3569
8 0.0936 0.2078 0.2467 0.1497 0.3022
9 0.0205 0.0698 0.0163 0.0291 0.8643
10 0.6216 0.2148 0.0373 0.1015 0.0247
11 0.4436 0.1487 0.0324 0.3511 0.0243
12 0.3574 0.2134 0.1549 0.2573 0.0170
13 0.2474 0.3892 0.1648 0.1912 0.0074
14 0.2277 0.1843 0.1127 0.4492 0.0259
15 0.2103 0.4893 0.1135 0.1771 0.0098
16 0.3252 0.2759 0.1622 0.2218 0.0149
17 0.0202 0.0082 0.0165 0.0384 0.9165
18 0.0125 0.0233 0.0058 0.0073 0.9512
19 0.2452 0.3596 0.1132 0.2673 0.0147
20 0.0135 0.0846 0.1021 0.0460 0.7539
21 0.6426 0.2722 0.0173 0.0343 0.0335
22 0.0258 0.0224 0.0299 0.0210 0.9009
23 0.0789 0.0551 0.0169 0.0522 0.7969
24 0.2776 0.3455 0.1737 0.1968 0.0064
25 0.0665 0.3772 0.1500 0.1431 0.2632
26 0.4487 0.2311 0.0504 0.1285 0.1412
27 0.0492 0.2722 0.0843 0.1316 0.4629
28 0.0805 0.1771 0.2479 0.2024 0.2920
29 0.2668 0.0345 0.0281 0.6108 0.0595
30 0.2080 0.0615 0.1149 0.6021 0.0136
31 0.1215 0.1177 0.0999 0.1727 0.4880
32 0.1555 0.1193 0.2299 0.4868 0.0086
33 0.0754 0.0961 0.2201 0.2100 0.3984
34 0.0345 0.6885 0.0809 0.1598 0.0362
35 0.1586 0.4243 0.1315 0.2761 0.0097
36 0.2097 0.0708 0.1398 0.5571 0.0228
37 0.1738 0.5229 0.2180 0.0730 0.0122
38 0.1956 0.0671 0.0376 0.6826 0.0171
39 0.0751 0.5337 0.1482 0.1238 0.1191
40 0.3081 0.0491 0.0220 0.5938 0.0269
41 0.6973 0.1556 0.0242 0.0568 0.0659
42 0.0681 0.3198 0.1685 0.3052 0.1385
43 0.1069 0.1249 0.3616 0.3789 0.0277
44 0.0710 0.1456 0.3230 0.4214 0.0389
45 0.0836 0.0693 0.0911 0.1624 0.5938
46 0.0792 0.0368 0.0240 0.0727 0.7876
47 0.5024 0.1290 0.0609 0.1892 0.1184
48 0.1637 0.1537 0.0651 0.2400 0.3774
49 0.0410 0.0158 0.0465 0.8501 0.0465
50 0.2661 0.4854 0.1025 0.1135 0.0325
51 0.0697 0.1738 0.2415 0.2002 0.3149
52 0.1008 0.1143 0.1561 0.2656 0.3630
53 0.0411 0.1653 0.5503 0.0617 0.1815
54 0.0130 0.0186 0.0041 0.0538 0.9106
55 0.5415 0.0418 0.0762 0.3235 0.0170
56 0.2109 0.1951 0.2280 0.3267 0.0393
57 0.2073 0.4390 0.2424 0.0878 0.0236
58 0.1007 0.4514 0.1912 0.1273 0.1294
59 0.0430 0.3435 0.2288 0.2252 0.1597
60 0.0754 0.1796 0.2200 0.4548 0.0703
61 0.4636 0.0201 0.0700 0.4221 0.0244
62 0.3928 0.0626 0.0249 0.0817 0.4380
63 0.1664 0.1017 0.0524 0.0162 0.6631
64 0.2153 0.4631 0.0884 0.2205 0.0127
65 0.6230 0.0519 0.0993 0.1899 0.0360
66 0.4419 0.1066 0.1075 0.2422 0.1017
67 0.2340 0.3567 0.2734 0.1214 0.0143
68 0.2257 0.1539 0.1083 0.2222 0.2898
69 0.2905 0.1438 0.1068 0.2815 0.1775
70 0.2666 0.0659 0.1473 0.3850 0.1351
71 0.9146 0.0360 0.0138 0.0233 0.0125
72 0.4988 0.2249 0.0998 0.1606 0.0158
73 0.3862 0.1215 0.0539 0.3892 0.0491
74 0.1490 0.0284 0.1091 0.6787 0.0349
75 0.2125 0.4395 0.1832 0.1460 0.0189
76 0.3862 0.1031 0.0692 0.3862 0.0552
77 0.4788 0.0776 0.0452 0.2974 0.1011
78 0.6821 0.0385 0.0419 0.2113 0.0262
79 0.1349 0.4971 0.2024 0.1588 0.0068
80 0.5698 0.1765 0.0419 0.0654 0.1464
81 0.3945 0.3323 0.1685 0.0649 0.0397
82 0.4094 0.1044 0.0734 0.3115 0.1011
83 0.3970 0.1192 0.0290 0.4360 0.0189
84 0.0038 0.0063 0.0543 0.0027 0.9331
85 0.4983 0.1863 0.1061 0.1520 0.0573
86 0.4761 0.2374 0.0665 0.1418 0.0783
87 0.2708 0.5513 0.1155 0.0517 0.0108
88 0.2428 0.3533 0.1833 0.1833 0.0372
89 0.4126 0.0806 0.1654 0.2124 0.1288
90 0.1974 0.1142 0.0574 0.3833 0.2476
91 0.5962 0.1211 0.0859 0.0833 0.1138
92 0.4944 0.1722 0.1395 0.1300 0.0638
93 0.2722 0.5166 0.1337 0.0641 0.0135
94 0.2935 0.2737 0.0848 0.3406 0.0075
95 0.1907 0.4792 0.2467 0.0696 0.0139
96 0.1792 0.5229 0.2430 0.0482 0.0067
97 0.3687 0.3545 0.1501 0.0954 0.0315
98 0.0461 0.2269 0.2612 0.2493 0.2166
99 0.3357 0.2151 0.0969 0.1501 0.2020
100 0.0337 0.5444 0.1971 0.2098 0.0150
101 0.0262 0.5264 0.0147 0.0099 0.4229
102 0.2448 0.3821 0.2246 0.1362 0.0125
103 0.0210 0.6938 0.0635 0.1047 0.1169
104 0.6201 0.2372 0.0350 0.0820 0.0256
105 0.0470 0.5552 0.3313 0.0643 0.0024
106 0.0277 0.7725 0.1241 0.0209 0.0551
107 0.7871 0.1255 0.0249 0.0294 0.0330
108 0.0796 0.3027 0.0538 0.0490 0.5146
109 0.0625 0.1365 0.0319 0.0429 0.7261
110 0.3574 0.2761 0.0646 0.2783 0.0234
111 0.0923 0.2568 0.0887 0.1113 0.4507
112 0.0154 0.4543 0.2214 0.2844 0.0243
113 0.0906 0.3066 0.5464 0.0524 0.0039
114 0.0948 0.3257 0.3359 0.2273 0.0163
115 0.6885 0.1056 0.0145 0.0388 0.1525
116 0.1420 0.5273 0.0772 0.1941 0.0592
117 0.1211 0.5342 0.1310 0.0936 0.1201
118 0.0441 0.1975 0.3633 0.3413 0.0536
119 0.0239 0.1090 0.5713 0.2917 0.0043
120 0.0607 0.3333 0.1869 0.3716 0.0476
121 0.3499 0.2367 0.1414 0.1436 0.1287
122 0.1912 0.4207 0.1465 0.1039 0.1377
123 0.0712 0.6919 0.1696 0.0638 0.0032
124 0.1714 0.2201 0.1549 0.1573 0.2961
125 0.0606 0.5933 0.2632 0.0698 0.0133
126 0.0964 0.3525 0.4817 0.0473 0.0220
127 0.2170 0.2347 0.1718 0.3015 0.0750
128 0.0616 0.2654 0.2454 0.3743 0.0535
129 0.2378 0.1511 0.2002 0.2198 0.1910
130 0.5391 0.1086 0.0966 0.0513 0.2046
131 0.0481 0.6094 0.2463 0.0838 0.0122
132 0.1185 0.1054 0.2629 0.4761 0.0373
133 0.2686 0.3530 0.1299 0.2028 0.0459
134 0.2413 0.1071 0.1046 0.2712 0.2756
135 0.2499 0.2422 0.1144 0.3110 0.0824
136 0.1436 0.4153 0.1552 0.1759 0.1100
137 0.1560 0.4998 0.1031 0.1234 0.1177
138 0.0094 0.8682 0.0807 0.0394 0.0021
139 0.0581 0.1111 0.1111 0.6919 0.0279
140 0.0589 0.1829 0.0919 0.4893 0.1771
141 0.0250 0.6489 0.2925 0.0297 0.0037
142 0.0964 0.7017 0.1019 0.0603 0.0399
143 0.0219 0.5791 0.1970 0.1970 0.0051
144 0.0040 0.7480 0.0951 0.1495 0.0034
145 0.1459 0.2581 0.1641 0.3394 0.0927
146 0.0906 0.2664 0.1566 0.4062 0.0800
147 0.1055 0.3540 0.1030 0.1149 0.3225
148 0.0050 0.4709 0.0637 0.4565 0.0038
149 0.1294 0.6123 0.1973 0.0293 0.0317
150 0.1041 0.4055 0.2137 0.0727 0.2039
151 0.4902 0.0995 0.1965 0.1935 0.0204
152 0.0414 0.1870 0.3333 0.4148 0.0236
153 0.3044 0.2484 0.0907 0.3191 0.0375
154 0.1384 0.0629 0.0649 0.7026 0.0311
155 0.1245 0.3660 0.1444 0.1467 0.2185
156 0.1813 0.3013 0.1009 0.1316 0.2852
157 0.0202 0.2678 0.6528 0.0448 0.0144
158 0.1660 0.0946 0.2002 0.4656 0.0737
159 0.1152 0.1899 0.1914 0.3928 0.1108
160 0.3638 0.1317 0.0864 0.2832 0.1349
161 0.1161 0.3547 0.4084 0.1134 0.0072
162 0.1331 0.5142 0.1804 0.1484 0.0240
163 0.0605 0.4719 0.2566 0.1450 0.0659
164 0.1296 0.2922 0.1154 0.2922 0.1704
165 0.2505 0.2372 0.1250 0.2795 0.1077
166 0.0086 0.0360 0.2581 0.0178 0.6797
167 0.4070 0.2820 0.1166 0.1764 0.0180
168 0.3062 0.0762 0.1180 0.3550 0.1447
169 0.0126 0.0523 0.1714 0.4175 0.3462
170 0.1729 0.1284 0.1929 0.4924 0.0133
171 0.0908 0.2079 0.2886 0.3074 0.1053
172 0.4583 0.0407 0.0479 0.4172 0.0359
173 0.4412 0.1345 0.0855 0.3105 0.0282
174 0.1622 0.0797 0.1263 0.6123 0.0192
175 0.1113 0.5479 0.2712 0.0506 0.0188
176 0.3823 0.3025 0.0814 0.2162 0.0176
177 0.3083 0.0792 0.0500 0.4023 0.1600
178 0.0548 0.0583 0.6367 0.2201 0.0300
179 0.0336 0.1438 0.7417 0.0746 0.0061
180 0.1025 0.1588 0.6899 0.0469 0.0021
181 0.0506 0.3054 0.5527 0.0457 0.0454
182 0.0489 0.2089 0.4353 0.2993 0.0077
183 0.1113 0.1620 0.3171 0.3123 0.0975
184 0.0305 0.2939 0.1549 0.5083 0.0124
185 0.1909 0.2129 0.4873 0.0860 0.0228
186 0.1805 0.1697 0.1332 0.1222 0.3945
187 0.0561 0.4519 0.3157 0.1316 0.0448
188 0.0294 0.1719 0.7700 0.0164 0.0123
189 0.0234 0.0774 0.6689 0.0417 0.1886
190 0.0396 0.2583 0.1592 0.5303 0.0129
191 0.0598 0.2517 0.6133 0.0458 0.0294
192 0.1519 0.0980 0.5820 0.0788 0.0893
193 0.1930 0.2896 0.1188 0.2086 0.1899
194 0.2051 0.1273 0.0592 0.5400 0.0682
195 0.4929 0.1162 0.0850 0.2920 0.0137
196 0.2649 0.0212 0.0894 0.5972 0.0275
197 0.2029 0.2998 0.3911 0.1020 0.0043
198 0.3772 0.0842 0.1133 0.4016 0.0237
199 0.0989 0.2908 0.3242 0.2688 0.0173
200 0.0489 0.4714 0.2644 0.1483 0.0668
201 0.0933 0.5537 0.0749 0.2101 0.0682
202 0.1166 0.3049 0.4436 0.1029 0.0319
203 0.2290 0.2495 0.2656 0.1974 0.0583
204 0.4167 0.1820 0.1332 0.2488 0.0193
205 0.6890 0.2272 0.0284 0.0303 0.0251
206 0.0651 0.6274 0.2783 0.0130 0.0161
207 0.0287 0.1744 0.2703 0.5127 0.0141
208 0.1049 0.2120 0.3960 0.2722 0.0148
209 0.3389 0.2500 0.1317 0.1370 0.1425
210 0.3220 0.1271 0.1765 0.3003 0.0742
211 0.0427 0.5581 0.1433 0.1170 0.1389
212 0.0843 0.4702 0.1316 0.0682 0.2458
213 0.1736 0.4465 0.2299 0.1394 0.0104
214 0.0909 0.6465 0.0587 0.1150 0.0889
215 0.1035 0.0412 0.1060 0.7021 0.0474
216 0.4170 0.0342 0.0332 0.4727 0.0429
217 0.7109 0.0440 0.0389 0.1913 0.0150
218 0.1124 0.1957 0.4143 0.2634 0.0142
219 0.0381 0.3267 0.1920 0.1362 0.3069
220 0.1614 0.3608 0.1505 0.0942 0.2330
221 0.0892 0.2812 0.2156 0.2683 0.1459
222 0.0516 0.5093 0.0825 0.0878 0.2686
223 0.0569 0.5659 0.0760 0.0502 0.2510
224 0.0458 0.5708 0.0836 0.0656 0.2343
225 0.0327 0.6177 0.0797 0.0499 0.2202
226 0.0857 0.2991 0.2292 0.3184 0.0677
227 0.2037 0.2830 0.2496 0.2310 0.0327
