time exciting_prob fearful_prob tense_prob sad_prob relaxing_prob
0 0.2037 0.2830 0.2496 0.2310 0.0327
1 0.2644 0.0886 0.0914 0.5093 0.0463
2 0.3030 0.1177 0.0889 0.4478 0.0426
3 0.2520 0.1371 0.0689 0.5093 0.0328
4 0.1333 0.1158 0.0961 0.6265 0.0284
5 0.1973 0.0947 0.2783 0.4177 0.0120
6 0.2321 0.1865 0.1262 0.3123 0.1429
7 0.2964 0.1337 0.1798 0.1663 0.2238
8 0.0659 0.0746 0.1907 0.5967 0.0724
9 0.0271 0.2874 0.1378 0.4182 0.1295
10 0.0083 0.5786 0.3049 0.0534 0.0547
11 0.0281 0.5957 0.1192 0.2352 0.0217
12 0.1862 0.2815 0.2974 0.1279 0.1069
13 0.0752 0.3503 0.1920 0.1240 0.2583
14 0.0768 0.3037 0.2137 0.0589 0.3469
15 0.1032 0.6226 0.1265 0.0811 0.0667
16 0.0112 0.5957 0.2157 0.1707 0.0070
17 0.6362 0.1536 0.0665 0.0991 0.0443
18 0.0388 0.1464 0.1851 0.6064 0.0232
19 0.1675 0.1335 0.1624 0.1024 0.4343
20 0.1849 0.1021 0.3196 0.3794 0.0141
21 0.1493 0.6094 0.0673 0.0603 0.1136
22 0.0088 0.2361 0.2184 0.4919 0.0447
23 0.0128 0.1986 0.5229 0.1633 0.1022
24 0.6304 0.2162 0.0713 0.0475 0.0345
25 0.0183 0.3965 0.1219 0.3965 0.0668
26 0.0072 0.4573 0.2605 0.2524 0.0224
27 0.0066 0.4399 0.4399 0.1029 0.0106
28 0.1226 0.3384 0.2134 0.2964 0.0293
29 0.0231 0.6089 0.2223 0.0652 0.0805
30 0.0034 0.1321 0.0839 0.7720 0.0089
31 0.0582 0.1764 0.5874 0.1581 0.0199
32 0.0627 0.2522 0.1530 0.5171 0.0150
33 0.1188 0.0709 0.1729 0.5850 0.0527
34 0.0767 0.0404 0.2037 0.2896 0.3896
35 0.0779 0.0480 0.1785 0.6528 0.0430
36 0.0721 0.0206 0.4211 0.4485 0.0377
37 0.3552 0.3523 0.1539 0.0575 0.0811
38 0.1587 0.4451 0.1550 0.0911 0.1503
39 0.1479 0.0421 0.0575 0.7002 0.0523
40 0.1820 0.1462 0.1486 0.4507 0.0724
41 0.0436 0.1488 0.2913 0.1243 0.3921
42 0.0532 0.0417 0.5806 0.2700 0.0544
43 0.1613 0.0544 0.1991 0.4778 0.1074
44 0.1431 0.0999 0.1895 0.2452 0.3223
45 0.2372 0.2094 0.1061 0.3242 0.1230
46 0.1473 0.2429 0.2507 0.3120 0.0471
47 0.1992 0.3157 0.0963 0.0392 0.3496
48 0.2174 0.2261 0.1172 0.0695 0.3699
49 0.1582 0.2180 0.4136 0.2080 0.0022
50 0.2788 0.2725 0.1084 0.0193 0.3210
51 0.2152 0.0970 0.0451 0.0343 0.6084
52 0.1119 0.1761 0.2927 0.0690 0.3503
53 0.2512 0.1007 0.1500 0.3433 0.1548
54 0.1898 0.1797 0.3657 0.0611 0.2036
55 0.0735 0.3818 0.3215 0.0758 0.1472
56 0.0828 0.1547 0.3623 0.1022 0.2981
57 0.4578 0.2095 0.2145 0.0381 0.0801
58 0.4358 0.0690 0.2426 0.2407 0.0119
59 0.2402 0.0313 0.1842 0.1481 0.3962
60 0.0699 0.1000 0.1188 0.5244 0.1869
61 0.1715 0.3633 0.2678 0.0232 0.1743
62 0.6772 0.1713 0.0547 0.0373 0.0592
63 0.3918 0.3828 0.1224 0.0697 0.0332
64 0.3374 0.4436 0.1122 0.0649 0.0419
65 0.2561 0.0858 0.2686 0.0421 0.3474
66 0.1816 0.5337 0.0965 0.1471 0.0409
67 0.2766 0.3994 0.0884 0.1199 0.1154
68 0.4199 0.2030 0.1203 0.0747 0.1820
69 0.2854 0.3782 0.1746 0.0418 0.1199
70 0.3145 0.3977 0.0840 0.0587 0.1451
71 0.3513 0.5112 0.0868 0.0167 0.0340
72 0.2330 0.2443 0.1199 0.3694 0.0333
73 0.0996 0.2729 0.1438 0.4363 0.0474
74 0.1356 0.3923 0.2167 0.1366 0.1187
75 0.5474 0.0795 0.0564 0.0619 0.2546
76 0.5098 0.0628 0.1043 0.1578 0.1654
77 0.2438 0.2896 0.2382 0.1143 0.1143
78 0.1544 0.5308 0.1658 0.0324 0.1166
79 0.1346 0.1346 0.1573 0.5039 0.0693
80 0.2698 0.2496 0.1929 0.0792 0.2085
81 0.1166 0.3538 0.2047 0.2375 0.0873
82 0.1126 0.3208 0.3809 0.1379 0.0477
83 0.1895 0.6714 0.0724 0.0312 0.0353
84 0.0721 0.6377 0.1975 0.0553 0.0374
85 0.0437 0.8252 0.1057 0.0173 0.0083
86 0.1627 0.2600 0.4253 0.1248 0.0272
87 0.2192 0.0590 0.1708 0.5020 0.0493
88 0.1511 0.2981 0.4106 0.0547 0.0854
89 0.2035 0.3772 0.3330 0.0289 0.0574
90 0.1146 0.2043 0.4001 0.2245 0.0563
91 0.1329 0.5552 0.2502 0.0399 0.0219
92 0.3457 0.2303 0.2001 0.1851 0.0388
93 0.2549 0.5029 0.1499 0.0429 0.0490
94 0.2839 0.1439 0.1891 0.3372 0.0460
95 0.1495 0.2544 0.3240 0.1694 0.1028
96 0.1759 0.6187 0.1110 0.0363 0.0580
97 0.2905 0.2371 0.2028 0.2389 0.0309
98 0.1425 0.2681 0.1144 0.3135 0.1614
99 0.1915 0.1010 0.1199 0.5044 0.0830
100 0.4688 0.1711 0.1698 0.1453 0.0450
101 0.2759 0.3054 0.1648 0.0714 0.1824
102 0.2612 0.4995 0.0772 0.0170 0.1454
103 0.1752 0.1149 0.1054 0.0735 0.5312
104 0.1676 0.5122 0.1625 0.0143 0.1433
105 0.2174 0.2389 0.3291 0.0344 0.1803
106 0.1489 0.4480 0.3152 0.0410 0.0468
107 0.1299 0.4570 0.2524 0.0679 0.0928
108 0.0779 0.0395 0.0259 0.0123 0.8442
109 0.0656 0.0444 0.0932 0.0693 0.7275
110 0.3577 0.2086 0.2327 0.1743 0.0269
111 0.1276 0.2830 0.4053 0.1743 0.0099
112 0.1279 0.5557 0.2793 0.0288 0.0083
113 0.7725 0.1984 0.0029 0.0186 0.0078
114 0.3047 0.3374 0.2355 0.0624 0.0600
115 0.1543 0.4536 0.2372 0.0723 0.0826
116 0.1158 0.3298 0.2267 0.1880 0.1396
117 0.1304 0.7051 0.1187 0.0135 0.0325
118 0.1609 0.1853 0.1897 0.2493 0.2148
119 0.2561 0.3999 0.2542 0.0224 0.0674
120 0.6519 0.1973 0.0556 0.0302 0.0651
121 0.1459 0.3696 0.0920 0.3088 0.0837
122 0.2502 0.3188 0.0858 0.2407 0.1043
123 0.1240 0.2837 0.1875 0.2996 0.1052
124 0.1809 0.1168 0.2715 0.3950 0.0359
125 0.1077 0.5059 0.0972 0.2043 0.0851
126 0.1880 0.1344 0.0809 0.4727 0.1243
127 0.1733 0.1372 0.1761 0.4604 0.0529
128 0.1980 0.3044 0.1192 0.3291 0.0493
129 0.2700 0.0612 0.1885 0.2496 0.2308
130 0.1206 0.1942 0.1796 0.4731 0.0324
131 0.2815 0.1085 0.2369 0.2483 0.1249
132 0.0637 0.1143 0.1664 0.6475 0.0080
133 0.0870 0.1637 0.1400 0.5122 0.0970
134 0.0822 0.1511 0.0841 0.5703 0.1123
135 0.1417 0.1087 0.3245 0.4038 0.0212
136 0.1166 0.1311 0.0944 0.5737 0.0840
137 0.0244 0.6812 0.0997 0.1791 0.0159
138 0.2202 0.2134 0.0626 0.3154 0.1884
139 0.2053 0.2783 0.3384 0.1133 0.0646
140 0.3940 0.3701 0.1735 0.0176 0.0449
141 0.1340 0.3369 0.2141 0.1747 0.1404
142 0.0703 0.5566 0.2321 0.0522 0.0888
143 0.0312 0.8579 0.0773 0.0165 0.0169
144 0.1715 0.1478 0.5894 0.0404 0.0507
145 0.2266 0.1533 0.3296 0.2374 0.0530
146 0.3193 0.0758 0.2263 0.3398 0.0387
147 0.2354 0.3789 0.2372 0.0900 0.0586
148 0.3223 0.1672 0.0999 0.0307 0.3799
149 0.0390 0.6865 0.1472 0.1212 0.0063
150 0.1675 0.4346 0.2272 0.1032 0.0677
151 0.3342 0.4392 0.1542 0.0412 0.0311
152 0.3118 0.2354 0.0764 0.1484 0.2281
153 0.2542 0.3970 0.1164 0.0618 0.1707
154 0.2139 0.5547 0.1516 0.0210 0.0589
155 0.0853 0.4722 0.2145 0.0713 0.1569
156 0.0654 0.6304 0.0847 0.2063 0.0132
157 0.1239 0.5381 0.1748 0.1137 0.0493
158 0.1892 0.2795 0.4133 0.0959 0.0219
159 0.1148 0.1606 0.1417 0.4578 0.1251
160 0.1581 0.2095 0.1968 0.3096 0.1261
161 0.0734 0.5771 0.2705 0.0449 0.0339
162 0.2856 0.3784 0.0793 0.1060 0.1505
163 0.2019 0.1031 0.4622 0.1727 0.0602
164 0.2952 0.2161 0.2710 0.1241 0.0936
165 0.0554 0.7412 0.1210 0.0679 0.0145
166 0.0808 0.1724 0.5396 0.1606 0.0468
167 0.1031 0.1196 0.2983 0.3684 0.1106
168 0.0453 0.4404 0.2866 0.1659 0.0615
169 0.0308 0.2517 0.5205 0.1744 0.0224
170 0.0291 0.2019 0.4658 0.2654 0.0379
171 0.0933 0.0631 0.2345 0.5898 0.0194
172 0.1053 0.4502 0.2861 0.1005 0.0577
173 0.2296 0.3528 0.3394 0.0344 0.0438
174 0.1814 0.3931 0.2007 0.0837 0.1412
175 0.3999 0.0928 0.0723 0.0412 0.3938
176 0.0560 0.5791 0.2490 0.0555 0.0605
177 0.2426 0.4497 0.1747 0.0262 0.1068
178 0.0182 0.0078 0.0053 0.0112 0.9575
179 0.2563 0.3616 0.3342 0.0268 0.0210
180 0.1064 0.6943 0.1501 0.0084 0.0407
181 0.0858 0.0711 0.0142 0.0212 0.8076
182 0.1058 0.1481 0.0175 0.0220 0.7065
183 0.1609 0.4548 0.1536 0.0984 0.1323
184 0.0633 0.0244 0.0161 0.0226 0.8735
185 0.0722 0.0402 0.0459 0.0150 0.8267
186 0.2361 0.4805 0.0420 0.0315 0.2100
187 0.2338 0.1078 0.1223 0.3677 0.1683
188 0.0828 0.3298 0.2866 0.2844 0.0163
189 0.1702 0.0955 0.3547 0.3035 0.0761
190 0.1080 0.4207 0.0655 0.2715 0.1344
191 0.1438 0.1654 0.0839 0.5820 0.0250
192 0.0475 0.2080 0.6021 0.0522 0.0902
193 0.0623 0.1667 0.4980 0.1890 0.0839
194 0.0497 0.3701 0.4902 0.0752 0.0149
195 0.0858 0.5420 0.0906 0.1979 0.0838
196 0.1659 0.1322 0.2285 0.1685 0.3049
197 0.1790 0.4128 0.0936 0.1165 0.1981
198 0.0601 0.2651 0.1022 0.5439 0.0288
199 0.0872 0.3342 0.3940 0.1461 0.0384
200 0.1719 0.2173 0.2368 0.1426 0.2313
201 0.0740 0.1361 0.1761 0.4292 0.1846
202 0.0616 0.0842 0.3625 0.4585 0.0332
203 0.0955 0.0750 0.3518 0.4590 0.0188
204 0.1081 0.0447 0.0263 0.0767 0.7441
205 0.1703 0.2808 0.2239 0.1945 0.1306
206 0.1098 0.2654 0.3743 0.1687 0.0816
207 0.1801 0.5249 0.1493 0.0831 0.0627
208 0.1509 0.3765 0.2979 0.1364 0.0385
209 0.0908 0.0997 0.1373 0.6250 0.0475
210 0.2920 0.4453 0.1689 0.0704 0.0234
211 0.1488 0.1837 0.3352 0.1713 0.1609
212 0.2219 0.5039 0.0940 0.0495 0.1305
213 0.2367 0.3313 0.2241 0.0927 0.1154
214 0.0859 0.1121 0.2318 0.5474 0.0228
215 0.0990 0.2798 0.3196 0.2284 0.0730
216 0.1694 0.3318 0.1847 0.1111 0.2029
217 0.1407 0.2776 0.4268 0.0605 0.0945
218 0.1074 0.4810 0.1943 0.0947 0.1226
219 0.2202 0.3330 0.1188 0.2004 0.1274
220 0.2301 0.1644 0.1582 0.0464 0.4009
221 0.0675 0.6064 0.2394 0.0342 0.0526
222 0.2091 0.1707 0.4824 0.0529 0.0851
223 0.0670 0.5112 0.3430 0.0725 0.0062
224 0.1527 0.1976 0.2598 0.2808 0.1091
225 0.1472 0.2352 0.2175 0.3267 0.0734
226 0.0923 0.6211 0.1711 0.0640 0.0514
227 0.0542 0.4299 0.0997 0.1594 0.2566
228 0.1760 0.2925 0.3784 0.0658 0.0872
229 0.2457 0.0962 0.2382 0.3689 0.0511
230 0.1128 0.1747 0.0508 0.6191 0.0425
231 0.1169 0.5488 0.1927 0.1196 0.0218
232 0.1582 0.1418 0.1475 0.4438 0.1088
233 0.0471 0.1764 0.1849 0.1877 0.4038
234 0.1429 0.6021 0.0551 0.1545 0.0453
235 0.1019 0.3640 0.0886 0.2812 0.1641
236 0.3528 0.2791 0.0627 0.0516 0.2539
237 0.0996 0.3757 0.3240 0.1085 0.0921
238 0.2151 0.6128 0.0779 0.0715 0.0227
239 0.0895 0.1096 0.1807 0.6021 0.0183
240 0.2886 0.0619 0.1532 0.4006 0.0959
241 0.2084 0.2019 0.1636 0.1973 0.2289
242 0.2316 0.0442 0.0384 0.0366 0.6494
243 0.2438 0.0511 0.0265 0.0261 0.6523
244 0.1733 0.3816 0.1426 0.1027 0.1996
245 0.4116 0.1025 0.0417 0.2256 0.2186
246 0.0630 0.5703 0.1252 0.2114 0.0302
247 0.0522 0.0748 0.3052 0.4802 0.0875
248 0.1653 0.1459 0.2622 0.3113 0.1154
249 0.0843 0.2598 0.5005 0.1082 0.0473
250 0.1409 0.3252 0.3921 0.0835 0.0583
251 0.1063 0.5317 0.2869 0.0502 0.0251
252 0.1388 0.3030 0.2183 0.2416 0.0984
253 0.0995 0.3447 0.1949 0.3501 0.0107
254 0.1686 0.3403 0.1046 0.3540 0.0324
255 0.1164 0.1616 0.3728 0.3164 0.0326
256 0.0214 0.7354 0.1360 0.0957 0.0114
257 0.1296 0.5210 0.1829 0.1172 0.0492
258 0.2423 0.5010 0.1392 0.0528 0.0647
259 0.1368 0.1492 0.2186 0.4282 0.0672
260 0.0395 0.0574 0.7271 0.1187 0.0574
261 0.1555 0.1832 0.4941 0.0517 0.1155
262 0.1290 0.3479 0.3372 0.1484 0.0375
263 0.0890 0.2700 0.5625 0.0455 0.0330
264 0.2896 0.3132 0.2595 0.0303 0.1074
265 0.2346 0.3748 0.0978 0.1538 0.1389
266 0.2081 0.4370 0.1396 0.0271 0.1880
267 0.0710 0.6841 0.1587 0.0637 0.0225
268 0.1259 0.4978 0.1102 0.1372 0.1289
269 0.1381 0.4670 0.2189 0.0336 0.1425
270 0.1414 0.1992 0.0768 0.4744 0.1083
271 0.0313 0.0148 0.0058 0.0035 0.9443
272 0.1114 0.2114 0.1547 0.4993 0.0232
273 0.1202 0.2142 0.1193 0.4194 0.1270
274 0.1070 0.4436 0.1203 0.1428 0.1863
275 0.0537 0.0355 0.0140 0.0226 0.8740
276 0.1614 0.2661 0.1639 0.3311 0.0775
277 0.1021 0.0568 0.0776 0.7197 0.0439
278 0.2056 0.0374 0.1208 0.5459 0.0905
279 0.0753 0.7549 0.1185 0.0353 0.0159
280 0.0743 0.5894 0.2135 0.0911 0.0315
281 0.0735 0.0356 0.0316 0.0629 0.7964
282 0.1698 0.3457 0.0815 0.3098 0.0931
283 0.1393 0.5552 0.2225 0.0438 0.0393
284 0.0669 0.5913 0.2883 0.0399 0.0134
285 0.1492 0.5542 0.2274 0.0528 0.0167
286 0.0202 0.0533 0.0145 0.0384 0.8735
287 0.2366 0.2385 0.3311 0.1287 0.0652
288 0.1792 0.3193 0.3347 0.0555 0.1113
289 0.2688 0.4128 0.1804 0.1103 0.0277
290 0.0403 0.5869 0.2505 0.0568 0.0659
291 0.3101 0.2632 0.1487 0.2491 0.0291
292 0.2347 0.4631 0.2366 0.0330 0.0325
293 0.3579 0.4150 0.1401 0.0166 0.0704
294 0.4404 0.2610 0.0967 0.0293 0.1725
295 0.3665 0.1552 0.0294 0.3870 0.0622
296 0.0225 0.0584 0.0124 0.8921 0.0145
297 0.0257 0.0666 0.0147 0.8770 0.0162
298 0.0233 0.0608 0.0138 0.8862 0.0157
299 0.0159 0.0580 0.0088 0.9072 0.0101
300 0.2458 0.2205 0.0963 0.3809 0.0566
301 0.2458 0.2205 0.0963 0.3809 0.0566
