time exciting_prob fearful_prob tense_prob sad_prob relaxing_prob
0 0.2037 0.2830 0.2496 0.2310 0.0327
1 0.1370 0.1209 0.4707 0.2520 0.0193
2 0.2173 0.1830 0.4287 0.1392 0.0320
3 0.0782 0.1593 0.3118 0.4197 0.0311
4 0.1608 0.1168 0.5615 0.1420 0.0192
5 0.2920 0.1217 0.4592 0.1099 0.0173
6 0.1744 0.1162 0.4780 0.2137 0.0177
7 0.1476 0.0630 0.6514 0.1263 0.0117
8 0.1471 0.1248 0.6143 0.1003 0.0136
9 0.0849 0.1255 0.5581 0.2101 0.0216
10 0.1205 0.0939 0.4841 0.2759 0.0255
11 0.0723 0.0794 0.5220 0.3118 0.0146
12 0.0927 0.0964 0.4124 0.3875 0.0111
13 0.1647 0.0640 0.5234 0.2360 0.0118
14 0.1608 0.0639 0.6260 0.1418 0.0077
15 0.1229 0.0668 0.5684 0.2333 0.0087
16 0.2468 0.0509 0.4756 0.2095 0.0172
17 0.2052 0.0984 0.4624 0.2117 0.0225
18 0.3452 0.0922 0.2505 0.2566 0.0555
19 0.0863 0.1575 0.1575 0.5669 0.0317
20 0.0625 0.1545 0.3171 0.4543 0.0114
21 0.1924 0.1451 0.1807 0.4336 0.0482
22 0.0938 0.1970 0.3828 0.2050 0.1214
23 0.1777 0.3071 0.2954 0.1709 0.0490
24 0.2908 0.1351 0.3293 0.1833 0.0614
25 0.2357 0.2339 0.2432 0.2510 0.0364
26 0.0660 0.1957 0.4768 0.2019 0.0597
27 0.0597 0.1064 0.4143 0.3892 0.0305
28 0.1597 0.0842 0.4341 0.2847 0.0374
29 0.0756 0.3779 0.2991 0.1731 0.0744
30 0.0341 0.1948 0.2971 0.3875 0.0865
31 0.0580 0.1931 0.2056 0.4351 0.1083
32 0.0683 0.2786 0.1885 0.3308 0.1337
33 0.0609 0.4067 0.1982 0.2111 0.1231
34 0.0613 0.4089 0.2224 0.1787 0.1287
35 0.0234 0.4421 0.2441 0.1902 0.1002
36 0.0774 0.1758 0.1118 0.5586 0.0762
37 0.0663 0.3757 0.1093 0.3643 0.0845
38 0.0950 0.3936 0.0751 0.3420 0.0942
39 0.0570 0.5044 0.0904 0.2419 0.1065
40 0.0560 0.5352 0.0834 0.2339 0.0916
41 0.0446 0.5972 0.1167 0.1880 0.0534
42 0.0614 0.4434 0.0820 0.3293 0.0839
43 0.0992 0.5000 0.0810 0.2515 0.0682
44 0.1018 0.5815 0.0448 0.1392 0.1328
45 0.0781 0.7407 0.0580 0.0481 0.0751
46 0.1211 0.6104 0.0609 0.1211 0.0865
47 0.0620 0.6362 0.1177 0.1177 0.0665
48 0.0801 0.4006 0.0989 0.3647 0.0555
49 0.1248 0.5771 0.0831 0.1360 0.0787
50 0.0553 0.4595 0.0762 0.3579 0.0511
51 0.0606 0.4412 0.0822 0.3713 0.0447
52 0.0303 0.1436 0.0598 0.7290 0.0374
53 0.0275 0.2468 0.0649 0.6304 0.0307
54 0.0237 0.1659 0.0436 0.7437 0.0232
55 0.0439 0.2546 0.0707 0.5825 0.0482
56 0.0173 0.0590 0.0201 0.8940 0.0098
57 0.0079 0.0660 0.0218 0.8970 0.0075
58 0.0194 0.1411 0.0206 0.7998 0.0193
59 0.0097 0.0786 0.0441 0.8579 0.0098
60 0.0194 0.1925 0.0379 0.7378 0.0124
61 0.0092 0.0743 0.0157 0.8911 0.0098
62 0.0411 0.2057 0.0647 0.6636 0.0247
63 0.0797 0.4839 0.0841 0.3101 0.0423
64 0.0288 0.3884 0.1166 0.4473 0.0189
65 0.0216 0.2690 0.0930 0.6060 0.0103
66 0.0339 0.4131 0.0741 0.4536 0.0252
67 0.0859 0.4827 0.1299 0.2644 0.0372
68 0.0642 0.3936 0.1858 0.3418 0.0147
69 0.1101 0.4221 0.1830 0.2600 0.0248
70 0.0809 0.4304 0.0976 0.3740 0.0170
71 0.1190 0.6089 0.1348 0.1180 0.0196
72 0.0380 0.7168 0.0682 0.1625 0.0143
73 0.0583 0.5366 0.0932 0.2917 0.0203
74 0.0396 0.6240 0.1137 0.2058 0.0166
75 0.1152 0.6680 0.0698 0.0856 0.0616
76 0.0545 0.5503 0.0799 0.2025 0.1127
77 0.1781 0.6313 0.0423 0.0834 0.0650
78 0.1360 0.7236 0.0303 0.0684 0.0418
79 0.0757 0.7642 0.0424 0.0717 0.0459
80 0.1097 0.6670 0.0461 0.1196 0.0574
81 0.0944 0.5562 0.0501 0.1764 0.1231
82 0.0748 0.4438 0.0498 0.3147 0.1167
83 0.0553 0.4058 0.0584 0.4121 0.0684
84 0.0591 0.5396 0.0708 0.2432 0.0874
85 0.0359 0.5005 0.0527 0.3777 0.0333
86 0.0470 0.3369 0.0470 0.5059 0.0633
87 0.0249 0.7280 0.0641 0.1479 0.0349
88 0.0213 0.5044 0.0593 0.3992 0.0157
89 0.0296 0.5903 0.0500 0.2747 0.0554
90 0.0436 0.4583 0.0697 0.3857 0.0426
91 0.0308 0.5132 0.0576 0.3418 0.0567
92 0.0395 0.5127 0.0524 0.3416 0.0540
93 0.0459 0.5674 0.0652 0.2854 0.0363
94 0.0772 0.7046 0.0413 0.1355 0.0417
95 0.0126 0.4724 0.0514 0.4578 0.0059
96 0.0284 0.5483 0.0475 0.3486 0.0269
97 0.0380 0.3284 0.0448 0.5674 0.0215
98 0.0565 0.4998 0.0552 0.3330 0.0556
99 0.0243 0.4954 0.0403 0.4238 0.0163
100 0.0507 0.3599 0.0343 0.4480 0.1072
101 0.0301 0.1049 0.0110 0.8252 0.0287
102 0.0355 0.4062 0.0396 0.4604 0.0581
103 0.0205 0.3896 0.0469 0.5083 0.0346
104 0.0264 0.4946 0.0989 0.2908 0.0894
105 0.0623 0.4424 0.0399 0.3726 0.0831
106 0.0712 0.5864 0.0375 0.1919 0.1129
107 0.0587 0.6826 0.0737 0.1252 0.0597
108 0.0197 0.6177 0.0612 0.2783 0.0232
109 0.0521 0.6973 0.0619 0.1250 0.0638
110 0.0189 0.7388 0.0527 0.1525 0.0374
111 0.0201 0.7783 0.0729 0.1070 0.0216
112 0.1257 0.3694 0.0678 0.2878 0.1493
113 0.1837 0.1453 0.2800 0.3770 0.0141
114 0.2036 0.2117 0.2986 0.2634 0.0227
115 0.1167 0.2756 0.2842 0.3123 0.0113
116 0.0965 0.1964 0.1904 0.5054 0.0111
117 0.0627 0.3181 0.1368 0.4778 0.0046
118 0.1143 0.2169 0.1885 0.4666 0.0139
119 0.1119 0.1774 0.3584 0.3418 0.0106
120 0.0750 0.2439 0.4084 0.2598 0.0129
121 0.0702 0.3735 0.3621 0.1908 0.0034
122 0.0590 0.3394 0.3728 0.2261 0.0027
123 0.1041 0.3467 0.2988 0.2478 0.0025
124 0.1066 0.2257 0.3606 0.3037 0.0033
125 0.0581 0.4363 0.2605 0.2408 0.0043
126 0.0914 0.4126 0.2174 0.2708 0.0079
127 0.0747 0.4104 0.1509 0.3564 0.0076
128 0.1271 0.4758 0.1184 0.2668 0.0118
129 0.0284 0.2303 0.1071 0.6260 0.0080
130 0.0063 0.0901 0.0601 0.8423 0.0014
131 0.0104 0.1937 0.0707 0.7197 0.0055
132 0.0046 0.0605 0.0309 0.9023 0.0017
133 0.0197 0.4639 0.1003 0.4028 0.0133
134 0.0168 0.4343 0.1675 0.3772 0.0042
135 0.0296 0.1842 0.1083 0.6738 0.0040
136 0.0960 0.1333 0.3247 0.4043 0.0416
137 0.0507 0.4243 0.3862 0.1274 0.0114
138 0.1249 0.3477 0.2280 0.2883 0.0110
139 0.1003 0.4531 0.3066 0.0885 0.0516
140 0.0801 0.0789 0.6450 0.1848 0.0112
141 0.0850 0.0462 0.3870 0.4595 0.0222
142 0.0387 0.1777 0.5918 0.1750 0.0165
143 0.0924 0.0737 0.4917 0.2937 0.0487
144 0.0927 0.0594 0.2350 0.5547 0.0580
145 0.0729 0.1521 0.3025 0.4331 0.0394
146 0.0824 0.4487 0.0699 0.3232 0.0756
147 0.0182 0.3123 0.1752 0.4761 0.0183
148 0.0213 0.5903 0.1746 0.2106 0.0031
149 0.1287 0.1370 0.4153 0.2900 0.0289
150 0.2646 0.1395 0.3506 0.2194 0.0258
151 0.2881 0.0886 0.3396 0.2793 0.0046
152 0.2394 0.0502 0.4473 0.2471 0.0160
153 0.0894 0.0967 0.6816 0.1300 0.0024
154 0.1462 0.1406 0.4910 0.2179 0.0042
155 0.0950 0.0839 0.6494 0.1694 0.0022
156 0.1324 0.0511 0.6030 0.2085 0.0048
157 0.2206 0.0837 0.5723 0.1181 0.0053
158 0.1554 0.0658 0.5176 0.2563 0.0049
159 0.1355 0.0596 0.4656 0.3352 0.0042
160 0.1940 0.1823 0.3918 0.2233 0.0087
161 0.0900 0.0638 0.6245 0.1996 0.0222
162 0.5171 0.1678 0.1772 0.1209 0.0169
163 0.4736 0.1074 0.2006 0.1899 0.0284
164 0.3555 0.2922 0.0775 0.2173 0.0576
165 0.3135 0.2384 0.0745 0.2347 0.1390
166 0.4041 0.3594 0.1418 0.0490 0.0457
167 0.3350 0.1865 0.1014 0.3074 0.0697
168 0.2761 0.2961 0.1868 0.2167 0.0241
169 0.3533 0.3242 0.1997 0.0866 0.0361
170 0.2849 0.3601 0.2253 0.1107 0.0192
171 0.1420 0.4304 0.1781 0.2396 0.0099
172 0.2854 0.2312 0.1392 0.3235 0.0208
173 0.2859 0.1860 0.0717 0.4326 0.0237
174 0.1562 0.2291 0.2537 0.3604 0.0008
175 0.3367 0.2207 0.1172 0.3213 0.0043
176 0.3933 0.0424 0.0459 0.5132 0.0051
177 0.3733 0.0614 0.0521 0.5063 0.0071
178 0.3298 0.0479 0.0235 0.5879 0.0111
179 0.2032 0.0297 0.0601 0.6929 0.0138
180 0.1763 0.0275 0.0922 0.6973 0.0070
181 0.3262 0.1145 0.1075 0.4492 0.0026
182 0.0966 0.1053 0.2566 0.5347 0.0067
183 0.1774 0.1746 0.3499 0.2947 0.0035
184 0.3027 0.1030 0.1464 0.4438 0.0042
185 0.1141 0.0551 0.1476 0.6772 0.0060
186 0.2659 0.0414 0.1827 0.4968 0.0129
187 0.1831 0.0435 0.1201 0.6440 0.0094
188 0.2096 0.0224 0.0551 0.6982 0.0148
189 0.1356 0.0507 0.1675 0.6416 0.0045
190 0.1915 0.0469 0.1841 0.5718 0.0058
191 0.2920 0.0672 0.1456 0.4812 0.0140
192 0.1008 0.0298 0.0984 0.7563 0.0146
193 0.1868 0.0351 0.1549 0.6030 0.0203
194 0.3530 0.0311 0.1803 0.4258 0.0096
195 0.1582 0.0290 0.3794 0.4299 0.0034
196 0.1592 0.0088 0.0865 0.7358 0.0098
197 0.0653 0.0262 0.4260 0.4604 0.0220
198 0.1688 0.0511 0.3203 0.4519 0.0079
199 0.1117 0.0588 0.2328 0.5669 0.0296
200 0.0612 0.0642 0.2788 0.5811 0.0145
201 0.1155 0.0769 0.2749 0.5215 0.0113
202 0.1388 0.1898 0.3716 0.2917 0.0081
203 0.0544 0.0584 0.1337 0.7456 0.0080
204 0.1289 0.1531 0.3345 0.3643 0.0193
205 0.1190 0.1002 0.2661 0.5049 0.0101
206 0.0571 0.0390 0.1903 0.7070 0.0066
207 0.0979 0.1257 0.2788 0.4856 0.0119
208 0.0529 0.0526 0.1556 0.7310 0.0078
209 0.1010 0.0689 0.3088 0.5132 0.0082
210 0.1115 0.1141 0.2737 0.4919 0.0087
211 0.0526 0.0670 0.1738 0.6875 0.0192
212 0.0463 0.0706 0.2209 0.5220 0.1404
213 0.1404 0.1003 0.4751 0.2708 0.0136
214 0.0463 0.0355 0.0776 0.8081 0.0323
215 0.1427 0.3701 0.1103 0.2861 0.0907
216 0.0710 0.3181 0.1885 0.3718 0.0507
217 0.1360 0.2856 0.2443 0.2106 0.1238
218 0.1455 0.2289 0.1377 0.1335 0.3545
219 0.1857 0.1814 0.0762 0.1576 0.3992
220 0.2095 0.2566 0.1451 0.1658 0.2230
221 0.0487 0.1957 0.0611 0.3743 0.3201
222 0.0813 0.1818 0.0800 0.4360 0.2209
223 0.1195 0.3076 0.1672 0.2233 0.1823
224 0.0828 0.1824 0.1926 0.3152 0.2269
225 0.0955 0.3630 0.3081 0.1125 0.1207
226 0.1449 0.3533 0.2563 0.0489 0.1965
227 0.0482 0.2178 0.1658 0.2864 0.2820
228 0.0582 0.2776 0.2249 0.1071 0.3323
229 0.0478 0.2646 0.1749 0.3506 0.1619
230 0.0488 0.2854 0.1425 0.2810 0.2423
231 0.0449 0.2583 0.2389 0.2262 0.2316
232 0.0880 0.2607 0.2468 0.1968 0.2078
233 0.1656 0.2335 0.1776 0.1951 0.2281
234 0.1774 0.1059 0.2683 0.3667 0.0818
235 0.1029 0.1078 0.5391 0.2284 0.0216
236 0.0378 0.1669 0.2585 0.4067 0.1300
237 0.0141 0.0850 0.1976 0.6792 0.0240
238 0.0200 0.1170 0.1515 0.6680 0.0434
239 0.0180 0.0777 0.1619 0.7031 0.0391
240 0.0189 0.0923 0.1570 0.6304 0.1013
241 0.0236 0.1337 0.2964 0.4888 0.0575
242 0.0149 0.0726 0.2615 0.6177 0.0333
243 0.2097 0.1194 0.2267 0.3403 0.1038
244 0.2512 0.1064 0.1455 0.4343 0.0626
245 0.2037 0.2830 0.2496 0.2310 0.0327
246 0.9551 0.0307 0.0066 0.0007 0.0069
247 0.9526 0.0321 0.0070 0.0009 0.0074
248 0.9541 0.0307 0.0070 0.0009 0.0071
249 0.2037 0.2830 0.2496 0.2310 0.0327
