time exciting_prob fearful_prob tense_prob sad_prob relaxing_prob
0 0.2062 0.2864 0.2449 0.2300 0.0326
1 0.9473 0.0021 0.0209 0.0041 0.0258
2 0.9326 0.0083 0.0429 0.0076 0.0084
3 0.1967 0.3096 0.3674 0.0989 0.0275
4 0.4407 0.0245 0.2590 0.2147 0.0611
5 0.4897 0.0418 0.3113 0.0545 0.1027
6 0.0562 0.3696 0.1517 0.2925 0.1298
7 0.0442 0.2389 0.4978 0.2043 0.0148
8 0.0784 0.0760 0.5195 0.3008 0.0251
9 0.1479 0.2556 0.1479 0.3691 0.0792
10 0.1030 0.3325 0.1633 0.3027 0.0983
11 0.0929 0.2390 0.1473 0.4197 0.1012
12 0.0867 0.1725 0.1252 0.5396 0.0759
13 0.0654 0.4683 0.2014 0.2212 0.0439
14 0.0595 0.3591 0.3591 0.1697 0.0526
15 0.1669 0.2974 0.3215 0.1146 0.0996
16 0.0861 0.3301 0.3979 0.1122 0.0736
17 0.0585 0.1339 0.2173 0.5054 0.0851
18 0.0585 0.1903 0.2368 0.4565 0.0580
19 0.0401 0.1357 0.2006 0.5986 0.0247
20 0.1337 0.2808 0.2457 0.2517 0.0883
21 0.2134 0.2717 0.1610 0.1549 0.1989
22 0.1171 0.5044 0.1117 0.0811 0.1857
23 0.0953 0.4617 0.1453 0.0895 0.2081
24 0.1007 0.4207 0.1837 0.1224 0.1726
25 0.0778 0.0356 0.1205 0.7388 0.0273
26 0.1031 0.0848 0.0743 0.6270 0.1107
27 0.1229 0.2727 0.5098 0.0541 0.0406
28 0.1711 0.4724 0.0854 0.1765 0.0945
29 0.1138 0.1997 0.1129 0.5181 0.0555
30 0.1215 0.3079 0.2100 0.1586 0.2019
31 0.1698 0.2452 0.0635 0.2303 0.2913
32 0.0779 0.0911 0.1958 0.3716 0.2634
33 0.1560 0.3687 0.0862 0.2915 0.0977
34 0.1409 0.4407 0.1986 0.1499 0.0698
35 0.2186 0.3960 0.2152 0.0732 0.0970
36 0.0692 0.2959 0.3005 0.2571 0.0772
37 0.0247 0.3469 0.4385 0.1445 0.0455
38 0.0172 0.5508 0.3091 0.1155 0.0076
39 0.0923 0.3650 0.2180 0.2231 0.1014
40 0.0529 0.1078 0.2668 0.5562 0.0162
41 0.0577 0.1078 0.2795 0.4983 0.0568
42 0.0802 0.2395 0.3125 0.3325 0.0353
43 0.0593 0.3208 0.3362 0.1976 0.0863
44 0.1071 0.0916 0.5352 0.2607 0.0052
45 0.0687 0.2084 0.3545 0.3601 0.0084
46 0.1050 0.2443 0.1349 0.4155 0.1002
47 0.0746 0.2839 0.5308 0.1061 0.0046
48 0.0328 0.4065 0.4534 0.1060 0.0012
49 0.0865 0.2925 0.5728 0.0456 0.0027
50 0.0775 0.2351 0.3369 0.3115 0.0390
51 0.1584 0.1882 0.1254 0.4443 0.0835
52 0.0500 0.1855 0.5991 0.1638 0.0015
53 0.0632 0.3445 0.4563 0.1118 0.0242
54 0.1015 0.1345 0.1031 0.5840 0.0767
55 0.0506 0.2305 0.3252 0.3201 0.0737
56 0.0992 0.2698 0.1586 0.4243 0.0483
57 0.0608 0.1577 0.2947 0.4636 0.0233
58 0.1870 0.0870 0.0480 0.5762 0.1017
59 0.0521 0.2124 0.1350 0.5015 0.0988
60 0.1365 0.0895 0.0765 0.4690 0.2285
61 0.0861 0.1635 0.0760 0.6362 0.0382
62 0.0307 0.2717 0.5488 0.1263 0.0226
63 0.1516 0.0762 0.0294 0.6284 0.1144
64 0.0468 0.3298 0.5972 0.0188 0.0073
65 0.0441 0.1625 0.6035 0.1703 0.0194
66 0.1318 0.1566 0.1980 0.4749 0.0387
67 0.0217 0.3140 0.5962 0.0301 0.0381
68 0.1244 0.1304 0.0569 0.4409 0.2473
69 0.0966 0.0654 0.0370 0.6919 0.1094
70 0.1036 0.1764 0.0521 0.2449 0.4231
71 0.2864 0.0591 0.2266 0.3735 0.0547
72 0.1005 0.0538 0.3398 0.4431 0.0629
73 0.1180 0.0891 0.4314 0.3013 0.0602
74 0.0569 0.1385 0.3767 0.3708 0.0569
75 0.0406 0.0847 0.2910 0.5693 0.0143
76 0.2717 0.2803 0.3276 0.1015 0.0188
77 0.0647 0.1118 0.3962 0.2766 0.1504
78 0.0345 0.1130 0.5562 0.2627 0.0339
79 0.0585 0.0260 0.2209 0.6597 0.0349
80 0.1072 0.1196 0.4583 0.2341 0.0809
81 0.1293 0.0784 0.4307 0.3054 0.0565
82 0.0809 0.0737 0.5034 0.0681 0.2737
83 0.0818 0.0466 0.4634 0.3962 0.0121
84 0.0684 0.1110 0.4673 0.3210 0.0323
85 0.3040 0.0871 0.1932 0.3340 0.0818
86 0.0751 0.0906 0.3997 0.4060 0.0285
87 0.0733 0.0745 0.3901 0.4216 0.0405
88 0.0804 0.3254 0.2615 0.1688 0.1637
89 0.0626 0.1676 0.2290 0.2327 0.3081
90 0.0213 0.0351 0.0620 0.0385 0.8433
91 0.0189 0.0444 0.0561 0.0298 0.8506
92 0.0435 0.0558 0.2969 0.0662 0.5376
93 0.1300 0.3000 0.1877 0.0629 0.3193
94 0.0643 0.0695 0.2465 0.1220 0.4978
95 0.0645 0.1572 0.3079 0.4409 0.0295
96 0.0972 0.2949 0.3501 0.2483 0.0096
97 0.0920 0.1802 0.0972 0.0442 0.5864
98 0.2317 0.0361 0.0922 0.4905 0.1495
99 0.0818 0.1641 0.1859 0.3640 0.2042
100 0.1038 0.2954 0.1658 0.1440 0.2910
101 0.1642 0.3818 0.1438 0.0396 0.2708
102 0.1550 0.1265 0.3333 0.3130 0.0721
103 0.1300 0.3479 0.3879 0.0981 0.0361
104 0.0948 0.2659 0.3311 0.2460 0.0622
105 0.1571 0.2018 0.2434 0.1344 0.2632
106 0.1483 0.1680 0.3042 0.1110 0.2686
107 0.0363 0.0529 0.0156 0.0806 0.8145
108 0.0392 0.0589 0.0123 0.0179 0.8716
109 0.0340 0.0487 0.0093 0.0166 0.8911
110 0.1243 0.3489 0.3655 0.0842 0.0772
111 0.2330 0.3391 0.0934 0.2260 0.1084
112 0.2708 0.3167 0.1061 0.2061 0.1004
113 0.1705 0.1307 0.1903 0.4155 0.0927
114 0.1423 0.6182 0.0836 0.0804 0.0756
115 0.2771 0.1578 0.2059 0.1329 0.2262
116 0.2622 0.1360 0.0806 0.0892 0.4321
117 0.0972 0.5728 0.2747 0.0166 0.0390
118 0.0989 0.6152 0.2300 0.0254 0.0304
119 0.0916 0.3679 0.2339 0.2489 0.0578
120 0.1169 0.0676 0.0954 0.6938 0.0261
121 0.1219 0.3936 0.2157 0.0913 0.1774
122 0.2053 0.1503 0.0940 0.5244 0.0261
123 0.1132 0.5615 0.0725 0.1283 0.1243
124 0.1111 0.3789 0.0914 0.2815 0.1372
125 0.2871 0.2717 0.1584 0.2167 0.0661
126 0.1783 0.2327 0.2720 0.2273 0.0897
127 0.1783 0.4082 0.1913 0.1783 0.0440
128 0.1100 0.5088 0.0949 0.2480 0.0380
129 0.1770 0.2700 0.1785 0.2220 0.1526
130 0.1050 0.2922 0.3870 0.1359 0.0799
131 0.0756 0.3606 0.3960 0.1207 0.0473
132 0.0999 0.4478 0.2983 0.0999 0.0539
133 0.1020 0.4500 0.2563 0.1279 0.0638
134 0.0621 0.5713 0.2345 0.1143 0.0177
135 0.1351 0.3789 0.2861 0.0914 0.1086
136 0.0425 0.2281 0.1567 0.4680 0.1044
137 0.0556 0.2871 0.1399 0.4243 0.0932
138 0.0228 0.2932 0.1893 0.4685 0.0260
139 0.1299 0.1721 0.1642 0.4128 0.1211
140 0.1232 0.2413 0.1765 0.3403 0.1185
141 0.0781 0.3286 0.2854 0.1528 0.1552
142 0.0978 0.3806 0.2419 0.1108 0.1689
143 0.1781 0.3381 0.3381 0.1115 0.0343
144 0.1238 0.4600 0.3418 0.0576 0.0170
145 0.0551 0.2377 0.3567 0.3174 0.0332
146 0.0126 0.1461 0.4294 0.3674 0.0446
147 0.0896 0.3279 0.3381 0.1942 0.0503
148 0.0128 0.4377 0.2739 0.2615 0.0139
149 0.0255 0.2437 0.6221 0.0969 0.0117
150 0.0158 0.1230 0.1791 0.0572 0.6250
151 0.0506 0.0889 0.4656 0.1124 0.2825
152 0.0620 0.2937 0.6216 0.0156 0.0071
153 0.1237 0.3662 0.3083 0.1703 0.0312
154 0.1296 0.4248 0.1515 0.2103 0.0837
155 0.0581 0.1438 0.2905 0.4429 0.0648
156 0.0509 0.3506 0.3972 0.1847 0.0168
157 0.0435 0.1494 0.2427 0.4326 0.1320
158 0.0556 0.0692 0.2339 0.6162 0.0250
159 0.1073 0.1143 0.4180 0.3057 0.0548
160 0.0615 0.1063 0.2358 0.5747 0.0216
161 0.0352 0.2366 0.3286 0.3723 0.0274
162 0.0640 0.1941 0.2915 0.4443 0.0060
163 0.0746 0.2192 0.2446 0.4360 0.0254
164 0.0166 0.6367 0.2417 0.0491 0.0557
165 0.0659 0.1004 0.2815 0.5259 0.0262
166 0.0512 0.0884 0.2520 0.5503 0.0580
167 0.0197 0.1705 0.3186 0.4783 0.0127
168 0.1227 0.0368 0.2808 0.5327 0.0269
169 0.0511 0.1812 0.2400 0.4700 0.0579
170 0.0819 0.1965 0.3970 0.2333 0.0914
171 0.0570 0.1599 0.4700 0.2849 0.0282
172 0.0566 0.3013 0.2346 0.3806 0.0269
173 0.0677 0.1931 0.4153 0.2898 0.0341
174 0.0682 0.1255 0.5713 0.2101 0.0251
175 0.0658 0.2333 0.5957 0.0806 0.0246
176 0.0497 0.2487 0.5781 0.1095 0.0139
177 0.1138 0.2998 0.3792 0.1967 0.0105
178 0.2732 0.1737 0.1582 0.3401 0.0547
179 0.0775 0.3872 0.2349 0.1858 0.1145
180 0.1017 0.0437 0.0955 0.7397 0.0193
181 0.1257 0.0599 0.1003 0.6904 0.0235
182 0.1624 0.0298 0.0721 0.7163 0.0192
183 0.1960 0.0265 0.0617 0.7061 0.0099
184 0.2479 0.0780 0.1161 0.5498 0.0080
185 0.0282 0.0267 0.0210 0.0119 0.9121
186 0.0255 0.0342 0.0185 0.0104 0.9111
187 0.1514 0.1041 0.0677 0.6274 0.0492
188 0.1384 0.1450 0.0638 0.6104 0.0422
189 0.1074 0.1855 0.0421 0.5991 0.0662
190 0.0528 0.0466 0.0267 0.8521 0.0218
191 0.1893 0.3481 0.3171 0.1062 0.0391
192 0.1686 0.1726 0.1115 0.3406 0.2067
193 0.1852 0.1635 0.1080 0.2654 0.2781
194 0.0568 0.3071 0.2079 0.4070 0.0212
195 0.0511 0.5005 0.2086 0.2291 0.0105
196 0.0508 0.3496 0.4282 0.1626 0.0088
197 0.2571 0.2493 0.1420 0.2825 0.0692
