time exciting_prob fearful_prob tense_prob sad_prob relaxing_prob
0 0.2037 0.2830 0.2496 0.2310 0.0327
1 0.6719 0.2017 0.0854 0.0216 0.0197
2 0.5674 0.1326 0.1975 0.0143 0.0883
3 0.2903 0.2903 0.2058 0.0653 0.1483
4 0.6958 0.0905 0.1277 0.0338 0.0524
5 0.5366 0.1024 0.1133 0.0548 0.1929
6 0.6382 0.0511 0.1458 0.0739 0.0912
7 0.1854 0.4482 0.1151 0.0257 0.2255
8 0.2413 0.6406 0.0307 0.0148 0.0724
9 0.2208 0.6855 0.0323 0.0091 0.0521
10 0.4719 0.0432 0.2754 0.2078 0.0017
11 0.0783 0.1332 0.0945 0.1711 0.5229
12 0.6021 0.1387 0.2303 0.0223 0.0067
13 0.5962 0.1748 0.1804 0.0439 0.0050
14 0.5806 0.1613 0.2383 0.0158 0.0041
15 0.5713 0.2556 0.0726 0.0843 0.0161
16 0.2471 0.4509 0.1909 0.0968 0.0142
17 0.2255 0.3359 0.2783 0.0357 0.1245
18 0.1958 0.2185 0.2456 0.0704 0.2698
19 0.9248 0.0085 0.0391 0.0058 0.0219
20 0.0626 0.1115 0.1283 0.1224 0.5752
21 0.2537 0.3691 0.1744 0.1227 0.0798
22 0.3079 0.1810 0.0247 0.0133 0.4731
23 0.3333 0.1770 0.0836 0.1074 0.2988
24 0.4292 0.2666 0.1981 0.0260 0.0800
25 0.0586 0.0449 0.0319 0.0299 0.8345
26 0.0793 0.0257 0.0222 0.0268 0.8462
27 0.3403 0.4509 0.1510 0.0247 0.0329
28 0.0214 0.0740 0.1230 0.0224 0.7593
29 0.0142 0.0404 0.0535 0.0487 0.8433
30 0.2554 0.1274 0.0383 0.0124 0.5664
31 0.2366 0.2517 0.1171 0.0224 0.3721
32 0.1802 0.2725 0.3418 0.0684 0.1371
33 0.3804 0.2184 0.1942 0.0616 0.1455
34 0.1284 0.2917 0.4414 0.1024 0.0362
35 0.2708 0.2228 0.3586 0.0701 0.0776
36 0.0514 0.6768 0.2302 0.0364 0.0053
37 0.3374 0.2568 0.2607 0.0685 0.0765
38 0.1088 0.1608 0.0736 0.1986 0.4583
39 0.1638 0.2991 0.0919 0.0673 0.3779
40 0.2617 0.3132 0.2517 0.0427 0.1306
41 0.0521 0.0482 0.1240 0.0219 0.7539
42 0.0309 0.6602 0.2930 0.0119 0.0042
43 0.0989 0.2126 0.5098 0.1438 0.0347
44 0.2446 0.2815 0.2158 0.1495 0.1085
45 0.1838 0.3569 0.3276 0.0737 0.0578
46 0.1478 0.6626 0.0738 0.0203 0.0955
47 0.4382 0.3335 0.1423 0.0465 0.0395
48 0.3386 0.3606 0.0738 0.2007 0.0263
49 0.1910 0.1633 0.1880 0.1986 0.2590
50 0.7637 0.0756 0.0622 0.0524 0.0462
51 0.3726 0.2224 0.0812 0.2057 0.1182
52 0.0390 0.1288 0.1761 0.0219 0.6343
53 0.0778 0.0300 0.0686 0.0137 0.8101
54 0.4600 0.1541 0.1995 0.0186 0.1680
55 0.1887 0.2947 0.1067 0.0255 0.3843
56 0.2025 0.2925 0.2462 0.1528 0.1059
57 0.2220 0.4050 0.1478 0.0351 0.1898
58 0.2927 0.2280 0.2688 0.1310 0.0794
59 0.2131 0.0875 0.1465 0.4805 0.0725
60 0.2954 0.3562 0.1722 0.1281 0.0482
61 0.2954 0.1670 0.1619 0.2646 0.1112
62 0.2593 0.1444 0.2218 0.1089 0.2654
63 0.4465 0.2505 0.1669 0.0123 0.1240
64 0.3357 0.1610 0.2698 0.0100 0.2236
65 0.5493 0.1959 0.1587 0.0322 0.0636
66 0.2791 0.1802 0.1844 0.0942 0.2622
67 0.2196 0.3025 0.1710 0.0228 0.2842
68 0.2703 0.1759 0.2122 0.0562 0.2854
69 0.3884 0.3323 0.2430 0.0212 0.0151
70 0.2874 0.2498 0.4453 0.0051 0.0125
71 0.3813 0.2856 0.2106 0.0299 0.0927
72 0.1521 0.3945 0.2266 0.0347 0.1923
73 0.3750 0.2517 0.0919 0.0540 0.2274
74 0.5918 0.1279 0.0513 0.0442 0.1847
75 0.5967 0.1581 0.1193 0.0324 0.0936
76 0.2856 0.2581 0.1747 0.1844 0.0972
77 0.3081 0.0451 0.3660 0.0621 0.2185
78 0.2159 0.1439 0.2299 0.0486 0.3616
79 0.2632 0.2115 0.2397 0.1366 0.1488
80 0.1172 0.4492 0.1759 0.2349 0.0229
81 0.1403 0.4971 0.2423 0.0964 0.0240
82 0.4194 0.2839 0.1555 0.0246 0.1165
83 0.2239 0.3467 0.2966 0.0303 0.1025
84 0.1542 0.4031 0.2949 0.0793 0.0684
85 0.1207 0.4146 0.3835 0.0427 0.0386
86 0.2102 0.4626 0.2186 0.0904 0.0181
87 0.1134 0.2764 0.5757 0.0081 0.0263
88 0.2064 0.2231 0.4614 0.0410 0.0681
89 0.1547 0.3623 0.2844 0.0578 0.1407
90 0.0629 0.1396 0.1353 0.0217 0.6406
91 0.1410 0.4590 0.0386 0.0205 0.3411
92 0.1877 0.1764 0.5786 0.0513 0.0060
93 0.3318 0.2773 0.2211 0.0214 0.1484
94 0.0142 0.0140 0.0217 0.0043 0.9458
95 0.0059 0.0056 0.0125 0.0034 0.9727
96 0.3408 0.3152 0.1927 0.0343 0.1169
97 0.2073 0.4155 0.2834 0.0320 0.0618
98 0.1444 0.5283 0.0631 0.2327 0.0315
99 0.1010 0.0549 0.0418 0.0079 0.7944
100 0.2124 0.4031 0.2971 0.0550 0.0323
101 0.0569 0.7671 0.1534 0.0077 0.0150
102 0.0951 0.6396 0.2212 0.0075 0.0364
103 0.0468 0.7256 0.1923 0.0165 0.0187
104 0.4910 0.2063 0.2546 0.0284 0.0198
105 0.3196 0.4724 0.1510 0.0264 0.0304
106 0.0656 0.0430 0.0704 0.0156 0.8057
107 0.0591 0.1777 0.1281 0.0525 0.5825
108 0.0456 0.1288 0.0711 0.0474 0.7070
109 0.0165 0.0168 0.0070 0.0031 0.9565
110 0.0188 0.0164 0.0110 0.0055 0.9482
111 0.1169 0.3894 0.2554 0.1326 0.1057
112 0.3792 0.2773 0.2751 0.0456 0.0226
113 0.2554 0.3657 0.1586 0.1107 0.1098
114 0.1788 0.3845 0.2407 0.0701 0.1259
115 0.4668 0.1917 0.1992 0.0177 0.1247
116 0.0589 0.0627 0.0424 0.0100 0.8262
117 0.0287 0.0357 0.0074 0.0084 0.9199
118 0.1178 0.2474 0.1455 0.0123 0.4771
119 0.1918 0.2025 0.0613 0.0109 0.5337
120 0.0908 0.1632 0.0358 0.0179 0.6924
121 0.0621 0.6367 0.2494 0.0164 0.0351
122 0.1395 0.5391 0.2178 0.0117 0.0922
123 0.0688 0.6533 0.2292 0.0123 0.0363
124 0.0699 0.6182 0.2458 0.0305 0.0354
125 0.0707 0.6255 0.2527 0.0136 0.0376
126 0.2499 0.5767 0.0986 0.0131 0.0617
127 0.1683 0.4541 0.1892 0.1096 0.0789
128 0.2411 0.3733 0.1241 0.0866 0.1749
129 0.0949 0.2462 0.3813 0.0424 0.2350
130 0.0658 0.3188 0.4568 0.0148 0.1437
131 0.0436 0.3594 0.5479 0.0098 0.0391
132 0.1549 0.0612 0.0842 0.0105 0.6890
133 0.1043 0.2389 0.2108 0.0068 0.4392
134 0.5288 0.1677 0.1423 0.0553 0.1058
135 0.2037 0.4812 0.2085 0.0985 0.0081
136 0.2263 0.3909 0.3560 0.0127 0.0141
137 0.4031 0.1164 0.1747 0.0935 0.2124
138 0.2544 0.1531 0.3066 0.0684 0.2175
139 0.0424 0.0925 0.1989 0.0440 0.6221
140 0.3748 0.0621 0.2852 0.1326 0.1456
141 0.4070 0.1062 0.1281 0.0514 0.3074
142 0.0870 0.4966 0.2136 0.1217 0.0811
143 0.0863 0.2273 0.1650 0.0325 0.4888
144 0.0589 0.0431 0.0850 0.0188 0.7939
145 0.1415 0.0995 0.2444 0.0131 0.5015
146 0.3743 0.2324 0.2083 0.0302 0.1548
147 0.2832 0.3694 0.1978 0.0617 0.0878
148 0.1142 0.3435 0.0557 0.0241 0.4624
149 0.1527 0.4385 0.0693 0.0086 0.3308
150 0.1063 0.5273 0.0703 0.0468 0.2491
151 0.4377 0.2151 0.1913 0.0171 0.1388
152 0.3523 0.3037 0.0699 0.1010 0.1731
153 0.2390 0.1165 0.0723 0.1361 0.4360
154 0.2837 0.3289 0.1603 0.0412 0.1860
155 0.2800 0.5029 0.0953 0.0551 0.0665
156 0.0228 0.1027 0.1919 0.0127 0.6699
157 0.0210 0.0063 0.0259 0.0033 0.9434
158 0.1752 0.7378 0.0324 0.0291 0.0256
159 0.1689 0.7056 0.0417 0.0444 0.0392
160 0.2617 0.3521 0.1637 0.1599 0.0626
161 0.2290 0.4211 0.1943 0.0458 0.1099
162 0.2095 0.2566 0.2732 0.0216 0.2391
163 0.2125 0.1630 0.3879 0.0384 0.1981
164 0.2328 0.0870 0.1327 0.2898 0.2578
165 0.4355 0.1349 0.0689 0.1257 0.2350
166 0.1932 0.0618 0.0913 0.2812 0.3726
167 0.3276 0.2435 0.3772 0.0271 0.0247
168 0.2966 0.0857 0.5371 0.0488 0.0315
169 0.5044 0.1400 0.2595 0.0251 0.0710
170 0.3760 0.1891 0.2625 0.0463 0.1260
171 0.3501 0.1888 0.1693 0.1680 0.1238
172 0.2620 0.1042 0.3135 0.1814 0.1390
173 0.2817 0.3269 0.2264 0.1061 0.0586
174 0.3555 0.2386 0.0871 0.2683 0.0504
175 0.3650 0.3706 0.1251 0.1251 0.0140
176 0.2358 0.1499 0.0234 0.0161 0.5747
177 0.1043 0.1747 0.0268 0.0141 0.6802
178 0.2368 0.2600 0.2834 0.0571 0.1627
179 0.1893 0.1149 0.2001 0.0450 0.4507
180 0.2323 0.4175 0.1560 0.1488 0.0454
181 0.3623 0.3738 0.1442 0.0760 0.0436
182 0.2542 0.4600 0.2350 0.0331 0.0180
183 0.6021 0.2690 0.0475 0.0361 0.0453
184 0.1945 0.1842 0.2103 0.0448 0.3662
185 0.0773 0.6948 0.1378 0.0817 0.0084
186 0.3052 0.3887 0.2097 0.0635 0.0329
187 0.2659 0.3311 0.3416 0.0414 0.0200
188 0.1710 0.7314 0.0295 0.0153 0.0530
189 0.3850 0.2795 0.2109 0.0623 0.0623
190 0.1946 0.1359 0.3469 0.2922 0.0303
191 0.3315 0.4060 0.0885 0.1448 0.0292
192 0.2390 0.5181 0.1202 0.0900 0.0326
193 0.1299 0.5098 0.2043 0.1460 0.0099
194 0.1125 0.0441 0.2537 0.5625 0.0274
195 0.3904 0.0684 0.1360 0.0739 0.3313
196 0.2595 0.3518 0.2986 0.0410 0.0491
197 0.1650 0.3604 0.3281 0.1198 0.0265
198 0.2178 0.2144 0.1877 0.0125 0.3677
199 0.3477 0.1735 0.1438 0.0158 0.3191
200 0.3555 0.0290 0.1577 0.0673 0.3904
201 0.1935 0.6006 0.0958 0.0746 0.0352
202 0.1824 0.5703 0.1196 0.0999 0.0277
203 0.4785 0.3262 0.0728 0.0254 0.0972
204 0.3562 0.3425 0.1086 0.0573 0.1353
205 0.1296 0.2139 0.3994 0.1190 0.1381
206 0.3848 0.2407 0.2542 0.0384 0.0819
207 0.2927 0.0973 0.2666 0.2793 0.0643
208 0.2214 0.2568 0.2250 0.2651 0.0316
209 0.2390 0.3672 0.2209 0.1279 0.0449
210 0.0720 0.3032 0.5669 0.0434 0.0145
211 0.1239 0.2297 0.5820 0.0482 0.0161
212 0.3025 0.3245 0.1343 0.2031 0.0356
213 0.3159 0.3872 0.0745 0.1815 0.0408
214 0.1864 0.3884 0.0952 0.3025 0.0273
215 0.1602 0.6636 0.0545 0.1100 0.0117
216 0.1224 0.7554 0.0251 0.0902 0.0067
217 0.1107 0.5894 0.0351 0.2576 0.0074
218 0.1036 0.7534 0.0893 0.0474 0.0063
219 0.1956 0.1080 0.1726 0.4766 0.0472
