time exciting_prob fearful_prob tense_prob sad_prob relaxing_prob
0 0.2683 0.3611 0.0942 0.2367 0.0399
1 0.7974 0.0681 0.0453 0.0759 0.0132
2 0.7280 0.0181 0.2220 0.0261 0.0058
3 0.8486 0.0307 0.0736 0.0200 0.0271
4 0.8711 0.0255 0.0612 0.0170 0.0253
5 0.0249 0.0487 0.1388 0.0257 0.7622
6 0.0547 0.0703 0.3857 0.0784 0.4106
7 0.2319 0.0901 0.3171 0.0675 0.2932
8 0.0958 0.1748 0.5303 0.0204 0.1790
9 0.0537 0.3560 0.2605 0.0156 0.3142
10 0.0927 0.0768 0.3232 0.1050 0.4023
11 0.0944 0.0914 0.3645 0.4131 0.0367
12 0.0643 0.1270 0.5342 0.2352 0.0393
13 0.1281 0.1968 0.3945 0.2247 0.0559
14 0.1740 0.1726 0.2959 0.0841 0.2737
15 0.0922 0.0509 0.3647 0.2842 0.2079
16 0.1520 0.1581 0.2372 0.0586 0.3943
17 0.1102 0.1707 0.3289 0.3394 0.0508
18 0.1346 0.1715 0.3306 0.2896 0.0738
19 0.1147 0.1078 0.4397 0.2839 0.0538
20 0.2327 0.5625 0.1501 0.0188 0.0359
21 0.3962 0.4744 0.0485 0.0575 0.0234
22 0.4902 0.3728 0.0668 0.0134 0.0567
23 0.3071 0.5107 0.0840 0.0610 0.0373
24 0.1759 0.4856 0.1947 0.1267 0.0170
25 0.2793 0.2262 0.3115 0.0541 0.1289
26 0.0781 0.1602 0.1058 0.0025 0.6533
27 0.0558 0.2966 0.3416 0.0562 0.2499
28 0.1038 0.2451 0.2649 0.0211 0.3650
29 0.1875 0.4258 0.2927 0.0378 0.0563
30 0.1299 0.1818 0.5430 0.0419 0.1036
31 0.1761 0.3616 0.3879 0.0425 0.0318
32 0.2365 0.4417 0.2700 0.0327 0.0191
33 0.3198 0.2651 0.1725 0.0394 0.2032
34 0.3760 0.2952 0.0629 0.0306 0.2354
35 0.0106 0.4067 0.4229 0.1532 0.0067
36 0.1915 0.2537 0.1469 0.2039 0.2039
37 0.2524 0.3215 0.1508 0.0248 0.2505
38 0.3152 0.2306 0.1160 0.0131 0.3252
39 0.0269 0.4380 0.4963 0.0305 0.0082
40 0.0181 0.4854 0.4023 0.0857 0.0083
41 0.1907 0.2391 0.0826 0.0192 0.4683
42 0.0774 0.1576 0.0864 0.0045 0.6738
43 0.0746 0.1362 0.2429 0.0116 0.5347
44 0.1448 0.2903 0.1874 0.0537 0.3237
45 0.0512 0.1504 0.6187 0.0396 0.1403
46 0.0284 0.7847 0.1710 0.0119 0.0043
47 0.0717 0.7075 0.1890 0.0177 0.0141
48 0.0317 0.8306 0.1263 0.0045 0.0069
49 0.0984 0.1007 0.2915 0.0060 0.5034
50 0.0599 0.0700 0.3091 0.4937 0.0673
51 0.0477 0.8062 0.1074 0.0267 0.0121
52 0.1179 0.4734 0.3601 0.0167 0.0320
53 0.1415 0.3064 0.2769 0.1615 0.1136
54 0.1572 0.4375 0.3462 0.0263 0.0327
55 0.0668 0.0618 0.6338 0.0668 0.1707
56 0.1399 0.1560 0.4922 0.0237 0.1882
57 0.2157 0.2769 0.3237 0.0751 0.1085
58 0.9468 0.0100 0.0052 0.0179 0.0204
59 0.6050 0.0921 0.0950 0.1393 0.0684
60 0.7671 0.1131 0.0670 0.0376 0.0154
61 0.8296 0.0158 0.0275 0.0191 0.1080
62 0.9517 0.0105 0.0048 0.0026 0.0304
63 0.2185 0.4448 0.1586 0.0918 0.0862
64 0.4839 0.1344 0.2114 0.0019 0.1686
65 0.3154 0.3718 0.2615 0.0051 0.0462
66 0.0842 0.3152 0.2271 0.0749 0.2986
67 0.0250 0.7188 0.2407 0.0068 0.0088
68 0.1322 0.2096 0.6157 0.0348 0.0077
69 0.0335 0.2847 0.6616 0.0174 0.0027
70 0.3577 0.1743 0.1991 0.1960 0.0727
71 0.3091 0.0935 0.1733 0.3291 0.0950
72 0.1633 0.0888 0.3982 0.3149 0.0348
73 0.1776 0.2666 0.3118 0.2076 0.0364
74 0.2224 0.1392 0.3237 0.2520 0.0627
75 0.2969 0.1058 0.3445 0.1692 0.0837
76 0.4011 0.3682 0.1794 0.0400 0.0113
77 0.4675 0.1707 0.3115 0.0366 0.0138
78 0.3191 0.1832 0.2708 0.0175 0.2094
79 0.0859 0.1417 0.6973 0.0228 0.0521
80 0.1653 0.1042 0.3418 0.2026 0.1859
81 0.3569 0.1726 0.3176 0.0119 0.1409
82 0.1848 0.1509 0.3914 0.0163 0.2566
83 0.1890 0.1350 0.1761 0.2227 0.2771
84 0.2094 0.4468 0.3142 0.0118 0.0179
85 0.0999 0.4478 0.3950 0.0479 0.0093
86 0.1133 0.4246 0.2917 0.1514 0.0190
87 0.5229 0.1223 0.0874 0.1030 0.1646
88 0.0539 0.4841 0.2737 0.1635 0.0249
89 0.0284 0.1986 0.6934 0.0676 0.0121
90 0.4023 0.0492 0.2008 0.2257 0.1218
91 0.3140 0.0806 0.2859 0.1437 0.1760
92 0.1462 0.1998 0.2178 0.3975 0.0387
93 0.1938 0.0573 0.1418 0.4041 0.2031
94 0.2927 0.1580 0.4680 0.0653 0.0160
95 0.2191 0.2483 0.4426 0.0684 0.0214
96 0.0374 0.1287 0.5952 0.2223 0.0165
97 0.1006 0.3147 0.4233 0.1223 0.0391
98 0.1039 0.1866 0.2981 0.2781 0.1334
99 0.4937 0.1844 0.2686 0.0235 0.0299
100 0.0593 0.3230 0.4812 0.0933 0.0434
101 0.0402 0.3284 0.6040 0.0259 0.0015
102 0.2605 0.0422 0.2335 0.3242 0.1394
103 0.4727 0.1149 0.1387 0.1272 0.1465
104 0.1869 0.0883 0.4485 0.2185 0.0579
105 0.1642 0.0428 0.5303 0.2245 0.0384
106 0.2664 0.1530 0.3474 0.2026 0.0306
107 0.3904 0.2705 0.2241 0.0231 0.0920
108 0.2079 0.1417 0.5308 0.1053 0.0140
109 0.3350 0.0644 0.2450 0.2213 0.1343
110 0.0890 0.1378 0.5044 0.2576 0.0113
111 0.1247 0.1118 0.1247 0.5952 0.0438
112 0.1650 0.4485 0.1743 0.2086 0.0036
113 0.1910 0.2452 0.2081 0.3459 0.0097
114 0.1069 0.1405 0.4644 0.2563 0.0319
115 0.1293 0.3076 0.2937 0.1571 0.1123
116 0.0147 0.0998 0.7852 0.0983 0.0022
117 0.0101 0.0279 0.9443 0.0146 0.0031
118 0.2374 0.1232 0.4368 0.1737 0.0288
119 0.4092 0.0751 0.4155 0.0369 0.0632
120 0.0853 0.1606 0.5879 0.1292 0.0373
121 0.0258 0.1166 0.8481 0.0058 0.0038
122 0.0077 0.1722 0.8091 0.0098 0.0010
123 0.1241 0.1428 0.3762 0.2930 0.0638
124 0.1110 0.0220 0.6587 0.1746 0.0338
125 0.1940 0.2452 0.1647 0.3799 0.0163
126 0.1658 0.2031 0.2338 0.2690 0.1282
127 0.0425 0.0914 0.2644 0.5688 0.0328
128 0.1771 0.0705 0.2578 0.4055 0.0891
129 0.0255 0.0976 0.8501 0.0166 0.0105
130 0.2240 0.3062 0.4153 0.0421 0.0124
131 0.1113 0.0952 0.5649 0.1953 0.0331
132 0.0196 0.1381 0.7578 0.0812 0.0032
133 0.1030 0.1938 0.3455 0.3511 0.0067
134 0.3784 0.1003 0.4600 0.0240 0.0375
135 0.2172 0.4817 0.1829 0.0683 0.0500
136 0.1097 0.1420 0.3225 0.4014 0.0245
137 0.0248 0.3936 0.4189 0.1616 0.0009
138 0.3018 0.0927 0.5815 0.0113 0.0126
139 0.2549 0.3074 0.4233 0.0067 0.0079
140 0.2441 0.2725 0.4634 0.0038 0.0164
141 0.0331 0.7236 0.2157 0.0231 0.0044
142 0.0625 0.4338 0.2018 0.2756 0.0263
143 0.0920 0.0995 0.1382 0.6099 0.0604
144 0.2842 0.0916 0.4685 0.1096 0.0464
145 0.0795 0.1440 0.4648 0.2910 0.0206
146 0.0587 0.0547 0.6514 0.2081 0.0273
147 0.0442 0.1888 0.7466 0.0148 0.0054
148 0.2445 0.2903 0.3020 0.1519 0.0115
149 0.3921 0.1941 0.3684 0.0148 0.0307
150 0.1843 0.2520 0.5376 0.0086 0.0177
151 0.0168 0.0966 0.8477 0.0384 0.0008
152 0.0969 0.1597 0.6519 0.0855 0.0061
153 0.0942 0.2330 0.2725 0.3901 0.0102
154 0.1672 0.1409 0.4917 0.1476 0.0526
155 0.0790 0.1168 0.7739 0.0203 0.0098
156 0.0315 0.2134 0.6890 0.0661 0.0003
157 0.0838 0.1733 0.5381 0.1995 0.0055
158 0.0213 0.0259 0.9067 0.0444 0.0015
159 0.1331 0.1052 0.2061 0.5259 0.0297
160 0.4492 0.1172 0.2480 0.1328 0.0528
161 0.4321 0.1257 0.1470 0.2500 0.0452
162 0.0712 0.1249 0.6548 0.1438 0.0056
163 0.1445 0.2659 0.2598 0.3132 0.0163
164 0.2507 0.3821 0.1968 0.1497 0.0207
165 0.0948 0.0652 0.4741 0.2966 0.0693
166 0.0191 0.6641 0.3137 0.0030 0.0004
167 0.0320 0.3462 0.6172 0.0027 0.0022
168 0.0977 0.2290 0.4019 0.2554 0.0159
169 0.0620 0.2050 0.7271 0.0041 0.0020
170 0.0283 0.0598 0.8794 0.0320 0.0003
171 0.0781 0.1516 0.2122 0.5254 0.0328
172 0.0626 0.2019 0.3892 0.3328 0.0136
173 0.0624 0.1353 0.6553 0.1439 0.0034
174 0.1248 0.2791 0.3447 0.2426 0.0088
175 0.1331 0.2126 0.4717 0.1819 0.0008
176 0.0432 0.0467 0.6250 0.2126 0.0723
177 0.1057 0.2220 0.5327 0.1188 0.0207
178 0.0778 0.3005 0.3682 0.2340 0.0195
179 0.0389 0.0612 0.3359 0.5542 0.0098
180 0.1191 0.2793 0.5215 0.0757 0.0042
181 0.0214 0.1980 0.4258 0.3530 0.0016
182 0.0850 0.0652 0.3062 0.5288 0.0145
183 0.0616 0.2678 0.6226 0.0444 0.0035
184 0.0521 0.0334 0.6973 0.2128 0.0043
185 0.4302 0.1821 0.3052 0.0736 0.0089
186 0.4546 0.2250 0.2452 0.0582 0.0171
187 0.1082 0.1514 0.5806 0.1538 0.0062
188 0.0396 0.1279 0.7715 0.0595 0.0016
189 0.0760 0.0556 0.4043 0.4370 0.0271
190 0.2466 0.0752 0.6348 0.0390 0.0044
191 0.1016 0.0588 0.7056 0.1226 0.0115
192 0.0291 0.0295 0.6621 0.2759 0.0033
193 0.0243 0.0472 0.8770 0.0503 0.0011
194 0.0367 0.0266 0.8955 0.0350 0.0060
195 0.0825 0.0878 0.6802 0.1382 0.0113
196 0.0236 0.0317 0.9346 0.0086 0.0015
197 0.0421 0.1198 0.8062 0.0230 0.0092
198 0.0587 0.0373 0.4761 0.4202 0.0080
199 0.0115 0.0663 0.7959 0.1183 0.0078
200 0.0221 0.0582 0.8960 0.0217 0.0018
201 0.0091 0.0168 0.9512 0.0210 0.0019
202 0.0200 0.1610 0.7925 0.0243 0.0023
203 0.1332 0.1053 0.3145 0.4231 0.0239
204 0.0976 0.2737 0.5884 0.0332 0.0070
205 0.0283 0.0178 0.9443 0.0080 0.0015
206 0.0786 0.1526 0.7339 0.0312 0.0037
207 0.0141 0.0311 0.9375 0.0136 0.0039
208 0.0847 0.0332 0.6660 0.2064 0.0096
209 0.0472 0.0417 0.7920 0.1106 0.0087
210 0.1466 0.3516 0.4958 0.0041 0.0019
211 0.0384 0.1043 0.8076 0.0452 0.0045
212 0.0700 0.0346 0.8525 0.0396 0.0031
213 0.0407 0.1713 0.7734 0.0070 0.0076
214 0.0726 0.0579 0.7681 0.0715 0.0300
215 0.0108 0.0790 0.8975 0.0120 0.0009
216 0.0599 0.0594 0.4636 0.3843 0.0328
217 0.0268 0.1569 0.7256 0.0867 0.0041
218 0.0313 0.2042 0.6392 0.1060 0.0193
219 0.0820 0.1656 0.6602 0.0894 0.0028
220 0.0380 0.0745 0.5376 0.3469 0.0031
221 0.0645 0.0615 0.7979 0.0754 0.0009
222 0.0389 0.0602 0.7393 0.1550 0.0065
223 0.0626 0.1466 0.4695 0.3127 0.0085
224 0.2001 0.0605 0.1487 0.5698 0.0208
225 0.0358 0.0152 0.9238 0.0226 0.0028
226 0.0484 0.4968 0.4524 0.0007 0.0017
227 0.0162 0.2079 0.7725 0.0029 0.0006
228 0.0124 0.0215 0.9648 0.0004 0.0009
229 0.0167 0.0197 0.9619 0.0008 0.0009
230 0.0300 0.0200 0.9409 0.0034 0.0059
231 0.0449 0.2812 0.5684 0.0180 0.0878
232 0.0308 0.2239 0.7344 0.0030 0.0081
233 0.0236 0.1514 0.8184 0.0014 0.0055
234 0.0446 0.2302 0.7202 0.0013 0.0037
235 0.0234 0.0454 0.9268 0.0013 0.0032
236 0.0291 0.0883 0.8784 0.0009 0.0035
237 0.0178 0.0291 0.9482 0.0023 0.0026
238 0.0414 0.0540 0.8916 0.0028 0.0103
239 0.0469 0.1390 0.8062 0.0033 0.0045
240 0.0242 0.0513 0.9160 0.0009 0.0078
241 0.0205 0.0523 0.9204 0.0006 0.0064
242 0.0352 0.1459 0.8076 0.0043 0.0070
243 0.3096 0.2300 0.3677 0.0128 0.0801
244 0.0453 0.0586 0.8813 0.0105 0.0044
245 0.0281 0.1130 0.8345 0.0222 0.0020
246 0.1025 0.4282 0.2007 0.1401 0.1285
247 0.0385 0.2710 0.6816 0.0032 0.0057
248 0.0825 0.1403 0.7520 0.0090 0.0161
249 0.0438 0.1964 0.7070 0.0363 0.0163
250 0.0420 0.0917 0.8428 0.0166 0.0071
251 0.1226 0.2135 0.5806 0.0617 0.0217
252 0.0706 0.2542 0.6646 0.0078 0.0029
253 0.0850 0.0877 0.7344 0.0799 0.0129
254 0.1322 0.2451 0.5479 0.0713 0.0034
255 0.1307 0.0485 0.3694 0.4387 0.0125
256 0.0925 0.0726 0.8115 0.0134 0.0102
257 0.1461 0.1804 0.6060 0.0669 0.0007
258 0.0847 0.0777 0.7603 0.0088 0.0685
259 0.0321 0.0456 0.8813 0.0286 0.0122
260 0.0598 0.0325 0.8452 0.0377 0.0247
261 0.1171 0.0504 0.5991 0.1434 0.0898
262 0.2250 0.1140 0.4915 0.0778 0.0916
263 0.0173 0.3623 0.6162 0.0036 0.0005
264 0.1023 0.0961 0.6670 0.1313 0.0033
265 0.0569 0.0502 0.8433 0.0450 0.0047
266 0.1542 0.1102 0.5864 0.1163 0.0331
267 0.1219 0.0360 0.7524 0.0695 0.0202
268 0.0184 0.0402 0.9219 0.0190 0.0007
269 0.0916 0.0423 0.6460 0.2017 0.0186
270 0.1069 0.0222 0.3291 0.4790 0.0628
271 0.1537 0.2272 0.5801 0.0098 0.0293
272 0.0335 0.1207 0.8311 0.0112 0.0038
273 0.0724 0.0347 0.7603 0.1078 0.0246
274 0.1100 0.0710 0.7397 0.0744 0.0049
275 0.0484 0.0849 0.8247 0.0395 0.0024
276 0.0896 0.0875 0.7559 0.0404 0.0265
277 0.0489 0.0432 0.8940 0.0100 0.0040
278 0.1455 0.0317 0.7563 0.0440 0.0225
279 0.0552 0.0374 0.8574 0.0395 0.0104
280 0.1846 0.1155 0.4602 0.1628 0.0769
281 0.0434 0.0389 0.8989 0.0073 0.0116
282 0.0830 0.0346 0.8652 0.0037 0.0135
283 0.0560 0.0217 0.8096 0.0596 0.0530
284 0.1049 0.0322 0.6035 0.2496 0.0098
285 0.1702 0.0939 0.6890 0.0305 0.0166
286 0.0679 0.0229 0.8467 0.0463 0.0163
287 0.0133 0.0265 0.8906 0.0687 0.0007
288 0.2052 0.1729 0.1410 0.4019 0.0791
289 0.0342 0.0479 0.5835 0.3274 0.0069
290 0.0410 0.0890 0.6128 0.2554 0.0018
291 0.2328 0.0891 0.4053 0.2595 0.0133
292 0.0182 0.0584 0.8657 0.0512 0.0067
293 0.0781 0.1425 0.3582 0.4187 0.0029
294 0.1061 0.2111 0.4868 0.1508 0.0453
295 0.0703 0.0483 0.3984 0.4045 0.0784
296 0.1207 0.1755 0.3896 0.3035 0.0108
297 0.0101 0.1471 0.8335 0.0088 0.0006
298 0.0265 0.0947 0.8442 0.0249 0.0096
299 0.0813 0.5688 0.3267 0.0202 0.0032
300 0.0724 0.0582 0.8486 0.0190 0.0016
301 0.1135 0.1664 0.6846 0.0320 0.0036
302 0.1442 0.2715 0.2549 0.3052 0.0243
303 0.0842 0.0430 0.4211 0.4414 0.0102
304 0.0467 0.0554 0.5259 0.3672 0.0049
305 0.0732 0.2720 0.5327 0.1188 0.0036
306 0.1931 0.2517 0.2659 0.2788 0.0104
307 0.1083 0.0520 0.5859 0.2480 0.0058
308 0.1116 0.0265 0.8379 0.0216 0.0023
309 0.0386 0.0727 0.8320 0.0520 0.0045
310 0.0705 0.0086 0.5049 0.3933 0.0229
311 0.1145 0.0418 0.0662 0.6641 0.1136
312 0.0995 0.2424 0.2368 0.4028 0.0185
313 0.0193 0.0469 0.5127 0.4182 0.0030
314 0.0115 0.0105 0.9634 0.0131 0.0014
315 0.0174 0.0080 0.9224 0.0445 0.0075
316 0.4207 0.2717 0.1674 0.1263 0.0140
317 0.5234 0.2396 0.0917 0.1254 0.0198
318 0.1863 0.2932 0.3765 0.0944 0.0497
319 0.2318 0.0967 0.1619 0.4399 0.0696
320 0.2318 0.0967 0.1619 0.4399 0.0696
321 0.3237 0.4355 0.1641 0.0585 0.0181
322 0.3799 0.3569 0.1740 0.0697 0.0195
323 0.3765 0.3594 0.1752 0.0696 0.0193
324 0.3811 0.3579 0.1731 0.0683 0.0197
325 0.3289 0.4934 0.1257 0.0320 0.0199
