time exciting_prob fearful_prob tense_prob sad_prob relaxing_prob
0 0.1525 0.1225 0.4844 0.1810 0.0597
1 0.7524 0.0041 0.0026 0.2242 0.0165
2 0.4414 0.0038 0.0038 0.5410 0.0101
3 0.5391 0.0054 0.0050 0.4436 0.0069
4 0.3472 0.0157 0.0201 0.6143 0.0028
5 0.2394 0.1242 0.3171 0.2549 0.0645
6 0.5566 0.1442 0.0784 0.1808 0.0400
7 0.8267 0.1110 0.0217 0.0209 0.0197
8 0.8384 0.1049 0.0191 0.0185 0.0190
9 0.7041 0.0961 0.0731 0.1014 0.0251
10 0.1768 0.1443 0.2612 0.3462 0.0714
11 0.3938 0.1044 0.3213 0.1775 0.0030
12 0.0385 0.0457 0.1953 0.6816 0.0391
13 0.0622 0.1886 0.4316 0.2830 0.0346
14 0.0332 0.4307 0.1215 0.3201 0.0946
15 0.0588 0.3862 0.3923 0.1356 0.0269
16 0.7837 0.0173 0.1427 0.0493 0.0072
17 0.6948 0.0469 0.0677 0.1812 0.0095
18 0.1048 0.3657 0.3081 0.1958 0.0257
19 0.0482 0.3704 0.3821 0.1952 0.0042
20 0.1820 0.0873 0.2688 0.4036 0.0582
21 0.0498 0.2002 0.4109 0.3250 0.0140
22 0.0293 0.1836 0.6509 0.1282 0.0079
23 0.0320 0.0842 0.5405 0.2986 0.0444
24 0.0582 0.0634 0.6504 0.2179 0.0102
25 0.0878 0.1890 0.5957 0.0988 0.0287
26 0.0843 0.6528 0.1703 0.0836 0.0090
27 0.0705 0.5767 0.2330 0.1172 0.0026
28 0.0316 0.2057 0.0864 0.6641 0.0123
29 0.0718 0.1807 0.2754 0.4268 0.0453
30 0.0866 0.3218 0.4067 0.1631 0.0216
31 0.0313 0.2810 0.3840 0.2944 0.0093
32 0.0613 0.0532 0.1589 0.6797 0.0470
33 0.0131 0.4434 0.1104 0.4297 0.0034
34 0.0078 0.6304 0.2015 0.1594 0.0009
35 0.0387 0.7139 0.1749 0.0649 0.0075
36 0.0295 0.5264 0.1877 0.2527 0.0035
37 0.0117 0.7275 0.0483 0.2117 0.0009
38 0.0238 0.5176 0.2191 0.1935 0.0459
39 0.0211 0.5659 0.1726 0.2148 0.0255
40 0.0349 0.0704 0.2917 0.5986 0.0042
41 0.0356 0.4048 0.3462 0.2100 0.0033
42 0.0099 0.8296 0.0975 0.0610 0.0019
43 0.0422 0.0605 0.2546 0.6108 0.0319
44 0.0425 0.2544 0.2974 0.3586 0.0471
45 0.0754 0.2435 0.3657 0.2593 0.0561
46 0.0465 0.1882 0.2739 0.4807 0.0105
47 0.0792 0.1152 0.3689 0.4246 0.0120
48 0.0406 0.0482 0.2957 0.5879 0.0277
49 0.0526 0.0560 0.2673 0.6118 0.0120
50 0.0502 0.3650 0.3538 0.2163 0.0146
51 0.0671 0.1150 0.1177 0.6118 0.0882
52 0.0242 0.4006 0.2842 0.2886 0.0026
53 0.0283 0.3264 0.4678 0.1694 0.0080
54 0.0285 0.1541 0.5054 0.2971 0.0151
55 0.0671 0.4275 0.3279 0.1573 0.0202
56 0.0437 0.2289 0.3279 0.3894 0.0101
57 0.0565 0.1910 0.5703 0.1740 0.0083
58 0.0729 0.3425 0.2930 0.1462 0.1451
59 0.0612 0.4023 0.2722 0.2478 0.0165
60 0.0519 0.1305 0.4346 0.3716 0.0115
61 0.0823 0.2534 0.4380 0.2238 0.0024
62 0.1271 0.1030 0.5698 0.1938 0.0064
63 0.1307 0.2404 0.5088 0.1042 0.0157
64 0.1823 0.3198 0.2065 0.2378 0.0535
65 0.1942 0.1926 0.3381 0.1610 0.1141
66 0.0084 0.1160 0.0810 0.7925 0.0019
67 0.0509 0.1592 0.7417 0.0270 0.0214
68 0.0458 0.2556 0.4702 0.2256 0.0026
69 0.0310 0.2054 0.7280 0.0343 0.0010
70 0.0213 0.1602 0.7407 0.0768 0.0007
71 0.0623 0.0740 0.3162 0.4822 0.0652
72 0.1140 0.2180 0.4075 0.2357 0.0248
73 0.2581 0.2878 0.2581 0.1339 0.0623
74 0.0898 0.3015 0.1516 0.4316 0.0255
75 0.0779 0.2152 0.6226 0.0704 0.0140
76 0.0426 0.1443 0.6938 0.0969 0.0226
77 0.0291 0.1008 0.7808 0.0430 0.0462
78 0.0441 0.1858 0.5996 0.1639 0.0063
79 0.0325 0.0710 0.3494 0.5327 0.0144
80 0.0371 0.0673 0.3811 0.5049 0.0095
81 0.0197 0.2479 0.6138 0.1135 0.0053
82 0.0342 0.2754 0.4067 0.2710 0.0127
83 0.0457 0.3540 0.4011 0.1698 0.0295
84 0.0399 0.3733 0.1183 0.3792 0.0894
85 0.1346 0.1841 0.4773 0.1198 0.0842
86 0.0537 0.4861 0.3669 0.0892 0.0039
87 0.0814 0.0777 0.2546 0.5562 0.0300
88 0.0587 0.1054 0.3049 0.5029 0.0279
89 0.0338 0.0642 0.1145 0.7124 0.0751
90 0.0926 0.2942 0.4700 0.0940 0.0492
91 0.1567 0.0604 0.2544 0.0752 0.4534
92 0.0653 0.2245 0.5557 0.1449 0.0099
93 0.0492 0.1857 0.3691 0.3691 0.0267
94 0.0597 0.3801 0.2167 0.3354 0.0078
95 0.0311 0.0916 0.3914 0.4507 0.0353
96 0.1183 0.2751 0.3477 0.2043 0.0546
97 0.0798 0.0602 0.1161 0.7109 0.0327
98 0.0519 0.0767 0.3955 0.3955 0.0804
99 0.0410 0.1014 0.2146 0.5654 0.0777
100 0.0417 0.2292 0.3901 0.2991 0.0399
101 0.2593 0.0574 0.1466 0.4695 0.0671
102 0.0541 0.0684 0.4390 0.4124 0.0264
103 0.0815 0.1262 0.4204 0.3325 0.0391
104 0.0789 0.0542 0.2079 0.5308 0.1281
105 0.0870 0.1652 0.4932 0.1412 0.1135
106 0.0352 0.2900 0.1653 0.3726 0.1370
107 0.1503 0.2537 0.3108 0.2238 0.0617
108 0.0971 0.0805 0.5332 0.1412 0.1481
109 0.0369 0.3423 0.5469 0.0695 0.0042
110 0.0870 0.4351 0.3232 0.1390 0.0156
111 0.1176 0.1354 0.1396 0.2338 0.3735
112 0.1643 0.2507 0.1722 0.3821 0.0306
113 0.0718 0.3586 0.1495 0.4001 0.0198
114 0.0790 0.3027 0.4138 0.1672 0.0373
115 0.1542 0.2279 0.2427 0.1949 0.1803
116 0.0614 0.6104 0.2930 0.0275 0.0079
117 0.0583 0.1089 0.2417 0.5620 0.0293
118 0.0305 0.0443 0.0676 0.8369 0.0206
119 0.0875 0.2739 0.4048 0.1687 0.0651
120 0.0457 0.2979 0.4612 0.1864 0.0089
121 0.0759 0.1606 0.6406 0.1194 0.0034
122 0.0360 0.0540 0.2788 0.6089 0.0222
123 0.1085 0.1393 0.2949 0.3137 0.1437
124 0.0451 0.0330 0.1477 0.6729 0.1016
125 0.0421 0.1515 0.7456 0.0603 0.0005
126 0.0942 0.2424 0.5908 0.0722 0.0005
127 0.0689 0.2123 0.6338 0.0844 0.0007
128 0.0794 0.3069 0.1249 0.4827 0.0063
129 0.1161 0.1125 0.0531 0.7109 0.0072
130 0.1242 0.2489 0.4873 0.1088 0.0307
131 0.0671 0.2761 0.1898 0.2344 0.2325
132 0.1024 0.3252 0.2343 0.3354 0.0027
133 0.1418 0.6357 0.1522 0.0655 0.0046
134 0.0795 0.2430 0.2079 0.2712 0.1984
135 0.1337 0.3010 0.3467 0.0662 0.1526
136 0.0573 0.5107 0.3247 0.0860 0.0212
137 0.0365 0.6528 0.1842 0.1152 0.0112
138 0.0500 0.6289 0.2139 0.0787 0.0287
139 0.0691 0.4434 0.3047 0.1290 0.0538
140 0.1169 0.3491 0.2805 0.1812 0.0721
141 0.0746 0.3850 0.2646 0.2263 0.0497
142 0.0732 0.1305 0.2720 0.4846 0.0398
143 0.0401 0.3958 0.4019 0.1422 0.0202
144 0.0553 0.5249 0.3550 0.0496 0.0154
145 0.0134 0.0891 0.0905 0.5996 0.2073
146 0.0244 0.1250 0.1310 0.5781 0.1416
147 0.0320 0.5420 0.3843 0.0360 0.0057
148 0.0135 0.2620 0.1564 0.5630 0.0051
149 0.0255 0.2181 0.1186 0.6313 0.0066
150 0.0255 0.2039 0.1915 0.5718 0.0074
151 0.1415 0.4709 0.2350 0.0700 0.0825
152 0.0101 0.0842 0.0939 0.7988 0.0129
153 0.0011 0.0477 0.0651 0.8853 0.0008
154 0.0083 0.2700 0.3206 0.3989 0.0020
155 0.0116 0.2817 0.1847 0.5181 0.0039
156 0.0348 0.4016 0.3542 0.1477 0.0616
157 0.0287 0.4348 0.3960 0.1135 0.0269
158 0.0274 0.6963 0.1760 0.0899 0.0104
159 0.0250 0.4158 0.4031 0.1415 0.0146
160 0.0432 0.2861 0.4297 0.1936 0.0475
161 0.0352 0.5098 0.1846 0.2522 0.0183
162 0.0219 0.4995 0.1304 0.3328 0.0154
163 0.0279 0.4507 0.4170 0.1022 0.0022
164 0.0144 0.0676 0.3486 0.4917 0.0778
165 0.0155 0.1154 0.3784 0.4495 0.0412
166 0.0266 0.1340 0.3879 0.2708 0.1804
167 0.0282 0.0597 0.2715 0.3079 0.3328
168 0.0371 0.0798 0.3748 0.4663 0.0421
169 0.0876 0.1561 0.4885 0.2202 0.0476
170 0.0258 0.6650 0.1630 0.1394 0.0068
171 0.0241 0.3916 0.1354 0.4370 0.0118
172 0.0361 0.4336 0.3027 0.2180 0.0098
173 0.0673 0.3157 0.5630 0.0466 0.0075
174 0.1113 0.4072 0.4009 0.0555 0.0252
175 0.0405 0.6187 0.1978 0.1257 0.0172
176 0.0514 0.3098 0.2734 0.3196 0.0461
177 0.0873 0.2000 0.5874 0.0944 0.0307
178 0.0488 0.5161 0.3081 0.1207 0.0064
179 0.0812 0.4709 0.3555 0.0700 0.0224
180 0.2095 0.2527 0.4038 0.0412 0.0930
181 0.0810 0.1315 0.1356 0.2656 0.3865
182 0.0248 0.0644 0.5474 0.3591 0.0043
183 0.0278 0.3232 0.4150 0.2257 0.0081
184 0.1619 0.2668 0.4265 0.0894 0.0551
185 0.1466 0.2236 0.5039 0.0862 0.0398
186 0.1952 0.1095 0.6108 0.0707 0.0140
187 0.0683 0.2876 0.2422 0.3811 0.0207
188 0.0109 0.2559 0.2993 0.4287 0.0052
189 0.1964 0.1102 0.2369 0.0339 0.4224
190 0.0791 0.3384 0.1525 0.3716 0.0583
191 0.0115 0.2690 0.4104 0.2957 0.0134
192 0.2832 0.2500 0.2747 0.1614 0.0308
193 0.2085 0.0646 0.4553 0.1326 0.1389
194 0.0648 0.1183 0.3477 0.4604 0.0087
195 0.2081 0.0815 0.1672 0.4583 0.0848
196 0.0303 0.3638 0.4058 0.1238 0.0762
197 0.2727 0.3042 0.2644 0.0405 0.1182
198 0.0206 0.2231 0.6768 0.0759 0.0036
199 0.1046 0.6021 0.0724 0.2164 0.0044
200 0.0672 0.4629 0.3333 0.1326 0.0040
201 0.0135 0.2026 0.1554 0.6050 0.0233
202 0.0241 0.3708 0.1879 0.3948 0.0226
203 0.0269 0.3008 0.2271 0.4111 0.0343
204 0.0422 0.6196 0.2076 0.1111 0.0193
205 0.0689 0.5815 0.2242 0.0935 0.0316
206 0.1133 0.2150 0.3601 0.2761 0.0356
207 0.1078 0.4683 0.2507 0.1520 0.0214
208 0.0930 0.3979 0.2822 0.2064 0.0206
209 0.6621 0.1560 0.0225 0.1572 0.0020
210 0.3330 0.4590 0.1016 0.1040 0.0024
211 0.2634 0.1432 0.1399 0.3518 0.1016
212 0.2236 0.1989 0.1263 0.1897 0.2615
213 0.1095 0.0435 0.1521 0.5967 0.0981
214 0.1937 0.6108 0.0266 0.1556 0.0132
215 0.1488 0.6118 0.1123 0.0797 0.0472
216 0.2458 0.3718 0.1125 0.1276 0.1422
217 0.2720 0.2595 0.1161 0.3010 0.0511
218 0.0985 0.1561 0.1116 0.5986 0.0351
219 0.1575 0.4666 0.1490 0.2169 0.0101
220 0.0570 0.0437 0.2439 0.6230 0.0325
221 0.3926 0.2595 0.1057 0.1586 0.0836
222 0.2532 0.1635 0.1431 0.3831 0.0574
223 0.2795 0.1567 0.1289 0.3560 0.0788
224 0.1801 0.1931 0.0905 0.4817 0.0545
225 0.2595 0.1501 0.1048 0.3987 0.0869
226 0.1154 0.0756 0.0781 0.6953 0.0355
227 0.0431 0.1002 0.2023 0.6431 0.0116
228 0.2832 0.0462 0.3184 0.3110 0.0414
229 0.1198 0.1812 0.2021 0.3604 0.1367
230 0.0453 0.4065 0.4260 0.1012 0.0209
231 0.0844 0.0716 0.0750 0.7402 0.0289
232 0.1345 0.2288 0.3545 0.2288 0.0535
233 0.0782 0.4609 0.1833 0.2668 0.0108
234 0.0577 0.6250 0.2078 0.0915 0.0179
235 0.3284 0.1161 0.3389 0.1652 0.0515
236 0.4563 0.1448 0.1774 0.1746 0.0470
237 0.1962 0.5591 0.1692 0.0647 0.0111
238 0.3020 0.2108 0.1299 0.2905 0.0668
239 0.3210 0.4287 0.1050 0.0812 0.0642
240 0.0691 0.3977 0.2031 0.3003 0.0297
241 0.1606 0.0629 0.1271 0.5605 0.0887
242 0.1224 0.1476 0.2181 0.1522 0.3596
243 0.1847 0.2773 0.3293 0.1112 0.0974
244 0.0674 0.3423 0.2793 0.2175 0.0936
245 0.0580 0.3992 0.2617 0.2659 0.0152
246 0.1931 0.0536 0.3086 0.3086 0.1359
247 0.2432 0.1096 0.2844 0.2820 0.0808
248 0.0652 0.0641 0.6479 0.2170 0.0055
249 0.2505 0.4292 0.1519 0.0819 0.0865
250 0.4106 0.3596 0.1097 0.0591 0.0610
251 0.2069 0.4700 0.2656 0.0225 0.0349
252 0.2673 0.3982 0.2632 0.0319 0.0391
253 0.4878 0.3328 0.1123 0.0660 0.0012
254 0.4939 0.3787 0.0572 0.0653 0.0050
255 0.4485 0.3896 0.0925 0.0646 0.0046
256 0.2815 0.3142 0.1617 0.2371 0.0055
257 0.0873 0.4983 0.1804 0.2281 0.0058
258 0.1849 0.4299 0.2820 0.0789 0.0244
259 0.2891 0.2673 0.0766 0.3079 0.0592
260 0.2037 0.2830 0.2496 0.2310 0.0327
261 0.7505 0.0955 0.1169 0.0276 0.0094
262 0.7495 0.0881 0.1302 0.0208 0.0111
263 0.5767 0.1101 0.2089 0.0825 0.0217
