time exciting_prob fearful_prob tense_prob sad_prob relaxing_prob
0 0.2037 0.2830 0.2496 0.2310 0.0327
1 0.0459 0.0254 0.1505 0.7769 0.0015
2 0.0818 0.0311 0.2810 0.6045 0.0016
3 0.0887 0.0406 0.2998 0.5693 0.0017
4 0.0799 0.0477 0.2620 0.6089 0.0015
5 0.2037 0.2830 0.2496 0.2310 0.0327
6 0.1146 0.1542 0.4392 0.2388 0.0533
7 0.0609 0.6055 0.1875 0.0717 0.0746
8 0.0709 0.2512 0.1572 0.1927 0.3279
9 0.0441 0.4456 0.1042 0.1639 0.2422
10 0.0727 0.3577 0.1885 0.1538 0.2273
11 0.0233 0.4102 0.3000 0.2301 0.0364
12 0.0198 0.3049 0.2267 0.3979 0.0506
13 0.0289 0.2576 0.2964 0.3989 0.0184
14 0.0243 0.1897 0.4998 0.2761 0.0101
15 0.0193 0.2023 0.5762 0.1899 0.0123
16 0.0070 0.2500 0.6587 0.0787 0.0057
17 0.1237 0.2620 0.4185 0.1135 0.0824
18 0.0787 0.2314 0.3264 0.2971 0.0663
19 0.0412 0.0794 0.1210 0.7300 0.0283
20 0.0277 0.2976 0.4756 0.1300 0.0690
21 0.0914 0.3293 0.2410 0.1967 0.1416
22 0.0940 0.2764 0.1899 0.1959 0.2439
23 0.0749 0.2573 0.2654 0.1489 0.2534
24 0.0154 0.1616 0.1449 0.6392 0.0390
25 0.0098 0.1110 0.1110 0.7354 0.0328
26 0.0072 0.0268 0.1219 0.8203 0.0240
27 0.0828 0.2396 0.2286 0.2131 0.2358
28 0.0139 0.0961 0.2167 0.6675 0.0059
29 0.0067 0.3184 0.5854 0.0844 0.0050
30 0.0048 0.1561 0.7686 0.0641 0.0062
31 0.0206 0.1790 0.0907 0.4941 0.2158
32 0.0450 0.1215 0.6826 0.1454 0.0055
33 0.0467 0.2212 0.6504 0.0746 0.0072
34 0.0156 0.2837 0.6099 0.0893 0.0013
35 0.0433 0.3601 0.2676 0.3228 0.0061
36 0.0298 0.5889 0.2739 0.0656 0.0420
37 0.0560 0.2507 0.1724 0.3374 0.1835
38 0.0484 0.3154 0.1489 0.2739 0.2134
39 0.0464 0.3320 0.1300 0.3372 0.1544
40 0.0583 0.2019 0.1081 0.5845 0.0472
41 0.0578 0.0592 0.6118 0.2251 0.0461
42 0.0500 0.0584 0.7061 0.1730 0.0126
43 0.0369 0.4329 0.3560 0.1270 0.0474
44 0.0219 0.1672 0.7612 0.0475 0.0021
45 0.0072 0.2927 0.4062 0.2927 0.0014
46 0.4968 0.1002 0.0242 0.3579 0.0211
47 0.0812 0.1541 0.5952 0.1448 0.0248
48 0.0097 0.1128 0.7241 0.1471 0.0060
49 0.0109 0.3054 0.4514 0.2200 0.0122
50 0.0139 0.0820 0.3347 0.5605 0.0087
51 0.0151 0.1124 0.6421 0.2201 0.0105
52 0.1757 0.1743 0.3777 0.2419 0.0305
53 0.2334 0.1461 0.3503 0.1965 0.0735
54 0.0274 0.2463 0.1948 0.4976 0.0339
55 0.0565 0.1411 0.0519 0.2805 0.4700
56 0.0645 0.1738 0.0629 0.2339 0.4651
57 0.0041 0.3862 0.5444 0.0621 0.0031
58 0.0231 0.1417 0.2355 0.5918 0.0079
59 0.0093 0.0936 0.0521 0.8403 0.0047
60 0.1340 0.0880 0.0226 0.3423 0.4131
61 0.0592 0.2018 0.0348 0.6880 0.0163
62 0.0206 0.1572 0.0164 0.7988 0.0069
63 0.3213 0.1963 0.0125 0.1705 0.2993
64 0.0650 0.3149 0.1971 0.4109 0.0118
65 0.0236 0.4082 0.3179 0.1959 0.0544
66 0.0039 0.0325 0.0227 0.9355 0.0053
67 0.0198 0.3215 0.4607 0.1936 0.0043
68 0.0190 0.2581 0.6387 0.0711 0.0131
69 0.0107 0.2415 0.5527 0.1852 0.0100
70 0.0176 0.0396 0.8594 0.0740 0.0093
71 0.0883 0.1586 0.6470 0.0785 0.0278
72 0.1464 0.1442 0.2032 0.4727 0.0337
73 0.1237 0.0934 0.0355 0.6382 0.1092
74 0.1235 0.1512 0.1040 0.4111 0.2101
75 0.3125 0.1523 0.3770 0.1224 0.0359
76 0.4465 0.2263 0.2485 0.0497 0.0290
77 0.1274 0.0359 0.1490 0.6572 0.0303
78 0.1531 0.0701 0.2729 0.4790 0.0248
79 0.2465 0.0334 0.3369 0.2837 0.0996
80 0.1354 0.0565 0.2568 0.5190 0.0322
81 0.0894 0.1807 0.2247 0.4199 0.0853
82 0.0814 0.0866 0.5391 0.2318 0.0614
83 0.0456 0.0950 0.5386 0.2793 0.0415
84 0.1440 0.0649 0.4167 0.3245 0.0498
85 0.0268 0.2625 0.2583 0.4395 0.0132
86 0.0147 0.1724 0.2145 0.5923 0.0061
87 0.0678 0.0296 0.8521 0.0411 0.0092
88 0.0236 0.1718 0.6685 0.1074 0.0287
89 0.0388 0.1488 0.4304 0.3513 0.0307
90 0.0121 0.4258 0.4749 0.0734 0.0138
91 0.0342 0.1523 0.1168 0.6934 0.0034
92 0.0894 0.2607 0.2095 0.4006 0.0400
93 0.0147 0.1483 0.3240 0.5020 0.0113
94 0.2158 0.0292 0.5688 0.1604 0.0258
95 0.0279 0.2524 0.3674 0.3450 0.0073
96 0.0350 0.0629 0.1606 0.7090 0.0324
97 0.0765 0.2549 0.4954 0.1387 0.0345
98 0.0359 0.0882 0.0969 0.5156 0.2634
99 0.0526 0.0577 0.7607 0.1166 0.0125
100 0.2355 0.0814 0.5142 0.1241 0.0449
101 0.0259 0.4373 0.3149 0.2131 0.0087
102 0.0312 0.1263 0.6318 0.2019 0.0086
103 0.0027 0.0605 0.0457 0.8892 0.0021
104 0.0795 0.2095 0.4102 0.2864 0.0147
105 0.2905 0.0758 0.1847 0.3909 0.0581
106 0.0606 0.2068 0.3054 0.2915 0.1356
107 0.0128 0.1368 0.2327 0.4626 0.1550
108 0.0646 0.1626 0.5674 0.1871 0.0182
109 0.0714 0.1796 0.4883 0.2271 0.0338
110 0.1305 0.1411 0.6733 0.0411 0.0142
111 0.4641 0.1351 0.3291 0.0304 0.0412
112 0.0128 0.1572 0.4341 0.3892 0.0067
113 0.0043 0.4529 0.1360 0.4060 0.0009
114 0.0512 0.3420 0.2502 0.2278 0.1288
115 0.0226 0.1880 0.5972 0.1851 0.0071
116 0.0831 0.1603 0.2482 0.4783 0.0301
117 0.1266 0.1785 0.3440 0.2808 0.0699
118 0.0494 0.0256 0.6606 0.2469 0.0172
119 0.0423 0.0495 0.7505 0.1500 0.0078
120 0.0474 0.0497 0.6855 0.1996 0.0177
121 0.0289 0.0184 0.7349 0.2106 0.0074
122 0.0858 0.0474 0.7300 0.1249 0.0122
123 0.0412 0.0659 0.3618 0.5264 0.0044
124 0.0566 0.2203 0.4380 0.2382 0.0469
125 0.0990 0.0916 0.3564 0.4302 0.0228
126 0.0456 0.0525 0.7129 0.1831 0.0057
127 0.0770 0.1331 0.6655 0.1174 0.0070
128 0.0481 0.1992 0.4153 0.3337 0.0036
129 0.0514 0.0400 0.6260 0.2651 0.0176
130 0.1124 0.1334 0.4844 0.1810 0.0889
131 0.0492 0.0541 0.5859 0.2854 0.0253
132 0.0350 0.0464 0.6660 0.2412 0.0113
133 0.0265 0.0236 0.5127 0.4250 0.0123
134 0.1307 0.2559 0.2443 0.3286 0.0405
135 0.2988 0.1813 0.1677 0.2637 0.0884
136 0.0850 0.1009 0.0970 0.6841 0.0333
137 0.2245 0.0973 0.1299 0.4866 0.0619
138 0.1674 0.0869 0.1031 0.5620 0.0809
139 0.0897 0.2986 0.2456 0.0962 0.2698
140 0.1686 0.2472 0.3149 0.1420 0.1272
141 0.0845 0.1919 0.5728 0.1471 0.0038
142 0.0914 0.1461 0.7026 0.0537 0.0063
143 0.0750 0.1588 0.3157 0.4453 0.0053
144 0.0814 0.2062 0.4758 0.2355 0.0012
145 0.0950 0.2544 0.3423 0.1543 0.1543
146 0.1327 0.3552 0.4087 0.0786 0.0247
147 0.0214 0.2247 0.4399 0.1777 0.1362
148 0.0800 0.2812 0.3091 0.0695 0.2603
149 0.1226 0.4346 0.2656 0.0284 0.1489
150 0.1472 0.2352 0.3318 0.0393 0.2466
151 0.1259 0.5298 0.1154 0.0920 0.1371
152 0.1394 0.2505 0.4983 0.0550 0.0568
153 0.0589 0.2854 0.3960 0.1930 0.0667
154 0.0271 0.1080 0.3828 0.4690 0.0130
155 0.0120 0.1901 0.5249 0.2681 0.0053
156 0.0105 0.1478 0.6938 0.1455 0.0021
157 0.0131 0.1698 0.6411 0.1725 0.0035
158 0.0125 0.0637 0.3496 0.5674 0.0068
159 0.0142 0.2808 0.6133 0.0756 0.0162
160 0.0295 0.2130 0.2303 0.4370 0.0902
161 0.0264 0.1765 0.2610 0.4578 0.0783
162 0.0246 0.2461 0.2876 0.3110 0.1307
163 0.0348 0.2285 0.2844 0.3594 0.0930
164 0.0316 0.2935 0.3767 0.2712 0.0271
165 0.1293 0.3596 0.2673 0.0714 0.1725
166 0.1777 0.3823 0.2195 0.0400 0.1805
167 0.1038 0.2864 0.3098 0.0735 0.2266
168 0.1152 0.5122 0.2917 0.0434 0.0377
169 0.1752 0.3123 0.3650 0.0629 0.0847
170 0.1589 0.2073 0.2500 0.0870 0.2969
171 0.1049 0.5415 0.2188 0.0863 0.0488
172 0.0980 0.4390 0.1705 0.0684 0.2242
173 0.1006 0.6304 0.1301 0.0450 0.0938
174 0.1376 0.5610 0.1186 0.0305 0.1522
175 0.0555 0.5693 0.1848 0.0373 0.1532
176 0.1146 0.5596 0.1371 0.0638 0.1249
177 0.0742 0.5483 0.1659 0.1322 0.0796
178 0.0605 0.5742 0.1985 0.0578 0.1088
179 0.1315 0.3127 0.2554 0.1549 0.1455
180 0.0884 0.4890 0.2136 0.0657 0.1434
181 0.0608 0.5996 0.1746 0.0589 0.1059
182 0.0583 0.5493 0.1649 0.0842 0.1433
183 0.1274 0.3547 0.2308 0.0817 0.2053
184 0.0805 0.5127 0.2205 0.0558 0.1306
185 0.0978 0.5581 0.2102 0.0322 0.1016
186 0.0988 0.5176 0.2091 0.0701 0.1044
187 0.1655 0.3911 0.2335 0.1004 0.1094
188 0.0801 0.6304 0.1353 0.0209 0.1332
189 0.1322 0.4685 0.1953 0.0342 0.1697
190 0.1709 0.4165 0.2128 0.0501 0.1497
191 0.1914 0.4414 0.1959 0.0476 0.1235
192 0.0097 0.0126 0.0798 0.8857 0.0121
193 0.0322 0.1625 0.2852 0.4346 0.0856
194 0.0525 0.4163 0.1351 0.1230 0.2729
195 0.0707 0.2428 0.1696 0.0974 0.4197
196 0.0566 0.1639 0.2137 0.5459 0.0199
197 0.0638 0.2316 0.4001 0.2927 0.0119
198 0.0437 0.1637 0.1688 0.1116 0.5122
199 0.0982 0.2411 0.1619 0.1395 0.3591
200 0.0854 0.1511 0.3301 0.4175 0.0158
201 0.0792 0.3960 0.2942 0.1456 0.0850
202 0.0426 0.1321 0.5391 0.2842 0.0020
203 0.0504 0.0445 0.1208 0.0668 0.7178
204 0.0299 0.0559 0.0789 0.0390 0.7964
205 0.0744 0.2617 0.4739 0.1799 0.0101
206 0.1389 0.2476 0.1884 0.2101 0.2151
207 0.0916 0.3374 0.2588 0.0908 0.2213
208 0.0601 0.2493 0.3005 0.1205 0.2695
209 0.0998 0.1451 0.2932 0.2754 0.1864
210 0.0254 0.0139 0.1630 0.7651 0.0326
211 0.0193 0.1427 0.6919 0.1240 0.0222
212 0.0263 0.1106 0.5112 0.3459 0.0059
213 0.0466 0.1899 0.2898 0.0651 0.4084
214 0.0497 0.3093 0.1461 0.0782 0.4165
215 0.0363 0.1996 0.1733 0.0812 0.5098
216 0.0310 0.1025 0.1390 0.0536 0.6738
217 0.0323 0.0415 0.3022 0.6201 0.0040
218 0.0158 0.1583 0.3511 0.4727 0.0022
219 0.0148 0.1256 0.6084 0.2498 0.0012
220 0.0337 0.0895 0.2181 0.6216 0.0370
221 0.0867 0.1429 0.2129 0.4041 0.1533
222 0.0419 0.1486 0.4795 0.2690 0.0610
223 0.0100 0.0405 0.2903 0.6543 0.0050
224 0.0316 0.1202 0.3118 0.2045 0.3318
225 0.0401 0.1134 0.2119 0.3494 0.2852
226 0.0260 0.0812 0.2747 0.6001 0.0181
227 0.0812 0.0728 0.2664 0.5728 0.0066
228 0.0513 0.3140 0.2297 0.2175 0.1875
229 0.1257 0.1732 0.3364 0.0722 0.2922
230 0.0177 0.4634 0.4634 0.0520 0.0035
231 0.0995 0.2350 0.2350 0.1918 0.2386
232 0.0451 0.1083 0.4282 0.3440 0.0744
233 0.0798 0.1599 0.2942 0.3035 0.1625
234 0.0331 0.0504 0.2173 0.6904 0.0087
235 0.2003 0.0454 0.0992 0.5933 0.0616
236 0.1153 0.1296 0.6533 0.0941 0.0077
237 0.1375 0.0518 0.2266 0.5518 0.0324
238 0.0183 0.0433 0.0834 0.8037 0.0514
239 0.0399 0.0622 0.4026 0.4492 0.0462
240 0.0060 0.1779 0.6924 0.1222 0.0016
241 0.0476 0.1072 0.1913 0.6270 0.0269
242 0.0632 0.1414 0.5088 0.2725 0.0143
243 0.0229 0.2045 0.4067 0.3533 0.0124
244 0.0378 0.0813 0.2141 0.6597 0.0071
245 0.0316 0.2908 0.5352 0.1037 0.0388
246 0.1079 0.2693 0.2048 0.0530 0.3650
247 0.2993 0.2368 0.1680 0.0274 0.2683
248 0.1214 0.3101 0.1711 0.0322 0.3652
249 0.1766 0.4202 0.2214 0.0258 0.1559
250 0.1171 0.3931 0.2539 0.0238 0.2120
251 0.1024 0.3435 0.2399 0.0855 0.2289
252 0.0573 0.6118 0.2756 0.0143 0.0410
253 0.1094 0.2708 0.3318 0.1495 0.1383
254 0.2306 0.3127 0.3572 0.0676 0.0320
255 0.2271 0.3862 0.3252 0.0480 0.0136
256 0.1104 0.3425 0.2144 0.1045 0.2281
257 0.0718 0.2754 0.3296 0.3193 0.0037
258 0.0786 0.2136 0.5454 0.1562 0.0059
259 0.0594 0.2426 0.1720 0.5054 0.0207
260 0.0723 0.2727 0.3264 0.3213 0.0073
261 0.0727 0.4929 0.3059 0.1237 0.0048
262 0.0853 0.3884 0.0982 0.0573 0.3706
263 0.1385 0.4758 0.3074 0.0228 0.0555
264 0.1088 0.4202 0.3428 0.0125 0.1158
265 0.0852 0.6299 0.2466 0.0221 0.0163
266 0.2325 0.3806 0.2457 0.0322 0.1090
267 0.1847 0.5601 0.1605 0.0108 0.0839
268 0.2732 0.2300 0.3821 0.0281 0.0866
269 0.0457 0.2430 0.3071 0.2710 0.1332
270 0.0241 0.1355 0.4805 0.2654 0.0946
271 0.0480 0.2253 0.3330 0.3081 0.0855
272 0.0103 0.0691 0.5874 0.3245 0.0086
273 0.0297 0.0845 0.6011 0.2666 0.0183
274 0.0117 0.1339 0.5137 0.3367 0.0042
275 0.0260 0.1403 0.6094 0.1802 0.0442
276 0.0191 0.2441 0.2223 0.4932 0.0213
277 0.0136 0.1941 0.6880 0.0991 0.0050
278 0.0426 0.1560 0.6724 0.1141 0.0150
279 0.0295 0.1095 0.6401 0.2178 0.0032
280 0.0562 0.1627 0.3667 0.3904 0.0240
281 0.0239 0.0367 0.2913 0.6362 0.0116
282 0.0278 0.1040 0.4590 0.3987 0.0105
283 0.0222 0.1296 0.4387 0.3811 0.0283
284 0.0229 0.1691 0.5586 0.2311 0.0182
285 0.0133 0.2419 0.6787 0.0602 0.0058
286 0.0202 0.1294 0.3154 0.5117 0.0232
287 0.0250 0.1848 0.4229 0.3506 0.0167
288 0.0086 0.2188 0.5762 0.1930 0.0033
289 0.0072 0.1848 0.3096 0.4946 0.0038
290 0.0037 0.1421 0.6367 0.2003 0.0171
291 0.0101 0.2805 0.3896 0.3035 0.0162
292 0.0223 0.5884 0.1293 0.1766 0.0834
293 0.0778 0.3225 0.4077 0.1366 0.0552
294 0.0306 0.0341 0.2074 0.7236 0.0041
295 0.0202 0.1009 0.4382 0.4248 0.0157
296 0.0384 0.1788 0.4426 0.3237 0.0164
297 0.0172 0.2029 0.5020 0.2485 0.0294
298 0.0343 0.1914 0.3154 0.2874 0.1715
299 0.0136 0.3508 0.4646 0.1532 0.0177
300 0.0423 0.0726 0.6270 0.2494 0.0085
301 0.0111 0.2893 0.1151 0.5664 0.0181
302 0.0339 0.2527 0.4575 0.2266 0.0293
303 0.0136 0.1678 0.2156 0.5859 0.0169
304 0.0250 0.1349 0.5420 0.2900 0.0080
305 0.0264 0.1780 0.7261 0.0654 0.0041
306 0.0514 0.3350 0.4951 0.1140 0.0044
307 0.0410 0.1609 0.4172 0.3516 0.0293
308 0.0202 0.4006 0.3320 0.2355 0.0117
309 0.0053 0.3323 0.3887 0.2712 0.0025
310 0.0052 0.3301 0.3569 0.3005 0.0071
311 0.0225 0.2172 0.5811 0.1277 0.0516
312 0.0196 0.2996 0.6050 0.0701 0.0056
313 0.0210 0.4426 0.3188 0.1964 0.0210
314 0.0253 0.0941 0.7173 0.1434 0.0199
315 0.0101 0.5498 0.1960 0.1785 0.0657
316 0.0426 0.0337 0.2301 0.6763 0.0172
317 0.0339 0.3320 0.3533 0.2144 0.0664
318 0.0839 0.2029 0.4717 0.2372 0.0045
319 0.0936 0.4160 0.3701 0.0396 0.0807
320 0.1378 0.4485 0.2742 0.0287 0.1108
321 0.0612 0.6895 0.1467 0.0065 0.0963
322 0.0703 0.5239 0.2761 0.0157 0.1141
323 0.0898 0.5249 0.2764 0.0121 0.0970
324 0.0894 0.5869 0.1997 0.0250 0.0989
325 0.0349 0.6138 0.3135 0.0108 0.0268
326 0.0873 0.5269 0.3508 0.0075 0.0275
327 0.1320 0.4939 0.2209 0.0529 0.1003
328 0.0778 0.5439 0.2568 0.0506 0.0708
329 0.0681 0.5396 0.3540 0.0057 0.0327
330 0.1208 0.5371 0.2070 0.0190 0.1161
331 0.1250 0.4099 0.2264 0.0242 0.2144
332 0.1049 0.5537 0.1959 0.0141 0.1315
333 0.1910 0.3540 0.1132 0.0142 0.3274
334 0.0341 0.4065 0.4001 0.1249 0.0344
335 0.0253 0.5112 0.2198 0.2002 0.0436
336 0.0139 0.6719 0.2434 0.0569 0.0138
337 0.0245 0.3323 0.3594 0.2510 0.0329
338 0.0124 0.2404 0.2854 0.4421 0.0196
339 0.0261 0.3013 0.2808 0.3157 0.0762
340 0.0171 0.2957 0.1451 0.4299 0.1122
341 0.0197 0.1248 0.2642 0.5864 0.0050
342 0.0307 0.2761 0.4414 0.2476 0.0040
343 0.0662 0.4119 0.4739 0.0225 0.0255
344 0.0814 0.4575 0.3677 0.0501 0.0432
345 0.0800 0.6240 0.1774 0.0210 0.0979
346 0.0954 0.6416 0.1838 0.0156 0.0635
347 0.0633 0.5059 0.1077 0.0485 0.2749
348 0.0096 0.1639 0.0877 0.7119 0.0268
349 0.0071 0.5474 0.2732 0.1395 0.0326
350 0.0091 0.3823 0.2046 0.3323 0.0718
351 0.0082 0.2120 0.1550 0.5674 0.0575
352 0.0067 0.0877 0.3994 0.5049 0.0016
353 0.0048 0.0988 0.5771 0.3188 0.0004
354 0.0575 0.1562 0.3867 0.3689 0.0308
355 0.0342 0.7427 0.1509 0.0691 0.0034
356 0.1960 0.1327 0.3181 0.2942 0.0589
357 0.0787 0.1565 0.3262 0.4060 0.0328
358 0.0190 0.4866 0.3560 0.1361 0.0024
359 0.1440 0.3567 0.3738 0.1071 0.0185
360 0.0752 0.2686 0.0517 0.5869 0.0177
361 0.1165 0.1061 0.2930 0.3879 0.0966
362 0.1486 0.1311 0.1581 0.4722 0.0901
363 0.1466 0.1107 0.1443 0.5532 0.0454
364 0.1431 0.2715 0.2050 0.3325 0.0479
365 0.2161 0.0460 0.1631 0.5347 0.0400
366 0.0582 0.0860 0.5107 0.3296 0.0157
367 0.2046 0.2842 0.2468 0.2318 0.0326
368 0.0328 0.0885 0.8330 0.0274 0.0184
369 0.0254 0.2754 0.6304 0.0615 0.0072
370 0.0676 0.2693 0.3247 0.1186 0.2197
371 0.0610 0.2935 0.3767 0.0490 0.2197
372 0.0654 0.1497 0.3071 0.4133 0.0644
373 0.0422 0.1251 0.7783 0.0413 0.0130
374 0.0246 0.1632 0.3884 0.4070 0.0167
375 0.0843 0.2328 0.3606 0.2222 0.1002
376 0.0162 0.4695 0.3228 0.1897 0.0018
377 0.1541 0.2207 0.3262 0.2462 0.0528
378 0.0941 0.3391 0.4285 0.0477 0.0905
379 0.0250 0.2351 0.4031 0.2158 0.1210
380 0.0160 0.1013 0.2627 0.5923 0.0279
381 0.0337 0.1465 0.3101 0.4878 0.0221
382 0.0344 0.2225 0.5771 0.1482 0.0178
383 0.0268 0.1949 0.3267 0.1094 0.3423
384 0.0135 0.2852 0.2720 0.3438 0.0856
385 0.0286 0.3347 0.4299 0.1710 0.0358
386 0.0762 0.1614 0.2384 0.4453 0.0786
387 0.0652 0.2136 0.6479 0.0575 0.0158
388 0.0312 0.1943 0.5713 0.1855 0.0175
389 0.0218 0.1107 0.8569 0.0034 0.0072
390 0.0093 0.4312 0.3926 0.1561 0.0110
391 0.0213 0.3015 0.4780 0.1719 0.0272
392 0.0213 0.2020 0.3716 0.3774 0.0278
393 0.0334 0.3406 0.6021 0.0179 0.0059
394 0.0237 0.4167 0.3977 0.1606 0.0011
395 0.0320 0.2703 0.6484 0.0355 0.0140
396 0.1603 0.1719 0.4783 0.0618 0.1277
397 0.0304 0.2062 0.5347 0.0846 0.1439
398 0.0077 0.4905 0.4194 0.0801 0.0022
399 0.0405 0.0851 0.7412 0.0279 0.1052
400 0.0202 0.1300 0.2546 0.5474 0.0478
401 0.0662 0.2830 0.4419 0.0289 0.1799
402 0.0338 0.1434 0.7227 0.0211 0.0792
403 0.0057 0.4902 0.3164 0.1860 0.0017
404 0.0044 0.4639 0.4094 0.1210 0.0014
405 0.0086 0.4658 0.4307 0.0917 0.0032
406 0.0098 0.1855 0.5283 0.2659 0.0104
407 0.0063 0.4626 0.4626 0.0656 0.0028
408 0.0491 0.1378 0.2874 0.5122 0.0138
409 0.0051 0.4065 0.4905 0.0966 0.0014
410 0.0084 0.4985 0.4333 0.0547 0.0051
411 0.0490 0.2246 0.5386 0.1776 0.0100
412 0.0084 0.1548 0.6831 0.1525 0.0013
413 0.0073 0.3982 0.5444 0.0457 0.0046
414 0.0107 0.2426 0.6699 0.0734 0.0037
415 0.0046 0.1149 0.2471 0.6309 0.0027
416 0.0622 0.1390 0.4814 0.2498 0.0677
417 0.0521 0.2817 0.5781 0.0577 0.0306
418 0.0156 0.1320 0.8081 0.0428 0.0016
419 0.1074 0.5542 0.0178 0.2808 0.0398
420 0.0442 0.2013 0.5918 0.1543 0.0086
421 0.1848 0.1271 0.4231 0.2161 0.0490
422 0.0836 0.0767 0.4451 0.2874 0.1074
423 0.1160 0.2068 0.1702 0.3745 0.1324
424 0.0082 0.0562 0.0519 0.8647 0.0191
425 0.0121 0.0528 0.0884 0.8003 0.0466
426 0.1453 0.1233 0.4106 0.2549 0.0660
427 0.0522 0.2302 0.4651 0.2339 0.0188
428 0.0275 0.2080 0.5312 0.2032 0.0300
429 0.1050 0.3137 0.4321 0.0920 0.0571
430 0.1576 0.1901 0.5088 0.1306 0.0130
431 0.0651 0.0977 0.0823 0.5986 0.1561
432 0.0480 0.1082 0.7573 0.0672 0.0194
433 0.1038 0.4797 0.0747 0.1510 0.1908
434 0.0879 0.3503 0.1519 0.3789 0.0311
435 0.0511 0.0303 0.0407 0.8574 0.0206
436 0.1454 0.1454 0.0635 0.6216 0.0241
437 0.0974 0.0595 0.4197 0.4131 0.0103
438 0.0454 0.6416 0.2269 0.0487 0.0374
439 0.1150 0.2847 0.2632 0.2981 0.0391
440 0.0405 0.0467 0.0572 0.7075 0.1483
441 0.1152 0.2401 0.1960 0.3335 0.1152
442 0.0769 0.3997 0.3018 0.0470 0.1747
443 0.0145 0.3281 0.2401 0.1276 0.2896
444 0.0250 0.0281 0.0015 0.9375 0.0078
445 0.0267 0.0153 0.0008 0.9478 0.0095
446 0.0185 0.0194 0.0012 0.9561 0.0046
447 0.0211 0.1752 0.3650 0.4009 0.0379
448 0.0113 0.1993 0.2854 0.4780 0.0257
449 0.0159 0.2712 0.3708 0.2671 0.0748
450 0.1642 0.0893 0.2245 0.4194 0.1028
451 0.2805 0.1082 0.1411 0.3958 0.0743
452 0.7134 0.1129 0.1405 0.0192 0.0140
453 0.7163 0.1116 0.1389 0.0191 0.0141
454 0.7217 0.1107 0.1356 0.0182 0.0137
455 0.7197 0.1104 0.1373 0.0186 0.0138
456 0.2037 0.2830 0.2496 0.2310 0.0327
