time exciting_prob fearful_prob tense_prob sad_prob relaxing_prob
0 0.1238 0.0751 0.2073 0.3015 0.2922
1 0.0587 0.0487 0.0803 0.2286 0.5840
2 0.1113 0.1969 0.2756 0.3538 0.0624
3 0.1996 0.0914 0.0328 0.2666 0.4097
4 0.0977 0.1335 0.0427 0.2184 0.5078
5 0.0789 0.2129 0.1879 0.0406 0.4797
6 0.0257 0.1774 0.3364 0.2791 0.1815
7 0.1089 0.1754 0.3713 0.0552 0.2891
8 0.2152 0.1885 0.2421 0.0905 0.2637
9 0.1206 0.0816 0.3032 0.0897 0.4048
10 0.0459 0.4321 0.2925 0.0408 0.1887
11 0.0211 0.1532 0.0952 0.0221 0.7085
12 0.0963 0.1033 0.0434 0.4558 0.3013
13 0.2269 0.2454 0.1660 0.1006 0.2612
14 0.2136 0.1930 0.1074 0.0580 0.4282
15 0.1489 0.3713 0.1537 0.2494 0.0767
16 0.0844 0.3750 0.1960 0.3208 0.0238
17 0.1624 0.5410 0.0779 0.1974 0.0215
18 0.0090 0.0801 0.2546 0.5918 0.0644
19 0.4070 0.1545 0.3765 0.0436 0.0183
20 0.2317 0.1721 0.3821 0.1472 0.0669
21 0.1081 0.1388 0.0842 0.1410 0.5278
22 0.2122 0.1705 0.0699 0.1050 0.4424
23 0.0119 0.0513 0.0680 0.8413 0.0277
24 0.1774 0.4189 0.2462 0.1172 0.0402
25 0.1345 0.5615 0.1523 0.1039 0.0476
26 0.0368 0.2988 0.1638 0.1285 0.3721
27 0.0499 0.3657 0.1622 0.0842 0.3381
28 0.2373 0.1848 0.0370 0.1147 0.4263
29 0.1919 0.5342 0.1201 0.0328 0.1210
30 0.0737 0.5034 0.1443 0.1796 0.0991
31 0.0506 0.3513 0.1398 0.4304 0.0277
32 0.1065 0.3438 0.1444 0.0187 0.3865
33 0.2050 0.2913 0.0999 0.1031 0.3005
34 0.2178 0.2585 0.1863 0.1792 0.1581
35 0.0851 0.2727 0.2793 0.3342 0.0287
36 0.0265 0.2827 0.0862 0.5449 0.0597
37 0.0428 0.3418 0.1027 0.3936 0.1191
38 0.0412 0.1531 0.0685 0.0066 0.7305
39 0.1504 0.3931 0.1100 0.0477 0.2991
40 0.1228 0.4121 0.1504 0.2832 0.0313
41 0.0580 0.3579 0.0956 0.1190 0.3694
42 0.0513 0.1921 0.1819 0.2045 0.3704
43 0.0812 0.6440 0.0825 0.1680 0.0244
44 0.0440 0.7500 0.1081 0.0797 0.0181
45 0.0523 0.4927 0.3806 0.0282 0.0462
46 0.0115 0.0241 0.0210 0.9048 0.0385
47 0.0197 0.0520 0.0303 0.8398 0.0580
48 0.0287 0.3811 0.2661 0.3062 0.0181
49 0.1223 0.0853 0.6714 0.1096 0.0117
50 0.0690 0.2261 0.3340 0.3447 0.0262
51 0.0238 0.0331 0.1626 0.7637 0.0166
52 0.0384 0.2013 0.2627 0.4829 0.0146
53 0.1328 0.3933 0.1010 0.2500 0.1228
54 0.0577 0.1998 0.3853 0.1509 0.2062
55 0.1356 0.1913 0.2896 0.0398 0.3438
56 0.2046 0.2886 0.2507 0.0224 0.2336
57 0.2369 0.2012 0.0942 0.1361 0.3315
58 0.2517 0.3931 0.1976 0.1368 0.0207
59 0.0489 0.1329 0.2905 0.5098 0.0180
60 0.0860 0.5435 0.0923 0.0134 0.2649
61 0.1044 0.7026 0.0789 0.0226 0.0914
62 0.1993 0.1553 0.3904 0.1425 0.1127
63 0.0583 0.7686 0.1116 0.0221 0.0395
64 0.1733 0.0980 0.1591 0.1164 0.4531
65 0.0566 0.4890 0.3579 0.0500 0.0466
66 0.1030 0.2866 0.2822 0.2778 0.0502
67 0.0288 0.2673 0.1780 0.4954 0.0305
68 0.0772 0.4878 0.1409 0.2286 0.0655
69 0.1827 0.4150 0.0234 0.3083 0.0704
70 0.0471 0.1761 0.0369 0.0264 0.7134
71 0.0217 0.2837 0.1164 0.5298 0.0485
72 0.0857 0.5293 0.1858 0.1470 0.0524
73 0.0706 0.5137 0.2426 0.1361 0.0372
74 0.2063 0.0551 0.0114 0.5225 0.2047
75 0.1754 0.2654 0.0175 0.3489 0.1927
76 0.2244 0.1111 0.0648 0.4678 0.1320
77 0.1825 0.4146 0.1265 0.2150 0.0616
78 0.0221 0.0867 0.1311 0.7197 0.0403
79 0.0299 0.0723 0.1483 0.7134 0.0363
80 0.1187 0.0284 0.0588 0.6318 0.1622
81 0.1501 0.4111 0.1825 0.1912 0.0651
82 0.3513 0.1442 0.1836 0.2130 0.1080
83 0.1650 0.3870 0.3362 0.0856 0.0263
84 0.0862 0.6084 0.1179 0.0315 0.1562
85 0.0700 0.7891 0.0405 0.0219 0.0787
86 0.0151 0.3259 0.0811 0.4854 0.0927
87 0.0232 0.6665 0.1954 0.0429 0.0719
88 0.0717 0.4126 0.3115 0.1694 0.0347
89 0.0341 0.6543 0.2771 0.0299 0.0048
90 0.0172 0.6753 0.2262 0.0770 0.0046
91 0.3015 0.2944 0.2087 0.0627 0.1327
92 0.4856 0.2104 0.1058 0.1026 0.0956
93 0.0177 0.3760 0.3423 0.2280 0.0361
94 0.0412 0.6348 0.1681 0.1174 0.0387
95 0.1240 0.3940 0.3069 0.0183 0.1567
96 0.1476 0.0650 0.1781 0.2018 0.4075
97 0.1737 0.0502 0.1509 0.3296 0.2954
98 0.0677 0.0589 0.2365 0.5415 0.0956
99 0.0222 0.1163 0.0262 0.6001 0.2351
100 0.0084 0.0603 0.0251 0.7822 0.1238
101 0.0209 0.0931 0.0376 0.8042 0.0443
102 0.0670 0.1923 0.1121 0.4365 0.1923
103 0.0438 0.1589 0.2661 0.0857 0.4456
104 0.0526 0.0802 0.2250 0.1431 0.4993
105 0.0760 0.1868 0.0527 0.3716 0.3130
106 0.0393 0.3821 0.1531 0.1630 0.2625
107 0.0993 0.5625 0.0970 0.0693 0.1716
108 0.1342 0.1362 0.0789 0.4099 0.2410
109 0.1284 0.3032 0.1000 0.3008 0.1675
110 0.0812 0.0349 0.1541 0.1011 0.6289
111 0.0857 0.1412 0.3840 0.3550 0.0341
112 0.0223 0.0923 0.0923 0.4761 0.3171
113 0.0133 0.0682 0.0611 0.6523 0.2052
114 0.0115 0.0211 0.0113 0.9028 0.0534
115 0.0240 0.1484 0.0306 0.6553 0.1417
116 0.1334 0.1072 0.1465 0.0895 0.5234
117 0.1052 0.2334 0.1361 0.2209 0.3044
118 0.0994 0.1277 0.0485 0.0452 0.6792
119 0.0809 0.1097 0.0610 0.0551 0.6934
120 0.1415 0.2075 0.2542 0.1219 0.2749
121 0.0911 0.2220 0.1929 0.2576 0.2363
122 0.0221 0.0149 0.0181 0.8701 0.0748
123 0.0501 0.2908 0.0573 0.1722 0.4297
124 0.0202 0.5649 0.0936 0.1231 0.1982
125 0.1577 0.1577 0.2993 0.1172 0.2683
126 0.1262 0.1204 0.0945 0.3679 0.2910
127 0.0515 0.4814 0.2617 0.0617 0.1434
128 0.0260 0.0787 0.0806 0.1859 0.6289
129 0.0109 0.0385 0.0547 0.4304 0.4653
130 0.0768 0.4595 0.1208 0.1135 0.2292
131 0.1466 0.3008 0.1224 0.1388 0.2915
132 0.0429 0.2610 0.0771 0.2756 0.3430
133 0.0220 0.1249 0.1120 0.5688 0.1721
134 0.0290 0.3245 0.1998 0.1820 0.2646
135 0.1222 0.0334 0.1113 0.4399 0.2932
136 0.1082 0.2053 0.2021 0.1991 0.2852
137 0.0287 0.0431 0.0580 0.4858 0.3843
138 0.0355 0.0375 0.0475 0.3193 0.5601
139 0.0096 0.1250 0.0266 0.8027 0.0358
140 0.0577 0.1310 0.2126 0.1555 0.4431
141 0.0785 0.1561 0.1188 0.1840 0.4626
142 0.0348 0.2147 0.0340 0.2510 0.4653
143 0.0995 0.2108 0.1060 0.0936 0.4900
144 0.0612 0.4219 0.1481 0.2479 0.1208
145 0.1132 0.3799 0.1880 0.0620 0.2571
146 0.0375 0.0659 0.0735 0.2449 0.5781
147 0.0586 0.2544 0.4128 0.2013 0.0729
148 0.1331 0.4263 0.1028 0.0989 0.2390
149 0.1526 0.2169 0.0773 0.1785 0.3748
150 0.0777 0.1451 0.0353 0.3535 0.3884
151 0.0229 0.1520 0.0813 0.4644 0.2795
152 0.0285 0.2159 0.1300 0.2666 0.3589
153 0.1030 0.2651 0.3005 0.0596 0.2715
154 0.1311 0.5264 0.1104 0.1070 0.1251
155 0.0107 0.0228 0.0089 0.0172 0.9404
156 0.0131 0.0266 0.0202 0.0261 0.9141
157 0.0075 0.0692 0.0117 0.8975 0.0143
158 0.0171 0.4167 0.2162 0.2734 0.0765
159 0.1002 0.0942 0.1528 0.5859 0.0668
160 0.1740 0.3486 0.0790 0.0388 0.3596
161 0.0427 0.4023 0.0891 0.1083 0.3577
162 0.0790 0.4548 0.0822 0.0687 0.3152
163 0.0448 0.2186 0.0448 0.2988 0.3928
164 0.0732 0.2478 0.0870 0.4382 0.1538
165 0.0710 0.0431 0.1600 0.6431 0.0830
166 0.0115 0.0454 0.0210 0.3687 0.5532
167 0.0122 0.0541 0.0408 0.3113 0.5815
168 0.0116 0.0859 0.1417 0.3242 0.4365
169 0.1116 0.3279 0.0849 0.0511 0.4246
170 0.2771 0.3938 0.0886 0.0349 0.2058
171 0.0779 0.0519 0.0184 0.3279 0.5239
172 0.0672 0.0593 0.0261 0.2805 0.5669
173 0.0434 0.3865 0.0330 0.1742 0.3630
174 0.0509 0.2585 0.0416 0.0753 0.5737
175 0.0137 0.0640 0.0760 0.5659 0.2803
176 0.0130 0.1125 0.0661 0.5405 0.2676
177 0.1179 0.2942 0.1929 0.1676 0.2273
178 0.0823 0.1116 0.7168 0.0656 0.0238
179 0.0425 0.4868 0.3093 0.0712 0.0900
180 0.0793 0.0618 0.1003 0.7183 0.0405
181 0.0413 0.2532 0.3354 0.3406 0.0295
182 0.2275 0.2766 0.1564 0.1652 0.1744
183 0.1615 0.4563 0.1858 0.0504 0.1459
184 0.0788 0.1146 0.2108 0.4463 0.1495
185 0.0484 0.4312 0.3926 0.0897 0.0383
186 0.0272 0.3044 0.3789 0.2603 0.0292
187 0.0512 0.5254 0.1680 0.2260 0.0294
188 0.0743 0.1188 0.1245 0.6030 0.0791
189 0.0734 0.0942 0.0689 0.1493 0.6143
190 0.0460 0.0747 0.2338 0.5352 0.1104
191 0.1008 0.2238 0.4451 0.2006 0.0298
192 0.3098 0.0821 0.3511 0.1140 0.1429
193 0.0271 0.0869 0.3435 0.4409 0.1015
194 0.0660 0.1071 0.1213 0.1223 0.5835
195 0.0671 0.5078 0.1324 0.0829 0.2100
196 0.1193 0.5430 0.1484 0.1791 0.0099
197 0.1431 0.0552 0.0803 0.7046 0.0170
198 0.0669 0.1847 0.2905 0.3789 0.0788
199 0.1456 0.3777 0.2722 0.0883 0.1161
200 0.0599 0.3936 0.3936 0.0580 0.0950
201 0.0786 0.4451 0.2365 0.2239 0.0160
202 0.0297 0.0350 0.0153 0.0169 0.9028
203 0.0349 0.1110 0.0369 0.1733 0.6440
204 0.1041 0.6328 0.1091 0.1083 0.0455
205 0.2472 0.2002 0.1740 0.2959 0.0828
206 0.1498 0.5107 0.1851 0.1149 0.0394
207 0.0682 0.4592 0.0883 0.3494 0.0349
208 0.0458 0.1702 0.2400 0.4773 0.0667
209 0.1068 0.4639 0.2925 0.0800 0.0567
210 0.1066 0.5811 0.2137 0.0774 0.0213
211 0.0408 0.0948 0.3416 0.1359 0.3870
212 0.0795 0.1497 0.3762 0.2391 0.1556
213 0.0503 0.1783 0.3254 0.3835 0.0621
214 0.0642 0.1136 0.0549 0.7642 0.0031
215 0.0820 0.2886 0.2646 0.1311 0.2336
216 0.2152 0.3257 0.1445 0.0836 0.2310
217 0.0987 0.0711 0.5859 0.1154 0.1288
218 0.0676 0.1711 0.3147 0.3979 0.0486
219 0.0721 0.5044 0.3108 0.0926 0.0202
220 0.0651 0.5625 0.1549 0.1235 0.0940
221 0.0643 0.3044 0.1405 0.4429 0.0478
222 0.0336 0.2177 0.4004 0.3118 0.0367
223 0.4048 0.1142 0.1714 0.0640 0.2455
224 0.1053 0.3401 0.3245 0.0930 0.1373
225 0.0443 0.3298 0.3887 0.1533 0.0840
226 0.0534 0.0967 0.3594 0.4543 0.0361
227 0.0498 0.3120 0.3145 0.2712 0.0526
228 0.1025 0.4053 0.1091 0.3521 0.0310
229 0.0579 0.4924 0.1702 0.2362 0.0434
230 0.1238 0.4026 0.0647 0.3499 0.0589
231 0.2052 0.3518 0.2399 0.1254 0.0779
232 0.0505 0.5391 0.3479 0.0538 0.0086
233 0.0961 0.4409 0.3542 0.0869 0.0218
234 0.1260 0.4646 0.2195 0.0887 0.1013
235 0.0586 0.6396 0.1156 0.0833 0.1028
236 0.0984 0.2474 0.2474 0.3923 0.0144
237 0.2111 0.5024 0.2145 0.0505 0.0214
238 0.0450 0.4202 0.3679 0.1545 0.0125
239 0.1464 0.3826 0.3948 0.0522 0.0239
240 0.1249 0.4788 0.3018 0.0806 0.0140
241 0.0667 0.5537 0.1389 0.1073 0.1335
242 0.1687 0.2825 0.1796 0.1882 0.1810
243 0.0763 0.2462 0.1693 0.4290 0.0793
