time exciting_prob fearful_prob tense_prob sad_prob relaxing_prob
0 0.2125 0.0659 0.1935 0.4160 0.1120
1 0.0919 0.4700 0.1625 0.2086 0.0672
2 0.1090 0.1586 0.1467 0.5122 0.0737
3 0.1484 0.4294 0.1012 0.2045 0.1165
4 0.0758 0.2408 0.1416 0.4944 0.0474
5 0.0307 0.4878 0.3005 0.1686 0.0125
6 0.0576 0.3694 0.5459 0.0259 0.0010
7 0.0276 0.4458 0.4976 0.0258 0.0032
8 0.0338 0.6230 0.3037 0.0383 0.0009
9 0.0671 0.5620 0.2494 0.1178 0.0035
10 0.0657 0.1719 0.7236 0.0369 0.0016
11 0.0225 0.3491 0.5664 0.0583 0.0035
12 0.0795 0.2690 0.5352 0.1071 0.0091
13 0.0116 0.4727 0.4370 0.0771 0.0017
14 0.0525 0.1350 0.0618 0.7188 0.0321
15 0.0573 0.3979 0.4041 0.1252 0.0154
16 0.0703 0.4409 0.0889 0.3892 0.0109
17 0.1265 0.2256 0.1479 0.4556 0.0444
18 0.0363 0.4023 0.1600 0.3962 0.0051
19 0.0284 0.6030 0.2084 0.1525 0.0077
20 0.0216 0.6606 0.1893 0.1241 0.0040
21 0.0150 0.0635 0.0596 0.8491 0.0130
22 0.0277 0.1560 0.6987 0.1132 0.0042
23 0.1311 0.2908 0.5264 0.0432 0.0084
24 0.1371 0.5547 0.2834 0.0196 0.0050
25 0.0195 0.8081 0.1471 0.0244 0.0012
26 0.0255 0.5708 0.3921 0.0096 0.0021
27 0.0350 0.5645 0.3940 0.0052 0.0017
28 0.0430 0.3440 0.6035 0.0082 0.0013
29 0.0282 0.4924 0.3179 0.1575 0.0038
30 0.0239 0.5615 0.0748 0.3352 0.0046
31 0.0180 0.5962 0.1461 0.2372 0.0025
32 0.0191 0.8384 0.1002 0.0405 0.0018
33 0.0537 0.4360 0.4429 0.0618 0.0058
34 0.0427 0.6890 0.2382 0.0261 0.0040
35 0.0379 0.6768 0.2268 0.0510 0.0073
36 0.1005 0.2817 0.3975 0.1937 0.0266
37 0.0931 0.4729 0.2869 0.1254 0.0216
38 0.0283 0.6919 0.2428 0.0347 0.0023
39 0.0189 0.6470 0.2739 0.0574 0.0027
40 0.0099 0.5747 0.3828 0.0319 0.0008
41 0.0176 0.5938 0.2849 0.0984 0.0056
42 0.0151 0.6431 0.2898 0.0473 0.0047
43 0.0183 0.7197 0.1952 0.0659 0.0008
44 0.1204 0.1498 0.2756 0.3430 0.1113
45 0.0325 0.3472 0.5459 0.0508 0.0234
46 0.0521 0.6060 0.0944 0.2354 0.0123
47 0.0469 0.5898 0.0792 0.2659 0.0178
48 0.0284 0.8755 0.0634 0.0314 0.0015
49 0.2263 0.0505 0.1555 0.4941 0.0735
50 0.0110 0.9092 0.0184 0.0600 0.0015
51 0.0184 0.8311 0.0656 0.0836 0.0012
52 0.0728 0.8071 0.0197 0.0934 0.0067
53 0.0338 0.3384 0.5161 0.1099 0.0017
54 0.1650 0.5410 0.1826 0.1041 0.0072
55 0.1268 0.5728 0.0988 0.1979 0.0038
56 0.0511 0.3354 0.3462 0.2612 0.0061
57 0.0500 0.7236 0.1692 0.0528 0.0042
58 0.0265 0.0608 0.1025 0.8066 0.0037
59 0.0468 0.3379 0.3328 0.2759 0.0065
60 0.0098 0.2228 0.5688 0.1967 0.0017
61 0.0198 0.6406 0.2546 0.0696 0.0154
62 0.0318 0.6045 0.2642 0.0652 0.0344
63 0.0410 0.6885 0.1687 0.0976 0.0044
64 0.0431 0.7056 0.1266 0.1170 0.0076
65 0.0854 0.7798 0.0961 0.0249 0.0136
66 0.0217 0.7007 0.0694 0.2072 0.0013
67 0.0139 0.8857 0.0301 0.0694 0.0008
68 0.0624 0.5352 0.0808 0.3145 0.0072
69 0.0296 0.2681 0.2189 0.4780 0.0053
70 0.0101 0.6328 0.2852 0.0682 0.0037
71 0.1417 0.1819 0.2773 0.3145 0.0846
72 0.0477 0.2123 0.4709 0.1209 0.1482
73 0.0396 0.1505 0.2224 0.3235 0.2642
74 0.0508 0.1650 0.3232 0.2852 0.1758
75 0.0445 0.1449 0.5640 0.1949 0.0516
76 0.0384 0.2861 0.5024 0.1121 0.0609
77 0.0238 0.4060 0.4602 0.0920 0.0178
78 0.0446 0.3044 0.5513 0.0900 0.0093
79 0.0228 0.4734 0.4661 0.0348 0.0028
80 0.0166 0.6484 0.2832 0.0508 0.0010
81 0.0496 0.6338 0.2123 0.0418 0.0627
82 0.0941 0.5010 0.3135 0.0805 0.0108
83 0.0334 0.2625 0.5381 0.1495 0.0165
84 0.0560 0.0960 0.2529 0.5884 0.0067
85 0.0285 0.5220 0.2544 0.1920 0.0031
86 0.0995 0.5176 0.1707 0.1654 0.0470
87 0.0547 0.2032 0.5356 0.1738 0.0327
88 0.0138 0.4895 0.4187 0.0481 0.0299
89 0.0270 0.5903 0.2072 0.1665 0.0092
90 0.0616 0.1549 0.7627 0.0151 0.0056
91 0.0266 0.7310 0.2095 0.0277 0.0052
92 0.0224 0.7188 0.2297 0.0219 0.0073
93 0.0182 0.7817 0.1799 0.0151 0.0049
94 0.0120 0.4336 0.5151 0.0367 0.0028
95 0.0081 0.4888 0.0284 0.4736 0.0011
96 0.0117 0.9272 0.0476 0.0131 0.0005
97 0.0060 0.8423 0.0136 0.1375 0.0008
98 0.0263 0.3052 0.1214 0.5439 0.0029
99 0.0199 0.5859 0.0408 0.3499 0.0034
100 0.0745 0.4900 0.1654 0.2242 0.0459
101 0.0217 0.5991 0.0484 0.3108 0.0199
102 0.0199 0.5996 0.0399 0.3013 0.0395
103 0.0172 0.7422 0.0478 0.1749 0.0179
104 0.0244 0.6548 0.0921 0.1876 0.0412
105 0.0215 0.4897 0.0489 0.4187 0.0212
106 0.0065 0.3181 0.0473 0.6230 0.0050
107 0.0218 0.6265 0.1465 0.1106 0.0946
108 0.0230 0.6411 0.1114 0.0625 0.1621
109 0.1098 0.3032 0.3228 0.2150 0.0495
110 0.0538 0.3049 0.1909 0.3457 0.1046
111 0.0206 0.4619 0.2050 0.3076 0.0047
112 0.0687 0.2847 0.4016 0.2019 0.0430
113 0.0153 0.3811 0.1181 0.4597 0.0257
114 0.0090 0.1436 0.1050 0.7407 0.0018
115 0.0097 0.2920 0.0978 0.5991 0.0016
116 0.0099 0.6597 0.1220 0.2075 0.0010
117 0.0123 0.5015 0.0872 0.3967 0.0022
118 0.1493 0.4189 0.1541 0.2705 0.0073
119 0.0495 0.5161 0.3032 0.1169 0.0144
120 0.0070 0.9033 0.0300 0.0596 0.0002
121 0.0090 0.9517 0.0205 0.0187 0.0002
122 0.0039 0.5923 0.0151 0.3884 0.0005
123 0.0171 0.8828 0.0436 0.0475 0.0092
124 0.0054 0.2401 0.0579 0.6948 0.0017
125 0.0144 0.6230 0.1992 0.0986 0.0646
126 0.0068 0.3970 0.4033 0.1847 0.0081
127 0.0810 0.1943 0.3574 0.2495 0.1179
128 0.0192 0.0606 0.7495 0.1672 0.0034
129 0.0175 0.3479 0.3425 0.2839 0.0082
130 0.0156 0.4604 0.4751 0.0393 0.0094
131 0.0805 0.2056 0.2189 0.4705 0.0246
132 0.0482 0.7480 0.1428 0.0202 0.0406
133 0.0390 0.5176 0.1506 0.2408 0.0517
134 0.0464 0.8481 0.0847 0.0151 0.0058
135 0.1366 0.1132 0.2288 0.4548 0.0666
136 0.0045 0.7886 0.1414 0.0652 0.0005
137 0.0097 0.6323 0.3438 0.0142 0.0003
138 0.0064 0.4800 0.1738 0.3350 0.0049
139 0.0034 0.9214 0.0608 0.0138 0.0005
140 0.0859 0.1848 0.3850 0.3193 0.0250
141 0.0575 0.6040 0.1652 0.1677 0.0054
142 0.0656 0.2291 0.0940 0.6035 0.0078
143 0.0225 0.6416 0.1304 0.1597 0.0458
144 0.0944 0.4575 0.1440 0.2690 0.0350
145 0.1615 0.1228 0.0536 0.6338 0.0285
146 0.3467 0.2292 0.1025 0.2274 0.0941
147 0.0076 0.8833 0.0583 0.0506 0.0001
148 0.0061 0.8047 0.0748 0.1141 0.0002
149 0.0041 0.0632 0.0044 0.9282 0.0003
150 0.0043 0.9775 0.0109 0.0071 0.0001
151 0.0406 0.8423 0.1022 0.0106 0.0043
152 0.0205 0.7104 0.2272 0.0383 0.0034
153 0.0357 0.6729 0.1455 0.1284 0.0172
154 0.0515 0.8379 0.0767 0.0160 0.0177
155 0.1676 0.4924 0.1990 0.0829 0.0579
156 0.0050 0.9521 0.0252 0.0172 0.0004
157 0.0062 0.8823 0.0221 0.0887 0.0006
158 0.0379 0.3171 0.0551 0.5229 0.0670
159 0.0179 0.3306 0.4519 0.1943 0.0053
160 0.0128 0.4675 0.4392 0.0775 0.0031
161 0.0560 0.0597 0.3379 0.5234 0.0228
162 0.0425 0.6655 0.1605 0.1290 0.0027
163 0.2979 0.3538 0.1185 0.2015 0.0282
164 0.0558 0.2815 0.2297 0.4292 0.0039
165 0.0197 0.8267 0.1209 0.0311 0.0018
166 0.0518 0.0967 0.2844 0.4688 0.0983
167 0.0075 0.5752 0.0273 0.3894 0.0006
168 0.0218 0.9058 0.0236 0.0420 0.0071
169 0.0125 0.6089 0.0142 0.3635 0.0010
170 0.0201 0.5527 0.3682 0.0565 0.0023
171 0.0489 0.2369 0.1733 0.5015 0.0393
172 0.0113 0.6191 0.1471 0.2207 0.0019
173 0.0750 0.7168 0.1650 0.0343 0.0090
174 0.0183 0.8203 0.1426 0.0143 0.0043
175 0.0189 0.5479 0.0587 0.3708 0.0036
176 0.0409 0.4329 0.1920 0.2927 0.0415
177 0.0405 0.6855 0.0504 0.2191 0.0042
178 0.0917 0.7266 0.1039 0.0625 0.0153
179 0.0488 0.5327 0.2517 0.1285 0.0380
180 0.0262 0.6709 0.1923 0.1029 0.0076
181 0.0313 0.4426 0.3784 0.1288 0.0188
182 0.0113 0.6182 0.3416 0.0285 0.0004
183 0.0246 0.5562 0.3762 0.0419 0.0011
184 0.0223 0.2358 0.3540 0.3770 0.0109
185 0.0059 0.9502 0.0405 0.0031 0.0001
186 0.0648 0.1967 0.0381 0.6860 0.0142
187 0.0048 0.8916 0.0218 0.0817 0.0002
188 0.0311 0.3398 0.0609 0.5518 0.0164
189 0.0169 0.5298 0.0723 0.3757 0.0050
190 0.0185 0.6328 0.1099 0.2328 0.0062
191 0.0290 0.7412 0.1874 0.0412 0.0013
192 0.0069 0.9570 0.0243 0.0115 0.0001
193 0.0169 0.6191 0.2075 0.1448 0.0114
194 0.0025 0.8706 0.0903 0.0365 0.0002
195 0.0620 0.6875 0.0784 0.1464 0.0258
196 0.2949 0.3447 0.0872 0.1483 0.1249
197 0.0253 0.2347 0.5811 0.1527 0.0063
198 0.0209 0.2690 0.5522 0.1533 0.0045
199 0.0283 0.3020 0.4675 0.1949 0.0072
200 0.0134 0.5425 0.4360 0.0065 0.0013
201 0.0230 0.5317 0.4275 0.0157 0.0020
202 0.1249 0.3267 0.3115 0.1906 0.0463
203 0.1700 0.4771 0.2893 0.0312 0.0325
204 0.0388 0.4622 0.0511 0.4209 0.0271
205 0.0167 0.6333 0.0622 0.2766 0.0112
206 0.0699 0.7397 0.0411 0.1389 0.0106
207 0.0777 0.2488 0.1632 0.2908 0.2196
208 0.0753 0.5024 0.3733 0.0409 0.0081
209 0.0204 0.6250 0.1876 0.1655 0.0016
210 0.0075 0.8047 0.0714 0.1159 0.0006
211 0.0058 0.8931 0.0598 0.0411 0.0003
212 0.1599 0.4812 0.2327 0.1143 0.0120
213 0.1015 0.6074 0.1089 0.1224 0.0597
214 0.0562 0.6138 0.0652 0.1614 0.1034
215 0.0225 0.4172 0.0592 0.4441 0.0569
216 0.0490 0.5562 0.0981 0.2605 0.0364
217 0.0141 0.5586 0.0352 0.3899 0.0022
218 0.0094 0.7271 0.0332 0.2288 0.0013
219 0.0117 0.5962 0.0339 0.3560 0.0021
220 0.0087 0.8013 0.0384 0.1506 0.0009
221 0.0119 0.7939 0.0727 0.1199 0.0015
222 0.1393 0.1483 0.2334 0.3848 0.0943
