time exciting_prob fearful_prob tense_prob sad_prob relaxing_prob
0 0.3284 0.2292 0.1208 0.2898 0.0320
1 0.7764 0.0087 0.1436 0.0700 0.0015
2 0.8823 0.0067 0.0820 0.0279 0.0013
3 0.5508 0.0205 0.0806 0.3237 0.0244
4 0.7686 0.0829 0.0593 0.0305 0.0588
5 0.5952 0.0387 0.0928 0.2406 0.0326
6 0.8345 0.0505 0.0316 0.0306 0.0525
7 0.7026 0.1053 0.0807 0.0471 0.0643
8 0.6167 0.1177 0.1072 0.0848 0.0737
9 0.4729 0.1609 0.0535 0.2396 0.0731
10 0.5596 0.1309 0.1137 0.1299 0.0658
11 0.5601 0.1495 0.0996 0.1212 0.0696
12 0.4788 0.0746 0.0563 0.2583 0.1320
13 0.6279 0.1041 0.0532 0.0508 0.1638
14 0.6812 0.0724 0.0712 0.0776 0.0974
15 0.4963 0.1125 0.0786 0.1841 0.1285
16 0.2478 0.0843 0.1306 0.4248 0.1125
17 0.5249 0.1423 0.1002 0.0934 0.1390
18 0.4265 0.2014 0.0915 0.1877 0.0930
19 0.4128 0.2192 0.0973 0.2059 0.0648
20 0.5059 0.2076 0.1069 0.1230 0.0563
21 0.2241 0.3582 0.2367 0.1665 0.0147
22 0.4343 0.2986 0.1769 0.0804 0.0098
23 0.1915 0.2460 0.2517 0.2966 0.0142
24 0.4231 0.3762 0.1384 0.0577 0.0046
25 0.1536 0.3713 0.3542 0.1141 0.0067
26 0.1542 0.1693 0.4751 0.1949 0.0065
27 0.2544 0.1240 0.5259 0.0852 0.0103
28 0.5146 0.2776 0.1364 0.0654 0.0063
29 0.2893 0.2717 0.2150 0.2133 0.0107
30 0.3652 0.1620 0.3074 0.1570 0.0083
31 0.4009 0.1632 0.1984 0.2249 0.0127
32 0.5005 0.1467 0.1285 0.1611 0.0631
33 0.4341 0.1768 0.0725 0.2491 0.0676
34 0.6226 0.1316 0.0371 0.1575 0.0511
35 0.5010 0.1349 0.0294 0.2040 0.1307
36 0.4858 0.2041 0.0728 0.2073 0.0301
37 0.4524 0.1613 0.1237 0.1664 0.0963
38 0.2512 0.0815 0.0924 0.5156 0.0592
39 0.7017 0.0872 0.0885 0.0858 0.0369
40 0.3337 0.1691 0.2681 0.1962 0.0331
41 0.4766 0.1088 0.2341 0.1571 0.0234
42 0.4397 0.1086 0.2013 0.1921 0.0581
43 0.4128 0.1174 0.1103 0.2883 0.0712
44 0.5386 0.1028 0.2246 0.0833 0.0505
45 0.3843 0.1627 0.1228 0.2539 0.0762
46 0.2664 0.1093 0.1093 0.2107 0.3042
47 0.1364 0.4199 0.2196 0.1792 0.0450
48 0.2668 0.2546 0.1166 0.1908 0.1710
49 0.2561 0.1627 0.2041 0.1459 0.2313
50 0.1450 0.1631 0.1384 0.2487 0.3047
51 0.2054 0.1458 0.2239 0.3721 0.0528
52 0.1890 0.0935 0.2279 0.0928 0.3970
53 0.1958 0.0527 0.2939 0.3330 0.1245
54 0.0829 0.0335 0.0939 0.7739 0.0156
55 0.1362 0.0795 0.5059 0.2505 0.0279
56 0.2986 0.2236 0.0883 0.2761 0.1133
57 0.2893 0.2085 0.1090 0.1514 0.2418
58 0.3193 0.0847 0.0967 0.3145 0.1848
59 0.3923 0.1345 0.0414 0.1882 0.2435
60 0.2805 0.0890 0.0671 0.4626 0.1008
61 0.3125 0.1621 0.2935 0.1511 0.0809
62 0.2583 0.0453 0.1340 0.4980 0.0643
63 0.1764 0.0807 0.0505 0.4795 0.2128
64 0.1996 0.0879 0.0396 0.2502 0.4226
65 0.2325 0.0849 0.2362 0.3774 0.0687
66 0.5635 0.0585 0.2073 0.1403 0.0303
67 0.6318 0.0284 0.3130 0.0141 0.0126
68 0.4404 0.0753 0.3171 0.1375 0.0295
69 0.6870 0.0299 0.2649 0.0094 0.0091
70 0.5752 0.0767 0.0749 0.2167 0.0565
71 0.3506 0.0846 0.3142 0.1847 0.0659
72 0.2793 0.1210 0.1542 0.3396 0.1060
73 0.2590 0.1895 0.4170 0.0828 0.0518
74 0.2350 0.1426 0.0706 0.2683 0.2834
75 0.3237 0.2173 0.0878 0.2791 0.0920
76 0.1621 0.1158 0.0547 0.3979 0.2693
77 0.1054 0.0938 0.1071 0.6406 0.0530
78 0.2240 0.1588 0.0805 0.1978 0.3389
79 0.4744 0.0627 0.3933 0.0349 0.0346
80 0.4771 0.0836 0.2184 0.2020 0.0189
81 0.3057 0.1057 0.2308 0.3464 0.0113
82 0.5732 0.1721 0.0740 0.0290 0.1519
83 0.3396 0.1592 0.1019 0.2666 0.1329
84 0.3870 0.2070 0.3037 0.0532 0.0492
85 0.3293 0.2336 0.2908 0.0776 0.0685
86 0.5264 0.0644 0.0252 0.3025 0.0814
87 0.2927 0.1616 0.2625 0.2108 0.0723
88 0.2734 0.0506 0.3799 0.1195 0.1766
89 0.1730 0.1527 0.2023 0.4629 0.0092
90 0.1511 0.1910 0.3406 0.2981 0.0192
91 0.2900 0.1843 0.1181 0.3525 0.0549
92 0.4268 0.1924 0.1312 0.1176 0.1322
93 0.2056 0.0528 0.4285 0.1171 0.1962
94 0.0915 0.1251 0.3853 0.3096 0.0887
95 0.3506 0.1299 0.1508 0.2228 0.1461
96 0.2391 0.3118 0.2300 0.0718 0.1473
97 0.2563 0.0546 0.3728 0.2158 0.1003
98 0.4619 0.0526 0.2018 0.2323 0.0514
99 0.3608 0.1338 0.0728 0.1359 0.2969
100 0.5483 0.0983 0.1365 0.1837 0.0332
101 0.2698 0.0925 0.0570 0.5366 0.0440
102 0.3057 0.1107 0.1207 0.4380 0.0251
103 0.2009 0.1035 0.2993 0.3755 0.0209
104 0.3213 0.2157 0.1904 0.1707 0.1019
105 0.1312 0.1893 0.0874 0.5312 0.0610
106 0.5522 0.1149 0.0324 0.2357 0.0645
107 0.0434 0.0593 0.0683 0.8188 0.0101
108 0.1727 0.1512 0.1197 0.5322 0.0241
109 0.3018 0.1934 0.0845 0.3967 0.0235
110 0.2052 0.0698 0.1869 0.4211 0.1169
111 0.2181 0.1647 0.0895 0.4546 0.0731
112 0.2220 0.1295 0.1757 0.4214 0.0515
113 0.1691 0.0553 0.1010 0.5723 0.1025
114 0.1160 0.4919 0.2115 0.1432 0.0374
115 0.3833 0.1512 0.3127 0.1142 0.0385
116 0.0549 0.0524 0.0850 0.5376 0.2703
117 0.4165 0.0669 0.1147 0.2229 0.1791
118 0.3477 0.2771 0.1405 0.1383 0.0966
119 0.3354 0.0362 0.1324 0.4768 0.0192
120 0.2366 0.0667 0.4153 0.2681 0.0132
121 0.3289 0.1720 0.2463 0.1219 0.1309
122 0.2305 0.0692 0.2148 0.4307 0.0547
123 0.1287 0.0438 0.1481 0.5952 0.0844
124 0.2656 0.1411 0.1305 0.3806 0.0823
125 0.4019 0.0709 0.2418 0.2678 0.0175
126 0.3286 0.1553 0.1459 0.3064 0.0637
127 0.4678 0.1394 0.1847 0.0116 0.1965
128 0.3813 0.2330 0.1118 0.0532 0.2207
129 0.1003 0.2244 0.2483 0.3291 0.0980
130 0.3232 0.1306 0.0856 0.0970 0.3635
131 0.2659 0.2700 0.0877 0.0374 0.3389
132 0.0876 0.0636 0.5625 0.2634 0.0230
133 0.4275 0.0192 0.1727 0.3601 0.0203
134 0.1323 0.2491 0.2018 0.1986 0.2181
135 0.3325 0.1956 0.2472 0.1794 0.0453
136 0.3206 0.0540 0.4666 0.1198 0.0392
137 0.2423 0.0571 0.0864 0.1614 0.4526
138 0.2456 0.2515 0.2761 0.1444 0.0823
139 0.2451 0.3430 0.1909 0.1909 0.0300
140 0.0908 0.1710 0.3591 0.3120 0.0670
141 0.3623 0.0808 0.1194 0.3650 0.0724
142 0.0831 0.1200 0.2856 0.4709 0.0402
143 0.4238 0.0772 0.0834 0.2913 0.1243
144 0.2888 0.0703 0.0582 0.3049 0.2778
145 0.3550 0.1227 0.4351 0.0677 0.0194
146 0.4111 0.1957 0.0709 0.1536 0.1687
147 0.3452 0.0759 0.0795 0.3071 0.1921
148 0.6221 0.0535 0.0755 0.1727 0.0760
149 0.1799 0.0798 0.1091 0.5718 0.0593
150 0.2983 0.0645 0.4551 0.1572 0.0249
151 0.0881 0.0203 0.1114 0.7734 0.0067
152 0.0909 0.0312 0.0868 0.7495 0.0416
153 0.2966 0.0823 0.0856 0.2365 0.2988
154 0.4143 0.2915 0.0924 0.1432 0.0587
155 0.2583 0.2466 0.0966 0.2998 0.0988
156 0.3315 0.0740 0.4192 0.1495 0.0256
157 0.2949 0.1238 0.0728 0.2091 0.2996
158 0.3447 0.1393 0.2483 0.2225 0.0452
159 0.5459 0.2056 0.1504 0.0844 0.0141
160 0.1365 0.0429 0.0665 0.6509 0.1030
161 0.4263 0.0559 0.2448 0.2390 0.0342
162 0.2676 0.1254 0.2939 0.1688 0.1444
163 0.5830 0.1112 0.1203 0.0997 0.0859
164 0.4038 0.0759 0.1820 0.2649 0.0735
165 0.4976 0.1964 0.1146 0.1051 0.0865
166 0.4634 0.1228 0.1180 0.2172 0.0787
167 0.5688 0.0776 0.0776 0.2108 0.0653
168 0.2722 0.0441 0.0786 0.5767 0.0285
169 0.1527 0.0438 0.2681 0.4087 0.1266
170 0.3069 0.0770 0.1630 0.4128 0.0403
171 0.3472 0.1541 0.1035 0.2900 0.1051
172 0.2089 0.1209 0.5679 0.1010 0.0014
173 0.5400 0.0815 0.0983 0.2216 0.0587
174 0.4595 0.0824 0.2275 0.1829 0.0477
175 0.2649 0.0376 0.5605 0.1194 0.0175
176 0.6626 0.0779 0.0602 0.1840 0.0152
177 0.3625 0.1454 0.3328 0.1150 0.0443
178 0.3730 0.0696 0.1847 0.2905 0.0820
179 0.1913 0.0507 0.1467 0.5283 0.0829
180 0.4548 0.1768 0.0606 0.0547 0.2532
181 0.4568 0.1229 0.1249 0.2465 0.0489
182 0.2517 0.0274 0.1207 0.4851 0.1152
183 0.3213 0.0478 0.1747 0.3584 0.0980
184 0.3044 0.0550 0.0634 0.3879 0.1891
185 0.1917 0.1516 0.0956 0.4458 0.1154
186 0.0869 0.0640 0.0491 0.7803 0.0197
187 0.1123 0.1022 0.0834 0.6665 0.0353
188 0.2551 0.3250 0.2065 0.0379 0.1753
189 0.3384 0.2939 0.1265 0.2255 0.0157
190 0.2207 0.0418 0.1267 0.5908 0.0199
191 0.3953 0.0506 0.1323 0.3542 0.0676
192 0.3572 0.1810 0.1882 0.1512 0.1224
193 0.3755 0.2073 0.1963 0.1298 0.0913
194 0.2642 0.0399 0.1370 0.4934 0.0657
195 0.4658 0.0778 0.1089 0.2573 0.0903
196 0.4319 0.0500 0.0338 0.3110 0.1731
197 0.1724 0.0486 0.0952 0.5654 0.1185
198 0.2725 0.1219 0.3472 0.2090 0.0493
199 0.3315 0.0352 0.2175 0.2927 0.1230
200 0.5342 0.0628 0.0505 0.1592 0.1935
201 0.1210 0.0445 0.0489 0.4326 0.3530
202 0.5254 0.0276 0.0529 0.3340 0.0599
203 0.1562 0.1743 0.1255 0.5244 0.0196
204 0.1804 0.1086 0.5825 0.0997 0.0288
205 0.1434 0.0451 0.1731 0.5498 0.0884
206 0.4282 0.2401 0.0473 0.2070 0.0774
207 0.3118 0.1406 0.0707 0.4099 0.0669
208 0.2029 0.1473 0.1351 0.4197 0.0951
209 0.7354 0.0886 0.0695 0.0396 0.0668
210 0.7671 0.0359 0.0107 0.1595 0.0271
211 0.7764 0.0393 0.0769 0.0775 0.0299
212 0.2686 0.1351 0.1299 0.4500 0.0165
213 0.1958 0.0491 0.0636 0.6729 0.0185
214 0.7466 0.0768 0.0213 0.1209 0.0344
215 0.2949 0.0643 0.0928 0.5215 0.0264
216 0.5635 0.1759 0.1639 0.0756 0.0212
217 0.3052 0.1583 0.2612 0.1986 0.0766
218 0.8101 0.0736 0.0759 0.0264 0.0139
219 0.2147 0.1323 0.0895 0.2981 0.2651
220 0.2817 0.1289 0.2194 0.2263 0.1438
221 0.6479 0.0165 0.1237 0.1481 0.0637
222 0.5142 0.2247 0.1166 0.0649 0.0795
223 0.2236 0.4519 0.1624 0.1133 0.0488
224 0.3845 0.0268 0.1003 0.4355 0.0529
225 0.3975 0.0638 0.1998 0.2391 0.0997
226 0.2194 0.1804 0.1320 0.4431 0.0252
227 0.1886 0.2170 0.0589 0.2072 0.3284
228 0.4717 0.1543 0.1230 0.0604 0.1906
229 0.3684 0.3032 0.1334 0.1443 0.0507
230 0.2356 0.0436 0.1062 0.5566 0.0582
231 0.5757 0.1170 0.0755 0.0561 0.1757
232 0.2886 0.1820 0.1737 0.0867 0.2690
233 0.5312 0.0620 0.0754 0.2490 0.0822
234 0.3767 0.2032 0.1570 0.2163 0.0468
235 0.3625 0.0822 0.0809 0.3325 0.1420
236 0.4294 0.1279 0.1643 0.2263 0.0521
237 0.8574 0.0420 0.0371 0.0178 0.0454
238 0.7603 0.0922 0.0409 0.0615 0.0450
239 0.1182 0.0485 0.1136 0.5815 0.1382
240 0.2720 0.1676 0.1538 0.3384 0.0682
241 0.2213 0.2284 0.1013 0.2394 0.2096
242 0.3643 0.0177 0.1720 0.2793 0.1667
243 0.7319 0.0297 0.0275 0.0502 0.1608
244 0.4797 0.0262 0.0391 0.1984 0.2568
245 0.6514 0.1674 0.0931 0.0397 0.0483
246 0.6660 0.0675 0.0670 0.1879 0.0118
247 0.5601 0.1567 0.0929 0.1669 0.0233
248 0.3618 0.0894 0.0464 0.3562 0.1462
249 0.2791 0.0825 0.0316 0.4783 0.1288
250 0.3301 0.0822 0.0625 0.3174 0.2081
251 0.4548 0.0917 0.0317 0.0968 0.3250
252 0.4983 0.1520 0.0390 0.0439 0.2668
253 0.3933 0.2703 0.0652 0.0637 0.2073
254 0.1984 0.0759 0.0482 0.3323 0.3455
255 0.3479 0.0872 0.0463 0.1183 0.4004
256 0.1855 0.2086 0.0870 0.1638 0.3550
257 0.3367 0.1774 0.0723 0.3755 0.0381
