time exciting_prob fearful_prob tense_prob sad_prob relaxing_prob
0 0.2037 0.2830 0.2496 0.2310 0.0327
1 0.2502 0.1360 0.2140 0.3640 0.0358
2 0.1974 0.3010 0.2742 0.1943 0.0332
3 0.2393 0.2355 0.2976 0.1984 0.0293
4 0.2637 0.2722 0.2328 0.1930 0.0383
5 0.3301 0.2200 0.2781 0.1293 0.0426
6 0.2646 0.3506 0.1156 0.1997 0.0696
7 0.2661 0.2104 0.1931 0.2898 0.0405
8 0.4211 0.2151 0.2020 0.1346 0.0271
9 0.0894 0.3479 0.3911 0.1544 0.0171
10 0.1428 0.1619 0.2212 0.4331 0.0409
11 0.2457 0.1855 0.2345 0.3059 0.0284
12 0.2617 0.1855 0.1771 0.3308 0.0448
13 0.0819 0.2751 0.5913 0.0190 0.0326
14 0.1234 0.1794 0.6562 0.0255 0.0153
15 0.0168 0.2389 0.3267 0.4128 0.0050
16 0.0379 0.1096 0.2250 0.6113 0.0160
17 0.0404 0.2874 0.3157 0.2742 0.0823
18 0.1580 0.4753 0.0577 0.1696 0.1394
19 0.1334 0.4956 0.0535 0.1852 0.1323
20 0.1011 0.6338 0.0728 0.1146 0.0775
21 0.0577 0.7197 0.1112 0.0486 0.0629
22 0.0773 0.4807 0.2150 0.1056 0.1215
23 0.0799 0.0222 0.8071 0.0705 0.0205
24 0.1037 0.0195 0.8159 0.0530 0.0080
25 0.1709 0.0390 0.6655 0.1231 0.0014
26 0.0157 0.4355 0.4934 0.0318 0.0236
27 0.0425 0.3728 0.3848 0.1707 0.0292
28 0.0156 0.3809 0.2578 0.3416 0.0043
29 0.0402 0.4932 0.3665 0.0500 0.0500
30 0.0061 0.1277 0.7349 0.1163 0.0149
31 0.0475 0.1464 0.2957 0.4873 0.0231
32 0.0269 0.1549 0.4482 0.2761 0.0939
33 0.0746 0.1395 0.5605 0.2029 0.0226
34 0.0570 0.2476 0.1898 0.4146 0.0911
35 0.0105 0.2098 0.1313 0.6362 0.0120
36 0.0250 0.3367 0.1471 0.4673 0.0240
37 0.0280 0.2695 0.1072 0.5703 0.0249
38 0.0082 0.6567 0.1661 0.1489 0.0198
39 0.0129 0.2942 0.6626 0.0185 0.0118
40 0.1760 0.3555 0.3611 0.0980 0.0093
41 0.0632 0.4087 0.4561 0.0683 0.0037
42 0.0102 0.2810 0.3389 0.3606 0.0095
43 0.0429 0.2114 0.2844 0.4475 0.0137
44 0.0076 0.1097 0.1030 0.7734 0.0065
45 0.0124 0.1766 0.0991 0.7095 0.0025
46 0.0675 0.4912 0.2432 0.1698 0.0284
47 0.1259 0.2314 0.2208 0.3367 0.0851
48 0.0605 0.3401 0.0416 0.5186 0.0391
49 0.0326 0.1194 0.1121 0.6978 0.0381
50 0.1229 0.2947 0.5176 0.0390 0.0260
51 0.0378 0.5591 0.3726 0.0266 0.0039
52 0.0707 0.1012 0.7964 0.0288 0.0031
53 0.0120 0.3669 0.2903 0.3291 0.0016
54 0.0377 0.4929 0.2007 0.2517 0.0169
55 0.1166 0.6108 0.0789 0.0894 0.1045
56 0.0908 0.1545 0.5518 0.1046 0.0982
57 0.1501 0.2289 0.3804 0.0732 0.1675
58 0.1063 0.2395 0.4302 0.0271 0.1970
59 0.0743 0.3306 0.0588 0.4807 0.0557
60 0.1332 0.5923 0.0944 0.1061 0.0741
61 0.2087 0.0694 0.5088 0.1901 0.0232
62 0.2378 0.0803 0.4729 0.1896 0.0194
63 0.3354 0.2474 0.3054 0.0273 0.0842
64 0.2168 0.2595 0.3518 0.1467 0.0253
65 0.4312 0.1812 0.2101 0.1090 0.0687
66 0.2401 0.4890 0.0496 0.1562 0.0651
67 0.1630 0.1891 0.2428 0.1891 0.2159
68 0.0283 0.2561 0.1229 0.5864 0.0064
69 0.0277 0.4805 0.2131 0.2654 0.0133
70 0.0373 0.7314 0.1375 0.0610 0.0331
71 0.1586 0.0917 0.6367 0.1016 0.0112
72 0.2795 0.1416 0.2585 0.1709 0.1495
73 0.0351 0.3081 0.2363 0.3660 0.0544
74 0.0282 0.3330 0.3127 0.2554 0.0709
75 0.0421 0.5640 0.2313 0.0608 0.1019
76 0.0603 0.4219 0.2139 0.1092 0.1947
77 0.0225 0.3464 0.1884 0.4050 0.0374
78 0.2200 0.2454 0.4409 0.0630 0.0307
79 0.1558 0.2629 0.0771 0.4990 0.0052
80 0.1011 0.2522 0.4094 0.2297 0.0073
81 0.1370 0.2258 0.3445 0.0837 0.2089
82 0.4751 0.1890 0.1904 0.0950 0.0505
83 0.0818 0.4817 0.2072 0.0870 0.1423
84 0.0773 0.5078 0.1107 0.1727 0.1315
85 0.0887 0.4197 0.1070 0.3145 0.0701
86 0.0818 0.3635 0.4741 0.0580 0.0225
87 0.0905 0.3721 0.4854 0.0386 0.0137
88 0.1591 0.1591 0.2881 0.2927 0.1011
89 0.4858 0.3137 0.0964 0.0224 0.0818
90 0.1382 0.3447 0.3188 0.1329 0.0653
91 0.0465 0.3572 0.5444 0.0443 0.0076
92 0.0531 0.1500 0.2286 0.5659 0.0022
93 0.0204 0.2712 0.5312 0.1752 0.0020
94 0.0212 0.1437 0.7412 0.0913 0.0028
95 0.1799 0.2119 0.3257 0.1538 0.1285
96 0.2825 0.1768 0.2573 0.1489 0.1345
97 0.2664 0.1830 0.2812 0.1746 0.0949
98 0.2717 0.1561 0.3435 0.1549 0.0737
99 0.0401 0.4377 0.2656 0.0221 0.2344
100 0.0422 0.4104 0.2374 0.0367 0.2732
101 0.0425 0.6196 0.1707 0.0638 0.1035
102 0.0458 0.3254 0.3518 0.1057 0.1715
103 0.0822 0.4995 0.3655 0.0430 0.0099
104 0.0269 0.3916 0.4038 0.1606 0.0171
105 0.0368 0.4045 0.1420 0.2035 0.2133
106 0.0569 0.5361 0.2341 0.1196 0.0535
107 0.2406 0.3420 0.2971 0.0872 0.0331
108 0.0350 0.5068 0.2844 0.1672 0.0064
109 0.0099 0.3533 0.4004 0.2354 0.0010
110 0.0311 0.2158 0.4226 0.3291 0.0012
111 0.0344 0.3018 0.5728 0.0906 0.0003
112 0.0403 0.0953 0.1808 0.6821 0.0013
113 0.2979 0.1213 0.2754 0.2507 0.0547
114 0.3398 0.1417 0.2410 0.1967 0.0807
115 0.0778 0.6777 0.0835 0.1080 0.0531
116 0.0558 0.6963 0.0628 0.0832 0.1019
117 0.0361 0.7026 0.0464 0.2045 0.0105
118 0.1771 0.2188 0.2830 0.1479 0.1731
119 0.1505 0.1349 0.6338 0.0728 0.0082
120 0.0873 0.3171 0.4685 0.1166 0.0103
121 0.0508 0.2225 0.2369 0.4426 0.0470
122 0.0302 0.1545 0.4988 0.3123 0.0042
123 0.0570 0.2053 0.6523 0.0829 0.0024
124 0.0563 0.1449 0.7710 0.0250 0.0026
125 0.0529 0.7412 0.0474 0.1382 0.0205
126 0.0671 0.5444 0.0556 0.2306 0.1023
127 0.0430 0.3435 0.4622 0.1388 0.0124
128 0.0703 0.2822 0.4583 0.1809 0.0083
129 0.0407 0.0465 0.8843 0.0269 0.0015
130 0.1918 0.0294 0.5635 0.1774 0.0381
131 0.1681 0.0439 0.4641 0.2407 0.0832
132 0.3352 0.2866 0.2778 0.0737 0.0265
133 0.0810 0.2134 0.4380 0.2380 0.0296
134 0.1223 0.2910 0.3679 0.1821 0.0367
135 0.1915 0.2291 0.3960 0.1227 0.0607
136 0.0662 0.3037 0.5244 0.0536 0.0519
137 0.1367 0.1741 0.5752 0.1024 0.0115
138 0.0545 0.0384 0.8530 0.0497 0.0046
139 0.1365 0.0771 0.6987 0.0760 0.0117
140 0.2037 0.2830 0.2496 0.2310 0.0327
141 0.2302 0.1079 0.3247 0.3049 0.0324
142 0.1804 0.4753 0.1310 0.0900 0.1230
143 0.1847 0.6104 0.1061 0.0490 0.0497
144 0.1123 0.0447 0.2959 0.5439 0.0030
145 0.1658 0.1290 0.5693 0.1353 0.0003
146 0.3015 0.1050 0.4817 0.1109 0.0010
147 0.0637 0.2120 0.6631 0.0571 0.0041
148 0.2803 0.1548 0.2717 0.2632 0.0300
149 0.3057 0.1797 0.4448 0.0507 0.0191
150 0.1493 0.5547 0.2422 0.0320 0.0220
151 0.1349 0.2225 0.3667 0.1932 0.0825
152 0.0492 0.2153 0.5718 0.1600 0.0038
153 0.0572 0.2317 0.4680 0.2390 0.0039
154 0.0332 0.7100 0.1377 0.1177 0.0012
155 0.0208 0.3247 0.2957 0.3567 0.0021
156 0.0384 0.3315 0.2583 0.3699 0.0018
157 0.3430 0.3027 0.1793 0.1451 0.0300
158 0.2361 0.1141 0.2397 0.3489 0.0611
159 0.1823 0.0854 0.6987 0.0178 0.0159
160 0.2043 0.0256 0.6494 0.0533 0.0674
161 0.1333 0.0209 0.7793 0.0298 0.0365
162 0.0332 0.2452 0.5791 0.1292 0.0134
163 0.1455 0.3435 0.1501 0.1782 0.1825
164 0.1324 0.1206 0.2052 0.3716 0.1702
165 0.5303 0.0517 0.0685 0.3423 0.0073
166 0.6675 0.0398 0.1973 0.0932 0.0022
167 0.0256 0.2646 0.6152 0.0833 0.0114
168 0.0691 0.1670 0.5518 0.1683 0.0436
169 0.2927 0.0819 0.5601 0.0456 0.0199
170 0.0145 0.3000 0.3794 0.3047 0.0014
171 0.1107 0.4243 0.2271 0.1714 0.0666
172 0.0162 0.1298 0.2661 0.5635 0.0244
173 0.0623 0.1027 0.2502 0.5552 0.0294
174 0.1013 0.0378 0.7026 0.1450 0.0133
175 0.2756 0.0213 0.5396 0.1475 0.0160
176 0.1992 0.0315 0.5010 0.2404 0.0278
177 0.2372 0.0306 0.5024 0.2029 0.0270
178 0.1495 0.0613 0.4902 0.2927 0.0064
179 0.1342 0.3591 0.4133 0.0409 0.0526
180 0.0466 0.5903 0.2520 0.0528 0.0580
181 0.0529 0.5913 0.2061 0.0435 0.1061
182 0.0554 0.5420 0.2520 0.0594 0.0912
183 0.0289 0.6953 0.2056 0.0344 0.0357
184 0.0375 0.5054 0.2622 0.0613 0.1339
185 0.0703 0.4617 0.0802 0.2471 0.1407
186 0.0271 0.4773 0.1898 0.2634 0.0424
187 0.0480 0.2087 0.1550 0.5327 0.0553
188 0.2037 0.2830 0.2496 0.2310 0.0327
