time exciting_prob fearful_prob tense_prob sad_prob relaxing_prob
0 0.1388 0.4624 0.1432 0.2324 0.0232
1 0.1093 0.1519 0.1382 0.5640 0.0366
2 0.1893 0.0982 0.3271 0.3374 0.0479
3 0.3298 0.1071 0.1105 0.3403 0.1122
4 0.3298 0.1071 0.1105 0.3403 0.1122
5 0.2578 0.3994 0.1109 0.1127 0.1190
6 0.1063 0.3276 0.0259 0.5151 0.0249
7 0.5532 0.2343 0.0693 0.0227 0.1206
8 0.4512 0.2131 0.0999 0.0698 0.1660
9 0.1978 0.0824 0.2922 0.2172 0.2104
10 0.0774 0.1492 0.0715 0.6084 0.0933
11 0.6543 0.1592 0.0554 0.0328 0.0980
12 0.3542 0.1548 0.2717 0.0910 0.1283
13 0.2068 0.1854 0.0797 0.3745 0.1537
14 0.2482 0.4028 0.2090 0.0236 0.1163
15 0.3164 0.2208 0.2351 0.0169 0.2107
16 0.2008 0.2661 0.1638 0.3062 0.0632
17 0.3013 0.2498 0.1689 0.1562 0.1237
18 0.3000 0.4719 0.1331 0.0373 0.0577
19 0.3435 0.1455 0.1169 0.1048 0.2893
20 0.2351 0.2927 0.3699 0.0165 0.0858
21 0.1624 0.5244 0.1702 0.0849 0.0583
22 0.2406 0.3213 0.3315 0.0438 0.0627
23 0.1279 0.2466 0.0339 0.5469 0.0446
24 0.0620 0.2063 0.0453 0.5742 0.1122
25 0.0373 0.1475 0.0309 0.7607 0.0239
26 0.0599 0.1289 0.0396 0.7129 0.0585
27 0.1782 0.4998 0.1432 0.1597 0.0192
28 0.0958 0.3044 0.0572 0.5098 0.0326
29 0.0882 0.0413 0.0257 0.1064 0.7383
30 0.4016 0.0910 0.0368 0.0754 0.3953
31 0.2000 0.4368 0.1282 0.1938 0.0413
32 0.0067 0.0133 0.0050 0.9653 0.0095
33 0.0167 0.5767 0.0504 0.3496 0.0068
34 0.0175 0.3179 0.0147 0.6421 0.0078
35 0.4592 0.4380 0.0602 0.0116 0.0310
36 0.1263 0.3953 0.0720 0.0291 0.3772
37 0.2024 0.3086 0.0844 0.0145 0.3901
38 0.1677 0.1208 0.0333 0.3838 0.2944
39 0.2039 0.3108 0.0515 0.0978 0.3359
40 0.4182 0.2054 0.0528 0.0129 0.3108
41 0.3582 0.5464 0.0751 0.0091 0.0114
42 0.3252 0.4111 0.1536 0.0267 0.0835
43 0.0936 0.1201 0.3530 0.0456 0.3877
44 0.1208 0.6089 0.2384 0.0236 0.0085
45 0.3081 0.3657 0.1000 0.1700 0.0561
46 0.2147 0.1322 0.2756 0.3223 0.0551
47 0.4434 0.3398 0.1231 0.0446 0.0490
48 0.6089 0.1539 0.0710 0.0598 0.1066
49 0.5562 0.1777 0.0915 0.1331 0.0419
50 0.1707 0.1019 0.5342 0.0723 0.1210
51 0.1328 0.3667 0.2766 0.2057 0.0182
52 0.3777 0.1503 0.1326 0.1870 0.1526
53 0.2744 0.3413 0.1799 0.0575 0.1469
54 0.4829 0.3318 0.0674 0.0449 0.0729
55 0.3357 0.1989 0.2117 0.0335 0.2202
56 0.2578 0.4778 0.0672 0.0118 0.1857
57 0.2252 0.5796 0.1141 0.0737 0.0074
58 0.0859 0.7085 0.0246 0.0614 0.1193
59 0.0808 0.5786 0.0167 0.0464 0.2776
60 0.0940 0.3806 0.0451 0.3254 0.1549
61 0.0367 0.1146 0.1221 0.6006 0.1260
62 0.0901 0.3823 0.1670 0.1395 0.2212
63 0.1895 0.4651 0.2032 0.0867 0.0555
64 0.0920 0.1979 0.3813 0.3113 0.0173
65 0.1309 0.4861 0.1554 0.1707 0.0572
66 0.2678 0.3035 0.2595 0.0792 0.0897
67 0.5439 0.1195 0.0660 0.1510 0.1195
68 0.0377 0.0312 0.0111 0.0630 0.8569
69 0.0842 0.2288 0.1388 0.5405 0.0079
70 0.0468 0.5312 0.2471 0.1499 0.0249
71 0.3164 0.2426 0.1980 0.1320 0.1111
72 0.1061 0.3733 0.0250 0.4539 0.0416
73 0.2703 0.3311 0.1887 0.0408 0.1691
74 0.4150 0.0844 0.1368 0.1960 0.1677
75 0.1870 0.5586 0.1960 0.0249 0.0335
76 0.2479 0.1002 0.0335 0.5498 0.0683
77 0.1131 0.0397 0.1547 0.6821 0.0104
78 0.5581 0.1812 0.0732 0.0761 0.1116
79 0.3848 0.1289 0.1604 0.1707 0.1554
80 0.3237 0.3340 0.1414 0.1172 0.0838
81 0.2345 0.5713 0.0519 0.0298 0.1125
82 0.4778 0.1842 0.1237 0.1652 0.0492
83 0.2678 0.3547 0.0738 0.2152 0.0883
84 0.3176 0.3152 0.0407 0.0140 0.3127
85 0.1322 0.5396 0.0281 0.0573 0.2430
86 0.1589 0.4895 0.0301 0.0424 0.2791
87 0.2573 0.5117 0.0556 0.0079 0.1675
88 0.2094 0.0959 0.1395 0.4431 0.1121
89 0.1499 0.4338 0.2759 0.0291 0.1114
90 0.1792 0.3096 0.3049 0.0505 0.1558
91 0.2920 0.3108 0.2537 0.0612 0.0823
92 0.0906 0.5723 0.2925 0.0088 0.0357
93 0.0730 0.6113 0.2979 0.0106 0.0071
94 0.2064 0.3350 0.0675 0.3003 0.0909
95 0.0712 0.5820 0.1694 0.1472 0.0301
96 0.0551 0.6514 0.2510 0.0188 0.0237
97 0.1206 0.7388 0.0917 0.0433 0.0055
98 0.0543 0.0587 0.0124 0.8301 0.0443
99 0.5293 0.2223 0.0948 0.0733 0.0805
100 0.3027 0.3948 0.1301 0.0350 0.1375
101 0.1335 0.2020 0.0135 0.6123 0.0385
102 0.1224 0.5400 0.2803 0.0247 0.0324
103 0.3906 0.4497 0.0674 0.0628 0.0294
104 0.3479 0.4983 0.0908 0.0229 0.0403
105 0.3088 0.2903 0.1964 0.0899 0.1146
106 0.0897 0.1433 0.2053 0.4773 0.0843
107 0.1877 0.1682 0.0555 0.5605 0.0281
108 0.1559 0.7207 0.0881 0.0089 0.0263
109 0.0934 0.1801 0.6689 0.0303 0.0272
110 0.0388 0.0370 0.0840 0.7603 0.0801
111 0.1964 0.5093 0.1415 0.0390 0.1136
112 0.2025 0.2482 0.4492 0.0088 0.0912
113 0.0681 0.4141 0.2183 0.2847 0.0150
114 0.2140 0.6143 0.0529 0.0233 0.0957
115 0.0666 0.1235 0.6270 0.1675 0.0156
116 0.3235 0.1135 0.1528 0.1843 0.2258
117 0.1743 0.1041 0.3928 0.2786 0.0500
118 0.3162 0.4673 0.1482 0.0338 0.0344
119 0.3562 0.2373 0.2908 0.0952 0.0206
120 0.1798 0.1161 0.6084 0.0767 0.0192
121 0.2090 0.2295 0.5093 0.0176 0.0349
122 0.5000 0.2678 0.0883 0.0296 0.1143
123 0.1710 0.5435 0.1140 0.1232 0.0482
124 0.0594 0.8999 0.0175 0.0147 0.0086
125 0.0922 0.3762 0.0409 0.0153 0.4756
126 0.0187 0.0145 0.0052 0.0035 0.9580
127 0.1786 0.4705 0.2944 0.0169 0.0398
128 0.2202 0.2068 0.2272 0.2698 0.0761
129 0.2588 0.3171 0.1893 0.0596 0.1752
130 0.4678 0.1543 0.1667 0.1427 0.0685
131 0.4805 0.3684 0.0398 0.1047 0.0065
132 0.0995 0.1639 0.1026 0.5464 0.0878
133 0.2815 0.5176 0.1460 0.0372 0.0174
134 0.4331 0.2247 0.1428 0.0619 0.1373
135 0.3223 0.3887 0.1464 0.0742 0.0686
136 0.6069 0.3250 0.0305 0.0291 0.0088
137 0.1105 0.4802 0.3052 0.0620 0.0420
138 0.1415 0.3394 0.4861 0.0254 0.0076
139 0.0248 0.1232 0.0686 0.7090 0.0742
140 0.1377 0.3203 0.1169 0.2455 0.1797
141 0.1241 0.2886 0.0747 0.1982 0.3145
142 0.0477 0.3691 0.0438 0.4453 0.0941
143 0.1002 0.4087 0.0603 0.3184 0.1126
144 0.0273 0.5195 0.0862 0.3462 0.0208
145 0.1112 0.3398 0.0464 0.4868 0.0155
146 0.0784 0.4072 0.0742 0.4138 0.0264
147 0.0169 0.1458 0.0308 0.7881 0.0187
148 0.0082 0.1327 0.0131 0.8003 0.0459
149 0.1119 0.5596 0.0347 0.2812 0.0128
150 0.0365 0.4146 0.0977 0.3438 0.1073
151 0.1741 0.5752 0.1512 0.0548 0.0447
152 0.1433 0.5239 0.1537 0.1675 0.0113
153 0.2202 0.4082 0.0829 0.2272 0.0616
154 0.0977 0.2151 0.0523 0.5669 0.0682
155 0.1649 0.5850 0.1444 0.1008 0.0049
156 0.0726 0.3179 0.0519 0.4846 0.0732
157 0.3198 0.5190 0.1223 0.0200 0.0189
158 0.0525 0.7603 0.1509 0.0176 0.0190
159 0.1279 0.4827 0.0425 0.2108 0.1361
160 0.1287 0.6138 0.2367 0.0178 0.0030
161 0.1118 0.1678 0.2900 0.4028 0.0274
162 0.2396 0.1647 0.1132 0.4692 0.0134
163 0.4163 0.2061 0.0820 0.1982 0.0974
164 0.1259 0.4604 0.1616 0.2141 0.0378
165 0.2217 0.3711 0.2183 0.1293 0.0597
166 0.0080 0.0877 0.0180 0.8584 0.0278
167 0.1783 0.1649 0.0737 0.5669 0.0163
168 0.3669 0.3816 0.1904 0.0347 0.0264
169 0.4387 0.2703 0.0662 0.1917 0.0331
170 0.0671 0.3772 0.4548 0.0855 0.0153
171 0.4004 0.2563 0.1819 0.1331 0.0283
172 0.4485 0.3206 0.0693 0.0151 0.1467
173 0.4880 0.2493 0.0472 0.1177 0.0977
174 0.3347 0.4297 0.1406 0.0839 0.0112
175 0.1239 0.1747 0.3213 0.3420 0.0381
176 0.1814 0.2681 0.3086 0.1652 0.0768
177 0.3047 0.2817 0.2505 0.1427 0.0204
178 0.0849 0.3105 0.1490 0.4380 0.0174
179 0.1808 0.3799 0.1659 0.2510 0.0223
180 0.2583 0.3020 0.1803 0.1890 0.0706
181 0.0696 0.2566 0.1212 0.5186 0.0342
182 0.1915 0.4153 0.1153 0.2366 0.0414
183 0.2761 0.3518 0.0202 0.3411 0.0108
184 0.8276 0.0525 0.0432 0.0121 0.0648
185 0.3345 0.5181 0.0944 0.0160 0.0372
186 0.7520 0.1576 0.0333 0.0246 0.0328
187 0.3538 0.3350 0.1984 0.0297 0.0834
188 0.0161 0.0444 0.0151 0.8511 0.0732
189 0.1132 0.3828 0.4138 0.0670 0.0232
190 0.5601 0.2773 0.0974 0.0329 0.0321
191 0.5005 0.2988 0.1091 0.0386 0.0528
192 0.7378 0.1396 0.0461 0.0302 0.0464
193 0.0877 0.1691 0.7007 0.0383 0.0045
194 0.4949 0.3508 0.0547 0.0542 0.0453
195 0.2456 0.5801 0.0869 0.0570 0.0305
196 0.1746 0.3162 0.1381 0.2834 0.0878
197 0.3618 0.4165 0.1473 0.0347 0.0396
198 0.1718 0.2039 0.4453 0.1539 0.0251
199 0.1035 0.0520 0.0108 0.0202 0.8135
200 0.4080 0.2676 0.1235 0.0737 0.1273
201 0.2815 0.2446 0.1965 0.2061 0.0712
202 0.1466 0.3303 0.0611 0.0102 0.4517
203 0.1322 0.1793 0.3403 0.2778 0.0703
204 0.1266 0.2203 0.5942 0.0234 0.0354
205 0.4861 0.1328 0.1530 0.0256 0.2026
206 0.1575 0.4082 0.2874 0.1143 0.0327
207 0.1316 0.5942 0.1677 0.0912 0.0151
208 0.1207 0.5757 0.2495 0.0458 0.0084
209 0.1288 0.1460 0.6392 0.0470 0.0393
210 0.0887 0.0847 0.7910 0.0109 0.0245
211 0.1697 0.2690 0.2546 0.2776 0.0293
212 0.1126 0.1256 0.1091 0.6279 0.0247
213 0.2910 0.3376 0.2866 0.0461 0.0385
214 0.2629 0.2507 0.0937 0.3794 0.0132
215 0.2739 0.3660 0.2615 0.0962 0.0024
216 0.2783 0.3438 0.2939 0.0798 0.0042
217 0.0474 0.1667 0.5820 0.1831 0.0209
218 0.1503 0.2595 0.5083 0.0357 0.0462
219 0.0195 0.0703 0.7681 0.1273 0.0147
220 0.0626 0.2020 0.5000 0.1927 0.0427
221 0.0947 0.4624 0.0570 0.3716 0.0142
222 0.2476 0.0540 0.2554 0.3601 0.0829
223 0.3542 0.1344 0.0479 0.4341 0.0293
224 0.1338 0.2277 0.5210 0.0884 0.0289
225 0.0912 0.1348 0.6953 0.0575 0.0215
226 0.3784 0.3611 0.1578 0.0187 0.0838
227 0.2747 0.0920 0.1494 0.3640 0.1200
228 0.2152 0.1930 0.4214 0.0496 0.1207
229 0.3240 0.3848 0.1761 0.0279 0.0872
230 0.3630 0.3926 0.0677 0.1057 0.0709
231 0.3091 0.5508 0.0500 0.0545 0.0355
