time exciting_prob fearful_prob tense_prob sad_prob relaxing_prob
0 0.1722 0.2246 0.1833 0.3762 0.0435
1 0.1576 0.3782 0.3840 0.0721 0.0079
2 0.1077 0.1951 0.6396 0.0207 0.0367
3 0.0443 0.3704 0.5142 0.0107 0.0605
4 0.0670 0.5566 0.2712 0.0659 0.0394
5 0.0203 0.3105 0.6572 0.0056 0.0062
6 0.0511 0.4968 0.4382 0.0101 0.0037
7 0.1122 0.3767 0.2048 0.0450 0.2610
8 0.0962 0.3657 0.1973 0.1206 0.2201
9 0.0105 0.1895 0.7852 0.0034 0.0112
10 0.0115 0.2126 0.7539 0.0087 0.0130
11 0.0898 0.1528 0.1993 0.4780 0.0799
12 0.0256 0.1683 0.2607 0.5107 0.0347
13 0.0150 0.2344 0.2783 0.4482 0.0239
14 0.0207 0.4785 0.4861 0.0080 0.0066
15 0.0665 0.4583 0.4512 0.0171 0.0072
16 0.1837 0.1837 0.1323 0.4407 0.0596
17 0.0756 0.1296 0.3901 0.3389 0.0657
18 0.0295 0.1881 0.2937 0.4077 0.0809
19 0.0920 0.1949 0.4675 0.0851 0.1603
20 0.0511 0.2742 0.6084 0.0245 0.0417
21 0.0815 0.2737 0.5981 0.0064 0.0404
22 0.0179 0.1610 0.8052 0.0051 0.0110
23 0.0309 0.5059 0.3879 0.0159 0.0595
24 0.0477 0.3555 0.5420 0.0178 0.0372
25 0.0177 0.3525 0.6187 0.0018 0.0095
26 0.0591 0.3911 0.5347 0.0072 0.0081
27 0.2003 0.0682 0.1107 0.5981 0.0227
28 0.0948 0.2991 0.1552 0.3811 0.0699
29 0.0172 0.1675 0.7627 0.0398 0.0128
30 0.0629 0.0814 0.2546 0.5649 0.0361
31 0.1573 0.2325 0.2036 0.2720 0.1346
32 0.0679 0.2297 0.6968 0.0008 0.0048
33 0.0367 0.2544 0.6807 0.0145 0.0138
34 0.0605 0.1583 0.6562 0.0163 0.1088
35 0.1436 0.2385 0.5503 0.0263 0.0414
36 0.0674 0.2795 0.5825 0.0304 0.0399
37 0.0341 0.2659 0.6841 0.0078 0.0082
38 0.0586 0.3423 0.4065 0.1694 0.0231
39 0.1065 0.1943 0.6680 0.0192 0.0119
40 0.0382 0.2798 0.6509 0.0195 0.0118
41 0.0433 0.3516 0.5708 0.0168 0.0176
42 0.1227 0.2311 0.5767 0.0308 0.0389
43 0.0994 0.4248 0.3413 0.0184 0.1161
44 0.1220 0.4326 0.2465 0.1340 0.0648
45 0.0285 0.2402 0.6953 0.0229 0.0133
46 0.0327 0.1959 0.6323 0.0904 0.0484
47 0.0266 0.3284 0.6235 0.0167 0.0049
48 0.0552 0.5444 0.3860 0.0118 0.0028
49 0.0065 0.2079 0.7725 0.0121 0.0009
50 0.2225 0.3188 0.1136 0.3066 0.0384
51 0.1434 0.5415 0.0850 0.2072 0.0229
52 0.1399 0.2554 0.5000 0.0447 0.0602
53 0.0420 0.4878 0.4373 0.0117 0.0214
54 0.0944 0.6450 0.0981 0.1406 0.0217
55 0.0355 0.1665 0.1171 0.6743 0.0068
56 0.0356 0.3025 0.5923 0.0122 0.0577
57 0.0818 0.5054 0.0957 0.1210 0.1963
58 0.0382 0.6221 0.1512 0.1466 0.0417
59 0.0843 0.4700 0.3896 0.0129 0.0430
60 0.0539 0.3225 0.5840 0.0230 0.0170
61 0.1527 0.0540 0.2808 0.1348 0.3779
62 0.1229 0.1278 0.2388 0.0712 0.4392
63 0.0209 0.3999 0.5728 0.0023 0.0041
64 0.0699 0.2087 0.6582 0.0310 0.0320
65 0.0932 0.2986 0.5156 0.0192 0.0732
66 0.0893 0.2771 0.5513 0.0331 0.0493
67 0.1000 0.4275 0.1622 0.2515 0.0588
68 0.2041 0.2747 0.2925 0.0927 0.1360
69 0.1306 0.4893 0.2744 0.0448 0.0608
70 0.0534 0.4368 0.4402 0.0534 0.0160
71 0.0219 0.3733 0.5967 0.0033 0.0051
72 0.1871 0.2898 0.3662 0.1117 0.0451
73 0.1142 0.4343 0.2803 0.0630 0.1081
74 0.1271 0.3000 0.3564 0.0747 0.1417
75 0.0424 0.3159 0.5542 0.0603 0.0272
76 0.0897 0.1490 0.4053 0.3257 0.0303
77 0.0605 0.3508 0.5269 0.0370 0.0248
78 0.0503 0.1178 0.4175 0.2654 0.1489
79 0.0826 0.2607 0.2754 0.3562 0.0250
80 0.0543 0.3684 0.5361 0.0195 0.0219
81 0.0168 0.2416 0.7324 0.0053 0.0038
82 0.1153 0.3752 0.3311 0.1227 0.0558
83 0.0817 0.2438 0.5039 0.1090 0.0616
84 0.0630 0.3279 0.5366 0.0487 0.0238
85 0.1182 0.3816 0.4712 0.0124 0.0165
86 0.0803 0.2935 0.5273 0.0457 0.0530
87 0.1080 0.1477 0.7158 0.0079 0.0208
88 0.0184 0.0732 0.5581 0.3230 0.0276
89 0.0527 0.1782 0.6724 0.0682 0.0284
90 0.1389 0.4019 0.1501 0.1467 0.1624
91 0.1097 0.2959 0.1123 0.1141 0.3682
92 0.0529 0.2026 0.6191 0.0134 0.1119
93 0.1469 0.2810 0.3606 0.0139 0.1976
94 0.2356 0.1792 0.3535 0.1203 0.1113
95 0.1166 0.2163 0.5698 0.0400 0.0573
96 0.0272 0.0571 0.2834 0.0032 0.6289
97 0.0298 0.1216 0.8052 0.0122 0.0312
98 0.1197 0.1840 0.6519 0.0075 0.0368
99 0.2328 0.2598 0.3899 0.0492 0.0683
100 0.1177 0.4238 0.3005 0.0423 0.1158
101 0.0235 0.1249 0.8145 0.0026 0.0347
102 0.0337 0.1213 0.8037 0.0051 0.0364
103 0.0604 0.2332 0.6748 0.0030 0.0287
104 0.1313 0.2825 0.4014 0.0875 0.0976
105 0.1445 0.3633 0.3777 0.0188 0.0955
106 0.1322 0.2267 0.3271 0.0112 0.3027
107 0.1904 0.3091 0.1299 0.2125 0.1580
108 0.0382 0.0692 0.8760 0.0119 0.0050
109 0.0413 0.1213 0.2000 0.6157 0.0216
110 0.0552 0.2632 0.1030 0.4619 0.1168
111 0.0308 0.4316 0.5127 0.0142 0.0109
112 0.0518 0.3711 0.4763 0.0461 0.0547
113 0.0486 0.2318 0.6206 0.0367 0.0624
114 0.0089 0.1278 0.8599 0.0014 0.0023
115 0.0074 0.3391 0.6436 0.0069 0.0032
116 0.0186 0.3298 0.6460 0.0036 0.0020
117 0.0333 0.3333 0.6128 0.0131 0.0075
118 0.0038 0.1085 0.8809 0.0048 0.0021
119 0.0074 0.0850 0.8989 0.0044 0.0041
120 0.1010 0.1010 0.4316 0.1946 0.1718
121 0.0692 0.1700 0.6367 0.0107 0.1133
122 0.2075 0.3613 0.3164 0.0096 0.1052
123 0.1146 0.1299 0.7075 0.0313 0.0166
124 0.0605 0.0874 0.7607 0.0192 0.0719
125 0.0777 0.2096 0.3098 0.0116 0.3916
126 0.0945 0.4106 0.3198 0.0394 0.1355
127 0.0598 0.1677 0.7339 0.0152 0.0232
128 0.0252 0.2351 0.6807 0.0422 0.0170
129 0.0389 0.1564 0.7461 0.0323 0.0263
130 0.0274 0.1702 0.7871 0.0049 0.0105
131 0.0283 0.0950 0.8599 0.0037 0.0132
132 0.1080 0.2935 0.3708 0.1725 0.0551
133 0.1984 0.1222 0.6016 0.0262 0.0517
134 0.2218 0.4412 0.2343 0.0273 0.0754
135 0.1504 0.3811 0.2639 0.0215 0.1829
136 0.1163 0.1182 0.1517 0.1201 0.4937
137 0.0421 0.1803 0.7471 0.0082 0.0224
138 0.0205 0.1217 0.3577 0.4814 0.0187
139 0.0533 0.1630 0.4229 0.3450 0.0159
140 0.1809 0.1063 0.6313 0.0635 0.0179
141 0.0278 0.1235 0.1160 0.6997 0.0327
142 0.3486 0.1115 0.4338 0.0797 0.0265
143 0.1895 0.2147 0.3652 0.1063 0.1243
144 0.1746 0.3582 0.2224 0.1002 0.1447
145 0.1790 0.6299 0.1028 0.0252 0.0634
146 0.2172 0.3337 0.3472 0.0048 0.0971
147 0.1025 0.5161 0.3281 0.0027 0.0503
148 0.0761 0.4246 0.3547 0.0132 0.1315
149 0.1517 0.3816 0.4126 0.0133 0.0409
150 0.1399 0.4111 0.2695 0.0282 0.1512
151 0.1213 0.3765 0.4333 0.0168 0.0522
152 0.1188 0.1226 0.1675 0.0200 0.5713
153 0.0676 0.3301 0.1312 0.0407 0.4304
154 0.2252 0.2035 0.2200 0.0132 0.3381
155 0.0732 0.3867 0.4521 0.0194 0.0683
156 0.2209 0.1182 0.1361 0.2625 0.2625
157 0.1343 0.3298 0.3916 0.0101 0.1343
158 0.1793 0.3271 0.4268 0.0091 0.0577
159 0.1429 0.3296 0.2842 0.0076 0.2356
160 0.0955 0.3279 0.1537 0.0791 0.3438
161 0.1224 0.1115 0.2434 0.1572 0.3655
162 0.1985 0.2693 0.3484 0.0388 0.1453
163 0.1025 0.2499 0.4316 0.0508 0.1652
164 0.0308 0.0886 0.0301 0.0233 0.8271
165 0.0584 0.2294 0.0864 0.0308 0.5952
166 0.0532 0.2600 0.2769 0.1154 0.2947
167 0.0625 0.3325 0.2064 0.0660 0.3325
168 0.1836 0.2690 0.2451 0.0288 0.2734
169 0.1520 0.1473 0.4197 0.1982 0.0826
170 0.1985 0.3887 0.2888 0.0888 0.0350
171 0.3677 0.3000 0.1820 0.0467 0.1037
172 0.1187 0.1868 0.0977 0.4480 0.1489
173 0.2162 0.2864 0.3025 0.1644 0.0304
174 0.1735 0.2583 0.3757 0.1483 0.0442
175 0.1217 0.3960 0.2896 0.0570 0.1357
176 0.2191 0.2996 0.3066 0.1248 0.0500
177 0.2485 0.2159 0.2952 0.1604 0.0801
178 0.1450 0.1012 0.2354 0.4397 0.0788
179 0.1141 0.3569 0.4106 0.0720 0.0464
180 0.0817 0.2659 0.5454 0.0352 0.0716
181 0.1199 0.3062 0.4055 0.0780 0.0905
182 0.1383 0.1749 0.4131 0.0329 0.2410
183 0.1804 0.2861 0.4465 0.0069 0.0801
184 0.2494 0.3833 0.2573 0.0213 0.0889
185 0.1553 0.3904 0.3904 0.0160 0.0481
186 0.1307 0.5015 0.2683 0.0545 0.0452
187 0.1582 0.4038 0.3706 0.0494 0.0180
188 0.1482 0.3875 0.4060 0.0201 0.0381
189 0.2140 0.3613 0.3420 0.0658 0.0169
190 0.1608 0.2844 0.2800 0.2452 0.0295
191 0.1646 0.5610 0.1823 0.0494 0.0426
192 0.0590 0.4360 0.3970 0.0943 0.0137
193 0.0542 0.2194 0.6348 0.0886 0.0030
194 0.1589 0.3088 0.1448 0.2368 0.1505
195 0.0558 0.5464 0.2350 0.1589 0.0039
196 0.1853 0.2343 0.3892 0.1597 0.0317
197 0.1648 0.2781 0.4478 0.0506 0.0587
198 0.1249 0.2408 0.5020 0.0770 0.0555
199 0.2327 0.3035 0.3306 0.0602 0.0732
200 0.1250 0.3821 0.3762 0.0339 0.0826
201 0.1378 0.0863 0.0919 0.6177 0.0662
202 0.1516 0.4744 0.2156 0.0613 0.0972
203 0.1549 0.1913 0.1294 0.3745 0.1501
204 0.1686 0.4409 0.3406 0.0201 0.0298
205 0.3181 0.4348 0.2291 0.0083 0.0097
206 0.1985 0.2249 0.2957 0.2214 0.0596
207 0.1367 0.2698 0.2474 0.0131 0.3330
208 0.0856 0.3157 0.4849 0.0365 0.0773
209 0.0550 0.2927 0.2666 0.3701 0.0155
210 0.3511 0.2864 0.2820 0.0765 0.0040
211 0.1567 0.3477 0.1340 0.2998 0.0619
212 0.0315 0.2520 0.6436 0.0109 0.0622
213 0.1213 0.3027 0.2734 0.0271 0.2756
214 0.1653 0.3137 0.3584 0.0369 0.1257
215 0.1576 0.3552 0.2639 0.0333 0.1901
216 0.0786 0.1226 0.1826 0.5713 0.0448
217 0.1680 0.4495 0.2642 0.1035 0.0150
218 0.1775 0.2407 0.2686 0.2771 0.0361
219 0.1713 0.1572 0.5317 0.0407 0.0991
220 0.1138 0.2751 0.4946 0.0086 0.1078
221 0.1216 0.4082 0.3230 0.0175 0.1295
222 0.1127 0.2876 0.3184 0.0428 0.2385
223 0.2208 0.1615 0.4785 0.0668 0.0723
224 0.1718 0.2104 0.3311 0.1873 0.0994
225 0.0465 0.4346 0.4346 0.0732 0.0109
226 0.0715 0.1798 0.6626 0.0519 0.0341
227 0.2251 0.3513 0.3950 0.0216 0.0070
228 0.1234 0.2961 0.2083 0.3103 0.0620
229 0.0936 0.4719 0.3704 0.0195 0.0446
230 0.1547 0.2360 0.3596 0.0630 0.1866
231 0.1810 0.2849 0.5156 0.0077 0.0106
232 0.1014 0.3301 0.4109 0.0089 0.1488
233 0.0949 0.2622 0.5815 0.0048 0.0567
234 0.0919 0.1757 0.2383 0.0523 0.4417
235 0.1019 0.5215 0.3369 0.0201 0.0195
236 0.2064 0.4009 0.2957 0.0573 0.0397
237 0.2142 0.2427 0.3701 0.0347 0.1383
238 0.0826 0.3142 0.4099 0.0288 0.1643
239 0.0507 0.4446 0.4048 0.0621 0.0377
240 0.0640 0.3125 0.5400 0.0293 0.0543
241 0.0363 0.3286 0.5952 0.0095 0.0303
242 0.1295 0.2102 0.4773 0.0293 0.1538
243 0.1153 0.2639 0.1626 0.4216 0.0366
244 0.0341 0.3342 0.1708 0.3970 0.0638
245 0.1277 0.4353 0.4026 0.0207 0.0140
246 0.0757 0.5908 0.2971 0.0114 0.0246
247 0.2195 0.2212 0.5308 0.0102 0.0186
248 0.2384 0.4385 0.2788 0.0215 0.0227
249 0.2986 0.3008 0.1714 0.0225 0.2068
250 0.1121 0.3398 0.5024 0.0090 0.0367
251 0.1854 0.2457 0.2069 0.3206 0.0414
