time exciting_prob fearful_prob tense_prob sad_prob relaxing_prob
0 0.2037 0.2830 0.2496 0.2310 0.0327
1 0.2417 0.0692 0.2271 0.4587 0.0034
2 0.1586 0.1294 0.2418 0.4661 0.0041
3 0.1959 0.1346 0.3384 0.3281 0.0029
4 0.1404 0.0706 0.1748 0.6099 0.0041
5 0.2390 0.0297 0.1862 0.5386 0.0064
6 0.2559 0.0781 0.1678 0.4932 0.0050
7 0.1571 0.0938 0.3274 0.4141 0.0076
8 0.0060 0.0975 0.0447 0.8428 0.0090
9 0.0290 0.1383 0.0740 0.7363 0.0226
10 0.0284 0.3489 0.0715 0.4768 0.0743
11 0.0559 0.1362 0.0456 0.7539 0.0083
12 0.0350 0.1935 0.0729 0.6914 0.0074
13 0.0251 0.3931 0.0745 0.4893 0.0181
14 0.0821 0.3484 0.1046 0.4236 0.0413
15 0.0436 0.1096 0.0547 0.7666 0.0256
16 0.0130 0.1729 0.4553 0.3547 0.0042
17 0.0115 0.2457 0.3748 0.3633 0.0048
18 0.0647 0.1118 0.4971 0.2703 0.0562
19 0.0482 0.1708 0.4944 0.2605 0.0262
20 0.0373 0.2654 0.4045 0.2737 0.0192
21 0.0236 0.3230 0.2852 0.3440 0.0243
22 0.0208 0.1233 0.1195 0.7266 0.0099
23 0.0212 0.1803 0.1069 0.6860 0.0056
24 0.0433 0.2961 0.1989 0.4517 0.0101
25 0.0518 0.0778 0.1282 0.7319 0.0103
26 0.1515 0.1074 0.0843 0.6182 0.0389
27 0.0569 0.3430 0.2957 0.2935 0.0108
28 0.0285 0.0781 0.0793 0.8135 0.0009
29 0.0464 0.0981 0.1405 0.7139 0.0013
30 0.0298 0.1237 0.1857 0.6528 0.0079
31 0.0989 0.2111 0.1509 0.5264 0.0128
32 0.0137 0.0517 0.0853 0.8477 0.0015
33 0.0217 0.0732 0.0870 0.8125 0.0056
34 0.0611 0.2473 0.1107 0.5752 0.0058
35 0.0217 0.1405 0.0546 0.7715 0.0117
36 0.0178 0.1409 0.0708 0.7495 0.0209
37 0.0389 0.1599 0.1456 0.6426 0.0132
38 0.1240 0.0801 0.0922 0.6919 0.0121
39 0.0852 0.1279 0.1028 0.6699 0.0140
40 0.1241 0.3401 0.2063 0.3196 0.0100
41 0.0917 0.3152 0.1727 0.4111 0.0090
42 0.1192 0.4097 0.1935 0.2708 0.0069
43 0.1097 0.3743 0.3831 0.1263 0.0067
44 0.0706 0.2157 0.5864 0.1191 0.0084
45 0.0411 0.1552 0.0355 0.7290 0.0392
46 0.1326 0.0315 0.2185 0.6035 0.0140
47 0.2246 0.1174 0.2627 0.3792 0.0163
48 0.0731 0.1910 0.1263 0.6025 0.0070
49 0.0597 0.0606 0.3953 0.4768 0.0075
50 0.0458 0.0842 0.6724 0.1957 0.0018
51 0.0400 0.0591 0.5186 0.3792 0.0033
52 0.0312 0.0205 0.1663 0.7812 0.0010
53 0.1165 0.0509 0.2583 0.5732 0.0010
54 0.0396 0.0068 0.0788 0.8740 0.0008
55 0.0680 0.1193 0.3618 0.4502 0.0007
56 0.0267 0.0870 0.2188 0.6636 0.0039
57 0.0315 0.2720 0.4414 0.2476 0.0075
58 0.0916 0.1711 0.2340 0.4954 0.0078
59 0.0220 0.1146 0.2426 0.6196 0.0014
60 0.0271 0.1071 0.3198 0.5439 0.0019
61 0.2003 0.1973 0.3542 0.2271 0.0211
62 0.0595 0.0581 0.2371 0.6348 0.0107
63 0.1038 0.2651 0.4370 0.1880 0.0062
64 0.1060 0.0378 0.1060 0.7476 0.0029
65 0.0848 0.0305 0.1142 0.7681 0.0024
66 0.0206 0.0197 0.0828 0.8765 0.0007
67 0.1058 0.0693 0.4182 0.4055 0.0011
68 0.0130 0.0242 0.0819 0.8809 0.0002
69 0.0530 0.0834 0.3101 0.5527 0.0007
70 0.0312 0.1115 0.3711 0.4766 0.0095
71 0.0380 0.1172 0.2258 0.6138 0.0051
72 0.0138 0.0320 0.1504 0.8008 0.0031
73 0.0283 0.2094 0.5874 0.1656 0.0093
74 0.0127 0.1479 0.7397 0.0912 0.0081
75 0.0110 0.0967 0.2111 0.6709 0.0103
76 0.0177 0.1003 0.3140 0.5513 0.0169
77 0.0106 0.3335 0.3899 0.2637 0.0024
78 0.0167 0.1836 0.4202 0.3767 0.0030
79 0.0113 0.1844 0.6748 0.1229 0.0065
80 0.0117 0.1420 0.5444 0.3005 0.0013
81 0.0033 0.1835 0.1620 0.6504 0.0007
82 0.0218 0.1659 0.6260 0.1765 0.0100
83 0.0103 0.2090 0.3843 0.3904 0.0059
84 0.0250 0.1748 0.7134 0.0839 0.0032
85 0.0569 0.1106 0.6265 0.1881 0.0176
86 0.0348 0.0931 0.2913 0.5791 0.0014
87 0.0886 0.1036 0.2262 0.5776 0.0040
88 0.0193 0.1592 0.1077 0.7134 0.0004
89 0.0813 0.1555 0.3022 0.4397 0.0214
90 0.0209 0.0959 0.0522 0.8286 0.0025
91 0.0168 0.3242 0.4229 0.2228 0.0134
92 0.0204 0.2769 0.5093 0.1760 0.0174
93 0.1667 0.0628 0.0222 0.7471 0.0012
94 0.1864 0.1232 0.0373 0.6509 0.0023
95 0.0473 0.1730 0.2021 0.5762 0.0016
96 0.0475 0.2549 0.2798 0.4136 0.0043
97 0.0467 0.1921 0.2505 0.5059 0.0046
98 0.0515 0.1335 0.1825 0.6270 0.0055
99 0.1360 0.0825 0.3313 0.4458 0.0043
100 0.1451 0.0547 0.1646 0.6304 0.0050
101 0.2236 0.2236 0.1958 0.3306 0.0265
102 0.2690 0.1893 0.1140 0.3706 0.0569
103 0.0097 0.0522 0.0601 0.8428 0.0351
104 0.0124 0.0679 0.1036 0.7900 0.0262
105 0.0126 0.0488 0.1152 0.7998 0.0238
106 0.0372 0.1383 0.3645 0.4536 0.0065
107 0.0499 0.2615 0.2576 0.4246 0.0066
108 0.0611 0.2083 0.4409 0.2847 0.0049
109 0.0388 0.2527 0.5874 0.1194 0.0016
110 0.0305 0.3208 0.5630 0.0811 0.0042
111 0.0253 0.1830 0.3997 0.3875 0.0047
112 0.0299 0.1086 0.6548 0.1967 0.0100
113 0.1329 0.2859 0.4033 0.1761 0.0017
114 0.1182 0.1404 0.0851 0.6289 0.0272
115 0.1381 0.1589 0.2173 0.4819 0.0036
116 0.0620 0.0889 0.3801 0.4658 0.0032
117 0.0950 0.0679 0.3369 0.4607 0.0393
118 0.0867 0.1417 0.2161 0.5352 0.0206
119 0.0935 0.0533 0.2350 0.6001 0.0180
120 0.0398 0.1974 0.5986 0.1586 0.0058
121 0.1121 0.1417 0.2839 0.4365 0.0258
122 0.0452 0.1288 0.2683 0.5420 0.0155
123 0.1051 0.0775 0.2747 0.5215 0.0213
124 0.0740 0.1028 0.3044 0.5020 0.0169
125 0.0793 0.0524 0.1034 0.2559 0.5088
126 0.0536 0.0444 0.0441 0.1626 0.6953
127 0.0607 0.0333 0.0607 0.2222 0.6230
128 0.1467 0.3660 0.4019 0.0792 0.0062
129 0.0615 0.4336 0.2671 0.2357 0.0019
130 0.0757 0.1530 0.5093 0.1733 0.0885
131 0.0503 0.3179 0.4412 0.1897 0.0011
132 0.0392 0.3440 0.4631 0.1527 0.0009
133 0.0518 0.3433 0.5073 0.0953 0.0022
134 0.0414 0.4080 0.4080 0.1410 0.0018
135 0.0332 0.3801 0.3008 0.2825 0.0036
136 0.1003 0.1051 0.5684 0.2190 0.0074
137 0.1094 0.0664 0.2317 0.4004 0.1921
138 0.0831 0.0545 0.2441 0.4856 0.1327
139 0.0424 0.0646 0.5757 0.2439 0.0732
140 0.0358 0.0274 0.2227 0.5176 0.1965
141 0.0580 0.3367 0.3999 0.1919 0.0135
142 0.0500 0.0485 0.7578 0.1338 0.0097
143 0.0970 0.3154 0.1770 0.2006 0.2101
144 0.0472 0.2434 0.5571 0.1431 0.0094
145 0.0497 0.1004 0.5264 0.3191 0.0045
146 0.0577 0.0887 0.7905 0.0534 0.0095
147 0.0228 0.1282 0.7495 0.0968 0.0029
148 0.0170 0.0549 0.8867 0.0408 0.0005
149 0.0800 0.1448 0.2542 0.4900 0.0311
150 0.0419 0.0439 0.7666 0.1418 0.0056
151 0.0422 0.1062 0.6406 0.1984 0.0128
152 0.1562 0.1108 0.4890 0.2274 0.0166
153 0.1327 0.0473 0.5083 0.2764 0.0352
154 0.1143 0.0890 0.2534 0.5122 0.0312
155 0.0673 0.0739 0.6094 0.1979 0.0516
156 0.0804 0.0698 0.6035 0.2220 0.0243
157 0.0809 0.0574 0.4514 0.3982 0.0121
158 0.0743 0.1245 0.6523 0.1411 0.0077
159 0.1081 0.1098 0.4143 0.3601 0.0076
160 0.0396 0.1183 0.3586 0.4678 0.0158
161 0.1055 0.0649 0.1851 0.6357 0.0087
162 0.0635 0.0495 0.2289 0.6318 0.0261
163 0.0572 0.1249 0.3845 0.4290 0.0044
164 0.0322 0.2759 0.1672 0.5151 0.0096
165 0.0293 0.3765 0.2754 0.3120 0.0067
166 0.0251 0.3599 0.2847 0.3276 0.0030
167 0.0309 0.1832 0.2505 0.5303 0.0052
168 0.1307 0.2725 0.3235 0.2520 0.0213
169 0.0573 0.2712 0.1865 0.4763 0.0086
170 0.0373 0.2649 0.1685 0.5190 0.0104
171 0.0377 0.4419 0.2153 0.2991 0.0062
172 0.0238 0.1841 0.1841 0.6035 0.0048
173 0.0188 0.1124 0.1636 0.6992 0.0060
174 0.0177 0.0693 0.1637 0.7451 0.0041
175 0.0282 0.1621 0.2181 0.5840 0.0076
176 0.0247 0.1674 0.5156 0.2893 0.0030
177 0.0881 0.3950 0.3486 0.1621 0.0063
178 0.0683 0.3159 0.4055 0.2040 0.0062
179 0.0329 0.1832 0.2625 0.5142 0.0073
180 0.0310 0.1338 0.3635 0.4595 0.0122
181 0.0267 0.0930 0.2866 0.5791 0.0147
182 0.0629 0.2373 0.2195 0.4792 0.0011
183 0.0874 0.1510 0.2338 0.5269 0.0009
184 0.1210 0.0914 0.2261 0.5596 0.0019
185 0.0376 0.3271 0.3169 0.3169 0.0015
186 0.0105 0.0998 0.1282 0.7607 0.0007
187 0.1074 0.2102 0.3010 0.3806 0.0008
188 0.1826 0.0721 0.1914 0.5537 0.0003
189 0.1148 0.1724 0.3171 0.3945 0.0012
190 0.0566 0.3901 0.2578 0.2944 0.0009
191 0.0275 0.6992 0.1824 0.0903 0.0004
192 0.0622 0.6089 0.1931 0.1338 0.0018
193 0.0280 0.5669 0.1689 0.2346 0.0013
194 0.1009 0.5718 0.1587 0.1664 0.0024
195 0.0247 0.1403 0.0871 0.7466 0.0014
196 0.0628 0.0794 0.2124 0.6440 0.0012
197 0.0496 0.0369 0.1247 0.7881 0.0008
198 0.0375 0.0375 0.1602 0.7642 0.0005
199 0.0382 0.0388 0.1909 0.7319 0.0005
200 0.0574 0.0327 0.1294 0.7803 0.0005
201 0.0227 0.0739 0.1539 0.7456 0.0039
202 0.0314 0.2166 0.2034 0.5444 0.0044
203 0.0359 0.1398 0.3005 0.5195 0.0043
204 0.0576 0.1110 0.1732 0.6484 0.0099
205 0.0500 0.1653 0.0623 0.7178 0.0046
206 0.0400 0.1321 0.0471 0.7720 0.0089
207 0.0736 0.4878 0.1621 0.2737 0.0029
208 0.0883 0.0579 0.2185 0.6323 0.0030
209 0.0765 0.0923 0.2469 0.5742 0.0102
210 0.0312 0.0715 0.0933 0.7935 0.0107
211 0.1144 0.1359 0.1718 0.5718 0.0062
212 0.0768 0.1527 0.2401 0.5244 0.0058
213 0.0735 0.0713 0.2527 0.5967 0.0058
214 0.0346 0.1423 0.3110 0.5049 0.0074
215 0.0301 0.0553 0.1704 0.7397 0.0043
216 0.0338 0.1228 0.2725 0.5679 0.0030
217 0.1099 0.1840 0.2986 0.3955 0.0119
218 0.0943 0.3215 0.3645 0.2109 0.0087
219 0.1074 0.3635 0.3579 0.1613 0.0099
220 0.0366 0.1348 0.4705 0.3552 0.0029
221 0.0204 0.0655 0.3486 0.5571 0.0085
222 0.0475 0.1062 0.5396 0.3025 0.0044
223 0.0340 0.0410 0.0720 0.8506 0.0023
224 0.1824 0.1500 0.1089 0.5576 0.0013
225 0.2032 0.2651 0.3799 0.1487 0.0031
226 0.0386 0.2156 0.4783 0.2600 0.0076
227 0.0067 0.0991 0.2693 0.6162 0.0086
228 0.0210 0.1169 0.4924 0.3660 0.0036
229 0.1198 0.0811 0.2007 0.5806 0.0179
230 0.1437 0.2157 0.1846 0.4497 0.0064
231 0.0280 0.2942 0.3181 0.3550 0.0045
232 0.0604 0.2708 0.2505 0.4128 0.0057
233 0.0698 0.3174 0.3379 0.2590 0.0157
234 0.0371 0.1588 0.3257 0.4741 0.0043
235 0.0303 0.1337 0.3206 0.5122 0.0033
236 0.0782 0.2029 0.3562 0.3398 0.0229
237 0.0897 0.1198 0.2291 0.5244 0.0368
238 0.1633 0.0591 0.2413 0.5190 0.0171
239 0.1697 0.1750 0.1863 0.4541 0.0149
240 0.2257 0.1306 0.1576 0.4705 0.0156
241 0.1533 0.0975 0.1582 0.5698 0.0214
242 0.0526 0.2935 0.1242 0.4543 0.0754
243 0.0655 0.3052 0.0888 0.4438 0.0967
244 0.0399 0.1460 0.0712 0.7075 0.0352
245 0.0259 0.1306 0.0515 0.7520 0.0402
246 0.0482 0.1149 0.2588 0.5742 0.0039
247 0.0156 0.1321 0.0614 0.7837 0.0071
248 0.0421 0.4675 0.2583 0.2296 0.0025
249 0.0556 0.0888 0.5190 0.3350 0.0016
250 0.0365 0.2052 0.5576 0.1989 0.0016
251 0.0252 0.1301 0.4368 0.3977 0.0101
252 0.0352 0.1964 0.3474 0.3999 0.0210
253 0.0441 0.0710 0.1527 0.7285 0.0038
254 0.0393 0.2043 0.2389 0.5137 0.0040
255 0.0365 0.1344 0.3831 0.4207 0.0255
256 0.0439 0.2471 0.3828 0.3223 0.0040
257 0.0307 0.2512 0.1477 0.5659 0.0045
258 0.1290 0.1331 0.5103 0.2264 0.0014
259 0.0553 0.1017 0.6528 0.1899 0.0004
260 0.0341 0.1996 0.5093 0.2561 0.0006
261 0.0651 0.1796 0.4585 0.2961 0.0008
262 0.0422 0.2338 0.4873 0.2230 0.0137
263 0.0530 0.4724 0.2935 0.1633 0.0179
264 0.0413 0.3567 0.3247 0.2590 0.0182
265 0.0222 0.4607 0.4001 0.1156 0.0013
266 0.0079 0.4539 0.4004 0.1362 0.0015
267 0.0860 0.0620 0.3794 0.4507 0.0219
268 0.1080 0.0983 0.3770 0.4075 0.0094
269 0.0929 0.1260 0.4397 0.3318 0.0096
270 0.0021 0.1382 0.0264 0.8330 0.0002
271 0.0062 0.2054 0.0710 0.7173 0.0003
272 0.0018 0.1801 0.0355 0.7822 0.0004
273 0.0162 0.1857 0.3159 0.4741 0.0079
274 0.0164 0.0629 0.1821 0.7319 0.0066
275 0.0247 0.0454 0.0976 0.8174 0.0151
276 0.0122 0.0321 0.0387 0.9087 0.0085
277 0.0098 0.1459 0.1705 0.6436 0.0303
278 0.0129 0.1696 0.1473 0.6401 0.0302
279 0.0225 0.1975 0.0750 0.6787 0.0263
280 0.0593 0.0462 0.2135 0.6782 0.0027
281 0.0451 0.1033 0.0817 0.7632 0.0070
282 0.0162 0.0540 0.0978 0.8057 0.0263
283 0.0183 0.1707 0.4639 0.3447 0.0025
284 0.0179 0.1913 0.2871 0.4961 0.0077
285 0.0557 0.3335 0.1492 0.4487 0.0130
286 0.0156 0.1672 0.3828 0.4138 0.0206
287 0.0514 0.1176 0.2690 0.5435 0.0184
288 0.0057 0.3899 0.0699 0.5332 0.0014
289 0.0047 0.3257 0.0786 0.5898 0.0015
290 0.0015 0.1603 0.0845 0.7529 0.0006
291 0.0087 0.2017 0.1895 0.5928 0.0074
292 0.0032 0.1835 0.0982 0.7144 0.0009
293 0.0986 0.3440 0.2039 0.3440 0.0093
294 0.0928 0.4570 0.1555 0.2837 0.0108
295 0.1125 0.4146 0.2151 0.2438 0.0140
296 0.0788 0.4001 0.2389 0.2729 0.0093
297 0.0598 0.2440 0.5249 0.1481 0.0232
298 0.0795 0.1232 0.3508 0.4299 0.0164
299 0.1519 0.1279 0.3586 0.3477 0.0140
300 0.0948 0.2072 0.2832 0.3931 0.0218
301 0.0712 0.1556 0.3242 0.4229 0.0260
302 0.1392 0.1328 0.3555 0.3499 0.0227
303 0.1746 0.0878 0.2747 0.4390 0.0240
304 0.1183 0.0981 0.1320 0.6499 0.0017
305 0.1194 0.0975 0.1658 0.6157 0.0014
306 0.1266 0.1066 0.1526 0.6133 0.0010
307 0.0982 0.0908 0.1166 0.6924 0.0018
308 0.0673 0.0878 0.0838 0.7583 0.0027
309 0.0616 0.1262 0.3542 0.4338 0.0241
310 0.1371 0.0865 0.6143 0.1578 0.0041
311 0.1323 0.0616 0.5151 0.2891 0.0017
312 0.1131 0.2064 0.5522 0.1251 0.0031
313 0.0118 0.1312 0.6362 0.2198 0.0009
314 0.0142 0.1731 0.4089 0.4026 0.0012
315 0.0232 0.2186 0.6133 0.1434 0.0016
316 0.0150 0.3008 0.5449 0.1377 0.0017
317 0.0146 0.0726 0.6895 0.2203 0.0031
318 0.1630 0.0375 0.4163 0.3674 0.0159
319 0.1139 0.0353 0.3853 0.4575 0.0079
320 0.1520 0.0449 0.4397 0.3533 0.0103
321 0.1395 0.0306 0.3972 0.4229 0.0096
322 0.1934 0.0296 0.3289 0.4290 0.0191
323 0.1351 0.0220 0.3242 0.5098 0.0088
324 0.0103 0.0451 0.0345 0.9053 0.0050
325 0.0132 0.1460 0.0489 0.7891 0.0027
326 0.0159 0.1071 0.0916 0.7788 0.0064
327 0.0285 0.1075 0.0892 0.7583 0.0166
328 0.0103 0.0509 0.0443 0.8887 0.0059
329 0.1390 0.1390 0.3752 0.3416 0.0051
330 0.1020 0.1543 0.3530 0.3877 0.0028
331 0.1346 0.0761 0.1929 0.5942 0.0023
332 0.0435 0.1078 0.1061 0.7368 0.0059
333 0.0794 0.1775 0.2583 0.4824 0.0023
334 0.1355 0.0620 0.5796 0.2198 0.0032
335 0.1186 0.1047 0.5835 0.1895 0.0035
336 0.1418 0.0901 0.5610 0.2032 0.0038
337 0.0253 0.0953 0.1895 0.6826 0.0075
338 0.0628 0.0331 0.1229 0.7769 0.0042
339 0.0170 0.0294 0.0710 0.8784 0.0044
340 0.0012 0.0203 0.0152 0.9629 0.0002
341 0.1521 0.0233 0.1498 0.6401 0.0345
342 0.2368 0.0580 0.1963 0.4783 0.0306
343 0.1426 0.0285 0.1471 0.6592 0.0226
344 0.2408 0.0659 0.1372 0.5181 0.0381
345 0.1613 0.1276 0.2920 0.3992 0.0202
346 0.1356 0.3518 0.1854 0.3254 0.0018
347 0.1820 0.5186 0.1321 0.1656 0.0020
348 0.0723 0.1212 0.2159 0.5869 0.0036
349 0.1058 0.2205 0.2786 0.3931 0.0022
350 0.1317 0.1237 0.2854 0.4561 0.0033
351 0.2310 0.1017 0.4087 0.2205 0.0383
352 0.1461 0.2177 0.2773 0.2585 0.1004
353 0.0676 0.0714 0.4692 0.3711 0.0206
354 0.2086 0.0993 0.3896 0.2808 0.0217
355 0.1874 0.1874 0.4028 0.2140 0.0084
356 0.0555 0.3372 0.2998 0.2908 0.0168
357 0.0439 0.1763 0.1450 0.6250 0.0102
358 0.0400 0.1440 0.2319 0.5742 0.0101
359 0.1006 0.1685 0.3223 0.3738 0.0350
360 0.0159 0.0936 0.7773 0.1086 0.0044
361 0.0200 0.2896 0.4556 0.2291 0.0056
362 0.0153 0.3376 0.3325 0.3076 0.0068
363 0.0361 0.1544 0.3479 0.4468 0.0148
364 0.0437 0.3354 0.2717 0.3303 0.0189
365 0.0291 0.4561 0.2440 0.2639 0.0070
366 0.0423 0.3149 0.4043 0.2268 0.0118
367 0.0517 0.4194 0.2317 0.2710 0.0262
368 0.0920 0.3994 0.2073 0.2876 0.0137
369 0.1439 0.4575 0.2449 0.1384 0.0153
370 0.0461 0.2415 0.3406 0.3569 0.0150
371 0.0446 0.3540 0.3950 0.2017 0.0047
372 0.0457 0.1166 0.1030 0.7148 0.0201
373 0.0455 0.1436 0.1705 0.6235 0.0166
374 0.0723 0.1667 0.2927 0.4395 0.0290
375 0.0540 0.1899 0.5166 0.2119 0.0276
376 0.1461 0.1532 0.2159 0.4792 0.0056
377 0.1805 0.2688 0.2605 0.2817 0.0084
378 0.2094 0.2905 0.3242 0.1655 0.0104
379 0.0823 0.0933 0.2742 0.5366 0.0138
380 0.0566 0.0738 0.1855 0.6787 0.0056
381 0.0753 0.1166 0.2668 0.5308 0.0102
382 0.1310 0.2795 0.3940 0.1832 0.0122
383 0.0854 0.0888 0.2651 0.5439 0.0164
384 0.0924 0.1097 0.2593 0.5234 0.0151
385 0.1941 0.1609 0.3352 0.2913 0.0185
386 0.1846 0.1019 0.2369 0.4568 0.0199
387 0.2042 0.0500 0.1747 0.5552 0.0160
388 0.1832 0.0718 0.1832 0.5386 0.0233
389 0.2037 0.2830 0.2496 0.2310 0.0327
390 0.1301 0.1521 0.0214 0.6929 0.0037
391 0.1164 0.1329 0.0228 0.7246 0.0035
392 0.1217 0.1346 0.0230 0.7168 0.0036
393 0.1161 0.1295 0.0225 0.7280 0.0035
394 0.1118 0.1277 0.0224 0.7349 0.0034
395 0.9189 0.0368 0.0103 0.0284 0.0056
396 0.9165 0.0375 0.0103 0.0297 0.0059
397 0.9160 0.0375 0.0104 0.0299 0.0059
398 0.9160 0.0375 0.0104 0.0299 0.0059
399 0.9058 0.0417 0.0117 0.0343 0.0065
400 0.9053 0.0420 0.0118 0.0343 0.0066
401 0.9053 0.0420 0.0118 0.0343 0.0066
402 0.9053 0.0420 0.0118 0.0343 0.0066
403 0.9053 0.0420 0.0118 0.0343 0.0066
404 0.9053 0.0420 0.0118 0.0343 0.0066
405 0.9048 0.0420 0.0119 0.0348 0.0066
406 0.9053 0.0420 0.0118 0.0345 0.0066
407 0.9058 0.0420 0.0119 0.0338 0.0066
408 0.2037 0.2830 0.2496 0.2310 0.0327
409 0.2037 0.2830 0.2496 0.2310 0.0327
410 0.3186 0.2600 0.1759 0.2122 0.0333
411 0.3218 0.2585 0.1749 0.2109 0.0339
412 0.3218 0.2585 0.1749 0.2109 0.0339
413 0.3218 0.2585 0.1749 0.2109 0.0339
414 0.3386 0.2595 0.1676 0.1991 0.0351
415 0.3411 0.2576 0.1688 0.1974 0.0351
416 0.3411 0.2576 0.1688 0.1974 0.0351
417 0.3411 0.2576 0.1688 0.1974 0.0351
418 0.3411 0.2576 0.1688 0.1974 0.0351
419 0.3411 0.2576 0.1688 0.1974 0.0351
