time exciting_prob fearful_prob tense_prob sad_prob relaxing_prob
0 0.0732 0.0869 0.6733 0.1573 0.0093
1 0.2151 0.0472 0.3230 0.3438 0.0709
2 0.2852 0.0688 0.1207 0.4775 0.0480
3 0.2568 0.1418 0.3098 0.2451 0.0464
4 0.0825 0.2603 0.4224 0.0533 0.1816
5 0.0111 0.0173 0.0298 0.8579 0.0836
6 0.0758 0.0521 0.2646 0.5605 0.0471
7 0.2238 0.0434 0.4346 0.2438 0.0544
8 0.2520 0.0598 0.5679 0.0956 0.0246
9 0.1879 0.0555 0.5698 0.1312 0.0555
10 0.1301 0.0443 0.2549 0.5146 0.0560
11 0.2333 0.0590 0.0673 0.3501 0.2903
12 0.1097 0.1097 0.3655 0.3889 0.0261
13 0.0890 0.2273 0.3308 0.3359 0.0171
14 0.2274 0.0837 0.4453 0.1638 0.0798
15 0.2283 0.3071 0.1184 0.3169 0.0293
16 0.2371 0.3069 0.2771 0.1394 0.0396
17 0.2632 0.2360 0.3276 0.1293 0.0437
18 0.1328 0.1874 0.1680 0.1932 0.3186
19 0.1045 0.0789 0.7603 0.0479 0.0085
20 0.1177 0.0903 0.6987 0.0778 0.0154
21 0.3015 0.0576 0.3811 0.1829 0.0768
22 0.1927 0.0743 0.5161 0.1346 0.0823
23 0.1970 0.0968 0.4766 0.0132 0.2164
24 0.0929 0.1791 0.4719 0.1556 0.1005
25 0.0862 0.1943 0.5894 0.0552 0.0749
26 0.0752 0.1775 0.2209 0.4463 0.0800
27 0.0725 0.3052 0.2198 0.3352 0.0671
28 0.0704 0.0817 0.4380 0.0173 0.3926
29 0.0840 0.0895 0.5273 0.0083 0.2910
30 0.1761 0.4097 0.2334 0.0813 0.0996
31 0.1960 0.1899 0.5166 0.0627 0.0349
32 0.2272 0.1812 0.3547 0.1378 0.0992
33 0.1586 0.2871 0.4448 0.0904 0.0191
34 0.0442 0.0839 0.4827 0.3477 0.0415
35 0.0474 0.2390 0.2317 0.3479 0.1340
36 0.2925 0.2026 0.2368 0.1553 0.1127
37 0.3167 0.2815 0.2390 0.0764 0.0865
38 0.0905 0.1401 0.6235 0.0745 0.0716
39 0.0729 0.1722 0.6602 0.0399 0.0546
40 0.1862 0.3047 0.3674 0.0288 0.1129
41 0.2081 0.3513 0.2935 0.0329 0.1141
42 0.2302 0.1582 0.2549 0.1582 0.1985
43 0.3218 0.2729 0.2177 0.1112 0.0764
44 0.0790 0.3276 0.1399 0.0423 0.4111
45 0.1722 0.1819 0.1300 0.0403 0.4756
46 0.2107 0.1393 0.1426 0.1860 0.3213
47 0.3364 0.1317 0.0421 0.0871 0.4026
48 0.4431 0.2605 0.1593 0.0770 0.0600
49 0.1766 0.2612 0.1956 0.0097 0.3569
50 0.2981 0.2415 0.1030 0.0143 0.3433
51 0.3008 0.1973 0.1477 0.0241 0.3303
52 0.1443 0.3176 0.1726 0.0167 0.3489
53 0.1547 0.3101 0.1608 0.0547 0.3198
54 0.1851 0.2321 0.1924 0.1620 0.2285
55 0.0475 0.3645 0.2668 0.1321 0.1892
56 0.2462 0.1948 0.3640 0.1093 0.0858
57 0.2057 0.3608 0.3555 0.0177 0.0603
58 0.2080 0.2568 0.4233 0.0410 0.0707
59 0.2284 0.2527 0.3621 0.0555 0.1013
60 0.1151 0.4697 0.2325 0.0359 0.1466
61 0.2681 0.2766 0.1470 0.1026 0.2056
62 0.2158 0.1449 0.3503 0.2091 0.0800
63 0.2622 0.1019 0.2368 0.3113 0.0878
64 0.2595 0.1575 0.2363 0.2595 0.0870
65 0.2646 0.1311 0.2817 0.2030 0.1193
66 0.2419 0.0120 0.2037 0.4382 0.1041
67 0.1836 0.1440 0.5610 0.0107 0.1006
68 0.1482 0.3394 0.3904 0.0812 0.0408
69 0.0356 0.1648 0.6831 0.0423 0.0743
70 0.0215 0.2272 0.6890 0.0148 0.0476
71 0.2207 0.1639 0.2207 0.2810 0.1136
72 0.2103 0.0863 0.5586 0.0455 0.0994
73 0.2537 0.0738 0.3606 0.2103 0.1017
74 0.5015 0.1788 0.2191 0.0858 0.0145
75 0.4082 0.1134 0.2021 0.2400 0.0362
76 0.1243 0.0265 0.4915 0.3484 0.0094
77 0.0933 0.1946 0.6479 0.0261 0.0380
78 0.0499 0.1898 0.6943 0.0120 0.0540
79 0.4795 0.0908 0.2000 0.0235 0.2063
80 0.0544 0.0305 0.8120 0.0842 0.0190
81 0.0855 0.0404 0.6519 0.1838 0.0385
82 0.1642 0.0470 0.6099 0.1471 0.0318
83 0.2593 0.0548 0.5239 0.1187 0.0433
84 0.0678 0.0244 0.1962 0.6235 0.0884
85 0.2566 0.0390 0.0713 0.1384 0.4946
86 0.0688 0.0607 0.2556 0.5947 0.0202
87 0.1602 0.1248 0.2900 0.3784 0.0466
88 0.1348 0.0870 0.2054 0.5586 0.0145
89 0.0485 0.3557 0.1460 0.4358 0.0140
90 0.0197 0.5234 0.3831 0.0655 0.0085
91 0.0274 0.4963 0.4180 0.0430 0.0152
92 0.0463 0.1019 0.5771 0.2406 0.0339
93 0.0430 0.4175 0.3801 0.0682 0.0910
94 0.1208 0.3389 0.2944 0.2153 0.0308
95 0.0990 0.0691 0.1510 0.6357 0.0453
96 0.0246 0.3372 0.1619 0.4539 0.0224
97 0.0569 0.1014 0.6719 0.1014 0.0681
98 0.0951 0.4397 0.2318 0.0814 0.1520
99 0.0825 0.2661 0.2922 0.1978 0.1614
100 0.0850 0.0622 0.1827 0.5811 0.0891
101 0.0456 0.0914 0.7651 0.0122 0.0858
102 0.0544 0.0804 0.4211 0.4211 0.0227
103 0.0343 0.1284 0.1958 0.6128 0.0287
104 0.0786 0.5005 0.3230 0.0351 0.0631
105 0.0529 0.2930 0.4832 0.1342 0.0367
106 0.1859 0.1964 0.2140 0.2369 0.1667
107 0.0649 0.1384 0.5649 0.0866 0.1451
108 0.2150 0.2252 0.1537 0.2361 0.1700
109 0.1295 0.2202 0.4556 0.1378 0.0570
110 0.0401 0.2136 0.1798 0.5625 0.0037
111 0.0516 0.2683 0.4634 0.1873 0.0294
112 0.0491 0.2198 0.2415 0.4441 0.0454
113 0.0817 0.1501 0.4414 0.2849 0.0417
114 0.0613 0.1980 0.4062 0.3066 0.0279
115 0.1516 0.3523 0.1423 0.0792 0.2744
116 0.1566 0.2705 0.2107 0.0459 0.3162
117 0.1292 0.2197 0.2529 0.0246 0.3738
118 0.1299 0.1616 0.1361 0.0080 0.5645
119 0.0574 0.5576 0.2324 0.0666 0.0862
120 0.1019 0.1919 0.4678 0.0958 0.1427
121 0.3137 0.1182 0.3501 0.0950 0.1229
122 0.3118 0.1736 0.2544 0.0696 0.1906
123 0.1370 0.1412 0.5010 0.1066 0.1144
124 0.1938 0.1301 0.4302 0.0084 0.2375
125 0.1215 0.2695 0.4583 0.0065 0.1443
126 0.0235 0.0679 0.1350 0.0326 0.7412
127 0.2291 0.2053 0.5005 0.0511 0.0141
128 0.1757 0.0856 0.4485 0.2556 0.0346
129 0.0886 0.0648 0.2028 0.6055 0.0387
130 0.1766 0.1821 0.3979 0.1354 0.1079
131 0.2244 0.1426 0.3787 0.0781 0.1761
132 0.0825 0.3755 0.4124 0.0205 0.1093
133 0.0095 0.5459 0.3015 0.1401 0.0031
134 0.0309 0.0828 0.2286 0.6411 0.0166
135 0.0215 0.1193 0.5103 0.3345 0.0147
136 0.0821 0.4800 0.3098 0.0334 0.0945
137 0.0677 0.4966 0.3521 0.0519 0.0317
138 0.1271 0.2450 0.4299 0.1213 0.0765
139 0.0734 0.4392 0.3999 0.0361 0.0512
140 0.1539 0.2023 0.3840 0.2153 0.0444
141 0.1011 0.2903 0.3726 0.2090 0.0272
142 0.0831 0.1528 0.1459 0.5771 0.0411
143 0.1544 0.1567 0.4829 0.1165 0.0894
144 0.1393 0.3115 0.4602 0.0594 0.0296
145 0.0711 0.3472 0.5093 0.0165 0.0562
146 0.0781 0.4460 0.4390 0.0183 0.0187
147 0.0172 0.3774 0.5581 0.0332 0.0140
148 0.2115 0.2019 0.4844 0.0714 0.0307
149 0.1531 0.3345 0.4099 0.0525 0.0501
150 0.1307 0.2705 0.3186 0.1602 0.1200
151 0.0660 0.1195 0.3567 0.4170 0.0406
152 0.1882 0.1537 0.4177 0.0961 0.1443
153 0.3418 0.2385 0.2832 0.0306 0.1058
154 0.0194 0.1500 0.0437 0.7622 0.0249
155 0.0163 0.2737 0.1106 0.5703 0.0289
156 0.0882 0.0079 0.6831 0.2084 0.0123
157 0.0442 0.1543 0.2390 0.1362 0.4263
158 0.1115 0.1244 0.2288 0.3599 0.1754
159 0.1858 0.1075 0.2747 0.3311 0.1010
160 0.1799 0.1025 0.5898 0.0448 0.0830
161 0.0920 0.2223 0.5679 0.0224 0.0956
162 0.0098 0.3438 0.2255 0.4021 0.0188
163 0.0175 0.5786 0.2450 0.1509 0.0082
164 0.0412 0.1351 0.7539 0.0591 0.0107
165 0.0324 0.5308 0.4070 0.0241 0.0059
166 0.1076 0.4355 0.3042 0.0781 0.0745
167 0.3733 0.2126 0.3506 0.0273 0.0364
168 0.0730 0.1807 0.5068 0.0670 0.1725
169 0.0500 0.0657 0.7466 0.0972 0.0405
170 0.0975 0.2001 0.6309 0.0587 0.0128
171 0.0723 0.0201 0.8530 0.0497 0.0048
172 0.0997 0.0370 0.7842 0.0664 0.0127
173 0.0683 0.1348 0.7573 0.0238 0.0160
174 0.0804 0.1870 0.6841 0.0144 0.0341
175 0.0688 0.2764 0.5942 0.0208 0.0395
176 0.1351 0.1748 0.4128 0.1643 0.1129
177 0.1090 0.1107 0.6221 0.0939 0.0641
178 0.1301 0.0634 0.6113 0.0429 0.1522
179 0.2117 0.1345 0.4883 0.0330 0.1324
180 0.2476 0.0557 0.4849 0.1411 0.0709
181 0.0217 0.3062 0.6484 0.0154 0.0084
182 0.2242 0.0673 0.4189 0.2462 0.0435
183 0.1160 0.1188 0.6729 0.0732 0.0189
184 0.0624 0.0410 0.6714 0.2047 0.0204
185 0.1003 0.2603 0.3501 0.2686 0.0207
186 0.0276 0.5679 0.1565 0.2404 0.0078
187 0.0889 0.2253 0.3716 0.2676 0.0465
188 0.0636 0.3384 0.4146 0.1049 0.0785
189 0.0767 0.3862 0.4517 0.0356 0.0499
190 0.0409 0.1722 0.5737 0.2014 0.0118
191 0.1525 0.0911 0.1755 0.5493 0.0317
192 0.0335 0.1007 0.8301 0.0280 0.0078
193 0.1002 0.1171 0.6953 0.0762 0.0110
194 0.1603 0.0695 0.5864 0.1554 0.0285
195 0.0178 0.0313 0.9434 0.0066 0.0009
196 0.0474 0.1230 0.6245 0.1818 0.0235
197 0.0243 0.0630 0.7324 0.1740 0.0061
198 0.0920 0.1566 0.1517 0.5728 0.0270
199 0.0638 0.5015 0.2771 0.1506 0.0068
200 0.0849 0.2871 0.5200 0.1040 0.0038
201 0.0696 0.4202 0.4202 0.0814 0.0086
202 0.0674 0.1982 0.1130 0.6011 0.0201
203 0.0162 0.3174 0.4692 0.1956 0.0016
204 0.0186 0.2098 0.7559 0.0137 0.0021
205 0.0289 0.1359 0.6382 0.1946 0.0024
206 0.0338 0.0278 0.8579 0.0750 0.0053
207 0.0130 0.8076 0.1426 0.0355 0.0013
208 0.0257 0.0386 0.2944 0.6040 0.0374
209 0.0569 0.1106 0.5977 0.1881 0.0465
210 0.0629 0.1793 0.5698 0.1738 0.0142
211 0.0578 0.1185 0.4690 0.3484 0.0063
212 0.0648 0.0545 0.6963 0.1615 0.0229
213 0.0237 0.0577 0.3594 0.5566 0.0028
214 0.1407 0.6509 0.1498 0.0543 0.0046
215 0.0756 0.0261 0.7876 0.0745 0.0360
216 0.2028 0.0723 0.6343 0.0717 0.0190
217 0.2078 0.1451 0.1644 0.4199 0.0629
218 0.0609 0.2262 0.3730 0.2686 0.0712
219 0.0867 0.1006 0.5068 0.2798 0.0260
220 0.0540 0.3062 0.2384 0.3931 0.0086
221 0.2812 0.2812 0.2123 0.2090 0.0162
222 0.1250 0.0959 0.1907 0.4573 0.1310
223 0.1011 0.0623 0.5215 0.3020 0.0130
224 0.1218 0.1447 0.3418 0.2969 0.0949
225 0.0790 0.2181 0.6719 0.0198 0.0111
226 0.0414 0.4053 0.4966 0.0480 0.0085
227 0.0080 0.1298 0.0418 0.8203 0.0002
228 0.0439 0.7603 0.1311 0.0629 0.0022
229 0.0191 0.3101 0.2651 0.4043 0.0016
230 0.0301 0.0971 0.2441 0.6235 0.0053
231 0.0545 0.1102 0.5508 0.2683 0.0163
232 0.0166 0.0602 0.7690 0.1423 0.0116
233 0.0301 0.0750 0.8589 0.0298 0.0063
234 0.0659 0.2583 0.5342 0.1299 0.0117
235 0.2047 0.2213 0.2374 0.3123 0.0243
236 0.0627 0.0994 0.6587 0.1516 0.0276
237 0.0440 0.0305 0.6626 0.1812 0.0817
238 0.0630 0.0235 0.4475 0.3274 0.1387
239 0.0226 0.4226 0.2334 0.3191 0.0022
240 0.0271 0.4133 0.1619 0.3374 0.0605
241 0.0175 0.4541 0.0952 0.4199 0.0135
242 0.0250 0.5391 0.1165 0.2883 0.0311
243 0.0145 0.5630 0.1469 0.2744 0.0013
244 0.0084 0.7173 0.0677 0.2054 0.0013
245 0.0326 0.6499 0.2317 0.0529 0.0331
246 0.0311 0.4941 0.2125 0.2228 0.0393
247 0.0255 0.4778 0.1434 0.3335 0.0197
248 0.0509 0.3242 0.2094 0.2905 0.1250
249 0.1022 0.2651 0.2913 0.0312 0.3101
250 0.1000 0.1882 0.5620 0.0223 0.1274
251 0.0512 0.4524 0.3259 0.1492 0.0212
252 0.0141 0.6240 0.1816 0.1788 0.0015
253 0.0476 0.5244 0.2220 0.1198 0.0862
254 0.0389 0.6274 0.2615 0.0469 0.0253
255 0.0541 0.4360 0.3291 0.1506 0.0301
256 0.0349 0.0716 0.8003 0.0662 0.0270
257 0.0549 0.0762 0.7573 0.0683 0.0431
258 0.0598 0.0588 0.7510 0.0738 0.0566
259 0.0468 0.1132 0.7046 0.1080 0.0275
260 0.0552 0.0457 0.6826 0.1432 0.0731
261 0.0371 0.0570 0.7744 0.0720 0.0597
262 0.1301 0.0350 0.2284 0.5923 0.0139
