time exciting_prob fearful_prob tense_prob sad_prob relaxing_prob
0 0.2037 0.2830 0.2496 0.2310 0.0327
1 0.1605 0.1617 0.3821 0.2281 0.0674
2 0.1220 0.1405 0.1951 0.4604 0.0819
3 0.1384 0.1384 0.2546 0.4131 0.0555
4 0.1598 0.1169 0.1810 0.4922 0.0503
5 0.2052 0.2020 0.3330 0.2151 0.0447
6 0.1661 0.1661 0.3203 0.2917 0.0557
7 0.1819 0.1362 0.2861 0.3293 0.0664
8 0.1534 0.1376 0.3198 0.3459 0.0433
9 0.1169 0.1912 0.2201 0.4480 0.0237
10 0.0808 0.1533 0.2080 0.5312 0.0267
11 0.0895 0.1522 0.4138 0.3274 0.0172
12 0.0981 0.1175 0.2030 0.5693 0.0120
13 0.0519 0.1770 0.2006 0.5366 0.0340
14 0.1085 0.6338 0.0892 0.1011 0.0673
15 0.0500 0.6138 0.0554 0.1589 0.1218
16 0.0447 0.4585 0.0737 0.3921 0.0310
17 0.0601 0.6616 0.0650 0.1837 0.0298
18 0.0422 0.1593 0.0654 0.6108 0.1222
19 0.0599 0.6694 0.1200 0.0972 0.0537
20 0.0576 0.6392 0.1210 0.0832 0.0988
21 0.1028 0.5098 0.0723 0.1120 0.2029
22 0.0617 0.5674 0.1208 0.1401 0.1100
23 0.0247 0.8237 0.0518 0.0848 0.0149
24 0.0650 0.5034 0.1252 0.1941 0.1123
25 0.0632 0.5166 0.1218 0.1638 0.1348
26 0.0818 0.5420 0.0844 0.1436 0.1482
27 0.0512 0.7124 0.0762 0.1277 0.0325
28 0.0237 0.3325 0.0293 0.6021 0.0121
29 0.0468 0.7915 0.0433 0.0875 0.0309
30 0.1309 0.2389 0.0387 0.4604 0.1309
31 0.0965 0.2091 0.0272 0.5176 0.1494
32 0.0478 0.1012 0.0179 0.7837 0.0497
33 0.1125 0.1143 0.0536 0.6226 0.0970
34 0.0629 0.1005 0.0256 0.7310 0.0801
35 0.0753 0.3323 0.0654 0.4988 0.0281
36 0.0329 0.4297 0.0361 0.4646 0.0367
37 0.0455 0.6323 0.0492 0.2308 0.0421
38 0.0315 0.2766 0.0369 0.6333 0.0218
39 0.0228 0.3628 0.0443 0.5532 0.0171
40 0.0422 0.3911 0.0355 0.5020 0.0290
41 0.0656 0.4275 0.0587 0.3892 0.0592
42 0.0695 0.6055 0.0412 0.2389 0.0449
43 0.0316 0.6660 0.0195 0.2671 0.0155
44 0.0792 0.7285 0.0278 0.0864 0.0780
45 0.0381 0.7710 0.0174 0.1426 0.0308
46 0.0507 0.6323 0.0148 0.1898 0.1125
47 0.0450 0.6313 0.0201 0.1926 0.1106
48 0.0242 0.7891 0.0256 0.1329 0.0281
49 0.0380 0.6431 0.0244 0.2137 0.0805
50 0.0834 0.7607 0.0233 0.0356 0.0967
51 0.0662 0.6284 0.0191 0.1691 0.1171
52 0.1627 0.0825 0.2423 0.4319 0.0806
53 0.1333 0.2413 0.2510 0.3223 0.0522
54 0.2445 0.2583 0.2603 0.1471 0.0900
55 0.2124 0.2815 0.1472 0.3215 0.0375
56 0.0662 0.5903 0.0190 0.2367 0.0878
57 0.0715 0.5039 0.0227 0.1853 0.2167
58 0.0721 0.4927 0.0130 0.2637 0.1587
59 0.0419 0.4133 0.0110 0.4133 0.1203
60 0.0651 0.4585 0.0535 0.2717 0.1512
61 0.0925 0.6782 0.0417 0.0552 0.1324
62 0.0452 0.4456 0.0369 0.2024 0.2703
63 0.0751 0.7471 0.0222 0.1052 0.0504
64 0.0451 0.3105 0.0454 0.4414 0.1573
65 0.0892 0.5859 0.0181 0.0528 0.2539
66 0.0724 0.3882 0.0151 0.3792 0.1450
67 0.0425 0.7720 0.0134 0.1157 0.0564
68 0.0781 0.7827 0.0160 0.0913 0.0320
69 0.0272 0.9204 0.0158 0.0320 0.0045
70 0.0897 0.6890 0.0105 0.0940 0.1169
71 0.0699 0.7817 0.0092 0.0756 0.0637
72 0.0407 0.8628 0.0142 0.0676 0.0148
73 0.0715 0.1478 0.1305 0.6274 0.0229
74 0.0433 0.0960 0.1909 0.6558 0.0139
75 0.0757 0.1904 0.1299 0.4602 0.1437
76 0.0933 0.2498 0.0774 0.1771 0.4023
77 0.0531 0.5073 0.0476 0.2803 0.1115
78 0.0456 0.6396 0.0154 0.1230 0.1763
79 0.1096 0.6768 0.0362 0.0703 0.1071
80 0.1582 0.6255 0.0307 0.0654 0.1203
81 0.0623 0.8271 0.0347 0.0323 0.0435
82 0.0757 0.8140 0.0193 0.0537 0.0372
83 0.0607 0.7808 0.0284 0.0932 0.0371
84 0.0836 0.8442 0.0145 0.0377 0.0199
85 0.0942 0.7466 0.0344 0.0576 0.0673
86 0.0410 0.8052 0.0197 0.1107 0.0232
87 0.0371 0.8843 0.0200 0.0451 0.0133
88 0.0602 0.7866 0.0322 0.1024 0.0185
89 0.0797 0.7866 0.0255 0.0785 0.0298
90 0.0511 0.7451 0.0320 0.0970 0.0750
91 0.0768 0.5542 0.0500 0.1180 0.2008
92 0.1115 0.4729 0.0560 0.2323 0.1273
93 0.1849 0.5605 0.0494 0.1332 0.0718
94 0.1875 0.3938 0.0274 0.1449 0.2465
95 0.0753 0.6206 0.0288 0.1130 0.1620
96 0.1329 0.4534 0.0328 0.2141 0.1667
97 0.0978 0.7290 0.0528 0.0553 0.0652
98 0.1632 0.0881 0.3196 0.3796 0.0494
99 0.1847 0.1289 0.3242 0.2815 0.0807
100 0.1366 0.1098 0.3030 0.3953 0.0552
101 0.1259 0.0964 0.2350 0.4897 0.0529
102 0.1705 0.1553 0.2482 0.3904 0.0357
103 0.1048 0.0969 0.1782 0.5752 0.0447
104 0.0732 0.1170 0.1049 0.6377 0.0672
105 0.0933 0.0918 0.1538 0.6274 0.0338
106 0.1166 0.1594 0.2754 0.4333 0.0151
107 0.2512 0.0495 0.1838 0.5073 0.0080
108 0.1111 0.2177 0.1020 0.5513 0.0177
109 0.3306 0.3518 0.1989 0.0761 0.0427
110 0.2070 0.3750 0.1208 0.2310 0.0662
111 0.0892 0.5137 0.1919 0.1155 0.0899
112 0.0126 0.1191 0.0608 0.7295 0.0781
113 0.1954 0.3003 0.1464 0.1671 0.1909
114 0.1371 0.3501 0.1371 0.3342 0.0415
115 0.1661 0.3894 0.0869 0.3032 0.0544
116 0.2089 0.3235 0.1050 0.2122 0.1504
117 0.1198 0.6475 0.0437 0.1624 0.0269
118 0.0623 0.6006 0.1249 0.1747 0.0378
119 0.0370 0.5264 0.0724 0.3452 0.0189
120 0.1289 0.4326 0.0546 0.3069 0.0770
121 0.1035 0.6909 0.0181 0.0504 0.1371
122 0.0432 0.8027 0.0097 0.1212 0.0231
123 0.0356 0.7676 0.0144 0.1534 0.0291
124 0.0844 0.7754 0.0247 0.0622 0.0532
125 0.0745 0.7710 0.0287 0.1076 0.0183
126 0.0557 0.8779 0.0155 0.0404 0.0105
127 0.0809 0.7441 0.0179 0.0895 0.0676
128 0.0795 0.6450 0.0252 0.1656 0.0846
129 0.1125 0.7280 0.0121 0.0804 0.0672
130 0.0452 0.7236 0.0589 0.1493 0.0231
131 0.0640 0.6211 0.0649 0.2197 0.0304
132 0.1543 0.4568 0.0879 0.1949 0.1060
133 0.1532 0.0629 0.4832 0.2732 0.0275
134 0.1345 0.6938 0.0348 0.0468 0.0903
135 0.0881 0.7148 0.0211 0.1453 0.0309
136 0.1044 0.7900 0.0168 0.0533 0.0353
137 0.1569 0.5825 0.0403 0.1777 0.0425
138 0.1365 0.6987 0.0255 0.1039 0.0353
139 0.2139 0.5210 0.0608 0.1815 0.0226
140 0.1364 0.4990 0.1710 0.1608 0.0329
141 0.1049 0.7573 0.0933 0.0338 0.0106
142 0.1113 0.6924 0.0880 0.0707 0.0376
143 0.0249 0.2830 0.0294 0.6582 0.0046
144 0.0239 0.8481 0.0654 0.0577 0.0047
145 0.0916 0.1130 0.3945 0.3647 0.0361
146 0.1186 0.1387 0.4106 0.2891 0.0430
147 0.1995 0.1019 0.2727 0.3669 0.0590
148 0.1401 0.3159 0.0470 0.3694 0.1277
149 0.1306 0.5542 0.0377 0.2119 0.0657
150 0.1081 0.5752 0.0291 0.2200 0.0676
151 0.2164 0.5571 0.0420 0.1252 0.0592
152 0.1122 0.5151 0.1114 0.1970 0.0645
153 0.1082 0.6631 0.0161 0.1503 0.0626
154 0.0198 0.1282 0.0596 0.2180 0.5742
155 0.0834 0.0917 0.0868 0.2065 0.5317
156 0.0933 0.4814 0.0267 0.1946 0.2039
157 0.0906 0.5684 0.0128 0.2333 0.0950
158 0.0818 0.7295 0.0096 0.0871 0.0920
159 0.0795 0.7720 0.0116 0.0741 0.0629
160 0.0805 0.5767 0.0197 0.1237 0.1993
161 0.0944 0.4756 0.0204 0.1936 0.2161
162 0.1365 0.5068 0.0183 0.1851 0.1534
163 0.1024 0.2052 0.0151 0.5405 0.1367
164 0.0945 0.7153 0.0195 0.1595 0.0113
165 0.1112 0.1428 0.2668 0.4004 0.0789
166 0.1207 0.1411 0.3010 0.3633 0.0738
167 0.1339 0.3845 0.0242 0.2686 0.1888
168 0.1364 0.4268 0.0464 0.1510 0.2394
169 0.0504 0.4973 0.1042 0.2405 0.1075
170 0.1096 0.3376 0.1038 0.2549 0.1940
171 0.1605 0.3267 0.0723 0.4194 0.0209
172 0.1770 0.4773 0.0519 0.2742 0.0199
173 0.1033 0.1704 0.0204 0.6846 0.0213
174 0.0158 0.3152 0.0194 0.6470 0.0027
175 0.0311 0.7705 0.0104 0.1830 0.0053
176 0.0473 0.7515 0.0395 0.1390 0.0227
177 0.0267 0.7808 0.0236 0.1611 0.0076
178 0.0272 0.7231 0.0301 0.2104 0.0092
179 0.0338 0.8125 0.0528 0.0963 0.0048
180 0.0122 0.8691 0.0277 0.0887 0.0024
181 0.0133 0.8423 0.0275 0.1038 0.0130
182 0.0388 0.4297 0.0241 0.4795 0.0279
183 0.1057 0.1216 0.2419 0.3633 0.1676
184 0.1740 0.1454 0.3225 0.2551 0.1031
185 0.0620 0.5400 0.0527 0.2959 0.0491
186 0.1069 0.1250 0.1193 0.5693 0.0795
187 0.1000 0.1478 0.0389 0.2720 0.4414
188 0.0798 0.6274 0.1024 0.0993 0.0911
189 0.1622 0.5278 0.0511 0.2166 0.0423
190 0.3303 0.1714 0.4309 0.0359 0.0312
191 0.3701 0.1416 0.3191 0.1060 0.0633
192 0.0803 0.4480 0.1056 0.3330 0.0332
193 0.0533 0.7534 0.1129 0.0497 0.0306
194 0.0484 0.8052 0.0454 0.0767 0.0241
195 0.0336 0.8140 0.0520 0.0920 0.0082
196 0.0654 0.2448 0.0111 0.0238 0.6548
197 0.0762 0.4214 0.0249 0.0462 0.4314
198 0.0842 0.5156 0.0454 0.0848 0.2698
199 0.0501 0.3760 0.1630 0.1183 0.2927
200 0.1316 0.2346 0.1798 0.3577 0.0963
201 0.1008 0.3254 0.1315 0.3357 0.1065
202 0.0756 0.5947 0.0377 0.2766 0.0151
203 0.1087 0.5068 0.1166 0.1697 0.0982
204 0.1871 0.4089 0.1199 0.1348 0.1493
205 0.1863 0.3792 0.0929 0.0685 0.2732
206 0.0912 0.6685 0.0492 0.0298 0.1613
207 0.0656 0.8442 0.0447 0.0267 0.0189
208 0.0432 0.8960 0.0391 0.0102 0.0116
209 0.1075 0.7759 0.0683 0.0123 0.0360
210 0.0688 0.8311 0.0414 0.0454 0.0132
211 0.0374 0.8979 0.0253 0.0198 0.0195
212 0.0560 0.8628 0.0186 0.0514 0.0110
213 0.0734 0.7070 0.0339 0.1339 0.0516
214 0.0581 0.8086 0.0432 0.0674 0.0224
215 0.1323 0.6934 0.0288 0.0692 0.0765
216 0.0908 0.4133 0.0370 0.3945 0.0644
217 0.0490 0.8359 0.0190 0.0748 0.0214
218 0.0796 0.5791 0.0615 0.2268 0.0530
219 0.0850 0.7515 0.0398 0.0480 0.0756
220 0.0900 0.5957 0.0757 0.1155 0.1230
221 0.1182 0.6904 0.0734 0.0679 0.0500
222 0.0413 0.4805 0.1273 0.1781 0.1727
223 0.0422 0.6558 0.1261 0.0901 0.0860
224 0.0449 0.4861 0.1830 0.1707 0.1154
225 0.0401 0.6221 0.1254 0.0882 0.1244
226 0.0598 0.1348 0.1576 0.5498 0.0978
227 0.1642 0.0906 0.2427 0.4534 0.0493
228 0.1969 0.2096 0.3049 0.2529 0.0356
229 0.0820 0.0989 0.0929 0.6865 0.0399
230 0.0417 0.6079 0.1305 0.1729 0.0469
231 0.0343 0.4380 0.0817 0.2456 0.2004
232 0.0139 0.3423 0.0648 0.4983 0.0807
233 0.0232 0.7041 0.0350 0.1014 0.1365
234 0.0120 0.1134 0.0220 0.8247 0.0278
235 0.0726 0.6172 0.0251 0.2554 0.0298
236 0.0191 0.2856 0.0308 0.6240 0.0402
237 0.0392 0.6318 0.0848 0.2019 0.0423
238 0.0251 0.4412 0.1274 0.3330 0.0732
239 0.0179 0.4766 0.2050 0.2759 0.0249
240 0.0896 0.3601 0.1377 0.2761 0.1366
241 0.0464 0.4397 0.1174 0.3479 0.0486
242 0.0661 0.2036 0.0883 0.5366 0.1057
243 0.1431 0.2715 0.1022 0.2322 0.2510
244 0.1577 0.2480 0.0805 0.2349 0.2788
245 0.0880 0.0826 0.1832 0.6201 0.0262
