time exciting_prob fearful_prob tense_prob sad_prob relaxing_prob
0 0.1467 0.4626 0.3130 0.0488 0.0287
1 0.2354 0.3118 0.2467 0.0419 0.1643
2 0.2229 0.3762 0.1777 0.0497 0.1736
3 0.2133 0.5278 0.2166 0.0126 0.0298
4 0.3054 0.3250 0.1686 0.1881 0.0129
5 0.6338 0.0170 0.0372 0.2683 0.0438
6 0.8154 0.0248 0.0196 0.0915 0.0486
7 0.4775 0.0434 0.0253 0.4148 0.0389
8 0.0349 0.0170 0.0775 0.0247 0.8457
9 0.0198 0.0083 0.0379 0.0147 0.9194
10 0.0181 0.2008 0.6689 0.0964 0.0159
11 0.0362 0.2114 0.5034 0.2286 0.0203
12 0.1234 0.2035 0.4375 0.1882 0.0472
13 0.1241 0.2627 0.3271 0.2469 0.0391
14 0.1783 0.4624 0.0932 0.0849 0.1812
15 0.0994 0.2189 0.3286 0.2947 0.0585
16 0.1787 0.4187 0.2900 0.0751 0.0374
17 0.4294 0.1935 0.2974 0.0415 0.0381
18 0.3733 0.1184 0.3347 0.1373 0.0361
19 0.1478 0.1549 0.4277 0.2253 0.0444
20 0.3152 0.1714 0.3831 0.1168 0.0136
21 0.3516 0.1622 0.1488 0.1700 0.1674
22 0.3955 0.2101 0.1255 0.2151 0.0540
23 0.1678 0.1772 0.2277 0.2294 0.1978
24 0.1891 0.0894 0.3479 0.2883 0.0853
25 0.1635 0.1941 0.3860 0.2200 0.0365
26 0.1292 0.3855 0.2489 0.1510 0.0854
27 0.0804 0.3687 0.3716 0.1255 0.0540
28 0.3555 0.1190 0.1200 0.1200 0.2856
29 0.1606 0.5029 0.1737 0.0443 0.1185
30 0.1772 0.3110 0.0884 0.0333 0.3901
31 0.2788 0.1248 0.3525 0.1759 0.0678
32 0.1132 0.2847 0.2959 0.2590 0.0472
33 0.2103 0.3232 0.2421 0.1785 0.0458
34 0.3936 0.2947 0.0878 0.0711 0.1530
35 0.3132 0.2203 0.1368 0.0617 0.2678
36 0.3445 0.1528 0.1248 0.2947 0.0831
37 0.2876 0.4668 0.1118 0.0441 0.0898
38 0.4324 0.1249 0.1890 0.2388 0.0150
39 0.2404 0.2681 0.0673 0.1858 0.2385
40 0.1439 0.2448 0.4036 0.1906 0.0173
41 0.1903 0.1948 0.3064 0.2058 0.1027
42 0.1615 0.3845 0.3420 0.0775 0.0344
43 0.2450 0.3025 0.1005 0.1521 0.2000
44 0.4934 0.2242 0.0405 0.0393 0.2025
45 0.0897 0.2634 0.3032 0.0962 0.2474
46 0.0746 0.2042 0.2837 0.1494 0.2881
47 0.3303 0.2167 0.2252 0.0835 0.1443
48 0.2000 0.2430 0.3735 0.0494 0.1342
49 0.2534 0.3464 0.2615 0.0693 0.0693
50 0.1208 0.3838 0.1359 0.2478 0.1117
51 0.0900 0.2605 0.3240 0.1862 0.1394
52 0.0989 0.4434 0.2161 0.1532 0.0887
53 0.2148 0.4272 0.1115 0.0583 0.1881
54 0.1525 0.4771 0.1927 0.0140 0.1636
55 0.2377 0.2001 0.1233 0.3979 0.0410
56 0.2627 0.3047 0.0959 0.1222 0.2145
57 0.0128 0.1349 0.8013 0.0205 0.0306
58 0.1547 0.0665 0.0875 0.6216 0.0698
59 0.2094 0.2126 0.1605 0.1508 0.2666
60 0.2294 0.3418 0.2008 0.0589 0.1692
61 0.2095 0.4719 0.0718 0.1147 0.1321
62 0.1368 0.3037 0.2478 0.1316 0.1799
63 0.0773 0.3252 0.3462 0.1912 0.0602
64 0.1912 0.1205 0.0666 0.3984 0.2234
65 0.0659 0.2588 0.0518 0.0126 0.6108
66 0.1503 0.1306 0.1002 0.1412 0.4778
67 0.1309 0.6494 0.1542 0.0372 0.0283
68 0.2046 0.1696 0.1892 0.3218 0.1147
69 0.1195 0.1282 0.0247 0.0867 0.6411
70 0.1055 0.3008 0.2416 0.2397 0.1124
71 0.1837 0.2181 0.0475 0.4373 0.1132
72 0.1802 0.3340 0.0757 0.0378 0.3726
73 0.2006 0.3230 0.1688 0.1943 0.1133
74 0.2438 0.1742 0.2151 0.2554 0.1116
75 0.1215 0.4517 0.0925 0.2761 0.0583
76 0.0569 0.5742 0.2000 0.1311 0.0379
77 0.2798 0.1709 0.0826 0.2817 0.1848
78 0.1059 0.3210 0.1145 0.2812 0.1774
79 0.1410 0.2117 0.1040 0.3745 0.1688
80 0.1154 0.1680 0.2856 0.1627 0.2683
81 0.1093 0.1042 0.0250 0.1278 0.6338
82 0.1710 0.1038 0.0634 0.4797 0.1821
83 0.1686 0.4370 0.1038 0.2395 0.0510
84 0.1366 0.3301 0.3770 0.0348 0.1215
85 0.1917 0.1470 0.3210 0.2578 0.0825
86 0.2336 0.2527 0.2078 0.1819 0.1241
87 0.1271 0.2112 0.2196 0.1953 0.2468
88 0.1918 0.2664 0.2791 0.2010 0.0618
89 0.1174 0.0674 0.0147 0.1405 0.6602
90 0.1956 0.1376 0.0126 0.0882 0.5659
91 0.2343 0.2035 0.2915 0.1853 0.0855
92 0.1122 0.4836 0.1752 0.0861 0.1429
93 0.2139 0.2559 0.2073 0.1678 0.1553
94 0.1018 0.1858 0.0408 0.0576 0.6138
95 0.0792 0.4180 0.3958 0.0579 0.0492
96 0.2297 0.1919 0.0794 0.3115 0.1875
97 0.0627 0.1042 0.2278 0.0757 0.5293
98 0.0875 0.0385 0.0206 0.0170 0.8364
99 0.1464 0.3247 0.3074 0.1487 0.0730
100 0.1486 0.3347 0.3735 0.0747 0.0685
101 0.1697 0.2629 0.1724 0.2888 0.1062
102 0.2025 0.1349 0.1448 0.3997 0.1182
103 0.1512 0.1142 0.1000 0.5239 0.1107
104 0.0350 0.3325 0.2844 0.2957 0.0526
105 0.0818 0.0838 0.2424 0.1859 0.4060
106 0.1421 0.2871 0.1573 0.1755 0.2380
107 0.1992 0.2500 0.1718 0.2137 0.1652
108 0.0349 0.0341 0.0872 0.0294 0.8145
109 0.0752 0.0415 0.2246 0.0577 0.6011
110 0.0328 0.5342 0.2369 0.0674 0.1288
111 0.2007 0.2517 0.0986 0.2576 0.1914
112 0.0258 0.0137 0.0834 0.0416 0.8354
113 0.0424 0.0488 0.1434 0.0651 0.7002
114 0.0333 0.2242 0.4937 0.2190 0.0299
115 0.0133 0.4211 0.4885 0.0698 0.0070
116 0.2029 0.2013 0.3760 0.1077 0.1121
117 0.1915 0.2205 0.0856 0.2854 0.2170
118 0.2382 0.0574 0.0626 0.4146 0.2272
119 0.2783 0.1389 0.0641 0.1198 0.3989
120 0.0267 0.0211 0.0682 0.0462 0.8379
121 0.1122 0.2756 0.2048 0.2163 0.1909
122 0.0574 0.3079 0.1910 0.3542 0.0895
123 0.0573 0.0490 0.1203 0.0759 0.6978
124 0.0523 0.0469 0.1400 0.0611 0.6997
125 0.0292 0.2773 0.3320 0.2795 0.0820
126 0.0439 0.0696 0.1484 0.0409 0.6973
127 0.1170 0.2345 0.3547 0.1757 0.1179
128 0.0371 0.1379 0.4888 0.2678 0.0682
129 0.0684 0.1718 0.2744 0.4187 0.0668
130 0.2213 0.1021 0.0364 0.5605 0.0795
131 0.0369 0.0442 0.1567 0.0486 0.7134
132 0.0503 0.0332 0.1177 0.0188 0.7798
133 0.0620 0.2234 0.3101 0.1881 0.2164
134 0.1010 0.4124 0.2703 0.0825 0.1338
135 0.0164 0.0681 0.0591 0.0400 0.8164
136 0.0911 0.5122 0.2135 0.1024 0.0810
137 0.0520 0.0441 0.0837 0.0500 0.7700
138 0.0847 0.3296 0.2754 0.1953 0.1148
139 0.1761 0.1382 0.0980 0.4675 0.1201
140 0.2207 0.1328 0.0549 0.4858 0.1059
141 0.1985 0.3271 0.1594 0.2842 0.0307
142 0.2546 0.3972 0.1819 0.0478 0.1183
143 0.1158 0.3098 0.1633 0.1659 0.2451
144 0.1171 0.2103 0.1689 0.1108 0.3928
145 0.1818 0.2092 0.1174 0.4001 0.0914
146 0.1375 0.1157 0.4797 0.2063 0.0610
147 0.1423 0.3259 0.1842 0.1731 0.1744
148 0.0641 0.0811 0.2104 0.0678 0.5767
149 0.0335 0.0223 0.0441 0.0553 0.8447
150 0.1277 0.1083 0.0231 0.0292 0.7119
151 0.1556 0.2954 0.2062 0.1428 0.1998
152 0.2041 0.0979 0.2539 0.2969 0.1470
153 0.1671 0.1301 0.2179 0.1475 0.3374
154 0.2761 0.4180 0.1065 0.1433 0.0561
155 0.1621 0.1523 0.2181 0.2083 0.2590
156 0.2018 0.2050 0.3276 0.1635 0.1023
157 0.3237 0.3474 0.0965 0.0604 0.1720
158 0.2820 0.1752 0.1475 0.3298 0.0654
159 0.2546 0.2566 0.1606 0.2690 0.0591
160 0.2195 0.1556 0.1643 0.4131 0.0475
161 0.1365 0.2131 0.1158 0.4954 0.0391
162 0.5220 0.0988 0.0576 0.2408 0.0807
163 0.4216 0.1625 0.0786 0.2874 0.0500
164 0.2159 0.1531 0.1320 0.4294 0.0696
165 0.1722 0.1157 0.2627 0.3535 0.0959
166 0.1431 0.2981 0.1880 0.3198 0.0510
167 0.1969 0.1030 0.4473 0.2146 0.0382
168 0.1627 0.1995 0.1517 0.2600 0.2260
169 0.2554 0.3306 0.1624 0.1179 0.1335
170 0.2310 0.4739 0.0912 0.1799 0.0240
171 0.2219 0.1869 0.1537 0.3464 0.0911
172 0.2744 0.1092 0.0792 0.2404 0.2969
173 0.2062 0.2230 0.2030 0.2817 0.0859
174 0.6533 0.1256 0.0941 0.0721 0.0549
175 0.4006 0.0665 0.1353 0.3096 0.0880
176 0.3447 0.0995 0.0942 0.3315 0.1299
177 0.1809 0.2493 0.0803 0.4109 0.0784
178 0.2422 0.5718 0.0727 0.0191 0.0941
179 0.2286 0.2217 0.3740 0.1254 0.0502
180 0.3145 0.0718 0.1594 0.4167 0.0376
181 0.3694 0.0678 0.1109 0.3469 0.1050
182 0.4509 0.1608 0.0967 0.1122 0.1793
183 0.2438 0.2382 0.0849 0.3306 0.1024
184 0.2559 0.2223 0.1492 0.1539 0.2188
185 0.2544 0.4604 0.1299 0.0285 0.1268
186 0.3066 0.3264 0.1361 0.1708 0.0599
187 0.1425 0.5293 0.1978 0.1034 0.0270
188 0.3799 0.0714 0.1323 0.2756 0.1409
189 0.1449 0.3818 0.2158 0.0653 0.1920
190 0.3857 0.0759 0.0847 0.3052 0.1487
191 0.4431 0.1279 0.0839 0.2246 0.1202
192 0.4856 0.1602 0.0545 0.2294 0.0705
193 0.4114 0.0738 0.0810 0.2101 0.2236
194 0.3198 0.3076 0.1097 0.2197 0.0433
195 0.2483 0.1329 0.1268 0.4158 0.0763
196 0.1647 0.1808 0.1158 0.3828 0.1559
197 0.1958 0.1812 0.3601 0.2534 0.0094
198 0.3267 0.1920 0.0997 0.1997 0.1819
199 0.1724 0.3120 0.1013 0.3945 0.0198
200 0.1020 0.4131 0.3533 0.0321 0.0997
201 0.2822 0.1302 0.1753 0.3052 0.1071
202 0.2734 0.0573 0.0909 0.3567 0.2216
203 0.1937 0.1737 0.1148 0.2690 0.2488
204 0.3103 0.1388 0.1973 0.1727 0.1810
205 0.3713 0.1081 0.1205 0.2218 0.1782
206 0.1180 0.5088 0.2056 0.0667 0.1010
207 0.3625 0.1896 0.2065 0.1080 0.1334
208 0.2140 0.3757 0.0972 0.2483 0.0648
209 0.1206 0.3079 0.3176 0.1388 0.1151
210 0.1064 0.3601 0.2717 0.2084 0.0531
211 0.3127 0.1548 0.1132 0.3079 0.1115
212 0.1177 0.1365 0.1282 0.4580 0.1595
213 0.3857 0.0551 0.0388 0.3918 0.1283
214 0.4299 0.0311 0.0691 0.3916 0.0783
215 0.3154 0.0704 0.0750 0.4414 0.0977
216 0.5664 0.0480 0.0247 0.3154 0.0454
217 0.1350 0.1110 0.0384 0.4712 0.2444
218 0.1296 0.1786 0.3159 0.2275 0.1481
219 0.6387 0.0209 0.0308 0.2622 0.0474
220 0.3713 0.0230 0.1866 0.4077 0.0112
221 0.0786 0.2876 0.2537 0.2659 0.1144
222 0.1223 0.3457 0.1985 0.2629 0.0707
223 0.0963 0.5127 0.2421 0.1266 0.0225
224 0.2098 0.1686 0.0353 0.1243 0.4619
225 0.0192 0.1672 0.7437 0.0490 0.0211
226 0.1409 0.1699 0.1609 0.4619 0.0665
227 0.1189 0.5669 0.1515 0.0437 0.1189
228 0.1720 0.5337 0.0745 0.1859 0.0338
229 0.2065 0.2217 0.1781 0.3569 0.0367
230 0.1848 0.2930 0.0894 0.2062 0.2264
231 0.2661 0.2944 0.1018 0.1414 0.1962
232 0.2230 0.3047 0.0735 0.3914 0.0073
233 0.2124 0.3450 0.3240 0.0965 0.0222
234 0.3179 0.1197 0.1624 0.2676 0.1324
235 0.1356 0.1536 0.2343 0.4514 0.0251
236 0.2081 0.2844 0.2395 0.2114 0.0565
237 0.1461 0.6348 0.1270 0.0826 0.0097
238 0.1394 0.2192 0.0318 0.5557 0.0541
239 0.1957 0.2217 0.0498 0.4841 0.0487
240 0.1241 0.1791 0.0155 0.0609 0.6201
241 0.1735 0.1361 0.0099 0.0260 0.6543
242 0.2639 0.0898 0.0844 0.5088 0.0532
243 0.1750 0.3621 0.1737 0.1984 0.0908
244 0.2286 0.2268 0.0778 0.2800 0.1866
245 0.2008 0.1626 0.1066 0.3723 0.1576
246 0.0424 0.1553 0.1267 0.6484 0.0270
247 0.2690 0.2776 0.0853 0.2112 0.1570
248 0.2632 0.2869 0.1196 0.1781 0.1523
249 0.3857 0.2147 0.0960 0.2081 0.0953
250 0.1797 0.1611 0.1812 0.4482 0.0298
251 0.1656 0.0826 0.1260 0.4099 0.2159
252 0.2385 0.1180 0.2072 0.2104 0.2258
253 0.2434 0.1072 0.1837 0.3921 0.0737
254 0.3115 0.1102 0.0695 0.4602 0.0485
255 0.4802 0.1647 0.0539 0.2472 0.0539
256 0.1627 0.0637 0.2539 0.4529 0.0668
257 0.4109 0.1881 0.1910 0.1431 0.0671
258 0.3037 0.1189 0.1799 0.3750 0.0227
259 0.2227 0.0638 0.1192 0.5259 0.0684
260 0.2072 0.1379 0.0545 0.5166 0.0837
261 0.4763 0.1571 0.1214 0.1140 0.1312
262 0.5249 0.1025 0.0603 0.2539 0.0584
263 0.4443 0.0797 0.1254 0.2019 0.1488
264 0.1803 0.3730 0.1761 0.2389 0.0316
265 0.2234 0.1809 0.2003 0.2915 0.1039
266 0.3530 0.0973 0.0648 0.2708 0.2141
267 0.3904 0.0299 0.0473 0.4353 0.0972
268 0.4099 0.0922 0.0659 0.1544 0.2773
269 0.5527 0.0975 0.0370 0.1595 0.1534
270 0.2191 0.2749 0.2314 0.2242 0.0504
271 0.1389 0.4590 0.2185 0.0876 0.0962
