time exciting_prob fearful_prob tense_prob sad_prob relaxing_prob
0 0.2037 0.2830 0.2496 0.2310 0.0327
1 0.1492 0.1515 0.2346 0.4382 0.0265
2 0.0864 0.0964 0.1317 0.6484 0.0371
3 0.0963 0.0383 0.2384 0.5898 0.0371
4 0.1254 0.0499 0.4111 0.3462 0.0671
5 0.1099 0.0677 0.1898 0.4849 0.1478
6 0.2070 0.0646 0.1613 0.4182 0.1490
7 0.1348 0.1599 0.1575 0.4021 0.1456
8 0.1338 0.1801 0.1589 0.4526 0.0745
9 0.2131 0.1866 0.2269 0.2781 0.0953
10 0.1078 0.2729 0.3792 0.1508 0.0894
11 0.0742 0.1241 0.3169 0.4070 0.0777
12 0.1349 0.1602 0.3391 0.3286 0.0374
13 0.1350 0.1654 0.2771 0.3787 0.0438
14 0.1808 0.1453 0.1895 0.2214 0.2629
15 0.1807 0.2375 0.1194 0.0453 0.4170
16 0.3032 0.0925 0.2437 0.1206 0.2399
17 0.1990 0.3896 0.1625 0.1099 0.1389
18 0.2296 0.1494 0.2925 0.0643 0.2642
19 0.2383 0.0732 0.2153 0.0484 0.4248
20 0.2104 0.0774 0.2639 0.0520 0.3962
21 0.1082 0.1729 0.4626 0.1624 0.0940
22 0.4832 0.0254 0.1212 0.0112 0.3591
23 0.3159 0.0864 0.4250 0.0202 0.1527
24 0.1044 0.2729 0.3191 0.2563 0.0474
25 0.2179 0.0345 0.2671 0.0982 0.3823
26 0.1780 0.0243 0.1429 0.0337 0.6211
27 0.1940 0.0176 0.1420 0.0201 0.6265
28 0.1428 0.0776 0.4399 0.2668 0.0729
29 0.1881 0.1824 0.4109 0.1621 0.0565
30 0.1490 0.0317 0.4736 0.2495 0.0962
31 0.1454 0.0353 0.4841 0.2632 0.0720
32 0.1414 0.0455 0.3665 0.3608 0.0857
33 0.0820 0.0701 0.4365 0.3733 0.0381
34 0.1225 0.0731 0.2437 0.5156 0.0451
35 0.2764 0.1899 0.2086 0.2118 0.1134
36 0.2356 0.3220 0.2129 0.0543 0.1752
37 0.3237 0.1200 0.1517 0.0520 0.3528
38 0.1725 0.1559 0.1621 0.0025 0.5068
39 0.3123 0.1131 0.2935 0.2163 0.0649
40 0.1754 0.0503 0.3127 0.1897 0.2717
41 0.3081 0.1057 0.0424 0.1294 0.4146
42 0.1312 0.1940 0.1105 0.1633 0.4011
43 0.2976 0.0770 0.2773 0.0435 0.3047
44 0.4397 0.0184 0.1643 0.0240 0.3533
45 0.3218 0.1221 0.3320 0.0659 0.1581
46 0.0606 0.1023 0.0862 0.0182 0.7329
47 0.1175 0.3169 0.4331 0.0547 0.0777
48 0.3242 0.0529 0.2299 0.1631 0.2299
49 0.1571 0.1006 0.4478 0.1621 0.1323
50 0.0944 0.1021 0.5781 0.0859 0.1395
51 0.2144 0.0551 0.2111 0.0997 0.4197
52 0.0995 0.0781 0.3315 0.0445 0.4463
53 0.0911 0.0688 0.0817 0.0129 0.7456
54 0.1589 0.1050 0.1136 0.0455 0.5767
55 0.1206 0.1073 0.4922 0.1016 0.1782
56 0.1478 0.1000 0.5669 0.0804 0.1049
57 0.0983 0.2130 0.3857 0.2268 0.0760
58 0.1979 0.3472 0.2971 0.0197 0.1382
59 0.1572 0.0391 0.0417 0.0178 0.7441
60 0.1768 0.0709 0.1345 0.0472 0.5708
61 0.1499 0.1141 0.1023 0.0072 0.6265
62 0.1564 0.2073 0.4971 0.0884 0.0508
63 0.0841 0.0815 0.4270 0.3486 0.0587
64 0.1663 0.0285 0.3206 0.4592 0.0255
65 0.0971 0.0500 0.0678 0.0094 0.7759
66 0.2216 0.0450 0.0771 0.1609 0.4954
67 0.4438 0.0429 0.0543 0.1658 0.2932
68 0.4199 0.0211 0.0922 0.0129 0.4539
69 0.3413 0.0327 0.1057 0.0120 0.5083
70 0.3418 0.0492 0.2041 0.0236 0.3813
71 0.0441 0.2661 0.2966 0.2788 0.1144
72 0.3347 0.0416 0.1533 0.1113 0.3591
73 0.1973 0.0410 0.1796 0.0903 0.4919
74 0.1698 0.0796 0.3484 0.2888 0.1132
75 0.2712 0.1698 0.3123 0.1793 0.0675
76 0.1492 0.0408 0.5991 0.1359 0.0750
77 0.1364 0.1835 0.4265 0.2079 0.0460
78 0.1006 0.1821 0.1204 0.0271 0.5698
79 0.2308 0.0186 0.0454 0.0320 0.6733
80 0.1732 0.0270 0.1787 0.0529 0.5684
81 0.2059 0.0674 0.0512 0.1288 0.5469
82 0.2261 0.0396 0.4062 0.1393 0.1888
83 0.4272 0.1387 0.2825 0.1063 0.0454
84 0.2742 0.0566 0.2742 0.3359 0.0593
85 0.2627 0.0237 0.1696 0.2014 0.3425
86 0.3254 0.1116 0.2456 0.0540 0.2634
87 0.0901 0.1453 0.2798 0.3484 0.1364
88 0.2969 0.1018 0.2500 0.0093 0.3418
89 0.2983 0.0809 0.1866 0.0069 0.4272
90 0.1818 0.0872 0.3191 0.0148 0.3970
91 0.2218 0.0296 0.1636 0.0230 0.5620
92 0.0311 0.0275 0.0442 0.0231 0.8740
93 0.1844 0.0489 0.4028 0.2947 0.0689
94 0.2969 0.0576 0.3813 0.1979 0.0663
95 0.1554 0.1003 0.2369 0.3787 0.1288
96 0.3235 0.0268 0.1227 0.0222 0.5049
97 0.4441 0.1055 0.1940 0.0640 0.1925
98 0.1707 0.4497 0.2686 0.0459 0.0653
99 0.1641 0.5552 0.2296 0.0150 0.0360
100 0.1538 0.1216 0.3521 0.3521 0.0206
101 0.1595 0.2510 0.3484 0.2017 0.0394
102 0.2361 0.1489 0.4275 0.0883 0.0992
103 0.1605 0.1951 0.1020 0.3142 0.2281
104 0.1483 0.0445 0.1165 0.0563 0.6343
105 0.1506 0.0865 0.0396 0.0105 0.7129
106 0.0713 0.1078 0.0680 0.0160 0.7368
107 0.1360 0.1760 0.4155 0.1918 0.0806
108 0.2817 0.2391 0.3193 0.0880 0.0718
109 0.1074 0.2786 0.5537 0.0153 0.0451
110 0.2571 0.1910 0.2844 0.0625 0.2050
111 0.4456 0.0414 0.1247 0.0190 0.3694
112 0.1523 0.0205 0.2593 0.0443 0.5234
113 0.2693 0.0867 0.3511 0.1232 0.1698
114 0.2717 0.3103 0.3201 0.0587 0.0392
115 0.1794 0.3076 0.3403 0.1204 0.0522
116 0.0822 0.4377 0.1796 0.0626 0.2379
117 0.5068 0.0796 0.2357 0.0185 0.1594
118 0.4028 0.0594 0.2156 0.1436 0.1787
119 0.2576 0.0876 0.2419 0.0234 0.3896
120 0.1003 0.1035 0.5342 0.1372 0.1249
121 0.1667 0.1831 0.3877 0.1919 0.0706
122 0.1526 0.1065 0.2053 0.5083 0.0274
123 0.3523 0.1562 0.2898 0.1135 0.0884
124 0.1179 0.0548 0.4114 0.3254 0.0904
125 0.1656 0.0297 0.1791 0.1231 0.5024
126 0.5571 0.0945 0.0697 0.0113 0.2673
127 0.4966 0.0389 0.1152 0.0338 0.3157
128 0.0834 0.0645 0.5356 0.0510 0.2651
129 0.2600 0.1381 0.3499 0.0857 0.1665
130 0.1770 0.4521 0.2086 0.0919 0.0704
131 0.1469 0.4150 0.3550 0.0335 0.0496
132 0.1506 0.1268 0.5596 0.0928 0.0701
133 0.0714 0.1214 0.3740 0.2959 0.1376
134 0.1055 0.0201 0.1205 0.0547 0.6992
135 0.0312 0.0330 0.1636 0.0037 0.7686
136 0.0690 0.0181 0.1147 0.0900 0.7080
137 0.1816 0.0914 0.0734 0.0438 0.6099
138 0.1805 0.0216 0.0564 0.0547 0.6870
139 0.1455 0.0693 0.3491 0.3955 0.0404
140 0.0822 0.0903 0.2571 0.4956 0.0748
141 0.0901 0.1606 0.4006 0.2449 0.1037
142 0.1687 0.1584 0.2654 0.1942 0.2133
143 0.3621 0.0624 0.2179 0.2910 0.0665
144 0.2693 0.0708 0.2737 0.2340 0.1522
145 0.1444 0.2783 0.4380 0.1315 0.0079
146 0.1116 0.3228 0.3774 0.0535 0.1346
147 0.1802 0.1628 0.3064 0.0139 0.3367
148 0.1010 0.2056 0.5288 0.0130 0.1515
149 0.1542 0.1340 0.4192 0.1094 0.1831
150 0.0948 0.1025 0.4316 0.1539 0.2170
151 0.0814 0.1260 0.4434 0.1157 0.2336
152 0.0765 0.0719 0.2250 0.2888 0.3376
153 0.0889 0.0307 0.0992 0.0071 0.7739
154 0.0861 0.3596 0.3325 0.0279 0.1940
155 0.2009 0.4673 0.2260 0.0858 0.0202
156 0.2283 0.1095 0.3425 0.1362 0.1833
157 0.1360 0.0396 0.0363 0.0415 0.7466
158 0.0754 0.0526 0.0423 0.0436 0.7861
159 0.3430 0.0853 0.1343 0.0206 0.4167
160 0.2190 0.0567 0.2856 0.0885 0.3501
161 0.1658 0.0479 0.1820 0.0436 0.5605
162 0.3567 0.0923 0.1252 0.0719 0.3540
163 0.3728 0.0643 0.0794 0.0740 0.4094
164 0.0459 0.0474 0.2296 0.2058 0.4712
165 0.1490 0.1161 0.1854 0.5122 0.0374
166 0.1487 0.0286 0.1821 0.5352 0.1054
167 0.2803 0.0413 0.1409 0.2050 0.3328
168 0.2063 0.0149 0.1194 0.1071 0.5522
169 0.1501 0.2698 0.2135 0.3411 0.0253
170 0.2681 0.1025 0.5762 0.0167 0.0363
171 0.1307 0.1873 0.4026 0.2480 0.0315
172 0.1646 0.0665 0.4836 0.2321 0.0534
173 0.4834 0.0223 0.2690 0.1475 0.0777
174 0.2493 0.0630 0.2781 0.1313 0.2781
175 0.1166 0.0551 0.6016 0.1570 0.0696
176 0.2571 0.1132 0.2737 0.3008 0.0552
177 0.1432 0.0703 0.1882 0.1177 0.4805
178 0.1454 0.0809 0.3743 0.0842 0.3152
179 0.1995 0.0695 0.3755 0.0763 0.2791
180 0.2191 0.0892 0.2483 0.1554 0.2881
181 0.4863 0.0202 0.1904 0.0604 0.2427
182 0.1135 0.0637 0.3550 0.2120 0.2559
183 0.0791 0.0178 0.0343 0.0312 0.8374
184 0.1294 0.0338 0.1024 0.0671 0.6675
185 0.0617 0.0180 0.0253 0.0161 0.8789
186 0.1742 0.0465 0.2168 0.0890 0.4736
187 0.1768 0.0760 0.1089 0.0587 0.5796
188 0.0815 0.0348 0.0815 0.0410 0.7612
189 0.3572 0.1572 0.0748 0.0154 0.3953
190 0.3000 0.0867 0.0443 0.0214 0.5479
191 0.1070 0.2373 0.3193 0.3047 0.0316
192 0.1246 0.2595 0.2255 0.3494 0.0411
193 0.1246 0.2595 0.2255 0.3494 0.0411
194 0.3772 0.5073 0.0407 0.0154 0.0592
195 0.3621 0.5107 0.0502 0.0193 0.0577
196 0.2908 0.6553 0.0239 0.0073 0.0231
