time exciting_prob fearful_prob tense_prob sad_prob relaxing_prob
0 0.2037 0.2830 0.2496 0.2310 0.0327
1 0.1185 0.0304 0.1063 0.7036 0.0410
2 0.7993 0.0016 0.0112 0.1316 0.0561
3 0.0710 0.0036 0.0452 0.8521 0.0283
4 0.1882 0.0427 0.1687 0.5796 0.0208
5 0.1299 0.0594 0.1775 0.5913 0.0421
6 0.0976 0.3713 0.2018 0.2050 0.1243
7 0.0442 0.3188 0.4158 0.1680 0.0533
8 0.1135 0.1041 0.6582 0.0756 0.0488
9 0.3176 0.1477 0.2939 0.1334 0.1072
10 0.2438 0.2118 0.2362 0.1649 0.1433
11 0.3037 0.0294 0.3838 0.2120 0.0710
12 0.0632 0.2620 0.4746 0.1318 0.0684
13 0.1241 0.0624 0.3171 0.4541 0.0422
14 0.2004 0.1356 0.4048 0.2455 0.0136
15 0.1294 0.1560 0.3923 0.3103 0.0120
16 0.0982 0.0568 0.6016 0.1984 0.0450
17 0.1704 0.0220 0.0971 0.6953 0.0149
18 0.1880 0.0314 0.1794 0.5884 0.0129
19 0.0866 0.0087 0.0258 0.8750 0.0040
20 0.4382 0.0110 0.0298 0.5044 0.0166
21 0.3750 0.0008 0.0437 0.5630 0.0177
22 0.1252 0.0620 0.1823 0.6074 0.0232
23 0.0665 0.0100 0.1609 0.7559 0.0069
24 0.1006 0.0450 0.1272 0.7202 0.0069
25 0.1615 0.1298 0.3113 0.3843 0.0131
26 0.0291 0.0466 0.4216 0.5005 0.0021
27 0.1150 0.0743 0.6514 0.1387 0.0205
28 0.0977 0.0939 0.6621 0.1410 0.0053
29 0.1390 0.1144 0.3086 0.4316 0.0063
30 0.2496 0.0371 0.3059 0.3689 0.0383
31 0.0500 0.1530 0.3342 0.4568 0.0060
32 0.0357 0.0393 0.2600 0.6641 0.0008
33 0.0605 0.0577 0.1498 0.7256 0.0063
34 0.0897 0.0433 0.0656 0.7988 0.0025
35 0.0677 0.0060 0.0232 0.8916 0.0118
36 0.2937 0.0079 0.0119 0.6719 0.0145
37 0.2247 0.0061 0.0084 0.7485 0.0123
38 0.1364 0.0046 0.0209 0.8350 0.0032
39 0.2629 0.0039 0.0118 0.7148 0.0063
40 0.3311 0.0155 0.1180 0.5288 0.0065
41 0.2118 0.0368 0.0804 0.6475 0.0238
42 0.1234 0.0583 0.2361 0.5752 0.0071
43 0.1165 0.1011 0.6099 0.1642 0.0081
44 0.1660 0.1187 0.4014 0.2378 0.0760
45 0.2048 0.0502 0.4268 0.2979 0.0203
46 0.1005 0.0846 0.5181 0.2566 0.0403
47 0.0822 0.0351 0.1169 0.5405 0.2253
48 0.2288 0.0239 0.0797 0.6621 0.0057
49 0.3674 0.0070 0.1981 0.4097 0.0177
50 0.1743 0.0349 0.2576 0.4966 0.0365
51 0.1199 0.0536 0.2808 0.5332 0.0126
52 0.1281 0.0092 0.0132 0.8481 0.0015
53 0.2493 0.0042 0.0115 0.7324 0.0026
54 0.4180 0.0118 0.0236 0.5449 0.0017
55 0.1501 0.0417 0.1432 0.6318 0.0330
56 0.0500 0.0047 0.0421 0.8721 0.0310
57 0.2832 0.0710 0.3499 0.2766 0.0193
58 0.2404 0.1481 0.2206 0.3579 0.0331
59 0.1714 0.0556 0.4048 0.3152 0.0531
60 0.0944 0.0342 0.5605 0.2449 0.0659
61 0.0336 0.0019 0.0102 0.9072 0.0473
62 0.0711 0.0012 0.0018 0.9224 0.0036
63 0.2106 0.0470 0.1516 0.5459 0.0448
64 0.0624 0.0007 0.0096 0.9165 0.0108
65 0.0815 0.0267 0.3623 0.5273 0.0021
66 0.1071 0.0736 0.5190 0.2413 0.0591
67 0.1282 0.0840 0.3247 0.3738 0.0895
68 0.2859 0.0029 0.0155 0.6753 0.0206
69 0.3069 0.0038 0.0114 0.6597 0.0181
70 0.2681 0.0338 0.0710 0.6230 0.0043
71 0.1010 0.0270 0.0346 0.8325 0.0050
72 0.0751 0.0567 0.1542 0.6909 0.0229
73 0.3660 0.0918 0.0933 0.3774 0.0715
74 0.3816 0.0594 0.0734 0.2749 0.2107
75 0.2201 0.0676 0.1116 0.5117 0.0889
76 0.4270 0.1046 0.1158 0.3101 0.0426
77 0.3733 0.0084 0.0323 0.5518 0.0345
78 0.0685 0.0146 0.0256 0.8882 0.0030
79 0.5957 0.0384 0.0242 0.3315 0.0101
80 0.1426 0.0021 0.0301 0.8203 0.0051
81 0.1544 0.0115 0.0173 0.8091 0.0075
82 0.1354 0.0888 0.2233 0.5273 0.0252
83 0.0685 0.0326 0.0614 0.8350 0.0027
84 0.1405 0.0177 0.0482 0.7837 0.0102
85 0.1580 0.0746 0.0872 0.6650 0.0152
86 0.0802 0.0316 0.0930 0.7671 0.0282
87 0.3013 0.1074 0.2135 0.3689 0.0089
88 0.4297 0.1069 0.2014 0.2355 0.0266
89 0.1307 0.0355 0.0884 0.7065 0.0386
90 0.3792 0.0546 0.1332 0.4165 0.0164
91 0.1418 0.1213 0.1893 0.5308 0.0167
92 0.0513 0.0073 0.0152 0.9238 0.0026
93 0.3484 0.1014 0.1836 0.3352 0.0314
94 0.1578 0.0729 0.1035 0.5596 0.1060
95 0.2324 0.0251 0.0302 0.6123 0.1000
96 0.0934 0.0233 0.0418 0.8389 0.0025
97 0.2832 0.0500 0.0733 0.5854 0.0082
98 0.1938 0.0600 0.1750 0.5654 0.0059
99 0.1877 0.0031 0.0165 0.7720 0.0206
100 0.1481 0.0065 0.0344 0.7759 0.0354
101 0.0983 0.0039 0.0234 0.8496 0.0247
102 0.1323 0.0024 0.0253 0.8174 0.0228
103 0.1639 0.0299 0.0949 0.6689 0.0421
104 0.2803 0.0051 0.0698 0.5933 0.0518
105 0.1631 0.0069 0.1439 0.6758 0.0102
106 0.3499 0.0031 0.0283 0.5679 0.0508
107 0.3665 0.0088 0.0799 0.5293 0.0156
108 0.4299 0.0051 0.0460 0.5063 0.0126
109 0.2185 0.0022 0.0925 0.6626 0.0243
110 0.2798 0.0030 0.1498 0.4988 0.0686
111 0.1899 0.0038 0.0911 0.6475 0.0677
112 0.1956 0.1376 0.2737 0.3799 0.0135
113 0.2001 0.0024 0.0342 0.7207 0.0426
114 0.1636 0.0065 0.0616 0.7563 0.0117
115 0.1271 0.0030 0.0675 0.7261 0.0765
116 0.2983 0.0018 0.0070 0.6831 0.0095
117 0.1060 0.0010 0.0032 0.8872 0.0024
118 0.1432 0.0510 0.2717 0.4919 0.0423
119 0.3855 0.0230 0.2671 0.2844 0.0400
120 0.2089 0.0306 0.6040 0.1447 0.0118
121 0.3235 0.0662 0.3665 0.2089 0.0349
122 0.2883 0.0022 0.0501 0.6396 0.0196
123 0.2325 0.0078 0.0263 0.6523 0.0810
124 0.2163 0.0044 0.0413 0.6455 0.0923
125 0.2827 0.0037 0.0310 0.5986 0.0842
126 0.3804 0.0142 0.4377 0.1455 0.0221
127 0.1765 0.0573 0.1658 0.5522 0.0482
128 0.0751 0.0121 0.5137 0.3757 0.0236
129 0.5029 0.0468 0.3650 0.0783 0.0069
130 0.3835 0.0325 0.3718 0.1945 0.0177
131 0.0487 0.0064 0.0050 0.9346 0.0055
132 0.0889 0.0012 0.0063 0.8979 0.0057
133 0.1105 0.0030 0.0293 0.8164 0.0406
134 0.5273 0.2512 0.0620 0.0397 0.1196
135 0.2087 0.0305 0.0212 0.6636 0.0762
136 0.1567 0.0419 0.0304 0.7305 0.0403
137 0.2957 0.0157 0.0426 0.6162 0.0302
138 0.2966 0.0507 0.2256 0.4021 0.0249
139 0.2350 0.0283 0.5215 0.2041 0.0113
140 0.1816 0.0668 0.2603 0.4028 0.0885
141 0.2551 0.0181 0.3125 0.3655 0.0487
142 0.3005 0.0117 0.2825 0.3982 0.0071
143 0.1183 0.0669 0.3672 0.4397 0.0079
144 0.1088 0.0461 0.3301 0.5034 0.0118
145 0.0496 0.0135 0.0208 0.9136 0.0026
146 0.1393 0.0402 0.1239 0.6802 0.0161
147 0.1901 0.0971 0.4023 0.1600 0.1504
148 0.3669 0.0311 0.4292 0.1460 0.0268
149 0.0558 0.0144 0.4780 0.4285 0.0233
150 0.0308 0.0156 0.0206 0.9272 0.0056
151 0.1895 0.0483 0.0655 0.6167 0.0803
152 0.1633 0.1262 0.3174 0.0578 0.3352
153 0.1489 0.2134 0.3435 0.2593 0.0348
154 0.5361 0.0234 0.2915 0.0797 0.0692
155 0.1627 0.0253 0.2725 0.4563 0.0831
156 0.0326 0.0679 0.2563 0.6245 0.0187
157 0.0610 0.0796 0.1038 0.7490 0.0063
158 0.1627 0.0285 0.0558 0.7407 0.0120
159 0.0851 0.0219 0.0331 0.8530 0.0068
160 0.1212 0.1053 0.5781 0.1532 0.0419
161 0.1331 0.0453 0.5962 0.1655 0.0600
162 0.1144 0.0694 0.5811 0.1976 0.0377
163 0.0758 0.0521 0.1819 0.6865 0.0038
164 0.0613 0.0299 0.1403 0.7642 0.0042
165 0.0690 0.0321 0.2542 0.6392 0.0056
166 0.1786 0.0344 0.3552 0.4185 0.0132
167 0.1451 0.0246 0.5269 0.2776 0.0260
168 0.2375 0.0461 0.5972 0.1096 0.0097
169 0.4412 0.0163 0.1115 0.3279 0.1031
170 0.2812 0.0194 0.4858 0.2090 0.0044
171 0.3176 0.0597 0.4622 0.1489 0.0117
172 0.1148 0.3347 0.4871 0.0534 0.0098
173 0.1302 0.0991 0.2322 0.5312 0.0072
174 0.0703 0.1132 0.2825 0.5278 0.0064
175 0.1251 0.0634 0.2063 0.5923 0.0126
176 0.2542 0.0652 0.3997 0.2010 0.0800
177 0.0795 0.0260 0.3220 0.5562 0.0163
178 0.1985 0.0307 0.2469 0.5068 0.0171
179 0.1226 0.2874 0.3718 0.1479 0.0704
180 0.1011 0.1774 0.5723 0.1093 0.0399
181 0.0101 0.0288 0.0337 0.9243 0.0032
182 0.4038 0.0321 0.1213 0.4167 0.0260
183 0.3748 0.0511 0.1422 0.3806 0.0511
184 0.3857 0.0565 0.2147 0.2651 0.0778
185 0.2751 0.0409 0.1722 0.4832 0.0286
186 0.2069 0.0282 0.2069 0.5200 0.0377
187 0.2964 0.0465 0.1742 0.4590 0.0241
188 0.3706 0.0659 0.3855 0.1241 0.0538
189 0.1225 0.0458 0.1254 0.6992 0.0071
190 0.2534 0.0148 0.0876 0.6274 0.0168
191 0.2761 0.1853 0.3923 0.1056 0.0407
192 0.1610 0.0574 0.3953 0.3435 0.0430
193 0.1575 0.0407 0.5366 0.2457 0.0194
194 0.1702 0.0977 0.4885 0.2068 0.0368
195 0.1068 0.1127 0.3875 0.3755 0.0177
196 0.3110 0.2040 0.1287 0.2991 0.0571
197 0.4526 0.0504 0.0594 0.4319 0.0059
198 0.1941 0.0650 0.1660 0.5703 0.0045
199 0.2932 0.1088 0.1725 0.3826 0.0429
200 0.4844 0.0401 0.1031 0.3462 0.0263
201 0.2030 0.0108 0.1907 0.5605 0.0350
202 0.3699 0.0220 0.0674 0.4824 0.0581
203 0.3203 0.0693 0.3574 0.2201 0.0330
204 0.1571 0.1866 0.4407 0.1365 0.0790
205 0.1356 0.0876 0.5894 0.1467 0.0407
206 0.0330 0.0325 0.0710 0.8516 0.0120
207 0.1506 0.1288 0.1309 0.5254 0.0643
208 0.1843 0.0553 0.2089 0.5332 0.0182
209 0.0883 0.0939 0.4448 0.2615 0.1116
210 0.0532 0.1614 0.5996 0.1541 0.0318
211 0.4265 0.0281 0.1697 0.3591 0.0167
212 0.2776 0.1194 0.3171 0.2668 0.0190
213 0.2756 0.0834 0.4236 0.1766 0.0406
214 0.5156 0.0822 0.3655 0.0163 0.0205
215 0.1144 0.0470 0.1691 0.6587 0.0110
216 0.0705 0.0022 0.0662 0.8384 0.0225
217 0.0927 0.0026 0.0964 0.8008 0.0077
218 0.0262 0.0026 0.0619 0.9019 0.0073
219 0.4172 0.0191 0.4373 0.1177 0.0090
220 0.3816 0.0205 0.3342 0.2244 0.0393
221 0.5596 0.0199 0.2791 0.1259 0.0156
222 0.4329 0.0141 0.3318 0.1967 0.0246
223 0.1781 0.0606 0.4998 0.2019 0.0597
224 0.1349 0.0236 0.3137 0.4785 0.0493
225 0.2563 0.0032 0.0900 0.6445 0.0060
226 0.1902 0.0034 0.0793 0.7178 0.0090
227 0.1733 0.0063 0.0637 0.7529 0.0039
228 0.0856 0.0157 0.0727 0.8252 0.0008
229 0.1245 0.0186 0.1169 0.7388 0.0010
230 0.1321 0.0119 0.0759 0.7783 0.0020
231 0.4001 0.0078 0.1192 0.4604 0.0123
232 0.1127 0.2461 0.5376 0.0956 0.0082
233 0.1031 0.0265 0.1500 0.7104 0.0100
234 0.0580 0.0541 0.2993 0.5859 0.0026
235 0.1194 0.0582 0.1451 0.6714 0.0059
236 0.0966 0.0166 0.0252 0.8608 0.0010
237 0.0955 0.0677 0.2291 0.5498 0.0579
238 0.1440 0.0028 0.0159 0.8286 0.0087
239 0.1249 0.0051 0.0336 0.8276 0.0089
240 0.0795 0.0018 0.0286 0.8682 0.0219
241 0.0643 0.0013 0.0183 0.9023 0.0136
242 0.1370 0.0037 0.0213 0.8262 0.0119
243 0.1207 0.0103 0.0488 0.8125 0.0077
244 0.4175 0.0197 0.3103 0.2397 0.0126
245 0.4993 0.0153 0.2216 0.2512 0.0126
246 0.2113 0.1079 0.2979 0.3594 0.0235
247 0.3003 0.0640 0.1322 0.4543 0.0490
248 0.1002 0.0964 0.6587 0.1349 0.0098
249 0.3462 0.0404 0.2167 0.3894 0.0074
250 0.4138 0.1354 0.3003 0.1176 0.0329
251 0.3357 0.0057 0.0267 0.5620 0.0698
252 0.3879 0.0048 0.0136 0.5645 0.0292
253 0.1365 0.0560 0.1038 0.6934 0.0104
254 0.1371 0.0405 0.0550 0.7646 0.0030
255 0.2147 0.0506 0.1766 0.5527 0.0056
256 0.1202 0.0381 0.1320 0.7026 0.0071
257 0.3086 0.0346 0.0380 0.5996 0.0190
258 0.3416 0.0084 0.0831 0.4058 0.1614
259 0.4048 0.0215 0.0565 0.5034 0.0137
260 0.2595 0.0182 0.2805 0.4346 0.0071
261 0.0607 0.0476 0.1326 0.7568 0.0026
262 0.1608 0.0091 0.1185 0.7090 0.0025
263 0.1519 0.0025 0.0164 0.8276 0.0015
264 0.2008 0.0031 0.0130 0.7822 0.0010
265 0.4458 0.0231 0.3418 0.1732 0.0164
266 0.2186 0.0823 0.2808 0.3899 0.0285
267 0.0771 0.0260 0.1582 0.7314 0.0070
268 0.1531 0.0679 0.5820 0.1803 0.0166
269 0.3066 0.0653 0.3164 0.2974 0.0141
270 0.0607 0.0085 0.3960 0.5249 0.0099
271 0.5371 0.0220 0.2786 0.1152 0.0469
272 0.7002 0.0148 0.1650 0.1017 0.0184
273 0.1565 0.1339 0.1641 0.5054 0.0402
274 0.1333 0.1909 0.1823 0.4509 0.0426
275 0.1333 0.1909 0.1823 0.4509 0.0426
