time exciting_prob fearful_prob tense_prob sad_prob relaxing_prob
0 0.1316 0.0904 0.0947 0.5537 0.1295
1 0.0639 0.2374 0.0413 0.0510 0.6064
2 0.0404 0.0963 0.0202 0.0247 0.8184
3 0.0473 0.1126 0.0389 0.0553 0.7461
4 0.0840 0.1509 0.2732 0.3914 0.1005
5 0.0658 0.0638 0.1210 0.6143 0.1350
6 0.0935 0.0652 0.1019 0.7295 0.0098
7 0.1870 0.0863 0.1930 0.3662 0.1676
8 0.2161 0.0859 0.2030 0.3452 0.1497
9 0.2043 0.1278 0.4258 0.2351 0.0069
10 0.0623 0.0800 0.0950 0.0712 0.6914
11 0.0954 0.1926 0.0749 0.0200 0.6172
12 0.3225 0.1123 0.5151 0.0085 0.0413
13 0.0984 0.0636 0.5078 0.2219 0.1082
14 0.0669 0.1138 0.3398 0.4502 0.0292
15 0.0940 0.1755 0.3384 0.3547 0.0374
16 0.0811 0.5088 0.2402 0.0617 0.1083
17 0.0969 0.1345 0.3176 0.4016 0.0495
18 0.0842 0.2148 0.1699 0.2551 0.2759
19 0.0333 0.2311 0.1976 0.0786 0.4595
20 0.1338 0.3523 0.2040 0.0824 0.2275
21 0.0925 0.4553 0.2554 0.0984 0.0984
22 0.1119 0.3188 0.3906 0.1578 0.0209
23 0.1498 0.1475 0.3074 0.3765 0.0189
24 0.0874 0.0714 0.1292 0.0960 0.6162
25 0.2581 0.0865 0.4062 0.1382 0.1110
26 0.1345 0.1687 0.5322 0.1455 0.0191
27 0.2891 0.1672 0.4338 0.0601 0.0498
28 0.1216 0.0401 0.6372 0.0447 0.1561
29 0.4688 0.0453 0.2356 0.1282 0.1223
30 0.2421 0.0225 0.2966 0.1515 0.2874
31 0.4072 0.0457 0.2712 0.1113 0.1646
32 0.1974 0.1798 0.2534 0.3010 0.0682
33 0.0934 0.0150 0.1379 0.0850 0.6685
34 0.1591 0.0470 0.0957 0.0980 0.6001
35 0.1395 0.0201 0.3677 0.0221 0.4504
36 0.2551 0.0815 0.1648 0.4622 0.0365
37 0.0131 0.0226 0.0516 0.0260 0.8867
38 0.0125 0.0118 0.0473 0.0227 0.9058
39 0.0521 0.0224 0.0529 0.0321 0.8403
40 0.0676 0.0158 0.0379 0.0560 0.8228
41 0.0158 0.0194 0.0487 0.0665 0.8496
42 0.1139 0.2178 0.2773 0.0614 0.3296
43 0.0500 0.0254 0.0384 0.0396 0.8467
44 0.0107 0.0213 0.0720 0.0188 0.8774
45 0.0618 0.1680 0.2771 0.0292 0.4639
46 0.0202 0.0706 0.2041 0.1238 0.5815
47 0.0090 0.0028 0.0179 0.0058 0.9644
48 0.0851 0.4255 0.2705 0.0240 0.1948
49 0.0192 0.0192 0.0440 0.0195 0.8979
50 0.0804 0.1783 0.1840 0.0495 0.5078
51 0.1643 0.1804 0.1567 0.0521 0.4465
52 0.0475 0.0929 0.0723 0.0334 0.7539
53 0.0588 0.1169 0.1989 0.0320 0.5938
54 0.0156 0.0027 0.0227 0.0099 0.9492
55 0.0186 0.0785 0.1008 0.0454 0.7568
56 0.0795 0.0529 0.3000 0.3677 0.1998
57 0.1181 0.0906 0.2041 0.5210 0.0662
58 0.1462 0.0820 0.4871 0.2063 0.0783
59 0.2418 0.0715 0.2418 0.2068 0.2380
60 0.1824 0.0611 0.2571 0.2959 0.2034
61 0.1895 0.0697 0.3538 0.2588 0.1282
62 0.1711 0.1022 0.2910 0.3198 0.1158
63 0.1116 0.0424 0.4775 0.1207 0.2477
64 0.1010 0.1110 0.2661 0.2832 0.2385
65 0.1304 0.0698 0.2717 0.1388 0.3892
66 0.1281 0.4685 0.2319 0.1013 0.0702
67 0.2998 0.0859 0.2485 0.1249 0.2408
68 0.1233 0.0498 0.1272 0.1022 0.5977
69 0.0973 0.0690 0.4360 0.0886 0.3091
70 0.1838 0.3921 0.3201 0.0263 0.0778
71 0.1411 0.0303 0.3547 0.1703 0.3035
72 0.2778 0.0902 0.4172 0.0815 0.1333
73 0.0137 0.0006 0.0034 0.0047 0.9775
74 0.0154 0.0065 0.0039 0.0090 0.9653
75 0.0240 0.0024 0.0055 0.0087 0.9595
76 0.1006 0.0364 0.2266 0.4299 0.2063
77 0.2083 0.1387 0.1866 0.1283 0.3381
78 0.1066 0.1327 0.2440 0.2944 0.2222
79 0.4836 0.0547 0.3376 0.1213 0.0028
80 0.3584 0.0618 0.4822 0.0928 0.0050
81 0.3772 0.0630 0.3599 0.1169 0.0829
82 0.5083 0.0466 0.3550 0.0544 0.0354
83 0.4712 0.1979 0.1995 0.1155 0.0160
84 0.2678 0.0305 0.3838 0.2700 0.0477
85 0.0346 0.0018 0.0210 0.0213 0.9214
86 0.0241 0.0401 0.8916 0.0424 0.0016
87 0.0798 0.0074 0.0365 0.0575 0.8188
88 0.5723 0.2330 0.0964 0.0554 0.0428
89 0.0231 0.0928 0.4636 0.0537 0.3667
90 0.0087 0.0552 0.0606 0.0895 0.7861
91 0.0541 0.1404 0.1980 0.3757 0.2316
92 0.1527 0.0780 0.0267 0.0897 0.6528
93 0.0145 0.0283 0.1935 0.0669 0.6968
94 0.2159 0.0521 0.1935 0.0669 0.4717
95 0.1025 0.0876 0.3308 0.1041 0.3750
96 0.0890 0.1514 0.3105 0.0109 0.4380
97 0.1063 0.0345 0.1387 0.4692 0.2512
98 0.0481 0.0899 0.2225 0.0438 0.5957
99 0.2323 0.1896 0.1344 0.4014 0.0423
100 0.1421 0.1215 0.2035 0.4958 0.0370
101 0.0173 0.1148 0.2546 0.0568 0.5562
102 0.1082 0.6079 0.2573 0.0112 0.0152
103 0.1276 0.2103 0.0386 0.0335 0.5898
104 0.1232 0.0847 0.2527 0.3298 0.2096
105 0.0234 0.0116 0.0897 0.0636 0.8120
106 0.3237 0.1085 0.0648 0.0318 0.4712
107 0.2386 0.2424 0.1565 0.3064 0.0558
108 0.0272 0.0187 0.2209 0.0309 0.7021
109 0.0117 0.0191 0.0263 0.0168 0.9263
110 0.0176 0.0142 0.0486 0.0160 0.9033
111 0.1152 0.1526 0.6577 0.0738 0.0010
112 0.1725 0.3889 0.1097 0.0968 0.2322
113 0.6001 0.1448 0.2207 0.0328 0.0017
114 0.3743 0.2593 0.3572 0.0087 0.0008
115 0.3430 0.1851 0.1765 0.1924 0.1030
116 0.1519 0.2351 0.5913 0.0210 0.0008
117 0.1989 0.5361 0.1225 0.1048 0.0377
118 0.2301 0.4102 0.0416 0.1764 0.1417
119 0.3481 0.1570 0.0724 0.2112 0.2112
120 0.0632 0.2106 0.0964 0.1978 0.4321
121 0.1227 0.2764 0.2808 0.1049 0.2152
122 0.2148 0.3542 0.1597 0.2216 0.0498
123 0.0051 0.0080 0.0267 0.0201 0.9399
124 0.0276 0.1093 0.1027 0.0478 0.7129
125 0.1736 0.1222 0.1193 0.0624 0.5225
126 0.0475 0.1532 0.2646 0.4646 0.0701
127 0.0654 0.2732 0.4792 0.1736 0.0085
128 0.1417 0.1820 0.5264 0.1462 0.0036
129 0.1135 0.0688 0.6528 0.1600 0.0048
130 0.1121 0.1606 0.2690 0.0789 0.3794
131 0.3406 0.1302 0.2472 0.1633 0.1186
132 0.1103 0.1351 0.5430 0.1936 0.0180
133 0.0565 0.0992 0.4880 0.2961 0.0602
134 0.2084 0.4277 0.2307 0.0484 0.0849
135 0.2153 0.4087 0.2365 0.0395 0.1001
136 0.2393 0.1521 0.1805 0.1061 0.3220
137 0.1603 0.2191 0.3669 0.2444 0.0094
138 0.0416 0.0967 0.3650 0.4761 0.0208
139 0.0330 0.1263 0.4016 0.0561 0.3831
140 0.0323 0.1026 0.1802 0.0851 0.6001
141 0.0727 0.3606 0.2764 0.0346 0.2556
142 0.0901 0.5225 0.3071 0.0293 0.0509
143 0.0727 0.1091 0.4814 0.1945 0.1423
144 0.0676 0.0606 0.0766 0.0219 0.7734
145 0.1142 0.0621 0.3987 0.2783 0.1466
146 0.0554 0.2009 0.4390 0.2620 0.0428
147 0.0516 0.2191 0.5176 0.1482 0.0637
148 0.0508 0.1515 0.5205 0.0824 0.1946
149 0.1305 0.0656 0.2896 0.3333 0.1812
150 0.1664 0.2273 0.4666 0.1198 0.0200
151 0.1375 0.0783 0.2910 0.4507 0.0426
152 0.0695 0.1426 0.1694 0.0717 0.5469
153 0.0073 0.0087 0.0157 0.0100 0.9585
154 0.2073 0.0787 0.2461 0.3997 0.0684
155 0.0710 0.1083 0.4490 0.3608 0.0109
156 0.0204 0.1494 0.3757 0.0787 0.3757
157 0.0767 0.3748 0.2576 0.0993 0.1914
158 0.0177 0.0439 0.0446 0.0115 0.8823
159 0.0169 0.0990 0.8291 0.0530 0.0020
160 0.3867 0.1515 0.1515 0.0404 0.2700
161 0.0088 0.0144 0.0352 0.0197 0.9219
162 0.0370 0.0797 0.2452 0.1022 0.5356
163 0.0126 0.0155 0.0863 0.0540 0.8315
164 0.0356 0.0416 0.2549 0.1113 0.5566
165 0.1537 0.0365 0.7568 0.0417 0.0114
166 0.0599 0.0363 0.8140 0.0793 0.0102
167 0.1985 0.1322 0.5146 0.1385 0.0159
168 0.0169 0.0148 0.1530 0.0972 0.7183
169 0.0500 0.1278 0.7710 0.0470 0.0042
170 0.0392 0.1133 0.7051 0.1410 0.0013
171 0.1920 0.0533 0.2585 0.2751 0.2211
172 0.0585 0.1318 0.2174 0.0369 0.5552
173 0.0341 0.0651 0.1379 0.0948 0.6680
174 0.0998 0.1570 0.3767 0.3538 0.0127
175 0.1040 0.1400 0.6079 0.1422 0.0058
176 0.0371 0.0843 0.1812 0.1033 0.5942
177 0.0723 0.1919 0.2043 0.0638 0.4678
178 0.0135 0.0287 0.0345 0.1727 0.7505
179 0.0108 0.0175 0.0248 0.1864 0.7607
180 0.0624 0.1261 0.5107 0.1185 0.1821
181 0.0522 0.0946 0.5278 0.0682 0.2573
182 0.1729 0.1729 0.3955 0.0535 0.2052
183 0.1088 0.1176 0.0975 0.0881 0.5879
184 0.1500 0.3079 0.1323 0.0327 0.3772
185 0.0815 0.0828 0.0645 0.0828 0.6885
186 0.0449 0.3315 0.0757 0.0260 0.5220
187 0.0497 0.3237 0.0648 0.0524 0.5093
188 0.0857 0.1843 0.2122 0.0545 0.4634
189 0.0947 0.3518 0.4885 0.0178 0.0472
190 0.0337 0.1647 0.4690 0.3174 0.0153
191 0.0720 0.2759 0.5747 0.0611 0.0164
192 0.1598 0.1573 0.5938 0.0592 0.0300
193 0.0922 0.2045 0.6201 0.0663 0.0170
194 0.0930 0.1658 0.6606 0.0759 0.0046
195 0.0855 0.2184 0.5078 0.1810 0.0075
196 0.1104 0.0929 0.5874 0.1791 0.0304
197 0.0662 0.2292 0.1327 0.0553 0.5166
198 0.0967 0.3049 0.1312 0.0468 0.4202
199 0.0345 0.2510 0.1387 0.4475 0.1282
200 0.0534 0.0457 0.2430 0.6304 0.0273
201 0.1243 0.3005 0.5527 0.0171 0.0051
202 0.0331 0.0369 0.7773 0.1351 0.0174
203 0.0907 0.0567 0.6807 0.1495 0.0226
204 0.0912 0.1758 0.3232 0.3899 0.0197
205 0.1854 0.0420 0.0849 0.0602 0.6274
206 0.1240 0.0331 0.0233 0.0839 0.7358
207 0.1862 0.0770 0.0509 0.2466 0.4395
208 0.4265 0.0160 0.2507 0.0922 0.2145
209 0.2759 0.0214 0.2147 0.4478 0.0403
210 0.8413 0.0199 0.0184 0.0826 0.0375
211 0.7817 0.0218 0.0508 0.0870 0.0589
212 0.4463 0.0154 0.0893 0.2316 0.2175
213 0.1428 0.0513 0.4231 0.3096 0.0730
214 0.3560 0.0086 0.0973 0.4570 0.0813
215 0.5547 0.0294 0.2661 0.0837 0.0662
216 0.5186 0.0079 0.2162 0.0916 0.1658
217 0.0861 0.0205 0.0132 0.2131 0.6670
218 0.2457 0.0738 0.0427 0.1255 0.5122
219 0.2146 0.1252 0.0307 0.1570 0.4724
220 0.0651 0.0255 0.0750 0.5806 0.2537
221 0.4124 0.2664 0.0623 0.2010 0.0580
222 0.2925 0.2463 0.0825 0.3264 0.0521
223 0.6387 0.0642 0.1541 0.1110 0.0323
224 0.7495 0.0625 0.1115 0.0569 0.0195
225 0.8115 0.0527 0.0842 0.0388 0.0127
226 0.3662 0.1306 0.2988 0.1575 0.0469
227 0.3643 0.1299 0.2974 0.1616 0.0470
