time exciting_prob fearful_prob tense_prob sad_prob relaxing_prob
0 0.1987 0.2847 0.2512 0.2323 0.0330
1 0.1406 0.1130 0.2668 0.4263 0.0533
2 0.1388 0.1151 0.2720 0.4277 0.0465
3 0.1110 0.1257 0.2922 0.4187 0.0524
4 0.1296 0.1277 0.2349 0.4456 0.0622
5 0.1224 0.3223 0.4475 0.0881 0.0197
6 0.1361 0.1448 0.6289 0.0734 0.0166
7 0.1733 0.1506 0.5508 0.1052 0.0201
8 0.1572 0.1454 0.6216 0.0592 0.0164
9 0.1103 0.1876 0.5347 0.1508 0.0169
10 0.2693 0.1442 0.4878 0.0601 0.0385
11 0.2854 0.1552 0.4854 0.0516 0.0225
12 0.3674 0.1532 0.3245 0.0944 0.0605
13 0.3650 0.1923 0.3650 0.0443 0.0337
14 0.3291 0.1846 0.3906 0.0512 0.0445
15 0.3298 0.2096 0.3298 0.0660 0.0649
16 0.3594 0.2374 0.2979 0.0560 0.0494
17 0.1248 0.7017 0.0957 0.0306 0.0474
18 0.1317 0.7012 0.1317 0.0169 0.0187
19 0.1112 0.7598 0.0894 0.0260 0.0136
20 0.1667 0.0172 0.1094 0.6104 0.0966
21 0.1256 0.0231 0.1108 0.6582 0.0824
22 0.2306 0.0335 0.1674 0.4883 0.0803
23 0.1561 0.0216 0.0836 0.6470 0.0917
24 0.2937 0.3328 0.0620 0.2632 0.0483
25 0.3069 0.3167 0.0859 0.2245 0.0663
26 0.3000 0.3000 0.0959 0.1791 0.1250
27 0.1144 0.7124 0.0399 0.0745 0.0589
28 0.1049 0.6328 0.0527 0.1041 0.1057
29 0.0906 0.6338 0.0618 0.1154 0.0987
30 0.3035 0.0519 0.1990 0.4148 0.0310
31 0.2986 0.0755 0.3032 0.3032 0.0194
32 0.3550 0.1266 0.2966 0.1976 0.0240
33 0.3840 0.1306 0.1285 0.2598 0.0970
34 0.1791 0.2094 0.2448 0.2336 0.1331
35 0.1190 0.2479 0.3779 0.2056 0.0496
36 0.1544 0.1096 0.1619 0.4834 0.0908
37 0.1185 0.0967 0.1646 0.5835 0.0367
38 0.2240 0.0877 0.3525 0.2969 0.0389
39 0.2050 0.3079 0.2396 0.2434 0.0041
40 0.0714 0.1686 0.0748 0.6260 0.0592
41 0.2920 0.0607 0.2103 0.4248 0.0123
42 0.1241 0.1779 0.1498 0.4009 0.1475
43 0.1479 0.3550 0.1785 0.2401 0.0786
44 0.1281 0.4399 0.1202 0.2318 0.0801
45 0.1047 0.2937 0.2360 0.2673 0.0983
46 0.1499 0.4692 0.2181 0.1080 0.0547
47 0.1271 0.1968 0.1998 0.3452 0.1311
48 0.0998 0.1046 0.6211 0.1475 0.0273
49 0.1547 0.0630 0.7041 0.0582 0.0201
50 0.1196 0.0671 0.4956 0.3005 0.0172
51 0.0781 0.4895 0.1470 0.2705 0.0149
52 0.0498 0.1699 0.4204 0.3174 0.0423
53 0.0791 0.4446 0.1768 0.2781 0.0215
54 0.1261 0.2546 0.2178 0.3647 0.0367
55 0.1320 0.2505 0.2751 0.2839 0.0586
56 0.2244 0.0563 0.4675 0.2075 0.0442
57 0.1836 0.0815 0.4990 0.1954 0.0403
58 0.1775 0.2708 0.0381 0.3999 0.1137
59 0.2057 0.4492 0.0396 0.1947 0.1110
60 0.1530 0.1934 0.0405 0.5015 0.1119
61 0.0920 0.0964 0.2313 0.4673 0.1127
62 0.0431 0.5371 0.2920 0.0905 0.0374
63 0.2747 0.1238 0.1426 0.4255 0.0333
64 0.2874 0.1467 0.1316 0.3928 0.0414
65 0.2188 0.0424 0.5415 0.1677 0.0298
66 0.1122 0.2866 0.2064 0.3623 0.0324
67 0.1655 0.0546 0.2817 0.4717 0.0266
68 0.1837 0.1047 0.0999 0.5659 0.0457
69 0.2673 0.0543 0.1345 0.3655 0.1782
70 0.1853 0.0630 0.4309 0.2494 0.0715
71 0.1166 0.1722 0.2627 0.4197 0.0288
72 0.0590 0.0563 0.6143 0.2483 0.0220
73 0.0630 0.1559 0.5977 0.1088 0.0748
74 0.1119 0.1191 0.0489 0.6440 0.0763
75 0.0723 0.1997 0.4363 0.1847 0.1069
76 0.0908 0.0268 0.5649 0.2627 0.0551
77 0.1737 0.0827 0.1046 0.4758 0.1632
78 0.1517 0.0663 0.2350 0.5132 0.0336
79 0.2224 0.1118 0.4636 0.1577 0.0445
80 0.2607 0.0079 0.6157 0.0901 0.0258
81 0.3921 0.0391 0.4585 0.0903 0.0198
82 0.1227 0.0445 0.0608 0.7065 0.0657
83 0.2114 0.1726 0.1262 0.3276 0.1621
84 0.1051 0.2123 0.2260 0.3499 0.1068
85 0.2148 0.0082 0.5933 0.1523 0.0314
86 0.2988 0.0641 0.4084 0.1870 0.0417
87 0.2018 0.2551 0.2612 0.2131 0.0687
88 0.2451 0.0118 0.4302 0.3003 0.0124
89 0.1279 0.3760 0.4197 0.0460 0.0304
90 0.1479 0.0536 0.5669 0.1990 0.0325
91 0.3674 0.0958 0.1605 0.2773 0.0989
92 0.3752 0.3638 0.1359 0.0558 0.0694
93 0.0914 0.0130 0.8149 0.0619 0.0186
94 0.0490 0.2161 0.2732 0.4434 0.0184
95 0.0347 0.3240 0.2563 0.3728 0.0122
96 0.0299 0.2905 0.1289 0.4714 0.0794
97 0.0452 0.3237 0.1934 0.3186 0.1191
98 0.0466 0.3811 0.2349 0.2747 0.0627
99 0.0539 0.3657 0.2361 0.2937 0.0507
100 0.0503 0.3892 0.2183 0.2803 0.0620
101 0.0225 0.1335 0.4517 0.3408 0.0515
102 0.0400 0.0446 0.6768 0.2266 0.0122
103 0.0432 0.0832 0.6440 0.2158 0.0137
104 0.0209 0.1569 0.6201 0.1952 0.0068
105 0.2305 0.1080 0.4512 0.1852 0.0253
106 0.0128 0.0989 0.7661 0.1212 0.0011
107 0.0092 0.0961 0.7563 0.1377 0.0007
108 0.0130 0.1104 0.6553 0.2195 0.0020
109 0.0145 0.1924 0.5479 0.2432 0.0021
110 0.0153 0.1538 0.5713 0.2576 0.0020
111 0.0162 0.1399 0.3862 0.4514 0.0063
112 0.2539 0.2499 0.1469 0.2991 0.0504
113 0.2047 0.2754 0.1105 0.3538 0.0555
114 0.0740 0.3906 0.2369 0.2561 0.0421
115 0.0620 0.3621 0.2031 0.3196 0.0534
116 0.0297 0.1332 0.1290 0.6870 0.0211
117 0.1819 0.2013 0.1508 0.4131 0.0529
118 0.0674 0.5825 0.2372 0.0886 0.0244
119 0.0688 0.3083 0.2808 0.2942 0.0477
120 0.1390 0.0688 0.5947 0.1552 0.0424
121 0.1610 0.1254 0.5449 0.1377 0.0310
122 0.1898 0.1729 0.1702 0.3835 0.0836
123 0.2280 0.3672 0.1020 0.2729 0.0299
124 0.0299 0.3674 0.3242 0.2646 0.0138
125 0.0187 0.1111 0.1361 0.7129 0.0210
126 0.1299 0.1164 0.6006 0.1164 0.0369
127 0.0274 0.1390 0.4417 0.3494 0.0424
128 0.1797 0.0565 0.5713 0.1636 0.0291
129 0.2155 0.0357 0.5166 0.2024 0.0298
130 0.1830 0.0516 0.5908 0.1471 0.0276
131 0.1638 0.0523 0.5898 0.1562 0.0377
132 0.0372 0.0613 0.8071 0.0920 0.0023
133 0.0580 0.1368 0.5762 0.2220 0.0070
134 0.1061 0.1544 0.4683 0.2507 0.0204
135 0.0561 0.1912 0.1713 0.5752 0.0065
136 0.0639 0.0237 0.0873 0.8032 0.0217
137 0.4138 0.0953 0.3325 0.1464 0.0121
138 0.2379 0.0760 0.3103 0.3628 0.0128
139 0.1353 0.1556 0.2690 0.1104 0.3296
140 0.1132 0.1476 0.3486 0.3379 0.0526
141 0.1008 0.1274 0.5200 0.0383 0.2134
142 0.1189 0.0536 0.2421 0.5762 0.0095
143 0.3140 0.0907 0.2949 0.2859 0.0145
144 0.1809 0.1187 0.1754 0.4341 0.0910
145 0.1158 0.1738 0.6357 0.0547 0.0197
146 0.1835 0.0206 0.5229 0.2213 0.0518
147 0.1853 0.0499 0.2455 0.4805 0.0388
148 0.2023 0.2639 0.3962 0.1348 0.0029
149 0.2010 0.1437 0.2971 0.2903 0.0679
150 0.0686 0.0998 0.2549 0.5396 0.0373
151 0.2771 0.0893 0.2771 0.3240 0.0323
152 0.2539 0.0210 0.4453 0.2578 0.0220
153 0.1324 0.2185 0.2634 0.3657 0.0197
154 0.1631 0.0735 0.2908 0.3242 0.1484
155 0.0720 0.1782 0.1573 0.3774 0.2150
156 0.1708 0.0712 0.3345 0.3789 0.0446
157 0.1300 0.0981 0.5063 0.2354 0.0304
158 0.2590 0.2216 0.3027 0.2114 0.0051
159 0.3977 0.0250 0.1395 0.3914 0.0464
160 0.1838 0.2084 0.3381 0.2593 0.0103
161 0.4622 0.1151 0.2473 0.1454 0.0300
162 0.2189 0.4219 0.2681 0.0637 0.0274
163 0.2751 0.0997 0.3589 0.2245 0.0419
164 0.5605 0.1508 0.1395 0.1373 0.0121
165 0.2352 0.2141 0.2974 0.2175 0.0358
166 0.2349 0.0323 0.5132 0.2009 0.0190
167 0.4307 0.1168 0.3459 0.0983 0.0083
168 0.1947 0.1277 0.2578 0.3694 0.0504
169 0.2534 0.0380 0.4888 0.1855 0.0343
170 0.1857 0.0143 0.6187 0.1772 0.0042
171 0.1416 0.0091 0.6548 0.1935 0.0013
172 0.2554 0.0698 0.4922 0.1444 0.0382
173 0.1550 0.1017 0.4214 0.2852 0.0368
174 0.3098 0.0874 0.2129 0.3298 0.0601
175 0.3506 0.1013 0.2078 0.1998 0.1406
176 0.0751 0.0920 0.1219 0.6797 0.0313
177 0.4287 0.3286 0.1759 0.0549 0.0120
178 0.4465 0.3215 0.1230 0.0966 0.0125
179 0.3352 0.2612 0.2164 0.1686 0.0185
180 0.4360 0.2974 0.0806 0.1289 0.0572
181 0.4907 0.1184 0.0974 0.2507 0.0429
182 0.3718 0.2595 0.1586 0.1599 0.0503
183 0.2898 0.4021 0.1412 0.1445 0.0223
184 0.0576 0.0740 0.5137 0.2837 0.0706
185 0.0904 0.0876 0.3926 0.3203 0.1090
186 0.0757 0.0669 0.4097 0.4226 0.0252
187 0.1212 0.0648 0.2646 0.5347 0.0148
188 0.1888 0.1027 0.2107 0.4189 0.0787
189 0.1376 0.1293 0.5703 0.1273 0.0353
190 0.5493 0.1411 0.1649 0.1367 0.0078
191 0.4739 0.1930 0.2598 0.0677 0.0055
192 0.3867 0.2328 0.2786 0.0919 0.0100
193 0.1052 0.0489 0.5176 0.2815 0.0467
194 0.2705 0.1145 0.3528 0.2313 0.0311
195 0.0724 0.0246 0.1820 0.6655 0.0555
196 0.1936 0.0546 0.2566 0.4431 0.0521
197 0.4153 0.0257 0.3037 0.1436 0.1118
198 0.1475 0.2064 0.1375 0.3796 0.1292
199 0.5693 0.1322 0.2356 0.0432 0.0195
200 0.1606 0.0901 0.1969 0.4648 0.0873
201 0.1431 0.1080 0.1409 0.5571 0.0510
202 0.0984 0.0211 0.2986 0.5493 0.0325
203 0.1152 0.2273 0.5044 0.1266 0.0265
204 0.2749 0.2059 0.4463 0.0387 0.0341
205 0.2695 0.0440 0.4443 0.2269 0.0152
206 0.4199 0.1497 0.1863 0.2178 0.0264
207 0.1096 0.0952 0.2469 0.5312 0.0171
208 0.1006 0.7202 0.1671 0.0055 0.0063
209 0.1549 0.2255 0.3491 0.2554 0.0150
210 0.1837 0.0953 0.4993 0.2147 0.0069
211 0.1737 0.0359 0.4949 0.2820 0.0135
212 0.2937 0.3125 0.2323 0.1476 0.0139
213 0.2262 0.0729 0.3477 0.3477 0.0059
214 0.1228 0.0360 0.4856 0.3337 0.0217
215 0.1125 0.0963 0.2659 0.3308 0.1945
216 0.3665 0.0152 0.2402 0.3184 0.0598
217 0.0897 0.1117 0.5327 0.2556 0.0102
218 0.1980 0.0432 0.3584 0.3699 0.0306
219 0.0864 0.0694 0.3062 0.5210 0.0171
220 0.0771 0.0610 0.3096 0.5435 0.0090
221 0.2030 0.0425 0.2161 0.4297 0.1086
222 0.0981 0.0517 0.6499 0.1951 0.0055
223 0.0902 0.1376 0.6162 0.1292 0.0267
224 0.0257 0.3037 0.6328 0.0368 0.0006
225 0.0164 0.3027 0.6509 0.0295 0.0004
226 0.0825 0.2010 0.1182 0.5640 0.0341
227 0.0941 0.0647 0.2766 0.5415 0.0231
228 0.0543 0.0895 0.3323 0.5068 0.0172
229 0.0536 0.1770 0.4451 0.2874 0.0371
230 0.0499 0.3689 0.5044 0.0527 0.0243
231 0.0538 0.1373 0.2646 0.5264 0.0177
232 0.2020 0.0535 0.1702 0.5239 0.0503
233 0.2109 0.0674 0.2354 0.4329 0.0533
234 0.2681 0.0508 0.2153 0.4216 0.0444
235 0.2185 0.0535 0.1869 0.5000 0.0410
236 0.1835 0.2283 0.4331 0.0827 0.0724
237 0.1713 0.0822 0.5112 0.1660 0.0692
238 0.1364 0.0654 0.5830 0.1835 0.0319
239 0.1268 0.0734 0.4937 0.2903 0.0160
240 0.1015 0.0910 0.6172 0.1661 0.0243
241 0.0843 0.1841 0.5942 0.1057 0.0315
242 0.0795 0.0814 0.5391 0.2930 0.0073
243 0.0527 0.1597 0.3831 0.4014 0.0031
244 0.2588 0.0827 0.2145 0.3765 0.0675
