time exciting_prob fearful_prob tense_prob sad_prob relaxing_prob
0 0.2295 0.0459 0.1459 0.5337 0.0452
1 0.2103 0.0704 0.1445 0.4814 0.0933
2 0.1172 0.1349 0.1934 0.5508 0.0039
3 0.3140 0.1875 0.2905 0.1965 0.0114
4 0.4351 0.2223 0.0877 0.2329 0.0220
5 0.3535 0.1683 0.1261 0.3320 0.0201
6 0.2350 0.1888 0.1110 0.4324 0.0328
7 0.3140 0.1554 0.1137 0.3909 0.0260
8 0.1696 0.4607 0.0908 0.2708 0.0081
9 0.1760 0.4424 0.1371 0.2406 0.0038
10 0.1892 0.3425 0.1921 0.2627 0.0136
11 0.2067 0.3054 0.1355 0.3462 0.0063
12 0.1661 0.2871 0.1466 0.3862 0.0139
13 0.2717 0.2893 0.1675 0.2634 0.0081
14 0.2404 0.4705 0.0768 0.1931 0.0193
15 0.1987 0.3599 0.0784 0.3435 0.0195
16 0.3193 0.2161 0.2300 0.0582 0.1764
17 0.2246 0.3096 0.1631 0.1520 0.1509
18 0.1893 0.3003 0.2112 0.1322 0.1671
19 0.2170 0.2257 0.2087 0.1445 0.2039
20 0.2070 0.2786 0.2681 0.0912 0.1552
21 0.2076 0.2371 0.2175 0.1847 0.1531
22 0.2200 0.3713 0.0327 0.1000 0.2759
23 0.2583 0.1859 0.0658 0.2042 0.2859
24 0.1870 0.1526 0.0401 0.1611 0.4592
25 0.4514 0.1912 0.0483 0.2397 0.0692
26 0.4963 0.1637 0.0473 0.2135 0.0792
27 0.0859 0.1261 0.1300 0.4612 0.1968
28 0.1265 0.3574 0.2069 0.0749 0.2344
29 0.1268 0.3699 0.2042 0.0567 0.2426
30 0.0955 0.2534 0.1676 0.3411 0.1422
31 0.1720 0.2091 0.2192 0.1904 0.2091
32 0.1230 0.1146 0.3020 0.3450 0.1155
33 0.3066 0.3018 0.1035 0.0673 0.2208
34 0.4031 0.2191 0.0764 0.0452 0.2561
35 0.4604 0.1461 0.0859 0.0813 0.2262
36 0.3042 0.3237 0.0995 0.0618 0.2107
37 0.1499 0.1547 0.0815 0.4546 0.1595
38 0.1917 0.2854 0.1034 0.0857 0.3337
39 0.3313 0.3525 0.1692 0.0344 0.1127
40 0.4524 0.3469 0.1218 0.0346 0.0444
41 0.2988 0.2556 0.1812 0.2400 0.0245
42 0.2222 0.2920 0.0863 0.3750 0.0245
43 0.2693 0.1185 0.3003 0.1223 0.1895
44 0.3542 0.0946 0.2654 0.0946 0.1912
45 0.1957 0.1741 0.2593 0.2551 0.1159
46 0.2483 0.1890 0.2426 0.2244 0.0958
47 0.1796 0.1572 0.0302 0.2378 0.3953
48 0.2416 0.1548 0.0401 0.3103 0.2532
49 0.0956 0.3499 0.0431 0.1026 0.4089
50 0.1494 0.1719 0.2368 0.2903 0.1517
51 0.1093 0.1678 0.2969 0.2993 0.1267
52 0.0991 0.1234 0.3379 0.3740 0.0655
53 0.1238 0.1338 0.2539 0.4026 0.0858
54 0.0861 0.1896 0.2268 0.4478 0.0498
55 0.1226 0.2134 0.2068 0.3865 0.0709
56 0.1469 0.2460 0.1786 0.3691 0.0594
57 0.1376 0.2233 0.1621 0.3889 0.0881
58 0.3613 0.1628 0.1494 0.1173 0.2091
59 0.2285 0.1698 0.2181 0.0457 0.3379
60 0.2155 0.1627 0.2367 0.1447 0.2405
61 0.1453 0.2981 0.1301 0.4009 0.0256
62 0.3689 0.2827 0.1357 0.1914 0.0213
63 0.1305 0.3806 0.0756 0.3132 0.1001
64 0.0927 0.5254 0.1034 0.1746 0.1042
65 0.0895 0.4546 0.0714 0.3030 0.0815
66 0.1659 0.1954 0.0681 0.3857 0.1851
67 0.2053 0.4626 0.2515 0.0434 0.0371
68 0.3364 0.2241 0.3933 0.0333 0.0130
69 0.3635 0.2700 0.3013 0.0405 0.0246
70 0.1181 0.4600 0.1403 0.2747 0.0070
71 0.1404 0.4534 0.1890 0.2108 0.0064
72 0.1323 0.3325 0.1365 0.3652 0.0334
73 0.0811 0.3633 0.0933 0.4314 0.0310
74 0.1742 0.4590 0.0932 0.2573 0.0163
75 0.0414 0.1768 0.1853 0.5708 0.0259
76 0.0275 0.1940 0.2032 0.5527 0.0228
77 0.0790 0.0671 0.3459 0.3982 0.1097
78 0.0936 0.4062 0.1119 0.0839 0.3044
79 0.0541 0.5771 0.2686 0.0763 0.0238
80 0.0594 0.4973 0.2900 0.0768 0.0763
81 0.2583 0.3020 0.2316 0.1427 0.0653
82 0.0454 0.2571 0.1686 0.4878 0.0413
83 0.0602 0.1770 0.1074 0.6177 0.0377
84 0.0972 0.2277 0.2500 0.3872 0.0378
85 0.0657 0.2120 0.3284 0.3496 0.0444
86 0.0882 0.4207 0.2632 0.1477 0.0803
87 0.0676 0.5361 0.1824 0.1215 0.0924
88 0.0702 0.1166 0.0759 0.6157 0.1213
89 0.1399 0.0897 0.0869 0.5938 0.0897
90 0.0790 0.0790 0.0479 0.6074 0.1866
91 0.0733 0.1163 0.0781 0.5376 0.1947
92 0.1053 0.1332 0.0659 0.5063 0.1892
93 0.1266 0.1108 0.0739 0.5498 0.1390
94 0.1936 0.3674 0.2566 0.1362 0.0464
95 0.1230 0.2686 0.1790 0.3848 0.0449
96 0.0667 0.2291 0.4927 0.2054 0.0061
97 0.0749 0.0903 0.4446 0.2494 0.1410
98 0.0980 0.0504 0.2686 0.4939 0.0892
99 0.1031 0.1056 0.3079 0.3008 0.1825
100 0.0425 0.0928 0.2191 0.5254 0.1201
101 0.1289 0.1580 0.5430 0.1077 0.0623
102 0.1080 0.3433 0.3831 0.0848 0.0809
103 0.1483 0.2644 0.1183 0.2427 0.2262
104 0.1887 0.4636 0.1127 0.1257 0.1093
105 0.0641 0.1245 0.0531 0.6523 0.1057
106 0.0953 0.4619 0.1420 0.2396 0.0611
107 0.0991 0.4802 0.1293 0.2340 0.0573
108 0.1871 0.1135 0.1025 0.1481 0.4490
109 0.1547 0.0881 0.1375 0.1793 0.4404
110 0.2717 0.1313 0.2847 0.1196 0.1926
111 0.2067 0.1536 0.2915 0.1700 0.1782
112 0.0698 0.6270 0.1512 0.1466 0.0056
113 0.0753 0.5396 0.1779 0.2015 0.0057
114 0.1093 0.4492 0.3186 0.0598 0.0632
115 0.1204 0.4402 0.2145 0.1396 0.0853
116 0.1622 0.2593 0.1048 0.4622 0.0114
117 0.2458 0.2576 0.1357 0.3521 0.0086
118 0.1177 0.3860 0.0671 0.3921 0.0370
119 0.1381 0.4058 0.0837 0.3313 0.0411
120 0.0638 0.3093 0.1450 0.4363 0.0456
121 0.0989 0.2646 0.3142 0.3142 0.0080
122 0.0905 0.2073 0.3694 0.3259 0.0068
123 0.1150 0.0881 0.0748 0.6826 0.0394
124 0.1755 0.1729 0.0548 0.5669 0.0300
125 0.3796 0.2910 0.2610 0.0625 0.0058
126 0.3259 0.3159 0.2500 0.1002 0.0079
127 0.2693 0.2715 0.2529 0.1823 0.0239
128 0.3027 0.2322 0.1282 0.2590 0.0778
129 0.3696 0.2139 0.1050 0.1858 0.1257
130 0.2959 0.1465 0.1031 0.3740 0.0803
131 0.1119 0.3816 0.1803 0.2244 0.1019
132 0.0919 0.2703 0.1266 0.4561 0.0553
133 0.0957 0.2664 0.3367 0.2502 0.0512
134 0.0522 0.2341 0.3103 0.2612 0.1421
135 0.1289 0.3020 0.2465 0.1119 0.2108
136 0.2168 0.1335 0.1959 0.3521 0.1016
137 0.1636 0.1624 0.2893 0.2739 0.1107
138 0.0944 0.1569 0.3425 0.2354 0.1709
139 0.0478 0.1299 0.2351 0.4126 0.1747
140 0.0335 0.3359 0.1125 0.5122 0.0056
141 0.0789 0.3242 0.2354 0.3452 0.0165
142 0.0398 0.2537 0.4453 0.2537 0.0074
143 0.0754 0.3352 0.1559 0.3298 0.1038
144 0.0738 0.3806 0.1943 0.1826 0.1688
145 0.0851 0.1026 0.0668 0.4600 0.2856
146 0.0691 0.0867 0.0707 0.6304 0.1429
147 0.1481 0.1704 0.1370 0.3931 0.1516
148 0.1858 0.2104 0.1190 0.2500 0.2349
149 0.0631 0.4346 0.2939 0.2052 0.0032
150 0.0379 0.4438 0.3796 0.1312 0.0077
151 0.0677 0.4282 0.1527 0.3440 0.0074
152 0.0443 0.5933 0.1432 0.2115 0.0076
153 0.0764 0.6201 0.1696 0.1240 0.0099
154 0.0706 0.4390 0.1448 0.3364 0.0093
155 0.0363 0.6089 0.2499 0.0994 0.0056
156 0.0233 0.1302 0.1837 0.6411 0.0216
157 0.0439 0.2607 0.2954 0.3794 0.0207
158 0.1941 0.1796 0.2341 0.3516 0.0407
159 0.0894 0.2690 0.2231 0.3147 0.1038
160 0.0446 0.1044 0.2976 0.5142 0.0393
161 0.1217 0.7114 0.1276 0.0259 0.0136
162 0.1760 0.2561 0.3237 0.2332 0.0112
163 0.1699 0.2360 0.2434 0.3328 0.0179
164 0.2505 0.2466 0.1776 0.2974 0.0281
165 0.2998 0.2029 0.1709 0.2861 0.0403
166 0.3542 0.1169 0.2474 0.2593 0.0221
167 0.3630 0.1490 0.1715 0.2964 0.0202
168 0.2812 0.2522 0.1815 0.2683 0.0168
169 0.2283 0.3025 0.1384 0.3169 0.0140
170 0.2881 0.1093 0.1318 0.4060 0.0648
