time exciting_prob fearful_prob tense_prob sad_prob relaxing_prob
0 0.1836 0.1113 0.2146 0.4336 0.0569
1 0.1085 0.1934 0.3669 0.2903 0.0412
2 0.2107 0.1027 0.1565 0.4321 0.0980
3 0.3350 0.0735 0.2000 0.2776 0.1140
4 0.0446 0.3975 0.3245 0.2000 0.0334
5 0.0433 0.1823 0.3918 0.1559 0.2268
6 0.0147 0.6123 0.3079 0.0102 0.0552
7 0.0943 0.1230 0.4226 0.3191 0.0412
8 0.0327 0.4368 0.2266 0.0702 0.2338
9 0.0687 0.1323 0.3486 0.4141 0.0365
10 0.0135 0.7070 0.1349 0.0160 0.1288
11 0.0753 0.1521 0.4758 0.2393 0.0577
12 0.0269 0.4072 0.4761 0.0840 0.0060
13 0.0224 0.3396 0.3396 0.2815 0.0172
14 0.1082 0.3958 0.3491 0.1032 0.0437
15 0.0280 0.4744 0.1058 0.0106 0.3811
16 0.0298 0.0902 0.0991 0.0822 0.6987
17 0.0331 0.1859 0.2388 0.1426 0.3997
18 0.0588 0.1785 0.3550 0.3777 0.0301
19 0.0633 0.1641 0.4255 0.3367 0.0102
20 0.0333 0.4312 0.2827 0.2238 0.0289
21 0.0872 0.5552 0.2010 0.1360 0.0209
22 0.1119 0.4358 0.1219 0.2369 0.0935
23 0.0470 0.5337 0.2725 0.0251 0.1219
24 0.0643 0.3818 0.4680 0.0453 0.0406
25 0.0339 0.5820 0.2883 0.0456 0.0501
26 0.1097 0.2150 0.2676 0.1047 0.3030
27 0.0484 0.4661 0.3203 0.1537 0.0115
28 0.0473 0.1704 0.2991 0.4087 0.0745
29 0.0866 0.4197 0.2281 0.1777 0.0880
30 0.0973 0.3240 0.2371 0.1761 0.1655
31 0.0276 0.1943 0.1854 0.4885 0.1040
32 0.1842 0.1931 0.1962 0.2479 0.1786
33 0.0881 0.1570 0.2146 0.3223 0.2180
34 0.0832 0.2091 0.5098 0.1816 0.0164
35 0.0329 0.7661 0.1632 0.0237 0.0139
36 0.0701 0.5098 0.2815 0.0900 0.0486
37 0.0800 0.1494 0.1641 0.5815 0.0248
38 0.0395 0.4524 0.4385 0.0593 0.0105
39 0.0355 0.4604 0.2749 0.1951 0.0339
40 0.0567 0.6333 0.2405 0.0585 0.0110
41 0.0645 0.2433 0.1365 0.5396 0.0162
42 0.0313 0.4465 0.2177 0.1804 0.1240
43 0.0208 0.1010 0.2385 0.6187 0.0212
44 0.1221 0.2246 0.2930 0.2976 0.0629
45 0.2059 0.3560 0.2729 0.1069 0.0585
46 0.0281 0.3650 0.5146 0.0867 0.0056
47 0.0231 0.5771 0.2260 0.1229 0.0512
48 0.0646 0.1573 0.3435 0.4209 0.0136
49 0.0268 0.2467 0.6201 0.0997 0.0066
50 0.0251 0.0878 0.0485 0.0318 0.8066
51 0.0296 0.1501 0.1133 0.0548 0.6523
52 0.2083 0.2983 0.4209 0.0671 0.0054
53 0.2561 0.2025 0.5171 0.0173 0.0069
54 0.1263 0.0656 0.2435 0.5322 0.0324
55 0.0645 0.6118 0.2114 0.0731 0.0391
56 0.1262 0.7036 0.1046 0.0464 0.0190
57 0.1169 0.3801 0.4309 0.0531 0.0191
58 0.0581 0.2749 0.4460 0.1888 0.0321
59 0.0095 0.7642 0.2224 0.0033 0.0005
60 0.0427 0.6416 0.2803 0.0261 0.0092
61 0.2908 0.2126 0.1736 0.2264 0.0966
62 0.0749 0.2656 0.3923 0.2036 0.0635
63 0.3367 0.4531 0.1693 0.0334 0.0075
64 0.2266 0.2910 0.2732 0.1292 0.0801
65 0.1332 0.3074 0.1464 0.2394 0.1737
66 0.1638 0.0994 0.4119 0.1664 0.1587
67 0.0948 0.3870 0.2661 0.1691 0.0831
68 0.0348 0.4172 0.4373 0.0803 0.0305
69 0.1282 0.5791 0.1836 0.0615 0.0479
70 0.1272 0.6768 0.1498 0.0288 0.0175
71 0.0737 0.5444 0.3101 0.0625 0.0093
72 0.0339 0.4329 0.4607 0.0542 0.0183
73 0.0648 0.6597 0.1776 0.0685 0.0292
74 0.0438 0.4285 0.1931 0.3184 0.0161
75 0.0457 0.3950 0.2981 0.2396 0.0214
76 0.0520 0.2661 0.2620 0.3994 0.0208
77 0.0290 0.6445 0.2859 0.0358 0.0050
78 0.0358 0.6240 0.2561 0.0728 0.0113
79 0.0775 0.1259 0.3643 0.1259 0.3066
80 0.0431 0.3604 0.2556 0.3335 0.0075
81 0.0175 0.5317 0.2891 0.1302 0.0314
82 0.0817 0.1959 0.4482 0.2085 0.0656
83 0.1273 0.1024 0.2100 0.5039 0.0565
84 0.0211 0.2695 0.1376 0.5361 0.0359
85 0.1024 0.1797 0.3010 0.3010 0.1160
86 0.1860 0.1860 0.3164 0.2583 0.0533
87 0.1302 0.3406 0.2166 0.2612 0.0514
88 0.0739 0.3018 0.3210 0.2791 0.0244
89 0.0560 0.2454 0.5356 0.1293 0.0335
90 0.0568 0.4397 0.1342 0.0718 0.2976
91 0.0656 0.4377 0.1335 0.0430 0.3203
92 0.0564 0.3245 0.4797 0.1271 0.0123
93 0.0488 0.1034 0.1626 0.5249 0.1602
94 0.0392 0.1389 0.6943 0.1116 0.0157
95 0.0246 0.1908 0.0990 0.6558 0.0297
96 0.0589 0.3496 0.3335 0.0956 0.1626
97 0.0930 0.1765 0.2130 0.0736 0.4438
98 0.0696 0.2732 0.4504 0.0559 0.1509
99 0.0764 0.1404 0.2625 0.5059 0.0152
100 0.0219 0.2302 0.6162 0.1176 0.0143
101 0.0389 0.2517 0.1757 0.1503 0.3835
102 0.0186 0.5952 0.2368 0.1248 0.0246
103 0.0217 0.4714 0.4292 0.0734 0.0042
104 0.0354 0.2871 0.5278 0.1107 0.0388
105 0.0571 0.4089 0.1118 0.2810 0.1412
106 0.0651 0.1826 0.2168 0.1490 0.3865
107 0.0396 0.1627 0.0885 0.2156 0.4937
108 0.0737 0.3984 0.3354 0.1273 0.0651
109 0.0497 0.5474 0.2668 0.0880 0.0479
110 0.0169 0.7085 0.1631 0.0782 0.0334
111 0.0517 0.3022 0.5918 0.0199 0.0345
112 0.0340 0.5366 0.3010 0.0890 0.0395
113 0.0339 0.5229 0.3323 0.0923 0.0188
114 0.1460 0.3501 0.1788 0.2444 0.0806
115 0.1477 0.3127 0.2676 0.2288 0.0433
116 0.2473 0.2715 0.4077 0.0611 0.0123
117 0.0433 0.4238 0.3101 0.1355 0.0875
118 0.1268 0.4060 0.3755 0.0711 0.0205
119 0.1561 0.5283 0.2615 0.0458 0.0083
120 0.1626 0.5947 0.1481 0.0617 0.0328
121 0.1951 0.3760 0.3479 0.0432 0.0378
122 0.0906 0.1426 0.1667 0.5469 0.0533
123 0.0405 0.7017 0.2009 0.0474 0.0096
124 0.2155 0.4668 0.0617 0.0536 0.2024
125 0.1965 0.4062 0.1027 0.0537 0.2407
126 0.0484 0.1295 0.2102 0.5986 0.0133
127 0.0646 0.2988 0.3281 0.2764 0.0320
128 0.0715 0.3774 0.1958 0.3032 0.0519
129 0.2418 0.3384 0.1389 0.1729 0.1082
130 0.2075 0.4426 0.2483 0.0851 0.0163
131 0.1653 0.2600 0.3237 0.2260 0.0251
132 0.0749 0.2397 0.4209 0.2435 0.0210
133 0.1503 0.4053 0.2964 0.1161 0.0320
134 0.0640 0.2472 0.3274 0.3540 0.0073
135 0.1278 0.3188 0.2522 0.2727 0.0283
136 0.0843 0.3577 0.1379 0.2576 0.1625
137 0.1342 0.2864 0.4299 0.1290 0.0206
138 0.1472 0.2109 0.2280 0.1069 0.3069
139 0.0703 0.2267 0.5972 0.0930 0.0127
140 0.1565 0.5010 0.1639 0.0545 0.1238
141 0.1471 0.2837 0.2881 0.2351 0.0459
142 0.2388 0.5640 0.1229 0.0442 0.0303
143 0.1642 0.6055 0.0988 0.0734 0.0581
144 0.1486 0.3508 0.4231 0.0534 0.0241
145 0.0600 0.3616 0.2905 0.2688 0.0192
146 0.1091 0.2383 0.3577 0.2576 0.0371
147 0.0221 0.7563 0.1741 0.0423 0.0053
148 0.0692 0.3049 0.3855 0.2163 0.0239
149 0.1866 0.4917 0.1597 0.1409 0.0211
150 0.2264 0.4297 0.2449 0.0776 0.0212
151 0.1058 0.3472 0.3110 0.2106 0.0253
152 0.1102 0.2157 0.6050 0.0409 0.0281
153 0.1508 0.2125 0.2644 0.2815 0.0907
154 0.1771 0.2153 0.2598 0.2120 0.1359
155 0.1624 0.2438 0.1478 0.4146 0.0315
156 0.0271 0.3562 0.3618 0.2527 0.0020
157 0.2727 0.5728 0.0706 0.0176 0.0663
158 0.0429 0.6812 0.2467 0.0209 0.0082
159 0.0709 0.1648 0.2983 0.3953 0.0709
160 0.0233 0.2949 0.3340 0.0793 0.2686
161 0.1331 0.2446 0.2773 0.2998 0.0453
162 0.2225 0.3367 0.1680 0.2644 0.0083
163 0.1351 0.2410 0.1394 0.4294 0.0550
164 0.0786 0.4524 0.2922 0.1317 0.0451
165 0.1239 0.3213 0.3420 0.2010 0.0115
166 0.0341 0.4980 0.3369 0.0893 0.0415
167 0.2416 0.4175 0.1926 0.0544 0.0939
168 0.3269 0.5479 0.0619 0.0192 0.0443
169 0.0480 0.3035 0.2401 0.3896 0.0188
170 0.2078 0.3647 0.2976 0.0944 0.0356
171 0.3154 0.4734 0.1356 0.0150 0.0607
172 0.2390 0.5259 0.1427 0.0517 0.0406
173 0.3076 0.4990 0.1022 0.0209 0.0703
174 0.1031 0.4177 0.2101 0.2167 0.0523
175 0.2651 0.5029 0.1608 0.0397 0.0314
176 0.1036 0.4163 0.3506 0.1005 0.0290
177 0.0197 0.4241 0.1769 0.3743 0.0050
178 0.4216 0.2854 0.1771 0.0240 0.0919
179 0.0814 0.3145 0.3347 0.2566 0.0130
180 0.0708 0.3325 0.4404 0.1522 0.0042
181 0.0418 0.4600 0.3694 0.0812 0.0477
182 0.0635 0.4048 0.4377 0.0476 0.0465
183 0.0988 0.3450 0.4160 0.0958 0.0445
184 0.1195 0.0724 0.1071 0.6875 0.0134
185 0.1384 0.4229 0.0820 0.3452 0.0115
186 0.1365 0.4170 0.1407 0.2734 0.0324
187 0.0761 0.5283 0.3577 0.0282 0.0097
188 0.0669 0.2144 0.4067 0.2839 0.0281
189 0.2081 0.3596 0.2322 0.1752 0.0250
190 0.1190 0.2441 0.1576 0.4490 0.0301
191 0.1825 0.3687 0.1444 0.2534 0.0511
192 0.1665 0.3582 0.3811 0.0580 0.0363
193 0.2190 0.6538 0.0668 0.0210 0.0396
194 0.1692 0.6001 0.1719 0.0418 0.0172
195 0.2217 0.3127 0.3225 0.0815 0.0616
196 0.1555 0.3293 0.2299 0.2729 0.0123
197 0.3816 0.2141 0.2191 0.1111 0.0740
198 0.0607 0.1284 0.4626 0.3230 0.0253
199 0.3511 0.1620 0.1779 0.1849 0.1242
200 0.0677 0.6479 0.1227 0.0704 0.0912
201 0.0792 0.0897 0.3838 0.4216 0.0257
202 0.3486 0.3125 0.2216 0.0379 0.0796
203 0.3518 0.2534 0.2783 0.0371 0.0797
204 0.1532 0.3911 0.2372 0.1819 0.0367
205 0.2605 0.5962 0.1036 0.0204 0.0195
206 0.2421 0.0905 0.1945 0.3689 0.1041
