time exciting_prob fearful_prob tense_prob sad_prob relaxing_prob
0 0.2037 0.2830 0.2496 0.2310 0.0327
1 0.2037 0.2830 0.2496 0.2310 0.0327
2 0.0462 0.1401 0.4385 0.2788 0.0963
3 0.1854 0.7446 0.0182 0.0410 0.0106
4 0.1392 0.6533 0.0684 0.1208 0.0182
5 0.2786 0.6182 0.0721 0.0285 0.0030
6 0.1501 0.5493 0.1226 0.1702 0.0077
7 0.0841 0.0219 0.0300 0.8491 0.0146
8 0.2583 0.5820 0.0568 0.0537 0.0489
9 0.3167 0.5220 0.0268 0.1146 0.0201
10 0.2917 0.3154 0.0876 0.2786 0.0265
11 0.1879 0.6455 0.0542 0.0741 0.0385
12 0.2588 0.4009 0.3196 0.0054 0.0153
13 0.3801 0.2306 0.3601 0.0060 0.0232
14 0.1461 0.6973 0.1405 0.0063 0.0098
15 0.0916 0.7207 0.1499 0.0029 0.0348
16 0.1177 0.7153 0.0945 0.0635 0.0092
17 0.2369 0.4861 0.0554 0.1707 0.0508
18 0.1443 0.1674 0.0185 0.6621 0.0076
19 0.5171 0.3389 0.0325 0.0956 0.0160
20 0.3962 0.3184 0.0217 0.2422 0.0217
21 0.0370 0.7104 0.0882 0.1597 0.0048
22 0.0420 0.8911 0.0410 0.0232 0.0027
23 0.2074 0.5508 0.0497 0.1654 0.0268
24 0.2900 0.5859 0.0268 0.0627 0.0346
25 0.3274 0.4106 0.0471 0.1698 0.0450
26 0.1285 0.6226 0.1367 0.0677 0.0444
27 0.4084 0.4558 0.0401 0.0744 0.0213
28 0.2874 0.3010 0.0427 0.3521 0.0167
29 0.2534 0.5000 0.1024 0.1099 0.0343
30 0.0278 0.5757 0.2400 0.1550 0.0014
31 0.3784 0.1888 0.1859 0.1979 0.0489
32 0.1092 0.4707 0.1296 0.2480 0.0424
33 0.1816 0.3162 0.0590 0.4092 0.0339
34 0.0643 0.0366 0.0740 0.8076 0.0173
35 0.1400 0.0671 0.1797 0.5801 0.0330
36 0.1979 0.3367 0.0336 0.4028 0.0292
37 0.1288 0.0679 0.0428 0.7412 0.0196
38 0.3613 0.4031 0.0973 0.1155 0.0227
39 0.3564 0.3796 0.0373 0.1062 0.1204
40 0.0505 0.0432 0.0582 0.8413 0.0068
41 0.1951 0.3093 0.0226 0.4680 0.0052
42 0.2109 0.3911 0.0505 0.3142 0.0334
43 0.1649 0.1624 0.0291 0.6323 0.0113
44 0.3738 0.4688 0.0350 0.0802 0.0423
45 0.1536 0.7617 0.0391 0.0385 0.0069
46 0.1153 0.7461 0.0147 0.1218 0.0022
47 0.1786 0.2385 0.1425 0.4185 0.0220
48 0.1293 0.3328 0.0464 0.4841 0.0074
49 0.2434 0.5400 0.0848 0.0848 0.0468
50 0.0851 0.0352 0.0463 0.8198 0.0137
51 0.3645 0.4502 0.0490 0.1028 0.0336
52 0.1774 0.5771 0.0323 0.1948 0.0186
53 0.1121 0.3911 0.1847 0.2998 0.0123
54 0.4146 0.3228 0.1421 0.0903 0.0303
55 0.4880 0.3982 0.0714 0.0284 0.0138
56 0.3232 0.6035 0.0519 0.0106 0.0106
57 0.0923 0.6558 0.0707 0.1792 0.0021
58 0.0633 0.0474 0.0195 0.8604 0.0095
59 0.0585 0.2173 0.0838 0.6289 0.0115
60 0.1458 0.4153 0.0414 0.3723 0.0253
61 0.4341 0.1512 0.0848 0.3054 0.0243
62 0.0303 0.4666 0.0566 0.4451 0.0014
63 0.0500 0.7344 0.1799 0.0325 0.0032
64 0.1749 0.6396 0.0929 0.0168 0.0758
65 0.1606 0.7720 0.0252 0.0385 0.0036
66 0.5898 0.2700 0.0434 0.0548 0.0421
67 0.3215 0.4827 0.0381 0.1394 0.0183
68 0.1956 0.6826 0.0881 0.0183 0.0154
69 0.0683 0.7007 0.0414 0.1256 0.0637
70 0.2191 0.1693 0.0198 0.5776 0.0143
71 0.1768 0.6621 0.0147 0.1169 0.0295
72 0.1315 0.7446 0.0737 0.0410 0.0092
73 0.2803 0.5747 0.0498 0.0592 0.0359
74 0.0647 0.0627 0.0344 0.8257 0.0123
75 0.0527 0.0503 0.0289 0.8643 0.0038
76 0.4175 0.4111 0.0335 0.1160 0.0220
77 0.1409 0.5195 0.0203 0.3103 0.0091
78 0.3611 0.4712 0.0292 0.0520 0.0865
79 0.3655 0.1344 0.2983 0.0370 0.1647
80 0.2039 0.3721 0.2700 0.0688 0.0850
81 0.0992 0.4807 0.3601 0.0444 0.0155
82 0.0854 0.0676 0.0719 0.7612 0.0140
83 0.2642 0.3555 0.2922 0.0188 0.0695
84 0.2064 0.5269 0.0555 0.1908 0.0203
85 0.1117 0.4087 0.4119 0.0257 0.0421
86 0.2480 0.3667 0.2025 0.0096 0.1732
87 0.1442 0.3250 0.3403 0.0298 0.1608
88 0.1899 0.3335 0.3359 0.0444 0.0963
89 0.2676 0.2455 0.1700 0.2803 0.0368
90 0.0432 0.0665 0.0334 0.8550 0.0017
91 0.1962 0.1677 0.4285 0.1962 0.0116
92 0.2976 0.4036 0.0422 0.2161 0.0406
93 0.0597 0.8442 0.0836 0.0062 0.0064
94 0.1212 0.5874 0.2467 0.0069 0.0378
95 0.1764 0.5308 0.0807 0.0370 0.1750
96 0.2913 0.1547 0.1014 0.3625 0.0902
97 0.1643 0.2467 0.0873 0.4756 0.0262
98 0.3782 0.3137 0.0673 0.0662 0.1746
99 0.2820 0.3765 0.0334 0.1232 0.1849
100 0.1899 0.6035 0.1346 0.0593 0.0123
101 0.3179 0.2915 0.0606 0.3057 0.0243
102 0.3298 0.2339 0.0895 0.2910 0.0556
103 0.2122 0.0418 0.2441 0.4856 0.0165
104 0.3049 0.5352 0.0233 0.0860 0.0506
105 0.2354 0.3821 0.0449 0.0331 0.3047
106 0.0574 0.0671 0.0515 0.8052 0.0191
107 0.1331 0.0873 0.1484 0.6060 0.0254
108 0.2096 0.6162 0.1096 0.0316 0.0332
109 0.3469 0.1370 0.2366 0.2598 0.0197
110 0.2654 0.1648 0.1234 0.4341 0.0124
111 0.4973 0.4255 0.0296 0.0418 0.0057
112 0.5908 0.3418 0.0164 0.0493 0.0018
113 0.3879 0.3503 0.0262 0.1555 0.0800
114 0.1366 0.0324 0.1150 0.7046 0.0116
115 0.3745 0.2893 0.1304 0.0447 0.1610
116 0.1201 0.4941 0.1761 0.0613 0.1483
117 0.2213 0.2162 0.0801 0.4541 0.0281
118 0.3154 0.4812 0.0792 0.0626 0.0616
119 0.2369 0.6543 0.0402 0.0396 0.0290
120 0.1115 0.0984 0.6074 0.1687 0.0138
121 0.1560 0.6270 0.0651 0.0507 0.1015
122 0.0780 0.7939 0.0694 0.0220 0.0366
123 0.1650 0.2023 0.1171 0.4929 0.0227
124 0.2435 0.5840 0.0241 0.0889 0.0592
125 0.3884 0.4507 0.0269 0.0610 0.0730
126 0.2751 0.2795 0.0989 0.1556 0.1907
127 0.1393 0.7070 0.1238 0.0093 0.0204
128 0.2117 0.5078 0.0731 0.1912 0.0164
129 0.1338 0.1403 0.1199 0.4744 0.1317
130 0.1802 0.1392 0.0217 0.6094 0.0496
131 0.2664 0.4746 0.0818 0.0942 0.0831
132 0.2048 0.2959 0.0606 0.3828 0.0560
133 0.0918 0.0308 0.0263 0.8311 0.0199
134 0.4990 0.2451 0.0416 0.2113 0.0029
135 0.0865 0.0585 0.1667 0.6699 0.0183
136 0.1870 0.1135 0.0562 0.6377 0.0057
137 0.0797 0.1244 0.0423 0.7441 0.0092
138 0.0181 0.0085 0.0044 0.2347 0.7344
139 0.3242 0.5142 0.0629 0.0581 0.0409
140 0.1270 0.7139 0.0922 0.0623 0.0048
141 0.1282 0.4763 0.1233 0.2529 0.0191
142 0.0582 0.0718 0.0922 0.7603 0.0176
143 0.2396 0.3799 0.0917 0.2844 0.0043
144 0.1181 0.7012 0.0234 0.1505 0.0068
145 0.4187 0.3340 0.1101 0.0844 0.0528
146 0.4380 0.3958 0.0869 0.0343 0.0451
147 0.2045 0.3589 0.1848 0.1936 0.0581
148 0.2264 0.6060 0.0564 0.0460 0.0654
149 0.2825 0.4177 0.0503 0.1989 0.0507
150 0.2942 0.4966 0.1001 0.0213 0.0876
151 0.0625 0.0291 0.1283 0.7734 0.0066
152 0.3054 0.5400 0.1080 0.0327 0.0135
153 0.0757 0.0638 0.0988 0.7534 0.0082
154 0.3975 0.4539 0.0302 0.1013 0.0171
155 0.3972 0.3452 0.0915 0.1556 0.0104
156 0.0503 0.0496 0.0617 0.8252 0.0132
157 0.2146 0.5352 0.1738 0.0260 0.0502
158 0.2054 0.5898 0.1256 0.0622 0.0171
159 0.0272 0.1296 0.0978 0.7344 0.0108
160 0.1536 0.6777 0.0247 0.1355 0.0085
161 0.1692 0.7290 0.0215 0.0424 0.0378
162 0.1091 0.6841 0.1611 0.0407 0.0051
163 0.1256 0.6235 0.2137 0.0175 0.0197
164 0.0573 0.7852 0.0440 0.0960 0.0173
165 0.0075 0.9810 0.0066 0.0043 0.0007
166 0.5566 0.3274 0.0578 0.0429 0.0151
167 0.2964 0.4180 0.0430 0.1649 0.0779
168 0.1750 0.2795 0.1095 0.4133 0.0226
169 0.1093 0.6538 0.0524 0.1732 0.0114
170 0.4495 0.4189 0.0366 0.0316 0.0632
171 0.3711 0.4841 0.0945 0.0430 0.0074
172 0.5381 0.3315 0.0723 0.0207 0.0372
173 0.1991 0.0174 0.1730 0.5762 0.0343
174 0.3127 0.5156 0.0255 0.0587 0.0875
175 0.3901 0.3469 0.1677 0.0545 0.0408
176 0.2386 0.0927 0.1371 0.5132 0.0185
177 0.4417 0.4214 0.0357 0.0616 0.0398
178 0.1848 0.5825 0.1166 0.0873 0.0286
179 0.5049 0.1458 0.0545 0.2056 0.0891
180 0.2642 0.3186 0.1338 0.1034 0.1801
181 0.1554 0.0781 0.0421 0.7075 0.0169
182 0.2544 0.6602 0.0177 0.0226 0.0453
183 0.1208 0.0448 0.0589 0.7397 0.0357
184 0.4688 0.2080 0.0475 0.2180 0.0578
185 0.4209 0.4209 0.0483 0.0371 0.0726
186 0.2374 0.3245 0.0211 0.4038 0.0130
187 0.1696 0.7778 0.0092 0.0406 0.0025
188 0.1006 0.8228 0.0172 0.0547 0.0045
189 0.0822 0.8901 0.0194 0.0047 0.0037
190 0.1335 0.2456 0.3716 0.2289 0.0205
191 0.0981 0.1892 0.4133 0.2839 0.0153
192 0.0487 0.1169 0.3381 0.4412 0.0552
193 0.1113 0.1113 0.2468 0.5146 0.0163
