time exciting_prob fearful_prob tense_prob sad_prob relaxing_prob
0 0.1987 0.2847 0.2512 0.2323 0.0330
1 0.0844 0.0805 0.2056 0.3442 0.2854
2 0.0692 0.0630 0.2098 0.5112 0.1465
3 0.0415 0.1027 0.2622 0.4189 0.1747
4 0.0617 0.2294 0.4285 0.2559 0.0247
5 0.2405 0.2025 0.3994 0.0831 0.0745
6 0.2009 0.1774 0.5132 0.0995 0.0090
7 0.0612 0.4148 0.3838 0.1337 0.0065
8 0.0528 0.4121 0.4456 0.0850 0.0044
9 0.0349 0.0773 0.5806 0.3010 0.0062
10 0.0341 0.0970 0.5083 0.3550 0.0056
11 0.0640 0.2267 0.3918 0.2910 0.0265
12 0.0403 0.3044 0.3560 0.2815 0.0177
13 0.1017 0.2786 0.4890 0.1207 0.0101
14 0.1257 0.2744 0.5547 0.0383 0.0069
15 0.0770 0.2487 0.5688 0.0981 0.0072
16 0.0693 0.0473 0.7935 0.0612 0.0285
17 0.0897 0.0562 0.7510 0.0792 0.0238
18 0.0992 0.0548 0.6475 0.1514 0.0473
19 0.0575 0.2188 0.5332 0.1600 0.0305
20 0.0541 0.2012 0.6494 0.0684 0.0268
21 0.0390 0.1519 0.6807 0.1147 0.0136
22 0.0474 0.1653 0.7524 0.0272 0.0077
23 0.0582 0.2231 0.4949 0.1821 0.0416
24 0.0453 0.0930 0.3003 0.0262 0.5352
25 0.0271 0.1738 0.7788 0.0072 0.0130
26 0.0082 0.1580 0.2952 0.5342 0.0046
27 0.0201 0.5171 0.4287 0.0292 0.0047
28 0.0182 0.4048 0.4443 0.1294 0.0033
29 0.0091 0.4810 0.4448 0.0641 0.0010
30 0.0320 0.5444 0.2612 0.1560 0.0061
31 0.0225 0.7334 0.2134 0.0289 0.0021
32 0.0212 0.1516 0.2008 0.6089 0.0175
33 0.0650 0.3569 0.3513 0.1970 0.0298
34 0.1630 0.2666 0.5020 0.0260 0.0425
35 0.1538 0.3083 0.4927 0.0213 0.0238
36 0.0185 0.5933 0.3772 0.0022 0.0087
37 0.0557 0.4595 0.4316 0.0207 0.0325
38 0.0394 0.5874 0.3347 0.0273 0.0111
39 0.2812 0.4158 0.2026 0.0972 0.0031
40 0.1307 0.3040 0.2642 0.2878 0.0136
41 0.1637 0.5410 0.2576 0.0298 0.0083
42 0.1082 0.4343 0.3228 0.1284 0.0063
43 0.0948 0.5713 0.2700 0.0602 0.0036
44 0.1624 0.3958 0.4211 0.0115 0.0091
45 0.0852 0.3616 0.3142 0.1655 0.0735
46 0.0405 0.3728 0.3340 0.2225 0.0301
47 0.0204 0.2620 0.6484 0.0603 0.0088
48 0.0149 0.3235 0.5767 0.0831 0.0020
49 0.0426 0.5698 0.1176 0.0250 0.2450
50 0.0667 0.3721 0.1991 0.0389 0.3232
51 0.0958 0.2141 0.2583 0.2075 0.2244
52 0.2269 0.1234 0.2234 0.3301 0.0961
53 0.2380 0.0499 0.1356 0.5200 0.0565
54 0.0884 0.0768 0.2222 0.5498 0.0627
55 0.0424 0.1842 0.3232 0.4216 0.0287
56 0.0719 0.4690 0.3223 0.1302 0.0067
57 0.2092 0.1394 0.3396 0.2644 0.0474
58 0.1487 0.1158 0.5786 0.1271 0.0297
59 0.0105 0.3450 0.5425 0.0988 0.0031
60 0.0114 0.2688 0.5098 0.2092 0.0007
61 0.0509 0.0839 0.1520 0.2666 0.4465
62 0.0540 0.1772 0.2385 0.1180 0.4121
63 0.0699 0.1189 0.2401 0.1813 0.3899
64 0.0756 0.1207 0.2327 0.1082 0.4629
65 0.0312 0.0736 0.1821 0.6357 0.0771
66 0.0403 0.3792 0.5103 0.0669 0.0037
67 0.0321 0.4983 0.3882 0.0718 0.0096
68 0.0295 0.4170 0.5029 0.0471 0.0032
69 0.0658 0.1288 0.7070 0.0700 0.0283
70 0.0335 0.0897 0.8516 0.0158 0.0094
71 0.0410 0.0766 0.7979 0.0596 0.0249
72 0.1886 0.0837 0.6089 0.1075 0.0115
73 0.1013 0.2468 0.2732 0.3374 0.0413
74 0.1659 0.3301 0.3540 0.1006 0.0494
75 0.0984 0.3279 0.4209 0.0889 0.0640
76 0.0402 0.1471 0.3816 0.4192 0.0120
77 0.0770 0.1069 0.6753 0.1270 0.0138
78 0.0983 0.0560 0.2286 0.6025 0.0146
79 0.1169 0.2512 0.4111 0.2150 0.0057
80 0.1875 0.3848 0.3787 0.0396 0.0095
81 0.2051 0.2803 0.3953 0.1106 0.0089
82 0.0782 0.1111 0.3115 0.4751 0.0240
83 0.0723 0.1709 0.6865 0.0559 0.0144
84 0.0312 0.1072 0.3301 0.5195 0.0122
85 0.0370 0.1533 0.5103 0.2820 0.0173
86 0.0342 0.1532 0.4502 0.3506 0.0117
87 0.0192 0.1121 0.5347 0.3296 0.0042
88 0.0421 0.2622 0.4324 0.2542 0.0090
89 0.0403 0.2688 0.5430 0.1353 0.0124
90 0.0826 0.5059 0.3701 0.0231 0.0186
91 0.1063 0.3030 0.1809 0.3950 0.0150
92 0.1094 0.3242 0.4983 0.0638 0.0043
93 0.0312 0.2235 0.6074 0.1355 0.0023
94 0.0625 0.2959 0.5615 0.0703 0.0100
95 0.0204 0.1372 0.8149 0.0228 0.0047
96 0.0551 0.2817 0.5605 0.0915 0.0114
97 0.1015 0.3030 0.5156 0.0743 0.0057
98 0.1113 0.3430 0.4136 0.1232 0.0089
99 0.0083 0.8579 0.0904 0.0395 0.0041
100 0.0135 0.7734 0.1522 0.0560 0.0050
101 0.0521 0.1654 0.3394 0.4292 0.0140
102 0.0310 0.2830 0.2382 0.4380 0.0099
103 0.0132 0.8135 0.1190 0.0508 0.0037
104 0.1670 0.2588 0.5308 0.0211 0.0224
105 0.0406 0.4573 0.4431 0.0550 0.0040
106 0.0269 0.4243 0.5200 0.0199 0.0088
107 0.0615 0.4580 0.4370 0.0314 0.0119
108 0.0428 0.5298 0.3875 0.0372 0.0030
109 0.0454 0.4519 0.3926 0.1049 0.0051
110 0.1306 0.2365 0.4280 0.1870 0.0179
111 0.0522 0.0945 0.3403 0.4954 0.0176
112 0.2627 0.3821 0.2954 0.0529 0.0070
113 0.0892 0.1747 0.3528 0.3757 0.0076
114 0.1083 0.1539 0.4185 0.3086 0.0107
115 0.1089 0.0720 0.4016 0.4143 0.0033
116 0.0879 0.0550 0.8022 0.0172 0.0378
117 0.1293 0.1766 0.5884 0.0370 0.0687
118 0.0753 0.1849 0.6816 0.0538 0.0044
119 0.0626 0.0836 0.5576 0.2085 0.0876
120 0.0618 0.1680 0.7183 0.0150 0.0372
121 0.0200 0.1487 0.8164 0.0125 0.0023
122 0.4954 0.1711 0.3052 0.0182 0.0103
123 0.0362 0.2344 0.6997 0.0284 0.0013
124 0.0458 0.2103 0.6582 0.0843 0.0015
125 0.1242 0.2866 0.4800 0.1079 0.0015
126 0.1068 0.2244 0.5381 0.1210 0.0095
127 0.0957 0.3904 0.3555 0.0102 0.1482
128 0.0359 0.2079 0.2886 0.2629 0.2047
129 0.0407 0.3835 0.4924 0.0424 0.0407
130 0.0496 0.0224 0.1436 0.7759 0.0088
131 0.0172 0.4856 0.4353 0.0333 0.0285
132 0.0724 0.2302 0.3350 0.1096 0.2529
133 0.0412 0.1473 0.2212 0.4539 0.1362
134 0.1185 0.0660 0.3621 0.4041 0.0494
135 0.1497 0.1362 0.4099 0.2078 0.0966
136 0.1509 0.2954 0.3618 0.1311 0.0609
137 0.1245 0.2362 0.4246 0.0823 0.1326
138 0.0580 0.1787 0.3936 0.3064 0.0632
139 0.0952 0.3022 0.2212 0.3704 0.0108
140 0.2957 0.1498 0.2690 0.0675 0.2179
141 0.1740 0.3328 0.2454 0.0413 0.2067
142 0.0999 0.2551 0.6123 0.0245 0.0082
143 0.0756 0.2421 0.4929 0.1285 0.0607
144 0.0778 0.1956 0.4841 0.2323 0.0102
145 0.0176 0.4194 0.5386 0.0190 0.0054
146 0.0124 0.0256 0.1591 0.7954 0.0078
147 0.0653 0.2091 0.5728 0.1426 0.0100
148 0.0418 0.2224 0.6138 0.1144 0.0074
149 0.0140 0.2438 0.6128 0.1284 0.0010
150 0.0487 0.3655 0.3831 0.1987 0.0040
151 0.0396 0.0979 0.5293 0.3262 0.0070
152 0.0350 0.0753 0.3320 0.5308 0.0273
153 0.0177 0.1394 0.3503 0.4866 0.0061
154 0.0108 0.1501 0.2515 0.5845 0.0030
155 0.0531 0.3518 0.5200 0.0651 0.0103
156 0.1371 0.2368 0.4565 0.1154 0.0541
157 0.0144 0.1632 0.1213 0.2063 0.4949
158 0.1120 0.3242 0.2485 0.2485 0.0669
159 0.0576 0.2542 0.5776 0.0746 0.0361
160 0.0579 0.2438 0.5410 0.1315 0.0259
161 0.0423 0.2231 0.5029 0.2197 0.0121
162 0.0931 0.5034 0.3406 0.0430 0.0201
163 0.1567 0.3503 0.3909 0.0396 0.0623
164 0.0603 0.2581 0.5547 0.1110 0.0160
165 0.2079 0.3591 0.1764 0.2411 0.0154
166 0.1409 0.2891 0.4658 0.0869 0.0174
167 0.1439 0.2930 0.4829 0.0776 0.0025
168 0.0974 0.2030 0.4199 0.1005 0.1792
169 0.0282 0.1621 0.7266 0.0282 0.0551
170 0.0898 0.2292 0.4705 0.1960 0.0145
171 0.0914 0.4094 0.4497 0.0355 0.0141
172 0.0797 0.0875 0.1896 0.1956 0.4478
173 0.0833 0.2372 0.2299 0.0764 0.3733
174 0.1207 0.1207 0.3748 0.3308 0.0532
175 0.2239 0.2383 0.2942 0.0622 0.1813
176 0.1726 0.1713 0.3433 0.1187 0.1941
177 0.2654 0.4585 0.2003 0.0561 0.0198
178 0.1373 0.1682 0.5103 0.1804 0.0041
179 0.2391 0.1406 0.3293 0.2861 0.0047
180 0.0741 0.3479 0.4468 0.0866 0.0446
181 0.2561 0.0812 0.2191 0.1043 0.3394
182 0.1243 0.2050 0.6021 0.0379 0.0307
183 0.1920 0.2751 0.4607 0.0674 0.0050
184 0.0526 0.0645 0.3796 0.2820 0.2214
185 0.0322 0.3223 0.4236 0.1766 0.0453
186 0.0313 0.4534 0.4678 0.0361 0.0115
187 0.0970 0.3105 0.5005 0.0593 0.0327
188 0.2245 0.2974 0.2751 0.1920 0.0111
189 0.0927 0.1414 0.7183 0.0408 0.0070
190 0.0155 0.1295 0.5454 0.2576 0.0519
191 0.0923 0.1333 0.3376 0.2413 0.1954
192 0.0200 0.2532 0.6987 0.0241 0.0042
193 0.0319 0.3562 0.5874 0.0155 0.0091
194 0.2150 0.2218 0.1973 0.3381 0.0280
195 0.0928 0.2245 0.4570 0.2194 0.0062
196 0.1323 0.0999 0.3770 0.3828 0.0081
197 0.0306 0.2141 0.5469 0.1383 0.0701
198 0.1038 0.1893 0.4006 0.1923 0.1140
199 0.0588 0.1826 0.3333 0.3083 0.1170
200 0.1227 0.1436 0.5767 0.1247 0.0325
201 0.0896 0.2437 0.4343 0.1957 0.0368
202 0.0399 0.1027 0.4253 0.3936 0.0387
203 0.2250 0.3123 0.3430 0.0771 0.0426
204 0.2247 0.2264 0.4468 0.0782 0.0237
205 0.0110 0.0901 0.3049 0.5786 0.0155
206 0.0232 0.1780 0.7495 0.0309 0.0183
207 0.0178 0.3462 0.4958 0.1377 0.0025
208 0.0993 0.2239 0.3689 0.2830 0.0249
209 0.1069 0.3145 0.4165 0.1250 0.0373
210 0.0958 0.3342 0.4429 0.0965 0.0306
211 0.0578 0.5571 0.3655 0.0147 0.0050
212 0.0328 0.1919 0.5093 0.2644 0.0014
213 0.0109 0.2148 0.7153 0.0587 0.0002
214 0.0399 0.2578 0.5996 0.0994 0.0035
215 0.0743 0.6221 0.2939 0.0065 0.0030
216 0.0511 0.4695 0.3435 0.1304 0.0054
217 0.0914 0.2815 0.5220 0.1028 0.0023
218 0.0197 0.2925 0.5908 0.0942 0.0026
219 0.0495 0.3806 0.3989 0.1688 0.0022
220 0.0082 0.2286 0.2472 0.5151 0.0008
221 0.0479 0.3245 0.5146 0.1070 0.0063
222 0.2445 0.3140 0.3188 0.0594 0.0633
223 0.0557 0.4412 0.3545 0.1235 0.0251
224 0.0646 0.3181 0.4702 0.1357 0.0114
225 0.0783 0.4722 0.2129 0.2129 0.0237
226 0.0199 0.7300 0.2297 0.0186 0.0019
227 0.1254 0.3716 0.1421 0.3491 0.0119
228 0.0973 0.3423 0.1980 0.3396 0.0229
229 0.0246 0.2793 0.6802 0.0104 0.0054
230 0.0888 0.3738 0.4170 0.0625 0.0578
231 0.0369 0.4524 0.3362 0.0964 0.0780
232 0.0313 0.2261 0.2903 0.3967 0.0554
233 0.0504 0.4939 0.4224 0.0250 0.0083
234 0.0551 0.4043 0.3982 0.1158 0.0265
235 0.0651 0.2118 0.4626 0.2476 0.0129
236 0.0193 0.1400 0.4521 0.3867 0.0020
237 0.0385 0.2469 0.4199 0.2842 0.0104
238 0.0378 0.2444 0.6440 0.0723 0.0016
239 0.0224 0.3667 0.5952 0.0147 0.0010
240 0.0524 0.2766 0.4854 0.1481 0.0377
241 0.0224 0.7017 0.1426 0.1201 0.0134
242 0.0202 0.8398 0.1328 0.0069 0.0004
243 0.0209 0.7905 0.1710 0.0167 0.0009
244 0.0146 0.6904 0.2791 0.0154 0.0006
245 0.0164 0.7798 0.1660 0.0376 0.0004
246 0.0083 0.8760 0.0802 0.0356 0.0001
247 0.0800 0.2388 0.3262 0.2388 0.1163
248 0.0268 0.5425 0.3291 0.0943 0.0071
249 0.0245 0.5000 0.3438 0.1284 0.0032
250 0.0178 0.4966 0.3633 0.1143 0.0079
251 0.0141 0.4382 0.5366 0.0101 0.0009
252 0.0108 0.4133 0.5562 0.0193 0.0006
253 0.1647 0.2017 0.2510 0.1647 0.2180
254 0.0374 0.1501 0.5000 0.2893 0.0232
255 0.0489 0.1350 0.4094 0.3613 0.0456
256 0.0664 0.1722 0.4331 0.2795 0.0486
257 0.0512 0.1692 0.4390 0.2969 0.0438
258 0.0868 0.0841 0.2472 0.5234 0.0587
259 0.0462 0.3574 0.4180 0.1637 0.0149
260 0.0270 0.1692 0.3528 0.4321 0.0190
261 0.0100 0.1547 0.4839 0.3430 0.0085
262 0.1044 0.3848 0.2262 0.0478 0.2371
263 0.1292 0.3677 0.2266 0.0391 0.2374
264 0.0074 0.5322 0.4485 0.0110 0.0008
265 0.0056 0.5444 0.4443 0.0051 0.0005
266 0.0068 0.4951 0.4873 0.0101 0.0006
267 0.0277 0.3076 0.3225 0.3276 0.0145
268 0.0383 0.5000 0.4211 0.0303 0.0103
269 0.0104 0.6436 0.3391 0.0040 0.0028
270 0.0051 0.7817 0.2104 0.0011 0.0013
271 0.1340 0.2751 0.3267 0.0782 0.1862
272 0.1423 0.3362 0.3694 0.0263 0.1256
273 0.0076 0.4731 0.5039 0.0144 0.0010
274 0.0072 0.3950 0.5840 0.0132 0.0007
275 0.0101 0.6226 0.3230 0.0424 0.0016
276 0.0284 0.7388 0.1926 0.0368 0.0035
277 0.0270 0.5513 0.2998 0.1138 0.0079
278 0.1107 0.1942 0.3303 0.1073 0.2573
279 0.0867 0.2247 0.2842 0.1498 0.2546
280 0.0917 0.1333 0.2233 0.3352 0.2164
281 0.0657 0.1871 0.3665 0.1652 0.2155
282 0.0716 0.4595 0.3108 0.0438 0.1144
283 0.0703 0.2573 0.4175 0.1741 0.0809
284 0.0634 0.3003 0.4436 0.1498 0.0429
285 0.0677 0.1625 0.5166 0.2365 0.0167
286 0.1346 0.0925 0.6729 0.0829 0.0168
287 0.1133 0.0569 0.7622 0.0503 0.0175
288 0.0786 0.1368 0.6328 0.1171 0.0346
289 0.2399 0.0925 0.1598 0.4551 0.0527
