time exciting_prob fearful_prob tense_prob sad_prob relaxing_prob
0 0.2037 0.2830 0.2496 0.2310 0.0327
1 0.0529 0.4365 0.1086 0.3000 0.1021
2 0.0692 0.4875 0.1385 0.1880 0.1167
3 0.0624 0.4468 0.0901 0.2930 0.1078
4 0.0960 0.4011 0.1547 0.2395 0.1088
5 0.0359 0.1959 0.0970 0.6035 0.0677
6 0.0645 0.4768 0.0803 0.2148 0.1635
7 0.1000 0.6172 0.0961 0.1687 0.0179
8 0.0401 0.3599 0.3127 0.1548 0.1324
9 0.0365 0.3413 0.1770 0.2070 0.2383
10 0.0394 0.4407 0.3125 0.1956 0.0121
11 0.0471 0.2837 0.2837 0.3701 0.0153
12 0.6089 0.1083 0.0386 0.2008 0.0434
13 0.0107 0.0433 0.0162 0.9263 0.0033
14 0.0853 0.3733 0.3425 0.1804 0.0186
15 0.0690 0.3643 0.2881 0.2625 0.0161
16 0.1020 0.3850 0.1438 0.3191 0.0501
17 0.1028 0.6753 0.1183 0.0712 0.0323
18 0.0681 0.6987 0.1442 0.0166 0.0725
19 0.1313 0.5273 0.1123 0.1766 0.0522
20 0.0889 0.5117 0.1853 0.1584 0.0556
21 0.0452 0.2603 0.0728 0.5684 0.0537
22 0.0461 0.4209 0.2512 0.2324 0.0495
23 0.1017 0.4385 0.3691 0.0792 0.0113
24 0.0413 0.1609 0.7324 0.0574 0.0080
25 0.0286 0.1560 0.6777 0.1334 0.0042
26 0.0160 0.1279 0.6294 0.2245 0.0020
27 0.0388 0.4624 0.2595 0.2117 0.0276
28 0.0291 0.5000 0.2184 0.2184 0.0340
29 0.0382 0.4370 0.2693 0.2032 0.0522
30 0.0454 0.4412 0.2474 0.2218 0.0440
31 0.0454 0.1812 0.6035 0.1649 0.0051
32 0.0051 0.1337 0.8062 0.0540 0.0009
33 0.0075 0.1993 0.7524 0.0399 0.0010
34 0.0349 0.1526 0.1899 0.5410 0.0817
35 0.0225 0.3604 0.3989 0.1826 0.0357
36 0.1105 0.3511 0.2471 0.1969 0.0945
37 0.0240 0.3901 0.3782 0.1932 0.0143
38 0.0990 0.1451 0.3374 0.3455 0.0730
39 0.1125 0.1757 0.4521 0.2256 0.0341
40 0.0720 0.2869 0.5796 0.0391 0.0223
41 0.1016 0.2825 0.5444 0.0523 0.0189
42 0.0509 0.5352 0.2754 0.1139 0.0248
43 0.0764 0.5469 0.2815 0.0558 0.0396
44 0.0632 0.2947 0.3965 0.2123 0.0333
45 0.0398 0.5244 0.2400 0.1757 0.0203
46 0.0433 0.3738 0.1442 0.1608 0.2778
47 0.0544 0.3132 0.2053 0.1550 0.2720
48 0.0171 0.3079 0.1500 0.4409 0.0842
49 0.0196 0.2058 0.1019 0.5864 0.0865
50 0.0197 0.2290 0.5244 0.1959 0.0310
51 0.0282 0.1143 0.4314 0.4116 0.0145
52 0.0403 0.2527 0.4795 0.2079 0.0196
53 0.0390 0.2600 0.5171 0.1732 0.0106
54 0.0132 0.1547 0.4763 0.3484 0.0074
55 0.0464 0.1300 0.1805 0.6206 0.0226
56 0.0070 0.1570 0.0654 0.7490 0.0216
57 0.0154 0.0358 0.0832 0.8145 0.0513
58 0.0065 0.1370 0.2722 0.5674 0.0169
59 0.0190 0.2480 0.1787 0.4934 0.0608
60 0.0391 0.2130 0.1293 0.4954 0.1233
61 0.0539 0.0359 0.1252 0.7676 0.0176
62 0.0120 0.1851 0.0874 0.6982 0.0172
63 0.0225 0.1272 0.1252 0.6362 0.0888
64 0.1127 0.1903 0.0613 0.4636 0.1719
65 0.0391 0.3025 0.1644 0.4612 0.0327
66 0.0334 0.3618 0.3347 0.2128 0.0573
67 0.0476 0.2849 0.1990 0.4414 0.0269
68 0.0175 0.0654 0.7085 0.1373 0.0713
69 0.0132 0.1333 0.2339 0.4915 0.1282
70 0.0344 0.1249 0.5908 0.1494 0.1003
71 0.0196 0.1569 0.5474 0.1921 0.0839
72 0.0098 0.0180 0.0930 0.2129 0.6660
73 0.0292 0.0964 0.7065 0.1577 0.0101
74 0.0181 0.0823 0.3574 0.3254 0.2168
75 0.0120 0.2020 0.4412 0.3330 0.0118
76 0.0481 0.0296 0.1677 0.6846 0.0699
77 0.0497 0.1353 0.3218 0.4719 0.0214
78 0.1377 0.1537 0.1610 0.5278 0.0195
79 0.1449 0.3215 0.3616 0.1416 0.0304
80 0.1418 0.2471 0.2267 0.3679 0.0163
81 0.0986 0.1813 0.4453 0.2659 0.0091
82 0.0583 0.0305 0.5117 0.3984 0.0012
83 0.0806 0.0331 0.4497 0.4358 0.0009
84 0.1160 0.4517 0.3303 0.0954 0.0067
85 0.3618 0.3169 0.2710 0.0378 0.0126
86 0.1170 0.3867 0.3157 0.1538 0.0267
87 0.0743 0.4700 0.2849 0.1624 0.0083
88 0.0185 0.1588 0.3469 0.4453 0.0303
89 0.0243 0.2289 0.2593 0.4624 0.0251
90 0.0126 0.3972 0.3044 0.2524 0.0334
91 0.0422 0.2092 0.1155 0.5688 0.0643
92 0.0190 0.2369 0.3394 0.3967 0.0078
93 0.0209 0.0879 0.1449 0.7363 0.0102
94 0.0292 0.3943 0.4468 0.1260 0.0040
95 0.0290 0.2588 0.5229 0.1879 0.0016
96 0.0353 0.1646 0.1985 0.5566 0.0450
97 0.0177 0.4885 0.1742 0.3057 0.0139
98 0.0252 0.2047 0.2015 0.5312 0.0373
99 0.0247 0.0408 0.7012 0.2173 0.0160
100 0.0446 0.1222 0.3677 0.4231 0.0425
101 0.0460 0.2732 0.4756 0.1848 0.0204
102 0.0696 0.1643 0.6807 0.0801 0.0053
103 0.0574 0.3516 0.5659 0.0182 0.0069
104 0.0310 0.2400 0.6626 0.0218 0.0447
105 0.0166 0.1221 0.1111 0.6914 0.0586
106 0.0145 0.1960 0.1730 0.4487 0.1677
107 0.0190 0.1948 0.3289 0.4158 0.0415
108 0.0488 0.1992 0.5010 0.2087 0.0424
109 0.0146 0.1096 0.3884 0.2798 0.2079
110 0.1171 0.1978 0.5811 0.0694 0.0346
111 0.0520 0.3210 0.5210 0.0739 0.0318
112 0.0235 0.0260 0.1252 0.7554 0.0697
113 0.0369 0.0347 0.4746 0.3418 0.1119
114 0.0326 0.0638 0.6147 0.2244 0.0648
115 0.0745 0.2422 0.2137 0.4595 0.0102
116 0.0503 0.3835 0.3491 0.1927 0.0243
117 0.0739 0.1339 0.7295 0.0571 0.0057
118 0.0855 0.4343 0.2983 0.1754 0.0064
119 0.1061 0.2954 0.3220 0.2374 0.0391
120 0.0097 0.2761 0.2986 0.4146 0.0012
121 0.0135 0.0709 0.1674 0.7271 0.0210
122 0.0187 0.0921 0.0537 0.6646 0.1708
123 0.0316 0.3826 0.0388 0.2756 0.2712
124 0.0264 0.0516 0.0165 0.2664 0.6392
125 0.0060 0.0733 0.0553 0.6138 0.2517
126 0.0073 0.0609 0.0375 0.6646 0.2297
127 0.0382 0.1810 0.0882 0.0803 0.6123
128 0.0223 0.0665 0.1321 0.7603 0.0187
129 0.0674 0.4604 0.2279 0.2141 0.0301
130 0.0594 0.2244 0.3643 0.2837 0.0684
131 0.0571 0.2277 0.4219 0.2189 0.0745
132 0.0305 0.1785 0.6426 0.1456 0.0027
133 0.0343 0.2939 0.2739 0.3279 0.0698
134 0.0371 0.3362 0.3523 0.2460 0.0283
135 0.0533 0.3967 0.2856 0.1964 0.0679
136 0.0580 0.6284 0.1328 0.1359 0.0448
137 0.0278 0.0910 0.0635 0.8110 0.0067
138 0.0215 0.1102 0.0415 0.8208 0.0060
139 0.0574 0.1080 0.0367 0.7856 0.0121
140 0.0476 0.2383 0.1152 0.5806 0.0184
141 0.0037 0.3513 0.4954 0.1488 0.0009
142 0.0065 0.1345 0.7446 0.1089 0.0053
143 0.0349 0.0823 0.5161 0.3604 0.0062
144 0.0577 0.0795 0.7544 0.0959 0.0125
145 0.0494 0.1272 0.4043 0.3738 0.0453
146 0.0317 0.2085 0.4624 0.2849 0.0124
147 0.0099 0.0485 0.2426 0.6909 0.0082
148 0.0759 0.2979 0.4233 0.1764 0.0266
149 0.0763 0.4189 0.3391 0.1426 0.0231
150 0.0668 0.2026 0.3420 0.3699 0.0186
151 0.0508 0.3284 0.4778 0.1276 0.0156
152 0.0529 0.2227 0.1996 0.4429 0.0819
153 0.0618 0.2815 0.2563 0.3728 0.0276
154 0.0320 0.1382 0.3528 0.4600 0.0170
155 0.0206 0.4722 0.4038 0.0990 0.0043
156 0.0360 0.0805 0.6479 0.2311 0.0044
157 0.1221 0.2927 0.4465 0.1211 0.0175
158 0.0461 0.1396 0.3350 0.4509 0.0284
159 0.0685 0.1509 0.3000 0.4612 0.0190
160 0.0434 0.2595 0.2556 0.4280 0.0136
161 0.0252 0.2126 0.2605 0.4868 0.0147
162 0.0837 0.3442 0.3184 0.2384 0.0152
163 0.0386 0.1576 0.5371 0.2479 0.0187
164 0.0401 0.3083 0.3284 0.3181 0.0049
165 0.0258 0.2737 0.3459 0.3513 0.0034
166 0.0305 0.1798 0.1826 0.5991 0.0080
167 0.1658 0.3735 0.2468 0.1375 0.0765
168 0.1688 0.2084 0.2698 0.0876 0.2656
169 0.0396 0.2317 0.1086 0.4607 0.1593
170 0.0444 0.2615 0.1537 0.4180 0.1226
171 0.0558 0.4324 0.3816 0.0674 0.0628
172 0.0779 0.1255 0.3748 0.2742 0.1478
173 0.0925 0.1899 0.4214 0.2764 0.0200
174 0.0599 0.2190 0.5254 0.1759 0.0199
175 0.0365 0.2052 0.4697 0.2593 0.0293
176 0.0851 0.0585 0.2025 0.6333 0.0205
177 0.0554 0.1554 0.5957 0.1904 0.0032
178 0.0272 0.2026 0.3042 0.4639 0.0020
179 0.0142 0.1416 0.1735 0.6650 0.0057
180 0.0554 0.4900 0.3115 0.1371 0.0062
181 0.0828 0.0697 0.1794 0.6460 0.0219
182 0.0270 0.1774 0.3162 0.4749 0.0046
183 0.0584 0.1599 0.5806 0.1975 0.0038
184 0.1335 0.1090 0.6177 0.1335 0.0062
185 0.1261 0.1130 0.6401 0.1148 0.0058
186 0.0550 0.1239 0.2708 0.1919 0.3586
187 0.0205 0.2988 0.3604 0.3179 0.0025
188 0.0310 0.3870 0.3635 0.2170 0.0017
189 0.0258 0.1282 0.3171 0.5068 0.0221
190 0.0436 0.2395 0.1595 0.4407 0.1168
191 0.0336 0.2139 0.2241 0.4529 0.0757
192 0.1207 0.3955 0.2739 0.1421 0.0677
193 0.0745 0.5503 0.2539 0.0722 0.0492
194 0.0552 0.5981 0.3057 0.0223 0.0185
195 0.1964 0.0928 0.6143 0.0864 0.0101
196 0.0557 0.2102 0.6528 0.0704 0.0111
197 0.2382 0.2595 0.4180 0.0631 0.0210
198 0.1561 0.3835 0.2698 0.1455 0.0451
199 0.0429 0.1605 0.2487 0.5430 0.0047
200 0.0414 0.1855 0.3899 0.3718 0.0113
201 0.0891 0.1515 0.1587 0.0338 0.5669
202 0.0366 0.0467 0.1531 0.7534 0.0104
203 0.0236 0.1182 0.2042 0.6489 0.0050
204 0.0273 0.0422 0.1113 0.8096 0.0099
205 0.1376 0.4077 0.3921 0.0324 0.0302
206 0.3096 0.2754 0.2546 0.1451 0.0154
207 0.1528 0.1504 0.2725 0.3186 0.1058
208 0.1166 0.4648 0.2776 0.1373 0.0037
209 0.1619 0.2178 0.2754 0.2842 0.0609
210 0.0374 0.1588 0.5542 0.2460 0.0035
211 0.0577 0.3730 0.5181 0.0486 0.0026
212 0.1708 0.1891 0.2228 0.3940 0.0235
213 0.1004 0.1340 0.3909 0.3560 0.0189
214 0.0262 0.1301 0.1985 0.4404 0.2048
215 0.0335 0.1855 0.3662 0.3362 0.0786
216 0.0830 0.1562 0.3931 0.3523 0.0155
217 0.1086 0.2563 0.3533 0.2524 0.0292
218 0.0594 0.3018 0.4529 0.1707 0.0153
219 0.1193 0.3093 0.3618 0.1936 0.0160
220 0.1033 0.0804 0.1650 0.6328 0.0184
221 0.0554 0.1201 0.0590 0.6489 0.1164
222 0.0320 0.1215 0.3201 0.4175 0.1089
223 0.0743 0.1769 0.1610 0.2915 0.2961
224 0.0217 0.4602 0.2542 0.2278 0.0360
225 0.0698 0.2018 0.3079 0.4014 0.0192
226 0.0941 0.2942 0.4929 0.1009 0.0179
227 0.0401 0.3438 0.4280 0.1561 0.0320
228 0.0515 0.3628 0.3984 0.1273 0.0602
229 0.0323 0.2279 0.3877 0.3396 0.0125
230 0.0470 0.3965 0.3528 0.1844 0.0193
231 0.0288 0.0719 0.4370 0.0707 0.3916
232 0.0121 0.0878 0.5771 0.0706 0.2522
233 0.1621 0.1597 0.4956 0.1465 0.0362
234 0.1113 0.1821 0.6064 0.0930 0.0070
235 0.0204 0.3855 0.5107 0.0821 0.0012
236 0.0804 0.1099 0.5898 0.1743 0.0455
237 0.0083 0.1241 0.7144 0.1429 0.0102
238 0.1133 0.2052 0.4922 0.1263 0.0630
239 0.1360 0.1370 0.5723 0.1317 0.0231
240 0.2188 0.1100 0.4666 0.1915 0.0131
241 0.0247 0.2114 0.6616 0.0953 0.0072
242 0.0320 0.2294 0.5332 0.1932 0.0120
243 0.0784 0.0939 0.7500 0.0660 0.0119
244 0.0367 0.1820 0.3347 0.2095 0.2373
245 0.0357 0.2766 0.1665 0.2404 0.2810
246 0.0430 0.1929 0.2576 0.4590 0.0476
247 0.0154 0.2666 0.4329 0.2795 0.0055
248 0.0433 0.2252 0.2493 0.4768 0.0056
249 0.0732 0.2220 0.4700 0.2021 0.0325
250 0.0529 0.5054 0.3164 0.1128 0.0126
251 0.0620 0.3887 0.2510 0.2756 0.0230
252 0.0284 0.2893 0.3381 0.2983 0.0458
253 0.0626 0.4807 0.2654 0.1687 0.0225
254 0.0212 0.1694 0.5645 0.2389 0.0061
255 0.0409 0.0493 0.1949 0.6914 0.0237
256 0.0629 0.3220 0.4761 0.1185 0.0204
257 0.0508 0.3364 0.2703 0.3064 0.0360
258 0.0154 0.0620 0.0293 0.8838 0.0094
259 0.0179 0.0620 0.0305 0.8838 0.0060
260 0.0308 0.2834 0.1963 0.4746 0.0150
261 0.0257 0.4446 0.2761 0.2455 0.0083
262 0.0069 0.1986 0.0881 0.7041 0.0019
263 0.0113 0.1992 0.0927 0.6953 0.0016
264 0.0046 0.0363 0.0368 0.9209 0.0014
265 0.0422 0.3972 0.0538 0.5024 0.0045
266 0.0455 0.5542 0.1082 0.2830 0.0094
267 0.0513 0.4944 0.0880 0.3562 0.0101
268 0.0025 0.1295 0.2964 0.5713 0.0005
269 0.0045 0.0319 0.1895 0.7729 0.0011
270 0.0508 0.5864 0.2075 0.1519 0.0033
271 0.0231 0.3855 0.5522 0.0271 0.0120
272 0.0451 0.4451 0.3809 0.1256 0.0035
273 0.0342 0.4541 0.4685 0.0422 0.0010
274 0.0229 0.3474 0.2881 0.3369 0.0046
275 0.0237 0.3921 0.2341 0.3406 0.0093
276 0.0043 0.4326 0.1427 0.4194 0.0008
277 0.0452 0.4463 0.2389 0.2666 0.0031
278 0.0417 0.4778 0.3086 0.1677 0.0041
279 0.0224 0.2123 0.2900 0.4709 0.0043
280 0.0217 0.6377 0.0817 0.2578 0.0010
281 0.0984 0.2739 0.5366 0.0476 0.0434
282 0.0849 0.4736 0.2700 0.1637 0.0078
283 0.0295 0.1061 0.1300 0.7251 0.0093
284 0.0539 0.2761 0.1169 0.5156 0.0374
285 0.0327 0.6680 0.0876 0.1854 0.0265
286 0.0320 0.3203 0.2236 0.4114 0.0125
287 0.1772 0.2441 0.4121 0.0971 0.0694
288 0.0390 0.3845 0.3501 0.1846 0.0418
289 0.0451 0.3840 0.2274 0.2598 0.0837
290 0.1312 0.0809 0.5317 0.2181 0.0382
291 0.0594 0.0710 0.7520 0.1100 0.0077
292 0.0757 0.0673 0.5815 0.2581 0.0170
293 0.0961 0.0848 0.6987 0.0720 0.0483
294 0.0138 0.0820 0.8813 0.0147 0.0079
295 0.1099 0.0593 0.7686 0.0241 0.0383
296 0.1512 0.1525 0.6221 0.0570 0.0171
297 0.0461 0.1537 0.2827 0.5122 0.0054
298 0.2426 0.4224 0.1043 0.2225 0.0082
299 0.0582 0.5435 0.0770 0.3169 0.0046
300 0.0930 0.4985 0.1087 0.2932 0.0066
301 0.0083 0.3562 0.0833 0.5518 0.0007
302 0.0040 0.1476 0.0731 0.7734 0.0021
303 0.0083 0.2234 0.0413 0.7212 0.0059
304 0.0140 0.0805 0.0571 0.8389 0.0095
305 0.0421 0.6958 0.1516 0.0787 0.0320
306 0.0382 0.2825 0.2148 0.4373 0.0273
307 0.0734 0.5054 0.3162 0.0864 0.0187
308 0.0470 0.2312 0.2139 0.4819 0.0259
309 0.1240 0.4360 0.2905 0.1129 0.0367
310 0.0756 0.2786 0.3359 0.2537 0.0562
311 0.1428 0.3096 0.3621 0.1261 0.0595
312 0.1309 0.2297 0.4429 0.1566 0.0399
313 0.1515 0.2136 0.2852 0.3132 0.0365
314 0.1249 0.3091 0.3818 0.1077 0.0764
315 0.1250 0.2817 0.3879 0.1351 0.0701
316 0.1271 0.2976 0.3762 0.1384 0.0605
317 0.1362 0.3193 0.3733 0.1094 0.0619
318 0.1263 0.3252 0.3687 0.1206 0.0592
319 0.1621 0.3459 0.3596 0.0725 0.0597
320 0.1230 0.2666 0.4429 0.1183 0.0493
321 0.0672 0.1143 0.1945 0.5898 0.0341
322 0.2295 0.0806 0.2727 0.3289 0.0885
323 0.2401 0.0955 0.2291 0.3547 0.0804
