time exciting_prob fearful_prob tense_prob sad_prob relaxing_prob
0 0.2037 0.2830 0.2496 0.2310 0.0327
1 0.3640 0.1102 0.2314 0.2463 0.0481
2 0.1407 0.0176 0.1223 0.7148 0.0045
3 0.2450 0.1737 0.3147 0.2338 0.0329
4 0.3540 0.0848 0.3711 0.1808 0.0094
5 0.2605 0.0446 0.2485 0.4226 0.0238
6 0.2312 0.0372 0.3364 0.3638 0.0315
7 0.0641 0.1198 0.1975 0.5806 0.0383
8 0.0677 0.0792 0.1346 0.6841 0.0346
9 0.1068 0.1036 0.1996 0.5425 0.0474
10 0.2886 0.2319 0.1364 0.1863 0.1569
11 0.2800 0.1986 0.1895 0.1333 0.1986
12 0.2185 0.0883 0.1573 0.2805 0.2554
13 0.1172 0.3040 0.1705 0.2947 0.1136
14 0.0958 0.3452 0.1193 0.3047 0.1351
15 0.0850 0.3867 0.1467 0.2203 0.1613
16 0.0676 0.3174 0.1243 0.2472 0.2434
17 0.0638 0.3342 0.1483 0.2603 0.1935
18 0.0379 0.4077 0.1837 0.2891 0.0815
19 0.0347 0.4568 0.0819 0.2686 0.1580
20 0.0478 0.3875 0.1426 0.2705 0.1517
21 0.0333 0.3313 0.1026 0.2788 0.2539
22 0.0614 0.5308 0.1722 0.1670 0.0685
23 0.0519 0.4961 0.2167 0.1273 0.1081
24 0.0439 0.5435 0.1792 0.1086 0.1251
25 0.0316 0.3855 0.2412 0.2412 0.1005
26 0.0251 0.1181 0.2106 0.5903 0.0558
27 0.0848 0.2035 0.0991 0.0931 0.5195
28 0.1005 0.0945 0.1440 0.1737 0.4873
29 0.0676 0.0719 0.0486 0.1080 0.7041
30 0.0901 0.0376 0.2411 0.0529 0.5781
31 0.1487 0.0759 0.2163 0.2490 0.3098
32 0.0593 0.0602 0.1538 0.0891 0.6377
33 0.0428 0.3589 0.1617 0.2354 0.2013
34 0.0351 0.3599 0.1263 0.3379 0.1409
35 0.0277 0.2888 0.0953 0.4404 0.1476
36 0.0298 0.3062 0.1886 0.3062 0.1691
37 0.0295 0.2820 0.1737 0.3298 0.1849
38 0.0706 0.1060 0.1405 0.3760 0.3069
39 0.0377 0.2559 0.1786 0.2559 0.2722
40 0.0309 0.1476 0.1621 0.5840 0.0754
41 0.0298 0.1677 0.2087 0.0768 0.5166
42 0.0108 0.0945 0.0703 0.0327 0.7915
43 0.0391 0.1865 0.0999 0.0534 0.6211
44 0.0510 0.1283 0.1621 0.2759 0.3828
45 0.0473 0.1368 0.1412 0.0986 0.5762
46 0.0370 0.3093 0.1290 0.1212 0.4036
47 0.1769 0.0754 0.5361 0.1537 0.0579
48 0.4595 0.0424 0.2659 0.2239 0.0084
49 0.1515 0.1423 0.1198 0.3206 0.2659
50 0.1316 0.1689 0.1637 0.2203 0.3157
51 0.0227 0.1459 0.0806 0.3726 0.3784
52 0.0495 0.2803 0.2018 0.1926 0.2759
53 0.0690 0.1603 0.1733 0.4158 0.1816
54 0.0222 0.1425 0.5293 0.2744 0.0318
55 0.0513 0.1556 0.2000 0.3735 0.2196
56 0.0351 0.2184 0.1433 0.5000 0.1032
57 0.0421 0.2350 0.2462 0.1238 0.3528
58 0.0842 0.2380 0.2573 0.1377 0.2827
59 0.0693 0.1663 0.3989 0.1161 0.2495
60 0.0384 0.2391 0.1952 0.0367 0.4907
61 0.0344 0.1890 0.0812 0.0150 0.6802
62 0.0715 0.1041 0.1613 0.2039 0.4592
63 0.0324 0.2847 0.0984 0.4143 0.1700
64 0.0492 0.3389 0.1552 0.2810 0.1758
65 0.0534 0.2374 0.2690 0.2338 0.2063
66 0.0331 0.3474 0.3213 0.1642 0.1339
67 0.0577 0.1833 0.2546 0.3320 0.1722
68 0.0764 0.3264 0.2502 0.1748 0.1720
69 0.0370 0.1282 0.3220 0.3376 0.1752
70 0.0294 0.0659 0.2371 0.5425 0.1249
71 0.0302 0.0490 0.2340 0.6362 0.0506
72 0.0580 0.1654 0.1874 0.2444 0.3447
73 0.0795 0.2355 0.1569 0.2212 0.3071
74 0.0440 0.1107 0.2494 0.2654 0.3303
75 0.0494 0.1062 0.1451 0.1343 0.5649
76 0.0881 0.1293 0.1313 0.2002 0.4512
77 0.0796 0.1632 0.2957 0.1105 0.3511
78 0.1543 0.1643 0.2505 0.2390 0.1920
79 0.1188 0.1525 0.2253 0.3279 0.1755
80 0.0801 0.4360 0.1847 0.1906 0.1086
81 0.1014 0.1823 0.1970 0.3740 0.1453
82 0.0600 0.3047 0.1907 0.3792 0.0654
83 0.0753 0.2798 0.1752 0.4136 0.0560
84 0.0806 0.5552 0.1146 0.1654 0.0845
85 0.1058 0.5166 0.1886 0.1379 0.0511
86 0.1005 0.3821 0.3320 0.0859 0.0997
87 0.1383 0.5645 0.2109 0.0449 0.0412
88 0.0936 0.6865 0.1342 0.0393 0.0464
89 0.0811 0.6333 0.1576 0.0864 0.0417
90 0.0514 0.2015 0.3074 0.2932 0.1464
91 0.0298 0.1742 0.4661 0.1943 0.1356
92 0.0427 0.1989 0.3660 0.2986 0.0939
93 0.1251 0.5352 0.1582 0.1203 0.0615
94 0.0917 0.5532 0.1245 0.1273 0.1031
95 0.1070 0.0974 0.2864 0.3677 0.1417
96 0.1530 0.2042 0.2244 0.2042 0.2141
97 0.1201 0.0832 0.1748 0.2280 0.3938
98 0.1202 0.0696 0.2211 0.2467 0.3425
99 0.0750 0.3694 0.2966 0.1144 0.1447
100 0.1180 0.2460 0.3579 0.1218 0.1564
101 0.0884 0.1786 0.2440 0.2991 0.1901
102 0.0906 0.1110 0.2834 0.3813 0.1338
103 0.1049 0.3130 0.3230 0.1456 0.1134
104 0.0871 0.1993 0.2123 0.2156 0.2856
105 0.0908 0.2078 0.3269 0.2078 0.1669
106 0.1342 0.1952 0.3425 0.1202 0.2078
107 0.1478 0.2184 0.4277 0.1107 0.0954
108 0.1300 0.1791 0.3674 0.1605 0.1631
109 0.1205 0.3599 0.2455 0.2252 0.0487
110 0.1146 0.3113 0.2388 0.2522 0.0831
111 0.0804 0.3494 0.3779 0.1412 0.0511
112 0.0728 0.1830 0.2922 0.1858 0.2661
113 0.0421 0.3259 0.1829 0.0739 0.3752
114 0.0486 0.2468 0.3374 0.0244 0.3428
115 0.0147 0.5693 0.2336 0.1556 0.0268
116 0.1296 0.1539 0.1947 0.3416 0.1801
117 0.1027 0.1831 0.1542 0.4128 0.1472
118 0.1670 0.1301 0.1697 0.3765 0.1569
119 0.2065 0.4141 0.1376 0.1420 0.0999
120 0.0501 0.2448 0.2194 0.2126 0.2729
121 0.0661 0.4277 0.1898 0.0312 0.2849
122 0.1681 0.4714 0.0943 0.0980 0.1681
123 0.1960 0.3606 0.2188 0.1091 0.1153
124 0.0898 0.6582 0.0739 0.1208 0.0575
125 0.1219 0.3643 0.1085 0.2925 0.1128
126 0.0902 0.3652 0.1571 0.0797 0.3076
127 0.1334 0.3103 0.2379 0.1741 0.1443
128 0.1168 0.4478 0.0754 0.2803 0.0797
129 0.0884 0.5288 0.2422 0.0402 0.1002
130 0.1167 0.4800 0.2339 0.0453 0.1242
131 0.0298 0.2439 0.1327 0.0523 0.5410
132 0.1240 0.0981 0.1450 0.4607 0.1721
133 0.2311 0.0850 0.1423 0.2876 0.2539
134 0.2250 0.1114 0.1780 0.3076 0.1780
135 0.1187 0.1727 0.1727 0.1700 0.3657
136 0.1691 0.1317 0.2578 0.1539 0.2876
137 0.0652 0.3186 0.2443 0.0775 0.2947
138 0.0753 0.2214 0.2798 0.1985 0.2249
139 0.0540 0.1401 0.2311 0.2170 0.3579
140 0.0706 0.0980 0.0865 0.1259 0.6191
141 0.0145 0.0660 0.1007 0.1089 0.7100
142 0.0355 0.1602 0.1209 0.2480 0.4353
143 0.2573 0.1056 0.1635 0.2825 0.1912
144 0.1158 0.1852 0.2452 0.2305 0.2233
145 0.0640 0.2032 0.0991 0.0362 0.5977
146 0.0756 0.1390 0.1348 0.2479 0.4026
147 0.0616 0.1478 0.1729 0.3777 0.2400
148 0.0967 0.2671 0.2981 0.1131 0.2250
149 0.0954 0.3008 0.3572 0.0855 0.1610
150 0.0552 0.1150 0.1080 0.4141 0.3076
151 0.1058 0.3809 0.4453 0.0310 0.0368
152 0.0255 0.2496 0.1562 0.0798 0.4888
153 0.0616 0.2289 0.2893 0.0925 0.3279
154 0.0520 0.1948 0.4675 0.2140 0.0717
155 0.0541 0.1011 0.3997 0.2208 0.2242
156 0.0773 0.3176 0.3032 0.2051 0.0969
157 0.0622 0.0349 0.2788 0.5132 0.1110
158 0.0671 0.0715 0.2036 0.2201 0.4377
159 0.2225 0.0942 0.0942 0.1603 0.4290
160 0.1053 0.1021 0.2954 0.1121 0.3853
161 0.1316 0.1057 0.3010 0.1743 0.2874
162 0.1164 0.0965 0.2388 0.2465 0.3020
163 0.0993 0.1108 0.1770 0.4246 0.1884
164 0.0775 0.0800 0.2664 0.2925 0.2834
165 0.1257 0.1482 0.4895 0.1307 0.1059
166 0.1995 0.2058 0.3699 0.0609 0.1641
167 0.0936 0.1281 0.0908 0.2546 0.4331
168 0.1704 0.2440 0.0750 0.0824 0.4282
169 0.0999 0.2377 0.0468 0.1243 0.4915
170 0.1434 0.1931 0.1758 0.2024 0.2854
171 0.0775 0.1564 0.1829 0.4387 0.1447
172 0.0844 0.1873 0.2443 0.3555 0.1287
173 0.0400 0.4832 0.3591 0.0182 0.0997
174 0.0593 0.2515 0.3716 0.1188 0.1989
175 0.0983 0.2113 0.3074 0.1158 0.2671
176 0.0848 0.2286 0.2847 0.1387 0.2632
177 0.1503 0.1467 0.2852 0.3547 0.0631
178 0.0635 0.1418 0.3403 0.3403 0.1140
179 0.1477 0.1926 0.1727 0.2435 0.2435
180 0.2037 0.1637 0.1125 0.2742 0.2457
181 0.0768 0.1458 0.1576 0.3389 0.2810
182 0.1096 0.1251 0.2230 0.3049 0.2374
183 0.1250 0.0782 0.2905 0.3242 0.1819
184 0.1639 0.1277 0.2313 0.4060 0.0711
185 0.1660 0.2252 0.3772 0.1971 0.0345
186 0.1394 0.1694 0.5137 0.1350 0.0425
187 0.0916 0.1633 0.6162 0.0991 0.0295
188 0.0464 0.0866 0.2976 0.5474 0.0219
189 0.0751 0.1381 0.5376 0.2277 0.0215
190 0.0950 0.1980 0.3938 0.2622 0.0508
191 0.1247 0.1066 0.2441 0.4421 0.0824
192 0.1351 0.1656 0.1417 0.4792 0.0782
193 0.1070 0.1892 0.1892 0.4399 0.0747
194 0.0831 0.2332 0.4355 0.1993 0.0489
195 0.0238 0.1011 0.6099 0.2209 0.0442
196 0.0987 0.3364 0.2703 0.1678 0.1267
197 0.0787 0.2993 0.3088 0.1627 0.1505
198 0.0377 0.0849 0.2964 0.3464 0.2345
199 0.0482 0.1069 0.2092 0.3672 0.2686
200 0.0323 0.0641 0.1663 0.3059 0.4314
201 0.0424 0.1577 0.2367 0.2189 0.3442
202 0.0464 0.2319 0.2079 0.2112 0.3025
203 0.0371 0.1199 0.2349 0.1829 0.4253
204 0.0850 0.1246 0.5498 0.2153 0.0253
205 0.1511 0.1465 0.4878 0.1940 0.0206
206 0.1414 0.2190 0.5254 0.0599 0.0545
207 0.1083 0.2556 0.5244 0.0511 0.0603
208 0.0941 0.1771 0.5991 0.0870 0.0424
209 0.1514 0.1854 0.4888 0.1179 0.0566
210 0.1637 0.1587 0.4739 0.1276 0.0762
211 0.1862 0.2354 0.3940 0.0951 0.0893
212 0.1555 0.3450 0.3911 0.0546 0.0537
213 0.1558 0.1849 0.3794 0.2096 0.0702
214 0.2013 0.1221 0.2976 0.2013 0.1777
215 0.1462 0.0916 0.2374 0.3455 0.1792
216 0.2183 0.1837 0.1187 0.4207 0.0587
217 0.2183 0.1837 0.1187 0.4207 0.0587
218 0.6484 0.0994 0.0878 0.1470 0.0173
219 0.7837 0.0729 0.0879 0.0456 0.0102
220 0.7842 0.0729 0.0880 0.0449 0.0101
221 0.7871 0.0709 0.0869 0.0451 0.0100
222 0.7798 0.0714 0.0903 0.0476 0.0107
223 0.2037 0.2830 0.2496 0.2310 0.0327
