time exciting_prob fearful_prob tense_prob sad_prob relaxing_prob
0 0.1422 0.4084 0.3440 0.0883 0.0170
1 0.1829 0.5132 0.2349 0.0196 0.0496
2 0.0601 0.6875 0.2339 0.0048 0.0138
3 0.2379 0.2961 0.3518 0.0666 0.0476
4 0.5083 0.1715 0.2382 0.0641 0.0182
5 0.0837 0.4890 0.3132 0.0884 0.0255
6 0.2046 0.4231 0.3049 0.0522 0.0152
7 0.0994 0.3931 0.4668 0.0112 0.0296
8 0.1328 0.3611 0.3784 0.1035 0.0244
9 0.0308 0.5596 0.3906 0.0084 0.0103
10 0.1780 0.3623 0.2340 0.0159 0.2097
11 0.0451 0.2384 0.6899 0.0157 0.0108
12 0.2515 0.2742 0.3806 0.0536 0.0401
13 0.3535 0.2646 0.2046 0.0204 0.1569
14 0.2778 0.1262 0.1672 0.0461 0.3828
15 0.0933 0.3721 0.2274 0.1626 0.1445
16 0.0344 0.6235 0.1469 0.1118 0.0837
17 0.1022 0.3174 0.4993 0.0502 0.0307
18 0.0550 0.5264 0.3850 0.0068 0.0270
19 0.0759 0.5610 0.2213 0.0262 0.1157
20 0.2537 0.1664 0.1625 0.0919 0.3257
21 0.2927 0.0872 0.4001 0.1146 0.1052
22 0.3066 0.3213 0.3447 0.0088 0.0188
23 0.0917 0.3862 0.4587 0.0305 0.0327
24 0.4985 0.1241 0.2546 0.0090 0.1139
25 0.1812 0.4180 0.2896 0.0662 0.0451
26 0.3513 0.1536 0.3030 0.0479 0.1442
27 0.1509 0.1440 0.2179 0.0113 0.4758
28 0.1575 0.6226 0.1161 0.0134 0.0904
29 0.1687 0.3774 0.3008 0.0257 0.1274
30 0.1558 0.2489 0.3245 0.1938 0.0771
31 0.0739 0.0603 0.0641 0.0138 0.7881
32 0.3076 0.3030 0.1635 0.0772 0.1488
33 0.1210 0.0496 0.0878 0.0346 0.7070
34 0.2329 0.4668 0.1317 0.0496 0.1190
35 0.0798 0.0338 0.0101 0.0045 0.8716
36 0.0887 0.0789 0.0397 0.0198 0.7729
37 0.0898 0.5991 0.0603 0.0141 0.2366
38 0.0764 0.3506 0.0533 0.0173 0.5024
39 0.0706 0.6807 0.0428 0.0169 0.1890
40 0.2161 0.1183 0.1086 0.0586 0.4983
41 0.1224 0.2759 0.0625 0.0239 0.5151
42 0.2095 0.0596 0.1029 0.1013 0.5269
43 0.0355 0.6797 0.1278 0.0711 0.0858
44 0.0717 0.0445 0.0294 0.0082 0.8462
45 0.1237 0.6187 0.1901 0.0285 0.0392
46 0.0540 0.0164 0.0343 0.0245 0.8706
47 0.0696 0.3508 0.1998 0.1271 0.2527
48 0.0729 0.3938 0.2209 0.1404 0.1720
49 0.1395 0.5605 0.2374 0.0094 0.0530
50 0.1305 0.5039 0.3464 0.0062 0.0126
51 0.1102 0.4065 0.0331 0.0107 0.4395
52 0.0711 0.1641 0.0352 0.1201 0.6094
53 0.0781 0.1615 0.0194 0.0500 0.6909
54 0.0514 0.0730 0.0193 0.0080 0.8481
55 0.1265 0.0298 0.0315 0.0128 0.7993
56 0.0482 0.5967 0.2776 0.0129 0.0644
57 0.1056 0.5039 0.1661 0.0144 0.2101
58 0.1395 0.5308 0.1428 0.0406 0.1462
59 0.1136 0.0700 0.0325 0.0431 0.7407
60 0.3315 0.4534 0.0988 0.0270 0.0892
61 0.0654 0.1270 0.0517 0.0193 0.7368
62 0.0655 0.5703 0.3250 0.0141 0.0251
63 0.0551 0.0714 0.0429 0.0079 0.8228
64 0.0809 0.1376 0.0457 0.5698 0.1659
65 0.1285 0.2920 0.3013 0.2103 0.0677
66 0.1196 0.1169 0.0539 0.0423 0.6675
67 0.1110 0.0979 0.0463 0.0156 0.7290
68 0.1177 0.6025 0.1661 0.0447 0.0687
69 0.0735 0.6655 0.1877 0.0061 0.0670
70 0.0962 0.6626 0.2118 0.0186 0.0108
71 0.0467 0.6299 0.2283 0.0517 0.0432
72 0.1267 0.1392 0.0278 0.0050 0.7012
73 0.0374 0.0779 0.0315 0.0024 0.8506
74 0.0098 0.0622 0.0242 0.0036 0.9004
75 0.1417 0.1062 0.1292 0.0071 0.6157
76 0.0576 0.7012 0.1801 0.0369 0.0242
77 0.2408 0.2524 0.4500 0.0127 0.0442
78 0.1271 0.5352 0.2668 0.0056 0.0654
79 0.0751 0.7769 0.1318 0.0053 0.0111
80 0.0809 0.3770 0.4407 0.0902 0.0113
81 0.0587 0.6982 0.1158 0.1195 0.0075
82 0.1315 0.5537 0.2219 0.0540 0.0392
83 0.2461 0.4387 0.2122 0.0492 0.0536
84 0.0465 0.5405 0.2438 0.1433 0.0257
85 0.1494 0.2010 0.6050 0.0290 0.0156
86 0.0546 0.1906 0.2262 0.4790 0.0497
87 0.1071 0.4302 0.2031 0.2129 0.0468
88 0.2292 0.2681 0.3335 0.0727 0.0963
89 0.1294 0.5801 0.2418 0.0340 0.0145
90 0.0736 0.4546 0.3567 0.1063 0.0087
91 0.0208 0.2810 0.1370 0.4780 0.0831
92 0.0902 0.5195 0.3301 0.0324 0.0280
93 0.1331 0.1804 0.3069 0.2815 0.0981
94 0.3589 0.4131 0.1310 0.0390 0.0581
95 0.2593 0.3032 0.2554 0.1178 0.0645
96 0.0688 0.7061 0.2054 0.0073 0.0127
97 0.0465 0.6128 0.3130 0.0238 0.0040
98 0.0445 0.7642 0.1705 0.0091 0.0119
99 0.0162 0.4307 0.4956 0.0332 0.0243
100 0.0234 0.5156 0.3381 0.0816 0.0410
101 0.0686 0.7788 0.1322 0.0086 0.0116
102 0.0253 0.0275 0.0138 0.0152 0.9185
103 0.0572 0.4712 0.4292 0.0313 0.0112
104 0.0327 0.0476 0.0210 0.0136 0.8848
105 0.2803 0.4409 0.1926 0.0029 0.0835
106 0.3027 0.4373 0.1780 0.0094 0.0725
107 0.0718 0.3347 0.1697 0.3792 0.0446
108 0.4802 0.3569 0.0945 0.0176 0.0506
109 0.2107 0.2727 0.3237 0.0690 0.1238
110 0.4844 0.3657 0.0862 0.0044 0.0592
111 0.6572 0.2052 0.1064 0.0101 0.0210
112 0.4895 0.1267 0.2766 0.0647 0.0424
113 0.1147 0.5386 0.2372 0.0242 0.0852
114 0.5186 0.2886 0.1533 0.0033 0.0361
115 0.0868 0.7153 0.1055 0.0592 0.0332
116 0.2361 0.2435 0.2417 0.0784 0.2003
117 0.3337 0.2766 0.2578 0.0090 0.1227
118 0.4902 0.3115 0.1279 0.0070 0.0633
119 0.3650 0.4336 0.1807 0.0009 0.0198
120 0.0935 0.6543 0.1733 0.0240 0.0550
121 0.2477 0.4414 0.1599 0.0020 0.1490
122 0.1647 0.3770 0.3486 0.0645 0.0454
123 0.0416 0.5479 0.0847 0.0713 0.2546
124 0.1127 0.4856 0.0912 0.0068 0.3037
125 0.0342 0.0526 0.0109 0.0049 0.8975
126 0.0891 0.1025 0.0289 0.0044 0.7754
127 0.1942 0.6172 0.1039 0.0310 0.0539
128 0.0836 0.2477 0.0792 0.0398 0.5498
129 0.0781 0.1002 0.2294 0.5679 0.0247
130 0.2037 0.5625 0.0904 0.0033 0.1400
131 0.2430 0.5830 0.1053 0.0075 0.0610
132 0.1187 0.7681 0.0583 0.0454 0.0092
133 0.0549 0.8716 0.0566 0.0056 0.0113
134 0.0487 0.0454 0.0120 0.0033 0.8906
135 0.4438 0.2864 0.2568 0.0025 0.0104
136 0.1301 0.3323 0.2321 0.2214 0.0840
137 0.2915 0.4014 0.2695 0.0038 0.0337
138 0.0416 0.5835 0.2935 0.0742 0.0072
139 0.1394 0.4607 0.2125 0.0555 0.1320
140 0.2939 0.0856 0.1549 0.4082 0.0574
141 0.2020 0.0749 0.0552 0.1143 0.5537
142 0.0883 0.4150 0.2007 0.0131 0.2830
143 0.0576 0.6743 0.2480 0.0106 0.0095
144 0.0248 0.7129 0.1803 0.0800 0.0020
145 0.0938 0.5972 0.2693 0.0014 0.0385
146 0.1278 0.4460 0.3997 0.0148 0.0118
147 0.1729 0.5581 0.2325 0.0056 0.0310
148 0.3704 0.1921 0.4004 0.0179 0.0192
149 0.1182 0.5552 0.3091 0.0072 0.0103
150 0.2103 0.5854 0.1638 0.0044 0.0360
151 0.2734 0.0827 0.2568 0.3623 0.0248
152 0.0109 0.3406 0.0552 0.1824 0.4109
153 0.2822 0.4653 0.1571 0.0077 0.0875
154 0.2365 0.5327 0.2007 0.0119 0.0184
155 0.2329 0.4856 0.2366 0.0165 0.0285
156 0.6211 0.0388 0.2001 0.1140 0.0260
157 0.3381 0.4307 0.1536 0.0050 0.0726
158 0.0158 0.5322 0.3660 0.0698 0.0161
159 0.0612 0.7402 0.1704 0.0118 0.0162
160 0.0828 0.6514 0.2285 0.0219 0.0156
161 0.0729 0.6602 0.0670 0.0179 0.1819
162 0.0913 0.2791 0.4976 0.1076 0.0244
163 0.0838 0.2260 0.5420 0.1182 0.0299
164 0.1173 0.3613 0.1119 0.0701 0.3394
165 0.0775 0.2106 0.1482 0.0303 0.5337
166 0.0979 0.1978 0.1887 0.3638 0.1516
167 0.0342 0.8970 0.0582 0.0029 0.0077
168 0.1794 0.1088 0.0697 0.0257 0.6162
169 0.7275 0.0869 0.1169 0.0030 0.0656
170 0.5864 0.1788 0.2026 0.0036 0.0283
171 0.0878 0.6743 0.1042 0.0812 0.0524
172 0.0547 0.1658 0.5522 0.2180 0.0092
173 0.0327 0.2435 0.5156 0.1896 0.0188
174 0.1862 0.1682 0.3479 0.2299 0.0679
175 0.0911 0.6943 0.1586 0.0182 0.0380
176 0.1158 0.3147 0.2214 0.2490 0.0991
177 0.0238 0.3450 0.2563 0.2158 0.1592
178 0.1785 0.2203 0.3896 0.0779 0.1337
179 0.2345 0.4626 0.2554 0.0300 0.0174
180 0.0746 0.0624 0.0505 0.0097 0.8027
181 0.0748 0.0611 0.0506 0.0092 0.8042
182 0.4646 0.3972 0.1095 0.0012 0.0275
183 0.3970 0.2603 0.2996 0.0076 0.0355
184 0.1633 0.2098 0.2778 0.3052 0.0436
185 0.1008 0.2238 0.2576 0.3105 0.1074
186 0.0944 0.1251 0.5024 0.0989 0.1792
187 0.0507 0.2417 0.5449 0.1072 0.0556
188 0.1063 0.2002 0.1635 0.1647 0.3655
189 0.0940 0.0699 0.4556 0.1170 0.2637
190 0.0413 0.1608 0.4580 0.0665 0.2734
191 0.0477 0.5586 0.3723 0.0102 0.0111
192 0.0168 0.8901 0.0526 0.0258 0.0146
193 0.0493 0.3472 0.5635 0.0251 0.0148
194 0.0181 0.3787 0.1628 0.3447 0.0957
195 0.1367 0.3079 0.5078 0.0069 0.0407
196 0.0645 0.4543 0.3650 0.0615 0.0547
197 0.0843 0.3386 0.4282 0.1001 0.0488
198 0.5332 0.1277 0.1370 0.1626 0.0396
199 0.5283 0.1152 0.1688 0.1456 0.0420
200 0.4951 0.2649 0.1558 0.0300 0.0543
201 0.1534 0.2268 0.4304 0.1354 0.0539
202 0.0719 0.6162 0.2267 0.0293 0.0560
203 0.0593 0.7876 0.1100 0.0089 0.0343
204 0.1221 0.2030 0.6250 0.0306 0.0190
205 0.5552 0.2644 0.1068 0.0036 0.0701
206 0.4089 0.4250 0.1528 0.0020 0.0112
207 0.0938 0.2512 0.3328 0.3030 0.0195
208 0.0289 0.5156 0.3435 0.1081 0.0039
209 0.0288 0.7202 0.0975 0.0990 0.0547
210 0.0372 0.4604 0.4751 0.0168 0.0107
211 0.0295 0.4241 0.2131 0.3201 0.0133
212 0.0092 0.8447 0.0352 0.0948 0.0161
213 0.0194 0.6938 0.1987 0.0531 0.0351
214 0.0814 0.1644 0.5479 0.1863 0.0203
215 0.0720 0.2115 0.5405 0.1622 0.0138
216 0.2052 0.4111 0.2676 0.0129 0.1031
217 0.1290 0.7368 0.1078 0.0146 0.0115
218 0.1062 0.6206 0.1343 0.0665 0.0724
219 0.0965 0.1965 0.2686 0.3848 0.0537
220 0.0388 0.7788 0.0901 0.0880 0.0045
221 0.1005 0.5181 0.3506 0.0214 0.0093
222 0.0555 0.5566 0.3027 0.0639 0.0213
223 0.1882 0.4048 0.3201 0.0835 0.0034
224 0.0231 0.4758 0.4133 0.0718 0.0160
225 0.0255 0.0227 0.0110 0.0684 0.8726
226 0.0768 0.3086 0.6045 0.0042 0.0061
227 0.0628 0.3501 0.5596 0.0104 0.0172
228 0.5146 0.2649 0.1659 0.0053 0.0490
229 0.0303 0.0256 0.0054 0.0165 0.9224
230 0.0765 0.3508 0.2450 0.0847 0.2430
231 0.0336 0.0100 0.0089 0.0045 0.9429
232 0.0978 0.1946 0.6284 0.0580 0.0213
233 0.1232 0.1487 0.6069 0.1071 0.0143
234 0.0903 0.0947 0.7563 0.0476 0.0108
235 0.1173 0.4900 0.3643 0.0102 0.0183
236 0.1061 0.1473 0.6304 0.1095 0.0068
237 0.4314 0.2037 0.3308 0.0030 0.0310
238 0.2142 0.3848 0.3730 0.0113 0.0166
239 0.2091 0.5957 0.1680 0.0054 0.0220
240 0.1276 0.1237 0.6899 0.0274 0.0315
241 0.0627 0.1026 0.5332 0.1050 0.1963
242 0.0075 0.4656 0.0748 0.2959 0.1560
243 0.0845 0.1211 0.3970 0.3789 0.0186
244 0.0088 0.7808 0.0726 0.0215 0.1161
245 0.3196 0.4368 0.2096 0.0045 0.0297
246 0.4619 0.2340 0.2491 0.0062 0.0487
247 0.0264 0.1608 0.0547 0.0543 0.7036
248 0.0190 0.0988 0.0222 0.0072 0.8530
249 0.0912 0.1266 0.4419 0.2517 0.0884
250 0.1116 0.3660 0.3230 0.1040 0.0955
251 0.3425 0.3645 0.1240 0.0059 0.1631
252 0.1282 0.1895 0.4546 0.1725 0.0551
253 0.3462 0.0737 0.2133 0.3462 0.0210
254 0.3860 0.0382 0.3301 0.2378 0.0079
255 0.7114 0.1550 0.0240 0.0368 0.0727
256 0.6982 0.1595 0.0256 0.0413 0.0753
257 0.6997 0.1573 0.0257 0.0420 0.0750
258 0.6963 0.1616 0.0264 0.0393 0.0764
259 0.6963 0.1616 0.0264 0.0393 0.0764
260 0.6616 0.1488 0.0348 0.0875 0.0671
261 0.6948 0.1588 0.0261 0.0427 0.0774
262 0.6924 0.1594 0.0277 0.0439 0.0765
263 0.6924 0.1556 0.0284 0.0497 0.0741
264 0.6924 0.1556 0.0284 0.0497 0.0741
