time exciting_prob fearful_prob tense_prob sad_prob relaxing_prob
0 0.2390 0.0104 0.0966 0.5645 0.0894
1 0.0800 0.1042 0.3210 0.4390 0.0558
2 0.1240 0.2318 0.3022 0.2795 0.0624
3 0.0955 0.2291 0.4021 0.2291 0.0441
4 0.1892 0.1605 0.2355 0.4036 0.0113
5 0.3833 0.2717 0.1444 0.1927 0.0078
6 0.5044 0.1306 0.0876 0.2742 0.0030
7 0.1062 0.0385 0.3884 0.4541 0.0130
8 0.5454 0.1813 0.1600 0.0891 0.0242
9 0.6143 0.0618 0.1426 0.1404 0.0408
10 0.7583 0.1505 0.0627 0.0236 0.0049
11 0.6001 0.2313 0.0580 0.0806 0.0301
12 0.3137 0.1043 0.1578 0.4092 0.0149
13 0.5566 0.2734 0.1261 0.0385 0.0055
14 0.6372 0.2151 0.0704 0.0726 0.0045
15 0.3486 0.5112 0.0828 0.0359 0.0211
16 0.4541 0.3794 0.0639 0.0713 0.0311
17 0.3979 0.2377 0.2097 0.1233 0.0314
18 0.5063 0.3049 0.1375 0.0406 0.0105
19 0.1720 0.3367 0.3474 0.1382 0.0055
20 0.3547 0.3926 0.1389 0.0890 0.0249
21 0.6704 0.2161 0.0959 0.0113 0.0062
22 0.2949 0.2244 0.0988 0.3394 0.0425
23 0.3796 0.0828 0.4370 0.0724 0.0282
24 0.7085 0.0517 0.1250 0.1013 0.0135
25 0.3130 0.0597 0.3130 0.2986 0.0159
26 0.4004 0.1847 0.2317 0.1776 0.0057
27 0.1832 0.1052 0.6006 0.1004 0.0105
28 0.3372 0.0922 0.3850 0.0922 0.0936
29 0.4812 0.2273 0.1611 0.0427 0.0876
30 0.1384 0.6108 0.1848 0.0600 0.0058
31 0.3794 0.4834 0.0724 0.0186 0.0464
32 0.0958 0.3069 0.5386 0.0572 0.0016
33 0.2576 0.1226 0.0761 0.5161 0.0276
34 0.2015 0.1984 0.1385 0.3538 0.1078
35 0.7036 0.1487 0.0983 0.0134 0.0359
36 0.7773 0.0609 0.0921 0.0628 0.0068
37 0.6367 0.0969 0.0969 0.1525 0.0168
38 0.3164 0.3264 0.2727 0.0684 0.0159
39 0.1646 0.0364 0.5654 0.2080 0.0258
40 0.5117 0.1188 0.2893 0.0743 0.0055
41 0.1516 0.2275 0.4253 0.1678 0.0278
42 0.5103 0.0533 0.3191 0.1053 0.0121
43 0.0566 0.6899 0.1946 0.0544 0.0045
44 0.3367 0.1318 0.3474 0.1382 0.0459
45 0.1024 0.1399 0.1913 0.3357 0.2307
46 0.1613 0.3157 0.3083 0.0607 0.1539
47 0.1561 0.3306 0.2363 0.1346 0.1422
48 0.1665 0.2876 0.2347 0.1180 0.1931
49 0.5303 0.1890 0.0746 0.1495 0.0568
50 0.1637 0.0817 0.2698 0.3105 0.1742
51 0.7197 0.0273 0.1373 0.1061 0.0094
52 0.1100 0.2598 0.5327 0.0933 0.0040
53 0.1224 0.5659 0.2549 0.0166 0.0403
54 0.0912 0.6899 0.1915 0.0149 0.0126
55 0.3818 0.2227 0.2625 0.1120 0.0212
56 0.4299 0.2886 0.2014 0.0639 0.0162
57 0.3843 0.2405 0.2260 0.1200 0.0292
58 0.1735 0.1761 0.2727 0.3396 0.0381
59 0.2751 0.1340 0.3142 0.2666 0.0100
60 0.5981 0.1454 0.1912 0.0574 0.0081
61 0.4287 0.1287 0.2041 0.2330 0.0054
62 0.1554 0.1641 0.4712 0.1318 0.0775
63 0.0854 0.0436 0.6260 0.2268 0.0182
64 0.2703 0.3469 0.2422 0.1180 0.0227
65 0.7749 0.0552 0.0570 0.0346 0.0785
66 0.1886 0.0441 0.4524 0.2920 0.0231
67 0.0528 0.0590 0.1874 0.6851 0.0156
68 0.1692 0.0524 0.2747 0.4670 0.0369
69 0.3154 0.1346 0.3384 0.1688 0.0427
70 0.3445 0.1482 0.3726 0.1154 0.0196
71 0.0978 0.1245 0.6948 0.0767 0.0063
72 0.1074 0.2458 0.4890 0.1316 0.0261
73 0.2681 0.3662 0.3232 0.0328 0.0096
74 0.4988 0.2047 0.2430 0.0379 0.0155
75 0.3240 0.4570 0.1965 0.0112 0.0114
76 0.6255 0.0916 0.2015 0.0702 0.0110
77 0.4180 0.2053 0.2678 0.0823 0.0267
78 0.4304 0.2322 0.2715 0.0403 0.0257
79 0.5854 0.1947 0.1381 0.0399 0.0418
80 0.2603 0.0819 0.2563 0.3940 0.0074
81 0.4556 0.0682 0.2400 0.2220 0.0142
82 0.7002 0.1562 0.0911 0.0076 0.0448
83 0.0163 0.0300 0.0035 0.0329 0.9175
84 0.1224 0.0271 0.0423 0.0407 0.7676
85 0.0948 0.0792 0.3062 0.0673 0.4524
86 0.1458 0.0405 0.3389 0.2024 0.2725
87 0.1356 0.1274 0.4885 0.2151 0.0332
88 0.2231 0.1521 0.2776 0.2096 0.1375
89 0.1561 0.0451 0.4624 0.2717 0.0646
90 0.4546 0.1409 0.0991 0.1647 0.1409
91 0.2338 0.5479 0.1353 0.0498 0.0334
92 0.2981 0.1272 0.2267 0.2756 0.0724
93 0.0862 0.2101 0.6475 0.0511 0.0053
94 0.2588 0.0967 0.4722 0.1594 0.0129
95 0.3784 0.1425 0.3904 0.0549 0.0338
96 0.5933 0.1072 0.1660 0.0743 0.0592
97 0.2585 0.3821 0.1147 0.2335 0.0113
98 0.3765 0.3511 0.2284 0.0364 0.0076
99 0.1779 0.2047 0.4102 0.0952 0.1121
100 0.2939 0.2476 0.3926 0.0465 0.0192
101 0.2878 0.5054 0.1565 0.0260 0.0244
102 0.3687 0.4695 0.1024 0.0195 0.0401
103 0.3652 0.1293 0.2778 0.1940 0.0337
104 0.3330 0.1943 0.3306 0.1082 0.0340
105 0.2847 0.4512 0.2065 0.0479 0.0097
106 0.3174 0.0720 0.0245 0.1454 0.4407
107 0.4670 0.0292 0.1083 0.1678 0.2277
108 0.6577 0.0602 0.0732 0.1057 0.1033
109 0.2290 0.2595 0.3130 0.1702 0.0284
110 0.0737 0.3833 0.4275 0.0969 0.0185
111 0.1993 0.2947 0.1918 0.1589 0.1553
112 0.4580 0.0148 0.1499 0.3513 0.0260
113 0.2411 0.2030 0.4102 0.1261 0.0196
114 0.1134 0.2457 0.2382 0.3464 0.0561
115 0.1155 0.2091 0.4531 0.1996 0.0226
116 0.1591 0.3967 0.2881 0.1361 0.0199
117 0.0722 0.5996 0.2443 0.0585 0.0253
118 0.0995 0.4712 0.1904 0.1846 0.0541
119 0.1094 0.1044 0.4941 0.2815 0.0106
120 0.2076 0.0643 0.5732 0.1484 0.0064
121 0.3806 0.0225 0.1389 0.4114 0.0465
122 0.3250 0.0606 0.5317 0.0754 0.0072
123 0.3401 0.1203 0.3425 0.1805 0.0165
124 0.2007 0.2439 0.4966 0.0408 0.0179
125 0.3271 0.2017 0.3650 0.1030 0.0031
126 0.1688 0.0503 0.2036 0.5620 0.0151
127 0.3394 0.2949 0.1816 0.1788 0.0054
128 0.3940 0.2544 0.1906 0.1483 0.0128
129 0.4719 0.1078 0.2094 0.1967 0.0144
130 0.2629 0.0155 0.2357 0.4688 0.0168
131 0.1808 0.1194 0.3826 0.2888 0.0284
132 0.3833 0.0641 0.4343 0.1048 0.0133
133 0.6953 0.0411 0.1066 0.1515 0.0055
134 0.2642 0.2367 0.3608 0.1267 0.0116
135 0.1855 0.0371 0.3867 0.3867 0.0040
136 0.2786 0.0114 0.3157 0.3809 0.0137
137 0.2201 0.0797 0.5796 0.1107 0.0099
138 0.4792 0.1013 0.3674 0.0347 0.0172
139 0.1331 0.0142 0.5601 0.2815 0.0113
140 0.3110 0.0204 0.1481 0.4895 0.0310
141 0.6196 0.0316 0.1693 0.1681 0.0115
142 0.2947 0.0733 0.5459 0.0757 0.0103
143 0.0996 0.0517 0.7534 0.0893 0.0058
144 0.2502 0.2296 0.4158 0.0980 0.0064
145 0.6714 0.1354 0.1194 0.0620 0.0120
146 0.1201 0.0456 0.4939 0.3342 0.0064
147 0.3469 0.0516 0.2137 0.3752 0.0123
148 0.2961 0.0362 0.2654 0.3923 0.0098
149 0.2340 0.1195 0.2590 0.3711 0.0164
150 0.1761 0.0146 0.3240 0.4639 0.0215
151 0.1495 0.2666 0.4717 0.0893 0.0228
152 0.2118 0.2534 0.4448 0.0607 0.0291
153 0.3694 0.1256 0.2223 0.2620 0.0208
154 0.5234 0.0917 0.2133 0.1254 0.0461
155 0.2666 0.0428 0.2299 0.4465 0.0144
156 0.1348 0.1180 0.5454 0.1946 0.0072
157 0.2900 0.1360 0.4287 0.1392 0.0062
158 0.5947 0.1368 0.2054 0.0557 0.0073
159 0.5249 0.1257 0.2725 0.0627 0.0142
160 0.5679 0.0972 0.2443 0.0734 0.0172
161 0.3406 0.2018 0.4238 0.0225 0.0112
162 0.6182 0.0986 0.1625 0.1100 0.0107
163 0.3628 0.2781 0.1584 0.1313 0.0692
164 0.5479 0.2756 0.0498 0.0490 0.0777
165 0.6904 0.1248 0.0421 0.0837 0.0589
166 0.1995 0.2996 0.1482 0.3091 0.0438
167 0.1481 0.0320 0.0721 0.7290 0.0188
168 0.3469 0.0323 0.0641 0.5288 0.0276
169 0.6699 0.0525 0.0501 0.1949 0.0323
170 0.3284 0.2639 0.0705 0.2639 0.0733
