time exciting_prob fearful_prob tense_prob sad_prob relaxing_prob
0 0.0654 0.0478 0.1028 0.7480 0.0361
1 0.0359 0.2888 0.0719 0.5928 0.0109
2 0.1226 0.3716 0.4082 0.0147 0.0829
3 0.0908 0.5347 0.1848 0.0922 0.0974
4 0.0692 0.1741 0.3054 0.2133 0.2379
5 0.1123 0.4373 0.2612 0.1089 0.0803
6 0.1958 0.2253 0.2656 0.2272 0.0862
7 0.2654 0.2695 0.1187 0.1334 0.2131
8 0.1761 0.2059 0.1192 0.3848 0.1138
9 0.2654 0.3152 0.2167 0.1160 0.0869
10 0.3101 0.2734 0.0796 0.1272 0.2097
11 0.3618 0.0833 0.0152 0.4165 0.1231
12 0.1029 0.2668 0.1498 0.1509 0.3296
13 0.0485 0.7461 0.0647 0.0466 0.0941
14 0.0495 0.8110 0.0548 0.0374 0.0472
15 0.2084 0.4377 0.1810 0.0682 0.1048
16 0.1959 0.4521 0.1676 0.0243 0.1599
17 0.0857 0.3901 0.2104 0.1017 0.2120
18 0.3242 0.2094 0.1593 0.0525 0.2546
19 0.4094 0.1720 0.1027 0.1860 0.1299
20 0.3462 0.1586 0.0539 0.2739 0.1675
21 0.2476 0.1637 0.0773 0.3333 0.1783
22 0.3301 0.1354 0.0736 0.3513 0.1097
23 0.0460 0.0782 0.1519 0.7134 0.0107
24 0.4470 0.1893 0.2546 0.0419 0.0670
25 0.2798 0.4612 0.1222 0.0373 0.0997
26 0.0969 0.3955 0.4661 0.0236 0.0181
27 0.1256 0.4968 0.2988 0.0408 0.0380
28 0.1603 0.2581 0.0964 0.2208 0.2642
29 0.0668 0.4819 0.2539 0.1873 0.0103
30 0.1779 0.1658 0.2338 0.3884 0.0339
31 0.0402 0.1980 0.6294 0.1309 0.0014
32 0.0478 0.1427 0.2585 0.5386 0.0124
33 0.0837 0.6089 0.2600 0.0285 0.0188
34 0.0723 0.2124 0.4897 0.2074 0.0181
35 0.1793 0.0808 0.0121 0.6875 0.0403
36 0.4399 0.2886 0.0501 0.1736 0.0479
37 0.1012 0.3533 0.3267 0.1221 0.0966
38 0.0579 0.6943 0.1598 0.0606 0.0276
39 0.0733 0.5254 0.1118 0.2330 0.0567
40 0.1124 0.1572 0.0882 0.5488 0.0932
41 0.1140 0.0888 0.1487 0.6309 0.0173
42 0.1238 0.2969 0.2025 0.3364 0.0402
43 0.0756 0.1746 0.1947 0.4895 0.0657
44 0.1217 0.5044 0.1960 0.1503 0.0274
45 0.1348 0.3691 0.2383 0.2421 0.0158
46 0.0685 0.3616 0.2076 0.3533 0.0089
47 0.1228 0.2241 0.2223 0.3667 0.0642
48 0.2047 0.2179 0.1908 0.3455 0.0410
49 0.0815 0.3862 0.3176 0.1882 0.0265
50 0.0382 0.6406 0.1685 0.1140 0.0385
51 0.0775 0.5093 0.1127 0.2406 0.0599
52 0.1805 0.3193 0.1643 0.2795 0.0564
53 0.1375 0.2031 0.2266 0.3098 0.1232
54 0.2195 0.2145 0.1644 0.3706 0.0311
55 0.2637 0.4482 0.1024 0.1346 0.0511
56 0.1702 0.0414 0.0503 0.7163 0.0218
57 0.1368 0.0495 0.1841 0.5669 0.0626
58 0.0656 0.0437 0.3127 0.5488 0.0289
59 0.0860 0.0199 0.1395 0.7197 0.0347
60 0.3916 0.1088 0.0486 0.2001 0.2510
61 0.0772 0.0976 0.1089 0.6074 0.1089
62 0.1014 0.2959 0.1895 0.2778 0.1354
63 0.1108 0.2617 0.3838 0.2256 0.0179
64 0.1799 0.2153 0.1515 0.4119 0.0414
65 0.1931 0.2024 0.4893 0.0716 0.0438
66 0.1273 0.1399 0.5117 0.1377 0.0835
67 0.1489 0.2847 0.2759 0.2554 0.0351
68 0.0972 0.1873 0.1903 0.4783 0.0470
69 0.1248 0.1760 0.3113 0.2313 0.1565
70 0.1647 0.2303 0.3625 0.1465 0.0961
71 0.1066 0.2744 0.3086 0.1576 0.1527
72 0.1633 0.2415 0.2673 0.1925 0.1355
73 0.0975 0.1849 0.1046 0.0649 0.5479
74 0.2219 0.5039 0.1265 0.0816 0.0661
75 0.0908 0.2930 0.4329 0.1094 0.0740
76 0.0161 0.3757 0.0878 0.4324 0.0878
77 0.1124 0.3228 0.0918 0.0925 0.3804
78 0.0596 0.1251 0.2507 0.0771 0.4873
79 0.0190 0.5249 0.1602 0.2681 0.0278
80 0.5391 0.0429 0.0908 0.3120 0.0151
81 0.1646 0.1571 0.3767 0.1046 0.1970
82 0.1536 0.3831 0.1273 0.3225 0.0136
83 0.1493 0.3337 0.1208 0.3840 0.0120
84 0.0888 0.3250 0.3799 0.1672 0.0391
85 0.1019 0.1393 0.5957 0.0336 0.1298
86 0.0678 0.0694 0.0247 0.0185 0.8193
87 0.1542 0.0858 0.4094 0.2881 0.0623
88 0.2756 0.0724 0.5654 0.0433 0.0433
89 0.1138 0.2448 0.1005 0.3674 0.1736
90 0.0626 0.6675 0.1377 0.0791 0.0531
91 0.1951 0.4534 0.1211 0.1361 0.0943
92 0.4121 0.1718 0.1127 0.2766 0.0268
93 0.3821 0.2212 0.1805 0.1952 0.0209
94 0.3633 0.2401 0.1757 0.1813 0.0395
95 0.2832 0.0360 0.1390 0.5166 0.0251
96 0.4153 0.1678 0.2878 0.0673 0.0617
97 0.4094 0.1043 0.1404 0.1816 0.1642
98 0.0681 0.1881 0.5752 0.1572 0.0115
99 0.5190 0.1072 0.2715 0.0391 0.0630
100 0.1554 0.3213 0.1979 0.1494 0.1760
101 0.4434 0.0936 0.1175 0.0385 0.3071
102 0.1490 0.2576 0.3105 0.0883 0.1945
103 0.1814 0.1626 0.3782 0.0891 0.1887
104 0.0141 0.0115 0.0094 0.1015 0.8633
105 0.5288 0.1503 0.2556 0.0532 0.0120
106 0.3894 0.1455 0.3408 0.1107 0.0136
107 0.3928 0.2007 0.2988 0.0911 0.0166
108 0.4734 0.1742 0.2399 0.1057 0.0070
109 0.2097 0.3406 0.2452 0.1431 0.0615
110 0.4187 0.2856 0.2405 0.0253 0.0299
111 0.2435 0.0495 0.1926 0.4919 0.0225
112 0.0973 0.3789 0.4294 0.0914 0.0031
113 0.4160 0.2883 0.1748 0.0936 0.0272
114 0.1750 0.2212 0.1130 0.2111 0.2798
115 0.2445 0.1693 0.2727 0.1011 0.2124
116 0.0786 0.3362 0.1625 0.1901 0.2328
117 0.1383 0.6011 0.1605 0.0501 0.0501
118 0.1351 0.6011 0.1290 0.0270 0.1078
119 0.3020 0.4463 0.1393 0.0445 0.0679
120 0.3926 0.2827 0.0962 0.0371 0.1913
121 0.1700 0.2380 0.4846 0.0760 0.0312
122 0.1569 0.3911 0.4165 0.0201 0.0155
123 0.1483 0.0723 0.3501 0.3669 0.0623
124 0.4548 0.0969 0.2493 0.1187 0.0803
125 0.0793 0.1627 0.2368 0.5015 0.0197
126 0.0957 0.4126 0.3042 0.1591 0.0285
127 0.0388 0.5840 0.2759 0.0882 0.0130
128 0.0494 0.0853 0.7490 0.1113 0.0052
129 0.1483 0.3020 0.4788 0.0266 0.0445
130 0.0706 0.2522 0.2141 0.4497 0.0134
131 0.1333 0.2693 0.4509 0.1105 0.0359
132 0.0808 0.1176 0.3003 0.4761 0.0254
133 0.1052 0.0806 0.7129 0.0886 0.0129
134 0.5225 0.0989 0.2546 0.1021 0.0222
135 0.4990 0.2163 0.1879 0.0645 0.0324
136 0.4443 0.1420 0.3743 0.0147 0.0247
137 0.1663 0.4380 0.3206 0.0616 0.0136
138 0.6680 0.1245 0.0817 0.0743 0.0515
139 0.1359 0.5459 0.2172 0.0857 0.0151
140 0.0270 0.1833 0.0273 0.6973 0.0649
141 0.0922 0.5308 0.1532 0.1968 0.0271
142 0.0430 0.5000 0.3035 0.1444 0.0089
143 0.4102 0.3323 0.0397 0.1848 0.0331
144 0.1307 0.4255 0.1787 0.2225 0.0424
145 0.4363 0.2751 0.1669 0.1112 0.0103
146 0.4219 0.1946 0.1447 0.2172 0.0218
147 0.6182 0.0727 0.1017 0.1931 0.0141
148 0.3391 0.2295 0.1565 0.1830 0.0920
149 0.6514 0.1055 0.0803 0.1465 0.0162
150 0.0991 0.7046 0.1159 0.0709 0.0097
151 0.0765 0.6509 0.1213 0.1418 0.0096
152 0.2505 0.5303 0.1394 0.0361 0.0435
153 0.0254 0.3938 0.3877 0.1860 0.0073
154 0.0623 0.4326 0.2446 0.1965 0.0638
155 0.3145 0.5024 0.0718 0.0568 0.0546
156 0.1938 0.3887 0.2048 0.1725 0.0403
157 0.4492 0.3608 0.0722 0.0793 0.0383
158 0.0944 0.6255 0.1212 0.1053 0.0538
159 0.0630 0.7046 0.1584 0.0543 0.0197
160 0.0353 0.6924 0.1451 0.1184 0.0089
161 0.0632 0.7881 0.0963 0.0428 0.0098
162 0.0866 0.7310 0.0894 0.0654 0.0275
163 0.2810 0.2788 0.1414 0.2620 0.0369
164 0.1418 0.2820 0.1282 0.4233 0.0246
165 0.1125 0.5898 0.2291 0.0421 0.0265
166 0.1843 0.4387 0.1589 0.1746 0.0435
167 0.1345 0.4998 0.0961 0.2493 0.0205
168 0.2252 0.4844 0.1754 0.0946 0.0205
169 0.1194 0.0702 0.2319 0.5649 0.0135
170 0.2148 0.1123 0.2959 0.3352 0.0417
171 0.1147 0.1921 0.3169 0.3535 0.0229
172 0.0892 0.1846 0.5425 0.1654 0.0183
173 0.1100 0.2172 0.2854 0.2461 0.1414
174 0.1113 0.1670 0.3647 0.2776 0.0795
175 0.1605 0.0901 0.2546 0.3145 0.1805
176 0.1506 0.3115 0.4192 0.0563 0.0623
177 0.3555 0.4224 0.1747 0.0399 0.0076
178 0.0987 0.2834 0.3015 0.1459 0.1705
179 0.0824 0.5947 0.1425 0.1576 0.0227
180 0.2556 0.1930 0.2496 0.2401 0.0617
181 0.2239 0.5811 0.1066 0.0240 0.0646
182 0.1112 0.3293 0.2144 0.2976 0.0475
183 0.3225 0.4272 0.1196 0.0889 0.0417
184 0.3853 0.2954 0.1820 0.1175 0.0198
185 0.2539 0.0562 0.2330 0.3110 0.1458
186 0.4507 0.1241 0.2374 0.0665 0.1213
187 0.0116 0.1059 0.7017 0.1591 0.0219
188 0.0405 0.2947 0.5420 0.0906 0.0325
189 0.1542 0.3264 0.1472 0.1904 0.1818
190 0.1516 0.2766 0.1208 0.3694 0.0818
191 0.1807 0.4136 0.1807 0.1606 0.0644
192 0.0302 0.5225 0.3481 0.0930 0.0061
193 0.2520 0.4353 0.1163 0.1208 0.0756
194 0.0775 0.2996 0.1890 0.3240 0.1102
195 0.3708 0.2712 0.1954 0.0342 0.1282
196 0.0806 0.2642 0.2559 0.1248 0.2747
197 0.3184 0.2384 0.0780 0.3416 0.0238
198 0.3293 0.1439 0.1891 0.1394 0.1982
199 0.2455 0.0616 0.0635 0.4958 0.1334
200 0.1404 0.4460 0.3018 0.0793 0.0323
201 0.3345 0.3730 0.1832 0.0801 0.0292
202 0.0997 0.3733 0.2817 0.0989 0.1462
203 0.2068 0.3987 0.2289 0.0310 0.1346
204 0.2122 0.1541 0.0851 0.3782 0.1705
205 0.1364 0.1292 0.0901 0.4873 0.1570
206 0.1797 0.3657 0.1040 0.3032 0.0472
207 0.0838 0.3813 0.4060 0.0711 0.0576
208 0.0928 0.3643 0.4160 0.0546 0.0723
209 0.0980 0.3967 0.3557 0.0643 0.0851
210 0.0956 0.4705 0.1772 0.1458 0.1109
211 0.0955 0.3413 0.2764 0.1456 0.1411
212 0.1135 0.4668 0.2722 0.0877 0.0598
213 0.1990 0.1743 0.0626 0.3386 0.2255
214 0.2104 0.2922 0.0919 0.3635 0.0418
215 0.2104 0.2922 0.0919 0.3635 0.0418
216 0.2037 0.2830 0.2496 0.2310 0.0327
217 0.2037 0.2830 0.2496 0.2310 0.0327
218 0.2037 0.2830 0.2496 0.2310 0.0327
219 0.2037 0.2830 0.2496 0.2310 0.0327
220 0.2037 0.2830 0.2496 0.2310 0.0327
221 0.2037 0.2830 0.2496 0.2310 0.0327
222 0.2037 0.2830 0.2496 0.2310 0.0327
223 0.2037 0.2830 0.2496 0.2310 0.0327
224 0.2037 0.2830 0.2496 0.2310 0.0327
