time exciting_prob fearful_prob tense_prob sad_prob relaxing_prob
0 0.2037 0.2830 0.2496 0.2310 0.0327
1 0.0304 0.0840 0.3826 0.4912 0.0118
2 0.0298 0.0947 0.2167 0.6470 0.0120
3 0.0182 0.2419 0.2874 0.4116 0.0408
4 0.0175 0.2357 0.3594 0.3540 0.0334
5 0.1951 0.2751 0.4980 0.0238 0.0080
6 0.0930 0.4578 0.3457 0.0736 0.0300
7 0.0569 0.3223 0.4475 0.1323 0.0410
8 0.0802 0.0895 0.3652 0.4336 0.0314
9 0.0429 0.1046 0.2588 0.5396 0.0543
10 0.1218 0.1338 0.3362 0.3870 0.0213
11 0.0294 0.1360 0.2925 0.5298 0.0126
12 0.1779 0.3765 0.3621 0.0696 0.0137
13 0.0975 0.4543 0.3171 0.0938 0.0373
14 0.0364 0.1176 0.3245 0.5186 0.0030
15 0.0488 0.2085 0.2678 0.4556 0.0194
16 0.0408 0.5127 0.2008 0.2312 0.0144
17 0.0258 0.3369 0.5342 0.0958 0.0076
18 0.2034 0.0263 0.3459 0.3740 0.0506
19 0.0862 0.1125 0.3928 0.3748 0.0338
20 0.0536 0.1326 0.3928 0.4116 0.0095
21 0.1111 0.3877 0.4570 0.0276 0.0165
22 0.0497 0.2795 0.6504 0.0154 0.0050
23 0.0450 0.5610 0.3003 0.0795 0.0144
24 0.0194 0.1537 0.3464 0.4661 0.0145
25 0.0603 0.2581 0.4673 0.2090 0.0054
26 0.0428 0.1564 0.3872 0.3994 0.0143
27 0.0313 0.2103 0.7007 0.0488 0.0090
28 0.0474 0.2542 0.5952 0.0858 0.0176
29 0.0338 0.2290 0.6079 0.1235 0.0056
30 0.0331 0.2411 0.6553 0.0644 0.0060
31 0.0276 0.1975 0.4666 0.2964 0.0120
32 0.0248 0.3530 0.4531 0.1642 0.0048
33 0.0226 0.4636 0.4495 0.0613 0.0032
34 0.0665 0.4204 0.3540 0.0854 0.0736
35 0.0428 0.0114 0.8594 0.0775 0.0091
36 0.1586 0.0557 0.4590 0.2871 0.0395
37 0.0943 0.0381 0.4192 0.4258 0.0226
38 0.0230 0.2112 0.7256 0.0382 0.0019
39 0.0285 0.3589 0.3850 0.2161 0.0114
40 0.0572 0.0525 0.7188 0.1630 0.0086
41 0.0508 0.0349 0.7119 0.2008 0.0019
42 0.1078 0.0753 0.2795 0.5142 0.0233
43 0.0273 0.0976 0.5703 0.2869 0.0181
44 0.0787 0.2407 0.6006 0.0643 0.0157
45 0.0202 0.2351 0.4497 0.2583 0.0369
46 0.0305 0.2800 0.6118 0.0676 0.0102
47 0.0532 0.4854 0.4150 0.0424 0.0040
48 0.0568 0.0347 0.8218 0.0723 0.0146
49 0.1957 0.0868 0.5156 0.1896 0.0125
50 0.0534 0.4507 0.3401 0.1375 0.0183
51 0.0923 0.3171 0.3376 0.2303 0.0224
52 0.0788 0.1260 0.3589 0.4004 0.0361
53 0.1465 0.5356 0.2358 0.0606 0.0216
54 0.0746 0.1655 0.5430 0.1763 0.0406
55 0.0941 0.0756 0.2559 0.5249 0.0492
56 0.0955 0.0646 0.7275 0.0876 0.0247
57 0.0691 0.1632 0.5435 0.1879 0.0364
58 0.0685 0.2300 0.4504 0.2300 0.0211
59 0.0461 0.3357 0.5366 0.0720 0.0095
60 0.0297 0.4639 0.4224 0.0781 0.0058
61 0.0544 0.3713 0.4209 0.1254 0.0282
62 0.1233 0.2913 0.3682 0.1956 0.0218
63 0.0646 0.5122 0.2515 0.1467 0.0251
64 0.0111 0.2012 0.6494 0.1339 0.0046
65 0.0338 0.1316 0.5806 0.2458 0.0083
66 0.0096 0.1713 0.5112 0.3054 0.0024
67 0.0128 0.3496 0.5854 0.0496 0.0024
68 0.0261 0.1390 0.5249 0.2852 0.0249
69 0.0779 0.4482 0.3833 0.0348 0.0557
70 0.1228 0.1873 0.4353 0.2258 0.0289
71 0.1758 0.4385 0.2620 0.0971 0.0267
72 0.0958 0.3318 0.4827 0.0764 0.0133
73 0.1407 0.3220 0.4368 0.0543 0.0461
74 0.0454 0.2917 0.5493 0.1089 0.0049
75 0.0912 0.5947 0.2520 0.0428 0.0191
76 0.0319 0.2861 0.4434 0.2111 0.0275
77 0.1117 0.2876 0.4854 0.0850 0.0305
78 0.0504 0.4258 0.3213 0.1591 0.0435
79 0.0272 0.2974 0.5386 0.1240 0.0127
80 0.1075 0.3210 0.3696 0.1181 0.0837
81 0.0505 0.1508 0.7310 0.0591 0.0089
82 0.0377 0.4241 0.4587 0.0737 0.0058
83 0.0457 0.2305 0.5977 0.1187 0.0072
84 0.0263 0.1686 0.4106 0.3740 0.0204
85 0.0303 0.2347 0.4817 0.2499 0.0033
86 0.0123 0.2668 0.6016 0.1130 0.0061
87 0.1639 0.5293 0.2600 0.0155 0.0315
88 0.0710 0.2598 0.4119 0.2040 0.0532
89 0.0075 0.2120 0.7402 0.0349 0.0056
90 0.1710 0.1006 0.4951 0.2096 0.0237
91 0.1675 0.0810 0.5889 0.1477 0.0149
92 0.0131 0.3062 0.4055 0.2659 0.0092
93 0.0420 0.4109 0.3354 0.2067 0.0052
94 0.0226 0.3945 0.4199 0.1545 0.0084
95 0.0633 0.4097 0.3760 0.1383 0.0128
96 0.0730 0.5269 0.3428 0.0538 0.0038
97 0.0367 0.0815 0.4995 0.3711 0.0110
98 0.0812 0.1859 0.2075 0.4976 0.0276
99 0.0368 0.2537 0.5122 0.1914 0.0061
100 0.0699 0.2876 0.4524 0.1600 0.0301
101 0.0997 0.2908 0.4612 0.1166 0.0316
102 0.0803 0.4553 0.4146 0.0491 0.0009
103 0.0352 0.0906 0.6489 0.2207 0.0047
104 0.0456 0.1694 0.3115 0.4604 0.0130
105 0.0103 0.4341 0.5073 0.0457 0.0025
106 0.0398 0.1143 0.3750 0.4453 0.0257
107 0.0451 0.2783 0.6128 0.0544 0.0093
108 0.0348 0.3430 0.5610 0.0468 0.0143
109 0.0594 0.5903 0.2878 0.0500 0.0124
110 0.0552 0.3357 0.5239 0.0621 0.0228
111 0.1608 0.2981 0.4270 0.0596 0.0547
112 0.0273 0.2018 0.7100 0.0522 0.0089
113 0.1844 0.2705 0.3999 0.1060 0.0393
114 0.2644 0.1890 0.2563 0.2603 0.0299
115 0.0544 0.1676 0.6328 0.1400 0.0053
116 0.0558 0.2947 0.5171 0.1190 0.0136
117 0.0562 0.5669 0.2742 0.0970 0.0054
118 0.1080 0.1453 0.5112 0.2198 0.0159
119 0.0953 0.3516 0.4958 0.0286 0.0286
120 0.0166 0.1708 0.7539 0.0568 0.0021
121 0.0054 0.2585 0.7139 0.0202 0.0019
122 0.1156 0.3118 0.3618 0.2013 0.0094
123 0.0152 0.3899 0.5415 0.0481 0.0053
124 0.0886 0.4004 0.4573 0.0460 0.0076
125 0.0279 0.1543 0.7778 0.0326 0.0076
126 0.1171 0.3809 0.2852 0.0941 0.1227
127 0.1510 0.2489 0.4104 0.1311 0.0587
128 0.0925 0.2102 0.5083 0.1549 0.0343
129 0.0825 0.2445 0.4426 0.2158 0.0145
130 0.1010 0.1799 0.2537 0.4453 0.0200
131 0.0316 0.2822 0.5791 0.0888 0.0183
132 0.1691 0.2206 0.3159 0.2559 0.0386
133 0.0777 0.2910 0.2712 0.3401 0.0200
134 0.1556 0.2144 0.2527 0.3589 0.0184
135 0.1102 0.2351 0.2261 0.4031 0.0258
136 0.0515 0.0693 0.1914 0.6787 0.0090
137 0.0888 0.2571 0.2491 0.3918 0.0130
138 0.0411 0.1237 0.4778 0.3208 0.0366
139 0.0585 0.2747 0.4976 0.1085 0.0608
140 0.0684 0.1339 0.6289 0.1542 0.0147
141 0.1094 0.1876 0.2335 0.4329 0.0367
142 0.0717 0.1890 0.2927 0.4258 0.0207
143 0.0749 0.0635 0.2695 0.5796 0.0123
144 0.0271 0.0475 0.1070 0.7905 0.0279
145 0.0288 0.4651 0.4688 0.0201 0.0171
146 0.0474 0.1720 0.4060 0.3188 0.0558
147 0.0340 0.3831 0.2396 0.3379 0.0054
148 0.0448 0.6279 0.2744 0.0511 0.0019
149 0.0305 0.3379 0.3225 0.2891 0.0200
150 0.0759 0.4231 0.4038 0.0670 0.0302
151 0.0224 0.1981 0.2859 0.4604 0.0331
152 0.0713 0.0820 0.3347 0.5024 0.0093
153 0.1470 0.1154 0.2424 0.4858 0.0093
154 0.1099 0.2595 0.5161 0.0536 0.0607
155 0.1514 0.3494 0.4053 0.0798 0.0143
156 0.1021 0.4612 0.2488 0.1533 0.0345
157 0.1047 0.1421 0.5034 0.2252 0.0243
158 0.0345 0.2717 0.3713 0.1838 0.1388
159 0.0414 0.2480 0.3811 0.2681 0.0612
160 0.1475 0.2734 0.4402 0.1078 0.0311
161 0.0198 0.1055 0.5884 0.2822 0.0043
162 0.0836 0.3960 0.2966 0.2054 0.0185
163 0.0572 0.5425 0.3240 0.0723 0.0037
164 0.0313 0.1842 0.7173 0.0580 0.0091
165 0.0637 0.0678 0.1083 0.7285 0.0315
166 0.0611 0.3054 0.5840 0.0450 0.0047
167 0.0655 0.2323 0.3379 0.2673 0.0969
168 0.0356 0.3647 0.3823 0.1953 0.0221
169 0.0842 0.2362 0.5493 0.1099 0.0205
170 0.2310 0.3748 0.3181 0.0511 0.0249
171 0.0169 0.2108 0.7021 0.0638 0.0062
172 0.0633 0.1259 0.3699 0.3530 0.0879
173 0.0876 0.2203 0.5288 0.0919 0.0715
174 0.0639 0.2430 0.4470 0.2014 0.0446
175 0.1608 0.5654 0.2339 0.0256 0.0142
176 0.0439 0.3975 0.4299 0.1157 0.0131
177 0.0242 0.5645 0.3589 0.0428 0.0096
178 0.2014 0.1139 0.3706 0.2798 0.0345
179 0.0500 0.0508 0.7119 0.1772 0.0100
180 0.0468 0.0195 0.2128 0.7090 0.0122
181 0.0246 0.1580 0.7080 0.1020 0.0076
182 0.0746 0.7085 0.1833 0.0184 0.0152
183 0.0670 0.4236 0.4441 0.0450 0.0203
184 0.0863 0.2920 0.4854 0.1135 0.0229
185 0.0071 0.1039 0.8306 0.0574 0.0009
186 0.0383 0.3774 0.4922 0.0889 0.0030
187 0.1699 0.4583 0.3030 0.0314 0.0376
188 0.0917 0.1989 0.1727 0.5117 0.0251
189 0.2045 0.1138 0.4753 0.1593 0.0471
190 0.1331 0.2391 0.3762 0.2281 0.0235
191 0.0586 0.1362 0.2585 0.4905 0.0563
192 0.0458 0.4849 0.4148 0.0325 0.0222
193 0.2042 0.3875 0.2881 0.0613 0.0590
194 0.0225 0.2681 0.5010 0.1901 0.0184
195 0.0831 0.1306 0.4153 0.3496 0.0215
196 0.1919 0.1919 0.2974 0.3020 0.0169
197 0.0470 0.1425 0.6240 0.1759 0.0107
198 0.0520 0.2925 0.3501 0.2856 0.0199
199 0.0619 0.2063 0.5479 0.1724 0.0118
200 0.0553 0.2439 0.5581 0.1285 0.0141
201 0.1653 0.0757 0.3904 0.2856 0.0831
202 0.4470 0.2247 0.2468 0.0246 0.0568
203 0.2008 0.2347 0.4817 0.0374 0.0455
204 0.1548 0.0480 0.0954 0.6831 0.0186
205 0.1466 0.4412 0.3105 0.0761 0.0255
206 0.0299 0.2502 0.5640 0.1393 0.0169
207 0.0909 0.1185 0.5029 0.2629 0.0247
208 0.0811 0.2308 0.5713 0.0925 0.0241
209 0.1567 0.4260 0.3044 0.0482 0.0648
210 0.0475 0.2976 0.5649 0.0770 0.0132
211 0.0110 0.2632 0.7046 0.0195 0.0016
212 0.3010 0.1715 0.1688 0.2698 0.0890
