time exciting_prob fearful_prob tense_prob sad_prob relaxing_prob
0 0.2037 0.2830 0.2496 0.2310 0.0327
1 0.0784 0.1141 0.1823 0.5977 0.0275
2 0.0616 0.1929 0.3958 0.2556 0.0940
3 0.0530 0.0649 0.2338 0.6157 0.0326
4 0.0977 0.0565 0.2418 0.5713 0.0327
5 0.1403 0.0762 0.3418 0.2878 0.1541
6 0.1447 0.0612 0.2620 0.4524 0.0798
7 0.1937 0.0311 0.1486 0.5786 0.0482
8 0.0589 0.0857 0.3496 0.4780 0.0278
9 0.0997 0.1147 0.4070 0.3218 0.0568
10 0.0375 0.3140 0.3669 0.2522 0.0292
11 0.0659 0.4231 0.2908 0.1968 0.0235
12 0.0147 0.4797 0.2412 0.2568 0.0075
13 0.0051 0.0963 0.0401 0.8579 0.0008
14 0.1404 0.4224 0.3557 0.0281 0.0537
15 0.1017 0.0699 0.4856 0.2122 0.1306
16 0.1544 0.0840 0.3025 0.2046 0.2546
17 0.0292 0.1843 0.4285 0.3389 0.0191
18 0.0627 0.0780 0.3040 0.5088 0.0466
19 0.1288 0.1627 0.4636 0.2190 0.0258
20 0.1382 0.0980 0.4192 0.3018 0.0428
21 0.1089 0.1215 0.4241 0.3008 0.0447
22 0.2161 0.2336 0.1175 0.3794 0.0534
23 0.1460 0.0628 0.4160 0.3672 0.0081
24 0.0868 0.3125 0.2551 0.1621 0.1837
25 0.0392 0.2988 0.3835 0.2678 0.0106
26 0.0416 0.1750 0.4070 0.3647 0.0118
27 0.0458 0.2117 0.2676 0.4697 0.0053
28 0.0283 0.2335 0.4229 0.2905 0.0246
29 0.0436 0.1313 0.5981 0.1824 0.0447
30 0.0477 0.2744 0.5898 0.0652 0.0229
31 0.1014 0.0707 0.3650 0.4268 0.0361
32 0.0128 0.3076 0.6411 0.0237 0.0147
33 0.2654 0.0749 0.2961 0.3462 0.0175
34 0.0473 0.1208 0.4778 0.3389 0.0154
35 0.0315 0.1357 0.3689 0.4592 0.0047
36 0.1389 0.0312 0.5669 0.2477 0.0152
37 0.1220 0.2316 0.5342 0.0701 0.0422
38 0.0395 0.1421 0.7163 0.0869 0.0155
39 0.0591 0.1725 0.6357 0.1140 0.0185
40 0.0383 0.2537 0.6372 0.0484 0.0223
41 0.0629 0.2605 0.5869 0.0390 0.0505
42 0.0482 0.2012 0.6597 0.0474 0.0439
43 0.0734 0.1627 0.2156 0.1577 0.3904
44 0.0700 0.1874 0.2296 0.1035 0.4094
45 0.0833 0.2449 0.1877 0.1332 0.3508
46 0.1492 0.0762 0.3992 0.3208 0.0549
47 0.1676 0.0732 0.4927 0.2086 0.0579
48 0.1104 0.3850 0.3242 0.0758 0.1044
49 0.1449 0.4062 0.3020 0.0435 0.1035
50 0.0847 0.3403 0.3298 0.0834 0.1620
51 0.1919 0.3816 0.3020 0.0100 0.1146
52 0.1404 0.3584 0.3367 0.0054 0.1591
53 0.1722 0.2178 0.3591 0.2429 0.0078
54 0.1167 0.1725 0.5654 0.1030 0.0423
55 0.2086 0.3521 0.2327 0.0107 0.1959
56 0.2150 0.3279 0.3176 0.0070 0.1324
57 0.2076 0.2263 0.3142 0.1012 0.1508
58 0.0775 0.1589 0.6143 0.1257 0.0236
59 0.0542 0.4988 0.3706 0.0639 0.0126
60 0.1201 0.0567 0.5215 0.2791 0.0226
61 0.1143 0.0507 0.3203 0.4810 0.0338
62 0.1453 0.0410 0.4473 0.3074 0.0591
63 0.2634 0.1478 0.3464 0.1490 0.0933
64 0.0842 0.2202 0.4312 0.2576 0.0070
65 0.0890 0.1855 0.4927 0.2135 0.0193
66 0.1171 0.2942 0.4314 0.1161 0.0411
67 0.0280 0.0784 0.6987 0.1896 0.0054
68 0.0575 0.1116 0.5986 0.1898 0.0424
69 0.0389 0.0856 0.4485 0.2849 0.1422
70 0.1975 0.0850 0.3662 0.2966 0.0548
71 0.0352 0.1329 0.6592 0.1483 0.0242
72 0.0037 0.2864 0.3347 0.3735 0.0018
73 0.0035 0.2314 0.2881 0.4749 0.0021
74 0.0389 0.0843 0.4629 0.3721 0.0417
75 0.2861 0.1417 0.2908 0.1362 0.1450
76 0.2205 0.0891 0.3469 0.3062 0.0374
77 0.1243 0.0526 0.4207 0.3772 0.0253
78 0.0406 0.2227 0.6445 0.0723 0.0201
79 0.0594 0.1219 0.5864 0.1720 0.0604
80 0.0484 0.1990 0.5244 0.1885 0.0398
81 0.0657 0.1504 0.5679 0.1504 0.0657
82 0.0166 0.0631 0.3989 0.5044 0.0173
83 0.0837 0.1381 0.4387 0.2832 0.0562
84 0.0360 0.1339 0.6641 0.1426 0.0233
85 0.1847 0.2524 0.3674 0.1147 0.0807
86 0.1395 0.2585 0.4331 0.0959 0.0729
87 0.0328 0.0878 0.7588 0.1043 0.0160
88 0.0538 0.0959 0.7197 0.1175 0.0131
89 0.2238 0.1526 0.4346 0.1125 0.0767
90 0.1910 0.1522 0.4172 0.1365 0.1030
91 0.1519 0.0563 0.2244 0.5137 0.0537
92 0.0726 0.0784 0.6621 0.1512 0.0359
93 0.0308 0.1414 0.5254 0.2559 0.0466
94 0.0779 0.0743 0.4211 0.4019 0.0247
95 0.0296 0.2900 0.4634 0.2122 0.0050
96 0.0657 0.2256 0.4775 0.2119 0.0191
97 0.0411 0.3638 0.4744 0.0994 0.0215
98 0.0542 0.3425 0.4907 0.0826 0.0297
99 0.0999 0.4172 0.4373 0.0188 0.0271
100 0.0677 0.0636 0.3494 0.5083 0.0111
101 0.1998 0.5264 0.1231 0.1270 0.0237
102 0.0952 0.1193 0.2908 0.4871 0.0078
103 0.0578 0.3540 0.3376 0.2395 0.0111
104 0.0562 0.4888 0.2102 0.2383 0.0066
105 0.0428 0.4863 0.1996 0.2625 0.0090
106 0.0448 0.2559 0.4780 0.2155 0.0056
107 0.0271 0.1232 0.6714 0.1522 0.0260
108 0.0262 0.2000 0.5649 0.1835 0.0254
109 0.0393 0.1997 0.6968 0.0509 0.0133
110 0.1060 0.1642 0.4827 0.1951 0.0521
111 0.0437 0.1479 0.7749 0.0225 0.0110
112 0.0131 0.0551 0.3796 0.5435 0.0087
113 0.0181 0.0750 0.7397 0.1575 0.0095
114 0.0100 0.1442 0.5112 0.3298 0.0049
115 0.0135 0.0870 0.6738 0.2054 0.0203
116 0.0469 0.1008 0.6777 0.1489 0.0255
117 0.0149 0.1682 0.4792 0.2954 0.0422
118 0.0426 0.1522 0.6309 0.1499 0.0243
119 0.0300 0.0814 0.6924 0.1807 0.0154
120 0.0266 0.1692 0.7349 0.0576 0.0117
121 0.0452 0.0613 0.2316 0.6294 0.0326
122 0.0356 0.3152 0.4880 0.1512 0.0098
123 0.0528 0.2722 0.4595 0.1718 0.0438
124 0.1440 0.1251 0.3401 0.3679 0.0228
125 0.1698 0.0471 0.3323 0.3948 0.0560
126 0.1154 0.0306 0.5864 0.2260 0.0418
127 0.0735 0.1580 0.3616 0.3118 0.0951
128 0.0487 0.2452 0.4878 0.2034 0.0148
129 0.0207 0.2729 0.3093 0.3911 0.0058
130 0.0157 0.1932 0.5503 0.2368 0.0037
131 0.0263 0.3052 0.5112 0.1409 0.0164
132 0.0114 0.3044 0.6152 0.0638 0.0054
133 0.1215 0.0565 0.5981 0.1560 0.0681
134 0.1476 0.1063 0.4915 0.1780 0.0765
135 0.0227 0.2124 0.5957 0.1654 0.0038
136 0.0231 0.1405 0.6011 0.2317 0.0038
137 0.1647 0.0953 0.3125 0.3379 0.0895
138 0.0603 0.1276 0.6089 0.1613 0.0421
139 0.0726 0.0621 0.5894 0.2698 0.0062
140 0.0677 0.1188 0.7393 0.0721 0.0022
141 0.0382 0.1039 0.4956 0.3569 0.0051
142 0.0477 0.0844 0.6436 0.2189 0.0055
143 0.0564 0.0735 0.7085 0.1533 0.0081
144 0.0204 0.0201 0.1556 0.8032 0.0008
145 0.0488 0.1346 0.5410 0.2720 0.0035
146 0.1697 0.0464 0.0814 0.6924 0.0098
147 0.1627 0.0584 0.0694 0.7065 0.0029
148 0.1654 0.0763 0.0787 0.6748 0.0045
149 0.0877 0.1664 0.3992 0.3208 0.0259
150 0.0438 0.4060 0.2834 0.2388 0.0278
151 0.1215 0.0875 0.3352 0.4109 0.0450
152 0.1354 0.1213 0.2568 0.4368 0.0498
153 0.1219 0.1239 0.2581 0.4602 0.0358
154 0.0698 0.0883 0.1869 0.6523 0.0028
155 0.2366 0.2440 0.2188 0.2898 0.0109
156 0.1483 0.2091 0.4863 0.0845 0.0717
157 0.1210 0.3447 0.3613 0.0609 0.1119
158 0.0292 0.1736 0.3193 0.4646 0.0135
159 0.0489 0.2174 0.5864 0.1182 0.0292
160 0.1096 0.1984 0.5874 0.0765 0.0281
161 0.1609 0.0225 0.1559 0.6567 0.0042
162 0.1794 0.1465 0.2913 0.3740 0.0089
163 0.1273 0.1107 0.3354 0.4175 0.0089
164 0.2382 0.1490 0.2617 0.3467 0.0045
165 0.2030 0.1342 0.2732 0.3562 0.0334
166 0.0213 0.0926 0.7173 0.1550 0.0139
167 0.0924 0.2183 0.4016 0.2632 0.0245
168 0.1575 0.0925 0.1599 0.5581 0.0320
169 0.2029 0.1004 0.5962 0.0581 0.0425
170 0.1055 0.0364 0.0506 0.8037 0.0036
171 0.2362 0.1422 0.0939 0.5239 0.0036
172 0.2313 0.1470 0.0637 0.5547 0.0032
173 0.0641 0.2185 0.6128 0.0607 0.0440
174 0.2964 0.1246 0.5122 0.0434 0.0232
175 0.0111 0.2159 0.4099 0.3560 0.0071
176 0.1345 0.1047 0.3435 0.3953 0.0221
177 0.0934 0.0576 0.2423 0.5903 0.0162
178 0.1416 0.0629 0.2773 0.4866 0.0316
179 0.0698 0.1047 0.1837 0.6313 0.0105
180 0.1204 0.1429 0.1923 0.5312 0.0134
181 0.0667 0.1914 0.2576 0.4053 0.0792
182 0.0912 0.0768 0.4089 0.4089 0.0140
183 0.1963 0.0590 0.2058 0.5171 0.0217
184 0.1901 0.2478 0.3335 0.1991 0.0296
185 0.0592 0.0307 0.0457 0.8633 0.0010
186 0.0651 0.0672 0.0473 0.8184 0.0020
187 0.1031 0.0925 0.0754 0.7271 0.0018
188 0.0540 0.3635 0.4968 0.0622 0.0236
189 0.0989 0.3503 0.4866 0.0497 0.0145
190 0.0934 0.4026 0.4219 0.0567 0.0253
191 0.0654 0.1260 0.5474 0.2546 0.0068
192 0.2856 0.1350 0.3501 0.0689 0.1603
193 0.2148 0.1597 0.3770 0.1547 0.0939
194 0.0215 0.6523 0.2290 0.0925 0.0048
195 0.0510 0.2080 0.2284 0.2146 0.2979
196 0.0764 0.3760 0.2175 0.0950 0.2352
197 0.0844 0.1931 0.4492 0.2480 0.0253
198 0.0542 0.3193 0.3792 0.1936 0.0538
199 0.0418 0.1528 0.7349 0.0438 0.0268
200 0.0463 0.2156 0.6240 0.0781 0.0363
201 0.1793 0.1510 0.2130 0.4106 0.0461
202 0.0678 0.1209 0.1963 0.5771 0.0381
203 0.0844 0.0781 0.1903 0.6045 0.0424
204 0.0605 0.1521 0.4685 0.1984 0.1204
205 0.1034 0.1504 0.3723 0.2189 0.1552
206 0.0674 0.1696 0.4329 0.2930 0.0372
207 0.1268 0.1155 0.2522 0.4788 0.0268
208 0.0589 0.1873 0.2122 0.5171 0.0246
209 0.0612 0.0837 0.2703 0.5635 0.0215
210 0.0732 0.0720 0.2118 0.6226 0.0206
211 0.0584 0.0549 0.1857 0.6689 0.0323
212 0.1169 0.0816 0.3545 0.4080 0.0392
213 0.1470 0.0303 0.2703 0.5049 0.0477
214 0.1738 0.1105 0.2910 0.3052 0.1194
215 0.0364 0.0860 0.3735 0.4722 0.0321
216 0.1182 0.0751 0.3755 0.2747 0.1565
217 0.0646 0.2291 0.2808 0.1266 0.2988
218 0.0466 0.1050 0.1436 0.1190 0.5859
219 0.2229 0.5967 0.0582 0.0350 0.0873
220 0.2229 0.5967 0.0582 0.0350 0.0873
221 0.2229 0.5967 0.0582 0.0350 0.0873
222 0.2218 0.6030 0.0579 0.0325 0.0848
