time exciting_prob fearful_prob tense_prob sad_prob relaxing_prob
0 0.2725 0.3936 0.0739 0.2242 0.0358
1 0.0723 0.2949 0.2227 0.3845 0.0256
2 0.0602 0.4080 0.3228 0.2019 0.0072
3 0.0839 0.2352 0.5059 0.1694 0.0056
4 0.2281 0.3293 0.3293 0.0936 0.0196
5 0.1218 0.2104 0.3811 0.2172 0.0694
6 0.2502 0.3188 0.2996 0.1210 0.0105
7 0.1061 0.1736 0.4363 0.2817 0.0024
8 0.1238 0.1403 0.2350 0.4600 0.0408
9 0.0599 0.0689 0.4094 0.4358 0.0262
10 0.0283 0.5259 0.1604 0.2729 0.0126
11 0.3867 0.3359 0.1161 0.1445 0.0165
12 0.2534 0.6372 0.0561 0.0488 0.0044
13 0.4922 0.0444 0.0104 0.4482 0.0048
14 0.2795 0.1722 0.1260 0.3589 0.0634
15 0.0716 0.0575 0.0175 0.0956 0.7578
16 0.0728 0.1085 0.0399 0.0769 0.7017
17 0.0512 0.0878 0.0445 0.1154 0.7012
18 0.0570 0.0499 0.0424 0.0761 0.7744
19 0.0579 0.0465 0.0280 0.0553 0.8120
20 0.0527 0.0427 0.0186 0.0552 0.8306
21 0.0728 0.0942 0.0375 0.1102 0.6855
22 0.1433 0.1226 0.3179 0.3081 0.1082
23 0.1505 0.5591 0.0892 0.1565 0.0445
24 0.0938 0.7373 0.0938 0.0422 0.0331
25 0.0793 0.2766 0.4780 0.1528 0.0130
26 0.0707 0.3120 0.4609 0.1428 0.0135
27 0.0534 0.4614 0.2888 0.1864 0.0100
28 0.0179 0.0390 0.0350 0.9019 0.0065
29 0.1135 0.6382 0.1359 0.0594 0.0532
30 0.2333 0.3291 0.2141 0.0633 0.1604
31 0.1659 0.3767 0.0991 0.2302 0.1282
32 0.0883 0.1783 0.4414 0.2805 0.0114
33 0.0192 0.0210 0.0590 0.8950 0.0059
34 0.0900 0.2563 0.2335 0.3850 0.0350
35 0.0614 0.1982 0.4197 0.3071 0.0137
36 0.0457 0.0304 0.0309 0.0707 0.8223
37 0.1981 0.1891 0.2428 0.3477 0.0222
38 0.1075 0.3755 0.3018 0.1887 0.0266
39 0.0278 0.0045 0.0087 0.0995 0.8594
40 0.0403 0.0074 0.0119 0.1053 0.8350
41 0.0514 0.0073 0.0214 0.1344 0.7856
42 0.0683 0.0459 0.1075 0.7344 0.0438
43 0.0415 0.0268 0.0260 0.8662 0.0396
44 0.0556 0.2676 0.3657 0.3032 0.0081
45 0.1721 0.0648 0.3477 0.4062 0.0092
46 0.3496 0.1801 0.2311 0.2275 0.0116
47 0.1030 0.2000 0.3049 0.3735 0.0185
48 0.0941 0.0562 0.0580 0.7583 0.0336
49 0.0363 0.0178 0.0336 0.9072 0.0049
50 0.1903 0.1654 0.1288 0.3394 0.1760
51 0.1897 0.1622 0.3772 0.2554 0.0156
52 0.0726 0.1537 0.3408 0.4243 0.0085
53 0.0355 0.0201 0.0198 0.1775 0.7471
54 0.0333 0.0202 0.0249 0.2422 0.6792
55 0.1216 0.0519 0.0503 0.6523 0.1236
56 0.0292 0.0091 0.0277 0.0173 0.9165
57 0.0874 0.4304 0.1464 0.2164 0.1195
58 0.3416 0.2966 0.2153 0.0877 0.0589
59 0.1453 0.0708 0.1323 0.6313 0.0204
60 0.0254 0.7485 0.1130 0.1078 0.0054
61 0.1831 0.0800 0.2174 0.4602 0.0594
62 0.0803 0.1398 0.3101 0.4512 0.0189
63 0.1210 0.1318 0.2642 0.0739 0.4092
64 0.4199 0.1104 0.2356 0.2096 0.0244
65 0.0345 0.0611 0.0592 0.8306 0.0146
66 0.0060 0.0177 0.0101 0.9644 0.0017
67 0.1333 0.1511 0.1686 0.5068 0.0400
68 0.0761 0.3333 0.2119 0.3386 0.0401
69 0.0312 0.2198 0.1940 0.5527 0.0024
70 0.0560 0.0518 0.1022 0.5703 0.2198
71 0.3064 0.0871 0.0885 0.4060 0.1119
72 0.2610 0.1620 0.1698 0.3484 0.0587
73 0.0873 0.1086 0.0375 0.7598 0.0066
74 0.1268 0.0467 0.3501 0.4031 0.0734
75 0.0723 0.1394 0.5176 0.2524 0.0183
76 0.0838 0.1844 0.4094 0.3042 0.0181
77 0.1372 0.0839 0.4360 0.3267 0.0163
78 0.2352 0.0633 0.2390 0.4294 0.0331
79 0.1448 0.1191 0.2683 0.4355 0.0323
80 0.2430 0.0644 0.1750 0.4834 0.0342
81 0.1279 0.1555 0.1936 0.4866 0.0364
82 0.0910 0.3381 0.2435 0.3152 0.0121
83 0.2771 0.4031 0.1530 0.1268 0.0402
84 0.2480 0.2620 0.0637 0.0818 0.3445
85 0.1993 0.3665 0.1163 0.0831 0.2349
86 0.1862 0.2729 0.0974 0.1342 0.3093
87 0.1605 0.2729 0.2566 0.3047 0.0054
88 0.0317 0.1672 0.6216 0.1780 0.0017
89 0.0709 0.1389 0.5283 0.2495 0.0122
90 0.0801 0.6704 0.0439 0.0659 0.1395
91 0.0848 0.3008 0.1700 0.4409 0.0034
92 0.1748 0.2427 0.3044 0.2729 0.0052
93 0.0925 0.3105 0.4050 0.1798 0.0120
94 0.1033 0.1066 0.2328 0.5498 0.0075
95 0.0906 0.2388 0.1350 0.3875 0.1482
96 0.1481 0.1100 0.2766 0.4351 0.0303
97 0.1791 0.0900 0.0997 0.5962 0.0350
98 0.1658 0.7261 0.0214 0.0660 0.0209
99 0.3369 0.2974 0.1192 0.1920 0.0546
100 0.0986 0.0516 0.0898 0.6484 0.1118
101 0.2013 0.0701 0.2013 0.5059 0.0214
102 0.1594 0.2145 0.4612 0.0974 0.0675
103 0.2188 0.1025 0.2311 0.3550 0.0927
104 0.1500 0.2067 0.1853 0.4241 0.0340
105 0.0923 0.1224 0.1809 0.5928 0.0114
106 0.1946 0.1075 0.2620 0.3752 0.0608
107 0.0614 0.2710 0.1036 0.5562 0.0080
108 0.3394 0.1802 0.1666 0.3018 0.0121
109 0.0693 0.0621 0.0507 0.4377 0.3804
110 0.2229 0.3398 0.1656 0.2688 0.0027
111 0.2296 0.3342 0.2445 0.1641 0.0276
112 0.0724 0.0311 0.0356 0.6978 0.1632
113 0.1005 0.0373 0.0577 0.6401 0.1644
114 0.1379 0.5459 0.1317 0.1370 0.0477
115 0.1166 0.6924 0.1261 0.0614 0.0035
116 0.1615 0.2443 0.1903 0.3904 0.0136
117 0.2437 0.4275 0.0211 0.2783 0.0296
118 0.0344 0.8325 0.0528 0.0576 0.0225
119 0.0103 0.6626 0.2805 0.0348 0.0119
120 0.1365 0.2113 0.0271 0.3857 0.2395
121 0.0241 0.6304 0.3025 0.0422 0.0006
122 0.2108 0.1708 0.0988 0.4395 0.0800
123 0.0221 0.0495 0.1729 0.5000 0.2554
124 0.1749 0.1833 0.0345 0.4868 0.1202
125 0.0806 0.0949 0.0652 0.5054 0.2542
126 0.3040 0.2404 0.1075 0.1931 0.1552
127 0.2333 0.0268 0.3669 0.3557 0.0173
128 0.1205 0.0882 0.4548 0.3276 0.0088
129 0.1189 0.0515 0.3184 0.4929 0.0184
130 0.1146 0.1309 0.1949 0.4978 0.0618
131 0.2036 0.1151 0.1133 0.5493 0.0188
132 0.3267 0.2227 0.3167 0.1299 0.0042
133 0.3667 0.0762 0.3784 0.1732 0.0055
134 0.1426 0.3340 0.4092 0.1060 0.0082
135 0.4412 0.3489 0.1636 0.0335 0.0128
136 0.5098 0.0609 0.2369 0.1578 0.0347
137 0.0175 0.0327 0.0154 0.9258 0.0087
138 0.0304 0.0359 0.0327 0.8823 0.0189
139 0.0434 0.0455 0.0558 0.8452 0.0099
140 0.0133 0.1759 0.1553 0.6538 0.0018
141 0.3123 0.0314 0.4761 0.1385 0.0416
142 0.2072 0.6187 0.0399 0.1190 0.0154
143 0.1926 0.5747 0.0687 0.1323 0.0314
144 0.0786 0.4592 0.1743 0.2517 0.0363
145 0.1852 0.0327 0.4583 0.3005 0.0235
146 0.2338 0.2230 0.2649 0.1670 0.1113
147 0.0728 0.0851 0.5054 0.3210 0.0157
148 0.0354 0.1514 0.1041 0.7002 0.0090
149 0.2096 0.0506 0.0713 0.5269 0.1418
150 0.3376 0.2671 0.0821 0.1365 0.1766
151 0.1479 0.3154 0.3633 0.1526 0.0208
152 0.1758 0.0792 0.3662 0.3494 0.0294
153 0.3284 0.3037 0.1017 0.1992 0.0667
154 0.0582 0.0160 0.0100 0.2064 0.7095
155 0.0552 0.0175 0.0110 0.2437 0.6729
156 0.0506 0.0267 0.0195 0.1595 0.7437
157 0.0501 0.0381 0.0137 0.1681 0.7300
158 0.0793 0.0987 0.3723 0.4424 0.0073
159 0.0433 0.0702 0.5698 0.3049 0.0116
160 0.1387 0.0518 0.3770 0.4141 0.0185
161 0.1564 0.2170 0.4968 0.1126 0.0173
162 0.0594 0.2279 0.5137 0.1775 0.0217
163 0.1062 0.1521 0.4761 0.2549 0.0109
164 0.0630 0.1780 0.1780 0.5747 0.0065
165 0.1454 0.1205 0.1523 0.5234 0.0583
166 0.0421 0.1542 0.1239 0.6694 0.0102
167 0.0381 0.2812 0.0885 0.5864 0.0060
168 0.2366 0.1539 0.2056 0.3962 0.0078
169 0.0953 0.1453 0.3076 0.4475 0.0045
170 0.3218 0.4683 0.0237 0.1406 0.0457
171 0.0692 0.0514 0.1407 0.4543 0.2844
172 0.0994 0.1704 0.3037 0.4087 0.0177
173 0.0722 0.0689 0.2173 0.6289 0.0128
174 0.1301 0.2112 0.2356 0.4006 0.0224
175 0.0806 0.1075 0.1026 0.6689 0.0402
176 0.2576 0.0374 0.1143 0.5806 0.0105
177 0.1575 0.0343 0.1368 0.6631 0.0082
178 0.0160 0.1140 0.0095 0.8032 0.0573
179 0.0184 0.0884 0.0106 0.8257 0.0566
180 0.1995 0.0679 0.3557 0.3188 0.0581
181 0.0837 0.2498 0.2039 0.4453 0.0175
182 0.1469 0.0830 0.1515 0.6133 0.0053
183 0.1453 0.2163 0.4370 0.1969 0.0046
184 0.0989 0.0237 0.5264 0.3506 0.0008
185 0.0853 0.0765 0.6206 0.2079 0.0098
186 0.0565 0.0302 0.6069 0.3005 0.0058
187 0.0546 0.2585 0.1819 0.4868 0.0183
188 0.1675 0.1099 0.4697 0.2476 0.0053
189 0.0732 0.2678 0.4487 0.2023 0.0080
190 0.1288 0.1802 0.5093 0.1494 0.0323
191 0.1858 0.1887 0.2878 0.2991 0.0386
192 0.0504 0.3386 0.2942 0.3037 0.0131
193 0.1130 0.0450 0.1805 0.6401 0.0212
194 0.1743 0.2363 0.1041 0.4702 0.0151
195 0.0607 0.3206 0.0469 0.5625 0.0092
196 0.1508 0.0361 0.1736 0.6348 0.0046
197 0.1888 0.1775 0.5425 0.0872 0.0042
198 0.1385 0.0771 0.4402 0.3376 0.0066
199 0.1707 0.2791 0.1085 0.1471 0.2947
200 0.1687 0.0687 0.2781 0.4805 0.0040
201 0.1053 0.0211 0.2095 0.6606 0.0035
202 0.0733 0.0508 0.2725 0.5420 0.0617
203 0.0518 0.0983 0.2083 0.6216 0.0200
204 0.2162 0.1570 0.1213 0.4834 0.0221
205 0.0421 0.0751 0.1042 0.6489 0.1298
206 0.0640 0.0736 0.3511 0.4951 0.0160
207 0.1743 0.3386 0.3440 0.1390 0.0039
208 0.0705 0.0511 0.2991 0.5674 0.0119
209 0.1255 0.0726 0.5454 0.2273 0.0293
210 0.3242 0.0258 0.3730 0.2605 0.0166
211 0.0377 0.0118 0.0131 0.2637 0.6738
212 0.0469 0.0181 0.0199 0.1691 0.7461
213 0.0193 0.0058 0.0211 0.9419 0.0117
214 0.1378 0.0850 0.5410 0.2310 0.0052
215 0.0943 0.2092 0.5342 0.1554 0.0069
216 0.1610 0.0263 0.1824 0.6270 0.0037
217 0.0905 0.0558 0.2900 0.5591 0.0050
218 0.0516 0.1359 0.0837 0.7119 0.0170
219 0.0666 0.7563 0.0221 0.1478 0.0072
220 0.0486 0.0801 0.1451 0.7031 0.0231
221 0.0373 0.2231 0.0284 0.6357 0.0753
222 0.0986 0.0768 0.4089 0.4026 0.0131
223 0.0458 0.0461 0.0234 0.2068 0.6777
224 0.0578 0.0534 0.0304 0.2610 0.5972
225 0.0612 0.0444 0.0236 0.1423 0.7285
226 0.0425 0.0336 0.0260 0.2333 0.6646
227 0.1321 0.2527 0.1631 0.3000 0.1521
228 0.1787 0.2900 0.1110 0.4092 0.0109
229 0.1548 0.1866 0.3328 0.3176 0.0083
230 0.2150 0.0785 0.1853 0.4922 0.0291
231 0.1945 0.4084 0.0955 0.2458 0.0557
232 0.0481 0.4321 0.2278 0.2581 0.0338
233 0.0251 0.0835 0.2961 0.5889 0.0064
234 0.0599 0.4497 0.2727 0.1964 0.0214
235 0.0672 0.1676 0.6528 0.1049 0.0077
236 0.0711 0.1641 0.4529 0.2791 0.0331
237 0.0151 0.0754 0.0560 0.8232 0.0305
238 0.0178 0.0417 0.0392 0.8789 0.0224
239 0.1420 0.0725 0.4878 0.2651 0.0327
240 0.0236 0.0240 0.0176 0.9155 0.0195
241 0.0891 0.0441 0.0129 0.6636 0.1902
242 0.3462 0.4622 0.1500 0.0340 0.0074
243 0.2201 0.3601 0.0693 0.3330 0.0177
244 0.0812 0.0751 0.4392 0.3018 0.1027
245 0.1650 0.2119 0.5166 0.0704 0.0360
246 0.0368 0.0870 0.7397 0.1305 0.0061
247 0.1412 0.0657 0.3284 0.4490 0.0156
248 0.1479 0.0598 0.3606 0.4282 0.0037
249 0.1091 0.1731 0.3579 0.3469 0.0131
250 0.2426 0.4602 0.0769 0.1890 0.0313
251 0.1086 0.2411 0.3975 0.2487 0.0041
252 0.1272 0.1038 0.3149 0.4441 0.0099
253 0.0829 0.0451 0.4346 0.4280 0.0095
254 0.1312 0.0916 0.2778 0.4878 0.0115
255 0.2009 0.0623 0.4600 0.2074 0.0695
256 0.0359 0.3625 0.5527 0.0479 0.0008
257 0.0454 0.1715 0.6997 0.0773 0.0058
258 0.0721 0.3496 0.1665 0.3962 0.0154
259 0.0555 0.3218 0.0723 0.5347 0.0160
260 0.0791 0.1410 0.3032 0.4482 0.0284
261 0.0771 0.1534 0.4875 0.2610 0.0209
262 0.0483 0.1560 0.2654 0.5278 0.0024
263 0.4143 0.3435 0.0889 0.1356 0.0175
264 0.4387 0.4058 0.0751 0.0684 0.0121
265 0.0861 0.4409 0.1323 0.3176 0.0232
266 0.0303 0.1918 0.0442 0.7236 0.0101
267 0.0230 0.1223 0.2798 0.5742 0.0007
268 0.0974 0.0771 0.6553 0.1656 0.0044
269 0.0527 0.5942 0.2556 0.0925 0.0051
270 0.0990 0.0610 0.2690 0.5610 0.0100
271 0.1069 0.8086 0.0486 0.0331 0.0026
272 0.0223 0.0346 0.0495 0.8916 0.0018
273 0.8423 0.0027 0.0361 0.1158 0.0033
274 0.8491 0.0025 0.0400 0.1046 0.0040
275 0.9263 0.0030 0.0269 0.0414 0.0023
276 0.9106 0.0193 0.0218 0.0302 0.0180
277 0.9175 0.0185 0.0203 0.0262 0.0173
278 0.9077 0.0202 0.0233 0.0308 0.0178
