time exciting_prob fearful_prob tense_prob sad_prob relaxing_prob
0 0.1577 0.1932 0.1482 0.4634 0.0374
1 0.0739 0.3015 0.3638 0.2500 0.0110
2 0.0933 0.6079 0.1637 0.1295 0.0056
3 0.0577 0.8213 0.1012 0.0168 0.0028
4 0.0980 0.6592 0.1615 0.0632 0.0181
5 0.1068 0.5293 0.1918 0.1219 0.0500
6 0.0691 0.6558 0.1793 0.0686 0.0273
7 0.0575 0.5371 0.2617 0.1025 0.0414
8 0.0587 0.3428 0.4268 0.1498 0.0219
9 0.0122 0.4993 0.4338 0.0518 0.0027
10 0.0111 0.6011 0.3269 0.0582 0.0025
11 0.0815 0.7271 0.1523 0.0182 0.0208
12 0.0438 0.7817 0.1614 0.0071 0.0060
13 0.0063 0.5640 0.2925 0.1339 0.0033
14 0.1064 0.5708 0.2698 0.0487 0.0042
15 0.0210 0.2522 0.5508 0.1628 0.0130
16 0.0071 0.5869 0.3672 0.0372 0.0018
17 0.0096 0.4929 0.1992 0.2944 0.0039
18 0.0285 0.8022 0.1138 0.0509 0.0048
19 0.0262 0.5957 0.2949 0.0806 0.0023
20 0.0632 0.0933 0.2292 0.5942 0.0199
21 0.0171 0.2874 0.5625 0.1255 0.0073
22 0.1031 0.1224 0.6025 0.1525 0.0192
23 0.0504 0.1050 0.7173 0.1153 0.0121
24 0.0635 0.2415 0.4548 0.2323 0.0080
25 0.0845 0.2445 0.6050 0.0525 0.0134
26 0.0935 0.3501 0.2261 0.3088 0.0215
27 0.0554 0.0689 0.2969 0.5723 0.0067
28 0.1074 0.3577 0.4248 0.1049 0.0052
29 0.0668 0.4160 0.4497 0.0563 0.0113
30 0.1158 0.6411 0.2081 0.0249 0.0099
31 0.0576 0.1340 0.1818 0.6050 0.0215
32 0.0507 0.3777 0.4485 0.1160 0.0073
33 0.0551 0.6865 0.1968 0.0517 0.0099
34 0.0402 0.2122 0.1858 0.5332 0.0285
35 0.1362 0.3022 0.3943 0.1593 0.0079
36 0.0387 0.3398 0.5649 0.0235 0.0331
37 0.0556 0.2083 0.4995 0.2183 0.0183
38 0.0554 0.1191 0.3999 0.3584 0.0673
39 0.0651 0.2678 0.5327 0.1266 0.0075
40 0.0791 0.3081 0.3774 0.2290 0.0063
41 0.1309 0.2603 0.4094 0.1788 0.0207
42 0.1967 0.2046 0.3193 0.2605 0.0189
43 0.0186 0.0975 0.6455 0.2338 0.0048
44 0.1230 0.2749 0.4128 0.1630 0.0262
45 0.1093 0.0585 0.2351 0.5908 0.0060
46 0.1065 0.1478 0.5078 0.2290 0.0087
47 0.0718 0.4297 0.2883 0.1907 0.0195
48 0.0335 0.5537 0.3689 0.0414 0.0025
49 0.0495 0.1000 0.1927 0.6128 0.0451
50 0.0610 0.1685 0.2032 0.5396 0.0275
51 0.0971 0.1277 0.1992 0.5542 0.0217
52 0.0966 0.1473 0.2094 0.5264 0.0202
53 0.0714 0.2269 0.3740 0.3076 0.0200
54 0.1096 0.2507 0.1737 0.3455 0.1204
55 0.1044 0.3066 0.2881 0.1860 0.1146
56 0.0530 0.3950 0.3889 0.1465 0.0166
57 0.0927 0.3337 0.3110 0.2404 0.0220
58 0.0470 0.3970 0.3020 0.2351 0.0190
59 0.0280 0.1727 0.3657 0.4209 0.0126
60 0.0422 0.3850 0.4163 0.1484 0.0079
61 0.0555 0.0724 0.7373 0.1282 0.0065
62 0.0973 0.3167 0.5020 0.0712 0.0129
63 0.0229 0.1017 0.7515 0.1226 0.0015
64 0.0157 0.1019 0.2644 0.6147 0.0033
65 0.0369 0.2404 0.2137 0.4971 0.0120
66 0.0267 0.4836 0.4202 0.0596 0.0100
67 0.0290 0.3237 0.5684 0.0711 0.0079
68 0.0736 0.0771 0.4236 0.4106 0.0150
69 0.0790 0.3511 0.4170 0.1232 0.0297
70 0.1237 0.1857 0.3157 0.3413 0.0335
71 0.0565 0.3542 0.5117 0.0676 0.0100
72 0.1113 0.0397 0.4912 0.3484 0.0094
73 0.1052 0.1494 0.3584 0.3315 0.0554
74 0.1865 0.1909 0.5229 0.0778 0.0216
75 0.2253 0.0646 0.3179 0.3716 0.0206
76 0.1304 0.1224 0.2551 0.4692 0.0228
77 0.0234 0.0804 0.5244 0.3606 0.0111
78 0.0330 0.1677 0.4150 0.3550 0.0294
79 0.0591 0.3887 0.3430 0.1558 0.0534
80 0.0124 0.3933 0.4670 0.1144 0.0127
81 0.0303 0.3252 0.6074 0.0325 0.0044
82 0.4209 0.1500 0.2893 0.1187 0.0213
83 0.1313 0.3052 0.2198 0.3052 0.0382
84 0.0580 0.2404 0.2900 0.3840 0.0276
85 0.0143 0.4202 0.3826 0.1724 0.0107
86 0.0291 0.2888 0.5068 0.1621 0.0130
87 0.0458 0.1771 0.5718 0.1960 0.0094
88 0.0535 0.1465 0.5532 0.2305 0.0164
89 0.0343 0.5576 0.3357 0.0630 0.0094
90 0.0790 0.4915 0.3101 0.1030 0.0166
91 0.0658 0.3938 0.4031 0.1192 0.0180
92 0.1158 0.1686 0.3513 0.3457 0.0186
93 0.0649 0.4580 0.3027 0.1418 0.0324
94 0.0704 0.1855 0.1433 0.5713 0.0294
95 0.0486 0.4648 0.2249 0.2096 0.0522
96 0.3047 0.2485 0.2861 0.1567 0.0040
97 0.0916 0.3401 0.1417 0.4102 0.0164
98 0.0986 0.5288 0.2786 0.0883 0.0060
99 0.0608 0.1219 0.4746 0.3210 0.0217
100 0.0340 0.2571 0.5356 0.1686 0.0046
101 0.0317 0.3154 0.3010 0.3464 0.0057
102 0.2050 0.2778 0.3513 0.1559 0.0098
103 0.0278 0.1136 0.7070 0.1437 0.0076
104 0.0934 0.3809 0.4119 0.0844 0.0294
105 0.0407 0.7212 0.1548 0.0681 0.0152
106 0.0632 0.3582 0.4253 0.1470 0.0065
107 0.0142 0.2292 0.7285 0.0257 0.0025
108 0.0883 0.6030 0.1958 0.1082 0.0047
109 0.1074 0.6895 0.1337 0.0622 0.0073
110 0.1611 0.4346 0.2988 0.0631 0.0424
111 0.1931 0.3901 0.3469 0.0414 0.0283
112 0.2861 0.4131 0.1567 0.1279 0.0160
113 0.1427 0.2883 0.2751 0.2211 0.0729
114 0.1378 0.4243 0.3357 0.0561 0.0461
115 0.0351 0.3225 0.4917 0.1387 0.0120
116 0.0666 0.2939 0.2117 0.4080 0.0198
117 0.0450 0.1805 0.2798 0.4758 0.0190
118 0.1118 0.2329 0.1564 0.4285 0.0705
119 0.0786 0.5010 0.1135 0.2366 0.0705
120 0.0348 0.5488 0.2360 0.1477 0.0327
121 0.0626 0.4768 0.3079 0.1410 0.0117
122 0.0747 0.3220 0.4331 0.1619 0.0084
123 0.0440 0.3174 0.4077 0.2217 0.0092
124 0.0101 0.1522 0.6411 0.1956 0.0011
125 0.0516 0.1602 0.2404 0.5332 0.0148
126 0.0760 0.2759 0.5571 0.0703 0.0208
127 0.0329 0.0975 0.2957 0.5610 0.0126
128 0.0717 0.3816 0.3066 0.2242 0.0159
129 0.0639 0.8032 0.1071 0.0171 0.0086
130 0.0968 0.2268 0.5029 0.1659 0.0074
131 0.0212 0.2952 0.2092 0.4717 0.0028
132 0.0401 0.3176 0.3833 0.2512 0.0078
133 0.0333 0.3416 0.5718 0.0484 0.0050
134 0.0377 0.6724 0.1810 0.1048 0.0040
135 0.0879 0.5732 0.1383 0.1832 0.0176
136 0.0468 0.2822 0.6357 0.0324 0.0027
137 0.0437 0.4731 0.4111 0.0640 0.0079
138 0.0654 0.4299 0.1877 0.2954 0.0216
139 0.0413 0.1984 0.5479 0.2079 0.0047
140 0.0634 0.4399 0.2283 0.2546 0.0137
141 0.0519 0.4810 0.3203 0.1216 0.0251
142 0.0919 0.3013 0.1757 0.3928 0.0383
143 0.0296 0.3186 0.3843 0.2642 0.0031
144 0.0526 0.1301 0.4834 0.3220 0.0119
145 0.1211 0.4678 0.3369 0.0412 0.0328
146 0.0585 0.1963 0.4287 0.3040 0.0126
147 0.0374 0.2255 0.4700 0.2595 0.0078
148 0.1250 0.3674 0.4431 0.0591 0.0054
149 0.2593 0.0767 0.1648 0.4768 0.0223
150 0.1121 0.4229 0.2061 0.2335 0.0254
151 0.0800 0.5015 0.2406 0.1437 0.0344
152 0.0201 0.0453 0.0759 0.8418 0.0169
153 0.0255 0.2120 0.3232 0.4282 0.0108
154 0.0247 0.6040 0.2440 0.1227 0.0048
155 0.0912 0.3962 0.4153 0.0891 0.0080
156 0.0897 0.3438 0.1400 0.4082 0.0182
157 0.0701 0.2949 0.5259 0.1069 0.0022
158 0.0884 0.4783 0.3499 0.0787 0.0047
159 0.0562 0.2257 0.2854 0.4285 0.0044
160 0.0271 0.1273 0.2100 0.6074 0.0280
161 0.0348 0.1754 0.3892 0.3772 0.0232
162 0.0442 0.2373 0.2566 0.4297 0.0323
163 0.1042 0.5811 0.2578 0.0402 0.0165
164 0.0587 0.1014 0.1866 0.6313 0.0219
165 0.0427 0.3801 0.2379 0.3303 0.0089
166 0.0177 0.6860 0.2646 0.0192 0.0123
167 0.2357 0.0334 0.2588 0.4543 0.0177
168 0.0307 0.3303 0.3743 0.2379 0.0267
169 0.0478 0.7246 0.1077 0.1094 0.0107
170 0.1122 0.4836 0.3025 0.0629 0.0388
171 0.1152 0.5371 0.2310 0.0843 0.0325
172 0.0533 0.5386 0.3345 0.0568 0.0170
173 0.0258 0.4607 0.2976 0.1804 0.0355
174 0.0159 0.2656 0.5532 0.1254 0.0398
175 0.0724 0.2079 0.6660 0.0460 0.0078
176 0.0396 0.5054 0.2705 0.1554 0.0292
177 0.1295 0.3308 0.3689 0.1562 0.0146
178 0.1438 0.3503 0.2334 0.2524 0.0201
179 0.0338 0.2242 0.3997 0.3367 0.0057
180 0.0328 0.6431 0.1602 0.1481 0.0157
181 0.0309 0.6665 0.2302 0.0670 0.0055
182 0.0921 0.3999 0.4160 0.0757 0.0163
183 0.1602 0.0512 0.1392 0.6333 0.0164
184 0.0819 0.0757 0.3728 0.4639 0.0057
185 0.1085 0.0832 0.4426 0.3557 0.0099
186 0.1137 0.2026 0.4358 0.2407 0.0072
187 0.1361 0.1996 0.2927 0.3474 0.0242
188 0.1225 0.2289 0.4768 0.1622 0.0095
189 0.0421 0.1798 0.3108 0.4382 0.0291
190 0.0508 0.3235 0.1381 0.4707 0.0171
191 0.0788 0.2334 0.2625 0.4194 0.0060
192 0.0461 0.5117 0.3628 0.0767 0.0026
193 0.0539 0.4844 0.4016 0.0539 0.0064
194 0.1483 0.2244 0.1350 0.4602 0.0321
195 0.0852 0.1555 0.4941 0.2371 0.0281
196 0.0391 0.4436 0.2954 0.2179 0.0039
197 0.0576 0.5015 0.1707 0.2522 0.0181
198 0.0366 0.0825 0.2277 0.6484 0.0048
199 0.0332 0.1663 0.4448 0.3518 0.0038
200 0.0490 0.4868 0.3071 0.1497 0.0075
201 0.0347 0.4609 0.2795 0.2178 0.0068
202 0.0935 0.1948 0.5728 0.1360 0.0030
203 0.0293 0.3716 0.2939 0.3032 0.0019
204 0.0204 0.7495 0.1559 0.0720 0.0021
205 0.1266 0.4419 0.3083 0.1108 0.0123
206 0.1320 0.4604 0.1472 0.2262 0.0341
207 0.0469 0.4702 0.1379 0.3362 0.0087
208 0.0542 0.2212 0.5391 0.1792 0.0063
209 0.0260 0.2303 0.6362 0.1038 0.0036
210 0.1105 0.3098 0.5146 0.0610 0.0039
211 0.0867 0.2268 0.4407 0.2065 0.0394
212 0.1233 0.1608 0.5068 0.1823 0.0267
213 0.1052 0.1949 0.4939 0.1964 0.0096
214 0.0836 0.2290 0.5669 0.1065 0.0139
215 0.1084 0.1403 0.3286 0.3965 0.0262
216 0.0239 0.4795 0.2908 0.1792 0.0266
217 0.0338 0.3154 0.3630 0.2742 0.0136
218 0.0332 0.0447 0.7217 0.1973 0.0031
219 0.0522 0.1895 0.5747 0.1725 0.0113
220 0.1703 0.2537 0.4595 0.0970 0.0196
221 0.0842 0.2019 0.6367 0.0715 0.0056
222 0.0694 0.3579 0.3362 0.2205 0.0160
223 0.0672 0.0863 0.5005 0.3386 0.0073
224 0.1510 0.4072 0.3147 0.1046 0.0226
225 0.0860 0.6606 0.1301 0.0759 0.0475
226 0.0577 0.7305 0.1240 0.0685 0.0192
227 0.0385 0.6831 0.1926 0.0703 0.0153
228 0.0424 0.1277 0.7520 0.0673 0.0105
229 0.0698 0.2654 0.5273 0.1150 0.0225
230 0.0642 0.1145 0.3313 0.4819 0.0080
231 0.1615 0.4822 0.2791 0.0751 0.0020
232 0.1418 0.0486 0.2910 0.4724 0.0461
233 0.2133 0.0660 0.2737 0.4241 0.0230
234 0.2568 0.2129 0.3350 0.1582 0.0370
235 0.1533 0.2866 0.3220 0.2197 0.0183
236 0.0978 0.5542 0.2347 0.0994 0.0139
237 0.0463 0.4321 0.3696 0.1493 0.0028
238 0.0393 0.0581 0.7832 0.1111 0.0080
239 0.1078 0.4197 0.3533 0.1094 0.0098
240 0.1259 0.3877 0.3115 0.1642 0.0107
241 0.0763 0.5015 0.2747 0.1318 0.0160
242 0.0895 0.3201 0.5195 0.0681 0.0031
243 0.0347 0.6548 0.2773 0.0285 0.0044
244 0.0816 0.6997 0.1388 0.0704 0.0096
245 0.0458 0.1048 0.8115 0.0365 0.0017
246 0.0822 0.1377 0.7559 0.0226 0.0015
247 0.0643 0.1890 0.3420 0.3816 0.0231
248 0.0815 0.4138 0.2981 0.1752 0.0314
249 0.0943 0.0260 0.3848 0.4790 0.0159
250 0.0547 0.5659 0.1583 0.1837 0.0376
251 0.0384 0.2727 0.2026 0.4426 0.0438
252 0.0511 0.1515 0.2103 0.5542 0.0330
253 0.0992 0.2201 0.4551 0.2068 0.0188
254 0.0760 0.1610 0.6221 0.1345 0.0062
255 0.1453 0.1123 0.3250 0.4141 0.0036
256 0.2285 0.1510 0.2340 0.3828 0.0037
257 0.3379 0.2803 0.2803 0.0991 0.0024
258 0.1226 0.4775 0.1991 0.1433 0.0575
259 0.1365 0.6719 0.1243 0.0565 0.0111
260 0.1156 0.5601 0.1876 0.1310 0.0057
261 0.1116 0.3838 0.2896 0.2086 0.0064
262 0.1313 0.1488 0.3103 0.3921 0.0174
263 0.1411 0.2849 0.1433 0.3958 0.0349
