time exciting_prob fearful_prob tense_prob sad_prob relaxing_prob
0 0.2037 0.2830 0.2496 0.2310 0.0327
1 0.3418 0.0878 0.1553 0.3755 0.0396
2 0.3389 0.1600 0.2023 0.2854 0.0135
3 0.3152 0.0531 0.2003 0.4109 0.0206
4 0.2786 0.0469 0.2659 0.3809 0.0278
5 0.4753 0.2625 0.1012 0.1543 0.0068
6 0.3638 0.1318 0.4187 0.0706 0.0150
7 0.1586 0.1179 0.5122 0.1943 0.0171
8 0.0842 0.0682 0.4143 0.3953 0.0382
9 0.1198 0.1400 0.6377 0.0715 0.0310
10 0.1628 0.4358 0.3501 0.0396 0.0115
11 0.0784 0.0552 0.3303 0.4880 0.0479
12 0.2075 0.1239 0.5220 0.1019 0.0449
13 0.1608 0.0991 0.2822 0.3457 0.1122
14 0.1459 0.0627 0.7183 0.0638 0.0093
15 0.4170 0.0725 0.3513 0.1014 0.0578
16 0.0651 0.1536 0.4958 0.2739 0.0116
17 0.2017 0.1168 0.6514 0.0185 0.0119
18 0.0562 0.3362 0.0864 0.0756 0.4456
19 0.1205 0.4373 0.0828 0.0660 0.2935
20 0.2191 0.0913 0.4224 0.2406 0.0268
21 0.2417 0.0917 0.2783 0.3303 0.0579
22 0.2305 0.0841 0.2098 0.3860 0.0895
23 0.3518 0.1422 0.3306 0.1188 0.0565
24 0.0501 0.2546 0.3762 0.3071 0.0122
25 0.0212 0.4097 0.1708 0.3345 0.0638
26 0.2295 0.0884 0.5171 0.1154 0.0496
27 0.2230 0.0807 0.4648 0.1364 0.0952
28 0.1493 0.0781 0.4058 0.2791 0.0878
29 0.1033 0.1423 0.4116 0.1827 0.1600
30 0.1044 0.2354 0.2544 0.3022 0.1036
31 0.1531 0.1146 0.4226 0.2524 0.0572
32 0.3999 0.0690 0.2925 0.2107 0.0279
33 0.0308 0.3633 0.4119 0.1799 0.0142
34 0.0567 0.3557 0.2793 0.3042 0.0040
35 0.0853 0.2318 0.5264 0.1222 0.0342
36 0.0655 0.2048 0.5273 0.0367 0.1659
37 0.1332 0.5742 0.1724 0.0321 0.0881
38 0.0938 0.2081 0.5034 0.0551 0.1398
39 0.0974 0.4165 0.4504 0.0179 0.0179
40 0.0552 0.2360 0.4919 0.2019 0.0151
41 0.1046 0.2864 0.5186 0.0629 0.0273
42 0.0720 0.1925 0.1672 0.5615 0.0067
43 0.0603 0.6587 0.2089 0.0247 0.0473
44 0.0407 0.6724 0.2397 0.0075 0.0398
45 0.3101 0.0514 0.2377 0.2737 0.1272
46 0.0685 0.2708 0.5513 0.0696 0.0396
47 0.0528 0.1425 0.6387 0.1615 0.0047
48 0.1738 0.0555 0.2129 0.4438 0.1140
49 0.1063 0.2285 0.6211 0.0345 0.0097
50 0.0072 0.0529 0.9233 0.0158 0.0006
51 0.0443 0.2864 0.5879 0.0777 0.0039
52 0.5430 0.0886 0.2125 0.1351 0.0209
53 0.0488 0.1731 0.2639 0.5010 0.0135
54 0.1188 0.3926 0.2085 0.2720 0.0083
55 0.0679 0.4031 0.3848 0.1192 0.0250
56 0.0671 0.2827 0.2438 0.3958 0.0107
57 0.0136 0.1082 0.1841 0.6733 0.0208
58 0.2485 0.3069 0.2751 0.1427 0.0268
59 0.2903 0.1219 0.4031 0.1760 0.0088
60 0.0338 0.3467 0.2659 0.3362 0.0175
61 0.1047 0.3152 0.2781 0.2869 0.0152
62 0.2495 0.2102 0.4519 0.0536 0.0349
63 0.2915 0.2915 0.3008 0.0939 0.0223
64 0.1243 0.0640 0.3542 0.3433 0.1141
65 0.1091 0.1091 0.3181 0.2988 0.1650
66 0.0598 0.3081 0.3464 0.2595 0.0261
67 0.0441 0.1716 0.4890 0.2700 0.0251
68 0.1581 0.1321 0.5063 0.1544 0.0490
69 0.1245 0.1235 0.5669 0.1024 0.0829
70 0.0656 0.7749 0.1368 0.0078 0.0146
71 0.2986 0.1008 0.2717 0.1810 0.1478
72 0.1849 0.0530 0.2031 0.4578 0.1013
73 0.0577 0.0814 0.1300 0.7139 0.0168
74 0.2622 0.0920 0.5723 0.0481 0.0253
75 0.0937 0.0256 0.8350 0.0378 0.0081
76 0.0774 0.2598 0.2257 0.4153 0.0218
77 0.2737 0.0543 0.1273 0.4805 0.0640
78 0.0649 0.4197 0.3269 0.1764 0.0122
79 0.2751 0.0826 0.1776 0.3821 0.0826
80 0.0637 0.2384 0.5127 0.1613 0.0242
81 0.0833 0.1484 0.4363 0.2448 0.0873
82 0.2600 0.1136 0.4973 0.0706 0.0585
83 0.0402 0.1145 0.6904 0.1471 0.0076
84 0.1245 0.3032 0.4414 0.0862 0.0447
85 0.0202 0.4392 0.4824 0.0378 0.0204
86 0.0613 0.2502 0.3875 0.2705 0.0306
87 0.0473 0.1602 0.6533 0.1370 0.0021
88 0.1995 0.0964 0.2856 0.3501 0.0684
89 0.2852 0.0804 0.5166 0.0575 0.0603
90 0.3052 0.1355 0.4043 0.1047 0.0502
91 0.0271 0.1322 0.7607 0.0789 0.0013
92 0.0424 0.1692 0.4421 0.3416 0.0047
93 0.0412 0.2952 0.4753 0.1763 0.0120
94 0.2040 0.0934 0.5542 0.0850 0.0632
95 0.1713 0.0961 0.5977 0.0736 0.0615
96 0.0649 0.3147 0.4299 0.1096 0.0808
97 0.0482 0.2566 0.5693 0.0350 0.0908
98 0.0945 0.3508 0.4167 0.0759 0.0620
99 0.0981 0.3423 0.4829 0.0250 0.0517
100 0.0765 0.1835 0.5562 0.1222 0.0615
101 0.1458 0.2744 0.3110 0.2384 0.0305
102 0.0158 0.2280 0.6299 0.1165 0.0099
103 0.1249 0.2524 0.4294 0.1270 0.0663
104 0.0498 0.3376 0.4138 0.1808 0.0180
105 0.0400 0.5474 0.3943 0.0060 0.0121
106 0.2786 0.1179 0.2742 0.2874 0.0421
107 0.1943 0.1490 0.5986 0.0476 0.0101
108 0.0555 0.2316 0.3701 0.2837 0.0590
109 0.1868 0.2512 0.3228 0.1345 0.1047
110 0.1110 0.1035 0.7295 0.0274 0.0289
111 0.0699 0.1588 0.7114 0.0296 0.0301
112 0.2678 0.1456 0.5288 0.0163 0.0414
113 0.1636 0.2100 0.5889 0.0134 0.0241
114 0.0124 0.1263 0.5405 0.2983 0.0225
115 0.0833 0.2194 0.4226 0.2408 0.0339
116 0.0576 0.4607 0.4128 0.0614 0.0074
117 0.0424 0.3230 0.3718 0.1991 0.0636
118 0.0414 0.3228 0.4622 0.0855 0.0882
119 0.0391 0.2133 0.2915 0.3921 0.0640
120 0.0445 0.3726 0.4858 0.0845 0.0126
121 0.2473 0.2217 0.0939 0.0828 0.3542
122 0.0792 0.3958 0.4700 0.0380 0.0170
123 0.0809 0.4375 0.4307 0.0359 0.0150
124 0.0539 0.2532 0.5889 0.0822 0.0218
125 0.0548 0.2554 0.6221 0.0511 0.0168
126 0.0859 0.3091 0.5176 0.0402 0.0470
127 0.0913 0.2482 0.5859 0.0378 0.0366
128 0.1146 0.0504 0.4976 0.3018 0.0358
129 0.0775 0.3611 0.4934 0.0349 0.0331
130 0.1453 0.2472 0.5073 0.0592 0.0413
131 0.1091 0.3311 0.4524 0.0504 0.0571
132 0.2161 0.0859 0.3733 0.2952 0.0295
133 0.1571 0.0606 0.5400 0.1376 0.1047
134 0.0873 0.0660 0.6255 0.2096 0.0114
135 0.2056 0.3552 0.2810 0.1504 0.0081
136 0.0502 0.2549 0.0778 0.2844 0.3325
137 0.0995 0.2244 0.2209 0.4395 0.0158
138 0.0339 0.0937 0.0373 0.1998 0.6353
139 0.1630 0.3730 0.2905 0.1580 0.0158
140 0.0280 0.2983 0.0602 0.4209 0.1926
141 0.0177 0.2783 0.0322 0.5361 0.1356
142 0.0796 0.4509 0.2147 0.2377 0.0171
143 0.0726 0.6133 0.1274 0.1813 0.0056
144 0.1804 0.1061 0.3267 0.3762 0.0106
145 0.1597 0.2286 0.3655 0.2396 0.0067
146 0.1188 0.2236 0.2698 0.3687 0.0191
147 0.2661 0.0751 0.1589 0.3638 0.1360
148 0.0382 0.1106 0.2781 0.5527 0.0204
149 0.0916 0.6260 0.2412 0.0406 0.0007
150 0.0298 0.7632 0.1527 0.0528 0.0014
151 0.1239 0.2209 0.3066 0.3315 0.0169
152 0.2421 0.2898 0.4487 0.0144 0.0048
153 0.0162 0.1125 0.0349 0.8184 0.0181
154 0.1915 0.3750 0.3931 0.0162 0.0240
155 0.1328 0.2642 0.5679 0.0253 0.0101
156 0.1533 0.4438 0.3564 0.0293 0.0171
157 0.0245 0.0931 0.5703 0.3101 0.0018
158 0.0507 0.4177 0.4177 0.0917 0.0221
159 0.1281 0.0741 0.6108 0.1749 0.0123
160 0.0970 0.1082 0.6733 0.1134 0.0080
161 0.0133 0.0915 0.3401 0.5518 0.0034
162 0.0361 0.1166 0.1683 0.6660 0.0129
163 0.0397 0.1956 0.5151 0.2396 0.0097
164 0.0350 0.1968 0.5435 0.2161 0.0088
165 0.0343 0.1687 0.6992 0.0946 0.0034
166 0.0458 0.1853 0.4517 0.3057 0.0118
167 0.1148 0.5874 0.2030 0.0702 0.0244
168 0.0488 0.1326 0.7510 0.0570 0.0106
169 0.0515 0.3867 0.1368 0.4053 0.0199
170 0.0146 0.2588 0.3120 0.4006 0.0139
171 0.0351 0.3228 0.4998 0.1345 0.0078
172 0.1076 0.0723 0.7949 0.0177 0.0073
173 0.1329 0.0266 0.2059 0.6245 0.0101
174 0.0376 0.1080 0.7734 0.0784 0.0025
175 0.1417 0.0534 0.4038 0.3794 0.0216
176 0.0119 0.0519 0.8857 0.0496 0.0010
177 0.0416 0.7090 0.1343 0.1087 0.0066
178 0.0222 0.1372 0.7358 0.1036 0.0012
179 0.0160 0.1002 0.7520 0.1287 0.0030
180 0.0853 0.3425 0.2144 0.3535 0.0042
181 0.0590 0.5864 0.2949 0.0474 0.0124
182 0.0358 0.3264 0.3877 0.2465 0.0036
183 0.0497 0.0372 0.3506 0.5601 0.0024
184 0.0691 0.3196 0.5186 0.0747 0.0182
185 0.0380 0.1854 0.6475 0.1161 0.0131
186 0.1676 0.5205 0.2786 0.0234 0.0101
187 0.0222 0.3374 0.5562 0.0718 0.0124
188 0.0812 0.3264 0.5215 0.0563 0.0147
189 0.1322 0.3147 0.4170 0.0999 0.0362
190 0.1171 0.1327 0.6230 0.0856 0.0414
191 0.0600 0.3142 0.5103 0.0846 0.0311
192 0.0484 0.6470 0.2344 0.0602 0.0099
193 0.0797 0.2003 0.5278 0.1560 0.0362
194 0.0475 0.2281 0.2391 0.4756 0.0098
195 0.0144 0.4307 0.3743 0.1660 0.0145
196 0.0510 0.5830 0.2284 0.1311 0.0062
197 0.0786 0.3467 0.1400 0.4053 0.0296
198 0.1158 0.4404 0.3325 0.0681 0.0433
199 0.0179 0.6934 0.2360 0.0450 0.0075
200 0.0093 0.6372 0.2344 0.1124 0.0068
201 0.0454 0.3950 0.3433 0.1837 0.0324
202 0.0981 0.3291 0.5020 0.0363 0.0344
203 0.1190 0.3525 0.2788 0.2258 0.0238
204 0.0351 0.3325 0.3325 0.2888 0.0109
205 0.0396 0.1379 0.7578 0.0496 0.0151
206 0.0376 0.3052 0.4441 0.1970 0.0161
207 0.0437 0.1207 0.7393 0.0955 0.0008
208 0.0549 0.0818 0.4707 0.3901 0.0025
209 0.0477 0.2517 0.2478 0.4417 0.0111
210 0.0742 0.3403 0.4136 0.0665 0.1054
211 0.0704 0.3154 0.3862 0.1797 0.0483
212 0.0599 0.5635 0.2856 0.0594 0.0316
213 0.1389 0.2764 0.2896 0.2576 0.0377
214 0.0544 0.2739 0.4883 0.1636 0.0198
215 0.0872 0.2905 0.5020 0.1027 0.0179
216 0.0768 0.4966 0.3013 0.1083 0.0171
217 0.0562 0.2122 0.1577 0.5503 0.0234
218 0.0408 0.2386 0.1076 0.6094 0.0034
219 0.2091 0.1437 0.4939 0.1350 0.0183
220 0.0479 0.2781 0.2612 0.4111 0.0016
221 0.0620 0.3679 0.2957 0.2651 0.0094
222 0.0669 0.2905 0.2666 0.3704 0.0055
223 0.0438 0.1052 0.3240 0.5015 0.0254
224 0.0768 0.2294 0.1873 0.4971 0.0094
225 0.0782 0.2028 0.1372 0.5732 0.0088
226 0.0532 0.3337 0.1746 0.4353 0.0030
227 0.1464 0.0714 0.3350 0.4302 0.0170
228 0.2352 0.1260 0.5220 0.0921 0.0248
229 0.1757 0.1368 0.4775 0.1813 0.0289
230 0.1458 0.5332 0.1886 0.1144 0.0182
231 0.0858 0.6440 0.2445 0.0164 0.0093
232 0.0707 0.2607 0.2080 0.4233 0.0370
233 0.1091 0.3035 0.3958 0.1813 0.0104
234 0.1185 0.0777 0.5742 0.2015 0.0279
235 0.1769 0.1942 0.4048 0.1973 0.0267
236 0.0768 0.2993 0.4707 0.1267 0.0264
237 0.3208 0.3362 0.2659 0.0570 0.0203
238 0.0807 0.6353 0.2095 0.0271 0.0475
239 0.2477 0.4346 0.2477 0.0349 0.0351
240 0.1099 0.1599 0.5410 0.1625 0.0265
241 0.3201 0.4304 0.1511 0.0200 0.0784
242 0.0895 0.2250 0.4336 0.2357 0.0162
243 0.2150 0.2554 0.3657 0.0626 0.1016
244 0.2576 0.3467 0.3083 0.0185 0.0688
245 0.0737 0.2269 0.5112 0.1536 0.0345
246 0.3232 0.2556 0.3284 0.0496 0.0434
247 0.1896 0.0665 0.3828 0.3125 0.0487
248 0.0242 0.1392 0.7759 0.0536 0.0072
249 0.6274 0.0575 0.2135 0.0836 0.0177
250 0.2891 0.2081 0.2251 0.1986 0.0790
251 0.2405 0.0352 0.3135 0.3782 0.0325
252 0.2048 0.1149 0.5659 0.1030 0.0115
253 0.1393 0.1101 0.3394 0.3445 0.0668
254 0.3232 0.3108 0.2274 0.0817 0.0570
255 0.2654 0.2612 0.3408 0.0797 0.0531
256 0.1019 0.5864 0.2026 0.0668 0.0421
257 0.1271 0.4368 0.3914 0.0214 0.0233
258 0.1703 0.4148 0.3494 0.0278 0.0377
259 0.2156 0.4353 0.2258 0.0818 0.0414
260 0.1301 0.3003 0.4507 0.0109 0.1079
261 0.0397 0.2162 0.5874 0.0680 0.0887
262 0.0907 0.2013 0.2839 0.3589 0.0654
263 0.0971 0.1153 0.2681 0.4854 0.0341
264 0.2200 0.0491 0.3862 0.3008 0.0440
265 0.3225 0.2396 0.3328 0.0737 0.0317
