time exciting_prob fearful_prob tense_prob sad_prob relaxing_prob
0 0.2080 0.2798 0.2798 0.1698 0.0624
1 0.0870 0.1704 0.7065 0.0162 0.0200
2 0.2089 0.1602 0.2056 0.3608 0.0647
3 0.2206 0.1218 0.2104 0.3994 0.0477
4 0.0352 0.1963 0.3611 0.3667 0.0408
5 0.2278 0.0787 0.2074 0.4255 0.0604
6 0.1599 0.1676 0.4702 0.1757 0.0265
7 0.1393 0.2389 0.3420 0.1965 0.0832
8 0.1925 0.1186 0.2472 0.3828 0.0587
9 0.1470 0.0706 0.5132 0.2539 0.0154
10 0.1937 0.0490 0.1121 0.5967 0.0482
11 0.2051 0.0731 0.2473 0.3713 0.1031
12 0.0407 0.1943 0.5039 0.2495 0.0116
13 0.0994 0.0434 0.2422 0.5459 0.0694
14 0.0556 0.0472 0.4270 0.3596 0.1105
15 0.2600 0.1577 0.1760 0.3088 0.0972
16 0.2600 0.1577 0.1760 0.3088 0.0972
17 0.3733 0.0712 0.4434 0.0595 0.0526
18 0.3557 0.0988 0.4160 0.0988 0.0306
19 0.2593 0.0714 0.0829 0.5664 0.0201
20 0.2590 0.0720 0.0828 0.5659 0.0203
21 0.2603 0.1340 0.5596 0.0140 0.0321
22 0.2930 0.1484 0.5024 0.0151 0.0412
23 0.0884 0.1527 0.6846 0.0553 0.0188
24 0.3108 0.0994 0.5674 0.0051 0.0173
25 0.1201 0.0690 0.7651 0.0287 0.0170
26 0.1578 0.0658 0.6592 0.0489 0.0684
27 0.0399 0.0711 0.2996 0.5508 0.0387
28 0.2302 0.0526 0.5435 0.1087 0.0649
29 0.1326 0.1001 0.6528 0.0970 0.0175
30 0.1111 0.0900 0.4678 0.3069 0.0242
31 0.0485 0.0618 0.6543 0.2124 0.0231
32 0.1193 0.1086 0.7197 0.0403 0.0122
33 0.0749 0.0404 0.3408 0.5195 0.0241
34 0.0608 0.1403 0.4089 0.3113 0.0787
35 0.0498 0.4873 0.2031 0.2375 0.0221
36 0.0317 0.2419 0.6782 0.0414 0.0065
37 0.2119 0.0570 0.6226 0.0947 0.0136
38 0.0854 0.1088 0.4617 0.2285 0.1158
39 0.1199 0.1144 0.4744 0.2661 0.0253
40 0.1058 0.2703 0.5127 0.0837 0.0276
41 0.0579 0.1305 0.7393 0.0570 0.0152
42 0.0656 0.0732 0.3835 0.3386 0.1389
43 0.0461 0.2098 0.5444 0.1420 0.0578
44 0.2847 0.1525 0.3657 0.0616 0.1356
45 0.3018 0.2156 0.3555 0.0800 0.0474
46 0.2429 0.1631 0.0478 0.4502 0.0959
47 0.2209 0.1146 0.4714 0.1155 0.0776
48 0.1505 0.1553 0.3528 0.2224 0.1191
49 0.1289 0.2585 0.4397 0.1331 0.0399
50 0.0376 0.2649 0.4365 0.2411 0.0199
51 0.1726 0.1986 0.3486 0.1499 0.1302
52 0.0642 0.1267 0.2900 0.4155 0.1035
53 0.1599 0.1676 0.4702 0.1730 0.0294
54 0.0350 0.2605 0.4165 0.2688 0.0190
55 0.1165 0.0478 0.2126 0.4263 0.1967
56 0.0900 0.0467 0.2484 0.5864 0.0283
57 0.0250 0.0860 0.5435 0.3350 0.0104
58 0.0909 0.1344 0.2083 0.3599 0.2065
59 0.1920 0.1592 0.2625 0.3423 0.0442
60 0.0133 0.0556 0.3516 0.5444 0.0351
61 0.0909 0.0453 0.5068 0.2214 0.1354
62 0.2260 0.2295 0.2405 0.2405 0.0637
63 0.2676 0.1700 0.3833 0.1294 0.0499
64 0.0655 0.0510 0.3711 0.4841 0.0282
65 0.0388 0.1332 0.5693 0.2411 0.0175
66 0.0241 0.2418 0.4734 0.2068 0.0540
67 0.0636 0.3464 0.3357 0.1611 0.0932
68 0.0784 0.2529 0.4653 0.1583 0.0450
69 0.1842 0.0919 0.4702 0.1870 0.0667
70 0.1011 0.1761 0.4604 0.1681 0.0943
71 0.0554 0.0806 0.1761 0.5776 0.1102
72 0.0505 0.0820 0.1967 0.6152 0.0555
73 0.0279 0.0304 0.0624 0.0044 0.8750
74 0.0256 0.0345 0.3123 0.5928 0.0350
75 0.0473 0.2832 0.3872 0.2206 0.0617
76 0.0200 0.2681 0.5088 0.1871 0.0162
77 0.0939 0.0976 0.2571 0.4729 0.0784
78 0.1528 0.1067 0.6138 0.1075 0.0193
79 0.2469 0.1750 0.3220 0.2507 0.0050
80 0.1088 0.1499 0.1185 0.5879 0.0348
81 0.1967 0.1581 0.2952 0.3242 0.0258
82 0.1376 0.1398 0.6025 0.1022 0.0179
83 0.1512 0.4517 0.2184 0.1455 0.0332
84 0.2408 0.2158 0.3396 0.1630 0.0409
85 0.3198 0.2285 0.2756 0.0867 0.0895
86 0.0575 0.1099 0.6328 0.1785 0.0215
87 0.6812 0.1270 0.1279 0.0387 0.0252
88 0.6431 0.0844 0.2188 0.0303 0.0236
89 0.3159 0.0722 0.2443 0.2993 0.0684
90 0.0602 0.1899 0.5942 0.1134 0.0424
91 0.1960 0.1458 0.5083 0.1276 0.0222
92 0.1409 0.1766 0.3682 0.2303 0.0841
93 0.1656 0.0770 0.6250 0.1202 0.0119
94 0.1172 0.1482 0.4287 0.2089 0.0972
95 0.2291 0.2086 0.4180 0.0978 0.0465
96 0.0692 0.0916 0.4688 0.3325 0.0379
97 0.0870 0.1180 0.2402 0.4629 0.0919
98 0.2107 0.1788 0.2996 0.2244 0.0865
99 0.3823 0.1121 0.3025 0.1406 0.0624
100 0.4609 0.1967 0.2646 0.0406 0.0372
101 0.0396 0.0594 0.4749 0.4060 0.0201
102 0.0816 0.0544 0.6992 0.1432 0.0216
103 0.0923 0.4509 0.3484 0.0660 0.0423
104 0.2316 0.4160 0.2686 0.0563 0.0274
105 0.0983 0.1821 0.3074 0.3457 0.0665
106 0.2751 0.2373 0.0581 0.3704 0.0591
107 0.4944 0.1484 0.1862 0.1405 0.0304
108 0.0536 0.2656 0.3689 0.2917 0.0203
109 0.2347 0.1528 0.2922 0.2520 0.0683
110 0.0994 0.2086 0.4890 0.1650 0.0380
111 0.0643 0.1997 0.4717 0.1351 0.1290
112 0.0194 0.1072 0.1957 0.2761 0.4016
113 0.0103 0.0061 0.0591 0.9238 0.0009
114 0.0958 0.2335 0.4197 0.1876 0.0634
115 0.0269 0.0889 0.7158 0.1080 0.0606
116 0.0629 0.1724 0.5967 0.1078 0.0600
117 0.0889 0.2002 0.1713 0.3684 0.1713
118 0.0410 0.1245 0.5000 0.3032 0.0315
119 0.1133 0.0621 0.7505 0.0480 0.0263
120 0.2042 0.0914 0.3757 0.2542 0.0745
121 0.0280 0.0298 0.1143 0.8062 0.0218
122 0.0922 0.0724 0.2229 0.3677 0.2449
123 0.0241 0.2031 0.6157 0.1510 0.0059
124 0.1309 0.2727 0.5259 0.0406 0.0299
125 0.0394 0.0305 0.3708 0.5483 0.0109
126 0.1772 0.1247 0.5547 0.0768 0.0668
127 0.0240 0.0798 0.1161 0.0905 0.6895
128 0.1057 0.2135 0.1826 0.3689 0.1295
129 0.0986 0.1017 0.6328 0.1306 0.0365
130 0.0577 0.1461 0.6758 0.0894 0.0309
131 0.0314 0.0981 0.8350 0.0228 0.0129
132 0.2000 0.2507 0.4761 0.0555 0.0177
133 0.0844 0.0956 0.3499 0.4155 0.0545
134 0.2228 0.0669 0.6250 0.0345 0.0509
135 0.1995 0.2157 0.3875 0.1210 0.0763
136 0.1792 0.2798 0.4102 0.0847 0.0464
137 0.2136 0.2786 0.3899 0.0905 0.0274
138 0.0808 0.0789 0.4236 0.2469 0.1698
139 0.0732 0.2289 0.5449 0.1031 0.0499
140 0.1703 0.1378 0.5986 0.0455 0.0476
141 0.2681 0.1492 0.4705 0.0338 0.0786
142 0.0225 0.1057 0.4927 0.3333 0.0458
143 0.1417 0.2062 0.5024 0.1005 0.0490
144 0.1157 0.2229 0.2795 0.2732 0.1086
145 0.0436 0.0795 0.0475 0.7549 0.0747
146 0.0371 0.1277 0.0566 0.7344 0.0441
147 0.0399 0.0103 0.2949 0.1289 0.5259
148 0.0582 0.1262 0.5312 0.1487 0.1354
149 0.0325 0.1100 0.2681 0.1931 0.3962
150 0.0580 0.2705 0.4060 0.0920 0.1733
151 0.0500 0.2188 0.3779 0.2517 0.1017
152 0.0939 0.1169 0.7275 0.0444 0.0174
153 0.0559 0.0350 0.1028 0.7598 0.0464
154 0.0316 0.0244 0.0550 0.0157 0.8735
155 0.0371 0.1188 0.3958 0.4019 0.0465
156 0.0641 0.1974 0.6221 0.0698 0.0465
157 0.0734 0.0995 0.6958 0.1248 0.0064
158 0.0665 0.1621 0.6509 0.1080 0.0124
159 0.0925 0.0671 0.7686 0.0249 0.0469
160 0.0538 0.0600 0.0497 0.0214 0.8149
161 0.0346 0.1901 0.4216 0.2854 0.0683
162 0.0500 0.1128 0.6855 0.1288 0.0229
163 0.1268 0.1360 0.6802 0.0333 0.0238
164 0.0287 0.1704 0.5166 0.1901 0.0941
165 0.0611 0.1499 0.4690 0.3030 0.0171
166 0.1978 0.2900 0.3965 0.0949 0.0208
167 0.0894 0.3347 0.4949 0.0555 0.0254
168 0.0764 0.2390 0.4004 0.1920 0.0922
169 0.0623 0.0921 0.5137 0.3020 0.0299
170 0.2096 0.0821 0.3003 0.3916 0.0163
171 0.1702 0.1389 0.4924 0.1649 0.0338
172 0.3372 0.0966 0.1736 0.1240 0.2688
173 0.0644 0.0923 0.5396 0.2842 0.0197
174 0.0393 0.2971 0.2971 0.3213 0.0452
175 0.0826 0.0277 0.1028 0.7480 0.0390
176 0.0749 0.4768 0.3354 0.0592 0.0535
177 0.0353 0.0560 0.6714 0.2180 0.0193
178 0.0942 0.1460 0.4497 0.2949 0.0152
179 0.1338 0.1799 0.2703 0.3311 0.0850
180 0.1130 0.1863 0.3591 0.2976 0.0439
181 0.0768 0.1976 0.3013 0.3809 0.0434
182 0.0315 0.2041 0.3525 0.3262 0.0858
183 0.0560 0.2913 0.2233 0.1292 0.3003
184 0.0480 0.1244 0.3953 0.3892 0.0430
185 0.0937 0.2469 0.5225 0.1241 0.0126
186 0.2081 0.0556 0.6611 0.0362 0.0388
187 0.1741 0.0666 0.6885 0.0523 0.0184
188 0.0260 0.1250 0.5347 0.0981 0.2161
189 0.0527 0.2742 0.6177 0.0421 0.0133
190 0.1862 0.1289 0.3730 0.2585 0.0533
191 0.1541 0.1360 0.3064 0.3755 0.0281
192 0.5366 0.0804 0.3057 0.0253 0.0519
193 0.5083 0.0877 0.1412 0.2556 0.0069
194 0.2581 0.3064 0.2900 0.1298 0.0157
195 0.2418 0.0327 0.2101 0.4810 0.0343
196 0.0754 0.1214 0.5029 0.2377 0.0625
197 0.0508 0.2292 0.2559 0.3335 0.1306
198 0.2345 0.4180 0.1367 0.1108 0.1000
199 0.0832 0.1566 0.5728 0.1641 0.0233
200 0.3499 0.0825 0.2769 0.2725 0.0185
201 0.3323 0.0555 0.1908 0.3977 0.0235
202 0.2712 0.0464 0.3025 0.3376 0.0422
203 0.3066 0.1068 0.2903 0.2225 0.0740
204 0.1722 0.1532 0.3347 0.2078 0.1321
205 0.2415 0.0518 0.2551 0.3030 0.1488
206 0.3066 0.1471 0.2708 0.1164 0.1591
207 0.0312 0.3230 0.1730 0.3896 0.0830
208 0.0257 0.4451 0.4180 0.0862 0.0251
209 0.0145 0.0304 0.5425 0.4033 0.0093
210 0.1016 0.1914 0.6177 0.0756 0.0136
211 0.2925 0.1844 0.1371 0.1816 0.2042
212 0.2827 0.2289 0.1324 0.1974 0.1586
213 0.1664 0.1539 0.5762 0.0627 0.0408
214 0.2417 0.1489 0.5405 0.0287 0.0401
215 0.1274 0.2477 0.5454 0.0527 0.0269
216 0.1123 0.1007 0.6313 0.1283 0.0273
217 0.2382 0.1049 0.4849 0.1444 0.0278
218 0.0650 0.3303 0.1609 0.1187 0.3252
219 0.0577 0.2820 0.2908 0.1321 0.2374
220 0.0646 0.2188 0.3838 0.2639 0.0688
221 0.1057 0.5713 0.2238 0.0811 0.0182
222 0.1904 0.2465 0.1708 0.2974 0.0950
223 0.0490 0.2839 0.4907 0.1670 0.0093
224 0.1099 0.2037 0.6226 0.0532 0.0104
225 0.0797 0.2739 0.5195 0.1008 0.0261
226 0.1428 0.2649 0.4988 0.0654 0.0281
227 0.0567 0.2482 0.5679 0.0871 0.0402
228 0.0914 0.1681 0.1415 0.5508 0.0482
229 0.1797 0.2362 0.3203 0.2289 0.0348
230 0.0160 0.0820 0.2411 0.6353 0.0258
231 0.1057 0.2438 0.4736 0.0671 0.1099
232 0.0625 0.1753 0.6514 0.0692 0.0420
233 0.0955 0.1422 0.5327 0.1899 0.0395
234 0.0196 0.0604 0.0664 0.8477 0.0061
235 0.0160 0.0469 0.1274 0.7935 0.0163
236 0.0504 0.0728 0.6797 0.1517 0.0452
237 0.0627 0.1627 0.2747 0.4673 0.0326
238 0.1715 0.3333 0.2573 0.1929 0.0451
239 0.0447 0.3801 0.3330 0.2271 0.0151
240 0.0989 0.2708 0.3972 0.0981 0.1351
241 0.0832 0.2175 0.5176 0.0879 0.0936
242 0.0693 0.2964 0.3989 0.0862 0.1490
243 0.0442 0.1393 0.2771 0.4788 0.0609
244 0.2888 0.2932 0.1807 0.2017 0.0356
245 0.0818 0.2747 0.5049 0.1287 0.0100
246 0.0279 0.0929 0.2729 0.5518 0.0546
247 0.0233 0.2412 0.1792 0.4167 0.1395
248 0.0163 0.0992 0.3984 0.4111 0.0749
249 0.0243 0.1671 0.4167 0.3003 0.0916
250 0.0293 0.2272 0.4587 0.2554 0.0293
251 0.0342 0.1331 0.4197 0.3071 0.1061
252 0.0358 0.0341 0.9229 0.0056 0.0014
253 0.1256 0.1287 0.6333 0.0956 0.0170
254 0.0351 0.1132 0.5889 0.2019 0.0611
255 0.2384 0.0434 0.1638 0.4968 0.0575
256 0.2351 0.1339 0.2502 0.3020 0.0787
257 0.0419 0.0518 0.4404 0.4546 0.0113
258 0.0442 0.0872 0.7075 0.1554 0.0057
259 0.2037 0.2830 0.2496 0.2310 0.0327
260 0.1865 0.0834 0.2163 0.4617 0.0522
