time exciting_prob fearful_prob tense_prob sad_prob relaxing_prob
0 0.0609 0.1078 0.2355 0.5830 0.0130
1 0.0687 0.4338 0.2396 0.2491 0.0088
2 0.1459 0.3667 0.2385 0.2258 0.0231
3 0.1230 0.4641 0.1949 0.1790 0.0390
4 0.0710 0.2087 0.1730 0.4741 0.0732
5 0.1687 0.2068 0.4080 0.2150 0.0015
6 0.0812 0.4421 0.3552 0.1172 0.0042
7 0.1958 0.3491 0.0651 0.3865 0.0036
8 0.0753 0.1364 0.5742 0.2113 0.0027
9 0.1584 0.3354 0.2133 0.2893 0.0035
10 0.1561 0.5161 0.1688 0.1538 0.0051
11 0.4360 0.2688 0.1028 0.1555 0.0369
12 0.1813 0.4521 0.1599 0.1599 0.0469
13 0.3264 0.4258 0.1831 0.0541 0.0104
14 0.1393 0.2010 0.3757 0.2502 0.0336
15 0.0711 0.2107 0.5298 0.1719 0.0168
16 0.3926 0.2534 0.1324 0.0593 0.1624
17 0.3582 0.2025 0.2074 0.0679 0.1641
18 0.4758 0.3347 0.1213 0.0176 0.0505
19 0.0897 0.1152 0.2517 0.4851 0.0584
20 0.1833 0.2144 0.4329 0.1230 0.0464
21 0.1431 0.3276 0.4841 0.0312 0.0141
22 0.0877 0.4185 0.3157 0.1552 0.0231
23 0.1311 0.1175 0.2588 0.3706 0.1222
24 0.1428 0.1644 0.3479 0.3218 0.0229
25 0.3591 0.2864 0.2112 0.1223 0.0209
26 0.4702 0.2291 0.0553 0.2136 0.0317
27 0.1804 0.5737 0.1310 0.0880 0.0270
28 0.2494 0.4587 0.0491 0.2117 0.0310
29 0.3420 0.3289 0.1119 0.1035 0.1136
30 0.3621 0.3049 0.0873 0.0564 0.1893
31 0.2297 0.6055 0.0299 0.0363 0.0988
32 0.0574 0.6772 0.2034 0.0457 0.0162
33 0.3489 0.4478 0.0491 0.1055 0.0487
34 0.1357 0.1959 0.4084 0.2365 0.0234
35 0.2783 0.5986 0.0507 0.0646 0.0080
36 0.1191 0.7412 0.0690 0.0663 0.0045
37 0.4021 0.3440 0.1346 0.0993 0.0199
38 0.3813 0.3042 0.1371 0.1051 0.0723
39 0.1259 0.1542 0.6055 0.0958 0.0189
40 0.2346 0.2920 0.2186 0.1562 0.0986
41 0.1816 0.7358 0.0712 0.0092 0.0023
42 0.2722 0.2517 0.2681 0.2007 0.0074
43 0.1033 0.0386 0.0504 0.6426 0.1650
44 0.6377 0.2102 0.0448 0.0677 0.0398
45 0.0689 0.3611 0.3784 0.1678 0.0238
46 0.1033 0.4417 0.2496 0.1276 0.0779
47 0.3650 0.5649 0.0367 0.0132 0.0201
48 0.5322 0.3230 0.0939 0.0424 0.0085
49 0.4060 0.3696 0.0562 0.0942 0.0739
50 0.3289 0.3528 0.1506 0.1393 0.0283
51 0.3486 0.4443 0.0976 0.0483 0.0611
52 0.6357 0.2690 0.0356 0.0279 0.0316
53 0.2625 0.1721 0.1183 0.1949 0.2524
54 0.1311 0.6606 0.1724 0.0237 0.0122
55 0.2842 0.2546 0.2283 0.2145 0.0186
56 0.3042 0.3557 0.2407 0.0751 0.0242
57 0.4553 0.3660 0.0933 0.0641 0.0215
58 0.0453 0.5913 0.2583 0.1036 0.0013
59 0.3254 0.2717 0.1073 0.0216 0.2739
60 0.4297 0.2177 0.2646 0.0782 0.0098
61 0.5112 0.2778 0.1039 0.0373 0.0697
62 0.1765 0.5312 0.2113 0.0714 0.0097
63 0.3367 0.4189 0.1257 0.1035 0.0151
64 0.2852 0.4414 0.1757 0.0843 0.0135
65 0.2935 0.4875 0.1149 0.0953 0.0089
66 0.0952 0.3591 0.3677 0.1569 0.0214
67 0.2023 0.2659 0.4185 0.1083 0.0051
68 0.2620 0.4670 0.1136 0.1349 0.0224
69 0.0532 0.0693 0.3806 0.4666 0.0303
70 0.3877 0.2603 0.1138 0.2227 0.0154
71 0.1783 0.4626 0.2495 0.0992 0.0103
72 0.1912 0.3127 0.2632 0.2288 0.0043
73 0.1935 0.4497 0.2012 0.1350 0.0206
74 0.2356 0.4685 0.2047 0.0742 0.0169
75 0.2375 0.1985 0.1343 0.1429 0.2866
76 0.1393 0.1329 0.1875 0.5342 0.0063
77 0.2076 0.1361 0.2544 0.3940 0.0078
78 0.0460 0.9014 0.0299 0.0189 0.0038
79 0.0619 0.2883 0.0735 0.4194 0.1567
80 0.1387 0.2568 0.3403 0.1780 0.0861
81 0.4072 0.2357 0.1375 0.0416 0.1780
82 0.1740 0.3655 0.0854 0.3433 0.0317
83 0.2690 0.4331 0.1070 0.1203 0.0707
84 0.1949 0.5059 0.1382 0.1404 0.0207
85 0.2783 0.4961 0.1598 0.0515 0.0142
86 0.2467 0.5562 0.0795 0.0577 0.0600
87 0.1757 0.6323 0.0437 0.0593 0.0890
88 0.2490 0.5190 0.2198 0.0084 0.0037
89 0.2180 0.3457 0.1938 0.2064 0.0361
90 0.2559 0.5010 0.0979 0.1101 0.0349
91 0.4119 0.4595 0.0553 0.0374 0.0360
92 0.1692 0.7349 0.0435 0.0369 0.0155
93 0.1655 0.5513 0.1763 0.0718 0.0350
94 0.2671 0.5747 0.0923 0.0416 0.0243
95 0.3232 0.3662 0.1049 0.1379 0.0677
96 0.2076 0.4502 0.1279 0.1981 0.0161
97 0.3591 0.3538 0.1533 0.0518 0.0820
98 0.1987 0.3655 0.3303 0.0889 0.0164
99 0.1637 0.5713 0.0693 0.1637 0.0320
100 0.0414 0.3445 0.4670 0.1248 0.0224
101 0.0561 0.2435 0.3713 0.2019 0.1273
102 0.1410 0.4768 0.1897 0.1560 0.0365
103 0.1030 0.7153 0.1080 0.0635 0.0103
104 0.0575 0.7393 0.0698 0.1245 0.0088
105 0.0492 0.6631 0.1400 0.1411 0.0068
106 0.1202 0.5063 0.3320 0.0372 0.0044
107 0.1077 0.7134 0.1427 0.0313 0.0048
108 0.2266 0.4299 0.2954 0.0345 0.0135
109 0.0864 0.3262 0.2834 0.1182 0.1859
110 0.1588 0.1976 0.1317 0.2104 0.3015
111 0.1508 0.4326 0.1655 0.1299 0.1211
112 0.0989 0.4910 0.0664 0.2649 0.0789
113 0.1742 0.5161 0.1688 0.1090 0.0320
114 0.2793 0.4531 0.0972 0.0405 0.1299
115 0.0265 0.3928 0.1189 0.3867 0.0750
116 0.4863 0.3342 0.1415 0.0254 0.0126
117 0.0864 0.7344 0.0496 0.1017 0.0280
118 0.0726 0.2920 0.0488 0.5713 0.0152
119 0.0223 0.7500 0.1323 0.0815 0.0141
120 0.1160 0.5000 0.0368 0.0667 0.2805
121 0.2292 0.6953 0.0266 0.0210 0.0278
122 0.0641 0.6328 0.0203 0.2722 0.0107
123 0.0528 0.3340 0.0147 0.5952 0.0035
124 0.0400 0.6206 0.1777 0.1222 0.0397
125 0.1499 0.4011 0.1970 0.2322 0.0197
126 0.0248 0.3821 0.1281 0.4133 0.0517
127 0.0909 0.6929 0.0530 0.0814 0.0821
128 0.1139 0.5024 0.2264 0.1353 0.0221
129 0.1494 0.4602 0.2925 0.0920 0.0057
130 0.0162 0.1852 0.2612 0.5112 0.0261
131 0.0570 0.6182 0.0978 0.1180 0.1091
132 0.0773 0.3660 0.1869 0.3660 0.0042
133 0.0371 0.3157 0.1423 0.4890 0.0157
134 0.0883 0.3059 0.1855 0.3359 0.0843
135 0.0604 0.1426 0.1541 0.2791 0.3640
136 0.1914 0.1515 0.0773 0.2220 0.3577
137 0.0800 0.1278 0.2834 0.4529 0.0558
138 0.0700 0.3420 0.0609 0.4531 0.0740
139 0.1156 0.5430 0.2646 0.0513 0.0256
140 0.2144 0.6919 0.0375 0.0248 0.0314
141 0.0227 0.3362 0.1180 0.4741 0.0488
142 0.0235 0.7383 0.0376 0.1713 0.0291
143 0.2472 0.4043 0.2433 0.0848 0.0204
144 0.2212 0.5063 0.1848 0.0669 0.0209
145 0.1520 0.2429 0.4683 0.1212 0.0157
146 0.2472 0.3540 0.2737 0.0923 0.0329
147 0.1092 0.1338 0.1392 0.6138 0.0041
148 0.0603 0.1349 0.3555 0.4424 0.0071
149 0.1213 0.1633 0.2032 0.4951 0.0171
150 0.2229 0.4434 0.1406 0.1763 0.0169
151 0.3127 0.3252 0.1942 0.1536 0.0144
152 0.1749 0.1036 0.3506 0.3560 0.0149
153 0.0992 0.3462 0.2437 0.2961 0.0147
154 0.0310 0.5078 0.3381 0.1169 0.0064
155 0.0252 0.2693 0.2913 0.4043 0.0101
156 0.0856 0.1246 0.0870 0.6948 0.0078
157 0.2114 0.4407 0.2778 0.0514 0.0185
158 0.0955 0.3518 0.4146 0.1335 0.0046
159 0.0322 0.3494 0.5942 0.0241 0.0002
160 0.1423 0.2346 0.3062 0.3013 0.0157
161 0.0406 0.3765 0.4541 0.1104 0.0183
162 0.3101 0.1647 0.4075 0.1022 0.0154
163 0.0684 0.1201 0.1299 0.6294 0.0525
164 0.0706 0.5469 0.1803 0.1980 0.0041
165 0.0550 0.0409 0.4258 0.4751 0.0033
166 0.0850 0.0994 0.1946 0.6089 0.0122
167 0.0868 0.3328 0.3076 0.2673 0.0055
168 0.3662 0.2598 0.2346 0.0986 0.0408
169 0.2847 0.4695 0.0903 0.1454 0.0102
170 0.1566 0.4460 0.2314 0.1591 0.0068
171 0.0878 0.2369 0.1102 0.5425 0.0226
172 0.0762 0.7285 0.1108 0.0768 0.0080
173 0.1068 0.4712 0.3755 0.0323 0.0142
174 0.0491 0.4309 0.4175 0.0875 0.0150
175 0.0732 0.0817 0.1367 0.6128 0.0955
176 0.2330 0.3994 0.0445 0.2367 0.0864
177 0.1331 0.2092 0.2646 0.3560 0.0372
178 0.2317 0.3398 0.1617 0.2159 0.0509
179 0.1226 0.3413 0.3467 0.1798 0.0098
180 0.0590 0.0658 0.2483 0.4785 0.1483
181 0.3369 0.3477 0.1604 0.0936 0.0614
182 0.0750 0.1688 0.1884 0.4963 0.0715
183 0.1919 0.4939 0.1818 0.1230 0.0093
184 0.2539 0.2854 0.2744 0.1744 0.0117
185 0.1060 0.2142 0.4980 0.1616 0.0201
186 0.0911 0.2053 0.2085 0.4626 0.0325
187 0.0983 0.1475 0.5068 0.2394 0.0079
188 0.1338 0.1539 0.2900 0.4026 0.0197
189 0.1846 0.3291 0.2407 0.2407 0.0048
190 0.0459 0.3472 0.5547 0.0459 0.0062
191 0.1852 0.2454 0.4583 0.1097 0.0015
192 0.1757 0.2365 0.2023 0.3721 0.0137
193 0.1396 0.0765 0.1375 0.6357 0.0108
194 0.1519 0.0643 0.0936 0.6597 0.0306
195 0.1246 0.4968 0.1041 0.2384 0.0360
196 0.3696 0.0964 0.1136 0.3875 0.0328
197 0.1962 0.2499 0.0745 0.4741 0.0054
198 0.0626 0.5317 0.2115 0.1868 0.0073
199 0.1833 0.2607 0.3618 0.1450 0.0490
200 0.1364 0.3977 0.3677 0.0600 0.0382
201 0.1947 0.1614 0.2423 0.3110 0.0905
202 0.2037 0.2830 0.2496 0.2310 0.0327
203 0.6431 0.2257 0.0477 0.0253 0.0584
204 0.6753 0.1831 0.0435 0.0323 0.0658
205 0.6753 0.1818 0.0439 0.0326 0.0663
206 0.6753 0.1818 0.0439 0.0326 0.0663
207 0.4319 0.2206 0.1209 0.1447 0.0818
