time exciting_prob fearful_prob tense_prob sad_prob relaxing_prob
0 0.2764 0.2401 0.2220 0.2477 0.0138
1 0.7559 0.0417 0.0531 0.0368 0.1124
2 0.8315 0.0296 0.0462 0.0103 0.0823
3 0.8452 0.0158 0.0566 0.0236 0.0589
4 0.7397 0.0282 0.0607 0.0603 0.1108
5 0.1439 0.0546 0.2299 0.5601 0.0114
6 0.2834 0.0580 0.2351 0.3999 0.0235
7 0.3984 0.1215 0.3252 0.0992 0.0556
8 0.1473 0.1281 0.4197 0.2710 0.0339
9 0.2333 0.1949 0.1542 0.2227 0.1949
10 0.1256 0.0798 0.2830 0.2578 0.2537
11 0.2886 0.1593 0.0555 0.3706 0.1261
12 0.2321 0.3147 0.1725 0.1475 0.1333
13 0.5918 0.1509 0.1053 0.0248 0.1271
14 0.7476 0.0788 0.1086 0.0309 0.0341
15 0.4194 0.1260 0.3911 0.0235 0.0399
16 0.3838 0.2365 0.1001 0.0259 0.2537
17 0.2612 0.3328 0.2937 0.0515 0.0606
18 0.4050 0.0750 0.1826 0.3059 0.0315
19 0.5303 0.0845 0.1906 0.1289 0.0659
20 0.4612 0.2546 0.1375 0.0559 0.0908
21 0.3281 0.2678 0.3357 0.0320 0.0365
22 0.4358 0.1720 0.1128 0.0463 0.2333
23 0.5430 0.1290 0.0609 0.1656 0.1013
24 0.6982 0.0814 0.1451 0.0502 0.0252
25 0.2773 0.2908 0.3452 0.0649 0.0217
26 0.2610 0.0854 0.2432 0.3652 0.0453
27 0.1254 0.1215 0.1769 0.5449 0.0315
28 0.4219 0.2578 0.2172 0.0927 0.0102
29 0.3965 0.2385 0.0768 0.1719 0.1163
30 0.5410 0.1390 0.0750 0.0637 0.1813
31 0.6763 0.2112 0.0464 0.0248 0.0413
32 0.3337 0.1858 0.3782 0.0567 0.0455
33 0.5137 0.2124 0.1111 0.0169 0.1460
34 0.4954 0.2251 0.0815 0.1511 0.0468
35 0.3376 0.1909 0.3679 0.0759 0.0277
36 0.3252 0.0903 0.3801 0.1674 0.0370
37 0.2285 0.2017 0.1685 0.1851 0.2163
38 0.3845 0.1371 0.1110 0.2406 0.1268
39 0.4265 0.2179 0.2568 0.0730 0.0258
40 0.4785 0.1720 0.0408 0.1093 0.1995
41 0.2991 0.3362 0.2402 0.0768 0.0477
42 0.3657 0.3228 0.1215 0.1366 0.0535
43 0.3088 0.1076 0.2314 0.3394 0.0127
44 0.6221 0.1942 0.0407 0.0461 0.0969
45 0.2668 0.0436 0.1311 0.5308 0.0277
46 0.4275 0.1072 0.0947 0.2004 0.1700
47 0.1947 0.0668 0.2480 0.4744 0.0161
48 0.6123 0.1072 0.1824 0.0410 0.0569
49 0.3870 0.2479 0.2040 0.0383 0.1227
50 0.2239 0.1479 0.5454 0.0508 0.0318
51 0.3420 0.2242 0.1830 0.0892 0.1615
52 0.3723 0.2642 0.3186 0.0204 0.0247
53 0.4409 0.1740 0.0737 0.0440 0.2673
54 0.2683 0.2856 0.1371 0.0864 0.2225
55 0.4661 0.1898 0.1160 0.0307 0.1974
56 0.1335 0.2289 0.2150 0.2761 0.1466
57 0.5620 0.1132 0.2051 0.0848 0.0351
58 0.6040 0.2137 0.0399 0.0986 0.0438
59 0.2837 0.2209 0.2446 0.0331 0.2175
60 0.4441 0.2114 0.0902 0.0909 0.1633
61 0.5229 0.1282 0.1365 0.0649 0.1475
62 0.3481 0.1533 0.0930 0.2162 0.1893
63 0.4189 0.1760 0.0942 0.1591 0.1517
64 0.3792 0.0807 0.1521 0.1147 0.2732
65 0.2590 0.3860 0.0596 0.0968 0.1986
66 0.1417 0.3120 0.3884 0.0997 0.0582
67 0.2900 0.1718 0.3364 0.1017 0.1002
68 0.5244 0.0970 0.1478 0.0985 0.1326
69 0.1285 0.1306 0.3132 0.3335 0.0941
70 0.4592 0.0933 0.1041 0.1990 0.1445
71 0.5225 0.1658 0.0509 0.1877 0.0730
72 0.4680 0.3562 0.0573 0.0789 0.0396
73 0.2585 0.3821 0.0776 0.0591 0.2228
74 0.3503 0.3342 0.0339 0.2446 0.0369
75 0.5273 0.2590 0.0983 0.0881 0.0269
76 0.4756 0.2429 0.1203 0.0629 0.0981
77 0.4060 0.1859 0.1482 0.1035 0.1565
78 0.4697 0.0404 0.0656 0.2595 0.1649
79 0.3423 0.2013 0.1193 0.1036 0.2335
80 0.2798 0.4575 0.1046 0.1203 0.0378
81 0.3342 0.2075 0.1249 0.0497 0.2837
82 0.4937 0.2091 0.1136 0.0652 0.1182
83 0.0635 0.0719 0.0265 0.0152 0.8228
84 0.1705 0.1209 0.2189 0.0115 0.4783
85 0.2283 0.1805 0.5063 0.0707 0.0139
86 0.3521 0.2037 0.2808 0.1074 0.0562
87 0.4172 0.1196 0.1465 0.0298 0.2869
88 0.2087 0.1237 0.2744 0.3750 0.0182
89 0.3940 0.2427 0.1616 0.0623 0.1394
90 0.0901 0.1149 0.0945 0.1440 0.5566
91 0.5938 0.1378 0.0583 0.0503 0.1598
92 0.1470 0.0793 0.3313 0.4253 0.0172
93 0.2590 0.1685 0.2800 0.2693 0.0233
94 0.1221 0.0474 0.0563 0.0493 0.7246
95 0.4900 0.1437 0.1111 0.0972 0.1578
96 0.3521 0.1514 0.3359 0.1125 0.0484
97 0.0831 0.0637 0.3391 0.0647 0.4492
98 0.6182 0.1108 0.2070 0.0427 0.0211
99 0.1036 0.2246 0.2317 0.0638 0.3762
100 0.1390 0.2257 0.2257 0.0255 0.3840
101 0.2632 0.1476 0.2081 0.1262 0.2549
102 0.5425 0.0800 0.1788 0.1654 0.0334
103 0.0875 0.2002 0.0650 0.0211 0.6265
104 0.3552 0.1227 0.4453 0.0632 0.0136
105 0.0829 0.0499 0.0188 0.0430 0.8052
106 0.1032 0.0955 0.0271 0.0236 0.7505
107 0.1940 0.3101 0.0475 0.0214 0.4270
108 0.0856 0.1135 0.1704 0.0265 0.6040
109 0.2551 0.1089 0.4409 0.1398 0.0552
110 0.1721 0.2505 0.3240 0.0474 0.2059
111 0.0820 0.1790 0.1111 0.0176 0.6104
112 0.1396 0.1724 0.4436 0.1893 0.0551
113 0.3604 0.1467 0.0215 0.4277 0.0437
114 0.4294 0.2390 0.0384 0.0807 0.2125
115 0.3955 0.1245 0.0552 0.3279 0.0969
116 0.4246 0.1188 0.2617 0.1378 0.0570
117 0.2874 0.1276 0.0540 0.4814 0.0496
118 0.0779 0.1913 0.1255 0.0602 0.5449
119 0.2793 0.2227 0.4128 0.0052 0.0800
120 0.1809 0.1177 0.5576 0.1345 0.0094
121 0.1183 0.0839 0.2334 0.1351 0.4292
122 0.0565 0.0522 0.1713 0.0317 0.6885
123 0.0828 0.2671 0.1204 0.0307 0.4990
124 0.4465 0.1183 0.1862 0.1052 0.1438
125 0.1731 0.1381 0.1118 0.0182 0.5586
126 0.0573 0.2610 0.1522 0.0423 0.4873
127 0.1666 0.1577 0.2834 0.3640 0.0283
128 0.4761 0.1646 0.1724 0.1558 0.0314
129 0.1759 0.1381 0.1918 0.0122 0.4819
130 0.2546 0.1923 0.4685 0.0311 0.0534
131 0.1888 0.2971 0.1093 0.0140 0.3906
132 0.2021 0.3896 0.0570 0.0876 0.2637
133 0.1936 0.1104 0.2795 0.0283 0.3882
134 0.5308 0.1593 0.2507 0.0231 0.0364
135 0.0717 0.1733 0.2949 0.1155 0.3447
136 0.2600 0.1639 0.4458 0.1018 0.0285
137 0.3472 0.0972 0.1382 0.0360 0.3813
138 0.3787 0.1874 0.3699 0.0500 0.0140
139 0.4436 0.2979 0.1938 0.0275 0.0373
140 0.3943 0.3000 0.2062 0.0595 0.0400
141 0.4219 0.2422 0.2294 0.0688 0.0377
142 0.2445 0.2191 0.2026 0.0456 0.2881
143 0.1620 0.3765 0.2450 0.0256 0.1908
144 0.2825 0.1399 0.0359 0.4731 0.0687
145 0.3882 0.3096 0.2411 0.0057 0.0555
146 0.3865 0.1573 0.1884 0.1663 0.1016
147 0.2791 0.0831 0.2277 0.1482 0.2620
148 0.1764 0.2178 0.1581 0.0654 0.3823
149 0.1897 0.0687 0.0925 0.4343 0.2150
150 0.6895 0.1083 0.0970 0.0421 0.0631
151 0.5332 0.1799 0.1237 0.1381 0.0251
152 0.4934 0.0554 0.1209 0.2810 0.0492
153 0.2367 0.0716 0.3469 0.0455 0.2991
154 0.3455 0.2649 0.2162 0.0753 0.0982
155 0.4275 0.2871 0.1661 0.0760 0.0433
156 0.4316 0.1066 0.1091 0.2703 0.0824
157 0.4172 0.1548 0.2034 0.1635 0.0611
158 0.3469 0.2944 0.1100 0.0857 0.1626
159 0.2332 0.2603 0.2502 0.0872 0.1693
160 0.3367 0.1146 0.3613 0.1494 0.0381
161 0.7139 0.1416 0.0429 0.0326 0.0690
162 0.2913 0.1740 0.3274 0.1781 0.0293
163 0.2959 0.1080 0.1823 0.2866 0.1272
164 0.2864 0.0982 0.2588 0.0165 0.3401
165 0.3911 0.0758 0.0922 0.2126 0.2281
166 0.3823 0.0729 0.1203 0.0047 0.4199
167 0.2927 0.2192 0.0958 0.2625 0.1299
168 0.5239 0.0848 0.2271 0.0984 0.0660
169 0.2976 0.2467 0.2467 0.0820 0.1270
170 0.1598 0.2761 0.3574 0.1715 0.0351
171 0.1710 0.0453 0.0629 0.0231 0.6978
172 0.1287 0.2104 0.1946 0.1786 0.2876
173 0.3340 0.1993 0.1018 0.3137 0.0512
174 0.2004 0.1869 0.2739 0.3230 0.0157
175 0.3118 0.4033 0.1260 0.0718 0.0872
176 0.4045 0.3152 0.1031 0.1273 0.0499
177 0.2761 0.1389 0.1326 0.2595 0.1929
178 0.2610 0.1465 0.4653 0.1022 0.0249
179 0.4465 0.0600 0.1832 0.2839 0.0264
180 0.3765 0.1521 0.0860 0.0117 0.3735
181 0.3752 0.2104 0.1692 0.0313 0.2139
182 0.2443 0.1666 0.0763 0.0231 0.4897
183 0.5732 0.1935 0.1329 0.0770 0.0237
184 0.3237 0.0935 0.1339 0.0131 0.4358
185 0.3818 0.1329 0.1920 0.0204 0.2729
186 0.3176 0.1304 0.0939 0.2397 0.2183
187 0.3098 0.3652 0.2800 0.0293 0.0157
188 0.5615 0.0714 0.2571 0.0309 0.0790
189 0.1592 0.1681 0.2372 0.0226 0.4128
190 0.3225 0.0720 0.1753 0.3225 0.1080
191 0.4634 0.1759 0.1338 0.1786 0.0485
192 0.6895 0.0637 0.1082 0.0883 0.0503
193 0.5435 0.1332 0.1021 0.1251 0.0959
194 0.5928 0.0953 0.1781 0.0376 0.0961
195 0.5903 0.0637 0.1564 0.0727 0.1171
196 0.3235 0.1639 0.3994 0.0934 0.0196
197 0.3662 0.3013 0.2898 0.0280 0.0147
198 0.0777 0.2607 0.0908 0.3677 0.2031
199 0.1986 0.1038 0.0881 0.0902 0.5190
200 0.8115 0.0693 0.0371 0.0338 0.0484
201 0.3608 0.0786 0.1786 0.0267 0.3552
202 0.4861 0.1846 0.2407 0.0558 0.0328
203 0.0916 0.2432 0.1464 0.0753 0.4436
204 0.1293 0.2673 0.1115 0.0263 0.4656
205 0.6538 0.1360 0.0942 0.0844 0.0316
206 0.0995 0.1761 0.4392 0.1964 0.0886
207 0.4241 0.0869 0.1882 0.2803 0.0206
208 0.6768 0.0244 0.1475 0.1140 0.0376
209 0.6567 0.1409 0.1243 0.0072 0.0709
210 0.0976 0.3860 0.1536 0.3406 0.0223
211 0.3484 0.0464 0.4473 0.1407 0.0171
212 0.1692 0.0825 0.4529 0.2622 0.0333
213 0.0624 0.1833 0.1321 0.6108 0.0115
