time exciting_prob fearful_prob tense_prob sad_prob relaxing_prob
0 0.2037 0.2830 0.2496 0.2310 0.0327
1 0.2037 0.2830 0.2496 0.2310 0.0327
2 0.0959 0.2910 0.2450 0.3401 0.0279
3 0.1925 0.1595 0.1114 0.4839 0.0526
4 0.1710 0.1417 0.1140 0.5186 0.0547
5 0.1488 0.1124 0.0714 0.6074 0.0601
6 0.0819 0.0331 0.0563 0.7773 0.0513
7 0.0768 0.0253 0.0512 0.7886 0.0580
8 0.0820 0.0258 0.0600 0.7910 0.0413
9 0.1838 0.0709 0.1572 0.5576 0.0305
10 0.2059 0.0581 0.1530 0.5098 0.0734
11 0.2145 0.0356 0.0866 0.6206 0.0429
12 0.2421 0.0298 0.1108 0.5806 0.0368
13 0.2961 0.0440 0.1107 0.5039 0.0451
14 0.3274 0.0999 0.0881 0.4075 0.0771
15 0.3662 0.1576 0.0768 0.3184 0.0811
16 0.3257 0.1855 0.0667 0.3467 0.0756
17 0.2861 0.1086 0.0974 0.4570 0.0509
18 0.6602 0.0659 0.0224 0.2078 0.0435
19 0.8721 0.0143 0.0036 0.0500 0.0598
20 0.9487 0.0108 0.0017 0.0282 0.0107
21 0.9004 0.0165 0.0015 0.0492 0.0323
22 0.8853 0.0174 0.0042 0.0377 0.0553
23 0.1621 0.0790 0.1499 0.5747 0.0342
24 0.1194 0.1658 0.1046 0.5522 0.0582
25 0.1160 0.0849 0.0693 0.6572 0.0726
26 0.1777 0.2355 0.0853 0.3821 0.1193
27 0.0587 0.0645 0.0131 0.0279 0.8359
28 0.0448 0.0466 0.0110 0.0381 0.8594
29 0.0303 0.0163 0.0038 0.0230 0.9268
30 0.0337 0.0088 0.0035 0.0284 0.9258
31 0.0147 0.0083 0.0014 0.0127 0.9629
32 0.0057 0.0050 0.0016 0.0063 0.9814
33 0.0050 0.0078 0.0013 0.0045 0.9814
34 0.2461 0.3137 0.1360 0.1843 0.1199
35 0.2385 0.1858 0.1392 0.2480 0.1887
36 0.2239 0.2517 0.2070 0.1587 0.1587
37 0.1937 0.2195 0.1819 0.3425 0.0624
38 0.1923 0.3120 0.2754 0.1558 0.0644
39 0.0743 0.0790 0.3381 0.4919 0.0166
40 0.0617 0.0780 0.1871 0.6133 0.0598
41 0.0604 0.3447 0.3728 0.1788 0.0432
42 0.1381 0.5010 0.2223 0.1058 0.0331
43 0.2181 0.2693 0.1823 0.2198 0.1105
44 0.2959 0.2050 0.1837 0.2822 0.0332
45 0.1764 0.1157 0.2391 0.3618 0.1069
46 0.0144 0.0077 0.0081 0.0197 0.9502
47 0.0986 0.1664 0.0905 0.1515 0.4929
48 0.0774 0.0677 0.0438 0.2072 0.6040
49 0.1404 0.2124 0.0825 0.2407 0.3240
50 0.2491 0.1956 0.1880 0.2651 0.1022
51 0.1653 0.2368 0.1979 0.2424 0.1577
52 0.1718 0.1814 0.3962 0.2329 0.0177
53 0.1024 0.0992 0.0720 0.3152 0.4111
54 0.3096 0.0974 0.0513 0.0807 0.4609
55 0.3154 0.1265 0.1958 0.2849 0.0773
56 0.1295 0.2874 0.0904 0.2827 0.2101
57 0.1376 0.2305 0.1740 0.4207 0.0373
58 0.1278 0.3018 0.2769 0.2296 0.0638
59 0.1049 0.3035 0.2917 0.2169 0.0829
60 0.1764 0.1087 0.1078 0.5605 0.0464
61 0.0634 0.1832 0.5059 0.2390 0.0084
62 0.0414 0.2189 0.1190 0.5249 0.0956
63 0.1470 0.2443 0.1267 0.3088 0.1732
64 0.1382 0.2837 0.0176 0.1003 0.4602
65 0.0751 0.4153 0.0124 0.0481 0.4492
66 0.0135 0.0123 0.0038 0.0076 0.9629
67 0.0078 0.0036 0.0018 0.0184 0.9683
68 0.1663 0.0904 0.1335 0.5625 0.0473
69 0.2314 0.1654 0.1076 0.3530 0.1426
70 0.0100 0.0045 0.0019 0.0119 0.9717
71 0.1292 0.0748 0.0847 0.2163 0.4951
72 0.0743 0.0709 0.0133 0.0611 0.7803
73 0.0942 0.1844 0.1328 0.5771 0.0113
74 0.0614 0.4001 0.0764 0.4607 0.0014
75 0.2384 0.1266 0.2239 0.3960 0.0151
76 0.0087 0.0045 0.0028 0.0123 0.9717
77 0.0153 0.0171 0.0038 0.0075 0.9561
78 0.0101 0.0190 0.0031 0.0108 0.9570
79 0.0605 0.4465 0.3479 0.0439 0.1012
80 0.1831 0.4426 0.2686 0.0769 0.0290
81 0.3525 0.2766 0.2258 0.0545 0.0905
82 0.0433 0.0753 0.0172 0.0350 0.8291
83 0.0461 0.0749 0.0223 0.0388 0.8179
84 0.0540 0.1058 0.3694 0.3469 0.1237
85 0.0406 0.1201 0.7715 0.0446 0.0235
86 0.0629 0.2336 0.4038 0.1428 0.1569
87 0.2942 0.3157 0.2039 0.1401 0.0462
88 0.3977 0.3594 0.1054 0.0945 0.0429
89 0.0178 0.0329 0.0059 0.0327 0.9106
90 0.0118 0.0352 0.0054 0.0185 0.9292
91 0.0194 0.0253 0.0152 0.0565 0.8838
92 0.0169 0.0214 0.0108 0.0764 0.8745
93 0.1411 0.6035 0.0863 0.1515 0.0174
94 0.1102 0.3640 0.1076 0.3696 0.0485
95 0.3762 0.0735 0.1165 0.3269 0.1069
96 0.1111 0.0604 0.2045 0.5386 0.0852
97 0.2915 0.1345 0.0343 0.2803 0.2593
98 0.2920 0.1401 0.0477 0.1677 0.3523
99 0.2196 0.1407 0.0271 0.2776 0.3350
100 0.6909 0.0299 0.0452 0.1830 0.0512
101 0.2095 0.0747 0.1364 0.2886 0.2908
102 0.1117 0.0441 0.0683 0.1813 0.5947
103 0.2328 0.1885 0.4851 0.0637 0.0298
104 0.1588 0.0978 0.6279 0.0739 0.0414
105 0.1791 0.2817 0.1952 0.3269 0.0173
106 0.1570 0.2910 0.2032 0.2957 0.0530
107 0.1768 0.2098 0.4109 0.1852 0.0172
108 0.2036 0.4480 0.2343 0.1064 0.0076
109 0.2051 0.3772 0.0491 0.3542 0.0143
110 0.0683 0.4453 0.0823 0.3960 0.0082
111 0.1273 0.3599 0.0720 0.4175 0.0234
112 0.4705 0.0667 0.0694 0.3416 0.0520
113 0.4226 0.0845 0.0770 0.3503 0.0653
114 0.5703 0.0975 0.0518 0.2181 0.0625
115 0.1626 0.4929 0.1218 0.2007 0.0220
116 0.1882 0.3572 0.0984 0.2269 0.1294
117 0.3079 0.3330 0.1377 0.1768 0.0447
118 0.3213 0.1382 0.0387 0.4675 0.0341
119 0.2253 0.1377 0.0291 0.5708 0.0371
120 0.2717 0.4080 0.0917 0.1913 0.0371
121 0.0583 0.1215 0.0090 0.1443 0.6670
122 0.0400 0.0827 0.0094 0.1131 0.7549
123 0.1157 0.4231 0.0795 0.2908 0.0908
124 0.1183 0.5103 0.2144 0.0361 0.1212
125 0.1592 0.0474 0.0250 0.1906 0.5776
126 0.2163 0.1063 0.1063 0.1407 0.4302
127 0.1565 0.1288 0.1075 0.1436 0.4636
128 0.0962 0.1610 0.5239 0.1661 0.0527
129 0.0261 0.0197 0.0085 0.1274 0.8184
130 0.0293 0.0257 0.0094 0.0931 0.8428
131 0.2460 0.2205 0.1050 0.3469 0.0817
132 0.1466 0.2593 0.3833 0.1769 0.0338
133 0.0599 0.1667 0.0256 0.1183 0.6294
134 0.0301 0.0341 0.0067 0.0157 0.9136
135 0.2527 0.0746 0.4573 0.2094 0.0060
136 0.1812 0.1188 0.4019 0.1169 0.1812
137 0.2554 0.2068 0.1840 0.1064 0.2474
138 0.0386 0.1625 0.0160 0.1305 0.6523
139 0.2959 0.2756 0.2610 0.1312 0.0362
140 0.1332 0.2690 0.2588 0.3074 0.0316
141 0.1168 0.1609 0.4514 0.2612 0.0097
142 0.0781 0.0885 0.6538 0.1680 0.0113
143 0.1926 0.2416 0.1838 0.3655 0.0163
144 0.1440 0.3708 0.2820 0.1879 0.0153
145 0.2040 0.1887 0.1887 0.3872 0.0315
146 0.0943 0.3069 0.1450 0.4128 0.0409
147 0.0742 0.6357 0.1659 0.1122 0.0120
148 0.1714 0.0671 0.1039 0.4443 0.2133
149 0.1039 0.1488 0.3984 0.1622 0.1866
150 0.0304 0.4072 0.3765 0.1620 0.0239
151 0.0359 0.3357 0.4448 0.1400 0.0434
152 0.2172 0.0721 0.1180 0.4524 0.1401
153 0.2620 0.1639 0.2189 0.3286 0.0266
154 0.0394 0.0564 0.1938 0.6875 0.0228
155 0.0431 0.0871 0.0858 0.7583 0.0257
156 0.1127 0.2155 0.0190 0.0627 0.5903
157 0.0895 0.1301 0.0159 0.0498 0.7148
158 0.1162 0.0652 0.0278 0.2008 0.5898
159 0.0905 0.1799 0.0182 0.3059 0.4055
160 0.2156 0.1627 0.1505 0.4355 0.0355
161 0.2522 0.0658 0.0988 0.5513 0.0321
162 0.2371 0.3240 0.1775 0.2141 0.0474
163 0.0146 0.0068 0.0024 0.0091 0.9673
164 0.0582 0.0297 0.1070 0.1290 0.6763
165 0.0414 0.0433 0.0703 0.8174 0.0275
166 0.0674 0.0457 0.0595 0.7964 0.0309
167 0.1616 0.1543 0.4194 0.2466 0.0181
168 0.1699 0.0809 0.4690 0.2472 0.0329
169 0.1246 0.1179 0.5083 0.2256 0.0236
170 0.0773 0.1225 0.5322 0.2634 0.0049
171 0.1057 0.1433 0.6523 0.0911 0.0080
172 0.1404 0.1875 0.5684 0.0958 0.0079
173 0.2651 0.0665 0.2671 0.3511 0.0502
174 0.3433 0.1047 0.2612 0.2454 0.0454
175 0.3008 0.1107 0.3228 0.2117 0.0540
176 0.1428 0.1863 0.3481 0.2546 0.0680
177 0.2343 0.1536 0.2343 0.3354 0.0423
178 0.1848 0.5264 0.2449 0.0356 0.0082
179 0.1587 0.1117 0.1236 0.4053 0.2007
180 0.2603 0.1182 0.1642 0.2727 0.1846
181 0.2810 0.0745 0.1539 0.3779 0.1126
182 0.3062 0.1412 0.2087 0.2366 0.1074
183 0.0292 0.0648 0.1230 0.7539 0.0290
184 0.0503 0.5410 0.2400 0.1549 0.0139
185 0.0804 0.3083 0.1870 0.3899 0.0343
186 0.1461 0.1394 0.3911 0.2605 0.0629
187 0.1108 0.4055 0.3467 0.0739 0.0632
188 0.3274 0.1571 0.1671 0.3147 0.0337
189 0.3379 0.1726 0.2065 0.2472 0.0356
190 0.3716 0.1675 0.2456 0.1812 0.0340
191 0.3916 0.1312 0.1570 0.2778 0.0423
192 0.1343 0.2450 0.2568 0.3296 0.0345
193 0.0850 0.4778 0.2764 0.1285 0.0323
194 0.1517 0.0652 0.1693 0.5728 0.0409
195 0.1766 0.0514 0.1195 0.5703 0.0822
196 0.0849 0.0461 0.1057 0.6890 0.0743
197 0.0555 0.1923 0.0439 0.0777 0.6304
198 0.1075 0.3162 0.0421 0.1589 0.3752
199 0.0506 0.1332 0.0163 0.1021 0.6978
200 0.0500 0.1190 0.0210 0.1034 0.7065
201 0.0198 0.0369 0.0068 0.3501 0.5864
202 0.0198 0.0371 0.0077 0.0785 0.8569
203 0.2737 0.4077 0.0655 0.1571 0.0961
204 0.2406 0.3669 0.1093 0.1995 0.0838
205 0.2913 0.2358 0.0809 0.1823 0.2097
206 0.4189 0.1680 0.0775 0.1788 0.1566
207 0.3447 0.3291 0.1043 0.1393 0.0825
208 0.3516 0.2781 0.1080 0.1399 0.1224
209 0.0500 0.3018 0.1641 0.4602 0.0238
210 0.2717 0.4919 0.1782 0.0120 0.0461
211 0.0552 0.1958 0.1838 0.5576 0.0075
212 0.1046 0.1429 0.0615 0.6606 0.0304
213 0.0939 0.4692 0.0587 0.3433 0.0348
214 0.2266 0.0334 0.4038 0.3296 0.0066
215 0.2328 0.1368 0.0553 0.5327 0.0421
216 0.1428 0.1644 0.5186 0.0674 0.1070
217 0.1277 0.4387 0.3062 0.0166 0.1109
218 0.0994 0.1772 0.0585 0.6436 0.0213
219 0.0599 0.1138 0.1310 0.1935 0.5020
220 0.0961 0.1443 0.1313 0.1768 0.4514
221 0.3396 0.0572 0.3242 0.2408 0.0381
222 0.3894 0.1178 0.2656 0.2068 0.0205
223 0.1163 0.0781 0.2581 0.5381 0.0095
224 0.2125 0.3240 0.0390 0.1681 0.2563
225 0.1841 0.1032 0.2363 0.4148 0.0616
226 0.1959 0.0856 0.2517 0.4021 0.0646
227 0.0293 0.3923 0.2036 0.3687 0.0061
228 0.2441 0.1370 0.2329 0.3723 0.0138
229 0.1755 0.3923 0.0760 0.0621 0.2939
230 0.2146 0.3796 0.0433 0.0526 0.3098
231 0.0839 0.0865 0.2881 0.4604 0.0812
232 0.1193 0.2729 0.4226 0.1461 0.0390
233 0.0841 0.4407 0.1794 0.2800 0.0156
234 0.0977 0.0557 0.1854 0.6372 0.0239
235 0.0742 0.2798 0.2145 0.4265 0.0049
236 0.0903 0.3921 0.3459 0.1660 0.0057
237 0.1715 0.3130 0.3896 0.1000 0.0259
238 0.1223 0.2301 0.5225 0.0460 0.0789
239 0.1331 0.3142 0.2817 0.0893 0.1819
240 0.0635 0.3462 0.2534 0.3008 0.0359
241 0.1699 0.1409 0.3569 0.3079 0.0243
242 0.1785 0.2220 0.3777 0.1870 0.0349
243 0.1199 0.2224 0.1127 0.4744 0.0705
244 0.0612 0.5459 0.1504 0.1976 0.0451
245 0.1835 0.3350 0.1582 0.1088 0.2146
246 0.1987 0.3831 0.0656 0.1866 0.1660
247 0.0520 0.4087 0.2189 0.2120 0.1083
248 0.3491 0.4446 0.0785 0.0791 0.0487
249 0.1281 0.1544 0.3025 0.3943 0.0207
250 0.1260 0.1891 0.2974 0.3760 0.0116
251 0.2059 0.2158 0.2262 0.2727 0.0794
252 0.1675 0.2362 0.2236 0.3254 0.0472
253 0.0687 0.1015 0.0158 0.3625 0.4514
254 0.0753 0.1045 0.0155 0.2264 0.5781
255 0.1133 0.4961 0.1586 0.2134 0.0188
256 0.1812 0.1411 0.2556 0.3835 0.0386
257 0.1173 0.0653 0.1191 0.6855 0.0128
258 0.1488 0.6567 0.1141 0.0547 0.0259
259 0.2059 0.3450 0.0590 0.2371 0.1531
260 0.2241 0.1918 0.4155 0.1517 0.0169
261 0.1952 0.2505 0.2883 0.1805 0.0853
262 0.4036 0.0292 0.1373 0.3972 0.0326
263 0.1350 0.3423 0.2352 0.2262 0.0613
264 0.1348 0.0941 0.1626 0.5249 0.0837
265 0.3435 0.1942 0.2235 0.2003 0.0385
266 0.2319 0.1545 0.4136 0.1864 0.0135
267 0.1887 0.0248 0.1565 0.6094 0.0207
268 0.3313 0.2971 0.2406 0.1248 0.0063
269 0.2805 0.3716 0.2676 0.0671 0.0132
270 0.5791 0.1685 0.0960 0.1055 0.0510
271 0.4092 0.1248 0.1844 0.2295 0.0520
272 0.3604 0.1840 0.1526 0.1959 0.1073
273 0.2101 0.1315 0.3105 0.3154 0.0327
274 0.2847 0.1107 0.1648 0.3953 0.0444
275 0.2671 0.2047 0.2629 0.2249 0.0406
276 0.2544 0.0614 0.1240 0.5225 0.0378
277 0.2026 0.0425 0.1371 0.5596 0.0581
278 0.3147 0.1793 0.0861 0.3623 0.0578
279 0.3899 0.2556 0.1757 0.1368 0.0421
280 0.4536 0.1749 0.1981 0.1362 0.0372
281 0.4619 0.2181 0.2286 0.0803 0.0111
282 0.5093 0.0637 0.3555 0.0663 0.0051
283 0.3945 0.2284 0.2888 0.0759 0.0124
284 0.3582 0.1614 0.2312 0.2008 0.0485
285 0.3621 0.1632 0.1487 0.2649 0.0610
286 0.3159 0.1614 0.0994 0.3469 0.0762
287 0.1926 0.0882 0.2148 0.4409 0.0635
288 0.1891 0.1384 0.2391 0.3533 0.0801
289 0.2037 0.2830 0.2496 0.2310 0.0327
