time exciting_prob fearful_prob tense_prob sad_prob relaxing_prob
0 0.2336 0.2264 0.1709 0.3347 0.0342
1 0.9170 0.0120 0.0432 0.0264 0.0015
2 0.7568 0.0194 0.1945 0.0181 0.0111
3 0.8018 0.0126 0.1318 0.0467 0.0072
4 0.9277 0.0083 0.0392 0.0215 0.0030
5 0.4751 0.0274 0.1220 0.3264 0.0489
6 0.5347 0.0981 0.0649 0.1406 0.1617
7 0.3774 0.1216 0.2290 0.2052 0.0667
8 0.3628 0.0611 0.2695 0.2571 0.0495
9 0.6465 0.0640 0.1205 0.1141 0.0547
10 0.4766 0.1971 0.0834 0.1186 0.1243
11 0.3293 0.2815 0.1484 0.0852 0.1555
12 0.1108 0.4053 0.3806 0.0365 0.0667
13 0.1982 0.4756 0.2318 0.0493 0.0450
14 0.0841 0.4766 0.2510 0.1234 0.0650
15 0.2126 0.3704 0.2646 0.0339 0.1183
16 0.3982 0.0697 0.1398 0.3682 0.0243
17 0.3694 0.1458 0.1338 0.3208 0.0303
18 0.4548 0.0834 0.3655 0.0698 0.0267
19 0.3896 0.1770 0.2896 0.0092 0.1346
20 0.4675 0.2542 0.1666 0.0107 0.1011
21 0.3628 0.1324 0.1151 0.1284 0.2612
22 0.4487 0.1412 0.2023 0.0710 0.1368
23 0.5322 0.2069 0.1663 0.0220 0.0726
24 0.4893 0.1677 0.1799 0.0151 0.1481
25 0.5840 0.1987 0.0714 0.1015 0.0443
26 0.4065 0.1202 0.1981 0.2211 0.0542
27 0.6011 0.0723 0.1819 0.0685 0.0764
28 0.5869 0.1320 0.1230 0.0872 0.0712
29 0.3484 0.1385 0.2798 0.1924 0.0410
30 0.3179 0.0732 0.0656 0.4924 0.0507
31 0.3982 0.0385 0.2454 0.2654 0.0526
32 0.5264 0.1877 0.1086 0.0353 0.1417
33 0.6880 0.1106 0.0976 0.0660 0.0376
34 0.5376 0.1135 0.2189 0.0844 0.0459
35 0.7490 0.0530 0.0916 0.0759 0.0307
36 0.4590 0.2456 0.1854 0.0693 0.0407
37 0.8037 0.0539 0.0213 0.0316 0.0895
38 0.4312 0.0407 0.1134 0.3630 0.0515
39 0.4282 0.0458 0.1503 0.3181 0.0575
40 0.5200 0.0495 0.1676 0.2238 0.0389
41 0.4756 0.0497 0.1300 0.3096 0.0350
42 0.3228 0.3176 0.2474 0.0307 0.0816
43 0.1498 0.4541 0.3071 0.0542 0.0347
44 0.1263 0.7329 0.1047 0.0167 0.0192
45 0.0859 0.6294 0.2316 0.0198 0.0334
46 0.8413 0.0534 0.0350 0.0529 0.0175
47 0.8232 0.0245 0.0305 0.0968 0.0249
48 0.7720 0.0564 0.0674 0.0764 0.0279
49 0.2761 0.5039 0.1715 0.0116 0.0365
50 0.1614 0.5459 0.2189 0.0377 0.0363
51 0.2343 0.5845 0.1115 0.0284 0.0414
52 0.1021 0.0538 0.2449 0.5518 0.0475
53 0.1760 0.6543 0.1460 0.0107 0.0131
54 0.1649 0.4482 0.1769 0.1367 0.0732
55 0.1952 0.3562 0.2773 0.0067 0.1644
56 0.1161 0.0631 0.2615 0.5366 0.0225
57 0.7905 0.0696 0.1203 0.0127 0.0067
58 0.2542 0.2091 0.4258 0.0563 0.0546
59 0.3645 0.3167 0.1121 0.0132 0.1936
60 0.4634 0.0934 0.2944 0.0662 0.0825
61 0.0558 0.2173 0.6904 0.0222 0.0142
62 0.4846 0.3179 0.1367 0.0125 0.0484
63 0.1444 0.5938 0.1335 0.0045 0.1235
64 0.1479 0.4385 0.4023 0.0054 0.0059
65 0.2505 0.4790 0.1981 0.0201 0.0521
66 0.2852 0.4851 0.1074 0.0269 0.0955
67 0.0595 0.3242 0.3142 0.2908 0.0112
68 0.2003 0.4080 0.3030 0.0660 0.0227
69 0.0674 0.3420 0.4824 0.0879 0.0201
70 0.1234 0.1699 0.5356 0.1571 0.0138
71 0.0930 0.4912 0.3948 0.0077 0.0134
72 0.1036 0.6152 0.2524 0.0180 0.0107
73 0.3093 0.2883 0.1605 0.1461 0.0958
74 0.1210 0.4062 0.1888 0.2522 0.0318
75 0.3262 0.3875 0.2225 0.0193 0.0445
76 0.0358 0.3813 0.4390 0.0474 0.0964
77 0.2842 0.2954 0.3025 0.0403 0.0777
78 0.2585 0.1428 0.2566 0.1260 0.2161
79 0.2522 0.1437 0.3018 0.1747 0.1278
80 0.0256 0.6016 0.3594 0.0047 0.0087
81 0.1526 0.4700 0.3081 0.0386 0.0307
82 0.1042 0.6235 0.2312 0.0182 0.0227
83 0.1183 0.5220 0.2354 0.0752 0.0490
84 0.3022 0.1804 0.2751 0.0425 0.1997
85 0.1949 0.2333 0.3447 0.0653 0.1616
86 0.3696 0.2191 0.2296 0.0402 0.1415
87 0.2491 0.4583 0.1621 0.0110 0.1195
88 0.1401 0.5718 0.2617 0.0036 0.0227
89 0.2466 0.3560 0.1211 0.2335 0.0428
90 0.3098 0.3621 0.2412 0.0670 0.0200
91 0.4653 0.3767 0.1022 0.0235 0.0322
92 0.1327 0.2766 0.5630 0.0144 0.0133
93 0.1986 0.5884 0.1387 0.0447 0.0298
94 0.1185 0.7432 0.1105 0.0076 0.0203
95 0.5381 0.1760 0.0899 0.0576 0.1382
96 0.4802 0.0868 0.2034 0.1971 0.0324
97 0.1054 0.3511 0.5352 0.0064 0.0017
98 0.2042 0.0728 0.1949 0.4126 0.1155
99 0.1763 0.4607 0.2837 0.0292 0.0501
100 0.2598 0.2854 0.3840 0.0408 0.0298
101 0.3259 0.2172 0.3208 0.0688 0.0673
102 0.2634 0.3435 0.3032 0.0186 0.0714
103 0.0983 0.6616 0.2286 0.0022 0.0095
104 0.3108 0.3059 0.3521 0.0157 0.0156
105 0.1229 0.6699 0.1667 0.0207 0.0199
106 0.2098 0.1987 0.4548 0.1072 0.0295
107 0.2031 0.4404 0.3049 0.0224 0.0290
108 0.3137 0.2971 0.2878 0.0512 0.0500
109 0.4153 0.1801 0.1887 0.1180 0.0979
110 0.1619 0.6011 0.2128 0.0099 0.0143
111 0.3167 0.2446 0.3369 0.0428 0.0590
112 0.2568 0.3679 0.3174 0.0307 0.0271
113 0.1836 0.5312 0.2651 0.0048 0.0153
114 0.1998 0.4868 0.2194 0.0674 0.0266
115 0.2834 0.3164 0.3757 0.0119 0.0127
116 0.2084 0.4553 0.3154 0.0051 0.0159
117 0.2534 0.3923 0.2961 0.0356 0.0225
118 0.2957 0.3171 0.3147 0.0468 0.0256
119 0.2778 0.3457 0.3171 0.0475 0.0117
120 0.1818 0.3613 0.4429 0.0058 0.0082
121 0.1407 0.6069 0.2432 0.0044 0.0050
122 0.3726 0.4424 0.1118 0.0594 0.0140
123 0.3386 0.1445 0.4246 0.0427 0.0495
124 0.3401 0.2932 0.2374 0.1113 0.0179
125 0.2021 0.4963 0.2783 0.0086 0.0145
126 0.2976 0.2954 0.3120 0.0753 0.0198
127 0.2251 0.3079 0.3276 0.1302 0.0092
128 0.0897 0.5625 0.2896 0.0236 0.0346
129 0.3274 0.2913 0.2322 0.1262 0.0230
130 0.2325 0.2720 0.3835 0.0223 0.0897
131 0.2737 0.2632 0.3740 0.0601 0.0289
132 0.3665 0.1901 0.2681 0.0884 0.0870
133 0.1204 0.6562 0.2147 0.0038 0.0050
134 0.1829 0.4526 0.3391 0.0044 0.0210
135 0.1545 0.3564 0.3914 0.0707 0.0269
136 0.2869 0.2803 0.3354 0.0809 0.0167
137 0.1055 0.6216 0.2510 0.0083 0.0137
138 0.1499 0.4336 0.3828 0.0249 0.0088
139 0.1890 0.2314 0.1860 0.3530 0.0406
140 0.2350 0.0333 0.3472 0.3584 0.0262
141 0.1896 0.6719 0.1293 0.0032 0.0059
142 0.1930 0.4968 0.2832 0.0071 0.0199
143 0.0588 0.2595 0.6626 0.0087 0.0101
144 0.1061 0.2710 0.6016 0.0057 0.0157
145 0.1978 0.2620 0.5049 0.0136 0.0217
146 0.1044 0.2407 0.6006 0.0237 0.0308
147 0.2415 0.1234 0.5317 0.0472 0.0565
148 0.3286 0.3311 0.2766 0.0099 0.0536
149 0.0746 0.3345 0.5737 0.0034 0.0138
150 0.1400 0.3157 0.4888 0.0363 0.0194
151 0.1384 0.2000 0.5967 0.0432 0.0216
152 0.1010 0.1237 0.4524 0.2966 0.0263
153 0.0454 0.4514 0.4241 0.0645 0.0147
154 0.1047 0.4338 0.3828 0.0610 0.0176
155 0.2349 0.3015 0.4089 0.0224 0.0323
156 0.2355 0.4067 0.2930 0.0390 0.0258
157 0.1431 0.4763 0.3682 0.0094 0.0031
158 0.1924 0.3376 0.4333 0.0197 0.0169
159 0.2346 0.4927 0.2401 0.0253 0.0073
160 0.0679 0.6694 0.2350 0.0227 0.0051
161 0.1074 0.4888 0.3206 0.0511 0.0322
162 0.0286 0.7544 0.1185 0.0952 0.0032
163 0.1685 0.4167 0.3650 0.0273 0.0224
164 0.0654 0.5962 0.2448 0.0164 0.0770
165 0.1763 0.5264 0.1776 0.1036 0.0163
166 0.2068 0.2717 0.1913 0.1869 0.1433
167 0.1109 0.4741 0.1552 0.0175 0.2422
168 0.0382 0.5034 0.1866 0.0433 0.2286
169 0.1727 0.1107 0.3894 0.1661 0.1610
170 0.1512 0.3804 0.4343 0.0211 0.0128
171 0.6680 0.0940 0.1400 0.0584 0.0395
172 0.4973 0.1425 0.2661 0.0757 0.0184
173 0.1766 0.4653 0.3325 0.0118 0.0137
174 0.2749 0.3848 0.2881 0.0399 0.0123
175 0.2198 0.5112 0.2378 0.0147 0.0164
176 0.1200 0.2332 0.6001 0.0320 0.0149
177 0.3298 0.2213 0.3376 0.0596 0.0518
178 0.1024 0.3987 0.4146 0.0354 0.0491
179 0.0519 0.4211 0.5078 0.0106 0.0086
180 0.1392 0.2664 0.4976 0.0508 0.0463
181 0.1779 0.1893 0.5923 0.0090 0.0316
182 0.1058 0.1931 0.6685 0.0261 0.0064
183 0.1586 0.4922 0.3254 0.0162 0.0077
184 0.2458 0.3928 0.3108 0.0276 0.0230
185 0.1103 0.3167 0.5181 0.0467 0.0086
186 0.1678 0.2295 0.5508 0.0240 0.0281
187 0.2471 0.2452 0.4580 0.0230 0.0267
188 0.3892 0.1512 0.2051 0.2454 0.0092
189 0.2321 0.6064 0.1006 0.0233 0.0376
190 0.2473 0.3655 0.3328 0.0359 0.0183
191 0.2247 0.4646 0.2776 0.0246 0.0084
192 0.2637 0.4182 0.2346 0.0227 0.0607
193 0.1039 0.5884 0.2737 0.0074 0.0267
194 0.1252 0.6216 0.2181 0.0065 0.0284
195 0.1488 0.3201 0.4272 0.0535 0.0503
196 0.1178 0.3054 0.5488 0.0078 0.0200
197 0.1364 0.2267 0.5566 0.0403 0.0400
198 0.2561 0.1448 0.4712 0.0942 0.0336
199 0.1049 0.5537 0.2554 0.0427 0.0434
200 0.1068 0.3501 0.5015 0.0238 0.0181
201 0.0676 0.1584 0.6313 0.0854 0.0569
202 0.3872 0.2922 0.1719 0.1093 0.0392
203 0.1589 0.3186 0.4746 0.0134 0.0346
204 0.7065 0.0805 0.1209 0.0756 0.0164
205 0.1460 0.3728 0.3789 0.0788 0.0235
206 0.2385 0.2991 0.4219 0.0283 0.0123
207 0.4287 0.1830 0.2620 0.0787 0.0477
208 0.3721 0.2898 0.1626 0.0994 0.0762
209 0.2037 0.3806 0.3604 0.0253 0.0300
210 0.0542 0.6157 0.1792 0.0256 0.1251
211 0.0490 0.3455 0.5786 0.0136 0.0131
212 0.0461 0.3491 0.5845 0.0144 0.0058
213 0.0325 0.2307 0.7217 0.0101 0.0049
214 0.1399 0.6123 0.1973 0.0074 0.0430
215 0.1206 0.5981 0.1687 0.0179 0.0947
216 0.0781 0.4287 0.4634 0.0212 0.0087
217 0.0976 0.2251 0.6616 0.0035 0.0121
218 0.1087 0.2649 0.5654 0.0309 0.0302
219 0.2681 0.2422 0.3337 0.0844 0.0716
220 0.1320 0.1860 0.4326 0.2043 0.0449
221 0.3394 0.3474 0.2483 0.0554 0.0093
222 0.0830 0.5630 0.1813 0.1217 0.0511
223 0.1956 0.4109 0.2183 0.1454 0.0300
224 0.1804 0.5347 0.2177 0.0116 0.0559
225 0.1407 0.5190 0.2712 0.0045 0.0645
226 0.1908 0.4470 0.2196 0.0153 0.1271
227 0.1934 0.4565 0.2207 0.0094 0.1200
228 0.1765 0.3796 0.3538 0.0159 0.0742
229 0.1212 0.3047 0.3618 0.0077 0.2046
230 0.1078 0.1763 0.3093 0.0873 0.3193
231 0.1182 0.2834 0.3113 0.0485 0.2386
232 0.1143 0.4216 0.4282 0.0301 0.0059
233 0.2159 0.4465 0.2524 0.0653 0.0199
234 0.1980 0.3845 0.1093 0.1415 0.1667
235 0.3230 0.2678 0.1526 0.1134 0.1433
236 0.1621 0.3328 0.2715 0.0051 0.2286
237 0.0945 0.4949 0.1054 0.0403 0.2649
238 0.1055 0.2734 0.4302 0.1659 0.0249
239 0.3601 0.2573 0.2271 0.1455 0.0101
240 0.2554 0.2827 0.3179 0.1294 0.0145
241 0.0396 0.1174 0.2045 0.0184 0.6201
242 0.0573 0.1722 0.2029 0.0202 0.5474
243 0.1165 0.2211 0.4607 0.0872 0.1147
244 0.1711 0.1970 0.2778 0.0888 0.2651
245 0.2332 0.2074 0.3726 0.1505 0.0363
246 0.3372 0.3372 0.0753 0.1581 0.0922
247 0.1119 0.4031 0.3237 0.0648 0.0965
248 0.1953 0.1364 0.2015 0.3025 0.1644
249 0.2515 0.1990 0.1444 0.1688 0.2362
250 0.3252 0.2455 0.2100 0.0161 0.2035
251 0.1532 0.1736 0.4099 0.1005 0.1631
252 0.0284 0.7041 0.1407 0.1167 0.0101
253 0.0367 0.5020 0.3672 0.0845 0.0095
254 0.0619 0.2507 0.1406 0.0077 0.5391
255 0.0604 0.2466 0.1289 0.0170 0.5469
256 0.1323 0.3948 0.2250 0.1014 0.1464
257 0.1175 0.2817 0.3508 0.1820 0.0680
258 0.1602 0.1993 0.3962 0.1759 0.0684
259 0.1295 0.1526 0.1854 0.0165 0.5161
260 0.2004 0.0947 0.1797 0.0171 0.5078
261 0.1138 0.5693 0.2732 0.0078 0.0361
262 0.2106 0.2423 0.3965 0.1436 0.0070
263 0.3396 0.3616 0.2045 0.0886 0.0056
264 0.2578 0.5044 0.1785 0.0557 0.0034
265 0.2349 0.3525 0.3110 0.0972 0.0043
266 0.3555 0.4321 0.1118 0.0949 0.0059
267 0.1173 0.2075 0.1210 0.0074 0.5469
268 0.1571 0.2571 0.1140 0.0101 0.4617
269 0.1915 0.1434 0.0647 0.0102 0.5903
270 0.0814 0.3679 0.5190 0.0139 0.0179
271 0.0944 0.4470 0.4133 0.0103 0.0350
272 0.1404 0.4001 0.4258 0.0096 0.0240
273 0.0575 0.4153 0.5088 0.0093 0.0090
274 0.0847 0.5146 0.3376 0.0498 0.0133
275 0.0646 0.4924 0.3894 0.0307 0.0228
276 0.0179 0.5674 0.2153 0.1960 0.0035
277 0.0273 0.5107 0.4236 0.0319 0.0064
278 0.0729 0.6353 0.2411 0.0314 0.0193
279 0.1470 0.5010 0.2367 0.0068 0.1084
280 0.1534 0.5791 0.2114 0.0047 0.0514
281 0.1493 0.6094 0.1528 0.0093 0.0793
282 0.1458 0.4854 0.1458 0.0417 0.1814
283 0.0506 0.6167 0.3149 0.0117 0.0063
284 0.0454 0.7153 0.2183 0.0104 0.0105
285 0.2263 0.2335 0.1567 0.0568 0.3267
286 0.0793 0.6440 0.1667 0.0899 0.0199
287 0.0682 0.7690 0.1266 0.0146 0.0215
288 0.1354 0.5928 0.1407 0.0983 0.0329
289 0.1838 0.3625 0.1648 0.0172 0.2717
290 0.0760 0.0977 0.0779 0.0211 0.7271
291 0.0720 0.0715 0.0862 0.0081 0.7622
292 0.2314 0.1119 0.1903 0.4531 0.0133
293 0.2163 0.3376 0.3223 0.1022 0.0216
294 0.1020 0.0550 0.0833 0.1819 0.5781
295 0.0484 0.0940 0.3835 0.0259 0.4482
296 0.1952 0.5430 0.2229 0.0292 0.0096
297 0.2285 0.3325 0.3918 0.0385 0.0087
298 0.2368 0.2025 0.4529 0.0435 0.0642
299 0.0809 0.6123 0.2551 0.0225 0.0293
300 0.1302 0.5884 0.2081 0.0322 0.0413
301 0.1293 0.5439 0.1534 0.1420 0.0314
302 0.5146 0.1594 0.1395 0.1750 0.0115
303 0.0686 0.1122 0.2610 0.0146 0.5439
304 0.1465 0.2452 0.2305 0.3052 0.0725
305 0.3560 0.4260 0.1036 0.0826 0.0316
306 0.1588 0.6533 0.1677 0.0131 0.0073
307 0.2771 0.5552 0.1052 0.0442 0.0181
308 0.0209 0.5649 0.4004 0.0123 0.0016
309 0.3550 0.5205 0.0544 0.0553 0.0145
310 0.2095 0.6016 0.1395 0.0143 0.0353
311 0.0328 0.7524 0.2057 0.0038 0.0054
312 0.1315 0.7104 0.0732 0.0128 0.0720
313 0.0665 0.6934 0.1726 0.0645 0.0028
314 0.0811 0.7065 0.1652 0.0434 0.0039
315 0.0831 0.6484 0.1858 0.0787 0.0037
316 0.1340 0.4568 0.0674 0.1542 0.1875
317 0.0886 0.4531 0.1259 0.2351 0.0972
318 0.0916 0.1925 0.0606 0.4407 0.2147
319 0.1038 0.4338 0.1354 0.2610 0.0660
320 0.0851 0.5508 0.0674 0.2297 0.0668
321 0.0788 0.4395 0.1165 0.2974 0.0679
322 0.0658 0.0648 0.1506 0.5342 0.1846
323 0.2037 0.2830 0.2496 0.2310 0.0327
324 0.2037 0.2830 0.2496 0.2310 0.0327
325 0.2037 0.2830 0.2496 0.2310 0.0327
326 0.4612 0.2754 0.1498 0.0853 0.0284
327 0.5547 0.2747 0.1360 0.0112 0.0234
328 0.6201 0.2354 0.1147 0.0080 0.0221
329 0.6406 0.2249 0.1014 0.0104 0.0226
330 0.6538 0.2156 0.0987 0.0077 0.0244
331 0.6514 0.2217 0.0953 0.0080 0.0234
332 0.5854 0.2402 0.1368 0.0149 0.0229
333 0.4954 0.2693 0.1766 0.0307 0.0282
334 0.4978 0.2141 0.1542 0.1068 0.0272
