time exciting_prob fearful_prob tense_prob sad_prob relaxing_prob
0 0.2037 0.2830 0.2496 0.2310 0.0327
1 0.2037 0.2830 0.2496 0.2310 0.0327
2 0.2037 0.2830 0.2496 0.2310 0.0327
3 0.0750 0.5044 0.1401 0.2153 0.0651
4 0.0304 0.0674 0.7363 0.1643 0.0015
5 0.1498 0.3535 0.0538 0.4167 0.0262
6 0.1508 0.5181 0.0609 0.2316 0.0390
7 0.1069 0.6919 0.0460 0.1416 0.0137
8 0.2045 0.4607 0.1997 0.0449 0.0900
9 0.3508 0.3508 0.1343 0.0426 0.1213
10 0.2764 0.4053 0.1378 0.0646 0.1161
11 0.1257 0.5815 0.1932 0.0769 0.0226
12 0.1399 0.2476 0.1433 0.3774 0.0918
13 0.1067 0.0485 0.2329 0.4707 0.1414
14 0.0826 0.0387 0.2974 0.4905 0.0907
15 0.1183 0.3477 0.3938 0.0943 0.0460
16 0.1475 0.1969 0.2129 0.2607 0.1820
17 0.1687 0.2695 0.1355 0.2654 0.1609
18 0.1770 0.1755 0.2255 0.2085 0.2135
19 0.1129 0.2773 0.2839 0.2372 0.0886
20 0.0776 0.5825 0.1394 0.1791 0.0214
21 0.0651 0.6177 0.2325 0.0671 0.0175
22 0.2546 0.3428 0.1864 0.1157 0.1005
23 0.0798 0.1379 0.1716 0.5718 0.0389
24 0.1372 0.3877 0.2749 0.1616 0.0384
25 0.1700 0.5933 0.1056 0.0882 0.0427
26 0.1694 0.2209 0.5137 0.0418 0.0541
27 0.0553 0.1678 0.7402 0.0112 0.0251
28 0.3003 0.2693 0.1582 0.1510 0.1213
29 0.1094 0.7305 0.0712 0.0212 0.0679
30 0.0731 0.7437 0.0606 0.0416 0.0809
31 0.1357 0.5083 0.2852 0.0371 0.0341
32 0.3455 0.4614 0.0719 0.0391 0.0821
33 0.4104 0.3074 0.0840 0.0324 0.1658
34 0.1180 0.7349 0.0553 0.0145 0.0775
35 0.1794 0.6772 0.0324 0.0232 0.0875
36 0.2015 0.4797 0.0591 0.0610 0.1985
37 0.2578 0.1691 0.1871 0.1946 0.1915
38 0.1660 0.7046 0.0241 0.0291 0.0760
39 0.3469 0.1639 0.1801 0.2329 0.0762
40 0.1063 0.2377 0.1030 0.5073 0.0457
41 0.0609 0.0819 0.0529 0.7832 0.0212
42 0.0039 0.0253 0.0123 0.9575 0.0008
43 0.1120 0.6597 0.0497 0.1383 0.0403
44 0.1492 0.5674 0.0768 0.0441 0.1626
45 0.0700 0.6909 0.1035 0.0449 0.0906
46 0.0804 0.1611 0.0271 0.6733 0.0579
47 0.2314 0.5215 0.0920 0.0851 0.0700
48 0.3276 0.3149 0.2473 0.0606 0.0495
49 0.4609 0.3452 0.0712 0.0309 0.0915
50 0.2476 0.3833 0.1755 0.1598 0.0338
51 0.2610 0.3003 0.3147 0.0719 0.0522
52 0.1364 0.1281 0.0534 0.5479 0.1343
53 0.0887 0.5605 0.0394 0.2546 0.0564
54 0.0708 0.7437 0.0556 0.0334 0.0967
55 0.0710 0.6895 0.0863 0.1207 0.0327
56 0.1006 0.6987 0.0841 0.0502 0.0665
57 0.0568 0.2484 0.0202 0.6445 0.0301
58 0.0590 0.8398 0.0242 0.0242 0.0529
59 0.1186 0.5317 0.0578 0.2693 0.0226
60 0.1378 0.4663 0.0386 0.3132 0.0441
61 0.1650 0.1346 0.3181 0.2595 0.1226
62 0.1681 0.1604 0.2297 0.3789 0.0628
63 0.5352 0.2469 0.1223 0.0264 0.0691
64 0.3213 0.2993 0.1268 0.1248 0.1278
65 0.0487 0.2510 0.0687 0.4839 0.1476
66 0.0558 0.1162 0.7578 0.0603 0.0100
67 0.2386 0.4321 0.1068 0.1719 0.0504
68 0.4600 0.3262 0.0898 0.1101 0.0140
69 0.2307 0.2344 0.3601 0.0939 0.0810
70 0.0657 0.0488 0.1117 0.7397 0.0341
71 0.0667 0.2515 0.3035 0.3660 0.0125
72 0.0911 0.0667 0.3547 0.4556 0.0320
73 0.0874 0.7095 0.0999 0.0888 0.0144
74 0.0814 0.6504 0.0867 0.1619 0.0195
75 0.2676 0.3010 0.0767 0.1649 0.1898
76 0.1116 0.5991 0.0646 0.2053 0.0194
77 0.1256 0.6685 0.0500 0.1357 0.0203
78 0.0606 0.1882 0.0392 0.6777 0.0343
79 0.1455 0.6831 0.0606 0.0709 0.0398
80 0.2155 0.6743 0.0504 0.0331 0.0268
81 0.1229 0.7354 0.0658 0.0276 0.0485
82 0.0326 0.0547 0.3000 0.6060 0.0065
83 0.0526 0.0720 0.2590 0.5840 0.0324
84 0.0679 0.0980 0.4192 0.4062 0.0085
85 0.4756 0.2585 0.1777 0.0782 0.0101
86 0.1163 0.4424 0.0695 0.3162 0.0558
87 0.3271 0.3223 0.1909 0.1088 0.0510
88 0.0471 0.0827 0.2507 0.5923 0.0269
89 0.5059 0.0980 0.0381 0.3450 0.0132
90 0.0487 0.3228 0.2551 0.3030 0.0703
91 0.1512 0.7563 0.0351 0.0407 0.0164
92 0.5596 0.1980 0.1566 0.0787 0.0070
93 0.2649 0.2886 0.2820 0.1213 0.0432
94 0.1205 0.4109 0.1621 0.2323 0.0742
95 0.2708 0.1103 0.2094 0.3701 0.0393
96 0.2198 0.1420 0.2164 0.2610 0.1608
97 0.0623 0.1320 0.2211 0.4397 0.1450
98 0.2179 0.1670 0.4436 0.0385 0.1332
99 0.4902 0.2108 0.2389 0.0297 0.0304
100 0.0583 0.4729 0.1344 0.3152 0.0192
101 0.0917 0.0709 0.0578 0.7617 0.0179
102 0.1219 0.2947 0.2073 0.3555 0.0208
103 0.0685 0.6860 0.1394 0.0943 0.0116
104 0.1842 0.5088 0.1917 0.0733 0.0421
105 0.0461 0.6514 0.1420 0.1387 0.0218
106 0.1230 0.3760 0.1085 0.3909 0.0018
107 0.1219 0.1127 0.1493 0.6094 0.0066
108 0.0626 0.1016 0.1410 0.6943 0.0006
109 0.1761 0.2125 0.1461 0.4644 0.0009
110 0.3623 0.4104 0.1851 0.0219 0.0204
111 0.1500 0.2416 0.3516 0.2133 0.0437
112 0.0201 0.8022 0.0638 0.1077 0.0064
113 0.0986 0.4421 0.0622 0.3665 0.0306
114 0.0630 0.3982 0.0809 0.4512 0.0066
115 0.0760 0.3628 0.0969 0.4587 0.0056
116 0.0732 0.0785 0.0785 0.7451 0.0249
117 0.4114 0.2573 0.2437 0.0374 0.0503
118 0.1786 0.4490 0.0466 0.2788 0.0470
119 0.0480 0.6035 0.1074 0.2255 0.0156
120 0.2386 0.3667 0.1257 0.2622 0.0066
121 0.1700 0.5117 0.2035 0.1016 0.0132
122 0.4294 0.2299 0.0974 0.2076 0.0355
123 0.0307 0.0279 0.0605 0.8760 0.0047
124 0.0532 0.0448 0.0662 0.8320 0.0039
125 0.0785 0.2020 0.2020 0.5156 0.0018
126 0.1608 0.3855 0.1545 0.2979 0.0011
127 0.2365 0.5674 0.1025 0.0285 0.0652
128 0.1033 0.5581 0.1245 0.1943 0.0197
129 0.0632 0.7637 0.0956 0.0504 0.0274
130 0.2031 0.1429 0.3508 0.2690 0.0339
131 0.3435 0.2893 0.1912 0.1410 0.0351
132 0.1376 0.3406 0.2198 0.2737 0.0286
133 0.0984 0.4585 0.1304 0.0214 0.2915
134 0.0726 0.3157 0.1445 0.4148 0.0523
135 0.1875 0.4902 0.0794 0.1449 0.0980
136 0.1266 0.5332 0.2517 0.0341 0.0544
137 0.2004 0.1797 0.1388 0.4050 0.0761
138 0.1066 0.3284 0.2329 0.2722 0.0598
139 0.2546 0.3977 0.1322 0.1658 0.0498
140 0.1812 0.3333 0.2678 0.1797 0.0383
141 0.3013 0.4631 0.0411 0.1613 0.0333
142 0.0612 0.0750 0.2311 0.6089 0.0240
143 0.1177 0.3276 0.0953 0.4548 0.0046
144 0.1838 0.5981 0.0687 0.1420 0.0076
145 0.1305 0.4448 0.0767 0.3254 0.0223
146 0.1781 0.5317 0.1824 0.0835 0.0243
147 0.0349 0.2103 0.1492 0.5454 0.0602
148 0.0965 0.0633 0.0470 0.7832 0.0102
149 0.1617 0.3267 0.0219 0.4717 0.0180
150 0.0559 0.0533 0.0996 0.7715 0.0196
151 0.0492 0.0352 0.1665 0.7349 0.0143
152 0.1450 0.5825 0.1472 0.1086 0.0168
153 0.0594 0.4326 0.0399 0.4126 0.0554
154 0.1296 0.3899 0.0371 0.3840 0.0593
155 0.1543 0.7080 0.0235 0.0586 0.0559
156 0.1251 0.6655 0.0747 0.0713 0.0634
157 0.1869 0.3604 0.1125 0.3130 0.0271
158 0.2484 0.4978 0.1111 0.0609 0.0819
159 0.1051 0.5952 0.0470 0.2190 0.0336
160 0.1262 0.4954 0.1262 0.1647 0.0875
161 0.0759 0.1924 0.0615 0.6509 0.0193
162 0.1499 0.5356 0.0394 0.2452 0.0298
163 0.0214 0.4238 0.0875 0.4512 0.0159
164 0.4080 0.3955 0.0889 0.0932 0.0143
165 0.1526 0.1870 0.1152 0.5410 0.0039
166 0.0154 0.2153 0.0688 0.6948 0.0056
167 0.2678 0.4346 0.0612 0.1959 0.0407
168 0.0059 0.2656 0.0484 0.6782 0.0020
169 0.1351 0.5513 0.0586 0.2175 0.0375
170 0.1575 0.1649 0.2637 0.2438 0.1702
171 0.1126 0.2966 0.4741 0.0622 0.0544
172 0.0729 0.6753 0.1211 0.0973 0.0334
173 0.1155 0.6191 0.1788 0.0408 0.0456
174 0.0296 0.0193 0.0266 0.9224 0.0019
175 0.0477 0.3181 0.0315 0.5942 0.0083
176 0.0094 0.0631 0.0383 0.8853 0.0039
177 0.1903 0.6392 0.1219 0.0318 0.0169
178 0.3333 0.5493 0.0672 0.0267 0.0232
179 0.0521 0.4229 0.2861 0.2335 0.0056
180 0.1792 0.2249 0.0840 0.4949 0.0169
181 0.0622 0.2944 0.1287 0.5088 0.0061
182 0.0876 0.4700 0.0261 0.3958 0.0205
183 0.4106 0.4043 0.1177 0.0385 0.0288
184 0.3423 0.4570 0.1174 0.0412 0.0419
185 0.2461 0.2876 0.0617 0.1447 0.2600
186 0.3052 0.2395 0.0828 0.0502 0.3223
187 0.4775 0.2874 0.1009 0.0588 0.0756
188 0.2805 0.4412 0.0954 0.1478 0.0351
189 0.0538 0.1157 0.0482 0.7544 0.0277
190 0.4490 0.1992 0.0496 0.2620 0.0402
191 0.2179 0.6016 0.0753 0.0922 0.0132
192 0.2859 0.5688 0.0813 0.0537 0.0104
193 0.0786 0.0955 0.0363 0.7876 0.0023
194 0.2069 0.6274 0.0322 0.1049 0.0284
195 0.3186 0.5596 0.0957 0.0157 0.0105
196 0.3418 0.2500 0.1858 0.1887 0.0336
197 0.0391 0.0828 0.0645 0.7974 0.0162
198 0.0243 0.0640 0.1421 0.7559 0.0135
199 0.2754 0.3821 0.1104 0.1952 0.0370
200 0.3953 0.4077 0.0992 0.0312 0.0666
201 0.0588 0.1868 0.2150 0.4998 0.0398
202 0.0523 0.5122 0.0905 0.2964 0.0484
203 0.3215 0.4902 0.0879 0.0599 0.0403
204 0.0638 0.7358 0.1747 0.0159 0.0100
205 0.0842 0.6313 0.1512 0.0720 0.0611
206 0.0707 0.5737 0.1053 0.1921 0.0581
207 0.1230 0.6445 0.0290 0.1832 0.0201
208 0.2467 0.4609 0.0859 0.0669 0.1395
209 0.2404 0.4456 0.1447 0.0627 0.1067
210 0.1456 0.3899 0.1689 0.2898 0.0057
211 0.2893 0.5801 0.0760 0.0388 0.0159
212 0.1116 0.5986 0.1503 0.0715 0.0677
213 0.2240 0.6089 0.0774 0.0662 0.0234
214 0.1831 0.4602 0.0980 0.2124 0.0463
215 0.1702 0.5850 0.0616 0.1587 0.0245
216 0.1683 0.6201 0.0770 0.0814 0.0529
217 0.2206 0.5947 0.0668 0.0688 0.0488
218 0.2852 0.5044 0.0891 0.0817 0.0398
219 0.3838 0.4487 0.0699 0.0232 0.0744
220 0.1792 0.5972 0.1241 0.0382 0.0615
221 0.1334 0.6069 0.1409 0.0630 0.0556
222 0.1077 0.7412 0.0695 0.0326 0.0489
223 0.1437 0.6592 0.0839 0.0478 0.0653
224 0.2632 0.4548 0.1344 0.0903 0.0574
225 0.2822 0.4236 0.1880 0.0821 0.0241
226 0.2935 0.4304 0.1621 0.0854 0.0284
227 0.2395 0.4138 0.0650 0.2322 0.0494
228 0.2015 0.6016 0.0385 0.0887 0.0696
229 0.2291 0.1170 0.1411 0.4556 0.0570
230 0.2291 0.1170 0.1411 0.4556 0.0570
