time exciting_prob fearful_prob tense_prob sad_prob relaxing_prob
0 0.2037 0.2830 0.2496 0.2310 0.0327
1 0.2037 0.2830 0.2496 0.2310 0.0327
2 0.0499 0.2148 0.3542 0.0731 0.3079
3 0.0692 0.2490 0.3403 0.0457 0.2957
4 0.0600 0.0997 0.4756 0.0478 0.3169
5 0.6426 0.0371 0.1550 0.0774 0.0876
6 0.1076 0.1747 0.3757 0.2542 0.0878
7 0.0743 0.2400 0.5493 0.0682 0.0682
8 0.1192 0.2408 0.5342 0.0576 0.0482
9 0.1877 0.2178 0.3704 0.0559 0.1682
10 0.1609 0.1254 0.2869 0.2915 0.1355
11 0.1262 0.0999 0.2529 0.1354 0.3857
12 0.1100 0.1772 0.3442 0.0598 0.3086
13 0.0521 0.0456 0.2264 0.0887 0.5874
14 0.6021 0.0783 0.2394 0.0457 0.0348
15 0.2710 0.0497 0.1473 0.0216 0.5103
16 0.3242 0.1069 0.1847 0.0168 0.3674
17 0.2524 0.1997 0.3142 0.0372 0.1965
18 0.0840 0.2546 0.1202 0.0187 0.5225
19 0.0833 0.1907 0.4165 0.0141 0.2954
20 0.5669 0.1456 0.1991 0.0631 0.0251
21 0.1101 0.1349 0.3137 0.3186 0.1228
22 0.0765 0.0783 0.1475 0.0471 0.6504
23 0.6499 0.0577 0.0741 0.1569 0.0614
24 0.1035 0.0550 0.1068 0.0160 0.7188
25 0.0861 0.1852 0.4802 0.0218 0.2268
26 0.0659 0.1384 0.6206 0.0157 0.1594
27 0.3794 0.1658 0.2566 0.1764 0.0217
28 0.2747 0.1257 0.3018 0.2791 0.0190
29 0.0360 0.0360 0.0964 0.8193 0.0123
30 0.1433 0.1433 0.3384 0.0519 0.3230
31 0.1672 0.1204 0.3623 0.0494 0.3005
32 0.1927 0.1098 0.3438 0.0259 0.3279
33 0.1615 0.0851 0.1802 0.0987 0.4746
34 0.1144 0.0919 0.2788 0.4524 0.0627
35 0.0681 0.1204 0.5879 0.0142 0.2096
36 0.1054 0.0959 0.2957 0.0990 0.4041
37 0.0979 0.0964 0.2106 0.0318 0.5635
38 0.1780 0.1583 0.4839 0.0464 0.1333
39 0.6514 0.1647 0.0822 0.0191 0.0828
40 0.0565 0.0507 0.2654 0.5708 0.0565
41 0.1101 0.2725 0.3726 0.1191 0.1257
42 0.5996 0.0623 0.1887 0.0520 0.0972
43 0.4836 0.0629 0.1698 0.2285 0.0551
44 0.0357 0.1665 0.3933 0.0575 0.3469
45 0.1705 0.0706 0.2725 0.0642 0.4221
46 0.1321 0.2246 0.1605 0.2751 0.2078
47 0.0676 0.1132 0.1986 0.0725 0.5483
48 0.1290 0.1139 0.4541 0.0277 0.2754
49 0.2079 0.0833 0.2430 0.0258 0.4399
50 0.1783 0.0271 0.1433 0.0476 0.6035
51 0.1350 0.0279 0.0942 0.0132 0.7300
52 0.1998 0.0981 0.0807 0.0248 0.5967
53 0.0528 0.1200 0.3340 0.0224 0.4709
54 0.0186 0.1593 0.5059 0.1240 0.1921
55 0.0817 0.2152 0.5581 0.0105 0.1346
56 0.0831 0.1237 0.6958 0.0132 0.0844
57 0.2277 0.0800 0.3582 0.0129 0.3210
58 0.1240 0.1028 0.4263 0.0098 0.3372
59 0.1652 0.0346 0.0941 0.6636 0.0424
60 0.2046 0.1892 0.2014 0.3071 0.0974
61 0.3247 0.1752 0.3918 0.0514 0.0569
62 0.1042 0.0964 0.2944 0.0268 0.4780
63 0.1155 0.1259 0.5220 0.0193 0.2175
64 0.3000 0.0168 0.0712 0.2773 0.3347
65 0.2949 0.0653 0.0858 0.0525 0.5015
66 0.1131 0.1880 0.1938 0.4509 0.0543
67 0.2180 0.2844 0.3826 0.0064 0.1088
68 0.3010 0.0357 0.1854 0.3357 0.1422
69 0.0425 0.1329 0.2388 0.0220 0.5640
70 0.0982 0.0873 0.1451 0.0190 0.6504
71 0.0498 0.0461 0.1396 0.0214 0.7432
72 0.0624 0.0901 0.3508 0.0670 0.4297
73 0.2891 0.1559 0.2891 0.1150 0.1511
74 0.1655 0.2028 0.4714 0.1240 0.0363
75 0.0870 0.1527 0.5244 0.1870 0.0488
76 0.1635 0.0737 0.5073 0.1768 0.0784
77 0.0471 0.1569 0.2976 0.4832 0.0154
78 0.0124 0.0074 0.0414 0.0117 0.9272
79 0.0653 0.0508 0.1077 0.7471 0.0290
80 0.1896 0.0243 0.1365 0.6313 0.0185
81 0.1240 0.0525 0.1279 0.6499 0.0456
82 0.1580 0.0268 0.1438 0.0063 0.6650
83 0.1376 0.0961 0.2452 0.5034 0.0179
84 0.1512 0.1500 0.5239 0.1454 0.0295
85 0.1410 0.1987 0.4275 0.1741 0.0587
86 0.2056 0.1349 0.3135 0.1018 0.2441
87 0.0542 0.1281 0.4539 0.1593 0.2046
88 0.1213 0.2112 0.4268 0.0670 0.1737
89 0.0657 0.0980 0.3555 0.0316 0.4492
90 0.1364 0.1232 0.4473 0.0282 0.2649
91 0.0335 0.0991 0.7676 0.0809 0.0189
92 0.0259 0.0651 0.8447 0.0515 0.0127
93 0.0271 0.0518 0.8359 0.0601 0.0251
94 0.3142 0.1331 0.3345 0.1497 0.0685
95 0.2732 0.0915 0.4434 0.1193 0.0729
96 0.1892 0.0311 0.3425 0.3374 0.0997
97 0.0271 0.1407 0.6411 0.1282 0.0630
98 0.0977 0.1648 0.3462 0.0286 0.3628
99 0.0906 0.1859 0.3938 0.0231 0.3066
100 0.0230 0.1884 0.6997 0.0575 0.0312
101 0.0230 0.1125 0.8188 0.0093 0.0363
102 0.1083 0.2520 0.1871 0.0174 0.4353
103 0.0728 0.2406 0.4158 0.0107 0.2603
104 0.1464 0.0692 0.1177 0.3101 0.3567
105 0.1887 0.1154 0.5254 0.0303 0.1403
106 0.0471 0.2063 0.4873 0.1821 0.0771
107 0.0565 0.2654 0.3862 0.0917 0.2003
108 0.0708 0.2048 0.3889 0.1431 0.1925
109 0.0471 0.2798 0.4006 0.0513 0.2212
110 0.1460 0.1654 0.6050 0.0432 0.0402
111 0.2262 0.1890 0.1761 0.1604 0.2484
112 0.2362 0.2634 0.2004 0.0992 0.2004
113 0.1478 0.0911 0.2761 0.4211 0.0636
114 0.3154 0.1526 0.2219 0.1411 0.1688
115 0.0906 0.2190 0.4783 0.0360 0.1760
116 0.0430 0.0836 0.2783 0.2202 0.3748
117 0.0292 0.1506 0.7769 0.0235 0.0199
118 0.0753 0.0765 0.7661 0.0376 0.0446
119 0.1692 0.0920 0.1902 0.0438 0.5049
120 0.1332 0.1061 0.2355 0.0187 0.5063
121 0.2642 0.0452 0.5376 0.0858 0.0673
122 0.1913 0.2004 0.5713 0.0137 0.0234
123 0.2034 0.1583 0.4653 0.0416 0.1312
124 0.3462 0.1548 0.1727 0.2416 0.0848
125 0.1885 0.1327 0.5586 0.0774 0.0431
126 0.0379 0.2100 0.7104 0.0228 0.0188
127 0.0891 0.1199 0.7007 0.0217 0.0688
128 0.1707 0.0769 0.6646 0.0563 0.0318
129 0.1349 0.0684 0.6641 0.1154 0.0172
130 0.1687 0.0946 0.5034 0.1039 0.1293
131 0.1820 0.2095 0.5781 0.0184 0.0117
132 0.1109 0.0948 0.5376 0.0979 0.1588
133 0.0317 0.3013 0.6479 0.0173 0.0020
134 0.0117 0.2888 0.6929 0.0048 0.0017
135 0.0374 0.2155 0.6138 0.1018 0.0313
136 0.0118 0.0343 0.6997 0.2534 0.0007
137 0.0309 0.0936 0.0936 0.0339 0.7480
138 0.0824 0.1946 0.5044 0.1744 0.0441
139 0.1197 0.2573 0.3923 0.1810 0.0495
140 0.1765 0.1322 0.5835 0.0471 0.0605
141 0.1519 0.1775 0.4192 0.2316 0.0199
142 0.0254 0.2000 0.6870 0.0860 0.0018
143 0.1621 0.1987 0.5483 0.0128 0.0778
144 0.1103 0.1416 0.6348 0.0033 0.1103
145 0.0858 0.0504 0.1371 0.0196 0.7070
146 0.0560 0.1149 0.3767 0.0117 0.4404
147 0.0584 0.0933 0.2070 0.0421 0.5991
148 0.0327 0.0379 0.2064 0.0025 0.7207
149 0.0250 0.0851 0.4602 0.0041 0.4255
150 0.1323 0.1476 0.4304 0.0834 0.2064
151 0.0284 0.0526 0.4541 0.0182 0.4470
152 0.1102 0.0572 0.4226 0.2686 0.1415
153 0.0873 0.0690 0.7422 0.0654 0.0361
154 0.2096 0.0930 0.5269 0.0714 0.0990
155 0.3176 0.0742 0.5488 0.0388 0.0208
156 0.2440 0.1246 0.5498 0.0395 0.0421
157 0.2834 0.1191 0.5254 0.0355 0.0366
158 0.0442 0.2444 0.6543 0.0344 0.0229
159 0.0584 0.1813 0.7168 0.0188 0.0247
160 0.1014 0.1079 0.7036 0.0088 0.0783
161 0.1113 0.1907 0.4365 0.0167 0.2449
162 0.0719 0.1633 0.4800 0.0071 0.2778
163 0.0333 0.0412 0.0497 0.0618 0.8140
164 0.0341 0.2140 0.7354 0.0122 0.0046
165 0.0092 0.0113 0.0728 0.0333 0.8735
166 0.0801 0.2014 0.3374 0.3320 0.0490
167 0.1667 0.0936 0.5220 0.1919 0.0260
168 0.1897 0.4412 0.3081 0.0430 0.0181
169 0.1360 0.2500 0.5210 0.0805 0.0125
170 0.0703 0.0961 0.3005 0.0139 0.5190
171 0.0172 0.1044 0.4395 0.1320 0.3069
172 0.0180 0.1785 0.2898 0.4929 0.0208
173 0.0397 0.1194 0.8159 0.0147 0.0104
174 0.0410 0.0796 0.8423 0.0107 0.0267
175 0.0300 0.0635 0.2433 0.6509 0.0122
176 0.0685 0.4863 0.3730 0.0406 0.0316
177 0.0611 0.5439 0.2913 0.0714 0.0322
178 0.0689 0.1874 0.6143 0.0323 0.0972
179 0.1648 0.1726 0.3079 0.0518 0.3030
180 0.1304 0.1796 0.5620 0.0335 0.0947
181 0.1021 0.1631 0.6655 0.0137 0.0555
182 0.0394 0.2358 0.6934 0.0192 0.0121
183 0.0340 0.1014 0.5317 0.3225 0.0104
184 0.0233 0.0818 0.5054 0.0258 0.3640
185 0.0822 0.1674 0.5933 0.0977 0.0592
186 0.1107 0.0327 0.6670 0.1768 0.0127
187 0.0600 0.1384 0.7485 0.0339 0.0189
188 0.0508 0.3611 0.4636 0.0800 0.0445
189 0.2482 0.2856 0.2769 0.0201 0.1692
190 0.0668 0.3694 0.3416 0.0246 0.1978
191 0.0339 0.0908 0.1953 0.6714 0.0086
192 0.1217 0.0651 0.2700 0.0978 0.4453
193 0.1165 0.1951 0.4983 0.1427 0.0475
194 0.2273 0.1575 0.4812 0.0133 0.1207
195 0.1256 0.1798 0.6377 0.0210 0.0360
196 0.0646 0.1810 0.3381 0.4016 0.0145
197 0.0154 0.2568 0.2302 0.4873 0.0103
198 0.0798 0.2991 0.4929 0.0232 0.1050
199 0.0790 0.1686 0.5527 0.0410 0.1584
200 0.0517 0.0833 0.2374 0.0118 0.6157
201 0.0547 0.1710 0.4436 0.0350 0.2957
202 0.0504 0.3416 0.5049 0.0448 0.0584
203 0.0363 0.2686 0.6338 0.0387 0.0226
204 0.0376 0.2393 0.3765 0.2932 0.0534
205 0.1339 0.0965 0.6909 0.0080 0.0706
206 0.0961 0.1355 0.6265 0.0105 0.1313
207 0.1478 0.0682 0.1031 0.0186 0.6621
208 0.2627 0.0324 0.0675 0.0070 0.6304
209 0.1177 0.1852 0.5439 0.1047 0.0483
210 0.2443 0.0580 0.2812 0.3611 0.0554
211 0.3904 0.1190 0.1307 0.0313 0.3286
212 0.4185 0.1527 0.2498 0.0178 0.1613
213 0.0294 0.2991 0.4353 0.0905 0.1458
214 0.0731 0.1477 0.6938 0.0465 0.0391
215 0.0541 0.0886 0.3672 0.0260 0.4641
216 0.0356 0.2610 0.5522 0.0450 0.1063
217 0.0274 0.1067 0.1731 0.0187 0.6743
218 0.0536 0.1929 0.5083 0.0368 0.2086
219 0.0359 0.1233 0.6021 0.1571 0.0815
220 0.0425 0.1027 0.6855 0.0695 0.0995
221 0.1245 0.1586 0.3865 0.0544 0.2761
222 0.0207 0.0226 0.0707 0.0108 0.8750
223 0.0202 0.2898 0.5854 0.0445 0.0598
224 0.0315 0.3130 0.5410 0.0575 0.0570
225 0.3130 0.1235 0.2021 0.2515 0.1099
226 0.1170 0.0940 0.2917 0.0726 0.4246
227 0.1204 0.2032 0.2339 0.0569 0.3857
228 0.1162 0.3809 0.2170 0.1058 0.1799
229 0.0788 0.1230 0.5918 0.0546 0.1520
230 0.0485 0.1076 0.8013 0.0226 0.0202
231 0.0243 0.0947 0.8569 0.0123 0.0117
232 0.1071 0.3027 0.3826 0.0909 0.1167
233 0.0547 0.3569 0.1609 0.3301 0.0975
234 0.0630 0.3599 0.5073 0.0345 0.0353
235 0.1775 0.1566 0.4392 0.0349 0.1919
236 0.0840 0.1764 0.6455 0.0141 0.0801
237 0.3359 0.0786 0.1611 0.0407 0.3835
238 0.0819 0.1628 0.5957 0.0794 0.0800
239 0.0791 0.1265 0.5000 0.0544 0.2400
240 0.0755 0.2004 0.3804 0.0698 0.2739
241 0.2308 0.1688 0.1315 0.1990 0.2698
242 0.1353 0.2196 0.2374 0.2031 0.2047
243 0.1259 0.1426 0.4639 0.0196 0.2483
244 0.5142 0.0644 0.0605 0.3120 0.0490
245 0.1622 0.0939 0.2397 0.4768 0.0275
246 0.0205 0.1786 0.7173 0.0462 0.0374
247 0.0252 0.1750 0.7256 0.0172 0.0568
248 0.1107 0.1304 0.5322 0.0791 0.1477
249 0.0380 0.0532 0.2832 0.0352 0.5903
250 0.0665 0.1322 0.5742 0.0123 0.2146
251 0.1166 0.1593 0.5474 0.0413 0.1353
252 0.2092 0.0563 0.2952 0.0361 0.4033
253 0.6743 0.1050 0.0673 0.0941 0.0594
254 0.1309 0.0572 0.3906 0.3906 0.0306
255 0.1740 0.1262 0.2959 0.0120 0.3918
256 0.1356 0.1334 0.2983 0.0247 0.4080
257 0.0141 0.0855 0.8774 0.0215 0.0015
258 0.0194 0.0480 0.7988 0.1304 0.0036
259 0.0323 0.1049 0.7876 0.0699 0.0053
260 0.0495 0.1161 0.7510 0.0732 0.0101
261 0.0510 0.1215 0.6885 0.1115 0.0278
262 0.0638 0.1211 0.7305 0.0214 0.0633
263 0.0864 0.1011 0.6904 0.0369 0.0851
264 0.0930 0.1848 0.6553 0.0222 0.0446
265 0.0844 0.1602 0.6636 0.0099 0.0818
266 0.0735 0.1848 0.6973 0.0111 0.0331
267 0.0964 0.1110 0.7524 0.0165 0.0235
268 0.0766 0.1334 0.7383 0.0273 0.0247
269 0.0417 0.1455 0.7866 0.0123 0.0141
270 0.1094 0.1617 0.6807 0.0111 0.0369
271 0.1013 0.1321 0.7197 0.0147 0.0321
272 0.0463 0.1163 0.7466 0.0679 0.0229
273 0.0413 0.2048 0.6611 0.0494 0.0433
274 0.0742 0.2097 0.4238 0.0312 0.2610
275 0.0455 0.2595 0.4773 0.0216 0.1959
276 0.0237 0.3298 0.4578 0.0555 0.1332
277 0.1621 0.4407 0.1365 0.2322 0.0284
278 0.2306 0.2167 0.1377 0.3572 0.0579
