time exciting_prob fearful_prob tense_prob sad_prob relaxing_prob
0 0.2037 0.2830 0.2496 0.2310 0.0327
1 0.0909 0.1621 0.0828 0.1323 0.5317
2 0.0668 0.0806 0.0972 0.1505 0.6050
3 0.0285 0.0905 0.0823 0.4521 0.3467
4 0.0862 0.2896 0.2939 0.2255 0.1049
5 0.0760 0.3572 0.2201 0.2133 0.1334
6 0.0322 0.2651 0.2032 0.3350 0.1646
7 0.0429 0.1711 0.2032 0.4170 0.1659
8 0.0455 0.2517 0.1771 0.3899 0.1357
9 0.0447 0.1635 0.1714 0.5708 0.0499
10 0.0537 0.3557 0.3018 0.1591 0.1298
11 0.0414 0.2556 0.4890 0.1198 0.0941
12 0.0488 0.0786 0.0636 0.0217 0.7876
13 0.0552 0.0984 0.0737 0.0340 0.7388
14 0.0460 0.1395 0.1270 0.2045 0.4829
15 0.0424 0.1992 0.1266 0.1758 0.4561
16 0.0565 0.2698 0.1898 0.1898 0.2939
17 0.0567 0.0723 0.0563 0.0252 0.7896
18 0.0636 0.1198 0.0667 0.0444 0.7056
19 0.0421 0.0618 0.0235 0.0258 0.8467
20 0.0573 0.0521 0.0807 0.1848 0.6250
21 0.0586 0.3142 0.3372 0.1936 0.0966
22 0.1846 0.2026 0.3557 0.1210 0.1361
23 0.1410 0.2253 0.2939 0.1810 0.1586
24 0.0668 0.1707 0.0865 0.1076 0.5684
25 0.0269 0.2418 0.2698 0.4243 0.0371
26 0.1843 0.1002 0.1228 0.2480 0.3445
27 0.1237 0.1083 0.1256 0.1050 0.5371
28 0.0917 0.1294 0.1039 0.1635 0.5117
29 0.0331 0.1416 0.4163 0.3789 0.0302
30 0.0515 0.0977 0.2698 0.5278 0.0531
31 0.0417 0.1613 0.1813 0.4702 0.1456
32 0.0427 0.1841 0.1575 0.4702 0.1456
33 0.0458 0.1797 0.1884 0.3660 0.2202
34 0.0807 0.2649 0.3120 0.2842 0.0582
35 0.0776 0.1111 0.1383 0.5059 0.1669
36 0.0555 0.0501 0.2372 0.1708 0.4866
37 0.0550 0.2140 0.4390 0.2242 0.0679
38 0.0367 0.1094 0.4163 0.3674 0.0701
39 0.0698 0.1869 0.3491 0.3130 0.0810
40 0.0475 0.1281 0.1096 0.1923 0.5225
41 0.0693 0.2218 0.2573 0.3435 0.1081
42 0.0719 0.2001 0.3796 0.2471 0.1014
43 0.0545 0.1437 0.4636 0.1934 0.1448
44 0.0953 0.0671 0.3250 0.2959 0.2166
45 0.1653 0.0806 0.3638 0.2073 0.1830
46 0.1807 0.0833 0.1864 0.1232 0.4265
47 0.1697 0.1792 0.2588 0.1569 0.2356
48 0.0726 0.2808 0.2439 0.2477 0.1550
49 0.0568 0.2842 0.2732 0.1937 0.1923
50 0.0500 0.4531 0.2388 0.1415 0.1164
51 0.0609 0.2091 0.1494 0.1775 0.4031
52 0.0909 0.0938 0.2433 0.2395 0.3325
53 0.0662 0.0540 0.1639 0.1614 0.5547
54 0.1578 0.0673 0.3091 0.1471 0.3188
55 0.0419 0.2145 0.3374 0.2079 0.1984
56 0.0261 0.1782 0.2937 0.1477 0.3542
57 0.1566 0.0878 0.1654 0.2561 0.3340
58 0.1013 0.1849 0.0847 0.2468 0.3823
59 0.0644 0.3428 0.3455 0.2095 0.0381
60 0.1383 0.1383 0.2428 0.4229 0.0577
61 0.2056 0.2367 0.1843 0.2922 0.0812
62 0.1482 0.1859 0.2124 0.3164 0.1371
63 0.0790 0.1713 0.5483 0.1132 0.0881
64 0.0699 0.1026 0.3638 0.3994 0.0642
65 0.2052 0.0918 0.0667 0.3032 0.3330
66 0.0892 0.0470 0.0576 0.3164 0.4900
67 0.1273 0.0910 0.0535 0.2003 0.5278
68 0.0623 0.1904 0.4824 0.2369 0.0279
69 0.0770 0.1951 0.4902 0.1965 0.0412
70 0.0565 0.1399 0.6470 0.0544 0.1024
71 0.0254 0.2952 0.4573 0.1997 0.0224
72 0.0266 0.3240 0.3613 0.2686 0.0196
73 0.0911 0.2307 0.0424 0.2307 0.4050
74 0.1119 0.1101 0.0831 0.1267 0.5679
75 0.0763 0.1278 0.5054 0.2140 0.0763
76 0.0987 0.1136 0.1307 0.5088 0.1481
77 0.0261 0.1169 0.4922 0.3079 0.0570
78 0.0767 0.0699 0.0693 0.2515 0.5327
79 0.0419 0.0724 0.0629 0.2957 0.5269
80 0.0673 0.1802 0.4255 0.2747 0.0524
81 0.0288 0.0868 0.5928 0.2358 0.0556
82 0.0567 0.0751 0.1382 0.1747 0.5552
83 0.0544 0.1208 0.3335 0.3779 0.1135
84 0.0878 0.0695 0.1746 0.3472 0.3210
85 0.1445 0.0562 0.2239 0.2498 0.3257
86 0.0213 0.1458 0.5947 0.2311 0.0073
87 0.0822 0.2147 0.2018 0.3828 0.1186
88 0.0712 0.0649 0.5693 0.1069 0.1877
89 0.0458 0.1562 0.4246 0.2419 0.1315
90 0.1125 0.1389 0.0897 0.4661 0.1929
91 0.0659 0.1849 0.1148 0.3074 0.3271
92 0.0536 0.2155 0.4421 0.1931 0.0956
93 0.1154 0.1101 0.3088 0.2600 0.2057
94 0.1023 0.0939 0.1431 0.4619 0.1987
95 0.1605 0.1543 0.3972 0.0852 0.2029
96 0.0367 0.2234 0.3406 0.3352 0.0640
97 0.2086 0.0911 0.1526 0.3547 0.1929
98 0.1331 0.0853 0.0741 0.3704 0.3372
99 0.0988 0.2644 0.2483 0.1859 0.2026
100 0.2119 0.1236 0.1663 0.3604 0.1378
101 0.1091 0.1378 0.2238 0.2037 0.3257
102 0.0347 0.0974 0.3296 0.1532 0.3853
103 0.1681 0.0972 0.1393 0.3140 0.2815
104 0.0434 0.1743 0.2617 0.3691 0.1515
105 0.1691 0.0683 0.0870 0.5288 0.1469
106 0.2917 0.1410 0.1099 0.2676 0.1898
107 0.0491 0.3433 0.2323 0.2252 0.1500
108 0.0463 0.4065 0.3701 0.1508 0.0264
109 0.1743 0.0863 0.1108 0.2537 0.3750
110 0.1000 0.0535 0.0882 0.5933 0.1648
111 0.1040 0.1089 0.1466 0.3987 0.2418
112 0.1219 0.1067 0.0344 0.1277 0.6094
113 0.1686 0.1824 0.1477 0.1387 0.3625
114 0.1256 0.2104 0.0774 0.0934 0.4932
115 0.1122 0.2017 0.0802 0.1223 0.4836
116 0.0695 0.1980 0.2010 0.4900 0.0415
117 0.1345 0.3008 0.2698 0.2494 0.0454
118 0.0950 0.2583 0.0378 0.5640 0.0449
119 0.0632 0.2041 0.0229 0.6797 0.0299
120 0.0340 0.3708 0.4072 0.1698 0.0182
121 0.0405 0.2482 0.1873 0.4934 0.0306
122 0.0817 0.3894 0.2362 0.2085 0.0842
123 0.0632 0.4670 0.2461 0.1317 0.0920
124 0.0859 0.1231 0.1682 0.2161 0.4067
125 0.0272 0.1829 0.1978 0.5547 0.0377
126 0.0757 0.3286 0.2480 0.2683 0.0793
127 0.0690 0.2124 0.2603 0.3613 0.0972
128 0.0724 0.5181 0.1937 0.1104 0.1053
129 0.0994 0.0878 0.2277 0.3994 0.1858
130 0.1163 0.2925 0.1277 0.1802 0.2834
131 0.0728 0.1858 0.1493 0.1801 0.4121
132 0.0955 0.0970 0.1179 0.5083 0.1813
133 0.1069 0.1832 0.1249 0.3533 0.2317
134 0.0886 0.1682 0.0609 0.6250 0.0572
135 0.2109 0.3218 0.0381 0.3022 0.1270
136 0.2214 0.3887 0.0340 0.2778 0.0783
137 0.0535 0.5234 0.2183 0.1548 0.0499
138 0.1012 0.3369 0.1721 0.2280 0.1617
139 0.0422 0.0981 0.2316 0.3167 0.3115
140 0.0416 0.1738 0.1088 0.3298 0.3457
141 0.0723 0.2563 0.1682 0.3242 0.1790
142 0.0867 0.4546 0.1149 0.1698 0.1738
143 0.1494 0.3555 0.0751 0.2368 0.1830
144 0.1434 0.3037 0.1058 0.3389 0.1083
145 0.1541 0.3933 0.1392 0.2241 0.0892
146 0.0359 0.2150 0.3716 0.2893 0.0883
147 0.0222 0.0950 0.1494 0.6094 0.1238
148 0.0819 0.2561 0.0878 0.3140 0.2603
149 0.0520 0.3013 0.2137 0.4055 0.0274
150 0.0641 0.4348 0.2988 0.1743 0.0280
151 0.0400 0.6016 0.2145 0.1342 0.0099
152 0.0510 0.3027 0.1545 0.1646 0.3271
153 0.0671 0.3628 0.1661 0.0836 0.3203
154 0.1284 0.4243 0.2476 0.1265 0.0732
155 0.1604 0.3369 0.1997 0.1138 0.1891
156 0.1277 0.3364 0.1359 0.2600 0.1403
157 0.0418 0.2485 0.1997 0.4570 0.0529
158 0.0141 0.4590 0.1091 0.3926 0.0251
159 0.0145 0.2240 0.0905 0.6479 0.0229
160 0.0231 0.3667 0.0710 0.4856 0.0536
161 0.0494 0.3171 0.1953 0.3706 0.0675
162 0.0685 0.2544 0.2352 0.3701 0.0718
163 0.0593 0.3464 0.2134 0.3105 0.0704
164 0.0721 0.2291 0.4021 0.1813 0.1152
165 0.0164 0.3340 0.1155 0.5254 0.0085
166 0.1082 0.5620 0.0420 0.2325 0.0552
167 0.0871 0.2443 0.2683 0.2189 0.1815
168 0.0391 0.0615 0.1752 0.6211 0.1030
169 0.0087 0.2678 0.0955 0.6230 0.0051
170 0.0653 0.2524 0.2603 0.2192 0.2028
171 0.0148 0.3232 0.1757 0.4775 0.0088
172 0.0193 0.0729 0.1321 0.7256 0.0501
173 0.0278 0.2019 0.1225 0.5845 0.0635
174 0.0520 0.4287 0.1035 0.3965 0.0191
175 0.0434 0.2307 0.1235 0.5449 0.0574
176 0.0641 0.5806 0.1379 0.2070 0.0101
177 0.0472 0.1082 0.1065 0.3835 0.3547
178 0.0172 0.2062 0.1556 0.6060 0.0152
179 0.0710 0.1327 0.0732 0.6230 0.1001
180 0.0867 0.6162 0.1204 0.1271 0.0498
181 0.0798 0.2871 0.1715 0.3806 0.0810
182 0.0240 0.2087 0.2598 0.2087 0.2988
183 0.0898 0.0632 0.1153 0.1901 0.5415
184 0.0376 0.3350 0.0639 0.5024 0.0610
185 0.0999 0.5356 0.0945 0.2268 0.0433
186 0.0407 0.2961 0.0889 0.3801 0.1942
187 0.0598 0.1348 0.0637 0.1285 0.6133
188 0.0558 0.3667 0.1931 0.2810 0.1034
189 0.1268 0.5132 0.0825 0.2140 0.0633
190 0.1129 0.3506 0.1520 0.3320 0.0525
191 0.0152 0.2262 0.1846 0.5513 0.0231
192 0.0703 0.2130 0.2610 0.3738 0.0821
193 0.0638 0.2837 0.2043 0.2708 0.1775
194 0.0457 0.2546 0.1863 0.2588 0.2546
195 0.0509 0.5479 0.2627 0.1321 0.0065
196 0.0166 0.2510 0.1242 0.5835 0.0248
197 0.0315 0.5493 0.0773 0.3032 0.0388
198 0.0697 0.5107 0.2081 0.1659 0.0453
199 0.0546 0.6597 0.1472 0.1279 0.0103
200 0.0157 0.2042 0.1360 0.6099 0.0344
201 0.0328 0.4895 0.1447 0.2878 0.0452
202 0.1483 0.2297 0.1220 0.4062 0.0936
203 0.0139 0.3313 0.1144 0.5293 0.0112
204 0.0674 0.5381 0.0684 0.1846 0.1415
205 0.0779 0.3572 0.1525 0.1649 0.2474
206 0.0168 0.1094 0.0493 0.7026 0.1221
207 0.1266 0.1664 0.1626 0.3062 0.2384
208 0.0933 0.1246 0.0651 0.2203 0.4966
209 0.0233 0.0120 0.0397 0.0625 0.8623
210 0.0308 0.0331 0.0248 0.0845 0.8267
211 0.0736 0.3738 0.0681 0.4651 0.0197
212 0.1750 0.4722 0.0753 0.2063 0.0713
213 0.0859 0.2729 0.1876 0.3450 0.1086
214 0.0743 0.3010 0.1663 0.3467 0.1116
215 0.0211 0.0772 0.1355 0.7212 0.0447
216 0.0448 0.3691 0.1025 0.3413 0.1423
217 0.1575 0.2830 0.1226 0.2786 0.1587
218 0.1611 0.2456 0.0519 0.4517 0.0897
219 0.0356 0.1644 0.1428 0.3945 0.2627
220 0.0578 0.3027 0.1177 0.3596 0.1621
221 0.0519 0.1929 0.1783 0.5327 0.0444
222 0.0367 0.5820 0.1129 0.2427 0.0256
223 0.0320 0.5669 0.0792 0.2986 0.0234
224 0.1207 0.0641 0.0932 0.1729 0.5493
225 0.1243 0.1097 0.0828 0.2216 0.4617
226 0.1940 0.0649 0.1396 0.1711 0.4302
227 0.0474 0.2156 0.3843 0.1437 0.2090
228 0.0859 0.3911 0.0839 0.2952 0.1439
229 0.0318 0.0492 0.1010 0.6382 0.1799
230 0.0331 0.0825 0.1829 0.1887 0.5127
231 0.0870 0.3958 0.0377 0.0836 0.3958
232 0.0400 0.2488 0.0820 0.4165 0.2128
233 0.0925 0.3281 0.0677 0.2290 0.2827
234 0.0324 0.1486 0.3677 0.4231 0.0284
235 0.0513 0.2605 0.1250 0.2487 0.3145
236 0.0759 0.1232 0.1464 0.3679 0.2866
237 0.0294 0.2069 0.1025 0.4116 0.2496
238 0.0249 0.0768 0.0466 0.4854 0.3665
239 0.0305 0.1134 0.0444 0.3835 0.4280
240 0.0964 0.5093 0.1172 0.2482 0.0287
241 0.0516 0.4709 0.1035 0.3447 0.0292
242 0.1104 0.3479 0.2355 0.2546 0.0517
243 0.1488 0.4802 0.0766 0.2695 0.0249
244 0.0406 0.1818 0.1052 0.2158 0.4568
245 0.0626 0.4663 0.1346 0.3010 0.0354
246 0.0423 0.3540 0.0719 0.5029 0.0286
247 0.0547 0.2866 0.0703 0.4172 0.1711
248 0.0840 0.3025 0.1670 0.4299 0.0168
249 0.0560 0.2981 0.1376 0.4841 0.0241
250 0.0293 0.1610 0.1973 0.5889 0.0236
251 0.0387 0.3618 0.1696 0.4165 0.0134
252 0.0980 0.2622 0.0585 0.2227 0.3586
253 0.0574 0.1660 0.1215 0.3301 0.3250
254 0.0827 0.0930 0.2129 0.5107 0.1006
255 0.1603 0.0722 0.1084 0.5015 0.1577
256 0.0980 0.2426 0.1919 0.3877 0.0800
257 0.0659 0.2316 0.2012 0.4790 0.0224
258 0.0283 0.1718 0.5503 0.2294 0.0205
259 0.0533 0.2925 0.2561 0.3784 0.0201
260 0.0495 0.5449 0.0816 0.3010 0.0230
261 0.0913 0.5293 0.0751 0.2747 0.0294
262 0.0670 0.6616 0.1063 0.1243 0.0410
263 0.0894 0.4607 0.1439 0.2354 0.0707
264 0.0963 0.3870 0.1379 0.3469 0.0318
265 0.0661 0.4736 0.1235 0.3010 0.0357
266 0.0784 0.1187 0.2166 0.3252 0.2612
267 0.0339 0.1240 0.2839 0.5220 0.0361
268 0.0656 0.1649 0.2554 0.1755 0.3384
269 0.0339 0.4534 0.1320 0.3530 0.0277
270 0.0685 0.2177 0.3318 0.3423 0.0396
271 0.0970 0.1400 0.2742 0.2273 0.2615
272 0.0883 0.2152 0.1527 0.1600 0.3838
273 0.0156 0.1394 0.4644 0.3047 0.0758
274 0.0432 0.1556 0.0468 0.6655 0.0887
275 0.0283 0.1801 0.1516 0.5723 0.0678
276 0.0275 0.0861 0.2166 0.5444 0.1254
277 0.0327 0.1160 0.4922 0.2289 0.1304
278 0.1290 0.1605 0.2566 0.1764 0.2773
279 0.1232 0.3679 0.1498 0.2451 0.1140
280 0.1877 0.4646 0.1086 0.1509 0.0880
281 0.0755 0.1090 0.1943 0.1869 0.4343
282 0.1158 0.0875 0.1956 0.1431 0.4583
283 0.0980 0.1693 0.3447 0.1415 0.2463
284 0.1154 0.1317 0.2539 0.2330 0.2661
285 0.0044 0.0934 0.0684 0.8330 0.0011
286 0.0249 0.1810 0.1032 0.6626 0.0284
287 0.0326 0.0619 0.0482 0.8281 0.0292
288 0.0108 0.1344 0.2286 0.6118 0.0144
289 0.0645 0.1454 0.1957 0.1866 0.4077
290 0.0839 0.4360 0.0981 0.3291 0.0529
291 0.0777 0.1204 0.1864 0.2932 0.3223
292 0.0533 0.1104 0.1982 0.3452 0.2930
293 0.0293 0.0779 0.0856 0.7627 0.0447
294 0.0225 0.0348 0.1089 0.8174 0.0164
295 0.0047 0.0801 0.0486 0.8618 0.0050
296 0.0080 0.0466 0.1033 0.8389 0.0033
297 0.0489 0.2771 0.1875 0.4641 0.0224
298 0.0520 0.3723 0.0994 0.3186 0.1577
299 0.0312 0.0933 0.0890 0.7573 0.0294
300 0.0425 0.0554 0.0590 0.8271 0.0159
301 0.0112 0.1702 0.1649 0.6523 0.0016
302 0.0627 0.1603 0.1705 0.5015 0.1051
303 0.0158 0.1372 0.0628 0.7651 0.0189
304 0.0138 0.7192 0.0872 0.1790 0.0008
305 0.0081 0.0667 0.0417 0.8789 0.0044
306 0.1165 0.3674 0.0701 0.1112 0.3347
307 0.1146 0.1592 0.1028 0.1630 0.4604
308 0.0406 0.4041 0.0901 0.4509 0.0142
309 0.1223 0.5269 0.0522 0.1365 0.1620
310 0.0643 0.6807 0.0633 0.0988 0.0928
311 0.0168 0.0868 0.1224 0.6216 0.1523
312 0.0514 0.1809 0.3174 0.4014 0.0491
313 0.0859 0.0981 0.3618 0.3674 0.0866
314 0.0166 0.0637 0.2222 0.6533 0.0444
315 0.0368 0.2119 0.0792 0.6426 0.0296
316 0.1858 0.1050 0.0831 0.1553 0.4707
317 0.2554 0.1345 0.1008 0.3008 0.2084
318 0.1215 0.4846 0.1868 0.1056 0.1016
319 0.1605 0.0880 0.0820 0.1555 0.5142
320 0.1353 0.2607 0.1606 0.2568 0.1864
321 0.1631 0.1311 0.2246 0.3647 0.1166
322 0.0528 0.4221 0.0913 0.3137 0.1200
323 0.0659 0.1531 0.3970 0.1906 0.1935
324 0.0328 0.4392 0.2075 0.2749 0.0456
325 0.1244 0.4844 0.0946 0.2100 0.0869
326 0.0167 0.1913 0.1769 0.5981 0.0168
327 0.0055 0.3513 0.0703 0.5703 0.0025
328 0.0295 0.0997 0.0559 0.7598 0.0551
329 0.0718 0.2708 0.0740 0.5386 0.0449
330 0.1703 0.5205 0.0732 0.1870 0.0488
331 0.1896 0.2234 0.1304 0.2131 0.2434
332 0.0955 0.5894 0.0646 0.2069 0.0437
333 0.2522 0.2705 0.1035 0.2686 0.1052
334 0.1219 0.1788 0.0349 0.5815 0.0825
335 0.0163 0.1057 0.2070 0.1743 0.4966
336 0.0283 0.1417 0.3562 0.0638 0.4099
337 0.0508 0.1788 0.2296 0.5098 0.0311
338 0.0487 0.4619 0.1465 0.2415 0.1014
339 0.0949 0.1110 0.2206 0.3694 0.2041
340 0.0801 0.4133 0.0370 0.2467 0.2229
341 0.0355 0.1414 0.3184 0.4490 0.0558
342 0.0714 0.0946 0.2083 0.6074 0.0182
343 0.1011 0.1128 0.1102 0.4824 0.1934
344 0.1210 0.4062 0.1259 0.1155 0.2314
345 0.0323 0.3779 0.2023 0.3838 0.0038
346 0.0349 0.0575 0.0963 0.7935 0.0178
347 0.1058 0.0964 0.1144 0.5635 0.1199
348 0.0497 0.4565 0.1172 0.3340 0.0425
349 0.0789 0.4946 0.1521 0.1792 0.0952
350 0.1187 0.0385 0.0635 0.4080 0.3713
351 0.0609 0.4829 0.2751 0.1427 0.0384
352 0.0577 0.0981 0.0839 0.6108 0.1497
353 0.0269 0.3008 0.0543 0.5796 0.0385
354 0.0702 0.5439 0.0654 0.1685 0.1522
355 0.1242 0.1453 0.1836 0.2395 0.3074
356 0.0143 0.0426 0.0394 0.1487 0.7549
357 0.1016 0.6270 0.0810 0.1727 0.0177
358 0.1837 0.2778 0.0615 0.3198 0.1571
359 0.1152 0.2023 0.0301 0.5122 0.1401
360 0.0418 0.5386 0.1667 0.1011 0.1519
361 0.1183 0.4717 0.1342 0.1776 0.0981
362 0.2281 0.3506 0.0873 0.2390 0.0951
363 0.2615 0.3179 0.0682 0.2554 0.0969
364 0.2454 0.2869 0.0620 0.1488 0.2571
365 0.2068 0.3203 0.0889 0.1927 0.1913
366 0.0709 0.0869 0.1674 0.5405 0.1345
367 0.0876 0.0303 0.1490 0.6274 0.1057
