time exciting_prob fearful_prob tense_prob sad_prob relaxing_prob
0 0.2037 0.2830 0.2496 0.2310 0.0327
1 0.2037 0.2830 0.2496 0.2310 0.0327
2 0.0714 0.0225 0.3572 0.0454 0.5034
3 0.0594 0.0438 0.2600 0.0323 0.6045
4 0.1163 0.0508 0.4187 0.0270 0.3872
5 0.0858 0.0825 0.5815 0.0520 0.1979
6 0.0430 0.0804 0.7632 0.0368 0.0767
7 0.0324 0.0391 0.4546 0.0334 0.4404
8 0.0640 0.0640 0.3462 0.0454 0.4805
9 0.0258 0.2333 0.6240 0.0845 0.0323
10 0.0364 0.2029 0.5688 0.0958 0.0958
11 0.0524 0.2089 0.5249 0.0745 0.1392
12 0.0381 0.2585 0.6401 0.0406 0.0228
13 0.1360 0.3997 0.2424 0.1437 0.0781
14 0.0627 0.3994 0.4058 0.0594 0.0728
15 0.0409 0.2839 0.4753 0.0304 0.1696
16 0.1848 0.0358 0.2128 0.0795 0.4871
17 0.2612 0.0574 0.1796 0.1610 0.3408
18 0.1801 0.1042 0.3015 0.2578 0.1564
19 0.2402 0.2365 0.1730 0.2478 0.1025
20 0.0092 0.2413 0.7095 0.0267 0.0133
21 0.0034 0.2190 0.7642 0.0106 0.0029
22 0.0984 0.1399 0.6519 0.0414 0.0682
23 0.0873 0.1061 0.7197 0.0324 0.0542
24 0.2197 0.0916 0.3767 0.0162 0.2957
25 0.0740 0.2769 0.5215 0.0432 0.0845
26 0.0952 0.3003 0.2529 0.0605 0.2910
27 0.2319 0.1021 0.3271 0.0591 0.2798
28 0.1362 0.1212 0.2429 0.0529 0.4468
29 0.0920 0.0920 0.3137 0.0934 0.4089
30 0.1337 0.1198 0.4214 0.0575 0.2678
31 0.1700 0.1263 0.3328 0.0273 0.3435
32 0.0444 0.4482 0.4050 0.0451 0.0574
33 0.0300 0.2018 0.5156 0.0055 0.2473
34 0.0320 0.3752 0.3872 0.1218 0.0837
35 0.0145 0.4072 0.5483 0.0185 0.0116
36 0.0311 0.7192 0.1997 0.0169 0.0329
37 0.0566 0.1171 0.5859 0.1118 0.1287
38 0.1165 0.0435 0.4680 0.0880 0.2839
39 0.1252 0.0271 0.3679 0.0359 0.4438
40 0.1625 0.0448 0.3037 0.0804 0.4087
41 0.1467 0.0307 0.2168 0.0434 0.5625
42 0.0445 0.0266 0.6646 0.0418 0.2225
43 0.0585 0.1019 0.7832 0.0323 0.0242
44 0.0610 0.1158 0.7324 0.0483 0.0426
45 0.0240 0.2273 0.6279 0.0657 0.0553
46 0.0335 0.1512 0.7217 0.0531 0.0407
47 0.0530 0.1752 0.5229 0.0443 0.2047
48 0.0392 0.2004 0.5620 0.0322 0.1661
49 0.0492 0.1400 0.3748 0.0612 0.3748
50 0.1295 0.1637 0.4114 0.0682 0.2272
51 0.0801 0.2390 0.3396 0.0439 0.2974
52 0.1323 0.2935 0.1293 0.0560 0.3889
53 0.1381 0.2900 0.2386 0.0408 0.2925
54 0.1670 0.3975 0.2979 0.0517 0.0860
55 0.2042 0.3669 0.2925 0.0590 0.0775
56 0.2986 0.2308 0.2202 0.1082 0.1422
57 0.0905 0.2500 0.4456 0.0536 0.1602
58 0.0735 0.0724 0.1877 0.3047 0.3618
59 0.1164 0.2191 0.2483 0.0550 0.3613
60 0.0679 0.0467 0.0378 0.1508 0.6968
61 0.1056 0.1000 0.0312 0.0247 0.7388
62 0.2162 0.1271 0.1070 0.0777 0.4722
63 0.0394 0.3296 0.5698 0.0416 0.0198
64 0.0460 0.3425 0.5645 0.0204 0.0264
65 0.1113 0.5391 0.2842 0.0203 0.0450
66 0.2979 0.0510 0.3220 0.0860 0.2432
67 0.2256 0.2054 0.4382 0.0380 0.0926
68 0.1885 0.0641 0.3521 0.0488 0.3467
69 0.1183 0.3589 0.4163 0.0375 0.0690
70 0.2268 0.1633 0.3540 0.0510 0.2048
71 0.1803 0.2076 0.4678 0.0819 0.0623
72 0.0934 0.1338 0.1042 0.0500 0.6187
73 0.1042 0.0571 0.1902 0.0346 0.6138
74 0.0130 0.0024 0.0342 0.0104 0.9399
75 0.0172 0.0107 0.0180 0.0157 0.9385
76 0.0713 0.0680 0.7603 0.0429 0.0577
77 0.0987 0.0652 0.6641 0.0205 0.1516
78 0.1069 0.1580 0.2485 0.0505 0.4360
79 0.0135 0.1691 0.0948 0.0222 0.7007
80 0.0570 0.0797 0.0897 0.0172 0.7563
81 0.1366 0.0924 0.4768 0.1597 0.1345
82 0.2146 0.1953 0.2412 0.1710 0.1779
83 0.0071 0.4692 0.4917 0.0203 0.0117
84 0.0718 0.4646 0.3401 0.0701 0.0534
85 0.0513 0.2607 0.2128 0.0713 0.4038
86 0.2197 0.5352 0.0847 0.0605 0.0998
87 0.0406 0.0784 0.7671 0.0446 0.0692
88 0.1052 0.1119 0.1846 0.1554 0.4429
89 0.1044 0.0879 0.2625 0.0845 0.4607
90 0.0515 0.0889 0.2454 0.4375 0.1768
91 0.0205 0.6411 0.1956 0.0450 0.0976
92 0.1956 0.1571 0.3406 0.1753 0.1313
93 0.1942 0.0767 0.1245 0.0469 0.5576
94 0.0164 0.3115 0.3215 0.1003 0.2502
95 0.0334 0.5112 0.2491 0.0324 0.1740
96 0.0408 0.3606 0.1914 0.0941 0.3132
97 0.0443 0.2825 0.2551 0.0379 0.3801
98 0.1047 0.2893 0.4080 0.0784 0.1196
99 0.0579 0.4243 0.3743 0.0404 0.1031
100 0.2678 0.3928 0.0919 0.0092 0.2383
101 0.0704 0.3960 0.1456 0.0360 0.3521
102 0.1627 0.3135 0.2725 0.0536 0.1978
103 0.1193 0.3022 0.1531 0.0158 0.4097
104 0.0980 0.4785 0.3669 0.0165 0.0399
105 0.0711 0.4221 0.3262 0.0445 0.1360
106 0.1272 0.1022 0.0888 0.5483 0.1333
107 0.1257 0.0389 0.4121 0.3525 0.0705
108 0.1304 0.0606 0.5405 0.2218 0.0465
109 0.0662 0.0343 0.1338 0.7578 0.0081
110 0.1938 0.0193 0.2568 0.5190 0.0110
111 0.2917 0.1649 0.3464 0.1798 0.0170
112 0.1663 0.1151 0.4626 0.2290 0.0271
113 0.1683 0.0938 0.4041 0.3196 0.0144
114 0.0801 0.0217 0.7373 0.1498 0.0113
115 0.2512 0.0284 0.2083 0.4917 0.0205
116 0.2368 0.0438 0.5859 0.1182 0.0151
117 0.1732 0.0554 0.2993 0.4355 0.0363
118 0.0639 0.0416 0.7432 0.1418 0.0094
119 0.0928 0.0361 0.3877 0.4678 0.0157
120 0.0522 0.1487 0.6772 0.1140 0.0080
121 0.1285 0.0890 0.7168 0.0540 0.0119
122 0.1041 0.0532 0.2830 0.5454 0.0143
123 0.2362 0.1367 0.3254 0.2915 0.0102
124 0.4534 0.1761 0.0706 0.2583 0.0415
125 0.1603 0.5820 0.1052 0.0390 0.1137
126 0.2319 0.4038 0.0713 0.1545 0.1384
127 0.1776 0.2012 0.0859 0.4395 0.0958
128 0.1324 0.3435 0.2915 0.0156 0.2167
129 0.0623 0.5557 0.2524 0.1111 0.0184
130 0.0663 0.2502 0.3020 0.2297 0.1519
131 0.1575 0.1991 0.1295 0.0213 0.4927
132 0.1356 0.3491 0.3464 0.0265 0.1422
133 0.1011 0.3699 0.3394 0.0618 0.1278
134 0.1066 0.3083 0.3083 0.0150 0.2617
135 0.4248 0.0377 0.0589 0.3809 0.0978
136 0.2494 0.0552 0.0651 0.5620 0.0682
137 0.3896 0.1688 0.1099 0.3081 0.0236
138 0.4099 0.1531 0.0989 0.3044 0.0336
139 0.4370 0.3484 0.1046 0.0991 0.0109
140 0.5117 0.3032 0.1032 0.0593 0.0223
141 0.0456 0.5640 0.3584 0.0147 0.0173
142 0.1053 0.2229 0.2195 0.3792 0.0729
143 0.0353 0.3945 0.4871 0.0490 0.0342
144 0.2006 0.2698 0.1884 0.3154 0.0257
145 0.2668 0.3320 0.0873 0.2886 0.0254
146 0.3247 0.2097 0.2377 0.2017 0.0262
147 0.6777 0.1548 0.1187 0.0394 0.0095
148 0.2705 0.1093 0.3018 0.3018 0.0168
149 0.2583 0.0609 0.4753 0.1981 0.0073
150 0.0530 0.3098 0.0510 0.5791 0.0071
151 0.1165 0.2881 0.1642 0.3643 0.0669
152 0.0840 0.2375 0.3247 0.2981 0.0556
153 0.0632 0.0844 0.2040 0.6187 0.0298
154 0.0861 0.5195 0.3276 0.0089 0.0578
155 0.1381 0.3872 0.2661 0.0274 0.1814
156 0.1115 0.4375 0.1409 0.2288 0.0815
157 0.0657 0.5459 0.1042 0.0263 0.2578
158 0.0957 0.3999 0.1068 0.0363 0.3613
159 0.0764 0.5728 0.2426 0.0154 0.0928
160 0.0951 0.5181 0.3320 0.0107 0.0442
161 0.2822 0.3052 0.0888 0.0731 0.2510
162 0.3655 0.3276 0.2100 0.0243 0.0726
163 0.3276 0.1726 0.0277 0.1740 0.2981
164 0.1453 0.1595 0.0881 0.3484 0.2588
165 0.1625 0.2136 0.1785 0.1198 0.3257
166 0.0956 0.2312 0.1528 0.0421 0.4783
167 0.1334 0.3684 0.1089 0.0376 0.3516
168 0.1960 0.3362 0.2188 0.0405 0.2087
169 0.0622 0.4666 0.2458 0.1638 0.0617
170 0.0516 0.4351 0.2966 0.0220 0.1946
171 0.0518 0.4763 0.3857 0.0457 0.0406
172 0.0969 0.3384 0.1188 0.0251 0.4209
173 0.1761 0.3342 0.1201 0.0165 0.3530
174 0.1588 0.3496 0.3779 0.0135 0.1002
175 0.1287 0.3696 0.2520 0.0408 0.2089
176 0.1519 0.4534 0.3450 0.0080 0.0418
177 0.1431 0.3799 0.4512 0.0204 0.0053
178 0.1897 0.4045 0.3542 0.0382 0.0132
179 0.2944 0.3752 0.2404 0.0710 0.0188
180 0.0682 0.1466 0.1796 0.5981 0.0074
181 0.2815 0.2666 0.3091 0.1230 0.0199
182 0.0309 0.7021 0.2245 0.0113 0.0311
183 0.1619 0.3765 0.3765 0.0680 0.0172
184 0.4138 0.1659 0.2032 0.2130 0.0039
185 0.3909 0.3069 0.1949 0.1020 0.0054
186 0.4268 0.3247 0.1301 0.0475 0.0708
187 0.4631 0.2072 0.1379 0.1652 0.0267
188 0.2032 0.0931 0.1158 0.5835 0.0042
189 0.0616 0.2656 0.1637 0.5039 0.0051
190 0.2168 0.1356 0.1389 0.5000 0.0085
191 0.3506 0.1384 0.3452 0.1556 0.0102
192 0.4492 0.1436 0.2500 0.1181 0.0389
193 0.3352 0.1431 0.4407 0.0620 0.0191
194 0.4448 0.1116 0.3333 0.0955 0.0148
195 0.1149 0.4407 0.1880 0.0279 0.2285
196 0.0676 0.4072 0.3594 0.0560 0.1096
197 0.2305 0.2454 0.2034 0.0450 0.2759
198 0.0909 0.3594 0.0759 0.1895 0.2844
199 0.0419 0.3220 0.1779 0.3220 0.1364
200 0.0953 0.0882 0.1063 0.1866 0.5234
201 0.1487 0.1420 0.2233 0.0208 0.4653
202 0.3257 0.1758 0.3062 0.0798 0.1126
203 0.4346 0.1444 0.1514 0.2344 0.0354
204 0.1997 0.2428 0.3452 0.1094 0.1028
205 0.1119 0.1279 0.2749 0.4751 0.0101
206 0.2119 0.2119 0.5625 0.0095 0.0041
207 0.0925 0.2961 0.3713 0.2184 0.0216
208 0.1225 0.2184 0.5449 0.1016 0.0127
209 0.1133 0.2761 0.5493 0.0487 0.0126
210 0.1697 0.1631 0.5024 0.1130 0.0517
211 0.1028 0.1405 0.6055 0.1299 0.0215
212 0.2695 0.1234 0.3953 0.1687 0.0433
213 0.1193 0.3293 0.3589 0.1832 0.0094
214 0.2134 0.2534 0.4016 0.0889 0.0427
215 0.1056 0.4480 0.1926 0.2361 0.0178
216 0.1287 0.1100 0.0964 0.5947 0.0699
217 0.0612 0.1118 0.7461 0.0688 0.0122
218 0.0837 0.2257 0.5415 0.1256 0.0236
219 0.0883 0.2134 0.3574 0.3330 0.0078
220 0.0343 0.0850 0.4116 0.4521 0.0169
221 0.1218 0.0632 0.2499 0.5371 0.0278
222 0.1051 0.1948 0.4255 0.2600 0.0147
223 0.0299 0.0758 0.8608 0.0254 0.0083
224 0.0372 0.2620 0.6587 0.0402 0.0021
225 0.0496 0.1412 0.3496 0.4561 0.0034
226 0.3828 0.2822 0.1522 0.1780 0.0047
227 0.2563 0.3447 0.1965 0.1415 0.0609
228 0.1157 0.1157 0.3220 0.4402 0.0062
229 0.0988 0.1019 0.0723 0.6802 0.0470
230 0.1146 0.2856 0.1238 0.4675 0.0084
231 0.0868 0.3125 0.4304 0.1376 0.0327
232 0.0885 0.0657 0.0831 0.7407 0.0217
233 0.1168 0.4141 0.4478 0.0093 0.0120
234 0.1092 0.2241 0.1978 0.4597 0.0091
235 0.3264 0.2971 0.3315 0.0352 0.0097
236 0.0282 0.5840 0.2396 0.1387 0.0096
237 0.1659 0.0620 0.0565 0.6167 0.0991
238 0.4221 0.1093 0.1219 0.3286 0.0181
239 0.5796 0.1244 0.0855 0.1648 0.0457
240 0.0413 0.4402 0.3171 0.0104 0.1908
241 0.0573 0.3428 0.3621 0.0132 0.2247
242 0.0834 0.2568 0.3401 0.0171 0.3025
243 0.0505 0.4604 0.3530 0.0150 0.1210
244 0.0895 0.4204 0.2651 0.0277 0.1970
245 0.0941 0.3496 0.2422 0.0105 0.3037
246 0.0807 0.4160 0.2771 0.0086 0.2175
247 0.3210 0.5054 0.0787 0.0174 0.0775
248 0.2024 0.5635 0.1228 0.0159 0.0956
249 0.3069 0.4163 0.0595 0.0175 0.1997
250 0.1973 0.3862 0.0835 0.0205 0.3127
251 0.2252 0.4768 0.0548 0.0162 0.2271
252 0.2423 0.4421 0.0580 0.0336 0.2240
253 0.2074 0.3445 0.0424 0.1760 0.2295
254 0.2013 0.2839 0.2466 0.2354 0.0329
