time exciting_prob fearful_prob tense_prob sad_prob relaxing_prob
0 0.1573 0.0883 0.1065 0.6323 0.0156
1 0.1147 0.1112 0.2668 0.4985 0.0086
2 0.1875 0.1846 0.3970 0.2192 0.0118
3 0.1204 0.0923 0.3887 0.3887 0.0099
4 0.1719 0.1163 0.4897 0.2107 0.0113
5 0.1133 0.0803 0.5752 0.2253 0.0057
6 0.1060 0.1495 0.6006 0.1383 0.0054
7 0.1113 0.1166 0.6401 0.1261 0.0056
8 0.2152 0.1207 0.3386 0.3132 0.0121
9 0.0679 0.1172 0.2123 0.5859 0.0166
10 0.0447 0.0660 0.1912 0.6885 0.0097
11 0.0379 0.0597 0.1031 0.7861 0.0133
12 0.0534 0.0624 0.1261 0.7261 0.0321
13 0.0463 0.3264 0.1859 0.4324 0.0090
14 0.0713 0.4102 0.1070 0.3945 0.0171
15 0.0351 0.4016 0.1124 0.4343 0.0164
16 0.0762 0.6182 0.0941 0.1348 0.0768
17 0.0823 0.4927 0.1914 0.2037 0.0298
18 0.1489 0.6670 0.0946 0.0561 0.0332
19 0.0582 0.8228 0.0665 0.0423 0.0102
20 0.0428 0.6440 0.0972 0.2058 0.0102
21 0.0654 0.5312 0.1038 0.2866 0.0132
22 0.0473 0.3037 0.2257 0.4087 0.0147
23 0.0815 0.2050 0.0367 0.6416 0.0353
24 0.1635 0.5483 0.0841 0.1713 0.0327
25 0.2206 0.2539 0.0684 0.3638 0.0934
26 0.0852 0.1220 0.4065 0.3760 0.0105
27 0.2097 0.1823 0.2957 0.2957 0.0166
28 0.0597 0.2615 0.2101 0.4446 0.0241
29 0.0808 0.2822 0.1969 0.4236 0.0166
30 0.1193 0.6201 0.1605 0.0586 0.0415
31 0.0792 0.4451 0.0883 0.3257 0.0617
32 0.0966 0.5303 0.1405 0.2144 0.0181
33 0.0732 0.7334 0.0992 0.0836 0.0108
34 0.0864 0.1470 0.2423 0.5132 0.0113
35 0.0862 0.2656 0.2101 0.4312 0.0069
36 0.0159 0.0923 0.0275 0.8623 0.0018
37 0.0505 0.2771 0.3789 0.2815 0.0119
38 0.0673 0.1652 0.3037 0.4419 0.0218
39 0.0874 0.1659 0.5029 0.2197 0.0239
40 0.1481 0.7402 0.0285 0.0536 0.0296
41 0.0964 0.6050 0.0554 0.2278 0.0156
42 0.0807 0.4834 0.2450 0.1619 0.0290
43 0.1360 0.4321 0.1917 0.2057 0.0346
44 0.2180 0.3376 0.3274 0.1014 0.0154
45 0.0654 0.5786 0.0692 0.2469 0.0397
46 0.0574 0.6128 0.0385 0.2761 0.0152
47 0.4011 0.3198 0.2568 0.0103 0.0120
48 0.3098 0.2250 0.4336 0.0095 0.0221
49 0.0291 0.4592 0.3748 0.1276 0.0092
50 0.1129 0.5063 0.0833 0.2839 0.0137
51 0.0726 0.6519 0.0848 0.1838 0.0072
52 0.0931 0.4304 0.0560 0.4106 0.0097
53 0.0888 0.1794 0.4512 0.2737 0.0071
54 0.2015 0.1620 0.3765 0.2507 0.0092
55 0.1174 0.1791 0.3452 0.3452 0.0131
56 0.0054 0.0717 0.0339 0.8872 0.0018
57 0.1048 0.3130 0.1561 0.4114 0.0150
58 0.0942 0.2444 0.5864 0.0684 0.0067
59 0.0149 0.2371 0.0378 0.7075 0.0026
60 0.0678 0.0678 0.1678 0.6846 0.0119
61 0.1897 0.2803 0.2115 0.2781 0.0404
62 0.0444 0.0511 0.1704 0.7173 0.0169
63 0.0815 0.1149 0.1204 0.6714 0.0117
64 0.2001 0.3513 0.2734 0.1633 0.0118
65 0.1425 0.5859 0.2172 0.0448 0.0097
66 0.0434 0.2537 0.2310 0.4385 0.0335
67 0.1918 0.2791 0.1746 0.3367 0.0180
68 0.1013 0.1569 0.1521 0.5649 0.0248
69 0.0574 0.1635 0.1072 0.6670 0.0050
70 0.0730 0.6558 0.0759 0.1697 0.0256
71 0.0610 0.2303 0.0406 0.6167 0.0514
72 0.0914 0.5913 0.1183 0.1790 0.0201
73 0.0352 0.4316 0.0484 0.4741 0.0105
74 0.0261 0.4893 0.0389 0.4387 0.0069
75 0.0380 0.2474 0.0515 0.6519 0.0110
76 0.0803 0.7266 0.0790 0.1015 0.0124
77 0.0234 0.0404 0.1015 0.8237 0.0109
78 0.0656 0.1116 0.1755 0.6421 0.0053
79 0.0182 0.0231 0.0884 0.8647 0.0054
80 0.1008 0.6680 0.1057 0.1091 0.0165
81 0.0490 0.6250 0.1847 0.1212 0.0202
82 0.0181 0.8833 0.0208 0.0547 0.0233
83 0.1669 0.3291 0.2485 0.2485 0.0070
84 0.2256 0.0325 0.1703 0.5581 0.0134
85 0.3799 0.1376 0.2034 0.2693 0.0099
86 0.4229 0.2126 0.2094 0.1450 0.0103
87 0.0697 0.0778 0.2981 0.5483 0.0063
88 0.0487 0.0720 0.2715 0.6025 0.0054
89 0.0474 0.8276 0.0568 0.0525 0.0159
90 0.0303 0.8643 0.0656 0.0338 0.0058
91 0.1098 0.3601 0.2847 0.2399 0.0056
92 0.0580 0.2639 0.1412 0.5249 0.0118
93 0.0339 0.3242 0.2228 0.4163 0.0030
94 0.0349 0.4746 0.1517 0.3262 0.0126
95 0.0808 0.1923 0.5923 0.1301 0.0045
96 0.0764 0.2605 0.3674 0.2773 0.0184
97 0.0312 0.2343 0.0181 0.7104 0.0060
98 0.0952 0.2754 0.0997 0.5063 0.0231
99 0.0477 0.8721 0.0466 0.0253 0.0085
100 0.0915 0.1581 0.1967 0.5430 0.0108
101 0.1021 0.1937 0.2230 0.4722 0.0090
102 0.0506 0.1396 0.2610 0.5439 0.0050
103 0.0858 0.2314 0.2502 0.4062 0.0262
104 0.0901 0.2732 0.1683 0.4365 0.0319
105 0.0415 0.0936 0.1919 0.6699 0.0030
106 0.1976 0.2966 0.2072 0.2920 0.0066
107 0.1351 0.4753 0.0914 0.2839 0.0141
108 0.0795 0.8218 0.0467 0.0429 0.0094
109 0.1104 0.5269 0.1710 0.1697 0.0219
110 0.1118 0.2559 0.2520 0.3723 0.0084
111 0.0995 0.3162 0.2500 0.3162 0.0181
112 0.2632 0.2715 0.2415 0.2148 0.0090
113 0.0976 0.2452 0.2198 0.4238 0.0134
114 0.1299 0.4607 0.2749 0.1192 0.0153
115 0.0704 0.8120 0.0651 0.0411 0.0113
116 0.0584 0.4812 0.2576 0.1855 0.0173
117 0.0125 0.5508 0.2026 0.2332 0.0010
118 0.0932 0.6572 0.0823 0.1024 0.0651
119 0.0831 0.1153 0.4634 0.3184 0.0199
120 0.0621 0.2085 0.4849 0.2327 0.0119
121 0.0206 0.4368 0.0367 0.5029 0.0032
122 0.0076 0.2396 0.0137 0.7378 0.0011
123 0.2905 0.1331 0.2686 0.2998 0.0081
124 0.0522 0.6216 0.1080 0.1925 0.0258
125 0.0494 0.2588 0.2469 0.4402 0.0047
126 0.0701 0.8535 0.0474 0.0266 0.0023
127 0.0393 0.0201 0.1172 0.8140 0.0095
128 0.0207 0.2257 0.0528 0.6953 0.0058
129 0.2896 0.2438 0.1315 0.3230 0.0123
130 0.0989 0.5430 0.0752 0.2485 0.0344
131 0.0663 0.0299 0.1278 0.7710 0.0048
132 0.1125 0.1274 0.2036 0.5449 0.0115
133 0.0718 0.0729 0.3645 0.4832 0.0076
134 0.0714 0.4509 0.1223 0.3352 0.0201
135 0.0285 0.0181 0.0428 0.9019 0.0084
136 0.0943 0.2729 0.2771 0.3240 0.0316
137 0.0119 0.0741 0.0997 0.8096 0.0049
138 0.0363 0.0288 0.1249 0.8022 0.0079
139 0.0561 0.1284 0.1599 0.6421 0.0133
140 0.0964 0.3499 0.1287 0.4026 0.0225
141 0.1120 0.3242 0.0690 0.4866 0.0082
142 0.2067 0.5532 0.0692 0.1584 0.0123
143 0.0608 0.0858 0.1414 0.6958 0.0164
144 0.1931 0.1731 0.2056 0.4153 0.0127
145 0.0121 0.0378 0.0102 0.9307 0.0091
146 0.0867 0.0367 0.0697 0.7974 0.0094
147 0.0558 0.1239 0.2664 0.5469 0.0070
148 0.1648 0.4177 0.1882 0.2100 0.0192
149 0.0528 0.4490 0.2991 0.1902 0.0088
150 0.1016 0.5239 0.1838 0.1796 0.0112
151 0.2089 0.5811 0.0481 0.1458 0.0161
152 0.0899 0.1918 0.0250 0.6797 0.0135
153 0.0674 0.3911 0.0529 0.4792 0.0092
154 0.0605 0.5308 0.3025 0.0959 0.0103
155 0.0621 0.7988 0.0816 0.0527 0.0045
156 0.0597 0.2184 0.4343 0.2849 0.0027
157 0.0315 0.6733 0.0484 0.2439 0.0029
158 0.1257 0.2500 0.1163 0.4822 0.0258
159 0.0688 0.4487 0.0688 0.4087 0.0049
160 0.0804 0.5669 0.2327 0.1090 0.0111
161 0.1591 0.0613 0.3066 0.4675 0.0054
162 0.2113 0.0703 0.5229 0.1836 0.0118
163 0.0353 0.8545 0.0807 0.0233 0.0061
164 0.1288 0.4495 0.0360 0.3696 0.0161
165 0.0864 0.2788 0.0812 0.4353 0.1181
166 0.0856 0.2659 0.0829 0.5537 0.0118
167 0.2106 0.1360 0.2106 0.4321 0.0107
168 0.1208 0.1871 0.2598 0.4216 0.0107
169 0.0235 0.0740 0.0396 0.8594 0.0034
170 0.0901 0.6655 0.0248 0.2144 0.0052
171 0.0400 0.0239 0.1609 0.7676 0.0077
172 0.0342 0.0690 0.2446 0.6445 0.0075
173 0.0308 0.0283 0.1616 0.7588 0.0202
174 0.0714 0.2015 0.1924 0.5312 0.0036
175 0.1564 0.1425 0.1801 0.5049 0.0164
176 0.1003 0.5293 0.0346 0.2969 0.0387
177 0.0696 0.6396 0.1221 0.1567 0.0118
178 0.1639 0.4187 0.3418 0.0678 0.0078
179 0.0759 0.7261 0.0676 0.0945 0.0359
180 0.0534 0.3950 0.3887 0.1547 0.0082
181 0.0519 0.6841 0.2023 0.0570 0.0045
182 0.3867 0.2678 0.1770 0.1538 0.0146
183 0.0401 0.1674 0.2474 0.5405 0.0047
184 0.2079 0.2319 0.2393 0.3120 0.0088
185 0.1871 0.5415 0.0421 0.2153 0.0142
186 0.1097 0.2959 0.3201 0.2341 0.0404
187 0.0514 0.2266 0.1176 0.5786 0.0260
188 0.0536 0.4312 0.1663 0.3464 0.0026
189 0.0964 0.5049 0.1277 0.2578 0.0132
190 0.1019 0.5679 0.1482 0.1732 0.0086
191 0.0207 0.0360 0.1075 0.8320 0.0036
192 0.0756 0.0617 0.2222 0.6230 0.0175
193 0.1583 0.0583 0.3250 0.4512 0.0072
194 0.0941 0.0699 0.3960 0.4348 0.0053
195 0.1431 0.1837 0.2800 0.3828 0.0104
196 0.0855 0.1548 0.2051 0.5488 0.0059
197 0.1381 0.4321 0.2834 0.1042 0.0421
198 0.0608 0.2057 0.2600 0.4634 0.0101
199 0.1693 0.1164 0.2583 0.4324 0.0237
200 0.1454 0.1387 0.2288 0.4768 0.0105
201 0.0239 0.1570 0.0288 0.7725 0.0177
202 0.0238 0.3533 0.0707 0.5474 0.0050
203 0.0449 0.8027 0.1193 0.0270 0.0061
204 0.1039 0.1141 0.2167 0.5532 0.0121
205 0.0403 0.0752 0.2390 0.6396 0.0059
206 0.0388 0.1794 0.3149 0.4583 0.0086
207 0.1238 0.2810 0.1257 0.4221 0.0474
208 0.1232 0.0573 0.3247 0.4875 0.0073
209 0.1052 0.1721 0.2625 0.4326 0.0277
210 0.1119 0.2769 0.2369 0.3501 0.0242
211 0.0949 0.0851 0.2385 0.5723 0.0092
212 0.0649 0.2212 0.3479 0.3589 0.0072
213 0.0558 0.1093 0.2539 0.5723 0.0086
214 0.2195 0.0345 0.2195 0.5024 0.0241
215 0.0241 0.0362 0.1837 0.7495 0.0064
216 0.0495 0.7681 0.1160 0.0440 0.0223
217 0.0891 0.5854 0.1843 0.1327 0.0082
218 0.1542 0.2925 0.0763 0.3264 0.1506
219 0.1140 0.1779 0.2080 0.4912 0.0089
220 0.1425 0.2500 0.2703 0.3210 0.0162
221 0.1370 0.3552 0.3552 0.1458 0.0067
222 0.2399 0.1116 0.1455 0.4343 0.0687
223 0.7769 0.0296 0.0096 0.1628 0.0212
224 0.7705 0.0296 0.0099 0.1693 0.0207
225 0.2037 0.2830 0.2496 0.2310 0.0327
226 0.6675 0.1882 0.0583 0.0539 0.0322
227 0.6699 0.1890 0.0550 0.0533 0.0328
