time exciting_prob fearful_prob tense_prob sad_prob relaxing_prob
0 0.1383 0.1427 0.4065 0.2837 0.0288
1 0.1403 0.2009 0.4255 0.2207 0.0126
2 0.1315 0.1489 0.4517 0.2495 0.0184
3 0.1010 0.0613 0.4973 0.3313 0.0092
4 0.0751 0.1110 0.2622 0.5464 0.0051
5 0.0814 0.0309 0.2546 0.6304 0.0028
6 0.1146 0.0674 0.3115 0.4980 0.0083
7 0.2140 0.0333 0.2878 0.4529 0.0120
8 0.1207 0.1367 0.3081 0.3958 0.0386
9 0.0692 0.1942 0.3862 0.3152 0.0354
10 0.1509 0.0974 0.5605 0.1764 0.0145
11 0.1092 0.2241 0.4253 0.2241 0.0174
12 0.0437 0.4211 0.4482 0.0570 0.0300
13 0.0404 0.4082 0.3835 0.1285 0.0392
14 0.0390 0.1183 0.1862 0.6499 0.0067
15 0.2289 0.2253 0.2151 0.3228 0.0078
16 0.0425 0.3425 0.2625 0.3218 0.0309
17 0.0101 0.1688 0.2382 0.5713 0.0117
18 0.0122 0.5303 0.3760 0.0729 0.0085
19 0.1320 0.1748 0.2043 0.4751 0.0139
20 0.1121 0.3145 0.3765 0.1792 0.0179
21 0.0277 0.2079 0.2546 0.4910 0.0187
22 0.0541 0.4460 0.2622 0.2157 0.0220
23 0.0827 0.0982 0.6206 0.1619 0.0367
24 0.0575 0.1975 0.5205 0.1885 0.0360
25 0.1594 0.3171 0.2249 0.2888 0.0097
26 0.0950 0.2388 0.4978 0.1318 0.0366
27 0.0904 0.2495 0.5200 0.1073 0.0327
28 0.0833 0.3318 0.4905 0.0600 0.0344
29 0.0106 0.1387 0.1896 0.6514 0.0097
30 0.0985 0.1411 0.3718 0.2476 0.1411
31 0.2671 0.1522 0.1672 0.3887 0.0247
32 0.0236 0.0699 0.1389 0.7627 0.0048
33 0.1270 0.0659 0.2861 0.5103 0.0107
34 0.2122 0.0892 0.2683 0.4187 0.0117
35 0.0170 0.1318 0.2386 0.6094 0.0032
36 0.0714 0.2378 0.3030 0.3772 0.0106
37 0.0211 0.1989 0.2761 0.4922 0.0116
38 0.0180 0.0665 0.1282 0.7856 0.0018
39 0.0138 0.7891 0.1371 0.0576 0.0025
40 0.0076 0.1859 0.0706 0.7241 0.0120
41 0.1049 0.1638 0.5044 0.0383 0.1885
42 0.0531 0.4346 0.3547 0.1367 0.0210
43 0.0608 0.4355 0.2500 0.2443 0.0093
44 0.1288 0.0942 0.1393 0.6050 0.0331
45 0.1260 0.1631 0.2729 0.4036 0.0345
46 0.0997 0.3372 0.3533 0.1053 0.1044
47 0.1278 0.3064 0.4822 0.0585 0.0252
48 0.0111 0.0427 0.1379 0.8062 0.0022
49 0.0265 0.2458 0.3691 0.3521 0.0064
50 0.0412 0.4258 0.3477 0.1240 0.0614
51 0.0627 0.0489 0.5767 0.2258 0.0858
52 0.0535 0.2019 0.6221 0.0404 0.0822
53 0.0637 0.2295 0.5591 0.0541 0.0934
54 0.0199 0.3506 0.2773 0.3293 0.0228
55 0.0397 0.1176 0.3196 0.5190 0.0042
56 0.0120 0.0376 0.1293 0.8169 0.0040
57 0.0286 0.2524 0.2976 0.4131 0.0081
58 0.0663 0.4031 0.2815 0.2371 0.0120
59 0.0063 0.4397 0.0981 0.4197 0.0361
60 0.0055 0.8516 0.0612 0.0773 0.0046
61 0.0215 0.2896 0.3718 0.2477 0.0693
62 0.0567 0.5215 0.2462 0.0399 0.1360
63 0.0951 0.3479 0.5142 0.0406 0.0025
64 0.1370 0.3496 0.4561 0.0545 0.0030
65 0.1172 0.3235 0.5093 0.0485 0.0017
66 0.1093 0.3367 0.5054 0.0470 0.0017
67 0.0647 0.1602 0.5767 0.1931 0.0055
68 0.0595 0.2583 0.5732 0.1044 0.0048
69 0.0720 0.1699 0.4995 0.2512 0.0075
70 0.0884 0.3721 0.3494 0.1785 0.0118
71 0.0845 0.1819 0.5869 0.0283 0.1183
72 0.0707 0.0967 0.5830 0.0542 0.1953
73 0.1108 0.1799 0.4775 0.0146 0.2170
74 0.1082 0.1664 0.4382 0.0213 0.2659
75 0.2656 0.1041 0.3521 0.2742 0.0043
76 0.1865 0.1476 0.3828 0.2800 0.0029
77 0.2073 0.1218 0.4121 0.2539 0.0049
78 0.1145 0.0920 0.5293 0.2581 0.0063
79 0.0522 0.1177 0.4583 0.2341 0.1376
80 0.0964 0.1887 0.3997 0.0363 0.2791
81 0.1259 0.2793 0.5645 0.0113 0.0192
82 0.1615 0.4673 0.1110 0.2542 0.0060
83 0.1058 0.3872 0.2040 0.2969 0.0062
84 0.1100 0.4705 0.1703 0.2440 0.0053
85 0.0535 0.2399 0.5576 0.0417 0.1073
86 0.1069 0.2177 0.5059 0.0331 0.1362
87 0.0820 0.1750 0.5308 0.0770 0.1353
88 0.1120 0.3240 0.1965 0.3503 0.0169
89 0.2129 0.0860 0.3977 0.2910 0.0126
90 0.1532 0.1764 0.3347 0.3245 0.0115
91 0.0717 0.2297 0.5601 0.0341 0.1044
92 0.1210 0.2522 0.4639 0.0113 0.1517
93 0.0594 0.2581 0.4973 0.0728 0.1127
94 0.0501 0.1593 0.5562 0.1406 0.0937
95 0.0553 0.1091 0.5718 0.1237 0.1401
96 0.0595 0.3000 0.4795 0.0258 0.1353
97 0.0343 0.1798 0.3521 0.1467 0.2874
98 0.0733 0.2257 0.5010 0.0792 0.1208
99 0.1219 0.3313 0.3638 0.1719 0.0112
100 0.1432 0.0503 0.6318 0.1700 0.0049
101 0.0812 0.0684 0.5376 0.3062 0.0067
102 0.0667 0.0732 0.5161 0.3384 0.0059
103 0.0350 0.2144 0.6812 0.0167 0.0529
104 0.0501 0.1777 0.6299 0.0123 0.1300
105 0.0736 0.2130 0.4878 0.0058 0.2198
106 0.0503 0.2069 0.2783 0.1125 0.3518
107 0.1904 0.4290 0.2522 0.1229 0.0054
108 0.1814 0.4023 0.2639 0.1458 0.0067
109 0.0980 0.1904 0.3315 0.1693 0.2107
110 0.1821 0.1292 0.3857 0.2339 0.0692
111 0.0397 0.6816 0.1343 0.0577 0.0867
112 0.0486 0.6821 0.1233 0.0881 0.0578
113 0.0444 0.5410 0.2659 0.1049 0.0437
114 0.1591 0.0456 0.3315 0.4460 0.0180
115 0.1899 0.0817 0.2678 0.4280 0.0325
116 0.0366 0.1829 0.4895 0.0739 0.2172
117 0.0354 0.2744 0.4595 0.0562 0.1744
118 0.0983 0.2866 0.3918 0.2050 0.0182
119 0.0648 0.4358 0.4426 0.0438 0.0132
120 0.1274 0.3252 0.3518 0.1797 0.0159
121 0.1091 0.3013 0.3635 0.2070 0.0191
122 0.0206 0.5483 0.2590 0.1522 0.0198
123 0.0562 0.4316 0.3108 0.0374 0.1638
124 0.0340 0.4080 0.1500 0.1897 0.2184
125 0.1139 0.2954 0.3000 0.2776 0.0133
126 0.0133 0.0349 0.1027 0.8467 0.0023
127 0.1604 0.2371 0.5259 0.0723 0.0045
128 0.0310 0.2761 0.3438 0.3411 0.0081
129 0.1364 0.1807 0.4136 0.2588 0.0105
130 0.0111 0.1985 0.2339 0.5522 0.0044
131 0.0473 0.1689 0.2203 0.5581 0.0054
132 0.2249 0.2712 0.3428 0.1185 0.0426
133 0.1069 0.0900 0.3560 0.4360 0.0114
134 0.1119 0.3064 0.3875 0.0987 0.0956
135 0.0518 0.3982 0.4045 0.0312 0.1141
136 0.0495 0.4812 0.3059 0.0732 0.0904
137 0.0341 0.5591 0.1732 0.1209 0.1127
138 0.0519 0.3838 0.2598 0.1368 0.1677
139 0.0967 0.2046 0.2820 0.0577 0.3591
140 0.0331 0.0958 0.5020 0.3342 0.0352
141 0.0198 0.0861 0.1072 0.7793 0.0074
142 0.0133 0.4790 0.2484 0.2227 0.0367
143 0.0756 0.1390 0.3899 0.3721 0.0236
144 0.0287 0.4424 0.3501 0.1505 0.0283
145 0.0547 0.4136 0.3826 0.1213 0.0279
146 0.1439 0.0989 0.3508 0.3455 0.0609
147 0.1357 0.1945 0.5366 0.0869 0.0462
148 0.0130 0.0874 0.1633 0.7319 0.0045
149 0.0438 0.2766 0.5859 0.0566 0.0371
150 0.2196 0.0820 0.3145 0.3564 0.0275
151 0.0062 0.0226 0.0510 0.9185 0.0014
152 0.0227 0.2722 0.1842 0.5166 0.0045
153 0.0284 0.3831 0.3953 0.1896 0.0039
154 0.1700 0.0896 0.2288 0.4844 0.0271
155 0.1747 0.2686 0.3501 0.1628 0.0438
156 0.0283 0.0617 0.1527 0.7520 0.0056
157 0.0693 0.0693 0.1514 0.7002 0.0099
158 0.1262 0.1738 0.4236 0.2529 0.0235
159 0.0505 0.1311 0.6763 0.1157 0.0262
160 0.1345 0.1454 0.4768 0.2084 0.0348
161 0.0464 0.0501 0.1835 0.7144 0.0059
162 0.1074 0.0798 0.7451 0.0566 0.0110
163 0.3142 0.1331 0.1847 0.3618 0.0062
164 0.2500 0.1887 0.4253 0.1317 0.0042
165 0.0858 0.0381 0.3499 0.5171 0.0093
166 0.0836 0.1024 0.7222 0.0890 0.0026
167 0.0589 0.1759 0.3638 0.3933 0.0082
168 0.1460 0.1035 0.2949 0.4224 0.0331
169 0.1218 0.0612 0.4121 0.3870 0.0180
170 0.1625 0.1757 0.3604 0.2988 0.0027
171 0.1122 0.0547 0.3003 0.5269 0.0059
172 0.1428 0.1013 0.4683 0.2795 0.0081
173 0.1100 0.1758 0.4490 0.2479 0.0171
174 0.0301 0.1049 0.6426 0.1207 0.1017
175 0.0802 0.2800 0.2113 0.4202 0.0083
176 0.1188 0.4775 0.3181 0.0767 0.0089
177 0.1223 0.1079 0.6211 0.1365 0.0122
178 0.1639 0.0299 0.2349 0.5547 0.0165
179 0.1188 0.2942 0.5327 0.0448 0.0095
180 0.0745 0.0431 0.8135 0.0580 0.0107
181 0.3025 0.1343 0.3220 0.2356 0.0057
182 0.1887 0.2462 0.2620 0.2969 0.0061
183 0.1241 0.0605 0.4871 0.3196 0.0087
184 0.0932 0.2417 0.4111 0.2494 0.0046
185 0.0765 0.2338 0.4722 0.0113 0.2063
186 0.1268 0.1191 0.5508 0.1760 0.0272
187 0.1608 0.1851 0.4727 0.1418 0.0397
188 0.1118 0.1227 0.4351 0.3037 0.0266
189 0.0528 0.2367 0.5415 0.0253 0.1436
190 0.0667 0.3105 0.4888 0.0105 0.1235
191 0.0948 0.2659 0.4453 0.0473 0.1469
192 0.1114 0.3457 0.3567 0.0916 0.0945
193 0.2379 0.1443 0.3518 0.2343 0.0317
194 0.1672 0.0999 0.3652 0.3274 0.0403
195 0.2439 0.1099 0.4084 0.1870 0.0507
196 0.1991 0.1066 0.5005 0.1757 0.0181
197 0.0929 0.1406 0.3372 0.2046 0.2246
198 0.0751 0.0550 0.3264 0.3818 0.1616
199 0.1594 0.1737 0.3245 0.0277 0.3147
200 0.1672 0.1063 0.4141 0.3076 0.0048
201 0.1060 0.1405 0.4326 0.3167 0.0043
202 0.2269 0.0822 0.3408 0.3408 0.0094
203 0.1210 0.1154 0.3906 0.3669 0.0061
204 0.0651 0.2068 0.3010 0.4114 0.0158
205 0.0847 0.1451 0.4683 0.0432 0.2585
206 0.1107 0.1049 0.3438 0.0804 0.3604
207 0.0941 0.1759 0.3286 0.3901 0.0112
208 0.0647 0.1527 0.3840 0.3840 0.0147
209 0.0818 0.2480 0.4026 0.2520 0.0154
210 0.0592 0.0896 0.3955 0.3716 0.0842
211 0.0648 0.2076 0.5059 0.1086 0.1129
212 0.0972 0.2812 0.4565 0.0745 0.0906
213 0.0623 0.2878 0.3418 0.0618 0.2462
214 0.0842 0.1326 0.3630 0.1284 0.2917
215 0.1028 0.1921 0.2751 0.4131 0.0169
216 0.1248 0.2123 0.2482 0.3967 0.0180
217 0.1704 0.2766 0.3184 0.2153 0.0194
218 0.0674 0.1805 0.3704 0.1497 0.2318
219 0.1091 0.2168 0.4451 0.0465 0.1826
220 0.1238 0.2206 0.4744 0.0473 0.1338
221 0.1077 0.1449 0.4065 0.0981 0.2428
222 0.2842 0.1203 0.2798 0.2886 0.0273
223 0.1658 0.1054 0.2820 0.4302 0.0165
224 0.1724 0.3591 0.3428 0.1184 0.0075
225 0.1465 0.5190 0.2869 0.0433 0.0042
226 0.0479 0.4512 0.4512 0.0253 0.0243
227 0.0889 0.2891 0.5400 0.0410 0.0410
228 0.2571 0.2097 0.3250 0.2032 0.0052
229 0.1167 0.4836 0.2629 0.1343 0.0022
230 0.0659 0.1790 0.5962 0.0740 0.0852
231 0.0727 0.2700 0.5718 0.0405 0.0451
232 0.0047 0.0670 0.0959 0.8281 0.0042
233 0.0107 0.4329 0.3318 0.2142 0.0103
234 0.2111 0.1362 0.4468 0.1952 0.0107
235 0.1815 0.1287 0.4563 0.2260 0.0075
236 0.1615 0.1219 0.4390 0.2705 0.0070
237 0.2145 0.1148 0.4070 0.2546 0.0091
238 0.2037 0.2830 0.2496 0.2310 0.0327
239 0.5991 0.2659 0.0580 0.0417 0.0354
240 0.5405 0.3127 0.0616 0.0410 0.0443
241 0.5405 0.3127 0.0616 0.0410 0.0443
242 0.5566 0.3025 0.0601 0.0376 0.0432
243 0.5566 0.3025 0.0601 0.0376 0.0432
244 0.5566 0.3025 0.0601 0.0376 0.0432
245 0.5649 0.2979 0.0586 0.0353 0.0432
246 0.5649 0.2979 0.0586 0.0353 0.0432
247 0.5649 0.2979 0.0586 0.0353 0.0432
248 0.5566 0.3025 0.0601 0.0376 0.0432
