time exciting_prob fearful_prob tense_prob sad_prob relaxing_prob
0 0.1692 0.2747 0.2581 0.2620 0.0360
1 0.3389 0.1277 0.2366 0.2722 0.0246
2 0.4629 0.1170 0.1885 0.2136 0.0181
3 0.5469 0.1191 0.1019 0.1875 0.0449
4 0.3733 0.1428 0.1777 0.2908 0.0154
5 0.4709 0.4028 0.0528 0.0408 0.0326
6 0.3442 0.4153 0.1349 0.0716 0.0338
7 0.3684 0.3801 0.1160 0.1064 0.0289
8 0.7319 0.1821 0.0510 0.0100 0.0250
9 0.6909 0.2278 0.0524 0.0017 0.0274
10 0.7266 0.1686 0.0875 0.0018 0.0154
11 0.6851 0.1493 0.1360 0.0035 0.0264
12 0.7261 0.1055 0.1571 0.0027 0.0085
13 0.6699 0.1201 0.2012 0.0015 0.0070
14 0.6724 0.1151 0.1973 0.0032 0.0119
15 0.6060 0.1569 0.2079 0.0028 0.0264
16 0.7661 0.0922 0.1241 0.0016 0.0160
17 0.7886 0.0793 0.1172 0.0011 0.0140
18 0.7100 0.1115 0.1488 0.0031 0.0265
19 0.6611 0.1149 0.1836 0.0029 0.0376
20 0.6797 0.1504 0.1317 0.0014 0.0369
21 0.5303 0.2335 0.1862 0.0052 0.0449
22 0.7183 0.1542 0.0995 0.0027 0.0254
23 0.2800 0.1123 0.4014 0.1809 0.0255
24 0.2338 0.1737 0.4368 0.1204 0.0353
25 0.4126 0.1119 0.3528 0.0906 0.0321
26 0.2411 0.1439 0.5142 0.0551 0.0457
27 0.2454 0.1355 0.4729 0.1031 0.0433
28 0.0859 0.0533 0.1949 0.6597 0.0062
29 0.0571 0.0580 0.2482 0.6338 0.0031
30 0.2627 0.2015 0.4070 0.1021 0.0266
31 0.3840 0.0716 0.0857 0.4385 0.0204
32 0.2981 0.0348 0.0454 0.5234 0.0983
33 0.7129 0.1393 0.1415 0.0009 0.0054
34 0.7046 0.0917 0.1912 0.0008 0.0115
35 0.5415 0.1447 0.2854 0.0021 0.0261
36 0.7393 0.1274 0.1207 0.0018 0.0108
37 0.7871 0.0955 0.1116 0.0008 0.0052
38 0.6597 0.1201 0.2125 0.0012 0.0065
39 0.6733 0.1016 0.2118 0.0012 0.0121
40 0.0963 0.0850 0.3108 0.5044 0.0038
41 0.0907 0.2603 0.3342 0.3091 0.0056
42 0.0300 0.0810 0.3008 0.5845 0.0036
43 0.0530 0.1608 0.2413 0.5396 0.0055
44 0.1193 0.2094 0.2372 0.4229 0.0113
45 0.6055 0.1111 0.2428 0.0015 0.0390
46 0.4419 0.2040 0.3235 0.0018 0.0289
47 0.0783 0.1750 0.1835 0.5562 0.0068
48 0.1027 0.1816 0.1591 0.5464 0.0102
49 0.1110 0.1219 0.1759 0.5815 0.0098
50 0.1090 0.3130 0.3835 0.1715 0.0229
51 0.1327 0.2898 0.2239 0.3362 0.0175
52 0.1016 0.2006 0.1959 0.4888 0.0132
53 0.6636 0.0739 0.2539 0.0018 0.0071
54 0.6509 0.1262 0.2164 0.0014 0.0048
55 0.1807 0.2266 0.1765 0.3977 0.0186
56 0.0852 0.3240 0.1965 0.3730 0.0214
57 0.0781 0.3530 0.2686 0.2749 0.0256
58 0.1046 0.1865 0.2339 0.4546 0.0204
59 0.1188 0.1305 0.1400 0.5938 0.0168
60 0.0511 0.0993 0.0779 0.7339 0.0377
61 0.0612 0.1400 0.0817 0.6680 0.0492
62 0.0860 0.2063 0.6816 0.0086 0.0173
63 0.6748 0.1471 0.1732 0.0016 0.0034
64 0.6963 0.1268 0.1720 0.0014 0.0033
65 0.7124 0.1110 0.1705 0.0017 0.0041
66 0.6851 0.1163 0.1947 0.0005 0.0035
67 0.2507 0.0753 0.6660 0.0006 0.0073
68 0.1422 0.2576 0.2006 0.3748 0.0249
69 0.1655 0.1174 0.7134 0.0005 0.0030
70 0.0732 0.3330 0.3032 0.2698 0.0206
71 0.0597 0.1726 0.1852 0.5527 0.0298
72 0.4075 0.1865 0.3828 0.0043 0.0189
73 0.7896 0.0900 0.0585 0.0415 0.0206
74 0.7534 0.1036 0.0770 0.0396 0.0262
75 0.0931 0.1672 0.0797 0.6465 0.0137
76 0.9438 0.0139 0.0250 0.0026 0.0147
77 0.9556 0.0089 0.0103 0.0036 0.0215
78 0.0717 0.1517 0.1084 0.6489 0.0194
79 0.7334 0.1467 0.1133 0.0023 0.0042
80 0.9038 0.0362 0.0556 0.0018 0.0028
81 0.1832 0.0996 0.2446 0.4534 0.0192
82 0.0377 0.1469 0.7695 0.0218 0.0242
83 0.3081 0.2849 0.4016 0.0029 0.0025
84 0.0905 0.1902 0.3416 0.3635 0.0141
85 0.1362 0.1121 0.2263 0.5142 0.0114
86 0.1794 0.2322 0.5439 0.0208 0.0234
87 0.8560 0.0703 0.0635 0.0017 0.0087
88 0.8682 0.0614 0.0605 0.0018 0.0083
89 0.5464 0.1873 0.2622 0.0013 0.0031
90 0.0415 0.0944 0.0669 0.7837 0.0135
91 0.0513 0.0807 0.0839 0.7598 0.0240
92 0.0438 0.1459 0.1200 0.6694 0.0209
93 0.0518 0.1055 0.0875 0.7324 0.0225
94 0.5684 0.1201 0.2859 0.0025 0.0231
95 0.5547 0.1414 0.2725 0.0027 0.0287
96 0.0827 0.0982 0.2588 0.5308 0.0293
97 0.0935 0.1309 0.1309 0.6099 0.0349
98 0.0257 0.0743 0.1188 0.7686 0.0128
99 0.9087 0.0132 0.0604 0.0152 0.0024
100 0.9585 0.0112 0.0251 0.0033 0.0019
101 0.5293 0.0831 0.3752 0.0013 0.0112
102 0.5342 0.1804 0.2263 0.0122 0.0467
103 0.1898 0.3130 0.4661 0.0168 0.0142
104 0.2107 0.4675 0.2925 0.0214 0.0079
105 0.3821 0.3269 0.2605 0.0216 0.0088
106 0.5713 0.0548 0.3130 0.0098 0.0511
107 0.2250 0.1583 0.6021 0.0055 0.0093
108 0.7588 0.1101 0.0871 0.0014 0.0428
109 0.6069 0.2413 0.1063 0.0182 0.0273
110 0.6953 0.0218 0.1677 0.1126 0.0026
111 0.1401 0.4631 0.1266 0.0123 0.2578
112 0.2135 0.4626 0.1676 0.0047 0.1514
113 0.6348 0.1462 0.1619 0.0099 0.0471
114 0.4192 0.1860 0.3396 0.0156 0.0396
115 0.1368 0.3928 0.4246 0.0042 0.0417
116 0.0701 0.1566 0.7710 0.0012 0.0012
117 0.0324 0.1431 0.8232 0.0011 0.0004
118 0.1170 0.2830 0.5894 0.0035 0.0071
119 0.5396 0.0975 0.2671 0.0514 0.0443
120 0.5586 0.1049 0.2292 0.0817 0.0257
121 0.4978 0.1747 0.2971 0.0258 0.0045
122 0.3115 0.4062 0.2091 0.0028 0.0706
123 0.6709 0.2283 0.0930 0.0055 0.0021
124 0.6270 0.1048 0.2117 0.0480 0.0086
125 0.5220 0.2334 0.1847 0.0369 0.0231
126 0.3433 0.2737 0.2891 0.0703 0.0237
127 0.3186 0.1705 0.4822 0.0095 0.0191
128 0.2122 0.2539 0.4670 0.0562 0.0104
129 0.3887 0.1323 0.4475 0.0166 0.0150
130 0.4294 0.1592 0.3730 0.0123 0.0262
131 0.4285 0.2008 0.2788 0.0173 0.0745
132 0.6646 0.1289 0.1460 0.0425 0.0179
133 0.3696 0.0372 0.1963 0.3872 0.0097
134 0.4304 0.1866 0.3625 0.0058 0.0146
135 0.2385 0.0786 0.0891 0.5903 0.0035
136 0.3657 0.0210 0.2476 0.3601 0.0056
137 0.6216 0.2778 0.0875 0.0026 0.0107
138 0.7290 0.2040 0.0545 0.0039 0.0088
139 0.8105 0.1398 0.0348 0.0033 0.0118
140 0.6289 0.3042 0.0493 0.0053 0.0124
141 0.6021 0.2267 0.1038 0.0479 0.0197
142 0.2937 0.5747 0.1196 0.0029 0.0090
143 0.5835 0.0168 0.0753 0.3049 0.0195
144 0.5815 0.1541 0.2349 0.0025 0.0272
145 0.7500 0.1254 0.1031 0.0013 0.0205
146 0.7148 0.2113 0.0486 0.0024 0.0230
147 0.6777 0.1810 0.1215 0.0007 0.0188
148 0.8086 0.1044 0.0659 0.0013 0.0198
149 0.1798 0.6177 0.1854 0.0020 0.0151
150 0.4321 0.3162 0.2349 0.0136 0.0035
151 0.4951 0.0747 0.1242 0.2910 0.0151
152 0.5630 0.3635 0.0667 0.0012 0.0058
153 0.6025 0.3655 0.0253 0.0014 0.0055
154 0.3000 0.6304 0.0659 0.0013 0.0021
155 0.3167 0.6196 0.0489 0.0038 0.0109
156 0.6216 0.0615 0.2216 0.0539 0.0416
157 0.6562 0.1442 0.1323 0.0080 0.0592
158 0.4392 0.0957 0.0717 0.0028 0.3906
159 0.5005 0.1743 0.0985 0.0030 0.2238
160 0.1830 0.0512 0.1615 0.5996 0.0046
161 0.4167 0.0827 0.0490 0.0046 0.4470
162 0.5391 0.0776 0.0478 0.0037 0.3320
163 0.3398 0.1416 0.4983 0.0082 0.0123
164 0.5405 0.1586 0.2717 0.0078 0.0215
165 0.4741 0.1814 0.3110 0.0181 0.0152
166 0.5894 0.2290 0.1599 0.0056 0.0161
167 0.6289 0.2539 0.0995 0.0034 0.0144
168 0.3027 0.1418 0.4761 0.0179 0.0615
169 0.3354 0.0822 0.5361 0.0210 0.0251
170 0.5977 0.1672 0.0754 0.0597 0.0999
171 0.3306 0.1742 0.0810 0.1549 0.2595
172 0.7021 0.1578 0.1137 0.0123 0.0142
173 0.6201 0.1777 0.1805 0.0180 0.0035
174 0.5537 0.2272 0.0503 0.0792 0.0897
175 0.6895 0.1082 0.0883 0.0862 0.0280
176 0.2489 0.1737 0.0439 0.0026 0.5308
177 0.1632 0.0316 0.0157 0.0050 0.7847
178 0.4644 0.2428 0.2729 0.0036 0.0161
179 0.6885 0.1660 0.1015 0.0058 0.0382
180 0.9092 0.0501 0.0110 0.0041 0.0256
181 0.8184 0.1198 0.0346 0.0029 0.0241
182 0.6489 0.1653 0.1426 0.0308 0.0126
183 0.7837 0.0629 0.0859 0.0172 0.0501
184 0.4202 0.2798 0.1558 0.0808 0.0634
185 0.2881 0.3584 0.1191 0.2091 0.0254
186 0.2903 0.3755 0.1393 0.1693 0.0258
187 0.2588 0.2469 0.1354 0.3455 0.0133
188 0.3491 0.0338 0.0597 0.5532 0.0040
189 0.2173 0.0987 0.1392 0.5293 0.0154
190 0.8560 0.0790 0.0429 0.0114 0.0107
191 0.0986 0.0182 0.0294 0.8516 0.0021
192 0.1810 0.2512 0.0931 0.4658 0.0089
193 0.6689 0.1589 0.0972 0.0268 0.0481
194 0.3228 0.2288 0.1098 0.0032 0.3354
195 0.3242 0.4500 0.1036 0.0040 0.1183
196 0.5410 0.1813 0.0343 0.0034 0.2401
197 0.1833 0.4431 0.1833 0.0041 0.1862
198 0.1567 0.4680 0.1290 0.0052 0.2410
199 0.2705 0.2949 0.1747 0.0035 0.2561
200 0.3115 0.3164 0.3369 0.0065 0.0287
201 0.3433 0.2825 0.2937 0.0185 0.0620
202 0.4468 0.2094 0.1936 0.0224 0.1279
203 0.2727 0.2708 0.1060 0.0057 0.3450
204 0.3982 0.2164 0.2065 0.1334 0.0454
205 0.2279 0.4290 0.1641 0.0212 0.1578
206 0.5405 0.3601 0.0709 0.0023 0.0261
207 0.9014 0.0500 0.0402 0.0016 0.0069
208 0.9062 0.0455 0.0351 0.0014 0.0120
209 0.6069 0.1354 0.1465 0.0298 0.0815
210 0.6538 0.1577 0.0878 0.0473 0.0536
211 0.3506 0.5103 0.1165 0.0041 0.0184
212 0.3289 0.0178 0.1873 0.4355 0.0306
213 0.8198 0.0858 0.0793 0.0013 0.0136
214 0.9238 0.0246 0.0419 0.0012 0.0084
215 0.5337 0.0618 0.2661 0.1238 0.0146
216 0.2430 0.0153 0.0117 0.7256 0.0043
217 0.6431 0.0571 0.1199 0.0912 0.0884
218 0.5381 0.1979 0.2010 0.0023 0.0608
219 0.3972 0.1921 0.2688 0.1240 0.0177
220 0.2988 0.2942 0.2310 0.1703 0.0055
221 0.5771 0.2009 0.0648 0.0148 0.1425
222 0.8765 0.0450 0.0592 0.0017 0.0175
223 0.4985 0.2886 0.1779 0.0064 0.0286
224 0.2433 0.6514 0.0960 0.0024 0.0071
225 0.5894 0.0383 0.0737 0.2456 0.0531
226 0.2262 0.1506 0.4824 0.1220 0.0187
227 0.2145 0.2566 0.4167 0.0952 0.0171
228 0.8589 0.0459 0.0699 0.0013 0.0242
229 0.8643 0.0626 0.0593 0.0061 0.0076
230 0.3525 0.2404 0.3499 0.0261 0.0313
231 0.3691 0.1650 0.3108 0.1295 0.0255
232 0.7954 0.0865 0.1011 0.0019 0.0154
233 0.7979 0.0671 0.1224 0.0013 0.0113
234 0.7666 0.0930 0.0577 0.0600 0.0228
235 0.7856 0.0976 0.0687 0.0016 0.0464
236 0.5933 0.1431 0.0917 0.0468 0.1252
237 0.7627 0.1274 0.0955 0.0015 0.0126
238 0.3325 0.0945 0.5273 0.0373 0.0082
239 0.6133 0.0956 0.2402 0.0126 0.0380
240 0.5864 0.2622 0.1415 0.0074 0.0024
241 0.6006 0.1506 0.2208 0.0133 0.0149
242 0.5347 0.2229 0.2211 0.0033 0.0181
243 0.4758 0.3945 0.1148 0.0055 0.0096
244 0.2075 0.1530 0.1733 0.4604 0.0058
245 0.2644 0.1310 0.1935 0.3879 0.0233
246 0.5586 0.0062 0.0336 0.3962 0.0051
247 0.2661 0.2189 0.1528 0.0123 0.3499
248 0.1851 0.0223 0.2197 0.5190 0.0539
249 0.2023 0.1550 0.3960 0.1785 0.0683
250 0.4001 0.3115 0.2686 0.0123 0.0074
251 0.2068 0.5620 0.2235 0.0050 0.0028
252 0.3386 0.2964 0.2458 0.0243 0.0948
253 0.2397 0.5444 0.1796 0.0128 0.0232
254 0.3284 0.3899 0.2346 0.0240 0.0231
255 0.4404 0.3325 0.1510 0.0245 0.0518
256 0.2839 0.5557 0.0997 0.0170 0.0435
257 0.5381 0.3726 0.0763 0.0067 0.0064
258 0.6528 0.2598 0.0566 0.0158 0.0151
259 0.6196 0.2297 0.1249 0.0090 0.0165
260 0.6870 0.1893 0.1062 0.0050 0.0126
261 0.6025 0.2493 0.1254 0.0068 0.0161
262 0.1099 0.0785 0.4180 0.3926 0.0012
263 0.1527 0.0244 0.2517 0.5498 0.0213
264 0.8081 0.0318 0.0852 0.0029 0.0717
265 0.6050 0.0892 0.1846 0.0775 0.0435
266 0.5649 0.3218 0.0974 0.0048 0.0109
267 0.6611 0.1865 0.1252 0.0072 0.0197
268 0.4873 0.3223 0.1685 0.0138 0.0081
269 0.3193 0.0782 0.5518 0.0250 0.0258
270 0.9209 0.0247 0.0421 0.0010 0.0111
271 0.6436 0.1317 0.0851 0.0037 0.1360
272 0.8667 0.0825 0.0390 0.0018 0.0100
273 0.3027 0.4043 0.2651 0.0085 0.0193
274 0.2496 0.4739 0.1959 0.0322 0.0484
275 0.8843 0.0327 0.0535 0.0020 0.0273
276 0.8159 0.0814 0.0596 0.0042 0.0388
277 0.5254 0.3418 0.0942 0.0038 0.0352
278 0.2664 0.1239 0.1831 0.2316 0.1949
279 0.6455 0.0439 0.2842 0.0041 0.0221
280 0.7930 0.0855 0.1016 0.0022 0.0179
281 0.7979 0.0530 0.1365 0.0023 0.0102
282 0.7803 0.0726 0.0882 0.0174 0.0417
283 0.3584 0.0500 0.2350 0.3088 0.0477
284 0.4915 0.3027 0.1865 0.0068 0.0122
285 0.3259 0.0540 0.3606 0.2223 0.0371
286 0.4297 0.1656 0.3506 0.0334 0.0207
287 0.2578 0.3467 0.3750 0.0055 0.0150
288 0.2690 0.1724 0.4685 0.0670 0.0230
289 0.7046 0.0587 0.1443 0.0760 0.0164
290 0.8989 0.0263 0.0238 0.0107 0.0404
291 0.1947 0.0934 0.3994 0.2725 0.0402
292 0.4407 0.3223 0.1794 0.0053 0.0522
293 0.4653 0.1851 0.3376 0.0076 0.0044
294 0.3713 0.0836 0.1410 0.1973 0.2068
295 0.5073 0.0163 0.0640 0.3655 0.0468
296 0.2286 0.0692 0.0731 0.5977 0.0312
297 0.1211 0.1372 0.5732 0.1642 0.0042
298 0.8047 0.0395 0.1356 0.0030 0.0171
299 0.8301 0.0514 0.0592 0.0020 0.0574
300 0.5557 0.1427 0.1506 0.1279 0.0233
301 0.7017 0.1482 0.1051 0.0105 0.0347
302 0.2103 0.3960 0.3362 0.0088 0.0488
303 0.4243 0.1943 0.3279 0.0234 0.0300
304 0.7725 0.0555 0.0894 0.0035 0.0789
305 0.6221 0.0356 0.3303 0.0058 0.0062
306 0.6265 0.0483 0.0596 0.1534 0.1123
307 0.4761 0.0605 0.3323 0.0640 0.0670
308 0.7456 0.0438 0.1744 0.0041 0.0320
309 0.7197 0.0674 0.1509 0.0030 0.0591
310 0.7500 0.0587 0.1387 0.0037 0.0491
311 0.8613 0.0358 0.0735 0.0030 0.0264
312 0.5024 0.0530 0.4265 0.0081 0.0098
313 0.7075 0.0435 0.2408 0.0049 0.0030
314 0.6909 0.0668 0.2191 0.0147 0.0083
315 0.7632 0.0414 0.1870 0.0056 0.0028
316 0.1732 0.0956 0.3965 0.3340 0.0007
317 0.2910 0.1406 0.2886 0.2690 0.0107
318 0.8389 0.0313 0.1135 0.0018 0.0148
