time exciting_prob fearful_prob tense_prob sad_prob relaxing_prob
0 0.2036 0.0667 0.4050 0.2917 0.0330
1 0.4282 0.0817 0.2898 0.1730 0.0274
2 0.4609 0.0145 0.2318 0.2668 0.0260
3 0.4456 0.0414 0.2460 0.2040 0.0632
4 0.1735 0.0445 0.5513 0.1996 0.0313
5 0.1833 0.0304 0.4070 0.3591 0.0203
6 0.2192 0.0415 0.3848 0.3191 0.0355
7 0.1697 0.0475 0.3145 0.3914 0.0771
8 0.4199 0.1556 0.2710 0.0490 0.1045
9 0.4307 0.1273 0.2166 0.0848 0.1409
10 0.5200 0.1455 0.1913 0.0495 0.0939
11 0.1714 0.0917 0.4048 0.2781 0.0539
12 0.1581 0.0974 0.3792 0.3096 0.0559
13 0.3638 0.1248 0.2482 0.2424 0.0208
14 0.3408 0.1648 0.3462 0.0410 0.1072
15 0.3813 0.0994 0.4121 0.0567 0.0504
16 0.2306 0.1039 0.3252 0.2871 0.0531
17 0.3501 0.1603 0.3728 0.0545 0.0623
18 0.5029 0.1311 0.1953 0.0560 0.1148
19 0.1890 0.0966 0.6396 0.0590 0.0160
20 0.1808 0.1114 0.5483 0.1464 0.0131
21 0.3843 0.0884 0.3040 0.1505 0.0728
22 0.1124 0.1090 0.5532 0.1274 0.0977
23 0.2382 0.0810 0.3630 0.3010 0.0167
24 0.1118 0.1552 0.5415 0.1814 0.0101
25 0.2084 0.1263 0.5405 0.0896 0.0351
26 0.3679 0.2163 0.3196 0.0332 0.0629
27 0.2343 0.2004 0.4309 0.0889 0.0454
28 0.2411 0.0231 0.4365 0.2864 0.0130
29 0.4612 0.0302 0.2795 0.2111 0.0180
30 0.1104 0.2373 0.5264 0.1175 0.0084
31 0.1125 0.0232 0.3989 0.4521 0.0132
32 0.3293 0.0242 0.1997 0.4099 0.0370
33 0.4507 0.0252 0.2096 0.2864 0.0281
34 0.5547 0.1026 0.1705 0.0445 0.1277
35 0.6758 0.1086 0.0936 0.0428 0.0794
36 0.5049 0.0971 0.0994 0.0884 0.2104
37 0.5107 0.1594 0.1793 0.0436 0.1071
38 0.1779 0.0881 0.3884 0.1343 0.2113
39 0.1107 0.1057 0.4963 0.2698 0.0174
40 0.2072 0.0934 0.3635 0.2876 0.0484
41 0.2225 0.1393 0.1437 0.4290 0.0658
42 0.5200 0.1550 0.1798 0.0298 0.1152
43 0.5625 0.1400 0.2290 0.0211 0.0476
44 0.1230 0.0422 0.5781 0.2228 0.0339
45 0.1985 0.0356 0.3430 0.2888 0.1343
46 0.3059 0.1276 0.2966 0.1914 0.0786
47 0.5420 0.1200 0.1381 0.0213 0.1787
48 0.2429 0.0449 0.5474 0.1384 0.0264
49 0.1871 0.1153 0.5674 0.0956 0.0344
50 0.2063 0.0887 0.3794 0.3000 0.0256
51 0.2351 0.1076 0.2925 0.0942 0.2705
52 0.2366 0.0646 0.2479 0.3184 0.1327
53 0.1766 0.0498 0.3740 0.3513 0.0483
54 0.1137 0.1875 0.4497 0.2369 0.0123
55 0.5811 0.0553 0.2104 0.0294 0.1237
56 0.1803 0.0852 0.2465 0.4751 0.0130
57 0.1652 0.1327 0.3037 0.0320 0.3665
58 0.5166 0.1515 0.1975 0.0061 0.1285
59 0.2849 0.0829 0.4624 0.1525 0.0175
60 0.2377 0.0630 0.3301 0.3301 0.0394
61 0.1376 0.0681 0.5977 0.0991 0.0975
62 0.1863 0.0801 0.5225 0.1982 0.0129
63 0.1619 0.1241 0.3535 0.2178 0.1428
64 0.0666 0.2083 0.4077 0.2891 0.0282
65 0.6548 0.0873 0.1202 0.0281 0.1094
66 0.4741 0.1401 0.2275 0.0571 0.1010
67 0.2942 0.1189 0.3606 0.0507 0.1757
68 0.3042 0.1747 0.4094 0.0832 0.0283
69 0.1774 0.2462 0.4822 0.0728 0.0215
70 0.1831 0.2664 0.5132 0.0238 0.0134
71 0.2744 0.1799 0.4595 0.0762 0.0099
72 0.2639 0.1267 0.1993 0.3442 0.0657
73 0.1320 0.0623 0.2927 0.2583 0.2544
74 0.2795 0.2467 0.3218 0.1202 0.0319
75 0.3101 0.1910 0.3569 0.1177 0.0243
76 0.3752 0.1541 0.3416 0.0934 0.0357
77 0.2593 0.1958 0.4412 0.0848 0.0188
78 0.3972 0.2952 0.2354 0.0449 0.0273
79 0.3342 0.1831 0.2191 0.2483 0.0153
80 0.1406 0.2246 0.4331 0.1749 0.0268
81 0.3682 0.3406 0.2131 0.0543 0.0237
82 0.2634 0.2634 0.4209 0.0315 0.0206
83 0.1426 0.0474 0.1615 0.6387 0.0098
84 0.1088 0.0573 0.2778 0.5439 0.0121
85 0.0315 0.1898 0.7163 0.0602 0.0023
86 0.2654 0.2959 0.4109 0.0171 0.0109
87 0.2344 0.3010 0.3630 0.0693 0.0325
88 0.2058 0.3501 0.4158 0.0254 0.0031
89 0.4924 0.1537 0.2418 0.0856 0.0265
90 0.2128 0.1147 0.2773 0.2566 0.1384
91 0.0770 0.0555 0.3674 0.3789 0.1212
92 0.0880 0.1777 0.5308 0.1750 0.0286
93 0.4810 0.1561 0.2418 0.0495 0.0715
94 0.1779 0.1241 0.2393 0.3706 0.0880
95 0.1203 0.0577 0.2932 0.5225 0.0063
96 0.2131 0.1195 0.3857 0.2340 0.0475
97 0.3196 0.4800 0.1685 0.0213 0.0107
98 0.0829 0.1598 0.5322 0.1927 0.0325
99 0.0707 0.0867 0.5308 0.2886 0.0230
100 0.1075 0.1277 0.3997 0.3525 0.0126
101 0.1912 0.1512 0.2847 0.3030 0.0698
102 0.2671 0.4138 0.2510 0.0254 0.0426
103 0.5645 0.1250 0.2390 0.0206 0.0509
104 0.3076 0.0620 0.2471 0.3430 0.0403
105 0.2061 0.0425 0.2334 0.4790 0.0390
106 0.1626 0.0891 0.2441 0.2441 0.2600
107 0.0776 0.1212 0.5430 0.1331 0.1250
108 0.4529 0.1858 0.2106 0.0415 0.1093
109 0.3340 0.0964 0.3638 0.1653 0.0405
110 0.3684 0.1224 0.3921 0.0889 0.0284
111 0.2681 0.0481 0.1370 0.2479 0.2991
112 0.4663 0.0335 0.2135 0.1444 0.1422
113 0.2664 0.1517 0.2502 0.2705 0.0613
114 0.4099 0.0350 0.1053 0.2336 0.2161
115 0.5654 0.0551 0.0853 0.0959 0.1984
116 0.3057 0.0404 0.1073 0.5200 0.0269
117 0.1674 0.0261 0.2551 0.5234 0.0280
118 0.1002 0.1704 0.4153 0.2810 0.0331
119 0.0980 0.0435 0.2278 0.6001 0.0308
120 0.2664 0.1239 0.4463 0.1011 0.0623
121 0.2646 0.0513 0.1736 0.4717 0.0387
122 0.1086 0.3296 0.3677 0.1848 0.0095
123 0.0853 0.2355 0.3372 0.3320 0.0099
124 0.6113 0.1322 0.2017 0.0224 0.0324
125 0.5234 0.1781 0.1647 0.0282 0.1055
126 0.1636 0.1090 0.5117 0.1913 0.0243
127 0.2031 0.0530 0.4302 0.2820 0.0316
128 0.2659 0.0811 0.5625 0.0579 0.0325
129 0.1788 0.0900 0.4788 0.2407 0.0117
130 0.1384 0.0789 0.7031 0.0718 0.0080
131 0.1477 0.1031 0.6938 0.0518 0.0037
132 0.2737 0.0322 0.2491 0.3860 0.0592
133 0.2106 0.0445 0.6191 0.0949 0.0311
134 0.1501 0.0488 0.5581 0.2020 0.0410
135 0.2815 0.1471 0.5469 0.0137 0.0111
136 0.1022 0.0514 0.5107 0.3147 0.0208
137 0.1056 0.0515 0.6675 0.1610 0.0147
138 0.2957 0.0164 0.5522 0.1158 0.0197
139 0.1417 0.0403 0.7310 0.0771 0.0097
140 0.1464 0.0284 0.6875 0.1223 0.0157
141 0.2471 0.0821 0.6021 0.0179 0.0510
142 0.2734 0.0419 0.4104 0.2338 0.0406
143 0.5654 0.0888 0.3223 0.0189 0.0045
144 0.2037 0.2830 0.2496 0.2310 0.0327
145 0.2301 0.0522 0.5435 0.1395 0.0347
146 0.1964 0.0299 0.4709 0.2856 0.0170
147 0.4155 0.0455 0.4089 0.0994 0.0306
148 0.4307 0.0896 0.3406 0.1254 0.0137
149 0.2930 0.0228 0.2930 0.3479 0.0432
150 0.0586 0.0559 0.4832 0.3943 0.0081
151 0.3567 0.0394 0.4170 0.1608 0.0264
152 0.2030 0.0795 0.5786 0.1194 0.0196
153 0.2157 0.1350 0.4358 0.2091 0.0044
154 0.2024 0.3665 0.1786 0.2024 0.0504
155 0.2103 0.0343 0.1855 0.5630 0.0070
156 0.0986 0.2810 0.5854 0.0303 0.0044
157 0.1490 0.0476 0.4180 0.3630 0.0225
158 0.2725 0.0392 0.5767 0.1018 0.0098
159 0.0873 0.0302 0.6250 0.2229 0.0347
160 0.1531 0.0819 0.4292 0.3044 0.0316
161 0.0797 0.0216 0.8047 0.0809 0.0129
162 0.1081 0.0253 0.8306 0.0163 0.0195
163 0.1669 0.0922 0.6499 0.0685 0.0226
164 0.2002 0.2377 0.3799 0.1465 0.0359
165 0.1918 0.0673 0.5723 0.1403 0.0283
166 0.2551 0.0472 0.5659 0.1030 0.0288
167 0.4502 0.0782 0.1221 0.2688 0.0807
168 0.1141 0.2198 0.0991 0.4512 0.1158
169 0.1973 0.0682 0.4731 0.2455 0.0158
170 0.1443 0.0773 0.1687 0.5532 0.0565
171 0.1022 0.3679 0.2339 0.2339 0.0620
172 0.1175 0.0649 0.1250 0.6450 0.0475
173 0.1177 0.0714 0.4172 0.3740 0.0198
174 0.0905 0.2788 0.3208 0.2920 0.0180
175 0.1646 0.3025 0.4268 0.0789 0.0273
176 0.4514 0.0822 0.2573 0.0797 0.1294
177 0.3401 0.1292 0.4233 0.0605 0.0468
178 0.4390 0.0956 0.1859 0.0722 0.2073
179 0.2141 0.1119 0.4602 0.1846 0.0292
180 0.1346 0.0792 0.4485 0.3230 0.0149
181 0.1833 0.2281 0.2668 0.2883 0.0334
182 0.0903 0.0660 0.4807 0.3303 0.0327
183 0.1273 0.1912 0.5444 0.1254 0.0116
184 0.2395 0.3708 0.2413 0.1223 0.0258
185 0.5498 0.1757 0.1841 0.0282 0.0622
186 0.1571 0.0720 0.4839 0.2434 0.0436
187 0.1183 0.0729 0.6597 0.1260 0.0231
188 0.2184 0.0480 0.4412 0.2847 0.0078
189 0.1875 0.0412 0.5020 0.2524 0.0170
190 0.1660 0.2695 0.1215 0.4375 0.0056
191 0.3779 0.4023 0.0657 0.1266 0.0276
192 0.1949 0.0567 0.3877 0.3420 0.0186
193 0.2654 0.0588 0.4807 0.1334 0.0616
194 0.1522 0.0742 0.3379 0.4138 0.0218
195 0.2546 0.1373 0.3218 0.2585 0.0275
196 0.4888 0.1715 0.2238 0.0404 0.0756
197 0.2705 0.0745 0.4460 0.1859 0.0231
198 0.1904 0.0481 0.4426 0.3091 0.0098
199 0.1030 0.3027 0.5659 0.0263 0.0022
200 0.1033 0.0598 0.2598 0.5586 0.0187
201 0.2622 0.1163 0.3999 0.0769 0.1448
202 0.1093 0.2191 0.5508 0.0878 0.0331
203 0.1625 0.2346 0.4182 0.1125 0.0721
204 0.1412 0.2328 0.1992 0.3779 0.0488
205 0.1412 0.2328 0.1992 0.3779 0.0488
206 0.6108 0.3220 0.0337 0.0069 0.0266
207 0.6108 0.3220 0.0337 0.0069 0.0266
208 0.6167 0.3149 0.0365 0.0075 0.0245
209 0.6113 0.3223 0.0362 0.0067 0.0233
