time exciting_prob fearful_prob tense_prob sad_prob relaxing_prob
0 0.2037 0.2830 0.2496 0.2310 0.0327
1 0.3799 0.3567 0.2268 0.0332 0.0035
2 0.2720 0.5845 0.1346 0.0082 0.0007
3 0.2194 0.6348 0.1372 0.0086 0.0003
4 0.4146 0.0503 0.2325 0.2362 0.0666
5 0.4607 0.1221 0.1776 0.1721 0.0674
6 0.6289 0.0114 0.2878 0.0717 0.0003
7 0.9141 0.0452 0.0044 0.0346 0.0018
8 0.9097 0.0250 0.0555 0.0095 0.0002
9 0.9258 0.0284 0.0426 0.0033 0.0001
10 0.8115 0.0767 0.0862 0.0253 0.0002
11 0.8472 0.0852 0.0442 0.0183 0.0051
12 0.9277 0.0398 0.0236 0.0070 0.0017
13 0.9746 0.0112 0.0087 0.0047 0.0010
14 0.6499 0.0146 0.2751 0.0568 0.0034
15 0.7422 0.0074 0.0746 0.1735 0.0025
16 0.8564 0.0075 0.0556 0.0797 0.0009
17 0.9028 0.0145 0.0222 0.0577 0.0027
18 0.8159 0.0160 0.0498 0.1157 0.0024
19 0.5908 0.0285 0.0812 0.2878 0.0117
20 0.8994 0.0343 0.0255 0.0402 0.0004
21 0.5801 0.0398 0.1514 0.2236 0.0053
22 0.4287 0.0912 0.3235 0.1459 0.0106
23 0.7441 0.0515 0.1661 0.0282 0.0099
24 0.2423 0.0934 0.2922 0.2969 0.0751
25 0.4165 0.0981 0.1764 0.2864 0.0226
26 0.3069 0.1028 0.1183 0.3589 0.1129
27 0.1016 0.0552 0.3601 0.1116 0.3716
28 0.1409 0.0291 0.3174 0.0720 0.4407
29 0.1664 0.0159 0.5630 0.1613 0.0934
30 0.0798 0.0079 0.6895 0.2135 0.0095
31 0.5571 0.1302 0.2800 0.0192 0.0132
32 0.8594 0.0102 0.0222 0.0533 0.0549
33 0.2114 0.0293 0.4011 0.2551 0.1030
34 0.1588 0.0414 0.5898 0.1074 0.1025
35 0.8604 0.0334 0.0224 0.0396 0.0442
36 0.1494 0.0500 0.5908 0.0734 0.1361
37 0.1437 0.0201 0.3040 0.0899 0.4424
38 0.8599 0.0287 0.0456 0.0632 0.0027
39 0.7046 0.0437 0.0211 0.1897 0.0410
40 0.1639 0.0175 0.1042 0.0662 0.6479
41 0.3018 0.0594 0.0892 0.4602 0.0892
42 0.1207 0.0215 0.2852 0.1170 0.4556
43 0.5835 0.0714 0.0218 0.2673 0.0560
44 0.1093 0.0378 0.2463 0.0851 0.5215
45 0.1445 0.0291 0.4968 0.1126 0.2170
46 0.1321 0.1029 0.6304 0.0534 0.0814
47 0.1921 0.0542 0.3320 0.0685 0.3533
48 0.0321 0.2094 0.7310 0.0103 0.0173
49 0.1658 0.0208 0.3196 0.2450 0.2489
50 0.2639 0.0424 0.2944 0.1902 0.2089
51 0.1631 0.0490 0.5518 0.1682 0.0680
52 0.0565 0.3438 0.2515 0.0230 0.3254
53 0.1914 0.0261 0.4663 0.2037 0.1125
54 0.1245 0.0137 0.1958 0.0238 0.6421
55 0.0756 0.0488 0.3386 0.0883 0.4487
56 0.1593 0.0840 0.3704 0.0840 0.3022
57 0.0785 0.0298 0.7334 0.0574 0.1008
58 0.0210 0.2057 0.7065 0.0315 0.0352
59 0.0256 0.1617 0.7964 0.0060 0.0103
60 0.1168 0.1453 0.3540 0.1168 0.2673
61 0.0484 0.0377 0.0905 0.0414 0.7817
62 0.0519 0.1549 0.6318 0.0731 0.0883
63 0.0902 0.3540 0.2778 0.0436 0.2340
64 0.0837 0.2520 0.2479 0.0232 0.3931
65 0.1514 0.0656 0.3203 0.1107 0.3518
66 0.0403 0.0367 0.6934 0.0487 0.1809
67 0.2025 0.0164 0.2122 0.0757 0.4934
68 0.0434 0.0612 0.7227 0.0349 0.1379
69 0.0733 0.0927 0.5415 0.1247 0.1677
70 0.0983 0.1713 0.4409 0.0404 0.2491
71 0.0305 0.1256 0.4524 0.2876 0.1041
72 0.1067 0.1154 0.3086 0.0912 0.3782
73 0.0860 0.0348 0.2690 0.0916 0.5186
74 0.0957 0.0191 0.1482 0.0831 0.6538
75 0.0810 0.0427 0.3411 0.0389 0.4963
76 0.0816 0.0170 0.1169 0.1324 0.6519
77 0.0641 0.4414 0.3896 0.0503 0.0544
78 0.1033 0.0986 0.5166 0.1083 0.1731
79 0.0747 0.4231 0.2336 0.0367 0.2318
80 0.0291 0.1400 0.7222 0.1024 0.0064
81 0.0503 0.1421 0.7100 0.0660 0.0315
82 0.1000 0.3105 0.3862 0.0836 0.1197
83 0.1246 0.1326 0.2401 0.3838 0.1189
84 0.1641 0.0264 0.2140 0.1831 0.4126
85 0.2241 0.0508 0.3313 0.1059 0.2878
86 0.2021 0.0251 0.2053 0.1898 0.3777
87 0.0912 0.2617 0.4739 0.1337 0.0395
88 0.1775 0.0623 0.5386 0.0576 0.1642
89 0.0956 0.0451 0.1576 0.0688 0.6328
90 0.1048 0.0382 0.2218 0.0862 0.5488
91 0.2749 0.2279 0.3503 0.0287 0.1182
92 0.0985 0.0269 0.2595 0.1226 0.4924
93 0.1218 0.0811 0.3750 0.1799 0.2422
94 0.1179 0.1024 0.3464 0.1024 0.3306
95 0.1517 0.3289 0.4290 0.0466 0.0438
96 0.0739 0.0421 0.1885 0.0774 0.6182
97 0.1288 0.1760 0.4937 0.0554 0.1460
98 0.2002 0.0592 0.4583 0.0660 0.2164
99 0.1063 0.0429 0.5654 0.0569 0.2285
100 0.2542 0.0333 0.5215 0.0442 0.1471
101 0.2008 0.0716 0.2832 0.1237 0.3208
102 0.0125 0.0112 0.0996 0.0160 0.8608
103 0.0563 0.2903 0.1874 0.0235 0.4426
104 0.0942 0.4094 0.2996 0.0065 0.1904
105 0.0605 0.2930 0.3760 0.0460 0.2246
106 0.0435 0.0202 0.3479 0.0409 0.5474
107 0.0644 0.2489 0.3538 0.0256 0.3074
108 0.0534 0.4727 0.2452 0.0254 0.2032
109 0.0707 0.1952 0.4004 0.1669 0.1669
110 0.0806 0.3696 0.3210 0.0147 0.2140
111 0.0191 0.0185 0.1284 0.0351 0.7988
112 0.0130 0.0065 0.0613 0.0187 0.9004
113 0.1296 0.1626 0.6846 0.0079 0.0155
114 0.0737 0.2476 0.5664 0.0682 0.0440
115 0.1526 0.1245 0.6226 0.0755 0.0249
116 0.0119 0.0108 0.0704 0.0215 0.8853
117 0.0145 0.0128 0.2659 0.0276 0.6792
118 0.1014 0.0634 0.3887 0.0815 0.3650
119 0.0670 0.1373 0.7544 0.0195 0.0221
120 0.0484 0.0447 0.4810 0.0515 0.3745
121 0.0470 0.1425 0.2172 0.2240 0.3694
122 0.0567 0.0463 0.4600 0.0673 0.3696
123 0.1270 0.0679 0.3909 0.0638 0.3503
124 0.0512 0.0270 0.4861 0.0266 0.4092
125 0.1008 0.0371 0.3462 0.0427 0.4731
126 0.1487 0.0522 0.5352 0.0901 0.1738
127 0.1377 0.0239 0.5366 0.0322 0.2698
128 0.0775 0.0244 0.4324 0.0594 0.4062
129 0.0725 0.0189 0.5439 0.0822 0.2822
130 0.0692 0.0169 0.3916 0.0714 0.4509
131 0.0559 0.0127 0.6206 0.0222 0.2886
132 0.0357 0.2517 0.5083 0.0856 0.1188
133 0.0292 0.0126 0.0806 0.0512 0.8267
134 0.1678 0.0352 0.2642 0.0545 0.4783
135 0.0931 0.2571 0.5317 0.0132 0.1047
136 0.1078 0.1450 0.5601 0.1174 0.0696
137 0.0318 0.0264 0.1667 0.0390 0.7358
138 0.0322 0.0317 0.2068 0.1216 0.6079
139 0.0204 0.0114 0.0912 0.0512 0.8257
140 0.0743 0.0356 0.5239 0.0676 0.2986
141 0.0707 0.0290 0.4329 0.0853 0.3821
142 0.1426 0.0763 0.5464 0.0306 0.2042
143 0.0513 0.4683 0.4539 0.0171 0.0096
144 0.0910 0.0666 0.3489 0.0527 0.4409
145 0.1895 0.0262 0.2510 0.1322 0.4011
146 0.0117 0.0116 0.0895 0.0635 0.8237
147 0.2830 0.0255 0.2576 0.0704 0.3633
148 0.3328 0.2251 0.1187 0.1187 0.2050
149 0.1494 0.0717 0.2925 0.2791 0.2074
150 0.2101 0.1197 0.1661 0.4048 0.0992
151 0.3025 0.0894 0.2047 0.2979 0.1054
152 0.2379 0.1124 0.0822 0.4807 0.0869
153 0.2727 0.1415 0.4495 0.0558 0.0806
154 0.2136 0.0727 0.2136 0.2383 0.2617
155 0.1542 0.0254 0.4824 0.1519 0.1860
156 0.1602 0.2539 0.3313 0.2025 0.0520
157 0.1921 0.1332 0.0846 0.2283 0.3618
158 0.1295 0.3464 0.1914 0.1637 0.1689
159 0.1245 0.1624 0.1649 0.2400 0.3081
160 0.2239 0.5762 0.0963 0.0657 0.0380
161 0.0546 0.7603 0.1428 0.0393 0.0032
162 0.4480 0.1560 0.1687 0.0714 0.1560
163 0.2147 0.0379 0.3596 0.0895 0.2981
164 0.2256 0.0798 0.4739 0.0850 0.1357
165 0.2350 0.0964 0.1802 0.3755 0.1128
166 0.1904 0.0958 0.3728 0.1506 0.1904
167 0.4658 0.1106 0.1293 0.2341 0.0602
168 0.1453 0.0324 0.6021 0.1282 0.0923
169 0.0865 0.5688 0.1790 0.1211 0.0449
170 0.1569 0.4038 0.1121 0.2908 0.0364
171 0.0965 0.2727 0.0740 0.5259 0.0311
172 0.1740 0.0650 0.2822 0.0931 0.3857
173 0.2869 0.1584 0.3569 0.0714 0.1263
174 0.1265 0.1274 0.2805 0.1455 0.3203
175 0.1284 0.1755 0.1782 0.4080 0.1098
176 0.1169 0.5889 0.1622 0.1160 0.0161
177 0.3845 0.2313 0.0700 0.2140 0.1003
178 0.1346 0.0241 0.4021 0.0495 0.3896
179 0.1460 0.0177 0.1051 0.0563 0.6748
180 0.0120 0.2952 0.6250 0.0648 0.0030
181 0.0271 0.0321 0.3403 0.0307 0.5698
182 0.0187 0.0158 0.1569 0.0244 0.7842
183 0.1018 0.0647 0.2190 0.1653 0.4492
184 0.0736 0.1442 0.4653 0.2568 0.0601
185 0.0933 0.1180 0.3208 0.3931 0.0750
186 0.0338 0.1042 0.6899 0.0920 0.0799
187 0.0532 0.1447 0.3582 0.0508 0.3933
188 0.1350 0.0512 0.4092 0.0957 0.3088
189 0.0629 0.3943 0.2754 0.0952 0.1722
190 0.1516 0.1381 0.2385 0.1482 0.3235
191 0.1027 0.0313 0.2625 0.0653 0.5381
192 0.1017 0.0174 0.6738 0.0392 0.1677
193 0.2306 0.0544 0.5532 0.0640 0.0977
194 0.0933 0.0115 0.6274 0.0612 0.2069
195 0.0884 0.0392 0.2089 0.0589 0.6045
196 0.1692 0.0308 0.5815 0.1565 0.0622
197 0.1892 0.0568 0.4399 0.2467 0.0674
198 0.1936 0.1508 0.1967 0.3398 0.1193
199 0.1521 0.1969 0.5435 0.0293 0.0783
200 0.1864 0.1521 0.1923 0.1893 0.2798
201 0.0583 0.0682 0.6782 0.0343 0.1610
202 0.2252 0.1926 0.2115 0.1809 0.1897
203 0.2428 0.0542 0.5557 0.0634 0.0839
204 0.1478 0.0325 0.5669 0.0856 0.1675
205 0.0916 0.0185 0.6362 0.0569 0.1970
206 0.0918 0.0241 0.5986 0.0720 0.2134
207 0.1099 0.0351 0.6323 0.0883 0.1346
208 0.0964 0.0554 0.6191 0.1093 0.1200
209 0.0911 0.0261 0.7622 0.0427 0.0779
210 0.1115 0.0592 0.6724 0.0379 0.1187
211 0.0728 0.0381 0.6587 0.0812 0.1493
212 0.0839 0.0412 0.6704 0.0614 0.1428
213 0.0172 0.0055 0.0884 0.0231 0.8657
214 0.1010 0.0428 0.7007 0.0240 0.1317
215 0.3093 0.0111 0.3850 0.0752 0.2194
216 0.3369 0.0063 0.3877 0.0614 0.2075
217 0.1610 0.0115 0.6270 0.0539 0.1466
218 0.2573 0.0151 0.5796 0.0407 0.1072
219 0.4258 0.0950 0.3115 0.0456 0.1220
220 0.2179 0.0271 0.5308 0.1261 0.0982
221 0.2849 0.0206 0.2020 0.0842 0.4082
222 0.1879 0.0975 0.2820 0.2231 0.2096
223 0.1820 0.1070 0.2300 0.3047 0.1764
224 0.2639 0.0627 0.2898 0.1650 0.2188
225 0.1747 0.0205 0.6592 0.0533 0.0920
226 0.2277 0.0995 0.2313 0.2277 0.2139
227 0.3457 0.0530 0.3052 0.0692 0.2268
228 0.3179 0.0227 0.1526 0.0985 0.4082
229 0.0679 0.0806 0.6143 0.0769 0.1603
230 0.0379 0.2081 0.6021 0.0293 0.1224
231 0.0915 0.0302 0.5874 0.0847 0.2062
232 0.0293 0.0342 0.4236 0.0098 0.5029
233 0.3042 0.0326 0.4426 0.0899 0.1309
234 0.1730 0.0125 0.5083 0.1411 0.1650
235 0.2144 0.0129 0.6011 0.0624 0.1094
236 0.2795 0.0696 0.2839 0.1777 0.1892
237 0.1271 0.0702 0.6260 0.1140 0.0629
238 0.0620 0.1072 0.7559 0.0275 0.0475
239 0.0578 0.1283 0.7500 0.0310 0.0330
240 0.0724 0.0873 0.7197 0.0400 0.0807
241 0.1017 0.1730 0.4084 0.2086 0.1082
242 0.1710 0.3000 0.3193 0.0765 0.1332
243 0.4194 0.0093 0.3167 0.0981 0.1567
244 0.2808 0.0333 0.2808 0.2120 0.1930
245 0.2961 0.0597 0.2100 0.0480 0.3862
246 0.1635 0.0430 0.1376 0.0197 0.6362
247 0.0919 0.0229 0.0891 0.0267 0.7695
248 0.1788 0.0812 0.2091 0.0294 0.5015
249 0.1487 0.1054 0.1851 0.0337 0.5273
250 0.3489 0.0569 0.1007 0.0241 0.4695
251 0.1833 0.0914 0.1279 0.0147 0.5825
252 0.3032 0.0570 0.3774 0.0698 0.1927
253 0.2037 0.2830 0.2496 0.2310 0.0327
254 0.8130 0.0805 0.0553 0.0166 0.0346
255 0.8257 0.0792 0.0528 0.0119 0.0305
256 0.8315 0.0773 0.0507 0.0114 0.0291
