time exciting_prob fearful_prob tense_prob sad_prob relaxing_prob
0 0.2325 0.1235 0.5757 0.0090 0.0593
1 0.1991 0.2086 0.5542 0.0069 0.0312
2 0.2260 0.1277 0.5171 0.0173 0.1119
3 0.2793 0.1591 0.4678 0.0095 0.0845
4 0.2262 0.2371 0.4641 0.0036 0.0690
5 0.3240 0.1220 0.4094 0.0052 0.1393
6 0.2856 0.1719 0.4707 0.0160 0.0558
7 0.0710 0.4214 0.4417 0.0523 0.0136
8 0.1758 0.0857 0.2257 0.4216 0.0912
9 0.0859 0.0591 0.7305 0.0820 0.0425
10 0.2252 0.1635 0.5571 0.0265 0.0275
11 0.1049 0.0986 0.7227 0.0455 0.0285
12 0.2281 0.1982 0.5474 0.0116 0.0147
13 0.1730 0.1198 0.6177 0.0641 0.0253
14 0.2583 0.1318 0.5684 0.0287 0.0127
15 0.4346 0.1514 0.3464 0.0053 0.0621
16 0.4336 0.0665 0.4138 0.0271 0.0591
17 0.2478 0.2460 0.3960 0.0190 0.0912
18 0.1213 0.5435 0.3147 0.0097 0.0107
19 0.4543 0.1851 0.2800 0.0714 0.0093
20 0.3967 0.2881 0.1890 0.0787 0.0474
21 0.2128 0.1417 0.6060 0.0209 0.0184
22 0.4524 0.1237 0.3232 0.0088 0.0919
23 0.6216 0.1177 0.2098 0.0060 0.0447
24 0.2277 0.0912 0.5723 0.0301 0.0787
25 0.1957 0.1293 0.6265 0.0205 0.0280
26 0.2385 0.0532 0.3337 0.3496 0.0249
27 0.6797 0.0844 0.1505 0.0424 0.0431
28 0.5996 0.0431 0.2661 0.0374 0.0536
29 0.2283 0.1849 0.5107 0.0241 0.0522
30 0.4202 0.1301 0.3826 0.0573 0.0099
31 0.4148 0.1265 0.4148 0.0296 0.0144
32 0.4790 0.0865 0.3560 0.0367 0.0418
33 0.5317 0.0816 0.3330 0.0307 0.0228
34 0.2993 0.2812 0.3472 0.0170 0.0554
35 0.5020 0.0628 0.3450 0.0132 0.0770
36 0.4275 0.0737 0.1421 0.3127 0.0440
37 0.4062 0.2664 0.1980 0.0537 0.0757
38 0.4683 0.1331 0.2839 0.0233 0.0915
39 0.2451 0.1545 0.4580 0.0596 0.0828
40 0.2932 0.2014 0.4070 0.0069 0.0915
41 0.0802 0.2163 0.6982 0.0034 0.0019
42 0.1753 0.2114 0.6025 0.0064 0.0045
43 0.1404 0.1102 0.7188 0.0246 0.0062
44 0.3962 0.1266 0.3782 0.0338 0.0652
45 0.4941 0.1427 0.2974 0.0140 0.0517
46 0.7480 0.0674 0.0974 0.0037 0.0833
47 0.3215 0.0352 0.5732 0.0668 0.0035
48 0.1111 0.1846 0.6968 0.0031 0.0046
49 0.1034 0.1759 0.5171 0.1786 0.0251
50 0.5474 0.0724 0.3269 0.0266 0.0264
51 0.1833 0.0801 0.3169 0.1805 0.2391
52 0.2534 0.1989 0.3804 0.0804 0.0869
53 0.0587 0.1311 0.8032 0.0041 0.0027
54 0.2444 0.1392 0.5859 0.0070 0.0233
55 0.2986 0.1178 0.5239 0.0356 0.0241
56 0.0187 0.1589 0.8198 0.0023 0.0004
57 0.8086 0.0358 0.1069 0.0119 0.0367
58 0.1838 0.1714 0.6216 0.0105 0.0126
59 0.2998 0.1450 0.5181 0.0121 0.0252
60 0.2417 0.1008 0.6172 0.0121 0.0282
61 0.4792 0.2487 0.1682 0.0081 0.0958
62 0.3552 0.2104 0.3782 0.0052 0.0508
63 0.1414 0.3608 0.4856 0.0041 0.0081
64 0.2002 0.1572 0.6118 0.0143 0.0163
65 0.6191 0.0793 0.2174 0.0355 0.0485
66 0.5063 0.0586 0.3320 0.0605 0.0429
67 0.3872 0.0383 0.1360 0.2312 0.2073
68 0.2352 0.0907 0.6196 0.0248 0.0297
69 0.2177 0.1936 0.4944 0.0112 0.0833
70 0.3296 0.1406 0.5024 0.0084 0.0190
71 0.0376 0.2322 0.4338 0.0163 0.2800
72 0.1403 0.2500 0.5903 0.0113 0.0082
73 0.0909 0.1781 0.7153 0.0120 0.0036
74 0.1879 0.3374 0.4541 0.0076 0.0129
75 0.3354 0.2869 0.3516 0.0095 0.0167
76 0.1407 0.0382 0.1105 0.0443 0.6665
77 0.0992 0.0135 0.1160 0.0491 0.7222
78 0.3069 0.1351 0.4866 0.0497 0.0215
79 0.8286 0.0629 0.0814 0.0127 0.0146
80 0.3787 0.2686 0.2502 0.0995 0.0030
81 0.3882 0.2429 0.3071 0.0456 0.0164
82 0.2263 0.1936 0.5601 0.0105 0.0093
83 0.2369 0.1182 0.4565 0.1747 0.0137
84 0.0716 0.1539 0.7573 0.0133 0.0036
85 0.0701 0.1320 0.7246 0.0638 0.0096
86 0.1064 0.0592 0.5234 0.0635 0.2473
87 0.1864 0.1594 0.6255 0.0105 0.0180
88 0.5093 0.1470 0.1602 0.0079 0.1759
89 0.1782 0.2476 0.3923 0.0293 0.1525
90 0.1704 0.2441 0.3523 0.0850 0.1481
91 0.1875 0.1818 0.6099 0.0077 0.0132
92 0.3821 0.0475 0.2883 0.1776 0.1044
93 0.3940 0.2625 0.2228 0.0591 0.0614
94 0.0891 0.2384 0.6685 0.0023 0.0016
95 0.0970 0.1100 0.4705 0.1412 0.1814
96 0.1857 0.2422 0.4893 0.0285 0.0545
97 0.4319 0.0716 0.3694 0.1162 0.0111
98 0.4448 0.3333 0.2069 0.0101 0.0048
99 0.3599 0.1713 0.4109 0.0126 0.0454
100 0.3047 0.0952 0.5737 0.0207 0.0056
101 0.2303 0.0714 0.2181 0.0148 0.4653
102 0.2207 0.1257 0.5996 0.0126 0.0411
103 0.1740 0.2166 0.5659 0.0069 0.0365
104 0.2329 0.0830 0.5762 0.0187 0.0891
105 0.6206 0.1013 0.1985 0.0468 0.0327
106 0.2722 0.2898 0.1689 0.2637 0.0055
107 0.1305 0.0829 0.2634 0.4624 0.0607
108 0.1295 0.1561 0.6274 0.0121 0.0750
109 0.1385 0.0665 0.7612 0.0185 0.0154
110 0.0648 0.0103 0.0529 0.0186 0.8535
111 0.3750 0.1575 0.3308 0.0267 0.1100
112 0.6021 0.2377 0.0245 0.0209 0.1149
113 0.5020 0.2280 0.1567 0.0914 0.0219
114 0.2097 0.2339 0.4075 0.0815 0.0676
115 0.2173 0.1277 0.4822 0.1517 0.0212
116 0.3533 0.0814 0.3267 0.0981 0.1405
117 0.2627 0.0989 0.1165 0.2467 0.2751
118 0.1515 0.3413 0.4451 0.0349 0.0272
119 0.1382 0.0995 0.3699 0.0658 0.3264
120 0.4397 0.1174 0.3730 0.0387 0.0311
121 0.5820 0.0813 0.1531 0.1542 0.0294
122 0.3198 0.0854 0.3982 0.0991 0.0975
123 0.4648 0.0867 0.3735 0.0406 0.0342
124 0.1046 0.0777 0.4612 0.3374 0.0192
125 0.2385 0.0536 0.6284 0.0328 0.0466
126 0.2372 0.0664 0.6450 0.0258 0.0258
127 0.1881 0.1674 0.2416 0.0348 0.3682
128 0.1216 0.0454 0.2494 0.0797 0.5039
129 0.1014 0.0226 0.7373 0.1113 0.0273
130 0.1170 0.0612 0.7393 0.0465 0.0359
131 0.4668 0.0622 0.3335 0.0934 0.0441
132 0.1230 0.1240 0.2466 0.0313 0.4751
133 0.3433 0.1030 0.4075 0.1080 0.0382
134 0.2101 0.1467 0.5713 0.0407 0.0312
135 0.3555 0.0648 0.3726 0.1760 0.0313
136 0.3025 0.2754 0.3535 0.0381 0.0307
137 0.1361 0.1077 0.5732 0.1519 0.0313
138 0.2976 0.0497 0.3425 0.2930 0.0175
139 0.3879 0.1028 0.2045 0.1405 0.1643
140 0.1906 0.0266 0.3291 0.1193 0.3345
141 0.0271 0.2654 0.6265 0.0335 0.0476
142 0.0683 0.1691 0.3062 0.0508 0.4055
143 0.1392 0.1190 0.1786 0.0217 0.5415
144 0.1741 0.0621 0.3103 0.0293 0.4241
145 0.2477 0.2037 0.1082 0.0125 0.4280
146 0.0601 0.0976 0.0681 0.0127 0.7617
147 0.0774 0.0238 0.1218 0.0191 0.7578
148 0.1169 0.0539 0.2397 0.0320 0.5576
149 0.0894 0.1617 0.6201 0.0415 0.0873
150 0.1027 0.2561 0.5176 0.0227 0.1011
151 0.1428 0.1281 0.4038 0.0207 0.3047
152 0.0743 0.1782 0.3542 0.1572 0.2361
153 0.1164 0.1128 0.3420 0.0224 0.4062
154 0.4434 0.0922 0.3972 0.0435 0.0237
155 0.4197 0.1450 0.3704 0.0326 0.0323
156 0.3633 0.2238 0.3867 0.0108 0.0155
157 0.2549 0.0450 0.4617 0.2147 0.0237
158 0.1984 0.1157 0.2842 0.0311 0.3706
159 0.1775 0.2227 0.3701 0.0270 0.2028
160 0.1877 0.1581 0.4468 0.0196 0.1877
161 0.1812 0.1179 0.3989 0.0101 0.2917
162 0.2520 0.1843 0.4490 0.0207 0.0941
163 0.1917 0.2766 0.4707 0.0098 0.0512
164 0.2012 0.0576 0.4678 0.2279 0.0456
165 0.1114 0.0754 0.6719 0.1223 0.0192
166 0.0916 0.0649 0.5518 0.2690 0.0226
167 0.1914 0.1637 0.5806 0.0300 0.0343
168 0.1582 0.0840 0.6255 0.0514 0.0808
169 0.4788 0.2563 0.1299 0.0140 0.1210
170 0.6055 0.1655 0.1077 0.0966 0.0248
171 0.4514 0.0703 0.3079 0.1334 0.0370
172 0.0674 0.0141 0.0740 0.0240 0.8203
173 0.4226 0.2815 0.2815 0.0051 0.0093
174 0.4565 0.3264 0.2026 0.0028 0.0116
175 0.4915 0.0539 0.2756 0.1140 0.0649
176 0.1846 0.1119 0.6055 0.0806 0.0176
177 0.3413 0.1401 0.2205 0.0363 0.2617
178 0.2418 0.1064 0.2202 0.0511 0.3804
179 0.1407 0.0828 0.4688 0.2712 0.0364
180 0.0965 0.1278 0.7300 0.0384 0.0073
181 0.2339 0.0490 0.3679 0.3052 0.0439
182 0.1725 0.0815 0.4473 0.1343 0.1646
183 0.2551 0.1015 0.4805 0.1388 0.0241
184 0.2379 0.0903 0.4375 0.1897 0.0447
185 0.1970 0.1252 0.6313 0.0271 0.0195
186 0.1764 0.1533 0.6553 0.0060 0.0089
187 0.0929 0.2751 0.6011 0.0189 0.0117
188 0.1404 0.0706 0.7471 0.0347 0.0075
189 0.2068 0.0597 0.6675 0.0499 0.0163
190 0.2393 0.0718 0.5308 0.1062 0.0518
191 0.2235 0.0433 0.5278 0.1023 0.1031
192 0.0274 0.1993 0.7642 0.0065 0.0026
193 0.1014 0.2018 0.6826 0.0083 0.0059
194 0.1809 0.0910 0.7158 0.0061 0.0062
195 0.4282 0.0480 0.2402 0.2478 0.0357
196 0.4478 0.2067 0.1838 0.0093 0.1523
197 0.4795 0.4070 0.0867 0.0027 0.0242
198 0.0900 0.1891 0.3972 0.0238 0.2998
199 0.1449 0.2012 0.6440 0.0029 0.0069
200 0.5864 0.0728 0.2837 0.0421 0.0148
201 0.0643 0.2371 0.4678 0.1981 0.0328
202 0.2462 0.0781 0.5771 0.0679 0.0308
203 0.3870 0.0589 0.2966 0.0830 0.1744
204 0.1256 0.0978 0.3523 0.0253 0.3992
205 0.3110 0.1493 0.3582 0.1576 0.0240
206 0.4558 0.1348 0.3335 0.0557 0.0202
207 0.3350 0.2413 0.1464 0.0923 0.1851
208 0.2393 0.1658 0.5308 0.0176 0.0464
209 0.1788 0.1761 0.6343 0.0052 0.0057
210 0.4092 0.0972 0.4673 0.0094 0.0172
211 0.6216 0.1168 0.1007 0.1124 0.0483
212 0.6577 0.0933 0.0792 0.0374 0.1326
213 0.5117 0.1501 0.1561 0.1636 0.0182
214 0.6992 0.1610 0.0875 0.0225 0.0296
215 0.7246 0.1011 0.1372 0.0204 0.0169
216 0.5586 0.1664 0.2103 0.0291 0.0357
217 0.1967 0.2710 0.4905 0.0120 0.0299
218 0.1555 0.1790 0.4863 0.0309 0.1483
219 0.2037 0.2830 0.2496 0.2310 0.0327
220 0.8359 0.1030 0.0113 0.0040 0.0457
221 0.8784 0.0667 0.0106 0.0052 0.0392
222 0.8779 0.0677 0.0106 0.0049 0.0386
223 0.8784 0.0677 0.0106 0.0049 0.0386
224 0.8774 0.0677 0.0106 0.0049 0.0392
225 0.8774 0.0677 0.0106 0.0049 0.0392
226 0.7920 0.1377 0.0162 0.0057 0.0483
227 0.2037 0.2830 0.2496 0.2310 0.0327
