time exciting_prob fearful_prob tense_prob sad_prob relaxing_prob
0 0.2037 0.2830 0.2496 0.2310 0.0327
1 0.0282 0.0730 0.0983 0.1185 0.6821
2 0.0251 0.1255 0.2272 0.2917 0.3306
3 0.0384 0.0717 0.3213 0.1361 0.4324
4 0.0512 0.0768 0.2520 0.3904 0.2295
5 0.0148 0.0427 0.1294 0.7334 0.0798
6 0.0364 0.0482 0.0758 0.4297 0.4099
7 0.0105 0.0883 0.0743 0.8242 0.0028
8 0.0309 0.0378 0.1617 0.6396 0.1300
9 0.0911 0.2085 0.1624 0.3230 0.2151
10 0.0262 0.1212 0.5103 0.2817 0.0609
11 0.0179 0.3643 0.1981 0.3879 0.0318
12 0.0295 0.3223 0.1301 0.4990 0.0190
13 0.0133 0.1949 0.1949 0.5640 0.0328
14 0.1266 0.5811 0.2155 0.0637 0.0133
15 0.0172 0.1851 0.6558 0.1176 0.0243
16 0.0797 0.0660 0.4446 0.2654 0.1443
17 0.0340 0.0815 0.6313 0.2396 0.0135
18 0.0253 0.2397 0.2847 0.4409 0.0093
19 0.0163 0.1028 0.6201 0.2583 0.0026
20 0.0357 0.1188 0.6421 0.1869 0.0163
21 0.0116 0.2240 0.1799 0.5811 0.0036
22 0.0315 0.4558 0.2678 0.2222 0.0227
23 0.0117 0.1273 0.1294 0.7104 0.0215
24 0.0609 0.0387 0.2262 0.6548 0.0195
25 0.0171 0.0491 0.1512 0.7559 0.0267
26 0.0932 0.0307 0.2825 0.3801 0.2133
27 0.0176 0.0991 0.2234 0.5977 0.0620
28 0.0078 0.4302 0.4438 0.1105 0.0075
29 0.0421 0.0243 0.2135 0.5537 0.1663
30 0.0321 0.6147 0.3042 0.0412 0.0078
31 0.0109 0.1520 0.7480 0.0801 0.0092
32 0.0299 0.0492 0.8589 0.0549 0.0069
33 0.0318 0.1481 0.7637 0.0520 0.0043
34 0.2700 0.2007 0.3577 0.1492 0.0223
35 0.2500 0.3752 0.3110 0.0264 0.0372
36 0.0142 0.1134 0.6035 0.2637 0.0050
37 0.1000 0.0698 0.4697 0.2361 0.1245
38 0.0607 0.0830 0.5415 0.2766 0.0383
39 0.1100 0.3962 0.2440 0.1017 0.1481
40 0.1366 0.3625 0.2781 0.1387 0.0841
41 0.1637 0.1125 0.3357 0.3057 0.0823
42 0.0403 0.1259 0.5732 0.1890 0.0717
43 0.0711 0.1482 0.5635 0.1801 0.0372
44 0.0262 0.1495 0.5640 0.2352 0.0250
45 0.0149 0.0626 0.4998 0.4209 0.0021
46 0.0429 0.0397 0.2839 0.6201 0.0131
47 0.1392 0.0728 0.6538 0.1288 0.0055
48 0.0265 0.0319 0.5571 0.3831 0.0013
49 0.0267 0.1235 0.5532 0.2827 0.0140
50 0.0860 0.0990 0.1879 0.6064 0.0208
51 0.1295 0.0977 0.2783 0.4312 0.0631
52 0.0144 0.5151 0.3174 0.1499 0.0034
53 0.0363 0.0207 0.4087 0.5166 0.0180
54 0.0670 0.2957 0.4797 0.1510 0.0067
55 0.0256 0.0202 0.1804 0.7715 0.0022
56 0.0092 0.4109 0.1177 0.4585 0.0035
57 0.0053 0.4009 0.2549 0.3376 0.0013
58 0.0599 0.1210 0.4639 0.3501 0.0052
59 0.1542 0.0845 0.3474 0.3936 0.0204
60 0.1034 0.1505 0.6235 0.1209 0.0015
61 0.0317 0.0492 0.4055 0.5127 0.0012
62 0.0256 0.4426 0.2483 0.2815 0.0021
63 0.0714 0.0916 0.3198 0.5034 0.0139
64 0.0188 0.2988 0.3083 0.3718 0.0024
65 0.0395 0.0317 0.1797 0.7446 0.0045
66 0.0336 0.0058 0.0831 0.8662 0.0111
67 0.0225 0.1768 0.1512 0.6465 0.0028
68 0.0156 0.3896 0.1783 0.4148 0.0016
69 0.0665 0.0790 0.5928 0.2590 0.0030
70 0.1083 0.0335 0.6431 0.2120 0.0031
71 0.0897 0.0137 0.8247 0.0709 0.0011
72 0.0618 0.0111 0.7412 0.1844 0.0014
73 0.0369 0.0242 0.7070 0.2295 0.0026
74 0.0461 0.2114 0.2322 0.4766 0.0337
75 0.0493 0.4360 0.2125 0.2905 0.0118
76 0.0856 0.2222 0.3496 0.3389 0.0039
77 0.1719 0.1903 0.1318 0.3967 0.1093
78 0.0169 0.4700 0.1134 0.3958 0.0040
79 0.0898 0.1208 0.1901 0.4419 0.1576
80 0.0981 0.1221 0.7134 0.0563 0.0100
81 0.0740 0.2666 0.1804 0.3589 0.1202
82 0.1046 0.4873 0.2489 0.1046 0.0547
83 0.2217 0.2067 0.4480 0.0327 0.0910
84 0.0631 0.2783 0.3926 0.2344 0.0315
85 0.0587 0.0624 0.4685 0.2842 0.1261
86 0.0420 0.0975 0.6562 0.1823 0.0221
87 0.0786 0.2920 0.3989 0.2102 0.0203
88 0.1517 0.2106 0.2313 0.2747 0.1318
89 0.0253 0.0682 0.0917 0.7925 0.0223
90 0.1144 0.1801 0.1470 0.4973 0.0613
91 0.0370 0.2159 0.3616 0.3730 0.0124
92 0.1483 0.1052 0.1680 0.5259 0.0529
93 0.1498 0.0783 0.5562 0.1166 0.0990
94 0.1688 0.1073 0.5039 0.1057 0.1143
95 0.0221 0.4683 0.1952 0.3071 0.0076
96 0.0179 0.7788 0.1534 0.0490 0.0007
97 0.0941 0.1017 0.0598 0.7285 0.0158
98 0.0954 0.2117 0.2805 0.3955 0.0170
99 0.1299 0.1111 0.4292 0.3240 0.0060
100 0.1235 0.4380 0.1235 0.3105 0.0045
101 0.0626 0.2493 0.1454 0.4880 0.0547
102 0.1985 0.4873 0.1301 0.1658 0.0182
103 0.0498 0.2468 0.3220 0.3374 0.0439
104 0.0255 0.1135 0.2942 0.5498 0.0170
105 0.0402 0.0958 0.3789 0.4714 0.0138
106 0.0177 0.4294 0.2688 0.2817 0.0024
107 0.0938 0.0881 0.1954 0.6211 0.0019
108 0.3247 0.1970 0.0916 0.3767 0.0097
109 0.3682 0.1865 0.1398 0.2822 0.0233
110 0.0626 0.0710 0.4702 0.3838 0.0123
111 0.0710 0.3694 0.1772 0.3752 0.0072
112 0.0640 0.0809 0.2737 0.4954 0.0861
113 0.2498 0.2346 0.2876 0.1189 0.1091
114 0.0444 0.0911 0.2805 0.5669 0.0172
115 0.1538 0.1770 0.5283 0.1295 0.0114
116 0.0540 0.6084 0.2786 0.0269 0.0322
117 0.3120 0.1835 0.4199 0.0304 0.0542
118 0.1238 0.1666 0.4976 0.1426 0.0695
119 0.0790 0.3303 0.2098 0.3625 0.0182
120 0.2224 0.2260 0.3137 0.2330 0.0049
121 0.1597 0.1014 0.2891 0.4338 0.0159
122 0.1932 0.2947 0.3499 0.1602 0.0022
123 0.2084 0.3953 0.2288 0.1648 0.0027
124 0.0447 0.2495 0.1715 0.5283 0.0062
125 0.1011 0.3213 0.3816 0.1949 0.0009
126 0.1057 0.4211 0.1367 0.3228 0.0139
127 0.0769 0.3967 0.1816 0.2996 0.0452
128 0.3779 0.1390 0.0617 0.3550 0.0662
129 0.2576 0.1041 0.1743 0.3989 0.0651
130 0.0995 0.0318 0.0326 0.8335 0.0025
131 0.0167 0.8286 0.0930 0.0600 0.0017
132 0.0019 0.4263 0.0244 0.5474 0.0002
133 0.0077 0.7319 0.0364 0.2233 0.0004
134 0.0298 0.2915 0.1912 0.4309 0.0565
135 0.0161 0.2334 0.2227 0.4714 0.0563
136 0.0013 0.2805 0.0234 0.6943 0.0002
137 0.1664 0.0263 0.4248 0.3308 0.0515
138 0.4714 0.0537 0.2192 0.2408 0.0147
139 0.0869 0.0130 0.0273 0.8110 0.0616
140 0.1394 0.0550 0.1230 0.5645 0.1183
141 0.0034 0.0980 0.0893 0.8081 0.0011
142 0.0800 0.0936 0.6396 0.1094 0.0776
143 0.1511 0.2032 0.5356 0.0736 0.0364
144 0.0396 0.0685 0.0268 0.8477 0.0176
145 0.1545 0.0707 0.4202 0.3323 0.0221
146 0.0211 0.0406 0.0753 0.8491 0.0140
147 0.0559 0.3735 0.0610 0.5024 0.0072
148 0.2020 0.5493 0.0883 0.1598 0.0006
149 0.0875 0.0726 0.0539 0.7446 0.0414
150 0.2122 0.0585 0.0589 0.5420 0.1287
151 0.2371 0.1681 0.1630 0.4097 0.0222
152 0.0896 0.0385 0.2361 0.6221 0.0137
153 0.2241 0.3582 0.0520 0.3472 0.0185
154 0.1422 0.7393 0.0503 0.0651 0.0034
155 0.0638 0.4719 0.2300 0.2300 0.0044
156 0.0960 0.2778 0.2693 0.3511 0.0059
157 0.0218 0.3381 0.2761 0.3545 0.0094
158 0.0266 0.6348 0.1967 0.1310 0.0107
159 0.0441 0.0918 0.5200 0.3206 0.0234
160 0.0873 0.1232 0.3914 0.3401 0.0582
161 0.0060 0.5581 0.0458 0.3896 0.0006
162 0.0034 0.3413 0.0276 0.6274 0.0003
163 0.0029 0.4863 0.0316 0.4788 0.0002
164 0.2659 0.1041 0.5537 0.0251 0.0511
165 0.1422 0.1716 0.3689 0.0863 0.2310
166 0.0238 0.4053 0.5205 0.0090 0.0414
167 0.0913 0.1760 0.3088 0.3611 0.0627
168 0.0546 0.1656 0.2605 0.3730 0.1461
169 0.0172 0.5225 0.2047 0.2507 0.0047
170 0.2274 0.1886 0.4119 0.0941 0.0780
171 0.1843 0.2025 0.3135 0.1034 0.1962
172 0.0248 0.3767 0.2357 0.3594 0.0033
173 0.0079 0.1653 0.0700 0.7524 0.0045
174 0.0322 0.6323 0.1284 0.1990 0.0081
175 0.0167 0.4524 0.2786 0.2498 0.0026
176 0.1688 0.2495 0.4961 0.0737 0.0118
177 0.0307 0.4202 0.1923 0.3481 0.0087
178 0.2042 0.0775 0.3936 0.2747 0.0500
179 0.2238 0.3806 0.3254 0.0519 0.0182
180 0.0883 0.1599 0.6226 0.0636 0.0656
181 0.0436 0.3430 0.2180 0.3887 0.0065
182 0.0053 0.4407 0.0543 0.4995 0.0003
183 0.0179 0.3853 0.3096 0.2817 0.0056
184 0.0707 0.2820 0.3245 0.2732 0.0497
185 0.0604 0.0478 0.2883 0.5557 0.0478
186 0.2302 0.3147 0.1671 0.2607 0.0273
187 0.0316 0.1541 0.2747 0.5215 0.0183
188 0.0685 0.4006 0.3220 0.1923 0.0164
189 0.2142 0.3879 0.2045 0.1891 0.0043
190 0.0648 0.6245 0.1329 0.1506 0.0270
191 0.0176 0.4106 0.5029 0.0660 0.0027
192 0.0077 0.5962 0.0609 0.3345 0.0006
193 0.0048 0.8159 0.0413 0.1375 0.0004
194 0.0253 0.3132 0.3232 0.3335 0.0048
195 0.0122 0.4053 0.1562 0.4248 0.0016
196 0.0192 0.7095 0.1442 0.1214 0.0057
197 0.0332 0.3074 0.4138 0.2180 0.0275
198 0.0277 0.2317 0.2505 0.4753 0.0149
199 0.0945 0.1986 0.2715 0.3948 0.0406
200 0.0246 0.0831 0.2223 0.6636 0.0064
201 0.0057 0.6045 0.1267 0.2600 0.0029
202 0.0059 0.1549 0.1304 0.7051 0.0038
203 0.0297 0.2859 0.2905 0.3291 0.0648
204 0.0084 0.0353 0.0348 0.3513 0.5703
205 0.2212 0.2283 0.1497 0.3535 0.0475
206 0.3557 0.2262 0.1707 0.2124 0.0349
207 0.3557 0.2262 0.1707 0.2124 0.0349
208 0.2037 0.2830 0.2496 0.2310 0.0327
