time exciting_prob fearful_prob tense_prob sad_prob relaxing_prob
0 0.1545 0.2469 0.2321 0.3220 0.0443
1 0.1545 0.2469 0.2321 0.3220 0.0443
2 0.1920 0.1449 0.3701 0.2749 0.0180
3 0.1897 0.1454 0.3103 0.3303 0.0243
4 0.1346 0.0320 0.2764 0.5498 0.0073
5 0.1858 0.0700 0.2073 0.5293 0.0075
6 0.0389 0.3721 0.3779 0.2087 0.0022
7 0.0439 0.4980 0.3267 0.1300 0.0014
8 0.0697 0.1365 0.3274 0.4617 0.0046
9 0.0545 0.0957 0.2157 0.6240 0.0100
10 0.0502 0.5352 0.3794 0.0345 0.0009
11 0.0197 0.1637 0.6084 0.2069 0.0015
12 0.0147 0.2864 0.5269 0.1710 0.0008
13 0.1912 0.0946 0.1941 0.4956 0.0245
14 0.3022 0.1462 0.3975 0.1384 0.0157
15 0.9404 0.0048 0.0298 0.0093 0.0156
16 0.9395 0.0039 0.0345 0.0049 0.0175
17 0.9395 0.0036 0.0337 0.0051 0.0183
18 0.1360 0.1746 0.2620 0.4187 0.0088
19 0.1571 0.5527 0.1987 0.0875 0.0038
20 0.4070 0.1581 0.2301 0.1764 0.0284
21 0.2849 0.2437 0.1700 0.2893 0.0120
22 0.4219 0.1163 0.1248 0.3313 0.0059
23 0.2593 0.5000 0.1769 0.0511 0.0128
24 0.1876 0.2566 0.3069 0.2410 0.0080
25 0.2363 0.1368 0.4739 0.1379 0.0151
26 0.1190 0.1267 0.6533 0.0942 0.0066
27 0.3662 0.2402 0.2659 0.1256 0.0021
28 0.3281 0.1041 0.2458 0.2988 0.0230
29 0.5918 0.1763 0.1373 0.0758 0.0189
30 0.0809 0.4478 0.4077 0.0587 0.0047
31 0.1777 0.3218 0.2159 0.2795 0.0051
32 0.1187 0.1868 0.3176 0.3713 0.0056
33 0.0861 0.3516 0.3860 0.1741 0.0022
34 0.1199 0.1873 0.5210 0.1665 0.0054
35 0.1185 0.2267 0.5439 0.1046 0.0064
36 0.2896 0.1057 0.2764 0.2764 0.0519
37 0.3186 0.5420 0.1019 0.0201 0.0173
38 0.2808 0.4216 0.2188 0.0727 0.0063
39 0.0357 0.4050 0.5449 0.0124 0.0020
40 0.0875 0.2452 0.2065 0.3860 0.0748
41 0.0111 0.0930 0.1851 0.7095 0.0015
42 0.1586 0.1943 0.3865 0.2418 0.0186
43 0.1396 0.1418 0.3325 0.3594 0.0265
44 0.2512 0.1523 0.3435 0.2455 0.0075
45 0.1538 0.1378 0.2220 0.4663 0.0199
46 0.1035 0.1460 0.3240 0.4160 0.0106
47 0.2690 0.1301 0.5269 0.0659 0.0081
48 0.1792 0.1473 0.5649 0.1029 0.0056
49 0.0500 0.0864 0.5630 0.2969 0.0037
50 0.1984 0.1779 0.4333 0.1805 0.0100
51 0.1790 0.4226 0.2075 0.1832 0.0077
52 0.0884 0.1691 0.1539 0.5630 0.0253
53 0.4219 0.2878 0.1815 0.0244 0.0844
54 0.3589 0.2246 0.2688 0.0114 0.1362
55 0.4043 0.3223 0.1262 0.0802 0.0670
56 0.5771 0.1874 0.0885 0.0878 0.0590
57 0.4561 0.2539 0.1135 0.0215 0.1552
58 0.2864 0.2230 0.1078 0.1395 0.2430
59 0.2321 0.2032 0.3376 0.1659 0.0610
60 0.1642 0.0787 0.0879 0.6294 0.0399
61 0.0680 0.7026 0.1776 0.0505 0.0012
62 0.3003 0.1453 0.4236 0.1262 0.0049
63 0.1846 0.3315 0.2563 0.2209 0.0065
64 0.2668 0.3508 0.1921 0.1863 0.0039
65 0.2137 0.1092 0.3499 0.3135 0.0138
66 0.3264 0.0988 0.0838 0.4824 0.0087
67 0.2013 0.0788 0.2505 0.4680 0.0014
68 0.0294 0.1516 0.8071 0.0107 0.0013
69 0.1368 0.0503 0.3777 0.4148 0.0203
70 0.3193 0.2861 0.1461 0.2335 0.0148
71 0.4429 0.2108 0.1393 0.1996 0.0075
72 0.0972 0.1459 0.6001 0.1493 0.0077
73 0.1276 0.1296 0.3606 0.3665 0.0157
74 0.2418 0.0651 0.2068 0.4810 0.0053
75 0.3420 0.1318 0.1628 0.3213 0.0418
76 0.3389 0.4153 0.1504 0.0837 0.0118
77 0.4436 0.1658 0.0873 0.2908 0.0126
78 0.0623 0.3701 0.5303 0.0372 0.0002
79 0.2070 0.2920 0.3359 0.1587 0.0063
80 0.2910 0.1418 0.3511 0.1940 0.0219
81 0.0661 0.4963 0.3306 0.0738 0.0332
82 0.0751 0.0812 0.1979 0.6387 0.0070
83 0.0067 0.1350 0.1506 0.7075 0.0003
84 0.1051 0.1603 0.6050 0.1268 0.0030
85 0.1021 0.0609 0.1569 0.6709 0.0093
86 0.1256 0.0377 0.2136 0.6182 0.0049
87 0.3623 0.0201 0.2490 0.3567 0.0119
88 0.3279 0.0732 0.5239 0.0676 0.0074
89 0.2340 0.1725 0.3828 0.1895 0.0213
90 0.4253 0.1328 0.3210 0.1100 0.0110
91 0.4229 0.0951 0.4097 0.0609 0.0115
92 0.5181 0.0297 0.2161 0.2300 0.0061
93 0.6738 0.0994 0.1576 0.0641 0.0053
94 0.3782 0.0768 0.1539 0.3840 0.0071
95 0.1881 0.1866 0.2869 0.3250 0.0133
96 0.0804 0.1729 0.1305 0.6128 0.0034
97 0.2305 0.2415 0.1488 0.3459 0.0334
98 0.2053 0.2203 0.4084 0.1587 0.0074
99 0.2444 0.1035 0.3018 0.3313 0.0191
100 0.2208 0.1775 0.2314 0.3584 0.0117
101 0.2634 0.0910 0.3489 0.2849 0.0118
102 0.4382 0.1161 0.3960 0.0431 0.0066
103 0.0681 0.1971 0.2067 0.5234 0.0046
104 0.1296 0.2240 0.5947 0.0200 0.0318
105 0.2123 0.2900 0.4155 0.0642 0.0177
106 0.2551 0.3713 0.2847 0.0855 0.0032
107 0.1043 0.1860 0.1775 0.5215 0.0106
108 0.2512 0.3228 0.2084 0.2117 0.0059
109 0.2383 0.1550 0.1991 0.3989 0.0087
110 0.1058 0.0986 0.3691 0.4248 0.0016
111 0.2230 0.3374 0.2507 0.1835 0.0055
112 0.2380 0.3203 0.2399 0.1913 0.0106
113 0.0687 0.7158 0.2084 0.0057 0.0014
114 0.1074 0.4316 0.3691 0.0863 0.0054
115 0.2517 0.1575 0.3896 0.1899 0.0111
116 0.4849 0.1929 0.2830 0.0282 0.0111
117 0.4333 0.1364 0.0324 0.3823 0.0155
118 0.3887 0.3484 0.0754 0.1725 0.0150
119 0.2595 0.1236 0.1236 0.4849 0.0083
120 0.3240 0.5220 0.0567 0.0958 0.0018
121 0.0907 0.0209 0.1642 0.7134 0.0109
122 0.4060 0.1747 0.2424 0.1680 0.0088
123 0.3013 0.2678 0.2273 0.2023 0.0014
124 0.1440 0.1582 0.6870 0.0100 0.0005
125 0.1085 0.2313 0.2026 0.4460 0.0116
126 0.3157 0.1001 0.3257 0.2458 0.0125
127 0.2167 0.0535 0.2534 0.4661 0.0104
128 0.1892 0.1078 0.4609 0.2178 0.0242
129 0.2012 0.1630 0.2484 0.3450 0.0425
130 0.1160 0.0940 0.3745 0.3926 0.0228
131 0.1367 0.1433 0.3804 0.2534 0.0862
132 0.4595 0.0948 0.3335 0.0850 0.0270
133 0.0989 0.1045 0.2605 0.4231 0.1130
134 0.2493 0.2051 0.3572 0.1824 0.0062
135 0.3167 0.0866 0.5518 0.0337 0.0114
136 0.0707 0.0373 0.7144 0.1646 0.0129
137 0.0868 0.1097 0.7798 0.0179 0.0057
138 0.3386 0.0253 0.1757 0.4485 0.0120
139 0.1539 0.2222 0.4631 0.1564 0.0046
140 0.1182 0.2388 0.6001 0.0381 0.0047
141 0.2188 0.3135 0.3086 0.1552 0.0041
142 0.2153 0.0710 0.1626 0.5459 0.0053
143 0.7090 0.0273 0.1737 0.0827 0.0075
144 0.7715 0.0147 0.0533 0.1405 0.0202
145 0.3633 0.0308 0.1689 0.4182 0.0187
146 0.1281 0.1937 0.4985 0.1697 0.0099
147 0.3386 0.1841 0.3333 0.1099 0.0341
148 0.3794 0.0460 0.2979 0.2649 0.0117
149 0.5864 0.0428 0.1591 0.2042 0.0077
150 0.1599 0.0253 0.2256 0.5850 0.0040
151 0.3953 0.1465 0.2551 0.1015 0.1015
152 0.2079 0.1462 0.4646 0.1222 0.0591
153 0.3801 0.1477 0.3176 0.0797 0.0748
154 0.1130 0.0534 0.4907 0.3320 0.0108
155 0.0740 0.5688 0.2773 0.0735 0.0063
156 0.0646 0.1274 0.6372 0.1587 0.0119
157 0.1350 0.0201 0.1173 0.7188 0.0091
158 0.1350 0.0201 0.1173 0.7188 0.0091
159 0.1908 0.1581 0.2566 0.2732 0.1212
160 0.3184 0.0793 0.2223 0.2122 0.1678
161 0.1912 0.1560 0.3569 0.1912 0.1047
162 0.1820 0.0930 0.2732 0.3853 0.0665
163 0.1851 0.0777 0.3003 0.3623 0.0748
164 0.3044 0.2563 0.3242 0.0833 0.0316
165 0.3196 0.4722 0.1779 0.0219 0.0085
166 0.1342 0.0936 0.6250 0.1450 0.0020
167 0.3547 0.1049 0.4146 0.1207 0.0052
168 0.4368 0.2096 0.2820 0.0542 0.0175
169 0.2412 0.2430 0.4402 0.0615 0.0143
170 0.4131 0.1461 0.2646 0.1495 0.0266
171 0.4873 0.1521 0.2732 0.0629 0.0244
172 0.2249 0.2910 0.1533 0.3271 0.0038
173 0.3298 0.1793 0.3298 0.1396 0.0211
174 0.4097 0.2466 0.2299 0.1020 0.0118
175 0.3135 0.2661 0.2294 0.1218 0.0694
176 0.0200 0.0410 0.4346 0.4924 0.0119
177 0.0326 0.0281 0.1340 0.7837 0.0215
178 0.6055 0.1630 0.1721 0.0559 0.0033
179 0.5513 0.0893 0.2952 0.0576 0.0065
180 0.5225 0.1300 0.2045 0.1373 0.0059
181 0.4888 0.1337 0.2808 0.0850 0.0120
182 0.3606 0.1871 0.3779 0.0688 0.0055
183 0.0404 0.6167 0.2551 0.0861 0.0017
184 0.2629 0.2394 0.3323 0.1545 0.0107
185 0.2822 0.2018 0.3950 0.1158 0.0051
186 0.0218 0.1302 0.8169 0.0295 0.0016
187 0.1083 0.0787 0.4634 0.3286 0.0212
188 0.1497 0.1497 0.4434 0.2264 0.0307
189 0.0464 0.2283 0.7031 0.0221 0.0002
190 0.0439 0.2864 0.6553 0.0143 0.0002
191 0.2671 0.0888 0.4204 0.2048 0.0189
192 0.2018 0.1941 0.4014 0.1956 0.0072
193 0.1649 0.0607 0.3130 0.4553 0.0060
194 0.1971 0.2148 0.4917 0.0931 0.0031
195 0.1021 0.0894 0.7905 0.0117 0.0066
196 0.1510 0.1131 0.7261 0.0082 0.0017
197 0.0737 0.0253 0.6265 0.2695 0.0050
198 0.4749 0.1191 0.3447 0.0541 0.0072
199 0.5537 0.0607 0.1265 0.2517 0.0073
200 0.3538 0.1121 0.2886 0.2430 0.0025
201 0.2546 0.4988 0.1203 0.1203 0.0059
202 0.2188 0.5088 0.2257 0.0349 0.0121
203 0.5151 0.0461 0.2148 0.2098 0.0139
204 0.3540 0.1114 0.3223 0.2002 0.0121
205 0.5166 0.0363 0.1189 0.3181 0.0102
206 0.4109 0.2825 0.1852 0.1063 0.0152
207 0.2598 0.1083 0.1287 0.4817 0.0215
208 0.2747 0.1067 0.1772 0.4058 0.0357
209 0.7017 0.0558 0.1628 0.0599 0.0196
210 0.6191 0.1653 0.1932 0.0098 0.0126
211 0.4819 0.0662 0.2349 0.1801 0.0369
212 0.3931 0.0710 0.1588 0.3635 0.0138
213 0.4973 0.1459 0.1381 0.2073 0.0114
214 0.3516 0.0869 0.4375 0.1124 0.0117
215 0.5928 0.0297 0.0923 0.2610 0.0245
216 0.7202 0.0670 0.0908 0.0975 0.0246
217 0.2632 0.1398 0.3711 0.2217 0.0041
218 0.3916 0.0759 0.3098 0.2096 0.0132
219 0.4294 0.2335 0.1936 0.1394 0.0038
220 0.2269 0.1866 0.5234 0.0526 0.0101
221 0.1331 0.2078 0.6152 0.0416 0.0021
222 0.6450 0.1395 0.1166 0.0789 0.0198
223 0.6157 0.0827 0.1261 0.1570 0.0183
224 0.2411 0.0974 0.2449 0.4102 0.0066
225 0.4729 0.0797 0.2571 0.1753 0.0151
226 0.4866 0.1060 0.2484 0.1289 0.0301
227 0.6113 0.0676 0.3052 0.0091 0.0067
228 0.5947 0.0374 0.3364 0.0144 0.0169
229 0.1796 0.0565 0.1741 0.5708 0.0194
230 0.5195 0.1168 0.2415 0.0953 0.0271
231 0.5752 0.0962 0.1973 0.1206 0.0105
232 0.1882 0.3572 0.2534 0.1714 0.0298
233 0.2485 0.0577 0.2605 0.4163 0.0170
234 0.2634 0.1196 0.5117 0.0954 0.0101
235 0.2693 0.1836 0.4800 0.0551 0.0122
236 0.1870 0.1143 0.6426 0.0473 0.0087
237 0.0942 0.1666 0.6489 0.0851 0.0053
238 0.1157 0.4102 0.3853 0.0595 0.0293
239 0.1205 0.5356 0.2341 0.0714 0.0382
240 0.1318 0.4258 0.3528 0.0599 0.0296
241 0.0351 0.3596 0.2715 0.3223 0.0115
242 0.0951 0.2390 0.3118 0.3022 0.0521
243 0.1262 0.3298 0.4170 0.0909 0.0359
244 0.0987 0.4673 0.2313 0.1774 0.0255
245 0.1886 0.1075 0.1469 0.5049 0.0524
