time exciting_prob fearful_prob tense_prob sad_prob relaxing_prob
0 0.1172 0.1843 0.3901 0.3040 0.0044
1 0.2225 0.4712 0.1859 0.1154 0.0050
2 0.1071 0.3948 0.2888 0.2081 0.0011
3 0.1418 0.2549 0.3223 0.2798 0.0013
4 0.1533 0.4436 0.2000 0.2015 0.0015
5 0.1014 0.3682 0.3352 0.1940 0.0014
6 0.1649 0.2556 0.3777 0.2006 0.0013
7 0.1232 0.3884 0.3538 0.1332 0.0014
8 0.0950 0.2859 0.4395 0.1790 0.0007
9 0.1798 0.4380 0.2477 0.1326 0.0020
10 0.1372 0.2092 0.4097 0.2390 0.0048
11 0.0948 0.3752 0.4387 0.0905 0.0008
12 0.1236 0.3633 0.3257 0.1855 0.0018
13 0.1309 0.4863 0.2708 0.1102 0.0019
14 0.1021 0.5742 0.2374 0.0853 0.0012
15 0.0326 0.1045 0.0586 0.7847 0.0198
16 0.0177 0.0775 0.0740 0.8203 0.0106
17 0.0324 0.3169 0.1619 0.4331 0.0559
18 0.0599 0.1732 0.1641 0.5503 0.0524
19 0.0787 0.0806 0.0516 0.4192 0.3699
20 0.1793 0.0821 0.1453 0.1282 0.4651
21 0.0991 0.0778 0.0487 0.1622 0.6123
22 0.4016 0.0174 0.1039 0.3381 0.1388
23 0.0639 0.0034 0.0158 0.9097 0.0071
24 0.3428 0.0795 0.1779 0.3706 0.0290
25 0.3093 0.0929 0.1508 0.4229 0.0242
26 0.2603 0.0757 0.2563 0.3789 0.0288
27 0.0970 0.1755 0.4697 0.2554 0.0022
28 0.1614 0.0694 0.1180 0.6484 0.0030
29 0.1229 0.2727 0.2996 0.2996 0.0056
30 0.3027 0.1823 0.2113 0.2888 0.0148
31 0.2064 0.1646 0.5522 0.0697 0.0068
32 0.0608 0.3110 0.5630 0.0637 0.0013
33 0.4534 0.0794 0.3066 0.1592 0.0013
34 0.2375 0.5068 0.0867 0.1620 0.0071
35 0.0852 0.1279 0.2710 0.5059 0.0099
36 0.2905 0.3672 0.2059 0.1094 0.0270
37 0.1305 0.1170 0.0738 0.6733 0.0052
38 0.0587 0.0105 0.0385 0.8833 0.0087
39 0.1663 0.1422 0.3206 0.3630 0.0079
40 0.1787 0.5093 0.2260 0.0689 0.0172
41 0.1069 0.1183 0.1906 0.5781 0.0062
42 0.3079 0.1224 0.4111 0.1244 0.0343
43 0.3164 0.0500 0.5820 0.0217 0.0299
44 0.1819 0.1129 0.3792 0.3142 0.0119
45 0.1373 0.3943 0.1556 0.2798 0.0329
46 0.1055 0.1768 0.1254 0.5703 0.0219
47 0.7207 0.1030 0.0660 0.1030 0.0075
48 0.1221 0.0908 0.3372 0.4294 0.0204
49 0.0438 0.0297 0.5093 0.4158 0.0012
50 0.0731 0.0841 0.6260 0.2147 0.0019
51 0.0446 0.1282 0.2321 0.5928 0.0026
52 0.0746 0.1146 0.4497 0.3501 0.0110
53 0.1159 0.0394 0.5034 0.3354 0.0058
54 0.0169 0.1418 0.5522 0.2864 0.0026
55 0.0786 0.3992 0.2876 0.2329 0.0016
56 0.1212 0.0568 0.1395 0.6758 0.0065
57 0.3279 0.1016 0.2036 0.3601 0.0068
58 0.3210 0.2368 0.1267 0.3113 0.0041
59 0.3928 0.2477 0.1625 0.1914 0.0056
60 0.0955 0.2617 0.2722 0.3523 0.0182
61 0.0861 0.0410 0.4104 0.4580 0.0046
62 0.0560 0.0345 0.5571 0.3486 0.0036
63 0.0648 0.0281 0.2262 0.6753 0.0056
64 0.0726 0.2219 0.0687 0.6318 0.0047
65 0.0383 0.3723 0.1359 0.4421 0.0115
66 0.2124 0.1654 0.3447 0.2686 0.0088
67 0.2004 0.1898 0.4624 0.1284 0.0189
68 0.0178 0.3979 0.5698 0.0129 0.0014
69 0.0427 0.2534 0.6177 0.0856 0.0007
70 0.0746 0.2175 0.4292 0.1383 0.1404
71 0.0327 0.0530 0.8159 0.0975 0.0009
72 0.0432 0.4749 0.3367 0.1449 0.0003
73 0.0122 0.4365 0.0937 0.4575 0.0003
74 0.1365 0.1014 0.3887 0.3376 0.0356
75 0.1920 0.1890 0.3560 0.2389 0.0242
76 0.0528 0.1859 0.6748 0.0757 0.0110
77 0.0655 0.2568 0.5439 0.1272 0.0065
78 0.1976 0.5166 0.1091 0.1744 0.0023
79 0.1582 0.2471 0.1464 0.4473 0.0010
80 0.1171 0.1370 0.3337 0.4087 0.0036
81 0.1532 0.0490 0.2524 0.5103 0.0352
82 0.1047 0.0506 0.2825 0.5444 0.0178
83 0.4749 0.3613 0.0980 0.0463 0.0195
84 0.5181 0.0929 0.1130 0.2732 0.0028
85 0.1052 0.0406 0.2563 0.5962 0.0015
86 0.1115 0.0803 0.4995 0.3030 0.0058
87 0.1685 0.0796 0.4072 0.2756 0.0692
88 0.0257 0.1074 0.0414 0.8184 0.0072
89 0.0875 0.4341 0.1536 0.2869 0.0379
90 0.1193 0.2886 0.1417 0.4434 0.0069
91 0.1207 0.2363 0.1169 0.5161 0.0100
92 0.0814 0.2211 0.1763 0.5142 0.0072
93 0.0376 0.0468 0.4915 0.4204 0.0036
94 0.1194 0.2469 0.5229 0.0894 0.0214
95 0.0126 0.2274 0.7456 0.0130 0.0012
96 0.0380 0.0864 0.8457 0.0255 0.0045
97 0.0389 0.5005 0.2808 0.1757 0.0041
98 0.0488 0.4854 0.3811 0.0786 0.0061
99 0.0312 0.5044 0.3521 0.1091 0.0032
100 0.0815 0.2183 0.4341 0.2612 0.0048
101 0.0985 0.2169 0.2595 0.4116 0.0134
102 0.0155 0.0435 0.0524 0.8867 0.0018
103 0.0498 0.0250 0.2357 0.6821 0.0072
104 0.2139 0.1267 0.1470 0.4895 0.0231
105 0.1859 0.1995 0.2107 0.3936 0.0104
106 0.1141 0.2251 0.3352 0.3198 0.0059
107 0.1530 0.1318 0.3164 0.3938 0.0050
108 0.0373 0.2339 0.2130 0.5107 0.0048
109 0.1241 0.3000 0.3425 0.2281 0.0052
110 0.2169 0.3181 0.1188 0.3411 0.0051
111 0.0880 0.2710 0.0908 0.5430 0.0073
112 0.0731 0.1584 0.1674 0.5933 0.0078
113 0.1219 0.0520 0.3999 0.4189 0.0073
114 0.0618 0.1219 0.3528 0.4602 0.0034
115 0.0831 0.1042 0.2402 0.5674 0.0050
116 0.0494 0.1442 0.2181 0.5840 0.0045
117 0.1343 0.1895 0.2017 0.4204 0.0543
118 0.1818 0.2644 0.5259 0.0266 0.0013
119 0.2646 0.0928 0.2837 0.3396 0.0192
120 0.1704 0.1412 0.2898 0.3496 0.0488
121 0.1426 0.1904 0.2727 0.3613 0.0331
122 0.1309 0.1667 0.4976 0.1964 0.0084
123 0.0826 0.1581 0.2798 0.4758 0.0038
124 0.0826 0.0638 0.1427 0.7075 0.0034
125 0.1250 0.3093 0.1848 0.3792 0.0017
126 0.2112 0.0279 0.1644 0.5923 0.0041
127 0.0709 0.3130 0.2676 0.3464 0.0020
128 0.2249 0.0332 0.3826 0.3147 0.0450
129 0.1964 0.0306 0.6143 0.1554 0.0031
130 0.0640 0.3076 0.3711 0.2305 0.0267
131 0.0972 0.3699 0.4460 0.0800 0.0069
132 0.0674 0.2042 0.2208 0.5015 0.0060
133 0.2098 0.1559 0.2234 0.3406 0.0703
134 0.1338 0.2441 0.5332 0.0328 0.0562
135 0.2556 0.2576 0.3232 0.0310 0.1326
136 0.1473 0.4036 0.3293 0.0217 0.0981
137 0.1912 0.1942 0.5405 0.0414 0.0330
138 0.0929 0.3972 0.4163 0.0581 0.0353
139 0.0989 0.3372 0.4231 0.1147 0.0260
140 0.1233 0.3652 0.3567 0.1149 0.0400
141 0.0385 0.0498 0.6660 0.2374 0.0083
142 0.0234 0.6133 0.3386 0.0210 0.0038
143 0.0247 0.4666 0.4666 0.0312 0.0108
144 0.0143 0.3394 0.0690 0.0988 0.4785
145 0.0117 0.1755 0.0401 0.0338 0.7388
146 0.4277 0.1854 0.2871 0.0389 0.0607
147 0.1547 0.1647 0.2083 0.4207 0.0518
148 0.1979 0.2581 0.1615 0.3474 0.0352
149 0.1812 0.2554 0.2456 0.2698 0.0480
150 0.2019 0.2288 0.3655 0.1572 0.0465
151 0.2126 0.2299 0.2839 0.2177 0.0559
152 0.3386 0.2966 0.2598 0.0693 0.0357
153 0.0178 0.2041 0.7017 0.0717 0.0048
154 0.0168 0.2029 0.6548 0.1193 0.0062
155 0.0145 0.1975 0.6787 0.1041 0.0053
156 0.3215 0.2974 0.2859 0.0653 0.0299
157 0.2111 0.3398 0.3245 0.0820 0.0425
158 0.0156 0.1055 0.6987 0.1794 0.0006
159 0.0201 0.0895 0.6411 0.2473 0.0017
160 0.0885 0.7407 0.0920 0.0757 0.0029
161 0.1107 0.2593 0.4341 0.1926 0.0032
162 0.1115 0.1234 0.3743 0.3860 0.0048
163 0.1407 0.2712 0.2957 0.2864 0.0060
164 0.2366 0.0106 0.4490 0.2944 0.0095
165 0.2283 0.1331 0.1998 0.4297 0.0091
166 0.0992 0.2827 0.2939 0.3203 0.0041
167 0.0287 0.5000 0.1989 0.2720 0.0006
168 0.0573 0.8413 0.0801 0.0190 0.0024
169 0.0847 0.3298 0.4041 0.1752 0.0065
170 0.2690 0.2566 0.2374 0.2338 0.0032
171 0.2300 0.1439 0.1792 0.4434 0.0035
172 0.2462 0.0276 0.4390 0.2747 0.0126
173 0.3105 0.0897 0.1040 0.4885 0.0075
174 0.0949 0.1110 0.2620 0.5210 0.0109
175 0.1696 0.1833 0.2355 0.3882 0.0235
176 0.3435 0.1007 0.4241 0.1273 0.0044
177 0.0779 0.2437 0.5576 0.1064 0.0144
178 0.0883 0.3010 0.4626 0.1326 0.0156
179 0.0560 0.1808 0.3123 0.4441 0.0068
180 0.0879 0.3970 0.3315 0.1775 0.0060
181 0.1005 0.1231 0.6655 0.1021 0.0090
182 0.2441 0.0219 0.4563 0.2725 0.0053
183 0.3677 0.1232 0.3025 0.1619 0.0446
184 0.1365 0.1006 0.4373 0.3125 0.0132
185 0.1785 0.2896 0.2988 0.2239 0.0092
186 0.1459 0.0599 0.6338 0.1349 0.0256
187 0.0483 0.3569 0.4304 0.1534 0.0110
188 0.2325 0.1769 0.3894 0.1245 0.0767
189 0.0660 0.1583 0.4954 0.2778 0.0024
190 0.3870 0.0553 0.2786 0.2766 0.0026
191 0.2324 0.0511 0.5322 0.1810 0.0034
192 0.0462 0.1295 0.2742 0.5454 0.0045
193 0.0838 0.2881 0.4192 0.2042 0.0048
194 0.0454 0.0904 0.1057 0.7568 0.0017
195 0.2134 0.0440 0.3254 0.4114 0.0060
196 0.0755 0.1586 0.2343 0.5278 0.0037
197 0.0950 0.1259 0.4128 0.1996 0.1667
198 0.0901 0.1594 0.2886 0.4541 0.0077
199 0.1223 0.2129 0.3765 0.2671 0.0214
200 0.0266 0.3528 0.3813 0.2156 0.0238
201 0.1733 0.1437 0.2949 0.3557 0.0323
202 0.3335 0.2188 0.1886 0.2275 0.0315
203 0.2145 0.2710 0.2527 0.2179 0.0439
204 0.1544 0.1863 0.5562 0.0952 0.0080
205 0.2391 0.2246 0.2930 0.2318 0.0115
206 0.3459 0.0676 0.2034 0.3459 0.0373
207 0.3638 0.0292 0.2313 0.3525 0.0231
208 0.1061 0.3372 0.1520 0.4004 0.0042
209 0.1768 0.4275 0.2759 0.1031 0.0167
210 0.1484 0.0788 0.2688 0.4941 0.0099
211 0.1650 0.2988 0.2598 0.2722 0.0042
212 0.1323 0.2166 0.5747 0.0681 0.0081
213 0.0833 0.3560 0.5098 0.0390 0.0117
214 0.0281 0.3936 0.2369 0.3237 0.0176
215 0.0562 0.2423 0.5293 0.1665 0.0057
216 0.0246 0.5259 0.2463 0.2010 0.0022
217 0.0922 0.1406 0.3428 0.4199 0.0047
218 0.0922 0.2729 0.2688 0.3506 0.0155
219 0.0277 0.7041 0.2590 0.0087 0.0005
220 0.1204 0.2064 0.2231 0.4438 0.0063
221 0.1738 0.4800 0.2629 0.0771 0.0059
222 0.2103 0.3308 0.3083 0.0750 0.0756
223 0.1069 0.3347 0.4573 0.1005 0.0006
224 0.1434 0.0682 0.2966 0.4814 0.0105
225 0.0707 0.0161 0.0623 0.8477 0.0033
226 0.2698 0.0656 0.1410 0.5156 0.0080
227 0.1620 0.0345 0.1836 0.6113 0.0085
228 0.2201 0.0767 0.5752 0.1245 0.0035
229 0.3154 0.0682 0.2168 0.3689 0.0307
230 0.3254 0.0671 0.2307 0.3464 0.0303
231 0.0929 0.2300 0.2688 0.3589 0.0493
232 0.0372 0.3242 0.5557 0.0807 0.0019
233 0.0345 0.4006 0.2145 0.3481 0.0022
234 0.1400 0.3521 0.1613 0.3413 0.0053
235 0.0330 0.6680 0.1400 0.1561 0.0031
236 0.0441 0.3181 0.5327 0.1017 0.0033
237 0.0453 0.3423 0.3242 0.2773 0.0109
238 0.0495 0.2115 0.2234 0.5073 0.0081
239 0.0862 0.1125 0.2917 0.5039 0.0053
240 0.0459 0.2903 0.3875 0.2705 0.0057
241 0.0306 0.4905 0.1847 0.2930 0.0011
242 0.0659 0.4534 0.3818 0.0950 0.0038
243 0.0175 0.0867 0.0982 0.7974 0.0004
244 0.1831 0.2996 0.4126 0.1027 0.0018
245 0.1089 0.0440 0.7217 0.1234 0.0021
246 0.1110 0.2812 0.5376 0.0684 0.0017
247 0.3081 0.0682 0.2218 0.3716 0.0305
248 0.2976 0.0753 0.2246 0.3704 0.0321
249 0.1539 0.1108 0.2104 0.5205 0.0041
250 0.0971 0.1602 0.1992 0.5332 0.0102
251 0.1063 0.1015 0.3225 0.4619 0.0078
252 0.1515 0.2478 0.1527 0.4451 0.0029
253 0.0872 0.4426 0.0906 0.3787 0.0008
254 0.3054 0.1124 0.4048 0.1454 0.0320
255 0.0890 0.0458 0.1074 0.7451 0.0127
256 0.2161 0.1086 0.2128 0.4575 0.0050
257 0.0838 0.1919 0.5054 0.2107 0.0080
258 0.2164 0.0615 0.2452 0.4653 0.0116
259 0.0404 0.0732 0.2152 0.6631 0.0082
260 0.1882 0.4209 0.1235 0.2593 0.0079
261 0.1278 0.2389 0.3264 0.2881 0.0186
262 0.0353 0.0795 0.1967 0.6865 0.0021
263 0.1571 0.3918 0.2529 0.1909 0.0071
264 0.1573 0.3604 0.1526 0.3230 0.0069
265 0.3320 0.0814 0.1520 0.4133 0.0214
266 0.1809 0.1304 0.5884 0.0984 0.0018
267 0.0659 0.0944 0.8032 0.0358 0.0007
268 0.5190 0.0479 0.1344 0.2800 0.0188
269 0.3467 0.2595 0.2576 0.1207 0.0154
270 0.1335 0.4114 0.1586 0.2871 0.0094
271 0.2279 0.0826 0.3267 0.3586 0.0043
272 0.7417 0.0248 0.1708 0.0604 0.0021
273 0.1711 0.0945 0.5522 0.1793 0.0025
274 0.0487 0.3828 0.4766 0.0902 0.0017
275 0.1124 0.6274 0.2036 0.0557 0.0010
276 0.1355 0.2654 0.2343 0.3462 0.0188
277 0.1639 0.4421 0.3086 0.0793 0.0061
278 0.1738 0.0692 0.1738 0.5703 0.0129
279 0.1737 0.1683 0.4368 0.2095 0.0117
280 0.1744 0.2499 0.0971 0.4597 0.0190
281 0.1301 0.0654 0.1185 0.6709 0.0151
282 0.0679 0.2227 0.4788 0.2261 0.0047
283 0.2415 0.2268 0.1234 0.3828 0.0255
284 0.1265 0.0709 0.7163 0.0816 0.0048
285 0.1864 0.3123 0.4333 0.0601 0.0080
286 0.2268 0.1355 0.1088 0.5190 0.0096
287 0.2139 0.2423 0.1553 0.3694 0.0191
288 0.3062 0.1067 0.4526 0.1247 0.0098
289 0.1786 0.4856 0.1516 0.1528 0.0315
290 0.3120 0.2063 0.2393 0.2095 0.0329
291 0.2952 0.1906 0.1484 0.3562 0.0096
292 0.0706 0.1155 0.1530 0.6338 0.0270
293 0.0759 0.0479 0.1793 0.6875 0.0093
294 0.4805 0.3301 0.1713 0.0159 0.0022
295 0.1945 0.2239 0.3633 0.2169 0.0014
296 0.6768 0.0189 0.0959 0.2015 0.0068
297 0.7505 0.0515 0.0778 0.1141 0.0063
298 0.3711 0.0261 0.1621 0.4272 0.0133
299 0.4551 0.0330 0.0300 0.4768 0.0051
300 0.0862 0.0584 0.2576 0.5894 0.0083
301 0.1464 0.1522 0.1387 0.5566 0.0059
302 0.1941 0.0203 0.1313 0.6465 0.0077
303 0.0189 0.1670 0.5737 0.2391 0.0012
304 0.0518 0.0975 0.5029 0.3049 0.0429
305 0.1843 0.1067 0.1541 0.4856 0.0694
306 0.1192 0.4497 0.2502 0.1616 0.0190
307 0.0620 0.2131 0.1366 0.5840 0.0042
308 0.0444 0.2035 0.6470 0.1039 0.0014
309 0.1366 0.1063 0.5151 0.2323 0.0096
310 0.0795 0.0195 0.8813 0.0177 0.0018
311 0.1482 0.1035 0.6743 0.0652 0.0087
312 0.0223 0.1125 0.0862 0.7749 0.0042
313 0.2163 0.1014 0.5352 0.0983 0.0486
314 0.2329 0.2023 0.3838 0.1771 0.0038
315 0.0991 0.1954 0.1725 0.5151 0.0180
316 0.1984 0.0582 0.3945 0.3323 0.0165
317 0.2108 0.0375 0.4126 0.3264 0.0126
318 0.3269 0.1104 0.3022 0.2468 0.0136
319 0.1348 0.0884 0.5767 0.1902 0.0101
320 0.1351 0.5688 0.2228 0.0685 0.0045
321 0.1065 0.3491 0.3206 0.2185 0.0053
322 0.2485 0.1531 0.3645 0.1967 0.0372
323 0.3398 0.0690 0.1862 0.3882 0.0168
324 0.1126 0.4055 0.3062 0.1626 0.0130
325 0.0705 0.1652 0.1801 0.5811 0.0030
326 0.0887 0.0724 0.3374 0.4985 0.0032
327 0.1643 0.1998 0.1384 0.4907 0.0069
328 0.4778 0.0469 0.1456 0.3232 0.0065
329 0.5908 0.1229 0.0366 0.2444 0.0055
330 0.3096 0.1212 0.1232 0.4399 0.0059
331 0.1985 0.2162 0.0659 0.5107 0.0087
332 0.1553 0.1692 0.1019 0.5679 0.0055
333 0.1307 0.1760 0.0913 0.5771 0.0250
334 0.1501 0.2634 0.0842 0.4846 0.0177
335 0.2441 0.1481 0.0389 0.5586 0.0102
336 0.1575 0.0817 0.0584 0.6948 0.0075
337 0.1937 0.1121 0.0966 0.5830 0.0147
338 0.0864 0.0844 0.0781 0.7407 0.0103
339 0.0716 0.0733 0.0652 0.7822 0.0079
340 0.7246 0.0283 0.0852 0.1495 0.0126
341 0.7246 0.0283 0.0852 0.1495 0.0126
342 0.4414 0.2419 0.0274 0.2764 0.0130
343 0.4414 0.2419 0.0274 0.2764 0.0130
344 0.4414 0.2419 0.0274 0.2764 0.0130
345 0.4749 0.2791 0.0323 0.2026 0.0110
346 0.4749 0.2791 0.0323 0.2026 0.0110
