time exciting_prob fearful_prob tense_prob sad_prob relaxing_prob
0 0.2839 0.3704 0.1061 0.2111 0.0283
1 0.3394 0.0988 0.3784 0.1102 0.0734
2 0.2568 0.1301 0.4685 0.0587 0.0860
3 0.3210 0.2155 0.3235 0.0333 0.1067
4 0.2008 0.1436 0.1267 0.2810 0.2480
5 0.2330 0.3784 0.0768 0.0787 0.2330
6 0.4038 0.1594 0.3428 0.0853 0.0089
7 0.4534 0.1495 0.2883 0.0936 0.0153
8 0.4365 0.2283 0.2817 0.0387 0.0147
9 0.1918 0.1934 0.4221 0.0825 0.1102
10 0.2351 0.1802 0.4639 0.0358 0.0851
11 0.1954 0.1204 0.3887 0.2214 0.0742
12 0.3303 0.4209 0.1536 0.0327 0.0626
13 0.5254 0.3213 0.0668 0.0294 0.0571
14 0.6929 0.0213 0.1407 0.1223 0.0226
15 0.3274 0.1030 0.4043 0.0620 0.1030
16 0.2751 0.1111 0.3879 0.0614 0.1643
17 0.4014 0.1699 0.2454 0.0499 0.1334
18 0.0389 0.5586 0.2239 0.0912 0.0876
19 0.3123 0.1793 0.2629 0.0208 0.2249
20 0.4966 0.3777 0.0622 0.0194 0.0441
21 0.5049 0.3635 0.0884 0.0247 0.0187
22 0.3997 0.2405 0.2661 0.0405 0.0533
23 0.3323 0.0923 0.4268 0.1312 0.0175
24 0.3677 0.1521 0.4233 0.0460 0.0108
25 0.3560 0.0865 0.3789 0.1655 0.0134
26 0.2781 0.1421 0.4517 0.0896 0.0385
27 0.3123 0.1022 0.1522 0.2712 0.1620
28 0.1122 0.0530 0.1122 0.0765 0.6460
29 0.1704 0.1042 0.2661 0.0986 0.3608
30 0.2185 0.1573 0.3491 0.0823 0.1927
31 0.1783 0.0354 0.2185 0.1959 0.3718
32 0.2588 0.0591 0.2393 0.2932 0.1498
33 0.2778 0.0295 0.2693 0.1621 0.2610
34 0.2146 0.0288 0.2356 0.1646 0.3564
35 0.2673 0.2610 0.3918 0.0295 0.0502
36 0.1511 0.2529 0.5615 0.0132 0.0213
37 0.1686 0.2434 0.0976 0.0828 0.4077
38 0.1190 0.1458 0.3523 0.0222 0.3608
39 0.3010 0.0584 0.1562 0.2308 0.2534
40 0.1621 0.1132 0.2323 0.1597 0.3328
41 0.3372 0.2078 0.2391 0.1028 0.1130
42 0.1733 0.1278 0.2996 0.3669 0.0326
43 0.0498 0.0120 0.0759 0.0461 0.8164
44 0.0783 0.0262 0.2507 0.2047 0.4402
45 0.2820 0.2355 0.4199 0.0397 0.0231
46 0.2930 0.2505 0.4163 0.0102 0.0299
47 0.2074 0.0972 0.5464 0.0516 0.0972
48 0.2798 0.0350 0.3298 0.1375 0.2179
49 0.1238 0.0979 0.6436 0.0892 0.0455
50 0.2703 0.3608 0.3418 0.0092 0.0178
51 0.0854 0.0565 0.7983 0.0158 0.0440
52 0.2957 0.3765 0.2507 0.0324 0.0446
53 0.3398 0.2729 0.1289 0.0406 0.2177
54 0.1311 0.0530 0.5967 0.0860 0.1332
55 0.2159 0.0782 0.4644 0.0403 0.2013
56 0.2681 0.1338 0.4492 0.0098 0.1392
57 0.1204 0.1429 0.4834 0.0319 0.2213
58 0.3728 0.2815 0.2859 0.0331 0.0266
59 0.3901 0.4121 0.1447 0.0320 0.0208
60 0.0865 0.0770 0.2297 0.0290 0.5776
61 0.0511 0.0641 0.1886 0.0276 0.6685
62 0.0707 0.0385 0.0457 0.0095 0.8354
63 0.3008 0.1031 0.1853 0.0307 0.3801
64 0.2456 0.3281 0.2036 0.0962 0.1265
65 0.2969 0.0710 0.2725 0.0386 0.3210
66 0.3020 0.1268 0.5215 0.0177 0.0318
67 0.3328 0.1254 0.3103 0.0479 0.1837
68 0.2583 0.1426 0.5508 0.0283 0.0199
69 0.4023 0.2517 0.3184 0.0144 0.0132
70 0.1677 0.6133 0.1108 0.0544 0.0536
71 0.2622 0.2107 0.2881 0.2174 0.0217
72 0.2161 0.1147 0.4399 0.2014 0.0279
73 0.3501 0.2996 0.3018 0.0281 0.0205
74 0.2527 0.3025 0.4038 0.0094 0.0314
75 0.1913 0.1040 0.1854 0.3987 0.1207
76 0.1989 0.3491 0.3716 0.0388 0.0417
77 0.4243 0.1489 0.3254 0.0755 0.0257
78 0.2065 0.4011 0.3433 0.0312 0.0179
79 0.1460 0.4900 0.3164 0.0304 0.0173
80 0.1932 0.3528 0.3755 0.0585 0.0201
81 0.3755 0.3755 0.1979 0.0250 0.0260
82 0.1425 0.2832 0.4971 0.0668 0.0105
83 0.1556 0.0297 0.5967 0.1737 0.0443
84 0.2505 0.1183 0.4536 0.1250 0.0525
85 0.0647 0.0745 0.3965 0.4424 0.0220
86 0.1494 0.0684 0.3999 0.3643 0.0180
87 0.1340 0.0581 0.7129 0.0381 0.0567
88 0.1938 0.0510 0.6660 0.0279 0.0610
89 0.1530 0.4568 0.3474 0.0260 0.0169
90 0.2114 0.1595 0.4441 0.1595 0.0253
91 0.4612 0.1301 0.2668 0.1096 0.0321
92 0.4785 0.0964 0.2971 0.0643 0.0637
93 0.1735 0.2861 0.4033 0.0131 0.1240
94 0.3887 0.3379 0.2081 0.0127 0.0526
95 0.2551 0.3303 0.1674 0.0201 0.2271
96 0.1809 0.4880 0.3005 0.0103 0.0203
97 0.2693 0.2549 0.3027 0.0765 0.0967
98 0.3369 0.2524 0.3477 0.0242 0.0387
99 0.3896 0.2101 0.3281 0.0561 0.0162
100 0.7314 0.0916 0.0596 0.0665 0.0510
101 0.1353 0.5562 0.1969 0.0061 0.1053
102 0.1091 0.6328 0.1316 0.0021 0.1246
103 0.3691 0.1576 0.2659 0.0817 0.1256
104 0.5479 0.0990 0.1251 0.1194 0.1087
105 0.3364 0.2900 0.2539 0.0716 0.0481
106 0.0848 0.4512 0.4443 0.0090 0.0107
107 0.1429 0.5698 0.2671 0.0048 0.0157
108 0.1006 0.1376 0.1621 0.0514 0.5483
109 0.2157 0.1494 0.4822 0.0800 0.0728
110 0.2854 0.2384 0.4185 0.0405 0.0173
111 0.1304 0.3955 0.3489 0.0869 0.0382
112 0.0580 0.4119 0.5127 0.0038 0.0139
113 0.3840 0.0325 0.4153 0.1100 0.0580
114 0.2480 0.4026 0.0793 0.0062 0.2639
115 0.1888 0.2350 0.4355 0.0235 0.1172
116 0.0620 0.4138 0.5068 0.0051 0.0121
117 0.1165 0.3345 0.5181 0.0166 0.0146
118 0.1047 0.1283 0.6934 0.0475 0.0263
119 0.1626 0.3691 0.4487 0.0098 0.0097
120 0.0867 0.6821 0.1893 0.0070 0.0350
121 0.0685 0.3704 0.4756 0.0501 0.0356
122 0.2150 0.3545 0.2983 0.0259 0.1064
123 0.2754 0.3025 0.2671 0.0076 0.1475
124 0.0450 0.3538 0.5396 0.0321 0.0295
125 0.0370 0.5835 0.3376 0.0345 0.0073
126 0.4395 0.4226 0.1011 0.0150 0.0219
127 0.2343 0.1926 0.4111 0.0295 0.1324
128 0.1053 0.2145 0.4871 0.0337 0.1594
129 0.4260 0.1077 0.1761 0.2815 0.0087
130 0.0604 0.0958 0.3020 0.0279 0.5137
131 0.2927 0.1011 0.2174 0.3699 0.0189
132 0.1417 0.0560 0.4233 0.3677 0.0113
133 0.3501 0.1318 0.1068 0.0663 0.3447
134 0.1880 0.1753 0.1880 0.0148 0.4338
135 0.1992 0.2120 0.2876 0.1436 0.1576
136 0.2776 0.1937 0.1532 0.3169 0.0586
137 0.2216 0.3005 0.2322 0.1014 0.1442
138 0.2798 0.1212 0.2128 0.2468 0.1395
139 0.1030 0.2651 0.0888 0.0778 0.4653
140 0.3672 0.2059 0.1460 0.1019 0.1790
141 0.3384 0.3179 0.2534 0.0185 0.0720
142 0.3689 0.1812 0.1783 0.0162 0.2554
143 0.3484 0.2285 0.1836 0.1396 0.0998
144 0.0171 0.0220 0.0171 0.0079 0.9360
145 0.0234 0.0278 0.0131 0.0144 0.9214
146 0.0227 0.0399 0.0266 0.0180 0.8931
147 0.3105 0.4019 0.2476 0.0211 0.0189
148 0.3948 0.3796 0.1766 0.0353 0.0135
149 0.2571 0.5361 0.1141 0.0273 0.0656
150 0.1694 0.2905 0.4941 0.0347 0.0111
151 0.1876 0.2390 0.5264 0.0412 0.0059
152 0.3540 0.1880 0.2671 0.1431 0.0479
153 0.5371 0.0912 0.1379 0.2039 0.0298
154 0.2402 0.1503 0.4282 0.1348 0.0466
155 0.1934 0.2444 0.3557 0.1530 0.0537
156 0.2081 0.1344 0.4729 0.1302 0.0543
157 0.2930 0.0758 0.4868 0.1005 0.0439
158 0.0792 0.2808 0.5498 0.0716 0.0184
159 0.5190 0.0403 0.2693 0.1418 0.0297
160 0.2026 0.2124 0.3875 0.1641 0.0333
161 0.3340 0.4529 0.0684 0.0399 0.1050
162 0.5083 0.3083 0.1100 0.0223 0.0508
163 0.4590 0.3130 0.0939 0.0507 0.0836
164 0.1974 0.2986 0.3230 0.0940 0.0869
165 0.1720 0.1068 0.3291 0.1318 0.2603
166 0.1224 0.0895 0.6167 0.0403 0.1312
167 0.1708 0.2228 0.4294 0.0215 0.1555
168 0.1011 0.4531 0.1361 0.0432 0.2664
169 0.1201 0.3875 0.1707 0.0154 0.3064
170 0.1301 0.0908 0.1923 0.4988 0.0880
171 0.1395 0.1440 0.2030 0.2527 0.2607
172 0.3140 0.0460 0.2644 0.1069 0.2686
173 0.3064 0.0934 0.3694 0.1458 0.0850
174 0.1318 0.1339 0.3188 0.2815 0.1339
175 0.1398 0.2632 0.3125 0.0889 0.1956
176 0.2402 0.1576 0.0571 0.3694 0.1758
177 0.3547 0.1316 0.1198 0.2069 0.1870
178 0.3052 0.1659 0.0601 0.1685 0.3003
179 0.2109 0.2126 0.5303 0.0175 0.0285
180 0.1188 0.6733 0.1599 0.0338 0.0143
181 0.2169 0.3604 0.3577 0.0351 0.0298
182 0.2971 0.3137 0.3474 0.0132 0.0287
183 0.2015 0.0771 0.1879 0.1658 0.3677
184 0.3188 0.1239 0.0764 0.3020 0.1788
185 0.0853 0.0990 0.6870 0.0827 0.0457
186 0.0931 0.1674 0.4692 0.0587 0.2115
187 0.1996 0.3848 0.3643 0.0091 0.0422
188 0.2472 0.5400 0.1823 0.0128 0.0180
189 0.2161 0.3047 0.0915 0.0342 0.3535
190 0.0599 0.5054 0.0421 0.0054 0.3875
191 0.0779 0.2273 0.0519 0.0053 0.6377
192 0.4717 0.2688 0.2245 0.0084 0.0268
193 0.2529 0.4204 0.2981 0.0085 0.0198
194 0.2219 0.1898 0.5283 0.0451 0.0150
195 0.3064 0.2444 0.3813 0.0393 0.0285
196 0.3127 0.0815 0.3743 0.0961 0.1355
197 0.2947 0.1349 0.3904 0.1317 0.0485
198 0.1884 0.3035 0.3958 0.0962 0.0165
199 0.1691 0.3086 0.4561 0.0462 0.0199
200 0.3010 0.1024 0.2576 0.2698 0.0693
201 0.4800 0.1752 0.2413 0.0453 0.0582
202 0.2722 0.3284 0.2991 0.0366 0.0637
203 0.3555 0.0987 0.2367 0.1678 0.1414
204 0.3101 0.1726 0.4766 0.0090 0.0319
205 0.5112 0.1881 0.2216 0.0433 0.0359
206 0.5156 0.1335 0.2437 0.0351 0.0720
207 0.2500 0.2041 0.2581 0.2622 0.0256
208 0.3403 0.1375 0.3430 0.1558 0.0235
209 0.6304 0.1175 0.1937 0.0345 0.0241
210 0.1135 0.2639 0.5542 0.0558 0.0126
211 0.0814 0.0573 0.7368 0.1130 0.0117
212 0.1980 0.0788 0.5469 0.1519 0.0246
213 0.4390 0.1934 0.1459 0.1393 0.0825
214 0.3552 0.1731 0.3994 0.0378 0.0344
215 0.1161 0.0667 0.3157 0.4248 0.0768
216 0.4031 0.1483 0.3369 0.0776 0.0341
217 0.5400 0.1609 0.2323 0.0526 0.0142
218 0.3113 0.3501 0.2812 0.0142 0.0431
219 0.3770 0.0923 0.3652 0.1398 0.0257
220 0.0580 0.1035 0.1350 0.1172 0.5864
221 0.3479 0.1722 0.3704 0.0729 0.0367
222 0.1687 0.3601 0.4446 0.0122 0.0144
223 0.2795 0.3320 0.3320 0.0139 0.0422
224 0.2487 0.1311 0.1682 0.3398 0.1121
225 0.2487 0.1311 0.1682 0.3398 0.1121
226 0.2037 0.2830 0.2496 0.2310 0.0327
227 0.2037 0.2830 0.2496 0.2310 0.0327
228 0.2037 0.2830 0.2496 0.2310 0.0327
229 0.2037 0.2830 0.2496 0.2310 0.0327
230 0.6016 0.2668 0.0922 0.0143 0.0250
231 0.6606 0.2112 0.0967 0.0152 0.0163
232 0.6606 0.2112 0.0967 0.0148 0.0164
233 0.6606 0.2112 0.0967 0.0148 0.0164
234 0.6719 0.2017 0.0953 0.0158 0.0154
