time exciting_prob fearful_prob tense_prob sad_prob relaxing_prob
0 0.1989 0.0687 0.2184 0.4697 0.0444
1 0.1151 0.0561 0.5234 0.2847 0.0206
2 0.2900 0.1760 0.3501 0.0571 0.1267
3 0.1646 0.3706 0.3323 0.0373 0.0952
4 0.2441 0.1589 0.5210 0.0516 0.0244
5 0.1416 0.0886 0.0412 0.0262 0.7026
6 0.5518 0.3506 0.0432 0.0384 0.0163
7 0.5068 0.4202 0.0329 0.0233 0.0169
8 0.7334 0.1134 0.0715 0.0495 0.0320
9 0.7422 0.0707 0.0958 0.0497 0.0419
10 0.2450 0.1510 0.4951 0.0945 0.0145
11 0.1091 0.0341 0.1599 0.1255 0.5713
12 0.0511 0.0365 0.1234 0.0507 0.7383
13 0.5107 0.0397 0.1764 0.2412 0.0321
14 0.5215 0.0885 0.2878 0.0739 0.0283
15 0.5854 0.1135 0.2120 0.0512 0.0377
16 0.5713 0.1368 0.1116 0.1285 0.0515
17 0.3232 0.1256 0.1664 0.3550 0.0301
18 0.4407 0.1522 0.0983 0.2844 0.0243
19 0.1949 0.5640 0.1831 0.0533 0.0047
20 0.4697 0.2986 0.1478 0.0779 0.0059
21 0.2700 0.2152 0.1389 0.3577 0.0184
22 0.1943 0.4885 0.1884 0.0977 0.0310
23 0.1617 0.5825 0.1230 0.1279 0.0048
24 0.0196 0.0812 0.6138 0.2766 0.0088
25 0.0235 0.1375 0.5190 0.3003 0.0198
26 0.8403 0.0525 0.0321 0.0113 0.0638
27 0.5757 0.1151 0.2272 0.0656 0.0165
28 0.5703 0.1283 0.2018 0.0909 0.0088
29 0.0908 0.2795 0.5142 0.0958 0.0199
30 0.1065 0.4448 0.3057 0.0720 0.0709
31 0.0210 0.1178 0.3489 0.4309 0.0816
32 0.1043 0.1278 0.4675 0.2925 0.0079
33 0.1748 0.2075 0.3396 0.0690 0.2092
34 0.1500 0.4077 0.2676 0.0338 0.1410
35 0.1046 0.0742 0.3220 0.4836 0.0157
36 0.2000 0.3508 0.2732 0.0777 0.0982
37 0.1854 0.3130 0.1549 0.2151 0.1315
38 0.2247 0.0908 0.1863 0.2627 0.2355
39 0.0641 0.0346 0.2220 0.6577 0.0216
40 0.6045 0.0979 0.0481 0.1759 0.0739
41 0.4473 0.0686 0.2357 0.2080 0.0403
42 0.3108 0.2170 0.0994 0.3577 0.0150
43 0.0594 0.0318 0.3188 0.5771 0.0128
44 0.1140 0.4580 0.3796 0.0314 0.0169
45 0.0944 0.0311 0.1982 0.6401 0.0364
46 0.2462 0.3528 0.1678 0.1084 0.1248
47 0.2491 0.2269 0.1910 0.2695 0.0635
48 0.3074 0.0691 0.2284 0.3765 0.0186
49 0.2151 0.3835 0.1898 0.1990 0.0127
50 0.1022 0.3511 0.4951 0.0345 0.0172
51 0.1732 0.0341 0.4458 0.3113 0.0355
52 0.2029 0.6704 0.0669 0.0482 0.0114
53 0.2197 0.5029 0.1498 0.1149 0.0128
54 0.4341 0.0226 0.1754 0.2473 0.1205
55 0.0977 0.1444 0.2272 0.5283 0.0026
56 0.1322 0.3596 0.3767 0.1282 0.0032
57 0.1414 0.0571 0.2332 0.4600 0.1084
58 0.2454 0.4514 0.2416 0.0423 0.0194
59 0.1213 0.0697 0.4170 0.3325 0.0596
60 0.0276 0.0785 0.2805 0.6030 0.0103
61 0.0270 0.0689 0.3872 0.4424 0.0745
62 0.0634 0.5786 0.2163 0.0952 0.0464
63 0.0974 0.0887 0.1722 0.5518 0.0900
64 0.2573 0.4590 0.1611 0.0682 0.0544
65 0.0602 0.4517 0.3357 0.0829 0.0698
66 0.0393 0.2013 0.4329 0.0801 0.2466
67 0.1702 0.4849 0.1812 0.0955 0.0682
68 0.0658 0.0684 0.4001 0.2708 0.1949
69 0.0722 0.0161 0.8071 0.0906 0.0141
70 0.1284 0.4082 0.3660 0.0897 0.0079
71 0.4001 0.0585 0.2445 0.2075 0.0893
72 0.1359 0.1237 0.6899 0.0492 0.0016
73 0.0493 0.5059 0.2708 0.1720 0.0023
74 0.0480 0.5576 0.2554 0.1367 0.0021
75 0.2019 0.0855 0.3079 0.2306 0.1741
76 0.0508 0.0793 0.3933 0.4670 0.0098
77 0.2756 0.4617 0.0703 0.0692 0.1233
78 0.2698 0.2961 0.2289 0.1489 0.0561
79 0.0668 0.1578 0.0957 0.1288 0.5508
80 0.2693 0.2913 0.1686 0.1971 0.0737
81 0.2262 0.4497 0.1483 0.1229 0.0529
82 0.3408 0.2167 0.2474 0.0869 0.1081
83 0.0568 0.2000 0.6255 0.1070 0.0108
84 0.1416 0.1331 0.4502 0.2299 0.0453
85 0.0562 0.1246 0.5244 0.2517 0.0431
86 0.2791 0.4126 0.1003 0.1229 0.0851
87 0.2905 0.2729 0.1004 0.2771 0.0590
88 0.0980 0.0942 0.5464 0.2208 0.0405
89 0.2734 0.3027 0.2001 0.0605 0.1633
90 0.1020 0.0542 0.0563 0.7534 0.0339
91 0.0420 0.1125 0.5537 0.2874 0.0045
92 0.2666 0.1567 0.1077 0.1643 0.3044
93 0.1126 0.1401 0.3723 0.1527 0.2223
94 0.3464 0.0767 0.1825 0.2134 0.1810
95 0.2445 0.2664 0.2209 0.2297 0.0384
96 0.0493 0.0594 0.3364 0.5293 0.0253
97 0.1862 0.3267 0.2666 0.1804 0.0399
98 0.0923 0.3682 0.3125 0.1766 0.0506
99 0.1843 0.0580 0.0971 0.5415 0.1190
100 0.1788 0.0831 0.0845 0.5957 0.0580
101 0.3000 0.3452 0.1682 0.1250 0.0614
102 0.1399 0.4922 0.2020 0.1048 0.0611
103 0.0276 0.0497 0.2316 0.6807 0.0106
104 0.2258 0.3262 0.2330 0.1381 0.0768
105 0.0783 0.2568 0.4368 0.2231 0.0050
106 0.2054 0.2222 0.3467 0.2087 0.0169
107 0.1877 0.0457 0.2842 0.4648 0.0177
108 0.2350 0.2140 0.2622 0.2522 0.0369
109 0.0734 0.1230 0.1028 0.6650 0.0358
110 0.1268 0.1654 0.2644 0.4160 0.0274
111 0.2961 0.4016 0.0969 0.0656 0.1399
112 0.1630 0.5601 0.1967 0.0446 0.0358
113 0.1167 0.2844 0.1063 0.3430 0.1498
114 0.2217 0.3054 0.3354 0.0917 0.0457
115 0.1912 0.2003 0.0720 0.3201 0.2166
116 0.0412 0.1310 0.3145 0.4946 0.0189
117 0.0363 0.3560 0.1155 0.4863 0.0058
118 0.1431 0.1925 0.2551 0.3711 0.0382
119 0.1310 0.2391 0.0467 0.5142 0.0690
120 0.1569 0.1300 0.3167 0.3589 0.0375
121 0.3828 0.1030 0.2131 0.1686 0.1323
122 0.1360 0.2314 0.2208 0.3936 0.0181
123 0.2139 0.1528 0.4058 0.1482 0.0793
124 0.2954 0.0782 0.2566 0.3347 0.0353
125 0.4612 0.1724 0.2283 0.1061 0.0321
126 0.1777 0.1967 0.1605 0.4297 0.0356
127 0.4036 0.0974 0.1736 0.2817 0.0435
128 0.1282 0.3123 0.1752 0.2285 0.1558
129 0.0633 0.0501 0.1240 0.6597 0.1028
130 0.2437 0.1263 0.4343 0.1178 0.0779
131 0.1030 0.0143 0.3708 0.4988 0.0132
132 0.0702 0.0388 0.2374 0.6455 0.0083
133 0.1152 0.1074 0.4050 0.3630 0.0093
134 0.0613 0.0449 0.6050 0.2769 0.0119
135 0.1526 0.1550 0.3547 0.2720 0.0656
136 0.0605 0.1582 0.4951 0.2693 0.0169
137 0.3157 0.2537 0.2742 0.0823 0.0743
138 0.2439 0.2898 0.2678 0.1217 0.0768
139 0.0406 0.0461 0.3379 0.5659 0.0098
140 0.0630 0.0465 0.5488 0.3330 0.0083
141 0.1605 0.0422 0.2729 0.5020 0.0222
142 0.2145 0.0165 0.4758 0.2712 0.0219
143 0.2495 0.1294 0.3081 0.2573 0.0557
144 0.2610 0.0342 0.1431 0.5190 0.0423
145 0.2432 0.0718 0.1893 0.4761 0.0197
146 0.2546 0.0482 0.1722 0.4907 0.0345
147 0.1595 0.1376 0.2981 0.2181 0.1865
148 0.2942 0.1676 0.4214 0.0804 0.0363
149 0.0892 0.3611 0.4709 0.0435 0.0355
150 0.1957 0.0348 0.6567 0.0889 0.0237
151 0.0936 0.1543 0.6104 0.0813 0.0604
152 0.0415 0.1147 0.6919 0.1427 0.0093
153 0.1570 0.1282 0.5654 0.1429 0.0067
154 0.2117 0.2003 0.2184 0.3381 0.0315
155 0.1869 0.0823 0.1729 0.5239 0.0340
156 0.1097 0.3076 0.4478 0.1243 0.0105
157 0.1735 0.0886 0.2092 0.5098 0.0189
158 0.0804 0.1637 0.4180 0.3057 0.0322
159 0.1742 0.1501 0.4924 0.1245 0.0588
160 0.0829 0.1840 0.4482 0.2676 0.0171
161 0.1375 0.1203 0.1632 0.5391 0.0400
162 0.1967 0.1020 0.1202 0.4194 0.1617
163 0.3257 0.0912 0.1527 0.3606 0.0699
164 0.0848 0.1796 0.4958 0.1687 0.0709
165 0.0673 0.1963 0.3933 0.2241 0.1190
166 0.1220 0.1309 0.1289 0.5684 0.0497
167 0.1935 0.0943 0.4497 0.2092 0.0533
168 0.3110 0.0986 0.2617 0.3037 0.0249
169 0.0684 0.0225 0.4744 0.4319 0.0030
170 0.2905 0.0576 0.2793 0.3267 0.0460
171 0.2184 0.1294 0.4807 0.1206 0.0511
172 0.0924 0.0569 0.2803 0.5034 0.0671
173 0.1813 0.2120 0.1677 0.4150 0.0240
174 0.1428 0.1682 0.5430 0.1202 0.0256
175 0.1241 0.1185 0.4402 0.2798 0.0373
176 0.3198 0.3569 0.2737 0.0457 0.0038
177 0.0833 0.1113 0.6816 0.1104 0.0134
178 0.1528 0.0838 0.6851 0.0663 0.0119
179 0.1005 0.1185 0.1807 0.5923 0.0081
180 0.1136 0.4092 0.2600 0.2090 0.0083
181 0.2517 0.1600 0.2383 0.3181 0.0317
182 0.2622 0.1471 0.5054 0.0684 0.0170
183 0.1718 0.0318 0.2072 0.5811 0.0084
184 0.1768 0.1055 0.0476 0.2959 0.3743
185 0.1772 0.0224 0.1338 0.6382 0.0285
186 0.2532 0.4172 0.0983 0.0848 0.1465
187 0.3457 0.1608 0.0665 0.1407 0.2866
188 0.0815 0.0269 0.1809 0.6934 0.0174
189 0.3401 0.0254 0.3855 0.2129 0.0361
190 0.1934 0.2815 0.4292 0.0323 0.0638
191 0.5435 0.0422 0.1204 0.2469 0.0468
192 0.1450 0.0319 0.0707 0.6919 0.0605
193 0.1471 0.2261 0.1918 0.2856 0.1494
194 0.2009 0.0949 0.5132 0.1075 0.0837
195 0.2559 0.4421 0.1541 0.0971 0.0508
196 0.0631 0.0786 0.8188 0.0327 0.0068
197 0.1852 0.1168 0.4954 0.1205 0.0822
198 0.1650 0.1757 0.4775 0.1074 0.0744
199 0.3918 0.0645 0.1195 0.3887 0.0356
200 0.4233 0.1820 0.2954 0.0777 0.0216
201 0.1478 0.1265 0.5078 0.1840 0.0338
202 0.2122 0.1744 0.1247 0.4421 0.0466
203 0.1185 0.0400 0.1608 0.6162 0.0645
204 0.0804 0.0588 0.0607 0.3518 0.4482
205 0.1425 0.0673 0.0504 0.1541 0.5859
206 0.2408 0.1592 0.3730 0.1289 0.0981
207 0.3232 0.1479 0.3013 0.0519 0.1757
208 0.1648 0.0523 0.2937 0.4695 0.0197
209 0.1298 0.2903 0.3474 0.2278 0.0048
210 0.0952 0.3049 0.4507 0.1464 0.0028
211 0.4829 0.0643 0.3940 0.0555 0.0031
212 0.0372 0.0179 0.9014 0.0372 0.0065
213 0.0964 0.0865 0.5381 0.2010 0.0781
214 0.1052 0.0425 0.3530 0.4900 0.0093
215 0.2163 0.1429 0.3247 0.3049 0.0109
216 0.1627 0.1229 0.5771 0.0871 0.0504
217 0.7505 0.0164 0.0823 0.1501 0.0007
218 0.1909 0.1343 0.1476 0.5190 0.0082
219 0.4360 0.1708 0.3477 0.0446 0.0009
220 0.2291 0.0836 0.3899 0.2898 0.0077
221 0.2542 0.4639 0.1393 0.0674 0.0751
222 0.2539 0.1237 0.2205 0.3750 0.0270
223 0.0825 0.0806 0.5137 0.3066 0.0168
224 0.0687 0.0876 0.0955 0.7451 0.0033
225 0.1749 0.3167 0.2905 0.2094 0.0084
226 0.1100 0.1562 0.2023 0.5166 0.0150
227 0.1147 0.1121 0.0729 0.6973 0.0027
228 0.1212 0.0595 0.2046 0.6108 0.0037
229 0.1007 0.1089 0.5889 0.2003 0.0014
230 0.0471 0.1140 0.3916 0.4233 0.0241
231 0.0458 0.0511 0.0843 0.7871 0.0315
232 0.1788 0.0988 0.2603 0.3018 0.1603
233 0.1810 0.0869 0.3774 0.2615 0.0932
234 0.1777 0.1037 0.3320 0.2355 0.1509
235 0.1868 0.1598 0.3489 0.2593 0.0451
236 0.3926 0.1125 0.1107 0.2101 0.1742
237 0.5972 0.1194 0.0691 0.0681 0.1464
238 0.5542 0.1058 0.0672 0.1091 0.1638
239 0.3879 0.1111 0.0997 0.2317 0.1696
240 0.2013 0.2839 0.2466 0.2354 0.0329
