time exciting_prob fearful_prob tense_prob sad_prob relaxing_prob
0 0.2037 0.2830 0.2496 0.2310 0.0327
1 0.2905 0.1735 0.0852 0.1240 0.3267
2 0.0822 0.4443 0.2003 0.1741 0.0991
3 0.0710 0.2766 0.4153 0.1992 0.0380
4 0.5210 0.0745 0.2620 0.0780 0.0647
5 0.0452 0.4385 0.2104 0.2460 0.0598
6 0.0886 0.4397 0.3020 0.0669 0.1028
7 0.1020 0.3730 0.1085 0.2484 0.1681
8 0.0670 0.1104 0.0873 0.6450 0.0901
9 0.0636 0.2084 0.1151 0.4922 0.1206
10 0.1837 0.3125 0.0410 0.1956 0.2673
11 0.2257 0.1901 0.0469 0.2520 0.2854
12 0.1869 0.2495 0.0476 0.2053 0.3105
13 0.0432 0.0972 0.1530 0.6855 0.0210
14 0.0534 0.1271 0.2607 0.5269 0.0319
15 0.1658 0.2145 0.1332 0.3323 0.1544
16 0.2815 0.3586 0.1543 0.0537 0.1519
17 0.0833 0.3425 0.2930 0.1833 0.0981
18 0.1160 0.3491 0.3774 0.1255 0.0317
19 0.0522 0.1488 0.2715 0.4014 0.1262
20 0.0983 0.3376 0.1185 0.3271 0.1185
21 0.0917 0.1942 0.3303 0.3572 0.0263
22 0.1224 0.5488 0.1674 0.1160 0.0454
23 0.0485 0.2749 0.4128 0.2175 0.0463
24 0.0638 0.0886 0.0198 0.7656 0.0619
25 0.2590 0.2510 0.0410 0.2844 0.1647
26 0.0912 0.2222 0.2119 0.4216 0.0532
27 0.1473 0.2390 0.2317 0.2263 0.1555
28 0.1571 0.3567 0.2778 0.1510 0.0573
29 0.1930 0.4592 0.1798 0.0768 0.0911
30 0.1917 0.3472 0.3040 0.0768 0.0805
31 0.1704 0.3496 0.1718 0.1931 0.1153
32 0.2075 0.4392 0.1616 0.1259 0.0658
33 0.0822 0.1609 0.1559 0.4512 0.1499
34 0.1394 0.4065 0.2749 0.0973 0.0819
35 0.0834 0.1837 0.0703 0.5151 0.1476
36 0.0317 0.2130 0.6562 0.0848 0.0143
37 0.0439 0.1554 0.0886 0.6646 0.0474
38 0.1548 0.1304 0.2593 0.3892 0.0666
39 0.2113 0.1475 0.2017 0.3074 0.1322
40 0.1345 0.1624 0.2084 0.4412 0.0535
41 0.0512 0.4426 0.2996 0.1874 0.0191
42 0.0403 0.2795 0.3218 0.3479 0.0103
43 0.0242 0.6284 0.2385 0.1042 0.0044
44 0.0613 0.4978 0.2010 0.2351 0.0048
45 0.0969 0.1927 0.3330 0.3713 0.0060
46 0.2424 0.3726 0.2025 0.1693 0.0132
47 0.1135 0.3108 0.2274 0.3362 0.0120
48 0.0742 0.3484 0.3223 0.2471 0.0079
49 0.0870 0.5332 0.3284 0.0431 0.0083
50 0.1000 0.5581 0.2021 0.1346 0.0052
51 0.0501 0.5786 0.2063 0.1606 0.0046
52 0.0748 0.6665 0.1752 0.0742 0.0094
53 0.0573 0.4832 0.3269 0.1270 0.0058
54 0.0593 0.2615 0.2534 0.3574 0.0682
55 0.0809 0.3596 0.4619 0.0902 0.0074
56 0.1429 0.1558 0.5308 0.1594 0.0110
57 0.1597 0.2532 0.4375 0.1377 0.0121
58 0.1818 0.2192 0.5557 0.0244 0.0190
59 0.1346 0.4626 0.2220 0.1783 0.0023
60 0.0687 0.3433 0.4919 0.0939 0.0022
61 0.1906 0.2883 0.3818 0.1351 0.0041
62 0.1328 0.1359 0.5996 0.1190 0.0126
63 0.0507 0.0544 0.5938 0.2986 0.0029
64 0.1270 0.1120 0.0486 0.6445 0.0679
65 0.2101 0.2456 0.0499 0.3804 0.1142
66 0.1870 0.3521 0.1125 0.2256 0.1227
67 0.0745 0.1993 0.5254 0.1759 0.0251
68 0.2253 0.3435 0.0977 0.1810 0.1525
69 0.1296 0.3608 0.2024 0.2832 0.0242
70 0.1456 0.3547 0.0811 0.0583 0.3604
71 0.1641 0.1641 0.0283 0.4458 0.1979
72 0.0471 0.3477 0.2390 0.3586 0.0076
73 0.0444 0.2438 0.3130 0.3333 0.0656
74 0.1255 0.3411 0.1586 0.3384 0.0365
75 0.1995 0.5952 0.1011 0.0657 0.0384
76 0.1682 0.3320 0.2930 0.1428 0.0638
77 0.0829 0.1927 0.0588 0.6421 0.0234
78 0.1287 0.4854 0.2659 0.0857 0.0343
79 0.1797 0.4697 0.0597 0.1207 0.1702
80 0.0957 0.6802 0.1210 0.0717 0.0316
81 0.0413 0.6924 0.0577 0.1765 0.0319
82 0.1392 0.4707 0.1101 0.1627 0.1172
83 0.2146 0.3767 0.0930 0.1232 0.1924
84 0.2949 0.3240 0.0723 0.1044 0.2043
85 0.3027 0.2935 0.0543 0.0822 0.2673
86 0.1239 0.0851 0.0212 0.6006 0.1693
87 0.2247 0.3735 0.1139 0.2178 0.0702
88 0.1669 0.6348 0.0696 0.0997 0.0290
89 0.1890 0.3477 0.1890 0.2465 0.0279
90 0.1738 0.4797 0.1938 0.1375 0.0151
91 0.2000 0.5029 0.1311 0.1292 0.0370
92 0.2622 0.4675 0.1860 0.0717 0.0125
93 0.2515 0.4482 0.1598 0.1160 0.0245
94 0.2705 0.3418 0.1719 0.2009 0.0148
95 0.1630 0.5430 0.1735 0.1044 0.0163
96 0.1467 0.1422 0.2308 0.4736 0.0065
97 0.3562 0.3096 0.0887 0.2161 0.0295
98 0.1190 0.2120 0.2517 0.3840 0.0333
99 0.1342 0.3882 0.2930 0.1520 0.0326
100 0.1799 0.3362 0.2460 0.2170 0.0210
101 0.1279 0.1862 0.0378 0.2837 0.3645
102 0.1346 0.1841 0.0374 0.0544 0.5894
103 0.1387 0.2610 0.0351 0.1547 0.4106
104 0.1113 0.4504 0.0887 0.0446 0.3049
105 0.1045 0.4685 0.1113 0.2318 0.0840
106 0.1559 0.2651 0.0245 0.2032 0.3513
107 0.1312 0.1909 0.0364 0.1940 0.4475
108 0.1046 0.4915 0.1014 0.0759 0.2267
109 0.0747 0.1683 0.3735 0.3401 0.0432
110 0.0746 0.3396 0.0237 0.5425 0.0198
111 0.1422 0.4182 0.0437 0.3440 0.0519
112 0.2336 0.2886 0.0753 0.2178 0.1848
113 0.2131 0.3276 0.2473 0.0969 0.1150
114 0.1884 0.3154 0.2739 0.0698 0.1525
115 0.1547 0.1365 0.3708 0.1233 0.2147
116 0.1824 0.3599 0.1926 0.2269 0.0382
117 0.3064 0.3313 0.2642 0.0884 0.0099
118 0.4990 0.2357 0.0601 0.1711 0.0340
119 0.1027 0.1890 0.6196 0.0764 0.0123
120 0.1578 0.0906 0.5864 0.1578 0.0076
121 0.2676 0.1455 0.1265 0.2676 0.1927
122 0.2263 0.1061 0.2228 0.1077 0.3372
123 0.4590 0.2554 0.1400 0.0607 0.0849
124 0.1195 0.1510 0.2377 0.4580 0.0337
125 0.1004 0.2563 0.3909 0.2299 0.0224
126 0.1198 0.1467 0.2203 0.4519 0.0612
127 0.0708 0.1205 0.2632 0.4839 0.0615
128 0.2749 0.2727 0.3188 0.1259 0.0074
129 0.4360 0.0965 0.3044 0.1554 0.0077
130 0.3547 0.3662 0.1991 0.0557 0.0243
131 0.4434 0.1484 0.3674 0.0367 0.0040
132 0.2927 0.2771 0.2262 0.1052 0.0988
133 0.0961 0.4805 0.2551 0.0815 0.0868
134 0.1382 0.5015 0.1888 0.1328 0.0387
135 0.2106 0.6289 0.0892 0.0306 0.0408
136 0.2076 0.2209 0.3020 0.2108 0.0586
137 0.1175 0.4231 0.0304 0.2527 0.1764
138 0.0969 0.1649 0.2893 0.4277 0.0211
139 0.1037 0.3374 0.2954 0.1923 0.0713
140 0.1140 0.2822 0.2097 0.3567 0.0373
141 0.0908 0.3535 0.1998 0.3120 0.0439
142 0.2130 0.3352 0.2715 0.0784 0.1022
143 0.1731 0.4490 0.1423 0.1109 0.1247
144 0.1146 0.4939 0.2125 0.1239 0.0550
145 0.0441 0.0768 0.1677 0.6846 0.0270
146 0.1244 0.3462 0.2271 0.2435 0.0588
147 0.0309 0.2094 0.3850 0.3730 0.0016
148 0.2751 0.2817 0.0634 0.2585 0.1212
149 0.0529 0.0254 0.1173 0.7891 0.0152
150 0.0296 0.4026 0.2898 0.2559 0.0222
151 0.0382 0.2610 0.0457 0.6362 0.0189
152 0.0145 0.0574 0.2131 0.7100 0.0053
153 0.0178 0.2725 0.4495 0.2561 0.0041
154 0.0121 0.0398 0.0519 0.8926 0.0037
155 0.0084 0.2190 0.6235 0.1482 0.0007
156 0.0115 0.3140 0.3906 0.2815 0.0026
157 0.0335 0.2871 0.2534 0.3804 0.0454
158 0.0701 0.5264 0.1321 0.2524 0.0189
159 0.1072 0.1957 0.4880 0.1853 0.0237
160 0.1498 0.3679 0.3796 0.0771 0.0256
161 0.1509 0.4648 0.0490 0.0376 0.2979
162 0.2000 0.4233 0.0290 0.1140 0.2338
163 0.2119 0.3550 0.0220 0.2152 0.1959
164 0.2408 0.3267 0.4001 0.0231 0.0092
165 0.0056 0.1584 0.0992 0.7324 0.0041
166 0.0072 0.1777 0.7031 0.1113 0.0007
167 0.0282 0.1599 0.6426 0.1625 0.0070
168 0.0357 0.0481 0.6851 0.2258 0.0053
169 0.0306 0.3843 0.4353 0.1414 0.0086
170 0.1522 0.3948 0.2321 0.2180 0.0031
171 0.0560 0.1924 0.3171 0.4009 0.0337
172 0.0094 0.2754 0.5649 0.1497 0.0005
173 0.0159 0.4810 0.1561 0.3464 0.0006
174 0.1053 0.6353 0.0260 0.1710 0.0624
175 0.0375 0.4255 0.2705 0.2622 0.0041
176 0.1453 0.1131 0.0692 0.6509 0.0218
177 0.1538 0.1090 0.1561 0.5537 0.0274
178 0.0201 0.0533 0.1111 0.8081 0.0074
179 0.1593 0.3618 0.3000 0.1670 0.0120
180 0.0723 0.4158 0.2561 0.2522 0.0038
181 0.0507 0.4209 0.3657 0.1573 0.0052
182 0.2927 0.1137 0.3787 0.1996 0.0153
183 0.3755 0.1482 0.4060 0.0550 0.0153
184 0.4275 0.0803 0.2100 0.2532 0.0291
185 0.4131 0.1394 0.2795 0.1484 0.0196
186 0.7847 0.0367 0.0795 0.0853 0.0135
187 0.8384 0.0265 0.0414 0.0823 0.0114
188 0.1276 0.0798 0.0637 0.7007 0.0285
189 0.0074 0.0709 0.0503 0.8501 0.0215
190 0.0185 0.2661 0.3811 0.2104 0.1237
191 0.0099 0.2336 0.1631 0.5874 0.0059
192 0.0154 0.3328 0.2937 0.3489 0.0093
193 0.0118 0.5215 0.1774 0.2791 0.0105
194 0.0337 0.0945 0.5786 0.2339 0.0591
195 0.1093 0.1654 0.4031 0.2483 0.0740
196 0.1531 0.2280 0.4751 0.1351 0.0087
197 0.0850 0.1813 0.1599 0.4214 0.1526
198 0.0240 0.2335 0.5513 0.1655 0.0254
199 0.0090 0.1114 0.1262 0.7495 0.0039
200 0.0619 0.1156 0.0336 0.7656 0.0233
201 0.1716 0.5537 0.0437 0.1490 0.0817
202 0.1831 0.5215 0.1155 0.1426 0.0375
203 0.2773 0.5513 0.0614 0.0442 0.0659
204 0.2155 0.6235 0.0378 0.0688 0.0545
205 0.2095 0.2649 0.0288 0.4504 0.0464
206 0.1810 0.3008 0.0645 0.0645 0.3892
207 0.2920 0.3748 0.0465 0.2037 0.0830
208 0.1526 0.5493 0.1422 0.1161 0.0398
209 0.1820 0.2732 0.2336 0.2754 0.0358
210 0.1340 0.5962 0.0595 0.1965 0.0137
211 0.0715 0.0469 0.0454 0.8311 0.0049
212 0.1431 0.4653 0.0670 0.2032 0.1214
213 0.0739 0.4385 0.0811 0.3931 0.0137
214 0.2332 0.3875 0.0196 0.0935 0.2664
215 0.0319 0.4685 0.4832 0.0160 0.0005
216 0.1471 0.6489 0.1257 0.0306 0.0477
217 0.2062 0.5391 0.0776 0.1241 0.0529
218 0.0435 0.1891 0.0852 0.6011 0.0813
219 0.2556 0.4592 0.1587 0.0891 0.0374
220 0.1840 0.5938 0.0523 0.1024 0.0677
221 0.1109 0.3389 0.0236 0.3665 0.1602
222 0.1132 0.2435 0.0314 0.1912 0.4207
223 0.3628 0.3862 0.1254 0.0947 0.0307
224 0.0270 0.0493 0.0306 0.8091 0.0839
225 0.0617 0.5503 0.1025 0.2441 0.0414
226 0.1659 0.0808 0.0163 0.7261 0.0109
227 0.0676 0.0737 0.0296 0.8242 0.0048
228 0.1410 0.2698 0.1825 0.3987 0.0080
229 0.0352 0.1538 0.0637 0.7456 0.0018
230 0.0236 0.1277 0.1067 0.7407 0.0014
231 0.3254 0.3411 0.0621 0.1188 0.1526
232 0.3523 0.3694 0.0637 0.0994 0.1153
233 0.2102 0.3958 0.0223 0.0890 0.2827
234 0.1316 0.1135 0.1915 0.5371 0.0261
235 0.1886 0.5088 0.1857 0.0986 0.0187
236 0.1343 0.4106 0.0183 0.0327 0.4041
237 0.2290 0.1124 0.4697 0.1573 0.0315
238 0.0782 0.1508 0.2605 0.4792 0.0311
239 0.2295 0.4565 0.0763 0.1059 0.1318
240 0.3354 0.3545 0.1388 0.1115 0.0597
241 0.4438 0.2529 0.0916 0.0676 0.1440
242 0.4851 0.3059 0.1143 0.0325 0.0622
243 0.3516 0.3486 0.1205 0.1187 0.0606
244 0.3687 0.1702 0.3330 0.0646 0.0635
245 0.3628 0.2676 0.1016 0.0954 0.1727
246 0.2844 0.1252 0.1282 0.3076 0.1547
247 0.2512 0.2891 0.1150 0.1597 0.1852
248 0.1117 0.3689 0.0876 0.3308 0.1009
249 0.1802 0.3936 0.1471 0.2426 0.0366
250 0.1348 0.2744 0.1199 0.4453 0.0255
251 0.3250 0.3682 0.0803 0.1881 0.0385
252 0.2429 0.2546 0.1130 0.3647 0.0246
253 0.2167 0.4695 0.0932 0.0437 0.1769
254 0.2087 0.4055 0.3159 0.0323 0.0374
