time exciting_prob fearful_prob tense_prob sad_prob relaxing_prob
0 0.2037 0.2830 0.2496 0.2310 0.0327
1 0.0602 0.0693 0.3157 0.5454 0.0095
2 0.1193 0.0989 0.6152 0.1630 0.0039
3 0.0318 0.0964 0.7827 0.0878 0.0013
4 0.0320 0.1903 0.7412 0.0336 0.0030
5 0.0177 0.2732 0.6348 0.0724 0.0018
6 0.1176 0.1122 0.6558 0.0975 0.0172
7 0.0141 0.3105 0.6177 0.0548 0.0030
8 0.0246 0.2688 0.6445 0.0563 0.0056
9 0.0978 0.3259 0.4668 0.1010 0.0083
10 0.1206 0.1188 0.4922 0.2476 0.0208
11 0.0588 0.1065 0.6733 0.1526 0.0087
12 0.0326 0.0793 0.7642 0.1209 0.0028
13 0.0536 0.1664 0.7114 0.0593 0.0095
14 0.0234 0.2223 0.7173 0.0270 0.0098
15 0.0316 0.1438 0.7896 0.0258 0.0093
16 0.0670 0.2062 0.6655 0.0529 0.0084
17 0.0555 0.2566 0.6450 0.0397 0.0029
18 0.0611 0.3687 0.4446 0.1197 0.0058
19 0.0456 0.3936 0.5054 0.0525 0.0029
20 0.0184 0.4983 0.4004 0.0776 0.0054
21 0.0244 0.4895 0.1978 0.2788 0.0094
22 0.0458 0.0856 0.5410 0.3081 0.0197
23 0.0946 0.1039 0.3462 0.4048 0.0507
24 0.0857 0.1434 0.3335 0.3184 0.1190
25 0.0112 0.1768 0.7925 0.0176 0.0021
26 0.0104 0.3149 0.6069 0.0514 0.0166
27 0.0259 0.2964 0.6372 0.0312 0.0090
28 0.0948 0.5811 0.2539 0.0336 0.0366
29 0.0547 0.7144 0.1670 0.0281 0.0359
30 0.0210 0.2524 0.6758 0.0482 0.0027
31 0.0226 0.2844 0.4917 0.1837 0.0175
32 0.0366 0.3992 0.5127 0.0389 0.0129
33 0.1759 0.0745 0.3442 0.2900 0.1154
34 0.0680 0.1606 0.5024 0.1998 0.0691
35 0.1211 0.4866 0.2159 0.0958 0.0807
36 0.1298 0.6094 0.1830 0.0524 0.0252
37 0.0568 0.1891 0.5303 0.1891 0.0350
38 0.0312 0.1215 0.5112 0.2869 0.0491
39 0.0473 0.0699 0.7871 0.0656 0.0300
40 0.1890 0.0321 0.2316 0.4326 0.1146
41 0.1216 0.0523 0.4053 0.2382 0.1826
42 0.0469 0.0575 0.8584 0.0317 0.0056
43 0.0210 0.0895 0.7617 0.0953 0.0324
44 0.0296 0.0984 0.4412 0.1755 0.2554
45 0.0584 0.1091 0.6177 0.1914 0.0232
46 0.0316 0.1486 0.6558 0.1157 0.0482
47 0.0853 0.0922 0.6924 0.0696 0.0605
48 0.0501 0.2316 0.5820 0.1279 0.0081
49 0.0305 0.0855 0.7046 0.0569 0.1224
50 0.0383 0.0978 0.8066 0.0414 0.0159
51 0.1022 0.0975 0.6260 0.1272 0.0468
52 0.0585 0.0739 0.4321 0.1565 0.2791
53 0.0385 0.1046 0.5835 0.1570 0.1166
54 0.1146 0.2174 0.4900 0.0845 0.0935
55 0.0552 0.1868 0.6030 0.1016 0.0535
56 0.0896 0.2083 0.3225 0.1838 0.1957
57 0.0773 0.0823 0.6577 0.1400 0.0427
58 0.0656 0.4700 0.3835 0.0424 0.0386
59 0.0260 0.2432 0.6714 0.0086 0.0506
60 0.0164 0.6357 0.2864 0.0345 0.0271
61 0.0668 0.5298 0.2708 0.1077 0.0248
62 0.0548 0.1009 0.4592 0.3577 0.0276
63 0.1141 0.1794 0.5977 0.0961 0.0125
64 0.1354 0.1332 0.3735 0.3247 0.0332
65 0.1104 0.1593 0.4263 0.0930 0.2111
66 0.0184 0.4905 0.4329 0.0449 0.0133
67 0.0117 0.0928 0.8672 0.0274 0.0011
68 0.0521 0.2058 0.5508 0.1155 0.0757
69 0.0547 0.2164 0.6460 0.0748 0.0080
70 0.0165 0.1860 0.7832 0.0114 0.0025
71 0.0149 0.2661 0.7012 0.0165 0.0016
72 0.1221 0.1129 0.3821 0.2751 0.1078
73 0.1525 0.0842 0.2253 0.5156 0.0221
74 0.0192 0.0540 0.8706 0.0447 0.0115
75 0.0184 0.3865 0.3010 0.2827 0.0113
76 0.1486 0.0555 0.5605 0.1764 0.0591
77 0.0960 0.1312 0.6875 0.0601 0.0250
78 0.0274 0.3040 0.5503 0.0688 0.0496
79 0.0211 0.3738 0.4104 0.1582 0.0364
80 0.0268 0.0920 0.6797 0.1947 0.0071
81 0.0200 0.3284 0.6133 0.0371 0.0011
82 0.0346 0.1703 0.6230 0.1677 0.0043
83 0.0106 0.1183 0.8340 0.0355 0.0016
84 0.0140 0.3223 0.6211 0.0403 0.0022
85 0.0242 0.5249 0.3965 0.0438 0.0106
86 0.0146 0.2079 0.5654 0.2079 0.0043
87 0.0801 0.1140 0.5879 0.0930 0.1251
88 0.0912 0.0898 0.6631 0.1434 0.0123
89 0.0241 0.5195 0.4111 0.0433 0.0019
90 0.0453 0.1879 0.3977 0.3049 0.0639
91 0.0324 0.3679 0.5190 0.0284 0.0522
92 0.0330 0.1782 0.7275 0.0527 0.0088
93 0.0947 0.1400 0.6079 0.1356 0.0216
94 0.1190 0.1209 0.2057 0.1190 0.4353
95 0.1086 0.0959 0.2817 0.1683 0.3452
96 0.0595 0.3218 0.5308 0.0493 0.0387
97 0.0583 0.3923 0.3743 0.1661 0.0091
98 0.3298 0.1582 0.3098 0.1879 0.0143
99 0.0560 0.0184 0.0634 0.8354 0.0269
100 0.3074 0.1697 0.2754 0.1594 0.0881
101 0.3462 0.1810 0.3516 0.0539 0.0671
102 0.1066 0.2441 0.5249 0.1050 0.0194
103 0.0270 0.3447 0.5957 0.0287 0.0037
104 0.1853 0.3687 0.1973 0.0693 0.1796
105 0.1292 0.3979 0.3352 0.0822 0.0556
106 0.0220 0.1809 0.7617 0.0314 0.0038
107 0.0324 0.3977 0.3401 0.2196 0.0100
108 0.1021 0.2607 0.4507 0.1418 0.0446
109 0.0119 0.6821 0.2394 0.0534 0.0133
110 0.0143 0.1464 0.7666 0.0691 0.0036
111 0.0098 0.1801 0.7466 0.0623 0.0013
112 0.3286 0.1118 0.0956 0.3726 0.0913
113 0.0274 0.6328 0.2764 0.0598 0.0037
114 0.0626 0.2554 0.4080 0.2324 0.0417
115 0.0264 0.5093 0.3784 0.0648 0.0212
116 0.0443 0.3948 0.4761 0.0494 0.0356
117 0.0650 0.4583 0.3682 0.0875 0.0211
118 0.0683 0.1946 0.5542 0.1041 0.0786
119 0.1639 0.3262 0.3015 0.1516 0.0567
120 0.2166 0.1377 0.2825 0.3301 0.0332
121 0.1262 0.2034 0.4106 0.2491 0.0106
122 0.0917 0.2695 0.5034 0.1293 0.0061
123 0.2539 0.2832 0.2788 0.1718 0.0125
124 0.0499 0.1825 0.4312 0.3105 0.0259
125 0.0562 0.1328 0.7295 0.0246 0.0571
126 0.0178 0.3860 0.5112 0.0784 0.0065
127 0.0618 0.2642 0.3723 0.2900 0.0117
128 0.0450 0.1779 0.6504 0.1096 0.0172
129 0.0883 0.3955 0.4019 0.0883 0.0261
130 0.0755 0.6675 0.2004 0.0544 0.0023
131 0.1681 0.3091 0.3672 0.1483 0.0073
132 0.0521 0.2996 0.3557 0.2859 0.0067
133 0.0565 0.2959 0.4175 0.2200 0.0100
134 0.0288 0.4292 0.3091 0.2297 0.0030
135 0.1534 0.0772 0.5444 0.0692 0.1559
136 0.0119 0.3582 0.3752 0.2500 0.0047
137 0.0586 0.1361 0.7358 0.0586 0.0108
138 0.0336 0.2155 0.4026 0.3286 0.0197
139 0.1118 0.0987 0.5503 0.1873 0.0520
140 0.0867 0.1030 0.4990 0.2394 0.0719
141 0.0482 0.5264 0.3242 0.0820 0.0192
142 0.0428 0.3064 0.5635 0.0751 0.0121
143 0.2812 0.1068 0.5337 0.0623 0.0160
144 0.0369 0.4780 0.4285 0.0520 0.0047
145 0.0927 0.1171 0.6431 0.1246 0.0227
146 0.0587 0.3125 0.4692 0.1431 0.0166
147 0.2100 0.1609 0.4307 0.1254 0.0731
148 0.0800 0.1361 0.6494 0.1259 0.0086
149 0.0643 0.0966 0.5562 0.1952 0.0880
150 0.0474 0.0871 0.3904 0.4287 0.0466
151 0.0792 0.0682 0.3254 0.4590 0.0682
152 0.1222 0.1893 0.4006 0.2213 0.0665
153 0.0765 0.1895 0.3770 0.0446 0.3125
154 0.0480 0.1065 0.4849 0.1245 0.2362
155 0.1007 0.1741 0.3252 0.1584 0.2416
156 0.1906 0.1310 0.4226 0.1438 0.1120
157 0.0576 0.2927 0.4824 0.1060 0.0613
158 0.0612 0.2874 0.4182 0.1469 0.0863
159 0.0362 0.1672 0.1647 0.5151 0.1168
160 0.1536 0.1465 0.4375 0.1910 0.0714
161 0.0344 0.1830 0.4749 0.0415 0.2664
162 0.1713 0.2612 0.2654 0.2133 0.0889
163 0.1517 0.1163 0.1888 0.5132 0.0299
164 0.2415 0.1442 0.2532 0.3198 0.0413
165 0.0676 0.2593 0.3953 0.2397 0.0379
166 0.0510 0.1364 0.6304 0.0560 0.1261
167 0.0831 0.1732 0.5015 0.0942 0.1482
168 0.0898 0.0986 0.2087 0.5415 0.0617
169 0.0961 0.2869 0.4583 0.1488 0.0100
170 0.0696 0.2145 0.3884 0.1029 0.2247
171 0.1097 0.4407 0.3596 0.0284 0.0615
172 0.0430 0.3655 0.4207 0.0953 0.0754
173 0.1373 0.1819 0.5103 0.0820 0.0886
174 0.1221 0.0729 0.5225 0.1078 0.1749
175 0.1499 0.1014 0.5073 0.1956 0.0457
176 0.2878 0.1043 0.4324 0.0728 0.1027
177 0.0506 0.1440 0.6870 0.0771 0.0413
178 0.1240 0.0776 0.7251 0.0384 0.0350
179 0.1234 0.0772 0.5620 0.1443 0.0931
180 0.1327 0.2056 0.5503 0.0632 0.0484
181 0.0574 0.0918 0.7334 0.0661 0.0515
182 0.2092 0.0537 0.3848 0.0958 0.2563
183 0.0388 0.2375 0.6558 0.0461 0.0218
184 0.1467 0.0641 0.1855 0.1445 0.4592
185 0.1393 0.0321 0.0757 0.0563 0.6968
186 0.2576 0.0448 0.1025 0.2203 0.3748
187 0.0569 0.0635 0.4844 0.3892 0.0059
188 0.1514 0.1478 0.4590 0.2382 0.0035
189 0.2037 0.2830 0.2496 0.2310 0.0327
