time exciting_prob fearful_prob tense_prob sad_prob relaxing_prob
0 0.2037 0.2830 0.2496 0.2310 0.0327
1 0.0835 0.0152 0.1007 0.7920 0.0087
2 0.0966 0.0966 0.2317 0.5557 0.0193
3 0.0938 0.0391 0.0998 0.7607 0.0068
4 0.1792 0.2063 0.1938 0.4104 0.0104
5 0.2507 0.1968 0.1656 0.2839 0.1028
6 0.2908 0.2047 0.1290 0.3000 0.0753
7 0.3000 0.1373 0.1290 0.3398 0.0937
8 0.3591 0.0937 0.1061 0.4006 0.0403
9 0.4719 0.1147 0.0701 0.3047 0.0385
10 0.6050 0.1774 0.0793 0.1102 0.0283
11 0.3938 0.1890 0.1616 0.2389 0.0165
12 0.3687 0.2379 0.1115 0.2117 0.0703
13 0.2922 0.3086 0.0964 0.2441 0.0585
14 0.3206 0.3438 0.0940 0.1490 0.0925
15 0.0833 0.0482 0.1174 0.7305 0.0207
16 0.1053 0.0345 0.2393 0.6108 0.0099
17 0.6636 0.1539 0.0948 0.0383 0.0492
18 0.6240 0.1830 0.0987 0.0562 0.0381
19 0.0629 0.0242 0.1069 0.7900 0.0157
20 0.1661 0.1729 0.2783 0.3745 0.0081
21 0.0988 0.0559 0.3818 0.4534 0.0100
22 0.3376 0.0547 0.1185 0.3220 0.1671
23 0.3079 0.1234 0.1132 0.2473 0.2083
24 0.4019 0.2380 0.1107 0.1040 0.1455
25 0.2069 0.0383 0.3630 0.3745 0.0171
26 0.1865 0.0230 0.2844 0.4990 0.0070
27 0.2678 0.0480 0.4277 0.2438 0.0126
28 0.3821 0.1736 0.0701 0.3167 0.0577
29 0.2778 0.1343 0.0724 0.4800 0.0356
30 0.4314 0.1703 0.1125 0.2576 0.0282
31 0.2561 0.3557 0.1616 0.2091 0.0174
32 0.1183 0.2686 0.1495 0.4360 0.0276
33 0.1130 0.0765 0.0522 0.7373 0.0211
34 0.5142 0.1968 0.0735 0.1569 0.0586
35 0.5127 0.1814 0.0438 0.1504 0.1118
36 0.6641 0.0942 0.0318 0.1774 0.0323
37 0.5493 0.2069 0.0656 0.1444 0.0335
38 0.5674 0.1827 0.0598 0.1539 0.0360
39 0.3635 0.2205 0.2072 0.1447 0.0641
40 0.3201 0.3127 0.0816 0.1987 0.0869
41 0.3667 0.2173 0.1553 0.2207 0.0399
42 0.0693 0.4551 0.2761 0.1345 0.0651
43 0.0879 0.3093 0.4097 0.1155 0.0776
44 0.1122 0.0930 0.0887 0.6357 0.0703
45 0.1310 0.3020 0.3533 0.1935 0.0202
46 0.2321 0.1671 0.1354 0.0582 0.4072
47 0.2578 0.1227 0.1704 0.1829 0.2661
48 0.0920 0.0878 0.2074 0.5815 0.0313
49 0.1378 0.0798 0.1179 0.6079 0.0565
50 0.2389 0.2316 0.0819 0.3701 0.0776
51 0.0865 0.0456 0.2389 0.5820 0.0470
52 0.0927 0.0838 0.3582 0.4124 0.0528
53 0.0922 0.0776 0.2144 0.5645 0.0513
54 0.0909 0.2549 0.5610 0.0853 0.0080
55 0.0516 0.2385 0.4819 0.2206 0.0073
56 0.2903 0.1707 0.3240 0.1566 0.0585
57 0.1592 0.3477 0.3643 0.1068 0.0222
58 0.4141 0.3125 0.1234 0.1072 0.0430
59 0.1923 0.2095 0.4038 0.1710 0.0233
60 0.2175 0.1060 0.4534 0.1891 0.0339
61 0.1520 0.2095 0.4038 0.2264 0.0084
62 0.4053 0.1703 0.1663 0.2169 0.0414
63 0.0596 0.0304 0.3049 0.5879 0.0173
64 0.0806 0.0270 0.2367 0.6436 0.0123
65 0.2510 0.2734 0.3049 0.1292 0.0416
66 0.2019 0.1151 0.2435 0.4016 0.0379
67 0.1833 0.1670 0.3218 0.3022 0.0254
68 0.1383 0.2751 0.2708 0.2585 0.0572
69 0.5742 0.1498 0.0482 0.1737 0.0542
70 0.4827 0.3093 0.0833 0.0807 0.0442
71 0.2213 0.0471 0.4612 0.1724 0.0982
72 0.4792 0.4036 0.0572 0.0387 0.0214
73 0.2578 0.1857 0.1976 0.1976 0.1613
74 0.5840 0.0968 0.1224 0.1488 0.0483
75 0.4653 0.2913 0.1711 0.0385 0.0340
76 0.2573 0.3684 0.2455 0.0491 0.0797
77 0.1599 0.4180 0.3491 0.0476 0.0255
78 0.2255 0.2595 0.4590 0.0282 0.0278
79 0.1793 0.3350 0.3003 0.1375 0.0479
80 0.4331 0.2014 0.1907 0.1260 0.0490
81 0.2927 0.5645 0.1052 0.0202 0.0174
82 0.4202 0.3484 0.1375 0.0482 0.0457
83 0.3147 0.1385 0.2489 0.2529 0.0450
84 0.3848 0.4160 0.1229 0.0478 0.0287
85 0.3669 0.2903 0.1459 0.0567 0.1404
86 0.4111 0.1334 0.2361 0.1366 0.0829
87 0.0728 0.1127 0.0964 0.0594 0.6587
88 0.6074 0.0395 0.0359 0.2218 0.0954
89 0.6011 0.1581 0.0966 0.0707 0.0735
90 0.3562 0.3118 0.0966 0.0723 0.1631
91 0.5088 0.1390 0.1041 0.1025 0.1458
92 0.2607 0.1071 0.2568 0.2096 0.1658
93 0.3201 0.1741 0.1926 0.2148 0.0984
94 0.4150 0.1152 0.2402 0.0756 0.1539
95 0.1366 0.3352 0.1536 0.2632 0.1115
96 0.1520 0.3591 0.2300 0.1736 0.0853
97 0.4417 0.0602 0.1108 0.3130 0.0743
98 0.5776 0.0770 0.0800 0.1935 0.0718
99 0.4937 0.0745 0.1654 0.2107 0.0558
100 0.3645 0.3879 0.1212 0.0801 0.0463
101 0.3147 0.4543 0.1385 0.0260 0.0665
102 0.5522 0.1821 0.0573 0.1608 0.0475
103 0.6777 0.0809 0.1031 0.1089 0.0295
104 0.3982 0.1866 0.1477 0.0491 0.2183
105 0.5200 0.1225 0.1455 0.1082 0.1040
106 0.2239 0.5942 0.1189 0.0152 0.0477
107 0.4607 0.0800 0.0914 0.2751 0.0928
108 0.3193 0.2710 0.1777 0.1260 0.1061
109 0.3511 0.4370 0.1375 0.0348 0.0397
110 0.2045 0.2710 0.2905 0.2211 0.0130
111 0.1732 0.0699 0.6436 0.1084 0.0050
112 0.2612 0.2455 0.4375 0.0547 0.0010
113 0.1293 0.1548 0.3516 0.2269 0.1376
114 0.2234 0.1971 0.3201 0.1488 0.1106
115 0.0721 0.1207 0.6729 0.0293 0.1049
116 0.0486 0.1054 0.6357 0.0759 0.1343
117 0.1050 0.1002 0.5088 0.2479 0.0380
118 0.1912 0.0720 0.4048 0.2739 0.0583
119 0.3152 0.1754 0.1548 0.3303 0.0241
120 0.5923 0.0989 0.0795 0.1892 0.0403
121 0.3867 0.1689 0.1527 0.0970 0.1945
122 0.2913 0.1263 0.4141 0.1196 0.0487
123 0.3496 0.1370 0.3013 0.1786 0.0335
124 0.2683 0.0844 0.3726 0.2332 0.0415
125 0.3279 0.0570 0.1081 0.2634 0.2437
126 0.2976 0.1139 0.1683 0.3823 0.0378
127 0.2554 0.1216 0.2961 0.2117 0.1151
128 0.3811 0.0558 0.1718 0.2422 0.1492
129 0.3484 0.0439 0.1985 0.3123 0.0967
130 0.2524 0.2466 0.2299 0.2211 0.0501
131 0.3152 0.0815 0.2695 0.1741 0.1597
132 0.2979 0.1122 0.1241 0.3025 0.1632
133 0.3694 0.1154 0.1307 0.2744 0.1100
134 0.3979 0.0464 0.1487 0.3005 0.1063
135 0.2759 0.1853 0.2825 0.1714 0.0848
136 0.3279 0.1216 0.2849 0.1179 0.1478
137 0.2837 0.1202 0.3879 0.1340 0.0740
138 0.1653 0.1248 0.1257 0.5679 0.0160
139 0.5488 0.0640 0.1039 0.2593 0.0241
140 0.2832 0.0657 0.3364 0.2969 0.0177
141 0.2003 0.1942 0.3054 0.2781 0.0220
142 0.2502 0.1229 0.3115 0.2664 0.0489
143 0.4246 0.1812 0.1637 0.1913 0.0395
144 0.2913 0.1971 0.3352 0.1686 0.0077
145 0.3022 0.0814 0.1696 0.3267 0.1202
146 0.2134 0.2720 0.1884 0.2761 0.0503
147 0.4309 0.1882 0.1421 0.1840 0.0548
148 0.1844 0.0757 0.1707 0.5093 0.0599
149 0.1549 0.1016 0.1826 0.4963 0.0646
150 0.3735 0.1232 0.2301 0.2162 0.0569
151 0.4194 0.1484 0.1567 0.1832 0.0922
152 0.3157 0.2440 0.1827 0.2222 0.0354
153 0.4309 0.1610 0.1477 0.2288 0.0317
154 0.3108 0.1613 0.2070 0.2744 0.0466
155 0.2615 0.0962 0.1742 0.3865 0.0817
156 0.5024 0.0425 0.2688 0.1373 0.0490
157 0.2051 0.0743 0.0682 0.6074 0.0450
158 0.0879 0.0432 0.0497 0.0717 0.7476
159 0.1617 0.1250 0.2467 0.1643 0.3022
160 0.2678 0.0830 0.2402 0.2988 0.1100
161 0.2593 0.1177 0.3030 0.2847 0.0353
162 0.2568 0.1486 0.2412 0.2489 0.1046
163 0.3479 0.1891 0.1876 0.0419 0.2335
164 0.2255 0.4082 0.3333 0.0190 0.0141
165 0.1676 0.1367 0.3896 0.0698 0.2363
166 0.3757 0.3188 0.1566 0.0734 0.0752
167 0.1726 0.5356 0.1781 0.0828 0.0307
168 0.3875 0.0825 0.3210 0.1732 0.0358
169 0.5249 0.0318 0.0341 0.1730 0.2365
170 0.7969 0.0422 0.0258 0.0482 0.0867
171 0.7168 0.0462 0.0274 0.0811 0.1285
172 0.7358 0.0517 0.0463 0.0550 0.1111
173 0.2362 0.1294 0.1073 0.2595 0.2676
174 0.2749 0.1554 0.0623 0.1542 0.3530
175 0.4070 0.3220 0.0681 0.0696 0.1332
176 0.0732 0.0269 0.1550 0.7280 0.0166
177 0.4209 0.1334 0.2100 0.1957 0.0401
178 0.3308 0.3662 0.1743 0.0993 0.0294
179 0.4307 0.0797 0.0875 0.2532 0.1488
180 0.6719 0.1140 0.0472 0.0273 0.1398
181 0.6685 0.1664 0.0553 0.0202 0.0898
182 0.4792 0.3167 0.1320 0.0581 0.0140
183 0.4353 0.3259 0.1359 0.0608 0.0421
184 0.3223 0.3828 0.2048 0.0518 0.0382
185 0.5615 0.3770 0.0345 0.0138 0.0130
186 0.7153 0.1376 0.0353 0.0258 0.0861
187 0.4026 0.4526 0.0668 0.0463 0.0316
188 0.5825 0.1543 0.0559 0.1763 0.0311
189 0.3262 0.1163 0.1482 0.3696 0.0399
190 0.6919 0.1069 0.0753 0.0936 0.0323
191 0.8008 0.0878 0.0303 0.0306 0.0504
192 0.6377 0.1663 0.0421 0.0870 0.0672
193 0.6533 0.1602 0.0622 0.0257 0.0986
194 0.7275 0.1151 0.0597 0.0172 0.0804
195 0.6885 0.1107 0.0544 0.0162 0.1304
196 0.3125 0.2065 0.4270 0.0163 0.0376
197 0.6201 0.1439 0.1833 0.0356 0.0168
198 0.4131 0.3911 0.1461 0.0235 0.0264
199 0.3555 0.2462 0.0864 0.2812 0.0306
200 0.1887 0.3525 0.1381 0.1772 0.1436
201 0.3091 0.1299 0.3264 0.0399 0.1949
202 0.3313 0.2090 0.1154 0.0562 0.2878
203 0.1699 0.0645 0.3174 0.4077 0.0404
204 0.2773 0.0718 0.1921 0.3245 0.1342
205 0.2025 0.1541 0.1219 0.4221 0.0995
206 0.1681 0.0995 0.0872 0.4678 0.1775
207 0.3276 0.1648 0.2435 0.2084 0.0556
208 0.2301 0.1038 0.3049 0.3003 0.0610
209 0.1664 0.1348 0.2703 0.3469 0.0817
210 0.2316 0.1146 0.3701 0.2352 0.0486
211 0.2152 0.1125 0.4180 0.1945 0.0598
212 0.1859 0.3699 0.3042 0.1182 0.0219
213 0.2426 0.2107 0.4189 0.1146 0.0133
214 0.2725 0.3015 0.3208 0.0575 0.0477
215 0.3940 0.2076 0.3118 0.0463 0.0403
216 0.3582 0.2520 0.3086 0.0459 0.0355
217 0.2135 0.2202 0.1729 0.3660 0.0274
218 0.4688 0.2375 0.2064 0.0703 0.0171
219 0.4868 0.2194 0.1643 0.1036 0.0258
220 0.5981 0.1700 0.1796 0.0392 0.0132
221 0.6299 0.1952 0.0853 0.0505 0.0390
222 0.5991 0.2054 0.1368 0.0257 0.0330
223 0.5464 0.2156 0.1403 0.0549 0.0431
224 0.1819 0.4036 0.2605 0.1279 0.0262
225 0.4756 0.1139 0.1619 0.1473 0.1013
226 0.2727 0.2445 0.2124 0.1846 0.0858
