time exciting_prob fearful_prob tense_prob sad_prob relaxing_prob
0 0.2037 0.2830 0.2496 0.2310 0.0327
1 0.2236 0.0890 0.1335 0.5283 0.0255
2 0.6597 0.1965 0.0581 0.0246 0.0609
3 0.9741 0.0149 0.0083 0.0014 0.0015
4 0.9580 0.0190 0.0119 0.0022 0.0092
5 0.1791 0.1791 0.1462 0.4575 0.0381
6 0.0191 0.0716 0.0728 0.0040 0.8325
7 0.0202 0.0602 0.0704 0.0042 0.8447
8 0.0354 0.0630 0.0704 0.0134 0.8179
9 0.0580 0.0474 0.0695 0.0111 0.8140
10 0.0359 0.0569 0.0650 0.0057 0.8364
11 0.0617 0.0710 0.0732 0.0066 0.7876
12 0.0520 0.0421 0.0851 0.0135 0.8071
13 0.0304 0.0158 0.0254 0.0038 0.9248
14 0.0129 0.0095 0.0183 0.0036 0.9556
15 0.0109 0.0128 0.0188 0.0140 0.9434
16 0.0075 0.0100 0.0174 0.0089 0.9561
17 0.0207 0.0156 0.0141 0.0068 0.9429
18 0.0142 0.0167 0.0183 0.0097 0.9409
19 0.0178 0.0280 0.0298 0.0117 0.9126
20 0.1530 0.1299 0.3613 0.0084 0.3474
21 0.1764 0.1907 0.2886 0.0070 0.3374
22 0.0468 0.0316 0.0522 0.0076 0.8618
23 0.0381 0.0299 0.0528 0.0064 0.8730
24 0.0392 0.0315 0.0495 0.0086 0.8711
25 0.0419 0.0450 0.0833 0.0079 0.8218
26 0.0844 0.0892 0.1392 0.0128 0.6743
27 0.0847 0.0510 0.0874 0.0099 0.7671
28 0.1652 0.3259 0.1744 0.0137 0.3208
29 0.1289 0.0695 0.1289 0.0334 0.6392
30 0.0867 0.0771 0.1724 0.0288 0.6353
31 0.1395 0.2546 0.2776 0.0256 0.3025
32 0.1288 0.2583 0.4192 0.0190 0.1747
33 0.0739 0.3389 0.3335 0.0099 0.2440
34 0.0636 0.4927 0.2942 0.0051 0.1445
35 0.0564 0.3826 0.4268 0.0131 0.1213
36 0.0470 0.2539 0.4250 0.0102 0.2639
37 0.0457 0.0760 0.3599 0.0417 0.4768
38 0.0312 0.0778 0.2302 0.0151 0.6460
39 0.0519 0.0673 0.2023 0.0255 0.6528
40 0.1388 0.3057 0.2379 0.0192 0.2986
41 0.0895 0.4304 0.2340 0.0123 0.2340
42 0.1440 0.2469 0.2754 0.0381 0.2954
43 0.0194 0.2715 0.1699 0.0625 0.4766
44 0.0153 0.1672 0.0999 0.0192 0.6982
45 0.0547 0.1486 0.1290 0.0122 0.6553
46 0.0917 0.1312 0.3486 0.0426 0.3857
47 0.0261 0.0594 0.7349 0.0864 0.0934
48 0.1333 0.2216 0.5151 0.0300 0.0999
49 0.1371 0.2581 0.5420 0.0098 0.0533
50 0.3083 0.1368 0.1901 0.2120 0.1527
51 0.1049 0.4482 0.2615 0.0280 0.1573
52 0.2332 0.1654 0.1382 0.0572 0.4060
53 0.3093 0.2467 0.1847 0.0145 0.2448
54 0.1812 0.2698 0.4661 0.0110 0.0720
55 0.1801 0.2900 0.1787 0.0276 0.3235
56 0.1613 0.3579 0.3870 0.0182 0.0756
57 0.1906 0.3789 0.3560 0.0198 0.0550
58 0.0975 0.4685 0.2568 0.0190 0.1582
59 0.1018 0.1360 0.1093 0.0485 0.6045
60 0.0799 0.3259 0.2122 0.0584 0.3235
61 0.0800 0.0408 0.0906 0.0124 0.7764
62 0.0893 0.1193 0.1951 0.0184 0.5781
63 0.1471 0.1393 0.3967 0.0102 0.3066
64 0.1453 0.1713 0.3979 0.0075 0.2778
65 0.1998 0.1921 0.3823 0.0096 0.2161
66 0.1888 0.1693 0.3967 0.0533 0.1919
67 0.1423 0.2153 0.3308 0.0371 0.2744
68 0.3210 0.3445 0.1978 0.0470 0.0898
69 0.2050 0.1824 0.3740 0.0271 0.2115
70 0.2542 0.2091 0.4126 0.0220 0.1019
71 0.0562 0.1901 0.2223 0.3442 0.1871
72 0.0489 0.0463 0.1392 0.1172 0.6484
73 0.2129 0.2798 0.0860 0.1606 0.2607
74 0.0249 0.2423 0.3062 0.2969 0.1296
75 0.0412 0.3423 0.2505 0.1617 0.2043
76 0.0852 0.1450 0.5220 0.0449 0.2029
77 0.0692 0.4109 0.2781 0.0151 0.2269
78 0.1069 0.3425 0.2448 0.0176 0.2883
79 0.1182 0.2925 0.3042 0.0058 0.2791
80 0.0590 0.4529 0.2856 0.0047 0.1979
81 0.0632 0.1801 0.1946 0.3311 0.2311
82 0.0427 0.2100 0.4658 0.1741 0.1072
83 0.0420 0.3201 0.1313 0.4375 0.0692
84 0.1228 0.2139 0.0673 0.0054 0.5908
85 0.1026 0.2922 0.0612 0.0106 0.5332
86 0.0299 0.2566 0.0989 0.5781 0.0364
87 0.0627 0.3933 0.3525 0.0524 0.1392
88 0.0572 0.2839 0.5220 0.0156 0.1212
89 0.0448 0.1678 0.0411 0.0399 0.7065
90 0.2673 0.1881 0.3354 0.0133 0.1957
91 0.0085 0.0181 0.0110 0.0074 0.9551
92 0.0107 0.0186 0.0154 0.0087 0.9468
93 0.0110 0.0144 0.0099 0.0062 0.9585
94 0.1718 0.2520 0.1154 0.0424 0.4185
95 0.0300 0.0171 0.0437 0.0854 0.8237
96 0.0310 0.3035 0.0699 0.1676 0.4280
97 0.0757 0.2769 0.4458 0.0689 0.1328
98 0.0377 0.0621 0.1715 0.5117 0.2168
99 0.0532 0.2539 0.2422 0.2499 0.2008
100 0.0471 0.3706 0.5063 0.0109 0.0649
101 0.0257 0.3313 0.5210 0.0283 0.0934
102 0.0215 0.2854 0.5332 0.0274 0.1327
103 0.0189 0.3911 0.4944 0.0148 0.0807
104 0.0409 0.3447 0.4568 0.0508 0.1068
105 0.2966 0.2639 0.2639 0.0170 0.1588
106 0.2029 0.3293 0.2688 0.0187 0.1804
107 0.0151 0.0969 0.1048 0.5845 0.1989
108 0.0166 0.1403 0.2173 0.3638 0.2620
109 0.0812 0.0470 0.0668 0.0098 0.7949
110 0.0615 0.0054 0.0518 0.0188 0.8628
111 0.1215 0.0293 0.0855 0.0074 0.7563
112 0.2177 0.1052 0.0482 0.0137 0.6152
113 0.0833 0.1165 0.0712 0.0096 0.7192
114 0.1593 0.1290 0.1497 0.0189 0.5430
115 0.1105 0.5151 0.2935 0.0178 0.0630
116 0.1581 0.3245 0.4648 0.0353 0.0173
117 0.0515 0.2637 0.3494 0.0636 0.2720
118 0.1288 0.3066 0.4565 0.0092 0.0988
119 0.1974 0.1755 0.1826 0.1549 0.2896
120 0.1389 0.1538 0.1914 0.0271 0.4888
121 0.0936 0.1078 0.0546 0.1749 0.5688
122 0.0900 0.0794 0.1240 0.2708 0.4360
123 0.0566 0.0699 0.0897 0.4966 0.2874
124 0.0384 0.0209 0.2664 0.5298 0.1448
125 0.1572 0.2593 0.1636 0.0896 0.3303
126 0.0354 0.1057 0.1913 0.6475 0.0203
127 0.0986 0.0699 0.3901 0.3723 0.0688
128 0.1971 0.0547 0.3684 0.3303 0.0495
129 0.0590 0.1555 0.4570 0.3044 0.0238
130 0.0436 0.0461 0.7979 0.0731 0.0391
131 0.0648 0.0679 0.2029 0.3452 0.3191
132 0.0905 0.1379 0.6279 0.0811 0.0627
133 0.0165 0.7007 0.1390 0.0627 0.0811
134 0.1046 0.2301 0.4612 0.0088 0.1953
135 0.1052 0.3215 0.2974 0.0051 0.2708
136 0.0554 0.3784 0.1219 0.0222 0.4221
137 0.0307 0.3376 0.0736 0.0271 0.5312
138 0.0822 0.2651 0.4763 0.0530 0.1233
139 0.0787 0.2620 0.5859 0.0161 0.0576
140 0.1003 0.2296 0.5176 0.1393 0.0133
141 0.0476 0.3281 0.5757 0.0386 0.0101
142 0.0731 0.3223 0.5396 0.0475 0.0173
143 0.0560 0.4954 0.3623 0.0615 0.0249
144 0.0983 0.2002 0.5615 0.0748 0.0650
145 0.0091 0.1270 0.7773 0.0467 0.0399
146 0.0264 0.1671 0.3594 0.4268 0.0206
147 0.1100 0.3184 0.4282 0.0417 0.1017
148 0.1697 0.3049 0.4299 0.0397 0.0559
149 0.1863 0.1683 0.4265 0.1261 0.0930
150 0.0940 0.0798 0.1400 0.0491 0.6372
151 0.0865 0.0558 0.0643 0.0164 0.7769
152 0.0868 0.2493 0.5933 0.0239 0.0468
153 0.0948 0.5127 0.3311 0.0289 0.0323
154 0.0376 0.4880 0.4241 0.0398 0.0105
155 0.0432 0.3530 0.3757 0.0972 0.1309
156 0.0049 0.0092 0.0043 0.0069 0.9746
157 0.1354 0.2163 0.1510 0.0100 0.4873
158 0.0731 0.1355 0.6987 0.0314 0.0611
159 0.0428 0.1011 0.1154 0.0169 0.7236
160 0.0944 0.0460 0.0707 0.0103 0.7783
161 0.1871 0.2346 0.2346 0.0203 0.3232
162 0.2168 0.1455 0.3357 0.0236 0.2783
163 0.1366 0.3127 0.3228 0.0368 0.1912
164 0.1024 0.1549 0.3601 0.0417 0.3411
165 0.0538 0.2488 0.4167 0.2449 0.0358
166 0.1378 0.1586 0.3254 0.0911 0.2871
167 0.0920 0.3755 0.3584 0.0139 0.1603
168 0.1539 0.5005 0.2681 0.0199 0.0575
169 0.0340 0.2362 0.5938 0.1151 0.0210
170 0.0225 0.4417 0.3899 0.1009 0.0451
171 0.0450 0.1130 0.1261 0.0125 0.7036
172 0.0564 0.2908 0.5518 0.0186 0.0826
173 0.0774 0.2240 0.4968 0.1481 0.0536
174 0.0321 0.4160 0.5098 0.0285 0.0139
175 0.2734 0.1475 0.3298 0.1893 0.0601
176 0.2891 0.1114 0.1344 0.2844 0.1808
177 0.2032 0.2395 0.3430 0.1633 0.0510
178 0.3362 0.1434 0.2366 0.1552 0.1287
179 0.0149 0.0113 0.0408 0.0995 0.8335
180 0.2271 0.0896 0.2068 0.3462 0.1304
181 0.3467 0.0651 0.2007 0.2637 0.1237
182 0.3816 0.1382 0.0906 0.2996 0.0900
183 0.1880 0.1176 0.0731 0.1262 0.4951
184 0.0371 0.3384 0.4624 0.0862 0.0760
185 0.1680 0.5015 0.2664 0.0119 0.0521
186 0.0752 0.5020 0.3850 0.0053 0.0323
187 0.0328 0.0780 0.7402 0.1171 0.0320
188 0.0407 0.1032 0.7622 0.0548 0.0388
189 0.1560 0.0515 0.2360 0.0078 0.5488
190 0.1868 0.1345 0.1912 0.0142 0.4734
191 0.0580 0.2600 0.5015 0.1414 0.0393
192 0.0582 0.1621 0.4475 0.2888 0.0433
193 0.1533 0.2213 0.3945 0.1343 0.0967
194 0.2118 0.1561 0.2805 0.0025 0.3491
195 0.1699 0.1376 0.1726 0.0044 0.5151
196 0.0818 0.1083 0.0549 0.0090 0.7461
197 0.0470 0.0818 0.0995 0.1381 0.6338
198 0.0228 0.0115 0.0154 0.0048 0.9453
199 0.0227 0.0540 0.0330 0.0044 0.8857
200 0.0105 0.0179 0.0152 0.0009 0.9556
201 0.0275 0.1573 0.1304 0.0225 0.6621
202 0.0294 0.0738 0.0823 0.0086 0.8057
203 0.0405 0.3364 0.1918 0.0253 0.4060
204 0.1167 0.1451 0.3708 0.1242 0.2432
205 0.0396 0.0864 0.2422 0.0774 0.5547
206 0.1647 0.3655 0.4045 0.0143 0.0510
207 0.0633 0.4500 0.4570 0.0153 0.0146
208 0.1241 0.2300 0.5967 0.0292 0.0202
209 0.1338 0.2257 0.4023 0.0374 0.2008
210 0.3210 0.2900 0.2189 0.1228 0.0473
211 0.0767 0.5005 0.3547 0.0365 0.0315
212 0.0825 0.5552 0.3264 0.0256 0.0104
213 0.1029 0.3853 0.4436 0.0168 0.0514
214 0.1077 0.3699 0.3115 0.0174 0.1935
215 0.0781 0.1414 0.3904 0.0176 0.3726
216 0.0576 0.3018 0.3528 0.0415 0.2463
217 0.0728 0.1917 0.4058 0.1470 0.1829
218 0.0977 0.3833 0.1489 0.0210 0.3491
219 0.2554 0.2289 0.1549 0.0225 0.3384
220 0.0344 0.0936 0.1818 0.0752 0.6152
221 0.0362 0.2003 0.2183 0.2150 0.3303
222 0.0527 0.1178 0.0779 0.0186 0.7329
223 0.0627 0.1058 0.0964 0.0120 0.7231
224 0.0705 0.1744 0.1976 0.0115 0.5459
225 0.0709 0.1714 0.1881 0.0079 0.5615
226 0.0679 0.0718 0.1351 0.0173 0.7080
227 0.0647 0.1381 0.0739 0.0057 0.7178
228 0.1196 0.3357 0.1648 0.0171 0.3628
229 0.1444 0.2871 0.2554 0.0215 0.2917
230 0.1865 0.1096 0.2957 0.0345 0.3738
231 0.2708 0.0928 0.2974 0.0643 0.2749
232 0.1975 0.0891 0.1885 0.4316 0.0933
