time exciting_prob fearful_prob tense_prob sad_prob relaxing_prob
0 0.1987 0.2847 0.2512 0.2323 0.0330
1 0.1093 0.1747 0.0695 0.0957 0.5508
2 0.4004 0.1643 0.0279 0.0192 0.3882
3 0.2942 0.0850 0.0158 0.0108 0.5942
4 0.5254 0.3213 0.0445 0.0294 0.0793
5 0.4639 0.2225 0.0851 0.0935 0.1350
6 0.1968 0.1271 0.3647 0.1968 0.1147
7 0.0091 0.0169 0.0529 0.2126 0.7085
8 0.0112 0.0415 0.0906 0.2175 0.6392
9 0.2234 0.0784 0.2673 0.3406 0.0903
10 0.0657 0.0536 0.5332 0.2991 0.0481
11 0.0362 0.0548 0.0682 0.1245 0.7163
12 0.0283 0.0914 0.0361 0.0550 0.7891
13 0.0404 0.0448 0.0523 0.0750 0.7876
14 0.0466 0.1227 0.1296 0.0580 0.6431
15 0.0574 0.0918 0.0523 0.0709 0.7275
16 0.0873 0.2732 0.1061 0.1138 0.4197
17 0.1373 0.2300 0.0538 0.0846 0.4944
18 0.0599 0.1732 0.0448 0.0421 0.6797
19 0.0698 0.0503 0.1433 0.0842 0.6523
20 0.0309 0.3530 0.3701 0.1567 0.0893
21 0.0197 0.3311 0.2275 0.1639 0.2578
22 0.0205 0.4214 0.4280 0.0804 0.0496
23 0.0192 0.2145 0.4006 0.3220 0.0436
24 0.0651 0.1316 0.6182 0.0811 0.1041
25 0.1063 0.2800 0.1986 0.0719 0.3430
26 0.1137 0.3044 0.1543 0.0399 0.3877
27 0.0698 0.1031 0.2201 0.0621 0.5449
28 0.0494 0.0881 0.2002 0.0359 0.6265
29 0.0555 0.1779 0.1038 0.0171 0.6455
30 0.1459 0.1815 0.2520 0.0706 0.3499
31 0.0847 0.0821 0.1851 0.0692 0.5791
32 0.0448 0.5371 0.3806 0.0173 0.0203
33 0.2512 0.0829 0.2761 0.1345 0.2554
34 0.0247 0.6626 0.0817 0.0303 0.2006
35 0.0948 0.0602 0.2383 0.1401 0.4666
36 0.1758 0.2639 0.4150 0.1066 0.0386
37 0.1221 0.5869 0.2012 0.0187 0.0712
38 0.2744 0.1978 0.5127 0.0058 0.0091
39 0.1855 0.6680 0.1400 0.0043 0.0021
40 0.1163 0.1339 0.3726 0.0244 0.3528
41 0.2147 0.2632 0.3770 0.0606 0.0848
42 0.2698 0.2761 0.3057 0.0540 0.0947
43 0.3188 0.3447 0.2369 0.0226 0.0769
44 0.2693 0.2759 0.3860 0.0423 0.0267
45 0.0494 0.4268 0.4836 0.0297 0.0103
46 0.0190 0.6440 0.2903 0.0375 0.0096
47 0.0356 0.3330 0.3127 0.2893 0.0293
48 0.1921 0.2585 0.3267 0.0609 0.1617
49 0.0980 0.5635 0.2664 0.0347 0.0375
50 0.0836 0.2634 0.5493 0.0836 0.0203
51 0.1388 0.3228 0.3081 0.2272 0.0032
52 0.1012 0.3672 0.3672 0.1580 0.0064
53 0.1898 0.4414 0.3330 0.0195 0.0162
54 0.1335 0.1367 0.6572 0.0630 0.0096
55 0.2852 0.1527 0.4453 0.1041 0.0127
56 0.2445 0.3477 0.2625 0.0369 0.1085
57 0.0335 0.4700 0.4773 0.0166 0.0025
58 0.1284 0.2939 0.4773 0.0715 0.0287
59 0.1086 0.0795 0.6650 0.1394 0.0074
60 0.2231 0.3484 0.4072 0.0112 0.0102
61 0.2258 0.4319 0.3064 0.0116 0.0242
62 0.3506 0.2566 0.3118 0.0323 0.0486
63 0.1481 0.2722 0.3416 0.2294 0.0087
64 0.3708 0.3887 0.1807 0.0423 0.0176
65 0.1472 0.4160 0.3240 0.1077 0.0049
66 0.2155 0.2137 0.5088 0.0336 0.0285
67 0.0312 0.3855 0.5610 0.0188 0.0036
68 0.0543 0.6821 0.2080 0.0342 0.0214
69 0.1205 0.3486 0.5073 0.0067 0.0166
70 0.1587 0.3013 0.4521 0.0804 0.0074
71 0.0842 0.1168 0.6367 0.1523 0.0101
72 0.0764 0.4258 0.4497 0.0323 0.0156
73 0.1713 0.4802 0.2737 0.0687 0.0062
74 0.1588 0.4419 0.3416 0.0508 0.0069
75 0.1208 0.4385 0.3579 0.0727 0.0101
76 0.1793 0.3123 0.3977 0.0990 0.0116
77 0.0278 0.7944 0.1639 0.0116 0.0021
78 0.2603 0.4126 0.2583 0.0301 0.0387
79 0.1893 0.3706 0.3220 0.0867 0.0312
80 0.1180 0.1058 0.5630 0.2072 0.0060
81 0.2018 0.3982 0.3125 0.0560 0.0317
82 0.1116 0.5713 0.2656 0.0282 0.0236
83 0.2416 0.1896 0.3433 0.0635 0.1621
84 0.2122 0.2277 0.4819 0.0524 0.0257
85 0.3540 0.1852 0.1355 0.1312 0.1940
86 0.3372 0.4363 0.1833 0.0154 0.0277
87 0.0302 0.2754 0.5225 0.1696 0.0025
88 0.1343 0.2469 0.5566 0.0518 0.0107
89 0.2209 0.4751 0.1904 0.0879 0.0256
90 0.0389 0.2556 0.6230 0.0804 0.0020
91 0.0876 0.1117 0.6948 0.0837 0.0220
92 0.0684 0.0850 0.8008 0.0164 0.0296
93 0.1288 0.4189 0.4321 0.0129 0.0072
94 0.0858 0.3018 0.5815 0.0122 0.0188
95 0.4976 0.3137 0.1566 0.0045 0.0276
96 0.1183 0.5181 0.2710 0.0814 0.0112
97 0.1453 0.2305 0.3379 0.1881 0.0983
98 0.0376 0.6870 0.2649 0.0090 0.0013
99 0.0447 0.4441 0.4802 0.0235 0.0075
100 0.1687 0.3860 0.2891 0.1023 0.0539
101 0.2402 0.2072 0.3750 0.1481 0.0296
102 0.0654 0.1407 0.2180 0.5479 0.0277
103 0.0884 0.2156 0.5859 0.0871 0.0231
104 0.5332 0.2703 0.1481 0.0320 0.0166
105 0.1830 0.2725 0.4600 0.0576 0.0268
106 0.0501 0.5513 0.3503 0.0390 0.0094
107 0.0495 0.4736 0.4663 0.0048 0.0056
108 0.1779 0.1632 0.6016 0.0498 0.0076
109 0.0932 0.2202 0.5620 0.0661 0.0583
110 0.0109 0.0674 0.9165 0.0050 0.0003
111 0.1578 0.1318 0.6909 0.0086 0.0106
112 0.0755 0.3574 0.5200 0.0225 0.0243
113 0.0965 0.6294 0.2426 0.0189 0.0129
114 0.1266 0.4314 0.3494 0.0580 0.0346
115 0.5146 0.2954 0.1332 0.0241 0.0329
116 0.7603 0.0311 0.0747 0.0937 0.0403
117 0.8384 0.0437 0.0602 0.0261 0.0317
118 0.3086 0.4185 0.2274 0.0170 0.0287
119 0.4526 0.1469 0.3311 0.0488 0.0207
120 0.3191 0.2446 0.1682 0.2125 0.0555
121 0.1495 0.0813 0.2466 0.4902 0.0323
122 0.5508 0.1578 0.1747 0.0775 0.0393
123 0.0516 0.1746 0.6904 0.0463 0.0372
124 0.1335 0.3357 0.5039 0.0191 0.0079
125 0.0475 0.1406 0.3323 0.4199 0.0596
126 0.0883 0.3127 0.4661 0.1048 0.0282
127 0.1086 0.2428 0.6201 0.0221 0.0065
128 0.0982 0.4795 0.3884 0.0256 0.0083
129 0.3157 0.2786 0.2764 0.1207 0.0089
130 0.0707 0.6548 0.1847 0.0866 0.0031
131 0.3943 0.2467 0.2318 0.1061 0.0211
132 0.2238 0.4148 0.2874 0.0626 0.0118
133 0.1110 0.1602 0.1843 0.5171 0.0274
134 0.2496 0.2345 0.2152 0.2273 0.0732
135 0.4360 0.2949 0.0160 0.1146 0.1383
136 0.4426 0.2407 0.1747 0.0806 0.0613
137 0.4121 0.1425 0.2240 0.1829 0.0386
138 0.4155 0.2947 0.2057 0.0466 0.0378
139 0.1836 0.5269 0.2375 0.0286 0.0232
140 0.7246 0.0758 0.1604 0.0334 0.0058
141 0.0855 0.4111 0.3862 0.0760 0.0414
142 0.4055 0.2422 0.3015 0.0313 0.0196
143 0.4485 0.2152 0.2808 0.0476 0.0079
144 0.3040 0.3997 0.2581 0.0358 0.0025
145 0.0914 0.2092 0.4829 0.2125 0.0039
146 0.1284 0.3745 0.3987 0.0300 0.0682
147 0.2277 0.5547 0.1692 0.0331 0.0153
148 0.2883 0.3618 0.2546 0.0517 0.0435
149 0.1522 0.2588 0.5146 0.0382 0.0359
150 0.0461 0.5845 0.3542 0.0125 0.0027
151 0.1282 0.4578 0.3796 0.0269 0.0076
152 0.1735 0.5869 0.1721 0.0460 0.0217
153 0.1694 0.6147 0.2059 0.0071 0.0027
154 0.3823 0.2015 0.1396 0.0620 0.2145
155 0.3074 0.2549 0.3826 0.0123 0.0429
156 0.1936 0.2507 0.5474 0.0063 0.0020
157 0.0386 0.3691 0.5630 0.0238 0.0057
158 0.0651 0.3491 0.5493 0.0225 0.0140
159 0.0877 0.5210 0.3311 0.0441 0.0161
160 0.0245 0.2147 0.7041 0.0539 0.0027
161 0.0801 0.3765 0.2712 0.1078 0.1644
162 0.1880 0.2322 0.2693 0.1088 0.2017
163 0.1244 0.3032 0.4143 0.1304 0.0278
164 0.0434 0.1886 0.7344 0.0301 0.0034
165 0.1576 0.2384 0.5630 0.0344 0.0064
166 0.2231 0.3027 0.3538 0.0645 0.0560
167 0.1465 0.3433 0.4839 0.0124 0.0139
168 0.1613 0.5454 0.2700 0.0103 0.0131
169 0.3938 0.1846 0.3699 0.0328 0.0189
170 0.3711 0.1522 0.2549 0.1851 0.0367
171 0.1729 0.1913 0.2438 0.2805 0.1116
172 0.1509 0.3647 0.2861 0.1406 0.0577
173 0.1530 0.2242 0.5864 0.0274 0.0091
174 0.1525 0.2654 0.3103 0.2554 0.0166
175 0.2423 0.1370 0.4219 0.1931 0.0056
176 0.1888 0.2174 0.3367 0.2424 0.0147
177 0.0274 0.1844 0.7764 0.0093 0.0023
178 0.3621 0.2957 0.3123 0.0216 0.0085
179 0.2438 0.1526 0.3894 0.2052 0.0089
180 0.1372 0.2061 0.4829 0.1655 0.0083
181 0.2280 0.3369 0.2544 0.1604 0.0204
182 0.2722 0.2439 0.1600 0.3083 0.0156
183 0.4675 0.3584 0.0781 0.0800 0.0160
184 0.0263 0.6035 0.3181 0.0430 0.0091
185 0.0449 0.1279 0.4536 0.3645 0.0088
186 0.4561 0.3962 0.0956 0.0438 0.0085
187 0.1221 0.1749 0.6201 0.0729 0.0097
188 0.1964 0.5015 0.1964 0.0965 0.0090
189 0.2427 0.4497 0.2059 0.0264 0.0752
190 0.1837 0.5073 0.2131 0.0356 0.0601
191 0.3560 0.5688 0.0585 0.0089 0.0080
192 0.2426 0.5728 0.1146 0.0609 0.0093
193 0.4221 0.5171 0.0445 0.0079 0.0086
194 0.1120 0.1449 0.6860 0.0533 0.0037
195 0.2474 0.5664 0.1273 0.0142 0.0447
196 0.1736 0.6011 0.1792 0.0258 0.0201
197 0.1526 0.3958 0.4280 0.0139 0.0098
198 0.2952 0.3293 0.2281 0.1310 0.0164
199 0.5918 0.1555 0.1630 0.0770 0.0128
200 0.3059 0.1945 0.4451 0.0404 0.0143
201 0.3066 0.5771 0.0628 0.0463 0.0069
202 0.2039 0.6084 0.1638 0.0166 0.0071
203 0.3132 0.3037 0.3181 0.0511 0.0139
204 0.1748 0.4360 0.2666 0.0525 0.0701
205 0.1754 0.6724 0.0946 0.0289 0.0289
206 0.4458 0.3696 0.0987 0.0244 0.0613
207 0.3948 0.4653 0.0620 0.0197 0.0582
208 0.3665 0.2294 0.2275 0.1588 0.0178
209 0.1263 0.2825 0.2133 0.3572 0.0210
210 0.1917 0.2661 0.4387 0.0818 0.0217
211 0.2253 0.2494 0.4551 0.0444 0.0257
212 0.3733 0.0367 0.1606 0.3733 0.0559
213 0.1686 0.1511 0.4141 0.2493 0.0168
214 0.2896 0.1870 0.4558 0.0451 0.0225
215 0.1625 0.1638 0.5542 0.1025 0.0170
216 0.4438 0.1262 0.2800 0.1195 0.0304
217 0.0567 0.3967 0.1654 0.0524 0.3289
218 0.0468 0.0317 0.0064 0.0029 0.9121
219 0.0534 0.0334 0.0063 0.0033 0.9033
220 0.0642 0.0837 0.0101 0.0028 0.8394
221 0.0921 0.0563 0.0387 0.0110 0.8018
222 0.2306 0.1973 0.0483 0.0200 0.5039
223 0.1484 0.2335 0.0449 0.0344 0.5386
224 0.0748 0.1140 0.0327 0.0233 0.7554
