time exciting_prob fearful_prob tense_prob sad_prob relaxing_prob
0 0.2037 0.2830 0.2496 0.2310 0.0327
1 0.2037 0.2830 0.2496 0.2310 0.0327
2 0.1385 0.2321 0.2671 0.3594 0.0028
3 0.1290 0.1332 0.3677 0.3621 0.0081
4 0.0812 0.4822 0.2971 0.1318 0.0077
5 0.0836 0.4114 0.2874 0.2102 0.0075
6 0.1119 0.2683 0.4092 0.1903 0.0202
7 0.2517 0.2991 0.3284 0.0978 0.0231
8 0.1571 0.3767 0.3123 0.1302 0.0237
9 0.0905 0.5166 0.2944 0.0710 0.0274
10 0.0923 0.6206 0.1724 0.1062 0.0084
11 0.0891 0.3992 0.1827 0.3208 0.0082
12 0.1637 0.2380 0.3687 0.2134 0.0161
13 0.1050 0.3582 0.3472 0.1719 0.0180
14 0.1157 0.2448 0.2605 0.3733 0.0057
15 0.2610 0.2377 0.4441 0.0472 0.0101
16 0.1561 0.1913 0.2915 0.3081 0.0531
17 0.0596 0.5352 0.3296 0.0718 0.0038
18 0.0660 0.4446 0.3572 0.1263 0.0059
19 0.0907 0.3477 0.2793 0.2749 0.0075
20 0.0753 0.1095 0.4756 0.3320 0.0075
21 0.0730 0.1671 0.6021 0.1545 0.0034
22 0.1718 0.0905 0.3994 0.3259 0.0123
23 0.1030 0.1753 0.3950 0.3174 0.0095
24 0.1044 0.2013 0.2245 0.4607 0.0092
25 0.1201 0.0717 0.3115 0.4900 0.0066
26 0.1774 0.1494 0.3213 0.3474 0.0045
27 0.0275 0.3760 0.4395 0.1567 0.0005
28 0.1671 0.3049 0.3074 0.2179 0.0027
29 0.1199 0.0166 0.2277 0.6187 0.0170
30 0.1227 0.0188 0.2898 0.5498 0.0188
31 0.3215 0.2280 0.2644 0.1803 0.0057
32 0.2812 0.1505 0.4187 0.1414 0.0082
33 0.2196 0.3650 0.3074 0.1054 0.0027
34 0.2939 0.2849 0.2476 0.1675 0.0058
35 0.1620 0.3594 0.2250 0.2285 0.0250
36 0.0803 0.2849 0.2437 0.3657 0.0255
37 0.1227 0.2257 0.3157 0.3311 0.0049
38 0.0764 0.2971 0.3394 0.2859 0.0013
39 0.0517 0.4680 0.3167 0.1631 0.0005
40 0.2664 0.3066 0.2771 0.1426 0.0072
41 0.1375 0.2649 0.3455 0.2449 0.0075
42 0.1997 0.1617 0.5259 0.1094 0.0031
43 0.1179 0.2418 0.4885 0.1489 0.0029
44 0.0763 0.1815 0.3499 0.3904 0.0019
45 0.0524 0.3137 0.3040 0.3186 0.0112
46 0.0616 0.0247 0.0854 0.7861 0.0423
47 0.1543 0.0820 0.2428 0.4905 0.0304
48 0.0928 0.2927 0.4641 0.1472 0.0031
49 0.1187 0.2035 0.3743 0.2959 0.0077
50 0.1262 0.6021 0.1252 0.1407 0.0058
51 0.0645 0.5483 0.2935 0.0931 0.0007
52 0.0463 0.0347 0.0529 0.8594 0.0067
53 0.0759 0.1985 0.5068 0.2163 0.0024
54 0.0906 0.2969 0.5635 0.0485 0.0006
55 0.1835 0.4648 0.2283 0.1203 0.0032
56 0.0898 0.1152 0.5674 0.2188 0.0090
57 0.1331 0.1121 0.4717 0.2605 0.0228
58 0.0868 0.0309 0.1454 0.7266 0.0103
59 0.0199 0.2559 0.5947 0.1287 0.0010
60 0.2479 0.2366 0.3442 0.1691 0.0023
61 0.0934 0.1588 0.2898 0.4490 0.0090
62 0.2325 0.2438 0.3518 0.1611 0.0108
63 0.1611 0.0354 0.4736 0.3157 0.0141
64 0.0644 0.1332 0.4578 0.3350 0.0097
65 0.0814 0.0614 0.1643 0.6812 0.0119
66 0.1023 0.2869 0.2019 0.4048 0.0042
67 0.2333 0.1530 0.2314 0.3787 0.0037
68 0.0889 0.1636 0.2201 0.5117 0.0158
69 0.0510 0.1865 0.5229 0.2357 0.0038
70 0.1318 0.3499 0.3726 0.1425 0.0033
71 0.1818 0.1449 0.5342 0.1372 0.0021
72 0.3755 0.3696 0.2009 0.0496 0.0044
73 0.1241 0.4946 0.2488 0.1290 0.0033
74 0.1700 0.1957 0.4880 0.1015 0.0447
75 0.2156 0.2664 0.3137 0.1844 0.0199
76 0.1893 0.4038 0.2196 0.1671 0.0201
77 0.0897 0.1610 0.2494 0.4883 0.0116
78 0.0803 0.2759 0.5400 0.0999 0.0041
79 0.0878 0.2441 0.4780 0.1873 0.0027
80 0.1766 0.4106 0.2198 0.1837 0.0092
81 0.2100 0.3713 0.1687 0.2360 0.0141
82 0.1392 0.4421 0.1425 0.2600 0.0162
83 0.1018 0.4670 0.2461 0.1801 0.0050
84 0.0864 0.1027 0.6904 0.1163 0.0039
85 0.1062 0.0490 0.6206 0.2179 0.0060
86 0.0361 0.1659 0.4507 0.3403 0.0070
87 0.0604 0.3315 0.4749 0.1299 0.0034
88 0.0274 0.3638 0.1296 0.4744 0.0048
89 0.0192 0.3035 0.0897 0.5850 0.0028
90 0.1241 0.0559 0.3374 0.4470 0.0356
91 0.1523 0.0992 0.6216 0.1080 0.0186
92 0.2700 0.2006 0.3413 0.1798 0.0085
93 0.0824 0.0824 0.4524 0.3752 0.0075
94 0.1371 0.1844 0.2947 0.3784 0.0053
95 0.0802 0.3540 0.2981 0.2629 0.0049
96 0.0393 0.2505 0.1112 0.5918 0.0070
97 0.0486 0.3245 0.1005 0.5186 0.0078
98 0.0428 0.3606 0.0927 0.4929 0.0109
99 0.0604 0.0775 0.3938 0.4602 0.0081
100 0.0848 0.2615 0.0561 0.5532 0.0444
101 0.2554 0.1115 0.0661 0.5488 0.0182
102 0.0269 0.5107 0.3298 0.1223 0.0104
103 0.0580 0.2659 0.3059 0.3467 0.0236
104 0.0935 0.3164 0.2603 0.2542 0.0757
105 0.2266 0.3000 0.1683 0.2607 0.0443
106 0.1198 0.2168 0.0977 0.5039 0.0616
107 0.2484 0.3091 0.1239 0.2622 0.0563
108 0.0244 0.6016 0.2979 0.0747 0.0016
109 0.3252 0.4377 0.2068 0.0255 0.0049
110 0.0383 0.4561 0.4561 0.0459 0.0038
111 0.3489 0.1315 0.1081 0.3657 0.0458
112 0.1215 0.1713 0.5444 0.1431 0.0200
113 0.0807 0.2078 0.5825 0.1193 0.0096
114 0.1592 0.2927 0.2998 0.2352 0.0130
115 0.3054 0.3279 0.1064 0.1754 0.0848
116 0.1528 0.4600 0.3088 0.0652 0.0133
117 0.1416 0.4983 0.2335 0.1156 0.0110
118 0.0300 0.2957 0.1464 0.5190 0.0089
119 0.1890 0.1543 0.0928 0.5425 0.0212
120 0.1100 0.1564 0.1857 0.5210 0.0270
121 0.1821 0.4236 0.2568 0.1262 0.0114
122 0.2820 0.1792 0.2145 0.2954 0.0288
123 0.1359 0.4492 0.2294 0.1653 0.0204
124 0.0777 0.2546 0.1241 0.5225 0.0208
125 0.1334 0.1957 0.1377 0.5156 0.0175
126 0.1219 0.5337 0.1026 0.2330 0.0089
127 0.2290 0.2678 0.0962 0.3716 0.0354
128 0.1687 0.4343 0.0875 0.2654 0.0440
129 0.2886 0.0453 0.0814 0.5562 0.0286
130 0.1847 0.2905 0.2408 0.2773 0.0065
131 0.1310 0.3020 0.1630 0.4001 0.0038
132 0.0812 0.2878 0.0585 0.5381 0.0344
133 0.1443 0.1781 0.3201 0.3459 0.0115
134 0.3015 0.3262 0.0657 0.3015 0.0050
135 0.3613 0.3137 0.0623 0.2581 0.0045
136 0.0284 0.3625 0.1808 0.4238 0.0046
137 0.0440 0.5977 0.0888 0.2632 0.0065
138 0.0594 0.1903 0.1482 0.5864 0.0159
139 0.0401 0.3254 0.0792 0.5200 0.0351
140 0.3335 0.3838 0.0417 0.2365 0.0045
141 0.2350 0.3418 0.0558 0.3640 0.0035
142 0.1987 0.3799 0.1477 0.2396 0.0340
143 0.0147 0.0531 0.0447 0.8838 0.0039
144 0.0512 0.0995 0.0806 0.7646 0.0038
145 0.1119 0.1517 0.0980 0.6289 0.0093
146 0.2266 0.3196 0.0329 0.4038 0.0172
147 0.1174 0.2209 0.4260 0.1875 0.0482
148 0.0400 0.1055 0.3799 0.4653 0.0094
149 0.2408 0.2952 0.2524 0.1981 0.0137
150 0.0944 0.3025 0.0894 0.4910 0.0226
151 0.0920 0.2313 0.1470 0.4973 0.0323
152 0.1340 0.4033 0.1220 0.2729 0.0679
153 0.1138 0.5386 0.1520 0.1862 0.0092
154 0.2325 0.4277 0.1032 0.2290 0.0075
155 0.0682 0.3987 0.0876 0.4448 0.0007
156 0.0752 0.1748 0.0326 0.7134 0.0043
157 0.2559 0.0941 0.0251 0.6187 0.0062
158 0.1198 0.2722 0.0817 0.4927 0.0335
159 0.0880 0.2773 0.1416 0.4573 0.0358
160 0.2598 0.4023 0.1066 0.2136 0.0178
161 0.1492 0.5205 0.0496 0.2700 0.0106
162 0.0626 0.3601 0.0829 0.4695 0.0249
163 0.0416 0.6709 0.1343 0.1451 0.0080
164 0.0775 0.6963 0.1393 0.0775 0.0096
165 0.3533 0.2839 0.2263 0.1112 0.0252
166 0.1742 0.2761 0.4080 0.1315 0.0102
167 0.2876 0.2008 0.3525 0.1447 0.0143
168 0.1188 0.2308 0.4626 0.1742 0.0134
169 0.2228 0.4128 0.1920 0.1617 0.0106
170 0.1287 0.1392 0.4526 0.2703 0.0093
171 0.1288 0.2522 0.5381 0.0751 0.0057
172 0.1351 0.2299 0.5430 0.0893 0.0030
173 0.1023 0.2676 0.5576 0.0676 0.0052
174 0.0657 0.0617 0.0627 0.7881 0.0220
175 0.0329 0.5391 0.1750 0.2468 0.0060
176 0.0396 0.5376 0.1470 0.2661 0.0101
177 0.1031 0.2434 0.2803 0.3542 0.0192
178 0.2661 0.1058 0.2578 0.3579 0.0124
179 0.1985 0.2935 0.3948 0.1063 0.0072
180 0.3088 0.2642 0.3088 0.1101 0.0079
181 0.1571 0.2847 0.3569 0.1635 0.0379
182 0.3799 0.4238 0.1262 0.0671 0.0031
183 0.0949 0.2312 0.3694 0.2922 0.0121
184 0.1071 0.2690 0.4722 0.1464 0.0053
185 0.1853 0.0889 0.2455 0.4731 0.0074
186 0.2240 0.2499 0.2104 0.3110 0.0045
187 0.5469 0.2407 0.1495 0.0508 0.0122
188 0.0926 0.3232 0.3960 0.1368 0.0511
189 0.0428 0.5732 0.1617 0.2177 0.0044
190 0.0549 0.2073 0.2041 0.5293 0.0044
191 0.0893 0.2228 0.1320 0.5342 0.0217
192 0.0920 0.2727 0.1404 0.4824 0.0125
193 0.0309 0.1808 0.1837 0.6025 0.0022
194 0.0815 0.4045 0.2131 0.2915 0.0093
195 0.0668 0.5464 0.1182 0.2661 0.0026
196 0.0489 0.3586 0.4827 0.1094 0.0005
197 0.1743 0.1456 0.3013 0.3748 0.0039
198 0.0686 0.1261 0.1385 0.6309 0.0361
199 0.3098 0.2910 0.2412 0.1418 0.0163
200 0.2390 0.3020 0.3396 0.1120 0.0073
201 0.0692 0.0961 0.1560 0.6670 0.0115
202 0.0591 0.1231 0.2998 0.5103 0.0077
203 0.6733 0.0817 0.1235 0.1057 0.0160
204 0.2173 0.5215 0.1426 0.1076 0.0113
205 0.1992 0.3870 0.1718 0.2385 0.0035
206 0.2300 0.4297 0.1121 0.2177 0.0107
207 0.5283 0.1884 0.0465 0.1125 0.1245
208 0.4341 0.3054 0.0778 0.1726 0.0103
209 0.3977 0.2015 0.0834 0.3074 0.0100
210 0.3428 0.1737 0.1710 0.3000 0.0124
211 0.1442 0.2913 0.3623 0.1985 0.0039
212 0.1037 0.2839 0.3762 0.2318 0.0041
213 0.1608 0.4653 0.2913 0.0736 0.0090
214 0.1948 0.4028 0.3237 0.0734 0.0054
215 0.1591 0.2837 0.3066 0.1542 0.0965
216 0.2278 0.0920 0.1615 0.4460 0.0728
217 0.2278 0.0920 0.1615 0.4460 0.0728
