time exciting_prob fearful_prob tense_prob sad_prob relaxing_prob
0 0.2037 0.2830 0.2496 0.2310 0.0327
1 0.1469 0.0704 0.3467 0.3181 0.1180
2 0.1329 0.1437 0.3787 0.2603 0.0845
3 0.2798 0.1385 0.1364 0.4136 0.0316
4 0.0812 0.1980 0.4978 0.2108 0.0123
5 0.0692 0.2491 0.3684 0.2913 0.0219
6 0.0619 0.1301 0.0605 0.1644 0.5830
7 0.1542 0.5640 0.1404 0.0679 0.0740
8 0.1187 0.3516 0.1224 0.0391 0.3684
9 0.0708 0.2396 0.2551 0.3889 0.0457
10 0.1339 0.0599 0.6494 0.1361 0.0209
11 0.2069 0.2849 0.4211 0.0661 0.0208
12 0.2189 0.2241 0.4421 0.0927 0.0220
13 0.0065 0.2434 0.0186 0.6934 0.0379
14 0.0886 0.1818 0.6646 0.0372 0.0279
15 0.2837 0.0872 0.3423 0.0590 0.2279
16 0.1687 0.5488 0.0903 0.1324 0.0597
17 0.1077 0.3450 0.3789 0.1230 0.0453
18 0.0909 0.3486 0.4141 0.0382 0.1080
19 0.0638 0.2279 0.3701 0.0717 0.2666
20 0.1312 0.0815 0.0464 0.0201 0.7207
21 0.0327 0.2346 0.0884 0.0544 0.5898
22 0.1904 0.3503 0.2502 0.0706 0.1383
23 0.0735 0.2820 0.1396 0.3049 0.2000
24 0.1460 0.1591 0.6099 0.0663 0.0188
25 0.2490 0.3223 0.2214 0.0362 0.1711
26 0.1366 0.2759 0.3801 0.0875 0.1196
27 0.0413 0.2510 0.2322 0.2396 0.2358
28 0.0433 0.3799 0.2822 0.1006 0.1940
29 0.0645 0.1213 0.3350 0.0938 0.3855
30 0.0896 0.2167 0.1196 0.2915 0.2825
31 0.1752 0.4954 0.2471 0.0457 0.0367
32 0.2761 0.4810 0.1294 0.0836 0.0300
33 0.0220 0.0766 0.0597 0.0115 0.8301
34 0.1245 0.1016 0.0557 0.0074 0.7109
35 0.0212 0.0435 0.0258 0.0412 0.8682
36 0.0847 0.5107 0.1820 0.0873 0.1353
37 0.0923 0.2668 0.3706 0.1835 0.0867
38 0.1678 0.1505 0.1459 0.2173 0.3186
39 0.0868 0.3076 0.2512 0.2869 0.0676
40 0.0463 0.4785 0.1816 0.0333 0.2603
41 0.2128 0.2798 0.1937 0.2798 0.0339
42 0.0311 0.5776 0.1531 0.0048 0.2334
43 0.0656 0.5161 0.3547 0.0325 0.0310
44 0.0605 0.5068 0.2112 0.0777 0.1440
45 0.3474 0.0474 0.3584 0.1888 0.0580
46 0.1114 0.0847 0.1571 0.5356 0.1114
47 0.2223 0.4524 0.2257 0.0257 0.0739
48 0.1170 0.3413 0.4116 0.0662 0.0641
49 0.1082 0.0919 0.0346 0.0371 0.7280
50 0.2766 0.5767 0.1092 0.0278 0.0095
51 0.0167 0.0601 0.0861 0.0201 0.8169
52 0.0983 0.5742 0.0916 0.1985 0.0373
53 0.0607 0.7686 0.0672 0.0651 0.0383
54 0.3110 0.2722 0.2007 0.1915 0.0246
55 0.1604 0.3938 0.2075 0.2209 0.0174
56 0.0442 0.2751 0.2927 0.3760 0.0120
57 0.0997 0.0387 0.1520 0.6919 0.0175
58 0.0348 0.3003 0.1547 0.0450 0.4653
59 0.0982 0.3621 0.3677 0.1619 0.0103
60 0.2256 0.1246 0.3960 0.2291 0.0247
61 0.3220 0.1923 0.2668 0.1683 0.0505
62 0.3159 0.1577 0.1653 0.2922 0.0688
63 0.0579 0.3179 0.4624 0.1525 0.0095
64 0.2827 0.1884 0.3105 0.1783 0.0398
65 0.2089 0.1858 0.2480 0.0438 0.3135
66 0.2114 0.1420 0.2322 0.1766 0.2377
67 0.0629 0.5967 0.1710 0.1281 0.0413
68 0.1594 0.4648 0.1923 0.0149 0.1683
69 0.1227 0.4929 0.1915 0.0227 0.1703
70 0.2678 0.3896 0.1676 0.0315 0.1433
71 0.3955 0.2476 0.2289 0.0992 0.0289
72 0.1781 0.4956 0.2593 0.0370 0.0300
73 0.1826 0.3718 0.1217 0.1368 0.1870
74 0.2646 0.3093 0.2429 0.0674 0.1156
75 0.1765 0.5923 0.1385 0.0423 0.0502
76 0.0773 0.6367 0.1622 0.0816 0.0420
77 0.2561 0.4255 0.1404 0.0418 0.1360
78 0.2314 0.5425 0.1494 0.0358 0.0412
79 0.2156 0.0278 0.3611 0.2856 0.1101
80 0.2075 0.2484 0.2666 0.2544 0.0231
81 0.0955 0.5806 0.1743 0.1378 0.0119
82 0.0122 0.8276 0.1508 0.0038 0.0055
83 0.0439 0.7671 0.1418 0.0213 0.0260
84 0.0937 0.6450 0.2030 0.0364 0.0217
85 0.0858 0.7017 0.1859 0.0110 0.0159
86 0.1880 0.5234 0.2340 0.0097 0.0450
87 0.0463 0.1904 0.0432 0.2705 0.4497
88 0.1383 0.2505 0.1819 0.0352 0.3940
89 0.1825 0.4810 0.1884 0.0755 0.0726
90 0.2111 0.1722 0.4263 0.1462 0.0443
91 0.1138 0.4792 0.1532 0.0091 0.2448
92 0.2167 0.2827 0.2676 0.1700 0.0630
93 0.2123 0.1627 0.2725 0.2424 0.1101
94 0.1163 0.1874 0.0751 0.0209 0.6001
95 0.5059 0.0460 0.1920 0.1920 0.0638
96 0.0673 0.1110 0.0831 0.0095 0.7290
97 0.2144 0.5264 0.1509 0.0582 0.0501
98 0.2184 0.4275 0.2825 0.0289 0.0427
99 0.1799 0.1379 0.1552 0.0919 0.4351
100 0.0837 0.1744 0.1564 0.2744 0.3110
101 0.0226 0.5396 0.1521 0.2507 0.0350
102 0.0382 0.0983 0.0692 0.0569 0.7373
103 0.1757 0.3335 0.2440 0.1677 0.0792
104 0.2047 0.5830 0.1498 0.0329 0.0297
105 0.1792 0.0959 0.0486 0.0702 0.6060
106 0.0894 0.7080 0.1669 0.0294 0.0062
107 0.1046 0.1487 0.1737 0.1594 0.4136
108 0.0433 0.3569 0.2065 0.0072 0.3860
109 0.2344 0.2783 0.1032 0.2871 0.0969
110 0.2148 0.1635 0.4141 0.1547 0.0530
111 0.1296 0.2537 0.1901 0.0181 0.4087
112 0.2646 0.2773 0.1544 0.1764 0.1271
113 0.2281 0.0997 0.1061 0.5303 0.0356
114 0.2352 0.4395 0.2012 0.0653 0.0590
115 0.1538 0.3035 0.2988 0.1676 0.0762
116 0.1382 0.4124 0.2368 0.0818 0.1307
117 0.1576 0.3469 0.2404 0.0589 0.1962
118 0.1042 0.1918 0.4746 0.1425 0.0871
119 0.2408 0.3291 0.0679 0.2159 0.1461
120 0.1088 0.1836 0.2866 0.2800 0.1409
121 0.0875 0.0969 0.3831 0.2983 0.1344
122 0.2341 0.2612 0.3250 0.1660 0.0136
123 0.2773 0.1669 0.5181 0.0299 0.0076
124 0.1232 0.1062 0.1864 0.3765 0.2079
125 0.0471 0.1292 0.4436 0.3196 0.0605
126 0.1371 0.4355 0.1210 0.2157 0.0906
127 0.2666 0.3047 0.3479 0.0406 0.0403
128 0.1016 0.1216 0.2678 0.4626 0.0462
129 0.1259 0.4531 0.2622 0.1318 0.0268
130 0.0511 0.5332 0.3899 0.0222 0.0038
131 0.0857 0.3159 0.2788 0.2137 0.1058
132 0.0638 0.4751 0.0995 0.1667 0.1949
133 0.1082 0.3181 0.1550 0.2053 0.2135
134 0.0875 0.4045 0.0809 0.0889 0.3381
135 0.2336 0.0758 0.4646 0.1763 0.0497
136 0.0630 0.0749 0.1142 0.1399 0.6079
137 0.1641 0.1018 0.1505 0.5464 0.0375
138 0.1422 0.0351 0.3689 0.4314 0.0222
139 0.1024 0.1197 0.6079 0.1586 0.0113
140 0.0449 0.2668 0.1593 0.1643 0.3647
141 0.0756 0.2363 0.4888 0.1503 0.0492
142 0.0633 0.1249 0.0886 0.4788 0.2445
143 0.0649 0.2029 0.0262 0.3118 0.3943
144 0.1803 0.1667 0.3477 0.2445 0.0609
145 0.0729 0.4751 0.2583 0.1531 0.0406
146 0.0069 0.0089 0.0100 0.0050 0.9692
147 0.0117 0.0068 0.0061 0.0008 0.9746
148 0.3926 0.2438 0.2102 0.0469 0.1065
149 0.0779 0.3718 0.0726 0.3035 0.1742
150 0.0831 0.3286 0.2368 0.3040 0.0474
151 0.0699 0.3552 0.0716 0.4421 0.0612
152 0.0690 0.0486 0.0350 0.0136 0.8340
153 0.0988 0.2225 0.1238 0.3394 0.2157
154 0.0757 0.4028 0.1747 0.2332 0.1136
155 0.1011 0.2544 0.0618 0.3877 0.1949
156 0.1025 0.4668 0.1871 0.2222 0.0213
157 0.0875 0.2473 0.1477 0.4880 0.0295
158 0.0656 0.4514 0.2737 0.1837 0.0257
159 0.3511 0.2712 0.0713 0.2197 0.0867
160 0.0841 0.0720 0.1476 0.5317 0.1647
161 0.0439 0.2408 0.2952 0.4097 0.0106
162 0.1467 0.0465 0.0786 0.5537 0.1743
163 0.0789 0.3074 0.4268 0.1343 0.0526
164 0.1620 0.0279 0.0814 0.5396 0.1893
165 0.1255 0.1335 0.0970 0.0312 0.6128
166 0.1444 0.4846 0.1549 0.1388 0.0773
167 0.3718 0.3108 0.1236 0.1152 0.0786
168 0.1930 0.2070 0.1689 0.3748 0.0562
169 0.2063 0.2231 0.2394 0.1232 0.2080
170 0.2218 0.0682 0.1187 0.5752 0.0161
171 0.0797 0.0391 0.0394 0.1956 0.6465
172 0.1555 0.3879 0.2227 0.0435 0.1904
173 0.1194 0.4170 0.1633 0.1292 0.1711
174 0.1202 0.0880 0.3269 0.4004 0.0644
175 0.0812 0.2175 0.4258 0.1890 0.0865
176 0.1168 0.6167 0.1243 0.1233 0.0192
177 0.0851 0.3213 0.2465 0.0281 0.3188
178 0.0749 0.1305 0.1255 0.0271 0.6421
179 0.0938 0.1865 0.1465 0.2632 0.3101
180 0.0887 0.4507 0.0975 0.0808 0.2822
181 0.0852 0.3701 0.3318 0.1405 0.0723
182 0.0653 0.1320 0.7134 0.0764 0.0130
183 0.1924 0.1365 0.1985 0.3887 0.0840
184 0.1954 0.2231 0.1954 0.1038 0.2822
185 0.0346 0.2537 0.0750 0.1326 0.5044
186 0.2389 0.0886 0.5557 0.0988 0.0181
187 0.0533 0.1077 0.2092 0.0701 0.5596
188 0.0522 0.6367 0.2341 0.0368 0.0404
189 0.0611 0.1334 0.5278 0.2695 0.0080
190 0.1022 0.4268 0.2267 0.1453 0.0991
191 0.1114 0.3198 0.3149 0.2114 0.0426
192 0.0529 0.0272 0.0212 0.0577 0.8408
193 0.0227 0.7705 0.1471 0.0209 0.0390
194 0.0511 0.8120 0.0726 0.0177 0.0465
195 0.1512 0.5796 0.1366 0.0748 0.0578
196 0.0708 0.1398 0.1595 0.1344 0.4954
197 0.1787 0.0589 0.0858 0.3040 0.3726
198 0.0300 0.5312 0.3323 0.0654 0.0413
199 0.1674 0.1072 0.1740 0.3831 0.1686
200 0.0927 0.1842 0.0612 0.0190 0.6431
201 0.0527 0.7871 0.1170 0.0142 0.0287
202 0.1242 0.1938 0.3564 0.3003 0.0252
203 0.2629 0.1282 0.0854 0.3484 0.1752
204 0.0726 0.3303 0.1927 0.0385 0.3657
205 0.0748 0.1957 0.1648 0.0803 0.4844
206 0.2847 0.1699 0.1304 0.2148 0.2003
207 0.1976 0.2498 0.2188 0.1915 0.1423
208 0.0504 0.6235 0.2810 0.0251 0.0199
209 0.0317 0.4312 0.4312 0.0897 0.0161
210 0.0886 0.2076 0.2280 0.0628 0.4128
211 0.0758 0.4756 0.0260 0.0128 0.4099
212 0.0129 0.0465 0.0263 0.0095 0.9048
213 0.0605 0.1130 0.3171 0.4761 0.0334
214 0.0538 0.0326 0.1462 0.1222 0.6450
215 0.0701 0.1462 0.1722 0.0509 0.5605
216 0.0771 0.0815 0.4302 0.0490 0.3623
217 0.0669 0.1847 0.0629 0.1427 0.5430
218 0.1097 0.5664 0.0999 0.0158 0.2083
219 0.0836 0.3494 0.0636 0.3386 0.1650
220 0.0465 0.6724 0.2183 0.0079 0.0552
221 0.0742 0.1780 0.1698 0.1895 0.3887
222 0.1315 0.0687 0.3057 0.4807 0.0135
223 0.2766 0.2312 0.3235 0.1392 0.0296
224 0.1915 0.1976 0.3413 0.1227 0.1469
225 0.0211 0.3633 0.1179 0.0458 0.4519
226 0.1006 0.4336 0.2798 0.0176 0.1685
227 0.3992 0.1479 0.1479 0.2498 0.0553
228 0.0764 0.0839 0.2318 0.4983 0.1095
229 0.2937 0.3103 0.2269 0.1409 0.0282
230 0.2769 0.1917 0.3040 0.1719 0.0558
231 0.2069 0.1663 0.0693 0.1091 0.4485
232 0.0806 0.1210 0.0818 0.0151 0.7017
233 0.0826 0.6646 0.0900 0.0550 0.1077
234 0.2708 0.4360 0.1776 0.0375 0.0782
235 0.3386 0.4280 0.1663 0.0312 0.0359
236 0.3264 0.1472 0.4714 0.0517 0.0032
237 0.0623 0.1318 0.1505 0.1298 0.5254
238 0.0732 0.1649 0.2554 0.4553 0.0511
239 0.1111 0.1891 0.0820 0.4827 0.1351
240 0.0738 0.0761 0.2637 0.5161 0.0704
241 0.0310 0.0933 0.1827 0.6182 0.0750
242 0.0331 0.1147 0.0378 0.0060 0.8086
243 0.0698 0.5625 0.3333 0.0175 0.0172
244 0.1190 0.2441 0.1992 0.2223 0.2155
245 0.0981 0.6055 0.1270 0.1192 0.0505
246 0.2681 0.0805 0.1412 0.4216 0.0884
