time exciting_prob fearful_prob tense_prob sad_prob relaxing_prob
0 0.0439 0.0736 0.1418 0.0945 0.6460
1 0.0360 0.0926 0.1368 0.0607 0.6738
2 0.0287 0.0717 0.0812 0.0358 0.7827
3 0.0411 0.0657 0.5767 0.3040 0.0124
4 0.0732 0.0985 0.6323 0.1702 0.0259
5 0.2112 0.0807 0.4832 0.1923 0.0326
6 0.3943 0.0814 0.4399 0.0529 0.0314
7 0.2046 0.2144 0.3589 0.2195 0.0026
8 0.2095 0.2355 0.3347 0.2178 0.0027
9 0.1372 0.2815 0.3616 0.1310 0.0886
10 0.1240 0.5181 0.2263 0.0900 0.0415
11 0.1786 0.2517 0.2854 0.2517 0.0325
12 0.0865 0.5430 0.2372 0.1020 0.0313
13 0.0439 0.5693 0.1998 0.1736 0.0135
14 0.0258 0.2092 0.0418 0.7188 0.0043
15 0.0341 0.2367 0.0608 0.6636 0.0047
16 0.0364 0.4041 0.3350 0.2196 0.0051
17 0.0186 0.4109 0.1687 0.3982 0.0035
18 0.0313 0.7417 0.1790 0.0425 0.0056
19 0.0167 0.7788 0.1658 0.0364 0.0023
20 0.3750 0.1118 0.3469 0.0571 0.1091
21 0.2908 0.1166 0.4099 0.0680 0.1147
22 0.1509 0.2430 0.2430 0.3535 0.0094
23 0.0432 0.0859 0.6548 0.2029 0.0131
24 0.1691 0.1171 0.6377 0.0683 0.0077
25 0.6313 0.1740 0.1196 0.0547 0.0204
26 0.4382 0.1379 0.3230 0.0557 0.0451
27 0.0392 0.1917 0.6582 0.1092 0.0016
28 0.0710 0.2744 0.5454 0.1025 0.0067
29 0.1581 0.1984 0.5308 0.1045 0.0083
30 0.0222 0.0988 0.0384 0.0133 0.8271
31 0.0491 0.3105 0.4380 0.1742 0.0282
32 0.0307 0.4949 0.2301 0.1440 0.1005
33 0.0332 0.4175 0.2166 0.2781 0.0547
34 0.0558 0.3264 0.2925 0.2834 0.0418
35 0.0723 0.3345 0.2485 0.3093 0.0355
36 0.0451 0.1663 0.4380 0.3154 0.0351
37 0.0112 0.1075 0.1200 0.7583 0.0028
38 0.0154 0.1392 0.0637 0.7759 0.0060
39 0.1335 0.3894 0.2476 0.1501 0.0792
40 0.0836 0.4050 0.1826 0.2917 0.0371
41 0.1050 0.2007 0.0138 0.6792 0.0015
42 0.0814 0.4009 0.3706 0.1301 0.0171
43 0.0522 0.4011 0.4075 0.1344 0.0048
44 0.0524 0.4453 0.2744 0.2239 0.0040
45 0.0223 0.3740 0.1511 0.4512 0.0012
46 0.0288 0.3196 0.1849 0.4648 0.0020
47 0.0599 0.1210 0.1578 0.6543 0.0073
48 0.2620 0.0285 0.3933 0.3110 0.0053
49 0.0246 0.1578 0.0466 0.7471 0.0240
50 0.1646 0.0881 0.4915 0.2322 0.0237
51 0.1445 0.0170 0.1827 0.4453 0.2103
52 0.7080 0.0155 0.0782 0.1655 0.0326
53 0.6709 0.0082 0.0595 0.2546 0.0066
54 0.0473 0.0805 0.1902 0.6636 0.0182
55 0.0082 0.5322 0.2308 0.2255 0.0031
56 0.0413 0.0113 0.1055 0.8296 0.0124
57 0.0229 0.2500 0.2922 0.4253 0.0098
58 0.3296 0.1087 0.4365 0.1005 0.0246
59 0.2993 0.0598 0.4856 0.1287 0.0266
60 0.0381 0.2903 0.6050 0.0581 0.0083
61 0.0714 0.2252 0.6221 0.0661 0.0152
62 0.0511 0.2087 0.5415 0.1813 0.0175
63 0.0489 0.2727 0.2949 0.3787 0.0047
64 0.0113 0.3030 0.5317 0.1454 0.0087
65 0.0148 0.3884 0.4832 0.1095 0.0041
66 0.0135 0.3459 0.1283 0.4880 0.0241
67 0.0300 0.5269 0.3916 0.0432 0.0083
68 0.0197 0.4888 0.3989 0.0876 0.0048
69 0.0318 0.2483 0.6338 0.0781 0.0079
70 0.0246 0.2905 0.6055 0.0690 0.0103
71 0.0566 0.2294 0.1731 0.0320 0.5088
72 0.0535 0.2133 0.1159 0.0194 0.5981
73 0.0209 0.0953 0.0587 0.0275 0.7979
74 0.0505 0.1121 0.2690 0.5605 0.0076
75 0.0271 0.1821 0.6982 0.0808 0.0117
76 0.0643 0.2388 0.3640 0.2834 0.0493
77 0.3977 0.2798 0.1271 0.1062 0.0894
78 0.0102 0.1050 0.1434 0.7173 0.0240
79 0.0134 0.6636 0.1470 0.1653 0.0106
80 0.0115 0.2314 0.2174 0.5298 0.0097
81 0.0058 0.2229 0.2264 0.5347 0.0099
82 0.1322 0.3298 0.4368 0.0916 0.0097
83 0.0836 0.3494 0.3604 0.1599 0.0469
84 0.1868 0.4731 0.2167 0.0917 0.0317
85 0.3752 0.2744 0.1744 0.1208 0.0549
86 0.1427 0.0613 0.3643 0.4128 0.0190
87 0.1517 0.0787 0.4189 0.3264 0.0242
88 0.1466 0.0189 0.0602 0.7681 0.0061
89 0.0808 0.1510 0.5972 0.1632 0.0081
90 0.1083 0.1901 0.4929 0.1960 0.0126
91 0.0810 0.2893 0.5449 0.0296 0.0552
92 0.0067 0.2012 0.5137 0.2751 0.0032
93 0.1144 0.0220 0.4387 0.3872 0.0378
94 0.0652 0.2122 0.3286 0.2969 0.0971
95 0.0457 0.1030 0.7666 0.0736 0.0109
96 0.1434 0.0762 0.4214 0.3181 0.0408
97 0.0068 0.3843 0.1392 0.4636 0.0062
98 0.0142 0.4497 0.4094 0.1182 0.0084
99 0.0276 0.2384 0.6689 0.0603 0.0049
100 0.0672 0.3013 0.2383 0.2135 0.1798
101 0.0573 0.0555 0.3621 0.4871 0.0381
102 0.0624 0.0564 0.3945 0.4473 0.0394
103 0.1217 0.1625 0.3960 0.1412 0.1785
104 0.0266 0.4570 0.3730 0.1394 0.0039
105 0.0066 0.2725 0.2947 0.4221 0.0041
106 0.0300 0.4204 0.4617 0.0650 0.0228
107 0.2012 0.4675 0.1816 0.0950 0.0546
108 0.0245 0.6279 0.2054 0.1368 0.0054
109 0.0227 0.3523 0.4248 0.1975 0.0028
110 0.2595 0.2382 0.2808 0.1663 0.0553
111 0.0688 0.4382 0.3208 0.1256 0.0466
112 0.0369 0.4092 0.1802 0.3394 0.0344
113 0.0551 0.4875 0.0916 0.3003 0.0655
114 0.0495 0.3386 0.1729 0.4082 0.0308
115 0.1816 0.2859 0.3315 0.1816 0.0194
116 0.1719 0.4897 0.1802 0.0711 0.0871
117 0.2566 0.3372 0.1791 0.1260 0.1013
118 0.1115 0.1178 0.3984 0.3303 0.0420
119 0.0438 0.1318 0.5596 0.2388 0.0262
120 0.0858 0.1370 0.2947 0.4421 0.0405
121 0.0159 0.5312 0.2981 0.1344 0.0203
122 0.0157 0.4075 0.2549 0.3123 0.0097
123 0.0625 0.2472 0.3652 0.3125 0.0126
124 0.0239 0.5933 0.3276 0.0487 0.0064
125 0.0392 0.1492 0.2402 0.5415 0.0298
126 0.0247 0.4661 0.3630 0.1378 0.0084
127 0.3066 0.1735 0.1790 0.3215 0.0195
128 0.0275 0.5830 0.2507 0.1223 0.0164
129 0.0657 0.4744 0.2578 0.1614 0.0408
130 0.0072 0.2092 0.2996 0.4788 0.0051
131 0.0342 0.3733 0.5103 0.0680 0.0145
132 0.0562 0.1152 0.2021 0.5942 0.0322
133 0.0298 0.0491 0.2455 0.6567 0.0189
134 0.0729 0.1805 0.3535 0.3589 0.0342
135 0.0481 0.1603 0.5337 0.2090 0.0489
136 0.0941 0.2722 0.4285 0.1390 0.0662
137 0.0159 0.4827 0.0914 0.4065 0.0034
138 0.0254 0.1404 0.1060 0.7134 0.0150
139 0.0219 0.5654 0.2649 0.1396 0.0084
140 0.0285 0.7598 0.1028 0.0659 0.0432
141 0.0198 0.5269 0.2734 0.1711 0.0087
142 0.0294 0.5854 0.3284 0.0504 0.0065
143 0.0741 0.3508 0.3347 0.1683 0.0718
144 0.0396 0.3315 0.4602 0.1494 0.0191
145 0.0022 0.0773 0.0175 0.8989 0.0039
146 0.0225 0.5151 0.1547 0.2781 0.0295
147 0.0075 0.4888 0.1514 0.3359 0.0166
148 0.0927 0.1307 0.3237 0.4221 0.0308
149 0.1564 0.2876 0.2172 0.3159 0.0229
150 0.0066 0.1869 0.7510 0.0540 0.0015
151 0.1821 0.4617 0.3123 0.0382 0.0058
152 0.0427 0.5156 0.3408 0.0889 0.0118
153 0.0930 0.2489 0.4438 0.1849 0.0293
154 0.0481 0.0637 0.3496 0.5249 0.0137
155 0.0676 0.4238 0.2632 0.1740 0.0714
156 0.0610 0.3682 0.2180 0.2064 0.1464
157 0.0624 0.1682 0.5347 0.2318 0.0029
158 0.0789 0.3977 0.3977 0.1014 0.0243
159 0.0642 0.2578 0.2832 0.3694 0.0251
160 0.0324 0.3762 0.2212 0.3535 0.0168
161 0.0500 0.0306 0.6694 0.2351 0.0147
162 0.1097 0.0917 0.6025 0.0991 0.0969
163 0.2510 0.1223 0.2357 0.3484 0.0429
164 0.1086 0.2729 0.3560 0.2372 0.0252
165 0.0824 0.3899 0.3606 0.1208 0.0462
166 0.0507 0.3386 0.4702 0.1266 0.0140
167 0.0812 0.1460 0.6489 0.0920 0.0316
168 0.0419 0.0654 0.8408 0.0460 0.0058
169 0.1260 0.2837 0.2583 0.3069 0.0250
170 0.3721 0.2966 0.1730 0.1368 0.0215
171 0.0220 0.0645 0.1015 0.8110 0.0009
172 0.0491 0.2343 0.2343 0.4807 0.0015
173 0.0406 0.0753 0.7544 0.1185 0.0110
174 0.0540 0.3574 0.2917 0.2917 0.0052
175 0.3093 0.1508 0.2263 0.1997 0.1138
176 0.2903 0.2603 0.3088 0.0673 0.0734
177 0.1349 0.2791 0.3555 0.2295 0.0010
178 0.0386 0.1083 0.8257 0.0259 0.0017
179 0.0394 0.0601 0.8433 0.0547 0.0025
180 0.0706 0.1289 0.7417 0.0489 0.0099
181 0.0184 0.3120 0.5737 0.0894 0.0066
182 0.0175 0.3855 0.3298 0.2649 0.0022
183 0.0145 0.2976 0.2668 0.4197 0.0014
184 0.0437 0.1348 0.5850 0.2291 0.0072
185 0.0345 0.1406 0.5308 0.2798 0.0143
186 0.0615 0.0305 0.6929 0.2017 0.0133
187 0.0440 0.1142 0.4734 0.3518 0.0166
188 0.0191 0.1766 0.5029 0.2913 0.0100
189 0.0224 0.3237 0.6338 0.0166 0.0034
190 0.0281 0.5337 0.4158 0.0187 0.0038
191 0.0306 0.4158 0.4785 0.0723 0.0027
192 0.1742 0.3179 0.3955 0.0588 0.0535
193 0.0444 0.1479 0.2764 0.5005 0.0310
194 0.0075 0.3232 0.0877 0.5762 0.0053
195 0.0053 0.5498 0.1135 0.3284 0.0029
196 0.0100 0.4841 0.1583 0.3328 0.0150
197 0.1914 0.0750 0.2383 0.4739 0.0217
198 0.0713 0.0400 0.8286 0.0337 0.0262
199 0.0083 0.2703 0.2703 0.4456 0.0058
200 0.0751 0.2878 0.3582 0.2703 0.0086
201 0.0325 0.0458 0.5674 0.3335 0.0210
202 0.0191 0.0823 0.7573 0.1180 0.0232
203 0.0071 0.1449 0.0728 0.7710 0.0043
204 0.0077 0.4390 0.2424 0.3064 0.0045
205 0.0216 0.2476 0.6836 0.0440 0.0035
206 0.0156 0.2673 0.0841 0.6025 0.0305
207 0.0218 0.3281 0.4773 0.1624 0.0105
208 0.0101 0.1074 0.2659 0.5991 0.0174
209 0.0210 0.1034 0.7065 0.1576 0.0115
210 0.1015 0.2150 0.3953 0.2512 0.0370
211 0.0176 0.2045 0.2211 0.5386 0.0183
212 0.0068 0.2559 0.0817 0.6533 0.0025
213 0.0452 0.5010 0.2367 0.1759 0.0411
214 0.0207 0.0733 0.4490 0.4153 0.0418
215 0.0200 0.2556 0.6626 0.0561 0.0055
216 0.0161 0.1267 0.7881 0.0678 0.0012
217 0.0098 0.4084 0.1729 0.4021 0.0069
218 0.0056 0.1268 0.0957 0.7646 0.0071
219 0.0238 0.4360 0.3560 0.1790 0.0052
220 0.0152 0.3008 0.5449 0.1356 0.0036
221 0.0472 0.3740 0.5615 0.0107 0.0065
222 0.0173 0.6143 0.3555 0.0116 0.0014
223 0.0329 0.1621 0.4407 0.3430 0.0213
224 0.0845 0.2350 0.2993 0.3394 0.0418
225 0.0522 0.1104 0.5605 0.2527 0.0242
226 0.0138 0.0520 0.1328 0.8008 0.0009
227 0.0520 0.5171 0.3088 0.1172 0.0046
228 0.0601 0.5034 0.3684 0.0616 0.0064
229 0.0219 0.4995 0.1055 0.3599 0.0132
230 0.0789 0.2712 0.2213 0.4070 0.0216
231 0.0798 0.1769 0.4734 0.2380 0.0317
232 0.0545 0.0884 0.4707 0.3667 0.0197
233 0.0066 0.3667 0.0722 0.5420 0.0123
234 0.0035 0.5405 0.3435 0.1115 0.0009
235 0.1046 0.3223 0.5312 0.0400 0.0017
236 0.1379 0.4055 0.3870 0.0667 0.0028
237 0.1047 0.3125 0.3076 0.2632 0.0119
238 0.0707 0.3564 0.3193 0.2449 0.0086
239 0.1055 0.2935 0.4407 0.1243 0.0362
240 0.0724 0.2249 0.2394 0.3650 0.0983
241 0.0613 0.3015 0.3638 0.2620 0.0113
242 0.0062 0.2001 0.6611 0.1195 0.0129
243 0.1289 0.2837 0.3020 0.2664 0.0191
244 0.0739 0.1829 0.4456 0.2922 0.0055
245 0.0798 0.3604 0.3411 0.2069 0.0119
246 0.0162 0.0899 0.3137 0.5420 0.0381
247 0.1136 0.3528 0.2971 0.2174 0.0191
248 0.0266 0.5776 0.2159 0.1394 0.0403
249 0.1400 0.2786 0.4592 0.0948 0.0274
250 0.0253 0.2440 0.4385 0.0424 0.2498
251 0.0409 0.3882 0.3218 0.2144 0.0350
252 0.0530 0.2395 0.3679 0.0681 0.2715
253 0.0154 0.4370 0.3403 0.0686 0.1385
254 0.0252 0.1053 0.4946 0.0974 0.2773
255 0.0100 0.0309 0.0939 0.8496 0.0156
256 0.0389 0.3159 0.4971 0.1349 0.0131
257 0.0291 0.2419 0.6084 0.0786 0.0421
258 0.0260 0.4575 0.2212 0.2817 0.0134
259 0.0157 0.3047 0.2773 0.3914 0.0109
260 0.4429 0.1860 0.2124 0.0988 0.0599
261 0.1487 0.2756 0.5396 0.0195 0.0167
262 0.1558 0.0827 0.2129 0.5186 0.0300
263 0.1970 0.2340 0.2377 0.2866 0.0446
264 0.4558 0.2169 0.1650 0.1057 0.0566
265 0.3279 0.2783 0.1561 0.1466 0.0911
266 0.4446 0.1477 0.1432 0.2019 0.0626
267 0.3069 0.2585 0.1086 0.2773 0.0486
268 0.0788 0.1543 0.2505 0.5098 0.0067
269 0.0581 0.4224 0.3342 0.1761 0.0091
270 0.0162 0.1528 0.1267 0.6958 0.0084
271 0.0089 0.5610 0.1685 0.2568 0.0050
272 0.0130 0.3149 0.3403 0.3247 0.0070
273 0.0916 0.4373 0.3918 0.0703 0.0091
274 0.0687 0.3435 0.4622 0.1047 0.0211
275 0.0392 0.2786 0.5371 0.1357 0.0095
276 0.1279 0.5098 0.1249 0.2075 0.0299
277 0.0647 0.6484 0.1626 0.1050 0.0194
278 0.0312 0.4880 0.4111 0.0660 0.0035
279 0.1609 0.3325 0.3950 0.0742 0.0373
280 0.0689 0.3162 0.4709 0.1298 0.0144
281 0.0172 0.3113 0.4189 0.2368 0.0157
282 0.0176 0.1173 0.8145 0.0460 0.0048
283 0.0335 0.2346 0.5288 0.1914 0.0118
284 0.0310 0.4016 0.4143 0.1432 0.0101
285 0.0475 0.4299 0.4038 0.1122 0.0065
286 0.0295 0.3516 0.3801 0.2217 0.0172
287 0.0152 0.0362 0.0626 0.0351 0.8506
288 0.0662 0.1978 0.1425 0.0474 0.5459
289 0.3481 0.1805 0.2488 0.1311 0.0915
290 0.1132 0.2323 0.2452 0.3982 0.0111
291 0.0587 0.1671 0.3323 0.1096 0.3323
292 0.0203 0.2698 0.1466 0.5532 0.0101
293 0.2184 0.1501 0.2134 0.3804 0.0377
294 0.1953 0.2283 0.3564 0.1835 0.0367
295 0.3545 0.1912 0.2695 0.1536 0.0312
296 0.0649 0.6602 0.1593 0.0820 0.0337
297 0.0425 0.1405 0.0908 0.7026 0.0235
298 0.0587 0.3708 0.3196 0.1864 0.0645
299 0.1005 0.4233 0.3481 0.0342 0.0937
300 0.1230 0.4097 0.1721 0.2544 0.0406
301 0.0303 0.5806 0.2136 0.1527 0.0227
302 0.0578 0.3408 0.3801 0.2166 0.0048
303 0.0514 0.3542 0.5073 0.0592 0.0277
304 0.3943 0.0901 0.0989 0.3425 0.0741
305 0.0921 0.2793 0.5425 0.0819 0.0043
306 0.1058 0.1516 0.6587 0.0793 0.0046
307 0.0898 0.1392 0.5679 0.1963 0.0068
308 0.1404 0.2542 0.5469 0.0525 0.0063
309 0.0152 0.3003 0.2693 0.4104 0.0048
310 0.0571 0.4595 0.4055 0.0511 0.0267
311 0.0605 0.5566 0.0854 0.2629 0.0345
312 0.0423 0.5933 0.1031 0.2455 0.0156
313 0.0638 0.2585 0.5781 0.0659 0.0339
314 0.0241 0.3762 0.2429 0.3425 0.0140
315 0.0883 0.2576 0.5122 0.1295 0.0127
316 0.1070 0.4504 0.4038 0.0309 0.0077
317 0.3403 0.3511 0.1088 0.1793 0.0204
