time exciting_prob fearful_prob tense_prob sad_prob relaxing_prob
0 0.2037 0.2830 0.2496 0.2310 0.0327
1 0.2019 0.1169 0.2361 0.3228 0.1225
2 0.2291 0.1346 0.1841 0.3132 0.1389
3 0.1814 0.3899 0.2311 0.1401 0.0575
4 0.0820 0.2410 0.2905 0.3293 0.0572
5 0.0834 0.2305 0.4373 0.1465 0.1022
6 0.1060 0.2883 0.4326 0.0859 0.0872
7 0.1274 0.2576 0.0876 0.0540 0.4736
8 0.1029 0.4199 0.1632 0.0206 0.2932
9 0.0171 0.0063 0.0330 0.0234 0.9199
10 0.0129 0.0131 0.0256 0.0027 0.9458
11 0.1929 0.0704 0.1226 0.1929 0.4214
12 0.0754 0.0423 0.0353 0.0494 0.7979
13 0.0582 0.0277 0.0319 0.0784 0.8037
14 0.0191 0.0346 0.0305 0.0098 0.9058
15 0.0114 0.0310 0.0257 0.0107 0.9209
16 0.0119 0.0294 0.0334 0.0233 0.9019
17 0.0275 0.2035 0.1512 0.6074 0.0101
18 0.0251 0.2268 0.1252 0.6069 0.0159
19 0.0282 0.4849 0.1389 0.3179 0.0300
20 0.1522 0.1014 0.3594 0.2932 0.0938
21 0.1675 0.1187 0.4922 0.1169 0.1048
22 0.1316 0.1074 0.5288 0.1198 0.1125
23 0.0102 0.5229 0.3538 0.1014 0.0119
24 0.1109 0.0512 0.3015 0.3418 0.1947
25 0.0157 0.0370 0.0944 0.7539 0.0989
26 0.0143 0.0576 0.1238 0.7466 0.0576
27 0.2202 0.1008 0.1378 0.3105 0.2307
28 0.0620 0.0583 0.0198 0.2234 0.6362
29 0.0721 0.1171 0.0208 0.2223 0.5674
30 0.0564 0.1292 0.0256 0.1332 0.6558
31 0.0228 0.1648 0.1345 0.0057 0.6724
32 0.0217 0.1979 0.1615 0.0095 0.6094
33 0.1805 0.2488 0.2373 0.0997 0.2336
34 0.1576 0.0647 0.2681 0.3337 0.1759
35 0.0995 0.0643 0.2502 0.3816 0.2042
36 0.0936 0.0576 0.3191 0.0355 0.4941
37 0.1284 0.0621 0.1335 0.1840 0.4922
38 0.2123 0.1259 0.3875 0.0899 0.1844
39 0.0264 0.0793 0.2791 0.2278 0.3875
40 0.1053 0.3347 0.3914 0.0268 0.1417
41 0.1027 0.4126 0.2881 0.0349 0.1616
42 0.1681 0.1904 0.4358 0.0349 0.1707
43 0.0355 0.0541 0.2522 0.3394 0.3188
44 0.1050 0.0941 0.3665 0.2944 0.1401
45 0.0169 0.0182 0.0166 0.8921 0.0562
46 0.0384 0.0595 0.0997 0.6104 0.1920
47 0.1875 0.1094 0.4292 0.0311 0.2427
48 0.0524 0.0864 0.5811 0.0492 0.2311
49 0.0246 0.0207 0.1241 0.0216 0.8091
50 0.0781 0.0466 0.4028 0.4221 0.0504
51 0.4382 0.0641 0.1401 0.0368 0.3206
52 0.0300 0.1510 0.3298 0.4727 0.0164
53 0.2864 0.2079 0.1937 0.0534 0.2588
54 0.0796 0.1113 0.5029 0.2693 0.0370
55 0.1074 0.1368 0.6733 0.0357 0.0466
56 0.2150 0.1700 0.4375 0.0141 0.1635
57 0.0549 0.0408 0.2744 0.6187 0.0112
58 0.1122 0.0814 0.3220 0.4333 0.0510
59 0.1082 0.0437 0.1368 0.6841 0.0274
60 0.2834 0.0235 0.1680 0.5015 0.0238
61 0.1206 0.0656 0.4377 0.2871 0.0889
62 0.1674 0.3740 0.3101 0.1302 0.0182
63 0.1511 0.0514 0.0902 0.5977 0.1097
64 0.0402 0.1075 0.1298 0.0157 0.7070
65 0.0476 0.1081 0.3357 0.0126 0.4961
66 0.1459 0.3582 0.4287 0.0562 0.0112
67 0.0972 0.0668 0.1802 0.6440 0.0117
68 0.2064 0.2032 0.4651 0.1176 0.0076
69 0.1935 0.1875 0.4978 0.0734 0.0478
70 0.1626 0.2257 0.4741 0.1041 0.0335
71 0.1742 0.1099 0.3279 0.3203 0.0677
72 0.0465 0.1586 0.5620 0.2307 0.0020
73 0.1925 0.3174 0.2452 0.1559 0.0889
74 0.0935 0.1846 0.5176 0.1803 0.0242
75 0.4968 0.2617 0.1771 0.0087 0.0557
76 0.1583 0.0510 0.6719 0.0902 0.0284
77 0.1521 0.1923 0.1724 0.2162 0.2671
78 0.1793 0.0582 0.3403 0.3298 0.0923
79 0.3728 0.2542 0.2261 0.0418 0.1052
80 0.4805 0.0726 0.1410 0.1882 0.1177
81 0.1647 0.2131 0.4045 0.1896 0.0280
82 0.1776 0.3318 0.2159 0.1951 0.0795
83 0.2488 0.3269 0.2128 0.1533 0.0582
84 0.1676 0.2786 0.4214 0.0444 0.0883
85 0.2438 0.1611 0.1467 0.2783 0.1702
86 0.0561 0.4448 0.1537 0.3254 0.0202
87 0.1575 0.1757 0.1368 0.4053 0.1246
88 0.1176 0.1343 0.1792 0.4685 0.1005
89 0.2056 0.3752 0.3901 0.0212 0.0079
90 0.2081 0.2181 0.4692 0.0766 0.0280
91 0.2032 0.0759 0.3403 0.3511 0.0295
92 0.1378 0.4180 0.3359 0.0395 0.0688
93 0.1230 0.0915 0.2229 0.4868 0.0758
94 0.1272 0.0796 0.5229 0.2268 0.0433
95 0.2097 0.2822 0.3513 0.1312 0.0256
96 0.1716 0.0919 0.2169 0.2496 0.2700
97 0.1658 0.2195 0.3564 0.2393 0.0192
98 0.5947 0.0318 0.0751 0.2725 0.0259
99 0.0963 0.1527 0.4929 0.1180 0.1401
100 0.2083 0.0070 0.0924 0.6025 0.0896
101 0.4292 0.2408 0.1320 0.0788 0.1192
102 0.2373 0.0183 0.4434 0.2566 0.0446
103 0.3140 0.1775 0.2445 0.1309 0.1329
104 0.2656 0.0621 0.3203 0.2939 0.0579
105 0.1350 0.0100 0.0463 0.7773 0.0313
106 0.6011 0.1749 0.1165 0.0654 0.0422
107 0.1120 0.2485 0.2563 0.3293 0.0537
108 0.6001 0.1788 0.1460 0.0493 0.0256
109 0.4863 0.0168 0.1249 0.3613 0.0106
110 0.4836 0.0245 0.3376 0.1429 0.0112
111 0.3550 0.0225 0.4248 0.1613 0.0365
112 0.6338 0.0668 0.1172 0.1448 0.0378
113 0.4863 0.1996 0.1309 0.1288 0.0546
114 0.1295 0.2037 0.6377 0.0071 0.0220
115 0.0767 0.0829 0.0904 0.7393 0.0105
116 0.1214 0.0364 0.5527 0.2303 0.0592
117 0.1054 0.0359 0.6064 0.2284 0.0239
118 0.3523 0.0762 0.1390 0.4248 0.0078
119 0.1631 0.0464 0.3452 0.4263 0.0189
120 0.7295 0.0205 0.0402 0.1948 0.0149
121 0.4314 0.0631 0.1514 0.3108 0.0434
122 0.1187 0.1151 0.4480 0.2761 0.0420
123 0.2832 0.1317 0.3499 0.1602 0.0751
124 0.1058 0.4150 0.2153 0.2578 0.0059
125 0.0318 0.1393 0.3447 0.1846 0.2996
126 0.3826 0.1054 0.1122 0.1407 0.2590
127 0.2235 0.0748 0.3103 0.2825 0.1089
128 0.3105 0.0249 0.2786 0.2942 0.0919
129 0.2522 0.1965 0.1415 0.3757 0.0339
130 0.0916 0.0629 0.0967 0.7373 0.0112
131 0.5591 0.0369 0.1830 0.2173 0.0038
132 0.8643 0.0162 0.0484 0.0469 0.0241
133 0.4412 0.0491 0.1133 0.3657 0.0305
134 0.2092 0.1310 0.3879 0.2159 0.0559
135 0.1686 0.2181 0.4993 0.0809 0.0332
136 0.4060 0.0865 0.3669 0.0950 0.0456
137 0.3948 0.1022 0.1132 0.1865 0.2032
138 0.2354 0.0336 0.2045 0.5020 0.0246
139 0.2771 0.0572 0.2949 0.3501 0.0207
140 0.6323 0.0561 0.2202 0.0743 0.0170
141 0.4478 0.0861 0.0999 0.0681 0.2981
142 0.3538 0.0834 0.3508 0.1750 0.0370
143 0.6494 0.0452 0.2262 0.0513 0.0279
144 0.7676 0.0282 0.1159 0.0468 0.0413
145 0.5396 0.1365 0.1063 0.1752 0.0426
146 0.5781 0.1630 0.1472 0.0997 0.0122
147 0.5454 0.0317 0.1009 0.2964 0.0257
148 0.5503 0.0694 0.1678 0.1050 0.1075
149 0.1423 0.1827 0.2136 0.4382 0.0232
150 0.3711 0.0079 0.0676 0.5073 0.0461
151 0.7080 0.0297 0.1721 0.0297 0.0604
152 0.3972 0.0609 0.2998 0.2245 0.0176
153 0.4053 0.0327 0.1057 0.4382 0.0181
154 0.6167 0.1453 0.0606 0.0228 0.1547
155 0.5327 0.0677 0.1346 0.2477 0.0174
156 0.2100 0.1768 0.5752 0.0271 0.0110
157 0.3096 0.0235 0.2507 0.3647 0.0513
158 0.2147 0.0426 0.2114 0.4993 0.0319
159 0.3638 0.0627 0.2661 0.2424 0.0648
160 0.3337 0.1248 0.4819 0.0157 0.0438
161 0.2732 0.5225 0.1342 0.0513 0.0192
162 0.4565 0.2522 0.1787 0.0769 0.0358
163 0.1935 0.1012 0.1416 0.5259 0.0378
164 0.1963 0.3784 0.3875 0.0224 0.0156
165 0.1372 0.6812 0.0951 0.0299 0.0568
166 0.1702 0.0955 0.3547 0.2939 0.0856
167 0.1550 0.3083 0.2383 0.1538 0.1445
168 0.1763 0.2229 0.1952 0.3269 0.0789
169 0.5986 0.0303 0.0503 0.2053 0.1152
170 0.3066 0.3240 0.0172 0.0127 0.3396
171 0.1027 0.0781 0.1720 0.6392 0.0080
172 0.1937 0.0356 0.3193 0.3096 0.1417
173 0.1233 0.3484 0.4011 0.0708 0.0564
174 0.4219 0.0238 0.1267 0.2725 0.1552
175 0.1206 0.4734 0.0883 0.2849 0.0330
176 0.0676 0.0821 0.0560 0.7852 0.0093
177 0.1991 0.1337 0.6182 0.0368 0.0121
178 0.5181 0.0353 0.0981 0.2355 0.1130
179 0.1261 0.0293 0.0275 0.0801 0.7368
180 0.0636 0.1099 0.3230 0.5005 0.0029
181 0.1915 0.0941 0.1946 0.5088 0.0112
182 0.3984 0.0561 0.2939 0.2035 0.0480
183 0.5601 0.0546 0.2410 0.0900 0.0542
184 0.0935 0.1111 0.5552 0.1860 0.0541
185 0.1621 0.0385 0.5151 0.1672 0.1168
186 0.0806 0.0283 0.1963 0.6851 0.0096
187 0.2532 0.3462 0.1023 0.2200 0.0784
188 0.4692 0.1881 0.1488 0.0302 0.1635
189 0.4941 0.2408 0.1320 0.0309 0.1020
190 0.5400 0.0606 0.1023 0.2018 0.0953
191 0.3455 0.1533 0.4104 0.0777 0.0131
192 0.7930 0.1134 0.0271 0.0119 0.0544
193 0.7002 0.0218 0.0721 0.1467 0.0593
194 0.5015 0.0751 0.1948 0.1460 0.0825
195 0.0775 0.0793 0.5811 0.2275 0.0346
196 0.1686 0.1355 0.1344 0.5527 0.0088
197 0.3330 0.3601 0.1927 0.0676 0.0465
198 0.7539 0.0319 0.1221 0.0634 0.0286
199 0.1938 0.0724 0.1792 0.3591 0.1953
200 0.6631 0.0549 0.1359 0.0704 0.0756
201 0.1908 0.0624 0.1710 0.5698 0.0062
202 0.2896 0.1479 0.2874 0.2556 0.0197
203 0.3562 0.1656 0.1451 0.3245 0.0084
204 0.0959 0.0165 0.0765 0.7788 0.0324
205 0.2357 0.0681 0.2842 0.3977 0.0142
206 0.3997 0.1932 0.1190 0.2500 0.0381
207 0.4583 0.1088 0.1823 0.2198 0.0307
208 0.2527 0.2646 0.3242 0.1484 0.0099
209 0.1442 0.0991 0.4954 0.1970 0.0645
210 0.1138 0.0770 0.2605 0.4717 0.0770
211 0.0532 0.0190 0.1163 0.8071 0.0045
212 0.3340 0.0723 0.0806 0.4785 0.0347
213 0.2703 0.2008 0.3608 0.0386 0.1296
214 0.1088 0.0640 0.2610 0.5610 0.0052
215 0.6118 0.0345 0.1105 0.1409 0.1022
216 0.6489 0.1875 0.0452 0.0712 0.0470
217 0.5850 0.1587 0.0598 0.1930 0.0033
218 0.4111 0.2067 0.1294 0.2493 0.0036
219 0.2164 0.1420 0.3198 0.2822 0.0394
220 0.3003 0.0334 0.1685 0.4438 0.0539
221 0.3330 0.2253 0.2593 0.0447 0.1377
222 0.3508 0.1509 0.2338 0.2449 0.0196
223 0.1158 0.0983 0.4512 0.3250 0.0099
224 0.1516 0.1267 0.1947 0.5210 0.0058
225 0.4741 0.0150 0.0837 0.4119 0.0151
226 0.1360 0.0355 0.3210 0.3582 0.1493
227 0.2922 0.0292 0.1144 0.3364 0.2277
228 0.3230 0.0598 0.0727 0.2637 0.2808
229 0.2335 0.0193 0.1331 0.3093 0.3047
230 0.0844 0.0352 0.1349 0.2443 0.5010
231 0.1840 0.0817 0.2020 0.0322 0.5000
232 0.2338 0.0989 0.2301 0.0271 0.4102
233 0.1721 0.0478 0.2245 0.0336 0.5220
234 0.0656 0.0096 0.0532 0.2291 0.6426
235 0.0410 0.0097 0.0385 0.3953 0.5156
236 0.0638 0.0095 0.0304 0.1656 0.7305
237 0.0759 0.0324 0.0639 0.3914 0.4365
238 0.0548 0.0310 0.0955 0.1913 0.6274
239 0.0581 0.0198 0.1580 0.4294 0.3345
240 0.0292 0.0107 0.0415 0.6797 0.2386
241 0.0354 0.0161 0.0265 0.1660 0.7559
242 0.0351 0.1714 0.1124 0.0440 0.6372
243 0.0722 0.0278 0.0668 0.0196 0.8135
244 0.0959 0.0228 0.1087 0.0299 0.7427
245 0.0619 0.0128 0.0746 0.0101 0.8408
246 0.0755 0.0241 0.1840 0.1410 0.5757
247 0.0743 0.0592 0.2437 0.2084 0.4146
248 0.0827 0.0680 0.3401 0.2527 0.2566
249 0.0548 0.0539 0.3572 0.1825 0.3516
250 0.0839 0.0653 0.5059 0.2389 0.1060
251 0.0833 0.0419 0.2605 0.5605 0.0538
252 0.2859 0.1086 0.1351 0.3730 0.0973
253 0.2859 0.1086 0.1351 0.3730 0.0973
