time exciting_prob fearful_prob tense_prob sad_prob relaxing_prob
0 0.1987 0.2847 0.2512 0.2323 0.0330
1 0.1987 0.2847 0.2512 0.2323 0.0330
2 0.0801 0.1835 0.4402 0.2886 0.0075
3 0.0844 0.0956 0.2223 0.5679 0.0301
4 0.0701 0.1554 0.1654 0.5776 0.0316
5 0.0992 0.1443 0.4307 0.3201 0.0057
6 0.0696 0.2776 0.5107 0.1292 0.0130
7 0.0560 0.2114 0.6411 0.0803 0.0112
8 0.0587 0.0854 0.5928 0.2510 0.0120
9 0.0184 0.1946 0.3259 0.4595 0.0017
10 0.0437 0.1355 0.4514 0.3684 0.0009
11 0.1205 0.5571 0.0999 0.2083 0.0140
12 0.1132 0.5317 0.1754 0.1699 0.0097
13 0.1087 0.3455 0.5107 0.0288 0.0065
14 0.1054 0.2527 0.5879 0.0457 0.0084
15 0.1141 0.0725 0.5273 0.2737 0.0123
16 0.1174 0.1249 0.5098 0.2408 0.0070
17 0.0297 0.2646 0.4431 0.2524 0.0102
18 0.1963 0.2260 0.4492 0.1228 0.0057
19 0.1350 0.1965 0.3447 0.3188 0.0047
20 0.0456 0.3042 0.3137 0.3340 0.0026
21 0.0173 0.1965 0.6440 0.1393 0.0027
22 0.0294 0.4285 0.4561 0.0805 0.0057
23 0.0520 0.2993 0.5337 0.1101 0.0049
24 0.0194 0.1610 0.1661 0.6372 0.0163
25 0.0489 0.1210 0.7891 0.0375 0.0035
26 0.0815 0.2048 0.5742 0.1365 0.0029
27 0.0729 0.1061 0.2883 0.5220 0.0107
28 0.1348 0.1703 0.5947 0.0884 0.0121
29 0.0373 0.1272 0.1970 0.6357 0.0027
30 0.0450 0.2803 0.5747 0.0924 0.0075
31 0.0511 0.1324 0.7500 0.0626 0.0040
32 0.0555 0.2820 0.6162 0.0385 0.0078
33 0.0378 0.3210 0.4895 0.1470 0.0048
34 0.0362 0.2134 0.4380 0.0817 0.2307
35 0.0441 0.4739 0.4592 0.0171 0.0056
36 0.0378 0.2646 0.5962 0.0929 0.0085
37 0.0411 0.3257 0.6177 0.0126 0.0029
38 0.0730 0.3171 0.3376 0.2471 0.0250
39 0.0341 0.1716 0.5454 0.2384 0.0102
40 0.0895 0.3430 0.4839 0.0697 0.0139
41 0.0544 0.0310 0.3716 0.5156 0.0273
42 0.0337 0.1013 0.5146 0.3428 0.0078
43 0.3186 0.1578 0.3394 0.1530 0.0313
44 0.2211 0.3118 0.3118 0.1230 0.0326
45 0.1110 0.1615 0.3472 0.3582 0.0222
46 0.0757 0.4600 0.3696 0.0898 0.0050
47 0.0567 0.1077 0.3315 0.4978 0.0063
48 0.0266 0.2539 0.6387 0.0775 0.0035
49 0.0975 0.1079 0.3074 0.0736 0.4136
50 0.2043 0.1804 0.4395 0.0478 0.1279
51 0.0181 0.4390 0.3418 0.1948 0.0063
52 0.1531 0.3877 0.3215 0.0463 0.0914
53 0.2905 0.3044 0.3789 0.0189 0.0071
54 0.0355 0.1891 0.6812 0.0893 0.0051
55 0.0343 0.1715 0.6675 0.1255 0.0012
56 0.1351 0.2448 0.4229 0.1876 0.0096
57 0.0375 0.1948 0.4746 0.2878 0.0051
58 0.0218 0.0584 0.4526 0.4387 0.0285
59 0.0505 0.2195 0.4502 0.2566 0.0231
60 0.0735 0.2301 0.5786 0.1122 0.0055
61 0.0259 0.0875 0.3054 0.5796 0.0018
62 0.0731 0.3027 0.3376 0.2081 0.0784
63 0.2335 0.1005 0.4431 0.2126 0.0103
64 0.0225 0.0651 0.1445 0.7573 0.0104
65 0.1584 0.2869 0.5278 0.0205 0.0063
66 0.1599 0.0392 0.6528 0.1246 0.0236
67 0.0360 0.0877 0.6792 0.1886 0.0087
68 0.1049 0.1134 0.3281 0.4280 0.0255
69 0.1812 0.5322 0.1869 0.0862 0.0133
70 0.2549 0.6309 0.1006 0.0070 0.0065
71 0.0845 0.5298 0.2314 0.1298 0.0246
72 0.0490 0.4231 0.5024 0.0244 0.0012
73 0.0464 0.4106 0.5034 0.0353 0.0043
74 0.0109 0.0707 0.1669 0.7480 0.0037
75 0.0150 0.2280 0.3533 0.4001 0.0034
76 0.0449 0.1278 0.4604 0.3586 0.0082
77 0.0325 0.1367 0.6426 0.1841 0.0043
78 0.0346 0.1016 0.5938 0.2637 0.0063
79 0.0479 0.0867 0.5835 0.2756 0.0059
80 0.0975 0.1969 0.5698 0.1194 0.0162
81 0.0574 0.0676 0.3435 0.5239 0.0074
82 0.0469 0.0588 0.5327 0.3547 0.0067
83 0.0329 0.0324 0.7202 0.2096 0.0049
84 0.0372 0.0643 0.6753 0.2192 0.0041
85 0.0662 0.0602 0.6841 0.1842 0.0052
86 0.0693 0.1216 0.3521 0.4519 0.0053
87 0.0148 0.0392 0.5127 0.4185 0.0148
88 0.0656 0.1116 0.6128 0.1929 0.0172
89 0.0245 0.0985 0.6035 0.2595 0.0142
90 0.0298 0.0744 0.4348 0.4280 0.0330
91 0.0081 0.0312 0.2233 0.7319 0.0056
92 0.0218 0.0450 0.5659 0.3596 0.0075
93 0.0352 0.2876 0.4741 0.1946 0.0088
94 0.0213 0.0912 0.6528 0.2292 0.0053
95 0.4353 0.2725 0.1772 0.1002 0.0147
96 0.4856 0.2441 0.1425 0.1144 0.0136
97 0.4666 0.2053 0.2086 0.1057 0.0139
98 0.3291 0.3848 0.2299 0.0463 0.0099
99 0.0408 0.4248 0.3989 0.1198 0.0156
100 0.0266 0.1307 0.3965 0.4424 0.0039
101 0.0288 0.0938 0.8491 0.0267 0.0015
102 0.2246 0.3318 0.3267 0.1012 0.0155
103 0.1837 0.5840 0.1647 0.0565 0.0113
104 0.0483 0.0601 0.8237 0.0543 0.0136
105 0.0293 0.0983 0.6826 0.1809 0.0089
106 0.0389 0.0441 0.3840 0.4932 0.0396
107 0.0196 0.0608 0.5859 0.3286 0.0053
108 0.2966 0.2617 0.3037 0.1152 0.0227
109 0.2764 0.2478 0.3157 0.0963 0.0637
110 0.0310 0.0410 0.1958 0.7051 0.0269
111 0.0327 0.0983 0.4404 0.4138 0.0148
112 0.0325 0.2517 0.5947 0.0699 0.0511
113 0.0175 0.2112 0.6108 0.1342 0.0262
114 0.1401 0.0732 0.2898 0.4778 0.0193
115 0.1179 0.1133 0.3718 0.3718 0.0253
116 0.0683 0.0793 0.6235 0.2056 0.0234
117 0.0522 0.0828 0.6411 0.1986 0.0251
118 0.1979 0.2025 0.4124 0.1565 0.0308
119 0.0603 0.4255 0.3813 0.1172 0.0156
120 0.1836 0.4473 0.2981 0.0649 0.0062
121 0.0585 0.1382 0.5298 0.1918 0.0818
122 0.0888 0.3625 0.4172 0.0771 0.0543
123 0.0374 0.1727 0.4275 0.3127 0.0495
124 0.0334 0.0895 0.3030 0.5659 0.0083
125 0.1229 0.3528 0.4673 0.0338 0.0234
126 0.0236 0.4214 0.5083 0.0271 0.0197
127 0.1243 0.1355 0.6987 0.0342 0.0072
128 0.1691 0.1600 0.6040 0.0594 0.0074
129 0.0831 0.2040 0.6587 0.0488 0.0056
130 0.1694 0.5020 0.2408 0.0695 0.0184
131 0.0529 0.1036 0.4944 0.3293 0.0198
132 0.0667 0.1467 0.5625 0.1770 0.0469
133 0.0274 0.1307 0.5171 0.3186 0.0058
134 0.0359 0.1016 0.2289 0.6030 0.0305
135 0.1047 0.0828 0.6514 0.1302 0.0309
136 0.2673 0.1780 0.3596 0.0498 0.1453
137 0.0724 0.1174 0.3975 0.2817 0.1310
138 0.0245 0.2678 0.3958 0.2988 0.0130
139 0.1062 0.3171 0.4612 0.1046 0.0109
140 0.1318 0.2925 0.5464 0.0256 0.0035
141 0.1250 0.2861 0.5098 0.0600 0.0190
142 0.0781 0.2227 0.5957 0.0832 0.0202
143 0.0510 0.0924 0.7153 0.1187 0.0225
144 0.0253 0.1049 0.4851 0.3440 0.0405
145 0.1321 0.5386 0.2317 0.0929 0.0046
146 0.0891 0.6377 0.1637 0.1025 0.0072
147 0.0679 0.1655 0.5601 0.1997 0.0067
148 0.0503 0.0925 0.4146 0.4277 0.0151
149 0.0318 0.2228 0.4294 0.2686 0.0474
150 0.0479 0.0822 0.3740 0.3250 0.1711
151 0.2192 0.2092 0.5259 0.0439 0.0019
152 0.3057 0.4048 0.2534 0.0338 0.0024
153 0.1190 0.7065 0.1516 0.0218 0.0013
154 0.0956 0.7173 0.1434 0.0424 0.0012
155 0.0995 0.5508 0.2561 0.0914 0.0020
156 0.2338 0.2302 0.3794 0.1510 0.0056
157 0.2769 0.4219 0.2810 0.0185 0.0016
158 0.2234 0.3201 0.4045 0.0506 0.0012
159 0.0483 0.2529 0.5112 0.1583 0.0293
160 0.0930 0.2063 0.5610 0.1157 0.0241
161 0.1565 0.4673 0.3064 0.0455 0.0244
162 0.0482 0.0757 0.6748 0.1964 0.0046
163 0.0304 0.0909 0.8228 0.0543 0.0019
164 0.2400 0.2988 0.4414 0.0178 0.0019
165 0.1697 0.4907 0.3320 0.0063 0.0012
166 0.1506 0.2407 0.3394 0.2644 0.0048
167 0.1993 0.0858 0.6641 0.0496 0.0014
168 0.0907 0.1832 0.6104 0.1077 0.0079
169 0.1127 0.2683 0.5015 0.0964 0.0213
170 0.0417 0.0749 0.1444 0.7334 0.0059
171 0.1549 0.1549 0.5576 0.1226 0.0099
172 0.0564 0.3145 0.4167 0.1937 0.0186
173 0.0378 0.1395 0.5024 0.3096 0.0109
174 0.0235 0.2450 0.6558 0.0713 0.0046
175 0.0501 0.2318 0.5562 0.1593 0.0025
176 0.2512 0.3008 0.3279 0.1016 0.0186
177 0.0222 0.2170 0.3750 0.3811 0.0047
178 0.0446 0.1231 0.5605 0.2688 0.0030
179 0.0157 0.1917 0.2009 0.5903 0.0012
180 0.1970 0.4954 0.2610 0.0249 0.0219
181 0.0958 0.2192 0.4160 0.2644 0.0046
182 0.2668 0.2014 0.4199 0.0967 0.0151
183 0.0571 0.1436 0.4561 0.3184 0.0249
184 0.0695 0.2749 0.3816 0.2583 0.0159
185 0.1137 0.1530 0.5508 0.1761 0.0063
186 0.0396 0.1749 0.3882 0.3589 0.0384
187 0.0148 0.2878 0.2313 0.4600 0.0062
188 0.1910 0.0364 0.1488 0.5977 0.0263
189 0.0838 0.1059 0.6587 0.1339 0.0176
190 0.0935 0.1361 0.7471 0.0229 0.0003
191 0.1908 0.0297 0.1251 0.6353 0.0190
192 0.0439 0.5029 0.2910 0.1582 0.0039
193 0.0319 0.1672 0.4138 0.3828 0.0041
194 0.0486 0.0908 0.3589 0.4983 0.0036
195 0.0346 0.0927 0.3442 0.5249 0.0039
196 0.0199 0.3496 0.2479 0.3779 0.0045
197 0.1233 0.3433 0.3652 0.1476 0.0206
198 0.2878 0.2009 0.4673 0.0355 0.0086
199 0.0212 0.3635 0.4453 0.1199 0.0500
200 0.0194 0.3159 0.2832 0.3635 0.0180
201 0.0100 0.5107 0.3738 0.1006 0.0046
202 0.1032 0.1959 0.6626 0.0346 0.0035
203 0.1505 0.2856 0.4858 0.0711 0.0071
204 0.0368 0.0756 0.1729 0.7056 0.0092
205 0.1941 0.2632 0.4844 0.0322 0.0261
206 0.2849 0.2761 0.3926 0.0398 0.0066
207 0.1189 0.2517 0.4348 0.1625 0.0320
208 0.1625 0.0843 0.5581 0.1676 0.0274
209 0.2546 0.0974 0.3320 0.2751 0.0409
210 0.1936 0.3167 0.3589 0.0550 0.0758
211 0.1050 0.1759 0.6045 0.0837 0.0306
212 0.1403 0.1978 0.2581 0.3813 0.0227
213 0.0654 0.6655 0.2062 0.0471 0.0155
214 0.0651 0.2238 0.4963 0.0404 0.1743
215 0.0417 0.4929 0.4023 0.0058 0.0571
216 0.0638 0.2522 0.2859 0.3787 0.0196
217 0.0749 0.2219 0.4624 0.0540 0.1869
218 0.0756 0.1978 0.5547 0.1218 0.0504
219 0.2122 0.3286 0.3667 0.0831 0.0095
220 0.1348 0.4890 0.2966 0.0484 0.0310
221 0.1810 0.1898 0.5664 0.0503 0.0123
222 0.3406 0.1115 0.1852 0.2869 0.0760
223 0.3254 0.1216 0.2102 0.2615 0.0811
224 0.2686 0.1220 0.2603 0.2446 0.1044
225 0.0574 0.2986 0.4082 0.1226 0.1133
226 0.0300 0.0803 0.5073 0.3274 0.0551
227 0.0603 0.2832 0.5049 0.1470 0.0047
228 0.0368 0.1704 0.4285 0.3606 0.0037
229 0.0617 0.3232 0.3132 0.2766 0.0251
230 0.0208 0.3181 0.4084 0.2477 0.0051
231 0.0282 0.1141 0.6772 0.1740 0.0067
232 0.0946 0.2100 0.2654 0.3860 0.0440
233 0.1263 0.0946 0.6025 0.1263 0.0502
234 0.1169 0.1548 0.2939 0.4080 0.0265
235 0.0768 0.0898 0.3665 0.4150 0.0520
236 0.0797 0.2344 0.2134 0.4590 0.0136
237 0.2037 0.1689 0.2830 0.3257 0.0188
238 0.1101 0.0627 0.7290 0.0858 0.0123
239 0.1719 0.1772 0.3582 0.2661 0.0266
240 0.0487 0.0939 0.6626 0.1898 0.0052
241 0.0810 0.0749 0.4587 0.3687 0.0166
242 0.1329 0.1394 0.4360 0.0723 0.2192
243 0.0755 0.3230 0.4556 0.1346 0.0114
244 0.0975 0.0783 0.4507 0.3567 0.0168
245 0.1550 0.3494 0.4485 0.0377 0.0094
246 0.1440 0.3977 0.4102 0.0370 0.0111
247 0.1425 0.2788 0.4971 0.0662 0.0154
248 0.0829 0.1810 0.6123 0.1206 0.0031
249 0.0650 0.1941 0.6777 0.0611 0.0022
250 0.0503 0.2720 0.6523 0.0232 0.0025
251 0.0698 0.2253 0.6416 0.0588 0.0043
252 0.3801 0.0626 0.3921 0.1293 0.0359
253 0.2279 0.1667 0.5059 0.0706 0.0290
254 0.1691 0.1691 0.5898 0.0528 0.0193
255 0.2446 0.3093 0.4097 0.0118 0.0246
256 0.3418 0.2581 0.3755 0.0042 0.0204
257 0.3323 0.0596 0.3374 0.2546 0.0160
258 0.1992 0.1602 0.4932 0.1267 0.0208
259 0.1569 0.1261 0.6016 0.0952 0.0204
260 0.2402 0.0315 0.5332 0.1758 0.0193
261 0.1638 0.1716 0.3809 0.2537 0.0301
262 0.1987 0.2847 0.2512 0.2323 0.0330
263 0.1987 0.2847 0.2512 0.2323 0.0330
264 0.1987 0.2847 0.2512 0.2323 0.0330
