time exciting_prob fearful_prob tense_prob sad_prob relaxing_prob
0 0.3057 0.0257 0.1142 0.4807 0.0737
1 0.5605 0.0915 0.1331 0.0880 0.1270
2 0.2137 0.2661 0.2257 0.1638 0.1306
3 0.1214 0.0931 0.4583 0.3052 0.0221
4 0.0933 0.0948 0.5542 0.2421 0.0156
5 0.3259 0.2703 0.3110 0.0584 0.0346
6 0.1836 0.1418 0.3271 0.2394 0.1079
7 0.1558 0.1522 0.4507 0.1038 0.1375
8 0.2578 0.0756 0.2681 0.3442 0.0540
9 0.1406 0.1165 0.2886 0.4197 0.0347
10 0.2444 0.5132 0.1615 0.0313 0.0497
11 0.3320 0.3320 0.2030 0.0741 0.0586
12 0.0195 0.7305 0.2371 0.0103 0.0028
13 0.2041 0.0745 0.0637 0.5859 0.0717
14 0.5483 0.2200 0.0479 0.0583 0.1254
15 0.8184 0.0503 0.0715 0.0177 0.0424
16 0.0366 0.0906 0.1449 0.7188 0.0091
17 0.0533 0.2296 0.5093 0.2058 0.0019
18 0.2109 0.1847 0.4980 0.0659 0.0406
19 0.0527 0.3081 0.5239 0.0889 0.0265
20 0.2922 0.1931 0.4055 0.0683 0.0408
21 0.3120 0.2111 0.3735 0.0718 0.0316
22 0.1803 0.1934 0.5298 0.0512 0.0452
23 0.0667 0.4387 0.3811 0.1017 0.0118
24 0.2262 0.4360 0.1483 0.0238 0.1655
25 0.5879 0.2230 0.1223 0.0168 0.0502
26 0.3540 0.3857 0.1672 0.0101 0.0828
27 0.2446 0.1069 0.0695 0.4395 0.1394
28 0.3218 0.4365 0.1147 0.0624 0.0644
29 0.1884 0.4082 0.1008 0.2418 0.0607
30 0.3787 0.2793 0.1393 0.1077 0.0950
31 0.3562 0.2930 0.2128 0.0820 0.0559
32 0.1262 0.5610 0.1223 0.1453 0.0453
33 0.4045 0.2737 0.1224 0.0394 0.1597
34 0.5659 0.1583 0.1014 0.0367 0.1376
35 0.5337 0.1858 0.1577 0.0128 0.1101
36 0.3547 0.3306 0.0626 0.1478 0.1041
37 0.3159 0.2639 0.1576 0.1307 0.1317
38 0.2404 0.3496 0.0994 0.0683 0.2422
39 0.3147 0.1570 0.3826 0.0206 0.1251
40 0.5205 0.2311 0.2072 0.0055 0.0357
41 0.5259 0.2314 0.1816 0.0080 0.0533
42 0.9536 0.0074 0.0284 0.0104 0.0004
43 0.0584 0.0727 0.6089 0.2384 0.0215
44 0.0322 0.0784 0.5278 0.3572 0.0045
45 0.1532 0.0619 0.5688 0.1906 0.0254
46 0.3752 0.2922 0.2057 0.0234 0.1034
47 0.3809 0.2764 0.1049 0.1074 0.1306
48 0.6826 0.1039 0.1097 0.0085 0.0953
49 0.8091 0.0649 0.0701 0.0029 0.0529
50 0.0242 0.1631 0.7192 0.0886 0.0047
51 0.0458 0.0803 0.5239 0.3381 0.0118
52 0.0357 0.0673 0.4385 0.4385 0.0200
53 0.0522 0.0992 0.4241 0.3984 0.0261
54 0.0857 0.4219 0.4351 0.0320 0.0253
55 0.1355 0.3030 0.2959 0.1097 0.1559
56 0.1769 0.3804 0.2964 0.0791 0.0671
57 0.1093 0.1903 0.5771 0.0769 0.0466
58 0.7979 0.0487 0.0834 0.0046 0.0655
59 0.2214 0.3247 0.4302 0.0017 0.0219
60 0.0238 0.1604 0.7300 0.0794 0.0061
61 0.0660 0.2676 0.6025 0.0539 0.0098
62 0.0437 0.5366 0.3157 0.0883 0.0156
63 0.0740 0.3477 0.4062 0.1604 0.0117
64 0.8462 0.0711 0.0478 0.0032 0.0316
65 0.6235 0.2056 0.0994 0.0202 0.0512
66 0.0883 0.3745 0.1206 0.2084 0.2084
67 0.1683 0.2527 0.3914 0.1122 0.0753
68 0.0730 0.1807 0.3538 0.3538 0.0391
69 0.0686 0.1545 0.4543 0.2935 0.0291
70 0.0485 0.3845 0.4495 0.1043 0.0132
71 0.0334 0.2305 0.1740 0.5527 0.0093
72 0.0208 0.5752 0.1432 0.2435 0.0172
73 0.0420 0.6035 0.1884 0.1599 0.0064
74 0.0431 0.7705 0.1110 0.0632 0.0121
75 0.0308 0.6597 0.1449 0.1426 0.0222
76 0.0555 0.7549 0.1096 0.0522 0.0279
77 0.0375 0.7246 0.1416 0.0648 0.0313
78 0.0587 0.6816 0.1213 0.1005 0.0379
79 0.5156 0.1124 0.1315 0.1188 0.1216
80 0.3965 0.0980 0.1746 0.2190 0.1119
81 0.0801 0.4133 0.2468 0.2450 0.0146
82 0.0332 0.2798 0.2356 0.4333 0.0180
83 0.0622 0.4421 0.2294 0.2559 0.0102
84 0.0516 0.3135 0.5591 0.0576 0.0182
85 0.0195 0.4866 0.2334 0.2334 0.0272
86 0.6982 0.0909 0.1453 0.0057 0.0601
87 0.7637 0.1075 0.0798 0.0079 0.0411
88 0.6084 0.2102 0.1065 0.0119 0.0631
89 0.3223 0.2778 0.0902 0.0719 0.2377
90 0.1934 0.4426 0.1615 0.0533 0.1494
91 0.6235 0.1010 0.1287 0.0346 0.1118
92 0.0199 0.6235 0.1436 0.1993 0.0137
93 0.0105 0.6646 0.1102 0.2058 0.0090
94 0.0148 0.7808 0.1422 0.0565 0.0057
95 0.0656 0.4275 0.1912 0.1622 0.1536
96 0.2773 0.4004 0.3022 0.0078 0.0124
97 0.2668 0.5518 0.1643 0.0096 0.0078
98 0.8516 0.0138 0.0473 0.0844 0.0030
99 0.0253 0.2291 0.6230 0.1152 0.0075
100 0.0366 0.0949 0.7012 0.1639 0.0034
101 0.2416 0.1421 0.5278 0.0602 0.0284
102 0.0372 0.5054 0.3813 0.0684 0.0079
103 0.2756 0.3049 0.2510 0.0353 0.1333
104 0.6729 0.1304 0.1245 0.0104 0.0621
105 0.7173 0.0519 0.1083 0.0210 0.1017
106 0.0600 0.1372 0.4033 0.3909 0.0085
107 0.2615 0.3381 0.3462 0.0259 0.0282
108 0.1399 0.3054 0.5239 0.0185 0.0123
109 0.0194 0.2056 0.7402 0.0330 0.0018
110 0.0538 0.2798 0.4268 0.2321 0.0074
111 0.0449 0.4426 0.4358 0.0248 0.0520
112 0.0085 0.0480 0.8784 0.0636 0.0015
113 0.6826 0.0506 0.0868 0.0742 0.1055
114 0.1196 0.5796 0.2695 0.0174 0.0140
115 0.6104 0.1847 0.1405 0.0233 0.0412
116 0.7993 0.0671 0.0791 0.0081 0.0465
117 0.2798 0.2732 0.3481 0.0426 0.0564
118 0.2275 0.4285 0.3086 0.0191 0.0162
119 0.2856 0.3042 0.3845 0.0124 0.0134
120 0.1235 0.3574 0.4246 0.0548 0.0398
121 0.3108 0.2920 0.3257 0.0253 0.0462
122 0.2111 0.4539 0.2627 0.0342 0.0384
123 0.2988 0.2678 0.3777 0.0285 0.0271
124 0.7207 0.0535 0.0953 0.0081 0.1224
125 0.6631 0.0727 0.1445 0.0141 0.1057
126 0.1299 0.2583 0.4460 0.1219 0.0438
127 0.5503 0.2295 0.1589 0.0130 0.0481
128 0.3953 0.2133 0.2983 0.0102 0.0829
129 0.1188 0.3308 0.5005 0.0294 0.0207
130 0.1007 0.2803 0.2803 0.1754 0.1635
131 0.0326 0.2043 0.7021 0.0542 0.0065
132 0.0129 0.1472 0.1405 0.6919 0.0077
133 0.4072 0.3298 0.1908 0.0432 0.0290
134 0.7271 0.1031 0.0875 0.0103 0.0720
135 0.3091 0.1472 0.4941 0.0256 0.0240
136 0.2426 0.2124 0.2881 0.1788 0.0781
137 0.1481 0.3638 0.2385 0.2206 0.0292
138 0.3660 0.1611 0.2554 0.1041 0.1133
139 0.4810 0.1826 0.2515 0.0265 0.0583
140 0.1077 0.2837 0.1449 0.4395 0.0244
141 0.0867 0.1096 0.5308 0.2430 0.0297
142 0.0075 0.1013 0.3374 0.4756 0.0782
143 0.8677 0.0201 0.0486 0.0054 0.0581
144 0.5557 0.2524 0.1165 0.0101 0.0653
145 0.1165 0.5137 0.2352 0.1120 0.0224
146 0.0996 0.4534 0.2352 0.1721 0.0396
147 0.5732 0.1027 0.1044 0.0339 0.1860
148 0.4546 0.2017 0.0754 0.1621 0.1063
149 0.3691 0.2460 0.2854 0.0354 0.0641
150 0.3391 0.2642 0.2295 0.0303 0.1370
151 0.7603 0.0826 0.0840 0.0168 0.0564
152 0.3989 0.3132 0.2006 0.0179 0.0693
153 0.3877 0.2996 0.1628 0.0674 0.0825
154 0.0391 0.1547 0.7612 0.0279 0.0173
155 0.0711 0.2313 0.5015 0.0445 0.1517
156 0.5352 0.2095 0.0771 0.1037 0.0747
157 0.4387 0.2900 0.0545 0.0396 0.1772
158 0.7344 0.0389 0.0756 0.0152 0.1359
159 0.0978 0.2852 0.3606 0.2239 0.0325
160 0.1206 0.3628 0.3127 0.1782 0.0257
161 0.0983 0.4304 0.3770 0.0630 0.0312
162 0.3472 0.2349 0.3611 0.0311 0.0259
163 0.2297 0.1591 0.1288 0.2563 0.2261
164 0.3198 0.2413 0.0645 0.0367 0.3376
165 0.2502 0.2010 0.2622 0.2747 0.0120
166 0.1796 0.2554 0.3545 0.1525 0.0583
167 0.1102 0.2174 0.3613 0.2771 0.0341
168 0.1937 0.2144 0.4868 0.1005 0.0046
169 0.0775 0.4744 0.2189 0.2040 0.0253
170 0.2439 0.1899 0.3662 0.1256 0.0744
171 0.3530 0.1996 0.2727 0.1566 0.0181
172 0.1011 0.2603 0.2815 0.3264 0.0306
173 0.7783 0.0614 0.0493 0.0175 0.0937
174 0.4390 0.2947 0.1190 0.0399 0.1075
175 0.3008 0.4080 0.0903 0.1304 0.0704
176 0.2727 0.2010 0.1831 0.1949 0.1483
177 0.3418 0.1493 0.2581 0.2277 0.0231
178 0.7964 0.0419 0.0339 0.0107 0.1174
179 0.9097 0.0134 0.0439 0.0326 0.0006
180 0.3489 0.1560 0.4209 0.0305 0.0437
181 0.2891 0.1409 0.4478 0.0709 0.0514
182 0.7070 0.0567 0.1068 0.0740 0.0554
183 0.2561 0.1578 0.5015 0.0541 0.0303
184 0.2559 0.2581 0.2725 0.1026 0.1110
185 0.3743 0.2133 0.2474 0.0325 0.1324
186 0.1925 0.4014 0.2234 0.1409 0.0420
187 0.0196 0.1036 0.0489 0.0384 0.7896
188 0.1268 0.3394 0.2903 0.2075 0.0358
189 0.3992 0.2170 0.3157 0.0398 0.0282
190 0.6299 0.1696 0.1416 0.0321 0.0268
191 0.1365 0.5972 0.1510 0.0730 0.0423
192 0.5820 0.2280 0.1004 0.0489 0.0406
193 0.1534 0.2432 0.4951 0.0397 0.0686
194 0.2478 0.2365 0.2222 0.2808 0.0128
195 0.1459 0.4707 0.2190 0.1360 0.0285
196 0.2666 0.2646 0.3425 0.0922 0.0342
197 0.1256 0.2766 0.3469 0.0818 0.1691
198 0.2456 0.2720 0.3745 0.0414 0.0667
199 0.1721 0.2603 0.4326 0.0485 0.0865
200 0.2146 0.2671 0.3025 0.1594 0.0564
201 0.3279 0.2167 0.2289 0.0961 0.1304
202 0.4080 0.3252 0.1741 0.0427 0.0499
203 0.8164 0.0635 0.0630 0.0138 0.0433
204 0.2847 0.3889 0.1063 0.0433 0.1768
205 0.3408 0.4016 0.1263 0.0483 0.0829
206 0.3701 0.4570 0.0900 0.0146 0.0685
207 0.2279 0.2316 0.3816 0.0585 0.1003
208 0.2549 0.2820 0.3621 0.0765 0.0245
209 0.0841 0.3301 0.4512 0.1123 0.0223
210 0.0635 0.4724 0.2097 0.2214 0.0329
211 0.3657 0.2289 0.1840 0.1868 0.0345
212 0.2825 0.0487 0.4658 0.0767 0.1263
213 0.2979 0.0967 0.3428 0.0101 0.2527
214 0.3643 0.0806 0.3394 0.0083 0.2075
215 0.4385 0.3062 0.1516 0.0187 0.0850
216 0.4663 0.0933 0.3577 0.0060 0.0767
217 0.3330 0.0167 0.2084 0.2717 0.1700
218 0.3591 0.2527 0.1644 0.1737 0.0501
219 0.6855 0.1328 0.0627 0.0306 0.0885
220 0.5312 0.1243 0.1711 0.0209 0.1522
221 0.2426 0.3877 0.2949 0.0418 0.0331
222 0.3816 0.3877 0.1426 0.0418 0.0463
223 0.8252 0.0553 0.0492 0.0162 0.0540
224 0.7681 0.0348 0.0635 0.0382 0.0954
225 0.2037 0.2830 0.2496 0.2310 0.0327
226 0.2037 0.2830 0.2496 0.2310 0.0327
227 0.5005 0.0911 0.1716 0.1412 0.0955
228 0.1860 0.0851 0.2244 0.4675 0.0369
229 0.2625 0.2410 0.4036 0.0229 0.0701
230 0.2466 0.3425 0.3293 0.0384 0.0432
231 0.3081 0.1169 0.1573 0.3384 0.0792
232 0.1129 0.2666 0.1044 0.1920 0.3242
233 0.3027 0.2529 0.1534 0.0551 0.2357
234 0.1707 0.4497 0.2583 0.0590 0.0623
235 0.0750 0.0434 0.2964 0.5625 0.0225
