time exciting_prob fearful_prob tense_prob sad_prob relaxing_prob
0 0.2211 0.1300 0.1696 0.4260 0.0533
1 0.0231 0.1350 0.2644 0.5098 0.0679
2 0.0160 0.0383 0.1058 0.7939 0.0462
3 0.0801 0.0644 0.2932 0.5479 0.0145
4 0.0372 0.0893 0.3215 0.5303 0.0217
5 0.8872 0.0125 0.0935 0.0049 0.0022
6 0.8989 0.0106 0.0836 0.0046 0.0021
7 0.5059 0.0758 0.3069 0.1012 0.0100
8 0.4058 0.0851 0.3904 0.0956 0.0231
9 0.9019 0.0144 0.0299 0.0363 0.0177
10 0.9189 0.0167 0.0365 0.0149 0.0131
11 0.0840 0.1194 0.2284 0.5396 0.0286
12 0.2489 0.0502 0.4104 0.2031 0.0874
13 0.4438 0.0675 0.2394 0.1343 0.1149
14 0.7930 0.1400 0.0330 0.0124 0.0215
15 0.0635 0.0754 0.2183 0.6313 0.0114
16 0.2935 0.1895 0.1659 0.0923 0.2590
17 0.0156 0.0031 0.0154 0.9653 0.0004
18 0.0366 0.0053 0.0205 0.9370 0.0006
19 0.0873 0.3647 0.3145 0.2112 0.0221
20 0.1157 0.0853 0.2976 0.4434 0.0581
21 0.1042 0.1190 0.2312 0.5293 0.0162
22 0.0828 0.2756 0.5029 0.1014 0.0373
23 0.1727 0.1377 0.2849 0.3032 0.1016
24 0.1345 0.0401 0.4016 0.4080 0.0157
25 0.3975 0.0432 0.2264 0.2283 0.1045
26 0.1637 0.2186 0.2808 0.1914 0.1456
27 0.0764 0.2644 0.4031 0.2316 0.0246
28 0.1661 0.1797 0.4883 0.1274 0.0385
29 0.0193 0.1218 0.3635 0.4890 0.0064
30 0.0725 0.1420 0.6025 0.1674 0.0157
31 0.1763 0.1212 0.3533 0.3069 0.0422
32 0.1484 0.1069 0.3818 0.2883 0.0746
33 0.2087 0.1041 0.3606 0.2292 0.0971
34 0.1877 0.2355 0.4038 0.1395 0.0334
35 0.1499 0.1752 0.3857 0.0999 0.1895
36 0.1233 0.1344 0.2632 0.3569 0.1224
37 0.2429 0.1892 0.3047 0.1998 0.0634
38 0.1753 0.0754 0.2756 0.3889 0.0848
39 0.2732 0.1406 0.2030 0.2336 0.1497
40 0.2155 0.0434 0.3665 0.2559 0.1190
41 0.2871 0.1048 0.3306 0.1216 0.1561
42 0.1311 0.1417 0.2566 0.4612 0.0093
43 0.0969 0.2986 0.3923 0.1797 0.0325
44 0.1301 0.2954 0.4038 0.0342 0.1364
45 0.1299 0.1138 0.4827 0.1438 0.1299
46 0.0858 0.1816 0.5176 0.1163 0.0988
47 0.0966 0.1935 0.4604 0.2092 0.0403
48 0.0297 0.0770 0.4365 0.4365 0.0204
49 0.0867 0.0880 0.3650 0.4541 0.0062
50 0.1096 0.2130 0.3511 0.0304 0.2957
51 0.1730 0.1885 0.2942 0.1422 0.2021
52 0.1194 0.2266 0.3455 0.0460 0.2627
53 0.1241 0.2229 0.3145 0.0292 0.3096
54 0.1552 0.2422 0.3550 0.1613 0.0864
55 0.0654 0.3455 0.4873 0.0035 0.0982
56 0.1096 0.4136 0.3376 0.0029 0.1364
57 0.0301 0.5903 0.3159 0.0261 0.0374
58 0.0957 0.1371 0.4976 0.2124 0.0572
59 0.1353 0.2627 0.5649 0.0028 0.0342
60 0.1516 0.4595 0.2422 0.0986 0.0481
61 0.2546 0.3882 0.0859 0.2161 0.0551
62 0.0401 0.6685 0.1857 0.0603 0.0455
63 0.0589 0.1614 0.6533 0.0584 0.0678
64 0.2089 0.3445 0.2539 0.0728 0.1199
65 0.0804 0.0786 0.2988 0.4849 0.0575
66 0.2197 0.0854 0.4688 0.1322 0.0938
67 0.2216 0.1488 0.4475 0.0961 0.0861
68 0.0750 0.5371 0.2576 0.0926 0.0377
69 0.2903 0.0326 0.4360 0.2227 0.0184
70 0.1272 0.1167 0.1985 0.5312 0.0264
71 0.1283 0.3486 0.3982 0.0889 0.0359
72 0.4690 0.0650 0.2935 0.1453 0.0273
73 0.5132 0.0781 0.3445 0.0328 0.0313
74 0.1335 0.2576 0.3491 0.2238 0.0359
75 0.1570 0.2776 0.2469 0.2375 0.0808
76 0.1628 0.1239 0.3020 0.3584 0.0529
77 0.0844 0.1993 0.2294 0.4783 0.0087
78 0.1014 0.1821 0.1354 0.5352 0.0457
79 0.1172 0.0899 0.1309 0.6387 0.0231
80 0.1874 0.2058 0.4390 0.1154 0.0524
81 0.0454 0.4412 0.4209 0.0836 0.0091
82 0.0294 0.3372 0.5059 0.1221 0.0053
83 0.0554 0.1127 0.2810 0.5093 0.0418
84 0.1061 0.1271 0.3562 0.3914 0.0192
85 0.1256 0.5288 0.0786 0.1842 0.0824
86 0.1443 0.4802 0.0472 0.2781 0.0502
87 0.2490 0.3950 0.2097 0.0991 0.0472
88 0.2603 0.1790 0.3291 0.0674 0.1642
89 0.0752 0.2974 0.4395 0.1708 0.0174
90 0.0466 0.5371 0.2876 0.1153 0.0131
91 0.1089 0.0291 0.2695 0.5884 0.0042
92 0.1333 0.2510 0.3196 0.1354 0.1608
93 0.1179 0.3359 0.1065 0.1841 0.2556
94 0.0133 0.0183 0.0531 0.2269 0.6885
95 0.0293 0.2529 0.0888 0.0175 0.6113
96 0.1290 0.3169 0.2546 0.1509 0.1486
97 0.1014 0.2959 0.3567 0.0443 0.2017
98 0.0564 0.4006 0.2507 0.0169 0.2754
99 0.0797 0.3330 0.1927 0.0171 0.3774
100 0.0288 0.0974 0.0542 0.0471 0.7725
101 0.0333 0.1587 0.1049 0.0455 0.6577
102 0.0907 0.2192 0.2974 0.0907 0.3020
103 0.0183 0.0482 0.0446 0.0065 0.8823
104 0.0597 0.0552 0.0640 0.0105 0.8105
105 0.0437 0.0810 0.0749 0.7568 0.0437
106 0.0670 0.1808 0.1698 0.5273 0.0551
107 0.0355 0.0254 0.0292 0.1383 0.7715
108 0.0277 0.0707 0.0894 0.0873 0.7251
109 0.2805 0.2986 0.1274 0.0798 0.2135
110 0.0617 0.0941 0.1118 0.7173 0.0149
111 0.0297 0.0534 0.2627 0.1632 0.4910
112 0.0370 0.1365 0.2778 0.3708 0.1780
113 0.1273 0.3462 0.3201 0.0731 0.1334
114 0.0538 0.4829 0.1776 0.1763 0.1094
115 0.0440 0.1740 0.1635 0.0302 0.5884
116 0.0885 0.1554 0.2664 0.1259 0.3640
117 0.2412 0.3049 0.3945 0.0217 0.0376
118 0.0312 0.0407 0.0413 0.0173 0.8696
119 0.0170 0.0199 0.0508 0.0124 0.8999
120 0.0851 0.3042 0.3877 0.1201 0.1027
121 0.0424 0.3386 0.2186 0.0398 0.3606
122 0.1427 0.4607 0.2334 0.1405 0.0228
123 0.0989 0.2468 0.4834 0.1533 0.0176
124 0.0323 0.2703 0.4250 0.0188 0.2537
125 0.0515 0.1716 0.2874 0.1316 0.3577
126 0.1052 0.0807 0.3044 0.3848 0.1249
127 0.1831 0.4426 0.2208 0.0537 0.0995
128 0.0223 0.1594 0.6113 0.0640 0.1429
129 0.0556 0.4841 0.3889 0.0400 0.0312
130 0.0005 0.0005 0.0007 0.0003 0.9980
131 0.0064 0.0454 0.0370 0.0277 0.8833
132 0.0078 0.0898 0.0617 0.1456 0.6948
133 0.0329 0.2449 0.1670 0.0329 0.5225
134 0.1295 0.3059 0.4021 0.0677 0.0948
135 0.1407 0.3455 0.2712 0.1185 0.1241
136 0.1322 0.3074 0.3298 0.1646 0.0660
137 0.1617 0.1321 0.4536 0.2354 0.0172
138 0.1577 0.2106 0.5010 0.1050 0.0255
139 0.1061 0.2336 0.2281 0.2751 0.1569
140 0.0912 0.5415 0.3208 0.0204 0.0261
141 0.0850 0.3333 0.4592 0.0588 0.0636
142 0.2749 0.1137 0.3669 0.1919 0.0525
143 0.1163 0.0934 0.3997 0.3528 0.0378
144 0.2751 0.0563 0.2245 0.3818 0.0623
145 0.2017 0.0382 0.2888 0.3796 0.0916
146 0.4402 0.0649 0.3508 0.0361 0.1078
147 0.1490 0.3926 0.4082 0.0097 0.0404
148 0.0030 0.0013 0.0063 0.0013 0.9883
149 0.2764 0.2136 0.4382 0.0200 0.0515
150 0.1804 0.3643 0.3586 0.0292 0.0674
151 0.1702 0.1400 0.3865 0.1729 0.1305
152 0.0535 0.1852 0.1334 0.2654 0.3625
153 0.0731 0.3953 0.3008 0.1421 0.0889
154 0.0475 0.1509 0.3943 0.1300 0.2773
155 0.1123 0.3982 0.3569 0.0635 0.0692
156 0.1571 0.5317 0.1442 0.0868 0.0803
157 0.3909 0.1681 0.3848 0.0168 0.0393
158 0.1405 0.1965 0.3267 0.2427 0.0936
159 0.1504 0.2441 0.2944 0.1665 0.1447
160 0.0727 0.3662 0.3257 0.0768 0.1587
161 0.0807 0.3425 0.3145 0.0701 0.1921
162 0.1921 0.0853 0.3372 0.3762 0.0091
163 0.6133 0.1306 0.1412 0.0798 0.0349
164 0.4856 0.2072 0.2137 0.0540 0.0396
165 0.3750 0.1217 0.3108 0.1689 0.0236
166 0.0278 0.0710 0.0744 0.0205 0.8062
167 0.0708 0.1409 0.1595 0.0719 0.5571
168 0.1665 0.0247 0.2539 0.4387 0.1162
169 0.0421 0.0598 0.2383 0.5454 0.1143
170 0.1093 0.0399 0.3726 0.4155 0.0627
171 0.0454 0.2416 0.2454 0.0302 0.4375
172 0.0529 0.2581 0.2010 0.0278 0.4602
173 0.1057 0.1099 0.7002 0.0305 0.0536
174 0.1311 0.1475 0.6709 0.0128 0.0376
175 0.0323 0.1630 0.1416 0.6343 0.0288
176 0.2142 0.0674 0.4260 0.2177 0.0746
177 0.1113 0.2393 0.5693 0.0250 0.0551
178 0.1276 0.0829 0.4485 0.3181 0.0229
179 0.0939 0.1263 0.6416 0.1224 0.0159
180 0.0582 0.1271 0.2229 0.3508 0.2411
181 0.1664 0.1469 0.3362 0.2637 0.0870
182 0.1626 0.2966 0.2681 0.0970 0.1758
183 0.0141 0.0136 0.1636 0.0641 0.7446
184 0.0319 0.0718 0.4402 0.2754 0.1807
185 0.2788 0.2106 0.2947 0.1050 0.1110
186 0.0667 0.0677 0.2366 0.1871 0.4419
187 0.0376 0.0491 0.2378 0.1560 0.5195
188 0.1040 0.2202 0.1989 0.0720 0.4050
189 0.0271 0.1647 0.3076 0.0867 0.4138
190 0.0091 0.3672 0.1580 0.3850 0.0807
191 0.0471 0.2321 0.5566 0.0840 0.0802
192 0.2321 0.2339 0.3027 0.1608 0.0707
193 0.2213 0.3735 0.3247 0.0538 0.0266
194 0.0979 0.5591 0.1238 0.0261 0.1932
195 0.1048 0.3545 0.2871 0.0469 0.2068
196 0.0928 0.2705 0.2242 0.0250 0.3875
197 0.1067 0.4744 0.1370 0.0219 0.2600
198 0.0594 0.1101 0.6694 0.1392 0.0220
199 0.1769 0.3057 0.3572 0.1072 0.0531
200 0.1621 0.1808 0.3596 0.1753 0.1223
201 0.0832 0.1904 0.3188 0.3672 0.0402
202 0.0799 0.3870 0.3311 0.0247 0.1772
203 0.1658 0.2001 0.3977 0.1062 0.1301
204 0.0566 0.4817 0.4058 0.0229 0.0331
205 0.1912 0.1866 0.3354 0.0720 0.2148
206 0.1147 0.1804 0.5645 0.0929 0.0475
207 0.0338 0.6318 0.2324 0.0310 0.0709
208 0.1395 0.2710 0.4070 0.1451 0.0373
209 0.0673 0.5088 0.2443 0.1050 0.0745
210 0.2922 0.0786 0.4385 0.1758 0.0148
211 0.1355 0.4656 0.2695 0.0487 0.0809
212 0.1368 0.0941 0.4854 0.0455 0.2383
213 0.2725 0.1093 0.4321 0.0381 0.1482
214 0.0915 0.3704 0.4719 0.0216 0.0446
215 0.0480 0.4519 0.3203 0.0544 0.1255
216 0.0778 0.3381 0.2324 0.1366 0.2150
217 0.6323 0.1143 0.1433 0.0933 0.0166
218 0.0895 0.1547 0.4915 0.2048 0.0596
219 0.1010 0.3135 0.5415 0.0200 0.0242
220 0.1074 0.4348 0.3604 0.0243 0.0732
221 0.1823 0.3301 0.3027 0.0164 0.1686
222 0.0971 0.0912 0.3901 0.3608 0.0608
223 0.4849 0.1357 0.2308 0.1335 0.0151
224 0.0538 0.1353 0.1791 0.6250 0.0067
225 0.1170 0.0941 0.6841 0.0850 0.0200
226 0.0540 0.1456 0.7339 0.0477 0.0187
227 0.1874 0.2296 0.2260 0.3501 0.0070
228 0.1598 0.3862 0.3862 0.0570 0.0108
229 0.1823 0.2891 0.1499 0.3711 0.0076
230 0.1204 0.1104 0.6113 0.1261 0.0319
231 0.0294 0.1960 0.0986 0.6582 0.0181
232 0.1101 0.0858 0.6694 0.1182 0.0166
233 0.0786 0.0948 0.7114 0.0919 0.0231
234 0.0946 0.1699 0.1957 0.5317 0.0081
235 0.0295 0.0991 0.4956 0.3684 0.0073
236 0.0342 0.1261 0.4761 0.3430 0.0206
237 0.1484 0.1250 0.3850 0.3345 0.0072
238 0.1126 0.3086 0.4668 0.0850 0.0272
239 0.2524 0.1891 0.4573 0.0173 0.0839
240 0.2185 0.1284 0.1433 0.4553 0.0544
241 0.2585 0.1862 0.5103 0.0212 0.0240
242 0.1643 0.2299 0.4194 0.0770 0.1094
243 0.1508 0.3879 0.3118 0.1120 0.0375
244 0.2393 0.3650 0.1440 0.0847 0.1671
245 0.2661 0.1932 0.2172 0.1163 0.2073
246 0.2455 0.3953 0.1754 0.1754 0.0085
247 0.2218 0.3228 0.3127 0.1254 0.0171
248 0.1860 0.3477 0.3240 0.1329 0.0096
249 0.0989 0.2952 0.5825 0.0114 0.0123
250 0.2429 0.2111 0.3911 0.0471 0.1078
251 0.0577 0.3618 0.4229 0.0981 0.0595
252 0.0804 0.0417 0.2399 0.5757 0.0626
253 0.0800 0.1414 0.2424 0.4746 0.0618
254 0.2969 0.2578 0.3364 0.0508 0.0580
255 0.1953 0.4612 0.1113 0.1157 0.1166
256 0.3628 0.2493 0.1107 0.0221 0.2551
257 0.1060 0.7354 0.0935 0.0264 0.0387
258 0.2354 0.3142 0.1967 0.0409 0.2126
259 0.0345 0.5264 0.3425 0.0629 0.0337
260 0.1119 0.2371 0.1077 0.3557 0.1875
261 0.1459 0.5552 0.1844 0.0274 0.0872
262 0.0986 0.6685 0.1379 0.0184 0.0768
263 0.0728 0.2241 0.2922 0.2581 0.1528
264 0.1232 0.2249 0.3403 0.2321 0.0796
265 0.2029 0.1508 0.3616 0.2448 0.0399
266 0.1114 0.0771 0.7852 0.0216 0.0046
267 0.0610 0.2590 0.6309 0.0410 0.0081
268 0.0938 0.1014 0.4912 0.2842 0.0295
269 0.0586 0.0442 0.0922 0.4680 0.3372
270 0.0677 0.2893 0.4697 0.0120 0.1611
271 0.0358 0.3503 0.5513 0.0012 0.0614
272 0.0697 0.2693 0.5615 0.0051 0.0945
273 0.4077 0.0132 0.0630 0.5151 0.0008
274 0.3984 0.0126 0.0602 0.5278 0.0007
275 0.2047 0.2842 0.2468 0.2319 0.0324
276 0.2037 0.2830 0.2496 0.2310 0.0327
277 0.4792 0.3911 0.0551 0.0096 0.0649
278 0.4827 0.3877 0.0550 0.0093 0.0653
279 0.4829 0.3879 0.0550 0.0093 0.0648
280 0.4829 0.3879 0.0550 0.0093 0.0648
281 0.4834 0.3884 0.0547 0.0092 0.0644
282 0.4834 0.3884 0.0547 0.0092 0.0644
283 0.4800 0.3916 0.0543 0.0091 0.0649
284 0.4829 0.3879 0.0546 0.0092 0.0654
285 0.4795 0.3914 0.0546 0.0092 0.0654
286 0.4836 0.3887 0.0543 0.0091 0.0645
