time exciting_prob fearful_prob tense_prob sad_prob relaxing_prob
0 0.2037 0.2830 0.2496 0.2310 0.0327
1 0.2944 0.0728 0.2722 0.3184 0.0421
2 0.3738 0.0490 0.1738 0.3352 0.0681
3 0.2108 0.0478 0.2280 0.4678 0.0456
4 0.2268 0.0582 0.3623 0.3005 0.0522
5 0.2256 0.0488 0.2478 0.4216 0.0562
6 0.5742 0.1792 0.0777 0.0747 0.0944
7 0.3718 0.1305 0.1368 0.1246 0.2363
8 0.5684 0.0384 0.1415 0.1191 0.1328
9 0.2247 0.0195 0.6401 0.0387 0.0770
10 0.2410 0.0201 0.6060 0.0396 0.0936
11 0.2164 0.0141 0.5977 0.0522 0.1196
12 0.1957 0.2715 0.3125 0.1263 0.0939
13 0.8018 0.1259 0.0264 0.0309 0.0150
14 0.0595 0.1791 0.2094 0.5181 0.0339
15 0.0472 0.1672 0.2434 0.5234 0.0189
16 0.0937 0.1921 0.1982 0.4719 0.0439
17 0.0890 0.1742 0.2871 0.4114 0.0383
18 0.1633 0.1195 0.1354 0.2413 0.3403
19 0.1383 0.0981 0.1165 0.2710 0.3762
20 0.1157 0.0582 0.2374 0.5605 0.0279
21 0.4290 0.1934 0.1995 0.0554 0.1229
22 0.0563 0.0393 0.4033 0.4866 0.0145
23 0.1846 0.1860 0.2793 0.0839 0.2664
24 0.1543 0.3118 0.3503 0.0928 0.0907
25 0.3025 0.0475 0.1724 0.3025 0.1750
26 0.1840 0.1989 0.3384 0.2595 0.0194
27 0.0955 0.0829 0.1188 0.6733 0.0294
28 0.1149 0.2432 0.3123 0.2979 0.0319
29 0.6958 0.0793 0.1627 0.0598 0.0024
30 0.5088 0.0793 0.3286 0.0805 0.0028
31 0.6885 0.0731 0.1443 0.0931 0.0011
32 0.5620 0.0903 0.1388 0.2068 0.0018
33 0.0670 0.0847 0.2062 0.6060 0.0361
34 0.0478 0.0769 0.2158 0.6147 0.0449
35 0.1235 0.0897 0.1898 0.4773 0.1198
36 0.2300 0.5024 0.1484 0.0439 0.0753
37 0.1048 0.6729 0.1549 0.0101 0.0574
38 0.1328 0.0637 0.0898 0.5420 0.1719
39 0.1077 0.1340 0.1383 0.0643 0.5557
40 0.2487 0.0853 0.2195 0.1819 0.2646
41 0.1316 0.0473 0.0786 0.0641 0.6787
42 0.0750 0.4814 0.3635 0.0349 0.0451
43 0.2284 0.1364 0.2146 0.2510 0.1698
44 0.2472 0.1283 0.2935 0.1740 0.1571
45 0.1306 0.2439 0.1306 0.3550 0.1400
46 0.1681 0.1790 0.0788 0.4033 0.1708
47 0.2129 0.2568 0.0840 0.3296 0.1166
48 0.1157 0.2568 0.1139 0.4541 0.0596
49 0.0799 0.1539 0.0694 0.5249 0.1718
50 0.2224 0.2295 0.0972 0.2856 0.1653
51 0.1466 0.0749 0.1160 0.5039 0.1586
52 0.3254 0.1033 0.1161 0.3105 0.1444
53 0.0798 0.1083 0.1730 0.5454 0.0933
54 0.1576 0.0941 0.1492 0.3838 0.2153
55 0.2346 0.2700 0.0811 0.1526 0.2617
56 0.0963 0.2874 0.2964 0.1550 0.1650
57 0.0804 0.1295 0.2169 0.5205 0.0527
58 0.0947 0.0911 0.1798 0.5244 0.1099
59 0.2646 0.2317 0.2485 0.0600 0.1951
60 0.2559 0.1058 0.0970 0.1946 0.3469
61 0.1263 0.1377 0.2289 0.2289 0.2783
62 0.5557 0.2352 0.1240 0.0262 0.0590
63 0.2051 0.2289 0.0640 0.3152 0.1868
64 0.2107 0.3315 0.0980 0.1459 0.2140
65 0.4495 0.2278 0.1403 0.0775 0.1051
66 0.3540 0.0439 0.0731 0.2357 0.2935
67 0.1965 0.2407 0.1735 0.1735 0.2158
68 0.1417 0.2732 0.1710 0.2374 0.1765
69 0.0975 0.1233 0.1740 0.5190 0.0861
70 0.0506 0.1849 0.1332 0.6157 0.0154
71 0.0724 0.0423 0.1985 0.6509 0.0359
72 0.1210 0.2603 0.2705 0.2583 0.0899
73 0.0661 0.1636 0.1927 0.5405 0.0368
74 0.0815 0.1038 0.3174 0.4546 0.0426
75 0.1624 0.1432 0.1444 0.0382 0.5117
76 0.1671 0.0802 0.1835 0.0382 0.5312
77 0.0936 0.0334 0.1619 0.6919 0.0192
78 0.1228 0.3062 0.2639 0.1296 0.1772
79 0.0643 0.1519 0.1111 0.0233 0.6494
80 0.0761 0.1479 0.1049 0.5669 0.1041
81 0.1942 0.2961 0.1039 0.3628 0.0430
82 0.1121 0.2607 0.1486 0.4299 0.0486
83 0.0404 0.1798 0.1276 0.0146 0.6377
84 0.2124 0.2815 0.4224 0.0328 0.0508
85 0.0900 0.1044 0.2505 0.5303 0.0248
86 0.2076 0.1643 0.0886 0.2076 0.3318
87 0.2153 0.2808 0.1842 0.1327 0.1870
88 0.1622 0.2454 0.2416 0.1768 0.1741
89 0.2227 0.0900 0.1052 0.2262 0.3560
90 0.0728 0.2241 0.0837 0.5503 0.0689
91 0.0978 0.3132 0.1368 0.4116 0.0407
92 0.1313 0.2181 0.1224 0.3770 0.1511
93 0.1914 0.0970 0.1757 0.3521 0.1841
94 0.2280 0.1129 0.2466 0.3022 0.1103
95 0.1819 0.1473 0.0782 0.3589 0.2335
96 0.3191 0.2316 0.1543 0.1060 0.1891
97 0.1310 0.2627 0.5303 0.0509 0.0250
98 0.1120 0.1146 0.3215 0.3091 0.1427
99 0.1465 0.1597 0.2416 0.2473 0.2050
100 0.0732 0.0552 0.1378 0.3384 0.3955
101 0.1339 0.2683 0.1075 0.2747 0.2156
102 0.1014 0.1925 0.0760 0.5571 0.0731
103 0.0788 0.0951 0.4397 0.3293 0.0572
104 0.2520 0.0884 0.2725 0.2661 0.1209
105 0.4443 0.1115 0.0561 0.3435 0.0447
106 0.1398 0.2340 0.2164 0.2002 0.2097
107 0.3093 0.1555 0.1061 0.2246 0.2045
108 0.0988 0.2427 0.4192 0.1630 0.0764
109 0.1981 0.2194 0.2013 0.2142 0.1669
110 0.0901 0.0573 0.1998 0.4792 0.1736
111 0.1197 0.1433 0.2117 0.3630 0.1624
112 0.1207 0.1226 0.2656 0.3987 0.0925
113 0.1293 0.1686 0.2693 0.4172 0.0157
114 0.1505 0.0366 0.1979 0.5591 0.0558
115 0.3230 0.0188 0.1049 0.4417 0.1116
116 0.0569 0.0686 0.6929 0.1498 0.0319
117 0.0369 0.1665 0.4895 0.3015 0.0056
118 0.1711 0.1429 0.5610 0.0945 0.0302
119 0.1497 0.1250 0.3479 0.3647 0.0127
120 0.1801 0.0877 0.2275 0.4634 0.0414
121 0.0385 0.0983 0.2180 0.6309 0.0145
122 0.0375 0.1394 0.7422 0.0758 0.0052
123 0.2211 0.1077 0.3940 0.2159 0.0614
124 0.4036 0.1212 0.0753 0.2527 0.1473
125 0.4231 0.0759 0.1569 0.2646 0.0795
126 0.0196 0.2522 0.6646 0.0618 0.0018
127 0.0214 0.2524 0.6548 0.0712 0.0004
128 0.1434 0.1189 0.4487 0.2517 0.0371
129 0.2195 0.0609 0.0908 0.5562 0.0729
130 0.0460 0.1230 0.5918 0.2246 0.0148
131 0.2620 0.0445 0.1425 0.5127 0.0383
132 0.1873 0.0818 0.1917 0.3752 0.1639
133 0.0652 0.1615 0.6489 0.1219 0.0022
134 0.3242 0.1567 0.3972 0.0764 0.0453
135 0.1761 0.1350 0.5259 0.1268 0.0361
136 0.0798 0.0631 0.7393 0.0970 0.0208
137 0.2041 0.0463 0.0871 0.6289 0.0336
138 0.2236 0.0218 0.3035 0.4146 0.0365
139 0.0430 0.0651 0.4180 0.4590 0.0149
140 0.0338 0.1963 0.6436 0.1190 0.0073
141 0.0317 0.1660 0.6880 0.1080 0.0065
142 0.2852 0.1009 0.1929 0.2896 0.1316
143 0.1224 0.2473 0.4919 0.1304 0.0079
144 0.0635 0.1525 0.7163 0.0284 0.0395
145 0.1611 0.0338 0.2739 0.5078 0.0232
146 0.2299 0.1790 0.4570 0.0981 0.0361
147 0.0634 0.1331 0.5601 0.1543 0.0893
148 0.0662 0.0598 0.5127 0.3015 0.0598
149 0.2793 0.1191 0.1919 0.3845 0.0252
150 0.2100 0.0465 0.3008 0.3489 0.0939
151 0.1281 0.0795 0.4612 0.3145 0.0168
152 0.0642 0.1887 0.7231 0.0114 0.0124
153 0.1105 0.1487 0.5972 0.1105 0.0334
154 0.1349 0.1458 0.5249 0.1577 0.0366
155 0.1216 0.2004 0.4048 0.2534 0.0197
156 0.1036 0.3044 0.3616 0.1508 0.0795
157 0.1071 0.1608 0.6562 0.0703 0.0058
158 0.0283 0.2463 0.5464 0.1774 0.0014
159 0.0810 0.1235 0.7808 0.0105 0.0045
160 0.1501 0.1869 0.5122 0.1198 0.0310
161 0.0856 0.1041 0.7339 0.0662 0.0102
162 0.1078 0.0446 0.3071 0.4683 0.0724
163 0.0952 0.2861 0.5347 0.0478 0.0361
164 0.0665 0.4104 0.4507 0.0522 0.0204
165 0.0925 0.2783 0.4924 0.1216 0.0152
166 0.2788 0.0705 0.2944 0.3086 0.0477
167 0.1615 0.2791 0.2542 0.2174 0.0878
168 0.0291 0.0458 0.0303 0.0174 0.8774
169 0.0435 0.0662 0.1425 0.5815 0.1665
170 0.0367 0.0531 0.0875 0.7212 0.1015
171 0.0627 0.0511 0.0727 0.7578 0.0558
172 0.1835 0.0600 0.1606 0.4575 0.1384
173 0.3459 0.0868 0.3799 0.1365 0.0510
174 0.0759 0.0944 0.1251 0.0493 0.6553
175 0.0542 0.0764 0.1138 0.0304 0.7251
176 0.0869 0.0940 0.1514 0.0738 0.5938
177 0.0913 0.0957 0.2190 0.5771 0.0169
178 0.1172 0.1903 0.2622 0.3696 0.0608
179 0.2852 0.3333 0.1108 0.1274 0.1433
180 0.1714 0.1942 0.4243 0.1197 0.0903
181 0.1312 0.1431 0.0560 0.0237 0.6460
182 0.1497 0.1013 0.6919 0.0555 0.0018
183 0.1376 0.0249 0.1442 0.6719 0.0214
184 0.1214 0.0461 0.2130 0.0714 0.5483
185 0.0441 0.0641 0.8853 0.0058 0.0005
186 0.3276 0.0842 0.5576 0.0210 0.0096
187 0.6030 0.0503 0.0992 0.0876 0.1598
188 0.1638 0.0603 0.3159 0.1539 0.3062
189 0.4836 0.0426 0.3171 0.0783 0.0783
190 0.2773 0.1270 0.2410 0.1484 0.2062
191 0.3394 0.0728 0.1654 0.3140 0.1085
192 0.1086 0.1405 0.1818 0.4570 0.1120
193 0.1844 0.1918 0.0734 0.3875 0.1628
194 0.3215 0.2075 0.1604 0.1426 0.1681
195 0.1132 0.1355 0.1323 0.4338 0.1852
196 0.0974 0.2488 0.1498 0.2776 0.2266
197 0.4668 0.0398 0.1218 0.1946 0.1771
198 0.3962 0.0549 0.0768 0.2122 0.2598
199 0.1885 0.2537 0.1703 0.2135 0.1743
200 0.1584 0.0984 0.0842 0.5278 0.1313
201 0.1854 0.1226 0.0889 0.5366 0.0667
202 0.2593 0.0731 0.1015 0.2632 0.3030
203 0.2222 0.1066 0.1208 0.3606 0.1899
204 0.2142 0.2092 0.0614 0.3560 0.1592
205 0.3333 0.3230 0.1041 0.1743 0.0651
206 0.2340 0.2234 0.0565 0.1925 0.2937
207 0.1705 0.4058 0.0964 0.1746 0.1528
208 0.1609 0.1635 0.3301 0.2416 0.1039
209 0.1687 0.2532 0.3628 0.1177 0.0976
210 0.1993 0.1993 0.4155 0.0858 0.1002
211 0.4224 0.3340 0.0456 0.0287 0.1693
212 0.3000 0.3945 0.0654 0.0460 0.1938
213 0.2686 0.1288 0.1693 0.2208 0.2124
214 0.1221 0.2505 0.4680 0.1061 0.0533
215 0.1025 0.1296 0.4814 0.2039 0.0824
216 0.1165 0.1617 0.3167 0.2883 0.1165
217 0.1165 0.2927 0.2485 0.2544 0.0879
218 0.1104 0.3508 0.1130 0.2411 0.1848
219 0.1284 0.3381 0.1196 0.2781 0.1356
220 0.5605 0.2111 0.0753 0.1281 0.0254
221 0.7871 0.0462 0.0583 0.0287 0.0798
222 0.2244 0.0613 0.3213 0.1980 0.1949
223 0.2847 0.1454 0.2893 0.0939 0.1868
224 0.1981 0.1694 0.0701 0.2228 0.3396
225 0.2100 0.0519 0.5195 0.0910 0.1273
226 0.2512 0.1177 0.4548 0.1115 0.0650
227 0.5835 0.0522 0.0403 0.1113 0.2129
228 0.4023 0.0562 0.2944 0.1871 0.0598
229 0.2993 0.1858 0.3904 0.0906 0.0341
230 0.4487 0.0536 0.1348 0.1091 0.2537
231 0.2849 0.0715 0.0611 0.5576 0.0247
232 0.1760 0.3784 0.2622 0.1437 0.0396
233 0.2983 0.1989 0.0548 0.2100 0.2379
234 0.2455 0.1215 0.3860 0.2100 0.0370
235 0.2935 0.1895 0.3325 0.1621 0.0225
236 0.3967 0.1747 0.0950 0.1448 0.1888
237 0.1052 0.1035 0.3967 0.3845 0.0100
238 0.1133 0.1098 0.4553 0.3127 0.0088
239 0.2593 0.1313 0.5317 0.0535 0.0239
240 0.2659 0.0500 0.3108 0.3062 0.0672
241 0.1224 0.0676 0.2959 0.4238 0.0903
242 0.1641 0.0541 0.1947 0.4355 0.1517
243 0.1494 0.0445 0.3237 0.3904 0.0920
244 0.1313 0.0322 0.1866 0.6265 0.0234
245 0.1115 0.0249 0.0606 0.7856 0.0174
246 0.3997 0.1328 0.1995 0.1874 0.0806
247 0.2321 0.0778 0.2321 0.3826 0.0754
248 0.2457 0.0876 0.0515 0.1490 0.4663
249 0.4026 0.0647 0.0374 0.1665 0.3286
250 0.3416 0.0673 0.0276 0.4456 0.1180
251 0.1830 0.1219 0.1200 0.3364 0.2386
252 0.2212 0.1129 0.1240 0.2710 0.2710
253 0.1274 0.0048 0.0661 0.7808 0.0211
254 0.1840 0.0057 0.1064 0.6836 0.0203
255 0.2183 0.1548 0.0815 0.5317 0.0138
256 0.1567 0.2354 0.1495 0.4067 0.0517
