time exciting_prob fearful_prob tense_prob sad_prob relaxing_prob
0 0.2037 0.2830 0.2496 0.2310 0.0327
1 0.0944 0.0795 0.1531 0.6250 0.0482
2 0.0754 0.0840 0.2285 0.4839 0.1282
3 0.0828 0.1015 0.1897 0.4478 0.1781
4 0.0820 0.1174 0.1848 0.4719 0.1439
5 0.0583 0.2201 0.1304 0.0291 0.5620
6 0.0745 0.1517 0.0328 0.0229 0.7183
7 0.0728 0.1788 0.2603 0.4290 0.0590
8 0.1476 0.4727 0.2216 0.0953 0.0630
9 0.0809 0.2571 0.3982 0.0317 0.2322
10 0.0321 0.4368 0.1864 0.1670 0.1779
11 0.0289 0.3386 0.1562 0.2742 0.2021
12 0.0441 0.2700 0.2256 0.2874 0.1730
13 0.1118 0.2349 0.2581 0.3638 0.0316
14 0.1337 0.2537 0.3867 0.2102 0.0157
15 0.0063 0.0224 0.1412 0.0043 0.8257
16 0.0034 0.0211 0.1255 0.0187 0.8315
17 0.1357 0.1538 0.3867 0.2576 0.0662
18 0.1548 0.1956 0.3030 0.2803 0.0665
19 0.1333 0.0630 0.3098 0.0213 0.4727
20 0.2316 0.1630 0.1965 0.0390 0.3701
21 0.1921 0.4131 0.1749 0.0279 0.1921
22 0.0272 0.2189 0.2056 0.1931 0.3552
23 0.0346 0.1189 0.0677 0.2070 0.5718
24 0.1077 0.3450 0.3613 0.0489 0.1372
25 0.1554 0.2903 0.2603 0.0294 0.2644
26 0.0332 0.5151 0.2612 0.1488 0.0416
27 0.0867 0.1864 0.3271 0.1953 0.2047
28 0.0292 0.2625 0.2390 0.4326 0.0367
29 0.0865 0.3911 0.2729 0.0302 0.2194
30 0.0261 0.0637 0.1017 0.0086 0.7998
31 0.0130 0.0392 0.0804 0.0291 0.8384
32 0.0207 0.0793 0.2026 0.0224 0.6748
33 0.0567 0.2837 0.1288 0.2644 0.2664
34 0.1141 0.5073 0.0939 0.1106 0.1740
35 0.0523 0.3281 0.3777 0.0779 0.1637
36 0.0269 0.0206 0.0269 0.0068 0.9189
37 0.0677 0.2764 0.3660 0.1929 0.0970
38 0.0530 0.1953 0.5479 0.1261 0.0777
39 0.0394 0.2233 0.3796 0.0172 0.3403
40 0.0685 0.2773 0.5020 0.0302 0.1221
41 0.0363 0.0965 0.2465 0.4031 0.2175
42 0.0408 0.2367 0.1359 0.2423 0.3442
43 0.0948 0.0667 0.1731 0.0224 0.6431
44 0.0369 0.0415 0.1192 0.0129 0.7896
45 0.0060 0.0078 0.0319 0.0085 0.9458
46 0.0252 0.0526 0.0764 0.7905 0.0555
47 0.0363 0.3635 0.1758 0.2854 0.1390
48 0.1400 0.0688 0.1501 0.0282 0.6128
49 0.0131 0.0186 0.0254 0.0040 0.9390
50 0.0157 0.0151 0.0151 0.0025 0.9517
51 0.0080 0.0150 0.0181 0.0027 0.9565
52 0.0869 0.1840 0.2615 0.0227 0.4448
53 0.0947 0.2456 0.3601 0.0320 0.2676
54 0.0520 0.1328 0.3113 0.0618 0.4424
55 0.1558 0.0908 0.1213 0.0353 0.5967
56 0.2086 0.2617 0.1082 0.0377 0.3838
57 0.0842 0.1622 0.1824 0.0312 0.5400
58 0.1406 0.2411 0.2842 0.0198 0.3145
59 0.1213 0.2468 0.2095 0.0217 0.4006
60 0.0704 0.2134 0.0992 0.5532 0.0636
61 0.0844 0.4421 0.1237 0.2788 0.0710
62 0.0252 0.0853 0.1450 0.0195 0.7251
63 0.0586 0.4297 0.1353 0.2710 0.1053
64 0.0484 0.3440 0.3181 0.2478 0.0414
65 0.0437 0.4211 0.2827 0.1812 0.0715
66 0.0496 0.0913 0.0800 0.0149 0.7642
67 0.0694 0.1327 0.1247 0.4817 0.1915
68 0.1329 0.2244 0.0965 0.2625 0.2837
69 0.0091 0.0175 0.0271 0.0057 0.9404
70 0.0153 0.0544 0.0368 0.0028 0.8906
71 0.0201 0.1405 0.0776 0.0027 0.7593
72 0.0213 0.0253 0.0553 0.0054 0.8926
73 0.1783 0.1550 0.2896 0.1255 0.2515
74 0.1500 0.0423 0.1622 0.0518 0.5933
75 0.0559 0.2263 0.6348 0.0075 0.0758
76 0.0886 0.0290 0.0746 0.0302 0.7778
77 0.1567 0.1260 0.3533 0.0801 0.2839
78 0.0173 0.0265 0.0360 0.0064 0.9136
79 0.0152 0.0260 0.0521 0.0051 0.9019
80 0.0394 0.0542 0.0665 0.0304 0.8096
81 0.0622 0.1813 0.0641 0.0084 0.6841
82 0.1896 0.1132 0.1647 0.0330 0.4995
83 0.0214 0.1263 0.1838 0.6416 0.0269
84 0.0486 0.1776 0.0826 0.5020 0.1891
85 0.1401 0.0363 0.2703 0.0716 0.4817
86 0.2190 0.1425 0.1719 0.0734 0.3933
87 0.1532 0.1936 0.1383 0.0432 0.4717
88 0.0509 0.4871 0.2095 0.2062 0.0464
89 0.0529 0.3877 0.2140 0.2727 0.0728
90 0.0071 0.0516 0.0906 0.0048 0.8462
91 0.0496 0.1091 0.2346 0.0699 0.5371
92 0.0243 0.0316 0.1821 0.0186 0.7432
93 0.0392 0.2344 0.2117 0.4734 0.0414
94 0.0509 0.1709 0.3191 0.3118 0.1473
95 0.0725 0.2433 0.1140 0.4338 0.1365
96 0.0156 0.0182 0.0151 0.0168 0.9341
97 0.0197 0.0385 0.0273 0.0385 0.8760
98 0.0173 0.0074 0.0455 0.0165 0.9136
99 0.0244 0.0216 0.0256 0.0113 0.9170
100 0.0188 0.0388 0.0499 0.0083 0.8843
101 0.0884 0.4026 0.2578 0.1639 0.0871
102 0.0961 0.1158 0.0968 0.0192 0.6719
103 0.0775 0.1627 0.2139 0.0331 0.5132
104 0.0460 0.2196 0.4873 0.0534 0.1938
105 0.0770 0.3450 0.3396 0.1996 0.0390
106 0.0500 0.0851 0.3936 0.1075 0.3638
107 0.0483 0.1263 0.4995 0.0228 0.3030
108 0.0254 0.0872 0.0775 0.7354 0.0745
109 0.0764 0.0595 0.0521 0.0030 0.8091
110 0.0346 0.0284 0.0421 0.0030 0.8921
111 0.0088 0.0942 0.0381 0.0066 0.8525
112 0.0063 0.0510 0.0345 0.0050 0.9033
113 0.0628 0.2372 0.1567 0.0131 0.5303
114 0.1804 0.2159 0.4004 0.0581 0.1450
115 0.0726 0.4180 0.1456 0.1433 0.2203
116 0.0171 0.0082 0.0291 0.0265 0.9189
117 0.0280 0.0274 0.0392 0.0130 0.8926
118 0.0455 0.0558 0.0516 0.0147 0.8325
119 0.0680 0.4685 0.2468 0.1710 0.0457
120 0.0444 0.3521 0.3254 0.2496 0.0284
121 0.1149 0.3513 0.1571 0.1986 0.1780
122 0.1225 0.2184 0.0816 0.4048 0.1727
123 0.0336 0.1504 0.5503 0.0060 0.2598
124 0.0166 0.2471 0.6211 0.0815 0.0340
125 0.0338 0.2329 0.2766 0.0078 0.4490
126 0.0551 0.1736 0.0880 0.5874 0.0959
127 0.1453 0.0991 0.0539 0.4954 0.2064
128 0.0942 0.1084 0.2207 0.0554 0.5215
129 0.1019 0.2028 0.3164 0.0146 0.3643
130 0.0474 0.1289 0.5513 0.0350 0.2372
131 0.0307 0.2064 0.4438 0.0660 0.2529
132 0.0431 0.0622 0.2639 0.0637 0.5674
133 0.0454 0.0469 0.1549 0.0253 0.7275
134 0.0623 0.1746 0.5723 0.0864 0.1042
135 0.0877 0.1638 0.2366 0.4817 0.0303
136 0.0798 0.4087 0.3389 0.0280 0.1447
137 0.0887 0.4006 0.4006 0.0347 0.0753
138 0.0126 0.0492 0.1058 0.0508 0.7817
139 0.0328 0.0452 0.1934 0.0321 0.6963
140 0.0780 0.1162 0.2517 0.0532 0.5010
141 0.1360 0.1127 0.2993 0.0428 0.4092
142 0.0259 0.2695 0.2959 0.3801 0.0286
143 0.0259 0.1813 0.6738 0.1100 0.0092
144 0.0641 0.2289 0.2236 0.4050 0.0785
145 0.0234 0.2050 0.3005 0.3711 0.0999
146 0.0803 0.1598 0.2052 0.4243 0.1304
147 0.1399 0.0962 0.2134 0.0465 0.5039
148 0.0479 0.3711 0.5151 0.0475 0.0181
149 0.0436 0.2891 0.3125 0.3225 0.0322
150 0.0377 0.3601 0.5078 0.0616 0.0325
151 0.1658 0.1213 0.2864 0.1021 0.3245
152 0.1201 0.2686 0.1471 0.0418 0.4224
153 0.0681 0.0560 0.0938 0.0147 0.7671
154 0.0865 0.1035 0.3213 0.0210 0.4675
155 0.0551 0.3457 0.2081 0.3513 0.0397
156 0.0204 0.0196 0.1271 0.0425 0.7905
157 0.0500 0.1298 0.4319 0.0466 0.3418
158 0.0418 0.3340 0.0972 0.5010 0.0260
159 0.1368 0.1153 0.0786 0.0313 0.6382
160 0.1749 0.1776 0.1020 0.0664 0.4790
161 0.0154 0.1749 0.1669 0.0128 0.6299
162 0.0116 0.3113 0.2278 0.1127 0.3367
163 0.0598 0.4421 0.2156 0.2206 0.0617
164 0.1431 0.4109 0.1283 0.2114 0.1063
165 0.0850 0.6479 0.1091 0.0673 0.0905
166 0.2659 0.2170 0.1588 0.1359 0.2223
167 0.1797 0.1688 0.0773 0.0458 0.5283
168 0.1155 0.2333 0.1802 0.0618 0.4094
169 0.1417 0.0770 0.2111 0.2111 0.3591
170 0.0052 0.0361 0.0643 0.8599 0.0344
171 0.0578 0.1168 0.0682 0.0186 0.7383
172 0.0224 0.0972 0.1102 0.0516 0.7188
173 0.0244 0.1353 0.1121 0.0088 0.7197
174 0.0103 0.2725 0.6641 0.0153 0.0381
175 0.0450 0.2932 0.2014 0.3535 0.1070
176 0.0300 0.4922 0.1675 0.2871 0.0232
177 0.0827 0.1241 0.1429 0.0391 0.6113
178 0.0363 0.0864 0.1085 0.6240 0.1448
179 0.0414 0.2920 0.4739 0.1562 0.0363
180 0.1838 0.0816 0.0969 0.0255 0.6123
181 0.0807 0.3093 0.1069 0.3242 0.1790
182 0.1488 0.1177 0.4045 0.3101 0.0189
183 0.0431 0.2478 0.2153 0.4419 0.0519
184 0.0940 0.4050 0.2495 0.1400 0.1116
185 0.0681 0.4656 0.0991 0.2673 0.0999
186 0.0673 0.1248 0.6436 0.0065 0.1577
187 0.0468 0.2018 0.3711 0.0205 0.3599
188 0.0920 0.2622 0.5132 0.0800 0.0524
189 0.0445 0.2059 0.6855 0.0068 0.0572
190 0.1334 0.4077 0.1302 0.2472 0.0815
191 0.0708 0.5229 0.3325 0.0348 0.0391
192 0.1022 0.5396 0.1396 0.1924 0.0260
193 0.0974 0.5513 0.1906 0.1044 0.0563
194 0.0344 0.1858 0.7466 0.0050 0.0283
195 0.0367 0.1560 0.7559 0.0051 0.0464
196 0.0610 0.1440 0.6768 0.0279 0.0901
197 0.0261 0.1216 0.7935 0.0296 0.0294
198 0.0492 0.6089 0.2275 0.1092 0.0052
199 0.0586 0.3167 0.5825 0.0137 0.0288
200 0.0601 0.6211 0.1793 0.1195 0.0198
201 0.0811 0.3992 0.2384 0.2659 0.0152
202 0.0776 0.2544 0.1461 0.4980 0.0240
203 0.0305 0.1837 0.6216 0.0518 0.1123
204 0.0456 0.1553 0.6191 0.0562 0.1238
205 0.0117 0.1611 0.7690 0.0143 0.0441
206 0.0635 0.3572 0.2869 0.0790 0.2133
207 0.0446 0.2712 0.5562 0.0334 0.0944
208 0.0360 0.2383 0.2700 0.3467 0.1091
209 0.0444 0.1914 0.1990 0.3896 0.1757
210 0.0375 0.2408 0.2688 0.4097 0.0432
211 0.0311 0.0321 0.1682 0.7539 0.0149
212 0.0212 0.1416 0.7773 0.0393 0.0204
213 0.0222 0.1378 0.7686 0.0359 0.0354
214 0.0347 0.4465 0.1906 0.3069 0.0212
215 0.0115 0.2070 0.7573 0.0207 0.0036
216 0.0157 0.2067 0.7681 0.0064 0.0033
217 0.0285 0.4150 0.1652 0.3691 0.0220
218 0.0117 0.1741 0.8047 0.0062 0.0032
219 0.0688 0.3865 0.4963 0.0222 0.0261
220 0.0284 0.2651 0.2671 0.4075 0.0319
221 0.0323 0.1238 0.3313 0.4973 0.0154
222 0.1562 0.3662 0.3181 0.0798 0.0798
223 0.1092 0.5132 0.3235 0.0311 0.0233
224 0.0800 0.1472 0.4534 0.3066 0.0128
225 0.0411 0.1771 0.3550 0.4087 0.0180
226 0.0189 0.2588 0.5312 0.1385 0.0526
227 0.0474 0.5552 0.2974 0.0734 0.0266
228 0.0229 0.4133 0.3025 0.2283 0.0331
229 0.0660 0.2551 0.4143 0.1957 0.0687
230 0.1044 0.2881 0.2280 0.3477 0.0318
231 0.0198 0.0923 0.8618 0.0042 0.0219
232 0.0645 0.5112 0.3201 0.0754 0.0288
233 0.0431 0.2722 0.2852 0.3389 0.0607
234 0.5137 0.1202 0.2859 0.0077 0.0723
235 0.1577 0.1903 0.4563 0.0463 0.1493
236 0.0639 0.2230 0.2776 0.4233 0.0121
237 0.0721 0.1945 0.5542 0.0566 0.1227
238 0.2161 0.1260 0.4832 0.0820 0.0929
239 0.0970 0.3550 0.1600 0.1180 0.2700
240 0.0888 0.4475 0.0841 0.0226 0.3569
241 0.1285 0.5898 0.1691 0.0798 0.0325
242 0.0131 0.6777 0.1536 0.1215 0.0343
243 0.1236 0.5005 0.1757 0.1625 0.0380
244 0.1193 0.3940 0.1862 0.1696 0.1310
245 0.0448 0.2520 0.6738 0.0086 0.0207
246 0.0743 0.1796 0.3103 0.3303 0.1056
247 0.0519 0.1741 0.2739 0.4883 0.0118
248 0.0314 0.3093 0.2998 0.3562 0.0032
249 0.1981 0.1405 0.3730 0.1052 0.1832
250 0.1697 0.1646 0.2798 0.0713 0.3147
251 0.0128 0.7153 0.2322 0.0271 0.0127
252 0.0639 0.4541 0.2393 0.1429 0.0997
253 0.0453 0.2451 0.1765 0.4915 0.0416
254 0.0367 0.1030 0.1186 0.6826 0.0592
255 0.1135 0.2169 0.4775 0.0333 0.1587
256 0.0396 0.0554 0.3611 0.0266 0.5171
257 0.1746 0.4287 0.0818 0.2207 0.0942
258 0.1327 0.4666 0.1423 0.2119 0.0466
259 0.1595 0.4041 0.1851 0.1864 0.0649
260 0.1465 0.1088 0.7041 0.0228 0.0176
261 0.0690 0.0729 0.7080 0.0529 0.0973
262 0.0558 0.1019 0.6538 0.0318 0.1565
263 0.0373 0.2588 0.0867 0.3796 0.2375
264 0.1007 0.1635 0.3860 0.0720 0.2781
265 0.0927 0.1338 0.2520 0.0287 0.4932
266 0.1251 0.1908 0.3855 0.0379 0.2607
267 0.0238 0.1519 0.5220 0.0674 0.2352
268 0.1567 0.4941 0.2949 0.0474 0.0068
269 0.0316 0.0900 0.5820 0.0886 0.2076
270 0.0339 0.1096 0.6606 0.0530 0.1428
271 0.0292 0.0943 0.5601 0.0973 0.2192
272 0.0712 0.1329 0.4939 0.0294 0.2727
273 0.2209 0.1320 0.4226 0.0138 0.2108
274 0.3032 0.1335 0.3152 0.0136 0.2344
275 0.0417 0.2240 0.5898 0.1317 0.0125
276 0.0498 0.3049 0.2732 0.3245 0.0475
277 0.0684 0.4492 0.2578 0.1349 0.0898
278 0.0751 0.5459 0.1705 0.1136 0.0949
279 0.2273 0.1575 0.3958 0.0265 0.1929
280 0.1934 0.2369 0.4224 0.0396 0.1077
281 0.0770 0.2428 0.5913 0.0529 0.0358
282 0.0353 0.2803 0.3486 0.3176 0.0182
283 0.0194 0.2009 0.3582 0.3113 0.1101
284 0.0540 0.4146 0.4019 0.0792 0.0503
285 0.0952 0.2161 0.4468 0.0922 0.1497
286 0.1231 0.2585 0.5737 0.0055 0.0390
287 0.2250 0.1621 0.3682 0.0126 0.2322
288 0.2122 0.1902 0.1287 0.4089 0.0598
289 0.2332 0.1732 0.0818 0.4858 0.0258
290 0.9438 0.0173 0.0088 0.0135 0.0166
291 0.9561 0.0084 0.0075 0.0095 0.0184
292 0.9541 0.0157 0.0093 0.0091 0.0120
293 0.9258 0.0168 0.0104 0.0232 0.0239
294 0.8696 0.0367 0.0258 0.0370 0.0309
295 0.9062 0.0272 0.0242 0.0191 0.0232
296 0.1309 0.0504 0.0363 0.5596 0.2227
297 0.2437 0.0869 0.1433 0.4482 0.0779
