time exciting_prob fearful_prob tense_prob sad_prob relaxing_prob
0 0.0550 0.0567 0.1918 0.6191 0.0775
1 0.0552 0.2133 0.3303 0.3984 0.0030
2 0.0687 0.2217 0.2717 0.4341 0.0038
3 0.0453 0.4993 0.3950 0.0587 0.0018
4 0.0435 0.7124 0.1035 0.1328 0.0078
5 0.0374 0.0987 0.0438 0.8135 0.0068
6 0.0481 0.7402 0.0657 0.1338 0.0124
7 0.0744 0.7632 0.0767 0.0798 0.0061
8 0.1212 0.7026 0.0648 0.1020 0.0095
9 0.0733 0.7461 0.1127 0.0627 0.0051
10 0.0668 0.4456 0.0905 0.3872 0.0099
11 0.0961 0.8237 0.0454 0.0253 0.0092
12 0.1238 0.7070 0.0711 0.0906 0.0076
13 0.0927 0.2367 0.1504 0.4932 0.0270
14 0.4143 0.3008 0.2252 0.0159 0.0437
15 0.1843 0.1931 0.4856 0.0927 0.0445
16 0.2445 0.1394 0.4714 0.1011 0.0435
17 0.1979 0.1628 0.4460 0.0751 0.1182
18 0.1076 0.3213 0.4976 0.0728 0.0010
19 0.5107 0.0998 0.2469 0.0853 0.0573
20 0.4373 0.0708 0.2198 0.2268 0.0454
21 0.1941 0.1196 0.5889 0.0855 0.0120
22 0.1266 0.1287 0.1677 0.5542 0.0227
23 0.2659 0.2169 0.5005 0.0116 0.0051
24 0.0626 0.4883 0.3462 0.0903 0.0124
25 0.1110 0.0642 0.6284 0.1666 0.0296
26 0.0854 0.1396 0.6768 0.0895 0.0089
27 0.6475 0.1057 0.2119 0.0251 0.0098
28 0.3813 0.0858 0.3813 0.1470 0.0046
29 0.6958 0.1182 0.1425 0.0233 0.0201
30 0.5190 0.0228 0.1633 0.2778 0.0168
31 0.4204 0.0828 0.1559 0.3274 0.0137
32 0.3582 0.3755 0.1018 0.1248 0.0399
33 0.3237 0.3188 0.2296 0.1219 0.0059
34 0.3298 0.0534 0.3916 0.1909 0.0342
35 0.4431 0.0634 0.1876 0.2688 0.0372
36 0.4192 0.1890 0.2686 0.0550 0.0684
37 0.1285 0.1703 0.4214 0.2598 0.0200
38 0.0312 0.1089 0.6992 0.1488 0.0118
39 0.1373 0.0277 0.1791 0.2646 0.3911
40 0.0908 0.0586 0.3372 0.2668 0.2467
41 0.1317 0.0864 0.2008 0.3311 0.2500
42 0.0575 0.1189 0.3132 0.4214 0.0891
43 0.1122 0.3887 0.4336 0.0304 0.0353
44 0.0871 0.0537 0.2406 0.5952 0.0233
45 0.1119 0.0405 0.4321 0.3936 0.0219
46 0.2371 0.1847 0.3215 0.2142 0.0425
47 0.1797 0.2455 0.2783 0.1610 0.1356
48 0.5107 0.1232 0.3074 0.0370 0.0214
49 0.3286 0.0919 0.3962 0.1470 0.0363
50 0.3240 0.0285 0.2603 0.3557 0.0316
51 0.4067 0.1439 0.2751 0.1581 0.0161
52 0.0972 0.2090 0.5254 0.1505 0.0181
53 0.1193 0.1763 0.2952 0.3792 0.0302
54 0.0735 0.0514 0.7607 0.1078 0.0066
55 0.2467 0.1279 0.3320 0.2625 0.0309
56 0.1068 0.2058 0.5420 0.0845 0.0608
57 0.2313 0.1732 0.5210 0.0448 0.0294
58 0.5176 0.0928 0.2903 0.0781 0.0214
59 0.0732 0.0970 0.7515 0.0627 0.0154
60 0.3416 0.0786 0.3110 0.1915 0.0774
61 0.1371 0.5771 0.2686 0.0040 0.0132
62 0.1031 0.2961 0.5708 0.0239 0.0059
63 0.1288 0.2769 0.3088 0.2405 0.0452
64 0.3918 0.1986 0.1910 0.0305 0.1880
65 0.2032 0.2413 0.3052 0.2413 0.0090
66 0.1266 0.1871 0.4631 0.1758 0.0473
67 0.1902 0.0481 0.5249 0.2122 0.0246
68 0.1621 0.0265 0.5317 0.2434 0.0362
69 0.1947 0.1199 0.1218 0.4817 0.0818
70 0.0854 0.1167 0.0681 0.7148 0.0151
71 0.0742 0.2695 0.4375 0.1686 0.0502
72 0.0933 0.3550 0.3335 0.1227 0.0955
73 0.2537 0.3359 0.1885 0.2070 0.0148
74 0.1182 0.1182 0.2927 0.4326 0.0384
75 0.3865 0.0282 0.1315 0.4246 0.0291
76 0.3979 0.0719 0.2451 0.1014 0.1836
77 0.4353 0.2008 0.3040 0.0222 0.0378
78 0.3628 0.2615 0.2761 0.0656 0.0340
79 0.0570 0.4451 0.4314 0.0617 0.0046
80 0.2678 0.1116 0.2805 0.3130 0.0269
81 0.6040 0.1638 0.1677 0.0511 0.0135
82 0.5947 0.1886 0.1503 0.0488 0.0178
83 0.7080 0.0845 0.1383 0.0175 0.0517
84 0.4453 0.1492 0.1587 0.2346 0.0123
85 0.1298 0.0706 0.2140 0.5464 0.0393
86 0.1019 0.1085 0.0746 0.6968 0.0184
87 0.0720 0.0351 0.1150 0.7739 0.0042
88 0.2217 0.1168 0.1432 0.4919 0.0265
89 0.0920 0.1382 0.3528 0.3699 0.0470
90 0.1265 0.1016 0.1389 0.5757 0.0570
91 0.2590 0.1781 0.1925 0.3379 0.0324
92 0.0692 0.2267 0.1088 0.5698 0.0254
93 0.3169 0.1497 0.1805 0.2468 0.1061
94 0.2395 0.3076 0.1659 0.2510 0.0359
95 0.2703 0.1109 0.2578 0.3208 0.0402
96 0.2744 0.4185 0.1638 0.1348 0.0084
97 0.4114 0.2720 0.1702 0.1326 0.0141
98 0.3433 0.1215 0.4207 0.1072 0.0076
99 0.3892 0.2019 0.3542 0.0440 0.0105
100 0.2913 0.0931 0.1866 0.3860 0.0430
101 0.2678 0.5371 0.1841 0.0073 0.0037
102 0.5645 0.2142 0.1936 0.0156 0.0119
103 0.2010 0.4290 0.3584 0.0099 0.0016
104 0.2974 0.3396 0.3450 0.0148 0.0034
105 0.2335 0.1052 0.1819 0.4644 0.0150
106 0.2566 0.0729 0.3145 0.3401 0.0159
107 0.4062 0.3699 0.1818 0.0272 0.0147
108 0.2722 0.1677 0.3809 0.1552 0.0240
109 0.1758 0.0948 0.4668 0.2422 0.0204
110 0.1610 0.0170 0.2915 0.5117 0.0186
111 0.3691 0.0850 0.2205 0.2274 0.0978
112 0.4087 0.0750 0.3496 0.1412 0.0255
113 0.1339 0.1307 0.7012 0.0251 0.0089
114 0.3750 0.0978 0.3867 0.1357 0.0047
115 0.2089 0.0229 0.1901 0.5503 0.0280
116 0.4299 0.0873 0.2864 0.1864 0.0099
117 0.3394 0.2208 0.3474 0.0695 0.0227
118 0.4033 0.1165 0.3503 0.1202 0.0096
119 0.3616 0.1890 0.3586 0.0729 0.0180
120 0.2839 0.0526 0.3823 0.2585 0.0226
121 0.1636 0.1089 0.2361 0.4771 0.0144
122 0.0695 0.6543 0.1948 0.0775 0.0041
123 0.3467 0.2964 0.0612 0.2808 0.0150
124 0.2505 0.4263 0.0936 0.2045 0.0252
125 0.0660 0.4692 0.2715 0.1781 0.0150
126 0.3057 0.1116 0.0823 0.4661 0.0343
127 0.0762 0.3308 0.3806 0.1625 0.0499
128 0.3455 0.1521 0.0730 0.1864 0.2430
129 0.4377 0.2455 0.1853 0.0803 0.0511
130 0.1753 0.0803 0.1431 0.5659 0.0353
131 0.4978 0.1555 0.1192 0.0695 0.1580
132 0.1097 0.2435 0.4548 0.0370 0.1548
133 0.2642 0.1932 0.4563 0.0338 0.0524
134 0.1959 0.3132 0.2659 0.1625 0.0626
135 0.1394 0.0706 0.5098 0.2563 0.0240
136 0.1938 0.2063 0.1046 0.4797 0.0157
137 0.1498 0.0747 0.1130 0.6406 0.0219
138 0.1216 0.0842 0.7627 0.0220 0.0094
139 0.1562 0.0657 0.3157 0.4316 0.0308
140 0.1305 0.0593 0.3774 0.3958 0.0371
141 0.1847 0.1763 0.5430 0.0752 0.0210
142 0.3262 0.1118 0.4819 0.0477 0.0323
143 0.2483 0.2483 0.2749 0.1803 0.0482
144 0.0980 0.0504 0.5723 0.2620 0.0172
145 0.0470 0.1027 0.0878 0.7588 0.0037
146 0.0028 0.4631 0.2440 0.2898 0.0003
147 0.0864 0.0824 0.1976 0.5991 0.0343
148 0.2693 0.3301 0.2377 0.1387 0.0243
149 0.4692 0.3354 0.1572 0.0197 0.0183
150 0.0370 0.3679 0.5522 0.0291 0.0135
151 0.3372 0.1982 0.3169 0.0464 0.1013
152 0.2808 0.5811 0.0933 0.0240 0.0210
153 0.2356 0.1261 0.4834 0.0497 0.1053
154 0.2334 0.4465 0.1681 0.0845 0.0674
155 0.1727 0.1598 0.2656 0.3687 0.0332
156 0.1571 0.0999 0.1986 0.4407 0.1038
157 0.3005 0.1323 0.3542 0.1768 0.0362
158 0.1945 0.2382 0.3777 0.1378 0.0519
159 0.2546 0.4795 0.1968 0.0450 0.0242
160 0.1766 0.1881 0.4729 0.1205 0.0420
161 0.2500 0.4421 0.2241 0.0528 0.0308
162 0.3438 0.2617 0.2477 0.0444 0.1024
163 0.3660 0.1702 0.2238 0.1000 0.1400
164 0.3005 0.2454 0.1910 0.0514 0.2115
165 0.3037 0.2460 0.3901 0.0377 0.0224
166 0.0927 0.1493 0.3418 0.2443 0.1719
167 0.1602 0.0864 0.5210 0.1665 0.0662
168 0.2411 0.5693 0.1070 0.0591 0.0235
169 0.4119 0.1960 0.1652 0.0181 0.2087
170 0.4575 0.4231 0.0880 0.0095 0.0219
171 0.5083 0.2363 0.1305 0.0257 0.0993
172 0.4250 0.2347 0.2725 0.0308 0.0369
173 0.1068 0.0474 0.2993 0.5171 0.0292
174 0.1729 0.1433 0.4211 0.2362 0.0267
175 0.3320 0.1147 0.3762 0.1121 0.0649
176 0.2976 0.1005 0.3647 0.2246 0.0127
177 0.1063 0.1366 0.6362 0.1177 0.0030
178 0.8130 0.0181 0.0844 0.0694 0.0152
179 0.5537 0.1346 0.2152 0.0870 0.0092
180 0.2451 0.0534 0.1940 0.4954 0.0122
181 0.1755 0.2456 0.4050 0.1586 0.0153
182 0.4241 0.1398 0.1366 0.2915 0.0083
183 0.2037 0.0985 0.4485 0.2256 0.0236
184 0.0944 0.5869 0.2817 0.0248 0.0122
185 0.3323 0.2690 0.3098 0.0217 0.0670
186 0.2915 0.1741 0.3462 0.1635 0.0249
187 0.2744 0.2700 0.1827 0.2617 0.0111
188 0.1675 0.2418 0.5669 0.0181 0.0057
189 0.2062 0.3562 0.2976 0.1231 0.0167
190 0.1438 0.1708 0.4033 0.2605 0.0215
191 0.1315 0.3491 0.2805 0.1840 0.0548
192 0.1913 0.2534 0.3689 0.1478 0.0386
193 0.1704 0.2423 0.4319 0.1381 0.0174
194 0.0891 0.1504 0.6431 0.0798 0.0377
195 0.0660 0.2322 0.6309 0.0569 0.0139
196 0.0803 0.1355 0.6074 0.1660 0.0109
197 0.2292 0.1492 0.5542 0.0646 0.0027
198 0.0346 0.2440 0.6040 0.1100 0.0073
199 0.0493 0.1543 0.3022 0.2930 0.2013
200 0.1385 0.4580 0.2910 0.0840 0.0284
201 0.1492 0.4666 0.2700 0.0298 0.0843
202 0.0532 0.2104 0.4668 0.2384 0.0310
203 0.0191 0.3787 0.5337 0.0489 0.0196
204 0.0167 0.5762 0.3718 0.0296 0.0058
205 0.0598 0.2122 0.3962 0.2681 0.0637
206 0.0139 0.2842 0.5566 0.1429 0.0026
207 0.0247 0.1633 0.5698 0.2413 0.0008
208 0.0481 0.3262 0.4187 0.2041 0.0028
209 0.0812 0.4458 0.4189 0.0520 0.0020
210 0.3054 0.2323 0.3054 0.1334 0.0234
211 0.1580 0.1580 0.5776 0.0965 0.0101
212 0.2120 0.0175 0.1842 0.5762 0.0098
213 0.1536 0.1781 0.3770 0.2715 0.0198
214 0.3943 0.0605 0.1736 0.2230 0.1486
215 0.2581 0.2330 0.2520 0.2462 0.0108
216 0.1997 0.0381 0.0943 0.6445 0.0235
217 0.4341 0.2034 0.2341 0.0353 0.0931
218 0.6294 0.0323 0.0958 0.2175 0.0250
219 0.6045 0.0435 0.2057 0.1267 0.0197
220 0.5596 0.0183 0.1816 0.1995 0.0412
221 0.3625 0.0645 0.3354 0.2098 0.0275
222 0.2087 0.0179 0.0804 0.6841 0.0087
223 0.3083 0.2439 0.3748 0.0174 0.0557
224 0.2341 0.0376 0.0450 0.0111 0.6724
225 0.2018 0.0340 0.0162 0.0154 0.7324
226 0.2852 0.0523 0.1025 0.1009 0.4592
227 0.4690 0.0464 0.1925 0.2590 0.0332
228 0.2917 0.1315 0.0797 0.1769 0.3203
229 0.1840 0.2201 0.2380 0.1254 0.2325
230 0.1115 0.2435 0.5078 0.0556 0.0816
231 0.0519 0.0970 0.7993 0.0150 0.0368
232 0.2157 0.4939 0.1761 0.0075 0.1068
233 0.1147 0.2336 0.4504 0.0457 0.1556
234 0.1051 0.0576 0.1494 0.2522 0.4358
235 0.2905 0.0879 0.1202 0.0788 0.4226
236 0.0337 0.1398 0.4043 0.1022 0.3198
237 0.2377 0.0671 0.2822 0.3459 0.0671
238 0.2747 0.0632 0.2104 0.3933 0.0584
239 0.0481 0.1720 0.1964 0.0537 0.5298
240 0.0654 0.1985 0.2129 0.0165 0.5068
241 0.1779 0.0605 0.0494 0.4614 0.2507
242 0.2045 0.0654 0.0517 0.4468 0.2317
