time exciting_prob fearful_prob tense_prob sad_prob relaxing_prob
0 0.2037 0.2830 0.2496 0.2310 0.0327
1 0.1782 0.2117 0.1989 0.1927 0.2184
2 0.1536 0.1273 0.2379 0.2612 0.2200
3 0.2532 0.2198 0.2959 0.1205 0.1106
4 0.2109 0.1862 0.2043 0.2974 0.1012
5 0.2751 0.3218 0.2546 0.0776 0.0707
6 0.3013 0.0823 0.0699 0.2478 0.2988
7 0.2456 0.0709 0.1048 0.2101 0.3687
8 0.1841 0.1074 0.0823 0.3896 0.2365
9 0.2275 0.2499 0.1638 0.2744 0.0844
10 0.1884 0.2495 0.3689 0.1538 0.0395
11 0.2722 0.2854 0.3184 0.0647 0.0594
12 0.1611 0.4280 0.1207 0.2006 0.0897
13 0.3835 0.2939 0.1357 0.0786 0.1082
14 0.3066 0.3262 0.1035 0.1060 0.1578
15 0.2529 0.2844 0.1333 0.1621 0.1672
16 0.1757 0.1991 0.1348 0.4150 0.0756
17 0.1541 0.5376 0.1371 0.1127 0.0585
18 0.2366 0.4351 0.0768 0.1423 0.1091
19 0.2079 0.3271 0.0801 0.3220 0.0629
20 0.3926 0.3687 0.1073 0.0732 0.0583
21 0.3145 0.3882 0.0367 0.1848 0.0759
22 0.3000 0.3535 0.2374 0.0853 0.0235
23 0.1993 0.2725 0.2404 0.2600 0.0280
24 0.3572 0.3923 0.0977 0.1151 0.0379
25 0.2756 0.4836 0.1213 0.0867 0.0329
26 0.3940 0.3616 0.1012 0.0981 0.0449
27 0.3059 0.4180 0.1798 0.0602 0.0362
28 0.1338 0.3525 0.3064 0.1470 0.0603
29 0.1053 0.5693 0.1605 0.1353 0.0297
30 0.0703 0.2847 0.3831 0.1987 0.0635
31 0.2864 0.2031 0.1938 0.0577 0.2588
32 0.3269 0.3169 0.0997 0.2145 0.0419
33 0.3289 0.2157 0.1459 0.2296 0.0800
34 0.1538 0.4448 0.3359 0.0602 0.0053
35 0.2050 0.2673 0.2002 0.2551 0.0725
36 0.0826 0.5732 0.1593 0.0981 0.0866
37 0.5127 0.2070 0.1100 0.0955 0.0750
38 0.7642 0.1298 0.0415 0.0255 0.0389
39 0.2612 0.0903 0.3203 0.1098 0.2184
40 0.3589 0.0654 0.2605 0.1631 0.1520
41 0.1840 0.2325 0.1455 0.3660 0.0720
42 0.6465 0.1809 0.0388 0.0522 0.0815
43 0.4724 0.1864 0.2113 0.0564 0.0735
44 0.4202 0.4072 0.1087 0.0436 0.0204
45 0.2155 0.0389 0.1993 0.5249 0.0212
46 0.4639 0.1859 0.1578 0.0920 0.1003
47 0.0685 0.1146 0.1519 0.6196 0.0453
48 0.4287 0.2090 0.0717 0.2443 0.0463
49 0.7739 0.0797 0.0903 0.0273 0.0289
50 0.3147 0.0952 0.3098 0.1582 0.1223
51 0.3562 0.1631 0.2487 0.1848 0.0475
52 0.1528 0.3337 0.2944 0.1704 0.0485
53 0.9136 0.0231 0.0087 0.0408 0.0139
54 0.5405 0.1927 0.1769 0.0228 0.0671
55 0.5054 0.1182 0.0878 0.0264 0.2622
56 0.1506 0.0254 0.7773 0.0375 0.0093
57 0.4963 0.1869 0.2418 0.0188 0.0561
58 0.5645 0.2245 0.0950 0.0268 0.0893
59 0.7202 0.1792 0.0293 0.0397 0.0316
60 0.6870 0.1908 0.0388 0.0522 0.0311
61 0.3364 0.2349 0.1746 0.1002 0.1541
62 0.5024 0.0866 0.0559 0.3193 0.0358
63 0.1906 0.1630 0.1320 0.3730 0.1416
64 0.2263 0.0928 0.0318 0.5342 0.1147
65 0.1323 0.0681 0.3828 0.3828 0.0340
66 0.4978 0.1667 0.1667 0.0409 0.1278
67 0.4973 0.2482 0.1382 0.0292 0.0871
68 0.3655 0.1115 0.1132 0.1205 0.2891
69 0.3511 0.2864 0.0860 0.1158 0.1608
70 0.5571 0.1488 0.0483 0.0468 0.1987
71 0.0848 0.0725 0.1488 0.5977 0.0961
72 0.7759 0.0705 0.0512 0.0166 0.0857
73 0.5894 0.1943 0.0626 0.0330 0.1207
74 0.1990 0.3491 0.2764 0.0829 0.0925
75 0.1052 0.3613 0.4714 0.0460 0.0160
76 0.3262 0.1979 0.3872 0.0346 0.0541
77 0.7485 0.0172 0.0011 0.0406 0.1923
78 0.3435 0.1008 0.1432 0.0171 0.3955
79 0.3286 0.3608 0.2024 0.0240 0.0844
80 0.4504 0.2527 0.0204 0.1473 0.1290
81 0.4294 0.2029 0.0100 0.2092 0.1484
82 0.5034 0.1824 0.0822 0.0345 0.1973
83 0.0614 0.1261 0.7031 0.0696 0.0397
84 0.5664 0.1133 0.0977 0.0300 0.1927
85 0.6138 0.1135 0.0333 0.0418 0.1978
86 0.1449 0.3877 0.2465 0.1803 0.0406
87 0.2771 0.3447 0.2296 0.1068 0.0418
88 0.5391 0.1545 0.1521 0.0347 0.1194
89 0.6826 0.0975 0.0370 0.0145 0.1686
90 0.6631 0.0955 0.0261 0.0207 0.1945
91 0.5464 0.1042 0.1229 0.1903 0.0363
92 0.2502 0.1328 0.4531 0.1505 0.0134
93 0.1208 0.2559 0.1306 0.4631 0.0296
94 0.0763 0.4973 0.1360 0.2747 0.0156
95 0.1028 0.2861 0.1847 0.3911 0.0352
96 0.1000 0.6470 0.1399 0.1016 0.0118
97 0.2502 0.0995 0.1339 0.1692 0.3472
98 0.3254 0.3105 0.2656 0.0327 0.0656
99 0.1713 0.4141 0.1031 0.2803 0.0312
100 0.0671 0.0185 0.0269 0.8833 0.0041
101 0.1445 0.0817 0.1357 0.6323 0.0056
102 0.0814 0.0180 0.0353 0.8618 0.0034
103 0.1765 0.3735 0.2412 0.1407 0.0681
104 0.1285 0.0918 0.1116 0.1599 0.5083
105 0.2460 0.1786 0.0780 0.4854 0.0122
106 0.1593 0.4434 0.1013 0.2690 0.0271
107 0.0696 0.2319 0.0853 0.5479 0.0654
108 0.1971 0.4275 0.0620 0.1768 0.1366
109 0.2095 0.1070 0.1462 0.5024 0.0347
110 0.1456 0.0883 0.1152 0.0657 0.5850
111 0.2656 0.1715 0.1455 0.0427 0.3745
112 0.2029 0.3850 0.0449 0.2299 0.1373
113 0.1085 0.1707 0.0550 0.6543 0.0115
114 0.3459 0.3892 0.0882 0.0828 0.0939
115 0.0903 0.0198 0.2869 0.5977 0.0052
116 0.2537 0.0657 0.0933 0.5044 0.0830
117 0.1423 0.0496 0.0607 0.0994 0.6479
118 0.2448 0.2317 0.1384 0.2773 0.1078
119 0.1532 0.1848 0.4036 0.1053 0.1532
120 0.3530 0.0878 0.0516 0.3757 0.1318
121 0.4463 0.1681 0.0316 0.1543 0.1996
122 0.3359 0.0756 0.0167 0.2659 0.3059
123 0.3813 0.0642 0.1339 0.1666 0.2539
124 0.4070 0.2393 0.0959 0.1104 0.1475
125 0.3723 0.0157 0.0159 0.5811 0.0149
126 0.3408 0.2380 0.1294 0.2783 0.0134
127 0.6167 0.1595 0.0565 0.1608 0.0067
128 0.2778 0.2340 0.1476 0.3301 0.0105
129 0.1814 0.1066 0.0745 0.5166 0.1208
130 0.0793 0.0957 0.1191 0.6240 0.0818
131 0.0987 0.0711 0.2190 0.5171 0.0942
132 0.1337 0.2499 0.2537 0.2578 0.1050
133 0.0555 0.0432 0.1531 0.6650 0.0833
134 0.0628 0.1289 0.5425 0.1604 0.1052
135 0.1105 0.1880 0.5439 0.1214 0.0359
136 0.1242 0.2284 0.4990 0.0730 0.0753
137 0.3108 0.2559 0.1744 0.0469 0.2120
138 0.2316 0.1920 0.2708 0.1981 0.1077
139 0.1281 0.3591 0.2393 0.1462 0.1271
140 0.4319 0.2367 0.1577 0.0637 0.1100
141 0.2456 0.2698 0.1989 0.1512 0.1345
142 0.2710 0.4265 0.1750 0.0765 0.0509
143 0.2456 0.3057 0.2534 0.0210 0.1742
144 0.2360 0.3486 0.3379 0.0300 0.0475
145 0.3223 0.3738 0.1836 0.0591 0.0610
146 0.2996 0.3584 0.1747 0.0745 0.0928
147 0.1628 0.1173 0.3613 0.2815 0.0770
148 0.1956 0.2472 0.4407 0.0479 0.0687
149 0.0627 0.0722 0.2559 0.5088 0.1002
150 0.2810 0.2993 0.1110 0.1639 0.1447
151 0.2042 0.4390 0.1248 0.0928 0.1393
152 0.2124 0.0537 0.1628 0.2262 0.3447
153 0.3311 0.0750 0.0667 0.1638 0.3635
154 0.2065 0.2114 0.1038 0.0578 0.4204
155 0.1909 0.1823 0.0714 0.3457 0.2097
156 0.1193 0.4099 0.2410 0.1819 0.0478
157 0.2196 0.1353 0.0853 0.2690 0.2908
158 0.1493 0.1947 0.1218 0.0745 0.4597
159 0.2827 0.1942 0.1399 0.0423 0.3408
160 0.4065 0.3318 0.1270 0.0449 0.0900
161 0.2432 0.2842 0.3376 0.0853 0.0498
162 0.6694 0.0734 0.1101 0.1136 0.0336
163 0.4741 0.3284 0.0641 0.0891 0.0444
164 0.5879 0.1953 0.0639 0.1261 0.0269
165 0.3481 0.5786 0.0376 0.0286 0.0069
166 0.3152 0.6318 0.0182 0.0282 0.0067
167 0.4531 0.4324 0.0604 0.0244 0.0297
168 0.4641 0.2666 0.2334 0.0202 0.0158
169 0.4314 0.4519 0.0380 0.0631 0.0156
170 0.5430 0.1920 0.0623 0.1617 0.0412
171 0.5469 0.2859 0.0690 0.0865 0.0120
172 0.2615 0.4277 0.2656 0.0330 0.0121
173 0.4246 0.3718 0.1226 0.0434 0.0377
174 0.1022 0.3147 0.5190 0.0555 0.0088
175 0.3757 0.2642 0.2483 0.0418 0.0700
176 0.1757 0.5283 0.1959 0.0883 0.0116
177 0.5073 0.1987 0.1263 0.1196 0.0479
178 0.3245 0.3120 0.0908 0.1984 0.0742
179 0.5396 0.2197 0.0564 0.1672 0.0170
180 0.2069 0.2418 0.1663 0.0933 0.2917
181 0.3816 0.3999 0.1043 0.0470 0.0673
182 0.2115 0.3953 0.2717 0.1023 0.0191
183 0.4995 0.2234 0.1420 0.1106 0.0245
184 0.3955 0.1854 0.1825 0.2020 0.0345
185 0.5767 0.2294 0.0399 0.0380 0.1162
186 0.3630 0.5239 0.0430 0.0444 0.0255
187 0.5259 0.2369 0.1299 0.0294 0.0781
188 0.5991 0.2659 0.0646 0.0143 0.0562
189 0.5244 0.3083 0.0750 0.0641 0.0282
190 0.1344 0.0645 0.3123 0.4075 0.0815
191 0.1175 0.1232 0.2908 0.4231 0.0453
192 0.1002 0.1171 0.2441 0.5010 0.0374
193 0.2037 0.2830 0.2496 0.2310 0.0327
194 0.4666 0.3633 0.0641 0.0185 0.0876
195 0.4666 0.3633 0.0636 0.0182 0.0883
196 0.4685 0.3591 0.0649 0.0186 0.0887
197 0.4685 0.3591 0.0649 0.0186 0.0887
198 0.4685 0.3591 0.0649 0.0186 0.0887
199 0.2037 0.2830 0.2496 0.2310 0.0327
200 0.2037 0.2830 0.2496 0.2310 0.0327
