time exciting_prob fearful_prob tense_prob sad_prob relaxing_prob
0 0.2037 0.2830 0.2496 0.2310 0.0327
1 0.5015 0.0609 0.2903 0.1329 0.0142
2 0.5225 0.0724 0.1384 0.2585 0.0084
3 0.0630 0.0499 0.7808 0.1040 0.0025
4 0.0465 0.3955 0.3894 0.1624 0.0062
5 0.8770 0.0159 0.0280 0.0561 0.0232
6 0.8237 0.0275 0.0362 0.0882 0.0243
7 0.0404 0.1868 0.6519 0.1187 0.0025
8 0.1971 0.0514 0.2098 0.4878 0.0539
9 0.0301 0.1110 0.5635 0.2925 0.0028
10 0.5122 0.1337 0.1771 0.1689 0.0078
11 0.4292 0.0981 0.3789 0.0872 0.0065
12 0.2615 0.0693 0.3689 0.2615 0.0389
13 0.1759 0.1774 0.5679 0.0684 0.0103
14 0.4402 0.0450 0.2284 0.2629 0.0235
15 0.1133 0.0732 0.4551 0.3489 0.0094
16 0.0558 0.0020 0.0268 0.9150 0.0006
17 0.2886 0.0055 0.0644 0.6401 0.0013
18 0.4490 0.0056 0.0956 0.4490 0.0009
19 0.1754 0.2435 0.4622 0.0803 0.0388
20 0.1865 0.3125 0.4011 0.0565 0.0433
21 0.0536 0.2559 0.4153 0.2441 0.0310
22 0.0629 0.1394 0.4570 0.2861 0.0546
23 0.0734 0.2408 0.1996 0.4429 0.0432
24 0.0858 0.1934 0.2225 0.4639 0.0344
25 0.0930 0.1175 0.2649 0.4871 0.0376
26 0.1641 0.2242 0.4321 0.1615 0.0181
27 0.0593 0.0837 0.2347 0.5811 0.0414
28 0.0517 0.4607 0.4128 0.0674 0.0075
29 0.0501 0.3071 0.3025 0.2886 0.0517
30 0.0732 0.1306 0.1730 0.5942 0.0287
31 0.0573 0.7085 0.1709 0.0559 0.0074
32 0.0859 0.4868 0.1936 0.1936 0.0399
33 0.0175 0.7715 0.1643 0.0428 0.0038
34 0.0790 0.1168 0.3831 0.3950 0.0261
35 0.0685 0.1472 0.5645 0.1592 0.0605
36 0.0572 0.1555 0.3616 0.4097 0.0159
37 0.0926 0.0656 0.6226 0.1929 0.0261
38 0.0197 0.1256 0.8066 0.0455 0.0023
39 0.1118 0.1307 0.2639 0.4780 0.0155
40 0.0658 0.0757 0.7188 0.1210 0.0187
41 0.1359 0.1718 0.4597 0.2311 0.0016
42 0.0460 0.1569 0.5142 0.2467 0.0361
43 0.1417 0.0759 0.1439 0.6157 0.0229
44 0.1305 0.2849 0.4146 0.1599 0.0101
45 0.1411 0.0441 0.3413 0.4451 0.0285
46 0.2034 0.1686 0.2378 0.3301 0.0601
47 0.1649 0.1943 0.2783 0.3105 0.0519
48 0.1268 0.1790 0.3369 0.3069 0.0505
49 0.0816 0.1226 0.5576 0.2219 0.0161
50 0.1780 0.1956 0.5659 0.0429 0.0178
51 0.3230 0.1526 0.4214 0.0897 0.0131
52 0.2272 0.3865 0.3357 0.0417 0.0091
53 0.1064 0.4080 0.4412 0.0398 0.0046
54 0.1661 0.3542 0.4080 0.0626 0.0092
55 0.0791 0.1525 0.7158 0.0437 0.0088
56 0.1057 0.3867 0.4736 0.0253 0.0086
57 0.1669 0.2142 0.3940 0.2013 0.0235
58 0.0735 0.1556 0.7139 0.0533 0.0036
59 0.0782 0.3423 0.4753 0.0974 0.0067
60 0.0138 0.2815 0.5688 0.1329 0.0031
61 0.0244 0.0959 0.7251 0.1497 0.0048
62 0.1013 0.0560 0.3428 0.4834 0.0165
63 0.2356 0.2886 0.2469 0.1737 0.0551
64 0.0421 0.1703 0.4150 0.3606 0.0122
65 0.0761 0.0641 0.6890 0.1688 0.0022
66 0.0509 0.1428 0.7251 0.0782 0.0030
67 0.0221 0.0874 0.5107 0.3735 0.0062
68 0.0186 0.0616 0.5405 0.3774 0.0016
69 0.0175 0.0390 0.6401 0.3022 0.0010
70 0.0702 0.1683 0.6157 0.1364 0.0091
71 0.0432 0.1149 0.6509 0.1893 0.0018
72 0.0370 0.1711 0.2529 0.5356 0.0036
73 0.0424 0.2362 0.7051 0.0135 0.0027
74 0.0106 0.2021 0.6948 0.0911 0.0014
75 0.0235 0.2198 0.6880 0.0681 0.0006
76 0.0661 0.2117 0.5752 0.1455 0.0014
77 0.0798 0.2764 0.3960 0.2439 0.0038
78 0.0337 0.2015 0.4199 0.3374 0.0075
79 0.0248 0.0887 0.8027 0.0833 0.0006
80 0.0150 0.0510 0.5312 0.4011 0.0014
81 0.0383 0.0365 0.1637 0.7573 0.0044
82 0.0343 0.4053 0.4382 0.1180 0.0041
83 0.1360 0.0980 0.2241 0.5376 0.0042
84 0.3018 0.1102 0.2296 0.3420 0.0166
85 0.3091 0.0355 0.2028 0.4160 0.0366
86 0.2878 0.0892 0.3584 0.2462 0.0184
87 0.3159 0.0363 0.1946 0.3992 0.0540
88 0.2642 0.0438 0.1934 0.4709 0.0276
89 0.0290 0.0894 0.6406 0.2213 0.0198
90 0.0198 0.1045 0.7485 0.1261 0.0013
91 0.0262 0.1705 0.4934 0.3088 0.0009
92 0.0422 0.1157 0.6812 0.1593 0.0016
93 0.0125 0.1250 0.3562 0.5024 0.0041
94 0.0135 0.0630 0.5791 0.3403 0.0041
95 0.0103 0.0363 0.8921 0.0588 0.0027
96 0.0347 0.0944 0.1212 0.7422 0.0079
97 0.0643 0.1543 0.2751 0.4980 0.0081
98 0.0446 0.2568 0.1487 0.5029 0.0468
99 0.0243 0.3352 0.0350 0.2651 0.3403
100 0.0249 0.2942 0.3662 0.3035 0.0112
101 0.0083 0.2827 0.1882 0.5200 0.0010
102 0.0379 0.1080 0.4338 0.4014 0.0188
103 0.0546 0.1631 0.1998 0.5693 0.0131
104 0.0266 0.1460 0.2859 0.5342 0.0074
105 0.0502 0.2469 0.2932 0.3767 0.0329
106 0.0941 0.0588 0.4814 0.3577 0.0081
107 0.0928 0.1604 0.5864 0.1531 0.0071
108 0.0721 0.1456 0.5942 0.1812 0.0071
109 0.0867 0.0982 0.2179 0.5562 0.0409
110 0.1163 0.4158 0.1666 0.2903 0.0111
111 0.1012 0.2837 0.4194 0.1862 0.0095
112 0.0312 0.2781 0.5039 0.1825 0.0044
113 0.0322 0.1273 0.4585 0.3801 0.0017
114 0.0476 0.1973 0.4731 0.2739 0.0083
115 0.3577 0.2086 0.1611 0.2576 0.0151
116 0.3682 0.0453 0.1880 0.3403 0.0582
117 0.1069 0.1138 0.2372 0.5181 0.0242
118 0.0139 0.7148 0.2146 0.0551 0.0015
119 0.2356 0.0675 0.6108 0.0702 0.0158
120 0.5249 0.0280 0.0739 0.2598 0.1135
121 0.4087 0.2054 0.2023 0.1296 0.0540
122 0.2107 0.0775 0.0775 0.5464 0.0878
123 0.7637 0.0870 0.0793 0.0333 0.0366
124 0.2720 0.1033 0.3132 0.2439 0.0677
125 0.2379 0.0961 0.4731 0.1741 0.0189
126 0.2479 0.0459 0.5088 0.1758 0.0217
127 0.0938 0.6562 0.1852 0.0625 0.0020
128 0.0439 0.5430 0.3347 0.0759 0.0025
129 0.0218 0.1401 0.7695 0.0662 0.0024
130 0.0100 0.4595 0.3062 0.2072 0.0173
131 0.0077 0.6147 0.1934 0.1788 0.0054
132 0.0128 0.6250 0.3047 0.0319 0.0254
133 0.0356 0.3716 0.5156 0.0709 0.0061
134 0.0789 0.2930 0.5562 0.0664 0.0057
135 0.1880 0.2268 0.3149 0.2303 0.0400
136 0.1080 0.0543 0.1132 0.6616 0.0626
137 0.0374 0.5454 0.3577 0.0511 0.0083
138 0.0318 0.4316 0.3811 0.1401 0.0154
139 0.1017 0.2087 0.5947 0.0843 0.0108
140 0.1298 0.5381 0.2622 0.0643 0.0057
141 0.0591 0.4944 0.4036 0.0393 0.0038
142 0.0872 0.1530 0.4292 0.3291 0.0018
143 0.0939 0.1500 0.5317 0.2217 0.0027
144 0.2079 0.1342 0.4834 0.1406 0.0339
145 0.1240 0.3069 0.2837 0.2751 0.0104
146 0.1688 0.1107 0.3518 0.3574 0.0113
147 0.3025 0.1364 0.3320 0.2178 0.0114
148 0.0515 0.1058 0.3013 0.5288 0.0124
149 0.0337 0.1866 0.3125 0.4548 0.0124
150 0.0340 0.3203 0.5889 0.0523 0.0046
151 0.0757 0.2424 0.5054 0.1692 0.0076
152 0.0970 0.1599 0.6523 0.0693 0.0215
153 0.0534 0.1571 0.6611 0.1014 0.0269
154 0.0818 0.2207 0.6587 0.0341 0.0045
155 0.1299 0.1240 0.5645 0.1667 0.0150
156 0.0538 0.1166 0.7432 0.0551 0.0314
157 0.0829 0.2494 0.5532 0.0903 0.0239
158 0.0448 0.3110 0.5811 0.0466 0.0162
159 0.0235 0.8032 0.1509 0.0219 0.0007
160 0.0617 0.3386 0.5410 0.0544 0.0042
161 0.0338 0.1467 0.7222 0.0955 0.0020
162 0.0301 0.2074 0.4973 0.1859 0.0793
163 0.0230 0.5747 0.3770 0.0185 0.0065
164 0.0610 0.1194 0.2734 0.5269 0.0193
165 0.0434 0.2346 0.2170 0.4966 0.0083
166 0.0725 0.0725 0.2571 0.5615 0.0365
167 0.0363 0.1034 0.1493 0.1298 0.5811
168 0.0952 0.2817 0.6060 0.0091 0.0079
169 0.0589 0.1067 0.8262 0.0075 0.0010
170 0.0912 0.0496 0.8525 0.0062 0.0004
171 0.0960 0.0796 0.8164 0.0075 0.0004
172 0.0409 0.3164 0.2141 0.4126 0.0161
173 0.3901 0.0793 0.1481 0.3445 0.0380
174 0.0947 0.1884 0.1825 0.4661 0.0682
175 0.0273 0.4922 0.2362 0.2399 0.0044
176 0.0648 0.5859 0.2444 0.1003 0.0045
177 0.0836 0.6084 0.1945 0.1108 0.0030
178 0.1971 0.2869 0.2571 0.2493 0.0095
179 0.3274 0.1781 0.1866 0.2800 0.0277
180 0.3379 0.1547 0.2081 0.2935 0.0058
181 0.5283 0.1899 0.1869 0.0925 0.0022
182 0.2307 0.0515 0.3203 0.3926 0.0050
183 0.1842 0.0272 0.2120 0.5674 0.0092
184 0.2744 0.0360 0.2578 0.3933 0.0383
185 0.0318 0.0181 0.1493 0.7944 0.0062
186 0.2883 0.1617 0.3320 0.2144 0.0036
187 0.1886 0.2205 0.3159 0.2460 0.0291
188 0.2023 0.1152 0.1960 0.4084 0.0779
189 0.2266 0.2649 0.2266 0.2649 0.0173
190 0.1390 0.1600 0.1626 0.4351 0.1033
191 0.1564 0.1010 0.2876 0.4250 0.0301
192 0.0584 0.3184 0.2944 0.3235 0.0051
193 0.0110 0.2532 0.5889 0.1466 0.0003
194 0.0632 0.4119 0.3416 0.1799 0.0035
195 0.0406 0.6157 0.3350 0.0076 0.0009
196 0.0333 0.2173 0.5132 0.2312 0.0051
197 0.0579 0.3333 0.2118 0.3547 0.0424
198 0.0376 0.5977 0.2869 0.0748 0.0031
199 0.0237 0.4197 0.5063 0.0456 0.0048
200 0.0191 0.3840 0.4282 0.1652 0.0035
201 0.0269 0.4883 0.4585 0.0228 0.0035
202 0.0491 0.2739 0.3464 0.3154 0.0152
203 0.0099 0.0685 0.1696 0.7246 0.0272
204 0.0589 0.1266 0.2188 0.5674 0.0283
205 0.1875 0.3240 0.2125 0.2158 0.0599
206 0.1272 0.2197 0.2910 0.3298 0.0322
207 0.0816 0.4209 0.3381 0.1455 0.0138
208 0.1340 0.6196 0.1472 0.0914 0.0078
209 0.2330 0.3137 0.2725 0.1209 0.0598
210 0.4521 0.0919 0.0978 0.2346 0.1236
211 0.0869 0.1526 0.1575 0.5669 0.0362
212 0.2037 0.1715 0.1125 0.4812 0.0310
213 0.2229 0.2817 0.2373 0.2229 0.0350
214 0.1578 0.3909 0.1818 0.1996 0.0701
215 0.1813 0.3662 0.2517 0.1490 0.0519
216 0.1287 0.1759 0.6333 0.0520 0.0102
217 0.1937 0.1658 0.5308 0.0319 0.0777
218 0.0550 0.4460 0.3755 0.1200 0.0036
219 0.4016 0.2417 0.3079 0.0338 0.0151
220 0.0585 0.0402 0.0995 0.7471 0.0550
221 0.0893 0.3477 0.4827 0.0695 0.0110
222 0.3787 0.1350 0.3240 0.1371 0.0254
223 0.4216 0.2086 0.2086 0.1445 0.0166
224 0.3284 0.2479 0.1871 0.2188 0.0178
225 0.3357 0.1825 0.2456 0.2101 0.0263
226 0.4980 0.2583 0.1372 0.0865 0.0199
227 0.4458 0.1978 0.1218 0.2073 0.0274
228 0.2610 0.3147 0.2490 0.1582 0.0171
229 0.1727 0.1304 0.5322 0.1560 0.0088
230 0.3174 0.1476 0.2888 0.2180 0.0282
231 0.2317 0.0729 0.3821 0.2751 0.0381
232 0.0632 0.0508 0.6851 0.1963 0.0047
233 0.2129 0.1140 0.4507 0.1864 0.0361
234 0.2629 0.0834 0.5229 0.1046 0.0260
235 0.2023 0.1025 0.5586 0.1189 0.0178
236 0.3201 0.1420 0.4375 0.0766 0.0239
237 0.1821 0.1272 0.4724 0.1969 0.0213
238 0.2991 0.1786 0.4087 0.0919 0.0217
239 0.3142 0.2566 0.0989 0.3242 0.0060
240 0.2249 0.0587 0.2932 0.3945 0.0286
241 0.0409 0.0373 0.3220 0.5830 0.0169
242 0.2037 0.2830 0.2496 0.2310 0.0327
243 0.2493 0.0033 0.2306 0.4880 0.0289
244 0.3696 0.0028 0.1257 0.4895 0.0123
245 0.2642 0.1268 0.1229 0.4224 0.0638
246 0.5474 0.1643 0.0334 0.1544 0.1005
247 0.6753 0.1289 0.0192 0.0807 0.0958
248 0.6753 0.1289 0.0192 0.0807 0.0958
249 0.4695 0.2397 0.0797 0.1234 0.0875
