time exciting_prob fearful_prob tense_prob sad_prob relaxing_prob
0 0.4165 0.1036 0.4297 0.0358 0.0145
1 0.5913 0.0921 0.2837 0.0229 0.0098
2 0.6030 0.0939 0.2761 0.0166 0.0105
3 0.6001 0.0935 0.2791 0.0166 0.0107
4 0.5723 0.0934 0.3015 0.0215 0.0112
5 0.2037 0.2830 0.2496 0.2310 0.0327
6 0.2037 0.2830 0.2496 0.2310 0.0327
7 0.8145 0.0292 0.0872 0.0516 0.0177
8 0.7764 0.0445 0.1248 0.0369 0.0177
9 0.7173 0.0459 0.1564 0.0647 0.0157
10 0.8271 0.0355 0.0921 0.0334 0.0120
11 0.7837 0.0489 0.1174 0.0299 0.0202
12 0.8149 0.0669 0.0460 0.0572 0.0150
13 0.8672 0.0712 0.0318 0.0181 0.0115
14 0.7749 0.0779 0.0849 0.0515 0.0107
15 0.9160 0.0350 0.0363 0.0073 0.0054
16 0.8276 0.0663 0.0663 0.0313 0.0086
17 0.7822 0.0445 0.1199 0.0477 0.0058
18 0.7334 0.0527 0.1525 0.0583 0.0033
19 0.1605 0.0591 0.1877 0.5874 0.0054
20 0.1235 0.1124 0.1636 0.5986 0.0021
21 0.1287 0.1181 0.0971 0.6533 0.0026
22 0.3472 0.0979 0.1338 0.4121 0.0090
23 0.2686 0.1460 0.1003 0.4788 0.0062
24 0.2059 0.3091 0.2124 0.2333 0.0393
25 0.0785 0.0447 0.1024 0.7686 0.0057
26 0.2257 0.2257 0.2479 0.2681 0.0325
27 0.1659 0.3740 0.2778 0.1559 0.0263
28 0.2722 0.3232 0.1676 0.2186 0.0185
29 0.1304 0.0273 0.1523 0.6826 0.0072
30 0.3242 0.2566 0.2299 0.1791 0.0103
31 0.1935 0.1309 0.2484 0.3970 0.0304
32 0.1479 0.2944 0.2328 0.2854 0.0395
33 0.1105 0.1852 0.2340 0.4512 0.0192
34 0.1726 0.2512 0.2590 0.2983 0.0189
35 0.2512 0.1047 0.1151 0.4622 0.0666
36 0.0395 0.2458 0.6279 0.0823 0.0043
37 0.0489 0.4158 0.1904 0.2859 0.0590
38 0.0997 0.0409 0.0789 0.7480 0.0323
39 0.1559 0.1105 0.2197 0.4509 0.0630
40 0.2861 0.0573 0.1086 0.5347 0.0131
41 0.3281 0.0570 0.1676 0.4417 0.0054
42 0.1072 0.2532 0.1443 0.4585 0.0368
43 0.1438 0.1818 0.1508 0.4941 0.0294
44 0.1423 0.2103 0.3157 0.3259 0.0057
45 0.1332 0.1509 0.5024 0.2063 0.0072
46 0.2035 0.0709 0.2737 0.4241 0.0280
47 0.3098 0.0629 0.1292 0.4797 0.0186
48 0.1636 0.1024 0.3057 0.3984 0.0300
49 0.1591 0.0445 0.2793 0.5059 0.0115
50 0.0756 0.0699 0.3442 0.5010 0.0091
51 0.2289 0.2939 0.2052 0.2593 0.0128
52 0.1619 0.0707 0.1185 0.6304 0.0184
53 0.1455 0.1573 0.1702 0.4624 0.0646
54 0.2429 0.1736 0.2839 0.2668 0.0329
55 0.2189 0.1436 0.3235 0.2559 0.0580
56 0.0486 0.5557 0.2466 0.1320 0.0172
57 0.0723 0.3191 0.1394 0.4570 0.0123
58 0.1012 0.3167 0.2974 0.2280 0.0568
59 0.0979 0.1162 0.3210 0.4526 0.0123
60 0.3083 0.2439 0.0884 0.3386 0.0207
61 0.1077 0.3423 0.2837 0.2316 0.0349
62 0.0705 0.1539 0.2703 0.4971 0.0082
63 0.1198 0.2382 0.3359 0.2827 0.0234
64 0.6958 0.2089 0.0678 0.0229 0.0049
65 0.1064 0.1409 0.2847 0.4341 0.0340
66 0.2029 0.1592 0.2142 0.4033 0.0202
67 0.0725 0.1323 0.1781 0.6118 0.0050
68 0.0742 0.0397 0.0778 0.7979 0.0104
69 0.1473 0.1281 0.2046 0.4470 0.0729
70 0.2810 0.0768 0.2854 0.3284 0.0285
71 0.2800 0.0867 0.1302 0.4915 0.0115
72 0.2693 0.2866 0.1895 0.2433 0.0113
73 0.1105 0.3430 0.2734 0.2693 0.0039
74 0.1779 0.4167 0.2469 0.1396 0.0189
75 0.0721 0.3931 0.1527 0.3750 0.0070
76 0.0587 0.0518 0.4207 0.4619 0.0069
77 0.1058 0.1162 0.1691 0.5991 0.0096
78 0.0444 0.0438 0.1503 0.7515 0.0099
79 0.1351 0.0928 0.3242 0.4360 0.0118
80 0.0978 0.1338 0.1539 0.6089 0.0056
81 0.0608 0.1719 0.1403 0.6191 0.0080
82 0.1216 0.0947 0.2168 0.5537 0.0130
83 0.1004 0.1086 0.2029 0.5688 0.0192
84 0.0826 0.1776 0.4983 0.2354 0.0061
85 0.3325 0.1047 0.1925 0.3596 0.0106
86 0.2866 0.1659 0.4170 0.1176 0.0130
87 0.0669 0.2861 0.5181 0.1250 0.0039
88 0.1042 0.1678 0.1058 0.6187 0.0033
89 0.1650 0.2118 0.2273 0.3867 0.0093
90 0.1305 0.4082 0.3057 0.1315 0.0243
91 0.1027 0.2996 0.2026 0.3845 0.0105
92 0.2028 0.1761 0.2771 0.2996 0.0445
93 0.1130 0.2111 0.2046 0.4609 0.0104
94 0.1597 0.2115 0.1205 0.4919 0.0164
95 0.0467 0.1776 0.3020 0.4678 0.0058
96 0.0615 0.1322 0.2979 0.4990 0.0094
97 0.0603 0.0532 0.2661 0.6187 0.0018
98 0.0965 0.0349 0.2925 0.5640 0.0122
99 0.3269 0.0517 0.3120 0.3022 0.0072
100 0.0762 0.0863 0.3992 0.4250 0.0133
101 0.3674 0.1791 0.1005 0.1848 0.1682
102 0.2566 0.2729 0.1461 0.2817 0.0425
103 0.2362 0.3923 0.2961 0.0527 0.0225
104 0.0852 0.2142 0.2666 0.4194 0.0144
105 0.6353 0.0573 0.0644 0.2355 0.0076
106 0.0953 0.1365 0.5483 0.2147 0.0053
107 0.0966 0.1439 0.6060 0.1462 0.0074
108 0.0882 0.1477 0.5156 0.2361 0.0122
109 0.1093 0.1110 0.1948 0.5815 0.0033
110 0.0558 0.0979 0.1277 0.7119 0.0067
111 0.1661 0.1661 0.3103 0.3516 0.0058
112 0.1571 0.1365 0.5151 0.1836 0.0078
113 0.1348 0.3899 0.2808 0.1730 0.0217
114 0.1447 0.1470 0.1917 0.4744 0.0424
115 0.1530 0.0781 0.1506 0.5684 0.0497
116 0.1361 0.0958 0.6006 0.1616 0.0061
117 0.1235 0.1255 0.5894 0.1514 0.0101
118 0.0451 0.1245 0.7051 0.1206 0.0047
119 0.2155 0.0617 0.4353 0.2766 0.0110
120 0.4583 0.0373 0.2654 0.2234 0.0157
121 0.2190 0.0637 0.2520 0.4495 0.0159
122 0.4194 0.0478 0.3879 0.1340 0.0110
123 0.1434 0.0884 0.2086 0.5083 0.0511
124 0.0494 0.0875 0.0403 0.8169 0.0058
125 0.0464 0.2571 0.4304 0.2571 0.0090
126 0.3401 0.2162 0.3003 0.1166 0.0269
127 0.3970 0.0914 0.2297 0.1681 0.1138
128 0.1774 0.0787 0.2173 0.4973 0.0294
129 0.1405 0.0807 0.3218 0.4536 0.0034
130 0.2903 0.2947 0.2025 0.1414 0.0711
131 0.1089 0.2825 0.4729 0.1254 0.0105
132 0.2732 0.2030 0.3000 0.1631 0.0609
133 0.1620 0.0952 0.1046 0.6309 0.0074
134 0.1504 0.1871 0.1901 0.4631 0.0092
135 0.0962 0.2678 0.1235 0.5000 0.0123
136 0.0767 0.3206 0.3577 0.2363 0.0088
137 0.1742 0.1198 0.1742 0.5200 0.0118
138 0.0757 0.1229 0.3445 0.4495 0.0075
139 0.1633 0.2130 0.2490 0.3513 0.0233
140 0.1730 0.1152 0.2401 0.4556 0.0161
141 0.2932 0.1821 0.1343 0.3706 0.0197
142 0.2744 0.2499 0.2347 0.2274 0.0137
143 0.2069 0.2537 0.2238 0.3010 0.0145
144 0.0402 0.1393 0.4226 0.3970 0.0010
145 0.2715 0.2473 0.2434 0.2288 0.0089
146 0.1769 0.2534 0.4885 0.0612 0.0200
147 0.2267 0.1140 0.1545 0.4951 0.0096
148 0.2186 0.2328 0.2328 0.2328 0.0830
149 0.0654 0.3762 0.3704 0.1644 0.0235
150 0.0947 0.1274 0.1742 0.5454 0.0584
151 0.0507 0.1273 0.2271 0.3572 0.2379
152 0.0432 0.1069 0.4434 0.4036 0.0029
153 0.2417 0.1254 0.3628 0.2379 0.0322
154 0.1091 0.1295 0.1611 0.5894 0.0106
155 0.2500 0.1774 0.2386 0.3210 0.0129
156 0.1017 0.2365 0.2852 0.3335 0.0434
157 0.0141 0.0703 0.3352 0.5796 0.0009
158 0.0648 0.1155 0.2092 0.6055 0.0050
159 0.1252 0.0635 0.2529 0.5439 0.0142
160 0.0934 0.1614 0.2878 0.4526 0.0047
161 0.1406 0.1364 0.1750 0.5308 0.0173
162 0.1077 0.3022 0.2625 0.3218 0.0059
163 0.1404 0.4226 0.1996 0.2297 0.0077
164 0.0505 0.1554 0.0349 0.7534 0.0059
165 0.0279 0.3118 0.2029 0.4539 0.0035
166 0.0325 0.3904 0.0734 0.5010 0.0026
167 0.1356 0.1768 0.2235 0.4514 0.0126
168 0.1439 0.3269 0.2505 0.2668 0.0120
169 0.1940 0.1038 0.1252 0.5610 0.0159
170 0.1975 0.0798 0.1422 0.5713 0.0091
171 0.2056 0.0986 0.1843 0.5010 0.0106
172 0.1289 0.2666 0.3215 0.2427 0.0403
173 0.1768 0.0630 0.2416 0.5112 0.0074
174 0.2125 0.4644 0.1804 0.1320 0.0107
175 0.1102 0.2124 0.1393 0.5337 0.0044
176 0.0579 0.1599 0.1841 0.5942 0.0039
177 0.0835 0.2847 0.1187 0.4805 0.0327
178 0.2349 0.0710 0.5811 0.0884 0.0246
179 0.2438 0.0646 0.4082 0.2515 0.0320
180 0.3037 0.0473 0.4087 0.2087 0.0315
181 0.1592 0.0509 0.2502 0.5298 0.0097
182 0.2932 0.0789 0.3948 0.2080 0.0250
183 0.2507 0.1166 0.4199 0.1863 0.0264
184 0.1913 0.1769 0.5361 0.0876 0.0080
185 0.2096 0.1311 0.5186 0.1271 0.0134
186 0.2452 0.1376 0.5195 0.0902 0.0076
187 0.2693 0.1558 0.3623 0.1938 0.0189
188 0.2578 0.1829 0.4385 0.1109 0.0099
189 0.3511 0.1213 0.2734 0.2375 0.0168
190 0.2996 0.1052 0.4094 0.1733 0.0125
191 0.2096 0.1251 0.5186 0.1292 0.0173
192 0.1823 0.1158 0.5029 0.1794 0.0194
193 0.2773 0.2527 0.3562 0.0959 0.0180
194 0.2590 0.1387 0.4763 0.1132 0.0129
195 0.1472 0.2045 0.3477 0.2793 0.0212
196 0.1649 0.1207 0.2556 0.4346 0.0241
197 0.1532 0.0930 0.4365 0.3096 0.0078
198 0.2070 0.1664 0.3899 0.1991 0.0374
199 0.0340 0.1141 0.1055 0.7441 0.0023
200 0.2445 0.1119 0.3394 0.2261 0.0781
201 0.1271 0.3025 0.2111 0.3428 0.0168
202 0.1697 0.1497 0.1805 0.4910 0.0092
203 0.3135 0.1171 0.2722 0.2854 0.0117
204 0.2517 0.1870 0.2808 0.2517 0.0287
205 0.0953 0.1387 0.5151 0.2286 0.0223
206 0.2419 0.0798 0.2917 0.3308 0.0557
207 0.2295 0.0844 0.2600 0.3726 0.0536
208 0.1046 0.0334 0.2047 0.6504 0.0070
209 0.0891 0.2700 0.3806 0.2458 0.0145
210 0.0609 0.1654 0.2771 0.4788 0.0179
211 0.1118 0.0589 0.3962 0.4282 0.0049
212 0.3313 0.0338 0.4895 0.1317 0.0137
213 0.1089 0.3303 0.2871 0.2534 0.0203
214 0.1893 0.1385 0.3074 0.3481 0.0167
215 0.2576 0.0532 0.2744 0.4053 0.0095
216 0.3682 0.1376 0.1376 0.3457 0.0109
217 0.2365 0.0817 0.3496 0.3132 0.0190
218 0.2225 0.1229 0.2903 0.3501 0.0143
219 0.1128 0.2208 0.1919 0.4460 0.0285
220 0.1743 0.0612 0.1826 0.5454 0.0365
221 0.1934 0.1530 0.2949 0.3342 0.0246
222 0.2698 0.3203 0.1610 0.2344 0.0145
223 0.0817 0.4316 0.3413 0.1379 0.0075
224 0.1605 0.2817 0.3914 0.1556 0.0107
225 0.1438 0.1580 0.4163 0.2688 0.0132
226 0.0879 0.3020 0.3164 0.2749 0.0189
227 0.1519 0.4395 0.2108 0.1748 0.0229
228 0.1011 0.0567 0.1060 0.6802 0.0558
229 0.2825 0.1168 0.3572 0.2035 0.0401
230 0.3193 0.2063 0.2776 0.1849 0.0119
231 0.4846 0.0709 0.1206 0.3127 0.0110
232 0.2563 0.2159 0.2605 0.2485 0.0186
233 0.3154 0.1274 0.2576 0.2874 0.0122
234 0.0675 0.4009 0.3428 0.1724 0.0165
235 0.2581 0.1182 0.2242 0.3418 0.0576
236 0.2036 0.2036 0.1107 0.4734 0.0086
237 0.3389 0.2056 0.2559 0.1871 0.0124
238 0.4038 0.1104 0.2527 0.2162 0.0167
239 0.2549 0.1429 0.3884 0.1807 0.0332
240 0.2710 0.2212 0.3882 0.0966 0.0229
241 0.3157 0.1492 0.3579 0.1359 0.0414
242 0.2240 0.1381 0.4456 0.1614 0.0310
243 0.2542 0.0892 0.4824 0.1471 0.0270
244 0.3137 0.1119 0.3501 0.1903 0.0341
245 0.3252 0.1912 0.3354 0.1196 0.0284
246 0.3308 0.1009 0.2876 0.2205 0.0603
247 0.2600 0.1210 0.4495 0.1307 0.0387
248 0.1548 0.1598 0.4844 0.1548 0.0461
249 0.2693 0.1140 0.4651 0.1213 0.0302
250 0.2532 0.1008 0.4658 0.1489 0.0312
251 0.2103 0.2460 0.1074 0.3416 0.0948
