time exciting_prob fearful_prob tense_prob sad_prob relaxing_prob
0 0.2037 0.2830 0.2496 0.2310 0.0327
1 0.0942 0.0858 0.0292 0.7891 0.0019
2 0.0884 0.1002 0.0215 0.7881 0.0020
3 0.2042 0.1591 0.0435 0.5908 0.0026
4 0.1292 0.1140 0.0342 0.7202 0.0028
5 0.3254 0.2418 0.2272 0.1884 0.0174
6 0.3113 0.2661 0.2969 0.1042 0.0215
7 0.2725 0.3723 0.2441 0.0891 0.0220
8 0.2620 0.4321 0.1978 0.0763 0.0318
9 0.1410 0.2435 0.2654 0.0720 0.2781
10 0.0712 0.3699 0.3816 0.0972 0.0800
11 0.0659 0.1951 0.5474 0.1394 0.0525
12 0.1298 0.3967 0.3816 0.0613 0.0306
13 0.0454 0.4177 0.3804 0.0433 0.1133
14 0.0989 0.0943 0.4717 0.3093 0.0260
15 0.0943 0.3672 0.4292 0.0813 0.0279
16 0.0752 0.4902 0.3818 0.0279 0.0250
17 0.2035 0.0882 0.3984 0.2915 0.0182
18 0.1333 0.0945 0.4373 0.1740 0.1609
19 0.0768 0.6738 0.1306 0.0343 0.0844
20 0.1055 0.5190 0.2844 0.0660 0.0251
21 0.0577 0.6304 0.2247 0.0436 0.0436
22 0.1044 0.4500 0.3423 0.0240 0.0794
23 0.1985 0.1022 0.2146 0.4268 0.0578
24 0.0494 0.1984 0.4949 0.2179 0.0394
25 0.0581 0.3911 0.4717 0.0446 0.0345
26 0.0542 0.4102 0.4648 0.0453 0.0254
27 0.1117 0.3206 0.4927 0.0523 0.0225
28 0.3079 0.2183 0.3489 0.0465 0.0784
29 0.0984 0.4661 0.3745 0.0386 0.0223
30 0.1370 0.3525 0.4060 0.0793 0.0251
31 0.0533 0.1154 0.5771 0.1172 0.1371
32 0.2056 0.0818 0.4856 0.1843 0.0428
33 0.1447 0.2404 0.3469 0.1901 0.0780
34 0.1417 0.2062 0.3000 0.2732 0.0789
35 0.1354 0.2588 0.3430 0.1864 0.0765
36 0.1252 0.2322 0.3174 0.2549 0.0703
37 0.0399 0.2771 0.3909 0.2028 0.0893
38 0.0733 0.3015 0.5723 0.0315 0.0213
39 0.0634 0.2649 0.5146 0.1148 0.0426
40 0.0739 0.2808 0.4854 0.1276 0.0325
41 0.2661 0.0360 0.5376 0.1448 0.0154
42 0.2169 0.0492 0.5044 0.2169 0.0126
43 0.3379 0.0410 0.3889 0.2114 0.0206
44 0.1641 0.0470 0.4897 0.2878 0.0113
45 0.2632 0.0803 0.4409 0.2019 0.0136
46 0.1903 0.0452 0.3613 0.3787 0.0246
47 0.1869 0.0588 0.4624 0.2805 0.0114
48 0.1459 0.3313 0.2642 0.0787 0.1801
49 0.1318 0.3582 0.1802 0.0375 0.2925
50 0.1570 0.4009 0.2145 0.0339 0.1938
51 0.1989 0.4016 0.1573 0.0338 0.2084
52 0.1860 0.4001 0.1860 0.0387 0.1890
53 0.2212 0.2795 0.2144 0.0707 0.2144
54 0.2034 0.2693 0.2378 0.0731 0.2164
55 0.2369 0.2502 0.2075 0.1102 0.1949
56 0.2988 0.1785 0.0941 0.3494 0.0792
57 0.3740 0.2571 0.1187 0.1881 0.0620
58 0.3643 0.2793 0.1393 0.1655 0.0517
59 0.3425 0.2976 0.1606 0.1473 0.0517
60 0.3628 0.3384 0.1636 0.0842 0.0511
61 0.0867 0.5308 0.1984 0.0221 0.1619
62 0.0941 0.4055 0.2700 0.0417 0.1886
63 0.0383 0.6787 0.2169 0.0135 0.0527
64 0.0894 0.5264 0.2061 0.0264 0.1520
65 0.4041 0.0591 0.4370 0.0759 0.0239
66 0.0729 0.1113 0.3706 0.1078 0.3374
67 0.0460 0.4038 0.5024 0.0141 0.0337
68 0.1776 0.3022 0.3215 0.0181 0.1804
69 0.1288 0.3474 0.3938 0.0341 0.0958
70 0.0864 0.2479 0.2559 0.0549 0.3550
71 0.0626 0.4343 0.2717 0.0263 0.2051
72 0.1100 0.1899 0.3550 0.1899 0.1550
73 0.1525 0.3772 0.4016 0.0221 0.0465
74 0.1241 0.1937 0.5146 0.0314 0.1364
75 0.0571 0.6436 0.2561 0.0235 0.0196
76 0.0556 0.5576 0.3599 0.0072 0.0198
77 0.0455 0.4597 0.4456 0.0193 0.0301
78 0.0908 0.4165 0.4265 0.0277 0.0385
79 0.0586 0.1183 0.6699 0.1340 0.0190
80 0.0273 0.1549 0.7866 0.0257 0.0056
81 0.0719 0.2339 0.4578 0.1685 0.0681
82 0.0562 0.3284 0.4778 0.1189 0.0190
83 0.2296 0.2622 0.2445 0.0054 0.2583
84 0.1417 0.1521 0.3374 0.0040 0.3647
85 0.1599 0.1389 0.1770 0.0078 0.5161
86 0.1343 0.1864 0.1821 0.0062 0.4910
87 0.0328 0.2520 0.4419 0.0441 0.2292
88 0.1307 0.1705 0.3667 0.1229 0.2090
89 0.1256 0.1153 0.5542 0.0732 0.1316
90 0.0593 0.4482 0.4624 0.0137 0.0163
91 0.1056 0.1072 0.1973 0.0100 0.5801
92 0.0606 0.0731 0.2150 0.0195 0.6318
93 0.1343 0.1282 0.4104 0.0074 0.3196
94 0.1022 0.1940 0.5112 0.0075 0.1852
95 0.0249 0.3059 0.5205 0.0065 0.1422
96 0.0822 0.1399 0.6270 0.1466 0.0044
97 0.1257 0.1448 0.5908 0.1318 0.0069
98 0.1410 0.1610 0.5200 0.1675 0.0107
99 0.0516 0.6094 0.2242 0.0700 0.0445
100 0.0645 0.2286 0.6167 0.0708 0.0194
101 0.0349 0.3066 0.4060 0.2140 0.0384
102 0.0553 0.3010 0.3630 0.1798 0.1008
103 0.1400 0.4810 0.3279 0.0259 0.0253
104 0.0974 0.6919 0.1863 0.0128 0.0115
105 0.0840 0.6108 0.2627 0.0277 0.0149
106 0.0429 0.2693 0.4236 0.0112 0.2529
107 0.2683 0.2406 0.2856 0.0042 0.2010
108 0.2054 0.1960 0.3635 0.0057 0.2292
109 0.2405 0.1787 0.3611 0.0025 0.2173
110 0.1083 0.3550 0.5044 0.0278 0.0046
111 0.4812 0.1899 0.2852 0.0301 0.0135
112 0.3008 0.2343 0.3713 0.0714 0.0223
113 0.1335 0.4587 0.2939 0.0925 0.0213
114 0.1533 0.3296 0.3245 0.0175 0.1750
115 0.1943 0.2761 0.2573 0.0044 0.2676
116 0.3950 0.2959 0.2434 0.0148 0.0506
117 0.1118 0.1153 0.3523 0.0274 0.3931
118 0.0540 0.2920 0.5498 0.0955 0.0090
119 0.2637 0.4702 0.1827 0.0488 0.0346
120 0.2410 0.3674 0.1036 0.2264 0.0614
121 0.1770 0.5713 0.2069 0.0310 0.0139
122 0.0988 0.4978 0.3530 0.0366 0.0137
123 0.0609 0.2769 0.5684 0.0831 0.0107
124 0.0349 0.3552 0.5767 0.0315 0.0020
125 0.0291 0.1315 0.7104 0.1215 0.0075
126 0.1552 0.1759 0.5010 0.1218 0.0462
127 0.1107 0.1399 0.5239 0.0779 0.1477
128 0.2817 0.3218 0.2751 0.1021 0.0192
129 0.2385 0.1902 0.2969 0.2294 0.0452
130 0.4614 0.2302 0.0840 0.2163 0.0081
131 0.0864 0.1859 0.3755 0.1830 0.1692
132 0.0785 0.2573 0.5278 0.0087 0.1274
133 0.1230 0.4033 0.3909 0.0193 0.0634
134 0.1616 0.2334 0.5342 0.0294 0.0412
135 0.2915 0.2983 0.2435 0.1536 0.0130
136 0.1891 0.1832 0.3479 0.1763 0.1036
137 0.0936 0.1907 0.6553 0.0129 0.0478
138 0.0657 0.2404 0.3337 0.3445 0.0157
139 0.1372 0.1655 0.2905 0.3972 0.0096
140 0.1571 0.3486 0.3149 0.1659 0.0134
141 0.1127 0.2224 0.5420 0.0972 0.0259
142 0.1323 0.5112 0.2822 0.0040 0.0703
143 0.3755 0.2727 0.2812 0.0057 0.0648
144 0.2139 0.3313 0.3286 0.0927 0.0336
145 0.5054 0.2482 0.1993 0.0260 0.0213
146 0.1005 0.2301 0.5693 0.0735 0.0264
147 0.1256 0.2188 0.5166 0.1327 0.0066
148 0.1053 0.4648 0.3706 0.0450 0.0144
149 0.2119 0.2053 0.4314 0.1422 0.0092
150 0.4849 0.1870 0.1479 0.1575 0.0227
151 0.2291 0.0830 0.3838 0.2896 0.0145
152 0.1378 0.3865 0.3865 0.0240 0.0651
153 0.0940 0.3777 0.4812 0.0253 0.0220
154 0.1317 0.2172 0.5996 0.0255 0.0259
155 0.0625 0.1609 0.6826 0.0085 0.0854
156 0.0826 0.3760 0.4607 0.0701 0.0107
157 0.0909 0.1398 0.2532 0.0127 0.5034
158 0.0818 0.1339 0.1666 0.0082 0.6094
159 0.1016 0.2852 0.5581 0.0115 0.0437
160 0.0345 0.6675 0.1584 0.1356 0.0040
161 0.0517 0.2688 0.6201 0.0568 0.0024
162 0.1204 0.2507 0.5972 0.0281 0.0038
163 0.2284 0.1594 0.3855 0.0373 0.1893
164 0.1191 0.0964 0.6904 0.0095 0.0844
165 0.1660 0.1234 0.5156 0.0085 0.1866
166 0.0574 0.3079 0.6216 0.0048 0.0083
167 0.0505 0.3218 0.6152 0.0057 0.0067
168 0.1769 0.2020 0.3103 0.0145 0.2961
169 0.1522 0.2321 0.3948 0.0195 0.2015
170 0.3081 0.3279 0.2871 0.0484 0.0284
171 0.0757 0.3909 0.4097 0.1220 0.0017
172 0.1272 0.1523 0.6216 0.0319 0.0671
173 0.2551 0.0748 0.4766 0.1881 0.0053
174 0.1295 0.1975 0.1915 0.0291 0.4521
175 0.1696 0.1777 0.1643 0.0129 0.4756
176 0.0611 0.3687 0.3745 0.1714 0.0243
177 0.0822 0.1560 0.2493 0.4375 0.0749
178 0.0698 0.1008 0.5039 0.3154 0.0101
179 0.0252 0.1776 0.6807 0.1085 0.0080
180 0.0467 0.1641 0.5815 0.1859 0.0215
181 0.2001 0.1608 0.1738 0.4509 0.0146
182 0.2571 0.2981 0.2323 0.1499 0.0625
183 0.0298 0.0698 0.7925 0.0992 0.0085
184 0.1747 0.1874 0.3611 0.2406 0.0363
185 0.1635 0.2416 0.3569 0.2050 0.0330
186 0.4011 0.3147 0.2113 0.0573 0.0155
187 0.1135 0.1704 0.3184 0.2854 0.1126
188 0.0709 0.1548 0.6367 0.1205 0.0174
189 0.0956 0.1066 0.7578 0.0083 0.0318
190 0.0806 0.1860 0.6699 0.0214 0.0418
191 0.0652 0.0865 0.7827 0.0264 0.0390
192 0.0204 0.2046 0.7031 0.0297 0.0422
193 0.0441 0.2170 0.6089 0.1083 0.0218
194 0.0509 0.2014 0.3220 0.4133 0.0123
195 0.0285 0.1230 0.7778 0.0130 0.0577
196 0.0181 0.0728 0.8945 0.0047 0.0099
197 0.1433 0.4148 0.3777 0.0417 0.0223
198 0.0869 0.5664 0.3176 0.0113 0.0178
199 0.0747 0.6157 0.2300 0.0211 0.0586
200 0.0924 0.3831 0.2983 0.0854 0.1409
201 0.0969 0.3772 0.4275 0.0072 0.0910
202 0.0986 0.2944 0.5586 0.0062 0.0424
203 0.0573 0.1909 0.7202 0.0120 0.0195
204 0.0448 0.1576 0.7881 0.0034 0.0062
205 0.0461 0.2456 0.6782 0.0132 0.0167
206 0.0424 0.1978 0.7290 0.0157 0.0151
207 0.0523 0.3032 0.6128 0.0158 0.0161
208 0.0522 0.1796 0.7271 0.0348 0.0065
209 0.0309 0.2335 0.7139 0.0158 0.0061
210 0.0325 0.4026 0.5210 0.0101 0.0336
211 0.0272 0.4937 0.4426 0.0063 0.0301
212 0.0464 0.3733 0.5518 0.0190 0.0093
213 0.0746 0.2487 0.6602 0.0062 0.0104
214 0.0553 0.2615 0.6577 0.0050 0.0206
215 0.0478 0.3506 0.5601 0.0067 0.0350
216 0.0465 0.3203 0.5986 0.0061 0.0284
217 0.0541 0.4221 0.4563 0.0033 0.0642
218 0.0375 0.4641 0.3477 0.0046 0.1461
219 0.0684 0.4707 0.3901 0.0576 0.0131
220 0.0688 0.3840 0.5205 0.0238 0.0028
221 0.0889 0.4551 0.4412 0.0112 0.0036
222 0.0286 0.3535 0.6011 0.0095 0.0072
223 0.0402 0.2074 0.6797 0.0141 0.0585
224 0.0693 0.3054 0.3743 0.0092 0.2417
225 0.0551 0.3403 0.3796 0.0051 0.2197
226 0.0407 0.3601 0.3545 0.0050 0.2399
227 0.0646 0.3438 0.4146 0.0042 0.1729
228 0.0351 0.4045 0.3740 0.0098 0.1766
229 0.0161 0.4114 0.1812 0.0111 0.3804
230 0.0395 0.1091 0.6377 0.1827 0.0308
231 0.0643 0.2561 0.6240 0.0504 0.0052
232 0.0210 0.3516 0.6074 0.0167 0.0033
233 0.0985 0.0870 0.4702 0.3281 0.0162
234 0.0443 0.3098 0.5352 0.1005 0.0103
235 0.0457 0.2888 0.5229 0.1396 0.0031
236 0.0602 0.3308 0.5806 0.0241 0.0044
237 0.0941 0.4285 0.3184 0.0075 0.1516
238 0.0464 0.4583 0.3513 0.0042 0.1398
239 0.0331 0.4333 0.3945 0.0028 0.1364
240 0.0497 0.4258 0.3586 0.0042 0.1616
241 0.0752 0.3069 0.5688 0.0199 0.0294
242 0.0521 0.2812 0.6392 0.0186 0.0090
243 0.2281 0.3762 0.2732 0.1028 0.0196
244 0.0693 0.5708 0.2676 0.0136 0.0785
245 0.0471 0.4612 0.4470 0.0244 0.0204
246 0.0856 0.5288 0.3633 0.0135 0.0089
247 0.0266 0.3269 0.6299 0.0102 0.0063
248 0.0528 0.2291 0.7056 0.0087 0.0036
249 0.0344 0.3752 0.3582 0.0080 0.2241
250 0.0430 0.3225 0.3542 0.0041 0.2759
251 0.0448 0.3135 0.3235 0.0047 0.3135
252 0.0459 0.0898 0.2854 0.5679 0.0110
253 0.2725 0.3064 0.3162 0.0387 0.0663
254 0.0268 0.3999 0.5464 0.0226 0.0043
255 0.0160 0.4299 0.5107 0.0410 0.0025
256 0.0380 0.4773 0.4773 0.0053 0.0020
257 0.0424 0.5088 0.4421 0.0051 0.0017
258 0.0346 0.5449 0.4146 0.0038 0.0019
259 0.0670 0.5786 0.3455 0.0057 0.0034
260 0.0921 0.5259 0.3530 0.0231 0.0057
261 0.0819 0.3215 0.4714 0.0077 0.1174
262 0.0886 0.3069 0.4292 0.0099 0.1655
263 0.0745 0.2856 0.4636 0.0084 0.1678
264 0.0694 0.2766 0.4185 0.0100 0.2257
265 0.2037 0.2830 0.2496 0.2310 0.0327
