time exciting_prob fearful_prob tense_prob sad_prob relaxing_prob
0 0.1354 0.0522 0.1071 0.5879 0.1176
1 0.1343 0.0765 0.0991 0.4617 0.2285
2 0.2798 0.0304 0.1429 0.4614 0.0853
3 0.4858 0.0668 0.1678 0.2482 0.0313
4 0.6592 0.0980 0.1360 0.0608 0.0463
5 0.2754 0.0314 0.2212 0.4612 0.0109
6 0.2732 0.0873 0.2820 0.3245 0.0329
7 0.1113 0.2195 0.4038 0.1697 0.0959
8 0.0557 0.2827 0.4661 0.1661 0.0296
9 0.0941 0.2155 0.3665 0.3184 0.0055
10 0.1030 0.2147 0.3540 0.3225 0.0057
11 0.1500 0.0280 0.2286 0.5840 0.0094
12 0.0591 0.1764 0.2864 0.4578 0.0204
13 0.0970 0.1813 0.4629 0.2440 0.0147
14 0.0972 0.0493 0.1554 0.4031 0.2949
15 0.0898 0.0934 0.2969 0.3062 0.2137
16 0.0676 0.1115 0.3127 0.3381 0.1700
17 0.0369 0.1129 0.5386 0.2666 0.0449
18 0.0711 0.0504 0.4495 0.3845 0.0445
19 0.1024 0.2344 0.4309 0.2101 0.0223
20 0.0500 0.1256 0.4739 0.3413 0.0092
21 0.0566 0.2852 0.4775 0.1703 0.0105
22 0.0862 0.1650 0.4485 0.2896 0.0107
23 0.1595 0.4475 0.3484 0.0379 0.0067
24 0.3689 0.0310 0.1326 0.3689 0.0985
25 0.1266 0.0158 0.3086 0.5249 0.0244
26 0.0920 0.0240 0.2314 0.6099 0.0428
27 0.0421 0.1890 0.3264 0.4324 0.0100
28 0.0492 0.2383 0.3989 0.3013 0.0123
29 0.0513 0.2194 0.2566 0.4573 0.0156
30 0.2294 0.0818 0.4153 0.2188 0.0549
31 0.0754 0.0645 0.4338 0.2510 0.1753
32 0.0503 0.2115 0.4768 0.2473 0.0141
33 0.1942 0.0869 0.1649 0.3179 0.2362
34 0.2369 0.0550 0.2191 0.1494 0.3394
35 0.3501 0.1210 0.4092 0.1154 0.0044
36 0.0546 0.0847 0.7603 0.0944 0.0061
37 0.0354 0.0335 0.2576 0.5991 0.0744
38 0.0222 0.0978 0.2384 0.5811 0.0608
39 0.0640 0.0370 0.7437 0.1534 0.0022
40 0.0572 0.0807 0.8408 0.0196 0.0014
41 0.1625 0.0158 0.0897 0.7168 0.0152
42 0.1901 0.0333 0.1153 0.5947 0.0667
43 0.1490 0.0617 0.1445 0.5288 0.1161
44 0.1398 0.0635 0.1851 0.5073 0.1046
45 0.1377 0.0755 0.2717 0.3601 0.1549
46 0.1409 0.0433 0.2252 0.4207 0.1699
47 0.3286 0.0253 0.1602 0.4634 0.0227
48 0.0729 0.0471 0.3762 0.1921 0.3118
49 0.0613 0.1403 0.5376 0.1093 0.1516
50 0.0390 0.4392 0.3315 0.1494 0.0409
51 0.2308 0.0187 0.0870 0.5757 0.0876
52 0.1763 0.0256 0.0546 0.5342 0.2092
53 0.0809 0.0223 0.1243 0.6826 0.0902
54 0.5557 0.0886 0.1362 0.1981 0.0214
55 0.2480 0.0298 0.2766 0.1814 0.2639
56 0.2257 0.0553 0.3840 0.0948 0.2402
57 0.1161 0.1538 0.2498 0.0622 0.4182
58 0.0798 0.1943 0.2964 0.0548 0.3748
59 0.2920 0.0912 0.5127 0.0380 0.0662
60 0.2271 0.0253 0.6172 0.1107 0.0198
61 0.0571 0.0278 0.0831 0.8135 0.0185
62 0.0781 0.0452 0.1137 0.7529 0.0099
63 0.0829 0.1782 0.3276 0.4016 0.0097
64 0.1847 0.1351 0.5869 0.0880 0.0053
65 0.0926 0.2496 0.5806 0.0732 0.0041
66 0.2930 0.0634 0.4539 0.1833 0.0064
67 0.0648 0.2029 0.2299 0.0453 0.4573
68 0.0401 0.4482 0.2554 0.1016 0.1549
69 0.2415 0.0327 0.1344 0.5356 0.0560
70 0.1708 0.0788 0.2012 0.5020 0.0474
71 0.0698 0.1699 0.2891 0.1115 0.3599
72 0.2778 0.0510 0.1522 0.4336 0.0854
73 0.4187 0.0374 0.1614 0.1719 0.2106
74 0.0839 0.0233 0.5059 0.3645 0.0222
75 0.1096 0.0271 0.6016 0.2284 0.0332
76 0.0853 0.0239 0.1581 0.6152 0.1174
77 0.0962 0.2101 0.2637 0.0970 0.3333
78 0.0631 0.1561 0.2534 0.5200 0.0073
79 0.2932 0.0275 0.0938 0.3708 0.2146
80 0.1333 0.0340 0.0676 0.0556 0.7095
81 0.0275 0.0475 0.5352 0.3621 0.0279
82 0.4121 0.0978 0.2008 0.2172 0.0721
83 0.1914 0.0738 0.3633 0.3577 0.0139
84 0.2094 0.0735 0.4163 0.2317 0.0690
85 0.0704 0.0411 0.5850 0.1625 0.1411
86 0.2766 0.0500 0.2683 0.2461 0.1589
87 0.4414 0.0621 0.3333 0.0646 0.0985
88 0.6001 0.0590 0.1102 0.0775 0.1530
89 0.1069 0.0886 0.5181 0.2729 0.0136
90 0.1427 0.0668 0.5913 0.1919 0.0073
91 0.3416 0.0272 0.1678 0.3337 0.1296
92 0.1570 0.0172 0.2079 0.5830 0.0348
93 0.1241 0.0373 0.7144 0.1130 0.0110
94 0.1052 0.0712 0.8022 0.0137 0.0077
95 0.0949 0.0673 0.7822 0.0341 0.0215
96 0.1036 0.0573 0.2410 0.5781 0.0201
97 0.0876 0.0641 0.1586 0.6782 0.0115
98 0.0615 0.0983 0.2510 0.5742 0.0148
99 0.2271 0.0977 0.5801 0.0540 0.0414
100 0.2954 0.0522 0.1764 0.3914 0.0847
101 0.3921 0.0547 0.2217 0.2673 0.0640
102 0.0530 0.1312 0.6167 0.1970 0.0022
103 0.1124 0.1089 0.6885 0.0889 0.0015
104 0.3677 0.0076 0.1395 0.4795 0.0059
105 0.1553 0.1229 0.5464 0.1425 0.0331
106 0.0716 0.0641 0.4385 0.3931 0.0328
107 0.1639 0.0762 0.2539 0.1947 0.3110
108 0.0417 0.2739 0.5039 0.1714 0.0090
109 0.0396 0.1996 0.3787 0.3728 0.0093
110 0.0876 0.3333 0.5122 0.0565 0.0105
111 0.0693 0.2253 0.5889 0.1024 0.0141
112 0.0476 0.1757 0.6626 0.1065 0.0075
113 0.1260 0.0331 0.2930 0.2976 0.2505
114 0.2056 0.0349 0.4219 0.2040 0.1338
115 0.0775 0.1692 0.3186 0.4028 0.0320
116 0.0402 0.0477 0.3015 0.5547 0.0558
117 0.0434 0.1945 0.3440 0.1743 0.2439
118 0.0505 0.4753 0.2625 0.0776 0.1340
119 0.1527 0.1189 0.4814 0.1412 0.1058
120 0.2610 0.0419 0.5972 0.0874 0.0124
121 0.1674 0.0417 0.5845 0.1957 0.0110
122 0.0389 0.2874 0.4814 0.1757 0.0166
123 0.0359 0.2006 0.6323 0.1065 0.0245
124 0.0661 0.2676 0.5078 0.1008 0.0574
125 0.4827 0.1361 0.3369 0.0256 0.0186
126 0.5010 0.0864 0.2206 0.1772 0.0147
127 0.5156 0.0611 0.1636 0.2271 0.0327
128 0.0970 0.0779 0.4280 0.3491 0.0480
129 0.2032 0.0703 0.2910 0.4236 0.0119
130 0.1697 0.0922 0.3220 0.4070 0.0091
131 0.3718 0.0371 0.1676 0.3926 0.0310
132 0.1550 0.1295 0.6279 0.0383 0.0492
133 0.1148 0.0827 0.7085 0.0551 0.0388
134 0.0345 0.0251 0.8975 0.0319 0.0109
135 0.0432 0.0490 0.8682 0.0242 0.0153
136 0.3147 0.0419 0.4685 0.1385 0.0364
137 0.4258 0.0244 0.3188 0.1146 0.1164
138 0.2871 0.0111 0.1687 0.4241 0.1089
139 0.1617 0.1077 0.5645 0.1299 0.0363
140 0.2542 0.0832 0.3906 0.2091 0.0628
141 0.2654 0.0556 0.4014 0.1410 0.1366
142 0.3525 0.0571 0.2241 0.2578 0.1083
143 0.2321 0.0085 0.2510 0.4473 0.0615
144 0.1720 0.1219 0.5381 0.0935 0.0745
145 0.1185 0.1242 0.5928 0.0916 0.0730
146 0.1477 0.3599 0.3381 0.0829 0.0714
147 0.0427 0.1466 0.6885 0.1072 0.0150
148 0.0969 0.0426 0.6318 0.1754 0.0535
149 0.1320 0.1192 0.5913 0.1240 0.0334
150 0.0288 0.0663 0.1362 0.7598 0.0091
151 0.0682 0.0823 0.1235 0.7109 0.0151
152 0.2375 0.0938 0.5928 0.0382 0.0379
153 0.1722 0.0826 0.7026 0.0196 0.0229
154 0.4612 0.0634 0.1594 0.2932 0.0230
155 0.1367 0.0552 0.0918 0.6680 0.0484
156 0.2252 0.0635 0.2825 0.3572 0.0714
157 0.3154 0.0267 0.0816 0.3894 0.1869
158 0.3713 0.0503 0.1687 0.2761 0.1335
159 0.2915 0.0483 0.3628 0.1926 0.1047
160 0.1586 0.0234 0.2201 0.5405 0.0574
161 0.1137 0.0287 0.5137 0.2881 0.0558
162 0.0656 0.0269 0.5327 0.3438 0.0310
163 0.2391 0.0329 0.6304 0.0759 0.0219
164 0.3350 0.1301 0.3735 0.0624 0.0990
165 0.2766 0.1327 0.4285 0.1576 0.0045
166 0.2595 0.0133 0.2942 0.3662 0.0667
167 0.2747 0.0144 0.2539 0.4187 0.0383
168 0.1412 0.1025 0.4182 0.0941 0.2440
169 0.2742 0.0211 0.3105 0.3689 0.0251
170 0.2866 0.1725 0.2822 0.2375 0.0213
171 0.0220 0.0549 0.8394 0.0793 0.0041
172 0.1218 0.0267 0.2072 0.6284 0.0160
173 0.1620 0.0460 0.3594 0.3884 0.0443
174 0.0743 0.1107 0.4624 0.1927 0.1598
175 0.1743 0.1100 0.3359 0.3413 0.0383
176 0.0899 0.1200 0.4458 0.2834 0.0608
177 0.1781 0.0514 0.1648 0.1177 0.4880
178 0.3992 0.0335 0.4119 0.1276 0.0276
179 0.0881 0.1149 0.4653 0.2434 0.0881
180 0.2014 0.0555 0.4868 0.2078 0.0486
181 0.3862 0.0677 0.1797 0.2307 0.1356
182 0.3091 0.0157 0.2157 0.4358 0.0238
183 0.0692 0.0243 0.1038 0.7788 0.0239
184 0.0953 0.0136 0.0754 0.7852 0.0305
185 0.0761 0.1170 0.7222 0.0473 0.0374
186 0.1509 0.0619 0.2095 0.3884 0.1893
187 0.2559 0.0837 0.1978 0.2223 0.2404
188 0.1598 0.0698 0.4312 0.2068 0.1324
189 0.3057 0.0487 0.4114 0.2036 0.0305
190 0.4487 0.1600 0.2942 0.0817 0.0154
191 0.3489 0.2084 0.3489 0.0626 0.0312
192 0.1179 0.0354 0.6182 0.2169 0.0117
193 0.1207 0.0191 0.3232 0.5083 0.0287
194 0.2075 0.0220 0.3818 0.3699 0.0187
195 0.1688 0.0354 0.2615 0.5283 0.0060
196 0.1283 0.0969 0.5317 0.1957 0.0472
197 0.3950 0.0457 0.0765 0.3352 0.1476
198 0.2952 0.0718 0.1936 0.1202 0.3191
199 0.2683 0.0885 0.1381 0.2368 0.2683
200 0.4563 0.0357 0.1918 0.2241 0.0920
201 0.0984 0.0371 0.3203 0.3804 0.1636
202 0.2837 0.0336 0.2466 0.2485 0.1876
203 0.3562 0.0759 0.3677 0.1848 0.0154
204 0.1113 0.2046 0.2062 0.1509 0.3269
205 0.0516 0.0428 0.3640 0.4602 0.0812
206 0.0939 0.0203 0.2083 0.6123 0.0656
207 0.0933 0.0603 0.2310 0.5044 0.1108
208 0.1124 0.0635 0.3354 0.4241 0.0645
209 0.1060 0.0599 0.1948 0.4900 0.1494
210 0.7891 0.0035 0.0390 0.0965 0.0717
211 0.7729 0.0049 0.0696 0.1030 0.0498
212 0.7666 0.0064 0.0783 0.0777 0.0713
213 0.8452 0.0052 0.0532 0.0466 0.0500
214 0.8271 0.0061 0.0508 0.0674 0.0485
215 0.8496 0.0063 0.0416 0.0457 0.0569
216 0.8765 0.0071 0.0367 0.0334 0.0464
217 0.8955 0.0051 0.0242 0.0273 0.0479
218 0.8691 0.0056 0.0334 0.0382 0.0538
219 0.7944 0.0062 0.0396 0.0688 0.0912
220 0.8516 0.0066 0.0255 0.0395 0.0768
221 0.8716 0.0042 0.0308 0.0405 0.0528
222 0.8887 0.0050 0.0321 0.0381 0.0358
223 0.7920 0.0043 0.0592 0.0772 0.0671
224 0.8862 0.0044 0.0383 0.0349 0.0363
225 0.8281 0.0043 0.0422 0.0701 0.0551
226 0.8433 0.0043 0.0293 0.0778 0.0454
227 0.8760 0.0044 0.0260 0.0464 0.0471
228 0.1593 0.2820 0.1984 0.2411 0.1193
229 0.1558 0.3247 0.2568 0.2063 0.0564
230 0.1432 0.3103 0.2133 0.2654 0.0681
