time exciting_prob fearful_prob tense_prob sad_prob relaxing_prob
0 0.2037 0.2830 0.2496 0.2310 0.0327
1 0.0175 0.0255 0.0386 0.0528 0.8657
2 0.0128 0.0196 0.0149 0.0083 0.9443
3 0.0103 0.0132 0.0323 0.0148 0.9292
4 0.0222 0.0116 0.0652 0.0148 0.8862
5 0.0065 0.0015 0.0106 0.0095 0.9722
6 0.0070 0.0348 0.3887 0.0302 0.5396
7 0.0069 0.0366 0.5503 0.0338 0.3723
8 0.1737 0.1212 0.3347 0.1737 0.1968
9 0.0299 0.0764 0.6699 0.0256 0.1981
10 0.0176 0.0428 0.7583 0.0148 0.1666
11 0.0332 0.2612 0.4514 0.0507 0.2035
12 0.0277 0.3025 0.4683 0.0397 0.1619
13 0.0438 0.1171 0.5088 0.0173 0.3132
14 0.0069 0.0110 0.0615 0.0578 0.8628
15 0.0041 0.0082 0.0244 0.0391 0.9243
16 0.0060 0.0100 0.0195 0.0881 0.8765
17 0.0759 0.0288 0.1193 0.1509 0.6250
18 0.0980 0.4897 0.2747 0.0194 0.1182
19 0.0912 0.2620 0.5718 0.0187 0.0562
20 0.0085 0.0183 0.0117 0.0079 0.9536
21 0.0817 0.3958 0.3281 0.1575 0.0371
22 0.0403 0.3508 0.2607 0.3347 0.0135
23 0.0444 0.1869 0.5410 0.0160 0.2118
24 0.0253 0.1189 0.6841 0.0140 0.1575
25 0.0124 0.0594 0.0431 0.2520 0.6333
26 0.0079 0.0102 0.0136 0.0175 0.9507
27 0.0060 0.0081 0.0113 0.0045 0.9702
28 0.0057 0.0386 0.0101 0.0023 0.9434
29 0.0025 0.0050 0.0026 0.0004 0.9897
30 0.0062 0.0720 0.0271 0.0454 0.8496
31 0.0363 0.3613 0.1996 0.0412 0.3613
32 0.0203 0.2744 0.2498 0.0371 0.4185
33 0.0021 0.0084 0.0021 0.0012 0.9863
34 0.0038 0.0329 0.0063 0.0105 0.9463
35 0.0770 0.2229 0.1532 0.1036 0.4434
36 0.0606 0.2935 0.2935 0.0300 0.3223
37 0.0646 0.0837 0.2257 0.2598 0.3662
38 0.0609 0.0643 0.1630 0.3616 0.3503
39 0.0685 0.0783 0.2000 0.1096 0.5435
40 0.0056 0.0078 0.0023 0.0049 0.9795
41 0.0043 0.0125 0.0062 0.0030 0.9741
42 0.0465 0.0955 0.3718 0.4773 0.0088
43 0.0317 0.1664 0.5122 0.2830 0.0065
44 0.0514 0.0514 0.4507 0.4438 0.0028
45 0.0975 0.0991 0.7437 0.0443 0.0156
46 0.1008 0.1040 0.7393 0.0346 0.0213
47 0.1199 0.0520 0.6792 0.0905 0.0584
48 0.1022 0.0359 0.2131 0.1686 0.4802
49 0.0021 0.0034 0.0025 0.0039 0.9883
50 0.0295 0.0802 0.0975 0.0258 0.7671
51 0.0486 0.1472 0.7246 0.0776 0.0021
52 0.0711 0.0980 0.7827 0.0375 0.0109
53 0.0516 0.0318 0.3208 0.5811 0.0148
54 0.0522 0.0370 0.3857 0.5190 0.0062
55 0.0118 0.0144 0.0316 0.1139 0.8281
56 0.0163 0.0098 0.0189 0.0083 0.9468
57 0.0290 0.0638 0.1616 0.0438 0.7017
58 0.0283 0.1020 0.1604 0.1361 0.5732
59 0.0468 0.0426 0.1879 0.4578 0.2649
60 0.0068 0.0313 0.0349 0.0123 0.9146
61 0.0510 0.0443 0.0778 0.0161 0.8105
62 0.0654 0.1342 0.2354 0.4131 0.1520
63 0.1376 0.2693 0.2866 0.1096 0.1970
64 0.0602 0.1295 0.6787 0.1161 0.0152
65 0.0732 0.0926 0.4417 0.3779 0.0145
66 0.0806 0.1052 0.6147 0.1761 0.0231
67 0.0434 0.1975 0.6787 0.0621 0.0185
68 0.0552 0.1115 0.2673 0.5488 0.0172
69 0.0196 0.1183 0.7842 0.0753 0.0028
70 0.0961 0.0861 0.6934 0.0976 0.0267
71 0.0504 0.1060 0.5215 0.3164 0.0055
72 0.1912 0.1586 0.4998 0.0726 0.0779
73 0.0351 0.1168 0.4763 0.3540 0.0178
74 0.0346 0.0898 0.1932 0.6641 0.0184
75 0.0898 0.0912 0.5767 0.2155 0.0268
76 0.0649 0.1331 0.1819 0.0141 0.6060
77 0.0642 0.1553 0.6094 0.0864 0.0851
78 0.0786 0.1317 0.5718 0.2104 0.0073
79 0.1205 0.1334 0.3542 0.3828 0.0091
80 0.0715 0.0933 0.5205 0.2964 0.0184
81 0.0739 0.0979 0.5376 0.2832 0.0072
82 0.0425 0.1137 0.8018 0.0323 0.0097
83 0.0482 0.0846 0.6152 0.2300 0.0217
84 0.0513 0.0872 0.7954 0.0546 0.0114
85 0.0637 0.0934 0.5127 0.3208 0.0095
86 0.0332 0.1572 0.2115 0.5933 0.0049
87 0.0742 0.1570 0.3708 0.0759 0.3220
88 0.0697 0.1272 0.3457 0.2197 0.2377
89 0.0638 0.1309 0.5864 0.2026 0.0165
90 0.0746 0.0928 0.6548 0.1708 0.0070
91 0.1164 0.0729 0.7129 0.0845 0.0132
92 0.0635 0.1571 0.2800 0.4839 0.0157
93 0.0378 0.0724 0.6973 0.1848 0.0075
94 0.0282 0.1131 0.3887 0.4473 0.0230
95 0.0383 0.1915 0.7344 0.0202 0.0155
96 0.0681 0.1105 0.2163 0.5786 0.0264
97 0.1451 0.1750 0.4470 0.1984 0.0342
98 0.1263 0.2593 0.4548 0.1454 0.0142
99 0.1007 0.1072 0.4805 0.0376 0.2739
100 0.1647 0.1234 0.3459 0.1047 0.2612
101 0.1307 0.2294 0.3840 0.0627 0.1931
102 0.0529 0.1605 0.6450 0.0486 0.0929
103 0.0531 0.2115 0.6416 0.0427 0.0511
104 0.2418 0.0540 0.4243 0.2380 0.0417
105 0.3901 0.0594 0.3442 0.1246 0.0817
106 0.1781 0.0324 0.4307 0.3303 0.0284
107 0.5254 0.0751 0.2482 0.0892 0.0623
108 0.1283 0.1454 0.1768 0.4373 0.1123
109 0.1868 0.1080 0.2717 0.4207 0.0128
110 0.1511 0.0953 0.2651 0.4043 0.0841
111 0.0503 0.1884 0.3203 0.4346 0.0064
112 0.0508 0.1210 0.6240 0.1774 0.0270
113 0.2737 0.1224 0.2983 0.2216 0.0841
114 0.2117 0.2100 0.4412 0.0992 0.0380
115 0.1189 0.2458 0.2852 0.3083 0.0417
116 0.1089 0.0896 0.1754 0.5664 0.0597
117 0.1774 0.2058 0.3137 0.2561 0.0470
118 0.0414 0.1010 0.5542 0.2788 0.0244
119 0.0326 0.2300 0.6655 0.0654 0.0065
120 0.1405 0.1183 0.3533 0.3821 0.0056
121 0.0360 0.1562 0.1827 0.1125 0.5122
122 0.0265 0.1235 0.1663 0.0661 0.6177
123 0.0724 0.0789 0.4539 0.3425 0.0525
124 0.0757 0.1172 0.2332 0.5337 0.0402
125 0.1039 0.0731 0.4731 0.3381 0.0118
126 0.0204 0.2094 0.6655 0.0944 0.0105
127 0.2039 0.1799 0.2039 0.3779 0.0346
128 0.1239 0.0384 0.0512 0.7529 0.0336
129 0.2441 0.0133 0.0240 0.7173 0.0011
130 0.4832 0.0169 0.0361 0.4609 0.0028
131 0.2090 0.0580 0.3364 0.3726 0.0240
132 0.0313 0.2832 0.3994 0.0851 0.2009
133 0.0255 0.1055 0.1420 0.0498 0.6772
134 0.0522 0.0526 0.5190 0.3650 0.0114
135 0.2224 0.2025 0.3186 0.1692 0.0871
136 0.1908 0.1070 0.5874 0.1078 0.0069
137 0.0327 0.1292 0.0530 0.2413 0.5439
138 0.0422 0.2910 0.4167 0.2302 0.0198
139 0.5044 0.0441 0.1134 0.3157 0.0225
140 0.1454 0.0708 0.4841 0.2512 0.0487
141 0.2030 0.1777 0.3169 0.2336 0.0685
142 0.0486 0.2585 0.4983 0.0707 0.1240
143 0.0616 0.1740 0.2825 0.0376 0.4443
144 0.0928 0.0872 0.3113 0.4749 0.0339
145 0.1177 0.0731 0.3052 0.4172 0.0868
146 0.1738 0.1149 0.4104 0.1510 0.1498
147 0.4036 0.0546 0.1891 0.2817 0.0712
148 0.2632 0.0113 0.0351 0.6514 0.0394
149 0.0556 0.0773 0.5039 0.2379 0.1254
150 0.1173 0.2075 0.3091 0.2583 0.1077
151 0.0275 0.0938 0.5312 0.1186 0.2286
152 0.0333 0.0261 0.6738 0.2087 0.0580
153 0.1094 0.0369 0.5913 0.1519 0.1103
154 0.1157 0.0248 0.5737 0.0680 0.2178
155 0.0585 0.2260 0.5771 0.1267 0.0117
156 0.2189 0.0733 0.4634 0.2040 0.0405
157 0.1949 0.0361 0.4751 0.2244 0.0695
158 0.6118 0.0255 0.1214 0.2216 0.0200
159 0.4314 0.0863 0.2517 0.1855 0.0451
160 0.0407 0.2271 0.4958 0.2035 0.0327
161 0.0321 0.6860 0.2408 0.0175 0.0233
162 0.0374 0.2457 0.1663 0.5366 0.0139
163 0.0467 0.1642 0.4160 0.3342 0.0387
164 0.2445 0.1191 0.4192 0.1816 0.0355
165 0.0514 0.3171 0.4688 0.1476 0.0150
166 0.0573 0.0321 0.8281 0.0505 0.0319
167 0.0385 0.0210 0.8638 0.0574 0.0194
168 0.1273 0.1283 0.4045 0.2341 0.1055
169 0.6147 0.0438 0.1259 0.1775 0.0384
170 0.0340 0.4375 0.4045 0.1215 0.0025
171 0.1576 0.0424 0.5293 0.1144 0.1564
172 0.1884 0.0374 0.5156 0.1024 0.1561
173 0.1515 0.0308 0.4778 0.0721 0.2681
174 0.1545 0.0162 0.4268 0.1895 0.2130
175 0.2184 0.0241 0.5117 0.1377 0.1081
176 0.2227 0.0321 0.3970 0.1667 0.1816
177 0.0584 0.0182 0.4485 0.2457 0.2291
178 0.0557 0.0142 0.5586 0.1930 0.1785
179 0.0607 0.2257 0.5762 0.0912 0.0462
180 0.1344 0.1015 0.5034 0.2234 0.0373
181 0.2087 0.3389 0.3840 0.0544 0.0140
182 0.3413 0.3577 0.2292 0.0328 0.0389
183 0.2069 0.2896 0.3010 0.1826 0.0197
184 0.2529 0.2231 0.3948 0.1105 0.0186
185 0.0980 0.0439 0.4160 0.4160 0.0262
186 0.0925 0.3545 0.4209 0.1133 0.0188
187 0.0649 0.3823 0.4985 0.0432 0.0110
188 0.1725 0.3198 0.3948 0.0821 0.0309
189 0.2791 0.2191 0.3726 0.1085 0.0207
190 0.0987 0.2561 0.5337 0.0851 0.0266
191 0.0118 0.4753 0.1061 0.4004 0.0063
192 0.0843 0.4629 0.2637 0.1434 0.0458
193 0.1460 0.2244 0.5552 0.0478 0.0268
194 0.3936 0.2350 0.2542 0.0599 0.0576
195 0.3218 0.2299 0.2930 0.1260 0.0295
196 0.3010 0.1929 0.4414 0.0417 0.0230
197 0.1395 0.5391 0.2932 0.0159 0.0124
198 0.4717 0.2159 0.2371 0.0460 0.0294
199 0.0498 0.1740 0.2759 0.4841 0.0163
200 0.0806 0.1681 0.4160 0.2334 0.1019
201 0.0461 0.1313 0.3923 0.4048 0.0255
202 0.4475 0.2002 0.2715 0.0560 0.0247
203 0.1066 0.0287 0.4856 0.3552 0.0240
204 0.0354 0.5801 0.2457 0.0395 0.0992
205 0.0316 0.1462 0.2161 0.0795 0.5264
206 0.4409 0.2695 0.1926 0.0574 0.0395
207 0.3015 0.2223 0.3721 0.0905 0.0137
208 0.2329 0.1307 0.3337 0.2832 0.0194
209 0.3491 0.2069 0.3130 0.0823 0.0487
210 0.2664 0.2445 0.2727 0.1748 0.0415
211 0.3181 0.2988 0.3467 0.0161 0.0202
212 0.1398 0.0924 0.4241 0.3176 0.0263
213 0.4116 0.1514 0.3806 0.0398 0.0165
214 0.2932 0.3618 0.2954 0.0329 0.0167
215 0.2131 0.1442 0.2695 0.3569 0.0163
216 0.2466 0.1862 0.4980 0.0439 0.0254
217 0.0420 0.0715 0.1636 0.7104 0.0125
218 0.1898 0.2185 0.2327 0.2988 0.0602
219 0.1226 0.2595 0.5244 0.0636 0.0296
220 0.1624 0.2419 0.2595 0.2942 0.0421
221 0.1277 0.1652 0.4058 0.2810 0.0204
222 0.3062 0.2170 0.3015 0.1552 0.0202
223 0.4028 0.1802 0.3845 0.0138 0.0186
224 0.0244 0.3809 0.5288 0.0528 0.0132
225 0.2299 0.1735 0.5142 0.0643 0.0184
226 0.2500 0.2122 0.4819 0.0349 0.0208
227 0.1987 0.2343 0.4880 0.0714 0.0075
228 0.2299 0.3167 0.3142 0.1156 0.0237
229 0.0632 0.3364 0.5376 0.0157 0.0470
230 0.0733 0.5249 0.2766 0.0496 0.0756
231 0.1660 0.0703 0.2003 0.4658 0.0976
232 0.0755 0.1927 0.2362 0.4624 0.0330
233 0.3833 0.1008 0.4309 0.0401 0.0451
234 0.1997 0.2228 0.4329 0.1362 0.0085
235 0.1841 0.4053 0.3547 0.0298 0.0261
236 0.1613 0.4185 0.3750 0.0171 0.0282
237 0.2976 0.2649 0.3193 0.0952 0.0229
238 0.3547 0.1703 0.3928 0.0584 0.0238
239 0.4893 0.1992 0.2479 0.0257 0.0377
240 0.1827 0.2556 0.3721 0.1771 0.0123
241 0.1039 0.2235 0.5664 0.0939 0.0121
242 0.2019 0.1443 0.5576 0.0760 0.0202
243 0.4199 0.1222 0.2062 0.1166 0.1353
244 0.0584 0.2152 0.3281 0.3718 0.0265
245 0.0937 0.3591 0.4470 0.0675 0.0326
246 0.0609 0.2690 0.6255 0.0246 0.0201
247 0.3022 0.1891 0.3533 0.0880 0.0674
248 0.2227 0.3730 0.2644 0.0740 0.0659
249 0.0481 0.4421 0.4780 0.0249 0.0069
250 0.0742 0.2590 0.2981 0.2844 0.0841
251 0.0618 0.3064 0.3696 0.2388 0.0233
252 0.0765 0.3918 0.2734 0.2339 0.0243
253 0.4775 0.1445 0.1885 0.1422 0.0473
254 0.5171 0.1288 0.1993 0.1154 0.0393
255 0.4917 0.1476 0.2305 0.1105 0.0198
256 0.1426 0.1591 0.4392 0.2296 0.0294
257 0.1633 0.0526 0.4653 0.2822 0.0364
258 0.1155 0.0432 0.6392 0.1803 0.0220
259 0.1696 0.0735 0.6299 0.1077 0.0195
260 0.1406 0.0486 0.6450 0.1473 0.0184
261 0.3628 0.1205 0.4048 0.0656 0.0465
262 0.4568 0.0858 0.3420 0.0497 0.0658
263 0.3635 0.1434 0.3308 0.1479 0.0142
264 0.4595 0.1813 0.2328 0.0408 0.0856
265 0.5518 0.1581 0.1486 0.0944 0.0471
266 0.6108 0.0753 0.1833 0.0801 0.0505
267 0.5522 0.1079 0.1938 0.0887 0.0573
268 0.2037 0.2830 0.2496 0.2310 0.0327
