time exciting_prob fearful_prob tense_prob sad_prob relaxing_prob
0 0.2107 0.1339 0.2463 0.3315 0.0775
1 0.0956 0.2441 0.2258 0.3037 0.1306
2 0.0662 0.1886 0.1010 0.5127 0.1316
3 0.0269 0.2690 0.3796 0.3147 0.0097
4 0.0225 0.1293 0.4805 0.3516 0.0162
5 0.0380 0.2808 0.5083 0.1527 0.0202
6 0.3447 0.2242 0.2542 0.1680 0.0090
7 0.2722 0.1886 0.2617 0.2681 0.0095
8 0.1788 0.4897 0.1182 0.0942 0.1191
9 0.1453 0.5610 0.1396 0.0625 0.0916
10 0.0524 0.4058 0.5049 0.0280 0.0088
11 0.0493 0.4060 0.5132 0.0283 0.0031
12 0.0434 0.1467 0.7334 0.0310 0.0454
13 0.0677 0.1116 0.7627 0.0215 0.0368
14 0.0629 0.1819 0.6812 0.0453 0.0288
15 0.0418 0.1289 0.7188 0.0463 0.0643
16 0.0623 0.0233 0.3313 0.5723 0.0107
17 0.0552 0.0420 0.5449 0.3518 0.0063
18 0.0605 0.0281 0.4197 0.4829 0.0088
19 0.2471 0.4170 0.2130 0.0615 0.0615
20 0.2483 0.4978 0.1329 0.0740 0.0470
21 0.1461 0.3730 0.2109 0.1630 0.1069
22 0.1274 0.3604 0.3494 0.1433 0.0195
23 0.0972 0.2139 0.5171 0.1181 0.0536
24 0.0627 0.1760 0.7129 0.0306 0.0178
25 0.0711 0.2522 0.6436 0.0244 0.0087
26 0.0391 0.2981 0.5400 0.0510 0.0719
27 0.1290 0.0901 0.2062 0.5430 0.0316
28 0.1191 0.1068 0.2520 0.4783 0.0438
29 0.1742 0.1274 0.2874 0.3574 0.0536
30 0.2644 0.1138 0.1483 0.3616 0.1120
31 0.0691 0.4871 0.2820 0.1251 0.0370
32 0.0528 0.6333 0.1873 0.1180 0.0086
33 0.0327 0.5850 0.2942 0.0767 0.0112
34 0.0385 0.5107 0.2690 0.1764 0.0056
35 0.0419 0.4609 0.2546 0.2355 0.0069
36 0.0320 0.5361 0.3684 0.0583 0.0053
37 0.0587 0.5269 0.3196 0.0795 0.0153
38 0.0267 0.1893 0.5479 0.2146 0.0214
39 0.0327 0.1896 0.5659 0.1355 0.0766
40 0.1105 0.1418 0.4302 0.2957 0.0218
41 0.2354 0.4294 0.2485 0.0813 0.0054
42 0.2605 0.1472 0.0542 0.5020 0.0363
43 0.0557 0.2399 0.6421 0.0401 0.0225
44 0.1603 0.1542 0.3877 0.0396 0.2583
45 0.0540 0.4487 0.3335 0.1445 0.0193
46 0.0169 0.1121 0.8159 0.0426 0.0126
47 0.0086 0.1372 0.7656 0.0782 0.0103
48 0.0553 0.2617 0.3281 0.0699 0.2852
49 0.0255 0.3467 0.5898 0.0315 0.0065
50 0.0275 0.2336 0.7085 0.0180 0.0121
51 0.0901 0.1953 0.5649 0.1185 0.0311
52 0.0540 0.3279 0.5283 0.0503 0.0395
53 0.0138 0.2338 0.1354 0.5972 0.0200
54 0.0498 0.2416 0.6074 0.0868 0.0146
55 0.0229 0.3450 0.3789 0.2228 0.0304
56 0.0051 0.0360 0.0919 0.8579 0.0091
57 0.0216 0.3130 0.2327 0.3896 0.0430
58 0.0606 0.3982 0.3857 0.1293 0.0263
59 0.0261 0.1326 0.7866 0.0284 0.0261
60 0.0224 0.1362 0.7964 0.0228 0.0222
61 0.0226 0.1487 0.2607 0.5269 0.0410
62 0.0542 0.3853 0.3621 0.1792 0.0192
63 0.0475 0.2507 0.4006 0.2710 0.0302
64 0.0487 0.1187 0.2715 0.5317 0.0295
65 0.0047 0.1346 0.2438 0.6128 0.0041
66 0.0123 0.0993 0.4448 0.4312 0.0122
67 0.0139 0.4380 0.3203 0.2236 0.0042
68 0.0676 0.4514 0.4111 0.0535 0.0163
69 0.0320 0.3667 0.5767 0.0215 0.0030
70 0.1181 0.0964 0.2172 0.5547 0.0137
71 0.2024 0.1665 0.2788 0.3286 0.0236
72 0.0102 0.1621 0.7856 0.0404 0.0015
73 0.0265 0.3691 0.4250 0.1691 0.0103
74 0.0256 0.2510 0.6821 0.0282 0.0134
75 0.0443 0.2234 0.3740 0.0382 0.3201
76 0.0517 0.2859 0.4429 0.0813 0.1383
77 0.0319 0.5615 0.3567 0.0394 0.0105
78 0.0882 0.3330 0.4375 0.0340 0.1072
79 0.0626 0.3518 0.3865 0.1294 0.0698
80 0.0609 0.4229 0.3396 0.1103 0.0663
81 0.0056 0.0612 0.9136 0.0128 0.0068
82 0.0098 0.0927 0.8657 0.0253 0.0064
83 0.0274 0.3616 0.4360 0.1655 0.0096
84 0.0070 0.1216 0.8574 0.0133 0.0007
85 0.0131 0.1261 0.8481 0.0115 0.0010
86 0.0990 0.5972 0.2450 0.0397 0.0192
87 0.0561 0.7100 0.0969 0.1215 0.0154
88 0.0539 0.2551 0.0855 0.5664 0.0392
89 0.0236 0.3936 0.4822 0.0964 0.0041
90 0.0246 0.2979 0.6016 0.0707 0.0052
91 0.0853 0.5103 0.3169 0.0649 0.0226
92 0.0384 0.4534 0.4465 0.0537 0.0079
93 0.0432 0.3564 0.4873 0.0959 0.0171
94 0.0214 0.7485 0.1864 0.0429 0.0007
95 0.0355 0.4636 0.3904 0.1067 0.0040
96 0.0399 0.3784 0.5015 0.0781 0.0023
97 0.1656 0.5103 0.2264 0.0701 0.0277
98 0.0221 0.3740 0.5791 0.0225 0.0024
99 0.0226 0.3845 0.5425 0.0452 0.0054
100 0.0461 0.3079 0.4692 0.1597 0.0171
101 0.0672 0.1638 0.2874 0.4739 0.0077
102 0.1190 0.3364 0.4121 0.0858 0.0466
103 0.0642 0.2856 0.5591 0.0806 0.0105
104 0.1820 0.2754 0.3823 0.1462 0.0143
105 0.1129 0.5732 0.2390 0.0643 0.0103
106 0.0063 0.1832 0.7593 0.0471 0.0042
107 0.1367 0.2852 0.5493 0.0245 0.0042
108 0.1509 0.6401 0.1631 0.0275 0.0184
109 0.1786 0.2991 0.1731 0.2520 0.0971
110 0.0417 0.6777 0.2343 0.0374 0.0090
111 0.0306 0.7183 0.1934 0.0508 0.0069
112 0.0178 0.6582 0.2830 0.0349 0.0061
113 0.0452 0.2703 0.5127 0.1403 0.0315
114 0.0267 0.3887 0.5312 0.0359 0.0175
115 0.0313 0.0695 0.2883 0.5913 0.0195
116 0.0519 0.1884 0.0544 0.6274 0.0779
117 0.1459 0.1692 0.1084 0.3755 0.2009
118 0.0301 0.2793 0.4827 0.1920 0.0160
119 0.1306 0.2007 0.1135 0.0739 0.4814
120 0.1492 0.2054 0.2054 0.2054 0.2346
121 0.0205 0.1443 0.7866 0.0356 0.0131
122 0.1267 0.3237 0.3472 0.1318 0.0706
123 0.1516 0.2788 0.4670 0.0374 0.0652
124 0.1197 0.4734 0.2986 0.0380 0.0704
125 0.0748 0.1312 0.2064 0.5786 0.0089
126 0.1583 0.3767 0.2214 0.1608 0.0828
127 0.0432 0.2228 0.6650 0.0654 0.0036
128 0.0150 0.3318 0.6396 0.0117 0.0017
129 0.0257 0.2515 0.6943 0.0271 0.0012
130 0.0626 0.2986 0.3330 0.2893 0.0163
131 0.0677 0.3440 0.4417 0.1326 0.0140
132 0.0515 0.5586 0.2402 0.1368 0.0129
133 0.0312 0.3457 0.4951 0.0510 0.0771
134 0.0347 0.3267 0.4753 0.0723 0.0908
135 0.0238 0.4146 0.4016 0.1040 0.0561
136 0.0462 0.1227 0.7573 0.0589 0.0148
137 0.0148 0.1521 0.7490 0.0543 0.0300
138 0.1650 0.1757 0.1575 0.3494 0.1526
139 0.1112 0.5874 0.1250 0.1095 0.0670
140 0.0656 0.6172 0.2573 0.0569 0.0033
141 0.1744 0.4058 0.3037 0.0276 0.0884
142 0.0181 0.0988 0.7075 0.1733 0.0022
143 0.0139 0.5713 0.3357 0.0785 0.0006
144 0.0535 0.3379 0.5571 0.0475 0.0041
145 0.1699 0.2803 0.4014 0.0848 0.0635
146 0.0289 0.4026 0.3782 0.1731 0.0172
147 0.0238 0.3191 0.3345 0.3142 0.0085
148 0.0330 0.1548 0.2361 0.5664 0.0100
149 0.0704 0.4556 0.3132 0.1526 0.0082
150 0.0170 0.2537 0.7114 0.0163 0.0015
151 0.0186 0.4263 0.1202 0.4331 0.0019
152 0.0706 0.3616 0.1667 0.3267 0.0746
153 0.0818 0.4707 0.3525 0.0837 0.0110
154 0.0945 0.3298 0.0778 0.2471 0.2510
155 0.0776 0.4067 0.0846 0.1643 0.2668
156 0.0585 0.6284 0.2041 0.1042 0.0048
157 0.0239 0.2629 0.5742 0.1343 0.0050
158 0.0097 0.1019 0.7295 0.1578 0.0010
159 0.1121 0.3677 0.1937 0.2468 0.0795
160 0.1500 0.1714 0.1466 0.4622 0.0698
161 0.0532 0.2920 0.5991 0.0536 0.0025
162 0.0540 0.4849 0.1650 0.1411 0.1550
163 0.0373 0.1647 0.3125 0.4766 0.0090
164 0.0563 0.5776 0.2372 0.0729 0.0559
165 0.0364 0.6562 0.2610 0.0298 0.0166
166 0.0192 0.5830 0.0644 0.3271 0.0063
167 0.0815 0.6118 0.1283 0.1365 0.0420
168 0.0389 0.2313 0.1328 0.4600 0.1371
169 0.0233 0.1343 0.0952 0.7031 0.0439
170 0.0715 0.1755 0.7222 0.0186 0.0123
171 0.0870 0.0607 0.6328 0.2119 0.0077
172 0.0147 0.4060 0.5503 0.0264 0.0026
173 0.0656 0.3772 0.5073 0.0388 0.0111
174 0.0980 0.4531 0.2107 0.0728 0.1654
175 0.2162 0.4006 0.1148 0.0522 0.2162
176 0.2295 0.4321 0.1200 0.0281 0.1903
177 0.2383 0.1562 0.5044 0.0721 0.0289
178 0.0237 0.4475 0.5073 0.0191 0.0025
179 0.4084 0.2942 0.1445 0.0253 0.1276
180 0.0871 0.1102 0.2769 0.4858 0.0399
181 0.0329 0.1805 0.7598 0.0237 0.0031
182 0.0177 0.1654 0.8013 0.0125 0.0030
183 0.0283 0.1681 0.2905 0.5020 0.0114
184 0.0395 0.1560 0.3203 0.4517 0.0327
185 0.0199 0.3188 0.6440 0.0117 0.0057
186 0.0278 0.2397 0.2593 0.4622 0.0110
187 0.0226 0.2317 0.6807 0.0586 0.0063
188 0.1659 0.5190 0.2080 0.0615 0.0457
189 0.1360 0.4253 0.3696 0.0438 0.0253
190 0.2971 0.3264 0.1043 0.2314 0.0408
191 0.0944 0.1509 0.1736 0.0866 0.4946
192 0.1093 0.0995 0.2388 0.0145 0.5381
193 0.0548 0.2236 0.2344 0.4517 0.0354
194 0.0284 0.2015 0.4072 0.3430 0.0200
195 0.0257 0.1537 0.3987 0.4114 0.0104
196 0.0247 0.1178 0.7803 0.0395 0.0379
197 0.0990 0.1908 0.4436 0.0233 0.2432
198 0.0856 0.0540 0.1729 0.1116 0.5757
199 0.0360 0.8125 0.1285 0.0173 0.0055
200 0.0158 0.8950 0.0820 0.0048 0.0027
201 0.0201 0.2725 0.1963 0.4858 0.0253
202 0.0403 0.4980 0.2109 0.1920 0.0586
203 0.0338 0.1257 0.7578 0.0421 0.0405
204 0.1278 0.4897 0.2664 0.0950 0.0212
205 0.0747 0.3792 0.2864 0.1631 0.0966
206 0.0413 0.5693 0.3145 0.0439 0.0309
207 0.0944 0.4131 0.3167 0.0807 0.0951
208 0.1558 0.3594 0.3826 0.0277 0.0747
209 0.0289 0.2983 0.4309 0.1957 0.0461
210 0.2039 0.3362 0.4023 0.0234 0.0341
211 0.1459 0.2747 0.5547 0.0094 0.0154
212 0.1663 0.6274 0.1538 0.0098 0.0424
213 0.0133 0.2983 0.2323 0.4548 0.0012
214 0.0853 0.4099 0.4502 0.0384 0.0160
215 0.0139 0.6582 0.3108 0.0155 0.0017
216 0.0203 0.4658 0.4658 0.0468 0.0012
217 0.1154 0.2664 0.5859 0.0165 0.0157
218 0.0178 0.4028 0.5254 0.0493 0.0049
219 0.0178 0.1376 0.7793 0.0640 0.0012
220 0.0637 0.5288 0.2830 0.1117 0.0129
221 0.0511 0.6479 0.2023 0.0817 0.0167
222 0.0184 0.6045 0.2639 0.1058 0.0074
223 0.0298 0.4307 0.4878 0.0394 0.0123
224 0.1940 0.3623 0.2375 0.0983 0.1079
225 0.0076 0.1238 0.8462 0.0219 0.0006
226 0.0184 0.1982 0.7480 0.0316 0.0035
227 0.0630 0.1661 0.6221 0.0760 0.0726
228 0.1738 0.2375 0.4763 0.0790 0.0334
229 0.0488 0.1913 0.6475 0.0310 0.0817
230 0.0677 0.4490 0.2072 0.0891 0.1871
231 0.0861 0.5439 0.1071 0.2081 0.0547
232 0.0192 0.1658 0.6558 0.1533 0.0058
233 0.0116 0.1213 0.6768 0.1879 0.0027
234 0.2246 0.4004 0.2646 0.0449 0.0654
235 0.1050 0.5010 0.2559 0.0162 0.1218
236 0.1433 0.4277 0.3130 0.0368 0.0792
237 0.1022 0.4202 0.4041 0.0400 0.0337
238 0.0567 0.1748 0.6753 0.0819 0.0114
239 0.0080 0.6509 0.3125 0.0284 0.0002
240 0.0182 0.5205 0.4053 0.0540 0.0021
241 0.0228 0.3682 0.5610 0.0439 0.0039
242 0.0344 0.2026 0.7471 0.0132 0.0027
243 0.0957 0.2881 0.5381 0.0456 0.0326
244 0.0816 0.2455 0.6074 0.0487 0.0167
245 0.1351 0.1776 0.3372 0.3372 0.0131
246 0.1801 0.2206 0.1978 0.3040 0.0979
247 0.0219 0.6260 0.3250 0.0265 0.0006
248 0.0630 0.3513 0.3201 0.0861 0.1794
249 0.0110 0.1234 0.7437 0.1177 0.0041
250 0.0681 0.5361 0.3625 0.0249 0.0085
251 0.1304 0.1284 0.3381 0.3833 0.0198
252 0.0936 0.2013 0.1165 0.5825 0.0061
253 0.0754 0.2734 0.3301 0.2529 0.0681
254 0.1167 0.3948 0.2800 0.1418 0.0665
255 0.1024 0.5625 0.2534 0.0715 0.0102
256 0.0736 0.6113 0.2285 0.0676 0.0188
257 0.0117 0.3191 0.6548 0.0136 0.0005
258 0.0974 0.3372 0.2013 0.2354 0.1289
259 0.0767 0.2964 0.1975 0.3633 0.0662
260 0.0131 0.1591 0.6489 0.1615 0.0176
261 0.0674 0.1310 0.7080 0.0474 0.0463
262 0.0248 0.2861 0.6758 0.0108 0.0024
263 0.1514 0.4116 0.1378 0.1367 0.1625
264 0.0389 0.4597 0.0941 0.3608 0.0466
265 0.0331 0.4229 0.2246 0.2930 0.0264
266 0.0120 0.1365 0.8101 0.0297 0.0116
267 0.0303 0.1163 0.7524 0.0449 0.0558
268 0.0143 0.1053 0.8682 0.0079 0.0042
269 0.0289 0.1141 0.8047 0.0226 0.0298
270 0.1818 0.3423 0.3477 0.0509 0.0776
271 0.1035 0.4976 0.3584 0.0136 0.0272
272 0.0132 0.1322 0.7974 0.0518 0.0053
273 0.0085 0.1796 0.7925 0.0188 0.0009
274 0.0172 0.1578 0.8145 0.0098 0.0007
275 0.3540 0.3052 0.1243 0.1595 0.0569
276 0.0916 0.2322 0.2250 0.0625 0.3887
277 0.0406 0.1544 0.2710 0.1805 0.3535
278 0.0320 0.1401 0.7637 0.0386 0.0253
279 0.0547 0.1594 0.7148 0.0223 0.0490
280 0.0287 0.2190 0.2812 0.4492 0.0219
281 0.0762 0.3083 0.1676 0.2152 0.2327
282 0.0295 0.0464 0.4067 0.5142 0.0032
283 0.1539 0.0786 0.2239 0.4814 0.0622
284 0.0396 0.0706 0.3210 0.3582 0.2106
285 0.0314 0.2756 0.1985 0.2357 0.2588
286 0.0233 0.1823 0.1793 0.3052 0.3101
287 0.0284 0.1399 0.5620 0.0875 0.1824
