time exciting_prob fearful_prob tense_prob sad_prob relaxing_prob
0 0.1193 0.1605 0.1104 0.5874 0.0226
1 0.0495 0.6079 0.0743 0.2656 0.0023
2 0.0742 0.0895 0.1866 0.5571 0.0924
3 0.2125 0.1681 0.1578 0.4160 0.0456
4 0.1273 0.0797 0.1196 0.6265 0.0468
5 0.0481 0.3420 0.4749 0.0793 0.0558
6 0.1941 0.1187 0.3250 0.1910 0.1713
7 0.0703 0.1956 0.1234 0.5190 0.0917
8 0.0615 0.0748 0.0243 0.0720 0.7676
9 0.2260 0.1787 0.1627 0.3843 0.0481
10 0.1071 0.1808 0.2321 0.3826 0.0975
11 0.1164 0.0838 0.3757 0.3213 0.1027
12 0.1588 0.2617 0.1677 0.1930 0.2188
13 0.1445 0.1575 0.1256 0.3606 0.2119
14 0.1207 0.2134 0.0687 0.1274 0.4697
15 0.1255 0.1958 0.1040 0.4019 0.1729
16 0.0790 0.3516 0.2217 0.2913 0.0565
17 0.0205 0.0768 0.0444 0.6431 0.2153
18 0.1417 0.3792 0.2998 0.1497 0.0297
19 0.0938 0.5269 0.2820 0.0881 0.0091
20 0.0637 0.6899 0.0396 0.0504 0.1564
21 0.0856 0.6035 0.0667 0.0202 0.2239
22 0.1215 0.3625 0.1323 0.1511 0.2323
23 0.1423 0.0919 0.1469 0.5630 0.0558
24 0.1122 0.5435 0.1737 0.0436 0.1271
25 0.0463 0.4026 0.2810 0.2443 0.0257
26 0.0369 0.4634 0.4634 0.0349 0.0017
27 0.0923 0.4763 0.2147 0.1895 0.0271
28 0.1642 0.2974 0.2043 0.0879 0.2465
29 0.1775 0.2227 0.0581 0.4128 0.1289
30 0.1331 0.1862 0.1656 0.4905 0.0246
31 0.2566 0.2283 0.2908 0.2178 0.0064
32 0.0567 0.7017 0.0623 0.1542 0.0250
33 0.0739 0.3088 0.0949 0.4424 0.0800
34 0.0417 0.2830 0.0856 0.3157 0.2742
35 0.2244 0.1591 0.1437 0.1803 0.2925
36 0.1790 0.1761 0.2158 0.2686 0.1604
37 0.1792 0.2266 0.1462 0.0624 0.3855
38 0.0243 0.1377 0.0876 0.2915 0.4587
39 0.1111 0.2013 0.1372 0.3293 0.2211
40 0.0594 0.2139 0.0793 0.4526 0.1947
41 0.2097 0.1711 0.3887 0.1063 0.1242
42 0.1803 0.2209 0.3877 0.1137 0.0973
43 0.0945 0.2163 0.3916 0.2412 0.0564
44 0.0639 0.2756 0.3594 0.2842 0.0169
45 0.0916 0.0861 0.1252 0.4236 0.2734
46 0.0696 0.1835 0.5308 0.1864 0.0295
47 0.0496 0.1664 0.4890 0.1676 0.1276
48 0.0986 0.1689 0.2153 0.3467 0.1703
49 0.0276 0.1493 0.1565 0.1615 0.5054
50 0.0652 0.0612 0.4316 0.2832 0.1588
51 0.1252 0.5566 0.1821 0.0443 0.0916
52 0.0368 0.4119 0.2576 0.2786 0.0151
53 0.1663 0.2102 0.4114 0.0677 0.1444
54 0.0739 0.1423 0.6328 0.0956 0.0553
55 0.0567 0.3367 0.4189 0.1027 0.0851
56 0.1107 0.2827 0.1512 0.2893 0.1661
57 0.0333 0.1033 0.1001 0.5674 0.1960
58 0.0163 0.1320 0.0381 0.7710 0.0425
59 0.1321 0.3022 0.1174 0.2485 0.1997
60 0.0260 0.4075 0.2322 0.3223 0.0121
61 0.0581 0.0950 0.2688 0.4570 0.1211
62 0.1106 0.1781 0.3542 0.2673 0.0896
63 0.1157 0.1879 0.3621 0.2820 0.0522
64 0.2639 0.3901 0.0344 0.0673 0.2441
65 0.2957 0.2471 0.0453 0.0551 0.3567
66 0.0790 0.2491 0.4956 0.1365 0.0397
67 0.1422 0.2698 0.2476 0.2678 0.0726
68 0.0560 0.3198 0.3005 0.0841 0.2395
69 0.0671 0.4883 0.3103 0.0671 0.0671
70 0.0325 0.3445 0.2009 0.3391 0.0831
71 0.0774 0.5586 0.1771 0.1390 0.0480
72 0.0338 0.4119 0.4968 0.0424 0.0149
73 0.0240 0.0732 0.6128 0.1274 0.1624
74 0.0413 0.1794 0.5527 0.0297 0.1970
75 0.0403 0.1864 0.6924 0.0316 0.0494
76 0.2416 0.2217 0.2781 0.1686 0.0903
77 0.2825 0.2532 0.2323 0.1511 0.0809
78 0.0317 0.3604 0.5410 0.0343 0.0325
79 0.1294 0.2720 0.2634 0.2849 0.0503
80 0.0775 0.5771 0.2123 0.1277 0.0055
81 0.0843 0.2786 0.3157 0.2537 0.0677
82 0.0457 0.1698 0.4614 0.2798 0.0432
83 0.0191 0.2622 0.6597 0.0525 0.0066
84 0.1168 0.4478 0.2434 0.1523 0.0397
85 0.1384 0.6206 0.1892 0.0183 0.0337
86 0.0703 0.2693 0.3350 0.2910 0.0345
87 0.0848 0.6724 0.1420 0.0450 0.0560
88 0.0417 0.4050 0.2134 0.3010 0.0389
89 0.0319 0.2079 0.3074 0.4402 0.0128
90 0.0431 0.1615 0.1615 0.0700 0.5640
91 0.0679 0.2859 0.2605 0.3345 0.0513
92 0.0424 0.5205 0.2238 0.1611 0.0523
93 0.0794 0.5303 0.2485 0.0723 0.0695
94 0.0727 0.2830 0.3257 0.2966 0.0218
95 0.1460 0.4978 0.2042 0.1393 0.0128
96 0.1166 0.6016 0.1620 0.0847 0.0350
97 0.0961 0.4307 0.1796 0.2306 0.0630
98 0.2595 0.1265 0.4082 0.1525 0.0535
99 0.1305 0.1090 0.5322 0.1826 0.0454
100 0.0649 0.1417 0.5474 0.2144 0.0316
101 0.0702 0.1908 0.3591 0.3245 0.0555
102 0.1501 0.2069 0.3958 0.1478 0.0993
103 0.1509 0.1231 0.2246 0.3821 0.1193
104 0.2108 0.1472 0.2043 0.3530 0.0845
105 0.1028 0.3911 0.1156 0.2126 0.1777
106 0.1720 0.2157 0.2856 0.1760 0.1506
107 0.1478 0.2344 0.2827 0.1649 0.1702
108 0.1584 0.2891 0.1523 0.2759 0.1243
109 0.1559 0.2490 0.0394 0.2529 0.3027
110 0.2668 0.1130 0.2668 0.2776 0.0759
111 0.1179 0.3574 0.3491 0.1082 0.0677
112 0.3386 0.1663 0.0843 0.2458 0.1650
113 0.0803 0.0714 0.6416 0.1897 0.0170
114 0.1964 0.3875 0.1720 0.1788 0.0652
115 0.1310 0.1094 0.4607 0.2076 0.0914
116 0.1967 0.1174 0.1617 0.0981 0.4260
117 0.2876 0.1058 0.2681 0.2137 0.1247
118 0.1707 0.1268 0.1329 0.1093 0.4602
119 0.3286 0.2106 0.3135 0.0831 0.0642
120 0.4568 0.3018 0.1616 0.0572 0.0227
121 0.0182 0.6929 0.0952 0.1725 0.0214
122 0.0920 0.2462 0.0837 0.1425 0.4355
123 0.1133 0.3105 0.3748 0.1216 0.0798
124 0.0154 0.5303 0.4465 0.0038 0.0041
125 0.0682 0.5625 0.1884 0.0804 0.1008
126 0.1183 0.1616 0.3069 0.2371 0.1761
127 0.0856 0.2783 0.1000 0.4448 0.0911
128 0.0288 0.3293 0.1655 0.4717 0.0047
129 0.2439 0.0978 0.4248 0.1445 0.0891
130 0.0499 0.1160 0.3574 0.4114 0.0651
131 0.2106 0.1493 0.2705 0.2661 0.1035
132 0.0426 0.1609 0.2341 0.5273 0.0348
133 0.3186 0.3064 0.1801 0.1307 0.0642
134 0.1975 0.1600 0.3494 0.2086 0.0843
135 0.1473 0.1656 0.1301 0.3706 0.1863
136 0.1995 0.1248 0.5508 0.0372 0.0878
137 0.2488 0.0522 0.1261 0.4265 0.1462
138 0.2461 0.1209 0.2461 0.1228 0.2642
139 0.2443 0.1277 0.1127 0.3364 0.1787
140 0.0896 0.3408 0.1133 0.4080 0.0483
141 0.3599 0.1377 0.2493 0.0544 0.1987
142 0.2463 0.1471 0.2157 0.1093 0.2815
143 0.1570 0.0887 0.1440 0.4910 0.1194
144 0.0847 0.2756 0.2935 0.1986 0.1476
145 0.0400 0.1699 0.2472 0.0809 0.4619
146 0.1534 0.0960 0.2778 0.3352 0.1376
147 0.1965 0.2244 0.2158 0.1542 0.2091
148 0.3601 0.1636 0.2961 0.0903 0.0897
149 0.0848 0.3892 0.0503 0.3953 0.0803
150 0.0927 0.2385 0.1516 0.2404 0.2766
151 0.3074 0.0952 0.2080 0.2888 0.1006
152 0.4153 0.2008 0.1962 0.1691 0.0185
153 0.0948 0.3086 0.3962 0.1758 0.0247
154 0.1807 0.1261 0.4834 0.1301 0.0795
155 0.0859 0.0859 0.4500 0.1818 0.1965
156 0.0387 0.1427 0.4829 0.2280 0.1077
157 0.1306 0.2659 0.2744 0.0978 0.2311
158 0.1372 0.1642 0.5732 0.1146 0.0109
159 0.2756 0.2489 0.2321 0.1364 0.1071
160 0.1214 0.0498 0.2340 0.5703 0.0247
161 0.1177 0.3406 0.3652 0.1243 0.0522
162 0.2046 0.3120 0.1300 0.2886 0.0649
163 0.1687 0.3103 0.1512 0.1000 0.2695
164 0.0943 0.1761 0.1566 0.4678 0.1052
165 0.2231 0.1429 0.1176 0.2734 0.2432
166 0.1404 0.1163 0.6143 0.0845 0.0445
167 0.0513 0.2448 0.2930 0.3372 0.0740
168 0.0392 0.0699 0.5854 0.2598 0.0458
169 0.1010 0.1692 0.4780 0.2330 0.0187
170 0.0847 0.1750 0.4133 0.2754 0.0517
171 0.4480 0.2455 0.0875 0.1133 0.1056
172 0.4163 0.1567 0.1372 0.1331 0.1567
173 0.2249 0.3945 0.2302 0.0795 0.0707
174 0.5649 0.1148 0.1835 0.1013 0.0356
175 0.3772 0.1768 0.3201 0.0506 0.0754
176 0.1322 0.1131 0.0596 0.5522 0.1429
177 0.2153 0.2578 0.1652 0.1886 0.1731
178 0.2300 0.0974 0.1509 0.4683 0.0534
179 0.1078 0.4006 0.1486 0.3000 0.0429
180 0.3391 0.0934 0.1918 0.3210 0.0545
181 0.2266 0.1498 0.3855 0.1985 0.0397
182 0.1057 0.1367 0.5894 0.1305 0.0380
183 0.1426 0.1494 0.2834 0.3064 0.1182
184 0.0847 0.2196 0.3679 0.2489 0.0789
185 0.0513 0.3533 0.4536 0.0654 0.0764
186 0.3645 0.1776 0.2563 0.1156 0.0859
187 0.1508 0.2751 0.2466 0.1427 0.1847
188 0.1859 0.1565 0.1979 0.3340 0.1257
189 0.1237 0.3811 0.3210 0.1639 0.0102
190 0.4551 0.0896 0.3103 0.0682 0.0767
191 0.1276 0.1899 0.5454 0.0970 0.0401
192 0.1400 0.3521 0.3308 0.0978 0.0792
193 0.2013 0.1383 0.3372 0.2228 0.1004
194 0.2759 0.1477 0.2035 0.2416 0.1313
195 0.3628 0.3435 0.1031 0.1410 0.0495
196 0.0562 0.2405 0.5591 0.1118 0.0325
197 0.3494 0.3037 0.2421 0.0837 0.0211
198 0.1401 0.1886 0.1041 0.5371 0.0298
199 0.3010 0.0925 0.2871 0.2069 0.1125
200 0.3386 0.1389 0.1198 0.2764 0.1265
201 0.2004 0.1107 0.3279 0.3435 0.0175
202 0.0773 0.5493 0.2783 0.0503 0.0451
203 0.4321 0.1425 0.0972 0.2405 0.0878
204 0.2218 0.1912 0.2003 0.3228 0.0640
205 0.1948 0.1110 0.2295 0.3445 0.1200
206 0.1368 0.2556 0.4521 0.1091 0.0465
207 0.1831 0.1278 0.2705 0.3877 0.0308
208 0.2708 0.1310 0.1694 0.1763 0.2524
209 0.0784 0.2324 0.2117 0.4695 0.0080
210 0.2291 0.1346 0.1990 0.3281 0.1091
211 0.2544 0.1876 0.2334 0.2352 0.0893
212 0.1367 0.2676 0.1913 0.2554 0.1489
213 0.1151 0.0607 0.5620 0.1810 0.0810
214 0.2104 0.1814 0.3931 0.1588 0.0562
215 0.2328 0.3809 0.2988 0.0792 0.0082
216 0.2369 0.0449 0.4714 0.1449 0.1019
217 0.1231 0.1593 0.4985 0.1644 0.0546
218 0.0943 0.1919 0.5864 0.0928 0.0344
219 0.0862 0.3057 0.3894 0.0791 0.1399
220 0.1743 0.1337 0.2852 0.2327 0.1743
221 0.2336 0.1643 0.2817 0.0974 0.2229
222 0.1192 0.1416 0.3560 0.3044 0.0788
223 0.1158 0.1836 0.2776 0.3564 0.0665
224 0.1335 0.1274 0.1537 0.3601 0.2253
225 0.2615 0.1812 0.3718 0.1000 0.0856
226 0.1261 0.1620 0.5146 0.1429 0.0543
227 0.1818 0.1155 0.4429 0.2059 0.0541
228 0.0738 0.2238 0.4050 0.2382 0.0593
229 0.0634 0.1343 0.4834 0.2712 0.0479
230 0.0945 0.0686 0.5356 0.2756 0.0258
231 0.0862 0.0579 0.4963 0.3518 0.0077
232 0.1337 0.1276 0.3931 0.1285 0.2170
233 0.1677 0.1600 0.3552 0.2120 0.1050
234 0.0905 0.1425 0.3159 0.4253 0.0257
235 0.4268 0.1570 0.1608 0.1333 0.1223
236 0.1823 0.2147 0.1740 0.2935 0.1355
237 0.3904 0.1002 0.0594 0.2277 0.2224
238 0.2510 0.1333 0.4170 0.1633 0.0353
239 0.0709 0.0544 0.2720 0.5757 0.0273
240 0.1633 0.2822 0.3198 0.1511 0.0834
241 0.1278 0.1694 0.2881 0.2427 0.1720
242 0.2993 0.1680 0.2332 0.1666 0.1328
243 0.1266 0.2383 0.3496 0.1901 0.0955
244 0.1903 0.2424 0.3113 0.1774 0.0787
245 0.3630 0.2168 0.1770 0.1357 0.1074
246 0.1497 0.1593 0.1321 0.4905 0.0685
247 0.0789 0.2671 0.1750 0.4368 0.0422
248 0.1663 0.3281 0.2255 0.1265 0.1538
249 0.4268 0.1658 0.1750 0.1807 0.0518
250 0.5146 0.3120 0.0429 0.0432 0.0873
251 0.0516 0.0360 0.1180 0.7695 0.0247
252 0.2681 0.1349 0.3901 0.1307 0.0762
253 0.5000 0.1854 0.1444 0.1151 0.0552
254 0.1599 0.2419 0.2273 0.3333 0.0377
255 0.0963 0.1236 0.3359 0.4116 0.0327
256 0.3301 0.1571 0.3328 0.1344 0.0457
257 0.1532 0.1805 0.3674 0.2487 0.0501
258 0.2418 0.1586 0.1169 0.1675 0.3154
259 0.2280 0.1721 0.0943 0.4128 0.0928
260 0.0912 0.1368 0.1886 0.5288 0.0544
261 0.2512 0.1252 0.5073 0.0645 0.0518
262 0.2524 0.1068 0.2465 0.2389 0.1554
263 0.1843 0.1227 0.0986 0.1050 0.4893
264 0.3552 0.0934 0.2810 0.2008 0.0694
265 0.1019 0.1192 0.2727 0.4360 0.0701
266 0.1620 0.5356 0.1131 0.1418 0.0475
267 0.0956 0.5903 0.1639 0.0705 0.0799
268 0.2040 0.1287 0.2024 0.4121 0.0528
269 0.0354 0.2153 0.4631 0.2440 0.0421
270 0.4546 0.2434 0.2164 0.0708 0.0146
271 0.3936 0.1163 0.2482 0.1371 0.1050
272 0.2014 0.3049 0.2030 0.1375 0.1533
273 0.1895 0.0754 0.4011 0.2632 0.0708
274 0.2944 0.0824 0.2832 0.3015 0.0383
275 0.2620 0.2600 0.2922 0.1327 0.0532
276 0.2812 0.2295 0.1858 0.1191 0.1844
277 0.2263 0.1044 0.1906 0.4536 0.0250
278 0.1223 0.0771 0.4043 0.1185 0.2778
279 0.3835 0.2576 0.2069 0.1099 0.0424
280 0.1481 0.0646 0.3579 0.4055 0.0240
281 0.0932 0.1912 0.6079 0.0635 0.0444
282 0.0919 0.2402 0.2517 0.3232 0.0927
283 0.0681 0.2571 0.2269 0.3860 0.0620
284 0.1946 0.1359 0.3235 0.2854 0.0608
285 0.4102 0.1384 0.2393 0.1364 0.0759
286 0.3413 0.2477 0.3230 0.0389 0.0492
287 0.2014 0.2247 0.1709 0.3000 0.1029
288 0.5684 0.1027 0.1641 0.0260 0.1393
289 0.1748 0.1383 0.2316 0.1846 0.2708
290 0.0649 0.0457 0.1724 0.6108 0.1061
291 0.0839 0.1722 0.1567 0.4067 0.1804
292 0.2883 0.2408 0.1967 0.1531 0.1211
