time exciting_prob fearful_prob tense_prob sad_prob relaxing_prob
0 0.2037 0.2830 0.2496 0.2310 0.0327
1 0.0896 0.0984 0.0676 0.7163 0.0282
2 0.0681 0.0659 0.3564 0.4871 0.0224
3 0.6592 0.0445 0.0769 0.1692 0.0504
4 0.0442 0.1876 0.5825 0.1520 0.0339
5 0.0414 0.1913 0.4587 0.2595 0.0491
6 0.1216 0.4924 0.2676 0.1048 0.0135
7 0.1411 0.3716 0.3105 0.0911 0.0856
8 0.0145 0.0300 0.5522 0.0177 0.3855
9 0.0927 0.2312 0.4458 0.2241 0.0062
10 0.2424 0.0496 0.0129 0.6289 0.0663
11 0.1532 0.3118 0.2817 0.0951 0.1581
12 0.0260 0.1891 0.6201 0.1340 0.0309
13 0.0071 0.1641 0.7471 0.0806 0.0012
14 0.0156 0.4431 0.4294 0.1103 0.0016
15 0.0623 0.2971 0.5552 0.0663 0.0189
16 0.1694 0.4902 0.2524 0.0572 0.0309
17 0.1798 0.2988 0.3958 0.0817 0.0441
18 0.1180 0.1588 0.2404 0.3337 0.1492
19 0.0247 0.1388 0.2939 0.4016 0.1410
20 0.0348 0.3352 0.3682 0.1780 0.0840
21 0.2263 0.3069 0.2159 0.1982 0.0525
22 0.0431 0.2072 0.6284 0.0780 0.0434
23 0.0453 0.2079 0.1710 0.5605 0.0153
24 0.0148 0.2410 0.3618 0.3618 0.0206
25 0.0548 0.4114 0.4700 0.0540 0.0098
26 0.0217 0.4136 0.4688 0.0945 0.0015
27 0.0640 0.1418 0.4912 0.2981 0.0049
28 0.2825 0.1610 0.2532 0.2593 0.0440
29 0.3267 0.1847 0.2646 0.2109 0.0129
30 0.0414 0.6030 0.1648 0.1754 0.0156
31 0.0125 0.4478 0.4014 0.1344 0.0041
32 0.0797 0.1150 0.1511 0.6465 0.0080
33 0.1735 0.2817 0.3911 0.1383 0.0155
34 0.2527 0.2179 0.3220 0.1710 0.0361
35 0.0781 0.2520 0.2703 0.3843 0.0155
36 0.0856 0.0325 0.1885 0.6680 0.0253
37 0.3193 0.2449 0.3025 0.1061 0.0273
38 0.1148 0.1509 0.5605 0.1632 0.0104
39 0.0290 0.1094 0.4712 0.3848 0.0057
40 0.1021 0.0307 0.1835 0.6763 0.0073
41 0.0356 0.0078 0.0814 0.8687 0.0067
42 0.4688 0.1096 0.0397 0.2285 0.1534
43 0.1782 0.3435 0.1810 0.2306 0.0666
44 0.1940 0.0382 0.0725 0.6826 0.0129
45 0.1337 0.2852 0.2363 0.3230 0.0220
46 0.1614 0.2347 0.1227 0.4597 0.0215
47 0.4553 0.1207 0.1675 0.2185 0.0380
48 0.5542 0.1991 0.0562 0.1316 0.0589
49 0.2246 0.1847 0.3760 0.2013 0.0134
50 0.2223 0.3015 0.2947 0.1528 0.0287
51 0.2113 0.3826 0.1685 0.0610 0.1765
52 0.1240 0.3618 0.3093 0.1763 0.0285
53 0.1621 0.0201 0.1030 0.7095 0.0054
54 0.0496 0.2140 0.4673 0.2664 0.0029
55 0.1025 0.4851 0.1991 0.1899 0.0236
56 0.0687 0.5273 0.3076 0.0828 0.0132
57 0.1033 0.3181 0.3928 0.1770 0.0090
58 0.1398 0.2781 0.4768 0.0597 0.0457
59 0.2427 0.4097 0.2729 0.0309 0.0439
60 0.1125 0.3413 0.3928 0.1041 0.0492
61 0.2395 0.3274 0.2610 0.1097 0.0625
62 0.1104 0.1697 0.1096 0.5649 0.0453
63 0.1455 0.1198 0.0904 0.6323 0.0120
64 0.0934 0.0553 0.2222 0.5415 0.0877
65 0.1698 0.2588 0.3567 0.1487 0.0660
66 0.1136 0.1719 0.1228 0.5767 0.0150
67 0.0888 0.1547 0.3457 0.3623 0.0486
68 0.0755 0.1324 0.1410 0.6421 0.0090
69 0.3706 0.1251 0.4333 0.0403 0.0307
70 0.1991 0.3362 0.1799 0.2440 0.0408
71 0.0118 0.2158 0.3450 0.4160 0.0114
72 0.0827 0.0422 0.3564 0.4578 0.0610
73 0.0837 0.4817 0.1744 0.2384 0.0218
74 0.0470 0.1227 0.3389 0.4561 0.0352
75 0.0955 0.4624 0.4050 0.0310 0.0061
76 0.0440 0.1971 0.1398 0.5659 0.0531
77 0.0497 0.0449 0.1860 0.6909 0.0283
78 0.1515 0.2120 0.1515 0.2810 0.2040
79 0.1262 0.3076 0.1407 0.3796 0.0457
80 0.2192 0.3909 0.1460 0.2334 0.0105
81 0.1100 0.0884 0.0745 0.7119 0.0152
82 0.1854 0.3774 0.3228 0.0977 0.0167
83 0.0997 0.4231 0.2373 0.1281 0.1121
84 0.3416 0.2700 0.2517 0.1010 0.0357
85 0.1140 0.1343 0.6816 0.0615 0.0087
86 0.1126 0.1144 0.2421 0.4316 0.0994
87 0.1438 0.1372 0.3242 0.2708 0.1240
88 0.4775 0.2345 0.0738 0.1025 0.1116
89 0.2228 0.3191 0.2524 0.1270 0.0788
90 0.0737 0.2573 0.5405 0.1124 0.0158
91 0.0792 0.2659 0.3335 0.1025 0.2188
92 0.0540 0.1024 0.4482 0.3491 0.0462
93 0.1208 0.1504 0.2766 0.3723 0.0799
94 0.2444 0.1733 0.2058 0.3447 0.0318
95 0.4211 0.1456 0.3306 0.0836 0.0190
96 0.2139 0.1665 0.3015 0.3110 0.0069
97 0.2200 0.1177 0.2551 0.1957 0.2115
98 0.1112 0.2030 0.3022 0.1104 0.2732
99 0.0429 0.1129 0.3618 0.2729 0.2094
100 0.2083 0.3381 0.1957 0.2512 0.0066
101 0.3606 0.2944 0.0877 0.2499 0.0073
102 0.0760 0.1141 0.2781 0.4658 0.0660
103 0.1487 0.2250 0.3826 0.2064 0.0373
104 0.1064 0.0515 0.1443 0.6572 0.0407
105 0.0919 0.0891 0.4351 0.3284 0.0553
106 0.2654 0.1726 0.1956 0.3149 0.0514
107 0.0668 0.3040 0.4155 0.1787 0.0352
108 0.0497 0.0321 0.1094 0.7900 0.0189
109 0.0870 0.0694 0.3062 0.4968 0.0408
110 0.1946 0.4153 0.1390 0.2422 0.0089
111 0.1688 0.0798 0.3835 0.3281 0.0398
112 0.1322 0.1835 0.3025 0.3679 0.0139
113 0.1072 0.3770 0.2251 0.2695 0.0211
114 0.0366 0.3474 0.3315 0.2793 0.0052
115 0.5342 0.0900 0.2445 0.0995 0.0318
116 0.3821 0.0311 0.0789 0.1862 0.3218
117 0.1118 0.1482 0.2769 0.4424 0.0208
118 0.1019 0.5015 0.1919 0.1693 0.0352
119 0.0743 0.0483 0.2150 0.6416 0.0206
120 0.1348 0.1855 0.1515 0.5083 0.0197
121 0.0359 0.2432 0.1807 0.5312 0.0091
122 0.1289 0.1543 0.1592 0.5103 0.0475
123 0.0912 0.1218 0.6582 0.1058 0.0231
124 0.0282 0.7515 0.1207 0.0919 0.0079
125 0.1848 0.1332 0.4165 0.1203 0.1451
126 0.0775 0.5249 0.1199 0.2681 0.0094
127 0.0654 0.1343 0.6611 0.0821 0.0573
128 0.0370 0.2734 0.4802 0.1030 0.1063
129 0.0735 0.0685 0.6450 0.1373 0.0753
130 0.0223 0.3896 0.3181 0.2637 0.0063
131 0.3425 0.2062 0.1484 0.1952 0.1078
132 0.1200 0.3445 0.1482 0.3726 0.0146
133 0.0923 0.3857 0.3799 0.1262 0.0157
134 0.0392 0.0452 0.2258 0.6851 0.0049
135 0.4321 0.1414 0.1719 0.2057 0.0489
136 0.0547 0.2166 0.3682 0.3459 0.0145
137 0.0214 0.1952 0.3425 0.4263 0.0145
138 0.0046 0.0485 0.0751 0.8076 0.0643
139 0.2668 0.3428 0.2162 0.0916 0.0827
140 0.0312 0.1254 0.0931 0.6777 0.0726
141 0.1473 0.1805 0.3975 0.1395 0.1353
142 0.0301 0.1516 0.0711 0.6689 0.0781
143 0.0554 0.0712 0.2075 0.6494 0.0165
144 0.2576 0.3257 0.0843 0.2153 0.1171
145 0.1914 0.3157 0.0363 0.0352 0.4214
146 0.0981 0.0412 0.2544 0.2092 0.3970
147 0.0363 0.1246 0.3662 0.1236 0.3494
148 0.3765 0.3025 0.0497 0.1710 0.1005
149 0.4045 0.3076 0.1302 0.1500 0.0075
150 0.0559 0.0387 0.1862 0.6704 0.0486
151 0.0462 0.1328 0.2725 0.5293 0.0193
152 0.1069 0.3020 0.5557 0.0219 0.0137
153 0.0827 0.3271 0.4797 0.0930 0.0172
154 0.0191 0.2108 0.2971 0.3369 0.1361
155 0.0149 0.1268 0.6294 0.0950 0.1340
156 0.0899 0.0580 0.1903 0.6338 0.0278
157 0.0700 0.0598 0.0844 0.7642 0.0215
158 0.3235 0.1459 0.4089 0.0805 0.0411
159 0.3066 0.0558 0.1616 0.3613 0.1146
160 0.1110 0.3611 0.1298 0.3904 0.0079
161 0.2499 0.2385 0.2922 0.1731 0.0462
162 0.3386 0.1255 0.1611 0.2291 0.1456
163 0.0606 0.5571 0.1431 0.1039 0.1355
164 0.0755 0.0849 0.6030 0.2184 0.0181
165 0.0564 0.2930 0.5308 0.1053 0.0148
166 0.2338 0.1332 0.2754 0.2690 0.0887
167 0.0202 0.1049 0.0503 0.1411 0.6836
168 0.0287 0.2747 0.0851 0.0652 0.5464
169 0.1060 0.2026 0.3237 0.3474 0.0204
170 0.0674 0.4646 0.3733 0.0538 0.0406
171 0.0621 0.2803 0.1741 0.1454 0.3381
172 0.0613 0.5723 0.2405 0.1228 0.0030
173 0.0975 0.6211 0.1879 0.0861 0.0075
174 0.2032 0.1865 0.1924 0.2081 0.2097
175 0.1316 0.0672 0.3721 0.4214 0.0077
176 0.1731 0.1588 0.3525 0.2898 0.0257
177 0.0600 0.4680 0.3589 0.1020 0.0113
178 0.0682 0.5488 0.2271 0.1489 0.0072
179 0.1384 0.1343 0.2932 0.3677 0.0665
180 0.3611 0.3064 0.2074 0.1145 0.0107
181 0.2484 0.2279 0.1404 0.3586 0.0248
182 0.1705 0.4287 0.2173 0.1774 0.0061
183 0.1179 0.2515 0.3330 0.2939 0.0036
184 0.0913 0.1257 0.1719 0.5908 0.0204
185 0.2191 0.3140 0.2622 0.1888 0.0159
186 0.2308 0.1501 0.3333 0.2698 0.0161
187 0.4685 0.1148 0.1029 0.2374 0.0765
188 0.0593 0.0786 0.2222 0.6377 0.0020
189 0.2075 0.6055 0.1077 0.0628 0.0166
190 0.2976 0.1777 0.3220 0.1923 0.0103
191 0.0772 0.4995 0.3625 0.0394 0.0213
192 0.3127 0.2271 0.3572 0.0992 0.0037
193 0.1172 0.3726 0.2900 0.2123 0.0080
194 0.1742 0.0939 0.2020 0.5039 0.0259
195 0.1709 0.1069 0.2976 0.4131 0.0117
196 0.0565 0.2869 0.4375 0.2167 0.0023
197 0.1699 0.1283 0.4548 0.2323 0.0148
198 0.0597 0.0510 0.0984 0.7861 0.0049
199 0.1638 0.3838 0.0580 0.3413 0.0532
200 0.1866 0.2891 0.1398 0.3354 0.0491
201 0.1554 0.3396 0.2389 0.2427 0.0235
202 0.1642 0.5386 0.1060 0.0384 0.1531
203 0.6968 0.1655 0.0633 0.0422 0.0321
204 0.1650 0.3691 0.3838 0.0657 0.0163
205 0.1366 0.2067 0.3953 0.2473 0.0142
206 0.4578 0.2197 0.1510 0.1396 0.0319
207 0.1613 0.2598 0.4282 0.1401 0.0104
208 0.2168 0.4246 0.2698 0.0579 0.0310
209 0.0750 0.1899 0.5806 0.1456 0.0087
210 0.0726 0.1356 0.3630 0.3687 0.0602
211 0.1069 0.0285 0.1331 0.7192 0.0121
212 0.0598 0.1785 0.0739 0.6792 0.0088
213 0.2578 0.0481 0.2072 0.4089 0.0780
214 0.3545 0.0903 0.1769 0.2676 0.1107
215 0.2145 0.0321 0.1497 0.5605 0.0432
216 0.1927 0.0875 0.2847 0.3743 0.0606
217 0.2881 0.1174 0.3240 0.1531 0.1174
218 0.1658 0.0600 0.3220 0.3945 0.0577
219 0.0555 0.2469 0.3650 0.2754 0.0573
220 0.0526 0.0620 0.6875 0.1821 0.0159
221 0.1355 0.2891 0.4729 0.0991 0.0034
222 0.2489 0.3708 0.2776 0.0945 0.0082
223 0.1255 0.1884 0.4700 0.1840 0.0322
224 0.2163 0.1376 0.3979 0.2214 0.0267
225 0.2705 0.4158 0.2463 0.0160 0.0512
226 0.1481 0.0355 0.2559 0.4563 0.1042
227 0.1448 0.3313 0.2405 0.2073 0.0762
228 0.3491 0.2400 0.2438 0.1207 0.0465
229 0.0695 0.4673 0.3582 0.0580 0.0470
230 0.0542 0.0967 0.5146 0.3025 0.0319
231 0.1047 0.1477 0.2891 0.3486 0.1097
232 0.2690 0.3169 0.2527 0.0534 0.1078
233 0.2389 0.0186 0.3315 0.3818 0.0292
234 0.1842 0.0227 0.2040 0.5049 0.0844
235 0.0659 0.0930 0.5269 0.2820 0.0326
236 0.0986 0.1479 0.4119 0.3257 0.0160
237 0.0469 0.1886 0.3523 0.4055 0.0065
238 0.0608 0.2903 0.5771 0.0618 0.0099
239 0.0235 0.3140 0.5508 0.1027 0.0091
240 0.1346 0.5005 0.3386 0.0227 0.0035
241 0.1600 0.2703 0.3992 0.1447 0.0259
242 0.0845 0.4749 0.3669 0.0554 0.0184
243 0.2152 0.3081 0.3865 0.0553 0.0349
244 0.0836 0.5845 0.2085 0.1197 0.0036
245 0.0867 0.2302 0.5352 0.1429 0.0049
246 0.2357 0.1620 0.3430 0.2412 0.0182
247 0.0744 0.1975 0.4814 0.2383 0.0084
248 0.1282 0.2671 0.2822 0.2146 0.1079
249 0.2732 0.2712 0.2607 0.0959 0.0989
250 0.1738 0.2935 0.4170 0.0475 0.0681
251 0.0047 0.2133 0.5708 0.2067 0.0046
252 0.0126 0.1603 0.2993 0.5171 0.0105
253 0.0417 0.2673 0.5317 0.1454 0.0136
254 0.2271 0.3774 0.3252 0.0351 0.0351
255 0.1979 0.2295 0.4934 0.0445 0.0346
256 0.0344 0.1732 0.1136 0.6235 0.0554
257 0.2208 0.1127 0.1238 0.4602 0.0825
258 0.2208 0.1127 0.1238 0.4602 0.0825
