time exciting_prob fearful_prob tense_prob sad_prob relaxing_prob
0 0.2037 0.2830 0.2496 0.2310 0.0327
1 0.1345 0.0616 0.0883 0.6831 0.0325
2 0.0739 0.1075 0.6094 0.1801 0.0294
3 0.0550 0.1182 0.5054 0.3066 0.0146
4 0.0476 0.1125 0.5122 0.3206 0.0071
5 0.0687 0.0324 0.5933 0.2891 0.0168
6 0.0739 0.1237 0.3750 0.4182 0.0093
7 0.0694 0.2103 0.4668 0.2422 0.0114
8 0.1193 0.0629 0.5967 0.2128 0.0084
9 0.0543 0.2610 0.4800 0.1940 0.0106
10 0.2347 0.1976 0.2810 0.2810 0.0058
11 0.3125 0.1686 0.0953 0.3328 0.0909
12 0.2118 0.2720 0.1455 0.3384 0.0325
13 0.0304 0.3999 0.3420 0.2012 0.0264
14 0.0484 0.0631 0.7339 0.1538 0.0009
15 0.1180 0.1515 0.3931 0.3157 0.0218
16 0.0448 0.4382 0.3806 0.1316 0.0047
17 0.1442 0.2340 0.4106 0.2065 0.0046
18 0.1290 0.2079 0.3945 0.2607 0.0078
19 0.5010 0.3901 0.0270 0.0306 0.0512
20 0.1846 0.3213 0.0942 0.3474 0.0525
21 0.0150 0.7393 0.1958 0.0417 0.0085
22 0.0415 0.0477 0.8730 0.0378 0.0002
23 0.0934 0.1718 0.2578 0.4597 0.0172
24 0.0139 0.5288 0.4453 0.0114 0.0004
25 0.2900 0.1136 0.2747 0.3137 0.0078
26 0.0224 0.6665 0.1765 0.1213 0.0134
27 0.0253 0.0677 0.7754 0.1285 0.0029
28 0.0568 0.3533 0.2211 0.3533 0.0159
29 0.1306 0.1002 0.5586 0.1901 0.0205
30 0.0987 0.1278 0.4822 0.2878 0.0035
31 0.0328 0.2625 0.1694 0.5059 0.0294
32 0.0858 0.0554 0.1965 0.6440 0.0180
33 0.0494 0.1301 0.5835 0.2321 0.0050
34 0.0643 0.0184 0.6704 0.2466 0.0004
35 0.0144 0.7378 0.2358 0.0108 0.0011
36 0.0302 0.2568 0.1766 0.5029 0.0332
37 0.0714 0.0279 0.5703 0.3301 0.0006
38 0.0287 0.3638 0.2788 0.3259 0.0026
39 0.0287 0.2988 0.6426 0.0287 0.0015
40 0.0215 0.2751 0.6807 0.0217 0.0007
41 0.0147 0.4426 0.5176 0.0248 0.0005
42 0.0294 0.3037 0.5005 0.1650 0.0014
43 0.0296 0.1600 0.7876 0.0173 0.0054
44 0.0400 0.1214 0.8042 0.0337 0.0006
45 0.0715 0.1550 0.7280 0.0424 0.0028
46 0.1523 0.4272 0.3225 0.0968 0.0012
47 0.1710 0.5186 0.2112 0.0974 0.0019
48 0.0873 0.2061 0.6973 0.0076 0.0018
49 0.0598 0.3606 0.4419 0.1359 0.0019
50 0.0648 0.1128 0.7471 0.0717 0.0034
51 0.0693 0.1899 0.6631 0.0744 0.0033
52 0.0723 0.2075 0.6294 0.0879 0.0028
53 0.0120 0.2158 0.5776 0.1935 0.0013
54 0.0463 0.2091 0.4788 0.2644 0.0013
55 0.0439 0.2192 0.5020 0.2334 0.0015
56 0.0213 0.3748 0.4888 0.1143 0.0010
57 0.0462 0.2698 0.6372 0.0430 0.0037
58 0.0531 0.1143 0.7568 0.0704 0.0056
59 0.0191 0.6289 0.1566 0.1859 0.0092
60 0.2549 0.0923 0.1429 0.4402 0.0696
61 0.0732 0.0480 0.1001 0.7632 0.0156
62 0.1160 0.3057 0.2036 0.3574 0.0171
63 0.0550 0.0838 0.0906 0.4392 0.3315
64 0.0176 0.5820 0.2793 0.1128 0.0085
65 0.0097 0.4016 0.3228 0.2554 0.0106
66 0.0077 0.4385 0.4055 0.1379 0.0103
67 0.0532 0.1885 0.0227 0.1082 0.6274
68 0.0433 0.1124 0.0465 0.2532 0.5444
69 0.0616 0.2118 0.0472 0.5625 0.1169
70 0.0276 0.4629 0.1650 0.3181 0.0263
71 0.0178 0.4636 0.2057 0.2561 0.0567
72 0.0195 0.5430 0.1461 0.2371 0.0546
73 0.0395 0.3721 0.1246 0.2766 0.1871
74 0.0475 0.4617 0.2081 0.2491 0.0334
75 0.0353 0.5884 0.1970 0.1534 0.0258
76 0.0542 0.3323 0.1594 0.2430 0.2112
77 0.0811 0.1576 0.1652 0.4634 0.1327
78 0.0143 0.4092 0.3088 0.2600 0.0078
79 0.0134 0.4482 0.3384 0.1812 0.0188
80 0.1542 0.2279 0.1542 0.4258 0.0378
81 0.0897 0.2942 0.1990 0.3718 0.0454
82 0.1395 0.0426 0.0207 0.0659 0.7314
83 0.0313 0.5132 0.3936 0.0594 0.0023
84 0.0692 0.2358 0.0687 0.3652 0.2610
85 0.0480 0.1245 0.5757 0.2151 0.0368
86 0.0667 0.3013 0.0398 0.2203 0.3718
87 0.0370 0.2076 0.3372 0.4004 0.0179
88 0.4331 0.0067 0.0493 0.4683 0.0425
89 0.0112 0.0640 0.3247 0.5972 0.0029
90 0.2426 0.1788 0.0701 0.2314 0.2771
91 0.2161 0.2078 0.1112 0.0353 0.4297
92 0.0451 0.4590 0.2382 0.1798 0.0779
93 0.2307 0.1294 0.4380 0.1422 0.0597
94 0.1716 0.4775 0.2830 0.0166 0.0511
95 0.1520 0.4363 0.1484 0.2318 0.0314
96 0.1337 0.2659 0.2458 0.3308 0.0240
97 0.1089 0.6221 0.1727 0.0848 0.0113
98 0.0631 0.3105 0.3989 0.1637 0.0636
99 0.1146 0.1874 0.1382 0.4426 0.1172
100 0.0410 0.7163 0.1869 0.0476 0.0083
101 0.2727 0.1641 0.2426 0.0800 0.2406
102 0.3120 0.1764 0.1952 0.0347 0.2817
103 0.1727 0.3833 0.2051 0.1548 0.0842
104 0.0367 0.4719 0.3914 0.0746 0.0254
105 0.0941 0.3870 0.1327 0.2578 0.1285
106 0.0922 0.3347 0.2732 0.2646 0.0353
107 0.3547 0.1561 0.0480 0.3105 0.1305
108 0.0569 0.3052 0.3979 0.1442 0.0960
109 0.1791 0.1130 0.3169 0.3853 0.0059
110 0.0714 0.2844 0.3887 0.2471 0.0085
111 0.0464 0.0439 0.3948 0.5068 0.0078
112 0.1216 0.3057 0.5117 0.0487 0.0121
113 0.1137 0.0845 0.1733 0.6245 0.0041
114 0.1018 0.0745 0.1719 0.5459 0.1058
115 0.2052 0.2634 0.0606 0.1324 0.3384
116 0.2812 0.1732 0.2190 0.2520 0.0745
117 0.1949 0.1191 0.0489 0.2522 0.3848
118 0.1425 0.4387 0.2277 0.1602 0.0311
119 0.1232 0.0670 0.4370 0.0771 0.2957
120 0.0514 0.4045 0.1313 0.3569 0.0556
121 0.2637 0.4966 0.2070 0.0274 0.0054
122 0.1131 0.0790 0.2844 0.5068 0.0168
123 0.3220 0.3169 0.2355 0.1130 0.0126
124 0.1261 0.0514 0.1185 0.6064 0.0975
125 0.3538 0.1849 0.2338 0.2179 0.0097
126 0.1102 0.6489 0.1802 0.0580 0.0027
127 0.2034 0.4045 0.2737 0.1106 0.0077
128 0.1345 0.3411 0.1082 0.3716 0.0447
129 0.1370 0.2810 0.4351 0.1247 0.0224
130 0.0692 0.2341 0.5532 0.1334 0.0102
131 0.1989 0.3984 0.2235 0.0487 0.1304
132 0.2164 0.1333 0.0736 0.5312 0.0453
133 0.1462 0.3535 0.2646 0.1833 0.0521
134 0.0916 0.3096 0.1281 0.4436 0.0273
135 0.2037 0.2830 0.2496 0.2310 0.0327
136 0.1340 0.2666 0.3533 0.2354 0.0107
137 0.0110 0.1918 0.2539 0.5376 0.0055
138 0.0191 0.3931 0.4316 0.1515 0.0048
139 0.0078 0.5156 0.3894 0.0855 0.0014
140 0.0110 0.5151 0.2286 0.2433 0.0019
141 0.0374 0.1477 0.2676 0.5078 0.0398
142 0.0877 0.6279 0.2008 0.0662 0.0171
143 0.0256 0.5176 0.3137 0.1371 0.0061
144 0.0174 0.5464 0.3875 0.0456 0.0034
145 0.0695 0.6646 0.1681 0.0872 0.0107
146 0.0098 0.3918 0.4170 0.1766 0.0048
147 0.0095 0.6841 0.2327 0.0710 0.0029
148 0.0073 0.2471 0.6211 0.1223 0.0023
149 0.0143 0.3550 0.2478 0.3718 0.0111
150 0.0213 0.4490 0.3552 0.1626 0.0119
151 0.0331 0.4976 0.3042 0.1577 0.0076
152 0.0180 0.2487 0.6060 0.1271 0.0003
153 0.0342 0.3350 0.0916 0.5029 0.0364
154 0.0302 0.3379 0.1132 0.4766 0.0423
155 0.0367 0.2078 0.6602 0.0951 0.0003
156 0.0343 0.2517 0.6631 0.0504 0.0004
157 0.0470 0.0729 0.1460 0.7300 0.0041
158 0.0531 0.1187 0.1115 0.7104 0.0062
159 0.1678 0.0972 0.1627 0.5010 0.0711
160 0.1209 0.0668 0.0533 0.4092 0.3499
161 0.0944 0.6763 0.0997 0.1121 0.0175
162 0.1304 0.4443 0.2115 0.1912 0.0226
163 0.1029 0.1556 0.0680 0.1863 0.4871
164 0.4758 0.1848 0.1509 0.1428 0.0457
165 0.1781 0.3801 0.0861 0.0731 0.2825
166 0.1390 0.0744 0.0469 0.3899 0.3496
167 0.0837 0.2329 0.5010 0.1758 0.0069
168 0.1749 0.1833 0.3425 0.2839 0.0152
169 0.0850 0.3059 0.5806 0.0278 0.0007
170 0.0007 0.9766 0.0203 0.0023 0.0002
171 0.0045 0.8716 0.1180 0.0056 0.0004
172 0.2222 0.2966 0.0484 0.0607 0.3721
173 0.4536 0.1427 0.1394 0.1531 0.1111
174 0.0785 0.4048 0.1797 0.2656 0.0715
175 0.1249 0.4094 0.0935 0.2042 0.1680
176 0.1664 0.2722 0.0963 0.3386 0.1266
177 0.0148 0.0255 0.0920 0.8594 0.0082
178 0.1788 0.3845 0.1680 0.2483 0.0205
179 0.2151 0.4885 0.1294 0.1197 0.0472
180 0.1108 0.6035 0.2220 0.0424 0.0213
181 0.0500 0.2026 0.6543 0.0751 0.0181
182 0.0588 0.1526 0.7280 0.0579 0.0025
183 0.2448 0.1472 0.3093 0.0894 0.2094
184 0.2507 0.1521 0.3376 0.0482 0.2112
185 0.3372 0.4573 0.1241 0.0460 0.0353
186 0.2473 0.2512 0.3250 0.0597 0.1168
187 0.1410 0.3630 0.2739 0.0671 0.1549
188 0.2629 0.3945 0.1710 0.0241 0.1475
189 0.0235 0.3557 0.2522 0.3613 0.0072
190 0.1068 0.1268 0.0793 0.6440 0.0428
191 0.1094 0.0950 0.0347 0.7134 0.0478
192 0.3325 0.0454 0.0291 0.4475 0.1453
193 0.3425 0.4067 0.1791 0.0674 0.0042
194 0.1840 0.1090 0.4624 0.2380 0.0066
195 0.0763 0.1603 0.3394 0.4092 0.0150
196 0.1860 0.1361 0.1832 0.4604 0.0341
197 0.0463 0.1616 0.5298 0.2583 0.0040
198 0.0694 0.0891 0.2922 0.5376 0.0116
199 0.3662 0.0229 0.0211 0.4631 0.1266
200 0.3950 0.0522 0.0253 0.3174 0.2098
201 0.3088 0.0812 0.0299 0.2832 0.2969
202 0.0253 0.1168 0.6519 0.2019 0.0043
203 0.0435 0.1299 0.4326 0.3879 0.0061
204 0.4280 0.1389 0.0365 0.1116 0.2852
205 0.3247 0.1909 0.0356 0.0808 0.3679
206 0.0161 0.1660 0.7100 0.1072 0.0006
207 0.0124 0.3931 0.5459 0.0484 0.0004
208 0.1009 0.2764 0.2678 0.2222 0.1327
209 0.1094 0.3672 0.2228 0.1202 0.1804
210 0.0284 0.4043 0.4653 0.1006 0.0014
211 0.0200 0.2964 0.6475 0.0359 0.0003
212 0.0345 0.2078 0.5645 0.1921 0.0012
213 0.1743 0.0836 0.1255 0.3928 0.2238
214 0.0684 0.4604 0.3557 0.1094 0.0060
215 0.0612 0.2366 0.0352 0.3840 0.2832
216 0.5161 0.0330 0.0351 0.2595 0.1562
217 0.4688 0.0702 0.0160 0.1608 0.2842
218 0.5791 0.0526 0.0300 0.1283 0.2098
219 0.0305 0.3635 0.5205 0.0850 0.0005
220 0.2761 0.3804 0.1399 0.1284 0.0754
221 0.0406 0.2092 0.2605 0.4866 0.0034
222 0.4517 0.0635 0.0407 0.3743 0.0698
223 0.3933 0.0191 0.0197 0.3933 0.1746
224 0.0310 0.4380 0.4180 0.1125 0.0007
225 0.1481 0.3186 0.1801 0.3445 0.0089
226 0.2073 0.3015 0.3555 0.1238 0.0119
227 0.1661 0.1700 0.4883 0.1501 0.0253
228 0.1332 0.3401 0.3428 0.1779 0.0060
229 0.0619 0.2751 0.6401 0.0217 0.0013
230 0.0703 0.4548 0.2803 0.1941 0.0007
231 0.1681 0.2158 0.4258 0.1875 0.0028
232 0.2384 0.1915 0.2402 0.3259 0.0040
233 0.0421 0.3359 0.5991 0.0215 0.0013
234 0.4507 0.1271 0.2527 0.1292 0.0403
235 0.2356 0.1908 0.3428 0.2163 0.0144
236 0.1627 0.3259 0.3499 0.1414 0.0202
237 0.1177 0.3198 0.4954 0.0506 0.0163
238 0.1974 0.4177 0.2495 0.0761 0.0593
239 0.0901 0.4761 0.2842 0.1475 0.0021
240 0.1433 0.4211 0.3926 0.0354 0.0077
241 0.1079 0.4233 0.4368 0.0193 0.0126
242 0.0077 0.3191 0.6445 0.0288 0.0001
243 0.0153 0.0396 0.9146 0.0301 0.0004
244 0.0891 0.1208 0.7114 0.0744 0.0042
245 0.1096 0.1954 0.6411 0.0453 0.0087
246 0.0881 0.1272 0.6260 0.1510 0.0080
247 0.0262 0.6094 0.3418 0.0222 0.0006
248 0.1218 0.1614 0.5503 0.1653 0.0012
249 0.0667 0.2534 0.5713 0.1082 0.0005
250 0.0634 0.0827 0.6206 0.2319 0.0013
251 0.0403 0.2800 0.5566 0.1223 0.0007
252 0.0157 0.3499 0.5859 0.0481 0.0002
253 0.0263 0.3337 0.5674 0.0721 0.0002
254 0.0461 0.1659 0.6929 0.0945 0.0009
255 0.0473 0.2617 0.5127 0.1771 0.0012
256 0.0245 0.1083 0.7998 0.0667 0.0007
257 0.1034 0.3064 0.5010 0.0711 0.0180
258 0.1331 0.4431 0.1156 0.2688 0.0396
259 0.1499 0.2715 0.3484 0.1633 0.0670
260 0.0628 0.1904 0.4224 0.2949 0.0294
261 0.2317 0.1129 0.1156 0.2625 0.2773
262 0.1582 0.2886 0.2910 0.2546 0.0076
263 0.1948 0.1328 0.1136 0.1918 0.3669
264 0.0922 0.4719 0.1736 0.2161 0.0464
265 0.2212 0.4165 0.1709 0.1749 0.0167
266 0.1652 0.4055 0.2898 0.1317 0.0078
267 0.2727 0.0734 0.0679 0.3044 0.2815
268 0.0713 0.3025 0.3765 0.2179 0.0319
269 0.1060 0.1259 0.3877 0.3699 0.0107
270 0.1208 0.2991 0.4453 0.1199 0.0150
271 0.2418 0.4019 0.1611 0.1455 0.0495
272 0.1317 0.3696 0.2539 0.1067 0.1381
273 0.0845 0.4641 0.3789 0.0701 0.0025
274 0.0420 0.2595 0.4771 0.2185 0.0030
275 0.2742 0.0257 0.0184 0.4246 0.2573
276 0.0334 0.1259 0.6294 0.2108 0.0005
277 0.0238 0.1050 0.7764 0.0942 0.0008
278 0.0612 0.1516 0.3472 0.4387 0.0013
279 0.1168 0.1186 0.1698 0.5928 0.0020
280 0.1448 0.2244 0.3584 0.2705 0.0018
281 0.1427 0.1891 0.3020 0.3645 0.0018
282 0.0786 0.2556 0.5005 0.1625 0.0029
283 0.3757 0.2075 0.0806 0.2996 0.0366
284 0.2465 0.0921 0.1449 0.4534 0.0633
285 0.2037 0.2830 0.2496 0.2310 0.0327
