time exciting_prob fearful_prob tense_prob sad_prob relaxing_prob
0 0.3650 0.0475 0.0569 0.2112 0.3196
1 0.4634 0.0508 0.0694 0.0668 0.3499
2 0.3923 0.0583 0.0692 0.0754 0.4048
3 0.5044 0.0626 0.0511 0.0947 0.2874
4 0.3010 0.0810 0.1040 0.0897 0.4243
5 0.3818 0.0776 0.0966 0.0471 0.3970
6 0.5107 0.0719 0.2231 0.1194 0.0748
7 0.2163 0.3098 0.2032 0.0254 0.2451
8 0.2264 0.3733 0.1952 0.0288 0.1763
9 0.3096 0.3269 0.1593 0.0250 0.1792
10 0.2949 0.2426 0.2426 0.0399 0.1802
11 0.2534 0.2805 0.1586 0.0335 0.2739
12 0.1670 0.4099 0.2212 0.0297 0.1722
13 0.3230 0.2382 0.1467 0.0346 0.2576
14 0.3547 0.4053 0.1599 0.0184 0.0616
15 0.1716 0.2966 0.3577 0.0715 0.1025
16 0.2871 0.3804 0.2117 0.0461 0.0749
17 0.1954 0.3274 0.1464 0.0279 0.3027
18 0.2493 0.2288 0.4768 0.0124 0.0327
19 0.5864 0.0913 0.2664 0.0106 0.0456
20 0.3154 0.2438 0.2438 0.1346 0.0621
21 0.3201 0.2612 0.3076 0.0404 0.0709
22 0.5112 0.0903 0.2416 0.0620 0.0946
23 0.5835 0.0840 0.2844 0.0145 0.0334
24 0.5508 0.0819 0.2296 0.0717 0.0658
25 0.4141 0.0665 0.4548 0.0071 0.0574
26 0.2037 0.2102 0.2852 0.0515 0.2496
27 0.3962 0.1731 0.3608 0.0193 0.0504
28 0.7505 0.0687 0.1215 0.0100 0.0495
29 0.3032 0.3713 0.1388 0.0544 0.1324
30 0.5029 0.1149 0.2356 0.0834 0.0634
31 0.5039 0.2698 0.1755 0.0238 0.0267
32 0.6196 0.1240 0.2141 0.0179 0.0244
33 0.4507 0.1895 0.2756 0.0059 0.0783
34 0.1321 0.0199 0.7905 0.0020 0.0555
35 0.1159 0.0286 0.7212 0.0062 0.1283
36 0.3467 0.0448 0.4814 0.0024 0.1246
37 0.2283 0.1521 0.4648 0.0696 0.0853
38 0.1791 0.1130 0.6450 0.0228 0.0403
39 0.4773 0.0984 0.3254 0.0172 0.0817
40 0.5093 0.0673 0.2922 0.0751 0.0562
41 0.2512 0.0423 0.4341 0.0454 0.2269
42 0.8062 0.0662 0.1117 0.0077 0.0080
43 0.7100 0.0569 0.2148 0.0017 0.0163
44 0.5952 0.1163 0.1759 0.0608 0.0520
45 0.4028 0.1093 0.3611 0.0021 0.1248
46 0.3953 0.1597 0.1941 0.2269 0.0239
47 0.2222 0.0255 0.7397 0.0017 0.0106
48 0.5991 0.1217 0.1813 0.0257 0.0721
49 0.0076 0.0045 0.0184 0.0005 0.9688
50 0.5371 0.1066 0.2499 0.0165 0.0898
51 0.7305 0.0555 0.1383 0.0073 0.0685
52 0.3745 0.1335 0.4380 0.0195 0.0343
53 0.6006 0.0845 0.2771 0.0142 0.0238
54 0.4441 0.1376 0.3623 0.0078 0.0483
55 0.2310 0.4382 0.2119 0.0346 0.0843
56 0.3262 0.2090 0.3965 0.0090 0.0594
57 0.2216 0.0815 0.1431 0.3325 0.2216
58 0.2705 0.0418 0.3040 0.2925 0.0913
59 0.1532 0.1605 0.2094 0.3733 0.1036
60 0.4939 0.1449 0.2603 0.0537 0.0474
61 0.4744 0.1257 0.3694 0.0108 0.0196
62 0.5190 0.0453 0.1970 0.0778 0.1608
63 0.1903 0.0689 0.6802 0.0014 0.0594
64 0.5547 0.0899 0.2368 0.0571 0.0613
65 0.7949 0.0399 0.1210 0.0037 0.0405
66 0.7168 0.0792 0.1550 0.0098 0.0392
67 0.6587 0.0864 0.2122 0.0040 0.0389
68 0.6621 0.1356 0.1116 0.0651 0.0255
69 0.6582 0.0978 0.2153 0.0034 0.0255
70 0.5278 0.1782 0.1727 0.0123 0.1089
71 0.7607 0.0847 0.0945 0.0297 0.0302
72 0.6665 0.0457 0.2571 0.0052 0.0255
73 0.6274 0.0583 0.1649 0.1107 0.0386
74 0.2830 0.3333 0.1637 0.0430 0.1770
75 0.5405 0.2307 0.1714 0.0177 0.0398
76 0.7183 0.0554 0.1964 0.0018 0.0279
77 0.8057 0.0338 0.0940 0.0261 0.0404
78 0.6636 0.1731 0.0805 0.0177 0.0652
79 0.7852 0.0494 0.1292 0.0059 0.0302
80 0.1890 0.6147 0.1146 0.0135 0.0679
81 0.1765 0.6064 0.0930 0.0468 0.0771
82 0.6997 0.0282 0.1990 0.0080 0.0651
83 0.8296 0.0314 0.0953 0.0160 0.0279
84 0.3086 0.4319 0.1759 0.0536 0.0301
85 0.4243 0.0869 0.0939 0.0646 0.3303
86 0.0499 0.0191 0.1973 0.5366 0.1973
87 0.1086 0.7251 0.1005 0.0051 0.0605
88 0.7925 0.0731 0.0855 0.0099 0.0392
89 0.6963 0.1747 0.0872 0.0088 0.0328
90 0.1779 0.0356 0.2888 0.2507 0.2469
91 0.6880 0.0433 0.1713 0.0307 0.0665
92 0.4321 0.1844 0.3499 0.0021 0.0316
93 0.1242 0.0578 0.3767 0.2844 0.1570
94 0.7905 0.0707 0.0930 0.0115 0.0345
95 0.5571 0.0454 0.1633 0.1559 0.0784
96 0.7773 0.1279 0.0659 0.0066 0.0222
97 0.5288 0.0926 0.2517 0.1017 0.0251
98 0.5649 0.2047 0.0923 0.0284 0.1096
99 0.2002 0.0784 0.3354 0.0946 0.2913
100 0.6743 0.0642 0.1963 0.0285 0.0366
101 0.4104 0.1632 0.4072 0.0025 0.0167
102 0.8252 0.0244 0.0876 0.0090 0.0536
103 0.2795 0.3047 0.2668 0.0041 0.1450
104 0.4377 0.2456 0.2554 0.0037 0.0574
105 0.7007 0.0291 0.1842 0.0234 0.0627
106 0.6714 0.0730 0.2374 0.0018 0.0164
107 0.2808 0.2153 0.1625 0.2023 0.1390
108 0.7456 0.0637 0.1638 0.0018 0.0251
109 0.4131 0.1394 0.4004 0.0109 0.0364
110 0.5483 0.1407 0.2888 0.0074 0.0146
111 0.8066 0.0473 0.1126 0.0043 0.0292
112 0.6724 0.0709 0.1897 0.0029 0.0640
113 0.8369 0.0348 0.0773 0.0035 0.0472
114 0.8188 0.0473 0.1074 0.0051 0.0213
115 0.7798 0.0616 0.1243 0.0028 0.0314
116 0.3569 0.0539 0.4729 0.0083 0.1080
117 0.7559 0.0760 0.1334 0.0053 0.0293
118 0.7446 0.0651 0.1598 0.0020 0.0284
119 0.0434 0.0210 0.9136 0.0008 0.0210
120 0.8159 0.0596 0.0982 0.0027 0.0235
121 0.5225 0.0262 0.2078 0.0866 0.1569
122 0.6235 0.0986 0.2073 0.0084 0.0622
123 0.6191 0.1068 0.2261 0.0123 0.0358
124 0.6357 0.1292 0.1924 0.0059 0.0370
125 0.7515 0.0986 0.1180 0.0144 0.0177
126 0.4434 0.1053 0.3347 0.0361 0.0807
127 0.3887 0.2147 0.3679 0.0039 0.0247
128 0.6543 0.0950 0.1935 0.0244 0.0328
129 0.5874 0.0735 0.2908 0.0087 0.0394
130 0.5063 0.0334 0.4197 0.0187 0.0219
131 0.6689 0.0417 0.2072 0.0434 0.0389
132 0.5791 0.1672 0.2114 0.0072 0.0351
133 0.5293 0.2993 0.1459 0.0089 0.0165
134 0.7891 0.0623 0.0787 0.0089 0.0609
135 0.5688 0.1052 0.2708 0.0187 0.0364
136 0.7217 0.1016 0.1443 0.0069 0.0257
137 0.6743 0.1425 0.1459 0.0047 0.0325
138 0.5996 0.1277 0.2349 0.0071 0.0306
139 0.7231 0.0647 0.1576 0.0048 0.0500
140 0.7300 0.0541 0.2075 0.0035 0.0047
141 0.7739 0.0359 0.1098 0.0437 0.0365
142 0.8242 0.0507 0.1124 0.0056 0.0072
143 0.7900 0.0456 0.1013 0.0076 0.0555
144 0.6074 0.0731 0.3079 0.0020 0.0095
145 0.6489 0.1774 0.0717 0.0252 0.0769
146 0.8086 0.0634 0.1094 0.0045 0.0142
147 0.8159 0.0534 0.0742 0.0099 0.0464
148 0.1385 0.1407 0.2798 0.2979 0.1429
149 0.1625 0.0602 0.7568 0.0160 0.0044
150 0.6899 0.0986 0.1946 0.0038 0.0132
151 0.2793 0.1591 0.4712 0.0188 0.0717
152 0.8374 0.0365 0.0611 0.0325 0.0327
153 0.1464 0.0670 0.7788 0.0019 0.0057
154 0.1310 0.3733 0.4717 0.0082 0.0159
155 0.7163 0.0682 0.1769 0.0032 0.0356
156 0.6450 0.1290 0.1311 0.0284 0.0664
157 0.6528 0.0622 0.1600 0.0357 0.0891
158 0.6587 0.1414 0.1277 0.0099 0.0622
159 0.5928 0.1442 0.1660 0.0134 0.0834
160 0.6274 0.0955 0.2400 0.0108 0.0265
161 0.5034 0.0977 0.2676 0.0273 0.1039
162 0.5840 0.1283 0.2416 0.0078 0.0382
163 0.4448 0.1179 0.3306 0.0327 0.0738
164 0.5317 0.1141 0.1754 0.0698 0.1089
165 0.7524 0.0524 0.1436 0.0039 0.0477
166 0.7993 0.0876 0.0911 0.0051 0.0171
167 0.3152 0.0583 0.3860 0.1398 0.1007
168 0.0456 0.0070 0.9155 0.0006 0.0311
169 0.2363 0.0876 0.5537 0.0046 0.1179
170 0.7974 0.0262 0.1252 0.0218 0.0293
171 0.3291 0.1748 0.3423 0.1094 0.0442
172 0.2057 0.3162 0.3997 0.0187 0.0599
173 0.1659 0.0163 0.7793 0.0007 0.0379
174 0.7832 0.0757 0.1219 0.0106 0.0087
175 0.7896 0.0521 0.1183 0.0074 0.0326
176 0.3235 0.0858 0.4221 0.0034 0.1653
177 0.5127 0.0863 0.3750 0.0067 0.0194
178 0.6685 0.0978 0.1931 0.0135 0.0270
179 0.6924 0.0771 0.1301 0.0146 0.0860
180 0.5527 0.1030 0.1685 0.0307 0.1453
181 0.3267 0.0782 0.2859 0.0049 0.3044
182 0.3289 0.1530 0.3582 0.0763 0.0838
183 0.5596 0.1052 0.2815 0.0193 0.0344
184 0.7241 0.0390 0.1788 0.0313 0.0266
185 0.4558 0.0441 0.3386 0.1217 0.0398
186 0.5659 0.0416 0.3101 0.0167 0.0660
187 0.5488 0.0407 0.1454 0.1015 0.1635
188 0.2406 0.0481 0.6436 0.0217 0.0459
189 0.6685 0.0652 0.2292 0.0055 0.0315
190 0.6147 0.1146 0.1471 0.0210 0.1027
191 0.6909 0.0690 0.1288 0.0679 0.0435
192 0.7578 0.0366 0.1381 0.0025 0.0652
193 0.8862 0.0311 0.0589 0.0116 0.0121
194 0.6646 0.1146 0.1229 0.0250 0.0728
195 0.6548 0.0782 0.1721 0.0128 0.0820
196 0.6738 0.0301 0.2292 0.0245 0.0424
197 0.4824 0.1641 0.2124 0.0432 0.0980
198 0.6206 0.1556 0.1982 0.0041 0.0216
199 0.5630 0.0276 0.3259 0.0346 0.0488
200 0.4709 0.0668 0.3582 0.0516 0.0524
201 0.4451 0.0434 0.2419 0.1770 0.0926
202 0.4622 0.1477 0.3516 0.0143 0.0241
203 0.6865 0.0171 0.2229 0.0279 0.0456
204 0.5054 0.0349 0.4060 0.0111 0.0425
205 0.5132 0.0800 0.2600 0.0618 0.0851
206 0.6514 0.0640 0.2322 0.0081 0.0443
207 0.7188 0.0418 0.1591 0.0396 0.0409
208 0.7256 0.0471 0.2031 0.0041 0.0201
209 0.8359 0.0439 0.0834 0.0023 0.0345
210 0.5889 0.0779 0.1304 0.1089 0.0939
211 0.7378 0.0692 0.1499 0.0048 0.0382
212 0.5684 0.0701 0.2749 0.0202 0.0663
213 0.7075 0.0301 0.2158 0.0093 0.0369
214 0.4668 0.0469 0.4453 0.0136 0.0274
215 0.7188 0.0478 0.2059 0.0034 0.0240
216 0.5190 0.1583 0.2164 0.0681 0.0379
217 0.3745 0.3057 0.2739 0.0161 0.0298
218 0.6592 0.1995 0.0668 0.0102 0.0643
219 0.5562 0.0304 0.1593 0.1722 0.0820
220 0.3618 0.0513 0.2373 0.2908 0.0586
221 0.7500 0.0687 0.1443 0.0058 0.0310
222 0.6562 0.0615 0.2357 0.0038 0.0429
223 0.5215 0.0878 0.0684 0.0618 0.2603
224 0.2404 0.0594 0.1208 0.2188 0.3608
225 0.2529 0.0582 0.0809 0.1354 0.4727
226 0.2338 0.0724 0.1053 0.2374 0.3508
227 0.3799 0.0295 0.0273 0.5034 0.0601
228 0.1393 0.2445 0.2369 0.3342 0.0452
229 0.3733 0.1736 0.0887 0.2487 0.1157
230 0.4609 0.2078 0.0833 0.1240 0.1240
231 0.4609 0.2078 0.0833 0.1240 0.1240
232 0.5806 0.2203 0.0544 0.0612 0.0836
233 0.5532 0.2417 0.0548 0.0616 0.0889
