time exciting_prob fearful_prob tense_prob sad_prob relaxing_prob
0 0.2979 0.3765 0.0702 0.2047 0.0509
1 0.3040 0.3340 0.0768 0.2295 0.0558
2 0.0126 0.4751 0.4751 0.0306 0.0069
3 0.1581 0.1484 0.1532 0.4792 0.0609
4 0.1002 0.4119 0.0727 0.2991 0.1162
5 0.0509 0.2974 0.1340 0.0914 0.4260
6 0.0946 0.3225 0.1881 0.0379 0.3569
7 0.1008 0.5078 0.2573 0.0458 0.0883
8 0.0703 0.5747 0.2981 0.0342 0.0226
9 0.0952 0.5186 0.1670 0.0833 0.1362
10 0.1833 0.2732 0.1722 0.1791 0.1921
11 0.0576 0.0425 0.1566 0.5469 0.1965
12 0.0406 0.3093 0.2688 0.1997 0.1818
13 0.1228 0.0864 0.3696 0.1732 0.2480
14 0.1539 0.0594 0.2703 0.1639 0.3525
15 0.0858 0.0445 0.2314 0.1003 0.5381
16 0.0491 0.3384 0.4661 0.1031 0.0433
17 0.0789 0.3977 0.4299 0.0490 0.0443
18 0.1250 0.1997 0.2817 0.2688 0.1250
19 0.0715 0.3032 0.4734 0.0447 0.1073
20 0.0807 0.2487 0.3733 0.1581 0.1394
21 0.2356 0.1222 0.1222 0.4333 0.0867
22 0.0594 0.2059 0.4863 0.0638 0.1846
23 0.0551 0.2732 0.5967 0.0106 0.0644
24 0.0429 0.4099 0.3850 0.1450 0.0171
25 0.0508 0.3787 0.3787 0.1554 0.0363
26 0.1117 0.2439 0.5083 0.0856 0.0504
27 0.0784 0.2269 0.5977 0.0261 0.0709
28 0.1135 0.2155 0.1704 0.4421 0.0584
29 0.1644 0.4795 0.1104 0.1556 0.0901
30 0.1473 0.3145 0.2839 0.1722 0.0820
31 0.0738 0.1456 0.1914 0.5410 0.0484
32 0.1978 0.1075 0.1917 0.3782 0.1248
33 0.0765 0.0998 0.1407 0.5352 0.1475
34 0.0557 0.3604 0.4214 0.0527 0.1099
35 0.1572 0.1838 0.2361 0.1675 0.2554
36 0.0331 0.0695 0.0549 0.0031 0.8394
37 0.0795 0.1231 0.2585 0.3193 0.2195
38 0.1353 0.1096 0.5786 0.1375 0.0391
39 0.0618 0.1328 0.1732 0.3113 0.3210
40 0.0597 0.0910 0.0351 0.0640 0.7500
41 0.1111 0.2815 0.4031 0.1566 0.0478
42 0.1254 0.1243 0.0645 0.0592 0.6265
43 0.0394 0.2433 0.0676 0.0382 0.6118
44 0.0729 0.0820 0.0460 0.0908 0.7085
45 0.0597 0.1700 0.0779 0.1561 0.5361
46 0.2009 0.1317 0.2009 0.1719 0.2947
47 0.1682 0.1952 0.2487 0.1394 0.2487
48 0.1414 0.1318 0.1918 0.3904 0.1448
49 0.1860 0.3044 0.2091 0.0442 0.2563
50 0.1594 0.1644 0.2932 0.3120 0.0707
51 0.0791 0.1016 0.0574 0.0461 0.7158
52 0.1304 0.2133 0.1345 0.0220 0.4998
53 0.0635 0.0803 0.2100 0.6318 0.0144
54 0.1499 0.1940 0.3828 0.2415 0.0319
55 0.0491 0.0320 0.0743 0.8247 0.0199
56 0.1489 0.1444 0.2917 0.1675 0.2476
57 0.0643 0.1803 0.1011 0.4824 0.1720
58 0.1349 0.5635 0.1459 0.0603 0.0956
59 0.0511 0.1125 0.1099 0.4885 0.2380
60 0.0637 0.2969 0.4319 0.0850 0.1227
61 0.1035 0.3474 0.3728 0.0988 0.0775
62 0.1428 0.0735 0.3169 0.1545 0.3120
63 0.1343 0.0587 0.2430 0.2798 0.2842
64 0.1075 0.1083 0.4153 0.3208 0.0481
65 0.0618 0.0113 0.1068 0.7236 0.0964
66 0.0637 0.0234 0.1025 0.7754 0.0349
67 0.0536 0.2152 0.4851 0.1326 0.1135
68 0.0535 0.2915 0.5361 0.0269 0.0917
69 0.1251 0.4072 0.3945 0.0275 0.0457
70 0.1429 0.2394 0.3706 0.0391 0.2080
71 0.0740 0.2861 0.5181 0.0189 0.1028
72 0.0927 0.1042 0.1277 0.6289 0.0466
73 0.0375 0.1791 0.5020 0.2566 0.0248
74 0.0723 0.2583 0.5820 0.0485 0.0390
75 0.1472 0.2427 0.4094 0.0581 0.1426
76 0.1079 0.1969 0.6255 0.0486 0.0209
77 0.0476 0.2720 0.5078 0.0305 0.1421
78 0.0398 0.2783 0.5278 0.0548 0.0992
79 0.0129 0.2644 0.2408 0.4790 0.0030
80 0.0099 0.3787 0.2483 0.3613 0.0020
81 0.0994 0.2009 0.2106 0.4387 0.0504
82 0.0635 0.4583 0.2217 0.2018 0.0547
83 0.0803 0.1388 0.4922 0.1624 0.1263
84 0.0508 0.2172 0.4421 0.2744 0.0154
85 0.1841 0.1676 0.2720 0.2808 0.0955
86 0.1572 0.0220 0.0621 0.6724 0.0862
87 0.1238 0.1746 0.4321 0.1932 0.0763
88 0.0980 0.2010 0.6099 0.0740 0.0173
89 0.2104 0.3311 0.1025 0.1338 0.2223
90 0.0214 0.5400 0.1409 0.2612 0.0362
91 0.0471 0.3882 0.3823 0.1532 0.0292
92 0.1157 0.0342 0.1558 0.6455 0.0490
93 0.0840 0.1594 0.5830 0.1451 0.0281
94 0.0721 0.3608 0.5249 0.0217 0.0205
95 0.1471 0.0372 0.1219 0.6387 0.0550
96 0.0266 0.5903 0.0891 0.2832 0.0111
97 0.1838 0.2612 0.4548 0.0869 0.0132
98 0.0373 0.4197 0.2817 0.2566 0.0048
99 0.1131 0.2451 0.3887 0.1765 0.0765
100 0.1732 0.2295 0.1888 0.2947 0.1136
101 0.1846 0.1860 0.3140 0.0706 0.2446
102 0.0620 0.1377 0.3252 0.4692 0.0059
103 0.2268 0.1852 0.3352 0.1205 0.1323
104 0.0883 0.1990 0.4924 0.1216 0.0985
105 0.0082 0.0591 0.0638 0.8677 0.0013
106 0.0564 0.2197 0.1487 0.5698 0.0053
107 0.1114 0.1865 0.5522 0.0649 0.0847
108 0.0753 0.0309 0.1281 0.6709 0.0952
109 0.1498 0.0713 0.2449 0.4365 0.0974
110 0.1366 0.0709 0.2035 0.4307 0.1584
111 0.1416 0.1165 0.4329 0.1300 0.1791
112 0.0649 0.0275 0.2693 0.5791 0.0591
113 0.0960 0.0983 0.2017 0.5747 0.0293
114 0.0750 0.2576 0.4556 0.1562 0.0557
115 0.0686 0.2322 0.2891 0.2377 0.1725
116 0.0076 0.0728 0.0920 0.8013 0.0262
117 0.0343 0.2457 0.0566 0.5806 0.0829
118 0.0283 0.1505 0.1470 0.6387 0.0357
119 0.0474 0.1036 0.1427 0.0147 0.6914
120 0.2629 0.1750 0.3884 0.0262 0.1475
121 0.1962 0.2441 0.3552 0.1066 0.0978
122 0.0886 0.2428 0.2795 0.3267 0.0623
123 0.0942 0.3613 0.3936 0.0481 0.1027
124 0.0774 0.1002 0.7231 0.0699 0.0294
125 0.0856 0.3057 0.5000 0.0574 0.0511
126 0.0921 0.0879 0.1506 0.6343 0.0350
127 0.1018 0.2089 0.2057 0.2683 0.2155
128 0.1024 0.3601 0.1974 0.3057 0.0345
129 0.1281 0.1078 0.1418 0.3884 0.2338
130 0.1763 0.2466 0.4395 0.0595 0.0782
131 0.0940 0.0636 0.1207 0.2291 0.4927
132 0.0966 0.3477 0.4229 0.0201 0.1129
133 0.0663 0.3555 0.4934 0.0169 0.0679
134 0.1042 0.1947 0.1589 0.5171 0.0249
135 0.1351 0.1230 0.1906 0.4097 0.1416
136 0.1781 0.2305 0.2397 0.1881 0.1635
137 0.0842 0.3926 0.3687 0.1197 0.0349
138 0.1094 0.0085 0.1174 0.6968 0.0679
139 0.1240 0.2505 0.5386 0.0550 0.0319
140 0.0842 0.1234 0.2676 0.4143 0.1107
141 0.0555 0.2864 0.1670 0.4646 0.0266
142 0.0662 0.2439 0.2239 0.4053 0.0607
143 0.1050 0.2854 0.2500 0.3015 0.0580
144 0.1140 0.4270 0.1956 0.1595 0.1038
145 0.0807 0.3562 0.2505 0.2795 0.0331
146 0.0450 0.3347 0.1113 0.0922 0.4167
147 0.0229 0.3267 0.2142 0.0690 0.3672
148 0.0094 0.5264 0.2111 0.0807 0.1722
149 0.0303 0.2871 0.2004 0.0162 0.4661
150 0.0338 0.0607 0.0612 0.0566 0.7876
151 0.1100 0.3364 0.3135 0.1359 0.1042
152 0.1030 0.3376 0.2979 0.1685 0.0930
153 0.0822 0.1866 0.3599 0.2632 0.1080
154 0.1510 0.2469 0.4009 0.0789 0.1223
155 0.1547 0.2888 0.3767 0.0332 0.1464
156 0.1986 0.0999 0.4692 0.2234 0.0089
157 0.2566 0.0460 0.3296 0.3374 0.0306
158 0.0743 0.1812 0.5322 0.1389 0.0732
159 0.1582 0.2096 0.4951 0.0895 0.0475
160 0.0620 0.5708 0.3201 0.0137 0.0335
161 0.0700 0.2123 0.3040 0.0554 0.3584
162 0.0401 0.1294 0.1573 0.0263 0.6470
163 0.0266 0.5737 0.3398 0.0509 0.0089
164 0.0497 0.4163 0.4465 0.0595 0.0279
165 0.3215 0.0826 0.1260 0.3586 0.1111
166 0.0970 0.0817 0.4280 0.2764 0.1170
167 0.2222 0.1266 0.3838 0.1870 0.0804
168 0.0906 0.0871 0.6045 0.1414 0.0763
169 0.1736 0.1508 0.1763 0.4365 0.0629
170 0.1401 0.1190 0.2402 0.4595 0.0411
171 0.0856 0.2495 0.3130 0.2849 0.0671
172 0.1095 0.2230 0.3000 0.2301 0.1373
173 0.0495 0.1488 0.3889 0.3486 0.0640
174 0.0997 0.1395 0.3049 0.3096 0.1462
175 0.1074 0.2310 0.3867 0.1975 0.0773
176 0.0377 0.1255 0.1116 0.0086 0.7168
177 0.0465 0.1622 0.1283 0.4341 0.2288
178 0.0546 0.2407 0.2996 0.1681 0.2371
179 0.0847 0.3403 0.2588 0.2734 0.0426
180 0.1692 0.3186 0.4421 0.0369 0.0333
181 0.1144 0.3311 0.4817 0.0562 0.0169
182 0.0698 0.2590 0.4619 0.1477 0.0616
183 0.1279 0.3560 0.2729 0.2013 0.0419
184 0.1070 0.2527 0.2649 0.2954 0.0801
185 0.1465 0.1262 0.2305 0.3625 0.1344
186 0.1183 0.2883 0.4570 0.0463 0.0900
187 0.1174 0.3291 0.3909 0.0339 0.1289
188 0.1902 0.1627 0.3313 0.1371 0.1787
189 0.1091 0.4248 0.3308 0.0798 0.0553
190 0.1289 0.2175 0.2484 0.2371 0.1681
191 0.0333 0.1963 0.0679 0.0537 0.6489
192 0.0600 0.1509 0.3000 0.1271 0.3621
193 0.0564 0.1547 0.3123 0.0151 0.4617
194 0.0453 0.3452 0.4717 0.0309 0.1069
195 0.0458 0.3928 0.4666 0.0178 0.0768
196 0.0949 0.2349 0.4600 0.0806 0.1298
197 0.0875 0.1007 0.5444 0.1273 0.1399
198 0.0959 0.1736 0.3398 0.3047 0.0859
199 0.0782 0.1270 0.5601 0.1060 0.1289
200 0.0573 0.1086 0.3096 0.3914 0.1332
201 0.0800 0.3191 0.2142 0.2666 0.1202
202 0.1102 0.4395 0.3909 0.0384 0.0212
203 0.1266 0.5010 0.3015 0.0408 0.0303
204 0.1344 0.1699 0.4729 0.0302 0.1925
205 0.1731 0.1829 0.3286 0.0768 0.2385
206 0.0930 0.1793 0.5742 0.1194 0.0340
207 0.1289 0.2883 0.4902 0.0501 0.0425
208 0.0482 0.2159 0.2299 0.1920 0.3142
209 0.0644 0.0789 0.1166 0.5649 0.1750
210 0.1755 0.2986 0.2362 0.0499 0.2399
211 0.0496 0.3691 0.2920 0.0469 0.2422
212 0.0281 0.1438 0.8018 0.0199 0.0064
213 0.0419 0.0922 0.3267 0.1165 0.4229
214 0.1615 0.2993 0.3340 0.1200 0.0851
215 0.0347 0.1448 0.7354 0.0740 0.0111
216 0.0399 0.2156 0.1801 0.0594 0.5049
217 0.0755 0.2654 0.3032 0.0430 0.3127
218 0.1108 0.2119 0.0919 0.4890 0.0963
219 0.0766 0.3008 0.3860 0.1398 0.0969
220 0.1600 0.0580 0.2854 0.4854 0.0113
221 0.3250 0.1500 0.2654 0.2378 0.0219
222 0.2443 0.1917 0.2089 0.2106 0.1447
223 0.0202 0.1505 0.0892 0.0438 0.6963
224 0.0854 0.1385 0.2590 0.4404 0.0765
225 0.1133 0.5322 0.1549 0.1637 0.0357
226 0.0977 0.2134 0.3547 0.1898 0.1444
227 0.0803 0.4692 0.3740 0.0298 0.0468
228 0.1064 0.1675 0.4587 0.1549 0.1124
229 0.1048 0.3176 0.1942 0.3176 0.0656
230 0.0494 0.0605 0.1808 0.6611 0.0482
231 0.1490 0.0081 0.0519 0.7451 0.0458
232 0.1036 0.0168 0.0746 0.7305 0.0746
233 0.0432 0.3765 0.4070 0.1385 0.0347
234 0.1903 0.1733 0.1707 0.3528 0.1128
235 0.1124 0.2869 0.1824 0.3406 0.0778
236 0.1201 0.1903 0.3367 0.2542 0.0988
237 0.0475 0.1726 0.2148 0.0498 0.5151
238 0.0753 0.3347 0.3911 0.1053 0.0936
239 0.1422 0.2185 0.2457 0.2827 0.1108
240 0.2291 0.1074 0.4348 0.1550 0.0738
241 0.1859 0.3813 0.1815 0.1541 0.0972
242 0.0776 0.5142 0.2161 0.0718 0.1202
243 0.0695 0.4421 0.2539 0.1172 0.1172
244 0.1153 0.4631 0.2639 0.0120 0.1458
245 0.2307 0.1410 0.1537 0.3862 0.0883
246 0.2822 0.0443 0.3098 0.3027 0.0610
247 0.0701 0.2030 0.3792 0.3293 0.0183
248 0.1342 0.1045 0.4539 0.2932 0.0143
249 0.2461 0.1978 0.1565 0.3210 0.0787
250 0.2167 0.0773 0.0465 0.5195 0.1399
251 0.1831 0.0409 0.0421 0.6099 0.1239
252 0.1880 0.0440 0.0433 0.5977 0.1272
253 0.1954 0.0502 0.0457 0.5742 0.1343
254 0.1948 0.0516 0.0470 0.5728 0.1339
255 0.2703 0.2703 0.0811 0.3364 0.0421
