time exciting_prob fearful_prob tense_prob sad_prob relaxing_prob
0 0.1261 0.0221 0.0696 0.7725 0.0097
1 0.0765 0.0113 0.0339 0.8750 0.0033
2 0.2181 0.0356 0.0556 0.6826 0.0081
3 0.4685 0.0644 0.0670 0.3765 0.0235
4 0.5464 0.1127 0.1003 0.2107 0.0299
5 0.2942 0.0220 0.0289 0.6426 0.0123
6 0.4790 0.0224 0.0272 0.4570 0.0142
7 0.3635 0.0575 0.0417 0.5288 0.0085
8 0.3711 0.1302 0.0218 0.4373 0.0394
9 0.1409 0.0560 0.0615 0.7266 0.0153
10 0.2742 0.1143 0.0849 0.5122 0.0148
11 0.3098 0.1396 0.0901 0.4507 0.0097
12 0.3403 0.0902 0.1046 0.4509 0.0139
13 0.1766 0.0681 0.1105 0.6357 0.0089
14 0.1970 0.0457 0.0573 0.6880 0.0121
15 0.0903 0.0522 0.2571 0.5791 0.0211
16 0.2058 0.0132 0.0679 0.7075 0.0058
17 0.2539 0.0580 0.1238 0.5547 0.0095
18 0.2198 0.0601 0.2097 0.4653 0.0450
19 0.1635 0.0946 0.3301 0.3921 0.0197
20 0.1583 0.1158 0.3569 0.3250 0.0440
21 0.0903 0.0784 0.2532 0.4805 0.0976
22 0.2771 0.3140 0.2563 0.1460 0.0067
23 0.2134 0.1586 0.5283 0.0849 0.0151
24 0.1226 0.3718 0.4348 0.0667 0.0040
25 0.2207 0.3018 0.3696 0.0906 0.0173
26 0.2954 0.2373 0.3562 0.0989 0.0123
27 0.1913 0.2739 0.3306 0.1854 0.0186
28 0.2805 0.2290 0.2676 0.2085 0.0143
29 0.2394 0.2430 0.3706 0.1322 0.0147
30 0.2056 0.4932 0.2366 0.0566 0.0080
31 0.2512 0.3770 0.2737 0.0848 0.0135
32 0.2812 0.3042 0.2107 0.1934 0.0104
33 0.1978 0.3159 0.3015 0.1744 0.0105
34 0.0539 0.5615 0.2781 0.1022 0.0044
35 0.0679 0.3672 0.3787 0.1818 0.0044
36 0.0392 0.3416 0.3523 0.2578 0.0093
37 0.0334 0.3882 0.1923 0.3823 0.0039
38 0.4031 0.0328 0.3557 0.1875 0.0207
39 0.3491 0.1116 0.3438 0.1702 0.0253
40 0.4084 0.1930 0.3157 0.0499 0.0330
41 0.5737 0.1709 0.1593 0.0478 0.0482
42 0.5635 0.1565 0.2009 0.0492 0.0301
43 0.5723 0.1744 0.1539 0.0844 0.0151
44 0.1284 0.3923 0.2456 0.1989 0.0348
45 0.1525 0.3489 0.2634 0.2051 0.0302
46 0.1287 0.2969 0.3418 0.2009 0.0318
47 0.2101 0.4177 0.2380 0.1016 0.0327
48 0.1940 0.3918 0.2632 0.0953 0.0556
49 0.3010 0.2964 0.2595 0.0933 0.0495
50 0.3159 0.2009 0.2947 0.1092 0.0793
51 0.2603 0.1846 0.3613 0.1060 0.0879
52 0.5034 0.0803 0.1031 0.2983 0.0145
53 0.4744 0.1101 0.1238 0.2620 0.0296
54 0.2556 0.0465 0.0593 0.6133 0.0255
55 0.4922 0.0507 0.1274 0.3081 0.0216
56 0.1760 0.0184 0.0411 0.7524 0.0120
57 0.1455 0.0269 0.1169 0.7051 0.0054
58 0.1667 0.0366 0.1404 0.6494 0.0070
59 0.1066 0.1434 0.2478 0.5005 0.0014
60 0.0179 0.2793 0.0728 0.6294 0.0009
61 0.1210 0.0525 0.1248 0.6855 0.0163
62 0.1429 0.1570 0.0446 0.6509 0.0047
63 0.1453 0.0854 0.0526 0.7036 0.0130
64 0.2178 0.0887 0.0634 0.6108 0.0193
65 0.2588 0.1451 0.3074 0.2842 0.0044
66 0.2380 0.1741 0.0889 0.4961 0.0029
67 0.0807 0.2029 0.1069 0.6060 0.0035
68 0.3218 0.4163 0.1709 0.0577 0.0334
69 0.2859 0.3877 0.2708 0.0505 0.0053
70 0.2152 0.2085 0.2400 0.3333 0.0030
71 0.2412 0.1396 0.1251 0.4873 0.0067
72 0.2445 0.0101 0.3557 0.3848 0.0048
73 0.1510 0.0155 0.5698 0.2610 0.0027
74 0.0758 0.0215 0.5020 0.3972 0.0035
75 0.2815 0.0900 0.1094 0.4790 0.0399
76 0.5303 0.1495 0.0729 0.2108 0.0367
77 0.3123 0.0847 0.0686 0.5068 0.0273
78 0.3975 0.0847 0.0782 0.4102 0.0295
79 0.3433 0.1141 0.1572 0.3599 0.0255
80 0.2249 0.1594 0.2629 0.3323 0.0204
81 0.1826 0.0993 0.3157 0.3928 0.0097
82 0.1161 0.0738 0.1945 0.6084 0.0074
83 0.1218 0.2311 0.4185 0.2240 0.0048
84 0.0803 0.0320 0.1000 0.7744 0.0134
85 0.1344 0.1097 0.2888 0.4407 0.0265
86 0.0992 0.4016 0.4412 0.0503 0.0077
87 0.1431 0.1647 0.2756 0.3950 0.0216
88 0.1586 0.2202 0.3630 0.2134 0.0447
89 0.0944 0.0915 0.3674 0.4036 0.0429
90 0.1527 0.1481 0.4487 0.2222 0.0282
91 0.1710 0.1764 0.4949 0.1475 0.0104
92 0.1235 0.0548 0.5625 0.2495 0.0098
93 0.1296 0.0762 0.5635 0.2241 0.0067
94 0.0388 0.0342 0.1820 0.7085 0.0364
95 0.0940 0.1024 0.5078 0.2637 0.0320
96 0.1105 0.3403 0.4302 0.1122 0.0070
97 0.2583 0.1655 0.4128 0.1461 0.0172
98 0.1775 0.3267 0.4326 0.0517 0.0116
99 0.0922 0.1749 0.1427 0.5645 0.0256
100 0.0788 0.1832 0.4827 0.2466 0.0086
101 0.2988 0.0710 0.1930 0.4280 0.0092
102 0.4512 0.0961 0.1823 0.2612 0.0094
103 0.4822 0.0878 0.1979 0.2207 0.0114
104 0.3115 0.0776 0.2316 0.3701 0.0091
105 0.1716 0.0549 0.1664 0.5991 0.0080
106 0.1465 0.1007 0.1443 0.5977 0.0107
107 0.2299 0.2029 0.1936 0.3616 0.0121
108 0.3601 0.2761 0.1389 0.2185 0.0062
109 0.1597 0.3127 0.1454 0.3655 0.0166
110 0.3801 0.2166 0.0924 0.2961 0.0147
111 0.1420 0.3921 0.3682 0.0945 0.0032
112 0.1403 0.5903 0.2349 0.0331 0.0013
113 0.1672 0.5312 0.2629 0.0362 0.0022
114 0.1991 0.5327 0.2291 0.0363 0.0027
115 0.2397 0.4622 0.2759 0.0191 0.0032
116 0.2100 0.3357 0.3804 0.0720 0.0021
117 0.2068 0.4048 0.3357 0.0503 0.0026
118 0.2181 0.3596 0.3770 0.0423 0.0028
119 0.1198 0.4055 0.4248 0.0484 0.0015
120 0.1656 0.3508 0.4165 0.0638 0.0033
121 0.1993 0.0694 0.6636 0.0424 0.0251
122 0.2202 0.0420 0.0786 0.6475 0.0119
123 0.1838 0.1674 0.1215 0.5073 0.0200
124 0.2054 0.3132 0.1401 0.3335 0.0075
125 0.2174 0.1642 0.1404 0.4712 0.0068
126 0.2571 0.1312 0.1195 0.4802 0.0120
127 0.2925 0.1506 0.1816 0.3640 0.0112
128 0.2487 0.1147 0.2178 0.4133 0.0055
129 0.2812 0.1403 0.1436 0.4287 0.0063
130 0.2708 0.0718 0.4194 0.2043 0.0336
131 0.2369 0.0633 0.1844 0.4712 0.0442
132 0.2146 0.1262 0.1322 0.4800 0.0471
133 0.2112 0.2145 0.2179 0.3271 0.0295
134 0.4138 0.3125 0.1465 0.0975 0.0298
135 0.1227 0.1887 0.1370 0.4893 0.0622
136 0.1593 0.1240 0.2177 0.4536 0.0453
137 0.1820 0.1395 0.2030 0.4648 0.0106
138 0.2377 0.4075 0.2571 0.0861 0.0117
139 0.1663 0.4021 0.1959 0.2053 0.0305
140 0.1022 0.4727 0.2651 0.1534 0.0067
141 0.2566 0.1112 0.3506 0.2773 0.0042
142 0.3625 0.1926 0.3599 0.0822 0.0028
143 0.2676 0.1882 0.3655 0.1768 0.0020
144 0.3110 0.1287 0.2788 0.2788 0.0027
145 0.3579 0.2188 0.1527 0.2659 0.0049
146 0.2522 0.0775 0.2725 0.3904 0.0074
147 0.1252 0.0295 0.1740 0.6562 0.0150
148 0.0981 0.0244 0.1183 0.7480 0.0109
149 0.1050 0.0363 0.3040 0.5503 0.0042
150 0.0521 0.1394 0.2996 0.4788 0.0301
151 0.1075 0.0898 0.2041 0.2969 0.3015
152 0.1659 0.1140 0.5151 0.0530 0.1522
153 0.1544 0.0929 0.3562 0.1631 0.2335
154 0.1729 0.2185 0.4277 0.0810 0.1000
155 0.1913 0.1741 0.3408 0.0666 0.2271
156 0.1085 0.0825 0.6191 0.1591 0.0308
157 0.1840 0.2052 0.4734 0.0829 0.0544
158 0.1888 0.1541 0.4495 0.0818 0.1257
159 0.1332 0.1070 0.5562 0.1594 0.0443
160 0.1674 0.1598 0.5488 0.0365 0.0875
161 0.2140 0.2278 0.2747 0.2074 0.0763
162 0.2617 0.2786 0.2345 0.1611 0.0641
163 0.2734 0.1606 0.3403 0.1685 0.0573
164 0.1553 0.1003 0.3726 0.3289 0.0431
165 0.0916 0.3567 0.2163 0.3247 0.0108
166 0.0818 0.3088 0.1932 0.4092 0.0069
167 0.1321 0.1581 0.2062 0.4946 0.0091
168 0.1891 0.1472 0.3020 0.3369 0.0246
169 0.1460 0.0723 0.2484 0.5176 0.0156
170 0.1138 0.2126 0.3047 0.3398 0.0292
171 0.1057 0.0704 0.2659 0.5371 0.0210
172 0.1626 0.1704 0.3389 0.3086 0.0197
173 0.1517 0.0355 0.1517 0.6387 0.0224
174 0.2915 0.2341 0.2781 0.1796 0.0168
175 0.2517 0.1992 0.3037 0.1960 0.0492
176 0.1155 0.0316 0.3672 0.4788 0.0070
177 0.0582 0.1053 0.4368 0.3914 0.0084
178 0.0757 0.6748 0.1553 0.0637 0.0306
179 0.0750 0.6792 0.1716 0.0553 0.0190
180 0.1229 0.3784 0.3906 0.0711 0.0369
181 0.1532 0.1250 0.4036 0.2773 0.0409
182 0.1909 0.0092 0.5356 0.2571 0.0073
183 0.1967 0.0137 0.3242 0.4573 0.0080
184 0.2017 0.0450 0.1725 0.5479 0.0329
185 0.1866 0.0436 0.0939 0.6616 0.0140
186 0.1039 0.1584 0.4514 0.2654 0.0206
187 0.1963 0.1172 0.2642 0.4155 0.0069
188 0.1311 0.1121 0.5107 0.2196 0.0266
189 0.1453 0.1954 0.4336 0.1924 0.0332
190 0.1444 0.0682 0.5894 0.1715 0.0263
191 0.1240 0.0789 0.4131 0.3704 0.0136
192 0.1373 0.0846 0.4946 0.2646 0.0189
193 0.3301 0.0436 0.5195 0.0945 0.0124
194 0.3794 0.0664 0.3853 0.1644 0.0045
195 0.1655 0.0364 0.5303 0.2505 0.0174
196 0.2444 0.0920 0.4390 0.1948 0.0299
197 0.3523 0.1447 0.2944 0.1886 0.0199
198 0.1012 0.0493 0.3267 0.5059 0.0169
199 0.2045 0.1279 0.3022 0.3167 0.0486
200 0.2739 0.0469 0.3987 0.2202 0.0602
201 0.2494 0.0671 0.4883 0.1586 0.0365
202 0.1915 0.1296 0.2274 0.4385 0.0130
203 0.4902 0.1655 0.1935 0.1427 0.0079
204 0.3774 0.0939 0.2593 0.2634 0.0059
205 0.4985 0.0521 0.2336 0.2078 0.0080
206 0.4680 0.1310 0.2159 0.1749 0.0102
207 0.4639 0.0872 0.3088 0.1328 0.0073
208 0.5630 0.1049 0.1492 0.1771 0.0060
209 0.5386 0.1721 0.1279 0.1519 0.0099
210 0.4587 0.2236 0.2150 0.0932 0.0094
211 0.4749 0.1949 0.2107 0.1035 0.0160
212 0.4146 0.3330 0.1927 0.0507 0.0089
213 0.1798 0.1125 0.5283 0.1715 0.0078
214 0.2242 0.4390 0.3018 0.0320 0.0031
215 0.2361 0.2019 0.5317 0.0228 0.0074
216 0.0983 0.5317 0.1753 0.1896 0.0053
217 0.1675 0.4482 0.2986 0.0743 0.0111
218 0.1069 0.3848 0.1735 0.3291 0.0058
219 0.0950 0.4978 0.3367 0.0653 0.0052
220 0.0667 0.5000 0.0688 0.3604 0.0041
221 0.1123 0.5571 0.2181 0.0983 0.0142
222 0.1133 0.6890 0.1444 0.0461 0.0073
223 0.1094 0.4294 0.1340 0.3044 0.0228
224 0.2220 0.4666 0.0911 0.1975 0.0227
225 0.1448 0.5215 0.0832 0.2244 0.0262
226 0.2412 0.2712 0.1938 0.2712 0.0226
227 0.2605 0.2646 0.2318 0.2281 0.0147
228 0.2629 0.3220 0.2549 0.1510 0.0091
229 0.1788 0.4126 0.2208 0.1816 0.0059
230 0.3186 0.3726 0.1873 0.1075 0.0141
231 0.2040 0.4387 0.2104 0.1349 0.0119
232 0.1904 0.4324 0.1578 0.2074 0.0120
233 0.1342 0.5435 0.1606 0.1521 0.0099
234 0.2246 0.3398 0.1722 0.2212 0.0422
235 0.3772 0.3125 0.2305 0.0543 0.0255
236 0.2581 0.2947 0.1873 0.1979 0.0623
237 0.4619 0.1420 0.1141 0.2341 0.0479
238 0.3167 0.1395 0.2729 0.2281 0.0425
239 0.2878 0.3584 0.2791 0.0700 0.0048
240 0.2517 0.2598 0.3960 0.0863 0.0061
241 0.3130 0.2185 0.2678 0.1943 0.0062
242 0.5649 0.1893 0.1213 0.1194 0.0049
243 0.4172 0.3652 0.1293 0.0841 0.0040
244 0.4929 0.3284 0.1100 0.0617 0.0071
245 0.4783 0.3418 0.0825 0.0878 0.0096
246 0.4800 0.3098 0.1252 0.0724 0.0125
247 0.3940 0.4001 0.1383 0.0542 0.0132
248 0.4500 0.3318 0.0943 0.1069 0.0172
249 0.2830 0.4316 0.0727 0.1827 0.0301
250 0.2482 0.4937 0.0745 0.1553 0.0283
251 0.2037 0.2830 0.2496 0.2310 0.0327
252 0.2037 0.2830 0.2496 0.2310 0.0327
253 0.2037 0.2830 0.2496 0.2310 0.0327
