time exciting_prob fearful_prob tense_prob sad_prob relaxing_prob
0 0.1333 0.0991 0.4800 0.2490 0.0388
1 0.1043 0.5015 0.3394 0.0452 0.0098
2 0.0813 0.2974 0.3879 0.2043 0.0290
3 0.1952 0.1321 0.3218 0.2930 0.0581
4 0.3540 0.3274 0.2491 0.0324 0.0370
5 0.1458 0.5718 0.1010 0.1718 0.0098
6 0.1713 0.3682 0.1431 0.2415 0.0760
7 0.2391 0.1094 0.1581 0.2952 0.1982
8 0.4307 0.1355 0.0961 0.3054 0.0322
9 0.0471 0.1495 0.4001 0.3701 0.0331
10 0.3838 0.1758 0.0496 0.1901 0.2007
11 0.1584 0.4998 0.2494 0.0437 0.0487
12 0.1871 0.1189 0.2239 0.4055 0.0646
13 0.1285 0.1991 0.1813 0.4521 0.0389
14 0.0533 0.0372 0.7480 0.1520 0.0096
15 0.1354 0.4009 0.3538 0.0753 0.0345
16 0.3616 0.0695 0.0950 0.4463 0.0276
17 0.0506 0.2693 0.3682 0.2913 0.0208
18 0.1818 0.4534 0.2793 0.0409 0.0446
19 0.2991 0.3840 0.2120 0.0144 0.0905
20 0.5615 0.1224 0.1262 0.0803 0.1097
21 0.1993 0.0979 0.1705 0.4856 0.0466
22 0.2891 0.0198 0.0234 0.5840 0.0835
23 0.2563 0.2793 0.2952 0.0572 0.1120
24 0.2515 0.4275 0.1206 0.0317 0.1687
25 0.3301 0.2529 0.3149 0.0291 0.0731
26 0.1346 0.1990 0.4180 0.2006 0.0480
27 0.4094 0.3474 0.1935 0.0054 0.0442
28 0.0667 0.0369 0.1704 0.6738 0.0520
29 0.0550 0.4712 0.3906 0.0628 0.0204
30 0.4119 0.0948 0.1171 0.3232 0.0532
31 0.5625 0.2363 0.0869 0.0307 0.0836
32 0.0510 0.2065 0.4238 0.3005 0.0179
33 0.0877 0.1458 0.4778 0.2292 0.0594
34 0.1521 0.1140 0.5566 0.1632 0.0143
35 0.0404 0.1243 0.4341 0.3831 0.0182
36 0.3044 0.4395 0.1642 0.0313 0.0604
37 0.2949 0.2903 0.1249 0.2075 0.0825
38 0.1062 0.4133 0.3765 0.0853 0.0186
39 0.3638 0.3313 0.1802 0.0313 0.0934
40 0.0962 0.1400 0.4050 0.3521 0.0067
41 0.0574 0.4583 0.4172 0.0592 0.0078
42 0.1155 0.4360 0.0936 0.0334 0.3215
43 0.1384 0.4199 0.1805 0.0747 0.1863
44 0.2781 0.0809 0.1973 0.3103 0.1334
45 0.0594 0.1615 0.2925 0.4673 0.0193
46 0.3696 0.0871 0.3445 0.1653 0.0333
47 0.2040 0.0431 0.2172 0.3694 0.1665
48 0.2673 0.1824 0.3713 0.1313 0.0476
49 0.4429 0.1483 0.1382 0.0262 0.2445
50 0.0233 0.0416 0.6709 0.2546 0.0096
51 0.0646 0.1124 0.2456 0.4114 0.1661
52 0.3074 0.3147 0.1510 0.0271 0.2000
53 0.3394 0.0734 0.2107 0.3237 0.0529
54 0.1000 0.1335 0.2764 0.4700 0.0202
55 0.0764 0.3291 0.4294 0.1416 0.0235
56 0.2098 0.4583 0.1740 0.1523 0.0057
57 0.1743 0.2039 0.3691 0.2239 0.0289
58 0.0991 0.5439 0.2778 0.0353 0.0436
59 0.0701 0.1249 0.4712 0.2815 0.0525
60 0.0449 0.1182 0.2279 0.6006 0.0086
61 0.2080 0.1953 0.1594 0.4009 0.0364
62 0.0249 0.1842 0.6953 0.0844 0.0114
63 0.2717 0.0883 0.1989 0.4275 0.0136
64 0.1338 0.1237 0.4705 0.2517 0.0204
65 0.3118 0.2354 0.2317 0.1936 0.0277
66 0.0556 0.2494 0.3054 0.3354 0.0539
67 0.2074 0.1787 0.3162 0.1119 0.1859
68 0.1907 0.2710 0.2976 0.1417 0.0989
69 0.0773 0.3657 0.0602 0.0417 0.4551
70 0.0691 0.0930 0.2954 0.3296 0.2128
71 0.2174 0.3906 0.3140 0.0648 0.0133
72 0.0732 0.5288 0.2239 0.1626 0.0114
73 0.0199 0.0233 0.0878 0.0613 0.8076
74 0.0470 0.1859 0.3162 0.3696 0.0812
75 0.0763 0.0493 0.3936 0.3115 0.1693
76 0.3433 0.3101 0.2340 0.0211 0.0917
77 0.1052 0.3423 0.2625 0.0339 0.2563
78 0.2549 0.3198 0.1924 0.2017 0.0312
79 0.1316 0.6426 0.2118 0.0068 0.0074
80 0.0244 0.2878 0.5552 0.1146 0.0181
81 0.1740 0.1970 0.4011 0.0848 0.1431
82 0.1183 0.0533 0.2751 0.3643 0.1890
83 0.0356 0.0295 0.0753 0.0624 0.7974
84 0.0597 0.0443 0.2184 0.3176 0.3599
85 0.0301 0.3665 0.4216 0.1786 0.0033
86 0.1929 0.3254 0.3865 0.0417 0.0536
87 0.2585 0.2546 0.3142 0.0456 0.1270
88 0.1840 0.2893 0.1367 0.1989 0.1913
89 0.1953 0.1451 0.3679 0.2096 0.0821
90 0.2477 0.1959 0.3083 0.2186 0.0294
91 0.1836 0.4236 0.2629 0.0429 0.0867
92 0.0875 0.0889 0.3801 0.4241 0.0194
93 0.1478 0.0688 0.3630 0.3306 0.0897
94 0.3540 0.3540 0.0518 0.0635 0.1766
95 0.0930 0.1486 0.5186 0.1606 0.0795
96 0.2949 0.0839 0.3044 0.2905 0.0264
97 0.5708 0.1573 0.0635 0.0992 0.1089
98 0.3545 0.2915 0.2101 0.1188 0.0251
99 0.0848 0.1159 0.3149 0.3982 0.0861
100 0.0887 0.3455 0.4648 0.0329 0.0681
101 0.4631 0.1327 0.0571 0.0263 0.3208
102 0.0602 0.1512 0.3516 0.3408 0.0961
103 0.0978 0.4966 0.2363 0.0143 0.1550
104 0.1943 0.3987 0.1116 0.2573 0.0380
105 0.1027 0.1641 0.3696 0.2278 0.1360
106 0.1854 0.1467 0.1611 0.4885 0.0182
107 0.1450 0.2246 0.3762 0.0997 0.1544
108 0.2893 0.3894 0.1160 0.1869 0.0182
109 0.0426 0.2163 0.3247 0.0916 0.3247
110 0.1486 0.3855 0.2712 0.0486 0.1462
111 0.0454 0.2532 0.3054 0.3572 0.0388
112 0.0986 0.4668 0.1162 0.2292 0.0891
113 0.0247 0.7114 0.1217 0.1379 0.0041
114 0.2444 0.2542 0.4031 0.0751 0.0233
115 0.3765 0.0624 0.2394 0.2712 0.0506
116 0.0639 0.2566 0.2566 0.0609 0.3618
117 0.0843 0.0955 0.4736 0.0850 0.2617
118 0.0329 0.0718 0.6401 0.0534 0.2015
119 0.0405 0.1566 0.1874 0.5684 0.0470
120 0.4705 0.1626 0.0891 0.1180 0.1600
121 0.1754 0.3542 0.1215 0.2654 0.0835
122 0.0475 0.1139 0.2864 0.5347 0.0176
123 0.2400 0.2438 0.0767 0.2939 0.1455
124 0.2198 0.1205 0.3005 0.2651 0.0938
125 0.0803 0.3052 0.1262 0.1609 0.3274
126 0.0425 0.2485 0.1847 0.5020 0.0224
127 0.2556 0.2102 0.1057 0.1082 0.3206
128 0.0996 0.1506 0.0497 0.4827 0.2175
129 0.3352 0.0502 0.0049 0.0353 0.5747
130 0.1698 0.1954 0.1140 0.4912 0.0295
131 0.2407 0.3042 0.0366 0.2075 0.2108
132 0.1213 0.2250 0.1232 0.4509 0.0796
133 0.0232 0.2032 0.2490 0.5107 0.0136
134 0.4370 0.1242 0.0615 0.1302 0.2471
135 0.2769 0.2620 0.2073 0.1589 0.0949
136 0.1890 0.2996 0.0372 0.2837 0.1904
137 0.0311 0.6294 0.3069 0.0256 0.0070
138 0.1343 0.3147 0.1475 0.3708 0.0327
139 0.1501 0.1586 0.5620 0.1160 0.0130
140 0.0846 0.2861 0.1300 0.0859 0.4133
141 0.2954 0.2817 0.2607 0.1193 0.0429
142 0.1630 0.1416 0.0341 0.0701 0.5913
143 0.2549 0.2529 0.1793 0.2651 0.0479
144 0.2239 0.2440 0.1401 0.0368 0.3550
145 0.1268 0.3191 0.2603 0.0604 0.2334
146 0.0812 0.2277 0.1136 0.4819 0.0956
147 0.1193 0.3145 0.1593 0.3762 0.0306
148 0.1000 0.1586 0.0278 0.0565 0.6572
149 0.3218 0.1103 0.3320 0.0966 0.1394
150 0.3892 0.1838 0.1754 0.1989 0.0527
151 0.0801 0.1311 0.4646 0.2030 0.1212
152 0.0747 0.3220 0.3271 0.2588 0.0175
153 0.1174 0.0746 0.1270 0.1121 0.5688
154 0.4446 0.1973 0.1367 0.0417 0.1797
155 0.3596 0.2018 0.2800 0.0703 0.0881
156 0.1355 0.3682 0.2800 0.1910 0.0253
157 0.1521 0.0297 0.0198 0.6353 0.1632
158 0.5771 0.1426 0.0878 0.0604 0.1318
159 0.4209 0.2218 0.1958 0.0785 0.0829
160 0.1470 0.2539 0.2969 0.1947 0.1075
161 0.6680 0.1586 0.0856 0.0667 0.0213
162 0.2681 0.3184 0.2347 0.1277 0.0512
163 0.0649 0.2318 0.5830 0.0937 0.0266
164 0.2158 0.1761 0.2771 0.1628 0.1681
165 0.1918 0.1200 0.1666 0.1746 0.3472
166 0.2135 0.3413 0.3257 0.1074 0.0121
167 0.2590 0.1635 0.0868 0.2673 0.2234
168 0.2722 0.1285 0.2310 0.3181 0.0503
169 0.0704 0.2383 0.5898 0.0704 0.0312
170 0.2266 0.1332 0.2607 0.3196 0.0600
171 0.4604 0.0826 0.0914 0.3530 0.0125
172 0.2399 0.0954 0.1410 0.1345 0.3892
173 0.0565 0.0737 0.3357 0.1769 0.3572
174 0.2820 0.1969 0.0901 0.2932 0.1375
175 0.5625 0.1265 0.1885 0.0185 0.1041
176 0.0340 0.0322 0.1284 0.0310 0.7744
177 0.4077 0.1187 0.2512 0.2083 0.0141
178 0.0155 0.0942 0.1761 0.6968 0.0176
179 0.5332 0.1516 0.0575 0.0536 0.2040
180 0.0586 0.2229 0.5430 0.1631 0.0124
181 0.2333 0.1229 0.2091 0.2444 0.1903
182 0.0478 0.3757 0.1748 0.4001 0.0015
183 0.6777 0.0803 0.0842 0.1294 0.0284
184 0.4844 0.0773 0.0298 0.0597 0.3489
185 0.3298 0.2339 0.1608 0.2357 0.0397
186 0.1196 0.1080 0.2288 0.5317 0.0118
187 0.0355 0.4819 0.3064 0.1665 0.0098
188 0.1741 0.1273 0.1769 0.3923 0.1294
189 0.3733 0.1230 0.1112 0.2487 0.1439
190 0.0513 0.2908 0.4946 0.1581 0.0051
191 0.2029 0.1655 0.2861 0.1156 0.2299
192 0.1920 0.2930 0.1876 0.2045 0.1230
193 0.3455 0.1497 0.2954 0.1594 0.0501
194 0.0677 0.1886 0.3013 0.4216 0.0205
195 0.1276 0.5327 0.1689 0.0883 0.0823
196 0.1846 0.6006 0.1790 0.0323 0.0034
197 0.5820 0.2012 0.0921 0.0936 0.0309
198 0.1478 0.1265 0.4482 0.1549 0.1226
199 0.3750 0.1144 0.0536 0.1412 0.3157
200 0.0305 0.0837 0.3110 0.5630 0.0116
201 0.1526 0.1326 0.1000 0.4924 0.1226
202 0.0435 0.7305 0.1438 0.0669 0.0155
203 0.0671 0.2400 0.3545 0.1455 0.1927
204 0.3464 0.3010 0.1840 0.0804 0.0883
205 0.1205 0.2512 0.4141 0.0388 0.1753
206 0.2115 0.1584 0.1926 0.2593 0.1781
207 0.1077 0.5342 0.2245 0.0921 0.0415
208 0.2820 0.2096 0.2196 0.2338 0.0551
209 0.0243 0.0875 0.8042 0.0601 0.0239
210 0.1465 0.2913 0.3250 0.2131 0.0239
211 0.2546 0.4683 0.1104 0.0887 0.0782
212 0.2119 0.2722 0.1227 0.3035 0.0897
213 0.0896 0.0999 0.2379 0.3628 0.2100
214 0.2981 0.2018 0.0784 0.2693 0.1523
215 0.0861 0.1420 0.3569 0.3743 0.0407
216 0.0858 0.1329 0.3042 0.4712 0.0059
217 0.1029 0.3916 0.1594 0.0216 0.3245
218 0.4412 0.1466 0.0869 0.3152 0.0103
219 0.0512 0.1481 0.0751 0.0617 0.6641
220 0.1650 0.0850 0.4592 0.2576 0.0330
221 0.0458 0.1151 0.6221 0.1573 0.0597
222 0.0643 0.2159 0.6865 0.0254 0.0080
223 0.1366 0.2893 0.5488 0.0101 0.0151
224 0.3174 0.1547 0.2551 0.1523 0.1205
225 0.1885 0.1434 0.1914 0.2310 0.2458
226 0.1576 0.1758 0.1600 0.3135 0.1931
227 0.1593 0.1203 0.1113 0.0353 0.5737
228 0.1348 0.1576 0.1050 0.1469 0.4558
229 0.0486 0.1697 0.1184 0.6108 0.0526
230 0.0186 0.0700 0.1136 0.7646 0.0331
231 0.0579 0.1853 0.3516 0.1313 0.2739
232 0.0527 0.1702 0.2893 0.2761 0.2117
