time exciting_prob fearful_prob tense_prob sad_prob relaxing_prob
0 0.2037 0.2830 0.2496 0.2310 0.0327
1 0.2037 0.2830 0.2496 0.2310 0.0327
2 0.2294 0.0516 0.0612 0.2854 0.3723
3 0.2549 0.1157 0.1054 0.1475 0.3765
4 0.2135 0.0761 0.0738 0.2021 0.4346
5 0.3569 0.1548 0.1031 0.1454 0.2397
6 0.2219 0.0842 0.2534 0.1929 0.2476
7 0.2157 0.0372 0.3188 0.2834 0.1448
8 0.2871 0.0726 0.2399 0.2289 0.1715
9 0.0737 0.1107 0.1116 0.2380 0.4661
10 0.1047 0.0565 0.1055 0.1071 0.6265
11 0.1611 0.2615 0.3518 0.1561 0.0693
12 0.1066 0.3286 0.3552 0.0694 0.1401
13 0.2893 0.0984 0.1869 0.2168 0.2085
14 0.3152 0.0790 0.3459 0.0760 0.1838
15 0.5332 0.0371 0.1744 0.0431 0.2120
16 0.3806 0.0401 0.2477 0.1433 0.1884
17 0.3271 0.0665 0.2588 0.1140 0.2338
18 0.4565 0.0844 0.1448 0.0603 0.2542
19 0.5078 0.0903 0.0897 0.0760 0.2362
20 0.3589 0.0638 0.1749 0.0782 0.3242
21 0.3472 0.0844 0.2834 0.0500 0.2350
22 0.4697 0.0641 0.1958 0.0588 0.2117
23 0.0921 0.0228 0.1804 0.6294 0.0752
24 0.0979 0.0818 0.0470 0.2189 0.5547
25 0.0825 0.1448 0.1068 0.1448 0.5215
26 0.1002 0.0318 0.1348 0.3809 0.3523
27 0.1411 0.0584 0.2700 0.3577 0.1730
28 0.3503 0.1044 0.3672 0.0352 0.1427
29 0.3606 0.0756 0.3960 0.0515 0.1161
30 0.3596 0.0725 0.2822 0.1105 0.1753
31 0.4202 0.1014 0.2047 0.1204 0.1533
32 0.5249 0.1190 0.1626 0.0705 0.1228
33 0.2593 0.0324 0.1205 0.5073 0.0803
34 0.2671 0.0615 0.1924 0.4072 0.0719
35 0.1041 0.1771 0.2458 0.4119 0.0612
36 0.2930 0.2773 0.2710 0.0685 0.0901
37 0.1559 0.0615 0.4583 0.1333 0.1910
38 0.0701 0.1907 0.2710 0.3372 0.1310
39 0.4111 0.1868 0.2084 0.0507 0.1432
40 0.1315 0.6274 0.1478 0.0284 0.0651
41 0.1077 0.3267 0.2075 0.2625 0.0958
42 0.1425 0.0663 0.2350 0.5376 0.0184
43 0.2422 0.0774 0.1946 0.4185 0.0673
44 0.3660 0.3718 0.0247 0.2327 0.0048
45 0.7720 0.1805 0.0054 0.0206 0.0217
46 0.8862 0.0941 0.0028 0.0045 0.0124
47 0.1371 0.0320 0.1209 0.6958 0.0141
48 0.3074 0.0534 0.0685 0.1021 0.4685
49 0.2178 0.1281 0.0880 0.0981 0.4683
50 0.0836 0.2617 0.1813 0.0249 0.4485
51 0.2361 0.0544 0.1081 0.3462 0.2554
52 0.3896 0.1049 0.2988 0.1033 0.1033
53 0.2668 0.0443 0.3071 0.3269 0.0551
54 0.4473 0.1054 0.3074 0.0464 0.0938
55 0.3586 0.0493 0.2108 0.2316 0.1495
56 0.3660 0.0544 0.2118 0.2152 0.1526
57 0.1852 0.2551 0.4441 0.0742 0.0413
58 0.2061 0.1682 0.1230 0.0347 0.4680
59 0.3940 0.2194 0.2708 0.0114 0.1044
60 0.2637 0.1255 0.0850 0.0177 0.5083
61 0.1285 0.1991 0.0603 0.0312 0.5806
62 0.2537 0.1179 0.3308 0.2537 0.0441
63 0.3557 0.1019 0.1494 0.1027 0.2903
64 0.1070 0.3000 0.4575 0.0144 0.1212
65 0.1394 0.1461 0.4983 0.0712 0.1450
66 0.1046 0.2032 0.5356 0.0649 0.0916
67 0.3801 0.2067 0.1941 0.1224 0.0969
68 0.3318 0.1220 0.2427 0.0684 0.2352
69 0.3198 0.2491 0.1910 0.0578 0.1823
70 0.3877 0.0435 0.0886 0.3042 0.1761
71 0.2379 0.1055 0.2512 0.2019 0.2035
72 0.3804 0.0661 0.0732 0.1598 0.3203
73 0.5122 0.0420 0.1099 0.2236 0.1125
74 0.2991 0.0805 0.2681 0.0558 0.2966
75 0.2155 0.1871 0.1871 0.0202 0.3901
76 0.4360 0.1748 0.1020 0.0077 0.2793
77 0.1995 0.0438 0.2140 0.2140 0.3289
78 0.3562 0.0685 0.3762 0.0701 0.1290
79 0.2527 0.2095 0.3765 0.0873 0.0741
80 0.2888 0.1807 0.3738 0.0267 0.1301
81 0.3027 0.0610 0.1595 0.1924 0.2844
82 0.3608 0.0594 0.3235 0.1257 0.1307
83 0.1560 0.0889 0.1008 0.5620 0.0925
84 0.3865 0.0955 0.3010 0.0773 0.1399
85 0.1831 0.2012 0.5298 0.0599 0.0260
86 0.1906 0.0690 0.4099 0.2605 0.0701
87 0.4336 0.1149 0.2935 0.0543 0.1038
88 0.4490 0.2040 0.2366 0.0389 0.0716
89 0.3342 0.1299 0.1654 0.1060 0.2644
90 0.1703 0.1378 0.5669 0.0761 0.0488
91 0.3740 0.1609 0.3406 0.0200 0.1047
92 0.3518 0.0687 0.0760 0.0227 0.4807
93 0.3450 0.1331 0.2109 0.0643 0.2466
94 0.3643 0.1790 0.3140 0.0341 0.1085
95 0.4041 0.0909 0.3538 0.0960 0.0551
96 0.4404 0.0778 0.2377 0.0471 0.1970
97 0.4202 0.0702 0.2712 0.0713 0.1671
98 0.3806 0.1515 0.2896 0.0132 0.1650
99 0.4407 0.0939 0.2434 0.0201 0.2018
100 0.1300 0.1061 0.4607 0.2839 0.0193
101 0.1094 0.0460 0.1694 0.4001 0.2751
102 0.3574 0.1769 0.1032 0.2400 0.1226
103 0.2321 0.1924 0.3887 0.0686 0.1185
104 0.4543 0.1909 0.2250 0.0258 0.1038
105 0.1718 0.1042 0.1801 0.4634 0.0805
106 0.2451 0.0874 0.4270 0.2180 0.0224
107 0.2383 0.1125 0.2920 0.2498 0.1074
108 0.3782 0.1814 0.3086 0.0399 0.0919
109 0.2294 0.1172 0.2810 0.2681 0.1042
110 0.5459 0.1110 0.2441 0.0346 0.0642
111 0.6592 0.0831 0.1746 0.0099 0.0734
112 0.3435 0.1868 0.3657 0.0491 0.0548
113 0.5283 0.0925 0.2456 0.0255 0.1082
114 0.2026 0.1415 0.4324 0.0643 0.1591
115 0.2089 0.1902 0.2405 0.1381 0.2224
116 0.4836 0.1122 0.1149 0.0778 0.2113
117 0.3342 0.1949 0.2812 0.1329 0.0567
118 0.3196 0.0747 0.5352 0.0391 0.0316
119 0.4619 0.1409 0.3101 0.0089 0.0784
120 0.3174 0.2434 0.1753 0.0475 0.2164
121 0.2554 0.4771 0.2325 0.0072 0.0278
122 0.3020 0.1027 0.1720 0.0202 0.4031
123 0.3704 0.1644 0.2507 0.0367 0.1777
124 0.0961 0.0975 0.3149 0.4304 0.0610
125 0.3562 0.2078 0.2045 0.1631 0.0685
126 0.4741 0.1479 0.2659 0.0104 0.1017
127 0.2920 0.0544 0.2153 0.3838 0.0544
128 0.4092 0.0995 0.2542 0.0706 0.1666
129 0.2993 0.2026 0.2834 0.1110 0.1035
130 0.3662 0.2170 0.2440 0.1125 0.0602
131 0.3457 0.1808 0.3147 0.1006 0.0582
132 0.2330 0.1665 0.2405 0.2480 0.1118
133 0.1404 0.1240 0.3264 0.1164 0.2927
134 0.2759 0.1926 0.3459 0.0640 0.1215
135 0.2000 0.4988 0.1166 0.0277 0.1570
136 0.2163 0.1766 0.0759 0.0201 0.5107
137 0.1772 0.1181 0.5811 0.0357 0.0878
138 0.2140 0.2041 0.4976 0.0393 0.0452
139 0.2075 0.0613 0.2107 0.0674 0.4531
140 0.1639 0.5376 0.1541 0.0052 0.1392
141 0.1155 0.6099 0.1437 0.0117 0.1191
142 0.1693 0.3848 0.4031 0.0179 0.0250
143 0.1506 0.1383 0.1192 0.0143 0.5776
144 0.2039 0.0641 0.2498 0.3108 0.1716
145 0.0767 0.2037 0.4211 0.0089 0.2896
146 0.0616 0.4917 0.2378 0.0087 0.2002
147 0.1460 0.0550 0.0717 0.0729 0.6543
148 0.1904 0.1506 0.0668 0.0235 0.5684
149 0.3313 0.3967 0.1934 0.0035 0.0751
150 0.2727 0.2483 0.2426 0.0031 0.2333
151 0.4402 0.1864 0.1222 0.0063 0.2450
152 0.1814 0.4893 0.1317 0.0207 0.1771
153 0.6543 0.1415 0.1128 0.0145 0.0769
154 0.0405 0.3635 0.1180 0.0721 0.4058
155 0.0865 0.3940 0.2013 0.0387 0.2795
156 0.2747 0.4563 0.2106 0.0134 0.0452
157 0.2042 0.0740 0.3501 0.2622 0.1093
158 0.1932 0.1042 0.5293 0.1154 0.0580
159 0.4280 0.2102 0.1316 0.0098 0.2203
160 0.3989 0.2069 0.1676 0.0079 0.2186
161 0.3281 0.1599 0.3333 0.0970 0.0817
162 0.3225 0.2148 0.3489 0.0440 0.0698
163 0.3340 0.3845 0.1888 0.0268 0.0658
164 0.2271 0.1107 0.3228 0.1454 0.1942
165 0.1205 0.2891 0.2200 0.3103 0.0602
166 0.0687 0.1273 0.5981 0.1454 0.0606
167 0.2244 0.1747 0.3115 0.2042 0.0851
168 0.1960 0.2222 0.3469 0.0891 0.1458
169 0.2325 0.2849 0.3491 0.0661 0.0671
170 0.2544 0.1996 0.3450 0.0943 0.1069
171 0.1337 0.1857 0.3108 0.2422 0.1276
172 0.3599 0.3984 0.2003 0.0109 0.0305
173 0.5063 0.2605 0.1791 0.0116 0.0425
174 0.3289 0.3418 0.2277 0.0459 0.0558
175 0.1923 0.0718 0.4612 0.2627 0.0121
176 0.1630 0.0820 0.5020 0.2299 0.0231
177 0.5615 0.0916 0.2651 0.0258 0.0560
178 0.5029 0.1323 0.2452 0.0263 0.0931
179 0.3667 0.2073 0.3113 0.0311 0.0837
180 0.2766 0.2274 0.3840 0.0617 0.0504
181 0.3018 0.2642 0.2812 0.0541 0.0988
182 0.2158 0.2299 0.3396 0.0453 0.1694
183 0.2856 0.4287 0.1948 0.0262 0.0648
184 0.1594 0.2112 0.4985 0.0670 0.0639
185 0.1204 0.5439 0.1940 0.1080 0.0337
186 0.3188 0.1875 0.2351 0.0865 0.1720
187 0.1949 0.2664 0.3291 0.0306 0.1790
188 0.1309 0.4863 0.3191 0.0189 0.0449
189 0.1678 0.2639 0.3389 0.0171 0.2122
190 0.2656 0.1702 0.4663 0.0626 0.0351
191 0.4392 0.0988 0.3315 0.0238 0.1068
192 0.3386 0.1503 0.3254 0.1125 0.0732
193 0.4819 0.1565 0.2788 0.0344 0.0485
194 0.3389 0.1564 0.3259 0.1425 0.0363
195 0.3557 0.1438 0.3503 0.0973 0.0529
196 0.2686 0.0806 0.0872 0.0039 0.5596
197 0.1993 0.3726 0.1903 0.2156 0.0222
198 0.2766 0.3286 0.1541 0.1639 0.0768
199 0.2878 0.2725 0.3965 0.0255 0.0176
200 0.1707 0.3091 0.4324 0.0489 0.0390
201 0.4763 0.0967 0.2756 0.0373 0.1140
202 0.2556 0.4246 0.2678 0.0136 0.0383
203 0.2332 0.2260 0.1948 0.2482 0.0980
204 0.1501 0.4019 0.3545 0.0458 0.0476
205 0.2064 0.1608 0.4761 0.1418 0.0148
206 0.0802 0.2302 0.5229 0.1487 0.0182
207 0.3174 0.4043 0.0697 0.0237 0.1851
208 0.3687 0.1942 0.3687 0.0203 0.0483
209 0.2644 0.3188 0.3613 0.0242 0.0313
210 0.2556 0.5498 0.1691 0.0062 0.0191
211 0.2385 0.5049 0.2349 0.0045 0.0170
212 0.1851 0.4802 0.3101 0.0071 0.0176
213 0.6855 0.1119 0.1259 0.0439 0.0326
214 0.4346 0.3438 0.1207 0.0395 0.0616
215 0.4795 0.1353 0.2754 0.0600 0.0498
216 0.3296 0.4299 0.1321 0.0314 0.0771
217 0.5347 0.1892 0.1221 0.0674 0.0866
218 0.2003 0.0737 0.4958 0.2100 0.0201
219 0.1353 0.0690 0.2646 0.5103 0.0207
220 0.1985 0.0778 0.5229 0.1924 0.0083
221 0.2009 0.1075 0.4187 0.2539 0.0187
222 0.2291 0.3521 0.3521 0.0499 0.0167
223 0.4294 0.2228 0.2228 0.0789 0.0460
224 0.1833 0.3823 0.2839 0.1175 0.0329
225 0.1376 0.1522 0.6821 0.0226 0.0055
226 0.1826 0.1057 0.6733 0.0213 0.0171
227 0.1031 0.1000 0.7388 0.0427 0.0153
228 0.1255 0.1444 0.6890 0.0332 0.0080
229 0.1997 0.1519 0.4294 0.0989 0.1202
230 0.2316 0.1137 0.3757 0.0958 0.1831
231 0.2264 0.1683 0.3562 0.2078 0.0412
232 0.2239 0.3550 0.2942 0.0458 0.0811
233 0.1809 0.4805 0.2217 0.0574 0.0597
234 0.3999 0.2603 0.2686 0.0178 0.0537
235 0.3638 0.2878 0.3086 0.0099 0.0299
236 0.5811 0.1652 0.2172 0.0066 0.0298
237 0.1837 0.2415 0.5356 0.0257 0.0134
238 0.1355 0.1141 0.5273 0.2131 0.0098
239 0.4563 0.1182 0.2224 0.1051 0.0980
240 0.6606 0.0908 0.1849 0.0132 0.0505
241 0.6978 0.1148 0.1157 0.0118 0.0600
242 0.1259 0.5220 0.2316 0.0872 0.0336
243 0.3679 0.0332 0.2529 0.1396 0.2064
244 0.5566 0.1087 0.1750 0.0157 0.1440
245 0.3110 0.2137 0.3523 0.0274 0.0956
246 0.3999 0.2107 0.1859 0.0260 0.1775
247 0.3252 0.1500 0.2437 0.1754 0.1056
248 0.3826 0.1521 0.3003 0.0522 0.1130
249 0.2688 0.0442 0.3452 0.2646 0.0770
250 0.0969 0.5493 0.2476 0.0897 0.0168
251 0.0823 0.4182 0.3362 0.1276 0.0357
252 0.1753 0.1080 0.1006 0.0279 0.5884
253 0.1948 0.1471 0.2834 0.3315 0.0432
254 0.3091 0.1919 0.3447 0.0793 0.0751
255 0.2825 0.1488 0.4729 0.0630 0.0327
256 0.2321 0.0397 0.3679 0.3352 0.0250
257 0.1797 0.1008 0.5449 0.0947 0.0798
258 0.2402 0.2681 0.4561 0.0066 0.0291
259 0.0442 0.2708 0.3423 0.0055 0.3372
260 0.2549 0.2510 0.2866 0.0615 0.1464
261 0.5464 0.1553 0.1759 0.0589 0.0637
262 0.4380 0.1285 0.1929 0.1870 0.0536
263 0.1364 0.4612 0.2864 0.0482 0.0680
264 0.1570 0.4236 0.2910 0.0293 0.0991
265 0.1810 0.1973 0.1512 0.0362 0.4343
266 0.1237 0.2188 0.1650 0.0473 0.4453
267 0.1450 0.1696 0.1722 0.0735 0.4397
268 0.2377 0.2180 0.2756 0.0254 0.2433
269 0.3440 0.3083 0.2119 0.0351 0.1009
270 0.1077 0.2175 0.5303 0.1340 0.0106
271 0.3230 0.3108 0.1368 0.0289 0.2006
272 0.5225 0.1521 0.2449 0.0224 0.0582
273 0.5547 0.0934 0.1962 0.0964 0.0594
274 0.1104 0.0724 0.1764 0.6060 0.0347
275 0.0961 0.4175 0.3408 0.1294 0.0161
276 0.4663 0.2255 0.1755 0.0203 0.1125
277 0.3640 0.0618 0.4189 0.0806 0.0745
278 0.4558 0.1144 0.4087 0.0064 0.0148
279 0.1577 0.0516 0.2600 0.4563 0.0745
280 0.1982 0.0685 0.2468 0.3914 0.0952
281 0.0576 0.1459 0.4060 0.0541 0.3364
282 0.2910 0.1821 0.3511 0.0796 0.0960
283 0.3123 0.0975 0.0923 0.0967 0.4011
284 0.2834 0.1182 0.3262 0.1382 0.1339
285 0.2683 0.0684 0.2903 0.1068 0.2664
286 0.0404 0.0660 0.0714 0.7925 0.0298
287 0.0392 0.2659 0.2576 0.3718 0.0656
288 0.0410 0.1674 0.0925 0.6831 0.0161
289 0.0222 0.1368 0.2478 0.5762 0.0171
290 0.0368 0.1687 0.2035 0.5796 0.0113
291 0.2013 0.0471 0.3589 0.2524 0.1405
292 0.4036 0.0384 0.1279 0.1696 0.2605
293 0.3853 0.0759 0.1848 0.0936 0.2605
294 0.3630 0.1107 0.2720 0.2020 0.0523
295 0.2047 0.0624 0.1241 0.4009 0.2079
296 0.3806 0.0918 0.0985 0.0515 0.3777
297 0.4956 0.0961 0.1584 0.0247 0.2252
298 0.2915 0.0450 0.0635 0.3801 0.2200
299 0.2295 0.1459 0.2482 0.2769 0.0995
300 0.3801 0.3152 0.1023 0.0583 0.1443
301 0.3696 0.1392 0.2812 0.0964 0.1136
302 0.1779 0.0777 0.1021 0.5308 0.1113
303 0.4856 0.2480 0.1481 0.0303 0.0878
304 0.3914 0.1805 0.1232 0.2196 0.0853
305 0.3230 0.2069 0.0462 0.0157 0.4082
306 0.3218 0.1353 0.0513 0.0551 0.4365
307 0.3052 0.0410 0.1177 0.4238 0.1123
308 0.3318 0.0599 0.1438 0.2771 0.1875
309 0.3174 0.1097 0.2197 0.1418 0.2113
310 0.3323 0.2302 0.3074 0.0696 0.0605
311 0.2155 0.0352 0.2722 0.4561 0.0210
312 0.5908 0.0529 0.0781 0.2074 0.0706
313 0.5869 0.0555 0.0707 0.2061 0.0807
314 0.5483 0.0543 0.0719 0.2250 0.1006
315 0.1970 0.0822 0.1659 0.5190 0.0359
