time exciting_prob fearful_prob tense_prob sad_prob relaxing_prob
0 0.0728 0.0679 0.1566 0.1603 0.5425
1 0.2712 0.0639 0.0307 0.0231 0.6113
2 0.3062 0.0469 0.0259 0.0310 0.5898
3 0.2959 0.0494 0.0267 0.0397 0.5884
4 0.2837 0.0628 0.0396 0.0456 0.5684
5 0.1053 0.0497 0.0577 0.1862 0.6011
6 0.4326 0.0323 0.0734 0.1951 0.2666
7 0.3340 0.0366 0.0906 0.1392 0.3997
8 0.4893 0.0699 0.0805 0.0941 0.2661
9 0.5049 0.0705 0.0799 0.0338 0.3110
10 0.0650 0.0367 0.1925 0.2217 0.4841
11 0.3264 0.0214 0.1720 0.0124 0.4678
12 0.3860 0.0205 0.1243 0.0107 0.4585
13 0.2698 0.0349 0.2871 0.0216 0.3865
14 0.0866 0.0471 0.6548 0.0740 0.1373
15 0.2639 0.0392 0.2639 0.2598 0.1731
16 0.6328 0.0341 0.1841 0.0225 0.1266
17 0.5317 0.0345 0.2717 0.0129 0.1489
18 0.5884 0.0327 0.1809 0.0305 0.1674
19 0.3279 0.0720 0.3176 0.1016 0.1810
20 0.2556 0.0511 0.2053 0.4148 0.0732
21 0.0958 0.1471 0.6099 0.1299 0.0174
22 0.0870 0.1359 0.6040 0.1539 0.0190
23 0.0934 0.1434 0.6431 0.0927 0.0276
24 0.7173 0.0101 0.1285 0.1412 0.0031
25 0.0045 0.4546 0.5234 0.0171 0.0007
26 0.0208 0.3604 0.5244 0.0492 0.0451
27 0.0141 0.4287 0.4934 0.0558 0.0081
28 0.1774 0.3367 0.2542 0.1815 0.0504
29 0.1351 0.4500 0.2996 0.0770 0.0384
30 0.0094 0.1600 0.4417 0.3232 0.0657
31 0.0266 0.5303 0.3818 0.0590 0.0023
32 0.0142 0.5825 0.2839 0.1183 0.0013
33 0.1162 0.3811 0.2900 0.1552 0.0575
34 0.1453 0.3828 0.2322 0.1114 0.1283
35 0.0218 0.3467 0.2700 0.3523 0.0092
36 0.0929 0.3118 0.2263 0.3167 0.0525
37 0.0421 0.1423 0.6899 0.1180 0.0075
38 0.3511 0.0735 0.2568 0.2450 0.0735
39 0.5977 0.0946 0.2378 0.0578 0.0121
40 0.4187 0.1127 0.2725 0.1653 0.0311
41 0.0720 0.3103 0.5034 0.0961 0.0182
42 0.0275 0.2512 0.4841 0.2148 0.0221
43 0.6851 0.0987 0.1602 0.0346 0.0217
44 0.5532 0.1942 0.2184 0.0128 0.0215
45 0.0733 0.3665 0.5249 0.0224 0.0127
46 0.4243 0.1974 0.3279 0.0203 0.0300
47 0.4709 0.1948 0.2769 0.0188 0.0384
48 0.0149 0.5049 0.4119 0.0667 0.0018
49 0.1815 0.4089 0.2520 0.1425 0.0151
50 0.1609 0.4841 0.3276 0.0223 0.0052
51 0.3181 0.3230 0.3230 0.0220 0.0138
52 0.0346 0.2169 0.5894 0.1562 0.0027
53 0.2382 0.2871 0.3926 0.0709 0.0111
54 0.3376 0.2063 0.3538 0.0087 0.0938
55 0.0406 0.4648 0.0718 0.3916 0.0311
56 0.0484 0.7993 0.0904 0.0133 0.0487
57 0.0158 0.4792 0.4868 0.0173 0.0007
58 0.1403 0.4600 0.2769 0.0864 0.0363
59 0.0191 0.5728 0.3755 0.0306 0.0019
60 0.0224 0.1871 0.7637 0.0173 0.0093
61 0.1213 0.4724 0.3511 0.0203 0.0348
62 0.3091 0.3240 0.3315 0.0048 0.0306
63 0.0381 0.2798 0.6108 0.0654 0.0059
64 0.0516 0.5337 0.2350 0.0745 0.1051
65 0.0293 0.7441 0.1686 0.0526 0.0053
66 0.0587 0.0534 0.1322 0.7490 0.0065
67 0.0554 0.3997 0.3582 0.0278 0.1589
68 0.0504 0.2445 0.0638 0.5913 0.0501
69 0.0577 0.2842 0.4612 0.1835 0.0134
70 0.0460 0.8271 0.0914 0.0150 0.0202
71 0.0579 0.4211 0.3547 0.1599 0.0064
72 0.5337 0.2971 0.1404 0.0037 0.0252
73 0.0427 0.1943 0.2418 0.5117 0.0092
74 0.0278 0.5991 0.0598 0.3108 0.0022
75 0.2617 0.3467 0.2365 0.0589 0.0963
76 0.2825 0.4111 0.2803 0.0100 0.0162
77 0.1560 0.4658 0.2035 0.0748 0.0999
78 0.0444 0.6226 0.2457 0.0767 0.0103
79 0.0465 0.6367 0.2051 0.0903 0.0215
80 0.0493 0.1593 0.1567 0.5557 0.0789
81 0.0484 0.3748 0.4888 0.0773 0.0107
82 0.0703 0.5234 0.2632 0.1293 0.0138
83 0.0867 0.5107 0.2820 0.1157 0.0051
84 0.3083 0.2830 0.1049 0.2556 0.0480
85 0.1573 0.3438 0.4211 0.0395 0.0385
86 0.0941 0.1189 0.0884 0.4348 0.2637
87 0.1394 0.6152 0.1721 0.0375 0.0358
88 0.0583 0.5625 0.3010 0.0515 0.0267
89 0.1210 0.3240 0.4863 0.0229 0.0459
90 0.0715 0.1016 0.0519 0.6572 0.1179
91 0.0270 0.4192 0.1694 0.3477 0.0367
92 0.0811 0.4187 0.4526 0.0178 0.0298
93 0.0206 0.2128 0.7427 0.0204 0.0037
94 0.0554 0.3640 0.3816 0.1733 0.0256
95 0.0406 0.1213 0.1583 0.2693 0.4104
96 0.0551 0.0735 0.0502 0.5435 0.2776
97 0.0923 0.3030 0.1896 0.1262 0.2891
98 0.0456 0.2925 0.3018 0.1802 0.1802
99 0.0583 0.6992 0.1355 0.0556 0.0515
100 0.0536 0.3384 0.2554 0.0491 0.3035
101 0.0510 0.2798 0.1364 0.1620 0.3708
102 0.0261 0.3630 0.2004 0.1797 0.2307
103 0.3040 0.4124 0.1932 0.0178 0.0728
104 0.2788 0.4526 0.1493 0.0101 0.1092
105 0.2452 0.2693 0.1177 0.1595 0.2081
106 0.5840 0.1584 0.1699 0.0094 0.0784
107 0.3701 0.1120 0.4751 0.0190 0.0238
108 0.4875 0.1909 0.2734 0.0044 0.0436
109 0.0865 0.2245 0.4194 0.2544 0.0149
110 0.3577 0.1613 0.4666 0.0106 0.0038
111 0.0529 0.8208 0.0489 0.0272 0.0501
112 0.0769 0.3340 0.2947 0.2058 0.0885
113 0.0835 0.3054 0.5195 0.0848 0.0067
114 0.1134 0.1099 0.1637 0.0503 0.5625
115 0.0605 0.1475 0.1475 0.1301 0.5146
116 0.6660 0.2129 0.0620 0.0219 0.0373
117 0.2520 0.4087 0.2744 0.0346 0.0303
118 0.4255 0.3394 0.1948 0.0134 0.0268
119 0.5049 0.2189 0.2330 0.0255 0.0175
120 0.3171 0.2507 0.3977 0.0162 0.0182
121 0.6255 0.0419 0.0610 0.2488 0.0230
122 0.1279 0.4717 0.3589 0.0364 0.0052
123 0.0157 0.1759 0.1190 0.1127 0.5767
124 0.0147 0.2681 0.1180 0.2681 0.3311
125 0.2452 0.2632 0.3625 0.0332 0.0960
126 0.0877 0.3110 0.1092 0.1227 0.3694
127 0.0933 0.0272 0.6787 0.1975 0.0031
128 0.4729 0.2937 0.1837 0.0050 0.0447
129 0.1790 0.2209 0.0800 0.0449 0.4751
130 0.4673 0.2090 0.2971 0.0126 0.0139
131 0.4644 0.1736 0.3293 0.0105 0.0222
132 0.4534 0.2351 0.2686 0.0104 0.0326
133 0.2869 0.4622 0.2035 0.0293 0.0183
134 0.1406 0.6108 0.2391 0.0055 0.0041
135 0.5054 0.2705 0.1858 0.0112 0.0274
136 0.0433 0.0692 0.0241 0.0784 0.7852
137 0.1432 0.4995 0.3433 0.0109 0.0030
138 0.0707 0.4539 0.3704 0.0753 0.0299
139 0.1232 0.2162 0.1765 0.2629 0.2213
140 0.4004 0.3398 0.1982 0.0175 0.0442
141 0.0739 0.5376 0.0617 0.1843 0.1425
142 0.0663 0.2815 0.0581 0.1003 0.4939
143 0.4238 0.2251 0.2981 0.0102 0.0426
144 0.0804 0.5166 0.2517 0.1057 0.0458
145 0.3958 0.2637 0.2220 0.0199 0.0985
146 0.0999 0.3599 0.1454 0.1897 0.2051
147 0.5146 0.2063 0.2319 0.0260 0.0212
148 0.1702 0.0677 0.3230 0.4280 0.0111
149 0.1812 0.3010 0.3987 0.0823 0.0371
150 0.0847 0.5923 0.1113 0.0250 0.1864
151 0.3218 0.2544 0.3730 0.0415 0.0091
152 0.0319 0.2263 0.0294 0.1300 0.5825
153 0.5552 0.2463 0.1146 0.0250 0.0590
154 0.4819 0.0642 0.1947 0.2206 0.0386
155 0.3904 0.3555 0.2224 0.0056 0.0264
156 0.0918 0.1649 0.0969 0.2085 0.4380
157 0.1958 0.2986 0.3105 0.1274 0.0677
158 0.0607 0.2239 0.5498 0.1218 0.0438
159 0.1989 0.0704 0.4922 0.1958 0.0427
160 0.0867 0.2303 0.5312 0.1293 0.0223
161 0.1100 0.2023 0.3662 0.3037 0.0179
162 0.2629 0.1322 0.4404 0.1252 0.0391
163 0.0703 0.2397 0.5400 0.0754 0.0743
164 0.0881 0.3433 0.4512 0.0737 0.0436
165 0.4778 0.3086 0.1434 0.0225 0.0477
166 0.0860 0.0747 0.0989 0.6978 0.0426
167 0.1619 0.4468 0.2908 0.0211 0.0795
168 0.0659 0.3369 0.4128 0.1803 0.0041
169 0.2396 0.1547 0.4692 0.1344 0.0020
170 0.1635 0.4272 0.3486 0.0241 0.0367
171 0.1028 0.2228 0.1342 0.4229 0.1174
172 0.0995 0.3696 0.4124 0.0995 0.0188
173 0.1920 0.1721 0.5825 0.0497 0.0037
174 0.3833 0.3743 0.2117 0.0128 0.0179
175 0.0864 0.0864 0.3416 0.4741 0.0118
176 0.0794 0.1289 0.3191 0.4570 0.0154
177 0.0696 0.4299 0.4834 0.0072 0.0100
178 0.0679 0.4980 0.3191 0.0782 0.0367
179 0.0838 0.6191 0.2747 0.0113 0.0113
180 0.0133 0.6309 0.1793 0.1646 0.0121
181 0.0677 0.5620 0.3179 0.0310 0.0213
182 0.0478 0.5640 0.3164 0.0311 0.0409
183 0.0228 0.3879 0.5557 0.0136 0.0198
184 0.0277 0.7480 0.2144 0.0066 0.0034
185 0.0941 0.3552 0.5249 0.0110 0.0147
186 0.4731 0.2379 0.1973 0.0163 0.0754
187 0.0210 0.7300 0.2314 0.0108 0.0068
188 0.1469 0.3208 0.3335 0.1691 0.0298
189 0.0378 0.2079 0.4070 0.1395 0.2079
190 0.0632 0.1887 0.1902 0.1190 0.4387
191 0.1118 0.3184 0.2404 0.0232 0.3062
192 0.0448 0.4089 0.4353 0.0421 0.0688
193 0.0735 0.2930 0.2668 0.1439 0.2229
194 0.0580 0.2499 0.3037 0.3232 0.0652
195 0.1373 0.1631 0.3674 0.2300 0.1021
196 0.0183 0.7964 0.1696 0.0062 0.0096
197 0.0735 0.0770 0.5474 0.0419 0.2605
198 0.0441 0.0684 0.6851 0.1577 0.0448
199 0.0960 0.1006 0.1880 0.5029 0.1122
200 0.3250 0.1713 0.1609 0.1409 0.2018
201 0.0922 0.3193 0.5518 0.0235 0.0135
202 0.0583 0.1633 0.3406 0.2002 0.2377
203 0.0312 0.3921 0.2781 0.2269 0.0720
204 0.0625 0.5610 0.1940 0.1105 0.0719
205 0.1266 0.3108 0.5044 0.0145 0.0434
206 0.1500 0.1304 0.4551 0.1098 0.1548
207 0.2245 0.4463 0.1567 0.0839 0.0886
208 0.1105 0.5396 0.3223 0.0127 0.0147
209 0.0298 0.2200 0.5112 0.1536 0.0854
210 0.0409 0.0989 0.3677 0.1877 0.3047
211 0.0321 0.2000 0.3706 0.1281 0.2690
212 0.5488 0.1197 0.2343 0.0779 0.0191
213 0.0919 0.1065 0.3494 0.3835 0.0688
214 0.0726 0.6372 0.2086 0.0261 0.0553
215 0.0310 0.3494 0.2764 0.2942 0.0488
216 0.4399 0.2355 0.1112 0.2078 0.0056
217 0.3628 0.2455 0.2343 0.0271 0.1304
218 0.0977 0.6030 0.2202 0.0298 0.0491
219 0.3914 0.2468 0.2338 0.0226 0.1053
220 0.0731 0.5796 0.2397 0.0235 0.0842
221 0.1390 0.2310 0.5586 0.0267 0.0448
222 0.0608 0.4121 0.4187 0.0898 0.0185
223 0.0711 0.6338 0.1979 0.0299 0.0673
224 0.1010 0.0812 0.5815 0.0122 0.2241
225 0.1339 0.3967 0.1035 0.1076 0.2581
226 0.1770 0.1295 0.6274 0.0210 0.0451
227 0.0450 0.2179 0.6714 0.0555 0.0103
228 0.0599 0.6597 0.2012 0.0231 0.0563
229 0.0577 0.3943 0.4609 0.0497 0.0373
230 0.1510 0.4724 0.3003 0.0214 0.0551
231 0.2683 0.1678 0.3875 0.0689 0.1075
232 0.0975 0.4373 0.3513 0.0426 0.0714
233 0.0480 0.1637 0.5366 0.1943 0.0574
234 0.1083 0.1771 0.4216 0.2440 0.0488
235 0.0822 0.6221 0.2288 0.0243 0.0427
236 0.0481 0.3340 0.3875 0.1248 0.1059
237 0.0377 0.4248 0.3108 0.0677 0.1588
238 0.0222 0.1013 0.2585 0.5737 0.0443
239 0.0362 0.7549 0.1312 0.0605 0.0171
240 0.0721 0.4277 0.3865 0.0570 0.0565
241 0.1013 0.3823 0.3425 0.1037 0.0701
242 0.0693 0.3279 0.2272 0.1958 0.1797
243 0.3103 0.2324 0.2634 0.0518 0.1421
244 0.1891 0.4465 0.2930 0.0168 0.0546
245 0.0704 0.4182 0.4595 0.0296 0.0223
246 0.2211 0.3369 0.3848 0.0219 0.0352
247 0.0216 0.0488 0.4346 0.4849 0.0102
248 0.1746 0.3667 0.3584 0.0118 0.0885
249 0.0189 0.1866 0.5840 0.0778 0.1324
250 0.0646 0.4624 0.4412 0.0151 0.0168
251 0.0253 0.2400 0.3491 0.2986 0.0869
252 0.1276 0.1814 0.5991 0.0739 0.0180
253 0.0714 0.1354 0.2017 0.5396 0.0522
254 0.3030 0.3489 0.2959 0.0149 0.0374
255 0.0660 0.6934 0.1753 0.0351 0.0302
256 0.0168 0.0988 0.3728 0.3501 0.1616
257 0.0265 0.2203 0.5205 0.1456 0.0870
258 0.2551 0.2651 0.4238 0.0232 0.0327
259 0.3179 0.3411 0.3032 0.0071 0.0307
260 0.1556 0.4504 0.3425 0.0378 0.0135
261 0.0942 0.2483 0.4785 0.1318 0.0470
262 0.1558 0.1923 0.5225 0.0982 0.0311
263 0.0745 0.1067 0.3582 0.2330 0.2277
264 0.3657 0.2271 0.2761 0.0117 0.1196
265 0.0312 0.5039 0.3630 0.0767 0.0249
266 0.0419 0.3789 0.3242 0.1936 0.0614
267 0.1028 0.5518 0.2773 0.0134 0.0546
268 0.1390 0.2681 0.4705 0.0844 0.0380
269 0.0919 0.4248 0.3132 0.0602 0.1099
270 0.2761 0.1798 0.5039 0.0206 0.0192
271 0.1561 0.5244 0.0667 0.1152 0.1378
272 0.1277 0.5210 0.2057 0.0585 0.0871
273 0.4158 0.2296 0.2042 0.0838 0.0668
274 0.1921 0.4294 0.2410 0.1165 0.0209
275 0.0439 0.1581 0.3853 0.4036 0.0091
276 0.0137 0.1820 0.7783 0.0235 0.0023
277 0.0597 0.0502 0.4548 0.4207 0.0146
278 0.0553 0.2764 0.5161 0.1025 0.0496
279 0.2379 0.1048 0.3955 0.2035 0.0583
280 0.2323 0.0725 0.5483 0.0676 0.0790
281 0.7559 0.1421 0.0828 0.0071 0.0120
282 0.3303 0.2397 0.4080 0.0057 0.0162
283 0.0165 0.0825 0.8867 0.0124 0.0019
284 0.4099 0.2195 0.2467 0.0795 0.0443
285 0.4226 0.3091 0.1965 0.0463 0.0254
286 0.0275 0.1176 0.1176 0.7207 0.0168
287 0.0812 0.3528 0.4189 0.1278 0.0190
288 0.1451 0.1848 0.5605 0.0513 0.0582
289 0.0728 0.2881 0.4192 0.0609 0.1591
290 0.0392 0.3933 0.4746 0.0325 0.0603
291 0.6489 0.1154 0.0558 0.1459 0.0341
292 0.5908 0.0627 0.0516 0.2834 0.0113
293 0.6880 0.0720 0.0472 0.1837 0.0093
294 0.3650 0.2321 0.1282 0.2357 0.0391
295 0.3420 0.2107 0.1278 0.2791 0.0405
296 0.3494 0.2119 0.1266 0.2722 0.0398
297 0.3821 0.2428 0.1250 0.1981 0.0521
298 0.3896 0.2438 0.1245 0.1898 0.0523
299 0.4390 0.2241 0.1181 0.1719 0.0470
300 0.4346 0.2255 0.1188 0.1755 0.0458
301 0.4346 0.2255 0.1188 0.1755 0.0458
302 0.4390 0.2386 0.1182 0.1565 0.0477
303 0.4390 0.2386 0.1182 0.1565 0.0477
304 0.4363 0.2446 0.1138 0.1580 0.0474
