time exciting_prob fearful_prob tense_prob sad_prob relaxing_prob
0 0.0447 0.1660 0.2571 0.4512 0.0809
1 0.0359 0.3599 0.2252 0.2893 0.0896
2 0.0481 0.4255 0.3113 0.1339 0.0812
3 0.0444 0.3083 0.2255 0.3440 0.0779
4 0.0504 0.3337 0.1067 0.4026 0.1067
5 0.0282 0.0615 0.2913 0.0119 0.6069
6 0.0755 0.2151 0.2637 0.3547 0.0911
7 0.0958 0.3291 0.3672 0.1137 0.0943
8 0.1221 0.3191 0.3730 0.0813 0.1044
9 0.0771 0.0206 0.1312 0.3887 0.3826
10 0.0920 0.0285 0.1318 0.4460 0.3018
11 0.0089 0.0037 0.0154 0.0331 0.9390
12 0.0011 0.0034 0.0087 0.0012 0.9854
13 0.0651 0.1945 0.2576 0.3992 0.0836
14 0.0955 0.2069 0.3689 0.2382 0.0904
15 0.0272 0.0087 0.0219 0.0331 0.9092
16 0.0308 0.0081 0.0249 0.0158 0.9204
17 0.0657 0.2786 0.4929 0.0312 0.1316
18 0.1074 0.1611 0.1514 0.3306 0.2495
19 0.0639 0.1251 0.7427 0.0199 0.0482
20 0.1058 0.2347 0.4893 0.0408 0.1296
21 0.0575 0.2203 0.1274 0.3413 0.2537
22 0.0016 0.0062 0.0145 0.0023 0.9756
23 0.0036 0.0102 0.0153 0.0007 0.9702
24 0.1741 0.2379 0.1225 0.0671 0.3984
25 0.1063 0.2629 0.2629 0.1954 0.1725
26 0.1059 0.2173 0.1127 0.4973 0.0668
27 0.0967 0.2651 0.1711 0.4170 0.0502
28 0.1748 0.1682 0.3560 0.0966 0.2045
29 0.1315 0.2783 0.2871 0.2307 0.0726
30 0.1536 0.2067 0.1912 0.3462 0.1024
31 0.1257 0.3696 0.1917 0.1516 0.1614
32 0.1292 0.2910 0.2096 0.2910 0.0795
33 0.2561 0.1654 0.2561 0.1229 0.1995
34 0.2825 0.1713 0.2183 0.1047 0.2234
35 0.1027 0.3699 0.1566 0.3213 0.0497
36 0.0745 0.3210 0.2620 0.1447 0.1978
37 0.0684 0.1011 0.1299 0.1278 0.5728
38 0.1033 0.1813 0.4700 0.1285 0.1170
39 0.0647 0.2385 0.5420 0.0201 0.1349
40 0.0155 0.1643 0.7964 0.0096 0.0141
41 0.1001 0.0699 0.2006 0.0165 0.6128
42 0.0887 0.5024 0.0974 0.1606 0.1509
43 0.1136 0.2856 0.1307 0.0378 0.4321
44 0.0318 0.0485 0.0235 0.0161 0.8799
45 0.0171 0.2002 0.0330 0.0286 0.7212
46 0.1552 0.0617 0.5010 0.1992 0.0831
47 0.3296 0.1428 0.1848 0.0609 0.2817
48 0.2313 0.2703 0.0757 0.1565 0.2661
49 0.0811 0.1514 0.2202 0.1422 0.4050
50 0.1561 0.0661 0.5361 0.1142 0.1273
51 0.1210 0.3501 0.2295 0.2368 0.0627
52 0.0478 0.0618 0.0276 0.0024 0.8604
53 0.0402 0.3369 0.5054 0.0628 0.0546
54 0.0280 0.3638 0.3752 0.0927 0.1403
55 0.0619 0.3374 0.4133 0.1321 0.0551
56 0.1680 0.1627 0.1068 0.2856 0.2769
57 0.1377 0.3743 0.1536 0.1244 0.2100
58 0.0406 0.3403 0.0930 0.0959 0.4302
59 0.0469 0.0417 0.0507 0.0034 0.8574
60 0.0253 0.0552 0.0319 0.0041 0.8833
61 0.1027 0.3555 0.3237 0.0722 0.1459
62 0.0682 0.1687 0.5195 0.0992 0.1443
63 0.1348 0.0330 0.5332 0.2257 0.0733
64 0.0930 0.1499 0.1071 0.2130 0.4370
65 0.2150 0.2986 0.2915 0.0876 0.1073
66 0.0164 0.0518 0.0224 0.0056 0.9038
67 0.0186 0.0541 0.0229 0.0026 0.9019
68 0.2423 0.4253 0.2443 0.0389 0.0492
69 0.1871 0.0366 0.1458 0.2639 0.3665
70 0.0731 0.1245 0.2289 0.1324 0.4412
71 0.0867 0.3826 0.1752 0.0665 0.2888
72 0.1459 0.1414 0.5337 0.1101 0.0689
73 0.0098 0.0193 0.0141 0.0126 0.9443
74 0.0355 0.0459 0.0431 0.0100 0.8657
75 0.1514 0.0671 0.4590 0.0651 0.2576
76 0.1076 0.4897 0.3018 0.0800 0.0210
77 0.1538 0.1945 0.4592 0.0727 0.1198
78 0.0484 0.1526 0.5498 0.2220 0.0272
79 0.0298 0.1512 0.3435 0.0676 0.4080
80 0.0517 0.2666 0.4001 0.0387 0.2428
81 0.0033 0.0065 0.0111 0.0023 0.9766
82 0.0786 0.0933 0.2007 0.5898 0.0377
83 0.0411 0.1625 0.0612 0.2722 0.4629
84 0.0280 0.2089 0.0504 0.0694 0.6431
85 0.0319 0.2197 0.0635 0.0237 0.6611
86 0.0852 0.0599 0.0966 0.0776 0.6807
87 0.0897 0.0602 0.0792 0.0488 0.7222
88 0.0195 0.0348 0.0154 0.0185 0.9116
89 0.1541 0.1678 0.3965 0.1136 0.1678
90 0.0923 0.2957 0.3855 0.0530 0.1737
91 0.1066 0.5088 0.2478 0.0786 0.0584
92 0.0885 0.6050 0.1641 0.0740 0.0684
93 0.0356 0.1022 0.0298 0.0284 0.8042
94 0.0163 0.1333 0.0218 0.0055 0.8232
95 0.0845 0.3215 0.1891 0.0907 0.3142
96 0.2705 0.2208 0.2208 0.1802 0.1076
97 0.3164 0.1146 0.1831 0.3188 0.0668
98 0.1064 0.4922 0.3384 0.0287 0.0343
99 0.0787 0.5010 0.3552 0.0046 0.0603
100 0.1246 0.1116 0.1599 0.5083 0.0955
101 0.0731 0.1925 0.1323 0.5840 0.0182
102 0.1080 0.4993 0.3433 0.0151 0.0345
103 0.0175 0.7905 0.1037 0.0713 0.0168
104 0.0490 0.8608 0.0501 0.0037 0.0364
105 0.0303 0.8325 0.0739 0.0441 0.0191
106 0.1097 0.4619 0.2673 0.0692 0.0917
107 0.0948 0.1689 0.3467 0.1237 0.2659
108 0.2930 0.1362 0.0390 0.2627 0.2690
109 0.0744 0.1100 0.1677 0.5854 0.0627
110 0.0780 0.2188 0.2087 0.2722 0.2222
111 0.0546 0.1289 0.2228 0.1508 0.4431
112 0.0334 0.8423 0.0708 0.0112 0.0423
113 0.2323 0.5361 0.1713 0.0106 0.0498
114 0.1439 0.5649 0.0490 0.0087 0.2336
115 0.1006 0.3049 0.1938 0.0327 0.3679
116 0.0955 0.5371 0.1538 0.1716 0.0421
117 0.0765 0.6455 0.1632 0.0110 0.1038
118 0.0388 0.5889 0.2869 0.0417 0.0437
119 0.0984 0.1187 0.1896 0.1015 0.4919
120 0.0302 0.0820 0.3242 0.0453 0.5181
121 0.2194 0.5386 0.0900 0.0334 0.1183
122 0.0964 0.6045 0.1493 0.0473 0.1026
123 0.0166 0.8628 0.1030 0.0069 0.0108
124 0.1271 0.5649 0.0718 0.0057 0.2301
125 0.1173 0.3613 0.2244 0.0406 0.2563
126 0.0436 0.2932 0.5146 0.0394 0.1096
127 0.0688 0.3958 0.4414 0.0561 0.0380
128 0.1361 0.5059 0.2175 0.0222 0.1183
129 0.0341 0.1885 0.5625 0.0351 0.1798
130 0.0387 0.1351 0.0929 0.0196 0.7139
131 0.0162 0.9502 0.0261 0.0010 0.0064
132 0.2590 0.2303 0.0514 0.0765 0.3828
133 0.3601 0.3833 0.0925 0.0523 0.1116
134 0.3201 0.2200 0.1064 0.0778 0.2759
135 0.0582 0.1924 0.1262 0.0067 0.6162
136 0.0184 0.0474 0.0214 0.0042 0.9087
137 0.0723 0.6143 0.2483 0.0516 0.0134
138 0.2363 0.3230 0.2458 0.0804 0.1143
139 0.2666 0.2408 0.1604 0.1165 0.2158
140 0.1058 0.2520 0.1010 0.3208 0.2206
141 0.0554 0.7471 0.1027 0.0062 0.0886
142 0.2455 0.2532 0.0737 0.2288 0.1987
143 0.2478 0.3928 0.0986 0.0536 0.2070
144 0.1788 0.2949 0.1667 0.0456 0.3140
145 0.0313 0.1719 0.0717 0.0128 0.7124
146 0.1154 0.5815 0.0787 0.0219 0.2025
147 0.0873 0.4688 0.0834 0.0151 0.3455
148 0.0356 0.0833 0.0542 0.0112 0.8159
149 0.3589 0.3320 0.1250 0.0235 0.1605
150 0.4114 0.3630 0.1170 0.0083 0.1000
151 0.0809 0.5151 0.1985 0.0055 0.2001
152 0.0734 0.3264 0.2279 0.0137 0.3586
153 0.1926 0.5117 0.1224 0.0931 0.0803
154 0.2080 0.4951 0.1385 0.0502 0.1079
155 0.1001 0.5454 0.1650 0.1083 0.0811
156 0.0475 0.1659 0.2957 0.3301 0.1608
157 0.0782 0.3000 0.1923 0.0129 0.4165
158 0.1982 0.3372 0.1240 0.2045 0.1362
159 0.0345 0.3743 0.2200 0.0143 0.3569
160 0.0407 0.1743 0.2786 0.1198 0.3867
161 0.0243 0.2202 0.3203 0.0238 0.4114
162 0.0641 0.2576 0.1960 0.0229 0.4592
163 0.0794 0.1949 0.1531 0.0083 0.5645
164 0.0415 0.5137 0.2925 0.0845 0.0679
165 0.1122 0.5923 0.0959 0.0413 0.1582
166 0.0803 0.2166 0.2067 0.0854 0.4109
167 0.1276 0.1237 0.4119 0.2786 0.0584
168 0.0797 0.2068 0.2827 0.1107 0.3203
169 0.1079 0.4233 0.2249 0.1343 0.1096
170 0.2467 0.3071 0.1617 0.2144 0.0701
171 0.0545 0.2207 0.2664 0.0264 0.4321
172 0.1041 0.2917 0.4246 0.1295 0.0499
173 0.0961 0.1466 0.4517 0.2307 0.0749
174 0.0731 0.2399 0.2717 0.2676 0.1477
175 0.1098 0.1432 0.2939 0.4343 0.0189
176 0.0762 0.2499 0.1915 0.2205 0.2620
177 0.0872 0.0489 0.2815 0.1790 0.4033
178 0.0833 0.2861 0.2159 0.3850 0.0299
179 0.1108 0.5288 0.3035 0.0146 0.0424
180 0.0405 0.2642 0.6143 0.0438 0.0375
181 0.1164 0.2407 0.5015 0.1137 0.0276
182 0.0397 0.6304 0.2338 0.0753 0.0209
183 0.1121 0.6553 0.1709 0.0111 0.0509
184 0.0928 0.5596 0.2389 0.0074 0.1011
185 0.1549 0.4312 0.3254 0.0174 0.0709
186 0.1327 0.1190 0.2294 0.4854 0.0336
187 0.0925 0.5981 0.2101 0.0444 0.0548
188 0.1373 0.4575 0.2128 0.0605 0.1321
189 0.1310 0.3792 0.3506 0.0701 0.0690
190 0.0832 0.5771 0.3188 0.0041 0.0166
191 0.1215 0.4045 0.4109 0.0135 0.0498
192 0.0894 0.3074 0.3323 0.2146 0.0564
193 0.0558 0.4707 0.4026 0.0481 0.0229
194 0.0617 0.3442 0.3723 0.1412 0.0805
195 0.1054 0.4136 0.2864 0.0713 0.1232
196 0.0894 0.5518 0.2668 0.0546 0.0373
197 0.1794 0.2130 0.4075 0.1071 0.0931
198 0.1092 0.4153 0.2969 0.0296 0.1492
199 0.1090 0.4663 0.3359 0.0515 0.0374
200 0.0560 0.6460 0.1986 0.0397 0.0596
201 0.0586 0.3879 0.4607 0.0634 0.0292
202 0.0340 0.6777 0.2654 0.0135 0.0094
203 0.0380 0.4177 0.2101 0.0189 0.3154
204 0.0271 0.4038 0.5024 0.0061 0.0605
205 0.1390 0.2257 0.1600 0.3960 0.0792
206 0.1296 0.2808 0.2103 0.2744 0.1049
207 0.0451 0.3662 0.2764 0.0360 0.2764
208 0.0720 0.3357 0.4661 0.0216 0.1048
209 0.0950 0.2333 0.1201 0.0299 0.5215
210 0.0693 0.0876 0.1226 0.0315 0.6890
211 0.0998 0.4268 0.3123 0.0256 0.1354
212 0.1428 0.4070 0.3704 0.0139 0.0659
213 0.1176 0.6660 0.0747 0.0076 0.1343
214 0.0557 0.2659 0.2537 0.0255 0.3992
215 0.0767 0.4414 0.2363 0.2152 0.0303
216 0.1005 0.1212 0.4165 0.3047 0.0568
217 0.0505 0.1475 0.1375 0.0342 0.6304
218 0.0481 0.2140 0.1747 0.0375 0.5259
219 0.0191 0.0743 0.1098 0.0227 0.7739
220 0.0187 0.0422 0.0859 0.0128 0.8403
221 0.1235 0.2634 0.4517 0.0236 0.1378
222 0.0508 0.0602 0.0792 0.0099 0.7998
223 0.0676 0.2471 0.1243 0.0213 0.5396
224 0.0546 0.2042 0.1404 0.0279 0.5728
225 0.1085 0.2793 0.1129 0.2749 0.2244
226 0.1172 0.3499 0.3499 0.0787 0.1042
227 0.0461 0.2712 0.4761 0.0881 0.1185
228 0.1848 0.1619 0.1619 0.0233 0.4683
229 0.3386 0.1479 0.0562 0.1237 0.3335
230 0.4021 0.1885 0.1337 0.0919 0.1841
231 0.3408 0.2939 0.1245 0.0626 0.1782
232 0.2085 0.1990 0.1133 0.2896 0.1898
233 0.1024 0.3157 0.3521 0.1226 0.1074
234 0.2079 0.2979 0.1724 0.2430 0.0789
235 0.3242 0.2467 0.1833 0.1095 0.1362
236 0.3179 0.3203 0.1367 0.0829 0.1422
237 0.2433 0.3352 0.1293 0.0725 0.2198
238 0.0831 0.3418 0.1448 0.0338 0.3965
239 0.1392 0.2561 0.1436 0.1002 0.3611
240 0.0897 0.1049 0.2852 0.0715 0.4487
241 0.1880 0.5356 0.0676 0.0072 0.2017
242 0.1266 0.0657 0.2944 0.1527 0.3606
243 0.0459 0.2771 0.5015 0.0272 0.1483
244 0.0537 0.3113 0.4976 0.0363 0.1011
245 0.2322 0.3328 0.1454 0.0539 0.2358
246 0.1014 0.2018 0.1571 0.3379 0.2018
247 0.0665 0.4478 0.2018 0.0868 0.1971
248 0.2230 0.2079 0.2230 0.0644 0.2817
249 0.0826 0.2688 0.2795 0.0266 0.3425
250 0.1152 0.3132 0.2086 0.1189 0.2439
251 0.0701 0.4714 0.2091 0.1628 0.0865
252 0.2949 0.1578 0.1578 0.2686 0.1210
253 0.7593 0.1019 0.0215 0.0893 0.0281
254 0.7490 0.0982 0.0241 0.1013 0.0275
255 0.7480 0.0989 0.0244 0.1013 0.0275
256 0.7495 0.0983 0.0239 0.1006 0.0275
257 0.7549 0.1013 0.0235 0.0945 0.0260
258 0.2037 0.2830 0.2496 0.2310 0.0327
259 0.2037 0.2830 0.2496 0.2310 0.0327
