time exciting_prob fearful_prob tense_prob sad_prob relaxing_prob
0 0.0487 0.1031 0.2473 0.5752 0.0257
1 0.2766 0.1381 0.1017 0.3635 0.1199
2 0.0695 0.0614 0.0928 0.7021 0.0740
3 0.0594 0.0775 0.2074 0.6289 0.0268
4 0.1256 0.0427 0.0488 0.7754 0.0075
5 0.0681 0.1559 0.0297 0.7378 0.0087
6 0.0640 0.0400 0.0681 0.6670 0.1609
7 0.1599 0.0699 0.1346 0.4626 0.1729
8 0.0411 0.0452 0.0452 0.8452 0.0232
9 0.3450 0.0576 0.0509 0.2903 0.2563
10 0.3979 0.0237 0.0625 0.2529 0.2629
11 0.1426 0.1154 0.1774 0.2090 0.3555
12 0.2227 0.0757 0.0907 0.1320 0.4790
13 0.3794 0.0997 0.1062 0.1968 0.2179
14 0.3374 0.0937 0.0659 0.1497 0.3535
15 0.2438 0.1125 0.0862 0.1490 0.4084
16 0.4436 0.1149 0.1498 0.0853 0.2063
17 0.7046 0.0725 0.0909 0.0635 0.0687
18 0.6055 0.1735 0.0623 0.1279 0.0311
19 0.4182 0.2478 0.1730 0.0441 0.1170
20 0.5229 0.2394 0.1185 0.0439 0.0753
21 0.4233 0.3323 0.1632 0.0490 0.0324
22 0.4148 0.3010 0.1611 0.0588 0.0641
23 0.4873 0.2888 0.1158 0.0547 0.0534
24 0.2913 0.1924 0.1738 0.1780 0.1646
25 0.0330 0.2744 0.1401 0.4055 0.1469
26 0.0651 0.1116 0.1610 0.5981 0.0640
27 0.3000 0.0873 0.1353 0.3481 0.1290
28 0.4338 0.1283 0.1547 0.1499 0.1333
29 0.0690 0.0653 0.0372 0.6006 0.2279
30 0.1080 0.0772 0.0468 0.6167 0.1511
31 0.2546 0.0820 0.0959 0.4612 0.1061
32 0.3682 0.1080 0.0848 0.3149 0.1243
33 0.0690 0.0613 0.1182 0.7129 0.0384
34 0.1747 0.0825 0.0920 0.5640 0.0872
35 0.0424 0.0251 0.0247 0.7998 0.1082
36 0.3115 0.1249 0.1111 0.2664 0.1860
37 0.3508 0.0922 0.0930 0.3245 0.1395
38 0.0307 0.2283 0.2212 0.4719 0.0479
39 0.0395 0.2054 0.1180 0.4558 0.1813
40 0.0636 0.0312 0.0368 0.6631 0.2053
41 0.1508 0.0482 0.0813 0.4360 0.2837
42 0.0293 0.3711 0.3030 0.2759 0.0208
43 0.0723 0.3875 0.2369 0.2791 0.0242
44 0.0316 0.2527 0.2062 0.5024 0.0072
45 0.0511 0.2151 0.1065 0.4700 0.1573
46 0.1503 0.0688 0.0699 0.6479 0.0632
47 0.3943 0.1520 0.0795 0.3069 0.0674
48 0.2134 0.1561 0.2615 0.3411 0.0280
49 0.2042 0.2502 0.2278 0.2705 0.0474
50 0.3850 0.1804 0.1183 0.2710 0.0453
51 0.3792 0.2625 0.1342 0.1804 0.0439
52 0.3762 0.2178 0.1497 0.2078 0.0486
53 0.2091 0.0525 0.4392 0.2369 0.0623
54 0.2279 0.0776 0.4128 0.2227 0.0590
55 0.4128 0.1721 0.3069 0.1061 0.0019
56 0.2871 0.1444 0.3154 0.1586 0.0947
57 0.3022 0.2372 0.2109 0.1036 0.1461
58 0.2117 0.1549 0.4019 0.1573 0.0743
59 0.1216 0.0779 0.0511 0.5752 0.1741
60 0.3125 0.0984 0.3953 0.1123 0.0815
61 0.2262 0.1655 0.3396 0.1860 0.0826
62 0.0657 0.0424 0.0544 0.4417 0.3960
63 0.1935 0.0669 0.0872 0.4980 0.1543
64 0.4119 0.2329 0.1025 0.1600 0.0927
65 0.2328 0.2808 0.0850 0.2898 0.1117
66 0.3599 0.0583 0.0924 0.0882 0.4014
67 0.4312 0.0940 0.0849 0.0693 0.3206
68 0.4292 0.2059 0.0638 0.2280 0.0729
69 0.4829 0.2013 0.1053 0.1656 0.0449
70 0.4055 0.2054 0.1423 0.1664 0.0804
71 0.3972 0.2998 0.2263 0.0467 0.0297
72 0.4370 0.0901 0.0686 0.2981 0.1063
73 0.2275 0.0278 0.0187 0.2876 0.4385
74 0.4304 0.0635 0.0305 0.1753 0.3005
75 0.2250 0.0420 0.0279 0.2715 0.4336
76 0.0513 0.1630 0.0659 0.5869 0.1331
77 0.0303 0.0904 0.0365 0.6890 0.1538
78 0.0582 0.2319 0.0827 0.4910 0.1364
79 0.1367 0.3491 0.0955 0.2052 0.2134
80 0.1528 0.2385 0.2258 0.3608 0.0220
81 0.0504 0.2405 0.5171 0.1678 0.0240
82 0.0467 0.0758 0.4646 0.3911 0.0217
83 0.0615 0.0719 0.2549 0.5835 0.0282
84 0.0994 0.1276 0.3635 0.3931 0.0164
85 0.4656 0.1039 0.3406 0.0472 0.0426
86 0.1969 0.0490 0.3796 0.3350 0.0394
87 0.1517 0.1145 0.5728 0.0806 0.0806
88 0.1831 0.4226 0.3291 0.0384 0.0268
89 0.1780 0.2913 0.2216 0.0754 0.2340
90 0.0621 0.6626 0.1840 0.0276 0.0641
91 0.1429 0.3706 0.3296 0.0538 0.1029
92 0.0363 0.1858 0.1978 0.1744 0.4058
93 0.5317 0.1897 0.1399 0.0917 0.0468
94 0.6265 0.1910 0.1072 0.0430 0.0322
95 0.3428 0.1497 0.2979 0.1863 0.0235
96 0.3298 0.2910 0.1312 0.2064 0.0416
97 0.1019 0.0648 0.1146 0.5684 0.1505
98 0.0774 0.0278 0.0863 0.7339 0.0744
99 0.1801 0.2224 0.1932 0.1602 0.2443
100 0.0339 0.1011 0.0638 0.7832 0.0180
101 0.1320 0.0517 0.0375 0.5776 0.2012
102 0.1603 0.0412 0.0623 0.6440 0.0921
103 0.0064 0.2253 0.0842 0.6836 0.0006
104 0.0067 0.1522 0.1030 0.7373 0.0007
105 0.0053 0.1344 0.0731 0.7856 0.0017
106 0.0150 0.6636 0.0677 0.2517 0.0020
107 0.0077 0.3118 0.0471 0.6299 0.0037
108 0.0227 0.5767 0.0488 0.3184 0.0336
109 0.0029 0.1763 0.0425 0.7778 0.0005
110 0.0042 0.5850 0.0386 0.3718 0.0003
111 0.0291 0.7998 0.0829 0.0330 0.0553
112 0.0363 0.0406 0.0958 0.4714 0.3560
113 0.0438 0.0637 0.0831 0.5010 0.3086
114 0.0334 0.0264 0.0775 0.4751 0.3877
115 0.0505 0.0659 0.1373 0.3733 0.3733
116 0.0383 0.1075 0.0632 0.6484 0.1425
117 0.1136 0.2443 0.1136 0.3997 0.1288
118 0.1637 0.1433 0.1346 0.3464 0.2118
119 0.1039 0.0731 0.0809 0.5273 0.2147
120 0.1565 0.0477 0.0386 0.4387 0.3186
121 0.1503 0.0401 0.0744 0.6680 0.0672
122 0.1848 0.1395 0.1212 0.4070 0.1473
123 0.3340 0.3726 0.1641 0.0950 0.0344
124 0.3225 0.1039 0.1635 0.2115 0.1987
125 0.3010 0.1207 0.2380 0.0829 0.2573
126 0.0884 0.2041 0.4390 0.2581 0.0106
127 0.1726 0.1547 0.3486 0.2981 0.0258
128 0.1501 0.2117 0.3438 0.2761 0.0184
129 0.0472 0.6934 0.1726 0.0848 0.0019
130 0.0291 0.4773 0.2118 0.2805 0.0012
131 0.0506 0.4043 0.3623 0.1766 0.0063
132 0.0510 0.7324 0.1635 0.0518 0.0011
133 0.0981 0.6299 0.1383 0.1279 0.0060
134 0.1741 0.1466 0.0917 0.5801 0.0077
135 0.4482 0.3130 0.1335 0.0842 0.0211
136 0.1835 0.1332 0.0952 0.5781 0.0099
137 0.1602 0.2106 0.0344 0.5903 0.0046
138 0.4084 0.3838 0.0911 0.0978 0.0188
139 0.5356 0.2472 0.1097 0.0379 0.0697
140 0.0981 0.3167 0.4866 0.0852 0.0135
141 0.0213 0.1801 0.1257 0.6689 0.0038
142 0.3267 0.2974 0.2861 0.0614 0.0285
143 0.3516 0.3862 0.1622 0.0822 0.0178
144 0.1890 0.6343 0.0326 0.1393 0.0052
145 0.2233 0.0671 0.1686 0.4373 0.1038
146 0.1159 0.0630 0.0903 0.6167 0.1141
147 0.1742 0.0810 0.1825 0.4180 0.1444
148 0.3564 0.1122 0.1353 0.3120 0.0840
149 0.0417 0.1098 0.0760 0.7217 0.0511
150 0.0699 0.0157 0.0589 0.8130 0.0424
151 0.0741 0.0412 0.0429 0.6655 0.1764
152 0.3809 0.1379 0.1515 0.2239 0.1058
153 0.2625 0.2837 0.1708 0.0865 0.1965
154 0.1759 0.2620 0.2480 0.3088 0.0052
155 0.1648 0.1754 0.1398 0.4958 0.0243
156 0.1993 0.2330 0.2385 0.3159 0.0130
157 0.1168 0.2166 0.5273 0.1355 0.0036
158 0.1565 0.1858 0.5293 0.1228 0.0058
159 0.2211 0.5142 0.1416 0.1094 0.0138
160 0.4177 0.3357 0.1825 0.0515 0.0128
161 0.0353 0.1130 0.7720 0.0741 0.0055
162 0.0226 0.1500 0.5488 0.1754 0.1031
163 0.0370 0.1428 0.7603 0.0559 0.0041
164 0.1261 0.1071 0.6714 0.0923 0.0033
165 0.0851 0.1209 0.6851 0.1058 0.0032
166 0.0368 0.1771 0.6479 0.1317 0.0062
167 0.1631 0.1982 0.1892 0.2178 0.2318
168 0.0755 0.0565 0.1598 0.6519 0.0561
169 0.3450 0.1299 0.2244 0.2028 0.0980
170 0.2482 0.0899 0.1154 0.4158 0.1307
171 0.2087 0.1337 0.2136 0.4216 0.0223
172 0.4370 0.1547 0.1672 0.2214 0.0197
173 0.4302 0.1659 0.1385 0.2510 0.0144
174 0.3416 0.0603 0.0540 0.5293 0.0150
175 0.3464 0.1702 0.0755 0.3894 0.0184
176 0.5356 0.1355 0.1158 0.1387 0.0742
177 0.3184 0.1002 0.0500 0.3159 0.2155
178 0.2930 0.0609 0.0989 0.3940 0.1532
179 0.2471 0.0784 0.1088 0.4836 0.0821
180 0.1863 0.3374 0.2507 0.1321 0.0937
181 0.1427 0.1935 0.2952 0.2729 0.0958
182 0.1334 0.2891 0.1866 0.2360 0.1548
183 0.0764 0.2793 0.3091 0.3020 0.0331
184 0.1753 0.1243 0.4954 0.1740 0.0312
185 0.6582 0.0431 0.0338 0.2556 0.0093
186 0.5371 0.0594 0.0106 0.3159 0.0768
187 0.1609 0.1398 0.1851 0.4441 0.0703
188 0.1667 0.3140 0.1340 0.2708 0.1146
189 0.0395 0.3989 0.3157 0.1057 0.1400
190 0.3650 0.1685 0.2032 0.2610 0.0024
191 0.1217 0.0963 0.2256 0.4966 0.0598
192 0.0574 0.1294 0.3057 0.4885 0.0191
193 0.0206 0.0486 0.1029 0.8223 0.0058
194 0.1637 0.3689 0.2037 0.2457 0.0179
195 0.0917 0.2358 0.5483 0.0784 0.0457
196 0.1562 0.1091 0.2102 0.5122 0.0123
197 0.2263 0.2688 0.3562 0.1221 0.0266
198 0.0861 0.1660 0.0630 0.6772 0.0074
199 0.1454 0.0698 0.1151 0.6416 0.0282
200 0.1331 0.0922 0.4294 0.3044 0.0409
201 0.1769 0.1466 0.1838 0.4846 0.0081
202 0.0655 0.0394 0.1409 0.7383 0.0161
203 0.2598 0.1842 0.2404 0.2944 0.0212
204 0.3416 0.1436 0.0956 0.4089 0.0104
205 0.0739 0.3550 0.2072 0.2478 0.1161
206 0.0731 0.0269 0.1283 0.7041 0.0676
207 0.3245 0.2373 0.2301 0.1569 0.0513
208 0.2109 0.3760 0.2666 0.1221 0.0242
209 0.2759 0.1243 0.1571 0.3125 0.1302
210 0.2463 0.2622 0.1128 0.2314 0.1471
211 0.2717 0.0743 0.1409 0.2416 0.2717
212 0.2666 0.0746 0.1555 0.1580 0.3452
213 0.2820 0.0530 0.1096 0.2734 0.2820
214 0.1831 0.1437 0.4062 0.1628 0.1043
215 0.1456 0.1611 0.5669 0.0911 0.0354
216 0.1199 0.0898 0.3665 0.1758 0.2479
217 0.0843 0.1703 0.5674 0.0933 0.0850
218 0.1506 0.1591 0.3340 0.2686 0.0878
219 0.8862 0.0253 0.0168 0.0402 0.0313
220 0.9512 0.0161 0.0029 0.0155 0.0143
221 0.9312 0.0183 0.0049 0.0057 0.0400
222 0.9312 0.0108 0.0172 0.0136 0.0275
223 0.9185 0.0129 0.0043 0.0192 0.0450
224 0.9175 0.0151 0.0029 0.0216 0.0429
