time exciting_prob fearful_prob tense_prob sad_prob relaxing_prob
0 0.1829 0.0346 0.2747 0.4819 0.0259
1 0.2825 0.0616 0.1838 0.4307 0.0414
2 0.1791 0.0746 0.2773 0.4365 0.0324
3 0.3044 0.0807 0.2524 0.3191 0.0435
4 0.5562 0.1749 0.1848 0.0443 0.0400
5 0.5771 0.2042 0.1720 0.0209 0.0256
6 0.6577 0.0986 0.1689 0.0636 0.0111
7 0.6060 0.2246 0.1279 0.0323 0.0093
8 0.6733 0.1798 0.1216 0.0156 0.0099
9 0.5557 0.1682 0.1669 0.0900 0.0192
10 0.5649 0.1892 0.1937 0.0400 0.0121
11 0.5298 0.0628 0.1860 0.1860 0.0352
12 0.5947 0.0408 0.1564 0.1613 0.0469
13 0.5386 0.1847 0.0415 0.1642 0.0712
14 0.6123 0.1768 0.0626 0.0420 0.1064
15 0.5249 0.1758 0.0261 0.1827 0.0905
16 0.4248 0.1135 0.3386 0.0926 0.0305
17 0.6377 0.1914 0.0970 0.0473 0.0267
18 0.5620 0.2052 0.1727 0.0410 0.0189
19 0.6006 0.2227 0.1279 0.0339 0.0148
20 0.4729 0.1866 0.2891 0.0348 0.0164
21 0.7070 0.0643 0.0508 0.1191 0.0585
22 0.5522 0.1849 0.0464 0.1353 0.0814
23 0.5190 0.0742 0.1476 0.1621 0.0968
24 0.6006 0.0928 0.0459 0.1803 0.0806
25 0.5781 0.1373 0.0521 0.1405 0.0922
26 0.5098 0.0415 0.1603 0.2296 0.0590
27 0.3433 0.0650 0.1699 0.3950 0.0269
28 0.3547 0.1854 0.2764 0.1587 0.0249
29 0.3303 0.1245 0.4177 0.1178 0.0096
30 0.4802 0.1263 0.1334 0.2434 0.0166
31 0.6196 0.1542 0.1904 0.0287 0.0069
32 0.5239 0.2456 0.1958 0.0273 0.0072
33 0.5703 0.1621 0.1896 0.0547 0.0232
34 0.6304 0.2213 0.1261 0.0136 0.0087
35 0.7803 0.1098 0.0822 0.0198 0.0079
36 0.4102 0.0577 0.1300 0.3762 0.0258
37 0.2140 0.0290 0.1298 0.6191 0.0082
38 0.2732 0.0670 0.1863 0.4575 0.0160
39 0.2747 0.1067 0.2539 0.3159 0.0488
40 0.2905 0.2316 0.3240 0.1361 0.0177
41 0.1433 0.2720 0.4885 0.0749 0.0215
42 0.1919 0.4604 0.2522 0.0886 0.0068
43 0.3784 0.1068 0.1553 0.3447 0.0148
44 0.2834 0.2173 0.2500 0.2423 0.0070
45 0.2529 0.1113 0.5786 0.0342 0.0230
46 0.1372 0.3342 0.4902 0.0334 0.0050
47 0.2212 0.1907 0.3975 0.1593 0.0311
48 0.1263 0.2050 0.2937 0.3486 0.0263
49 0.2883 0.0364 0.0853 0.5649 0.0252
50 0.6069 0.2034 0.0660 0.0560 0.0676
51 0.1030 0.0248 0.1752 0.6821 0.0151
52 0.1764 0.0268 0.4871 0.3047 0.0051
53 0.2262 0.1775 0.3728 0.1383 0.0852
54 0.0850 0.3184 0.3992 0.1515 0.0459
55 0.3589 0.0372 0.3093 0.2448 0.0497
56 0.3655 0.0909 0.2847 0.1794 0.0797
57 0.3101 0.1488 0.4878 0.0353 0.0181
58 0.3301 0.1442 0.3652 0.1272 0.0334
59 0.1454 0.1881 0.4341 0.1852 0.0472
60 0.3816 0.1680 0.3474 0.0594 0.0438
61 0.4387 0.2241 0.1993 0.0728 0.0652
62 0.2169 0.1479 0.4927 0.0941 0.0484
63 0.1810 0.2761 0.3435 0.1586 0.0407
64 0.2308 0.1855 0.4924 0.0798 0.0113
65 0.1254 0.1610 0.2761 0.4111 0.0263
66 0.1377 0.3176 0.3152 0.2133 0.0161
67 0.0878 0.1801 0.4707 0.2330 0.0283
68 0.0714 0.2377 0.3623 0.3149 0.0138
69 0.1715 0.2515 0.3604 0.1898 0.0267
70 0.2805 0.2184 0.3574 0.1082 0.0356
71 0.2378 0.2198 0.4692 0.0413 0.0319
72 0.1537 0.2495 0.5366 0.0519 0.0085
73 0.2666 0.0478 0.4065 0.2625 0.0169
74 0.4009 0.1498 0.2130 0.1909 0.0453
75 0.5273 0.1583 0.2378 0.0213 0.0552
76 0.1740 0.1753 0.2268 0.3625 0.0615
77 0.4905 0.1405 0.2466 0.0605 0.0619
78 0.4973 0.1719 0.1774 0.1068 0.0466
79 0.3792 0.2930 0.2487 0.0326 0.0467
80 0.4539 0.0894 0.2300 0.1709 0.0559
81 0.2340 0.0534 0.2866 0.4106 0.0152
82 0.2021 0.1161 0.3335 0.3386 0.0097
83 0.2413 0.0809 0.2163 0.4509 0.0105
84 0.1952 0.1406 0.3882 0.2668 0.0093
85 0.0838 0.6909 0.2010 0.0226 0.0016
86 0.1818 0.0872 0.3396 0.3848 0.0067
87 0.2825 0.2494 0.3713 0.0889 0.0078
88 0.2969 0.0831 0.3872 0.2241 0.0086
89 0.3833 0.0351 0.4016 0.1700 0.0101
90 0.3899 0.1445 0.3108 0.1091 0.0455
91 0.7749 0.0985 0.0473 0.0427 0.0365
92 0.2773 0.0189 0.1036 0.5781 0.0219
93 0.6211 0.1054 0.0475 0.1793 0.0468
94 0.6768 0.1710 0.0293 0.0795 0.0436
95 0.6021 0.0228 0.0314 0.2844 0.0592
96 0.6636 0.0500 0.0424 0.0971 0.1470
97 0.2363 0.1032 0.0911 0.5410 0.0284
98 0.2681 0.1390 0.5327 0.0532 0.0069
99 0.2347 0.0837 0.3840 0.2766 0.0208
100 0.3020 0.0706 0.2644 0.3191 0.0439
101 0.2050 0.1141 0.5483 0.1214 0.0113
102 0.2169 0.0602 0.4521 0.2659 0.0050
103 0.3909 0.1094 0.3423 0.1449 0.0128
104 0.1493 0.0705 0.3416 0.4253 0.0134
105 0.2891 0.0742 0.4475 0.1713 0.0181
106 0.2155 0.0739 0.3782 0.3235 0.0092
107 0.2037 0.0579 0.3308 0.3989 0.0087
108 0.5576 0.1142 0.2593 0.0531 0.0158
109 0.1465 0.1196 0.5034 0.2034 0.0271
110 0.4617 0.0514 0.2671 0.1924 0.0275
111 0.5073 0.1234 0.2323 0.0909 0.0461
112 0.5723 0.1135 0.2155 0.0780 0.0210
113 0.6562 0.1895 0.1097 0.0230 0.0216
114 0.6304 0.1670 0.0922 0.0901 0.0206
115 0.3977 0.0670 0.4507 0.0660 0.0185
116 0.3796 0.1547 0.4404 0.0137 0.0116
117 0.2075 0.2793 0.1211 0.3877 0.0043
118 0.2003 0.2166 0.3921 0.1781 0.0128
119 0.3574 0.2615 0.1958 0.1729 0.0124
120 0.5420 0.1059 0.2925 0.0378 0.0217
121 0.4822 0.1589 0.2664 0.0739 0.0187
122 0.5972 0.0834 0.2649 0.0356 0.0189
123 0.6475 0.0641 0.2418 0.0349 0.0119
124 0.4585 0.1160 0.3628 0.0322 0.0305
125 0.5488 0.0640 0.1324 0.1648 0.0896
126 0.7188 0.0482 0.1192 0.0806 0.0331
127 0.6104 0.0929 0.2142 0.0449 0.0375
128 0.6431 0.1237 0.1075 0.0721 0.0536
129 0.6714 0.1365 0.0834 0.0394 0.0692
130 0.5635 0.2349 0.1101 0.0227 0.0689
131 0.2205 0.6279 0.1445 0.0062 0.0008
132 0.2961 0.3953 0.2361 0.0640 0.0084
133 0.3730 0.2159 0.3191 0.0813 0.0104
134 0.1692 0.6333 0.1589 0.0306 0.0078
135 0.6069 0.1262 0.1970 0.0479 0.0219
136 0.5405 0.2634 0.1561 0.0307 0.0089
137 0.4509 0.2339 0.1938 0.0983 0.0232
138 0.5132 0.1964 0.2157 0.0550 0.0197
139 0.4771 0.2068 0.2534 0.0440 0.0186
140 0.4646 0.1532 0.1749 0.1593 0.0479
141 0.4758 0.1139 0.1509 0.1848 0.0747
142 0.4624 0.0773 0.1840 0.2325 0.0437
143 0.3711 0.1925 0.3513 0.0660 0.0189
144 0.4036 0.1052 0.2905 0.1920 0.0086
145 0.2603 0.1964 0.2642 0.2727 0.0066
146 0.4758 0.1223 0.2112 0.1343 0.0564
147 0.3950 0.0815 0.2048 0.2888 0.0298
148 0.2299 0.2729 0.4680 0.0212 0.0081
149 0.2520 0.1931 0.5171 0.0313 0.0067
150 0.2061 0.3789 0.3789 0.0299 0.0062
151 0.2600 0.1118 0.5171 0.1050 0.0064
152 0.2898 0.3206 0.2942 0.0792 0.0162
153 0.3655 0.2148 0.3569 0.0436 0.0189
154 0.1793 0.4912 0.2671 0.0547 0.0077
155 0.3555 0.4124 0.2090 0.0201 0.0030
156 0.3667 0.3064 0.2769 0.0352 0.0147
157 0.2715 0.2512 0.4207 0.0526 0.0040
158 0.3474 0.2333 0.3315 0.0769 0.0109
159 0.1207 0.1715 0.4380 0.2617 0.0080
160 0.1709 0.2507 0.4907 0.0707 0.0171
161 0.1499 0.0760 0.3274 0.4338 0.0130
162 0.2239 0.3037 0.3928 0.0672 0.0123
163 0.2212 0.2566 0.4363 0.0724 0.0136
164 0.2010 0.3875 0.3113 0.0935 0.0067
165 0.2053 0.3386 0.4246 0.0265 0.0050
166 0.2122 0.2683 0.4634 0.0520 0.0042
167 0.3555 0.2969 0.3088 0.0285 0.0103
168 0.3884 0.2430 0.2284 0.1311 0.0090
169 0.6470 0.0731 0.0404 0.1573 0.0823
170 0.4956 0.2491 0.1488 0.0535 0.0530
171 0.6606 0.0952 0.1166 0.0795 0.0479
172 0.6655 0.0801 0.1231 0.0649 0.0664
173 0.3320 0.2062 0.3142 0.0471 0.1005
174 0.3467 0.1479 0.2700 0.1770 0.0584
175 0.3572 0.0947 0.3489 0.1377 0.0616
176 0.2896 0.2896 0.3550 0.0380 0.0278
177 0.4568 0.2407 0.1085 0.1035 0.0906
178 0.6694 0.1339 0.1019 0.0301 0.0648
179 0.2666 0.2126 0.4607 0.0428 0.0172
180 0.0375 0.0482 0.0576 0.8540 0.0027
181 0.1927 0.1610 0.1444 0.1501 0.3518
182 0.3933 0.0995 0.0837 0.0360 0.3872
183 0.1735 0.5386 0.1249 0.1094 0.0537
184 0.1649 0.2102 0.2637 0.3438 0.0174
185 0.2542 0.2010 0.3018 0.0751 0.1680
186 0.3745 0.1389 0.1245 0.2325 0.1294
187 0.3416 0.2089 0.1154 0.1317 0.2024
188 0.2607 0.2374 0.1594 0.2649 0.0777
189 0.4958 0.1072 0.1244 0.1064 0.1661
190 0.0580 0.2223 0.3286 0.3840 0.0071
191 0.1274 0.1326 0.5986 0.1143 0.0271
192 0.1296 0.1066 0.2040 0.4854 0.0745
193 0.3296 0.0915 0.1021 0.2449 0.2319
194 0.1220 0.1270 0.4395 0.2334 0.0782
195 0.1427 0.0550 0.3318 0.4465 0.0240
196 0.2252 0.0640 0.1942 0.4768 0.0398
197 0.0626 0.0947 0.1841 0.6372 0.0213
198 0.2456 0.2068 0.3438 0.1729 0.0310
199 0.3262 0.0558 0.2791 0.1787 0.1603
200 0.0971 0.1978 0.3694 0.3110 0.0246
201 0.4087 0.1447 0.1638 0.1083 0.1744
202 0.1869 0.2020 0.1854 0.4019 0.0239
203 0.0624 0.0378 0.1777 0.7139 0.0081
204 0.1263 0.1089 0.4175 0.3301 0.0172
205 0.0987 0.0589 0.0745 0.7524 0.0154
206 0.1946 0.3335 0.2722 0.1285 0.0710
207 0.1680 0.2971 0.2859 0.2369 0.0120
208 0.0637 0.1917 0.2241 0.5049 0.0156
209 0.2615 0.0159 0.1797 0.5366 0.0065
210 0.2751 0.0299 0.2013 0.4607 0.0331
211 0.1927 0.3384 0.3894 0.0749 0.0047
212 0.1431 0.0232 0.1866 0.6313 0.0157
213 0.5923 0.1451 0.1148 0.0542 0.0937
214 0.4636 0.1719 0.2683 0.0537 0.0424
215 0.5654 0.1659 0.0930 0.1595 0.0160
216 0.2295 0.2405 0.2947 0.2009 0.0344
217 0.3633 0.2169 0.3359 0.0631 0.0205
218 0.5229 0.2162 0.1620 0.0747 0.0243
219 0.3879 0.1103 0.2428 0.1749 0.0839
220 0.7837 0.0914 0.0490 0.0467 0.0292
221 0.6543 0.1566 0.0409 0.1011 0.0470
222 0.7715 0.1202 0.0231 0.0674 0.0179
223 0.7080 0.0839 0.0285 0.1362 0.0432
224 0.4968 0.2578 0.1515 0.0774 0.0164
225 0.4502 0.0634 0.2317 0.1791 0.0758
226 0.5449 0.0823 0.1637 0.1284 0.0804
227 0.7002 0.1117 0.0876 0.0282 0.0721
228 0.7715 0.1120 0.0674 0.0132 0.0361
229 0.6904 0.1627 0.0956 0.0188 0.0323
230 0.5542 0.1092 0.1370 0.1665 0.0331
231 0.3755 0.2500 0.1370 0.2009 0.0366
232 0.2976 0.2317 0.2177 0.2466 0.0065
233 0.4448 0.2004 0.2495 0.0962 0.0090
234 0.5093 0.0355 0.1101 0.2642 0.0812
235 0.4028 0.1172 0.3997 0.0571 0.0233
236 0.6069 0.0945 0.1006 0.1711 0.0267
237 0.5483 0.0881 0.1046 0.2285 0.0305
238 0.4412 0.1206 0.1388 0.2593 0.0401
239 0.2388 0.2834 0.3501 0.1102 0.0173
240 0.2678 0.2310 0.2852 0.1945 0.0217
241 0.0860 0.2030 0.4988 0.2000 0.0124
242 0.1515 0.3157 0.3691 0.1538 0.0098
243 0.1528 0.2791 0.4155 0.1200 0.0326
244 0.7471 0.0695 0.1542 0.0159 0.0133
245 0.6860 0.0906 0.1566 0.0474 0.0195
246 0.5376 0.0818 0.1307 0.0934 0.1565
247 0.5864 0.1182 0.2465 0.0399 0.0090
248 0.5571 0.1376 0.1740 0.1039 0.0275
249 0.2474 0.0423 0.3953 0.2983 0.0164
250 0.4878 0.0506 0.2959 0.1465 0.0194
