time exciting_prob fearful_prob tense_prob sad_prob relaxing_prob
0 0.2189 0.1843 0.2559 0.2257 0.1153
1 0.0724 0.1354 0.1533 0.6162 0.0226
2 0.1573 0.3081 0.2151 0.2438 0.0755
3 0.1519 0.1592 0.2793 0.3369 0.0729
4 0.1997 0.1531 0.3044 0.2646 0.0782
5 0.2081 0.1186 0.2981 0.3274 0.0479
6 0.1202 0.0696 0.6201 0.1722 0.0179
7 0.0698 0.1388 0.3892 0.3435 0.0587
8 0.1394 0.0701 0.4714 0.2859 0.0331
9 0.2502 0.0668 0.5137 0.1591 0.0102
10 0.1232 0.0659 0.6982 0.1022 0.0107
11 0.2057 0.0496 0.3088 0.4028 0.0331
12 0.2532 0.1089 0.3354 0.2869 0.0153
13 0.2037 0.1743 0.3059 0.2917 0.0243
14 0.2311 0.1126 0.3208 0.2966 0.0389
15 0.0486 0.1880 0.3623 0.1442 0.2568
16 0.0509 0.1682 0.3589 0.1077 0.3142
17 0.0514 0.2196 0.3003 0.0432 0.3855
18 0.0355 0.1963 0.3186 0.1307 0.3186
19 0.4260 0.0729 0.4397 0.0446 0.0168
20 0.4175 0.0491 0.3628 0.1500 0.0205
21 0.1548 0.2634 0.4207 0.1477 0.0134
22 0.4556 0.0721 0.3838 0.0320 0.0566
23 0.4336 0.0601 0.4404 0.0334 0.0324
24 0.3955 0.0749 0.4412 0.0177 0.0709
25 0.3711 0.1014 0.2869 0.0404 0.2002
26 0.1998 0.1290 0.3093 0.3047 0.0572
27 0.1912 0.3354 0.3516 0.1023 0.0195
28 0.1660 0.1293 0.4375 0.2416 0.0255
29 0.1517 0.1339 0.4258 0.2664 0.0222
30 0.1499 0.0999 0.4138 0.2888 0.0475
31 0.4448 0.0310 0.2615 0.2380 0.0247
32 0.1141 0.3713 0.3862 0.0602 0.0682
33 0.1881 0.2454 0.2869 0.2571 0.0225
34 0.3047 0.3508 0.2776 0.0353 0.0316
35 0.2344 0.2236 0.2344 0.2761 0.0315
36 0.3967 0.2771 0.2026 0.1027 0.0207
37 0.1481 0.1626 0.3899 0.2766 0.0229
38 0.1025 0.1492 0.3809 0.3579 0.0095
39 0.1005 0.0713 0.4575 0.3562 0.0145
40 0.1204 0.2732 0.2690 0.2112 0.1261
41 0.0793 0.2172 0.1887 0.4058 0.1092
42 0.0856 0.1245 0.1869 0.5239 0.0791
43 0.1150 0.1014 0.5571 0.2114 0.0150
44 0.1871 0.1436 0.4421 0.2223 0.0049
45 0.1130 0.2795 0.2546 0.3320 0.0209
46 0.1219 0.7354 0.1182 0.0172 0.0072
47 0.2367 0.1902 0.1732 0.3901 0.0098
48 0.2959 0.1686 0.1794 0.3301 0.0261
49 0.2400 0.4280 0.1898 0.1049 0.0374
50 0.1613 0.0905 0.1379 0.5718 0.0389
51 0.0697 0.3652 0.4407 0.1080 0.0164
52 0.0732 0.1098 0.6030 0.1755 0.0385
53 0.0457 0.2111 0.6865 0.0290 0.0275
54 0.0264 0.2162 0.6870 0.0610 0.0095
55 0.0290 0.3672 0.5596 0.0355 0.0086
56 0.0301 0.0920 0.7070 0.1628 0.0078
57 0.0552 0.0172 0.0665 0.8564 0.0048
58 0.0555 0.0235 0.0860 0.8286 0.0065
59 0.0778 0.1824 0.5615 0.1313 0.0468
60 0.0707 0.2373 0.5225 0.0959 0.0735
61 0.0758 0.3911 0.4609 0.0387 0.0334
62 0.1958 0.4590 0.2325 0.0677 0.0451
63 0.0211 0.3271 0.5068 0.1038 0.0413
64 0.0305 0.1910 0.5444 0.1910 0.0430
65 0.0549 0.2747 0.5952 0.0594 0.0161
66 0.0777 0.2412 0.6157 0.0159 0.0494
67 0.1628 0.1506 0.2996 0.3728 0.0141
68 0.0435 0.1028 0.5820 0.2316 0.0399
69 0.0332 0.1711 0.6113 0.1453 0.0391
70 0.0455 0.1743 0.7114 0.0598 0.0088
71 0.0704 0.2893 0.4377 0.1661 0.0362
72 0.0441 0.3108 0.2617 0.3335 0.0500
73 0.0908 0.3323 0.5312 0.0216 0.0243
74 0.0540 0.2460 0.5049 0.1744 0.0207
75 0.0864 0.3933 0.4670 0.0435 0.0097
76 0.0677 0.4414 0.4626 0.0211 0.0071
77 0.1251 0.2932 0.3621 0.1848 0.0350
78 0.1091 0.2722 0.3606 0.0994 0.1588
79 0.0544 0.3545 0.3923 0.1754 0.0236
80 0.2656 0.3408 0.2380 0.0666 0.0889
81 0.2710 0.2467 0.2246 0.2448 0.0130
82 0.0803 0.1345 0.1324 0.6465 0.0061
83 0.1018 0.1002 0.1228 0.6641 0.0113
84 0.0371 0.3230 0.5244 0.0970 0.0187
85 0.1512 0.3176 0.3655 0.0731 0.0924
86 0.3025 0.1953 0.1364 0.0385 0.3271
87 0.1473 0.1281 0.2585 0.3882 0.0776
88 0.1442 0.2610 0.4106 0.1252 0.0591
89 0.0524 0.2703 0.2788 0.3872 0.0111
90 0.1917 0.4219 0.0979 0.0162 0.2725
91 0.1871 0.4385 0.2239 0.0683 0.0824
92 0.1661 0.3008 0.3745 0.1215 0.0371
93 0.0387 0.2837 0.5732 0.0921 0.0122
94 0.3408 0.0382 0.1881 0.3860 0.0468
95 0.3223 0.0895 0.2452 0.3027 0.0400
96 0.3174 0.0909 0.2568 0.3076 0.0273
97 0.2842 0.2954 0.2754 0.0605 0.0847
98 0.1498 0.2798 0.4758 0.0568 0.0379
99 0.0368 0.2983 0.6123 0.0468 0.0055
100 0.1115 0.4956 0.2737 0.0676 0.0518
101 0.0137 0.6836 0.1958 0.0992 0.0078
102 0.0302 0.4475 0.4075 0.0578 0.0569
103 0.1621 0.2148 0.1572 0.4014 0.0645
104 0.1731 0.3901 0.2479 0.1434 0.0455
105 0.0703 0.2695 0.3801 0.2035 0.0766
106 0.0233 0.2144 0.3733 0.3674 0.0217
107 0.0409 0.3140 0.2012 0.4292 0.0148
108 0.2866 0.1096 0.3098 0.2693 0.0248
109 0.0251 0.5703 0.2472 0.1344 0.0232
110 0.0114 0.6353 0.1581 0.1877 0.0077
111 0.0074 0.6445 0.1580 0.1708 0.0196
112 0.1869 0.1411 0.3230 0.3281 0.0208
113 0.2150 0.2803 0.3079 0.1525 0.0444
114 0.5015 0.1110 0.3447 0.0229 0.0201
115 0.4685 0.0834 0.3123 0.1130 0.0228
116 0.0151 0.5488 0.2717 0.1512 0.0132
117 0.2313 0.0441 0.1615 0.5376 0.0253
118 0.3079 0.1313 0.1727 0.3655 0.0225
119 0.1432 0.0961 0.2673 0.4207 0.0726
120 0.2135 0.2256 0.3010 0.2363 0.0234
121 0.1313 0.0835 0.2289 0.3862 0.1700
122 0.2000 0.1053 0.1606 0.5186 0.0157
123 0.2891 0.2632 0.2891 0.1283 0.0302
124 0.1829 0.5635 0.1843 0.0532 0.0161
125 0.0430 0.4768 0.4695 0.0089 0.0017
126 0.0182 0.3079 0.6416 0.0255 0.0067
127 0.0523 0.5083 0.3662 0.0515 0.0217
128 0.0141 0.6475 0.2537 0.0767 0.0081
129 0.0368 0.4045 0.5278 0.0282 0.0027
130 0.0268 0.3706 0.5562 0.0426 0.0037
131 0.0248 0.2140 0.6592 0.0972 0.0047
132 0.0139 0.3167 0.4983 0.1682 0.0029
133 0.0146 0.2498 0.6475 0.0823 0.0056
134 0.1196 0.3569 0.3301 0.1635 0.0298
135 0.0786 0.3464 0.5366 0.0132 0.0251
136 0.0441 0.2106 0.6904 0.0119 0.0431
137 0.0384 0.3018 0.6191 0.0360 0.0045
138 0.0576 0.2664 0.6099 0.0485 0.0177
139 0.0363 0.2815 0.5552 0.0995 0.0274
140 0.0294 0.5762 0.2832 0.0528 0.0584
141 0.2115 0.2891 0.4272 0.0280 0.0440
142 0.0789 0.1021 0.5186 0.2954 0.0048
143 0.0635 0.2003 0.1838 0.1810 0.3713
144 0.0414 0.2961 0.3057 0.1466 0.2101
145 0.0875 0.3354 0.4766 0.0681 0.0324
146 0.0383 0.2854 0.5679 0.0536 0.0549
147 0.0195 0.2778 0.6665 0.0223 0.0138
148 0.0072 0.3708 0.5835 0.0340 0.0043
149 0.0057 0.4285 0.5503 0.0131 0.0027
150 0.0133 0.2842 0.6606 0.0376 0.0045
151 0.1217 0.0779 0.2119 0.5762 0.0123
152 0.0464 0.0634 0.1440 0.7314 0.0146
153 0.0958 0.0590 0.1875 0.6543 0.0033
154 0.0273 0.4473 0.4268 0.0888 0.0097
155 0.0358 0.4192 0.4978 0.0467 0.0005
156 0.0783 0.4722 0.4104 0.0273 0.0119
157 0.1031 0.2493 0.5488 0.0656 0.0332
158 0.0685 0.4131 0.3269 0.1321 0.0595
159 0.1636 0.0848 0.3984 0.3462 0.0068
160 0.0197 0.4817 0.3579 0.0850 0.0558
161 0.2065 0.1273 0.3740 0.2695 0.0226
162 0.0334 0.4790 0.2952 0.1240 0.0685
163 0.1980 0.3447 0.2949 0.0679 0.0943
164 0.1077 0.0471 0.1383 0.6807 0.0264
165 0.0965 0.1239 0.2749 0.4675 0.0372
166 0.0152 0.6973 0.1643 0.1165 0.0068
167 0.1696 0.2030 0.3347 0.1998 0.0930
168 0.2216 0.2197 0.3076 0.2130 0.0382
169 0.3159 0.2347 0.3469 0.0357 0.0667
170 0.2452 0.0640 0.1970 0.4373 0.0565
171 0.1376 0.2629 0.3325 0.1808 0.0861
172 0.2117 0.1098 0.2512 0.4016 0.0257
173 0.2166 0.1420 0.2825 0.3354 0.0235
174 0.0300 0.5835 0.2097 0.1453 0.0314
175 0.0130 0.4983 0.3479 0.1250 0.0157
176 0.1504 0.3811 0.3337 0.0948 0.0402
177 0.4265 0.0880 0.3481 0.1070 0.0304
178 0.4631 0.0863 0.3550 0.0575 0.0380
179 0.5488 0.0868 0.2983 0.0376 0.0286
180 0.3271 0.2284 0.1322 0.2249 0.0874
181 0.1340 0.2076 0.1567 0.4753 0.0264
182 0.2761 0.1274 0.0955 0.4553 0.0454
183 0.1881 0.0468 0.2131 0.5444 0.0076
184 0.1443 0.2435 0.4443 0.1536 0.0144
185 0.1395 0.1658 0.2145 0.4648 0.0153
186 0.1444 0.1124 0.3032 0.3105 0.1294
187 0.0193 0.6187 0.2922 0.0524 0.0173
188 0.0779 0.1326 0.2478 0.5083 0.0333
189 0.0949 0.1010 0.2009 0.5815 0.0217
190 0.2380 0.0465 0.2036 0.4771 0.0348
191 0.1138 0.1373 0.4792 0.2195 0.0501
192 0.1677 0.0323 0.2103 0.5630 0.0267
193 0.1874 0.0618 0.1603 0.5684 0.0220
194 0.1547 0.0754 0.2081 0.5234 0.0385
195 0.1659 0.0902 0.3486 0.2756 0.1195
196 0.1052 0.2708 0.2428 0.2708 0.1103
197 0.2622 0.0899 0.2622 0.3640 0.0217
198 0.3823 0.1166 0.2195 0.2507 0.0309
199 0.1974 0.1611 0.2852 0.2556 0.1008
200 0.4314 0.1743 0.1743 0.1503 0.0699
201 0.1642 0.0865 0.3115 0.4258 0.0121
202 0.2832 0.0567 0.1947 0.4456 0.0197
203 0.1202 0.0729 0.2507 0.5308 0.0256
204 0.3313 0.0787 0.2190 0.2856 0.0851
205 0.0770 0.0997 0.2690 0.5225 0.0319
206 0.1874 0.2369 0.2925 0.2351 0.0481
207 0.0905 0.0371 0.1857 0.6792 0.0074
208 0.1515 0.2103 0.3931 0.2103 0.0349
209 0.2720 0.0940 0.3333 0.2764 0.0243
210 0.2568 0.1510 0.2302 0.2979 0.0640
211 0.2004 0.2805 0.3127 0.1573 0.0491
212 0.2084 0.4695 0.1107 0.1741 0.0374
213 0.2402 0.0544 0.1703 0.5166 0.0185
214 0.3037 0.1871 0.4216 0.0780 0.0097
215 0.2140 0.2173 0.5381 0.0242 0.0066
216 0.2454 0.1609 0.5356 0.0388 0.0191
217 0.1230 0.0111 0.0600 0.7900 0.0159
218 0.3496 0.0884 0.2766 0.2479 0.0374
219 0.3389 0.0383 0.1576 0.4351 0.0301
220 0.1741 0.0293 0.0661 0.7104 0.0202
221 0.1449 0.0764 0.4065 0.3586 0.0136
222 0.2317 0.0270 0.3704 0.3645 0.0064
223 0.1879 0.1606 0.6016 0.0339 0.0158
224 0.1541 0.0949 0.2922 0.3994 0.0594
225 0.1324 0.3743 0.2150 0.2324 0.0458
226 0.1741 0.3030 0.2166 0.0703 0.2360
227 0.5825 0.1372 0.2505 0.0202 0.0097
228 0.4644 0.0690 0.3450 0.1020 0.0198
229 0.4888 0.1001 0.3521 0.0392 0.0197
230 0.3813 0.0858 0.4600 0.0580 0.0150
231 0.2048 0.1079 0.2113 0.1194 0.3567
232 0.1559 0.1106 0.4014 0.1273 0.2050
233 0.3425 0.0352 0.3704 0.1952 0.0568
234 0.5752 0.0578 0.2593 0.0413 0.0666
235 0.5225 0.0568 0.2505 0.1095 0.0609
236 0.4614 0.0400 0.3247 0.0821 0.0916
237 0.5078 0.0414 0.1742 0.1624 0.1142
238 0.3911 0.0801 0.2605 0.2410 0.0275
239 0.2036 0.1197 0.1797 0.4448 0.0523
240 0.6948 0.1207 0.0511 0.1041 0.0294
241 0.7534 0.1268 0.0478 0.0460 0.0260
242 0.7515 0.1256 0.0477 0.0488 0.0267
243 0.2239 0.1827 0.1401 0.3931 0.0603
244 0.5786 0.2338 0.1271 0.0269 0.0337
245 0.5781 0.2336 0.1271 0.0275 0.0337
246 0.5820 0.2316 0.1259 0.0270 0.0334
247 0.5806 0.2310 0.1276 0.0274 0.0333
248 0.5806 0.2310 0.1276 0.0274 0.0333
249 0.5801 0.2307 0.1274 0.0282 0.0338
