time exciting_prob fearful_prob tense_prob sad_prob relaxing_prob
0 0.2037 0.2830 0.2496 0.2310 0.0327
1 0.2150 0.2593 0.1169 0.3657 0.0433
2 0.2124 0.2407 0.2091 0.2644 0.0734
3 0.2174 0.2108 0.2108 0.2927 0.0684
4 0.1906 0.0555 0.1086 0.6055 0.0399
5 0.1107 0.1443 0.1313 0.6074 0.0061
6 0.2554 0.2020 0.1399 0.3955 0.0072
7 0.3301 0.4580 0.0953 0.1014 0.0152
8 0.1132 0.0953 0.0526 0.6880 0.0510
9 0.1943 0.2720 0.0947 0.3411 0.0977
10 0.0959 0.0497 0.0273 0.8032 0.0241
11 0.1340 0.2708 0.0361 0.4790 0.0801
12 0.0561 0.1649 0.2325 0.5161 0.0305
13 0.0465 0.1152 0.3660 0.4626 0.0097
14 0.0961 0.1141 0.1039 0.6567 0.0291
15 0.2247 0.0659 0.0376 0.6401 0.0316
16 0.2261 0.0508 0.0331 0.6289 0.0609
17 0.1815 0.2443 0.0799 0.4253 0.0689
18 0.1256 0.2292 0.0544 0.5205 0.0699
19 0.2156 0.3018 0.1163 0.3088 0.0576
20 0.3274 0.2737 0.0703 0.2590 0.0697
21 0.1396 0.3567 0.0573 0.3826 0.0639
22 0.1580 0.2028 0.0350 0.5601 0.0445
23 0.4873 0.1385 0.0426 0.2910 0.0406
24 0.0442 0.0652 0.2107 0.6592 0.0209
25 0.1387 0.3740 0.0476 0.3516 0.0882
26 0.1466 0.0760 0.0401 0.7158 0.0213
27 0.2712 0.4580 0.0555 0.2113 0.0040
28 0.1990 0.3748 0.0451 0.1943 0.1869
29 0.1608 0.1204 0.0490 0.6021 0.0681
30 0.0491 0.2117 0.1016 0.4309 0.2068
31 0.1206 0.0903 0.0330 0.7104 0.0454
32 0.0957 0.1426 0.0308 0.6963 0.0347
33 0.2546 0.3293 0.0364 0.2546 0.1250
34 0.0832 0.5908 0.0497 0.2124 0.0638
35 0.1506 0.1173 0.0405 0.5596 0.1318
36 0.1470 0.0805 0.0132 0.6689 0.0905
37 0.1176 0.1620 0.0560 0.6509 0.0135
38 0.2273 0.1813 0.0750 0.3206 0.1959
39 0.2384 0.4185 0.0532 0.2559 0.0341
40 0.2932 0.4834 0.0403 0.1029 0.0801
41 0.2793 0.3291 0.0189 0.2209 0.1519
42 0.0317 0.2964 0.0662 0.5366 0.0688
43 0.0445 0.4819 0.0328 0.3696 0.0711
44 0.0995 0.2388 0.0581 0.5640 0.0396
45 0.0934 0.6001 0.0512 0.2313 0.0242
46 0.0428 0.3608 0.0233 0.5249 0.0481
47 0.0570 0.1467 0.0261 0.7393 0.0308
48 0.0718 0.0922 0.1670 0.6602 0.0087
49 0.1600 0.0856 0.1503 0.5166 0.0876
50 0.1697 0.5146 0.0783 0.2063 0.0309
51 0.1011 0.4712 0.1329 0.2314 0.0633
52 0.2323 0.1699 0.0209 0.5488 0.0282
53 0.1687 0.1273 0.0465 0.6074 0.0499
54 0.0671 0.2698 0.0253 0.6172 0.0205
55 0.2656 0.1245 0.1526 0.4346 0.0225
56 0.2827 0.2849 0.1188 0.2534 0.0602
57 0.0948 0.0850 0.5454 0.1689 0.1058
58 0.0673 0.6909 0.0339 0.1693 0.0387
59 0.0989 0.6299 0.0568 0.1736 0.0406
60 0.0891 0.6846 0.0850 0.0919 0.0496
61 0.0661 0.1115 0.0221 0.7388 0.0616
62 0.1504 0.3582 0.0762 0.3638 0.0516
63 0.0596 0.0895 0.0999 0.7261 0.0249
64 0.0655 0.3005 0.0367 0.4875 0.1097
65 0.1509 0.4578 0.0577 0.1984 0.1353
66 0.1763 0.6450 0.0122 0.0685 0.0981
67 0.1963 0.6333 0.0213 0.0632 0.0858
68 0.1401 0.5127 0.0532 0.1447 0.1492
69 0.1790 0.1394 0.0275 0.5825 0.0718
70 0.0500 0.4158 0.0520 0.4094 0.0728
71 0.1410 0.1245 0.1989 0.5156 0.0199
72 0.1340 0.1240 0.1776 0.5220 0.0425
73 0.0707 0.1004 0.0384 0.7422 0.0486
74 0.0369 0.3420 0.0240 0.4126 0.1844
75 0.1779 0.3735 0.1407 0.2080 0.0998
76 0.1781 0.1687 0.0797 0.5400 0.0332
77 0.0930 0.3196 0.0307 0.4233 0.1333
78 0.1076 0.7017 0.0355 0.1035 0.0520
79 0.1758 0.5166 0.0245 0.2153 0.0677
80 0.0916 0.0901 0.1417 0.6558 0.0211
81 0.1838 0.3953 0.0440 0.2269 0.1500
82 0.2076 0.6152 0.0229 0.0820 0.0723
83 0.1819 0.5142 0.0551 0.2062 0.0425
84 0.1252 0.2981 0.0665 0.4583 0.0518
85 0.1354 0.2146 0.0490 0.5439 0.0573
86 0.1791 0.3347 0.0406 0.2773 0.1682
87 0.1458 0.2024 0.0357 0.4153 0.2008
88 0.0334 0.0981 0.0248 0.8091 0.0345
89 0.0933 0.6685 0.1285 0.0477 0.0622
90 0.0970 0.2037 0.0933 0.5366 0.0693
91 0.1307 0.2703 0.0512 0.4353 0.1127
92 0.2279 0.0648 0.0422 0.6245 0.0406
93 0.1578 0.1249 0.0206 0.6294 0.0674
94 0.0930 0.1311 0.0730 0.6206 0.0821
95 0.1236 0.0507 0.0677 0.7227 0.0354
96 0.0920 0.1447 0.1902 0.5088 0.0642
97 0.0487 0.1523 0.0848 0.6719 0.0423
98 0.1774 0.3611 0.0344 0.3499 0.0775
99 0.0899 0.5464 0.0463 0.2173 0.1003
100 0.0786 0.8447 0.0220 0.0222 0.0325
101 0.1875 0.6855 0.0204 0.0674 0.0390
102 0.3203 0.1455 0.0656 0.4177 0.0511
103 0.0942 0.1248 0.0927 0.6289 0.0594
104 0.0637 0.3782 0.1237 0.2744 0.1600
105 0.1761 0.1102 0.0372 0.5776 0.0988
106 0.2881 0.3477 0.0794 0.2352 0.0497
107 0.1805 0.4165 0.0551 0.2488 0.0989
108 0.0079 0.9453 0.0155 0.0260 0.0054
109 0.0982 0.8481 0.0195 0.0151 0.0192
110 0.0412 0.1819 0.1709 0.5967 0.0093
111 0.1150 0.1283 0.0163 0.6216 0.1187
112 0.0836 0.1575 0.0144 0.6328 0.1117
113 0.1774 0.1844 0.0979 0.5054 0.0352
114 0.0459 0.2332 0.1191 0.5957 0.0062
115 0.0834 0.1038 0.0887 0.7090 0.0153
116 0.1432 0.6172 0.0630 0.1388 0.0379
117 0.1400 0.2827 0.0823 0.4146 0.0804
118 0.2096 0.3594 0.0400 0.0814 0.3098
119 0.1057 0.1770 0.1676 0.5005 0.0495
120 0.2335 0.3425 0.0966 0.2585 0.0690
121 0.0928 0.1382 0.0466 0.6592 0.0632
122 0.0912 0.4971 0.0233 0.2766 0.1118
123 0.1892 0.1736 0.1104 0.5225 0.0046
124 0.2086 0.2898 0.1575 0.3386 0.0054
125 0.3113 0.3088 0.0594 0.2542 0.0663
126 0.3071 0.2998 0.1156 0.2211 0.0563
127 0.1471 0.2971 0.0717 0.4531 0.0308
128 0.1788 0.1517 0.0425 0.5596 0.0674
129 0.2164 0.2512 0.1243 0.2737 0.1344
130 0.2087 0.1237 0.0824 0.5415 0.0438
131 0.0999 0.3892 0.0198 0.3599 0.1313
132 0.0480 0.1082 0.0566 0.7510 0.0362
133 0.0822 0.2305 0.0261 0.6025 0.0587
134 0.1148 0.2954 0.0136 0.4832 0.0930
135 0.0473 0.1841 0.3494 0.4021 0.0170
136 0.3125 0.3711 0.0737 0.1559 0.0868
137 0.0453 0.5610 0.0277 0.2693 0.0967
138 0.0409 0.5967 0.1005 0.2429 0.0193
139 0.1202 0.5825 0.0240 0.2177 0.0555
140 0.1737 0.2047 0.0345 0.4873 0.0998
141 0.1368 0.6577 0.0431 0.0986 0.0637
142 0.0838 0.4060 0.0658 0.3669 0.0775
143 0.0904 0.5244 0.2102 0.1503 0.0249
144 0.1304 0.4695 0.0803 0.1853 0.1345
145 0.1915 0.3059 0.0177 0.3413 0.1434
146 0.3218 0.2773 0.0339 0.3022 0.0648
147 0.0821 0.2489 0.1632 0.4797 0.0260
148 0.0541 0.3726 0.0481 0.3872 0.1381
149 0.0862 0.5156 0.1399 0.2379 0.0203
150 0.0974 0.0339 0.0538 0.7778 0.0372
151 0.1251 0.1176 0.1194 0.5396 0.0983
152 0.1167 0.0895 0.0530 0.6411 0.0999
153 0.1305 0.4312 0.0392 0.1537 0.2456
154 0.0759 0.0771 0.0513 0.7427 0.0530
155 0.0791 0.1206 0.0511 0.7275 0.0218
156 0.0731 0.0279 0.0397 0.8491 0.0100
157 0.1498 0.4368 0.0937 0.1937 0.1261
158 0.0368 0.5371 0.1152 0.2744 0.0366
159 0.0812 0.7358 0.0459 0.1043 0.0328
160 0.1223 0.1243 0.1365 0.5229 0.0938
161 0.0839 0.0865 0.0595 0.7021 0.0679
162 0.2382 0.1974 0.0536 0.2534 0.2576
163 0.0654 0.1365 0.0518 0.7036 0.0426
164 0.0731 0.1957 0.0737 0.6318 0.0257
165 0.1198 0.0455 0.0978 0.7002 0.0365
166 0.1006 0.4407 0.0703 0.2959 0.0924
167 0.1672 0.3625 0.0760 0.3652 0.0291
168 0.1344 0.3052 0.0569 0.4548 0.0487
169 0.0762 0.5947 0.1025 0.1515 0.0750
170 0.1206 0.4114 0.0889 0.3574 0.0218
171 0.2037 0.1663 0.1433 0.4590 0.0276
172 0.0853 0.6206 0.1821 0.1021 0.0097
173 0.0918 0.0621 0.0365 0.7451 0.0646
174 0.4622 0.0961 0.0265 0.3489 0.0666
175 0.2622 0.1426 0.0481 0.4639 0.0832
176 0.1398 0.0692 0.1039 0.6777 0.0095
177 0.1499 0.0697 0.0288 0.6719 0.0797
178 0.1216 0.4346 0.0371 0.2942 0.1125
179 0.2139 0.5376 0.0405 0.0793 0.1287
180 0.1515 0.3521 0.0310 0.4053 0.0602
181 0.0920 0.5054 0.0711 0.3088 0.0227
182 0.0537 0.5908 0.1654 0.1641 0.0260
183 0.0209 0.1646 0.0379 0.7256 0.0510
184 0.0935 0.4939 0.0177 0.2522 0.1426
185 0.1188 0.3411 0.0287 0.4346 0.0767
186 0.0947 0.7329 0.0640 0.0779 0.0305
187 0.0702 0.2129 0.0577 0.6357 0.0237
188 0.1174 0.6968 0.0794 0.0782 0.0283
189 0.0745 0.8599 0.0236 0.0236 0.0186
190 0.1969 0.3538 0.1533 0.2507 0.0453
191 0.2578 0.2366 0.0408 0.4421 0.0227
192 0.0905 0.5723 0.2024 0.1042 0.0308
193 0.1240 0.2729 0.0605 0.4717 0.0707
194 0.1091 0.1959 0.0588 0.5713 0.0646
195 0.1161 0.1445 0.0473 0.6631 0.0287
196 0.1080 0.4512 0.1141 0.2737 0.0530
197 0.1521 0.3945 0.0834 0.2588 0.1113
198 0.1029 0.6924 0.0400 0.1417 0.0231
199 0.1666 0.2993 0.0252 0.3474 0.1615
200 0.1757 0.2256 0.0167 0.5005 0.0817
201 0.1667 0.5684 0.0663 0.1220 0.0764
202 0.1393 0.1257 0.0190 0.6904 0.0254
203 0.1020 0.4607 0.0415 0.2793 0.1165
204 0.1103 0.2605 0.0474 0.4500 0.1320
205 0.0894 0.4006 0.0600 0.3765 0.0735
206 0.0842 0.4880 0.0359 0.3225 0.0692
207 0.0809 0.0848 0.0992 0.6992 0.0359
208 0.1606 0.5923 0.0233 0.0873 0.1364
209 0.0778 0.2217 0.0404 0.5615 0.0984
210 0.1090 0.1840 0.0300 0.5537 0.1235
211 0.1356 0.3545 0.1466 0.2783 0.0849
212 0.0452 0.0912 0.1287 0.6958 0.0392
213 0.0601 0.2568 0.0334 0.6162 0.0332
214 0.0421 0.1689 0.0098 0.7397 0.0395
215 0.1050 0.0627 0.0544 0.7520 0.0261
216 0.1780 0.1698 0.0172 0.5747 0.0605
217 0.1140 0.1292 0.0796 0.6021 0.0753
218 0.0922 0.1777 0.0814 0.6206 0.0281
219 0.1304 0.4241 0.0611 0.3489 0.0356
220 0.1396 0.0997 0.0587 0.6558 0.0464
221 0.2000 0.4758 0.1053 0.1632 0.0555
222 0.2874 0.2637 0.0911 0.2678 0.0897
223 0.1278 0.4565 0.0238 0.2314 0.1603
224 0.1613 0.5762 0.0312 0.1625 0.0688
225 0.2230 0.5063 0.0381 0.1835 0.0490
226 0.2993 0.5132 0.0411 0.0441 0.1026
227 0.4534 0.3423 0.0361 0.0981 0.0701
228 0.1576 0.4150 0.0986 0.2384 0.0905
229 0.1975 0.4592 0.1276 0.1689 0.0469
230 0.2109 0.2246 0.2281 0.2666 0.0696
