time exciting_prob fearful_prob tense_prob sad_prob relaxing_prob
0 0.1885 0.3413 0.1914 0.2203 0.0584
1 0.0185 0.1348 0.5674 0.2722 0.0069
2 0.0345 0.1877 0.3145 0.4575 0.0057
3 0.1141 0.1768 0.3054 0.3435 0.0602
4 0.1129 0.1427 0.3372 0.4001 0.0071
5 0.1774 0.2705 0.2664 0.1816 0.1042
6 0.0664 0.2212 0.2976 0.3823 0.0324
7 0.0126 0.2568 0.4104 0.3147 0.0058
8 0.2207 0.1127 0.4253 0.1947 0.0466
9 0.0373 0.0502 0.3071 0.5225 0.0827
10 0.0207 0.3748 0.5122 0.0566 0.0357
11 0.0180 0.1544 0.3704 0.4399 0.0172
12 0.0162 0.2649 0.3977 0.2690 0.0522
13 0.4465 0.1028 0.1543 0.2544 0.0422
14 0.1866 0.0841 0.0999 0.6025 0.0269
15 0.2493 0.4585 0.0640 0.1881 0.0401
16 0.0519 0.4417 0.4282 0.0750 0.0032
17 0.0353 0.6064 0.2888 0.0522 0.0171
18 0.0724 0.1820 0.5269 0.1820 0.0370
19 0.0227 0.6221 0.1943 0.1573 0.0034
20 0.2133 0.1048 0.1235 0.4958 0.0626
21 0.0403 0.0729 0.6299 0.2428 0.0141
22 0.0994 0.0111 0.3159 0.5454 0.0280
23 0.1482 0.0289 0.5508 0.2156 0.0567
24 0.0154 0.4646 0.3618 0.1556 0.0028
25 0.4019 0.3630 0.1769 0.0440 0.0144
26 0.2321 0.2356 0.1251 0.2820 0.1251
27 0.0674 0.2388 0.3315 0.3020 0.0604
28 0.0335 0.0743 0.6221 0.2634 0.0069
29 0.0677 0.0161 0.6230 0.2517 0.0417
30 0.0731 0.0159 0.5659 0.3076 0.0376
31 0.1135 0.2788 0.3665 0.1829 0.0584
32 0.0340 0.5200 0.3804 0.0472 0.0184
33 0.1416 0.4329 0.3142 0.0936 0.0177
34 0.0916 0.3945 0.3096 0.1969 0.0074
35 0.0482 0.4136 0.1322 0.3826 0.0233
36 0.2576 0.2102 0.1337 0.3359 0.0626
37 0.1158 0.5352 0.2267 0.1176 0.0047
38 0.1223 0.5747 0.2113 0.0802 0.0117
39 0.2260 0.2683 0.1589 0.3064 0.0405
40 0.0660 0.3149 0.2396 0.3569 0.0226
41 0.0472 0.2456 0.4587 0.1868 0.0616
42 0.0899 0.0236 0.3967 0.4565 0.0333
43 0.0518 0.1132 0.3889 0.4207 0.0253
44 0.0711 0.1248 0.3669 0.4031 0.0341
45 0.0123 0.7080 0.2229 0.0542 0.0025
46 0.1176 0.1953 0.2450 0.3916 0.0506
47 0.0894 0.2754 0.4758 0.0729 0.0866
48 0.0768 0.5171 0.3340 0.0236 0.0485
49 0.0083 0.2251 0.7041 0.0522 0.0104
50 0.0089 0.1971 0.7324 0.0502 0.0111
51 0.1010 0.0102 0.5127 0.3110 0.0652
52 0.0782 0.0387 0.7417 0.1155 0.0258
53 0.0549 0.0864 0.5420 0.2441 0.0728
54 0.0519 0.3689 0.4700 0.0667 0.0424
55 0.2284 0.1923 0.1821 0.3455 0.0518
56 0.0482 0.3066 0.5913 0.0449 0.0090
57 0.0696 0.0997 0.3347 0.4722 0.0237
58 0.0328 0.3557 0.4224 0.1052 0.0839
59 0.1131 0.0952 0.5146 0.2588 0.0179
60 0.0518 0.1151 0.6519 0.1648 0.0166
61 0.0657 0.4629 0.1813 0.1562 0.1337
62 0.0937 0.3193 0.5435 0.0342 0.0095
63 0.0243 0.5840 0.3406 0.0491 0.0019
64 0.0523 0.3806 0.3411 0.1959 0.0300
65 0.0519 0.1345 0.3179 0.4209 0.0749
66 0.0353 0.0681 0.3857 0.4954 0.0156
67 0.1017 0.1588 0.3931 0.3184 0.0282
68 0.0076 0.3936 0.5054 0.0885 0.0049
69 0.0938 0.1140 0.2216 0.5571 0.0136
70 0.1401 0.1135 0.3931 0.2876 0.0657
71 0.0939 0.1000 0.4343 0.3381 0.0338
72 0.0871 0.0174 0.3696 0.4897 0.0360
73 0.0498 0.0619 0.8159 0.0702 0.0024
74 0.0071 0.1786 0.7759 0.0369 0.0015
75 0.0500 0.0562 0.5005 0.2852 0.1082
76 0.0361 0.1011 0.6196 0.2043 0.0390
77 0.1236 0.1743 0.2239 0.4487 0.0296
78 0.0244 0.1199 0.6582 0.1915 0.0061
79 0.1525 0.2783 0.2004 0.3438 0.0249
80 0.1571 0.0079 0.4407 0.3540 0.0403
81 0.2491 0.0154 0.4172 0.2378 0.0803
82 0.0319 0.7422 0.1427 0.0776 0.0056
83 0.2084 0.1782 0.4277 0.1624 0.0234
84 0.0550 0.0533 0.6299 0.2544 0.0073
85 0.0199 0.4600 0.2703 0.2480 0.0018
86 0.2510 0.4373 0.1659 0.1158 0.0300
87 0.0554 0.1415 0.7075 0.0899 0.0059
88 0.0309 0.1387 0.5835 0.2322 0.0145
89 0.0613 0.5820 0.2124 0.1393 0.0048
90 0.3154 0.2255 0.1400 0.2085 0.1107
91 0.0301 0.2812 0.5771 0.1068 0.0048
92 0.0321 0.1606 0.5352 0.2690 0.0030
93 0.0399 0.0872 0.5771 0.2812 0.0142
94 0.1259 0.2927 0.1052 0.4292 0.0470
95 0.0343 0.4214 0.3604 0.1813 0.0026
96 0.0655 0.3027 0.3652 0.2632 0.0034
97 0.0134 0.4878 0.4373 0.0578 0.0037
98 0.0475 0.6157 0.1509 0.1271 0.0587
99 0.2277 0.4285 0.1359 0.1144 0.0934
100 0.1735 0.2012 0.1642 0.4001 0.0609
101 0.0258 0.1168 0.6313 0.2081 0.0179
102 0.0685 0.5063 0.2162 0.2014 0.0074
103 0.1959 0.2576 0.3748 0.1478 0.0241
104 0.0042 0.1034 0.0657 0.8262 0.0004
105 0.0199 0.3503 0.1818 0.4429 0.0053
106 0.0222 0.4346 0.2477 0.2896 0.0060
107 0.0072 0.1173 0.0928 0.7651 0.0176
108 0.1656 0.0807 0.2094 0.1310 0.4131
109 0.1638 0.0270 0.2205 0.5718 0.0169
110 0.0961 0.0583 0.1420 0.5703 0.1334
111 0.0900 0.2263 0.2795 0.1156 0.2883
112 0.0579 0.0954 0.2117 0.0507 0.5845
113 0.0636 0.1305 0.4053 0.0750 0.3257
114 0.0505 0.1373 0.4197 0.1260 0.2666
115 0.1791 0.0619 0.2228 0.5020 0.0342
116 0.0690 0.2507 0.4468 0.0873 0.1462
117 0.3994 0.0762 0.0603 0.3750 0.0891
118 0.0680 0.1521 0.4333 0.0997 0.2468
119 0.0826 0.1890 0.2408 0.3369 0.1506
120 0.0293 0.2515 0.4414 0.2678 0.0098
121 0.2927 0.1405 0.2998 0.2061 0.0609
122 0.1469 0.1829 0.1626 0.4893 0.0185
123 0.0736 0.2568 0.3511 0.0696 0.2489
124 0.0751 0.3447 0.2174 0.1085 0.2542
125 0.1906 0.4099 0.2544 0.1383 0.0068
126 0.0432 0.0928 0.3164 0.1219 0.4258
127 0.0406 0.0894 0.4070 0.2798 0.1835
128 0.0819 0.0695 0.2059 0.2427 0.4001
129 0.0701 0.2352 0.4062 0.1654 0.1230
130 0.0282 0.0487 0.7988 0.1099 0.0142
131 0.1031 0.1388 0.2362 0.4211 0.1008
132 0.0768 0.1161 0.3083 0.3691 0.1295
133 0.2262 0.2192 0.2209 0.2028 0.1309
134 0.0744 0.1550 0.2439 0.3899 0.1368
135 0.4211 0.1455 0.1378 0.2761 0.0194
136 0.0723 0.0432 0.4937 0.3726 0.0183
137 0.2554 0.0115 0.2593 0.4211 0.0527
138 0.3557 0.0980 0.2996 0.2351 0.0114
139 0.2101 0.1783 0.3574 0.2290 0.0253
140 0.2412 0.0307 0.1710 0.3914 0.1658
141 0.4858 0.0580 0.1627 0.0470 0.2462
142 0.0638 0.0520 0.6543 0.2026 0.0274
143 0.1335 0.1433 0.2720 0.4211 0.0303
144 0.0965 0.0202 0.4224 0.3291 0.1318
145 0.0182 0.0836 0.6787 0.1914 0.0282
146 0.0237 0.0992 0.3862 0.4585 0.0324
147 0.1329 0.2524 0.2334 0.3530 0.0281
148 0.0427 0.1198 0.3748 0.4246 0.0383
149 0.0313 0.2773 0.3044 0.3789 0.0078
150 0.2028 0.0988 0.1832 0.4902 0.0250
151 0.0384 0.0958 0.7651 0.0943 0.0063
152 0.0367 0.4907 0.3943 0.0654 0.0130
153 0.0693 0.3408 0.4807 0.1056 0.0035
154 0.1211 0.1372 0.3044 0.3938 0.0435
155 0.2554 0.2615 0.2634 0.2036 0.0159
156 0.0219 0.0643 0.1110 0.7588 0.0442
157 0.0131 0.0397 0.1243 0.7734 0.0494
158 0.0152 0.0933 0.6782 0.2036 0.0097
159 0.0189 0.0718 0.6816 0.2213 0.0061
160 0.0175 0.0512 0.7290 0.1932 0.0090
161 0.0234 0.0617 0.8003 0.1050 0.0093
162 0.0386 0.2827 0.5625 0.0842 0.0320
163 0.0293 0.1755 0.6318 0.1388 0.0243
164 0.1636 0.2783 0.2307 0.2634 0.0641
165 0.0656 0.3127 0.2893 0.1957 0.1366
166 0.1092 0.2600 0.3184 0.1267 0.1858
167 0.0492 0.1930 0.5044 0.2086 0.0448
168 0.2091 0.2561 0.3213 0.1874 0.0262
169 0.1719 0.3135 0.1067 0.3965 0.0115
170 0.0539 0.6519 0.2148 0.0461 0.0335
171 0.0751 0.2583 0.5732 0.0546 0.0390
172 0.4294 0.1270 0.2524 0.0807 0.1103
173 0.0771 0.0731 0.3982 0.4172 0.0345
174 0.0584 0.2137 0.5991 0.0963 0.0323
175 0.1835 0.0649 0.1764 0.5474 0.0277
176 0.0616 0.0954 0.3684 0.4658 0.0087
177 0.0593 0.1525 0.3574 0.3926 0.0383
178 0.0343 0.3894 0.2739 0.2964 0.0060
179 0.4451 0.2874 0.0294 0.1703 0.0677
180 0.1429 0.2549 0.1131 0.4578 0.0314
181 0.0142 0.0928 0.7891 0.0957 0.0084
182 0.0188 0.0679 0.7891 0.1191 0.0052
183 0.0923 0.2267 0.4651 0.1924 0.0235
184 0.0997 0.0777 0.3706 0.4333 0.0186
185 0.2101 0.3306 0.2084 0.2325 0.0185
186 0.0192 0.0703 0.6465 0.2612 0.0027
187 0.0405 0.1588 0.6089 0.1886 0.0033
188 0.2693 0.1571 0.0168 0.4917 0.0650
189 0.2122 0.0657 0.0112 0.6235 0.0871
190 0.4175 0.2098 0.0671 0.2654 0.0404
191 0.0333 0.0540 0.7339 0.1715 0.0075
192 0.0266 0.0973 0.7651 0.1068 0.0042
193 0.0571 0.3159 0.5371 0.0837 0.0060
194 0.2727 0.0633 0.0266 0.5820 0.0554
195 0.3625 0.1609 0.0188 0.4045 0.0531
196 0.0430 0.2273 0.4451 0.2786 0.0062
197 0.0199 0.1489 0.3203 0.5039 0.0071
198 0.2649 0.0782 0.0120 0.5967 0.0482
199 0.2080 0.1582 0.3735 0.2432 0.0171
200 0.0253 0.0919 0.7573 0.1217 0.0039
201 0.0562 0.3162 0.3726 0.2482 0.0068
202 0.2900 0.0942 0.0485 0.5010 0.0662
203 0.0361 0.1320 0.5386 0.2881 0.0054
204 0.0548 0.1057 0.6177 0.2168 0.0049
205 0.0602 0.1929 0.5000 0.2308 0.0160
206 0.1025 0.3550 0.2346 0.2942 0.0138
207 0.2786 0.2744 0.2639 0.1423 0.0408
208 0.0420 0.0810 0.7109 0.1611 0.0052
209 0.1138 0.0649 0.6450 0.1656 0.0108
210 0.2489 0.1594 0.2549 0.2932 0.0436
211 0.0325 0.3105 0.5122 0.1367 0.0081
212 0.0427 0.7925 0.1313 0.0284 0.0051
213 0.0137 0.5967 0.2000 0.1877 0.0017
214 0.0355 0.4158 0.3289 0.2157 0.0040
215 0.2659 0.0603 0.1285 0.5205 0.0247
216 0.1860 0.5259 0.1426 0.1111 0.0344
217 0.0363 0.4424 0.3638 0.1516 0.0059
218 0.0444 0.5576 0.2961 0.0939 0.0080
219 0.3938 0.1965 0.2158 0.1775 0.0163
220 0.1179 0.3689 0.2917 0.1990 0.0227
221 0.1707 0.0623 0.1903 0.5684 0.0085
222 0.0326 0.3647 0.5225 0.0765 0.0037
223 0.0424 0.2878 0.4744 0.1917 0.0036
224 0.3201 0.1796 0.2891 0.1896 0.0218
225 0.1838 0.3984 0.2781 0.1313 0.0084
226 0.2274 0.2292 0.2311 0.2639 0.0484
227 0.0194 0.1177 0.4045 0.4443 0.0142
228 0.2451 0.0436 0.0154 0.6562 0.0397
229 0.2786 0.0593 0.1256 0.5244 0.0119
230 0.0332 0.1431 0.3486 0.4692 0.0059
231 0.2529 0.3948 0.0967 0.1849 0.0707
232 0.0431 0.3962 0.4631 0.0941 0.0033
233 0.2208 0.0965 0.2769 0.3613 0.0445
234 0.1278 0.3066 0.3848 0.1578 0.0229
235 0.0408 0.3962 0.4561 0.1010 0.0058
236 0.1018 0.1528 0.3933 0.3418 0.0104
237 0.3411 0.1315 0.2418 0.2534 0.0325
238 0.2876 0.0884 0.0178 0.5503 0.0558
239 0.0793 0.0554 0.3555 0.5015 0.0082
240 0.2407 0.1299 0.2075 0.4097 0.0122
241 0.0501 0.2505 0.4468 0.1936 0.0591
242 0.2352 0.1012 0.1776 0.4326 0.0533
