time exciting_prob fearful_prob tense_prob sad_prob relaxing_prob
0 0.4707 0.0637 0.1787 0.2441 0.0428
1 0.4998 0.1015 0.2084 0.1548 0.0356
2 0.5103 0.0776 0.1819 0.1967 0.0337
3 0.3936 0.0871 0.2041 0.2834 0.0318
4 0.3965 0.0562 0.1307 0.3784 0.0381
5 0.3228 0.0249 0.1082 0.5000 0.0440
6 0.1937 0.0573 0.1175 0.5786 0.0530
7 0.1973 0.1196 0.1466 0.4731 0.0635
8 0.3169 0.0997 0.1833 0.3425 0.0577
9 0.2463 0.0740 0.1720 0.4675 0.0402
10 0.1578 0.6050 0.1964 0.0331 0.0075
11 0.1598 0.5488 0.2554 0.0273 0.0085
12 0.2467 0.3882 0.2355 0.1202 0.0095
13 0.1427 0.0304 0.1748 0.6099 0.0422
14 0.3491 0.0335 0.2307 0.3279 0.0588
15 0.2864 0.2230 0.3914 0.0753 0.0239
16 0.0848 0.1741 0.5278 0.2101 0.0029
17 0.1903 0.0408 0.3816 0.3669 0.0204
18 0.1750 0.0165 0.2374 0.5518 0.0192
19 0.3013 0.4382 0.2169 0.0338 0.0100
20 0.1711 0.1213 0.2001 0.4951 0.0123
21 0.2158 0.0341 0.1268 0.5957 0.0274
22 0.1851 0.0286 0.2032 0.5527 0.0305
23 0.1228 0.1482 0.2089 0.4858 0.0344
24 0.1300 0.1569 0.3943 0.3169 0.0018
25 0.5952 0.0871 0.1815 0.0964 0.0396
26 0.4395 0.1299 0.2245 0.1427 0.0633
27 0.2070 0.5205 0.2274 0.0389 0.0060
28 0.0983 0.0154 0.0436 0.8359 0.0070
29 0.2502 0.0309 0.1694 0.5220 0.0276
30 0.2246 0.0634 0.4197 0.2839 0.0084
31 0.2776 0.0990 0.3511 0.2649 0.0075
32 0.3721 0.1306 0.0721 0.4087 0.0165
33 0.2517 0.1152 0.2086 0.4023 0.0222
34 0.2666 0.0277 0.2930 0.3940 0.0186
35 0.5522 0.2001 0.1765 0.0543 0.0169
36 0.1598 0.1169 0.5322 0.1868 0.0044
37 0.3252 0.1635 0.1039 0.2654 0.1421
38 0.0838 0.0360 0.1692 0.6904 0.0204
39 0.4800 0.0324 0.0742 0.4041 0.0093
40 0.1937 0.0600 0.6553 0.0795 0.0115
41 0.2474 0.0404 0.6621 0.0430 0.0069
42 0.3188 0.3450 0.1681 0.1519 0.0163
43 0.2412 0.0237 0.2374 0.4648 0.0327
44 0.1797 0.0661 0.1913 0.5366 0.0263
45 0.2637 0.0499 0.2308 0.4084 0.0473
46 0.3149 0.0230 0.2959 0.3250 0.0413
47 0.2461 0.2578 0.4456 0.0386 0.0118
48 0.2654 0.2612 0.4175 0.0479 0.0081
49 0.2373 0.0638 0.2300 0.3882 0.0807
50 0.0928 0.0734 0.1415 0.6646 0.0281
51 0.1576 0.5503 0.1962 0.0927 0.0033
52 0.3088 0.4424 0.2058 0.0318 0.0111
53 0.2539 0.4387 0.1902 0.1026 0.0148
54 0.3091 0.0757 0.3115 0.2625 0.0412
55 0.2499 0.5903 0.1403 0.0128 0.0068
56 0.1948 0.6094 0.1746 0.0201 0.0011
57 0.1871 0.5591 0.2294 0.0236 0.0010
58 0.6104 0.0272 0.0746 0.2751 0.0128
59 0.0210 0.2686 0.0943 0.6147 0.0011
60 0.0322 0.5273 0.2378 0.2002 0.0024
61 0.0142 0.4482 0.1284 0.4080 0.0012
62 0.2681 0.0185 0.3608 0.3235 0.0292
63 0.3352 0.1376 0.3406 0.1647 0.0221
64 0.2563 0.0839 0.3503 0.2815 0.0279
65 0.0281 0.6304 0.1863 0.1544 0.0008
66 0.2627 0.0198 0.2932 0.3823 0.0419
67 0.1726 0.2216 0.4272 0.1699 0.0087
68 0.2136 0.0291 0.5806 0.1492 0.0274
69 0.0852 0.0248 0.1472 0.7246 0.0184
70 0.2231 0.0847 0.4041 0.2734 0.0145
71 0.3298 0.0930 0.2651 0.2957 0.0163
72 0.2460 0.1180 0.3311 0.2966 0.0082
73 0.2444 0.0459 0.3787 0.3091 0.0220
74 0.3289 0.1577 0.3726 0.1268 0.0140
75 0.3967 0.0972 0.3447 0.1483 0.0129
76 0.2671 0.1096 0.5396 0.0681 0.0157
77 0.4177 0.0511 0.3010 0.2101 0.0202
78 0.4263 0.1012 0.2795 0.1804 0.0127
79 0.4319 0.1493 0.1858 0.1978 0.0355
80 0.2798 0.1261 0.4910 0.0937 0.0094
81 0.2932 0.0367 0.2079 0.4470 0.0153
82 0.2118 0.0241 0.2362 0.5161 0.0118
83 0.4058 0.0389 0.2040 0.3364 0.0151
84 0.3677 0.2162 0.3508 0.0513 0.0140
85 0.3376 0.3538 0.2754 0.0136 0.0197
86 0.3838 0.2153 0.3662 0.0171 0.0175
87 0.2179 0.0198 0.2047 0.5068 0.0510
88 0.1959 0.0392 0.6421 0.1207 0.0020
89 0.2291 0.0688 0.6133 0.0876 0.0014
90 0.2214 0.0443 0.6113 0.1204 0.0022
91 0.1835 0.4265 0.3765 0.0090 0.0047
92 0.3372 0.0501 0.4539 0.1520 0.0069
93 0.3574 0.1160 0.4590 0.0612 0.0064
94 0.1925 0.1097 0.5835 0.1047 0.0095
95 0.2346 0.1256 0.4888 0.1422 0.0087
96 0.2832 0.0524 0.3994 0.2578 0.0074
97 0.3123 0.0551 0.3708 0.2549 0.0066
98 0.4697 0.0374 0.1263 0.3545 0.0121
99 0.4629 0.1135 0.3440 0.0768 0.0027
100 0.2771 0.0690 0.5098 0.1372 0.0069
101 0.3306 0.1160 0.4961 0.0507 0.0066
102 0.2969 0.0799 0.4121 0.1470 0.0642
103 0.0823 0.0491 0.2419 0.5986 0.0280
104 0.2113 0.0436 0.2249 0.4990 0.0213
105 0.1359 0.0557 0.3062 0.4668 0.0357
106 0.1553 0.0657 0.1002 0.6045 0.0745
107 0.3862 0.2167 0.1454 0.1882 0.0635
108 0.0436 0.0385 0.2080 0.6929 0.0171
109 0.2583 0.1201 0.2927 0.2749 0.0541
110 0.2666 0.1004 0.2544 0.2544 0.1240
111 0.1638 0.0863 0.2136 0.5127 0.0236
112 0.1697 0.0735 0.2046 0.5225 0.0297
113 0.0263 0.4890 0.1316 0.3521 0.0011
114 0.0194 0.5571 0.1150 0.3079 0.0006
115 0.0397 0.5483 0.2472 0.1621 0.0024
116 0.3191 0.0782 0.1270 0.4570 0.0189
117 0.2551 0.0656 0.2018 0.4272 0.0502
118 0.1835 0.0908 0.1984 0.5063 0.0209
119 0.3376 0.0534 0.1096 0.4836 0.0159
120 0.0790 0.2396 0.2181 0.4077 0.0556
121 0.0422 0.1405 0.1543 0.6201 0.0428
122 0.0862 0.2554 0.1648 0.4551 0.0385
123 0.1242 0.1453 0.2979 0.3767 0.0560
124 0.0355 0.0508 0.0242 0.3262 0.5635
125 0.0967 0.1080 0.0526 0.2590 0.4836
126 0.0854 0.1115 0.1896 0.5073 0.1063
127 0.1284 0.1133 0.1598 0.5000 0.0984
128 0.0595 0.5649 0.2429 0.1078 0.0248
129 0.0663 0.6445 0.1790 0.0839 0.0262
130 0.0373 0.0569 0.2319 0.6714 0.0027
131 0.1996 0.3191 0.4429 0.0326 0.0059
132 0.0520 0.7695 0.1718 0.0051 0.0015
133 0.2360 0.4141 0.2759 0.0671 0.0069
134 0.1987 0.0895 0.3655 0.3433 0.0031
135 0.2245 0.3530 0.1543 0.2465 0.0217
136 0.1940 0.4106 0.1420 0.2340 0.0192
137 0.0260 0.3123 0.1836 0.4688 0.0093
138 0.0403 0.2180 0.2080 0.5229 0.0107
139 0.1260 0.3645 0.2710 0.2317 0.0069
140 0.0832 0.3728 0.4094 0.1309 0.0035
141 0.0109 0.8511 0.1305 0.0069 0.0006
142 0.0049 0.9287 0.0632 0.0031 0.0003
143 0.1904 0.2727 0.2644 0.2686 0.0038
144 0.1805 0.1805 0.3481 0.2886 0.0023
145 0.0577 0.7256 0.1724 0.0432 0.0011
146 0.1527 0.4419 0.3086 0.0941 0.0025
147 0.0177 0.8516 0.1152 0.0154 0.0001
148 0.0684 0.5298 0.3066 0.0906 0.0048
149 0.1293 0.2695 0.4956 0.0991 0.0063
150 0.2128 0.1193 0.2300 0.4231 0.0149
151 0.2323 0.3328 0.1072 0.2983 0.0295
152 0.1831 0.0222 0.1077 0.6597 0.0274
153 0.1106 0.1089 0.2416 0.4175 0.1215
154 0.2247 0.2668 0.2842 0.1984 0.0260
155 0.2932 0.1406 0.2393 0.2754 0.0517
156 0.0213 0.7856 0.0828 0.1097 0.0007
157 0.1605 0.3879 0.0609 0.3479 0.0428
158 0.2961 0.0947 0.1943 0.3865 0.0284
159 0.4219 0.0196 0.1017 0.4087 0.0481
160 0.2666 0.0674 0.1320 0.5059 0.0279
161 0.2090 0.0603 0.1437 0.5771 0.0101
162 0.3640 0.1060 0.0599 0.4602 0.0099
163 0.2878 0.1238 0.1027 0.4529 0.0326
164 0.1224 0.0351 0.1014 0.7153 0.0257
165 0.4187 0.1653 0.3015 0.0745 0.0399
166 0.2311 0.1025 0.3062 0.3416 0.0190
167 0.4473 0.2214 0.0629 0.2080 0.0605
168 0.0901 0.6309 0.0901 0.1865 0.0023
169 0.2107 0.4392 0.1382 0.1615 0.0504
170 0.3088 0.1219 0.0806 0.4565 0.0320
171 0.3052 0.0461 0.1122 0.4727 0.0640
172 0.1157 0.4507 0.0801 0.3350 0.0186
173 0.2612 0.4958 0.0946 0.1263 0.0220
174 0.1946 0.0469 0.0774 0.6685 0.0126
175 0.1815 0.0496 0.0627 0.6958 0.0102
176 0.3018 0.1318 0.0878 0.4390 0.0396
177 0.2673 0.3770 0.1344 0.1926 0.0286
178 0.3477 0.0996 0.1279 0.3118 0.1129
179 0.2927 0.1111 0.1240 0.2974 0.1748
180 0.3315 0.0653 0.2426 0.3530 0.0077
181 0.1560 0.5708 0.0803 0.1597 0.0332
182 0.3137 0.0608 0.1172 0.4290 0.0793
183 0.1896 0.0803 0.1006 0.5400 0.0895
184 0.2064 0.1292 0.1096 0.5269 0.0277
185 0.2791 0.1403 0.0934 0.4600 0.0272
186 0.1296 0.3362 0.1401 0.3083 0.0856
187 0.1155 0.0886 0.1155 0.6650 0.0154
188 0.1242 0.1096 0.1343 0.6021 0.0300
189 0.1074 0.0272 0.0540 0.8066 0.0049
190 0.1567 0.1077 0.2280 0.4902 0.0172
191 0.0983 0.6934 0.1302 0.0708 0.0075
192 0.1912 0.5117 0.1597 0.1107 0.0269
193 0.2568 0.0601 0.1880 0.4236 0.0714
194 0.2629 0.0867 0.1322 0.4404 0.0778
195 0.0818 0.2480 0.1787 0.4707 0.0207
196 0.2498 0.0744 0.1108 0.4968 0.0683
197 0.1910 0.0924 0.1355 0.4729 0.1080
198 0.0635 0.1868 0.1500 0.5845 0.0153
199 0.1669 0.0493 0.0415 0.7251 0.0173
200 0.1743 0.0631 0.3521 0.3928 0.0175
201 0.1631 0.0649 0.1876 0.5688 0.0154
202 0.1877 0.0564 0.4036 0.3452 0.0069
203 0.2510 0.0560 0.3767 0.3125 0.0038
204 0.1791 0.0353 0.6553 0.1290 0.0016
205 0.2532 0.0510 0.5703 0.1215 0.0039
206 0.1881 0.1635 0.1971 0.4172 0.0340
207 0.4243 0.0932 0.2739 0.1943 0.0141
208 0.1555 0.0944 0.4163 0.3242 0.0096
209 0.2676 0.1168 0.5073 0.1015 0.0066
210 0.4324 0.0632 0.0838 0.3699 0.0508
211 0.2257 0.0652 0.0571 0.6133 0.0386
212 0.3335 0.1390 0.3838 0.1033 0.0405
213 0.1675 0.1958 0.4082 0.2020 0.0265
214 0.1791 0.0577 0.1394 0.5962 0.0275
215 0.3708 0.0815 0.2844 0.2395 0.0239
216 0.3401 0.0505 0.2488 0.3347 0.0260
217 0.2427 0.5645 0.1310 0.0595 0.0026
218 0.0393 0.0116 0.7417 0.2059 0.0014
219 0.1685 0.3916 0.3196 0.1176 0.0029
220 0.2927 0.1748 0.2279 0.2927 0.0119
221 0.2107 0.0995 0.3936 0.2622 0.0341
222 0.2561 0.1995 0.3342 0.1309 0.0793
223 0.4153 0.0745 0.0549 0.2223 0.2330
224 0.2427 0.5298 0.1495 0.0740 0.0038
225 0.2542 0.1382 0.1774 0.2834 0.1471
226 0.3853 0.1121 0.3735 0.1104 0.0186
227 0.1448 0.1666 0.4602 0.1979 0.0303
228 0.1445 0.3928 0.2830 0.1743 0.0055
229 0.3105 0.0955 0.3059 0.2457 0.0424
230 0.3069 0.1077 0.4753 0.0746 0.0355
231 0.3193 0.0370 0.3674 0.2487 0.0275
232 0.1293 0.7324 0.1234 0.0119 0.0032
233 0.1473 0.0894 0.6401 0.1112 0.0122
234 0.4495 0.0567 0.1603 0.3237 0.0096
235 0.2876 0.0750 0.4668 0.1613 0.0095
236 0.2057 0.1172 0.5088 0.1602 0.0080
237 0.1818 0.0806 0.4226 0.3044 0.0106
238 0.2585 0.0595 0.1183 0.5386 0.0248
239 0.3420 0.1299 0.1748 0.2793 0.0740
240 0.2271 0.0499 0.6172 0.0862 0.0195
241 0.2041 0.0402 0.1425 0.5811 0.0320
242 0.4690 0.0464 0.3174 0.1621 0.0049
243 0.2229 0.6157 0.1193 0.0378 0.0044
244 0.2913 0.5527 0.1159 0.0351 0.0048
245 0.1672 0.1621 0.0999 0.5483 0.0223
246 0.2058 0.6440 0.1309 0.0148 0.0047
247 0.2311 0.1716 0.4055 0.1857 0.0062
248 0.4641 0.1694 0.2334 0.1027 0.0304
249 0.2378 0.1313 0.3740 0.2131 0.0436
250 0.1488 0.0327 0.1234 0.6562 0.0388
251 0.2275 0.6089 0.1359 0.0247 0.0027
252 0.2717 0.0503 0.0779 0.5078 0.0925
253 0.2021 0.6733 0.1065 0.0143 0.0037
254 0.1608 0.6260 0.1738 0.0379 0.0013
255 0.1044 0.0252 0.5220 0.3264 0.0222
256 0.1147 0.0525 0.3118 0.4832 0.0378
257 0.1716 0.2656 0.4592 0.0715 0.0320
258 0.2090 0.4158 0.3237 0.0301 0.0214
259 0.1166 0.0789 0.4265 0.3323 0.0457
260 0.4978 0.1259 0.1949 0.1239 0.0576
261 0.4780 0.1118 0.1199 0.2385 0.0516
262 0.4265 0.2319 0.1820 0.0591 0.1005
263 0.5034 0.1726 0.0861 0.1957 0.0420
264 0.1891 0.0950 0.1495 0.5137 0.0525
265 0.1891 0.0950 0.1495 0.5137 0.0525
266 0.1891 0.0950 0.1495 0.5137 0.0525
267 0.2037 0.2830 0.2496 0.2310 0.0327
268 0.2037 0.2830 0.2496 0.2310 0.0327
269 0.2037 0.2830 0.2496 0.2310 0.0327
270 0.2037 0.2830 0.2496 0.2310 0.0327
271 0.6392 0.2278 0.0812 0.0030 0.0489
272 0.6504 0.2212 0.0776 0.0031 0.0479
273 0.6499 0.2212 0.0776 0.0031 0.0482
274 0.6382 0.2275 0.0811 0.0030 0.0504
275 0.6382 0.2275 0.0811 0.0030 0.0504
