time exciting_prob fearful_prob tense_prob sad_prob relaxing_prob
0 0.2499 0.4316 0.0678 0.2188 0.0318
1 0.1644 0.4231 0.1095 0.2776 0.0254
2 0.1588 0.4219 0.1135 0.2810 0.0247
3 0.3132 0.3083 0.0804 0.2256 0.0726
4 0.2600 0.2480 0.0844 0.3499 0.0580
5 0.1631 0.2607 0.1968 0.3562 0.0233
6 0.1390 0.0417 0.2988 0.5005 0.0197
7 0.1301 0.1364 0.5923 0.1167 0.0243
8 0.1558 0.1062 0.6768 0.0446 0.0168
9 0.2135 0.0883 0.6084 0.0761 0.0139
10 0.2274 0.0657 0.5630 0.1276 0.0162
11 0.1075 0.0964 0.7344 0.0414 0.0202
12 0.1494 0.0585 0.5132 0.2386 0.0402
13 0.1675 0.2476 0.3835 0.1478 0.0536
14 0.3113 0.3313 0.1858 0.0303 0.1414
15 0.3215 0.1803 0.2544 0.1694 0.0746
16 0.1362 0.2318 0.5225 0.1061 0.0033
17 0.2888 0.2610 0.3594 0.0828 0.0082
18 0.1148 0.0551 0.4470 0.3706 0.0123
19 0.0980 0.2244 0.5469 0.1129 0.0179
20 0.3059 0.1074 0.5122 0.0540 0.0205
21 0.5356 0.2251 0.1488 0.0407 0.0498
22 0.1957 0.1323 0.2590 0.3599 0.0531
23 0.0825 0.0787 0.2174 0.5908 0.0303
24 0.0856 0.0636 0.4697 0.3657 0.0153
25 0.2673 0.2551 0.2803 0.1597 0.0376
26 0.2212 0.2930 0.4329 0.0302 0.0228
27 0.3372 0.1221 0.5063 0.0183 0.0163
28 0.1508 0.1592 0.6704 0.0128 0.0069
29 0.1082 0.1636 0.6890 0.0332 0.0061
30 0.2859 0.1329 0.5386 0.0355 0.0073
31 0.4578 0.2230 0.2910 0.0246 0.0036
32 0.3630 0.3254 0.2656 0.0424 0.0033
33 0.2922 0.2661 0.3696 0.0668 0.0052
34 0.3130 0.1367 0.4277 0.1049 0.0175
35 0.5356 0.2715 0.1752 0.0055 0.0124
36 0.2883 0.3674 0.3318 0.0039 0.0085
37 0.1333 0.4917 0.3652 0.0022 0.0075
38 0.4141 0.2147 0.3076 0.0573 0.0062
39 0.6626 0.1169 0.1326 0.0755 0.0123
40 0.5869 0.1555 0.1763 0.0623 0.0189
41 0.4316 0.1677 0.3635 0.0104 0.0267
42 0.2067 0.1674 0.5708 0.0340 0.0211
43 0.2593 0.3892 0.3176 0.0245 0.0096
44 0.5239 0.2615 0.1648 0.0247 0.0253
45 0.5312 0.3325 0.1214 0.0028 0.0119
46 0.5723 0.1209 0.2207 0.0285 0.0576
47 0.5425 0.1229 0.2974 0.0189 0.0184
48 0.6104 0.2317 0.1270 0.0060 0.0248
49 0.6460 0.0967 0.1343 0.0742 0.0490
50 0.1058 0.0864 0.7461 0.0473 0.0143
51 0.1677 0.4558 0.3440 0.0200 0.0123
52 0.2469 0.4299 0.2507 0.0327 0.0397
53 0.3276 0.3433 0.2512 0.0370 0.0407
54 0.3870 0.3606 0.1704 0.0272 0.0549
55 0.2795 0.2111 0.3535 0.1406 0.0152
56 0.2791 0.3582 0.3262 0.0140 0.0227
57 0.2406 0.6748 0.0562 0.0076 0.0209
58 0.1406 0.7192 0.0900 0.0106 0.0393
59 0.2284 0.2249 0.3826 0.1464 0.0180
60 0.2881 0.2502 0.4531 0.0051 0.0037
61 0.4138 0.1595 0.4011 0.0142 0.0111
62 0.5454 0.2874 0.1357 0.0044 0.0269
63 0.1138 0.5918 0.1804 0.0037 0.1103
64 0.1144 0.5332 0.2681 0.0018 0.0824
65 0.1333 0.1938 0.6260 0.0391 0.0079
66 0.1970 0.6509 0.1014 0.0173 0.0334
67 0.6865 0.1310 0.1321 0.0199 0.0306
68 0.6470 0.1031 0.1367 0.0677 0.0454
69 0.1153 0.1287 0.3723 0.3496 0.0341
70 0.1489 0.0797 0.4377 0.3057 0.0280
71 0.0616 0.2378 0.6265 0.0671 0.0069
72 0.0801 0.2754 0.4907 0.1428 0.0108
73 0.0869 0.4663 0.3438 0.0897 0.0131
74 0.1917 0.2139 0.2041 0.3040 0.0864
75 0.5127 0.1871 0.2788 0.0038 0.0178
76 0.0919 0.2239 0.4814 0.1744 0.0282
77 0.5024 0.1473 0.3093 0.0095 0.0316
78 0.2069 0.1467 0.5986 0.0392 0.0085
79 0.3525 0.1528 0.3525 0.1050 0.0371
80 0.1967 0.1362 0.4829 0.1669 0.0175
81 0.3398 0.2467 0.3674 0.0201 0.0258
82 0.2952 0.1709 0.4868 0.0323 0.0148
83 0.4580 0.1924 0.3171 0.0116 0.0208
84 0.1407 0.2756 0.4270 0.1499 0.0067
85 0.5669 0.1478 0.2595 0.0098 0.0162
86 0.3982 0.0991 0.4656 0.0150 0.0221
87 0.5498 0.1626 0.2598 0.0052 0.0224
88 0.1483 0.2708 0.2686 0.2949 0.0173
89 0.3735 0.1194 0.4368 0.0321 0.0381
90 0.1009 0.1538 0.5044 0.2310 0.0099
91 0.1748 0.2109 0.4607 0.1383 0.0153
92 0.5767 0.2330 0.1042 0.0068 0.0793
93 0.4614 0.0543 0.2510 0.2064 0.0271
94 0.1823 0.0931 0.1880 0.4954 0.0413
95 0.5771 0.1578 0.2483 0.0100 0.0064
96 0.6514 0.2131 0.1168 0.0058 0.0131
97 0.4688 0.2607 0.2302 0.0197 0.0206
98 0.4297 0.0894 0.3975 0.0664 0.0172
99 0.0813 0.5513 0.3503 0.0032 0.0137
100 0.0989 0.2228 0.5264 0.1310 0.0212
101 0.4417 0.2598 0.2830 0.0049 0.0107
102 0.4595 0.2136 0.3132 0.0030 0.0105
103 0.5645 0.1580 0.1920 0.0256 0.0600
104 0.2617 0.1091 0.4385 0.1638 0.0267
105 0.0734 0.1003 0.5020 0.2903 0.0341
106 0.4690 0.1323 0.1571 0.1583 0.0834
107 0.0290 0.1129 0.2428 0.6104 0.0049
108 0.0593 0.1400 0.3359 0.4451 0.0196
109 0.0107 0.0471 0.1279 0.8086 0.0054
110 0.2091 0.0581 0.3787 0.2369 0.1173
111 0.1832 0.1643 0.4363 0.1240 0.0922
112 0.1335 0.0947 0.4517 0.3103 0.0099
113 0.1633 0.1223 0.4763 0.1685 0.0697
114 0.1829 0.1296 0.5459 0.1218 0.0200
115 0.1132 0.1106 0.6724 0.0868 0.0171
116 0.0791 0.0556 0.5322 0.3176 0.0156
117 0.1661 0.0848 0.4517 0.2534 0.0440
118 0.1710 0.1113 0.5435 0.1532 0.0212
119 0.1381 0.0341 0.2876 0.5210 0.0194
120 0.0863 0.0715 0.5850 0.2478 0.0093
121 0.0969 0.4731 0.4241 0.0022 0.0038
122 0.2295 0.1349 0.2123 0.4028 0.0207
123 0.2333 0.0988 0.1816 0.4568 0.0294
124 0.4888 0.1074 0.1730 0.2103 0.0205
125 0.4421 0.2832 0.1576 0.0294 0.0877
126 0.1234 0.0760 0.4958 0.2915 0.0133
127 0.2942 0.1587 0.2152 0.2637 0.0682
128 0.1208 0.0762 0.4316 0.3577 0.0138
129 0.1260 0.0591 0.4099 0.3850 0.0202
130 0.3958 0.2085 0.2135 0.1125 0.0698
131 0.2412 0.2957 0.2734 0.1407 0.0490
132 0.2510 0.3857 0.2146 0.0197 0.1292
133 0.3799 0.3799 0.1986 0.0053 0.0362
134 0.2068 0.6416 0.0896 0.0112 0.0507
135 0.4441 0.0854 0.2286 0.1302 0.1115
136 0.0938 0.1132 0.3486 0.4270 0.0175
137 0.1903 0.7183 0.0673 0.0093 0.0147
138 0.3821 0.4756 0.0826 0.0077 0.0521
139 0.3435 0.5278 0.0924 0.0060 0.0305
140 0.2542 0.5337 0.1903 0.0057 0.0161
141 0.1541 0.6045 0.2156 0.0059 0.0201
142 0.1779 0.5435 0.1037 0.0092 0.1658
143 0.1774 0.4822 0.3113 0.0073 0.0217
144 0.1637 0.6323 0.1826 0.0070 0.0143
145 0.4419 0.3416 0.1285 0.0045 0.0837
146 0.2422 0.5854 0.0898 0.0177 0.0647
147 0.3904 0.4321 0.0722 0.0226 0.0825
148 0.3376 0.5107 0.1006 0.0120 0.0388
149 0.4719 0.3193 0.1260 0.0439 0.0390
150 0.4016 0.1168 0.1159 0.2937 0.0720
151 0.1495 0.6543 0.1846 0.0021 0.0093
152 0.3013 0.3159 0.2240 0.0109 0.1481
153 0.2705 0.2947 0.3162 0.0075 0.1110
154 0.3906 0.1903 0.2157 0.0146 0.1888
155 0.1512 0.0732 0.4734 0.2307 0.0715
156 0.2133 0.0616 0.2067 0.4375 0.0809
157 0.3232 0.0978 0.4382 0.0584 0.0823
158 0.6016 0.1606 0.1632 0.0051 0.0696
159 0.4136 0.1594 0.2319 0.0382 0.1570
160 0.6084 0.2054 0.1411 0.0039 0.0411
161 0.5913 0.2109 0.1804 0.0031 0.0141
162 0.3286 0.2480 0.2991 0.0891 0.0352
163 0.4221 0.1145 0.1887 0.1565 0.1181
164 0.0719 0.2888 0.5312 0.0991 0.0089
165 0.0846 0.1682 0.4717 0.2605 0.0149
166 0.6821 0.0945 0.2015 0.0037 0.0182
167 0.5127 0.1600 0.2040 0.0657 0.0575
168 0.6265 0.0868 0.2433 0.0178 0.0258
169 0.5249 0.0792 0.3665 0.0111 0.0185
170 0.4888 0.1008 0.3777 0.0136 0.0192
171 0.1909 0.4800 0.3003 0.0070 0.0218
172 0.4109 0.4307 0.1106 0.0093 0.0385
173 0.1201 0.5913 0.2262 0.0156 0.0467
174 0.1403 0.2367 0.4971 0.0891 0.0369
175 0.1356 0.1124 0.4177 0.2236 0.1107
176 0.3176 0.2184 0.3892 0.0611 0.0136
177 0.1442 0.3298 0.4915 0.0218 0.0128
178 0.3306 0.1143 0.4661 0.0726 0.0165
179 0.5737 0.1428 0.2355 0.0110 0.0367
180 0.4834 0.2179 0.2430 0.0136 0.0422
181 0.1447 0.0728 0.2876 0.4819 0.0130
182 0.4321 0.2405 0.2207 0.0318 0.0751
183 0.4668 0.1436 0.3135 0.0441 0.0320
184 0.1606 0.3323 0.4541 0.0426 0.0102
185 0.1680 0.1775 0.5957 0.0084 0.0504
186 0.1844 0.1163 0.5552 0.0623 0.0818
187 0.5830 0.2079 0.1750 0.0073 0.0266
188 0.5991 0.1445 0.2087 0.0030 0.0444
189 0.5142 0.1484 0.2883 0.0082 0.0409
190 0.4546 0.2452 0.2551 0.0040 0.0410
191 0.3950 0.2434 0.3030 0.0052 0.0535
192 0.4568 0.2583 0.2389 0.0103 0.0358
193 0.3313 0.1493 0.4746 0.0106 0.0341
194 0.2798 0.0577 0.5742 0.0735 0.0149
195 0.2766 0.0594 0.6235 0.0276 0.0126
196 0.3816 0.0706 0.4824 0.0174 0.0478
197 0.2133 0.0447 0.6416 0.0743 0.0263
198 0.2330 0.1692 0.5679 0.0233 0.0068
199 0.2347 0.2040 0.5376 0.0121 0.0117
200 0.1270 0.0950 0.5513 0.2125 0.0141
201 0.3735 0.2712 0.2820 0.0273 0.0460
202 0.6748 0.0851 0.1888 0.0094 0.0418
203 0.5708 0.1283 0.2117 0.0089 0.0803
204 0.1249 0.2209 0.6343 0.0047 0.0152
205 0.1868 0.2200 0.4622 0.0931 0.0379
206 0.3787 0.0442 0.3845 0.1517 0.0409
207 0.4290 0.0950 0.4094 0.0285 0.0381
208 0.1100 0.0515 0.5205 0.2966 0.0213
209 0.5942 0.1152 0.2273 0.0169 0.0465
210 0.1432 0.1598 0.6030 0.0869 0.0070
211 0.1733 0.1035 0.4426 0.2603 0.0202
212 0.1815 0.0438 0.3186 0.4287 0.0274
213 0.2225 0.0972 0.2296 0.4290 0.0217
214 0.2391 0.0586 0.3479 0.3218 0.0326
215 0.1678 0.0283 0.4707 0.2991 0.0341
216 0.2673 0.1753 0.3950 0.1323 0.0302
217 0.6992 0.0507 0.1523 0.0726 0.0253
218 0.6201 0.1044 0.1519 0.0833 0.0406
219 0.3831 0.1304 0.3599 0.0991 0.0277
220 0.2634 0.3630 0.3081 0.0561 0.0094
221 0.2959 0.1488 0.3301 0.1852 0.0400
222 0.2456 0.1226 0.3745 0.2236 0.0335
223 0.5605 0.3296 0.0378 0.0039 0.0680
224 0.7651 0.1289 0.0442 0.0043 0.0572
225 0.6489 0.0818 0.2191 0.0166 0.0333
226 0.7031 0.1364 0.1290 0.0034 0.0279
227 0.6548 0.1310 0.1776 0.0079 0.0285
228 0.6704 0.1567 0.1155 0.0093 0.0482
229 0.2175 0.2125 0.4534 0.0794 0.0372
230 0.4070 0.2179 0.1792 0.0235 0.1724
231 0.4167 0.1521 0.2908 0.0894 0.0509
232 0.3960 0.0767 0.2786 0.1899 0.0588
233 0.0940 0.1000 0.5327 0.2637 0.0098
234 0.3232 0.1785 0.3691 0.1041 0.0249
235 0.1346 0.1501 0.5239 0.1755 0.0157
236 0.0518 0.1114 0.6826 0.1476 0.0067
237 0.1451 0.1792 0.4578 0.1879 0.0302
238 0.3479 0.0846 0.4131 0.1174 0.0372
239 0.1671 0.0759 0.2935 0.3171 0.1464
240 0.2374 0.1232 0.5269 0.0808 0.0316
241 0.3352 0.0759 0.5190 0.0483 0.0216
242 0.1832 0.1450 0.4680 0.1495 0.0542
243 0.1301 0.1570 0.6021 0.0952 0.0157
244 0.4624 0.0961 0.3079 0.1081 0.0255
245 0.2330 0.1627 0.4636 0.1172 0.0234
246 0.1708 0.0845 0.3848 0.1506 0.2092
247 0.1793 0.1022 0.2610 0.3916 0.0660
248 0.1317 0.0864 0.4121 0.3416 0.0283
249 0.5244 0.2556 0.1650 0.0066 0.0484
250 0.1292 0.1194 0.6357 0.0874 0.0282
251 0.3953 0.0931 0.3328 0.1584 0.0203
252 0.1964 0.0369 0.6440 0.1035 0.0190
253 0.2386 0.1145 0.3445 0.2561 0.0463
254 0.2861 0.0337 0.2229 0.4434 0.0140
255 0.3367 0.0988 0.4094 0.1288 0.0264
256 0.7788 0.0861 0.0975 0.0043 0.0332
257 0.1453 0.1808 0.3828 0.2715 0.0198
258 0.7061 0.0823 0.1368 0.0061 0.0688
259 0.1354 0.0861 0.6260 0.1440 0.0087
260 0.0729 0.0525 0.7358 0.1340 0.0047
261 0.2159 0.1708 0.4001 0.1655 0.0474
262 0.3442 0.0986 0.4185 0.1227 0.0160
263 0.5479 0.2338 0.1440 0.0059 0.0685
264 0.5767 0.2312 0.1190 0.0227 0.0504
265 0.1638 0.0837 0.5806 0.1588 0.0129
266 0.1378 0.0473 0.4663 0.3359 0.0125
267 0.3728 0.2837 0.2837 0.0328 0.0272
268 0.6011 0.1351 0.2014 0.0319 0.0304
269 0.4177 0.1649 0.3010 0.0903 0.0261
270 0.2290 0.4114 0.3333 0.0032 0.0232
271 0.2429 0.4575 0.2429 0.0083 0.0482
272 0.1548 0.5708 0.2473 0.0059 0.0214
273 0.5859 0.2539 0.1298 0.0040 0.0262
274 0.7051 0.1346 0.1378 0.0031 0.0192
275 0.2629 0.3298 0.3376 0.0148 0.0547
276 0.1724 0.5186 0.2776 0.0030 0.0286
277 0.2196 0.4009 0.3350 0.0068 0.0379
278 0.1755 0.4519 0.3518 0.0032 0.0175
279 0.2396 0.3889 0.3486 0.0031 0.0197
280 0.1383 0.2109 0.3940 0.2317 0.0250
281 0.1311 0.1121 0.3914 0.3193 0.0460
282 0.0985 0.1188 0.3718 0.3494 0.0616
283 0.1009 0.0593 0.4968 0.3257 0.0173
284 0.1158 0.0784 0.3350 0.4438 0.0269
285 0.1299 0.2244 0.5015 0.1288 0.0153
286 0.2065 0.3596 0.3486 0.0430 0.0423
287 0.1409 0.2866 0.5356 0.0203 0.0164
288 0.2383 0.4558 0.2039 0.0265 0.0756
289 0.2435 0.3103 0.2695 0.1064 0.0703
290 0.4763 0.0953 0.3708 0.0350 0.0226
291 0.3147 0.0665 0.5029 0.1071 0.0087
292 0.2061 0.1982 0.4099 0.1450 0.0409
293 0.1432 0.3572 0.4048 0.0515 0.0433
294 0.2484 0.3423 0.3701 0.0207 0.0186
295 0.1808 0.2651 0.4878 0.0295 0.0367
296 0.1760 0.2140 0.5381 0.0244 0.0477
297 0.0944 0.1567 0.6396 0.0951 0.0142
298 0.6094 0.2242 0.1219 0.0311 0.0132
299 0.6060 0.1508 0.1351 0.0801 0.0281
300 0.3447 0.1059 0.2386 0.2947 0.0160
301 0.4900 0.2058 0.1460 0.1164 0.0418
302 0.1743 0.1144 0.4119 0.2786 0.0208
303 0.1837 0.2571 0.5112 0.0022 0.0457
304 0.0732 0.2328 0.5088 0.1600 0.0253
305 0.1127 0.4221 0.3904 0.0549 0.0199
306 0.1026 0.6284 0.2277 0.0097 0.0315
307 0.1196 0.5034 0.3201 0.0218 0.0353
308 0.0786 0.2852 0.5757 0.0437 0.0167
309 0.0815 0.2532 0.5889 0.0423 0.0343
310 0.2269 0.2915 0.3250 0.0146 0.1420
311 0.5454 0.0481 0.3750 0.0247 0.0066
312 0.2264 0.3452 0.1428 0.1406 0.1450
313 0.1562 0.1538 0.2498 0.1143 0.3257
314 0.1737 0.3650 0.4233 0.0047 0.0334
315 0.1399 0.0855 0.7441 0.0269 0.0036
316 0.3396 0.0928 0.5469 0.0094 0.0110
317 0.1437 0.0399 0.7412 0.0695 0.0058
318 0.1967 0.0740 0.5264 0.1819 0.0214
319 0.5889 0.3103 0.0527 0.0145 0.0335
320 0.2490 0.3623 0.3457 0.0275 0.0152
321 0.1586 0.1274 0.6470 0.0527 0.0142
322 0.3250 0.2529 0.3740 0.0145 0.0337
323 0.1598 0.2827 0.5366 0.0042 0.0167
324 0.2959 0.2822 0.4011 0.0073 0.0135
325 0.1416 0.6152 0.2263 0.0017 0.0152
326 0.3396 0.4033 0.2334 0.0038 0.0199
327 0.3408 0.2360 0.2571 0.1488 0.0172
328 0.3521 0.0682 0.3633 0.1538 0.0626
329 0.3450 0.2317 0.2795 0.0344 0.1094
330 0.2155 0.4087 0.3496 0.0033 0.0229
331 0.3335 0.3311 0.2876 0.0106 0.0374
332 0.1436 0.2947 0.5132 0.0207 0.0283
333 0.1458 0.2404 0.5854 0.0142 0.0142
334 0.2620 0.3606 0.2703 0.0877 0.0196
335 0.2305 0.1511 0.0924 0.4880 0.0379
336 0.2334 0.3789 0.1449 0.2280 0.0147
337 0.2822 0.3406 0.3379 0.0164 0.0230
338 0.4790 0.2751 0.1997 0.0238 0.0222
339 0.2257 0.1434 0.2170 0.3635 0.0504
340 0.1624 0.1869 0.5366 0.0330 0.0810
341 0.1918 0.2278 0.4189 0.1154 0.0463
342 0.1865 0.1046 0.4617 0.2017 0.0457
343 0.2737 0.1158 0.1794 0.3379 0.0931
344 0.0997 0.0391 0.2842 0.5649 0.0120
345 0.2406 0.3213 0.2332 0.1844 0.0207
346 0.0936 0.1147 0.3215 0.4260 0.0442
347 0.1396 0.2629 0.4009 0.1620 0.0345
348 0.0976 0.1674 0.5317 0.1660 0.0373
349 0.1119 0.1707 0.6050 0.0435 0.0690
350 0.0938 0.1365 0.6670 0.0809 0.0219
351 0.3621 0.3196 0.2469 0.0319 0.0397
352 0.6660 0.1558 0.1130 0.0307 0.0345
353 0.3708 0.1030 0.3511 0.0909 0.0840
354 0.3037 0.2054 0.1066 0.3335 0.0508
355 0.3323 0.3484 0.1038 0.1396 0.0759
356 0.3469 0.3811 0.0986 0.0927 0.0805
357 0.3479 0.3879 0.1013 0.0685 0.0944
358 0.3999 0.3755 0.0858 0.0637 0.0751
359 0.4109 0.3801 0.0842 0.0556 0.0692
360 0.3872 0.4121 0.0812 0.0466 0.0728
361 0.3645 0.3940 0.0873 0.0746 0.0795
362 0.3679 0.3916 0.0867 0.0736 0.0802
363 0.3411 0.3203 0.1064 0.1573 0.0749
364 0.3442 0.3899 0.1017 0.0694 0.0948
