time exciting_prob fearful_prob tense_prob sad_prob relaxing_prob
0 0.2037 0.2830 0.2496 0.2310 0.0327
1 0.2235 0.3743 0.2269 0.1072 0.0682
2 0.1392 0.4089 0.2900 0.0787 0.0831
3 0.0294 0.6748 0.2332 0.0287 0.0341
4 0.0900 0.7715 0.0367 0.0331 0.0690
5 0.0291 0.6616 0.1896 0.0267 0.0931
6 0.0316 0.7251 0.1005 0.0568 0.0859
7 0.0361 0.7485 0.1222 0.0201 0.0730
8 0.0316 0.7715 0.0921 0.0262 0.0788
9 0.0828 0.4270 0.2433 0.2181 0.0288
10 0.1119 0.2522 0.1816 0.4031 0.0512
11 0.1384 0.2318 0.3169 0.2754 0.0375
12 0.0276 0.6914 0.2389 0.0318 0.0105
13 0.0521 0.3215 0.2466 0.3267 0.0529
14 0.0499 0.4922 0.1334 0.1598 0.1648
15 0.0776 0.1320 0.3115 0.4534 0.0256
16 0.1692 0.1917 0.1218 0.0504 0.4670
17 0.2378 0.3599 0.1123 0.1293 0.1609
18 0.2610 0.2249 0.1140 0.1938 0.2064
19 0.0744 0.7002 0.1423 0.0245 0.0584
20 0.0887 0.7544 0.0600 0.0747 0.0222
21 0.0670 0.1671 0.1737 0.5566 0.0359
22 0.0896 0.2397 0.1304 0.1324 0.4080
23 0.0825 0.6689 0.1200 0.0103 0.1181
24 0.1940 0.2756 0.2629 0.1698 0.0975
25 0.0997 0.1736 0.1777 0.4575 0.0915
26 0.0379 0.4202 0.1620 0.0206 0.3594
27 0.0169 0.5913 0.2708 0.1146 0.0067
28 0.0478 0.7129 0.0972 0.1238 0.0184
29 0.0432 0.2078 0.0826 0.0165 0.6499
30 0.1192 0.3115 0.1472 0.2389 0.1831
31 0.0954 0.3057 0.1169 0.2167 0.2654
32 0.0518 0.7910 0.1213 0.0256 0.0103
33 0.0462 0.5630 0.2537 0.0431 0.0941
34 0.0488 0.5127 0.3062 0.0280 0.1042
35 0.2368 0.4424 0.2042 0.0632 0.0533
36 0.0252 0.0643 0.0156 0.0080 0.8867
37 0.0093 0.8149 0.1372 0.0347 0.0041
38 0.0580 0.4929 0.2328 0.0511 0.1652
39 0.0899 0.2812 0.1248 0.4290 0.0751
40 0.1925 0.5400 0.1088 0.1080 0.0506
41 0.0206 0.0909 0.0179 0.0083 0.8623
42 0.0307 0.1558 0.1940 0.5190 0.1006
43 0.0660 0.2031 0.1821 0.3855 0.1632
44 0.1039 0.1714 0.0666 0.4998 0.1584
45 0.0522 0.1849 0.1509 0.5879 0.0243
46 0.0169 0.8315 0.1074 0.0427 0.0017
47 0.1770 0.3896 0.1826 0.1422 0.1082
48 0.2438 0.1455 0.2020 0.2344 0.1742
49 0.0510 0.2356 0.1113 0.4402 0.1620
50 0.0569 0.2761 0.1548 0.3953 0.1169
51 0.0198 0.6157 0.1311 0.0207 0.2128
52 0.0283 0.5513 0.2297 0.1309 0.0599
53 0.0119 0.6792 0.2239 0.0267 0.0584
54 0.0125 0.2061 0.2563 0.5181 0.0072
55 0.1478 0.3179 0.1812 0.2720 0.0811
56 0.2708 0.2388 0.1530 0.1949 0.1426
57 0.0282 0.5581 0.3896 0.0166 0.0074
58 0.0348 0.3149 0.1007 0.1635 0.3860
59 0.0275 0.5659 0.1243 0.1621 0.1204
60 0.0581 0.4829 0.0853 0.1383 0.2354
61 0.0704 0.6084 0.2168 0.0836 0.0210
62 0.0473 0.5854 0.0532 0.0377 0.2764
63 0.0265 0.3574 0.0612 0.1235 0.4312
64 0.0612 0.2595 0.0925 0.5493 0.0377
65 0.1440 0.2266 0.1301 0.1375 0.3621
66 0.1699 0.3223 0.2590 0.0854 0.1633
67 0.0443 0.4138 0.1262 0.0615 0.3540
68 0.1774 0.0775 0.1201 0.5728 0.0524
69 0.0533 0.3315 0.2350 0.1011 0.2791
70 0.0253 0.0617 0.0528 0.1963 0.6641
71 0.1277 0.2539 0.1917 0.1298 0.2969
72 0.0823 0.2893 0.3130 0.2717 0.0437
73 0.0984 0.3630 0.2307 0.2380 0.0698
74 0.1548 0.3435 0.2289 0.2399 0.0330
75 0.0238 0.3450 0.1531 0.1876 0.2905
76 0.3257 0.2365 0.1870 0.0994 0.1515
77 0.0224 0.0603 0.0346 0.1360 0.7466
78 0.0588 0.1526 0.2290 0.5405 0.0189
79 0.1462 0.1321 0.0887 0.1863 0.4468
80 0.1401 0.4561 0.1946 0.1976 0.0117
81 0.1101 0.2242 0.0885 0.0477 0.5293
82 0.2739 0.1913 0.0947 0.2573 0.1825
83 0.3186 0.1627 0.1317 0.1504 0.2367
84 0.1019 0.1964 0.1154 0.5684 0.0181
85 0.0352 0.5947 0.3389 0.0270 0.0041
86 0.0755 0.5405 0.0616 0.0094 0.3130
87 0.0334 0.2749 0.6807 0.0065 0.0047
88 0.1202 0.2646 0.3506 0.2372 0.0273
89 0.4983 0.2428 0.1111 0.0563 0.0914
90 0.1375 0.5308 0.0808 0.0975 0.1533
91 0.2173 0.1947 0.1505 0.1360 0.3015
92 0.1459 0.3608 0.4492 0.0323 0.0117
93 0.2034 0.4106 0.3198 0.0539 0.0121
94 0.1108 0.1041 0.0767 0.0955 0.6128
95 0.3506 0.4431 0.1129 0.0701 0.0235
96 0.0356 0.4133 0.2318 0.2976 0.0217
97 0.3137 0.1888 0.4495 0.0227 0.0254
98 0.3152 0.1107 0.5034 0.0420 0.0286
99 0.1125 0.2135 0.1074 0.4812 0.0856
100 0.1589 0.1163 0.0762 0.6094 0.0392
101 0.0657 0.6240 0.2947 0.0114 0.0044
102 0.0457 0.6313 0.2981 0.0188 0.0062
103 0.1451 0.1364 0.1582 0.2932 0.2671
104 0.1046 0.5269 0.2163 0.1375 0.0146
105 0.3064 0.3811 0.1403 0.0818 0.0905
106 0.0194 0.2007 0.0222 0.0234 0.7344
107 0.1204 0.5229 0.2048 0.1079 0.0439
108 0.0534 0.1794 0.2490 0.4954 0.0228
109 0.0751 0.4934 0.1962 0.2089 0.0266
110 0.0528 0.3340 0.2260 0.3391 0.0481
111 0.0346 0.6421 0.1812 0.0984 0.0437
112 0.0508 0.2313 0.7017 0.0118 0.0044
113 0.0131 0.9614 0.0219 0.0035 0.0002
114 0.0403 0.0379 0.1344 0.7612 0.0260
115 0.1149 0.6411 0.1753 0.0596 0.0091
116 0.0938 0.2671 0.1893 0.3428 0.1071
117 0.0450 0.4690 0.4075 0.0490 0.0293
118 0.0973 0.4500 0.3396 0.0820 0.0311
119 0.1593 0.4004 0.2013 0.2281 0.0108
120 0.0265 0.0472 0.1097 0.8105 0.0059
121 0.0592 0.5239 0.2417 0.1661 0.0092
122 0.0704 0.6274 0.2700 0.0179 0.0141
123 0.0336 0.8813 0.0735 0.0102 0.0013
124 0.0411 0.2156 0.4634 0.2683 0.0117
125 0.2646 0.2094 0.1395 0.1112 0.2751
126 0.2054 0.5166 0.1527 0.1180 0.0075
127 0.1259 0.1542 0.3586 0.3264 0.0349
128 0.0446 0.4363 0.0914 0.0179 0.4099
129 0.0398 0.7812 0.1337 0.0265 0.0188
130 0.0222 0.9165 0.0449 0.0044 0.0120
131 0.0376 0.5479 0.2668 0.0416 0.1062
132 0.0297 0.2195 0.0450 0.2374 0.4685
133 0.1302 0.5312 0.1672 0.0765 0.0945
134 0.2661 0.3811 0.1858 0.0500 0.1171
135 0.0359 0.1090 0.0836 0.6572 0.1142
136 0.1492 0.2744 0.3308 0.2239 0.0218
137 0.1682 0.2646 0.2773 0.1708 0.1193
138 0.0980 0.2749 0.1077 0.4395 0.0800
139 0.0213 0.7051 0.2399 0.0133 0.0206
140 0.0215 0.5254 0.3904 0.0554 0.0073
141 0.0572 0.3477 0.3267 0.2583 0.0101
142 0.1217 0.4521 0.2421 0.1445 0.0395
143 0.1428 0.3481 0.4402 0.0403 0.0286
144 0.0766 0.6567 0.2002 0.0175 0.0491
145 0.0936 0.3423 0.2059 0.1721 0.1860
146 0.0154 0.7622 0.1987 0.0189 0.0048
147 0.0388 0.3799 0.3513 0.0868 0.1431
148 0.0835 0.4880 0.3201 0.0385 0.0698
149 0.0955 0.6523 0.1812 0.0507 0.0202
150 0.0454 0.4802 0.4443 0.0243 0.0058
151 0.1589 0.5459 0.1744 0.0762 0.0445
152 0.0211 0.6567 0.2959 0.0085 0.0178
153 0.0801 0.3591 0.3882 0.1619 0.0108
154 0.2681 0.3442 0.3389 0.0354 0.0137
155 0.1566 0.3503 0.1220 0.2903 0.0806
156 0.0952 0.4509 0.1223 0.3247 0.0069
157 0.1198 0.1467 0.1000 0.4773 0.1561
158 0.0424 0.6421 0.1400 0.0182 0.1573
159 0.1528 0.5171 0.3186 0.0080 0.0035
160 0.0466 0.0850 0.1665 0.6899 0.0120
161 0.0540 0.1256 0.2661 0.5371 0.0170
162 0.0976 0.7046 0.0969 0.0121 0.0889
163 0.3552 0.2681 0.1208 0.0919 0.1639
164 0.0667 0.2898 0.2944 0.3135 0.0354
165 0.0202 0.6587 0.1979 0.1200 0.0031
166 0.0417 0.3416 0.2922 0.2966 0.0278
167 0.2467 0.5347 0.1121 0.0914 0.0153
168 0.0284 0.8120 0.1245 0.0325 0.0025
169 0.0071 0.9023 0.0741 0.0114 0.0051
170 0.0312 0.8506 0.0984 0.0164 0.0032
171 0.0112 0.6758 0.2952 0.0120 0.0058
172 0.0307 0.7100 0.2452 0.0105 0.0038
173 0.2080 0.3430 0.0953 0.1954 0.1583
174 0.0634 0.7036 0.0814 0.0634 0.0881
175 0.0215 0.8472 0.1129 0.0096 0.0088
176 0.2200 0.4880 0.1313 0.0803 0.0803
177 0.2031 0.2690 0.1582 0.3049 0.0645
178 0.0785 0.6079 0.1274 0.1561 0.0300
179 0.0363 0.7002 0.1716 0.0732 0.0187
180 0.2399 0.5405 0.1294 0.0621 0.0280
181 0.0274 0.6641 0.2810 0.0137 0.0140
182 0.0750 0.3867 0.0933 0.2458 0.1991
183 0.0733 0.2969 0.1026 0.3933 0.1338
184 0.0472 0.6729 0.1048 0.0925 0.0829
185 0.0350 0.6011 0.1722 0.1428 0.0486
186 0.2065 0.0861 0.2340 0.3860 0.0875
187 0.2131 0.3354 0.2532 0.1536 0.0447
188 0.0371 0.6377 0.2310 0.0437 0.0504
189 0.0208 0.8452 0.0978 0.0294 0.0070
190 0.2429 0.2886 0.1998 0.1281 0.1406
191 0.1390 0.4778 0.3232 0.0399 0.0199
192 0.1210 0.5098 0.1506 0.1530 0.0658
193 0.0523 0.3835 0.1675 0.3279 0.0687
194 0.0770 0.4395 0.1202 0.2927 0.0706
195 0.1593 0.2566 0.2062 0.1670 0.2111
196 0.0289 0.8433 0.0720 0.0330 0.0228
197 0.0324 0.6069 0.1880 0.1105 0.0620
198 0.0570 0.3633 0.2007 0.2920 0.0870
199 0.0185 0.5801 0.0767 0.2534 0.0715
200 0.0830 0.1285 0.1930 0.5674 0.0282
201 0.1348 0.1626 0.2617 0.1771 0.2639
202 0.0216 0.6523 0.1169 0.0661 0.1432
203 0.0386 0.1481 0.2056 0.5947 0.0130
204 0.0435 0.5386 0.1891 0.2045 0.0242
205 0.1450 0.1862 0.0893 0.1331 0.4465
206 0.3025 0.2319 0.2179 0.0367 0.2112
207 0.0709 0.5576 0.3279 0.0184 0.0253
208 0.0569 0.1572 0.3127 0.4619 0.0112
209 0.0427 0.2534 0.2167 0.4658 0.0215
210 0.0292 0.7183 0.1288 0.0627 0.0609
211 0.0452 0.7007 0.0424 0.1317 0.0799
212 0.1494 0.3699 0.1219 0.2010 0.1578
213 0.1650 0.6680 0.0817 0.0194 0.0657
214 0.0482 0.2905 0.4573 0.1936 0.0105
215 0.1530 0.1995 0.2026 0.3669 0.0781
216 0.0599 0.5864 0.1210 0.1554 0.0770
217 0.0773 0.4556 0.0919 0.0365 0.3386
218 0.0527 0.4207 0.2288 0.2759 0.0220
219 0.0205 0.4995 0.3328 0.1283 0.0189
220 0.0402 0.1588 0.3523 0.4316 0.0170
221 0.0306 0.2260 0.3340 0.3965 0.0130
222 0.0533 0.1318 0.1888 0.6094 0.0168
223 0.0827 0.6455 0.2096 0.0432 0.0190
224 0.0550 0.6387 0.1774 0.0964 0.0323
225 0.0523 0.3059 0.3257 0.2830 0.0333
226 0.2156 0.1815 0.2295 0.2947 0.0787
227 0.1770 0.2920 0.2310 0.1945 0.1057
228 0.1606 0.4038 0.2954 0.0701 0.0701
229 0.3464 0.1444 0.1611 0.2534 0.0947
