time exciting_prob fearful_prob tense_prob sad_prob relaxing_prob
0 0.1138 0.0396 0.0058 0.8281 0.0128
1 0.2367 0.1917 0.0082 0.5503 0.0130
2 0.1537 0.1783 0.0105 0.6323 0.0253
3 0.1458 0.0986 0.0130 0.6841 0.0584
4 0.1704 0.0608 0.0083 0.7173 0.0431
5 0.1357 0.2457 0.1538 0.0128 0.4519
6 0.1091 0.3440 0.1813 0.0135 0.3521
7 0.0368 0.2759 0.1064 0.4014 0.1796
8 0.0439 0.3423 0.1129 0.3118 0.1891
9 0.4785 0.2769 0.0525 0.1268 0.0652
10 0.6162 0.2097 0.0426 0.0479 0.0834
11 0.2266 0.1632 0.1644 0.4167 0.0293
12 0.2566 0.1791 0.2391 0.2839 0.0412
13 0.0561 0.0227 0.1160 0.0365 0.7686
14 0.1127 0.1414 0.3113 0.0504 0.3843
15 0.2100 0.1187 0.4275 0.0188 0.2252
16 0.1857 0.2292 0.3870 0.1171 0.0811
17 0.1277 0.2788 0.4561 0.0341 0.1034
18 0.1309 0.2974 0.4258 0.0943 0.0517
19 0.0645 0.3054 0.5195 0.1089 0.0019
20 0.0416 0.2776 0.6558 0.0241 0.0012
21 0.4541 0.4231 0.0144 0.0840 0.0244
22 0.1674 0.1355 0.1809 0.4656 0.0506
23 0.3801 0.1454 0.2717 0.1512 0.0515
24 0.1803 0.1382 0.2314 0.2426 0.2075
25 0.0534 0.2095 0.6553 0.0764 0.0055
26 0.1565 0.3391 0.4219 0.0657 0.0169
27 0.2185 0.0641 0.0465 0.0434 0.6274
28 0.3333 0.1057 0.0437 0.2069 0.3105
29 0.1874 0.1191 0.2859 0.3557 0.0520
30 0.1036 0.1438 0.4360 0.2952 0.0215
31 0.3765 0.3071 0.0494 0.2411 0.0260
32 0.2605 0.2263 0.1372 0.3118 0.0643
33 0.0535 0.0556 0.0552 0.7676 0.0681
34 0.4985 0.1937 0.0644 0.1497 0.0937
35 0.2151 0.2739 0.2961 0.1107 0.1040
36 0.2754 0.0654 0.0860 0.5566 0.0167
37 0.2605 0.1013 0.1395 0.4868 0.0118
38 0.0977 0.0726 0.0021 0.8052 0.0225
39 0.2485 0.1240 0.0193 0.5220 0.0859
40 0.6855 0.0207 0.0256 0.0653 0.2028
41 0.6367 0.0483 0.0773 0.0661 0.1714
42 0.5156 0.0089 0.1115 0.0606 0.3032
43 0.5840 0.0426 0.0841 0.0938 0.1956
44 0.2065 0.4441 0.1282 0.1725 0.0487
45 0.0764 0.6050 0.0892 0.1760 0.0533
46 0.3704 0.0959 0.1005 0.1581 0.2751
47 0.5557 0.2300 0.0581 0.0339 0.1221
48 0.1486 0.0502 0.0239 0.0629 0.7144
49 0.7285 0.1217 0.0637 0.0291 0.0571
50 0.4609 0.0542 0.0577 0.0846 0.3425
51 0.6338 0.1035 0.0711 0.1154 0.0763
52 0.5225 0.2229 0.0853 0.0235 0.1461
53 0.1606 0.4299 0.1697 0.0827 0.1570
54 0.2971 0.0618 0.2622 0.3164 0.0623
55 0.7178 0.0278 0.0470 0.1209 0.0864
56 0.6758 0.0509 0.0166 0.0141 0.2428
57 0.2534 0.1304 0.0676 0.0791 0.4695
58 0.0099 0.0067 0.0106 0.0044 0.9683
59 0.7676 0.0754 0.0697 0.0526 0.0348
60 0.4897 0.0299 0.0567 0.2791 0.1448
61 0.0195 0.0120 0.0681 0.0453 0.8550
62 0.0016 0.0008 0.0055 0.0018 0.9902
63 0.3774 0.0230 0.0588 0.3081 0.2325
64 0.3840 0.0673 0.3015 0.1025 0.1447
65 0.4456 0.1118 0.1704 0.1033 0.1691
66 0.4099 0.0776 0.1764 0.1166 0.2195
67 0.6738 0.1469 0.0532 0.0516 0.0745
68 0.4268 0.1582 0.0498 0.0578 0.3074
69 0.2749 0.0097 0.0892 0.2622 0.3640
70 0.3918 0.0382 0.1195 0.2651 0.1852
71 0.2432 0.0279 0.1167 0.2798 0.3323
72 0.2544 0.0238 0.1617 0.2625 0.2974
73 0.0515 0.0407 0.1178 0.0682 0.7217
74 0.3462 0.0454 0.1141 0.1313 0.3628
75 0.1100 0.0744 0.2072 0.2275 0.3809
76 0.4897 0.0695 0.1888 0.0825 0.1693
77 0.4131 0.1036 0.1212 0.2159 0.1461
78 0.4438 0.1243 0.1725 0.1595 0.0999
79 0.3940 0.1331 0.2625 0.1155 0.0950
80 0.2791 0.1278 0.1119 0.0352 0.4460
81 0.2406 0.0456 0.0734 0.0541 0.5864
82 0.4475 0.0334 0.3274 0.1071 0.0847
83 0.3223 0.1176 0.2064 0.1046 0.2490
84 0.3350 0.0847 0.3123 0.1096 0.1583
85 0.0878 0.0751 0.4934 0.1732 0.1705
86 0.2008 0.0441 0.1414 0.5376 0.0762
87 0.2386 0.0347 0.0603 0.0276 0.6387
88 0.1813 0.0154 0.0767 0.0941 0.6328
89 0.0556 0.0640 0.0835 0.0640 0.7329
90 0.0307 0.0307 0.0454 0.0096 0.8838
91 0.2236 0.0414 0.5537 0.1099 0.0715
92 0.0922 0.1078 0.0827 0.1062 0.6108
93 0.0311 0.0186 0.1052 0.0302 0.8149
94 0.3274 0.0960 0.1167 0.1620 0.2981
95 0.1104 0.0144 0.0199 0.1792 0.6763
96 0.2751 0.1138 0.1876 0.2092 0.2142
97 0.3147 0.0640 0.2489 0.1385 0.2339
98 0.4082 0.0430 0.0602 0.1049 0.3835
99 0.2345 0.0978 0.3806 0.1490 0.1379
100 0.1768 0.2067 0.3982 0.1941 0.0243
101 0.3105 0.2020 0.3081 0.0755 0.1040
102 0.6514 0.0518 0.1699 0.0510 0.0760
103 0.5444 0.1063 0.1234 0.1621 0.0640
104 0.3462 0.0433 0.0714 0.3435 0.1957
105 0.0229 0.0037 0.0178 0.0128 0.9429
106 0.1368 0.3496 0.0667 0.3779 0.0688
107 0.0731 0.5527 0.1006 0.2396 0.0340
108 0.3232 0.3259 0.2703 0.0528 0.0278
109 0.2563 0.1120 0.2998 0.2524 0.0794
110 0.3293 0.0900 0.1221 0.0966 0.3618
111 0.6182 0.0325 0.0850 0.2384 0.0257
112 0.6313 0.0394 0.0842 0.2269 0.0179
113 0.1193 0.0537 0.3560 0.1416 0.3293
114 0.3806 0.2742 0.1855 0.1433 0.0163
115 0.2222 0.1379 0.3960 0.1152 0.1285
116 0.1962 0.2122 0.5049 0.0750 0.0119
117 0.1880 0.2734 0.4404 0.0881 0.0100
118 0.3875 0.0684 0.2207 0.2834 0.0402
119 0.0790 0.0213 0.2510 0.6309 0.0176
120 0.1821 0.2145 0.4614 0.1053 0.0367
121 0.1880 0.1282 0.4836 0.1766 0.0235
122 0.2047 0.0413 0.4724 0.2529 0.0288
123 0.3435 0.1572 0.2083 0.1523 0.1388
124 0.4927 0.0070 0.1479 0.2556 0.0970
125 0.2190 0.0722 0.5010 0.1665 0.0411
126 0.4272 0.0343 0.0999 0.2397 0.1987
127 0.2351 0.2644 0.3447 0.0712 0.0845
128 0.5859 0.0637 0.0199 0.0311 0.2993
129 0.1081 0.2512 0.5156 0.0882 0.0368
130 0.3501 0.0438 0.2074 0.3813 0.0174
131 0.6582 0.1100 0.0408 0.0205 0.1704
132 0.0435 0.0148 0.0995 0.0349 0.8071
133 0.3047 0.3047 0.3506 0.0272 0.0131
134 0.2764 0.0151 0.3662 0.3232 0.0191
135 0.1823 0.0162 0.4106 0.3569 0.0340
136 0.2546 0.0195 0.4468 0.2391 0.0400
137 0.2668 0.0182 0.3706 0.3074 0.0370
138 0.3003 0.0373 0.0502 0.0290 0.5835
139 0.3850 0.0055 0.2524 0.2300 0.1270
140 0.6709 0.0486 0.1968 0.0307 0.0530
141 0.0508 0.0684 0.0751 0.7466 0.0594
142 0.0315 0.0666 0.1098 0.0535 0.7388
143 0.5918 0.0740 0.2159 0.0619 0.0563
144 0.2537 0.0193 0.3750 0.3257 0.0263
145 0.0374 0.5493 0.3894 0.0155 0.0087
146 0.1244 0.3408 0.3408 0.1796 0.0146
147 0.1790 0.0886 0.1846 0.3091 0.2389
148 0.2756 0.0591 0.1322 0.0340 0.4990
149 0.3328 0.0483 0.0889 0.0188 0.5112
150 0.3928 0.2576 0.1412 0.0948 0.1135
151 0.1459 0.0438 0.4026 0.1267 0.2810
152 0.6792 0.1199 0.1100 0.0301 0.0608
153 0.6577 0.0588 0.0779 0.0282 0.1771
154 0.0853 0.0471 0.5146 0.1451 0.2079
155 0.6636 0.0786 0.1126 0.0421 0.1033
156 0.6997 0.0476 0.1207 0.0161 0.1160
157 0.0959 0.0795 0.1270 0.6553 0.0425
158 0.2202 0.2325 0.2101 0.2272 0.1099
159 0.3167 0.0396 0.1240 0.4397 0.0801
160 0.1682 0.0550 0.5962 0.1331 0.0475
161 0.1533 0.0587 0.5610 0.1793 0.0479
162 0.5449 0.0925 0.2720 0.0152 0.0755
163 0.5454 0.0897 0.2920 0.0211 0.0519
164 0.5415 0.0402 0.1588 0.0768 0.1827
165 0.5728 0.0913 0.2042 0.0512 0.0806
166 0.2954 0.1096 0.5391 0.0248 0.0309
167 0.0351 0.0265 0.1151 0.0616 0.7617
168 0.1072 0.0835 0.7271 0.0754 0.0069
169 0.5684 0.0892 0.0818 0.1191 0.1415
170 0.5869 0.0619 0.0471 0.0740 0.2299
171 0.2517 0.2942 0.3108 0.0817 0.0617
172 0.3579 0.1814 0.3992 0.0448 0.0167
173 0.2335 0.2061 0.4329 0.0929 0.0347
174 0.1770 0.0462 0.5122 0.2439 0.0207
175 0.3135 0.1665 0.3811 0.1083 0.0306
176 0.0208 0.0086 0.0142 0.0489 0.9072
177 0.0543 0.0191 0.0587 0.0514 0.8164
178 0.1290 0.0361 0.1185 0.1241 0.5923
179 0.0885 0.0878 0.1371 0.0378 0.6489
180 0.0605 0.0582 0.2284 0.0874 0.5654
181 0.0501 0.0187 0.0172 0.0250 0.8887
182 0.0339 0.0288 0.0367 0.0326 0.8682
183 0.1078 0.0413 0.1021 0.0564 0.6924
184 0.1880 0.0731 0.1105 0.6118 0.0168
185 0.2489 0.0881 0.0901 0.5610 0.0119
186 0.1351 0.0989 0.1138 0.6450 0.0072
187 0.2272 0.0918 0.1797 0.4963 0.0050
188 0.5576 0.0241 0.1215 0.1714 0.1254
189 0.0967 0.1078 0.2247 0.4612 0.1096
190 0.3323 0.0419 0.0998 0.3481 0.1779
191 0.0905 0.0830 0.0739 0.6279 0.1246
192 0.2612 0.0809 0.3459 0.1584 0.1536
193 0.2385 0.1589 0.2104 0.1732 0.2189
194 0.2935 0.0132 0.1205 0.2018 0.3711
195 0.4602 0.0328 0.0950 0.3367 0.0751
196 0.2198 0.0530 0.0416 0.5273 0.1583
197 0.2751 0.0746 0.4326 0.1891 0.0285
198 0.2832 0.0942 0.2277 0.1181 0.2769
199 0.2512 0.2673 0.2269 0.2288 0.0257
200 0.3286 0.1932 0.2156 0.1338 0.1287
201 0.1740 0.0288 0.4729 0.1177 0.2065
202 0.2239 0.0566 0.1857 0.4890 0.0448
203 0.2896 0.0392 0.1676 0.3989 0.1049
204 0.1337 0.1179 0.1490 0.5537 0.0455
205 0.2920 0.0278 0.3062 0.2598 0.1144
206 0.1573 0.0362 0.4922 0.2167 0.0977
207 0.1151 0.0918 0.0671 0.2020 0.5239
208 0.1273 0.0903 0.0692 0.2825 0.4307
209 0.3550 0.1256 0.2678 0.1959 0.0557
210 0.1334 0.0656 0.2654 0.5034 0.0320
211 0.3013 0.0106 0.3362 0.2876 0.0641
212 0.2759 0.0211 0.3599 0.2847 0.0583
213 0.3557 0.0224 0.3728 0.2124 0.0366
214 0.1298 0.0369 0.0222 0.8008 0.0102
215 0.1017 0.0315 0.0191 0.8389 0.0089
216 0.2480 0.1002 0.1576 0.4353 0.0589
217 0.6982 0.1158 0.1194 0.0439 0.0228
218 0.7007 0.1161 0.1180 0.0427 0.0225
219 0.6987 0.1158 0.1196 0.0433 0.0225
