time exciting_prob fearful_prob tense_prob sad_prob relaxing_prob
0 0.2037 0.2830 0.2496 0.2310 0.0327
1 0.0625 0.5972 0.2651 0.0284 0.0468
2 0.0551 0.5977 0.2866 0.0506 0.0099
3 0.2642 0.4424 0.1267 0.1145 0.0524
4 0.1592 0.6348 0.1531 0.0399 0.0133
5 0.1383 0.2175 0.1299 0.3423 0.1721
6 0.0812 0.5957 0.2261 0.0336 0.0633
7 0.0359 0.5122 0.3254 0.0823 0.0441
8 0.0445 0.2747 0.6094 0.0541 0.0170
9 0.0556 0.3655 0.4656 0.1115 0.0019
10 0.0742 0.6021 0.2510 0.0660 0.0064
11 0.0844 0.4968 0.2617 0.1359 0.0213
12 0.0160 0.2883 0.5386 0.1544 0.0024
13 0.0341 0.3552 0.4153 0.1901 0.0054
14 0.0391 0.4336 0.4136 0.0952 0.0185
15 0.1138 0.1935 0.1580 0.3191 0.2158
16 0.0436 0.2319 0.0753 0.4685 0.1807
17 0.1168 0.5151 0.0430 0.1956 0.1293
18 0.1981 0.5913 0.0154 0.0900 0.1052
19 0.2874 0.5288 0.0272 0.0804 0.0762
20 0.1052 0.7476 0.0214 0.0634 0.0623
21 0.1858 0.2539 0.1002 0.4219 0.0381
22 0.0339 0.1724 0.5225 0.2629 0.0082
23 0.0817 0.1899 0.5005 0.1929 0.0351
24 0.0439 0.1764 0.2908 0.4722 0.0168
25 0.0255 0.1443 0.3713 0.4412 0.0176
26 0.0792 0.4419 0.3665 0.0338 0.0786
27 0.1415 0.5425 0.2042 0.0493 0.0627
28 0.1223 0.4951 0.1909 0.1620 0.0295
29 0.1154 0.2443 0.4287 0.1577 0.0541
30 0.1209 0.3696 0.2462 0.1018 0.1615
31 0.2201 0.2573 0.1178 0.3572 0.0476
32 0.1225 0.4517 0.2534 0.1039 0.0687
33 0.1708 0.5684 0.1616 0.0712 0.0279
34 0.0842 0.2305 0.1584 0.2891 0.2378
35 0.0980 0.1920 0.1495 0.3701 0.1904
36 0.3523 0.3606 0.0504 0.1390 0.0978
37 0.4929 0.4216 0.0191 0.0138 0.0524
38 0.0582 0.0982 0.1140 0.6064 0.1232
39 0.0793 0.8267 0.0176 0.0318 0.0448
40 0.1583 0.3770 0.1097 0.2050 0.1499
41 0.1398 0.4409 0.1465 0.2217 0.0510
42 0.2922 0.3840 0.1481 0.1266 0.0492
43 0.0648 0.2297 0.4292 0.2603 0.0158
44 0.1467 0.4082 0.0338 0.3357 0.0755
45 0.0450 0.7373 0.0361 0.1765 0.0050
46 0.2041 0.3162 0.3364 0.1288 0.0144
47 0.2137 0.3159 0.2898 0.1638 0.0167
48 0.2189 0.3635 0.2257 0.1481 0.0438
49 0.1763 0.4431 0.1891 0.1320 0.0595
50 0.2732 0.6064 0.0277 0.0619 0.0309
51 0.1619 0.5435 0.1087 0.1631 0.0230
52 0.2186 0.5454 0.0421 0.0636 0.1305
53 0.1569 0.6108 0.0901 0.1139 0.0284
54 0.1804 0.4128 0.0186 0.3142 0.0740
55 0.1368 0.6230 0.0200 0.1246 0.0955
56 0.1865 0.3486 0.1986 0.2286 0.0376
57 0.0646 0.3899 0.0094 0.5166 0.0194
58 0.1376 0.5884 0.0213 0.1956 0.0569
59 0.3010 0.4734 0.0289 0.1537 0.0430
60 0.0394 0.7495 0.0171 0.1621 0.0319
61 0.0969 0.4341 0.3433 0.1150 0.0109
62 0.2042 0.7354 0.0248 0.0183 0.0176
63 0.0680 0.7842 0.0435 0.0814 0.0231
64 0.1489 0.5361 0.0261 0.2417 0.0472
65 0.1741 0.6367 0.0241 0.1235 0.0414
66 0.0343 0.2183 0.0267 0.0163 0.7046
67 0.0946 0.3599 0.0391 0.4272 0.0790
68 0.1671 0.4009 0.1385 0.2113 0.0821
69 0.1250 0.4099 0.1461 0.0944 0.2246
70 0.0485 0.4426 0.1003 0.3240 0.0845
71 0.1147 0.6108 0.0853 0.1581 0.0314
72 0.0550 0.7949 0.1229 0.0184 0.0086
73 0.0714 0.1158 0.1038 0.3738 0.3352
74 0.1736 0.3562 0.1384 0.2410 0.0908
75 0.2058 0.2444 0.0787 0.2925 0.1787
76 0.2905 0.2408 0.0981 0.3396 0.0309
77 0.1764 0.7427 0.0334 0.0311 0.0164
78 0.2438 0.6035 0.0480 0.0340 0.0709
79 0.1299 0.2625 0.0914 0.4717 0.0446
80 0.1415 0.4031 0.1949 0.2333 0.0272
81 0.1309 0.0580 0.0831 0.6641 0.0637
82 0.1506 0.3730 0.1320 0.1790 0.1655
83 0.0449 0.4390 0.1101 0.3584 0.0477
84 0.0207 0.2061 0.5781 0.1907 0.0045
85 0.0718 0.4006 0.4907 0.0345 0.0023
86 0.0621 0.1378 0.2068 0.5283 0.0651
87 0.2057 0.2620 0.2207 0.1917 0.1199
88 0.1298 0.5952 0.0594 0.1360 0.0799
89 0.0863 0.4524 0.2722 0.1479 0.0411
90 0.0849 0.5244 0.3660 0.0111 0.0136
91 0.0481 0.8203 0.0818 0.0381 0.0115
92 0.1227 0.6733 0.1285 0.0549 0.0203
93 0.2018 0.3831 0.1866 0.2115 0.0170
94 0.2671 0.4170 0.0930 0.1223 0.1006
95 0.2744 0.2966 0.1338 0.2384 0.0566
96 0.1682 0.2688 0.2029 0.3452 0.0148
97 0.2142 0.1250 0.2448 0.2605 0.1555
98 0.1632 0.2754 0.1893 0.3147 0.0573
99 0.2126 0.4946 0.0629 0.0989 0.1310
100 0.1075 0.5420 0.0912 0.0806 0.1787
101 0.1074 0.5161 0.0756 0.0451 0.2556
102 0.2358 0.4106 0.1851 0.1312 0.0373
103 0.2766 0.4597 0.1042 0.0652 0.0941
104 0.1460 0.6543 0.0152 0.1761 0.0083
105 0.1995 0.2296 0.0942 0.3237 0.1530
106 0.1353 0.6553 0.0952 0.0959 0.0184
107 0.0542 0.0416 0.1221 0.7480 0.0339
108 0.1185 0.1864 0.4202 0.2510 0.0241
109 0.2073 0.3694 0.0617 0.0553 0.3062
110 0.1747 0.1667 0.1288 0.0281 0.5015
111 0.0488 0.3752 0.3416 0.2240 0.0104
112 0.0188 0.1378 0.5894 0.2496 0.0042
113 0.1362 0.4197 0.2045 0.2281 0.0115
114 0.2076 0.5342 0.0852 0.0936 0.0794
115 0.1532 0.5830 0.0295 0.1670 0.0674
116 0.0745 0.7822 0.0197 0.1181 0.0054
117 0.1804 0.2998 0.0723 0.0943 0.3533
118 0.1636 0.6177 0.1611 0.0434 0.0144
119 0.0847 0.6255 0.1157 0.0789 0.0952
120 0.2756 0.1594 0.3948 0.1671 0.0031
121 0.2222 0.5088 0.1327 0.1100 0.0265
122 0.0414 0.6782 0.1125 0.1587 0.0091
123 0.1301 0.0517 0.1835 0.6304 0.0044
124 0.1033 0.4521 0.2722 0.0912 0.0811
125 0.6372 0.2496 0.0223 0.0817 0.0089
126 0.2012 0.5728 0.1775 0.0191 0.0292
127 0.1329 0.4429 0.0183 0.2974 0.1085
128 0.0945 0.7373 0.0388 0.0214 0.1079
129 0.1575 0.6738 0.0667 0.0919 0.0102
130 0.3540 0.3767 0.0426 0.2080 0.0188
131 0.1880 0.4270 0.2113 0.1292 0.0446
132 0.2563 0.4714 0.1461 0.1012 0.0248
133 0.2296 0.5337 0.1035 0.0872 0.0459
134 0.0365 0.2417 0.4443 0.2739 0.0036
135 0.0386 0.3364 0.5811 0.0421 0.0017
136 0.0275 0.4919 0.4275 0.0511 0.0019
137 0.1331 0.1604 0.2485 0.4500 0.0081
138 0.0503 0.6318 0.2676 0.0495 0.0008
139 0.1635 0.4802 0.2164 0.1355 0.0044
140 0.0225 0.5703 0.3513 0.0543 0.0013
141 0.1378 0.1945 0.2345 0.4180 0.0152
142 0.0850 0.5127 0.0343 0.3059 0.0622
143 0.1244 0.7217 0.0149 0.0889 0.0503
144 0.0491 0.6025 0.3276 0.0189 0.0015
145 0.0448 0.3638 0.5210 0.0699 0.0003
146 0.0333 0.6089 0.3416 0.0156 0.0010
147 0.0270 0.4526 0.4121 0.0850 0.0234
148 0.1100 0.6846 0.0265 0.0780 0.1010
149 0.0602 0.8647 0.0207 0.0101 0.0444
150 0.0145 0.0540 0.8999 0.0313 0.0002
151 0.0446 0.2544 0.6499 0.0482 0.0030
152 0.0338 0.5376 0.3755 0.0492 0.0039
153 0.0246 0.5723 0.3110 0.0905 0.0015
154 0.0448 0.1042 0.0963 0.7344 0.0202
155 0.0811 0.4314 0.3010 0.1743 0.0123
156 0.2031 0.1632 0.0615 0.5107 0.0615
157 0.0046 0.5942 0.0291 0.3718 0.0002
158 0.0905 0.1857 0.0963 0.6089 0.0185
159 0.2455 0.5405 0.1008 0.0992 0.0141
160 0.3721 0.3899 0.1757 0.0528 0.0097
161 0.0091 0.1505 0.7886 0.0504 0.0011
162 0.0020 0.6885 0.2825 0.0271 0.0001
163 0.0241 0.3652 0.4336 0.1725 0.0046
164 0.0229 0.2368 0.5015 0.2368 0.0024
165 0.0543 0.5234 0.3328 0.0854 0.0039
166 0.0740 0.5820 0.2043 0.1383 0.0012
167 0.0358 0.4028 0.3340 0.2260 0.0013
168 0.1188 0.7812 0.0205 0.0636 0.0158
169 0.0407 0.6411 0.2323 0.0809 0.0049
170 0.0495 0.6680 0.1637 0.1152 0.0036
171 0.0142 0.6035 0.1266 0.2517 0.0039
172 0.0230 0.4470 0.4333 0.0922 0.0046
173 0.1231 0.5874 0.0735 0.1532 0.0629
174 0.0958 0.6147 0.0428 0.1155 0.1310
175 0.1442 0.6167 0.0530 0.1293 0.0569
176 0.0132 0.5864 0.1393 0.2603 0.0009
177 0.2505 0.3069 0.0121 0.3818 0.0486
178 0.3318 0.5469 0.0083 0.0807 0.0321
179 0.2910 0.4612 0.0624 0.1533 0.0321
180 0.2971 0.4976 0.0537 0.1154 0.0363
181 0.0217 0.6948 0.2556 0.0267 0.0009
182 0.0107 0.8633 0.1031 0.0219 0.0011
183 0.1462 0.4648 0.0759 0.2798 0.0331
184 0.1815 0.3843 0.0885 0.3137 0.0318
185 0.0447 0.0348 0.0447 0.6880 0.1880
186 0.4683 0.1439 0.0214 0.3269 0.0396
187 0.7256 0.1096 0.0141 0.1232 0.0277
188 0.1879 0.2374 0.1908 0.3074 0.0765
189 0.0590 0.3789 0.2158 0.3342 0.0119
190 0.0534 0.2146 0.2798 0.4072 0.0450
191 0.2030 0.3320 0.0966 0.3320 0.0364
192 0.2751 0.5342 0.0326 0.1004 0.0576
193 0.2891 0.1488 0.0391 0.5195 0.0035
194 0.4602 0.3528 0.0723 0.1110 0.0037
195 0.0365 0.8506 0.0223 0.0823 0.0083
196 0.1553 0.3875 0.2925 0.1505 0.0143
197 0.1047 0.3862 0.2474 0.2493 0.0124
198 0.1070 0.8223 0.0043 0.0248 0.0416
199 0.1853 0.7388 0.0053 0.0186 0.0519
200 0.1172 0.8076 0.0301 0.0222 0.0229
201 0.0939 0.3711 0.3889 0.0969 0.0491
202 0.3262 0.4634 0.1459 0.0594 0.0052
203 0.2842 0.5737 0.0568 0.0789 0.0063
204 0.0705 0.6846 0.0673 0.1469 0.0310
205 0.1243 0.6167 0.0253 0.1344 0.0991
206 0.1230 0.1761 0.0513 0.6445 0.0052
207 0.0908 0.8613 0.0127 0.0254 0.0099
208 0.2290 0.7056 0.0354 0.0240 0.0060
209 0.0477 0.2764 0.2401 0.4214 0.0144
210 0.0757 0.7236 0.0226 0.1360 0.0421
211 0.0637 0.7642 0.0316 0.1119 0.0285
212 0.1865 0.4407 0.0446 0.0923 0.2358
213 0.0833 0.7603 0.0163 0.0634 0.0770
214 0.0600 0.0944 0.1763 0.6450 0.0246
215 0.2739 0.4243 0.0548 0.2218 0.0251
216 0.1731 0.2766 0.0673 0.4419 0.0411
217 0.2004 0.3987 0.0779 0.1179 0.2052
218 0.1631 0.5264 0.0564 0.2318 0.0224
219 0.0708 0.6826 0.0298 0.1986 0.0185
220 0.1070 0.2230 0.3794 0.2566 0.0339
221 0.0797 0.2893 0.3330 0.2289 0.0693
222 0.2949 0.2542 0.0812 0.2561 0.1136
223 0.2438 0.5122 0.1637 0.0349 0.0458
224 0.1160 0.5366 0.2656 0.0249 0.0570
225 0.1256 0.4285 0.1704 0.2517 0.0238
226 0.0953 0.1031 0.2019 0.5571 0.0423
227 0.1724 0.2842 0.2432 0.2629 0.0373
228 0.1724 0.2842 0.2432 0.2629 0.0373
229 0.3352 0.2130 0.1158 0.2415 0.0945
230 0.4771 0.2151 0.0897 0.1133 0.1048
231 0.4771 0.2151 0.0897 0.1133 0.1048
232 0.4836 0.2080 0.0923 0.1079 0.1079
233 0.4836 0.2080 0.0923 0.1079 0.1079
234 0.1891 0.1183 0.0981 0.4980 0.0966
