time exciting_prob fearful_prob tense_prob sad_prob relaxing_prob
0 0.3049 0.3621 0.0894 0.2031 0.0406
1 0.8408 0.0299 0.1012 0.0095 0.0186
2 0.9092 0.0176 0.0467 0.0108 0.0158
3 0.8594 0.0069 0.1191 0.0048 0.0097
4 0.8955 0.0040 0.0901 0.0060 0.0045
5 0.8887 0.0148 0.0086 0.0595 0.0281
6 0.9141 0.0134 0.0057 0.0105 0.0562
7 0.6987 0.0286 0.0611 0.1584 0.0531
8 0.8350 0.0153 0.0337 0.0866 0.0295
9 0.3086 0.0097 0.2517 0.3779 0.0520
10 0.2534 0.3203 0.3547 0.0155 0.0561
11 0.0757 0.2727 0.5684 0.0684 0.0145
12 0.3555 0.2026 0.3394 0.0352 0.0673
13 0.3521 0.2678 0.2382 0.0836 0.0584
14 0.1960 0.2808 0.2365 0.2328 0.0540
15 0.2905 0.3850 0.1997 0.0807 0.0442
16 0.2961 0.2761 0.3601 0.0221 0.0454
17 0.2649 0.2954 0.2588 0.1194 0.0615
18 0.4434 0.2930 0.1819 0.0116 0.0701
19 0.2032 0.4009 0.2588 0.0543 0.0828
20 0.1219 0.3584 0.3875 0.0734 0.0590
21 0.1345 0.4177 0.2456 0.0267 0.1755
22 0.1406 0.3762 0.2300 0.1138 0.1395
23 0.1553 0.0818 0.1602 0.5723 0.0303
24 0.3408 0.3923 0.2167 0.0236 0.0265
25 0.6602 0.1104 0.0820 0.0922 0.0551
26 0.1067 0.7407 0.1238 0.0021 0.0268
27 0.1554 0.5337 0.2642 0.0060 0.0405
28 0.1753 0.5151 0.2415 0.0241 0.0440
29 0.1246 0.4148 0.3867 0.0424 0.0315
30 0.1087 0.3376 0.3455 0.1407 0.0675
31 0.2024 0.2137 0.1931 0.2559 0.1349
32 0.0800 0.6143 0.1110 0.1154 0.0793
33 0.1339 0.2834 0.2642 0.3018 0.0170
34 0.1411 0.2700 0.1637 0.3689 0.0562
35 0.1251 0.1594 0.4946 0.2014 0.0193
36 0.0806 0.5293 0.2443 0.1328 0.0129
37 0.1836 0.1476 0.4993 0.0983 0.0714
38 0.0269 0.3101 0.3513 0.3005 0.0114
39 0.1129 0.3645 0.4468 0.0475 0.0283
40 0.1316 0.1813 0.3809 0.2498 0.0566
41 0.0801 0.1737 0.5068 0.2162 0.0233
42 0.0562 0.2705 0.3555 0.3113 0.0067
43 0.1033 0.5806 0.2681 0.0075 0.0405
44 0.1512 0.1377 0.4446 0.2380 0.0284
45 0.0880 0.1593 0.6812 0.0581 0.0137
46 0.1842 0.1412 0.5947 0.0466 0.0335
47 0.4409 0.1168 0.4077 0.0109 0.0235
48 0.2083 0.1443 0.3079 0.2937 0.0457
49 0.5522 0.0212 0.1685 0.2375 0.0206
50 0.1620 0.6357 0.1633 0.0076 0.0314
51 0.8857 0.0786 0.0076 0.0120 0.0163
52 0.1610 0.3252 0.3831 0.0954 0.0354
53 0.1080 0.5703 0.1488 0.1488 0.0243
54 0.2258 0.2922 0.3135 0.0673 0.1010
55 0.0605 0.2935 0.4580 0.1595 0.0284
56 0.2495 0.1160 0.1974 0.3926 0.0444
57 0.3044 0.1192 0.2485 0.2605 0.0674
58 0.2603 0.2625 0.3816 0.0092 0.0865
59 0.1365 0.4011 0.4170 0.0051 0.0403
60 0.6904 0.0149 0.1042 0.1801 0.0106
61 0.2347 0.2681 0.3086 0.1171 0.0716
62 0.1141 0.0166 0.6992 0.1477 0.0223
63 0.8799 0.0126 0.0283 0.0412 0.0381
64 0.4033 0.1472 0.3118 0.0517 0.0859
65 0.2961 0.1512 0.3862 0.1273 0.0392
66 0.7695 0.0528 0.1479 0.0215 0.0084
67 0.2825 0.3005 0.3149 0.0803 0.0216
68 0.2036 0.0437 0.0823 0.6523 0.0181
69 0.3721 0.2023 0.2659 0.1100 0.0500
70 0.5000 0.0883 0.3008 0.0984 0.0124
71 0.3086 0.1493 0.1718 0.3442 0.0259
72 0.2024 0.2404 0.4817 0.0154 0.0603
73 0.1573 0.4312 0.3630 0.0053 0.0434
74 0.8296 0.0534 0.0742 0.0314 0.0114
75 0.6577 0.0111 0.0626 0.2308 0.0380
76 0.0864 0.3088 0.4287 0.0055 0.1705
77 0.0511 0.2656 0.4114 0.0061 0.2656
78 0.0977 0.6323 0.2290 0.0298 0.0110
79 0.3894 0.4209 0.0969 0.0046 0.0883
80 0.8774 0.0454 0.0414 0.0013 0.0343
81 0.0766 0.5615 0.3174 0.0410 0.0035
82 0.0666 0.4143 0.3655 0.1477 0.0059
83 0.2258 0.3313 0.2878 0.1059 0.0492
84 0.1261 0.5391 0.3096 0.0052 0.0201
85 0.0984 0.3572 0.3228 0.2150 0.0069
86 0.1011 0.4675 0.2091 0.2091 0.0132
87 0.0731 0.1366 0.3572 0.4175 0.0156
88 0.1254 0.1399 0.2494 0.4517 0.0338
89 0.0323 0.5010 0.2944 0.1639 0.0083
90 0.1177 0.2323 0.4729 0.1488 0.0282
91 0.1064 0.1388 0.4697 0.2761 0.0090
92 0.0879 0.1630 0.5386 0.1920 0.0187
93 0.5542 0.2966 0.1306 0.0050 0.0137
94 0.1490 0.2920 0.4666 0.0850 0.0075
95 0.1414 0.6045 0.1815 0.0500 0.0227
96 0.2319 0.3269 0.3120 0.0952 0.0339
97 0.8511 0.0083 0.0823 0.0527 0.0054
98 0.1387 0.1499 0.1672 0.5312 0.0129
99 0.1713 0.1224 0.6772 0.0221 0.0068
100 0.1616 0.0717 0.3066 0.4192 0.0409
101 0.1260 0.1221 0.3882 0.3425 0.0212
102 0.1586 0.1444 0.3894 0.2849 0.0225
103 0.2246 0.5693 0.1682 0.0207 0.0173
104 0.2908 0.1967 0.2627 0.0486 0.2014
105 0.3152 0.3008 0.3462 0.0085 0.0293
106 0.0820 0.1544 0.7427 0.0102 0.0108
107 0.7178 0.1348 0.0971 0.0156 0.0349
108 0.0972 0.2600 0.4934 0.1172 0.0323
109 0.3716 0.2324 0.2554 0.0855 0.0552
110 0.9351 0.0146 0.0118 0.0205 0.0182
111 0.3616 0.1682 0.0707 0.3821 0.0175
112 0.1332 0.7197 0.1395 0.0027 0.0048
113 0.1365 0.4236 0.3052 0.0087 0.1262
114 0.2367 0.5376 0.1887 0.0082 0.0287
115 0.1493 0.4780 0.2832 0.0266 0.0627
116 0.1146 0.3042 0.5259 0.0026 0.0529
117 0.3760 0.4294 0.1438 0.0156 0.0350
118 0.1337 0.3579 0.2421 0.2188 0.0477
119 0.3096 0.4573 0.1819 0.0281 0.0231
120 0.1594 0.2820 0.3350 0.0124 0.2112
121 0.4800 0.1323 0.2800 0.0078 0.0999
122 0.1499 0.5703 0.2491 0.0136 0.0170
123 0.0584 0.1564 0.7695 0.0080 0.0079
124 0.3635 0.2366 0.3779 0.0066 0.0154
125 0.7090 0.0861 0.1167 0.0195 0.0686
126 0.6592 0.0851 0.1654 0.0205 0.0695
127 0.2476 0.5713 0.1586 0.0092 0.0134
128 0.2510 0.3796 0.2712 0.0322 0.0660
129 0.2751 0.1721 0.4607 0.0788 0.0134
130 0.1952 0.2247 0.3618 0.0997 0.1184
131 0.1050 0.5459 0.3259 0.0102 0.0129
132 0.8838 0.0035 0.0101 0.0772 0.0253
133 0.1779 0.3945 0.3511 0.0422 0.0342
134 0.1677 0.4351 0.3037 0.0401 0.0536
135 0.6938 0.0630 0.1853 0.0044 0.0535
136 0.2041 0.0632 0.0892 0.6191 0.0246
137 0.1256 0.2559 0.5542 0.0109 0.0532
138 0.1917 0.2500 0.4895 0.0274 0.0414
139 0.2554 0.4697 0.2117 0.0597 0.0037
140 0.7280 0.0933 0.1378 0.0083 0.0327
141 0.1145 0.0289 0.1978 0.6284 0.0301
142 0.4053 0.2874 0.2659 0.0162 0.0253
143 0.1824 0.3101 0.4512 0.0314 0.0249
144 0.1418 0.2549 0.5479 0.0373 0.0179
145 0.7344 0.0268 0.0540 0.1801 0.0046
146 0.6035 0.0462 0.1730 0.1599 0.0174
147 0.2732 0.1104 0.1321 0.0158 0.4685
148 0.2532 0.3079 0.3801 0.0239 0.0351
149 0.3418 0.0131 0.1349 0.4565 0.0537
150 0.5259 0.1760 0.2749 0.0103 0.0131
151 0.4639 0.2369 0.1448 0.0153 0.1393
152 0.1498 0.2096 0.3271 0.0293 0.2842
153 0.1980 0.2771 0.4158 0.0769 0.0323
154 0.1694 0.4163 0.3789 0.0206 0.0149
155 0.9375 0.0166 0.0406 0.0027 0.0024
156 0.3940 0.1351 0.0813 0.0164 0.3730
157 0.7500 0.0766 0.0552 0.0176 0.1007
158 0.2234 0.2051 0.5317 0.0343 0.0055
159 0.3381 0.2133 0.4209 0.0175 0.0101
160 0.8018 0.0878 0.0723 0.0266 0.0117
161 0.2411 0.1631 0.3792 0.0670 0.1497
162 0.1003 0.3213 0.4675 0.0235 0.0872
163 0.0773 0.3059 0.3306 0.2720 0.0142
164 0.5435 0.0413 0.1364 0.2607 0.0180
165 0.0046 0.5010 0.4492 0.0445 0.0004
166 0.3643 0.4001 0.1735 0.0168 0.0453
167 0.2169 0.3779 0.2966 0.0276 0.0811
168 0.1108 0.2291 0.4592 0.0721 0.1285
169 0.1321 0.2668 0.4399 0.0654 0.0959
170 0.6802 0.1980 0.1110 0.0061 0.0047
171 0.1885 0.1885 0.3809 0.1975 0.0448
172 0.1687 0.4375 0.2593 0.0332 0.1015
173 0.2410 0.3269 0.1749 0.0361 0.2212
174 0.0789 0.5786 0.1685 0.0342 0.1396
175 0.1438 0.4363 0.3452 0.0361 0.0387
176 0.1953 0.4988 0.2629 0.0112 0.0316
177 0.1412 0.2172 0.5210 0.1058 0.0150
178 0.0933 0.2991 0.3550 0.2222 0.0305
179 0.0917 0.4478 0.4014 0.0211 0.0382
180 0.2126 0.4397 0.2646 0.0099 0.0729
181 0.1968 0.1364 0.6450 0.0179 0.0038
182 0.5986 0.0414 0.2102 0.0503 0.0993
183 0.9209 0.0184 0.0294 0.0061 0.0251
184 0.7227 0.0891 0.0289 0.0528 0.1066
185 0.0634 0.3171 0.2932 0.3123 0.0140
186 0.1370 0.2499 0.5898 0.0039 0.0193
187 0.6167 0.1559 0.1910 0.0036 0.0327
188 0.1175 0.1353 0.2776 0.4297 0.0400
189 0.0740 0.4355 0.3611 0.0541 0.0751
190 0.8823 0.0356 0.0505 0.0118 0.0199
191 0.2411 0.3347 0.2886 0.0293 0.1062
192 0.0903 0.3804 0.5117 0.0067 0.0110
193 0.1688 0.2400 0.5161 0.0116 0.0636
194 0.3169 0.2162 0.2954 0.1176 0.0538
195 0.2476 0.1586 0.2720 0.1913 0.1305
196 0.1941 0.3542 0.2891 0.0527 0.1097
197 0.0803 0.4880 0.3772 0.0322 0.0223
198 0.2800 0.2532 0.4172 0.0189 0.0307
199 0.1294 0.2438 0.5850 0.0185 0.0236
200 0.3271 0.2629 0.2507 0.0894 0.0696
201 0.3191 0.2708 0.2998 0.0542 0.0563
202 0.1731 0.3960 0.3992 0.0142 0.0174
203 0.4158 0.4028 0.1339 0.0140 0.0336
204 0.2177 0.4431 0.2974 0.0150 0.0268
205 0.1859 0.5728 0.2208 0.0031 0.0174
206 0.0947 0.4116 0.4663 0.0079 0.0194
207 0.6035 0.0343 0.1090 0.2457 0.0077
208 0.1881 0.2083 0.4548 0.0660 0.0828
209 0.0966 0.2976 0.5391 0.0356 0.0311
210 0.1576 0.2089 0.2330 0.3442 0.0562
211 0.8198 0.0146 0.1163 0.0470 0.0024
212 0.3584 0.0763 0.3999 0.1404 0.0252
213 0.0709 0.2218 0.4209 0.2634 0.0230
214 0.0719 0.2164 0.4954 0.1910 0.0253
215 0.3042 0.1816 0.4124 0.0858 0.0160
216 0.2102 0.0492 0.1467 0.5410 0.0527
217 0.1401 0.2852 0.5542 0.0045 0.0160
218 0.1797 0.3279 0.2573 0.0465 0.1884
219 0.0618 0.5771 0.3091 0.0102 0.0415
220 0.1165 0.5303 0.2688 0.0453 0.0393
221 0.4678 0.0352 0.1875 0.2927 0.0169
222 0.0976 0.6313 0.2323 0.0052 0.0335
223 0.0825 0.4707 0.4153 0.0039 0.0276
224 0.5752 0.0062 0.0635 0.3250 0.0302
225 0.1012 0.2686 0.5020 0.1052 0.0231
226 0.1898 0.2118 0.4849 0.0357 0.0779
227 0.1631 0.2505 0.4944 0.0393 0.0525
228 0.1995 0.5815 0.1309 0.0056 0.0825
229 0.3030 0.4109 0.1956 0.0324 0.0583
230 0.8970 0.0178 0.0655 0.0132 0.0064
231 0.2300 0.2954 0.3853 0.0385 0.0509
232 0.1847 0.3672 0.4033 0.0067 0.0381
233 0.2617 0.3494 0.3035 0.0200 0.0656
234 0.4912 0.2375 0.2302 0.0140 0.0269
235 0.1851 0.5229 0.2651 0.0156 0.0110
236 0.1615 0.2520 0.4060 0.0445 0.1360
237 0.1282 0.2629 0.4912 0.0083 0.1096
238 0.7104 0.1048 0.1399 0.0208 0.0239
239 0.1028 0.3818 0.4033 0.0228 0.0893
240 0.1523 0.2532 0.3301 0.0640 0.2003
241 0.1595 0.3652 0.4270 0.0226 0.0256
242 0.1069 0.4680 0.3618 0.0237 0.0396
243 0.1203 0.3296 0.4758 0.0155 0.0586
244 0.1129 0.4128 0.3760 0.0425 0.0559
245 0.2109 0.4465 0.2817 0.0094 0.0513
246 0.1056 0.0896 0.5488 0.2253 0.0305
247 0.1288 0.2793 0.3757 0.1888 0.0274
248 0.1487 0.3325 0.3855 0.0975 0.0359
249 0.1926 0.3008 0.4548 0.0188 0.0330
250 0.1707 0.5596 0.2208 0.0153 0.0336
251 0.1609 0.2673 0.5273 0.0241 0.0201
252 0.1581 0.3733 0.3169 0.0207 0.1311
253 0.1594 0.4104 0.4104 0.0079 0.0117
254 0.1401 0.3694 0.4285 0.0164 0.0459
255 0.1787 0.2367 0.5249 0.0249 0.0346
256 0.0781 0.2369 0.6050 0.0734 0.0065
257 0.0436 0.2081 0.6118 0.1132 0.0233
258 0.3171 0.0742 0.3027 0.2800 0.0258
259 0.1304 0.2915 0.5234 0.0413 0.0134
260 0.0626 0.0656 0.3862 0.4661 0.0195
261 0.6724 0.0855 0.1714 0.0343 0.0362
262 0.3247 0.0167 0.2284 0.3977 0.0324
263 0.1742 0.3926 0.3835 0.0175 0.0320
264 0.2842 0.1140 0.2820 0.2754 0.0443
265 0.2042 0.2244 0.5381 0.0202 0.0131
266 0.0968 0.1808 0.3486 0.3540 0.0198
267 0.1919 0.2465 0.3586 0.1102 0.0928
268 0.5854 0.1516 0.1058 0.0891 0.0678
269 0.5737 0.2045 0.1094 0.0446 0.0680
270 0.5659 0.2360 0.1150 0.0356 0.0472
