time exciting_prob fearful_prob tense_prob sad_prob relaxing_prob
0 0.3657 0.1197 0.3127 0.1688 0.0330
1 0.3372 0.1193 0.3818 0.1351 0.0266
2 0.3669 0.0831 0.2561 0.2561 0.0378
3 0.4038 0.0820 0.3455 0.1343 0.0345
4 0.3196 0.0801 0.3196 0.2568 0.0241
5 0.4387 0.1190 0.2367 0.1692 0.0363
6 0.2815 0.0865 0.3447 0.2445 0.0428
7 0.4370 0.0983 0.3352 0.1071 0.0223
8 0.1656 0.1250 0.4365 0.2487 0.0240
9 0.1990 0.2004 0.4810 0.0977 0.0220
10 0.1639 0.1470 0.3579 0.2969 0.0344
11 0.1514 0.3035 0.2021 0.2852 0.0579
12 0.1104 0.1281 0.0582 0.5649 0.1384
13 0.1211 0.2209 0.1427 0.4194 0.0958
14 0.1179 0.0726 0.0476 0.7222 0.0395
15 0.2306 0.0556 0.0427 0.5532 0.1178
16 0.2659 0.2477 0.0715 0.3333 0.0817
17 0.2421 0.0732 0.0786 0.5371 0.0688
18 0.5020 0.1604 0.1111 0.1935 0.0334
19 0.3352 0.0174 0.0510 0.5356 0.0606
20 0.5195 0.0682 0.1031 0.2534 0.0556
21 0.2859 0.0124 0.0832 0.5684 0.0501
22 0.5356 0.1006 0.0736 0.1006 0.1895
23 0.1366 0.0220 0.0404 0.7383 0.0626
24 0.4187 0.1665 0.1171 0.2294 0.0684
25 0.2042 0.0493 0.0572 0.6099 0.0794
26 0.4082 0.2438 0.1082 0.1825 0.0574
27 0.1479 0.0431 0.0584 0.6841 0.0667
28 0.4001 0.2974 0.1309 0.0674 0.1044
29 0.3333 0.2659 0.0786 0.1411 0.1813
30 0.2983 0.2761 0.1263 0.1124 0.1868
31 0.3445 0.3418 0.1436 0.0892 0.0812
32 0.2688 0.2429 0.1520 0.2627 0.0735
33 0.2085 0.3804 0.1400 0.2219 0.0491
34 0.2341 0.2251 0.1454 0.2891 0.1063
35 0.2878 0.2139 0.1172 0.1190 0.2620
36 0.3105 0.1610 0.1040 0.3630 0.0616
37 0.1943 0.3777 0.2273 0.1357 0.0651
38 0.3169 0.3562 0.1952 0.0595 0.0724
39 0.1407 0.2015 0.3650 0.2712 0.0214
40 0.1481 0.2766 0.2703 0.2969 0.0080
41 0.1782 0.4658 0.2676 0.0778 0.0107
42 0.3801 0.0784 0.0556 0.4480 0.0379
43 0.0970 0.1180 0.2383 0.5205 0.0261
44 0.2134 0.2783 0.2720 0.2185 0.0178
45 0.1556 0.3972 0.2861 0.1473 0.0136
46 0.1696 0.1028 0.1103 0.5918 0.0256
47 0.0467 0.2859 0.2445 0.4160 0.0068
48 0.1215 0.3005 0.3301 0.2114 0.0365
49 0.0782 0.3169 0.0974 0.4832 0.0242
50 0.2822 0.1292 0.0681 0.4727 0.0479
51 0.2094 0.1722 0.0460 0.5347 0.0378
52 0.1130 0.3022 0.0416 0.5024 0.0409
53 0.0504 0.2578 0.1247 0.5376 0.0296
54 0.2307 0.2720 0.0636 0.3894 0.0444
55 0.1339 0.5215 0.2388 0.0481 0.0576
56 0.2185 0.1315 0.3777 0.1676 0.1049
57 0.3560 0.1155 0.3560 0.1103 0.0623
58 0.2546 0.1260 0.3943 0.1556 0.0696
59 0.4180 0.2615 0.1637 0.0561 0.1008
60 0.3750 0.1515 0.0632 0.1041 0.3062
61 0.1192 0.1628 0.2502 0.4094 0.0581
62 0.2212 0.3000 0.0880 0.2212 0.1696
63 0.1090 0.5669 0.0779 0.0925 0.1537
64 0.1067 0.6094 0.0445 0.1267 0.1127
65 0.0579 0.6733 0.1265 0.0612 0.0811
66 0.1499 0.3403 0.2377 0.0968 0.1753
67 0.1677 0.3013 0.1306 0.1901 0.2103
68 0.2120 0.2153 0.4739 0.0715 0.0272
69 0.2520 0.1287 0.5166 0.0562 0.0466
70 0.3047 0.1417 0.4197 0.1310 0.0030
71 0.5903 0.1665 0.2024 0.0333 0.0073
72 0.2336 0.0974 0.1982 0.4006 0.0701
73 0.5654 0.0359 0.1646 0.1333 0.1006
74 0.4873 0.2357 0.1724 0.0945 0.0101
75 0.2932 0.4038 0.1937 0.0538 0.0555
76 0.1326 0.1490 0.3838 0.2700 0.0646
77 0.4111 0.1825 0.3489 0.0083 0.0491
78 0.1964 0.0845 0.2603 0.4495 0.0095
79 0.1049 0.0732 0.3660 0.4414 0.0144
80 0.1296 0.0567 0.5723 0.2206 0.0208
81 0.3708 0.1396 0.2671 0.1954 0.0271
82 0.7354 0.1146 0.0793 0.0594 0.0113
83 0.6582 0.1527 0.1390 0.0455 0.0043
84 0.5400 0.1753 0.1740 0.1063 0.0043
85 0.2101 0.1840 0.4624 0.1304 0.0132
86 0.1011 0.5591 0.1392 0.1873 0.0133
87 0.0724 0.4951 0.3123 0.0983 0.0219
88 0.0292 0.5645 0.1748 0.1832 0.0482
89 0.0423 0.3516 0.4375 0.1377 0.0310
90 0.0268 0.6660 0.2249 0.0765 0.0060
91 0.0517 0.5303 0.3701 0.0316 0.0166
92 0.0750 0.3928 0.3806 0.1389 0.0126
93 0.0657 0.4778 0.3665 0.0811 0.0090
94 0.2157 0.3669 0.2227 0.1846 0.0101
95 0.0842 0.2874 0.3835 0.2419 0.0030
96 0.0837 0.5010 0.2172 0.1931 0.0052
97 0.0649 0.5649 0.2145 0.1497 0.0060
98 0.0944 0.4871 0.1848 0.2247 0.0091
99 0.1930 0.6089 0.1503 0.0405 0.0075
100 0.1536 0.4729 0.2050 0.1420 0.0267
101 0.2305 0.4207 0.1365 0.1866 0.0258
102 0.2319 0.2356 0.0675 0.3296 0.1353
103 0.1246 0.2764 0.1368 0.4316 0.0305
104 0.1333 0.1986 0.0822 0.5400 0.0461
105 0.3237 0.2463 0.0700 0.2603 0.0995
106 0.2529 0.4614 0.1671 0.0909 0.0277
107 0.2520 0.3040 0.0920 0.3210 0.0313
108 0.2423 0.2520 0.1392 0.3525 0.0139
109 0.1229 0.3088 0.1844 0.3696 0.0140
110 0.2008 0.4285 0.1447 0.2137 0.0124
111 0.1870 0.1305 0.1152 0.5327 0.0346
112 0.0845 0.1592 0.2228 0.5059 0.0275
113 0.0805 0.1034 0.1759 0.6284 0.0119
114 0.2097 0.1559 0.4373 0.1940 0.0032
115 0.0230 0.0166 0.0514 0.8970 0.0120
116 0.0424 0.0075 0.0182 0.9204 0.0115
117 0.0570 0.0540 0.0142 0.8374 0.0377
118 0.0532 0.0346 0.0193 0.8716 0.0216
119 0.0595 0.0493 0.0258 0.8281 0.0372
120 0.2035 0.2133 0.1283 0.3862 0.0687
121 0.0854 0.0748 0.1186 0.6772 0.0440
122 0.0238 0.0261 0.0278 0.9053 0.0170
123 0.0899 0.1517 0.0995 0.5552 0.1035
124 0.0781 0.1603 0.0858 0.6050 0.0706
125 0.0781 0.1506 0.0393 0.6050 0.1268
126 0.0586 0.1764 0.0860 0.6553 0.0235
127 0.0389 0.0811 0.0994 0.7695 0.0109
128 0.0652 0.3552 0.3499 0.2073 0.0225
129 0.0468 0.2319 0.4167 0.3000 0.0046
130 0.0355 0.4861 0.2856 0.1903 0.0024
131 0.1652 0.3579 0.1978 0.2744 0.0046
132 0.0301 0.1949 0.0900 0.6807 0.0045
133 0.0590 0.3999 0.3420 0.1980 0.0010
134 0.0391 0.6821 0.2285 0.0490 0.0010
135 0.1865 0.1738 0.1292 0.5068 0.0036
136 0.0141 0.0622 0.1126 0.8066 0.0047
137 0.0391 0.6123 0.1957 0.1523 0.0007
138 0.1030 0.3596 0.2891 0.2472 0.0012
139 0.3611 0.1393 0.1210 0.3555 0.0231
140 0.0501 0.0696 0.2842 0.5923 0.0039
141 0.0351 0.3547 0.3181 0.2896 0.0024
142 0.1458 0.0837 0.3184 0.4419 0.0102
143 0.2642 0.1801 0.1993 0.3499 0.0067
144 0.1995 0.0572 0.0689 0.6543 0.0204
145 0.0652 0.2925 0.2106 0.4221 0.0097
146 0.0353 0.6016 0.1185 0.2430 0.0017
147 0.0919 0.0617 0.1092 0.6846 0.0524
148 0.2047 0.1281 0.2607 0.3455 0.0610
149 0.4438 0.0881 0.3298 0.1213 0.0167
150 0.4727 0.0687 0.3225 0.1105 0.0257
151 0.5488 0.0626 0.2307 0.1089 0.0487
152 0.3862 0.0816 0.2615 0.1810 0.0897
153 0.1478 0.0693 0.2236 0.5078 0.0515
154 0.0803 0.0414 0.0676 0.7271 0.0835
155 0.0978 0.2400 0.2152 0.4280 0.0191
156 0.0875 0.2164 0.3352 0.3250 0.0359
157 0.0320 0.0928 0.1654 0.7070 0.0027
158 0.0459 0.3723 0.3186 0.2600 0.0032
159 0.0172 0.1641 0.1288 0.6802 0.0097
160 0.0959 0.0866 0.1907 0.5518 0.0753
161 0.3425 0.1104 0.4832 0.0467 0.0171
162 0.1736 0.1373 0.4331 0.2318 0.0241
163 0.3857 0.2250 0.3198 0.0605 0.0089
164 0.5649 0.1271 0.2585 0.0299 0.0195
165 0.1924 0.2339 0.3948 0.1725 0.0066
166 0.1169 0.1853 0.3303 0.3628 0.0046
167 0.1691 0.3062 0.0978 0.4185 0.0086
168 0.1278 0.2583 0.3264 0.2708 0.0168
169 0.1107 0.4736 0.2457 0.1143 0.0557
170 0.3250 0.2590 0.2959 0.0105 0.1097
171 0.0531 0.0682 0.3926 0.4736 0.0122
172 0.1876 0.0801 0.3269 0.2861 0.1193
173 0.2664 0.1859 0.3813 0.1210 0.0456
174 0.1234 0.1388 0.3381 0.3657 0.0340
175 0.5879 0.1122 0.2032 0.0742 0.0223
176 0.3965 0.3186 0.2559 0.0251 0.0040
177 0.3198 0.3767 0.2693 0.0271 0.0073
178 0.2446 0.2859 0.2883 0.1508 0.0304
179 0.2593 0.2573 0.1525 0.2849 0.0461
180 0.0631 0.0738 0.1561 0.6572 0.0495
181 0.0547 0.5786 0.1698 0.1879 0.0089
182 0.0301 0.5381 0.2878 0.1404 0.0036
183 0.1368 0.3083 0.2876 0.2556 0.0115
184 0.0666 0.4207 0.3892 0.1097 0.0138
185 0.1339 0.3728 0.1844 0.2949 0.0140
186 0.1107 0.2761 0.1812 0.4177 0.0142
187 0.1105 0.2693 0.1150 0.4995 0.0057
188 0.2125 0.3215 0.0559 0.3909 0.0190
189 0.0532 0.4248 0.1337 0.3838 0.0046
190 0.1371 0.3640 0.1393 0.3447 0.0147
191 0.2866 0.2433 0.0364 0.4106 0.0232
192 0.0739 0.5728 0.0728 0.2747 0.0060
193 0.1865 0.2216 0.0356 0.5396 0.0166
194 0.3149 0.4409 0.0430 0.1536 0.0476
195 0.2294 0.2944 0.1425 0.3086 0.0251
196 0.1497 0.2952 0.1028 0.4263 0.0262
197 0.0770 0.5557 0.0879 0.2666 0.0131
198 0.1139 0.4199 0.0944 0.3481 0.0239
199 0.1907 0.4399 0.0659 0.2817 0.0217
200 0.0414 0.1400 0.0305 0.7568 0.0310
201 0.0282 0.3108 0.1108 0.5371 0.0133
202 0.0550 0.3022 0.1643 0.4536 0.0250
203 0.0981 0.1383 0.1555 0.5732 0.0347
204 0.0875 0.4080 0.1024 0.3894 0.0128
205 0.2061 0.1998 0.2078 0.3589 0.0275
206 0.3674 0.1202 0.0595 0.4263 0.0264
207 0.2603 0.1859 0.1068 0.3967 0.0504
208 0.4141 0.2050 0.1334 0.2288 0.0188
209 0.6201 0.1111 0.0729 0.1763 0.0196
210 0.5503 0.2122 0.1172 0.0662 0.0541
211 0.5161 0.2202 0.0876 0.1389 0.0371
212 0.5864 0.1628 0.0838 0.1360 0.0311
213 0.2416 0.2434 0.1283 0.3625 0.0241
214 0.4026 0.0662 0.0603 0.4319 0.0389
215 0.4338 0.0578 0.0854 0.3982 0.0249
216 0.6309 0.1022 0.1046 0.1442 0.0179
217 0.4543 0.1646 0.1924 0.1582 0.0307
218 0.6528 0.1179 0.0792 0.1285 0.0218
219 0.6748 0.0858 0.0500 0.1360 0.0537
220 0.2607 0.2864 0.1521 0.2910 0.0096
221 0.1846 0.2644 0.4939 0.0285 0.0285
222 0.3176 0.3381 0.2117 0.1039 0.0284
223 0.5356 0.1740 0.1534 0.0909 0.0461
224 0.6284 0.0857 0.1772 0.0428 0.0662
225 0.4817 0.2725 0.1504 0.0383 0.0571
226 0.1454 0.3486 0.4619 0.0253 0.0188
227 0.2196 0.3000 0.4470 0.0078 0.0256
228 0.3062 0.2461 0.2991 0.0699 0.0787
229 0.4890 0.2966 0.1588 0.0229 0.0325
230 0.4927 0.1599 0.1914 0.0566 0.0993
231 0.5332 0.1652 0.1412 0.1199 0.0408
232 0.5435 0.1644 0.1644 0.0765 0.0513
233 0.4336 0.1865 0.3027 0.0453 0.0317
234 0.2642 0.2073 0.3364 0.1589 0.0331
235 0.2625 0.2371 0.1592 0.3167 0.0248
236 0.0554 0.4858 0.4221 0.0331 0.0035
237 0.2026 0.4749 0.2426 0.0497 0.0303
238 0.3142 0.2817 0.3069 0.0525 0.0446
239 0.5249 0.1718 0.2294 0.0261 0.0477
240 0.2418 0.3179 0.3958 0.0251 0.0194
241 0.1720 0.4565 0.2522 0.1110 0.0083
242 0.1897 0.2184 0.5239 0.0447 0.0236
243 0.2993 0.2009 0.3872 0.0678 0.0448
244 0.2522 0.3394 0.3557 0.0323 0.0205
245 0.3438 0.2849 0.3057 0.0257 0.0401
246 0.4863 0.2141 0.1404 0.0851 0.0740
247 0.6040 0.2172 0.0662 0.0934 0.0191
248 0.3545 0.2474 0.3518 0.0232 0.0230
249 0.0446 0.4226 0.4641 0.0590 0.0096
250 0.1716 0.2135 0.4927 0.0897 0.0325
251 0.0891 0.2498 0.2898 0.3496 0.0218
252 0.4341 0.1015 0.3462 0.1124 0.0059
253 0.5366 0.1501 0.0940 0.2085 0.0106
254 0.5635 0.1843 0.1110 0.1307 0.0105
255 0.4504 0.3047 0.1593 0.0807 0.0047
256 0.1622 0.2399 0.5239 0.0661 0.0080
257 0.2996 0.2208 0.3584 0.0819 0.0393
258 0.2661 0.1744 0.5049 0.0357 0.0190
259 0.1442 0.4951 0.2629 0.0930 0.0046
260 0.5195 0.2654 0.1896 0.0150 0.0108
261 0.4834 0.3120 0.1486 0.0502 0.0058
262 0.1014 0.3738 0.4580 0.0640 0.0027
263 0.0323 0.5898 0.1976 0.1716 0.0085
264 0.0725 0.2781 0.2632 0.3599 0.0265
265 0.1268 0.3560 0.4827 0.0237 0.0110
266 0.2284 0.2820 0.4299 0.0228 0.0370
267 0.4053 0.1613 0.2617 0.1575 0.0144
268 0.5210 0.1237 0.2832 0.0441 0.0280
269 0.4131 0.1270 0.4194 0.0331 0.0074
270 0.2109 0.1450 0.5020 0.1230 0.0189
271 0.3835 0.1826 0.4019 0.0210 0.0110
272 0.5713 0.1134 0.2102 0.0721 0.0330
273 0.5527 0.1442 0.2590 0.0273 0.0168
274 0.2433 0.3948 0.2715 0.0560 0.0345
275 0.3174 0.4548 0.1941 0.0241 0.0096
276 0.3984 0.3354 0.2288 0.0249 0.0123
277 0.6006 0.1935 0.1617 0.0231 0.0209
278 0.1686 0.1837 0.5317 0.1105 0.0055
279 0.3608 0.1403 0.4353 0.0378 0.0257
280 0.2356 0.1440 0.5566 0.0479 0.0160
281 0.3176 0.1254 0.3572 0.1399 0.0602
282 0.2499 0.2087 0.4705 0.0589 0.0121
283 0.3835 0.1000 0.3896 0.0704 0.0565
284 0.4773 0.2871 0.1974 0.0245 0.0136
285 0.0829 0.0616 0.8057 0.0184 0.0312
286 0.1140 0.0382 0.4204 0.4138 0.0136
287 0.2046 0.0908 0.6255 0.0501 0.0290
288 0.3850 0.1094 0.2485 0.0664 0.1906
289 0.1116 0.1048 0.1898 0.5757 0.0182
290 0.6504 0.2319 0.0634 0.0204 0.0337
291 0.6431 0.1901 0.0927 0.0470 0.0272
292 0.5718 0.1664 0.1357 0.0919 0.0343
293 0.5718 0.1664 0.1357 0.0919 0.0343
294 0.5439 0.1659 0.1534 0.1006 0.0362
295 0.5386 0.1669 0.1567 0.1012 0.0364
