time exciting_prob fearful_prob tense_prob sad_prob relaxing_prob
0 0.2037 0.2830 0.2496 0.2310 0.0327
1 0.0164 0.0079 0.0159 0.0076 0.9521
2 0.0049 0.0014 0.0104 0.0060 0.9775
3 0.0851 0.0516 0.1874 0.0806 0.5952
4 0.1188 0.0816 0.2634 0.0362 0.5000
5 0.0151 0.0076 0.0253 0.0114 0.9409
6 0.0499 0.0293 0.0578 0.0709 0.7920
7 0.0076 0.0069 0.0082 0.0045 0.9727
8 0.0245 0.0127 0.0213 0.0070 0.9346
9 0.0201 0.0103 0.0092 0.0163 0.9443
10 0.0051 0.0017 0.0047 0.0009 0.9878
11 0.0030 0.0022 0.0056 0.0020 0.9873
12 0.0605 0.2976 0.5918 0.0204 0.0297
13 0.0552 0.2739 0.5200 0.0495 0.1016
14 0.0793 0.2705 0.4673 0.0313 0.1517
15 0.0850 0.2659 0.5630 0.0448 0.0414
16 0.0638 0.0685 0.7197 0.0306 0.1174
17 0.0863 0.1991 0.5806 0.0265 0.1074
18 0.0759 0.2112 0.5229 0.0471 0.1429
19 0.0500 0.1403 0.7827 0.0138 0.0134
20 0.0404 0.1536 0.6992 0.0307 0.0760
21 0.0341 0.2769 0.6436 0.0316 0.0137
22 0.0993 0.4849 0.2988 0.0682 0.0488
23 0.0485 0.3755 0.4458 0.0706 0.0598
24 0.0281 0.0179 0.0471 0.0457 0.8613
25 0.0141 0.0168 0.0468 0.0394 0.8828
26 0.0223 0.4888 0.4700 0.0146 0.0042
27 0.1332 0.3823 0.3677 0.0290 0.0880
28 0.0070 0.1738 0.4170 0.3511 0.0510
29 0.0281 0.1248 0.5723 0.0739 0.2009
30 0.0161 0.0381 0.1288 0.6050 0.2123
31 0.2372 0.2263 0.1935 0.2773 0.0659
32 0.2029 0.3022 0.1876 0.1555 0.1520
33 0.0146 0.0201 0.0871 0.0121 0.8662
34 0.0565 0.0983 0.4272 0.0526 0.3655
35 0.3066 0.1603 0.3367 0.0387 0.1578
36 0.0850 0.1327 0.2292 0.1412 0.4119
37 0.0602 0.0565 0.1090 0.1422 0.6323
38 0.1245 0.1049 0.0515 0.0407 0.6782
39 0.2461 0.1349 0.1296 0.0540 0.4353
40 0.5264 0.0538 0.1982 0.1279 0.0936
41 0.6816 0.1148 0.0959 0.0479 0.0600
42 0.1245 0.0939 0.5322 0.1840 0.0656
43 0.2668 0.0801 0.2627 0.3398 0.0505
44 0.1288 0.0906 0.2124 0.5508 0.0173
45 0.1683 0.0240 0.1509 0.6250 0.0316
46 0.1005 0.1428 0.5225 0.1331 0.1013
47 0.3899 0.1066 0.1456 0.3257 0.0323
48 0.5518 0.1644 0.1251 0.1222 0.0364
49 0.8828 0.0209 0.0625 0.0087 0.0252
50 0.1102 0.2225 0.2600 0.0885 0.3186
51 0.3291 0.1832 0.3118 0.1230 0.0529
52 0.2878 0.2042 0.3611 0.1085 0.0384
53 0.3650 0.2489 0.2507 0.0410 0.0945
54 0.2920 0.2383 0.1991 0.1490 0.1217
55 0.1952 0.1070 0.0759 0.5781 0.0436
56 0.1433 0.1649 0.2515 0.4019 0.0383
57 0.2932 0.1087 0.1724 0.0801 0.3455
58 0.3835 0.2761 0.2476 0.0130 0.0798
59 0.1582 0.3376 0.4136 0.0097 0.0808
60 0.3525 0.1237 0.2578 0.1392 0.1267
61 0.4709 0.1200 0.1903 0.0428 0.1760
62 0.0804 0.2202 0.4519 0.0548 0.1927
63 0.2426 0.3164 0.1818 0.1707 0.0886
64 0.1353 0.1384 0.2646 0.4297 0.0319
65 0.4036 0.2585 0.1279 0.1472 0.0629
66 0.2410 0.2467 0.4163 0.0248 0.0712
67 0.3140 0.1875 0.3394 0.1164 0.0428
68 0.5591 0.1307 0.1516 0.0445 0.1144
69 0.3550 0.1492 0.2070 0.2310 0.0580
70 0.4089 0.1962 0.3723 0.0072 0.0153
71 0.3284 0.2040 0.1287 0.0231 0.3159
72 0.2140 0.1693 0.3018 0.0942 0.2208
73 0.0828 0.2180 0.4404 0.0753 0.1836
74 0.0493 0.2812 0.4492 0.1200 0.1003
75 0.2932 0.1062 0.1836 0.3679 0.0490
76 0.1357 0.2202 0.4810 0.0414 0.1216
77 0.3906 0.1191 0.2903 0.0957 0.1043
78 0.0874 0.4106 0.3430 0.0502 0.1088
79 0.2001 0.1851 0.3596 0.0214 0.2339
80 0.0626 0.2086 0.3108 0.3010 0.1170
81 0.2301 0.1556 0.4133 0.0258 0.1750
82 0.3413 0.0912 0.2681 0.2556 0.0437
83 0.3452 0.3269 0.1833 0.0989 0.0457
84 0.5464 0.1627 0.1979 0.0428 0.0504
85 0.2749 0.2278 0.0957 0.0878 0.3137
86 0.3391 0.3086 0.1414 0.0470 0.1639
87 0.3352 0.0676 0.3740 0.0847 0.1387
88 0.4478 0.0273 0.1941 0.1583 0.1726
89 0.4282 0.0986 0.4182 0.0218 0.0330
90 0.2246 0.2281 0.3320 0.1722 0.0432
91 0.2351 0.3613 0.1775 0.1210 0.1052
92 0.2424 0.2057 0.2900 0.0528 0.2090
93 0.2351 0.1964 0.3289 0.0550 0.1846
94 0.1447 0.3284 0.1992 0.0798 0.2479
95 0.3711 0.0834 0.2822 0.0569 0.2064
96 0.3093 0.0958 0.4431 0.0456 0.1061
97 0.2062 0.1250 0.4683 0.0707 0.1300
98 0.1765 0.1498 0.5835 0.0248 0.0654
99 0.0459 0.1248 0.2260 0.4355 0.1678
100 0.1582 0.4873 0.3003 0.0056 0.0486
101 0.1348 0.4023 0.4023 0.0144 0.0462
102 0.1455 0.1081 0.4482 0.1421 0.1561
103 0.1766 0.1866 0.4802 0.0359 0.1205
104 0.1981 0.0833 0.4983 0.1696 0.0509
105 0.0811 0.3660 0.4700 0.0232 0.0598
106 0.4380 0.2595 0.1411 0.0583 0.1032
107 0.7383 0.0681 0.0784 0.0257 0.0895
108 0.3535 0.2690 0.3196 0.0347 0.0231
109 0.0417 0.3311 0.2966 0.3013 0.0291
110 0.1896 0.3381 0.4077 0.0401 0.0245
111 0.0973 0.3613 0.4292 0.0921 0.0201
112 0.1354 0.7319 0.0902 0.0271 0.0154
113 0.1665 0.3552 0.3870 0.0296 0.0617
114 0.2551 0.4880 0.1313 0.0544 0.0709
115 0.1633 0.3950 0.3274 0.0175 0.0968
116 0.2822 0.3223 0.2268 0.0153 0.1534
117 0.2231 0.5029 0.1864 0.0099 0.0777
118 0.3530 0.3728 0.1707 0.0412 0.0623
119 0.0648 0.5420 0.2727 0.0435 0.0769
120 0.3286 0.1287 0.2969 0.0405 0.2056
121 0.3782 0.1277 0.2722 0.0377 0.1842
122 0.1255 0.3467 0.3494 0.0469 0.1316
123 0.1279 0.1279 0.2729 0.1183 0.3530
124 0.2585 0.1593 0.4983 0.0634 0.0206
125 0.1715 0.3657 0.3491 0.0897 0.0239
126 0.0227 0.4900 0.1642 0.3115 0.0115
127 0.1802 0.5464 0.1298 0.0244 0.1191
128 0.4062 0.1438 0.2334 0.1340 0.0826
129 0.0482 0.1260 0.1656 0.6157 0.0446
130 0.0814 0.1849 0.2249 0.4873 0.0216
131 0.0396 0.5503 0.2155 0.1843 0.0106
132 0.1366 0.4143 0.2035 0.1525 0.0931
133 0.2253 0.3516 0.1572 0.0606 0.2051
134 0.0637 0.2969 0.3472 0.2332 0.0589
135 0.2151 0.2037 0.4773 0.0265 0.0773
136 0.2627 0.4795 0.1777 0.0436 0.0364
137 0.3977 0.0498 0.2886 0.1407 0.1232
138 0.2393 0.3271 0.1984 0.1570 0.0783
139 0.1288 0.4290 0.2815 0.0775 0.0832
140 0.1411 0.3928 0.2678 0.1099 0.0883
141 0.3618 0.1556 0.3618 0.0268 0.0937
142 0.3113 0.2502 0.2683 0.0599 0.1102
143 0.1140 0.1683 0.5269 0.1021 0.0887
144 0.2131 0.1115 0.1766 0.3076 0.1910
145 0.2131 0.3030 0.1971 0.2472 0.0397
146 0.3137 0.2423 0.1678 0.2073 0.0689
147 0.3325 0.1302 0.4238 0.0676 0.0457
148 0.3555 0.2041 0.2725 0.0745 0.0934
149 0.2230 0.2338 0.2979 0.1375 0.1078
150 0.3650 0.2820 0.0789 0.0329 0.2412
151 0.2019 0.1410 0.4045 0.0291 0.2235
152 0.1501 0.2656 0.4246 0.0175 0.1422
153 0.0656 0.5669 0.3035 0.0434 0.0210
154 0.0746 0.5225 0.3345 0.0546 0.0139
155 0.3403 0.2358 0.2510 0.0681 0.1046
156 0.1589 0.2661 0.1918 0.2405 0.1425
157 0.3591 0.0446 0.4758 0.0385 0.0820
158 0.0870 0.0598 0.4319 0.4055 0.0157
159 0.0970 0.0308 0.0627 0.7998 0.0096
160 0.0549 0.1042 0.0652 0.0964 0.6792
161 0.3950 0.1234 0.2959 0.0461 0.1398
162 0.3020 0.2109 0.3789 0.0572 0.0509
163 0.3547 0.1179 0.1637 0.2827 0.0810
164 0.5078 0.0760 0.1294 0.2494 0.0374
165 0.1237 0.1993 0.1504 0.0912 0.4353
166 0.1405 0.0794 0.0217 0.0107 0.7476
167 0.2106 0.1665 0.0308 0.0063 0.5859
168 0.1586 0.0651 0.2380 0.4734 0.0651
169 0.3418 0.0585 0.2747 0.2791 0.0459
170 0.3748 0.0986 0.0738 0.4314 0.0213
171 0.1979 0.2600 0.4028 0.1019 0.0375
172 0.1103 0.2029 0.4431 0.2061 0.0378
173 0.0898 0.2275 0.4524 0.1946 0.0357
174 0.0677 0.4626 0.4211 0.0261 0.0223
175 0.1780 0.2671 0.3403 0.1851 0.0293
176 0.2703 0.0844 0.5254 0.0316 0.0884
177 0.3508 0.0894 0.4575 0.0596 0.0426
178 0.1313 0.1536 0.3462 0.3354 0.0335
179 0.0713 0.4167 0.2588 0.1384 0.1148
180 0.0500 0.2333 0.3877 0.2369 0.0920
181 0.4702 0.1638 0.2556 0.0804 0.0298
182 0.0607 0.0786 0.6631 0.1813 0.0163
183 0.4661 0.0992 0.3518 0.0574 0.0255
184 0.1838 0.3252 0.2717 0.1781 0.0413
185 0.0861 0.5190 0.2113 0.0681 0.1158
186 0.0580 0.4055 0.0912 0.0459 0.3994
187 0.1116 0.5410 0.1812 0.0671 0.0992
188 0.4307 0.2396 0.2323 0.0319 0.0655
189 0.2272 0.3660 0.2615 0.0404 0.1049
190 0.6748 0.0728 0.1720 0.0086 0.0717
191 0.3508 0.2212 0.3120 0.0413 0.0747
192 0.5254 0.0864 0.3611 0.0096 0.0174
193 0.1605 0.0914 0.1819 0.5601 0.0060
194 0.3396 0.0288 0.1289 0.4790 0.0237
195 0.1377 0.1178 0.2167 0.5156 0.0120
196 0.3347 0.3296 0.1581 0.1569 0.0206
197 0.2175 0.1129 0.1201 0.4788 0.0706
198 0.2386 0.1932 0.1902 0.3040 0.0739
199 0.2285 0.0902 0.4690 0.0822 0.1302
200 0.1526 0.1091 0.3108 0.3989 0.0285
201 0.3630 0.0743 0.2986 0.2534 0.0107
202 0.3794 0.1863 0.0894 0.2908 0.0542
203 0.3145 0.2047 0.2732 0.1139 0.0937
204 0.2251 0.2050 0.3596 0.1925 0.0176
205 0.1621 0.3149 0.3052 0.2002 0.0175
206 0.3774 0.2253 0.1356 0.2344 0.0273
207 0.6304 0.0834 0.0998 0.1685 0.0179
208 0.7500 0.0335 0.0345 0.1081 0.0737
209 0.5225 0.1221 0.0614 0.1078 0.1863
210 0.2312 0.2443 0.1067 0.3723 0.0455
211 0.2336 0.1086 0.1863 0.4297 0.0416
212 0.5601 0.1240 0.1997 0.0800 0.0363
213 0.5420 0.0995 0.3235 0.0137 0.0213
214 0.5469 0.0663 0.3291 0.0290 0.0290
215 0.3882 0.1112 0.2668 0.1605 0.0735
216 0.2522 0.0899 0.2996 0.2925 0.0658
217 0.3665 0.1492 0.2722 0.1237 0.0884
218 0.5874 0.1113 0.2179 0.0568 0.0264
219 0.5215 0.1919 0.1904 0.0546 0.0415
220 0.6460 0.1429 0.0753 0.0983 0.0376
221 0.3174 0.1548 0.4307 0.0247 0.0725
222 0.2588 0.2886 0.3538 0.0530 0.0460
223 0.1298 0.2520 0.5093 0.0878 0.0213
224 0.2133 0.3054 0.3572 0.0875 0.0368
225 0.2546 0.2754 0.3765 0.0624 0.0311
226 0.1744 0.1359 0.1871 0.4282 0.0744
227 0.1512 0.0961 0.4958 0.2306 0.0263
228 0.2869 0.1547 0.1621 0.0611 0.3352
229 0.3103 0.1141 0.4768 0.0454 0.0535
230 0.2086 0.1170 0.3335 0.3035 0.0374
231 0.0991 0.0946 0.5034 0.2454 0.0574
232 0.1865 0.1272 0.1559 0.4653 0.0650
233 0.1516 0.1017 0.1600 0.5586 0.0278
234 0.2415 0.4272 0.1547 0.1047 0.0720
235 0.1780 0.2671 0.3171 0.1985 0.0391
236 0.2191 0.2158 0.4497 0.0633 0.0521
237 0.4292 0.0393 0.1578 0.3369 0.0369
238 0.3293 0.1617 0.3533 0.1405 0.0149
239 0.2019 0.1714 0.3032 0.3079 0.0157
240 0.4050 0.1399 0.4019 0.0153 0.0380
241 0.1517 0.2157 0.4712 0.0633 0.0980
242 0.0970 0.0211 0.1033 0.4702 0.3083
243 0.0551 0.0742 0.1954 0.6509 0.0241
244 0.0513 0.0614 0.4128 0.4678 0.0066
245 0.3799 0.1097 0.2803 0.2083 0.0219
246 0.1772 0.2311 0.5166 0.0178 0.0571
247 0.2460 0.1458 0.4854 0.0344 0.0884
248 0.3188 0.3394 0.2622 0.0728 0.0065
249 0.1047 0.5073 0.1252 0.0848 0.1781
250 0.0327 0.3105 0.2344 0.3630 0.0593
251 0.0920 0.3528 0.1591 0.3162 0.0800
