time exciting_prob fearful_prob tense_prob sad_prob relaxing_prob
0 0.6802 0.1733 0.0781 0.0604 0.0082
1 0.7417 0.1935 0.0460 0.0122 0.0066
2 0.6875 0.2198 0.0615 0.0239 0.0071
3 0.8203 0.0935 0.0508 0.0292 0.0060
4 0.4038 0.3977 0.1582 0.0350 0.0052
5 0.4727 0.2737 0.1909 0.0547 0.0081
6 0.5586 0.3284 0.0941 0.0140 0.0048
7 0.7866 0.0682 0.0810 0.0465 0.0174
8 0.8208 0.0525 0.0599 0.0493 0.0177
9 0.1170 0.4348 0.4214 0.0242 0.0026
10 0.2064 0.1272 0.4509 0.1659 0.0498
11 0.1504 0.1227 0.4634 0.2155 0.0481
12 0.5142 0.0981 0.3320 0.0505 0.0054
13 0.3796 0.2032 0.3567 0.0483 0.0121
14 0.4529 0.2444 0.2332 0.0516 0.0180
15 0.5522 0.0591 0.1570 0.2145 0.0173
16 0.3789 0.3730 0.1891 0.0509 0.0081
17 0.5757 0.2344 0.1073 0.0804 0.0024
18 0.4070 0.3943 0.1683 0.0295 0.0010
19 0.5645 0.1906 0.1592 0.0832 0.0028
20 0.4746 0.1172 0.0844 0.3162 0.0075
21 0.2900 0.1118 0.2223 0.3235 0.0524
22 0.2344 0.0303 0.1040 0.6177 0.0137
23 0.3521 0.0451 0.2786 0.3206 0.0035
24 0.3562 0.1792 0.3677 0.0901 0.0069
25 0.6152 0.0435 0.1682 0.1709 0.0022
26 0.2002 0.4727 0.3149 0.0118 0.0003
27 0.4111 0.0848 0.2825 0.1941 0.0275
28 0.5239 0.1324 0.1000 0.2288 0.0151
29 0.5132 0.1654 0.0679 0.2074 0.0459
30 0.3115 0.0663 0.2793 0.3367 0.0063
31 0.3550 0.1180 0.0877 0.4351 0.0041
32 0.4795 0.2468 0.0944 0.1777 0.0017
33 0.3391 0.0706 0.3904 0.1843 0.0156
34 0.1958 0.0611 0.5845 0.1549 0.0037
35 0.4351 0.0898 0.2440 0.2292 0.0019
36 0.5581 0.2477 0.1276 0.0641 0.0023
37 0.6284 0.1719 0.0979 0.0949 0.0069
38 0.1271 0.0741 0.5347 0.2449 0.0192
39 0.3538 0.3171 0.2712 0.0534 0.0043
40 0.6567 0.1150 0.1794 0.0461 0.0029
41 0.0959 0.0406 0.5347 0.3096 0.0190
42 0.7168 0.0488 0.0829 0.1479 0.0036
43 0.2595 0.1169 0.3958 0.2219 0.0060
44 0.3657 0.1142 0.3545 0.1624 0.0031
45 0.3230 0.1742 0.3179 0.1826 0.0023
46 0.1890 0.2075 0.1542 0.4392 0.0101
47 0.4788 0.1483 0.2727 0.0928 0.0074
48 0.1129 0.0224 0.1520 0.7026 0.0102
49 0.0721 0.0179 0.0792 0.8247 0.0059
50 0.0878 0.0285 0.1259 0.7471 0.0106
51 0.0621 0.0282 0.0823 0.8179 0.0096
52 0.5361 0.2067 0.1064 0.1243 0.0267
53 0.7563 0.1008 0.0420 0.0791 0.0215
54 0.7334 0.0574 0.1116 0.0955 0.0021
55 0.2742 0.2534 0.2419 0.1798 0.0507
56 0.2546 0.2627 0.3022 0.1428 0.0375
57 0.3210 0.1553 0.3811 0.1127 0.0299
58 0.4216 0.1017 0.3335 0.1180 0.0249
59 0.4326 0.2352 0.2209 0.1077 0.0034
60 0.5044 0.1798 0.1207 0.1885 0.0065
61 0.4595 0.1412 0.1171 0.2766 0.0057
62 0.3220 0.1021 0.5225 0.0345 0.0189
63 0.3555 0.0878 0.4858 0.0500 0.0207
64 0.2252 0.3276 0.3030 0.1304 0.0138
65 0.3916 0.1633 0.2957 0.1418 0.0075
66 0.3096 0.2129 0.3794 0.0923 0.0058
67 0.2439 0.2401 0.2896 0.2069 0.0195
68 0.2886 0.2144 0.4197 0.0718 0.0056
69 0.3853 0.2566 0.2861 0.0649 0.0072
70 0.5884 0.1038 0.1376 0.1534 0.0168
71 0.4119 0.1716 0.2498 0.1613 0.0054
72 0.5737 0.1053 0.1750 0.1373 0.0084
73 0.4827 0.1320 0.2316 0.1383 0.0158
74 0.3245 0.1791 0.3674 0.1184 0.0106
75 0.4053 0.2102 0.2576 0.1161 0.0110
76 0.2942 0.2637 0.3662 0.0588 0.0170
77 0.1597 0.1896 0.4077 0.2396 0.0036
78 0.7153 0.1123 0.1132 0.0552 0.0038
79 0.3044 0.0668 0.3672 0.2192 0.0425
80 0.2272 0.0767 0.4661 0.2101 0.0202
81 0.1661 0.0114 0.2612 0.5532 0.0081
82 0.1356 0.0671 0.4377 0.3462 0.0132
83 0.2010 0.0355 0.4321 0.3262 0.0050
84 0.6665 0.0742 0.0840 0.1418 0.0334
85 0.0802 0.0686 0.4614 0.3767 0.0131
86 0.0625 0.1176 0.4041 0.3979 0.0179
87 0.8359 0.0416 0.0551 0.0564 0.0109
88 0.0859 0.0529 0.0521 0.8022 0.0070
89 0.1681 0.1416 0.2158 0.4570 0.0176
90 0.0448 0.3965 0.4287 0.1287 0.0014
91 0.5664 0.0660 0.1622 0.2019 0.0034
92 0.7490 0.0795 0.0783 0.0795 0.0138
93 0.2051 0.0348 0.3079 0.4480 0.0043
94 0.1952 0.2355 0.4983 0.0680 0.0030
95 0.2026 0.1393 0.2996 0.3394 0.0193
96 0.2283 0.0356 0.4006 0.3271 0.0084
97 0.4399 0.0600 0.4331 0.0591 0.0080
98 0.1862 0.0529 0.3589 0.3943 0.0077
99 0.5542 0.0182 0.3362 0.0844 0.0067
100 0.0899 0.1329 0.2771 0.4939 0.0064
101 0.6685 0.1218 0.0727 0.0884 0.0484
102 0.4377 0.3252 0.0401 0.0687 0.1284
103 0.6968 0.0563 0.0509 0.1249 0.0712
104 0.4153 0.0395 0.0566 0.4631 0.0255
105 0.4702 0.1189 0.0511 0.3335 0.0261
106 0.7036 0.0736 0.0790 0.1396 0.0040
107 0.6797 0.0700 0.0623 0.1339 0.0541
108 0.3381 0.1115 0.1987 0.3381 0.0136
109 0.2235 0.2493 0.4805 0.0414 0.0053
110 0.7002 0.0993 0.0612 0.1125 0.0267
111 0.2229 0.1260 0.4756 0.1736 0.0021
112 0.7930 0.0767 0.0732 0.0487 0.0087
113 0.6157 0.1417 0.1395 0.0887 0.0143
114 0.4863 0.2407 0.2244 0.0328 0.0156
115 0.5767 0.1992 0.1458 0.0520 0.0263
116 0.5146 0.2064 0.1793 0.0742 0.0252
117 0.2487 0.0568 0.2773 0.1907 0.2264
118 0.2917 0.0626 0.2380 0.2656 0.1421
119 0.4365 0.2773 0.0801 0.1863 0.0198
120 0.4683 0.0776 0.2467 0.2014 0.0059
121 0.1960 0.1143 0.1390 0.4629 0.0876
122 0.6602 0.1833 0.1021 0.0482 0.0059
123 0.3245 0.1833 0.3293 0.1406 0.0222
124 0.1731 0.2188 0.4631 0.1287 0.0164
125 0.2942 0.1246 0.4023 0.1033 0.0756
126 0.5405 0.1432 0.2271 0.0531 0.0365
127 0.6064 0.1223 0.1851 0.0796 0.0065
128 0.3877 0.2502 0.3264 0.0304 0.0054
129 0.5273 0.1548 0.2200 0.0491 0.0487
130 0.3535 0.1606 0.3765 0.0685 0.0409
131 0.3105 0.3181 0.2637 0.1065 0.0012
132 0.3228 0.3953 0.2512 0.0298 0.0010
133 0.3889 0.4338 0.1344 0.0376 0.0051
134 0.2327 0.3181 0.4084 0.0310 0.0100
135 0.1237 0.4968 0.2700 0.0978 0.0117
136 0.1641 0.4060 0.3640 0.0549 0.0112
137 0.2106 0.3813 0.3694 0.0352 0.0035
138 0.1290 0.4036 0.4504 0.0133 0.0037
139 0.2637 0.0792 0.3604 0.2595 0.0374
140 0.1621 0.0946 0.5317 0.1896 0.0219
141 0.1232 0.0422 0.1232 0.2607 0.4507
142 0.0445 0.0608 0.1678 0.7178 0.0092
143 0.4614 0.1646 0.1924 0.1570 0.0246
144 0.2184 0.0461 0.3079 0.4143 0.0132
145 0.2659 0.0798 0.4927 0.1434 0.0184
146 0.1949 0.0996 0.3757 0.3164 0.0132
147 0.1133 0.1455 0.2362 0.4846 0.0205
148 0.4053 0.3748 0.1798 0.0278 0.0122
149 0.3750 0.3992 0.2007 0.0194 0.0058
150 0.3271 0.1725 0.3826 0.1063 0.0115
151 0.3669 0.0482 0.1846 0.3845 0.0156
152 0.1403 0.0964 0.1493 0.6001 0.0141
153 0.2612 0.0309 0.1536 0.5356 0.0186
154 0.2271 0.0330 0.1661 0.5449 0.0291
155 0.1666 0.0673 0.1382 0.5132 0.1146
156 0.2600 0.3499 0.1732 0.1493 0.0678
157 0.3594 0.2112 0.1985 0.2063 0.0246
158 0.1637 0.1538 0.3157 0.3467 0.0203
159 0.6777 0.1573 0.0487 0.0889 0.0271
160 0.6562 0.2114 0.0327 0.0725 0.0273
161 0.5566 0.0373 0.1953 0.2015 0.0095
162 0.4897 0.0745 0.3113 0.1035 0.0212
163 0.6470 0.0666 0.2534 0.0251 0.0080
164 0.5674 0.1588 0.1135 0.1539 0.0063
165 0.4546 0.0991 0.3950 0.0443 0.0072
166 0.3267 0.1183 0.1776 0.3701 0.0073
167 0.3711 0.1312 0.1608 0.3298 0.0070
168 0.3125 0.0660 0.1511 0.4619 0.0083
169 0.1884 0.2068 0.5664 0.0289 0.0094
170 0.1583 0.0216 0.3350 0.4724 0.0126
171 0.1692 0.0520 0.4746 0.2925 0.0117
172 0.0607 0.0925 0.4519 0.3105 0.0842
173 0.1181 0.0399 0.5210 0.3113 0.0096
174 0.2717 0.0889 0.4143 0.2117 0.0134
175 0.2024 0.0884 0.4597 0.2258 0.0234
176 0.2007 0.1716 0.2478 0.3633 0.0165
177 0.0776 0.0619 0.5430 0.3047 0.0128
178 0.2874 0.0565 0.2698 0.3689 0.0175
179 0.1580 0.0701 0.2861 0.4717 0.0142
180 0.2385 0.0689 0.3159 0.3525 0.0240
181 0.3223 0.0423 0.3950 0.2358 0.0045
182 0.1063 0.1821 0.3049 0.3098 0.0967
183 0.2725 0.0411 0.1505 0.5171 0.0187
184 0.3337 0.0762 0.2559 0.3135 0.0208
185 0.2610 0.2693 0.3513 0.0923 0.0260
186 0.2185 0.0511 0.3130 0.4082 0.0091
187 0.1896 0.0382 0.3174 0.4407 0.0141
188 0.2964 0.1041 0.3154 0.2698 0.0141
189 0.3245 0.0490 0.2356 0.3794 0.0116
190 0.3569 0.3301 0.1881 0.0917 0.0330
191 0.5356 0.2065 0.1214 0.1224 0.0141
192 0.4336 0.0634 0.2888 0.1985 0.0158
193 0.1192 0.6543 0.1818 0.0432 0.0015
194 0.4539 0.2128 0.1139 0.1923 0.0273
195 0.1935 0.3757 0.1655 0.2297 0.0355
196 0.4348 0.2401 0.0876 0.1826 0.0548
197 0.4080 0.3127 0.0693 0.1882 0.0218
198 0.4111 0.3489 0.1215 0.0829 0.0356
199 0.1776 0.3318 0.2245 0.2142 0.0521
200 0.1337 0.4150 0.2991 0.1306 0.0215
201 0.0872 0.4260 0.3533 0.1156 0.0179
202 0.1100 0.3994 0.3694 0.0948 0.0263
203 0.7104 0.0420 0.1089 0.1073 0.0312
204 0.6421 0.0561 0.1265 0.1367 0.0388
205 0.2188 0.3494 0.3440 0.0804 0.0073
206 0.2311 0.0704 0.0948 0.5630 0.0408
207 0.5923 0.0952 0.0494 0.2507 0.0125
208 0.2996 0.0467 0.0609 0.5513 0.0418
209 0.2991 0.0473 0.0612 0.5503 0.0421
210 0.3298 0.0802 0.0556 0.4875 0.0468
