time exciting_prob fearful_prob tense_prob sad_prob relaxing_prob
0 0.2037 0.2830 0.2496 0.2310 0.0327
1 0.0781 0.2603 0.4863 0.1309 0.0445
2 0.0798 0.2308 0.5713 0.0897 0.0282
3 0.3660 0.0440 0.1702 0.3958 0.0241
4 0.4050 0.1378 0.2437 0.1226 0.0911
5 0.2500 0.0311 0.2277 0.4187 0.0728
6 0.3862 0.0641 0.3987 0.0962 0.0548
7 0.3760 0.0471 0.1708 0.3879 0.0181
8 0.1647 0.2268 0.5068 0.0569 0.0446
9 0.1770 0.1854 0.5366 0.0317 0.0693
10 0.1346 0.0243 0.7632 0.0602 0.0178
11 0.3044 0.1361 0.2881 0.0590 0.2124
12 0.2881 0.1340 0.4714 0.0432 0.0633
13 0.2759 0.3225 0.3054 0.0284 0.0676
14 0.1979 0.0679 0.2010 0.5132 0.0197
15 0.4167 0.2079 0.1620 0.1779 0.0356
16 0.1047 0.2893 0.5278 0.0392 0.0392
17 0.1591 0.0550 0.2925 0.1404 0.3530
18 0.2332 0.3018 0.3315 0.0252 0.1085
19 0.1140 0.0547 0.3735 0.4299 0.0277
20 0.1359 0.0336 0.1381 0.6484 0.0441
21 0.1809 0.1063 0.2800 0.3711 0.0615
22 0.2734 0.1223 0.2179 0.3220 0.0644
23 0.4919 0.1107 0.2067 0.1039 0.0869
24 0.1309 0.3264 0.4426 0.0794 0.0206
25 0.0460 0.3679 0.5610 0.0159 0.0094
26 0.0883 0.2168 0.2964 0.2202 0.1783
27 0.2759 0.0552 0.1926 0.1023 0.3740
28 0.3789 0.0943 0.2793 0.1438 0.1036
29 0.0815 0.0754 0.3599 0.4478 0.0353
30 0.1958 0.2827 0.4243 0.0519 0.0454
31 0.2346 0.1785 0.3960 0.0532 0.1379
32 0.2329 0.3635 0.3665 0.0156 0.0217
33 0.3169 0.0216 0.3193 0.0228 0.3193
34 0.0912 0.0806 0.6436 0.1505 0.0341
35 0.2482 0.3237 0.3391 0.0306 0.0585
36 0.0425 0.0928 0.2903 0.4861 0.0885
37 0.1476 0.0708 0.7041 0.0510 0.0263
38 0.3250 0.1584 0.2234 0.2612 0.0319
39 0.4255 0.1653 0.0851 0.2278 0.0964
40 0.1821 0.4138 0.3376 0.0195 0.0468
41 0.1449 0.3020 0.2505 0.1804 0.1221
42 0.0391 0.1166 0.3323 0.4685 0.0436
43 0.4353 0.0392 0.3782 0.0124 0.1349
44 0.3701 0.0474 0.4465 0.0119 0.1240
45 0.2822 0.0487 0.3860 0.2693 0.0137
46 0.2336 0.0747 0.5308 0.1104 0.0505
47 0.1719 0.1425 0.2313 0.3638 0.0906
48 0.1512 0.1356 0.5796 0.0703 0.0630
49 0.1622 0.0457 0.1809 0.0709 0.5400
50 0.2263 0.0865 0.1044 0.0355 0.5474
51 0.2096 0.1938 0.3247 0.2412 0.0307
52 0.1501 0.2761 0.3228 0.1525 0.0984
53 0.1447 0.1516 0.4741 0.1614 0.0683
54 0.1138 0.2773 0.4717 0.1021 0.0350
55 0.0474 0.0989 0.4363 0.4036 0.0140
56 0.0840 0.1204 0.4336 0.3376 0.0245
57 0.1903 0.2443 0.4221 0.1267 0.0165
58 0.1453 0.2147 0.4766 0.1344 0.0291
59 0.1578 0.1680 0.4568 0.2091 0.0083
60 0.0456 0.4355 0.2482 0.2406 0.0301
61 0.4663 0.2874 0.1798 0.0377 0.0289
62 0.2917 0.4885 0.1537 0.0447 0.0215
63 0.1447 0.1493 0.2832 0.3416 0.0812
64 0.1528 0.1814 0.2480 0.3665 0.0512
65 0.2350 0.0463 0.1517 0.5215 0.0456
66 0.1432 0.0932 0.4275 0.0134 0.3228
67 0.0371 0.0330 0.2438 0.0440 0.6421
68 0.0725 0.0400 0.2959 0.0472 0.5444
69 0.2812 0.1874 0.4358 0.0745 0.0209
70 0.2186 0.2291 0.4626 0.0756 0.0141
71 0.0508 0.1067 0.6958 0.1190 0.0278
72 0.2847 0.2018 0.4619 0.0198 0.0319
73 0.3555 0.2769 0.2856 0.0306 0.0512
74 0.3374 0.2247 0.3025 0.0997 0.0358
75 0.4661 0.1636 0.2534 0.0503 0.0667
76 0.3020 0.2466 0.2280 0.0914 0.1320
77 0.1644 0.1619 0.6108 0.0137 0.0490
78 0.2209 0.4751 0.2043 0.0460 0.0537
79 0.1934 0.1288 0.2542 0.1888 0.2350
80 0.2148 0.1957 0.2737 0.0665 0.2493
81 0.1279 0.1310 0.4163 0.2998 0.0250
82 0.3357 0.1422 0.4050 0.0636 0.0535
83 0.0788 0.1061 0.7598 0.0358 0.0198
84 0.1913 0.1125 0.3057 0.2135 0.1770
85 0.2556 0.0602 0.5327 0.0124 0.1389
86 0.3403 0.1925 0.3918 0.0337 0.0416
87 0.2201 0.1057 0.5801 0.0499 0.0444
88 0.3250 0.1895 0.0945 0.0342 0.3569
89 0.0770 0.1290 0.6655 0.1250 0.0034
90 0.0658 0.1393 0.7646 0.0287 0.0016
91 0.1197 0.4050 0.3464 0.0312 0.0977
92 0.1068 0.4092 0.4158 0.0178 0.0504
93 0.3389 0.1100 0.3523 0.0245 0.1744
94 0.2771 0.1604 0.2542 0.0157 0.2927
95 0.1096 0.1282 0.3003 0.0382 0.4236
96 0.1561 0.1661 0.4177 0.0182 0.2418
97 0.1583 0.1407 0.6357 0.0291 0.0359
98 0.1969 0.2179 0.3826 0.0482 0.1545
99 0.4226 0.2407 0.2465 0.0460 0.0442
100 0.0919 0.2366 0.4929 0.1327 0.0459
101 0.1008 0.2576 0.5625 0.0579 0.0211
102 0.2245 0.3477 0.3477 0.0628 0.0174
103 0.1257 0.4058 0.4121 0.0496 0.0066
104 0.1637 0.1930 0.5762 0.0579 0.0094
105 0.1536 0.2551 0.4844 0.0896 0.0174
106 0.3501 0.2812 0.2157 0.0711 0.0818
107 0.1082 0.3357 0.4243 0.1057 0.0261
108 0.2693 0.1487 0.3196 0.1429 0.1194
109 0.1967 0.1230 0.4067 0.0974 0.1763
110 0.1407 0.3245 0.0923 0.0860 0.3564
111 0.1514 0.1975 0.1170 0.0566 0.4775
112 0.1833 0.2732 0.2264 0.0171 0.3000
113 0.1813 0.2478 0.1785 0.0431 0.3494
114 0.1376 0.2305 0.3250 0.0291 0.2778
115 0.1346 0.1841 0.6128 0.0371 0.0312
116 0.1809 0.2251 0.3831 0.0797 0.1313
117 0.3337 0.1843 0.1814 0.0061 0.2944
118 0.1694 0.2837 0.2245 0.0057 0.3167
119 0.4026 0.1092 0.2349 0.0733 0.1801
120 0.4521 0.1785 0.1827 0.0477 0.1390
121 0.2576 0.4314 0.2830 0.0163 0.0119
122 0.0584 0.4116 0.3206 0.0978 0.1116
123 0.2153 0.4558 0.2576 0.0374 0.0338
124 0.2859 0.2091 0.2483 0.1846 0.0723
125 0.0997 0.2798 0.5308 0.0840 0.0058
126 0.0540 0.2220 0.4348 0.2764 0.0128
127 0.0625 0.2590 0.5400 0.1224 0.0162
128 0.1483 0.0958 0.2158 0.5176 0.0226
129 0.1564 0.3086 0.1704 0.3523 0.0125
130 0.1476 0.0867 0.4336 0.3274 0.0046
131 0.1608 0.2671 0.4651 0.0748 0.0324
132 0.1852 0.0687 0.1881 0.4956 0.0625
133 0.0659 0.2178 0.2467 0.4331 0.0367
134 0.1109 0.4121 0.4153 0.0396 0.0222
135 0.0632 0.2559 0.6528 0.0215 0.0066
136 0.0745 0.4631 0.3496 0.1050 0.0078
137 0.0627 0.5332 0.3391 0.0608 0.0042
138 0.2106 0.2367 0.4895 0.0474 0.0157
139 0.1841 0.2874 0.4417 0.0704 0.0163
140 0.0831 0.3442 0.3782 0.1786 0.0160
141 0.1030 0.4990 0.3376 0.0419 0.0183
142 0.2368 0.1692 0.1692 0.4028 0.0219
143 0.3171 0.1608 0.2214 0.0206 0.2800
144 0.0316 0.1396 0.3098 0.4800 0.0388
145 0.2427 0.1111 0.4751 0.0618 0.1094
146 0.3455 0.0916 0.4507 0.0061 0.1062
147 0.0614 0.0839 0.6147 0.1906 0.0493
148 0.2233 0.3513 0.1621 0.0535 0.2098
149 0.1414 0.0470 0.8003 0.0060 0.0053
150 0.0796 0.0605 0.8428 0.0152 0.0021
151 0.0300 0.0282 0.9341 0.0065 0.0011
152 0.2389 0.3369 0.2708 0.0040 0.1495
153 0.0508 0.0963 0.6279 0.1799 0.0451
154 0.1359 0.1257 0.6689 0.0414 0.0280
155 0.1866 0.3489 0.2360 0.2083 0.0203
156 0.0568 0.2751 0.6011 0.0505 0.0163
157 0.2866 0.0736 0.5884 0.0334 0.0180
158 0.1918 0.1978 0.3872 0.1298 0.0934
159 0.1781 0.1283 0.4619 0.1063 0.1254
160 0.0638 0.3167 0.3479 0.2585 0.0132
161 0.2527 0.1863 0.3733 0.0183 0.1696
162 0.1237 0.3933 0.4121 0.0516 0.0194
163 0.3755 0.2462 0.2522 0.0202 0.1059
164 0.0715 0.0544 0.8438 0.0265 0.0037
165 0.2595 0.2576 0.4414 0.0208 0.0206
166 0.1201 0.1519 0.6646 0.0442 0.0191
167 0.1434 0.4490 0.3311 0.0524 0.0244
168 0.0968 0.4304 0.3149 0.0861 0.0719
169 0.1260 0.0922 0.6602 0.0669 0.0550
170 0.1578 0.0648 0.5508 0.2058 0.0207
171 0.2063 0.3245 0.3049 0.0479 0.1166
172 0.1494 0.5215 0.2881 0.0133 0.0278
173 0.2344 0.2236 0.4517 0.0325 0.0579
174 0.1295 0.1108 0.2656 0.4519 0.0421
175 0.2144 0.3821 0.3589 0.0339 0.0108
176 0.0505 0.1321 0.5347 0.2566 0.0260
177 0.2734 0.1006 0.4268 0.0953 0.1038
178 0.0871 0.2480 0.5420 0.0905 0.0325
179 0.1681 0.4033 0.3972 0.0297 0.0017
180 0.0342 0.3047 0.5693 0.0873 0.0046
181 0.0965 0.2174 0.6489 0.0349 0.0021
182 0.0711 0.3784 0.4783 0.0679 0.0042
183 0.1225 0.3892 0.3713 0.1064 0.0105
184 0.2216 0.2433 0.5151 0.0093 0.0109
185 0.1464 0.1685 0.6260 0.0518 0.0072
186 0.0733 0.3286 0.5088 0.0622 0.0268
187 0.1036 0.4194 0.3267 0.1183 0.0321
188 0.0663 0.2159 0.2563 0.4294 0.0319
189 0.0812 0.2642 0.3726 0.1459 0.1360
190 0.0602 0.1798 0.4663 0.1975 0.0963
191 0.0442 0.3396 0.5259 0.0872 0.0033
192 0.1859 0.1934 0.3420 0.2388 0.0399
193 0.0814 0.0237 0.6108 0.2754 0.0084
194 0.2351 0.0652 0.5508 0.0851 0.0638
195 0.2047 0.0814 0.6509 0.0195 0.0436
196 0.1898 0.1411 0.4050 0.2380 0.0261
197 0.2067 0.1824 0.3303 0.2612 0.0192
198 0.1345 0.1388 0.4844 0.2117 0.0307
199 0.0882 0.3892 0.4409 0.0666 0.0151
200 0.0851 0.0390 0.2351 0.6289 0.0118
201 0.1304 0.0969 0.7388 0.0128 0.0213
202 0.2499 0.4119 0.1799 0.1058 0.0524
203 0.0649 0.3484 0.5742 0.0059 0.0065
204 0.1483 0.2524 0.5513 0.0070 0.0412
205 0.0719 0.0909 0.1986 0.5928 0.0457
206 0.0574 0.1609 0.2913 0.4443 0.0461
207 0.0765 0.4541 0.3765 0.0331 0.0600
208 0.1176 0.2079 0.4910 0.1451 0.0385
209 0.0632 0.1931 0.1759 0.5591 0.0088
210 0.0692 0.3027 0.4336 0.1808 0.0137
211 0.1381 0.1948 0.6094 0.0466 0.0111
212 0.0309 0.1004 0.5425 0.3191 0.0072
213 0.0164 0.3704 0.5142 0.0959 0.0031
214 0.0549 0.1295 0.7690 0.0411 0.0053
215 0.0917 0.1868 0.5078 0.2019 0.0120
216 0.0841 0.4583 0.2825 0.1511 0.0241
217 0.1359 0.4487 0.3496 0.0296 0.0363
218 0.1510 0.3147 0.4507 0.0314 0.0522
219 0.0704 0.3809 0.4966 0.0255 0.0265
220 0.1621 0.3486 0.4338 0.0332 0.0223
221 0.3174 0.0461 0.5928 0.0277 0.0161
222 0.2499 0.0459 0.4250 0.2422 0.0369
223 0.3730 0.0355 0.5347 0.0339 0.0229
224 0.2294 0.0594 0.2944 0.3284 0.0884
225 0.5439 0.0475 0.2214 0.0373 0.1499
226 0.4927 0.0499 0.3386 0.0320 0.0870
227 0.0850 0.1799 0.6084 0.0919 0.0346
228 0.4197 0.1362 0.2751 0.0525 0.1165
229 0.2094 0.2751 0.2817 0.2195 0.0141
230 0.3386 0.0477 0.4182 0.0699 0.1256
231 0.3838 0.0978 0.4084 0.0540 0.0562
232 0.4070 0.1644 0.3296 0.0311 0.0680
233 0.2671 0.0681 0.6309 0.0291 0.0047
234 0.1882 0.0531 0.4175 0.3303 0.0110
235 0.0872 0.2581 0.4897 0.0950 0.0700
236 0.1796 0.1882 0.3984 0.1489 0.0848
237 0.1942 0.0726 0.3518 0.3357 0.0458
238 0.2007 0.1539 0.3362 0.2808 0.0285
239 0.0869 0.1456 0.4556 0.2896 0.0225
240 0.0866 0.5737 0.3069 0.0063 0.0266
241 0.6436 0.0642 0.1993 0.0270 0.0662
242 0.5518 0.0853 0.2391 0.0600 0.0638
243 0.4258 0.0643 0.4031 0.0409 0.0658
244 0.1671 0.4136 0.3428 0.0297 0.0468
245 0.3118 0.1086 0.4260 0.0826 0.0712
246 0.0630 0.5889 0.3254 0.0065 0.0159
247 0.4109 0.0495 0.2937 0.1838 0.0620
248 0.0761 0.4114 0.3203 0.1525 0.0398
249 0.0388 0.1440 0.7549 0.0490 0.0135
250 0.1050 0.2240 0.5630 0.0786 0.0294
251 0.0242 0.1317 0.1458 0.6846 0.0137
252 0.4045 0.1205 0.4307 0.0135 0.0307
253 0.3975 0.0820 0.4399 0.0192 0.0614
254 0.3621 0.0990 0.2864 0.1038 0.1487
255 0.5273 0.0569 0.2673 0.0446 0.1038
256 0.2028 0.3789 0.2998 0.0609 0.0576
257 0.1681 0.2445 0.5684 0.0079 0.0110
258 0.0444 0.0536 0.4021 0.4927 0.0071
259 0.4214 0.1785 0.2852 0.0941 0.0210
260 0.6304 0.0347 0.1779 0.1029 0.0542
261 0.3311 0.0774 0.5459 0.0231 0.0229
262 0.2783 0.2615 0.2698 0.1187 0.0720
263 0.5537 0.0325 0.2556 0.0437 0.1143
264 0.2756 0.2629 0.4170 0.0353 0.0091
265 0.0776 0.1920 0.4128 0.2881 0.0294
266 0.1467 0.5044 0.2852 0.0448 0.0191
267 0.0621 0.0904 0.2786 0.5454 0.0236
268 0.0521 0.1508 0.3562 0.4229 0.0180
269 0.0685 0.2246 0.2109 0.4067 0.0894
270 0.0883 0.1841 0.3386 0.3181 0.0710
271 0.1299 0.1616 0.3423 0.3267 0.0396
272 0.1777 0.1697 0.1952 0.0309 0.4265
273 0.2075 0.1846 0.2793 0.0222 0.3066
274 0.0528 0.1785 0.3083 0.3662 0.0941
275 0.0272 0.1163 0.4392 0.4060 0.0113
276 0.0695 0.3167 0.3818 0.2245 0.0076
277 0.0381 0.1392 0.7642 0.0459 0.0128
278 0.1230 0.2952 0.4866 0.0361 0.0591
279 0.0642 0.3665 0.2122 0.2600 0.0971
280 0.1127 0.4746 0.1577 0.1093 0.1459
281 0.2081 0.3596 0.1781 0.2114 0.0426
282 0.1443 0.2825 0.1824 0.2739 0.1169
283 0.2079 0.4434 0.2954 0.0400 0.0134
284 0.0378 0.3943 0.2976 0.2318 0.0384
285 0.1453 0.2286 0.1956 0.1132 0.3174
286 0.0658 0.2686 0.5596 0.0957 0.0105
287 0.1992 0.3311 0.2578 0.0294 0.1827
288 0.1539 0.1827 0.2966 0.3184 0.0484
289 0.1815 0.1692 0.3525 0.2461 0.0508
290 0.0625 0.2800 0.6406 0.0132 0.0036
291 0.1595 0.1971 0.4653 0.1272 0.0506
292 0.1368 0.1458 0.3284 0.1412 0.2478
293 0.1163 0.3162 0.3813 0.1075 0.0787
294 0.0735 0.2468 0.5308 0.1147 0.0342
295 0.0184 0.1193 0.0674 0.7900 0.0046
296 0.0341 0.1798 0.2070 0.5718 0.0075
297 0.1300 0.3853 0.1450 0.2336 0.1061
298 0.2344 0.1346 0.4885 0.1016 0.0407
299 0.1506 0.2158 0.4224 0.1530 0.0581
300 0.0785 0.3333 0.4773 0.0527 0.0583
301 0.0510 0.5312 0.3074 0.0468 0.0635
302 0.0288 0.6064 0.2163 0.1375 0.0107
303 0.1081 0.3772 0.4551 0.0163 0.0433
304 0.1731 0.2810 0.4561 0.0318 0.0580
305 0.1880 0.1571 0.3857 0.2097 0.0596
306 0.0545 0.3967 0.4785 0.0157 0.0545
307 0.0631 0.2307 0.6675 0.0065 0.0320
308 0.1066 0.1305 0.2256 0.0598 0.4775
309 0.2874 0.1637 0.1757 0.0294 0.3440
310 0.0337 0.7910 0.1418 0.0081 0.0252
311 0.1461 0.2524 0.5688 0.0207 0.0115
312 0.1453 0.1880 0.4875 0.0457 0.1333
313 0.1302 0.3979 0.3074 0.1365 0.0279
314 0.3193 0.2646 0.1212 0.2178 0.0770
315 0.1260 0.3618 0.3562 0.0464 0.1095
316 0.0476 0.1622 0.5405 0.2324 0.0174
317 0.0485 0.1761 0.6753 0.0751 0.0250
318 0.0466 0.1504 0.3782 0.3962 0.0285
319 0.3635 0.0837 0.4351 0.0477 0.0699
320 0.2742 0.0750 0.4214 0.0721 0.1575
321 0.2410 0.1891 0.1722 0.0908 0.3069
322 0.0864 0.1257 0.2500 0.1127 0.4253
323 0.1223 0.0256 0.7725 0.0530 0.0266
324 0.4514 0.0754 0.4209 0.0253 0.0269
325 0.6216 0.0587 0.2306 0.0552 0.0337
326 0.2384 0.1857 0.4668 0.0898 0.0194
327 0.3428 0.3538 0.1923 0.0938 0.0175
328 0.1711 0.2231 0.2130 0.3796 0.0131
329 0.0520 0.0986 0.1458 0.6953 0.0085
330 0.0419 0.1510 0.2266 0.5698 0.0108
