time exciting_prob fearful_prob tense_prob sad_prob relaxing_prob
0 0.2037 0.2830 0.2496 0.2310 0.0327
1 0.0132 0.0447 0.0816 0.1040 0.7563
2 0.0308 0.1816 0.1603 0.0226 0.6050
3 0.0181 0.0335 0.1007 0.0113 0.8364
4 0.0241 0.0208 0.0737 0.0507 0.8306
5 0.0989 0.0752 0.1531 0.0577 0.6152
6 0.0820 0.0729 0.2411 0.0075 0.5967
7 0.1226 0.0593 0.3035 0.0182 0.4963
8 0.1604 0.0928 0.3423 0.0229 0.3818
9 0.2231 0.0909 0.2888 0.0293 0.3679
10 0.1565 0.1003 0.2747 0.0296 0.4390
11 0.4214 0.1255 0.1798 0.0424 0.2308
12 0.4243 0.0890 0.1525 0.0211 0.3130
13 0.4719 0.0559 0.1212 0.0187 0.3320
14 0.3445 0.0558 0.1859 0.0470 0.3667
15 0.5415 0.0722 0.1144 0.0197 0.2520
16 0.6060 0.0624 0.0937 0.0112 0.2266
17 0.4438 0.0582 0.1725 0.0203 0.3052
18 0.1766 0.1354 0.3738 0.1766 0.1376
19 0.1521 0.4685 0.0867 0.0084 0.2842
20 0.1918 0.4458 0.0964 0.0272 0.2386
21 0.6045 0.1248 0.1219 0.0278 0.1209
22 0.2727 0.3503 0.3264 0.0246 0.0260
23 0.4563 0.2386 0.2561 0.0194 0.0296
24 0.5723 0.1238 0.2057 0.0128 0.0851
25 0.4751 0.1935 0.1803 0.0202 0.1309
26 0.3555 0.2224 0.2313 0.0898 0.1010
27 0.3652 0.1608 0.0945 0.2590 0.1204
28 0.2063 0.0619 0.0206 0.6455 0.0659
29 0.3367 0.0679 0.0438 0.4673 0.0844
30 0.4275 0.2825 0.1500 0.0135 0.1263
31 0.4827 0.1340 0.0921 0.0226 0.2686
32 0.3901 0.1359 0.2539 0.0143 0.2057
33 0.2373 0.2566 0.4231 0.0177 0.0654
34 0.3572 0.2437 0.2961 0.0161 0.0869
35 0.1993 0.2090 0.4600 0.0299 0.1018
36 0.1035 0.4031 0.0878 0.3816 0.0242
37 0.7021 0.0928 0.0752 0.0832 0.0467
38 0.3354 0.2983 0.2847 0.0157 0.0660
39 0.3584 0.1382 0.3113 0.0215 0.1707
40 0.4463 0.1361 0.2175 0.0140 0.1860
41 0.4451 0.1255 0.3059 0.0213 0.1024
42 0.3030 0.1910 0.3328 0.0367 0.1366
43 0.3142 0.3586 0.2209 0.0833 0.0229
44 0.4724 0.2529 0.1213 0.1096 0.0439
45 0.3840 0.1799 0.1041 0.3110 0.0210
46 0.3625 0.1523 0.1740 0.0131 0.2981
47 0.0275 0.0206 0.0802 0.0029 0.8687
48 0.0113 0.0060 0.0273 0.0016 0.9541
49 0.0065 0.0037 0.0155 0.0007 0.9736
50 0.0094 0.0033 0.0078 0.0004 0.9790
51 0.0288 0.0599 0.2445 0.0123 0.6543
52 0.2754 0.3943 0.1952 0.0072 0.1281
53 0.2551 0.4548 0.1809 0.0052 0.1039
54 0.1981 0.4397 0.2211 0.0201 0.1211
55 0.4653 0.0625 0.4304 0.0178 0.0239
56 0.1345 0.1047 0.4275 0.1283 0.2051
57 0.5352 0.0260 0.1671 0.0432 0.2284
58 0.3628 0.1081 0.4883 0.0032 0.0377
59 0.3701 0.2505 0.2927 0.0039 0.0826
60 0.1772 0.0979 0.4187 0.1447 0.1614
61 0.4231 0.1863 0.3425 0.0041 0.0439
62 0.0595 0.0069 0.0154 0.0092 0.9092
63 0.1225 0.0300 0.0145 0.0089 0.8242
64 0.0323 0.0036 0.0029 0.0007 0.9604
65 0.3215 0.3069 0.2815 0.0399 0.0501
66 0.7930 0.1065 0.0804 0.0064 0.0134
67 0.0299 0.0110 0.0026 0.0043 0.9521
68 0.1096 0.0164 0.0039 0.0017 0.8687
69 0.1067 0.0131 0.0044 0.0034 0.8726
70 0.0937 0.0111 0.0035 0.0025 0.8892
71 0.2297 0.1393 0.5215 0.0073 0.1019
72 0.2133 0.0687 0.4241 0.0024 0.2915
73 0.3167 0.1876 0.4329 0.0150 0.0478
74 0.4768 0.1151 0.2695 0.0040 0.1345
75 0.5146 0.1533 0.2888 0.0046 0.0385
76 0.0786 0.1960 0.3838 0.0584 0.2830
77 0.1698 0.0765 0.5190 0.0082 0.2267
78 0.0853 0.2487 0.4719 0.0036 0.1907
79 0.0851 0.1414 0.4744 0.0069 0.2922
80 0.0705 0.1381 0.3416 0.0043 0.4456
81 0.5435 0.3049 0.1104 0.0135 0.0275
82 0.3679 0.4106 0.1793 0.0047 0.0373
83 0.2559 0.2155 0.4526 0.0119 0.0642
84 0.0315 0.0030 0.0015 0.0006 0.9634
85 0.2281 0.0718 0.2688 0.0115 0.4197
86 0.5464 0.2296 0.1542 0.0077 0.0618
87 0.5142 0.0729 0.3293 0.0075 0.0764
88 0.6650 0.0643 0.1906 0.0037 0.0764
89 0.5996 0.0793 0.2500 0.0046 0.0662
90 0.4705 0.0891 0.3232 0.0046 0.1126
91 0.6279 0.0993 0.1515 0.0044 0.1170
92 0.2411 0.2646 0.2954 0.0279 0.1709
93 0.1641 0.0957 0.1506 0.0920 0.4976
94 0.6890 0.2020 0.0810 0.0087 0.0192
95 0.5972 0.2000 0.1311 0.0176 0.0543
96 0.4165 0.1848 0.3401 0.0121 0.0464
97 0.4275 0.2534 0.2271 0.0105 0.0816
98 0.2788 0.0131 0.6284 0.0303 0.0496
99 0.5669 0.1444 0.2419 0.0322 0.0146
100 0.6021 0.2048 0.1385 0.0056 0.0490
101 0.2844 0.2491 0.2935 0.0030 0.1699
102 0.3003 0.1271 0.1683 0.0035 0.4009
103 0.0878 0.3875 0.2834 0.1830 0.0585
104 0.7178 0.1317 0.1172 0.0056 0.0276
105 0.7725 0.0771 0.0923 0.0031 0.0551
106 0.7393 0.0869 0.0947 0.0043 0.0749
107 0.5811 0.0956 0.1814 0.0041 0.1379
108 0.5825 0.1656 0.1631 0.0046 0.0839
109 0.4968 0.0970 0.2744 0.0041 0.1276
110 0.7134 0.1259 0.1011 0.0297 0.0301
111 0.2184 0.2399 0.3894 0.0848 0.0676
112 0.2773 0.0966 0.4468 0.0108 0.1682
113 0.6616 0.0902 0.1633 0.0060 0.0790
114 0.5869 0.2109 0.1300 0.0050 0.0669
115 0.5986 0.2534 0.0947 0.0118 0.0417
116 0.5933 0.0300 0.3030 0.0147 0.0592
117 0.6855 0.1288 0.1393 0.0024 0.0442
118 0.2278 0.5015 0.2074 0.0050 0.0585
119 0.6514 0.0889 0.1781 0.0079 0.0737
120 0.7275 0.0709 0.1098 0.0243 0.0676
121 0.6943 0.0221 0.1422 0.0047 0.1367
122 0.2115 0.2269 0.1726 0.0587 0.3301
123 0.7134 0.0229 0.2045 0.0281 0.0311
124 0.4409 0.4272 0.0903 0.0205 0.0211
125 0.4062 0.1437 0.2091 0.0042 0.2369
126 0.2893 0.4143 0.2399 0.0021 0.0544
127 0.0496 0.0301 0.0048 0.0012 0.9146
128 0.0674 0.0685 0.0264 0.0092 0.8286
129 0.0657 0.0421 0.0101 0.0031 0.8789
130 0.0734 0.0110 0.0091 0.0054 0.9009
131 0.3040 0.0438 0.2769 0.3552 0.0202
132 0.4104 0.1375 0.3350 0.0659 0.0514
133 0.5366 0.1335 0.2554 0.0106 0.0641
134 0.4529 0.2947 0.1219 0.0008 0.1298
135 0.1238 0.4529 0.3696 0.0034 0.0500
136 0.3391 0.2330 0.3933 0.0031 0.0313
137 0.1644 0.3025 0.4685 0.0070 0.0577
138 0.1113 0.0502 0.0186 0.0039 0.8159
139 0.1913 0.1782 0.5449 0.0666 0.0191
140 0.5703 0.0547 0.1547 0.0056 0.2147
141 0.4062 0.1949 0.3020 0.0517 0.0452
142 0.5317 0.0708 0.3274 0.0551 0.0151
143 0.0640 0.1122 0.7915 0.0136 0.0188
144 0.4851 0.0484 0.4023 0.0093 0.0549
145 0.0522 0.0117 0.0055 0.0050 0.9258
146 0.0530 0.0117 0.0065 0.0031 0.9258
147 0.0576 0.0246 0.0085 0.0020 0.9072
148 0.6445 0.0801 0.1708 0.0041 0.1004
149 0.5337 0.1815 0.2277 0.0102 0.0470
150 0.0311 0.0087 0.0048 0.0028 0.9526
151 0.0845 0.0145 0.0055 0.0016 0.8940
152 0.0426 0.0045 0.0087 0.0041 0.9399
153 0.4224 0.1904 0.1964 0.0063 0.1846
154 0.3584 0.2749 0.3289 0.0041 0.0336
155 0.5552 0.0178 0.0421 0.1145 0.2705
156 0.5669 0.1295 0.1975 0.0037 0.1024
157 0.0471 0.0378 0.0052 0.0007 0.9092
158 0.0926 0.0566 0.0076 0.0049 0.8384
159 0.0522 0.0436 0.0031 0.0047 0.8965
160 0.1814 0.4421 0.3235 0.0208 0.0323
161 0.5342 0.0832 0.3447 0.0061 0.0318
162 0.0506 0.0128 0.0044 0.0005 0.9316
163 0.1338 0.0225 0.0091 0.0023 0.8325
164 0.1244 0.1263 0.4275 0.3127 0.0092
165 0.4709 0.2791 0.1830 0.0143 0.0528
166 0.5425 0.2278 0.1482 0.0174 0.0643
167 0.6514 0.0910 0.2083 0.0056 0.0436
168 0.0362 0.0218 0.0040 0.0045 0.9336
169 0.0302 0.0605 0.0041 0.0017 0.9033
170 0.0164 0.0040 0.0017 0.0004 0.9775
171 0.5498 0.1125 0.1855 0.0099 0.1423
172 0.7461 0.0787 0.0871 0.0424 0.0455
173 0.3606 0.2576 0.2830 0.0152 0.0836
174 0.4028 0.2405 0.2993 0.0037 0.0537
175 0.6147 0.1920 0.1279 0.0053 0.0599
176 0.7124 0.1145 0.1050 0.0091 0.0589
177 0.5601 0.1721 0.2192 0.0072 0.0415
178 0.5542 0.0978 0.2830 0.0127 0.0523
179 0.5166 0.1814 0.2460 0.0088 0.0470
180 0.1289 0.0396 0.0367 0.0047 0.7900
181 0.1611 0.0188 0.0074 0.0011 0.8115
182 0.1897 0.0592 0.0114 0.0008 0.7388
183 0.3862 0.0677 0.5200 0.0111 0.0150
184 0.7197 0.1005 0.1509 0.0128 0.0161
185 0.7622 0.1305 0.0816 0.0023 0.0232
186 0.8101 0.0486 0.0129 0.0033 0.1252
187 0.8779 0.0515 0.0234 0.0025 0.0447
188 0.8384 0.0870 0.0318 0.0025 0.0402
189 0.5591 0.3723 0.0233 0.0114 0.0341
190 0.3323 0.5830 0.0158 0.0018 0.0670
191 0.7798 0.1031 0.0539 0.0024 0.0606
192 0.7935 0.1049 0.0519 0.0051 0.0444
193 0.7251 0.0814 0.1183 0.0219 0.0533
194 0.1914 0.4246 0.1757 0.0458 0.1625
195 0.1949 0.0594 0.6392 0.0585 0.0481
196 0.0483 0.0847 0.8423 0.0218 0.0029
197 0.8584 0.0693 0.0184 0.0044 0.0496
198 0.6426 0.2556 0.0469 0.0434 0.0115
199 0.7573 0.0817 0.1295 0.0091 0.0225
200 0.7251 0.1250 0.0435 0.0125 0.0936
201 0.7207 0.0494 0.1429 0.0050 0.0821
202 0.4768 0.0345 0.2915 0.0216 0.1754
203 0.1886 0.2922 0.2944 0.0142 0.2104
204 0.4756 0.1777 0.1862 0.0894 0.0712
205 0.5879 0.1879 0.1464 0.0233 0.0547
206 0.5571 0.2114 0.1621 0.0206 0.0490
207 0.4675 0.2075 0.2502 0.0372 0.0375
208 0.4951 0.1851 0.2490 0.0337 0.0370
209 0.4680 0.1592 0.2466 0.0846 0.0415
210 0.3674 0.0409 0.5513 0.0231 0.0172
211 0.1471 0.0590 0.7710 0.0193 0.0038
212 0.0760 0.0289 0.8843 0.0097 0.0012
213 0.3950 0.2800 0.2472 0.0615 0.0163
214 0.0983 0.0175 0.8687 0.0145 0.0010
215 0.4172 0.1987 0.1031 0.0298 0.2512
216 0.2722 0.3335 0.2498 0.0229 0.1217
217 0.0653 0.0084 0.9014 0.0240 0.0008
218 0.7437 0.0483 0.1282 0.0379 0.0420
219 0.1422 0.3718 0.4116 0.0448 0.0296
220 0.4419 0.1991 0.3132 0.0301 0.0157
221 0.3389 0.1266 0.4490 0.0683 0.0174
222 0.2915 0.0414 0.6421 0.0218 0.0033
223 0.2568 0.4509 0.2610 0.0155 0.0157
224 0.5151 0.0426 0.4011 0.0334 0.0079
225 0.6157 0.0840 0.2430 0.0216 0.0356
226 0.2399 0.2101 0.4961 0.0388 0.0150
227 0.0424 0.1692 0.7583 0.0229 0.0069
228 0.0484 0.1826 0.7334 0.0300 0.0054
229 0.0341 0.1539 0.7695 0.0368 0.0057
230 0.1052 0.2664 0.5098 0.0825 0.0363
231 0.1204 0.1985 0.5190 0.1014 0.0610
232 0.0685 0.1968 0.6401 0.0759 0.0189
233 0.0951 0.1833 0.5142 0.1069 0.1005
234 0.0704 0.1729 0.6836 0.0631 0.0101
235 0.0584 0.2120 0.6533 0.0566 0.0196
236 0.0522 0.2000 0.6978 0.0426 0.0076
237 0.2927 0.1174 0.3530 0.1890 0.0478
238 0.0375 0.2605 0.6250 0.0746 0.0022
239 0.2362 0.4412 0.2871 0.0158 0.0195
240 0.5498 0.0677 0.2346 0.1316 0.0163
241 0.5127 0.1552 0.1613 0.0123 0.1588
242 0.1091 0.0767 0.7935 0.0178 0.0029
243 0.3679 0.3003 0.2568 0.0128 0.0620
244 0.1262 0.2451 0.6064 0.0152 0.0069
245 0.1208 0.0678 0.6846 0.1171 0.0095
246 0.1636 0.0704 0.7222 0.0407 0.0033
247 0.2651 0.1765 0.4580 0.0945 0.0059
248 0.0495 0.2494 0.6470 0.0243 0.0300
249 0.0647 0.3135 0.5332 0.0402 0.0485
250 0.0904 0.4280 0.3989 0.0261 0.0566
251 0.0597 0.5620 0.3408 0.0178 0.0197
252 0.0289 0.4280 0.5244 0.0155 0.0034
253 0.0476 0.4590 0.4810 0.0049 0.0075
254 0.0536 0.5010 0.4285 0.0082 0.0088
255 0.1801 0.0238 0.7822 0.0112 0.0028
256 0.2317 0.0235 0.7363 0.0056 0.0027
257 0.8677 0.0493 0.0505 0.0176 0.0148
258 0.6416 0.1443 0.1489 0.0483 0.0166
259 0.5532 0.1897 0.2217 0.0106 0.0249
260 0.5107 0.0820 0.3794 0.0153 0.0127
261 0.5098 0.1260 0.3267 0.0214 0.0161
262 0.0729 0.2927 0.5962 0.0142 0.0242
263 0.4688 0.1071 0.3428 0.0490 0.0324
264 0.7197 0.1281 0.1213 0.0114 0.0193
265 0.6514 0.2131 0.0828 0.0284 0.0241
266 0.4546 0.1186 0.3379 0.0809 0.0079
267 0.5625 0.2830 0.1479 0.0033 0.0030
268 0.7300 0.0872 0.1495 0.0222 0.0108
269 0.6226 0.0904 0.2720 0.0049 0.0102
270 0.5010 0.1075 0.3665 0.0077 0.0174
271 0.0632 0.5015 0.3696 0.0463 0.0196
272 0.4639 0.0292 0.2369 0.2522 0.0177
273 0.2681 0.1626 0.5166 0.0434 0.0092
274 0.2367 0.0793 0.6333 0.0452 0.0055
275 0.3674 0.0820 0.2627 0.1749 0.1130
276 0.2091 0.2644 0.3557 0.0235 0.1472
277 0.5454 0.1337 0.1170 0.0477 0.1562
278 0.1443 0.1366 0.6675 0.0472 0.0045
279 0.2477 0.3547 0.2615 0.0351 0.1008
280 0.1288 0.0844 0.7407 0.0435 0.0026
281 0.3035 0.4775 0.1798 0.0043 0.0349
282 0.2489 0.3948 0.2080 0.0736 0.0748
283 0.5684 0.0609 0.3450 0.0137 0.0120
284 0.0298 0.2186 0.6226 0.1188 0.0101
285 0.4216 0.0786 0.3779 0.1171 0.0050
286 0.6113 0.1879 0.1533 0.0116 0.0361
287 0.5620 0.0547 0.3303 0.0454 0.0078
288 0.5439 0.0640 0.3198 0.0601 0.0120
289 0.6333 0.0411 0.2832 0.0308 0.0117
290 0.6440 0.1680 0.1382 0.0202 0.0299
291 0.5308 0.2649 0.1606 0.0290 0.0148
292 0.5874 0.0901 0.2908 0.0217 0.0099
293 0.4614 0.0582 0.4473 0.0271 0.0061
294 0.4761 0.3003 0.1793 0.0284 0.0159
295 0.1327 0.0333 0.8257 0.0055 0.0028
296 0.1146 0.3264 0.4827 0.0028 0.0734
297 0.0318 0.0936 0.8604 0.0072 0.0073
298 0.1371 0.6289 0.1494 0.0415 0.0428
299 0.0191 0.3967 0.4939 0.0851 0.0052
300 0.5220 0.1965 0.2061 0.0254 0.0501
301 0.6055 0.1567 0.1965 0.0166 0.0246
302 0.2432 0.2588 0.4072 0.0089 0.0821
303 0.6064 0.0502 0.1521 0.1737 0.0175
304 0.1010 0.0366 0.8389 0.0160 0.0074
305 0.4341 0.0417 0.5073 0.0095 0.0075
306 0.4995 0.2590 0.2131 0.0117 0.0164
307 0.6133 0.1798 0.1785 0.0097 0.0188
308 0.4697 0.2676 0.1573 0.0186 0.0869
309 0.1465 0.4172 0.4109 0.0214 0.0040
310 0.0902 0.3198 0.5190 0.0120 0.0591
311 0.7461 0.1306 0.0799 0.0098 0.0336
312 0.6377 0.1638 0.1503 0.0330 0.0152
313 0.5552 0.0943 0.3066 0.0290 0.0147
314 0.1740 0.1123 0.6562 0.0530 0.0044
315 0.1207 0.2272 0.6372 0.0130 0.0019
316 0.1967 0.1028 0.6650 0.0314 0.0039
317 0.5830 0.0860 0.3169 0.0083 0.0058
318 0.4033 0.1694 0.3369 0.0513 0.0390
319 0.7520 0.0305 0.1962 0.0139 0.0077
320 0.4534 0.1616 0.2905 0.0425 0.0521
321 0.7036 0.0479 0.2339 0.0118 0.0026
322 0.4756 0.1321 0.3093 0.0707 0.0123
323 0.5815 0.1653 0.1482 0.0246 0.0806
324 0.4360 0.2974 0.2192 0.0168 0.0306
325 0.6553 0.0759 0.1670 0.0765 0.0254
326 0.6411 0.1699 0.1302 0.0365 0.0221
327 0.4238 0.2869 0.2340 0.0479 0.0075
328 0.4934 0.1136 0.3018 0.0143 0.0768
329 0.0922 0.4397 0.3645 0.0996 0.0042
330 0.2112 0.0297 0.7144 0.0422 0.0024
331 0.4089 0.1257 0.4353 0.0164 0.0138
332 0.5801 0.0557 0.2134 0.1444 0.0063
333 0.5713 0.1274 0.2255 0.0247 0.0511
334 0.5142 0.1156 0.3167 0.0209 0.0329
335 0.5298 0.1360 0.2881 0.0138 0.0326
336 0.4133 0.0176 0.5391 0.0235 0.0066
337 0.6831 0.0588 0.2253 0.0042 0.0284
338 0.5073 0.0391 0.4338 0.0117 0.0083
339 0.0402 0.0287 0.9155 0.0149 0.0007
340 0.3545 0.2698 0.3279 0.0338 0.0143
341 0.5942 0.0933 0.2874 0.0083 0.0166
342 0.1750 0.5396 0.2249 0.0235 0.0373
343 0.4050 0.1048 0.4697 0.0043 0.0162
344 0.6606 0.0586 0.2546 0.0157 0.0106
345 0.5713 0.1255 0.2382 0.0129 0.0519
346 0.5732 0.1299 0.2352 0.0132 0.0486
347 0.5625 0.1255 0.2458 0.0169 0.0492
348 0.0292 0.4392 0.5054 0.0037 0.0226
349 0.3147 0.2527 0.3247 0.0200 0.0881
350 0.1964 0.4675 0.2834 0.0149 0.0378
351 0.1550 0.1467 0.5942 0.0033 0.1008
352 0.0605 0.1892 0.6709 0.0062 0.0735
353 0.1464 0.2671 0.4912 0.0379 0.0573
354 0.0829 0.4924 0.3464 0.0091 0.0693
355 0.0851 0.2686 0.5728 0.0231 0.0504
356 0.2046 0.2842 0.2468 0.2318 0.0326
357 0.2046 0.2842 0.2468 0.2318 0.0326
358 0.2037 0.2830 0.2496 0.2310 0.0327
359 0.2037 0.2830 0.2496 0.2310 0.0327
