time exciting_prob fearful_prob tense_prob sad_prob relaxing_prob
0 0.2037 0.2830 0.2496 0.2310 0.0327
1 0.1960 0.0320 0.2188 0.5415 0.0117
2 0.3496 0.0817 0.3232 0.2257 0.0196
3 0.1060 0.0442 0.2107 0.6099 0.0294
4 0.1702 0.1812 0.2021 0.4414 0.0051
5 0.1606 0.0834 0.5522 0.1908 0.0131
6 0.0772 0.1015 0.1047 0.7158 0.0007
7 0.1329 0.0628 0.3906 0.4031 0.0107
8 0.1036 0.0701 0.0533 0.7656 0.0075
9 0.0607 0.1315 0.0210 0.7808 0.0059
10 0.0723 0.2751 0.5474 0.0595 0.0456
11 0.1251 0.3704 0.4331 0.0304 0.0409
12 0.3567 0.3652 0.1711 0.0765 0.0304
13 0.4531 0.3020 0.1591 0.0474 0.0384
14 0.1378 0.2169 0.5806 0.0536 0.0112
15 0.1901 0.1075 0.0229 0.6738 0.0056
16 0.0617 0.0417 0.0170 0.8784 0.0014
17 0.1022 0.0808 0.1738 0.6406 0.0023
18 0.2190 0.2947 0.3965 0.0818 0.0078
19 0.2854 0.2810 0.3086 0.1058 0.0188
20 0.2031 0.2776 0.4507 0.0506 0.0180
21 0.2129 0.1006 0.4368 0.2231 0.0266
22 0.1498 0.1185 0.4006 0.3220 0.0091
23 0.1293 0.0543 0.0271 0.7856 0.0037
24 0.2141 0.3477 0.2043 0.1495 0.0845
25 0.3662 0.1285 0.1757 0.2498 0.0798
26 0.1819 0.1967 0.5430 0.0555 0.0231
27 0.3132 0.2256 0.2517 0.1870 0.0223
28 0.0591 0.2263 0.4363 0.2605 0.0179
29 0.1526 0.0398 0.2678 0.5161 0.0234
30 0.5308 0.1451 0.0982 0.2000 0.0258
31 0.0815 0.1234 0.7212 0.0650 0.0088
32 0.0468 0.7153 0.1500 0.0645 0.0232
33 0.0917 0.7271 0.0969 0.0743 0.0102
34 0.2700 0.4778 0.1786 0.0617 0.0119
35 0.1508 0.0446 0.2524 0.5259 0.0262
36 0.0737 0.1072 0.5234 0.2937 0.0020
37 0.0401 0.0332 0.0194 0.9053 0.0022
38 0.3442 0.2440 0.2402 0.1266 0.0448
39 0.1636 0.1024 0.4958 0.2003 0.0379
40 0.1176 0.3350 0.2820 0.2063 0.0591
41 0.0662 0.6587 0.1746 0.0941 0.0066
42 0.0932 0.1489 0.4048 0.3203 0.0327
43 0.2064 0.1909 0.0655 0.5273 0.0098
44 0.0715 0.4050 0.4626 0.0531 0.0077
45 0.1843 0.1101 0.2386 0.4390 0.0281
46 0.3008 0.0495 0.0194 0.6172 0.0129
47 0.2737 0.4075 0.0815 0.1852 0.0522
48 0.0740 0.1980 0.4531 0.2107 0.0643
49 0.0772 0.1159 0.4958 0.3008 0.0104
50 0.3752 0.0825 0.2703 0.2620 0.0098
51 0.4048 0.1958 0.3008 0.0785 0.0200
52 0.1738 0.0332 0.1063 0.6558 0.0309
53 0.6235 0.1306 0.1652 0.0445 0.0363
54 0.3503 0.2389 0.3369 0.0590 0.0149
55 0.1735 0.1997 0.4866 0.0758 0.0643
56 0.8379 0.0715 0.0451 0.0130 0.0327
57 0.0637 0.0330 0.0204 0.8789 0.0040
58 0.1298 0.0283 0.0360 0.8013 0.0046
59 0.3972 0.1174 0.2485 0.1605 0.0764
60 0.2195 0.4102 0.1251 0.1251 0.1203
61 0.5898 0.0926 0.0579 0.2070 0.0528
62 0.0982 0.0542 0.0908 0.7485 0.0082
63 0.0734 0.1932 0.2683 0.4355 0.0296
64 0.0948 0.3523 0.4814 0.0603 0.0111
65 0.3018 0.1426 0.2683 0.2350 0.0524
66 0.2452 0.2001 0.2064 0.2866 0.0615
67 0.3628 0.3152 0.2380 0.0621 0.0218
68 0.1802 0.3667 0.1760 0.2542 0.0231
69 0.1279 0.1592 0.3345 0.3730 0.0053
70 0.0303 0.0488 0.0557 0.8647 0.0007
71 0.4104 0.0307 0.1582 0.2866 0.1140
72 0.2379 0.2455 0.1443 0.3542 0.0181
73 0.2397 0.2455 0.3408 0.1064 0.0676
74 0.0734 0.0589 0.1219 0.7236 0.0224
75 0.1372 0.1555 0.5430 0.1372 0.0270
76 0.2859 0.2108 0.4226 0.0467 0.0341
77 0.5249 0.0516 0.1118 0.1692 0.1425
78 0.1923 0.1710 0.3621 0.2449 0.0299
79 0.2712 0.3323 0.2888 0.0645 0.0432
80 0.5674 0.0289 0.0864 0.2072 0.1100
81 0.1583 0.1333 0.4172 0.2164 0.0748
82 0.2103 0.1886 0.4055 0.1152 0.0804
83 0.4111 0.0275 0.2101 0.3152 0.0359
84 0.1947 0.0584 0.4253 0.2312 0.0905
85 0.3438 0.2253 0.3438 0.0602 0.0271
86 0.1370 0.1083 0.5586 0.1814 0.0147
87 0.4067 0.1300 0.4067 0.0228 0.0339
88 0.5947 0.2120 0.1144 0.0511 0.0280
89 0.2881 0.1831 0.1404 0.3787 0.0099
90 0.1056 0.0726 0.2306 0.5195 0.0715
91 0.2571 0.0945 0.2164 0.3513 0.0809
92 0.5054 0.0590 0.1964 0.2208 0.0186
93 0.2385 0.1109 0.3210 0.2969 0.0328
94 0.2722 0.0870 0.3335 0.2678 0.0395
95 0.0331 0.3159 0.3635 0.2499 0.0374
96 0.4700 0.0699 0.3035 0.0626 0.0940
97 0.1984 0.1095 0.0167 0.6709 0.0046
98 0.0946 0.2491 0.3459 0.2959 0.0143
99 0.1500 0.3008 0.4658 0.0597 0.0239
100 0.1969 0.0591 0.2690 0.4041 0.0707
101 0.2209 0.0633 0.2583 0.4534 0.0042
102 0.5244 0.0598 0.0477 0.3232 0.0448
103 0.1122 0.0359 0.2957 0.5439 0.0124
104 0.5078 0.2717 0.0848 0.1225 0.0130
105 0.1525 0.2827 0.2534 0.3008 0.0107
106 0.0396 0.0181 0.5815 0.1182 0.2424
107 0.2820 0.2527 0.2129 0.1697 0.0827
108 0.3281 0.1116 0.1433 0.3035 0.1134
109 0.3604 0.2118 0.3777 0.0245 0.0257
110 0.2213 0.0179 0.0067 0.7490 0.0052
111 0.0723 0.0467 0.5688 0.2996 0.0127
112 0.0461 0.0480 0.8438 0.0548 0.0074
113 0.1053 0.1373 0.2998 0.0900 0.3674
114 0.2299 0.1604 0.3191 0.2408 0.0497
115 0.4492 0.0668 0.0717 0.3843 0.0281
116 0.0517 0.0966 0.2076 0.6201 0.0240
117 0.1279 0.0776 0.2583 0.4980 0.0381
118 0.0546 0.0224 0.0184 0.9028 0.0017
119 0.2123 0.0493 0.0127 0.7236 0.0020
120 0.3091 0.1361 0.2059 0.3091 0.0399
121 0.3330 0.3491 0.0484 0.1489 0.1206
122 0.1659 0.1282 0.4653 0.2233 0.0173
123 0.3367 0.0618 0.1415 0.4392 0.0209
124 0.3574 0.0488 0.1898 0.3835 0.0203
125 0.4062 0.0825 0.3140 0.1720 0.0252
126 0.2957 0.2489 0.3147 0.1157 0.0252
127 0.4827 0.0406 0.1309 0.3369 0.0091
128 0.1350 0.0800 0.3340 0.4290 0.0222
129 0.1543 0.4360 0.2583 0.1416 0.0096
130 0.2937 0.1548 0.1366 0.3950 0.0200
131 0.2393 0.4871 0.1670 0.0771 0.0297
132 0.2515 0.0351 0.4626 0.2220 0.0287
133 0.1220 0.2749 0.5137 0.0668 0.0224
134 0.2310 0.0532 0.2383 0.4666 0.0110
135 0.2029 0.3506 0.2263 0.2094 0.0109
136 0.1960 0.0458 0.1434 0.5674 0.0473
137 0.2162 0.1737 0.1849 0.4102 0.0151
138 0.2213 0.1157 0.3794 0.2588 0.0248
139 0.0905 0.0767 0.0548 0.0667 0.7114
140 0.2981 0.1333 0.2250 0.3298 0.0137
141 0.2925 0.2207 0.2042 0.1948 0.0878
142 0.2935 0.1571 0.3198 0.2113 0.0185
143 0.4470 0.2230 0.2063 0.0479 0.0759
144 0.2869 0.1365 0.1398 0.4141 0.0230
145 0.0803 0.0681 0.1635 0.6826 0.0056
146 0.1362 0.0443 0.2886 0.5142 0.0168
147 0.4785 0.0485 0.1720 0.2727 0.0283
148 0.5562 0.0712 0.1682 0.1643 0.0403
149 0.4290 0.0831 0.2123 0.2260 0.0497
150 0.2156 0.1705 0.1873 0.4155 0.0110
151 0.1129 0.0921 0.6860 0.0988 0.0103
152 0.3306 0.1769 0.1797 0.2961 0.0167
153 0.4519 0.0536 0.1854 0.2202 0.0890
154 0.5435 0.1581 0.2178 0.0629 0.0180
155 0.0368 0.2783 0.5117 0.1715 0.0016
156 0.2074 0.3447 0.3728 0.0497 0.0256
157 0.6035 0.1797 0.1160 0.0677 0.0332
158 0.1787 0.2441 0.4421 0.0898 0.0452
159 0.1740 0.2693 0.4204 0.0999 0.0364
160 0.1995 0.2444 0.3967 0.1309 0.0287
161 0.3311 0.2460 0.1799 0.1931 0.0500
162 0.2108 0.1165 0.4128 0.2209 0.0390
163 0.1758 0.1677 0.4419 0.1327 0.0818
164 0.4297 0.2128 0.2842 0.0453 0.0281
165 0.2720 0.2203 0.2896 0.1337 0.0843
166 0.2026 0.0658 0.1788 0.5425 0.0102
167 0.2090 0.2900 0.2330 0.2462 0.0217
168 0.1250 0.1936 0.5181 0.1230 0.0403
169 0.3723 0.0222 0.2089 0.3286 0.0678
170 0.3213 0.0168 0.1448 0.4749 0.0425
171 0.1544 0.0471 0.2014 0.5830 0.0141
172 0.2520 0.4023 0.1704 0.1237 0.0516
173 0.2832 0.1026 0.2008 0.3579 0.0553
174 0.5317 0.1500 0.0961 0.1809 0.0410
175 0.4082 0.2021 0.2400 0.1116 0.0380
176 0.1973 0.0417 0.6675 0.0842 0.0096
177 0.1357 0.0693 0.2498 0.5371 0.0080
178 0.4592 0.0843 0.2457 0.2006 0.0101
179 0.3513 0.1149 0.3623 0.1633 0.0081
180 0.0844 0.0122 0.0580 0.8389 0.0064
181 0.3716 0.0651 0.2805 0.2698 0.0132
182 0.1434 0.0194 0.1539 0.6689 0.0144
183 0.5410 0.0883 0.1785 0.1841 0.0080
184 0.3411 0.0925 0.2698 0.2917 0.0047
185 0.3367 0.0104 0.1042 0.5381 0.0109
186 0.2314 0.0156 0.0751 0.6699 0.0079
187 0.2637 0.0488 0.1117 0.4927 0.0830
188 0.0489 0.1331 0.3191 0.4866 0.0125
189 0.1752 0.1954 0.1498 0.4688 0.0109
190 0.5029 0.1131 0.2651 0.1079 0.0109
191 0.5728 0.0270 0.1238 0.2581 0.0183
192 0.2448 0.1212 0.5264 0.0981 0.0096
193 0.4854 0.0540 0.2788 0.1731 0.0088
194 0.3408 0.0251 0.1133 0.4919 0.0289
195 0.5762 0.0532 0.1842 0.1730 0.0135
196 0.2554 0.0159 0.1958 0.5239 0.0091
197 0.1305 0.1703 0.2942 0.3718 0.0333
198 0.3491 0.0404 0.2438 0.3438 0.0230
199 0.3743 0.0671 0.1023 0.4241 0.0322
200 0.2311 0.0287 0.3362 0.3992 0.0049
201 0.1676 0.0616 0.5806 0.1479 0.0424
202 0.2683 0.0197 0.6045 0.1002 0.0074
203 0.1567 0.3701 0.3318 0.0685 0.0729
204 0.2083 0.2018 0.2937 0.2891 0.0071
205 0.4812 0.0829 0.1650 0.2439 0.0269
206 0.8340 0.0800 0.0292 0.0155 0.0415
207 0.4075 0.0391 0.1149 0.3950 0.0436
208 0.3291 0.0204 0.4863 0.1530 0.0113
209 0.3503 0.0517 0.3970 0.1919 0.0093
210 0.4207 0.0698 0.2217 0.1809 0.1072
211 0.0967 0.1724 0.5649 0.1417 0.0242
212 0.3398 0.0268 0.3093 0.3142 0.0099
213 0.2717 0.2271 0.4209 0.0656 0.0147
214 0.5244 0.1295 0.2617 0.0672 0.0171
215 0.2952 0.1044 0.2605 0.3193 0.0206
216 0.3066 0.0594 0.3584 0.2583 0.0173
217 0.1970 0.1214 0.1312 0.5439 0.0062
218 0.2067 0.2269 0.1796 0.3572 0.0298
219 0.2474 0.0430 0.3279 0.2362 0.1455
220 0.3550 0.0994 0.3232 0.2153 0.0070
221 0.2272 0.1467 0.1378 0.4810 0.0072
222 0.5542 0.0948 0.1829 0.1327 0.0352
223 0.1427 0.3789 0.3242 0.1362 0.0180
224 0.1544 0.3345 0.4363 0.0629 0.0119
225 0.4397 0.1230 0.2228 0.1617 0.0529
226 0.3125 0.1956 0.2759 0.1881 0.0280
227 0.2825 0.1388 0.2098 0.3054 0.0635
228 0.2769 0.1102 0.2947 0.2993 0.0187
229 0.2037 0.2830 0.2496 0.2310 0.0327
230 0.7407 0.0858 0.0618 0.0562 0.0554
231 0.7358 0.0852 0.0628 0.0594 0.0567
232 0.7280 0.0856 0.0662 0.0631 0.0570
233 0.7407 0.0858 0.0608 0.0558 0.0571
234 0.7407 0.0858 0.0608 0.0558 0.0571
235 0.7407 0.0858 0.0608 0.0558 0.0571
236 0.7407 0.0858 0.0608 0.0558 0.0571
237 0.7407 0.0858 0.0608 0.0558 0.0571
238 0.7407 0.0858 0.0608 0.0558 0.0571
239 0.7407 0.0858 0.0608 0.0558 0.0571
