time exciting_prob fearful_prob tense_prob sad_prob relaxing_prob
0 0.2037 0.2830 0.2496 0.2310 0.0327
1 0.2037 0.2830 0.2496 0.2310 0.0327
2 0.1316 0.1274 0.2742 0.4519 0.0149
3 0.0842 0.0767 0.3435 0.4695 0.0261
4 0.4094 0.4788 0.0381 0.0384 0.0352
5 0.7427 0.1556 0.0281 0.0252 0.0486
6 0.7988 0.0969 0.0265 0.0058 0.0720
7 0.6147 0.2158 0.0349 0.1119 0.0226
8 0.3601 0.2615 0.0383 0.3179 0.0223
9 0.1818 0.2262 0.0381 0.5469 0.0069
10 0.0591 0.1683 0.2908 0.4504 0.0311
11 0.0781 0.5640 0.0906 0.0648 0.2026
12 0.0355 0.7886 0.0831 0.0185 0.0745
13 0.0656 0.5625 0.3464 0.0202 0.0054
14 0.0314 0.7910 0.0901 0.0514 0.0361
15 0.0386 0.8794 0.0315 0.0215 0.0289
16 0.0461 0.7490 0.0534 0.1242 0.0273
17 0.0654 0.1429 0.2979 0.4761 0.0175
18 0.0208 0.9131 0.0430 0.0167 0.0064
19 0.0134 0.9209 0.0455 0.0113 0.0089
20 0.1809 0.6772 0.0430 0.0491 0.0498
21 0.2969 0.6094 0.0344 0.0119 0.0474
22 0.0367 0.9106 0.0397 0.0079 0.0052
23 0.0585 0.8198 0.0818 0.0222 0.0176
24 0.0540 0.8389 0.0824 0.0082 0.0166
25 0.0424 0.8584 0.0368 0.0338 0.0287
26 0.0198 0.9336 0.0241 0.0053 0.0172
27 0.0952 0.6260 0.0930 0.1646 0.0214
28 0.1283 0.6416 0.1810 0.0096 0.0395
29 0.1068 0.5732 0.1044 0.1628 0.0529
30 0.0687 0.8506 0.0651 0.0108 0.0049
31 0.1559 0.5977 0.1055 0.0861 0.0551
32 0.0803 0.7988 0.0597 0.0216 0.0398
33 0.0726 0.8247 0.0540 0.0149 0.0338
34 0.1104 0.7725 0.0610 0.0419 0.0144
35 0.0649 0.5786 0.1969 0.1375 0.0219
36 0.0351 0.7280 0.2021 0.0261 0.0088
37 0.0381 0.8545 0.0801 0.0202 0.0071
38 0.0651 0.7744 0.0503 0.0656 0.0444
39 0.0305 0.8516 0.0276 0.0641 0.0259
40 0.0557 0.8315 0.0291 0.0357 0.0477
41 0.0232 0.9253 0.0223 0.0201 0.0092
42 0.0291 0.7749 0.1841 0.0095 0.0023
43 0.0205 0.9219 0.0462 0.0079 0.0037
44 0.1260 0.5869 0.0820 0.0997 0.1053
45 0.0111 0.9502 0.0341 0.0014 0.0032
46 0.0653 0.6597 0.2505 0.0198 0.0047
47 0.0847 0.7910 0.0526 0.0629 0.0090
48 0.0624 0.8423 0.0591 0.0203 0.0160
49 0.0622 0.7939 0.1125 0.0276 0.0039
50 0.1084 0.7764 0.0608 0.0236 0.0308
51 0.1404 0.7471 0.0618 0.0214 0.0294
52 0.0714 0.7383 0.0410 0.0976 0.0518
53 0.0428 0.8462 0.0858 0.0130 0.0122
54 0.0398 0.9062 0.0346 0.0106 0.0085
55 0.1293 0.5747 0.2147 0.0665 0.0148
56 0.1175 0.5352 0.2864 0.0517 0.0094
57 0.1266 0.5371 0.1539 0.1691 0.0131
58 0.0086 0.8540 0.0723 0.0609 0.0039
59 0.0467 0.0670 0.4099 0.4646 0.0118
60 0.0842 0.0398 0.2515 0.6128 0.0119
61 0.0498 0.7373 0.1807 0.0204 0.0116
62 0.1175 0.6060 0.0649 0.0741 0.1373
63 0.1104 0.6655 0.1395 0.0795 0.0051
64 0.3032 0.3179 0.1727 0.1265 0.0797
65 0.1198 0.7222 0.0715 0.0480 0.0386
66 0.0851 0.6694 0.0812 0.0333 0.1309
67 0.0755 0.1305 0.2020 0.5757 0.0163
68 0.0787 0.1858 0.2206 0.4819 0.0331
69 0.0355 0.1643 0.3821 0.4131 0.0050
70 0.0387 0.0521 0.1818 0.7075 0.0198
71 0.2285 0.4915 0.0461 0.0356 0.1985
72 0.0654 0.4465 0.3645 0.1020 0.0217
73 0.0382 0.2167 0.3862 0.3518 0.0069
74 0.1512 0.2593 0.4016 0.1432 0.0444
75 0.2061 0.6445 0.0648 0.0559 0.0288
76 0.0776 0.5430 0.1250 0.1791 0.0753
77 0.0900 0.5469 0.1279 0.2192 0.0159
78 0.1561 0.5986 0.1586 0.0732 0.0136
79 0.1898 0.6323 0.1245 0.0444 0.0092
80 0.0107 0.5190 0.2339 0.2339 0.0025
81 0.0124 0.8198 0.0934 0.0632 0.0112
82 0.1554 0.3613 0.3289 0.1382 0.0161
83 0.1908 0.5269 0.0358 0.0093 0.2374
84 0.1059 0.7349 0.1010 0.0325 0.0255
85 0.0389 0.8257 0.0673 0.0424 0.0259
86 0.0481 0.7944 0.0825 0.0399 0.0352
87 0.0442 0.8403 0.0958 0.0084 0.0113
88 0.0671 0.5801 0.0709 0.2534 0.0282
89 0.0256 0.6006 0.2465 0.1146 0.0128
90 0.0494 0.4475 0.3379 0.1442 0.0209
91 0.0854 0.4878 0.3301 0.0875 0.0091
92 0.1210 0.6748 0.1164 0.0781 0.0094
93 0.1707 0.6294 0.1259 0.0706 0.0035
94 0.2301 0.5352 0.1203 0.0400 0.0747
95 0.0134 0.0963 0.1276 0.7573 0.0056
96 0.0983 0.4338 0.2673 0.1925 0.0079
97 0.0723 0.0690 0.2372 0.6060 0.0156
98 0.0613 0.8589 0.0571 0.0196 0.0030
99 0.2069 0.4663 0.2534 0.0636 0.0098
100 0.0801 0.6655 0.2229 0.0281 0.0033
101 0.0624 0.1148 0.3481 0.4541 0.0206
102 0.0375 0.3535 0.2795 0.3218 0.0075
103 0.1367 0.1064 0.2437 0.5000 0.0131
104 0.0317 0.2438 0.3230 0.3835 0.0182
105 0.0246 0.3506 0.4500 0.1735 0.0014
106 0.0422 0.1451 0.3123 0.4910 0.0094
107 0.0269 0.2910 0.4724 0.1879 0.0218
108 0.1207 0.4485 0.3308 0.0911 0.0089
109 0.0586 0.4949 0.1863 0.1984 0.0619
110 0.0733 0.1492 0.7007 0.0694 0.0075
111 0.0206 0.5493 0.4146 0.0119 0.0036
112 0.0396 0.6963 0.2351 0.0186 0.0104
113 0.0650 0.6670 0.2083 0.0388 0.0210
114 0.1002 0.1602 0.2057 0.5171 0.0170
115 0.1669 0.3020 0.2837 0.1183 0.1289
116 0.0479 0.1956 0.0429 0.6514 0.0625
117 0.0919 0.5581 0.0417 0.1930 0.1152
118 0.2128 0.2145 0.4946 0.0586 0.0195
119 0.0497 0.1790 0.3240 0.3848 0.0628
120 0.0596 0.1698 0.2394 0.4614 0.0697
121 0.0767 0.3464 0.4810 0.0767 0.0192
122 0.0685 0.4827 0.2793 0.1567 0.0128
123 0.0789 0.4829 0.1777 0.2467 0.0138
124 0.0389 0.3606 0.0580 0.5083 0.0341
125 0.0523 0.7993 0.1265 0.0184 0.0038
126 0.1385 0.5610 0.2510 0.0142 0.0350
127 0.1155 0.5913 0.2644 0.0165 0.0123
128 0.0703 0.5112 0.4043 0.0078 0.0063
129 0.1514 0.5713 0.1798 0.0249 0.0726
130 0.1254 0.5938 0.1206 0.0195 0.1410
131 0.0645 0.6216 0.1409 0.1621 0.0111
132 0.0343 0.7749 0.1367 0.0519 0.0024
133 0.1707 0.6191 0.0558 0.0554 0.0988
134 0.0856 0.6680 0.1016 0.1134 0.0315
135 0.1335 0.5493 0.2805 0.0206 0.0161
136 0.0953 0.6118 0.2323 0.0502 0.0100
137 0.0350 0.8745 0.0378 0.0399 0.0129
138 0.1744 0.5044 0.1002 0.1117 0.1091
139 0.0206 0.7988 0.0317 0.1169 0.0320
140 0.0704 0.7632 0.0837 0.0637 0.0190
141 0.0316 0.8228 0.0719 0.0596 0.0140
142 0.0651 0.7935 0.0496 0.0622 0.0296
143 0.0961 0.6777 0.0714 0.1124 0.0423
144 0.0673 0.7891 0.0914 0.0459 0.0063
145 0.0515 0.6377 0.2039 0.1001 0.0068
146 0.1846 0.5513 0.0604 0.1735 0.0304
147 0.0124 0.9722 0.0087 0.0039 0.0026
148 0.1665 0.6089 0.0884 0.0877 0.0485
149 0.0811 0.8389 0.0536 0.0202 0.0062
150 0.1497 0.3975 0.2817 0.1644 0.0066
151 0.1199 0.1553 0.5859 0.1026 0.0363
152 0.0091 0.0177 0.0591 0.9092 0.0049
153 0.0480 0.4517 0.2474 0.2289 0.0241
154 0.0151 0.9082 0.0567 0.0146 0.0056
155 0.0912 0.7520 0.0315 0.0558 0.0694
156 0.0186 0.0846 0.1351 0.7539 0.0079
157 0.1149 0.4688 0.3430 0.0461 0.0275
158 0.2673 0.2472 0.4407 0.0286 0.0161
159 0.0862 0.3689 0.3306 0.1688 0.0454
160 0.0401 0.7568 0.1216 0.0434 0.0380
161 0.1926 0.5576 0.1398 0.0737 0.0365
162 0.0643 0.7534 0.0614 0.0746 0.0463
163 0.0098 0.5215 0.0318 0.4255 0.0113
164 0.0411 0.7759 0.1017 0.0751 0.0062
165 0.0734 0.1832 0.4902 0.2390 0.0140
166 0.0428 0.7832 0.0653 0.0729 0.0358
167 0.1338 0.3872 0.3696 0.0987 0.0107
168 0.1131 0.1865 0.3596 0.3325 0.0084
169 0.1259 0.1360 0.2925 0.4060 0.0396
170 0.0897 0.0767 0.2219 0.5850 0.0269
171 0.2046 0.2710 0.3535 0.1619 0.0089
172 0.3198 0.3250 0.1633 0.1794 0.0126
173 0.0334 0.2247 0.4331 0.2886 0.0203
174 0.1465 0.3149 0.1488 0.1387 0.2512
175 0.0571 0.6235 0.0536 0.1412 0.1247
176 0.0437 0.8052 0.0842 0.0440 0.0230
177 0.0867 0.6357 0.0450 0.2112 0.0216
178 0.0800 0.6699 0.1060 0.0886 0.0558
179 0.0429 0.8418 0.0610 0.0334 0.0208
180 0.0475 0.5107 0.3298 0.0895 0.0223
181 0.0948 0.5762 0.2023 0.0837 0.0431
182 0.0467 0.1383 0.2974 0.3877 0.1299
183 0.0680 0.0807 0.4099 0.3792 0.0624
184 0.0574 0.4805 0.0302 0.3408 0.0910
185 0.0690 0.8545 0.0367 0.0222 0.0175
186 0.0407 0.8643 0.0365 0.0229 0.0357
187 0.1403 0.6284 0.0571 0.0793 0.0949
188 0.1433 0.4053 0.0499 0.2942 0.1074
189 0.0919 0.5762 0.0750 0.2328 0.0240
190 0.0503 0.2808 0.1134 0.5244 0.0310
191 0.1407 0.3884 0.3271 0.1332 0.0104
192 0.0378 0.8330 0.0781 0.0341 0.0169
193 0.0798 0.8320 0.0389 0.0132 0.0360
194 0.1901 0.4119 0.1144 0.0632 0.2205
195 0.1179 0.3154 0.4556 0.0862 0.0249
196 0.0116 0.9521 0.0081 0.0260 0.0021
197 0.1143 0.7568 0.0515 0.0671 0.0104
198 0.2129 0.6558 0.0990 0.0226 0.0097
199 0.0522 0.7612 0.1055 0.0610 0.0201
200 0.1494 0.6392 0.0825 0.0554 0.0734
201 0.1282 0.6309 0.1054 0.1022 0.0337
202 0.0789 0.7778 0.0989 0.0311 0.0131
203 0.2255 0.4246 0.1575 0.0458 0.1467
204 0.0774 0.4739 0.0584 0.3013 0.0891
205 0.1654 0.7358 0.0412 0.0349 0.0227
206 0.1360 0.7524 0.0481 0.0415 0.0219
207 0.0745 0.6958 0.1932 0.0296 0.0066
208 0.1262 0.2251 0.3486 0.2216 0.0784
209 0.1083 0.6284 0.1639 0.0584 0.0408
210 0.0528 0.6328 0.2559 0.0544 0.0041
211 0.0997 0.3169 0.2111 0.3479 0.0246
212 0.0585 0.0851 0.2971 0.5298 0.0294
213 0.0472 0.0778 0.2935 0.5659 0.0156
214 0.0398 0.0779 0.5327 0.3384 0.0113
215 0.0677 0.1189 0.1625 0.6035 0.0473
216 0.0272 0.4744 0.3469 0.1447 0.0068
217 0.0256 0.5347 0.0764 0.3398 0.0233
218 0.0478 0.6699 0.1654 0.0794 0.0375
219 0.0537 0.7075 0.0599 0.1449 0.0341
220 0.0781 0.7407 0.1027 0.0627 0.0156
221 0.0555 0.8408 0.0425 0.0311 0.0302
222 0.0882 0.7388 0.1283 0.0200 0.0249
223 0.0541 0.2108 0.3267 0.3818 0.0266
224 0.0903 0.6362 0.1794 0.0436 0.0502
225 0.0760 0.7925 0.0666 0.0056 0.0592
226 0.1451 0.0944 0.3374 0.3884 0.0345
227 0.1140 0.3123 0.3076 0.1925 0.0736
228 0.0522 0.2002 0.4172 0.3149 0.0154
229 0.0498 0.5195 0.1559 0.2571 0.0178
230 0.0961 0.1660 0.1141 0.5112 0.1124
231 0.2239 0.5454 0.0744 0.0672 0.0891
232 0.2031 0.3350 0.1176 0.2015 0.1429
233 0.3494 0.1650 0.2786 0.1550 0.0523
234 0.2634 0.3601 0.2849 0.0335 0.0583
235 0.2159 0.2605 0.1965 0.1776 0.1495
236 0.2542 0.3557 0.1068 0.0229 0.2603
237 0.3325 0.2050 0.0902 0.0573 0.3149
238 0.0609 0.3943 0.4609 0.0776 0.0061
239 0.0061 0.9624 0.0225 0.0063 0.0029
240 0.1245 0.6221 0.0635 0.1133 0.0767
241 0.0184 0.8096 0.0295 0.1353 0.0073
242 0.0657 0.5420 0.3286 0.0598 0.0039
243 0.1520 0.4983 0.2391 0.0770 0.0336
244 0.0709 0.1929 0.4553 0.2219 0.0588
245 0.0997 0.1428 0.1221 0.6108 0.0246
246 0.1335 0.7393 0.0869 0.0377 0.0028
247 0.1282 0.3948 0.3887 0.0840 0.0044
248 0.0415 0.7705 0.0590 0.1035 0.0256
249 0.1255 0.7168 0.1033 0.0503 0.0040
250 0.0589 0.1677 0.2722 0.4929 0.0085
251 0.1227 0.6040 0.2440 0.0057 0.0234
252 0.0790 0.1547 0.3325 0.4011 0.0329
253 0.0537 0.3501 0.1859 0.3904 0.0199
254 0.1246 0.6377 0.0862 0.0338 0.1179
255 0.0293 0.7603 0.1750 0.0302 0.0054
256 0.0457 0.1923 0.2754 0.4834 0.0033
257 0.0490 0.1021 0.5522 0.2910 0.0059
258 0.1895 0.5928 0.0909 0.0179 0.1088
259 0.0490 0.1194 0.1140 0.6763 0.0413
260 0.1414 0.7349 0.0739 0.0372 0.0127
261 0.0563 0.7075 0.0460 0.1803 0.0096
262 0.0414 0.4121 0.1801 0.3525 0.0139
263 0.0324 0.0869 0.2893 0.5664 0.0253
264 0.0297 0.1682 0.1104 0.6450 0.0467
265 0.2020 0.2849 0.2476 0.2325 0.0327
