time exciting_prob fearful_prob tense_prob sad_prob relaxing_prob
0 0.2390 0.3022 0.1982 0.1669 0.0936
1 0.1028 0.0952 0.1166 0.6606 0.0250
2 0.0815 0.3352 0.3796 0.1940 0.0098
3 0.1875 0.3477 0.2625 0.1904 0.0122
4 0.1378 0.1207 0.1742 0.5366 0.0310
5 0.2512 0.1714 0.3381 0.2067 0.0327
6 0.1299 0.4258 0.3069 0.1230 0.0145
7 0.1079 0.3003 0.2549 0.3298 0.0073
8 0.0895 0.2113 0.6309 0.0578 0.0104
9 0.0509 0.3589 0.4756 0.1061 0.0086
10 0.0497 0.5215 0.3938 0.0316 0.0035
11 0.0561 0.4773 0.4414 0.0163 0.0089
12 0.1109 0.3037 0.3135 0.2520 0.0200
13 0.1555 0.0669 0.1461 0.6060 0.0256
14 0.2455 0.4377 0.2534 0.0303 0.0332
15 0.0481 0.4121 0.4971 0.0210 0.0218
16 0.0438 0.2122 0.6958 0.0266 0.0219
17 0.0984 0.2324 0.2343 0.0075 0.4275
18 0.1064 0.2825 0.4807 0.0181 0.1124
19 0.0915 0.2585 0.4907 0.0207 0.1384
20 0.0647 0.5464 0.2834 0.0180 0.0878
21 0.1354 0.4685 0.3003 0.0125 0.0834
22 0.1823 0.3828 0.3225 0.0163 0.0961
23 0.0901 0.1282 0.7490 0.0212 0.0116
24 0.0401 0.1377 0.6997 0.1178 0.0049
25 0.0543 0.1674 0.7271 0.0506 0.0008
26 0.0757 0.6333 0.2683 0.0184 0.0043
27 0.1796 0.5977 0.1597 0.0305 0.0324
28 0.1174 0.5732 0.1951 0.0112 0.1028
29 0.1318 0.6543 0.1460 0.0205 0.0474
30 0.1259 0.6055 0.1875 0.0217 0.0595
31 0.0633 0.1860 0.2664 0.4326 0.0517
32 0.0419 0.5742 0.3428 0.0307 0.0106
33 0.1479 0.4053 0.2659 0.1217 0.0593
34 0.1212 0.4753 0.2883 0.0381 0.0770
35 0.1410 0.4731 0.2739 0.0203 0.0917
36 0.1517 0.3315 0.3999 0.0219 0.0950
37 0.1152 0.4924 0.3230 0.0583 0.0111
38 0.1229 0.5684 0.2644 0.0366 0.0078
39 0.1249 0.4641 0.3730 0.0126 0.0254
40 0.1842 0.5371 0.1664 0.0727 0.0395
41 0.1818 0.3560 0.2927 0.1279 0.0418
42 0.0822 0.1056 0.2455 0.5039 0.0630
43 0.0259 0.4966 0.4521 0.0184 0.0070
44 0.0794 0.5098 0.2563 0.0482 0.1061
45 0.0679 0.6812 0.1791 0.0116 0.0604
46 0.0497 0.4036 0.4294 0.0214 0.0958
47 0.0534 0.5112 0.3799 0.0111 0.0446
48 0.0703 0.5659 0.2200 0.0348 0.1089
49 0.1868 0.6621 0.1284 0.0104 0.0121
50 0.0992 0.6777 0.2051 0.0092 0.0087
51 0.0386 0.6680 0.2874 0.0051 0.0011
52 0.0721 0.4185 0.4087 0.0136 0.0870
53 0.0473 0.5244 0.3606 0.0544 0.0132
54 0.0563 0.5557 0.3215 0.0432 0.0235
55 0.1899 0.4282 0.2764 0.0786 0.0269
56 0.1649 0.2676 0.2761 0.2554 0.0359
57 0.1497 0.4331 0.2932 0.0242 0.0997
58 0.1738 0.1836 0.4912 0.0475 0.1038
59 0.0904 0.3989 0.3467 0.0843 0.0798
60 0.0380 0.0805 0.1652 0.6636 0.0528
61 0.1174 0.4980 0.1891 0.0363 0.1592
62 0.1222 0.0908 0.2546 0.5063 0.0260
63 0.1794 0.4617 0.2395 0.0154 0.1038
64 0.0690 0.5181 0.3218 0.0442 0.0467
65 0.0396 0.4287 0.4709 0.0435 0.0172
66 0.0699 0.2876 0.3779 0.1153 0.1492
67 0.2255 0.3521 0.2805 0.0985 0.0434
68 0.2827 0.4114 0.2656 0.0335 0.0066
69 0.1947 0.2878 0.3472 0.1505 0.0199
70 0.0233 0.4399 0.3535 0.0908 0.0922
71 0.0236 0.3806 0.4180 0.1041 0.0738
72 0.1356 0.5117 0.3201 0.0132 0.0194
73 0.0958 0.3042 0.4639 0.0508 0.0851
74 0.0834 0.5879 0.1464 0.0290 0.1533
75 0.0550 0.5640 0.3474 0.0092 0.0246
76 0.0336 0.4941 0.3672 0.0297 0.0752
77 0.0473 0.3872 0.4253 0.0164 0.1238
78 0.0459 0.2522 0.6963 0.0014 0.0045
79 0.5029 0.2432 0.1582 0.0777 0.0182
80 0.0660 0.2632 0.6362 0.0145 0.0200
81 0.3169 0.2979 0.1473 0.0629 0.1750
82 0.1582 0.4949 0.2671 0.0216 0.0582
83 0.3132 0.3335 0.2120 0.0905 0.0508
84 0.1005 0.3374 0.4199 0.0482 0.0937
85 0.1002 0.1731 0.5811 0.0270 0.1190
86 0.0692 0.5532 0.2612 0.1072 0.0093
87 0.0260 0.1223 0.5483 0.2471 0.0564
88 0.1764 0.4946 0.2318 0.0127 0.0846
89 0.1512 0.4807 0.3008 0.0116 0.0556
90 0.0343 0.1742 0.5708 0.2036 0.0170
91 0.0358 0.4099 0.4717 0.0664 0.0163
92 0.1288 0.2644 0.4258 0.1137 0.0674
93 0.0613 0.3530 0.5469 0.0180 0.0210
94 0.0892 0.3755 0.4424 0.0257 0.0673
95 0.0904 0.4590 0.3105 0.0698 0.0704
96 0.1081 0.4658 0.2003 0.0191 0.2067
97 0.0629 0.3538 0.4910 0.0284 0.0639
98 0.0654 0.4648 0.3374 0.0071 0.1251
99 0.0728 0.4673 0.3936 0.0133 0.0533
100 0.0379 0.2981 0.5928 0.0279 0.0433
101 0.0298 0.1809 0.7500 0.0197 0.0198
102 0.0840 0.2549 0.4761 0.0153 0.1698
103 0.0698 0.3892 0.4143 0.0178 0.1089
104 0.0376 0.5396 0.2935 0.1122 0.0170
105 0.1503 0.5083 0.2637 0.0411 0.0368
106 0.0850 0.4214 0.4629 0.0160 0.0149
107 0.1372 0.2485 0.2859 0.2905 0.0378
108 0.2001 0.3350 0.2866 0.1113 0.0670
109 0.0728 0.6533 0.2275 0.0294 0.0170
110 0.0864 0.5859 0.2009 0.0455 0.0812
111 0.1078 0.5737 0.2588 0.0378 0.0217
112 0.0598 0.5293 0.2900 0.0864 0.0344
113 0.0396 0.7021 0.1964 0.0497 0.0123
114 0.0529 0.5220 0.3879 0.0222 0.0147
115 0.0627 0.2856 0.5771 0.0516 0.0229
116 0.1445 0.4248 0.3577 0.0202 0.0528
117 0.1270 0.2646 0.1982 0.3269 0.0833
118 0.1637 0.4553 0.0918 0.0108 0.2783
119 0.0714 0.1354 0.3147 0.4302 0.0483
120 0.1044 0.5103 0.2627 0.0125 0.1104
121 0.0603 0.4932 0.3442 0.0119 0.0905
122 0.1254 0.2534 0.1345 0.0351 0.4517
123 0.0814 0.4299 0.3245 0.1462 0.0180
124 0.0558 0.1164 0.0921 0.6392 0.0965
125 0.0858 0.3669 0.1733 0.2369 0.1371
126 0.0179 0.6880 0.2491 0.0394 0.0054
127 0.0608 0.1627 0.3784 0.3904 0.0077
128 0.0677 0.2401 0.3718 0.3035 0.0170
129 0.0168 0.5190 0.2130 0.2451 0.0061
130 0.0163 0.6724 0.2715 0.0317 0.0083
131 0.0541 0.4673 0.4060 0.0272 0.0455
132 0.2081 0.4204 0.1488 0.0606 0.1621
133 0.2788 0.4631 0.0837 0.0386 0.1359
134 0.0814 0.2820 0.3855 0.0702 0.1807
135 0.0799 0.4668 0.3694 0.0504 0.0336
136 0.1608 0.4167 0.2866 0.0853 0.0506
137 0.0935 0.5684 0.1603 0.0283 0.1494
138 0.0933 0.2421 0.3206 0.3359 0.0081
139 0.0419 0.4871 0.3914 0.0724 0.0073
140 0.0770 0.4160 0.4224 0.0435 0.0412
141 0.3782 0.0898 0.2766 0.2404 0.0149
142 0.1255 0.6626 0.1116 0.0785 0.0221
143 0.0379 0.4202 0.2844 0.2357 0.0218
144 0.1074 0.4282 0.3838 0.0532 0.0276
145 0.0437 0.4021 0.5083 0.0263 0.0194
146 0.0986 0.5410 0.1562 0.1870 0.0169
147 0.1207 0.6177 0.1898 0.0427 0.0293
148 0.0273 0.3804 0.3574 0.2168 0.0181
149 0.0579 0.3892 0.3713 0.1754 0.0061
150 0.4087 0.0756 0.3389 0.1600 0.0166
151 0.0670 0.5654 0.1608 0.1954 0.0113
152 0.1434 0.4150 0.3159 0.0238 0.1017
153 0.2483 0.4788 0.1229 0.0328 0.1173
154 0.0953 0.5444 0.2341 0.0999 0.0265
155 0.2362 0.4810 0.1501 0.0641 0.0687
156 0.0484 0.6738 0.2517 0.0073 0.0188
157 0.0659 0.5825 0.1891 0.0358 0.1270
158 0.1400 0.4888 0.1990 0.0185 0.1538
159 0.0676 0.5977 0.2510 0.0506 0.0332
160 0.1633 0.3459 0.1647 0.0087 0.3174
161 0.0938 0.2214 0.1113 0.4009 0.1725
162 0.0542 0.4683 0.1805 0.1166 0.1805
163 0.0267 0.6982 0.2413 0.0214 0.0125
164 0.0304 0.3000 0.6064 0.0273 0.0359
165 0.0149 0.2720 0.5669 0.1346 0.0119
166 0.0053 0.5444 0.3625 0.0835 0.0043
167 0.0234 0.0731 0.7266 0.1753 0.0016
168 0.0717 0.5459 0.3186 0.0134 0.0504
169 0.0540 0.0919 0.5723 0.2788 0.0031
170 0.0394 0.2800 0.4651 0.0759 0.1396
171 0.0237 0.5103 0.4036 0.0321 0.0304
172 0.4148 0.4082 0.1116 0.0491 0.0162
173 0.2267 0.3171 0.2776 0.0573 0.1213
174 0.1057 0.3835 0.4214 0.0243 0.0651
175 0.0164 0.0912 0.2559 0.0780 0.5586
176 0.0782 0.5830 0.2195 0.0219 0.0974
177 0.1466 0.5039 0.1622 0.0198 0.1675
178 0.0164 0.0589 0.1266 0.0346 0.7637
179 0.1063 0.4109 0.2378 0.0464 0.1986
180 0.1080 0.2472 0.0703 0.0510 0.5234
181 0.1497 0.2588 0.1670 0.0765 0.3481
182 0.0343 0.3005 0.3054 0.0136 0.3459
183 0.0425 0.2334 0.2563 0.4097 0.0581
184 0.0646 0.3413 0.3523 0.1423 0.0994
185 0.0368 0.4771 0.3081 0.0842 0.0939
186 0.1191 0.4255 0.3813 0.0375 0.0366
187 0.1353 0.4136 0.3374 0.0237 0.0901
188 0.0568 0.5518 0.2605 0.0403 0.0908
189 0.1056 0.6470 0.1388 0.0192 0.0896
190 0.1487 0.4202 0.2047 0.0186 0.2080
191 0.1710 0.5742 0.1251 0.0284 0.1013
192 0.0715 0.5938 0.2219 0.0158 0.0969
193 0.1670 0.3853 0.2607 0.0375 0.1497
194 0.1329 0.5596 0.1875 0.0470 0.0729
195 0.2676 0.3984 0.1560 0.0221 0.1560
196 0.0188 0.6670 0.1794 0.0809 0.0539
197 0.0221 0.6348 0.1819 0.0669 0.0944
198 0.0229 0.5537 0.2874 0.0890 0.0469
199 0.2556 0.4248 0.1276 0.0392 0.1527
200 0.1842 0.4929 0.2311 0.0120 0.0798
201 0.0180 0.0591 0.1608 0.1738 0.5884
202 0.0680 0.3621 0.4648 0.0339 0.0713
203 0.0322 0.3105 0.1538 0.4451 0.0584
204 0.0335 0.6074 0.3054 0.0181 0.0354
205 0.0257 0.4114 0.5283 0.0148 0.0200
206 0.0833 0.2061 0.3398 0.0664 0.3044
207 0.0165 0.3855 0.2374 0.0510 0.3096
208 0.0899 0.6099 0.0892 0.0545 0.1566
209 0.0614 0.4194 0.3020 0.0788 0.1383
210 0.0530 0.4436 0.4231 0.0169 0.0634
211 0.0581 0.2142 0.1749 0.4980 0.0546
212 0.0116 0.4597 0.5127 0.0111 0.0046
213 0.0252 0.4602 0.4392 0.0609 0.0147
214 0.0734 0.5342 0.2793 0.0222 0.0907
215 0.2245 0.4500 0.1086 0.2045 0.0126
216 0.4443 0.2717 0.0447 0.2115 0.0278
217 0.2507 0.4070 0.0691 0.2527 0.0203
218 0.2350 0.4458 0.0751 0.2350 0.0093
219 0.3958 0.2615 0.1841 0.0291 0.1295
220 0.3906 0.3699 0.1077 0.0266 0.1052
221 0.3438 0.2849 0.2534 0.0278 0.0903
222 0.3572 0.2803 0.2084 0.0228 0.1313
223 0.2866 0.3918 0.2050 0.0342 0.0822
224 0.1713 0.3354 0.0882 0.3860 0.0191
225 0.2101 0.4211 0.1537 0.1663 0.0488
226 0.3064 0.4529 0.0885 0.0341 0.1182
227 0.1157 0.5879 0.2063 0.0221 0.0681
228 0.0856 0.5493 0.2678 0.0451 0.0519
229 0.2020 0.5161 0.2052 0.0348 0.0420
230 0.0457 0.7910 0.0908 0.0239 0.0486
231 0.0400 0.2737 0.3513 0.3149 0.0203
232 0.0717 0.3342 0.5513 0.0272 0.0158
233 0.2964 0.3464 0.2595 0.0178 0.0798
234 0.1362 0.4905 0.3452 0.0190 0.0092
235 0.0806 0.6338 0.2074 0.0700 0.0080
236 0.2605 0.4099 0.2625 0.0226 0.0446
237 0.1450 0.5225 0.1175 0.2062 0.0089
238 0.0869 0.1388 0.4341 0.3276 0.0125
239 0.0713 0.1140 0.2610 0.5190 0.0350
240 0.1044 0.7246 0.1483 0.0069 0.0160
241 0.1123 0.4548 0.2416 0.0201 0.1713
242 0.2039 0.3633 0.1143 0.0124 0.3059
243 0.2443 0.5093 0.1145 0.0229 0.1093
244 0.0832 0.7593 0.1259 0.0138 0.0179
245 0.1249 0.5596 0.1494 0.0190 0.1471
246 0.1072 0.5239 0.2515 0.0094 0.1081
247 0.0840 0.6069 0.2130 0.0260 0.0703
248 0.0340 0.6660 0.1242 0.1633 0.0123
249 0.0775 0.4224 0.4292 0.0155 0.0554
250 0.0673 0.6284 0.2275 0.0193 0.0575
251 0.0553 0.4153 0.4854 0.0149 0.0292
252 0.0691 0.4832 0.2429 0.1777 0.0271
253 0.1207 0.3518 0.1974 0.3105 0.0197
254 0.1030 0.4617 0.2957 0.0183 0.1213
255 0.1029 0.4333 0.3765 0.0136 0.0735
256 0.1116 0.3718 0.3928 0.0236 0.1001
257 0.1090 0.4587 0.3518 0.0377 0.0427
258 0.0684 0.1541 0.1516 0.6094 0.0168
259 0.0676 0.1954 0.2146 0.5068 0.0154
260 0.1338 0.4319 0.3782 0.0151 0.0408
261 0.0834 0.4370 0.3887 0.0105 0.0802
262 0.0746 0.3677 0.4297 0.0211 0.1070
263 0.0906 0.5054 0.3367 0.0489 0.0183
264 0.0782 0.2263 0.1555 0.5264 0.0137
265 0.0898 0.2993 0.4155 0.1815 0.0138
266 0.1020 0.3789 0.2605 0.2142 0.0446
267 0.0683 0.3284 0.5327 0.0511 0.0193
268 0.1346 0.2964 0.2401 0.2852 0.0437
269 0.0729 0.5430 0.3562 0.0226 0.0051
270 0.0419 0.6255 0.2649 0.0629 0.0051
271 0.1028 0.5962 0.2142 0.0659 0.0207
272 0.0417 0.5288 0.3157 0.0926 0.0211
273 0.0814 0.5474 0.2839 0.0378 0.0497
274 0.0477 0.5288 0.3635 0.0360 0.0238
275 0.0822 0.1254 0.2869 0.4109 0.0946
276 0.1039 0.3740 0.3352 0.0502 0.1366
277 0.0940 0.5122 0.2742 0.0243 0.0955
278 0.1105 0.4106 0.1823 0.2571 0.0394
