time exciting_prob fearful_prob tense_prob sad_prob relaxing_prob
0 0.2037 0.2830 0.2496 0.2310 0.0327
1 0.1110 0.7236 0.0699 0.0512 0.0445
2 0.1505 0.6001 0.0728 0.0260 0.1505
3 0.0767 0.7227 0.0570 0.0249 0.1188
4 0.0829 0.6680 0.1295 0.0197 0.1000
5 0.0701 0.6865 0.1332 0.0286 0.0814
6 0.0988 0.6387 0.1068 0.0489 0.1068
7 0.0757 0.6753 0.1052 0.0283 0.1155
8 0.0812 0.6538 0.1101 0.0341 0.1209
9 0.0889 0.6465 0.1252 0.0356 0.1039
10 0.1141 0.6465 0.0931 0.0440 0.1023
11 0.0920 0.7358 0.0489 0.0396 0.0838
12 0.1487 0.4690 0.1088 0.0670 0.2064
13 0.1196 0.5840 0.0976 0.0430 0.1559
14 0.0822 0.6265 0.0726 0.0472 0.1714
15 0.0571 0.5171 0.0689 0.2260 0.1307
16 0.0839 0.6860 0.0581 0.0452 0.1268
17 0.1096 0.6763 0.0685 0.0361 0.1096
18 0.0900 0.6812 0.0873 0.0314 0.1103
19 0.0591 0.7666 0.0874 0.0164 0.0703
20 0.0710 0.7583 0.0762 0.0240 0.0705
21 0.0890 0.7334 0.0621 0.0156 0.1000
22 0.0883 0.7563 0.0430 0.0293 0.0829
23 0.0750 0.7285 0.0774 0.0617 0.0575
24 0.0771 0.6934 0.0809 0.0373 0.1114
25 0.1024 0.6675 0.0461 0.0487 0.1356
26 0.0752 0.6753 0.0358 0.0509 0.1630
27 0.1157 0.5698 0.0526 0.0526 0.2096
28 0.0892 0.5547 0.0751 0.0673 0.2139
29 0.1202 0.5962 0.0701 0.0228 0.1906
30 0.0641 0.7002 0.0607 0.0622 0.1125
31 0.0574 0.8374 0.0330 0.0144 0.0579
32 0.0727 0.7695 0.0349 0.0421 0.0811
33 0.0511 0.8320 0.0557 0.0182 0.0431
34 0.1076 0.7241 0.0563 0.0432 0.0690
35 0.0819 0.6343 0.0418 0.0604 0.1816
36 0.0946 0.6567 0.0312 0.0543 0.1635
37 0.0951 0.5962 0.0846 0.0609 0.1631
38 0.1129 0.5825 0.0696 0.0370 0.1981
39 0.1063 0.6406 0.1131 0.0249 0.1149
40 0.1573 0.5405 0.1000 0.0472 0.1549
41 0.1096 0.5649 0.0860 0.0644 0.1750
42 0.0781 0.5684 0.1155 0.0537 0.1844
43 0.0525 0.7832 0.1011 0.0229 0.0405
44 0.0740 0.6602 0.1427 0.0161 0.1069
45 0.0500 0.7070 0.1101 0.0418 0.0912
46 0.0739 0.7007 0.0594 0.0756 0.0905
47 0.0984 0.6675 0.0862 0.0388 0.1089
48 0.0707 0.4797 0.0681 0.1038 0.2776
49 0.1232 0.5312 0.0854 0.0388 0.2214
50 0.1464 0.5439 0.1487 0.0423 0.1186
51 0.0761 0.5942 0.1456 0.0192 0.1649
52 0.1359 0.6089 0.0762 0.0298 0.1492
53 0.1705 0.5376 0.0346 0.0699 0.1873
54 0.1445 0.5674 0.0571 0.0287 0.2023
55 0.0718 0.7715 0.0378 0.0486 0.0701
56 0.1071 0.7495 0.1014 0.0096 0.0324
57 0.1423 0.6636 0.1588 0.0094 0.0261
58 0.0771 0.6714 0.1632 0.0282 0.0601
59 0.1076 0.6338 0.1859 0.0190 0.0537
60 0.0957 0.7471 0.1155 0.0142 0.0276
61 0.0616 0.7500 0.0731 0.0803 0.0348
62 0.0492 0.7056 0.0911 0.1216 0.0325
63 0.0991 0.6821 0.1006 0.1006 0.0176
64 0.0732 0.6885 0.1377 0.0720 0.0284
65 0.0354 0.7935 0.0823 0.0798 0.0092
66 0.0538 0.6060 0.1203 0.1877 0.0321
67 0.0744 0.5415 0.2722 0.0844 0.0276
68 0.0485 0.7944 0.0891 0.0508 0.0173
69 0.0716 0.7007 0.1075 0.0877 0.0325
70 0.0784 0.4653 0.2778 0.1252 0.0534
71 0.0696 0.4868 0.1342 0.2336 0.0758
72 0.1244 0.5576 0.1141 0.1648 0.0392
73 0.1443 0.6992 0.0583 0.0630 0.0351
74 0.0981 0.6499 0.1202 0.0551 0.0764
75 0.0898 0.6953 0.1317 0.0360 0.0470
76 0.0591 0.7603 0.1364 0.0271 0.0173
77 0.0943 0.7417 0.1174 0.0103 0.0361
78 0.0753 0.7363 0.1321 0.0277 0.0285
79 0.0463 0.7300 0.1654 0.0393 0.0193
80 0.0672 0.6890 0.0327 0.0721 0.1389
81 0.0739 0.5054 0.2747 0.0445 0.1018
82 0.0625 0.6987 0.0828 0.0968 0.0592
83 0.0664 0.5781 0.0801 0.0814 0.1937
84 0.0627 0.6001 0.1339 0.1349 0.0684
85 0.1247 0.6138 0.1127 0.0877 0.0612
86 0.0473 0.6689 0.0850 0.1327 0.0662
87 0.1031 0.7158 0.0359 0.0385 0.1064
88 0.1198 0.6685 0.0933 0.0308 0.0876
89 0.1412 0.2659 0.4592 0.1171 0.0166
90 0.1069 0.4863 0.3091 0.0900 0.0076
91 0.1444 0.5713 0.2382 0.0437 0.0025
92 0.0970 0.5894 0.2219 0.0767 0.0151
93 0.0543 0.5352 0.3511 0.0522 0.0071
94 0.0424 0.4893 0.3931 0.0694 0.0059
95 0.0544 0.2593 0.5156 0.1477 0.0228
96 0.0997 0.6304 0.0753 0.0497 0.1450
97 0.0624 0.7314 0.0450 0.0213 0.1396
98 0.0883 0.6084 0.0977 0.0421 0.1637
99 0.1046 0.6021 0.0620 0.0479 0.1836
100 0.0854 0.0687 0.1895 0.6313 0.0253
101 0.1528 0.5635 0.1296 0.0466 0.1075
102 0.2211 0.3879 0.1920 0.1340 0.0648
103 0.2455 0.5576 0.0499 0.0208 0.1263
104 0.1847 0.5264 0.0880 0.1300 0.0712
105 0.0640 0.3596 0.3596 0.1233 0.0938
106 0.0422 0.4197 0.3000 0.2178 0.0204
107 0.1576 0.4595 0.2898 0.0291 0.0641
108 0.1228 0.6587 0.0837 0.1136 0.0212
109 0.0508 0.3960 0.1306 0.4087 0.0141
110 0.0635 0.7158 0.1500 0.0503 0.0203
111 0.0590 0.7534 0.1438 0.0299 0.0140
112 0.1497 0.5518 0.1998 0.0735 0.0254
113 0.1639 0.4597 0.2349 0.1190 0.0225
114 0.0212 0.7246 0.1202 0.1060 0.0279
115 0.0297 0.7480 0.0387 0.1086 0.0746
116 0.0335 0.4385 0.1050 0.3013 0.1218
117 0.0637 0.5415 0.0683 0.2294 0.0971
118 0.0313 0.4419 0.0584 0.4282 0.0402
119 0.0481 0.5552 0.0421 0.2542 0.1003
120 0.0533 0.4229 0.0648 0.2998 0.1592
121 0.0674 0.6055 0.0568 0.1221 0.1483
122 0.1315 0.4482 0.0985 0.3035 0.0184
123 0.0823 0.3894 0.1016 0.4019 0.0247
124 0.1637 0.5806 0.1599 0.0726 0.0234
125 0.0791 0.4734 0.1586 0.2654 0.0236
126 0.1687 0.2235 0.5278 0.0220 0.0579
127 0.0595 0.5645 0.2930 0.0285 0.0546
128 0.0851 0.4094 0.4224 0.0142 0.0690
129 0.0239 0.7686 0.1854 0.0181 0.0042
130 0.0343 0.6680 0.0330 0.1855 0.0792
131 0.0420 0.5449 0.0220 0.3057 0.0855
132 0.0391 0.7046 0.0547 0.0731 0.1283
133 0.0723 0.6597 0.0509 0.0501 0.1669
134 0.0589 0.7065 0.1181 0.0346 0.0818
135 0.0787 0.7178 0.1528 0.0132 0.0377
136 0.1277 0.7017 0.0545 0.0292 0.0871
137 0.2542 0.3367 0.1566 0.1831 0.0695
138 0.2617 0.4521 0.2498 0.0120 0.0245
139 0.0623 0.4861 0.0695 0.3726 0.0096
140 0.1382 0.7021 0.0599 0.0653 0.0347
141 0.2563 0.5425 0.0533 0.1137 0.0341
142 0.0582 0.4041 0.0867 0.3918 0.0591
143 0.1881 0.5488 0.0835 0.0454 0.1344
144 0.2048 0.1387 0.0364 0.3767 0.2433
145 0.2524 0.4465 0.1120 0.1372 0.0517
146 0.0466 0.1267 0.0793 0.6846 0.0627
147 0.1737 0.4436 0.1322 0.1710 0.0795
148 0.1759 0.2703 0.3933 0.1075 0.0532
149 0.0612 0.6582 0.0956 0.1296 0.0553
150 0.1396 0.7915 0.0235 0.0293 0.0161
151 0.0268 0.6846 0.0884 0.0399 0.1602
152 0.0459 0.8530 0.0516 0.0250 0.0242
153 0.1650 0.5122 0.0492 0.0351 0.2383
154 0.0384 0.3909 0.3503 0.1604 0.0599
155 0.1804 0.5557 0.1876 0.0341 0.0422
156 0.0952 0.7974 0.0551 0.0284 0.0239
157 0.1179 0.6372 0.0761 0.0515 0.1170
158 0.0766 0.6465 0.2532 0.0089 0.0150
159 0.0392 0.7925 0.1294 0.0255 0.0135
160 0.0737 0.6216 0.0666 0.0903 0.1477
161 0.1431 0.5190 0.0692 0.1453 0.1233
162 0.0463 0.7476 0.1102 0.0415 0.0546
163 0.2231 0.2231 0.4800 0.0416 0.0322
164 0.0644 0.2710 0.4468 0.1892 0.0286
165 0.0674 0.3940 0.3093 0.2028 0.0266
166 0.1910 0.2651 0.0889 0.3740 0.0809
167 0.1752 0.3738 0.0457 0.2130 0.1924
168 0.1696 0.3267 0.0746 0.2930 0.1362
169 0.1592 0.5776 0.0833 0.1052 0.0746
170 0.1257 0.3584 0.3064 0.0949 0.1145
171 0.1307 0.5010 0.1528 0.1963 0.0190
172 0.2428 0.5137 0.1495 0.0604 0.0334
173 0.1874 0.5015 0.1615 0.0950 0.0545
174 0.2603 0.4094 0.1052 0.1831 0.0418
175 0.1758 0.6528 0.0912 0.0532 0.0269
176 0.2695 0.3740 0.0881 0.1794 0.0889
177 0.2065 0.5073 0.1115 0.0822 0.0924
178 0.3035 0.2598 0.0500 0.1189 0.2678
179 0.2749 0.4192 0.1220 0.1506 0.0334
180 0.1240 0.4197 0.0833 0.3167 0.0563
181 0.1592 0.2563 0.0321 0.4497 0.1027
182 0.2314 0.5552 0.1137 0.0701 0.0294
183 0.0864 0.0786 0.1256 0.6899 0.0196
184 0.1085 0.5684 0.1438 0.0399 0.1393
185 0.1274 0.7051 0.0726 0.0251 0.0698
186 0.0749 0.5845 0.2438 0.0749 0.0218
187 0.1114 0.6875 0.0828 0.0400 0.0784
188 0.1919 0.0838 0.1566 0.5215 0.0463
189 0.1151 0.7217 0.0602 0.0862 0.0171
190 0.1931 0.4185 0.1527 0.2040 0.0318
191 0.2183 0.2003 0.1015 0.4014 0.0784
192 0.2302 0.3376 0.0887 0.2979 0.0457
193 0.0989 0.0900 0.0735 0.7192 0.0186
194 0.1020 0.0690 0.1351 0.6650 0.0288
195 0.0411 0.1479 0.0536 0.7285 0.0289
196 0.0616 0.1444 0.0621 0.6782 0.0540
197 0.1040 0.6323 0.1032 0.0890 0.0715
198 0.1018 0.5635 0.0878 0.1732 0.0739
199 0.1096 0.6309 0.0615 0.1418 0.0564
200 0.1124 0.4734 0.2068 0.1884 0.0191
201 0.0554 0.7295 0.1307 0.0632 0.0212
202 0.1417 0.5264 0.1593 0.0859 0.0866
203 0.0458 0.4248 0.4053 0.1041 0.0202
204 0.1382 0.4824 0.2010 0.0892 0.0892
205 0.1044 0.6348 0.1383 0.0490 0.0735
206 0.0563 0.8076 0.0728 0.0405 0.0226
207 0.0657 0.5898 0.2347 0.0652 0.0444
208 0.0574 0.7046 0.1523 0.0410 0.0447
209 0.0747 0.5347 0.2195 0.1231 0.0479
210 0.1436 0.5171 0.1887 0.0434 0.1075
211 0.1166 0.6016 0.1709 0.0609 0.0501
212 0.1323 0.6514 0.1064 0.0510 0.0587
213 0.0491 0.7158 0.0910 0.0889 0.0552
214 0.0429 0.7085 0.1138 0.0654 0.0696
215 0.0370 0.6821 0.1088 0.1122 0.0601
216 0.0743 0.2473 0.1809 0.2759 0.2217
217 0.0493 0.5059 0.1506 0.2389 0.0554
218 0.0676 0.6470 0.1525 0.0726 0.0606
219 0.0695 0.2544 0.1183 0.4395 0.1183
220 0.1777 0.7197 0.0326 0.0171 0.0529
221 0.1925 0.6265 0.0391 0.0322 0.1097
222 0.0559 0.6709 0.1406 0.0605 0.0724
223 0.1545 0.6406 0.0681 0.1021 0.0348
224 0.1150 0.3379 0.1224 0.3889 0.0356
225 0.0588 0.1650 0.0553 0.6426 0.0786
226 0.0727 0.7280 0.0417 0.0744 0.0830
227 0.0589 0.6436 0.0524 0.1083 0.1370
228 0.0602 0.7441 0.0413 0.0310 0.1234
229 0.0679 0.1847 0.1416 0.5347 0.0712
230 0.0847 0.2064 0.1851 0.4043 0.1195
231 0.1985 0.4104 0.2690 0.0426 0.0795
232 0.0839 0.2502 0.2793 0.3315 0.0550
233 0.0724 0.6157 0.2000 0.0530 0.0587
234 0.2416 0.3408 0.1796 0.1882 0.0499
235 0.2612 0.5034 0.0535 0.1377 0.0440
236 0.1904 0.4094 0.2881 0.0355 0.0764
237 0.1305 0.4314 0.3059 0.0843 0.0480
238 0.0820 0.1696 0.1406 0.5474 0.0605
239 0.1074 0.1423 0.1827 0.5542 0.0135
240 0.0557 0.3306 0.0836 0.4963 0.0338
241 0.2283 0.4575 0.1710 0.0248 0.1184
242 0.1608 0.3298 0.1167 0.2529 0.1396
243 0.1183 0.2749 0.5386 0.0369 0.0313
244 0.1903 0.3499 0.3843 0.0222 0.0533
245 0.1677 0.4282 0.1704 0.1871 0.0466
246 0.0956 0.4087 0.3782 0.0948 0.0227
247 0.1851 0.3027 0.3101 0.1808 0.0214
248 0.2559 0.2205 0.2898 0.1992 0.0346
249 0.0333 0.1306 0.7754 0.0411 0.0194
250 0.0393 0.3699 0.3999 0.1720 0.0190
251 0.0545 0.2292 0.5249 0.1246 0.0667
252 0.1130 0.5024 0.2820 0.0629 0.0397
253 0.0199 0.2998 0.2688 0.3911 0.0204
254 0.0403 0.3218 0.3071 0.2976 0.0334
255 0.1570 0.6660 0.1272 0.0307 0.0190
256 0.1927 0.5938 0.1274 0.0651 0.0208
257 0.3521 0.4050 0.2135 0.0174 0.0120
258 0.3081 0.4846 0.1586 0.0213 0.0273
259 0.2463 0.4939 0.1860 0.0326 0.0412
260 0.2073 0.5952 0.1277 0.0421 0.0276
261 0.1300 0.7656 0.0696 0.0160 0.0189
262 0.0848 0.7153 0.1214 0.0483 0.0302
263 0.1112 0.6606 0.1417 0.0649 0.0217
264 0.1147 0.6553 0.0753 0.1281 0.0268
265 0.1636 0.6030 0.1467 0.0552 0.0312
266 0.1442 0.2451 0.1608 0.3918 0.0582
267 0.2037 0.2830 0.2496 0.2310 0.0327
