time exciting_prob fearful_prob tense_prob sad_prob relaxing_prob
0 0.1393 0.1136 0.2296 0.4785 0.0390
1 0.1766 0.1465 0.2233 0.4238 0.0298
2 0.1704 0.1678 0.2330 0.4089 0.0199
3 0.0466 0.2312 0.4387 0.2620 0.0217
4 0.2942 0.1083 0.5244 0.0441 0.0287
5 0.0323 0.0988 0.7075 0.1554 0.0062
6 0.0417 0.0897 0.7993 0.0636 0.0056
7 0.0627 0.4636 0.3237 0.1392 0.0108
8 0.0428 0.6899 0.2039 0.0575 0.0060
9 0.0627 0.5293 0.3313 0.0618 0.0149
10 0.0672 0.3306 0.5283 0.0612 0.0126
11 0.2517 0.3232 0.1960 0.1479 0.0811
12 0.0582 0.1251 0.3564 0.3975 0.0629
13 0.2153 0.1992 0.3606 0.1199 0.1050
14 0.1810 0.3328 0.3328 0.0778 0.0754
15 0.4141 0.1215 0.1926 0.1987 0.0731
16 0.2734 0.1969 0.2568 0.2163 0.0564
17 0.1509 0.1696 0.3914 0.2229 0.0654
18 0.1510 0.1105 0.3457 0.3796 0.0129
19 0.0704 0.1295 0.2458 0.5044 0.0499
20 0.1166 0.3706 0.1724 0.2627 0.0777
21 0.1122 0.0916 0.5186 0.2568 0.0209
22 0.1431 0.1365 0.4270 0.2433 0.0502
23 0.2524 0.1373 0.4502 0.0866 0.0735
24 0.2103 0.2537 0.3691 0.0779 0.0891
25 0.2832 0.1801 0.3311 0.1665 0.0392
26 0.0627 0.0751 0.7520 0.0956 0.0144
27 0.3201 0.1837 0.4045 0.0640 0.0277
28 0.3989 0.1400 0.3157 0.0786 0.0667
29 0.1549 0.1367 0.4482 0.2290 0.0310
30 0.0529 0.1791 0.5020 0.2126 0.0533
31 0.2559 0.2240 0.4387 0.0448 0.0366
32 0.0660 0.3682 0.4802 0.0737 0.0118
33 0.1214 0.0373 0.8042 0.0206 0.0167
34 0.1626 0.0399 0.7290 0.0402 0.0285
35 0.1782 0.0468 0.7441 0.0137 0.0170
36 0.1365 0.0917 0.7324 0.0194 0.0201
37 0.4417 0.1033 0.3835 0.0098 0.0616
38 0.2122 0.0799 0.6689 0.0190 0.0202
39 0.1191 0.0422 0.7954 0.0264 0.0168
40 0.0950 0.1874 0.5093 0.1934 0.0149
41 0.1580 0.1193 0.5776 0.1155 0.0294
42 0.2216 0.0748 0.6665 0.0275 0.0097
43 0.3213 0.1859 0.4495 0.0323 0.0110
44 0.0499 0.0447 0.7925 0.0977 0.0153
45 0.1107 0.0889 0.7334 0.0472 0.0199
46 0.2866 0.1233 0.5566 0.0208 0.0126
47 0.2769 0.1382 0.4861 0.0812 0.0177
48 0.1501 0.1586 0.5620 0.0715 0.0579
49 0.1074 0.1025 0.5161 0.2477 0.0261
50 0.2029 0.1028 0.5059 0.1749 0.0135
51 0.1581 0.1281 0.6157 0.0894 0.0086
52 0.1526 0.0548 0.6528 0.0876 0.0523
53 0.0578 0.0655 0.8228 0.0342 0.0197
54 0.1740 0.0560 0.7383 0.0253 0.0065
55 0.1741 0.1215 0.4883 0.1714 0.0447
56 0.2935 0.0241 0.6719 0.0070 0.0034
57 0.2457 0.0597 0.6035 0.0709 0.0203
58 0.1214 0.1333 0.6362 0.0461 0.0630
59 0.1595 0.0650 0.5317 0.2216 0.0223
60 0.4348 0.0941 0.3333 0.0891 0.0488
61 0.1930 0.0926 0.2764 0.4214 0.0167
62 0.1918 0.1517 0.3997 0.2350 0.0220
63 0.2727 0.0695 0.5420 0.0865 0.0292
64 0.0529 0.0638 0.7363 0.1428 0.0039
65 0.2062 0.1907 0.5430 0.0319 0.0283
66 0.1670 0.1028 0.6304 0.0833 0.0167
67 0.1273 0.1674 0.6567 0.0414 0.0072
68 0.5898 0.0732 0.2681 0.0523 0.0166
69 0.3679 0.1322 0.4336 0.0362 0.0300
70 0.0634 0.1204 0.7373 0.0730 0.0058
71 0.1775 0.0838 0.6245 0.1102 0.0042
72 0.2018 0.0461 0.5483 0.1956 0.0082
73 0.2993 0.0787 0.5767 0.0246 0.0208
74 0.2539 0.0733 0.6138 0.0289 0.0303
75 0.1566 0.0292 0.7832 0.0215 0.0095
76 0.2474 0.0539 0.6318 0.0519 0.0149
77 0.2781 0.0828 0.5884 0.0351 0.0154
78 0.3513 0.1063 0.5273 0.0066 0.0087
79 0.2448 0.1997 0.2317 0.3044 0.0193
80 0.3804 0.1304 0.3923 0.0785 0.0184
81 0.1653 0.0415 0.7412 0.0402 0.0120
82 0.2372 0.0517 0.6704 0.0242 0.0165
83 0.3350 0.1923 0.4104 0.0367 0.0258
84 0.1304 0.0606 0.5156 0.2717 0.0218
85 0.1348 0.1716 0.5542 0.0830 0.0566
86 0.1160 0.1942 0.5444 0.1254 0.0198
87 0.3677 0.1807 0.4333 0.0114 0.0069
88 0.2412 0.1750 0.4758 0.0670 0.0409
89 0.4016 0.0597 0.4277 0.0641 0.0469
90 0.5498 0.0978 0.2830 0.0414 0.0282
91 0.2129 0.1865 0.5479 0.0297 0.0228
92 0.1847 0.0989 0.3396 0.2998 0.0770
93 0.1945 0.1295 0.3633 0.2742 0.0386
94 0.0721 0.4148 0.3386 0.1599 0.0148
95 0.2593 0.4622 0.1782 0.0737 0.0265
96 0.2302 0.3916 0.3247 0.0345 0.0190
97 0.3101 0.2737 0.3149 0.0797 0.0218
98 0.2236 0.3806 0.2069 0.0897 0.0992
99 0.1659 0.5439 0.1793 0.0468 0.0640
100 0.0506 0.5396 0.3887 0.0109 0.0101
101 0.2164 0.2651 0.4441 0.0233 0.0510
102 0.0731 0.1523 0.5483 0.2114 0.0147
103 0.1553 0.1482 0.5171 0.1705 0.0088
104 0.1143 0.0451 0.3630 0.4663 0.0113
105 0.1886 0.1915 0.2922 0.2703 0.0575
106 0.1201 0.1494 0.3999 0.2107 0.1201
107 0.1220 0.1449 0.6914 0.0294 0.0123
108 0.2076 0.1593 0.2013 0.3425 0.0894
109 0.2251 0.0587 0.6934 0.0188 0.0040
110 0.1007 0.0797 0.8042 0.0108 0.0045
111 0.1473 0.0929 0.7363 0.0163 0.0070
112 0.1073 0.1388 0.7388 0.0106 0.0043
113 0.2776 0.2128 0.4038 0.0670 0.0391
114 0.0931 0.1097 0.7676 0.0206 0.0090
115 0.1083 0.1772 0.6899 0.0197 0.0047
116 0.0726 0.0491 0.7334 0.1378 0.0069
117 0.0692 0.2034 0.6670 0.0539 0.0066
118 0.1327 0.1218 0.6182 0.1002 0.0270
119 0.1545 0.0901 0.7036 0.0345 0.0169
120 0.1887 0.3135 0.4492 0.0328 0.0159
121 0.1799 0.1083 0.6138 0.0448 0.0532
122 0.0383 0.3206 0.5986 0.0417 0.0008
123 0.0684 0.1083 0.6284 0.1589 0.0360
124 0.0326 0.3193 0.5435 0.0908 0.0140
125 0.0754 0.0924 0.6025 0.2217 0.0077
126 0.1763 0.0758 0.5303 0.1592 0.0586
127 0.3274 0.1547 0.3828 0.0895 0.0457
128 0.1279 0.0706 0.5176 0.2603 0.0233
129 0.3318 0.0685 0.4194 0.1372 0.0432
130 0.1707 0.0628 0.6694 0.0712 0.0258
131 0.1160 0.1031 0.4146 0.3518 0.0146
132 0.2076 0.2109 0.5020 0.0674 0.0122
133 0.2307 0.2615 0.3926 0.0804 0.0349
134 0.1327 0.1458 0.2188 0.4854 0.0175
135 0.2145 0.3374 0.2671 0.1658 0.0152
136 0.4688 0.0834 0.2469 0.1924 0.0087
137 0.2206 0.2008 0.5630 0.0039 0.0117
138 0.2603 0.0825 0.6240 0.0256 0.0077
139 0.3083 0.0677 0.5127 0.0856 0.0257
140 0.1528 0.1010 0.6636 0.0431 0.0396
141 0.0267 0.1387 0.6719 0.1621 0.0008
142 0.3049 0.1194 0.5107 0.0165 0.0482
143 0.0459 0.4602 0.3640 0.1085 0.0215
144 0.1699 0.0665 0.1063 0.3542 0.3030
145 0.0994 0.0445 0.8394 0.0141 0.0027
146 0.1727 0.1187 0.6831 0.0192 0.0061
147 0.0865 0.1102 0.7241 0.0438 0.0355
148 0.4629 0.1074 0.3284 0.0544 0.0469
149 0.1008 0.3008 0.3572 0.1598 0.0816
150 0.0222 0.8062 0.1538 0.0137 0.0042
151 0.1467 0.5044 0.3059 0.0117 0.0315
152 0.0483 0.7383 0.1476 0.0234 0.0426
153 0.0545 0.7637 0.1527 0.0236 0.0054
154 0.0563 0.7358 0.1361 0.0412 0.0304
155 0.1035 0.3936 0.3528 0.1085 0.0418
156 0.1183 0.4678 0.2927 0.0643 0.0568
157 0.1140 0.5972 0.2776 0.0022 0.0094
158 0.0609 0.5298 0.3164 0.0826 0.0102
159 0.0287 0.6577 0.2498 0.0548 0.0089
160 0.0635 0.4653 0.2268 0.1852 0.0592
161 0.0098 0.7676 0.1970 0.0251 0.0007
162 0.2361 0.5889 0.0666 0.0124 0.0961
163 0.4861 0.1995 0.1615 0.1085 0.0445
164 0.7754 0.0617 0.1423 0.0134 0.0073
165 0.0752 0.4229 0.3616 0.1052 0.0352
166 0.0952 0.3794 0.3347 0.0490 0.1417
167 0.1044 0.5913 0.2544 0.0384 0.0117
168 0.1227 0.6182 0.1718 0.0167 0.0705
169 0.2145 0.2319 0.3650 0.1232 0.0654
170 0.5630 0.1976 0.1731 0.0048 0.0612
171 0.1805 0.1261 0.5562 0.0981 0.0391
172 0.0731 0.6221 0.0869 0.0606 0.1572
173 0.0627 0.6904 0.1470 0.0520 0.0481
174 0.0432 0.1102 0.7471 0.0262 0.0734
175 0.1250 0.0936 0.1791 0.2318 0.3704
176 0.1527 0.1171 0.2700 0.1771 0.2830
177 0.4480 0.1853 0.0969 0.2634 0.0064
178 0.5967 0.2264 0.1104 0.0609 0.0057
179 0.1385 0.1510 0.5190 0.1396 0.0518
180 0.1569 0.1061 0.5063 0.1952 0.0356
181 0.2198 0.0760 0.2452 0.4304 0.0286
182 0.1449 0.2175 0.2426 0.3643 0.0308
183 0.1874 0.3237 0.3447 0.0512 0.0928
184 0.6597 0.1249 0.0892 0.0958 0.0306
185 0.3359 0.2700 0.3689 0.0110 0.0142
186 0.0424 0.4348 0.4150 0.0227 0.0850
187 0.3230 0.3035 0.2186 0.1285 0.0263
188 0.5464 0.2769 0.1426 0.0163 0.0180
189 0.5557 0.0958 0.2078 0.1300 0.0106
190 0.2006 0.2783 0.2761 0.1755 0.0693
191 0.3438 0.3745 0.2052 0.0093 0.0671
192 0.3879 0.4131 0.1174 0.0384 0.0432
193 0.4375 0.4375 0.0682 0.0273 0.0293
194 0.1262 0.5483 0.1956 0.0596 0.0703
195 0.1770 0.5713 0.1444 0.0732 0.0341
196 0.1683 0.3245 0.3323 0.0901 0.0847
197 0.1260 0.2566 0.5225 0.0331 0.0619
198 0.2576 0.2700 0.3467 0.1066 0.0191
199 0.3169 0.2281 0.4197 0.0231 0.0121
200 0.1488 0.2532 0.4443 0.1273 0.0263
201 0.1478 0.3833 0.4080 0.0544 0.0065
202 0.4587 0.2849 0.1942 0.0232 0.0388
203 0.1019 0.4031 0.1393 0.3447 0.0107
204 0.0939 0.1989 0.4275 0.2761 0.0036
205 0.2805 0.2637 0.4211 0.0199 0.0146
206 0.3745 0.4048 0.2036 0.0103 0.0068
207 0.1565 0.1084 0.4856 0.2025 0.0470
208 0.0279 0.3877 0.3477 0.2280 0.0087
209 0.0523 0.0621 0.8711 0.0119 0.0027
210 0.0451 0.6187 0.0963 0.1976 0.0424
211 0.0329 0.2605 0.6865 0.0169 0.0031
212 0.3411 0.3035 0.2874 0.0202 0.0480
213 0.2664 0.2108 0.4326 0.0425 0.0478
214 0.1071 0.4993 0.3711 0.0143 0.0083
215 0.4932 0.2681 0.1902 0.0292 0.0193
216 0.2054 0.3083 0.0607 0.0448 0.3809
217 0.1267 0.2991 0.0844 0.0371 0.4526
218 0.3557 0.4192 0.1964 0.0195 0.0094
219 0.4072 0.2842 0.2866 0.0128 0.0091
220 0.1155 0.5557 0.3164 0.0112 0.0013
221 0.0515 0.1466 0.2698 0.5278 0.0043
