time exciting_prob fearful_prob tense_prob sad_prob relaxing_prob
0 0.2037 0.2830 0.2496 0.2310 0.0327
1 0.0726 0.0863 0.2458 0.5806 0.0148
2 0.1882 0.1466 0.1942 0.4375 0.0335
3 0.6235 0.0963 0.1296 0.1033 0.0473
4 0.2905 0.0467 0.0643 0.5688 0.0297
5 0.1541 0.0632 0.0831 0.6489 0.0508
6 0.2072 0.0451 0.0540 0.6582 0.0354
7 0.2264 0.0490 0.0713 0.6060 0.0471
8 0.8794 0.0296 0.0124 0.0562 0.0224
9 0.8740 0.0283 0.0126 0.0609 0.0242
10 0.8931 0.0218 0.0164 0.0466 0.0220
11 0.8726 0.0253 0.0174 0.0485 0.0363
12 0.0555 0.0211 0.2062 0.6450 0.0724
13 0.2266 0.0279 0.2000 0.4165 0.1290
14 0.1647 0.0241 0.0961 0.6724 0.0430
15 0.0835 0.0159 0.0976 0.7920 0.0108
16 0.2034 0.4443 0.2781 0.0692 0.0051
17 0.1375 0.3098 0.3977 0.1440 0.0109
18 0.0784 0.2571 0.4956 0.1660 0.0031
19 0.0670 0.2568 0.6455 0.0282 0.0023
20 0.0773 0.0773 0.0715 0.7505 0.0236
21 0.0999 0.2083 0.4841 0.1837 0.0241
22 0.2222 0.4558 0.2103 0.1041 0.0077
23 0.1431 0.1753 0.1186 0.5356 0.0273
24 0.1432 0.1015 0.2532 0.4768 0.0255
25 0.3411 0.1235 0.2400 0.2849 0.0105
26 0.1155 0.2996 0.3042 0.2644 0.0163
27 0.0948 0.4929 0.2988 0.1108 0.0026
28 0.1183 0.3645 0.4465 0.0648 0.0058
29 0.0460 0.1340 0.1270 0.6812 0.0120
30 0.0618 0.0913 0.7295 0.1154 0.0021
31 0.0754 0.1302 0.2510 0.5151 0.0286
32 0.2101 0.5039 0.2418 0.0362 0.0080
33 0.1118 0.0372 0.3843 0.4492 0.0174
34 0.1421 0.0451 0.2534 0.5283 0.0312
35 0.1318 0.2542 0.2465 0.3584 0.0090
36 0.1051 0.0320 0.6440 0.2058 0.0133
37 0.0753 0.2710 0.6108 0.0412 0.0019
38 0.4321 0.2173 0.1802 0.1393 0.0311
39 0.1466 0.0220 0.2869 0.5117 0.0330
40 0.1415 0.0463 0.4192 0.3757 0.0174
41 0.0809 0.0917 0.2378 0.5444 0.0454
42 0.2211 0.0550 0.3372 0.3760 0.0109
43 0.0332 0.0388 0.1794 0.7324 0.0162
44 0.0947 0.0784 0.1489 0.6675 0.0108
45 0.1025 0.3413 0.2920 0.1785 0.0856
46 0.0305 0.0721 0.1326 0.7627 0.0021
47 0.1320 0.1935 0.3643 0.2974 0.0131
48 0.0760 0.0135 0.3801 0.5195 0.0107
49 0.1202 0.1184 0.5063 0.2467 0.0082
50 0.1539 0.0553 0.6382 0.1359 0.0167
51 0.1741 0.1294 0.1661 0.4731 0.0574
52 0.0388 0.1245 0.1151 0.7051 0.0164
53 0.1003 0.0369 0.6045 0.2482 0.0100
54 0.2437 0.0687 0.3203 0.3462 0.0213
55 0.4348 0.2742 0.0662 0.2070 0.0178
56 0.0470 0.5381 0.3213 0.0879 0.0055
57 0.0375 0.2407 0.1761 0.5342 0.0115
58 0.0999 0.0151 0.1837 0.6934 0.0078
59 0.1884 0.1099 0.1032 0.5801 0.0182
60 0.1700 0.1187 0.4409 0.2115 0.0587
61 0.0899 0.1566 0.1948 0.4749 0.0838
62 0.2454 0.0630 0.3103 0.3406 0.0407
63 0.1194 0.0990 0.3794 0.3735 0.0286
64 0.1453 0.1499 0.4619 0.1243 0.1186
65 0.2500 0.0549 0.2424 0.4253 0.0272
66 0.6973 0.1670 0.0568 0.0624 0.0164
67 0.3591 0.0582 0.1184 0.4006 0.0638
68 0.3040 0.1208 0.1931 0.3337 0.0485
69 0.1327 0.1704 0.3389 0.3389 0.0191
70 0.1746 0.0668 0.1058 0.5210 0.1317
71 0.1755 0.5493 0.1142 0.1433 0.0178
72 0.5903 0.1505 0.1218 0.1026 0.0346
73 0.0180 0.1320 0.8081 0.0409 0.0009
74 0.0731 0.0983 0.8105 0.0176 0.0002
75 0.0891 0.0598 0.2070 0.6279 0.0161
76 0.1469 0.3159 0.1801 0.3259 0.0313
77 0.2047 0.0789 0.4070 0.2213 0.0880
78 0.1841 0.0843 0.5410 0.1527 0.0377
79 0.0720 0.3435 0.0939 0.4697 0.0208
80 0.1915 0.0466 0.5205 0.2136 0.0276
81 0.1713 0.0498 0.5933 0.1621 0.0235
82 0.5239 0.1326 0.0785 0.1929 0.0720
83 0.5122 0.1537 0.0531 0.1624 0.1188
84 0.3228 0.0565 0.0388 0.5239 0.0579
85 0.3604 0.0726 0.0424 0.4626 0.0621
86 0.0860 0.0233 0.0345 0.8418 0.0146
87 0.0487 0.1081 0.2551 0.5488 0.0392
88 0.0821 0.3401 0.2734 0.2489 0.0555
89 0.1194 0.1851 0.4875 0.1105 0.0975
90 0.1616 0.1320 0.3879 0.2108 0.1077
91 0.2937 0.1263 0.2117 0.1169 0.2512
92 0.2422 0.1539 0.2311 0.0469 0.3259
93 0.2273 0.2273 0.0911 0.0232 0.4312
94 0.3655 0.0828 0.0265 0.0630 0.4622
95 0.2715 0.1105 0.0258 0.0692 0.5229
96 0.1909 0.1880 0.1766 0.1442 0.3003
97 0.3293 0.3674 0.0958 0.0311 0.1763
98 0.2903 0.3091 0.1680 0.1173 0.1155
99 0.1285 0.1116 0.1503 0.1246 0.4851
100 0.1015 0.1838 0.1838 0.0829 0.4480
101 0.6104 0.1321 0.0559 0.1763 0.0252
102 0.5742 0.1442 0.0534 0.1793 0.0486
103 0.4851 0.1389 0.0310 0.3181 0.0269
104 0.3152 0.1478 0.0354 0.4807 0.0208
105 0.5273 0.1177 0.1272 0.1970 0.0307
106 0.1791 0.0929 0.6553 0.0513 0.0216
107 0.1486 0.1792 0.5967 0.0373 0.0385
108 0.2729 0.1094 0.3970 0.1604 0.0604
109 0.3582 0.0642 0.2969 0.1338 0.1470
110 0.0748 0.0861 0.7798 0.0356 0.0239
111 0.1802 0.1360 0.5381 0.0775 0.0684
112 0.0903 0.1609 0.6074 0.1377 0.0038
113 0.1185 0.0649 0.7490 0.0640 0.0035
114 0.0572 0.2228 0.3730 0.3293 0.0176
115 0.0353 0.3799 0.1376 0.4443 0.0028
116 0.0959 0.0475 0.8413 0.0123 0.0028
117 0.2629 0.2588 0.2629 0.1710 0.0443
118 0.0729 0.2390 0.3879 0.2666 0.0334
119 0.2487 0.3398 0.2448 0.1508 0.0160
120 0.0821 0.0522 0.7910 0.0649 0.0097
121 0.0959 0.2607 0.4165 0.2162 0.0107
122 0.3491 0.0925 0.2637 0.2720 0.0229
123 0.1163 0.2947 0.5508 0.0303 0.0078
124 0.2666 0.2390 0.3318 0.1310 0.0316
125 0.4609 0.1892 0.2391 0.0373 0.0735
126 0.0360 0.1479 0.1527 0.6328 0.0305
127 0.3455 0.3098 0.2864 0.0510 0.0073
128 0.2854 0.3132 0.2440 0.1025 0.0549
129 0.5044 0.0566 0.1456 0.0767 0.2169
130 0.5488 0.0243 0.1355 0.1215 0.1700
131 0.8916 0.0267 0.0137 0.0220 0.0461
132 0.3318 0.0198 0.1362 0.4753 0.0367
133 0.0382 0.1851 0.2798 0.4912 0.0057
134 0.0431 0.4819 0.1653 0.3062 0.0036
135 0.1992 0.1458 0.0444 0.5991 0.0114
136 0.1216 0.2344 0.3574 0.1206 0.1661
137 0.3857 0.1571 0.2415 0.1476 0.0681
138 0.4648 0.0713 0.3455 0.1071 0.0112
139 0.0134 0.1682 0.7900 0.0266 0.0018
140 0.6216 0.0778 0.1302 0.1500 0.0203
141 0.0941 0.1002 0.0369 0.7119 0.0571
142 0.3306 0.1378 0.4180 0.0925 0.0210
143 0.5063 0.0582 0.3025 0.0937 0.0391
144 0.4089 0.0402 0.3962 0.1359 0.0187
145 0.1941 0.2100 0.2378 0.3516 0.0066
146 0.1305 0.1255 0.3130 0.4277 0.0033
147 0.3704 0.1569 0.1013 0.3533 0.0183
148 0.5825 0.0381 0.1416 0.2177 0.0201
149 0.1874 0.2561 0.3394 0.1707 0.0463
150 0.1583 0.1122 0.2957 0.2778 0.1559
151 0.1805 0.0217 0.3320 0.4612 0.0045
152 0.2317 0.0951 0.1300 0.4907 0.0525
153 0.2996 0.1173 0.3906 0.1818 0.0107
154 0.1300 0.3320 0.4263 0.1061 0.0054
155 0.1181 0.5049 0.3582 0.0091 0.0097
156 0.2629 0.0267 0.4990 0.1893 0.0221
157 0.1870 0.0557 0.6133 0.1368 0.0070
158 0.1420 0.0547 0.4106 0.3799 0.0128
159 0.1888 0.1918 0.3997 0.2010 0.0187
160 0.1103 0.0659 0.7656 0.0482 0.0099
161 0.2856 0.1787 0.3340 0.1787 0.0229
162 0.0785 0.2961 0.5200 0.0773 0.0280
163 0.1087 0.1232 0.6353 0.1139 0.0189
164 0.2046 0.2842 0.2468 0.2318 0.0326
165 0.0992 0.0992 0.6270 0.1421 0.0322
166 0.1940 0.0968 0.4106 0.2822 0.0162
167 0.4167 0.1053 0.3145 0.1096 0.0538
168 0.1231 0.0859 0.3506 0.4165 0.0239
169 0.2272 0.1688 0.3630 0.2134 0.0278
170 0.2223 0.2223 0.2189 0.2639 0.0727
171 0.1510 0.2197 0.1970 0.2529 0.1793
172 0.0798 0.1401 0.2786 0.3989 0.1025
173 0.0810 0.3254 0.1315 0.2739 0.1882
174 0.0561 0.3547 0.0458 0.5161 0.0271
175 0.0679 0.6650 0.0568 0.1847 0.0254
176 0.0059 0.0650 0.0175 0.9116 0.0001
177 0.1350 0.0172 0.0628 0.4712 0.3140
178 0.0774 0.0263 0.0508 0.6792 0.1664
179 0.1125 0.0374 0.0519 0.3928 0.4053
180 0.0286 0.4338 0.3828 0.1547 0.0002
181 0.0253 0.4346 0.2637 0.2761 0.0003
182 0.0235 0.3264 0.4062 0.2426 0.0012
183 0.1142 0.0773 0.2271 0.5708 0.0107
184 0.2400 0.1226 0.3032 0.3279 0.0062
185 0.7393 0.0371 0.1235 0.0883 0.0118
186 0.0473 0.2556 0.5005 0.1960 0.0002
187 0.0391 0.2216 0.6826 0.0560 0.0006
188 0.2008 0.0805 0.5249 0.1786 0.0151
189 0.0970 0.0677 0.1379 0.6953 0.0021
190 0.1335 0.0726 0.2150 0.5752 0.0036
191 0.0284 0.2915 0.5444 0.1355 0.0003
192 0.2932 0.0834 0.2510 0.3484 0.0241
193 0.0853 0.1473 0.6816 0.0814 0.0046
194 0.3149 0.0420 0.3301 0.2913 0.0216
195 0.0505 0.2563 0.5347 0.1580 0.0005
196 0.1564 0.1218 0.2969 0.4185 0.0066
197 0.2180 0.0397 0.4617 0.2590 0.0218
198 0.1313 0.1399 0.2695 0.4241 0.0351
199 0.1698 0.1725 0.5835 0.0359 0.0385
200 0.0399 0.0813 0.8472 0.0196 0.0120
201 0.0266 0.0922 0.8481 0.0184 0.0148
202 0.0227 0.0693 0.8848 0.0100 0.0130
203 0.2416 0.1023 0.1377 0.4585 0.0601
