time exciting_prob fearful_prob tense_prob sad_prob relaxing_prob
0 0.3003 0.0759 0.1354 0.3350 0.1534
1 0.2561 0.1002 0.1678 0.3726 0.1035
2 0.1492 0.2205 0.1915 0.2966 0.1423
3 0.3479 0.1138 0.0680 0.1250 0.3452
4 0.3674 0.1045 0.0707 0.1095 0.3479
5 0.3430 0.0578 0.0605 0.1376 0.4011
6 0.1207 0.0842 0.0721 0.1649 0.5581
7 0.0856 0.1813 0.2440 0.3662 0.1227
8 0.1029 0.1301 0.2754 0.4006 0.0908
9 0.3447 0.0906 0.0839 0.0712 0.4094
10 0.3359 0.0883 0.0856 0.0911 0.3989
11 0.1793 0.1418 0.1738 0.3855 0.1194
12 0.1780 0.2267 0.1807 0.2866 0.1282
13 0.2280 0.0086 0.0294 0.6294 0.1044
14 0.9136 0.0063 0.0133 0.0441 0.0225
15 0.9077 0.0071 0.0141 0.0435 0.0278
16 0.8608 0.0092 0.0275 0.0680 0.0345
17 0.2223 0.1050 0.3235 0.1370 0.2122
18 0.1421 0.0427 0.5039 0.2915 0.0200
19 0.1554 0.0781 0.5684 0.1875 0.0105
20 0.1567 0.1329 0.4160 0.2686 0.0256
21 0.4270 0.1204 0.1620 0.1195 0.1711
22 0.5215 0.0590 0.0658 0.0995 0.2542
23 0.5322 0.0737 0.0592 0.0816 0.2534
24 0.0909 0.1726 0.5317 0.0526 0.1523
25 0.0868 0.1726 0.5317 0.0635 0.1454
26 0.8218 0.0568 0.0172 0.0416 0.0629
27 0.8516 0.0612 0.0208 0.0057 0.0607
28 0.8467 0.0769 0.0184 0.0047 0.0533
29 0.8452 0.0811 0.0181 0.0055 0.0504
30 0.1229 0.0723 0.0914 0.0489 0.6646
31 0.1307 0.0689 0.0927 0.0541 0.6538
32 0.0838 0.0632 0.1382 0.0558 0.6592
33 0.1619 0.2162 0.4165 0.0670 0.1384
34 0.5088 0.1917 0.0986 0.0357 0.1652
35 0.5488 0.1741 0.0946 0.0337 0.1488
36 0.5454 0.1743 0.0986 0.0303 0.1515
37 0.4854 0.1083 0.0817 0.1285 0.1960
38 0.1362 0.3535 0.3071 0.1138 0.0894
39 0.1421 0.3518 0.2915 0.1206 0.0939
40 0.0762 0.0553 0.7290 0.1058 0.0338
41 0.1399 0.0518 0.0569 0.0354 0.7158
42 0.1769 0.0574 0.0592 0.0286 0.6777
43 0.8667 0.0028 0.0009 0.0010 0.1288
44 0.9556 0.0045 0.0011 0.0010 0.0377
45 0.9595 0.0045 0.0011 0.0009 0.0339
46 0.9600 0.0022 0.0007 0.0003 0.0367
47 0.9590 0.0022 0.0007 0.0003 0.0381
48 0.9624 0.0019 0.0010 0.0016 0.0332
49 0.0354 0.4883 0.0977 0.0682 0.3103
50 0.0311 0.4988 0.0840 0.0789 0.3071
51 0.0991 0.6123 0.0436 0.0939 0.1512
52 0.0673 0.5415 0.1786 0.0589 0.1539
53 0.1095 0.6709 0.0367 0.1497 0.0334
54 0.0958 0.8022 0.0246 0.0490 0.0281
55 0.0380 0.6733 0.2086 0.0289 0.0511
56 0.4458 0.1963 0.2058 0.0366 0.1154
57 0.1293 0.1465 0.0472 0.0309 0.6460
58 0.0847 0.1122 0.0639 0.0629 0.6763
59 0.2211 0.2467 0.1156 0.1121 0.3047
60 0.2571 0.3325 0.2935 0.0420 0.0748
61 0.1257 0.4219 0.3665 0.0296 0.0562
62 0.0975 0.5356 0.1865 0.0314 0.1488
63 0.6787 0.1649 0.0495 0.0315 0.0755
64 0.1148 0.4136 0.2249 0.1157 0.1311
65 0.2920 0.3633 0.2239 0.0312 0.0897
66 0.2568 0.3325 0.2935 0.0254 0.0916
67 0.2384 0.5049 0.1962 0.0227 0.0380
68 0.3215 0.3267 0.2158 0.1094 0.0266
69 0.1481 0.5591 0.1163 0.0632 0.1135
70 0.1322 0.0348 0.0237 0.0243 0.7852
71 0.1154 0.0355 0.0346 0.0381 0.7764
72 0.2786 0.3691 0.2498 0.0455 0.0570
73 0.4290 0.2642 0.2727 0.0222 0.0122
74 0.1497 0.4399 0.2861 0.0138 0.1104
75 0.2374 0.2690 0.3735 0.0827 0.0376
76 0.0701 0.6201 0.2751 0.0299 0.0049
77 0.1150 0.3889 0.3828 0.0709 0.0423
78 0.1869 0.4414 0.2495 0.0755 0.0469
79 0.5811 0.1515 0.1296 0.0733 0.0647
80 0.1764 0.2732 0.1037 0.1417 0.3049
81 0.1755 0.2917 0.1226 0.0296 0.3806
82 0.1488 0.1796 0.5615 0.0561 0.0539
83 0.1078 0.1462 0.1175 0.0273 0.6011
84 0.1263 0.3770 0.1500 0.2695 0.0772
85 0.1148 0.1724 0.2145 0.2356 0.2627
86 0.2031 0.4070 0.1301 0.0615 0.1984
87 0.2352 0.4128 0.2625 0.0070 0.0826
88 0.0999 0.6021 0.0731 0.0385 0.1865
89 0.0870 0.5088 0.1600 0.0149 0.2292
90 0.4292 0.3557 0.0497 0.0734 0.0921
91 0.1475 0.6870 0.0314 0.0237 0.1104
92 0.1296 0.2384 0.1857 0.3208 0.1256
93 0.0667 0.4058 0.4456 0.0647 0.0174
94 0.1455 0.2307 0.5664 0.0472 0.0100
95 0.1962 0.3110 0.3337 0.1470 0.0121
96 0.1642 0.0740 0.1449 0.1775 0.4395
97 0.4797 0.3374 0.0998 0.0356 0.0475
98 0.0740 0.5596 0.3240 0.0227 0.0198
99 0.1576 0.0678 0.4490 0.2725 0.0532
100 0.1016 0.1235 0.0518 0.2573 0.4658
101 0.0228 0.8438 0.1179 0.0140 0.0014
102 0.0793 0.5254 0.3501 0.0264 0.0186
103 0.2350 0.5952 0.1219 0.0250 0.0227
104 0.1499 0.1223 0.2549 0.1243 0.3486
105 0.2258 0.2461 0.3286 0.1902 0.0095
106 0.0369 0.5332 0.3608 0.0608 0.0082
107 0.2208 0.1415 0.1249 0.2463 0.2664
108 0.0859 0.6602 0.1569 0.0591 0.0378
109 0.1409 0.0968 0.7153 0.0135 0.0337
110 0.0526 0.6670 0.2131 0.0420 0.0253
111 0.1882 0.2235 0.2573 0.0931 0.2379
112 0.2510 0.0828 0.2588 0.2180 0.1895
113 0.0753 0.0696 0.0475 0.0239 0.7837
114 0.2893 0.0829 0.1151 0.2051 0.3079
115 0.3584 0.1003 0.3936 0.1093 0.0384
116 0.1076 0.2261 0.0787 0.1846 0.4031
117 0.1479 0.1327 0.2365 0.4702 0.0127
118 0.1180 0.2007 0.0699 0.2700 0.3413
119 0.1409 0.2081 0.0573 0.2715 0.3223
120 0.0696 0.2625 0.2428 0.3818 0.0432
121 0.0793 0.4287 0.1932 0.2642 0.0346
122 0.1326 0.3989 0.3989 0.0278 0.0417
123 0.1232 0.3538 0.4834 0.0077 0.0321
124 0.1656 0.5063 0.2505 0.0172 0.0605
125 0.1169 0.5156 0.3081 0.0040 0.0552
126 0.0618 0.5020 0.3560 0.0076 0.0729
127 0.0905 0.4119 0.4055 0.0069 0.0850
128 0.1667 0.2261 0.5684 0.0126 0.0262
129 0.1871 0.3208 0.3870 0.0380 0.0673
130 0.1326 0.3987 0.3958 0.0330 0.0401
131 0.1137 0.3474 0.4604 0.0321 0.0463
132 0.1094 0.1260 0.2505 0.4678 0.0463
133 0.2313 0.2313 0.4189 0.0432 0.0751
134 0.0921 0.4463 0.3669 0.0190 0.0757
135 0.1504 0.5332 0.1947 0.0289 0.0927
136 0.1476 0.4617 0.2432 0.0337 0.1140
137 0.1985 0.4651 0.1608 0.0670 0.1088
138 0.1412 0.1207 0.1703 0.3777 0.1899
139 0.1914 0.2917 0.2135 0.2382 0.0651
140 0.2737 0.1941 0.2416 0.2234 0.0671
141 0.2335 0.2335 0.2126 0.2605 0.0600
142 0.1232 0.1038 0.3247 0.0916 0.3567
143 0.0494 0.2147 0.3828 0.0938 0.2590
144 0.3040 0.0104 0.0113 0.5996 0.0745
145 0.0916 0.1486 0.6763 0.0747 0.0089
146 0.0298 0.0391 0.0875 0.7676 0.0760
147 0.4087 0.0199 0.3550 0.1915 0.0249
148 0.1407 0.0475 0.5068 0.2935 0.0112
149 0.1065 0.0401 0.3035 0.5239 0.0259
150 0.2382 0.0709 0.3835 0.2595 0.0480
151 0.3467 0.1730 0.2203 0.1411 0.1189
152 0.1604 0.1891 0.5645 0.0062 0.0800
153 0.0596 0.1149 0.0233 0.7788 0.0233
154 0.0732 0.2365 0.6040 0.0652 0.0211
155 0.3359 0.1676 0.4148 0.0598 0.0220
156 0.1135 0.2205 0.2498 0.3413 0.0750
157 0.1666 0.0757 0.2878 0.2993 0.1705
158 0.2705 0.0838 0.2010 0.4124 0.0323
159 0.1774 0.0318 0.1219 0.3528 0.3162
160 0.2195 0.5435 0.1968 0.0048 0.0356
161 0.2281 0.3267 0.3118 0.0638 0.0696
162 0.0912 0.3662 0.0905 0.0102 0.4419
163 0.1300 0.0214 0.3069 0.5220 0.0195
164 0.1740 0.1753 0.2083 0.2360 0.2065
165 0.1462 0.1321 0.1736 0.0216 0.5264
166 0.2074 0.5640 0.1979 0.0062 0.0248
167 0.2233 0.5034 0.2034 0.0085 0.0615
168 0.1519 0.1329 0.1831 0.1383 0.3938
169 0.1611 0.3057 0.2085 0.0261 0.2986
170 0.1544 0.1184 0.3245 0.1833 0.2195
171 0.0557 0.1266 0.7456 0.0261 0.0462
172 0.1753 0.4138 0.3486 0.0275 0.0348
173 0.0432 0.0126 0.0309 0.0041 0.9092
174 0.3215 0.2974 0.2299 0.0233 0.1279
175 0.3464 0.1008 0.1444 0.2202 0.1884
176 0.1703 0.3779 0.1855 0.1677 0.0986
177 0.6064 0.1487 0.0555 0.0847 0.1046
178 0.1957 0.1782 0.5078 0.0330 0.0855
179 0.2622 0.1693 0.0781 0.2043 0.2859
180 0.1320 0.1310 0.2771 0.1694 0.2905
181 0.1160 0.4805 0.2803 0.0168 0.1064
182 0.1875 0.1904 0.5137 0.0161 0.0921
183 0.2905 0.2448 0.1967 0.1230 0.1450
184 0.0926 0.2991 0.2007 0.2598 0.1479
185 0.2030 0.1138 0.1462 0.3242 0.2126
186 0.0683 0.4119 0.3108 0.0504 0.1588
187 0.1450 0.3193 0.5103 0.0069 0.0186
188 0.0800 0.2905 0.3167 0.0108 0.3020
189 0.2053 0.3547 0.3958 0.0042 0.0398
190 0.1830 0.1392 0.1238 0.0567 0.4973
191 0.0069 0.0055 0.0129 0.0012 0.9731
192 0.1139 0.1260 0.1556 0.0981 0.5063
193 0.1836 0.1323 0.3027 0.0991 0.2822
194 0.1935 0.2996 0.2028 0.1210 0.1831
195 0.1160 0.1742 0.1216 0.1294 0.4587
196 0.1255 0.2152 0.1116 0.0434 0.5044
197 0.1088 0.1583 0.0967 0.5068 0.1292
198 0.2188 0.1515 0.2920 0.1886 0.1492
199 0.2325 0.1675 0.2290 0.2255 0.1455
200 0.1158 0.0367 0.0983 0.0176 0.7314
201 0.0861 0.1940 0.1685 0.0245 0.5273
202 0.2585 0.0735 0.3479 0.1619 0.1581
203 0.3562 0.1777 0.2212 0.1428 0.1021
204 0.1686 0.3652 0.3433 0.0708 0.0522
205 0.3247 0.1223 0.1498 0.1938 0.2096
206 0.0702 0.0461 0.0713 0.0028 0.8096
207 0.2452 0.2529 0.3198 0.1442 0.0379
208 0.2783 0.2698 0.2698 0.1216 0.0602
209 0.0939 0.3743 0.3252 0.0645 0.1421
210 0.1283 0.1572 0.2019 0.0129 0.4998
211 0.2422 0.3469 0.3364 0.0127 0.0617
212 0.0261 0.0094 0.0188 0.0051 0.9404
213 0.1719 0.2520 0.3137 0.1873 0.0751
214 0.2209 0.1891 0.1531 0.3267 0.1103
215 0.2384 0.1915 0.2898 0.2222 0.0580
216 0.0550 0.5220 0.3940 0.0153 0.0138
217 0.2654 0.2200 0.1674 0.1926 0.1548
218 0.1935 0.1846 0.4260 0.0142 0.1818
219 0.0688 0.3896 0.4849 0.0181 0.0386
220 0.1019 0.5293 0.3064 0.0055 0.0567
221 0.0220 0.0187 0.0165 0.0052 0.9375
222 0.0519 0.1625 0.0948 0.0067 0.6841
223 0.1061 0.0685 0.0542 0.6919 0.0795
224 0.4373 0.0861 0.0620 0.2551 0.1595
225 0.1464 0.2671 0.4138 0.0145 0.1583
226 0.1277 0.0710 0.1858 0.2461 0.3694
227 0.3938 0.1011 0.1060 0.2244 0.1747
228 0.2551 0.2234 0.1912 0.1926 0.1377
229 0.1207 0.3550 0.3083 0.1885 0.0276
230 0.3218 0.1509 0.0966 0.1113 0.3193
231 0.2935 0.1954 0.2048 0.1698 0.1365
232 0.2372 0.1138 0.1331 0.2159 0.2998
233 0.1265 0.1305 0.3081 0.4019 0.0332
234 0.1323 0.5073 0.2452 0.0464 0.0687
235 0.0704 0.6279 0.2659 0.0115 0.0242
236 0.0273 0.0100 0.0208 0.0013 0.9404
237 0.0456 0.1506 0.1483 0.2522 0.4031
238 0.0220 0.2644 0.6748 0.0219 0.0169
239 0.0421 0.0346 0.0905 0.0134 0.8193
240 0.0129 0.0199 0.0442 0.0209 0.9019
241 0.0122 0.0117 0.0188 0.0054 0.9517
242 0.0300 0.0099 0.0181 0.0020 0.9399
243 0.0527 0.0911 0.1265 0.0024 0.7275
244 0.1080 0.0223 0.0556 0.0157 0.7983
245 0.0063 0.0038 0.0082 0.0012 0.9805
246 0.1437 0.1680 0.1844 0.0215 0.4824
247 0.0053 0.0031 0.0065 0.0008 0.9844
248 0.0680 0.0826 0.2607 0.0281 0.5605
249 0.0573 0.3147 0.2163 0.1851 0.2267
250 0.0715 0.2417 0.3408 0.0925 0.2534
251 0.0618 0.2261 0.1483 0.2996 0.2644
252 0.0564 0.0429 0.1005 0.0034 0.7969
253 0.0208 0.0738 0.3059 0.0100 0.5894
254 0.0778 0.0498 0.0218 0.0016 0.8491
255 0.0078 0.0056 0.0117 0.0108 0.9644
256 0.1481 0.1276 0.1469 0.0055 0.5718
257 0.4880 0.1660 0.3201 0.0050 0.0210
258 0.1166 0.4009 0.4199 0.0453 0.0172
259 0.1066 0.2898 0.4780 0.1025 0.0229
260 0.1987 0.4619 0.1376 0.0208 0.1809
261 0.1906 0.0347 0.1655 0.0129 0.5962
262 0.1206 0.2827 0.4734 0.0152 0.1082
263 0.0851 0.1858 0.3064 0.0039 0.4187
264 0.3044 0.2861 0.3267 0.0074 0.0752
265 0.4700 0.3105 0.1255 0.0368 0.0570
266 0.1938 0.3916 0.2629 0.0591 0.0923
267 0.3159 0.3665 0.2087 0.0549 0.0540
268 0.1232 0.0887 0.3376 0.3708 0.0796
269 0.1711 0.3076 0.3379 0.1292 0.0543
270 0.1326 0.2401 0.5410 0.0768 0.0092
271 0.1562 0.1770 0.3662 0.2169 0.0836
272 0.2421 0.3184 0.2239 0.1401 0.0756
273 0.1692 0.3611 0.3696 0.0757 0.0246
274 0.3350 0.2302 0.2489 0.1343 0.0518
275 0.1405 0.3616 0.4644 0.0165 0.0170
276 0.2156 0.4028 0.1815 0.0459 0.1541
277 0.1259 0.3906 0.3342 0.0174 0.1318
278 0.2058 0.3728 0.1979 0.1035 0.1201
279 0.1455 0.1958 0.2515 0.3687 0.0385
280 0.2123 0.3640 0.2947 0.0864 0.0425
281 0.3440 0.4182 0.1798 0.0434 0.0146
282 0.1915 0.2292 0.4282 0.1256 0.0253
283 0.2195 0.4265 0.2247 0.0930 0.0364
284 0.1259 0.3726 0.1919 0.2225 0.0872
285 0.2115 0.2847 0.2532 0.0324 0.2183
286 0.1501 0.4517 0.2939 0.0842 0.0202
287 0.2981 0.3027 0.2490 0.1022 0.0479
288 0.2377 0.3796 0.2822 0.0778 0.0226
289 0.2585 0.1876 0.3940 0.0839 0.0758
290 0.1921 0.2908 0.4331 0.0471 0.0370
291 0.2278 0.5093 0.1577 0.0481 0.0571
292 0.1646 0.2284 0.2979 0.0160 0.2932
293 0.2661 0.4026 0.2024 0.0864 0.0428
294 0.1132 0.1986 0.5483 0.1195 0.0204
295 0.2539 0.2681 0.3286 0.0157 0.1338
296 0.1045 0.2373 0.5024 0.1147 0.0409
297 0.2454 0.1243 0.3052 0.1442 0.1809
298 0.1578 0.1437 0.2603 0.0224 0.4158
299 0.0817 0.3389 0.5166 0.0528 0.0101
300 0.2404 0.1002 0.6235 0.0160 0.0199
301 0.1868 0.4443 0.2825 0.0267 0.0597
302 0.1097 0.0708 0.1753 0.6118 0.0324
303 0.1754 0.1648 0.1868 0.3953 0.0778
304 0.1510 0.5269 0.2267 0.0394 0.0560
305 0.0790 0.4207 0.4695 0.0234 0.0075
306 0.3110 0.1799 0.3931 0.0837 0.0323
307 0.1486 0.5186 0.2015 0.0324 0.0990
308 0.0412 0.0619 0.1053 0.7427 0.0490
309 0.0869 0.6890 0.1854 0.0181 0.0210
310 0.0518 0.2712 0.1644 0.4541 0.0586
311 0.0211 0.0947 0.0602 0.7808 0.0434
312 0.0462 0.7231 0.1829 0.0162 0.0315
313 0.1409 0.1047 0.1956 0.4204 0.1387
314 0.0166 0.2549 0.2321 0.4915 0.0050
315 0.0415 0.6909 0.0663 0.1802 0.0212
316 0.1054 0.3511 0.3298 0.1176 0.0960
317 0.0805 0.3840 0.2810 0.1392 0.1153
318 0.1685 0.1658 0.1765 0.4302 0.0591
319 0.0566 0.3718 0.2401 0.0636 0.2678
320 0.0324 0.1897 0.4844 0.0131 0.2803
321 0.3140 0.1591 0.3342 0.0285 0.1642
322 0.2103 0.1009 0.4316 0.1296 0.1276
323 0.0326 0.1790 0.6445 0.0119 0.1320
324 0.0544 0.4417 0.4348 0.0343 0.0346
325 0.0485 0.4971 0.2922 0.1359 0.0264
326 0.0892 0.2389 0.2793 0.0712 0.3215
327 0.9717 0.0099 0.0108 0.0020 0.0056
328 0.1174 0.1394 0.4431 0.0183 0.2817
329 0.1219 0.1964 0.5596 0.0074 0.1146
330 0.3657 0.3774 0.2101 0.0051 0.0417
331 0.1628 0.1259 0.3757 0.0734 0.2622
332 0.0991 0.1754 0.4014 0.1809 0.1432
333 0.0556 0.2321 0.4270 0.0930 0.1924
334 0.1034 0.2747 0.4529 0.1287 0.0405
335 0.1044 0.2861 0.4573 0.0138 0.1383
336 0.0807 0.1581 0.4946 0.0176 0.2488
337 0.1979 0.5376 0.1995 0.0172 0.0477
338 0.4236 0.3403 0.1685 0.0534 0.0143
339 0.2411 0.1820 0.4006 0.0180 0.1581
340 0.2195 0.1290 0.3296 0.2820 0.0400
341 0.2100 0.2324 0.4048 0.0227 0.1304
342 0.0740 0.1860 0.4751 0.2316 0.0334
343 0.0540 0.2365 0.2876 0.0165 0.4055
344 0.1257 0.4565 0.3040 0.0387 0.0751
345 0.2668 0.3120 0.3025 0.0847 0.0339
346 0.2744 0.1691 0.4316 0.0335 0.0912
347 0.0524 0.2444 0.4158 0.0190 0.2683
348 0.0814 0.0378 0.2161 0.0196 0.6450
349 0.0495 0.1015 0.2551 0.1244 0.4695
350 0.0583 0.0895 0.2549 0.0044 0.5928
351 0.0662 0.4966 0.2786 0.0480 0.1108
352 0.0385 0.0959 0.2230 0.0071 0.6353
353 0.0489 0.0942 0.1843 0.0087 0.6641
354 0.1288 0.4124 0.3040 0.0438 0.1110
355 0.0486 0.1497 0.3047 0.0321 0.4648
356 0.0745 0.0331 0.1002 0.0043 0.7881
357 0.1099 0.4736 0.2308 0.1649 0.0208
358 0.0640 0.2286 0.5571 0.0161 0.1344
359 0.0886 0.4160 0.3396 0.1415 0.0143
360 0.0634 0.0712 0.1998 0.0204 0.6450
361 0.2776 0.2162 0.4167 0.0426 0.0468
362 0.2720 0.1730 0.4417 0.0323 0.0811
363 0.2925 0.1979 0.3528 0.0415 0.1154
364 0.1516 0.4089 0.3962 0.0080 0.0352
365 0.0955 0.1001 0.1959 0.0143 0.5942
366 0.0722 0.2947 0.5254 0.0418 0.0658
367 0.0472 0.0848 0.5361 0.0218 0.3103
368 0.0414 0.1010 0.5088 0.0202 0.3286
369 0.0722 0.1050 0.4287 0.0217 0.3723
370 0.0267 0.5786 0.3567 0.0084 0.0295
371 0.1638 0.2039 0.1108 0.0090 0.5127
372 0.0695 0.1260 0.4534 0.3267 0.0244
373 0.0660 0.3796 0.5190 0.0232 0.0121
374 0.0439 0.1028 0.5601 0.0525 0.2408
375 0.1267 0.3110 0.3235 0.1403 0.0986
376 0.0844 0.4221 0.2405 0.0825 0.1705
377 0.0161 0.0230 0.0391 0.0030 0.9189
378 0.2664 0.0728 0.4822 0.0769 0.1019
379 0.2162 0.0998 0.4578 0.1157 0.1105
380 0.0829 0.1170 0.2477 0.1503 0.4021
381 0.0483 0.6519 0.1478 0.0676 0.0842
382 0.0947 0.1797 0.4380 0.0992 0.1884
383 0.0649 0.2649 0.3003 0.1322 0.2375
384 0.1086 0.4573 0.2998 0.0624 0.0718
385 0.0417 0.0570 0.2808 0.1991 0.4214
386 0.0528 0.2478 0.2722 0.2598 0.1676
387 0.1545 0.2671 0.1895 0.2712 0.1176
388 0.1020 0.4502 0.3730 0.0342 0.0406
389 0.1660 0.2100 0.4143 0.1824 0.0273
390 0.1747 0.5728 0.2141 0.0032 0.0352
391 0.1344 0.2571 0.3052 0.2491 0.0543
392 0.3748 0.1091 0.4626 0.0119 0.0417
393 0.6030 0.0374 0.1477 0.1304 0.0816
394 0.0692 0.0714 0.4043 0.4441 0.0110
395 0.2274 0.0870 0.4382 0.1885 0.0589
396 0.3660 0.1143 0.1265 0.3035 0.0897
397 0.1376 0.0875 0.4172 0.3406 0.0172
398 0.1757 0.1676 0.5894 0.0149 0.0523
399 0.0789 0.0833 0.5649 0.2627 0.0099
400 0.0383 0.3333 0.6035 0.0215 0.0035
401 0.1515 0.0963 0.6182 0.0504 0.0837
402 0.2119 0.1083 0.4084 0.1991 0.0721
403 0.0644 0.0764 0.5737 0.2795 0.0059
404 0.1000 0.1151 0.2939 0.0829 0.4080
405 0.1135 0.1412 0.3782 0.3086 0.0584
406 0.0753 0.0534 0.7261 0.1301 0.0152
407 0.1362 0.4683 0.3589 0.0068 0.0297
408 0.0949 0.5552 0.1692 0.0844 0.0964
409 0.2705 0.2683 0.2925 0.0183 0.1505
410 0.1060 0.0604 0.2664 0.4978 0.0695
411 0.6138 0.0745 0.1307 0.1652 0.0159
412 0.2332 0.1774 0.4189 0.0627 0.1076
413 0.0519 0.0646 0.8442 0.0267 0.0127
414 0.2700 0.1246 0.1945 0.2421 0.1689
415 0.2433 0.2340 0.4011 0.0443 0.0771
416 0.0224 0.0195 0.0808 0.8550 0.0221
417 0.0707 0.1544 0.7480 0.0209 0.0059
418 0.1130 0.0582 0.7256 0.0827 0.0203
419 0.0446 0.3374 0.5474 0.0526 0.0179
420 0.0351 0.0731 0.4075 0.4690 0.0153
421 0.1084 0.2009 0.6289 0.0466 0.0153
422 0.1233 0.1252 0.4441 0.2913 0.0163
423 0.1646 0.0165 0.0624 0.7490 0.0077
424 0.4663 0.1422 0.0948 0.2830 0.0136
425 0.4265 0.0853 0.1095 0.3647 0.0140
426 0.9194 0.0211 0.0170 0.0267 0.0158
427 0.7017 0.0781 0.0623 0.0500 0.1077
428 0.7026 0.0929 0.0568 0.0456 0.1021
429 0.7275 0.0883 0.0417 0.0503 0.0925
430 0.2646 0.1036 0.1682 0.3789 0.0846
431 0.2776 0.0975 0.1793 0.3401 0.1054
