time exciting_prob fearful_prob tense_prob sad_prob relaxing_prob
0 0.0894 0.1148 0.3025 0.4758 0.0173
1 0.0658 0.1904 0.3970 0.3342 0.0125
2 0.0668 0.1531 0.3447 0.4226 0.0128
3 0.0883 0.1526 0.3777 0.3660 0.0156
4 0.0311 0.2335 0.4294 0.2952 0.0107
5 0.0151 0.5757 0.3081 0.0985 0.0024
6 0.0356 0.3884 0.4685 0.1013 0.0064
7 0.0191 0.3987 0.5039 0.0755 0.0028
8 0.0526 0.2959 0.5034 0.1313 0.0166
9 0.1093 0.2010 0.3875 0.2878 0.0143
10 0.1438 0.2505 0.4395 0.1580 0.0084
11 0.0798 0.2292 0.5332 0.1527 0.0051
12 0.0983 0.4441 0.3250 0.1252 0.0075
13 0.1129 0.3479 0.3533 0.1776 0.0084
14 0.0358 0.5913 0.2297 0.1394 0.0037
15 0.0676 0.5654 0.2097 0.1453 0.0118
16 0.0528 0.5942 0.3157 0.0305 0.0066
17 0.0331 0.5649 0.3884 0.0117 0.0016
18 0.0434 0.4521 0.4966 0.0061 0.0018
19 0.0503 0.4961 0.4377 0.0134 0.0023
20 0.0933 0.5200 0.3689 0.0133 0.0046
21 0.0366 0.3784 0.5771 0.0069 0.0009
22 0.0454 0.2167 0.7217 0.0152 0.0011
23 0.0597 0.4045 0.5195 0.0145 0.0017
24 0.0306 0.1506 0.2603 0.5176 0.0412
25 0.0516 0.5464 0.1948 0.1774 0.0299
26 0.0851 0.3557 0.5425 0.0140 0.0027
27 0.1566 0.3613 0.4392 0.0334 0.0096
28 0.0990 0.5352 0.3403 0.0233 0.0020
29 0.0721 0.2876 0.5498 0.0830 0.0073
30 0.0784 0.5073 0.3513 0.0560 0.0071
31 0.0851 0.2406 0.5957 0.0751 0.0035
32 0.0584 0.0133 0.0994 0.7939 0.0349
33 0.0879 0.1891 0.2793 0.4033 0.0403
34 0.0307 0.5308 0.1521 0.2712 0.0151
35 0.0624 0.2111 0.4331 0.2585 0.0347
36 0.1196 0.0433 0.5884 0.1089 0.1398
37 0.1667 0.0470 0.4395 0.2927 0.0541
38 0.0121 0.6484 0.3110 0.0266 0.0019
39 0.0695 0.3728 0.3757 0.1578 0.0242
40 0.0183 0.4756 0.3374 0.1605 0.0082
41 0.0143 0.5508 0.3845 0.0466 0.0037
42 0.0340 0.5664 0.3384 0.0565 0.0046
43 0.0298 0.4731 0.4111 0.0816 0.0043
44 0.0341 0.3667 0.5771 0.0185 0.0037
45 0.0252 0.3679 0.5879 0.0169 0.0018
46 0.0474 0.0489 0.3501 0.5508 0.0028
47 0.0197 0.4241 0.5034 0.0506 0.0021
48 0.0229 0.2854 0.3335 0.3550 0.0031
49 0.0201 0.3042 0.4863 0.1875 0.0020
50 0.0135 0.2808 0.2808 0.4216 0.0031
51 0.0224 0.1428 0.7603 0.0718 0.0028
52 0.0335 0.2069 0.5625 0.1943 0.0029
53 0.0416 0.0214 0.0777 0.6816 0.1777
54 0.0580 0.0541 0.1019 0.6802 0.1060
55 0.0605 0.1683 0.5698 0.1737 0.0277
56 0.0857 0.1287 0.3496 0.3840 0.0520
57 0.0317 0.0660 0.5977 0.3005 0.0039
58 0.0428 0.3525 0.4458 0.1459 0.0130
59 0.1543 0.2666 0.2974 0.2316 0.0501
60 0.0629 0.0482 0.4829 0.3940 0.0120
61 0.0884 0.0793 0.4219 0.3782 0.0320
62 0.0440 0.0307 0.8169 0.1055 0.0030
63 0.0364 0.3147 0.6255 0.0221 0.0013
64 0.0385 0.0807 0.6553 0.2230 0.0024
65 0.1092 0.0927 0.6689 0.0934 0.0360
66 0.0770 0.2585 0.6499 0.0116 0.0032
67 0.0220 0.4888 0.2617 0.2273 0.0003
68 0.0914 0.1210 0.4712 0.3091 0.0073
69 0.0392 0.0227 0.9214 0.0156 0.0008
70 0.0466 0.1034 0.6958 0.1414 0.0130
71 0.0507 0.0792 0.8579 0.0108 0.0011
72 0.0622 0.0377 0.6089 0.2830 0.0083
73 0.0817 0.2783 0.6177 0.0167 0.0056
74 0.0741 0.1644 0.7139 0.0381 0.0093
75 0.0371 0.0941 0.7061 0.1599 0.0030
76 0.0439 0.0680 0.5430 0.3398 0.0053
77 0.0155 0.3972 0.2045 0.3730 0.0098
78 0.0720 0.1376 0.5615 0.2198 0.0091
79 0.0565 0.2761 0.6123 0.0515 0.0034
80 0.0420 0.1781 0.2759 0.4993 0.0049
81 0.0813 0.4065 0.1350 0.3643 0.0130
82 0.0183 0.0681 0.5190 0.3918 0.0027
83 0.0970 0.2239 0.4890 0.1827 0.0071
84 0.1061 0.2046 0.5518 0.1331 0.0044
85 0.1088 0.1006 0.6167 0.1660 0.0079
86 0.1107 0.1324 0.5278 0.2133 0.0158
87 0.0360 0.1814 0.5166 0.2639 0.0021
88 0.0698 0.1410 0.5239 0.2554 0.0098
89 0.1403 0.3933 0.3755 0.0751 0.0159
90 0.0694 0.2292 0.6230 0.0768 0.0015
91 0.1141 0.3005 0.4878 0.0760 0.0218
92 0.0691 0.0874 0.2529 0.5610 0.0297
93 0.1281 0.1185 0.5742 0.1724 0.0071
94 0.1279 0.1967 0.3850 0.2646 0.0258
95 0.0382 0.1864 0.6606 0.1113 0.0033
96 0.0842 0.2759 0.4695 0.1648 0.0057
97 0.1003 0.3423 0.2837 0.2583 0.0155
98 0.0961 0.2019 0.5361 0.1525 0.0132
99 0.0883 0.2380 0.4590 0.2004 0.0142
100 0.0710 0.3132 0.3838 0.2256 0.0066
101 0.0521 0.4902 0.3369 0.0996 0.0210
102 0.0327 0.1233 0.7554 0.0874 0.0013
103 0.0359 0.1686 0.7100 0.0835 0.0021
104 0.1065 0.1757 0.3130 0.3281 0.0767
105 0.0807 0.2605 0.5776 0.0788 0.0023
106 0.0466 0.1802 0.7124 0.0567 0.0042
107 0.1195 0.3567 0.4727 0.0483 0.0028
108 0.0294 0.7778 0.1682 0.0204 0.0043
109 0.0776 0.2751 0.5649 0.0759 0.0065
110 0.1322 0.4072 0.4202 0.0361 0.0042
111 0.0607 0.5762 0.2991 0.0607 0.0033
112 0.0260 0.2449 0.3000 0.4231 0.0062
113 0.0341 0.0459 0.7407 0.1732 0.0057
114 0.0928 0.3728 0.3394 0.1816 0.0133
115 0.0955 0.4885 0.1549 0.2534 0.0077
116 0.0701 0.3616 0.2905 0.2686 0.0093
117 0.1172 0.1288 0.3289 0.4158 0.0093
118 0.1221 0.1250 0.1569 0.5918 0.0040
119 0.0819 0.1249 0.5820 0.2075 0.0036
120 0.1819 0.3943 0.2062 0.1631 0.0546
121 0.1172 0.3999 0.3213 0.1248 0.0369
122 0.0814 0.4197 0.2111 0.2839 0.0039
123 0.0342 0.2627 0.5308 0.1643 0.0082
124 0.0597 0.2986 0.5405 0.0947 0.0066
125 0.1096 0.4009 0.2213 0.2649 0.0032
126 0.0341 0.5332 0.2991 0.1287 0.0049
127 0.0381 0.4976 0.3213 0.1404 0.0027
128 0.0795 0.0152 0.6255 0.2000 0.0795
129 0.0586 0.0814 0.6401 0.1202 0.0997
130 0.0678 0.0301 0.2480 0.6436 0.0106
131 0.2357 0.2321 0.3796 0.0730 0.0796
132 0.0845 0.1449 0.3066 0.3474 0.1164
133 0.1283 0.0443 0.4878 0.2869 0.0526
134 0.1737 0.0314 0.6060 0.1792 0.0096
135 0.0805 0.0831 0.8198 0.0123 0.0045
136 0.0897 0.0278 0.5669 0.2849 0.0310
137 0.3533 0.0813 0.4065 0.1111 0.0478
138 0.1093 0.0485 0.3262 0.5049 0.0111
139 0.0442 0.1028 0.3701 0.4397 0.0432
140 0.1051 0.1371 0.7070 0.0318 0.0190
141 0.0784 0.1443 0.6367 0.1196 0.0210
142 0.0765 0.5068 0.3538 0.0547 0.0084
143 0.0172 0.4399 0.4907 0.0517 0.0006
144 0.0703 0.0917 0.2532 0.5532 0.0317
145 0.0332 0.1123 0.3005 0.5361 0.0179
146 0.1501 0.2036 0.3574 0.1048 0.1840
147 0.0290 0.0826 0.1721 0.7021 0.0139
148 0.1963 0.3064 0.3904 0.0884 0.0185
149 0.0773 0.0904 0.6377 0.1770 0.0177
150 0.1875 0.3069 0.3167 0.1616 0.0275
151 0.1142 0.0383 0.5801 0.1586 0.1089
152 0.0950 0.3115 0.4062 0.1591 0.0283
153 0.1121 0.2883 0.3169 0.2318 0.0509
154 0.0639 0.1194 0.5698 0.0759 0.1710
155 0.0745 0.2463 0.3213 0.3474 0.0105
156 0.0532 0.1945 0.2742 0.4666 0.0116
157 0.0725 0.0772 0.6362 0.1584 0.0556
158 0.1048 0.1478 0.5405 0.0804 0.1265
159 0.1170 0.0553 0.7998 0.0210 0.0071
160 0.2233 0.0909 0.5977 0.0796 0.0087
161 0.2031 0.0983 0.5435 0.1440 0.0108
162 0.1393 0.0442 0.6855 0.1229 0.0079
163 0.0671 0.1794 0.2693 0.4583 0.0258
164 0.0971 0.0544 0.2329 0.5762 0.0392
165 0.0348 0.0651 0.3201 0.5278 0.0522
166 0.0933 0.2257 0.5947 0.0750 0.0113
167 0.0682 0.3306 0.5278 0.0630 0.0102
168 0.0682 0.3203 0.5625 0.0389 0.0102
169 0.1427 0.1580 0.4065 0.2708 0.0220
170 0.1903 0.1136 0.5176 0.1654 0.0133
171 0.1912 0.1881 0.4880 0.0984 0.0343
172 0.1643 0.2372 0.3762 0.1580 0.0643
173 0.1197 0.2307 0.5278 0.0876 0.0340
174 0.1616 0.2465 0.4192 0.1340 0.0387
175 0.2007 0.1125 0.5718 0.1009 0.0142
176 0.1989 0.0404 0.3228 0.4211 0.0168
177 0.1991 0.1703 0.4419 0.1600 0.0287
178 0.2000 0.1644 0.4949 0.1148 0.0258
179 0.0851 0.5171 0.3313 0.0424 0.0238
180 0.0305 0.4658 0.4375 0.0621 0.0041
181 0.1282 0.2285 0.5566 0.0676 0.0191
182 0.1093 0.1642 0.6592 0.0375 0.0297
183 0.0556 0.1105 0.3738 0.3513 0.1088
184 0.1003 0.0336 0.7075 0.1329 0.0254
185 0.1166 0.1203 0.5649 0.1835 0.0145
186 0.1119 0.1155 0.4358 0.2333 0.1035
187 0.0723 0.0996 0.4607 0.2795 0.0880
188 0.1085 0.0950 0.3162 0.3162 0.1641
189 0.0917 0.1133 0.4998 0.2654 0.0298
190 0.0674 0.1210 0.5640 0.2075 0.0402
191 0.1024 0.1235 0.4114 0.2068 0.1561
192 0.0417 0.1455 0.5322 0.2437 0.0368
193 0.0811 0.1359 0.2172 0.3994 0.1665
194 0.0483 0.1031 0.2986 0.3384 0.2117
195 0.0579 0.2256 0.1899 0.1368 0.3896
196 0.0737 0.2068 0.1913 0.4243 0.1040
197 0.0521 0.1508 0.2299 0.4500 0.1174
198 0.0097 0.0690 0.2094 0.6973 0.0149
199 0.0321 0.2563 0.4788 0.2125 0.0202
200 0.0370 0.2632 0.6118 0.0778 0.0099
201 0.0706 0.1591 0.5381 0.1471 0.0851
202 0.0904 0.1611 0.5986 0.1108 0.0389
203 0.1019 0.2683 0.2406 0.2971 0.0920
204 0.1388 0.3804 0.1700 0.1284 0.1825
205 0.0616 0.4849 0.1929 0.2401 0.0205
206 0.0356 0.5186 0.2449 0.1203 0.0807
207 0.0285 0.0558 0.5630 0.2578 0.0948
208 0.1417 0.1710 0.3853 0.2266 0.0753
209 0.0390 0.0906 0.5464 0.1747 0.1494
210 0.0887 0.0356 0.5693 0.2566 0.0497
211 0.0840 0.0319 0.7256 0.0718 0.0867
212 0.0930 0.0944 0.6924 0.1148 0.0057
213 0.0132 0.2590 0.6411 0.0803 0.0060
214 0.0971 0.1227 0.1436 0.2404 0.3962
215 0.1852 0.1881 0.4954 0.1224 0.0090
216 0.0800 0.1240 0.2708 0.4465 0.0788
217 0.0767 0.0561 0.3381 0.4695 0.0597
218 0.1005 0.1290 0.2300 0.5024 0.0381
219 0.0356 0.3376 0.5742 0.0410 0.0116
220 0.0953 0.1080 0.5571 0.2148 0.0245
221 0.1232 0.1232 0.6455 0.0952 0.0131
222 0.2031 0.3374 0.4233 0.0304 0.0059
223 0.0895 0.2610 0.6167 0.0271 0.0059
224 0.0576 0.0550 0.2107 0.6592 0.0173
225 0.1969 0.2469 0.1807 0.3401 0.0353
226 0.1388 0.1073 0.1636 0.5708 0.0194
227 0.2111 0.1937 0.1656 0.3882 0.0412
228 0.2568 0.1272 0.2715 0.3147 0.0297
229 0.1013 0.2842 0.3706 0.1473 0.0967
230 0.2323 0.1344 0.4272 0.1014 0.1047
231 0.2642 0.1542 0.1918 0.1903 0.1995
232 0.1797 0.3057 0.3574 0.1073 0.0499
233 0.1646 0.1725 0.5835 0.0429 0.0364
234 0.1015 0.1536 0.6362 0.0611 0.0475
235 0.2385 0.2969 0.3262 0.0864 0.0520
236 0.2402 0.1100 0.1481 0.4419 0.0598
237 0.2402 0.1100 0.1481 0.4419 0.0598
