time exciting_prob fearful_prob tense_prob sad_prob relaxing_prob
0 0.0569 0.3708 0.3826 0.1865 0.0032
1 0.0198 0.6499 0.2751 0.0542 0.0009
2 0.0318 0.5220 0.3167 0.1279 0.0016
3 0.0500 0.3188 0.4031 0.1934 0.0347
4 0.0450 0.2549 0.3826 0.2932 0.0243
5 0.0805 0.2153 0.3135 0.3496 0.0411
6 0.0511 0.3547 0.3438 0.2290 0.0215
7 0.0690 0.3188 0.3672 0.2227 0.0224
8 0.0880 0.2145 0.6016 0.0741 0.0219
9 0.1099 0.2805 0.3958 0.1755 0.0383
10 0.0933 0.2102 0.3521 0.3157 0.0287
11 0.1333 0.2451 0.3511 0.2529 0.0176
12 0.1155 0.2297 0.2603 0.3291 0.0653
13 0.0238 0.2091 0.2812 0.4785 0.0072
14 0.0318 0.2463 0.2502 0.4531 0.0184
15 0.1599 0.0519 0.2722 0.4927 0.0232
16 0.1322 0.1954 0.3027 0.3430 0.0269
17 0.1906 0.2817 0.3850 0.1230 0.0196
18 0.0930 0.1006 0.1685 0.6162 0.0218
19 0.1034 0.0870 0.3723 0.4153 0.0220
20 0.1509 0.0712 0.1231 0.6250 0.0297
21 0.1149 0.2147 0.4075 0.1621 0.1006
22 0.0931 0.0975 0.1793 0.5972 0.0327
23 0.0773 0.2495 0.2418 0.4177 0.0136
24 0.2065 0.0917 0.5703 0.1196 0.0118
25 0.0509 0.1300 0.3120 0.4907 0.0163
26 0.0782 0.1791 0.1373 0.5518 0.0538
27 0.0811 0.2460 0.1718 0.4453 0.0558
28 0.3477 0.2927 0.3215 0.0323 0.0056
29 0.3704 0.2429 0.3320 0.0367 0.0180
30 0.1497 0.2177 0.3704 0.2281 0.0342
31 0.0505 0.2335 0.4431 0.2485 0.0242
32 0.0700 0.3237 0.3394 0.2406 0.0262
33 0.1123 0.1940 0.2737 0.3005 0.1195
34 0.1963 0.0316 0.6436 0.1191 0.0094
35 0.1888 0.0281 0.6001 0.1566 0.0264
36 0.1477 0.0743 0.1897 0.5664 0.0218
37 0.2822 0.0551 0.2693 0.3679 0.0254
38 0.0905 0.1025 0.2659 0.5122 0.0289
39 0.2249 0.4685 0.2356 0.0510 0.0200
40 0.1975 0.2169 0.2496 0.2419 0.0940
41 0.1895 0.0975 0.3887 0.2712 0.0530
42 0.2893 0.0816 0.4768 0.1225 0.0298
43 0.1713 0.0602 0.3054 0.4375 0.0257
44 0.0439 0.4651 0.2267 0.2568 0.0075
45 0.0735 0.1271 0.1194 0.6660 0.0138
46 0.0637 0.3494 0.3386 0.2365 0.0117
47 0.1771 0.0477 0.6479 0.1108 0.0162
48 0.0388 0.0364 0.0759 0.8423 0.0065
49 0.0945 0.0342 0.0748 0.7910 0.0054
50 0.3420 0.1339 0.2834 0.1979 0.0428
51 0.1545 0.3220 0.4333 0.0753 0.0148
52 0.3728 0.3342 0.2091 0.0355 0.0485
53 0.1615 0.0233 0.6797 0.1059 0.0294
54 0.1946 0.0211 0.6377 0.1010 0.0455
55 0.2610 0.0960 0.3513 0.2651 0.0265
56 0.0845 0.0723 0.2773 0.5430 0.0231
57 0.2720 0.0562 0.3958 0.0830 0.1929
58 0.0881 0.0967 0.3376 0.4614 0.0162
59 0.2285 0.0457 0.6021 0.0854 0.0385
60 0.1398 0.1038 0.4583 0.2452 0.0530
61 0.2756 0.0249 0.5400 0.0909 0.0687
62 0.1246 0.2257 0.6133 0.0315 0.0046
63 0.2268 0.0370 0.4729 0.2268 0.0365
64 0.1945 0.1357 0.5288 0.1066 0.0346
65 0.1262 0.0645 0.4543 0.3325 0.0226
66 0.1322 0.0522 0.6211 0.1697 0.0250
67 0.3491 0.0135 0.4624 0.1116 0.0635
68 0.1614 0.0532 0.5635 0.1801 0.0421
69 0.1962 0.0721 0.4421 0.2810 0.0087
70 0.1113 0.0300 0.7031 0.1364 0.0190
71 0.1726 0.1263 0.3655 0.3030 0.0327
72 0.1847 0.0734 0.6704 0.0372 0.0344
73 0.2649 0.0741 0.4988 0.0730 0.0894
74 0.4211 0.1142 0.2573 0.0641 0.1433
75 0.1373 0.2301 0.5830 0.0373 0.0123
76 0.2438 0.2595 0.3574 0.0911 0.0480
77 0.3977 0.0654 0.2776 0.1343 0.1251
78 0.3081 0.1116 0.5239 0.0210 0.0351
79 0.4800 0.0724 0.2651 0.0406 0.1418
80 0.2397 0.0417 0.2847 0.4080 0.0259
81 0.1219 0.1843 0.4934 0.1759 0.0244
82 0.2035 0.2035 0.5117 0.0666 0.0147
83 0.3501 0.2644 0.3394 0.0363 0.0097
84 0.1077 0.3450 0.4429 0.0026 0.1019
85 0.3232 0.3550 0.1527 0.0232 0.1458
86 0.0660 0.1215 0.2532 0.5527 0.0063
87 0.2705 0.1318 0.4600 0.0806 0.0571
88 0.2927 0.0134 0.1642 0.3938 0.1361
89 0.2253 0.0869 0.4412 0.2289 0.0178
90 0.4482 0.1235 0.3057 0.1024 0.0200
91 0.1913 0.3862 0.3687 0.0338 0.0200
92 0.3638 0.3159 0.2922 0.0165 0.0117
93 0.2725 0.1228 0.3235 0.2480 0.0331
94 0.2422 0.1600 0.3062 0.2499 0.0417
95 0.1628 0.1173 0.5596 0.0943 0.0658
96 0.1478 0.1000 0.4277 0.2939 0.0303
97 0.4519 0.1444 0.2939 0.0142 0.0955
98 0.1407 0.1583 0.4688 0.0649 0.1671
99 0.2854 0.1493 0.3694 0.0320 0.1639
100 0.3110 0.2275 0.2404 0.1144 0.1066
101 0.0706 0.2426 0.3213 0.3530 0.0125
102 0.0622 0.3337 0.4707 0.1248 0.0086
103 0.0691 0.0873 0.6157 0.2230 0.0045
104 0.1423 0.1316 0.6279 0.0891 0.0090
105 0.0722 0.1392 0.5337 0.2444 0.0106
106 0.2031 0.0923 0.4507 0.2031 0.0510
107 0.3494 0.3662 0.2458 0.0093 0.0294
108 0.2400 0.0836 0.4019 0.2325 0.0420
109 0.3198 0.0547 0.3796 0.2197 0.0260
110 0.2493 0.3054 0.2234 0.0168 0.2051
111 0.4106 0.0286 0.4509 0.0960 0.0137
112 0.0770 0.1875 0.5513 0.0943 0.0900
113 0.2242 0.0576 0.5215 0.1775 0.0191
114 0.2974 0.0449 0.3938 0.2108 0.0533
115 0.5483 0.0203 0.2216 0.1752 0.0348
116 0.7002 0.0398 0.1637 0.0421 0.0544
117 0.4939 0.0268 0.2371 0.1790 0.0633
118 0.2209 0.1531 0.3291 0.0776 0.2192
119 0.3589 0.1004 0.4829 0.0323 0.0256
120 0.1377 0.0539 0.3804 0.4048 0.0232
121 0.1453 0.0471 0.6021 0.1752 0.0304
122 0.0882 0.0335 0.7861 0.0656 0.0265
123 0.2754 0.0345 0.5308 0.1148 0.0443
124 0.5430 0.0690 0.1862 0.1776 0.0244
125 0.2993 0.0603 0.4709 0.1414 0.0281
126 0.4062 0.1616 0.2927 0.0892 0.0501
127 0.3142 0.0439 0.3674 0.1351 0.1394
128 0.4868 0.0833 0.1921 0.2014 0.0364
129 0.5220 0.0328 0.3318 0.0872 0.0262
130 0.3547 0.0410 0.4924 0.0918 0.0200
131 0.4712 0.0387 0.3091 0.1288 0.0525
132 0.2219 0.0693 0.3958 0.3035 0.0098
133 0.1057 0.0349 0.7690 0.0651 0.0255
134 0.2524 0.0446 0.2771 0.3970 0.0288
135 0.4126 0.0442 0.1494 0.2107 0.1831
136 0.2098 0.0472 0.5532 0.1713 0.0186
137 0.3572 0.0656 0.3354 0.2341 0.0077
138 0.1837 0.0796 0.6118 0.1132 0.0119
139 0.4529 0.0825 0.2925 0.1360 0.0363
140 0.2644 0.2583 0.3318 0.1270 0.0186
141 0.1254 0.0322 0.2654 0.5708 0.0061
142 0.4028 0.0235 0.1307 0.4221 0.0209
143 0.4131 0.1544 0.2976 0.0936 0.0412
144 0.3735 0.1606 0.2864 0.1364 0.0432
145 0.4070 0.0464 0.1750 0.3535 0.0182
146 0.1759 0.0512 0.3499 0.3901 0.0331
147 0.3577 0.0515 0.3157 0.2419 0.0333
148 0.3440 0.0527 0.4700 0.1207 0.0125
149 0.4468 0.0442 0.2666 0.2281 0.0142
150 0.2629 0.1030 0.2180 0.3223 0.0938
151 0.1337 0.0584 0.3413 0.4453 0.0211
152 0.2979 0.3594 0.2842 0.0324 0.0260
153 0.3088 0.0818 0.3391 0.2190 0.0512
154 0.5493 0.1869 0.1389 0.1179 0.0070
155 0.2927 0.0292 0.1831 0.4604 0.0347
156 0.2253 0.0984 0.3955 0.2325 0.0480
157 0.2830 0.0662 0.3992 0.2274 0.0242
158 0.1442 0.2377 0.5527 0.0573 0.0084
159 0.2937 0.0748 0.3381 0.1957 0.0977
160 0.0411 0.0431 0.1287 0.7759 0.0111
161 0.2218 0.0458 0.1897 0.5239 0.0191
162 0.1609 0.0991 0.1941 0.3799 0.1660
163 0.1895 0.2844 0.3652 0.1387 0.0223
164 0.1842 0.4351 0.1600 0.1842 0.0366
165 0.0687 0.4409 0.3127 0.1674 0.0104
166 0.1915 0.0225 0.1827 0.5630 0.0402
167 0.1403 0.1947 0.3696 0.1627 0.1328
168 0.0984 0.2551 0.3772 0.2397 0.0295
169 0.2932 0.1185 0.2886 0.2842 0.0157
170 0.1670 0.0367 0.2014 0.5830 0.0122
171 0.1826 0.0190 0.3010 0.4736 0.0239
172 0.2075 0.0268 0.4258 0.3264 0.0133
173 0.4558 0.0716 0.3389 0.0986 0.0352
174 0.1566 0.0463 0.4751 0.3020 0.0199
175 0.2490 0.0625 0.3049 0.3457 0.0379
176 0.1232 0.0348 0.5435 0.2649 0.0337
177 0.1267 0.0369 0.5859 0.2295 0.0207
178 0.2157 0.0481 0.4861 0.2332 0.0170
179 0.2303 0.0359 0.1465 0.5615 0.0258
180 0.2639 0.1370 0.0884 0.4153 0.0956
181 0.3875 0.0706 0.0567 0.4321 0.0533
182 0.6416 0.0896 0.0338 0.1754 0.0597
183 0.6377 0.0905 0.0341 0.1771 0.0607
184 0.6367 0.0917 0.0343 0.1768 0.0606
