time exciting_prob fearful_prob tense_prob sad_prob relaxing_prob
0 0.2037 0.2830 0.2496 0.2310 0.0327
1 0.7378 0.0464 0.0983 0.0345 0.0828
2 0.7329 0.0457 0.0992 0.0388 0.0835
3 0.7378 0.0423 0.0953 0.0423 0.0822
4 0.8706 0.0469 0.0420 0.0184 0.0221
5 0.8652 0.0481 0.0459 0.0197 0.0210
6 0.8667 0.0478 0.0452 0.0191 0.0210
7 0.9614 0.0146 0.0065 0.0171 0.0006
8 0.9614 0.0147 0.0065 0.0167 0.0006
9 0.9614 0.0144 0.0064 0.0171 0.0006
10 0.4258 0.1404 0.1027 0.3213 0.0099
11 0.0563 0.3943 0.3879 0.0403 0.1212
12 0.0498 0.4504 0.4102 0.0256 0.0639
13 0.1082 0.2637 0.4211 0.0202 0.1869
14 0.0695 0.2296 0.3501 0.0757 0.2749
15 0.0306 0.4675 0.3367 0.1201 0.0452
16 0.0807 0.4644 0.3730 0.0361 0.0460
17 0.0659 0.3142 0.3909 0.0501 0.1790
18 0.0510 0.3596 0.3406 0.0218 0.2269
19 0.0372 0.0770 0.4753 0.2883 0.1221
20 0.1097 0.2612 0.2913 0.2737 0.0640
21 0.0321 0.3420 0.4531 0.1201 0.0525
22 0.1969 0.3826 0.2549 0.0148 0.1510
23 0.1149 0.3623 0.4580 0.0163 0.0483
24 0.0758 0.2751 0.4570 0.1394 0.0525
25 0.1189 0.3284 0.2203 0.0265 0.3059
26 0.1515 0.3579 0.3635 0.0455 0.0817
27 0.0302 0.5312 0.3887 0.0342 0.0154
28 0.0474 0.2905 0.3345 0.0752 0.2524
29 0.0486 0.1938 0.3350 0.3977 0.0246
30 0.0237 0.2815 0.3970 0.0679 0.2299
31 0.3579 0.2007 0.2257 0.0641 0.1515
32 0.0328 0.4670 0.1705 0.2832 0.0463
33 0.1899 0.1914 0.3281 0.1033 0.1870
34 0.1412 0.3523 0.4382 0.0207 0.0477
35 0.2032 0.3376 0.3430 0.0350 0.0809
36 0.1305 0.0955 0.2186 0.4629 0.0926
37 0.1953 0.2629 0.4368 0.0189 0.0860
38 0.0823 0.2135 0.5083 0.1650 0.0308
39 0.1140 0.3198 0.4204 0.0362 0.1097
40 0.2930 0.3589 0.2126 0.0638 0.0718
41 0.1647 0.1465 0.5112 0.0803 0.0975
42 0.2556 0.2617 0.3835 0.0181 0.0811
43 0.2135 0.2135 0.4700 0.0310 0.0721
44 0.1843 0.3159 0.3389 0.1199 0.0408
45 0.2957 0.1429 0.3857 0.0413 0.1343
46 0.1820 0.1373 0.5435 0.0115 0.1260
47 0.0254 0.7837 0.1405 0.0409 0.0093
48 0.1299 0.1329 0.2625 0.3240 0.1506
49 0.3284 0.2188 0.3362 0.0310 0.0857
50 0.3838 0.1126 0.3960 0.0308 0.0768
51 0.1689 0.1514 0.2186 0.3748 0.0863
52 0.0977 0.2272 0.5537 0.0247 0.0969
53 0.1505 0.1680 0.3936 0.0318 0.2561
54 0.0386 0.4929 0.2188 0.2188 0.0308
55 0.0851 0.3938 0.4675 0.0336 0.0201
56 0.2449 0.1070 0.2668 0.0644 0.3169
57 0.1268 0.0906 0.6699 0.0965 0.0163
58 0.0566 0.1143 0.7993 0.0241 0.0055
59 0.2484 0.1146 0.4902 0.0209 0.1259
60 0.2025 0.1801 0.5132 0.0173 0.0871
61 0.1541 0.3040 0.2294 0.1381 0.1746
62 0.1476 0.2267 0.5439 0.0059 0.0759
63 0.2656 0.1411 0.2986 0.1663 0.1284
64 0.0109 0.0952 0.0789 0.7969 0.0180
65 0.3376 0.1242 0.3567 0.0471 0.1343
66 0.1810 0.1169 0.4734 0.0726 0.1561
67 0.1691 0.2188 0.4932 0.1025 0.0165
68 0.1050 0.1718 0.3665 0.0864 0.2703
69 0.1542 0.2351 0.5381 0.0326 0.0399
70 0.2056 0.3110 0.3235 0.0197 0.1403
71 0.1048 0.2185 0.4277 0.1433 0.1057
72 0.1407 0.2489 0.2776 0.0439 0.2888
73 0.0974 0.2373 0.2566 0.3506 0.0581
74 0.1194 0.3794 0.3853 0.0370 0.0789
75 0.0558 0.5337 0.3667 0.0318 0.0121
76 0.0560 0.5396 0.3767 0.0186 0.0090
77 0.1689 0.2598 0.4851 0.0727 0.0134
78 0.0721 0.2458 0.5327 0.1256 0.0236
79 0.2715 0.2064 0.4475 0.0362 0.0385
80 0.0195 0.1599 0.7993 0.0178 0.0034
81 0.0605 0.2607 0.5518 0.0989 0.0281
82 0.0553 0.2087 0.6328 0.0571 0.0459
83 0.1030 0.3101 0.4338 0.0382 0.1149
84 0.0388 0.2081 0.5928 0.1476 0.0125
85 0.0843 0.2598 0.5542 0.0762 0.0257
86 0.1449 0.3879 0.2524 0.1847 0.0302
87 0.1354 0.4238 0.1344 0.1851 0.1214
88 0.4287 0.2073 0.2173 0.0711 0.0757
89 0.0480 0.2517 0.4631 0.2087 0.0285
90 0.0493 0.3818 0.4827 0.0839 0.0024
91 0.0886 0.3215 0.5552 0.0254 0.0092
92 0.2223 0.2188 0.4817 0.0232 0.0540
93 0.0807 0.4365 0.3245 0.1070 0.0513
94 0.1299 0.3906 0.3213 0.0942 0.0638
95 0.0297 0.3142 0.4790 0.1520 0.0252
96 0.1312 0.5396 0.2629 0.0293 0.0370
97 0.2330 0.4458 0.1746 0.1018 0.0448
98 0.2003 0.5488 0.2019 0.0205 0.0286
99 0.1974 0.2085 0.5664 0.0076 0.0200
100 0.2478 0.2346 0.4739 0.0175 0.0261
101 0.0647 0.6533 0.2040 0.0728 0.0051
102 0.0290 0.3191 0.5820 0.0638 0.0061
103 0.1193 0.5518 0.2487 0.0595 0.0211
104 0.1184 0.2507 0.5391 0.0286 0.0634
105 0.2363 0.3689 0.3438 0.0213 0.0298
106 0.0719 0.5229 0.3298 0.0605 0.0146
107 0.0668 0.4895 0.3997 0.0157 0.0283
108 0.3770 0.3889 0.1633 0.0475 0.0233
109 0.1924 0.5229 0.2395 0.0173 0.0277
110 0.2047 0.1451 0.1301 0.4470 0.0730
111 0.2017 0.3889 0.1431 0.2285 0.0379
112 0.1136 0.5254 0.1788 0.1371 0.0449
113 0.0615 0.3916 0.4402 0.0853 0.0212
114 0.0763 0.2406 0.6543 0.0196 0.0093
115 0.0486 0.4473 0.4138 0.0629 0.0273
116 0.2305 0.4917 0.1809 0.0625 0.0343
117 0.1656 0.5142 0.2429 0.0513 0.0256
118 0.2180 0.4473 0.3074 0.0118 0.0153
119 0.0412 0.2296 0.4861 0.2369 0.0062
120 0.0190 0.2368 0.3845 0.3555 0.0042
121 0.2006 0.5327 0.0890 0.1016 0.0761
122 0.2291 0.5898 0.1236 0.0265 0.0310
123 0.1431 0.6025 0.1205 0.0803 0.0539
124 0.3630 0.4663 0.1082 0.0251 0.0374
125 0.3186 0.3726 0.2140 0.0124 0.0825
126 0.1163 0.4495 0.2993 0.0700 0.0648
127 0.1389 0.3518 0.4343 0.0515 0.0234
128 0.1423 0.3469 0.4119 0.0622 0.0366
129 0.3962 0.3259 0.1144 0.0328 0.1306
130 0.1300 0.3591 0.3269 0.0718 0.1121
131 0.1671 0.6558 0.1223 0.0209 0.0337
132 0.0536 0.7290 0.1931 0.0112 0.0131
133 0.0417 0.2739 0.5752 0.1039 0.0051
134 0.0854 0.5698 0.2756 0.0453 0.0237
135 0.1215 0.3921 0.3860 0.0655 0.0351
136 0.1670 0.4165 0.1710 0.1984 0.0471
137 0.0851 0.2642 0.4712 0.1426 0.0369
138 0.0973 0.3503 0.3396 0.0788 0.1340
139 0.0841 0.1986 0.3513 0.3149 0.0510
140 0.0126 0.0991 0.7324 0.1488 0.0073
141 0.0174 0.1345 0.8174 0.0208 0.0100
142 0.2839 0.1320 0.5020 0.0183 0.0638
143 0.3689 0.0779 0.2808 0.0940 0.1785
144 0.2568 0.1440 0.3323 0.0591 0.2079
145 0.0484 0.1611 0.6836 0.0786 0.0282
146 0.2637 0.2382 0.2964 0.0662 0.1357
147 0.0833 0.3120 0.5430 0.0542 0.0075
148 0.2449 0.2627 0.3323 0.0982 0.0619
149 0.0744 0.3442 0.4185 0.1445 0.0185
150 0.1248 0.3088 0.3667 0.0995 0.1003
151 0.4102 0.1737 0.2776 0.0432 0.0952
152 0.2800 0.1176 0.4302 0.0967 0.0754
153 0.1516 0.1759 0.3286 0.1932 0.1505
154 0.2430 0.1148 0.5068 0.0620 0.0735
155 0.2944 0.0971 0.5088 0.0441 0.0558
156 0.0877 0.0553 0.5898 0.1744 0.0927
157 0.2910 0.2690 0.3098 0.0295 0.1006
158 0.1613 0.1703 0.4927 0.1389 0.0368
159 0.1519 0.3503 0.3396 0.1472 0.0107
160 0.2334 0.1340 0.4678 0.1220 0.0428
161 0.3557 0.2043 0.2859 0.0695 0.0845
162 0.0812 0.2444 0.5864 0.0525 0.0355
163 0.2050 0.0754 0.2781 0.3101 0.1313
164 0.2202 0.2168 0.4734 0.0420 0.0476
165 0.0597 0.1344 0.3953 0.3831 0.0277
166 0.1070 0.2886 0.4468 0.1086 0.0490
167 0.0490 0.4004 0.4905 0.0493 0.0110
168 0.1849 0.0439 0.7368 0.0216 0.0126
169 0.1610 0.5493 0.2219 0.0232 0.0447
170 0.2112 0.1212 0.3047 0.2776 0.0853
171 0.6499 0.0752 0.2076 0.0339 0.0334
172 0.3174 0.1396 0.4727 0.0275 0.0429
173 0.2822 0.1006 0.5698 0.0198 0.0275
174 0.2386 0.1043 0.4673 0.0878 0.1019
175 0.1012 0.1682 0.5386 0.1394 0.0525
176 0.3142 0.2390 0.3940 0.0294 0.0235
177 0.2125 0.3345 0.3672 0.0422 0.0435
178 0.2717 0.1989 0.2739 0.1882 0.0671
179 0.3037 0.2188 0.1930 0.2072 0.0774
180 0.1088 0.1140 0.4580 0.2734 0.0457
181 0.0557 0.0933 0.6890 0.1378 0.0241
182 0.0421 0.0473 0.3777 0.5083 0.0249
183 0.1986 0.3828 0.3250 0.0625 0.0312
184 0.3022 0.2908 0.0981 0.2732 0.0358
185 0.4983 0.1567 0.2751 0.0277 0.0422
186 0.1733 0.0831 0.2542 0.4255 0.0638
187 0.0718 0.0486 0.1592 0.6299 0.0907
188 0.0766 0.1635 0.3860 0.3406 0.0334
189 0.1214 0.0194 0.2452 0.5444 0.0697
190 0.1111 0.0478 0.1748 0.6392 0.0270
191 0.1813 0.2678 0.4629 0.0310 0.0570
192 0.1799 0.2440 0.4316 0.1002 0.0444
193 0.1997 0.2793 0.4194 0.0406 0.0609
194 0.0892 0.3115 0.5425 0.0210 0.0358
195 0.1731 0.3416 0.4285 0.0315 0.0251
196 0.0917 0.1064 0.7500 0.0362 0.0158
197 0.1041 0.1246 0.7285 0.0166 0.0263
198 0.0847 0.3794 0.5269 0.0049 0.0042
199 0.0423 0.1595 0.6665 0.1262 0.0055
200 0.1004 0.2976 0.5645 0.0219 0.0156
201 0.2319 0.1984 0.4578 0.0564 0.0555
202 0.0636 0.3132 0.5942 0.0215 0.0075
203 0.1898 0.2036 0.4146 0.1400 0.0519
204 0.1216 0.3130 0.4277 0.0715 0.0661
205 0.0773 0.3206 0.5288 0.0354 0.0380
206 0.3413 0.3748 0.1785 0.0414 0.0641
207 0.0492 0.3523 0.5854 0.0093 0.0037
208 0.1022 0.0916 0.3916 0.3123 0.1022
209 0.2205 0.3870 0.3159 0.0315 0.0451
210 0.0782 0.5098 0.3643 0.0439 0.0041
211 0.1542 0.0304 0.1775 0.5640 0.0740
212 0.0878 0.1873 0.5859 0.1163 0.0229
213 0.1311 0.1157 0.4797 0.1038 0.1697
214 0.1170 0.2457 0.5625 0.0626 0.0121
215 0.1434 0.3416 0.4153 0.0259 0.0739
216 0.1874 0.1219 0.4602 0.1733 0.0572
217 0.0826 0.4468 0.4539 0.0127 0.0042
218 0.1113 0.0747 0.7031 0.0901 0.0207
219 0.1949 0.2279 0.5342 0.0172 0.0258
220 0.2266 0.0982 0.5068 0.1046 0.0639
221 0.1633 0.1213 0.4543 0.2321 0.0288
222 0.1897 0.2416 0.4919 0.0376 0.0391
223 0.0918 0.1478 0.7109 0.0144 0.0349
224 0.1000 0.1573 0.3306 0.3411 0.0709
225 0.1188 0.3464 0.4661 0.0472 0.0216
226 0.2410 0.0966 0.3452 0.2061 0.1112
227 0.2097 0.1880 0.5791 0.0061 0.0171
228 0.1508 0.1183 0.4329 0.2524 0.0453
229 0.1348 0.0934 0.4456 0.2520 0.0745
230 0.0434 0.1899 0.5669 0.1870 0.0127
231 0.1191 0.2465 0.5776 0.0478 0.0092
232 0.0595 0.0758 0.6348 0.2159 0.0139
233 0.1311 0.1497 0.5103 0.1556 0.0534
234 0.1125 0.1798 0.3230 0.3257 0.0588
235 0.1340 0.0633 0.5732 0.2075 0.0220
236 0.1022 0.0828 0.3484 0.3596 0.1071
237 0.4067 0.0807 0.2264 0.2411 0.0450
238 0.2747 0.1747 0.4602 0.0306 0.0599
239 0.1050 0.3062 0.4385 0.0994 0.0511
240 0.2369 0.1964 0.3875 0.1229 0.0563
241 0.1599 0.1599 0.5669 0.0693 0.0441
242 0.1556 0.1451 0.4165 0.1670 0.1157
243 0.1530 0.1919 0.5381 0.0806 0.0363
244 0.1048 0.1797 0.6079 0.0682 0.0395
245 0.1779 0.1486 0.4333 0.1029 0.1375
246 0.1492 0.2966 0.4890 0.0185 0.0466
247 0.1760 0.3474 0.4031 0.0313 0.0421
248 0.0883 0.1082 0.6782 0.0671 0.0583
249 0.1440 0.2146 0.5835 0.0219 0.0361
250 0.1154 0.1705 0.2620 0.4187 0.0336
251 0.1918 0.1051 0.3843 0.2856 0.0331
252 0.3416 0.2330 0.3752 0.0207 0.0294
253 0.1616 0.1775 0.5732 0.0369 0.0509
254 0.1654 0.2426 0.5640 0.0118 0.0165
255 0.1564 0.1552 0.4055 0.2559 0.0272
256 0.1222 0.1139 0.5103 0.2178 0.0358
257 0.1478 0.0883 0.2986 0.4346 0.0305
258 0.1345 0.2986 0.4211 0.1245 0.0213
259 0.2467 0.1384 0.2795 0.2467 0.0887
260 0.2236 0.0523 0.2783 0.3745 0.0715
261 0.2350 0.0258 0.3367 0.3875 0.0151
262 0.2729 0.3940 0.2839 0.0295 0.0195
263 0.1036 0.1250 0.6108 0.1300 0.0306
264 0.0939 0.1700 0.6123 0.1023 0.0216
265 0.0456 0.3264 0.3420 0.2815 0.0044
266 0.0375 0.2013 0.6919 0.0649 0.0044
267 0.4011 0.1409 0.3770 0.0803 0.0009
268 0.4021 0.1389 0.3777 0.0804 0.0009
269 0.4021 0.1389 0.3777 0.0804 0.0009
270 0.9927 0.0006 0.0005 0.0045 0.0017
271 0.9922 0.0006 0.0006 0.0047 0.0017
272 0.9922 0.0006 0.0006 0.0051 0.0017
273 0.2037 0.2830 0.2496 0.2310 0.0327
274 0.2228 0.4573 0.2194 0.0456 0.0550
275 0.2246 0.4683 0.2178 0.0409 0.0486
276 0.2274 0.4595 0.1827 0.0383 0.0919
