time exciting_prob fearful_prob tense_prob sad_prob relaxing_prob
0 0.2676 0.0330 0.3894 0.2474 0.0626
1 0.3735 0.0439 0.0959 0.4575 0.0293
2 0.3032 0.1549 0.1797 0.3435 0.0188
3 0.3032 0.0427 0.1927 0.4551 0.0064
4 0.2542 0.0281 0.2041 0.4822 0.0316
5 0.3218 0.1776 0.3267 0.1202 0.0537
6 0.2244 0.2502 0.3787 0.0546 0.0921
7 0.1681 0.3291 0.4224 0.0384 0.0421
8 0.1760 0.2856 0.3611 0.1172 0.0599
9 0.1936 0.3372 0.3169 0.1053 0.0471
10 0.2385 0.2480 0.2404 0.1704 0.1026
11 0.2034 0.1726 0.1477 0.0388 0.4375
12 0.3870 0.1010 0.0884 0.0683 0.3552
13 0.3125 0.1488 0.2018 0.0362 0.3005
14 0.2546 0.2356 0.2283 0.1281 0.1533
15 0.3257 0.2007 0.2966 0.1348 0.0424
16 0.2441 0.4670 0.2073 0.0338 0.0477
17 0.1948 0.5376 0.2190 0.0289 0.0194
18 0.0668 0.7651 0.1329 0.0089 0.0264
19 0.1395 0.5347 0.1750 0.0952 0.0555
20 0.1257 0.3608 0.2367 0.2258 0.0508
21 0.1602 0.5464 0.2500 0.0253 0.0182
22 0.1313 0.6265 0.1925 0.0273 0.0225
23 0.1510 0.6260 0.1969 0.0110 0.0152
24 0.1508 0.6704 0.1240 0.0331 0.0219
25 0.1129 0.6099 0.1919 0.0717 0.0135
26 0.0660 0.7266 0.1488 0.0506 0.0079
27 0.0524 0.7939 0.1074 0.0330 0.0133
28 0.0427 0.8311 0.0985 0.0218 0.0057
29 0.0414 0.8057 0.1082 0.0389 0.0060
30 0.0393 0.8345 0.1004 0.0126 0.0134
31 0.0740 0.6963 0.1494 0.0292 0.0512
32 0.5117 0.0192 0.0440 0.3987 0.0263
33 0.6147 0.0438 0.0537 0.2603 0.0276
34 0.4656 0.1398 0.2200 0.1609 0.0136
35 0.3567 0.1909 0.2651 0.1534 0.0337
36 0.4729 0.0650 0.3569 0.0875 0.0176
37 0.3357 0.1367 0.4312 0.0823 0.0142
38 0.2466 0.1736 0.4644 0.0929 0.0226
39 0.0974 0.1953 0.3591 0.3220 0.0260
40 0.2769 0.1436 0.3965 0.1541 0.0292
41 0.4502 0.0752 0.2428 0.1776 0.0542
42 0.1628 0.1935 0.3672 0.2092 0.0674
43 0.2510 0.1725 0.2549 0.2866 0.0353
44 0.1549 0.4114 0.3411 0.0503 0.0424
45 0.1470 0.3416 0.3525 0.1381 0.0210
46 0.1743 0.2659 0.3992 0.1009 0.0598
47 0.1702 0.2085 0.5581 0.0491 0.0141
48 0.2375 0.3196 0.3123 0.0660 0.0645
49 0.1201 0.2927 0.2881 0.2664 0.0328
50 0.1471 0.3367 0.4529 0.0489 0.0145
51 0.3984 0.3252 0.1912 0.0487 0.0365
52 0.1110 0.1919 0.3936 0.2388 0.0648
53 0.1059 0.2424 0.4390 0.1360 0.0768
54 0.1603 0.3137 0.3289 0.1043 0.0928
55 0.1945 0.1400 0.4966 0.0598 0.1091
56 0.1544 0.3096 0.4646 0.0297 0.0419
57 0.2605 0.2126 0.3733 0.0387 0.1147
58 0.1672 0.1334 0.5571 0.0931 0.0491
59 0.0818 0.2681 0.4219 0.1871 0.0411
60 0.1641 0.3877 0.3699 0.0594 0.0190
61 0.0875 0.4207 0.1512 0.2891 0.0515
62 0.0564 0.0821 0.3738 0.4727 0.0151
63 0.1571 0.1621 0.3889 0.2756 0.0162
64 0.1965 0.1708 0.5020 0.0914 0.0396
65 0.1886 0.3416 0.3159 0.0986 0.0553
66 0.1530 0.4124 0.2834 0.0812 0.0700
67 0.1371 0.5859 0.1615 0.0262 0.0892
68 0.1597 0.5571 0.1766 0.0150 0.0917
69 0.1940 0.1823 0.1837 0.1986 0.2415
70 0.1646 0.2129 0.0930 0.1096 0.4202
71 0.1689 0.1337 0.1611 0.2808 0.2556
72 0.0702 0.1908 0.0881 0.1521 0.4988
73 0.1171 0.0948 0.1978 0.4893 0.1010
74 0.0709 0.0089 0.0511 0.8369 0.0324
75 0.1013 0.1166 0.1697 0.5142 0.0981
76 0.0568 0.1166 0.4539 0.3218 0.0509
77 0.0583 0.1377 0.4658 0.2781 0.0602
78 0.1367 0.2185 0.3833 0.2476 0.0139
79 0.1737 0.1104 0.2489 0.4299 0.0370
80 0.1131 0.1242 0.4138 0.3223 0.0267
81 0.0688 0.1481 0.4153 0.3442 0.0234
82 0.0953 0.2397 0.4478 0.1754 0.0417
83 0.1091 0.2786 0.2876 0.2876 0.0371
84 0.0750 0.2008 0.5376 0.1744 0.0123
85 0.1237 0.1564 0.3364 0.3694 0.0142
86 0.0993 0.1125 0.2966 0.4739 0.0177
87 0.0819 0.2261 0.4939 0.1788 0.0191
88 0.0796 0.1633 0.3916 0.3457 0.0198
89 0.0724 0.2690 0.4722 0.0724 0.1140
90 0.0858 0.2333 0.4639 0.0618 0.1554
91 0.1177 0.1488 0.5444 0.1465 0.0426
92 0.2808 0.1871 0.3606 0.1266 0.0448
93 0.1833 0.1428 0.4907 0.1569 0.0262
94 0.1847 0.2605 0.3242 0.2029 0.0277
95 0.2097 0.2490 0.2451 0.2778 0.0185
96 0.1897 0.3953 0.2634 0.1081 0.0437
97 0.1925 0.4766 0.1547 0.1283 0.0479
98 0.1461 0.1655 0.5513 0.0600 0.0770
99 0.0555 0.1353 0.6865 0.0873 0.0353
100 0.0757 0.2334 0.4429 0.1735 0.0746
101 0.0941 0.1411 0.3181 0.2598 0.1870
102 0.1599 0.0743 0.6323 0.0940 0.0392
103 0.1403 0.0762 0.7012 0.0688 0.0137
104 0.2253 0.2676 0.2253 0.2634 0.0181
105 0.2151 0.2761 0.2939 0.1927 0.0220
106 0.1537 0.3687 0.1399 0.1840 0.1537
107 0.1124 0.4177 0.2739 0.1116 0.0842
108 0.2012 0.3342 0.1790 0.1506 0.1350
109 0.1699 0.0895 0.3596 0.3486 0.0324
110 0.1460 0.2371 0.2484 0.3291 0.0393
111 0.1759 0.0473 0.2367 0.5249 0.0150
112 0.2157 0.4028 0.2856 0.0550 0.0408
113 0.1145 0.5815 0.2106 0.0155 0.0781
114 0.1083 0.2440 0.4023 0.1731 0.0721
115 0.1313 0.2166 0.2961 0.2737 0.0822
116 0.2268 0.1105 0.4727 0.1711 0.0189
117 0.1786 0.3232 0.4087 0.0641 0.0251
118 0.1113 0.2932 0.4988 0.0538 0.0429
119 0.1135 0.2898 0.4851 0.0710 0.0408
120 0.1653 0.6045 0.1182 0.0177 0.0942
121 0.1648 0.6318 0.1388 0.0128 0.0518
122 0.1630 0.4160 0.2334 0.1289 0.0586
123 0.0557 0.1235 0.3804 0.2202 0.2202
124 0.2308 0.1040 0.4810 0.1586 0.0255
125 0.1278 0.0935 0.4822 0.1666 0.1298
126 0.1614 0.1127 0.5547 0.1181 0.0532
127 0.0731 0.1132 0.3430 0.1725 0.2981
128 0.1801 0.5415 0.2441 0.0149 0.0193
129 0.1735 0.4360 0.3142 0.0439 0.0323
130 0.1218 0.7173 0.1368 0.0109 0.0131
131 0.1910 0.0760 0.0917 0.6069 0.0342
132 0.1015 0.3713 0.4480 0.0404 0.0388
133 0.0792 0.5366 0.3464 0.0054 0.0325
134 0.1324 0.3354 0.4587 0.0127 0.0606
135 0.1495 0.3215 0.4534 0.0217 0.0537
136 0.1137 0.2771 0.5342 0.0146 0.0604
137 0.1036 0.3240 0.5020 0.0201 0.0505
138 0.0828 0.4011 0.4546 0.0091 0.0522
139 0.0858 0.3474 0.4976 0.0150 0.0541
140 0.0477 0.4741 0.4385 0.0086 0.0310
141 0.0908 0.3481 0.4612 0.0400 0.0600
142 0.0483 0.1536 0.5112 0.2612 0.0255
143 0.0552 0.1326 0.4924 0.2805 0.0392
144 0.0693 0.0640 0.2494 0.5361 0.0810
145 0.0814 0.1029 0.3591 0.4006 0.0559
146 0.0651 0.1885 0.4592 0.1515 0.1357
147 0.0628 0.2837 0.4001 0.1052 0.1483
148 0.0989 0.2930 0.4504 0.0639 0.0937
149 0.0875 0.2115 0.5933 0.0359 0.0720
150 0.0669 0.1891 0.6396 0.0521 0.0521
151 0.0657 0.1859 0.6489 0.0493 0.0504
152 0.0811 0.2118 0.5161 0.0869 0.1041
153 0.0730 0.2529 0.5352 0.0601 0.0789
154 0.0795 0.2062 0.5435 0.0952 0.0759
155 0.0989 0.2488 0.4365 0.0915 0.1241
156 0.0948 0.2578 0.4741 0.0657 0.1075
157 0.1810 0.3330 0.2325 0.1549 0.0984
158 0.2915 0.3176 0.2343 0.1187 0.0379
159 0.0241 0.2593 0.3225 0.3381 0.0561
160 0.0391 0.2339 0.2231 0.3098 0.1940
161 0.1343 0.3171 0.2957 0.1849 0.0681
162 0.0414 0.1515 0.3257 0.2576 0.2239
163 0.0605 0.2712 0.3123 0.1545 0.2015
164 0.1431 0.1454 0.1454 0.4338 0.1323
165 0.0676 0.4915 0.2549 0.0999 0.0861
166 0.0537 0.3503 0.4570 0.0734 0.0653
167 0.1238 0.4028 0.2225 0.1219 0.1288
168 0.0932 0.2698 0.2698 0.2495 0.1179
169 0.2869 0.1912 0.1866 0.1781 0.1572
170 0.2158 0.3091 0.2749 0.1129 0.0872
171 0.1527 0.2366 0.3496 0.1677 0.0934
172 0.3132 0.4453 0.1650 0.0285 0.0480
173 0.2230 0.0702 0.1396 0.4041 0.1632
174 0.0884 0.2386 0.4253 0.1228 0.1248
175 0.0674 0.2158 0.5176 0.1415 0.0576
176 0.0722 0.2969 0.4971 0.0520 0.0818
177 0.0815 0.4238 0.4304 0.0081 0.0560
178 0.1024 0.1178 0.3303 0.1882 0.2612
179 0.1913 0.0574 0.3254 0.1294 0.2964
180 0.0723 0.2815 0.4639 0.1393 0.0432
181 0.0353 0.7383 0.2018 0.0179 0.0068
182 0.1488 0.1686 0.4653 0.1376 0.0797
183 0.1647 0.1647 0.3542 0.2434 0.0731
184 0.2600 0.1171 0.4421 0.1228 0.0580
185 0.1697 0.2798 0.2776 0.2301 0.0429
186 0.3059 0.1664 0.2170 0.2830 0.0276
187 0.2727 0.1068 0.2856 0.1415 0.1934
188 0.3079 0.0527 0.1700 0.3892 0.0803
189 0.5029 0.0998 0.0887 0.2213 0.0873
190 0.1215 0.3831 0.2218 0.2201 0.0535
191 0.2086 0.1207 0.2401 0.3777 0.0527
192 0.0712 0.6147 0.2279 0.0585 0.0279
193 0.1328 0.1705 0.3555 0.2642 0.0769
194 0.2279 0.0674 0.2881 0.2927 0.1239
195 0.2424 0.4424 0.1200 0.0448 0.1505
196 0.2262 0.1708 0.2334 0.2524 0.1174
197 0.1923 0.0789 0.1953 0.4758 0.0577
198 0.2585 0.3479 0.2299 0.0758 0.0880
199 0.1932 0.0927 0.1154 0.3040 0.2947
200 0.1537 0.1989 0.2595 0.2634 0.1245
201 0.1038 0.1071 0.3149 0.4441 0.0300
202 0.2106 0.2073 0.2856 0.2009 0.0956
203 0.1128 0.1164 0.5728 0.1747 0.0231
204 0.2937 0.1345 0.2983 0.2150 0.0583
205 0.1782 0.0954 0.2117 0.3716 0.1432
206 0.3552 0.0647 0.1873 0.3135 0.0793
207 0.1887 0.2788 0.4387 0.0585 0.0352
208 0.1443 0.3152 0.3127 0.1700 0.0578
209 0.1117 0.7573 0.0919 0.0247 0.0141
210 0.0516 0.1978 0.1589 0.5547 0.0372
211 0.1455 0.1927 0.1869 0.4343 0.0404
212 0.2590 0.0645 0.2147 0.2471 0.2147
213 0.1868 0.3435 0.2893 0.1500 0.0305
214 0.2817 0.1556 0.3975 0.1310 0.0342
215 0.0736 0.0556 0.0960 0.7554 0.0195
216 0.2285 0.2800 0.2651 0.1571 0.0692
217 0.2073 0.0948 0.1801 0.4253 0.0927
218 0.1144 0.0762 0.2139 0.5132 0.0825
219 0.1202 0.1221 0.2817 0.4097 0.0663
220 0.1324 0.4734 0.2476 0.1188 0.0278
221 0.3250 0.0703 0.2303 0.3513 0.0232
222 0.3762 0.0624 0.1362 0.3372 0.0880
223 0.1530 0.1415 0.1733 0.4094 0.1229
224 0.2177 0.1593 0.4468 0.1221 0.0542
225 0.1909 0.2233 0.3350 0.1821 0.0686
226 0.2939 0.1024 0.1284 0.4553 0.0200
227 0.1213 0.2488 0.3735 0.2179 0.0385
228 0.1504 0.5591 0.1718 0.0062 0.1127
229 0.1384 0.2817 0.1998 0.3506 0.0295
230 0.2140 0.5552 0.1027 0.1210 0.0072
231 0.0640 0.0748 0.0946 0.7212 0.0454
232 0.0407 0.7988 0.1273 0.0123 0.0210
233 0.0576 0.5093 0.1844 0.1874 0.0613
234 0.2698 0.0322 0.1378 0.3989 0.1611
235 0.1759 0.2766 0.3608 0.1447 0.0418
236 0.1630 0.0944 0.2408 0.4294 0.0723
237 0.2301 0.2864 0.2145 0.1984 0.0707
238 0.3438 0.1143 0.1650 0.2852 0.0918
239 0.1812 0.5801 0.1501 0.0842 0.0045
240 0.2251 0.1097 0.1499 0.2756 0.2396
241 0.2349 0.0220 0.0508 0.4819 0.2104
242 0.2485 0.2839 0.2861 0.1405 0.0409
243 0.2455 0.2612 0.2306 0.1313 0.1313
244 0.1844 0.1760 0.1680 0.3816 0.0899
245 0.2986 0.3491 0.2006 0.0856 0.0661
246 0.2974 0.4163 0.1862 0.0493 0.0509
247 0.1971 0.4077 0.2019 0.1177 0.0754
248 0.0817 0.0480 0.6729 0.1367 0.0607
249 0.1148 0.1923 0.5830 0.0560 0.0538
250 0.0932 0.2573 0.4377 0.1586 0.0531
251 0.1205 0.5571 0.2360 0.0535 0.0329
252 0.1903 0.2090 0.3611 0.1815 0.0580
253 0.1104 0.3347 0.2411 0.2095 0.1045
254 0.1212 0.5391 0.2145 0.0777 0.0475
255 0.1345 0.3079 0.3127 0.1796 0.0656
256 0.1504 0.3442 0.2944 0.1758 0.0352
257 0.1425 0.3933 0.3364 0.0964 0.0313
258 0.2871 0.3926 0.1235 0.1049 0.0918
259 0.2844 0.3486 0.2048 0.1365 0.0257
260 0.1106 0.2454 0.2869 0.2825 0.0748
261 0.0699 0.3335 0.2681 0.2991 0.0294
262 0.0813 0.6147 0.2125 0.0154 0.0758
263 0.1304 0.4343 0.2717 0.0773 0.0862
264 0.1135 0.3110 0.2744 0.2788 0.0222
265 0.1892 0.2585 0.3479 0.0887 0.1157
266 0.2345 0.2920 0.1885 0.2169 0.0682
267 0.1164 0.2278 0.1164 0.4976 0.0418
268 0.1234 0.4587 0.2573 0.0809 0.0797
269 0.0564 0.4302 0.2267 0.2778 0.0089
270 0.0358 0.8398 0.0769 0.0381 0.0092
271 0.0558 0.7822 0.1145 0.0325 0.0148
272 0.2522 0.2522 0.0957 0.3967 0.0031
273 0.1465 0.1660 0.4304 0.2268 0.0302
274 0.0173 0.6909 0.2314 0.0366 0.0235
275 0.1000 0.4885 0.1825 0.0317 0.1974
276 0.1123 0.5703 0.1534 0.0219 0.1420
277 0.0972 0.4495 0.2947 0.0415 0.1172
278 0.0356 0.7036 0.2321 0.0182 0.0104
279 0.0416 0.5830 0.2798 0.0501 0.0457
280 0.0412 0.6499 0.1982 0.0551 0.0555
281 0.1146 0.4861 0.2727 0.0478 0.0787
282 0.1173 0.5298 0.2542 0.0409 0.0576
283 0.0388 0.4761 0.1322 0.0410 0.3123
284 0.4050 0.2515 0.2382 0.0398 0.0656
285 0.1021 0.3975 0.2094 0.1121 0.1791
286 0.1136 0.4321 0.2600 0.0474 0.1470
287 0.3164 0.0215 0.2107 0.1494 0.3020
288 0.1157 0.6982 0.1375 0.0153 0.0334
289 0.1211 0.6597 0.1735 0.0170 0.0285
290 0.0840 0.4612 0.2886 0.1429 0.0231
291 0.0845 0.4004 0.2428 0.1372 0.1351
292 0.0755 0.7109 0.1151 0.0123 0.0862
293 0.0569 0.5928 0.1780 0.0909 0.0815
294 0.0739 0.2460 0.5542 0.1162 0.0095
295 0.0486 0.5229 0.2754 0.0789 0.0742
296 0.1538 0.1611 0.3059 0.2830 0.0963
297 0.2783 0.0386 0.1074 0.3689 0.2069
298 0.3059 0.0261 0.0651 0.2920 0.3108
299 0.1128 0.5469 0.0590 0.0674 0.2141
300 0.1252 0.1584 0.6167 0.0650 0.0345
301 0.0661 0.1974 0.3154 0.3464 0.0749
302 0.1194 0.6064 0.1671 0.0436 0.0634
303 0.3477 0.4160 0.0757 0.1182 0.0425
304 0.0917 0.6172 0.1610 0.1056 0.0247
305 0.2330 0.1327 0.3499 0.1843 0.1002
306 0.3350 0.2146 0.1272 0.0895 0.2339
307 0.1768 0.2378 0.2454 0.0790 0.2612
308 0.3071 0.2668 0.2488 0.0522 0.1251
309 0.3601 0.1284 0.1399 0.1124 0.2593
310 0.1055 0.7207 0.1080 0.0367 0.0288
311 0.2903 0.2859 0.2192 0.0943 0.1102
312 0.1860 0.4863 0.2465 0.0214 0.0599
313 0.0809 0.0703 0.4878 0.2452 0.1158
314 0.0773 0.1295 0.2534 0.5122 0.0276
315 0.0822 0.1536 0.4172 0.1559 0.1910
316 0.1425 0.4155 0.3262 0.0768 0.0392
317 0.3452 0.0279 0.1683 0.3296 0.1290
318 0.2413 0.1851 0.1510 0.3567 0.0660
319 0.1605 0.0353 0.1231 0.3618 0.3193
320 0.1555 0.5645 0.2299 0.0412 0.0087
321 0.2656 0.3206 0.2169 0.0455 0.1514
322 0.2460 0.0558 0.1744 0.2537 0.2700
323 0.2009 0.3018 0.1888 0.0980 0.2106
324 0.1400 0.0662 0.0904 0.4963 0.2069
325 0.3235 0.1370 0.1588 0.2620 0.1190
326 0.1481 0.1962 0.3259 0.0678 0.2620
327 0.1149 0.1582 0.0765 0.0938 0.5566
328 0.0565 0.3518 0.5039 0.0404 0.0476
329 0.2761 0.1489 0.2595 0.2515 0.0641
330 0.2664 0.1076 0.2749 0.2042 0.1471
331 0.3352 0.1881 0.2778 0.0881 0.1105
332 0.2419 0.1009 0.3157 0.2273 0.1143
333 0.2839 0.3022 0.2161 0.1112 0.0866
334 0.0900 0.0439 0.2688 0.0712 0.5264
335 0.1816 0.4822 0.2482 0.0576 0.0303
336 0.0424 0.2903 0.3611 0.1068 0.1995
337 0.1512 0.2361 0.3179 0.1274 0.1675
338 0.2097 0.3174 0.2693 0.0765 0.1272
339 0.1110 0.2106 0.4390 0.1076 0.1318
340 0.0497 0.4255 0.4060 0.0311 0.0878
341 0.1077 0.5513 0.2524 0.0486 0.0403
342 0.4189 0.3813 0.0942 0.0899 0.0156
343 0.2306 0.4111 0.1882 0.1477 0.0225
344 0.1309 0.6050 0.1415 0.1019 0.0209
345 0.1895 0.6768 0.0765 0.0406 0.0167
346 0.1169 0.4922 0.2595 0.0823 0.0491
347 0.0697 0.5073 0.3274 0.0547 0.0410
348 0.0266 0.7354 0.1404 0.0550 0.0425
349 0.2374 0.0460 0.0735 0.4873 0.1558
350 0.2437 0.0749 0.2361 0.3894 0.0561
351 0.1184 0.1749 0.2751 0.2930 0.1384
352 0.1813 0.1599 0.4849 0.0870 0.0870
353 0.2590 0.0903 0.3542 0.2378 0.0587
354 0.2042 0.2771 0.2603 0.1760 0.0825
355 0.1840 0.3105 0.2437 0.1611 0.1008
356 0.1329 0.1372 0.2125 0.4863 0.0309
357 0.1556 0.3120 0.1952 0.2795 0.0577
358 0.1626 0.3750 0.2578 0.1359 0.0688
359 0.2805 0.1467 0.3894 0.1367 0.0465
360 0.0984 0.2150 0.5156 0.1501 0.0206
361 0.1411 0.2085 0.4346 0.1990 0.0167
362 0.1344 0.4045 0.2551 0.1500 0.0560
363 0.2568 0.3623 0.1333 0.1429 0.1046
364 0.2057 0.2561 0.2386 0.2500 0.0496
365 0.1943 0.1812 0.2085 0.3716 0.0444
366 0.1938 0.3679 0.2568 0.1533 0.0282
367 0.0887 0.3506 0.3452 0.1791 0.0364
368 0.1003 0.2971 0.3997 0.1615 0.0415
369 0.1475 0.1985 0.4614 0.1498 0.0429
370 0.1443 0.2759 0.3772 0.1660 0.0365
371 0.1970 0.0610 0.1071 0.3857 0.2490
372 0.4214 0.1885 0.1108 0.1255 0.1538
373 0.1401 0.0837 0.2421 0.4739 0.0602
374 0.1340 0.2666 0.4980 0.0559 0.0456
375 0.1171 0.4119 0.3691 0.0536 0.0484
376 0.0950 0.3875 0.4529 0.0481 0.0165
377 0.0726 0.4114 0.4663 0.0389 0.0108
378 0.1317 0.2922 0.4058 0.0466 0.1237
379 0.1125 0.2896 0.5083 0.0401 0.0495
380 0.0935 0.6489 0.2010 0.0333 0.0231
381 0.1237 0.5166 0.3184 0.0161 0.0251
382 0.1177 0.5620 0.1796 0.0203 0.1205
383 0.1646 0.3857 0.0867 0.0332 0.3298
384 0.1628 0.3237 0.3787 0.0554 0.0793
385 0.0731 0.4307 0.3103 0.0868 0.0992
386 0.0714 0.4438 0.2302 0.0861 0.1685
387 0.1077 0.1299 0.3757 0.1201 0.2666
388 0.0708 0.2064 0.2452 0.0539 0.4236
389 0.0856 0.3687 0.2964 0.0883 0.1611
390 0.0676 0.5356 0.3250 0.0259 0.0457
391 0.0456 0.6865 0.2078 0.0331 0.0270
392 0.0556 0.7095 0.1510 0.0759 0.0081
393 0.0751 0.5635 0.3262 0.0212 0.0143
394 0.0728 0.3994 0.4387 0.0799 0.0093
395 0.0276 0.5986 0.3464 0.0247 0.0030
396 0.1135 0.3579 0.2659 0.2274 0.0354
397 0.0836 0.5405 0.2720 0.0862 0.0177
398 0.0739 0.6089 0.2659 0.0399 0.0115
399 0.0889 0.5801 0.2871 0.0348 0.0090
400 0.0823 0.6470 0.2272 0.0312 0.0123
401 0.0955 0.6943 0.1702 0.0243 0.0156
402 0.0645 0.6514 0.2590 0.0147 0.0103
403 0.0911 0.6323 0.2515 0.0155 0.0094
404 0.1438 0.5469 0.1543 0.1495 0.0054
405 0.2534 0.3008 0.3628 0.0797 0.0032
406 0.0826 0.4131 0.4067 0.0880 0.0095
407 0.0650 0.2825 0.3921 0.2532 0.0072
408 0.1171 0.3235 0.2559 0.2810 0.0225
409 0.1456 0.4700 0.2678 0.1008 0.0157
410 0.1725 0.3857 0.3567 0.0725 0.0125
411 0.2842 0.2932 0.1924 0.2000 0.0302
412 0.3333 0.2185 0.1573 0.2362 0.0548
413 0.0370 0.7925 0.1115 0.0476 0.0115
414 0.0399 0.5425 0.1299 0.2727 0.0148
415 0.0180 0.5166 0.0677 0.3840 0.0136
416 0.0167 0.4949 0.1130 0.3677 0.0078
417 0.2117 0.1064 0.4553 0.2117 0.0149
418 0.1771 0.0876 0.5806 0.1423 0.0122
419 0.3757 0.1554 0.3020 0.1506 0.0161
420 0.4021 0.1389 0.3083 0.1357 0.0150
421 0.4084 0.1379 0.3013 0.1379 0.0144
422 0.2849 0.1000 0.3547 0.2515 0.0088
423 0.3699 0.1068 0.3066 0.2010 0.0157
424 0.2340 0.1262 0.3982 0.2305 0.0111
425 0.3843 0.1093 0.3186 0.1692 0.0187
426 0.3174 0.2891 0.2800 0.1022 0.0114
427 0.2954 0.2391 0.3975 0.0490 0.0192
428 0.1943 0.4211 0.2986 0.0749 0.0110
429 0.2534 0.4050 0.2783 0.0565 0.0068
430 0.5034 0.1661 0.1912 0.1023 0.0368
431 0.4963 0.1663 0.1943 0.1057 0.0374
432 0.7510 0.1049 0.0925 0.0150 0.0368
433 0.7510 0.1049 0.0925 0.0150 0.0368
434 0.7583 0.1059 0.0878 0.0124 0.0355
435 0.7578 0.1075 0.0864 0.0120 0.0363
436 0.7593 0.1061 0.0865 0.0121 0.0358
437 0.7544 0.1070 0.0887 0.0137 0.0361
438 0.7544 0.1070 0.0887 0.0137 0.0361
439 0.7583 0.1075 0.0864 0.0120 0.0357
