time exciting_prob fearful_prob tense_prob sad_prob relaxing_prob
0 0.3289 0.1589 0.1068 0.3340 0.0717
1 0.1387 0.1282 0.1465 0.4727 0.1140
2 0.1398 0.1080 0.1312 0.4878 0.1333
3 0.1107 0.1573 0.0842 0.4114 0.2362
4 0.1109 0.4185 0.0408 0.4087 0.0212
5 0.1010 0.3159 0.0912 0.4597 0.0323
6 0.0416 0.3594 0.0348 0.5396 0.0248
7 0.0779 0.1410 0.0856 0.3518 0.3438
8 0.0661 0.3894 0.1169 0.3408 0.0869
9 0.0661 0.5986 0.1040 0.1755 0.0557
10 0.0667 0.5542 0.1217 0.2136 0.0441
11 0.0719 0.5747 0.1131 0.2267 0.0137
12 0.1521 0.5654 0.1079 0.1685 0.0063
13 0.1393 0.7075 0.0858 0.0581 0.0092
14 0.0994 0.5327 0.1703 0.1886 0.0088
15 0.1462 0.5605 0.1439 0.1428 0.0067
16 0.2047 0.5146 0.1281 0.1462 0.0065
17 0.0277 0.2932 0.1343 0.5391 0.0057
18 0.0606 0.1387 0.0923 0.7041 0.0044
19 0.0566 0.2852 0.0804 0.5674 0.0106
20 0.0980 0.6343 0.0366 0.2279 0.0033
21 0.0629 0.5967 0.0741 0.2607 0.0058
22 0.1406 0.5186 0.0564 0.2732 0.0112
23 0.1307 0.4490 0.0383 0.3723 0.0097
24 0.1129 0.5474 0.0471 0.2839 0.0088
25 0.0307 0.2196 0.5029 0.2338 0.0132
26 0.4570 0.2708 0.0752 0.1405 0.0567
27 0.4089 0.3313 0.0455 0.1931 0.0212
28 0.1694 0.4500 0.0813 0.2837 0.0154
29 0.2223 0.4121 0.1208 0.2155 0.0292
30 0.1058 0.5459 0.1829 0.1589 0.0063
31 0.1370 0.4856 0.2089 0.1237 0.0448
32 0.1638 0.4351 0.1827 0.1827 0.0357
33 0.1633 0.3738 0.2339 0.1851 0.0439
34 0.1632 0.2374 0.3245 0.2568 0.0182
35 0.0452 0.1209 0.3611 0.4092 0.0637
36 0.0808 0.1006 0.4438 0.3511 0.0235
37 0.0296 0.6289 0.2313 0.1093 0.0009
38 0.1129 0.7192 0.0740 0.0814 0.0124
39 0.0938 0.4172 0.2081 0.2610 0.0198
40 0.0586 0.6157 0.1605 0.1581 0.0072
41 0.4846 0.4019 0.0480 0.0636 0.0019
42 0.3240 0.3845 0.0604 0.2244 0.0068
43 0.5444 0.3301 0.0362 0.0803 0.0093
44 0.3003 0.1879 0.0783 0.4041 0.0297
45 0.1808 0.4580 0.2357 0.1105 0.0150
46 0.1115 0.4480 0.1741 0.2573 0.0089
47 0.0696 0.2280 0.4397 0.2544 0.0083
48 0.1012 0.3044 0.1351 0.4431 0.0161
49 0.1215 0.1177 0.0483 0.6992 0.0132
50 0.1931 0.2854 0.2441 0.2441 0.0331
51 0.2037 0.2830 0.2496 0.2310 0.0327
52 0.0671 0.0205 0.0091 0.0468 0.8564
53 0.2233 0.0472 0.0087 0.0112 0.7095
54 0.2849 0.0343 0.0141 0.0095 0.6572
55 0.2515 0.0447 0.0103 0.0104 0.6831
56 0.0969 0.5620 0.0499 0.0362 0.2551
57 0.1146 0.6001 0.0627 0.0684 0.1542
58 0.0696 0.4167 0.0629 0.0591 0.3916
59 0.1422 0.1990 0.1255 0.0883 0.4451
60 0.1516 0.1144 0.1091 0.1162 0.5088
61 0.0552 0.1187 0.0282 0.0709 0.7271
62 0.1470 0.0516 0.0455 0.0710 0.6851
63 0.0733 0.0418 0.0331 0.1287 0.7231
64 0.2450 0.1194 0.0759 0.2732 0.2864
65 0.0953 0.4841 0.1132 0.1007 0.2067
66 0.2084 0.2534 0.0556 0.0903 0.3923
67 0.3857 0.1487 0.2214 0.0426 0.2017
68 0.0994 0.1135 0.1887 0.0438 0.5547
69 0.1937 0.1632 0.3071 0.0381 0.2979
70 0.2698 0.1514 0.0420 0.1255 0.4114
71 0.1116 0.1702 0.0404 0.1367 0.5410
72 0.0298 0.3359 0.2169 0.4053 0.0120
73 0.0952 0.4368 0.1096 0.3455 0.0129
74 0.1327 0.4456 0.0919 0.3110 0.0188
75 0.2142 0.3503 0.0907 0.3167 0.0281
76 0.4536 0.1289 0.0604 0.1708 0.1862
77 0.4827 0.1268 0.0168 0.0316 0.3423
78 0.1010 0.1058 0.0657 0.5723 0.1553
79 0.0128 0.1581 0.1351 0.6865 0.0076
80 0.0105 0.2588 0.1167 0.6113 0.0026
81 0.0181 0.3423 0.3643 0.2666 0.0088
82 0.4597 0.1144 0.0512 0.1691 0.2056
83 0.0314 0.1793 0.1808 0.6064 0.0019
84 0.1611 0.3206 0.1562 0.3577 0.0044
85 0.0124 0.2101 0.6572 0.1198 0.0003
86 0.0198 0.1388 0.3328 0.5078 0.0009
87 0.0391 0.5107 0.1375 0.3098 0.0030
88 0.0218 0.7163 0.1929 0.0677 0.0013
89 0.0389 0.2255 0.5942 0.1400 0.0014
90 0.0217 0.1708 0.6860 0.1202 0.0011
91 0.3374 0.3374 0.0268 0.0252 0.2732
92 0.1548 0.1215 0.0574 0.2455 0.4209
93 0.5610 0.1711 0.1954 0.0564 0.0159
94 0.0398 0.2362 0.1284 0.5938 0.0019
95 0.0914 0.4939 0.2043 0.2092 0.0011
96 0.0540 0.6680 0.1550 0.1198 0.0032
97 0.0235 0.4133 0.2283 0.3320 0.0027
98 0.0260 0.5391 0.3071 0.1261 0.0018
99 0.0071 0.6641 0.2330 0.0956 0.0003
100 0.0409 0.4795 0.4578 0.0216 0.0002
101 0.2527 0.0664 0.2690 0.1631 0.2488
102 0.1166 0.1271 0.0573 0.0634 0.6357
103 0.3762 0.0789 0.1593 0.1644 0.2212
104 0.0034 0.0019 0.0501 0.0137 0.9312
105 0.3557 0.2542 0.0663 0.1733 0.1506
106 0.0076 0.2683 0.0374 0.6851 0.0018
107 0.0107 0.3020 0.0668 0.6196 0.0009
108 0.0446 0.4365 0.1569 0.3535 0.0088
109 0.0197 0.7261 0.1498 0.1006 0.0038
110 0.0223 0.3083 0.3494 0.3181 0.0015
111 0.1804 0.4099 0.1906 0.2109 0.0082
112 0.0540 0.4246 0.2656 0.2496 0.0060
113 0.0296 0.1025 0.1381 0.7231 0.0067
114 0.3621 0.2432 0.0370 0.0713 0.2864
115 0.0556 0.1464 0.0610 0.7319 0.0052
116 0.0497 0.0591 0.0901 0.7905 0.0107
117 0.1733 0.1339 0.0360 0.1964 0.4602
118 0.0393 0.0215 0.1935 0.0595 0.6860
119 0.0428 0.0252 0.0845 0.0648 0.7827
120 0.0652 0.0212 0.1627 0.0871 0.6641
121 0.0605 0.0526 0.2250 0.0359 0.6260
122 0.1069 0.0872 0.0331 0.0252 0.7476
123 0.0612 0.0098 0.0167 0.0274 0.8848
124 0.2612 0.0611 0.0413 0.0385 0.5977
125 0.2135 0.0451 0.1326 0.2101 0.3987
126 0.4192 0.0554 0.1191 0.1747 0.2314
127 0.1156 0.1936 0.5063 0.0880 0.0966
128 0.0965 0.1146 0.4460 0.2208 0.1219
129 0.1340 0.0344 0.0634 0.1183 0.6499
130 0.2649 0.0176 0.0219 0.1807 0.5146
131 0.2218 0.0842 0.1235 0.0666 0.5039
132 0.0476 0.0107 0.0269 0.0434 0.8711
133 0.3076 0.0697 0.0479 0.0909 0.4839
134 0.1534 0.2002 0.1809 0.1141 0.3513
135 0.2612 0.2253 0.1912 0.0969 0.2253
136 0.1399 0.2269 0.1031 0.4880 0.0420
137 0.1809 0.4548 0.1224 0.1881 0.0535
138 0.1675 0.1755 0.2236 0.2344 0.1990
139 0.0913 0.5298 0.1145 0.1732 0.0913
140 0.0038 0.0012 0.0095 0.0031 0.9824
141 0.0150 0.0019 0.0073 0.0153 0.9604
142 0.2338 0.0436 0.0827 0.1375 0.5024
143 0.1110 0.1238 0.0594 0.0524 0.6533
144 0.0550 0.3616 0.2280 0.2881 0.0674
145 0.1370 0.0181 0.0927 0.1190 0.6333
146 0.1199 0.0532 0.1296 0.3811 0.3159
147 0.1571 0.1699 0.1195 0.3005 0.2529
148 0.2064 0.1752 0.0423 0.2197 0.3564
149 0.0933 0.1245 0.0488 0.2637 0.4700
150 0.0418 0.1816 0.0751 0.1760 0.5254
151 0.1798 0.0750 0.1152 0.1411 0.4888
152 0.4402 0.0820 0.0241 0.2030 0.2507
153 0.4033 0.1642 0.0270 0.1846 0.2209
154 0.4294 0.1342 0.0279 0.2646 0.1439
155 0.0190 0.0300 0.0076 0.0042 0.9395
156 0.1814 0.2744 0.0963 0.0549 0.3931
157 0.1801 0.1772 0.1516 0.0489 0.4421
158 0.2820 0.0783 0.2375 0.2568 0.1453
159 0.1080 0.0472 0.0625 0.5571 0.2251
160 0.0690 0.1603 0.2124 0.2727 0.2856
161 0.0417 0.0488 0.1960 0.4282 0.2852
162 0.1837 0.0302 0.0223 0.2322 0.5317
163 0.3208 0.1058 0.1664 0.2578 0.1492
164 0.1438 0.1052 0.0813 0.2666 0.4033
165 0.0698 0.1255 0.1958 0.2783 0.3306
166 0.2357 0.2490 0.3430 0.0166 0.1558
167 0.1036 0.3452 0.4399 0.0266 0.0846
168 0.1460 0.2903 0.0972 0.2622 0.2042
169 0.1559 0.0394 0.0090 0.0100 0.7856
170 0.1256 0.0352 0.0091 0.0174 0.8125
171 0.0101 0.0180 0.0271 0.0198 0.9248
172 0.0328 0.0215 0.0285 0.0233 0.8940
173 0.0403 0.0671 0.0778 0.1376 0.6772
174 0.1069 0.0894 0.1183 0.0981 0.5874
175 0.0454 0.1597 0.0917 0.3433 0.3599
176 0.0536 0.1237 0.0593 0.1827 0.5806
177 0.0461 0.0388 0.0168 0.1131 0.7852
178 0.0731 0.3625 0.5444 0.0106 0.0095
179 0.1017 0.2969 0.4526 0.0811 0.0678
180 0.2272 0.2400 0.3630 0.0340 0.1356
181 0.1185 0.3596 0.4336 0.0385 0.0498
182 0.2375 0.3623 0.2820 0.0103 0.1079
183 0.0964 0.2788 0.5376 0.0462 0.0411
184 0.1655 0.3818 0.4062 0.0328 0.0136
185 0.0697 0.4690 0.4336 0.0146 0.0131
186 0.0950 0.6289 0.2140 0.0054 0.0567
187 0.0179 0.4739 0.4314 0.0726 0.0042
188 0.0188 0.3650 0.4912 0.1063 0.0186
189 0.0363 0.3232 0.5586 0.0721 0.0096
190 0.0560 0.1105 0.5435 0.2776 0.0123
191 0.0710 0.2703 0.4456 0.1976 0.0156
192 0.0473 0.0637 0.1368 0.7280 0.0240
193 0.0961 0.5078 0.2983 0.0487 0.0491
194 0.1407 0.2471 0.4763 0.0556 0.0802
195 0.0957 0.4060 0.3936 0.0858 0.0188
196 0.1177 0.2673 0.3684 0.2306 0.0158
197 0.0589 0.5249 0.2366 0.1504 0.0292
198 0.0551 0.5146 0.2080 0.2097 0.0123
199 0.0520 0.3667 0.4187 0.0234 0.1392
200 0.1642 0.2371 0.4788 0.0806 0.0393
201 0.0685 0.1351 0.2466 0.4260 0.1240
202 0.0870 0.0905 0.2830 0.4417 0.0978
203 0.1039 0.1674 0.1674 0.3801 0.1810
204 0.1140 0.1851 0.1396 0.4043 0.1571
205 0.0950 0.4255 0.2542 0.0438 0.1816
206 0.1708 0.4465 0.2883 0.0266 0.0679
207 0.0714 0.2083 0.1548 0.5576 0.0081
208 0.7261 0.0676 0.0901 0.0660 0.0502
209 0.2612 0.2323 0.2435 0.2416 0.0213
210 0.2605 0.0873 0.4397 0.1877 0.0246
211 0.6094 0.1093 0.1437 0.1172 0.0204
212 0.2354 0.1211 0.5020 0.1240 0.0176
213 0.3491 0.2006 0.3230 0.1235 0.0037
214 0.1272 0.1088 0.4236 0.3298 0.0108
215 0.6978 0.1451 0.0426 0.1037 0.0108
216 0.4492 0.0580 0.1154 0.0303 0.3472
217 0.2305 0.1488 0.2612 0.3406 0.0191
218 0.1471 0.1494 0.1919 0.4531 0.0585
219 0.6431 0.1871 0.1287 0.0280 0.0132
220 0.4863 0.1183 0.0757 0.2427 0.0770
221 0.0540 0.0667 0.0869 0.0817 0.7109
222 0.2233 0.2358 0.0968 0.2065 0.2377
223 0.0129 0.3674 0.0600 0.5562 0.0037
224 0.0095 0.4404 0.1088 0.4336 0.0076
225 0.0098 0.1887 0.3110 0.4819 0.0086
226 0.0255 0.3306 0.2871 0.3411 0.0157
227 0.0262 0.2620 0.2561 0.2057 0.2500
228 0.0144 0.3499 0.1902 0.3667 0.0787
229 0.0204 0.3784 0.0995 0.4858 0.0159
230 0.0155 0.3550 0.1704 0.4419 0.0173
231 0.1361 0.3586 0.1416 0.3069 0.0568
232 0.0614 0.2195 0.1952 0.2095 0.3145
233 0.3201 0.1410 0.4658 0.0410 0.0320
234 0.2922 0.1392 0.3965 0.1360 0.0360
235 0.3765 0.0873 0.4070 0.0654 0.0639
236 0.0146 0.1685 0.1464 0.2197 0.4509
237 0.0228 0.1213 0.2734 0.0834 0.4990
238 0.0164 0.0746 0.0334 0.2465 0.6294
239 0.0557 0.1125 0.1943 0.5122 0.1255
240 0.0830 0.2744 0.1108 0.4595 0.0721
241 0.0896 0.3176 0.2399 0.2986 0.0544
242 0.0668 0.4490 0.2991 0.1058 0.0793
243 0.0475 0.3276 0.3921 0.1283 0.1047
244 0.0803 0.2590 0.2571 0.3328 0.0709
245 0.0630 0.4580 0.2097 0.2413 0.0279
246 0.0410 0.5659 0.1660 0.2018 0.0255
247 0.0973 0.5645 0.1461 0.1681 0.0240
248 0.1223 0.2340 0.1595 0.4170 0.0670
249 0.0631 0.1663 0.4592 0.3010 0.0103
250 0.0536 0.1614 0.5723 0.2009 0.0117
251 0.0998 0.3621 0.3196 0.2063 0.0122
252 0.1183 0.1997 0.3674 0.2817 0.0329
253 0.1476 0.1659 0.2568 0.3918 0.0379
254 0.0549 0.1257 0.7236 0.0851 0.0104
255 0.0306 0.1829 0.6382 0.1381 0.0103
256 0.0334 0.1486 0.6353 0.1632 0.0196
257 0.0435 0.1383 0.6099 0.1449 0.0633
258 0.0434 0.0912 0.7061 0.1390 0.0202
259 0.0454 0.1974 0.5801 0.1335 0.0437
260 0.0630 0.1793 0.4106 0.2610 0.0861
261 0.0479 0.1252 0.4800 0.2734 0.0736
262 0.0509 0.0486 0.3821 0.4983 0.0204
263 0.2037 0.2830 0.2496 0.2310 0.0327
