time exciting_prob fearful_prob tense_prob sad_prob relaxing_prob
0 0.2037 0.2830 0.2496 0.2310 0.0327
1 0.1207 0.1305 0.2896 0.3386 0.1207
2 0.2045 0.1077 0.1383 0.1300 0.4194
3 0.1760 0.1011 0.1110 0.0864 0.5254
4 0.1772 0.0632 0.2008 0.4668 0.0919
5 0.1372 0.1249 0.2952 0.2334 0.2092
6 0.1544 0.4165 0.3296 0.0304 0.0691
7 0.2446 0.2192 0.1531 0.0272 0.3560
8 0.3994 0.2788 0.1801 0.0540 0.0877
9 0.1943 0.1315 0.2052 0.0447 0.4243
10 0.2079 0.1241 0.1864 0.1644 0.3171
11 0.1449 0.1393 0.2644 0.0224 0.4292
12 0.1659 0.4580 0.3298 0.0143 0.0319
13 0.0307 0.2891 0.4619 0.0754 0.1431
14 0.0346 0.0641 0.1124 0.0205 0.7686
15 0.2367 0.1026 0.2330 0.0185 0.4089
16 0.3660 0.1598 0.2151 0.0320 0.2272
17 0.1223 0.1223 0.1923 0.4988 0.0644
18 0.0902 0.1659 0.1880 0.5029 0.0530
19 0.0346 0.1033 0.1189 0.0480 0.6953
20 0.0858 0.0445 0.0712 0.2644 0.5342
21 0.0453 0.1484 0.5874 0.1532 0.0659
22 0.0876 0.0762 0.6479 0.1180 0.0704
23 0.0875 0.2961 0.5039 0.0611 0.0515
24 0.0824 0.2744 0.5898 0.0217 0.0318
25 0.1048 0.1016 0.6997 0.0743 0.0198
26 0.2339 0.0930 0.0615 0.0419 0.5698
27 0.4204 0.1752 0.0630 0.0526 0.2888
28 0.2986 0.2272 0.1169 0.0491 0.3081
29 0.1631 0.1271 0.4575 0.2336 0.0186
30 0.1226 0.3550 0.4148 0.0911 0.0165
31 0.0707 0.0382 0.0337 0.0089 0.8486
32 0.0558 0.0756 0.0438 0.0121 0.8130
33 0.0464 0.0226 0.0409 0.0148 0.8755
34 0.0831 0.0871 0.1577 0.4424 0.2295
35 0.0580 0.0374 0.1002 0.0520 0.7524
36 0.1390 0.1207 0.3181 0.2598 0.1625
37 0.0341 0.2720 0.4021 0.0626 0.2291
38 0.0960 0.1376 0.2377 0.0778 0.4509
39 0.1028 0.0409 0.2930 0.4539 0.1095
40 0.1179 0.1884 0.3987 0.1974 0.0977
41 0.0710 0.0325 0.1017 0.2942 0.5005
42 0.1453 0.1149 0.1214 0.0345 0.5840
43 0.1648 0.1740 0.1273 0.1852 0.3486
44 0.1459 0.1067 0.1931 0.4353 0.1190
45 0.1516 0.1588 0.3752 0.3062 0.0083
46 0.1842 0.1423 0.3635 0.0603 0.2498
47 0.2588 0.1096 0.4009 0.0526 0.1780
48 0.1245 0.1057 0.5244 0.1478 0.0977
49 0.2172 0.3015 0.1493 0.2744 0.0576
50 0.0671 0.2783 0.1537 0.3865 0.1143
51 0.6245 0.1427 0.0701 0.0794 0.0833
52 0.0275 0.0976 0.1910 0.6465 0.0376
53 0.2625 0.1862 0.1722 0.3425 0.0367
54 0.1422 0.1378 0.2656 0.4180 0.0365
55 0.2661 0.1902 0.2600 0.1118 0.1719
56 0.3040 0.1493 0.1978 0.1084 0.2405
57 0.3826 0.1282 0.1176 0.0232 0.3484
58 0.2402 0.1915 0.0831 0.4351 0.0500
59 0.1365 0.0534 0.0433 0.5742 0.1924
60 0.5713 0.1179 0.0804 0.0065 0.2238
61 0.2644 0.1060 0.0701 0.0170 0.5425
62 0.1101 0.1067 0.5171 0.2260 0.0402
63 0.2096 0.1487 0.2285 0.2394 0.1738
64 0.2086 0.0511 0.1703 0.1550 0.4148
65 0.2966 0.1411 0.1490 0.1389 0.2742
66 0.2247 0.6255 0.0765 0.0518 0.0216
67 0.1095 0.3823 0.1750 0.2111 0.1222
68 0.1985 0.1476 0.1559 0.4617 0.0364
69 0.4033 0.0378 0.0316 0.4097 0.1174
70 0.5098 0.1120 0.0478 0.1996 0.1309
71 0.1224 0.1080 0.2435 0.3079 0.2183
72 0.2808 0.1143 0.1492 0.3440 0.1117
73 0.1952 0.1696 0.1749 0.4067 0.0534
74 0.2074 0.0878 0.1666 0.4897 0.0485
75 0.1571 0.2510 0.2396 0.0397 0.3125
76 0.3623 0.0348 0.0539 0.4875 0.0615
77 0.3318 0.0839 0.0654 0.4753 0.0435
78 0.2842 0.2627 0.1892 0.1619 0.1021
79 0.3208 0.1180 0.0877 0.2422 0.2311
80 0.5498 0.1390 0.0876 0.1161 0.1074
81 0.0992 0.3743 0.2825 0.1661 0.0778
82 0.2590 0.1985 0.1114 0.0854 0.3457
83 0.1156 0.3792 0.3293 0.1580 0.0180
84 0.1310 0.0609 0.6152 0.1819 0.0108
85 0.5264 0.0471 0.0944 0.2159 0.1165
86 0.1248 0.0347 0.0745 0.6748 0.0913
87 0.2537 0.0310 0.6479 0.0368 0.0305
88 0.2522 0.3042 0.2834 0.1288 0.0316
89 0.1722 0.2212 0.2144 0.1763 0.2161
90 0.0522 0.5273 0.3623 0.0139 0.0443
91 0.1842 0.3208 0.2876 0.0662 0.1412
92 0.2135 0.2135 0.2764 0.0430 0.2537
93 0.3784 0.2925 0.1371 0.1288 0.0632
94 0.0388 0.1037 0.0989 0.6655 0.0930
95 0.1345 0.2937 0.2148 0.1115 0.2454
96 0.0699 0.3992 0.3362 0.1117 0.0830
97 0.1074 0.1401 0.3779 0.1227 0.2517
98 0.1842 0.0870 0.2942 0.2291 0.2054
99 0.0911 0.1065 0.2988 0.4485 0.0553
100 0.1073 0.2495 0.3357 0.2576 0.0499
101 0.0552 0.3542 0.3831 0.2019 0.0055
102 0.1169 0.1000 0.1548 0.5576 0.0709
103 0.0981 0.0776 0.3218 0.0624 0.4399
104 0.2012 0.1278 0.2209 0.1919 0.2583
105 0.1654 0.2482 0.3936 0.0700 0.1229
106 0.1300 0.4536 0.3267 0.0233 0.0664
107 0.0844 0.2087 0.3416 0.1327 0.2328
108 0.0786 0.1962 0.6953 0.0123 0.0175
109 0.0879 0.1011 0.5386 0.1427 0.1299
110 0.3762 0.3218 0.1952 0.0490 0.0577
111 0.3416 0.4353 0.1349 0.0558 0.0325
112 0.0391 0.0766 0.3433 0.4841 0.0569
113 0.1313 0.3228 0.2634 0.1313 0.1512
114 0.1367 0.1783 0.2438 0.1378 0.3035
115 0.1564 0.3311 0.4121 0.0325 0.0678
116 0.1865 0.4075 0.1740 0.2081 0.0239
117 0.1669 0.0355 0.1427 0.6299 0.0252
118 0.1201 0.0500 0.1948 0.6001 0.0349
119 0.1512 0.0574 0.2167 0.4658 0.1089
120 0.0800 0.4360 0.3789 0.0914 0.0138
121 0.1212 0.4685 0.1764 0.1261 0.1078
122 0.0824 0.2500 0.1564 0.4817 0.0294
123 0.2191 0.0751 0.0988 0.5508 0.0563
124 0.1151 0.0249 0.0883 0.0883 0.6836
125 0.2874 0.0798 0.3521 0.0925 0.1884
126 0.0706 0.4326 0.3877 0.0757 0.0334
127 0.0717 0.0851 0.3262 0.3064 0.2106
128 0.0807 0.1212 0.2524 0.4570 0.0886
129 0.0639 0.2374 0.3401 0.1792 0.1792
130 0.0552 0.1840 0.1433 0.1478 0.4697
131 0.0416 0.3049 0.2954 0.3296 0.0286
132 0.0877 0.0480 0.1744 0.6792 0.0109
133 0.1964 0.1182 0.2261 0.2261 0.2333
134 0.2327 0.0444 0.4021 0.1479 0.1730
135 0.1904 0.2502 0.2881 0.1904 0.0806
136 0.2198 0.1420 0.1559 0.3406 0.1420
137 0.0912 0.4631 0.2559 0.0912 0.0986
138 0.1307 0.2368 0.3784 0.1505 0.1035
139 0.0818 0.1267 0.1553 0.5503 0.0858
140 0.2861 0.1461 0.2998 0.0741 0.1936
141 0.2338 0.0937 0.2374 0.1053 0.3296
142 0.0212 0.0652 0.1493 0.6587 0.1058
143 0.0765 0.3767 0.4336 0.0416 0.0714
144 0.0948 0.2808 0.4282 0.0562 0.1401
145 0.1044 0.3506 0.3909 0.0358 0.1183
146 0.1628 0.0787 0.1460 0.5771 0.0352
147 0.1805 0.2354 0.4468 0.1202 0.0172
148 0.0416 0.1697 0.1321 0.6401 0.0163
149 0.0405 0.3086 0.3235 0.3235 0.0040
150 0.2081 0.0999 0.5151 0.1571 0.0197
151 0.0148 0.3535 0.5649 0.0521 0.0148
152 0.0443 0.0999 0.7378 0.1014 0.0164
153 0.0287 0.1050 0.6846 0.1504 0.0315
154 0.0229 0.5098 0.4497 0.0150 0.0025
155 0.0499 0.4810 0.3630 0.1008 0.0054
156 0.2517 0.0891 0.5674 0.0738 0.0182
157 0.2006 0.2118 0.5410 0.0247 0.0222
158 0.0463 0.8081 0.1220 0.0219 0.0018
159 0.0402 0.8599 0.0920 0.0067 0.0014
160 0.0481 0.1401 0.7695 0.0380 0.0041
161 0.0344 0.2072 0.6382 0.1144 0.0059
162 0.0887 0.7036 0.1262 0.0625 0.0189
163 0.0551 0.0999 0.5151 0.3030 0.0269
164 0.0607 0.2537 0.6084 0.0612 0.0160
165 0.0158 0.5532 0.3462 0.0822 0.0025
166 0.0127 0.6895 0.2169 0.0786 0.0026
167 0.0218 0.1768 0.3684 0.4241 0.0089
168 0.0587 0.1697 0.4072 0.3538 0.0108
169 0.0941 0.2220 0.5942 0.0798 0.0097
170 0.0637 0.1287 0.6738 0.1246 0.0092
171 0.0668 0.4290 0.4636 0.0360 0.0045
172 0.0870 0.5586 0.3442 0.0087 0.0013
173 0.5269 0.1835 0.0982 0.1750 0.0164
174 0.2847 0.0737 0.1377 0.4768 0.0269
175 0.0928 0.1268 0.1578 0.6050 0.0177
176 0.0605 0.6812 0.2078 0.0416 0.0091
177 0.1348 0.6841 0.1217 0.0398 0.0194
178 0.1680 0.3447 0.2771 0.2026 0.0077
179 0.2361 0.0645 0.1897 0.4409 0.0687
180 0.0355 0.6602 0.2354 0.0674 0.0017
181 0.2407 0.2666 0.3643 0.1003 0.0281
182 0.1686 0.1851 0.5190 0.1177 0.0096
183 0.1891 0.0770 0.2045 0.4905 0.0387
184 0.1643 0.1863 0.4468 0.1805 0.0222
185 0.1116 0.1207 0.2556 0.5005 0.0118
186 0.6982 0.1176 0.0436 0.1282 0.0127
187 0.1278 0.4678 0.3643 0.0254 0.0148
188 0.0952 0.2778 0.4236 0.1685 0.0350
189 0.0836 0.1675 0.1624 0.5845 0.0020
190 0.1862 0.0550 0.5913 0.0922 0.0752
191 0.5903 0.2087 0.1539 0.0392 0.0080
192 0.3445 0.1181 0.0657 0.4563 0.0156
193 0.0585 0.2502 0.6592 0.0276 0.0043
194 0.2445 0.1137 0.1964 0.4094 0.0360
195 0.2708 0.3789 0.2817 0.0254 0.0432
196 0.0388 0.4727 0.3298 0.1559 0.0030
197 0.0886 0.0659 0.1876 0.6548 0.0033
198 0.0964 0.4124 0.3186 0.1003 0.0722
199 0.0798 0.2576 0.4119 0.2169 0.0338
200 0.2737 0.1713 0.1687 0.2454 0.1409
201 0.2742 0.4180 0.2327 0.0499 0.0253
202 0.4519 0.2656 0.0726 0.1959 0.0138
203 0.2141 0.2427 0.1320 0.3938 0.0174
204 0.0307 0.1175 0.2030 0.5693 0.0795
205 0.0127 0.2590 0.4763 0.2285 0.0235
206 0.0768 0.0411 0.1505 0.5093 0.2224
207 0.0399 0.1138 0.2859 0.1174 0.4429
208 0.0380 0.6890 0.2615 0.0040 0.0076
209 0.0472 0.2573 0.6470 0.0368 0.0116
210 0.0359 0.5151 0.2181 0.1453 0.0854
211 0.0430 0.2397 0.1754 0.5156 0.0265
212 0.4165 0.3535 0.1251 0.0753 0.0295
213 0.2993 0.3394 0.2683 0.0689 0.0240
214 0.0764 0.1112 0.1362 0.0559 0.6201
215 0.0808 0.2568 0.3457 0.2822 0.0345
216 0.1351 0.1655 0.4294 0.2485 0.0215
217 0.1163 0.5771 0.2174 0.0435 0.0456
218 0.1517 0.4709 0.3289 0.0235 0.0250
219 0.4338 0.2396 0.1476 0.1499 0.0291
220 0.0362 0.1926 0.4480 0.1477 0.1754
221 0.0714 0.0975 0.5112 0.1823 0.1376
222 0.0254 0.1460 0.6753 0.0943 0.0590
223 0.0472 0.1098 0.4275 0.2288 0.1868
224 0.0537 0.0832 0.3557 0.2812 0.2261
225 0.1085 0.2949 0.3088 0.1360 0.1517
226 0.2056 0.2578 0.2423 0.1917 0.1026
227 0.1572 0.1465 0.2847 0.3054 0.1063
228 0.0618 0.0331 0.4226 0.1735 0.3091
229 0.2037 0.2830 0.2496 0.2310 0.0327
