time exciting_prob fearful_prob tense_prob sad_prob relaxing_prob
0 0.2037 0.2830 0.2496 0.2310 0.0327
1 0.0815 0.7559 0.1398 0.0032 0.0198
2 0.2854 0.5127 0.0850 0.0627 0.0544
3 0.1886 0.4666 0.3062 0.0150 0.0238
4 0.4114 0.2290 0.2678 0.0296 0.0621
5 0.0715 0.3357 0.3923 0.1073 0.0932
6 0.1370 0.2480 0.2155 0.0094 0.3901
7 0.1830 0.3289 0.1615 0.0028 0.3237
8 0.1274 0.3604 0.3660 0.0096 0.1367
9 0.3435 0.2573 0.3032 0.0611 0.0351
10 0.5005 0.1785 0.1664 0.0584 0.0963
11 0.0878 0.6641 0.2242 0.0023 0.0215
12 0.1032 0.5493 0.1914 0.1389 0.0171
13 0.2615 0.5000 0.1263 0.0356 0.0767
14 0.3376 0.2489 0.1779 0.1261 0.1096
15 0.3342 0.0935 0.3091 0.0188 0.2445
16 0.2559 0.1815 0.4058 0.0618 0.0949
17 0.0771 0.6069 0.1055 0.0708 0.1398
18 0.1467 0.3833 0.4146 0.0113 0.0440
19 0.0878 0.1964 0.4824 0.0679 0.1654
20 0.2554 0.2512 0.3984 0.0247 0.0703
21 0.1687 0.2035 0.2133 0.3801 0.0343
22 0.3684 0.0259 0.0875 0.2913 0.2269
23 0.1777 0.2411 0.3914 0.1556 0.0342
24 0.0760 0.2236 0.3254 0.1216 0.2534
25 0.5698 0.2588 0.1271 0.0159 0.0286
26 0.3025 0.3323 0.3271 0.0196 0.0184
27 0.3081 0.3806 0.2151 0.0188 0.0773
28 0.2000 0.2886 0.4541 0.0187 0.0385
29 0.1278 0.1667 0.6099 0.0268 0.0690
30 0.1043 0.1382 0.7017 0.0294 0.0266
31 0.3020 0.4258 0.1996 0.0077 0.0648
32 0.1296 0.1744 0.5630 0.0528 0.0799
33 0.1879 0.1487 0.4578 0.1849 0.0206
34 0.1411 0.1715 0.3928 0.2477 0.0469
35 0.0640 0.2910 0.5479 0.0861 0.0109
36 0.1527 0.4087 0.3635 0.0016 0.0733
37 0.1187 0.5708 0.2739 0.0105 0.0259
38 0.1736 0.4363 0.3398 0.0086 0.0419
39 0.1841 0.2477 0.5044 0.0111 0.0527
40 0.3037 0.1991 0.2988 0.0549 0.1434
41 0.2223 0.6235 0.1296 0.0031 0.0213
42 0.0552 0.5796 0.3352 0.0049 0.0253
43 0.0396 0.2318 0.7139 0.0130 0.0017
44 0.1126 0.3284 0.2639 0.1180 0.1771
45 0.0818 0.5947 0.3086 0.0060 0.0088
46 0.0587 0.2820 0.2162 0.4233 0.0198
47 0.0618 0.5132 0.3936 0.0184 0.0128
48 0.2080 0.4236 0.2822 0.0074 0.0790
49 0.2344 0.5493 0.2020 0.0107 0.0038
50 0.1265 0.2988 0.3179 0.1869 0.0698
51 0.0737 0.1824 0.6416 0.0862 0.0159
52 0.0422 0.2817 0.3733 0.2607 0.0419
53 0.0583 0.5400 0.3892 0.0099 0.0024
54 0.1443 0.2593 0.5449 0.0131 0.0385
55 0.2491 0.1881 0.5151 0.0216 0.0258
56 0.3118 0.1967 0.4036 0.0538 0.0342
57 0.1678 0.0306 0.5952 0.1577 0.0489
58 0.1124 0.4380 0.3955 0.0261 0.0280
59 0.2036 0.4177 0.1687 0.0527 0.1573
60 0.1025 0.3899 0.5010 0.0023 0.0044
61 0.1296 0.4023 0.2744 0.1445 0.0492
62 0.2788 0.4319 0.2520 0.0165 0.0210
63 0.1154 0.3582 0.4895 0.0272 0.0097
64 0.2074 0.1146 0.6099 0.0558 0.0125
65 0.0672 0.1024 0.5713 0.2273 0.0317
66 0.0391 0.1409 0.7100 0.0376 0.0725
67 0.1157 0.0834 0.7144 0.0419 0.0446
68 0.2352 0.3643 0.0706 0.0060 0.3240
69 0.2106 0.5132 0.1219 0.0027 0.1517
70 0.1169 0.1868 0.3774 0.2986 0.0205
71 0.0809 0.3152 0.4958 0.0790 0.0291
72 0.1632 0.5269 0.2820 0.0136 0.0142
73 0.0961 0.2252 0.4731 0.1700 0.0354
74 0.0209 0.8896 0.0874 0.0006 0.0016
75 0.0760 0.7046 0.2035 0.0049 0.0109
76 0.1262 0.0615 0.6934 0.0771 0.0420
77 0.0865 0.3477 0.4534 0.0339 0.0788
78 0.1635 0.2434 0.4204 0.0239 0.1488
79 0.1998 0.4399 0.2908 0.0175 0.0521
80 0.4565 0.3113 0.1760 0.0093 0.0470
81 0.0912 0.3232 0.1227 0.0280 0.4348
82 0.2207 0.1257 0.0768 0.0089 0.5679
83 0.0574 0.3684 0.2937 0.2571 0.0235
84 0.0334 0.7427 0.2162 0.0042 0.0033
85 0.0747 0.2690 0.1864 0.4009 0.0691
86 0.1511 0.3406 0.4341 0.0092 0.0650
87 0.3062 0.3469 0.1564 0.1359 0.0549
88 0.2438 0.5039 0.1444 0.0215 0.0862
89 0.0093 0.5283 0.4592 0.0023 0.0008
90 0.1353 0.5474 0.1968 0.0638 0.0568
91 0.1606 0.3401 0.4399 0.0284 0.0311
92 0.2220 0.3777 0.2830 0.0401 0.0773
93 0.0799 0.3782 0.4253 0.0549 0.0617
94 0.0656 0.3545 0.5576 0.0091 0.0130
95 0.0490 0.2627 0.6499 0.0367 0.0016
96 0.1638 0.2810 0.4351 0.0215 0.0986
97 0.0587 0.7788 0.1418 0.0009 0.0198
98 0.0500 0.8198 0.1267 0.0008 0.0029
99 0.1464 0.4651 0.1725 0.0065 0.2096
100 0.0481 0.5640 0.3816 0.0055 0.0010
101 0.0947 0.5327 0.3413 0.0245 0.0069
102 0.1467 0.3157 0.4775 0.0167 0.0434
103 0.1921 0.3506 0.4363 0.0199 0.0010
104 0.1155 0.4675 0.3757 0.0311 0.0101
105 0.2534 0.4414 0.2698 0.0300 0.0053
106 0.1735 0.2927 0.3938 0.1383 0.0018
107 0.0754 0.4014 0.2512 0.2434 0.0288
108 0.0980 0.1680 0.1816 0.5508 0.0019
109 0.2979 0.4834 0.0847 0.1251 0.0088
110 0.5649 0.1937 0.0432 0.0043 0.1937
111 0.1910 0.2098 0.2532 0.3325 0.0135
112 0.1622 0.3276 0.2673 0.2306 0.0121
113 0.1786 0.5503 0.2441 0.0083 0.0187
114 0.1996 0.4900 0.1437 0.0485 0.1182
115 0.2903 0.1949 0.3066 0.0193 0.1888
116 0.1394 0.2334 0.3848 0.2297 0.0127
117 0.0857 0.2991 0.2520 0.3552 0.0080
118 0.0208 0.4878 0.3513 0.1376 0.0024
119 0.2759 0.4807 0.2035 0.0061 0.0338
120 0.2864 0.3977 0.2112 0.0175 0.0873
121 0.1729 0.5620 0.1573 0.0092 0.0984
122 0.0329 0.8213 0.1449 0.0005 0.0004
123 0.2588 0.6113 0.1022 0.0176 0.0100
124 0.0379 0.3274 0.1698 0.4614 0.0035
125 0.1881 0.4656 0.2891 0.0172 0.0400
126 0.1517 0.1517 0.4255 0.2482 0.0229
127 0.0589 0.1553 0.7178 0.0524 0.0154
128 0.1107 0.4143 0.4409 0.0087 0.0253
129 0.3152 0.1465 0.4731 0.0151 0.0503
130 0.2971 0.3140 0.3699 0.0040 0.0150
131 0.2402 0.5083 0.2119 0.0067 0.0327
132 0.1151 0.5845 0.2476 0.0424 0.0102
133 0.0151 0.7324 0.2416 0.0072 0.0037
134 0.2017 0.1498 0.4009 0.2146 0.0329
135 0.3484 0.2715 0.3027 0.0556 0.0218
136 0.1968 0.4470 0.3145 0.0097 0.0319
137 0.4185 0.1348 0.3750 0.0571 0.0147
138 0.2020 0.4922 0.3032 0.0016 0.0009
139 0.1561 0.4517 0.3601 0.0111 0.0211
140 0.0943 0.6343 0.1790 0.0489 0.0435
141 0.4836 0.1113 0.1385 0.1364 0.1301
142 0.1786 0.3840 0.2188 0.1691 0.0496
143 0.3293 0.2773 0.2410 0.0564 0.0959
144 0.2191 0.1102 0.3140 0.2483 0.1085
145 0.2998 0.3792 0.1202 0.1250 0.0758
146 0.1688 0.3955 0.2893 0.1073 0.0388
147 0.0275 0.1311 0.7847 0.0490 0.0079
148 0.0506 0.1054 0.6064 0.2063 0.0312
149 0.1121 0.2266 0.1710 0.0219 0.4685
150 0.1635 0.2739 0.1443 0.0322 0.3862
151 0.0798 0.1180 0.3359 0.4248 0.0414
152 0.0997 0.1112 0.7480 0.0146 0.0262
153 0.3779 0.2517 0.2137 0.0259 0.1306
154 0.1758 0.1285 0.4929 0.1390 0.0637
155 0.0700 0.7407 0.1528 0.0112 0.0251
156 0.1837 0.1511 0.5703 0.0868 0.0082
157 0.2720 0.1715 0.4553 0.0499 0.0515
158 0.1893 0.3765 0.3323 0.0439 0.0582
159 0.1459 0.3286 0.4819 0.0311 0.0124
160 0.1864 0.1013 0.5229 0.1322 0.0573
161 0.0195 0.1444 0.8052 0.0236 0.0071
162 0.1046 0.7095 0.1711 0.0014 0.0132
163 0.0613 0.1517 0.7524 0.0238 0.0105
164 0.2297 0.5508 0.1720 0.0032 0.0442
165 0.2812 0.2834 0.3936 0.0107 0.0311
166 0.0409 0.1670 0.5830 0.2046 0.0046
167 0.1914 0.5537 0.2438 0.0043 0.0067
168 0.0297 0.2734 0.6768 0.0166 0.0033
169 0.6885 0.1755 0.0630 0.0210 0.0519
170 0.1874 0.5337 0.1918 0.0301 0.0571
171 0.0280 0.8311 0.1400 0.0003 0.0006
172 0.2546 0.3071 0.4199 0.0064 0.0120
173 0.0955 0.1930 0.6328 0.0389 0.0398
174 0.0360 0.0355 0.5903 0.3208 0.0174
175 0.2786 0.2920 0.4116 0.0134 0.0045
176 0.1670 0.2355 0.5474 0.0416 0.0083
177 0.0632 0.2499 0.5459 0.1359 0.0051
178 0.0981 0.3914 0.3047 0.0759 0.1300
179 0.1140 0.0983 0.4041 0.3738 0.0099
180 0.0863 0.7397 0.1625 0.0035 0.0082
181 0.0448 0.6841 0.2401 0.0032 0.0278
182 0.2028 0.2644 0.3586 0.0086 0.1655
183 0.2634 0.2117 0.3303 0.1741 0.0206
184 0.0331 0.6816 0.2588 0.0250 0.0016
185 0.3357 0.2380 0.3660 0.0162 0.0440
186 0.0978 0.2422 0.3899 0.2578 0.0122
187 0.3384 0.4080 0.1265 0.0232 0.1040
188 0.0494 0.0596 0.4402 0.4473 0.0035
189 0.1914 0.2102 0.1637 0.3806 0.0540
190 0.2390 0.3093 0.2013 0.1696 0.0807
191 0.0266 0.0952 0.5874 0.2585 0.0324
192 0.1118 0.2832 0.5205 0.0662 0.0182
193 0.1639 0.1470 0.5903 0.0850 0.0138
194 0.1317 0.3015 0.5415 0.0059 0.0193
195 0.1338 0.7700 0.0844 0.0037 0.0081
196 0.1746 0.4026 0.3286 0.0219 0.0722
197 0.0510 0.6167 0.3149 0.0041 0.0135
198 0.0437 0.3303 0.6074 0.0051 0.0136
199 0.0117 0.1437 0.8398 0.0016 0.0031
200 0.1047 0.3225 0.4480 0.1215 0.0033
201 0.1937 0.6157 0.0432 0.1175 0.0297
202 0.2542 0.4258 0.3066 0.0114 0.0020
203 0.1962 0.6431 0.1504 0.0044 0.0059
204 0.0867 0.7554 0.1511 0.0019 0.0050
205 0.1854 0.0842 0.6030 0.1000 0.0271
206 0.1137 0.3240 0.5425 0.0145 0.0057
207 0.2014 0.5063 0.1750 0.0486 0.0685
208 0.0602 0.4082 0.5239 0.0058 0.0018
209 0.0959 0.6763 0.2229 0.0024 0.0027
210 0.3093 0.2524 0.3452 0.0820 0.0111
211 0.2238 0.2556 0.4312 0.0849 0.0046
212 0.1692 0.2277 0.4089 0.1873 0.0069
213 0.1165 0.0244 0.7959 0.0226 0.0409
214 0.3337 0.0831 0.3525 0.2089 0.0215
215 0.2037 0.2830 0.2496 0.2310 0.0327
