time exciting_prob fearful_prob tense_prob sad_prob relaxing_prob
0 0.1786 0.0392 0.4419 0.2944 0.0459
1 0.7031 0.0052 0.0329 0.1429 0.1157
2 0.8774 0.0058 0.0152 0.0523 0.0491
3 0.4822 0.0104 0.0825 0.3391 0.0858
4 0.5820 0.0075 0.0684 0.2727 0.0695
5 0.2993 0.0060 0.1210 0.4636 0.1101
6 0.4641 0.0372 0.2369 0.0729 0.1890
7 0.2573 0.0253 0.3804 0.1913 0.1455
8 0.1969 0.1333 0.5269 0.1375 0.0053
9 0.4136 0.0873 0.3323 0.1545 0.0125
10 0.5093 0.0845 0.2561 0.1339 0.0160
11 0.3740 0.0573 0.2959 0.2529 0.0198
12 0.3652 0.1204 0.2671 0.2340 0.0132
13 0.1005 0.1332 0.4067 0.2976 0.0619
14 0.0993 0.2119 0.3467 0.3108 0.0312
15 0.1354 0.0703 0.4373 0.3101 0.0472
16 0.7612 0.0596 0.1242 0.0406 0.0145
17 0.5054 0.0533 0.2925 0.1093 0.0399
18 0.1995 0.3164 0.3757 0.0995 0.0090
19 0.0520 0.0571 0.1857 0.6685 0.0366
20 0.4077 0.0310 0.3225 0.2235 0.0152
21 0.7930 0.0303 0.0726 0.0904 0.0137
22 0.1376 0.0861 0.3738 0.3596 0.0429
23 0.0603 0.1976 0.3577 0.3208 0.0637
24 0.0561 0.1064 0.7212 0.1080 0.0083
25 0.0260 0.0950 0.4751 0.4001 0.0039
26 0.3008 0.1661 0.2893 0.1942 0.0495
27 0.2549 0.0284 0.3916 0.2957 0.0297
28 0.5425 0.0435 0.1831 0.2026 0.0285
29 0.4382 0.0349 0.3206 0.2007 0.0056
30 0.5781 0.1157 0.2212 0.0568 0.0279
31 0.2861 0.0820 0.3093 0.3142 0.0086
32 0.3545 0.0816 0.3545 0.1958 0.0136
33 0.2252 0.1081 0.4175 0.2306 0.0186
34 0.6978 0.0801 0.1750 0.0409 0.0062
35 0.2524 0.1240 0.2646 0.3242 0.0345
36 0.7026 0.0807 0.1669 0.0260 0.0238
37 0.5513 0.0723 0.1052 0.2625 0.0091
38 0.3528 0.0512 0.4124 0.1615 0.0224
39 0.0818 0.3210 0.5376 0.0540 0.0057
40 0.1356 0.1400 0.3865 0.3203 0.0174
41 0.1181 0.0508 0.3994 0.4253 0.0065
42 0.1796 0.0869 0.1512 0.5156 0.0666
43 0.0854 0.1204 0.4993 0.2891 0.0060
44 0.2155 0.3782 0.2991 0.0864 0.0210
45 0.0966 0.2427 0.3533 0.2927 0.0148
46 0.6841 0.0850 0.1885 0.0333 0.0091
47 0.4094 0.2209 0.2108 0.1361 0.0228
48 0.1437 0.1102 0.4158 0.3186 0.0118
49 0.0971 0.1002 0.4561 0.3389 0.0077
50 0.5840 0.0868 0.1794 0.1186 0.0314
51 0.4270 0.1986 0.2693 0.0848 0.0203
52 0.1104 0.0297 0.7192 0.1394 0.0011
53 0.1097 0.0171 0.2396 0.6313 0.0021
54 0.2305 0.0273 0.4619 0.2759 0.0045
55 0.0339 0.0582 0.8486 0.0582 0.0010
56 0.4534 0.1202 0.2952 0.0788 0.0525
57 0.6597 0.0521 0.1249 0.1415 0.0219
58 0.6479 0.0733 0.1552 0.1042 0.0193
59 0.4531 0.0299 0.2971 0.2012 0.0186
60 0.4136 0.1014 0.3855 0.0610 0.0385
61 0.2891 0.1713 0.4768 0.0379 0.0249
62 0.3318 0.1069 0.1818 0.3730 0.0067
63 0.2449 0.0413 0.1157 0.5874 0.0106
64 0.0617 0.2830 0.5122 0.1337 0.0092
65 0.5059 0.0590 0.2524 0.1279 0.0546
66 0.3271 0.1835 0.4199 0.0654 0.0040
67 0.0831 0.1370 0.7344 0.0386 0.0069
68 0.1208 0.1772 0.5723 0.1277 0.0023
69 0.3184 0.0396 0.2122 0.4219 0.0080
70 0.2632 0.0510 0.3711 0.3076 0.0070
71 0.0399 0.0734 0.6753 0.2092 0.0023
72 0.5425 0.3020 0.1372 0.0106 0.0075
73 0.0767 0.1368 0.3440 0.4148 0.0278
74 0.1571 0.0938 0.2434 0.4841 0.0216
75 0.0655 0.2286 0.5151 0.1809 0.0097
76 0.3174 0.0854 0.4763 0.0983 0.0225
77 0.1281 0.1428 0.6011 0.1241 0.0038
78 0.0846 0.1450 0.6499 0.1147 0.0057
79 0.2915 0.0368 0.2737 0.3860 0.0119
80 0.0889 0.4309 0.3518 0.1235 0.0050
81 0.0753 0.1620 0.5146 0.2432 0.0049
82 0.2131 0.0903 0.4109 0.0692 0.2166
83 0.3391 0.0283 0.1732 0.4458 0.0135
84 0.1830 0.0489 0.2664 0.4822 0.0197
85 0.1718 0.0768 0.4055 0.3311 0.0148
86 0.1443 0.0784 0.2959 0.4729 0.0084
87 0.3975 0.0674 0.3269 0.1777 0.0306
88 0.1958 0.0410 0.1755 0.5493 0.0383
89 0.1339 0.0372 0.3315 0.4460 0.0512
90 0.3311 0.1515 0.3721 0.1306 0.0148
91 0.5273 0.0681 0.3430 0.0382 0.0233
92 0.2751 0.2045 0.2751 0.2246 0.0207
93 0.3003 0.2146 0.4233 0.0221 0.0397
94 0.3064 0.0603 0.2156 0.4124 0.0055
95 0.0579 0.0473 0.0876 0.8057 0.0014
96 0.1996 0.1052 0.1299 0.5640 0.0015
97 0.0517 0.0529 0.0674 0.8276 0.0003
98 0.1626 0.2422 0.4741 0.0792 0.0417
99 0.1853 0.0651 0.4551 0.2827 0.0118
100 0.1406 0.1683 0.4946 0.1892 0.0072
101 0.0421 0.0220 0.0409 0.8945 0.0006
102 0.1801 0.3110 0.3723 0.1144 0.0222
103 0.0064 0.0126 0.1153 0.8652 0.0003
104 0.0955 0.0897 0.7573 0.0466 0.0109
105 0.3064 0.1858 0.3723 0.1136 0.0220
106 0.3044 0.3115 0.1543 0.0936 0.1361
107 0.2585 0.0958 0.3267 0.3118 0.0071
108 0.0812 0.0851 0.5337 0.2856 0.0142
109 0.0475 0.0834 0.3682 0.4954 0.0057
110 0.1044 0.0390 0.2795 0.5645 0.0123
111 0.0951 0.4163 0.3318 0.0729 0.0839
112 0.1979 0.0800 0.4060 0.3064 0.0098
113 0.5537 0.0897 0.2720 0.0785 0.0063
114 0.3103 0.0645 0.1796 0.3921 0.0535
115 0.0314 0.0670 0.2756 0.6118 0.0141
116 0.0583 0.0159 0.0836 0.8311 0.0111
117 0.0244 0.0038 0.0837 0.8862 0.0017
118 0.6016 0.0453 0.1737 0.1631 0.0165
119 0.1010 0.0121 0.3638 0.5210 0.0023
120 0.1019 0.0119 0.3113 0.5728 0.0021
121 0.0312 0.1282 0.2610 0.5698 0.0100
122 0.0605 0.0468 0.4761 0.4009 0.0159
123 0.3098 0.1940 0.1608 0.3198 0.0155
124 0.4685 0.0670 0.3401 0.0916 0.0329
125 0.5488 0.0382 0.2234 0.1726 0.0171
126 0.4783 0.0695 0.2277 0.2041 0.0204
127 0.0989 0.1508 0.2094 0.5386 0.0023
128 0.1259 0.2107 0.2483 0.4028 0.0124
129 0.2742 0.1943 0.3748 0.0698 0.0869
130 0.3315 0.2313 0.2174 0.1948 0.0250
131 0.2297 0.1036 0.2227 0.4226 0.0214
132 0.2529 0.2214 0.2146 0.3049 0.0061
133 0.2708 0.1086 0.2228 0.3909 0.0070
134 0.3821 0.1395 0.3535 0.1166 0.0084
135 0.1261 0.0789 0.5654 0.2146 0.0151
136 0.0391 0.0887 0.3147 0.5522 0.0054
137 0.1124 0.0345 0.2100 0.6367 0.0063
138 0.6802 0.0706 0.1919 0.0463 0.0111
139 0.3562 0.1021 0.4036 0.1157 0.0224
140 0.0969 0.0687 0.5073 0.3127 0.0144
141 0.2883 0.1722 0.2195 0.2908 0.0292
142 0.5566 0.0923 0.1140 0.1792 0.0582
143 0.1204 0.1954 0.2489 0.3767 0.0587
144 0.0444 0.0744 0.7632 0.1152 0.0025
145 0.0698 0.0579 0.6123 0.2512 0.0087
146 0.0890 0.1160 0.3154 0.4590 0.0205
147 0.0553 0.0941 0.3494 0.4927 0.0087
148 0.0324 0.0327 0.0676 0.8628 0.0047
149 0.0241 0.0140 0.0602 0.8979 0.0036
150 0.4846 0.0803 0.2717 0.0709 0.0925
151 0.6270 0.0592 0.1523 0.0862 0.0754
152 0.6421 0.0527 0.2036 0.0641 0.0377
153 0.1505 0.0751 0.3137 0.4492 0.0114
154 0.1091 0.0492 0.4182 0.3928 0.0308
155 0.0942 0.0341 0.4939 0.3669 0.0109
156 0.2015 0.0385 0.1923 0.5308 0.0370
157 0.5918 0.0224 0.2544 0.1221 0.0095
158 0.5806 0.2222 0.1456 0.0317 0.0197
159 0.0942 0.0906 0.7642 0.0357 0.0151
160 0.1830 0.0618 0.3445 0.3965 0.0142
161 0.1752 0.0510 0.4302 0.3298 0.0138
162 0.7832 0.0497 0.0914 0.0363 0.0393
163 0.5522 0.1063 0.1836 0.1354 0.0224
164 0.2247 0.0564 0.1342 0.5225 0.0624
165 0.1865 0.0426 0.2715 0.4915 0.0078
166 0.6133 0.0919 0.1901 0.0462 0.0584
167 0.1854 0.1989 0.3865 0.1958 0.0335
168 0.2632 0.1584 0.2217 0.3276 0.0291
169 0.5347 0.1351 0.2228 0.0839 0.0237
170 0.0425 0.0723 0.4426 0.4358 0.0067
171 0.0889 0.0961 0.4307 0.3740 0.0104
172 0.0589 0.0831 0.3445 0.5093 0.0045
173 0.4138 0.1022 0.4104 0.0461 0.0275
174 0.5854 0.1390 0.1757 0.0602 0.0398
175 0.0303 0.2024 0.6743 0.0912 0.0018
176 0.0988 0.1906 0.3503 0.3450 0.0153
177 0.1526 0.0583 0.2185 0.5581 0.0126
178 0.1399 0.0630 0.4514 0.3252 0.0203
179 0.1114 0.1223 0.4075 0.3325 0.0262
180 0.1582 0.1232 0.5107 0.1985 0.0093
181 0.1154 0.1027 0.6538 0.1182 0.0098
182 0.0323 0.0401 0.3523 0.5718 0.0037
183 0.1096 0.3884 0.3096 0.1864 0.0059
184 0.1089 0.1957 0.2133 0.4587 0.0234
185 0.0300 0.0938 0.5571 0.3174 0.0019
186 0.2230 0.1148 0.4436 0.1877 0.0309
187 0.0650 0.2181 0.6719 0.0397 0.0052
188 0.1188 0.0656 0.3718 0.4280 0.0157
189 0.3599 0.1039 0.4141 0.1007 0.0216
190 0.5283 0.0743 0.2676 0.1179 0.0120
191 0.3411 0.1326 0.2086 0.2942 0.0236
192 0.1315 0.1024 0.3748 0.3865 0.0048
193 0.1639 0.1516 0.3262 0.3499 0.0084
194 0.0685 0.0486 0.0729 0.8086 0.0013
195 0.3413 0.1827 0.2087 0.2328 0.0343
196 0.0647 0.0197 0.0878 0.8262 0.0015
197 0.4836 0.1396 0.3074 0.0587 0.0106
198 0.4758 0.2568 0.2000 0.0450 0.0224
199 0.2249 0.0275 0.1375 0.6016 0.0085
200 0.1047 0.2167 0.5361 0.1388 0.0037
201 0.1055 0.1132 0.3711 0.4075 0.0026
202 0.0498 0.0356 0.3921 0.5195 0.0032
203 0.0345 0.0425 0.2283 0.6919 0.0027
204 0.1171 0.1758 0.4053 0.2830 0.0188
205 0.1135 0.1857 0.5454 0.1434 0.0118
206 0.1520 0.0331 0.5518 0.2429 0.0204
207 0.0645 0.1570 0.4836 0.2935 0.0016
208 0.0835 0.0491 0.3684 0.4880 0.0111
209 0.0723 0.0922 0.3645 0.4680 0.0030
210 0.4060 0.0618 0.4492 0.0734 0.0097
211 0.0668 0.0183 0.0700 0.8394 0.0054
212 0.2510 0.1242 0.4875 0.1292 0.0081
213 0.0480 0.3989 0.4592 0.0904 0.0035
214 0.0254 0.2705 0.5137 0.1802 0.0104
215 0.0464 0.3147 0.3511 0.2820 0.0059
216 0.0347 0.0554 0.2278 0.6802 0.0019
217 0.1201 0.2463 0.3584 0.2426 0.0326
218 0.0495 0.0444 0.0726 0.8315 0.0020
219 0.1159 0.0158 0.0330 0.8301 0.0050
220 0.3120 0.1373 0.3401 0.1952 0.0154
221 0.4006 0.1820 0.1892 0.2095 0.0186
222 0.3225 0.0430 0.1824 0.4409 0.0112
223 0.3091 0.0648 0.1483 0.4678 0.0099
224 0.7661 0.0155 0.0944 0.1147 0.0094
225 0.8701 0.0118 0.0518 0.0561 0.0101
226 0.0732 0.0108 0.1266 0.7871 0.0021
