time exciting_prob fearful_prob tense_prob sad_prob relaxing_prob
0 0.2037 0.2830 0.2496 0.2310 0.0327
1 0.0402 0.2661 0.2878 0.3472 0.0585
2 0.0294 0.3108 0.3577 0.2308 0.0715
3 0.0438 0.2424 0.3584 0.2791 0.0763
4 0.0486 0.2549 0.4011 0.2671 0.0282
5 0.0371 0.1199 0.2206 0.5811 0.0414
6 0.0403 0.1322 0.4834 0.2932 0.0510
7 0.0442 0.1919 0.4460 0.2834 0.0344
8 0.0431 0.2120 0.4778 0.2292 0.0380
9 0.0466 0.2137 0.3872 0.3364 0.0162
10 0.0249 0.0544 0.3081 0.5322 0.0804
11 0.0295 0.1130 0.7480 0.0951 0.0144
12 0.0255 0.1492 0.3870 0.3931 0.0455
13 0.0185 0.1785 0.5854 0.1871 0.0305
14 0.0185 0.1411 0.4626 0.3660 0.0119
15 0.0268 0.0717 0.2314 0.6592 0.0108
16 0.0556 0.1635 0.4175 0.3252 0.0382
17 0.0794 0.2125 0.3850 0.2485 0.0746
18 0.0297 0.2795 0.1892 0.2546 0.2468
19 0.0308 0.2659 0.1539 0.1564 0.3931
20 0.0395 0.3896 0.1538 0.1575 0.2595
21 0.0492 0.4250 0.1516 0.0632 0.3110
22 0.0520 0.3418 0.3040 0.1381 0.1641
23 0.0404 0.3684 0.1956 0.1263 0.2695
24 0.0430 0.3599 0.4207 0.0660 0.1106
25 0.0385 0.2196 0.2734 0.2196 0.2489
26 0.0735 0.2428 0.3069 0.1165 0.2605
27 0.1103 0.1804 0.3167 0.1847 0.2078
28 0.0811 0.1770 0.3660 0.1770 0.1990
29 0.0580 0.2172 0.4971 0.0775 0.1504
30 0.0583 0.1151 0.4275 0.3176 0.0816
31 0.1311 0.1923 0.4646 0.1521 0.0600
32 0.0546 0.1667 0.3369 0.3643 0.0776
33 0.0638 0.0914 0.2861 0.5024 0.0563
34 0.0513 0.2247 0.3269 0.3025 0.0944
35 0.0242 0.0609 0.1876 0.6548 0.0723
36 0.2009 0.2277 0.1257 0.3872 0.0585
37 0.0408 0.1602 0.2056 0.4932 0.1002
38 0.0498 0.0645 0.2981 0.3950 0.1925
39 0.0462 0.0993 0.3308 0.3467 0.1770
40 0.0402 0.0728 0.3159 0.2878 0.2832
41 0.0425 0.0638 0.1351 0.1531 0.6055
42 0.0340 0.1313 0.3743 0.2781 0.1824
43 0.0426 0.0406 0.1096 0.0923 0.7148
44 0.0190 0.0519 0.0817 0.1305 0.7168
45 0.0209 0.0828 0.1954 0.2394 0.4614
46 0.0257 0.1033 0.2944 0.1677 0.4087
47 0.0327 0.0945 0.2302 0.2450 0.3977
48 0.0199 0.0673 0.2499 0.3469 0.3159
49 0.0094 0.0772 0.1941 0.6465 0.0726
50 0.0299 0.2371 0.2996 0.3560 0.0776
51 0.0493 0.1669 0.1405 0.1372 0.5059
52 0.0360 0.0662 0.0612 0.0553 0.7812
53 0.0464 0.0379 0.1322 0.6929 0.0909
54 0.0524 0.2008 0.4253 0.3110 0.0105
55 0.0725 0.2778 0.4878 0.1488 0.0131
56 0.0454 0.3057 0.5195 0.1178 0.0115
57 0.0634 0.3220 0.4910 0.1029 0.0209
58 0.0327 0.0755 0.2052 0.6621 0.0243
59 0.0660 0.1063 0.3125 0.4917 0.0235
60 0.0769 0.1249 0.2791 0.5054 0.0136
61 0.1193 0.1619 0.2585 0.3481 0.1121
62 0.0253 0.2656 0.3057 0.3987 0.0047
63 0.0525 0.0429 0.1193 0.7192 0.0659
64 0.0378 0.0306 0.2109 0.7139 0.0069
65 0.1263 0.1244 0.1700 0.5234 0.0556
66 0.1278 0.1603 0.3845 0.3018 0.0256
67 0.0253 0.2612 0.5708 0.1366 0.0060
68 0.0458 0.0984 0.2167 0.6079 0.0312
69 0.0471 0.0840 0.1556 0.6978 0.0154
70 0.0552 0.0743 0.1973 0.6675 0.0060
71 0.0992 0.1205 0.2937 0.4585 0.0280
72 0.0160 0.0669 0.3398 0.5693 0.0081
73 0.2013 0.2839 0.2466 0.2354 0.0329
74 0.1866 0.1647 0.1987 0.4077 0.0423
75 0.0473 0.3013 0.4248 0.2070 0.0196
76 0.0481 0.3579 0.4597 0.1180 0.0164
77 0.0765 0.1571 0.3027 0.4075 0.0560
78 0.0883 0.1000 0.3774 0.4080 0.0263
79 0.0686 0.1062 0.4072 0.4072 0.0108
80 0.0339 0.0701 0.3091 0.5513 0.0358
81 0.0303 0.1049 0.4629 0.3777 0.0243
82 0.0455 0.0462 0.2832 0.5210 0.1042
83 0.0257 0.1099 0.3279 0.5322 0.0043
84 0.0337 0.0703 0.6357 0.2568 0.0034
85 0.0231 0.1083 0.1962 0.6636 0.0091
86 0.0802 0.0923 0.2549 0.4204 0.1522
87 0.0523 0.1716 0.3809 0.3413 0.0540
88 0.0365 0.1420 0.4043 0.3740 0.0433
89 0.0293 0.1194 0.4038 0.4365 0.0109
90 0.0372 0.3020 0.2427 0.3938 0.0242
91 0.0270 0.2524 0.5024 0.2061 0.0121
92 0.0154 0.0712 0.1819 0.6758 0.0555
93 0.0189 0.0862 0.2272 0.5986 0.0693
94 0.0178 0.0506 0.4304 0.3740 0.1272
95 0.0231 0.1156 0.2861 0.2300 0.3452
96 0.0506 0.0874 0.1105 0.2163 0.5352
97 0.0237 0.1382 0.1093 0.6592 0.0695
98 0.0466 0.2330 0.1528 0.4285 0.1392
99 0.0200 0.1274 0.1335 0.6274 0.0918
100 0.0175 0.2034 0.2341 0.3684 0.1768
101 0.0142 0.1282 0.2395 0.5566 0.0615
102 0.0184 0.0562 0.1171 0.6948 0.1135
103 0.0133 0.0942 0.1627 0.6743 0.0554
104 0.0287 0.1246 0.2639 0.2440 0.3389
105 0.0240 0.1436 0.2258 0.5503 0.0562
106 0.0123 0.1658 0.2412 0.5352 0.0453
107 0.0209 0.1332 0.5972 0.1879 0.0610
108 0.0232 0.1346 0.6943 0.0897 0.0579
109 0.0236 0.0812 0.5054 0.3113 0.0787
110 0.0200 0.1420 0.5884 0.1970 0.0526
111 0.0282 0.1422 0.6372 0.1422 0.0503
112 0.0175 0.0967 0.4836 0.3325 0.0697
113 0.0224 0.1052 0.6055 0.1967 0.0701
114 0.0175 0.0712 0.3911 0.3911 0.1290
115 0.0274 0.1058 0.2385 0.2703 0.3579
116 0.0215 0.0806 0.2122 0.2769 0.4089
117 0.0181 0.0650 0.1420 0.5615 0.2133
118 0.0155 0.0760 0.1586 0.6079 0.1421
119 0.0192 0.0791 0.1742 0.5449 0.1825
120 0.0105 0.0297 0.0629 0.7549 0.1418
121 0.0163 0.0421 0.1049 0.7749 0.0617
122 0.0115 0.0468 0.1252 0.7319 0.0847
123 0.0122 0.0856 0.6230 0.2517 0.0274
124 0.0239 0.0480 0.5581 0.2476 0.1226
125 0.0328 0.0508 0.2749 0.5054 0.1360
126 0.2037 0.2830 0.2496 0.2310 0.0327
127 0.2037 0.2830 0.2496 0.2310 0.0327
128 0.0493 0.0741 0.6704 0.2013 0.0047
129 0.0448 0.1238 0.6587 0.1692 0.0033
130 0.0612 0.1091 0.5903 0.2347 0.0048
131 0.0824 0.1801 0.5811 0.1516 0.0048
132 0.0740 0.1404 0.6392 0.1426 0.0041
133 0.0858 0.1530 0.5254 0.2296 0.0063
134 0.1056 0.2534 0.4961 0.1399 0.0051
135 0.0343 0.1293 0.5708 0.2612 0.0046
136 0.0482 0.1877 0.5693 0.1907 0.0043
137 0.0584 0.1915 0.4185 0.3259 0.0057
138 0.0220 0.1256 0.5454 0.2786 0.0282
139 0.1115 0.2455 0.4077 0.1523 0.0828
140 0.1477 0.0917 0.1674 0.4995 0.0939
141 0.1407 0.1262 0.3887 0.2712 0.0731
142 0.1173 0.0525 0.2262 0.1681 0.4360
143 0.0567 0.0800 0.7593 0.0764 0.0279
144 0.0382 0.0931 0.7549 0.0888 0.0249
145 0.0211 0.0846 0.5264 0.2487 0.1193
146 0.0163 0.1288 0.6748 0.0845 0.0957
147 0.0127 0.0541 0.4749 0.3420 0.1164
148 0.0135 0.1676 0.7061 0.0657 0.0473
149 0.0129 0.1390 0.6328 0.1001 0.1152
150 0.0109 0.1016 0.7280 0.1152 0.0444
151 0.0222 0.1155 0.5957 0.1680 0.0988
152 0.0108 0.0457 0.3826 0.4404 0.1204
153 0.0106 0.0704 0.7451 0.1276 0.0462
154 0.0143 0.0503 0.6421 0.2052 0.0883
155 0.0242 0.3018 0.5815 0.0652 0.0272
156 0.0342 0.3052 0.3918 0.1354 0.1333
157 0.0376 0.2377 0.5034 0.1740 0.0475
158 0.0205 0.3235 0.5088 0.1307 0.0165
159 0.0483 0.3459 0.3149 0.1635 0.1273
160 0.0522 0.0748 0.6880 0.0725 0.1123
161 0.0258 0.1986 0.2632 0.0578 0.4546
162 0.0435 0.2194 0.2563 0.0513 0.4294
163 0.1124 0.1824 0.2695 0.4307 0.0049
164 0.0603 0.1978 0.5547 0.1829 0.0044
165 0.1742 0.3254 0.3203 0.1715 0.0085
166 0.1165 0.1543 0.2883 0.4329 0.0080
167 0.0201 0.1404 0.3164 0.3757 0.1472
168 0.0152 0.0945 0.1823 0.6162 0.0916
169 0.0153 0.1223 0.2432 0.4912 0.1282
170 0.0178 0.2593 0.2515 0.3833 0.0883
171 0.0166 0.1664 0.1515 0.4739 0.1915
172 0.0263 0.1824 0.2131 0.2869 0.2913
173 0.0150 0.1917 0.4250 0.3159 0.0524
174 0.0266 0.3613 0.2859 0.1554 0.1707
175 0.0911 0.3281 0.3081 0.0473 0.2255
176 0.0938 0.6113 0.2588 0.0237 0.0126
177 0.0625 0.4692 0.3596 0.0356 0.0731
178 0.1815 0.0481 0.1873 0.5015 0.0818
179 0.0833 0.0337 0.2649 0.5693 0.0486
180 0.1854 0.0536 0.2783 0.4519 0.0307
181 0.2155 0.0622 0.3184 0.3723 0.0315
182 0.0395 0.2329 0.0927 0.4419 0.1931
183 0.0069 0.0464 0.0148 0.0697 0.8623
184 0.0086 0.0427 0.0322 0.0862 0.8306
185 0.0103 0.1445 0.0933 0.0727 0.6792
186 0.0084 0.0601 0.0574 0.0945 0.7798
187 0.0153 0.0807 0.0581 0.1155 0.7305
188 0.0131 0.0616 0.0841 0.1031 0.7383
189 0.0111 0.0527 0.0562 0.1170 0.7632
190 0.0064 0.0237 0.0252 0.0428 0.9019
191 0.0141 0.0584 0.0515 0.0441 0.8320
192 0.0213 0.4475 0.2181 0.2017 0.1114
193 0.0312 0.3123 0.1385 0.1046 0.4136
194 0.0326 0.3269 0.1473 0.1953 0.2979
195 0.0447 0.1796 0.2612 0.4587 0.0556
196 0.0377 0.3257 0.3105 0.1490 0.1770
197 0.0177 0.1705 0.0657 0.0504 0.6958
198 0.3535 0.2798 0.1045 0.2585 0.0037
199 0.2600 0.2441 0.0793 0.4089 0.0078
200 0.1379 0.1564 0.1126 0.4968 0.0963
201 0.2213 0.1893 0.1632 0.2820 0.1440
202 0.1265 0.2151 0.1927 0.1478 0.3179
203 0.1031 0.2554 0.2184 0.1598 0.2634
204 0.0543 0.2131 0.2822 0.2651 0.1852
205 0.0789 0.2566 0.1183 0.2646 0.2817
206 0.0765 0.2886 0.0967 0.2213 0.3169
207 0.0679 0.2043 0.1094 0.2427 0.3757
208 0.0403 0.1177 0.1633 0.3918 0.2866
209 0.0329 0.2230 0.2954 0.3047 0.1439
210 0.0267 0.1294 0.1143 0.6079 0.1216
211 0.0182 0.1532 0.1631 0.4719 0.1937
212 0.0250 0.2793 0.1803 0.4604 0.0550
213 0.0345 0.3772 0.1431 0.3599 0.0854
214 0.0480 0.3232 0.1870 0.2365 0.2054
215 0.0257 0.3354 0.2737 0.1159 0.2493
216 0.0244 0.2429 0.2013 0.0776 0.4539
217 0.0442 0.2927 0.1860 0.1240 0.3530
218 0.0358 0.3584 0.2424 0.2140 0.1494
219 0.0320 0.3037 0.2366 0.2598 0.1677
220 0.0226 0.2097 0.2959 0.3406 0.1312
