time exciting_prob fearful_prob tense_prob sad_prob relaxing_prob
0 0.2037 0.2830 0.2496 0.2310 0.0327
1 0.1193 0.5562 0.1221 0.1749 0.0277
2 0.0586 0.1203 0.5391 0.2754 0.0067
3 0.0679 0.1350 0.4221 0.3669 0.0081
4 0.0541 0.1747 0.3755 0.3875 0.0083
5 0.0697 0.1545 0.5312 0.2395 0.0050
6 0.0502 0.1224 0.5151 0.3076 0.0047
7 0.0512 0.1979 0.5054 0.2386 0.0072
8 0.0634 0.2284 0.5146 0.1864 0.0070
9 0.0534 0.1895 0.4761 0.2712 0.0097
10 0.0612 0.1009 0.5371 0.2920 0.0088
11 0.0305 0.2119 0.6133 0.1285 0.0158
12 0.0607 0.1812 0.6577 0.0755 0.0251
13 0.0788 0.1165 0.3372 0.4260 0.0415
14 0.0410 0.1140 0.3455 0.4873 0.0122
15 0.0361 0.0938 0.2979 0.5396 0.0329
16 0.0861 0.3176 0.1674 0.3772 0.0518
17 0.0286 0.3975 0.2373 0.3245 0.0123
18 0.0562 0.4290 0.1591 0.3340 0.0219
19 0.1107 0.1661 0.1636 0.5278 0.0317
20 0.1154 0.1815 0.3965 0.2769 0.0296
21 0.0675 0.2015 0.3376 0.3708 0.0226
22 0.0601 0.1088 0.4045 0.4172 0.0094
23 0.0538 0.1232 0.4299 0.3855 0.0075
24 0.0570 0.3281 0.4700 0.1389 0.0058
25 0.0609 0.3733 0.3972 0.1532 0.0155
26 0.0770 0.3760 0.2930 0.2390 0.0150
27 0.0235 0.1780 0.1522 0.6411 0.0052
28 0.0717 0.2603 0.1628 0.4861 0.0191
29 0.0374 0.4551 0.3599 0.1064 0.0414
30 0.0626 0.5161 0.3230 0.0593 0.0386
31 0.0822 0.0797 0.3923 0.3684 0.0773
32 0.1307 0.2520 0.3237 0.2769 0.0168
33 0.0754 0.2396 0.5928 0.0868 0.0053
34 0.0837 0.0637 0.6895 0.1539 0.0092
35 0.0644 0.0629 0.7969 0.0718 0.0039
36 0.1019 0.0800 0.6143 0.1995 0.0046
37 0.0969 0.1015 0.7046 0.0910 0.0058
38 0.0480 0.0970 0.2219 0.6128 0.0203
39 0.0437 0.2361 0.4016 0.3079 0.0105
40 0.0727 0.0919 0.2966 0.5288 0.0097
41 0.0463 0.0825 0.5132 0.3528 0.0052
42 0.0638 0.2318 0.4985 0.1805 0.0254
43 0.0948 0.1295 0.6895 0.0823 0.0037
44 0.0801 0.1121 0.5518 0.2524 0.0036
45 0.1332 0.2910 0.2489 0.3049 0.0221
46 0.0641 0.3157 0.1490 0.4314 0.0398
47 0.0439 0.4758 0.3071 0.1332 0.0400
48 0.1383 0.5825 0.1749 0.0595 0.0449
49 0.0432 0.7080 0.1776 0.0384 0.0326
50 0.1204 0.5068 0.2489 0.0547 0.0692
51 0.0340 0.4961 0.3630 0.1016 0.0053
52 0.0500 0.1827 0.7227 0.0335 0.0110
53 0.0208 0.1742 0.7808 0.0213 0.0027
54 0.0480 0.0883 0.2515 0.4775 0.1346
55 0.0090 0.0963 0.1276 0.5898 0.1771
56 0.0534 0.1242 0.1671 0.5483 0.1071
57 0.0487 0.1636 0.1853 0.2871 0.3152
58 0.1105 0.2756 0.2451 0.2690 0.0998
59 0.0272 0.0906 0.4897 0.3875 0.0052
60 0.1412 0.1703 0.2054 0.4487 0.0343
61 0.1700 0.1810 0.5405 0.0984 0.0103
62 0.0296 0.6089 0.2620 0.0566 0.0428
63 0.1109 0.4854 0.2441 0.0562 0.1033
64 0.0682 0.5239 0.2399 0.1188 0.0491
65 0.0641 0.1422 0.5366 0.2534 0.0038
66 0.0263 0.3181 0.5674 0.0811 0.0071
67 0.0876 0.3254 0.5117 0.0630 0.0122
68 0.1299 0.3672 0.2859 0.1997 0.0172
69 0.0529 0.2408 0.3672 0.2771 0.0619
70 0.0584 0.3306 0.2698 0.2786 0.0626
71 0.1460 0.4785 0.2058 0.1068 0.0628
72 0.0682 0.1255 0.4846 0.3130 0.0088
73 0.0642 0.2106 0.4387 0.2207 0.0657
74 0.0432 0.4260 0.5059 0.0189 0.0058
75 0.0836 0.1445 0.4849 0.2808 0.0062
76 0.0927 0.0898 0.2991 0.4854 0.0330
77 0.0468 0.0862 0.3462 0.5117 0.0093
78 0.0745 0.2190 0.5591 0.1437 0.0036
79 0.1236 0.0863 0.2617 0.4592 0.0693
80 0.0745 0.2788 0.2137 0.3811 0.0520
81 0.0883 0.1389 0.4417 0.3181 0.0131
82 0.0337 0.8838 0.0630 0.0132 0.0063
83 0.2529 0.3403 0.2490 0.1387 0.0189
84 0.1230 0.1351 0.2793 0.4194 0.0432
85 0.0580 0.1576 0.3037 0.4702 0.0106
86 0.0701 0.4329 0.4719 0.0145 0.0106
87 0.1718 0.4971 0.2258 0.0594 0.0459
88 0.1060 0.0787 0.4824 0.3164 0.0164
89 0.1913 0.1526 0.1143 0.5283 0.0136
90 0.0739 0.1589 0.5459 0.2073 0.0138
91 0.0365 0.7744 0.1700 0.0146 0.0045
92 0.1338 0.4253 0.2969 0.0673 0.0768
93 0.1377 0.0640 0.2493 0.5278 0.0214
94 0.0915 0.1069 0.5024 0.2861 0.0132
95 0.0369 0.6748 0.1680 0.1145 0.0060
96 0.0586 0.1792 0.6255 0.1271 0.0099
97 0.1197 0.0962 0.5117 0.2573 0.0147
98 0.0214 0.1776 0.5142 0.2839 0.0029
99 0.0777 0.5879 0.2266 0.0923 0.0158
100 0.0808 0.5396 0.3074 0.0394 0.0332
101 0.0331 0.3289 0.5508 0.0845 0.0030
102 0.0922 0.3000 0.3452 0.2195 0.0432
103 0.0277 0.3250 0.2002 0.4238 0.0234
104 0.1130 0.0908 0.3171 0.4688 0.0104
105 0.0847 0.2844 0.4990 0.0403 0.0916
106 0.0638 0.2815 0.5864 0.0546 0.0138
107 0.0397 0.1536 0.7212 0.0822 0.0033
108 0.0284 0.3623 0.4438 0.1322 0.0332
109 0.0551 0.3320 0.4197 0.1863 0.0068
110 0.0682 0.0822 0.2739 0.5444 0.0312
111 0.0665 0.0938 0.3921 0.4373 0.0104
112 0.0440 0.3799 0.4878 0.0778 0.0105
113 0.0636 0.6221 0.2362 0.0236 0.0544
114 0.0853 0.3508 0.2264 0.0534 0.2842
115 0.0904 0.3105 0.5581 0.0220 0.0190
116 0.0297 0.4509 0.4370 0.0753 0.0071
117 0.0454 0.3225 0.3542 0.2759 0.0017
118 0.0703 0.3743 0.2067 0.3459 0.0029
119 0.0299 0.4636 0.3784 0.1267 0.0012
120 0.0865 0.4326 0.4326 0.0301 0.0181
121 0.0423 0.4805 0.4307 0.0379 0.0086
122 0.0318 0.4189 0.2314 0.3164 0.0014
123 0.0908 0.0967 0.3650 0.4136 0.0339
124 0.0244 0.0204 0.8999 0.0532 0.0020
125 0.1892 0.1777 0.2247 0.3882 0.0199
126 0.1182 0.3528 0.2791 0.2388 0.0110
127 0.0530 0.1953 0.7031 0.0309 0.0176
128 0.2325 0.3203 0.2554 0.0810 0.1107
129 0.1041 0.1180 0.5205 0.2072 0.0500
130 0.0486 0.3047 0.2732 0.3674 0.0062
131 0.0612 0.5581 0.2720 0.0904 0.0184
132 0.0448 0.0941 0.7061 0.1411 0.0142
133 0.1802 0.1733 0.4937 0.1494 0.0034
134 0.0562 0.0994 0.7812 0.0575 0.0056
135 0.0974 0.2954 0.3145 0.2283 0.0644
136 0.0398 0.0955 0.7744 0.0836 0.0065
137 0.1215 0.0875 0.5112 0.2654 0.0144
138 0.0571 0.3665 0.5171 0.0363 0.0231
139 0.2191 0.1035 0.5596 0.1119 0.0058
140 0.0775 0.5337 0.1964 0.1732 0.0191
141 0.0624 0.2212 0.2930 0.4067 0.0167
142 0.1322 0.1213 0.4543 0.2888 0.0032
143 0.1141 0.5884 0.2532 0.0245 0.0200
144 0.0740 0.3696 0.1110 0.4060 0.0393
145 0.1135 0.4385 0.3992 0.0380 0.0107
146 0.1577 0.3162 0.3755 0.1003 0.0504
147 0.0670 0.1204 0.7314 0.0665 0.0147
148 0.0470 0.0710 0.8257 0.0508 0.0053
149 0.1556 0.0426 0.2690 0.5269 0.0060
150 0.1168 0.0917 0.7153 0.0692 0.0070
151 0.0806 0.0497 0.5425 0.3188 0.0082
152 0.1321 0.1892 0.4070 0.2627 0.0091
153 0.0818 0.0780 0.4932 0.3284 0.0187
154 0.1153 0.1118 0.6738 0.0877 0.0115
155 0.0709 0.0876 0.7866 0.0519 0.0030
156 0.0420 0.8301 0.0984 0.0200 0.0097
157 0.0560 0.0277 0.1523 0.7383 0.0257
158 0.0813 0.0256 0.0826 0.7959 0.0148
159 0.0962 0.0330 0.5986 0.2656 0.0066
160 0.1082 0.2401 0.3662 0.2637 0.0218
161 0.0574 0.1971 0.3462 0.3921 0.0071
162 0.0501 0.0894 0.4470 0.3945 0.0190
163 0.1342 0.2883 0.3589 0.2014 0.0171
164 0.0695 0.3752 0.4058 0.1360 0.0135
165 0.0880 0.3884 0.0644 0.4402 0.0189
166 0.0191 0.1377 0.3516 0.4883 0.0033
167 0.0227 0.1758 0.3899 0.4084 0.0032
168 0.0482 0.2030 0.6250 0.1193 0.0043
169 0.0297 0.0432 0.1175 0.8027 0.0066
170 0.0698 0.0961 0.4731 0.3354 0.0255
171 0.0758 0.0758 0.3398 0.5024 0.0062
172 0.0670 0.1194 0.4578 0.3511 0.0049
173 0.0264 0.5103 0.2908 0.1606 0.0116
174 0.0424 0.0349 0.7515 0.1625 0.0088
175 0.0649 0.0400 0.8354 0.0538 0.0056
176 0.0572 0.1318 0.3640 0.4392 0.0079
177 0.0162 0.0276 0.0811 0.8721 0.0028
178 0.0937 0.0952 0.3320 0.4612 0.0180
179 0.0986 0.0451 0.7812 0.0662 0.0088
180 0.0995 0.0920 0.5054 0.2834 0.0196
181 0.0806 0.0311 0.2561 0.6245 0.0078
182 0.0824 0.0877 0.1886 0.3992 0.2422
183 0.0109 0.0574 0.3276 0.6025 0.0018
184 0.1320 0.0568 0.4260 0.3477 0.0375
185 0.1296 0.0594 0.2832 0.4526 0.0751
186 0.0097 0.0226 0.2179 0.7490 0.0009
187 0.1174 0.0591 0.2300 0.5869 0.0064
188 0.0321 0.1194 0.3196 0.5190 0.0100
189 0.0326 0.0533 0.6797 0.2041 0.0301
190 0.0584 0.1357 0.3748 0.4182 0.0128
191 0.1015 0.1273 0.5361 0.2271 0.0079
192 0.0654 0.2264 0.4297 0.2605 0.0180
193 0.0697 0.0731 0.6216 0.2286 0.0073
194 0.0545 0.1530 0.5508 0.2225 0.0193
195 0.1174 0.1749 0.5303 0.1202 0.0572
196 0.0524 0.3364 0.3286 0.2725 0.0103
197 0.1050 0.3159 0.2703 0.2832 0.0257
198 0.0901 0.0748 0.4170 0.4041 0.0139
199 0.0632 0.0762 0.2559 0.5947 0.0100
200 0.1249 0.1967 0.4363 0.2194 0.0229
201 0.1392 0.1190 0.3391 0.3965 0.0064
202 0.1388 0.0835 0.7046 0.0687 0.0044
203 0.0490 0.1998 0.3733 0.3677 0.0102
204 0.0567 0.3555 0.4089 0.1692 0.0098
205 0.0132 0.1144 0.3750 0.4968 0.0004
206 0.0146 0.2068 0.2573 0.5195 0.0016
207 0.0815 0.1699 0.5840 0.1548 0.0097
208 0.0683 0.1785 0.6631 0.0843 0.0059
209 0.0849 0.1335 0.4380 0.3306 0.0131
210 0.2322 0.1780 0.1559 0.4270 0.0068
211 0.0949 0.1746 0.4597 0.2578 0.0128
212 0.0103 0.0311 0.1532 0.8027 0.0028
213 0.0717 0.1110 0.2581 0.5547 0.0046
214 0.0947 0.2400 0.3130 0.3333 0.0192
215 0.1241 0.2283 0.5967 0.0361 0.0146
216 0.1282 0.1893 0.6455 0.0273 0.0095
217 0.0149 0.0571 0.4453 0.4814 0.0013
218 0.2235 0.3276 0.3201 0.1007 0.0280
219 0.1354 0.1808 0.2433 0.4304 0.0101
220 0.0444 0.1316 0.3748 0.4382 0.0110
221 0.0603 0.1787 0.6240 0.1318 0.0052
222 0.0713 0.2649 0.2954 0.3508 0.0175
223 0.1556 0.1240 0.6011 0.1028 0.0164
224 0.0493 0.1349 0.5679 0.2367 0.0112
225 0.0476 0.0433 0.2474 0.6416 0.0198
226 0.0545 0.1042 0.5332 0.2900 0.0181
227 0.1735 0.2245 0.2708 0.3167 0.0145
228 0.0900 0.1776 0.4033 0.3191 0.0099
229 0.0349 0.0343 0.1637 0.7568 0.0103
230 0.1559 0.4172 0.3599 0.0556 0.0114
231 0.0781 0.1101 0.5859 0.1787 0.0473
232 0.0617 0.0812 0.5132 0.3210 0.0231
233 0.0458 0.0875 0.7925 0.0645 0.0097
234 0.0308 0.2136 0.6792 0.0739 0.0027
235 0.0240 0.3208 0.5991 0.0532 0.0030
236 0.1342 0.1953 0.4470 0.2046 0.0189
237 0.1089 0.3569 0.2825 0.2217 0.0300
238 0.0824 0.4524 0.2478 0.1716 0.0458
239 0.0758 0.2467 0.5063 0.1384 0.0329
240 0.0832 0.4192 0.4292 0.0563 0.0123
241 0.1880 0.0821 0.5879 0.1262 0.0158
242 0.2314 0.3584 0.2971 0.1060 0.0068
243 0.1356 0.3105 0.1489 0.3306 0.0743
244 0.0392 0.0499 0.8569 0.0469 0.0071
245 0.0927 0.4492 0.2480 0.1978 0.0124
246 0.1097 0.4307 0.1824 0.1648 0.1124
247 0.1417 0.3479 0.2078 0.2212 0.0814
248 0.0325 0.8506 0.0984 0.0105 0.0080
249 0.1104 0.1251 0.2649 0.4871 0.0128
250 0.1333 0.2375 0.5190 0.0902 0.0200
251 0.1404 0.1641 0.4897 0.1747 0.0311
252 0.1674 0.0535 0.1753 0.5933 0.0108
253 0.3115 0.0233 0.0485 0.6099 0.0069
254 0.1613 0.4419 0.2766 0.0744 0.0459
255 0.0451 0.3435 0.4209 0.1868 0.0035
256 0.0784 0.1273 0.3252 0.4175 0.0515
257 0.1313 0.0376 0.2234 0.5703 0.0370
258 0.2343 0.0574 0.3862 0.3054 0.0166
259 0.1691 0.1256 0.3931 0.2966 0.0155
260 0.0969 0.3545 0.4343 0.0977 0.0168
261 0.0850 0.3608 0.5010 0.0428 0.0106
262 0.1060 0.4126 0.4258 0.0456 0.0099
263 0.0864 0.4780 0.3843 0.0408 0.0105
264 0.0704 0.0662 0.2239 0.6279 0.0116
265 0.1698 0.3538 0.1322 0.3027 0.0416
266 0.2343 0.1942 0.1089 0.4175 0.0450
