time exciting_prob fearful_prob tense_prob sad_prob relaxing_prob
0 0.2037 0.2830 0.2496 0.2310 0.0327
1 0.1254 0.6675 0.1610 0.0307 0.0154
2 0.1289 0.7075 0.1164 0.0361 0.0111
3 0.2922 0.5723 0.0496 0.0775 0.0087
4 0.1610 0.6470 0.1187 0.0519 0.0215
5 0.0513 0.7593 0.1405 0.0347 0.0140
6 0.0872 0.8335 0.0613 0.0103 0.0075
7 0.1307 0.4253 0.1917 0.2241 0.0283
8 0.0772 0.7676 0.0946 0.0578 0.0029
9 0.0151 0.3250 0.0376 0.6167 0.0054
10 0.0111 0.4036 0.0654 0.5181 0.0018
11 0.0317 0.1024 0.7930 0.0641 0.0091
12 0.0169 0.3247 0.0498 0.6064 0.0022
13 0.0248 0.8086 0.0586 0.1061 0.0021
14 0.0472 0.8975 0.0426 0.0084 0.0044
15 0.0264 0.2009 0.1719 0.5908 0.0100
16 0.0060 0.8120 0.0710 0.1099 0.0010
17 0.0136 0.5049 0.1277 0.3525 0.0010
18 0.0387 0.8750 0.0568 0.0222 0.0075
19 0.1492 0.7344 0.0360 0.0617 0.0185
20 0.0731 0.8306 0.0822 0.0093 0.0049
21 0.0154 0.4583 0.3740 0.1443 0.0079
22 0.0535 0.7559 0.1713 0.0153 0.0043
23 0.1365 0.6021 0.1766 0.0583 0.0265
24 0.0349 0.1831 0.1361 0.6001 0.0456
25 0.0312 0.4771 0.0737 0.4146 0.0035
26 0.1835 0.6357 0.0217 0.1486 0.0106
27 0.1270 0.4609 0.0331 0.3704 0.0088
28 0.0289 0.8564 0.0295 0.0748 0.0103
29 0.0361 0.8882 0.0378 0.0306 0.0073
30 0.0528 0.7573 0.1057 0.0779 0.0063
31 0.1109 0.8193 0.0516 0.0104 0.0077
32 0.1129 0.7422 0.0974 0.0270 0.0204
33 0.0844 0.0562 0.1842 0.6636 0.0118
34 0.0484 0.3308 0.2498 0.3579 0.0130
35 0.0468 0.7910 0.0901 0.0629 0.0091
36 0.0785 0.8242 0.0646 0.0216 0.0112
37 0.3801 0.4238 0.0953 0.0198 0.0809
38 0.2349 0.5376 0.1746 0.0253 0.0274
39 0.1525 0.6621 0.1525 0.0198 0.0131
40 0.1849 0.2321 0.2529 0.3196 0.0106
41 0.0678 0.3579 0.4319 0.1348 0.0076
42 0.1276 0.2104 0.1638 0.4817 0.0165
43 0.0736 0.1376 0.1354 0.6460 0.0073
44 0.3887 0.2357 0.0534 0.3147 0.0076
45 0.1943 0.4021 0.2053 0.1884 0.0099
46 0.2766 0.1962 0.0580 0.4634 0.0058
47 0.2239 0.3606 0.3157 0.0677 0.0320
48 0.0209 0.0909 0.5840 0.2981 0.0062
49 0.2673 0.1263 0.2083 0.3655 0.0324
50 0.3354 0.5234 0.1097 0.0206 0.0105
51 0.0478 0.7412 0.1919 0.0178 0.0014
52 0.0687 0.5747 0.1794 0.1609 0.0164
53 0.1460 0.2297 0.1996 0.3848 0.0399
54 0.3220 0.3025 0.3096 0.0248 0.0413
55 0.0800 0.7075 0.1249 0.0618 0.0260
56 0.3721 0.3809 0.1337 0.0662 0.0473
57 0.5840 0.1713 0.0635 0.1609 0.0203
58 0.2522 0.1680 0.1680 0.4031 0.0088
59 0.1078 0.2162 0.3071 0.3564 0.0124
60 0.1082 0.7114 0.1033 0.0744 0.0028
61 0.0550 0.8213 0.0629 0.0586 0.0023
62 0.4758 0.1710 0.1375 0.1697 0.0460
63 0.0267 0.8247 0.0651 0.0817 0.0019
64 0.2258 0.4253 0.1228 0.2155 0.0107
65 0.1683 0.7544 0.0702 0.0042 0.0029
66 0.3684 0.3008 0.0503 0.2252 0.0552
67 0.2115 0.0423 0.2512 0.4917 0.0032
68 0.1355 0.0353 0.0848 0.7324 0.0122
69 0.2722 0.1599 0.0986 0.4629 0.0065
70 0.2203 0.4966 0.0710 0.2102 0.0019
71 0.2805 0.3306 0.1226 0.2573 0.0090
72 0.1766 0.1243 0.2233 0.4583 0.0176
73 0.0859 0.1556 0.1792 0.5605 0.0187
74 0.1482 0.2295 0.2903 0.3186 0.0134
75 0.0657 0.1287 0.0757 0.7070 0.0231
76 0.0942 0.2539 0.2423 0.3782 0.0313
77 0.1746 0.6587 0.0756 0.0710 0.0202
78 0.0362 0.1797 0.2615 0.4448 0.0779
79 0.0102 0.3809 0.0637 0.5371 0.0084
80 0.1409 0.3860 0.3770 0.0803 0.0161
81 0.2346 0.6577 0.0732 0.0077 0.0265
82 0.3328 0.5361 0.0720 0.0345 0.0249
83 0.0454 0.4810 0.3630 0.1082 0.0024
84 0.0647 0.3110 0.1946 0.4119 0.0178
85 0.1969 0.6113 0.1698 0.0094 0.0124
86 0.1890 0.5469 0.1483 0.0316 0.0845
87 0.1207 0.6836 0.1649 0.0057 0.0253
88 0.1108 0.7002 0.1514 0.0135 0.0243
89 0.0759 0.1821 0.2822 0.4509 0.0088
90 0.2756 0.6455 0.0302 0.0230 0.0256
91 0.1288 0.3137 0.2993 0.2406 0.0176
92 0.1180 0.1730 0.1960 0.5044 0.0084
93 0.1780 0.1487 0.5928 0.0724 0.0081
94 0.1476 0.0983 0.3596 0.3708 0.0237
95 0.1449 0.2484 0.1890 0.3613 0.0563
96 0.0109 0.3931 0.0492 0.5459 0.0011
97 0.1421 0.3276 0.1897 0.3381 0.0025
98 0.0510 0.3977 0.2096 0.3401 0.0017
99 0.2030 0.6763 0.0860 0.0288 0.0059
100 0.2854 0.5859 0.0979 0.0234 0.0075
101 0.5020 0.3345 0.0718 0.0685 0.0233
102 0.1661 0.6470 0.1039 0.0544 0.0286
103 0.3435 0.5488 0.0797 0.0198 0.0081
104 0.4124 0.4124 0.0632 0.0956 0.0166
105 0.0923 0.6113 0.0551 0.2394 0.0020
106 0.3528 0.1577 0.1403 0.3367 0.0126
107 0.1647 0.0356 0.2715 0.5234 0.0047
108 0.1815 0.0733 0.1553 0.5859 0.0040
109 0.0141 0.8022 0.1351 0.0478 0.0005
110 0.0943 0.3396 0.2859 0.2686 0.0116
111 0.0911 0.8247 0.0715 0.0119 0.0008
112 0.1407 0.7256 0.1038 0.0221 0.0076
113 0.2142 0.2028 0.1721 0.3760 0.0350
114 0.1702 0.7051 0.1151 0.0070 0.0026
115 0.0862 0.1636 0.2343 0.5039 0.0121
116 0.0903 0.2100 0.1421 0.5278 0.0296
117 0.1049 0.7568 0.0636 0.0597 0.0151
118 0.0374 0.4895 0.4387 0.0310 0.0034
119 0.1283 0.5659 0.1409 0.1387 0.0263
120 0.2240 0.4316 0.1814 0.1423 0.0205
121 0.1506 0.7021 0.0935 0.0341 0.0198
122 0.3066 0.5776 0.0467 0.0550 0.0142
123 0.0212 0.3752 0.0739 0.5293 0.0005
124 0.0077 0.3933 0.0355 0.5635 0.0003
125 0.1022 0.1685 0.2432 0.4761 0.0100
126 0.0573 0.1510 0.2529 0.5107 0.0282
127 0.1342 0.1184 0.0649 0.6763 0.0064
128 0.0027 0.1300 0.0329 0.8345 0.0001
129 0.2173 0.1719 0.0448 0.5635 0.0025
130 0.0125 0.0179 0.0219 0.9468 0.0008
131 0.0021 0.1353 0.0211 0.8413 0.0002
132 0.0354 0.1741 0.3152 0.4661 0.0093
133 0.4307 0.3572 0.1263 0.0491 0.0368
134 0.0356 0.7544 0.1849 0.0050 0.0201
135 0.0093 0.1547 0.0742 0.7612 0.0004
136 0.0076 0.0374 0.0203 0.9341 0.0008
137 0.0015 0.0928 0.0254 0.8804 0.0001
138 0.0265 0.4050 0.1295 0.4380 0.0010
139 0.2179 0.4402 0.2469 0.0321 0.0629
140 0.3137 0.4355 0.0739 0.0493 0.1277
141 0.1791 0.6396 0.1532 0.0066 0.0214
142 0.1163 0.6289 0.2386 0.0089 0.0074
143 0.0990 0.6982 0.0530 0.1418 0.0080
144 0.0124 0.8037 0.1301 0.0416 0.0123
145 0.1431 0.3250 0.1660 0.3198 0.0461
146 0.0545 0.1199 0.0941 0.7285 0.0028
147 0.2012 0.1052 0.0517 0.6147 0.0270
148 0.2435 0.2150 0.1124 0.3892 0.0401
149 0.3503 0.4978 0.0195 0.1210 0.0115
150 0.1683 0.2864 0.3147 0.2230 0.0075
151 0.7393 0.1929 0.0461 0.0191 0.0028
152 0.0771 0.0342 0.0807 0.7905 0.0175
153 0.2448 0.1891 0.1279 0.4229 0.0153
154 0.1171 0.4026 0.0762 0.3901 0.0139
155 0.3672 0.4714 0.0501 0.1020 0.0093
156 0.3135 0.4971 0.0978 0.0750 0.0166
157 0.2061 0.6250 0.0701 0.0922 0.0069
158 0.3103 0.3657 0.0444 0.2052 0.0743
159 0.2098 0.0498 0.2002 0.5356 0.0043
160 0.0593 0.2827 0.3306 0.3254 0.0018
161 0.1957 0.6777 0.0506 0.0709 0.0053
162 0.0203 0.8232 0.0367 0.1150 0.0045
163 0.2295 0.4058 0.0524 0.2423 0.0699
164 0.0298 0.8916 0.0579 0.0170 0.0040
165 0.2927 0.5957 0.0839 0.0248 0.0030
166 0.0886 0.1630 0.0226 0.7192 0.0066
167 0.1216 0.7451 0.0749 0.0561 0.0025
168 0.1943 0.1611 0.0236 0.6177 0.0032
169 0.1416 0.1890 0.1036 0.5557 0.0103
170 0.1256 0.1826 0.0850 0.5898 0.0171
171 0.2510 0.4509 0.1131 0.1780 0.0072
172 0.1276 0.8125 0.0285 0.0301 0.0013
173 0.1034 0.2104 0.0722 0.5996 0.0143
174 0.0119 0.3787 0.0313 0.5776 0.0006
175 0.0775 0.0775 0.0449 0.7954 0.0048
176 0.0445 0.8940 0.0405 0.0168 0.0043
177 0.1089 0.6724 0.1648 0.0282 0.0255
178 0.1537 0.1611 0.1197 0.5117 0.0535
179 0.3787 0.4255 0.0812 0.0865 0.0281
180 0.0798 0.5454 0.2517 0.0657 0.0575
181 0.2272 0.4963 0.0515 0.2118 0.0132
182 0.2341 0.5317 0.0778 0.0351 0.1215
183 0.5024 0.3647 0.0624 0.0219 0.0482
184 0.0861 0.5483 0.1223 0.2181 0.0252
185 0.2170 0.4185 0.0101 0.3110 0.0434
186 0.1329 0.7710 0.0254 0.0456 0.0254
187 0.0919 0.7231 0.1447 0.0174 0.0229
188 0.0630 0.8164 0.0902 0.0154 0.0150
189 0.1131 0.7432 0.0702 0.0282 0.0453
190 0.0283 0.2194 0.5020 0.2159 0.0342
191 0.5078 0.1741 0.0869 0.0518 0.1796
192 0.5781 0.1428 0.0846 0.1544 0.0403
193 0.0711 0.1349 0.0844 0.6743 0.0352
194 0.1077 0.7832 0.0852 0.0155 0.0082
195 0.1172 0.0220 0.0096 0.8267 0.0246
196 0.1375 0.3594 0.0573 0.4336 0.0123
197 0.0948 0.4248 0.0970 0.3806 0.0028
198 0.0794 0.6299 0.1427 0.1138 0.0344
199 0.0369 0.8257 0.1002 0.0310 0.0062
200 0.0932 0.2068 0.0267 0.6470 0.0261
201 0.0648 0.2642 0.3289 0.3289 0.0135
202 0.1011 0.1603 0.1566 0.5771 0.0047
203 0.0824 0.6431 0.2155 0.0508 0.0082
204 0.0358 0.5337 0.0326 0.3845 0.0136
205 0.1071 0.3428 0.0304 0.4988 0.0208
206 0.1182 0.7241 0.0215 0.1119 0.0242
207 0.1263 0.3833 0.3545 0.1072 0.0286
208 0.2805 0.5938 0.0296 0.0472 0.0491
209 0.1730 0.7632 0.0365 0.0196 0.0078
210 0.4971 0.3665 0.0459 0.0780 0.0126
211 0.2979 0.0881 0.1301 0.3538 0.1301
212 0.2979 0.0881 0.1301 0.3538 0.1301
213 0.2483 0.2158 0.1249 0.3091 0.1019
214 0.2491 0.2131 0.1252 0.3101 0.1023
215 0.2496 0.2135 0.1255 0.3105 0.1008
216 0.4631 0.2854 0.0721 0.0710 0.1083
217 0.4431 0.2998 0.0735 0.0735 0.1103
