time exciting_prob fearful_prob tense_prob sad_prob relaxing_prob
0 0.2037 0.2830 0.2496 0.2310 0.0327
1 0.2122 0.0485 0.2189 0.3391 0.1815
2 0.2374 0.0908 0.4265 0.0742 0.1710
3 0.3672 0.1129 0.3044 0.1129 0.1028
4 0.3933 0.1962 0.1978 0.0891 0.1237
5 0.3462 0.1488 0.2269 0.1196 0.1584
6 0.3916 0.1671 0.0867 0.1545 0.2001
7 0.4509 0.1312 0.0736 0.0483 0.2959
8 0.0370 0.0788 0.1643 0.4790 0.2408
9 0.1973 0.0621 0.1769 0.4661 0.0977
10 0.1323 0.1925 0.1713 0.2959 0.2081
11 0.0267 0.0881 0.0945 0.2250 0.5659
12 0.2981 0.1559 0.2472 0.1794 0.1195
13 0.4541 0.1213 0.3049 0.0685 0.0513
14 0.3516 0.1727 0.2455 0.1097 0.1205
15 0.1552 0.1246 0.3779 0.3284 0.0139
16 0.2573 0.1226 0.0804 0.2634 0.2761
17 0.4104 0.2015 0.0990 0.0284 0.2607
18 0.3254 0.1769 0.0760 0.0354 0.3862
19 0.3257 0.2852 0.0926 0.0411 0.2556
20 0.1256 0.5674 0.1600 0.0287 0.1180
21 0.1987 0.4109 0.3101 0.0348 0.0454
22 0.2966 0.3442 0.2239 0.0261 0.1091
23 0.1615 0.5215 0.2600 0.0132 0.0438
24 0.2075 0.4192 0.2771 0.0207 0.0757
25 0.0900 0.5605 0.3142 0.0182 0.0172
26 0.1788 0.4031 0.3613 0.0226 0.0344
27 0.1943 0.2849 0.4346 0.0184 0.0677
28 0.0487 0.0635 0.1432 0.1324 0.6123
29 0.1148 0.1396 0.3855 0.1113 0.2489
30 0.2705 0.2812 0.3237 0.0459 0.0787
31 0.2727 0.2314 0.3784 0.0323 0.0851
32 0.2185 0.4590 0.2118 0.0621 0.0484
33 0.1536 0.0376 0.1081 0.1432 0.5576
34 0.1613 0.0466 0.1731 0.1144 0.5049
35 0.1153 0.0455 0.0276 0.0174 0.7939
36 0.1205 0.0487 0.0413 0.0340 0.7554
37 0.4033 0.1775 0.3318 0.0186 0.0690
38 0.3599 0.1215 0.4443 0.0154 0.0587
39 0.2312 0.1470 0.5337 0.0481 0.0402
40 0.4731 0.0816 0.1584 0.0255 0.2612
41 0.4451 0.0905 0.0963 0.0575 0.3108
42 0.5571 0.0307 0.1453 0.1022 0.1647
43 0.4695 0.1927 0.1687 0.1124 0.0565
44 0.5947 0.0831 0.1370 0.0941 0.0912
45 0.5557 0.0859 0.2524 0.0119 0.0943
46 0.5586 0.0253 0.1227 0.1227 0.1704
47 0.3174 0.0241 0.1476 0.1344 0.3767
48 0.1504 0.0532 0.3391 0.0452 0.4121
49 0.1104 0.0680 0.1221 0.0546 0.6450
50 0.3479 0.2668 0.2195 0.0231 0.1428
51 0.3582 0.2620 0.1381 0.0161 0.2258
52 0.4031 0.2644 0.2124 0.0244 0.0958
53 0.1938 0.1429 0.1396 0.0246 0.4990
54 0.2388 0.1919 0.2261 0.0529 0.2903
55 0.1683 0.1222 0.2318 0.0833 0.3943
56 0.1490 0.2325 0.2069 0.0911 0.3203
57 0.2217 0.0635 0.1809 0.2493 0.2847
58 0.1180 0.0589 0.0366 0.1180 0.6685
59 0.1721 0.1790 0.1495 0.2817 0.2177
60 0.2847 0.1302 0.1465 0.0245 0.4141
61 0.3938 0.3020 0.1519 0.0154 0.1371
62 0.4751 0.1578 0.2124 0.0110 0.1437
63 0.3376 0.2588 0.1632 0.0273 0.2129
64 0.3340 0.2388 0.1603 0.0658 0.2010
65 0.3337 0.1002 0.2969 0.0905 0.1786
66 0.3333 0.1346 0.2345 0.0823 0.2152
67 0.4514 0.1293 0.1106 0.0495 0.2593
68 0.3167 0.2729 0.2428 0.0453 0.1221
69 0.4636 0.1119 0.2025 0.0064 0.2156
70 0.3391 0.1136 0.4028 0.0411 0.1035
71 0.4871 0.0735 0.1311 0.0262 0.2820
72 0.5703 0.0203 0.2822 0.0353 0.0917
73 0.1552 0.0249 0.0905 0.5718 0.1576
74 0.3042 0.0402 0.1155 0.2996 0.2406
75 0.2871 0.2783 0.3252 0.0284 0.0810
76 0.2316 0.2881 0.3342 0.0409 0.1052
77 0.1186 0.0625 0.0573 0.2888 0.4727
78 0.4229 0.0614 0.1069 0.2281 0.1805
79 0.1923 0.0586 0.0518 0.0670 0.6304
80 0.2856 0.0818 0.0913 0.0318 0.5093
81 0.3118 0.0770 0.0525 0.0758 0.4829
82 0.2333 0.0653 0.1616 0.0301 0.5098
83 0.3733 0.0701 0.1290 0.0173 0.4102
84 0.2384 0.1771 0.1552 0.0205 0.4087
85 0.1869 0.1974 0.1016 0.0407 0.4734
86 0.1409 0.1158 0.2673 0.2981 0.1780
87 0.3389 0.0678 0.1718 0.0905 0.3311
88 0.3196 0.1606 0.1908 0.1658 0.1632
89 0.2749 0.0590 0.1110 0.1707 0.3845
90 0.3682 0.0854 0.1476 0.2632 0.1355
91 0.2874 0.1125 0.3521 0.1016 0.1467
92 0.1187 0.1124 0.1882 0.2654 0.3152
93 0.2463 0.1844 0.0775 0.2191 0.2727
94 0.4502 0.1121 0.1290 0.1121 0.1967
95 0.3918 0.1123 0.2491 0.0645 0.1823
96 0.0808 0.1697 0.1396 0.5146 0.0952
97 0.2264 0.0242 0.1998 0.4434 0.1061
98 0.2561 0.0746 0.3816 0.1578 0.1299
99 0.2744 0.0905 0.2578 0.1731 0.2040
100 0.2455 0.1584 0.2532 0.1660 0.1768
101 0.3105 0.1235 0.2615 0.0791 0.2253
102 0.1440 0.1046 0.1251 0.4834 0.1429
103 0.5391 0.0468 0.1737 0.0158 0.2247
104 0.3645 0.0406 0.3423 0.0316 0.2211
105 0.3818 0.0358 0.1630 0.0318 0.3877
106 0.3406 0.0253 0.2651 0.0388 0.3301
107 0.3323 0.1385 0.2671 0.0094 0.2527
108 0.3745 0.0985 0.2761 0.0107 0.2400
109 0.5757 0.0876 0.1198 0.0195 0.1974
110 0.2185 0.1770 0.0612 0.2202 0.3230
111 0.1378 0.2085 0.0574 0.3545 0.2418
112 0.0597 0.0371 0.0507 0.7446 0.1081
113 0.2517 0.2659 0.2421 0.0607 0.1798
114 0.3723 0.1470 0.2405 0.0408 0.1993
115 0.2642 0.1979 0.3113 0.0058 0.2207
116 0.2593 0.1512 0.2939 0.0216 0.2739
117 0.2146 0.1429 0.3003 0.0990 0.2432
118 0.2155 0.1459 0.1829 0.0594 0.3965
119 0.4211 0.0904 0.1514 0.0065 0.3306
120 0.3716 0.1324 0.2761 0.0115 0.2084
121 0.2406 0.2747 0.1995 0.1238 0.1615
122 0.2563 0.0501 0.0921 0.1655 0.4360
123 0.3831 0.1660 0.1377 0.1536 0.1597
124 0.2649 0.0860 0.0615 0.1005 0.4871
125 0.1318 0.1248 0.3669 0.3137 0.0627
126 0.2573 0.2632 0.2217 0.1660 0.0917
127 0.2056 0.2104 0.4089 0.1277 0.0473
128 0.2810 0.1614 0.5088 0.0222 0.0264
129 0.1306 0.0553 0.6787 0.1083 0.0269
130 0.0755 0.0954 0.2698 0.5532 0.0061
131 0.1619 0.5024 0.2668 0.0128 0.0559
132 0.3738 0.1865 0.2610 0.1659 0.0130
133 0.1733 0.2483 0.1119 0.3528 0.1136
134 0.3145 0.0670 0.1373 0.0449 0.4365
135 0.2037 0.0744 0.5581 0.0120 0.1515
136 0.1021 0.0680 0.1183 0.1643 0.5474
137 0.1169 0.0315 0.0556 0.3684 0.4275
138 0.1830 0.0452 0.0227 0.3555 0.3936
139 0.4985 0.1631 0.2467 0.0115 0.0801
140 0.3938 0.2333 0.2563 0.0056 0.1111
141 0.4160 0.1155 0.2028 0.0287 0.2371
142 0.4583 0.1047 0.0630 0.1454 0.2286
143 0.0214 0.0284 0.8491 0.0923 0.0089
144 0.0206 0.0336 0.7422 0.1763 0.0275
145 0.1318 0.0349 0.1298 0.5815 0.1219
146 0.1520 0.0490 0.1520 0.4099 0.2372
147 0.1168 0.0332 0.0984 0.6831 0.0687
148 0.2764 0.0462 0.0492 0.1198 0.5083
149 0.2096 0.0681 0.0909 0.1364 0.4951
150 0.3264 0.0524 0.0508 0.0806 0.4897
151 0.1105 0.0468 0.0784 0.0439 0.7202
152 0.1021 0.0425 0.1061 0.0989 0.6504
153 0.0780 0.0540 0.1033 0.1412 0.6235
154 0.1711 0.1698 0.5107 0.1385 0.0097
155 0.2822 0.0166 0.0359 0.1738 0.4915
156 0.2120 0.0143 0.0188 0.1829 0.5718
157 0.2710 0.3071 0.0789 0.2754 0.0675
