time exciting_prob fearful_prob tense_prob sad_prob relaxing_prob
0 0.1628 0.1415 0.2483 0.3669 0.0806
1 0.0218 0.0118 0.0561 0.0045 0.9058
2 0.0432 0.0092 0.1311 0.0498 0.7666
3 0.0748 0.0167 0.1022 0.0022 0.8042
4 0.0910 0.2150 0.4209 0.2399 0.0332
5 0.1514 0.2169 0.3157 0.1945 0.1216
6 0.2966 0.2275 0.2832 0.0699 0.1227
7 0.2937 0.0869 0.2551 0.2397 0.1244
8 0.4463 0.1642 0.1775 0.0231 0.1890
9 0.5210 0.0678 0.1163 0.0485 0.2462
10 0.3472 0.0913 0.2500 0.2622 0.0493
11 0.1886 0.4744 0.2788 0.0318 0.0266
12 0.1725 0.2588 0.4202 0.1272 0.0214
13 0.0901 0.1998 0.3296 0.3674 0.0131
14 0.1305 0.5493 0.3081 0.0103 0.0018
15 0.0950 0.1888 0.2622 0.4324 0.0215
16 0.1451 0.4543 0.2588 0.1301 0.0116
17 0.3875 0.1517 0.2386 0.1693 0.0529
18 0.0604 0.2389 0.0576 0.6294 0.0137
19 0.1130 0.1061 0.1892 0.5562 0.0353
20 0.0956 0.0898 0.1414 0.3784 0.2947
21 0.1172 0.0679 0.4092 0.3289 0.0769
22 0.1969 0.0577 0.2910 0.3457 0.1088
23 0.0341 0.0829 0.1152 0.2595 0.5083
24 0.0392 0.0955 0.1226 0.1930 0.5498
25 0.0890 0.0977 0.7446 0.0454 0.0230
26 0.2644 0.1965 0.3970 0.0900 0.0521
27 0.2118 0.1207 0.3333 0.3130 0.0211
28 0.1688 0.1197 0.2871 0.3518 0.0726
29 0.0673 0.0865 0.7241 0.1163 0.0060
30 0.0394 0.4404 0.4072 0.1030 0.0100
31 0.0460 0.3672 0.3789 0.1682 0.0396
32 0.0538 0.2448 0.5181 0.1656 0.0177
33 0.0362 0.4771 0.3179 0.1648 0.0042
34 0.0202 0.3582 0.5210 0.0948 0.0059
35 0.0173 0.4036 0.3142 0.2487 0.0163
36 0.0421 0.4214 0.2720 0.1990 0.0656
37 0.0113 0.2590 0.5659 0.1476 0.0162
38 0.0524 0.2422 0.4119 0.2460 0.0477
39 0.0289 0.3108 0.3059 0.3359 0.0184
40 0.0875 0.6221 0.1700 0.1151 0.0052
41 0.0095 0.6245 0.2124 0.1530 0.0007
42 0.0186 0.6177 0.1688 0.1943 0.0006
43 0.0449 0.0663 0.1260 0.7021 0.0604
44 0.0148 0.5283 0.3804 0.0715 0.0051
45 0.0395 0.2101 0.4734 0.1854 0.0917
46 0.0578 0.3486 0.4141 0.1499 0.0298
47 0.0456 0.4600 0.3528 0.0892 0.0524
48 0.0573 0.4102 0.3245 0.0782 0.1300
49 0.0369 0.4973 0.3113 0.0411 0.1136
50 0.0867 0.0854 0.1954 0.1096 0.5229
51 0.0250 0.1439 0.1311 0.6870 0.0132
52 0.0387 0.1831 0.1860 0.5059 0.0865
53 0.0374 0.1170 0.6948 0.1411 0.0099
54 0.0140 0.4011 0.2395 0.3376 0.0078
55 0.0266 0.2211 0.3704 0.2883 0.0936
56 0.0178 0.3457 0.5439 0.0714 0.0213
57 0.0307 0.3352 0.5444 0.0760 0.0138
58 0.0790 0.0939 0.2286 0.1366 0.4619
59 0.0264 0.5015 0.3188 0.1437 0.0096
60 0.0159 0.3987 0.2573 0.3203 0.0075
61 0.0334 0.2930 0.1544 0.4907 0.0286
62 0.0522 0.0433 0.4514 0.3408 0.1124
63 0.0060 0.0092 0.0103 0.0047 0.9697
64 0.0078 0.0050 0.0086 0.0052 0.9736
65 0.0235 0.2737 0.1293 0.2778 0.2959
66 0.0525 0.1949 0.4602 0.2837 0.0088
67 0.0159 0.5771 0.3906 0.0159 0.0005
68 0.0141 0.6694 0.2925 0.0226 0.0013
69 0.0496 0.0717 0.4124 0.0065 0.4600
70 0.0355 0.0357 0.2725 0.0129 0.6436
71 0.0426 0.0460 0.2128 0.0117 0.6870
72 0.0292 0.2026 0.5684 0.1934 0.0066
73 0.0471 0.0154 0.1028 0.0264 0.8086
74 0.0294 0.0178 0.1802 0.0256 0.7471
75 0.0551 0.1570 0.4836 0.2888 0.0155
76 0.0388 0.3765 0.1619 0.3945 0.0286
77 0.1833 0.3320 0.2627 0.1260 0.0959
78 0.0099 0.4658 0.0606 0.3801 0.0835
79 0.0313 0.2312 0.2788 0.2312 0.2275
80 0.1267 0.0898 0.0589 0.6636 0.0608
81 0.0269 0.3630 0.2874 0.2615 0.0612
82 0.0543 0.2551 0.2759 0.2396 0.1753
83 0.0423 0.4204 0.2632 0.2590 0.0150
84 0.0790 0.1547 0.1954 0.0945 0.4763
85 0.1404 0.3938 0.1949 0.2175 0.0533
86 0.1887 0.1317 0.2539 0.3418 0.0837
87 0.1349 0.3901 0.1653 0.3040 0.0058
88 0.0086 0.4070 0.2112 0.3706 0.0027
89 0.5854 0.1516 0.1401 0.0657 0.0571
90 0.1066 0.1017 0.0844 0.6953 0.0122
91 0.1249 0.1997 0.1906 0.4500 0.0350
92 0.2947 0.3210 0.1732 0.1858 0.0251
93 0.1174 0.3970 0.2688 0.2092 0.0076
94 0.7769 0.0594 0.0381 0.1068 0.0186
95 0.4990 0.2180 0.1407 0.0625 0.0796
96 0.1195 0.1071 0.3003 0.4653 0.0078
97 0.2437 0.4146 0.2185 0.0823 0.0410
98 0.0554 0.0987 0.0299 0.7886 0.0276
99 0.0771 0.2002 0.1881 0.4878 0.0468
100 0.5283 0.1357 0.1870 0.0919 0.0570
101 0.8130 0.0632 0.0320 0.0528 0.0389
102 0.1096 0.6929 0.0573 0.0123 0.1282
103 0.1974 0.1715 0.5625 0.0621 0.0065
104 0.2766 0.4285 0.1653 0.0710 0.0584
105 0.3696 0.3872 0.0545 0.1829 0.0058
106 0.3096 0.3535 0.1923 0.0801 0.0644
107 0.0527 0.1730 0.5083 0.2517 0.0145
108 0.1648 0.1244 0.3176 0.3657 0.0275
109 0.1766 0.3005 0.3406 0.1431 0.0391
110 0.3745 0.2382 0.2308 0.1346 0.0218
111 0.3889 0.2612 0.1941 0.1141 0.0417
112 0.1393 0.1085 0.5176 0.2225 0.0121
113 0.2988 0.2188 0.1991 0.2556 0.0276
114 0.2480 0.2810 0.2681 0.1328 0.0699
115 0.1105 0.2491 0.3301 0.3052 0.0051
116 0.1177 0.2654 0.3408 0.2271 0.0491
117 0.1204 0.2357 0.1096 0.4688 0.0654
118 0.1549 0.4211 0.2457 0.0157 0.1624
119 0.0671 0.1024 0.1235 0.6675 0.0395
120 0.1233 0.3352 0.1686 0.3005 0.0725
121 0.2556 0.2764 0.2119 0.1991 0.0570
122 0.0684 0.0623 0.6543 0.1371 0.0781
123 0.0892 0.1425 0.5171 0.0323 0.2190
124 0.0798 0.7007 0.1276 0.0857 0.0061
125 0.0994 0.0377 0.4817 0.2422 0.1390
126 0.3411 0.2739 0.0737 0.2656 0.0458
127 0.0946 0.0461 0.7500 0.0660 0.0433
128 0.0409 0.0807 0.7539 0.0758 0.0490
129 0.0446 0.0370 0.7788 0.0834 0.0564
130 0.1444 0.0993 0.2656 0.4312 0.0593
131 0.1292 0.1737 0.5566 0.1029 0.0379
132 0.2225 0.2603 0.1530 0.3340 0.0303
133 0.0722 0.1705 0.7407 0.0084 0.0084
134 0.1473 0.1311 0.4719 0.0952 0.1544
135 0.0102 0.3162 0.1615 0.5054 0.0068
136 0.1163 0.1371 0.4158 0.2996 0.0313
137 0.1104 0.6304 0.1281 0.1104 0.0209
138 0.3633 0.2136 0.1975 0.1689 0.0566
139 0.1350 0.4324 0.2834 0.1093 0.0399
140 0.1597 0.2396 0.3225 0.2590 0.0192
141 0.5366 0.2220 0.1074 0.1016 0.0322
142 0.1212 0.2014 0.1722 0.4683 0.0367
143 0.4106 0.3250 0.1149 0.1014 0.0479
144 0.2739 0.2417 0.0903 0.3687 0.0255
145 0.2676 0.3381 0.1648 0.1727 0.0569
146 0.1471 0.1298 0.0864 0.6094 0.0272
147 0.3010 0.3521 0.1514 0.1245 0.0710
148 0.0717 0.3723 0.3525 0.1493 0.0541
149 0.4055 0.1423 0.1316 0.2700 0.0504
150 0.1489 0.2615 0.1973 0.3408 0.0515
151 0.1237 0.4121 0.3208 0.1359 0.0075
152 0.1346 0.1326 0.1730 0.5410 0.0187
153 0.0206 0.2615 0.2134 0.4810 0.0236
154 0.2100 0.0457 0.0992 0.3201 0.3252
155 0.1423 0.3037 0.3550 0.0598 0.1390
156 0.2378 0.1141 0.4585 0.1536 0.0362
157 0.0493 0.5098 0.2029 0.2029 0.0350
158 0.1951 0.6445 0.1069 0.0254 0.0283
159 0.1321 0.0297 0.2109 0.4680 0.1593
160 0.2147 0.3682 0.2340 0.1272 0.0560
161 0.1404 0.2837 0.0787 0.4392 0.0581
162 0.0432 0.5874 0.1736 0.1656 0.0304
163 0.0580 0.4673 0.4390 0.0031 0.0328
164 0.3440 0.5327 0.0804 0.0112 0.0312
165 0.1278 0.2368 0.1963 0.3967 0.0424
166 0.3125 0.4270 0.2358 0.0122 0.0124
167 0.0263 0.3030 0.6514 0.0164 0.0029
168 0.2961 0.1853 0.0984 0.3923 0.0278
169 0.1698 0.1671 0.0967 0.5479 0.0183
170 0.3994 0.2312 0.2241 0.1370 0.0084
171 0.3628 0.0131 0.1151 0.4658 0.0433
172 0.1567 0.0764 0.2246 0.4905 0.0517
173 0.0363 0.5083 0.2639 0.1171 0.0744
174 0.0718 0.3218 0.1428 0.2391 0.2246
175 0.2644 0.0470 0.2227 0.3450 0.1210
176 0.1714 0.1234 0.2417 0.4514 0.0121
177 0.0851 0.1403 0.2424 0.4458 0.0864
178 0.1211 0.1484 0.0845 0.6152 0.0309
179 0.0091 0.2727 0.0793 0.6245 0.0145
180 0.1333 0.1252 0.4172 0.2693 0.0547
181 0.0941 0.0437 0.7056 0.1207 0.0357
182 0.1735 0.2192 0.2729 0.3069 0.0275
183 0.1357 0.0738 0.1125 0.6377 0.0401
184 0.1307 0.1019 0.4861 0.2260 0.0554
185 0.6362 0.0676 0.1420 0.1223 0.0322
186 0.7563 0.0862 0.0918 0.0171 0.0484
187 0.1168 0.1571 0.2114 0.2472 0.2673
188 0.4939 0.0813 0.0914 0.2949 0.0384
189 0.2256 0.3230 0.2256 0.1389 0.0870
190 0.4658 0.0682 0.0731 0.3408 0.0519
191 0.3877 0.3845 0.1382 0.0572 0.0323
192 0.1633 0.1355 0.1766 0.5034 0.0213
193 0.0515 0.2964 0.1943 0.4243 0.0335
194 0.0157 0.6265 0.1768 0.1511 0.0298
195 0.1482 0.1577 0.1229 0.5171 0.0541
196 0.4409 0.2269 0.1597 0.0687 0.1039
197 0.0302 0.5562 0.3647 0.0367 0.0124
198 0.0499 0.4773 0.2637 0.1649 0.0444
199 0.0168 0.4045 0.5034 0.0601 0.0151
200 0.0308 0.5332 0.2600 0.1247 0.0512
201 0.1096 0.2588 0.1203 0.4910 0.0206
202 0.1982 0.2751 0.1121 0.3762 0.0384
203 0.1388 0.4143 0.1377 0.2759 0.0335
204 0.1702 0.2961 0.2068 0.2307 0.0962
205 0.1881 0.6465 0.1115 0.0335 0.0206
206 0.0394 0.4043 0.1213 0.3567 0.0784
207 0.0070 0.2017 0.0645 0.7261 0.0007
208 0.5361 0.2673 0.0889 0.0676 0.0401
209 0.1211 0.2605 0.3672 0.2125 0.0387
210 0.0266 0.4688 0.4009 0.0983 0.0055
211 0.0370 0.5791 0.2959 0.0737 0.0143
212 0.1504 0.3496 0.2120 0.0963 0.1915
213 0.1511 0.1071 0.1354 0.5703 0.0362
214 0.3633 0.1514 0.1170 0.3413 0.0271
215 0.2201 0.3330 0.1255 0.3130 0.0085
216 0.0521 0.2883 0.0403 0.0893 0.5303
217 0.0917 0.3306 0.1274 0.0641 0.3862
218 0.0220 0.2920 0.3308 0.2742 0.0811
219 0.0310 0.5850 0.1599 0.2118 0.0124
220 0.0156 0.4290 0.5093 0.0425 0.0035
221 0.0501 0.3765 0.4265 0.1241 0.0228
222 0.0177 0.5498 0.1285 0.3037 0.0004
223 0.0110 0.1110 0.0567 0.8203 0.0007
224 0.0213 0.1703 0.2678 0.5166 0.0242
225 0.0281 0.2128 0.5103 0.2230 0.0256
226 0.0442 0.3875 0.1859 0.3582 0.0244
227 0.0484 0.2966 0.3362 0.2920 0.0267
228 0.0446 0.3069 0.2710 0.3589 0.0186
229 0.0232 0.1179 0.3105 0.5449 0.0036
230 0.0411 0.1676 0.3230 0.4417 0.0265
