time exciting_prob fearful_prob tense_prob sad_prob relaxing_prob
0 0.1322 0.0379 0.0730 0.6309 0.1261
1 0.1478 0.4553 0.1573 0.1305 0.1090
2 0.1018 0.3843 0.1392 0.3186 0.0562
3 0.1128 0.0775 0.1077 0.5820 0.1201
4 0.2167 0.1124 0.0889 0.4661 0.1160
5 0.1597 0.2473 0.1987 0.3433 0.0510
6 0.3499 0.1010 0.0562 0.3391 0.1541
7 0.6484 0.0858 0.0266 0.2009 0.0381
8 0.8013 0.0508 0.0088 0.1191 0.0199
9 0.8149 0.0685 0.0105 0.0752 0.0309
10 0.1741 0.1661 0.5444 0.1107 0.0047
11 0.2119 0.2023 0.5083 0.0710 0.0064
12 0.1307 0.1392 0.6045 0.1209 0.0045
13 0.2725 0.0445 0.2090 0.4092 0.0648
14 0.3745 0.0124 0.1107 0.4885 0.0136
15 0.4155 0.0378 0.0349 0.4934 0.0183
16 0.0834 0.3857 0.1312 0.3918 0.0078
17 0.2046 0.2842 0.1805 0.3071 0.0235
18 0.0957 0.4424 0.2090 0.2332 0.0196
19 0.3467 0.1945 0.2136 0.2346 0.0106
20 0.2288 0.2937 0.2252 0.1477 0.1047
21 0.1556 0.1683 0.3677 0.1710 0.1373
22 0.1450 0.1202 0.1147 0.5649 0.0551
23 0.1244 0.1700 0.3953 0.2399 0.0703
24 0.2388 0.1654 0.5137 0.0545 0.0279
25 0.2251 0.1355 0.3379 0.2434 0.0583
26 0.1259 0.3818 0.2209 0.2544 0.0170
27 0.2383 0.2744 0.2578 0.1945 0.0352
28 0.0405 0.0745 0.0428 0.8262 0.0161
29 0.0839 0.0825 0.2351 0.3877 0.2108
30 0.1032 0.0598 0.0688 0.6035 0.1649
31 0.3000 0.0974 0.0497 0.2507 0.3022
32 0.3518 0.0791 0.2615 0.2167 0.0911
33 0.0917 0.0221 0.0397 0.7798 0.0666
34 0.0682 0.0465 0.0410 0.6572 0.1869
35 0.1749 0.2229 0.1605 0.3193 0.1221
36 0.1036 0.0795 0.1631 0.5693 0.0846
37 0.1968 0.0393 0.0659 0.6353 0.0629
38 0.2087 0.2598 0.3083 0.1348 0.0884
39 0.2002 0.0376 0.3513 0.2913 0.1196
40 0.2196 0.1594 0.2266 0.2732 0.1213
41 0.2172 0.0850 0.0612 0.5332 0.1034
42 0.1257 0.0980 0.1339 0.5635 0.0787
43 0.0988 0.3091 0.4062 0.1249 0.0609
44 0.1414 0.2500 0.4187 0.0806 0.1093
45 0.1038 0.0498 0.0490 0.6982 0.0991
46 0.0559 0.1981 0.0981 0.6299 0.0180
47 0.0809 0.0454 0.0468 0.7153 0.1115
48 0.1812 0.0903 0.5757 0.0969 0.0561
49 0.2344 0.0954 0.0602 0.4111 0.1989
50 0.1154 0.2294 0.3337 0.2024 0.1190
51 0.2273 0.0473 0.2310 0.3059 0.1885
52 0.1049 0.0721 0.1065 0.6421 0.0743
53 0.1060 0.0452 0.0958 0.7075 0.0456
54 0.0969 0.0903 0.1675 0.5493 0.0962
55 0.1350 0.2334 0.5425 0.0445 0.0445
56 0.0796 0.1376 0.3682 0.3857 0.0288
57 0.1937 0.2355 0.0859 0.1202 0.3647
58 0.1147 0.0600 0.6201 0.1617 0.0435
59 0.0845 0.1360 0.2542 0.4822 0.0432
60 0.0941 0.1730 0.4417 0.2722 0.0191
61 0.1776 0.0288 0.0358 0.6011 0.1567
62 0.0957 0.0236 0.0264 0.8076 0.0466
63 0.0953 0.1345 0.4844 0.2673 0.0185
64 0.0510 0.0518 0.0510 0.8105 0.0356
65 0.1907 0.1202 0.2161 0.3347 0.1384
66 0.2106 0.1318 0.0942 0.3210 0.2424
67 0.2966 0.2239 0.0544 0.3159 0.1091
68 0.1740 0.0720 0.2959 0.3301 0.1283
69 0.2230 0.2356 0.2588 0.1724 0.1104
70 0.1843 0.3286 0.1042 0.3525 0.0301
71 0.1000 0.0310 0.0307 0.7505 0.0876
72 0.2910 0.0952 0.1632 0.3323 0.1185
73 0.3020 0.0172 0.0331 0.3728 0.2749
74 0.3682 0.1014 0.3052 0.1376 0.0875
75 0.2500 0.0205 0.2878 0.1403 0.3015
76 0.1181 0.0657 0.0562 0.6587 0.1010
77 0.2223 0.0396 0.0178 0.6636 0.0566
78 0.0888 0.1097 0.0931 0.6313 0.0771
79 0.1234 0.2269 0.3860 0.1941 0.0698
80 0.3562 0.0958 0.0833 0.3972 0.0674
81 0.3789 0.1592 0.0951 0.0323 0.3345
82 0.1210 0.0352 0.0504 0.4939 0.2996
83 0.1243 0.0697 0.7153 0.0708 0.0201
84 0.2859 0.0604 0.2815 0.1904 0.1818
85 0.2062 0.0600 0.0127 0.5737 0.1473
86 0.2056 0.0971 0.3337 0.2223 0.1414
87 0.2037 0.0488 0.1743 0.3989 0.1743
88 0.2334 0.0537 0.3091 0.2644 0.1394
89 0.4448 0.1116 0.1913 0.0767 0.1755
90 0.1081 0.0984 0.1206 0.5752 0.0977
91 0.3032 0.3438 0.1649 0.1143 0.0737
92 0.1436 0.4424 0.2156 0.1627 0.0357
93 0.2830 0.0970 0.0528 0.4814 0.0856
94 0.1519 0.1642 0.3240 0.3503 0.0094
95 0.1272 0.0665 0.0596 0.7207 0.0260
96 0.1973 0.0823 0.0977 0.5620 0.0606
97 0.0664 0.0989 0.1763 0.5874 0.0712
98 0.0847 0.0510 0.0605 0.7144 0.0894
99 0.1144 0.0205 0.0308 0.8188 0.0154
100 0.1503 0.0710 0.2556 0.3181 0.2053
101 0.1266 0.1600 0.1901 0.4023 0.1208
102 0.1615 0.0739 0.4255 0.2542 0.0851
103 0.1001 0.1326 0.4417 0.2720 0.0536
104 0.1589 0.0762 0.3472 0.3313 0.0864
105 0.0277 0.0223 0.8354 0.1113 0.0030
106 0.1846 0.0272 0.1350 0.5776 0.0757
107 0.0622 0.0354 0.0798 0.7695 0.0532
108 0.0699 0.4561 0.1379 0.2598 0.0762
109 0.0918 0.1274 0.0626 0.5845 0.1335
110 0.2373 0.1581 0.1166 0.4297 0.0582
111 0.1927 0.0259 0.0177 0.5239 0.2399
112 0.1320 0.0533 0.0826 0.5825 0.1495
113 0.1965 0.2927 0.0782 0.1919 0.2407
114 0.1943 0.0380 0.2534 0.2871 0.2272
115 0.1599 0.0448 0.0515 0.4280 0.3157
116 0.4009 0.0624 0.0348 0.1646 0.3374
117 0.2688 0.1260 0.1103 0.3701 0.1249
118 0.1527 0.0774 0.0492 0.3184 0.4023
119 0.2522 0.0757 0.0541 0.4460 0.1720
120 0.2957 0.0923 0.0582 0.2888 0.2651
121 0.2479 0.0891 0.1691 0.2479 0.2460
122 0.0585 0.5337 0.3042 0.0740 0.0296
123 0.0362 0.0797 0.3250 0.5356 0.0234
124 0.1444 0.2495 0.3384 0.2495 0.0182
125 0.1000 0.4700 0.2363 0.0767 0.1170
126 0.0966 0.5347 0.2448 0.0453 0.0789
127 0.0356 0.0635 0.0640 0.3408 0.4958
128 0.1157 0.5786 0.1792 0.0235 0.1029
129 0.1725 0.5698 0.0742 0.0173 0.1659
130 0.0914 0.1036 0.0244 0.0091 0.7715
131 0.1403 0.1516 0.0762 0.0459 0.5859
132 0.1255 0.1812 0.1188 0.2255 0.3491
133 0.2490 0.2549 0.2693 0.1223 0.1046
134 0.2725 0.3086 0.2991 0.0386 0.0812
135 0.2025 0.1801 0.1010 0.2993 0.2172
136 0.3010 0.1958 0.1927 0.2325 0.0779
137 0.1775 0.3757 0.2749 0.1129 0.0590
138 0.1864 0.2393 0.1644 0.1724 0.2374
139 0.2220 0.2363 0.2327 0.0779 0.2310
140 0.1025 0.1945 0.2786 0.2239 0.2007
141 0.1370 0.0710 0.2404 0.3840 0.1677
142 0.1290 0.1631 0.3193 0.2095 0.1791
143 0.1103 0.1682 0.2335 0.2194 0.2688
144 0.0663 0.4058 0.2057 0.1873 0.1349
145 0.1841 0.3464 0.1444 0.1914 0.1335
146 0.0282 0.7168 0.1826 0.0492 0.0232
147 0.1633 0.1808 0.1837 0.1344 0.3379
148 0.1427 0.0497 0.0546 0.5820 0.1708
149 0.0942 0.1437 0.2561 0.4861 0.0199
150 0.0610 0.0660 0.6357 0.2163 0.0209
151 0.0578 0.1837 0.4766 0.0953 0.1866
152 0.0375 0.5952 0.2727 0.0378 0.0567
153 0.1997 0.2194 0.2029 0.1847 0.1935
154 0.4275 0.2512 0.1072 0.0243 0.1897
155 0.3359 0.2220 0.1676 0.1783 0.0963
156 0.0902 0.3625 0.3740 0.1252 0.0479
157 0.0275 0.2546 0.6011 0.1045 0.0124
158 0.1780 0.2216 0.1986 0.2181 0.1837
159 0.2642 0.1705 0.1163 0.1746 0.2747
160 0.0815 0.2451 0.5610 0.1079 0.0045
161 0.1052 0.2708 0.3020 0.3069 0.0150
162 0.3186 0.1371 0.1541 0.2683 0.1219
163 0.2245 0.2666 0.1875 0.2881 0.0334
164 0.2357 0.0615 0.1333 0.1185 0.4509
165 0.0667 0.1370 0.4854 0.0428 0.2681
166 0.0580 0.2139 0.5459 0.1267 0.0554
167 0.1597 0.1852 0.1852 0.1345 0.3354
168 0.0402 0.0263 0.1786 0.1962 0.5586
169 0.1053 0.1484 0.1045 0.0814 0.5605
170 0.1846 0.0590 0.2484 0.4500 0.0581
171 0.2419 0.1899 0.3806 0.1550 0.0325
172 0.2373 0.0600 0.2411 0.2128 0.2488
173 0.1749 0.0735 0.3704 0.2144 0.1669
174 0.1146 0.1949 0.5732 0.1077 0.0096
175 0.1743 0.1716 0.1650 0.2988 0.1899
176 0.4719 0.1300 0.0989 0.1484 0.1508
177 0.4172 0.1740 0.2286 0.0961 0.0841
178 0.1385 0.2196 0.0759 0.2489 0.3171
179 0.1217 0.0978 0.0368 0.1538 0.5898
180 0.3333 0.0843 0.1337 0.3494 0.0993
181 0.3909 0.0537 0.1361 0.3191 0.1003
182 0.1890 0.1220 0.4258 0.1875 0.0757
183 0.2102 0.2102 0.3206 0.0458 0.2135
184 0.2227 0.1340 0.1289 0.0852 0.4292
185 0.3445 0.1678 0.2482 0.1267 0.1127
186 0.3547 0.1663 0.3230 0.0933 0.0626
187 0.1787 0.0768 0.0805 0.5591 0.1050
188 0.3245 0.0998 0.2568 0.1570 0.1620
189 0.1276 0.1009 0.1074 0.4084 0.2556
190 0.0875 0.4548 0.2532 0.1177 0.0868
191 0.2196 0.2000 0.4988 0.0624 0.0190
192 0.3811 0.1247 0.1917 0.2384 0.0642
193 0.1874 0.0942 0.2705 0.3936 0.0541
194 0.2629 0.1685 0.2471 0.1292 0.1924
195 0.0489 0.0800 0.2561 0.5503 0.0647
196 0.1255 0.0636 0.1599 0.3660 0.2849
197 0.2793 0.1981 0.0674 0.1669 0.2883
198 0.2128 0.1203 0.0353 0.2864 0.3455
199 0.0278 0.0721 0.4700 0.4019 0.0282
200 0.1733 0.1996 0.3728 0.1094 0.1449
201 0.0939 0.2456 0.2068 0.1598 0.2939
202 0.5146 0.0522 0.0578 0.2146 0.1608
203 0.1182 0.1027 0.2462 0.4897 0.0431
204 0.0457 0.0983 0.2286 0.5840 0.0433
205 0.3237 0.1903 0.1963 0.2123 0.0775
206 0.1694 0.0746 0.4397 0.2076 0.1086
207 0.0779 0.0351 0.0451 0.7393 0.1024
208 0.1692 0.1026 0.0844 0.5088 0.1349
209 0.1346 0.1152 0.3230 0.2720 0.1550
210 0.2189 0.3418 0.2461 0.0733 0.1199
211 0.0960 0.1766 0.3738 0.2340 0.1195
212 0.2310 0.1664 0.4119 0.1135 0.0774
213 0.1427 0.1531 0.1289 0.3789 0.1965
214 0.1094 0.0859 0.1260 0.6104 0.0685
215 0.1259 0.1919 0.5381 0.1102 0.0339
216 0.2544 0.3318 0.2466 0.1351 0.0321
217 0.3596 0.2034 0.3406 0.0606 0.0359
218 0.1019 0.3938 0.2793 0.1268 0.0980
219 0.1002 0.2810 0.4089 0.0971 0.1127
220 0.2314 0.1146 0.5342 0.0942 0.0256
221 0.1462 0.1353 0.1251 0.4758 0.1176
222 0.3086 0.2366 0.3037 0.0438 0.1075
223 0.2544 0.3118 0.2952 0.0486 0.0900
224 0.2991 0.5127 0.0608 0.0217 0.1058
225 0.1041 0.4451 0.2656 0.0883 0.0970
226 0.0732 0.2151 0.2399 0.4346 0.0374
227 0.1223 0.3147 0.2146 0.3247 0.0239
228 0.2209 0.2158 0.3970 0.1460 0.0204
229 0.0457 0.1571 0.7612 0.0182 0.0175
230 0.0718 0.2318 0.6299 0.0193 0.0471
231 0.0492 0.1931 0.7065 0.0144 0.0369
232 0.2241 0.3667 0.2190 0.1589 0.0313
233 0.1704 0.0919 0.1227 0.5947 0.0204
234 0.0630 0.0754 0.7988 0.0515 0.0113
235 0.1536 0.2217 0.5156 0.0822 0.0271
236 0.4207 0.1971 0.0426 0.2891 0.0506
237 0.8018 0.1004 0.0375 0.0446 0.0156
238 0.2563 0.1156 0.1270 0.4363 0.0648
239 0.4746 0.1565 0.1200 0.1493 0.0995
240 0.4766 0.1572 0.1187 0.1477 0.0999
241 0.6841 0.1990 0.0527 0.0055 0.0588
