time exciting_prob fearful_prob tense_prob sad_prob relaxing_prob
0 0.2037 0.2830 0.2496 0.2310 0.0327
1 0.0891 0.3013 0.5288 0.0739 0.0071
2 0.1273 0.3801 0.4443 0.0340 0.0144
3 0.1097 0.3174 0.4995 0.0615 0.0119
4 0.0970 0.1117 0.3037 0.4419 0.0458
5 0.1165 0.1428 0.2467 0.4536 0.0403
6 0.1207 0.1152 0.4485 0.2988 0.0170
7 0.0280 0.3362 0.3416 0.2920 0.0021
8 0.0534 0.2671 0.2981 0.3708 0.0104
9 0.1901 0.2520 0.3284 0.2087 0.0208
10 0.1084 0.2190 0.3555 0.2900 0.0272
11 0.0375 0.3369 0.5732 0.0422 0.0102
12 0.0684 0.4321 0.3997 0.0906 0.0091
13 0.0280 0.1422 0.1636 0.3745 0.2917
14 0.0171 0.1018 0.1227 0.6235 0.1349
15 0.1740 0.1442 0.1047 0.5112 0.0660
16 0.1683 0.0319 0.0859 0.6655 0.0482
17 0.1639 0.1058 0.0745 0.6235 0.0323
18 0.1680 0.0728 0.1733 0.5596 0.0262
19 0.0447 0.1754 0.1838 0.5840 0.0118
20 0.0235 0.1139 0.0887 0.7661 0.0076
21 0.2369 0.3640 0.0467 0.3367 0.0155
22 0.1882 0.1196 0.1000 0.5796 0.0123
23 0.0800 0.2837 0.3423 0.2316 0.0623
24 0.1304 0.2654 0.1313 0.1971 0.2759
25 0.1599 0.0536 0.1444 0.3660 0.2761
26 0.0620 0.1039 0.2035 0.5889 0.0420
27 0.0594 0.1359 0.3750 0.3870 0.0428
28 0.0589 0.3582 0.3755 0.1830 0.0244
29 0.3303 0.3684 0.1399 0.0931 0.0682
30 0.0955 0.4146 0.0715 0.3230 0.0955
31 0.1282 0.5884 0.0760 0.1344 0.0731
32 0.0293 0.4692 0.1454 0.3433 0.0129
33 0.2103 0.4890 0.2054 0.0891 0.0063
34 0.2998 0.4607 0.1111 0.1193 0.0091
35 0.0886 0.2996 0.0900 0.4639 0.0581
36 0.1168 0.2847 0.3076 0.2473 0.0436
37 0.0597 0.2961 0.4883 0.1356 0.0202
38 0.0335 0.1838 0.5938 0.1782 0.0109
39 0.1863 0.3479 0.1892 0.2449 0.0316
40 0.1047 0.2148 0.4548 0.1809 0.0447
41 0.0792 0.3777 0.3333 0.1812 0.0289
42 0.0522 0.2671 0.3325 0.3223 0.0258
43 0.1512 0.3984 0.1881 0.2067 0.0556
44 0.1097 0.2673 0.2286 0.3599 0.0345
45 0.0722 0.3340 0.3501 0.2295 0.0143
46 0.1100 0.2661 0.2922 0.2832 0.0485
47 0.1054 0.3826 0.3027 0.1836 0.0258
48 0.0452 0.1816 0.2483 0.4937 0.0311
49 0.0352 0.1565 0.2172 0.5723 0.0188
50 0.0559 0.2886 0.4265 0.2144 0.0147
51 0.0262 0.1658 0.6660 0.1354 0.0064
52 0.0286 0.0568 0.0894 0.8218 0.0034
53 0.1064 0.2380 0.0883 0.5283 0.0392
54 0.0404 0.1477 0.4077 0.3953 0.0091
55 0.0980 0.4358 0.2369 0.2108 0.0183
56 0.0989 0.0723 0.4646 0.3242 0.0399
57 0.0275 0.2098 0.5361 0.2234 0.0033
58 0.1407 0.4543 0.3325 0.0498 0.0226
59 0.0554 0.5957 0.1578 0.1816 0.0097
60 0.0660 0.6074 0.0748 0.2305 0.0213
61 0.3765 0.4202 0.0765 0.1166 0.0102
62 0.0393 0.2123 0.4426 0.3042 0.0017
63 0.0318 0.2786 0.3870 0.3013 0.0015
64 0.0526 0.0888 0.0551 0.7915 0.0117
65 0.2620 0.3552 0.2366 0.0857 0.0608
66 0.0346 0.5493 0.2896 0.1245 0.0018
67 0.0623 0.5469 0.3115 0.0623 0.0173
68 0.2247 0.2356 0.2393 0.2754 0.0250
69 0.1245 0.1989 0.3127 0.3435 0.0203
70 0.1008 0.4663 0.3521 0.0750 0.0059
71 0.0438 0.3042 0.5508 0.0745 0.0266
72 0.0486 0.3884 0.1864 0.3538 0.0230
73 0.0272 0.3311 0.1337 0.4893 0.0190
74 0.1733 0.0268 0.2124 0.5864 0.0011
75 0.0870 0.2479 0.5586 0.0870 0.0193
76 0.0711 0.2642 0.4353 0.2156 0.0139
77 0.1031 0.0932 0.2593 0.5239 0.0205
78 0.0632 0.1076 0.4189 0.4060 0.0040
79 0.0425 0.1471 0.2502 0.5552 0.0047
80 0.0759 0.0464 0.2649 0.5879 0.0250
81 0.1202 0.3167 0.2883 0.2625 0.0123
82 0.0279 0.5430 0.1848 0.2410 0.0034
83 0.0373 0.1139 0.6973 0.1439 0.0075
84 0.0349 0.0384 0.1219 0.7832 0.0217
85 0.1215 0.4016 0.3628 0.0544 0.0597
86 0.1141 0.0822 0.5444 0.1881 0.0714
87 0.0612 0.4414 0.2595 0.2255 0.0123
88 0.0617 0.2991 0.5088 0.1199 0.0104
89 0.0568 0.3167 0.5142 0.1094 0.0030
90 0.1027 0.3264 0.1919 0.3264 0.0525
91 0.0579 0.5942 0.0804 0.2021 0.0656
92 0.0546 0.7188 0.1268 0.0533 0.0467
93 0.1271 0.4365 0.2820 0.1332 0.0212
94 0.0898 0.5088 0.2854 0.0825 0.0333
95 0.0787 0.3391 0.2520 0.2993 0.0311
96 0.2253 0.5156 0.1840 0.0687 0.0062
97 0.2759 0.3201 0.0518 0.3354 0.0166
98 0.2441 0.3442 0.2329 0.1401 0.0386
99 0.0856 0.5674 0.2556 0.0721 0.0194
100 0.1168 0.2147 0.3379 0.3030 0.0277
101 0.3564 0.3508 0.1395 0.1175 0.0358
102 0.1022 0.6357 0.0765 0.1821 0.0035
103 0.3379 0.1177 0.1880 0.3325 0.0239
104 0.0521 0.1220 0.2075 0.6006 0.0179
105 0.0318 0.0473 0.0956 0.8135 0.0118
106 0.1309 0.0935 0.3340 0.4158 0.0258
107 0.0746 0.2688 0.3372 0.2159 0.1036
108 0.3604 0.0849 0.1170 0.4148 0.0230
109 0.0341 0.1492 0.1915 0.6084 0.0167
110 0.1702 0.4114 0.2827 0.1073 0.0284
111 0.1444 0.4346 0.1216 0.2576 0.0417
112 0.0467 0.4260 0.3643 0.1531 0.0099
113 0.0943 0.4128 0.2881 0.1890 0.0159
114 0.0640 0.0815 0.0916 0.7490 0.0139
115 0.4185 0.2966 0.1638 0.0994 0.0218
116 0.1459 0.4092 0.2224 0.0533 0.1692
117 0.0801 0.2839 0.4004 0.2317 0.0041
118 0.0302 0.2646 0.2998 0.3972 0.0079
119 0.0566 0.3013 0.3157 0.3013 0.0251
120 0.0396 0.2878 0.2832 0.3811 0.0082
121 0.0486 0.3171 0.5146 0.1078 0.0118
122 0.0612 0.3933 0.3259 0.1887 0.0308
123 0.0909 0.4546 0.2433 0.1409 0.0703
124 0.0736 0.5073 0.2590 0.0635 0.0968
125 0.3540 0.3376 0.2395 0.0293 0.0397
126 0.0285 0.3467 0.3362 0.2830 0.0056
127 0.0724 0.2754 0.3425 0.2976 0.0120
128 0.0689 0.1119 0.1903 0.6001 0.0289
129 0.0938 0.1252 0.3350 0.3247 0.1213
130 0.0597 0.0597 0.1852 0.5977 0.0976
131 0.1353 0.2111 0.3481 0.2886 0.0171
132 0.0394 0.1388 0.3381 0.4548 0.0289
133 0.0326 0.2408 0.1192 0.5776 0.0297
134 0.0333 0.1550 0.3838 0.3960 0.0320
135 0.0065 0.1142 0.0332 0.8438 0.0022
136 0.0992 0.5405 0.2676 0.0797 0.0133
137 0.0445 0.1144 0.4187 0.3994 0.0231
138 0.0992 0.0693 0.7217 0.1008 0.0092
139 0.2260 0.2295 0.2520 0.2405 0.0520
140 0.0854 0.0766 0.3772 0.4478 0.0129
141 0.1669 0.1069 0.4468 0.2585 0.0209
142 0.1583 0.4878 0.1534 0.1214 0.0790
143 0.1587 0.0454 0.4180 0.1742 0.2037
144 0.1077 0.2729 0.3730 0.2299 0.0164
145 0.2375 0.5352 0.1213 0.0482 0.0577
146 0.0867 0.1344 0.4763 0.2888 0.0136
147 0.0972 0.0492 0.3582 0.4895 0.0060
148 0.0238 0.0398 0.2054 0.7285 0.0026
149 0.4810 0.2827 0.1561 0.0631 0.0171
150 0.5674 0.2346 0.1218 0.0566 0.0196
151 0.0364 0.2908 0.2627 0.3792 0.0311
152 0.0682 0.5122 0.2656 0.1378 0.0162
153 0.1139 0.5024 0.2374 0.1251 0.0209
154 0.0416 0.4539 0.3704 0.1300 0.0042
155 0.0366 0.2542 0.1628 0.5059 0.0406
156 0.0748 0.4014 0.0809 0.3831 0.0597
157 0.1393 0.0334 0.2859 0.5093 0.0321
158 0.0791 0.1000 0.1326 0.6782 0.0101
159 0.0895 0.3433 0.5073 0.0450 0.0146
160 0.1266 0.5854 0.1799 0.0792 0.0291
161 0.0764 0.3093 0.3047 0.2487 0.0609
162 0.0784 0.2847 0.4548 0.1726 0.0093
163 0.4209 0.3833 0.0640 0.1216 0.0101
164 0.0591 0.0708 0.1140 0.7437 0.0125
165 0.0795 0.0629 0.0959 0.7539 0.0077
166 0.2705 0.1085 0.1219 0.4675 0.0316
167 0.0281 0.1602 0.2947 0.4563 0.0608
168 0.0501 0.1004 0.0706 0.7075 0.0712
169 0.2683 0.4124 0.1528 0.1349 0.0316
170 0.2227 0.1790 0.2334 0.1996 0.1655
171 0.2352 0.1320 0.1383 0.2666 0.2280
172 0.2656 0.1741 0.2101 0.2615 0.0889
173 0.0697 0.2981 0.2147 0.3889 0.0286
174 0.0292 0.1279 0.4829 0.3479 0.0120
175 0.1010 0.3750 0.3750 0.1434 0.0054
176 0.0989 0.2078 0.3071 0.3645 0.0217
177 0.1969 0.4758 0.0691 0.1096 0.1486
178 0.1003 0.4822 0.1182 0.2174 0.0818
179 0.0732 0.2595 0.2085 0.4211 0.0377
180 0.1497 0.1644 0.0974 0.5308 0.0577
181 0.0886 0.0886 0.0833 0.7192 0.0201
182 0.0334 0.4473 0.4614 0.0555 0.0021
183 0.0912 0.5464 0.2207 0.1360 0.0060
184 0.0506 0.5972 0.2163 0.1292 0.0065
185 0.1449 0.1630 0.0425 0.5645 0.0852
186 0.1321 0.1174 0.0429 0.6450 0.0629
187 0.1543 0.2263 0.1763 0.3616 0.0814
188 0.1326 0.1990 0.1676 0.4148 0.0862
189 0.0101 0.2004 0.0593 0.7217 0.0084
190 0.1476 0.0834 0.0247 0.7041 0.0400
191 0.0208 0.4124 0.2313 0.3313 0.0043
192 0.0187 0.3359 0.2382 0.4053 0.0020
193 0.0847 0.2063 0.3296 0.3621 0.0172
194 0.1884 0.4961 0.1742 0.1305 0.0108
195 0.1956 0.1365 0.1753 0.4690 0.0237
196 0.0706 0.3938 0.2544 0.2502 0.0309
197 0.1229 0.1603 0.5952 0.1068 0.0148
198 0.0473 0.2578 0.4387 0.1978 0.0584
199 0.0898 0.1759 0.4219 0.2947 0.0177
200 0.1649 0.2761 0.5156 0.0335 0.0097
201 0.1088 0.4954 0.3567 0.0300 0.0092
202 0.0471 0.1301 0.2798 0.4912 0.0518
203 0.0660 0.1055 0.7207 0.0784 0.0293
204 0.0812 0.7075 0.1628 0.0369 0.0117
205 0.1630 0.5020 0.0740 0.2524 0.0086
206 0.0725 0.3743 0.1443 0.4045 0.0044
207 0.0781 0.1093 0.2600 0.5015 0.0512
208 0.0278 0.4773 0.1573 0.3179 0.0197
209 0.0628 0.5176 0.1372 0.2771 0.0052
210 0.0547 0.5308 0.3271 0.0840 0.0032
211 0.0816 0.0955 0.0829 0.7163 0.0238
212 0.0476 0.1898 0.2185 0.5244 0.0197
213 0.0492 0.1458 0.1704 0.6040 0.0308
214 0.3489 0.2717 0.0720 0.2435 0.0640
215 0.0908 0.0922 0.2544 0.5474 0.0154
216 0.0697 0.5972 0.1659 0.1583 0.0087
217 0.0549 0.3782 0.1370 0.4153 0.0148
218 0.0988 0.2407 0.1788 0.4497 0.0321
219 0.3838 0.0732 0.0870 0.3494 0.1066
220 0.0746 0.7417 0.1174 0.0599 0.0064
221 0.1244 0.6367 0.0188 0.2051 0.0151
222 0.0630 0.0324 0.0447 0.8564 0.0034
223 0.0692 0.1534 0.3513 0.3979 0.0282
224 0.0273 0.2773 0.0974 0.5781 0.0198
225 0.0108 0.0715 0.0160 0.8989 0.0027
226 0.0459 0.6001 0.1361 0.2140 0.0037
227 0.1421 0.2133 0.0903 0.5195 0.0348
228 0.1182 0.4224 0.0355 0.0793 0.3447
229 0.1091 0.0652 0.0282 0.7939 0.0034
230 0.1694 0.3093 0.1936 0.2817 0.0460
231 0.0621 0.0933 0.0484 0.7114 0.0850
232 0.1058 0.6895 0.1198 0.0811 0.0038
233 0.1143 0.0704 0.5898 0.2102 0.0154
234 0.0966 0.2974 0.3118 0.2751 0.0192
235 0.1307 0.0608 0.2090 0.5859 0.0133
236 0.0750 0.7456 0.0469 0.1295 0.0030
237 0.1730 0.4053 0.1357 0.2203 0.0657
238 0.0926 0.1326 0.0566 0.6733 0.0448
239 0.0731 0.3596 0.0983 0.4512 0.0178
240 0.1514 0.3333 0.1433 0.3411 0.0310
241 0.0787 0.0980 0.2445 0.3342 0.2445
242 0.0274 0.0857 0.1247 0.6953 0.0668
243 0.0986 0.3259 0.0603 0.4668 0.0484
244 0.1169 0.3203 0.0488 0.4849 0.0291
245 0.1681 0.0914 0.0928 0.5342 0.1137
