time exciting_prob fearful_prob tense_prob sad_prob relaxing_prob
0 0.0417 0.0495 0.0635 0.7622 0.0829
1 0.0430 0.1399 0.1536 0.5889 0.0748
2 0.0439 0.1484 0.0629 0.6865 0.0581
3 0.0355 0.1655 0.2484 0.4863 0.0643
4 0.0290 0.1877 0.1791 0.5181 0.0859
5 0.0889 0.2235 0.2654 0.3462 0.0760
6 0.0231 0.0555 0.0833 0.3508 0.4871
7 0.0304 0.0764 0.2428 0.4329 0.2177
8 0.1383 0.0800 0.2837 0.4827 0.0154
9 0.1010 0.1049 0.2120 0.5415 0.0408
10 0.0866 0.0753 0.2126 0.5967 0.0290
11 0.0688 0.0519 0.1870 0.6523 0.0398
12 0.1360 0.0781 0.1948 0.5137 0.0775
13 0.1395 0.1096 0.2430 0.4541 0.0538
14 0.1091 0.1041 0.2656 0.4888 0.0325
15 0.1382 0.0576 0.1616 0.6006 0.0421
16 0.0329 0.7197 0.1791 0.0564 0.0120
17 0.1685 0.1186 0.2048 0.4404 0.0676
18 0.2211 0.2126 0.0894 0.4131 0.0638
19 0.0881 0.0802 0.1582 0.6558 0.0175
20 0.2103 0.3157 0.0811 0.3750 0.0178
21 0.3147 0.1396 0.0676 0.3979 0.0802
22 0.1345 0.2634 0.0962 0.3384 0.1675
23 0.0939 0.1124 0.0245 0.6318 0.1377
24 0.0882 0.2084 0.1064 0.2915 0.3054
25 0.1293 0.1713 0.2034 0.3352 0.1609
26 0.0528 0.0837 0.0949 0.7583 0.0103
27 0.1305 0.0544 0.0810 0.7104 0.0236
28 0.3625 0.2341 0.1713 0.1987 0.0332
29 0.1378 0.1151 0.0939 0.5938 0.0593
30 0.0911 0.0420 0.1082 0.7505 0.0082
31 0.0371 0.3135 0.1962 0.4490 0.0042
32 0.0915 0.1998 0.3218 0.3562 0.0304
33 0.0933 0.1456 0.3899 0.3059 0.0651
34 0.1389 0.0327 0.0767 0.7163 0.0354
35 0.0646 0.0380 0.0710 0.5586 0.2678
36 0.1075 0.1026 0.1414 0.3472 0.3015
37 0.1393 0.0283 0.0865 0.7021 0.0439
38 0.1186 0.0665 0.2395 0.4043 0.1711
39 0.1198 0.0641 0.2363 0.4148 0.1650
40 0.0569 0.0219 0.1097 0.7979 0.0137
41 0.1074 0.0447 0.1770 0.6475 0.0236
42 0.5420 0.0500 0.2277 0.1746 0.0058
43 0.5083 0.0401 0.1266 0.3108 0.0142
44 0.4119 0.0721 0.1423 0.3633 0.0104
45 0.7227 0.0710 0.1306 0.0732 0.0024
46 0.7607 0.0461 0.1292 0.0582 0.0059
47 0.7949 0.0663 0.0751 0.0599 0.0037
48 0.5884 0.1115 0.1387 0.1523 0.0089
49 0.5474 0.0538 0.0820 0.2976 0.0192
50 0.4932 0.1425 0.0637 0.2854 0.0152
51 0.3420 0.2157 0.0972 0.3213 0.0240
52 0.5200 0.0842 0.0621 0.3127 0.0211
53 0.4448 0.1016 0.1040 0.3384 0.0112
54 0.4331 0.0866 0.1321 0.3269 0.0212
55 0.4612 0.1631 0.1281 0.2300 0.0177
56 0.4209 0.2100 0.1561 0.1973 0.0157
57 0.4258 0.0623 0.1183 0.3877 0.0058
58 0.7134 0.0893 0.0418 0.1506 0.0049
59 0.6885 0.1852 0.0809 0.0417 0.0039
60 0.7139 0.0685 0.1112 0.1021 0.0045
61 0.6841 0.0843 0.0715 0.1550 0.0054
62 0.8613 0.0422 0.0250 0.0674 0.0040
63 0.5508 0.1328 0.2057 0.1075 0.0033
64 0.7144 0.0629 0.0526 0.1620 0.0081
65 0.7256 0.0534 0.0439 0.1670 0.0101
66 0.6396 0.0770 0.0486 0.2317 0.0031
67 0.8247 0.0507 0.0133 0.1057 0.0054
68 0.6416 0.1215 0.0136 0.2084 0.0147
69 0.5312 0.0526 0.0122 0.3977 0.0063
70 0.6392 0.0456 0.0092 0.2793 0.0268
71 0.7153 0.1283 0.0139 0.1302 0.0120
72 0.8555 0.0361 0.0397 0.0610 0.0079
73 0.6641 0.0143 0.0150 0.2925 0.0141
74 0.7954 0.0734 0.0418 0.0723 0.0169
75 0.7705 0.0470 0.1042 0.0516 0.0268
76 0.7495 0.0560 0.0916 0.0778 0.0252
77 0.7046 0.0332 0.0676 0.1398 0.0547
78 0.7441 0.0295 0.0861 0.1106 0.0295
79 0.4338 0.1234 0.3684 0.0382 0.0362
80 0.6138 0.0979 0.1692 0.0857 0.0333
81 0.6685 0.0225 0.2659 0.0414 0.0014
82 0.2512 0.1115 0.2983 0.3381 0.0006
83 0.4468 0.0299 0.2013 0.3218 0.0003
84 0.6758 0.0187 0.0989 0.2061 0.0007
85 0.5249 0.0130 0.1108 0.3496 0.0018
86 0.5322 0.0126 0.1125 0.3411 0.0016
87 0.7266 0.0247 0.1224 0.1243 0.0020
88 0.4854 0.0473 0.2104 0.2559 0.0011
89 0.5127 0.0346 0.2206 0.2312 0.0006
90 0.5283 0.0282 0.1637 0.2786 0.0010
91 0.6582 0.0217 0.1814 0.1381 0.0005
92 0.5366 0.0166 0.1152 0.3306 0.0010
93 0.5811 0.0627 0.1287 0.1962 0.0313
94 0.4617 0.1302 0.3098 0.0736 0.0247
95 0.4458 0.0504 0.0858 0.3418 0.0763
96 0.4333 0.1792 0.1407 0.1984 0.0482
97 0.6372 0.0310 0.1929 0.1295 0.0094
98 0.6328 0.0405 0.0428 0.2517 0.0320
99 0.3269 0.0135 0.1061 0.4985 0.0551
100 0.2744 0.0884 0.1348 0.4741 0.0283
101 0.4153 0.1381 0.3184 0.1135 0.0145
102 0.6777 0.0162 0.1124 0.1768 0.0171
103 0.5508 0.0899 0.2791 0.0695 0.0111
104 0.6753 0.0478 0.0422 0.1906 0.0442
105 0.8677 0.0358 0.0446 0.0355 0.0165
106 0.8457 0.0445 0.0558 0.0360 0.0178
107 0.1857 0.0941 0.1677 0.5459 0.0069
108 0.1084 0.0338 0.1118 0.7407 0.0054
109 0.2935 0.0280 0.0615 0.6025 0.0146
110 0.1132 0.0650 0.4695 0.3489 0.0036
111 0.0846 0.0275 0.0833 0.8022 0.0023
112 0.1331 0.0219 0.1353 0.6973 0.0123
113 0.0502 0.1984 0.2842 0.3765 0.0908
114 0.3184 0.2479 0.1445 0.2744 0.0149
115 0.6157 0.0664 0.1631 0.1406 0.0141
116 0.6631 0.0662 0.0434 0.2152 0.0124
117 0.5981 0.0433 0.0660 0.2781 0.0143
118 0.4346 0.1152 0.0985 0.3359 0.0160
119 0.7690 0.0941 0.0699 0.0632 0.0036
120 0.7397 0.0328 0.0496 0.1677 0.0101
121 0.8984 0.0223 0.0327 0.0389 0.0076
122 0.9062 0.0289 0.0203 0.0408 0.0038
123 0.1652 0.3311 0.2441 0.2479 0.0117
124 0.2385 0.2258 0.1692 0.3582 0.0082
125 0.1436 0.2991 0.4856 0.0688 0.0030
126 0.1707 0.1628 0.4788 0.1790 0.0088
127 0.1566 0.2244 0.5298 0.0858 0.0035
128 0.1709 0.1833 0.5562 0.0853 0.0042
129 0.1578 0.2563 0.5342 0.0470 0.0048
130 0.3027 0.1865 0.2756 0.2285 0.0067
131 0.2729 0.1472 0.3069 0.2666 0.0063
132 0.2449 0.1166 0.4468 0.1820 0.0097
133 0.2700 0.1368 0.3523 0.2329 0.0078
134 0.1226 0.0616 0.6421 0.1702 0.0034
135 0.4973 0.1615 0.1787 0.1565 0.0058
136 0.6777 0.1205 0.0569 0.1421 0.0028
137 0.6665 0.0854 0.0945 0.1487 0.0049
138 0.2094 0.2544 0.3425 0.1921 0.0017
139 0.0654 0.2544 0.1643 0.5142 0.0017
140 0.0665 0.2690 0.2196 0.4436 0.0015
141 0.0223 0.1780 0.1167 0.6821 0.0009
142 0.0762 0.3843 0.3040 0.2330 0.0027
143 0.1598 0.2761 0.2893 0.2720 0.0027
144 0.0898 0.2329 0.1771 0.4968 0.0033
145 0.0385 0.2052 0.1031 0.6519 0.0012
146 0.0466 0.4219 0.2480 0.2810 0.0025
147 0.0204 0.1120 0.0513 0.8149 0.0014
148 0.0688 0.1871 0.2404 0.5010 0.0029
149 0.7354 0.0387 0.0972 0.0972 0.0318
150 0.7866 0.0343 0.0767 0.0749 0.0276
151 0.6211 0.1030 0.2375 0.0271 0.0115
152 0.4988 0.0840 0.3916 0.0091 0.0165
153 0.5127 0.0912 0.3635 0.0169 0.0159
154 0.6206 0.1087 0.2450 0.0057 0.0198
155 0.6475 0.0553 0.2830 0.0096 0.0048
156 0.8599 0.0668 0.0224 0.0497 0.0012
157 0.6636 0.2073 0.0405 0.0871 0.0014
158 0.6929 0.1079 0.1475 0.0498 0.0019
159 0.6646 0.0229 0.0653 0.2445 0.0025
160 0.5688 0.0914 0.1202 0.2177 0.0019
161 0.5020 0.0936 0.3342 0.0623 0.0081
162 0.5039 0.1573 0.3228 0.0132 0.0028
163 0.4700 0.0444 0.3835 0.0904 0.0116
164 0.5220 0.1372 0.2688 0.0674 0.0046
165 0.6753 0.0859 0.1721 0.0537 0.0131
166 0.8457 0.0580 0.0229 0.0694 0.0042
167 0.7490 0.0518 0.0620 0.1343 0.0029
168 0.6294 0.0321 0.1129 0.2108 0.0147
169 0.7251 0.0820 0.1174 0.0679 0.0077
170 0.3162 0.0751 0.4973 0.1067 0.0048
171 0.3066 0.0445 0.5728 0.0740 0.0022
172 0.6821 0.0486 0.1407 0.1131 0.0154
173 0.5562 0.0644 0.1683 0.2014 0.0096
174 0.4458 0.2057 0.2106 0.1257 0.0124
175 0.4500 0.1405 0.2061 0.1847 0.0187
176 0.4446 0.2167 0.1825 0.1466 0.0095
177 0.4387 0.1172 0.1307 0.3064 0.0069
178 0.6133 0.1799 0.0667 0.1357 0.0043
179 0.5239 0.1525 0.2020 0.1098 0.0118
180 0.7310 0.0517 0.0887 0.1231 0.0054
181 0.7783 0.0329 0.0342 0.1473 0.0075
182 0.4199 0.1724 0.0702 0.3271 0.0104
183 0.3254 0.0829 0.3154 0.2678 0.0084
184 0.4592 0.0732 0.2238 0.2382 0.0056
185 0.8047 0.0443 0.1015 0.0443 0.0051
186 0.6226 0.0904 0.1501 0.1090 0.0278
187 0.4553 0.1389 0.2272 0.1537 0.0247
188 0.5498 0.1691 0.0864 0.1842 0.0104
189 0.8560 0.0909 0.0324 0.0137 0.0071
190 0.6841 0.0163 0.0480 0.2478 0.0038
191 0.6826 0.0487 0.2017 0.0650 0.0023
192 0.5454 0.0438 0.1434 0.2498 0.0174
193 0.6655 0.0384 0.0449 0.2429 0.0082
194 0.5723 0.0837 0.1843 0.1481 0.0118
195 0.6899 0.0298 0.0994 0.1731 0.0075
196 0.6538 0.0618 0.1371 0.1219 0.0255
197 0.3545 0.1649 0.1537 0.1869 0.1399
198 0.3281 0.3335 0.1637 0.1515 0.0232
199 0.2886 0.3169 0.2318 0.1250 0.0378
200 0.1722 0.1683 0.1670 0.4365 0.0559
201 0.2089 0.1843 0.3186 0.2155 0.0728
202 0.5508 0.0800 0.2903 0.0618 0.0172
203 0.6377 0.1285 0.1198 0.1016 0.0126
204 0.2434 0.1523 0.2114 0.3174 0.0754
205 0.7549 0.1354 0.0233 0.0692 0.0171
206 0.8906 0.0855 0.0079 0.0066 0.0092
207 0.8916 0.0842 0.0080 0.0068 0.0092
208 0.8442 0.1198 0.0110 0.0100 0.0150
