time exciting_prob fearful_prob tense_prob sad_prob relaxing_prob
0 0.1726 0.1302 0.1956 0.3828 0.1187
1 0.1390 0.2239 0.5854 0.0473 0.0046
2 0.0863 0.3779 0.3960 0.0667 0.0732
3 0.1036 0.0604 0.6699 0.1111 0.0550
4 0.0170 0.0497 0.9238 0.0048 0.0048
5 0.1470 0.2009 0.1719 0.4526 0.0276
6 0.0573 0.1088 0.7788 0.0214 0.0334
7 0.0807 0.1643 0.7026 0.0153 0.0370
8 0.1115 0.0480 0.7563 0.0507 0.0338
9 0.0742 0.1071 0.7666 0.0397 0.0125
10 0.1564 0.0054 0.7939 0.0234 0.0207
11 0.0137 0.0034 0.9341 0.0430 0.0058
12 0.0525 0.0054 0.9229 0.0014 0.0180
13 0.1010 0.2854 0.3608 0.1917 0.0612
14 0.1021 0.1428 0.1877 0.4946 0.0729
15 0.1020 0.3506 0.1630 0.2998 0.0846
16 0.2695 0.1584 0.3801 0.1234 0.0687
17 0.0975 0.3003 0.3916 0.1204 0.0901
18 0.1685 0.5107 0.1570 0.1322 0.0316
19 0.2133 0.1294 0.6367 0.0038 0.0167
20 0.0898 0.1218 0.5947 0.0739 0.1199
21 0.1172 0.1887 0.5332 0.0844 0.0762
22 0.1288 0.2369 0.3066 0.1415 0.1860
23 0.1378 0.0743 0.2344 0.4661 0.0876
24 0.0612 0.1009 0.1826 0.6084 0.0469
25 0.1892 0.1395 0.5391 0.0696 0.0629
26 0.1243 0.1809 0.4619 0.1488 0.0841
27 0.1650 0.1676 0.3494 0.2203 0.0978
28 0.0861 0.0938 0.6611 0.1167 0.0423
29 0.2859 0.0485 0.5513 0.0306 0.0839
30 0.1942 0.3032 0.2849 0.0932 0.1245
31 0.3992 0.1718 0.2257 0.0276 0.1758
32 0.1462 0.3193 0.2908 0.1281 0.1157
33 0.1078 0.2607 0.5518 0.0450 0.0347
34 0.1635 0.1323 0.4077 0.1660 0.1304
35 0.2002 0.2234 0.5073 0.0569 0.0122
36 0.2644 0.1681 0.4360 0.0381 0.0936
37 0.2220 0.2496 0.4849 0.0193 0.0241
38 0.1602 0.1296 0.6484 0.0052 0.0566
39 0.1941 0.1548 0.0714 0.5273 0.0522
40 0.1029 0.4199 0.4612 0.0020 0.0138
41 0.1639 0.1627 0.6284 0.0188 0.0261
42 0.0608 0.3557 0.5508 0.0268 0.0060
43 0.0768 0.7227 0.1827 0.0150 0.0026
44 0.2524 0.1362 0.4329 0.0723 0.1061
45 0.1159 0.2323 0.3950 0.1055 0.1511
46 0.3303 0.0522 0.2493 0.3354 0.0327
47 0.4961 0.1958 0.2117 0.0238 0.0726
48 0.3564 0.1176 0.2957 0.2064 0.0239
49 0.1364 0.4072 0.3679 0.0665 0.0221
50 0.2012 0.1472 0.3789 0.1279 0.1449
51 0.0994 0.1447 0.5547 0.1665 0.0346
52 0.0326 0.1212 0.7603 0.0639 0.0221
53 0.2646 0.1271 0.5181 0.0789 0.0111
54 0.1213 0.1582 0.2979 0.3508 0.0718
55 0.2183 0.1124 0.4548 0.1754 0.0391
56 0.0995 0.1154 0.5337 0.1830 0.0684
57 0.1272 0.1323 0.3076 0.1571 0.2756
58 0.4150 0.2383 0.1960 0.0677 0.0830
59 0.1370 0.3159 0.4026 0.0787 0.0657
60 0.1205 0.1956 0.1986 0.3740 0.1114
61 0.1486 0.1281 0.3245 0.3455 0.0534
62 0.3789 0.1580 0.3291 0.1120 0.0222
63 0.3101 0.1597 0.4548 0.0298 0.0457
64 0.1547 0.1752 0.4236 0.1821 0.0645
65 0.2512 0.2634 0.3127 0.0889 0.0836
66 0.2615 0.2786 0.3521 0.0588 0.0492
67 0.0892 0.0768 0.7822 0.0285 0.0231
68 0.1500 0.1244 0.6831 0.0330 0.0095
69 0.2042 0.1707 0.5093 0.0812 0.0347
70 0.0403 0.1279 0.7720 0.0467 0.0132
71 0.3311 0.1425 0.4670 0.0131 0.0462
72 0.1015 0.0368 0.5752 0.2803 0.0062
73 0.1326 0.2496 0.4414 0.0823 0.0940
74 0.5054 0.0745 0.3445 0.0069 0.0689
75 0.2710 0.1193 0.3618 0.1833 0.0644
76 0.1971 0.2759 0.3542 0.0854 0.0875
77 0.4001 0.2544 0.2927 0.0206 0.0321
78 0.1266 0.0341 0.0805 0.7520 0.0070
79 0.1293 0.1114 0.3174 0.3828 0.0592
80 0.1649 0.2849 0.4924 0.0377 0.0199
81 0.5142 0.0795 0.2668 0.1240 0.0156
82 0.1567 0.1094 0.3643 0.3069 0.0628
83 0.0436 0.2356 0.5308 0.0670 0.1232
84 0.2747 0.2368 0.4321 0.0116 0.0448
85 0.2085 0.1624 0.3081 0.1854 0.1356
86 0.3354 0.1660 0.3801 0.1055 0.0130
87 0.2734 0.1195 0.4800 0.1158 0.0111
88 0.0786 0.2460 0.6431 0.0274 0.0049
89 0.0267 0.1674 0.7388 0.0611 0.0061
90 0.5366 0.0970 0.2827 0.0062 0.0773
91 0.2520 0.2991 0.3469 0.0292 0.0728
92 0.4497 0.1483 0.2644 0.0086 0.1289
93 0.0914 0.1495 0.6968 0.0439 0.0183
94 0.6162 0.0795 0.2284 0.0030 0.0730
95 0.2241 0.1190 0.5376 0.0441 0.0751
96 0.2456 0.1573 0.3745 0.1315 0.0911
97 0.1558 0.2568 0.3857 0.1429 0.0587
98 0.1257 0.1733 0.6143 0.0508 0.0358
99 0.2057 0.1493 0.4973 0.0418 0.1059
100 0.0995 0.3315 0.4639 0.0194 0.0858
101 0.1772 0.1066 0.4561 0.2329 0.0272
102 0.1091 0.0317 0.7935 0.0280 0.0377
103 0.1685 0.1262 0.6562 0.0232 0.0260
104 0.1604 0.3044 0.4360 0.0782 0.0212
105 0.1783 0.3896 0.2168 0.1501 0.0651
106 0.5493 0.1082 0.1826 0.0050 0.1549
107 0.1073 0.1124 0.2344 0.5000 0.0458
108 0.2468 0.1835 0.5518 0.0088 0.0091
109 0.3076 0.1583 0.4766 0.0454 0.0122
110 0.1499 0.3540 0.3513 0.0861 0.0587
111 0.1324 0.1754 0.4014 0.2360 0.0547
112 0.2432 0.1864 0.4402 0.0400 0.0901
113 0.2510 0.4136 0.3003 0.0099 0.0254
114 0.1285 0.2722 0.2120 0.2578 0.1296
115 0.2494 0.3743 0.1912 0.1500 0.0351
116 0.2306 0.0969 0.1454 0.5034 0.0236
117 0.1606 0.0997 0.6924 0.0091 0.0381
118 0.2158 0.0819 0.5176 0.1460 0.0387
119 0.3828 0.3459 0.1398 0.0174 0.1141
120 0.2998 0.1102 0.4500 0.1183 0.0219
121 0.3320 0.1193 0.5024 0.0108 0.0356
122 0.2585 0.1891 0.5264 0.0108 0.0152
123 0.1716 0.1469 0.3062 0.3259 0.0496
124 0.2181 0.0953 0.6167 0.0147 0.0551
125 0.2693 0.0587 0.6069 0.0514 0.0139
126 0.1180 0.2922 0.5288 0.0575 0.0033
127 0.2227 0.2059 0.4641 0.0432 0.0643
128 0.1346 0.2986 0.5000 0.0437 0.0230
129 0.3213 0.1542 0.4568 0.0172 0.0504
130 0.0982 0.0665 0.3025 0.5229 0.0099
131 0.2041 0.2295 0.3752 0.0739 0.1172
132 0.2961 0.1610 0.4309 0.0221 0.0897
133 0.2744 0.2122 0.3337 0.1458 0.0338
134 0.2074 0.1027 0.2074 0.4460 0.0366
135 0.2871 0.2494 0.3601 0.0588 0.0447
136 0.2769 0.2058 0.3113 0.1437 0.0623
137 0.2174 0.0812 0.3584 0.3113 0.0316
138 0.2800 0.1559 0.4043 0.1063 0.0534
139 0.2688 0.2466 0.3645 0.0384 0.0820
140 0.1785 0.0693 0.3550 0.3838 0.0134
141 0.2629 0.1375 0.5107 0.0337 0.0551
142 0.1886 0.3037 0.3550 0.0346 0.1180
143 0.3118 0.1495 0.2883 0.1819 0.0685
144 0.3735 0.1395 0.3618 0.0364 0.0887
145 0.3418 0.2405 0.2705 0.1051 0.0421
146 0.2742 0.2308 0.3491 0.0548 0.0911
147 0.2612 0.1133 0.5576 0.0162 0.0518
148 0.1951 0.2076 0.3477 0.1383 0.1111
149 0.2273 0.2238 0.3547 0.1295 0.0646
150 0.2883 0.2076 0.4260 0.0590 0.0192
151 0.2208 0.0965 0.3315 0.3367 0.0145
152 0.5107 0.1646 0.2510 0.0526 0.0209
153 0.1047 0.0420 0.1023 0.7104 0.0407
154 0.1081 0.1064 0.1942 0.5664 0.0247
155 0.2202 0.1346 0.4963 0.1356 0.0133
156 0.3113 0.1470 0.3997 0.0428 0.0995
157 0.3657 0.1160 0.4922 0.0050 0.0213
158 0.1770 0.2964 0.2496 0.1770 0.1000
159 0.3259 0.0919 0.4185 0.1058 0.0580
160 0.3230 0.2219 0.2720 0.0698 0.1133
161 0.1910 0.0854 0.3684 0.2781 0.0772
162 0.1827 0.2119 0.3359 0.1017 0.1676
163 0.2452 0.2981 0.2510 0.0649 0.1407
164 0.1968 0.0771 0.3564 0.3455 0.0244
165 0.2864 0.2338 0.3794 0.0916 0.0091
166 0.0743 0.0511 0.1958 0.6621 0.0166
167 0.4590 0.1324 0.2893 0.0531 0.0661
168 0.2759 0.0687 0.1957 0.4207 0.0391
169 0.2769 0.1392 0.3904 0.1787 0.0148
170 0.4019 0.1265 0.2289 0.2052 0.0377
171 0.1033 0.1538 0.3083 0.3604 0.0743
172 0.1046 0.3325 0.3538 0.1453 0.0640
173 0.3716 0.0750 0.3384 0.1929 0.0221
174 0.1522 0.1533 0.3457 0.3323 0.0164
175 0.1342 0.1300 0.5693 0.0826 0.0839
176 0.1436 0.2788 0.4456 0.0891 0.0431
177 0.1399 0.1057 0.2004 0.5283 0.0259
178 0.0747 0.0713 0.1232 0.6978 0.0331
179 0.0763 0.1128 0.1119 0.6099 0.0892
180 0.1075 0.2661 0.4634 0.0381 0.1248
181 0.2350 0.2561 0.1693 0.0470 0.2925
182 0.1200 0.1011 0.1693 0.5640 0.0459
183 0.3193 0.1451 0.3794 0.0467 0.1095
184 0.2974 0.1239 0.2091 0.2686 0.1011
185 0.1389 0.1841 0.5283 0.0688 0.0798
186 0.1998 0.3145 0.4070 0.0125 0.0664
187 0.4084 0.1975 0.3157 0.0404 0.0380
188 0.2495 0.2573 0.3574 0.0797 0.0561
189 0.0798 0.0817 0.2742 0.4927 0.0715
190 0.2120 0.0971 0.4631 0.2024 0.0253
191 0.1649 0.1783 0.2742 0.1898 0.1929
192 0.2432 0.1343 0.5654 0.0479 0.0095
193 0.3479 0.1656 0.2246 0.0669 0.1951
194 0.3853 0.1656 0.1373 0.2908 0.0209
195 0.2151 0.1335 0.2893 0.2084 0.1537
196 0.3081 0.1714 0.1335 0.1216 0.2656
197 0.1272 0.1252 0.2610 0.4509 0.0359
198 0.4016 0.1273 0.3201 0.0420 0.1089
199 0.1801 0.1338 0.1577 0.3904 0.1381
200 0.1128 0.1259 0.3530 0.3699 0.0384
201 0.3118 0.1682 0.3069 0.1310 0.0820
202 0.3159 0.3062 0.2330 0.0068 0.1381
203 0.2654 0.1196 0.4177 0.0767 0.1206
204 0.2374 0.2649 0.3508 0.0771 0.0696
205 0.2283 0.2507 0.4102 0.0846 0.0264
206 0.2585 0.1130 0.3882 0.2013 0.0390
207 0.0835 0.1273 0.5356 0.2200 0.0335
208 0.4517 0.0917 0.4016 0.0251 0.0300
209 0.2898 0.1108 0.4087 0.0405 0.1503
210 0.3384 0.1116 0.3630 0.1478 0.0389
211 0.5264 0.1631 0.1461 0.0161 0.1484
212 0.4458 0.1248 0.2993 0.0387 0.0913
213 0.2642 0.2406 0.3726 0.0787 0.0438
214 0.1055 0.2303 0.5659 0.0494 0.0490
215 0.4097 0.2334 0.2708 0.0554 0.0309
216 0.2979 0.1631 0.3621 0.1013 0.0759
217 0.2344 0.5156 0.1989 0.0136 0.0374
218 0.2695 0.0889 0.3201 0.2825 0.0394
219 0.2201 0.1926 0.2115 0.1244 0.2512
220 0.2401 0.1246 0.4116 0.1492 0.0744
221 0.5698 0.1148 0.2213 0.0034 0.0908
222 0.4463 0.2262 0.2334 0.0425 0.0517
223 0.4810 0.1082 0.2720 0.0257 0.1133
224 0.1962 0.1075 0.6689 0.0080 0.0196
225 0.3115 0.3289 0.3018 0.0352 0.0226
226 0.2883 0.1965 0.2045 0.0718 0.2390
227 0.2886 0.3120 0.2030 0.0952 0.1013
228 0.3220 0.1606 0.3706 0.0284 0.1185
229 0.3818 0.1174 0.2927 0.1803 0.0279
230 0.1487 0.1364 0.2932 0.3049 0.1166
231 0.2773 0.1103 0.2446 0.3450 0.0228
232 0.2734 0.1522 0.4202 0.0486 0.1054
233 0.3208 0.0986 0.4558 0.0255 0.0994
234 0.1544 0.1862 0.5474 0.0425 0.0696
235 0.2605 0.0929 0.4465 0.0853 0.1147
236 0.3020 0.0800 0.4751 0.0966 0.0463
237 0.3533 0.3218 0.2505 0.0497 0.0248
238 0.3000 0.1087 0.4070 0.0827 0.1013
239 0.1149 0.0916 0.4270 0.2322 0.1344
240 0.1202 0.0390 0.1860 0.6196 0.0350
241 0.3130 0.1898 0.4050 0.0444 0.0476
242 0.1471 0.1360 0.5771 0.0435 0.0964
243 0.2205 0.2421 0.2170 0.2537 0.0667
244 0.1559 0.1323 0.4304 0.0698 0.2114
245 0.2625 0.0943 0.4001 0.0839 0.1592
246 0.2148 0.0720 0.5752 0.0479 0.0903
247 0.1788 0.1437 0.6050 0.0387 0.0336
248 0.0416 0.2673 0.6616 0.0182 0.0115
249 0.0638 0.3506 0.5181 0.0449 0.0228
250 0.3291 0.2092 0.2771 0.0758 0.1086
251 0.0917 0.1055 0.6265 0.1660 0.0102
252 0.2294 0.4387 0.1144 0.1758 0.0418
253 0.2622 0.0689 0.5908 0.0060 0.0722
254 0.2715 0.0640 0.6265 0.0088 0.0291
255 0.2917 0.0849 0.5894 0.0043 0.0300
256 0.2319 0.0908 0.6406 0.0052 0.0314
257 0.1835 0.2015 0.2356 0.3323 0.0471
258 0.1835 0.2015 0.2356 0.3323 0.0471
