time exciting_prob fearful_prob tense_prob sad_prob relaxing_prob
0 0.0141 0.3552 0.1118 0.5166 0.0021
1 0.0197 0.3926 0.0970 0.4888 0.0020
2 0.0198 0.3826 0.0967 0.4990 0.0020
3 0.0204 0.4353 0.0934 0.4490 0.0021
4 0.0205 0.4316 0.0934 0.4524 0.0021
5 0.0206 0.4407 0.0961 0.4407 0.0019
6 0.0204 0.4390 0.0995 0.4390 0.0020
7 0.0429 0.1440 0.1533 0.3298 0.3298
8 0.0255 0.0964 0.0532 0.0303 0.7944
9 0.0293 0.0931 0.0367 0.0237 0.8169
10 0.0257 0.0909 0.0379 0.0223 0.8232
11 0.0278 0.1963 0.0806 0.0516 0.6436
12 0.0236 0.1074 0.0641 0.0232 0.7817
13 0.0181 0.0845 0.0490 0.0206 0.8276
14 0.0214 0.0989 0.0619 0.0153 0.8027
15 0.2360 0.1344 0.3599 0.1699 0.0999
16 0.2450 0.0742 0.5029 0.1271 0.0510
17 0.0917 0.2532 0.4656 0.1443 0.0454
18 0.1328 0.4424 0.2725 0.1172 0.0352
19 0.1064 0.3713 0.3542 0.1355 0.0327
20 0.0392 0.2593 0.4080 0.2634 0.0303
21 0.0354 0.3716 0.5239 0.0174 0.0519
22 0.0118 0.0657 0.0341 0.0085 0.8799
23 0.0169 0.1462 0.0859 0.0198 0.7310
24 0.0171 0.1225 0.0984 0.0230 0.7388
25 0.1609 0.0961 0.2532 0.3860 0.1039
26 0.1465 0.2303 0.2822 0.2395 0.1014
27 0.3979 0.0742 0.2490 0.2693 0.0098
28 0.6338 0.1425 0.1360 0.0745 0.0133
29 0.2084 0.0743 0.1927 0.5156 0.0089
30 0.1401 0.0837 0.3750 0.3867 0.0145
31 0.5190 0.0359 0.3403 0.0938 0.0110
32 0.6382 0.0787 0.1589 0.1199 0.0042
33 0.4929 0.1901 0.2852 0.0245 0.0073
34 0.0301 0.1639 0.6001 0.2009 0.0051
35 0.1208 0.0955 0.4348 0.3037 0.0451
36 0.1071 0.1465 0.6167 0.1140 0.0159
37 0.0625 0.2048 0.6118 0.1149 0.0062
38 0.0618 0.1707 0.4497 0.2996 0.0184
39 0.0768 0.0734 0.6333 0.1732 0.0431
40 0.0801 0.3025 0.4402 0.1428 0.0345
41 0.0455 0.1799 0.2136 0.5127 0.0484
42 0.1968 0.0783 0.1764 0.5269 0.0217
43 0.0423 0.1168 0.3433 0.4917 0.0059
44 0.2224 0.0477 0.3784 0.2769 0.0745
45 0.0506 0.1499 0.6411 0.1431 0.0153
46 0.0432 0.2771 0.5342 0.1268 0.0189
47 0.0325 0.0956 0.5171 0.3337 0.0210
48 0.1713 0.1852 0.4141 0.1926 0.0367
49 0.0215 0.0970 0.7061 0.1552 0.0203
50 0.1167 0.0881 0.7261 0.0596 0.0095
51 0.1081 0.1687 0.6885 0.0286 0.0060
52 0.1477 0.1000 0.4695 0.2084 0.0743
53 0.0508 0.3259 0.3809 0.2104 0.0320
54 0.1088 0.0960 0.0591 0.6982 0.0379
55 0.0435 0.3816 0.2314 0.2749 0.0684
56 0.0341 0.1208 0.1626 0.1327 0.5498
57 0.0340 0.1989 0.2983 0.1410 0.3279
58 0.1407 0.0213 0.4336 0.3376 0.0665
59 0.0578 0.2593 0.3713 0.2632 0.0483
60 0.0614 0.0764 0.1891 0.6499 0.0233
61 0.0277 0.2302 0.5786 0.1396 0.0239
62 0.0096 0.3062 0.2876 0.3752 0.0213
63 0.1571 0.1030 0.2800 0.1323 0.3274
64 0.1407 0.3076 0.4075 0.1055 0.0388
65 0.0404 0.2781 0.0961 0.3201 0.2654
66 0.0390 0.1996 0.0674 0.1761 0.5176
67 0.0518 0.3406 0.2781 0.0335 0.2959
68 0.1422 0.2438 0.2020 0.2236 0.1884
69 0.1390 0.2854 0.3665 0.1199 0.0891
70 0.0683 0.4817 0.2832 0.1401 0.0266
71 0.1615 0.1720 0.3474 0.3018 0.0174
72 0.1248 0.0711 0.1759 0.4934 0.1349
73 0.0921 0.0813 0.1748 0.5732 0.0788
74 0.2418 0.0247 0.4050 0.2380 0.0904
75 0.1241 0.0840 0.6606 0.1062 0.0248
76 0.0632 0.0994 0.2788 0.5132 0.0455
77 0.0366 0.3552 0.5171 0.0831 0.0081
78 0.0258 0.2866 0.6260 0.0582 0.0034
79 0.1227 0.3960 0.2764 0.1650 0.0398
80 0.0687 0.4241 0.4109 0.0703 0.0261
81 0.1089 0.1852 0.3379 0.2131 0.1548
82 0.1160 0.2457 0.3987 0.1433 0.0962
83 0.0978 0.0508 0.5288 0.2922 0.0303
84 0.1741 0.0565 0.2035 0.4587 0.1072
85 0.0634 0.1848 0.4609 0.0240 0.2668
86 0.0612 0.1562 0.4812 0.0227 0.2786
87 0.2064 0.1251 0.4651 0.1487 0.0547
88 0.0850 0.0303 0.6484 0.2172 0.0193
89 0.0114 0.0657 0.0667 0.1049 0.7515
90 0.0144 0.0369 0.0667 0.0941 0.7881
91 0.0223 0.0552 0.0487 0.1115 0.7622
92 0.0249 0.0792 0.0710 0.0732 0.7515
93 0.0556 0.1941 0.3301 0.3301 0.0902
94 0.0320 0.4216 0.3037 0.1960 0.0466
95 0.0499 0.1400 0.5537 0.1913 0.0651
96 0.1020 0.1331 0.5962 0.1555 0.0131
97 0.0832 0.1578 0.5957 0.1483 0.0147
98 0.2198 0.0736 0.2340 0.4583 0.0144
99 0.3611 0.0781 0.1963 0.3391 0.0255
100 0.1696 0.2666 0.5220 0.0229 0.0186
101 0.0609 0.0505 0.1157 0.7539 0.0189
102 0.0542 0.1112 0.2839 0.5225 0.0281
103 0.1082 0.3179 0.2805 0.2849 0.0086
104 0.3276 0.1548 0.3711 0.0868 0.0597
105 0.1238 0.3694 0.4353 0.0396 0.0318
106 0.1576 0.2479 0.5166 0.0452 0.0325
107 0.2878 0.3162 0.2878 0.0825 0.0257
108 0.2255 0.1188 0.3604 0.2515 0.0437
109 0.1125 0.1676 0.4148 0.2942 0.0110
110 0.0631 0.1899 0.3494 0.3777 0.0199
111 0.1443 0.1323 0.6880 0.0072 0.0280
112 0.2061 0.2372 0.5137 0.0172 0.0258
113 0.1110 0.2603 0.5508 0.0695 0.0086
114 0.1316 0.0693 0.3521 0.4382 0.0089
115 0.2069 0.1943 0.3491 0.2219 0.0276
116 0.3550 0.1931 0.1527 0.1327 0.1664
117 0.0988 0.5513 0.2666 0.0614 0.0219
118 0.2800 0.1453 0.2957 0.2610 0.0179
119 0.1455 0.1082 0.6318 0.0903 0.0239
120 0.2983 0.2416 0.4341 0.0158 0.0100
121 0.1118 0.2404 0.5171 0.0986 0.0323
122 0.1327 0.2056 0.5586 0.0617 0.0414
123 0.1321 0.1331 0.5181 0.1877 0.0288
124 0.1554 0.1616 0.2708 0.3999 0.0124
125 0.0812 0.1874 0.5381 0.1403 0.0533
126 0.1992 0.2040 0.2172 0.3723 0.0074
127 0.1365 0.1781 0.4993 0.1809 0.0052
128 0.1105 0.2048 0.5483 0.1167 0.0198
129 0.2111 0.0833 0.1833 0.5063 0.0161
130 0.2703 0.1370 0.1481 0.3901 0.0549
131 0.0760 0.0539 0.2695 0.5889 0.0117
132 0.0822 0.0407 0.4309 0.4446 0.0017
133 0.1920 0.1289 0.3503 0.1604 0.1681
134 0.1166 0.0840 0.2629 0.5068 0.0300
135 0.1332 0.1619 0.4434 0.2411 0.0206
136 0.2544 0.1299 0.3315 0.1949 0.0892
137 0.3201 0.3201 0.2200 0.1141 0.0257
138 0.0360 0.1370 0.7886 0.0306 0.0079
139 0.1371 0.1448 0.3528 0.0590 0.3064
140 0.2280 0.1259 0.5645 0.0533 0.0285
141 0.1595 0.2588 0.5396 0.0312 0.0109
142 0.1786 0.3442 0.3931 0.0705 0.0138
143 0.1444 0.3179 0.5122 0.0205 0.0049
144 0.0770 0.1921 0.5430 0.1833 0.0042
145 0.1021 0.2908 0.5518 0.0505 0.0052
146 0.0146 0.2179 0.5923 0.1697 0.0058
147 0.0343 0.0726 0.2917 0.4377 0.1636
148 0.0540 0.1403 0.5903 0.1190 0.0964
149 0.0426 0.1159 0.3599 0.3542 0.1273
150 0.1171 0.1626 0.3840 0.2898 0.0466
151 0.1062 0.1429 0.3765 0.3271 0.0471
152 0.0869 0.2676 0.3831 0.2288 0.0338
153 0.0951 0.4570 0.3291 0.0190 0.0996
154 0.0667 0.3604 0.4626 0.0240 0.0862
155 0.3450 0.3142 0.2815 0.0318 0.0275
156 0.1753 0.2737 0.4993 0.0329 0.0188
157 0.1842 0.2700 0.5288 0.0128 0.0042
158 0.2456 0.3774 0.2849 0.0552 0.0368
159 0.1354 0.0960 0.2032 0.4724 0.0930
160 0.1169 0.7275 0.0911 0.0177 0.0469
161 0.1049 0.7061 0.0484 0.0070 0.1337
162 0.1499 0.6514 0.0615 0.0119 0.1252
163 0.2942 0.1975 0.0710 0.1066 0.3308
164 0.1671 0.3325 0.1646 0.2800 0.0560
165 0.0198 0.4834 0.1750 0.0419 0.2798
166 0.0483 0.2827 0.0704 0.0539 0.5449
167 0.0400 0.1895 0.0625 0.0362 0.6719
168 0.0833 0.1069 0.4165 0.3618 0.0316
169 0.2905 0.0974 0.2159 0.3293 0.0669
170 0.2089 0.3064 0.2189 0.2461 0.0197
171 0.3147 0.2957 0.3271 0.0423 0.0203
172 0.0754 0.3149 0.5112 0.0784 0.0203
173 0.2000 0.1820 0.4949 0.1021 0.0212
174 0.0960 0.0760 0.0888 0.6880 0.0514
175 0.1014 0.1570 0.4268 0.2712 0.0436
176 0.1064 0.4883 0.2634 0.1324 0.0093
177 0.1472 0.2708 0.2996 0.2583 0.0242
178 0.2343 0.1610 0.3684 0.2100 0.0265
179 0.2930 0.4131 0.1656 0.1193 0.0091
180 0.2900 0.0948 0.4421 0.1425 0.0306
181 0.1636 0.0461 0.0904 0.6890 0.0110
182 0.2157 0.1339 0.5054 0.1076 0.0375
183 0.4272 0.1047 0.3740 0.0772 0.0168
184 0.3616 0.3093 0.2013 0.1094 0.0184
185 0.1130 0.0776 0.2976 0.4985 0.0132
186 0.1395 0.5737 0.2247 0.0529 0.0090
187 0.2324 0.4446 0.1489 0.1345 0.0398
188 0.1294 0.1942 0.6270 0.0404 0.0091
189 0.3250 0.1713 0.3101 0.1794 0.0144
190 0.0690 0.1890 0.4392 0.2542 0.0485
191 0.1583 0.1738 0.5356 0.1272 0.0052
192 0.0320 0.2893 0.4661 0.1882 0.0245
193 0.2014 0.1373 0.2144 0.4165 0.0304
194 0.2141 0.3394 0.2502 0.1309 0.0653
195 0.3286 0.1287 0.1528 0.3611 0.0287
196 0.5337 0.2996 0.1448 0.0109 0.0108
197 0.0986 0.1083 0.2155 0.5010 0.0768
198 0.1439 0.0859 0.2229 0.5186 0.0288
199 0.3374 0.1736 0.3245 0.1395 0.0252
200 0.2905 0.2446 0.3503 0.0623 0.0521
201 0.1055 0.1132 0.5190 0.2452 0.0171
202 0.4524 0.1153 0.2205 0.1247 0.0870
203 0.2328 0.2346 0.3721 0.1390 0.0215
204 0.3865 0.1812 0.2344 0.1649 0.0330
205 0.1553 0.0878 0.5420 0.2025 0.0124
206 0.1428 0.1300 0.2229 0.4905 0.0138
207 0.3330 0.3103 0.2847 0.0565 0.0156
208 0.4980 0.1643 0.2605 0.0614 0.0158
209 0.2092 0.0638 0.4939 0.2192 0.0138
210 0.1069 0.4941 0.2446 0.1138 0.0406
211 0.1654 0.0832 0.1517 0.5640 0.0358
212 0.4141 0.2115 0.2937 0.0413 0.0394
213 0.3147 0.0901 0.4797 0.0702 0.0453
214 0.1501 0.0842 0.2676 0.4846 0.0134
215 0.3423 0.1484 0.1891 0.2839 0.0364
216 0.1176 0.2180 0.5522 0.0916 0.0204
217 0.1713 0.1196 0.3516 0.3301 0.0275
218 0.1185 0.0367 0.0596 0.7725 0.0128
219 0.1027 0.0585 0.1471 0.6191 0.0728
220 0.1599 0.2764 0.4417 0.0940 0.0282
221 0.1014 0.3567 0.4800 0.0262 0.0356
222 0.1827 0.6685 0.1002 0.0411 0.0073
223 0.2734 0.3027 0.2957 0.1079 0.0203
224 0.2429 0.3589 0.2627 0.1250 0.0106
225 0.6670 0.0984 0.1941 0.0122 0.0284
226 0.2305 0.1106 0.1971 0.3625 0.0991
227 0.0168 0.1054 0.3298 0.4875 0.0605
228 0.0257 0.2222 0.3691 0.3062 0.0768
229 0.0257 0.2222 0.3691 0.3062 0.0768
230 0.0256 0.2242 0.3696 0.3042 0.0763
231 0.0283 0.2581 0.3501 0.2993 0.0643
232 0.2037 0.2830 0.2496 0.2310 0.0327
233 0.6665 0.1970 0.1022 0.0072 0.0273
234 0.6641 0.1995 0.1019 0.0072 0.0272
235 0.6631 0.1991 0.1033 0.0073 0.0272
