time exciting_prob fearful_prob tense_prob sad_prob relaxing_prob
0 0.1765 0.1909 0.1131 0.3098 0.2096
1 0.1873 0.1067 0.0987 0.4287 0.1787
2 0.1354 0.3352 0.2114 0.2048 0.1132
3 0.2661 0.3210 0.1002 0.2620 0.0508
4 0.2003 0.2184 0.2150 0.2379 0.1284
5 0.1075 0.4780 0.1931 0.1678 0.0536
6 0.1396 0.0784 0.0262 0.7261 0.0295
7 0.0878 0.0851 0.0652 0.6592 0.1027
8 0.3357 0.1433 0.0743 0.1455 0.3010
9 0.1592 0.0628 0.0190 0.7300 0.0290
10 0.1318 0.3999 0.3528 0.0497 0.0658
11 0.1747 0.3787 0.0928 0.3066 0.0474
12 0.0728 0.1746 0.3525 0.3752 0.0249
13 0.1987 0.2115 0.0772 0.4805 0.0320
14 0.0886 0.1952 0.2335 0.4573 0.0254
15 0.0839 0.0126 0.0201 0.8345 0.0490
16 0.0440 0.1032 0.1197 0.7222 0.0111
17 0.1573 0.5620 0.0417 0.2151 0.0238
18 0.0322 0.2510 0.4617 0.1672 0.0881
19 0.1382 0.0673 0.3391 0.4355 0.0197
20 0.2128 0.1644 0.1521 0.4434 0.0273
21 0.2219 0.1637 0.3865 0.2219 0.0058
22 0.2130 0.0286 0.0923 0.6362 0.0300
23 0.1976 0.0119 0.0466 0.7119 0.0320
24 0.0233 0.1416 0.1965 0.6343 0.0042
25 0.2732 0.0435 0.0378 0.6108 0.0347
26 0.4001 0.1748 0.1174 0.2428 0.0648
27 0.2820 0.0629 0.0605 0.4873 0.1071
28 0.0786 0.7007 0.1161 0.0948 0.0099
29 0.1622 0.0465 0.1235 0.5278 0.1399
30 0.3276 0.0909 0.0703 0.2715 0.2396
31 0.3333 0.0343 0.0682 0.5322 0.0320
32 0.0753 0.1644 0.1241 0.6304 0.0057
33 0.3569 0.0362 0.0472 0.5361 0.0235
34 0.2380 0.6079 0.1040 0.0484 0.0016
35 0.0278 0.5815 0.0516 0.3040 0.0349
36 0.1086 0.0604 0.0425 0.6152 0.1735
37 0.2010 0.2996 0.0537 0.4031 0.0428
38 0.0456 0.2600 0.1068 0.5771 0.0105
39 0.0378 0.2771 0.5259 0.1543 0.0047
40 0.0894 0.3074 0.1130 0.4834 0.0067
41 0.3796 0.2250 0.1176 0.2413 0.0364
42 0.0702 0.0099 0.0327 0.8618 0.0252
43 0.0850 0.0876 0.3206 0.4888 0.0181
44 0.1958 0.1549 0.1367 0.5078 0.0046
45 0.0782 0.5869 0.0658 0.2544 0.0150
46 0.0692 0.0601 0.0601 0.7788 0.0316
47 0.1331 0.0701 0.1819 0.3562 0.2585
48 0.0343 0.0811 0.1743 0.6787 0.0312
49 0.4856 0.0632 0.1144 0.1481 0.1887
50 0.0224 0.0183 0.0250 0.0180 0.9165
51 0.0139 0.6865 0.2729 0.0258 0.0008
52 0.1364 0.1406 0.0937 0.4399 0.1892
53 0.0794 0.0347 0.1340 0.6196 0.1320
54 0.0878 0.0832 0.2705 0.3394 0.2191
55 0.3750 0.1218 0.1588 0.2620 0.0824
56 0.3054 0.0841 0.0754 0.4109 0.1243
57 0.1340 0.0546 0.2793 0.5137 0.0183
58 0.3921 0.4307 0.0828 0.0797 0.0147
59 0.0712 0.1192 0.4978 0.2505 0.0613
60 0.3557 0.0501 0.4641 0.0900 0.0402
61 0.0951 0.1111 0.2194 0.5601 0.0145
62 0.4961 0.0557 0.3081 0.1090 0.0312
63 0.0192 0.0895 0.3596 0.5234 0.0083
64 0.0637 0.1842 0.3389 0.3721 0.0411
65 0.3157 0.0897 0.2039 0.3157 0.0750
66 0.1603 0.0590 0.3064 0.1774 0.2971
67 0.0355 0.3616 0.4226 0.1708 0.0096
68 0.0345 0.3430 0.1985 0.4072 0.0168
69 0.0789 0.1417 0.1342 0.5103 0.1351
70 0.0266 0.2333 0.3613 0.0928 0.2859
71 0.1307 0.4746 0.1692 0.1493 0.0762
72 0.0433 0.2959 0.4373 0.2198 0.0037
73 0.0124 0.1470 0.6089 0.2311 0.0005
74 0.0290 0.3909 0.1996 0.3787 0.0020
75 0.0435 0.1759 0.5723 0.1979 0.0103
76 0.1558 0.0564 0.0895 0.6768 0.0217
77 0.0481 0.1425 0.4600 0.3237 0.0258
78 0.1078 0.2507 0.2246 0.4133 0.0037
79 0.0754 0.0773 0.3984 0.3923 0.0565
80 0.0266 0.1631 0.3193 0.4871 0.0039
81 0.0911 0.1017 0.2852 0.4927 0.0294
82 0.0256 0.4138 0.3027 0.2358 0.0219
83 0.0511 0.2517 0.5586 0.1368 0.0018
84 0.1129 0.1804 0.1876 0.3586 0.1604
85 0.0247 0.3872 0.4893 0.0979 0.0009
86 0.1058 0.2257 0.5166 0.1208 0.0312
87 0.0977 0.0693 0.2399 0.5664 0.0267
88 0.1145 0.2139 0.3936 0.2581 0.0201
89 0.3015 0.0912 0.2561 0.2224 0.1287
90 0.0925 0.1727 0.1622 0.4480 0.1245
91 0.1192 0.1052 0.1555 0.5098 0.1102
92 0.1335 0.2004 0.2307 0.3057 0.1294
93 0.0836 0.2327 0.2439 0.2920 0.1479
94 0.1243 0.1926 0.6118 0.0468 0.0243
95 0.1388 0.3330 0.1537 0.1561 0.2184
96 0.0637 0.0850 0.4817 0.2876 0.0818
97 0.1002 0.1945 0.3494 0.2458 0.1100
98 0.1683 0.2213 0.4685 0.0573 0.0847
99 0.1637 0.2021 0.2537 0.3306 0.0499
100 0.0163 0.1041 0.5039 0.3689 0.0066
101 0.0703 0.3918 0.3740 0.1186 0.0453
102 0.1633 0.0916 0.2866 0.3979 0.0605
103 0.1482 0.5171 0.0812 0.1602 0.0934
104 0.0395 0.1958 0.0842 0.3774 0.3032
105 0.0111 0.1429 0.4688 0.3708 0.0062
106 0.0268 0.0833 0.3047 0.5601 0.0250
107 0.0386 0.1901 0.2898 0.4490 0.0325
108 0.0110 0.1477 0.5405 0.2983 0.0025
109 0.0068 0.2651 0.1910 0.5356 0.0011
110 0.0221 0.1989 0.5239 0.2515 0.0034
111 0.0335 0.0709 0.4414 0.4414 0.0127
112 0.0148 0.1871 0.3389 0.4558 0.0035
113 0.1539 0.2659 0.4282 0.0824 0.0694
114 0.0804 0.2720 0.1041 0.5200 0.0234
115 0.1646 0.1545 0.4912 0.1807 0.0090
116 0.4109 0.1971 0.2937 0.0766 0.0219
117 0.2808 0.1198 0.3899 0.1799 0.0296
118 0.1179 0.0411 0.2006 0.6084 0.0320
119 0.1930 0.0631 0.1246 0.5942 0.0249
120 0.0931 0.0365 0.1548 0.7046 0.0110
121 0.0405 0.1814 0.3721 0.3779 0.0280
122 0.0460 0.4099 0.2773 0.2646 0.0023
123 0.0814 0.2030 0.4231 0.2732 0.0193
124 0.1373 0.4575 0.3245 0.0770 0.0037
125 0.0468 0.0565 0.1970 0.6880 0.0119
126 0.1565 0.4563 0.1627 0.2189 0.0057
127 0.0592 0.1648 0.4446 0.2634 0.0682
128 0.1805 0.3677 0.2488 0.1968 0.0063
129 0.0196 0.1588 0.0786 0.2539 0.4893
130 0.0163 0.0176 0.0319 0.9316 0.0027
131 0.0089 0.0232 0.0251 0.9409 0.0019
132 0.0212 0.1643 0.6919 0.1165 0.0061
133 0.0775 0.1320 0.6099 0.1404 0.0402
134 0.0908 0.1166 0.3193 0.3914 0.0820
135 0.3855 0.1851 0.0654 0.3430 0.0209
136 0.0953 0.2098 0.0976 0.5796 0.0176
137 0.0370 0.1376 0.6260 0.1396 0.0596
138 0.0134 0.2686 0.6543 0.0576 0.0065
139 0.0735 0.0669 0.2448 0.5869 0.0279
140 0.0596 0.1332 0.5605 0.2196 0.0269
141 0.0463 0.1320 0.3267 0.4905 0.0045
142 0.0558 0.2443 0.6045 0.0934 0.0021
143 0.0356 0.4167 0.2412 0.2527 0.0538
144 0.0518 0.4690 0.3125 0.1595 0.0071
145 0.0150 0.0437 0.2556 0.6841 0.0014
146 0.0223 0.0450 0.2148 0.7153 0.0025
147 0.1210 0.1350 0.5864 0.1506 0.0069
148 0.0181 0.0932 0.8052 0.0803 0.0033
149 0.0321 0.0807 0.8672 0.0183 0.0016
150 0.0197 0.0896 0.8237 0.0645 0.0023
151 0.1843 0.0253 0.0528 0.6436 0.0941
152 0.2384 0.5088 0.1447 0.1042 0.0040
153 0.0240 0.0807 0.2952 0.5962 0.0036
154 0.0456 0.0806 0.8203 0.0520 0.0016
155 0.0579 0.1479 0.7749 0.0179 0.0013
156 0.1606 0.0573 0.5562 0.2112 0.0147
157 0.2273 0.1265 0.2102 0.4182 0.0178
158 0.0977 0.1742 0.3518 0.3464 0.0298
159 0.0412 0.2817 0.4792 0.1833 0.0143
160 0.0743 0.1064 0.1410 0.6621 0.0163
161 0.0138 0.3115 0.6294 0.0316 0.0140
162 0.1124 0.0454 0.3926 0.4309 0.0186
163 0.1081 0.3103 0.3303 0.2379 0.0135
164 0.0799 0.0948 0.5903 0.2206 0.0144
165 0.1199 0.4670 0.3110 0.0919 0.0102
166 0.0336 0.1259 0.7651 0.0442 0.0313
167 0.0217 0.1127 0.8325 0.0193 0.0141
168 0.2026 0.0711 0.3394 0.3784 0.0086
169 0.2246 0.2264 0.2627 0.2646 0.0217
170 0.1742 0.3179 0.3384 0.1624 0.0074
171 0.0132 0.0097 0.0211 0.9185 0.0373
172 0.3093 0.0490 0.0292 0.5693 0.0432
173 0.0380 0.3779 0.0389 0.5127 0.0328
174 0.2115 0.1215 0.1243 0.5034 0.0391
175 0.0446 0.1462 0.0224 0.7666 0.0201
176 0.0054 0.0872 0.0104 0.8940 0.0028
177 0.3315 0.0794 0.1788 0.3503 0.0599
178 0.1176 0.1672 0.0916 0.2064 0.4170
179 0.1803 0.0228 0.1279 0.6494 0.0196
180 0.1444 0.1198 0.3203 0.3716 0.0437
181 0.1810 0.1622 0.1838 0.3984 0.0743
182 0.1516 0.0647 0.2312 0.4819 0.0705
183 0.1136 0.0452 0.2242 0.5728 0.0442
184 0.0479 0.0183 0.0923 0.8359 0.0055
185 0.0770 0.3733 0.3452 0.1921 0.0126
186 0.1448 0.1666 0.5132 0.1448 0.0303
187 0.2795 0.2585 0.1495 0.2246 0.0880
188 0.1675 0.1090 0.4734 0.1611 0.0890
189 0.2881 0.1919 0.4189 0.0935 0.0076
190 0.1703 0.1575 0.1785 0.4487 0.0451
191 0.1296 0.1162 0.1588 0.5293 0.0662
192 0.1382 0.1948 0.5381 0.0995 0.0296
193 0.1129 0.2209 0.1472 0.5098 0.0091
194 0.1149 0.2935 0.3738 0.2017 0.0164
195 0.0455 0.0512 0.1018 0.4780 0.3235
196 0.0409 0.0922 0.5024 0.3506 0.0140
197 0.4768 0.0457 0.0896 0.3772 0.0109
198 0.0406 0.0460 0.3674 0.5181 0.0281
199 0.3921 0.1866 0.0583 0.1957 0.1674
200 0.3064 0.2330 0.1154 0.1692 0.1759
201 0.0120 0.0574 0.2418 0.6782 0.0105
202 0.0500 0.0304 0.0227 0.8467 0.0500
203 0.1552 0.3110 0.0584 0.4087 0.0667
204 0.3062 0.3691 0.0528 0.2292 0.0427
205 0.2905 0.3789 0.2192 0.1052 0.0063
206 0.1023 0.0241 0.4731 0.3572 0.0433
207 0.1592 0.0845 0.2708 0.4292 0.0563
208 0.3752 0.1287 0.1227 0.3286 0.0448
209 0.1168 0.1234 0.6367 0.0748 0.0483
210 0.2803 0.1536 0.3892 0.1273 0.0499
211 0.4138 0.1038 0.1105 0.3274 0.0443
212 0.5176 0.2426 0.2091 0.0215 0.0094
213 0.3328 0.0842 0.1740 0.3459 0.0630
214 0.0620 0.3979 0.3098 0.2130 0.0172
215 0.0289 0.1161 0.1743 0.6577 0.0229
216 0.0223 0.4136 0.2394 0.2671 0.0577
217 0.0754 0.2399 0.1796 0.4343 0.0709
218 0.0567 0.1404 0.2971 0.4062 0.0995
219 0.0493 0.3420 0.1471 0.3816 0.0800
220 0.1305 0.0491 0.1133 0.5000 0.2069
221 0.0380 0.4021 0.3958 0.1389 0.0251
222 0.1605 0.4067 0.2886 0.0664 0.0776
223 0.0343 0.7446 0.1315 0.0698 0.0198
224 0.1860 0.2522 0.2445 0.2927 0.0244
225 0.0815 0.0888 0.4546 0.3540 0.0213
226 0.0831 0.0825 0.6191 0.1948 0.0202
227 0.0493 0.1212 0.6348 0.1593 0.0353
228 0.0709 0.0760 0.5034 0.3125 0.0370
229 0.0732 0.2573 0.3518 0.2417 0.0760
230 0.2991 0.0884 0.1458 0.4023 0.0646
231 0.0597 0.1525 0.0616 0.5664 0.1598
232 0.0688 0.1976 0.0524 0.1960 0.4851
233 0.1016 0.0904 0.0265 0.0305 0.7510
234 0.0282 0.0955 0.0133 0.0883 0.7749
235 0.0840 0.1175 0.0201 0.1021 0.6763
236 0.1666 0.2224 0.0181 0.0956 0.4973
237 0.1065 0.2720 0.0197 0.0940 0.5078
238 0.0833 0.0478 0.0242 0.2710 0.5737
239 0.0584 0.2291 0.0257 0.1901 0.4966
240 0.1428 0.1877 0.0406 0.2585 0.3704
241 0.1044 0.2544 0.0482 0.2688 0.3242
242 0.1775 0.2010 0.0163 0.1035 0.5015
243 0.0964 0.0318 0.0196 0.4856 0.3667
