time exciting_prob fearful_prob tense_prob sad_prob relaxing_prob
0 0.4460 0.1042 0.2350 0.1693 0.0456
1 0.3354 0.1824 0.2493 0.2234 0.0097
2 0.7134 0.0266 0.1803 0.0776 0.0023
3 0.9038 0.0300 0.0400 0.0071 0.0189
4 0.9067 0.0276 0.0213 0.0061 0.0380
5 0.7510 0.0265 0.1134 0.0955 0.0136
6 0.9556 0.0126 0.0135 0.0159 0.0025
7 0.4812 0.1143 0.1885 0.2006 0.0156
8 0.4438 0.0219 0.3857 0.0991 0.0494
9 0.0921 0.1146 0.3879 0.3267 0.0788
10 0.1489 0.1294 0.1825 0.4517 0.0875
11 0.1257 0.1530 0.5298 0.1393 0.0524
12 0.1420 0.3274 0.3486 0.1559 0.0261
13 0.1698 0.3076 0.3274 0.1223 0.0731
14 0.2125 0.3848 0.2949 0.0965 0.0113
15 0.1630 0.1681 0.3291 0.2815 0.0581
16 0.1844 0.2561 0.5093 0.0336 0.0169
17 0.1154 0.1873 0.4424 0.2260 0.0292
18 0.2001 0.2471 0.2302 0.2529 0.0697
19 0.1995 0.2123 0.4565 0.1093 0.0224
20 0.0866 0.1129 0.3589 0.3762 0.0654
21 0.1703 0.1730 0.1550 0.4702 0.0312
22 0.0801 0.0674 0.0685 0.7715 0.0125
23 0.2937 0.1560 0.0681 0.4619 0.0203
24 0.4485 0.2383 0.1514 0.1255 0.0363
25 0.1631 0.0279 0.0331 0.1104 0.6655
26 0.2468 0.0203 0.0471 0.0937 0.5923
27 0.1923 0.3220 0.3220 0.1521 0.0116
28 0.3030 0.4546 0.1431 0.0854 0.0139
29 0.1556 0.1021 0.2128 0.5024 0.0273
30 0.1382 0.0740 0.6694 0.1027 0.0155
31 0.5298 0.2244 0.1278 0.1052 0.0129
32 0.2939 0.2961 0.3152 0.0693 0.0255
33 0.4280 0.3181 0.1960 0.0431 0.0148
34 0.4326 0.2012 0.1230 0.1340 0.1094
35 0.3530 0.1259 0.2245 0.2927 0.0039
36 0.1809 0.2019 0.3152 0.2632 0.0388
37 0.3081 0.1107 0.4277 0.1065 0.0469
38 0.0997 0.0190 0.0718 0.7964 0.0131
39 0.1125 0.0451 0.0830 0.7456 0.0137
40 0.2708 0.2279 0.1146 0.3816 0.0051
41 0.1685 0.2375 0.2000 0.3564 0.0376
42 0.1770 0.2418 0.0849 0.4810 0.0152
43 0.6875 0.0945 0.1354 0.0573 0.0256
44 0.0545 0.2483 0.4158 0.2727 0.0086
45 0.1167 0.1354 0.1985 0.5151 0.0345
46 0.0802 0.0736 0.2081 0.6211 0.0168
47 0.0684 0.3137 0.5420 0.0396 0.0360
48 0.0656 0.3989 0.4116 0.0798 0.0441
49 0.1846 0.1052 0.2371 0.4292 0.0439
50 0.0961 0.2571 0.5273 0.1123 0.0072
51 0.1559 0.0960 0.1376 0.5977 0.0130
52 0.2681 0.2137 0.1171 0.3235 0.0775
53 0.1674 0.1168 0.1263 0.5488 0.0407
54 0.4016 0.1116 0.1755 0.2593 0.0519
55 0.4531 0.1831 0.1888 0.1542 0.0207
56 0.3689 0.1869 0.3357 0.0641 0.0444
57 0.1012 0.1427 0.5264 0.1804 0.0493
58 0.1340 0.2175 0.4863 0.1340 0.0283
59 0.0745 0.1349 0.6538 0.1288 0.0080
60 0.1034 0.1577 0.5010 0.2057 0.0320
61 0.3621 0.1232 0.2230 0.2450 0.0468
62 0.1512 0.2101 0.3411 0.2739 0.0238
63 0.1835 0.1497 0.1451 0.4685 0.0534
64 0.1420 0.3918 0.3682 0.0725 0.0255
65 0.0827 0.0853 0.1724 0.6016 0.0577
66 0.2505 0.1520 0.1906 0.2976 0.1094
67 0.3567 0.1620 0.0952 0.2629 0.1232
68 0.4133 0.2668 0.1486 0.1509 0.0204
69 0.2676 0.1225 0.0910 0.5078 0.0113
70 0.1749 0.0595 0.2627 0.4832 0.0196
71 0.3201 0.0910 0.1168 0.4585 0.0136
72 0.1459 0.0793 0.2025 0.5420 0.0303
73 0.1205 0.1055 0.3684 0.3743 0.0312
74 0.3867 0.3308 0.1337 0.0579 0.0911
75 0.0530 0.1808 0.1046 0.6309 0.0305
76 0.2216 0.5615 0.1302 0.0655 0.0214
77 0.1209 0.1003 0.0858 0.6743 0.0185
78 0.1545 0.5698 0.0587 0.2031 0.0141
79 0.1404 0.5098 0.1775 0.1667 0.0058
80 0.1981 0.1721 0.4163 0.1776 0.0358
81 0.0304 0.7197 0.0707 0.1737 0.0054
82 0.0927 0.3235 0.1627 0.4089 0.0120
83 0.0980 0.1298 0.2622 0.4822 0.0281
84 0.1273 0.0650 0.0797 0.6992 0.0289
85 0.1353 0.0538 0.0833 0.7085 0.0193
86 0.2952 0.1155 0.2408 0.3191 0.0294
87 0.0373 0.2690 0.3508 0.3049 0.0379
88 0.0500 0.5010 0.3337 0.0799 0.0355
89 0.0327 0.2230 0.6255 0.1053 0.0133
90 0.4683 0.3882 0.0680 0.0591 0.0164
91 0.1971 0.3628 0.1560 0.2737 0.0104
92 0.1710 0.3564 0.1820 0.2820 0.0086
93 0.2303 0.4875 0.2081 0.0714 0.0025
94 0.2239 0.2136 0.3059 0.2346 0.0218
95 0.2336 0.3120 0.2300 0.1952 0.0292
96 0.5640 0.1818 0.1426 0.0928 0.0187
97 0.2277 0.3113 0.2349 0.2073 0.0190
98 0.2427 0.0347 0.1860 0.5220 0.0147
99 0.4673 0.2295 0.2224 0.0706 0.0102
100 0.1274 0.1356 0.3384 0.3687 0.0300
101 0.0146 0.2791 0.4895 0.2106 0.0063
102 0.0068 0.1201 0.3877 0.4824 0.0030
103 0.0629 0.1644 0.1406 0.6108 0.0209
104 0.2834 0.1318 0.4822 0.0825 0.0199
105 0.2859 0.3423 0.3291 0.0339 0.0089
106 0.3364 0.0622 0.4634 0.0891 0.0488
107 0.2651 0.2034 0.3149 0.1196 0.0968
108 0.4329 0.2211 0.1129 0.2013 0.0319
109 0.0911 0.1098 0.0954 0.6831 0.0205
110 0.1943 0.5239 0.0767 0.0626 0.1422
111 0.1022 0.2250 0.4836 0.1698 0.0193
112 0.2206 0.2747 0.2922 0.1887 0.0238
113 0.0862 0.1335 0.2827 0.4661 0.0317
114 0.2189 0.2993 0.2922 0.1381 0.0516
115 0.1447 0.4893 0.2480 0.1010 0.0170
116 0.1675 0.1388 0.4553 0.2325 0.0059
117 0.1084 0.3936 0.4819 0.0142 0.0019
118 0.1285 0.1295 0.1434 0.5669 0.0315
119 0.1606 0.1968 0.1670 0.4038 0.0718
120 0.1326 0.1813 0.2186 0.4556 0.0119
121 0.0731 0.0909 0.1132 0.7148 0.0079
122 0.1804 0.1669 0.1847 0.4570 0.0112
123 0.1191 0.0627 0.1119 0.6963 0.0101
124 0.1461 0.2644 0.2446 0.2159 0.1289
125 0.1915 0.1758 0.1901 0.3992 0.0434
126 0.0775 0.0383 0.2240 0.6484 0.0119
127 0.4023 0.0484 0.2329 0.2153 0.1010
128 0.1715 0.0469 0.2576 0.1884 0.3357
129 0.2179 0.1521 0.2079 0.4006 0.0214
130 0.5103 0.1331 0.1777 0.1696 0.0095
131 0.5278 0.0869 0.1754 0.1989 0.0109
132 0.1019 0.1268 0.3140 0.4160 0.0412
133 0.1005 0.1332 0.1938 0.5186 0.0538
134 0.0706 0.1642 0.1339 0.5640 0.0674
135 0.0954 0.3079 0.1245 0.3894 0.0829
136 0.0703 0.2825 0.1254 0.3799 0.1420
137 0.3577 0.1611 0.0511 0.3411 0.0890
138 0.2925 0.1259 0.0728 0.3367 0.1720
139 0.2615 0.1422 0.2006 0.3689 0.0269
140 0.2695 0.0854 0.2825 0.3354 0.0273
141 0.2959 0.3921 0.1500 0.1584 0.0035
142 0.2350 0.6143 0.0728 0.0722 0.0057
143 0.1445 0.0462 0.1539 0.6279 0.0274
144 0.5479 0.1429 0.1570 0.1462 0.0060
145 0.4348 0.1930 0.1237 0.2119 0.0365
146 0.1888 0.0950 0.0684 0.6289 0.0186
147 0.2644 0.3240 0.2563 0.1393 0.0160
148 0.0886 0.1416 0.3972 0.3450 0.0277
149 0.4612 0.1998 0.1373 0.1892 0.0124
150 0.1003 0.2261 0.2483 0.4158 0.0096
151 0.1212 0.1271 0.1021 0.6255 0.0244
152 0.0091 0.7783 0.1053 0.1070 0.0004
153 0.0423 0.6416 0.1133 0.2019 0.0008
154 0.2080 0.0909 0.1752 0.5068 0.0189
155 0.1213 0.1765 0.5352 0.1558 0.0113
156 0.1058 0.3779 0.2498 0.2136 0.0528
157 0.1389 0.0404 0.2805 0.5244 0.0158
158 0.5063 0.1271 0.1863 0.1130 0.0674
159 0.1172 0.1392 0.1051 0.5952 0.0431
160 0.2854 0.2744 0.1469 0.2722 0.0212
161 0.2023 0.0699 0.5498 0.1730 0.0049
162 0.2695 0.1187 0.2003 0.3743 0.0370
163 0.0656 0.2554 0.3894 0.2554 0.0345
164 0.2949 0.0886 0.2297 0.3396 0.0471
165 0.1616 0.0838 0.1720 0.3816 0.2010
166 0.4690 0.1398 0.2002 0.1214 0.0697
167 0.1210 0.1788 0.2644 0.3557 0.0800
168 0.2678 0.1599 0.2203 0.2556 0.0963
169 0.2028 0.1708 0.5688 0.0533 0.0045
170 0.0674 0.3345 0.3044 0.2688 0.0250
171 0.0643 0.5098 0.3672 0.0505 0.0080
172 0.3074 0.1738 0.1014 0.3948 0.0228
173 0.0746 0.1655 0.4863 0.1996 0.0740
174 0.0955 0.2310 0.3308 0.2874 0.0553
175 0.1547 0.1499 0.2286 0.4546 0.0121
176 0.0895 0.1167 0.1954 0.5229 0.0754
177 0.1831 0.0609 0.2925 0.4392 0.0244
178 0.1237 0.0897 0.3157 0.4592 0.0116
179 0.2896 0.1914 0.1855 0.2327 0.1008
180 0.0448 0.1732 0.3088 0.3965 0.0768
181 0.3308 0.2222 0.1285 0.2556 0.0627
182 0.1758 0.0448 0.6953 0.0520 0.0323
183 0.0403 0.0938 0.1895 0.6714 0.0049
184 0.1937 0.3120 0.1724 0.2886 0.0331
185 0.0781 0.1816 0.1119 0.6240 0.0041
186 0.1787 0.0884 0.0762 0.6138 0.0428
187 0.1658 0.1242 0.1752 0.5229 0.0120
188 0.3093 0.0944 0.1484 0.4099 0.0378
189 0.1427 0.6055 0.1351 0.0973 0.0193
190 0.0740 0.2075 0.0690 0.6240 0.0254
191 0.3601 0.0570 0.1179 0.4019 0.0631
192 0.1399 0.1624 0.3491 0.2362 0.1124
193 0.2452 0.3005 0.1823 0.2198 0.0522
194 0.1862 0.1077 0.2109 0.3940 0.1012
195 0.0959 0.1053 0.4102 0.3677 0.0211
196 0.2263 0.0446 0.1655 0.5259 0.0375
197 0.2266 0.0814 0.3484 0.2529 0.0909
198 0.1333 0.0888 0.3403 0.4236 0.0138
199 0.1957 0.0682 0.0511 0.6567 0.0282
200 0.4036 0.0936 0.2109 0.2795 0.0125
201 0.3083 0.2188 0.2222 0.1785 0.0721
202 0.1150 0.0635 0.2081 0.5840 0.0295
203 0.0861 0.0640 0.3979 0.4441 0.0078
204 0.1554 0.1119 0.6099 0.1044 0.0183
205 0.0710 0.0511 0.2366 0.6328 0.0082
206 0.1002 0.1227 0.1814 0.5854 0.0104
207 0.4153 0.3232 0.1600 0.0870 0.0143
208 0.3704 0.0866 0.2930 0.2391 0.0110
209 0.2842 0.0801 0.1697 0.3706 0.0952
210 0.1750 0.3218 0.0840 0.3428 0.0765
211 0.0729 0.0493 0.3267 0.4128 0.1383
212 0.0773 0.1124 0.4209 0.2717 0.1178
213 0.1646 0.0295 0.0122 0.0450 0.7490
214 0.1810 0.0261 0.0110 0.0660 0.7158
215 0.2434 0.1293 0.0848 0.0351 0.5073
216 0.1694 0.0460 0.0685 0.1427 0.5732
217 0.3162 0.1257 0.0763 0.0360 0.4458
218 0.0775 0.3210 0.2832 0.2581 0.0603
219 0.0867 0.1985 0.5835 0.0840 0.0471
220 0.3064 0.2207 0.1873 0.1229 0.1627
221 0.2239 0.2458 0.3635 0.1348 0.0320
222 0.0814 0.2627 0.5063 0.0457 0.1037
223 0.0563 0.1580 0.1201 0.6543 0.0112
224 0.1035 0.0258 0.2444 0.4937 0.1328
225 0.3127 0.1377 0.2100 0.2983 0.0414
226 0.1285 0.1108 0.3838 0.3550 0.0218
227 0.1656 0.2487 0.1271 0.4099 0.0486
228 0.3931 0.1049 0.1091 0.2920 0.1010
229 0.0275 0.0654 0.7778 0.1212 0.0080
230 0.0429 0.2485 0.6250 0.0250 0.0586
231 0.2871 0.0531 0.5664 0.0731 0.0205
232 0.1627 0.0956 0.2500 0.4670 0.0246
233 0.0421 0.2581 0.2502 0.4424 0.0071
234 0.1686 0.1465 0.2415 0.4172 0.0263
235 0.2391 0.3674 0.2710 0.0746 0.0478
236 0.4204 0.1726 0.2512 0.1063 0.0494
237 0.6182 0.0948 0.1930 0.0170 0.0768
238 0.3572 0.1245 0.1882 0.2534 0.0767
239 0.0335 0.4998 0.2983 0.1622 0.0063
240 0.1475 0.0413 0.1954 0.5742 0.0416
241 0.2849 0.3438 0.1549 0.1729 0.0437
242 0.2375 0.2778 0.4270 0.0397 0.0180
243 0.2395 0.3098 0.3767 0.0582 0.0157
244 0.2255 0.0798 0.1433 0.1305 0.4211
245 0.2551 0.2217 0.3030 0.1597 0.0606
246 0.5513 0.0974 0.0559 0.2729 0.0224
247 0.3591 0.3455 0.1764 0.1070 0.0120
248 0.1804 0.1383 0.2905 0.3450 0.0456
249 0.2537 0.1359 0.3259 0.2617 0.0227
250 0.1144 0.0948 0.3691 0.3992 0.0224
251 0.4729 0.1511 0.2200 0.1273 0.0286
252 0.4958 0.1454 0.1313 0.1824 0.0450
253 0.2507 0.2864 0.1892 0.2488 0.0250
254 0.0843 0.7451 0.1125 0.0570 0.0010
255 0.1364 0.4268 0.3123 0.0834 0.0413
256 0.0803 0.1809 0.3433 0.3831 0.0124
257 0.0537 0.2524 0.2028 0.4827 0.0083
258 0.1194 0.2451 0.1671 0.4651 0.0031
259 0.2106 0.1118 0.1425 0.5210 0.0142
260 0.2542 0.1788 0.3140 0.2075 0.0456
261 0.0345 0.0128 0.0023 0.0090 0.9414
262 0.4111 0.0427 0.0203 0.0882 0.4377
263 0.1026 0.1962 0.4856 0.1902 0.0255
264 0.0461 0.2307 0.1294 0.5889 0.0047
265 0.1769 0.1284 0.1942 0.4807 0.0198
266 0.0786 0.2366 0.1902 0.4856 0.0091
267 0.2192 0.1361 0.1077 0.4497 0.0872
268 0.0878 0.0832 0.5342 0.2644 0.0306
269 0.0555 0.0356 0.1819 0.6865 0.0406
270 0.1891 0.0339 0.2354 0.2666 0.2751
271 0.4775 0.1885 0.1785 0.0593 0.0963
272 0.4131 0.1936 0.0833 0.2563 0.0537
273 0.3755 0.2581 0.1277 0.2041 0.0346
274 0.1949 0.4326 0.2141 0.1567 0.0016
275 0.0323 0.0988 0.8208 0.0453 0.0026
276 0.0356 0.0737 0.4517 0.4377 0.0011
277 0.0715 0.2578 0.5806 0.0884 0.0016
278 0.0683 0.2365 0.5718 0.1198 0.0039
279 0.1578 0.3640 0.4028 0.0695 0.0058
280 0.0347 0.3215 0.5825 0.0358 0.0254
281 0.0504 0.3237 0.5171 0.0812 0.0276
282 0.0654 0.2469 0.5479 0.0895 0.0502
283 0.0323 0.4121 0.5210 0.0131 0.0217
284 0.2070 0.2310 0.1217 0.3928 0.0476
285 0.2006 0.4700 0.1024 0.2037 0.0234
286 0.2751 0.2372 0.1997 0.2390 0.0490
287 0.2490 0.3171 0.2357 0.1608 0.0373
288 0.1088 0.1071 0.1940 0.5527 0.0376
289 0.3157 0.2021 0.1236 0.3132 0.0455
290 0.3284 0.0598 0.2639 0.3086 0.0392
291 0.3186 0.0781 0.3040 0.2295 0.0699
292 0.1302 0.3486 0.3921 0.1158 0.0132
293 0.1813 0.0779 0.0986 0.6328 0.0095
294 0.1270 0.1120 0.1138 0.6245 0.0228
295 0.1036 0.5059 0.1818 0.0471 0.1617
296 0.1174 0.4683 0.1473 0.1231 0.1439
297 0.4258 0.3164 0.1460 0.0936 0.0180
298 0.1282 0.1547 0.2147 0.4763 0.0262
299 0.2050 0.0606 0.2396 0.4690 0.0258
300 0.1619 0.3245 0.2776 0.2230 0.0129
301 0.1747 0.0900 0.6963 0.0306 0.0082
302 0.1207 0.1598 0.5801 0.1040 0.0354
303 0.4404 0.2163 0.2490 0.0916 0.0026
304 0.0953 0.0324 0.0969 0.7500 0.0253
305 0.1186 0.1312 0.3979 0.3274 0.0249
306 0.1472 0.1077 0.4905 0.2013 0.0533
307 0.1412 0.2520 0.5166 0.0678 0.0224
308 0.1899 0.4348 0.0955 0.2598 0.0200
309 0.0837 0.1208 0.4387 0.2788 0.0780
310 0.3140 0.2140 0.3367 0.1102 0.0252
311 0.3806 0.2102 0.2615 0.0420 0.1057
312 0.1238 0.0717 0.1801 0.5903 0.0341
313 0.2010 0.0878 0.4158 0.2208 0.0745
314 0.2252 0.0423 0.2218 0.4919 0.0186
315 0.0831 0.1118 0.1652 0.6040 0.0360
316 0.1425 0.0673 0.2969 0.4817 0.0117
317 0.3135 0.0536 0.1414 0.4634 0.0283
318 0.0517 0.0718 0.0288 0.0880 0.7598
319 0.0536 0.1411 0.2021 0.5942 0.0092
320 0.3044 0.0393 0.3450 0.1351 0.1761
321 0.2546 0.0827 0.2079 0.4470 0.0078
322 0.3501 0.3938 0.1085 0.1182 0.0294
323 0.0905 0.2830 0.1638 0.4451 0.0177
324 0.1088 0.1969 0.3049 0.3511 0.0382
325 0.1088 0.0828 0.0938 0.6768 0.0379
326 0.1737 0.1213 0.1232 0.5522 0.0295
327 0.4338 0.0461 0.1063 0.4014 0.0124
328 0.2595 0.0223 0.1133 0.5845 0.0203
329 0.1398 0.0433 0.1022 0.6880 0.0267
330 0.3262 0.1360 0.0493 0.4529 0.0357
331 0.2666 0.0474 0.0513 0.6245 0.0102
332 0.5015 0.1146 0.0546 0.3066 0.0226
333 0.3789 0.0776 0.0638 0.4678 0.0121
334 0.7100 0.2166 0.0312 0.0273 0.0147
335 0.5688 0.3562 0.0478 0.0105 0.0165
336 0.2939 0.1943 0.2418 0.2593 0.0106
337 0.3259 0.3286 0.2422 0.0818 0.0215
338 0.3293 0.3940 0.0746 0.1669 0.0352
339 0.1721 0.4099 0.1450 0.2263 0.0467
340 0.5942 0.0850 0.1703 0.0955 0.0548
341 0.4912 0.1864 0.1510 0.1022 0.0692
342 0.2473 0.0569 0.1926 0.4692 0.0340
343 0.1342 0.0350 0.2078 0.6011 0.0217
344 0.1815 0.0576 0.1577 0.5332 0.0699
345 0.2422 0.4487 0.1379 0.1266 0.0444
346 0.1155 0.1137 0.5864 0.1760 0.0083
347 0.3870 0.2054 0.2328 0.1423 0.0325
348 0.0777 0.1475 0.2047 0.1087 0.4614
349 0.4404 0.2778 0.1418 0.1223 0.0175
350 0.1345 0.0621 0.0476 0.7505 0.0054
351 0.3777 0.3059 0.1637 0.1444 0.0084
352 0.2089 0.2330 0.2832 0.2600 0.0148
353 0.2286 0.4619 0.0946 0.1150 0.0999
354 0.3528 0.0769 0.1859 0.2350 0.1494
355 0.3359 0.2942 0.1245 0.1357 0.1099
356 0.1831 0.0328 0.0505 0.7188 0.0148
357 0.0158 0.0969 0.8242 0.0570 0.0058
358 0.1083 0.2598 0.5459 0.0780 0.0080
359 0.3174 0.4915 0.0991 0.0490 0.0429
360 0.1948 0.0648 0.0270 0.6592 0.0545
361 0.1805 0.1593 0.1028 0.5391 0.0183
362 0.0753 0.2668 0.5562 0.0759 0.0258
363 0.2554 0.1089 0.2068 0.2271 0.2019
364 0.1149 0.0394 0.1354 0.5879 0.1223
365 0.1093 0.0872 0.0270 0.1903 0.5864
366 0.0711 0.0757 0.2903 0.5420 0.0209
367 0.1680 0.2971 0.0512 0.3875 0.0964
368 0.4771 0.0401 0.3833 0.0646 0.0351
369 0.0692 0.0610 0.2529 0.5879 0.0288
370 0.7417 0.0679 0.1617 0.0238 0.0047
371 0.0551 0.1407 0.6406 0.1385 0.0252
372 0.1132 0.2285 0.4915 0.1323 0.0345
373 0.1528 0.1815 0.4858 0.1190 0.0608
374 0.1171 0.1017 0.5244 0.1899 0.0667
375 0.2037 0.2830 0.2496 0.2310 0.0327
376 0.2488 0.5024 0.2301 0.0008 0.0176
377 0.2517 0.5005 0.2291 0.0008 0.0179
378 0.2517 0.5010 0.2257 0.0011 0.0207
