time exciting_prob fearful_prob tense_prob sad_prob relaxing_prob
0 0.2037 0.2830 0.2496 0.2310 0.0327
1 0.2037 0.2830 0.2496 0.2310 0.0327
2 0.2037 0.2830 0.2496 0.2310 0.0327
3 0.2208 0.5215 0.2208 0.0151 0.0215
4 0.1414 0.2878 0.5210 0.0125 0.0372
5 0.1349 0.4092 0.4028 0.0240 0.0292
6 0.1146 0.0576 0.0308 0.7129 0.0839
7 0.2224 0.4746 0.0562 0.0652 0.1815
8 0.1814 0.4561 0.0612 0.1267 0.1744
9 0.0367 0.2302 0.3623 0.3623 0.0087
10 0.2012 0.4678 0.2209 0.0590 0.0513
11 0.2144 0.4102 0.3120 0.0146 0.0490
12 0.2054 0.4419 0.3132 0.0152 0.0242
13 0.1497 0.4792 0.3193 0.0163 0.0356
14 0.0363 0.2189 0.6333 0.1083 0.0033
15 0.0243 0.1809 0.4917 0.2981 0.0051
16 0.0339 0.1969 0.3855 0.3794 0.0043
17 0.3247 0.3708 0.2357 0.0382 0.0304
18 0.2186 0.4556 0.2678 0.0263 0.0317
19 0.3181 0.3577 0.2119 0.0431 0.0693
20 0.2048 0.3511 0.0578 0.1333 0.2529
21 0.0790 0.1699 0.0569 0.4690 0.2251
22 0.2328 0.3037 0.0566 0.1813 0.2256
23 0.3643 0.2625 0.2686 0.0452 0.0595
24 0.1661 0.3438 0.3330 0.1367 0.0203
25 0.1641 0.2386 0.3936 0.1903 0.0136
26 0.2090 0.1494 0.1382 0.3967 0.1068
27 0.0734 0.3877 0.4258 0.0793 0.0339
28 0.0234 0.1870 0.7754 0.0119 0.0023
29 0.1486 0.1373 0.5264 0.0894 0.0981
30 0.0820 0.3879 0.5220 0.0046 0.0035
31 0.3044 0.3318 0.2585 0.0865 0.0186
32 0.4075 0.4011 0.1621 0.0106 0.0185
33 0.1442 0.2098 0.2098 0.4172 0.0191
34 0.0989 0.2524 0.6060 0.0292 0.0136
35 0.3669 0.4126 0.2010 0.0068 0.0126
36 0.1780 0.3708 0.3171 0.0960 0.0379
37 0.1794 0.3921 0.3459 0.0552 0.0273
38 0.1409 0.3711 0.3950 0.0834 0.0097
39 0.2164 0.3513 0.2610 0.1511 0.0201
40 0.0292 0.2386 0.1339 0.1010 0.4973
41 0.2158 0.1694 0.4463 0.1506 0.0177
42 0.2700 0.3108 0.3035 0.0532 0.0626
43 0.1785 0.4629 0.3232 0.0312 0.0042
44 0.1243 0.4546 0.1621 0.2549 0.0041
45 0.1501 0.5078 0.2151 0.1169 0.0099
46 0.0974 0.1581 0.4792 0.2373 0.0279
47 0.0424 0.3662 0.1327 0.4087 0.0500
48 0.0854 0.2395 0.3770 0.2147 0.0834
49 0.3501 0.4290 0.1591 0.0268 0.0349
50 0.1006 0.2001 0.6665 0.0186 0.0144
51 0.1823 0.2131 0.5234 0.0309 0.0502
52 0.1443 0.1225 0.5039 0.1957 0.0338
53 0.0286 0.2649 0.4946 0.2030 0.0090
54 0.2450 0.4167 0.3096 0.0106 0.0180
55 0.0650 0.2114 0.3828 0.2981 0.0426
56 0.0753 0.4233 0.3621 0.1157 0.0237
57 0.0674 0.4573 0.2264 0.2373 0.0115
58 0.5000 0.3574 0.0962 0.0058 0.0407
59 0.0742 0.1865 0.2981 0.3708 0.0703
60 0.1591 0.2350 0.3726 0.1802 0.0533
61 0.0763 0.4060 0.4976 0.0125 0.0076
62 0.0530 0.2957 0.3511 0.2690 0.0312
63 0.1586 0.3203 0.3804 0.0803 0.0606
64 0.0462 0.1731 0.7461 0.0266 0.0080
65 0.0715 0.1927 0.7163 0.0164 0.0032
66 0.2866 0.4172 0.2065 0.0226 0.0670
67 0.2251 0.2452 0.0645 0.2081 0.2571
68 0.1345 0.5078 0.0875 0.0621 0.2084
69 0.5327 0.2896 0.1368 0.0129 0.0280
70 0.4709 0.3904 0.1154 0.0068 0.0164
71 0.1224 0.3328 0.1097 0.3127 0.1224
72 0.1379 0.3235 0.1348 0.2137 0.1901
73 0.1101 0.3784 0.2156 0.1172 0.1787
74 0.0985 0.4414 0.2554 0.0940 0.1107
75 0.3450 0.2059 0.1667 0.2262 0.0563
76 0.3733 0.3794 0.2062 0.0136 0.0275
77 0.2927 0.3115 0.0936 0.2092 0.0928
78 0.2148 0.2473 0.0620 0.3433 0.1323
79 0.4473 0.2549 0.1864 0.0783 0.0332
80 0.1918 0.5054 0.2278 0.0301 0.0449
81 0.0318 0.1257 0.3811 0.4387 0.0225
82 0.2410 0.1417 0.2373 0.2195 0.1605
83 0.1056 0.4048 0.3008 0.1047 0.0842
84 0.1802 0.1888 0.0648 0.3313 0.2350
85 0.3196 0.2568 0.0827 0.0881 0.2529
86 0.4314 0.1134 0.1143 0.2239 0.1170
87 0.2382 0.3718 0.1703 0.1959 0.0238
88 0.3677 0.4102 0.1569 0.0277 0.0378
89 0.1603 0.2123 0.4785 0.1172 0.0318
90 0.4150 0.3440 0.2103 0.0130 0.0177
91 0.2069 0.5894 0.1624 0.0135 0.0278
92 0.0804 0.1550 0.5410 0.2085 0.0151
93 0.2810 0.3286 0.3472 0.0253 0.0180
94 0.1482 0.6235 0.1732 0.0428 0.0121
95 0.0740 0.3479 0.1936 0.3533 0.0311
96 0.0828 0.3713 0.3433 0.1597 0.0430
97 0.1072 0.2673 0.5933 0.0247 0.0076
98 0.0659 0.3647 0.5308 0.0180 0.0209
99 0.0440 0.6880 0.1754 0.0815 0.0109
100 0.1401 0.4216 0.4248 0.0096 0.0037
101 0.3674 0.5063 0.1005 0.0167 0.0091
102 0.3845 0.3140 0.2522 0.0459 0.0033
103 0.3030 0.4514 0.2035 0.0137 0.0284
104 0.0173 0.5132 0.1110 0.3472 0.0113
105 0.0373 0.4653 0.3625 0.1233 0.0116
106 0.0122 0.3518 0.6274 0.0083 0.0003
107 0.1104 0.2932 0.5742 0.0104 0.0117
108 0.2391 0.2546 0.3269 0.1473 0.0321
109 0.0362 0.4839 0.4407 0.0340 0.0053
110 0.0179 0.2432 0.7036 0.0345 0.0009
111 0.0256 0.2866 0.6665 0.0198 0.0016
112 0.1031 0.3252 0.1660 0.3655 0.0401
113 0.1099 0.2986 0.5664 0.0067 0.0182
114 0.2554 0.4590 0.1702 0.0955 0.0200
115 0.0239 0.2454 0.5884 0.1273 0.0151
116 0.0328 0.1111 0.1642 0.6597 0.0323
117 0.0368 0.2852 0.2720 0.3440 0.0621
118 0.2178 0.2178 0.5347 0.0165 0.0134
119 0.2460 0.2898 0.4216 0.0231 0.0196
120 0.0133 0.1161 0.3992 0.4521 0.0193
121 0.0834 0.1766 0.3569 0.3682 0.0147
122 0.0345 0.2302 0.1851 0.4724 0.0778
123 0.1240 0.2751 0.5825 0.0134 0.0052
124 0.1696 0.1461 0.6650 0.0120 0.0072
125 0.0208 0.0849 0.1216 0.7686 0.0041
126 0.2455 0.2986 0.4243 0.0202 0.0116
127 0.0202 0.1782 0.5488 0.2512 0.0014
128 0.0197 0.2140 0.4255 0.3262 0.0147
129 0.0293 0.2050 0.5571 0.1699 0.0385
130 0.0094 0.5234 0.1726 0.2937 0.0009
131 0.2573 0.4961 0.2069 0.0106 0.0289
132 0.1339 0.2351 0.5864 0.0198 0.0248
133 0.3503 0.4941 0.0966 0.0144 0.0446
134 0.0377 0.5713 0.1742 0.2134 0.0036
135 0.0640 0.4341 0.4341 0.0539 0.0138
136 0.0379 0.6665 0.2268 0.0625 0.0062
137 0.1993 0.4319 0.3445 0.0102 0.0142
138 0.3269 0.2817 0.2930 0.0859 0.0122
139 0.1409 0.3149 0.2452 0.2130 0.0861
140 0.0698 0.1700 0.2084 0.3894 0.1624
141 0.3132 0.5288 0.1017 0.0280 0.0285
142 0.0579 0.2020 0.1989 0.5078 0.0332
143 0.1432 0.2676 0.2020 0.3687 0.0186
144 0.0312 0.7227 0.1799 0.0622 0.0039
145 0.0982 0.4722 0.3145 0.0853 0.0297
146 0.0424 0.6045 0.2405 0.0912 0.0213
147 0.1311 0.2430 0.0505 0.3323 0.2430
148 0.3767 0.3484 0.2146 0.0307 0.0295
149 0.3330 0.3303 0.2455 0.0395 0.0518
150 0.0235 0.5186 0.3347 0.1121 0.0114
151 0.1746 0.4089 0.0768 0.0934 0.2461
152 0.2871 0.4412 0.2036 0.0430 0.0251
153 0.2115 0.3743 0.3921 0.0051 0.0171
154 0.1886 0.4634 0.3259 0.0100 0.0122
155 0.1240 0.2793 0.0521 0.4065 0.1383
156 0.2349 0.3113 0.0781 0.1219 0.2539
157 0.0756 0.4490 0.4023 0.0431 0.0301
158 0.0851 0.5420 0.3186 0.0349 0.0193
159 0.2148 0.4341 0.3225 0.0182 0.0103
160 0.0634 0.2732 0.3735 0.2566 0.0331
161 0.1814 0.2329 0.2766 0.3037 0.0054
162 0.0226 0.5737 0.2668 0.1321 0.0047
163 0.1307 0.4822 0.2878 0.0717 0.0274
164 0.1580 0.3911 0.3616 0.0789 0.0104
165 0.1260 0.3020 0.5557 0.0123 0.0040
166 0.1437 0.4529 0.3474 0.0197 0.0363
167 0.0095 0.0671 0.6992 0.2235 0.0006
168 0.4189 0.2881 0.2191 0.0188 0.0550
169 0.4189 0.4062 0.1382 0.0126 0.0240
170 0.1328 0.2971 0.4189 0.1200 0.0313
171 0.1976 0.3750 0.3870 0.0141 0.0265
172 0.0243 0.0696 0.9033 0.0013 0.0016
173 0.0613 0.0900 0.8403 0.0026 0.0057
174 0.3423 0.2502 0.2427 0.1299 0.0349
175 0.0214 0.1793 0.1464 0.6455 0.0072
176 0.0966 0.2465 0.3115 0.3369 0.0084
177 0.2896 0.5161 0.1769 0.0108 0.0068
178 0.1488 0.1660 0.4045 0.2654 0.0151
179 0.1810 0.5576 0.2019 0.0338 0.0259
180 0.1771 0.1368 0.1348 0.2329 0.3184
181 0.3032 0.2455 0.3894 0.0430 0.0189
182 0.4292 0.2445 0.2815 0.0189 0.0262
183 0.2576 0.4053 0.2556 0.0115 0.0699
184 0.5889 0.2961 0.0925 0.0101 0.0125
185 0.3132 0.4854 0.1677 0.0187 0.0150
186 0.0085 0.2761 0.2218 0.4922 0.0016
187 0.1517 0.1448 0.3162 0.3638 0.0236
188 0.1715 0.4082 0.2849 0.0985 0.0368
189 0.1969 0.2776 0.0930 0.0759 0.3564
190 0.2467 0.5063 0.2229 0.0114 0.0129
191 0.0765 0.5435 0.3347 0.0373 0.0080
192 0.0676 0.5615 0.3101 0.0530 0.0078
193 0.1969 0.4541 0.2394 0.0670 0.0426
194 0.1026 0.0622 0.0632 0.5547 0.2173
195 0.3037 0.3494 0.0912 0.1492 0.1066
196 0.1354 0.5791 0.2671 0.0148 0.0035
197 0.1989 0.3923 0.2634 0.0178 0.1274
198 0.2030 0.3293 0.4399 0.0093 0.0184
199 0.1505 0.2189 0.0717 0.4219 0.1370
200 0.1820 0.2776 0.0619 0.2817 0.1968
201 0.1619 0.5518 0.1835 0.0297 0.0730
202 0.3193 0.3945 0.1863 0.0244 0.0753
203 0.0835 0.0961 0.3516 0.4514 0.0175
204 0.1842 0.4705 0.3037 0.0144 0.0272
205 0.1946 0.4055 0.3362 0.0208 0.0431
206 0.0858 0.0500 0.2156 0.6045 0.0441
207 0.1545 0.1779 0.2668 0.3535 0.0471
208 0.2037 0.2830 0.2496 0.2310 0.0327
209 0.2037 0.2830 0.2496 0.2310 0.0327
210 0.5010 0.2366 0.0912 0.0580 0.1135
211 0.5073 0.2323 0.0910 0.0561 0.1132
212 0.5054 0.2349 0.0906 0.0567 0.1127
213 0.5054 0.2349 0.0906 0.0567 0.1127
214 0.5054 0.2349 0.0906 0.0567 0.1127
215 0.5054 0.2349 0.0906 0.0567 0.1127
216 0.5229 0.3076 0.0587 0.0138 0.0968
