time exciting_prob fearful_prob tense_prob sad_prob relaxing_prob
0 0.1133 0.0424 0.2893 0.5405 0.0142
1 0.0989 0.2372 0.4502 0.2029 0.0110
2 0.0916 0.0670 0.3982 0.4373 0.0060
3 0.0588 0.1367 0.4624 0.3330 0.0089
4 0.0955 0.2988 0.3896 0.2086 0.0073
5 0.0948 0.1587 0.5371 0.1915 0.0179
6 0.0247 0.5122 0.4380 0.0213 0.0038
7 0.0354 0.4443 0.5034 0.0106 0.0061
8 0.0146 0.4814 0.4890 0.0118 0.0032
9 0.0878 0.3066 0.5132 0.0663 0.0260
10 0.0952 0.3071 0.4756 0.0922 0.0299
11 0.0916 0.3101 0.4954 0.0736 0.0295
12 0.1024 0.2534 0.4663 0.1514 0.0265
13 0.1077 0.4829 0.3167 0.0638 0.0288
14 0.1071 0.2844 0.4993 0.0697 0.0394
15 0.0944 0.2030 0.4944 0.1581 0.0501
16 0.1180 0.2788 0.4456 0.1381 0.0196
17 0.0665 0.2081 0.4839 0.2251 0.0163
18 0.0487 0.1410 0.4014 0.3953 0.0136
19 0.1528 0.0462 0.2056 0.5415 0.0536
20 0.1675 0.3357 0.4697 0.0163 0.0105
21 0.0673 0.2925 0.6001 0.0166 0.0236
22 0.1139 0.2690 0.5522 0.0319 0.0331
23 0.1592 0.4607 0.2583 0.0758 0.0460
24 0.0771 0.2302 0.6260 0.0302 0.0364
25 0.0878 0.1719 0.6689 0.0481 0.0231
26 0.1287 0.3667 0.4221 0.0536 0.0289
27 0.1320 0.2245 0.4827 0.1094 0.0517
28 0.0978 0.5854 0.2402 0.0431 0.0335
29 0.2272 0.2380 0.3254 0.1825 0.0269
30 0.1489 0.3411 0.4734 0.0253 0.0112
31 0.1003 0.2522 0.2812 0.3501 0.0161
32 0.1533 0.1968 0.3193 0.3145 0.0160
33 0.1063 0.4270 0.3486 0.0714 0.0468
34 0.1030 0.4688 0.2080 0.1893 0.0309
35 0.0568 0.2466 0.6104 0.0685 0.0179
36 0.1678 0.2025 0.4934 0.0793 0.0571
37 0.1238 0.1218 0.2969 0.4253 0.0323
38 0.1553 0.3186 0.3904 0.1002 0.0357
39 0.0921 0.1616 0.6006 0.1320 0.0136
40 0.0814 0.1260 0.7026 0.0764 0.0137
41 0.4526 0.1772 0.2539 0.1010 0.0150
42 0.4993 0.2891 0.1476 0.0565 0.0078
43 0.0892 0.1094 0.5059 0.2793 0.0165
44 0.0936 0.2839 0.5225 0.0542 0.0460
45 0.2374 0.3455 0.2776 0.0517 0.0880
46 0.1835 0.3823 0.2394 0.0605 0.1343
47 0.1428 0.4133 0.3320 0.0696 0.0422
48 0.0908 0.2112 0.3538 0.3323 0.0119
49 0.1588 0.1744 0.2788 0.2499 0.1381
50 0.1791 0.2263 0.3345 0.1555 0.1044
51 0.2291 0.3606 0.2401 0.0245 0.1456
52 0.2008 0.2172 0.3015 0.1577 0.1228
53 0.0165 0.2607 0.6768 0.0182 0.0279
54 0.1968 0.2864 0.3621 0.0814 0.0735
55 0.1465 0.1986 0.3918 0.2198 0.0433
56 0.2294 0.1127 0.4353 0.1902 0.0325
57 0.1083 0.1285 0.3779 0.3721 0.0130
58 0.1140 0.2866 0.3147 0.2451 0.0394
59 0.1054 0.2001 0.2413 0.4370 0.0162
60 0.1226 0.2186 0.6084 0.0404 0.0101
61 0.1240 0.1748 0.4604 0.2244 0.0164
62 0.1649 0.1898 0.4771 0.1433 0.0249
63 0.0812 0.1257 0.4121 0.3638 0.0173
64 0.1239 0.3999 0.3640 0.0421 0.0700
65 0.1176 0.3855 0.2001 0.2866 0.0103
66 0.0699 0.5630 0.2744 0.0699 0.0229
67 0.0271 0.4578 0.1332 0.3796 0.0024
68 0.1196 0.1399 0.1254 0.6074 0.0076
69 0.2340 0.3101 0.2778 0.0686 0.1097
70 0.1239 0.2261 0.4158 0.1934 0.0409
71 0.0756 0.5171 0.3665 0.0220 0.0190
72 0.0491 0.3357 0.5283 0.0420 0.0451
73 0.0794 0.2524 0.6147 0.0381 0.0153
74 0.1362 0.1982 0.5474 0.0789 0.0390
75 0.1138 0.1019 0.4788 0.2729 0.0326
76 0.0891 0.2383 0.3748 0.2742 0.0236
77 0.0971 0.1962 0.3840 0.2898 0.0330
78 0.0701 0.4331 0.4131 0.0387 0.0449
79 0.1991 0.0948 0.3838 0.2808 0.0417
80 0.1063 0.4202 0.3274 0.1185 0.0277
81 0.1231 0.1193 0.4231 0.3245 0.0102
82 0.1697 0.2283 0.2283 0.3591 0.0145
83 0.1857 0.4487 0.2598 0.0607 0.0451
84 0.0827 0.3591 0.4834 0.0526 0.0222
85 0.0796 0.3403 0.5439 0.0190 0.0172
86 0.0577 0.0867 0.7725 0.0730 0.0103
87 0.0491 0.4243 0.3926 0.1124 0.0216
88 0.0842 0.5156 0.2184 0.1727 0.0089
89 0.0775 0.5098 0.3501 0.0215 0.0412
90 0.2245 0.1832 0.2317 0.3423 0.0181
91 0.1217 0.1945 0.3157 0.3521 0.0162
92 0.1071 0.3250 0.2822 0.2778 0.0078
93 0.0861 0.3350 0.4370 0.1333 0.0088
94 0.0620 0.1007 0.2959 0.5195 0.0218
95 0.1357 0.0905 0.4666 0.3013 0.0061
96 0.1212 0.1174 0.4099 0.3452 0.0061
97 0.0889 0.5532 0.3103 0.0443 0.0036
98 0.1241 0.6812 0.1417 0.0077 0.0453
99 0.0947 0.1797 0.2964 0.4114 0.0179
100 0.0406 0.6211 0.2510 0.0494 0.0376
101 0.1300 0.2751 0.2839 0.2930 0.0177
102 0.4006 0.1556 0.2393 0.1923 0.0122
103 0.1818 0.4753 0.2335 0.0826 0.0268
104 0.0807 0.0432 0.1847 0.6758 0.0159
105 0.1268 0.0628 0.1578 0.6343 0.0183
106 0.1591 0.2583 0.5298 0.0428 0.0102
107 0.0936 0.2546 0.3882 0.2391 0.0246
108 0.2832 0.2620 0.2480 0.1541 0.0528
109 0.1259 0.0980 0.1592 0.5913 0.0256
110 0.0962 0.3203 0.4810 0.0903 0.0123
111 0.0350 0.0996 0.1951 0.6597 0.0104
112 0.1587 0.0437 0.3206 0.4663 0.0106
113 0.1095 0.1833 0.4231 0.2688 0.0153
114 0.1962 0.1504 0.3994 0.2367 0.0173
115 0.1405 0.1669 0.3269 0.3533 0.0124
116 0.1779 0.1062 0.2113 0.4912 0.0134
117 0.0975 0.1895 0.1925 0.4304 0.0902
118 0.0960 0.1262 0.2285 0.3796 0.1698
119 0.0953 0.1431 0.2781 0.4585 0.0251
120 0.0900 0.1220 0.5732 0.2075 0.0073
121 0.0578 0.3052 0.3005 0.3198 0.0164
122 0.1871 0.1002 0.4705 0.2294 0.0128
123 0.1206 0.0602 0.3381 0.4695 0.0116
124 0.0311 0.0638 0.2949 0.5957 0.0146
125 0.1013 0.0765 0.1984 0.6206 0.0029
126 0.1281 0.0776 0.2429 0.5391 0.0125
127 0.2094 0.0696 0.2566 0.4363 0.0283
128 0.2081 0.1355 0.2759 0.3433 0.0373
129 0.2053 0.1065 0.2896 0.3547 0.0440
130 0.0959 0.3591 0.3823 0.0702 0.0923
131 0.2399 0.3774 0.2185 0.0152 0.1489
132 0.1097 0.0939 0.2847 0.4919 0.0197
133 0.0663 0.1495 0.3167 0.4536 0.0139
134 0.3159 0.0553 0.5205 0.0798 0.0283
135 0.3560 0.0614 0.5059 0.0497 0.0268
136 0.3228 0.0507 0.3716 0.2253 0.0296
137 0.0320 0.2673 0.4995 0.1912 0.0099
138 0.0944 0.2487 0.3193 0.3345 0.0032
139 0.1544 0.1484 0.2014 0.4539 0.0419
140 0.2333 0.0679 0.1415 0.5337 0.0235
141 0.1335 0.0641 0.0933 0.6997 0.0093
142 0.1159 0.2532 0.3408 0.0522 0.2379
143 0.1213 0.3052 0.1909 0.3567 0.0260
144 0.1143 0.0726 0.1770 0.5625 0.0738
145 0.1333 0.2130 0.4653 0.1711 0.0172
146 0.1923 0.0691 0.5649 0.1569 0.0169
147 0.1426 0.1404 0.7021 0.0091 0.0059
148 0.1505 0.1042 0.7124 0.0124 0.0207
149 0.4675 0.0558 0.3164 0.1494 0.0108
150 0.3652 0.0724 0.4475 0.1046 0.0102
151 0.3259 0.0341 0.4595 0.1677 0.0127
152 0.2847 0.0518 0.5488 0.1007 0.0140
153 0.2103 0.4487 0.2898 0.0398 0.0112
154 0.1649 0.2325 0.2325 0.3435 0.0265
155 0.1575 0.1785 0.5083 0.1389 0.0169
156 0.2175 0.2043 0.5342 0.0275 0.0163
157 0.2297 0.0701 0.2859 0.3970 0.0172
158 0.2737 0.1047 0.4514 0.1548 0.0154
159 0.2812 0.1201 0.1980 0.3669 0.0336
160 0.1053 0.5693 0.1877 0.0239 0.1138
161 0.3853 0.1923 0.2979 0.1029 0.0217
162 0.2834 0.3264 0.2561 0.0950 0.0390
163 0.2886 0.1544 0.1384 0.3943 0.0244
164 0.1823 0.3403 0.1233 0.3301 0.0241
165 0.1771 0.6479 0.0641 0.0632 0.0477
166 0.0804 0.1991 0.0804 0.4851 0.1550
167 0.0856 0.1389 0.1188 0.2849 0.3718
168 0.0890 0.1057 0.1161 0.1179 0.5713
169 0.1027 0.1360 0.1747 0.0812 0.5054
170 0.0587 0.0842 0.1187 0.3176 0.4209
171 0.0811 0.1026 0.1277 0.2500 0.4387
172 0.2250 0.2800 0.4543 0.0185 0.0221
173 0.2292 0.2366 0.4929 0.0218 0.0194
174 0.1971 0.3540 0.4272 0.0079 0.0137
175 0.2151 0.2739 0.4771 0.0167 0.0171
176 0.3198 0.2800 0.3682 0.0171 0.0150
177 0.4177 0.1927 0.3357 0.0320 0.0216
178 0.2974 0.1580 0.4644 0.0505 0.0299
179 0.0437 0.1169 0.5669 0.2476 0.0249
180 0.1052 0.0770 0.0585 0.1350 0.6245
181 0.0803 0.1421 0.1294 0.2306 0.4177
182 0.1008 0.0293 0.5200 0.3357 0.0145
183 0.0436 0.2432 0.4473 0.2432 0.0226
184 0.1193 0.3193 0.1461 0.3345 0.0807
185 0.0376 0.2181 0.6934 0.0464 0.0046
186 0.2079 0.2507 0.0952 0.1835 0.2627
187 0.1674 0.2493 0.1610 0.1169 0.3054
188 0.1848 0.3792 0.0770 0.1290 0.2300
189 0.1356 0.3408 0.2494 0.1525 0.1216
190 0.0732 0.4185 0.4250 0.0466 0.0368
191 0.0925 0.3748 0.4314 0.0407 0.0607
192 0.0755 0.3923 0.3630 0.0869 0.0823
193 0.0638 0.0701 0.2688 0.5518 0.0453
194 0.0325 0.0842 0.2437 0.6030 0.0368
195 0.0640 0.1489 0.6270 0.1072 0.0531
196 0.0627 0.1328 0.7070 0.0942 0.0035
197 0.1194 0.2031 0.4167 0.1938 0.0670
198 0.1693 0.2603 0.3728 0.1035 0.0942
199 0.2277 0.1505 0.3262 0.1199 0.1759
200 0.1453 0.0895 0.0895 0.2214 0.4543
201 0.1217 0.0641 0.2310 0.2576 0.3257
202 0.1049 0.3081 0.2515 0.2720 0.0636
203 0.2100 0.3008 0.2115 0.1868 0.0910
204 0.1637 0.1914 0.0890 0.1041 0.4519
205 0.2211 0.0944 0.0712 0.2544 0.3589
206 0.0272 0.0585 0.3113 0.5723 0.0308
207 0.0703 0.2375 0.3916 0.2413 0.0591
208 0.1879 0.2339 0.1594 0.3003 0.1185
209 0.2292 0.2365 0.1625 0.1316 0.2402
210 0.2433 0.3223 0.2632 0.1272 0.0440
211 0.1316 0.2328 0.2087 0.1503 0.2766
212 0.0497 0.0638 0.2603 0.5957 0.0306
213 0.0760 0.2379 0.4517 0.1853 0.0491
214 0.0606 0.1324 0.4480 0.3079 0.0511
215 0.0566 0.0948 0.2742 0.4182 0.1562
216 0.1763 0.1791 0.3733 0.2126 0.0586
217 0.1753 0.1014 0.5317 0.1595 0.0322
218 0.0828 0.1453 0.5396 0.1954 0.0370
219 0.1451 0.1322 0.3765 0.2507 0.0952
220 0.0399 0.0913 0.2812 0.4934 0.0942
221 0.0357 0.1433 0.3958 0.3835 0.0417
222 0.1155 0.1240 0.6396 0.0782 0.0428
223 0.1451 0.3594 0.4612 0.0124 0.0219
224 0.2174 0.0706 0.5054 0.1860 0.0204
225 0.3201 0.1882 0.4241 0.0461 0.0215
226 0.2391 0.1373 0.1416 0.4468 0.0352
227 0.3496 0.2744 0.1126 0.2120 0.0512
228 0.2502 0.2856 0.1530 0.2664 0.0449
229 0.3911 0.0974 0.4717 0.0277 0.0121
230 0.0744 0.2517 0.6479 0.0208 0.0051
231 0.2852 0.3083 0.1434 0.2256 0.0374
232 0.3586 0.2426 0.1578 0.1437 0.0972
233 0.2039 0.2205 0.4453 0.0941 0.0363
234 0.0734 0.1788 0.3784 0.3394 0.0301
235 0.0574 0.5278 0.2739 0.1235 0.0171
236 0.1115 0.0999 0.6826 0.0968 0.0094
237 0.5371 0.1058 0.0267 0.3157 0.0148
238 0.4226 0.1642 0.0341 0.3672 0.0120
239 0.3306 0.0447 0.3357 0.2783 0.0105
240 0.2408 0.0590 0.2998 0.3909 0.0096
241 0.2158 0.0900 0.6445 0.0341 0.0156
242 0.2462 0.1110 0.0871 0.5054 0.0504
243 0.1823 0.0592 0.0692 0.6670 0.0225
244 0.3369 0.1818 0.0851 0.3369 0.0594
245 0.3311 0.2744 0.1083 0.2404 0.0459
246 0.3716 0.3333 0.1082 0.1537 0.0332
247 0.0934 0.1339 0.1127 0.6289 0.0313
248 0.1077 0.2175 0.3215 0.3215 0.0316
249 0.1425 0.1035 0.3755 0.3638 0.0148
250 0.2385 0.2385 0.2947 0.2172 0.0111
251 0.1931 0.1931 0.2922 0.2969 0.0247
252 0.1294 0.2698 0.4277 0.1048 0.0682
253 0.0699 0.2223 0.3901 0.2725 0.0452
254 0.0655 0.2510 0.2712 0.3948 0.0175
255 0.0495 0.3435 0.3772 0.2218 0.0079
256 0.0950 0.3091 0.3669 0.2124 0.0165
257 0.0932 0.2184 0.3127 0.3545 0.0213
258 0.0610 0.1710 0.2338 0.5186 0.0157
259 0.1218 0.2275 0.3809 0.2617 0.0080
260 0.1581 0.1384 0.4575 0.2195 0.0264
261 0.2266 0.1544 0.5308 0.0564 0.0319
262 0.1449 0.1299 0.3477 0.3318 0.0456
263 0.1744 0.0739 0.4971 0.2240 0.0306
264 0.0894 0.2507 0.4333 0.2079 0.0187
265 0.1533 0.1954 0.3457 0.2649 0.0406
266 0.0834 0.0453 0.3003 0.5439 0.0269
267 0.0743 0.1064 0.4656 0.3406 0.0130
268 0.1469 0.3013 0.3159 0.2274 0.0085
269 0.0479 0.1193 0.4102 0.3975 0.0252
270 0.1528 0.0549 0.6045 0.1553 0.0323
271 0.0805 0.0627 0.7173 0.1348 0.0045
272 0.2505 0.0347 0.4128 0.2883 0.0136
273 0.0968 0.0502 0.7041 0.1387 0.0100
274 0.1688 0.1514 0.4312 0.2036 0.0451
275 0.1055 0.0725 0.2131 0.5977 0.0110
276 0.1587 0.0651 0.2576 0.5044 0.0145
277 0.2311 0.2384 0.3013 0.2170 0.0122
278 0.0928 0.2159 0.1997 0.4717 0.0199
279 0.1261 0.2145 0.6064 0.0331 0.0201
280 0.2136 0.2383 0.4451 0.0897 0.0132
281 0.1449 0.3787 0.3477 0.0604 0.0684
282 0.1152 0.2220 0.4414 0.2006 0.0208
283 0.2213 0.1451 0.3884 0.2196 0.0256
284 0.2074 0.2090 0.3904 0.1494 0.0438
285 0.1460 0.1019 0.5771 0.1603 0.0145
286 0.0880 0.1184 0.6919 0.0807 0.0207
287 0.1030 0.2032 0.4370 0.2490 0.0075
288 0.1558 0.1780 0.4438 0.2146 0.0079
289 0.1016 0.1326 0.3777 0.3604 0.0280
290 0.0728 0.1919 0.3474 0.3699 0.0179
291 0.0838 0.2074 0.5298 0.1666 0.0126
292 0.2020 0.2052 0.4146 0.1514 0.0267
293 0.1816 0.3018 0.3997 0.0906 0.0264
294 0.1401 0.4487 0.3335 0.0580 0.0197
295 0.0832 0.3264 0.4675 0.1060 0.0168
296 0.2053 0.4182 0.3467 0.0136 0.0162
297 0.2893 0.3657 0.2986 0.0289 0.0175
298 0.2474 0.3127 0.4080 0.0176 0.0142
299 0.2729 0.1804 0.4573 0.0361 0.0533
300 0.1362 0.2930 0.5142 0.0260 0.0306
301 0.1025 0.2764 0.5005 0.0693 0.0511
302 0.2194 0.2815 0.3730 0.0879 0.0381
303 0.0618 0.5688 0.1904 0.1655 0.0136
304 0.2047 0.2842 0.2468 0.2319 0.0324
305 0.2047 0.2842 0.2468 0.2319 0.0324
306 0.2037 0.2830 0.2496 0.2310 0.0327
307 0.2037 0.2830 0.2496 0.2310 0.0327
308 0.5767 0.1993 0.1034 0.0892 0.0313
309 0.5767 0.1993 0.1034 0.0892 0.0313
310 0.5845 0.1957 0.1000 0.0889 0.0312
