time exciting_prob fearful_prob tense_prob sad_prob relaxing_prob
0 0.1637 0.2169 0.1587 0.4116 0.0492
1 0.1250 0.2410 0.4944 0.1351 0.0044
2 0.1848 0.1791 0.4434 0.1819 0.0109
3 0.2896 0.1855 0.3662 0.1515 0.0073
4 0.8105 0.0476 0.0430 0.0560 0.0426
5 0.4360 0.1643 0.1862 0.0505 0.1630
6 0.6514 0.1234 0.0917 0.1272 0.0065
7 0.8579 0.0548 0.0495 0.0305 0.0073
8 0.1576 0.1639 0.5854 0.0905 0.0024
9 0.1960 0.1152 0.4702 0.1960 0.0225
10 0.4077 0.3486 0.2251 0.0096 0.0089
11 0.0905 0.6328 0.2023 0.0162 0.0584
12 0.0702 0.0867 0.6763 0.1658 0.0013
13 0.0742 0.1168 0.7378 0.0708 0.0004
14 0.1859 0.3667 0.2041 0.2386 0.0045
15 0.2249 0.5186 0.1849 0.0696 0.0019
16 0.0505 0.0610 0.7666 0.1213 0.0008
17 0.1530 0.5381 0.2107 0.0396 0.0585
18 0.0126 0.7676 0.1560 0.0620 0.0017
19 0.1865 0.0742 0.5791 0.1583 0.0019
20 0.1672 0.1039 0.5400 0.1866 0.0022
21 0.1083 0.5854 0.2681 0.0374 0.0008
22 0.1891 0.4980 0.2352 0.0341 0.0435
23 0.0925 0.7222 0.1514 0.0168 0.0174
24 0.0796 0.6509 0.2216 0.0075 0.0403
25 0.3003 0.0551 0.4268 0.2146 0.0033
26 0.1769 0.6172 0.1274 0.0767 0.0018
27 0.0884 0.7012 0.1902 0.0193 0.0009
28 0.1257 0.0972 0.6958 0.0806 0.0006
29 0.1130 0.5391 0.2668 0.0764 0.0048
30 0.0931 0.4409 0.4548 0.0071 0.0040
31 0.0771 0.5703 0.3052 0.0400 0.0073
32 0.0517 0.2710 0.6011 0.0753 0.0008
33 0.0693 0.3386 0.5244 0.0667 0.0009
34 0.0561 0.4556 0.4626 0.0194 0.0062
35 0.1017 0.6089 0.2661 0.0205 0.0028
36 0.1412 0.4561 0.3870 0.0141 0.0015
37 0.0567 0.6001 0.2922 0.0445 0.0066
38 0.1420 0.2001 0.4653 0.1633 0.0293
39 0.1841 0.6787 0.1179 0.0132 0.0062
40 0.2145 0.6304 0.1204 0.0160 0.0186
41 0.3064 0.4321 0.1553 0.0632 0.0428
42 0.1705 0.0757 0.2856 0.2123 0.2561
43 0.3052 0.3052 0.1499 0.1333 0.1063
44 0.6353 0.2178 0.0770 0.0307 0.0394
45 0.3528 0.3555 0.2156 0.0296 0.0466
46 0.2328 0.5498 0.0774 0.1058 0.0343
47 0.2673 0.2869 0.3176 0.0969 0.0314
48 0.0760 0.6362 0.2454 0.0302 0.0120
49 0.2423 0.2993 0.3784 0.0533 0.0268
50 0.0501 0.1764 0.4868 0.2817 0.0048
51 0.2593 0.3743 0.2781 0.0161 0.0725
52 0.2524 0.1604 0.3242 0.1192 0.1438
53 0.1547 0.2847 0.4841 0.0327 0.0440
54 0.1476 0.2433 0.5439 0.0483 0.0171
55 0.1164 0.5640 0.2793 0.0264 0.0141
56 0.0963 0.2419 0.0738 0.5801 0.0078
57 0.1522 0.5483 0.2756 0.0105 0.0132
58 0.1282 0.0881 0.5928 0.0606 0.1302
59 0.2448 0.2605 0.4231 0.0497 0.0219
60 0.0491 0.8506 0.0876 0.0089 0.0038
61 0.0823 0.5942 0.2556 0.0317 0.0360
62 0.0632 0.4390 0.4673 0.0278 0.0025
63 0.0441 0.6958 0.2461 0.0131 0.0010
64 0.1384 0.6206 0.2014 0.0096 0.0299
65 0.0576 0.6045 0.2224 0.0878 0.0278
66 0.0661 0.0338 0.4517 0.4377 0.0106
67 0.0437 0.4209 0.2593 0.2717 0.0043
68 0.1272 0.3003 0.0620 0.5029 0.0075
69 0.0591 0.7368 0.1439 0.0394 0.0207
70 0.1520 0.5688 0.2109 0.0399 0.0283
71 0.1622 0.5039 0.2615 0.0552 0.0174
72 0.0754 0.5278 0.1782 0.1525 0.0660
73 0.2317 0.4099 0.2211 0.0880 0.0493
74 0.0784 0.5488 0.1912 0.1635 0.0182
75 0.0705 0.4707 0.1993 0.2385 0.0208
76 0.0935 0.0995 0.5552 0.2388 0.0130
77 0.1094 0.0478 0.6919 0.1405 0.0105
78 0.2136 0.2170 0.5044 0.0598 0.0049
79 0.1841 0.0386 0.7168 0.0553 0.0055
80 0.2090 0.1059 0.5952 0.0787 0.0110
81 0.2834 0.2332 0.1918 0.2539 0.0378
82 0.1678 0.6333 0.1425 0.0402 0.0164
83 0.4868 0.0609 0.4004 0.0442 0.0078
84 0.3647 0.1157 0.4468 0.0638 0.0089
85 0.1219 0.2603 0.4788 0.0921 0.0470
86 0.1558 0.2489 0.4797 0.0959 0.0197
87 0.5947 0.0421 0.2024 0.1516 0.0090
88 0.3369 0.2227 0.3789 0.0521 0.0096
89 0.1437 0.6802 0.1542 0.0193 0.0026
90 0.2131 0.2510 0.4043 0.0953 0.0362
91 0.2166 0.3801 0.3486 0.0245 0.0302
92 0.0491 0.5620 0.3743 0.0142 0.0007
93 0.0784 0.5571 0.3325 0.0305 0.0015
94 0.0211 0.0685 0.8818 0.0277 0.0010
95 0.0254 0.0757 0.8267 0.0700 0.0021
96 0.2186 0.4487 0.3059 0.0197 0.0071
97 0.1914 0.3359 0.4380 0.0163 0.0184
98 0.1766 0.2756 0.5234 0.0171 0.0073
99 0.2864 0.1521 0.3975 0.0801 0.0840
100 0.3096 0.2527 0.3562 0.0595 0.0219
101 0.3140 0.1748 0.2771 0.2028 0.0313
102 0.0595 0.4941 0.3789 0.0529 0.0145
103 0.0586 0.5137 0.4194 0.0030 0.0050
104 0.2181 0.4109 0.2981 0.0522 0.0206
105 0.3213 0.3447 0.2581 0.0396 0.0363
106 0.1065 0.5757 0.2698 0.0434 0.0044
107 0.2050 0.2147 0.1672 0.3596 0.0535
108 0.2278 0.4460 0.2747 0.0445 0.0070
109 0.0650 0.4141 0.4341 0.0616 0.0253
110 0.1170 0.1575 0.1434 0.5581 0.0238
111 0.2314 0.4324 0.2791 0.0432 0.0139
112 0.1276 0.5850 0.1057 0.1422 0.0395
113 0.2446 0.2524 0.2686 0.1790 0.0555
114 0.0453 0.7432 0.1923 0.0146 0.0048
115 0.3633 0.2291 0.3281 0.0544 0.0251
116 0.2908 0.2161 0.4756 0.0081 0.0095
117 0.1957 0.2717 0.5156 0.0043 0.0129
118 0.2216 0.5073 0.2571 0.0072 0.0071
119 0.1354 0.2529 0.5703 0.0373 0.0043
120 0.2974 0.2465 0.3240 0.0734 0.0590
121 0.2095 0.4648 0.2283 0.0847 0.0127
122 0.1648 0.4443 0.1609 0.0216 0.2083
123 0.0365 0.0961 0.1882 0.6670 0.0120
124 0.1947 0.1093 0.2581 0.3872 0.0508
125 0.1830 0.5210 0.2156 0.0181 0.0623
126 0.0730 0.5146 0.3376 0.0443 0.0302
127 0.4199 0.1384 0.1658 0.1139 0.1619
128 0.2067 0.2869 0.4111 0.0862 0.0092
129 0.1713 0.3408 0.4375 0.0110 0.0394
130 0.1417 0.0337 0.1139 0.6978 0.0132
131 0.3845 0.1155 0.3140 0.1371 0.0489
132 0.2360 0.0569 0.2632 0.3953 0.0487
133 0.6016 0.0795 0.1750 0.0659 0.0782
134 0.1115 0.3628 0.4309 0.0869 0.0078
135 0.3738 0.3457 0.1464 0.0731 0.0610
136 0.0801 0.0788 0.3879 0.4465 0.0065
137 0.1377 0.1897 0.5752 0.0703 0.0271
138 0.1980 0.1239 0.6099 0.0599 0.0081
139 0.1093 0.2313 0.5635 0.0763 0.0196
140 0.1631 0.1461 0.3452 0.1580 0.1876
141 0.1249 0.4097 0.3909 0.0435 0.0309
142 0.1936 0.3879 0.3879 0.0145 0.0159
143 0.2098 0.0592 0.1941 0.3301 0.2067
144 0.1915 0.0428 0.3311 0.3992 0.0354
145 0.1267 0.5903 0.1328 0.0850 0.0652
146 0.1992 0.3782 0.3442 0.0668 0.0116
147 0.1748 0.4751 0.3020 0.0344 0.0135
148 0.1575 0.4246 0.1914 0.2006 0.0261
149 0.3328 0.3628 0.2737 0.0046 0.0261
150 0.1874 0.3845 0.4028 0.0101 0.0153
151 0.3884 0.4006 0.1545 0.0125 0.0439
152 0.4417 0.4595 0.0612 0.0046 0.0330
153 0.1257 0.5908 0.2350 0.0205 0.0281
154 0.2067 0.3516 0.4175 0.0121 0.0119
155 0.1065 0.4626 0.3230 0.0688 0.0392
156 0.1151 0.6992 0.1141 0.0298 0.0417
157 0.3972 0.4431 0.0996 0.0187 0.0415
158 0.2791 0.5815 0.0769 0.0089 0.0537
159 0.0629 0.2908 0.6157 0.0116 0.0187
160 0.0884 0.7119 0.1626 0.0205 0.0166
161 0.2111 0.1833 0.3425 0.0880 0.1749
162 0.1758 0.4250 0.3416 0.0366 0.0213
163 0.2883 0.2142 0.2710 0.1951 0.0314
164 0.1533 0.5923 0.2249 0.0139 0.0154
165 0.0974 0.1069 0.4297 0.1395 0.2264
166 0.3086 0.1664 0.4087 0.0837 0.0328
167 0.1217 0.1346 0.5991 0.1316 0.0130
168 0.2878 0.1565 0.4822 0.0608 0.0125
169 0.2040 0.1296 0.5376 0.0678 0.0612
170 0.1218 0.1237 0.1626 0.1600 0.4319
171 0.4436 0.2338 0.2468 0.0419 0.0339
172 0.3792 0.1819 0.3293 0.0894 0.0202
173 0.1599 0.5161 0.2119 0.0970 0.0148
174 0.2026 0.3237 0.4290 0.0290 0.0157
175 0.1262 0.6021 0.1808 0.0828 0.0085
176 0.1732 0.4600 0.3262 0.0392 0.0015
177 0.1364 0.2649 0.2649 0.3196 0.0140
178 0.5093 0.3040 0.1093 0.0603 0.0173
179 0.4929 0.0715 0.2402 0.1899 0.0054
180 0.6909 0.0524 0.2242 0.0104 0.0222
181 0.3313 0.2190 0.3967 0.0272 0.0258
182 0.2181 0.4138 0.3486 0.0083 0.0110
183 0.1167 0.6611 0.1510 0.0560 0.0152
184 0.1913 0.1008 0.2382 0.2871 0.1826
185 0.5908 0.1011 0.1859 0.1136 0.0086
186 0.3362 0.0320 0.4524 0.1677 0.0115
187 0.3096 0.0237 0.4646 0.1764 0.0258
188 0.1731 0.4185 0.3811 0.0124 0.0149
189 0.2651 0.3796 0.2981 0.0364 0.0209
190 0.0456 0.3818 0.5557 0.0109 0.0063
191 0.3145 0.1805 0.3293 0.1462 0.0295
192 0.1027 0.1964 0.6440 0.0545 0.0026
193 0.0990 0.1954 0.6211 0.0796 0.0051
194 0.1185 0.5610 0.2957 0.0111 0.0135
195 0.0533 0.6440 0.2903 0.0080 0.0045
196 0.2610 0.3738 0.2413 0.0314 0.0923
197 0.0313 0.0229 0.3311 0.6089 0.0059
198 0.1204 0.0502 0.4949 0.3296 0.0050
199 0.0671 0.1335 0.6172 0.1797 0.0023
200 0.2031 0.3679 0.2375 0.0802 0.1113
201 0.1517 0.1267 0.6289 0.0899 0.0029
202 0.0218 0.0451 0.8779 0.0511 0.0042
203 0.0759 0.1632 0.7314 0.0233 0.0064
204 0.2754 0.0944 0.5874 0.0391 0.0034
205 0.1545 0.1510 0.6714 0.0211 0.0022
206 0.2152 0.3308 0.4248 0.0092 0.0200
207 0.1104 0.1140 0.3511 0.3916 0.0332
208 0.1774 0.1565 0.3813 0.2041 0.0806
209 0.2412 0.0967 0.3298 0.3049 0.0273
210 0.4546 0.0645 0.2551 0.0676 0.1583
211 0.4949 0.1396 0.2096 0.0600 0.0959
212 0.2228 0.3733 0.1580 0.0231 0.2228
213 0.4182 0.3132 0.1855 0.0588 0.0243
214 0.4219 0.0775 0.0366 0.0287 0.4353
215 0.4011 0.2822 0.1895 0.0130 0.1141
216 0.0765 0.2230 0.2161 0.4297 0.0547
217 0.3015 0.1829 0.3110 0.1307 0.0739
218 0.2842 0.1805 0.4038 0.0436 0.0880
219 0.3135 0.1626 0.1066 0.0272 0.3901
220 0.0718 0.0534 0.3071 0.0286 0.5391
221 0.1571 0.1063 0.4204 0.2800 0.0359
222 0.1423 0.4851 0.2537 0.0240 0.0948
223 0.4617 0.0582 0.1621 0.2048 0.1132
224 0.1820 0.1046 0.0853 0.5396 0.0887
225 0.2144 0.1384 0.1921 0.4131 0.0419
226 0.4121 0.1772 0.2155 0.0667 0.1287
227 0.3376 0.1821 0.2842 0.1322 0.0639
228 0.3027 0.0635 0.2285 0.3484 0.0569
229 0.1364 0.1113 0.5146 0.1522 0.0853
230 0.1656 0.2688 0.2109 0.3242 0.0304
231 0.3218 0.1212 0.1484 0.2505 0.1581
232 0.1672 0.3174 0.4763 0.0130 0.0260
233 0.2448 0.0701 0.1231 0.3911 0.1709
234 0.2959 0.0797 0.1740 0.2935 0.1571
235 0.2433 0.2693 0.2778 0.0834 0.1262
236 0.1554 0.4675 0.3264 0.0227 0.0279
237 0.4426 0.3042 0.2026 0.0091 0.0412
238 0.3203 0.1215 0.1825 0.3127 0.0630
239 0.0995 0.7412 0.0950 0.0609 0.0032
240 0.6406 0.0860 0.0748 0.0601 0.1385
241 0.3113 0.0706 0.1934 0.2190 0.2058
242 0.1029 0.6816 0.1864 0.0228 0.0063
243 0.2031 0.0730 0.1658 0.4368 0.1213
244 0.2191 0.0858 0.1460 0.4639 0.0851
245 0.2330 0.1002 0.4670 0.1338 0.0657
246 0.0693 0.1466 0.4243 0.3462 0.0135
247 0.0504 0.3755 0.5293 0.0384 0.0063
248 0.4900 0.0906 0.3699 0.0485 0.0009
249 0.0497 0.4790 0.3848 0.0497 0.0369
250 0.0414 0.3154 0.6079 0.0245 0.0105
251 0.0753 0.1984 0.6606 0.0649 0.0010
252 0.0604 0.0478 0.7959 0.0928 0.0033
253 0.0939 0.2034 0.6772 0.0168 0.0086
254 0.0484 0.1992 0.5947 0.1504 0.0074
255 0.0110 0.6265 0.3459 0.0135 0.0028
256 0.0591 0.3022 0.5649 0.0685 0.0053
257 0.1606 0.1203 0.1013 0.6064 0.0114
258 0.0466 0.1757 0.4314 0.3413 0.0049
259 0.0986 0.1091 0.3635 0.4248 0.0040
260 0.2976 0.2013 0.4607 0.0323 0.0081
261 0.4341 0.3125 0.1910 0.0397 0.0226
262 0.0652 0.1903 0.5771 0.1615 0.0057
263 0.0704 0.0570 0.2037 0.6577 0.0111
264 0.2312 0.0452 0.2277 0.4895 0.0064
265 0.1093 0.3997 0.4124 0.0576 0.0212
266 0.1692 0.1163 0.5547 0.1392 0.0205
267 0.0453 0.0572 0.8677 0.0268 0.0029
268 0.0558 0.0355 0.7349 0.1678 0.0057
269 0.0594 0.0484 0.8320 0.0549 0.0052
270 0.0789 0.0397 0.7666 0.1071 0.0079
271 0.0502 0.0486 0.8164 0.0784 0.0062
272 0.0969 0.0433 0.5400 0.3079 0.0119
