time exciting_prob fearful_prob tense_prob sad_prob relaxing_prob
0 0.2037 0.2830 0.2496 0.2310 0.0327
1 0.2037 0.2830 0.2496 0.2310 0.0327
2 0.0328 0.4192 0.2389 0.2351 0.0740
3 0.0290 0.5923 0.1779 0.1570 0.0436
4 0.1068 0.3904 0.3965 0.0831 0.0231
5 0.1012 0.1920 0.6299 0.0533 0.0237
6 0.1415 0.1210 0.4824 0.1949 0.0599
7 0.1246 0.0817 0.5762 0.1901 0.0272
8 0.0430 0.0815 0.4844 0.3655 0.0257
9 0.0363 0.1904 0.3613 0.4031 0.0089
10 0.0756 0.0767 0.6733 0.1625 0.0118
11 0.0170 0.2913 0.6772 0.0034 0.0112
12 0.0310 0.0843 0.6948 0.1677 0.0220
13 0.0416 0.3948 0.5396 0.0230 0.0013
14 0.0834 0.3855 0.4436 0.0735 0.0139
15 0.1233 0.0960 0.4043 0.2130 0.1633
16 0.0773 0.1454 0.5576 0.1151 0.1047
17 0.1076 0.1042 0.4673 0.3113 0.0096
18 0.0649 0.1938 0.6665 0.0649 0.0099
19 0.0244 0.1544 0.7837 0.0244 0.0129
20 0.0398 0.2617 0.6084 0.0693 0.0207
21 0.1587 0.0715 0.4246 0.3359 0.0092
22 0.0289 0.1127 0.6689 0.1801 0.0092
23 0.0337 0.1409 0.6021 0.2181 0.0051
24 0.0201 0.1460 0.6963 0.0781 0.0594
25 0.0873 0.1270 0.3733 0.4036 0.0091
26 0.0637 0.1288 0.7070 0.0871 0.0135
27 0.0635 0.2756 0.6118 0.0362 0.0128
28 0.0917 0.1039 0.7676 0.0327 0.0040
29 0.0546 0.1249 0.6245 0.0701 0.1259
30 0.0932 0.2004 0.6079 0.0932 0.0054
31 0.3169 0.1029 0.4136 0.1322 0.0345
32 0.0195 0.1512 0.7104 0.0687 0.0499
33 0.0203 0.1622 0.7158 0.0583 0.0436
34 0.0350 0.1694 0.1981 0.0244 0.5732
35 0.1954 0.0551 0.5312 0.2017 0.0163
36 0.0235 0.0534 0.7485 0.1061 0.0685
37 0.0626 0.1189 0.6426 0.1049 0.0710
38 0.0157 0.1231 0.8281 0.0182 0.0147
39 0.0138 0.1580 0.7896 0.0202 0.0183
40 0.0042 0.0503 0.9351 0.0063 0.0043
41 0.0078 0.0414 0.9424 0.0030 0.0053
42 0.0052 0.0401 0.9409 0.0106 0.0033
43 0.0402 0.2244 0.2175 0.0276 0.4902
44 0.0365 0.1323 0.1431 0.2473 0.4409
45 0.0992 0.2151 0.6128 0.0177 0.0552
46 0.0413 0.1373 0.6255 0.0649 0.1311
47 0.0237 0.1299 0.7358 0.1077 0.0033
48 0.0221 0.3853 0.2449 0.2062 0.1417
49 0.0500 0.1001 0.0970 0.0897 0.6631
50 0.0158 0.0602 0.0917 0.0145 0.8179
51 0.0068 0.1600 0.8003 0.0220 0.0110
52 0.0174 0.2192 0.7188 0.0169 0.0275
53 0.0390 0.2976 0.6396 0.0034 0.0204
54 0.0156 0.1703 0.2402 0.1390 0.4348
55 0.0446 0.1418 0.0747 0.0410 0.6978
56 0.0494 0.0578 0.0587 0.0235 0.8105
57 0.0464 0.2627 0.5830 0.0464 0.0615
58 0.0168 0.3049 0.5352 0.0498 0.0930
59 0.0608 0.1360 0.3696 0.0812 0.3525
60 0.0275 0.0712 0.3506 0.0326 0.5181
61 0.0208 0.0343 0.1622 0.0666 0.7158
62 0.0467 0.1790 0.5259 0.1761 0.0723
63 0.0750 0.0824 0.1126 0.0612 0.6689
64 0.0804 0.0721 0.0721 0.0245 0.7510
65 0.0505 0.0653 0.1416 0.0347 0.7080
66 0.0206 0.0731 0.2673 0.0552 0.5840
67 0.0184 0.0555 0.1086 0.0270 0.7905
68 0.0394 0.2568 0.4170 0.0990 0.1879
69 0.0331 0.1788 0.1788 0.5864 0.0231
70 0.0832 0.2244 0.1890 0.3816 0.1219
71 0.0345 0.1672 0.3027 0.4475 0.0479
72 0.0158 0.4519 0.4812 0.0289 0.0222
73 0.0205 0.2876 0.1403 0.5127 0.0386
74 0.0348 0.5405 0.3127 0.0953 0.0168
75 0.0146 0.3167 0.3069 0.2625 0.0996
76 0.0182 0.1851 0.6768 0.0162 0.1038
77 0.0344 0.1759 0.4561 0.0818 0.2520
78 0.0104 0.2913 0.0583 0.6167 0.0232
79 0.0342 0.3318 0.1617 0.2013 0.2710
80 0.0101 0.0983 0.8491 0.0340 0.0083
81 0.0322 0.2032 0.3457 0.0273 0.3916
82 0.0433 0.2673 0.5400 0.0109 0.1387
83 0.0513 0.2301 0.2954 0.0193 0.4038
84 0.0547 0.1584 0.6777 0.0277 0.0815
85 0.0533 0.7075 0.2158 0.0097 0.0136
86 0.0172 0.1488 0.8047 0.0198 0.0094
87 0.0252 0.2502 0.6387 0.0508 0.0349
88 0.0648 0.4192 0.4824 0.0276 0.0058
89 0.0405 0.4524 0.4890 0.0113 0.0068
90 0.0736 0.1375 0.7549 0.0063 0.0275
91 0.1068 0.2059 0.4788 0.1299 0.0787
92 0.0804 0.2222 0.5947 0.0780 0.0247
93 0.0458 0.2637 0.2598 0.2220 0.2086
94 0.0916 0.2065 0.3379 0.1409 0.2233
95 0.0374 0.3057 0.4519 0.0817 0.1235
96 0.0633 0.2333 0.5259 0.0361 0.1415
97 0.0142 0.2460 0.5630 0.1744 0.0024
98 0.0660 0.1622 0.6621 0.0731 0.0368
99 0.1429 0.4011 0.4270 0.0091 0.0200
100 0.0327 0.4141 0.3030 0.0635 0.1866
101 0.0068 0.6582 0.1857 0.1469 0.0022
102 0.0334 0.2000 0.7202 0.0256 0.0208
103 0.0617 0.3037 0.5854 0.0380 0.0108
104 0.0387 0.1329 0.1707 0.0623 0.5957
105 0.0390 0.4363 0.3850 0.0513 0.0886
106 0.0492 0.4089 0.4353 0.0418 0.0647
107 0.0037 0.0493 0.9312 0.0141 0.0017
108 0.0203 0.2893 0.3127 0.3225 0.0552
109 0.0306 0.2524 0.5869 0.1069 0.0228
110 0.0212 0.2384 0.5371 0.1857 0.0174
111 0.0075 0.1382 0.8208 0.0215 0.0120
112 0.0185 0.1744 0.4055 0.1516 0.2499
113 0.0123 0.0696 0.8882 0.0281 0.0018
114 0.0537 0.1603 0.4155 0.3289 0.0418
115 0.0972 0.2561 0.3394 0.0512 0.2561
116 0.0210 0.3840 0.1208 0.3899 0.0844
117 0.0258 0.4204 0.1407 0.3376 0.0754
118 0.0237 0.1672 0.7617 0.0151 0.0324
119 0.0156 0.1226 0.7627 0.0109 0.0883
120 0.0499 0.1152 0.5537 0.0194 0.2617
121 0.0427 0.1537 0.6177 0.0118 0.1742
122 0.0632 0.1962 0.5762 0.0274 0.1370
123 0.0590 0.1426 0.6699 0.0104 0.1182
124 0.0071 0.3401 0.6353 0.0061 0.0112
125 0.0111 0.2260 0.7407 0.0065 0.0157
126 0.0085 0.1204 0.8491 0.0058 0.0161
127 0.0812 0.2539 0.3872 0.0196 0.2581
128 0.0544 0.2920 0.3577 0.0343 0.2617
129 0.0511 0.1868 0.2761 0.0310 0.4551
130 0.0427 0.0499 0.1422 0.0086 0.7568
131 0.0410 0.0869 0.2893 0.0073 0.5752
132 0.0883 0.0773 0.3894 0.0171 0.4277
133 0.0602 0.1743 0.5122 0.0257 0.2274
134 0.0698 0.2272 0.5039 0.0327 0.1663
135 0.1083 0.1758 0.4705 0.0927 0.1527
136 0.0366 0.1917 0.5635 0.1829 0.0255
137 0.0528 0.1285 0.5327 0.2598 0.0261
138 0.1136 0.1051 0.2769 0.0757 0.4287
139 0.1094 0.1846 0.3396 0.0215 0.3450
140 0.1219 0.2139 0.3813 0.0168 0.2661
141 0.0590 0.0872 0.5962 0.2228 0.0350
142 0.0555 0.1737 0.5269 0.2302 0.0136
143 0.2815 0.0832 0.1733 0.4292 0.0328
144 0.0352 0.6851 0.2122 0.0576 0.0101
145 0.1581 0.1139 0.4165 0.1509 0.1606
146 0.1913 0.4380 0.2134 0.0269 0.1305
147 0.1799 0.1306 0.0688 0.0116 0.6089
148 0.1328 0.3088 0.1414 0.0326 0.3843
149 0.0508 0.2157 0.1155 0.0757 0.5425
150 0.1133 0.2805 0.4082 0.1525 0.0454
151 0.0191 0.3892 0.2289 0.1304 0.2324
152 0.0446 0.4106 0.4370 0.0809 0.0269
153 0.1317 0.3552 0.3335 0.1091 0.0705
154 0.1353 0.2930 0.3882 0.0304 0.1532
155 0.0245 0.7329 0.1882 0.0236 0.0307
156 0.0489 0.5303 0.3423 0.0614 0.0173
157 0.1064 0.1324 0.4998 0.0430 0.2184
158 0.0765 0.1168 0.3711 0.0345 0.4011
159 0.1599 0.1841 0.1550 0.0083 0.4927
160 0.1919 0.3091 0.1482 0.0220 0.3289
161 0.1473 0.3792 0.1605 0.0486 0.2646
162 0.1262 0.2888 0.5229 0.0373 0.0245
163 0.1173 0.5176 0.3342 0.0256 0.0055
164 0.2744 0.3750 0.1827 0.1337 0.0341
165 0.0895 0.2673 0.5659 0.0454 0.0317
166 0.0768 0.2439 0.6133 0.0343 0.0317
167 0.0568 0.1567 0.6201 0.0826 0.0839
168 0.1081 0.1245 0.6421 0.0791 0.0465
169 0.0637 0.3286 0.3665 0.1931 0.0481
170 0.0550 0.0764 0.7358 0.1111 0.0219
171 0.0848 0.1177 0.5273 0.1941 0.0760
172 0.0541 0.2791 0.4189 0.1979 0.0500
173 0.0759 0.1292 0.2866 0.4875 0.0208
174 0.0586 0.2246 0.3423 0.3533 0.0212
175 0.1654 0.2483 0.4031 0.1578 0.0254
176 0.2035 0.3103 0.4048 0.0588 0.0227
177 0.1796 0.0671 0.2654 0.4585 0.0293
178 0.1578 0.1506 0.2815 0.2771 0.1329
179 0.2249 0.2507 0.3025 0.1923 0.0295
180 0.1126 0.3208 0.3809 0.1664 0.0194
181 0.1405 0.2317 0.4397 0.1520 0.0361
182 0.2783 0.1399 0.3518 0.1586 0.0715
183 0.2231 0.2266 0.3796 0.1038 0.0670
184 0.1986 0.2251 0.4014 0.1293 0.0457
185 0.1758 0.1626 0.5249 0.0857 0.0511
186 0.0357 0.3184 0.3665 0.2024 0.0768
187 0.0406 0.1765 0.6455 0.0506 0.0867
188 0.0018 0.0339 0.9604 0.0024 0.0016
189 0.0271 0.1030 0.8232 0.0332 0.0135
190 0.0459 0.2900 0.6045 0.0536 0.0062
191 0.0380 0.0617 0.5161 0.3662 0.0179
192 0.0999 0.1548 0.4409 0.2937 0.0109
193 0.1361 0.3940 0.3267 0.1202 0.0231
194 0.1366 0.5664 0.0709 0.1597 0.0666
195 0.1247 0.2832 0.3933 0.0386 0.1602
196 0.1000 0.6323 0.1869 0.0184 0.0626
197 0.0807 0.4504 0.3120 0.0316 0.1251
198 0.1031 0.3713 0.3772 0.1031 0.0450
199 0.1129 0.5103 0.2487 0.0908 0.0375
200 0.0887 0.3647 0.2930 0.2355 0.0182
201 0.0203 0.5190 0.4109 0.0447 0.0050
202 0.0256 0.2413 0.7095 0.0071 0.0167
203 0.0469 0.6738 0.2153 0.0469 0.0173
204 0.1086 0.3047 0.4067 0.1260 0.0542
205 0.1608 0.4651 0.2671 0.0605 0.0464
206 0.1138 0.5425 0.2371 0.0958 0.0107
207 0.1731 0.5542 0.1871 0.0677 0.0177
208 0.1000 0.0779 0.5488 0.2634 0.0098
209 0.2124 0.0316 0.2644 0.3848 0.1068
210 0.0793 0.0871 0.4636 0.1705 0.1993
211 0.0300 0.2134 0.6470 0.0495 0.0602
212 0.0413 0.1986 0.6509 0.0655 0.0436
213 0.1041 0.3208 0.4055 0.1041 0.0657
214 0.0133 0.4851 0.2852 0.2086 0.0076
215 0.0479 0.1409 0.4841 0.0286 0.2983
216 0.0545 0.1426 0.6001 0.0110 0.1918
217 0.0392 0.1326 0.7056 0.0092 0.1134
218 0.0338 0.6567 0.1466 0.1399 0.0230
219 0.0090 0.6113 0.1924 0.1547 0.0324
220 0.1032 0.4590 0.3206 0.0289 0.0883
221 0.1132 0.1168 0.2396 0.1925 0.3379
222 0.0867 0.1157 0.2412 0.2957 0.2607
223 0.0764 0.2815 0.0872 0.3394 0.2157
224 0.0563 0.1270 0.1438 0.6445 0.0283
225 0.0448 0.0948 0.1886 0.6089 0.0632
226 0.0828 0.2050 0.0903 0.4995 0.1224
227 0.0230 0.7051 0.2052 0.0374 0.0291
228 0.0528 0.0607 0.0830 0.1083 0.6953
229 0.0398 0.3311 0.1915 0.2240 0.2137
230 0.0630 0.1444 0.3357 0.1315 0.3254
231 0.0446 0.3430 0.2081 0.2471 0.1571
232 0.0737 0.2495 0.3518 0.2134 0.1116
233 0.0250 0.1683 0.1292 0.5786 0.0990
234 0.0274 0.4976 0.2542 0.0892 0.1318
235 0.0419 0.0952 0.1223 0.0998 0.6406
236 0.0349 0.0851 0.1218 0.0994 0.6587
237 0.0292 0.2141 0.2749 0.1980 0.2837
238 0.0442 0.1831 0.3115 0.2971 0.1641
239 0.0038 0.1884 0.7686 0.0389 0.0004
240 0.0107 0.4517 0.3984 0.1335 0.0057
241 0.0077 0.4924 0.4277 0.0656 0.0064
242 0.0605 0.1166 0.5479 0.0827 0.1923
243 0.0181 0.3606 0.4778 0.0227 0.1208
244 0.0238 0.1589 0.1917 0.0964 0.5293
245 0.0597 0.0636 0.3660 0.1929 0.3179
246 0.0356 0.2196 0.6660 0.0610 0.0180
247 0.0403 0.4294 0.4944 0.0292 0.0067
248 0.0659 0.2266 0.5269 0.0098 0.1710
249 0.0217 0.2600 0.6436 0.0124 0.0627
250 0.0148 0.3198 0.6460 0.0105 0.0090
251 0.0198 0.6816 0.2356 0.0471 0.0159
252 0.0063 0.2500 0.6387 0.1042 0.0009
253 0.0346 0.4636 0.3904 0.0173 0.0942
254 0.0344 0.4678 0.4326 0.0100 0.0550
255 0.0702 0.0446 0.3853 0.4795 0.0204
256 0.0604 0.0313 0.2388 0.6392 0.0304
257 0.1202 0.0517 0.3586 0.4465 0.0229
258 0.1194 0.0784 0.3247 0.3979 0.0796
259 0.0618 0.1874 0.4426 0.2483 0.0599
260 0.0813 0.1240 0.4326 0.2793 0.0826
261 0.0894 0.1301 0.4541 0.2886 0.0379
262 0.1099 0.1783 0.1478 0.5322 0.0315
263 0.2037 0.2830 0.2496 0.2310 0.0327
