time exciting_prob fearful_prob tense_prob sad_prob relaxing_prob
0 0.2037 0.2830 0.2496 0.2310 0.0327
1 0.1327 0.2401 0.5244 0.0732 0.0294
2 0.7637 0.1171 0.0459 0.0608 0.0125
3 0.8989 0.0511 0.0111 0.0143 0.0247
4 0.9048 0.0666 0.0122 0.0052 0.0113
5 0.1141 0.0322 0.3408 0.4807 0.0322
6 0.2100 0.0848 0.3743 0.2959 0.0351
7 0.2754 0.4006 0.1750 0.1301 0.0187
8 0.1022 0.1442 0.3569 0.3799 0.0170
9 0.2974 0.3616 0.0746 0.1279 0.1383
10 0.2532 0.1766 0.3625 0.1699 0.0379
11 0.0765 0.4724 0.0840 0.1385 0.2284
12 0.0354 0.1769 0.1024 0.6470 0.0383
13 0.0793 0.0818 0.2123 0.5952 0.0311
14 0.7080 0.0555 0.0581 0.1508 0.0275
15 0.7202 0.0416 0.0620 0.1533 0.0230
16 0.4529 0.0231 0.0571 0.2925 0.1746
17 0.1300 0.1077 0.4004 0.3372 0.0248
18 0.3137 0.0935 0.3474 0.2208 0.0246
19 0.3613 0.0497 0.3845 0.0942 0.1102
20 0.0994 0.5498 0.1758 0.1652 0.0098
21 0.1340 0.1803 0.3818 0.2583 0.0456
22 0.1290 0.0412 0.1311 0.5967 0.1021
23 0.0872 0.0358 0.1680 0.6855 0.0238
24 0.0822 0.1442 0.1633 0.5615 0.0490
25 0.7407 0.0462 0.0459 0.0979 0.0694
26 0.7080 0.0396 0.0248 0.1174 0.1103
27 0.7017 0.0580 0.0381 0.0995 0.1027
28 0.1873 0.2900 0.1118 0.2294 0.1815
29 0.1974 0.1586 0.1422 0.3105 0.1913
30 0.2734 0.3301 0.1534 0.1376 0.1055
31 0.1456 0.1930 0.1637 0.1770 0.3206
32 0.1252 0.1584 0.3054 0.2200 0.1910
33 0.1519 0.3613 0.2059 0.1996 0.0813
34 0.1764 0.3914 0.2607 0.0820 0.0894
35 0.2336 0.4099 0.1967 0.0944 0.0654
36 0.0997 0.4988 0.2932 0.0853 0.0231
37 0.1794 0.2651 0.3569 0.1355 0.0630
38 0.3081 0.3601 0.2476 0.0330 0.0511
39 0.1759 0.5254 0.2443 0.0352 0.0194
40 0.1555 0.1531 0.2484 0.0701 0.3730
41 0.1117 0.2440 0.3662 0.0627 0.2153
42 0.1853 0.0848 0.1197 0.1294 0.4807
43 0.2205 0.5044 0.1357 0.0536 0.0856
44 0.2505 0.4753 0.1617 0.0396 0.0729
45 0.2744 0.2136 0.2072 0.1359 0.1691
46 0.2715 0.2083 0.1548 0.2781 0.0875
47 0.0950 0.1654 0.1628 0.5596 0.0170
48 0.3057 0.2218 0.1215 0.2871 0.0640
49 0.1559 0.2737 0.2737 0.2778 0.0191
50 0.1542 0.1085 0.0988 0.5728 0.0658
51 0.1506 0.2175 0.0928 0.4534 0.0858
52 0.4629 0.0804 0.0715 0.1469 0.2383
53 0.3884 0.0795 0.0573 0.1908 0.2842
54 0.3228 0.0984 0.0621 0.2593 0.2573
55 0.3142 0.0723 0.0581 0.2389 0.3167
56 0.0682 0.5039 0.3303 0.0917 0.0058
57 0.0366 0.3440 0.5083 0.1049 0.0061
58 0.0374 0.2480 0.6533 0.0580 0.0031
59 0.0647 0.0204 0.0768 0.0618 0.7764
60 0.0616 0.0147 0.0809 0.0630 0.7798
61 0.0455 0.0156 0.0812 0.1110 0.7466
62 0.0492 0.0141 0.0632 0.1614 0.7119
63 0.1470 0.2661 0.2578 0.1665 0.1626
64 0.1207 0.3464 0.3206 0.1663 0.0462
65 0.0877 0.1665 0.2966 0.3311 0.1180
66 0.0766 0.4917 0.1234 0.1896 0.1187
67 0.0799 0.3210 0.2073 0.2922 0.0994
68 0.0914 0.0623 0.1035 0.0935 0.6494
69 0.1635 0.1477 0.1597 0.0848 0.4443
70 0.1664 0.1066 0.5044 0.1226 0.1001
71 0.3413 0.1743 0.1082 0.2186 0.1575
72 0.2986 0.1399 0.0461 0.3545 0.1610
73 0.1192 0.1506 0.0599 0.5513 0.1192
74 0.1879 0.3123 0.2607 0.1312 0.1079
75 0.0492 0.0756 0.7061 0.1370 0.0320
76 0.1564 0.2700 0.3960 0.1041 0.0733
77 0.1499 0.0983 0.4583 0.2415 0.0522
78 0.0788 0.1450 0.5142 0.2544 0.0079
79 0.2253 0.0743 0.2437 0.0732 0.3833
80 0.0745 0.1348 0.4631 0.2520 0.0756
81 0.2118 0.0225 0.0330 0.3835 0.3491
82 0.1130 0.0233 0.0403 0.2842 0.5391
83 0.1088 0.2147 0.0312 0.4404 0.2048
84 0.0944 0.0696 0.6553 0.1395 0.0412
85 0.2891 0.1674 0.2983 0.1781 0.0671
86 0.1353 0.1908 0.3735 0.2908 0.0097
87 0.2372 0.0237 0.0475 0.4229 0.2688
88 0.0509 0.0112 0.0585 0.0839 0.7954
89 0.0290 0.0633 0.2012 0.6006 0.1060
90 0.4783 0.0763 0.0378 0.3904 0.0172
91 0.2524 0.1340 0.5176 0.0633 0.0326
92 0.2268 0.2651 0.3857 0.0645 0.0578
93 0.1362 0.0789 0.3940 0.3167 0.0740
94 0.1018 0.2500 0.3469 0.2788 0.0224
95 0.0669 0.0231 0.2563 0.6147 0.0387
96 0.1648 0.1206 0.0651 0.5752 0.0743
97 0.1333 0.0736 0.0629 0.6982 0.0319
98 0.1169 0.0354 0.0677 0.7627 0.0175
99 0.3430 0.1621 0.0218 0.3652 0.1080
100 0.3516 0.2959 0.0168 0.1431 0.1926
101 0.3130 0.2849 0.0241 0.2593 0.1188
102 0.2334 0.5020 0.0521 0.2059 0.0066
103 0.3557 0.3787 0.0456 0.2026 0.0176
104 0.3247 0.1658 0.1038 0.3796 0.0262
105 0.2798 0.0997 0.1923 0.3706 0.0577
106 0.3496 0.3286 0.0512 0.1614 0.1092
107 0.4141 0.3379 0.0881 0.0875 0.0725
108 0.2927 0.0764 0.0734 0.4978 0.0599
109 0.4146 0.2380 0.0253 0.1898 0.1324
110 0.3662 0.1960 0.0756 0.2598 0.1025
111 0.5342 0.1174 0.0238 0.1748 0.1495
112 0.3787 0.2465 0.0935 0.2445 0.0369
113 0.2155 0.0452 0.0492 0.6743 0.0159
114 0.1278 0.0580 0.0920 0.0525 0.6694
115 0.1403 0.1858 0.2993 0.0825 0.2922
116 0.2404 0.1172 0.1100 0.0580 0.4744
117 0.0357 0.0253 0.2939 0.6323 0.0126
118 0.0668 0.0372 0.0222 0.0339 0.8398
119 0.0827 0.1104 0.7544 0.0494 0.0030
120 0.3179 0.0592 0.0472 0.5488 0.0267
121 0.0732 0.0098 0.0094 0.0223 0.8853
122 0.0398 0.0488 0.3606 0.5332 0.0177
123 0.2104 0.0781 0.0431 0.1829 0.4856
124 0.1371 0.0384 0.0168 0.1172 0.6904
125 0.0521 0.0326 0.0316 0.1240 0.7598
126 0.1333 0.0592 0.6665 0.1088 0.0322
127 0.1152 0.0830 0.3899 0.3779 0.0341
128 0.1649 0.1284 0.4177 0.2593 0.0296
129 0.1758 0.1041 0.3960 0.2966 0.0276
130 0.0788 0.3215 0.5020 0.0493 0.0486
131 0.0546 0.1289 0.4753 0.2998 0.0415
132 0.1052 0.0973 0.6753 0.1111 0.0113
133 0.3884 0.2095 0.0880 0.2301 0.0840
134 0.3145 0.2469 0.1261 0.2412 0.0713
135 0.1102 0.0690 0.5342 0.2603 0.0264
136 0.0886 0.0638 0.4980 0.3477 0.0018
137 0.2208 0.2749 0.1774 0.2834 0.0435
138 0.0113 0.1340 0.5645 0.2883 0.0018
139 0.1329 0.1654 0.2296 0.4495 0.0226
140 0.3389 0.2422 0.1588 0.1316 0.1285
141 0.4390 0.1678 0.0071 0.0496 0.3364
142 0.3560 0.0453 0.0099 0.0907 0.4980
143 0.0658 0.0541 0.2261 0.5864 0.0679
144 0.0141 0.0613 0.4895 0.4124 0.0227
145 0.0847 0.0180 0.0071 0.0413 0.8486
146 0.0358 0.0885 0.5952 0.2725 0.0078
147 0.4878 0.1006 0.0353 0.2164 0.1597
148 0.3188 0.0695 0.0757 0.4426 0.0935
149 0.4390 0.2074 0.1371 0.1415 0.0751
150 0.3984 0.0548 0.3923 0.1421 0.0122
151 0.2898 0.2103 0.2383 0.2556 0.0060
152 0.1151 0.0194 0.0507 0.0407 0.7744
153 0.1047 0.0417 0.0388 0.0413 0.7734
154 0.0816 0.6030 0.2218 0.0754 0.0183
155 0.1582 0.3430 0.3484 0.1343 0.0163
156 0.2037 0.2345 0.3157 0.2135 0.0325
157 0.1108 0.1246 0.5762 0.1188 0.0699
158 0.0610 0.0277 0.0348 0.0406 0.8359
159 0.1077 0.1299 0.3613 0.3091 0.0921
160 0.3291 0.0690 0.1221 0.1681 0.3118
161 0.1644 0.0290 0.6108 0.1696 0.0262
162 0.1716 0.1316 0.4385 0.2054 0.0528
163 0.2349 0.0220 0.3752 0.3638 0.0043
164 0.1307 0.3694 0.2258 0.1829 0.0912
165 0.0885 0.2332 0.2225 0.4028 0.0529
166 0.1188 0.0570 0.3179 0.2168 0.2896
167 0.3071 0.1908 0.1451 0.3169 0.0400
168 0.5366 0.1637 0.1065 0.1688 0.0243
169 0.4011 0.1699 0.1431 0.2715 0.0144
170 0.5000 0.3081 0.0365 0.0327 0.1226
171 0.1260 0.2078 0.4197 0.1300 0.1165
172 0.2295 0.3391 0.2057 0.0885 0.1371
173 0.1609 0.5312 0.0754 0.0472 0.1851
174 0.0470 0.6289 0.1948 0.1239 0.0052
175 0.0470 0.5996 0.1978 0.1541 0.0015
176 0.0484 0.6128 0.2085 0.1284 0.0020
177 0.3892 0.0748 0.0682 0.4275 0.0404
178 0.2200 0.0216 0.1273 0.6074 0.0237
179 0.1318 0.1415 0.2278 0.4785 0.0204
180 0.1181 0.1665 0.1237 0.3811 0.2104
181 0.3003 0.1021 0.2231 0.3621 0.0125
182 0.3347 0.2649 0.0685 0.2798 0.0522
183 0.3850 0.2194 0.2194 0.1472 0.0292
184 0.4143 0.3176 0.0954 0.1572 0.0152
185 0.3948 0.2377 0.0748 0.2032 0.0895
186 0.3730 0.1818 0.1270 0.2998 0.0184
187 0.0774 0.2240 0.5718 0.1218 0.0051
188 0.1758 0.3335 0.2222 0.2517 0.0169
189 0.2184 0.1478 0.4277 0.1989 0.0073
190 0.0420 0.0828 0.4204 0.4475 0.0074
191 0.0850 0.2457 0.4451 0.2169 0.0074
192 0.2206 0.0948 0.2788 0.3525 0.0532
193 0.2482 0.1248 0.1459 0.4709 0.0100
194 0.1588 0.5166 0.1276 0.1564 0.0408
195 0.0674 0.0718 0.1643 0.5469 0.1495
196 0.0675 0.1046 0.4470 0.2546 0.1261
197 0.0826 0.3704 0.4397 0.0740 0.0334
198 0.1771 0.1423 0.4250 0.2072 0.0484
199 0.2155 0.2275 0.3159 0.2206 0.0205
200 0.2771 0.1935 0.1460 0.3369 0.0467
201 0.2866 0.1194 0.1582 0.4104 0.0252
202 0.1664 0.1180 0.2499 0.1691 0.2966
203 0.0779 0.3518 0.1825 0.3716 0.0161
204 0.0808 0.0796 0.4170 0.3979 0.0247
205 0.1844 0.2520 0.1963 0.2993 0.0679
206 0.1206 0.0191 0.0385 0.0773 0.7446
207 0.6016 0.0419 0.0591 0.1096 0.1879
208 0.6294 0.0435 0.0463 0.1077 0.1733
209 0.6699 0.0311 0.0328 0.1146 0.1517
210 0.2158 0.0770 0.0900 0.4863 0.1309
211 0.2267 0.0808 0.0461 0.6260 0.0208
212 0.1533 0.1054 0.1558 0.5435 0.0419
213 0.0824 0.1218 0.0934 0.5459 0.1564
214 0.1071 0.2375 0.4951 0.1333 0.0271
215 0.1815 0.1565 0.3286 0.2810 0.0524
216 0.0250 0.5913 0.2837 0.0958 0.0040
217 0.0493 0.0231 0.0328 0.0347 0.8599
218 0.0660 0.0518 0.0917 0.0289 0.7617
219 0.0389 0.1599 0.7627 0.0354 0.0031
220 0.1577 0.0380 0.6743 0.1190 0.0111
221 0.0881 0.0543 0.0265 0.8232 0.0076
222 0.1206 0.0280 0.0234 0.8115 0.0166
223 0.0623 0.4390 0.3313 0.1565 0.0107
224 0.1698 0.3918 0.0468 0.2395 0.1522
225 0.1602 0.0599 0.1459 0.6045 0.0294
226 0.2732 0.1078 0.0959 0.4792 0.0439
227 0.3667 0.0632 0.0485 0.4937 0.0278
228 0.1782 0.0210 0.0238 0.7275 0.0495
229 0.1212 0.1156 0.3047 0.3850 0.0735
230 0.0281 0.3997 0.4822 0.0763 0.0139
231 0.0392 0.2477 0.3718 0.2896 0.0519
232 0.3066 0.0222 0.1667 0.4976 0.0068
233 0.2737 0.0122 0.0203 0.6880 0.0060
234 0.2125 0.0065 0.0107 0.7656 0.0048
235 0.3252 0.0046 0.0365 0.6270 0.0070
236 0.5400 0.1523 0.2081 0.0875 0.0120
237 0.2118 0.1550 0.1367 0.3777 0.1188
238 0.1725 0.2285 0.1476 0.4011 0.0502
239 0.1725 0.2285 0.1476 0.4011 0.0502
240 0.2037 0.2830 0.2496 0.2310 0.0327
241 0.7124 0.1802 0.0558 0.0372 0.0144
242 0.7051 0.1868 0.0561 0.0371 0.0152
243 0.6646 0.2191 0.0618 0.0375 0.0173
244 0.2037 0.2830 0.2496 0.2310 0.0327
