time exciting_prob fearful_prob tense_prob sad_prob relaxing_prob
0 0.2485 0.1483 0.1461 0.3789 0.0782
1 0.2717 0.0578 0.5752 0.0815 0.0138
2 0.1198 0.1246 0.4382 0.2419 0.0756
3 0.0619 0.4397 0.4536 0.0281 0.0165
4 0.2874 0.2917 0.3440 0.0544 0.0225
5 0.2695 0.1196 0.2654 0.3152 0.0300
6 0.2460 0.2517 0.3635 0.0524 0.0864
7 0.1619 0.2246 0.4983 0.0237 0.0915
8 0.1443 0.0650 0.2737 0.4656 0.0514
9 0.1848 0.1428 0.1696 0.4868 0.0161
10 0.2820 0.0691 0.1440 0.4949 0.0103
11 0.1392 0.5010 0.3186 0.0219 0.0193
12 0.3577 0.1870 0.1008 0.1411 0.2135
13 0.2632 0.1809 0.1106 0.3459 0.0991
14 0.4524 0.1730 0.2537 0.0424 0.0786
15 0.1525 0.3411 0.3804 0.1207 0.0054
16 0.4343 0.1649 0.3032 0.0616 0.0359
17 0.3503 0.1519 0.1060 0.3291 0.0628
18 0.3301 0.2593 0.2252 0.1089 0.0766
19 0.2637 0.4519 0.2168 0.0447 0.0230
20 0.4392 0.1471 0.0906 0.1641 0.1591
21 0.3440 0.2808 0.1663 0.0308 0.1783
22 0.2220 0.1274 0.2238 0.4021 0.0247
23 0.3584 0.0711 0.1060 0.4495 0.0149
24 0.2920 0.3181 0.3108 0.0575 0.0217
25 0.3064 0.3755 0.2106 0.0831 0.0246
26 0.1838 0.2893 0.4658 0.0305 0.0305
27 0.3081 0.3306 0.2151 0.0536 0.0925
28 0.3655 0.2673 0.2695 0.0382 0.0592
29 0.2314 0.1278 0.5469 0.0643 0.0297
30 0.4153 0.1626 0.2744 0.0441 0.1034
31 0.4287 0.3445 0.1963 0.0150 0.0153
32 0.2810 0.2349 0.4561 0.0162 0.0118
33 0.0869 0.2852 0.3604 0.2401 0.0276
34 0.0284 0.5967 0.3401 0.0284 0.0065
35 0.1367 0.2698 0.3035 0.2678 0.0222
36 0.3662 0.1975 0.3157 0.0756 0.0451
37 0.2693 0.1088 0.4727 0.0938 0.0556
38 0.4041 0.0654 0.0895 0.4072 0.0337
39 0.3713 0.1648 0.3252 0.1150 0.0239
40 0.1904 0.4863 0.2334 0.0449 0.0449
41 0.0533 0.0614 0.2505 0.6299 0.0052
42 0.4697 0.0635 0.0810 0.1624 0.2235
43 0.2739 0.2380 0.3687 0.0791 0.0401
44 0.2001 0.0555 0.2197 0.4951 0.0297
45 0.1718 0.1171 0.6089 0.0612 0.0411
46 0.1981 0.2158 0.5020 0.0478 0.0363
47 0.1240 0.1340 0.4258 0.3066 0.0094
48 0.3103 0.2379 0.1853 0.2416 0.0251
49 0.1409 0.5356 0.1740 0.1334 0.0159
50 0.5010 0.1731 0.2422 0.0647 0.0191
51 0.1869 0.1715 0.2202 0.4050 0.0163
52 0.4001 0.0928 0.2771 0.1875 0.0425
53 0.1340 0.1790 0.2109 0.4607 0.0154
54 0.1750 0.2817 0.2429 0.2393 0.0609
55 0.0506 0.1658 0.3916 0.3621 0.0300
56 0.2141 0.0478 0.4751 0.2279 0.0352
57 0.6289 0.1404 0.0913 0.0352 0.1043
58 0.3330 0.0671 0.2847 0.2634 0.0518
59 0.6235 0.1744 0.0642 0.0338 0.1042
60 0.1636 0.4514 0.2717 0.0440 0.0692
61 0.4072 0.1046 0.1725 0.2432 0.0724
62 0.5083 0.2255 0.2053 0.0389 0.0223
63 0.3286 0.2122 0.2349 0.0298 0.1947
64 0.1852 0.2452 0.3005 0.2532 0.0159
65 0.0668 0.1392 0.5859 0.1902 0.0178
66 0.1899 0.1785 0.3835 0.1650 0.0829
67 0.0812 0.2108 0.5059 0.1460 0.0563
68 0.1621 0.0790 0.2888 0.4653 0.0048
69 0.5327 0.1152 0.1716 0.1703 0.0098
70 0.1238 0.5464 0.2444 0.0757 0.0098
71 0.0691 0.2112 0.4685 0.2047 0.0464
72 0.2047 0.0814 0.6016 0.0937 0.0186
73 0.4775 0.2069 0.1625 0.1091 0.0441
74 0.1335 0.0641 0.2419 0.5449 0.0153
75 0.1020 0.2428 0.5776 0.0533 0.0240
76 0.1764 0.1848 0.3508 0.2649 0.0231
77 0.2113 0.2981 0.2590 0.2080 0.0237
78 0.5337 0.1338 0.0580 0.0722 0.2025
79 0.5039 0.2417 0.1273 0.0103 0.1169
80 0.2294 0.3159 0.3469 0.0213 0.0864
81 0.4827 0.1350 0.2427 0.0770 0.0628
82 0.2439 0.2328 0.2401 0.0110 0.2722
83 0.2983 0.0976 0.4443 0.1234 0.0365
84 0.2487 0.2688 0.2998 0.0144 0.1682
85 0.2778 0.4138 0.2377 0.0439 0.0269
86 0.3154 0.1444 0.1160 0.3745 0.0495
87 0.3884 0.2249 0.2842 0.0596 0.0429
88 0.2262 0.0879 0.5098 0.1182 0.0581
89 0.2544 0.1361 0.3369 0.1832 0.0893
90 0.1597 0.2473 0.3030 0.2360 0.0539
91 0.4155 0.1759 0.2190 0.0204 0.1692
92 0.5537 0.1346 0.0515 0.1134 0.1467
93 0.1401 0.1960 0.5762 0.0245 0.0632
94 0.1407 0.0895 0.3027 0.4543 0.0126
95 0.1100 0.4387 0.3694 0.0705 0.0113
96 0.5029 0.1807 0.0945 0.0538 0.1683
97 0.3186 0.2539 0.2834 0.0678 0.0762
98 0.2289 0.1649 0.4624 0.1082 0.0356
99 0.1349 0.0831 0.3582 0.4124 0.0116
100 0.5039 0.1869 0.2036 0.0484 0.0570
101 0.2262 0.1875 0.2644 0.3042 0.0177
102 0.0973 0.5181 0.3345 0.0279 0.0226
103 0.0276 0.6543 0.2925 0.0157 0.0099
104 0.3005 0.3127 0.2512 0.0939 0.0417
105 0.3958 0.0918 0.3865 0.1024 0.0236
106 0.2487 0.1952 0.4683 0.0334 0.0546
107 0.4683 0.1606 0.3047 0.0275 0.0388
108 0.3149 0.4075 0.1571 0.0539 0.0665
109 0.0529 0.5298 0.3848 0.0226 0.0099
110 0.4297 0.0674 0.3792 0.0880 0.0358
111 0.1760 0.3787 0.3420 0.0258 0.0775
112 0.1580 0.2262 0.3503 0.2446 0.0209
113 0.1477 0.3103 0.3279 0.0121 0.2019
114 0.1393 0.0781 0.7412 0.0090 0.0323
115 0.1395 0.3374 0.2566 0.0157 0.2507
116 0.4509 0.1808 0.2048 0.1242 0.0394
117 0.6797 0.1238 0.1119 0.0236 0.0608
118 0.2278 0.0818 0.1182 0.5381 0.0341
119 0.0894 0.2317 0.6396 0.0123 0.0268
120 0.0309 0.5259 0.4160 0.0209 0.0061
121 0.1631 0.2998 0.3479 0.1174 0.0718
122 0.2048 0.1780 0.3098 0.2888 0.0186
123 0.1788 0.0406 0.2686 0.4863 0.0258
124 0.0891 0.1237 0.2241 0.5376 0.0255
125 0.1002 0.3782 0.4561 0.0594 0.0064
126 0.1263 0.1097 0.3379 0.4077 0.0183
127 0.6294 0.1340 0.0679 0.1147 0.0537
128 0.2639 0.0891 0.3779 0.2578 0.0115
129 0.1267 0.3186 0.3418 0.0341 0.1787
130 0.4622 0.2937 0.1205 0.0645 0.0592
131 0.1572 0.3103 0.3103 0.1912 0.0312
132 0.2551 0.2051 0.3303 0.0822 0.1273
133 0.4058 0.1978 0.1732 0.1459 0.0775
134 0.4844 0.1838 0.1548 0.0896 0.0875
135 0.1587 0.1855 0.4888 0.1400 0.0269
136 0.4741 0.1665 0.2898 0.0524 0.0170
137 0.3552 0.3608 0.2041 0.0717 0.0080
138 0.6948 0.1125 0.1099 0.0515 0.0312
139 0.2761 0.1467 0.4482 0.1000 0.0289
140 0.3162 0.3445 0.2156 0.0906 0.0333
141 0.0402 0.4060 0.4458 0.0763 0.0318
142 0.4937 0.1093 0.0623 0.1844 0.1505
143 0.1199 0.1492 0.3013 0.4185 0.0111
144 0.1063 0.5527 0.2756 0.0367 0.0286
145 0.2443 0.3113 0.2443 0.0349 0.1653
146 0.2117 0.1399 0.5664 0.0531 0.0289
147 0.1544 0.1619 0.4719 0.0381 0.1736
148 0.3169 0.3823 0.2144 0.0564 0.0302
149 0.1371 0.2539 0.5376 0.0326 0.0387
150 0.2537 0.2006 0.3108 0.2069 0.0282
151 0.0108 0.2321 0.6929 0.0587 0.0058
152 0.1487 0.1711 0.4653 0.1766 0.0382
153 0.1499 0.1046 0.2216 0.5068 0.0170
154 0.2340 0.4441 0.2673 0.0208 0.0337
155 0.2710 0.1353 0.5225 0.0471 0.0244
156 0.0498 0.3196 0.4651 0.1312 0.0342
157 0.1580 0.0537 0.2729 0.4573 0.0581
158 0.6821 0.1332 0.0573 0.0277 0.0998
159 0.6636 0.1504 0.0492 0.0594 0.0774
160 0.2810 0.2367 0.1626 0.2520 0.0678
161 0.1003 0.3394 0.3787 0.1229 0.0585
162 0.3362 0.1946 0.3665 0.0798 0.0231
163 0.1852 0.3225 0.3770 0.0797 0.0359
164 0.4304 0.1672 0.0778 0.0754 0.2491
165 0.2262 0.1655 0.3728 0.2108 0.0246
166 0.3008 0.1884 0.2761 0.1702 0.0646
167 0.0648 0.2683 0.3784 0.2642 0.0244
168 0.2671 0.1953 0.4951 0.0183 0.0243
169 0.3511 0.1985 0.3738 0.0406 0.0359
170 0.1980 0.2351 0.2749 0.2749 0.0172
171 0.5835 0.0975 0.0300 0.1122 0.1766
172 0.1034 0.1873 0.5415 0.0668 0.1010
173 0.2356 0.3401 0.2864 0.0990 0.0388
174 0.3706 0.2546 0.2732 0.0582 0.0432
175 0.6021 0.1956 0.1149 0.0379 0.0494
176 0.2761 0.1057 0.4482 0.0362 0.1335
177 0.4902 0.2108 0.1803 0.0244 0.0943
178 0.3176 0.2217 0.2183 0.1387 0.1039
179 0.2869 0.2083 0.4307 0.0273 0.0468
180 0.4602 0.1517 0.1163 0.1102 0.1615
181 0.1814 0.1267 0.6636 0.0177 0.0106
182 0.5615 0.1168 0.2234 0.0423 0.0560
183 0.2484 0.3701 0.0819 0.0246 0.2749
184 0.4229 0.2905 0.2524 0.0148 0.0193
185 0.2087 0.0762 0.1716 0.4558 0.0876
186 0.0812 0.0613 0.3162 0.4897 0.0516
187 0.3494 0.2421 0.2421 0.1276 0.0389
188 0.2113 0.4104 0.2339 0.1030 0.0413
189 0.0833 0.3120 0.4263 0.1202 0.0582
190 0.1108 0.1587 0.5991 0.0646 0.0667
191 0.4011 0.1880 0.2491 0.1038 0.0578
192 0.2242 0.0740 0.2463 0.4390 0.0165
193 0.1699 0.2695 0.4585 0.0443 0.0578
194 0.1738 0.0498 0.1396 0.6260 0.0107
195 0.5596 0.1471 0.1320 0.0734 0.0879
196 0.2195 0.1270 0.1450 0.4646 0.0439
197 0.4829 0.1555 0.0880 0.1405 0.1331
198 0.3606 0.1276 0.1638 0.2898 0.0580
199 0.1854 0.1663 0.5581 0.0761 0.0143
200 0.0993 0.2419 0.3413 0.2964 0.0210
201 0.0331 0.2406 0.6289 0.0838 0.0136
202 0.1281 0.2373 0.5103 0.0789 0.0453
203 0.1296 0.2786 0.5205 0.0215 0.0496
204 0.1044 0.1642 0.2316 0.4326 0.0674
