time exciting_prob fearful_prob tense_prob sad_prob relaxing_prob
0 0.2037 0.2830 0.2496 0.2310 0.0327
1 0.2954 0.5029 0.1582 0.0364 0.0072
2 0.2191 0.4031 0.3188 0.0405 0.0184
3 0.2069 0.5161 0.2238 0.0330 0.0203
4 0.4099 0.2773 0.2688 0.0221 0.0217
5 0.2043 0.4534 0.2351 0.0459 0.0613
6 0.0768 0.4783 0.4089 0.0240 0.0120
7 0.1836 0.2081 0.5747 0.0265 0.0073
8 0.2107 0.1068 0.6694 0.0066 0.0063
9 0.2588 0.1835 0.5269 0.0142 0.0168
10 0.1509 0.2488 0.4436 0.1498 0.0070
11 0.2078 0.2212 0.3853 0.1722 0.0136
12 0.1565 0.3752 0.3811 0.0775 0.0096
13 0.1847 0.4160 0.3818 0.0088 0.0085
14 0.2170 0.3809 0.2786 0.1161 0.0072
15 0.0693 0.2363 0.6787 0.0034 0.0125
16 0.0169 0.1527 0.8252 0.0037 0.0015
17 0.0841 0.2286 0.5840 0.0082 0.0953
18 0.1055 0.2778 0.5273 0.0120 0.0771
19 0.0443 0.1570 0.7373 0.0201 0.0416
20 0.0677 0.1813 0.7114 0.0149 0.0245
21 0.0909 0.2166 0.6616 0.0065 0.0243
22 0.1477 0.5488 0.1548 0.0660 0.0828
23 0.0755 0.3774 0.2117 0.2717 0.0635
24 0.1473 0.3022 0.2014 0.2930 0.0559
25 0.0773 0.2495 0.3926 0.0849 0.1958
26 0.2627 0.3706 0.1984 0.0526 0.1157
27 0.0819 0.1693 0.6968 0.0161 0.0361
28 0.1229 0.2705 0.5054 0.0134 0.0878
29 0.1438 0.3069 0.4941 0.0093 0.0460
30 0.2312 0.3901 0.2598 0.0240 0.0948
31 0.2505 0.3044 0.2448 0.0281 0.1721
32 0.1744 0.1359 0.4741 0.1771 0.0386
33 0.1616 0.1043 0.2881 0.3936 0.0525
34 0.1802 0.2173 0.3186 0.2190 0.0648
35 0.0503 0.2515 0.6123 0.0275 0.0583
36 0.2035 0.4241 0.2100 0.1443 0.0181
37 0.0980 0.3213 0.2925 0.2388 0.0493
38 0.0545 0.0652 0.8330 0.0333 0.0139
39 0.0600 0.0922 0.7900 0.0449 0.0132
40 0.2220 0.1959 0.1246 0.3718 0.0856
41 0.0347 0.1028 0.8281 0.0264 0.0077
42 0.0636 0.1770 0.7163 0.0153 0.0276
43 0.0659 0.1484 0.7539 0.0096 0.0221
44 0.0734 0.2905 0.5962 0.0155 0.0244
45 0.1527 0.3606 0.1930 0.1434 0.1503
46 0.1243 0.2341 0.4238 0.0367 0.1809
47 0.0827 0.2000 0.4685 0.0681 0.1807
48 0.0995 0.1964 0.6489 0.0096 0.0456
49 0.1295 0.3689 0.4382 0.0058 0.0575
50 0.1550 0.0817 0.2087 0.4778 0.0768
51 0.1912 0.0772 0.2455 0.4241 0.0621
52 0.2578 0.0705 0.1829 0.4185 0.0705
53 0.2231 0.0748 0.1418 0.5029 0.0573
54 0.1086 0.2013 0.6548 0.0256 0.0098
55 0.1022 0.3486 0.5151 0.0195 0.0144
56 0.1937 0.3853 0.2095 0.1998 0.0119
57 0.0529 0.1482 0.3555 0.4092 0.0341
58 0.4548 0.0255 0.3127 0.1838 0.0232
59 0.0706 0.0244 0.0935 0.7832 0.0285
60 0.0916 0.1140 0.5107 0.2649 0.0188
61 0.1539 0.2944 0.3579 0.1237 0.0699
62 0.2219 0.0732 0.1840 0.3774 0.1433
63 0.2452 0.1006 0.1823 0.2268 0.2452
64 0.2405 0.1493 0.4563 0.0613 0.0927
65 0.1356 0.0890 0.3306 0.3306 0.1143
66 0.2896 0.1599 0.2477 0.0876 0.2152
67 0.2180 0.0867 0.4614 0.1232 0.1105
68 0.0588 0.3411 0.5493 0.0322 0.0186
69 0.1017 0.3552 0.4597 0.0338 0.0496
70 0.1290 0.1736 0.4099 0.2336 0.0538
71 0.2106 0.3933 0.3262 0.0438 0.0262
72 0.3010 0.3130 0.1914 0.1207 0.0738
73 0.3420 0.2209 0.0628 0.1239 0.2502
74 0.0931 0.0778 0.2913 0.4512 0.0868
75 0.1229 0.2140 0.5337 0.0224 0.1068
76 0.2430 0.2712 0.1724 0.1087 0.2047
77 0.4351 0.2722 0.1002 0.0434 0.1492
78 0.1268 0.4224 0.1654 0.2333 0.0521
79 0.0984 0.4553 0.1869 0.2253 0.0340
80 0.1937 0.1104 0.3145 0.1250 0.2566
81 0.1471 0.2041 0.3755 0.1093 0.1641
82 0.1226 0.1650 0.3547 0.1099 0.2477
83 0.1208 0.4351 0.3086 0.1190 0.0165
84 0.0889 0.5576 0.2474 0.0822 0.0239
85 0.1283 0.5532 0.2573 0.0374 0.0239
86 0.0925 0.2151 0.2986 0.1649 0.2289
87 0.1332 0.1709 0.3193 0.1736 0.2030
88 0.1621 0.2250 0.2800 0.1149 0.2180
89 0.2205 0.2384 0.3108 0.1412 0.0891
90 0.0908 0.5566 0.2112 0.1204 0.0211
91 0.1736 0.3972 0.1998 0.1581 0.0712
92 0.1808 0.2286 0.3274 0.1499 0.1132
93 0.0140 0.1207 0.6523 0.1869 0.0259
94 0.2576 0.1975 0.2576 0.1975 0.0897
95 0.0704 0.5449 0.3154 0.0593 0.0099
96 0.0985 0.5669 0.3081 0.0162 0.0105
97 0.1208 0.4285 0.3135 0.1267 0.0104
98 0.1287 0.1842 0.2898 0.3721 0.0251
99 0.1646 0.2047 0.4136 0.1418 0.0753
100 0.1054 0.2180 0.6558 0.0085 0.0123
101 0.1428 0.2930 0.1473 0.1240 0.2930
102 0.0822 0.5034 0.2532 0.1584 0.0028
103 0.1113 0.5146 0.2585 0.1029 0.0128
104 0.0958 0.1643 0.5220 0.0839 0.1340
105 0.0419 0.3169 0.5923 0.0397 0.0093
106 0.0861 0.3569 0.4175 0.1215 0.0179
107 0.0257 0.1313 0.7324 0.1015 0.0090
108 0.0216 0.3352 0.3567 0.2822 0.0042
109 0.0533 0.4609 0.4609 0.0193 0.0055
110 0.0832 0.3018 0.5908 0.0134 0.0106
111 0.0987 0.2810 0.2810 0.2520 0.0871
112 0.1168 0.3225 0.2717 0.1987 0.0903
113 0.1245 0.1573 0.1702 0.5078 0.0401
114 0.0488 0.4146 0.4211 0.1008 0.0146
115 0.0364 0.4194 0.4829 0.0555 0.0059
116 0.2173 0.2878 0.3696 0.0775 0.0477
117 0.0157 0.3291 0.3787 0.2727 0.0037
118 0.2299 0.2390 0.4866 0.0309 0.0137
119 0.0804 0.1691 0.6431 0.0837 0.0240
120 0.2321 0.2146 0.2798 0.2214 0.0522
121 0.2438 0.4019 0.1840 0.0597 0.1107
122 0.1729 0.2202 0.5537 0.0291 0.0243
123 0.1222 0.2412 0.4722 0.1533 0.0112
124 0.0267 0.3125 0.4995 0.1039 0.0574
125 0.0500 0.4897 0.4092 0.0333 0.0177
126 0.1749 0.2795 0.1921 0.2281 0.1250
127 0.0695 0.5381 0.2664 0.1220 0.0037
128 0.0779 0.6270 0.1714 0.1188 0.0049
129 0.1010 0.6289 0.2139 0.0536 0.0027
130 0.0500 0.2405 0.5503 0.1172 0.0418
131 0.0528 0.3606 0.4023 0.1588 0.0253
132 0.0710 0.2458 0.5537 0.0588 0.0704
133 0.0508 0.3420 0.3528 0.2426 0.0118
134 0.0558 0.1666 0.2747 0.4822 0.0205
135 0.0336 0.2666 0.1405 0.2839 0.2751
136 0.0734 0.3643 0.2505 0.1669 0.1449
137 0.0598 0.1575 0.1757 0.5083 0.0986
138 0.0349 0.0926 0.1152 0.5244 0.2328
139 0.0794 0.0679 0.1019 0.5513 0.1996
140 0.1238 0.2622 0.4324 0.0845 0.0972
141 0.0789 0.5308 0.2842 0.0475 0.0586
142 0.1160 0.2827 0.3657 0.0977 0.1378
143 0.2037 0.2021 0.4663 0.0862 0.0417
144 0.3718 0.1526 0.1549 0.2135 0.1074
145 0.3040 0.0751 0.0956 0.4219 0.1034
146 0.2268 0.4441 0.2571 0.0157 0.0565
147 0.1973 0.4309 0.2871 0.0574 0.0275
148 0.1002 0.4458 0.3186 0.0477 0.0878
149 0.0857 0.4319 0.3523 0.0276 0.1025
150 0.6265 0.1243 0.0737 0.0543 0.1214
151 0.6499 0.1231 0.0701 0.0277 0.1290
152 0.4998 0.1477 0.1294 0.0476 0.1754
153 0.1794 0.4729 0.2164 0.0953 0.0359
154 0.1155 0.1102 0.1904 0.0581 0.5259
155 0.2195 0.1605 0.5181 0.0403 0.0614
156 0.1420 0.4512 0.2822 0.1158 0.0087
157 0.0743 0.6167 0.1768 0.1234 0.0087
158 0.0942 0.6143 0.1494 0.1267 0.0154
159 0.1276 0.2383 0.1143 0.4890 0.0308
160 0.0266 0.4006 0.5146 0.0547 0.0035
161 0.1818 0.3728 0.1935 0.1996 0.0525
162 0.2751 0.2467 0.1450 0.2109 0.1221
163 0.0302 0.1973 0.6074 0.1196 0.0454
164 0.1714 0.1548 0.6030 0.0247 0.0461
165 0.2776 0.2014 0.4575 0.0219 0.0416
166 0.2269 0.1713 0.2825 0.1254 0.1941
167 0.1262 0.1196 0.6025 0.0332 0.1186
168 0.1249 0.1111 0.6006 0.0195 0.1438
169 0.1212 0.1013 0.5474 0.0316 0.1984
170 0.0457 0.3799 0.5273 0.0379 0.0094
171 0.0394 0.4072 0.5229 0.0258 0.0049
172 0.1121 0.4946 0.3535 0.0203 0.0193
173 0.0645 0.1793 0.6982 0.0446 0.0131
174 0.0689 0.1298 0.1471 0.1328 0.5215
175 0.0305 0.4148 0.4417 0.0602 0.0527
176 0.0427 0.3748 0.4739 0.0792 0.0294
177 0.0337 0.2776 0.4761 0.1311 0.0814
178 0.0796 0.4170 0.4441 0.0526 0.0067
179 0.0219 0.2847 0.6313 0.0552 0.0070
180 0.1080 0.5483 0.2959 0.0329 0.0150
181 0.1722 0.0149 0.0373 0.7363 0.0390
182 0.0796 0.1442 0.3918 0.3569 0.0275
183 0.0618 0.4902 0.3701 0.0706 0.0074
184 0.0822 0.3008 0.5444 0.0587 0.0138
185 0.0629 0.1805 0.2283 0.5146 0.0138
186 0.1355 0.0882 0.2034 0.4956 0.0772
187 0.0448 0.3257 0.4182 0.0817 0.1295
188 0.0791 0.5161 0.2476 0.1514 0.0061
189 0.1234 0.3328 0.3462 0.1000 0.0977
190 0.0336 0.0942 0.5015 0.3669 0.0034
191 0.0658 0.2837 0.5298 0.0988 0.0220
192 0.1549 0.1729 0.4346 0.1133 0.1245
193 0.1283 0.1866 0.5234 0.0708 0.0909
194 0.1970 0.0847 0.5610 0.0736 0.0834
195 0.3748 0.1090 0.3748 0.0755 0.0661
196 0.5195 0.0743 0.2306 0.0597 0.1159
197 0.3394 0.0819 0.3906 0.0794 0.1085
198 0.2086 0.0829 0.4626 0.0955 0.1503
199 0.2074 0.1566 0.4531 0.1182 0.0648
200 0.1599 0.1703 0.4417 0.1676 0.0607
201 0.1230 0.1372 0.2996 0.3848 0.0554
202 0.3198 0.2866 0.2322 0.0676 0.0938
203 0.1093 0.2559 0.2330 0.1993 0.2025
204 0.1190 0.1602 0.3608 0.3337 0.0261
205 0.0816 0.3057 0.5278 0.0749 0.0100
206 0.0433 0.2593 0.5845 0.1081 0.0051
207 0.0802 0.2375 0.6714 0.0076 0.0033
208 0.1366 0.3801 0.4585 0.0152 0.0097
209 0.1367 0.5938 0.1783 0.0671 0.0239
210 0.1555 0.2974 0.3701 0.0418 0.1351
211 0.1455 0.3518 0.2455 0.2133 0.0440
212 0.2289 0.0785 0.3435 0.0897 0.2593
213 0.3904 0.1182 0.3186 0.0235 0.1493
214 0.3525 0.0805 0.4253 0.0318 0.1100
215 0.1360 0.5337 0.2057 0.1018 0.0231
216 0.1561 0.3835 0.1624 0.2400 0.0579
217 0.2140 0.2705 0.2878 0.1692 0.0585
218 0.1138 0.0381 0.2646 0.2487 0.3347
219 0.1631 0.1364 0.4646 0.1486 0.0873
220 0.0570 0.2119 0.2852 0.4280 0.0179
221 0.1338 0.2104 0.3015 0.3416 0.0126
222 0.1049 0.1841 0.1757 0.2365 0.2988
223 0.0964 0.1381 0.1946 0.2922 0.2788
224 0.1339 0.2502 0.2314 0.2278 0.1566
225 0.1361 0.3845 0.1554 0.2603 0.0638
226 0.2013 0.3267 0.1147 0.2666 0.0907
227 0.0818 0.1678 0.2189 0.4089 0.1227
228 0.0931 0.1687 0.5708 0.0423 0.1254
229 0.0920 0.1947 0.5723 0.0303 0.1109
230 0.0726 0.1560 0.6675 0.0257 0.0784
231 0.0461 0.2113 0.6714 0.0288 0.0423
232 0.1621 0.5747 0.1780 0.0453 0.0400
233 0.2136 0.3928 0.1799 0.1587 0.0549
234 0.1548 0.3655 0.1866 0.2148 0.0784
235 0.1077 0.1183 0.2177 0.5303 0.0260
236 0.1236 0.4382 0.3867 0.0434 0.0080
237 0.0638 0.3044 0.5962 0.0189 0.0165
238 0.1541 0.2385 0.4458 0.0598 0.1018
239 0.1740 0.2454 0.4109 0.0592 0.1106
240 0.1021 0.1936 0.4868 0.1394 0.0782
241 0.2661 0.2539 0.3752 0.0667 0.0383
242 0.1224 0.0778 0.3828 0.3889 0.0280
243 0.0971 0.1588 0.2722 0.4153 0.0566
244 0.0487 0.2515 0.5366 0.0940 0.0693
245 0.1176 0.1232 0.1821 0.5522 0.0250
246 0.1186 0.2216 0.1986 0.4546 0.0067
247 0.1165 0.3167 0.3879 0.1221 0.0568
248 0.0708 0.1272 0.3569 0.4238 0.0213
249 0.0615 0.1595 0.3828 0.3828 0.0133
250 0.0668 0.1459 0.2769 0.4858 0.0246
251 0.0402 0.1011 0.1830 0.6694 0.0065
252 0.0559 0.3701 0.2974 0.2666 0.0101
253 0.2496 0.2659 0.0883 0.3359 0.0602
254 0.1627 0.0898 0.1932 0.5503 0.0038
255 0.2759 0.3831 0.2803 0.0561 0.0045
256 0.4658 0.2612 0.2397 0.0172 0.0161
257 0.0561 0.3545 0.3435 0.2362 0.0096
258 0.5073 0.2415 0.1713 0.0725 0.0076
259 0.4285 0.2520 0.1746 0.1277 0.0173
260 0.1924 0.1322 0.0731 0.5928 0.0095
261 0.1422 0.1008 0.1255 0.6177 0.0135
