time exciting_prob fearful_prob tense_prob sad_prob relaxing_prob
0 0.0706 0.0378 0.0456 0.1219 0.7241
1 0.4995 0.0620 0.0433 0.2983 0.0969
2 0.7568 0.0570 0.0515 0.0919 0.0427
3 0.7183 0.0652 0.0520 0.1191 0.0452
4 0.1578 0.0980 0.1693 0.5640 0.0109
5 0.0555 0.4797 0.0413 0.3401 0.0834
6 0.1205 0.0720 0.0391 0.1753 0.5933
7 0.3159 0.0428 0.0864 0.2240 0.3311
8 0.2705 0.0456 0.0851 0.2622 0.3367
9 0.2316 0.2175 0.4326 0.0521 0.0663
10 0.1421 0.2961 0.3518 0.1197 0.0903
11 0.0580 0.1576 0.0722 0.0739 0.6382
12 0.1948 0.0260 0.0030 0.0116 0.7646
13 0.1521 0.0200 0.0025 0.0030 0.8223
14 0.0940 0.0646 0.0165 0.0192 0.8057
15 0.0713 0.0311 0.0145 0.0279 0.8550
16 0.2869 0.0748 0.2781 0.2803 0.0803
17 0.2905 0.0546 0.2354 0.3093 0.1103
18 0.4585 0.3008 0.0379 0.1912 0.0117
19 0.5425 0.2371 0.0268 0.1803 0.0132
20 0.6240 0.0717 0.2091 0.0872 0.0078
21 0.4138 0.0938 0.3430 0.1418 0.0077
22 0.1046 0.1223 0.4648 0.2910 0.0173
23 0.0847 0.2000 0.1070 0.0163 0.5923
24 0.1206 0.3408 0.1335 0.0125 0.3923
25 0.1417 0.5347 0.1045 0.0032 0.2161
26 0.1467 0.4485 0.1444 0.1729 0.0876
27 0.1036 0.6812 0.1495 0.0121 0.0537
28 0.2549 0.2471 0.1292 0.0096 0.3594
29 0.1371 0.4675 0.2314 0.0049 0.1591
30 0.1367 0.0236 0.0289 0.0889 0.7217
31 0.0668 0.3584 0.2244 0.0137 0.3367
32 0.1553 0.4822 0.1471 0.0098 0.2057
33 0.1186 0.0645 0.0778 0.6411 0.0983
34 0.1014 0.4836 0.1865 0.0300 0.1985
35 0.1896 0.2551 0.1940 0.0100 0.3513
36 0.2903 0.1653 0.1414 0.0065 0.3967
37 0.1825 0.4309 0.2634 0.0042 0.1188
38 0.1711 0.1725 0.1880 0.0101 0.4583
39 0.4001 0.1416 0.1102 0.1111 0.2371
40 0.1486 0.6602 0.1241 0.0093 0.0577
41 0.1764 0.1271 0.3425 0.2527 0.1013
42 0.3423 0.2927 0.2625 0.0361 0.0663
43 0.1372 0.3396 0.3848 0.0757 0.0628
44 0.2056 0.2104 0.2876 0.2172 0.0792
45 0.1175 0.0522 0.5186 0.1656 0.1462
46 0.0985 0.5894 0.2988 0.0062 0.0071
47 0.2095 0.5347 0.1260 0.0132 0.1166
48 0.4512 0.2115 0.2288 0.0117 0.0969
49 0.3945 0.1157 0.2301 0.0860 0.1737
50 0.2041 0.2969 0.2241 0.1145 0.1602
51 0.3313 0.1577 0.3015 0.0554 0.1541
52 0.3591 0.1300 0.2030 0.1300 0.1777
53 0.1335 0.1422 0.3865 0.3035 0.0343
54 0.4778 0.3633 0.0994 0.0051 0.0544
55 0.2759 0.3301 0.2981 0.0251 0.0709
56 0.3687 0.2717 0.1989 0.0382 0.1225
57 0.2032 0.3430 0.3198 0.0573 0.0765
58 0.1660 0.1187 0.4045 0.1560 0.1548
59 0.1440 0.2864 0.2412 0.0281 0.3003
60 0.2749 0.1382 0.2971 0.0493 0.2406
61 0.3083 0.2021 0.2556 0.1783 0.0557
62 0.1096 0.1671 0.3123 0.3271 0.0840
63 0.4116 0.1914 0.2382 0.0532 0.1057
64 0.2593 0.3745 0.1897 0.0142 0.1624
65 0.1447 0.0858 0.5293 0.1639 0.0762
66 0.1146 0.1615 0.5815 0.0865 0.0558
67 0.0876 0.0354 0.5801 0.0993 0.1974
68 0.5039 0.1326 0.1367 0.0579 0.1688
69 0.5737 0.2546 0.0886 0.0056 0.0776
70 0.2408 0.1372 0.1891 0.1211 0.3118
71 0.3274 0.0931 0.1243 0.2866 0.1686
72 0.4607 0.2974 0.1004 0.0136 0.1279
73 0.3435 0.2361 0.1897 0.0698 0.1610
74 0.3345 0.1036 0.3760 0.1012 0.0846
75 0.2068 0.1838 0.3079 0.0947 0.2068
76 0.3721 0.2598 0.2056 0.0180 0.1447
77 0.1108 0.0773 0.3928 0.4053 0.0138
78 0.3730 0.3423 0.1616 0.0204 0.1028
79 0.3044 0.2279 0.3164 0.0161 0.1350
80 0.1914 0.3928 0.3809 0.0042 0.0308
81 0.1689 0.1676 0.4592 0.1326 0.0715
82 0.2346 0.1886 0.3931 0.0926 0.0912
83 0.4041 0.2321 0.1322 0.0152 0.2163
84 0.3796 0.2957 0.1583 0.0091 0.1571
85 0.4688 0.2844 0.0665 0.0080 0.1725
86 0.2268 0.1354 0.4475 0.1262 0.0640
87 0.3030 0.1986 0.3486 0.0917 0.0583
88 0.0877 0.1337 0.2966 0.4385 0.0434
89 0.0770 0.5342 0.3044 0.0118 0.0723
90 0.2029 0.3047 0.1696 0.0086 0.3142
91 0.5430 0.0533 0.1655 0.2211 0.0172
92 0.3499 0.1614 0.3694 0.1136 0.0058
93 0.2321 0.1487 0.3074 0.2671 0.0450
94 0.1809 0.0917 0.4409 0.2397 0.0468
95 0.2190 0.1002 0.4355 0.1801 0.0652
96 0.2627 0.1724 0.3374 0.0753 0.1521
97 0.3333 0.2102 0.3411 0.0548 0.0607
98 0.6484 0.2024 0.0775 0.0055 0.0662
99 0.2981 0.0569 0.3274 0.2981 0.0197
100 0.2266 0.0629 0.3564 0.3347 0.0193
101 0.4114 0.2380 0.2805 0.0072 0.0630
102 0.4414 0.2871 0.1663 0.0911 0.0141
103 0.0964 0.0927 0.5376 0.2312 0.0424
104 0.1479 0.3838 0.1285 0.1208 0.2188
105 0.1942 0.4695 0.1560 0.0737 0.1064
106 0.1350 0.1904 0.1846 0.4426 0.0474
107 0.1183 0.2142 0.1138 0.0026 0.5513
108 0.3896 0.1456 0.0626 0.0034 0.3989
109 0.0813 0.2159 0.4941 0.1876 0.0210
110 0.1190 0.7231 0.1110 0.0184 0.0283
111 0.0869 0.2238 0.3154 0.3359 0.0380
112 0.2791 0.4529 0.2190 0.0095 0.0396
113 0.2444 0.5337 0.1517 0.0137 0.0563
114 0.0953 0.3887 0.2712 0.0052 0.2395
115 0.0419 0.6714 0.2607 0.0055 0.0204
116 0.1570 0.1893 0.3511 0.2096 0.0930
117 0.1672 0.3276 0.1809 0.2983 0.0261
118 0.1539 0.1962 0.1976 0.0068 0.4456
119 0.1162 0.2329 0.2170 0.3811 0.0528
120 0.1554 0.4326 0.3240 0.0509 0.0372
121 0.1985 0.6768 0.0931 0.0079 0.0235
122 0.2115 0.1063 0.4409 0.2251 0.0162
123 0.1492 0.5806 0.2188 0.0014 0.0500
124 0.2585 0.3191 0.2666 0.0025 0.1532
125 0.1871 0.3442 0.2460 0.1857 0.0369
126 0.2576 0.4521 0.2203 0.0301 0.0398
127 0.2467 0.5830 0.1300 0.0154 0.0250
128 0.2396 0.1794 0.4583 0.1141 0.0086
129 0.2708 0.2141 0.2075 0.0081 0.2996
130 0.1101 0.0689 0.2295 0.4287 0.1627
131 0.3081 0.1378 0.1929 0.0094 0.3518
132 0.2238 0.0726 0.1116 0.2742 0.3179
133 0.5469 0.1592 0.1137 0.0055 0.1748
134 0.5708 0.1225 0.1031 0.0093 0.1942
135 0.2031 0.2031 0.2529 0.2649 0.0759
136 0.2271 0.1089 0.2035 0.4241 0.0365
137 0.0903 0.0855 0.6831 0.1377 0.0034
138 0.4673 0.1403 0.2812 0.0489 0.0623
139 0.5273 0.1726 0.1609 0.0197 0.1195
140 0.4243 0.1455 0.3254 0.0856 0.0191
141 0.5049 0.0721 0.2385 0.1731 0.0113
142 0.5938 0.0737 0.2362 0.0876 0.0086
143 0.5664 0.0468 0.1838 0.1897 0.0131
144 0.0815 0.2019 0.4658 0.2379 0.0129
145 0.2325 0.1675 0.3179 0.2400 0.0420
146 0.4297 0.2646 0.1321 0.0039 0.1696
147 0.5776 0.1201 0.2192 0.0226 0.0604
148 0.1699 0.1970 0.4106 0.0760 0.1465
149 0.2644 0.1279 0.4465 0.0568 0.1044
150 0.1377 0.1273 0.5615 0.1177 0.0556
151 0.2197 0.2163 0.3679 0.1105 0.0854
152 0.3547 0.4553 0.1274 0.0037 0.0588
153 0.1099 0.5161 0.2852 0.0107 0.0779
154 0.0563 0.1567 0.3167 0.4065 0.0638
155 0.1484 0.4753 0.2299 0.0090 0.1373
156 0.2397 0.3831 0.2512 0.0803 0.0457
157 0.4775 0.2498 0.1827 0.0553 0.0346
158 0.3560 0.0489 0.2859 0.2859 0.0233
159 0.4844 0.0687 0.1454 0.2937 0.0077
160 0.2073 0.2600 0.2947 0.2190 0.0191
161 0.3625 0.0535 0.3052 0.2529 0.0258
162 0.1372 0.3906 0.2708 0.1019 0.0995
163 0.2086 0.4739 0.1389 0.0043 0.1743
164 0.1323 0.4075 0.2097 0.0534 0.1970
165 0.0410 0.7451 0.1057 0.1000 0.0083
166 0.3174 0.2396 0.3149 0.0676 0.0606
167 0.3591 0.1644 0.2820 0.1764 0.0182
168 0.1271 0.2264 0.3733 0.2607 0.0126
169 0.7168 0.1538 0.0843 0.0058 0.0395
170 0.2886 0.4648 0.1968 0.0331 0.0168
171 0.1566 0.4224 0.1860 0.1604 0.0746
172 0.1724 0.0494 0.6606 0.1130 0.0043
173 0.1541 0.2747 0.3418 0.1459 0.0837
174 0.1019 0.1666 0.1859 0.0594 0.4861
175 0.1233 0.0759 0.5396 0.2529 0.0083
176 0.1455 0.2417 0.2201 0.0124 0.3804
177 0.0940 0.3547 0.4448 0.0672 0.0392
178 0.0229 0.0202 0.0905 0.8589 0.0074
179 0.1088 0.1547 0.3950 0.3225 0.0191
180 0.3069 0.1372 0.1951 0.3477 0.0132
181 0.1335 0.2036 0.1335 0.5117 0.0175
182 0.0533 0.0412 0.3879 0.5137 0.0038
183 0.2983 0.1465 0.1263 0.3433 0.0854
184 0.5874 0.2449 0.0880 0.0286 0.0509
185 0.2744 0.3059 0.1613 0.2274 0.0310
186 0.3494 0.1729 0.1378 0.2942 0.0458
187 0.6636 0.0603 0.1338 0.1100 0.0325
188 0.6768 0.0577 0.1311 0.1176 0.0169
189 0.6074 0.0903 0.0300 0.1410 0.1313
190 0.7827 0.0341 0.0463 0.0885 0.0485
191 0.2086 0.5005 0.1676 0.0144 0.1091
192 0.2262 0.0886 0.4941 0.0826 0.1085
193 0.2260 0.0956 0.0657 0.1075 0.5054
194 0.2286 0.2512 0.3149 0.1150 0.0903
195 0.2308 0.5244 0.1729 0.0300 0.0420
196 0.4006 0.2338 0.1498 0.0526 0.1632
197 0.3989 0.3257 0.1265 0.0253 0.1236
198 0.1669 0.1951 0.3733 0.0966 0.1682
199 0.1013 0.1907 0.0966 0.0152 0.5962
200 0.4836 0.1385 0.1954 0.0416 0.1407
201 0.3618 0.2013 0.2194 0.0146 0.2029
202 0.1042 0.6431 0.1799 0.0091 0.0637
203 0.6367 0.0506 0.1443 0.1443 0.0243
204 0.6069 0.0847 0.1522 0.0881 0.0681
205 0.1304 0.3516 0.2416 0.0547 0.2217
206 0.4463 0.0485 0.2426 0.1775 0.0851
207 0.2693 0.0610 0.1659 0.4951 0.0087
208 0.7026 0.0764 0.0893 0.0638 0.0679
209 0.6992 0.0731 0.0835 0.1098 0.0343
210 0.2913 0.2822 0.2164 0.0681 0.1420
211 0.1274 0.1160 0.2101 0.5039 0.0427
212 0.2399 0.1525 0.2474 0.3491 0.0111
213 0.5068 0.1063 0.1429 0.1282 0.1158
214 0.3557 0.1964 0.1404 0.0058 0.3018
215 0.3899 0.1625 0.2152 0.1049 0.1276
216 0.5474 0.1709 0.0989 0.0435 0.1394
217 0.3049 0.2096 0.2649 0.0808 0.1396
218 0.5654 0.1375 0.1014 0.0339 0.1620
219 0.5664 0.1179 0.0876 0.0440 0.1840
220 0.1403 0.1888 0.3367 0.3210 0.0132
221 0.2590 0.2693 0.2113 0.0228 0.2377
222 0.1324 0.4514 0.3572 0.0080 0.0511
223 0.0689 0.3418 0.5635 0.0035 0.0224
224 0.0632 0.3237 0.5957 0.0022 0.0153
225 0.0603 0.4705 0.3257 0.0067 0.1368
226 0.0086 0.8306 0.1489 0.0065 0.0053
227 0.0386 0.6899 0.2172 0.0204 0.0338
228 0.0727 0.1010 0.1469 0.5459 0.1338
229 0.0800 0.0920 0.1449 0.5552 0.1278
230 0.0933 0.5332 0.2854 0.0395 0.0488
231 0.0531 0.3154 0.4114 0.1974 0.0225
232 0.1749 0.1862 0.2883 0.3372 0.0135
233 0.1131 0.1570 0.3484 0.2935 0.0881
234 0.0417 0.7280 0.1930 0.0016 0.0354
235 0.0490 0.6250 0.2773 0.0024 0.0467
236 0.0380 0.6626 0.2515 0.0033 0.0447
237 0.0487 0.4883 0.3984 0.0385 0.0259
238 0.1550 0.2021 0.3660 0.2400 0.0368
239 0.1240 0.1165 0.2974 0.4329 0.0292
240 0.1523 0.2781 0.1796 0.3152 0.0748
241 0.0610 0.0526 0.3799 0.4802 0.0263
242 0.1332 0.1938 0.2412 0.3977 0.0339
243 0.2006 0.3494 0.2808 0.1305 0.0389
244 0.1006 0.2822 0.1852 0.4172 0.0147
245 0.0818 0.1392 0.2224 0.5337 0.0231
246 0.2054 0.0245 0.1049 0.6328 0.0325
247 0.2434 0.3542 0.0875 0.2632 0.0518
248 0.2361 0.3657 0.0903 0.2554 0.0527
249 0.5933 0.3276 0.0388 0.0057 0.0343
250 0.7251 0.2144 0.0319 0.0022 0.0266
251 0.7202 0.2129 0.0353 0.0035 0.0284
252 0.7202 0.2129 0.0350 0.0035 0.0284
253 0.7202 0.2129 0.0350 0.0035 0.0284
