time exciting_prob fearful_prob tense_prob sad_prob relaxing_prob
0 0.2037 0.2830 0.2496 0.2310 0.0327
1 0.2037 0.2830 0.2496 0.2310 0.0327
2 0.3787 0.0594 0.2059 0.2603 0.0958
3 0.7759 0.0318 0.1287 0.0417 0.0222
4 0.7739 0.0257 0.0457 0.1196 0.0351
5 0.8389 0.0127 0.0144 0.0323 0.1017
6 0.8652 0.0121 0.0116 0.0244 0.0870
7 0.6694 0.1328 0.0812 0.0637 0.0528
8 0.2261 0.1641 0.0950 0.4290 0.0858
9 0.5371 0.0688 0.1813 0.1469 0.0662
10 0.2708 0.0399 0.4194 0.2211 0.0486
11 0.0786 0.0904 0.3574 0.4663 0.0074
12 0.0668 0.4971 0.3525 0.0647 0.0190
13 0.1293 0.2695 0.4585 0.1224 0.0205
14 0.1118 0.2206 0.2385 0.3582 0.0710
15 0.0854 0.0379 0.1896 0.6216 0.0655
16 0.4072 0.0952 0.2469 0.0847 0.1658
17 0.2202 0.1032 0.3057 0.3010 0.0698
18 0.1197 0.1742 0.5117 0.1661 0.0282
19 0.2942 0.1826 0.1945 0.1689 0.1599
20 0.1132 0.1499 0.5747 0.1409 0.0211
21 0.0540 0.0237 0.2307 0.6782 0.0136
22 0.0560 0.0502 0.1114 0.7490 0.0332
23 0.1081 0.1187 0.3079 0.2399 0.2253
24 0.0815 0.0560 0.1079 0.7036 0.0510
25 0.0393 0.0832 0.2125 0.6445 0.0207
26 0.0725 0.1442 0.5527 0.2002 0.0305
27 0.1306 0.1479 0.2681 0.4087 0.0448
28 0.2197 0.1272 0.2096 0.3977 0.0457
29 0.2554 0.2218 0.2324 0.1989 0.0917
30 0.1592 0.0996 0.1427 0.5820 0.0164
31 0.2847 0.0475 0.1007 0.3655 0.2018
32 0.2352 0.1472 0.4192 0.0428 0.1555
33 0.1398 0.0410 0.2415 0.5439 0.0337
34 0.0576 0.0313 0.1666 0.6694 0.0751
35 0.1242 0.2129 0.3679 0.1793 0.1158
36 0.1411 0.1501 0.4846 0.1929 0.0312
37 0.1427 0.1847 0.4717 0.1531 0.0478
38 0.1910 0.2034 0.4043 0.0300 0.1713
39 0.1602 0.0408 0.1652 0.3782 0.2559
40 0.1636 0.2101 0.4846 0.0932 0.0484
41 0.1649 0.3716 0.3491 0.0434 0.0709
42 0.3352 0.1365 0.2551 0.1398 0.1334
43 0.2374 0.1104 0.2412 0.2079 0.2031
44 0.4036 0.1497 0.2688 0.0859 0.0922
45 0.0842 0.1074 0.6729 0.1049 0.0305
46 0.2649 0.1290 0.4299 0.1384 0.0378
47 0.4590 0.0876 0.2308 0.1008 0.1216
48 0.4744 0.1144 0.1902 0.0964 0.1247
49 0.1150 0.0592 0.2434 0.4841 0.0983
50 0.0091 0.2537 0.0864 0.6479 0.0028
51 0.0576 0.0290 0.0865 0.7827 0.0442
52 0.1600 0.0762 0.1638 0.5122 0.0876
53 0.7749 0.0856 0.0584 0.0371 0.0441
54 0.5405 0.0816 0.1624 0.1294 0.0862
55 0.0633 0.0242 0.0794 0.7954 0.0375
56 0.4072 0.1114 0.1924 0.2395 0.0494
57 0.3574 0.1315 0.1742 0.2783 0.0583
58 0.0271 0.1313 0.1283 0.6987 0.0146
59 0.0388 0.0539 0.1055 0.7920 0.0098
60 0.0447 0.0650 0.1534 0.7207 0.0159
61 0.0437 0.0190 0.1702 0.7510 0.0162
62 0.2072 0.0553 0.1458 0.5005 0.0912
63 0.3176 0.1621 0.2959 0.0835 0.1409
64 0.2856 0.0695 0.2349 0.3667 0.0435
65 0.1086 0.0801 0.2646 0.5186 0.0281
66 0.3584 0.0478 0.2971 0.2664 0.0303
67 0.1609 0.1454 0.5195 0.1488 0.0255
68 0.4180 0.0656 0.3130 0.1676 0.0357
69 0.3203 0.0767 0.2020 0.3745 0.0265
70 0.2480 0.0891 0.2089 0.4219 0.0320
71 0.0866 0.1696 0.3320 0.0475 0.3645
72 0.0510 0.0676 0.2183 0.0698 0.5933
73 0.0652 0.1857 0.4741 0.1237 0.1515
74 0.2443 0.1577 0.3418 0.2462 0.0099
75 0.2017 0.1302 0.2048 0.4475 0.0157
76 0.1978 0.1307 0.2747 0.2832 0.1136
77 0.2390 0.0542 0.1036 0.4980 0.1052
78 0.0889 0.1107 0.6470 0.1294 0.0239
79 0.4492 0.1067 0.1759 0.2260 0.0421
80 0.4648 0.1292 0.1849 0.1864 0.0348
81 0.3662 0.0774 0.0933 0.3335 0.1295
82 0.3843 0.1003 0.3186 0.1003 0.0964
83 0.3091 0.0613 0.0740 0.4358 0.1201
84 0.2445 0.1904 0.2334 0.2465 0.0852
85 0.1915 0.1109 0.2854 0.3284 0.0837
86 0.1935 0.0712 0.2905 0.3970 0.0478
87 0.2012 0.0950 0.3760 0.2625 0.0653
88 0.2257 0.1180 0.5288 0.1058 0.0218
89 0.0375 0.0204 0.0886 0.0262 0.8271
90 0.0423 0.0179 0.0709 0.0320 0.8369
91 0.0623 0.0402 0.1747 0.0318 0.6909
92 0.1072 0.0243 0.0748 0.0498 0.7437
93 0.1198 0.0276 0.2722 0.4927 0.0876
94 0.3296 0.1373 0.2908 0.1937 0.0486
95 0.1704 0.0617 0.5767 0.0912 0.1002
96 0.0773 0.0401 0.3206 0.5366 0.0251
97 0.1949 0.0409 0.3264 0.3818 0.0559
98 0.1201 0.0264 0.3875 0.1076 0.3584
99 0.1560 0.0515 0.4048 0.0917 0.2961
100 0.0287 0.0709 0.2939 0.5850 0.0216
101 0.1051 0.1019 0.3042 0.0668 0.4221
102 0.1117 0.1785 0.3960 0.1813 0.1326
103 0.1888 0.0563 0.3018 0.3367 0.1163
104 0.0975 0.2129 0.4299 0.1710 0.0887
105 0.1255 0.1884 0.3689 0.1537 0.1637
106 0.0786 0.1946 0.4185 0.2008 0.1075
107 0.1754 0.0356 0.2252 0.0869 0.4768
108 0.1196 0.0454 0.2493 0.0822 0.5034
109 0.1632 0.0605 0.4436 0.0634 0.2690
110 0.2334 0.1616 0.2815 0.1831 0.1404
111 0.2292 0.2056 0.3062 0.1664 0.0927
112 0.2472 0.1465 0.1866 0.2983 0.1215
113 0.2111 0.1184 0.2754 0.3022 0.0930
114 0.2115 0.2217 0.4272 0.1015 0.0379
115 0.2130 0.1453 0.3459 0.2571 0.0388
116 0.1619 0.1290 0.6201 0.0342 0.0546
117 0.0843 0.0744 0.7285 0.0970 0.0158
118 0.1020 0.0439 0.5688 0.2729 0.0122
119 0.2188 0.0768 0.5674 0.1161 0.0211
120 0.0766 0.1409 0.4619 0.2759 0.0447
121 0.0977 0.0307 0.4309 0.0889 0.3518
122 0.1818 0.0474 0.5181 0.0872 0.1655
123 0.1469 0.0652 0.1976 0.0612 0.5288
124 0.1593 0.0807 0.2754 0.0649 0.4197
125 0.1406 0.0302 0.3821 0.3425 0.1045
126 0.2346 0.1002 0.4316 0.1108 0.1227
127 0.0665 0.0922 0.4988 0.3220 0.0206
128 0.2920 0.0401 0.2578 0.2744 0.1357
129 0.1619 0.2976 0.3535 0.0250 0.1619
130 0.1321 0.2355 0.3269 0.0471 0.2585
131 0.2050 0.2651 0.2131 0.0494 0.2673
132 0.1304 0.1500 0.1523 0.2018 0.3655
133 0.1326 0.2515 0.3601 0.0984 0.1573
134 0.1294 0.2573 0.3745 0.1031 0.1356
135 0.0958 0.1138 0.4163 0.1682 0.2061
136 0.1110 0.0717 0.1918 0.5552 0.0706
137 0.0424 0.0535 0.2896 0.5938 0.0208
138 0.0780 0.0857 0.2087 0.5586 0.0688
139 0.0438 0.1296 0.3579 0.4597 0.0089
140 0.5298 0.1229 0.1566 0.0769 0.1137
141 0.1786 0.0824 0.0756 0.1135 0.5498
142 0.1110 0.1719 0.3755 0.1615 0.1802
143 0.2113 0.1836 0.3538 0.1213 0.1301
144 0.2360 0.1064 0.1597 0.3408 0.1572
145 0.1455 0.1512 0.0687 0.2201 0.4143
146 0.1526 0.1676 0.4346 0.1235 0.1216
147 0.0959 0.0517 0.1221 0.6812 0.0490
148 0.2028 0.0958 0.2905 0.1249 0.2859
149 0.1819 0.1351 0.2485 0.2905 0.1438
150 0.1498 0.2412 0.2231 0.1407 0.2451
151 0.2062 0.0629 0.1737 0.4331 0.1241
152 0.1160 0.1687 0.4048 0.1674 0.1432
153 0.1052 0.3020 0.1951 0.1310 0.2666
154 0.2189 0.0532 0.1459 0.3811 0.2009
155 0.2412 0.0959 0.3855 0.2338 0.0436
156 0.1963 0.0481 0.1172 0.5859 0.0524
157 0.2136 0.0455 0.2830 0.1217 0.3362
158 0.1954 0.0916 0.1476 0.3403 0.2250
159 0.2708 0.1220 0.1775 0.4065 0.0233
160 0.1615 0.0554 0.1591 0.3557 0.2683
161 0.2148 0.0703 0.5488 0.1488 0.0174
162 0.2852 0.0421 0.2942 0.3333 0.0455
163 0.2157 0.1482 0.2881 0.0838 0.2642
164 0.0602 0.1489 0.4111 0.1796 0.2003
165 0.3284 0.1033 0.1237 0.1638 0.2808
166 0.2115 0.1224 0.3599 0.2676 0.0385
167 0.3218 0.0529 0.4573 0.0936 0.0746
168 0.1586 0.2020 0.5117 0.0611 0.0666
169 0.2209 0.0740 0.5303 0.1279 0.0471
170 0.1117 0.3838 0.3899 0.0978 0.0167
171 0.1708 0.0594 0.5820 0.1566 0.0311
172 0.1621 0.1014 0.5747 0.1354 0.0265
173 0.1031 0.2003 0.5278 0.1205 0.0483
174 0.1802 0.1641 0.4602 0.1591 0.0366
175 0.2491 0.1534 0.3625 0.1006 0.1344
176 0.0748 0.2510 0.5566 0.0983 0.0195
177 0.0708 0.0660 0.3982 0.4238 0.0413
178 0.1294 0.3179 0.1661 0.3462 0.0404
179 0.0542 0.0623 0.5732 0.2837 0.0264
180 0.0641 0.1757 0.7056 0.0291 0.0253
181 0.0738 0.0261 0.1065 0.7749 0.0187
182 0.1315 0.0465 0.1142 0.6675 0.0404
183 0.0822 0.0766 0.2378 0.5884 0.0150
184 0.2637 0.0849 0.3438 0.1503 0.1575
185 0.2064 0.0596 0.1685 0.5269 0.0385
186 0.0975 0.0930 0.1194 0.6768 0.0136
187 0.1251 0.0573 0.3196 0.2529 0.2451
188 0.0933 0.1613 0.3013 0.3416 0.1025
189 0.0350 0.0833 0.0813 0.7896 0.0107
190 0.0568 0.1630 0.6758 0.0893 0.0153
191 0.0802 0.0620 0.7036 0.1385 0.0155
192 0.0703 0.1418 0.2910 0.4800 0.0169
193 0.2729 0.1350 0.2927 0.2043 0.0950
194 0.3140 0.1426 0.3066 0.1578 0.0788
195 0.1600 0.0963 0.3809 0.3013 0.0617
196 0.2096 0.1030 0.2432 0.2412 0.2031
197 0.2374 0.1570 0.4167 0.0730 0.1157
198 0.4868 0.1053 0.1532 0.1544 0.1005
199 0.4746 0.1219 0.3040 0.0562 0.0431
200 0.6221 0.1489 0.1187 0.0773 0.0330
201 0.1593 0.0551 0.1121 0.6401 0.0337
202 0.3367 0.1964 0.1382 0.2332 0.0957
203 0.2262 0.0541 0.3450 0.2996 0.0752
204 0.2295 0.1076 0.3967 0.1705 0.0957
205 0.5205 0.1456 0.1959 0.0544 0.0836
206 0.4871 0.1321 0.1710 0.0293 0.1805
207 0.4492 0.1815 0.1978 0.0325 0.1392
208 0.1003 0.0623 0.4160 0.3909 0.0306
209 0.0830 0.0955 0.2942 0.5005 0.0267
210 0.0786 0.1813 0.2363 0.4775 0.0263
211 0.0472 0.1132 0.1387 0.6719 0.0291
212 0.0428 0.0493 0.1318 0.7588 0.0173
213 0.6450 0.0735 0.1876 0.0415 0.0525
214 0.1802 0.1979 0.4060 0.1858 0.0303
215 0.2708 0.2159 0.3972 0.0764 0.0396
216 0.5601 0.1805 0.1351 0.0723 0.0517
217 0.2283 0.0696 0.2668 0.3071 0.1281
218 0.0991 0.3484 0.4336 0.1097 0.0091
219 0.1835 0.2214 0.2321 0.2957 0.0675
220 0.0416 0.0300 0.2080 0.7036 0.0169
221 0.4270 0.1312 0.1823 0.1766 0.0828
222 0.3069 0.0989 0.1776 0.2334 0.1832
223 0.6929 0.1213 0.1322 0.0282 0.0254
224 0.5981 0.1661 0.1265 0.0693 0.0398
225 0.2893 0.1661 0.2117 0.2676 0.0656
226 0.2141 0.1554 0.4158 0.1182 0.0965
227 0.5239 0.2871 0.0621 0.0503 0.0767
228 0.6577 0.1305 0.0836 0.0469 0.0811
229 0.6196 0.0782 0.0872 0.0358 0.1790
230 0.0993 0.0863 0.1503 0.0651 0.5991
231 0.1555 0.2126 0.1630 0.4229 0.0460
232 0.1555 0.2126 0.1630 0.4229 0.0460
