time exciting_prob fearful_prob tense_prob sad_prob relaxing_prob
0 0.2037 0.2830 0.2496 0.2310 0.0327
1 0.1680 0.0599 0.3555 0.3904 0.0262
2 0.4373 0.0889 0.3149 0.0938 0.0650
3 0.5312 0.1030 0.2671 0.0394 0.0591
4 0.3887 0.0606 0.4338 0.0635 0.0534
5 0.3779 0.0553 0.3721 0.1327 0.0622
6 0.3596 0.0403 0.4915 0.0665 0.0420
7 0.2256 0.0912 0.1550 0.5083 0.0197
8 0.5938 0.0939 0.0340 0.0213 0.2573
9 0.5957 0.0627 0.0313 0.0378 0.2727
10 0.0168 0.1476 0.5928 0.2357 0.0071
11 0.0113 0.1323 0.7266 0.1234 0.0063
12 0.0235 0.0828 0.3948 0.4839 0.0151
13 0.0305 0.1255 0.3633 0.4666 0.0142
14 0.0515 0.0440 0.4180 0.4663 0.0203
15 0.1638 0.0077 0.2786 0.5127 0.0374
16 0.2710 0.0364 0.4944 0.1544 0.0439
17 0.0236 0.1719 0.3472 0.4387 0.0187
18 0.1499 0.0560 0.0498 0.7378 0.0067
19 0.2852 0.0473 0.0743 0.5806 0.0129
20 0.1077 0.1383 0.4429 0.2949 0.0161
21 0.0358 0.0605 0.1520 0.7480 0.0036
22 0.0711 0.1602 0.0956 0.6538 0.0193
23 0.1870 0.1367 0.2401 0.3958 0.0404
24 0.1209 0.1136 0.2332 0.5015 0.0311
25 0.2444 0.1051 0.3501 0.2903 0.0100
26 0.2017 0.0953 0.1055 0.5483 0.0494
27 0.0874 0.2249 0.4873 0.1157 0.0847
28 0.0793 0.0537 0.1350 0.7300 0.0020
29 0.1198 0.1049 0.1152 0.6274 0.0327
30 0.0420 0.4585 0.3684 0.1178 0.0132
31 0.0378 0.3088 0.2207 0.4221 0.0108
32 0.0662 0.2988 0.3108 0.2742 0.0500
33 0.0900 0.3240 0.1003 0.4678 0.0180
34 0.0873 0.4233 0.1213 0.3196 0.0486
35 0.1078 0.0419 0.2627 0.4983 0.0894
36 0.2451 0.0356 0.5029 0.1487 0.0676
37 0.1449 0.2563 0.1270 0.4465 0.0254
38 0.0454 0.2131 0.3684 0.3516 0.0216
39 0.0508 0.3723 0.3638 0.2024 0.0107
40 0.0226 0.4753 0.2837 0.2061 0.0124
41 0.0450 0.3379 0.4338 0.1726 0.0105
42 0.0145 0.0564 0.0573 0.8682 0.0037
43 0.0637 0.3665 0.1639 0.3840 0.0218
44 0.2020 0.4519 0.0992 0.2134 0.0335
45 0.0424 0.1591 0.1350 0.5771 0.0864
46 0.0217 0.2686 0.2563 0.4500 0.0035
47 0.1649 0.0083 0.2325 0.5405 0.0535
48 0.1715 0.0211 0.4517 0.2917 0.0641
49 0.1615 0.2350 0.3696 0.1830 0.0508
50 0.1858 0.0466 0.2173 0.4746 0.0757
51 0.0574 0.4241 0.3152 0.1796 0.0237
52 0.0203 0.2981 0.4041 0.2568 0.0208
53 0.0338 0.2277 0.5049 0.2206 0.0129
54 0.1126 0.1296 0.3311 0.3691 0.0575
55 0.0700 0.0949 0.3472 0.4529 0.0349
56 0.0594 0.1774 0.2424 0.5054 0.0155
57 0.0468 0.2150 0.4551 0.2435 0.0398
58 0.0417 0.3384 0.5581 0.0247 0.0374
59 0.1180 0.2898 0.4121 0.1552 0.0249
60 0.0280 0.5234 0.4238 0.0166 0.0082
61 0.0778 0.2891 0.3770 0.1523 0.1039
62 0.1141 0.4238 0.2551 0.1809 0.0263
63 0.0659 0.1310 0.0989 0.6968 0.0074
64 0.0134 0.3909 0.5098 0.0679 0.0179
65 0.1564 0.5166 0.1458 0.0710 0.1100
66 0.1448 0.2561 0.2747 0.1918 0.1328
67 0.1910 0.2959 0.3250 0.1699 0.0181
68 0.0914 0.6392 0.1506 0.0921 0.0268
69 0.1111 0.2091 0.3557 0.2771 0.0470
70 0.1880 0.0332 0.5840 0.1794 0.0156
71 0.1394 0.0277 0.6758 0.1289 0.0283
72 0.0363 0.1531 0.1681 0.6196 0.0228
73 0.1092 0.4055 0.2422 0.1412 0.1017
74 0.0904 0.1170 0.0963 0.6782 0.0179
75 0.1031 0.0666 0.1048 0.6938 0.0315
76 0.1656 0.0997 0.2546 0.3943 0.0859
77 0.1833 0.1053 0.2751 0.3762 0.0600
78 0.0529 0.3372 0.2751 0.3191 0.0156
79 0.2795 0.2159 0.1004 0.3589 0.0453
80 0.0729 0.3342 0.2141 0.3699 0.0088
81 0.2097 0.3484 0.2549 0.1097 0.0771
82 0.0522 0.1570 0.1261 0.6406 0.0243
83 0.0440 0.2937 0.1432 0.5117 0.0074
84 0.0461 0.2378 0.3513 0.3459 0.0188
85 0.1195 0.0337 0.2610 0.3247 0.2610
86 0.0270 0.1249 0.1138 0.7305 0.0040
87 0.0558 0.1218 0.4319 0.3364 0.0541
88 0.0610 0.1647 0.6826 0.0440 0.0479
89 0.0965 0.2644 0.2771 0.3477 0.0143
90 0.0249 0.1252 0.1398 0.6880 0.0221
91 0.0486 0.1282 0.3123 0.4836 0.0273
92 0.1670 0.0951 0.3821 0.2839 0.0718
93 0.0633 0.5552 0.2175 0.1494 0.0145
94 0.1034 0.3782 0.1092 0.3782 0.0313
95 0.0449 0.2174 0.4675 0.2174 0.0529
96 0.1004 0.2974 0.1981 0.2883 0.1156
97 0.0897 0.1898 0.2656 0.4243 0.0307
98 0.0168 0.4197 0.2354 0.3218 0.0065
99 0.0754 0.2306 0.1151 0.5195 0.0592
100 0.1213 0.5522 0.2162 0.0747 0.0359
101 0.1181 0.2766 0.3582 0.2040 0.0431
102 0.1558 0.2214 0.3147 0.2321 0.0759
103 0.2073 0.2277 0.3840 0.1127 0.0684
104 0.0864 0.0837 0.0963 0.7173 0.0162
105 0.0165 0.5288 0.3284 0.1117 0.0149
106 0.5430 0.0534 0.1709 0.1231 0.1095
107 0.2515 0.1169 0.4553 0.0536 0.1226
108 0.1159 0.0221 0.2133 0.6074 0.0413
109 0.0833 0.5386 0.2710 0.0680 0.0390
110 0.1389 0.1337 0.4021 0.2220 0.1033
111 0.0996 0.2175 0.6006 0.0323 0.0497
112 0.0728 0.6792 0.1917 0.0408 0.0154
113 0.0813 0.5732 0.1776 0.1461 0.0219
114 0.0981 0.1804 0.4363 0.2773 0.0079
115 0.0368 0.1687 0.1039 0.6675 0.0230
116 0.1243 0.5747 0.1464 0.1046 0.0502
117 0.0984 0.5620 0.2117 0.0836 0.0444
118 0.0773 0.5322 0.1274 0.2134 0.0499
119 0.0804 0.2598 0.3992 0.2257 0.0349
120 0.0673 0.0864 0.1267 0.6587 0.0608
121 0.0787 0.4258 0.1654 0.3042 0.0258
122 0.0220 0.3818 0.4641 0.1192 0.0127
123 0.0642 0.2769 0.3667 0.2350 0.0571
124 0.1065 0.2874 0.1573 0.4312 0.0177
125 0.2003 0.3572 0.1205 0.2891 0.0330
126 0.0920 0.3445 0.1516 0.3696 0.0424
127 0.0848 0.4622 0.2695 0.1548 0.0286
128 0.1068 0.0949 0.2664 0.5215 0.0108
129 0.0905 0.2786 0.4216 0.1915 0.0177
130 0.0582 0.1849 0.2162 0.5186 0.0221
131 0.0406 0.2081 0.3198 0.4236 0.0077
132 0.0813 0.4097 0.2125 0.2524 0.0442
133 0.0663 0.2244 0.5220 0.1803 0.0072
134 0.1934 0.2727 0.2522 0.2483 0.0334
135 0.0335 0.0677 0.3833 0.0458 0.4697
136 0.1188 0.3057 0.1624 0.2917 0.1216
137 0.0393 0.1603 0.3447 0.4290 0.0270
138 0.0906 0.5913 0.0858 0.2158 0.0166
139 0.0710 0.1198 0.2617 0.5283 0.0191
140 0.2278 0.3018 0.3418 0.0972 0.0316
141 0.0563 0.5469 0.2124 0.1654 0.0190
142 0.0862 0.4626 0.1526 0.2534 0.0451
143 0.1245 0.4553 0.2939 0.0779 0.0484
144 0.0595 0.1342 0.3047 0.4792 0.0222
145 0.0758 0.1036 0.4573 0.3398 0.0235
146 0.1552 0.1527 0.2991 0.3550 0.0380
147 0.0564 0.2413 0.2097 0.4875 0.0050
148 0.0511 0.1171 0.2808 0.5410 0.0099
149 0.0211 0.0991 0.7207 0.1534 0.0056
150 0.0225 0.1576 0.6382 0.1786 0.0034
151 0.0425 0.0776 0.3816 0.4678 0.0306
152 0.0793 0.1110 0.1298 0.6694 0.0106
153 0.1531 0.3530 0.2389 0.2043 0.0505
154 0.0691 0.2649 0.1670 0.4685 0.0307
155 0.1582 0.0327 0.1354 0.6665 0.0074
156 0.0234 0.0905 0.2742 0.5991 0.0129
157 0.0868 0.5884 0.2322 0.0676 0.0251
158 0.0743 0.0946 0.2493 0.5708 0.0111
159 0.0539 0.5229 0.1909 0.2267 0.0054
160 0.0525 0.1165 0.3369 0.4604 0.0336
161 0.0597 0.2634 0.2554 0.3955 0.0261
162 0.1046 0.2356 0.2146 0.4333 0.0118
163 0.1595 0.1322 0.3948 0.1195 0.1940
164 0.1680 0.5420 0.1641 0.0972 0.0287
165 0.1514 0.5942 0.1490 0.0876 0.0179
166 0.1167 0.1582 0.2610 0.4509 0.0133
167 0.0731 0.0822 0.3713 0.3892 0.0842
168 0.0370 0.3457 0.4438 0.1223 0.0510
169 0.0750 0.3259 0.5205 0.0257 0.0528
170 0.0882 0.2673 0.2915 0.3459 0.0069
171 0.1816 0.1019 0.3906 0.1844 0.1415
172 0.0276 0.3059 0.4929 0.1379 0.0357
173 0.0641 0.2103 0.3308 0.3691 0.0255
174 0.0589 0.2024 0.2944 0.3962 0.0481
175 0.0718 0.2976 0.2428 0.3479 0.0399
176 0.0148 0.0515 0.8447 0.0823 0.0065
177 0.1252 0.0403 0.1105 0.7095 0.0144
178 0.0285 0.1042 0.3870 0.4668 0.0136
179 0.3086 0.2188 0.3552 0.1050 0.0126
180 0.2505 0.3398 0.2014 0.1805 0.0277
181 0.2383 0.2421 0.1885 0.3132 0.0179
182 0.0966 0.3425 0.4199 0.1241 0.0168
183 0.1835 0.1343 0.2979 0.3647 0.0196
184 0.0935 0.1448 0.5820 0.1733 0.0065
185 0.1333 0.5571 0.1956 0.0888 0.0255
186 0.1075 0.5508 0.0775 0.2443 0.0201
187 0.0863 0.0704 0.2920 0.5288 0.0227
188 0.0588 0.0569 0.3032 0.5576 0.0236
189 0.2688 0.4036 0.1331 0.1656 0.0290
190 0.1182 0.2388 0.1494 0.4785 0.0153
191 0.0718 0.0356 0.2795 0.6016 0.0116
192 0.0497 0.0475 0.3245 0.5693 0.0091
193 0.1010 0.4353 0.3186 0.1381 0.0070
194 0.2891 0.1421 0.1465 0.4014 0.0208
195 0.3113 0.4221 0.1680 0.0734 0.0253
196 0.3228 0.1769 0.2117 0.2437 0.0451
197 0.3501 0.2314 0.1426 0.2278 0.0481
198 0.1683 0.2976 0.2488 0.2607 0.0246
199 0.0982 0.0634 0.4199 0.3945 0.0241
200 0.0692 0.2822 0.3682 0.2198 0.0606
201 0.1285 0.2537 0.2988 0.3083 0.0110
202 0.3599 0.2288 0.2532 0.1432 0.0149
203 0.0660 0.0475 0.2913 0.5884 0.0071
204 0.0721 0.0343 0.2257 0.6533 0.0147
205 0.0378 0.4531 0.1542 0.3528 0.0021
206 0.0599 0.2815 0.3044 0.3503 0.0037
207 0.1677 0.1931 0.1704 0.4351 0.0336
208 0.1038 0.2844 0.1698 0.4268 0.0152
209 0.1088 0.4043 0.2080 0.2529 0.0260
210 0.0452 0.1470 0.1801 0.2025 0.4253
211 0.1063 0.1387 0.1283 0.6216 0.0053
212 0.0961 0.1169 0.0661 0.7163 0.0047
213 0.1090 0.1526 0.0977 0.6323 0.0085
214 0.1906 0.1555 0.0886 0.5557 0.0096
215 0.0984 0.0693 0.2151 0.6128 0.0046
216 0.1178 0.0977 0.0992 0.6777 0.0076
217 0.2065 0.0295 0.1355 0.6167 0.0119
218 0.1079 0.1385 0.1545 0.5923 0.0065
219 0.0925 0.0767 0.1000 0.7275 0.0035
220 0.1160 0.0726 0.1178 0.6885 0.0051
221 0.0127 0.4675 0.3213 0.1919 0.0067
222 0.1048 0.2399 0.2515 0.3628 0.0410
223 0.3162 0.3528 0.1802 0.1318 0.0193
224 0.1906 0.1211 0.2408 0.4360 0.0114
225 0.1210 0.0521 0.0497 0.7710 0.0064
226 0.2087 0.3284 0.2240 0.0837 0.1552
227 0.0796 0.1659 0.1836 0.2610 0.3098
228 0.3538 0.2910 0.1864 0.1533 0.0155
229 0.1793 0.4072 0.2249 0.1724 0.0163
230 0.0351 0.1560 0.2737 0.5278 0.0075
231 0.0421 0.1470 0.4456 0.3259 0.0392
232 0.1912 0.3801 0.2115 0.1957 0.0214
233 0.3198 0.2164 0.2866 0.1398 0.0373
234 0.2155 0.1978 0.1858 0.3843 0.0168
235 0.1848 0.1921 0.1764 0.4297 0.0169
236 0.1542 0.1210 0.1192 0.5913 0.0143
237 0.2035 0.1008 0.0809 0.5981 0.0166
238 0.2352 0.1201 0.1230 0.5059 0.0160
239 0.1586 0.2289 0.2020 0.3862 0.0243
240 0.1595 0.3513 0.2981 0.1711 0.0198
241 0.2544 0.2927 0.1681 0.2686 0.0164
242 0.2123 0.1209 0.2482 0.4092 0.0095
243 0.0732 0.0553 0.1959 0.6631 0.0127
244 0.2037 0.2830 0.2496 0.2310 0.0327
245 0.0945 0.0874 0.3796 0.4170 0.0213
246 0.0398 0.1598 0.5000 0.2893 0.0110
247 0.0912 0.5991 0.2292 0.0667 0.0135
248 0.0583 0.0630 0.1466 0.7217 0.0105
249 0.1449 0.1890 0.3069 0.1259 0.2334
250 0.0985 0.1663 0.2964 0.4246 0.0145
251 0.0495 0.2830 0.4382 0.2053 0.0241
252 0.0253 0.0939 0.8369 0.0351 0.0089
253 0.0841 0.0687 0.1925 0.6514 0.0033
254 0.1857 0.4351 0.1527 0.1827 0.0438
255 0.0204 0.1793 0.1608 0.6357 0.0035
256 0.0591 0.1158 0.0665 0.7378 0.0209
257 0.1100 0.2854 0.1613 0.4150 0.0282
258 0.1667 0.2791 0.2140 0.3237 0.0163
259 0.1357 0.3359 0.1625 0.3467 0.0193
260 0.0786 0.1412 0.0837 0.6846 0.0121
261 0.1600 0.3779 0.2766 0.1677 0.0177
262 0.1121 0.1005 0.3145 0.4575 0.0157
263 0.0332 0.5112 0.2959 0.1477 0.0117
264 0.0724 0.0930 0.0759 0.7432 0.0157
265 0.0654 0.1532 0.0718 0.6870 0.0228
266 0.0675 0.1311 0.2607 0.4368 0.1038
267 0.0213 0.4175 0.1636 0.3628 0.0348
268 0.0743 0.2037 0.0798 0.6274 0.0148
269 0.1658 0.1079 0.0759 0.6357 0.0147
270 0.2559 0.2222 0.1871 0.2559 0.0792
271 0.2260 0.1101 0.1602 0.4492 0.0545
272 0.2037 0.2830 0.2496 0.2310 0.0327
273 0.2037 0.2830 0.2496 0.2310 0.0327
