time exciting_prob fearful_prob tense_prob sad_prob relaxing_prob
0 0.0773 0.1196 0.2532 0.4807 0.0692
1 0.1500 0.5156 0.1768 0.0157 0.1421
2 0.1042 0.4255 0.3472 0.0067 0.1163
3 0.1731 0.5459 0.2404 0.0074 0.0331
4 0.3433 0.5527 0.0522 0.0060 0.0454
5 0.2986 0.4734 0.0779 0.0359 0.1142
6 0.2664 0.5054 0.0865 0.0117 0.1299
7 0.4546 0.3328 0.0620 0.0152 0.1355
8 0.3477 0.2484 0.0996 0.0653 0.2389
9 0.4111 0.2455 0.2271 0.0202 0.0961
10 0.2428 0.1709 0.0648 0.4329 0.0886
11 0.5508 0.0695 0.0363 0.2242 0.1191
12 0.3176 0.1097 0.0671 0.3381 0.1674
13 0.4180 0.1235 0.0646 0.2742 0.1198
14 0.2485 0.0735 0.0770 0.4570 0.1438
15 0.0622 0.0285 0.0557 0.8062 0.0477
16 0.3474 0.3066 0.0633 0.1259 0.1566
17 0.4858 0.2947 0.0906 0.0333 0.0956
18 0.4236 0.3796 0.1114 0.0429 0.0423
19 0.1703 0.5991 0.1663 0.0079 0.0566
20 0.1564 0.6587 0.1516 0.0143 0.0191
21 0.2042 0.4531 0.1919 0.0529 0.0980
22 0.2021 0.1207 0.4348 0.0667 0.1757
23 0.2168 0.2219 0.3491 0.0561 0.1561
24 0.4819 0.3162 0.1034 0.0445 0.0541
25 0.5073 0.2454 0.1635 0.0271 0.0565
26 0.1020 0.2998 0.4866 0.0311 0.0807
27 0.0972 0.2600 0.6001 0.0108 0.0318
28 0.1368 0.4775 0.2720 0.0210 0.0926
29 0.1715 0.4243 0.2307 0.0636 0.1099
30 0.1796 0.0476 0.3923 0.3628 0.0176
31 0.3765 0.1354 0.4438 0.0334 0.0109
32 0.3162 0.0892 0.4744 0.0684 0.0520
33 0.3091 0.0717 0.5298 0.0168 0.0728
34 0.1968 0.0331 0.7197 0.0370 0.0134
35 0.2142 0.0471 0.6494 0.0268 0.0623
36 0.3545 0.3489 0.2615 0.0153 0.0198
37 0.1006 0.0494 0.7734 0.0514 0.0251
38 0.4546 0.2549 0.1282 0.0410 0.1214
39 0.1624 0.0592 0.4209 0.0495 0.3081
40 0.0718 0.0776 0.6704 0.1696 0.0106
41 0.1897 0.0503 0.6885 0.0420 0.0293
42 0.3567 0.2321 0.3767 0.0109 0.0235
43 0.4612 0.1737 0.1644 0.1792 0.0214
44 0.2522 0.0899 0.5508 0.0684 0.0387
45 0.3193 0.2126 0.4365 0.0079 0.0237
46 0.2332 0.0793 0.4636 0.1382 0.0858
47 0.2064 0.3027 0.4204 0.0464 0.0241
48 0.3054 0.3032 0.3152 0.0703 0.0059
49 0.4236 0.2268 0.2866 0.0359 0.0271
50 0.3540 0.1865 0.4075 0.0254 0.0267
51 0.0821 0.0111 0.1088 0.7671 0.0312
52 0.3774 0.2084 0.2307 0.1489 0.0345
53 0.2450 0.0707 0.5522 0.0840 0.0482
54 0.1924 0.1071 0.5879 0.0909 0.0214
55 0.3691 0.0544 0.4666 0.0919 0.0179
56 0.3237 0.1888 0.4221 0.0183 0.0470
57 0.3176 0.0502 0.3892 0.2018 0.0413
58 0.3110 0.0956 0.4119 0.1266 0.0549
59 0.2637 0.0430 0.5581 0.0607 0.0744
60 0.2661 0.0684 0.4971 0.1257 0.0428
61 0.0748 0.1344 0.4441 0.3174 0.0293
62 0.1423 0.2170 0.3259 0.2311 0.0837
63 0.0286 0.2710 0.6919 0.0061 0.0023
64 0.3079 0.3953 0.1754 0.0476 0.0737
65 0.2283 0.4832 0.2014 0.0435 0.0435
66 0.1981 0.0299 0.7134 0.0542 0.0043
67 0.1135 0.0512 0.8003 0.0292 0.0057
68 0.1799 0.1871 0.5371 0.0762 0.0196
69 0.2905 0.1708 0.3818 0.0928 0.0643
70 0.2874 0.0271 0.5200 0.0804 0.0849
71 0.2177 0.1520 0.5469 0.0546 0.0288
72 0.2322 0.1204 0.6162 0.0211 0.0099
73 0.0553 0.2089 0.7065 0.0253 0.0039
74 0.1691 0.2422 0.5723 0.0071 0.0095
75 0.1652 0.1066 0.6846 0.0215 0.0222
76 0.0719 0.2081 0.6411 0.0676 0.0115
77 0.0609 0.3730 0.4866 0.0746 0.0047
78 0.0344 0.3726 0.4563 0.1307 0.0060
79 0.0909 0.3274 0.4270 0.1167 0.0382
80 0.2277 0.1145 0.5293 0.0386 0.0898
81 0.1390 0.2023 0.4280 0.1503 0.0804
82 0.1360 0.2296 0.5464 0.0217 0.0663
83 0.2045 0.1362 0.4609 0.0248 0.1736
84 0.0544 0.4487 0.4558 0.0071 0.0338
85 0.2074 0.1471 0.5464 0.0222 0.0769
86 0.4216 0.2402 0.1125 0.0693 0.1562
87 0.4070 0.1835 0.1204 0.1820 0.1071
88 0.4819 0.1328 0.1058 0.2057 0.0739
89 0.1331 0.2952 0.4163 0.1240 0.0316
90 0.2815 0.1934 0.3613 0.0858 0.0781
91 0.1678 0.2025 0.5049 0.0632 0.0613
92 0.2222 0.0912 0.5332 0.0780 0.0756
93 0.2405 0.1577 0.3289 0.1787 0.0942
94 0.0876 0.3413 0.5205 0.0271 0.0236
95 0.3904 0.1228 0.2810 0.0392 0.1665
96 0.1527 0.5327 0.2874 0.0145 0.0124
97 0.1066 0.4053 0.4021 0.0622 0.0238
98 0.1159 0.3625 0.4768 0.0105 0.0343
99 0.1885 0.3467 0.2764 0.0154 0.1730
100 0.3545 0.2720 0.3203 0.0045 0.0487
101 0.2900 0.0477 0.6143 0.0336 0.0143
102 0.4495 0.0763 0.4158 0.0412 0.0174
103 0.3123 0.4797 0.1385 0.0241 0.0453
104 0.1560 0.4109 0.3516 0.0310 0.0506
105 0.0938 0.0742 0.7607 0.0410 0.0304
106 0.1855 0.4248 0.3359 0.0211 0.0325
107 0.1202 0.1028 0.6704 0.0752 0.0313
108 0.1002 0.2385 0.4597 0.1814 0.0202
109 0.1486 0.2062 0.3735 0.2411 0.0307
110 0.2795 0.3616 0.2817 0.0442 0.0331
111 0.2087 0.0864 0.4817 0.0473 0.1758
112 0.1494 0.0706 0.7129 0.0294 0.0378
113 0.3545 0.0829 0.4846 0.0320 0.0458
114 0.1583 0.0686 0.7207 0.0245 0.0279
115 0.1080 0.2323 0.5483 0.0868 0.0245
116 0.1432 0.2117 0.3545 0.2676 0.0230
117 0.1089 0.0547 0.7324 0.0650 0.0388
118 0.2695 0.1572 0.3008 0.2532 0.0191
119 0.1863 0.0342 0.3425 0.4165 0.0206
120 0.0789 0.0814 0.6924 0.1222 0.0250
121 0.2324 0.1254 0.5195 0.0924 0.0302
122 0.0970 0.1504 0.5947 0.1316 0.0263
123 0.0225 0.0240 0.2988 0.6328 0.0218
124 0.1674 0.0417 0.2803 0.4844 0.0263
125 0.1833 0.1520 0.2883 0.2883 0.0880
126 0.1357 0.1049 0.4553 0.2986 0.0053
127 0.2615 0.0876 0.2827 0.3464 0.0220
128 0.1714 0.1868 0.5488 0.0230 0.0698
129 0.2507 0.1509 0.5024 0.0449 0.0513
130 0.1617 0.0345 0.5645 0.1112 0.1279
131 0.1882 0.1399 0.5200 0.0414 0.1107
132 0.0875 0.0645 0.6880 0.1205 0.0397
133 0.0822 0.4138 0.4204 0.0802 0.0035
134 0.1226 0.0720 0.2917 0.4885 0.0253
135 0.2299 0.1211 0.4714 0.1086 0.0690
136 0.1902 0.0837 0.3469 0.3469 0.0320
137 0.2605 0.0943 0.2605 0.3616 0.0233
138 0.4563 0.2040 0.1705 0.1338 0.0355
139 0.1865 0.0494 0.3052 0.4170 0.0419
140 0.1686 0.0317 0.4011 0.2693 0.1293
141 0.3950 0.2002 0.3101 0.0079 0.0868
142 0.2300 0.0270 0.1982 0.4946 0.0501
143 0.1713 0.0552 0.2434 0.4512 0.0790
144 0.1769 0.4209 0.3103 0.0220 0.0698
145 0.3718 0.1433 0.2186 0.2517 0.0145
146 0.3984 0.2288 0.3201 0.0170 0.0356
147 0.2930 0.1682 0.1231 0.0056 0.4099
148 0.4497 0.1011 0.3877 0.0092 0.0525
149 0.1995 0.0508 0.6802 0.0236 0.0459
150 0.1779 0.0591 0.6113 0.0860 0.0659
151 0.2500 0.2703 0.4253 0.0268 0.0276
152 0.3726 0.1963 0.3726 0.0285 0.0303
153 0.2747 0.2424 0.4187 0.0438 0.0204
154 0.1815 0.0338 0.6533 0.0728 0.0584
155 0.4377 0.0903 0.3203 0.0693 0.0823
156 0.2373 0.0944 0.5186 0.0846 0.0654
157 0.1548 0.1454 0.5933 0.0760 0.0307
158 0.3450 0.2815 0.2927 0.0059 0.0746
159 0.5562 0.0922 0.1532 0.0581 0.1405
160 0.1691 0.2559 0.5332 0.0173 0.0247
161 0.2375 0.3098 0.3564 0.0179 0.0783
162 0.1418 0.2303 0.4580 0.0692 0.1006
163 0.0941 0.1050 0.6636 0.1227 0.0145
164 0.0435 0.3289 0.5093 0.1003 0.0177
165 0.0621 0.1226 0.7515 0.0579 0.0061
166 0.2086 0.1599 0.3899 0.1841 0.0575
167 0.0970 0.3494 0.3721 0.1423 0.0392
168 0.1018 0.6743 0.1678 0.0528 0.0030
169 0.1190 0.1002 0.2769 0.4934 0.0105
170 0.3074 0.0908 0.4136 0.1545 0.0339
171 0.2864 0.0680 0.1311 0.3647 0.1498
172 0.1095 0.0084 0.0165 0.8154 0.0501
173 0.2644 0.0533 0.0521 0.4429 0.1875
174 0.4241 0.0565 0.0961 0.2532 0.1700
175 0.4871 0.1475 0.1194 0.0916 0.1545
176 0.3052 0.0379 0.0841 0.3459 0.2268
177 0.3291 0.2815 0.3560 0.0184 0.0152
178 0.2219 0.0155 0.5493 0.1125 0.1008
179 0.1451 0.4724 0.2910 0.0660 0.0254
180 0.4722 0.0490 0.4365 0.0041 0.0381
181 0.5693 0.0439 0.1764 0.1792 0.0309
182 0.2283 0.1121 0.5435 0.0416 0.0747
183 0.1930 0.0519 0.0249 0.6133 0.1170
184 0.2124 0.1554 0.3237 0.1011 0.2074
185 0.5283 0.0437 0.2037 0.2006 0.0236
186 0.0972 0.0956 0.4856 0.2900 0.0315
187 0.2761 0.0709 0.4143 0.1388 0.1000
188 0.2196 0.0974 0.2301 0.3621 0.0908
189 0.1384 0.1364 0.6709 0.0422 0.0121
190 0.1731 0.2991 0.4026 0.1002 0.0249
191 0.2729 0.2335 0.3506 0.1270 0.0158
192 0.1964 0.2561 0.0262 0.4863 0.0349
193 0.1571 0.0790 0.5615 0.1753 0.0271
194 0.2710 0.3169 0.1982 0.0765 0.1373
195 0.1442 0.1925 0.4512 0.1115 0.1006
196 0.2988 0.0817 0.4150 0.1125 0.0919
197 0.1149 0.4617 0.3198 0.0271 0.0765
198 0.0702 0.0959 0.1923 0.6064 0.0353
199 0.2527 0.0730 0.4797 0.0789 0.1157
200 0.1721 0.2729 0.3879 0.0696 0.0974
201 0.1562 0.0238 0.0933 0.6895 0.0371
202 0.5479 0.0483 0.3679 0.0050 0.0307
203 0.2542 0.2925 0.3042 0.0950 0.0541
204 0.0578 0.0457 0.1597 0.7266 0.0100
205 0.0905 0.3992 0.4023 0.0824 0.0255
206 0.1858 0.0844 0.6743 0.0280 0.0274
207 0.2185 0.1367 0.2255 0.3032 0.1160
208 0.1191 0.3066 0.2406 0.2705 0.0632
209 0.4788 0.1494 0.3369 0.0086 0.0264
210 0.1422 0.1613 0.4116 0.2659 0.0191
211 0.1720 0.0914 0.3938 0.3020 0.0409
212 0.1923 0.1724 0.3000 0.3025 0.0329
213 0.4463 0.3069 0.1531 0.0347 0.0590
214 0.2581 0.1978 0.4973 0.0083 0.0386
215 0.1498 0.0223 0.6016 0.1384 0.0880
216 0.1561 0.0333 0.0565 0.7451 0.0089
217 0.4617 0.1808 0.1354 0.1836 0.0385
218 0.1697 0.2690 0.4539 0.0629 0.0446
219 0.1311 0.3618 0.4719 0.0229 0.0122
220 0.1283 0.3406 0.3252 0.1243 0.0815
221 0.1081 0.1548 0.6270 0.0737 0.0365
222 0.4795 0.1321 0.0989 0.2507 0.0388
223 0.6147 0.1460 0.0996 0.0489 0.0907
224 0.1611 0.1315 0.5986 0.0574 0.0515
225 0.3672 0.3450 0.1320 0.0958 0.0600
226 0.2627 0.2864 0.3677 0.0102 0.0730
227 0.2715 0.2131 0.4172 0.0198 0.0784
228 0.2156 0.1392 0.4424 0.1459 0.0571
229 0.1179 0.1913 0.5894 0.0767 0.0249
230 0.2622 0.0723 0.3845 0.1278 0.1530
231 0.2681 0.0978 0.2346 0.2153 0.1842
232 0.6025 0.0286 0.0362 0.1547 0.1781
233 0.8726 0.0178 0.0251 0.0516 0.0331
234 0.1111 0.2108 0.2793 0.3701 0.0285
235 0.1180 0.0323 0.5991 0.1855 0.0651
236 0.2482 0.0292 0.4709 0.2025 0.0493
237 0.1482 0.2791 0.4895 0.0673 0.0160
238 0.1451 0.0526 0.7256 0.0675 0.0093
239 0.3306 0.0527 0.5283 0.0672 0.0210
240 0.2219 0.1305 0.5845 0.0380 0.0251
241 0.3267 0.0482 0.4827 0.1111 0.0313
242 0.4160 0.0415 0.5098 0.0226 0.0101
243 0.0693 0.0565 0.6367 0.2134 0.0239
244 0.1411 0.0386 0.7393 0.0444 0.0368
245 0.2422 0.1135 0.5210 0.0799 0.0434
246 0.4639 0.2812 0.1471 0.0456 0.0623
247 0.4141 0.3328 0.1621 0.0234 0.0676
248 0.4668 0.2788 0.1481 0.0352 0.0710
