time exciting_prob fearful_prob tense_prob sad_prob relaxing_prob
0 0.2932 0.3374 0.0853 0.2213 0.0629
1 0.7979 0.1476 0.0312 0.0158 0.0078
2 0.7896 0.1580 0.0313 0.0130 0.0080
3 0.7559 0.1912 0.0302 0.0141 0.0085
4 0.7515 0.1870 0.0312 0.0199 0.0105
5 0.6753 0.1904 0.0517 0.0706 0.0122
6 0.3186 0.0745 0.1035 0.3843 0.1191
7 0.0773 0.0223 0.1445 0.7451 0.0106
8 0.0597 0.0280 0.0803 0.1048 0.7271
9 0.0672 0.0715 0.0970 0.0804 0.6841
10 0.0424 0.0332 0.0484 0.0386 0.8374
11 0.0065 0.0202 0.0220 0.0296 0.9219
12 0.0129 0.0528 0.0871 0.1932 0.6538
13 0.0197 0.0897 0.1367 0.1869 0.5669
14 0.0040 0.0037 0.0033 0.0060 0.9829
15 0.0093 0.0122 0.2306 0.0034 0.7446
16 0.2600 0.0857 0.1528 0.1626 0.3389
17 0.1646 0.0471 0.1464 0.2250 0.4170
18 0.0368 0.2006 0.4663 0.1562 0.1400
19 0.0200 0.0870 0.3440 0.2681 0.2808
20 0.0392 0.3435 0.3435 0.0984 0.1754
21 0.0012 0.0018 0.0034 0.0011 0.9927
22 0.0026 0.0017 0.0036 0.0005 0.9917
23 0.0616 0.0315 0.0536 0.0540 0.7993
24 0.1321 0.0268 0.1683 0.4199 0.2527
25 0.1761 0.0563 0.1111 0.5259 0.1309
26 0.2019 0.1283 0.1421 0.3008 0.2271
27 0.0870 0.0399 0.1718 0.5635 0.1381
28 0.1001 0.1885 0.3108 0.3838 0.0170
29 0.1315 0.0911 0.1064 0.3081 0.3630
30 0.2144 0.1290 0.3398 0.2013 0.1156
31 0.0864 0.0156 0.0571 0.5415 0.2991
32 0.0834 0.0107 0.0697 0.6313 0.2050
33 0.0563 0.2013 0.3940 0.2839 0.0643
34 0.2227 0.3530 0.3369 0.0474 0.0399
35 0.0972 0.5132 0.2600 0.1181 0.0115
36 0.3472 0.2791 0.1553 0.0679 0.1505
37 0.2822 0.1808 0.1123 0.3486 0.0760
38 0.1874 0.2314 0.2426 0.2107 0.1278
39 0.2448 0.3972 0.1997 0.1461 0.0123
40 0.0246 0.0449 0.2013 0.0158 0.7134
41 0.1151 0.1741 0.5444 0.0241 0.1421
42 0.3918 0.2064 0.2651 0.0854 0.0514
43 0.0251 0.2020 0.1958 0.0925 0.4846
44 0.0363 0.3291 0.1460 0.3557 0.1329
45 0.6475 0.1346 0.1433 0.0129 0.0616
46 0.1653 0.2834 0.2041 0.2386 0.1084
47 0.0772 0.7441 0.1334 0.0092 0.0359
48 0.0955 0.3157 0.3779 0.1316 0.0792
49 0.1851 0.1545 0.1793 0.4336 0.0475
50 0.2812 0.2010 0.3528 0.1068 0.0580
51 0.3027 0.2413 0.3403 0.0938 0.0221
52 0.2595 0.5449 0.0876 0.0876 0.0202
53 0.2710 0.2507 0.1036 0.3022 0.0724
54 0.2386 0.2123 0.2542 0.2058 0.0892
55 0.2312 0.1338 0.1704 0.2969 0.1678
56 0.2117 0.2343 0.4143 0.0731 0.0666
57 0.3923 0.2654 0.2551 0.0216 0.0656
58 0.6191 0.1118 0.1843 0.0489 0.0360
59 0.3555 0.1075 0.1615 0.3337 0.0418
60 0.2937 0.1409 0.1141 0.2098 0.2416
61 0.4221 0.3088 0.1307 0.0222 0.1163
62 0.3982 0.1957 0.2234 0.0910 0.0917
63 0.2803 0.2200 0.3801 0.0125 0.1072
64 0.1959 0.2168 0.0947 0.0970 0.3958
65 0.3535 0.1643 0.2585 0.1556 0.0680
66 0.1598 0.1466 0.4883 0.1377 0.0676
67 0.0701 0.1112 0.2078 0.4907 0.1202
68 0.1749 0.3479 0.3425 0.0741 0.0605
69 0.3865 0.1929 0.1702 0.2344 0.0161
70 0.3438 0.2069 0.1255 0.1537 0.1702
71 0.2100 0.3687 0.3330 0.0487 0.0398
72 0.2115 0.2781 0.4307 0.0362 0.0436
73 0.4016 0.2532 0.2893 0.0141 0.0420
74 0.3418 0.0858 0.1075 0.0396 0.4253
75 0.2964 0.2169 0.2720 0.1730 0.0417
76 0.3325 0.2375 0.2001 0.1765 0.0534
77 0.4883 0.2437 0.1388 0.0556 0.0737
78 0.2971 0.2407 0.1761 0.2603 0.0258
79 0.0980 0.2074 0.4255 0.2581 0.0112
80 0.1780 0.1158 0.1071 0.5400 0.0592
81 0.1447 0.0296 0.0793 0.6797 0.0668
82 0.0243 0.0385 0.1793 0.7549 0.0030
83 0.1956 0.0494 0.1621 0.5571 0.0359
84 0.3977 0.2356 0.0975 0.1938 0.0753
85 0.4033 0.1383 0.0696 0.2245 0.1643
86 0.1671 0.1671 0.1418 0.4543 0.0696
87 0.1472 0.0973 0.1906 0.5181 0.0471
88 0.1741 0.0616 0.1714 0.5532 0.0395
89 0.5239 0.2986 0.0527 0.1124 0.0126
90 0.1722 0.0770 0.0266 0.4263 0.2976
91 0.2354 0.1631 0.0319 0.4944 0.0753
92 0.4392 0.1471 0.2769 0.0906 0.0463
93 0.5801 0.1048 0.1388 0.0693 0.1072
94 0.3193 0.1174 0.3792 0.1631 0.0212
95 0.1846 0.2012 0.5059 0.0375 0.0712
96 0.0708 0.1672 0.4915 0.2549 0.0157
97 0.2935 0.1022 0.2001 0.3596 0.0446
98 0.3567 0.3376 0.1558 0.0692 0.0808
99 0.2847 0.1548 0.1838 0.1388 0.2379
100 0.2072 0.1190 0.1118 0.2461 0.3159
101 0.1930 0.1170 0.0792 0.1479 0.4629
102 0.5537 0.2495 0.0829 0.0338 0.0804
103 0.4111 0.2019 0.2019 0.0969 0.0882
104 0.3022 0.1998 0.2336 0.0252 0.2391
105 0.2510 0.1431 0.2756 0.1204 0.2097
106 0.3762 0.2126 0.1405 0.0546 0.2161
107 0.4885 0.2201 0.1235 0.0202 0.1478
108 0.2617 0.1117 0.2274 0.0269 0.3721
109 0.3286 0.1287 0.3965 0.0204 0.1257
110 0.2417 0.1586 0.3462 0.0385 0.2150
111 0.2054 0.1730 0.4629 0.0562 0.1025
112 0.1793 0.2651 0.3596 0.1646 0.0314
113 0.1223 0.3887 0.3323 0.1096 0.0471
114 0.0547 0.4990 0.4202 0.0175 0.0087
115 0.0539 0.4624 0.4343 0.0345 0.0149
116 0.0471 0.3120 0.5742 0.0498 0.0171
117 0.0779 0.4849 0.3958 0.0303 0.0114
118 0.3501 0.2350 0.0684 0.2622 0.0845
119 0.3154 0.4243 0.0829 0.0480 0.1294
120 0.4502 0.2429 0.1230 0.1416 0.0422
121 0.6626 0.1715 0.0325 0.1107 0.0227
122 0.2734 0.3594 0.2302 0.1213 0.0155
123 0.1179 0.2290 0.0447 0.5850 0.0234
124 0.0380 0.1074 0.1143 0.7222 0.0182
125 0.3247 0.1879 0.0814 0.3511 0.0551
126 0.0097 0.1567 0.6919 0.1383 0.0035
127 0.3018 0.2903 0.0467 0.0885 0.2727
128 0.2186 0.4812 0.1562 0.0978 0.0462
129 0.6455 0.1166 0.1038 0.0605 0.0735
130 0.6465 0.1215 0.0676 0.0984 0.0660
131 0.4021 0.1869 0.1990 0.0933 0.1188
132 0.2822 0.4653 0.0534 0.1499 0.0490
133 0.1512 0.5117 0.0791 0.1675 0.0903
134 0.4277 0.0433 0.1356 0.2893 0.1040
135 0.3184 0.1829 0.1199 0.2480 0.1307
136 0.2399 0.5981 0.0687 0.0213 0.0720
137 0.4373 0.2472 0.1409 0.0999 0.0748
138 0.2834 0.2009 0.2139 0.2482 0.0536
139 0.1559 0.1292 0.1895 0.3596 0.1659
140 0.1935 0.4866 0.1997 0.1085 0.0118
141 0.2399 0.3203 0.1884 0.1869 0.0646
142 0.2844 0.2671 0.1243 0.1418 0.1823
143 0.4263 0.2228 0.1532 0.1165 0.0814
144 0.2632 0.3831 0.1971 0.0848 0.0720
145 0.0909 0.0841 0.1262 0.6265 0.0725
146 0.3931 0.1266 0.1227 0.2620 0.0956
147 0.3459 0.1881 0.0953 0.2098 0.1609
148 0.4292 0.2192 0.1068 0.2175 0.0272
149 0.1573 0.1990 0.1840 0.4414 0.0182
150 0.4197 0.2317 0.1260 0.0478 0.1749
151 0.1666 0.4636 0.2009 0.1317 0.0372
152 0.4167 0.3647 0.1428 0.0293 0.0464
153 0.3201 0.1713 0.1754 0.1987 0.1345
154 0.4753 0.3789 0.0669 0.0740 0.0047
155 0.2981 0.3711 0.1713 0.1453 0.0143
156 0.5527 0.0226 0.0539 0.3596 0.0112
157 0.2507 0.3196 0.0952 0.1498 0.1849
158 0.7622 0.0992 0.0089 0.1107 0.0191
159 0.2764 0.2037 0.1276 0.2808 0.1116
160 0.2307 0.0785 0.0726 0.6079 0.0105
161 0.1819 0.4468 0.2976 0.0337 0.0400
162 0.6255 0.0765 0.0568 0.0505 0.1908
163 0.1826 0.1265 0.2517 0.4084 0.0308
164 0.4092 0.0289 0.1887 0.3582 0.0149
165 0.3010 0.1943 0.1255 0.2783 0.1008
166 0.1509 0.0664 0.0591 0.7031 0.0204
167 0.4307 0.1477 0.0828 0.1768 0.1622
168 0.2214 0.3147 0.1765 0.2001 0.0874
169 0.2646 0.3169 0.0664 0.1395 0.2126
170 0.2732 0.1175 0.0493 0.4792 0.0807
171 0.1281 0.6763 0.1121 0.0680 0.0154
172 0.0201 0.5269 0.1131 0.3350 0.0048
173 0.1237 0.1692 0.0812 0.5210 0.1050
174 0.2925 0.0717 0.0858 0.4602 0.0899
175 0.1041 0.1025 0.4451 0.2169 0.1316
176 0.0632 0.0734 0.2581 0.5635 0.0418
177 0.3093 0.3093 0.1384 0.0217 0.2211
178 0.1619 0.1545 0.0765 0.3977 0.2095
179 0.3835 0.3230 0.0743 0.0354 0.1840
180 0.2803 0.4658 0.0903 0.0483 0.1151
181 0.3733 0.1819 0.0331 0.1428 0.2688
182 0.3882 0.4036 0.0724 0.0464 0.0894
183 0.4666 0.3083 0.0710 0.0323 0.1217
184 0.2515 0.1840 0.0932 0.4412 0.0303
185 0.8638 0.0050 0.0034 0.0842 0.0437
186 0.5293 0.0210 0.1317 0.3062 0.0121
187 0.0887 0.0795 0.1765 0.6455 0.0097
188 0.2239 0.1180 0.2421 0.3257 0.0905
189 0.3018 0.1979 0.2009 0.2207 0.0787
190 0.3252 0.0611 0.1254 0.3743 0.1141
191 0.2751 0.0951 0.2045 0.2505 0.1749
192 0.3018 0.0892 0.1426 0.3640 0.1027
193 0.0674 0.1382 0.3164 0.4531 0.0248
194 0.1062 0.3003 0.1924 0.3977 0.0035
195 0.0751 0.1094 0.1299 0.6597 0.0262
196 0.1035 0.2295 0.3088 0.3391 0.0190
197 0.0955 0.0955 0.2021 0.5942 0.0125
198 0.0517 0.3398 0.3047 0.2954 0.0083
199 0.0657 0.3289 0.2900 0.3040 0.0113
200 0.1647 0.1344 0.0983 0.5747 0.0277
201 0.2234 0.0861 0.1971 0.3860 0.1072
202 0.3706 0.2979 0.0974 0.0735 0.1606
203 0.3831 0.3054 0.0748 0.1796 0.0569
204 0.2216 0.1224 0.0945 0.0888 0.4727
205 0.0364 0.0546 0.5874 0.1509 0.1709
206 0.1099 0.0515 0.0368 0.2119 0.5898
207 0.1962 0.1552 0.4893 0.0575 0.1017
208 0.1768 0.2825 0.1334 0.3489 0.0583
209 0.0848 0.1132 0.3711 0.4075 0.0235
210 0.1036 0.1669 0.0826 0.6201 0.0270
211 0.3179 0.3179 0.0810 0.1943 0.0890
212 0.1247 0.3496 0.1307 0.3608 0.0341
213 0.4470 0.1969 0.1765 0.0432 0.1364
214 0.3210 0.1002 0.0612 0.4932 0.0244
215 0.0622 0.1526 0.2478 0.5327 0.0047
216 0.4133 0.1606 0.2607 0.0201 0.1451
217 0.3198 0.2778 0.2001 0.1214 0.0809
218 0.2457 0.2615 0.3384 0.1008 0.0536
219 0.3149 0.3354 0.2612 0.0259 0.0625
220 0.3213 0.2107 0.2683 0.1733 0.0264
221 0.3237 0.2747 0.1093 0.2224 0.0700
222 0.3704 0.2690 0.1300 0.2144 0.0161
223 0.4644 0.2061 0.1936 0.0147 0.1212
224 0.1122 0.2610 0.3799 0.2377 0.0092
225 0.1700 0.1754 0.1304 0.3743 0.1500
226 0.0617 0.1091 0.1379 0.6792 0.0120
227 0.2947 0.4636 0.0987 0.0799 0.0632
228 0.3318 0.3760 0.2211 0.0474 0.0237
229 0.1309 0.0452 0.1110 0.6909 0.0220
230 0.0487 0.3354 0.0815 0.5278 0.0065
231 0.3682 0.3857 0.1131 0.0731 0.0601
232 0.3169 0.3169 0.2527 0.0915 0.0222
233 0.1498 0.2230 0.0742 0.5435 0.0096
234 0.0609 0.3425 0.3218 0.0701 0.2046
235 0.5415 0.0844 0.1092 0.2137 0.0512
236 0.0088 0.2668 0.1497 0.5737 0.0010
237 0.4414 0.2117 0.1611 0.1755 0.0104
238 0.2222 0.2291 0.0911 0.3606 0.0970
239 0.2480 0.2769 0.4421 0.0162 0.0168
240 0.2717 0.1797 0.0414 0.2417 0.2654
241 0.1449 0.2815 0.1299 0.3730 0.0706
242 0.0148 0.0993 0.1826 0.7002 0.0033
243 0.1368 0.1503 0.0616 0.3958 0.2556
244 0.3057 0.1854 0.1294 0.2615 0.1179
245 0.4353 0.3723 0.0905 0.0652 0.0369
246 0.4412 0.0903 0.1169 0.1882 0.1636
247 0.3855 0.1570 0.1364 0.1594 0.1619
248 0.3279 0.4807 0.1622 0.0234 0.0060
249 0.2327 0.1422 0.1265 0.4380 0.0607
250 0.2496 0.2496 0.1538 0.0213 0.3257
251 0.2622 0.1963 0.0318 0.1732 0.3367
252 0.2646 0.1053 0.1581 0.3733 0.0989
