time exciting_prob fearful_prob tense_prob sad_prob relaxing_prob
0 0.2037 0.2830 0.2496 0.2310 0.0327
1 0.0997 0.3271 0.3823 0.0211 0.1697
2 0.0309 0.3425 0.1520 0.0066 0.4680
3 0.0379 0.3770 0.1344 0.0066 0.4441
4 0.0363 0.2561 0.1172 0.0091 0.5815
5 0.1302 0.4954 0.3223 0.0180 0.0342
6 0.0781 0.4290 0.4426 0.0188 0.0316
7 0.0204 0.1272 0.6162 0.0730 0.1632
8 0.0497 0.4165 0.1937 0.0306 0.3096
9 0.0253 0.4443 0.3008 0.0198 0.2098
10 0.0747 0.1582 0.1533 0.0260 0.5879
11 0.0483 0.2032 0.1333 0.0796 0.5356
12 0.0087 0.4697 0.5078 0.0112 0.0024
13 0.0266 0.1200 0.1719 0.0328 0.6489
14 0.0410 0.3857 0.4763 0.0535 0.0433
15 0.0591 0.4685 0.4070 0.0275 0.0379
16 0.0714 0.3684 0.4077 0.0391 0.1132
17 0.0600 0.4944 0.3792 0.0281 0.0384
18 0.0812 0.5176 0.3115 0.0139 0.0757
19 0.0809 0.4622 0.2654 0.0201 0.1714
20 0.1013 0.4436 0.2842 0.0246 0.1462
21 0.0278 0.0906 0.0554 0.0064 0.8198
22 0.0753 0.1311 0.0486 0.0137 0.7314
23 0.0094 0.1382 0.1554 0.0628 0.6343
24 0.0665 0.6826 0.2081 0.0332 0.0096
25 0.0496 0.3159 0.4119 0.1516 0.0710
26 0.0167 0.2810 0.2120 0.0750 0.4153
27 0.0861 0.1713 0.5884 0.0269 0.1273
28 0.0707 0.5264 0.2930 0.0573 0.0526
29 0.0272 0.1287 0.0774 0.0091 0.7578
30 0.0685 0.5259 0.1567 0.0224 0.2263
31 0.0263 0.6279 0.3362 0.0070 0.0025
32 0.0074 0.3149 0.4172 0.2268 0.0337
33 0.0114 0.4011 0.5400 0.0179 0.0298
34 0.0665 0.5190 0.3457 0.0162 0.0526
35 0.0214 0.5469 0.3940 0.0187 0.0190
36 0.0600 0.7666 0.1251 0.0284 0.0200
37 0.0396 0.1692 0.2349 0.3525 0.2040
38 0.0963 0.4668 0.2703 0.0575 0.1091
39 0.1219 0.1516 0.2834 0.3364 0.1067
40 0.2551 0.2416 0.1421 0.1512 0.2100
41 0.1037 0.0989 0.2710 0.3823 0.1439
42 0.0920 0.0980 0.3667 0.2173 0.2260
43 0.0854 0.0510 0.3540 0.3711 0.1387
44 0.0389 0.5205 0.4182 0.0083 0.0140
45 0.1081 0.2612 0.4016 0.0286 0.2003
46 0.0617 0.4026 0.3235 0.1135 0.0986
47 0.0852 0.2428 0.5342 0.0839 0.0537
48 0.3108 0.3689 0.2363 0.0296 0.0544
49 0.2363 0.3386 0.3777 0.0143 0.0333
50 0.0861 0.3948 0.3652 0.0556 0.0983
51 0.0463 0.7656 0.0880 0.0735 0.0266
52 0.0726 0.6323 0.1990 0.0593 0.0368
53 0.2930 0.2095 0.3269 0.0833 0.0873
54 0.3184 0.1348 0.4351 0.0344 0.0774
55 0.1532 0.1021 0.5786 0.0782 0.0880
56 0.1967 0.0701 0.2566 0.3972 0.0795
57 0.1305 0.1478 0.5083 0.1326 0.0810
58 0.2018 0.3950 0.2198 0.0356 0.1476
59 0.1223 0.4233 0.2549 0.0555 0.1440
60 0.1017 0.5586 0.2310 0.0380 0.0710
61 0.0530 0.3298 0.2529 0.0243 0.3401
62 0.0806 0.4155 0.2156 0.0459 0.2424
63 0.0285 0.3467 0.2786 0.2498 0.0963
64 0.0054 0.2607 0.5605 0.0460 0.1271
65 0.0771 0.1849 0.2321 0.0147 0.4912
66 0.0177 0.1973 0.2201 0.1537 0.4111
67 0.0320 0.5933 0.2983 0.0223 0.0539
68 0.1891 0.1495 0.1951 0.3879 0.0782
69 0.1281 0.2412 0.2301 0.3025 0.0982
70 0.1248 0.1034 0.3445 0.3391 0.0884
71 0.0346 0.6958 0.2367 0.0196 0.0134
72 0.1104 0.3047 0.3792 0.0400 0.1656
73 0.0891 0.5767 0.2520 0.0414 0.0411
74 0.0925 0.1444 0.5283 0.1676 0.0671
75 0.0787 0.2644 0.5771 0.0428 0.0369
76 0.1818 0.3142 0.3940 0.0209 0.0893
77 0.1466 0.1345 0.3354 0.3381 0.0454
78 0.0783 0.2179 0.5435 0.1062 0.0542
79 0.0740 0.1012 0.7476 0.0609 0.0164
80 0.1434 0.4248 0.3413 0.0492 0.0411
81 0.1294 0.0917 0.5117 0.2343 0.0332
82 0.0407 0.3718 0.5493 0.0267 0.0112
83 0.2698 0.2964 0.2827 0.0823 0.0688
84 0.1177 0.1398 0.4512 0.2115 0.0797
85 0.2101 0.3105 0.3330 0.0312 0.1151
86 0.0978 0.3440 0.4851 0.0492 0.0241
87 0.1186 0.4011 0.3740 0.0606 0.0457
88 0.0273 0.2468 0.1498 0.0453 0.5308
89 0.0115 0.1251 0.0534 0.0067 0.8032
90 0.0168 0.2415 0.1659 0.0146 0.5610
91 0.0139 0.6450 0.3071 0.0209 0.0130
92 0.0238 0.7222 0.2036 0.0135 0.0371
93 0.0267 0.7041 0.2472 0.0038 0.0183
94 0.0776 0.1763 0.6201 0.0846 0.0415
95 0.0644 0.2488 0.4006 0.2178 0.0685
96 0.1180 0.4595 0.3635 0.0434 0.0155
97 0.1299 0.4065 0.3477 0.1028 0.0132
98 0.2703 0.2578 0.3933 0.0496 0.0289
99 0.0717 0.1873 0.5859 0.0934 0.0618
100 0.0284 0.6211 0.3430 0.0033 0.0041
101 0.0811 0.0667 0.4351 0.3899 0.0274
102 0.0395 0.5317 0.3953 0.0064 0.0269
103 0.0268 0.6792 0.2639 0.0046 0.0253
104 0.0382 0.6675 0.2515 0.0184 0.0245
105 0.0607 0.5244 0.2595 0.0792 0.0761
106 0.0388 0.5840 0.3489 0.0063 0.0220
107 0.0141 0.7256 0.1953 0.0037 0.0614
108 0.1577 0.1719 0.5508 0.0155 0.1042
109 0.1912 0.2571 0.4880 0.0089 0.0547
110 0.0818 0.1934 0.5864 0.0711 0.0673
111 0.1438 0.1981 0.4570 0.0966 0.1044
112 0.0690 0.5918 0.3022 0.0030 0.0337
113 0.1455 0.1089 0.2676 0.4177 0.0602
114 0.0966 0.5557 0.2335 0.0478 0.0663
115 0.0863 0.5205 0.1813 0.0095 0.2023
116 0.0988 0.4360 0.3240 0.0609 0.0800
117 0.1171 0.1503 0.5718 0.1189 0.0421
118 0.0669 0.5264 0.2905 0.0103 0.1061
119 0.1190 0.4187 0.3445 0.0169 0.1010
120 0.0235 0.3289 0.2026 0.0292 0.4158
121 0.0246 0.4932 0.2900 0.1653 0.0270
122 0.0198 0.4497 0.3848 0.0229 0.1229
123 0.0431 0.3157 0.4966 0.0721 0.0727
124 0.0519 0.4314 0.4849 0.0263 0.0056
125 0.1086 0.1520 0.5142 0.2061 0.0192
126 0.2482 0.2313 0.3755 0.1257 0.0193
127 0.0697 0.0574 0.7495 0.1014 0.0218
128 0.1971 0.3433 0.1881 0.0443 0.2269
129 0.0538 0.1353 0.5698 0.1938 0.0475
130 0.0723 0.0793 0.6240 0.1788 0.0456
131 0.0850 0.4119 0.4453 0.0132 0.0448
132 0.1349 0.3064 0.3694 0.0627 0.1267
133 0.0911 0.0743 0.3438 0.4626 0.0282
134 0.1603 0.0390 0.2900 0.4934 0.0172
135 0.0970 0.1367 0.6523 0.1016 0.0121
136 0.1956 0.3328 0.1387 0.3005 0.0324
137 0.1271 0.5391 0.2356 0.0385 0.0596
138 0.1165 0.5303 0.1416 0.1240 0.0879
139 0.0866 0.1863 0.5967 0.0753 0.0551
140 0.1454 0.1283 0.1304 0.5078 0.0882
141 0.0726 0.3689 0.2308 0.2185 0.1091
142 0.0609 0.4502 0.3093 0.1020 0.0776
143 0.1274 0.1367 0.2151 0.4246 0.0962
144 0.1248 0.2277 0.2539 0.3113 0.0825
145 0.3511 0.2888 0.1302 0.1659 0.0640
146 0.0201 0.4102 0.5024 0.0559 0.0115
147 0.0133 0.6865 0.2908 0.0061 0.0031
148 0.0673 0.4565 0.3787 0.0412 0.0563
149 0.0917 0.4412 0.2362 0.0484 0.1825
150 0.0734 0.6597 0.2059 0.0256 0.0355
151 0.2712 0.0967 0.2249 0.3650 0.0422
152 0.0066 0.1929 0.0552 0.7393 0.0061
153 0.0395 0.2495 0.3057 0.3745 0.0307
154 0.0292 0.5093 0.3728 0.0638 0.0250
155 0.0442 0.6299 0.3022 0.0086 0.0153
156 0.0988 0.4602 0.4258 0.0078 0.0074
157 0.1182 0.5815 0.2812 0.0090 0.0098
158 0.0541 0.4824 0.3757 0.0764 0.0114
159 0.1163 0.2482 0.5771 0.0363 0.0222
160 0.0130 0.3877 0.5820 0.0116 0.0059
161 0.0138 0.4126 0.5464 0.0233 0.0039
162 0.0748 0.1753 0.7100 0.0119 0.0280
163 0.0662 0.1267 0.7349 0.0405 0.0318
164 0.1410 0.1973 0.4048 0.2084 0.0487
165 0.1073 0.1700 0.5708 0.0606 0.0911
166 0.0793 0.1919 0.6338 0.0372 0.0576
167 0.1030 0.1522 0.3738 0.0909 0.2800
168 0.0429 0.1281 0.5186 0.2585 0.0521
169 0.1235 0.1500 0.4143 0.1989 0.1133
170 0.0711 0.1307 0.5254 0.0689 0.2041
171 0.0574 0.2400 0.4849 0.0677 0.1501
172 0.0249 0.0516 0.4456 0.1947 0.2832
173 0.0355 0.1129 0.2281 0.0131 0.6104
174 0.0882 0.1215 0.1687 0.0143 0.6074
175 0.0323 0.1653 0.4934 0.0323 0.2769
176 0.0804 0.1742 0.2382 0.0072 0.5000
177 0.0699 0.1771 0.2830 0.0177 0.4524
178 0.0174 0.0652 0.4316 0.2240 0.2617
179 0.0682 0.2634 0.4050 0.0484 0.2151
180 0.0202 0.0684 0.8071 0.0336 0.0706
181 0.0668 0.0580 0.4709 0.3726 0.0316
182 0.0498 0.0582 0.3738 0.4104 0.1079
183 0.1098 0.0911 0.3408 0.0954 0.3628
184 0.0123 0.0704 0.8716 0.0401 0.0054
185 0.0550 0.0695 0.5820 0.2625 0.0309
186 0.0502 0.1185 0.7549 0.0506 0.0260
187 0.0933 0.1422 0.2534 0.4734 0.0377
188 0.1008 0.3435 0.3894 0.0773 0.0889
189 0.0897 0.0710 0.7168 0.1117 0.0106
190 0.1136 0.0589 0.7466 0.0662 0.0148
191 0.0638 0.3506 0.5024 0.0067 0.0764
192 0.0897 0.2517 0.5898 0.0276 0.0414
193 0.0402 0.0756 0.8325 0.0421 0.0097
194 0.1422 0.5493 0.2273 0.0138 0.0672
195 0.0817 0.1152 0.7168 0.0566 0.0300
196 0.0935 0.0819 0.7075 0.0425 0.0746
197 0.0611 0.0823 0.7505 0.0732 0.0327
198 0.0229 0.3159 0.5635 0.0445 0.0532
199 0.0112 0.5562 0.3591 0.0509 0.0224
200 0.0494 0.0675 0.8032 0.0614 0.0186
201 0.1037 0.1061 0.4331 0.3401 0.0171
202 0.1531 0.2793 0.4902 0.0638 0.0137
203 0.1144 0.0831 0.7290 0.0528 0.0207
204 0.0797 0.0621 0.5449 0.2418 0.0715
205 0.2227 0.2905 0.2666 0.1580 0.0623
206 0.3264 0.1802 0.2261 0.0928 0.1747
207 0.1787 0.2581 0.2559 0.2683 0.0392
208 0.1072 0.0332 0.3921 0.4512 0.0164
209 0.0091 0.3977 0.5879 0.0044 0.0007
210 0.1209 0.0941 0.5723 0.2009 0.0119
211 0.0925 0.0210 0.3035 0.5669 0.0163
212 0.0258 0.5098 0.2227 0.0014 0.2407
213 0.1351 0.1250 0.6650 0.0537 0.0210
214 0.0495 0.0626 0.8643 0.0139 0.0097
215 0.0851 0.0763 0.7949 0.0311 0.0124
216 0.0523 0.1688 0.6680 0.0890 0.0221
217 0.1475 0.1301 0.6870 0.0096 0.0256
218 0.0435 0.1259 0.6699 0.0301 0.1309
219 0.0558 0.1816 0.7021 0.0209 0.0396
220 0.0291 0.0476 0.7109 0.2036 0.0089
221 0.0631 0.2118 0.6890 0.0089 0.0271
222 0.1840 0.1688 0.4312 0.0278 0.1884
223 0.0603 0.0927 0.7876 0.0462 0.0130
224 0.2070 0.0830 0.5122 0.0462 0.1515
225 0.1165 0.0482 0.4329 0.3879 0.0145
226 0.0475 0.1251 0.4167 0.3977 0.0130
227 0.0358 0.0373 0.6157 0.2954 0.0160
228 0.0368 0.0528 0.8384 0.0504 0.0217
229 0.1050 0.0768 0.7637 0.0355 0.0188
230 0.0435 0.7065 0.1917 0.0213 0.0369
231 0.0474 0.2009 0.5903 0.1436 0.0176
232 0.0544 0.1648 0.6123 0.1304 0.0379
233 0.0632 0.3640 0.5054 0.0238 0.0438
234 0.0315 0.2085 0.1854 0.0583 0.5161
235 0.0168 0.3320 0.1764 0.0551 0.4197
236 0.2037 0.2830 0.2496 0.2310 0.0327
237 0.2037 0.2830 0.2496 0.2310 0.0327
