time exciting_prob fearful_prob tense_prob sad_prob relaxing_prob
0 0.1697 0.2507 0.2432 0.2979 0.0385
1 0.2479 0.1527 0.3782 0.1814 0.0399
2 0.3284 0.1171 0.2766 0.2120 0.0657
3 0.2893 0.0451 0.2117 0.4211 0.0327
4 0.1298 0.0851 0.0408 0.5132 0.2313
5 0.1150 0.2571 0.0861 0.1243 0.4175
6 0.1754 0.2717 0.2324 0.2803 0.0401
7 0.0325 0.0111 0.0239 0.0199 0.9126
8 0.0740 0.0892 0.2242 0.1666 0.4460
9 0.0581 0.7251 0.1005 0.0914 0.0250
10 0.0307 0.5078 0.1598 0.2893 0.0120
11 0.1166 0.1807 0.1385 0.1570 0.4072
12 0.0622 0.0349 0.4595 0.2744 0.1691
13 0.0950 0.1748 0.6006 0.1077 0.0219
14 0.1176 0.2489 0.5610 0.0591 0.0136
15 0.0364 0.1682 0.6865 0.0974 0.0117
16 0.1693 0.3474 0.2603 0.1288 0.0942
17 0.1608 0.1194 0.3796 0.3247 0.0154
18 0.2316 0.0712 0.0638 0.3069 0.3267
19 0.4607 0.2211 0.1709 0.1086 0.0387
20 0.0611 0.0565 0.2913 0.5703 0.0208
21 0.2422 0.2681 0.1109 0.2661 0.1127
22 0.2123 0.0652 0.1530 0.3289 0.2406
23 0.8467 0.0409 0.0623 0.0026 0.0474
24 0.3730 0.1592 0.3142 0.1405 0.0129
25 0.1006 0.1158 0.7314 0.0490 0.0030
26 0.1941 0.1852 0.5703 0.0457 0.0045
27 0.0858 0.1052 0.5820 0.2141 0.0129
28 0.3530 0.4192 0.0467 0.0279 0.1531
29 0.0553 0.1049 0.5083 0.2988 0.0325
30 0.7417 0.0800 0.0628 0.0826 0.0331
31 0.0263 0.1276 0.7817 0.0612 0.0030
32 0.0597 0.1838 0.6030 0.1432 0.0103
33 0.1040 0.2871 0.3306 0.2036 0.0749
34 0.0848 0.3435 0.3030 0.1500 0.1187
35 0.1367 0.1989 0.1501 0.1000 0.4143
36 0.2568 0.3914 0.1417 0.0615 0.1486
37 0.0878 0.2104 0.3062 0.3694 0.0261
38 0.0729 0.0826 0.1184 0.6919 0.0339
39 0.1017 0.2120 0.6431 0.0349 0.0084
40 0.0795 0.2864 0.5435 0.0808 0.0097
41 0.2605 0.1279 0.4790 0.1069 0.0256
42 0.3035 0.2637 0.2964 0.1198 0.0166
43 0.3105 0.1422 0.4211 0.1065 0.0194
44 0.1121 0.6108 0.1593 0.0833 0.0347
45 0.1644 0.4985 0.1406 0.0397 0.1569
46 0.2661 0.2832 0.0898 0.2620 0.0987
47 0.1782 0.1610 0.1912 0.1313 0.3381
48 0.3940 0.1249 0.3701 0.0537 0.0572
49 0.0665 0.2356 0.3481 0.2979 0.0522
50 0.1406 0.1184 0.1521 0.5649 0.0239
51 0.1583 0.2415 0.3625 0.2131 0.0245
52 0.2144 0.0873 0.0526 0.6299 0.0157
53 0.1300 0.3704 0.3022 0.1891 0.0084
54 0.1256 0.1218 0.3523 0.3870 0.0131
55 0.0709 0.0543 0.1837 0.6616 0.0295
56 0.1127 0.2788 0.1589 0.3811 0.0684
57 0.3474 0.2388 0.1173 0.0858 0.2107
58 0.3752 0.2788 0.0270 0.0220 0.2969
59 0.1075 0.2900 0.3843 0.1436 0.0745
60 0.2422 0.2744 0.3110 0.1162 0.0562
61 0.1445 0.0750 0.1246 0.6328 0.0229
62 0.0536 0.1650 0.5942 0.1813 0.0057
63 0.0286 0.1583 0.3406 0.4656 0.0070
64 0.0580 0.7881 0.0781 0.0647 0.0110
65 0.0531 0.0785 0.5117 0.3008 0.0557
66 0.0396 0.2107 0.1566 0.5054 0.0878
67 0.2153 0.0876 0.1208 0.5327 0.0434
68 0.2573 0.0430 0.0602 0.5889 0.0507
69 0.1960 0.3035 0.4021 0.0863 0.0120
70 0.2588 0.0482 0.0736 0.4990 0.1204
71 0.4597 0.0363 0.0418 0.3872 0.0751
72 0.2180 0.1063 0.1571 0.4839 0.0348
73 0.1945 0.0978 0.2239 0.4382 0.0455
74 0.0423 0.3516 0.3801 0.2034 0.0228
75 0.2571 0.2164 0.3457 0.1794 0.0015
76 0.5420 0.2058 0.0818 0.1210 0.0493
77 0.0949 0.1918 0.5049 0.1470 0.0613
78 0.2219 0.2400 0.1702 0.2939 0.0738
79 0.2472 0.2018 0.3711 0.1672 0.0126
80 0.3521 0.0557 0.1742 0.3206 0.0977
81 0.0985 0.1650 0.5161 0.1841 0.0363
82 0.1698 0.1793 0.2250 0.3594 0.0665
83 0.1572 0.1674 0.6416 0.0275 0.0062
84 0.7549 0.1262 0.0203 0.0361 0.0625
85 0.1346 0.4485 0.2896 0.0870 0.0401
86 0.5620 0.1610 0.0377 0.0666 0.1727
87 0.2515 0.0785 0.2964 0.2964 0.0773
88 0.1204 0.0718 0.7607 0.0432 0.0039
89 0.2222 0.1033 0.1117 0.4929 0.0699
90 0.3230 0.3279 0.0726 0.1869 0.0897
91 0.4387 0.1298 0.2791 0.1470 0.0055
92 0.4475 0.0923 0.1740 0.2800 0.0060
93 0.3123 0.2179 0.1658 0.2979 0.0062
94 0.4919 0.1713 0.1377 0.1031 0.0961
95 0.3032 0.1000 0.1675 0.3228 0.1064
96 0.1779 0.2510 0.1752 0.2979 0.0983
97 0.3325 0.0822 0.2590 0.2147 0.1114
98 0.2944 0.1002 0.4319 0.1470 0.0266
99 0.2030 0.0860 0.3145 0.3621 0.0345
100 0.1887 0.0705 0.3472 0.3694 0.0242
101 0.0782 0.1383 0.4827 0.2793 0.0214
102 0.1606 0.0967 0.3193 0.2266 0.1968
103 0.2395 0.2610 0.1808 0.1322 0.1865
104 0.4678 0.2666 0.0623 0.0914 0.1120
105 0.0406 0.4163 0.4036 0.1270 0.0127
106 0.6240 0.0965 0.2261 0.0301 0.0231
107 0.2191 0.1248 0.1995 0.3967 0.0599
108 0.3235 0.3445 0.1050 0.0844 0.1425
109 0.3892 0.2893 0.0495 0.1254 0.1466
110 0.1456 0.3413 0.3992 0.0850 0.0289
111 0.3530 0.0706 0.1735 0.3115 0.0914
112 0.0478 0.0568 0.3879 0.4753 0.0323
113 0.1322 0.4685 0.2979 0.0827 0.0186
114 0.0610 0.5029 0.2162 0.2162 0.0039
115 0.4978 0.3115 0.1019 0.0723 0.0163
116 0.1846 0.6855 0.0728 0.0366 0.0202
117 0.1012 0.0604 0.3069 0.4395 0.0921
118 0.0334 0.2795 0.5825 0.0997 0.0046
119 0.2218 0.2151 0.4209 0.1206 0.0215
120 0.3623 0.2715 0.1793 0.1322 0.0547
121 0.0946 0.2131 0.3352 0.3149 0.0420
122 0.3027 0.0340 0.3027 0.3174 0.0429
123 0.3445 0.0768 0.3286 0.2349 0.0154
124 0.5908 0.0972 0.1506 0.1426 0.0187
125 0.1375 0.2800 0.2471 0.2629 0.0724
126 0.2920 0.0607 0.0699 0.5044 0.0727
127 0.1781 0.0743 0.1572 0.5488 0.0417
128 0.1389 0.1032 0.0792 0.6729 0.0058
129 0.1050 0.1993 0.5093 0.1414 0.0452
130 0.4167 0.1510 0.0834 0.2450 0.1038
131 0.2017 0.0615 0.1545 0.5479 0.0342
132 0.1714 0.6123 0.0704 0.1142 0.0315
133 0.1379 0.4817 0.2966 0.0266 0.0571
134 0.1956 0.0367 0.1150 0.6313 0.0213
135 0.2771 0.0222 0.0746 0.3530 0.2729
136 0.1285 0.3359 0.3577 0.1638 0.0139
137 0.0746 0.0572 0.3938 0.4604 0.0139
138 0.0742 0.1234 0.4583 0.3301 0.0139
139 0.2715 0.1454 0.4077 0.1454 0.0302
140 0.1882 0.2416 0.2825 0.1838 0.1039
141 0.2157 0.0942 0.1816 0.4636 0.0449
142 0.1653 0.2900 0.3723 0.1392 0.0333
143 0.2272 0.0709 0.5713 0.1133 0.0174
144 0.1653 0.0898 0.6641 0.0668 0.0141
145 0.3000 0.2566 0.4038 0.0339 0.0057
146 0.0562 0.4858 0.3965 0.0360 0.0253
147 0.2896 0.0677 0.2020 0.2118 0.2290
148 0.1232 0.0620 0.2734 0.5107 0.0309
149 0.1875 0.1249 0.2407 0.3450 0.1019
150 0.0386 0.2703 0.6284 0.0512 0.0112
151 0.0221 0.1501 0.7505 0.0715 0.0055
152 0.2842 0.0426 0.1671 0.4543 0.0518
153 0.1100 0.0452 0.0553 0.6953 0.0941
154 0.1678 0.2900 0.3186 0.0558 0.1678
155 0.7856 0.0784 0.0241 0.0939 0.0179
156 0.3645 0.1461 0.4067 0.0718 0.0108
157 0.2937 0.2654 0.1523 0.2435 0.0450
158 0.5562 0.2247 0.0691 0.1384 0.0117
159 0.6147 0.1077 0.0988 0.1229 0.0558
160 0.2039 0.2023 0.3335 0.2384 0.0220
161 0.3730 0.1259 0.2280 0.2603 0.0128
162 0.1628 0.2279 0.3906 0.2107 0.0080
163 0.0986 0.2021 0.5410 0.1246 0.0335
164 0.2595 0.3105 0.2576 0.1663 0.0059
165 0.3850 0.1532 0.1998 0.2605 0.0014
166 0.4180 0.1125 0.2496 0.2006 0.0194
167 0.0730 0.5742 0.2357 0.1167 0.0004
168 0.4905 0.1921 0.2177 0.0082 0.0914
169 0.1575 0.2021 0.3838 0.2291 0.0276
170 0.0400 0.2590 0.6719 0.0284 0.0010
171 0.2644 0.1052 0.3557 0.2727 0.0021
172 0.3215 0.0758 0.4980 0.0922 0.0123
173 0.2446 0.2927 0.3345 0.1102 0.0180
174 0.3472 0.0818 0.3367 0.1948 0.0396
175 0.3806 0.1637 0.2830 0.1703 0.0023
176 0.3076 0.2340 0.0938 0.3596 0.0050
177 0.2561 0.1902 0.2025 0.3499 0.0013
178 0.5405 0.0289 0.0417 0.3774 0.0114
179 0.1327 0.4216 0.1564 0.2832 0.0060
180 0.6182 0.0817 0.0197 0.2681 0.0122
181 0.5796 0.0475 0.1465 0.1986 0.0280
182 0.0341 0.2172 0.5630 0.1772 0.0084
183 0.0437 0.3276 0.5576 0.0457 0.0255
184 0.2988 0.0849 0.1676 0.4346 0.0142
185 0.1818 0.1707 0.2407 0.3848 0.0222
186 0.0705 0.2258 0.6333 0.0576 0.0126
187 0.2208 0.1164 0.2859 0.3530 0.0240
188 0.1736 0.3704 0.3850 0.0446 0.0264
189 0.1091 0.3308 0.4888 0.0557 0.0157
190 0.1289 0.1949 0.6245 0.0279 0.0238
191 0.2783 0.1770 0.3748 0.0883 0.0817
192 0.3157 0.1207 0.3748 0.1637 0.0251
193 0.2708 0.1951 0.1748 0.2013 0.1580
194 0.1063 0.3328 0.2148 0.3125 0.0335
195 0.1637 0.1143 0.2656 0.4519 0.0046
196 0.0934 0.5249 0.1050 0.2725 0.0042
197 0.1637 0.0441 0.4180 0.3689 0.0052
198 0.6831 0.1466 0.0259 0.0255 0.1187
199 0.1699 0.3430 0.1699 0.2452 0.0719
200 0.6284 0.0898 0.2241 0.0396 0.0178
201 0.1300 0.3193 0.2861 0.2030 0.0614
202 0.1866 0.4619 0.1523 0.1753 0.0237
203 0.2544 0.3315 0.2837 0.0886 0.0418
204 0.1081 0.1466 0.5708 0.1432 0.0312
205 0.1755 0.1927 0.3032 0.3081 0.0205
206 0.1893 0.0596 0.1646 0.5742 0.0124
207 0.1250 0.0914 0.2563 0.4717 0.0555
208 0.2067 0.2133 0.1141 0.4111 0.0548
209 0.2067 0.2133 0.1141 0.4111 0.0548
210 0.1697 0.2507 0.2432 0.2979 0.0385
