time exciting_prob fearful_prob tense_prob sad_prob relaxing_prob
0 0.2037 0.2830 0.2496 0.2310 0.0327
1 0.4236 0.2097 0.3457 0.0068 0.0141
2 0.3730 0.1020 0.3115 0.0794 0.1340
3 0.2620 0.3962 0.3311 0.0043 0.0064
4 0.4277 0.3357 0.0487 0.1688 0.0192
5 0.2869 0.3276 0.3572 0.0141 0.0142
6 0.3535 0.1644 0.0577 0.3884 0.0359
7 0.3699 0.2603 0.0493 0.1996 0.1210
8 0.2037 0.2830 0.2496 0.2310 0.0327
9 0.3796 0.2671 0.3098 0.0214 0.0218
10 0.6255 0.0286 0.2649 0.0490 0.0324
11 0.3140 0.3999 0.2369 0.0201 0.0290
12 0.1805 0.0334 0.1863 0.5063 0.0936
13 0.2781 0.3743 0.3008 0.0201 0.0267
14 0.2274 0.1469 0.3633 0.1855 0.0768
15 0.2454 0.4619 0.2632 0.0144 0.0151
16 0.0331 0.8218 0.1147 0.0260 0.0046
17 0.1477 0.1015 0.5488 0.1081 0.0939
18 0.0690 0.6807 0.2142 0.0215 0.0146
19 0.2690 0.3455 0.3074 0.0530 0.0252
20 0.1344 0.3198 0.5073 0.0273 0.0111
21 0.1967 0.4065 0.3372 0.0238 0.0358
22 0.0322 0.6021 0.2935 0.0518 0.0208
23 0.0781 0.6909 0.2026 0.0233 0.0048
24 0.0417 0.2612 0.4480 0.2200 0.0291
25 0.3086 0.2788 0.3870 0.0123 0.0132
26 0.0805 0.6187 0.0837 0.0979 0.1190
27 0.1094 0.1890 0.4824 0.1667 0.0525
28 0.1962 0.4595 0.2539 0.0553 0.0352
29 0.4143 0.1560 0.2781 0.1244 0.0273
30 0.2627 0.2507 0.2798 0.1428 0.0639
31 0.2588 0.4761 0.1558 0.0605 0.0486
32 0.2181 0.4839 0.2130 0.0385 0.0464
33 0.1511 0.5029 0.2097 0.1038 0.0322
34 0.1937 0.4365 0.3047 0.0339 0.0311
35 0.2937 0.2759 0.2737 0.1072 0.0495
36 0.4963 0.1503 0.3281 0.0104 0.0149
37 0.1971 0.3542 0.3433 0.0731 0.0324
38 0.5757 0.1265 0.1729 0.0721 0.0527
39 0.1842 0.1390 0.2479 0.3779 0.0508
40 0.3721 0.3494 0.1870 0.0317 0.0598
41 0.1334 0.4341 0.3655 0.0569 0.0099
42 0.2454 0.1124 0.4805 0.1031 0.0587
43 0.1454 0.1941 0.3772 0.2573 0.0261
44 0.3022 0.2429 0.3975 0.0467 0.0108
45 0.4714 0.2771 0.0928 0.1508 0.0077
46 0.1791 0.3733 0.3000 0.1121 0.0356
47 0.1344 0.0881 0.6411 0.1283 0.0078
48 0.3491 0.4446 0.1561 0.0305 0.0197
49 0.3530 0.2351 0.2837 0.1044 0.0238
50 0.1182 0.4861 0.3237 0.0585 0.0135
51 0.1368 0.2942 0.4348 0.1188 0.0154
52 0.0743 0.3743 0.3804 0.0687 0.1024
53 0.1460 0.1530 0.5596 0.1361 0.0054
54 0.1442 0.1105 0.5112 0.1660 0.0681
55 0.1332 0.3452 0.3425 0.0586 0.1203
56 0.0991 0.0976 0.1971 0.5532 0.0531
57 0.2386 0.4124 0.2561 0.0117 0.0812
58 0.2328 0.2639 0.3870 0.0171 0.0994
59 0.1310 0.0619 0.1290 0.6450 0.0331
60 0.2123 0.3755 0.2791 0.0358 0.0972
61 0.1971 0.4512 0.2654 0.0714 0.0150
62 0.6045 0.1565 0.0652 0.1360 0.0378
63 0.2595 0.2896 0.3157 0.0404 0.0948
64 0.3896 0.2363 0.2308 0.0407 0.1024
65 0.1037 0.5269 0.2355 0.0634 0.0707
66 0.2732 0.1332 0.1332 0.2411 0.2195
67 0.0311 0.8530 0.0928 0.0166 0.0065
68 0.0695 0.3696 0.4124 0.1248 0.0236
69 0.2325 0.3384 0.3154 0.0465 0.0671
70 0.1560 0.1388 0.4480 0.0302 0.2271
71 0.0775 0.5425 0.3042 0.0418 0.0341
72 0.1382 0.1146 0.4463 0.2465 0.0546
73 0.2927 0.4500 0.2043 0.0283 0.0246
74 0.2482 0.4189 0.2683 0.0477 0.0169
75 0.1719 0.2520 0.4973 0.0292 0.0496
76 0.0924 0.6069 0.1547 0.1243 0.0214
77 0.1257 0.4636 0.3555 0.0278 0.0274
78 0.0608 0.4255 0.3162 0.1859 0.0115
79 0.0673 0.6387 0.1859 0.0964 0.0116
80 0.0959 0.6108 0.1967 0.0542 0.0425
81 0.0365 0.3572 0.4243 0.1169 0.0651
82 0.0970 0.5669 0.2554 0.0612 0.0195
83 0.1329 0.1249 0.3967 0.2996 0.0459
84 0.2274 0.2136 0.4248 0.1161 0.0181
85 0.1482 0.3999 0.4158 0.0217 0.0146
86 0.1626 0.2104 0.3259 0.2172 0.0837
87 0.0975 0.3196 0.4370 0.1140 0.0319
88 0.0745 0.1182 0.7583 0.0366 0.0124
89 0.0768 0.2722 0.4558 0.1676 0.0278
90 0.0427 0.0849 0.8643 0.0069 0.0011
91 0.0177 0.1385 0.8101 0.0324 0.0014
92 0.0311 0.4895 0.4387 0.0274 0.0133
93 0.1929 0.2327 0.2595 0.1550 0.1599
94 0.0406 0.2649 0.6870 0.0037 0.0037
95 0.0798 0.4556 0.2942 0.1650 0.0053
96 0.1350 0.3730 0.2905 0.1011 0.1004
97 0.2307 0.4734 0.1215 0.1573 0.0172
98 0.0647 0.5171 0.0844 0.2900 0.0438
99 0.0605 0.1521 0.7485 0.0350 0.0041
100 0.5020 0.2795 0.1862 0.0190 0.0134
101 0.1627 0.4424 0.3445 0.0229 0.0274
102 0.0147 0.0321 0.9521 0.0004 0.0007
103 0.2822 0.4878 0.1809 0.0168 0.0322
104 0.2238 0.2656 0.4521 0.0368 0.0216
105 0.4106 0.2551 0.2472 0.0790 0.0081
106 0.4463 0.2407 0.1846 0.1183 0.0100
107 0.5200 0.1755 0.2219 0.0791 0.0036
108 0.4050 0.2615 0.1927 0.1216 0.0192
109 0.2408 0.3291 0.3140 0.0832 0.0328
110 0.2327 0.2595 0.3494 0.1001 0.0584
111 0.4053 0.1125 0.3633 0.0462 0.0727
112 0.4714 0.2771 0.0928 0.1508 0.0077
113 0.1147 0.4946 0.2732 0.1104 0.0072
114 0.1853 0.4961 0.2474 0.0556 0.0156
115 0.5264 0.1709 0.0605 0.0614 0.1805
116 0.1365 0.1547 0.3889 0.2673 0.0526
117 0.1213 0.1968 0.3914 0.2338 0.0568
118 0.2111 0.1696 0.4985 0.0735 0.0475
119 0.1858 0.3210 0.4121 0.0242 0.0571
120 0.1371 0.8140 0.0285 0.0087 0.0119
121 0.1204 0.1301 0.7036 0.0379 0.0080
122 0.0319 0.0406 0.9238 0.0027 0.0008
123 0.0270 0.0618 0.9077 0.0024 0.0013
124 0.0366 0.4258 0.4534 0.0757 0.0086
125 0.0770 0.6396 0.1722 0.0624 0.0486
126 0.0771 0.0659 0.8418 0.0130 0.0023
127 0.0220 0.1492 0.6895 0.1180 0.0211
128 0.0638 0.2410 0.5024 0.1508 0.0422
129 0.1711 0.6616 0.1243 0.0364 0.0067
130 0.0094 0.0090 0.9780 0.0035 0.0002
131 0.0211 0.0239 0.9541 0.0005 0.0003
132 0.0392 0.0737 0.8843 0.0017 0.0010
133 0.2114 0.4583 0.2778 0.0416 0.0108
134 0.0609 0.0629 0.8413 0.0334 0.0015
135 0.1959 0.2006 0.5625 0.0338 0.0070
136 0.1105 0.4438 0.4170 0.0245 0.0043
137 0.2198 0.2452 0.4617 0.0443 0.0288
138 0.0529 0.1471 0.7832 0.0105 0.0064
139 0.4312 0.1032 0.3081 0.1455 0.0122
140 0.2930 0.0490 0.5391 0.1005 0.0187
141 0.2128 0.1893 0.0394 0.0151 0.5435
142 0.2771 0.3909 0.0643 0.0093 0.2583
143 0.2327 0.1357 0.0368 0.0098 0.5850
144 0.2319 0.4299 0.0724 0.0167 0.2489
145 0.2061 0.5557 0.0735 0.0914 0.0735
146 0.1984 0.2111 0.0847 0.0264 0.4795
147 0.1094 0.4397 0.3589 0.0442 0.0478
148 0.1131 0.4543 0.1185 0.0090 0.3049
149 0.2571 0.5439 0.1354 0.0382 0.0253
150 0.1143 0.2698 0.0561 0.0061 0.5537
151 0.0171 0.3579 0.5454 0.0732 0.0062
152 0.2666 0.2563 0.4194 0.0347 0.0228
153 0.0897 0.6177 0.0709 0.2036 0.0184
154 0.3608 0.2292 0.2991 0.0877 0.0232
155 0.1848 0.1290 0.3674 0.1157 0.2030
156 0.1231 0.5264 0.3245 0.0145 0.0114
157 0.3284 0.4282 0.0948 0.1237 0.0249
158 0.5713 0.1490 0.1367 0.0163 0.1265
159 0.2167 0.2455 0.4807 0.0483 0.0089
160 0.0596 0.2452 0.6772 0.0078 0.0104
161 0.0818 0.5015 0.3186 0.0769 0.0213
162 0.2266 0.4104 0.3025 0.0382 0.0224
163 0.0297 0.3318 0.4431 0.0974 0.0981
164 0.1871 0.2559 0.4817 0.0341 0.0414
165 0.1926 0.2324 0.1160 0.0875 0.3713
166 0.1151 0.2185 0.6372 0.0174 0.0118
167 0.1902 0.0884 0.6045 0.0799 0.0369
168 0.3088 0.1084 0.4636 0.0642 0.0549
169 0.3345 0.4329 0.0486 0.0928 0.0914
170 0.0206 0.6836 0.2327 0.0570 0.0059
171 0.1279 0.2109 0.5732 0.0752 0.0128
172 0.3062 0.4351 0.1886 0.0544 0.0160
173 0.0872 0.4785 0.3845 0.0384 0.0115
174 0.3938 0.4062 0.1288 0.0504 0.0207
175 0.2144 0.5020 0.2467 0.0352 0.0016
176 0.1267 0.2878 0.0623 0.0139 0.5093
177 0.3079 0.3892 0.2474 0.0221 0.0332
178 0.3176 0.3862 0.2593 0.0176 0.0191
179 0.2651 0.4993 0.2002 0.0157 0.0197
180 0.2324 0.5449 0.1942 0.0119 0.0167
181 0.3281 0.1017 0.5083 0.0540 0.0078
182 0.2607 0.1213 0.4951 0.1071 0.0158
183 0.3618 0.2128 0.1121 0.2449 0.0685
