time exciting_prob fearful_prob tense_prob sad_prob relaxing_prob
0 0.2037 0.2830 0.2496 0.2310 0.0327
1 0.4495 0.0148 0.3845 0.1415 0.0098
2 0.3606 0.0191 0.3281 0.2722 0.0200
3 0.3652 0.0265 0.4011 0.1956 0.0115
4 0.1252 0.3301 0.4690 0.0472 0.0286
5 0.2678 0.2023 0.3633 0.1170 0.0496
6 0.2271 0.1273 0.4446 0.1324 0.0687
7 0.3076 0.1354 0.3540 0.1376 0.0655
8 0.5220 0.1383 0.1669 0.1495 0.0231
9 0.4529 0.2747 0.1277 0.1277 0.0172
10 0.1656 0.0782 0.3047 0.4163 0.0352
11 0.1246 0.2086 0.1599 0.4775 0.0294
12 0.3323 0.1140 0.2394 0.2080 0.1063
13 0.2306 0.2133 0.3923 0.1560 0.0078
14 0.1559 0.1793 0.5190 0.1396 0.0060
15 0.1472 0.2883 0.4680 0.0865 0.0099
16 0.0756 0.0818 0.3135 0.4932 0.0360
17 0.2191 0.0266 0.5596 0.1874 0.0074
18 0.1265 0.4414 0.1133 0.2761 0.0427
19 0.1938 0.4268 0.2507 0.1022 0.0264
20 0.1354 0.1836 0.1685 0.3247 0.1879
21 0.2240 0.3962 0.2367 0.1050 0.0380
22 0.1853 0.5933 0.1536 0.0223 0.0454
23 0.0424 0.0757 0.5508 0.3137 0.0174
24 0.0875 0.1851 0.4043 0.3101 0.0131
25 0.2185 0.1057 0.1526 0.5000 0.0230
26 0.0598 0.5586 0.1785 0.1625 0.0408
27 0.1197 0.5620 0.2151 0.0374 0.0656
28 0.5244 0.1538 0.0856 0.1412 0.0948
29 0.0737 0.6318 0.1622 0.1115 0.0210
30 0.0147 0.0577 0.8687 0.0486 0.0105
31 0.1278 0.2313 0.1577 0.3113 0.1719
32 0.1027 0.6006 0.2793 0.0070 0.0106
33 0.1431 0.2532 0.2269 0.2737 0.1031
34 0.1736 0.1497 0.1221 0.4163 0.1384
35 0.0060 0.0175 0.9541 0.0216 0.0009
36 0.1550 0.4626 0.2964 0.0247 0.0612
37 0.0667 0.1561 0.1399 0.6177 0.0199
38 0.0731 0.1151 0.2983 0.4209 0.0925
39 0.0521 0.2905 0.6445 0.0107 0.0021
40 0.2734 0.0214 0.3350 0.3621 0.0081
41 0.2559 0.1732 0.1873 0.3313 0.0524
42 0.0667 0.2119 0.3550 0.3281 0.0383
43 0.1042 0.1093 0.4124 0.3472 0.0270
44 0.0984 0.4956 0.3625 0.0327 0.0107
45 0.2074 0.1733 0.1720 0.4290 0.0183
46 0.1813 0.1870 0.1255 0.4700 0.0363
47 0.1224 0.3486 0.3433 0.1015 0.0841
48 0.2456 0.4114 0.2783 0.0296 0.0351
49 0.1046 0.4336 0.4072 0.0322 0.0223
50 0.0195 0.0506 0.9116 0.0176 0.0008
51 0.1021 0.3320 0.2886 0.1581 0.1193
52 0.2253 0.3743 0.1466 0.1284 0.1254
53 0.1092 0.4707 0.3665 0.0325 0.0210
54 0.1907 0.2411 0.2732 0.1045 0.1907
55 0.6465 0.1283 0.1168 0.0410 0.0676
56 0.0315 0.2328 0.2556 0.4487 0.0315
57 0.1578 0.3315 0.3877 0.1076 0.0154
58 0.2000 0.3245 0.3677 0.0735 0.0342
59 0.2051 0.2825 0.2803 0.1957 0.0365
60 0.0214 0.3428 0.4912 0.1429 0.0016
61 0.0195 0.2219 0.4482 0.3081 0.0023
62 0.3499 0.1436 0.2404 0.2155 0.0508
63 0.1060 0.4604 0.3020 0.0936 0.0381
64 0.0280 0.1398 0.5884 0.2415 0.0024
65 0.0642 0.0787 0.0949 0.7236 0.0384
66 0.3948 0.1185 0.2888 0.1780 0.0200
67 0.1599 0.2786 0.4851 0.0484 0.0280
68 0.0731 0.0210 0.0754 0.8242 0.0064
69 0.0778 0.1465 0.1141 0.6362 0.0253
70 0.0214 0.3982 0.4802 0.0968 0.0033
71 0.1113 0.0827 0.2712 0.4268 0.1079
72 0.0754 0.6221 0.1942 0.0523 0.0561
73 0.1991 0.0203 0.5166 0.2401 0.0240
74 0.0308 0.2457 0.5991 0.1216 0.0029
75 0.0725 0.0630 0.7046 0.1548 0.0053
76 0.0338 0.0566 0.0470 0.8589 0.0038
77 0.0722 0.4026 0.3965 0.0787 0.0500
78 0.1085 0.3584 0.4255 0.0872 0.0205
79 0.0542 0.1037 0.5352 0.3000 0.0071
80 0.1163 0.1127 0.3418 0.4187 0.0104
81 0.0946 0.0232 0.5981 0.2737 0.0105
82 0.1309 0.1904 0.4158 0.2407 0.0222
83 0.4233 0.1014 0.0675 0.0538 0.3538
84 0.3640 0.1449 0.2042 0.1093 0.1775
85 0.1868 0.1500 0.3489 0.2983 0.0161
86 0.2590 0.1781 0.0790 0.0073 0.4766
87 0.2109 0.3167 0.3821 0.0707 0.0198
88 0.2200 0.3433 0.3076 0.0961 0.0330
89 0.2247 0.3245 0.2162 0.1792 0.0555
90 0.0995 0.1298 0.1627 0.5952 0.0128
91 0.1453 0.5654 0.2756 0.0097 0.0039
92 0.2979 0.1353 0.4333 0.1251 0.0086
93 0.1316 0.3867 0.3059 0.1295 0.0462
94 0.1144 0.3062 0.1337 0.4055 0.0405
95 0.1473 0.2607 0.4648 0.1121 0.0151
96 0.1881 0.1559 0.1313 0.4956 0.0291
97 0.2295 0.2969 0.2559 0.0229 0.1947
98 0.2615 0.3491 0.1549 0.0071 0.2272
99 0.3689 0.3547 0.1057 0.0216 0.1490
100 0.1534 0.3857 0.2891 0.1030 0.0687
101 0.5327 0.2346 0.0662 0.0077 0.1587
102 0.3818 0.3450 0.1289 0.0121 0.1320
103 0.1936 0.6060 0.1121 0.0071 0.0814
104 0.0393 0.5093 0.4094 0.0299 0.0121
105 0.3535 0.3245 0.1451 0.0099 0.1670
106 0.1792 0.0475 0.1086 0.6255 0.0394
107 0.1536 0.2632 0.2050 0.3406 0.0376
108 0.1549 0.3545 0.2150 0.2036 0.0720
109 0.1066 0.3311 0.1931 0.3259 0.0434
110 0.1991 0.4487 0.2328 0.0488 0.0704
111 0.0987 0.3040 0.1963 0.3186 0.0825
112 0.1428 0.4868 0.1819 0.1300 0.0586
113 0.0528 0.4055 0.4456 0.0694 0.0267
114 0.1361 0.3848 0.3818 0.0217 0.0757
115 0.1663 0.4277 0.1598 0.2134 0.0327
116 0.0848 0.1072 0.1584 0.5884 0.0611
117 0.2112 0.2393 0.1157 0.4038 0.0302
118 0.1656 0.3218 0.1819 0.3000 0.0306
119 0.0215 0.0598 0.1306 0.1246 0.6636
120 0.4150 0.0607 0.1575 0.3232 0.0437
121 0.1838 0.0322 0.1031 0.6514 0.0293
122 0.0716 0.1799 0.1886 0.3062 0.2537
123 0.3047 0.0915 0.1669 0.2861 0.1508
124 0.3567 0.0518 0.0543 0.4233 0.1140
125 0.0846 0.3882 0.4829 0.0244 0.0199
126 0.1376 0.3542 0.1583 0.2164 0.1334
127 0.1338 0.1588 0.4893 0.1915 0.0267
128 0.1487 0.3767 0.3623 0.0591 0.0534
129 0.1370 0.1814 0.3525 0.2766 0.0524
130 0.3528 0.2388 0.1788 0.0378 0.1919
131 0.5020 0.1138 0.0794 0.1748 0.1299
132 0.4670 0.1228 0.1801 0.1118 0.1181
133 0.0524 0.5093 0.1307 0.2993 0.0085
134 0.0168 0.3088 0.1436 0.5171 0.0137
135 0.2561 0.0618 0.1003 0.5215 0.0604
136 0.4639 0.2333 0.0769 0.1060 0.1201
137 0.0760 0.4375 0.3772 0.0197 0.0896
138 0.0875 0.1055 0.2416 0.5444 0.0211
139 0.2864 0.1938 0.1710 0.2080 0.1407
140 0.5132 0.2172 0.0652 0.0739 0.1307
141 0.0549 0.2747 0.5503 0.1092 0.0110
142 0.4177 0.2307 0.1346 0.0132 0.2036
143 0.6782 0.1000 0.0743 0.0977 0.0499
144 0.0257 0.1609 0.0522 0.7266 0.0348
145 0.2198 0.2130 0.1420 0.4172 0.0080
146 0.0577 0.6812 0.1937 0.0538 0.0136
147 0.0905 0.4351 0.0374 0.3899 0.0473
148 0.0612 0.4968 0.0323 0.4023 0.0074
149 0.1100 0.1002 0.1050 0.5498 0.1348
150 0.1655 0.5386 0.1567 0.0153 0.1240
151 0.3450 0.2352 0.2192 0.0100 0.1906
152 0.1432 0.4143 0.1882 0.0340 0.2201
153 0.1171 0.3994 0.3694 0.0516 0.0627
154 0.1422 0.4736 0.2698 0.0947 0.0195
155 0.1846 0.5215 0.1860 0.0965 0.0114
156 0.1028 0.3970 0.4033 0.0576 0.0393
157 0.0933 0.4814 0.1771 0.2422 0.0058
158 0.1098 0.3054 0.4048 0.1244 0.0556
159 0.3301 0.2935 0.1534 0.1262 0.0968
160 0.1531 0.3291 0.1655 0.3342 0.0181
161 0.1104 0.2607 0.5269 0.0334 0.0685
162 0.1059 0.3237 0.2173 0.1360 0.2173
163 0.0898 0.3262 0.3210 0.2277 0.0352
164 0.1735 0.1996 0.3909 0.1268 0.1094
165 0.1127 0.5249 0.2639 0.0084 0.0898
166 0.0486 0.1417 0.1937 0.5967 0.0193
167 0.2197 0.1851 0.2866 0.2339 0.0748
168 0.0643 0.2463 0.5464 0.1146 0.0283
169 0.1169 0.3152 0.4377 0.1000 0.0303
170 0.1100 0.1901 0.6089 0.0739 0.0174
171 0.1000 0.0709 0.7051 0.1040 0.0197
172 0.0674 0.2228 0.5913 0.1052 0.0133
173 0.2654 0.4143 0.2893 0.0132 0.0178
174 0.0897 0.3521 0.4521 0.0963 0.0097
175 0.1891 0.3044 0.1951 0.2998 0.0118
176 0.3630 0.1636 0.2380 0.1305 0.1048
177 0.5005 0.1946 0.0863 0.0455 0.1730
178 0.0927 0.5586 0.2024 0.1370 0.0092
179 0.0654 0.5107 0.2529 0.1545 0.0162
180 0.2372 0.0619 0.4363 0.2126 0.0521
181 0.1382 0.0838 0.4189 0.3528 0.0063
182 0.0364 0.2094 0.6055 0.1438 0.0048
183 0.0558 0.1747 0.5640 0.1948 0.0107
184 0.0739 0.3262 0.4973 0.0927 0.0101
185 0.0426 0.3765 0.5312 0.0439 0.0059
186 0.1450 0.2839 0.3704 0.1619 0.0387
187 0.0701 0.1776 0.3267 0.4197 0.0059
188 0.1273 0.2253 0.2019 0.4209 0.0245
189 0.1871 0.3550 0.1946 0.0097 0.2537
190 0.1825 0.5664 0.1335 0.0523 0.0651
191 0.2458 0.3689 0.2874 0.0251 0.0727
192 0.1622 0.3892 0.2781 0.0094 0.1610
193 0.1238 0.1641 0.1641 0.5381 0.0099
194 0.2306 0.2003 0.1810 0.3303 0.0578
195 0.1914 0.3010 0.1008 0.3926 0.0141
196 0.3337 0.3259 0.1744 0.1576 0.0084
197 0.0445 0.3784 0.3667 0.1993 0.0110
198 0.0433 0.6826 0.1809 0.0803 0.0126
199 0.0608 0.1993 0.2156 0.0678 0.4563
200 0.0906 0.2462 0.2073 0.0172 0.4387
201 0.2045 0.4609 0.2566 0.0429 0.0352
202 0.0864 0.6187 0.2620 0.0247 0.0084
203 0.1556 0.4722 0.2488 0.1087 0.0147
204 0.1954 0.3767 0.2671 0.1407 0.0200
205 0.1432 0.4080 0.3179 0.1133 0.0177
206 0.2275 0.2659 0.2659 0.0113 0.2292
207 0.1801 0.4253 0.3311 0.0380 0.0255
208 0.1854 0.3604 0.2151 0.2006 0.0386
209 0.2734 0.2866 0.1376 0.2715 0.0309
210 0.0746 0.1438 0.3616 0.2408 0.1791
211 0.2129 0.4436 0.2096 0.0506 0.0834
212 0.1169 0.2678 0.4556 0.1478 0.0119
213 0.1863 0.0846 0.2318 0.4133 0.0840
214 0.1095 0.1581 0.2410 0.3562 0.1353
215 0.0479 0.3027 0.4878 0.1365 0.0251
216 0.3152 0.1356 0.2051 0.1868 0.1572
217 0.0659 0.2354 0.1221 0.5386 0.0378
218 0.0770 0.4751 0.3115 0.1299 0.0066
219 0.1655 0.2485 0.4260 0.1405 0.0193
220 0.2269 0.0526 0.1072 0.5615 0.0518
221 0.1974 0.3154 0.3411 0.1016 0.0447
222 0.1056 0.3801 0.4883 0.0126 0.0134
223 0.1313 0.4307 0.3860 0.0128 0.0391
224 0.1427 0.2281 0.4905 0.0493 0.0894
225 0.1105 0.0439 0.1711 0.6357 0.0388
226 0.1692 0.3696 0.3638 0.0448 0.0524
227 0.0878 0.3235 0.5679 0.0160 0.0050
228 0.2069 0.5122 0.0444 0.2135 0.0229
229 0.0932 0.6030 0.0552 0.2344 0.0141
230 0.0657 0.0757 0.1602 0.6240 0.0745
231 0.0674 0.0735 0.2795 0.5308 0.0490
232 0.0306 0.0439 0.2563 0.6650 0.0040
233 0.0442 0.2883 0.2012 0.4465 0.0199
234 0.0939 0.2417 0.3657 0.2869 0.0118
235 0.0557 0.0532 0.1276 0.5630 0.2007
236 0.0282 0.0656 0.2115 0.6724 0.0223
237 0.0507 0.0932 0.0602 0.7803 0.0155
238 0.1494 0.2727 0.4749 0.0965 0.0065
239 0.0875 0.0401 0.0388 0.8047 0.0289
240 0.0559 0.0479 0.0753 0.8091 0.0118
241 0.0954 0.2983 0.5156 0.0760 0.0145
242 0.0035 0.0228 0.1005 0.8687 0.0046
243 0.0320 0.0300 0.1584 0.6670 0.1124
244 0.0740 0.1565 0.4060 0.3420 0.0215
245 0.2825 0.1741 0.0946 0.4109 0.0379
246 0.0914 0.3396 0.0900 0.4570 0.0217
247 0.1530 0.4060 0.2971 0.0695 0.0745
248 0.1757 0.2786 0.4739 0.0287 0.0431
249 0.0936 0.1804 0.5732 0.1111 0.0415
250 0.0890 0.3464 0.3154 0.2345 0.0144
251 0.0703 0.3354 0.2961 0.2825 0.0157
252 0.1160 0.0671 0.1536 0.6567 0.0065
253 0.3708 0.0137 0.3171 0.2844 0.0139
254 0.3689 0.0131 0.4246 0.1826 0.0110
255 0.4980 0.1804 0.0729 0.2389 0.0098
256 0.4980 0.1804 0.0729 0.2389 0.0098
257 0.7549 0.1440 0.0834 0.0073 0.0104
258 0.7549 0.1440 0.0834 0.0073 0.0104
259 0.7549 0.1440 0.0834 0.0073 0.0104
