time exciting_prob fearful_prob tense_prob sad_prob relaxing_prob
0 0.0784 0.2267 0.2163 0.4580 0.0208
1 0.1019 0.3643 0.2465 0.2622 0.0252
2 0.8672 0.0210 0.0142 0.0533 0.0442
3 0.8296 0.0151 0.0117 0.0975 0.0461
4 0.8735 0.0199 0.0114 0.0590 0.0363
5 0.4692 0.0230 0.0230 0.4077 0.0772
6 0.2177 0.2883 0.2905 0.1791 0.0244
7 0.1648 0.2532 0.1273 0.4241 0.0305
8 0.2080 0.2357 0.1970 0.3223 0.0370
9 0.1248 0.1436 0.1058 0.5903 0.0355
10 0.1902 0.1552 0.1109 0.5010 0.0428
11 0.2273 0.2656 0.2496 0.2238 0.0338
12 0.0567 0.1654 0.1137 0.6245 0.0399
13 0.0726 0.1912 0.0660 0.2781 0.3921
14 0.1149 0.1969 0.1685 0.3538 0.1659
15 0.0611 0.1661 0.2271 0.5278 0.0178
16 0.0612 0.2898 0.2520 0.2559 0.1412
17 0.0496 0.1539 0.2205 0.3523 0.2239
18 0.1179 0.3257 0.1445 0.3806 0.0312
19 0.2191 0.1043 0.0572 0.5908 0.0283
20 0.1445 0.4182 0.1276 0.2383 0.0715
21 0.0920 0.1772 0.0850 0.5635 0.0825
22 0.1631 0.3096 0.1764 0.3401 0.0108
23 0.0999 0.2759 0.2847 0.1987 0.1409
24 0.1367 0.3279 0.2438 0.2720 0.0197
25 0.1192 0.0914 0.2228 0.5513 0.0153
26 0.0804 0.4148 0.2363 0.1550 0.1134
27 0.0969 0.2051 0.2632 0.2673 0.1674
28 0.0635 0.1687 0.0645 0.3625 0.3406
29 0.0277 0.1086 0.0746 0.5518 0.2373
30 0.1076 0.3064 0.1565 0.4124 0.0169
31 0.0218 0.0660 0.0822 0.8164 0.0135
32 0.1544 0.1222 0.1261 0.5063 0.0908
33 0.1013 0.5186 0.1709 0.1157 0.0937
34 0.1428 0.3765 0.1544 0.1644 0.1619
35 0.0829 0.3079 0.2399 0.2019 0.1675
36 0.0223 0.3982 0.2612 0.2781 0.0404
37 0.0303 0.2925 0.2791 0.2925 0.1059
38 0.0526 0.0605 0.0526 0.3430 0.4912
39 0.0904 0.3987 0.0992 0.0962 0.3154
40 0.0902 0.5483 0.1243 0.0551 0.1823
41 0.0709 0.1206 0.0597 0.2717 0.4771
42 0.1193 0.3616 0.2126 0.0292 0.2773
43 0.0823 0.3057 0.2576 0.0536 0.3010
44 0.0744 0.3928 0.2700 0.0557 0.2070
45 0.1055 0.2822 0.2065 0.0319 0.3738
46 0.0858 0.1329 0.1415 0.1903 0.4495
47 0.0213 0.1002 0.0927 0.7520 0.0341
48 0.0568 0.1694 0.1383 0.1748 0.4607
49 0.0200 0.0602 0.0584 0.0557 0.8057
50 0.0928 0.6001 0.1085 0.1603 0.0381
51 0.0446 0.2177 0.4128 0.2883 0.0367
52 0.0420 0.1766 0.3250 0.4304 0.0258
53 0.0317 0.2915 0.5449 0.0737 0.0583
54 0.0361 0.1406 0.2505 0.5474 0.0254
55 0.2019 0.2825 0.1169 0.2915 0.1072
56 0.0770 0.2126 0.0846 0.6152 0.0106
57 0.0494 0.2632 0.0766 0.6025 0.0085
58 0.0355 0.0812 0.1027 0.7588 0.0219
59 0.0358 0.2488 0.6455 0.0670 0.0032
60 0.0493 0.2664 0.5728 0.0995 0.0125
61 0.1500 0.2148 0.3772 0.2397 0.0182
62 0.0622 0.3391 0.2810 0.2769 0.0408
63 0.0284 0.1023 0.4656 0.3982 0.0053
64 0.0519 0.0527 0.4414 0.4280 0.0259
65 0.0492 0.4592 0.4053 0.0699 0.0163
66 0.0721 0.3958 0.4280 0.0811 0.0230
67 0.1414 0.3936 0.3640 0.0722 0.0290
68 0.0620 0.1365 0.5073 0.2891 0.0051
69 0.1306 0.3992 0.1552 0.1771 0.1379
70 0.0486 0.1777 0.5830 0.1777 0.0129
71 0.1389 0.2595 0.3035 0.2896 0.0086
72 0.0688 0.1812 0.3230 0.3718 0.0553
73 0.1188 0.2020 0.5493 0.1099 0.0200
74 0.3091 0.2012 0.1460 0.3291 0.0148
75 0.0723 0.1331 0.1174 0.6655 0.0118
76 0.2544 0.1036 0.1102 0.5137 0.0180
77 0.0967 0.0624 0.1697 0.6606 0.0103
78 0.0607 0.1368 0.1246 0.3547 0.3230
79 0.0658 0.0973 0.1085 0.3188 0.4094
80 0.0938 0.0655 0.1924 0.4836 0.1646
81 0.2688 0.1439 0.1037 0.4575 0.0260
82 0.1877 0.1792 0.1631 0.4331 0.0367
83 0.1254 0.5620 0.1741 0.1273 0.0111
84 0.1251 0.3916 0.2489 0.2196 0.0148
85 0.1249 0.0701 0.2228 0.3560 0.2262
86 0.0772 0.0626 0.1377 0.4443 0.2781
87 0.0563 0.0418 0.1249 0.6650 0.1120
88 0.0912 0.1615 0.1830 0.3064 0.2581
89 0.1042 0.1172 0.1059 0.2971 0.3755
90 0.1357 0.3386 0.4592 0.0503 0.0162
91 0.1385 0.5435 0.2356 0.0759 0.0063
92 0.1941 0.3542 0.2847 0.1536 0.0135
93 0.0735 0.1230 0.1819 0.5601 0.0614
94 0.2292 0.4968 0.1180 0.1287 0.0272
95 0.1407 0.4441 0.1608 0.2233 0.0312
96 0.3477 0.3069 0.2352 0.0609 0.0493
97 0.1610 0.5322 0.1388 0.1525 0.0156
98 0.1659 0.2147 0.1865 0.4138 0.0191
99 0.3521 0.2021 0.1152 0.3154 0.0151
100 0.2527 0.5225 0.1139 0.0498 0.0610
101 0.0995 0.7769 0.1102 0.0056 0.0081
102 0.1740 0.5527 0.1105 0.1063 0.0565
103 0.0404 0.4888 0.1611 0.3010 0.0085
104 0.1155 0.2296 0.2522 0.3787 0.0240
105 0.0563 0.3875 0.4189 0.1298 0.0073
106 0.2367 0.1858 0.1002 0.4089 0.0684
107 0.2012 0.1761 0.0497 0.5137 0.0594
108 0.3147 0.2734 0.1122 0.2180 0.0815
109 0.3809 0.3311 0.2617 0.0127 0.0136
110 0.3015 0.4287 0.1963 0.0580 0.0155
111 0.3350 0.4507 0.1105 0.0753 0.0284
112 0.0264 0.5386 0.2708 0.1279 0.0367
113 0.2993 0.3782 0.1392 0.1414 0.0421
114 0.2271 0.3599 0.2217 0.1687 0.0227
115 0.2830 0.2328 0.1689 0.2742 0.0411
116 0.0833 0.3818 0.1748 0.3423 0.0176
117 0.0691 0.2014 0.3591 0.3481 0.0222
118 0.2664 0.4937 0.1859 0.0445 0.0094
119 0.2212 0.5874 0.0753 0.1086 0.0076
120 0.4048 0.2512 0.0809 0.2455 0.0175
121 0.2170 0.4968 0.1527 0.1118 0.0217
122 0.0793 0.0870 0.6636 0.1458 0.0242
123 0.1031 0.1206 0.3545 0.3833 0.0385
124 0.2327 0.2556 0.0798 0.3689 0.0631
125 0.2800 0.2001 0.2413 0.2510 0.0275
126 0.1935 0.1720 0.1654 0.2771 0.1919
127 0.1125 0.1198 0.4451 0.2874 0.0351
128 0.0759 0.1281 0.1521 0.5967 0.0471
129 0.1824 0.4998 0.1024 0.1584 0.0569
130 0.2808 0.5410 0.1550 0.0130 0.0098
131 0.3022 0.3674 0.1450 0.1736 0.0115
132 0.1459 0.3040 0.0459 0.1459 0.3582
133 0.2761 0.2495 0.1688 0.2438 0.0616
134 0.0760 0.2234 0.0861 0.5796 0.0351
135 0.0519 0.1729 0.3438 0.3547 0.0767
136 0.0442 0.1949 0.1860 0.4827 0.0921
137 0.0321 0.2125 0.1875 0.4429 0.1249
138 0.1805 0.0801 0.2355 0.4609 0.0429
139 0.0749 0.1254 0.3057 0.4587 0.0354
140 0.0685 0.1241 0.2213 0.5479 0.0385
141 0.1006 0.1234 0.3918 0.3459 0.0382
142 0.0799 0.1026 0.2922 0.4819 0.0434
143 0.0737 0.1399 0.3105 0.4312 0.0447
144 0.0768 0.0972 0.2443 0.5420 0.0399
145 0.1719 0.0456 0.1802 0.5132 0.0892
146 0.1504 0.1504 0.3579 0.2788 0.0627
147 0.0587 0.0916 0.4651 0.3679 0.0166
148 0.0844 0.0927 0.3901 0.4153 0.0175
149 0.0890 0.1914 0.5537 0.1445 0.0213
150 0.1091 0.2440 0.4487 0.1600 0.0380
151 0.0945 0.2415 0.4172 0.2034 0.0433
152 0.0549 0.1307 0.6333 0.1704 0.0106
153 0.1127 0.0837 0.4058 0.3525 0.0452
154 0.1037 0.0759 0.2820 0.5024 0.0359
155 0.0822 0.1794 0.2822 0.3740 0.0822
156 0.1183 0.0674 0.2749 0.4751 0.0643
157 0.2131 0.0692 0.2234 0.4109 0.0835
158 0.0800 0.1567 0.2708 0.3760 0.1165
159 0.0696 0.0936 0.2354 0.5557 0.0456
160 0.1602 0.1083 0.3040 0.3608 0.0668
161 0.0659 0.1192 0.1735 0.5869 0.0546
162 0.0696 0.7085 0.1130 0.1005 0.0082
163 0.1556 0.3535 0.1353 0.3374 0.0183
164 0.0549 0.1771 0.0473 0.6895 0.0310
165 0.0966 0.4194 0.1951 0.2751 0.0140
166 0.0316 0.2993 0.2769 0.3501 0.0421
167 0.0591 0.2886 0.1096 0.4136 0.1292
168 0.0543 0.5190 0.2778 0.1158 0.0327
169 0.0547 0.6665 0.1547 0.0983 0.0257
170 0.0175 0.5835 0.3594 0.0385 0.0014
171 0.0659 0.2372 0.4363 0.2485 0.0122
172 0.0726 0.3984 0.3357 0.1825 0.0109
173 0.0589 0.3335 0.3779 0.2120 0.0177
174 0.0432 0.8203 0.0781 0.0485 0.0099
175 0.0446 0.5879 0.2734 0.0873 0.0068
176 0.0318 0.6694 0.2791 0.0135 0.0065
177 0.0714 0.4045 0.4172 0.0359 0.0709
178 0.1530 0.4495 0.1517 0.2074 0.0387
179 0.0193 0.3025 0.1953 0.4685 0.0142
180 0.0284 0.3628 0.2612 0.3303 0.0171
181 0.0313 0.1182 0.1642 0.6489 0.0372
182 0.1139 0.0735 0.1231 0.5605 0.1290
183 0.2102 0.1456 0.1914 0.2700 0.1826
184 0.1992 0.1266 0.5249 0.1306 0.0188
185 0.0720 0.2360 0.3433 0.3225 0.0265
186 0.0222 0.0706 0.1641 0.7236 0.0196
187 0.3181 0.3386 0.2119 0.1099 0.0215
188 0.2188 0.4385 0.2292 0.0739 0.0395
189 0.0315 0.0330 0.3496 0.5674 0.0185
190 0.0514 0.5068 0.3652 0.0724 0.0040
191 0.0662 0.2404 0.2681 0.4153 0.0101
192 0.1429 0.3401 0.3796 0.1251 0.0122
193 0.0865 0.3938 0.1531 0.3477 0.0190
194 0.0806 0.4160 0.3188 0.1761 0.0085
195 0.0645 0.0587 0.1387 0.7153 0.0230
196 0.0994 0.1469 0.6377 0.1117 0.0042
197 0.1559 0.2822 0.2377 0.3098 0.0144
198 0.0458 0.2402 0.4282 0.2764 0.0093
199 0.0449 0.0576 0.1693 0.7129 0.0152
200 0.0120 0.2147 0.2434 0.5234 0.0066
201 0.0648 0.3669 0.3967 0.1578 0.0137
202 0.0404 0.1389 0.3748 0.4182 0.0276
203 0.0733 0.0593 0.1758 0.6636 0.0282
204 0.0323 0.2598 0.3389 0.3608 0.0081
205 0.2045 0.3318 0.2372 0.1643 0.0623
206 0.0445 0.0381 0.6963 0.1788 0.0425
207 0.1111 0.2463 0.2388 0.3643 0.0396
208 0.0199 0.2786 0.6182 0.0811 0.0026
209 0.0283 0.0481 0.4783 0.4424 0.0028
210 0.0300 0.3623 0.4875 0.1096 0.0108
211 0.0531 0.1661 0.2380 0.5278 0.0147
212 0.1072 0.4409 0.3276 0.0992 0.0251
213 0.0320 0.1719 0.3813 0.4060 0.0088
214 0.0831 0.2123 0.1815 0.5093 0.0140
215 0.0337 0.3147 0.3247 0.3196 0.0075
216 0.0321 0.1906 0.6055 0.1682 0.0036
217 0.0237 0.4478 0.4692 0.0468 0.0124
218 0.0768 0.3232 0.4419 0.1479 0.0102
219 0.0675 0.5742 0.1779 0.1475 0.0329
220 0.0417 0.0955 0.2086 0.6426 0.0118
221 0.0638 0.2522 0.1934 0.4712 0.0193
222 0.0919 0.1857 0.1744 0.5049 0.0431
223 0.0255 0.0536 0.0580 0.8521 0.0110
224 0.0262 0.0959 0.0582 0.8159 0.0037
225 0.0439 0.1935 0.1111 0.6440 0.0074
226 0.0704 0.3750 0.1758 0.3577 0.0211
227 0.0636 0.1840 0.1188 0.6221 0.0114
228 0.2090 0.1874 0.2444 0.2993 0.0599
229 0.2090 0.1874 0.2444 0.2993 0.0599
230 0.2532 0.0671 0.2305 0.4307 0.0188
231 0.4995 0.1432 0.1838 0.1597 0.0138
232 0.5166 0.1434 0.1758 0.1504 0.0139
233 0.5122 0.1467 0.1490 0.1798 0.0120
