time exciting_prob fearful_prob tense_prob sad_prob relaxing_prob
0 0.0167 0.2000 0.0808 0.3350 0.3677
1 0.0180 0.2075 0.0567 0.0372 0.6807
2 0.0245 0.3105 0.2037 0.2576 0.2037
3 0.1109 0.1218 0.4895 0.2104 0.0673
4 0.1300 0.1508 0.5098 0.1300 0.0794
5 0.0825 0.3933 0.2747 0.1414 0.1083
6 0.0584 0.3086 0.3232 0.2040 0.1058
7 0.1072 0.1584 0.3628 0.3201 0.0515
8 0.1488 0.1853 0.5361 0.1031 0.0267
9 0.1660 0.3328 0.3176 0.0931 0.0903
10 0.0304 0.5522 0.3621 0.0258 0.0295
11 0.1736 0.1555 0.4644 0.1461 0.0604
12 0.9126 0.0092 0.0612 0.0163 0.0006
13 0.9380 0.0169 0.0406 0.0042 0.0002
14 0.9106 0.0198 0.0573 0.0119 0.0005
15 0.0656 0.2286 0.4014 0.1699 0.1344
16 0.1431 0.2759 0.3379 0.0491 0.1941
17 0.0687 0.1702 0.1274 0.5845 0.0491
18 0.5332 0.0205 0.2089 0.2089 0.0283
19 0.8984 0.0164 0.0395 0.0359 0.0098
20 0.6431 0.0242 0.1901 0.1190 0.0238
21 0.1110 0.4028 0.2090 0.1602 0.1172
22 0.0806 0.2139 0.1641 0.3528 0.1888
23 0.1042 0.2578 0.2347 0.2275 0.1758
24 0.1072 0.3054 0.2781 0.2035 0.1056
25 0.1130 0.2798 0.3271 0.1570 0.1232
26 0.0878 0.3213 0.2463 0.2351 0.1093
27 0.1262 0.1365 0.4763 0.2250 0.0362
28 0.2900 0.1815 0.3611 0.1482 0.0190
29 0.1379 0.2383 0.4119 0.0863 0.1256
30 0.0961 0.3599 0.2893 0.1622 0.0925
31 0.0822 0.1489 0.4111 0.2869 0.0709
32 0.0732 0.2006 0.4448 0.2345 0.0469
33 0.0720 0.2822 0.2114 0.3799 0.0543
34 0.0532 0.3416 0.2639 0.2922 0.0488
35 0.0713 0.3428 0.1464 0.3350 0.1046
36 0.0685 0.1005 0.2015 0.5830 0.0464
37 0.2422 0.1857 0.3870 0.1010 0.0844
38 0.2656 0.1400 0.4053 0.1041 0.0850
39 0.1136 0.1787 0.5420 0.1328 0.0328
40 0.2756 0.1475 0.5068 0.0356 0.0345
41 0.2125 0.2861 0.3093 0.1221 0.0701
42 0.1393 0.3643 0.2316 0.1980 0.0668
43 0.1157 0.3271 0.3706 0.1062 0.0802
44 0.1045 0.2588 0.3025 0.1594 0.1750
45 0.0190 0.0812 0.1182 0.7349 0.0466
46 0.0352 0.1362 0.1951 0.5557 0.0776
47 0.0659 0.2732 0.3296 0.2079 0.1232
48 0.2030 0.4365 0.2411 0.0385 0.0807
49 0.1393 0.4031 0.2622 0.0800 0.1155
50 0.0920 0.4026 0.1493 0.3062 0.0500
51 0.0908 0.2249 0.1683 0.4578 0.0582
52 0.1321 0.2112 0.1892 0.4070 0.0605
53 0.1232 0.1053 0.5830 0.0670 0.1213
54 0.0480 0.1432 0.5239 0.2474 0.0377
55 0.1080 0.2959 0.2081 0.2415 0.1465
56 0.0944 0.4866 0.1630 0.0669 0.1891
57 0.1248 0.5640 0.1110 0.1591 0.0412
58 0.1584 0.1740 0.5273 0.0991 0.0410
59 0.1439 0.1683 0.5352 0.1332 0.0196
60 0.1628 0.2407 0.4031 0.0279 0.1654
61 0.1866 0.1896 0.3831 0.1344 0.1063
62 0.0925 0.1942 0.5981 0.0565 0.0587
63 0.0341 0.0958 0.6650 0.1906 0.0146
64 0.0622 0.3259 0.3638 0.2040 0.0441
65 0.0684 0.1317 0.2878 0.4670 0.0452
66 0.1056 0.2067 0.3103 0.3201 0.0574
67 0.0992 0.2634 0.3489 0.2324 0.0561
68 0.0442 0.2861 0.2211 0.4163 0.0326
69 0.0363 0.2766 0.2500 0.3901 0.0470
70 0.0602 0.2476 0.1854 0.3926 0.1143
71 0.0812 0.2386 0.2971 0.3213 0.0618
72 0.0980 0.2427 0.4534 0.1240 0.0819
73 0.0958 0.3093 0.4363 0.0996 0.0590
74 0.0067 0.0099 0.0432 0.0316 0.9087
75 0.0782 0.1630 0.3450 0.2263 0.1876
76 0.0749 0.3079 0.2474 0.2289 0.1410
77 0.0672 0.3284 0.2401 0.2220 0.1423
78 0.1116 0.1702 0.4626 0.2085 0.0472
79 0.0270 0.0270 0.1191 0.1732 0.6538
80 0.0039 0.0067 0.0369 0.0306 0.9219
81 0.0070 0.0083 0.0380 0.0257 0.9209
82 0.0082 0.0563 0.0460 0.0746 0.8149
83 0.0106 0.0266 0.0363 0.1505 0.7759
84 0.0347 0.0590 0.0957 0.4495 0.3611
85 0.0161 0.0393 0.0793 0.3557 0.5093
86 0.0135 0.0453 0.0460 0.0929 0.8022
87 0.0382 0.1149 0.5312 0.1836 0.1322
88 0.0306 0.1120 0.5688 0.0554 0.2334
89 0.0737 0.2476 0.4553 0.0791 0.1444
90 0.0035 0.0261 0.1018 0.0424 0.8262
91 0.0016 0.0078 0.0196 0.0248 0.9463
92 0.0099 0.0984 0.0356 0.2893 0.5664
93 0.0255 0.3206 0.0756 0.1975 0.3809
94 0.0107 0.1989 0.0760 0.1478 0.5664
95 0.0158 0.1390 0.0994 0.2292 0.5166
96 0.0191 0.0745 0.0466 0.0589 0.8008
97 0.0373 0.1123 0.6772 0.1547 0.0183
98 0.0503 0.1561 0.0646 0.0869 0.6421
99 0.0342 0.2080 0.0731 0.0388 0.6460
100 0.0365 0.1355 0.1224 0.1571 0.5483
101 0.1395 0.4299 0.2450 0.1462 0.0394
102 0.2460 0.1786 0.2944 0.2072 0.0739
103 0.2300 0.1805 0.2776 0.2336 0.0782
104 0.2615 0.3689 0.2382 0.0704 0.0612
105 0.2976 0.3071 0.2229 0.1045 0.0680
106 0.3074 0.3196 0.1451 0.1594 0.0685
107 0.3225 0.2778 0.0868 0.2081 0.1047
108 0.1282 0.2588 0.1879 0.1821 0.2432
109 0.0695 0.1935 0.1472 0.1220 0.4678
110 0.0540 0.2275 0.1638 0.1091 0.4453
111 0.1322 0.2776 0.2249 0.1606 0.2047
112 0.1543 0.4065 0.2317 0.1427 0.0648
113 0.1702 0.1116 0.4343 0.2218 0.0621
114 0.3411 0.2006 0.1884 0.2037 0.0662
115 0.1885 0.1316 0.4595 0.1827 0.0377
116 0.1360 0.1027 0.1591 0.5552 0.0474
117 0.0814 0.3428 0.3650 0.1311 0.0795
118 0.0524 0.1390 0.1153 0.5332 0.1600
119 0.0970 0.2939 0.2761 0.2554 0.0773
120 0.2135 0.1884 0.4663 0.0918 0.0401
121 0.1133 0.1143 0.5801 0.1356 0.0565
122 0.1053 0.3345 0.1362 0.3911 0.0329
123 0.0953 0.1132 0.2360 0.5073 0.0479
124 0.0870 0.1689 0.1266 0.4775 0.1400
125 0.0637 0.1732 0.1414 0.4221 0.1995
126 0.1962 0.2480 0.2854 0.1127 0.1576
127 0.0792 0.1992 0.3442 0.2556 0.1218
128 0.0776 0.1321 0.2281 0.4609 0.1013
129 0.1661 0.2397 0.1500 0.3545 0.0896
130 0.0365 0.4734 0.3408 0.1197 0.0296
131 0.1541 0.5049 0.0662 0.2277 0.0470
132 0.1759 0.0392 0.1459 0.5591 0.0799
133 0.1142 0.3716 0.1197 0.3154 0.0791
134 0.1392 0.1403 0.1719 0.4458 0.1027
135 0.0146 0.2976 0.6709 0.0115 0.0052
136 0.0245 0.7056 0.1688 0.0842 0.0168
137 0.0326 0.6865 0.2527 0.0212 0.0071
138 0.1107 0.2634 0.5620 0.0465 0.0171
139 0.0330 0.0699 0.0667 0.7520 0.0786
140 0.1339 0.2705 0.1693 0.2834 0.1426
141 0.2285 0.2549 0.1054 0.2080 0.2032
142 0.2468 0.2468 0.2212 0.2318 0.0534
143 0.0710 0.3184 0.0594 0.3391 0.2122
144 0.0667 0.2202 0.1974 0.1169 0.3987
145 0.1226 0.3206 0.1236 0.0584 0.3748
146 0.1868 0.3774 0.3489 0.0651 0.0218
147 0.2715 0.3430 0.2510 0.0587 0.0759
148 0.0628 0.0723 0.1069 0.0613 0.6968
149 0.1187 0.0348 0.0616 0.0910 0.6938
150 0.0750 0.1960 0.1716 0.3281 0.2291
151 0.0750 0.1160 0.4148 0.2896 0.1049
152 0.0679 0.1383 0.1020 0.1094 0.5825
153 0.0720 0.2131 0.1823 0.1672 0.3655
154 0.1204 0.1595 0.4138 0.2147 0.0916
155 0.0837 0.2073 0.4058 0.1470 0.1564
156 0.0587 0.3376 0.3887 0.1545 0.0605
157 0.0185 0.1769 0.1501 0.0561 0.5986
158 0.1580 0.1394 0.3142 0.3396 0.0489
159 0.2092 0.0663 0.2688 0.3972 0.0586
160 0.1970 0.0784 0.4302 0.2413 0.0530
161 0.0900 0.1630 0.5020 0.2159 0.0292
162 0.1628 0.1163 0.0775 0.0384 0.6050
163 0.0488 0.2329 0.2722 0.4023 0.0438
164 0.1028 0.2817 0.4165 0.1061 0.0929
165 0.0930 0.2490 0.3857 0.1510 0.1213
166 0.1194 0.2197 0.2778 0.2778 0.1054
167 0.0427 0.1796 0.2133 0.3303 0.2343
168 0.1292 0.2864 0.4299 0.0916 0.0629
169 0.1479 0.4182 0.1785 0.1716 0.0837
170 0.1956 0.1956 0.2018 0.1925 0.2147
171 0.1337 0.3284 0.0870 0.2422 0.2087
172 0.1389 0.2102 0.0480 0.3179 0.2849
173 0.2059 0.1735 0.2771 0.2297 0.1137
174 0.1565 0.2156 0.1859 0.3555 0.0864
175 0.3062 0.1814 0.2040 0.1470 0.1614
176 0.1449 0.2625 0.3760 0.1776 0.0390
177 0.1571 0.1522 0.4336 0.1954 0.0615
178 0.1381 0.1042 0.1744 0.4971 0.0864
179 0.1058 0.1285 0.4087 0.2991 0.0580
180 0.1097 0.1031 0.4272 0.2759 0.0841
181 0.1453 0.1453 0.5068 0.1385 0.0640
182 0.1420 0.1559 0.2130 0.3403 0.1487
183 0.1694 0.1495 0.1919 0.2974 0.1919
184 0.0504 0.1154 0.0734 0.6851 0.0757
185 0.0651 0.1367 0.1989 0.5156 0.0836
186 0.0963 0.2498 0.3750 0.1758 0.1033
187 0.0792 0.1958 0.2534 0.3804 0.0911
188 0.1086 0.2161 0.2373 0.2773 0.1605
189 0.1898 0.1898 0.1783 0.2986 0.1433
190 0.1509 0.2566 0.2264 0.2773 0.0887
191 0.1101 0.1360 0.2330 0.2443 0.2769
192 0.0570 0.1945 0.0830 0.2537 0.4119
193 0.0693 0.1945 0.1357 0.4966 0.1041
194 0.0864 0.3015 0.2330 0.2661 0.1127
195 0.0977 0.2871 0.2253 0.2893 0.1008
196 0.0934 0.3311 0.3135 0.1829 0.0792
197 0.0626 0.3057 0.3438 0.2052 0.0829
198 0.0814 0.1777 0.2795 0.4067 0.0546
199 0.1891 0.0951 0.4609 0.1669 0.0880
200 0.0303 0.4019 0.2400 0.3081 0.0199
201 0.0174 0.3184 0.1931 0.3723 0.0986
202 0.0598 0.4888 0.3010 0.0473 0.1032
203 0.0324 0.3096 0.3735 0.1697 0.1148
204 0.0309 0.0840 0.0880 0.7485 0.0486
205 0.0113 0.2050 0.1344 0.6216 0.0275
206 0.0085 0.2164 0.1442 0.6069 0.0239
207 0.0098 0.2576 0.1444 0.5713 0.0171
208 0.0704 0.3577 0.1492 0.3523 0.0704
209 0.0773 0.3518 0.4048 0.0876 0.0785
