time exciting_prob fearful_prob tense_prob sad_prob relaxing_prob
0 0.2642 0.3313 0.0844 0.2878 0.0323
1 0.1238 0.0906 0.2278 0.5464 0.0116
2 0.3035 0.1599 0.1785 0.3232 0.0349
3 0.2466 0.0486 0.1891 0.4983 0.0175
4 0.4036 0.0412 0.1605 0.3674 0.0270
5 0.2805 0.0223 0.1305 0.5244 0.0424
6 0.5718 0.0710 0.1945 0.1445 0.0182
7 0.6104 0.0659 0.1832 0.0950 0.0456
8 0.5625 0.0662 0.1444 0.1945 0.0325
9 0.5845 0.0579 0.1598 0.1501 0.0476
10 0.5210 0.0325 0.1100 0.2539 0.0825
11 0.2224 0.0148 0.1436 0.5859 0.0333
12 0.0670 0.0601 0.0649 0.0874 0.7207
13 0.1642 0.2925 0.3020 0.0525 0.1890
14 0.3389 0.1588 0.3469 0.1306 0.0247
15 0.3303 0.0592 0.2100 0.3303 0.0703
16 0.2437 0.1284 0.4143 0.1432 0.0704
17 0.3750 0.2788 0.2104 0.0488 0.0870
18 0.3262 0.1887 0.3472 0.0207 0.1172
19 0.2484 0.3970 0.2028 0.0238 0.1279
20 0.0796 0.0250 0.0821 0.2610 0.5522
21 0.1102 0.2125 0.1416 0.0996 0.4360
22 0.3481 0.3071 0.2668 0.0334 0.0446
23 0.8237 0.0709 0.0359 0.0153 0.0543
24 0.8071 0.0851 0.0431 0.0183 0.0463
25 0.2646 0.0446 0.2817 0.3242 0.0846
26 0.1470 0.1277 0.3875 0.2971 0.0408
27 0.1892 0.2507 0.1028 0.2754 0.1820
28 0.1395 0.5693 0.0880 0.1157 0.0873
29 0.1984 0.3323 0.2112 0.0659 0.1923
30 0.1687 0.1254 0.3743 0.3054 0.0261
31 0.5034 0.1224 0.1388 0.1089 0.1263
32 0.2966 0.1664 0.2169 0.2617 0.0584
33 0.2603 0.2316 0.1495 0.2043 0.1543
34 0.2783 0.0962 0.2272 0.3411 0.0574
35 0.4458 0.3162 0.1746 0.0242 0.0393
36 0.2693 0.5312 0.0916 0.0277 0.0802
37 0.2778 0.3652 0.2415 0.0131 0.1022
38 0.2834 0.1238 0.2313 0.3364 0.0250
39 0.2646 0.0746 0.2061 0.4229 0.0319
40 0.1440 0.4722 0.1710 0.1122 0.1005
41 0.1000 0.1432 0.1727 0.3330 0.2512
42 0.2238 0.0441 0.1826 0.5366 0.0128
43 0.0253 0.0994 0.0728 0.7944 0.0079
44 0.3716 0.1056 0.1897 0.3127 0.0203
45 0.4805 0.1205 0.1205 0.2416 0.0370
46 0.3901 0.0799 0.1481 0.1527 0.2292
47 0.5073 0.1014 0.0587 0.0298 0.3030
48 0.2229 0.3096 0.1112 0.1982 0.1581
49 0.2014 0.0605 0.1644 0.4985 0.0753
50 0.2045 0.0604 0.2076 0.4397 0.0880
51 0.3115 0.2075 0.1733 0.1949 0.1128
52 0.1503 0.1625 0.0941 0.5410 0.0519
53 0.3921 0.1366 0.0909 0.0397 0.3406
54 0.0510 0.7490 0.0834 0.1046 0.0119
55 0.5571 0.2454 0.0822 0.0291 0.0861
56 0.2207 0.6191 0.0537 0.0751 0.0316
57 0.2632 0.1302 0.1672 0.3540 0.0854
58 0.2888 0.2113 0.1646 0.2471 0.0881
59 0.0793 0.1190 0.5591 0.1392 0.1034
60 0.2380 0.5278 0.1661 0.0348 0.0330
61 0.2952 0.3970 0.1120 0.1405 0.0555
62 0.2927 0.4570 0.0238 0.1004 0.1260
63 0.0706 0.6489 0.0763 0.1918 0.0126
64 0.2487 0.6060 0.0595 0.0563 0.0297
65 0.1385 0.2754 0.1498 0.1241 0.3120
66 0.3809 0.2898 0.0876 0.0562 0.1855
67 0.3816 0.4463 0.0541 0.0489 0.0690
68 0.1443 0.0353 0.0413 0.7676 0.0114
69 0.3091 0.2092 0.0695 0.3140 0.0980
70 0.3542 0.3572 0.1512 0.0275 0.1097
71 0.3521 0.1826 0.0850 0.3521 0.0282
72 0.4617 0.2285 0.0645 0.0255 0.2198
73 0.3079 0.2803 0.1548 0.0773 0.1796
74 0.1992 0.1992 0.0941 0.4561 0.0512
75 0.4050 0.3926 0.0687 0.0829 0.0507
76 0.4443 0.3379 0.0803 0.1055 0.0319
77 0.3813 0.3418 0.0381 0.2041 0.0349
78 0.2971 0.2834 0.0858 0.1248 0.2090
79 0.2664 0.0800 0.1403 0.4822 0.0313
80 0.3374 0.2754 0.0997 0.1113 0.1764
81 0.1300 0.3267 0.1567 0.3645 0.0221
82 0.1002 0.4055 0.3635 0.0549 0.0762
83 0.3025 0.4473 0.1821 0.0116 0.0564
84 0.1322 0.1204 0.0880 0.5742 0.0853
85 0.0709 0.0939 0.7734 0.0219 0.0397
86 0.2228 0.1555 0.4294 0.0550 0.1372
87 0.4683 0.1520 0.1863 0.1696 0.0240
88 0.4861 0.2026 0.1393 0.1517 0.0204
89 0.3499 0.0857 0.1172 0.2993 0.1481
90 0.5615 0.2305 0.0530 0.0436 0.1115
91 0.5596 0.2561 0.0935 0.0126 0.0781
92 0.1670 0.3269 0.4133 0.0513 0.0416
93 0.2097 0.1409 0.0356 0.1766 0.4373
94 0.2318 0.1792 0.0425 0.2976 0.2488
95 0.2175 0.2043 0.0390 0.4902 0.0489
96 0.3408 0.3462 0.0836 0.1714 0.0579
97 0.1135 0.3960 0.2222 0.0721 0.1960
98 0.4111 0.3381 0.0656 0.1525 0.0327
99 0.4541 0.4133 0.0783 0.0221 0.0321
100 0.1731 0.0553 0.0306 0.6953 0.0455
101 0.1405 0.1094 0.6196 0.0576 0.0729
102 0.0820 0.4756 0.3647 0.0497 0.0279
103 0.0337 0.5693 0.3296 0.0526 0.0146
104 0.4380 0.3865 0.0671 0.0761 0.0322
105 0.3960 0.4150 0.1285 0.0242 0.0360
106 0.2612 0.4956 0.0510 0.1766 0.0157
107 0.2522 0.6050 0.0581 0.0706 0.0140
108 0.2222 0.5083 0.1600 0.0824 0.0269
109 0.1731 0.4778 0.2257 0.0948 0.0285
110 0.0372 0.2368 0.1844 0.4495 0.0920
111 0.0598 0.1516 0.1976 0.5542 0.0366
112 0.1686 0.6772 0.1038 0.0317 0.0188
113 0.1015 0.6724 0.0790 0.1345 0.0125
114 0.3137 0.2123 0.2561 0.0421 0.1759
115 0.1072 0.6069 0.2268 0.0305 0.0284
116 0.2417 0.2961 0.2739 0.0715 0.1169
117 0.2015 0.5479 0.1122 0.0416 0.0967
118 0.3545 0.2939 0.1226 0.2052 0.0238
119 0.4343 0.1031 0.1377 0.2783 0.0465
120 0.4700 0.2203 0.0672 0.2238 0.0188
121 0.1283 0.5234 0.1753 0.1149 0.0583
122 0.1105 0.6460 0.1376 0.0391 0.0665
123 0.1160 0.0539 0.1160 0.6992 0.0149
124 0.0998 0.0416 0.1079 0.7373 0.0134
125 0.0842 0.0320 0.0766 0.7983 0.0089
126 0.2240 0.4893 0.1639 0.0363 0.0864
127 0.2037 0.0829 0.1715 0.5044 0.0377
128 0.4065 0.2998 0.1748 0.0734 0.0456
129 0.2947 0.5093 0.1172 0.0562 0.0229
130 0.1187 0.1115 0.0779 0.5938 0.0984
131 0.2847 0.5156 0.0491 0.0436 0.1072
132 0.1968 0.1509 0.2649 0.3677 0.0196
133 0.2292 0.1359 0.0986 0.5249 0.0113
134 0.1958 0.0954 0.1897 0.4695 0.0495
135 0.1436 0.1627 0.1067 0.5591 0.0280
136 0.0464 0.1547 0.7495 0.0376 0.0115
137 0.0358 0.1819 0.7085 0.0619 0.0120
138 0.4683 0.1921 0.1078 0.1028 0.1290
139 0.2795 0.0479 0.0429 0.5781 0.0513
140 0.1893 0.2842 0.1569 0.3071 0.0624
141 0.1703 0.4629 0.2896 0.0365 0.0408
142 0.1984 0.4365 0.1683 0.1848 0.0119
143 0.4312 0.2476 0.1501 0.0162 0.1549
144 0.1716 0.1276 0.2617 0.4182 0.0207
145 0.3333 0.1841 0.2852 0.1869 0.0107
146 0.3237 0.3787 0.0845 0.0316 0.1816
147 0.0867 0.6309 0.1385 0.0137 0.1301
148 0.2571 0.1713 0.3301 0.2340 0.0078
149 0.2295 0.3752 0.3015 0.0528 0.0408
150 0.1093 0.4822 0.2388 0.1309 0.0390
151 0.0892 0.4746 0.3584 0.0366 0.0412
152 0.1313 0.2781 0.5444 0.0376 0.0085
153 0.1115 0.3406 0.4766 0.0494 0.0219
154 0.2324 0.3892 0.2937 0.0401 0.0447
155 0.3269 0.3218 0.2283 0.0299 0.0930
156 0.5288 0.2556 0.1171 0.0427 0.0557
157 0.2393 0.5269 0.1509 0.0331 0.0498
158 0.2457 0.3203 0.2656 0.1090 0.0593
159 0.2308 0.2874 0.3154 0.1265 0.0398
160 0.1934 0.3340 0.1076 0.3289 0.0360
161 0.1752 0.4136 0.2321 0.0930 0.0861
162 0.4551 0.1810 0.1115 0.0903 0.1622
163 0.2598 0.2922 0.1025 0.1033 0.2422
164 0.3203 0.2150 0.0646 0.0317 0.3687
165 0.2239 0.3960 0.1189 0.0683 0.1930
166 0.3105 0.4180 0.1611 0.0172 0.0933
167 0.0566 0.7061 0.1992 0.0325 0.0055
168 0.0731 0.6221 0.2676 0.0315 0.0059
169 0.3171 0.4009 0.2079 0.0596 0.0146
170 0.3801 0.2532 0.2512 0.0218 0.0939
171 0.2646 0.3508 0.2817 0.0435 0.0591
172 0.1353 0.6255 0.1373 0.0649 0.0373
173 0.2164 0.4238 0.2452 0.0917 0.0228
174 0.3159 0.3635 0.1626 0.0402 0.1180
175 0.4456 0.2744 0.1652 0.0215 0.0934
176 0.0969 0.6675 0.1825 0.0423 0.0110
177 0.3162 0.4390 0.1200 0.0567 0.0684
178 0.1011 0.6543 0.1531 0.0695 0.0219
179 0.2307 0.2184 0.3008 0.1825 0.0676
180 0.1833 0.2283 0.2754 0.2429 0.0701
181 0.2827 0.3835 0.2720 0.0273 0.0346
182 0.3271 0.3323 0.2048 0.0686 0.0670
183 0.4062 0.2058 0.2483 0.0504 0.0892
184 0.3123 0.1938 0.1582 0.1646 0.1711
185 0.1776 0.4260 0.3115 0.0550 0.0299
186 0.3352 0.5273 0.0784 0.0348 0.0241
187 0.4639 0.3213 0.1102 0.0378 0.0668
188 0.1786 0.1731 0.2991 0.3086 0.0408
189 0.1908 0.1765 0.2129 0.3916 0.0282
190 0.2124 0.1846 0.2859 0.2859 0.0316
191 0.2338 0.4722 0.1953 0.0783 0.0204
192 0.1711 0.3738 0.2651 0.1534 0.0364
193 0.1118 0.5854 0.1901 0.0515 0.0612
194 0.2700 0.3013 0.1703 0.0202 0.2383
195 0.2317 0.4294 0.2194 0.0456 0.0740
196 0.0806 0.6094 0.2388 0.0663 0.0048
197 0.0608 0.7407 0.1267 0.0700 0.0015
198 0.0474 0.7764 0.1392 0.0323 0.0048
199 0.2603 0.2059 0.3730 0.0425 0.1183
200 0.3049 0.2339 0.2935 0.1122 0.0555
201 0.1350 0.0618 0.2297 0.5513 0.0224
202 0.1815 0.1680 0.5859 0.0571 0.0073
203 0.3867 0.1650 0.3157 0.1227 0.0098
204 0.3804 0.1057 0.4177 0.0810 0.0151
205 0.1715 0.1770 0.4382 0.1975 0.0158
206 0.2998 0.1617 0.4644 0.0674 0.0066
207 0.2037 0.2830 0.2458 0.2345 0.0330
208 0.2037 0.2830 0.2496 0.2310 0.0327
