time exciting_prob fearful_prob tense_prob sad_prob relaxing_prob
0 0.2037 0.2830 0.2496 0.2310 0.0327
1 0.1346 0.2964 0.4885 0.0565 0.0239
2 0.1061 0.4910 0.3765 0.0177 0.0088
3 0.1237 0.3694 0.4456 0.0330 0.0285
4 0.0922 0.3242 0.4866 0.0623 0.0347
5 0.0834 0.1740 0.4304 0.2695 0.0426
6 0.1337 0.3928 0.3359 0.1017 0.0357
7 0.0367 0.2588 0.4685 0.1594 0.0765
8 0.0168 0.7168 0.2021 0.0480 0.0165
9 0.0179 0.5776 0.2192 0.1761 0.0091
10 0.0233 0.0950 0.1566 0.7129 0.0125
11 0.1285 0.1901 0.2617 0.2383 0.1813
12 0.1151 0.1584 0.2115 0.4768 0.0382
13 0.0722 0.2683 0.5254 0.1154 0.0186
14 0.1072 0.4919 0.2551 0.1064 0.0392
15 0.2340 0.5439 0.0916 0.1088 0.0216
16 0.0436 0.2571 0.2131 0.3252 0.1609
17 0.0314 0.2448 0.2487 0.1021 0.3733
18 0.0293 0.1895 0.5396 0.0895 0.1522
19 0.0272 0.2625 0.6602 0.0242 0.0260
20 0.0916 0.2693 0.3298 0.1608 0.1487
21 0.2783 0.3601 0.1868 0.1377 0.0371
22 0.0383 0.4182 0.1689 0.3633 0.0111
23 0.1862 0.0893 0.0490 0.4680 0.2076
24 0.1332 0.1938 0.0615 0.4507 0.1608
25 0.1440 0.2910 0.0510 0.2649 0.2489
26 0.0562 0.0282 0.1870 0.7280 0.0005
27 0.0224 0.0697 0.3767 0.5312 0.0001
28 0.1312 0.0945 0.2822 0.3796 0.1122
29 0.0345 0.2798 0.2080 0.4404 0.0373
30 0.0509 0.0685 0.2390 0.6104 0.0313
31 0.0438 0.1786 0.3665 0.3840 0.0272
32 0.0437 0.4480 0.4209 0.0651 0.0225
33 0.0519 0.4055 0.3308 0.1885 0.0232
34 0.1554 0.3066 0.3477 0.1460 0.0442
35 0.0875 0.0602 0.0961 0.7212 0.0348
36 0.0196 0.0415 0.0922 0.8086 0.0378
37 0.0347 0.3584 0.2313 0.3584 0.0174
38 0.0656 0.1388 0.1168 0.6318 0.0472
39 0.1603 0.2686 0.1654 0.3394 0.0663
40 0.1538 0.3010 0.4116 0.0743 0.0593
41 0.0598 0.1527 0.4021 0.2942 0.0911
42 0.0558 0.1448 0.2791 0.4324 0.0878
43 0.0925 0.2494 0.3103 0.2827 0.0651
44 0.0328 0.0549 0.0386 0.3015 0.5723
45 0.1665 0.0217 0.0774 0.7119 0.0225
46 0.0470 0.1949 0.2244 0.2174 0.3164
47 0.0976 0.2473 0.3079 0.0999 0.2473
48 0.0604 0.1044 0.1860 0.3069 0.3423
49 0.0170 0.0642 0.6187 0.2969 0.0031
50 0.0085 0.0092 0.0156 0.0292 0.9375
51 0.0185 0.0818 0.3040 0.1993 0.3965
52 0.0420 0.1214 0.1740 0.0834 0.5791
53 0.0925 0.2917 0.4448 0.0869 0.0842
54 0.1005 0.3096 0.5186 0.0624 0.0091
55 0.0342 0.1752 0.6821 0.0840 0.0243
56 0.0290 0.2793 0.5820 0.0965 0.0134
57 0.0146 0.3728 0.3906 0.2124 0.0096
58 0.0288 0.3760 0.3940 0.1279 0.0734
59 0.0743 0.1810 0.3545 0.3330 0.0570
60 0.1113 0.0742 0.4070 0.3323 0.0753
61 0.1917 0.1516 0.2104 0.3469 0.0994
62 0.1327 0.3086 0.3496 0.1118 0.0971
63 0.1732 0.0818 0.2367 0.4155 0.0927
64 0.1263 0.1431 0.3328 0.1726 0.2252
65 0.0676 0.0479 0.1477 0.6216 0.1150
66 0.1194 0.1232 0.3049 0.3855 0.0670
67 0.0929 0.0609 0.3093 0.4644 0.0723
68 0.0684 0.1948 0.5215 0.1011 0.1145
69 0.1315 0.1179 0.1444 0.0698 0.5366
70 0.0934 0.1565 0.5049 0.2277 0.0173
71 0.0490 0.1820 0.3792 0.2954 0.0944
72 0.1782 0.1727 0.5322 0.0286 0.0883
73 0.1126 0.0704 0.1886 0.5806 0.0477
74 0.1243 0.0731 0.2114 0.4338 0.1571
75 0.0707 0.1807 0.4910 0.2047 0.0530
76 0.1320 0.2952 0.3940 0.1630 0.0159
77 0.0667 0.6182 0.1885 0.1125 0.0141
78 0.1648 0.3984 0.2739 0.1421 0.0210
79 0.1927 0.1648 0.2593 0.3127 0.0703
80 0.3186 0.0210 0.0700 0.5420 0.0481
81 0.1067 0.0699 0.1528 0.6636 0.0069
82 0.0778 0.1868 0.3489 0.3713 0.0152
83 0.0873 0.1005 0.1582 0.6157 0.0381
84 0.1873 0.1504 0.2559 0.3840 0.0224
85 0.1219 0.4062 0.3315 0.1318 0.0086
86 0.0749 0.0785 0.1215 0.7217 0.0036
87 0.0903 0.3054 0.4731 0.1160 0.0150
88 0.0746 0.4360 0.4160 0.0619 0.0114
89 0.0366 0.4390 0.2107 0.3018 0.0120
90 0.0847 0.2954 0.3975 0.2128 0.0097
91 0.0677 0.1626 0.5088 0.2402 0.0208
92 0.1575 0.2556 0.5005 0.0646 0.0217
93 0.1129 0.5259 0.2522 0.0858 0.0233
94 0.1052 0.4680 0.3479 0.0690 0.0099
95 0.0411 0.5366 0.3748 0.0430 0.0043
96 0.1016 0.3833 0.4697 0.0315 0.0141
97 0.1198 0.4380 0.3989 0.0343 0.0091
98 0.0929 0.1631 0.4573 0.0638 0.2229
99 0.0574 0.2253 0.0875 0.4624 0.1675
100 0.0591 0.1223 0.6929 0.1096 0.0163
101 0.1630 0.0833 0.4360 0.2688 0.0489
102 0.1481 0.1653 0.3442 0.2810 0.0612
103 0.1761 0.3503 0.2905 0.1094 0.0734
104 0.0242 0.3813 0.5815 0.0125 0.0008
105 0.0296 0.3110 0.6382 0.0200 0.0011
106 0.1021 0.4946 0.3047 0.0847 0.0138
107 0.0650 0.1141 0.3569 0.3569 0.1072
108 0.0670 0.5112 0.3979 0.0208 0.0032
109 0.2681 0.4026 0.3086 0.0137 0.0071
110 0.1088 0.4724 0.3298 0.0692 0.0198
111 0.1193 0.2062 0.4365 0.2264 0.0117
112 0.0989 0.2954 0.1907 0.4036 0.0114
113 0.0974 0.2524 0.2448 0.3850 0.0204
114 0.0875 0.1398 0.2131 0.5273 0.0322
115 0.0354 0.8574 0.0574 0.0401 0.0097
116 0.0613 0.1615 0.2207 0.3875 0.1692
117 0.1083 0.0512 0.1993 0.6333 0.0077
118 0.0857 0.2087 0.3284 0.3037 0.0733
119 0.0683 0.3062 0.4316 0.1423 0.0515
120 0.0284 0.3706 0.1157 0.4761 0.0093
121 0.0743 0.0171 0.1675 0.7275 0.0134
122 0.0790 0.0999 0.1114 0.6719 0.0379
123 0.1299 0.2881 0.4062 0.1720 0.0038
124 0.1338 0.1744 0.3362 0.2499 0.1058
125 0.1487 0.4580 0.2231 0.1176 0.0526
126 0.1257 0.3420 0.1591 0.3262 0.0470
127 0.0620 0.1687 0.3303 0.2781 0.1609
128 0.0356 0.4236 0.3623 0.1738 0.0044
129 0.0618 0.5298 0.3474 0.0563 0.0045
130 0.0891 0.0876 0.2103 0.5806 0.0323
131 0.0878 0.2010 0.1318 0.5298 0.0493
132 0.1039 0.2416 0.4307 0.1293 0.0946
133 0.1015 0.1956 0.2803 0.3831 0.0397
134 0.0898 0.2520 0.2856 0.2993 0.0734
135 0.2385 0.4597 0.2441 0.0424 0.0152
136 0.1281 0.2391 0.4539 0.1473 0.0316
137 0.0573 0.3828 0.3123 0.1046 0.1429
138 0.0229 0.1390 0.4778 0.1731 0.1871
139 0.0931 0.1443 0.4175 0.1713 0.1740
140 0.0307 0.0625 0.0620 0.1464 0.6982
141 0.1190 0.1652 0.3135 0.3442 0.0580
142 0.0839 0.1566 0.1708 0.1630 0.4258
143 0.1499 0.3223 0.3123 0.0635 0.1522
144 0.0409 0.2627 0.5391 0.1428 0.0141
145 0.1350 0.1382 0.2074 0.1720 0.3474
146 0.0693 0.0662 0.2421 0.5718 0.0508
147 0.0784 0.0961 0.1609 0.4878 0.1768
148 0.1072 0.0630 0.2416 0.5361 0.0522
149 0.0638 0.0546 0.2524 0.4294 0.1997
150 0.0813 0.1721 0.5732 0.1340 0.0390
151 0.0494 0.5659 0.1780 0.0522 0.1547
152 0.0209 0.3225 0.6313 0.0223 0.0029
153 0.0421 0.0865 0.2881 0.5469 0.0366
154 0.0415 0.1111 0.1860 0.6392 0.0222
155 0.1333 0.1780 0.2285 0.3948 0.0655
156 0.1338 0.1010 0.2832 0.4058 0.0762
157 0.1249 0.0648 0.1394 0.6445 0.0266
158 0.0956 0.1327 0.3337 0.3496 0.0884
159 0.1034 0.1067 0.3286 0.4287 0.0325
160 0.0435 0.2177 0.1520 0.5732 0.0135
161 0.1237 0.0850 0.2920 0.3635 0.1359
162 0.0599 0.1459 0.4424 0.3447 0.0071
163 0.1812 0.0677 0.1869 0.4019 0.1624
164 0.2184 0.4277 0.3032 0.0440 0.0066
165 0.1026 0.5503 0.2367 0.1002 0.0103
166 0.0754 0.2396 0.5933 0.0828 0.0089
167 0.0762 0.0994 0.4185 0.3931 0.0130
168 0.0936 0.1129 0.3320 0.4329 0.0285
169 0.0930 0.1353 0.3296 0.4102 0.0321
170 0.0486 0.0685 0.0729 0.7964 0.0135
171 0.0897 0.0593 0.0779 0.7510 0.0218
172 0.0781 0.0871 0.1210 0.6748 0.0393
173 0.2050 0.4407 0.1234 0.1794 0.0514
174 0.0450 0.1030 0.2147 0.6118 0.0257
175 0.1245 0.0954 0.2849 0.4624 0.0330
176 0.1489 0.0749 0.2783 0.4048 0.0932
177 0.0461 0.0991 0.1233 0.7207 0.0108
178 0.0652 0.0728 0.2502 0.5552 0.0567
179 0.0395 0.0523 0.0750 0.8057 0.0276
180 0.0702 0.0482 0.2231 0.5786 0.0796
181 0.0412 0.0723 0.4363 0.3911 0.0591
182 0.0676 0.1304 0.3276 0.4409 0.0335
183 0.1057 0.3928 0.2135 0.2656 0.0223
184 0.3235 0.3496 0.3086 0.0094 0.0088
185 0.2502 0.1616 0.3938 0.0781 0.1164
186 0.1289 0.1086 0.2194 0.4163 0.1270
187 0.1002 0.1190 0.3284 0.4282 0.0242
188 0.0907 0.1519 0.2045 0.5059 0.0471
189 0.0526 0.0319 0.0615 0.1387 0.7153
190 0.0758 0.5557 0.3423 0.0228 0.0033
191 0.1069 0.4065 0.3215 0.1472 0.0180
192 0.2274 0.3308 0.3059 0.1033 0.0325
193 0.0540 0.0492 0.0421 0.8071 0.0477
194 0.0442 0.2837 0.2316 0.4260 0.0144
195 0.0509 0.0729 0.1749 0.6812 0.0198
196 0.1249 0.1249 0.2446 0.3291 0.1763
197 0.1242 0.0625 0.3708 0.4204 0.0221
198 0.0482 0.1509 0.2732 0.4795 0.0482
199 0.1284 0.0883 0.3035 0.4019 0.0779
200 0.1584 0.3743 0.2781 0.1421 0.0472
201 0.2627 0.1736 0.4575 0.0670 0.0393
202 0.0668 0.0668 0.3235 0.4858 0.0571
203 0.0522 0.0406 0.1659 0.6987 0.0426
204 0.0806 0.0768 0.2260 0.5859 0.0306
205 0.0742 0.4583 0.2866 0.1442 0.0367
206 0.0615 0.1984 0.2145 0.4333 0.0923
207 0.0709 0.3328 0.2634 0.2803 0.0527
208 0.0637 0.0589 0.1873 0.6743 0.0157
209 0.0557 0.3630 0.2201 0.3518 0.0095
210 0.0660 0.6826 0.1409 0.0868 0.0237
211 0.0811 0.5811 0.1842 0.1390 0.0145
212 0.1976 0.0641 0.1144 0.5811 0.0428
213 0.2761 0.1207 0.0883 0.4346 0.0804
214 0.1910 0.2778 0.2415 0.2532 0.0365
215 0.1910 0.2778 0.2415 0.2532 0.0365
216 0.2037 0.2830 0.2496 0.2310 0.0327
