time exciting_prob fearful_prob tense_prob sad_prob relaxing_prob
0 0.2642 0.3313 0.0844 0.2878 0.0323
1 0.0472 0.5615 0.2303 0.1376 0.0235
2 0.1664 0.5454 0.1771 0.0948 0.0160
3 0.2131 0.3569 0.1609 0.2415 0.0277
4 0.1486 0.3853 0.1724 0.2338 0.0600
5 0.1552 0.2223 0.2024 0.3721 0.0481
6 0.1941 0.1376 0.2234 0.4045 0.0404
7 0.1766 0.2778 0.1881 0.2913 0.0660
8 0.1580 0.2524 0.3191 0.2446 0.0262
9 0.1584 0.2571 0.2532 0.2913 0.0400
10 0.2377 0.2002 0.2164 0.2959 0.0498
11 0.2010 0.1182 0.3115 0.3264 0.0428
12 0.2020 0.1598 0.3833 0.1624 0.0925
13 0.1633 0.1686 0.4106 0.2065 0.0510
14 0.1215 0.1512 0.4446 0.2235 0.0592
15 0.1661 0.1741 0.2654 0.2783 0.1160
16 0.0594 0.6748 0.1816 0.0618 0.0226
17 0.0571 0.4854 0.3721 0.0667 0.0187
18 0.0339 0.4363 0.2159 0.3047 0.0093
19 0.0349 0.7012 0.1588 0.0941 0.0112
20 0.0443 0.5391 0.2798 0.1261 0.0106
21 0.0420 0.1661 0.3105 0.3923 0.0889
22 0.0400 0.2910 0.4724 0.1659 0.0307
23 0.0334 0.3821 0.4397 0.1094 0.0355
24 0.0389 0.3062 0.3872 0.1296 0.1381
25 0.0360 0.2942 0.4929 0.1171 0.0598
26 0.0386 0.0942 0.7065 0.1349 0.0257
27 0.0313 0.3237 0.3611 0.2295 0.0545
28 0.0624 0.3533 0.3704 0.1044 0.1095
29 0.0305 0.4932 0.3962 0.0421 0.0380
30 0.1046 0.3738 0.2734 0.1054 0.1429
31 0.0448 0.0979 0.5210 0.2500 0.0864
32 0.0489 0.5093 0.4355 0.0045 0.0016
33 0.0685 0.6108 0.2842 0.0297 0.0067
34 0.1603 0.3584 0.3264 0.1173 0.0375
35 0.0731 0.5117 0.3054 0.1024 0.0074
36 0.0543 0.5195 0.3149 0.1031 0.0083
37 0.0434 0.4417 0.4348 0.0750 0.0051
38 0.0365 0.3254 0.2006 0.4180 0.0195
39 0.1067 0.1731 0.0912 0.2900 0.3391
40 0.0833 0.2299 0.0537 0.3560 0.2773
41 0.1025 0.2239 0.0876 0.2169 0.3691
42 0.0247 0.0531 0.0243 0.8306 0.0671
43 0.1146 0.3447 0.1448 0.3669 0.0292
44 0.1342 0.4832 0.1921 0.1696 0.0209
45 0.0469 0.1216 0.2004 0.6172 0.0137
46 0.0543 0.3301 0.1824 0.4109 0.0223
47 0.2089 0.3086 0.1370 0.2993 0.0462
48 0.0947 0.4810 0.2068 0.0487 0.1688
49 0.0817 0.4888 0.1689 0.0368 0.2238
50 0.0732 0.4412 0.2253 0.0583 0.2020
51 0.0374 0.6519 0.2184 0.0119 0.0803
52 0.1466 0.2739 0.2915 0.2343 0.0535
53 0.0520 0.3611 0.3445 0.2368 0.0054
54 0.0412 0.1735 0.5864 0.1935 0.0053
55 0.0260 0.4233 0.1486 0.3147 0.0873
56 0.0956 0.5503 0.1931 0.1171 0.0441
57 0.0919 0.4285 0.3086 0.1010 0.0699
58 0.1735 0.3191 0.1790 0.2092 0.1192
59 0.1697 0.3481 0.1594 0.1777 0.1451
60 0.0116 0.2159 0.0193 0.7417 0.0113
61 0.0265 0.5620 0.0365 0.3574 0.0174
62 0.2053 0.1599 0.2556 0.2290 0.1503
63 0.0809 0.2361 0.4695 0.1410 0.0726
64 0.1482 0.2332 0.2947 0.2190 0.1050
65 0.2715 0.3125 0.2083 0.0772 0.1304
66 0.0722 0.2106 0.3933 0.1381 0.1858
67 0.0366 0.3752 0.3110 0.2620 0.0152
68 0.0412 0.4468 0.1593 0.3372 0.0156
69 0.0512 0.2881 0.1404 0.5059 0.0146
70 0.0261 0.4045 0.0946 0.4109 0.0640
71 0.0291 0.4075 0.0841 0.4138 0.0655
72 0.0385 0.7549 0.1054 0.0975 0.0034
73 0.0569 0.0840 0.1595 0.6611 0.0385
74 0.0890 0.5044 0.3467 0.0171 0.0430
75 0.0367 0.4575 0.4795 0.0217 0.0045
76 0.1759 0.4526 0.1746 0.1858 0.0110
77 0.1855 0.4314 0.1433 0.2238 0.0161
78 0.1035 0.3611 0.1414 0.3843 0.0099
79 0.0994 0.1276 0.1108 0.5630 0.0994
80 0.1035 0.1371 0.1788 0.4785 0.1019
81 0.0833 0.4363 0.1605 0.1438 0.1763
82 0.0803 0.3542 0.1196 0.1431 0.3030
83 0.0759 0.4504 0.3000 0.1417 0.0319
84 0.0641 0.5083 0.3230 0.0743 0.0305
85 0.0482 0.1232 0.3196 0.4949 0.0143
86 0.0551 0.0952 0.2510 0.5654 0.0334
87 0.0141 0.1846 0.1229 0.6753 0.0033
88 0.0901 0.1353 0.5264 0.2161 0.0321
89 0.1510 0.2957 0.2233 0.1766 0.1534
90 0.1814 0.4351 0.2854 0.0488 0.0496
91 0.0605 0.5566 0.1807 0.1697 0.0327
92 0.0997 0.4468 0.2391 0.2046 0.0099
93 0.1753 0.0487 0.5151 0.1595 0.1014
94 0.2102 0.0566 0.4451 0.1057 0.1826
95 0.1210 0.1438 0.3188 0.3188 0.0973
96 0.0483 0.1072 0.0991 0.4802 0.2651
97 0.0425 0.1818 0.0668 0.5513 0.1578
98 0.0258 0.3137 0.0637 0.5859 0.0107
99 0.0456 0.6343 0.1155 0.1935 0.0109
100 0.0620 0.5840 0.0999 0.2396 0.0147
101 0.0370 0.3452 0.2126 0.3975 0.0078
102 0.0385 0.2198 0.2233 0.5112 0.0072
103 0.1116 0.2988 0.2517 0.1389 0.1990
104 0.0741 0.4985 0.1923 0.2212 0.0139
105 0.0373 0.7256 0.1271 0.0997 0.0103
106 0.0428 0.7178 0.1067 0.1267 0.0060
107 0.2225 0.3784 0.0845 0.3088 0.0056
108 0.1864 0.4402 0.0639 0.3025 0.0068
109 0.1410 0.1897 0.0454 0.6123 0.0118
110 0.0067 0.1637 0.0349 0.7935 0.0014
111 0.1716 0.4451 0.3010 0.0476 0.0346
112 0.0439 0.1617 0.1891 0.5913 0.0139
113 0.1622 0.2676 0.3381 0.1754 0.0565
114 0.0169 0.0930 0.0930 0.7910 0.0062
115 0.0903 0.2343 0.4731 0.1273 0.0749
116 0.1000 0.0925 0.1304 0.5757 0.1016
117 0.0467 0.1578 0.0690 0.4497 0.2771
118 0.0980 0.4224 0.0663 0.2261 0.1874
119 0.0406 0.1460 0.0734 0.6753 0.0648
120 0.0280 0.4250 0.1588 0.3469 0.0414
121 0.0440 0.3464 0.3464 0.1769 0.0862
122 0.0629 0.4990 0.1570 0.2180 0.0629
123 0.0790 0.2737 0.2869 0.0645 0.2959
124 0.0842 0.3411 0.3154 0.1610 0.0984
125 0.1088 0.3457 0.2651 0.1534 0.1272
126 0.1022 0.4138 0.3271 0.1262 0.0307
127 0.0555 0.1120 0.0758 0.6152 0.1416
128 0.0605 0.1340 0.0674 0.5303 0.2076
129 0.0542 0.2468 0.0937 0.3169 0.2886
130 0.0805 0.5503 0.2189 0.0608 0.0898
131 0.0835 0.5034 0.2416 0.0491 0.1224
132 0.0449 0.1804 0.3218 0.3704 0.0826
133 0.0660 0.1971 0.4109 0.2098 0.1159
134 0.0565 0.2737 0.4307 0.1687 0.0703
135 0.2751 0.1044 0.2076 0.4004 0.0124
136 0.4707 0.2725 0.1577 0.0818 0.0174
137 0.2563 0.2228 0.1438 0.3616 0.0153
138 0.1155 0.0872 0.3503 0.4226 0.0242
139 0.0292 0.2029 0.6152 0.1439 0.0086
140 0.0942 0.2124 0.3728 0.3042 0.0164
141 0.0948 0.2346 0.4966 0.1295 0.0444
142 0.0532 0.1042 0.4456 0.3638 0.0333
143 0.0740 0.5181 0.0936 0.3093 0.0052
144 0.0506 0.6558 0.1510 0.1292 0.0133
145 0.0934 0.5952 0.1248 0.1705 0.0157
146 0.0526 0.6167 0.0923 0.2098 0.0286
147 0.0277 0.7192 0.1818 0.0604 0.0110
148 0.0413 0.5439 0.1071 0.3003 0.0072
149 0.1302 0.3950 0.2981 0.1621 0.0144
150 0.1532 0.1532 0.0605 0.1683 0.4646
151 0.1250 0.1819 0.0352 0.2905 0.3674
152 0.0937 0.2886 0.3535 0.2546 0.0094
153 0.0807 0.3533 0.0680 0.4829 0.0150
154 0.0927 0.5459 0.2072 0.0805 0.0739
155 0.1040 0.1107 0.1490 0.5894 0.0469
156 0.0280 0.5713 0.1854 0.1974 0.0181
157 0.0155 0.3616 0.2372 0.3616 0.0242
158 0.1200 0.2424 0.3936 0.1666 0.0775
159 0.0958 0.6147 0.1531 0.0279 0.1085
160 0.1274 0.5493 0.1840 0.0284 0.1107
161 0.1052 0.3789 0.2335 0.1193 0.1630
162 0.2341 0.2067 0.3921 0.1124 0.0547
163 0.1542 0.2244 0.4531 0.0965 0.0717
164 0.0246 0.7026 0.1111 0.1543 0.0072
165 0.0818 0.4531 0.2296 0.2107 0.0248
166 0.0862 0.1178 0.3008 0.4731 0.0220
167 0.0421 0.1161 0.3157 0.5044 0.0215
168 0.0511 0.3833 0.1958 0.3228 0.0472
169 0.0575 0.6636 0.0850 0.1744 0.0193
170 0.0641 0.4248 0.0970 0.3750 0.0389
171 0.1141 0.3354 0.4172 0.0510 0.0822
172 0.1113 0.1807 0.0923 0.6016 0.0143
173 0.1898 0.5757 0.0977 0.1274 0.0095
174 0.0352 0.2681 0.4561 0.2329 0.0080
175 0.0653 0.4602 0.3584 0.1011 0.0148
176 0.0434 0.2942 0.3660 0.2764 0.0203
177 0.1007 0.1234 0.4880 0.2493 0.0385
178 0.0854 0.1726 0.2018 0.4692 0.0709
179 0.0551 0.3298 0.4106 0.1851 0.0192
180 0.0652 0.3186 0.3555 0.2443 0.0164
181 0.0577 0.3022 0.2178 0.0634 0.3589
182 0.0578 0.3713 0.2512 0.1015 0.2183
183 0.0478 0.1804 0.1495 0.1543 0.4680
184 0.0342 0.6064 0.1122 0.2339 0.0130
185 0.0241 0.2939 0.0897 0.5845 0.0079
186 0.0204 0.2864 0.0759 0.6060 0.0113
187 0.1250 0.2229 0.3618 0.1417 0.1484
188 0.0880 0.1332 0.1792 0.5435 0.0560
189 0.0797 0.3599 0.3076 0.2251 0.0277
190 0.0765 0.5024 0.1764 0.2264 0.0183
191 0.0386 0.2328 0.1870 0.5244 0.0170
192 0.0708 0.2629 0.1343 0.3484 0.1836
193 0.0276 0.1783 0.6035 0.1152 0.0755
194 0.0423 0.2395 0.4617 0.1282 0.1282
195 0.0326 0.3618 0.4231 0.1121 0.0702
196 0.0710 0.2119 0.0792 0.5850 0.0528
197 0.0657 0.4185 0.0964 0.3635 0.0558
198 0.0807 0.5645 0.0513 0.2751 0.0281
199 0.0576 0.1643 0.1495 0.3701 0.2583
200 0.0695 0.5430 0.1876 0.1484 0.0517
201 0.0334 0.2910 0.2412 0.4233 0.0111
202 0.0582 0.3538 0.1079 0.4688 0.0115
203 0.2206 0.1162 0.4058 0.2137 0.0438
204 0.1465 0.2866 0.4172 0.1398 0.0100
205 0.0617 0.5542 0.2007 0.1718 0.0116
206 0.0349 0.4822 0.0706 0.3997 0.0126
207 0.0159 0.7100 0.0650 0.2002 0.0091
208 0.0387 0.2057 0.2190 0.5254 0.0113
209 0.0471 0.2177 0.4004 0.3118 0.0231
210 0.0685 0.1531 0.1936 0.5264 0.0586
211 0.2224 0.1577 0.3843 0.1577 0.0781
212 0.0705 0.2240 0.1857 0.2922 0.2275
213 0.0400 0.1737 0.1290 0.5435 0.1139
214 0.0817 0.2053 0.2363 0.4626 0.0140
215 0.0757 0.4749 0.1774 0.2074 0.0648
216 0.1530 0.2444 0.0270 0.1788 0.3967
217 0.0845 0.2603 0.0590 0.1934 0.4031
218 0.1407 0.5791 0.1954 0.0578 0.0269
219 0.0814 0.4268 0.3884 0.0713 0.0321
220 0.1024 0.2236 0.2418 0.2964 0.1356
221 0.0583 0.2379 0.4377 0.2134 0.0527
222 0.0839 0.2666 0.2246 0.3118 0.1129
223 0.1113 0.1406 0.1222 0.5830 0.0429
224 0.1342 0.2144 0.2212 0.3943 0.0361
225 0.1190 0.2856 0.1577 0.3904 0.0474
226 0.1160 0.2201 0.2201 0.4048 0.0392
227 0.0770 0.1147 0.1174 0.6294 0.0614
228 0.0471 0.1311 0.0967 0.6763 0.0490
229 0.2028 0.3560 0.1531 0.2485 0.0396
230 0.2693 0.2866 0.1970 0.2032 0.0436
231 0.0150 0.6670 0.1488 0.1560 0.0133
232 0.0214 0.2271 0.3103 0.3921 0.0491
233 0.0098 0.7144 0.1644 0.0840 0.0273
234 0.0111 0.8345 0.1013 0.0403 0.0129
235 0.0643 0.1951 0.6201 0.1094 0.0113
236 0.0481 0.1704 0.3496 0.4285 0.0034
237 0.0140 0.0498 0.0506 0.8828 0.0028
238 0.1420 0.2822 0.3625 0.1442 0.0692
239 0.0621 0.3657 0.3894 0.1501 0.0327
240 0.0651 0.3103 0.4111 0.1660 0.0476
241 0.0801 0.5181 0.2228 0.1655 0.0135
242 0.0528 0.6895 0.1743 0.0744 0.0088
243 0.0392 0.7012 0.1886 0.0584 0.0127
244 0.0308 0.6743 0.2056 0.0780 0.0115
245 0.0520 0.5010 0.2681 0.1704 0.0089
246 0.0184 0.2795 0.0853 0.6016 0.0153
247 0.0667 0.2085 0.1226 0.2988 0.3035
248 0.0443 0.0596 0.0518 0.7612 0.0828
249 0.0458 0.0544 0.1785 0.7173 0.0041
250 0.0478 0.1816 0.0740 0.6147 0.0819
251 0.0824 0.2922 0.2788 0.3416 0.0051
252 0.0971 0.5293 0.1744 0.1058 0.0934
253 0.0559 0.0907 0.2466 0.5732 0.0334
254 0.1196 0.4995 0.2251 0.0861 0.0698
255 0.0355 0.0478 0.1919 0.7129 0.0118
256 0.0488 0.2678 0.1550 0.3230 0.2053
257 0.0724 0.1157 0.5972 0.1558 0.0591
258 0.0496 0.1338 0.2922 0.4744 0.0500
259 0.0445 0.3723 0.1963 0.3088 0.0781
260 0.1887 0.0751 0.2661 0.2423 0.2277
261 0.0451 0.1870 0.0598 0.3899 0.3181
262 0.0569 0.3794 0.1087 0.4104 0.0446
263 0.0609 0.6348 0.0958 0.1508 0.0577
264 0.1401 0.2007 0.2170 0.3635 0.0786
265 0.0600 0.1558 0.3455 0.4041 0.0348
266 0.0616 0.2272 0.0544 0.3105 0.3464
267 0.0493 0.1591 0.0572 0.2208 0.5137
268 0.0462 0.3691 0.5205 0.0562 0.0081
269 0.0729 0.1147 0.6006 0.1920 0.0196
270 0.0714 0.3403 0.4438 0.1333 0.0110
271 0.1797 0.5532 0.2495 0.0151 0.0023
272 0.1488 0.3513 0.1038 0.2340 0.1621
273 0.2893 0.4275 0.1047 0.0645 0.1141
274 0.0829 0.2067 0.0961 0.2343 0.3801
275 0.0724 0.1710 0.3049 0.3794 0.0724
276 0.1746 0.1470 0.4526 0.1058 0.1199
277 0.1444 0.1538 0.5454 0.1125 0.0441
278 0.1804 0.1592 0.3879 0.1696 0.1028
279 0.0654 0.6260 0.0796 0.2096 0.0195
280 0.0732 0.6890 0.1082 0.1040 0.0259
281 0.0597 0.5488 0.1031 0.2634 0.0251
282 0.0699 0.2703 0.2205 0.3523 0.0870
283 0.0670 0.1087 0.2162 0.5874 0.0207
284 0.0986 0.1117 0.1083 0.6631 0.0182
285 0.1603 0.3611 0.3088 0.1229 0.0470
286 0.1331 0.4065 0.2544 0.1682 0.0378
287 0.1853 0.1912 0.3328 0.1635 0.1273
288 0.0239 0.0332 0.0407 0.8706 0.0317
289 0.1361 0.3042 0.2297 0.2949 0.0349
290 0.1493 0.2832 0.1786 0.2661 0.1228
291 0.1542 0.2834 0.2522 0.2664 0.0438
292 0.1281 0.3120 0.3169 0.2247 0.0182
293 0.0435 0.2194 0.1230 0.6055 0.0086
294 0.0484 0.4385 0.2311 0.2703 0.0119
295 0.0373 0.3538 0.3074 0.2935 0.0080
296 0.2900 0.2057 0.0455 0.4219 0.0369
297 0.2944 0.2578 0.0462 0.3752 0.0261
298 0.2781 0.3379 0.0510 0.3030 0.0300
299 0.2593 0.2236 0.0365 0.4553 0.0253
300 0.2534 0.2827 0.0444 0.3987 0.0206
301 0.2549 0.1595 0.0419 0.4990 0.0446
302 0.3279 0.3630 0.0616 0.2236 0.0239
303 0.2017 0.0953 0.1476 0.5151 0.0403
