time exciting_prob fearful_prob tense_prob sad_prob relaxing_prob
0 0.1987 0.2847 0.2512 0.2323 0.0330
1 0.2299 0.0609 0.0859 0.5962 0.0272
2 0.4316 0.1626 0.0333 0.3469 0.0255
3 0.7026 0.0406 0.0372 0.1982 0.0214
4 0.7236 0.0405 0.0308 0.1858 0.0193
5 0.7178 0.0360 0.1370 0.1050 0.0044
6 0.3298 0.0861 0.3352 0.2097 0.0391
7 0.4023 0.1153 0.2639 0.2024 0.0160
8 0.8516 0.0238 0.0107 0.0588 0.0553
9 0.7798 0.0109 0.0067 0.0552 0.1476
10 0.7866 0.0100 0.0041 0.0170 0.1825
11 0.7388 0.0327 0.0245 0.1661 0.0379
12 0.3071 0.1147 0.1406 0.4197 0.0177
13 0.7676 0.0454 0.1377 0.0483 0.0009
14 0.8447 0.0263 0.1144 0.0140 0.0004
15 0.8242 0.0271 0.1304 0.0178 0.0005
16 0.8188 0.0318 0.1379 0.0108 0.0005
17 0.2482 0.0871 0.1136 0.5254 0.0258
18 0.2039 0.1074 0.1276 0.5044 0.0566
19 0.1849 0.0821 0.1022 0.5269 0.1038
20 0.0694 0.0477 0.0850 0.7349 0.0632
21 0.1335 0.1422 0.1335 0.5200 0.0704
22 0.0768 0.1871 0.2122 0.4421 0.0818
23 0.0695 0.1495 0.2625 0.4534 0.0653
24 0.0590 0.1967 0.1763 0.5098 0.0581
25 0.0477 0.5996 0.1381 0.1917 0.0229
26 0.0712 0.1617 0.4465 0.3069 0.0138
27 0.0895 0.2629 0.4404 0.1836 0.0235
28 0.0452 0.2949 0.3240 0.3091 0.0266
29 0.0311 0.1732 0.4287 0.3289 0.0381
30 0.0929 0.0901 0.1484 0.6553 0.0134
31 0.1335 0.1048 0.0293 0.0271 0.7051
32 0.3699 0.0995 0.0256 0.0336 0.4712
33 0.2169 0.0948 0.0335 0.0171 0.6377
34 0.0899 0.1844 0.5771 0.1068 0.0418
35 0.1670 0.1417 0.3049 0.3193 0.0670
36 0.0561 0.7056 0.1929 0.0308 0.0148
37 0.0574 0.6943 0.1525 0.0472 0.0487
38 0.1118 0.3872 0.1871 0.1436 0.1704
39 0.0657 0.3523 0.1576 0.2039 0.2205
40 0.0803 0.4805 0.1713 0.1674 0.1007
41 0.0568 0.0789 0.1617 0.6812 0.0216
42 0.0292 0.3906 0.2642 0.2993 0.0166
43 0.0704 0.4590 0.1974 0.2656 0.0075
44 0.1826 0.1400 0.1826 0.3806 0.1143
45 0.0808 0.3826 0.4268 0.0719 0.0379
46 0.1207 0.2576 0.2534 0.3105 0.0579
47 0.1958 0.0911 0.2052 0.3774 0.1305
48 0.1866 0.0547 0.0587 0.0881 0.6118
49 0.2148 0.0543 0.0539 0.1283 0.5488
50 0.1299 0.1052 0.0865 0.6294 0.0493
51 0.1426 0.2158 0.0794 0.2227 0.3396
52 0.0398 0.6226 0.1160 0.1742 0.0476
53 0.5269 0.2864 0.0820 0.0759 0.0288
54 0.0967 0.3948 0.2096 0.0615 0.2375
55 0.1059 0.3391 0.1705 0.0504 0.3340
56 0.1021 0.3169 0.0887 0.0887 0.4038
57 0.0516 0.3870 0.4119 0.1447 0.0048
58 0.0734 0.3188 0.5259 0.0723 0.0097
59 0.0379 0.5571 0.2891 0.0991 0.0171
60 0.0111 0.7280 0.1082 0.1503 0.0023
61 0.0588 0.2168 0.0761 0.2036 0.4448
62 0.0311 0.2798 0.4685 0.2112 0.0096
63 0.1154 0.2173 0.5215 0.0838 0.0623
64 0.0955 0.0779 0.0166 0.2517 0.5581
65 0.1589 0.1392 0.0504 0.2295 0.4221
66 0.1356 0.1714 0.0447 0.1675 0.4807
67 0.3552 0.2347 0.2578 0.1017 0.0504
68 0.3706 0.3706 0.0959 0.0639 0.0990
69 0.2432 0.0615 0.0382 0.0165 0.6406
70 0.1467 0.2152 0.1041 0.0925 0.4414
71 0.0423 0.1559 0.1633 0.4954 0.1431
72 0.0626 0.3718 0.5161 0.0225 0.0269
73 0.0250 0.5137 0.4126 0.0470 0.0016
74 0.0414 0.1317 0.7461 0.0683 0.0124
75 0.0356 0.2397 0.4272 0.2673 0.0300
76 0.1225 0.1537 0.1115 0.0676 0.5449
77 0.1399 0.1610 0.1089 0.4241 0.1661
78 0.1082 0.3806 0.0480 0.4248 0.0383
79 0.1658 0.1071 0.0967 0.0286 0.6021
80 0.0848 0.0394 0.0754 0.1123 0.6880
81 0.0786 0.0340 0.0672 0.0333 0.7871
82 0.1643 0.1112 0.0270 0.1669 0.5303
83 0.1234 0.1088 0.0322 0.3052 0.4304
84 0.0063 0.0601 0.1940 0.7319 0.0076
85 0.0130 0.1418 0.5610 0.2690 0.0151
86 0.0205 0.5708 0.3862 0.0172 0.0055
87 0.1327 0.1152 0.0496 0.4890 0.2136
88 0.1077 0.1862 0.1260 0.4329 0.1472
89 0.1140 0.2063 0.1176 0.3247 0.2375
90 0.1537 0.2476 0.1255 0.2615 0.2118
91 0.0880 0.1763 0.0555 0.0839 0.5962
92 0.0994 0.2744 0.3635 0.2170 0.0458
93 0.1131 0.4009 0.3376 0.1453 0.0031
94 0.0786 0.6738 0.2329 0.0141 0.0006
95 0.0284 0.8691 0.0902 0.0114 0.0007
96 0.0289 0.5889 0.3572 0.0239 0.0010
97 0.2198 0.3513 0.1334 0.1523 0.1431
98 0.1595 0.1583 0.0530 0.0314 0.5977
99 0.0405 0.2769 0.0668 0.1934 0.4224
100 0.0308 0.0863 0.0181 0.6577 0.2070
101 0.0677 0.2764 0.0970 0.1959 0.3630
102 0.1087 0.0860 0.0894 0.0125 0.7036
103 0.0745 0.1307 0.2622 0.2664 0.2664
104 0.0060 0.6943 0.2593 0.0356 0.0048
105 0.0080 0.6191 0.2278 0.1404 0.0046
106 0.0696 0.1646 0.5522 0.1364 0.0771
107 0.0833 0.0654 0.0219 0.4646 0.3647
108 0.1534 0.0991 0.0923 0.2693 0.3857
109 0.1039 0.1525 0.1399 0.0374 0.5664
110 0.1593 0.0826 0.0922 0.0361 0.6299
111 0.0715 0.1703 0.1049 0.6328 0.0205
112 0.0399 0.0831 0.1844 0.6851 0.0074
113 0.0522 0.1006 0.1312 0.7095 0.0061
114 0.2220 0.3154 0.0970 0.1099 0.2556
115 0.0241 0.1377 0.4807 0.3008 0.0565
116 0.0331 0.2028 0.5688 0.1461 0.0493
117 0.1259 0.4749 0.2074 0.0690 0.1229
118 0.1289 0.5259 0.0973 0.1555 0.0922
119 0.1234 0.1097 0.0356 0.3174 0.4141
120 0.1824 0.2891 0.0616 0.1015 0.3655
121 0.1074 0.0993 0.0285 0.0863 0.6787
122 0.0034 0.8091 0.0866 0.0997 0.0015
123 0.0075 0.5181 0.1230 0.3452 0.0062
124 0.0703 0.3147 0.3796 0.2130 0.0224
125 0.0594 0.6143 0.1934 0.1128 0.0201
126 0.0160 0.7954 0.1404 0.0456 0.0028
127 0.0889 0.6987 0.1511 0.0543 0.0069
128 0.1283 0.5532 0.2695 0.0374 0.0116
129 0.0769 0.6851 0.2090 0.0224 0.0065
130 0.0679 0.3503 0.4429 0.1329 0.0058
131 0.0300 0.2357 0.4912 0.2394 0.0037
132 0.0136 0.3203 0.4807 0.1714 0.0139
133 0.0356 0.2688 0.4365 0.2448 0.0144
134 0.0978 0.0767 0.0205 0.0360 0.7690
135 0.0717 0.1774 0.1830 0.3555 0.2123
136 0.0850 0.1515 0.5991 0.1075 0.0566
137 0.0191 0.1318 0.2107 0.6289 0.0091
138 0.2184 0.1973 0.1151 0.1064 0.3628
139 0.1322 0.2715 0.1038 0.3767 0.1158
140 0.0228 0.1852 0.7207 0.0522 0.0189
141 0.0531 0.2053 0.6035 0.1326 0.0056
142 0.0429 0.4265 0.4470 0.0691 0.0145
143 0.0217 0.3069 0.3479 0.3069 0.0165
144 0.0470 0.4255 0.4824 0.0378 0.0073
145 0.0435 0.1667 0.6099 0.1748 0.0048
146 0.0282 0.2720 0.6841 0.0138 0.0021
147 0.0562 0.5718 0.3467 0.0173 0.0081
148 0.0538 0.6162 0.1792 0.1464 0.0046
149 0.0652 0.1946 0.3467 0.3579 0.0357
150 0.0364 0.5103 0.1998 0.2487 0.0050
151 0.0351 0.2380 0.1294 0.5625 0.0351
152 0.0561 0.3384 0.2761 0.2986 0.0310
153 0.0339 0.4331 0.2112 0.3025 0.0193
154 0.1466 0.1399 0.1611 0.1179 0.4346
155 0.0642 0.3472 0.5635 0.0129 0.0122
156 0.0497 0.4937 0.2090 0.2190 0.0287
157 0.0282 0.1135 0.1390 0.6733 0.0458
158 0.0090 0.7056 0.0488 0.2328 0.0037
159 0.1078 0.1416 0.1342 0.1103 0.5063
160 0.0746 0.1495 0.0478 0.6196 0.1085
161 0.1298 0.1119 0.0537 0.5508 0.1541
162 0.1213 0.3884 0.1792 0.1203 0.1908
163 0.1213 0.1149 0.1122 0.2214 0.4302
164 0.0909 0.3223 0.3708 0.2017 0.0145
165 0.0492 0.3389 0.3442 0.2294 0.0383
166 0.0452 0.7300 0.1761 0.0412 0.0073
167 0.0458 0.6279 0.2007 0.1198 0.0059
168 0.0995 0.5298 0.2664 0.0920 0.0126
169 0.0815 0.2083 0.2115 0.3599 0.1388
170 0.0044 0.9014 0.0485 0.0442 0.0017
171 0.2006 0.0985 0.0612 0.0503 0.5894
172 0.0665 0.2305 0.0703 0.0443 0.5884
173 0.0215 0.1774 0.3755 0.3875 0.0384
174 0.0413 0.1533 0.2864 0.5107 0.0083
175 0.0193 0.5254 0.4155 0.0387 0.0011
176 0.1434 0.3208 0.2170 0.1731 0.1458
177 0.0826 0.2245 0.0669 0.1240 0.5020
178 0.0261 0.1169 0.1898 0.6523 0.0148
179 0.1300 0.0887 0.4263 0.3218 0.0331
180 0.3591 0.1749 0.1631 0.0764 0.2264
181 0.1704 0.2257 0.1412 0.0817 0.3809
182 0.0089 0.5752 0.2437 0.1388 0.0332
183 0.1440 0.4009 0.2588 0.1545 0.0419
184 0.0659 0.1138 0.2729 0.5342 0.0133
185 0.0109 0.4797 0.3196 0.1849 0.0050
186 0.0029 0.8403 0.0782 0.0770 0.0015
187 0.0916 0.2393 0.3145 0.2129 0.1417
188 0.1033 0.1327 0.1083 0.5166 0.1390
189 0.0681 0.1214 0.0975 0.5034 0.2097
190 0.1046 0.0526 0.1113 0.5479 0.1836
191 0.2581 0.1577 0.0949 0.0402 0.4492
192 0.1110 0.1641 0.1093 0.1259 0.4897
193 0.2500 0.1801 0.2832 0.2172 0.0694
194 0.0618 0.1483 0.0648 0.6963 0.0287
195 0.1686 0.2825 0.1584 0.1547 0.2360
196 0.0424 0.1963 0.4783 0.2405 0.0424
197 0.0289 0.0925 0.6128 0.2595 0.0065
198 0.2642 0.2258 0.2349 0.1887 0.0864
199 0.2146 0.3767 0.0960 0.2588 0.0538
200 0.1185 0.2214 0.0945 0.1418 0.4236
201 0.0494 0.0461 0.0243 0.6069 0.2734
202 0.0840 0.2318 0.3479 0.2754 0.0609
203 0.0789 0.1429 0.2798 0.4473 0.0510
204 0.0832 0.4749 0.2791 0.0980 0.0648
205 0.0386 0.2308 0.1125 0.6079 0.0101
206 0.0280 0.4971 0.4524 0.0184 0.0041
207 0.0778 0.4619 0.4141 0.0436 0.0024
208 0.1022 0.1660 0.1971 0.4656 0.0692
209 0.0966 0.0839 0.1260 0.6396 0.0542
210 0.0803 0.4919 0.2361 0.1838 0.0078
211 0.2006 0.3438 0.1032 0.1049 0.2476
212 0.0630 0.1808 0.0895 0.5571 0.1097
213 0.1539 0.2988 0.1562 0.0386 0.3523
214 0.0876 0.2964 0.0977 0.4963 0.0220
215 0.0872 0.2297 0.3345 0.3291 0.0195
216 0.0997 0.0937 0.5474 0.2468 0.0123
217 0.0331 0.1577 0.5952 0.2058 0.0080
218 0.0579 0.3411 0.3865 0.2101 0.0044
219 0.0421 0.4592 0.4666 0.0294 0.0026
220 0.0680 0.1967 0.3047 0.4229 0.0079
221 0.1946 0.3416 0.2479 0.1758 0.0402
222 0.0901 0.3120 0.2585 0.3269 0.0123
223 0.0460 0.1460 0.0266 0.0794 0.7021
224 0.0820 0.2627 0.1212 0.2732 0.2607
225 0.1744 0.3811 0.1691 0.0444 0.2311
226 0.2786 0.3806 0.2830 0.0330 0.0251
227 0.0511 0.0410 0.1305 0.7627 0.0150
228 0.0446 0.4404 0.2432 0.2432 0.0286
229 0.0532 0.0987 0.1349 0.5171 0.1963
230 0.0709 0.0828 0.0479 0.2003 0.5981
231 0.2155 0.2969 0.4219 0.0540 0.0117
232 0.1605 0.2861 0.3762 0.1682 0.0088
233 0.1396 0.4436 0.3677 0.0339 0.0151
234 0.1554 0.3044 0.3503 0.1775 0.0125
235 0.1685 0.4509 0.2549 0.1158 0.0099
236 0.0522 0.6025 0.2590 0.0841 0.0019
237 0.1013 0.2568 0.4233 0.2129 0.0059
238 0.1577 0.2139 0.4155 0.2009 0.0122
239 0.0575 0.6040 0.1552 0.1731 0.0103
240 0.1497 0.3425 0.0629 0.1428 0.3022
241 0.1284 0.3203 0.2101 0.0992 0.2418
242 0.0606 0.3054 0.4241 0.2067 0.0034
243 0.0979 0.4636 0.3726 0.0613 0.0048
244 0.0627 0.3113 0.5815 0.0424 0.0023
245 0.1202 0.4829 0.3318 0.0629 0.0022
246 0.0916 0.4910 0.3594 0.0547 0.0035
247 0.0950 0.5303 0.3164 0.0563 0.0021
248 0.0687 0.4922 0.2805 0.1455 0.0130
249 0.0486 0.2031 0.6455 0.0930 0.0099
250 0.0938 0.5146 0.1752 0.1924 0.0241
251 0.0418 0.6689 0.1237 0.1564 0.0091
252 0.1024 0.0890 0.2576 0.4963 0.0548
253 0.1038 0.6118 0.0999 0.0334 0.1511
254 0.1335 0.4587 0.0969 0.0325 0.2783
255 0.0891 0.2876 0.3960 0.2120 0.0152
256 0.1312 0.1571 0.3403 0.2844 0.0867
257 0.1981 0.2544 0.0989 0.2505 0.1981
258 0.1484 0.2927 0.0820 0.2245 0.2524
259 0.2307 0.2455 0.1989 0.0265 0.2986
260 0.2458 0.2942 0.1246 0.0693 0.2659
261 0.1166 0.2754 0.1204 0.0297 0.4578
262 0.2534 0.2324 0.0703 0.0606 0.3833
263 0.1114 0.2734 0.5190 0.0620 0.0340
264 0.1571 0.4236 0.2340 0.1323 0.0530
265 0.2277 0.3162 0.2443 0.0781 0.1339
266 0.0622 0.1127 0.1436 0.6333 0.0485
267 0.1196 0.2695 0.1081 0.2825 0.2201
268 0.1217 0.1827 0.1664 0.4182 0.1108
269 0.1164 0.3474 0.1642 0.1831 0.1890
270 0.1000 0.1049 0.0616 0.0499 0.6836
271 0.0404 0.1796 0.2269 0.0875 0.4656
272 0.0666 0.2399 0.1898 0.0760 0.4277
273 0.1405 0.1790 0.1004 0.1891 0.3911
274 0.0913 0.1145 0.0438 0.1118 0.6387
275 0.1503 0.2310 0.0941 0.1285 0.3960
276 0.2147 0.1243 0.2285 0.3484 0.0840
277 0.1987 0.2847 0.2512 0.2323 0.0330
