time exciting_prob fearful_prob tense_prob sad_prob relaxing_prob
0 0.2037 0.2830 0.2496 0.2310 0.0327
1 0.0909 0.6929 0.1545 0.0436 0.0180
2 0.1288 0.1788 0.1846 0.3728 0.1350
3 0.1888 0.5640 0.1615 0.0428 0.0431
4 0.1519 0.3264 0.3115 0.1831 0.0270
5 0.3760 0.3218 0.1605 0.0467 0.0951
6 0.3306 0.4211 0.1755 0.0261 0.0465
7 0.0402 0.4822 0.2010 0.0378 0.2388
8 0.0417 0.4922 0.3774 0.0340 0.0548
9 0.0608 0.4780 0.3901 0.0164 0.0549
10 0.0282 0.4236 0.5269 0.0089 0.0125
11 0.1388 0.3865 0.2495 0.1197 0.1057
12 0.0210 0.3872 0.5464 0.0240 0.0215
13 0.0444 0.6367 0.1073 0.1107 0.1008
14 0.1194 0.4834 0.2798 0.0860 0.0314
15 0.1428 0.3374 0.3169 0.1406 0.0624
16 0.0439 0.7090 0.2015 0.0237 0.0221
17 0.1024 0.6421 0.1688 0.0271 0.0597
18 0.2097 0.5835 0.1499 0.0137 0.0429
19 0.0339 0.8408 0.0974 0.0096 0.0183
20 0.0400 0.4688 0.4688 0.0092 0.0135
21 0.2451 0.4170 0.2214 0.1054 0.0111
22 0.2874 0.2169 0.2988 0.1411 0.0557
23 0.1403 0.5996 0.1787 0.0156 0.0657
24 0.0991 0.7212 0.1584 0.0028 0.0186
25 0.2629 0.3708 0.3101 0.0446 0.0114
26 0.0961 0.5576 0.2825 0.0476 0.0162
27 0.1406 0.5391 0.1968 0.0880 0.0353
28 0.1517 0.6338 0.1628 0.0318 0.0196
29 0.1069 0.5649 0.2178 0.0789 0.0316
30 0.1548 0.4995 0.2571 0.0645 0.0241
31 0.1061 0.7363 0.1321 0.0164 0.0090
32 0.1539 0.7290 0.0617 0.0374 0.0181
33 0.0606 0.4238 0.4878 0.0261 0.0017
34 0.2111 0.4832 0.2627 0.0311 0.0119
35 0.1475 0.5308 0.2213 0.0629 0.0373
36 0.1039 0.6616 0.1794 0.0324 0.0226
37 0.2458 0.3467 0.3750 0.0045 0.0280
38 0.1624 0.5122 0.2742 0.0325 0.0190
39 0.0730 0.4758 0.2842 0.1261 0.0409
40 0.0734 0.6748 0.0942 0.1182 0.0396
41 0.1495 0.5732 0.1981 0.0323 0.0467
42 0.1512 0.5933 0.1334 0.0932 0.0286
43 0.0807 0.7656 0.1069 0.0158 0.0309
44 0.1116 0.6997 0.1525 0.0130 0.0234
45 0.4675 0.2664 0.2191 0.0172 0.0299
46 0.2365 0.1703 0.2808 0.2764 0.0363
47 0.1859 0.5640 0.2208 0.0134 0.0161
48 0.0286 0.6782 0.2698 0.0213 0.0024
49 0.2162 0.3196 0.3853 0.0277 0.0513
50 0.1609 0.4880 0.2891 0.0102 0.0518
51 0.1477 0.4341 0.2847 0.0725 0.0611
52 0.1118 0.5415 0.2788 0.0408 0.0270
53 0.2106 0.4387 0.2969 0.0389 0.0148
54 0.1288 0.4094 0.2996 0.1530 0.0092
55 0.1089 0.3684 0.4514 0.0543 0.0170
56 0.0512 0.6533 0.2405 0.0418 0.0130
57 0.0581 0.6450 0.1998 0.0690 0.0281
58 0.1859 0.3315 0.3584 0.0525 0.0717
59 0.1213 0.3323 0.4834 0.0475 0.0155
60 0.0348 0.4692 0.4338 0.0601 0.0021
61 0.1874 0.1350 0.4426 0.1904 0.0445
62 0.2607 0.2449 0.3647 0.0789 0.0509
63 0.0186 0.4075 0.5571 0.0156 0.0011
64 0.1165 0.4465 0.3215 0.0966 0.0189
65 0.0883 0.3718 0.3718 0.1368 0.0312
66 0.0081 0.8418 0.1418 0.0072 0.0010
67 0.1305 0.1479 0.4927 0.1899 0.0389
68 0.0608 0.4353 0.4490 0.0402 0.0148
69 0.0794 0.7192 0.1508 0.0372 0.0136
70 0.0749 0.6367 0.2494 0.0134 0.0255
71 0.1011 0.2462 0.4255 0.2107 0.0165
72 0.1715 0.2742 0.4663 0.0476 0.0404
73 0.1919 0.3215 0.4604 0.0186 0.0076
74 0.3169 0.4365 0.2128 0.0212 0.0126
75 0.0504 0.6230 0.2942 0.0265 0.0060
76 0.2289 0.2456 0.3657 0.0465 0.1133
77 0.2651 0.2695 0.3982 0.0166 0.0506
78 0.0432 0.6860 0.2263 0.0347 0.0096
79 0.0681 0.3298 0.4653 0.0874 0.0494
80 0.0182 0.8779 0.1000 0.0033 0.0004
81 0.0429 0.5874 0.2566 0.1086 0.0044
82 0.0682 0.4146 0.4849 0.0211 0.0112
83 0.1510 0.0874 0.4167 0.1938 0.1510
84 0.0668 0.3396 0.2524 0.3240 0.0173
85 0.0248 0.8286 0.1271 0.0159 0.0037
86 0.1544 0.3398 0.3506 0.1193 0.0358
87 0.0561 0.7158 0.2019 0.0185 0.0078
88 0.0216 0.8423 0.1252 0.0081 0.0029
89 0.2140 0.5176 0.1448 0.0311 0.0928
90 0.1608 0.6118 0.1453 0.0193 0.0630
91 0.1584 0.5532 0.1866 0.0426 0.0592
92 0.1617 0.2861 0.3242 0.0581 0.1696
93 0.1705 0.4028 0.0942 0.0576 0.2747
94 0.0270 0.5337 0.3501 0.0524 0.0369
95 0.0164 0.3850 0.4944 0.0776 0.0264
96 0.1787 0.4387 0.2539 0.1136 0.0150
97 0.1627 0.2559 0.4634 0.0884 0.0296
98 0.2795 0.5142 0.1643 0.0286 0.0133
99 0.0634 0.5229 0.2888 0.0796 0.0453
100 0.1687 0.5889 0.1648 0.0354 0.0420
101 0.1031 0.5361 0.2532 0.0731 0.0343
102 0.0964 0.5293 0.2073 0.1237 0.0434
103 0.2367 0.3901 0.2258 0.1110 0.0363
104 0.0573 0.6929 0.2395 0.0092 0.0009
105 0.1326 0.5122 0.2053 0.1125 0.0374
106 0.0897 0.4116 0.4248 0.0631 0.0108
107 0.1034 0.2385 0.4819 0.1504 0.0257
108 0.1686 0.2491 0.2695 0.1334 0.1794
109 0.2659 0.3416 0.2170 0.1327 0.0428
110 0.0434 0.7817 0.1469 0.0042 0.0238
111 0.1265 0.6221 0.2184 0.0249 0.0080
112 0.0817 0.4595 0.4521 0.0035 0.0031
113 0.2406 0.3472 0.3904 0.0080 0.0137
114 0.0324 0.3948 0.5479 0.0241 0.0008
115 0.0833 0.5059 0.3320 0.0521 0.0266
116 0.1862 0.4717 0.2625 0.0718 0.0079
117 0.2208 0.3020 0.3816 0.0500 0.0456
118 0.3870 0.3362 0.2072 0.0481 0.0215
119 0.1232 0.2690 0.3247 0.2469 0.0361
120 0.0481 0.6484 0.2925 0.0071 0.0038
121 0.1417 0.3269 0.2355 0.2336 0.0624
122 0.0972 0.0623 0.4858 0.3289 0.0260
123 0.2739 0.1912 0.2361 0.2019 0.0969
124 0.0611 0.7388 0.1388 0.0398 0.0213
125 0.3108 0.2308 0.3440 0.0662 0.0484
126 0.0811 0.4385 0.2898 0.1786 0.0121
127 0.1516 0.3665 0.3364 0.1181 0.0274
128 0.0540 0.6133 0.3035 0.0125 0.0167
129 0.0568 0.5225 0.3535 0.0600 0.0071
130 0.0692 0.3228 0.4919 0.0737 0.0423
131 0.1631 0.4067 0.3218 0.0634 0.0453
132 0.0120 0.8354 0.1451 0.0038 0.0036
133 0.1187 0.4080 0.3330 0.0910 0.0495
134 0.1129 0.5176 0.3042 0.0435 0.0217
135 0.2402 0.3838 0.2659 0.0704 0.0395
136 0.1479 0.1411 0.2327 0.1650 0.3132
137 0.2467 0.5562 0.1202 0.0471 0.0299
138 0.0657 0.6328 0.1652 0.1083 0.0278
139 0.3279 0.2476 0.3716 0.0447 0.0081
140 0.1205 0.2822 0.2756 0.2844 0.0370
141 0.2168 0.3306 0.3547 0.0817 0.0163
142 0.1970 0.5356 0.2114 0.0436 0.0122
143 0.1422 0.3928 0.1914 0.2537 0.0199
144 0.2085 0.3547 0.2400 0.1637 0.0330
145 0.0671 0.1769 0.2495 0.4661 0.0404
146 0.0252 0.4578 0.1632 0.3511 0.0026
147 0.2372 0.3450 0.2625 0.1260 0.0294
148 0.0853 0.6924 0.1353 0.0605 0.0266
149 0.0644 0.2864 0.5103 0.0659 0.0729
150 0.0808 0.4722 0.3977 0.0453 0.0039
151 0.2321 0.4170 0.2471 0.0610 0.0429
152 0.0886 0.2390 0.5220 0.1310 0.0195
153 0.1289 0.2563 0.4714 0.1240 0.0195
154 0.1321 0.3269 0.3320 0.1045 0.1045
155 0.1735 0.5776 0.1138 0.1300 0.0049
156 0.0598 0.3552 0.5586 0.0090 0.0173
157 0.1724 0.4199 0.2489 0.0840 0.0747
158 0.0749 0.4697 0.3491 0.0992 0.0070
159 0.1973 0.4695 0.1897 0.1225 0.0211
160 0.0267 0.6260 0.3198 0.0206 0.0068
161 0.1239 0.3342 0.3613 0.1681 0.0124
162 0.0822 0.3008 0.5532 0.0371 0.0267
163 0.1231 0.4829 0.2795 0.0475 0.0669
164 0.2078 0.4609 0.2710 0.0297 0.0309
165 0.1549 0.5366 0.2151 0.0755 0.0182
166 0.1941 0.5195 0.2098 0.0650 0.0115
167 0.3564 0.3945 0.2062 0.0329 0.0101
168 0.0773 0.2678 0.4663 0.0726 0.1161
169 0.0832 0.5176 0.2333 0.0658 0.1003
170 0.1070 0.7720 0.1104 0.0060 0.0044
171 0.0582 0.3171 0.4202 0.0840 0.1204
172 0.1129 0.2644 0.5688 0.0432 0.0107
173 0.1171 0.5586 0.2742 0.0315 0.0188
174 0.2920 0.2220 0.2363 0.2203 0.0294
175 0.3291 0.1890 0.1875 0.2465 0.0482
176 0.0939 0.4143 0.4341 0.0216 0.0362
177 0.2642 0.4355 0.2482 0.0445 0.0076
178 0.0921 0.3757 0.4001 0.1060 0.0260
179 0.1766 0.4270 0.3767 0.0157 0.0041
180 0.3196 0.2886 0.3074 0.0429 0.0416
181 0.0674 0.3757 0.2837 0.2389 0.0344
182 0.1229 0.4939 0.3613 0.0137 0.0080
183 0.0506 0.5073 0.3953 0.0348 0.0119
184 0.1243 0.4875 0.2490 0.0809 0.0582
185 0.2067 0.3923 0.3252 0.0592 0.0166
186 0.2084 0.5078 0.2593 0.0163 0.0083
187 0.1283 0.6265 0.1476 0.0923 0.0055
188 0.1318 0.3313 0.4321 0.0949 0.0098
189 0.1913 0.2134 0.2893 0.1133 0.1927
190 0.1532 0.3506 0.4536 0.0118 0.0309
191 0.1339 0.3113 0.3113 0.2278 0.0156
192 0.1534 0.5703 0.2340 0.0277 0.0147
193 0.1503 0.4216 0.2659 0.1152 0.0469
194 0.4270 0.3325 0.1880 0.0216 0.0309
195 0.0879 0.6699 0.2075 0.0238 0.0110
196 0.1677 0.5005 0.2681 0.0598 0.0037
197 0.4644 0.1605 0.1791 0.0908 0.1053
198 0.1315 0.3628 0.2656 0.1958 0.0444
199 0.2437 0.5322 0.1000 0.0325 0.0917
200 0.1179 0.5986 0.2382 0.0351 0.0103
201 0.1567 0.5601 0.2335 0.0146 0.0350
202 0.1741 0.5615 0.1700 0.0848 0.0094
203 0.1492 0.4966 0.3132 0.0305 0.0105
204 0.0787 0.3813 0.4600 0.0739 0.0062
205 0.2949 0.3342 0.2881 0.0690 0.0138
206 0.1178 0.5889 0.2474 0.0382 0.0077
207 0.2485 0.3142 0.2795 0.1103 0.0475
208 0.1541 0.3667 0.4187 0.0296 0.0311
209 0.1294 0.3892 0.4016 0.0531 0.0269
210 0.1497 0.6255 0.1877 0.0331 0.0041
211 0.1765 0.3916 0.3074 0.0724 0.0522
212 0.0894 0.6504 0.1937 0.0316 0.0350
213 0.1368 0.4314 0.1798 0.2069 0.0451
214 0.2437 0.2307 0.3774 0.1107 0.0374
215 0.2468 0.2145 0.2128 0.2690 0.0568
216 0.1946 0.2479 0.4524 0.0694 0.0357
217 0.1866 0.6074 0.1622 0.0327 0.0111
218 0.1613 0.0750 0.1469 0.5811 0.0360
219 0.1024 0.0592 0.2573 0.5620 0.0192
220 0.1111 0.4097 0.2815 0.1748 0.0231
221 0.2136 0.4216 0.2966 0.0496 0.0187
222 0.0994 0.5811 0.1092 0.1902 0.0202
223 0.1431 0.2935 0.4270 0.0650 0.0714
224 0.2299 0.2688 0.4033 0.0685 0.0294
225 0.1880 0.3430 0.3916 0.0406 0.0367
226 0.2229 0.5103 0.1998 0.0573 0.0097
227 0.2344 0.5000 0.1561 0.0570 0.0523
228 0.0883 0.3130 0.5239 0.0612 0.0134
229 0.1594 0.4836 0.2932 0.0538 0.0098
230 0.0702 0.4041 0.2910 0.1521 0.0827
231 0.1627 0.4600 0.1746 0.1002 0.1026
232 0.1351 0.4360 0.3091 0.0290 0.0907
233 0.2157 0.1566 0.3875 0.2010 0.0393
234 0.0670 0.1709 0.3853 0.3145 0.0624
235 0.0205 0.2769 0.5254 0.1154 0.0622
236 0.2764 0.4023 0.1827 0.0431 0.0955
237 0.1343 0.6558 0.1594 0.0342 0.0164
238 0.2998 0.4717 0.1832 0.0186 0.0268
239 0.2834 0.4673 0.2208 0.0081 0.0202
240 0.1027 0.3164 0.4258 0.1426 0.0124
