time exciting_prob fearful_prob tense_prob sad_prob relaxing_prob
0 0.2100 0.1142 0.2271 0.4048 0.0440
1 0.0523 0.1562 0.2498 0.0291 0.5127
2 0.1763 0.1555 0.0375 0.0153 0.6152
3 0.2607 0.3347 0.2908 0.0381 0.0759
4 0.2014 0.4333 0.2668 0.0501 0.0482
5 0.0443 0.1671 0.0403 0.0555 0.6929
6 0.1151 0.1548 0.4480 0.2019 0.0803
7 0.0840 0.1953 0.2393 0.3169 0.1644
8 0.0674 0.4465 0.3645 0.0111 0.1103
9 0.0289 0.0108 0.0584 0.0017 0.8999
10 0.1130 0.2888 0.2629 0.0133 0.3220
11 0.0384 0.4263 0.3762 0.1013 0.0577
12 0.1454 0.1512 0.1636 0.2825 0.2573
13 0.2427 0.0250 0.1044 0.0080 0.6196
14 0.1295 0.0257 0.1217 0.0006 0.7227
15 0.3359 0.1757 0.1945 0.0444 0.2496
16 0.8037 0.1752 0.0040 0.0104 0.0068
17 0.0750 0.3469 0.5249 0.0208 0.0325
18 0.4309 0.1868 0.1675 0.2101 0.0047
19 0.1160 0.4734 0.3411 0.0084 0.0611
20 0.6934 0.0573 0.1063 0.0778 0.0655
21 0.2172 0.4026 0.1873 0.0414 0.1516
22 0.1255 0.4246 0.3254 0.0410 0.0836
23 0.0338 0.6074 0.3252 0.0249 0.0088
24 0.3342 0.2369 0.2971 0.0281 0.1035
25 0.3354 0.2379 0.2612 0.0163 0.1489
26 0.4053 0.3108 0.1689 0.0424 0.0726
27 0.3723 0.2040 0.1528 0.0434 0.2275
28 0.3091 0.4226 0.1667 0.0406 0.0609
29 0.1758 0.4153 0.1691 0.0733 0.1665
30 0.2235 0.2512 0.2781 0.0544 0.1926
31 0.2402 0.2458 0.2639 0.0080 0.2421
32 0.6680 0.1246 0.0744 0.1143 0.0185
33 0.2158 0.2407 0.3530 0.0101 0.1803
34 0.1379 0.5942 0.2102 0.0263 0.0312
35 0.3220 0.5225 0.0967 0.0176 0.0413
36 0.2942 0.4084 0.2039 0.0298 0.0637
37 0.2776 0.3455 0.2690 0.0707 0.0370
38 0.2275 0.2810 0.4185 0.0196 0.0536
39 0.5225 0.1923 0.1764 0.0967 0.0120
40 0.1328 0.0142 0.0363 0.8140 0.0028
41 0.8027 0.0936 0.0718 0.0246 0.0075
42 0.2432 0.2842 0.3679 0.0147 0.0901
43 0.2380 0.2219 0.2893 0.0322 0.2185
44 0.1466 0.1714 0.0570 0.5278 0.0969
45 0.0949 0.3901 0.1163 0.1602 0.2385
46 0.1393 0.2295 0.3875 0.0745 0.1693
47 0.0763 0.2749 0.1733 0.1874 0.2881
48 0.1736 0.0670 0.1683 0.1937 0.3975
49 0.1388 0.1015 0.5073 0.0626 0.1897
50 0.0782 0.1450 0.5737 0.0649 0.1384
51 0.1140 0.1821 0.2734 0.2302 0.2001
52 0.1254 0.0803 0.3572 0.0447 0.3923
53 0.1808 0.0353 0.3708 0.0754 0.3376
54 0.2228 0.1875 0.2998 0.2371 0.0529
55 0.0357 0.3289 0.1705 0.0226 0.4424
56 0.0748 0.3298 0.1510 0.3796 0.0649
57 0.0276 0.1785 0.4282 0.0053 0.3606
58 0.1047 0.1882 0.4514 0.0064 0.2493
59 0.0987 0.1692 0.3418 0.0148 0.3755
60 0.3440 0.2517 0.0744 0.2576 0.0721
61 0.2791 0.3237 0.1219 0.0728 0.2025
62 0.0317 0.0640 0.1686 0.0476 0.6880
63 0.1025 0.1126 0.1915 0.2966 0.2966
64 0.1636 0.1284 0.3628 0.0626 0.2827
65 0.4016 0.0823 0.0507 0.0444 0.4209
66 0.0862 0.2852 0.3230 0.0579 0.2477
67 0.1530 0.3140 0.2749 0.0193 0.2389
68 0.3716 0.2151 0.2554 0.0883 0.0698
69 0.0366 0.4185 0.4250 0.0088 0.1109
70 0.0754 0.1957 0.5488 0.1081 0.0720
71 0.0485 0.4124 0.3313 0.0781 0.1298
72 0.1140 0.2712 0.1376 0.2413 0.2357
73 0.2883 0.1129 0.2194 0.1211 0.2583
74 0.0282 0.0451 0.1492 0.0082 0.7695
75 0.0439 0.0658 0.2297 0.0648 0.5957
76 0.5376 0.2189 0.1602 0.0102 0.0733
77 0.3994 0.0128 0.0541 0.4387 0.0949
78 0.3452 0.2410 0.3242 0.0701 0.0196
79 0.0902 0.0370 0.4304 0.1420 0.3005
80 0.7583 0.0717 0.0979 0.0292 0.0431
81 0.6357 0.1521 0.1486 0.0224 0.0413
82 0.0674 0.2281 0.5562 0.0951 0.0533
83 0.2064 0.1646 0.4617 0.0895 0.0778
84 0.1493 0.1267 0.3286 0.0111 0.3843
85 0.3203 0.0434 0.1637 0.2656 0.2069
86 0.4785 0.0489 0.0366 0.2350 0.2010
87 0.1855 0.0441 0.2238 0.4519 0.0947
88 0.0834 0.2000 0.6162 0.0186 0.0821
89 0.5737 0.0175 0.1290 0.1193 0.1605
90 0.3953 0.1283 0.0348 0.0210 0.4207
91 0.1242 0.1475 0.3484 0.0867 0.2932
92 0.1633 0.2629 0.2888 0.0258 0.2590
93 0.2622 0.1371 0.4460 0.0864 0.0684
94 0.1459 0.0899 0.4858 0.2156 0.0627
95 0.8447 0.0090 0.0492 0.0646 0.0323
96 0.4768 0.1477 0.3228 0.0167 0.0359
97 0.4531 0.0613 0.4126 0.0459 0.0272
98 0.2113 0.0796 0.3738 0.1865 0.1487
99 0.4946 0.1833 0.0629 0.0729 0.1863
100 0.1852 0.1302 0.3433 0.2358 0.1055
101 0.5366 0.0284 0.2037 0.1689 0.0621
102 0.3000 0.0894 0.1709 0.0944 0.3452
103 0.2189 0.0424 0.3391 0.3337 0.0657
104 0.0894 0.0952 0.6304 0.1724 0.0127
105 0.1483 0.0669 0.5425 0.1875 0.0546
106 0.3059 0.2920 0.2458 0.1100 0.0462
107 0.1660 0.3005 0.3921 0.1055 0.0359
108 0.1210 0.2175 0.0246 0.1350 0.5020
109 0.2474 0.1897 0.1897 0.3545 0.0186
110 0.1824 0.1039 0.3433 0.2759 0.0946
111 0.1092 0.0812 0.3994 0.3933 0.0169
112 0.0958 0.3372 0.3372 0.0270 0.2029
113 0.0385 0.1345 0.2515 0.0433 0.5322
114 0.0508 0.0308 0.0762 0.0481 0.7939
115 0.0305 0.0151 0.0721 0.1126 0.7695
116 0.2349 0.0441 0.1010 0.0110 0.6089
117 0.1765 0.3679 0.3855 0.0436 0.0266
118 0.0964 0.0928 0.2369 0.4565 0.1172
119 0.8042 0.0841 0.0327 0.0388 0.0400
120 0.1628 0.1831 0.0928 0.1011 0.4602
121 0.7056 0.0305 0.1134 0.0890 0.0616
122 0.8560 0.0159 0.0490 0.0582 0.0209
123 0.1664 0.3467 0.1946 0.0115 0.2808
124 0.0842 0.3303 0.4446 0.1107 0.0303
125 0.3804 0.1098 0.1927 0.2201 0.0969
126 0.1385 0.1752 0.1924 0.3979 0.0960
127 0.0600 0.3650 0.1013 0.0160 0.4578
128 0.8813 0.0065 0.0256 0.0446 0.0419
129 0.2493 0.1313 0.2166 0.3572 0.0457
130 0.2637 0.1478 0.3835 0.0570 0.1478
131 0.1606 0.0319 0.0873 0.1417 0.5786
132 0.0837 0.0774 0.0511 0.0124 0.7754
133 0.0982 0.1752 0.1185 0.0771 0.5312
134 0.1375 0.1938 0.1385 0.0232 0.5068
135 0.3735 0.1078 0.1213 0.0518 0.3455
136 0.2312 0.0971 0.1458 0.3416 0.1843
137 0.0456 0.4749 0.4126 0.0095 0.0576
138 0.2151 0.0856 0.5405 0.1188 0.0398
139 0.0779 0.0947 0.1033 0.0240 0.7002
140 0.1460 0.1591 0.4939 0.0250 0.1761
141 0.1353 0.0901 0.3193 0.0258 0.4297
142 0.0962 0.1649 0.5200 0.0779 0.1410
143 0.0891 0.2087 0.4419 0.0145 0.2458
144 0.2305 0.2200 0.4656 0.0625 0.0214
145 0.2522 0.2058 0.4497 0.0183 0.0740
146 0.2690 0.1558 0.2162 0.0135 0.3455
147 0.1021 0.3145 0.3914 0.0100 0.1820
148 0.1848 0.1556 0.4102 0.0937 0.1556
149 0.0440 0.2201 0.2573 0.0607 0.4177
150 0.0230 0.2593 0.1573 0.3955 0.1648
151 0.3215 0.0463 0.0220 0.6006 0.0096
152 0.2825 0.0152 0.1973 0.0875 0.4175
153 0.7812 0.0480 0.0830 0.0092 0.0786
154 0.2411 0.2649 0.4102 0.0765 0.0076
155 0.0540 0.0320 0.1661 0.0147 0.7334
156 0.0116 0.5991 0.0919 0.2920 0.0056
157 0.1810 0.2417 0.4658 0.0365 0.0749
158 0.0883 0.3130 0.4553 0.0108 0.1326
159 0.1440 0.0316 0.6455 0.0860 0.0930
160 0.0848 0.2303 0.4172 0.1880 0.0797
161 0.1482 0.1360 0.2812 0.2190 0.2156
162 0.0977 0.1056 0.3923 0.0583 0.3462
163 0.1353 0.3564 0.3481 0.0691 0.0908
164 0.1003 0.4751 0.3020 0.1011 0.0214
165 0.0978 0.2421 0.4521 0.1638 0.0441
166 0.3066 0.0776 0.1472 0.1472 0.3215
167 0.1619 0.0309 0.1724 0.0044 0.6304
168 0.8516 0.0166 0.0111 0.0067 0.1143
169 0.1092 0.0155 0.0612 0.0070 0.8071
170 0.7217 0.0092 0.0374 0.0969 0.1345
171 0.3613 0.4426 0.0972 0.0168 0.0819
172 0.1003 0.0409 0.0438 0.7891 0.0260
173 0.2240 0.1266 0.1171 0.3523 0.1799
174 0.5410 0.1125 0.2720 0.0548 0.0195
175 0.0645 0.0778 0.2510 0.0050 0.6021
176 0.1639 0.3694 0.3262 0.1257 0.0148
177 0.1149 0.0416 0.5229 0.0881 0.2322
178 0.5171 0.0549 0.1830 0.2139 0.0311
179 0.8018 0.0513 0.0717 0.0558 0.0193
180 0.0987 0.3391 0.2725 0.1459 0.1437
181 0.0884 0.1458 0.2722 0.1652 0.3284
182 0.1586 0.0303 0.1687 0.0057 0.6367
183 0.0710 0.0177 0.1433 0.0052 0.7627
184 0.7231 0.1092 0.0857 0.0126 0.0694
185 0.0805 0.2122 0.5952 0.0104 0.1018
186 0.0506 0.3350 0.4651 0.0241 0.1252
187 0.1307 0.2123 0.2947 0.1627 0.1995
188 0.7305 0.0419 0.0453 0.0833 0.0989
189 0.3542 0.3079 0.0182 0.0543 0.2654
190 0.3296 0.0426 0.2266 0.3508 0.0505
191 0.0259 0.4116 0.2742 0.2345 0.0540
192 0.0544 0.5361 0.2654 0.1205 0.0236
193 0.1687 0.2397 0.4692 0.0269 0.0953
194 0.6152 0.1395 0.0894 0.1130 0.0429
195 0.1068 0.1505 0.4495 0.1760 0.1172
196 0.0216 0.2202 0.6274 0.0072 0.1235
197 0.2042 0.4258 0.1229 0.2244 0.0227
198 0.3140 0.4531 0.1268 0.0957 0.0105
199 0.4146 0.4177 0.0491 0.0925 0.0263
200 0.1322 0.3767 0.1752 0.1738 0.1418
201 0.1270 0.2795 0.1427 0.0922 0.3589
202 0.1508 0.1967 0.1682 0.4297 0.0546
203 0.6846 0.2384 0.0335 0.0205 0.0231
204 0.6846 0.2384 0.0335 0.0205 0.0231
205 0.6846 0.2384 0.0335 0.0205 0.0231
206 0.6846 0.2205 0.0352 0.0341 0.0257
207 0.6846 0.2205 0.0352 0.0341 0.0257
208 0.2046 0.2842 0.2468 0.2318 0.0326
