time exciting_prob fearful_prob tense_prob sad_prob relaxing_prob
0 0.2037 0.2830 0.2496 0.2310 0.0327
1 0.1685 0.0771 0.3003 0.4507 0.0034
2 0.3518 0.1489 0.1868 0.3079 0.0046
3 0.2000 0.1130 0.0867 0.5967 0.0037
4 0.0465 0.0392 0.2218 0.6831 0.0094
5 0.0876 0.0389 0.0203 0.8311 0.0221
6 0.0489 0.0463 0.0470 0.8330 0.0251
7 0.2590 0.1698 0.1006 0.3171 0.1534
8 0.2125 0.3730 0.1630 0.1951 0.0563
9 0.0977 0.2764 0.1116 0.4663 0.0480
10 0.0443 0.1453 0.0654 0.6929 0.0522
11 0.0710 0.3110 0.0662 0.4856 0.0662
12 0.0501 0.3191 0.0619 0.5142 0.0550
13 0.0737 0.1039 0.1313 0.6665 0.0245
14 0.0768 0.2922 0.1100 0.4893 0.0318
15 0.1016 0.1912 0.1661 0.5039 0.0374
16 0.0981 0.1833 0.1593 0.5225 0.0370
17 0.1243 0.3406 0.1014 0.3921 0.0416
18 0.1111 0.5913 0.1340 0.1268 0.0369
19 0.1288 0.4822 0.1530 0.1979 0.0384
20 0.0724 0.5835 0.1333 0.1821 0.0288
21 0.0723 0.3188 0.1259 0.4426 0.0402
22 0.1426 0.5381 0.1128 0.1616 0.0449
23 0.0944 0.5186 0.1311 0.2179 0.0381
24 0.0742 0.4507 0.1292 0.3147 0.0312
25 0.0881 0.4583 0.1499 0.2632 0.0407
26 0.0522 0.0692 0.0499 0.7920 0.0365
27 0.0544 0.2328 0.0667 0.6230 0.0232
28 0.0749 0.5078 0.1388 0.2184 0.0602
29 0.0903 0.2417 0.1897 0.4375 0.0407
30 0.0594 0.2622 0.1979 0.4390 0.0415
31 0.0710 0.3521 0.2308 0.3206 0.0255
32 0.0823 0.2135 0.1514 0.5205 0.0325
33 0.1053 0.2000 0.1582 0.5107 0.0258
34 0.1133 0.2235 0.2035 0.4241 0.0356
35 0.5635 0.0585 0.0825 0.2424 0.0529
36 0.4368 0.1486 0.1685 0.2162 0.0300
37 0.3042 0.1172 0.1393 0.3784 0.0608
38 0.3228 0.1926 0.1366 0.2893 0.0588
39 0.4170 0.1780 0.1510 0.2080 0.0461
40 0.2166 0.2305 0.1511 0.3569 0.0447
41 0.0764 0.0706 0.3369 0.4827 0.0334
42 0.0342 0.1036 0.1709 0.6758 0.0153
43 0.0394 0.2162 0.4368 0.3000 0.0076
44 0.1792 0.2046 0.1417 0.4575 0.0169
45 0.1043 0.1238 0.1404 0.6240 0.0074
46 0.1802 0.2242 0.0800 0.4709 0.0448
47 0.0813 0.0906 0.4751 0.3423 0.0108
48 0.1049 0.3411 0.4312 0.0883 0.0346
49 0.0479 0.1710 0.1907 0.5693 0.0211
50 0.0554 0.3667 0.0775 0.4219 0.0787
51 0.1279 0.5391 0.1104 0.2045 0.0183
52 0.0969 0.7988 0.0168 0.0743 0.0131
53 0.0591 0.4473 0.0697 0.3887 0.0353
54 0.0165 0.2871 0.0462 0.6475 0.0030
55 0.0233 0.4319 0.1541 0.3811 0.0096
56 0.0096 0.2856 0.1136 0.5771 0.0140
57 0.0129 0.2249 0.0908 0.6611 0.0105
58 0.0167 0.0544 0.0731 0.8501 0.0057
59 0.0114 0.1129 0.2974 0.5732 0.0054
60 0.0127 0.2339 0.1908 0.5522 0.0104
61 0.0306 0.0782 0.1077 0.7715 0.0120
62 0.0296 0.0689 0.1003 0.7886 0.0126
63 0.0307 0.0600 0.1096 0.7847 0.0153
64 0.0115 0.0685 0.1521 0.7603 0.0074
65 0.0179 0.2164 0.0630 0.6987 0.0042
66 0.3101 0.3250 0.0703 0.2778 0.0170
67 0.2888 0.4915 0.0596 0.1333 0.0267
68 0.2238 0.1599 0.0154 0.5894 0.0114
69 0.1217 0.3928 0.0451 0.4314 0.0088
70 0.1163 0.1110 0.0130 0.7466 0.0129
71 0.2257 0.3284 0.0553 0.3662 0.0244
72 0.1895 0.2268 0.1080 0.4580 0.0176
73 0.0594 0.3140 0.1506 0.4714 0.0045
74 0.1945 0.2007 0.1237 0.4666 0.0145
75 0.1255 0.6035 0.1730 0.0940 0.0039
76 0.2947 0.2925 0.2522 0.1591 0.0016
77 0.1691 0.2639 0.4153 0.1469 0.0049
78 0.1241 0.2910 0.4578 0.1251 0.0020
79 0.0526 0.4338 0.3484 0.1571 0.0081
80 0.0538 0.1738 0.1158 0.6460 0.0108
81 0.0521 0.2229 0.1682 0.5430 0.0136
82 0.0508 0.3872 0.1338 0.4058 0.0224
83 0.0956 0.2598 0.0986 0.5166 0.0292
84 0.0710 0.0877 0.1379 0.6479 0.0553
85 0.1146 0.3267 0.1438 0.3672 0.0478
86 0.0565 0.6362 0.2002 0.0983 0.0090
87 0.0948 0.4314 0.1207 0.3257 0.0274
88 0.1288 0.2173 0.2705 0.3755 0.0082
89 0.0565 0.4080 0.3381 0.1958 0.0015
90 0.0809 0.3005 0.2632 0.3540 0.0013
91 0.1274 0.3774 0.2168 0.2761 0.0020
92 0.1469 0.4216 0.1730 0.2556 0.0030
93 0.4741 0.0305 0.1492 0.3311 0.0150
94 0.0570 0.0602 0.0933 0.7808 0.0087
95 0.0108 0.0378 0.0439 0.9023 0.0050
96 0.0540 0.0889 0.1610 0.6782 0.0179
97 0.0308 0.0831 0.1059 0.7524 0.0276
98 0.1674 0.1115 0.0984 0.6030 0.0198
99 0.2194 0.2524 0.1156 0.3972 0.0154
100 0.0942 0.3967 0.1248 0.3728 0.0115
101 0.0869 0.3035 0.1649 0.4211 0.0236
102 0.1050 0.3364 0.0528 0.4387 0.0673
103 0.1225 0.4517 0.0962 0.2656 0.0641
104 0.0717 0.0966 0.0533 0.7476 0.0309
105 0.0508 0.0541 0.0428 0.8198 0.0323
106 0.0505 0.0521 0.0460 0.8149 0.0364
107 0.0625 0.0645 0.0443 0.7852 0.0436
108 0.0042 0.0102 0.0219 0.9624 0.0013
109 0.0031 0.0079 0.0264 0.9600 0.0027
110 0.0048 0.0082 0.0180 0.9678 0.0012
111 0.0355 0.0950 0.1566 0.7017 0.0110
112 0.0018 0.0236 0.0098 0.9644 0.0006
113 0.0018 0.0109 0.0057 0.9800 0.0014
114 0.0051 0.0122 0.0142 0.9653 0.0030
115 0.0033 0.0071 0.0083 0.9795 0.0020
116 0.0053 0.0275 0.0228 0.9409 0.0036
117 0.0604 0.0183 0.0328 0.8804 0.0080
118 0.0788 0.0277 0.0352 0.8472 0.0110
119 0.0529 0.0226 0.0345 0.8818 0.0083
120 0.0873 0.0304 0.0501 0.8218 0.0102
121 0.1082 0.0351 0.0616 0.7808 0.0143
122 0.0864 0.0566 0.2766 0.5762 0.0041
123 0.0810 0.0651 0.2554 0.5938 0.0046
124 0.0898 0.0371 0.2023 0.6636 0.0074
125 0.0605 0.0634 0.2979 0.5742 0.0039
126 0.0589 0.0496 0.1458 0.7397 0.0060
127 0.0933 0.0496 0.4250 0.4250 0.0072
128 0.0729 0.0563 0.1279 0.7363 0.0066
129 0.1320 0.0364 0.1450 0.6812 0.0056
130 0.0931 0.0382 0.0931 0.7681 0.0076
131 0.1021 0.0453 0.3145 0.5264 0.0117
132 0.0984 0.0340 0.0743 0.7861 0.0070
133 0.1042 0.0219 0.0632 0.8076 0.0032
134 0.0061 0.0230 0.0097 0.9575 0.0039
135 0.0026 0.0138 0.0154 0.9668 0.0016
136 0.0036 0.0188 0.0143 0.9619 0.0016
137 0.0120 0.0383 0.0289 0.9131 0.0077
138 0.1417 0.0764 0.1086 0.6553 0.0180
139 0.1416 0.0782 0.0813 0.6758 0.0233
140 0.2336 0.0609 0.0718 0.6157 0.0179
141 0.1606 0.1046 0.1292 0.5879 0.0179
142 0.3142 0.1069 0.1250 0.4294 0.0244
143 0.4900 0.2124 0.0858 0.1667 0.0452
144 0.3137 0.1918 0.0898 0.2600 0.1448
145 0.5522 0.0847 0.0713 0.2129 0.0789
146 0.1863 0.2690 0.0654 0.4646 0.0147
147 0.1465 0.2183 0.3127 0.3054 0.0172
148 0.2109 0.2625 0.2605 0.2228 0.0435
149 0.1455 0.2654 0.2915 0.2612 0.0362
150 0.2805 0.1151 0.1624 0.4019 0.0401
151 0.0405 0.0811 0.0641 0.8003 0.0139
152 0.0149 0.0495 0.0444 0.8848 0.0063
153 0.0155 0.0290 0.0460 0.8960 0.0132
154 0.0246 0.0367 0.0815 0.8354 0.0216
155 0.0813 0.2354 0.2625 0.3789 0.0419
156 0.4207 0.1838 0.2306 0.1432 0.0218
157 0.0451 0.2698 0.1538 0.5122 0.0192
158 0.0934 0.3418 0.0618 0.4858 0.0173
159 0.0275 0.1147 0.0853 0.5142 0.2585
160 0.1595 0.2396 0.0413 0.5234 0.0362
161 0.1173 0.0658 0.0349 0.7529 0.0290
162 0.0695 0.1746 0.2461 0.4895 0.0204
163 0.1360 0.1277 0.0757 0.6484 0.0122
164 0.2280 0.5137 0.0489 0.2012 0.0081
165 0.0622 0.1786 0.0255 0.7285 0.0050
166 0.1398 0.1022 0.1195 0.6167 0.0219
167 0.1089 0.1196 0.0773 0.6885 0.0057
168 0.0956 0.1541 0.0541 0.6904 0.0059
169 0.0719 0.1986 0.1808 0.5312 0.0173
170 0.0507 0.2593 0.1016 0.5845 0.0039
171 0.0554 0.0608 0.0657 0.8135 0.0047
172 0.0959 0.1396 0.3247 0.4302 0.0097
173 0.1539 0.1109 0.3110 0.3694 0.0549
174 0.1537 0.1854 0.1913 0.4312 0.0383
175 0.0747 0.2507 0.1619 0.4612 0.0514
176 0.1447 0.3159 0.2832 0.2499 0.0066
177 0.0629 0.4402 0.1475 0.3481 0.0013
178 0.1539 0.2422 0.0683 0.4817 0.0540
179 0.1311 0.6455 0.0379 0.1685 0.0169
180 0.2502 0.5137 0.0812 0.1494 0.0057
181 0.2333 0.2444 0.0508 0.4497 0.0219
182 0.1802 0.0516 0.1093 0.6289 0.0303
183 0.0859 0.2749 0.3069 0.2837 0.0486
184 0.1263 0.1205 0.2759 0.4692 0.0080
185 0.0941 0.3086 0.3870 0.1931 0.0174
186 0.1558 0.2649 0.3916 0.1765 0.0113
187 0.1321 0.4539 0.2429 0.1174 0.0538
188 0.0684 0.3259 0.3235 0.2404 0.0418
189 0.1586 0.1688 0.0491 0.6177 0.0059
190 0.2700 0.3206 0.0553 0.3308 0.0232
191 0.3611 0.3501 0.0493 0.2058 0.0338
192 0.0278 0.1919 0.0652 0.7129 0.0023
193 0.1317 0.2206 0.1887 0.4526 0.0062
194 0.0338 0.0751 0.1947 0.6904 0.0061
195 0.1215 0.1536 0.2416 0.4729 0.0105
196 0.0391 0.2001 0.0498 0.6982 0.0130
197 0.2625 0.1382 0.0604 0.5059 0.0334
198 0.1228 0.1209 0.0554 0.6743 0.0266
199 0.1847 0.0581 0.0572 0.6865 0.0136
200 0.1094 0.0288 0.0865 0.7715 0.0037
201 0.1360 0.0613 0.0504 0.7349 0.0173
202 0.0732 0.0437 0.0884 0.7876 0.0072
203 0.0881 0.0730 0.2250 0.6113 0.0026
204 0.0948 0.0165 0.0282 0.8516 0.0089
205 0.1902 0.0627 0.3555 0.3843 0.0075
206 0.0609 0.0403 0.1709 0.7197 0.0081
207 0.0580 0.1228 0.3442 0.4707 0.0042
208 0.1965 0.2262 0.0770 0.3142 0.1862
209 0.0706 0.1506 0.0914 0.6489 0.0384
210 0.1842 0.0536 0.1434 0.6138 0.0051
211 0.2291 0.1689 0.0352 0.5288 0.0380
212 0.0917 0.1560 0.2737 0.4656 0.0129
213 0.0021 0.0288 0.0206 0.9468 0.0018
214 0.0035 0.0255 0.0259 0.9434 0.0014
215 0.0058 0.0369 0.0361 0.9160 0.0054
216 0.1592 0.1860 0.0274 0.6099 0.0174
217 0.2130 0.2800 0.0291 0.4580 0.0201
218 0.0148 0.0336 0.0179 0.9307 0.0029
219 0.0059 0.0254 0.0154 0.9521 0.0012
220 0.0474 0.0215 0.0207 0.9092 0.0012
221 0.0150 0.0985 0.0335 0.8511 0.0020
222 0.1272 0.0797 0.0423 0.3433 0.4075
223 0.1145 0.1172 0.0287 0.3555 0.3843
224 0.0871 0.0980 0.0408 0.1403 0.6338
225 0.0344 0.1109 0.0205 0.8257 0.0085
226 0.1107 0.1537 0.0265 0.6992 0.0097
227 0.0486 0.1670 0.0122 0.7603 0.0122
228 0.0718 0.4299 0.0277 0.4578 0.0129
229 0.0919 0.2598 0.0270 0.6089 0.0126
230 0.1230 0.4751 0.0349 0.3369 0.0301
231 0.0739 0.1731 0.0255 0.7178 0.0098
232 0.0045 0.0262 0.0099 0.9590 0.0003
233 0.0104 0.1595 0.0193 0.8101 0.0005
234 0.0024 0.0151 0.0055 0.9771 0.0002
235 0.0038 0.0695 0.0117 0.9150 0.0002
236 0.0028 0.0667 0.0103 0.9199 0.0001
237 0.0055 0.0442 0.0120 0.9370 0.0011
238 0.1465 0.0479 0.0630 0.1809 0.5615
239 0.0682 0.0164 0.0544 0.1225 0.7388
240 0.0495 0.4343 0.3601 0.1478 0.0081
241 0.0145 0.5459 0.4250 0.0128 0.0018
242 0.0119 0.6191 0.3584 0.0083 0.0023
243 0.0201 0.6855 0.2296 0.0609 0.0040
244 0.0693 0.5942 0.2515 0.0621 0.0229
245 0.0834 0.3433 0.1881 0.3711 0.0142
246 0.1187 0.5708 0.1024 0.1853 0.0227
247 0.1288 0.0818 0.0248 0.7295 0.0352
248 0.1056 0.1056 0.0286 0.7104 0.0499
249 0.1151 0.1305 0.0511 0.6626 0.0407
250 0.1266 0.1100 0.0617 0.6636 0.0383
251 0.1370 0.1392 0.1602 0.5503 0.0135
252 0.1085 0.1003 0.1995 0.5684 0.0235
253 0.1065 0.2185 0.2805 0.3835 0.0108
254 0.1062 0.1475 0.4333 0.3025 0.0103
255 0.1226 0.1841 0.3604 0.3181 0.0149
256 0.6729 0.1783 0.0597 0.0761 0.0128
257 0.7104 0.1356 0.0574 0.0803 0.0164
258 0.7114 0.1357 0.0570 0.0792 0.0165
259 0.7109 0.1367 0.0570 0.0791 0.0164
260 0.7095 0.1376 0.0573 0.0790 0.0164
261 0.6812 0.1722 0.0624 0.0669 0.0173
262 0.2037 0.2830 0.2496 0.2310 0.0327
