time exciting_prob fearful_prob tense_prob sad_prob relaxing_prob
0 0.2037 0.2830 0.2496 0.2310 0.0327
1 0.2839 0.1832 0.1749 0.2839 0.0740
2 0.0804 0.1840 0.2457 0.4082 0.0817
3 0.0195 0.0680 0.0958 0.0974 0.7192
4 0.0408 0.0774 0.1025 0.0786 0.7007
5 0.1138 0.0529 0.0290 0.7539 0.0505
6 0.1211 0.1935 0.1761 0.4260 0.0833
7 0.1170 0.0191 0.0883 0.7627 0.0128
8 0.0772 0.1896 0.5073 0.1926 0.0332
9 0.1064 0.1007 0.4880 0.2532 0.0518
10 0.0089 0.0177 0.0336 0.0446 0.8950
11 0.0085 0.0248 0.0345 0.0435 0.8887
12 0.0663 0.1011 0.4824 0.3164 0.0336
13 0.1448 0.2330 0.2500 0.3137 0.0585
14 0.0687 0.0655 0.1686 0.6934 0.0037
15 0.1813 0.0750 0.1587 0.5762 0.0090
16 0.0370 0.1951 0.3398 0.3730 0.0550
17 0.0081 0.1234 0.3076 0.5571 0.0036
18 0.0803 0.1781 0.1868 0.5488 0.0061
19 0.1824 0.3862 0.2361 0.1015 0.0939
20 0.1957 0.2397 0.1973 0.2825 0.0848
21 0.0917 0.4585 0.2717 0.1648 0.0133
22 0.1187 0.1810 0.1648 0.5195 0.0159
23 0.1598 0.4343 0.2397 0.1215 0.0447
24 0.0900 0.1361 0.1667 0.5962 0.0111
25 0.0270 0.0648 0.2042 0.6099 0.0942
26 0.3538 0.2357 0.1475 0.1131 0.1498
27 0.0816 0.2654 0.1912 0.0570 0.4048
28 0.1863 0.2754 0.2318 0.0397 0.2668
29 0.1451 0.1440 0.1644 0.5107 0.0359
30 0.1646 0.2981 0.2910 0.2250 0.0214
31 0.1014 0.0611 0.0214 0.7798 0.0365
32 0.2333 0.4358 0.0690 0.2296 0.0323
33 0.0456 0.2299 0.0981 0.5386 0.0879
34 0.0122 0.2144 0.2211 0.5474 0.0052
35 0.1768 0.1196 0.1824 0.5117 0.0097
36 0.3254 0.2917 0.2917 0.0810 0.0100
37 0.1984 0.3621 0.2266 0.1849 0.0281
38 0.1893 0.0880 0.0665 0.6016 0.0547
39 0.1387 0.2018 0.2181 0.4011 0.0403
40 0.0659 0.1156 0.1129 0.6396 0.0659
41 0.0803 0.1897 0.1225 0.5156 0.0917
42 0.0966 0.0163 0.0546 0.8149 0.0176
43 0.0281 0.0600 0.0795 0.0416 0.7905
44 0.0175 0.0702 0.1835 0.6978 0.0309
45 0.0538 0.3508 0.0952 0.0133 0.4871
46 0.1564 0.3635 0.1901 0.1144 0.1758
47 0.0731 0.0895 0.3567 0.4202 0.0605
48 0.1803 0.1339 0.1788 0.4976 0.0093
49 0.2255 0.1041 0.0977 0.5537 0.0190
50 0.0511 0.0984 0.1215 0.6992 0.0298
51 0.0641 0.0188 0.0603 0.8320 0.0249
52 0.1752 0.1924 0.4106 0.1487 0.0731
53 0.1260 0.3167 0.2299 0.0590 0.2686
54 0.0917 0.2200 0.3489 0.3008 0.0388
55 0.0563 0.1318 0.2043 0.5054 0.1019
56 0.0147 0.1277 0.1774 0.5952 0.0851
57 0.1710 0.3428 0.1086 0.3000 0.0776
58 0.1609 0.1106 0.6465 0.0552 0.0271
59 0.1227 0.4705 0.1946 0.0392 0.1731
60 0.0469 0.3574 0.4312 0.1305 0.0343
61 0.1725 0.3003 0.3027 0.2113 0.0133
62 0.2245 0.0478 0.3818 0.3267 0.0195
63 0.0705 0.0905 0.2422 0.5723 0.0247
64 0.2242 0.3018 0.3669 0.0899 0.0173
65 0.0795 0.4070 0.4136 0.0847 0.0152
66 0.0571 0.5547 0.2057 0.1298 0.0528
67 0.1677 0.1992 0.4419 0.0792 0.1118
68 0.0988 0.1531 0.3140 0.0372 0.3970
69 0.0385 0.2019 0.4077 0.0241 0.3276
70 0.1504 0.4187 0.2600 0.1277 0.0434
71 0.0811 0.0395 0.0612 0.8062 0.0118
72 0.0316 0.2644 0.4900 0.1361 0.0781
73 0.0842 0.3384 0.4587 0.0661 0.0527
74 0.0911 0.2150 0.1443 0.3687 0.1810
75 0.1586 0.1838 0.1714 0.4412 0.0451
76 0.0939 0.5801 0.2325 0.0552 0.0383
77 0.3872 0.2725 0.1247 0.0799 0.1359
78 0.3181 0.2291 0.2786 0.0536 0.1207
79 0.0391 0.2100 0.3201 0.0447 0.3862
80 0.0920 0.4973 0.2703 0.0757 0.0647
81 0.1417 0.0789 0.1820 0.5225 0.0747
82 0.0456 0.2947 0.4158 0.1259 0.1182
83 0.0138 0.0811 0.1423 0.7344 0.0285
84 0.2200 0.3743 0.3628 0.0368 0.0063
85 0.1566 0.4824 0.1035 0.1949 0.0623
86 0.0968 0.5356 0.1038 0.2250 0.0388
87 0.1226 0.3926 0.0630 0.2893 0.1324
88 0.1400 0.0570 0.2534 0.5283 0.0211
89 0.0504 0.3210 0.2424 0.3418 0.0442
90 0.0203 0.1078 0.1029 0.0204 0.7485
91 0.0412 0.0159 0.0467 0.8940 0.0023
92 0.0331 0.0525 0.0445 0.8667 0.0033
93 0.1711 0.1409 0.4373 0.0686 0.1823
94 0.1522 0.2844 0.3708 0.0582 0.1343
95 0.0726 0.0666 0.1868 0.6621 0.0118
96 0.0930 0.2979 0.1849 0.2649 0.1594
97 0.0447 0.2115 0.2593 0.0767 0.4080
98 0.1929 0.2534 0.2595 0.2849 0.0093
99 0.1256 0.3577 0.2830 0.1638 0.0699
100 0.0877 0.3779 0.2617 0.1479 0.1246
101 0.2957 0.2064 0.2163 0.1954 0.0861
102 0.0752 0.2998 0.4194 0.1862 0.0193
103 0.0341 0.1306 0.2598 0.5459 0.0298
104 0.0451 0.0963 0.0956 0.0113 0.7515
105 0.0138 0.0646 0.1503 0.0202 0.7510
106 0.0864 0.0781 0.1338 0.6484 0.0532
107 0.1141 0.5034 0.2847 0.0457 0.0522
108 0.1210 0.1603 0.1268 0.4939 0.0980
109 0.1031 0.4109 0.0976 0.2251 0.1635
110 0.0449 0.0997 0.1428 0.7031 0.0096
111 0.1978 0.2900 0.4219 0.0268 0.0637
112 0.1144 0.3362 0.4968 0.0296 0.0229
113 0.0823 0.4888 0.3660 0.0325 0.0305
114 0.0503 0.3926 0.3279 0.1898 0.0395
115 0.1349 0.5459 0.2258 0.0647 0.0287
116 0.3940 0.2428 0.1279 0.1694 0.0659
117 0.1294 0.0947 0.2456 0.4177 0.1124
118 0.1256 0.3721 0.3083 0.1237 0.0704
119 0.1017 0.6948 0.1255 0.0557 0.0223
120 0.1005 0.2930 0.4133 0.1750 0.0182
121 0.1218 0.2103 0.2722 0.3838 0.0119
122 0.1158 0.3049 0.4724 0.0439 0.0629
123 0.0907 0.4363 0.1120 0.1221 0.2390
124 0.0706 0.4565 0.0690 0.2208 0.1831
125 0.1705 0.5908 0.2041 0.0217 0.0128
126 0.0822 0.5977 0.2734 0.0342 0.0126
127 0.0473 0.2898 0.1237 0.5288 0.0105
128 0.0621 0.2656 0.4521 0.1770 0.0430
129 0.1455 0.3687 0.2253 0.1444 0.1160
130 0.1354 0.4617 0.2529 0.0759 0.0742
131 0.1705 0.4858 0.2424 0.0493 0.0520
132 0.1573 0.4080 0.1245 0.2739 0.0362
133 0.1499 0.1621 0.2181 0.3625 0.1072
134 0.0993 0.2328 0.2220 0.1326 0.3132
135 0.1370 0.1718 0.2155 0.3159 0.1600
136 0.1567 0.2428 0.0690 0.1183 0.4131
137 0.3765 0.2732 0.0681 0.0214 0.2607
138 0.0569 0.2065 0.3274 0.3379 0.0714
139 0.1048 0.3660 0.3179 0.1160 0.0955
140 0.1005 0.2861 0.4036 0.1906 0.0193
141 0.1061 0.2161 0.5918 0.0634 0.0228
142 0.1138 0.1892 0.6499 0.0299 0.0169
143 0.1009 0.1135 0.1625 0.6035 0.0194
144 0.0265 0.1526 0.7871 0.0325 0.0010
145 0.2715 0.4409 0.0656 0.1726 0.0495
146 0.0998 0.2712 0.4614 0.1606 0.0070
147 0.2317 0.2408 0.4360 0.0813 0.0100
148 0.3154 0.1929 0.4280 0.0523 0.0113
149 0.1230 0.2177 0.3267 0.2861 0.0467
150 0.1331 0.2905 0.3118 0.1981 0.0664
151 0.2397 0.0991 0.3599 0.1881 0.1132
152 0.0839 0.1147 0.5142 0.2505 0.0367
153 0.0380 0.3181 0.6133 0.0294 0.0012
154 0.0226 0.1462 0.2230 0.5967 0.0114
155 0.0808 0.1606 0.4797 0.2649 0.0138
156 0.0759 0.1908 0.4299 0.2776 0.0256
157 0.1212 0.4944 0.1967 0.1250 0.0629
158 0.0681 0.4338 0.1866 0.2018 0.1097
159 0.1227 0.5332 0.1564 0.1338 0.0540
160 0.1022 0.5312 0.0983 0.1418 0.1262
161 0.1458 0.2922 0.2832 0.1626 0.1162
162 0.0944 0.2886 0.2319 0.2507 0.1343
163 0.4146 0.2253 0.1884 0.1573 0.0145
164 0.0680 0.5830 0.2585 0.0609 0.0297
165 0.0377 0.5586 0.3523 0.0327 0.0190
166 0.0309 0.3352 0.2131 0.3740 0.0468
167 0.1048 0.2084 0.3032 0.2554 0.1284
168 0.0717 0.4358 0.2483 0.0613 0.1831
169 0.1049 0.5244 0.1730 0.1108 0.0870
170 0.0942 0.1816 0.5015 0.0899 0.1328
171 0.1070 0.3000 0.4756 0.0776 0.0397
172 0.0945 0.3799 0.2198 0.1547 0.1511
173 0.0977 0.4773 0.1514 0.0925 0.1812
174 0.1089 0.4583 0.3250 0.0841 0.0237
175 0.1454 0.1824 0.4375 0.2271 0.0075
176 0.0810 0.4275 0.3103 0.0755 0.1056
177 0.1317 0.1917 0.1992 0.3416 0.1359
178 0.1777 0.3911 0.0966 0.3218 0.0129
179 0.0866 0.2908 0.2566 0.2411 0.1250
180 0.0339 0.4937 0.3669 0.0845 0.0210
181 0.0446 0.2076 0.7246 0.0214 0.0015
182 0.0401 0.2808 0.6040 0.0732 0.0019
183 0.0522 0.2891 0.2632 0.3542 0.0413
184 0.0205 0.3933 0.1589 0.4124 0.0148
185 0.0189 0.4265 0.4910 0.0615 0.0020
186 0.1426 0.3586 0.1860 0.2771 0.0358
187 0.0823 0.2184 0.1073 0.0597 0.5322
188 0.0764 0.3398 0.1832 0.0501 0.3506
189 0.1388 0.1159 0.2632 0.4768 0.0053
190 0.1772 0.3086 0.1639 0.1758 0.1744
191 0.0263 0.2617 0.1346 0.0963 0.4812
192 0.0220 0.0414 0.1389 0.5083 0.2896
193 0.0670 0.2932 0.1407 0.2213 0.2776
194 0.0180 0.1201 0.3020 0.5298 0.0299
195 0.1862 0.1495 0.1221 0.4827 0.0595
