time exciting_prob fearful_prob tense_prob sad_prob relaxing_prob
0 0.2037 0.2830 0.2496 0.2310 0.0327
1 0.0635 0.1501 0.3774 0.3774 0.0317
2 0.0520 0.1816 0.3906 0.3237 0.0520
3 0.0595 0.2078 0.2546 0.4263 0.0517
4 0.0258 0.3142 0.4866 0.1604 0.0131
5 0.0770 0.1605 0.1462 0.3674 0.2487
6 0.1116 0.3835 0.2327 0.1624 0.1099
7 0.1658 0.0894 0.1087 0.0486 0.5874
8 0.1879 0.0901 0.1353 0.0518 0.5352
9 0.2415 0.0725 0.0848 0.0655 0.5356
10 0.1202 0.1805 0.1321 0.1202 0.4468
11 0.1682 0.1129 0.0846 0.1321 0.5024
12 0.0922 0.1250 0.0865 0.1183 0.5781
13 0.1976 0.1161 0.0870 0.0744 0.5249
14 0.2939 0.1116 0.0849 0.0682 0.4414
15 0.2961 0.2100 0.0754 0.0443 0.3743
16 0.3311 0.1677 0.1370 0.1814 0.1829
17 0.1714 0.1609 0.0999 0.1536 0.4143
18 0.2036 0.1255 0.1335 0.1990 0.3384
19 0.1475 0.2249 0.2096 0.3735 0.0446
20 0.1208 0.3779 0.2766 0.2136 0.0111
21 0.3105 0.2151 0.1715 0.2615 0.0414
22 0.2568 0.1385 0.1054 0.1014 0.3977
23 0.1603 0.1182 0.1119 0.0673 0.5425
24 0.2786 0.0548 0.0579 0.0371 0.5718
25 0.1415 0.2522 0.3555 0.1382 0.1127
26 0.2571 0.2715 0.2847 0.1420 0.0447
27 0.0491 0.1489 0.2325 0.3179 0.2515
28 0.2000 0.1864 0.1879 0.2394 0.1864
29 0.0681 0.2471 0.4990 0.1213 0.0645
30 0.1149 0.0789 0.1375 0.1079 0.5610
31 0.2273 0.2742 0.2006 0.0743 0.2238
32 0.1164 0.0980 0.4751 0.0717 0.2389
33 0.0802 0.4136 0.4473 0.0479 0.0112
34 0.0911 0.3203 0.4177 0.1377 0.0332
35 0.1088 0.1442 0.3149 0.3623 0.0697
36 0.1346 0.2238 0.4312 0.1143 0.0962
37 0.1866 0.2632 0.2166 0.2360 0.0976
38 0.1709 0.1556 0.2410 0.0707 0.3618
39 0.1069 0.0980 0.2297 0.1361 0.4292
40 0.0941 0.3870 0.4385 0.0557 0.0249
41 0.1479 0.4055 0.2764 0.1423 0.0278
42 0.0789 0.0771 0.4575 0.0517 0.3347
43 0.1259 0.1565 0.4531 0.0845 0.1802
44 0.0561 0.1898 0.7163 0.0340 0.0037
45 0.2365 0.1285 0.1730 0.4487 0.0131
46 0.2932 0.1644 0.1364 0.3823 0.0235
47 0.1259 0.5557 0.1393 0.0378 0.1415
48 0.1910 0.1660 0.3682 0.1571 0.1177
49 0.2725 0.1802 0.3289 0.1641 0.0545
50 0.3667 0.1627 0.2727 0.1732 0.0246
51 0.4333 0.1710 0.1893 0.1644 0.0419
52 0.2905 0.3398 0.2280 0.1052 0.0364
53 0.3984 0.2534 0.1356 0.1215 0.0910
54 0.4187 0.2258 0.1067 0.0811 0.1678
55 0.2124 0.0831 0.1844 0.1415 0.3787
56 0.1854 0.2362 0.3357 0.2168 0.0257
57 0.1530 0.4863 0.1077 0.1191 0.1339
58 0.2715 0.4170 0.0645 0.0547 0.1924
59 0.0900 0.2227 0.3164 0.2316 0.1394
60 0.0451 0.2151 0.2218 0.4697 0.0484
61 0.0795 0.2163 0.1375 0.5610 0.0058
62 0.2183 0.2571 0.1700 0.3103 0.0443
63 0.3198 0.2032 0.2147 0.2180 0.0443
64 0.2072 0.3110 0.1359 0.2969 0.0492
65 0.1169 0.1356 0.1133 0.5410 0.0933
66 0.2595 0.0631 0.1562 0.4626 0.0584
67 0.0426 0.2032 0.4404 0.0724 0.2413
68 0.1213 0.3401 0.2732 0.1807 0.0847
69 0.0992 0.2827 0.2271 0.3716 0.0195
70 0.1185 0.0778 0.1343 0.2357 0.4336
71 0.1339 0.1693 0.4355 0.2058 0.0554
72 0.1324 0.2417 0.2573 0.3545 0.0141
73 0.0519 0.3284 0.2639 0.1842 0.1716
74 0.3257 0.2169 0.1276 0.2830 0.0469
75 0.4150 0.1445 0.1171 0.2991 0.0244
76 0.0228 0.4163 0.4431 0.1020 0.0159
77 0.0259 0.1381 0.5723 0.2462 0.0174
78 0.0102 0.1765 0.7783 0.0337 0.0011
79 0.1426 0.2622 0.1948 0.2058 0.1948
80 0.0250 0.3367 0.5552 0.0658 0.0172
81 0.1080 0.2571 0.1534 0.2651 0.2164
82 0.0486 0.2357 0.1893 0.4912 0.0350
83 0.0172 0.5771 0.3186 0.0740 0.0131
84 0.0186 0.2217 0.6216 0.1283 0.0095
85 0.1617 0.3477 0.1776 0.0865 0.2263
86 0.1440 0.3120 0.1792 0.1569 0.2079
87 0.1722 0.3269 0.1281 0.1183 0.2546
88 0.1273 0.3225 0.0848 0.2002 0.2651
89 0.0714 0.3433 0.2148 0.3379 0.0327
90 0.0190 0.3191 0.5259 0.1279 0.0080
91 0.0127 0.5298 0.3699 0.0643 0.0233
92 0.2068 0.3601 0.1399 0.1178 0.1754
93 0.2207 0.4092 0.1542 0.0851 0.1307
94 0.0613 0.3557 0.3240 0.1996 0.0594
95 0.0645 0.3098 0.3350 0.2413 0.0494
96 0.1245 0.2534 0.1444 0.1032 0.3745
97 0.1370 0.3110 0.1481 0.0598 0.3442
98 0.0404 0.1622 0.5239 0.2020 0.0715
99 0.0453 0.2245 0.4753 0.1876 0.0674
100 0.0881 0.3276 0.1536 0.1635 0.2673
101 0.0352 0.4060 0.4155 0.1328 0.0105
102 0.0815 0.4336 0.2064 0.1063 0.1725
103 0.1542 0.2996 0.1229 0.1693 0.2542
104 0.0267 0.0351 0.7397 0.1870 0.0115
105 0.2517 0.2054 0.0963 0.1379 0.3086
106 0.0625 0.4270 0.4270 0.0461 0.0373
107 0.0450 0.2676 0.5239 0.1477 0.0161
108 0.2347 0.3779 0.1370 0.0448 0.2056
109 0.1499 0.4802 0.1158 0.0491 0.2050
110 0.1940 0.2131 0.1355 0.2693 0.1881
111 0.1316 0.2478 0.1575 0.3662 0.0970
112 0.0424 0.2499 0.3362 0.3694 0.0022
113 0.1807 0.3826 0.2864 0.0426 0.1078
114 0.0471 0.0853 0.6812 0.1696 0.0169
115 0.1039 0.0984 0.3462 0.3860 0.0656
116 0.2452 0.3625 0.2251 0.0720 0.0953
117 0.0714 0.1766 0.3569 0.3799 0.0151
118 0.0916 0.2047 0.3123 0.3826 0.0091
119 0.1066 0.2153 0.0956 0.5327 0.0496
120 0.1667 0.2603 0.3264 0.2108 0.0358
121 0.0715 0.4624 0.3228 0.1207 0.0225
122 0.0384 0.0634 0.2390 0.6396 0.0196
123 0.0375 0.3369 0.3318 0.2751 0.0187
124 0.1713 0.1205 0.3711 0.1660 0.1713
125 0.1501 0.2634 0.2964 0.1399 0.1501
126 0.1202 0.1130 0.1982 0.4944 0.0741
127 0.1471 0.3213 0.1578 0.1788 0.1949
128 0.2742 0.2363 0.0755 0.1245 0.2896
129 0.3323 0.4797 0.0573 0.0569 0.0736
130 0.1451 0.4009 0.3298 0.0518 0.0724
131 0.1255 0.3057 0.2272 0.3035 0.0383
132 0.0708 0.0719 0.1014 0.7319 0.0237
133 0.1293 0.4241 0.1366 0.1635 0.1466
134 0.2175 0.2603 0.3191 0.1320 0.0712
135 0.0406 0.0807 0.0782 0.4714 0.3291
136 0.1321 0.4612 0.1113 0.1807 0.1148
137 0.1262 0.3274 0.0391 0.0457 0.4617
138 0.0637 0.1945 0.4382 0.2874 0.0161
139 0.0263 0.1256 0.7339 0.0978 0.0162
140 0.0642 0.2312 0.2922 0.3752 0.0371
141 0.0540 0.1235 0.3630 0.4380 0.0215
142 0.1688 0.2637 0.3987 0.0897 0.0792
143 0.0886 0.0482 0.1289 0.7192 0.0149
144 0.1111 0.4065 0.1183 0.2644 0.0996
145 0.1205 0.3596 0.2737 0.2251 0.0211
146 0.0851 0.2622 0.4709 0.1229 0.0590
147 0.0649 0.3196 0.5029 0.0860 0.0269
148 0.0783 0.1805 0.4612 0.2468 0.0331
149 0.0921 0.2905 0.4980 0.0788 0.0406
150 0.0374 0.4932 0.3723 0.0818 0.0154
151 0.0961 0.4841 0.2715 0.1355 0.0129
152 0.0471 0.3762 0.4719 0.0880 0.0168
153 0.0755 0.2827 0.3926 0.2118 0.0374
154 0.0606 0.3569 0.4993 0.0665 0.0168
155 0.0726 0.4146 0.3987 0.0977 0.0163
156 0.0497 0.4189 0.4124 0.0988 0.0202
157 0.1235 0.4309 0.3103 0.1031 0.0322
158 0.0860 0.4834 0.3823 0.0219 0.0262
159 0.1862 0.3821 0.3425 0.0403 0.0490
160 0.0293 0.2800 0.3433 0.3027 0.0446
161 0.0131 0.3479 0.4131 0.2142 0.0118
162 0.2629 0.1807 0.0853 0.1440 0.3271
163 0.0147 0.2422 0.2832 0.4316 0.0283
164 0.0526 0.4797 0.1953 0.1807 0.0916
165 0.3276 0.1809 0.0447 0.1366 0.3103
166 0.2759 0.1699 0.0416 0.3030 0.2098
167 0.1005 0.2507 0.2886 0.3535 0.0067
168 0.0540 0.3206 0.2273 0.3928 0.0055
169 0.2551 0.3354 0.0526 0.2148 0.1420
170 0.0470 0.2122 0.3496 0.3442 0.0470
171 0.2847 0.1560 0.2590 0.2416 0.0587
172 0.0619 0.1656 0.3733 0.3792 0.0199
173 0.2356 0.2249 0.2015 0.2712 0.0670
174 0.3406 0.2493 0.0687 0.2737 0.0676
175 0.4299 0.0741 0.2230 0.2247 0.0482
176 0.4314 0.0773 0.2169 0.2291 0.0451
177 0.1042 0.0641 0.0864 0.0553 0.6899
178 0.1128 0.4189 0.1844 0.0858 0.1979
179 0.1049 0.3154 0.4590 0.0862 0.0346
180 0.0885 0.5640 0.2426 0.0980 0.0071
181 0.1344 0.2803 0.2323 0.1243 0.2288
182 0.1019 0.3447 0.1964 0.1085 0.2483
183 0.2178 0.3320 0.2014 0.2195 0.0295
184 0.0654 0.1130 0.2668 0.4399 0.1147
185 0.0826 0.0165 0.0478 0.8145 0.0387
186 0.1819 0.0989 0.1936 0.3589 0.1669
187 0.1710 0.1176 0.2338 0.3706 0.1070
188 0.0613 0.4126 0.2749 0.1802 0.0711
189 0.0983 0.3376 0.3223 0.1571 0.0847
190 0.0713 0.2507 0.4199 0.1779 0.0801
191 0.4343 0.1215 0.0816 0.2634 0.0992
192 0.3457 0.1079 0.1063 0.3457 0.0945
193 0.1920 0.1230 0.1630 0.4260 0.0958
194 0.1039 0.3030 0.1442 0.3860 0.0630
195 0.0530 0.1559 0.3433 0.3596 0.0881
196 0.2067 0.2695 0.1047 0.1323 0.2869
197 0.1350 0.3997 0.1934 0.1154 0.1565
198 0.1296 0.1931 0.3665 0.2620 0.0488
199 0.1848 0.4871 0.1184 0.1070 0.1028
200 0.1508 0.1847 0.2334 0.0581 0.3730
201 0.0907 0.6055 0.2603 0.0114 0.0323
202 0.2119 0.1575 0.1550 0.4592 0.0165
203 0.1346 0.2135 0.2615 0.1367 0.2534
204 0.0818 0.2155 0.1171 0.3579 0.2275
205 0.1619 0.3323 0.2230 0.1671 0.1157
206 0.1153 0.2422 0.3635 0.2559 0.0232
207 0.0406 0.1138 0.4363 0.3792 0.0302
208 0.1082 0.3010 0.3411 0.0698 0.1798
209 0.0731 0.3462 0.3628 0.1897 0.0282
210 0.1656 0.2710 0.0753 0.3118 0.1763
211 0.2413 0.2285 0.2712 0.1793 0.0796
212 0.1807 0.3916 0.1475 0.0952 0.1849
213 0.1570 0.1272 0.1429 0.5479 0.0248
214 0.0975 0.1014 0.1232 0.5435 0.1343
215 0.0559 0.0853 0.1907 0.6553 0.0128
216 0.1840 0.1514 0.2437 0.3687 0.0523
217 0.2321 0.1938 0.3049 0.2321 0.0370
218 0.4910 0.1194 0.0814 0.2162 0.0922
219 0.4163 0.0908 0.0846 0.2563 0.1520
220 0.3252 0.1754 0.1366 0.1912 0.1714
221 0.0202 0.2380 0.6372 0.0992 0.0055
222 0.1986 0.3513 0.0874 0.3250 0.0379
223 0.2213 0.1429 0.1864 0.3765 0.0730
224 0.2336 0.1968 0.3945 0.1632 0.0119
225 0.2427 0.1790 0.3396 0.2227 0.0163
226 0.1223 0.1451 0.0909 0.6309 0.0110
227 0.4211 0.1611 0.1573 0.1898 0.0704
228 0.2236 0.2085 0.2917 0.2272 0.0491
229 0.1941 0.1168 0.2115 0.4045 0.0731
230 0.2065 0.2452 0.2340 0.2693 0.0450
231 0.0676 0.2064 0.4727 0.2197 0.0337
232 0.0216 0.1610 0.4883 0.3152 0.0140
233 0.0164 0.1858 0.6489 0.1381 0.0110
234 0.0169 0.1777 0.5562 0.2429 0.0062
235 0.1230 0.3818 0.2427 0.1876 0.0648
236 0.0620 0.3152 0.2341 0.3625 0.0261
237 0.0916 0.2549 0.2756 0.3274 0.0506
238 0.0223 0.2932 0.5068 0.1671 0.0106
239 0.0337 0.4233 0.2866 0.2451 0.0113
240 0.0237 0.1818 0.2334 0.5513 0.0101
241 0.0357 0.4216 0.3135 0.2257 0.0034
242 0.0269 0.2847 0.1523 0.5317 0.0045
243 0.0201 0.4468 0.2468 0.1521 0.1342
244 0.0156 0.3701 0.2389 0.1951 0.1803
245 0.0267 0.1661 0.2019 0.1973 0.4080
246 0.0141 0.0994 0.0994 0.7695 0.0178
247 0.0132 0.4131 0.1593 0.3821 0.0323
248 0.0037 0.2744 0.0994 0.6187 0.0039
249 0.0062 0.1987 0.1015 0.6826 0.0108
250 0.0191 0.0816 0.1000 0.7158 0.0835
251 0.0407 0.1409 0.0917 0.4443 0.2825
252 0.0110 0.1624 0.0779 0.3774 0.3716
253 0.0035 0.2194 0.0460 0.7305 0.0008
254 0.0145 0.3245 0.1281 0.5269 0.0060
255 0.0091 0.4434 0.1656 0.3792 0.0029
256 0.0175 0.1323 0.1837 0.6216 0.0450
257 0.0522 0.2196 0.5879 0.1292 0.0115
258 0.0380 0.1743 0.3691 0.3931 0.0255
259 0.0308 0.1964 0.5259 0.2369 0.0099
260 0.0451 0.2153 0.5415 0.1871 0.0110
261 0.0626 0.2637 0.4277 0.2219 0.0241
262 0.0851 0.3164 0.4392 0.1220 0.0372
263 0.0405 0.1257 0.1948 0.5728 0.0663
264 0.0335 0.1169 0.3032 0.4697 0.0767
265 0.0285 0.1539 0.3811 0.4185 0.0181
266 0.0308 0.0763 0.1919 0.6802 0.0207
267 0.0227 0.1083 0.3665 0.4932 0.0093
268 0.0237 0.1128 0.5908 0.2583 0.0143
269 0.0400 0.1462 0.4297 0.3618 0.0222
270 0.0389 0.1378 0.4246 0.3806 0.0181
271 0.0298 0.0946 0.5659 0.2983 0.0115
272 0.0360 0.1338 0.5503 0.2681 0.0119
273 0.0537 0.1472 0.4902 0.2974 0.0116
274 0.0236 0.2720 0.3835 0.2720 0.0488
275 0.0266 0.1428 0.0997 0.6919 0.0390
276 0.0662 0.4119 0.2966 0.2007 0.0245
277 0.0398 0.0993 0.0773 0.7109 0.0726
278 0.0379 0.4373 0.3052 0.2065 0.0132
279 0.0458 0.3035 0.2477 0.3547 0.0484
280 0.0950 0.4194 0.3423 0.1174 0.0260
281 0.0651 0.4734 0.3464 0.0992 0.0159
282 0.0429 0.1130 0.1545 0.6816 0.0078
