time exciting_prob fearful_prob tense_prob sad_prob relaxing_prob
0 0.4749 0.3018 0.0787 0.1382 0.0063
1 0.0953 0.2529 0.4043 0.2303 0.0170
2 0.0792 0.2966 0.4741 0.1423 0.0078
3 0.0591 0.3792 0.3733 0.1791 0.0093
4 0.1412 0.1786 0.1962 0.4631 0.0208
5 0.2345 0.3132 0.2896 0.1305 0.0322
6 0.3276 0.1007 0.3276 0.1324 0.1115
7 0.1713 0.0506 0.1097 0.6313 0.0368
8 0.1497 0.3425 0.3589 0.1240 0.0250
9 0.2832 0.2854 0.1962 0.0857 0.1493
10 0.1885 0.2346 0.2786 0.1456 0.1527
11 0.0920 0.1859 0.2074 0.4973 0.0174
12 0.1967 0.3972 0.3142 0.0474 0.0446
13 0.2111 0.1593 0.3704 0.1952 0.0639
14 0.4133 0.1805 0.1300 0.1241 0.1520
15 0.3313 0.2969 0.2294 0.0831 0.0594
16 0.1796 0.1399 0.4207 0.1912 0.0687
17 0.3464 0.1305 0.2382 0.2656 0.0192
18 0.3645 0.0559 0.1643 0.2109 0.2045
19 0.3091 0.1060 0.2834 0.1654 0.1361
20 0.4031 0.0537 0.0613 0.1628 0.3188
21 0.2292 0.1758 0.2366 0.2440 0.1144
22 0.3223 0.1006 0.2510 0.1131 0.2130
23 0.2703 0.1237 0.3723 0.1100 0.1237
24 0.1984 0.3650 0.2469 0.1475 0.0422
25 0.1801 0.1665 0.5854 0.0431 0.0247
26 0.2354 0.1791 0.2817 0.2524 0.0513
27 0.1866 0.2454 0.1355 0.3770 0.0556
28 0.1520 0.2524 0.2773 0.2524 0.0659
29 0.4060 0.1414 0.1172 0.0775 0.2581
30 0.4111 0.1294 0.1727 0.2004 0.0862
31 0.2255 0.3359 0.3359 0.0322 0.0704
32 0.3330 0.1824 0.2937 0.0862 0.1047
33 0.3923 0.1957 0.1648 0.1366 0.1107
34 0.3823 0.1998 0.1300 0.1569 0.1311
35 0.5718 0.1962 0.1208 0.0349 0.0762
36 0.4438 0.2250 0.1909 0.0419 0.0983
37 0.3247 0.0670 0.1510 0.2162 0.2412
38 0.0681 0.0587 0.1879 0.6455 0.0397
39 0.2703 0.3933 0.0668 0.2104 0.0594
40 0.1087 0.4873 0.2231 0.1570 0.0239
41 0.5430 0.1643 0.1472 0.1221 0.0235
42 0.1882 0.3384 0.3545 0.0803 0.0385
43 0.3831 0.1293 0.1647 0.1753 0.1477
44 0.1497 0.1405 0.2281 0.3821 0.0997
45 0.3179 0.1169 0.2344 0.2676 0.0631
46 0.2739 0.0511 0.2871 0.1714 0.2167
47 0.1044 0.2708 0.1832 0.1748 0.2666
48 0.1285 0.0249 0.0496 0.1930 0.6040
49 0.3542 0.0984 0.1187 0.4209 0.0078
50 0.1549 0.0855 0.1927 0.5156 0.0511
51 0.2026 0.3237 0.2261 0.2278 0.0197
52 0.1235 0.3010 0.2006 0.3357 0.0392
53 0.0691 0.1175 0.2264 0.4648 0.1222
54 0.1536 0.0552 0.5615 0.2034 0.0263
55 0.0342 0.0336 0.0638 0.8408 0.0275
56 0.1606 0.6763 0.0915 0.0538 0.0180
57 0.1869 0.2676 0.0737 0.2698 0.2020
58 0.2773 0.0724 0.2952 0.1321 0.2229
59 0.3369 0.1616 0.1904 0.1567 0.1543
60 0.0796 0.0406 0.0719 0.6714 0.1365
61 0.1919 0.0717 0.0935 0.5425 0.1003
62 0.2058 0.2856 0.1403 0.2903 0.0781
63 0.1937 0.3481 0.2932 0.0419 0.1232
64 0.1885 0.0637 0.2874 0.1638 0.2966
65 0.1959 0.1082 0.3440 0.2720 0.0798
66 0.1261 0.5269 0.2374 0.0522 0.0577
67 0.0889 0.2134 0.3462 0.3057 0.0458
68 0.1647 0.1047 0.6416 0.0676 0.0216
69 0.3030 0.1477 0.1254 0.2593 0.1648
70 0.2861 0.3069 0.2815 0.0859 0.0396
71 0.1018 0.1963 0.2559 0.4089 0.0369
72 0.0820 0.0370 0.1086 0.7539 0.0183
73 0.4683 0.0952 0.2178 0.0529 0.1656
74 0.1885 0.0383 0.1689 0.5005 0.1041
75 0.0363 0.0745 0.0572 0.7891 0.0431
76 0.2136 0.0243 0.0727 0.5205 0.1689
77 0.0703 0.1355 0.2491 0.5112 0.0337
78 0.1641 0.1093 0.1517 0.5381 0.0366
79 0.2732 0.3455 0.1451 0.1581 0.0782
80 0.5376 0.1505 0.0995 0.1602 0.0520
81 0.6494 0.1299 0.0845 0.1028 0.0334
82 0.1754 0.4143 0.0687 0.2654 0.0760
83 0.1351 0.1351 0.3618 0.2487 0.1193
84 0.2605 0.3645 0.1461 0.1394 0.0894
85 0.4873 0.1281 0.2015 0.1054 0.0777
86 0.4954 0.1476 0.1293 0.1547 0.0731
87 0.4653 0.0379 0.1055 0.1910 0.2002
88 0.2214 0.2394 0.4136 0.0952 0.0304
89 0.2964 0.5713 0.0817 0.0293 0.0216
90 0.5283 0.2085 0.1345 0.0918 0.0371
91 0.3521 0.3257 0.0612 0.2152 0.0458
92 0.5498 0.3108 0.0688 0.0170 0.0536
93 0.4551 0.1008 0.1215 0.1206 0.2019
94 0.3818 0.0712 0.1617 0.2076 0.1776
95 0.2091 0.0554 0.0769 0.2091 0.4495
96 0.1270 0.1036 0.4944 0.1967 0.0782
97 0.4089 0.0536 0.1576 0.1504 0.2294
98 0.3003 0.2527 0.1908 0.1281 0.1281
99 0.4417 0.1456 0.1237 0.0580 0.2310
100 0.4163 0.0669 0.2194 0.1763 0.1212
101 0.4207 0.1584 0.2341 0.1039 0.0828
102 0.1936 0.1094 0.0345 0.6450 0.0177
103 0.1484 0.2563 0.1372 0.4465 0.0114
104 0.0121 0.4578 0.3977 0.1292 0.0033
105 0.0090 0.6025 0.2803 0.1064 0.0016
106 0.0455 0.4155 0.4089 0.1228 0.0071
107 0.0473 0.4927 0.4021 0.0523 0.0056
108 0.2913 0.1055 0.3149 0.2610 0.0275
109 0.4216 0.1135 0.2659 0.1718 0.0272
110 0.3259 0.1287 0.3694 0.1539 0.0220
111 0.3940 0.1165 0.2585 0.1373 0.0936
112 0.3853 0.1670 0.1777 0.1710 0.0989
113 0.4561 0.1772 0.1993 0.0934 0.0739
114 0.3638 0.1403 0.3337 0.0344 0.1277
115 0.6172 0.1115 0.1443 0.0682 0.0588
116 0.1652 0.1135 0.4351 0.2559 0.0305
117 0.1760 0.1627 0.3696 0.1815 0.1101
118 0.0693 0.2289 0.3926 0.2573 0.0519
119 0.0822 0.2322 0.2651 0.3540 0.0665
120 0.2805 0.2893 0.2236 0.1884 0.0181
121 0.6475 0.1703 0.1246 0.0308 0.0269
122 0.1312 0.1038 0.1071 0.6460 0.0120
123 0.4248 0.1538 0.2383 0.1650 0.0182
124 0.2372 0.2299 0.2544 0.2729 0.0054
125 0.5254 0.0306 0.1228 0.2330 0.0884
126 0.4216 0.0804 0.3386 0.0710 0.0884
127 0.3799 0.1022 0.4106 0.0797 0.0275
128 0.3635 0.1469 0.3579 0.0544 0.0774
129 0.4426 0.0618 0.1102 0.3728 0.0126
130 0.2642 0.1093 0.5337 0.0878 0.0052
131 0.1689 0.0421 0.3494 0.4216 0.0179
132 0.2247 0.2000 0.1232 0.4102 0.0419
133 0.5044 0.1049 0.0346 0.3257 0.0305
134 0.0800 0.1530 0.4639 0.2996 0.0035
135 0.0865 0.1164 0.0851 0.6855 0.0264
136 0.0579 0.3384 0.0388 0.5532 0.0117
137 0.1479 0.0843 0.0360 0.7168 0.0150
138 0.3726 0.0734 0.0627 0.4858 0.0054
139 0.0757 0.2174 0.4189 0.2225 0.0652
140 0.0552 0.2551 0.3381 0.1868 0.1648
141 0.2440 0.0424 0.2766 0.3901 0.0469
142 0.1968 0.1509 0.5874 0.0378 0.0273
143 0.1247 0.1208 0.6738 0.0617 0.0187
144 0.2050 0.1376 0.5928 0.0322 0.0324
145 0.2167 0.1169 0.4211 0.2184 0.0269
146 0.2430 0.0741 0.1835 0.4265 0.0729
147 0.3833 0.1624 0.3279 0.0785 0.0480
148 0.3792 0.2566 0.2264 0.0846 0.0533
149 0.2954 0.1556 0.1998 0.2732 0.0759
150 0.2164 0.1511 0.3740 0.2002 0.0583
151 0.3169 0.1417 0.2229 0.1617 0.1569
152 0.3933 0.1963 0.1963 0.0647 0.1493
153 0.3303 0.2306 0.2235 0.0561 0.1597
154 0.3860 0.2098 0.1150 0.0983 0.1910
155 0.3740 0.1852 0.3005 0.0815 0.0587
156 0.3950 0.1559 0.1740 0.0797 0.1956
157 0.5391 0.1221 0.1777 0.0669 0.0944
158 0.3191 0.1862 0.3022 0.0914 0.1012
159 0.2722 0.2086 0.2401 0.2291 0.0500
160 0.3438 0.1032 0.1082 0.1729 0.2720
161 0.4167 0.1697 0.1417 0.1290 0.1428
162 0.5703 0.1344 0.1409 0.0945 0.0601
163 0.3330 0.1898 0.2515 0.1388 0.0869
164 0.2318 0.1805 0.3220 0.1148 0.1509
165 0.3953 0.1572 0.1941 0.0835 0.1699
166 0.3860 0.0889 0.1124 0.0720 0.3408
167 0.3154 0.0940 0.1255 0.0598 0.4053
168 0.3416 0.1091 0.2460 0.1588 0.1447
169 0.1953 0.0681 0.1893 0.0564 0.4910
170 0.2683 0.1578 0.3447 0.1995 0.0296
171 0.4514 0.2035 0.1377 0.1187 0.0889
172 0.3828 0.1781 0.1781 0.1234 0.1376
173 0.3276 0.0307 0.1224 0.3655 0.1536
174 0.1835 0.1037 0.3169 0.3823 0.0134
175 0.1932 0.3210 0.0837 0.3755 0.0266
176 0.3420 0.0914 0.2389 0.2465 0.0812
177 0.4519 0.1840 0.1812 0.0791 0.1040
178 0.6123 0.2150 0.0754 0.0195 0.0778
179 0.2771 0.1920 0.2125 0.2227 0.0958
180 0.3154 0.0263 0.3254 0.2202 0.1125
181 0.3115 0.1028 0.1667 0.3369 0.0819
182 0.0841 0.1047 0.3950 0.3486 0.0676
183 0.1526 0.2678 0.2363 0.2021 0.1411
184 0.4534 0.0851 0.2881 0.1077 0.0658
185 0.1091 0.2742 0.4666 0.1337 0.0166
186 0.3992 0.0877 0.3579 0.0956 0.0598
187 0.2839 0.2976 0.1906 0.2094 0.0187
188 0.3108 0.2169 0.1914 0.1855 0.0955
189 0.7373 0.0342 0.0248 0.1232 0.0802
190 0.2192 0.0344 0.0402 0.6646 0.0415
191 0.2939 0.0330 0.0307 0.5576 0.0848
192 0.2278 0.0775 0.1128 0.4824 0.0995
193 0.2267 0.2080 0.1522 0.2610 0.1522
194 0.3062 0.0462 0.0837 0.3694 0.1946
195 0.2935 0.2549 0.3076 0.0754 0.0686
196 0.3923 0.0570 0.2133 0.2612 0.0760
197 0.2350 0.0950 0.1888 0.3584 0.1229
198 0.2949 0.0936 0.1965 0.3848 0.0301
199 0.2861 0.2125 0.0776 0.1240 0.2998
200 0.4065 0.2793 0.1427 0.1165 0.0550
201 0.0253 0.1444 0.1295 0.6890 0.0118
202 0.1848 0.0350 0.3293 0.4365 0.0144
203 0.3132 0.4558 0.0617 0.1217 0.0477
204 0.2563 0.0604 0.2729 0.3115 0.0988
205 0.1379 0.1613 0.3523 0.3062 0.0424
206 0.3110 0.1317 0.1447 0.2659 0.1469
207 0.7134 0.0116 0.1259 0.1220 0.0272
208 0.8164 0.0304 0.0139 0.0707 0.0686
209 0.8960 0.0231 0.0089 0.0269 0.0450
210 0.7080 0.0183 0.0130 0.2028 0.0581
211 0.4180 0.0165 0.0836 0.4312 0.0507
212 0.2761 0.1345 0.3892 0.1548 0.0454
213 0.2037 0.2830 0.2496 0.2310 0.0327
