time exciting_prob fearful_prob tense_prob sad_prob relaxing_prob
0 0.2903 0.2949 0.0746 0.2949 0.0452
1 0.2113 0.5654 0.0854 0.1167 0.0209
2 0.3591 0.3220 0.0952 0.1892 0.0345
3 0.0742 0.1431 0.2285 0.5068 0.0471
4 0.0965 0.1128 0.4255 0.3213 0.0438
5 0.0936 0.1566 0.3643 0.3264 0.0590
6 0.0359 0.3252 0.3572 0.2115 0.0703
7 0.0271 0.2435 0.3772 0.2983 0.0539
8 0.1670 0.0730 0.1644 0.5479 0.0479
9 0.0157 0.4724 0.1821 0.3247 0.0051
10 0.0470 0.1774 0.3162 0.4324 0.0270
11 0.0141 0.3022 0.3882 0.2839 0.0114
12 0.0270 0.2561 0.3726 0.2664 0.0781
13 0.0233 0.2683 0.3611 0.2832 0.0642
14 0.0194 0.1285 0.4595 0.3691 0.0234
15 0.0412 0.1219 0.5381 0.2705 0.0285
16 0.0291 0.4453 0.4595 0.0492 0.0170
17 0.0186 0.5537 0.3806 0.0383 0.0089
18 0.0285 0.4028 0.4158 0.1278 0.0252
19 0.0314 0.5225 0.3762 0.0403 0.0299
20 0.0379 0.5156 0.3599 0.0602 0.0263
21 0.0266 0.4031 0.4292 0.1052 0.0361
22 0.0207 0.3286 0.3286 0.2944 0.0278
23 0.0070 0.5020 0.1394 0.2861 0.0654
24 0.0787 0.0500 0.0839 0.7710 0.0164
25 0.0749 0.4209 0.1714 0.2084 0.1245
26 0.0789 0.1385 0.2196 0.4436 0.1194
27 0.1316 0.1400 0.3467 0.3521 0.0298
28 0.1069 0.0292 0.1605 0.6758 0.0275
29 0.0198 0.3069 0.1383 0.4905 0.0446
30 0.0567 0.3816 0.2058 0.2542 0.1019
31 0.0445 0.2832 0.3870 0.2137 0.0716
32 0.0479 0.2395 0.3101 0.2651 0.1376
33 0.0072 0.4692 0.4014 0.1115 0.0105
34 0.0084 0.6592 0.2463 0.0751 0.0108
35 0.0099 0.0641 0.0354 0.8853 0.0054
36 0.1346 0.1284 0.1783 0.1812 0.3774
37 0.0712 0.4944 0.2817 0.0600 0.0929
38 0.0188 0.2744 0.4524 0.1976 0.0566
39 0.0385 0.0840 0.1779 0.6924 0.0074
40 0.0897 0.2615 0.3630 0.1197 0.1661
41 0.1265 0.3179 0.3384 0.1742 0.0430
42 0.1204 0.0748 0.0938 0.6113 0.0998
43 0.0713 0.3196 0.4473 0.1464 0.0157
44 0.0560 0.4404 0.3948 0.0888 0.0198
45 0.0792 0.1562 0.5757 0.0925 0.0963
46 0.0881 0.5190 0.2866 0.0759 0.0307
47 0.1899 0.4417 0.0850 0.1599 0.1236
48 0.0157 0.4045 0.1273 0.4512 0.0012
49 0.0763 0.5054 0.2483 0.1119 0.0580
50 0.0837 0.2480 0.2725 0.3184 0.0775
51 0.0800 0.4673 0.3162 0.1219 0.0146
52 0.0706 0.2837 0.4788 0.1566 0.0102
53 0.0417 0.2236 0.4773 0.2219 0.0354
54 0.0476 0.3774 0.2676 0.2893 0.0178
55 0.0207 0.0717 0.1219 0.7705 0.0151
56 0.1272 0.0797 0.1283 0.5659 0.0991
57 0.0421 0.2441 0.3286 0.3723 0.0127
58 0.0179 0.1088 0.3796 0.4875 0.0060
59 0.0372 0.2725 0.3040 0.3391 0.0473
60 0.0494 0.4070 0.3884 0.1087 0.0464
61 0.0297 0.1681 0.3140 0.4790 0.0093
62 0.0873 0.0808 0.2489 0.5610 0.0221
63 0.2480 0.1678 0.2600 0.3088 0.0153
64 0.0026 0.1544 0.0133 0.8218 0.0078
65 0.0078 0.4841 0.0219 0.4692 0.0168
66 0.1131 0.1534 0.2017 0.4438 0.0881
67 0.0812 0.0524 0.0964 0.7466 0.0236
68 0.0601 0.2067 0.3406 0.3569 0.0356
69 0.0357 0.1238 0.5420 0.2725 0.0264
70 0.0276 0.2151 0.5322 0.2151 0.0101
71 0.0430 0.3381 0.3655 0.1355 0.1177
72 0.0271 0.1487 0.2163 0.1282 0.4797
73 0.0741 0.1921 0.3218 0.2410 0.1709
74 0.0732 0.3335 0.4385 0.0978 0.0571
75 0.2139 0.2443 0.2969 0.1277 0.1172
76 0.1327 0.2942 0.3606 0.1785 0.0341
77 0.1616 0.3020 0.2927 0.2175 0.0262
78 0.0369 0.3931 0.1092 0.4524 0.0084
79 0.1768 0.2379 0.2983 0.1987 0.0882
80 0.2191 0.1603 0.4495 0.0942 0.0769
81 0.0336 0.6689 0.1528 0.1199 0.0246
82 0.0312 0.3711 0.2632 0.3174 0.0172
83 0.0115 0.3894 0.3438 0.2476 0.0078
84 0.1134 0.5498 0.2478 0.0548 0.0343
85 0.0072 0.3533 0.3533 0.2793 0.0070
86 0.1569 0.1606 0.2449 0.3975 0.0400
87 0.2751 0.1520 0.1997 0.3645 0.0088
88 0.0778 0.1476 0.2098 0.5444 0.0205
89 0.1384 0.3120 0.2712 0.1697 0.1087
90 0.0958 0.2859 0.3643 0.1554 0.0988
91 0.0745 0.2224 0.2725 0.4089 0.0217
92 0.0714 0.1410 0.7388 0.0447 0.0043
93 0.0362 0.1080 0.2018 0.6313 0.0230
94 0.0180 0.8159 0.0564 0.0952 0.0147
95 0.0404 0.6030 0.1812 0.1410 0.0343
96 0.0469 0.7231 0.1771 0.0357 0.0173
97 0.0129 0.3831 0.1047 0.4919 0.0074
98 0.0231 0.6147 0.0674 0.2815 0.0135
99 0.0255 0.5947 0.1960 0.0553 0.1285
100 0.1541 0.5723 0.1626 0.0344 0.0768
101 0.0213 0.1927 0.2717 0.3774 0.1367
102 0.1971 0.4407 0.1409 0.1123 0.1089
103 0.0131 0.0457 0.0815 0.8496 0.0100
104 0.0150 0.2766 0.2189 0.4705 0.0190
105 0.0242 0.3313 0.2581 0.3696 0.0168
106 0.0458 0.2766 0.3665 0.2898 0.0215
107 0.0734 0.2661 0.3418 0.2661 0.0524
108 0.0352 0.7529 0.1003 0.0372 0.0745
109 0.0636 0.4624 0.0779 0.1324 0.2634
110 0.0724 0.2627 0.1130 0.4756 0.0764
111 0.1289 0.3503 0.1201 0.2028 0.1980
112 0.0341 0.5684 0.1996 0.1554 0.0425
113 0.0533 0.1615 0.7183 0.0442 0.0227
114 0.1108 0.4778 0.3086 0.0421 0.0608
115 0.1617 0.4360 0.1847 0.1020 0.1155
116 0.0795 0.3347 0.2932 0.1462 0.1462
117 0.1109 0.3337 0.4187 0.0396 0.0971
118 0.1042 0.3064 0.4255 0.1011 0.0627
119 0.0416 0.6157 0.1709 0.1532 0.0186
120 0.0878 0.3965 0.2500 0.1267 0.1392
121 0.1195 0.2286 0.2866 0.2164 0.1488
122 0.0395 0.5000 0.3716 0.0630 0.0261
123 0.0476 0.5278 0.3354 0.0223 0.0671
124 0.0573 0.4949 0.1710 0.1406 0.1364
125 0.1183 0.3191 0.1967 0.2485 0.1174
126 0.1671 0.2302 0.1078 0.3706 0.1241
127 0.0110 0.0820 0.8159 0.0860 0.0053
128 0.0789 0.2064 0.4688 0.1620 0.0840
129 0.1715 0.1501 0.1356 0.3601 0.1825
130 0.2358 0.2913 0.2340 0.1014 0.1376
131 0.0222 0.2155 0.0441 0.6284 0.0898
132 0.1777 0.2690 0.1104 0.1923 0.2507
133 0.0565 0.0809 0.2003 0.6270 0.0354
134 0.0056 0.2145 0.0624 0.6206 0.0967
135 0.0190 0.5771 0.1577 0.1307 0.1154
136 0.1340 0.6704 0.0695 0.0958 0.0304
137 0.0254 0.0634 0.0665 0.8350 0.0096
138 0.0683 0.1492 0.1689 0.5806 0.0330
139 0.1421 0.5078 0.2512 0.0671 0.0320
140 0.0466 0.1100 0.3184 0.4634 0.0617
141 0.0536 0.1678 0.3525 0.3694 0.0566
142 0.0893 0.1383 0.6294 0.1299 0.0129
143 0.1631 0.3589 0.2045 0.1405 0.1331
144 0.0490 0.5791 0.1499 0.2032 0.0189
145 0.0582 0.0630 0.0815 0.7612 0.0362
146 0.0629 0.1251 0.1176 0.6768 0.0176
147 0.0414 0.1466 0.6675 0.1215 0.0232
148 0.0131 0.1299 0.7954 0.0567 0.0047
149 0.1328 0.1654 0.3906 0.1844 0.1268
150 0.0682 0.2183 0.3228 0.3489 0.0420
151 0.0513 0.1820 0.1764 0.5024 0.0880
152 0.0685 0.2607 0.3564 0.2864 0.0281
153 0.1266 0.1576 0.3721 0.3184 0.0255
154 0.1361 0.2142 0.4607 0.1776 0.0114
155 0.0521 0.4905 0.2354 0.1804 0.0415
156 0.0878 0.1628 0.2313 0.4709 0.0470
157 0.0292 0.3645 0.3701 0.2280 0.0082
158 0.0713 0.1632 0.1765 0.5352 0.0538
159 0.0232 0.1049 0.4851 0.3777 0.0092
160 0.0222 0.2152 0.1599 0.5581 0.0447
161 0.0299 0.2126 0.2646 0.4163 0.0764
162 0.0468 0.1418 0.1969 0.5786 0.0359
163 0.1044 0.2448 0.3047 0.3191 0.0270
164 0.0388 0.0809 0.6982 0.1711 0.0108
165 0.0238 0.5298 0.3447 0.0679 0.0339
166 0.0299 0.5093 0.3699 0.0706 0.0202
167 0.0337 0.2146 0.1364 0.5566 0.0587
168 0.1383 0.3848 0.1211 0.2142 0.1416
169 0.0581 0.2297 0.1028 0.4863 0.1230
170 0.0112 0.4319 0.1553 0.3752 0.0264
171 0.0495 0.0816 0.6621 0.1957 0.0110
172 0.0789 0.1497 0.6299 0.1183 0.0233
173 0.0209 0.3560 0.2262 0.3503 0.0467
174 0.1384 0.6108 0.0997 0.1157 0.0353
175 0.0313 0.0787 0.1918 0.6489 0.0493
176 0.1556 0.2195 0.3096 0.2690 0.0464
177 0.0301 0.0663 0.6694 0.1719 0.0623
178 0.0156 0.4902 0.1299 0.3477 0.0166
179 0.0370 0.5469 0.2013 0.1669 0.0478
180 0.0186 0.5615 0.1312 0.2097 0.0790
181 0.0676 0.2115 0.6831 0.0185 0.0194
182 0.0557 0.2020 0.3384 0.3545 0.0495
183 0.0187 0.0333 0.0396 0.8726 0.0360
184 0.0197 0.3181 0.2021 0.4214 0.0386
185 0.0380 0.2764 0.5161 0.1017 0.0677
186 0.0399 0.1804 0.2391 0.1643 0.3762
187 0.1388 0.1523 0.3892 0.2847 0.0351
188 0.0427 0.1434 0.4927 0.2556 0.0656
189 0.0161 0.0685 0.1892 0.2930 0.4331
190 0.0349 0.0315 0.1744 0.5991 0.1600
191 0.0138 0.0929 0.1281 0.7139 0.0513
192 0.0091 0.0654 0.1281 0.7368 0.0605
193 0.0362 0.0889 0.1501 0.5493 0.1755
194 0.0196 0.2878 0.6187 0.0618 0.0120
195 0.0421 0.2351 0.5298 0.1666 0.0264
196 0.0206 0.3765 0.5391 0.0316 0.0321
197 0.0227 0.3835 0.4148 0.1490 0.0298
198 0.0873 0.1301 0.2489 0.2450 0.2886
199 0.1423 0.1843 0.3579 0.2404 0.0750
200 0.0508 0.0744 0.3157 0.5044 0.0544
201 0.0801 0.4578 0.1658 0.2910 0.0055
202 0.0931 0.2378 0.1699 0.4729 0.0261
203 0.0312 0.6025 0.2415 0.0295 0.0953
204 0.0157 0.1179 0.4114 0.4377 0.0174
205 0.1296 0.2661 0.4219 0.0536 0.1287
206 0.0269 0.3171 0.3455 0.1938 0.1166
207 0.0389 0.3010 0.3413 0.2537 0.0651
208 0.0106 0.5054 0.3367 0.1361 0.0111
209 0.0237 0.4443 0.4443 0.0778 0.0098
210 0.0155 0.2301 0.4648 0.2776 0.0119
211 0.0668 0.3997 0.3474 0.1459 0.0402
212 0.1191 0.4426 0.1788 0.1404 0.1191
213 0.0144 0.1047 0.1047 0.7495 0.0267
214 0.0349 0.2277 0.2073 0.4321 0.0980
215 0.0172 0.2644 0.1318 0.5425 0.0442
216 0.0197 0.5273 0.4238 0.0198 0.0094
217 0.0398 0.2871 0.4661 0.1514 0.0557
218 0.0185 0.2007 0.4453 0.3013 0.0343
219 0.0222 0.4065 0.4980 0.0614 0.0118
220 0.0200 0.4277 0.5000 0.0276 0.0249
221 0.0199 0.3813 0.3755 0.0987 0.1248
222 0.0576 0.1962 0.2024 0.5049 0.0389
223 0.0471 0.0967 0.1821 0.6064 0.0675
224 0.0340 0.2532 0.4841 0.2200 0.0086
225 0.1187 0.1942 0.2554 0.4016 0.0302
226 0.1331 0.2668 0.2668 0.1351 0.1982
227 0.0781 0.3064 0.3638 0.2025 0.0492
228 0.0451 0.0656 0.3438 0.3130 0.2325
229 0.0470 0.1846 0.5596 0.1761 0.0326
230 0.0511 0.1284 0.2515 0.5493 0.0199
231 0.0191 0.2512 0.2473 0.4272 0.0552
232 0.0056 0.3743 0.4656 0.1313 0.0232
233 0.0316 0.3403 0.2267 0.3350 0.0665
234 0.0207 0.4558 0.2942 0.1316 0.0978
235 0.0354 0.2362 0.5156 0.0602 0.1525
236 0.0236 0.1786 0.3337 0.1033 0.3608
237 0.0105 0.2179 0.3945 0.0600 0.3171
238 0.0181 0.0633 0.1449 0.7476 0.0260
239 0.0182 0.2871 0.6372 0.0414 0.0162
240 0.0242 0.3467 0.5898 0.0229 0.0165
241 0.0403 0.0518 0.4133 0.4685 0.0260
242 0.0336 0.6548 0.2013 0.0764 0.0336
243 0.0306 0.5430 0.3320 0.0638 0.0306
244 0.0336 0.6548 0.2013 0.0770 0.0331
245 0.0240 0.1067 0.3499 0.5010 0.0184
246 0.0762 0.0448 0.3389 0.5005 0.0395
247 0.0190 0.0804 0.4558 0.4214 0.0234
248 0.0309 0.1129 0.7651 0.0740 0.0172
249 0.0830 0.7007 0.1562 0.0357 0.0245
250 0.0073 0.6865 0.1656 0.0513 0.0894
251 0.0217 0.3594 0.2015 0.2979 0.1194
252 0.0151 0.5200 0.2418 0.0544 0.1688
253 0.2120 0.2366 0.1976 0.2681 0.0857
254 0.3650 0.1620 0.2112 0.1213 0.1406
255 0.0438 0.0590 0.0995 0.7827 0.0150
256 0.0404 0.1305 0.3547 0.4553 0.0191
257 0.0027 0.3662 0.1246 0.4854 0.0210
258 0.0077 0.6562 0.1354 0.1510 0.0498
259 0.0498 0.1738 0.4204 0.2935 0.0625
260 0.1069 0.1044 0.2334 0.0690 0.4863
261 0.0346 0.1414 0.4187 0.3811 0.0244
262 0.0162 0.1978 0.2500 0.5210 0.0149
263 0.0469 0.0756 0.1743 0.6577 0.0455
264 0.0804 0.2205 0.3809 0.2292 0.0891
265 0.0208 0.0598 0.0646 0.2119 0.6426
266 0.0178 0.1934 0.1459 0.5864 0.0567
267 0.0181 0.4893 0.2072 0.1691 0.1162
268 0.0213 0.3171 0.2549 0.1985 0.2080
269 0.0171 0.3489 0.2593 0.2512 0.1234
270 0.0252 0.2029 0.3093 0.4297 0.0329
271 0.0257 0.2239 0.4248 0.2920 0.0338
272 0.0156 0.1455 0.3303 0.4807 0.0280
273 0.0107 0.2524 0.3911 0.3242 0.0215
274 0.0171 0.4380 0.1943 0.3411 0.0096
275 0.0342 0.1658 0.1053 0.6553 0.0394
276 0.0069 0.3362 0.2347 0.3931 0.0289
277 0.0050 0.6387 0.2042 0.1318 0.0201
278 0.0161 0.1802 0.5635 0.2173 0.0229
279 0.0135 0.0655 0.2800 0.6025 0.0385
280 0.0130 0.0302 0.0616 0.1151 0.7803
281 0.0189 0.1334 0.2891 0.4548 0.1039
282 0.0108 0.0467 0.0669 0.0859 0.7896
283 0.0280 0.2239 0.4087 0.2898 0.0496
284 0.0644 0.4868 0.2449 0.0248 0.1791
285 0.0414 0.3601 0.1326 0.0641 0.4019
286 0.0303 0.4287 0.1902 0.0825 0.2683
287 0.1067 0.2683 0.2480 0.0508 0.3262
288 0.0813 0.1372 0.1394 0.0734 0.5688
289 0.0723 0.1630 0.2563 0.4644 0.0439
290 0.4155 0.4597 0.0135 0.0632 0.0481
291 0.3582 0.4971 0.0145 0.0689 0.0613
292 0.2120 0.6846 0.0140 0.0484 0.0411
293 0.2100 0.6777 0.0145 0.0597 0.0379
294 0.2112 0.6763 0.0147 0.0605 0.0373
295 0.2534 0.4346 0.0161 0.2495 0.0465
296 0.3750 0.3550 0.0169 0.2120 0.0411
297 0.2037 0.2830 0.2496 0.2310 0.0327
298 0.2037 0.2830 0.2496 0.2310 0.0327
