time exciting_prob fearful_prob tense_prob sad_prob relaxing_prob
0 0.2037 0.2830 0.2496 0.2310 0.0327
1 0.2037 0.2830 0.2496 0.2310 0.0327
2 0.1628 0.1077 0.1591 0.5640 0.0064
3 0.2556 0.0363 0.0699 0.6328 0.0053
4 0.3569 0.0148 0.0260 0.4512 0.1511
5 0.6328 0.0093 0.0039 0.3037 0.0504
6 0.7368 0.0426 0.0048 0.1087 0.1070
7 0.7397 0.0401 0.0061 0.0617 0.1526
8 0.6167 0.0345 0.0072 0.0760 0.2654
9 0.7075 0.0237 0.0029 0.0950 0.1708
10 0.7310 0.0154 0.0038 0.0826 0.1670
11 0.7783 0.0258 0.0042 0.0564 0.1353
12 0.8633 0.0183 0.0030 0.0278 0.0875
13 0.2246 0.1709 0.0807 0.0176 0.5063
14 0.0775 0.1144 0.0710 0.0470 0.6899
15 0.1621 0.1224 0.0616 0.0790 0.5747
16 0.0881 0.1646 0.0655 0.0510 0.6309
17 0.3054 0.1132 0.0247 0.0124 0.5444
18 0.2756 0.1985 0.0316 0.0256 0.4688
19 0.1035 0.1085 0.0166 0.0246 0.7471
20 0.2418 0.1637 0.0918 0.0142 0.4885
21 0.2089 0.2703 0.0341 0.0049 0.4819
22 0.1560 0.4692 0.1123 0.0054 0.2571
23 0.1274 0.4111 0.1549 0.0149 0.2915
24 0.1971 0.2360 0.0875 0.1141 0.3655
25 0.1008 0.5000 0.1048 0.0371 0.2573
26 0.1475 0.3508 0.2213 0.0256 0.2546
27 0.1912 0.4958 0.1674 0.0457 0.0999
28 0.1001 0.3333 0.1899 0.0274 0.3494
29 0.1571 0.4011 0.1738 0.0828 0.1851
30 0.1013 0.0577 0.0129 0.3562 0.4719
31 0.0693 0.1422 0.0325 0.1134 0.6426
32 0.0793 0.1349 0.0276 0.1042 0.6538
33 0.1032 0.6729 0.0791 0.0069 0.1378
34 0.1715 0.4849 0.0693 0.0454 0.2290
35 0.0828 0.6411 0.1547 0.0124 0.1088
36 0.0630 0.5835 0.2590 0.0192 0.0754
37 0.1091 0.4890 0.1991 0.0511 0.1515
38 0.1236 0.1066 0.0196 0.1743 0.5762
39 0.0716 0.1247 0.0136 0.0441 0.7461
40 0.0357 0.2834 0.1493 0.0344 0.4973
41 0.0853 0.5869 0.1156 0.0345 0.1776
42 0.1177 0.5234 0.1168 0.0875 0.1547
43 0.2024 0.4490 0.0575 0.0123 0.2788
44 0.2220 0.4700 0.0523 0.0249 0.2308
45 0.1696 0.6060 0.0747 0.0367 0.1130
46 0.2720 0.2438 0.0544 0.0779 0.3521
47 0.2356 0.2712 0.0696 0.0860 0.3374
48 0.0374 0.5581 0.2363 0.0672 0.1009
49 0.1498 0.4299 0.1498 0.1364 0.1343
50 0.1044 0.3970 0.1460 0.0435 0.3091
51 0.1542 0.4897 0.1102 0.0585 0.1874
52 0.1783 0.4590 0.0472 0.0458 0.2698
53 0.1411 0.3035 0.2119 0.0672 0.2764
54 0.0939 0.4517 0.2289 0.0119 0.2134
55 0.1495 0.5386 0.1192 0.0222 0.1708
56 0.0709 0.2150 0.1254 0.3435 0.2455
57 0.0609 0.4392 0.1720 0.0529 0.2749
58 0.1180 0.5293 0.1589 0.0632 0.1307
59 0.2316 0.2075 0.1259 0.0474 0.3877
60 0.1854 0.5625 0.2272 0.0028 0.0222
61 0.1298 0.5337 0.2241 0.0124 0.1002
62 0.3931 0.3899 0.0532 0.0458 0.1180
63 0.1794 0.3738 0.1006 0.0362 0.3101
64 0.0108 0.5830 0.0753 0.3120 0.0192
65 0.0120 0.7266 0.1523 0.1039 0.0050
66 0.2150 0.5444 0.0848 0.0136 0.1421
67 0.1332 0.6821 0.0881 0.0066 0.0901
68 0.0258 0.8169 0.1420 0.0040 0.0116
69 0.1473 0.2954 0.2976 0.0091 0.2507
70 0.1498 0.3623 0.0665 0.0730 0.3484
71 0.1854 0.4114 0.0977 0.0677 0.2380
72 0.1355 0.3381 0.1097 0.1254 0.2915
73 0.1672 0.3486 0.0714 0.0241 0.3889
74 0.1383 0.4641 0.3396 0.0121 0.0460
75 0.1143 0.3867 0.1188 0.0142 0.3660
76 0.0693 0.3308 0.1587 0.1650 0.2764
77 0.2007 0.1638 0.0247 0.2722 0.3386
78 0.0856 0.5166 0.1691 0.0249 0.2039
79 0.0393 0.8145 0.1052 0.0190 0.0219
80 0.0328 0.7021 0.1591 0.0706 0.0355
81 0.2284 0.3350 0.0718 0.0248 0.3401
82 0.2083 0.4841 0.1106 0.0134 0.1837
83 0.0094 0.8804 0.1052 0.0021 0.0028
84 0.0161 0.8594 0.1172 0.0025 0.0047
85 0.1754 0.4014 0.1912 0.1106 0.1215
86 0.1796 0.1293 0.0583 0.1215 0.5112
87 0.2352 0.3789 0.1183 0.0740 0.1935
88 0.0424 0.7236 0.1759 0.0207 0.0374
89 0.1741 0.3516 0.1377 0.0587 0.2781
90 0.1820 0.1722 0.0244 0.0475 0.5737
91 0.3228 0.3435 0.1274 0.0875 0.1187
92 0.3208 0.4055 0.1600 0.0135 0.1002
93 0.4277 0.4482 0.0955 0.0028 0.0259
94 0.2566 0.3733 0.1300 0.0117 0.2283
95 0.0187 0.7124 0.2502 0.0084 0.0102
96 0.0610 0.4954 0.2050 0.0305 0.2081
97 0.1741 0.3252 0.0476 0.0123 0.4409
98 0.1600 0.5205 0.0289 0.0142 0.2764
99 0.1145 0.1277 0.1541 0.1328 0.4709
100 0.1556 0.1779 0.1241 0.0198 0.5225
101 0.1190 0.1677 0.1626 0.0136 0.5371
102 0.2527 0.5391 0.0422 0.0106 0.1556
103 0.2727 0.5054 0.0347 0.0084 0.1788
104 0.0681 0.6162 0.2284 0.0087 0.0789
105 0.1993 0.3088 0.1370 0.0262 0.3286
106 0.0859 0.1937 0.0966 0.0177 0.6060
107 0.1827 0.4929 0.1771 0.0253 0.1218
108 0.2605 0.3730 0.1299 0.0415 0.1951
109 0.0793 0.1171 0.1135 0.0160 0.6743
110 0.1633 0.1223 0.1282 0.0162 0.5698
111 0.1650 0.3958 0.1826 0.1703 0.0863
112 0.2034 0.2715 0.2415 0.2377 0.0461
113 0.2854 0.4597 0.1190 0.0080 0.1277
114 0.1461 0.4792 0.2281 0.0233 0.1231
115 0.1196 0.1741 0.3328 0.1039 0.2695
116 0.1300 0.4871 0.1166 0.0196 0.2468
117 0.2107 0.5684 0.1506 0.0019 0.0684
118 0.5474 0.0859 0.1696 0.0770 0.1202
119 0.0939 0.2915 0.2915 0.1366 0.1866
120 0.0649 0.3679 0.4873 0.0555 0.0244
121 0.2756 0.3594 0.2490 0.0250 0.0909
122 0.1586 0.5156 0.1107 0.0081 0.2068
123 0.2627 0.4832 0.0685 0.0067 0.1791
124 0.1792 0.2230 0.4233 0.0675 0.1070
125 0.1475 0.1895 0.2413 0.0945 0.3271
126 0.1547 0.4475 0.3027 0.0282 0.0670
127 0.1462 0.3945 0.1620 0.0217 0.2754
128 0.1587 0.3960 0.1575 0.0092 0.2786
129 0.1544 0.1095 0.3320 0.0586 0.3452
130 0.2244 0.2351 0.2644 0.0316 0.2445
131 0.0546 0.4429 0.4226 0.0204 0.0595
132 0.1816 0.2261 0.2561 0.0248 0.3113
133 0.0553 0.0519 0.0349 0.0515 0.8062
134 0.1183 0.0663 0.3477 0.4001 0.0674
135 0.2332 0.2057 0.3784 0.0647 0.1181
136 0.0926 0.2292 0.2054 0.4023 0.0704
137 0.1343 0.2842 0.2864 0.2129 0.0821
138 0.0632 0.3875 0.2462 0.2074 0.0957
139 0.2343 0.0848 0.2871 0.0954 0.2986
140 0.1044 0.1776 0.4065 0.0669 0.2446
141 0.1055 0.2866 0.3623 0.0373 0.2081
142 0.1261 0.2864 0.3975 0.0219 0.1683
143 0.2563 0.2708 0.0619 0.0201 0.3909
144 0.1624 0.3333 0.1478 0.0484 0.3081
145 0.0938 0.3430 0.3796 0.1185 0.0649
146 0.3584 0.3418 0.1307 0.0871 0.0818
147 0.4575 0.2839 0.0937 0.1029 0.0619
148 0.3210 0.1978 0.0402 0.0093 0.4319
149 0.1459 0.2520 0.4492 0.0594 0.0934
150 0.1511 0.3325 0.3770 0.0426 0.0968
151 0.0474 0.4321 0.3472 0.0920 0.0812
152 0.0142 0.3459 0.3513 0.2415 0.0472
153 0.2472 0.1186 0.4141 0.1647 0.0556
154 0.1552 0.3840 0.1829 0.0240 0.2539
155 0.1235 0.5122 0.2515 0.0150 0.0977
156 0.2405 0.3015 0.2241 0.0299 0.2041
157 0.2810 0.1504 0.2008 0.1962 0.1718
158 0.0133 0.1307 0.2156 0.6143 0.0262
159 0.1136 0.4563 0.1887 0.0762 0.1653
160 0.0435 0.1277 0.1136 0.1338 0.5815
161 0.1582 0.3196 0.4507 0.0258 0.0457
162 0.2161 0.0432 0.1982 0.0922 0.4502
163 0.1449 0.3318 0.2905 0.0879 0.1449
164 0.1694 0.1616 0.2544 0.1720 0.2427
165 0.1183 0.1890 0.1555 0.3093 0.2280
166 0.1390 0.3062 0.3159 0.0575 0.1814
167 0.3125 0.1387 0.4270 0.0875 0.0345
168 0.1108 0.4851 0.3386 0.0046 0.0607
169 0.0643 0.4714 0.3396 0.0072 0.1174
170 0.0519 0.2478 0.4814 0.0116 0.2072
171 0.0495 0.3748 0.3333 0.0761 0.1663
172 0.0379 0.5933 0.3030 0.0137 0.0518
173 0.0475 0.3481 0.4436 0.0916 0.0691
174 0.1776 0.4429 0.3091 0.0240 0.0463
175 0.1786 0.4055 0.2944 0.0088 0.1126
176 0.0699 0.5630 0.1626 0.0157 0.1886
177 0.2460 0.1458 0.1576 0.0020 0.4487
178 0.1354 0.4172 0.4106 0.0079 0.0288
179 0.1244 0.3462 0.4446 0.0168 0.0682
180 0.1449 0.5059 0.2996 0.0222 0.0274
181 0.0612 0.4670 0.3442 0.0056 0.1218
182 0.1377 0.3984 0.1741 0.0072 0.2825
183 0.0278 0.2257 0.4282 0.2205 0.0978
184 0.1907 0.4756 0.1764 0.0155 0.1417
185 0.1729 0.5000 0.1356 0.0327 0.1586
186 0.1569 0.3884 0.1139 0.0901 0.2507
187 0.0616 0.2307 0.2917 0.1586 0.2573
188 0.3521 0.2874 0.2273 0.0401 0.0933
189 0.2384 0.1976 0.4456 0.0392 0.0792
190 0.0905 0.5044 0.3523 0.0074 0.0455
191 0.0974 0.4573 0.0997 0.0288 0.3169
192 0.0459 0.4495 0.3137 0.1393 0.0516
193 0.2717 0.2656 0.3774 0.0499 0.0354
194 0.3691 0.2346 0.1469 0.0129 0.2365
195 0.0089 0.2028 0.1120 0.6445 0.0318
196 0.1243 0.4338 0.1635 0.0330 0.2454
197 0.0848 0.5977 0.2571 0.0081 0.0526
198 0.0457 0.7026 0.1749 0.0624 0.0141
199 0.3181 0.2896 0.3232 0.0368 0.0323
200 0.2917 0.1742 0.3518 0.1255 0.0570
201 0.1245 0.2456 0.4734 0.0440 0.1124
202 0.0984 0.2915 0.3743 0.1523 0.0835
203 0.1130 0.2469 0.1606 0.0108 0.4685
204 0.1412 0.2639 0.2639 0.0079 0.3232
205 0.0702 0.1752 0.6304 0.0367 0.0873
206 0.0303 0.3901 0.5674 0.0037 0.0083
207 0.1625 0.5718 0.2086 0.0049 0.0523
208 0.0612 0.3994 0.4089 0.1050 0.0255
209 0.2286 0.3274 0.3513 0.0423 0.0502
210 0.2124 0.5137 0.1860 0.0387 0.0493
211 0.2554 0.4448 0.2202 0.0130 0.0667
212 0.1783 0.2236 0.1990 0.0836 0.3154
213 0.1982 0.1281 0.1331 0.0422 0.4985
214 0.0422 0.3884 0.1750 0.3765 0.0177
215 0.3142 0.2952 0.3142 0.0361 0.0403
216 0.1779 0.0256 0.2649 0.1213 0.4104
217 0.5884 0.0939 0.0251 0.0189 0.2737
218 0.5801 0.1169 0.0220 0.0218 0.2593
219 0.1372 0.4790 0.2861 0.0118 0.0859
220 0.3582 0.2747 0.1516 0.0193 0.1963
221 0.0359 0.2510 0.2822 0.4170 0.0140
222 0.1764 0.6016 0.1544 0.0104 0.0573
223 0.1676 0.3835 0.0947 0.0411 0.3130
224 0.2185 0.2656 0.0732 0.0150 0.4277
225 0.3171 0.4370 0.1608 0.0121 0.0730
226 0.3743 0.3831 0.1584 0.0257 0.0587
227 0.0133 0.2184 0.1700 0.1838 0.4143
228 0.0579 0.4241 0.3862 0.0186 0.1133
229 0.0228 0.2080 0.2629 0.1176 0.3887
230 0.0478 0.2242 0.2140 0.0202 0.4937
231 0.0153 0.0582 0.0680 0.8550 0.0035
232 0.0132 0.1306 0.2942 0.5586 0.0035
233 0.2634 0.4661 0.1989 0.0200 0.0515
234 0.0229 0.2522 0.1890 0.5098 0.0264
235 0.0237 0.3027 0.2064 0.3594 0.1079
236 0.1061 0.2773 0.2524 0.1736 0.1906
237 0.1181 0.3391 0.3235 0.0106 0.2089
238 0.1049 0.0626 0.2365 0.3108 0.2852
239 0.1010 0.2854 0.3931 0.2023 0.0184
240 0.0381 0.3269 0.3853 0.2264 0.0233
241 0.2163 0.1865 0.2285 0.0539 0.3147
242 0.3096 0.0894 0.2908 0.0123 0.2979
243 0.2059 0.1890 0.3616 0.0729 0.1708
244 0.5908 0.2107 0.1119 0.0281 0.0585
245 0.3010 0.3230 0.2168 0.0245 0.1346
246 0.1324 0.3628 0.4143 0.0597 0.0310
247 0.0757 0.3813 0.3696 0.0717 0.1018
248 0.0415 0.6812 0.2544 0.0047 0.0183
249 0.3081 0.4277 0.2134 0.0093 0.0414
250 0.0477 0.0470 0.0850 0.7944 0.0259
251 0.1279 0.3267 0.2839 0.2446 0.0169
252 0.2133 0.1048 0.2437 0.3687 0.0698
253 0.0948 0.2920 0.4282 0.1348 0.0500
254 0.1991 0.2595 0.3013 0.0145 0.2256
255 0.0880 0.4795 0.2649 0.1070 0.0605
256 0.4016 0.2474 0.0791 0.0023 0.2695
257 0.0770 0.3093 0.3267 0.1497 0.1373
258 0.0965 0.3757 0.2581 0.0328 0.2369
259 0.2080 0.0983 0.1194 0.0675 0.5068
260 0.0853 0.4365 0.1384 0.0624 0.2773
261 0.0951 0.4067 0.1907 0.2646 0.0429
262 0.0653 0.7476 0.1192 0.0529 0.0152
263 0.1115 0.6938 0.1432 0.0317 0.0197
264 0.0301 0.5259 0.2012 0.2158 0.0270
265 0.1316 0.2832 0.3389 0.0099 0.2366
266 0.0129 0.3911 0.4792 0.1147 0.0020
267 0.0449 0.3193 0.5601 0.0533 0.0222
268 0.0314 0.2529 0.5566 0.1440 0.0152
269 0.2344 0.2219 0.1048 0.0112 0.4277
270 0.2130 0.2322 0.0719 0.0029 0.4800
271 0.1027 0.5093 0.1219 0.0276 0.2386
272 0.2435 0.3984 0.1500 0.0420 0.1660
273 0.0304 0.6714 0.2800 0.0096 0.0086
274 0.1175 0.4199 0.3374 0.0040 0.1212
275 0.0702 0.5352 0.2734 0.0089 0.1122
276 0.2040 0.2832 0.2072 0.0780 0.2275
277 0.1805 0.2374 0.4070 0.0974 0.0777
278 0.0812 0.6045 0.2405 0.0119 0.0618
279 0.1605 0.1532 0.1921 0.0072 0.4868
280 0.1836 0.3826 0.1487 0.1088 0.1765
281 0.0945 0.4617 0.1895 0.1836 0.0708
282 0.0345 0.5562 0.3347 0.0292 0.0457
283 0.1317 0.6587 0.1564 0.0102 0.0431
284 0.0574 0.6372 0.2515 0.0171 0.0368
285 0.0770 0.5063 0.1139 0.0559 0.2468
286 0.1656 0.4539 0.1439 0.0399 0.1967
287 0.2010 0.3445 0.3289 0.0292 0.0964
288 0.1558 0.3706 0.2864 0.0560 0.1311
289 0.2495 0.1797 0.3057 0.2004 0.0646
290 0.0775 0.2644 0.3367 0.0099 0.3115
291 0.1417 0.1509 0.2046 0.0273 0.4756
292 0.3655 0.1355 0.0676 0.0077 0.4238
293 0.5005 0.1099 0.1306 0.2007 0.0584
294 0.0764 0.4294 0.2773 0.0600 0.1567
295 0.0509 0.3643 0.4001 0.0529 0.1320
296 0.0688 0.6523 0.2363 0.0031 0.0395
297 0.1166 0.3120 0.5264 0.0068 0.0381
298 0.0369 0.3906 0.4094 0.0281 0.1350
299 0.2162 0.4910 0.1683 0.0149 0.1096
300 0.3250 0.1465 0.1686 0.3301 0.0302
301 0.0713 0.3145 0.3096 0.1683 0.1364
302 0.0715 0.6035 0.2598 0.0035 0.0617
303 0.0250 0.5312 0.3767 0.0047 0.0624
304 0.0869 0.3955 0.3228 0.0469 0.1478
305 0.0471 0.3320 0.4717 0.0182 0.1310
306 0.0699 0.4026 0.4780 0.0175 0.0320
307 0.0811 0.4485 0.3777 0.0325 0.0602
308 0.2112 0.0880 0.3945 0.2732 0.0329
309 0.4109 0.1252 0.2959 0.1273 0.0407
310 0.0655 0.4954 0.3569 0.0284 0.0539
311 0.1567 0.3586 0.3191 0.0148 0.1508
312 0.1682 0.0929 0.4434 0.1967 0.0989
313 0.1647 0.1014 0.4766 0.1621 0.0953
314 0.6709 0.1632 0.0967 0.0409 0.0281
315 0.0333 0.6533 0.2517 0.0383 0.0234
316 0.1470 0.3364 0.1746 0.0357 0.3064
317 0.0782 0.5063 0.2177 0.0147 0.1833
318 0.0801 0.2820 0.4070 0.0326 0.1984
319 0.1099 0.2615 0.1783 0.0051 0.4451
320 0.0988 0.4785 0.3557 0.0093 0.0576
321 0.0760 0.4143 0.4111 0.0194 0.0791
322 0.0247 0.4026 0.5166 0.0055 0.0504
323 0.0330 0.7104 0.2184 0.0162 0.0220
324 0.0368 0.6479 0.2188 0.0652 0.0313
325 0.0392 0.6519 0.2289 0.0499 0.0300
326 0.0433 0.6831 0.2306 0.0312 0.0118
327 0.2052 0.3716 0.3127 0.0174 0.0932
328 0.0539 0.6831 0.1853 0.0359 0.0417
329 0.2148 0.2983 0.0687 0.0666 0.3516
330 0.1676 0.0721 0.4280 0.2256 0.1066
331 0.1731 0.0710 0.4490 0.2155 0.0912
332 0.1744 0.6382 0.1458 0.0149 0.0266
333 0.1354 0.6064 0.1879 0.0208 0.0494
334 0.1252 0.5972 0.1940 0.0271 0.0564
335 0.0486 0.6245 0.2729 0.0262 0.0279
336 0.0512 0.5508 0.3420 0.0276 0.0281
337 0.0697 0.5610 0.3174 0.0159 0.0359
338 0.0848 0.5317 0.3149 0.0133 0.0552
339 0.2357 0.2715 0.1114 0.1583 0.2233
340 0.1790 0.0679 0.5181 0.1682 0.0669
341 0.1754 0.0635 0.5488 0.1477 0.0645
342 0.1807 0.2629 0.4507 0.0260 0.0796
343 0.5146 0.0702 0.0707 0.1396 0.2047
344 0.2166 0.2306 0.1584 0.1957 0.1987
345 0.0342 0.5391 0.0741 0.0281 0.3245
346 0.0179 0.4463 0.0769 0.0198 0.4392
347 0.1366 0.2512 0.5234 0.0302 0.0583
348 0.0759 0.4912 0.3123 0.0167 0.1038
349 0.0742 0.4368 0.3826 0.0802 0.0262
350 0.1873 0.3391 0.2277 0.0219 0.2241
351 0.0672 0.3867 0.0704 0.0271 0.4485
352 0.2324 0.1133 0.1098 0.0487 0.4958
353 0.2487 0.3882 0.1321 0.0067 0.2246
354 0.1191 0.3613 0.1964 0.0187 0.3042
355 0.1841 0.2595 0.2291 0.0092 0.3181
356 0.2394 0.2629 0.0665 0.0110 0.4202
357 0.3083 0.4280 0.1337 0.0338 0.0963
358 0.1348 0.4705 0.1083 0.0919 0.1946
359 0.6323 0.0883 0.0978 0.1265 0.0548
360 0.7583 0.0800 0.1035 0.0331 0.0251
361 0.1580 0.5820 0.2262 0.0088 0.0248
362 0.1262 0.1559 0.1071 0.0041 0.6069
363 0.1243 0.3198 0.1725 0.0211 0.3623
364 0.2125 0.0865 0.1935 0.3530 0.1543
365 0.1154 0.3965 0.0851 0.0220 0.3811
366 0.0599 0.5425 0.1733 0.0034 0.2208
367 0.3354 0.0543 0.1023 0.0635 0.4443
368 0.3154 0.0548 0.1611 0.1274 0.3411
369 0.2097 0.1442 0.1376 0.4653 0.0433
370 0.2428 0.1567 0.1362 0.4194 0.0449
371 0.2037 0.2830 0.2496 0.2310 0.0327
