time exciting_prob fearful_prob tense_prob sad_prob relaxing_prob
0 0.3757 0.3643 0.0812 0.1494 0.0294
1 0.0896 0.0314 0.2717 0.4207 0.1866
2 0.0357 0.1979 0.4321 0.3210 0.0133
3 0.1843 0.1493 0.3472 0.1639 0.1553
4 0.5654 0.2196 0.1281 0.0284 0.0587
5 0.1000 0.2324 0.4695 0.1254 0.0726
6 0.0233 0.0867 0.4541 0.4070 0.0290
7 0.3899 0.1526 0.1650 0.1492 0.1434
8 0.3582 0.1199 0.1528 0.2089 0.1602
9 0.2915 0.4656 0.0687 0.0687 0.1055
10 0.0671 0.1661 0.1489 0.5620 0.0561
11 0.3328 0.1106 0.1926 0.1224 0.2416
12 0.3066 0.1449 0.2664 0.2465 0.0355
13 0.0705 0.0986 0.4385 0.3811 0.0112
14 0.0997 0.1028 0.1061 0.6602 0.0314
15 0.6270 0.1635 0.1072 0.0527 0.0499
16 0.4929 0.0473 0.0941 0.1743 0.1915
17 0.1748 0.2209 0.2466 0.2927 0.0648
18 0.0624 0.0605 0.4983 0.3269 0.0521
19 0.2615 0.1675 0.0855 0.1727 0.3127
20 0.2556 0.0454 0.2185 0.1649 0.3154
21 0.1127 0.1349 0.1359 0.5503 0.0662
22 0.1490 0.1315 0.1637 0.3081 0.2477
23 0.5034 0.0314 0.1488 0.2148 0.1015
24 0.2664 0.0958 0.0825 0.3240 0.2314
25 0.4338 0.1205 0.1302 0.2395 0.0760
26 0.2605 0.1077 0.3909 0.1804 0.0604
27 0.0612 0.1265 0.1854 0.6035 0.0236
28 0.0546 0.2729 0.4229 0.2335 0.0161
29 0.1060 0.1191 0.3816 0.2369 0.1566
30 0.0988 0.1129 0.2644 0.4395 0.0845
31 0.3494 0.0488 0.1650 0.4021 0.0346
32 0.1316 0.3467 0.1295 0.2556 0.1368
33 0.0981 0.0886 0.1580 0.5913 0.0638
34 0.1293 0.2529 0.3052 0.2959 0.0167
35 0.2605 0.1300 0.2281 0.3022 0.0789
36 0.1998 0.1332 0.3706 0.1395 0.1569
37 0.2551 0.0275 0.1499 0.5571 0.0103
38 0.5811 0.1190 0.1481 0.1118 0.0405
39 0.2181 0.1243 0.0931 0.5234 0.0410
40 0.2426 0.4392 0.0806 0.2225 0.0150
41 0.0901 0.1139 0.4504 0.3296 0.0160
42 0.2817 0.1270 0.5386 0.0435 0.0092
43 0.2515 0.1304 0.3176 0.2676 0.0330
44 0.6060 0.1696 0.1202 0.0894 0.0149
45 0.2585 0.1580 0.1472 0.1221 0.3142
46 0.1776 0.1138 0.2729 0.3560 0.0795
47 0.0264 0.0867 0.8623 0.0232 0.0013
48 0.1282 0.6211 0.0778 0.1725 0.0007
49 0.0905 0.0683 0.4668 0.3579 0.0165
50 0.0699 0.1348 0.5049 0.2620 0.0287
51 0.1395 0.0840 0.1968 0.4612 0.1185
52 0.2352 0.2012 0.2192 0.1890 0.1554
53 0.7773 0.0663 0.0922 0.0318 0.0321
54 0.6953 0.0508 0.1392 0.0441 0.0705
55 0.0905 0.0566 0.7690 0.0762 0.0078
56 0.1038 0.0254 0.1908 0.6455 0.0345
57 0.2014 0.1311 0.4468 0.1095 0.1112
58 0.1527 0.1718 0.1527 0.3962 0.1266
59 0.2585 0.1221 0.0712 0.4946 0.0534
60 0.1656 0.1509 0.2300 0.4365 0.0169
61 0.4551 0.0682 0.0836 0.1973 0.1958
62 0.2874 0.6084 0.0767 0.0225 0.0050
63 0.4707 0.3235 0.1470 0.0554 0.0034
64 0.1277 0.3389 0.2347 0.2441 0.0545
65 0.1118 0.3018 0.1145 0.4253 0.0466
66 0.0136 0.3994 0.0739 0.5127 0.0005
67 0.5190 0.0539 0.0902 0.1836 0.1534
68 0.0361 0.5098 0.0501 0.4033 0.0008
69 0.3096 0.2162 0.1892 0.1281 0.1569
70 0.3091 0.2351 0.2208 0.1996 0.0355
71 0.3247 0.4370 0.1671 0.0518 0.0195
72 0.2202 0.1160 0.5039 0.1356 0.0241
73 0.2123 0.0728 0.2296 0.4785 0.0068
74 0.0544 0.0420 0.1389 0.6523 0.1125
75 0.0766 0.1196 0.1823 0.5977 0.0239
76 0.0378 0.2155 0.7065 0.0131 0.0272
77 0.1050 0.0315 0.2330 0.5767 0.0536
78 0.1053 0.0758 0.2229 0.5781 0.0179
79 0.2281 0.0723 0.2605 0.3730 0.0659
80 0.2352 0.1483 0.3909 0.1119 0.1137
81 0.1016 0.2637 0.4485 0.1812 0.0053
82 0.2159 0.1543 0.2334 0.2372 0.1592
83 0.1973 0.1853 0.2717 0.3330 0.0128
84 0.0861 0.2612 0.5034 0.1465 0.0025
85 0.3098 0.1671 0.1242 0.2490 0.1498
86 0.1742 0.2238 0.1378 0.3306 0.1335
87 0.1497 0.2319 0.3535 0.2213 0.0436
88 0.1754 0.1897 0.3657 0.1081 0.1610
89 0.4346 0.1769 0.2805 0.0862 0.0218
90 0.1294 0.4412 0.0977 0.1031 0.2288
91 0.0558 0.2347 0.1539 0.5288 0.0266
92 0.1508 0.0776 0.4717 0.2773 0.0226
93 0.0939 0.0503 0.6621 0.1727 0.0210
94 0.0727 0.4966 0.1677 0.2556 0.0073
95 0.0854 0.1754 0.0502 0.6826 0.0061
96 0.1505 0.1565 0.1371 0.5464 0.0094
97 0.0179 0.2585 0.1251 0.5918 0.0064
98 0.3679 0.1738 0.3403 0.0983 0.0195
99 0.0854 0.1244 0.3599 0.4077 0.0225
100 0.0616 0.0767 0.5493 0.2893 0.0232
101 0.3708 0.0624 0.0719 0.4761 0.0188
102 0.0989 0.1157 0.3401 0.4038 0.0416
103 0.0331 0.0680 0.4167 0.4504 0.0316
104 0.0409 0.0839 0.1240 0.7422 0.0089
105 0.2625 0.1862 0.2390 0.2142 0.0981
106 0.2319 0.1646 0.3594 0.0945 0.1498
107 0.1406 0.0422 0.0248 0.7363 0.0559
108 0.6348 0.1212 0.0894 0.1240 0.0306
109 0.2942 0.0377 0.1025 0.5410 0.0243
110 0.4907 0.1907 0.1281 0.1451 0.0453
111 0.5166 0.3208 0.0898 0.0710 0.0017
112 0.0547 0.0713 0.1632 0.5107 0.2000
113 0.8208 0.0235 0.0965 0.0219 0.0375
114 0.5532 0.1106 0.1584 0.1584 0.0194
115 0.0253 0.0511 0.1049 0.8120 0.0067
116 0.0611 0.2217 0.1187 0.5933 0.0052
117 0.5527 0.1115 0.3101 0.0066 0.0191
118 0.6226 0.0743 0.1675 0.0284 0.1073
119 0.6768 0.0909 0.1685 0.0416 0.0221
120 0.0212 0.7202 0.1251 0.1332 0.0004
121 0.0375 0.3398 0.3618 0.2507 0.0099
122 0.3906 0.0673 0.0775 0.4158 0.0489
123 0.2488 0.1792 0.1556 0.3735 0.0429
124 0.1731 0.0571 0.1588 0.5854 0.0255
125 0.0836 0.0205 0.0804 0.8062 0.0093
126 0.3230 0.0631 0.1444 0.4519 0.0177
127 0.1843 0.2224 0.2993 0.2769 0.0172
128 0.3564 0.0542 0.1594 0.3564 0.0735
129 0.1355 0.1794 0.1660 0.4956 0.0235
130 0.0575 0.2312 0.0705 0.6284 0.0124
131 0.0845 0.1069 0.1351 0.6499 0.0237
132 0.0743 0.0430 0.0597 0.8052 0.0181
133 0.0994 0.2039 0.1799 0.4890 0.0280
134 0.1366 0.2286 0.0953 0.5151 0.0241
135 0.0831 0.1554 0.1415 0.6099 0.0104
136 0.2236 0.2344 0.4414 0.0862 0.0144
137 0.1809 0.2571 0.5317 0.0251 0.0054
138 0.1102 0.1085 0.1382 0.6191 0.0238
139 0.0797 0.3079 0.1560 0.4480 0.0082
140 0.2106 0.0424 0.0383 0.7012 0.0076
141 0.1015 0.0999 0.1523 0.6123 0.0340
142 0.0436 0.0133 0.0316 0.9033 0.0083
143 0.2554 0.1031 0.2983 0.2893 0.0539
144 0.2216 0.1080 0.4878 0.1196 0.0630
145 0.5942 0.1025 0.1189 0.1650 0.0193
146 0.1399 0.2917 0.1884 0.3574 0.0227
147 0.2659 0.2498 0.2830 0.1539 0.0473
148 0.2222 0.1009 0.0817 0.5762 0.0190
149 0.0983 0.2590 0.2048 0.3540 0.0840
150 0.1006 0.1071 0.6611 0.0708 0.0601
151 0.0764 0.1221 0.0568 0.7363 0.0084
152 0.0586 0.1863 0.1241 0.6201 0.0108
153 0.0249 0.2017 0.1224 0.6313 0.0200
154 0.1191 0.4746 0.1219 0.2025 0.0818
155 0.4221 0.2207 0.1209 0.1360 0.1003
156 0.3977 0.0394 0.3591 0.1923 0.0115
157 0.1267 0.1278 0.4424 0.2812 0.0219
158 0.0819 0.1519 0.5684 0.1642 0.0336
159 0.4624 0.1235 0.0903 0.2893 0.0343
160 0.0407 0.1007 0.6465 0.2100 0.0020
161 0.1818 0.2427 0.2859 0.2815 0.0080
162 0.0793 0.0716 0.1327 0.7012 0.0154
163 0.0941 0.0955 0.0349 0.7690 0.0065
164 0.3894 0.1345 0.1016 0.3079 0.0666
165 0.5811 0.0331 0.0898 0.2683 0.0276
166 0.1322 0.1078 0.4470 0.2668 0.0460
167 0.1088 0.0953 0.5151 0.2395 0.0413
168 0.1917 0.1248 0.3552 0.2642 0.0642
169 0.1711 0.1985 0.1851 0.3979 0.0475
170 0.2742 0.1057 0.0503 0.5537 0.0162
171 0.3679 0.0814 0.0564 0.4614 0.0329
172 0.1819 0.3645 0.2839 0.0347 0.1351
173 0.0371 0.1974 0.7109 0.0527 0.0017
174 0.0908 0.3508 0.4871 0.0568 0.0143
175 0.0906 0.3140 0.3557 0.2333 0.0064
176 0.5522 0.0861 0.0475 0.2979 0.0162
177 0.2712 0.0702 0.0881 0.5396 0.0312
178 0.0776 0.2144 0.2411 0.4365 0.0304
179 0.5381 0.2209 0.1299 0.0684 0.0425
180 0.3398 0.1193 0.0894 0.4036 0.0482
181 0.1111 0.2563 0.1331 0.4395 0.0599
182 0.4307 0.1571 0.1263 0.2695 0.0166
183 0.3291 0.1350 0.1846 0.3396 0.0118
184 0.0727 0.1716 0.4778 0.2700 0.0078
185 0.1692 0.2969 0.3813 0.1517 0.0008
186 0.1007 0.0522 0.0395 0.8047 0.0028
187 0.3494 0.0732 0.1305 0.4214 0.0257
188 0.1351 0.0839 0.1013 0.6655 0.0143
189 0.4236 0.1122 0.1865 0.2285 0.0490
190 0.1301 0.1140 0.4836 0.2394 0.0329
191 0.0840 0.3767 0.1545 0.3767 0.0082
192 0.4253 0.1218 0.0508 0.3872 0.0150
193 0.4766 0.2891 0.1560 0.0443 0.0340
194 0.3923 0.1443 0.0443 0.3862 0.0330
195 0.0297 0.1418 0.1620 0.6558 0.0104
196 0.2947 0.1076 0.0524 0.5337 0.0115
197 0.2334 0.0378 0.0600 0.6396 0.0292
198 0.5269 0.3591 0.0747 0.0186 0.0208
199 0.2086 0.1001 0.5161 0.1503 0.0247
200 0.0443 0.1072 0.1572 0.6831 0.0083
201 0.1760 0.3140 0.1415 0.3557 0.0129
202 0.0641 0.2944 0.1886 0.4490 0.0039
203 0.0265 0.0519 0.0343 0.8857 0.0016
204 0.0630 0.1080 0.1366 0.6880 0.0044
205 0.3918 0.3740 0.1794 0.0479 0.0066
206 0.3115 0.1667 0.1094 0.4001 0.0122
207 0.6401 0.0959 0.1835 0.0275 0.0530
208 0.0754 0.3459 0.1177 0.4512 0.0096
209 0.0988 0.0812 0.1288 0.6641 0.0270
210 0.0925 0.1958 0.2676 0.3601 0.0842
211 0.3708 0.1195 0.2001 0.2734 0.0359
212 0.3140 0.1721 0.2125 0.2141 0.0872
213 0.3428 0.2355 0.1013 0.2976 0.0228
214 0.4026 0.4087 0.1287 0.0363 0.0238
215 0.2742 0.1217 0.2517 0.3181 0.0343
216 0.1099 0.4849 0.2805 0.1245 0.0001
217 0.1131 0.3247 0.0821 0.4797 0.0003
218 0.0293 0.6816 0.1021 0.1864 0.0004
219 0.7793 0.0539 0.0902 0.0539 0.0226
220 0.6694 0.0831 0.1615 0.0268 0.0594
221 0.7686 0.0414 0.0441 0.0111 0.1346
222 0.7510 0.0616 0.0398 0.0552 0.0925
223 0.6479 0.0357 0.0786 0.2119 0.0259
224 0.5005 0.0898 0.1613 0.2136 0.0346
225 0.3086 0.0641 0.2854 0.3284 0.0137
