time exciting_prob fearful_prob tense_prob sad_prob relaxing_prob
0 0.2037 0.2830 0.2496 0.2310 0.0327
1 0.1832 0.2028 0.1495 0.4326 0.0318
2 0.0472 0.1015 0.3542 0.4619 0.0351
3 0.3240 0.0091 0.0091 0.6548 0.0030
4 0.3157 0.0139 0.0124 0.6528 0.0052
5 0.4319 0.0238 0.0138 0.5249 0.0054
6 0.0797 0.0797 0.1796 0.6470 0.0143
7 0.0940 0.0527 0.1959 0.6426 0.0150
8 0.2091 0.1278 0.4639 0.1934 0.0059
9 0.3398 0.0707 0.3792 0.1968 0.0134
10 0.0537 0.2905 0.3396 0.2905 0.0258
11 0.0322 0.1729 0.2185 0.4922 0.0842
12 0.2300 0.3345 0.1028 0.2688 0.0638
13 0.0214 0.2014 0.1669 0.5825 0.0277
14 0.0240 0.5552 0.3643 0.0533 0.0033
15 0.2188 0.5205 0.1901 0.0441 0.0263
16 0.0804 0.4380 0.2382 0.2069 0.0365
17 0.0532 0.1144 0.2788 0.5376 0.0162
18 0.3396 0.5059 0.0628 0.0685 0.0233
19 0.0933 0.3440 0.1357 0.4148 0.0122
20 0.1677 0.4385 0.3259 0.0637 0.0044
21 0.3152 0.5039 0.0640 0.1031 0.0138
22 0.0551 0.3271 0.1937 0.3428 0.0814
23 0.5991 0.0715 0.1337 0.1599 0.0360
24 0.4968 0.0532 0.1144 0.3037 0.0318
25 0.1072 0.5151 0.3149 0.0498 0.0126
26 0.3596 0.4802 0.0650 0.0796 0.0157
27 0.3171 0.2129 0.2284 0.1620 0.0796
28 0.2242 0.2386 0.2173 0.2581 0.0618
29 0.0290 0.6206 0.2932 0.0547 0.0022
30 0.0823 0.1514 0.6372 0.1216 0.0078
31 0.4668 0.1083 0.2240 0.1704 0.0303
32 0.6582 0.0877 0.0864 0.1075 0.0603
33 0.5186 0.0967 0.1475 0.1724 0.0649
34 0.2991 0.3040 0.1829 0.1931 0.0210
35 0.0822 0.3542 0.4016 0.1410 0.0210
36 0.2798 0.1194 0.2489 0.2588 0.0930
37 0.3376 0.2715 0.2844 0.0802 0.0262
38 0.1439 0.6108 0.1497 0.0764 0.0193
39 0.1450 0.6450 0.1520 0.0505 0.0077
40 0.3413 0.4084 0.1422 0.0693 0.0389
41 0.1133 0.0869 0.6030 0.1868 0.0102
42 0.1158 0.4580 0.2981 0.0534 0.0748
43 0.1071 0.1908 0.2129 0.4507 0.0385
44 0.1564 0.1434 0.6182 0.0338 0.0481
45 0.1268 0.2042 0.4639 0.1846 0.0205
46 0.0820 0.4946 0.2566 0.1544 0.0124
47 0.2712 0.3074 0.1038 0.2756 0.0419
48 0.2201 0.0823 0.0954 0.5845 0.0178
49 0.2131 0.6265 0.1454 0.0105 0.0045
50 0.1320 0.4753 0.2159 0.1681 0.0088
51 0.1025 0.5581 0.1757 0.1422 0.0215
52 0.1680 0.2705 0.4458 0.0838 0.0320
53 0.3542 0.0742 0.3655 0.1365 0.0698
54 0.2661 0.1493 0.2922 0.2539 0.0383
55 0.3035 0.2346 0.3467 0.0811 0.0341
56 0.1103 0.2013 0.3972 0.2563 0.0350
57 0.2141 0.4675 0.1361 0.1747 0.0076
58 0.2448 0.6650 0.0563 0.0240 0.0097
59 0.2791 0.6045 0.0844 0.0246 0.0075
60 0.3391 0.1653 0.2025 0.2500 0.0431
61 0.0394 0.2301 0.1139 0.5874 0.0293
62 0.2661 0.5635 0.1092 0.0532 0.0082
63 0.1106 0.1621 0.2759 0.4407 0.0108
64 0.0655 0.1836 0.5566 0.1836 0.0106
65 0.0866 0.7251 0.1406 0.0439 0.0037
66 0.0859 0.3164 0.3369 0.2352 0.0256
67 0.0825 0.7822 0.0831 0.0504 0.0020
68 0.0985 0.5625 0.1974 0.1016 0.0401
69 0.2480 0.0642 0.3667 0.2856 0.0355
70 0.4207 0.2612 0.1768 0.1015 0.0398
71 0.3755 0.5093 0.0366 0.0567 0.0222
72 0.0620 0.0714 0.3799 0.4583 0.0284
73 0.4807 0.2593 0.1048 0.1016 0.0535
74 0.2495 0.1378 0.1649 0.4277 0.0200
75 0.6938 0.0398 0.1584 0.0754 0.0327
76 0.2791 0.2368 0.2208 0.2010 0.0623
77 0.2861 0.1212 0.3142 0.1790 0.0996
78 0.1565 0.0292 0.6592 0.1219 0.0333
79 0.2805 0.2615 0.3464 0.0767 0.0346
80 0.1272 0.2163 0.4951 0.1354 0.0260
81 0.3118 0.0753 0.4573 0.1086 0.0471
82 0.2024 0.1469 0.4351 0.1504 0.0652
83 0.3176 0.1215 0.3433 0.1674 0.0502
84 0.6055 0.1193 0.1427 0.0846 0.0478
85 0.0489 0.2996 0.2297 0.3970 0.0250
86 0.1302 0.0703 0.0760 0.7153 0.0079
87 0.1152 0.5288 0.0792 0.2578 0.0190
88 0.0862 0.1216 0.5708 0.1973 0.0239
89 0.2028 0.1259 0.2484 0.4031 0.0199
90 0.2666 0.4536 0.1240 0.1484 0.0073
91 0.0912 0.1390 0.5674 0.1931 0.0090
92 0.6421 0.2400 0.0437 0.0192 0.0548
93 0.1277 0.3418 0.4458 0.0751 0.0095
94 0.1442 0.0881 0.1302 0.6162 0.0213
95 0.1088 0.0692 0.1063 0.7041 0.0119
96 0.3486 0.3950 0.2164 0.0340 0.0060
97 0.0295 0.1029 0.5308 0.3323 0.0047
98 0.2321 0.3538 0.2249 0.1779 0.0114
99 0.0670 0.0322 0.2231 0.6665 0.0113
100 0.1492 0.3962 0.1931 0.2311 0.0305
101 0.1076 0.0934 0.2581 0.5381 0.0029
102 0.2522 0.2837 0.1393 0.2949 0.0299
103 0.1163 0.3582 0.3936 0.0871 0.0448
104 0.2532 0.2493 0.1007 0.3655 0.0314
105 0.2179 0.4231 0.2196 0.0952 0.0443
106 0.1610 0.0495 0.1142 0.6675 0.0077
107 0.4211 0.3894 0.0607 0.0883 0.0404
108 0.4365 0.3975 0.0534 0.0582 0.0546
109 0.2556 0.2920 0.1813 0.2556 0.0155
110 0.3706 0.1969 0.2096 0.2047 0.0183
111 0.3394 0.1361 0.2261 0.2522 0.0463
112 0.3193 0.0674 0.1281 0.4006 0.0846
113 0.0534 0.3174 0.4839 0.1365 0.0089
114 0.1813 0.5498 0.1152 0.1503 0.0033
115 0.3372 0.1643 0.2666 0.2211 0.0107
116 0.3357 0.3687 0.2035 0.0903 0.0020
117 0.1008 0.1611 0.5713 0.1562 0.0104
118 0.2260 0.0831 0.2600 0.4028 0.0281
119 0.2634 0.3176 0.2654 0.0992 0.0544
120 0.1431 0.4043 0.2891 0.1105 0.0530
121 0.1165 0.1967 0.3423 0.1776 0.1669
122 0.1342 0.1300 0.5142 0.2078 0.0136
123 0.0685 0.3396 0.4570 0.1129 0.0220
124 0.3086 0.3870 0.2008 0.0428 0.0608
125 0.2617 0.3989 0.3035 0.0061 0.0298
126 0.2471 0.6562 0.0703 0.0020 0.0245
127 0.5610 0.2981 0.0874 0.0138 0.0397
128 0.7632 0.1348 0.0363 0.0312 0.0346
129 0.5049 0.2349 0.1705 0.0536 0.0360
130 0.1302 0.1355 0.3174 0.3486 0.0681
131 0.4602 0.2881 0.2042 0.0285 0.0190
132 0.4231 0.0358 0.2126 0.3022 0.0262
133 0.2371 0.1761 0.2793 0.2108 0.0966
134 0.0768 0.4558 0.1731 0.2810 0.0133
135 0.8091 0.1078 0.0529 0.0118 0.0183
136 0.3538 0.0543 0.4009 0.1558 0.0350
137 0.2432 0.1582 0.2568 0.2451 0.0967
138 0.0707 0.2063 0.0284 0.6870 0.0073
139 0.1361 0.4604 0.1875 0.1980 0.0181
140 0.5952 0.0844 0.1200 0.1470 0.0533
141 0.3303 0.1160 0.2455 0.1957 0.1124
142 0.0818 0.3638 0.3752 0.1678 0.0112
143 0.0837 0.6587 0.2009 0.0532 0.0035
144 0.2400 0.1625 0.4414 0.0817 0.0743
145 0.3992 0.1208 0.1337 0.3208 0.0257
146 0.3181 0.1975 0.0699 0.3308 0.0836
147 0.2471 0.1407 0.2629 0.2981 0.0510
148 0.2255 0.0469 0.1346 0.5850 0.0083
149 0.2715 0.0582 0.2147 0.4336 0.0219
150 0.3816 0.1615 0.2925 0.1248 0.0396
151 0.3252 0.1768 0.4016 0.0289 0.0676
152 0.3162 0.2349 0.1577 0.1565 0.1349
153 0.0762 0.3284 0.4778 0.0978 0.0200
154 0.1986 0.4204 0.2491 0.0847 0.0472
155 0.2920 0.4216 0.1058 0.1066 0.0739
156 0.4241 0.1273 0.2133 0.1598 0.0754
157 0.2472 0.0597 0.4141 0.1837 0.0953
158 0.3252 0.1687 0.2739 0.2003 0.0320
159 0.4648 0.1863 0.1486 0.1877 0.0125
160 0.6763 0.1792 0.1121 0.0252 0.0074
161 0.2700 0.2786 0.2700 0.1663 0.0154
162 0.1111 0.2603 0.4570 0.1604 0.0112
163 0.2683 0.0136 0.0700 0.6338 0.0146
164 0.5073 0.0625 0.2571 0.1283 0.0447
165 0.5864 0.0958 0.1060 0.1803 0.0316
166 0.3137 0.2791 0.2600 0.1136 0.0336
167 0.1763 0.3093 0.1044 0.3850 0.0248
168 0.5581 0.0883 0.2220 0.0829 0.0484
169 0.2688 0.1791 0.2061 0.3142 0.0319
170 0.3289 0.3066 0.1309 0.1318 0.1019
171 0.5591 0.0294 0.0678 0.3186 0.0253
172 0.2534 0.1265 0.3660 0.1974 0.0566
173 0.2949 0.1146 0.3938 0.1667 0.0301
174 0.2212 0.1212 0.3733 0.1998 0.0846
175 0.6787 0.0904 0.1346 0.0732 0.0230
176 0.3091 0.0196 0.0957 0.5508 0.0248
177 0.3237 0.1136 0.1707 0.3728 0.0191
178 0.6011 0.1104 0.1631 0.0801 0.0453
179 0.2710 0.2544 0.3821 0.0669 0.0256
180 0.3169 0.1222 0.1130 0.3481 0.0997
181 0.4873 0.0742 0.1725 0.2510 0.0151
182 0.5605 0.2585 0.0526 0.0701 0.0582
183 0.4141 0.2098 0.0924 0.2217 0.0620
184 0.0558 0.0516 0.0734 0.8013 0.0181
185 0.3198 0.1941 0.2491 0.2098 0.0271
186 0.4102 0.1271 0.2932 0.1184 0.0513
187 0.2620 0.0470 0.3418 0.3262 0.0233
188 0.2642 0.0757 0.1154 0.4492 0.0956
189 0.4658 0.1283 0.1971 0.1648 0.0440
190 0.2700 0.2517 0.2808 0.1479 0.0499
191 0.3916 0.2284 0.2080 0.1223 0.0498
192 0.2922 0.0396 0.2788 0.2703 0.1190
193 0.1368 0.2346 0.1108 0.4739 0.0437
194 0.6167 0.0280 0.1243 0.0635 0.1674
195 0.2551 0.2937 0.0420 0.3684 0.0410
196 0.1558 0.2712 0.4041 0.1005 0.0685
197 0.3193 0.0833 0.1998 0.3853 0.0122
198 0.3799 0.0468 0.4727 0.0725 0.0282
199 0.1796 0.3176 0.3516 0.1410 0.0104
200 0.2788 0.3552 0.2520 0.0871 0.0268
201 0.3650 0.1105 0.1396 0.3455 0.0394
202 0.4316 0.0580 0.3159 0.1718 0.0227
203 0.5586 0.1552 0.0598 0.1412 0.0850
204 0.2351 0.1949 0.0663 0.4675 0.0360
205 0.2590 0.3652 0.0605 0.3027 0.0127
206 0.4724 0.2734 0.0361 0.1895 0.0286
207 0.5859 0.2500 0.0831 0.0663 0.0144
208 0.6499 0.0442 0.0564 0.1417 0.1078
209 0.6548 0.1569 0.0685 0.0058 0.1138
210 0.2017 0.0742 0.1079 0.5928 0.0237
211 0.1770 0.0744 0.1357 0.5991 0.0139
212 0.6758 0.0951 0.0826 0.0432 0.1036
213 0.7461 0.0837 0.0884 0.0122 0.0694
214 0.5698 0.0460 0.1157 0.2096 0.0591
215 0.3120 0.2467 0.1848 0.2126 0.0439
216 0.1732 0.2791 0.3040 0.2260 0.0180
217 0.7490 0.0945 0.0406 0.0060 0.1096
218 0.7324 0.0924 0.1039 0.0179 0.0535
219 0.3210 0.0338 0.1298 0.4189 0.0964
220 0.4998 0.2397 0.0552 0.0365 0.1687
221 0.3696 0.0415 0.0647 0.2703 0.2539
222 0.3625 0.0351 0.0578 0.3982 0.1465
223 0.3899 0.0683 0.0603 0.2007 0.2808
224 0.2544 0.0316 0.0643 0.6104 0.0396
