time exciting_prob fearful_prob tense_prob sad_prob relaxing_prob
0 0.2037 0.2830 0.2496 0.2310 0.0327
1 0.1521 0.1407 0.2284 0.3948 0.0840
2 0.1656 0.4795 0.1892 0.1373 0.0284
3 0.2449 0.1683 0.1450 0.4036 0.0381
4 0.1792 0.3374 0.0789 0.3853 0.0193
5 0.1827 0.0705 0.0739 0.6279 0.0448
6 0.0294 0.5771 0.2260 0.1541 0.0136
7 0.0166 0.4641 0.1268 0.3848 0.0079
8 0.0367 0.3567 0.2130 0.3799 0.0136
9 0.0182 0.0768 0.1871 0.7061 0.0119
10 0.0175 0.0326 0.0564 0.8823 0.0114
11 0.1238 0.2258 0.3525 0.2581 0.0399
12 0.2058 0.2058 0.1788 0.3584 0.0512
13 0.1841 0.2363 0.2021 0.3386 0.0389
14 0.0538 0.1061 0.6201 0.2046 0.0153
15 0.0627 0.0831 0.5596 0.2686 0.0262
16 0.0972 0.2294 0.2106 0.3313 0.1317
17 0.2544 0.2563 0.1438 0.1329 0.2125
18 0.1156 0.4756 0.1260 0.1709 0.1121
19 0.0746 0.6450 0.0619 0.0886 0.1300
20 0.1292 0.2568 0.1122 0.2510 0.2510
21 0.1758 0.3635 0.0919 0.1109 0.2578
22 0.1768 0.2554 0.0698 0.2306 0.2676
23 0.2207 0.1349 0.0485 0.3340 0.2620
24 0.0805 0.1842 0.0780 0.5947 0.0627
25 0.0635 0.0939 0.1304 0.6943 0.0179
26 0.1174 0.1310 0.4099 0.2861 0.0555
27 0.1035 0.2856 0.3557 0.1733 0.0818
28 0.0925 0.2805 0.3745 0.2218 0.0307
29 0.0483 0.3379 0.3379 0.2510 0.0249
30 0.0618 0.3091 0.4097 0.1803 0.0390
31 0.0658 0.1948 0.5771 0.1393 0.0231
32 0.0526 0.2416 0.5840 0.1115 0.0102
33 0.0497 0.2157 0.1680 0.5508 0.0159
34 0.2087 0.0891 0.5049 0.1857 0.0118
35 0.2413 0.0413 0.2413 0.4543 0.0218
36 0.1635 0.0324 0.3950 0.4014 0.0079
37 0.1693 0.0599 0.4390 0.3186 0.0132
38 0.0562 0.3013 0.1276 0.5044 0.0106
39 0.1351 0.2316 0.0306 0.5820 0.0204
40 0.0620 0.2957 0.0345 0.5972 0.0108
41 0.0623 0.2009 0.3064 0.4124 0.0180
42 0.0564 0.0808 0.5522 0.1312 0.1793
43 0.0339 0.0908 0.5229 0.2284 0.1241
44 0.3291 0.0103 0.0138 0.6440 0.0028
45 0.0893 0.0576 0.1775 0.5557 0.1201
46 0.0313 0.0208 0.2460 0.7007 0.0014
47 0.3496 0.0424 0.0941 0.2578 0.2559
48 0.1409 0.4272 0.3953 0.0251 0.0114
49 0.0102 0.0177 0.6587 0.3064 0.0071
50 0.1309 0.3877 0.3264 0.1415 0.0134
51 0.1633 0.3857 0.3101 0.1114 0.0295
52 0.0466 0.2483 0.5176 0.1816 0.0061
53 0.1317 0.1588 0.2876 0.4121 0.0098
54 0.0530 0.1792 0.4167 0.3347 0.0164
55 0.0558 0.2139 0.2009 0.5210 0.0082
56 0.1235 0.4810 0.3130 0.0682 0.0142
57 0.0564 0.0724 0.3049 0.5522 0.0140
58 0.0393 0.0341 0.5771 0.3447 0.0047
59 0.1196 0.1910 0.2415 0.4238 0.0241
60 0.2905 0.3503 0.1052 0.2028 0.0513
61 0.1091 0.4417 0.3604 0.0503 0.0386
62 0.3022 0.4829 0.1165 0.0609 0.0372
63 0.1985 0.1429 0.2080 0.3708 0.0796
64 0.1024 0.1512 0.3354 0.3862 0.0247
65 0.0606 0.2435 0.3435 0.3176 0.0348
66 0.0282 0.2783 0.1927 0.4412 0.0597
67 0.0183 0.2844 0.2064 0.4761 0.0148
68 0.0648 0.1350 0.2157 0.5684 0.0163
69 0.1769 0.2253 0.4587 0.0889 0.0499
70 0.0622 0.4119 0.1327 0.3779 0.0154
71 0.1794 0.1431 0.1047 0.4802 0.0924
72 0.3015 0.2137 0.1277 0.2294 0.1277
73 0.0434 0.1458 0.3779 0.4216 0.0112
74 0.0793 0.0425 0.0648 0.7891 0.0242
75 0.1564 0.1041 0.4316 0.2898 0.0181
76 0.2925 0.0250 0.0728 0.5464 0.0632
77 0.1686 0.1488 0.0475 0.5796 0.0556
78 0.1958 0.2720 0.0889 0.4243 0.0189
79 0.0751 0.3289 0.0832 0.4255 0.0872
80 0.0419 0.0991 0.1022 0.7319 0.0250
81 0.1050 0.1414 0.5337 0.1843 0.0357
82 0.0892 0.3638 0.4600 0.0652 0.0220
83 0.3486 0.0353 0.0635 0.5151 0.0370
84 0.0650 0.1124 0.0671 0.6992 0.0565
85 0.1531 0.4866 0.1020 0.1906 0.0679
86 0.1859 0.1145 0.2025 0.3501 0.1471
87 0.0850 0.1564 0.3110 0.4387 0.0087
88 0.0700 0.1035 0.2482 0.4858 0.0927
89 0.1471 0.2424 0.2190 0.3669 0.0246
90 0.1604 0.1775 0.1890 0.3757 0.0973
91 0.2172 0.2258 0.3086 0.1349 0.1135
92 0.2367 0.0431 0.0699 0.5723 0.0781
93 0.0696 0.2820 0.4504 0.1849 0.0131
94 0.0396 0.2368 0.0972 0.6240 0.0024
95 0.7007 0.1058 0.0481 0.1306 0.0148
96 0.1394 0.4753 0.3450 0.0302 0.0099
97 0.1137 0.0658 0.3164 0.4678 0.0363
98 0.2610 0.5439 0.0605 0.0874 0.0471
99 0.1075 0.4526 0.2155 0.2089 0.0156
100 0.1908 0.0464 0.0959 0.6255 0.0413
101 0.0163 0.1008 0.7622 0.1141 0.0067
102 0.3953 0.0687 0.0676 0.3684 0.0999
103 0.2189 0.4597 0.0825 0.1552 0.0837
104 0.2338 0.2712 0.0759 0.1166 0.3025
105 0.1978 0.0232 0.2311 0.5049 0.0431
106 0.2903 0.1019 0.1191 0.4158 0.0728
107 0.0944 0.1906 0.1936 0.4868 0.0347
108 0.0890 0.0651 0.3010 0.4663 0.0786
109 0.0560 0.1376 0.1823 0.5879 0.0362
110 0.1433 0.3718 0.3896 0.0869 0.0084
111 0.1140 0.1046 0.3003 0.4509 0.0302
112 0.0742 0.2671 0.1343 0.4836 0.0410
113 0.1234 0.2937 0.3328 0.1881 0.0620
114 0.1165 0.0819 0.0723 0.7188 0.0106
115 0.1859 0.1146 0.1888 0.5054 0.0052
116 0.2123 0.0757 0.2261 0.2769 0.2090
117 0.1162 0.0434 0.3362 0.4893 0.0148
118 0.1037 0.0381 0.1631 0.6157 0.0795
119 0.0224 0.2012 0.0819 0.6914 0.0030
120 0.1764 0.2468 0.1820 0.3269 0.0680
121 0.1288 0.0950 0.1918 0.5640 0.0207
122 0.1289 0.5962 0.2605 0.0095 0.0050
123 0.4307 0.2416 0.0772 0.1409 0.1097
124 0.5112 0.1420 0.0162 0.2847 0.0457
125 0.1131 0.0620 0.5146 0.2588 0.0514
126 0.1597 0.1007 0.2847 0.4141 0.0410
127 0.1775 0.1415 0.4497 0.1934 0.0381
128 0.1483 0.5176 0.1818 0.0717 0.0806
129 0.1901 0.0750 0.0721 0.6431 0.0199
130 0.0483 0.3176 0.2288 0.3542 0.0511
131 0.0309 0.0654 0.1129 0.7837 0.0071
132 0.2241 0.2073 0.3040 0.0979 0.1666
133 0.5117 0.2417 0.1294 0.0977 0.0195
134 0.4731 0.0875 0.2067 0.1852 0.0476
135 0.5156 0.0320 0.0114 0.2455 0.1957
136 0.0432 0.2974 0.1890 0.4604 0.0102
137 0.0402 0.3752 0.1976 0.3752 0.0119
138 0.1941 0.0203 0.0337 0.6777 0.0743
139 0.0964 0.2009 0.3904 0.2581 0.0545
140 0.0781 0.1760 0.6338 0.0679 0.0442
141 0.0252 0.1793 0.0692 0.7148 0.0116
142 0.2097 0.2415 0.0895 0.4407 0.0188
143 0.1218 0.0641 0.5371 0.2275 0.0492
144 0.2059 0.0285 0.3848 0.2371 0.1438
145 0.0845 0.0137 0.0375 0.8540 0.0105
146 0.1824 0.0862 0.4958 0.1560 0.0797
147 0.5737 0.1384 0.0659 0.1556 0.0664
148 0.1449 0.0826 0.4751 0.2175 0.0800
149 0.3599 0.0440 0.0362 0.5400 0.0198
150 0.1208 0.6479 0.1857 0.0301 0.0156
151 0.0994 0.0683 0.2172 0.5459 0.0694
152 0.0319 0.1373 0.1998 0.6250 0.0060
153 0.1913 0.0817 0.2134 0.4810 0.0327
154 0.0273 0.0209 0.2627 0.0290 0.6602
155 0.1853 0.0743 0.0676 0.5938 0.0791
156 0.3127 0.2117 0.0368 0.2399 0.1989
157 0.0399 0.1278 0.0452 0.6909 0.0964
158 0.2166 0.2234 0.2673 0.2435 0.0491
159 0.1437 0.0311 0.0396 0.7300 0.0558
160 0.3948 0.0742 0.0742 0.4336 0.0235
161 0.0859 0.0680 0.2566 0.5103 0.0795
162 0.1476 0.0923 0.2216 0.4546 0.0841
163 0.0809 0.0991 0.3250 0.4238 0.0714
164 0.1857 0.0617 0.0553 0.6685 0.0289
165 0.2842 0.2179 0.0938 0.3735 0.0304
166 0.0740 0.1803 0.3586 0.3477 0.0396
167 0.1597 0.1366 0.3328 0.3225 0.0487
168 0.1471 0.3237 0.4158 0.0838 0.0296
169 0.0972 0.0352 0.6338 0.2123 0.0213
170 0.2551 0.4077 0.0790 0.2323 0.0257
171 0.0693 0.4814 0.2460 0.1771 0.0261
172 0.1467 0.5986 0.1478 0.0414 0.0656
173 0.0396 0.0894 0.0981 0.7598 0.0130
174 0.0889 0.1097 0.4548 0.3276 0.0192
175 0.0725 0.3301 0.4172 0.1442 0.0359
176 0.0327 0.6475 0.2830 0.0247 0.0120
177 0.0924 0.1896 0.4917 0.2083 0.0181
178 0.4568 0.2561 0.1288 0.0812 0.0769
179 0.2035 0.1973 0.1388 0.4551 0.0056
180 0.1456 0.3083 0.3157 0.1885 0.0421
181 0.2009 0.2788 0.1218 0.3694 0.0289
182 0.1121 0.1053 0.1656 0.5967 0.0204
183 0.0955 0.2238 0.2537 0.4116 0.0156
184 0.1924 0.0635 0.1022 0.6021 0.0400
185 0.2135 0.3206 0.2327 0.1743 0.0588
186 0.2058 0.1191 0.2642 0.3611 0.0497
187 0.1179 0.1664 0.4148 0.2874 0.0134
188 0.1114 0.1571 0.3540 0.1711 0.2064
189 0.1152 0.0444 0.0134 0.8125 0.0145
190 0.1598 0.3833 0.2554 0.1912 0.0105
191 0.0460 0.1182 0.1320 0.6914 0.0127
192 0.2113 0.3916 0.1725 0.1821 0.0426
193 0.1472 0.6294 0.1085 0.0973 0.0177
194 0.1147 0.1260 0.4067 0.3320 0.0204
195 0.0104 0.3518 0.0410 0.5713 0.0255
196 0.0380 0.2220 0.1600 0.3284 0.2517
197 0.4341 0.1387 0.1007 0.1511 0.1754
198 0.3323 0.3535 0.0967 0.1462 0.0713
199 0.3303 0.3303 0.1089 0.1941 0.0365
200 0.5063 0.1156 0.1921 0.1593 0.0268
201 0.5967 0.0724 0.0490 0.1982 0.0839
202 0.5127 0.1026 0.0642 0.2040 0.1163
203 0.3640 0.0818 0.1339 0.3640 0.0562
204 0.2402 0.0786 0.1786 0.2104 0.2922
205 0.4563 0.0434 0.1653 0.1163 0.2189
206 0.5791 0.0736 0.0861 0.1608 0.1006
207 0.3293 0.2605 0.2585 0.1342 0.0175
208 0.2910 0.0551 0.2649 0.3403 0.0486
209 0.2742 0.1074 0.1757 0.2119 0.2308
210 0.5059 0.1791 0.0958 0.1495 0.0696
211 0.2932 0.1062 0.2888 0.1924 0.1194
212 0.2581 0.2834 0.2313 0.1426 0.0845
213 0.2200 0.2491 0.2781 0.2234 0.0295
214 0.1353 0.3589 0.3821 0.1104 0.0133
215 0.1521 0.0547 0.1261 0.6606 0.0065
216 0.4285 0.2024 0.2329 0.1083 0.0280
217 0.2222 0.2744 0.2478 0.1199 0.1359
218 0.3823 0.0967 0.1606 0.2690 0.0915
219 0.4280 0.1550 0.1575 0.2037 0.0557
220 0.4429 0.0928 0.1818 0.1790 0.1036
221 0.1963 0.3064 0.1801 0.2500 0.0673
222 0.2351 0.2583 0.2483 0.2389 0.0195
223 0.1008 0.1345 0.1197 0.6030 0.0420
224 0.1858 0.5815 0.1381 0.0695 0.0253
225 0.4609 0.1013 0.1709 0.2126 0.0542
226 0.1469 0.4150 0.2722 0.0905 0.0756
227 0.3115 0.2445 0.2925 0.0594 0.0920
228 0.1791 0.0419 0.0900 0.6655 0.0237
229 0.1458 0.1552 0.0566 0.5903 0.0524
230 0.1797 0.2634 0.1124 0.4343 0.0101
231 0.2441 0.1425 0.2056 0.3782 0.0296
232 0.2517 0.1552 0.2854 0.2639 0.0438
233 0.1542 0.0879 0.1904 0.5469 0.0207
234 0.5679 0.1666 0.1437 0.1011 0.0207
235 0.2471 0.1063 0.1970 0.4043 0.0453
236 0.1735 0.1484 0.2485 0.4229 0.0067
237 0.5039 0.2004 0.0743 0.1688 0.0523
238 0.1520 0.0974 0.0586 0.5601 0.1320
239 0.2018 0.2695 0.1014 0.1986 0.2286
240 0.1429 0.0439 0.0778 0.4302 0.3052
241 0.0887 0.5391 0.1342 0.0997 0.1384
242 0.2698 0.2656 0.2344 0.0836 0.1467
243 0.1931 0.4089 0.1744 0.1359 0.0877
244 0.1691 0.4741 0.2072 0.0438 0.1058
245 0.1697 0.0439 0.1242 0.5146 0.1475
246 0.0792 0.1379 0.0500 0.7285 0.0042
247 0.1458 0.0756 0.4150 0.3550 0.0084
248 0.0647 0.1307 0.5591 0.1370 0.1084
249 0.0861 0.0181 0.0692 0.8169 0.0099
250 0.1633 0.0164 0.0291 0.7793 0.0120
251 0.5400 0.0394 0.0596 0.3433 0.0178
252 0.0759 0.3247 0.0777 0.4724 0.0494
253 0.2688 0.1310 0.2229 0.3191 0.0581
254 0.1890 0.1427 0.1320 0.2974 0.2389
255 0.2642 0.3088 0.0769 0.3313 0.0187
256 0.2144 0.0981 0.2318 0.2429 0.2128
257 0.3130 0.4810 0.0473 0.1188 0.0398
258 0.1497 0.0820 0.4539 0.2627 0.0517
259 0.3665 0.0844 0.1481 0.3752 0.0259
260 0.2142 0.0893 0.1086 0.5220 0.0659
261 0.0774 0.0301 0.1180 0.7573 0.0173
262 0.0684 0.1085 0.0886 0.7300 0.0047
263 0.3132 0.3960 0.0657 0.1899 0.0352
264 0.4182 0.3606 0.0744 0.1227 0.0242
265 0.2076 0.0563 0.3645 0.3589 0.0126
266 0.1074 0.0203 0.6084 0.2457 0.0184
267 0.1813 0.4592 0.0963 0.2478 0.0155
268 0.5205 0.0580 0.1785 0.1348 0.1083
269 0.0491 0.0499 0.0862 0.8047 0.0101
270 0.1584 0.0388 0.0414 0.7441 0.0170
271 0.4407 0.1686 0.0854 0.2532 0.0522
272 0.5864 0.1979 0.1219 0.0763 0.0177
273 0.3381 0.1674 0.2167 0.2494 0.0284
274 0.1379 0.3635 0.3416 0.1256 0.0315
275 0.3279 0.0518 0.0731 0.5322 0.0152
276 0.5679 0.1027 0.0412 0.2747 0.0134
277 0.2037 0.2830 0.2496 0.2310 0.0327
278 0.2037 0.2830 0.2496 0.2310 0.0327
279 0.2037 0.2830 0.2496 0.2310 0.0327
280 0.2037 0.2830 0.2496 0.2310 0.0327
281 0.2037 0.2830 0.2496 0.2310 0.0327
