time exciting_prob fearful_prob tense_prob sad_prob relaxing_prob
0 0.2037 0.2830 0.2496 0.2310 0.0327
1 0.1970 0.1333 0.2339 0.3457 0.0901
2 0.1854 0.2101 0.2827 0.2382 0.0836
3 0.1979 0.1278 0.2834 0.3213 0.0695
4 0.1749 0.1569 0.2627 0.3425 0.0629
5 0.1281 0.0801 0.1952 0.4985 0.0981
6 0.1232 0.1139 0.1005 0.5693 0.0930
7 0.1581 0.4431 0.0915 0.1656 0.1416
8 0.0724 0.1375 0.1037 0.6255 0.0610
9 0.0195 0.0375 0.0599 0.8672 0.0159
10 0.3301 0.2198 0.1031 0.3149 0.0319
11 0.2238 0.3716 0.1305 0.2534 0.0206
12 0.2632 0.2340 0.2065 0.2844 0.0119
13 0.2397 0.1987 0.1866 0.3655 0.0094
14 0.2460 0.2920 0.2384 0.2104 0.0131
15 0.1268 0.1085 0.4426 0.2903 0.0320
16 0.1210 0.0942 0.3669 0.3967 0.0213
17 0.2028 0.0432 0.2727 0.4568 0.0246
18 0.1072 0.2532 0.1882 0.4241 0.0271
19 0.0705 0.3416 0.4456 0.1237 0.0185
20 0.0682 0.3521 0.4451 0.1161 0.0187
21 0.0649 0.3298 0.4041 0.1938 0.0075
22 0.0281 0.1059 0.0485 0.8076 0.0100
23 0.0772 0.1196 0.0835 0.7100 0.0097
24 0.0320 0.0519 0.0984 0.8115 0.0060
25 0.0601 0.1141 0.5703 0.2491 0.0063
26 0.0284 0.0317 0.1853 0.7441 0.0103
27 0.0208 0.0289 0.1274 0.8179 0.0048
28 0.0657 0.1600 0.7061 0.0641 0.0041
29 0.0936 0.0355 0.4465 0.4128 0.0115
30 0.0917 0.0708 0.5439 0.2822 0.0111
31 0.0533 0.0576 0.6094 0.2705 0.0094
32 0.0757 0.0913 0.5771 0.2482 0.0077
33 0.0767 0.1783 0.3604 0.3777 0.0070
34 0.0718 0.1863 0.3269 0.4070 0.0081
35 0.1414 0.1995 0.3289 0.3186 0.0117
36 0.2510 0.0543 0.1726 0.4917 0.0305
37 0.1200 0.2791 0.2173 0.3367 0.0470
38 0.0551 0.4756 0.2429 0.1833 0.0429
39 0.0363 0.4980 0.1669 0.1669 0.1320
40 0.0284 0.3384 0.1501 0.3545 0.1284
41 0.0307 0.4207 0.1754 0.3079 0.0656
42 0.0443 0.1263 0.4844 0.3330 0.0120
43 0.0540 0.1538 0.4519 0.3254 0.0149
44 0.0578 0.1429 0.3223 0.4614 0.0157
45 0.1104 0.0887 0.3733 0.4038 0.0239
46 0.1094 0.0801 0.1520 0.6396 0.0190
47 0.0734 0.0638 0.1964 0.5596 0.1068
48 0.1436 0.0699 0.1552 0.5415 0.0898
49 0.2830 0.0575 0.1316 0.5044 0.0232
50 0.0837 0.1858 0.3752 0.3313 0.0240
51 0.0484 0.0389 0.0727 0.8062 0.0338
52 0.1128 0.1068 0.3342 0.2859 0.1604
53 0.0663 0.1693 0.2140 0.5132 0.0372
54 0.0559 0.1220 0.3477 0.4260 0.0486
55 0.0496 0.1901 0.5332 0.1992 0.0278
56 0.0547 0.1724 0.5391 0.2178 0.0162
57 0.0264 0.1642 0.3699 0.4192 0.0204
58 0.0617 0.0207 0.0245 0.8647 0.0285
59 0.0947 0.1008 0.0792 0.6836 0.0417
60 0.1262 0.1333 0.0834 0.5786 0.0783
61 0.1343 0.2047 0.1429 0.5063 0.0116
62 0.1621 0.1476 0.0655 0.6021 0.0226
63 0.1284 0.1550 0.0469 0.6626 0.0069
64 0.2472 0.0616 0.1014 0.5747 0.0150
65 0.0661 0.0395 0.4590 0.4312 0.0044
66 0.0837 0.0402 0.1830 0.6904 0.0028
67 0.1616 0.1077 0.2749 0.4460 0.0098
68 0.0428 0.0308 0.0643 0.8599 0.0022
69 0.0381 0.0432 0.1632 0.7544 0.0009
70 0.2172 0.1218 0.1801 0.4670 0.0138
71 0.0808 0.0530 0.1194 0.6978 0.0490
72 0.1337 0.0558 0.1564 0.5991 0.0549
73 0.0374 0.0912 0.2900 0.5420 0.0392
74 0.0967 0.1062 0.6113 0.1521 0.0337
75 0.0572 0.0463 0.1531 0.6753 0.0679
76 0.0702 0.1620 0.5396 0.2249 0.0033
77 0.0320 0.1284 0.7051 0.1304 0.0044
78 0.0461 0.1315 0.6177 0.2036 0.0011
79 0.1234 0.6665 0.1511 0.0487 0.0101
80 0.0856 0.0744 0.1901 0.6230 0.0269
81 0.1144 0.0762 0.2876 0.5127 0.0090
82 0.0329 0.0282 0.0436 0.8896 0.0056
83 0.0859 0.3296 0.1998 0.1848 0.1998
84 0.0518 0.3828 0.1571 0.3770 0.0314
85 0.0619 0.1069 0.3452 0.4434 0.0425
86 0.1538 0.2102 0.3989 0.2169 0.0200
87 0.1428 0.2449 0.1544 0.4297 0.0281
88 0.1666 0.1127 0.3640 0.3528 0.0040
89 0.1338 0.3340 0.4355 0.0949 0.0019
90 0.1031 0.1523 0.2803 0.4622 0.0021
91 0.0530 0.0506 0.2959 0.5977 0.0029
92 0.0528 0.0459 0.4219 0.4780 0.0012
93 0.0680 0.1819 0.4434 0.3047 0.0022
94 0.0720 0.0569 0.2847 0.5840 0.0024
95 0.0663 0.0567 0.2705 0.6001 0.0064
96 0.0166 0.1713 0.3740 0.4373 0.0010
97 0.0182 0.1969 0.3916 0.3916 0.0016
98 0.0239 0.0620 0.3245 0.5879 0.0020
99 0.0414 0.0785 0.3411 0.5366 0.0026
100 0.2106 0.3696 0.1887 0.2073 0.0238
101 0.2178 0.2467 0.2668 0.2546 0.0141
102 0.1006 0.2798 0.3220 0.2932 0.0041
103 0.1519 0.3730 0.1519 0.3191 0.0042
104 0.0383 0.0705 0.2499 0.6382 0.0033
105 0.0347 0.0724 0.5347 0.3562 0.0020
106 0.1372 0.0628 0.1309 0.6646 0.0044
107 0.1306 0.1050 0.3135 0.4490 0.0020
108 0.0757 0.0331 0.2227 0.6440 0.0242
109 0.0295 0.0237 0.2114 0.7266 0.0090
110 0.0422 0.0665 0.5830 0.2842 0.0241
111 0.0363 0.0425 0.3291 0.5601 0.0321
112 0.0594 0.0408 0.1948 0.7017 0.0034
113 0.0867 0.0471 0.1261 0.7368 0.0032
114 0.1470 0.0728 0.2788 0.4971 0.0044
115 0.0991 0.0564 0.3457 0.4954 0.0035
116 0.1235 0.0343 0.4048 0.4309 0.0064
117 0.0748 0.0999 0.6021 0.2147 0.0084
118 0.0805 0.0077 0.0941 0.8130 0.0048
119 0.1083 0.0459 0.0756 0.7290 0.0411
120 0.1116 0.0503 0.1456 0.6733 0.0194
121 0.0833 0.1157 0.2607 0.5186 0.0221
122 0.1064 0.1187 0.2676 0.4697 0.0377
123 0.1075 0.2661 0.3582 0.2539 0.0144
124 0.0879 0.2314 0.5640 0.1128 0.0038
125 0.1004 0.0599 0.5962 0.2371 0.0067
126 0.1096 0.0665 0.3708 0.4473 0.0058
127 0.0751 0.2108 0.2881 0.4128 0.0132
128 0.0617 0.0678 0.3723 0.4856 0.0124
129 0.1191 0.0972 0.4221 0.3555 0.0062
130 0.1037 0.0513 0.7905 0.0521 0.0025
131 0.1390 0.1871 0.2810 0.3496 0.0431
132 0.0665 0.0654 0.1924 0.6509 0.0248
133 0.1411 0.2054 0.2556 0.3838 0.0141
134 0.0834 0.0834 0.2568 0.5610 0.0155
135 0.0211 0.1465 0.6074 0.2234 0.0015
136 0.0887 0.0930 0.2338 0.5786 0.0059
137 0.0783 0.1509 0.4648 0.3000 0.0058
138 0.4272 0.0803 0.3276 0.1409 0.0241
139 0.4302 0.2032 0.2778 0.0765 0.0123
140 0.0449 0.0859 0.4099 0.4573 0.0017
141 0.0719 0.1242 0.3074 0.4915 0.0050
142 0.1399 0.0640 0.2200 0.5708 0.0056
143 0.1312 0.0269 0.0468 0.7910 0.0041
144 0.2031 0.0530 0.2527 0.4873 0.0039
145 0.0612 0.0704 0.3206 0.5454 0.0027
146 0.1417 0.2817 0.2229 0.3093 0.0442
147 0.0963 0.1091 0.1562 0.5991 0.0392
148 0.0564 0.1998 0.4792 0.2527 0.0119
149 0.2194 0.1682 0.1847 0.4036 0.0242
150 0.0957 0.1051 0.5093 0.2603 0.0296
151 0.0725 0.0630 0.3740 0.4802 0.0103
152 0.0906 0.0878 0.2350 0.5640 0.0227
153 0.4597 0.1381 0.2461 0.1199 0.0363
154 0.0292 0.1497 0.4197 0.4004 0.0009
155 0.2321 0.1570 0.1698 0.4202 0.0209
156 0.2673 0.3005 0.1312 0.2866 0.0143
157 0.0914 0.1003 0.4292 0.3728 0.0062
158 0.0580 0.1172 0.7529 0.0668 0.0052
159 0.1527 0.1652 0.6235 0.0571 0.0016
160 0.0740 0.3064 0.5215 0.0964 0.0017
161 0.2378 0.0784 0.2532 0.3054 0.1254
162 0.0455 0.4116 0.3306 0.1161 0.0963
163 0.0394 0.2651 0.2913 0.3005 0.1038
164 0.0507 0.0798 0.1587 0.2659 0.4451
165 0.1068 0.2603 0.2666 0.1831 0.1831
166 0.3943 0.1644 0.2283 0.1921 0.0209
167 0.0969 0.1243 0.4141 0.3599 0.0049
168 0.0872 0.1230 0.3503 0.4294 0.0099
169 0.3433 0.0569 0.3770 0.2115 0.0113
170 0.3979 0.1440 0.2451 0.2064 0.0066
171 0.1931 0.0699 0.3135 0.4089 0.0144
172 0.4739 0.0677 0.2037 0.2496 0.0051
173 0.3459 0.0725 0.2131 0.3516 0.0168
174 0.1906 0.1289 0.1310 0.4941 0.0555
175 0.3088 0.0745 0.1307 0.3904 0.0956
176 0.1385 0.0998 0.2356 0.5068 0.0195
177 0.1157 0.1353 0.2688 0.4231 0.0573
178 0.0403 0.0953 0.2715 0.2551 0.3379
179 0.1027 0.2386 0.2542 0.3813 0.0233
180 0.1207 0.0870 0.4084 0.3662 0.0177
181 0.0696 0.0471 0.4004 0.4607 0.0222
182 0.0612 0.0434 0.1915 0.6479 0.0558
183 0.0150 0.0762 0.3059 0.5898 0.0132
184 0.0119 0.0509 0.1094 0.8213 0.0066
185 0.1635 0.1089 0.4175 0.2869 0.0232
186 0.1057 0.0993 0.4814 0.2920 0.0217
187 0.0384 0.1164 0.3213 0.5054 0.0183
188 0.0831 0.1412 0.4421 0.3037 0.0298
189 0.1011 0.1890 0.5728 0.1239 0.0131
190 0.0514 0.0498 0.2451 0.5972 0.0564
191 0.0556 0.1159 0.5112 0.2695 0.0476
192 0.0456 0.1372 0.1906 0.5869 0.0399
193 0.0567 0.1317 0.1772 0.5903 0.0438
194 0.0104 0.0365 0.1910 0.7559 0.0062
195 0.0490 0.1656 0.3972 0.3733 0.0148
196 0.0681 0.2416 0.3250 0.3250 0.0404
197 0.1018 0.2561 0.3784 0.2123 0.0516
198 0.1310 0.1604 0.2688 0.3730 0.0669
199 0.0807 0.2644 0.2905 0.2524 0.1120
200 0.2242 0.1382 0.1802 0.3999 0.0576
