time exciting_prob fearful_prob tense_prob sad_prob relaxing_prob
0 0.1661 0.1912 0.1561 0.4309 0.0556
1 0.2898 0.1842 0.1946 0.2920 0.0392
2 0.1913 0.0607 0.1455 0.5801 0.0223
3 0.2927 0.5020 0.0358 0.1212 0.0482
4 0.3147 0.2113 0.0348 0.0596 0.3796
5 0.2502 0.2174 0.0193 0.0272 0.4861
6 0.2148 0.1283 0.2737 0.3711 0.0121
7 0.2023 0.0721 0.1337 0.5718 0.0203
8 0.2344 0.0810 0.1840 0.4519 0.0488
9 0.4355 0.1059 0.2520 0.1371 0.0695
10 0.4678 0.1259 0.0770 0.1137 0.2158
11 0.0689 0.0278 0.1381 0.7583 0.0069
12 0.2661 0.1403 0.3582 0.0986 0.1370
13 0.1815 0.0402 0.1144 0.6235 0.0402
14 0.3469 0.2205 0.0438 0.2103 0.1786
15 0.4443 0.1254 0.0230 0.0692 0.3381
16 0.3723 0.2480 0.0858 0.1110 0.1829
17 0.4194 0.2211 0.0752 0.1906 0.0936
18 0.4675 0.1979 0.0793 0.1494 0.1060
19 0.4385 0.2040 0.0589 0.2402 0.0584
20 0.3604 0.2896 0.1025 0.0876 0.1599
21 0.1980 0.0633 0.0396 0.6289 0.0700
22 0.4641 0.2583 0.0435 0.0980 0.1361
23 0.1458 0.0857 0.1652 0.5767 0.0268
24 0.3560 0.2605 0.0789 0.2372 0.0674
25 0.2505 0.1616 0.0505 0.4790 0.0586
26 0.5830 0.1619 0.0966 0.0922 0.0664
27 0.1558 0.0547 0.0187 0.7090 0.0620
28 0.3323 0.2017 0.0639 0.0284 0.3738
29 0.5439 0.1970 0.0502 0.1097 0.0991
30 0.5054 0.2465 0.0452 0.0900 0.1128
31 0.4121 0.1718 0.0520 0.1814 0.1829
32 0.3650 0.2321 0.2113 0.0887 0.1030
33 0.2206 0.0818 0.2155 0.4089 0.0733
34 0.3440 0.0621 0.1346 0.3867 0.0726
35 0.4067 0.1736 0.1147 0.2336 0.0712
36 0.0369 0.0201 0.0627 0.8794 0.0010
37 0.4839 0.1511 0.1195 0.0257 0.2198
38 0.2443 0.1774 0.1678 0.4028 0.0077
39 0.3271 0.0649 0.0337 0.3511 0.2231
40 0.2810 0.3313 0.0193 0.0187 0.3499
41 0.4736 0.2742 0.1389 0.0354 0.0779
42 0.3809 0.1208 0.1285 0.2942 0.0756
43 0.5166 0.1423 0.0411 0.1217 0.1785
44 0.5527 0.1283 0.0645 0.1647 0.0895
45 0.4197 0.2817 0.0873 0.1473 0.0638
46 0.4390 0.0623 0.1482 0.2725 0.0781
47 0.2615 0.1090 0.4280 0.1179 0.0836
48 0.5547 0.1947 0.0751 0.1127 0.0627
49 0.6304 0.1157 0.0471 0.0937 0.1130
50 0.2434 0.1536 0.0186 0.2695 0.3149
51 0.1571 0.0314 0.2510 0.5312 0.0291
52 0.1938 0.0319 0.1148 0.6157 0.0436
53 0.3479 0.1833 0.0393 0.3320 0.0974
54 0.3337 0.1639 0.0399 0.3110 0.1516
55 0.3247 0.1418 0.0300 0.3171 0.1864
56 0.1995 0.3213 0.1128 0.0717 0.2949
57 0.1309 0.3672 0.2666 0.1320 0.1036
58 0.3542 0.2183 0.0211 0.0547 0.3516
59 0.0995 0.0942 0.4355 0.3237 0.0470
60 0.4326 0.1094 0.0316 0.0996 0.3267
61 0.5249 0.1189 0.1017 0.0830 0.1716
62 0.3899 0.3779 0.0933 0.0507 0.0883
63 0.3079 0.1987 0.0385 0.0535 0.4014
64 0.2197 0.0990 0.2451 0.3567 0.0796
65 0.3074 0.4106 0.1185 0.0494 0.1140
66 0.2620 0.1307 0.0303 0.3997 0.1774
67 0.1021 0.1311 0.2489 0.4648 0.0530
68 0.1552 0.1664 0.2578 0.3750 0.0458
69 0.1660 0.1080 0.2454 0.4443 0.0365
70 0.2090 0.4746 0.0347 0.0485 0.2332
71 0.3350 0.0777 0.0952 0.3401 0.1521
72 0.1937 0.0967 0.0201 0.5146 0.1750
73 0.3992 0.0926 0.0792 0.3633 0.0657
74 0.1493 0.0516 0.1359 0.6382 0.0251
75 0.2185 0.4412 0.2289 0.0404 0.0709
76 0.4900 0.0663 0.0122 0.1437 0.2881
77 0.2269 0.1398 0.3982 0.1956 0.0394
78 0.3574 0.2761 0.0203 0.0743 0.2720
79 0.2605 0.1655 0.2708 0.2625 0.0409
80 0.2947 0.4746 0.1127 0.0107 0.1075
81 0.6270 0.1572 0.0303 0.1225 0.0630
82 0.5771 0.1119 0.0331 0.2174 0.0604
83 0.1541 0.1576 0.4153 0.2539 0.0191
84 0.3521 0.3059 0.1514 0.1276 0.0631
85 0.1722 0.3943 0.1362 0.0281 0.2690
86 0.2347 0.2024 0.0383 0.1962 0.3284
87 0.1952 0.2607 0.3071 0.0634 0.1736
88 0.2128 0.3120 0.2449 0.0866 0.1439
89 0.2377 0.3623 0.0314 0.0635 0.3052
90 0.2266 0.0887 0.4402 0.0522 0.1923
91 0.3420 0.1680 0.0831 0.0428 0.3640
92 0.4209 0.1782 0.1064 0.0289 0.2654
93 0.3574 0.3057 0.1742 0.0383 0.1245
94 0.2578 0.5044 0.0774 0.0941 0.0662
95 0.0661 0.4963 0.0767 0.3411 0.0199
96 0.3601 0.0932 0.4768 0.0523 0.0176
97 0.1914 0.0480 0.1235 0.5986 0.0383
98 0.2292 0.2681 0.4185 0.0354 0.0488
99 0.4233 0.2932 0.1418 0.0361 0.1054
100 0.1844 0.3391 0.3391 0.0627 0.0745
101 0.2700 0.3037 0.3208 0.0417 0.0637
102 0.1814 0.2072 0.1162 0.1691 0.3259
103 0.2517 0.2766 0.1199 0.3469 0.0048
104 0.4878 0.1866 0.0578 0.2322 0.0356
105 0.1165 0.0463 0.0242 0.8086 0.0043
106 0.3494 0.2852 0.0238 0.0941 0.2477
107 0.5039 0.2253 0.0737 0.0507 0.1466
108 0.3271 0.1261 0.0098 0.0342 0.5029
109 0.0698 0.1169 0.1188 0.6836 0.0108
110 0.5396 0.1780 0.1711 0.0258 0.0854
111 0.0754 0.0265 0.1205 0.7500 0.0273
112 0.1338 0.5903 0.1758 0.0459 0.0545
113 0.2349 0.3445 0.0331 0.0485 0.3391
114 0.3701 0.1120 0.1044 0.3450 0.0685
115 0.3650 0.2432 0.1322 0.1464 0.1131
116 0.2852 0.3721 0.1689 0.1189 0.0549
117 0.1342 0.3762 0.3218 0.1231 0.0446
118 0.1234 0.3889 0.4075 0.0307 0.0494
119 0.1964 0.2191 0.1449 0.4290 0.0105
120 0.4922 0.2324 0.2100 0.0124 0.0531
121 0.3555 0.2295 0.1815 0.0492 0.1843
122 0.1925 0.4170 0.2571 0.0874 0.0461
123 0.2426 0.2406 0.1747 0.2664 0.0757
124 0.1869 0.2783 0.2576 0.1943 0.0829
125 0.2810 0.2329 0.0850 0.2460 0.1552
126 0.2639 0.5010 0.0673 0.0267 0.1412
127 0.2593 0.4587 0.0382 0.0129 0.2307
128 0.3987 0.3955 0.0433 0.1056 0.0570
129 0.0646 0.0803 0.0816 0.7163 0.0574
130 0.2383 0.3718 0.0688 0.2086 0.1125
131 0.1760 0.2313 0.1210 0.2074 0.2642
132 0.1550 0.0476 0.0646 0.6328 0.1001
133 0.1420 0.1420 0.0625 0.5356 0.1177
134 0.0643 0.1405 0.3022 0.4329 0.0600
135 0.0409 0.0435 0.3816 0.5215 0.0124
136 0.1940 0.2957 0.1396 0.1766 0.1940
137 0.2200 0.4766 0.0547 0.0635 0.1852
138 0.3442 0.2832 0.0553 0.2008 0.1162
139 0.3696 0.1471 0.0412 0.3640 0.0781
140 0.2595 0.0626 0.0480 0.5669 0.0626
141 0.4121 0.2275 0.0641 0.0405 0.2559
142 0.4307 0.1007 0.0560 0.0237 0.3889
143 0.3020 0.0439 0.0086 0.5386 0.1069
144 0.3469 0.2155 0.0352 0.0891 0.3135
145 0.3533 0.1438 0.0449 0.3701 0.0879
146 0.4585 0.3252 0.0760 0.0543 0.0861
147 0.2588 0.4009 0.0385 0.2301 0.0718
148 0.4087 0.2578 0.0274 0.1423 0.1638
149 0.3564 0.2820 0.0605 0.0634 0.2375
150 0.1351 0.3118 0.1230 0.1416 0.2883
151 0.3176 0.1881 0.0495 0.1488 0.2959
152 0.1952 0.0859 0.0501 0.5781 0.0908
153 0.5469 0.1616 0.0201 0.1137 0.1578
154 0.5938 0.0462 0.0167 0.2020 0.1411
155 0.3547 0.3604 0.0566 0.1049 0.1235
156 0.4297 0.0997 0.1300 0.1907 0.1497
157 0.3125 0.2051 0.0457 0.1713 0.2654
158 0.3196 0.3147 0.0324 0.0665 0.2671
159 0.4297 0.1212 0.0217 0.0741 0.3535
160 0.4260 0.1309 0.0478 0.1329 0.2625
161 0.4111 0.1853 0.0145 0.2269 0.1622
162 0.2815 0.2428 0.0729 0.1340 0.2688
163 0.2517 0.1327 0.0683 0.2598 0.2876
164 0.4041 0.2693 0.0314 0.1030 0.1924
165 0.2075 0.0950 0.0393 0.2705 0.3877
166 0.3882 0.2627 0.0959 0.1095 0.1439
167 0.5815 0.1190 0.0372 0.1705 0.0920
168 0.6440 0.0658 0.0165 0.1268 0.1471
169 0.6475 0.0392 0.0091 0.1503 0.1538
170 0.2062 0.3145 0.1036 0.3506 0.0252
171 0.3896 0.2273 0.0346 0.0890 0.2595
172 0.0857 0.0154 0.0594 0.8325 0.0070
173 0.1774 0.1371 0.2769 0.4028 0.0057
174 0.3596 0.2286 0.0204 0.0953 0.2959
175 0.0858 0.0734 0.1935 0.6440 0.0031
176 0.3518 0.0737 0.0969 0.4734 0.0044
177 0.2617 0.2422 0.1287 0.0441 0.3232
178 0.1163 0.0371 0.1678 0.6587 0.0202
179 0.5322 0.0985 0.0263 0.2637 0.0792
180 0.1564 0.2598 0.3752 0.0768 0.1317
181 0.4451 0.1367 0.0883 0.2678 0.0621
182 0.3171 0.1671 0.0332 0.0356 0.4470
183 0.3999 0.1995 0.1591 0.1288 0.1128
184 0.4004 0.1461 0.0204 0.0880 0.3452
185 0.3398 0.0268 0.0136 0.4231 0.1967
186 0.3198 0.3796 0.1559 0.0307 0.1140
187 0.2947 0.4783 0.0627 0.0470 0.1172
188 0.1940 0.1646 0.2610 0.3511 0.0293
189 0.2600 0.4355 0.1382 0.0355 0.1307
190 0.2126 0.0886 0.0701 0.4790 0.1495
191 0.6338 0.0793 0.0188 0.0906 0.1774
192 0.7563 0.0335 0.0044 0.0345 0.1714
193 0.8330 0.0276 0.0030 0.0124 0.1238
194 0.8320 0.0242 0.0024 0.0096 0.1317
195 0.8276 0.0206 0.0016 0.0065 0.1438
196 0.2029 0.2861 0.2485 0.2299 0.0326
