time exciting_prob fearful_prob tense_prob sad_prob relaxing_prob
0 0.2037 0.2830 0.2496 0.2310 0.0327
1 0.0836 0.3718 0.3230 0.0616 0.1599
2 0.0487 0.1244 0.4143 0.0527 0.3599
3 0.0385 0.2050 0.3125 0.1409 0.3030
4 0.0887 0.0930 0.1670 0.0952 0.5562
5 0.0426 0.0861 0.0239 0.0302 0.8169
6 0.0436 0.0789 0.0422 0.0509 0.7842
7 0.0522 0.0992 0.0671 0.0822 0.6992
8 0.0649 0.0834 0.0691 0.1271 0.6558
9 0.0841 0.1896 0.0665 0.0938 0.5659
10 0.0555 0.3765 0.0457 0.2469 0.2754
11 0.0410 0.2418 0.0383 0.2272 0.4517
12 0.1492 0.2744 0.0528 0.1246 0.3992
13 0.0536 0.1562 0.0401 0.0386 0.7114
14 0.0272 0.0706 0.0229 0.0121 0.8672
15 0.0567 0.0470 0.0306 0.0193 0.8462
16 0.0158 0.0267 0.0427 0.1586 0.7563
17 0.0925 0.0340 0.2595 0.2363 0.3777
18 0.0492 0.3110 0.1447 0.0831 0.4121
19 0.1076 0.1980 0.0554 0.0435 0.5957
20 0.0628 0.3528 0.0399 0.0769 0.4675
21 0.0890 0.2805 0.0395 0.0667 0.5244
22 0.0327 0.3154 0.0473 0.0593 0.5454
23 0.0853 0.2146 0.1096 0.2080 0.3826
24 0.0278 0.0340 0.0362 0.0651 0.8369
25 0.0491 0.0273 0.0210 0.0523 0.8501
26 0.0728 0.0638 0.0497 0.0723 0.7412
27 0.0514 0.1442 0.0748 0.0630 0.6665
28 0.0558 0.0757 0.1068 0.2603 0.5015
29 0.0637 0.2222 0.2205 0.2039 0.2898
30 0.0222 0.1077 0.2351 0.3999 0.2351
31 0.0859 0.4719 0.2014 0.1321 0.1086
32 0.1899 0.5410 0.0762 0.0265 0.1663
33 0.0576 0.0878 0.1918 0.3262 0.3367
34 0.2074 0.2683 0.2769 0.1628 0.0845
35 0.2205 0.2639 0.3208 0.0857 0.1091
36 0.1946 0.1691 0.2087 0.3208 0.1066
37 0.0560 0.3738 0.4954 0.0450 0.0298
38 0.3328 0.2632 0.1536 0.0766 0.1740
39 0.1251 0.5107 0.1582 0.0530 0.1533
40 0.2344 0.4080 0.1661 0.0630 0.1284
41 0.1689 0.3335 0.1664 0.2222 0.1091
42 0.0365 0.5615 0.2612 0.1376 0.0033
43 0.0986 0.1100 0.3037 0.3723 0.1153
44 0.1171 0.2744 0.2137 0.1246 0.2703
45 0.2495 0.0693 0.3687 0.1057 0.2068
46 0.0972 0.2996 0.3845 0.0452 0.1733
47 0.0635 0.7915 0.0742 0.0107 0.0601
48 0.0847 0.3508 0.1765 0.1271 0.2607
49 0.0862 0.4885 0.2964 0.0257 0.1032
50 0.1501 0.5669 0.1990 0.0469 0.0371
51 0.1742 0.3806 0.1573 0.2698 0.0181
52 0.1199 0.3208 0.3416 0.1199 0.0978
53 0.2050 0.2510 0.3174 0.1865 0.0400
54 0.1407 0.1301 0.1779 0.5068 0.0446
55 0.1086 0.3374 0.2283 0.2111 0.1147
56 0.0682 0.4177 0.2417 0.1489 0.1235
57 0.2319 0.1556 0.2030 0.2095 0.2000
58 0.0579 0.5278 0.1768 0.2035 0.0340
59 0.4509 0.1685 0.1418 0.1659 0.0730
60 0.0580 0.1482 0.3784 0.3904 0.0251
61 0.0175 0.3491 0.0557 0.5410 0.0368
62 0.2294 0.2405 0.1257 0.2769 0.1277
63 0.2008 0.4351 0.1829 0.1075 0.0739
64 0.0717 0.1278 0.2012 0.3818 0.2175
65 0.0616 0.4551 0.0468 0.3713 0.0651
66 0.0137 0.2357 0.4473 0.2935 0.0099
67 0.0657 0.2190 0.4355 0.2367 0.0431
68 0.0537 0.3940 0.1891 0.0839 0.2793
69 0.0359 0.5068 0.2629 0.1046 0.0895
70 0.0255 0.5586 0.3281 0.0528 0.0352
71 0.0514 0.1536 0.2003 0.5278 0.0671
72 0.1802 0.3611 0.3843 0.0278 0.0466
73 0.0424 0.5415 0.2766 0.0927 0.0466
74 0.1254 0.1377 0.2020 0.4309 0.1039
75 0.0494 0.3918 0.1141 0.2396 0.2050
76 0.0493 0.5967 0.3193 0.0108 0.0240
77 0.0527 0.4143 0.4998 0.0172 0.0162
78 0.1342 0.3479 0.2390 0.1696 0.1094
79 0.1112 0.4067 0.2795 0.0685 0.1342
80 0.0594 0.2240 0.3210 0.2040 0.1917
81 0.1689 0.3689 0.1066 0.1743 0.1813
82 0.0717 0.1404 0.4749 0.2279 0.0851
83 0.2358 0.2756 0.1659 0.2250 0.0975
84 0.1278 0.3503 0.1320 0.2903 0.0995
85 0.2196 0.4836 0.2529 0.0145 0.0295
86 0.2129 0.2957 0.3511 0.0248 0.1157
87 0.2214 0.3457 0.2432 0.0423 0.1475
88 0.1895 0.3682 0.2303 0.0953 0.1168
89 0.1004 0.3704 0.3425 0.1416 0.0453
90 0.0764 0.5342 0.2446 0.0442 0.1004
91 0.0513 0.2468 0.6304 0.0521 0.0195
92 0.0214 0.4407 0.1672 0.2322 0.1387
93 0.0674 0.2175 0.2664 0.1694 0.2793
94 0.0584 0.3992 0.3577 0.1316 0.0532
95 0.1080 0.3596 0.1080 0.0359 0.3887
96 0.1714 0.5532 0.2493 0.0164 0.0097
97 0.1689 0.4739 0.2220 0.1074 0.0278
98 0.2246 0.2666 0.1567 0.0789 0.2729
99 0.0279 0.0601 0.0483 0.8560 0.0079
100 0.0638 0.0958 0.1580 0.2729 0.4097
101 0.0491 0.3572 0.3354 0.1942 0.0640
102 0.1888 0.3936 0.1934 0.0308 0.1934
103 0.0964 0.4458 0.2620 0.0344 0.1615
104 0.1410 0.2361 0.1648 0.0925 0.3657
105 0.1097 0.3406 0.2510 0.0457 0.2529
106 0.0531 0.5488 0.1868 0.0726 0.1388
107 0.0483 0.6216 0.2891 0.0197 0.0214
108 0.1395 0.1936 0.1231 0.3674 0.1763
109 0.1399 0.4658 0.1674 0.0903 0.1366
110 0.1168 0.2825 0.1687 0.0578 0.3743
111 0.1028 0.2817 0.1877 0.1231 0.3047
112 0.1262 0.3513 0.2233 0.0670 0.2322
113 0.0415 0.6548 0.2688 0.0152 0.0195
114 0.2256 0.2021 0.1975 0.1049 0.2700
115 0.4368 0.2374 0.2196 0.0290 0.0771
116 0.2283 0.2356 0.1157 0.1406 0.2798
117 0.0767 0.3599 0.0848 0.0443 0.4341
118 0.2440 0.2620 0.2222 0.0919 0.1799
119 0.1464 0.4236 0.3052 0.0681 0.0569
120 0.0895 0.3796 0.3979 0.0610 0.0719
121 0.2362 0.4246 0.1160 0.0195 0.2036
122 0.1963 0.1541 0.1414 0.1746 0.3337
123 0.3103 0.1700 0.2252 0.1523 0.1421
124 0.1864 0.2842 0.3826 0.0502 0.0967
125 0.1570 0.3594 0.3430 0.0211 0.1194
126 0.5581 0.2085 0.0804 0.0641 0.0890
127 0.5073 0.2737 0.0703 0.0547 0.0939
128 0.0370 0.3892 0.5400 0.0081 0.0255
129 0.1682 0.5737 0.1202 0.0283 0.1095
130 0.0544 0.3435 0.0785 0.0540 0.4697
131 0.0633 0.4094 0.1137 0.0633 0.3503
132 0.0228 0.0556 0.0931 0.0961 0.7324
133 0.1265 0.3896 0.1479 0.1337 0.2021
134 0.1652 0.4634 0.1100 0.1425 0.1190
135 0.0745 0.1506 0.5508 0.1530 0.0711
136 0.0635 0.3921 0.1583 0.1168 0.2693
137 0.1726 0.3030 0.2397 0.1224 0.1622
138 0.0889 0.6567 0.2343 0.0100 0.0100
139 0.1207 0.1743 0.0955 0.0335 0.5762
140 0.0903 0.0597 0.0348 0.0164 0.7988
141 0.0948 0.5127 0.1075 0.0745 0.2104
142 0.0430 0.5752 0.3127 0.0433 0.0255
143 0.2856 0.2878 0.1517 0.0739 0.2009
144 0.2622 0.2708 0.0995 0.1052 0.2622
145 0.1195 0.1985 0.0931 0.0322 0.5566
146 0.0348 0.8555 0.0555 0.0051 0.0490
147 0.1323 0.1672 0.0834 0.0468 0.5703
148 0.0960 0.3223 0.1620 0.0923 0.3274
149 0.3479 0.1202 0.0930 0.0989 0.3398
150 0.0923 0.2015 0.1030 0.2549 0.3484
151 0.2363 0.2896 0.1898 0.0709 0.2135
152 0.0418 0.2314 0.5298 0.1340 0.0628
153 0.0919 0.5625 0.1265 0.1650 0.0540
154 0.1211 0.5557 0.1803 0.0958 0.0474
155 0.2227 0.3967 0.0740 0.0463 0.2603
156 0.3411 0.3035 0.1797 0.0484 0.1274
157 0.2571 0.2610 0.2549 0.0156 0.2114
158 0.0487 0.3516 0.3408 0.2379 0.0210
159 0.0193 0.8467 0.0942 0.0063 0.0336
160 0.0913 0.4937 0.3875 0.0098 0.0180
161 0.2698 0.3923 0.2698 0.0161 0.0523
162 0.1127 0.2385 0.4819 0.0488 0.1181
163 0.0215 0.3696 0.5723 0.0225 0.0141
164 0.0768 0.6484 0.2122 0.0289 0.0336
165 0.2362 0.3279 0.1700 0.0791 0.1868
166 0.1898 0.3958 0.1514 0.1549 0.1082
167 0.1646 0.3223 0.2715 0.2113 0.0304
168 0.1313 0.4622 0.1293 0.2416 0.0356
169 0.1151 0.1869 0.3130 0.2849 0.1000
170 0.1506 0.2012 0.2949 0.1519 0.2012
171 0.1038 0.2864 0.2489 0.3196 0.0413
172 0.1436 0.1602 0.0191 0.0187 0.6587
173 0.0790 0.1122 0.0606 0.0161 0.7319
174 0.0200 0.0225 0.0194 0.0244 0.9136
175 0.0294 0.0328 0.0207 0.0294 0.8877
176 0.0568 0.0228 0.0064 0.0186 0.8955
177 0.0532 0.0178 0.0051 0.0098 0.9141
178 0.0314 0.1921 0.0789 0.0478 0.6499
179 0.0688 0.2404 0.1033 0.0287 0.5586
180 0.0551 0.2229 0.1353 0.0765 0.5103
181 0.0604 0.1383 0.0384 0.0266 0.7363
182 0.0831 0.1772 0.0424 0.2040 0.4932
183 0.2404 0.2275 0.0246 0.0259 0.4817
184 0.0469 0.1691 0.0811 0.2137 0.4893
