time exciting_prob fearful_prob tense_prob sad_prob relaxing_prob
0 0.2827 0.3689 0.1161 0.1974 0.0349
1 0.0214 0.7861 0.1699 0.0168 0.0059
2 0.0611 0.7500 0.1584 0.0223 0.0081
3 0.0668 0.0521 0.0554 0.8145 0.0111
4 0.0333 0.6489 0.2812 0.0096 0.0268
5 0.0513 0.6348 0.2352 0.0326 0.0463
6 0.0601 0.0475 0.2338 0.6162 0.0426
7 0.0298 0.4478 0.4141 0.0889 0.0197
8 0.0392 0.3108 0.6084 0.0357 0.0058
9 0.0253 0.5083 0.2328 0.2023 0.0312
10 0.0461 0.4207 0.5151 0.0095 0.0085
11 0.0388 0.0316 0.0439 0.8418 0.0439
12 0.0202 0.6006 0.2334 0.0980 0.0478
13 0.1043 0.4822 0.2683 0.0572 0.0878
14 0.0761 0.7002 0.0919 0.0682 0.0636
15 0.0780 0.3928 0.4778 0.0160 0.0354
16 0.0272 0.6094 0.3088 0.0456 0.0088
17 0.0401 0.6880 0.2083 0.0413 0.0221
18 0.0788 0.6860 0.2158 0.0099 0.0094
19 0.0519 0.5942 0.2169 0.0602 0.0767
20 0.0949 0.5547 0.2332 0.0700 0.0470
21 0.1163 0.5215 0.2642 0.0489 0.0493
22 0.0563 0.5957 0.1642 0.1019 0.0819
23 0.0310 0.7686 0.1688 0.0284 0.0031
24 0.0219 0.6914 0.2389 0.0463 0.0017
25 0.0061 0.8022 0.1077 0.0833 0.0007
26 0.1212 0.4871 0.1764 0.1384 0.0770
27 0.0442 0.7773 0.1472 0.0233 0.0082
28 0.0471 0.7651 0.1508 0.0228 0.0141
29 0.2020 0.6836 0.0335 0.0503 0.0307
30 0.0164 0.6167 0.2050 0.1584 0.0034
31 0.0121 0.6865 0.1832 0.1156 0.0027
32 0.0867 0.4839 0.3247 0.0742 0.0305
33 0.0873 0.7485 0.0880 0.0534 0.0229
34 0.0925 0.7803 0.0602 0.0635 0.0037
35 0.6123 0.1584 0.1882 0.0223 0.0188
36 0.0295 0.6304 0.0833 0.2411 0.0158
37 0.1593 0.7026 0.0390 0.0752 0.0238
38 0.1219 0.5425 0.0695 0.0256 0.2406
39 0.0815 0.7612 0.1398 0.0073 0.0100
40 0.3186 0.5171 0.0971 0.0532 0.0142
41 0.1594 0.6660 0.0615 0.0789 0.0342
42 0.1458 0.6333 0.0912 0.0652 0.0647
43 0.3748 0.2458 0.3308 0.0437 0.0049
44 0.5913 0.0599 0.0613 0.2859 0.0016
45 0.0622 0.8003 0.0870 0.0421 0.0082
46 0.0715 0.7808 0.1024 0.0357 0.0096
47 0.0911 0.7168 0.0553 0.1306 0.0060
48 0.0571 0.6904 0.2368 0.0120 0.0034
49 0.4353 0.3262 0.0554 0.0905 0.0927
50 0.0594 0.7949 0.0623 0.0751 0.0084
51 0.1080 0.7983 0.0574 0.0305 0.0058
52 0.0838 0.6338 0.1903 0.0871 0.0051
53 0.0640 0.3953 0.3301 0.0298 0.1809
54 0.0277 0.3115 0.3115 0.3423 0.0069
55 0.3135 0.5947 0.0242 0.0185 0.0488
56 0.3787 0.4824 0.0478 0.0445 0.0467
57 0.2086 0.2498 0.3633 0.1469 0.0315
58 0.1388 0.2324 0.3032 0.2512 0.0743
59 0.1050 0.6240 0.2025 0.0455 0.0231
60 0.4187 0.2600 0.1050 0.0320 0.1843
61 0.2981 0.0861 0.0498 0.5483 0.0175
62 0.3503 0.5425 0.0813 0.0047 0.0209
63 0.2405 0.1979 0.1746 0.3340 0.0533
64 0.4087 0.2786 0.1041 0.1691 0.0395
65 0.1377 0.2343 0.3303 0.1741 0.1235
66 0.5024 0.3320 0.0833 0.0429 0.0396
67 0.1589 0.4636 0.2443 0.0520 0.0812
68 0.2971 0.2705 0.3875 0.0196 0.0252
69 0.2437 0.4624 0.0666 0.0330 0.1943
70 0.4592 0.0532 0.1663 0.1143 0.2070
71 0.4316 0.0437 0.2346 0.1664 0.1237
72 0.5762 0.2598 0.1208 0.0162 0.0272
73 0.4768 0.4443 0.0365 0.0186 0.0237
74 0.1406 0.6016 0.2095 0.0364 0.0120
75 0.6235 0.2367 0.0806 0.0299 0.0292
76 0.2097 0.6768 0.0724 0.0081 0.0329
77 0.5244 0.1550 0.2637 0.0160 0.0411
78 0.3877 0.2815 0.2388 0.0084 0.0838
79 0.1023 0.5664 0.2847 0.0351 0.0117
80 0.0683 0.7998 0.1041 0.0236 0.0040
81 0.5859 0.0851 0.0892 0.1759 0.0637
82 0.3184 0.1208 0.3496 0.1960 0.0152
83 0.1049 0.1526 0.2515 0.3894 0.1016
84 0.0471 0.0634 0.0493 0.7959 0.0442
85 0.1584 0.2532 0.1141 0.2397 0.2343
86 0.0425 0.5518 0.0718 0.3293 0.0046
87 0.0148 0.3389 0.0445 0.5996 0.0023
88 0.1599 0.2273 0.1663 0.2458 0.2006
89 0.1605 0.5391 0.2062 0.0577 0.0367
90 0.1654 0.6001 0.1318 0.0318 0.0706
91 0.0141 0.8613 0.0764 0.0475 0.0006
92 0.0789 0.7031 0.1486 0.0413 0.0281
93 0.0981 0.4199 0.3071 0.1384 0.0364
94 0.0515 0.7988 0.0848 0.0621 0.0030
95 0.1125 0.5166 0.2421 0.0830 0.0458
96 0.0534 0.3274 0.3887 0.0498 0.1808
97 0.0422 0.2583 0.2466 0.1906 0.2625
98 0.0524 0.2856 0.5679 0.0187 0.0751
99 0.3511 0.3298 0.1122 0.0605 0.1464
100 0.0781 0.0956 0.1248 0.6641 0.0375
101 0.1644 0.0765 0.1203 0.5146 0.1241
102 0.2401 0.4966 0.1771 0.0715 0.0146
103 0.2712 0.5928 0.0952 0.0200 0.0209
104 0.0179 0.8623 0.1096 0.0097 0.0004
105 0.0631 0.6421 0.2037 0.0798 0.0112
106 0.1078 0.6250 0.2111 0.0157 0.0403
107 0.0501 0.4902 0.4326 0.0198 0.0072
108 0.0414 0.5249 0.3901 0.0184 0.0249
109 0.0346 0.6079 0.3105 0.0245 0.0222
110 0.4937 0.0913 0.1628 0.2123 0.0399
111 0.1580 0.1310 0.1289 0.5601 0.0219
112 0.2161 0.3347 0.3562 0.0776 0.0153
113 0.3994 0.0448 0.1978 0.1665 0.1917
114 0.3364 0.0323 0.1093 0.3418 0.1802
115 0.2932 0.4136 0.2629 0.0197 0.0105
116 0.5542 0.2023 0.2039 0.0088 0.0308
117 0.0687 0.3657 0.3176 0.2252 0.0227
118 0.1295 0.4448 0.3630 0.0588 0.0036
119 0.1835 0.5435 0.2249 0.0233 0.0246
120 0.1908 0.4797 0.1821 0.0506 0.0967
121 0.4099 0.3425 0.1968 0.0221 0.0286
122 0.1260 0.6299 0.2373 0.0056 0.0012
123 0.3057 0.3179 0.2698 0.0407 0.0661
124 0.3115 0.2191 0.2333 0.0914 0.1448
125 0.1230 0.1472 0.3396 0.2996 0.0907
126 0.2317 0.5142 0.1736 0.0412 0.0393
127 0.0724 0.7427 0.1440 0.0353 0.0054
128 0.1100 0.2367 0.4780 0.1135 0.0617
129 0.1429 0.6406 0.1223 0.0248 0.0696
130 0.1232 0.1952 0.1061 0.0529 0.5225
131 0.0856 0.1207 0.3081 0.1575 0.3281
132 0.4939 0.2483 0.1860 0.0358 0.0360
133 0.1289 0.6968 0.0752 0.0422 0.0568
134 0.1366 0.1387 0.0835 0.4766 0.1647
135 0.1165 0.4573 0.1833 0.0432 0.1997
136 0.5073 0.3433 0.0875 0.0203 0.0420
137 0.1287 0.7944 0.0234 0.0268 0.0268
138 0.4146 0.4414 0.0925 0.0162 0.0354
139 0.3069 0.3674 0.2688 0.0262 0.0306
140 0.3462 0.5156 0.0698 0.0105 0.0579
141 0.3345 0.3398 0.1450 0.0475 0.1331
142 0.1359 0.6045 0.1058 0.0739 0.0799
143 0.0552 0.2084 0.1169 0.5938 0.0257
144 0.2100 0.2067 0.1047 0.3152 0.1635
145 0.3132 0.5806 0.0651 0.0036 0.0374
146 0.5078 0.3489 0.0961 0.0044 0.0427
147 0.0646 0.0842 0.1573 0.5938 0.1000
148 0.3704 0.2161 0.0712 0.2688 0.0735
149 0.1414 0.6743 0.1237 0.0338 0.0270
150 0.1705 0.1481 0.1746 0.1010 0.4058
151 0.2500 0.4563 0.0927 0.0251 0.1759
152 0.2322 0.3770 0.2097 0.0895 0.0916
153 0.0388 0.4299 0.5107 0.0176 0.0032
154 0.1037 0.5742 0.2886 0.0297 0.0039
155 0.2341 0.6465 0.0401 0.0433 0.0359
156 0.2534 0.6475 0.0227 0.0454 0.0310
157 0.1289 0.4326 0.1628 0.2407 0.0349
158 0.4075 0.2064 0.2017 0.0640 0.1204
159 0.2390 0.3142 0.3398 0.0490 0.0581
160 0.2795 0.3589 0.1044 0.2280 0.0292
161 0.2615 0.4963 0.2069 0.0271 0.0083
162 0.0753 0.5352 0.3826 0.0057 0.0011
163 0.0739 0.4060 0.5054 0.0126 0.0023
164 0.1088 0.7495 0.0888 0.0085 0.0443
165 0.0750 0.5581 0.3333 0.0123 0.0213
166 0.1742 0.6943 0.0677 0.0480 0.0155
167 0.1698 0.5029 0.1985 0.0129 0.1158
168 0.1203 0.4910 0.1440 0.0129 0.2319
169 0.2708 0.4902 0.2043 0.0195 0.0153
170 0.1879 0.5312 0.2394 0.0132 0.0284
171 0.2023 0.3867 0.3721 0.0349 0.0041
172 0.1791 0.5557 0.2094 0.0521 0.0038
173 0.1010 0.1493 0.0878 0.4121 0.2500
174 0.0564 0.7026 0.1165 0.0342 0.0901
175 0.0692 0.8042 0.1030 0.0109 0.0128
176 0.3267 0.1997 0.1438 0.1708 0.1592
177 0.2423 0.1059 0.0728 0.3904 0.1887
178 0.1175 0.0707 0.0735 0.5874 0.1509
179 0.3730 0.3789 0.0609 0.0690 0.1183
180 0.2722 0.3899 0.0844 0.1390 0.1144
181 0.0867 0.1343 0.4688 0.2394 0.0708
182 0.0606 0.0842 0.2361 0.5405 0.0785
183 0.0456 0.0812 0.1060 0.6143 0.1530
184 0.0851 0.1361 0.0950 0.6392 0.0445
185 0.1498 0.6255 0.1969 0.0117 0.0160
186 0.0238 0.7637 0.1049 0.0856 0.0222
187 0.0214 0.5425 0.3787 0.0254 0.0323
188 0.0345 0.5532 0.3008 0.0282 0.0835
189 0.0099 0.6201 0.2930 0.0690 0.0083
190 0.0162 0.5830 0.2932 0.0162 0.0916
191 0.2236 0.5664 0.1073 0.0557 0.0469
192 0.2617 0.5669 0.0843 0.0421 0.0451
193 0.0737 0.6777 0.2067 0.0143 0.0278
194 0.0279 0.1880 0.1659 0.6064 0.0116
195 0.1869 0.3865 0.1525 0.2004 0.0737
196 0.0863 0.2402 0.2766 0.2556 0.1412
197 0.0949 0.4934 0.1602 0.2258 0.0257
198 0.2450 0.1849 0.1311 0.4299 0.0091
199 0.0167 0.8320 0.1033 0.0164 0.0313
200 0.4170 0.2822 0.1865 0.1088 0.0057
201 0.0827 0.2338 0.1121 0.4575 0.1139
202 0.3730 0.4753 0.0309 0.0350 0.0859
203 0.0967 0.6357 0.1440 0.0342 0.0894
204 0.1268 0.1120 0.2192 0.5259 0.0160
205 0.5137 0.0634 0.1394 0.2666 0.0168
206 0.3855 0.4299 0.0659 0.0747 0.0439
207 0.0281 0.8613 0.0729 0.0295 0.0082
208 0.0052 0.6245 0.1192 0.2446 0.0062
209 0.2365 0.5762 0.1456 0.0229 0.0191
210 0.0794 0.8018 0.0845 0.0240 0.0103
211 0.5630 0.0598 0.1338 0.2311 0.0122
212 0.2590 0.5483 0.0731 0.0388 0.0809
213 0.0087 0.7280 0.1049 0.1490 0.0096
214 0.0099 0.7651 0.1094 0.0988 0.0166
215 0.2229 0.5474 0.1907 0.0288 0.0103
216 0.0961 0.6172 0.2100 0.0714 0.0056
217 0.5137 0.2666 0.0248 0.0189 0.1761
218 0.0668 0.6533 0.1602 0.0934 0.0263
219 0.3152 0.1115 0.1443 0.4111 0.0178
220 0.1830 0.1493 0.2424 0.3936 0.0318
221 0.5161 0.2069 0.0536 0.1389 0.0843
222 0.2874 0.3838 0.0863 0.2239 0.0187
223 0.2173 0.1019 0.0418 0.5464 0.0927
224 0.1320 0.0419 0.0390 0.7598 0.0275
225 0.2065 0.0875 0.0650 0.4839 0.1571
226 0.2847 0.0714 0.0198 0.5840 0.0401
227 0.4275 0.1687 0.0760 0.3032 0.0245
228 0.3269 0.2908 0.0981 0.2178 0.0664
229 0.0957 0.1393 0.1210 0.5771 0.0668
230 0.4231 0.1037 0.1791 0.2195 0.0746
231 0.4265 0.1113 0.1863 0.1984 0.0776
232 0.6084 0.0876 0.1379 0.0933 0.0727
233 0.6084 0.0876 0.1379 0.0933 0.0727
234 0.6084 0.0876 0.1379 0.0933 0.0727
235 0.6108 0.0853 0.1406 0.0922 0.0707
