time exciting_prob fearful_prob tense_prob sad_prob relaxing_prob
0 0.2037 0.2830 0.2496 0.2310 0.0327
1 0.0593 0.2700 0.2786 0.3257 0.0662
2 0.1007 0.1124 0.1852 0.4045 0.1971
3 0.1061 0.1724 0.0654 0.1497 0.5063
4 0.7666 0.0209 0.0356 0.0714 0.1054
5 0.9014 0.0112 0.0172 0.0136 0.0567
6 0.9263 0.0069 0.0124 0.0133 0.0410
7 0.1249 0.1191 0.0886 0.4031 0.2644
8 0.8931 0.0193 0.0020 0.0181 0.0678
9 0.9082 0.0165 0.0015 0.0136 0.0599
10 0.8696 0.0197 0.0016 0.0225 0.0868
11 0.5171 0.0278 0.0283 0.2480 0.1787
12 0.8955 0.0077 0.0076 0.0179 0.0712
13 0.3936 0.0734 0.0421 0.0652 0.4255
14 0.3833 0.1512 0.0606 0.0332 0.3716
15 0.4309 0.1610 0.1636 0.1169 0.1274
16 0.2910 0.0930 0.1509 0.3401 0.1251
17 0.4343 0.1783 0.1869 0.0816 0.1188
18 0.1613 0.0469 0.0575 0.7002 0.0341
19 0.2180 0.0634 0.1725 0.4836 0.0625
20 0.1122 0.4041 0.2610 0.1105 0.1122
21 0.3804 0.1675 0.1702 0.1990 0.0829
22 0.1287 0.2922 0.0870 0.3442 0.1481
23 0.2834 0.1666 0.2107 0.2581 0.0812
24 0.4487 0.2991 0.1613 0.0222 0.0688
25 0.3220 0.3074 0.2319 0.0990 0.0397
26 0.1791 0.4165 0.0880 0.0475 0.2688
27 0.0887 0.2588 0.4170 0.1365 0.0990
28 0.1493 0.3552 0.3391 0.1075 0.0489
29 0.3049 0.2690 0.0702 0.0990 0.2568
30 0.0619 0.2566 0.3145 0.3455 0.0214
31 0.1659 0.3889 0.1224 0.0472 0.2756
32 0.7275 0.0444 0.0239 0.1525 0.0515
33 0.1115 0.3435 0.3354 0.1254 0.0842
34 0.1420 0.1866 0.1007 0.3542 0.2166
35 0.1289 0.0832 0.0381 0.6147 0.1350
36 0.2225 0.1949 0.0537 0.2174 0.3115
37 0.1573 0.4343 0.1512 0.1702 0.0869
38 0.2925 0.2878 0.0858 0.2834 0.0504
39 0.3201 0.3433 0.0939 0.0917 0.1511
40 0.3616 0.2372 0.2094 0.0833 0.1086
41 0.0947 0.6035 0.0756 0.1082 0.1179
42 0.1108 0.4023 0.2188 0.0721 0.1960
43 0.2764 0.3257 0.1255 0.1770 0.0955
44 0.1482 0.6001 0.1641 0.0328 0.0549
45 0.4385 0.2328 0.0274 0.0593 0.2421
46 0.1072 0.4111 0.2512 0.1754 0.0548
47 0.0879 0.1011 0.0623 0.4604 0.2881
48 0.2080 0.2321 0.1088 0.1487 0.3027
49 0.0520 0.0799 0.5459 0.3110 0.0109
50 0.0498 0.1534 0.2064 0.3887 0.2017
51 0.0443 0.1836 0.3027 0.3430 0.1262
52 0.1038 0.1851 0.4800 0.0960 0.1354
53 0.0521 0.2524 0.4863 0.1965 0.0126
54 0.3840 0.2944 0.2349 0.0369 0.0496
55 0.1997 0.2883 0.0559 0.0463 0.4097
56 0.2108 0.3264 0.1554 0.2012 0.1060
57 0.0826 0.1721 0.1949 0.5020 0.0485
58 0.0670 0.0839 0.5063 0.3000 0.0429
59 0.2732 0.2932 0.0887 0.1556 0.1892
60 0.1407 0.4763 0.1302 0.1836 0.0692
61 0.1287 0.2404 0.2223 0.2559 0.1528
62 0.1720 0.1603 0.0590 0.4094 0.1995
63 0.3459 0.2491 0.0803 0.0468 0.2778
64 0.0309 0.3171 0.4834 0.1385 0.0300
65 0.1205 0.3076 0.2532 0.1293 0.1896
66 0.0537 0.4426 0.0957 0.2502 0.1578
67 0.0674 0.1907 0.3398 0.3589 0.0432
68 0.0427 0.2308 0.3660 0.3308 0.0296
69 0.2140 0.3813 0.2642 0.0250 0.1154
70 0.1091 0.1945 0.2517 0.1813 0.2637
71 0.2196 0.2527 0.2842 0.1765 0.0670
72 0.2668 0.1251 0.0680 0.1750 0.3647
73 0.2401 0.2700 0.2598 0.1390 0.0911
74 0.1387 0.2017 0.0293 0.1071 0.5234
75 0.0942 0.0949 0.0431 0.0500 0.7178
76 0.1208 0.1947 0.3723 0.2788 0.0333
77 0.1460 0.3042 0.2622 0.1616 0.1259
78 0.1313 0.1215 0.0606 0.2593 0.4272
79 0.1091 0.3416 0.1370 0.0891 0.3232
80 0.0886 0.0421 0.0787 0.4863 0.3042
81 0.1311 0.0600 0.0538 0.5518 0.2031
82 0.1838 0.1410 0.1008 0.2783 0.2961
83 0.1495 0.1669 0.1735 0.1543 0.3560
84 0.2277 0.1653 0.1787 0.2620 0.1665
85 0.1827 0.1276 0.4741 0.1886 0.0270
86 0.1489 0.4771 0.2437 0.0984 0.0317
87 0.3806 0.1378 0.1587 0.2457 0.0773
88 0.0308 0.5718 0.2920 0.0897 0.0160
89 0.1109 0.2500 0.3994 0.1338 0.1058
90 0.0853 0.3533 0.3169 0.1722 0.0724
91 0.2277 0.3015 0.1993 0.1209 0.1505
92 0.1963 0.1101 0.4092 0.2025 0.0818
93 0.2433 0.1487 0.3076 0.2233 0.0771
94 0.0887 0.1736 0.5347 0.1395 0.0634
95 0.1420 0.1881 0.2198 0.3982 0.0518
96 0.0402 0.0161 0.0837 0.8452 0.0148
97 0.2322 0.3174 0.1970 0.1262 0.1272
98 0.1699 0.1686 0.4619 0.1647 0.0351
99 0.2866 0.0426 0.3457 0.2610 0.0645
100 0.1924 0.0975 0.4912 0.1711 0.0479
101 0.2142 0.1111 0.2076 0.3760 0.0908
102 0.3394 0.1603 0.2058 0.1964 0.0980
103 0.0637 0.0623 0.2791 0.5908 0.0044
104 0.2410 0.1656 0.1450 0.1877 0.2605
105 0.2236 0.1611 0.1840 0.0597 0.3716
106 0.1664 0.0421 0.0368 0.5898 0.1650
107 0.0853 0.2668 0.3145 0.1053 0.2283
108 0.1725 0.0790 0.1149 0.2822 0.3513
109 0.1172 0.1298 0.2969 0.1705 0.2856
110 0.0606 0.0400 0.0968 0.7495 0.0530
111 0.1318 0.1888 0.2058 0.3784 0.0950
112 0.1870 0.0511 0.0354 0.4182 0.3083
113 0.0602 0.4478 0.3772 0.0766 0.0382
114 0.0536 0.1960 0.4524 0.2517 0.0462
115 0.0861 0.0243 0.0322 0.1312 0.7261
116 0.0219 0.2524 0.6396 0.0679 0.0179
117 0.2054 0.2988 0.2678 0.1703 0.0575
118 0.2025 0.2386 0.2406 0.2225 0.0957
119 0.1473 0.0551 0.0958 0.4329 0.2688
120 0.1060 0.0524 0.0763 0.6748 0.0906
121 0.0991 0.3223 0.1122 0.1821 0.2844
122 0.0641 0.2023 0.2023 0.2874 0.2439
123 0.0913 0.3391 0.2190 0.2725 0.0781
124 0.1270 0.3589 0.2300 0.0316 0.2524
125 0.0642 0.1932 0.2258 0.1829 0.3337
126 0.2417 0.2739 0.1700 0.1169 0.1973
127 0.0837 0.2170 0.2402 0.1758 0.2832
128 0.1111 0.3167 0.4097 0.0285 0.1340
129 0.0704 0.3518 0.3804 0.1090 0.0883
130 0.0755 0.2786 0.1783 0.1265 0.3411
131 0.0343 0.0536 0.4631 0.3721 0.0768
132 0.0196 0.0155 0.0600 0.0498 0.8550
133 0.4175 0.2217 0.2435 0.0766 0.0407
134 0.0648 0.1935 0.2351 0.1249 0.3816
135 0.0564 0.2063 0.1429 0.0379 0.5566
136 0.2747 0.1505 0.3472 0.1219 0.1059
137 0.1074 0.1716 0.3577 0.1285 0.2346
138 0.0873 0.2710 0.3850 0.1439 0.1129
139 0.1255 0.2595 0.3330 0.1958 0.0862
140 0.0530 0.0309 0.2568 0.6460 0.0134
141 0.1249 0.1449 0.4536 0.2485 0.0281
142 0.0688 0.0768 0.5376 0.2969 0.0199
143 0.2942 0.1422 0.3386 0.1226 0.1025
144 0.0733 0.0234 0.0818 0.8008 0.0208
145 0.3228 0.0862 0.1514 0.3955 0.0440
146 0.1153 0.0617 0.1276 0.6279 0.0673
147 0.1321 0.0605 0.2729 0.5020 0.0323
148 0.0928 0.0209 0.0899 0.7769 0.0197
149 0.6294 0.0460 0.1694 0.1183 0.0367
150 0.3359 0.0721 0.2054 0.3181 0.0683
151 0.2181 0.2981 0.0578 0.0772 0.3486
152 0.1017 0.2681 0.3467 0.2136 0.0699
153 0.0943 0.1340 0.4941 0.1763 0.1012
154 0.2073 0.0906 0.2041 0.4636 0.0344
155 0.0486 0.3916 0.4102 0.1185 0.0311
156 0.1707 0.0151 0.0638 0.7300 0.0207
157 0.2651 0.0676 0.2286 0.3682 0.0703
158 0.2241 0.0396 0.2969 0.4121 0.0274
159 0.2404 0.0884 0.1359 0.4253 0.1100
160 0.2081 0.1224 0.2322 0.3652 0.0720
161 0.1538 0.3989 0.3359 0.0480 0.0631
162 0.1035 0.3667 0.2900 0.0844 0.1553
163 0.1022 0.3828 0.2471 0.2433 0.0247
164 0.1044 0.2335 0.1331 0.0789 0.4502
165 0.1243 0.1055 0.2529 0.3352 0.1823
166 0.0882 0.1187 0.1687 0.2100 0.4143
167 0.0588 0.3438 0.4485 0.1188 0.0300
168 0.2510 0.0498 0.1322 0.4875 0.0796
169 0.0574 0.3354 0.3303 0.1661 0.1107
170 0.2664 0.1628 0.2012 0.2837 0.0858
171 0.2571 0.0968 0.1672 0.2937 0.1852
172 0.1372 0.1790 0.2484 0.3586 0.0770
173 0.0936 0.1483 0.2708 0.4260 0.0614
174 0.1714 0.3354 0.2115 0.1727 0.1089
175 0.1427 0.0734 0.0653 0.6968 0.0219
176 0.2673 0.3569 0.2166 0.0225 0.1366
177 0.1005 0.0765 0.2886 0.3621 0.1724
178 0.1355 0.2571 0.3459 0.1609 0.1006
179 0.0407 0.1421 0.2494 0.4517 0.1160
180 0.0695 0.1119 0.0623 0.6538 0.1027
181 0.1935 0.0674 0.0936 0.4395 0.2061
182 0.1653 0.2502 0.2350 0.2332 0.1163
183 0.0626 0.3599 0.3489 0.1741 0.0547
184 0.4736 0.1783 0.0148 0.1326 0.2006
185 0.0248 0.1461 0.6753 0.1394 0.0144
186 0.1221 0.1395 0.2546 0.2212 0.2627
187 0.1080 0.2822 0.4236 0.1132 0.0731
188 0.2255 0.3057 0.2761 0.1265 0.0661
189 0.1589 0.1844 0.2747 0.3391 0.0428
190 0.2671 0.1738 0.2935 0.1046 0.1608
191 0.0677 0.1216 0.1216 0.1649 0.5239
192 0.0873 0.0323 0.1967 0.6348 0.0490
193 0.0891 0.1469 0.4021 0.3035 0.0584
194 0.0825 0.1309 0.3967 0.3501 0.0396
195 0.0995 0.0124 0.0558 0.8203 0.0117
196 0.1516 0.0768 0.2056 0.5049 0.0612
197 0.0995 0.0268 0.1127 0.7466 0.0144
198 0.2034 0.1039 0.3950 0.2632 0.0345
199 0.0388 0.0410 0.0362 0.8765 0.0077
200 0.1354 0.0145 0.0353 0.8037 0.0113
201 0.1351 0.0735 0.2111 0.5103 0.0701
202 0.0803 0.0420 0.1273 0.6519 0.0984
203 0.1696 0.0614 0.1384 0.5435 0.0873
204 0.0572 0.1555 0.4067 0.3479 0.0326
205 0.1311 0.0691 0.2546 0.3882 0.1569
206 0.1039 0.1409 0.3127 0.3201 0.1224
207 0.1829 0.0481 0.1136 0.5591 0.0964
208 0.3638 0.1917 0.2008 0.2040 0.0399
209 0.1208 0.1074 0.3691 0.2722 0.1306
210 0.1322 0.0783 0.3376 0.4202 0.0316
211 0.1236 0.0511 0.1236 0.6631 0.0389
212 0.0560 0.1046 0.7261 0.0090 0.1046
213 0.0781 0.0516 0.2664 0.5820 0.0219
214 0.1537 0.0484 0.5405 0.2151 0.0420
215 0.0371 0.0504 0.2122 0.6533 0.0470
216 0.1407 0.2321 0.1054 0.0983 0.4236
217 0.1490 0.0970 0.2556 0.3777 0.1207
218 0.2062 0.0820 0.3647 0.3120 0.0350
219 0.3333 0.1099 0.1649 0.2219 0.1702
220 0.0793 0.4253 0.1814 0.1576 0.1564
221 0.0745 0.2949 0.2859 0.2010 0.1437
222 0.1076 0.4746 0.2878 0.0213 0.1085
223 0.0964 0.2347 0.4744 0.1026 0.0919
224 0.0985 0.2021 0.4485 0.1526 0.0985
225 0.3162 0.3997 0.2207 0.0435 0.0202
226 0.3247 0.3147 0.1823 0.1176 0.0605
227 0.1174 0.4363 0.1044 0.1484 0.1936
228 0.1925 0.5747 0.1699 0.0382 0.0247
229 0.2126 0.3093 0.2487 0.1907 0.0387
230 0.1277 0.0594 0.2744 0.4893 0.0492
231 0.3154 0.1040 0.1356 0.3518 0.0932
232 0.3154 0.1040 0.1356 0.3518 0.0932
233 0.2037 0.2830 0.2496 0.2310 0.0327
234 0.6353 0.0795 0.0807 0.1462 0.0582
235 0.5981 0.0862 0.0932 0.1584 0.0640
236 0.6021 0.0854 0.0938 0.1571 0.0615
237 0.6025 0.0841 0.0938 0.1571 0.0625
238 0.2037 0.2830 0.2496 0.2310 0.0327
239 0.2037 0.2830 0.2496 0.2310 0.0327
