time exciting_prob fearful_prob tense_prob sad_prob relaxing_prob
0 0.0927 0.1603 0.2947 0.1482 0.3042
1 0.1249 0.0928 0.1733 0.3447 0.2644
2 0.0788 0.4905 0.4001 0.0154 0.0152
3 0.0988 0.2225 0.6338 0.0252 0.0197
4 0.0430 0.6411 0.2590 0.0192 0.0376
5 0.1617 0.3821 0.3218 0.0555 0.0789
6 0.0317 0.4116 0.5366 0.0152 0.0046
7 0.0241 0.3328 0.6318 0.0047 0.0066
8 0.0672 0.2808 0.2517 0.0166 0.3838
9 0.0859 0.1052 0.3506 0.0794 0.3789
10 0.0281 0.4329 0.4131 0.0718 0.0542
11 0.0672 0.2637 0.5498 0.0602 0.0593
12 0.0579 0.1959 0.5669 0.1001 0.0792
13 0.0753 0.4539 0.2930 0.0028 0.1750
14 0.0856 0.2595 0.3689 0.1017 0.1841
15 0.1206 0.4146 0.3545 0.0057 0.1048
16 0.0607 0.3386 0.5498 0.0213 0.0296
17 0.0568 0.1833 0.4133 0.2930 0.0534
18 0.0070 0.4490 0.5332 0.0037 0.0071
19 0.0831 0.3264 0.4822 0.0627 0.0456
20 0.1473 0.1130 0.4397 0.0922 0.2078
21 0.0845 0.2625 0.3760 0.0306 0.2466
22 0.1232 0.1509 0.6816 0.0304 0.0138
23 0.2021 0.4414 0.2102 0.0148 0.1315
24 0.0410 0.1488 0.3149 0.4656 0.0295
25 0.0381 0.5352 0.3145 0.0192 0.0930
26 0.0834 0.3916 0.3677 0.0615 0.0959
27 0.0925 0.3894 0.1989 0.0014 0.3179
28 0.1748 0.3672 0.2092 0.0077 0.2408
29 0.0633 0.2927 0.5469 0.0879 0.0094
30 0.0627 0.3445 0.4563 0.0349 0.1018
31 0.0117 0.1832 0.3369 0.4534 0.0147
32 0.1913 0.3518 0.4048 0.0210 0.0312
33 0.0734 0.1155 0.3289 0.4224 0.0599
34 0.3091 0.1085 0.5513 0.0161 0.0152
35 0.1135 0.2854 0.4778 0.0817 0.0417
36 0.1456 0.2185 0.4019 0.1841 0.0499
37 0.1154 0.4124 0.4460 0.0092 0.0170
38 0.1060 0.2388 0.5215 0.0164 0.1173
39 0.1605 0.1212 0.5103 0.1791 0.0290
40 0.0804 0.3748 0.2917 0.0259 0.2273
41 0.1309 0.0663 0.6802 0.0297 0.0928
42 0.2954 0.2301 0.3401 0.1037 0.0307
43 0.3491 0.1958 0.4346 0.0125 0.0081
44 0.2769 0.2057 0.5093 0.0058 0.0025
45 0.0511 0.4451 0.4116 0.0836 0.0088
46 0.9556 0.0072 0.0234 0.0127 0.0011
47 0.1986 0.1753 0.6167 0.0062 0.0032
48 0.1075 0.2581 0.5723 0.0441 0.0181
49 0.2194 0.2837 0.4866 0.0043 0.0060
50 0.3181 0.2053 0.4148 0.0371 0.0247
51 0.0778 0.3403 0.4580 0.0373 0.0867
52 0.2993 0.0818 0.1470 0.3611 0.1110
53 0.8340 0.0668 0.0623 0.0311 0.0059
54 0.7832 0.0599 0.0865 0.0572 0.0133
55 0.8506 0.0565 0.0621 0.0211 0.0094
56 0.1782 0.2634 0.1334 0.0106 0.4143
57 0.0471 0.1279 0.7139 0.0997 0.0115
58 0.4436 0.2568 0.2649 0.0224 0.0121
59 0.0313 0.0950 0.4751 0.0229 0.3757
60 0.2279 0.1278 0.6001 0.0168 0.0272
61 0.2096 0.2266 0.5522 0.0067 0.0049
62 0.8589 0.0253 0.0799 0.0308 0.0050
63 0.8926 0.0232 0.0584 0.0220 0.0037
64 0.0254 0.2954 0.6255 0.0467 0.0072
65 0.1582 0.4072 0.3650 0.0681 0.0017
66 0.1119 0.0562 0.5771 0.2332 0.0217
67 0.3091 0.1790 0.4827 0.0224 0.0069
68 0.3186 0.1035 0.5015 0.0326 0.0441
69 0.1796 0.2573 0.4446 0.0977 0.0210
70 0.1726 0.1809 0.5073 0.0630 0.0760
71 0.1819 0.1921 0.6108 0.0030 0.0122
72 0.0260 0.0509 0.0753 0.2467 0.6011
73 0.0610 0.3564 0.5269 0.0356 0.0204
74 0.1407 0.0640 0.7793 0.0084 0.0077
75 0.1006 0.4138 0.2981 0.0147 0.1726
76 0.2593 0.0630 0.5444 0.0984 0.0348
77 0.0905 0.2460 0.2170 0.0080 0.4385
78 0.0959 0.4167 0.3347 0.0097 0.1428
79 0.4214 0.1265 0.3660 0.0421 0.0441
80 0.0824 0.2460 0.4668 0.0333 0.1718
81 0.0808 0.2820 0.3564 0.2690 0.0115
82 0.0352 0.4634 0.3135 0.1528 0.0352
83 0.3508 0.2355 0.3975 0.0098 0.0064
84 0.1465 0.3513 0.4583 0.0288 0.0153
85 0.5469 0.2427 0.1776 0.0169 0.0159
86 0.4258 0.1220 0.3115 0.1011 0.0396
87 0.2625 0.1860 0.3318 0.1146 0.1052
88 0.1422 0.2186 0.3896 0.2327 0.0167
89 0.0632 0.4058 0.5210 0.0068 0.0031
90 0.0267 0.1038 0.6768 0.1711 0.0218
91 0.1709 0.1567 0.5063 0.1165 0.0497
92 0.0885 0.4709 0.4290 0.0023 0.0093
93 0.1141 0.1313 0.3921 0.3250 0.0376
94 0.1357 0.3308 0.4248 0.0891 0.0194
95 0.0457 0.0754 0.6724 0.1956 0.0110
96 0.0933 0.2151 0.5493 0.0773 0.0651
97 0.2539 0.2189 0.3904 0.1144 0.0224
98 0.0538 0.5356 0.3738 0.0121 0.0248
99 0.0348 0.2163 0.5522 0.1608 0.0356
100 0.1642 0.0525 0.4260 0.3369 0.0204
101 0.1578 0.2749 0.5381 0.0149 0.0140
102 0.1488 0.1465 0.5884 0.0714 0.0450
103 0.1058 0.0898 0.6431 0.0934 0.0678
104 0.2426 0.1667 0.3213 0.2426 0.0268
105 0.2529 0.0765 0.5698 0.0629 0.0379
106 0.0977 0.1974 0.6577 0.0195 0.0278
107 0.2288 0.1000 0.4143 0.2115 0.0454
108 0.2568 0.2607 0.4648 0.0129 0.0047
109 0.3440 0.1434 0.4487 0.0469 0.0171
110 0.0711 0.1229 0.4712 0.1934 0.1415
111 0.2476 0.0911 0.3955 0.1755 0.0903
112 0.3213 0.3755 0.2561 0.0268 0.0202
113 0.2271 0.1421 0.5117 0.0185 0.1008
114 0.1735 0.1461 0.6006 0.0229 0.0568
115 0.2264 0.2391 0.3479 0.1656 0.0209
116 0.1819 0.1069 0.2688 0.4163 0.0260
117 0.0760 0.5239 0.3545 0.0092 0.0362
118 0.1237 0.2347 0.4971 0.0540 0.0905
119 0.1049 0.3550 0.5166 0.0065 0.0170
120 0.1591 0.1641 0.6440 0.0201 0.0130
121 0.1489 0.0737 0.2781 0.4446 0.0548
122 0.0828 0.4836 0.2214 0.0226 0.1895
123 0.0479 0.1203 0.4333 0.3323 0.0665
124 0.0401 0.5078 0.4277 0.0158 0.0084
125 0.1312 0.3298 0.3298 0.0182 0.1909
126 0.2510 0.1924 0.5068 0.0322 0.0175
127 0.0948 0.4666 0.2786 0.0146 0.1456
128 0.1039 0.3772 0.4844 0.0200 0.0144
129 0.1702 0.4019 0.4148 0.0070 0.0062
130 0.1863 0.1907 0.5352 0.0139 0.0741
131 0.1506 0.0623 0.7358 0.0393 0.0121
132 0.2705 0.1249 0.5728 0.0220 0.0096
133 0.3953 0.1635 0.4048 0.0118 0.0247
134 0.2278 0.3315 0.4028 0.0174 0.0204
135 0.1437 0.1102 0.7129 0.0176 0.0159
136 0.3013 0.1930 0.4487 0.0357 0.0215
137 0.1593 0.2194 0.5962 0.0201 0.0048
138 0.1465 0.1866 0.6265 0.0209 0.0195
139 0.2842 0.1632 0.5186 0.0198 0.0143
140 0.4639 0.1019 0.3213 0.0470 0.0658
141 0.1360 0.1154 0.7012 0.0301 0.0172
142 0.1685 0.2285 0.2549 0.3376 0.0105
143 0.2194 0.1310 0.3792 0.2372 0.0334
144 0.5537 0.1188 0.2678 0.0185 0.0411
145 0.2056 0.1931 0.5762 0.0194 0.0056
146 0.1567 0.3267 0.4902 0.0153 0.0111
147 0.1976 0.1730 0.5854 0.0232 0.0208
148 0.4082 0.1245 0.1586 0.2595 0.0491
149 0.3186 0.0751 0.2350 0.0787 0.2925
150 0.4163 0.2487 0.2159 0.0345 0.0846
151 0.1674 0.1313 0.3684 0.0506 0.2825
152 0.1215 0.1512 0.6567 0.0515 0.0189
153 0.1498 0.2546 0.5737 0.0176 0.0040
154 0.2346 0.1703 0.4521 0.0891 0.0540
155 0.0313 0.4905 0.4680 0.0017 0.0084
156 0.0501 0.3191 0.4033 0.1102 0.1174
157 0.2632 0.2288 0.4768 0.0259 0.0053
158 0.0945 0.3147 0.5107 0.0307 0.0494
159 0.2169 0.1125 0.2308 0.4246 0.0150
160 0.1567 0.1776 0.5776 0.0826 0.0054
161 0.0856 0.1188 0.4851 0.2942 0.0163
162 0.1064 0.2891 0.4548 0.0214 0.1283
163 0.1085 0.4158 0.4565 0.0107 0.0086
164 0.1104 0.0364 0.3679 0.2162 0.2690
165 0.6133 0.1357 0.1785 0.0398 0.0325
166 0.2406 0.3474 0.3999 0.0080 0.0042
167 0.4443 0.2115 0.1700 0.1489 0.0251
168 0.0972 0.1437 0.3728 0.3394 0.0470
169 0.5679 0.1470 0.1505 0.1191 0.0155
170 0.2664 0.3420 0.2791 0.0463 0.0663
171 0.5073 0.0535 0.1205 0.2935 0.0255
172 0.2334 0.3423 0.3477 0.0648 0.0117
173 0.0724 0.0510 0.8555 0.0175 0.0037
174 0.1528 0.3286 0.4355 0.0717 0.0112
175 0.3289 0.1068 0.4939 0.0618 0.0086
176 0.0365 0.3464 0.3926 0.1008 0.1235
177 0.6646 0.0965 0.1747 0.0304 0.0339
178 0.4980 0.1605 0.2485 0.0199 0.0729
179 0.0242 0.2546 0.6499 0.0390 0.0321
180 0.1926 0.3328 0.4341 0.0081 0.0324
181 0.4526 0.1932 0.1815 0.0323 0.1403
182 0.1614 0.2172 0.4319 0.1423 0.0473
183 0.2286 0.1548 0.3950 0.1896 0.0319
184 0.1333 0.1140 0.3738 0.3198 0.0591
185 0.0283 0.3940 0.5469 0.0193 0.0114
186 0.0522 0.0453 0.8164 0.0796 0.0065
187 0.0959 0.5649 0.3118 0.0126 0.0149
188 0.0474 0.0227 0.1172 0.1482 0.6646
189 0.2001 0.0828 0.3623 0.3298 0.0252
190 0.0920 0.1859 0.4258 0.2042 0.0920
191 0.1536 0.0737 0.5361 0.0426 0.1941
192 0.1676 0.3132 0.3181 0.0598 0.1412
193 0.0807 0.1372 0.4790 0.1155 0.1876
194 0.0839 0.0865 0.1427 0.0674 0.6196
195 0.3501 0.1404 0.4785 0.0244 0.0068
196 0.0576 0.0516 0.1403 0.0603 0.6904
197 0.1147 0.1061 0.1593 0.0184 0.6016
198 0.0689 0.1788 0.5596 0.1530 0.0399
199 0.1276 0.1539 0.4385 0.0377 0.2422
200 0.0632 0.2349 0.2462 0.0303 0.4253
201 0.0755 0.0677 0.2118 0.1898 0.4553
202 0.0823 0.1143 0.2419 0.2458 0.3157
203 0.1027 0.0594 0.2041 0.1042 0.5293
204 0.2083 0.2252 0.4480 0.0247 0.0939
205 0.0941 0.0368 0.2119 0.0627 0.5942
206 0.1030 0.0413 0.0917 0.0868 0.6772
207 0.1035 0.2793 0.5732 0.0108 0.0334
208 0.0864 0.6636 0.2404 0.0015 0.0084
209 0.1520 0.1416 0.3022 0.1497 0.2544
210 0.0695 0.3318 0.5298 0.0550 0.0138
211 0.3374 0.4719 0.1450 0.0326 0.0131
212 0.1873 0.0964 0.2520 0.0492 0.4153
213 0.0762 0.3469 0.4055 0.0291 0.1423
214 0.1483 0.2996 0.5425 0.0082 0.0017
215 0.2090 0.2900 0.4709 0.0266 0.0034
216 0.2747 0.0769 0.2878 0.3262 0.0344
217 0.1873 0.3499 0.3552 0.0662 0.0414
218 0.2173 0.4600 0.2664 0.0102 0.0463
219 0.5864 0.1404 0.1859 0.0706 0.0166
220 0.6348 0.0712 0.1290 0.1212 0.0435
221 0.0728 0.5552 0.2350 0.0632 0.0740
222 0.0584 0.1327 0.2294 0.0627 0.5166
223 0.3274 0.2180 0.4011 0.0262 0.0273
224 0.1382 0.2837 0.5552 0.0198 0.0032
225 0.1003 0.4531 0.3474 0.0260 0.0734
226 0.1061 0.4609 0.2751 0.1021 0.0559
227 0.0997 0.4199 0.4470 0.0076 0.0256
228 0.1208 0.3335 0.5005 0.0225 0.0227
229 0.1194 0.4333 0.3765 0.0197 0.0510
230 0.1104 0.2627 0.5562 0.0136 0.0573
231 0.1608 0.3123 0.4011 0.0342 0.0916
232 0.2037 0.2830 0.2496 0.2310 0.0327
233 0.2037 0.2830 0.2496 0.2310 0.0327
234 0.7007 0.2274 0.0455 0.0097 0.0169
235 0.6807 0.2352 0.0542 0.0123 0.0176
236 0.6836 0.2325 0.0544 0.0122 0.0175
237 0.6636 0.2404 0.0627 0.0149 0.0184
238 0.6636 0.2404 0.0627 0.0149 0.0184
