time exciting_prob fearful_prob tense_prob sad_prob relaxing_prob
0 0.6450 0.0586 0.0609 0.1968 0.0385
1 0.7402 0.0870 0.0768 0.0721 0.0236
2 0.4199 0.3538 0.0311 0.1620 0.0332
3 0.1815 0.1553 0.2260 0.3445 0.0927
4 0.0091 0.1070 0.6401 0.1139 0.1300
5 0.0091 0.0759 0.8896 0.0129 0.0122
6 0.0878 0.0745 0.7070 0.0281 0.1027
7 0.1066 0.0844 0.6382 0.0349 0.1359
8 0.2040 0.0438 0.1744 0.4744 0.1034
9 0.4272 0.0676 0.3569 0.1063 0.0420
10 0.5298 0.0285 0.3845 0.0390 0.0186
11 0.0793 0.0949 0.6235 0.0858 0.1163
12 0.1429 0.1014 0.5972 0.0350 0.1233
13 0.0799 0.0864 0.5815 0.0576 0.1947
14 0.1178 0.0552 0.5752 0.0842 0.1675
15 0.1575 0.0593 0.6377 0.0739 0.0715
16 0.0972 0.1404 0.5552 0.1128 0.0942
17 0.0478 0.1875 0.6445 0.0643 0.0559
18 0.1259 0.2043 0.5913 0.0387 0.0399
19 0.0158 0.1394 0.7959 0.0347 0.0145
20 0.0980 0.0537 0.7412 0.0906 0.0163
21 0.1415 0.1027 0.4714 0.2484 0.0361
22 0.1383 0.1617 0.6299 0.0464 0.0237
23 0.1564 0.1600 0.6279 0.0103 0.0451
24 0.3403 0.2048 0.3711 0.0475 0.0362
25 0.0535 0.2913 0.5840 0.0314 0.0397
26 0.3489 0.1882 0.3601 0.0666 0.0362
27 0.3564 0.0373 0.2864 0.2798 0.0403
28 0.7339 0.1625 0.0444 0.0515 0.0074
29 0.2015 0.1301 0.5566 0.1030 0.0089
30 0.1252 0.1272 0.3376 0.1608 0.2490
31 0.0813 0.2141 0.5913 0.0628 0.0505
32 0.1223 0.4236 0.3679 0.0502 0.0359
33 0.1447 0.0668 0.5420 0.2155 0.0313
34 0.2480 0.0825 0.5947 0.0341 0.0405
35 0.0751 0.1093 0.7769 0.0252 0.0135
36 0.0251 0.2173 0.4458 0.2969 0.0149
37 0.1252 0.1054 0.3074 0.4404 0.0216
38 0.3503 0.0159 0.1790 0.3789 0.0758
39 0.2383 0.1295 0.3989 0.1716 0.0617
40 0.1832 0.1147 0.4573 0.2228 0.0221
41 0.0839 0.3479 0.5142 0.0387 0.0151
42 0.1174 0.0958 0.6914 0.0513 0.0439
43 0.2148 0.0999 0.4141 0.2003 0.0709
44 0.2886 0.1176 0.3945 0.0460 0.1533
45 0.2235 0.1941 0.3984 0.1224 0.0616
46 0.0684 0.0308 0.1267 0.7407 0.0331
47 0.0880 0.1052 0.5020 0.2773 0.0275
48 0.3118 0.0936 0.5059 0.0752 0.0133
49 0.0834 0.3376 0.5146 0.0587 0.0057
50 0.1078 0.1036 0.4468 0.3269 0.0149
51 0.1152 0.1133 0.5942 0.1389 0.0386
52 0.0502 0.0620 0.1509 0.6978 0.0391
53 0.1020 0.1906 0.6445 0.0493 0.0138
54 0.4133 0.2468 0.1937 0.0908 0.0555
55 0.1637 0.2438 0.4924 0.0636 0.0365
56 0.1117 0.3108 0.5166 0.0202 0.0408
57 0.0379 0.3027 0.6460 0.0070 0.0067
58 0.1298 0.3088 0.4529 0.0668 0.0415
59 0.1410 0.1254 0.4209 0.2474 0.0651
60 0.2825 0.1047 0.3101 0.2493 0.0535
61 0.2881 0.1309 0.3369 0.1964 0.0478
62 0.1538 0.2119 0.5537 0.0762 0.0042
63 0.2659 0.0622 0.2104 0.3809 0.0805
64 0.3408 0.1942 0.2512 0.1081 0.1056
65 0.1360 0.1371 0.4529 0.2502 0.0238
66 0.1924 0.0686 0.2510 0.2800 0.2080
67 0.1473 0.0460 0.3318 0.3940 0.0807
68 0.0644 0.0952 0.5874 0.2450 0.0079
69 0.1560 0.0784 0.3462 0.3684 0.0511
70 0.2209 0.2175 0.2927 0.2625 0.0063
71 0.2517 0.1458 0.4185 0.1190 0.0652
72 0.1627 0.4253 0.2090 0.1639 0.0389
73 0.2328 0.0941 0.3806 0.2478 0.0448
74 0.1449 0.0554 0.3557 0.4031 0.0409
75 0.4490 0.0247 0.1626 0.3086 0.0549
76 0.2382 0.0540 0.0925 0.6035 0.0117
77 0.3555 0.1318 0.2424 0.2090 0.0613
78 0.1038 0.2394 0.4268 0.2146 0.0154
79 0.2490 0.1487 0.2113 0.3682 0.0228
80 0.3516 0.1796 0.3489 0.0651 0.0548
81 0.3721 0.1931 0.3335 0.0864 0.0148
82 0.2661 0.1050 0.3313 0.2277 0.0699
83 0.1154 0.3552 0.2725 0.2500 0.0068
84 0.1548 0.2493 0.2341 0.1957 0.1660
85 0.2542 0.3188 0.2561 0.1591 0.0119
86 0.2167 0.1675 0.4146 0.1197 0.0816
87 0.3687 0.1810 0.2271 0.2051 0.0182
88 0.1555 0.0894 0.6299 0.1111 0.0141
89 0.1141 0.3542 0.2473 0.1674 0.1168
90 0.2141 0.2603 0.3728 0.1299 0.0228
91 0.1552 0.0113 0.0580 0.5854 0.1901
92 0.0845 0.0129 0.0299 0.8018 0.0712
93 0.2869 0.0976 0.4917 0.0961 0.0277
94 0.1239 0.2333 0.1329 0.4497 0.0604
95 0.2793 0.1506 0.3020 0.1278 0.1404
96 0.3149 0.4373 0.2268 0.0142 0.0069
97 0.2324 0.2307 0.3303 0.1512 0.0552
98 0.1071 0.2842 0.5522 0.0530 0.0035
99 0.2246 0.2795 0.4331 0.0384 0.0242
100 0.2588 0.1087 0.2507 0.1908 0.1908
101 0.2319 0.2754 0.4006 0.0577 0.0342
102 0.0936 0.1506 0.6968 0.0533 0.0059
103 0.3274 0.1725 0.4583 0.0211 0.0208
104 0.2289 0.3984 0.2512 0.1031 0.0182
105 0.2352 0.2334 0.1721 0.3267 0.0326
106 0.2522 0.1642 0.3877 0.1182 0.0776
107 0.3677 0.1683 0.1737 0.0952 0.1952
108 0.3496 0.1677 0.1368 0.1017 0.2440
109 0.2290 0.1490 0.6035 0.0083 0.0101
110 0.2323 0.4014 0.3176 0.0136 0.0351
111 0.1361 0.1875 0.6245 0.0355 0.0161
112 0.1660 0.1488 0.3860 0.2737 0.0257
113 0.2859 0.0482 0.4226 0.2092 0.0339
114 0.3169 0.2668 0.2817 0.1013 0.0334
115 0.2324 0.2067 0.4658 0.0731 0.0220
116 0.0714 0.4653 0.3918 0.0620 0.0094
117 0.0661 0.2534 0.3411 0.1421 0.1974
118 0.0897 0.0842 0.3833 0.3330 0.1098
119 0.2429 0.2729 0.3733 0.0345 0.0764
120 0.1417 0.2690 0.4871 0.0974 0.0049
121 0.2285 0.3430 0.3770 0.0457 0.0058
122 0.3491 0.2576 0.2363 0.0856 0.0715
123 0.2415 0.1464 0.4170 0.1698 0.0252
124 0.2123 0.5171 0.1371 0.1210 0.0125
125 0.2151 0.2438 0.3660 0.1586 0.0167
126 0.3589 0.1321 0.2507 0.2178 0.0406
127 0.0393 0.0393 0.8281 0.0820 0.0110
128 0.1626 0.1277 0.6235 0.0781 0.0081
129 0.3010 0.1207 0.2783 0.2656 0.0343
130 0.1915 0.1772 0.3469 0.2460 0.0383
131 0.2642 0.1259 0.5552 0.0408 0.0140
132 0.2208 0.1019 0.5640 0.0594 0.0541
133 0.1354 0.1793 0.4509 0.2197 0.0145
134 0.1707 0.0980 0.6753 0.0328 0.0233
135 0.2177 0.1250 0.3762 0.2710 0.0103
136 0.3398 0.2566 0.1593 0.1791 0.0654
137 0.3923 0.1334 0.1334 0.2961 0.0447
138 0.2261 0.1733 0.4094 0.1628 0.0285
139 0.1570 0.1021 0.5479 0.1582 0.0350
140 0.1238 0.1084 0.7583 0.0077 0.0017
141 0.2242 0.3088 0.3845 0.0504 0.0320
142 0.2336 0.2300 0.2795 0.2046 0.0521
143 0.0759 0.2249 0.4685 0.0293 0.2015
144 0.1034 0.4780 0.2944 0.0898 0.0344
145 0.0639 0.1140 0.4990 0.0432 0.2798
146 0.2812 0.4600 0.1278 0.0769 0.0541
147 0.1069 0.1250 0.6865 0.0281 0.0533
148 0.1831 0.2058 0.3845 0.1542 0.0723
149 0.0470 0.0234 0.1947 0.7231 0.0116
150 0.1865 0.0309 0.5654 0.1865 0.0304
151 0.3633 0.1236 0.1326 0.3013 0.0792
152 0.1064 0.1882 0.6519 0.0247 0.0289
153 0.0711 0.0950 0.6748 0.1259 0.0333
154 0.3167 0.3821 0.1617 0.1112 0.0283
155 0.2224 0.1801 0.2900 0.2009 0.1067
156 0.1842 0.2942 0.2898 0.2256 0.0063
157 0.0942 0.3965 0.3040 0.1528 0.0524
158 0.1266 0.1458 0.1871 0.4561 0.0844
159 0.1869 0.1729 0.1216 0.0561 0.4626
160 0.3809 0.1276 0.2422 0.1359 0.1135
161 0.1351 0.0581 0.2487 0.5347 0.0235
162 0.2242 0.1615 0.3611 0.1641 0.0892
163 0.1069 0.1351 0.2227 0.4641 0.0712
164 0.0847 0.1212 0.2690 0.4871 0.0381
165 0.0804 0.0986 0.3284 0.4558 0.0368
166 0.1034 0.3162 0.3235 0.2156 0.0414
167 0.1298 0.0864 0.2106 0.4673 0.1059
168 0.4167 0.2129 0.2231 0.0498 0.0975
169 0.2499 0.2072 0.2991 0.1162 0.1277
170 0.0632 0.5010 0.1677 0.2479 0.0204
171 0.0359 0.2213 0.2249 0.4136 0.1046
172 0.1666 0.3933 0.2900 0.0800 0.0700
173 0.1392 0.3499 0.2561 0.1136 0.1414
174 0.1400 0.0955 0.7109 0.0440 0.0097
175 0.0723 0.1936 0.5967 0.0680 0.0696
176 0.3235 0.0642 0.3445 0.1172 0.1505
177 0.1175 0.0400 0.2411 0.5693 0.0321
178 0.3586 0.1351 0.2644 0.1951 0.0467
179 0.3662 0.2169 0.1841 0.1813 0.0515
180 0.2842 0.1606 0.4797 0.0406 0.0348
181 0.1893 0.1157 0.2284 0.3826 0.0840
182 0.1423 0.0963 0.5210 0.2120 0.0285
183 0.1573 0.1265 0.3464 0.3384 0.0312
184 0.3159 0.0208 0.0147 0.6284 0.0204
185 0.1516 0.1414 0.0734 0.6143 0.0196
186 0.4685 0.1475 0.1807 0.1462 0.0573
187 0.0715 0.1942 0.6470 0.0737 0.0136
188 0.3738 0.0861 0.1122 0.3623 0.0655
189 0.2214 0.2197 0.2180 0.2756 0.0654
190 0.2712 0.0777 0.2908 0.3120 0.0482
191 0.4106 0.1071 0.1571 0.2935 0.0317
192 0.3611 0.0878 0.3340 0.1392 0.0781
193 0.4570 0.1329 0.2544 0.0706 0.0852
194 0.7339 0.0549 0.0343 0.1456 0.0310
195 0.0893 0.2927 0.4395 0.1279 0.0505
196 0.2905 0.2446 0.3215 0.0311 0.1120
197 0.2052 0.1913 0.5239 0.0440 0.0356
198 0.2717 0.1206 0.3892 0.1610 0.0574
199 0.4304 0.0953 0.3596 0.0760 0.0385
200 0.2527 0.1104 0.5562 0.0605 0.0204
201 0.2401 0.1514 0.3835 0.2053 0.0195
202 0.6367 0.1500 0.1399 0.0602 0.0133
203 0.2725 0.1528 0.1436 0.4089 0.0224
204 0.5552 0.0906 0.0409 0.2996 0.0136
205 0.7881 0.0434 0.0161 0.1436 0.0090
206 0.4697 0.1064 0.0111 0.4080 0.0047
207 0.5708 0.0737 0.0499 0.2961 0.0097
208 0.4932 0.0455 0.1718 0.2744 0.0150
209 0.2856 0.0262 0.2405 0.4026 0.0452
210 0.3054 0.3489 0.2217 0.0671 0.0569
211 0.2512 0.0535 0.2634 0.3657 0.0661
212 0.2041 0.1494 0.3755 0.2542 0.0169
213 0.1552 0.2222 0.4250 0.1857 0.0120
214 0.2291 0.0622 0.2220 0.4451 0.0414
215 0.3843 0.1059 0.2947 0.1963 0.0188
216 0.2568 0.2957 0.2690 0.1521 0.0264
217 0.1473 0.5264 0.2428 0.0807 0.0028
218 0.1685 0.2800 0.3511 0.1620 0.0385
219 0.2435 0.1115 0.3079 0.2983 0.0385
220 0.3945 0.1062 0.1632 0.2932 0.0429
221 0.4092 0.1802 0.1505 0.2278 0.0323
222 0.4146 0.1611 0.2720 0.1065 0.0458
223 0.2206 0.0831 0.4219 0.2461 0.0283
224 0.1038 0.3247 0.4990 0.0655 0.0070
225 0.3228 0.2101 0.3833 0.0351 0.0487
226 0.1035 0.0928 0.7075 0.0757 0.0205
227 0.2164 0.0443 0.0999 0.5747 0.0645
228 0.3015 0.0408 0.2367 0.3611 0.0598
229 0.0684 0.1118 0.7764 0.0106 0.0331
230 0.2010 0.0477 0.2386 0.4602 0.0524
231 0.1189 0.1390 0.5542 0.1677 0.0203
232 0.2198 0.1105 0.6069 0.0592 0.0035
233 0.0623 0.4395 0.4326 0.0618 0.0039
234 0.3499 0.0781 0.3933 0.1627 0.0162
235 0.5439 0.0342 0.1711 0.2032 0.0472
236 0.8911 0.0022 0.0192 0.0698 0.0179
237 0.3689 0.0207 0.0259 0.5713 0.0129
238 0.4639 0.0217 0.0355 0.4639 0.0150
239 0.6309 0.0109 0.0277 0.3076 0.0228
240 0.6089 0.0182 0.0408 0.3110 0.0210
241 0.6206 0.0141 0.0397 0.3025 0.0233
242 0.7803 0.0033 0.0132 0.1622 0.0410
