time exciting_prob fearful_prob tense_prob sad_prob relaxing_prob
0 0.1842 0.2328 0.1600 0.3779 0.0451
1 0.2170 0.5498 0.1162 0.0727 0.0441
2 0.1633 0.5835 0.1323 0.0660 0.0547
3 0.2004 0.5986 0.1225 0.0398 0.0388
4 0.1538 0.6787 0.1001 0.0289 0.0386
5 0.2114 0.4954 0.1158 0.1071 0.0703
6 0.2209 0.5386 0.0900 0.0501 0.1004
7 0.2271 0.5708 0.1072 0.0267 0.0682
8 0.2153 0.5044 0.1337 0.0480 0.0986
9 0.2690 0.4648 0.1271 0.0569 0.0821
10 0.2705 0.3669 0.1298 0.0980 0.1349
11 0.2725 0.4153 0.1172 0.0751 0.1199
12 0.2703 0.5132 0.1209 0.0253 0.0705
13 0.2598 0.4778 0.1287 0.0545 0.0792
14 0.2371 0.5176 0.1182 0.0406 0.0865
15 0.2244 0.3020 0.1394 0.2043 0.1299
16 0.1719 0.3936 0.1426 0.0299 0.2622
17 0.1654 0.4290 0.2010 0.0381 0.1666
18 0.1978 0.3582 0.2089 0.0594 0.1759
19 0.1655 0.3821 0.3022 0.0262 0.1240
20 0.2627 0.1863 0.2710 0.0331 0.2468
21 0.1182 0.4900 0.2059 0.0387 0.1471
22 0.0287 0.0704 0.0646 0.4246 0.4116
23 0.0296 0.1390 0.0477 0.0884 0.6953
24 0.0910 0.0939 0.4409 0.3545 0.0197
25 0.0662 0.0877 0.6582 0.1744 0.0133
26 0.0268 0.3618 0.1520 0.1300 0.3293
27 0.0407 0.1971 0.3486 0.2715 0.1420
28 0.0862 0.3384 0.2720 0.1179 0.1854
29 0.0732 0.5410 0.2363 0.0584 0.0911
30 0.1497 0.3220 0.3245 0.0381 0.1658
31 0.0506 0.0560 0.0324 0.7495 0.1114
32 0.1675 0.1561 0.2134 0.2495 0.2134
33 0.1597 0.2454 0.2114 0.1925 0.1910
34 0.1616 0.3042 0.1890 0.1119 0.2333
35 0.2563 0.1129 0.1372 0.2029 0.2905
36 0.2620 0.2240 0.1002 0.1126 0.3013
37 0.2856 0.1830 0.1298 0.0463 0.3555
38 0.0300 0.4924 0.2515 0.1649 0.0612
39 0.0961 0.1986 0.0502 0.1022 0.5527
40 0.3589 0.2111 0.1240 0.1183 0.1876
41 0.2852 0.2186 0.1637 0.0540 0.2786
42 0.2661 0.4355 0.1830 0.0188 0.0964
43 0.3240 0.3115 0.1681 0.0134 0.1831
44 0.2446 0.3450 0.1543 0.0170 0.2390
45 0.2722 0.3606 0.1180 0.0253 0.2239
46 0.2617 0.2942 0.1770 0.0343 0.2328
47 0.0743 0.4480 0.1674 0.2150 0.0954
48 0.1865 0.4800 0.1510 0.0228 0.1595
49 0.1377 0.2532 0.3381 0.2150 0.0561
50 0.2590 0.1954 0.1385 0.0847 0.3223
51 0.2214 0.1079 0.0894 0.1835 0.3977
52 0.1742 0.4380 0.0755 0.2168 0.0955
53 0.2566 0.1005 0.1556 0.4575 0.0295
54 0.1622 0.0263 0.1206 0.6519 0.0388
55 0.2015 0.2145 0.1807 0.1385 0.2649
56 0.0553 0.2440 0.4558 0.2366 0.0082
57 0.2834 0.3752 0.1873 0.0138 0.1403
58 0.3044 0.3940 0.1804 0.0132 0.1077
59 0.0659 0.1104 0.2300 0.4868 0.1069
60 0.3623 0.3298 0.2268 0.0284 0.0526
61 0.1210 0.3728 0.3289 0.1603 0.0170
62 0.3105 0.1422 0.1378 0.0349 0.3745
63 0.2957 0.1752 0.2302 0.0828 0.2163
64 0.3582 0.1814 0.2788 0.1100 0.0716
65 0.0581 0.1818 0.4500 0.2905 0.0198
66 0.0947 0.1273 0.3054 0.4377 0.0348
67 0.0993 0.0365 0.2458 0.5625 0.0557
68 0.0500 0.1093 0.5815 0.1802 0.0787
69 0.0844 0.6846 0.1552 0.0492 0.0270
70 0.2170 0.4558 0.2023 0.0627 0.0622
71 0.0673 0.1404 0.6289 0.1318 0.0313
72 0.0565 0.1398 0.2571 0.3301 0.2166
73 0.1246 0.1327 0.2808 0.4417 0.0202
74 0.1274 0.4177 0.2184 0.0715 0.1649
75 0.0989 0.0989 0.5186 0.2449 0.0388
76 0.2925 0.5464 0.1288 0.0105 0.0222
77 0.0893 0.3643 0.2502 0.2244 0.0717
78 0.0748 0.1686 0.2654 0.4512 0.0400
79 0.2517 0.3257 0.2678 0.0139 0.1411
80 0.0773 0.1074 0.3748 0.4180 0.0227
81 0.0787 0.1947 0.5293 0.1692 0.0281
82 0.1552 0.1287 0.1799 0.1492 0.3870
83 0.2083 0.1912 0.2759 0.2133 0.1115
84 0.0964 0.2542 0.5054 0.1201 0.0240
85 0.1609 0.4658 0.1660 0.0476 0.1597
86 0.1465 0.0902 0.0991 0.6069 0.0573
87 0.1324 0.2554 0.4343 0.1649 0.0128
88 0.3845 0.2749 0.1085 0.0706 0.1616
89 0.0713 0.2213 0.6606 0.0314 0.0155
90 0.0951 0.2998 0.4502 0.0826 0.0723
91 0.2617 0.1161 0.3928 0.2169 0.0126
92 0.0415 0.2996 0.1027 0.0220 0.5342
93 0.0324 0.1417 0.0490 0.0573 0.7197
94 0.0206 0.2197 0.1464 0.4368 0.1765
95 0.1852 0.2715 0.1376 0.1660 0.2396
96 0.1223 0.2319 0.2047 0.0873 0.3538
97 0.2512 0.5664 0.1024 0.0480 0.0320
98 0.0629 0.0581 0.2094 0.6445 0.0250
99 0.3015 0.2104 0.4119 0.0608 0.0155
100 0.3464 0.1335 0.3574 0.1400 0.0225
101 0.3281 0.1855 0.3281 0.1434 0.0145
102 0.0457 0.2588 0.6611 0.0219 0.0126
103 0.0836 0.1305 0.7334 0.0368 0.0159
104 0.1646 0.0895 0.1475 0.1582 0.4402
105 0.2542 0.1815 0.3313 0.0585 0.1746
106 0.1938 0.1865 0.4509 0.0840 0.0847
107 0.2139 0.2539 0.2791 0.0255 0.2277
108 0.1858 0.0979 0.3064 0.3994 0.0106
109 0.2874 0.2402 0.2920 0.1276 0.0528
110 0.2463 0.3669 0.1964 0.0627 0.1278
111 0.1289 0.0807 0.0600 0.0168 0.7134
112 0.2391 0.1342 0.5142 0.1078 0.0049
113 0.2778 0.1808 0.0953 0.1030 0.3430
114 0.3027 0.2529 0.1063 0.0305 0.3076
115 0.3367 0.0913 0.3213 0.2386 0.0122
116 0.1718 0.1470 0.4563 0.2008 0.0242
117 0.3682 0.3406 0.1523 0.0117 0.1272
118 0.1440 0.0432 0.4722 0.3003 0.0403
119 0.2629 0.1780 0.2017 0.0686 0.2888
120 0.1707 0.3113 0.1774 0.0885 0.2522
121 0.1937 0.4133 0.2355 0.0453 0.1121
122 0.1276 0.3257 0.2037 0.1716 0.1716
123 0.0532 0.5625 0.2659 0.0699 0.0484
124 0.1091 0.1490 0.2700 0.4521 0.0199
125 0.3154 0.3464 0.1274 0.0293 0.1812
126 0.0673 0.6641 0.1705 0.0166 0.0812
127 0.2284 0.1750 0.1710 0.0246 0.4009
128 0.1436 0.2443 0.4058 0.0705 0.1359
129 0.3923 0.2532 0.1160 0.0220 0.2167
130 0.2183 0.3599 0.2148 0.1754 0.0317
131 0.1450 0.5347 0.1567 0.1165 0.0471
132 0.1608 0.3376 0.3796 0.0406 0.0814
133 0.0663 0.2335 0.5962 0.0572 0.0467
134 0.4707 0.0934 0.2766 0.1247 0.0346
135 0.2644 0.1449 0.1182 0.2603 0.2124
136 0.2759 0.2473 0.0809 0.0903 0.3054
137 0.1792 0.1923 0.1384 0.0254 0.4648
138 0.1886 0.1962 0.5498 0.0251 0.0402
139 0.0894 0.2976 0.3914 0.0295 0.1921
140 0.3000 0.1462 0.2527 0.0124 0.2886
141 0.4670 0.0941 0.0733 0.0292 0.3364
142 0.5312 0.1440 0.2712 0.0312 0.0223
143 0.6484 0.2423 0.0657 0.0092 0.0344
144 0.0851 0.6284 0.1277 0.0898 0.0689
145 0.3921 0.2200 0.0665 0.1941 0.1273
146 0.2074 0.2261 0.1747 0.0306 0.3613
147 0.1530 0.3447 0.0865 0.1164 0.2996
148 0.1331 0.1605 0.4294 0.2646 0.0124
149 0.2455 0.3892 0.0903 0.0156 0.2593
150 0.2350 0.1859 0.1136 0.0090 0.4565
151 0.3367 0.1874 0.1154 0.0369 0.3237
152 0.6064 0.1475 0.0457 0.0432 0.1570
153 0.3496 0.3389 0.1871 0.0193 0.1050
154 0.1014 0.1940 0.2490 0.2734 0.1821
155 0.1033 0.4382 0.2037 0.0203 0.2345
156 0.0253 0.2007 0.0276 0.0124 0.7339
157 0.0316 0.2406 0.1318 0.4712 0.1248
158 0.2174 0.1309 0.1110 0.0432 0.4976
159 0.3000 0.4758 0.0568 0.0151 0.1521
160 0.1554 0.2749 0.2369 0.1393 0.1934
161 0.1650 0.0504 0.4150 0.3606 0.0090
162 0.3186 0.1963 0.0757 0.1328 0.2769
163 0.2131 0.0797 0.0698 0.0760 0.5615
164 0.0599 0.0845 0.1846 0.6245 0.0463
165 0.3474 0.1517 0.2903 0.0306 0.1802
166 0.4434 0.1184 0.3618 0.0321 0.0443
167 0.3433 0.0803 0.5156 0.0198 0.0410
168 0.3462 0.0414 0.4446 0.1560 0.0118
169 0.0298 0.5405 0.2151 0.0755 0.1389
170 0.2072 0.1915 0.0970 0.0727 0.4316
171 0.0325 0.0315 0.0536 0.8125 0.0699
172 0.1257 0.3904 0.1787 0.1680 0.1371
173 0.1003 0.0886 0.4224 0.0159 0.3728
174 0.0897 0.1117 0.1785 0.0165 0.6035
175 0.0879 0.1129 0.1230 0.0114 0.6650
176 0.0812 0.1639 0.4058 0.0177 0.3313
177 0.1057 0.2456 0.3057 0.0127 0.3306
178 0.1567 0.2976 0.1250 0.0204 0.4004
179 0.0974 0.5693 0.2411 0.0490 0.0432
180 0.0834 0.3401 0.4578 0.1104 0.0084
181 0.3284 0.1296 0.3840 0.0428 0.1153
182 0.4160 0.0893 0.3970 0.0270 0.0706
183 0.2378 0.0742 0.2493 0.3054 0.1334
184 0.5117 0.0797 0.2003 0.1500 0.0583
185 0.1078 0.1722 0.5923 0.0501 0.0776
186 0.4954 0.1344 0.1431 0.0221 0.2050
187 0.0347 0.0997 0.1891 0.6201 0.0563
188 0.2167 0.0225 0.1072 0.5801 0.0737
189 0.6812 0.1804 0.0453 0.0233 0.0701
190 0.1882 0.4309 0.1927 0.0307 0.1573
191 0.6152 0.1340 0.1461 0.0701 0.0347
192 0.2213 0.3296 0.1521 0.0670 0.2301
193 0.0977 0.2273 0.2964 0.2273 0.1514
194 0.2974 0.2261 0.3643 0.0770 0.0355
195 0.3611 0.1641 0.3137 0.0363 0.1248
196 0.4277 0.1421 0.3279 0.0720 0.0303
197 0.1569 0.2886 0.4539 0.0853 0.0155
198 0.1199 0.2683 0.5171 0.0695 0.0253
199 0.3076 0.0461 0.4915 0.1293 0.0257
200 0.2747 0.1692 0.2424 0.2747 0.0390
201 0.3042 0.1530 0.5015 0.0323 0.0087
202 0.3474 0.0252 0.2542 0.2881 0.0851
203 0.2404 0.2480 0.1759 0.0971 0.2385
204 0.1201 0.0907 0.3760 0.4065 0.0068
205 0.0695 0.4395 0.2108 0.1027 0.1775
206 0.1757 0.0274 0.1246 0.5498 0.1227
207 0.3586 0.0509 0.2625 0.2583 0.0695
208 0.3167 0.2211 0.2466 0.1362 0.0795
209 0.0556 0.3008 0.5620 0.0592 0.0225
210 0.1417 0.1021 0.3562 0.3398 0.0600
211 0.1969 0.2338 0.4949 0.0514 0.0230
212 0.2345 0.1161 0.4592 0.1611 0.0291
213 0.0533 0.1318 0.5215 0.0508 0.2426
214 0.0632 0.1327 0.4348 0.0305 0.3386
215 0.0421 0.1017 0.4705 0.0194 0.3665
216 0.0528 0.1614 0.2384 0.0101 0.5371
217 0.1061 0.1556 0.3821 0.1095 0.2467
218 0.2881 0.4604 0.1372 0.0140 0.1003
219 0.2795 0.3218 0.1428 0.0256 0.2300
220 0.1702 0.0823 0.0484 0.3035 0.3958
221 0.2013 0.2427 0.0845 0.2883 0.1832
222 0.0516 0.1172 0.1328 0.1307 0.5679
223 0.0372 0.0974 0.1682 0.3242 0.3730
224 0.0356 0.0392 0.0476 0.1388 0.7388
225 0.0290 0.0807 0.0770 0.1484 0.6650
