time exciting_prob fearful_prob tense_prob sad_prob relaxing_prob
0 0.0382 0.1106 0.4995 0.1177 0.2341
1 0.0488 0.0693 0.5044 0.0310 0.3467
2 0.1202 0.0915 0.3193 0.1497 0.3193
3 0.1652 0.0710 0.2559 0.1237 0.3840
4 0.1046 0.0916 0.1608 0.1242 0.5190
5 0.1444 0.1467 0.3206 0.2085 0.1798
6 0.0924 0.1215 0.3101 0.2473 0.2286
7 0.1216 0.0970 0.2742 0.2556 0.2517
8 0.1567 0.1643 0.3218 0.1605 0.1967
9 0.1404 0.0690 0.3240 0.0879 0.3787
10 0.0485 0.1653 0.5132 0.2278 0.0452
11 0.1270 0.1776 0.1642 0.1890 0.3423
12 0.2081 0.2913 0.2734 0.0960 0.1312
13 0.1746 0.1010 0.0964 0.3933 0.2349
14 0.1003 0.0706 0.4895 0.0562 0.2834
15 0.0461 0.2871 0.3923 0.2151 0.0593
16 0.1550 0.2808 0.5161 0.0095 0.0386
17 0.1458 0.0986 0.1067 0.6045 0.0445
18 0.1857 0.3721 0.2578 0.1083 0.0762
19 0.1613 0.4023 0.3208 0.0519 0.0637
20 0.1063 0.1262 0.5312 0.0635 0.1725
21 0.1321 0.1005 0.6011 0.0302 0.1362
22 0.2549 0.4333 0.1807 0.0224 0.1087
23 0.3276 0.3921 0.2115 0.0054 0.0635
24 0.2249 0.3323 0.1779 0.0217 0.2432
25 0.0964 0.2812 0.4321 0.0623 0.1278
26 0.0544 0.1649 0.3032 0.4553 0.0221
27 0.1617 0.1310 0.5474 0.0486 0.1112
28 0.1577 0.1705 0.5337 0.0632 0.0751
29 0.0575 0.2874 0.4629 0.1479 0.0441
30 0.1287 0.1058 0.6743 0.0528 0.0383
31 0.0215 0.1074 0.2852 0.5581 0.0280
32 0.1316 0.1217 0.5122 0.1208 0.1135
33 0.0897 0.1444 0.6372 0.0598 0.0688
34 0.1147 0.1520 0.5264 0.0951 0.1121
35 0.1417 0.1342 0.4871 0.1300 0.1070
36 0.1000 0.2118 0.5078 0.1326 0.0476
37 0.2996 0.1471 0.2812 0.1603 0.1119
38 0.1877 0.1656 0.3591 0.2030 0.0846
39 0.0570 0.1295 0.6079 0.1742 0.0312
40 0.0803 0.2131 0.3860 0.2869 0.0337
41 0.1976 0.1126 0.5288 0.1412 0.0194
42 0.1447 0.1589 0.3416 0.3184 0.0363
43 0.0918 0.2362 0.4243 0.2134 0.0343
44 0.1741 0.1973 0.2307 0.3103 0.0875
45 0.1750 0.1509 0.4541 0.1121 0.1078
46 0.3596 0.1376 0.2800 0.0778 0.1453
47 0.1873 0.1190 0.4353 0.1815 0.0768
48 0.1064 0.2148 0.4014 0.2397 0.0376
49 0.0967 0.2590 0.4580 0.1685 0.0178
50 0.2524 0.0614 0.4683 0.1520 0.0659
51 0.1561 0.3630 0.3804 0.0612 0.0392
52 0.3142 0.2317 0.2751 0.1111 0.0679
53 0.1254 0.2512 0.4341 0.1443 0.0450
54 0.2598 0.4023 0.1638 0.0598 0.1144
55 0.0431 0.0825 0.2810 0.5503 0.0431
56 0.2686 0.1437 0.2642 0.1530 0.1707
57 0.0872 0.2542 0.3938 0.1790 0.0858
58 0.0296 0.2167 0.4114 0.3057 0.0368
59 0.0840 0.5435 0.2301 0.1203 0.0221
60 0.0806 0.1036 0.2974 0.0859 0.4326
61 0.0282 0.1313 0.2825 0.5195 0.0385
62 0.2959 0.0708 0.0194 0.0394 0.5747
63 0.2925 0.2141 0.3115 0.1191 0.0628
64 0.0330 0.6084 0.1295 0.2037 0.0253
65 0.2080 0.1487 0.3298 0.2267 0.0867
66 0.0906 0.0980 0.4460 0.2314 0.1339
67 0.1311 0.4578 0.2776 0.0587 0.0747
68 0.1646 0.2302 0.1632 0.0854 0.3567
69 0.1017 0.0488 0.1600 0.0756 0.6138
70 0.1189 0.2153 0.3899 0.0318 0.2440
71 0.1421 0.1031 0.0332 0.0168 0.7046
72 0.0144 0.3777 0.2021 0.3896 0.0158
73 0.1262 0.1333 0.3828 0.3325 0.0251
74 0.0433 0.1560 0.6465 0.1355 0.0186
75 0.1554 0.3113 0.3528 0.1628 0.0176
76 0.2207 0.2041 0.0492 0.0441 0.4819
77 0.1329 0.3557 0.3091 0.1667 0.0355
78 0.1035 0.2191 0.2812 0.2859 0.1102
79 0.4680 0.1581 0.1279 0.0538 0.1921
80 0.0782 0.3562 0.3096 0.1509 0.1053
81 0.1635 0.3225 0.1132 0.1398 0.2612
82 0.0925 0.3306 0.2134 0.2344 0.1294
83 0.0702 0.4102 0.2979 0.0685 0.1533
84 0.2333 0.1035 0.0516 0.1060 0.5054
85 0.1152 0.4592 0.3779 0.0253 0.0223
86 0.1272 0.2231 0.2778 0.3457 0.0262
87 0.0208 0.2734 0.6064 0.0945 0.0046
88 0.3062 0.1704 0.1317 0.0805 0.3110
89 0.0888 0.4075 0.2050 0.0397 0.2590
90 0.0359 0.1514 0.6274 0.1689 0.0162
91 0.1016 0.5752 0.2849 0.0317 0.0065
92 0.2474 0.3252 0.2324 0.0645 0.1304
93 0.2859 0.1119 0.2351 0.3394 0.0279
94 0.1043 0.3967 0.1641 0.3091 0.0258
95 0.1898 0.2637 0.1826 0.2515 0.1125
96 0.0393 0.5054 0.4158 0.0274 0.0121
97 0.0504 0.4709 0.3965 0.0448 0.0372
98 0.0577 0.5967 0.2487 0.0555 0.0416
99 0.1157 0.2820 0.0909 0.2015 0.3098
100 0.1573 0.2345 0.4312 0.1549 0.0220
101 0.2957 0.3098 0.0714 0.0983 0.2250
102 0.0535 0.2554 0.5576 0.1141 0.0195
103 0.1790 0.4001 0.1694 0.1803 0.0712
104 0.1821 0.3484 0.1658 0.0510 0.2529
105 0.1279 0.2092 0.4941 0.1289 0.0396
106 0.1949 0.2583 0.0812 0.1542 0.3115
107 0.2394 0.0502 0.0211 0.0286 0.6606
108 0.2734 0.3567 0.0802 0.0681 0.2214
109 0.0429 0.5312 0.3049 0.1071 0.0140
110 0.1528 0.2223 0.0927 0.2639 0.2681
111 0.1431 0.3101 0.2181 0.1956 0.1333
112 0.1605 0.1028 0.1406 0.4067 0.1892
113 0.2056 0.1227 0.2137 0.2559 0.2023
114 0.2783 0.0918 0.1467 0.1913 0.2917
115 0.2178 0.0266 0.0121 0.0513 0.6924
116 0.1533 0.3538 0.0707 0.1792 0.2430
117 0.1770 0.3806 0.0688 0.0656 0.3081
118 0.1289 0.1497 0.0966 0.2428 0.3821
119 0.0861 0.3682 0.3379 0.0569 0.1511
120 0.0233 0.3557 0.3613 0.2445 0.0150
121 0.0640 0.3796 0.4106 0.1312 0.0145
122 0.0534 0.3567 0.5352 0.0464 0.0081
123 0.1494 0.2834 0.1680 0.0294 0.3696
124 0.1189 0.3633 0.1057 0.0488 0.3633
125 0.0591 0.1593 0.3374 0.4265 0.0179
126 0.1196 0.3079 0.3030 0.2306 0.0388
127 0.0804 0.2761 0.3411 0.1958 0.1065
128 0.0531 0.3684 0.5278 0.0310 0.0200
129 0.0565 0.3325 0.3918 0.1699 0.0491
130 0.1980 0.2192 0.5098 0.0432 0.0299
131 0.0759 0.3269 0.1863 0.3733 0.0375
132 0.0444 0.1898 0.7393 0.0174 0.0093
133 0.2542 0.1949 0.5176 0.0138 0.0195
134 0.0552 0.4590 0.4114 0.0682 0.0062
135 0.1807 0.3323 0.4299 0.0155 0.0416
136 0.0457 0.2180 0.6821 0.0147 0.0397
137 0.0710 0.2764 0.4736 0.0850 0.0940
138 0.1109 0.2639 0.3364 0.1539 0.1348
139 0.0486 0.2935 0.1464 0.4236 0.0881
140 0.0454 0.2051 0.7046 0.0327 0.0121
141 0.0912 0.3259 0.1901 0.2854 0.1075
142 0.0523 0.5366 0.2964 0.0661 0.0487
143 0.0553 0.4485 0.1389 0.1870 0.1703
144 0.1689 0.2764 0.2119 0.1226 0.2203
145 0.3083 0.2852 0.2517 0.1049 0.0500
146 0.0233 0.2842 0.5068 0.1752 0.0104
147 0.0259 0.3608 0.3416 0.2330 0.0386
148 0.0148 0.6680 0.2308 0.0798 0.0065
149 0.2235 0.2019 0.4209 0.0282 0.1254
150 0.3772 0.1169 0.3008 0.1897 0.0154
151 0.0752 0.3240 0.5181 0.0347 0.0482
152 0.0692 0.5112 0.2549 0.1354 0.0295
153 0.2961 0.3862 0.2324 0.0743 0.0110
154 0.2517 0.3867 0.1638 0.1689 0.0287
155 0.1395 0.3945 0.1835 0.1353 0.1473
156 0.1819 0.3242 0.2954 0.1921 0.0063
157 0.2888 0.2375 0.1879 0.2690 0.0168
158 0.1421 0.3599 0.4175 0.0216 0.0588
159 0.0635 0.6460 0.1609 0.1006 0.0288
160 0.0685 0.4792 0.2527 0.1300 0.0696
161 0.0901 0.1006 0.2866 0.0649 0.4578
162 0.0845 0.4224 0.1681 0.2664 0.0585
163 0.0570 0.5625 0.3105 0.0584 0.0114
164 0.2485 0.1617 0.0814 0.0789 0.4294
165 0.3271 0.0718 0.2393 0.0777 0.2842
166 0.0434 0.1197 0.7930 0.0291 0.0149
167 0.1384 0.5186 0.1300 0.1342 0.0789
168 0.1033 0.2292 0.5498 0.0157 0.1017
169 0.1043 0.1146 0.2426 0.1449 0.3938
170 0.0311 0.2388 0.2208 0.3875 0.1219
171 0.0500 0.5767 0.2598 0.0652 0.0484
172 0.1244 0.1810 0.1334 0.1687 0.3923
173 0.0853 0.4333 0.1417 0.2712 0.0685
174 0.1142 0.1356 0.3252 0.3518 0.0732
175 0.0907 0.6343 0.2192 0.0478 0.0080
176 0.0800 0.1830 0.3755 0.3162 0.0455
177 0.1658 0.1486 0.1765 0.4873 0.0219
178 0.2194 0.2092 0.0764 0.0690 0.4260
179 0.3113 0.0174 0.0119 0.0204 0.6392
180 0.5693 0.1984 0.0654 0.1130 0.0538
181 0.2888 0.3455 0.2162 0.1396 0.0099
182 0.4346 0.1142 0.1755 0.0903 0.1854
183 0.3323 0.1364 0.2888 0.2112 0.0314
184 0.0799 0.3472 0.4746 0.0851 0.0134
185 0.0196 0.3059 0.3577 0.3059 0.0109
186 0.1796 0.1031 0.4919 0.1523 0.0731
187 0.1680 0.2295 0.1995 0.0585 0.3445
188 0.1019 0.3367 0.5054 0.0456 0.0107
189 0.0340 0.0587 0.3379 0.1866 0.3828
190 0.1793 0.2231 0.0713 0.1698 0.3564
191 0.1532 0.1749 0.0240 0.2247 0.4231
