time exciting_prob fearful_prob tense_prob sad_prob relaxing_prob
0 0.1899 0.2220 0.1456 0.3958 0.0465
1 0.0208 0.6079 0.3518 0.0153 0.0043
2 0.0252 0.7207 0.2340 0.0182 0.0019
3 0.0135 0.7441 0.2098 0.0319 0.0008
4 0.0481 0.6904 0.2041 0.0558 0.0018
5 0.0435 0.4258 0.3586 0.1694 0.0028
6 0.0504 0.4824 0.2925 0.1720 0.0028
7 0.1576 0.1171 0.1814 0.5249 0.0190
8 0.3279 0.5449 0.0955 0.0197 0.0119
9 0.3591 0.4832 0.1212 0.0196 0.0168
10 0.4170 0.4136 0.1167 0.0376 0.0152
11 0.4702 0.3633 0.0955 0.0499 0.0211
12 0.0369 0.1307 0.2947 0.5171 0.0207
13 0.3936 0.2261 0.2664 0.0950 0.0191
14 0.0235 0.5259 0.4163 0.0331 0.0011
15 0.1515 0.5991 0.1118 0.1218 0.0156
16 0.1268 0.2278 0.0172 0.2406 0.3875
17 0.1453 0.3623 0.0288 0.2065 0.2571
18 0.0798 0.5850 0.0682 0.0817 0.1854
19 0.2522 0.4028 0.1201 0.1874 0.0375
20 0.0687 0.0465 0.8770 0.0071 0.0010
21 0.1248 0.4858 0.3555 0.0294 0.0047
22 0.0389 0.6177 0.3203 0.0148 0.0084
23 0.1471 0.6240 0.1934 0.0219 0.0134
24 0.1090 0.4146 0.0491 0.1169 0.3105
25 0.0793 0.4255 0.0344 0.2313 0.2295
26 0.2086 0.5371 0.0744 0.0484 0.1316
27 0.4146 0.2068 0.2783 0.0962 0.0041
28 0.0356 0.1851 0.7554 0.0178 0.0062
29 0.0295 0.1953 0.7031 0.0685 0.0035
30 0.0688 0.6323 0.2617 0.0128 0.0243
31 0.0697 0.4800 0.2510 0.0084 0.1909
32 0.2607 0.4167 0.2338 0.0510 0.0376
33 0.3123 0.4543 0.1487 0.0596 0.0252
34 0.4092 0.2900 0.0927 0.0516 0.1565
35 0.2111 0.4036 0.1147 0.0493 0.2212
36 0.0034 0.0582 0.0133 0.9248 0.0002
37 0.1770 0.5044 0.1974 0.0715 0.0499
38 0.4824 0.2297 0.1642 0.1052 0.0186
39 0.1202 0.5181 0.2264 0.1310 0.0041
40 0.1022 0.4336 0.3594 0.0983 0.0067
41 0.0750 0.6680 0.1743 0.0496 0.0330
42 0.1511 0.5527 0.2181 0.0498 0.0282
43 0.4626 0.1575 0.0557 0.2152 0.1091
44 0.0305 0.5996 0.3311 0.0368 0.0022
45 0.2617 0.2517 0.3806 0.1033 0.0027
46 0.1256 0.4385 0.2920 0.1401 0.0038
47 0.1098 0.2593 0.4883 0.1196 0.0230
48 0.0784 0.7549 0.0784 0.0840 0.0042
49 0.6899 0.1576 0.0716 0.0296 0.0515
50 0.0781 0.7017 0.1948 0.0127 0.0126
51 0.0607 0.6890 0.2345 0.0129 0.0028
52 0.0411 0.6958 0.2405 0.0185 0.0041
53 0.0559 0.4612 0.4006 0.0741 0.0081
54 0.1536 0.4443 0.3103 0.0698 0.0220
55 0.0526 0.6929 0.1821 0.0587 0.0138
56 0.3733 0.4434 0.1281 0.0460 0.0095
57 0.0477 0.5854 0.2639 0.1009 0.0024
58 0.0594 0.6431 0.1871 0.1075 0.0030
59 0.0746 0.3672 0.5176 0.0331 0.0076
60 0.1255 0.4590 0.1335 0.2573 0.0247
61 0.0722 0.0318 0.4932 0.3782 0.0246
62 0.2173 0.2705 0.4529 0.0537 0.0057
63 0.1392 0.2294 0.5903 0.0323 0.0089
64 0.2042 0.4639 0.2242 0.0957 0.0121
65 0.0690 0.0439 0.3850 0.4868 0.0153
66 0.1426 0.0609 0.4189 0.3699 0.0078
67 0.0919 0.0562 0.1976 0.6479 0.0062
68 0.2056 0.3416 0.3284 0.0912 0.0333
69 0.0928 0.3215 0.5469 0.0281 0.0107
70 0.1342 0.1362 0.1520 0.5649 0.0127
71 0.0269 0.5796 0.3352 0.0280 0.0305
72 0.0497 0.5137 0.3818 0.0233 0.0313
73 0.0814 0.4758 0.3323 0.0685 0.0419
74 0.1824 0.4207 0.2532 0.1177 0.0263
75 0.0887 0.3589 0.3142 0.2126 0.0254
76 0.1117 0.1703 0.4556 0.2291 0.0333
77 0.1945 0.5942 0.1503 0.0289 0.0322
78 0.1959 0.5410 0.1357 0.0544 0.0732
79 0.1609 0.6460 0.1740 0.0075 0.0117
80 0.1161 0.7002 0.1562 0.0223 0.0053
81 0.1148 0.2820 0.3735 0.1417 0.0880
82 0.2744 0.4453 0.2103 0.0519 0.0181
83 0.0887 0.5562 0.2355 0.0746 0.0453
84 0.0569 0.4304 0.3459 0.1047 0.0620
85 0.1058 0.3362 0.4185 0.0217 0.1180
86 0.2102 0.2827 0.2595 0.0437 0.2037
87 0.0233 0.2277 0.2073 0.5376 0.0042
88 0.0701 0.4399 0.2976 0.1805 0.0118
89 0.0983 0.2286 0.5151 0.1007 0.0569
90 0.0908 0.3022 0.0190 0.5688 0.0190
91 0.0451 0.3630 0.4697 0.1116 0.0105
92 0.0703 0.1635 0.3921 0.3516 0.0226
93 0.0421 0.6392 0.3113 0.0028 0.0047
94 0.1041 0.3157 0.1074 0.0444 0.4282
95 0.1514 0.2308 0.0548 0.0588 0.5044
96 0.3311 0.5210 0.0905 0.0508 0.0066
97 0.1182 0.3342 0.4324 0.1077 0.0074
98 0.0896 0.3357 0.2515 0.2939 0.0296
99 0.0620 0.0881 0.0243 0.0337 0.7920
100 0.2195 0.2030 0.2449 0.1166 0.2161
101 0.3608 0.3184 0.2441 0.0496 0.0270
102 0.0604 0.5171 0.2581 0.1530 0.0113
103 0.0801 0.5474 0.2449 0.0826 0.0450
104 0.0649 0.5435 0.3853 0.0049 0.0016
105 0.1952 0.4067 0.2751 0.1193 0.0035
106 0.0561 0.4082 0.2805 0.2362 0.0191
107 0.1760 0.4602 0.2664 0.0550 0.0425
108 0.3921 0.2654 0.1796 0.0220 0.1410
109 0.4692 0.3406 0.1355 0.0407 0.0138
110 0.1171 0.1899 0.3577 0.0386 0.2966
111 0.1595 0.4407 0.2844 0.1132 0.0021
112 0.1873 0.3499 0.0571 0.3210 0.0850
113 0.3394 0.4534 0.1102 0.0618 0.0352
114 0.5889 0.2654 0.0569 0.0476 0.0414
115 0.0905 0.5083 0.1855 0.2039 0.0118
116 0.3000 0.3650 0.0376 0.2468 0.0505
117 0.1016 0.3462 0.0454 0.4883 0.0184
118 0.0304 0.2317 0.1279 0.6006 0.0093
119 0.1647 0.2083 0.1398 0.2551 0.2323
120 0.1191 0.4563 0.2642 0.1517 0.0087
121 0.3181 0.4558 0.1189 0.0891 0.0180
122 0.1276 0.6274 0.1757 0.0646 0.0045
123 0.0920 0.0831 0.0276 0.0392 0.7583
124 0.0739 0.0824 0.3110 0.5127 0.0197
125 0.0332 0.0732 0.0791 0.7866 0.0280
126 0.0189 0.8677 0.0595 0.0226 0.0314
127 0.0436 0.4407 0.0867 0.1262 0.3027
128 0.0961 0.3740 0.2002 0.0881 0.2415
129 0.0301 0.3696 0.1615 0.2074 0.2313
130 0.0459 0.1209 0.0246 0.7070 0.1018
131 0.0806 0.6436 0.1011 0.1288 0.0459
132 0.1193 0.5435 0.0654 0.0827 0.1892
133 0.1025 0.4558 0.3440 0.0792 0.0185
134 0.1172 0.5635 0.2104 0.1018 0.0072
135 0.3555 0.2834 0.3064 0.0448 0.0100
136 0.1046 0.4797 0.2266 0.1281 0.0610
137 0.0725 0.4993 0.3486 0.0370 0.0426
138 0.1542 0.5640 0.0537 0.0467 0.1816
139 0.0907 0.6914 0.1027 0.0196 0.0958
140 0.6113 0.1030 0.0783 0.1487 0.0587
141 0.6050 0.1154 0.1210 0.1288 0.0301
142 0.0255 0.7461 0.1946 0.0313 0.0025
143 0.1481 0.4668 0.1171 0.0824 0.1857
144 0.0808 0.5879 0.1105 0.1710 0.0498
145 0.1292 0.6406 0.0840 0.0118 0.1343
146 0.0894 0.5972 0.1710 0.0696 0.0730
147 0.1194 0.5566 0.2249 0.0370 0.0620
148 0.0460 0.2795 0.3823 0.2627 0.0295
149 0.0613 0.1888 0.6592 0.0717 0.0188
150 0.0605 0.5786 0.2649 0.0771 0.0186
151 0.1254 0.0932 0.0382 0.0651 0.6782
152 0.0956 0.4421 0.3901 0.0705 0.0014
153 0.0803 0.5078 0.2893 0.1206 0.0018
154 0.2744 0.2479 0.1144 0.3015 0.0617
155 0.2086 0.1285 0.2942 0.2852 0.0836
156 0.1143 0.3230 0.5000 0.0588 0.0039
157 0.0904 0.5239 0.2986 0.0842 0.0026
158 0.0814 0.6299 0.2195 0.0262 0.0429
159 0.0638 0.6396 0.2751 0.0183 0.0030
160 0.1454 0.1809 0.4656 0.2018 0.0062
161 0.2585 0.2094 0.3193 0.2030 0.0098
162 0.2393 0.0908 0.1835 0.4470 0.0397
163 0.1942 0.3657 0.2289 0.1853 0.0259
164 0.3657 0.1197 0.1489 0.2656 0.1000
165 0.2815 0.2028 0.4641 0.0442 0.0073
166 0.1218 0.6533 0.0919 0.0971 0.0360
167 0.1075 0.0831 0.0504 0.0956 0.6636
168 0.1550 0.0817 0.0386 0.0566 0.6680
169 0.1181 0.1459 0.6436 0.0892 0.0034
170 0.1555 0.1682 0.5601 0.1086 0.0075
171 0.1409 0.2269 0.3381 0.2891 0.0049
172 0.0299 0.7832 0.1361 0.0470 0.0039
173 0.0853 0.5225 0.0908 0.1484 0.1532
174 0.1478 0.7627 0.0607 0.0184 0.0107
175 0.1930 0.1306 0.4351 0.1758 0.0657
176 0.1620 0.5029 0.2732 0.0350 0.0271
177 0.3472 0.3525 0.1993 0.0366 0.0642
178 0.4646 0.0967 0.2355 0.1737 0.0295
179 0.2783 0.2805 0.3545 0.0454 0.0414
180 0.1998 0.1722 0.3914 0.1937 0.0429
181 0.3452 0.1310 0.3589 0.1005 0.0643
182 0.2069 0.4663 0.1649 0.0365 0.1255
183 0.0236 0.4287 0.1481 0.3965 0.0032
184 0.1006 0.6069 0.2163 0.0708 0.0055
185 0.3943 0.2095 0.3479 0.0419 0.0064
186 0.3013 0.1539 0.4778 0.0589 0.0082
187 0.1475 0.4473 0.0802 0.1594 0.1658
188 0.1565 0.3018 0.0576 0.3813 0.1027
189 0.0904 0.6675 0.0437 0.0527 0.1455
190 0.0421 0.5371 0.3467 0.0612 0.0129
191 0.1235 0.2135 0.5625 0.0721 0.0284
192 0.2249 0.3350 0.0601 0.1272 0.2529
193 0.3755 0.5054 0.0320 0.0648 0.0222
194 0.0110 0.8691 0.0235 0.0960 0.0002
195 0.4048 0.2825 0.0208 0.0483 0.2435
196 0.1990 0.3333 0.0421 0.2327 0.1929
197 0.2346 0.2966 0.0389 0.1017 0.3284
198 0.1522 0.2610 0.2693 0.0397 0.2778
199 0.3511 0.3765 0.1261 0.1204 0.0260
200 0.3479 0.3535 0.1384 0.1384 0.0217
201 0.1903 0.1329 0.1603 0.4565 0.0599
