time exciting_prob fearful_prob tense_prob sad_prob relaxing_prob
0 0.3604 0.4021 0.0883 0.1134 0.0359
1 0.4829 0.0880 0.2974 0.0740 0.0577
2 0.3550 0.0710 0.4419 0.0589 0.0732
3 0.4226 0.0590 0.4292 0.0474 0.0418
4 0.2913 0.0687 0.5112 0.1141 0.0146
5 0.7715 0.1060 0.0467 0.0292 0.0467
6 0.6626 0.1345 0.0704 0.0565 0.0761
7 0.3501 0.1137 0.1249 0.3787 0.0326
8 0.7236 0.1011 0.0706 0.0950 0.0096
9 0.5254 0.1349 0.1528 0.1653 0.0217
10 0.7705 0.0114 0.0493 0.0935 0.0751
11 0.7744 0.0351 0.0687 0.0939 0.0278
12 0.1996 0.2859 0.2483 0.2333 0.0331
13 0.2280 0.1340 0.2389 0.3396 0.0595
14 0.6611 0.1453 0.0790 0.0130 0.1014
15 0.1876 0.0309 0.0358 0.6245 0.1211
16 0.1700 0.0737 0.3601 0.3772 0.0189
17 0.2062 0.1353 0.1593 0.2195 0.2798
18 0.0730 0.2430 0.2668 0.3374 0.0795
19 0.2108 0.0695 0.0409 0.5469 0.1320
20 0.3345 0.1202 0.2668 0.1952 0.0833
21 0.0848 0.1141 0.4172 0.3513 0.0327
22 0.1044 0.1891 0.5264 0.1331 0.0471
23 0.3718 0.1945 0.2720 0.0607 0.1009
24 0.2649 0.1658 0.5352 0.0218 0.0121
25 0.2649 0.1644 0.2712 0.0620 0.2374
26 0.1831 0.0851 0.3528 0.3367 0.0421
27 0.1515 0.0411 0.5454 0.1946 0.0673
28 0.2037 0.2830 0.2496 0.2310 0.0327
29 0.7417 0.0900 0.0542 0.0063 0.1077
30 0.2421 0.0978 0.2830 0.3257 0.0515
31 0.4348 0.0926 0.2764 0.1757 0.0205
32 0.4053 0.1116 0.3748 0.0458 0.0626
33 0.3604 0.1346 0.3718 0.0761 0.0570
34 0.3652 0.2590 0.1302 0.2114 0.0340
35 0.3376 0.1322 0.0909 0.3484 0.0909
36 0.3628 0.1455 0.1366 0.2654 0.0896
37 0.3345 0.1103 0.1763 0.2817 0.0974
38 0.2397 0.2512 0.3772 0.0483 0.0835
39 0.3696 0.2224 0.2856 0.0541 0.0684
40 0.3538 0.4761 0.1440 0.0026 0.0237
41 0.1154 0.1210 0.5508 0.1760 0.0369
42 0.1984 0.4436 0.2063 0.0379 0.1139
43 0.0626 0.2515 0.5161 0.0704 0.0993
44 0.0603 0.0448 0.2170 0.5288 0.1492
45 0.1285 0.0993 0.2720 0.2152 0.2852
46 0.1631 0.4832 0.1509 0.0045 0.1984
47 0.3384 0.2325 0.3357 0.0544 0.0392
48 0.4333 0.3538 0.1724 0.0059 0.0345
49 0.3816 0.3816 0.1747 0.0026 0.0594
50 0.2671 0.1071 0.0526 0.0038 0.5698
51 0.4026 0.1190 0.2089 0.2073 0.0622
52 0.3884 0.1570 0.3271 0.0373 0.0901
53 0.5186 0.2078 0.1509 0.0586 0.0644
54 0.5166 0.2401 0.1074 0.0114 0.1246
55 0.5103 0.1405 0.2045 0.0505 0.0944
56 0.2024 0.0657 0.1815 0.4563 0.0941
57 0.3621 0.2489 0.2820 0.0649 0.0419
58 0.2345 0.2203 0.4521 0.0305 0.0626
59 0.0945 0.4202 0.4202 0.0329 0.0322
60 0.2993 0.1693 0.0878 0.2010 0.2424
61 0.4885 0.1433 0.1198 0.0265 0.2219
62 0.2693 0.0809 0.2491 0.3682 0.0324
63 0.0886 0.1371 0.0220 0.0051 0.7471
64 0.0951 0.2300 0.1147 0.0044 0.5557
65 0.1236 0.3083 0.2517 0.1663 0.1503
66 0.1818 0.2625 0.4226 0.0900 0.0432
67 0.2725 0.0485 0.3040 0.3086 0.0668
68 0.4377 0.1501 0.3687 0.0263 0.0171
69 0.4172 0.2695 0.2959 0.0025 0.0148
70 0.0785 0.3894 0.4019 0.1124 0.0179
71 0.1830 0.0652 0.2463 0.4392 0.0663
72 0.2712 0.4836 0.1262 0.0815 0.0373
73 0.1708 0.1508 0.3242 0.2126 0.1416
74 0.1203 0.1406 0.0198 0.0051 0.7144
75 0.0816 0.0875 0.0365 0.0203 0.7739
76 0.0750 0.1057 0.0417 0.0029 0.7749
77 0.0620 0.0376 0.2781 0.4805 0.1420
78 0.0676 0.0338 0.0443 0.0743 0.7798
79 0.5977 0.2322 0.1168 0.0230 0.0305
80 0.6611 0.0847 0.1632 0.0260 0.0649
81 0.1290 0.3069 0.4431 0.0753 0.0456
82 0.3655 0.0946 0.1622 0.3276 0.0499
83 0.0906 0.0642 0.2386 0.6001 0.0066
84 0.5254 0.2925 0.0964 0.0318 0.0537
85 0.1499 0.0356 0.0605 0.4990 0.2549
86 0.1534 0.5566 0.0983 0.0094 0.1821
87 0.0386 0.1744 0.0360 0.0047 0.7461
88 0.2729 0.1736 0.3398 0.1581 0.0555
89 0.4065 0.2059 0.2793 0.0546 0.0537
90 0.2389 0.5552 0.1494 0.0118 0.0445
91 0.3313 0.3262 0.1874 0.0190 0.1360
92 0.4253 0.2073 0.2900 0.0303 0.0473
93 0.4871 0.0930 0.2954 0.1086 0.0160
94 0.5244 0.1411 0.2053 0.0755 0.0540
95 0.6802 0.1653 0.1288 0.0098 0.0161
96 0.1063 0.3948 0.4370 0.0461 0.0160
97 0.1447 0.0786 0.3259 0.4185 0.0325
98 0.0802 0.0397 0.2888 0.5571 0.0342
99 0.3311 0.2347 0.2366 0.1829 0.0149
100 0.1333 0.0332 0.5527 0.1633 0.1176
101 0.1747 0.0512 0.3528 0.3696 0.0516
102 0.2839 0.0880 0.2061 0.3674 0.0546
103 0.1342 0.4470 0.4038 0.0083 0.0067
104 0.2554 0.2084 0.5078 0.0140 0.0147
105 0.6050 0.1802 0.1248 0.0131 0.0769
106 0.1810 0.0535 0.2593 0.4998 0.0066
107 0.4219 0.3040 0.1010 0.1349 0.0383
108 0.2886 0.3296 0.3350 0.0189 0.0279
109 0.2700 0.2537 0.2239 0.0249 0.2274
110 0.2573 0.1216 0.1346 0.4448 0.0417
111 0.1058 0.0662 0.6792 0.1296 0.0191
112 0.1423 0.0451 0.2422 0.5371 0.0330
113 0.4771 0.1742 0.2289 0.0388 0.0810
114 0.1228 0.1100 0.3235 0.4285 0.0151
115 0.0957 0.0942 0.7891 0.0146 0.0065
116 0.7354 0.1426 0.0474 0.0445 0.0303
117 0.6147 0.2175 0.0788 0.0497 0.0390
118 0.6777 0.2003 0.0556 0.0359 0.0307
119 0.4314 0.4592 0.0856 0.0026 0.0213
120 0.1986 0.3567 0.4075 0.0153 0.0219
121 0.5522 0.2690 0.0873 0.0102 0.0814
122 0.4988 0.2393 0.2031 0.0182 0.0406
123 0.4946 0.2062 0.2355 0.0429 0.0209
124 0.7583 0.1238 0.0781 0.0053 0.0346
125 0.4761 0.2338 0.1908 0.0670 0.0324
126 0.2087 0.1066 0.2810 0.3552 0.0484
127 0.1954 0.6611 0.1365 0.0026 0.0043
128 0.3037 0.3337 0.1814 0.0377 0.1434
129 0.4832 0.3591 0.1428 0.0077 0.0072
130 0.3330 0.0666 0.2634 0.3228 0.0142
131 0.1403 0.4897 0.3528 0.0063 0.0109
132 0.3118 0.0521 0.2177 0.3704 0.0482
133 0.0770 0.1231 0.5308 0.1605 0.1086
134 0.0884 0.2993 0.6045 0.0028 0.0049
135 0.4985 0.1332 0.1594 0.1606 0.0482
136 0.5859 0.2122 0.1296 0.0313 0.0411
137 0.3362 0.2120 0.2920 0.1246 0.0352
138 0.7700 0.0898 0.0369 0.0169 0.0864
139 0.5815 0.1437 0.1471 0.1043 0.0233
140 0.1227 0.1002 0.7632 0.0080 0.0058
141 0.2136 0.0477 0.1743 0.4666 0.0978
142 0.1426 0.4897 0.3113 0.0363 0.0201
143 0.6348 0.1982 0.1028 0.0096 0.0546
144 0.3506 0.3242 0.1876 0.0331 0.1044
145 0.5083 0.2328 0.1434 0.0249 0.0905
146 0.3159 0.4595 0.0986 0.0227 0.1033
147 0.4578 0.1710 0.2231 0.0522 0.0959
148 0.4812 0.2942 0.1770 0.0149 0.0327
149 0.4700 0.0561 0.1742 0.2742 0.0255
150 0.1346 0.4050 0.2761 0.1400 0.0440
151 0.5415 0.1208 0.2072 0.1162 0.0142
152 0.5151 0.1323 0.2590 0.0539 0.0394
153 0.0806 0.3340 0.3667 0.2025 0.0162
154 0.5156 0.2051 0.1432 0.0118 0.1244
155 0.3735 0.2000 0.1619 0.0853 0.1792
156 0.1980 0.3450 0.3728 0.0546 0.0297
157 0.2230 0.0675 0.1556 0.3508 0.2030
158 0.5249 0.1171 0.1962 0.0979 0.0637
159 0.3213 0.0658 0.3164 0.2644 0.0321
160 0.4719 0.2212 0.1848 0.0464 0.0758
161 0.1500 0.2003 0.3354 0.1008 0.2133
162 0.3914 0.3884 0.1820 0.0063 0.0319
163 0.1599 0.1625 0.2457 0.3130 0.1188
164 0.2581 0.5547 0.1589 0.0180 0.0102
165 0.5122 0.2495 0.1116 0.0876 0.0392
166 0.4556 0.1914 0.0756 0.1226 0.1550
167 0.4250 0.3362 0.1786 0.0140 0.0462
168 0.6729 0.0849 0.1057 0.0791 0.0574
169 0.1760 0.5054 0.2747 0.0355 0.0084
170 0.3000 0.0644 0.3794 0.2301 0.0260
171 0.5811 0.1843 0.0818 0.0793 0.0733
172 0.3228 0.3804 0.2150 0.0128 0.0693
173 0.3801 0.2473 0.3225 0.0225 0.0275
174 0.6953 0.1527 0.0368 0.0143 0.1010
175 0.2876 0.4971 0.1887 0.0072 0.0193
176 0.5474 0.1544 0.1373 0.0691 0.0915
177 0.1787 0.0745 0.3843 0.3391 0.0234
178 0.4021 0.2021 0.0970 0.0548 0.2439
179 0.3518 0.1702 0.3057 0.1057 0.0667
180 0.2179 0.4648 0.2047 0.1070 0.0056
181 0.6509 0.2321 0.0620 0.0117 0.0433
182 0.1688 0.0495 0.1798 0.5122 0.0897
183 0.6035 0.1840 0.0779 0.0773 0.0574
184 0.2908 0.0568 0.2283 0.3296 0.0944
185 0.6479 0.2854 0.0344 0.0137 0.0185
186 0.5664 0.2117 0.1868 0.0191 0.0161
187 0.4033 0.0752 0.0839 0.3970 0.0406
188 0.2664 0.1238 0.1934 0.3367 0.0800
189 0.2820 0.1632 0.2412 0.2249 0.0887
190 0.5015 0.0533 0.2482 0.1530 0.0442
191 0.0659 0.4231 0.4004 0.0929 0.0177
192 0.3481 0.3735 0.1697 0.0271 0.0814
193 0.6431 0.1504 0.1118 0.0617 0.0328
194 0.3015 0.2703 0.3313 0.0678 0.0292
195 0.6284 0.1277 0.0470 0.1470 0.0500
196 0.5884 0.1954 0.0457 0.0148 0.1559
197 0.6440 0.1360 0.1076 0.0463 0.0663
198 0.1619 0.0206 0.0777 0.7031 0.0367
199 0.1711 0.0263 0.0725 0.6665 0.0635
200 0.0799 0.2559 0.5859 0.0500 0.0285
201 0.1638 0.0500 0.2744 0.4524 0.0594
202 0.4905 0.2861 0.1240 0.0181 0.0813
203 0.5923 0.2607 0.1166 0.0046 0.0256
204 0.0871 0.0408 0.2993 0.5503 0.0224
205 0.0825 0.0799 0.5903 0.1565 0.0906
206 0.2198 0.1547 0.1547 0.1583 0.3125
207 0.3020 0.0618 0.1875 0.4160 0.0326
208 0.3982 0.1511 0.1263 0.2759 0.0483
209 0.7344 0.1539 0.0617 0.0159 0.0341
210 0.8242 0.0611 0.0349 0.0404 0.0392
211 0.1484 0.0370 0.2159 0.4717 0.1270
212 0.6401 0.1863 0.1202 0.0140 0.0393
213 0.3027 0.0443 0.2800 0.2673 0.1055
214 0.3679 0.2842 0.2469 0.0324 0.0686
215 0.5303 0.1077 0.1270 0.2142 0.0209
216 0.2344 0.0427 0.3806 0.2576 0.0849
217 0.4189 0.1918 0.2622 0.0497 0.0775
218 0.1938 0.3706 0.2776 0.0820 0.0759
219 0.2034 0.0676 0.2693 0.3682 0.0916
220 0.2864 0.2820 0.2469 0.1521 0.0327
221 0.4705 0.3416 0.1652 0.0062 0.0165
222 0.2639 0.4319 0.1843 0.0448 0.0751
223 0.3054 0.0917 0.0698 0.4241 0.1089
224 0.6738 0.2087 0.0481 0.0242 0.0451
225 0.6372 0.0434 0.0195 0.0977 0.2021
226 0.1755 0.0856 0.3491 0.3547 0.0351
227 0.2549 0.1292 0.5068 0.0660 0.0429
228 0.1273 0.1252 0.0606 0.0095 0.6772
229 0.0484 0.0683 0.0160 0.0022 0.8652
230 0.1703 0.4521 0.3335 0.0109 0.0333
231 0.3997 0.1127 0.2581 0.1947 0.0349
232 0.3669 0.0690 0.1093 0.3066 0.1482
233 0.4761 0.1332 0.2776 0.0385 0.0747
234 0.1117 0.7114 0.1492 0.0110 0.0166
235 0.5718 0.1771 0.1575 0.0285 0.0652
236 0.1736 0.1532 0.4099 0.1631 0.1005
237 0.2421 0.0963 0.3467 0.2637 0.0511
238 0.0986 0.0762 0.0524 0.0036 0.7695
239 0.1243 0.0803 0.0539 0.0037 0.7378
240 0.2861 0.1520 0.3293 0.1776 0.0550
241 0.5703 0.1534 0.1431 0.0923 0.0410
242 0.6724 0.0999 0.0889 0.0606 0.0784
243 0.4907 0.3120 0.1644 0.0056 0.0273
244 0.4890 0.1316 0.1703 0.1001 0.1091
245 0.2629 0.2432 0.3650 0.0895 0.0394
246 0.4766 0.2268 0.1896 0.0426 0.0645
247 0.3452 0.0833 0.0782 0.4868 0.0064
248 0.2037 0.2830 0.2496 0.2310 0.0327
249 0.2037 0.2830 0.2496 0.2310 0.0327
250 0.2037 0.2830 0.2496 0.2310 0.0327
251 0.2037 0.2830 0.2496 0.2310 0.0327
252 0.6519 0.2361 0.0552 0.0236 0.0332
253 0.6733 0.2327 0.0488 0.0152 0.0300
254 0.6797 0.2241 0.0463 0.0177 0.0323
255 0.6768 0.2267 0.0464 0.0177 0.0327
256 0.6768 0.2267 0.0464 0.0177 0.0327
257 0.6909 0.2242 0.0425 0.0134 0.0292
258 0.6909 0.2242 0.0425 0.0134 0.0292
259 0.6909 0.2242 0.0425 0.0134 0.0292
260 0.6909 0.2242 0.0425 0.0132 0.0292
