time exciting_prob fearful_prob tense_prob sad_prob relaxing_prob
0 0.2037 0.2830 0.2496 0.2310 0.0327
1 0.1058 0.0607 0.4023 0.4087 0.0227
2 0.1110 0.1026 0.6001 0.1746 0.0120
3 0.1921 0.2300 0.5308 0.0157 0.0316
4 0.4456 0.0688 0.3364 0.1034 0.0459
5 0.1803 0.0509 0.3586 0.3818 0.0285
6 0.4951 0.1292 0.2588 0.0232 0.0938
7 0.3220 0.1440 0.4070 0.0820 0.0450
8 0.1375 0.0686 0.0821 0.0406 0.6714
9 0.1553 0.1200 0.4600 0.1277 0.1371
10 0.3630 0.2236 0.1715 0.1675 0.0743
11 0.1415 0.1732 0.2386 0.2622 0.1844
12 0.3462 0.2020 0.2004 0.1741 0.0773
13 0.0380 0.2810 0.5674 0.0462 0.0673
14 0.0690 0.3398 0.5264 0.0464 0.0183
15 0.0877 0.1017 0.1901 0.0877 0.5327
16 0.1301 0.1620 0.1985 0.0332 0.4761
17 0.1082 0.3010 0.5083 0.0462 0.0363
18 0.3240 0.2544 0.2974 0.0648 0.0595
19 0.1990 0.0656 0.3804 0.1207 0.2344
20 0.0983 0.2913 0.4441 0.1344 0.0319
21 0.0670 0.1937 0.4756 0.2393 0.0244
22 0.0489 0.6694 0.2463 0.0096 0.0256
23 0.0806 0.0812 0.2260 0.0264 0.5859
24 0.4250 0.2366 0.2136 0.0622 0.0627
25 0.1599 0.3181 0.1885 0.0507 0.2830
26 0.0751 0.0204 0.0399 0.0576 0.8071
27 0.0542 0.0187 0.0286 0.0093 0.8892
28 0.1114 0.3174 0.4727 0.0720 0.0265
29 0.3872 0.5010 0.0710 0.0320 0.0086
30 0.3123 0.3049 0.2000 0.0453 0.1375
31 0.1008 0.2678 0.4050 0.1198 0.1065
32 0.3064 0.2122 0.2769 0.0884 0.1163
33 0.1843 0.3608 0.1118 0.2294 0.1136
34 0.1940 0.4954 0.2303 0.0543 0.0258
35 0.2424 0.1732 0.3391 0.0812 0.1641
36 0.2515 0.1525 0.1913 0.0897 0.3152
37 0.1573 0.1729 0.3035 0.1049 0.2615
38 0.0304 0.0674 0.0509 0.7363 0.1147
39 0.1249 0.1288 0.2771 0.4639 0.0054
40 0.0281 0.1172 0.0435 0.7124 0.0987
41 0.1449 0.1077 0.3044 0.1086 0.3345
42 0.0674 0.3560 0.5098 0.0184 0.0486
43 0.0848 0.1274 0.1825 0.4048 0.2004
44 0.1749 0.2300 0.4907 0.0370 0.0674
45 0.0997 0.1046 0.1779 0.5225 0.0952
46 0.2334 0.0782 0.1028 0.0124 0.5732
47 0.1471 0.2388 0.3213 0.1680 0.1248
48 0.1044 0.2839 0.4131 0.1202 0.0782
49 0.3494 0.2478 0.2086 0.1017 0.0926
50 0.0799 0.1401 0.6382 0.1010 0.0408
51 0.3171 0.3948 0.1332 0.0269 0.1282
52 0.2002 0.1511 0.4656 0.0681 0.1150
53 0.2039 0.3208 0.1813 0.0557 0.2384
54 0.0327 0.0945 0.2693 0.5439 0.0592
55 0.0216 0.0551 0.2433 0.6509 0.0291
56 0.0304 0.0874 0.7788 0.0821 0.0211
57 0.0171 0.1813 0.1246 0.6631 0.0142
58 0.5674 0.1208 0.1576 0.0424 0.1118
59 0.2156 0.1371 0.1307 0.1075 0.4092
60 0.2610 0.1272 0.1354 0.3623 0.1140
61 0.2520 0.1436 0.3469 0.0584 0.1992
62 0.5957 0.0914 0.0819 0.0331 0.1980
63 0.0275 0.0832 0.5962 0.2334 0.0599
64 0.0714 0.1780 0.6509 0.0938 0.0057
65 0.0630 0.3198 0.3682 0.1738 0.0754
66 0.1804 0.1681 0.5303 0.0826 0.0387
67 0.2104 0.3259 0.2072 0.2137 0.0428
68 0.1345 0.2417 0.2068 0.1636 0.2534
69 0.1782 0.2184 0.2150 0.0171 0.3713
70 0.0471 0.0659 0.0582 0.7427 0.0860
71 0.0597 0.1971 0.0620 0.5356 0.1454
72 0.1052 0.2815 0.1164 0.3291 0.1681
73 0.1832 0.2544 0.2708 0.0638 0.2280
74 0.2493 0.1647 0.1971 0.1584 0.2305
75 0.2198 0.1780 0.1780 0.0443 0.3799
76 0.2891 0.1187 0.3250 0.0999 0.1674
77 0.2430 0.2798 0.2468 0.0634 0.1670
78 0.0973 0.0988 0.4941 0.1735 0.1361
79 0.1353 0.1923 0.4758 0.0820 0.1148
80 0.0391 0.1700 0.4622 0.3225 0.0061
81 0.1367 0.2273 0.3306 0.2037 0.1016
82 0.0517 0.1592 0.3760 0.3940 0.0190
83 0.0577 0.3792 0.4573 0.0486 0.0573
84 0.0853 0.3296 0.4949 0.0654 0.0248
85 0.2729 0.1052 0.4033 0.1996 0.0190
86 0.0534 0.3174 0.5396 0.0472 0.0423
87 0.4963 0.2805 0.1715 0.0300 0.0215
88 0.2277 0.1627 0.3904 0.0589 0.1602
89 0.3259 0.1652 0.3992 0.0677 0.0421
90 0.0449 0.0571 0.1288 0.6641 0.1051
91 0.1218 0.0516 0.2277 0.5635 0.0355
92 0.0223 0.0261 0.0253 0.4775 0.4487
93 0.2231 0.0297 0.2096 0.3074 0.2302
94 0.0895 0.2250 0.4993 0.0975 0.0888
95 0.4548 0.1699 0.2532 0.0391 0.0828
96 0.2158 0.2666 0.1519 0.0517 0.3140
97 0.0919 0.0389 0.0349 0.0094 0.8252
98 0.0094 0.0319 0.0151 0.7603 0.1835
99 0.0268 0.0746 0.1174 0.6758 0.1053
100 0.0658 0.0387 0.1438 0.7188 0.0331
101 0.2307 0.2068 0.2783 0.1598 0.1245
102 0.2581 0.0906 0.1470 0.4600 0.0445
103 0.2319 0.2864 0.1807 0.0123 0.2886
104 0.2722 0.3633 0.2556 0.0458 0.0631
105 0.0521 0.3218 0.5386 0.0533 0.0342
106 0.2300 0.1121 0.2300 0.3508 0.0770
107 0.1387 0.2002 0.2183 0.4175 0.0255
108 0.0594 0.2107 0.5215 0.2010 0.0075
109 0.2219 0.3330 0.3057 0.0303 0.1090
110 0.0609 0.3848 0.4326 0.1060 0.0158
111 0.1224 0.2115 0.1897 0.0214 0.4548
112 0.5264 0.1848 0.1037 0.0432 0.1417
113 0.2761 0.1661 0.5239 0.0084 0.0253
114 0.2079 0.3145 0.1937 0.0916 0.1923
115 0.4258 0.2028 0.1278 0.1128 0.1309
116 0.1486 0.3735 0.3855 0.0348 0.0577
117 0.1139 0.2820 0.2356 0.1764 0.1923
118 0.2524 0.2688 0.2908 0.1342 0.0538
119 0.3469 0.1516 0.1759 0.0445 0.2810
120 0.0724 0.1022 0.2339 0.5610 0.0302
121 0.0574 0.4275 0.2654 0.2134 0.0362
122 0.3071 0.1375 0.1157 0.0262 0.4133
123 0.0094 0.0206 0.0345 0.9336 0.0018
124 0.1904 0.0832 0.0299 0.6343 0.0623
125 0.5391 0.2247 0.1061 0.1147 0.0153
126 0.1111 0.2688 0.3672 0.1965 0.0563
127 0.3367 0.1288 0.4060 0.0950 0.0336
128 0.0754 0.0954 0.3516 0.4307 0.0468
129 0.2698 0.1514 0.4312 0.0223 0.1255
130 0.0400 0.3979 0.4951 0.0379 0.0291
131 0.0821 0.0539 0.0443 0.0032 0.8164
132 0.1066 0.1050 0.0927 0.0111 0.6846
133 0.3225 0.2913 0.0645 0.1465 0.1753
134 0.0341 0.0616 0.5850 0.2764 0.0430
135 0.2949 0.2705 0.1506 0.1919 0.0920
136 0.0393 0.0399 0.0529 0.0069 0.8608
137 0.0128 0.0189 0.0239 0.9248 0.0198
138 0.0231 0.0358 0.0781 0.7300 0.1329
139 0.0579 0.1973 0.5708 0.1512 0.0230
140 0.0592 0.3152 0.3684 0.2269 0.0302
141 0.1777 0.1907 0.2030 0.0342 0.3943
142 0.0747 0.1984 0.0551 0.0058 0.6660
143 0.0326 0.1569 0.6602 0.1147 0.0356
144 0.0797 0.0737 0.5034 0.2959 0.0475
145 0.1230 0.1655 0.5259 0.1555 0.0299
146 0.0185 0.0841 0.2358 0.6411 0.0206
147 0.0314 0.2532 0.6362 0.0450 0.0340
148 0.0608 0.1588 0.3525 0.3994 0.0285
149 0.2832 0.1801 0.3235 0.1256 0.0877
150 0.2455 0.2573 0.3103 0.0946 0.0924
151 0.0817 0.2849 0.5405 0.0320 0.0607
152 0.0145 0.1240 0.1202 0.7026 0.0384
153 0.0932 0.1313 0.2068 0.1064 0.4622
154 0.1694 0.1361 0.5298 0.1460 0.0186
155 0.0159 0.0360 0.0571 0.0323 0.8589
156 0.0227 0.0407 0.0883 0.0238 0.8247
157 0.0430 0.1812 0.3228 0.4414 0.0117
158 0.0580 0.4348 0.3606 0.1390 0.0077
159 0.0748 0.2957 0.3101 0.2081 0.1114
160 0.0551 0.0922 0.1669 0.6299 0.0559
161 0.0258 0.0387 0.0943 0.8403 0.0010
162 0.1617 0.1495 0.2686 0.4033 0.0168
163 0.3237 0.1720 0.4324 0.0481 0.0238
164 0.2556 0.0672 0.5044 0.1357 0.0371
165 0.1141 0.0671 0.1123 0.0655 0.6411
166 0.0991 0.4878 0.2612 0.0143 0.1376
167 0.1946 0.2744 0.1515 0.1316 0.2479
168 0.3020 0.1761 0.1329 0.2859 0.1028
169 0.2783 0.3206 0.3359 0.0557 0.0096
170 0.0359 0.1124 0.0507 0.7681 0.0332
171 0.0796 0.4202 0.4072 0.0356 0.0573
172 0.0615 0.0376 0.1022 0.7319 0.0670
173 0.1214 0.1195 0.1262 0.4617 0.1711
174 0.0530 0.1096 0.1752 0.4170 0.2451
175 0.0488 0.2439 0.2678 0.4084 0.0308
176 0.1943 0.2739 0.1197 0.3926 0.0194
177 0.3147 0.2798 0.1697 0.0765 0.1594
178 0.2747 0.1653 0.1874 0.2683 0.1042
179 0.0558 0.2681 0.4089 0.2024 0.0647
180 0.0714 0.4275 0.3601 0.1031 0.0379
181 0.2316 0.3557 0.3140 0.0509 0.0478
182 0.1702 0.1305 0.3574 0.0862 0.2556
183 0.0300 0.1429 0.3074 0.4912 0.0286
184 0.4084 0.1033 0.2576 0.1346 0.0963
185 0.1746 0.3872 0.3088 0.0837 0.0455
186 0.0201 0.0747 0.2566 0.4722 0.1764
187 0.0431 0.1471 0.3186 0.2947 0.1963
188 0.0096 0.2859 0.1155 0.5864 0.0026
189 0.1394 0.4036 0.2795 0.0425 0.1351
190 0.0335 0.0727 0.1400 0.6182 0.1357
191 0.0198 0.2527 0.5522 0.0464 0.1290
192 0.1005 0.0453 0.1876 0.6548 0.0116
193 0.0216 0.2379 0.2573 0.3008 0.1824
194 0.1470 0.2922 0.3337 0.1482 0.0787
195 0.1980 0.1449 0.4395 0.1592 0.0585
196 0.1293 0.4512 0.3250 0.0498 0.0447
197 0.0193 0.3110 0.1978 0.4597 0.0121
198 0.0209 0.3162 0.1565 0.4822 0.0242
199 0.0421 0.3362 0.2537 0.2876 0.0804
200 0.1512 0.2494 0.1335 0.4446 0.0213
201 0.0696 0.3943 0.0586 0.4756 0.0018
202 0.0458 0.4114 0.0682 0.4734 0.0014
203 0.1630 0.3372 0.3093 0.1211 0.0696
204 0.1447 0.0870 0.0728 0.4932 0.2024
205 0.1145 0.0533 0.1788 0.0294 0.6240
206 0.1816 0.1860 0.3728 0.0188 0.2407
207 0.2986 0.1356 0.2307 0.1024 0.2325
208 0.0654 0.2629 0.2979 0.0468 0.3271
209 0.2915 0.1727 0.2654 0.0822 0.1882
210 0.1635 0.2183 0.3713 0.1254 0.1215
211 0.1282 0.1672 0.2163 0.0809 0.4075
212 0.4717 0.1696 0.0685 0.1497 0.1405
213 0.4866 0.1155 0.1567 0.1567 0.0845
214 0.0889 0.5444 0.2200 0.1304 0.0164
215 0.2795 0.1892 0.2930 0.1497 0.0887
