time exciting_prob fearful_prob tense_prob sad_prob relaxing_prob
0 0.2037 0.2830 0.2496 0.2310 0.0327
1 0.3735 0.2301 0.2754 0.0219 0.0990
2 0.2117 0.3176 0.2117 0.2474 0.0117
3 0.3169 0.3374 0.3269 0.0056 0.0132
4 0.3450 0.3342 0.3069 0.0051 0.0089
5 0.4460 0.2561 0.2603 0.0164 0.0213
6 0.4492 0.2386 0.2969 0.0026 0.0125
7 0.2837 0.1890 0.5137 0.0032 0.0107
8 0.4421 0.2072 0.1744 0.0927 0.0837
9 0.2068 0.3203 0.4277 0.0144 0.0307
10 0.4084 0.2786 0.2152 0.0090 0.0890
11 0.1702 0.2595 0.5410 0.0135 0.0158
12 0.1292 0.5786 0.2798 0.0093 0.0032
13 0.2271 0.3054 0.3953 0.0060 0.0661
14 0.1181 0.1731 0.6333 0.0299 0.0455
15 0.5669 0.1854 0.2290 0.0027 0.0161
16 0.2203 0.2576 0.5044 0.0050 0.0126
17 0.3391 0.2025 0.4424 0.0011 0.0150
18 0.4182 0.1716 0.3748 0.0029 0.0325
19 0.5806 0.2135 0.1841 0.0041 0.0179
20 0.1987 0.4143 0.3628 0.0040 0.0202
21 0.2069 0.3926 0.3926 0.0014 0.0065
22 0.2559 0.4285 0.2854 0.0071 0.0234
23 0.1229 0.5176 0.3367 0.0050 0.0180
24 0.0156 0.3276 0.6514 0.0037 0.0018
25 0.1575 0.3308 0.3960 0.0750 0.0408
26 0.4658 0.2289 0.2695 0.0047 0.0310
27 0.1595 0.3101 0.4204 0.0322 0.0778
28 0.1409 0.4692 0.3772 0.0066 0.0060
29 0.2798 0.3794 0.3245 0.0030 0.0132
30 0.2869 0.3772 0.3152 0.0059 0.0149
31 0.4087 0.1901 0.3037 0.0677 0.0296
32 0.1844 0.2173 0.4973 0.0415 0.0594
33 0.4756 0.2429 0.2336 0.0074 0.0406
34 0.2632 0.3711 0.3325 0.0062 0.0271
35 0.3848 0.3396 0.2466 0.0053 0.0237
36 0.0577 0.1984 0.6924 0.0311 0.0203
37 0.4048 0.2939 0.2805 0.0065 0.0142
38 0.3611 0.2834 0.3367 0.0072 0.0115
39 0.2065 0.4204 0.3513 0.0054 0.0162
40 0.3484 0.3271 0.2822 0.0032 0.0391
41 0.5063 0.2798 0.1683 0.0056 0.0400
42 0.4792 0.1682 0.3118 0.0160 0.0246
43 0.3892 0.2252 0.3684 0.0094 0.0079
44 0.1606 0.3823 0.3823 0.0129 0.0619
45 0.1862 0.5181 0.2729 0.0152 0.0076
46 0.1882 0.6416 0.1548 0.0038 0.0115
47 0.0096 0.6582 0.3259 0.0058 0.0005
48 0.1132 0.6216 0.2571 0.0030 0.0053
49 0.1697 0.4575 0.3591 0.0076 0.0061
50 0.3923 0.4517 0.1304 0.0154 0.0103
51 0.1815 0.4189 0.3418 0.0074 0.0504
52 0.4087 0.3389 0.2311 0.0035 0.0180
53 0.1204 0.4268 0.4333 0.0066 0.0130
54 0.1760 0.5215 0.2705 0.0046 0.0272
55 0.2715 0.2610 0.4075 0.0077 0.0522
56 0.2788 0.3579 0.2311 0.0125 0.1199
57 0.3877 0.2927 0.1748 0.0148 0.1299
58 0.3665 0.3086 0.2854 0.0055 0.0338
59 0.2192 0.4065 0.3396 0.0135 0.0214
60 0.1378 0.4888 0.3633 0.0030 0.0074
61 0.2283 0.3677 0.3564 0.0077 0.0400
62 0.3958 0.2439 0.2382 0.1065 0.0156
63 0.5991 0.1857 0.1218 0.0392 0.0540
64 0.0725 0.3379 0.5571 0.0093 0.0233
65 0.3262 0.3872 0.2642 0.0032 0.0193
66 0.1272 0.3325 0.5229 0.0031 0.0142
67 0.6426 0.1650 0.1357 0.0145 0.0424
68 0.4480 0.1700 0.2939 0.0345 0.0535
69 0.4214 0.2086 0.3281 0.0184 0.0234
70 0.1211 0.5176 0.3477 0.0079 0.0057
71 0.5156 0.1489 0.2634 0.0539 0.0182
72 0.3040 0.2683 0.3638 0.0080 0.0562
73 0.3030 0.4548 0.1809 0.0178 0.0433
74 0.3774 0.3411 0.1797 0.0148 0.0869
75 0.2896 0.3464 0.3491 0.0059 0.0088
76 0.2974 0.3140 0.2952 0.0212 0.0723
77 0.0459 0.3669 0.5640 0.0131 0.0099
78 0.3979 0.1071 0.2822 0.1821 0.0307
79 0.1703 0.3809 0.4248 0.0106 0.0133
80 0.5601 0.2209 0.1299 0.0576 0.0316
81 0.5776 0.1555 0.2159 0.0141 0.0367
82 0.2878 0.1627 0.3135 0.1317 0.1042
83 0.2976 0.3704 0.2372 0.0110 0.0839
84 0.3770 0.2147 0.3149 0.0790 0.0146
85 0.1666 0.6694 0.1338 0.0084 0.0220
86 0.0668 0.4565 0.4673 0.0048 0.0047
87 0.1322 0.3623 0.4800 0.0087 0.0168
88 0.5532 0.2493 0.0869 0.0124 0.0984
89 0.3752 0.1110 0.1692 0.3162 0.0285
90 0.0486 0.6401 0.2952 0.0073 0.0089
91 0.4285 0.0948 0.2520 0.1772 0.0477
92 0.1945 0.2203 0.5083 0.0631 0.0138
93 0.2361 0.3892 0.3628 0.0080 0.0040
94 0.5977 0.1046 0.2529 0.0265 0.0185
95 0.4373 0.2654 0.2590 0.0237 0.0145
96 0.3394 0.1318 0.4639 0.0258 0.0393
97 0.1432 0.3152 0.5078 0.0284 0.0056
98 0.5874 0.1139 0.2283 0.0159 0.0546
99 0.3633 0.0744 0.4629 0.0631 0.0363
100 0.2167 0.4771 0.2849 0.0045 0.0170
101 0.2734 0.3376 0.3623 0.0089 0.0176
102 0.6235 0.1731 0.1423 0.0371 0.0240
103 0.7573 0.1161 0.1041 0.0115 0.0108
104 0.3909 0.3423 0.2371 0.0065 0.0233
105 0.2260 0.3499 0.3784 0.0049 0.0408
106 0.4155 0.2349 0.2969 0.0079 0.0448
107 0.2004 0.4211 0.3601 0.0060 0.0123
108 0.4646 0.0521 0.4646 0.0063 0.0123
109 0.1943 0.2477 0.4924 0.0421 0.0234
110 0.3130 0.3464 0.2986 0.0163 0.0257
111 0.1120 0.5386 0.3215 0.0214 0.0066
112 0.3308 0.2135 0.4053 0.0269 0.0236
113 0.2300 0.2013 0.5474 0.0084 0.0130
114 0.6265 0.0583 0.2781 0.0194 0.0176
115 0.1091 0.4773 0.4021 0.0084 0.0032
116 0.3333 0.5405 0.1099 0.0040 0.0122
117 0.3210 0.2642 0.3755 0.0059 0.0336
118 0.0560 0.2065 0.7266 0.0092 0.0019
119 0.8936 0.0800 0.0166 0.0067 0.0031
120 0.0949 0.4744 0.4219 0.0066 0.0023
121 0.5293 0.0585 0.3418 0.0318 0.0384
122 0.1769 0.1674 0.6123 0.0249 0.0185
123 0.1133 0.7212 0.1477 0.0107 0.0069
124 0.4207 0.0754 0.3892 0.0896 0.0251
125 0.8721 0.0856 0.0154 0.0178 0.0093
126 0.3052 0.6069 0.0676 0.0044 0.0157
127 0.6655 0.0573 0.1820 0.0302 0.0649
128 0.2399 0.5449 0.1624 0.0239 0.0289
129 0.4768 0.2235 0.2379 0.0307 0.0312
130 0.2439 0.2421 0.4775 0.0194 0.0171
131 0.2834 0.3726 0.3262 0.0020 0.0157
132 0.3430 0.3826 0.1924 0.0248 0.0573
133 0.0450 0.4958 0.4341 0.0101 0.0149
134 0.3518 0.2289 0.3462 0.0195 0.0535
135 0.1052 0.0819 0.8018 0.0086 0.0025
136 0.2854 0.0566 0.4778 0.1401 0.0402
137 0.3647 0.0887 0.5024 0.0175 0.0266
138 0.4736 0.1742 0.2238 0.0132 0.1152
139 0.3381 0.0519 0.1754 0.3657 0.0687
140 0.4170 0.2549 0.2756 0.0032 0.0494
141 0.4585 0.1881 0.3225 0.0121 0.0188
142 0.1772 0.5811 0.2189 0.0064 0.0165
143 0.2231 0.0615 0.6611 0.0200 0.0342
144 0.1848 0.2263 0.5645 0.0114 0.0129
145 0.5757 0.1625 0.1841 0.0476 0.0300
146 0.6587 0.1732 0.1093 0.0363 0.0224
147 0.6035 0.2219 0.1367 0.0167 0.0213
148 0.4028 0.0885 0.3875 0.1051 0.0162
149 0.3623 0.1292 0.3918 0.0105 0.1063
150 0.4736 0.2382 0.2272 0.0278 0.0333
151 0.0893 0.5020 0.3645 0.0339 0.0103
152 0.0131 0.7964 0.1892 0.0010 0.0002
153 0.3496 0.2404 0.3723 0.0292 0.0086
154 0.1515 0.5718 0.2384 0.0122 0.0259
155 0.2837 0.5425 0.1415 0.0118 0.0204
156 0.3938 0.2859 0.2749 0.0126 0.0326
157 0.1962 0.2206 0.2311 0.3469 0.0052
158 0.2834 0.2642 0.3967 0.0438 0.0119
159 0.2937 0.5796 0.0535 0.0359 0.0370
160 0.2008 0.4634 0.3159 0.0021 0.0177
161 0.3313 0.3340 0.3186 0.0039 0.0120
162 0.2610 0.5396 0.1418 0.0072 0.0506
163 0.0366 0.5415 0.4150 0.0047 0.0023
164 0.4475 0.1559 0.2472 0.0578 0.0916
165 0.4045 0.3892 0.1334 0.0539 0.0191
166 0.3040 0.4187 0.1318 0.0576 0.0878
167 0.2120 0.6333 0.1458 0.0022 0.0070
168 0.3721 0.3960 0.2086 0.0055 0.0178
169 0.4307 0.4656 0.0953 0.0030 0.0055
170 0.0414 0.0918 0.8057 0.0090 0.0523
171 0.0385 0.3462 0.3987 0.2068 0.0098
172 0.2220 0.1357 0.5762 0.0196 0.0465
173 0.0668 0.8472 0.0770 0.0055 0.0038
174 0.0392 0.4595 0.4851 0.0070 0.0092
175 0.2871 0.1082 0.5537 0.0068 0.0444
176 0.3965 0.0598 0.4526 0.0402 0.0508
177 0.3430 0.5151 0.1223 0.0057 0.0138
178 0.0760 0.1824 0.7383 0.0008 0.0026
179 0.3232 0.1613 0.3662 0.0891 0.0602
180 0.2043 0.3450 0.4395 0.0054 0.0060
181 0.1908 0.2145 0.4614 0.1176 0.0158
182 0.2778 0.2081 0.4546 0.0340 0.0256
183 0.0717 0.1996 0.6753 0.0210 0.0326
184 0.6006 0.2371 0.1531 0.0023 0.0068
185 0.3669 0.3237 0.2581 0.0260 0.0252
186 0.0973 0.6147 0.2749 0.0065 0.0064
187 0.2625 0.4194 0.2390 0.0559 0.0231
188 0.6128 0.1169 0.2185 0.0090 0.0427
189 0.4087 0.2366 0.2766 0.0444 0.0338
190 0.2325 0.6372 0.1179 0.0031 0.0094
191 0.1885 0.1099 0.6274 0.0636 0.0105
192 0.3628 0.0539 0.4844 0.0112 0.0875
193 0.1379 0.0363 0.3691 0.3691 0.0876
194 0.2367 0.2642 0.4387 0.0227 0.0378
195 0.2129 0.1096 0.5186 0.0226 0.1364
196 0.1912 0.2781 0.5117 0.0133 0.0059
197 0.1788 0.3999 0.3936 0.0114 0.0164
198 0.6367 0.1838 0.1500 0.0036 0.0259
199 0.1102 0.6543 0.2058 0.0220 0.0079
200 0.1070 0.0713 0.5830 0.0538 0.1849
201 0.0538 0.0922 0.6304 0.2213 0.0023
202 0.3884 0.4797 0.1054 0.0126 0.0137
203 0.2032 0.4763 0.2651 0.0055 0.0498
204 0.1609 0.3982 0.3860 0.0055 0.0494
205 0.7017 0.1578 0.0474 0.0084 0.0845
206 0.3799 0.1063 0.4407 0.0146 0.0583
207 0.4944 0.3320 0.1593 0.0032 0.0113
208 0.3354 0.4844 0.1687 0.0037 0.0078
209 0.1628 0.1102 0.6646 0.0442 0.0184
210 0.0983 0.6162 0.2649 0.0078 0.0130
211 0.3083 0.5244 0.1527 0.0031 0.0111
212 0.3230 0.4180 0.2457 0.0035 0.0099
213 0.2428 0.3616 0.2142 0.1709 0.0103
214 0.0768 0.5459 0.3635 0.0087 0.0052
215 0.3193 0.5103 0.1362 0.0069 0.0275
216 0.2322 0.4475 0.2844 0.0046 0.0314
217 0.5020 0.2771 0.1951 0.0034 0.0224
218 0.2751 0.0839 0.1567 0.3879 0.0966
219 0.2037 0.2830 0.2496 0.2310 0.0327
