time exciting_prob fearful_prob tense_prob sad_prob relaxing_prob
0 0.2037 0.2830 0.2496 0.2310 0.0327
1 0.2725 0.1228 0.3391 0.1154 0.1504
2 0.2839 0.1044 0.3911 0.1461 0.0746
3 0.1678 0.4744 0.1787 0.0739 0.1050
4 0.4080 0.3408 0.0797 0.1274 0.0440
5 0.3589 0.4683 0.0880 0.0396 0.0453
6 0.7808 0.0779 0.0395 0.0985 0.0031
7 0.7808 0.0904 0.0440 0.0810 0.0040
8 0.4102 0.1556 0.1968 0.1271 0.1104
9 0.3848 0.3848 0.1183 0.0638 0.0482
10 0.1068 0.2971 0.2903 0.0266 0.2791
11 0.1240 0.1876 0.3118 0.0367 0.3398
12 0.4231 0.1061 0.2690 0.1095 0.0922
13 0.3252 0.3545 0.0731 0.2361 0.0110
14 0.1982 0.2428 0.4197 0.0894 0.0501
15 0.4275 0.1500 0.2803 0.0592 0.0829
16 0.1021 0.2710 0.5649 0.0176 0.0443
17 0.0870 0.1857 0.6230 0.0261 0.0780
18 0.1635 0.3354 0.4143 0.0182 0.0687
19 0.4922 0.1008 0.2573 0.0392 0.1107
20 0.1426 0.3369 0.2465 0.2426 0.0316
21 0.2529 0.1213 0.3403 0.1195 0.1659
22 0.3174 0.5444 0.0772 0.0487 0.0124
23 0.5107 0.3403 0.0742 0.0555 0.0193
24 0.0759 0.3271 0.5229 0.0118 0.0624
25 0.2037 0.2874 0.4148 0.0178 0.0762
26 0.3574 0.0890 0.1770 0.3254 0.0511
27 0.6475 0.0377 0.0503 0.2496 0.0148
28 0.1307 0.2502 0.5254 0.0236 0.0700
29 0.4717 0.0770 0.2246 0.1749 0.0517
30 0.1666 0.3015 0.4424 0.0477 0.0418
31 0.4807 0.1081 0.1973 0.1754 0.0385
32 0.5059 0.1174 0.1997 0.1147 0.0623
33 0.3870 0.1337 0.2578 0.1423 0.0792
34 0.4275 0.1838 0.3030 0.0535 0.0322
35 0.2971 0.1239 0.2227 0.2971 0.0590
36 0.3423 0.2544 0.3477 0.0352 0.0202
37 0.2671 0.1710 0.4167 0.0211 0.1241
38 0.1877 0.2976 0.4612 0.0275 0.0260
39 0.3765 0.1893 0.3647 0.0494 0.0201
40 0.5474 0.2046 0.1364 0.0771 0.0345
41 0.2465 0.1694 0.4192 0.0914 0.0734
42 0.2456 0.3306 0.2871 0.1057 0.0310
43 0.4133 0.1395 0.2046 0.2111 0.0314
44 0.2493 0.1686 0.3860 0.1355 0.0606
45 0.2040 0.2056 0.4744 0.0234 0.0927
46 0.3665 0.3184 0.2598 0.0380 0.0173
47 0.3430 0.3149 0.2002 0.1282 0.0136
48 0.5498 0.3662 0.0540 0.0126 0.0174
49 0.7935 0.1689 0.0199 0.0077 0.0102
50 0.6523 0.1335 0.0548 0.1305 0.0289
51 0.4731 0.1782 0.1868 0.0640 0.0977
52 0.3391 0.1705 0.3555 0.0459 0.0892
53 0.5415 0.2024 0.1237 0.1083 0.0242
54 0.6636 0.1092 0.0751 0.1403 0.0117
55 0.5557 0.2142 0.1617 0.0355 0.0329
56 0.6577 0.1943 0.0693 0.0561 0.0227
57 0.1161 0.2291 0.2896 0.3577 0.0077
58 0.3782 0.1010 0.2559 0.2294 0.0357
59 0.2961 0.1410 0.2325 0.3203 0.0101
60 0.3489 0.4692 0.0875 0.0687 0.0257
61 0.6660 0.1895 0.0426 0.0670 0.0348
62 0.6621 0.1560 0.0271 0.0882 0.0666
63 0.6128 0.2255 0.0646 0.0704 0.0269
64 0.2573 0.4587 0.1388 0.1335 0.0114
65 0.4478 0.3176 0.1648 0.0574 0.0125
66 0.3291 0.2625 0.3318 0.0497 0.0268
67 0.3625 0.2822 0.3076 0.0167 0.0309
68 0.2441 0.2969 0.3840 0.0328 0.0421
69 0.4299 0.1439 0.1532 0.1777 0.0952
70 0.2859 0.2124 0.2727 0.1483 0.0806
71 0.2496 0.2808 0.4451 0.0151 0.0095
72 0.2496 0.3035 0.4021 0.0171 0.0278
73 0.4883 0.1868 0.2532 0.0298 0.0420
74 0.1477 0.3953 0.3801 0.0426 0.0345
75 0.2605 0.4001 0.2708 0.0546 0.0139
76 0.4070 0.0654 0.3823 0.0867 0.0586
77 0.0881 0.3796 0.4653 0.0319 0.0350
78 0.4541 0.2864 0.1724 0.0361 0.0510
79 0.4395 0.0806 0.2108 0.1748 0.0943
80 0.2341 0.1660 0.5444 0.0382 0.0171
81 0.3777 0.2617 0.3108 0.0220 0.0278
82 0.1858 0.3364 0.3813 0.0512 0.0452
83 0.2717 0.0897 0.2325 0.3545 0.0515
84 0.3657 0.2476 0.3411 0.0205 0.0253
85 0.1381 0.0906 0.2423 0.4973 0.0318
86 0.4915 0.1365 0.1185 0.2285 0.0250
87 0.3003 0.2097 0.2651 0.0796 0.1453
88 0.0736 0.2866 0.6211 0.0143 0.0043
89 0.2859 0.1761 0.4978 0.0140 0.0260
90 0.3083 0.1575 0.4084 0.0970 0.0289
91 0.4897 0.0995 0.2971 0.0825 0.0313
92 0.2642 0.0717 0.3611 0.2406 0.0623
93 0.4307 0.0626 0.0961 0.3921 0.0185
94 0.3564 0.1671 0.3350 0.1046 0.0370
95 0.4041 0.2284 0.2888 0.0348 0.0439
96 0.3774 0.0693 0.1008 0.4146 0.0380
97 0.8525 0.0462 0.0050 0.0831 0.0133
98 0.8853 0.0441 0.0137 0.0363 0.0205
99 0.4033 0.2793 0.2158 0.0425 0.0590
100 0.4775 0.1161 0.0876 0.2942 0.0247
101 0.2661 0.0349 0.1746 0.4746 0.0496
102 0.3616 0.2028 0.1495 0.2644 0.0217
103 0.0854 0.0578 0.7500 0.0999 0.0068
104 0.4534 0.1604 0.2427 0.0701 0.0734
105 0.3289 0.1119 0.4600 0.0287 0.0706
106 0.3845 0.0304 0.0935 0.3787 0.1128
107 0.4099 0.1696 0.1130 0.2566 0.0509
108 0.5693 0.1968 0.0966 0.1221 0.0153
109 0.3306 0.1198 0.0977 0.4448 0.0069
110 0.6187 0.0956 0.1470 0.0964 0.0421
111 0.5498 0.1099 0.1083 0.2023 0.0298
112 0.2258 0.0994 0.1704 0.4490 0.0553
113 0.7646 0.0415 0.0489 0.1164 0.0285
114 0.4072 0.0483 0.2032 0.3027 0.0385
115 0.8081 0.0260 0.0406 0.0928 0.0326
116 0.1116 0.5845 0.2676 0.0185 0.0179
117 0.7783 0.1096 0.0403 0.0482 0.0235
118 0.8193 0.0215 0.0411 0.0956 0.0222
119 0.4038 0.1005 0.2283 0.2468 0.0204
120 0.6348 0.0475 0.1165 0.0900 0.1112
121 0.7251 0.0833 0.0707 0.0629 0.0581
122 0.5415 0.0617 0.0699 0.2991 0.0280
123 0.7803 0.0651 0.0430 0.0447 0.0671
124 0.7666 0.0747 0.0730 0.0353 0.0506
125 0.7339 0.0448 0.1246 0.0667 0.0303
126 0.4419 0.0824 0.1539 0.2898 0.0320
127 0.6997 0.1263 0.0656 0.1016 0.0070
128 0.4534 0.0794 0.2124 0.1875 0.0674
129 0.5527 0.1243 0.2147 0.0931 0.0153
130 0.2150 0.0368 0.1477 0.5664 0.0340
131 0.6577 0.0557 0.1326 0.1188 0.0351
132 0.2275 0.1227 0.3416 0.2969 0.0112
133 0.3362 0.1718 0.2257 0.2384 0.0280
134 0.3320 0.2336 0.3193 0.0378 0.0770
135 0.3135 0.2137 0.3840 0.0739 0.0150
136 0.2321 0.2820 0.3679 0.1149 0.0032
137 0.4697 0.2418 0.1675 0.0797 0.0414
138 0.3005 0.3005 0.2166 0.1536 0.0288
139 0.3401 0.1498 0.2231 0.2162 0.0707
140 0.3611 0.1403 0.1627 0.2925 0.0435
141 0.2032 0.0433 0.1685 0.5527 0.0324
142 0.5796 0.0946 0.1868 0.0917 0.0472
143 0.5859 0.0700 0.1692 0.1172 0.0576
144 0.4197 0.1509 0.1342 0.0741 0.2212
145 0.0783 0.1022 0.1658 0.5879 0.0660
146 0.4392 0.1128 0.0369 0.0415 0.3699
147 0.2299 0.1165 0.4607 0.1044 0.0886
148 0.4299 0.1223 0.2629 0.0569 0.1281
149 0.2480 0.3337 0.2480 0.1436 0.0264
150 0.4028 0.2581 0.1732 0.1360 0.0301
151 0.3904 0.2242 0.1530 0.1692 0.0632
152 0.4500 0.1069 0.0776 0.1906 0.1749
153 0.2300 0.3479 0.3374 0.0712 0.0134
154 0.3904 0.1815 0.3137 0.0657 0.0489
155 0.1066 0.7285 0.1423 0.0160 0.0068
156 0.0796 0.7266 0.0796 0.1114 0.0031
157 0.4592 0.2700 0.1798 0.0850 0.0061
158 0.3647 0.2712 0.2527 0.0707 0.0406
159 0.0552 0.5659 0.3030 0.0737 0.0021
160 0.5249 0.2275 0.0956 0.0524 0.0994
161 0.2003 0.1399 0.2593 0.3713 0.0291
162 0.1085 0.4126 0.2749 0.1831 0.0210
163 0.3118 0.1484 0.3218 0.1749 0.0432
164 0.2795 0.2109 0.3022 0.1604 0.0471
165 0.2012 0.3091 0.3970 0.0493 0.0435
166 0.2433 0.4204 0.1753 0.1522 0.0088
167 0.2957 0.6016 0.0685 0.0281 0.0060
168 0.3452 0.1052 0.2045 0.3191 0.0260
169 0.2747 0.2462 0.2140 0.2424 0.0227
170 0.5059 0.2371 0.2175 0.0149 0.0246
171 0.7876 0.0508 0.0222 0.1337 0.0057
172 0.3809 0.1960 0.1626 0.2311 0.0294
173 0.4729 0.2532 0.0835 0.1366 0.0539
174 0.6377 0.1638 0.0584 0.1208 0.0193
175 0.2769 0.1627 0.3904 0.0668 0.1034
176 0.2460 0.1718 0.4453 0.1033 0.0335
177 0.1606 0.1658 0.5967 0.0644 0.0125
178 0.1220 0.2996 0.2749 0.2859 0.0174
179 0.5347 0.1300 0.1484 0.1416 0.0456
180 0.6465 0.1355 0.0483 0.1559 0.0141
181 0.2581 0.2727 0.3420 0.0920 0.0352
182 0.4158 0.3237 0.1329 0.1128 0.0148
183 0.2517 0.1857 0.1744 0.3635 0.0247
184 0.3970 0.2013 0.3450 0.0372 0.0195
185 0.3452 0.1670 0.3882 0.0624 0.0373
186 0.3145 0.1332 0.2732 0.2668 0.0121
187 0.4082 0.2052 0.3179 0.0583 0.0105
188 0.3018 0.1692 0.3237 0.1918 0.0138
189 0.3811 0.2725 0.2539 0.0637 0.0289
190 0.3931 0.0705 0.1246 0.3062 0.1058
191 0.5806 0.0726 0.1611 0.1357 0.0499
192 0.2954 0.1907 0.1113 0.3706 0.0321
193 0.2649 0.3147 0.3455 0.0314 0.0436
194 0.2357 0.1131 0.2756 0.3123 0.0634
195 0.2194 0.1331 0.2299 0.3704 0.0475
196 0.2222 0.0721 0.4490 0.1931 0.0637
197 0.1705 0.0884 0.4895 0.2073 0.0441
198 0.4226 0.1036 0.2708 0.1604 0.0425
199 0.4233 0.1658 0.2031 0.1322 0.0753
200 0.5630 0.1379 0.1915 0.0721 0.0354
201 0.5239 0.1245 0.2052 0.0836 0.0630
202 0.5298 0.1578 0.2108 0.0609 0.0406
203 0.5532 0.1973 0.1263 0.0797 0.0433
204 0.4451 0.1757 0.2458 0.1041 0.0294
205 0.2037 0.2830 0.2496 0.2310 0.0327
