time exciting_prob fearful_prob tense_prob sad_prob relaxing_prob
0 0.4092 0.3237 0.0734 0.1505 0.0435
1 0.0875 0.3628 0.0592 0.4585 0.0320
2 0.8379 0.0548 0.0170 0.0631 0.0269
3 0.9023 0.0299 0.0155 0.0367 0.0154
4 0.9043 0.0498 0.0159 0.0173 0.0127
5 0.2094 0.3674 0.3218 0.0839 0.0175
6 0.3909 0.1129 0.3396 0.1165 0.0403
7 0.3811 0.0756 0.2258 0.2539 0.0637
8 0.0862 0.2035 0.1031 0.5708 0.0365
9 0.0538 0.1864 0.0634 0.6606 0.0356
10 0.3850 0.1748 0.0172 0.3850 0.0381
11 0.7656 0.0572 0.0074 0.1320 0.0378
12 0.8032 0.0730 0.0120 0.0730 0.0388
13 0.5879 0.0887 0.1332 0.1724 0.0179
14 0.4233 0.1764 0.1475 0.2338 0.0192
15 0.3425 0.1682 0.1121 0.3645 0.0126
16 0.2253 0.1688 0.4624 0.1377 0.0058
17 0.3757 0.1361 0.4463 0.0412 0.0007
18 0.2766 0.1238 0.4783 0.1067 0.0147
19 0.1116 0.1675 0.4146 0.1741 0.1324
20 0.0948 0.1991 0.3928 0.2942 0.0193
21 0.0761 0.2052 0.6030 0.1082 0.0072
22 0.0781 0.2683 0.4744 0.1719 0.0074
23 0.1202 0.1290 0.3479 0.3850 0.0179
24 0.0669 0.2861 0.5063 0.1112 0.0295
25 0.0571 0.1552 0.5415 0.2294 0.0169
26 0.0287 0.1180 0.5718 0.2576 0.0242
27 0.0213 0.3513 0.1334 0.4878 0.0060
28 0.0231 0.2466 0.1362 0.5825 0.0118
29 0.0278 0.3813 0.2834 0.3018 0.0056
30 0.0335 0.4382 0.0926 0.4316 0.0039
31 0.0740 0.4868 0.2061 0.2246 0.0085
32 0.0567 0.4321 0.2242 0.2769 0.0102
33 0.1091 0.2944 0.1469 0.3496 0.1002
34 0.1471 0.3787 0.1603 0.2622 0.0516
35 0.2396 0.4172 0.1420 0.1387 0.0625
36 0.0580 0.5679 0.1414 0.2207 0.0118
37 0.0907 0.2815 0.2280 0.3909 0.0086
38 0.0698 0.3330 0.4480 0.1432 0.0062
39 0.0455 0.1172 0.4709 0.3499 0.0165
40 0.0977 0.2534 0.3306 0.3105 0.0078
41 0.0784 0.3052 0.1105 0.4475 0.0583
42 0.0821 0.3708 0.2197 0.2693 0.0582
43 0.0593 0.2136 0.2274 0.4558 0.0437
44 0.1447 0.2810 0.1931 0.3235 0.0580
45 0.1503 0.4314 0.1009 0.2659 0.0515
46 0.0925 0.2917 0.1676 0.4417 0.0064
47 0.0920 0.4426 0.1471 0.3042 0.0139
48 0.1218 0.4026 0.1504 0.3015 0.0238
49 0.0561 0.1007 0.1023 0.6567 0.0842
50 0.1772 0.2188 0.1317 0.4153 0.0571
51 0.1609 0.3831 0.1635 0.2454 0.0472
52 0.1687 0.2150 0.3801 0.2150 0.0213
53 0.1246 0.2328 0.2401 0.3838 0.0188
54 0.6006 0.1460 0.1310 0.0638 0.0586
55 0.6001 0.2242 0.1307 0.0229 0.0222
56 0.1007 0.3152 0.2051 0.3625 0.0166
57 0.0772 0.2937 0.1323 0.4917 0.0049
58 0.6685 0.1368 0.1180 0.0285 0.0484
59 0.4109 0.1224 0.2847 0.0698 0.1123
60 0.0834 0.3101 0.2935 0.2891 0.0239
61 0.4534 0.1775 0.2175 0.0609 0.0907
62 0.6035 0.1561 0.1188 0.0651 0.0565
63 0.0675 0.2339 0.2031 0.4724 0.0231
64 0.0753 0.4041 0.4473 0.0551 0.0183
65 0.0618 0.4392 0.4255 0.0658 0.0076
66 0.3464 0.2595 0.2515 0.0671 0.0755
67 0.1519 0.1951 0.2043 0.4395 0.0093
68 0.5073 0.1865 0.1499 0.1398 0.0167
69 0.0335 0.2939 0.3384 0.3279 0.0061
70 0.0668 0.4456 0.2024 0.2703 0.0149
71 0.3337 0.1516 0.1858 0.2856 0.0431
72 0.4019 0.2344 0.1433 0.2036 0.0168
73 0.1431 0.3352 0.2164 0.2822 0.0230
74 0.0643 0.1027 0.1052 0.7075 0.0202
75 0.0793 0.5093 0.2278 0.1747 0.0090
76 0.1862 0.5469 0.1721 0.0690 0.0256
77 0.1703 0.4812 0.1049 0.2169 0.0267
78 0.0786 0.1842 0.6133 0.0877 0.0360
79 0.0798 0.3062 0.2347 0.3469 0.0325
80 0.0909 0.4109 0.3799 0.1047 0.0136
81 0.2546 0.3425 0.1819 0.1936 0.0275
82 0.0575 0.3750 0.2087 0.3184 0.0405
83 0.0978 0.3577 0.0667 0.4451 0.0327
84 0.1416 0.0973 0.0130 0.5469 0.2012
85 0.3420 0.0935 0.0428 0.4290 0.0928
86 0.1395 0.5693 0.1395 0.1351 0.0167
87 0.2507 0.3589 0.0654 0.3169 0.0082
88 0.2429 0.0846 0.0659 0.4434 0.1631
89 0.3774 0.2437 0.1178 0.0911 0.1700
90 0.1206 0.4768 0.2871 0.1000 0.0156
91 0.0802 0.5566 0.2778 0.0796 0.0055
92 0.3352 0.3352 0.0909 0.2322 0.0066
93 0.1869 0.1294 0.0709 0.6079 0.0050
94 0.3955 0.0611 0.2717 0.1443 0.1273
95 0.2605 0.2952 0.0482 0.1935 0.2028
96 0.3499 0.1902 0.1481 0.1902 0.1218
97 0.0566 0.3718 0.2988 0.2678 0.0048
98 0.0530 0.4612 0.2932 0.1805 0.0121
99 0.0492 0.1931 0.1100 0.6431 0.0044
100 0.1320 0.3938 0.0590 0.4094 0.0058
101 0.3198 0.1738 0.1571 0.1808 0.1685
102 0.4580 0.2302 0.0874 0.1113 0.1131
103 0.2703 0.1652 0.2366 0.0428 0.2854
104 0.4626 0.1798 0.2537 0.0341 0.0699
105 0.1511 0.2416 0.0861 0.5034 0.0178
106 0.2014 0.2264 0.1984 0.3374 0.0364
107 0.1313 0.3801 0.1409 0.3381 0.0097
108 0.2476 0.5000 0.1389 0.1008 0.0126
109 0.3501 0.3557 0.0474 0.1654 0.0812
110 0.0557 0.0528 0.1198 0.2346 0.5371
111 0.1808 0.1046 0.1940 0.2032 0.3174
112 0.1899 0.4382 0.1599 0.1757 0.0363
113 0.2148 0.3101 0.2251 0.1477 0.1023
114 0.0023 0.1337 0.0437 0.8188 0.0016
115 0.0060 0.1471 0.1093 0.7241 0.0136
116 0.0107 0.1364 0.1148 0.7144 0.0237
117 0.1829 0.1732 0.0325 0.4421 0.1692
118 0.2727 0.1628 0.0160 0.3240 0.2244
119 0.1244 0.0889 0.1196 0.6270 0.0404
120 0.2295 0.1026 0.2539 0.3064 0.1075
121 0.0561 0.3574 0.3745 0.2101 0.0017
122 0.0485 0.2703 0.4187 0.2620 0.0004
123 0.0318 0.2122 0.6436 0.1118 0.0007
124 0.3838 0.2328 0.1100 0.2007 0.0727
125 0.1539 0.5044 0.1368 0.1348 0.0699
126 0.3445 0.2561 0.1932 0.1448 0.0613
127 0.0452 0.2191 0.1903 0.5425 0.0030
128 0.0709 0.2018 0.4338 0.2891 0.0044
129 0.2321 0.1533 0.4836 0.0538 0.0771
130 0.3972 0.1094 0.2408 0.1120 0.1405
131 0.2983 0.0391 0.0317 0.4844 0.1466
132 0.0437 0.1688 0.0574 0.7163 0.0139
133 0.1119 0.3315 0.0375 0.4749 0.0442
134 0.1222 0.2356 0.4265 0.2079 0.0077
135 0.4231 0.0670 0.3374 0.1697 0.0028
136 0.0421 0.1482 0.4355 0.3726 0.0013
137 0.0631 0.2573 0.1898 0.4885 0.0011
138 0.0209 0.1272 0.2032 0.6460 0.0025
139 0.0208 0.1144 0.1493 0.7119 0.0034
140 0.1722 0.1029 0.0887 0.3914 0.2449
141 0.0842 0.3687 0.2656 0.2380 0.0437
142 0.3464 0.1942 0.1882 0.2344 0.0368
143 0.3613 0.1415 0.3613 0.0787 0.0572
144 0.2773 0.2126 0.3120 0.1310 0.0670
145 0.1674 0.0895 0.2286 0.4548 0.0597
146 0.0230 0.0656 0.7280 0.1757 0.0078
147 0.0130 0.2559 0.4856 0.2443 0.0012
148 0.1135 0.0445 0.0751 0.6587 0.1083
149 0.4360 0.0358 0.0193 0.2563 0.2524
150 0.0305 0.4475 0.3828 0.1323 0.0067
151 0.1537 0.4519 0.2805 0.0810 0.0330
152 0.3359 0.2238 0.0836 0.2595 0.0970
153 0.1144 0.1481 0.2312 0.4895 0.0169
154 0.0389 0.3748 0.4314 0.1490 0.0059
155 0.2352 0.2028 0.1111 0.1416 0.3093
156 0.1559 0.0671 0.1986 0.3889 0.1896
157 0.2203 0.1017 0.2203 0.2556 0.2021
158 0.1080 0.0176 0.0391 0.6411 0.1941
159 0.2336 0.0521 0.0098 0.5225 0.1820
160 0.4497 0.1707 0.1494 0.1693 0.0609
161 0.3896 0.1688 0.0575 0.2515 0.1326
162 0.3440 0.1265 0.0488 0.3494 0.1316
163 0.1575 0.1226 0.5942 0.0626 0.0631
164 0.0930 0.1013 0.2319 0.2145 0.3591
165 0.1617 0.3044 0.2974 0.1543 0.0820
166 0.3245 0.3914 0.0518 0.1301 0.1021
167 0.3174 0.2340 0.0526 0.0502 0.3457
168 0.2551 0.3354 0.2035 0.1852 0.0208
169 0.1906 0.2485 0.3452 0.1722 0.0435
170 0.0735 0.2798 0.4575 0.1509 0.0381
171 0.2610 0.2452 0.0692 0.2164 0.2081
172 0.3335 0.0427 0.1914 0.3108 0.1217
173 0.0301 0.1412 0.6328 0.1901 0.0058
174 0.3340 0.2424 0.0734 0.3262 0.0242
175 0.1548 0.2019 0.5400 0.0602 0.0430
176 0.0251 0.4114 0.5200 0.0420 0.0016
177 0.3291 0.0980 0.1681 0.2708 0.1340
178 0.4580 0.1376 0.0867 0.1711 0.1464
179 0.3149 0.1398 0.0725 0.2216 0.2512
180 0.2289 0.1958 0.0626 0.2554 0.2573
181 0.0262 0.2371 0.6860 0.0474 0.0036
182 0.2393 0.3914 0.1670 0.1835 0.0187
183 0.1193 0.0770 0.3562 0.3242 0.1231
184 0.3225 0.1881 0.0420 0.2593 0.1881
185 0.2727 0.4290 0.0352 0.1172 0.1460
186 0.4253 0.2367 0.1109 0.2155 0.0118
187 0.0436 0.2079 0.6660 0.0777 0.0050
188 0.0211 0.3167 0.5645 0.0966 0.0012
189 0.2842 0.1451 0.0847 0.4006 0.0853
190 0.4338 0.0737 0.1141 0.2491 0.1293
191 0.6401 0.1271 0.0789 0.0989 0.0551
192 0.5723 0.2009 0.1338 0.0745 0.0184
193 0.4043 0.2146 0.1738 0.1851 0.0223
194 0.3586 0.1949 0.0250 0.0740 0.3474
195 0.3337 0.2275 0.0399 0.2598 0.1390
196 0.0937 0.1384 0.5063 0.2319 0.0295
197 0.1262 0.0952 0.0901 0.2375 0.4509
198 0.1869 0.1913 0.0849 0.1797 0.3574
199 0.1511 0.0725 0.5703 0.0902 0.1158
200 0.0646 0.2380 0.1444 0.5039 0.0491
201 0.2344 0.1812 0.2456 0.2020 0.1367
202 0.5815 0.1209 0.0369 0.0956 0.1653
203 0.0516 0.1639 0.5723 0.1589 0.0532
204 0.1567 0.0313 0.0299 0.6392 0.1427
205 0.3069 0.0690 0.0638 0.3589 0.2013
206 0.2000 0.2864 0.1232 0.2690 0.1213
207 0.2200 0.0772 0.5195 0.0946 0.0889
208 0.2018 0.1409 0.5151 0.0502 0.0917
209 0.2268 0.0724 0.4653 0.1233 0.1122
210 0.0873 0.1053 0.2063 0.5693 0.0316
211 0.1204 0.7090 0.0765 0.0376 0.0564
212 0.1995 0.6191 0.0668 0.0800 0.0344
213 0.2219 0.1315 0.0688 0.5161 0.0616
