time exciting_prob fearful_prob tense_prob sad_prob relaxing_prob
0 0.2037 0.2830 0.2496 0.2310 0.0327
1 0.0242 0.0540 0.3469 0.2539 0.3208
2 0.0216 0.0952 0.3887 0.0938 0.4009
3 0.0415 0.0996 0.3879 0.1642 0.3069
4 0.0488 0.1276 0.4666 0.1401 0.2169
5 0.0521 0.1300 0.4536 0.1722 0.1921
6 0.0305 0.0232 0.1377 0.0875 0.7212
7 0.0520 0.0851 0.3066 0.0428 0.5137
8 0.0362 0.1387 0.5068 0.0510 0.2671
9 0.0327 0.0687 0.6274 0.0404 0.2308
10 0.6846 0.0303 0.0627 0.1152 0.1074
11 0.7031 0.0279 0.0419 0.1130 0.1139
12 0.6436 0.0225 0.0613 0.2156 0.0571
13 0.0936 0.3069 0.3167 0.1078 0.1749
14 0.0083 0.4011 0.4072 0.0960 0.0874
15 0.7676 0.0260 0.0172 0.1234 0.0660
16 0.8467 0.0276 0.0117 0.0628 0.0512
17 0.9253 0.0093 0.0032 0.0433 0.0192
18 0.3188 0.2140 0.1210 0.3237 0.0226
19 0.2238 0.1433 0.0970 0.5161 0.0197
20 0.1381 0.0812 0.3638 0.3933 0.0234
21 0.1682 0.1848 0.4099 0.2030 0.0339
22 0.2360 0.1196 0.5488 0.0714 0.0243
23 0.1917 0.1691 0.5010 0.1190 0.0193
24 0.2086 0.0631 0.2273 0.4556 0.0455
25 0.4080 0.0548 0.0511 0.4275 0.0588
26 0.0863 0.1180 0.2291 0.4487 0.1180
27 0.1826 0.1914 0.4592 0.1445 0.0223
28 0.1979 0.1963 0.4934 0.0972 0.0153
29 0.0943 0.1763 0.5181 0.1832 0.0283
30 0.0804 0.2939 0.3604 0.1812 0.0842
31 0.0315 0.0797 0.0932 0.2068 0.5889
32 0.2834 0.0278 0.0541 0.6001 0.0344
33 0.1970 0.0291 0.0426 0.6772 0.0543
34 0.2260 0.0504 0.0838 0.5591 0.0806
35 0.0587 0.1594 0.1969 0.5654 0.0197
36 0.0439 0.0758 0.0944 0.7715 0.0142
37 0.1061 0.0789 0.1138 0.6812 0.0202
38 0.0175 0.0224 0.0318 0.0208 0.9072
39 0.0443 0.2062 0.3047 0.2817 0.1631
40 0.0388 0.1454 0.4409 0.2050 0.1699
41 0.2607 0.0432 0.4722 0.2046 0.0193
42 0.2727 0.0262 0.4602 0.2208 0.0201
43 0.0485 0.0695 0.1918 0.3262 0.3640
44 0.0186 0.1133 0.1133 0.3716 0.3833
45 0.0127 0.1156 0.0746 0.3398 0.4573
46 0.0090 0.2406 0.2444 0.2333 0.2727
47 0.0090 0.0981 0.2046 0.3762 0.3120
48 0.0129 0.3545 0.4844 0.1169 0.0315
49 0.0255 0.4617 0.3223 0.1547 0.0359
50 0.0088 0.5723 0.2922 0.1238 0.0028
51 0.0134 0.2472 0.2981 0.4204 0.0209
52 0.0310 0.3335 0.4702 0.1246 0.0408
53 0.0061 0.2993 0.4355 0.2482 0.0107
54 0.0085 0.6025 0.3152 0.0666 0.0073
55 0.0871 0.2330 0.2139 0.3782 0.0878
56 0.1013 0.1498 0.2886 0.2507 0.2095
57 0.0972 0.3967 0.2971 0.1309 0.0781
58 0.0660 0.2360 0.4880 0.1809 0.0291
59 0.0809 0.2164 0.2800 0.3625 0.0601
60 0.0174 0.1553 0.1084 0.2480 0.4707
61 0.0187 0.0912 0.0545 0.4634 0.3723
62 0.0094 0.0984 0.1000 0.2515 0.5405
63 0.0235 0.3145 0.4165 0.1848 0.0609
64 0.0203 0.1636 0.5889 0.1661 0.0611
65 0.0097 0.7378 0.2146 0.0356 0.0025
66 0.0605 0.3762 0.1473 0.1231 0.2930
67 0.0313 0.2334 0.1484 0.0525 0.5342
68 0.0395 0.2219 0.2783 0.0454 0.4148
69 0.0353 0.3674 0.3347 0.1819 0.0807
70 0.2203 0.3132 0.2830 0.1285 0.0549
71 0.1000 0.1812 0.3228 0.3228 0.0732
72 0.0726 0.3743 0.3303 0.2067 0.0162
73 0.0670 0.2355 0.5391 0.1281 0.0306
74 0.0791 0.4517 0.2253 0.2306 0.0134
75 0.0589 0.3037 0.5947 0.0360 0.0068
76 0.1017 0.1842 0.0641 0.3779 0.2722
77 0.0950 0.2622 0.2074 0.2834 0.1517
78 0.0254 0.0336 0.1653 0.7646 0.0113
79 0.1175 0.0522 0.0367 0.7783 0.0154
80 0.2369 0.0763 0.0599 0.6050 0.0219
81 0.2472 0.1344 0.0875 0.4917 0.0391
82 0.0547 0.2047 0.3538 0.3650 0.0219
83 0.0728 0.2683 0.3313 0.1517 0.1759
84 0.0267 0.0300 0.2910 0.6260 0.0264
85 0.0219 0.0471 0.2610 0.6260 0.0443
86 0.0975 0.2394 0.2079 0.0514 0.4041
87 0.0581 0.1965 0.2563 0.1102 0.3789
88 0.0784 0.1304 0.3860 0.3127 0.0924
89 0.0474 0.1818 0.2028 0.0581 0.5098
90 0.0318 0.1331 0.1394 0.0950 0.6006
91 0.0359 0.0334 0.0681 0.2267 0.6357
92 0.0405 0.0684 0.4746 0.3640 0.0524
93 0.0536 0.0767 0.3438 0.2363 0.2896
94 0.0467 0.6348 0.0839 0.1569 0.0776
95 0.0518 0.4436 0.1185 0.2776 0.1087
96 0.0640 0.3711 0.1534 0.3379 0.0736
97 0.0530 0.1429 0.1149 0.4438 0.2451
98 0.0592 0.1234 0.0543 0.5483 0.2147
99 0.0817 0.2169 0.3867 0.2401 0.0744
100 0.0581 0.3291 0.2815 0.2666 0.0648
101 0.1227 0.1516 0.1858 0.0837 0.4561
102 0.1055 0.3457 0.3298 0.1272 0.0916
103 0.1244 0.1097 0.3684 0.2532 0.1443
104 0.0787 0.1257 0.2156 0.5293 0.0504
105 0.0293 0.5352 0.2610 0.1558 0.0188
106 0.0170 0.2423 0.6797 0.0585 0.0024
107 0.0648 0.1555 0.5020 0.2729 0.0048
108 0.0363 0.1875 0.4641 0.3044 0.0078
109 0.0340 0.1185 0.5835 0.2471 0.0171
110 0.0469 0.1368 0.2988 0.5005 0.0166
111 0.0850 0.0245 0.1041 0.7690 0.0175
112 0.0669 0.0290 0.0746 0.8149 0.0145
113 0.0779 0.0437 0.0721 0.7876 0.0188
114 0.1093 0.0303 0.1042 0.7354 0.0210
115 0.0985 0.0955 0.2477 0.5244 0.0341
116 0.0883 0.2761 0.3035 0.2595 0.0726
117 0.1493 0.1182 0.2041 0.4458 0.0825
118 0.1066 0.3232 0.2722 0.2257 0.0721
119 0.1331 0.2861 0.3044 0.1906 0.0859
120 0.1908 0.1176 0.2162 0.3196 0.1558
121 0.1256 0.0222 0.1718 0.6582 0.0223
122 0.1503 0.0222 0.1082 0.6948 0.0245
123 0.0187 0.2627 0.2319 0.4006 0.0860
124 0.0281 0.2524 0.1290 0.4644 0.1260
125 0.0853 0.1497 0.1696 0.4539 0.1417
126 0.0615 0.0510 0.2607 0.4299 0.1969
127 0.0730 0.1113 0.1570 0.2610 0.3977
128 0.0673 0.0532 0.1110 0.0220 0.7466
129 0.1099 0.1929 0.1074 0.1235 0.4663
130 0.0253 0.1787 0.2156 0.5767 0.0035
131 0.0214 0.1028 0.2390 0.6294 0.0073
132 0.0141 0.1669 0.2505 0.5645 0.0042
133 0.0619 0.3701 0.4001 0.1592 0.0088
134 0.0280 0.0992 0.1688 0.6997 0.0040
135 0.0312 0.1647 0.2341 0.5615 0.0084
136 0.0622 0.3777 0.1899 0.3232 0.0469
137 0.1055 0.2512 0.2050 0.4014 0.0370
138 0.0752 0.1921 0.2390 0.4431 0.0505
139 0.2057 0.1802 0.2224 0.2424 0.1493
140 0.1212 0.4717 0.2281 0.1495 0.0294
141 0.0242 0.0668 0.1043 0.4460 0.3584
142 0.1079 0.2015 0.3401 0.2864 0.0639
143 0.0562 0.2461 0.2500 0.2703 0.1772
144 0.0745 0.0857 0.2089 0.5767 0.0545
145 0.0781 0.5596 0.1350 0.1733 0.0537
146 0.0198 0.4729 0.2612 0.1420 0.1039
147 0.0272 0.0428 0.1616 0.2043 0.5640
148 0.0413 0.0771 0.1464 0.2001 0.5352
149 0.0938 0.5151 0.1536 0.2034 0.0340
150 0.0594 0.5210 0.1100 0.2578 0.0516
151 0.0380 0.3833 0.1675 0.3833 0.0278
152 0.0174 0.1035 0.3040 0.1328 0.4424
153 0.0136 0.0471 0.0605 0.1062 0.7725
154 0.0083 0.3459 0.4583 0.1123 0.0754
155 0.0277 0.2756 0.6118 0.0754 0.0095
156 0.0225 0.0466 0.1842 0.0934 0.6533
157 0.0291 0.1022 0.2048 0.1608 0.5029
158 0.1544 0.2111 0.0974 0.4832 0.0538
159 0.0845 0.2227 0.3342 0.3503 0.0082
160 0.1473 0.1417 0.3853 0.3120 0.0139
161 0.0568 0.2773 0.1682 0.4829 0.0150
162 0.0931 0.3801 0.3625 0.0635 0.1007
163 0.0545 0.3752 0.2499 0.2578 0.0627
164 0.0082 0.5845 0.3955 0.0046 0.0070
165 0.0139 0.2537 0.2384 0.2087 0.2854
166 0.8394 0.0470 0.0290 0.0757 0.0088
167 0.1140 0.2546 0.2568 0.3564 0.0182
168 0.0900 0.4983 0.2372 0.1605 0.0140
169 0.0404 0.4592 0.3809 0.1135 0.0061
170 0.0528 0.3606 0.3335 0.1118 0.1412
171 0.0441 0.5415 0.2854 0.0919 0.0371
172 0.0391 0.4583 0.3918 0.0778 0.0329
173 0.1208 0.0308 0.5332 0.2854 0.0301
174 0.1199 0.0485 0.5127 0.3110 0.0077
175 0.1045 0.1029 0.3882 0.3945 0.0099
176 0.0750 0.0905 0.4741 0.3469 0.0137
177 0.0825 0.2385 0.4058 0.2581 0.0153
178 0.0530 0.1055 0.1880 0.6460 0.0074
179 0.0680 0.2078 0.5737 0.1362 0.0141
180 0.0710 0.2556 0.4629 0.2023 0.0080
181 0.1122 0.2214 0.3484 0.3027 0.0153
182 0.0558 0.1664 0.3259 0.4453 0.0065
183 0.0379 0.1635 0.3828 0.4077 0.0081
184 0.0259 0.0574 0.3862 0.5200 0.0106
185 0.0139 0.2310 0.3362 0.3362 0.0830
186 0.0451 0.2152 0.1357 0.5327 0.0715
187 0.0053 0.1243 0.2250 0.6411 0.0043
188 0.0349 0.1278 0.2705 0.5420 0.0246
189 0.0211 0.5474 0.1670 0.2585 0.0060
190 0.0501 0.1791 0.1593 0.4792 0.1321
191 0.0778 0.2935 0.2434 0.2114 0.1740
192 0.1818 0.3586 0.3215 0.1137 0.0246
193 0.0991 0.2471 0.3003 0.3352 0.0183
194 0.1849 0.2096 0.2910 0.2568 0.0577
195 0.0110 0.0620 0.1608 0.7549 0.0114
196 0.0294 0.0705 0.2258 0.6636 0.0106
197 0.0195 0.0433 0.0847 0.8291 0.0233
198 0.0331 0.1932 0.4153 0.3135 0.0448
199 0.0897 0.1284 0.2238 0.4019 0.1561
200 0.0522 0.1699 0.0945 0.2529 0.4304
201 0.0518 0.4651 0.3298 0.1232 0.0300
202 0.0811 0.3232 0.4023 0.1237 0.0694
203 0.0739 0.2681 0.2854 0.3037 0.0688
204 0.0651 0.2554 0.4114 0.1599 0.1082
205 0.0471 0.5068 0.2888 0.1063 0.0510
206 0.0626 0.2168 0.5801 0.0507 0.0897
207 0.0464 0.4102 0.3914 0.0795 0.0724
208 0.0994 0.1664 0.1827 0.4558 0.0956
209 0.0677 0.5542 0.2788 0.0798 0.0194
210 0.0450 0.3201 0.3628 0.1796 0.0925
211 0.0379 0.3435 0.3953 0.0790 0.1443
212 0.0928 0.2208 0.4258 0.1775 0.0832
213 0.0577 0.4099 0.3618 0.1103 0.0605
214 0.1004 0.0419 0.2228 0.6250 0.0102
215 0.0567 0.4600 0.2969 0.1641 0.0224
216 0.1039 0.4043 0.3569 0.1234 0.0116
217 0.1732 0.1119 0.2664 0.4390 0.0096
218 0.2542 0.2856 0.2482 0.1830 0.0290
219 0.0959 0.1737 0.3428 0.3823 0.0053
220 0.0893 0.0463 0.1721 0.6758 0.0166
221 0.0875 0.2167 0.3152 0.3743 0.0062
222 0.0752 0.2297 0.5425 0.1415 0.0110
223 0.0128 0.0167 0.1000 0.0720 0.7983
224 0.0189 0.0270 0.1111 0.0471 0.7959
225 0.1334 0.1488 0.2416 0.4729 0.0034
226 0.0757 0.1759 0.3608 0.3843 0.0032
227 0.1337 0.2659 0.3059 0.2617 0.0327
228 0.1522 0.5029 0.1793 0.1570 0.0085
229 0.0742 0.1079 0.3765 0.4333 0.0080
230 0.0972 0.0358 0.2686 0.5957 0.0028
231 0.2065 0.0216 0.2065 0.5615 0.0041
232 0.0581 0.3911 0.3730 0.1749 0.0029
233 0.1545 0.0379 0.0815 0.7148 0.0114
234 0.4814 0.0301 0.2659 0.2169 0.0057
235 0.0536 0.5083 0.3777 0.0553 0.0050
236 0.4417 0.0330 0.0503 0.4214 0.0536
237 0.1831 0.1964 0.4426 0.1654 0.0125
238 0.1959 0.1526 0.5757 0.0602 0.0154
239 0.0970 0.2203 0.2119 0.3633 0.1074
240 0.0700 0.2996 0.2107 0.3188 0.1011
241 0.2399 0.1455 0.1410 0.4553 0.0182
242 0.3445 0.0408 0.0112 0.5996 0.0038
243 0.3923 0.0440 0.0080 0.5532 0.0023
244 0.2089 0.0357 0.0072 0.7466 0.0018
245 0.2039 0.0357 0.0069 0.7515 0.0018
246 0.2510 0.0494 0.1429 0.5229 0.0340
247 0.2067 0.1768 0.1489 0.4111 0.0565
