time exciting_prob fearful_prob tense_prob sad_prob relaxing_prob
0 0.0300 0.1301 0.2432 0.5654 0.0314
1 0.0576 0.3586 0.2389 0.3164 0.0285
2 0.0560 0.3594 0.2671 0.2932 0.0244
3 0.0530 0.3828 0.2214 0.3274 0.0154
4 0.0842 0.4412 0.1838 0.0656 0.2253
5 0.0414 0.0786 0.0919 0.3359 0.4521
6 0.0775 0.2482 0.1577 0.0233 0.4934
7 0.1486 0.6450 0.1764 0.0217 0.0081
8 0.0877 0.7173 0.1813 0.0095 0.0043
9 0.1046 0.4873 0.2910 0.1071 0.0099
10 0.2043 0.1239 0.1182 0.5059 0.0478
11 0.2043 0.1239 0.1182 0.5059 0.0478
12 0.1202 0.4573 0.1656 0.1921 0.0649
13 0.1837 0.2937 0.1660 0.2737 0.0828
14 0.1345 0.4377 0.1598 0.1769 0.0911
15 0.1827 0.4385 0.1481 0.1118 0.1190
16 0.3169 0.0826 0.1473 0.3169 0.1362
17 0.1785 0.0721 0.2222 0.5166 0.0107
18 0.1477 0.4622 0.3381 0.0503 0.0017
19 0.0984 0.1525 0.4771 0.2554 0.0166
20 0.0471 0.3020 0.5557 0.0879 0.0075
21 0.1411 0.0473 0.4626 0.3438 0.0051
22 0.1530 0.0562 0.5254 0.2482 0.0173
23 0.0939 0.1648 0.1169 0.5488 0.0754
24 0.0165 0.6587 0.3162 0.0048 0.0037
25 0.0283 0.3936 0.5635 0.0135 0.0011
26 0.0629 0.4502 0.4573 0.0131 0.0168
27 0.0977 0.0407 0.1178 0.7212 0.0225
28 0.1553 0.1705 0.3608 0.2993 0.0141
29 0.1489 0.0917 0.3152 0.4241 0.0200
30 0.3630 0.2290 0.2307 0.0911 0.0862
31 0.3105 0.2615 0.0969 0.1274 0.2036
32 0.4265 0.4038 0.0486 0.0108 0.1104
33 0.0271 0.8301 0.1187 0.0091 0.0153
34 0.0171 0.7842 0.1724 0.0116 0.0146
35 0.0080 0.9214 0.0652 0.0012 0.0043
36 0.1171 0.1277 0.0716 0.2240 0.4597
37 0.2314 0.3640 0.1360 0.0965 0.1720
38 0.3237 0.5771 0.0745 0.0058 0.0191
39 0.2700 0.5811 0.1153 0.0207 0.0131
40 0.1932 0.5171 0.1382 0.1136 0.0378
41 0.0872 0.7593 0.1019 0.0369 0.0147
42 0.0958 0.7593 0.1146 0.0254 0.0052
43 0.1807 0.5972 0.1087 0.0696 0.0439
44 0.0262 0.2462 0.3262 0.3418 0.0594
45 0.3044 0.3291 0.2075 0.0609 0.0980
46 0.0804 0.5850 0.1663 0.0191 0.1490
47 0.0747 0.6455 0.1606 0.0148 0.1046
48 0.5479 0.3245 0.1087 0.0043 0.0149
49 0.4934 0.3752 0.0949 0.0127 0.0236
50 0.4075 0.3887 0.0703 0.1195 0.0142
51 0.0453 0.7852 0.1570 0.0043 0.0084
52 0.0223 0.9058 0.0641 0.0052 0.0027
53 0.0092 0.9277 0.0612 0.0017 0.0004
54 0.0162 0.8916 0.0911 0.0005 0.0005
55 0.4397 0.4036 0.1036 0.0035 0.0497
56 0.1339 0.6958 0.1482 0.0044 0.0177
57 0.2101 0.4312 0.1514 0.0234 0.1840
58 0.0312 0.8564 0.0917 0.0059 0.0150
59 0.0838 0.4602 0.3066 0.1404 0.0090
60 0.0047 0.9409 0.0410 0.0118 0.0015
61 0.0427 0.4966 0.3748 0.0049 0.0811
62 0.0267 0.7002 0.2383 0.0045 0.0301
63 0.0750 0.3547 0.2515 0.2515 0.0672
64 0.0314 0.6978 0.1848 0.0753 0.0110
65 0.0824 0.6792 0.1117 0.0135 0.1135
66 0.1698 0.6714 0.0847 0.0064 0.0676
67 0.4360 0.3044 0.2142 0.0254 0.0199
68 0.3474 0.4897 0.0885 0.0132 0.0613
69 0.1138 0.4329 0.3533 0.0944 0.0058
70 0.0590 0.4189 0.2424 0.2388 0.0408
71 0.0688 0.5205 0.1611 0.0444 0.2053
72 0.3540 0.3887 0.0999 0.0100 0.1476
73 0.5093 0.2542 0.0618 0.0078 0.1667
74 0.0620 0.5073 0.3889 0.0269 0.0152
75 0.0104 0.9033 0.0702 0.0099 0.0062
76 0.0364 0.8164 0.1242 0.0044 0.0186
77 0.1167 0.6875 0.1685 0.0221 0.0054
78 0.1290 0.5352 0.2047 0.1148 0.0164
79 0.3604 0.2556 0.2534 0.0750 0.0557
80 0.5420 0.1732 0.2090 0.0274 0.0485
81 0.3484 0.2529 0.1571 0.1071 0.1344
82 0.0051 0.0025 0.0069 0.0091 0.9761
83 0.0042 0.0024 0.0034 0.0064 0.9834
84 0.0042 0.0045 0.0043 0.0107 0.9766
85 0.2849 0.0940 0.3035 0.2720 0.0458
86 0.2122 0.1552 0.5010 0.1135 0.0181
87 0.1829 0.1256 0.3469 0.3015 0.0431
88 0.0736 0.1765 0.4578 0.2649 0.0271
89 0.0662 0.2238 0.6177 0.0738 0.0185
90 0.5640 0.2793 0.0980 0.0135 0.0452
91 0.4204 0.1752 0.0840 0.0426 0.2778
92 0.3777 0.3359 0.0829 0.0386 0.1649
93 0.1931 0.0818 0.0612 0.1306 0.5332
94 0.1914 0.1049 0.0335 0.0020 0.6680
95 0.1749 0.1580 0.0409 0.0012 0.6250
96 0.0561 0.0335 0.0114 0.0006 0.8984
97 0.0970 0.3691 0.4666 0.0540 0.0132
98 0.0690 0.1289 0.6147 0.1681 0.0191
99 0.0482 0.1531 0.5869 0.1580 0.0537
100 0.0833 0.2335 0.5645 0.0729 0.0456
101 0.1122 0.4612 0.2319 0.0111 0.1835
102 0.1670 0.4910 0.2015 0.0094 0.1311
103 0.1742 0.1074 0.4963 0.1826 0.0395
104 0.2725 0.0333 0.0151 0.0050 0.6743
105 0.1772 0.2104 0.0594 0.0025 0.5503
106 0.0512 0.2090 0.2332 0.4709 0.0358
107 0.0497 0.3047 0.2732 0.2264 0.1461
108 0.0898 0.1412 0.4929 0.2517 0.0242
109 0.1497 0.3269 0.4680 0.0415 0.0139
110 0.1382 0.4568 0.2996 0.0133 0.0921
111 0.4119 0.2617 0.2659 0.0218 0.0386
112 0.2200 0.5703 0.1910 0.0072 0.0114
113 0.0236 0.8389 0.1306 0.0022 0.0047
114 0.3757 0.3640 0.0734 0.0188 0.1680
115 0.3232 0.4890 0.0905 0.0431 0.0544
116 0.1609 0.6831 0.1205 0.0096 0.0261
117 0.0833 0.4756 0.4067 0.0209 0.0136
118 0.0726 0.7686 0.1466 0.0040 0.0084
119 0.3999 0.2426 0.2406 0.0775 0.0396
120 0.3838 0.3779 0.1871 0.0034 0.0477
121 0.3962 0.3840 0.1436 0.0045 0.0716
122 0.0681 0.4543 0.4336 0.0163 0.0277
123 0.0483 0.6572 0.2474 0.0055 0.0417
124 0.0563 0.4604 0.3240 0.0781 0.0812
125 0.1113 0.3376 0.4336 0.0923 0.0252
126 0.2844 0.1354 0.1114 0.1149 0.3540
127 0.0822 0.7383 0.1647 0.0033 0.0117
128 0.0792 0.6948 0.1870 0.0111 0.0278
129 0.1737 0.5146 0.2047 0.0224 0.0847
130 0.0616 0.3772 0.4141 0.0681 0.0790
131 0.0444 0.2874 0.2345 0.3865 0.0473
132 0.0589 0.3210 0.3696 0.1678 0.0825
133 0.0510 0.3074 0.2935 0.2981 0.0502
134 0.0657 0.2155 0.3184 0.3337 0.0668
135 0.0498 0.1039 0.1971 0.5615 0.0875
136 0.0595 0.3562 0.3506 0.1764 0.0573
137 0.0856 0.3333 0.3958 0.1550 0.0303
138 0.0911 0.1942 0.4446 0.2271 0.0430
139 0.0538 0.1343 0.3323 0.4268 0.0530
140 0.0549 0.2600 0.4355 0.1995 0.0500
141 0.0451 0.2681 0.4558 0.1703 0.0607
142 0.0334 0.7549 0.1969 0.0064 0.0085
143 0.1035 0.7017 0.1641 0.0174 0.0137
144 0.1644 0.6450 0.1353 0.0203 0.0350
145 0.2451 0.2778 0.3916 0.0185 0.0670
146 0.4585 0.3252 0.0748 0.0070 0.1345
147 0.1236 0.6035 0.1400 0.0166 0.1161
148 0.0394 0.7212 0.1454 0.0382 0.0560
149 0.2391 0.4719 0.2014 0.0321 0.0555
150 0.2515 0.4771 0.1810 0.0332 0.0574
151 0.5718 0.0884 0.0792 0.1327 0.1277
152 0.0457 0.5708 0.3516 0.0076 0.0243
153 0.0753 0.7026 0.2062 0.0045 0.0114
154 0.0434 0.6577 0.2656 0.0073 0.0259
155 0.0991 0.6211 0.1167 0.0895 0.0736
156 0.2588 0.2394 0.0707 0.3594 0.0718
157 0.0314 0.1014 0.2981 0.5400 0.0291
158 0.0692 0.3743 0.4377 0.0829 0.0359
159 0.1207 0.4150 0.3748 0.0715 0.0179
160 0.0805 0.0858 0.1084 0.4353 0.2900
161 0.1014 0.2048 0.4138 0.2250 0.0551
162 0.0565 0.3005 0.5195 0.1022 0.0214
163 0.0727 0.5991 0.2103 0.0044 0.1135
164 0.1082 0.5366 0.1625 0.0056 0.1870
165 0.1072 0.3005 0.4045 0.1523 0.0353
166 0.1379 0.7280 0.1236 0.0057 0.0046
167 0.4185 0.4087 0.1171 0.0118 0.0441
168 0.1125 0.5669 0.1812 0.0190 0.1207
169 0.3135 0.3086 0.2008 0.1307 0.0462
170 0.0154 0.7944 0.1652 0.0098 0.0154
171 0.0119 0.6519 0.1454 0.1781 0.0129
172 0.0201 0.6938 0.2759 0.0042 0.0061
173 0.0485 0.0695 0.2174 0.6001 0.0643
174 0.1202 0.1617 0.4065 0.2751 0.0367
175 0.1012 0.1060 0.2043 0.5059 0.0826
176 0.2549 0.3484 0.1880 0.1088 0.0999
177 0.1088 0.3098 0.2197 0.3403 0.0211
178 0.2153 0.2722 0.3440 0.1527 0.0157
179 0.2107 0.3816 0.3066 0.0825 0.0186
180 0.2966 0.5454 0.1108 0.0276 0.0194
181 0.1254 0.2067 0.6167 0.0200 0.0312
182 0.0806 0.1565 0.5952 0.1577 0.0101
183 0.0687 0.3518 0.4885 0.0671 0.0238
184 0.0621 0.2101 0.5713 0.1356 0.0210
185 0.0075 0.8232 0.1595 0.0079 0.0019
186 0.0693 0.5850 0.2805 0.0503 0.0150
187 0.0057 0.8862 0.0994 0.0080 0.0008
188 0.0286 0.6865 0.2487 0.0314 0.0047
189 0.0618 0.0958 0.1681 0.6055 0.0690
190 0.1024 0.0280 0.1198 0.7334 0.0165
191 0.1548 0.3127 0.1989 0.3079 0.0257
192 0.1415 0.4158 0.2686 0.1210 0.0533
193 0.1515 0.4419 0.2365 0.1171 0.0532
194 0.1260 0.5913 0.1642 0.0638 0.0546
195 0.1307 0.2172 0.2041 0.3582 0.0898
196 0.3281 0.3359 0.1945 0.0870 0.0544
197 0.1508 0.0262 0.0690 0.7197 0.0345
198 0.3044 0.2625 0.1567 0.2194 0.0568
199 0.2778 0.4075 0.1954 0.0999 0.0195
200 0.3093 0.1709 0.1439 0.3562 0.0196
201 0.3254 0.1975 0.2037 0.2656 0.0076
202 0.3540 0.2629 0.1354 0.2321 0.0155
203 0.3213 0.2881 0.1846 0.1919 0.0142
204 0.2661 0.5293 0.1746 0.0251 0.0048
205 0.2152 0.2556 0.2678 0.2186 0.0427
206 0.2262 0.4604 0.2427 0.0344 0.0363
207 0.8960 0.0244 0.0034 0.0010 0.0753
208 0.8960 0.0246 0.0035 0.0010 0.0747
209 0.8970 0.0245 0.0035 0.0010 0.0742
210 0.8965 0.0247 0.0035 0.0010 0.0742
211 0.3391 0.5249 0.0524 0.0161 0.0673
212 0.3428 0.5225 0.0517 0.0155 0.0675
213 0.3386 0.5244 0.0528 0.0163 0.0677
214 0.3416 0.5210 0.0528 0.0164 0.0683
215 0.3416 0.5210 0.0532 0.0165 0.0678
216 0.3416 0.5210 0.0532 0.0165 0.0678
217 0.3416 0.5210 0.0532 0.0165 0.0678
218 0.3413 0.5205 0.0532 0.0166 0.0683
219 0.3413 0.5205 0.0532 0.0166 0.0683
220 0.3386 0.5244 0.0531 0.0163 0.0677
