time exciting_prob fearful_prob tense_prob sad_prob relaxing_prob
0 0.2004 0.2783 0.2456 0.2418 0.0338
1 0.2004 0.2783 0.2456 0.2418 0.0338
2 0.4548 0.1511 0.0848 0.1224 0.1866
3 0.5391 0.1362 0.1028 0.0846 0.1373
4 0.5801 0.1769 0.1073 0.0317 0.1040
5 0.2815 0.2262 0.2175 0.1155 0.1592
6 0.3340 0.1859 0.1541 0.1403 0.1859
7 0.3042 0.2791 0.2369 0.0145 0.1654
8 0.2177 0.3345 0.0591 0.0981 0.2905
9 0.2595 0.4277 0.2896 0.0083 0.0150
10 0.2218 0.4275 0.0969 0.1304 0.1234
11 0.0980 0.0500 0.7124 0.1145 0.0251
12 0.2355 0.1184 0.5391 0.1013 0.0058
13 0.2317 0.2390 0.3645 0.1617 0.0033
14 0.4785 0.1787 0.1577 0.0706 0.1145
15 0.1288 0.0793 0.2683 0.5093 0.0146
16 0.4949 0.2712 0.1475 0.0311 0.0555
17 0.1094 0.0839 0.2227 0.5098 0.0746
18 0.1641 0.1591 0.5420 0.0567 0.0781
19 0.1882 0.1244 0.3330 0.2167 0.1377
20 0.0723 0.0599 0.2949 0.4292 0.1438
21 0.4204 0.1224 0.2130 0.1766 0.0676
22 0.1793 0.1737 0.4724 0.1710 0.0036
23 0.1544 0.3647 0.2468 0.2283 0.0057
24 0.2961 0.2272 0.2307 0.0849 0.1610
25 0.3889 0.1572 0.2571 0.0991 0.0976
26 0.3845 0.1229 0.2123 0.2769 0.0033
27 0.4006 0.0807 0.3071 0.2062 0.0055
28 0.2598 0.0652 0.5996 0.0688 0.0066
29 0.3323 0.0795 0.4685 0.1046 0.0153
30 0.5186 0.1835 0.1570 0.0840 0.0569
31 0.1442 0.1205 0.4763 0.1534 0.1055
32 0.5005 0.2515 0.1826 0.0362 0.0293
33 0.6748 0.1110 0.1127 0.0545 0.0470
34 0.0528 0.3059 0.2498 0.3867 0.0047
35 0.3384 0.0626 0.1179 0.4312 0.0499
36 0.3809 0.0536 0.0817 0.4524 0.0313
37 0.4460 0.2749 0.1201 0.0663 0.0928
38 0.0868 0.2065 0.6118 0.0868 0.0082
39 0.2245 0.2817 0.3533 0.0782 0.0623
40 0.5781 0.1290 0.1863 0.0690 0.0375
41 0.5693 0.1364 0.1222 0.1087 0.0634
42 0.4038 0.0419 0.0753 0.3823 0.0967
43 0.2043 0.0214 0.1165 0.5688 0.0893
44 0.1494 0.1995 0.5054 0.1307 0.0151
45 0.0914 0.3240 0.4033 0.1655 0.0158
46 0.2529 0.2778 0.3376 0.1071 0.0247
47 0.1530 0.2261 0.4785 0.0942 0.0481
48 0.1688 0.2698 0.2168 0.0192 0.3254
49 0.4216 0.1613 0.1401 0.1504 0.1266
50 0.2179 0.1241 0.5063 0.1281 0.0233
51 0.2106 0.4387 0.2041 0.1172 0.0294
52 0.0745 0.1979 0.1403 0.5591 0.0283
53 0.3816 0.2903 0.1875 0.0485 0.0921
54 0.0890 0.3440 0.3035 0.2556 0.0080
55 0.2441 0.1614 0.3496 0.2104 0.0344
56 0.3660 0.3491 0.1812 0.0427 0.0612
57 0.4480 0.1648 0.2271 0.0414 0.1187
58 0.5547 0.1100 0.1564 0.0920 0.0870
59 0.4648 0.1130 0.1864 0.1969 0.0388
60 0.2323 0.0314 0.0868 0.6313 0.0182
61 0.3003 0.0681 0.0834 0.5190 0.0295
62 0.1490 0.0259 0.0641 0.7451 0.0161
63 0.5005 0.1170 0.1032 0.2202 0.0593
64 0.4026 0.2520 0.2499 0.0642 0.0315
65 0.4609 0.0929 0.1138 0.2773 0.0551
66 0.3040 0.0884 0.1843 0.2810 0.1425
67 0.4224 0.0942 0.1542 0.1761 0.1530
68 0.5776 0.0493 0.1028 0.1642 0.1060
69 0.2128 0.0629 0.1176 0.5605 0.0460
70 0.2876 0.0488 0.0627 0.5630 0.0377
71 0.7495 0.1313 0.0514 0.0502 0.0174
72 0.4468 0.0974 0.2317 0.1749 0.0493
73 0.4219 0.0728 0.0745 0.3901 0.0408
74 0.3696 0.0174 0.1425 0.4189 0.0516
75 0.2622 0.2791 0.2878 0.1267 0.0442
76 0.2361 0.4209 0.2184 0.0621 0.0626
77 0.4368 0.2196 0.1807 0.1140 0.0490
78 0.3958 0.0579 0.2290 0.2418 0.0755
79 0.2341 0.0881 0.2472 0.3921 0.0385
80 0.1974 0.1898 0.5000 0.0932 0.0195
81 0.5933 0.1636 0.1015 0.1234 0.0181
82 0.2235 0.1443 0.5117 0.0661 0.0544
83 0.5552 0.0643 0.2522 0.0474 0.0806
84 0.5161 0.1236 0.2135 0.0869 0.0598
85 0.1428 0.2649 0.5103 0.0538 0.0281
86 0.1171 0.1266 0.3840 0.3086 0.0637
87 0.2046 0.1777 0.3943 0.1750 0.0482
88 0.1851 0.1312 0.4651 0.1969 0.0218
89 0.5391 0.1185 0.1311 0.1953 0.0159
90 0.3652 0.2590 0.2017 0.1071 0.0670
91 0.0448 0.1470 0.7700 0.0303 0.0078
92 0.2878 0.2683 0.3367 0.0928 0.0142
93 0.2771 0.3787 0.2522 0.0793 0.0128
94 0.1722 0.3479 0.3069 0.1428 0.0302
95 0.5107 0.2284 0.1969 0.0275 0.0367
96 0.0833 0.2179 0.6401 0.0439 0.0146
97 0.2532 0.3713 0.3354 0.0195 0.0205
98 0.0661 0.2893 0.3892 0.2437 0.0118
99 0.2185 0.2185 0.3601 0.0661 0.1367
100 0.1733 0.0375 0.1831 0.5098 0.0965
101 0.2133 0.1313 0.4175 0.1714 0.0666
102 0.2288 0.1377 0.3655 0.1132 0.1548
103 0.2935 0.1122 0.3918 0.1080 0.0945
104 0.2379 0.2167 0.3103 0.1334 0.1016
105 0.4719 0.3000 0.1593 0.0262 0.0425
106 0.3972 0.0659 0.4097 0.0907 0.0367
107 0.0791 0.1000 0.4080 0.3772 0.0356
108 0.1849 0.1570 0.3650 0.2671 0.0262
109 0.0853 0.0460 0.4399 0.4133 0.0157
110 0.1575 0.0667 0.2720 0.4851 0.0188
111 0.1390 0.0448 0.4153 0.3665 0.0344
112 0.3564 0.3794 0.0930 0.0314 0.1396
113 0.0949 0.0934 0.7070 0.0995 0.0054
114 0.0881 0.1364 0.4543 0.2671 0.0543
115 0.0601 0.2910 0.3457 0.2651 0.0382
116 0.1261 0.1061 0.6401 0.1184 0.0093
117 0.1198 0.3130 0.4019 0.1455 0.0199
118 0.1012 0.3423 0.3533 0.1495 0.0537
119 0.0470 0.1382 0.5381 0.2463 0.0303
120 0.2864 0.1521 0.4038 0.1096 0.0482
121 0.2925 0.1627 0.2522 0.2482 0.0445
122 0.3633 0.2722 0.2119 0.0469 0.1057
123 0.2661 0.2810 0.4185 0.0208 0.0137
124 0.6440 0.0980 0.1667 0.0723 0.0187
125 0.4546 0.2491 0.1940 0.0771 0.0251
126 0.1202 0.0900 0.4226 0.3423 0.0248
127 0.5640 0.1404 0.0740 0.0316 0.1903
128 0.1925 0.0875 0.4014 0.2164 0.1022
129 0.2437 0.0809 0.4177 0.2004 0.0574
130 0.2300 0.0582 0.1952 0.4907 0.0258
131 0.2581 0.4126 0.2242 0.0212 0.0838
132 0.4053 0.1587 0.1991 0.0667 0.1703
133 0.4326 0.2371 0.1951 0.0576 0.0776
134 0.1348 0.0455 0.1296 0.6738 0.0160
135 0.2146 0.2588 0.3621 0.0736 0.0909
136 0.2678 0.4246 0.1730 0.0548 0.0798
137 0.4568 0.2406 0.0872 0.0684 0.1471
138 0.3035 0.1400 0.2764 0.0715 0.2086
139 0.4092 0.1831 0.3018 0.0375 0.0684
140 0.3127 0.2849 0.1537 0.1727 0.0760
141 0.3599 0.2493 0.1768 0.1443 0.0698
142 0.1791 0.1709 0.1417 0.4231 0.0853
143 0.2998 0.2410 0.2013 0.1921 0.0659
144 0.1064 0.2019 0.3599 0.2847 0.0472
145 0.0722 0.4355 0.3904 0.0885 0.0133
146 0.1046 0.4167 0.3564 0.1062 0.0160
147 0.2339 0.1620 0.2957 0.0887 0.2197
148 0.1188 0.1008 0.2595 0.5083 0.0128
149 0.5464 0.1067 0.1947 0.0906 0.0618
150 0.2452 0.1312 0.4690 0.1105 0.0440
151 0.1687 0.0293 0.0651 0.6465 0.0903
152 0.1935 0.5425 0.2262 0.0089 0.0290
153 0.1830 0.0194 0.1371 0.6387 0.0217
154 0.5557 0.0852 0.1616 0.1259 0.0717
155 0.2722 0.0424 0.3718 0.2103 0.1033
156 0.3940 0.0204 0.0746 0.4905 0.0206
157 0.6201 0.1290 0.1416 0.0429 0.0664
158 0.1036 0.4788 0.2815 0.1027 0.0334
159 0.4465 0.2142 0.2646 0.0238 0.0509
160 0.2345 0.3660 0.1990 0.0455 0.1550
161 0.2080 0.2798 0.2588 0.2284 0.0250
162 0.3867 0.0762 0.1885 0.3108 0.0377
163 0.4292 0.1415 0.0825 0.3066 0.0402
164 0.2158 0.3191 0.2466 0.1790 0.0396
165 0.2810 0.1527 0.4490 0.0673 0.0500
166 0.2125 0.1289 0.2751 0.3118 0.0718
167 0.1896 0.2396 0.2415 0.3198 0.0096
168 0.4124 0.1172 0.1577 0.3064 0.0060
169 0.2866 0.0413 0.0895 0.5654 0.0171
170 0.5884 0.1866 0.1150 0.0137 0.0961
171 0.3857 0.1344 0.2822 0.0895 0.1080
172 0.5020 0.0690 0.0775 0.2091 0.1426
173 0.4724 0.1038 0.1006 0.2163 0.1071
174 0.4685 0.0542 0.1533 0.2488 0.0753
175 0.1105 0.2433 0.3005 0.1910 0.1547
176 0.2068 0.1769 0.1927 0.2167 0.2068
177 0.3315 0.0576 0.4126 0.1404 0.0580
178 0.4795 0.1166 0.0981 0.2507 0.0551
179 0.4536 0.0643 0.0833 0.3372 0.0619
180 0.0734 0.1707 0.2815 0.4497 0.0248
181 0.0701 0.0958 0.3967 0.4158 0.0215
182 0.0674 0.2546 0.4004 0.2546 0.0229
183 0.2233 0.3352 0.2866 0.1149 0.0400
184 0.1257 0.0562 0.2703 0.4529 0.0949
185 0.3179 0.1898 0.3032 0.1377 0.0515
186 0.1232 0.1879 0.6255 0.0498 0.0137
187 0.2788 0.2188 0.4285 0.0357 0.0383
188 0.1398 0.1698 0.5112 0.1647 0.0147
189 0.0380 0.1527 0.3721 0.4351 0.0022
190 0.1410 0.0671 0.6318 0.1525 0.0072
191 0.2615 0.1216 0.4114 0.1914 0.0140
192 0.3154 0.2085 0.0897 0.1611 0.2253
193 0.2688 0.1005 0.5645 0.0124 0.0538
194 0.1768 0.0569 0.5195 0.1609 0.0861
195 0.2112 0.0564 0.2546 0.4133 0.0644
196 0.1879 0.1807 0.4651 0.0874 0.0789
197 0.1775 0.2174 0.4258 0.0858 0.0935
198 0.2349 0.0411 0.5459 0.1075 0.0705
199 0.1952 0.0264 0.5825 0.1497 0.0460
200 0.2756 0.0385 0.4763 0.1431 0.0665
201 0.3999 0.1517 0.2174 0.2042 0.0266
202 0.1776 0.1028 0.5142 0.1981 0.0075
203 0.2255 0.0856 0.5669 0.1169 0.0054
204 0.1932 0.3445 0.4287 0.0266 0.0072
205 0.1143 0.3521 0.4246 0.1041 0.0050
206 0.1161 0.2308 0.4180 0.2169 0.0181
207 0.1550 0.2119 0.1842 0.4023 0.0466
208 0.1550 0.2119 0.1842 0.4023 0.0466
