time exciting_prob fearful_prob tense_prob sad_prob relaxing_prob
0 0.1075 0.0524 0.1403 0.6797 0.0202
1 0.0640 0.0765 0.0828 0.2734 0.5029
2 0.0718 0.0789 0.1062 0.2284 0.5146
3 0.2852 0.0312 0.1401 0.1857 0.3577
4 0.5518 0.1709 0.1556 0.0098 0.1121
5 0.1503 0.5166 0.2365 0.0417 0.0549
6 0.2303 0.1647 0.3223 0.1431 0.1398
7 0.3196 0.0534 0.2096 0.1908 0.2266
8 0.2328 0.2517 0.4314 0.0365 0.0477
9 0.1879 0.2979 0.2649 0.1533 0.0959
10 0.5889 0.0862 0.1235 0.0709 0.1304
11 0.1798 0.3577 0.2273 0.0850 0.1503
12 0.6514 0.0697 0.0490 0.0655 0.1647
13 0.3557 0.0481 0.0590 0.3315 0.2058
14 0.0734 0.1790 0.3091 0.3396 0.0988
15 0.2314 0.0500 0.0463 0.5908 0.0812
16 0.2671 0.0471 0.0457 0.4993 0.1407
17 0.1703 0.1729 0.1599 0.2852 0.2119
18 0.9082 0.0102 0.0050 0.0058 0.0711
19 0.8569 0.0071 0.0057 0.0068 0.1235
20 0.1074 0.0750 0.0850 0.2874 0.4453
21 0.8511 0.0065 0.0411 0.0843 0.0169
22 0.7651 0.0051 0.0248 0.1393 0.0658
23 0.0573 0.0211 0.0600 0.4038 0.4578
24 0.0717 0.0214 0.0481 0.4126 0.4460
25 0.3450 0.0839 0.1996 0.0900 0.2815
26 0.2327 0.0354 0.0462 0.0963 0.5894
27 0.2379 0.0602 0.1560 0.1687 0.3772
28 0.3816 0.0366 0.0825 0.2157 0.2834
29 0.3716 0.0636 0.1663 0.1245 0.2739
30 0.0609 0.0439 0.1937 0.1231 0.5781
31 0.7769 0.0231 0.1329 0.0214 0.0459
32 0.8174 0.0074 0.0565 0.0476 0.0714
33 0.2124 0.0800 0.3787 0.2059 0.1229
34 0.1782 0.0760 0.1548 0.0630 0.5278
35 0.1857 0.0898 0.1492 0.2922 0.2832
36 0.2443 0.0864 0.0898 0.0375 0.5420
37 0.0677 0.0310 0.1675 0.3384 0.3955
38 0.0869 0.0269 0.2253 0.2399 0.4209
39 0.3457 0.0127 0.0983 0.0121 0.5312
40 0.2413 0.0204 0.0348 0.0106 0.6929
41 0.0502 0.0117 0.0191 0.0145 0.9043
42 0.1041 0.2382 0.5122 0.0862 0.0593
43 0.0365 0.0426 0.6362 0.0611 0.2234
44 0.0287 0.0441 0.2007 0.0477 0.6787
45 0.0965 0.1110 0.3816 0.1404 0.2705
46 0.1442 0.1547 0.1672 0.1233 0.4106
47 0.6113 0.0309 0.1262 0.0185 0.2130
48 0.2052 0.0829 0.1169 0.5078 0.0869
49 0.1351 0.0304 0.1405 0.0493 0.6445
50 0.0196 0.0428 0.4529 0.4746 0.0101
51 0.1281 0.0564 0.1923 0.0400 0.5830
52 0.3691 0.0141 0.0970 0.0229 0.4968
53 0.1036 0.0989 0.5967 0.1937 0.0072
54 0.1721 0.1165 0.3589 0.1416 0.2109
55 0.1315 0.0732 0.3357 0.1812 0.2783
56 0.0127 0.0040 0.0241 0.0100 0.9492
57 0.3430 0.0923 0.4270 0.0173 0.1204
58 0.3147 0.0547 0.1440 0.2489 0.2375
59 0.1467 0.1611 0.2439 0.3958 0.0523
60 0.4775 0.0152 0.0234 0.0354 0.4485
61 0.3833 0.0433 0.1754 0.1388 0.2593
62 0.0302 0.0208 0.5356 0.0337 0.3799
63 0.2283 0.0696 0.2046 0.3022 0.1952
64 0.2939 0.1090 0.0424 0.0388 0.5161
65 0.3503 0.0050 0.0339 0.0425 0.5684
66 0.0883 0.2256 0.0876 0.0225 0.5762
67 0.0368 0.0151 0.0185 0.0033 0.9263
68 0.1584 0.1609 0.4307 0.0815 0.1686
69 0.1256 0.0548 0.2274 0.0553 0.5371
70 0.1671 0.1498 0.5698 0.0502 0.0634
71 0.1481 0.0768 0.3811 0.1886 0.2056
72 0.2896 0.0499 0.0897 0.0043 0.5669
73 0.2800 0.1753 0.2981 0.0249 0.2216
74 0.1411 0.1958 0.3601 0.0089 0.2939
75 0.4233 0.0059 0.0453 0.0068 0.5186
76 0.1372 0.2793 0.1578 0.0129 0.4128
77 0.2891 0.0861 0.2323 0.1511 0.2415
78 0.1259 0.5137 0.1803 0.0093 0.1708
79 0.3691 0.0236 0.0528 0.1296 0.4248
80 0.2505 0.0542 0.1045 0.2883 0.3022
81 0.2673 0.3052 0.1881 0.0263 0.2131
82 0.3787 0.1320 0.1642 0.0973 0.2279
83 0.1234 0.0317 0.5977 0.0592 0.1881
84 0.2323 0.1063 0.1713 0.0353 0.4548
85 0.2469 0.0555 0.4988 0.1353 0.0634
86 0.2529 0.0547 0.0771 0.1711 0.4441
87 0.1763 0.1998 0.1749 0.0486 0.4004
88 0.1697 0.0121 0.0997 0.0577 0.6606
89 0.2722 0.1946 0.0677 0.0270 0.4385
90 0.2339 0.1022 0.0596 0.0252 0.5791
91 0.2922 0.2620 0.1758 0.0694 0.2008
92 0.2321 0.1343 0.0443 0.0329 0.5566
93 0.3232 0.0844 0.1306 0.0955 0.3662
94 0.3264 0.1920 0.2407 0.0590 0.1818
95 0.0875 0.0917 0.3459 0.4109 0.0640
96 0.3184 0.1403 0.1067 0.0710 0.3638
97 0.0522 0.1088 0.0671 0.0397 0.7324
98 0.7046 0.0293 0.0924 0.0307 0.1431
99 0.1154 0.0781 0.0093 0.0089 0.7886
100 0.1071 0.0931 0.1055 0.4878 0.2065
101 0.3459 0.2002 0.1740 0.1768 0.1031
102 0.0060 0.0041 0.0127 0.0016 0.9756
103 0.0750 0.1914 0.2203 0.3689 0.1444
104 0.4402 0.0439 0.0326 0.1406 0.3428
105 0.3306 0.0480 0.0911 0.1255 0.4050
106 0.1937 0.1148 0.0381 0.2430 0.4102
107 0.4988 0.1113 0.0730 0.0212 0.2957
108 0.3896 0.1467 0.2070 0.0527 0.2037
109 0.3721 0.0242 0.0111 0.0072 0.5854
110 0.5029 0.0821 0.1475 0.0645 0.2031
111 0.1088 0.0650 0.0239 0.4043 0.3979
112 0.4243 0.2380 0.0817 0.0631 0.1927
113 0.2710 0.2076 0.1804 0.2109 0.1300
114 0.3389 0.1161 0.0462 0.0285 0.4705
115 0.3823 0.0258 0.0264 0.0429 0.5225
116 0.3867 0.0427 0.0126 0.0727 0.4851
117 0.5957 0.0852 0.0355 0.0042 0.2793
118 0.4053 0.0448 0.0105 0.1929 0.3467
119 0.5581 0.0732 0.0495 0.0230 0.2964
120 0.3862 0.0263 0.0058 0.1008 0.4807
121 0.3928 0.0876 0.1411 0.0208 0.3577
122 0.2639 0.0515 0.0431 0.0234 0.6182
123 0.3608 0.0898 0.0857 0.0320 0.4316
124 0.4995 0.0848 0.2593 0.0359 0.1205
125 0.3828 0.0410 0.0226 0.0223 0.5312
126 0.5249 0.0354 0.0386 0.2620 0.1390
127 0.6108 0.0403 0.0250 0.0334 0.2908
128 0.4722 0.0413 0.0206 0.0120 0.4541
129 0.2338 0.0252 0.0264 0.0591 0.6558
130 0.0703 0.1055 0.3684 0.2493 0.2067
131 0.3052 0.1837 0.2130 0.0351 0.2632
132 0.1234 0.1399 0.3103 0.1868 0.2397
133 0.0729 0.0082 0.0233 0.1473 0.7480
134 0.1047 0.0147 0.0340 0.2981 0.5483
135 0.8970 0.0164 0.0249 0.0353 0.0267
136 0.7993 0.0303 0.0503 0.0465 0.0737
137 0.5981 0.0315 0.1178 0.1769 0.0755
138 0.8623 0.0097 0.0719 0.0286 0.0275
139 0.6636 0.0941 0.1227 0.0116 0.1083
140 0.6294 0.0906 0.0950 0.0358 0.1494
141 0.1292 0.0340 0.4509 0.3679 0.0179
142 0.4136 0.0490 0.0329 0.0211 0.4834
143 0.1743 0.1276 0.1469 0.4314 0.1198
144 0.5293 0.0294 0.0717 0.2791 0.0906
145 0.8228 0.0223 0.0256 0.0233 0.1062
146 0.1823 0.1149 0.5884 0.1088 0.0059
147 0.3279 0.0641 0.0503 0.3862 0.1714
148 0.6870 0.0538 0.0916 0.0223 0.1451
149 0.3879 0.3672 0.0988 0.0813 0.0648
150 0.5430 0.0951 0.2264 0.0501 0.0853
151 0.6743 0.1653 0.0554 0.0673 0.0375
152 0.4097 0.0734 0.0288 0.0623 0.4258
153 0.1262 0.1440 0.6064 0.0555 0.0675
154 0.4282 0.1171 0.0884 0.2023 0.1638
155 0.5435 0.0406 0.2046 0.0179 0.1937
156 0.3430 0.2756 0.2529 0.0952 0.0334
157 0.4832 0.1805 0.2178 0.0460 0.0724
158 0.1011 0.0706 0.5298 0.2622 0.0361
159 0.6514 0.0178 0.0601 0.1097 0.1609
160 0.8301 0.0057 0.0709 0.0569 0.0365
161 0.0767 0.0354 0.1897 0.6318 0.0666
162 0.2072 0.1050 0.3606 0.2499 0.0774
163 0.2440 0.0380 0.3135 0.3335 0.0710
164 0.1740 0.1196 0.1088 0.4141 0.1837
165 0.6763 0.0426 0.0930 0.0361 0.1521
166 0.7466 0.0103 0.0571 0.1349 0.0508
167 0.3291 0.1210 0.2124 0.3020 0.0355
168 0.2744 0.1855 0.2700 0.2256 0.0444
169 0.5869 0.0326 0.1450 0.1763 0.0591
170 0.3103 0.0267 0.0693 0.0939 0.4998
171 0.1550 0.2458 0.4558 0.0817 0.0617
172 0.7822 0.0313 0.0516 0.0694 0.0657
173 0.2502 0.2791 0.2406 0.1919 0.0381
174 0.4878 0.1063 0.1766 0.1823 0.0472
175 0.2289 0.0161 0.0480 0.6421 0.0651
176 0.8208 0.0509 0.0428 0.0196 0.0658
177 0.1332 0.1184 0.1968 0.4758 0.0759
178 0.0658 0.2522 0.3586 0.2837 0.0396
179 0.5723 0.1317 0.0408 0.0941 0.1614
180 0.7534 0.0586 0.0425 0.0344 0.1111
181 0.1846 0.2583 0.0872 0.2524 0.2175
182 0.6260 0.0506 0.2822 0.0090 0.0322
183 0.0244 0.0928 0.1788 0.6440 0.0599
184 0.3247 0.0163 0.0670 0.5356 0.0564
185 0.6270 0.1024 0.0703 0.1142 0.0862
186 0.4922 0.0565 0.0287 0.0144 0.4082
187 0.5957 0.0613 0.0375 0.0195 0.2859
188 0.1498 0.0724 0.4136 0.3223 0.0419
189 0.7051 0.0925 0.0693 0.0362 0.0969
190 0.2181 0.0861 0.2166 0.3711 0.1080
191 0.1996 0.0921 0.6543 0.0508 0.0032
192 0.1183 0.0294 0.6914 0.1300 0.0306
193 0.2598 0.1287 0.1827 0.3721 0.0566
194 0.4150 0.1423 0.1785 0.1423 0.1218
195 0.1610 0.1124 0.1688 0.5078 0.0499
196 0.2861 0.4033 0.1818 0.0442 0.0845
197 0.1328 0.2727 0.4709 0.0608 0.0627
198 0.3835 0.3440 0.1730 0.0715 0.0280
199 0.2910 0.1054 0.0605 0.0159 0.5269
200 0.0367 0.4011 0.5396 0.0193 0.0031
201 0.2993 0.0246 0.0928 0.4255 0.1577
202 0.3691 0.2744 0.2786 0.0401 0.0377
203 0.2551 0.1897 0.4143 0.1366 0.0042
204 0.2433 0.2590 0.1910 0.2673 0.0394
205 0.7700 0.0336 0.0536 0.1026 0.0402
206 0.2120 0.2366 0.2537 0.2366 0.0612
207 0.0480 0.0238 0.3132 0.1870 0.4280
208 0.0413 0.2017 0.4009 0.0719 0.2844
209 0.0548 0.2119 0.1411 0.4487 0.1434
210 0.1541 0.1370 0.4219 0.0541 0.2330
211 0.0991 0.1464 0.5610 0.1140 0.0796
212 0.0785 0.2917 0.2698 0.0682 0.2917
213 0.0477 0.2256 0.6528 0.0404 0.0335
214 0.5747 0.0307 0.1302 0.1312 0.1333
215 0.6689 0.0150 0.0684 0.1759 0.0717
216 0.0880 0.0624 0.4753 0.0814 0.2930
217 0.8281 0.0493 0.0533 0.0180 0.0513
218 0.1208 0.0589 0.3135 0.1287 0.3782
219 0.2101 0.3105 0.3254 0.0579 0.0962
220 0.4016 0.0200 0.1356 0.3545 0.0883
221 0.0674 0.3374 0.2527 0.0331 0.3096
222 0.7690 0.0738 0.0955 0.0116 0.0500
223 0.0454 0.1782 0.1525 0.0917 0.5322
224 0.8120 0.0343 0.0970 0.0131 0.0434
225 0.1201 0.0508 0.7354 0.0838 0.0100
226 0.0660 0.2612 0.3569 0.1740 0.1420
227 0.3445 0.1360 0.1238 0.2443 0.1516
228 0.0772 0.0903 0.5532 0.1687 0.1107
229 0.0532 0.0414 0.2499 0.1010 0.5547
230 0.0876 0.2037 0.2290 0.1108 0.3689
231 0.0989 0.1193 0.4866 0.0467 0.2485
232 0.0247 0.1560 0.6880 0.0822 0.0491
233 0.1464 0.1464 0.6558 0.0461 0.0054
234 0.0134 0.1520 0.1497 0.3479 0.3372
235 0.0738 0.3777 0.2576 0.0374 0.2537
236 0.0709 0.3892 0.3953 0.0376 0.1072
237 0.0363 0.2012 0.5054 0.2388 0.0181
238 0.2583 0.1405 0.1405 0.3477 0.1129
239 0.2583 0.1405 0.1405 0.3477 0.1129
240 0.2037 0.2830 0.2496 0.2310 0.0327
