time exciting_prob fearful_prob tense_prob sad_prob relaxing_prob
0 0.1545 0.2469 0.2321 0.3220 0.0443
1 0.1451 0.0578 0.2629 0.5146 0.0193
2 0.1613 0.2617 0.4890 0.0704 0.0174
3 0.2311 0.2384 0.4741 0.0481 0.0084
4 0.2113 0.2756 0.4270 0.0714 0.0147
5 0.2395 0.0998 0.3826 0.2549 0.0232
6 0.2295 0.1085 0.4424 0.0643 0.1553
7 0.2491 0.1768 0.2654 0.0854 0.2234
8 0.2063 0.5107 0.1440 0.0148 0.1241
9 0.1991 0.4702 0.1730 0.0351 0.1226
10 0.3696 0.2661 0.2520 0.0678 0.0445
11 0.4377 0.1897 0.2803 0.0454 0.0468
12 0.3796 0.0931 0.3352 0.1272 0.0649
13 0.2407 0.2603 0.3906 0.0751 0.0334
14 0.0873 0.3977 0.2732 0.2196 0.0223
15 0.0994 0.2241 0.6094 0.0485 0.0188
16 0.0637 0.2725 0.5591 0.0637 0.0411
17 0.1584 0.4307 0.3408 0.0592 0.0109
18 0.0755 0.2515 0.4482 0.2117 0.0131
19 0.1140 0.1353 0.4722 0.2607 0.0177
20 0.0414 0.4241 0.1741 0.2271 0.1334
21 0.4290 0.1816 0.2173 0.1248 0.0474
22 0.3403 0.2080 0.3271 0.0724 0.0522
23 0.2661 0.3752 0.2788 0.0366 0.0431
24 0.2507 0.1300 0.2839 0.2976 0.0375
25 0.2427 0.3115 0.2465 0.1567 0.0425
26 0.1357 0.4182 0.3867 0.0271 0.0323
27 0.3633 0.2103 0.2402 0.1100 0.0762
28 0.2484 0.1483 0.2484 0.0819 0.2729
29 0.3823 0.2507 0.2079 0.0702 0.0887
30 0.2864 0.3428 0.2031 0.1104 0.0573
31 0.4963 0.1326 0.2615 0.0565 0.0531
32 0.3528 0.0906 0.2969 0.1858 0.0739
33 0.2646 0.0416 0.1156 0.4099 0.1682
34 0.1648 0.0656 0.5156 0.2361 0.0181
35 0.1914 0.1368 0.5850 0.0593 0.0274
36 0.2854 0.1528 0.4490 0.0371 0.0756
37 0.7534 0.1111 0.0782 0.0294 0.0281
38 0.7930 0.0635 0.0755 0.0388 0.0293
39 0.5708 0.1913 0.1432 0.0280 0.0666
40 0.1555 0.5425 0.2484 0.0352 0.0183
41 0.2113 0.0867 0.2549 0.4268 0.0203
42 0.2245 0.1279 0.2625 0.3215 0.0634
43 0.0481 0.0831 0.5767 0.2810 0.0112
44 0.1462 0.1848 0.5347 0.1104 0.0237
45 0.2366 0.0898 0.4932 0.1458 0.0346
46 0.1775 0.1517 0.1816 0.0567 0.4324
47 0.1267 0.2559 0.1493 0.1127 0.3555
48 0.2135 0.3411 0.2069 0.1467 0.0918
49 0.1609 0.2286 0.3596 0.2018 0.0491
50 0.1077 0.2485 0.4163 0.1967 0.0309
51 0.0764 0.2793 0.3215 0.3069 0.0160
52 0.3276 0.2417 0.1853 0.0917 0.1536
53 0.3091 0.2727 0.2769 0.0576 0.0838
54 0.3774 0.1294 0.3130 0.0918 0.0883
55 0.2866 0.1006 0.2957 0.2268 0.0902
56 0.2102 0.0732 0.5581 0.1091 0.0492
57 0.1450 0.1342 0.2355 0.4539 0.0316
58 0.1049 0.1478 0.4663 0.2168 0.0641
59 0.0640 0.0534 0.5698 0.2910 0.0216
60 0.1887 0.0182 0.2878 0.4895 0.0159
61 0.3220 0.0873 0.2549 0.0426 0.2932
62 0.3240 0.1182 0.3342 0.0304 0.1934
63 0.1224 0.2065 0.2114 0.4045 0.0552
64 0.4158 0.1404 0.2091 0.0653 0.1693
65 0.4675 0.0572 0.2502 0.0594 0.1654
66 0.1639 0.0545 0.6958 0.0618 0.0240
67 0.3201 0.0881 0.1635 0.0687 0.3599
68 0.3318 0.0886 0.0706 0.0226 0.4866
69 0.0758 0.0782 0.2905 0.5103 0.0453
70 0.2224 0.2791 0.4636 0.0299 0.0050
71 0.1144 0.0580 0.4890 0.1871 0.1515
72 0.4307 0.2781 0.0939 0.1007 0.0969
73 0.3457 0.1738 0.1698 0.1149 0.1956
74 0.0697 0.1865 0.5483 0.1621 0.0332
75 0.0582 0.3169 0.5142 0.0989 0.0117
76 0.0968 0.1465 0.4548 0.2715 0.0305
77 0.2876 0.1227 0.2024 0.3416 0.0455
78 0.3975 0.1594 0.2162 0.1037 0.1232
79 0.2197 0.1022 0.2250 0.0676 0.3857
80 0.0805 0.0964 0.3811 0.1109 0.3311
81 0.2098 0.3713 0.2397 0.0220 0.1572
82 0.1913 0.0523 0.3057 0.0583 0.3926
83 0.3274 0.0731 0.3376 0.0439 0.2180
84 0.1713 0.1488 0.3950 0.2452 0.0397
85 0.2568 0.1534 0.2451 0.2693 0.0753
86 0.3254 0.0933 0.2400 0.0856 0.2556
87 0.0990 0.0587 0.2432 0.0426 0.5566
88 0.3652 0.1167 0.2197 0.0821 0.2163
89 0.2537 0.0856 0.1337 0.0993 0.4280
90 0.2280 0.0712 0.0497 0.0214 0.6299
91 0.3481 0.1292 0.1213 0.2649 0.1364
92 0.4763 0.3076 0.1985 0.0089 0.0087
93 0.3042 0.1350 0.2174 0.0872 0.2561
94 0.0722 0.0831 0.1459 0.6748 0.0240
95 0.1467 0.1400 0.3547 0.2830 0.0756
96 0.2827 0.0519 0.3464 0.1526 0.1663
97 0.2395 0.1223 0.4011 0.0175 0.2197
98 0.0322 0.0468 0.2651 0.6357 0.0201
99 0.3792 0.1112 0.2030 0.1486 0.1581
100 0.0614 0.5474 0.3762 0.0096 0.0053
101 0.2267 0.5439 0.2048 0.0119 0.0127
102 0.3296 0.0379 0.0974 0.0916 0.4436
103 0.3789 0.0776 0.0586 0.0134 0.4717
104 0.0529 0.0139 0.0270 0.0049 0.9014
105 0.1019 0.1201 0.5093 0.2058 0.0628
106 0.2986 0.0760 0.1840 0.3384 0.1031
107 0.2324 0.1225 0.4998 0.1016 0.0437
108 0.2480 0.3286 0.3364 0.0352 0.0516
109 0.3787 0.0489 0.1036 0.2043 0.2644
110 0.0850 0.2942 0.4851 0.0870 0.0488
111 0.5107 0.0615 0.1499 0.1194 0.1583
112 0.2415 0.2034 0.4878 0.0312 0.0362
113 0.3481 0.1095 0.4758 0.0439 0.0228
114 0.3628 0.1224 0.2067 0.2612 0.0468
115 0.3843 0.3525 0.1414 0.0545 0.0673
116 0.0864 0.1482 0.5337 0.1932 0.0384
117 0.1125 0.0786 0.4814 0.2039 0.1237
118 0.2800 0.1187 0.2847 0.1196 0.1971
119 0.1337 0.1217 0.2852 0.4084 0.0511
120 0.1178 0.0544 0.4377 0.2515 0.1388
121 0.1375 0.0778 0.4912 0.1711 0.1223
122 0.1376 0.0578 0.3125 0.2164 0.2756
123 0.2910 0.1608 0.2064 0.1062 0.2357
124 0.4160 0.0914 0.1111 0.0958 0.2859
125 0.2720 0.0849 0.1675 0.0167 0.4590
126 0.2637 0.0842 0.3806 0.0904 0.1812
127 0.1279 0.1309 0.5176 0.0618 0.1616
128 0.1033 0.1041 0.5371 0.0622 0.1931
129 0.1084 0.1932 0.4636 0.1963 0.0384
130 0.0701 0.1791 0.5693 0.1270 0.0546
131 0.2325 0.3491 0.1927 0.0388 0.1869
132 0.2708 0.3530 0.3042 0.0088 0.0633
133 0.1349 0.3086 0.4285 0.1154 0.0125
134 0.3123 0.2129 0.3765 0.0471 0.0514
135 0.1744 0.4023 0.3779 0.0123 0.0330
136 0.0800 0.1164 0.5732 0.2043 0.0262
137 0.0588 0.0645 0.2847 0.5488 0.0430
138 0.2162 0.1241 0.5562 0.0600 0.0432
139 0.2352 0.2059 0.4788 0.0485 0.0316
140 0.1589 0.1705 0.5015 0.0127 0.1565
141 0.2228 0.3142 0.4294 0.0136 0.0199
142 0.1490 0.2477 0.3689 0.1501 0.0842
143 0.2781 0.3801 0.2937 0.0042 0.0437
144 0.2815 0.0928 0.3318 0.2544 0.0396
145 0.5728 0.1666 0.1267 0.0769 0.0571
146 0.1934 0.2028 0.2297 0.3420 0.0321
147 0.3069 0.2544 0.2280 0.1331 0.0776
148 0.4033 0.0696 0.3069 0.1543 0.0659
149 0.6777 0.0676 0.1015 0.1334 0.0198
150 0.3792 0.1311 0.3347 0.0649 0.0901
151 0.6260 0.0506 0.0796 0.1938 0.0502
152 0.3428 0.0916 0.1292 0.0629 0.3735
153 0.4888 0.0532 0.1757 0.1082 0.1743
154 0.5938 0.0791 0.1598 0.1274 0.0398
155 0.1237 0.0837 0.4453 0.2832 0.0641
156 0.1121 0.0659 0.5967 0.1819 0.0435
157 0.1453 0.1753 0.4373 0.2251 0.0172
158 0.1025 0.0243 0.0434 0.0174 0.8125
159 0.3286 0.0668 0.0851 0.0336 0.4858
160 0.2130 0.0543 0.2377 0.4727 0.0224
161 0.3235 0.0647 0.4705 0.1153 0.0261
162 0.4673 0.0781 0.2156 0.1403 0.0987
163 0.1215 0.0682 0.3103 0.4731 0.0271
164 0.6392 0.1019 0.1192 0.0800 0.0595
165 0.7505 0.0414 0.1284 0.0330 0.0465
166 0.7183 0.0438 0.0980 0.0673 0.0728
167 0.5039 0.1124 0.2534 0.0523 0.0779
168 0.4944 0.0936 0.3022 0.0412 0.0685
169 0.2664 0.0369 0.2878 0.1948 0.2140
170 0.7798 0.0731 0.0660 0.0420 0.0388
171 0.4014 0.1387 0.2322 0.2034 0.0245
172 0.2064 0.3682 0.2097 0.1738 0.0419
173 0.2433 0.1487 0.5396 0.0502 0.0182
174 0.5186 0.2178 0.1005 0.0753 0.0880
175 0.4907 0.0915 0.1605 0.0412 0.2161
176 0.4878 0.1837 0.2778 0.0263 0.0245
177 0.5337 0.0793 0.3213 0.0349 0.0308
178 0.2979 0.2566 0.2374 0.0526 0.1556
179 0.5718 0.1743 0.1827 0.0477 0.0238
180 0.3967 0.0627 0.3611 0.1627 0.0168
181 0.3567 0.1851 0.2146 0.1262 0.1176
182 0.3496 0.1237 0.2832 0.1758 0.0677
183 0.0657 0.2137 0.5459 0.1470 0.0276
184 0.3528 0.1506 0.2522 0.2140 0.0303
185 0.1915 0.1915 0.4595 0.1266 0.0308
186 0.2974 0.0872 0.4644 0.1129 0.0381
187 0.2683 0.1787 0.2009 0.3337 0.0182
188 0.3049 0.2129 0.4368 0.0244 0.0209
189 0.6797 0.0689 0.0831 0.0375 0.1307
190 0.4387 0.1553 0.1026 0.0474 0.2559
191 0.5811 0.0688 0.1946 0.1058 0.0496
192 0.1326 0.1798 0.6128 0.0488 0.0259
193 0.4358 0.0965 0.2949 0.0865 0.0865
194 0.3293 0.2751 0.2142 0.0801 0.1012
195 0.4021 0.0870 0.0548 0.0280 0.4280
196 0.1925 0.2822 0.4106 0.0522 0.0625
197 0.1333 0.1140 0.5312 0.2048 0.0166
198 0.6226 0.0829 0.1188 0.0911 0.0843
199 0.2413 0.1185 0.4724 0.1522 0.0154
200 0.1375 0.1475 0.5566 0.1131 0.0453
201 0.3972 0.0475 0.3589 0.0568 0.1395
202 0.3755 0.0349 0.3064 0.1565 0.1267
203 0.1647 0.2452 0.1398 0.0133 0.4373
204 0.5703 0.1072 0.1896 0.0797 0.0531
205 0.3452 0.1736 0.3096 0.0664 0.1053
206 0.0776 0.2585 0.5308 0.1045 0.0286
207 0.4810 0.1489 0.0836 0.1124 0.1742
208 0.2042 0.0633 0.3115 0.2881 0.1329
209 0.2036 0.1549 0.3154 0.2595 0.0667
210 0.5977 0.2610 0.0720 0.0454 0.0239
211 0.5894 0.2169 0.1008 0.0656 0.0271
212 0.1295 0.1216 0.5327 0.1991 0.0171
213 0.2286 0.2286 0.3174 0.0754 0.1499
214 0.3579 0.1118 0.4741 0.0190 0.0371
215 0.1324 0.1244 0.3032 0.4080 0.0322
216 0.1360 0.1027 0.2173 0.5054 0.0389
217 0.5908 0.0775 0.1603 0.1494 0.0219
218 0.6255 0.0827 0.1670 0.0610 0.0639
219 0.4690 0.1970 0.1302 0.0429 0.1608
220 0.1273 0.0809 0.3801 0.1465 0.2654
221 0.4050 0.0925 0.0785 0.4050 0.0189
222 0.3972 0.1643 0.1250 0.0629 0.2505
223 0.1538 0.1526 0.5713 0.0631 0.0593
224 0.1472 0.1949 0.5425 0.0339 0.0813
225 0.0423 0.5566 0.3887 0.0071 0.0051
226 0.2942 0.1575 0.4556 0.0495 0.0434
227 0.5825 0.1183 0.0753 0.1777 0.0460
228 0.0905 0.1337 0.4666 0.2421 0.0672
229 0.2301 0.6255 0.1013 0.0076 0.0356
230 0.5034 0.1398 0.2268 0.1177 0.0125
231 0.1631 0.2229 0.5781 0.0135 0.0224
232 0.6201 0.0685 0.1484 0.0329 0.1300
233 0.6948 0.0947 0.0536 0.1108 0.0462
234 0.2461 0.4707 0.1992 0.0218 0.0622
235 0.4470 0.1908 0.3428 0.0104 0.0091
236 0.0917 0.1007 0.3225 0.4272 0.0578
237 0.3018 0.0906 0.1979 0.3474 0.0623
238 0.5132 0.1349 0.1746 0.1436 0.0338
239 0.0978 0.2598 0.3442 0.0705 0.2275
240 0.2435 0.0797 0.2512 0.2634 0.1622
241 0.5454 0.0883 0.2238 0.0811 0.0616
242 0.7637 0.0278 0.0721 0.0524 0.0837
243 0.2798 0.1096 0.5107 0.0629 0.0367
244 0.2198 0.1420 0.3857 0.2097 0.0426
245 0.3230 0.1091 0.1899 0.0699 0.3081
246 0.1439 0.0746 0.3142 0.4573 0.0100
247 0.1494 0.2837 0.4463 0.0355 0.0851
248 0.2563 0.1735 0.4033 0.1394 0.0272
249 0.1332 0.2842 0.5479 0.0142 0.0204
250 0.5342 0.0619 0.2371 0.0581 0.1086
251 0.6045 0.0448 0.1947 0.1034 0.0528
252 0.5781 0.1013 0.1581 0.0746 0.0880
253 0.0710 0.0843 0.2186 0.5674 0.0589
254 0.5464 0.2350 0.0913 0.0196 0.1076
255 0.6753 0.1965 0.0717 0.0143 0.0422
256 0.4363 0.0873 0.2861 0.0258 0.1643
257 0.3342 0.2369 0.3264 0.0266 0.0757
258 0.5942 0.0926 0.0549 0.1295 0.1285
259 0.7646 0.0563 0.0456 0.0481 0.0851
260 0.4910 0.0379 0.1130 0.3374 0.0206
261 0.2089 0.1414 0.2122 0.3608 0.0768
