time exciting_prob fearful_prob tense_prob sad_prob relaxing_prob
0 0.2037 0.2830 0.2496 0.2310 0.0327
1 0.2037 0.2830 0.2496 0.2310 0.0327
2 0.0745 0.0474 0.2026 0.6240 0.0512
3 0.4333 0.1938 0.2015 0.1104 0.0610
4 0.5039 0.2184 0.0692 0.1024 0.1064
5 0.4287 0.2812 0.0706 0.0949 0.1248
6 0.2969 0.2600 0.1228 0.1145 0.2057
7 0.6699 0.0422 0.1543 0.0943 0.0393
8 0.5952 0.0711 0.2042 0.0812 0.0481
9 0.3926 0.1108 0.3254 0.1065 0.0646
10 0.5674 0.1731 0.0520 0.1190 0.0884
11 0.6460 0.1545 0.0382 0.0867 0.0748
12 0.4739 0.1575 0.0593 0.1716 0.1378
13 0.4607 0.1438 0.2666 0.0795 0.0493
14 0.4490 0.1857 0.2366 0.0673 0.0617
15 0.4189 0.1155 0.2124 0.1919 0.0613
16 0.8203 0.0950 0.0036 0.0470 0.0339
17 0.7505 0.1399 0.0045 0.0570 0.0480
18 0.3843 0.1381 0.2482 0.1589 0.0706
19 0.8994 0.0617 0.0280 0.0077 0.0030
20 0.8643 0.0656 0.0570 0.0095 0.0037
21 0.4824 0.1191 0.2664 0.0825 0.0497
22 0.8364 0.0498 0.0556 0.0275 0.0305
23 0.3289 0.1483 0.2903 0.1603 0.0723
24 0.5630 0.0941 0.0171 0.2087 0.1171
25 0.4670 0.1678 0.0124 0.2241 0.1287
26 0.2190 0.1190 0.1528 0.4563 0.0528
27 0.1072 0.2455 0.3408 0.2739 0.0327
28 0.0545 0.2791 0.3875 0.2539 0.0251
29 0.0617 0.2854 0.4492 0.1552 0.0485
30 0.0654 0.2754 0.4070 0.1261 0.1261
31 0.0770 0.3425 0.2710 0.2627 0.0467
32 0.0732 0.2852 0.2595 0.3660 0.0162
33 0.0758 0.2976 0.5063 0.1013 0.0193
34 0.0480 0.1927 0.5938 0.1324 0.0332
35 0.0525 0.1655 0.2484 0.4866 0.0471
36 0.0635 0.0596 0.1659 0.6260 0.0848
37 0.1015 0.1548 0.3770 0.3276 0.0391
38 0.0347 0.1735 0.5098 0.2297 0.0525
39 0.0333 0.1503 0.5498 0.2517 0.0152
40 0.0693 0.0890 0.4050 0.3518 0.0849
41 0.0795 0.1311 0.5186 0.1908 0.0801
42 0.0785 0.1116 0.5488 0.1927 0.0682
43 0.0293 0.1235 0.7334 0.0531 0.0607
44 0.0522 0.1646 0.6406 0.0403 0.1022
45 0.0424 0.1160 0.6221 0.0570 0.1624
46 0.0502 0.1302 0.6216 0.0635 0.1344
47 0.0887 0.1520 0.5347 0.0654 0.1593
48 0.0456 0.1035 0.7241 0.0563 0.0706
49 0.0203 0.0817 0.8062 0.0253 0.0667
50 0.0336 0.0997 0.7363 0.0609 0.0696
51 0.0214 0.0423 0.8042 0.0771 0.0551
52 0.1975 0.3308 0.2617 0.1400 0.0699
53 0.0410 0.2474 0.6621 0.0343 0.0150
54 0.2147 0.2216 0.2756 0.1766 0.1114
55 0.0675 0.2338 0.4265 0.0475 0.2247
56 0.0526 0.2200 0.4768 0.0440 0.2067
57 0.0652 0.2241 0.3965 0.0266 0.2878
58 0.1416 0.1221 0.5181 0.1240 0.0944
59 0.0787 0.3501 0.4192 0.0701 0.0819
60 0.0973 0.2075 0.5059 0.0533 0.1361
61 0.0581 0.4429 0.3503 0.0599 0.0886
62 0.0413 0.4648 0.4299 0.0468 0.0175
63 0.0294 0.4451 0.3928 0.1152 0.0175
64 0.0374 0.3081 0.5366 0.0616 0.0565
65 0.0797 0.2825 0.4409 0.0491 0.1477
66 0.0743 0.2100 0.5156 0.0616 0.1388
67 0.0375 0.3643 0.4497 0.0633 0.0851
68 0.0443 0.1132 0.4729 0.3459 0.0234
69 0.0322 0.2114 0.5400 0.1986 0.0179
70 0.0640 0.3052 0.5571 0.0298 0.0440
71 0.2214 0.2549 0.4688 0.0443 0.0104
72 0.0204 0.5688 0.3452 0.0064 0.0591
73 0.0201 0.6318 0.3030 0.0095 0.0356
74 0.0139 0.6680 0.2742 0.0095 0.0343
75 0.0164 0.5225 0.3120 0.0262 0.1231
76 0.0233 0.6768 0.1442 0.0295 0.1262
77 0.0189 0.7036 0.2129 0.0186 0.0461
78 0.0385 0.6982 0.1671 0.0097 0.0867
79 0.0429 0.6982 0.1498 0.0167 0.0923
80 0.0395 0.7109 0.1422 0.0129 0.0947
81 0.0337 0.1087 0.3245 0.4949 0.0381
82 0.0490 0.2062 0.6709 0.0393 0.0347
83 0.0768 0.0825 0.4973 0.2747 0.0689
84 0.0548 0.7114 0.1929 0.0039 0.0371
85 0.0986 0.4929 0.2292 0.0229 0.1564
86 0.1669 0.2793 0.2952 0.1997 0.0590
87 0.2291 0.2255 0.1433 0.3333 0.0688
88 0.0294 0.4602 0.4324 0.0204 0.0576
89 0.0346 0.5630 0.3362 0.0207 0.0458
90 0.0423 0.3657 0.4343 0.0454 0.1124
91 0.0267 0.5288 0.3635 0.0197 0.0612
92 0.0204 0.6353 0.2776 0.0172 0.0494
93 0.0321 0.0860 0.7544 0.0730 0.0542
94 0.0447 0.0587 0.8042 0.0560 0.0362
95 0.1493 0.1403 0.3872 0.3210 0.0023
96 0.1271 0.1062 0.4912 0.2712 0.0042
97 0.0959 0.2229 0.6060 0.0639 0.0113
98 0.0971 0.2223 0.6138 0.0540 0.0126
99 0.4353 0.1814 0.1317 0.2258 0.0259
100 0.1904 0.1949 0.3503 0.2141 0.0501
101 0.0462 0.2617 0.3748 0.3108 0.0068
102 0.0244 0.5303 0.3069 0.0859 0.0529
103 0.0225 0.5234 0.3225 0.0828 0.0490
104 0.0903 0.3306 0.4846 0.0557 0.0388
105 0.0370 0.1095 0.6919 0.1221 0.0393
106 0.0396 0.0980 0.4534 0.3938 0.0150
107 0.0325 0.1099 0.5161 0.3333 0.0081
108 0.0179 0.2399 0.6621 0.0671 0.0128
109 0.0526 0.4761 0.4009 0.0526 0.0176
110 0.0278 0.4880 0.4443 0.0356 0.0042
111 0.0703 0.4656 0.2869 0.0946 0.0828
112 0.0249 0.3811 0.5210 0.0553 0.0175
113 0.0301 0.1163 0.7827 0.0663 0.0046
114 0.0340 0.1006 0.6714 0.1895 0.0045
115 0.0451 0.2964 0.5894 0.0583 0.0107
116 0.0313 0.1946 0.7007 0.0399 0.0333
117 0.0767 0.1422 0.5625 0.1561 0.0626
118 0.0572 0.2012 0.5688 0.0529 0.1201
119 0.0578 0.1780 0.4404 0.0991 0.2250
120 0.0674 0.2502 0.6294 0.0287 0.0242
121 0.0480 0.1197 0.6079 0.0823 0.1421
122 0.1349 0.1963 0.3113 0.2581 0.0995
123 0.0679 0.1320 0.4004 0.3118 0.0880
124 0.2139 0.2812 0.3472 0.1002 0.0576
125 0.0270 0.2793 0.4500 0.0486 0.1951
126 0.0235 0.2610 0.1970 0.4724 0.0461
127 0.0884 0.3416 0.2499 0.0963 0.2240
128 0.0820 0.3618 0.3242 0.0958 0.1362
129 0.0688 0.5498 0.2517 0.0368 0.0927
130 0.0418 0.1426 0.6001 0.0405 0.1747
131 0.0795 0.1879 0.3884 0.1194 0.2249
132 0.0592 0.4512 0.3459 0.0620 0.0815
133 0.0557 0.2185 0.5713 0.0583 0.0962
134 0.0180 0.1439 0.7197 0.0746 0.0439
135 0.0741 0.3975 0.2467 0.0741 0.2078
136 0.0602 0.2676 0.4734 0.0437 0.1549
137 0.0520 0.4390 0.2581 0.0594 0.1918
138 0.0210 0.5259 0.2058 0.1603 0.0872
139 0.0140 0.6382 0.1539 0.1237 0.0705
140 0.0335 0.0527 0.1065 0.6523 0.1549
141 0.0175 0.1716 0.7456 0.0536 0.0118
142 0.0206 0.4333 0.5063 0.0252 0.0144
143 0.0367 0.2590 0.4475 0.0841 0.1726
144 0.0166 0.3472 0.5908 0.0164 0.0292
145 0.0737 0.1537 0.3152 0.3687 0.0889
146 0.1301 0.1793 0.3196 0.2842 0.0867
147 0.0367 0.2177 0.4980 0.1832 0.0643
148 0.0417 0.4656 0.3030 0.0635 0.1263
149 0.0636 0.2169 0.4053 0.2053 0.1091
150 0.0380 0.1160 0.5986 0.1169 0.1305
151 0.0371 0.1414 0.5547 0.1414 0.1257
152 0.0570 0.1489 0.6470 0.0597 0.0875
153 0.0142 0.3694 0.5903 0.0141 0.0122
154 0.0275 0.3760 0.5645 0.0181 0.0140
155 0.0169 0.1915 0.5288 0.1885 0.0744
156 0.0169 0.2119 0.6084 0.1255 0.0374
157 0.0724 0.4580 0.3979 0.0526 0.0191
158 0.0393 0.2666 0.5825 0.0764 0.0350
159 0.0368 0.1622 0.5156 0.1700 0.1151
160 0.0292 0.1238 0.5210 0.1541 0.1719
161 0.0565 0.2396 0.5747 0.0660 0.0630
162 0.1478 0.3384 0.2021 0.2761 0.0354
163 0.0660 0.6270 0.1796 0.1169 0.0107
164 0.0302 0.1863 0.3589 0.1892 0.2355
165 0.0164 0.3608 0.5010 0.0253 0.0964
166 0.0567 0.1517 0.1615 0.5640 0.0663
167 0.0286 0.4102 0.3621 0.1509 0.0482
168 0.0223 0.3945 0.4402 0.0789 0.0639
169 0.0571 0.2561 0.3042 0.3445 0.0381
170 0.0142 0.1133 0.3408 0.2493 0.2825
171 0.0174 0.3352 0.4172 0.1039 0.1262
172 0.0664 0.1061 0.1952 0.4756 0.1569
173 0.0311 0.3845 0.2225 0.0851 0.2769
174 0.2559 0.2122 0.3391 0.1759 0.0170
175 0.0255 0.0760 0.0440 0.8301 0.0245
176 0.0656 0.2717 0.3833 0.0676 0.2117
177 0.0640 0.2303 0.4954 0.0443 0.1659
178 0.0072 0.1429 0.7490 0.0777 0.0233
179 0.0126 0.1061 0.7485 0.0674 0.0654
180 0.0214 0.2432 0.4009 0.1893 0.1451
181 0.0446 0.1820 0.3245 0.1343 0.3145
182 0.0143 0.2957 0.5610 0.1105 0.0186
183 0.0080 0.2498 0.6475 0.0876 0.0070
184 0.1692 0.5459 0.1528 0.0261 0.1058
185 0.1421 0.4622 0.2306 0.0447 0.1205
186 0.1819 0.4331 0.1709 0.0735 0.1406
187 0.1580 0.3345 0.2861 0.0974 0.1240
188 0.1407 0.3916 0.2302 0.0649 0.1725
189 0.1707 0.3447 0.2463 0.0341 0.2042
190 0.0984 0.4805 0.1973 0.1512 0.0726
191 0.0146 0.2352 0.4001 0.1832 0.1669
192 0.0042 0.4683 0.4832 0.0304 0.0139
193 0.0034 0.7212 0.2532 0.0059 0.0167
194 0.1042 0.3723 0.1639 0.2224 0.1370
195 0.1583 0.2935 0.1442 0.1302 0.2737
196 0.1157 0.4436 0.2549 0.0645 0.1213
197 0.1281 0.3196 0.2820 0.0439 0.2266
198 0.1606 0.5063 0.1737 0.0497 0.1095
199 0.1175 0.3821 0.2229 0.1619 0.1157
200 0.2467 0.2566 0.2487 0.1221 0.1260
201 0.1009 0.3132 0.2898 0.0891 0.2070
202 0.0880 0.2467 0.2688 0.1147 0.2817
203 0.1759 0.2832 0.3159 0.0558 0.1692
204 0.1194 0.2610 0.3147 0.0834 0.2214
205 0.1025 0.2458 0.3059 0.1091 0.2365
206 0.0294 0.1814 0.7178 0.0558 0.0159
207 0.0414 0.1731 0.7520 0.0225 0.0112
208 0.0157 0.1774 0.7822 0.0170 0.0075
209 0.0180 0.1694 0.7959 0.0068 0.0099
210 0.1403 0.2812 0.2190 0.1602 0.1993
211 0.1086 0.2076 0.2837 0.3267 0.0734
212 0.0731 0.4512 0.3513 0.0483 0.0760
213 0.2338 0.2690 0.2690 0.1533 0.0747
214 0.0596 0.1571 0.0655 0.3352 0.3828
215 0.1820 0.4399 0.0685 0.0916 0.2179
216 0.0279 0.2130 0.4106 0.2032 0.1453
217 0.0495 0.1942 0.6621 0.0698 0.0245
218 0.0809 0.1196 0.0583 0.5840 0.1572
219 0.0156 0.2124 0.7188 0.0323 0.0210
220 0.0214 0.0887 0.5107 0.1821 0.1969
221 0.0173 0.0968 0.6934 0.0803 0.1123
222 0.2255 0.3865 0.1663 0.0773 0.1444
223 0.1255 0.4214 0.1943 0.1663 0.0925
224 0.2472 0.1097 0.0953 0.3857 0.1621
225 0.1837 0.3459 0.1030 0.1837 0.1837
226 0.0255 0.1125 0.0472 0.7686 0.0462
227 0.0471 0.4167 0.4797 0.0321 0.0243
228 0.0217 0.2040 0.6689 0.0524 0.0532
229 0.0242 0.2834 0.6001 0.0442 0.0481
230 0.0063 0.2029 0.7656 0.0233 0.0020
231 0.0137 0.2163 0.7202 0.0433 0.0064
232 0.0230 0.2017 0.7148 0.0490 0.0113
233 0.0720 0.1179 0.6079 0.0424 0.1598
234 0.0802 0.4041 0.3457 0.0180 0.1522
235 0.0595 0.2159 0.5386 0.0094 0.1763
236 0.2083 0.3713 0.2891 0.0510 0.0803
237 0.0341 0.5947 0.1857 0.0269 0.1588
238 0.1398 0.3540 0.2512 0.1196 0.1355
239 0.0486 0.2566 0.4871 0.0446 0.1631
240 0.0373 0.2803 0.6118 0.0400 0.0305
241 0.0437 0.2021 0.6133 0.0527 0.0883
242 0.0389 0.1247 0.7007 0.0414 0.0941
243 0.0436 0.1608 0.4839 0.1608 0.1510
244 0.0290 0.2017 0.6211 0.0748 0.0736
245 0.0128 0.1298 0.6694 0.1163 0.0717
246 0.0384 0.1951 0.4065 0.3020 0.0581
247 0.0277 0.3569 0.3860 0.1080 0.1215
248 0.0322 0.0925 0.2290 0.5938 0.0523
249 0.0605 0.1863 0.3535 0.3647 0.0350
250 0.0541 0.0764 0.6196 0.2012 0.0486
251 0.0652 0.2170 0.6899 0.0126 0.0155
252 0.0430 0.2532 0.5791 0.1141 0.0107
253 0.0483 0.1072 0.4956 0.2915 0.0574
254 0.0663 0.3672 0.4644 0.0723 0.0297
255 0.1902 0.2922 0.3210 0.0979 0.0987
256 0.0415 0.6001 0.2042 0.0341 0.1201
257 0.1030 0.3708 0.1658 0.1620 0.1985
258 0.0648 0.6104 0.1847 0.0367 0.1036
259 0.0679 0.4746 0.2622 0.0885 0.1068
260 0.1107 0.3987 0.2382 0.1090 0.1433
261 0.0324 0.1622 0.6831 0.1098 0.0123
262 0.1038 0.4436 0.3003 0.1071 0.0453
263 0.0797 0.1115 0.6025 0.0454 0.1609
264 0.1370 0.0751 0.6436 0.0608 0.0837
265 0.0591 0.4910 0.1683 0.1121 0.1697
266 0.0360 0.7231 0.0986 0.0272 0.1153
267 0.0320 0.4448 0.1478 0.2399 0.1356
268 0.0887 0.2336 0.1921 0.0690 0.4165
269 0.0641 0.3606 0.2854 0.1208 0.1691
270 0.1075 0.6235 0.1589 0.0150 0.0949
271 0.0629 0.2393 0.4910 0.0930 0.1139
272 0.1703 0.3230 0.1526 0.2517 0.1025
273 0.0035 0.2012 0.7588 0.0268 0.0096
274 0.0868 0.0790 0.5747 0.2251 0.0345
275 0.0548 0.1274 0.6177 0.1797 0.0203
276 0.0454 0.0954 0.7861 0.0450 0.0280
277 0.0478 0.1903 0.5957 0.1155 0.0508
278 0.1077 0.5425 0.1906 0.1351 0.0240
279 0.0406 0.1055 0.6880 0.0895 0.0765
280 0.0615 0.1293 0.5840 0.1866 0.0388
281 0.0823 0.0414 0.3691 0.1915 0.3157
282 0.0227 0.0757 0.1948 0.6001 0.1068
283 0.0417 0.0829 0.2849 0.3228 0.2676
284 0.0972 0.2073 0.1678 0.1666 0.3611
285 0.0873 0.2266 0.3350 0.0923 0.2588
286 0.0571 0.2207 0.3445 0.1392 0.2386
287 0.0744 0.3469 0.2681 0.0919 0.2188
288 0.0848 0.2612 0.3569 0.0968 0.2002
289 0.1667 0.2522 0.3877 0.0529 0.1404
290 0.0892 0.2028 0.2881 0.1249 0.2949
291 0.0753 0.2213 0.3794 0.1908 0.1332
292 0.1092 0.0934 0.3210 0.2991 0.1772
293 0.0506 0.1621 0.2844 0.1080 0.3950
294 0.0224 0.1603 0.6338 0.0751 0.1085
295 0.0726 0.1689 0.6577 0.0229 0.0779
296 0.0149 0.1666 0.7944 0.0119 0.0120
297 0.0433 0.1714 0.6621 0.0191 0.1039
298 0.0487 0.1168 0.7271 0.0931 0.0145
299 0.0903 0.3572 0.3303 0.1421 0.0803
300 0.0461 0.1366 0.3569 0.1454 0.3149
301 0.0131 0.4019 0.5581 0.0178 0.0093
302 0.0387 0.6812 0.1709 0.0820 0.0273
303 0.0123 0.1917 0.7700 0.0055 0.0205
304 0.0886 0.2974 0.2625 0.2465 0.1052
305 0.0719 0.4839 0.3298 0.0649 0.0494
306 0.0219 0.4031 0.5425 0.0301 0.0027
307 0.1158 0.2712 0.3538 0.1632 0.0959
308 0.1572 0.1687 0.3831 0.2167 0.0743
309 0.0391 0.0577 0.4910 0.3706 0.0416
310 0.1061 0.0446 0.8022 0.0428 0.0042
311 0.1057 0.1943 0.5239 0.1235 0.0523
312 0.0914 0.2144 0.4363 0.2029 0.0550
313 0.0753 0.1953 0.2129 0.2734 0.2432
314 0.0814 0.3298 0.4302 0.0605 0.0982
315 0.0562 0.1505 0.3499 0.3040 0.1392
316 0.0464 0.3706 0.3096 0.0765 0.1968
317 0.0574 0.6777 0.2200 0.0335 0.0116
318 0.0569 0.3376 0.4912 0.0640 0.0502
319 0.0356 0.2399 0.5620 0.0984 0.0640
320 0.0537 0.1351 0.6650 0.0776 0.0685
321 0.0301 0.2365 0.5161 0.0496 0.1676
322 0.0175 0.1053 0.2776 0.5781 0.0214
323 0.0354 0.4854 0.2876 0.0524 0.1390
324 0.0440 0.4312 0.3203 0.1216 0.0829
325 0.0818 0.2766 0.3933 0.0668 0.1815
326 0.0304 0.2771 0.3477 0.0590 0.2859
327 0.0366 0.3140 0.4429 0.0988 0.1077
328 0.0377 0.3550 0.5327 0.0566 0.0181
329 0.0404 0.3547 0.4214 0.1467 0.0365
330 0.0562 0.1993 0.2443 0.2520 0.2482
331 0.0382 0.4207 0.2825 0.0692 0.1896
332 0.1329 0.2279 0.1320 0.2191 0.2881
333 0.0332 0.2471 0.2590 0.2800 0.1808
334 0.0765 0.1570 0.2712 0.3708 0.1242
335 0.0950 0.2369 0.2296 0.2124 0.2261
336 0.0893 0.3560 0.2408 0.1484 0.1655
337 0.1048 0.2634 0.1840 0.2325 0.2151
338 0.0979 0.1287 0.3086 0.3901 0.0745
339 0.0933 0.3779 0.3440 0.1327 0.0519
340 0.0608 0.2056 0.4780 0.1328 0.1228
341 0.0696 0.1544 0.4719 0.1709 0.1331
342 0.0899 0.2925 0.4392 0.1318 0.0466
343 0.0584 0.3013 0.4055 0.1857 0.0492
344 0.0514 0.4014 0.4077 0.0881 0.0514
345 0.0098 0.5005 0.2220 0.2556 0.0123
346 0.1753 0.3076 0.1753 0.3274 0.0143
347 0.0161 0.1044 0.8608 0.0103 0.0082
348 0.0363 0.1744 0.7700 0.0143 0.0051
349 0.0615 0.3350 0.3401 0.2266 0.0370
350 0.0271 0.6177 0.2698 0.0386 0.0469
351 0.0529 0.2128 0.2411 0.3975 0.0959
352 0.0359 0.1088 0.6113 0.1149 0.1292
353 0.0510 0.0946 0.6416 0.0687 0.1443
354 0.0701 0.1720 0.5215 0.1044 0.1320
355 0.0177 0.3909 0.3140 0.2262 0.0513
356 0.0283 0.1833 0.1722 0.5737 0.0425
357 0.0576 0.4258 0.3584 0.1339 0.0242
358 0.0233 0.5029 0.2339 0.1608 0.0790
359 0.0386 0.5039 0.2783 0.0940 0.0849
360 0.0230 0.1304 0.7046 0.1064 0.0354
361 0.1490 0.2401 0.4180 0.1400 0.0527
362 0.0922 0.1364 0.6450 0.0833 0.0429
363 0.0946 0.0687 0.7383 0.0552 0.0433
364 0.0257 0.5659 0.1987 0.2018 0.0078
365 0.0980 0.2900 0.3237 0.2405 0.0477
366 0.0854 0.4204 0.2358 0.2433 0.0151
367 0.1466 0.3833 0.2986 0.1598 0.0116
368 0.0976 0.3276 0.2632 0.2512 0.0602
369 0.0575 0.3606 0.3960 0.1390 0.0469
370 0.1992 0.3184 0.3037 0.1704 0.0082
371 0.1202 0.2583 0.4260 0.1776 0.0179
372 0.2664 0.2542 0.1775 0.2881 0.0140
373 0.0527 0.4175 0.3408 0.0282 0.1609
374 0.1082 0.3494 0.2256 0.0469 0.2700
375 0.0728 0.3364 0.2620 0.0296 0.2993
376 0.0686 0.4204 0.2198 0.0322 0.2590
377 0.1694 0.3560 0.2859 0.0219 0.1667
378 0.1129 0.6006 0.2075 0.0581 0.0209
379 0.0761 0.1943 0.4246 0.1526 0.1526
380 0.0356 0.3684 0.1674 0.1714 0.2573
381 0.0455 0.6045 0.1887 0.0496 0.1118
382 0.0948 0.4854 0.3608 0.0139 0.0451
383 0.0984 0.2183 0.5444 0.0815 0.0574
384 0.1376 0.2800 0.5151 0.0288 0.0385
385 0.1140 0.4041 0.4509 0.0097 0.0213
386 0.0580 0.4216 0.2922 0.0289 0.1992
387 0.0941 0.2898 0.4119 0.1033 0.1010
388 0.0517 0.3369 0.1748 0.1249 0.3115
389 0.0232 0.7119 0.1801 0.0431 0.0417
390 0.0444 0.2852 0.2742 0.0602 0.3359
391 0.0998 0.5479 0.2321 0.0471 0.0730
392 0.0645 0.3198 0.3569 0.0861 0.1726
393 0.0684 0.3394 0.2386 0.1844 0.1693
394 0.0702 0.1953 0.4910 0.1364 0.1071
395 0.0520 0.1136 0.4060 0.0757 0.3528
396 0.0673 0.2225 0.5635 0.0274 0.1191
397 0.0343 0.3108 0.3059 0.0184 0.3308
398 0.0387 0.2993 0.6240 0.0233 0.0146
399 0.0425 0.3164 0.5640 0.0294 0.0474
400 0.0358 0.4321 0.4189 0.0144 0.0987
401 0.1026 0.2744 0.4561 0.0540 0.1127
402 0.0312 0.0887 0.4507 0.2231 0.2063
403 0.0429 0.1243 0.5400 0.1282 0.1647
404 0.1000 0.1622 0.4412 0.2361 0.0606
405 0.1136 0.1448 0.4028 0.2424 0.0964
406 0.0746 0.2246 0.5737 0.0464 0.0807
407 0.1078 0.1864 0.5923 0.0406 0.0730
408 0.0414 0.1492 0.6792 0.1109 0.0193
409 0.1250 0.1967 0.4905 0.0826 0.1052
410 0.1705 0.2312 0.3582 0.1932 0.0470
411 0.1179 0.1490 0.2595 0.4246 0.0488
412 0.0353 0.0953 0.6123 0.1957 0.0616
413 0.1312 0.1498 0.5654 0.0828 0.0708
414 0.0640 0.2379 0.6470 0.0300 0.0211
415 0.0502 0.2032 0.1030 0.2032 0.4404
416 0.0949 0.1403 0.3210 0.1978 0.2461
417 0.0595 0.2773 0.2646 0.1340 0.2646
418 0.1149 0.1659 0.1821 0.3826 0.1545
419 0.1053 0.1835 0.2266 0.2864 0.1984
420 0.0630 0.1431 0.5151 0.1672 0.1115
421 0.0796 0.1851 0.4106 0.1522 0.1725
422 0.0687 0.1082 0.6128 0.1324 0.0779
423 0.0765 0.2469 0.3025 0.2489 0.1251
424 0.0525 0.2729 0.2817 0.1111 0.2817
425 0.0451 0.1730 0.3157 0.3691 0.0970
426 0.0589 0.2578 0.4893 0.1162 0.0780
427 0.0451 0.1588 0.6895 0.1041 0.0023
428 0.0851 0.0558 0.5176 0.1934 0.1482
429 0.0508 0.3669 0.3342 0.2369 0.0109
430 0.0541 0.1815 0.2173 0.2260 0.3210
431 0.0828 0.2471 0.3511 0.1453 0.1738
432 0.0350 0.1571 0.3174 0.1476 0.3430
433 0.0198 0.2354 0.5142 0.0859 0.1450
434 0.0603 0.1458 0.5674 0.2023 0.0244
435 0.0360 0.1678 0.3340 0.3965 0.0657
436 0.0213 0.6523 0.1702 0.1265 0.0300
437 0.0389 0.3491 0.2634 0.2515 0.0970
438 0.0266 0.3069 0.5303 0.1129 0.0235
439 0.0307 0.3101 0.3003 0.3457 0.0132
440 0.0164 0.2422 0.6284 0.1066 0.0066
441 0.0041 0.7197 0.2062 0.0564 0.0137
442 0.0240 0.1444 0.5894 0.2135 0.0287
443 0.0307 0.1781 0.4839 0.2081 0.0991
444 0.0284 0.2595 0.4924 0.1490 0.0704
445 0.0182 0.2476 0.5078 0.1561 0.0704
446 0.0353 0.3770 0.3379 0.1047 0.1453
447 0.0370 0.0937 0.6255 0.2162 0.0277
448 0.0388 0.2180 0.6357 0.0938 0.0138
449 0.0259 0.1758 0.7065 0.0768 0.0151
450 0.0472 0.3464 0.4961 0.1008 0.0095
451 0.0757 0.1019 0.7769 0.0146 0.0308
452 0.0709 0.0977 0.4695 0.2759 0.0862
453 0.0211 0.3145 0.5605 0.0186 0.0853
454 0.0343 0.1783 0.4414 0.1757 0.1702
455 0.0696 0.2129 0.2820 0.3508 0.0847
456 0.0390 0.1437 0.4290 0.3447 0.0435
457 0.0189 0.1146 0.2427 0.1775 0.4463
458 0.0177 0.0408 0.1947 0.1746 0.5723
459 0.0365 0.1243 0.4619 0.0790 0.2983
460 0.0393 0.1732 0.1993 0.1172 0.4709
461 0.0298 0.0829 0.3154 0.0911 0.4810
462 0.0227 0.0964 0.6484 0.1026 0.1298
463 0.0301 0.1759 0.5088 0.1732 0.1118
464 0.0131 0.1689 0.6685 0.1217 0.0280
465 0.0113 0.2039 0.6582 0.1002 0.0265
466 0.0131 0.0522 0.8960 0.0376 0.0011
467 0.0059 0.0812 0.9004 0.0068 0.0055
468 0.0090 0.0925 0.8501 0.0457 0.0027
469 0.0085 0.1051 0.8525 0.0274 0.0063
470 0.0263 0.2477 0.5327 0.1550 0.0383
471 0.0109 0.4651 0.4370 0.0271 0.0601
472 0.0127 0.5122 0.4312 0.0234 0.0208
473 0.0581 0.1709 0.5781 0.0446 0.1484
474 0.0051 0.0862 0.8706 0.0163 0.0215
475 0.0155 0.1136 0.7764 0.0308 0.0637
476 0.0069 0.7070 0.2727 0.0082 0.0051
477 0.0216 0.6367 0.2654 0.0237 0.0523
478 0.0396 0.1035 0.1393 0.6963 0.0214
479 0.1332 0.5693 0.1709 0.0702 0.0564
480 0.0723 0.4324 0.1566 0.3213 0.0177
481 0.0470 0.2727 0.6006 0.0638 0.0160
482 0.0457 0.3599 0.4014 0.0257 0.1674
483 0.0260 0.2932 0.5830 0.0275 0.0702
484 0.0793 0.1018 0.3552 0.4219 0.0418
485 0.1080 0.4045 0.3743 0.0766 0.0365
486 0.0728 0.2834 0.4746 0.1615 0.0076
487 0.0101 0.3513 0.4370 0.1559 0.0457
488 0.0994 0.2054 0.4248 0.2136 0.0566
489 0.0698 0.3228 0.5078 0.0829 0.0168
490 0.0098 0.2206 0.5635 0.1978 0.0086
491 0.0239 0.3535 0.4832 0.1241 0.0152
492 0.0211 0.3574 0.4312 0.1742 0.0163
493 0.0256 0.7476 0.1832 0.0149 0.0285
494 0.0224 0.5132 0.2791 0.1392 0.0463
495 0.0361 0.4292 0.3970 0.0729 0.0648
496 0.0566 0.3958 0.3777 0.0856 0.0843
497 0.1459 0.2791 0.4355 0.0455 0.0942
498 0.0330 0.2363 0.5625 0.1456 0.0225
499 0.0565 0.2695 0.4014 0.1824 0.0903
500 0.0786 0.1090 0.7109 0.0911 0.0104
501 0.0887 0.1212 0.5737 0.1833 0.0331
502 0.0274 0.1588 0.7461 0.0558 0.0121
503 0.0420 0.1986 0.7041 0.0413 0.0141
504 0.0504 0.0878 0.0878 0.6099 0.1641
505 0.4338 0.1713 0.0953 0.1187 0.1809
506 0.0535 0.5400 0.2217 0.1055 0.0790
507 0.0206 0.2015 0.2712 0.3826 0.1241
508 0.1373 0.1532 0.3000 0.2488 0.1606
509 0.0376 0.0875 0.5356 0.2959 0.0433
510 0.0702 0.1070 0.5522 0.2301 0.0406
511 0.0416 0.1223 0.2629 0.5479 0.0252
512 0.0445 0.1530 0.6338 0.1578 0.0109
513 0.0231 0.2228 0.6548 0.0801 0.0192
514 0.0877 0.2578 0.5049 0.1025 0.0473
515 0.0525 0.1804 0.1832 0.3293 0.2544
516 0.0211 0.0307 0.8691 0.0332 0.0461
517 0.0361 0.0601 0.8423 0.0361 0.0254
518 0.0232 0.2534 0.6997 0.0174 0.0065
519 0.1736 0.2429 0.5264 0.0342 0.0228
520 0.0721 0.1162 0.7231 0.0504 0.0380
521 0.0334 0.1735 0.7534 0.0090 0.0306
522 0.0555 0.1343 0.7261 0.0058 0.0783
523 0.1156 0.2861 0.3293 0.1508 0.1183
524 0.0562 0.4775 0.3838 0.0255 0.0570
525 0.0657 0.0553 0.3550 0.4705 0.0536
526 0.0335 0.1208 0.6230 0.0941 0.1285
527 0.0469 0.1346 0.5244 0.0612 0.2328
528 0.0156 0.3154 0.5708 0.0330 0.0651
529 0.0065 0.7153 0.2114 0.0132 0.0535
530 0.0441 0.1787 0.4155 0.1830 0.1787
531 0.0191 0.1515 0.1945 0.2169 0.4182
532 0.0245 0.1265 0.2219 0.2495 0.3774
533 0.0359 0.1512 0.4377 0.3203 0.0548
534 0.0491 0.1941 0.4880 0.2306 0.0382
535 0.1267 0.3872 0.3635 0.0532 0.0694
536 0.1016 0.4414 0.3687 0.0287 0.0597
537 0.0988 0.4712 0.3340 0.0292 0.0668
538 0.0650 0.5571 0.3225 0.0156 0.0397
539 0.0691 0.4507 0.4104 0.0135 0.0564
540 0.0823 0.5669 0.2896 0.0098 0.0515
541 0.0587 0.2252 0.2252 0.4143 0.0766
542 0.0383 0.2382 0.3057 0.3630 0.0548
543 0.0896 0.0855 0.3030 0.4768 0.0450
544 0.0914 0.3191 0.2905 0.1270 0.1721
545 0.0793 0.0913 0.6143 0.1393 0.0757
546 0.0556 0.1926 0.6938 0.0395 0.0183
547 0.1611 0.3896 0.3411 0.0251 0.0829
548 0.1159 0.5278 0.2378 0.0195 0.0991
549 0.0299 0.0577 0.8218 0.0789 0.0119
550 0.0269 0.1091 0.8315 0.0238 0.0088
551 0.0230 0.0472 0.8779 0.0392 0.0127
552 0.0241 0.3713 0.2739 0.1782 0.1525
553 0.0424 0.1963 0.2009 0.4026 0.1577
554 0.0396 0.1279 0.2300 0.2930 0.3093
555 0.0406 0.2128 0.3047 0.4165 0.0254
556 0.0479 0.1105 0.7432 0.0840 0.0143
557 0.0654 0.3645 0.4067 0.0846 0.0789
558 0.0410 0.1151 0.7051 0.1116 0.0273
559 0.0446 0.1299 0.7476 0.0590 0.0189
560 0.0371 0.3901 0.1902 0.2559 0.1267
561 0.0762 0.2480 0.3499 0.1328 0.1931
562 0.0260 0.2277 0.4221 0.1653 0.1589
563 0.0892 0.3240 0.1329 0.3188 0.1350
564 0.0256 0.2249 0.6611 0.0742 0.0144
565 0.0249 0.1575 0.5854 0.2119 0.0203
566 0.0561 0.1098 0.3127 0.4480 0.0732
567 0.0324 0.0702 0.7969 0.0610 0.0394
568 0.0249 0.2747 0.3472 0.0912 0.2620
569 0.1466 0.4175 0.2133 0.1244 0.0984
570 0.0297 0.3823 0.5308 0.0397 0.0176
571 0.0504 0.0831 0.2056 0.4421 0.2189
572 0.0074 0.4683 0.4070 0.0908 0.0266
573 0.3677 0.1998 0.2527 0.1053 0.0746
574 0.2253 0.1098 0.3601 0.1942 0.1107
575 0.2910 0.1545 0.2130 0.1038 0.2375
576 0.1172 0.0537 0.2683 0.4934 0.0673
577 0.0810 0.1151 0.4446 0.1754 0.1838
578 0.0122 0.5293 0.0919 0.2104 0.1564
579 0.0720 0.0479 0.1224 0.6025 0.1548
580 0.0856 0.0978 0.1930 0.1785 0.4451
581 0.1005 0.0501 0.0873 0.5967 0.1656
582 0.0737 0.0665 0.1925 0.6025 0.0650
583 0.0880 0.1270 0.1362 0.5430 0.1061
584 0.2179 0.4167 0.1204 0.0867 0.1582
585 0.0222 0.7061 0.2222 0.0045 0.0451
586 0.0259 0.0565 0.1824 0.6670 0.0682
587 0.0801 0.1736 0.3118 0.3293 0.1053
588 0.1168 0.4341 0.2759 0.0468 0.1263
589 0.1039 0.3984 0.1897 0.1196 0.1882
590 0.0699 0.3962 0.2294 0.0805 0.2240
591 0.0664 0.4163 0.1461 0.0419 0.3293
592 0.0640 0.1648 0.7100 0.0472 0.0138
593 0.0200 0.1375 0.7974 0.0410 0.0043
594 0.0343 0.1912 0.5444 0.2167 0.0132
595 0.0540 0.1057 0.8062 0.0144 0.0197
596 0.0771 0.2888 0.5151 0.0471 0.0719
597 0.1045 0.4006 0.4331 0.0123 0.0494
598 0.1049 0.1730 0.6475 0.0398 0.0349
599 0.0439 0.5645 0.1982 0.0482 0.1450
600 0.0661 0.0918 0.1356 0.4963 0.2101
601 0.0367 0.2062 0.3618 0.3674 0.0279
602 0.0721 0.3311 0.2920 0.0683 0.2366
603 0.0770 0.4197 0.3169 0.0435 0.1428
604 0.0147 0.0493 0.9297 0.0025 0.0038
605 0.0225 0.4490 0.4932 0.0079 0.0276
606 0.1510 0.1251 0.3977 0.1354 0.1908
607 0.0293 0.2756 0.6113 0.0789 0.0050
608 0.0442 0.2074 0.5054 0.2174 0.0256
609 0.0753 0.1222 0.4648 0.0685 0.2690
610 0.0342 0.3005 0.1283 0.0257 0.5112
611 0.0568 0.0595 0.7310 0.0493 0.1036
612 0.0383 0.0993 0.5044 0.1514 0.2069
613 0.0622 0.1492 0.3259 0.1050 0.3579
614 0.0262 0.0551 0.8750 0.0347 0.0087
615 0.1223 0.2629 0.5396 0.0182 0.0573
616 0.1621 0.4338 0.2937 0.0275 0.0828
617 0.1060 0.3848 0.3396 0.0669 0.1028
618 0.2205 0.2517 0.2722 0.0500 0.2056
619 0.2056 0.1539 0.3015 0.2172 0.1218
620 0.1469 0.1092 0.4932 0.1857 0.0652
621 0.0674 0.0839 0.4539 0.3372 0.0577
622 0.0991 0.1398 0.2778 0.2181 0.2651
623 0.0709 0.2052 0.4624 0.1741 0.0875
624 0.1423 0.2439 0.3181 0.0278 0.2678
625 0.0381 0.3289 0.5508 0.0235 0.0590
626 0.0189 0.2192 0.5869 0.1580 0.0170
627 0.1101 0.2242 0.4565 0.1172 0.0920
628 0.0895 0.1396 0.3376 0.3174 0.1158
629 0.0820 0.1670 0.3792 0.1736 0.1982
630 0.0537 0.1404 0.3643 0.3877 0.0541
631 0.1227 0.0793 0.6235 0.0751 0.0994
632 0.0687 0.2434 0.3770 0.1941 0.1168
633 0.0953 0.3711 0.4077 0.0298 0.0961
634 0.0796 0.1293 0.4043 0.2322 0.1547
635 0.1549 0.1367 0.2253 0.3130 0.1702
636 0.1030 0.1176 0.3650 0.2610 0.1534
637 0.1096 0.3298 0.2866 0.0945 0.1793
638 0.0870 0.1091 0.4385 0.2876 0.0780
639 0.0110 0.1107 0.8701 0.0036 0.0045
640 0.1415 0.1554 0.3501 0.2502 0.1027
641 0.0717 0.3020 0.3938 0.1077 0.1249
642 0.1267 0.2241 0.6094 0.0213 0.0185
643 0.1741 0.1466 0.3103 0.2532 0.1159
644 0.1509 0.1212 0.4004 0.2128 0.1147
645 0.1630 0.1555 0.3345 0.1669 0.1804
646 0.1704 0.1317 0.2402 0.1368 0.3208
647 0.0280 0.0673 0.8521 0.0336 0.0191
648 0.0397 0.0753 0.2671 0.5146 0.1030
649 0.0480 0.2054 0.3899 0.2722 0.0844
650 0.0087 0.4841 0.2632 0.1648 0.0790
651 0.0496 0.0637 0.2947 0.5254 0.0668
652 0.0408 0.0857 0.6230 0.2329 0.0174
653 0.0638 0.1722 0.6396 0.1053 0.0189
654 0.0362 0.1754 0.2676 0.4922 0.0286
655 0.0547 0.2266 0.4104 0.2690 0.0394
656 0.0370 0.0945 0.5786 0.2451 0.0446
657 0.2151 0.1688 0.3774 0.1715 0.0671
658 0.0598 0.1504 0.6138 0.1652 0.0110
659 0.0325 0.2361 0.5278 0.1304 0.0731
660 0.0214 0.5098 0.4500 0.0093 0.0093
661 0.0301 0.2769 0.3042 0.3611 0.0278
662 0.0197 0.1754 0.5938 0.2019 0.0094
663 0.0511 0.1081 0.4343 0.3601 0.0465
664 0.1053 0.1104 0.1395 0.6299 0.0148
665 0.0501 0.0915 0.3372 0.5063 0.0148
666 0.0246 0.2793 0.6245 0.0669 0.0045
667 0.0405 0.0806 0.4565 0.4028 0.0194
668 0.0509 0.1427 0.1775 0.5732 0.0559
669 0.0519 0.0656 0.4553 0.4146 0.0126
670 0.0516 0.1449 0.7241 0.0435 0.0358
671 0.1006 0.1376 0.6118 0.0834 0.0665
672 0.0276 0.4629 0.0607 0.3577 0.0911
673 0.0281 0.4541 0.4541 0.0569 0.0066
674 0.2148 0.1283 0.3174 0.3125 0.0269
675 0.0709 0.1561 0.4519 0.2917 0.0293
676 0.0203 0.2324 0.5322 0.1897 0.0255
677 0.0364 0.2605 0.1967 0.0833 0.4231
678 0.1300 0.1791 0.5347 0.1241 0.0321
679 0.0963 0.1153 0.5088 0.2639 0.0160
680 0.1293 0.2034 0.3101 0.2825 0.0748
681 0.0724 0.0582 0.5874 0.2688 0.0132
682 0.0880 0.2910 0.1792 0.2450 0.1969
683 0.1407 0.0923 0.4473 0.2048 0.1149
684 0.1006 0.0703 0.1940 0.5615 0.0737
685 0.0599 0.2025 0.4028 0.3186 0.0161
686 0.0294 0.0452 0.9014 0.0224 0.0018
687 0.0506 0.0814 0.2015 0.6509 0.0157
688 0.0735 0.0712 0.6060 0.2373 0.0122
689 0.0283 0.1240 0.3318 0.4980 0.0179
690 0.0838 0.3342 0.2314 0.3091 0.0415
691 0.1608 0.1301 0.4873 0.1908 0.0309
692 0.1273 0.2803 0.2323 0.3542 0.0060
693 0.0649 0.1417 0.3853 0.3677 0.0406
694 0.0599 0.0928 0.2157 0.6050 0.0266
695 0.0581 0.1764 0.5347 0.1848 0.0460
696 0.1486 0.1594 0.1658 0.4041 0.1223
697 0.0643 0.2522 0.5864 0.0935 0.0038
698 0.0125 0.5557 0.3938 0.0147 0.0235
699 0.1109 0.2479 0.2681 0.3159 0.0571
700 0.0147 0.7080 0.2524 0.0026 0.0221
701 0.0119 0.4946 0.4575 0.0082 0.0277
702 0.3374 0.2000 0.1937 0.2014 0.0675
703 0.2676 0.4246 0.1637 0.0977 0.0465
704 0.0067 0.4485 0.2401 0.2021 0.1025
705 0.0077 0.5679 0.2559 0.0204 0.1481
706 0.0808 0.2671 0.3052 0.3027 0.0443
707 0.0545 0.0964 0.3367 0.2542 0.2581
708 0.0560 0.1498 0.2910 0.4368 0.0665
709 0.1075 0.3313 0.3064 0.2423 0.0125
710 0.1067 0.3752 0.3159 0.1917 0.0106
711 0.1029 0.2568 0.2820 0.2979 0.0605
712 0.0277 0.1671 0.3826 0.4202 0.0026
713 0.0056 0.6846 0.1992 0.0637 0.0470
714 0.0063 0.6709 0.2145 0.0783 0.0300
715 0.0540 0.4087 0.2311 0.1962 0.1100
716 0.0236 0.3521 0.2874 0.2964 0.0404
717 0.0590 0.0943 0.4568 0.3557 0.0341
718 0.0628 0.0886 0.4360 0.3291 0.0833
719 0.0669 0.0958 0.4226 0.3909 0.0237
720 0.1173 0.0957 0.2091 0.5093 0.0684
721 0.1372 0.1592 0.3423 0.3020 0.0595
722 0.0854 0.2888 0.2549 0.3540 0.0170
723 0.0654 0.3271 0.3271 0.2588 0.0214
724 0.0610 0.4338 0.4915 0.0100 0.0037
725 0.1027 0.1110 0.7017 0.0800 0.0047
726 0.0601 0.0635 0.7495 0.1224 0.0046
727 0.0170 0.0792 0.8643 0.0349 0.0047
728 0.0251 0.1627 0.7070 0.0920 0.0133
729 0.0363 0.1841 0.4182 0.3181 0.0434
730 0.1455 0.1840 0.3774 0.2717 0.0215
731 0.1819 0.2078 0.4683 0.1147 0.0275
732 0.1073 0.1927 0.3687 0.3103 0.0210
733 0.0439 0.1566 0.3877 0.3938 0.0179
734 0.0464 0.1910 0.4583 0.2913 0.0129
735 0.1321 0.1384 0.6348 0.0759 0.0187
736 0.0589 0.0452 0.1815 0.7065 0.0079
737 0.0419 0.1104 0.3564 0.4578 0.0334
738 0.1094 0.0546 0.6807 0.1495 0.0058
739 0.2896 0.1929 0.4180 0.0732 0.0265
740 0.1869 0.2437 0.3574 0.1160 0.0962
741 0.0914 0.1060 0.6294 0.1578 0.0154
742 0.0240 0.1588 0.6479 0.1423 0.0272
743 0.0280 0.5195 0.4109 0.0379 0.0040
744 0.0663 0.1128 0.5298 0.2793 0.0119
745 0.0257 0.0206 0.0245 0.0374 0.8916
746 0.0492 0.0579 0.7690 0.1161 0.0079
747 0.0490 0.0764 0.8022 0.0629 0.0094
748 0.1065 0.0767 0.6948 0.1082 0.0140
749 0.7739 0.0356 0.1488 0.0295 0.0123
750 0.7153 0.0289 0.1809 0.0556 0.0191
751 0.7300 0.0352 0.1747 0.0456 0.0147
752 0.6948 0.0368 0.2023 0.0473 0.0187
753 0.7515 0.0298 0.1538 0.0469 0.0182
754 0.7524 0.0344 0.1627 0.0336 0.0170
755 0.1791 0.1310 0.5781 0.0958 0.0161
756 0.0947 0.1254 0.2134 0.5117 0.0548
757 0.5205 0.0363 0.0181 0.3469 0.0780
758 0.7852 0.0249 0.0284 0.0902 0.0714
759 0.8286 0.0224 0.0339 0.0654 0.0494
760 0.8066 0.0181 0.0240 0.1066 0.0445
761 0.6299 0.0399 0.0373 0.1833 0.1095
762 0.5405 0.0635 0.1549 0.0862 0.1549
763 0.6431 0.1218 0.1412 0.0257 0.0683
764 0.6899 0.1058 0.0837 0.0508 0.0699
765 0.5894 0.1000 0.1400 0.0761 0.0947
766 0.5771 0.1393 0.1459 0.0558 0.0818
767 0.0502 0.0908 0.5786 0.2179 0.0624
768 0.0940 0.0876 0.2457 0.5449 0.0276
769 0.0811 0.0274 0.0947 0.7393 0.0575
770 0.3010 0.0151 0.0480 0.6079 0.0278
771 0.2101 0.0161 0.0842 0.6729 0.0167
772 0.3501 0.0872 0.1003 0.3967 0.0658
773 0.1523 0.0465 0.0302 0.7383 0.0327
774 0.2198 0.0961 0.2148 0.4238 0.0454
775 0.3450 0.1818 0.0695 0.3699 0.0339
776 0.3110 0.1277 0.0389 0.4780 0.0441
777 0.2346 0.1041 0.1445 0.4927 0.0242
778 0.5156 0.0925 0.0671 0.3103 0.0144
779 0.4260 0.0981 0.0794 0.3850 0.0114
780 0.4531 0.0220 0.1382 0.3784 0.0083
781 0.7720 0.0345 0.1005 0.0866 0.0067
782 0.7515 0.0562 0.1226 0.0544 0.0155
783 0.4978 0.0334 0.1483 0.2837 0.0369
784 0.6499 0.0614 0.0997 0.1804 0.0086
785 0.5615 0.0495 0.1536 0.1987 0.0367
786 0.3706 0.0266 0.1984 0.3853 0.0190
787 0.4878 0.0247 0.2148 0.2050 0.0676
788 0.5605 0.0195 0.1061 0.2605 0.0534
789 0.2302 0.0309 0.1194 0.5610 0.0582
790 0.4036 0.0229 0.2566 0.2839 0.0329
791 0.3352 0.0468 0.2866 0.2957 0.0356
792 0.4602 0.0313 0.1329 0.3237 0.0516
793 0.5181 0.0600 0.1250 0.2646 0.0321
794 0.3228 0.0682 0.2201 0.3254 0.0635
795 0.2812 0.0972 0.2074 0.3997 0.0145
796 0.2605 0.0886 0.2045 0.4431 0.0034
797 0.3684 0.1081 0.1283 0.3892 0.0059
798 0.3176 0.0969 0.0939 0.4883 0.0033
799 0.5483 0.0874 0.0809 0.2800 0.0036
800 0.3645 0.1147 0.1351 0.3818 0.0039
801 0.3750 0.0716 0.1638 0.3838 0.0058
802 0.3542 0.0731 0.2472 0.3225 0.0030
803 0.4661 0.1729 0.1729 0.1840 0.0043
804 0.2866 0.1396 0.2064 0.3621 0.0053
805 0.3274 0.1149 0.1925 0.3623 0.0028
806 0.4951 0.0991 0.2048 0.1924 0.0086
807 0.4077 0.1106 0.2825 0.1881 0.0113
808 0.4976 0.0673 0.1448 0.2581 0.0323
809 0.3782 0.0948 0.1576 0.3286 0.0408
810 0.2037 0.2830 0.2496 0.2310 0.0327
811 0.2037 0.2830 0.2496 0.2310 0.0327
