time exciting_prob fearful_prob tense_prob sad_prob relaxing_prob
0 0.2037 0.2830 0.2496 0.2310 0.0327
1 0.2534 0.0359 0.1254 0.5361 0.0491
2 0.1429 0.0406 0.0526 0.7036 0.0605
3 0.3799 0.0510 0.0697 0.3682 0.1312
4 0.2382 0.0401 0.0465 0.6079 0.0671
5 0.2878 0.0227 0.0466 0.5210 0.1218
6 0.3071 0.0412 0.0559 0.5225 0.0735
7 0.1984 0.1644 0.2588 0.3374 0.0409
8 0.1108 0.1216 0.1854 0.5537 0.0284
9 0.3645 0.0752 0.0746 0.3821 0.1036
10 0.3357 0.0969 0.0889 0.4114 0.0671
11 0.3269 0.0753 0.0853 0.3047 0.2078
12 0.2905 0.2859 0.0717 0.2484 0.1036
13 0.2363 0.0469 0.0779 0.4849 0.1538
14 0.1501 0.1433 0.1346 0.4414 0.1305
15 0.1005 0.3000 0.2336 0.1532 0.2128
16 0.4177 0.0693 0.0495 0.3545 0.1089
17 0.2654 0.0630 0.1263 0.3892 0.1560
18 0.2201 0.2068 0.1255 0.4050 0.0427
19 0.0600 0.1582 0.1969 0.5269 0.0582
20 0.2380 0.0377 0.0515 0.6470 0.0259
21 0.1248 0.0366 0.1003 0.7178 0.0204
22 0.2437 0.0140 0.0848 0.5664 0.0911
23 0.2192 0.0191 0.0292 0.6968 0.0358
24 0.1287 0.0346 0.0831 0.7173 0.0363
25 0.1218 0.0366 0.1425 0.6484 0.0508
26 0.2991 0.0377 0.1469 0.3550 0.1613
27 0.0761 0.1826 0.2345 0.4736 0.0333
28 0.0910 0.1548 0.5405 0.2084 0.0053
29 0.0872 0.1788 0.3501 0.3784 0.0055
30 0.0730 0.4402 0.2432 0.1570 0.0867
31 0.2140 0.0428 0.0567 0.6694 0.0172
32 0.0861 0.5029 0.2529 0.1195 0.0385
33 0.1775 0.2925 0.2107 0.2925 0.0268
34 0.1666 0.3262 0.1494 0.3064 0.0512
35 0.0652 0.0333 0.1591 0.7354 0.0072
36 0.1241 0.1924 0.1953 0.4541 0.0339
37 0.1339 0.1747 0.5640 0.1201 0.0074
38 0.0708 0.1322 0.3708 0.4072 0.0188
39 0.0809 0.2164 0.4373 0.2571 0.0085
40 0.1876 0.1791 0.3396 0.2563 0.0372
41 0.0629 0.1394 0.3792 0.3972 0.0214
42 0.1411 0.1255 0.6475 0.0704 0.0156
43 0.1116 0.2219 0.4626 0.1812 0.0227
44 0.1092 0.2681 0.4285 0.1759 0.0182
45 0.1625 0.2328 0.5166 0.0699 0.0182
46 0.3254 0.2556 0.2874 0.1198 0.0119
47 0.0930 0.1301 0.0748 0.6821 0.0200
48 0.3418 0.0678 0.2090 0.2969 0.0844
49 0.3950 0.0889 0.2147 0.1442 0.1571
50 0.4390 0.0858 0.0769 0.3018 0.0964
51 0.1964 0.0899 0.0913 0.5957 0.0268
52 0.2727 0.0363 0.2124 0.3613 0.1173
53 0.3933 0.1010 0.0603 0.3901 0.0553
54 0.3562 0.1104 0.1462 0.3508 0.0364
55 0.4119 0.1083 0.2070 0.2222 0.0508
56 0.2559 0.2087 0.2722 0.2517 0.0115
57 0.0210 0.2123 0.1760 0.5864 0.0044
58 0.0361 0.3320 0.1670 0.4609 0.0040
59 0.3767 0.0847 0.3652 0.1262 0.0471
60 0.3643 0.0501 0.2505 0.2625 0.0729
61 0.5879 0.0284 0.1332 0.1176 0.1332
62 0.3975 0.1104 0.0859 0.2773 0.1290
63 0.0627 0.1135 0.1066 0.6733 0.0437
64 0.1851 0.0931 0.1488 0.4172 0.1559
65 0.1111 0.3757 0.0717 0.4258 0.0155
66 0.2788 0.2137 0.2460 0.2240 0.0377
67 0.1023 0.1973 0.3923 0.2915 0.0167
68 0.1385 0.2357 0.2510 0.3594 0.0153
69 0.2812 0.2058 0.1371 0.3164 0.0594
70 0.1945 0.0431 0.1960 0.5122 0.0540
71 0.1346 0.3083 0.2365 0.3035 0.0170
72 0.2369 0.1003 0.3501 0.2881 0.0244
73 0.1288 0.0734 0.4158 0.3555 0.0266
74 0.0508 0.1109 0.7939 0.0371 0.0070
75 0.0629 0.2338 0.6660 0.0345 0.0030
76 0.1400 0.1008 0.5894 0.1538 0.0158
77 0.2244 0.0485 0.0965 0.5640 0.0663
78 0.2908 0.0494 0.0378 0.5024 0.1194
79 0.0665 0.2113 0.1954 0.5146 0.0119
80 0.1945 0.1108 0.1743 0.4963 0.0241
81 0.0580 0.1704 0.2598 0.4490 0.0627
82 0.1758 0.1481 0.4856 0.1458 0.0448
83 0.1277 0.0500 0.1493 0.6289 0.0442
84 0.2046 0.0741 0.0866 0.5825 0.0521
85 0.3257 0.1117 0.1469 0.2440 0.1716
86 0.4624 0.0876 0.0346 0.3105 0.1048
87 0.4719 0.0814 0.0302 0.3347 0.0820
88 0.3098 0.1836 0.1725 0.2693 0.0649
89 0.1730 0.3037 0.1423 0.3606 0.0203
90 0.1648 0.0869 0.0709 0.5488 0.1284
91 0.3328 0.0574 0.1031 0.3328 0.1740
92 0.2098 0.0436 0.0676 0.6167 0.0620
93 0.1691 0.6685 0.1066 0.0349 0.0208
94 0.2214 0.4009 0.1453 0.1167 0.1158
95 0.0744 0.2153 0.1703 0.4778 0.0622
96 0.0589 0.0316 0.0793 0.8135 0.0168
97 0.1754 0.0592 0.1477 0.5488 0.0687
98 0.2559 0.0438 0.2769 0.3064 0.1172
99 0.2590 0.1431 0.1149 0.4138 0.0692
100 0.0663 0.2812 0.5093 0.1371 0.0057
101 0.0192 0.6704 0.2078 0.1013 0.0013
102 0.0742 0.0245 0.1407 0.7490 0.0116
103 0.0760 0.0420 0.1177 0.7559 0.0085
104 0.1628 0.1102 0.1003 0.5864 0.0405
105 0.1223 0.0625 0.0881 0.7148 0.0121
106 0.2854 0.0380 0.0857 0.5249 0.0657
107 0.2915 0.2380 0.1853 0.2307 0.0544
108 0.1526 0.0677 0.1245 0.6426 0.0127
109 0.2454 0.2715 0.2131 0.2148 0.0552
110 0.2172 0.1317 0.1588 0.4670 0.0253
111 0.0714 0.1089 0.1056 0.7104 0.0038
112 0.1165 0.4004 0.2318 0.1605 0.0908
113 0.0837 0.2700 0.4453 0.1827 0.0181
114 0.1266 0.0395 0.0374 0.4629 0.3335
115 0.1203 0.2649 0.1724 0.4299 0.0126
116 0.0790 0.1465 0.5112 0.2571 0.0064
117 0.3052 0.0967 0.1282 0.2568 0.2130
118 0.5996 0.0751 0.0837 0.1589 0.0825
119 0.2479 0.2479 0.1527 0.2056 0.1458
120 0.0682 0.0693 0.1467 0.6787 0.0371
121 0.1295 0.1143 0.1638 0.5127 0.0798
122 0.1450 0.1013 0.4609 0.2839 0.0088
123 0.1086 0.0989 0.2229 0.5518 0.0177
124 0.0516 0.4028 0.3904 0.1191 0.0360
125 0.2471 0.2671 0.2285 0.2197 0.0376
126 0.2646 0.3789 0.2194 0.1193 0.0179
127 0.1768 0.1133 0.1687 0.4880 0.0531
128 0.1130 0.1428 0.0413 0.6816 0.0214
129 0.1227 0.3015 0.4185 0.1218 0.0354
130 0.1240 0.2280 0.2708 0.3020 0.0752
131 0.2957 0.2266 0.3196 0.1096 0.0486
132 0.1951 0.1819 0.3320 0.2585 0.0326
133 0.1244 0.0423 0.1366 0.6831 0.0138
134 0.4426 0.0689 0.1578 0.3088 0.0219
135 0.1874 0.0845 0.0988 0.5176 0.1119
136 0.4343 0.0816 0.2004 0.1853 0.0984
137 0.2798 0.0675 0.1096 0.4758 0.0675
138 0.3411 0.3057 0.2307 0.0911 0.0315
139 0.3184 0.1915 0.1771 0.2499 0.0632
140 0.1776 0.5557 0.1696 0.0770 0.0199
141 0.1992 0.2539 0.2520 0.2087 0.0864
142 0.0865 0.4226 0.3728 0.0752 0.0428
143 0.3027 0.1185 0.3538 0.1671 0.0578
144 0.1113 0.0881 0.2754 0.4836 0.0416
145 0.0610 0.0975 0.2130 0.5884 0.0400
146 0.2059 0.1239 0.1111 0.5298 0.0292
147 0.4756 0.0866 0.1005 0.2429 0.0944
148 0.3232 0.1564 0.1144 0.2832 0.1227
149 0.2793 0.2925 0.2664 0.1361 0.0258
150 0.1636 0.1225 0.1688 0.5278 0.0171
151 0.1914 0.2988 0.2764 0.2086 0.0249
152 0.1210 0.2812 0.2993 0.2769 0.0214
153 0.5010 0.0717 0.0722 0.2725 0.0825
154 0.3740 0.0410 0.0468 0.5034 0.0348
155 0.1467 0.0462 0.4053 0.2382 0.1637
156 0.0938 0.0291 0.0686 0.7852 0.0233
157 0.3010 0.4736 0.1411 0.0602 0.0240
158 0.1299 0.0723 0.0819 0.5259 0.1904
159 0.3979 0.0765 0.0692 0.4236 0.0327
160 0.2267 0.1909 0.1322 0.3298 0.1204
161 0.0705 0.3469 0.5371 0.0368 0.0086
162 0.1124 0.3330 0.5078 0.0340 0.0127
163 0.3162 0.1403 0.1614 0.3210 0.0613
164 0.3594 0.0367 0.0742 0.3765 0.1533
165 0.1495 0.0331 0.0886 0.6499 0.0789
166 0.2388 0.0825 0.1339 0.3755 0.1693
167 0.0717 0.0378 0.1110 0.0333 0.7466
168 0.1300 0.2014 0.1982 0.3320 0.1384
169 0.1915 0.1946 0.3110 0.2422 0.0608
170 0.0869 0.1455 0.1326 0.5850 0.0503
171 0.1245 0.0955 0.1929 0.4346 0.1526
172 0.1824 0.1215 0.2131 0.3740 0.1089
