time exciting_prob fearful_prob tense_prob sad_prob relaxing_prob
0 0.3506 0.3850 0.0712 0.1439 0.0493
1 0.1268 0.3999 0.1035 0.3066 0.0633
2 0.1324 0.4146 0.1444 0.2595 0.0491
3 0.0143 0.1516 0.4387 0.0084 0.3872
4 0.0645 0.2433 0.2590 0.3887 0.0446
5 0.0707 0.0952 0.7603 0.0494 0.0244
6 0.0906 0.1615 0.4822 0.2278 0.0381
7 0.1185 0.5654 0.2017 0.0569 0.0573
8 0.0608 0.7349 0.1887 0.0101 0.0057
9 0.1265 0.6035 0.1389 0.1226 0.0083
10 0.0616 0.0687 0.1072 0.0243 0.7383
11 0.0583 0.5620 0.1255 0.0903 0.1636
12 0.0875 0.2739 0.1853 0.0420 0.4111
13 0.0679 0.2729 0.3450 0.0144 0.2998
14 0.1130 0.3618 0.1982 0.0127 0.3142
15 0.1305 0.2152 0.2556 0.2118 0.1869
16 0.0559 0.2078 0.3167 0.0192 0.4004
17 0.1040 0.4885 0.2456 0.0588 0.1032
18 0.0636 0.2534 0.5449 0.0203 0.1179
19 0.0493 0.1777 0.6299 0.1406 0.0022
20 0.0516 0.0745 0.8003 0.0259 0.0477
21 0.0589 0.1379 0.6431 0.0798 0.0804
22 0.0402 0.2040 0.7012 0.0162 0.0386
23 0.0067 0.5308 0.4539 0.0084 0.0006
24 0.0837 0.2991 0.5083 0.0941 0.0148
25 0.0760 0.3987 0.3894 0.0709 0.0651
26 0.0286 0.6162 0.2568 0.0645 0.0337
27 0.0126 0.3469 0.3108 0.2498 0.0798
28 0.0160 0.5547 0.3582 0.0323 0.0387
29 0.0233 0.1578 0.5684 0.0062 0.2444
30 0.1057 0.1041 0.2136 0.0050 0.5718
31 0.0507 0.1783 0.4697 0.0119 0.2893
32 0.0513 0.0718 0.1670 0.0180 0.6919
33 0.1035 0.1902 0.2812 0.0913 0.3340
34 0.0595 0.1724 0.6709 0.0605 0.0367
35 0.0920 0.3135 0.2810 0.0190 0.2944
36 0.0767 0.2896 0.2986 0.0171 0.3179
37 0.0531 0.3152 0.5796 0.0269 0.0253
38 0.0236 0.6782 0.2308 0.0540 0.0133
39 0.1154 0.2500 0.2791 0.1979 0.1577
40 0.1963 0.1873 0.4780 0.0087 0.1296
41 0.0479 0.2162 0.6978 0.0186 0.0193
42 0.0313 0.4163 0.5020 0.0183 0.0321
43 0.0475 0.3425 0.5386 0.0464 0.0250
44 0.0684 0.1259 0.3699 0.1146 0.3213
45 0.0278 0.2681 0.6040 0.0267 0.0733
46 0.0928 0.3557 0.3613 0.0421 0.1482
47 0.0351 0.6274 0.1357 0.1826 0.0191
48 0.0558 0.4895 0.3064 0.0549 0.0934
49 0.0531 0.3384 0.4849 0.0458 0.0779
50 0.0183 0.7080 0.2524 0.0088 0.0122
51 0.0356 0.5474 0.3320 0.0568 0.0279
52 0.0307 0.5518 0.3677 0.0057 0.0439
53 0.0706 0.3584 0.5298 0.0113 0.0299
54 0.0334 0.6919 0.1617 0.0997 0.0133
55 0.0263 0.4204 0.3223 0.1925 0.0385
56 0.0402 0.3340 0.2769 0.0149 0.3340
57 0.0410 0.5879 0.2197 0.0150 0.1365
58 0.0783 0.4006 0.3000 0.1343 0.0867
59 0.0268 0.3259 0.3364 0.0187 0.2922
60 0.0542 0.1395 0.6157 0.1078 0.0827
61 0.0421 0.1552 0.6533 0.0549 0.0948
62 0.2424 0.1553 0.5015 0.0283 0.0728
63 0.1962 0.1208 0.1993 0.0093 0.4744
64 0.0407 0.2698 0.4211 0.1636 0.1048
65 0.0654 0.1429 0.5479 0.0530 0.1908
66 0.0538 0.2375 0.5190 0.0226 0.1671
67 0.0716 0.4150 0.4023 0.0078 0.1033
68 0.0696 0.1805 0.3591 0.0086 0.3821
69 0.0562 0.4351 0.4087 0.0229 0.0774
70 0.0894 0.2954 0.3735 0.0152 0.2266
71 0.1882 0.3008 0.1432 0.0875 0.2803
72 0.1875 0.1472 0.1578 0.1860 0.3215
73 0.1945 0.3440 0.1057 0.2021 0.1538
74 0.2676 0.3774 0.1422 0.1729 0.0398
75 0.0864 0.3311 0.3811 0.1588 0.0428
76 0.0646 0.3105 0.5449 0.0607 0.0194
77 0.0556 0.1880 0.5698 0.0468 0.1396
78 0.2352 0.1935 0.0928 0.1519 0.3267
79 0.2864 0.3401 0.1078 0.0624 0.2031
80 0.0318 0.1118 0.2223 0.0575 0.5767
81 0.0732 0.3745 0.2052 0.1032 0.2438
82 0.0451 0.5322 0.2474 0.0275 0.1478
83 0.0529 0.5781 0.2263 0.0521 0.0908
84 0.1202 0.2544 0.3940 0.0921 0.1394
85 0.0552 0.1942 0.6885 0.0237 0.0382
86 0.0804 0.3955 0.3333 0.0359 0.1549
87 0.0521 0.5024 0.3914 0.0275 0.0266
88 0.0486 0.4792 0.4231 0.0446 0.0045
89 0.1256 0.2294 0.4893 0.0301 0.1256
90 0.0316 0.5430 0.3452 0.0521 0.0281
91 0.0754 0.3079 0.3831 0.1648 0.0687
92 0.1287 0.3159 0.3579 0.0121 0.1857
93 0.0779 0.3130 0.5239 0.0092 0.0760
94 0.1013 0.4434 0.3564 0.0741 0.0248
95 0.0513 0.2771 0.3645 0.0189 0.2883
96 0.0714 0.2323 0.5034 0.0293 0.1635
97 0.1841 0.1943 0.3926 0.0267 0.2021
98 0.0544 0.2942 0.4214 0.0544 0.1757
99 0.0352 0.4521 0.2700 0.0762 0.1664
100 0.0623 0.2074 0.6387 0.0108 0.0806
101 0.0452 0.2024 0.6846 0.0197 0.0481
102 0.2815 0.3164 0.2949 0.0776 0.0294
103 0.0763 0.2406 0.4028 0.2725 0.0077
104 0.1119 0.1003 0.3728 0.3557 0.0594
105 0.1097 0.4731 0.2869 0.0869 0.0433
106 0.1020 0.4534 0.4065 0.0217 0.0165
107 0.1254 0.3328 0.3655 0.1548 0.0218
108 0.2181 0.1726 0.3276 0.2434 0.0382
109 0.0313 0.2463 0.4822 0.2042 0.0360
110 0.0232 0.5283 0.3926 0.0159 0.0401
111 0.0817 0.3867 0.4314 0.0804 0.0197
112 0.0426 0.2146 0.7148 0.0157 0.0122
113 0.0662 0.1504 0.7290 0.0500 0.0045
114 0.1464 0.1985 0.3564 0.0923 0.2064
115 0.1154 0.1693 0.4675 0.0372 0.2107
116 0.1178 0.3923 0.1107 0.0275 0.3516
117 0.0319 0.3481 0.4912 0.1166 0.0121
118 0.1003 0.2444 0.2522 0.3845 0.0186
119 0.0800 0.1803 0.2544 0.4001 0.0852
120 0.1272 0.1038 0.3147 0.4236 0.0307
121 0.0522 0.3430 0.5742 0.0108 0.0198
122 0.0190 0.5972 0.3511 0.0103 0.0223
123 0.0484 0.1024 0.3464 0.4885 0.0144
124 0.0490 0.2734 0.6357 0.0134 0.0282
125 0.0966 0.7026 0.1722 0.0105 0.0179
126 0.0511 0.3108 0.5625 0.0553 0.0202
127 0.0754 0.2131 0.6265 0.0295 0.0556
128 0.0970 0.0427 0.2365 0.6040 0.0200
129 0.0833 0.2371 0.3560 0.3093 0.0146
130 0.2472 0.1273 0.3655 0.1442 0.1159
131 0.0744 0.3606 0.3184 0.2328 0.0139
132 0.0757 0.0832 0.5776 0.0111 0.2524
133 0.0479 0.1953 0.1364 0.0555 0.5649
134 0.0398 0.3105 0.2783 0.0797 0.2917
135 0.0105 0.4756 0.4004 0.0501 0.0634
136 0.0312 0.2800 0.3948 0.0433 0.2510
137 0.0167 0.4451 0.4888 0.0253 0.0241
138 0.0193 0.4417 0.3547 0.0167 0.1676
139 0.0132 0.5244 0.2478 0.0617 0.1527
140 0.0739 0.2810 0.3782 0.0264 0.2405
141 0.0786 0.4741 0.3870 0.0215 0.0386
142 0.0361 0.2935 0.2935 0.0178 0.3594
143 0.0404 0.2118 0.1702 0.0110 0.5669
144 0.0425 0.4753 0.3167 0.0113 0.1543
145 0.0415 0.4900 0.2927 0.0065 0.1693
146 0.0133 0.2455 0.6724 0.0645 0.0041
147 0.0589 0.2559 0.2725 0.3186 0.0942
148 0.2150 0.2573 0.1056 0.0760 0.3462
149 0.1812 0.3105 0.1032 0.0849 0.3203
150 0.0430 0.3984 0.2532 0.2825 0.0227
151 0.0675 0.4541 0.1194 0.0164 0.3428
152 0.0375 0.4358 0.2465 0.0712 0.2091
153 0.1089 0.3152 0.3303 0.0291 0.2166
154 0.0966 0.2605 0.4036 0.0456 0.1936
155 0.0315 0.4670 0.3994 0.0683 0.0338
156 0.0511 0.3413 0.5454 0.0408 0.0215
157 0.0777 0.6162 0.2776 0.0106 0.0180
158 0.1169 0.4695 0.3176 0.0300 0.0660
159 0.1604 0.1761 0.5342 0.0973 0.0321
160 0.0202 0.3369 0.5220 0.0907 0.0304
161 0.0611 0.5034 0.1610 0.2343 0.0401
162 0.0676 0.3174 0.3328 0.0273 0.2551
163 0.0465 0.3889 0.3176 0.0420 0.2050
164 0.1086 0.1877 0.4646 0.0807 0.1581
165 0.0278 0.7061 0.2222 0.0151 0.0289
166 0.0566 0.6279 0.2274 0.0261 0.0617
167 0.0662 0.5454 0.3010 0.0238 0.0636
168 0.0334 0.4714 0.3423 0.0833 0.0695
169 0.0170 0.7354 0.2058 0.0270 0.0149
170 0.1696 0.4065 0.3118 0.0370 0.0752
171 0.0508 0.6191 0.2106 0.0415 0.0781
172 0.1259 0.2793 0.1776 0.0170 0.4001
173 0.0406 0.4568 0.3613 0.0865 0.0546
174 0.1741 0.4622 0.2003 0.0168 0.1466
175 0.0850 0.2274 0.5947 0.0727 0.0202
176 0.0347 0.2046 0.4683 0.1104 0.1820
177 0.0523 0.2537 0.5625 0.0257 0.1057
178 0.1995 0.1627 0.3340 0.2947 0.0090
179 0.5044 0.1207 0.3105 0.0374 0.0271
180 0.0597 0.1884 0.3464 0.1356 0.2698
181 0.0178 0.4492 0.4492 0.0739 0.0099
182 0.0477 0.4287 0.3210 0.0851 0.1172
183 0.1192 0.5557 0.0852 0.1891 0.0509
184 0.1140 0.5923 0.0967 0.0177 0.1792
185 0.1798 0.2920 0.3550 0.0365 0.1368
186 0.1703 0.2421 0.4814 0.0312 0.0750
187 0.1038 0.3916 0.3298 0.0167 0.1582
188 0.0173 0.0759 0.0713 0.0069 0.8286
189 0.0378 0.1875 0.2644 0.3450 0.1654
190 0.0162 0.4619 0.2937 0.0502 0.1781
191 0.1171 0.2744 0.1414 0.0549 0.4121
192 0.0537 0.3730 0.4941 0.0264 0.0529
193 0.1304 0.4482 0.3438 0.0743 0.0034
194 0.0612 0.4246 0.3806 0.0656 0.0682
195 0.0485 0.2125 0.4751 0.0412 0.2227
196 0.0385 0.6025 0.2252 0.0221 0.1115
197 0.1324 0.3772 0.2847 0.1304 0.0754
198 0.0245 0.3687 0.4446 0.0499 0.1124
199 0.0531 0.3276 0.3435 0.0961 0.1796
200 0.0552 0.1177 0.1488 0.0616 0.6167
201 0.1396 0.2113 0.2394 0.0329 0.3767
202 0.0225 0.1942 0.5620 0.0626 0.1586
203 0.0248 0.3164 0.5381 0.0482 0.0723
204 0.0310 0.6270 0.2133 0.0507 0.0784
205 0.0419 0.6807 0.2142 0.0192 0.0439
206 0.0277 0.1571 0.6934 0.0895 0.0322
207 0.0450 0.4138 0.5151 0.0183 0.0076
208 0.0410 0.5195 0.2573 0.0487 0.1334
209 0.0945 0.2216 0.2322 0.3274 0.1243
210 0.0358 0.5220 0.3423 0.0446 0.0555
211 0.0927 0.3499 0.4028 0.0402 0.1145
212 0.0230 0.4912 0.4473 0.0243 0.0145
213 0.0064 0.6636 0.3232 0.0050 0.0018
214 0.1091 0.1256 0.3899 0.3467 0.0287
215 0.1138 0.2773 0.3647 0.1013 0.1428
216 0.0407 0.3127 0.5317 0.0132 0.1015
217 0.0435 0.1968 0.5186 0.0880 0.1532
218 0.0920 0.5088 0.3337 0.0261 0.0392
219 0.0208 0.4119 0.2920 0.2275 0.0477
220 0.0483 0.1063 0.3271 0.0034 0.5146
221 0.0894 0.1807 0.2842 0.0056 0.4402
222 0.1140 0.2776 0.4265 0.0356 0.1462
223 0.0289 0.4048 0.5532 0.0043 0.0086
224 0.0678 0.3579 0.5210 0.0136 0.0399
225 0.0519 0.2717 0.4695 0.1700 0.0368
226 0.0933 0.3926 0.3154 0.0836 0.1152
227 0.0372 0.4429 0.3291 0.1655 0.0252
228 0.0493 0.3640 0.5464 0.0246 0.0157
229 0.0280 0.3054 0.4241 0.0454 0.1971
230 0.0509 0.1696 0.4683 0.0866 0.2246
231 0.0503 0.3923 0.4111 0.0181 0.1283
232 0.1107 0.3411 0.4736 0.0215 0.0531
233 0.0944 0.2710 0.1311 0.4612 0.0422
234 0.0787 0.4563 0.3445 0.0906 0.0299
235 0.1725 0.2935 0.2250 0.0419 0.2671
236 0.0402 0.3582 0.3872 0.1050 0.1093
237 0.0690 0.4792 0.3345 0.0826 0.0347
238 0.1133 0.3330 0.1868 0.1345 0.2324
239 0.0862 0.4246 0.2698 0.1024 0.1169
240 0.0651 0.2808 0.5762 0.0113 0.0667
241 0.0656 0.6519 0.2253 0.0234 0.0338
242 0.0511 0.3308 0.4812 0.0856 0.0511
243 0.0682 0.4558 0.3440 0.0876 0.0444
244 0.0813 0.3789 0.4431 0.0323 0.0643
245 0.0676 0.2981 0.3225 0.1252 0.1866
246 0.0346 0.3660 0.5410 0.0484 0.0101
247 0.0393 0.8218 0.0922 0.0045 0.0422
248 0.0366 0.3313 0.3213 0.1494 0.1615
249 0.0969 0.2068 0.2986 0.0263 0.3716
250 0.0343 0.4180 0.4451 0.0223 0.0804
251 0.0402 0.6689 0.2422 0.0095 0.0392
252 0.0311 0.6045 0.3340 0.0224 0.0081
253 0.0631 0.1914 0.1974 0.5200 0.0280
254 0.0479 0.1970 0.4802 0.0809 0.1940
255 0.0423 0.4075 0.4204 0.0649 0.0649
256 0.0883 0.3411 0.2783 0.0051 0.2871
257 0.0486 0.1130 0.6714 0.0264 0.1407
258 0.0623 0.1591 0.6538 0.0459 0.0787
259 0.0422 0.1764 0.7314 0.0183 0.0316
260 0.2024 0.1171 0.1287 0.5010 0.0511
261 0.1992 0.1066 0.1287 0.5166 0.0488
