time exciting_prob fearful_prob tense_prob sad_prob relaxing_prob
0 0.2037 0.2830 0.2496 0.2310 0.0327
1 0.2037 0.2830 0.2496 0.2310 0.0327
2 0.9351 0.0121 0.0257 0.0223 0.0049
3 0.9351 0.0110 0.0211 0.0282 0.0045
4 0.9414 0.0126 0.0221 0.0195 0.0043
5 0.9419 0.0125 0.0220 0.0195 0.0043
6 0.9419 0.0124 0.0221 0.0194 0.0043
7 0.2852 0.1899 0.3604 0.1161 0.0484
8 0.3464 0.1378 0.3518 0.1207 0.0434
9 0.1414 0.1327 0.1118 0.5591 0.0553
10 0.1204 0.1807 0.0916 0.5566 0.0510
11 0.2104 0.1127 0.2040 0.0477 0.4250
12 0.2922 0.1199 0.2443 0.0668 0.2769
13 0.2089 0.1392 0.2539 0.1010 0.2969
14 0.0142 0.2322 0.4763 0.2673 0.0100
15 0.0071 0.3296 0.2690 0.3853 0.0089
16 0.1223 0.1223 0.2588 0.4614 0.0350
17 0.0795 0.1087 0.2908 0.5107 0.0104
18 0.1553 0.2925 0.2173 0.2925 0.0424
19 0.1569 0.1892 0.1892 0.4399 0.0250
20 0.0885 0.0885 0.1437 0.6240 0.0554
21 0.1664 0.0602 0.3413 0.3689 0.0631
22 0.0891 0.0704 0.2874 0.4521 0.1009
23 0.0550 0.0623 0.5059 0.3643 0.0125
24 0.1230 0.1951 0.4790 0.1555 0.0474
25 0.1183 0.1803 0.5137 0.1427 0.0449
26 0.1034 0.0912 0.4856 0.2993 0.0204
27 0.0417 0.1398 0.6880 0.1039 0.0265
28 0.0800 0.1339 0.2925 0.4324 0.0613
29 0.0536 0.2556 0.2942 0.3604 0.0363
30 0.2112 0.2671 0.1821 0.1130 0.2266
31 0.0619 0.5142 0.3647 0.0509 0.0081
32 0.1252 0.1022 0.1986 0.4993 0.0748
33 0.0940 0.1467 0.5078 0.2134 0.0380
34 0.1064 0.3892 0.2554 0.2235 0.0255
35 0.0830 0.5410 0.1515 0.2152 0.0092
36 0.0908 0.3884 0.3538 0.1194 0.0475
37 0.0695 0.2058 0.6748 0.0431 0.0069
38 0.0631 0.2362 0.6274 0.0631 0.0103
39 0.0877 0.2703 0.4087 0.2155 0.0180
40 0.0641 0.3311 0.5371 0.0349 0.0328
41 0.0639 0.1792 0.3855 0.3621 0.0094
42 0.1333 0.4954 0.3250 0.0277 0.0188
43 0.0678 0.5903 0.3137 0.0217 0.0063
44 0.1665 0.2312 0.5547 0.0285 0.0191
45 0.0596 0.6411 0.2510 0.0345 0.0137
46 0.1206 0.2437 0.3079 0.2717 0.0561
47 0.1047 0.5400 0.3276 0.0129 0.0147
48 0.1092 0.4121 0.4597 0.0098 0.0092
49 0.2366 0.4854 0.2155 0.0149 0.0477
50 0.1366 0.3892 0.4016 0.0503 0.0223
51 0.2272 0.4312 0.2849 0.0167 0.0401
52 0.1498 0.3027 0.4614 0.0475 0.0385
53 0.1970 0.4041 0.3679 0.0203 0.0106
54 0.2460 0.3523 0.3721 0.0152 0.0143
55 0.2175 0.4194 0.3267 0.0186 0.0179
56 0.2593 0.3687 0.3330 0.0179 0.0211
57 0.1707 0.3315 0.4426 0.0363 0.0187
58 0.2382 0.2917 0.4346 0.0202 0.0155
59 0.1891 0.3943 0.3792 0.0211 0.0165
60 0.1315 0.1854 0.3306 0.3254 0.0269
61 0.1221 0.4165 0.2524 0.1833 0.0256
62 0.1500 0.3982 0.3125 0.1196 0.0197
63 0.1127 0.3364 0.3696 0.1381 0.0431
64 0.2251 0.3198 0.2571 0.1355 0.0625
65 0.2059 0.3066 0.3188 0.1372 0.0313
66 0.1076 0.4124 0.3640 0.0957 0.0202
67 0.2720 0.1676 0.4966 0.0380 0.0259
68 0.1841 0.4626 0.2086 0.1116 0.0330
69 0.0795 0.0432 0.1212 0.7422 0.0142
70 0.1321 0.1202 0.6250 0.0634 0.0591
71 0.0719 0.2471 0.6357 0.0361 0.0092
72 0.0502 0.2551 0.4475 0.2181 0.0291
73 0.1836 0.2471 0.4270 0.1176 0.0247
74 0.1034 0.4221 0.3472 0.1190 0.0084
75 0.1141 0.2065 0.4956 0.1740 0.0098
76 0.1587 0.3806 0.3633 0.0891 0.0083
77 0.0875 0.3079 0.5234 0.0709 0.0102
78 0.0962 0.3206 0.3745 0.1812 0.0276
79 0.1542 0.5093 0.2749 0.0463 0.0154
80 0.1827 0.3037 0.2766 0.2153 0.0217
81 0.2068 0.3438 0.2656 0.1663 0.0177
82 0.2052 0.1649 0.3330 0.2717 0.0251
83 0.1775 0.3342 0.3586 0.0995 0.0301
84 0.1577 0.2173 0.3997 0.2073 0.0181
85 0.1799 0.4248 0.3232 0.0598 0.0123
86 0.0685 0.4097 0.2563 0.2484 0.0172
87 0.0328 0.1946 0.7344 0.0242 0.0141
88 0.0567 0.2969 0.5767 0.0516 0.0180
89 0.1766 0.1442 0.1970 0.4172 0.0650
90 0.0405 0.3362 0.5898 0.0122 0.0213
91 0.1564 0.4058 0.3159 0.0934 0.0285
92 0.0749 0.2615 0.5039 0.1410 0.0188
93 0.0728 0.2010 0.5728 0.1201 0.0331
94 0.0349 0.1774 0.6904 0.0892 0.0080
95 0.1335 0.0869 0.5000 0.2554 0.0238
96 0.0423 0.3274 0.6211 0.0066 0.0027
97 0.0651 0.2717 0.5938 0.0616 0.0077
98 0.2197 0.1685 0.3567 0.2130 0.0419
99 0.0763 0.1127 0.3064 0.4746 0.0299
100 0.1542 0.6294 0.1318 0.0318 0.0529
101 0.1031 0.4998 0.3601 0.0192 0.0178
102 0.0811 0.4214 0.4700 0.0120 0.0156
103 0.0736 0.5654 0.1908 0.0887 0.0814
104 0.0287 0.6890 0.2595 0.0149 0.0079
105 0.0207 0.3071 0.1982 0.4070 0.0670
106 0.0657 0.1208 0.1786 0.6230 0.0118
107 0.1140 0.6558 0.1429 0.0248 0.0624
108 0.0518 0.3740 0.5273 0.0400 0.0066
109 0.1254 0.3516 0.3772 0.1196 0.0263
110 0.0697 0.3596 0.5029 0.0337 0.0340
111 0.1301 0.3323 0.4504 0.0718 0.0154
112 0.3181 0.1188 0.1991 0.2896 0.0744
113 0.1523 0.1740 0.4548 0.1055 0.1132
114 0.1143 0.3308 0.3867 0.1236 0.0444
115 0.0525 0.0880 0.3704 0.3762 0.1130
116 0.1631 0.4539 0.2773 0.0680 0.0378
117 0.2805 0.3230 0.2676 0.0856 0.0434
118 0.0534 0.5830 0.3535 0.0082 0.0019
119 0.1356 0.1636 0.3894 0.2456 0.0656
120 0.1226 0.0970 0.2118 0.3958 0.1729
121 0.1284 0.3774 0.2893 0.1501 0.0548
122 0.1963 0.3667 0.2539 0.1338 0.0492
123 0.1049 0.1613 0.2920 0.3691 0.0727
124 0.0338 0.7231 0.1946 0.0071 0.0414
125 0.1561 0.4885 0.1537 0.0992 0.1024
126 0.2208 0.2705 0.2949 0.1628 0.0508
127 0.2649 0.2213 0.3025 0.1428 0.0685
128 0.4038 0.1671 0.2031 0.1558 0.0702
129 0.1501 0.1663 0.3630 0.2456 0.0749
130 0.2576 0.3867 0.1638 0.1664 0.0255
131 0.1270 0.2161 0.3562 0.2646 0.0361
132 0.0817 0.2152 0.2021 0.4775 0.0234
133 0.0413 0.2432 0.6406 0.0634 0.0115
134 0.1069 0.3071 0.5562 0.0044 0.0256
135 0.1353 0.2690 0.4436 0.0391 0.1130
136 0.0724 0.4231 0.4946 0.0037 0.0059
137 0.0322 0.4048 0.5117 0.0282 0.0234
138 0.0488 0.4119 0.4890 0.0062 0.0441
139 0.0662 0.7637 0.1153 0.0074 0.0477
140 0.0518 0.4304 0.4878 0.0132 0.0167
141 0.0925 0.0911 0.4553 0.1561 0.2052
142 0.0463 0.4751 0.4192 0.0142 0.0452
143 0.0459 0.6294 0.3066 0.0087 0.0094
144 0.0286 0.6665 0.2866 0.0023 0.0161
145 0.0575 0.3867 0.3633 0.0667 0.1256
146 0.0638 0.4866 0.3093 0.0432 0.0973
147 0.0876 0.4553 0.4082 0.0278 0.0210
148 0.1143 0.0876 0.2617 0.5044 0.0320
149 0.0737 0.1702 0.2476 0.4553 0.0531
150 0.0997 0.4131 0.3372 0.1012 0.0490
151 0.0571 0.6484 0.2106 0.0153 0.0684
152 0.1248 0.2947 0.3340 0.2057 0.0408
153 0.0507 0.0889 0.3408 0.5039 0.0156
154 0.0573 0.1194 0.5352 0.2649 0.0233
155 0.0964 0.3088 0.4026 0.0837 0.1084
156 0.1888 0.2925 0.4092 0.0294 0.0800
157 0.0798 0.3635 0.4185 0.1199 0.0182
158 0.1178 0.0726 0.2271 0.5532 0.0295
159 0.1072 0.4412 0.3713 0.0410 0.0392
160 0.1139 0.2668 0.4612 0.1261 0.0321
161 0.0947 0.1869 0.5410 0.1573 0.0202
162 0.0668 0.0928 0.7769 0.0452 0.0183
163 0.1147 0.3296 0.3853 0.1497 0.0209
164 0.0340 0.3601 0.5405 0.0327 0.0327
165 0.0483 0.2166 0.7158 0.0099 0.0094
166 0.1103 0.5557 0.3069 0.0144 0.0127
167 0.0997 0.2842 0.5146 0.0222 0.0795
168 0.1155 0.3970 0.4033 0.0027 0.0813
169 0.1846 0.3240 0.3848 0.0088 0.0980
170 0.0616 0.2252 0.6123 0.0391 0.0620
171 0.0597 0.2737 0.5444 0.0133 0.1089
172 0.0786 0.2742 0.5801 0.0527 0.0143
173 0.1722 0.2527 0.4099 0.1202 0.0449
174 0.0944 0.2625 0.4536 0.1362 0.0533
175 0.0492 0.2854 0.6333 0.0190 0.0132
176 0.0559 0.2563 0.6499 0.0244 0.0136
177 0.1370 0.2462 0.3696 0.2025 0.0448
178 0.0502 0.0924 0.2081 0.6313 0.0179
179 0.0778 0.3381 0.5576 0.0072 0.0192
180 0.1627 0.2461 0.3472 0.0110 0.2330
181 0.0904 0.1884 0.3411 0.3630 0.0171
182 0.0742 0.3149 0.5615 0.0464 0.0029
183 0.0870 0.4968 0.3635 0.0363 0.0162
184 0.1111 0.1890 0.2666 0.4065 0.0270
185 0.1622 0.1016 0.2983 0.3955 0.0423
186 0.1122 0.1464 0.3005 0.4304 0.0105
187 0.0922 0.1406 0.1863 0.5737 0.0071
188 0.1385 0.0983 0.3323 0.4202 0.0106
189 0.0886 0.2092 0.1935 0.4939 0.0148
190 0.0768 0.1154 0.4895 0.3015 0.0169
191 0.0529 0.1459 0.5952 0.1903 0.0155
192 0.2378 0.2983 0.3276 0.1089 0.0275
193 0.1267 0.2074 0.4155 0.2278 0.0226
194 0.1046 0.3826 0.2671 0.1521 0.0938
195 0.1329 0.3672 0.3530 0.1137 0.0331
196 0.1432 0.3054 0.4841 0.0337 0.0335
197 0.1837 0.0881 0.5356 0.1711 0.0214
198 0.1074 0.3896 0.4148 0.0491 0.0392
199 0.0934 0.2539 0.3472 0.2703 0.0352
200 0.2091 0.0425 0.5254 0.1506 0.0723
201 0.1428 0.4102 0.3618 0.0595 0.0256
202 0.0830 0.2239 0.4739 0.1703 0.0488
203 0.1953 0.3591 0.2319 0.1644 0.0490
204 0.0583 0.2100 0.6270 0.0889 0.0159
205 0.0955 0.2656 0.4380 0.1663 0.0349
206 0.1139 0.4946 0.3193 0.0464 0.0258
207 0.1287 0.1947 0.6138 0.0438 0.0191
208 0.1252 0.4138 0.2018 0.1387 0.1205
209 0.1953 0.3794 0.3196 0.0777 0.0281
210 0.0903 0.1561 0.2167 0.4377 0.0992
211 0.1373 0.1121 0.2908 0.4434 0.0164
212 0.2358 0.1910 0.4141 0.1323 0.0269
213 0.0810 0.1032 0.3835 0.4019 0.0303
214 0.1626 0.2810 0.4187 0.0857 0.0520
215 0.1700 0.0925 0.4143 0.2035 0.1196
216 0.1560 0.2937 0.3489 0.1782 0.0232
217 0.2681 0.2808 0.3037 0.1285 0.0188
218 0.1075 0.0949 0.1541 0.6289 0.0147
219 0.1113 0.4575 0.2668 0.1121 0.0522
220 0.0621 0.2457 0.4246 0.2236 0.0440
221 0.1068 0.1802 0.3064 0.2903 0.1163
222 0.1437 0.1404 0.2664 0.3757 0.0740
223 0.0276 0.2441 0.6743 0.0462 0.0077
224 0.0662 0.3210 0.5293 0.0411 0.0424
225 0.1087 0.0649 0.2162 0.4102 0.2000
226 0.0236 0.1237 0.2617 0.5205 0.0704
227 0.0634 0.4646 0.2566 0.1764 0.0390
228 0.1101 0.1732 0.2856 0.4028 0.0281
229 0.0308 0.2581 0.6387 0.0618 0.0107
230 0.0636 0.1433 0.2942 0.3958 0.1032
231 0.1279 0.3044 0.3240 0.1309 0.1129
232 0.0870 0.2539 0.5996 0.0292 0.0303
233 0.3904 0.2224 0.1505 0.2224 0.0145
234 0.1089 0.0903 0.7739 0.0203 0.0063
235 0.0986 0.1552 0.7285 0.0112 0.0063
236 0.0720 0.1367 0.7803 0.0078 0.0033
237 0.1237 0.1562 0.6841 0.0121 0.0238
238 0.0679 0.1747 0.7412 0.0111 0.0054
239 0.1016 0.1389 0.7393 0.0135 0.0068
240 0.1666 0.1068 0.6694 0.0338 0.0233
241 0.0941 0.1117 0.7515 0.0371 0.0056
242 0.1130 0.1724 0.6064 0.0930 0.0152
243 0.0528 0.1236 0.8062 0.0117 0.0059
244 0.0587 0.1105 0.8105 0.0151 0.0053
245 0.2231 0.2267 0.1396 0.3457 0.0649
