time exciting_prob fearful_prob tense_prob sad_prob relaxing_prob
0 0.1318 0.0313 0.1471 0.6489 0.0408
1 0.1913 0.1868 0.4807 0.0855 0.0557
2 0.4688 0.2213 0.2432 0.0506 0.0163
3 0.3450 0.1919 0.2793 0.1201 0.0638
4 0.1908 0.6353 0.0681 0.0808 0.0250
5 0.3396 0.2603 0.0819 0.1460 0.1721
6 0.2395 0.3513 0.3298 0.0578 0.0216
7 0.3254 0.4924 0.1514 0.0144 0.0163
8 0.4121 0.4670 0.0812 0.0108 0.0289
9 0.4775 0.2383 0.1575 0.0850 0.0417
10 0.1082 0.1265 0.2808 0.4629 0.0218
11 0.2080 0.3247 0.2001 0.1252 0.1418
12 0.2832 0.2788 0.1277 0.1277 0.1829
13 0.4656 0.4656 0.0552 0.0115 0.0021
14 0.2434 0.5884 0.1252 0.0334 0.0094
15 0.5693 0.0735 0.0915 0.2527 0.0130
16 0.4390 0.1963 0.2683 0.0942 0.0025
17 0.1641 0.3813 0.2812 0.0995 0.0739
18 0.1255 0.4246 0.3806 0.0519 0.0174
19 0.3625 0.2532 0.0822 0.1254 0.1768
20 0.1710 0.1765 0.3948 0.2000 0.0577
21 0.2329 0.1915 0.1287 0.2539 0.1931
22 0.1978 0.1349 0.5010 0.1209 0.0452
23 0.4375 0.1942 0.0977 0.1824 0.0882
24 0.4827 0.1155 0.2159 0.0746 0.1111
25 0.2173 0.4458 0.0913 0.1918 0.0537
26 0.1379 0.3335 0.1827 0.2576 0.0883
27 0.2217 0.3831 0.2454 0.0552 0.0946
28 0.2766 0.3638 0.2385 0.0285 0.0927
29 0.2091 0.3140 0.2406 0.2058 0.0306
30 0.2371 0.3560 0.2815 0.0921 0.0334
31 0.1550 0.1326 0.3992 0.2598 0.0536
32 0.3496 0.3525 0.1118 0.0844 0.1017
33 0.0879 0.0921 0.1220 0.6699 0.0279
34 0.0384 0.8208 0.0690 0.0517 0.0202
35 0.1918 0.6646 0.0396 0.0806 0.0236
36 0.5410 0.1057 0.1316 0.1134 0.1082
37 0.2607 0.2112 0.2798 0.1923 0.0560
38 0.3982 0.1376 0.1809 0.1852 0.0983
39 0.6372 0.1400 0.0251 0.0798 0.1179
40 0.2656 0.3230 0.3105 0.0693 0.0312
41 0.3635 0.1479 0.0536 0.1266 0.3083
42 0.0174 0.0286 0.0162 0.0259 0.9121
43 0.1726 0.1124 0.6416 0.0660 0.0075
44 0.1438 0.4194 0.3643 0.0653 0.0071
45 0.1781 0.2216 0.2778 0.2693 0.0530
46 0.4971 0.1504 0.1328 0.1034 0.1163
47 0.1671 0.1895 0.2822 0.1122 0.2490
48 0.5015 0.1542 0.2010 0.1201 0.0235
49 0.1093 0.1043 0.2107 0.5552 0.0207
50 0.3188 0.3586 0.2279 0.0268 0.0679
51 0.1942 0.2218 0.4146 0.1254 0.0440
52 0.3589 0.0914 0.4363 0.1069 0.0065
53 0.6050 0.1482 0.0988 0.1136 0.0344
54 0.0922 0.0833 0.3218 0.3645 0.1383
55 0.2939 0.4482 0.2068 0.0348 0.0162
56 0.5840 0.1970 0.1030 0.1022 0.0138
57 0.1343 0.1533 0.4797 0.2266 0.0062
58 0.1353 0.0171 0.7666 0.0730 0.0081
59 0.2908 0.3823 0.0820 0.2283 0.0165
60 0.2566 0.5562 0.1112 0.0600 0.0164
61 0.3481 0.1644 0.0894 0.3853 0.0127
62 0.4697 0.1561 0.0903 0.2290 0.0548
63 0.5601 0.0449 0.1996 0.0800 0.1155
64 0.3787 0.3264 0.1733 0.1043 0.0173
65 0.0891 0.0428 0.7349 0.1296 0.0037
66 0.3691 0.2460 0.2559 0.1010 0.0280
67 0.1473 0.2566 0.5562 0.0321 0.0076
68 0.3933 0.1787 0.3086 0.0871 0.0323
69 0.5820 0.1093 0.2158 0.0695 0.0235
70 0.1312 0.0923 0.4041 0.3679 0.0047
71 0.2103 0.3013 0.1009 0.1001 0.2874
72 0.2391 0.0242 0.1405 0.5825 0.0135
73 0.3235 0.1627 0.2423 0.1815 0.0898
74 0.4238 0.2415 0.1851 0.0573 0.0923
75 0.1820 0.2283 0.2062 0.0591 0.3245
76 0.2544 0.1981 0.3821 0.1320 0.0334
77 0.0986 0.6636 0.0756 0.0603 0.1017
78 0.1752 0.2671 0.2196 0.2507 0.0873
79 0.0912 0.1871 0.5459 0.1600 0.0160
80 0.7759 0.1287 0.0231 0.0274 0.0452
81 0.5459 0.0884 0.0451 0.2832 0.0377
82 0.1108 0.0994 0.3335 0.4385 0.0180
83 0.0872 0.2502 0.3066 0.2042 0.1517
84 0.0759 0.3945 0.2754 0.2284 0.0258
85 0.1273 0.3831 0.3079 0.0703 0.1115
86 0.0216 0.0310 0.0269 0.0969 0.8237
87 0.0937 0.0894 0.5874 0.2266 0.0027
88 0.0864 0.3335 0.4153 0.1287 0.0363
89 0.2148 0.3743 0.1187 0.2379 0.0543
90 0.1821 0.0169 0.4800 0.2778 0.0433
91 0.1155 0.1102 0.2563 0.4360 0.0819
92 0.3076 0.2251 0.2216 0.2234 0.0223
93 0.1747 0.1506 0.4900 0.1404 0.0445
94 0.4438 0.1954 0.2080 0.1302 0.0224
95 0.4319 0.1602 0.1588 0.1814 0.0678
96 0.3438 0.1598 0.2344 0.1990 0.0631
97 0.1152 0.3779 0.4702 0.0200 0.0167
98 0.0615 0.1055 0.3052 0.5112 0.0167
99 0.3635 0.3442 0.1857 0.0646 0.0421
100 0.2932 0.3271 0.1053 0.2668 0.0075
101 0.0724 0.1764 0.0771 0.6709 0.0030
102 0.0960 0.0703 0.1006 0.6460 0.0874
103 0.3926 0.1715 0.1755 0.1715 0.0890
104 0.3203 0.1769 0.0404 0.3279 0.1345
105 0.0392 0.0291 0.0280 0.8174 0.0862
106 0.4971 0.1327 0.3210 0.0355 0.0138
107 0.1108 0.1075 0.1946 0.5542 0.0328
108 0.2245 0.3293 0.3506 0.0886 0.0071
109 0.1700 0.0875 0.1107 0.6172 0.0145
110 0.2484 0.1230 0.2371 0.3787 0.0129
111 0.1426 0.0787 0.1219 0.6392 0.0178
112 0.2859 0.3699 0.2903 0.0393 0.0148
113 0.5342 0.2159 0.1061 0.1320 0.0116
114 0.1896 0.3857 0.2913 0.1205 0.0129
115 0.2366 0.2922 0.3389 0.1256 0.0067
116 0.1026 0.4600 0.4253 0.0102 0.0020
117 0.1644 0.2373 0.5142 0.0735 0.0104
118 0.2367 0.2329 0.1528 0.3525 0.0251
119 0.4485 0.1456 0.1742 0.2102 0.0216
120 0.3425 0.1998 0.1351 0.2318 0.0908
121 0.3962 0.2578 0.2367 0.0818 0.0274
122 0.6626 0.1526 0.1116 0.0368 0.0365
123 0.1133 0.5493 0.2720 0.0570 0.0085
124 0.2217 0.2737 0.4548 0.0348 0.0149
125 0.3350 0.2671 0.1792 0.1938 0.0250
126 0.5391 0.2930 0.0770 0.0591 0.0321
127 0.0991 0.4170 0.2267 0.2529 0.0042
128 0.0513 0.3733 0.2030 0.3347 0.0376
129 0.0879 0.2563 0.3240 0.3142 0.0176
130 0.0714 0.2844 0.1685 0.0991 0.3767
131 0.1219 0.1299 0.2686 0.4497 0.0301
132 0.2042 0.1788 0.3640 0.2388 0.0141
133 0.4890 0.1744 0.1771 0.1041 0.0553
134 0.1083 0.0637 0.2155 0.5859 0.0268
135 0.4014 0.1941 0.1215 0.2435 0.0394
136 0.1285 0.1587 0.4924 0.1990 0.0213
137 0.1865 0.1176 0.3708 0.3123 0.0126
138 0.1331 0.5063 0.0619 0.2751 0.0235
139 0.0908 0.1061 0.1805 0.5830 0.0397
140 0.1681 0.6245 0.1350 0.0497 0.0228
141 0.2345 0.3896 0.2382 0.0978 0.0398
142 0.3738 0.2981 0.2339 0.0828 0.0116
143 0.1282 0.1194 0.3481 0.3481 0.0560
144 0.1766 0.3147 0.2957 0.1880 0.0249
145 0.2554 0.2021 0.2742 0.1898 0.0786
146 0.2593 0.3831 0.1957 0.0961 0.0660
147 0.0820 0.1194 0.4504 0.3145 0.0337
148 0.0701 0.1020 0.0989 0.7192 0.0099
149 0.3135 0.1338 0.4026 0.1298 0.0202
150 0.1437 0.1249 0.5640 0.1604 0.0070
151 0.1741 0.4209 0.2004 0.1714 0.0332
152 0.2339 0.2339 0.1821 0.2820 0.0681
153 0.1368 0.1125 0.1041 0.1689 0.4775
154 0.2532 0.2494 0.1882 0.2654 0.0437
155 0.1866 0.3198 0.3982 0.0703 0.0251
156 0.3535 0.2283 0.1353 0.1606 0.1222
157 0.1830 0.4221 0.1415 0.2208 0.0326
158 0.2517 0.5244 0.1587 0.0536 0.0115
159 0.0700 0.2332 0.4028 0.2856 0.0082
160 0.4487 0.1503 0.2896 0.0978 0.0137
161 0.2327 0.4280 0.1456 0.1663 0.0274
162 0.0368 0.2083 0.4143 0.3328 0.0078
163 0.1881 0.2869 0.1597 0.3406 0.0249
164 0.0552 0.1455 0.1840 0.6035 0.0119
165 0.0553 0.3040 0.1083 0.5171 0.0155
166 0.2588 0.3508 0.1473 0.1078 0.1353
167 0.5308 0.2607 0.0644 0.1078 0.0361
168 0.0637 0.0637 0.1018 0.7178 0.0528
169 0.0814 0.0446 0.8481 0.0242 0.0018
170 0.2620 0.2073 0.0858 0.1615 0.2834
171 0.2996 0.1980 0.1904 0.2664 0.0456
172 0.4338 0.3274 0.0708 0.1088 0.0592
173 0.1688 0.1537 0.1444 0.4885 0.0444
174 0.2915 0.3804 0.2325 0.0480 0.0476
175 0.4348 0.0721 0.0940 0.3777 0.0215
176 0.4370 0.1851 0.2097 0.1476 0.0206
177 0.0958 0.0537 0.8271 0.0217 0.0017
178 0.2610 0.0665 0.1793 0.4873 0.0059
179 0.2551 0.1141 0.0822 0.5444 0.0043
180 0.4038 0.1251 0.0559 0.3853 0.0299
181 0.4434 0.3071 0.0944 0.1428 0.0125
182 0.4893 0.3259 0.0496 0.1010 0.0344
183 0.2159 0.2974 0.1543 0.3242 0.0083
184 0.1218 0.1691 0.1135 0.5854 0.0102
185 0.1177 0.1442 0.2778 0.4373 0.0230
186 0.2622 0.2949 0.0942 0.3315 0.0170
187 0.2324 0.3657 0.3435 0.0544 0.0042
188 0.3494 0.2478 0.2537 0.1348 0.0144
189 0.2703 0.1962 0.0850 0.2969 0.1516
190 0.0739 0.3110 0.5210 0.0716 0.0224
191 0.0907 0.1260 0.0572 0.7080 0.0183
192 0.6675 0.1178 0.1244 0.0785 0.0120
193 0.2379 0.1098 0.4309 0.2133 0.0083
194 0.1528 0.3667 0.3337 0.1059 0.0408
195 0.0529 0.3000 0.4504 0.1877 0.0089
196 0.1265 0.2827 0.3057 0.2739 0.0111
197 0.0886 0.1310 0.2228 0.5342 0.0233
198 0.2086 0.1550 0.1960 0.3899 0.0504
199 0.3137 0.3965 0.1746 0.0927 0.0225
200 0.1979 0.1517 0.0673 0.4189 0.1641
201 0.2406 0.1085 0.0572 0.4092 0.1844
202 0.2324 0.1169 0.1927 0.3079 0.1500
203 0.1981 0.2209 0.1240 0.3477 0.1094
204 0.1974 0.2202 0.1255 0.3464 0.1107
205 0.5513 0.3291 0.0581 0.0114 0.0501
206 0.5513 0.3291 0.0581 0.0114 0.0501
207 0.5479 0.3323 0.0582 0.0112 0.0502
208 0.2037 0.2830 0.2496 0.2310 0.0327
