time exciting_prob fearful_prob tense_prob sad_prob relaxing_prob
0 0.2037 0.2830 0.2496 0.2310 0.0327
1 0.0768 0.0756 0.2722 0.5166 0.0589
2 0.1759 0.0699 0.2725 0.4492 0.0325
3 0.0672 0.0202 0.0427 0.8584 0.0116
4 0.0353 0.1242 0.1071 0.3325 0.4009
5 0.9175 0.0029 0.0564 0.0221 0.0012
6 0.8159 0.0066 0.1204 0.0560 0.0010
7 0.3157 0.2598 0.0732 0.2478 0.1033
8 0.2010 0.3643 0.3530 0.0155 0.0663
9 0.2102 0.1575 0.2615 0.0602 0.3105
10 0.4448 0.1265 0.1742 0.1444 0.1099
11 0.0617 0.1412 0.6138 0.1704 0.0129
12 0.1422 0.3308 0.1207 0.2220 0.1841
13 0.0815 0.0815 0.3652 0.4475 0.0243
14 0.0817 0.0986 0.5947 0.1368 0.0884
15 0.3706 0.1130 0.0605 0.3794 0.0765
16 0.5698 0.1282 0.1499 0.0686 0.0834
17 0.0607 0.0941 0.2054 0.6230 0.0166
18 0.0317 0.0081 0.0917 0.0507 0.8179
19 0.0851 0.1459 0.3186 0.1003 0.3501
20 0.0897 0.1056 0.3008 0.0862 0.4177
21 0.0179 0.0767 0.0575 0.5581 0.2896
22 0.4248 0.0963 0.0891 0.2310 0.1588
23 0.0734 0.1210 0.2424 0.4092 0.1541
24 0.1198 0.3157 0.3108 0.1885 0.0651
25 0.0472 0.0362 0.2676 0.0458 0.6030
26 0.0323 0.0375 0.2334 0.0723 0.6245
27 0.0809 0.2233 0.1088 0.2303 0.3567
28 0.0310 0.4971 0.2347 0.1075 0.1296
29 0.0433 0.1421 0.0483 0.1635 0.6025
30 0.2354 0.1804 0.3589 0.1543 0.0712
31 0.1637 0.1378 0.3633 0.1216 0.2135
32 0.1656 0.0471 0.4868 0.2030 0.0974
33 0.1353 0.0718 0.1581 0.6255 0.0095
34 0.2690 0.0390 0.2195 0.3647 0.1078
35 0.0490 0.1594 0.0342 0.1558 0.6016
36 0.2106 0.2190 0.2350 0.2581 0.0775
37 0.1221 0.1997 0.2485 0.2299 0.1997
38 0.0907 0.1240 0.3267 0.1748 0.2837
39 0.1893 0.1167 0.1849 0.3887 0.1204
40 0.0721 0.0726 0.0548 0.0897 0.7109
41 0.0564 0.0446 0.0457 0.0691 0.7842
42 0.2827 0.1335 0.2456 0.2380 0.1000
43 0.2527 0.2046 0.1921 0.0839 0.2668
44 0.0417 0.2759 0.3772 0.2435 0.0616
45 0.0956 0.1392 0.2642 0.4492 0.0520
46 0.0393 0.1791 0.2817 0.0568 0.4431
47 0.2915 0.2737 0.1224 0.0630 0.2493
48 0.1766 0.1387 0.4546 0.1925 0.0376
49 0.1582 0.0300 0.1079 0.5654 0.1385
50 0.0555 0.1807 0.1594 0.5654 0.0391
51 0.0925 0.1610 0.1179 0.1478 0.4807
52 0.0442 0.0659 0.0432 0.5020 0.3450
53 0.2170 0.2153 0.1664 0.2498 0.1515
54 0.2542 0.1733 0.3140 0.1816 0.0769
55 0.3066 0.2771 0.1980 0.1426 0.0757
56 0.1761 0.1483 0.0679 0.4788 0.1289
57 0.3032 0.4514 0.0917 0.1244 0.0293
58 0.1230 0.2299 0.2998 0.1818 0.1655
59 0.1671 0.0321 0.1185 0.6304 0.0518
60 0.0985 0.1444 0.1357 0.5894 0.0320
61 0.0685 0.4065 0.1655 0.0572 0.3022
62 0.0838 0.2010 0.1788 0.1517 0.3845
63 0.1549 0.1958 0.3518 0.2236 0.0737
64 0.0687 0.0869 0.4082 0.1729 0.2634
65 0.1639 0.3496 0.4026 0.0818 0.0022
66 0.1281 0.2393 0.3591 0.2607 0.0128
67 0.3489 0.1838 0.1741 0.1345 0.1586
68 0.5005 0.1503 0.1316 0.1467 0.0710
69 0.3872 0.0884 0.1026 0.2703 0.1516
70 0.3120 0.1029 0.1184 0.4331 0.0334
71 0.0520 0.2834 0.2074 0.4321 0.0250
72 0.0801 0.5874 0.1417 0.1683 0.0222
73 0.3633 0.2256 0.0891 0.2023 0.1198
74 0.1255 0.2517 0.1108 0.4180 0.0940
75 0.0376 0.4617 0.1698 0.3223 0.0087
76 0.0616 0.1432 0.1089 0.2019 0.4844
77 0.0274 0.2971 0.2074 0.2140 0.2542
78 0.0435 0.2747 0.3752 0.2241 0.0825
79 0.1101 0.1505 0.2561 0.4495 0.0338
80 0.1372 0.2905 0.3044 0.1735 0.0943
81 0.0204 0.4712 0.1415 0.2771 0.0899
82 0.0912 0.1931 0.3782 0.1153 0.2223
83 0.0894 0.0665 0.1261 0.5068 0.2112
84 0.0532 0.1058 0.2744 0.5210 0.0455
85 0.0459 0.0581 0.2542 0.2227 0.4192
86 0.0501 0.1052 0.1299 0.1506 0.5640
87 0.0487 0.2472 0.3076 0.2512 0.1454
88 0.0369 0.0466 0.0399 0.3088 0.5679
89 0.0187 0.0734 0.0399 0.0734 0.7949
90 0.0968 0.1896 0.2286 0.4478 0.0373
91 0.0852 0.0482 0.0740 0.6807 0.1120
92 0.1078 0.0735 0.4365 0.3047 0.0776
93 0.1316 0.0844 0.4316 0.2537 0.0986
94 0.0676 0.2847 0.1443 0.3892 0.1141
95 0.0962 0.0755 0.0162 0.1943 0.6177
96 0.0320 0.0325 0.0305 0.0330 0.8721
97 0.0524 0.0244 0.0608 0.0554 0.8071
98 0.0694 0.0905 0.1771 0.1504 0.5127
99 0.0439 0.1290 0.0670 0.0624 0.6978
100 0.0617 0.2153 0.6328 0.0411 0.0488
101 0.0489 0.2905 0.4500 0.1655 0.0453
102 0.1958 0.2068 0.2720 0.0947 0.2307
103 0.0609 0.6553 0.0922 0.1848 0.0070
104 0.2367 0.2944 0.0580 0.1208 0.2900
105 0.1748 0.1642 0.1860 0.3530 0.1220
106 0.1914 0.1898 0.4414 0.0317 0.1456
107 0.0529 0.0974 0.6450 0.0959 0.1086
108 0.3782 0.1327 0.1018 0.3086 0.0787
109 0.3218 0.1405 0.1906 0.1891 0.1580
110 0.1548 0.1896 0.3176 0.3079 0.0302
111 0.1215 0.1454 0.2148 0.1234 0.3950
112 0.1639 0.1516 0.2072 0.2703 0.2072
113 0.1191 0.0757 0.0652 0.0102 0.7295
114 0.0870 0.0710 0.3037 0.0897 0.4487
115 0.2172 0.1564 0.1993 0.0150 0.4121
116 0.0872 0.3372 0.1776 0.0336 0.3645
117 0.0737 0.0348 0.2324 0.0271 0.6318
118 0.0656 0.0239 0.0557 0.0039 0.8506
119 0.1031 0.0977 0.2399 0.0232 0.5361
120 0.1371 0.1191 0.2769 0.3340 0.1328
121 0.1669 0.1012 0.2317 0.3940 0.1061
122 0.0971 0.1871 0.1327 0.1050 0.4780
123 0.1531 0.2976 0.1605 0.1094 0.2795
124 0.1466 0.1313 0.0698 0.5576 0.0947
125 0.1951 0.2263 0.0696 0.4465 0.0623
126 0.1040 0.0602 0.3008 0.0903 0.4446
127 0.0797 0.0255 0.1421 0.0531 0.6997
128 0.0666 0.0698 0.2252 0.0450 0.5933
129 0.3928 0.1143 0.0721 0.3606 0.0602
130 0.5151 0.0861 0.0547 0.2416 0.1023
131 0.1310 0.0807 0.0989 0.2861 0.4033
132 0.1093 0.1011 0.0711 0.0331 0.6855
133 0.0635 0.0687 0.2148 0.6118 0.0410
134 0.1671 0.1385 0.1954 0.4136 0.0853
135 0.1801 0.1886 0.2539 0.2539 0.1237
136 0.0373 0.0125 0.1594 0.0179 0.7729
137 0.2207 0.3262 0.3113 0.0415 0.1003
138 0.1016 0.1225 0.5488 0.1782 0.0487
139 0.1082 0.0491 0.1455 0.0451 0.6523
140 0.1157 0.0460 0.1509 0.1271 0.5605
141 0.0274 0.0199 0.0311 0.0137 0.9077
142 0.0528 0.0229 0.0346 0.0100 0.8794
143 0.0898 0.0366 0.1066 0.0270 0.7402
144 0.0871 0.2705 0.1517 0.0306 0.4602
145 0.0471 0.0384 0.1165 0.0614 0.7363
146 0.0240 0.0179 0.1147 0.0345 0.8091
147 0.0608 0.0168 0.0213 0.0148 0.8862
148 0.0611 0.0239 0.0098 0.0414 0.8638
149 0.0293 0.0214 0.0091 0.0161 0.9243
150 0.0527 0.0468 0.0211 0.0356 0.8438
151 0.1125 0.1117 0.0774 0.0247 0.6738
152 0.1378 0.1702 0.0597 0.0293 0.6030
153 0.0671 0.0354 0.0109 0.0362 0.8506
154 0.1126 0.1799 0.0934 0.4490 0.1652
155 0.1753 0.0731 0.0454 0.0547 0.6514
156 0.0426 0.1007 0.0461 0.0307 0.7798
157 0.0470 0.0290 0.0256 0.0179 0.8804
158 0.0688 0.0380 0.2517 0.0182 0.6230
159 0.0573 0.0923 0.0443 0.0450 0.7612
160 0.0457 0.0083 0.0134 0.2340 0.6987
161 0.1912 0.2067 0.1560 0.3984 0.0476
162 0.1677 0.2054 0.1390 0.0792 0.4087
163 0.0641 0.0955 0.0918 0.0206 0.7280
164 0.0518 0.0282 0.2671 0.0223 0.6309
165 0.0364 0.0103 0.2335 0.0228 0.6973
166 0.0635 0.0186 0.0191 0.0082 0.8906
167 0.0833 0.0493 0.0198 0.0266 0.8213
168 0.0927 0.1992 0.5586 0.0210 0.1285
169 0.2686 0.2191 0.2603 0.0558 0.1964
170 0.2415 0.1465 0.0376 0.0868 0.4878
171 0.1614 0.2810 0.3723 0.0315 0.1539
172 0.0780 0.3232 0.3550 0.1434 0.1002
173 0.1892 0.1406 0.1952 0.1863 0.2886
174 0.1153 0.1247 0.2056 0.3840 0.1704
175 0.0447 0.0606 0.0835 0.3489 0.4622
176 0.1176 0.1113 0.4167 0.2957 0.0587
177 0.1451 0.0505 0.0718 0.3706 0.3621
178 0.1415 0.0781 0.3816 0.2502 0.1483
179 0.1880 0.2490 0.4138 0.0765 0.0725
180 0.1608 0.1608 0.3098 0.1851 0.1836
181 0.0617 0.0699 0.3718 0.1526 0.3440
182 0.0702 0.0916 0.2732 0.3350 0.2301
183 0.0533 0.6001 0.2173 0.0402 0.0892
184 0.0426 0.2737 0.5112 0.0848 0.0875
185 0.1783 0.1467 0.1125 0.2615 0.3010
186 0.1207 0.2988 0.4700 0.0333 0.0773
187 0.0219 0.0952 0.7490 0.1014 0.0324
188 0.0549 0.2769 0.0781 0.1267 0.4636
189 0.0752 0.2410 0.1669 0.2263 0.2905
190 0.1420 0.2164 0.3250 0.1971 0.1196
191 0.2169 0.4888 0.2102 0.0174 0.0667
192 0.0188 0.0176 0.0138 0.2734 0.6763
193 0.0630 0.0265 0.0091 0.0253 0.8765
194 0.0888 0.0457 0.0262 0.0226 0.8164
195 0.3081 0.0607 0.1346 0.3777 0.1188
