time exciting_prob fearful_prob tense_prob sad_prob relaxing_prob
0 0.2037 0.2830 0.2496 0.2310 0.0327
1 0.0202 0.0996 0.2352 0.6396 0.0053
2 0.0064 0.1753 0.3770 0.4407 0.0007
3 0.9390 0.0293 0.0241 0.0011 0.0064
4 0.9087 0.0152 0.0701 0.0023 0.0037
5 0.5967 0.2266 0.1486 0.0162 0.0120
6 0.2734 0.1753 0.3403 0.2017 0.0091
7 0.0600 0.0691 0.0795 0.7783 0.0131
8 0.7812 0.0870 0.0079 0.0430 0.0811
9 0.2671 0.1969 0.2471 0.2756 0.0133
10 0.5288 0.0496 0.1829 0.1758 0.0627
11 0.5615 0.1740 0.2323 0.0131 0.0192
12 0.1220 0.1890 0.2927 0.3020 0.0943
13 0.0798 0.1447 0.2275 0.4741 0.0739
14 0.0443 0.2233 0.4438 0.2693 0.0193
15 0.7285 0.1492 0.1010 0.0043 0.0171
16 0.5439 0.1808 0.1476 0.0479 0.0796
17 0.0400 0.4839 0.4270 0.0468 0.0025
18 0.2100 0.5938 0.1215 0.0743 0.0005
19 0.4832 0.3347 0.1028 0.0324 0.0471
20 0.0300 0.4114 0.4050 0.1490 0.0045
21 0.0573 0.3025 0.6206 0.0165 0.0030
22 0.5908 0.2561 0.1146 0.0116 0.0266
23 0.0790 0.0796 0.4580 0.3247 0.0587
24 0.5181 0.2861 0.1138 0.0505 0.0311
25 0.0385 0.2710 0.0753 0.6016 0.0137
26 0.1703 0.1412 0.4417 0.2153 0.0315
27 0.2328 0.3362 0.4182 0.0079 0.0049
28 0.0889 0.2781 0.4956 0.1252 0.0124
29 0.1997 0.3118 0.2177 0.2142 0.0568
30 0.0175 0.3679 0.5791 0.0348 0.0008
31 0.1405 0.1763 0.4944 0.1763 0.0127
32 0.0191 0.1730 0.7285 0.0732 0.0061
33 0.7441 0.0924 0.1523 0.0054 0.0059
34 0.4089 0.2703 0.1075 0.0157 0.1978
35 0.0713 0.0522 0.2649 0.5972 0.0144
36 0.0179 0.3855 0.1054 0.4873 0.0037
37 0.5625 0.2720 0.1400 0.0040 0.0215
38 0.7080 0.1165 0.1085 0.0517 0.0155
39 0.1335 0.1770 0.5005 0.1854 0.0037
40 0.1735 0.1192 0.5098 0.1935 0.0040
41 0.1488 0.0450 0.0737 0.6987 0.0337
42 0.6665 0.1354 0.1725 0.0053 0.0203
43 0.0121 0.3101 0.5703 0.1023 0.0051
44 0.0148 0.3291 0.2644 0.3906 0.0012
45 0.2688 0.4197 0.2546 0.0264 0.0304
46 0.5093 0.3418 0.0775 0.0580 0.0136
47 0.6367 0.1882 0.1443 0.0070 0.0239
48 0.5098 0.0996 0.2446 0.1340 0.0118
49 0.5166 0.0986 0.1189 0.2007 0.0652
50 0.0654 0.1183 0.2318 0.5391 0.0456
51 0.7178 0.0369 0.2057 0.0251 0.0144
52 0.1257 0.4387 0.4187 0.0134 0.0034
53 0.1349 0.0249 0.2260 0.5679 0.0463
54 0.3604 0.1869 0.2554 0.1537 0.0437
55 0.2891 0.0174 0.0720 0.6025 0.0191
56 0.3491 0.4485 0.0970 0.0842 0.0211
57 0.5684 0.0892 0.1278 0.0886 0.1259
58 0.6401 0.1251 0.2030 0.0068 0.0248
59 0.0245 0.2168 0.7217 0.0362 0.0007
60 0.1840 0.0687 0.1169 0.6123 0.0179
61 0.3247 0.1054 0.2549 0.2649 0.0502
62 0.1943 0.1467 0.1235 0.5200 0.0153
63 0.2795 0.3882 0.1260 0.1937 0.0125
64 0.5615 0.1548 0.2737 0.0072 0.0028
65 0.1279 0.2815 0.5869 0.0032 0.0007
66 0.2034 0.1283 0.0587 0.5884 0.0211
67 0.4937 0.2388 0.1641 0.0594 0.0442
68 0.3801 0.1196 0.1584 0.2473 0.0946
69 0.1409 0.7148 0.0382 0.1022 0.0037
70 0.0967 0.2710 0.3025 0.3169 0.0130
71 0.1575 0.5327 0.2988 0.0073 0.0035
72 0.7925 0.0822 0.1000 0.0069 0.0185
73 0.5400 0.0535 0.0665 0.2803 0.0597
74 0.1448 0.1602 0.0352 0.6436 0.0164
75 0.2468 0.4006 0.1384 0.2047 0.0093
76 0.1192 0.4751 0.3423 0.0572 0.0062
77 0.3474 0.3904 0.2444 0.0109 0.0070
78 0.5884 0.2098 0.1055 0.0410 0.0552
79 0.2114 0.0423 0.0597 0.6025 0.0841
80 0.0425 0.8018 0.1279 0.0268 0.0009
81 0.3511 0.4873 0.1071 0.0319 0.0228
82 0.1383 0.1616 0.1427 0.5298 0.0274
83 0.1945 0.2498 0.3413 0.2103 0.0042
84 0.5957 0.2140 0.0673 0.0360 0.0872
85 0.7153 0.0875 0.1158 0.0560 0.0255
86 0.3467 0.3928 0.1960 0.0580 0.0065
87 0.0978 0.6035 0.1638 0.1256 0.0092
88 0.2666 0.5181 0.1129 0.0643 0.0384
89 0.1602 0.1705 0.4253 0.2423 0.0017
90 0.2065 0.4878 0.1186 0.1837 0.0033
91 0.1780 0.5698 0.2451 0.0044 0.0025
92 0.7725 0.1005 0.1078 0.0055 0.0135
93 0.2432 0.4136 0.3025 0.0367 0.0039
94 0.1155 0.0965 0.0757 0.6963 0.0160
95 0.5483 0.2147 0.1766 0.0526 0.0079
96 0.1167 0.4075 0.1608 0.3003 0.0147
97 0.1008 0.6943 0.0947 0.1074 0.0026
98 0.3137 0.4126 0.1733 0.0700 0.0303
99 0.0905 0.2205 0.2103 0.4741 0.0048
100 0.1177 0.2002 0.2050 0.4727 0.0046
101 0.1024 0.1927 0.3489 0.3489 0.0070
102 0.2822 0.2434 0.4690 0.0024 0.0029
103 0.6118 0.2002 0.1794 0.0027 0.0057
104 0.3486 0.2737 0.3174 0.0479 0.0125
105 0.4719 0.2751 0.2046 0.0326 0.0157
106 0.4380 0.1913 0.1729 0.0791 0.1188
107 0.1204 0.3074 0.5479 0.0196 0.0050
108 0.2003 0.2781 0.1781 0.3176 0.0261
109 0.0844 0.2008 0.2137 0.4316 0.0694
110 0.7354 0.1653 0.0745 0.0135 0.0114
111 0.1696 0.3398 0.1749 0.3118 0.0037
112 0.3118 0.3318 0.3118 0.0358 0.0088
113 0.4055 0.2404 0.3208 0.0188 0.0143
114 0.0648 0.3813 0.1641 0.3875 0.0026
115 0.0249 0.4341 0.4014 0.1387 0.0011
116 0.2837 0.4460 0.1788 0.0865 0.0050
117 0.3230 0.3306 0.2053 0.1335 0.0075
118 0.3140 0.3503 0.3240 0.0065 0.0054
119 0.4246 0.1841 0.0631 0.2917 0.0365
120 0.2019 0.3713 0.1273 0.2915 0.0080
121 0.1833 0.3425 0.2487 0.1764 0.0490
122 0.1678 0.1084 0.1470 0.3418 0.2349
123 0.2133 0.1015 0.4514 0.2235 0.0104
124 0.1923 0.1968 0.2979 0.2932 0.0199
125 0.1259 0.0585 0.2705 0.4531 0.0920
126 0.2183 0.2251 0.1115 0.0681 0.3770
127 0.2776 0.0759 0.4436 0.1509 0.0522
128 0.1376 0.0861 0.2268 0.4580 0.0916
129 0.2460 0.1256 0.3362 0.0683 0.2240
130 0.3809 0.2007 0.1886 0.1379 0.0919
131 0.0513 0.5059 0.3042 0.1361 0.0027
132 0.1349 0.4321 0.2295 0.1589 0.0445
133 0.7339 0.0699 0.1783 0.0092 0.0088
134 0.1156 0.4431 0.4229 0.0107 0.0076
135 0.6831 0.0767 0.1700 0.0552 0.0149
136 0.1179 0.2290 0.2362 0.3774 0.0395
137 0.2559 0.1576 0.1436 0.0308 0.4121
138 0.1664 0.2460 0.1208 0.1227 0.3442
139 0.1191 0.1163 0.5464 0.0411 0.1774
140 0.4309 0.1610 0.3408 0.0469 0.0202
141 0.1288 0.1707 0.3315 0.3018 0.0673
142 0.0636 0.6470 0.1160 0.1715 0.0017
143 0.0756 0.2617 0.5542 0.1049 0.0036
144 0.2020 0.1501 0.0939 0.1853 0.3687
145 0.1843 0.0566 0.1589 0.5635 0.0369
146 0.0829 0.4111 0.4446 0.0483 0.0129
147 0.5098 0.0728 0.1506 0.2389 0.0281
148 0.0569 0.3889 0.4270 0.1214 0.0057
149 0.1580 0.2927 0.4827 0.0648 0.0017
150 0.2102 0.1049 0.5449 0.1082 0.0317
151 0.3235 0.1392 0.4058 0.0844 0.0470
152 0.4500 0.1362 0.2335 0.1230 0.0572
153 0.4839 0.3711 0.0809 0.0055 0.0587
154 0.4912 0.2179 0.1864 0.0681 0.0364
155 0.1294 0.4771 0.2634 0.1099 0.0202
156 0.1624 0.0732 0.5493 0.1782 0.0371
157 0.2529 0.1487 0.4011 0.1808 0.0163
158 0.3821 0.2666 0.2126 0.1147 0.0239
159 0.7524 0.1248 0.1136 0.0050 0.0040
160 0.7407 0.1802 0.0445 0.0076 0.0268
161 0.7554 0.1312 0.0796 0.0214 0.0123
162 0.4226 0.3447 0.1733 0.0572 0.0021
163 0.3281 0.4282 0.2070 0.0190 0.0177
164 0.4045 0.2847 0.2252 0.0499 0.0356
165 0.1980 0.2522 0.4788 0.0668 0.0042
166 0.2466 0.0181 0.0590 0.6597 0.0165
167 0.5762 0.0511 0.0417 0.3184 0.0123
168 0.0897 0.6523 0.0641 0.1898 0.0041
169 0.6064 0.1510 0.1475 0.0735 0.0216
170 0.1760 0.2174 0.2834 0.2388 0.0845
171 0.0824 0.3362 0.4631 0.1100 0.0084
172 0.4463 0.4128 0.1028 0.0123 0.0258
173 0.0901 0.0967 0.1836 0.6113 0.0180
174 0.3118 0.1384 0.4717 0.0456 0.0323
175 0.3696 0.2878 0.1774 0.0516 0.1136
176 0.0724 0.1250 0.7139 0.0696 0.0189
177 0.1541 0.0662 0.5903 0.1678 0.0213
178 0.6079 0.1197 0.2573 0.0115 0.0038
179 0.0118 0.2223 0.6953 0.0667 0.0039
180 0.4109 0.3005 0.2114 0.0539 0.0234
181 0.7739 0.1536 0.0433 0.0158 0.0133
182 0.5347 0.1428 0.0159 0.2688 0.0378
183 0.2037 0.2830 0.2496 0.2310 0.0327
184 0.2037 0.2830 0.2496 0.2310 0.0327
