time exciting_prob fearful_prob tense_prob sad_prob relaxing_prob
0 0.3525 0.1978 0.1127 0.2788 0.0580
1 0.2805 0.1675 0.5322 0.0143 0.0054
2 0.1648 0.1523 0.6216 0.0351 0.0261
3 0.3181 0.2274 0.3899 0.0401 0.0245
4 0.2302 0.2649 0.3948 0.0736 0.0364
5 0.1748 0.1543 0.4194 0.1920 0.0595
6 0.1823 0.2571 0.2164 0.2610 0.0834
7 0.1866 0.4917 0.1187 0.1283 0.0748
8 0.1368 0.1503 0.2328 0.4084 0.0715
9 0.1808 0.0790 0.4204 0.2756 0.0443
10 0.2295 0.1228 0.5420 0.0871 0.0188
11 0.2026 0.1210 0.4712 0.1578 0.0474
12 0.1393 0.3264 0.4712 0.0205 0.0428
13 0.2600 0.2330 0.3965 0.0405 0.0700
14 0.0550 0.7715 0.1495 0.0080 0.0160
15 0.1995 0.1191 0.4785 0.1603 0.0425
16 0.3528 0.0226 0.3640 0.1404 0.1201
17 0.2654 0.1115 0.4409 0.1007 0.0815
18 0.2295 0.1003 0.2278 0.0580 0.3845
19 0.1849 0.2469 0.3457 0.0486 0.1738
20 0.1692 0.0994 0.5293 0.1026 0.0994
21 0.3135 0.1993 0.3723 0.0733 0.0414
22 0.1711 0.0967 0.5190 0.1322 0.0809
23 0.0911 0.5664 0.1549 0.1586 0.0291
24 0.1384 0.5435 0.1984 0.1005 0.0193
25 0.4766 0.0698 0.2937 0.0510 0.1089
26 0.1688 0.2615 0.1467 0.0454 0.3774
27 0.2397 0.1399 0.1225 0.0703 0.4275
28 0.0202 0.6230 0.2365 0.0085 0.1117
29 0.0167 0.7212 0.1809 0.0218 0.0592
30 0.1628 0.2996 0.3728 0.0493 0.1155
31 0.0520 0.1628 0.7070 0.0387 0.0393
32 0.0501 0.2666 0.5059 0.1567 0.0206
33 0.0880 0.5347 0.2930 0.0529 0.0311
34 0.1114 0.3027 0.4170 0.1038 0.0649
35 0.0718 0.0729 0.1240 0.0290 0.7021
36 0.0511 0.0598 0.5498 0.0756 0.2637
37 0.1459 0.0927 0.4856 0.1787 0.0972
38 0.1147 0.0853 0.5142 0.1240 0.1617
39 0.0679 0.5601 0.1472 0.0186 0.2061
40 0.0417 0.5630 0.2440 0.0124 0.1390
41 0.0875 0.5977 0.1409 0.0203 0.1536
42 0.1149 0.5615 0.1970 0.0494 0.0771
43 0.0542 0.6504 0.2247 0.0270 0.0439
44 0.1869 0.2988 0.4280 0.0213 0.0651
45 0.2028 0.2245 0.3730 0.0277 0.1721
46 0.1641 0.2242 0.4158 0.0442 0.1517
47 0.2313 0.2157 0.3967 0.0160 0.1404
48 0.1171 0.0627 0.5586 0.1552 0.1066
49 0.2362 0.1378 0.3518 0.1561 0.1179
50 0.2218 0.1294 0.4482 0.0810 0.1197
51 0.0968 0.0464 0.6118 0.1186 0.1262
52 0.2484 0.1036 0.4463 0.0463 0.1554
53 0.1797 0.1124 0.4807 0.0611 0.1661
54 0.1548 0.1768 0.3101 0.0457 0.3125
55 0.1470 0.0799 0.3259 0.3582 0.0891
56 0.1587 0.1017 0.5288 0.1914 0.0196
57 0.1891 0.1484 0.3477 0.0758 0.2390
58 0.1361 0.2191 0.3447 0.0648 0.2351
59 0.1664 0.2988 0.2898 0.0346 0.2103
60 0.2852 0.0762 0.4739 0.0477 0.1171
61 0.2085 0.1040 0.4924 0.0552 0.1400
62 0.1907 0.1724 0.3794 0.1737 0.0840
63 0.2457 0.1108 0.5283 0.0682 0.0469
64 0.2269 0.4880 0.1187 0.0640 0.1023
65 0.2939 0.0515 0.4697 0.1207 0.0641
66 0.1165 0.1362 0.6450 0.0355 0.0669
67 0.0789 0.3733 0.4868 0.0131 0.0482
68 0.1167 0.3271 0.4072 0.1282 0.0208
69 0.1622 0.3984 0.3303 0.0407 0.0682
70 0.2064 0.2339 0.2734 0.0748 0.2113
71 0.1260 0.0600 0.4036 0.2487 0.1617
72 0.2617 0.1664 0.2478 0.0411 0.2830
73 0.0677 0.1854 0.6421 0.0856 0.0190
74 0.1085 0.0297 0.5776 0.1707 0.1137
75 0.1886 0.1527 0.2460 0.2072 0.2056
76 0.2678 0.1676 0.1884 0.1742 0.2021
77 0.2277 0.0825 0.5547 0.0366 0.0987
78 0.1096 0.5522 0.1685 0.0309 0.1385
79 0.1047 0.3149 0.2803 0.2217 0.0784
80 0.1344 0.0625 0.6514 0.0854 0.0665
81 0.1980 0.0914 0.4460 0.2351 0.0294
82 0.2368 0.2225 0.3813 0.0558 0.1035
83 0.0688 0.2053 0.6035 0.0566 0.0656
84 0.3162 0.1218 0.2832 0.2385 0.0402
85 0.1816 0.0906 0.4192 0.1816 0.1268
86 0.3552 0.1470 0.4089 0.0116 0.0774
87 0.2754 0.2249 0.4167 0.0230 0.0600
88 0.1790 0.3069 0.2773 0.0996 0.1372
89 0.0425 0.6353 0.1863 0.0908 0.0453
90 0.1681 0.0886 0.2837 0.2371 0.2227
91 0.1802 0.1615 0.2260 0.1210 0.3113
92 0.2213 0.0600 0.4399 0.0967 0.1820
93 0.2343 0.2634 0.4209 0.0327 0.0487
94 0.2812 0.1666 0.4255 0.0421 0.0845
95 0.4009 0.0937 0.3621 0.0348 0.1087
96 0.0747 0.4912 0.2588 0.0982 0.0771
97 0.0731 0.5483 0.1465 0.2002 0.0317
98 0.2096 0.1262 0.3623 0.0530 0.2489
99 0.2820 0.1022 0.3650 0.0629 0.1879
100 0.2395 0.2233 0.3223 0.0300 0.1851
101 0.2083 0.2083 0.3486 0.0436 0.1910
102 0.4951 0.1510 0.1407 0.0560 0.1570
103 0.2356 0.1558 0.4797 0.0436 0.0853
104 0.0583 0.1168 0.3892 0.4272 0.0085
105 0.0928 0.4092 0.2483 0.1859 0.0638
106 0.1722 0.0361 0.1544 0.5918 0.0456
107 0.0284 0.8091 0.1261 0.0140 0.0222
108 0.1036 0.6445 0.1735 0.0195 0.0590
109 0.1821 0.2800 0.3652 0.0373 0.1354
110 0.1705 0.3235 0.3608 0.0383 0.1067
111 0.4426 0.0628 0.3613 0.0942 0.0390
112 0.2417 0.1151 0.5278 0.0810 0.0343
113 0.2455 0.1151 0.4731 0.0809 0.0855
114 0.2805 0.1188 0.3491 0.1826 0.0688
115 0.2157 0.2074 0.3997 0.0571 0.1201
116 0.1824 0.2035 0.4480 0.1178 0.0483
117 0.2576 0.1135 0.5244 0.0213 0.0830
118 0.1197 0.0810 0.5581 0.1235 0.1179
119 0.1903 0.2057 0.4060 0.0235 0.1746
120 0.2891 0.1409 0.3433 0.0916 0.1354
121 0.3904 0.1027 0.2581 0.1404 0.1085
122 0.1519 0.1340 0.6650 0.0123 0.0369
123 0.3435 0.1089 0.3984 0.0491 0.1000
124 0.1560 0.1047 0.6724 0.0182 0.0487
125 0.1732 0.0957 0.5679 0.0885 0.0745
126 0.1542 0.4673 0.2522 0.0585 0.0679
127 0.1115 0.5239 0.2739 0.0382 0.0527
128 0.2522 0.1278 0.5596 0.0132 0.0474
129 0.0755 0.0293 0.1501 0.7163 0.0284
130 0.2177 0.0900 0.5303 0.0776 0.0845
131 0.1962 0.1287 0.4971 0.0722 0.1058
132 0.2229 0.2908 0.3508 0.0105 0.1250
133 0.1725 0.1195 0.5610 0.0197 0.1272
134 0.1278 0.1059 0.6240 0.0338 0.1085
135 0.1646 0.1343 0.5146 0.0284 0.1582
136 0.3076 0.2737 0.2715 0.0179 0.1293
137 0.3064 0.2106 0.3726 0.0268 0.0837
138 0.2561 0.3640 0.2581 0.0226 0.0995
139 0.2112 0.4470 0.1953 0.0123 0.1343
140 0.1265 0.4050 0.1688 0.1826 0.1169
141 0.3220 0.0741 0.2213 0.2668 0.1157
142 0.1522 0.0841 0.6118 0.0625 0.0895
143 0.1257 0.0623 0.7012 0.0390 0.0717
144 0.1387 0.1313 0.6670 0.0226 0.0404
145 0.2112 0.1096 0.4578 0.1724 0.0490
146 0.2463 0.0775 0.5054 0.0806 0.0899
147 0.2722 0.0750 0.3838 0.1266 0.1423
148 0.1326 0.0398 0.5122 0.0948 0.2203
149 0.0662 0.0328 0.7227 0.0774 0.1009
150 0.2449 0.0378 0.3145 0.2908 0.1121
151 0.1969 0.0644 0.4333 0.1658 0.1396
152 0.3235 0.1626 0.3665 0.0612 0.0864
153 0.1753 0.0784 0.4207 0.1476 0.1781
154 0.1868 0.0709 0.4016 0.1782 0.1624
155 0.3313 0.1003 0.3262 0.0995 0.1426
156 0.1909 0.0983 0.4373 0.0796 0.1940
157 0.2347 0.2559 0.1602 0.1978 0.1516
158 0.2859 0.1996 0.1393 0.0825 0.2927
159 0.0807 0.4429 0.0659 0.0228 0.3879
160 0.0834 0.1909 0.0665 0.0083 0.6509
161 0.3047 0.3425 0.2229 0.0288 0.1013
162 0.2666 0.3730 0.2371 0.0260 0.0973
163 0.2174 0.1903 0.2444 0.2261 0.1219
164 0.0259 0.1133 0.5938 0.0487 0.2184
165 0.1552 0.0948 0.2681 0.1041 0.3779
166 0.0829 0.1687 0.1097 0.1151 0.5234
167 0.0701 0.4031 0.1085 0.0276 0.3906
168 0.1176 0.4006 0.4070 0.0175 0.0573
169 0.1985 0.1671 0.0945 0.0713 0.4688
170 0.2245 0.5059 0.2334 0.0110 0.0254
171 0.0872 0.6753 0.1567 0.0614 0.0193
172 0.2722 0.1538 0.3108 0.0117 0.2517
173 0.3611 0.2277 0.2520 0.0077 0.1516
174 0.2793 0.2013 0.3760 0.0062 0.1372
175 0.2507 0.3855 0.2321 0.0295 0.1022
176 0.1281 0.3762 0.2488 0.0133 0.2336
177 0.2340 0.2981 0.2549 0.0867 0.1262
178 0.2993 0.2277 0.1902 0.0657 0.2172
179 0.2308 0.4626 0.0672 0.0206 0.2186
180 0.2258 0.2620 0.1436 0.0500 0.3186
181 0.0933 0.3774 0.2720 0.0472 0.2101
182 0.1313 0.2035 0.4111 0.0772 0.1768
183 0.1348 0.2722 0.2007 0.0792 0.3132
184 0.0283 0.2664 0.6641 0.0320 0.0091
185 0.2432 0.2163 0.2756 0.0400 0.2250
186 0.2104 0.1917 0.3752 0.0722 0.1504
187 0.0654 0.2776 0.6060 0.0123 0.0388
188 0.2739 0.1388 0.4277 0.0454 0.1142
189 0.1998 0.2264 0.3792 0.0634 0.1311
190 0.2747 0.3472 0.2620 0.0762 0.0402
191 0.0806 0.4749 0.4126 0.0233 0.0086
192 0.1414 0.3782 0.3694 0.0313 0.0799
193 0.2067 0.3684 0.1015 0.1398 0.1837
194 0.1696 0.4397 0.1428 0.0302 0.2177
195 0.1565 0.1719 0.6289 0.0103 0.0323
196 0.0667 0.0780 0.4023 0.0688 0.3840
197 0.1533 0.0873 0.4504 0.0639 0.2450
198 0.1137 0.3164 0.4978 0.0497 0.0222
199 0.3105 0.0883 0.4084 0.1008 0.0919
200 0.3196 0.0901 0.4436 0.0587 0.0880
201 0.1747 0.3066 0.2242 0.1542 0.1404
202 0.1046 0.3887 0.3379 0.0841 0.0847
203 0.0782 0.2175 0.6294 0.0209 0.0537
204 0.1271 0.0814 0.1498 0.2712 0.3706
205 0.1732 0.1844 0.1948 0.0663 0.3813
206 0.1925 0.1312 0.2017 0.0796 0.3950
207 0.1342 0.1998 0.3677 0.0664 0.2318
208 0.0669 0.1103 0.4717 0.0782 0.2729
209 0.1475 0.1364 0.6064 0.0707 0.0391
210 0.2649 0.1140 0.5190 0.0309 0.0713
211 0.3550 0.1526 0.2896 0.0202 0.1826
212 0.1174 0.4263 0.1936 0.1763 0.0865
213 0.2810 0.3062 0.0864 0.1392 0.1873
214 0.4456 0.1257 0.3135 0.0125 0.1026
215 0.0558 0.4636 0.1963 0.2520 0.0323
216 0.0876 0.0985 0.0761 0.0097 0.7280
217 0.1824 0.5273 0.1609 0.0404 0.0889
218 0.0825 0.1077 0.6807 0.0266 0.1027
219 0.2389 0.5820 0.0294 0.1192 0.0304
220 0.3433 0.3486 0.0457 0.2166 0.0457
221 0.1405 0.1616 0.2371 0.0879 0.3730
222 0.2593 0.4585 0.1536 0.0263 0.1023
223 0.1957 0.1187 0.4695 0.0709 0.1454
224 0.0276 0.1403 0.8066 0.0218 0.0035
225 0.0702 0.5786 0.2568 0.0117 0.0827
226 0.1376 0.0909 0.2197 0.2113 0.3403
227 0.1440 0.1021 0.2957 0.2015 0.2568
228 0.1803 0.4497 0.1733 0.1531 0.0435
229 0.0814 0.4578 0.4104 0.0135 0.0370
230 0.1505 0.4189 0.3162 0.0717 0.0425
231 0.1515 0.5410 0.2808 0.0138 0.0128
232 0.1736 0.1605 0.1722 0.1373 0.3562
233 0.0646 0.2898 0.4778 0.1266 0.0411
234 0.0409 0.4788 0.4258 0.0161 0.0384
235 0.1164 0.2444 0.1238 0.1733 0.3420
236 0.1425 0.1830 0.1719 0.0906 0.4121
237 0.1776 0.0581 0.1580 0.0372 0.5688
238 0.1494 0.2837 0.4258 0.1219 0.0193
239 0.1807 0.2527 0.1533 0.0542 0.3591
240 0.2734 0.2064 0.1632 0.1194 0.2375
241 0.2355 0.1321 0.2668 0.0309 0.3347
242 0.1709 0.5430 0.2094 0.0297 0.0471
243 0.2185 0.4414 0.2020 0.1179 0.0202
244 0.3169 0.3706 0.1176 0.0765 0.1185
245 0.0834 0.3098 0.2776 0.0724 0.2568
246 0.2070 0.2764 0.2328 0.0598 0.2239
247 0.2925 0.0512 0.3313 0.2278 0.0972
248 0.2266 0.0735 0.4612 0.1521 0.0867
249 0.2250 0.0708 0.5835 0.0453 0.0754
250 0.1786 0.1100 0.5459 0.0905 0.0750
251 0.0355 0.4939 0.2727 0.1210 0.0769
252 0.2988 0.1676 0.1134 0.0762 0.3440
253 0.1440 0.2179 0.1968 0.4199 0.0214
254 0.0786 0.1665 0.4456 0.1237 0.1857
255 0.0548 0.1913 0.5708 0.0515 0.1315
256 0.1295 0.1179 0.1715 0.3835 0.1975
257 0.1855 0.2037 0.4380 0.0349 0.1378
258 0.4519 0.1274 0.2615 0.0773 0.0817
259 0.1302 0.5933 0.1243 0.1055 0.0468
260 0.0414 0.5625 0.1702 0.2085 0.0174
261 0.0461 0.4143 0.4143 0.0420 0.0835
262 0.0498 0.5269 0.2566 0.1417 0.0250
263 0.1101 0.3015 0.5293 0.0244 0.0346
264 0.1337 0.2966 0.1730 0.0333 0.3635
265 0.1165 0.5430 0.1791 0.0295 0.1321
266 0.0650 0.0159 0.0714 0.0305 0.8174
267 0.2153 0.0744 0.2988 0.0424 0.3691
268 0.0281 0.5518 0.2930 0.0638 0.0634
269 0.1118 0.1306 0.1758 0.5674 0.0144
270 0.0524 0.4316 0.4316 0.0627 0.0215
271 0.2832 0.3362 0.1564 0.1516 0.0727
272 0.4983 0.0649 0.3142 0.0229 0.0997
273 0.1467 0.5166 0.2595 0.0377 0.0395
274 0.2810 0.1552 0.4387 0.0540 0.0710
275 0.2515 0.1421 0.4209 0.0271 0.1586
276 0.0802 0.6558 0.1836 0.0201 0.0601
277 0.0401 0.5278 0.3462 0.0503 0.0356
278 0.0410 0.7095 0.2001 0.0232 0.0262
