time exciting_prob fearful_prob tense_prob sad_prob relaxing_prob
0 0.2037 0.2830 0.2496 0.2310 0.0327
1 0.0878 0.1614 0.2423 0.4895 0.0190
2 0.1407 0.1985 0.3652 0.2756 0.0200
3 0.1866 0.1477 0.2632 0.3379 0.0645
4 0.1141 0.1234 0.1823 0.5190 0.0611
5 0.1964 0.0818 0.2368 0.4092 0.0757
6 0.1714 0.1399 0.2035 0.4111 0.0743
7 0.2793 0.1874 0.2502 0.2208 0.0623
8 0.2700 0.1885 0.1716 0.2722 0.0978
9 0.2834 0.2156 0.2332 0.1692 0.0987
10 0.0134 0.0303 0.0642 0.0193 0.8730
11 0.0136 0.0146 0.0399 0.0098 0.9224
12 0.4565 0.3186 0.1200 0.0528 0.0520
13 0.2522 0.5098 0.1693 0.0435 0.0254
14 0.2209 0.4465 0.2485 0.0299 0.0542
15 0.3208 0.4058 0.2104 0.0215 0.0414
16 0.1798 0.4700 0.2988 0.0144 0.0371
17 0.1749 0.3425 0.4004 0.0326 0.0497
18 0.1537 0.3438 0.4211 0.0118 0.0698
19 0.1892 0.2468 0.3096 0.0724 0.1820
20 0.1727 0.2915 0.4016 0.0461 0.0882
21 0.1180 0.1337 0.2556 0.3083 0.1842
22 0.1532 0.2144 0.2976 0.0880 0.2467
23 0.3745 0.2495 0.1742 0.1356 0.0661
24 0.4209 0.2893 0.1700 0.0882 0.0317
25 0.4141 0.2590 0.1547 0.1355 0.0367
26 0.3501 0.3613 0.1603 0.0972 0.0311
27 0.2352 0.2028 0.2563 0.0706 0.2352
28 0.1279 0.1949 0.3318 0.1279 0.2175
29 0.1378 0.1742 0.3081 0.0970 0.2827
30 0.0900 0.1890 0.2043 0.4902 0.0266
31 0.0922 0.3477 0.3477 0.1891 0.0233
32 0.1277 0.2993 0.2812 0.2642 0.0276
33 0.1338 0.1403 0.4971 0.0699 0.1589
34 0.0400 0.3828 0.4272 0.1302 0.0197
35 0.0282 0.5625 0.3467 0.0488 0.0138
36 0.0403 0.4580 0.4438 0.0433 0.0146
37 0.2142 0.1643 0.0996 0.4829 0.0390
38 0.0181 0.0637 0.0458 0.0210 0.8516
39 0.0150 0.1230 0.2905 0.0201 0.5513
40 0.0086 0.0160 0.0157 0.0012 0.9585
41 0.0091 0.0159 0.0256 0.0040 0.9453
42 0.0218 0.0536 0.0631 0.0034 0.8579
43 0.0186 0.0387 0.0501 0.0044 0.8882
44 0.0268 0.0181 0.0558 0.0270 0.8726
45 0.0316 0.0880 0.1166 0.0605 0.7031
46 0.0426 0.0475 0.0873 0.0379 0.7847
47 0.0741 0.0582 0.0982 0.0091 0.7603
48 0.0369 0.0493 0.0865 0.0063 0.8208
49 0.0887 0.4756 0.3047 0.0922 0.0387
50 0.0349 0.3965 0.3340 0.2260 0.0088
51 0.0141 0.4719 0.2449 0.2646 0.0043
52 0.0301 0.4395 0.3069 0.2076 0.0160
53 0.1274 0.4114 0.3032 0.1216 0.0365
54 0.0371 0.0401 0.1142 0.0404 0.7681
55 0.0185 0.0784 0.0848 0.0016 0.8169
56 0.0162 0.0714 0.0917 0.0032 0.8174
57 0.3501 0.1068 0.2603 0.2603 0.0229
58 0.0869 0.1729 0.5576 0.1064 0.0760
59 0.0109 0.2712 0.1570 0.4988 0.0620
60 0.0114 0.4160 0.2605 0.3044 0.0076
61 0.2693 0.0931 0.3738 0.2413 0.0224
62 0.1703 0.1456 0.4487 0.2256 0.0098
63 0.2844 0.0802 0.3174 0.3076 0.0105
64 0.1542 0.1566 0.2502 0.3757 0.0633
65 0.1561 0.1770 0.2964 0.3359 0.0346
66 0.0800 0.4290 0.1760 0.2812 0.0338
67 0.1096 0.2411 0.3508 0.2063 0.0922
68 0.0508 0.3552 0.3184 0.2206 0.0549
69 0.0760 0.3567 0.3149 0.2340 0.0185
70 0.1019 0.3264 0.1641 0.3474 0.0604
71 0.1741 0.1124 0.1661 0.4958 0.0515
72 0.1522 0.1570 0.2671 0.3948 0.0290
73 0.0362 0.3354 0.2003 0.1273 0.3008
74 0.0434 0.0631 0.0371 0.1170 0.7393
75 0.0391 0.0670 0.0847 0.0115 0.7979
76 0.0115 0.0283 0.0782 0.0008 0.8813
77 0.0156 0.0276 0.0244 0.0032 0.9292
78 0.1121 0.3765 0.1384 0.1569 0.2162
79 0.0497 0.4065 0.1450 0.3022 0.0966
80 0.0511 0.4624 0.1467 0.2676 0.0720
81 0.0140 0.0130 0.0067 0.0029 0.9634
82 0.0114 0.0137 0.0191 0.0402 0.9155
83 0.0628 0.1249 0.1775 0.4258 0.2091
84 0.0450 0.0889 0.1853 0.4805 0.2003
85 0.0442 0.2141 0.1350 0.1128 0.4939
86 0.0287 0.1707 0.1219 0.1278 0.5508
87 0.3499 0.2224 0.3723 0.0414 0.0140
88 0.0493 0.4355 0.2057 0.0576 0.2520
89 0.2419 0.1411 0.2964 0.0354 0.2852
90 0.1300 0.1183 0.3022 0.0364 0.4131
91 0.1671 0.1079 0.2080 0.4836 0.0334
92 0.0431 0.0129 0.0637 0.3132 0.5674
93 0.0344 0.1320 0.3879 0.1951 0.2505
94 0.0766 0.2654 0.5278 0.1244 0.0060
95 0.1648 0.1432 0.3774 0.2761 0.0385
96 0.0717 0.0378 0.0965 0.4463 0.3477
97 0.0578 0.0748 0.0803 0.0251 0.7617
98 0.0621 0.0377 0.0721 0.0289 0.7993
99 0.0680 0.0359 0.0518 0.0475 0.7969
100 0.4395 0.1919 0.2881 0.0658 0.0147
101 0.1678 0.3210 0.4060 0.0818 0.0233
102 0.1831 0.2483 0.3042 0.2107 0.0537
103 0.0177 0.0458 0.0444 0.0282 0.8638
104 0.0163 0.0144 0.0099 0.0038 0.9556
105 0.2238 0.0312 0.5366 0.1742 0.0341
106 0.2571 0.0790 0.3101 0.0261 0.3276
107 0.2734 0.1168 0.2358 0.0640 0.3101
108 0.1483 0.2244 0.5054 0.0590 0.0628
109 0.0559 0.0724 0.1581 0.0482 0.6655
110 0.0745 0.0711 0.1815 0.1093 0.5635
111 0.0369 0.1667 0.7017 0.0865 0.0080
112 0.0470 0.2224 0.6138 0.1110 0.0058
113 0.0649 0.2264 0.6250 0.0244 0.0591
114 0.0733 0.3962 0.4087 0.1162 0.0056
115 0.1554 0.2502 0.2834 0.0831 0.2278
116 0.0684 0.2262 0.4429 0.2108 0.0517
117 0.0977 0.2803 0.5322 0.0592 0.0307
118 0.2164 0.2800 0.3379 0.0280 0.1376
119 0.1775 0.3699 0.2859 0.0088 0.1578
120 0.0663 0.2334 0.5386 0.1111 0.0505
121 0.0236 0.0621 0.1074 0.4812 0.3257
122 0.0423 0.1548 0.2634 0.0984 0.4412
123 0.0330 0.2069 0.3518 0.1467 0.2615
124 0.0258 0.1533 0.3855 0.3247 0.1105
125 0.0515 0.0911 0.6323 0.2185 0.0068
126 0.0534 0.0468 0.6870 0.2063 0.0064
127 0.0506 0.0475 0.7920 0.1007 0.0092
128 0.1760 0.0663 0.2642 0.4124 0.0812
129 0.2048 0.0453 0.1429 0.4302 0.1766
130 0.0072 0.3745 0.2134 0.3518 0.0531
131 0.0105 0.5103 0.2194 0.2161 0.0439
132 0.1058 0.0462 0.2639 0.5498 0.0341
133 0.1960 0.0524 0.2556 0.3779 0.1180
134 0.1451 0.0665 0.4541 0.3123 0.0221
135 0.1614 0.0418 0.1010 0.6689 0.0270
136 0.3701 0.1847 0.2142 0.2028 0.0283
137 0.2827 0.2874 0.2308 0.1573 0.0417
138 0.0075 0.1714 0.1421 0.6074 0.0715
139 0.0070 0.5718 0.1445 0.2458 0.0310
140 0.0068 0.2881 0.1340 0.5381 0.0328
141 0.3667 0.1267 0.2834 0.1746 0.0485
142 0.3323 0.1166 0.2649 0.1924 0.0938
143 0.2479 0.1227 0.3606 0.2402 0.0285
144 0.0204 0.0258 0.1105 0.2268 0.6162
145 0.0107 0.0477 0.0704 0.4595 0.4119
146 0.0924 0.0368 0.7676 0.0946 0.0085
147 0.1549 0.2399 0.4243 0.0420 0.1388
148 0.0622 0.1101 0.7583 0.0424 0.0270
149 0.0690 0.1053 0.7783 0.0233 0.0242
150 0.0621 0.2201 0.5664 0.0687 0.0829
151 0.0432 0.0734 0.8672 0.0111 0.0053
152 0.0354 0.0458 0.8989 0.0173 0.0023
153 0.0471 0.0615 0.8101 0.0660 0.0151
154 0.0089 0.1428 0.0997 0.6709 0.0776
155 0.0133 0.5986 0.1587 0.1057 0.1235
156 0.0114 0.5869 0.1416 0.2125 0.0474
157 0.0101 0.6528 0.1730 0.1017 0.0622
158 0.0127 0.6548 0.1965 0.1004 0.0358
159 0.0734 0.5771 0.2996 0.0421 0.0079
160 0.0316 0.2263 0.6860 0.0550 0.0009
161 0.0678 0.2275 0.6582 0.0386 0.0076
162 0.0657 0.2123 0.6851 0.0296 0.0072
163 0.1019 0.4395 0.4326 0.0256 0.0006
164 0.0391 0.2454 0.6362 0.0650 0.0142
165 0.0777 0.1223 0.4402 0.2979 0.0620
166 0.0433 0.1089 0.4656 0.3684 0.0137
167 0.0359 0.5713 0.3230 0.0693 0.0007
168 0.0490 0.5605 0.3677 0.0212 0.0013
169 0.0255 0.0315 0.2700 0.6577 0.0155
170 0.0517 0.0638 0.1763 0.6758 0.0323
171 0.0979 0.1626 0.5293 0.1814 0.0289
172 0.0662 0.2329 0.4153 0.2681 0.0177
173 0.1931 0.3159 0.2598 0.1976 0.0335
174 0.0651 0.1798 0.6372 0.1032 0.0146
175 0.1109 0.2969 0.4058 0.1528 0.0338
176 0.1487 0.2180 0.3003 0.2197 0.1131
177 0.0490 0.1122 0.4875 0.3301 0.0211
178 0.0862 0.3518 0.3630 0.1884 0.0105
179 0.1036 0.0497 0.1805 0.6553 0.0110
180 0.0549 0.2277 0.5420 0.1392 0.0363
181 0.0754 0.0392 0.3657 0.5156 0.0040
182 0.0980 0.0415 0.1692 0.6797 0.0114
183 0.0352 0.4500 0.4570 0.0568 0.0008
184 0.1103 0.1383 0.4829 0.2299 0.0387
185 0.0642 0.1843 0.4932 0.2206 0.0378
186 0.1229 0.2191 0.4639 0.1011 0.0928
187 0.0695 0.2334 0.5601 0.0936 0.0435
188 0.0458 0.1625 0.6895 0.0762 0.0261
189 0.1350 0.2791 0.3757 0.0892 0.1210
190 0.0506 0.4407 0.4548 0.0526 0.0013
191 0.0690 0.1831 0.6392 0.1060 0.0028
192 0.1076 0.1542 0.6440 0.0906 0.0038
193 0.1254 0.1796 0.6519 0.0385 0.0047
194 0.2742 0.2118 0.4519 0.0561 0.0061
195 0.1144 0.1338 0.6792 0.0694 0.0031
196 0.2311 0.1492 0.5288 0.0830 0.0078
197 0.1010 0.2330 0.6138 0.0448 0.0073
198 0.1780 0.1088 0.6875 0.0213 0.0043
199 0.0911 0.1170 0.5762 0.2086 0.0073
200 0.1548 0.4917 0.1187 0.2018 0.0330
201 0.3035 0.1117 0.1991 0.3718 0.0138
202 0.2668 0.3821 0.1643 0.1593 0.0275
203 0.2482 0.3391 0.1392 0.2642 0.0092
204 0.3115 0.2708 0.1240 0.2837 0.0101
205 0.1925 0.2888 0.1954 0.2888 0.0342
206 0.1392 0.3667 0.1068 0.3784 0.0090
207 0.2888 0.4270 0.1431 0.1282 0.0129
208 0.1334 0.4841 0.1243 0.2396 0.0185
209 0.2966 0.1217 0.1885 0.3809 0.0125
210 0.2607 0.1998 0.2864 0.2264 0.0266
211 0.3401 0.2375 0.2527 0.1407 0.0288
212 0.1185 0.2080 0.1451 0.4688 0.0596
213 0.2878 0.1042 0.1979 0.3088 0.1011
214 0.0985 0.0253 0.1649 0.6943 0.0168
215 0.0369 0.0363 0.1268 0.7764 0.0235
216 0.0675 0.4685 0.3000 0.0518 0.1121
217 0.0721 0.3958 0.2119 0.1016 0.2186
218 0.0984 0.3770 0.4141 0.0731 0.0373
219 0.0060 0.0756 0.2722 0.6431 0.0029
220 0.0108 0.5635 0.0838 0.3367 0.0052
221 0.0289 0.4380 0.1797 0.3306 0.0230
222 0.1998 0.0782 0.2952 0.4036 0.0231
223 0.1670 0.0966 0.4131 0.3071 0.0161
224 0.1120 0.1036 0.1567 0.1847 0.4431
225 0.2737 0.0737 0.3054 0.3354 0.0118
226 0.2051 0.1912 0.0984 0.0284 0.4768
227 0.0287 0.1830 0.0485 0.2500 0.4897
228 0.0123 0.6201 0.1862 0.1804 0.0012
229 0.0688 0.4526 0.2725 0.1829 0.0233
230 0.0390 0.5869 0.1340 0.0140 0.2262
231 0.2615 0.0651 0.1611 0.4810 0.0312
232 0.0140 0.3840 0.1576 0.4421 0.0024
233 0.0177 0.4004 0.1643 0.4133 0.0042
234 0.0280 0.5073 0.4478 0.0166 0.0004
235 0.0089 0.2413 0.1054 0.6406 0.0037
236 0.5054 0.0154 0.0787 0.3936 0.0067
237 0.4827 0.0277 0.2544 0.2209 0.0142
238 0.1803 0.2175 0.3215 0.2279 0.0529
239 0.2006 0.4180 0.2308 0.1161 0.0343
240 0.2256 0.3132 0.2988 0.1134 0.0492
241 0.0224 0.5249 0.2598 0.1306 0.0622
242 0.0389 0.4490 0.4419 0.0285 0.0417
243 0.0730 0.2820 0.5107 0.1232 0.0113
244 0.0179 0.5410 0.1368 0.2988 0.0053
245 0.1057 0.1274 0.3748 0.3806 0.0115
246 0.1254 0.0382 0.2959 0.5278 0.0129
247 0.1372 0.0215 0.1876 0.6445 0.0090
248 0.2101 0.0876 0.3687 0.3154 0.0182
249 0.3999 0.1201 0.2351 0.2208 0.0240
250 0.0106 0.4177 0.1040 0.3745 0.0932
251 0.0172 0.0482 0.2124 0.7188 0.0035
252 0.0975 0.2375 0.3916 0.2489 0.0245
253 0.1974 0.5366 0.1770 0.0499 0.0392
254 0.1462 0.3479 0.2839 0.2014 0.0204
255 0.1460 0.1003 0.5420 0.1995 0.0121
256 0.4814 0.0515 0.1208 0.3413 0.0049
257 0.0344 0.2922 0.3638 0.3062 0.0035
258 0.0195 0.2080 0.1262 0.6406 0.0054
259 0.0100 0.3982 0.0790 0.5112 0.0013
260 0.0076 0.3186 0.0763 0.5952 0.0020
261 0.0759 0.2377 0.6069 0.0742 0.0053
262 0.0453 0.4941 0.0950 0.3503 0.0150
263 0.2208 0.3188 0.1404 0.3091 0.0110
264 0.4397 0.0270 0.1129 0.4131 0.0072
265 0.2742 0.1315 0.4519 0.1179 0.0247
266 0.3079 0.0556 0.1548 0.4143 0.0676
267 0.3059 0.0891 0.2920 0.2744 0.0386
268 0.1245 0.0519 0.3081 0.5078 0.0078
269 0.2198 0.0660 0.1794 0.5195 0.0153
270 0.3452 0.0901 0.3506 0.1952 0.0189
271 0.3340 0.0663 0.5337 0.0533 0.0126
272 0.4192 0.0456 0.4675 0.0546 0.0132
273 0.4226 0.0470 0.4094 0.1011 0.0198
274 0.5024 0.0513 0.3508 0.0765 0.0190
275 0.5283 0.0583 0.3601 0.0357 0.0177
276 0.3086 0.0536 0.4558 0.1704 0.0116
277 0.0528 0.1246 0.1348 0.1117 0.5762
278 0.0706 0.1200 0.1051 0.1318 0.5728
279 0.0527 0.1031 0.0709 0.1057 0.6675
280 0.0751 0.0678 0.0892 0.2386 0.5293
281 0.1302 0.1214 0.0902 0.1097 0.5483
282 0.0606 0.0587 0.0592 0.1387 0.6826
283 0.0311 0.0560 0.0400 0.0696 0.8032
284 0.0565 0.0671 0.1107 0.0666 0.6992
285 0.0518 0.0547 0.0860 0.0288 0.7788
286 0.0421 0.0421 0.0632 0.0204 0.8325
287 0.0563 0.0318 0.0659 0.1270 0.7192
288 0.0805 0.0994 0.1469 0.0739 0.5996
289 0.0437 0.0955 0.1074 0.1637 0.5898
290 0.0065 0.0374 0.0481 0.8931 0.0149
291 0.1798 0.0499 0.1422 0.5986 0.0293
