time exciting_prob fearful_prob tense_prob sad_prob relaxing_prob
0 0.0737 0.2020 0.5239 0.1958 0.0042
1 0.0654 0.3887 0.3887 0.1510 0.0062
2 0.0302 0.3677 0.5518 0.0490 0.0015
3 0.0526 0.3979 0.3979 0.1487 0.0029
4 0.0837 0.3416 0.3525 0.2040 0.0181
5 0.5347 0.0853 0.0292 0.3296 0.0212
6 0.5620 0.2036 0.0977 0.1265 0.0102
7 0.3245 0.0814 0.4038 0.1710 0.0193
8 0.2866 0.1534 0.4302 0.1030 0.0267
9 0.3059 0.1025 0.5044 0.0738 0.0132
10 0.1608 0.0796 0.6982 0.0490 0.0126
11 0.3152 0.0760 0.5532 0.0417 0.0142
12 0.3562 0.0446 0.3142 0.2062 0.0789
13 0.4500 0.0425 0.3093 0.1165 0.0819
14 0.2385 0.0301 0.4187 0.1381 0.1746
15 0.3782 0.0553 0.2832 0.1306 0.1527
16 0.4111 0.0630 0.1548 0.2551 0.1159
17 0.2744 0.0399 0.3311 0.1718 0.1829
18 0.2737 0.0991 0.2612 0.2781 0.0881
19 0.4561 0.0632 0.1528 0.0837 0.2441
20 0.2825 0.1609 0.1971 0.1064 0.2532
21 0.2194 0.1461 0.1906 0.0619 0.3821
22 0.1914 0.0843 0.0876 0.0651 0.5713
23 0.2217 0.0630 0.2695 0.2825 0.1635
24 0.2847 0.0556 0.2847 0.2251 0.1500
25 0.1620 0.0881 0.4104 0.2000 0.1396
26 0.1172 0.1042 0.5547 0.1075 0.1163
27 0.1310 0.1532 0.3506 0.2487 0.1165
28 0.0874 0.1242 0.3247 0.4104 0.0534
29 0.1428 0.0930 0.2776 0.3145 0.1722
30 0.0896 0.0491 0.3923 0.2654 0.2035
31 0.1384 0.0649 0.3372 0.0712 0.3882
32 0.1501 0.0641 0.2615 0.0616 0.4626
33 0.1113 0.1013 0.4758 0.2079 0.1037
34 0.1444 0.0325 0.5801 0.0977 0.1455
35 0.1736 0.0173 0.3000 0.2229 0.2861
36 0.2053 0.0773 0.3281 0.0836 0.3057
37 0.1711 0.0547 0.1685 0.0176 0.5879
38 0.1605 0.0260 0.1921 0.0201 0.6011
39 0.1904 0.0643 0.3369 0.1580 0.2505
40 0.1035 0.1068 0.3291 0.0819 0.3787
41 0.1490 0.0448 0.4246 0.1611 0.2203
42 0.0695 0.1707 0.5684 0.1003 0.0913
43 0.0963 0.0715 0.5371 0.1236 0.1716
44 0.0382 0.3401 0.5786 0.0297 0.0133
45 0.0900 0.3071 0.4609 0.1202 0.0217
46 0.1692 0.1653 0.1802 0.0567 0.4287
47 0.0556 0.2286 0.6313 0.0342 0.0502
48 0.0892 0.1642 0.6392 0.0684 0.0390
49 0.0705 0.1960 0.6738 0.0492 0.0104
50 0.1099 0.2255 0.6323 0.0284 0.0039
51 0.1396 0.1765 0.6768 0.0051 0.0022
52 0.0793 0.1964 0.7183 0.0041 0.0017
53 0.0931 0.0861 0.7319 0.0771 0.0117
54 0.0600 0.1439 0.7783 0.0126 0.0054
55 0.0914 0.1093 0.7529 0.0246 0.0217
56 0.0909 0.0625 0.8232 0.0208 0.0028
57 0.0930 0.3708 0.4072 0.1022 0.0269
58 0.1788 0.4861 0.2426 0.0653 0.0272
59 0.0522 0.0600 0.8286 0.0542 0.0049
60 0.0834 0.0314 0.8101 0.0724 0.0027
61 0.0414 0.1714 0.7681 0.0176 0.0016
62 0.0595 0.2177 0.1617 0.4905 0.0707
63 0.2317 0.0384 0.3704 0.2211 0.1384
64 0.1641 0.0445 0.4600 0.3018 0.0296
65 0.2351 0.0658 0.4751 0.1483 0.0757
66 0.3591 0.0551 0.3535 0.0729 0.1593
67 0.3750 0.0768 0.3059 0.1357 0.1066
68 0.4365 0.0246 0.3145 0.0577 0.1670
69 0.0884 0.0372 0.7642 0.0678 0.0424
70 0.0167 0.0208 0.2380 0.6572 0.0671
71 0.0798 0.0300 0.4519 0.3987 0.0395
72 0.0600 0.5342 0.3789 0.0217 0.0051
73 0.1471 0.2010 0.5815 0.0613 0.0090
74 0.0583 0.0267 0.2610 0.6460 0.0079
75 0.0591 0.0262 0.7319 0.1608 0.0221
76 0.0535 0.0458 0.7163 0.1598 0.0247
77 0.0276 0.4114 0.4177 0.1356 0.0077
78 0.0613 0.3064 0.5815 0.0156 0.0355
79 0.0646 0.2272 0.5200 0.0548 0.1335
80 0.0286 0.0600 0.3733 0.5347 0.0033
81 0.1210 0.1874 0.4568 0.2157 0.0191
82 0.0473 0.0626 0.8188 0.0677 0.0036
83 0.3386 0.0301 0.1411 0.3386 0.1515
84 0.0361 0.3196 0.3455 0.2932 0.0055
85 0.0880 0.0460 0.7598 0.0997 0.0066
86 0.0341 0.0481 0.8652 0.0484 0.0042
87 0.0305 0.0346 0.9067 0.0270 0.0011
88 0.0366 0.0333 0.7949 0.1339 0.0010
89 0.0505 0.0339 0.8535 0.0604 0.0016
90 0.0423 0.1122 0.7095 0.1333 0.0028
91 0.0833 0.1249 0.7598 0.0283 0.0039
92 0.0624 0.2015 0.6558 0.0735 0.0067
93 0.0446 0.1094 0.8213 0.0228 0.0017
94 0.2544 0.0958 0.5176 0.1230 0.0092
95 0.1285 0.1152 0.5083 0.2256 0.0223
96 0.0670 0.0332 0.4106 0.4727 0.0164
97 0.0753 0.0199 0.6709 0.2212 0.0127
98 0.0997 0.0521 0.6011 0.2078 0.0393
99 0.0401 0.0738 0.1514 0.6323 0.1024
100 0.0829 0.1116 0.3384 0.2554 0.2118
101 0.0487 0.1177 0.4653 0.2610 0.1071
102 0.0433 0.0931 0.6992 0.0698 0.0946
103 0.1909 0.1620 0.4651 0.0881 0.0938
104 0.0922 0.1148 0.7031 0.0409 0.0490
105 0.0446 0.0719 0.7207 0.1214 0.0413
106 0.1764 0.1045 0.6157 0.0696 0.0339
107 0.2563 0.1004 0.5098 0.0559 0.0776
108 0.0112 0.2303 0.7432 0.0035 0.0116
109 0.0176 0.1909 0.3738 0.3918 0.0258
110 0.0404 0.1141 0.4446 0.2067 0.1942
111 0.1359 0.0647 0.5293 0.2349 0.0355
112 0.0308 0.0898 0.7817 0.0933 0.0045
113 0.0839 0.1832 0.6968 0.0258 0.0103
114 0.2426 0.0504 0.4258 0.1146 0.1667
115 0.0357 0.3037 0.3665 0.2598 0.0341
116 0.0792 0.0451 0.7754 0.0134 0.0870
117 0.0755 0.0362 0.7627 0.0085 0.1170
118 0.1768 0.1466 0.5796 0.0703 0.0267
119 0.0562 0.1901 0.6431 0.0138 0.0970
120 0.0809 0.3657 0.4143 0.0335 0.1056
121 0.2275 0.2639 0.2559 0.0470 0.2056
122 0.1217 0.0710 0.0774 0.0240 0.7061
123 0.1333 0.1659 0.2610 0.1149 0.3250
124 0.0961 0.6572 0.2201 0.0143 0.0123
125 0.1011 0.4675 0.3875 0.0262 0.0178
126 0.1085 0.5957 0.2771 0.0093 0.0091
127 0.1113 0.2179 0.6406 0.0137 0.0165
128 0.0856 0.5244 0.3386 0.0349 0.0165
129 0.0458 0.5122 0.4312 0.0075 0.0034
130 0.1082 0.3130 0.5581 0.0062 0.0148
131 0.0818 0.2405 0.6538 0.0115 0.0124
132 0.0865 0.3069 0.5913 0.0081 0.0073
133 0.0963 0.3521 0.5122 0.0115 0.0280
134 0.0527 0.5156 0.3833 0.0067 0.0417
135 0.0519 0.3284 0.5586 0.0515 0.0097
136 0.1709 0.1997 0.5303 0.0460 0.0529
137 0.0311 0.1320 0.1361 0.6914 0.0097
138 0.0389 0.0541 0.1639 0.6689 0.0739
139 0.0368 0.2151 0.4482 0.2720 0.0278
140 0.1108 0.3230 0.4927 0.0317 0.0417
141 0.0620 0.3171 0.5146 0.0696 0.0367
142 0.0818 0.1932 0.7065 0.0096 0.0086
143 0.0714 0.5884 0.3250 0.0096 0.0053
144 0.0590 0.5552 0.3584 0.0198 0.0076
145 0.0746 0.0740 0.6855 0.0839 0.0819
146 0.0601 0.0660 0.6880 0.0356 0.1500
147 0.2445 0.0806 0.4031 0.1761 0.0958
148 0.2251 0.0518 0.3076 0.2800 0.1355
149 0.1298 0.1154 0.3843 0.3137 0.0567
150 0.0612 0.0831 0.5166 0.3184 0.0207
151 0.0224 0.1027 0.4255 0.4321 0.0172
152 0.0531 0.0835 0.2067 0.6265 0.0302
153 0.0989 0.1029 0.4575 0.2864 0.0542
154 0.1068 0.1415 0.4324 0.2561 0.0633
155 0.0932 0.1501 0.3105 0.3865 0.0597
156 0.1262 0.1168 0.2888 0.3457 0.1223
157 0.0391 0.0650 0.5439 0.2377 0.1141
158 0.0552 0.0961 0.5620 0.1512 0.1356
159 0.2372 0.0893 0.5645 0.0820 0.0270
160 0.1123 0.1674 0.6670 0.0353 0.0181
161 0.1169 0.2761 0.4622 0.1244 0.0205
162 0.0168 0.1705 0.6855 0.1210 0.0064
163 0.1914 0.0688 0.2966 0.2346 0.2086
164 0.0552 0.1107 0.6172 0.2100 0.0071
165 0.0223 0.0416 0.9185 0.0158 0.0018
166 0.0314 0.1215 0.2654 0.5796 0.0021
167 0.1055 0.1608 0.4236 0.3052 0.0050
168 0.1333 0.0998 0.5879 0.1632 0.0158
169 0.1981 0.0409 0.6196 0.1220 0.0193
170 0.1410 0.1754 0.5845 0.0896 0.0096
171 0.0491 0.0570 0.7275 0.1455 0.0208
172 0.0823 0.3059 0.3928 0.1899 0.0289
173 0.0440 0.4019 0.2615 0.2761 0.0166
174 0.2406 0.1068 0.2881 0.1259 0.2388
175 0.0637 0.1257 0.5635 0.2313 0.0155
176 0.1186 0.0413 0.7612 0.0255 0.0534
177 0.1522 0.0724 0.6162 0.0526 0.1063
178 0.1094 0.0323 0.5869 0.1461 0.1250
179 0.1620 0.1282 0.1096 0.3855 0.2146
180 0.1058 0.0768 0.1930 0.4417 0.1827
181 0.0653 0.5864 0.1949 0.1137 0.0396
182 0.0901 0.3564 0.2527 0.2671 0.0337
183 0.0731 0.1312 0.3770 0.3486 0.0703
184 0.0315 0.1296 0.4744 0.3210 0.0434
185 0.0458 0.0969 0.6421 0.2020 0.0134
186 0.0317 0.0556 0.6465 0.2612 0.0053
187 0.0156 0.0724 0.8828 0.0279 0.0011
188 0.0639 0.1545 0.7373 0.0410 0.0033
189 0.0424 0.1758 0.7402 0.0395 0.0023
190 0.0330 0.1492 0.8062 0.0100 0.0014
191 0.1152 0.0792 0.5288 0.2402 0.0366
192 0.0519 0.0970 0.4666 0.1143 0.2700
193 0.0320 0.1976 0.7578 0.0115 0.0013
194 0.0345 0.0827 0.2979 0.5835 0.0015
195 0.0453 0.1484 0.5601 0.2446 0.0017
196 0.0282 0.1870 0.5083 0.2722 0.0043
197 0.0786 0.0947 0.7632 0.0515 0.0122
198 0.0588 0.0473 0.8716 0.0215 0.0009
199 0.0413 0.0634 0.8486 0.0426 0.0039
200 0.1395 0.0399 0.6655 0.1461 0.0090
201 0.3044 0.2905 0.2729 0.0740 0.0581
202 0.1760 0.1530 0.3875 0.2561 0.0274
203 0.1947 0.2139 0.3784 0.0411 0.1719
204 0.0707 0.1735 0.6650 0.0718 0.0189
205 0.3132 0.2678 0.1975 0.1562 0.0651
206 0.1539 0.0255 0.6533 0.1481 0.0194
207 0.3665 0.0445 0.4780 0.0994 0.0115
208 0.3242 0.0231 0.5181 0.1086 0.0258
209 0.0546 0.1061 0.5918 0.1593 0.0880
210 0.0725 0.1072 0.6069 0.1488 0.0645
211 0.0621 0.0407 0.7168 0.1676 0.0127
212 0.0999 0.0066 0.7852 0.1046 0.0037
213 0.1454 0.0291 0.6831 0.1324 0.0101
214 0.3831 0.0070 0.1500 0.4080 0.0518
215 0.0897 0.0817 0.4700 0.3281 0.0305
216 0.1140 0.0725 0.4954 0.2822 0.0359
217 0.2302 0.1071 0.4651 0.1698 0.0277
218 0.1619 0.0559 0.5781 0.1581 0.0460
219 0.2123 0.1719 0.4673 0.0864 0.0623
220 0.2003 0.2847 0.2893 0.0255 0.2003
221 0.1691 0.0844 0.2240 0.0408 0.4817
222 0.4346 0.0540 0.2761 0.0704 0.1649
223 0.4927 0.0786 0.2006 0.0836 0.1445
224 0.1823 0.2114 0.4839 0.0453 0.0771
225 0.3020 0.0958 0.2428 0.3242 0.0352
226 0.1429 0.2179 0.4910 0.1241 0.0241
227 0.2159 0.1906 0.4573 0.1053 0.0309
228 0.3564 0.0639 0.4368 0.0860 0.0569
229 0.2389 0.0452 0.4751 0.1803 0.0604
230 0.2827 0.0451 0.5039 0.1294 0.0388
231 0.0289 0.0208 0.0875 0.0065 0.8564
232 0.0559 0.0764 0.1643 0.0114 0.6919
233 0.1218 0.1516 0.1744 0.0148 0.5376
234 0.1835 0.4402 0.1724 0.0314 0.1724
235 0.1348 0.2087 0.1552 0.0383 0.4631
236 0.0978 0.1490 0.1587 0.0317 0.5625
237 0.0587 0.1547 0.2377 0.4653 0.0834
238 0.0238 0.0321 0.0581 0.8403 0.0459
239 0.1715 0.1914 0.1444 0.4451 0.0476
