time exciting_prob fearful_prob tense_prob sad_prob relaxing_prob
0 0.2037 0.2830 0.2496 0.2310 0.0327
1 0.1138 0.6152 0.1818 0.0886 0.0007
2 0.1118 0.6138 0.1842 0.0898 0.0007
3 0.1108 0.6182 0.1855 0.0850 0.0008
4 0.1077 0.4680 0.1721 0.2505 0.0017
5 0.2037 0.2830 0.2496 0.2310 0.0327
6 0.2952 0.4465 0.2316 0.0187 0.0081
7 0.0512 0.3608 0.1100 0.2725 0.2056
8 0.0638 0.6343 0.1211 0.0456 0.1351
9 0.1484 0.2194 0.2883 0.3372 0.0067
10 0.1892 0.0944 0.1937 0.5063 0.0162
11 0.0524 0.5947 0.0575 0.0232 0.2722
12 0.1068 0.3938 0.1350 0.0326 0.3315
13 0.1978 0.5903 0.1436 0.0408 0.0276
14 0.1333 0.1865 0.1071 0.0249 0.5483
15 0.1162 0.2104 0.1287 0.0280 0.5166
16 0.4392 0.3367 0.2091 0.0083 0.0067
17 0.4329 0.1891 0.3674 0.0059 0.0046
18 0.3237 0.1874 0.4600 0.0143 0.0146
19 0.0936 0.2563 0.0701 0.0283 0.5513
20 0.0155 0.0073 0.0115 0.0041 0.9614
21 0.0201 0.0282 0.0159 0.0034 0.9326
22 0.0568 0.3000 0.1342 0.0064 0.5024
23 0.0136 0.0741 0.0258 0.0046 0.8818
24 0.0969 0.3801 0.2825 0.0029 0.2378
25 0.0242 0.0302 0.2125 0.0679 0.6650
26 0.0162 0.0130 0.0218 0.0090 0.9399
27 0.0095 0.0242 0.0102 0.0064 0.9497
28 0.0222 0.0473 0.0272 0.0031 0.9004
29 0.0429 0.0981 0.0859 0.0073 0.7656
30 0.1322 0.3706 0.3074 0.0304 0.1594
31 0.2505 0.2408 0.1776 0.0449 0.2861
32 0.2891 0.2891 0.0630 0.0154 0.3433
33 0.1080 0.1262 0.3484 0.3767 0.0406
34 0.0354 0.2678 0.1368 0.5244 0.0354
35 0.0227 0.6938 0.2361 0.0307 0.0167
36 0.1766 0.4441 0.1420 0.0275 0.2098
37 0.1278 0.6807 0.1259 0.0117 0.0541
38 0.0428 0.0648 0.0363 0.0032 0.8530
39 0.1049 0.4519 0.2418 0.0174 0.1840
40 0.0202 0.0271 0.0322 0.0012 0.9194
41 0.0054 0.0087 0.0138 0.0004 0.9717
42 0.2162 0.5479 0.1322 0.0094 0.0944
43 0.1720 0.0428 0.3369 0.4128 0.0355
44 0.0746 0.1709 0.0281 0.0450 0.6812
45 0.1220 0.1201 0.1472 0.4126 0.1980
46 0.1154 0.1917 0.2073 0.3901 0.0956
47 0.2318 0.5186 0.0776 0.0176 0.1544
48 0.1370 0.4319 0.1772 0.1993 0.0545
49 0.4475 0.2913 0.0828 0.0931 0.0854
50 0.1683 0.1765 0.4102 0.1451 0.0997
51 0.4021 0.4214 0.0817 0.0199 0.0750
52 0.0651 0.1975 0.0798 0.0948 0.5625
53 0.3804 0.3745 0.1335 0.0349 0.0767
54 0.1010 0.5723 0.1589 0.0137 0.1541
55 0.0780 0.7461 0.1180 0.0266 0.0313
56 0.3594 0.4009 0.0742 0.0111 0.1545
57 0.1575 0.3108 0.0843 0.0094 0.4382
58 0.1771 0.1962 0.3037 0.2578 0.0652
59 0.0822 0.7046 0.1132 0.0522 0.0479
60 0.3357 0.3357 0.1675 0.0178 0.1433
61 0.1467 0.1929 0.0641 0.2069 0.3894
62 0.1539 0.0905 0.2257 0.3413 0.1886
63 0.0810 0.0918 0.0743 0.0080 0.7451
64 0.3845 0.3501 0.0525 0.0179 0.1949
65 0.5337 0.1932 0.0885 0.0942 0.0906
66 0.0903 0.2050 0.2983 0.3328 0.0737
67 0.1766 0.2673 0.4441 0.0280 0.0841
68 0.1716 0.4631 0.1626 0.0427 0.1600
69 0.3025 0.0974 0.0724 0.1301 0.3977
70 0.1696 0.2773 0.3423 0.0577 0.1531
71 0.1005 0.1556 0.1113 0.1892 0.4434
72 0.1700 0.2761 0.2068 0.0142 0.3330
73 0.0378 0.0347 0.0493 0.0053 0.8730
74 0.2424 0.2261 0.1219 0.3584 0.0512
75 0.1459 0.5859 0.2173 0.0082 0.0428
76 0.1648 0.1810 0.1584 0.1215 0.3743
77 0.5225 0.2448 0.1342 0.0258 0.0729
78 0.1131 0.7095 0.0660 0.0147 0.0967
79 0.1476 0.4373 0.2869 0.0569 0.0714
80 0.2273 0.5283 0.1091 0.0940 0.0411
81 0.1172 0.2139 0.2073 0.0864 0.3752
82 0.0371 0.3721 0.0325 0.0335 0.5249
83 0.0938 0.7725 0.0938 0.0086 0.0314
84 0.0520 0.0599 0.0576 0.2260 0.6045
85 0.0493 0.0668 0.0375 0.0752 0.7710
86 0.1401 0.5630 0.0603 0.0310 0.2056
87 0.0310 0.5195 0.0327 0.0181 0.3984
88 0.0860 0.1271 0.1569 0.1428 0.4871
89 0.1758 0.5244 0.2188 0.0417 0.0392
90 0.0296 0.8716 0.0480 0.0020 0.0488
91 0.0467 0.5825 0.2793 0.0084 0.0833
92 0.1606 0.6353 0.0555 0.0176 0.1311
93 0.4678 0.3396 0.0782 0.0092 0.1052
94 0.1886 0.5586 0.1217 0.0508 0.0804
95 0.1569 0.5225 0.0513 0.0619 0.2078
96 0.2751 0.5259 0.0706 0.1012 0.0270
97 0.3206 0.3281 0.2152 0.0259 0.1099
98 0.2371 0.4678 0.2175 0.0334 0.0442
99 0.4429 0.3042 0.1790 0.0228 0.0513
100 0.2981 0.2651 0.3826 0.0155 0.0388
101 0.5264 0.1670 0.2046 0.0091 0.0930
102 0.5542 0.1600 0.2517 0.0030 0.0308
103 0.0054 0.0112 0.0097 0.0002 0.9736
104 0.2795 0.3022 0.1555 0.0294 0.2335
105 0.0904 0.7510 0.0977 0.0117 0.0492
106 0.1311 0.2179 0.0439 0.0195 0.5874
107 0.0477 0.2922 0.4526 0.1614 0.0462
108 0.1447 0.3552 0.3496 0.0238 0.1267
109 0.1185 0.0894 0.0361 0.0190 0.7368
110 0.0577 0.4836 0.1671 0.2394 0.0522
111 0.0299 0.8345 0.1103 0.0086 0.0169
112 0.0683 0.0919 0.1337 0.1855 0.5205
113 0.1754 0.2891 0.3892 0.0182 0.1283
114 0.0357 0.0222 0.0085 0.0048 0.9287
115 0.1265 0.3059 0.1422 0.0232 0.4021
116 0.0829 0.6470 0.1912 0.0060 0.0731
117 0.1373 0.4263 0.3762 0.0464 0.0137
118 0.0509 0.1545 0.6606 0.0373 0.0967
119 0.0388 0.4209 0.2805 0.2324 0.0273
120 0.2062 0.3704 0.2126 0.0109 0.1998
121 0.0991 0.4172 0.4236 0.0258 0.0342
122 0.4360 0.2815 0.0415 0.0132 0.2279
123 0.1599 0.3440 0.2537 0.0641 0.1785
124 0.1011 0.2260 0.0757 0.0248 0.5728
125 0.0757 0.3315 0.1339 0.0130 0.4460
126 0.1663 0.4556 0.1000 0.0206 0.2576
127 0.1539 0.5415 0.2007 0.0817 0.0222
128 0.2269 0.3079 0.3772 0.0479 0.0401
129 0.1213 0.6406 0.1583 0.0094 0.0703
130 0.0183 0.0625 0.1925 0.5400 0.1866
131 0.2673 0.3052 0.0797 0.0720 0.2759
132 0.1283 0.6777 0.1597 0.0117 0.0226
133 0.0870 0.1188 0.7632 0.0173 0.0140
134 0.1315 0.6577 0.1783 0.0077 0.0249
135 0.0931 0.6118 0.2778 0.0023 0.0148
136 0.0668 0.2332 0.0590 0.0268 0.6143
137 0.4172 0.3225 0.1302 0.0076 0.1224
138 0.0478 0.8276 0.0996 0.0021 0.0228
139 0.1249 0.4788 0.2903 0.0396 0.0663
140 0.1074 0.5039 0.1188 0.1854 0.0842
141 0.1039 0.4243 0.3628 0.1081 0.0009
142 0.1907 0.5605 0.2336 0.0098 0.0055
143 0.0602 0.2200 0.5796 0.1377 0.0025
144 0.0648 0.5293 0.1298 0.1145 0.1615
145 0.0533 0.7075 0.0865 0.0199 0.1329
146 0.0802 0.4270 0.4404 0.0494 0.0028
147 0.2273 0.5005 0.1841 0.0811 0.0072
148 0.1906 0.5430 0.2371 0.0183 0.0114
149 0.0860 0.6064 0.2031 0.0959 0.0084
150 0.0532 0.7114 0.1469 0.0811 0.0073
151 0.1639 0.5996 0.2040 0.0122 0.0205
152 0.0381 0.0595 0.0413 0.0130 0.8481
153 0.0742 0.2395 0.3223 0.2888 0.0753
154 0.0622 0.6587 0.1626 0.0268 0.0898
155 0.0660 0.4270 0.3430 0.1453 0.0186
156 0.2537 0.4629 0.1125 0.0108 0.1600
157 0.2622 0.5176 0.0914 0.0474 0.0812
158 0.0638 0.5225 0.3762 0.0217 0.0159
159 0.0912 0.2089 0.4783 0.1026 0.1190
160 0.2369 0.4976 0.1680 0.0082 0.0892
161 0.1157 0.1792 0.4722 0.1969 0.0359
162 0.0695 0.3501 0.3613 0.1172 0.1019
163 0.1340 0.3818 0.2335 0.1605 0.0900
164 0.0697 0.1204 0.6021 0.1725 0.0356
165 0.1560 0.5532 0.1912 0.0465 0.0531
166 0.0246 0.0411 0.0441 0.0037 0.8862
167 0.0779 0.6572 0.1769 0.0074 0.0809
168 0.1948 0.4602 0.0594 0.0594 0.2261
169 0.0474 0.7705 0.1219 0.0474 0.0126
170 0.1740 0.4617 0.1071 0.0119 0.2452
171 0.1552 0.1434 0.5249 0.0884 0.0884
172 0.0822 0.2778 0.1204 0.0086 0.5112
173 0.2856 0.4819 0.0987 0.0081 0.1257
174 0.0608 0.5635 0.1505 0.1746 0.0508
175 0.3188 0.2124 0.1111 0.0628 0.2949
176 0.0518 0.2610 0.5273 0.1355 0.0243
177 0.1006 0.2935 0.3174 0.1488 0.1398
178 0.1198 0.2037 0.6182 0.0437 0.0148
179 0.0915 0.5605 0.2162 0.1078 0.0239
180 0.1925 0.0953 0.0991 0.4546 0.1583
181 0.1715 0.2382 0.4312 0.1143 0.0447
182 0.2200 0.2200 0.1031 0.0127 0.4443
183 0.2338 0.5435 0.1417 0.0397 0.0413
184 0.0582 0.4102 0.5024 0.0196 0.0096
185 0.1263 0.5981 0.1324 0.0216 0.1215
186 0.2651 0.3569 0.1272 0.0167 0.2340
187 0.0991 0.6987 0.1089 0.0021 0.0909
188 0.1396 0.1545 0.6157 0.0439 0.0460
189 0.0957 0.2157 0.6050 0.0700 0.0136
190 0.3284 0.5503 0.0603 0.0292 0.0320
191 0.1697 0.1364 0.5967 0.0853 0.0121
192 0.2686 0.1816 0.4639 0.0825 0.0035
193 0.0927 0.5771 0.2683 0.0301 0.0318
194 0.1135 0.4890 0.2786 0.0263 0.0926
195 0.1656 0.1544 0.4573 0.0966 0.1260
196 0.3757 0.2444 0.2225 0.0980 0.0594
197 0.0916 0.2197 0.3298 0.1232 0.2357
198 0.3074 0.1835 0.3823 0.1096 0.0172
199 0.3628 0.1443 0.4307 0.0413 0.0210
200 0.3442 0.1871 0.3931 0.0589 0.0169
201 0.1105 0.1252 0.1794 0.0192 0.5654
202 0.0488 0.0876 0.4663 0.3867 0.0105
203 0.2493 0.3740 0.1443 0.0472 0.1852
204 0.0501 0.5513 0.2952 0.0604 0.0432
205 0.0320 0.0524 0.0219 0.0073 0.8862
206 0.1218 0.0448 0.0891 0.0270 0.7173
207 0.2639 0.0798 0.4282 0.1991 0.0289
208 0.0083 0.6694 0.2463 0.0706 0.0053
209 0.5435 0.1251 0.2930 0.0350 0.0036
210 0.5210 0.1814 0.2155 0.0745 0.0077
211 0.0538 0.7598 0.1555 0.0079 0.0229
212 0.1349 0.2856 0.5210 0.0470 0.0112
213 0.1837 0.2396 0.5317 0.0391 0.0057
214 0.1829 0.2500 0.3872 0.1110 0.0689
215 0.0227 0.0458 0.0496 0.1870 0.6948
216 0.5732 0.0833 0.0879 0.0914 0.1642
217 0.3982 0.2869 0.1376 0.0388 0.1387
218 0.3091 0.1320 0.2502 0.1340 0.1747
219 0.1737 0.3455 0.0894 0.0235 0.3679
220 0.0599 0.2041 0.6094 0.0812 0.0455
221 0.0703 0.1233 0.4727 0.3101 0.0239
222 0.1892 0.1148 0.2776 0.0450 0.3735
223 0.1208 0.5903 0.0756 0.0063 0.2072
224 0.3997 0.2500 0.1541 0.1948 0.0013
225 0.0823 0.3257 0.3308 0.2421 0.0190
226 0.2502 0.2600 0.2313 0.0341 0.2242
227 0.1821 0.1022 0.4302 0.1938 0.0916
228 0.1937 0.5649 0.0997 0.0385 0.1029
229 0.0308 0.1378 0.0977 0.0227 0.7109
230 0.1075 0.1858 0.5996 0.0768 0.0301
231 0.1498 0.1113 0.1849 0.0228 0.5312
232 0.0234 0.0726 0.0359 0.0037 0.8643
233 0.0470 0.3640 0.5298 0.0408 0.0186
234 0.2227 0.5425 0.1642 0.0609 0.0100
235 0.1631 0.4331 0.2795 0.0321 0.0922
236 0.0847 0.2413 0.2451 0.3855 0.0433
237 0.2039 0.6279 0.1285 0.0320 0.0075
238 0.0401 0.0792 0.0488 0.0130 0.8188
239 0.0986 0.7168 0.1236 0.0024 0.0584
240 0.2427 0.4604 0.1875 0.0248 0.0845
241 0.1960 0.5581 0.0883 0.0205 0.1368
242 0.2883 0.3818 0.1220 0.0800 0.1279
243 0.4626 0.3633 0.0548 0.0161 0.1032
244 0.1730 0.2991 0.3257 0.0151 0.1871
245 0.2607 0.4614 0.1332 0.0252 0.1194
246 0.1653 0.5132 0.1482 0.0393 0.1339
247 0.1274 0.3716 0.2400 0.0491 0.2118
248 0.1770 0.1797 0.3630 0.1216 0.1586
249 0.2333 0.3018 0.0988 0.0892 0.2769
250 0.1285 0.2556 0.2678 0.2896 0.0584
251 0.0522 0.1312 0.1105 0.0293 0.6768
252 0.1353 0.4575 0.2247 0.0104 0.1722
253 0.1089 0.5234 0.1168 0.0289 0.2217
254 0.0289 0.0617 0.0194 0.0046 0.8853
255 0.0755 0.6626 0.1869 0.0149 0.0602
256 0.1473 0.0643 0.3267 0.3940 0.0674
257 0.0552 0.0897 0.1346 0.6836 0.0368
258 0.2197 0.1194 0.1864 0.2820 0.1924
259 0.1501 0.1611 0.2874 0.1357 0.2656
260 0.1531 0.1383 0.1791 0.1791 0.3506
261 0.1005 0.0753 0.0302 0.0460 0.7480
262 0.1395 0.1923 0.1261 0.1658 0.3765
263 0.0862 0.1488 0.1388 0.1853 0.4409
264 0.1781 0.3953 0.0257 0.3328 0.0682
265 0.4861 0.0942 0.0541 0.2771 0.0885
266 0.4397 0.1121 0.0936 0.2246 0.1300
267 0.1038 0.1418 0.3274 0.3540 0.0731
268 0.1487 0.4580 0.0967 0.0834 0.2130
269 0.1156 0.2094 0.2061 0.1183 0.3506
270 0.0789 0.2954 0.3853 0.1923 0.0482
271 0.2566 0.2905 0.2646 0.1696 0.0187
272 0.2325 0.2717 0.2036 0.0503 0.2418
273 0.3159 0.4707 0.0912 0.0244 0.0979
274 0.2018 0.0742 0.2114 0.4548 0.0578
275 0.8125 0.1117 0.0405 0.0150 0.0203
276 0.8135 0.1101 0.0408 0.0153 0.0202
277 0.8330 0.1059 0.0333 0.0055 0.0224
278 0.8330 0.1059 0.0333 0.0055 0.0224
279 0.8330 0.1059 0.0333 0.0055 0.0224
