time exciting_prob fearful_prob tense_prob sad_prob relaxing_prob
0 0.2037 0.2830 0.2496 0.2310 0.0327
1 0.1302 0.6616 0.1837 0.0208 0.0035
2 0.1033 0.6426 0.1959 0.0515 0.0068
3 0.1444 0.7056 0.1057 0.0220 0.0223
4 0.1442 0.6362 0.1970 0.0082 0.0146
5 0.0935 0.6289 0.2622 0.0053 0.0098
6 0.0693 0.7744 0.1367 0.0063 0.0131
7 0.0771 0.7910 0.1251 0.0031 0.0035
8 0.1194 0.6406 0.2213 0.0050 0.0137
9 0.1274 0.6680 0.1346 0.0544 0.0156
10 0.0941 0.1991 0.2120 0.3899 0.1049
11 0.1500 0.4045 0.3408 0.0552 0.0495
12 0.2090 0.4355 0.2812 0.0316 0.0425
13 0.2098 0.5112 0.2251 0.0138 0.0400
14 0.4104 0.3650 0.1985 0.0044 0.0217
15 0.0891 0.6377 0.2383 0.0205 0.0144
16 0.1060 0.6909 0.1667 0.0135 0.0229
17 0.1127 0.5630 0.2578 0.0504 0.0160
18 0.1173 0.6753 0.1788 0.0172 0.0115
19 0.1117 0.0570 0.5166 0.2942 0.0207
20 0.1328 0.1577 0.5952 0.1075 0.0069
21 0.1643 0.1439 0.5869 0.0958 0.0088
22 0.0546 0.0160 0.1028 0.0309 0.7959
23 0.0854 0.0423 0.1713 0.0547 0.6465
24 0.1306 0.0971 0.1370 0.0678 0.5674
25 0.1400 0.0389 0.2964 0.5205 0.0043
26 0.1919 0.1110 0.3787 0.3140 0.0047
27 0.1544 0.2839 0.5474 0.0135 0.0008
28 0.1519 0.2793 0.5386 0.0266 0.0039
29 0.1571 0.1925 0.3711 0.2551 0.0241
30 0.1908 0.3564 0.3049 0.1395 0.0085
31 0.2213 0.2284 0.4402 0.0930 0.0171
32 0.2549 0.3274 0.1753 0.2322 0.0102
33 0.2644 0.2793 0.2483 0.2026 0.0054
34 0.1171 0.2639 0.3840 0.2292 0.0056
35 0.2788 0.1652 0.4668 0.0721 0.0171
36 0.1788 0.2603 0.3342 0.2091 0.0177
37 0.0999 0.1725 0.3486 0.3770 0.0022
38 0.1638 0.1296 0.2920 0.4119 0.0026
39 0.0637 0.1552 0.1843 0.5854 0.0112
40 0.0428 0.4670 0.4253 0.0637 0.0014
41 0.0616 0.0611 0.0611 0.0046 0.8115
42 0.0538 0.0482 0.0533 0.0037 0.8408
43 0.0803 0.8042 0.0960 0.0139 0.0057
44 0.0726 0.3987 0.4050 0.1090 0.0149
45 0.0389 0.4492 0.2057 0.2991 0.0071
46 0.5322 0.2939 0.0743 0.0188 0.0810
47 0.6758 0.1968 0.0497 0.0106 0.0670
48 0.6836 0.1943 0.0437 0.0073 0.0709
49 0.1479 0.6577 0.1575 0.0317 0.0049
50 0.3308 0.5161 0.1057 0.0407 0.0065
51 0.4192 0.4094 0.0886 0.0165 0.0663
52 0.1975 0.6577 0.1179 0.0063 0.0203
53 0.3535 0.4231 0.1270 0.0106 0.0859
54 0.4412 0.1000 0.1064 0.1927 0.1598
55 0.3540 0.4836 0.1242 0.0160 0.0221
56 0.1259 0.2812 0.3557 0.2261 0.0111
57 0.1141 0.5483 0.2590 0.0748 0.0034
58 0.0736 0.3511 0.4167 0.1533 0.0052
59 0.1583 0.4512 0.1794 0.2098 0.0011
60 0.2185 0.5493 0.1841 0.0469 0.0011
61 0.2228 0.6758 0.0907 0.0099 0.0009
62 0.3030 0.5576 0.1072 0.0310 0.0013
63 0.3447 0.6050 0.0292 0.0181 0.0030
64 0.5449 0.4114 0.0284 0.0117 0.0034
65 0.5366 0.1885 0.0925 0.1798 0.0024
66 0.6060 0.3191 0.0513 0.0207 0.0031
67 0.3640 0.3997 0.1393 0.0906 0.0064
68 0.0363 0.3699 0.5820 0.0101 0.0019
69 0.0448 0.5049 0.3582 0.0850 0.0072
70 0.1248 0.4255 0.3582 0.0477 0.0438
71 0.2593 0.4658 0.2100 0.0407 0.0243
72 0.2195 0.4265 0.2318 0.1070 0.0152
73 0.4683 0.3452 0.0866 0.0467 0.0529
74 0.6123 0.2397 0.0565 0.0131 0.0784
75 0.6094 0.2482 0.0576 0.0323 0.0524
76 0.7261 0.1864 0.0327 0.0391 0.0160
77 0.0325 0.5405 0.2515 0.1675 0.0081
78 0.0255 0.5571 0.1106 0.2983 0.0085
79 0.1719 0.6641 0.1360 0.0114 0.0166
80 0.2986 0.5986 0.0548 0.0101 0.0380
81 0.0985 0.6323 0.1990 0.0593 0.0110
82 0.0510 0.5273 0.2693 0.1442 0.0084
83 0.0164 0.5088 0.3337 0.1392 0.0019
84 0.0607 0.7993 0.0715 0.0557 0.0127
85 0.1083 0.5762 0.2292 0.0646 0.0217
86 0.1143 0.6182 0.1743 0.0817 0.0117
87 0.0722 0.5591 0.2405 0.1209 0.0073
88 0.1641 0.7241 0.0806 0.0154 0.0159
89 0.4390 0.3137 0.1248 0.0360 0.0864
90 0.2830 0.5498 0.1041 0.0553 0.0075
91 0.3477 0.5020 0.1174 0.0229 0.0103
92 0.5244 0.2988 0.1337 0.0135 0.0294
93 0.3215 0.5059 0.1183 0.0418 0.0127
94 0.2893 0.5532 0.1115 0.0340 0.0118
95 0.0942 0.2462 0.4124 0.2424 0.0048
96 0.0751 0.3584 0.4189 0.1448 0.0028
97 0.0749 0.2593 0.2184 0.1840 0.2634
98 0.1040 0.0911 0.3955 0.0437 0.3657
99 0.0403 0.4170 0.3511 0.1711 0.0206
100 0.2742 0.1599 0.1743 0.0108 0.3806
101 0.3115 0.1846 0.0752 0.0254 0.4033
102 0.2781 0.2737 0.2715 0.0703 0.1064
103 0.1412 0.6479 0.1827 0.0180 0.0099
104 0.1379 0.6899 0.1504 0.0119 0.0099
105 0.0936 0.7363 0.1567 0.0050 0.0086
106 0.5786 0.0681 0.2756 0.0681 0.0096
107 0.4119 0.3440 0.1357 0.0710 0.0374
108 0.3516 0.4309 0.1196 0.0698 0.0282
109 0.3105 0.4312 0.1315 0.0897 0.0371
110 0.2847 0.4272 0.1431 0.1097 0.0353
111 0.2817 0.4983 0.1279 0.0664 0.0256
112 0.3503 0.4065 0.1270 0.0893 0.0270
113 0.2026 0.3696 0.1035 0.2791 0.0452
114 0.1519 0.3069 0.1617 0.3586 0.0209
115 0.6328 0.2419 0.1033 0.0106 0.0116
116 0.6406 0.2214 0.1122 0.0147 0.0110
117 0.5859 0.2223 0.1576 0.0107 0.0236
118 0.4302 0.2130 0.2510 0.0471 0.0587
119 0.3296 0.2030 0.3428 0.0915 0.0331
120 0.2693 0.3513 0.2065 0.1355 0.0373
121 0.7637 0.0744 0.1152 0.0289 0.0180
122 0.4292 0.4570 0.0907 0.0136 0.0094
123 0.5796 0.3252 0.0626 0.0216 0.0110
124 0.2422 0.5674 0.1025 0.0553 0.0323
125 0.4951 0.3403 0.0670 0.0809 0.0166
126 0.3069 0.6396 0.0422 0.0042 0.0072
127 0.3579 0.6089 0.0242 0.0046 0.0045
128 0.1969 0.2910 0.2375 0.2394 0.0350
129 0.1359 0.1025 0.6040 0.1162 0.0411
130 0.2512 0.1409 0.4880 0.0790 0.0410
131 0.5068 0.1545 0.2549 0.0443 0.0394
132 0.3967 0.5337 0.0369 0.0086 0.0238
133 0.5410 0.3438 0.0401 0.0386 0.0365
134 0.0922 0.5024 0.3733 0.0286 0.0037
135 0.2761 0.4551 0.2253 0.0185 0.0249
136 0.2988 0.3779 0.1930 0.0641 0.0662
137 0.2529 0.4507 0.2196 0.0297 0.0471
138 0.3152 0.3862 0.1769 0.1048 0.0168
139 0.2177 0.2390 0.0880 0.4465 0.0088
140 0.2225 0.4221 0.0964 0.2444 0.0146
141 0.2585 0.2229 0.0361 0.4756 0.0067
142 0.2045 0.2372 0.2045 0.0974 0.2566
143 0.1870 0.3157 0.1295 0.0473 0.3206
144 0.3506 0.2449 0.0729 0.0268 0.3047
145 0.0706 0.2075 0.3760 0.2108 0.1351
146 0.2773 0.5063 0.0664 0.0038 0.1461
147 0.2410 0.5430 0.1763 0.0068 0.0329
148 0.2935 0.4204 0.1595 0.0419 0.0847
149 0.0474 0.3530 0.1776 0.3760 0.0460
150 0.1098 0.3489 0.2761 0.2324 0.0327
151 0.0390 0.0516 0.1471 0.7588 0.0038
152 0.0642 0.2295 0.4089 0.2947 0.0028
153 0.1071 0.1909 0.2651 0.4236 0.0132
154 0.3271 0.1582 0.1498 0.2979 0.0670
155 0.0922 0.4197 0.0922 0.3762 0.0196
156 0.5176 0.1616 0.1494 0.1182 0.0533
157 0.4858 0.1403 0.1277 0.1787 0.0673
158 0.4456 0.1127 0.2385 0.1470 0.0562
159 0.3870 0.1447 0.3523 0.0941 0.0220
160 0.3372 0.1321 0.2111 0.2751 0.0446
161 0.1501 0.0842 0.3630 0.3862 0.0164
162 0.0111 0.9082 0.0336 0.0405 0.0064
163 0.0510 0.4333 0.3706 0.1385 0.0066
164 0.1575 0.2438 0.3035 0.2896 0.0058
165 0.0072 0.2451 0.0382 0.7090 0.0003
166 0.0128 0.5010 0.0369 0.4490 0.0003
167 0.0540 0.0485 0.2969 0.5811 0.0194
168 0.0156 0.0328 0.0169 0.9292 0.0056
169 0.0489 0.0706 0.1259 0.7358 0.0190
170 0.0350 0.0140 0.1270 0.8149 0.0094
171 0.2296 0.4749 0.2296 0.0369 0.0292
172 0.2437 0.3833 0.2101 0.1254 0.0377
173 0.2505 0.4753 0.1804 0.0497 0.0439
174 0.2213 0.4834 0.1953 0.0379 0.0620
175 0.2900 0.4089 0.2009 0.0647 0.0355
176 0.2656 0.4451 0.2006 0.0672 0.0215
177 0.3340 0.3391 0.2190 0.0844 0.0236
178 0.4385 0.3416 0.1552 0.0414 0.0232
179 0.3386 0.2678 0.3386 0.0205 0.0346
180 0.4492 0.2189 0.1705 0.1026 0.0589
181 0.4099 0.1619 0.2229 0.1270 0.0782
182 0.2791 0.1859 0.1747 0.2542 0.1060
183 0.3904 0.3669 0.1257 0.0652 0.0516
184 0.2805 0.6523 0.0430 0.0152 0.0090
185 0.1021 0.1581 0.4573 0.2410 0.0416
186 0.2385 0.5679 0.1228 0.0389 0.0320
187 0.0905 0.5327 0.2678 0.0197 0.0891
188 0.0462 0.5283 0.2964 0.1274 0.0014
189 0.0457 0.0909 0.2629 0.5928 0.0078
190 0.0747 0.2195 0.3733 0.3296 0.0029
191 0.0833 0.3047 0.2095 0.3853 0.0172
192 0.0472 0.4082 0.1649 0.3774 0.0022
193 0.0163 0.0144 0.0842 0.8779 0.0071
194 0.1046 0.5396 0.2048 0.1409 0.0099
195 0.0216 0.7100 0.2035 0.0640 0.0009
196 0.0536 0.6143 0.2947 0.0369 0.0008
197 0.1566 0.6099 0.1382 0.0935 0.0018
198 0.3137 0.4158 0.0793 0.0233 0.1680
199 0.2595 0.4314 0.0756 0.0096 0.2238
200 0.1448 0.3611 0.1801 0.0102 0.3040
201 0.0922 0.2754 0.2798 0.2842 0.0685
202 0.2600 0.3137 0.0831 0.3137 0.0296
203 0.2037 0.2830 0.2496 0.2310 0.0327
204 0.5771 0.2769 0.0885 0.0258 0.0316
205 0.5806 0.2744 0.0877 0.0257 0.0315
206 0.5942 0.2678 0.0870 0.0227 0.0282
