time exciting_prob fearful_prob tense_prob sad_prob relaxing_prob
0 0.2539 0.2620 0.1093 0.3364 0.0383
1 0.6689 0.0549 0.2661 0.0097 0.0001
2 0.5864 0.0497 0.3557 0.0078 0.0001
3 0.1055 0.0640 0.3101 0.4875 0.0329
4 0.5713 0.2827 0.1125 0.0031 0.0303
5 0.2507 0.1594 0.5479 0.0378 0.0043
6 0.2258 0.1786 0.5249 0.0642 0.0064
7 0.3811 0.1704 0.3362 0.0673 0.0451
8 0.0154 0.2462 0.5132 0.0393 0.1859
9 0.1373 0.2930 0.4067 0.1138 0.0493
10 0.1175 0.3218 0.5142 0.0209 0.0256
11 0.2280 0.2158 0.5469 0.0033 0.0060
12 0.1758 0.2810 0.5249 0.0138 0.0045
13 0.2058 0.3875 0.3213 0.0435 0.0418
14 0.1670 0.3269 0.4683 0.0082 0.0295
15 0.0861 0.1177 0.2869 0.4880 0.0211
16 0.2378 0.4172 0.3198 0.0172 0.0078
17 0.1243 0.4690 0.3711 0.0183 0.0173
18 0.0941 0.4316 0.4668 0.0055 0.0021
19 0.0579 0.5493 0.3894 0.0017 0.0019
20 0.2708 0.3115 0.3999 0.0057 0.0121
21 0.1093 0.2157 0.5176 0.0235 0.1339
22 0.0806 0.1069 0.3044 0.4790 0.0292
23 0.1006 0.2490 0.3623 0.2568 0.0312
24 0.0562 0.3992 0.1562 0.3467 0.0417
25 0.1476 0.2844 0.2935 0.1511 0.1233
26 0.1215 0.2288 0.4998 0.0293 0.1206
27 0.1216 0.4348 0.3867 0.0377 0.0193
28 0.4917 0.1523 0.1766 0.1283 0.0510
29 0.3284 0.1492 0.4382 0.0466 0.0377
30 0.2720 0.0579 0.1959 0.4556 0.0187
31 0.2983 0.4111 0.2003 0.0698 0.0205
32 0.1890 0.0972 0.6294 0.0058 0.0787
33 0.0889 0.5195 0.2532 0.0561 0.0822
34 0.2299 0.2729 0.4431 0.0028 0.0513
35 0.2198 0.0931 0.5273 0.1536 0.0060
36 0.3157 0.2966 0.3635 0.0063 0.0178
37 0.2279 0.5425 0.2141 0.0054 0.0100
38 0.1043 0.0706 0.4392 0.3699 0.0163
39 0.1879 0.0506 0.4436 0.2957 0.0223
40 0.2303 0.3569 0.3982 0.0018 0.0128
41 0.0561 0.4805 0.4585 0.0029 0.0019
42 0.0571 0.2520 0.6333 0.0481 0.0094
43 0.1742 0.2986 0.4773 0.0172 0.0327
44 0.1455 0.4343 0.3657 0.0172 0.0374
45 0.1215 0.3303 0.5278 0.0030 0.0175
46 0.2384 0.3362 0.3552 0.0303 0.0399
47 0.1267 0.4321 0.3875 0.0159 0.0378
48 0.3845 0.2208 0.3787 0.0036 0.0126
49 0.1632 0.1849 0.4578 0.1879 0.0062
50 0.0790 0.4409 0.3772 0.0910 0.0120
51 0.1554 0.4258 0.2622 0.1259 0.0308
52 0.0377 0.0444 0.2739 0.0071 0.6367
53 0.0162 0.1083 0.5586 0.3132 0.0038
54 0.1318 0.3757 0.4824 0.0035 0.0067
55 0.1564 0.4353 0.3665 0.0308 0.0112
56 0.1137 0.6294 0.2141 0.0387 0.0042
57 0.0333 0.1125 0.6177 0.2345 0.0021
58 0.4189 0.3755 0.0950 0.0177 0.0928
59 0.1381 0.1238 0.3696 0.2539 0.1145
60 0.0496 0.1002 0.3552 0.4353 0.0598
61 0.2588 0.1711 0.4170 0.1385 0.0146
62 0.2610 0.1986 0.4172 0.0803 0.0429
63 0.1528 0.0793 0.2561 0.4858 0.0260
64 0.1339 0.0964 0.5464 0.2073 0.0162
65 0.1013 0.6011 0.2318 0.0460 0.0196
66 0.0606 0.4841 0.3379 0.0931 0.0243
67 0.1173 0.1249 0.5684 0.1707 0.0186
68 0.2563 0.3530 0.3643 0.0181 0.0083
69 0.3262 0.2313 0.3472 0.0549 0.0405
70 0.3691 0.1189 0.3108 0.1771 0.0240
71 0.0341 0.1827 0.6182 0.1337 0.0312
72 0.0549 0.5171 0.4153 0.0055 0.0073
73 0.3767 0.3247 0.2285 0.0115 0.0587
74 0.2751 0.3218 0.2976 0.0701 0.0355
75 0.0422 0.5557 0.2793 0.0813 0.0415
76 0.1859 0.1278 0.4861 0.1591 0.0412
77 0.1166 0.5391 0.3320 0.0072 0.0050
78 0.3240 0.1747 0.4358 0.0256 0.0399
79 0.2627 0.2063 0.5103 0.0107 0.0099
80 0.1201 0.3340 0.4028 0.0679 0.0751
81 0.1655 0.2372 0.4229 0.1555 0.0189
82 0.1530 0.0928 0.5337 0.2090 0.0115
83 0.2644 0.1211 0.3848 0.2092 0.0202
84 0.1713 0.4077 0.3713 0.0087 0.0410
85 0.0582 0.4041 0.5029 0.0147 0.0200
86 0.1412 0.6377 0.2054 0.0098 0.0055
87 0.0554 0.3188 0.6050 0.0058 0.0151
88 0.5303 0.1061 0.2817 0.0718 0.0099
89 0.1810 0.1810 0.3833 0.2325 0.0220
90 0.4163 0.1331 0.3911 0.0513 0.0084
91 0.2561 0.2191 0.4937 0.0084 0.0227
92 0.1398 0.4204 0.3682 0.0300 0.0416
93 0.2363 0.4019 0.2255 0.0962 0.0401
94 0.3518 0.3306 0.2290 0.0181 0.0704
95 0.1219 0.5215 0.3420 0.0058 0.0086
96 0.1326 0.4519 0.3281 0.0241 0.0631
97 0.0909 0.3403 0.5435 0.0054 0.0198
98 0.2158 0.6646 0.0980 0.0028 0.0187
99 0.0694 0.1639 0.2172 0.5127 0.0369
100 0.1241 0.3735 0.4834 0.0038 0.0151
101 0.1301 0.2979 0.4541 0.0808 0.0370
102 0.1255 0.3206 0.5327 0.0081 0.0134
103 0.0840 0.5693 0.3193 0.0057 0.0216
104 0.1234 0.4844 0.3462 0.0261 0.0200
105 0.0654 0.5874 0.3401 0.0035 0.0037
106 0.4260 0.2666 0.2446 0.0206 0.0422
107 0.0174 0.6851 0.1815 0.1127 0.0035
108 0.3179 0.4209 0.2380 0.0093 0.0140
109 0.0277 0.4507 0.5029 0.0116 0.0073
110 0.1335 0.4246 0.3896 0.0259 0.0265
111 0.1827 0.2421 0.3359 0.2274 0.0119
112 0.0663 0.3997 0.3875 0.0357 0.1110
113 0.2024 0.4421 0.2330 0.0191 0.1034
114 0.3220 0.3508 0.1462 0.0189 0.1619
115 0.2581 0.3813 0.2041 0.0349 0.1218
116 0.0843 0.4417 0.3606 0.0165 0.0970
117 0.0542 0.6196 0.2390 0.0070 0.0800
118 0.1898 0.5283 0.2134 0.0079 0.0607
119 0.0966 0.1362 0.7368 0.0277 0.0027
120 0.1637 0.4182 0.2874 0.0484 0.0823
121 0.0693 0.4146 0.4924 0.0070 0.0167
122 0.1973 0.3462 0.4446 0.0023 0.0099
123 0.1422 0.2615 0.4885 0.0579 0.0499
124 0.1252 0.4172 0.3625 0.0924 0.0024
125 0.1332 0.0908 0.6353 0.0729 0.0680
126 0.2512 0.2959 0.4045 0.0330 0.0152
127 0.1605 0.4067 0.3972 0.0159 0.0196
128 0.1233 0.3682 0.4690 0.0216 0.0182
129 0.0901 0.0901 0.4946 0.3047 0.0206
130 0.2004 0.4312 0.1367 0.0062 0.2255
131 0.2700 0.3010 0.2786 0.0363 0.1143
132 0.0540 0.4971 0.2922 0.0120 0.1447
133 0.1140 0.2129 0.5972 0.0319 0.0439
134 0.1785 0.1930 0.3230 0.2764 0.0291
135 0.1700 0.2253 0.4922 0.0698 0.0427
136 0.1726 0.3801 0.3406 0.0620 0.0447
137 0.1781 0.0464 0.3225 0.4272 0.0258
138 0.1726 0.2759 0.5151 0.0263 0.0100
139 0.3198 0.3799 0.2065 0.0737 0.0200
140 0.0786 0.1008 0.1797 0.5625 0.0786
141 0.1059 0.5679 0.2620 0.0441 0.0199
142 0.0901 0.4470 0.2179 0.0132 0.2319
143 0.2332 0.3584 0.2812 0.1110 0.0163
144 0.3645 0.3369 0.1604 0.0321 0.1060
145 0.2489 0.1711 0.2649 0.2197 0.0952
146 0.2251 0.1115 0.3225 0.3174 0.0235
147 0.2441 0.1829 0.4421 0.0805 0.0504
148 0.1194 0.5029 0.2734 0.0204 0.0840
149 0.0980 0.5469 0.2771 0.0633 0.0147
150 0.0374 0.3667 0.4155 0.0912 0.0892
151 0.1760 0.1415 0.1707 0.4712 0.0405
152 0.1948 0.0642 0.7183 0.0084 0.0144
153 0.0684 0.0950 0.4192 0.4065 0.0108
154 0.2137 0.4089 0.3442 0.0143 0.0188
155 0.3533 0.4004 0.1461 0.0355 0.0648
156 0.3020 0.2175 0.4094 0.0254 0.0456
157 0.1486 0.2264 0.5435 0.0664 0.0154
158 0.2339 0.0406 0.4170 0.2910 0.0176
159 0.4380 0.0480 0.4519 0.0566 0.0053
160 0.1888 0.4094 0.3264 0.0478 0.0276
161 0.2988 0.1117 0.3181 0.2478 0.0234
162 0.0951 0.3850 0.4297 0.0233 0.0669
163 0.2297 0.3020 0.3787 0.0800 0.0095
164 0.1187 0.1781 0.2937 0.0083 0.4014
165 0.1947 0.2747 0.4856 0.0320 0.0129
166 0.1929 0.3281 0.4414 0.0169 0.0206
167 0.3352 0.1398 0.4106 0.1030 0.0115
168 0.2073 0.0662 0.2041 0.4707 0.0516
169 0.3071 0.0873 0.2976 0.2605 0.0475
170 0.2157 0.0590 0.4290 0.2483 0.0481
171 0.0402 0.4863 0.4497 0.0198 0.0039
172 0.1611 0.2362 0.5845 0.0067 0.0113
173 0.1459 0.1110 0.7295 0.0051 0.0084
174 0.2338 0.1375 0.2649 0.3245 0.0394
175 0.3958 0.2363 0.3179 0.0230 0.0269
176 0.1077 0.1077 0.7651 0.0094 0.0099
177 0.0581 0.6108 0.1848 0.0901 0.0564
178 0.1464 0.1893 0.5352 0.0262 0.1030
179 0.3171 0.3484 0.3171 0.0080 0.0094
180 0.1079 0.4797 0.3511 0.0419 0.0195
181 0.0513 0.4067 0.4753 0.0047 0.0619
182 0.1326 0.4312 0.1389 0.0631 0.2344
183 0.0389 0.5083 0.3335 0.1033 0.0160
184 0.1482 0.2600 0.5591 0.0248 0.0077
185 0.4661 0.1284 0.3254 0.0592 0.0210
186 0.5825 0.1156 0.2625 0.0187 0.0206
187 0.6777 0.0606 0.1769 0.0606 0.0239
188 0.1721 0.3909 0.3560 0.0623 0.0186
189 0.2372 0.0782 0.4866 0.1763 0.0217
190 0.2493 0.1489 0.3054 0.2825 0.0138
191 0.2242 0.2622 0.2278 0.2463 0.0393
192 0.2798 0.1122 0.4912 0.1105 0.0062
193 0.1218 0.1705 0.4856 0.1136 0.1084
194 0.2065 0.3005 0.3921 0.0100 0.0909
195 0.1404 0.5728 0.2426 0.0224 0.0219
196 0.0828 0.2047 0.4990 0.1671 0.0464
197 0.2683 0.1903 0.2727 0.2642 0.0045
198 0.1006 0.1738 0.2471 0.4336 0.0450
199 0.1017 0.3750 0.5127 0.0025 0.0083
200 0.2625 0.2625 0.3940 0.0093 0.0718
201 0.1111 0.4497 0.3586 0.0638 0.0168
202 0.1464 0.4614 0.2568 0.0340 0.1014
203 0.3267 0.1240 0.3645 0.1120 0.0729
204 0.3948 0.1055 0.3652 0.1149 0.0195
205 0.4636 0.1371 0.3137 0.0706 0.0149
206 0.0380 0.2256 0.3896 0.2637 0.0830
207 0.3040 0.2278 0.3696 0.0769 0.0217
208 0.1476 0.1283 0.4475 0.2632 0.0134
209 0.0834 0.1851 0.5791 0.1158 0.0364
210 0.0826 0.1278 0.4978 0.2793 0.0125
211 0.0870 0.6636 0.2329 0.0056 0.0111
212 0.1305 0.3206 0.4114 0.0925 0.0451
213 0.1829 0.3665 0.3337 0.1083 0.0087
214 0.1163 0.1874 0.5679 0.1068 0.0215
215 0.3230 0.0963 0.5122 0.0544 0.0140
216 0.2786 0.2345 0.1945 0.2203 0.0721
217 0.2534 0.2534 0.2344 0.2036 0.0552
218 0.0582 0.4907 0.1644 0.0944 0.1923
219 0.1394 0.3848 0.4360 0.0288 0.0111
220 0.2554 0.1324 0.4277 0.1421 0.0424
221 0.1407 0.6870 0.1364 0.0290 0.0067
222 0.0621 0.4246 0.4963 0.0129 0.0043
223 0.1730 0.3181 0.3035 0.1975 0.0081
224 0.0631 0.5537 0.3440 0.0197 0.0194
225 0.0784 0.5483 0.3430 0.0163 0.0143
226 0.2498 0.4053 0.2942 0.0177 0.0330
227 0.3003 0.3484 0.2844 0.0514 0.0155
228 0.2238 0.3987 0.3254 0.0188 0.0333
229 0.1603 0.0663 0.5093 0.2522 0.0118
230 0.1790 0.0505 0.4568 0.2905 0.0233
231 0.1313 0.4109 0.4307 0.0045 0.0228
232 0.0986 0.0986 0.1665 0.2639 0.3723
233 0.0878 0.4563 0.2922 0.0308 0.1328
234 0.0724 0.5698 0.1158 0.0168 0.2250
235 0.0523 0.5894 0.1226 0.0158 0.2202
