time exciting_prob fearful_prob tense_prob sad_prob relaxing_prob
0 0.2037 0.2830 0.2496 0.2310 0.0327
1 0.1985 0.1113 0.3826 0.2844 0.0232
2 0.1537 0.0332 0.5889 0.2068 0.0172
3 0.3979 0.0316 0.3623 0.1823 0.0258
4 0.8232 0.0736 0.0583 0.0011 0.0440
5 0.0433 0.4543 0.3376 0.1243 0.0403
6 0.1566 0.3342 0.2225 0.2522 0.0344
7 0.2222 0.3284 0.3232 0.0139 0.1125
8 0.0945 0.4104 0.2413 0.1909 0.0629
9 0.0448 0.2186 0.5410 0.1599 0.0354
10 0.0372 0.0627 0.1931 0.6958 0.0113
11 0.1160 0.1769 0.2783 0.4177 0.0110
12 0.0685 0.0753 0.0938 0.2146 0.5479
13 0.0472 0.1072 0.1488 0.4514 0.2454
14 0.2240 0.1614 0.1829 0.3635 0.0683
15 0.0805 0.1359 0.1772 0.2539 0.3525
16 0.0151 0.0503 0.1116 0.3384 0.4846
17 0.2954 0.0887 0.1157 0.3914 0.1087
18 0.2954 0.0887 0.1157 0.3914 0.1087
19 0.2037 0.2830 0.2496 0.2310 0.0327
20 0.3005 0.2378 0.2305 0.1896 0.0417
21 0.2236 0.0715 0.1854 0.4734 0.0461
22 0.4270 0.2549 0.2164 0.0362 0.0655
23 0.0339 0.1070 0.1251 0.6455 0.0887
24 0.1031 0.4143 0.2551 0.0021 0.2252
25 0.0403 0.4167 0.4578 0.0023 0.0827
26 0.1123 0.4109 0.2847 0.1443 0.0479
27 0.0676 0.3303 0.5195 0.0569 0.0257
28 0.3796 0.1149 0.2888 0.0822 0.1344
29 0.3826 0.1006 0.3376 0.0861 0.0930
30 0.1052 0.0872 0.7954 0.0047 0.0076
31 0.0349 0.1665 0.7461 0.0220 0.0303
32 0.2676 0.1421 0.5532 0.0017 0.0356
33 0.4714 0.0800 0.3530 0.0331 0.0623
34 0.4917 0.1672 0.3225 0.0030 0.0157
35 0.2559 0.1050 0.3723 0.1691 0.0978
36 0.2019 0.1234 0.4585 0.1273 0.0889
37 0.2083 0.2983 0.4480 0.0086 0.0368
38 0.2847 0.1971 0.1420 0.0136 0.3625
39 0.3020 0.1981 0.1201 0.0183 0.3616
40 0.5200 0.1245 0.2986 0.0063 0.0507
41 0.5322 0.1326 0.2827 0.0098 0.0427
42 0.3118 0.1372 0.2861 0.1165 0.1484
43 0.1976 0.5542 0.2347 0.0041 0.0092
44 0.4988 0.1475 0.2649 0.0128 0.0759
45 0.4980 0.1472 0.2729 0.0158 0.0659
46 0.3113 0.4287 0.2041 0.0165 0.0396
47 0.3521 0.2896 0.3179 0.0055 0.0351
48 0.1541 0.1145 0.3997 0.0441 0.2878
49 0.1841 0.0325 0.3013 0.4248 0.0575
50 0.3164 0.0878 0.4189 0.1201 0.0567
51 0.0589 0.1873 0.3667 0.3667 0.0205
52 0.0900 0.1290 0.1532 0.5693 0.0586
53 0.7300 0.1173 0.1128 0.0285 0.0114
54 0.4902 0.1761 0.2297 0.0550 0.0489
55 0.5835 0.1333 0.2339 0.0400 0.0094
56 0.1372 0.2666 0.5732 0.0037 0.0190
57 0.4319 0.1731 0.3499 0.0318 0.0134
58 0.5415 0.1564 0.1901 0.0469 0.0652
59 0.2001 0.3564 0.4072 0.0204 0.0158
60 0.0693 0.5161 0.4021 0.0079 0.0045
61 0.2224 0.1918 0.4673 0.0567 0.0618
62 0.3977 0.1353 0.2319 0.1385 0.0967
63 0.3350 0.1879 0.1375 0.0600 0.2798
64 0.3875 0.1003 0.1995 0.0294 0.2834
65 0.0472 0.1742 0.3865 0.3804 0.0118
66 0.6714 0.2001 0.0256 0.0960 0.0066
67 0.3716 0.2634 0.2893 0.0255 0.0503
68 0.5312 0.3271 0.1158 0.0061 0.0198
69 0.3896 0.1514 0.3521 0.0144 0.0925
70 0.2491 0.1055 0.3655 0.1809 0.0991
71 0.2788 0.0435 0.2969 0.3418 0.0389
72 0.2208 0.3528 0.3315 0.0110 0.0838
73 0.3242 0.1892 0.3506 0.0429 0.0929
74 0.2683 0.0723 0.3906 0.1229 0.1459
75 0.3113 0.2561 0.3696 0.0384 0.0248
76 0.3423 0.2075 0.3091 0.0191 0.1220
77 0.5024 0.1863 0.2229 0.0064 0.0820
78 0.4775 0.1959 0.2556 0.0037 0.0672
79 0.5527 0.1334 0.2590 0.0056 0.0491
80 0.0797 0.6172 0.2379 0.0075 0.0579
81 0.1447 0.5127 0.2661 0.0065 0.0699
82 0.1896 0.1597 0.5483 0.0635 0.0388
83 0.6748 0.1505 0.1268 0.0031 0.0449
84 0.6392 0.1182 0.1318 0.0151 0.0957
85 0.1993 0.0369 0.4155 0.1328 0.2156
86 0.2751 0.1833 0.4573 0.0096 0.0746
87 0.1719 0.0892 0.4124 0.2622 0.0643
88 0.2576 0.1702 0.2006 0.0197 0.3521
89 0.0884 0.3257 0.4595 0.0863 0.0401
90 0.5459 0.2744 0.1287 0.0213 0.0296
91 0.2839 0.2751 0.3398 0.0356 0.0654
92 0.1630 0.1862 0.5137 0.0367 0.1004
93 0.1367 0.1812 0.5938 0.0280 0.0602
94 0.0718 0.2061 0.1862 0.0262 0.5098
95 0.1223 0.2610 0.2452 0.0230 0.3484
96 0.3792 0.1722 0.3943 0.0130 0.0415
97 0.3879 0.3970 0.1617 0.0037 0.0497
98 0.1566 0.3215 0.3970 0.0085 0.1165
99 0.1487 0.2693 0.4202 0.0267 0.1354
100 0.1816 0.4028 0.2642 0.0065 0.1448
101 0.1271 0.0702 0.1968 0.1486 0.4575
102 0.2462 0.1118 0.4253 0.1815 0.0352
103 0.0486 0.0256 0.4988 0.4136 0.0133
104 0.2092 0.4226 0.3164 0.0079 0.0439
105 0.2891 0.1686 0.1740 0.0172 0.3513
106 0.2296 0.1076 0.2925 0.0311 0.3394
107 0.2825 0.1432 0.1244 0.0055 0.4446
108 0.1527 0.2788 0.4968 0.0220 0.0496
109 0.0916 0.4543 0.4268 0.0095 0.0179
110 0.3479 0.1362 0.1130 0.0021 0.4006
111 0.0450 0.5884 0.3513 0.0055 0.0101
112 0.1499 0.4043 0.4302 0.0034 0.0122
113 0.0262 0.6357 0.3298 0.0057 0.0023
114 0.0272 0.6348 0.3242 0.0071 0.0067
115 0.1015 0.4443 0.3303 0.0314 0.0924
116 0.2844 0.0945 0.2489 0.0923 0.2800
117 0.2231 0.1646 0.5269 0.0582 0.0271
118 0.1383 0.3240 0.4001 0.0435 0.0943
119 0.0935 0.2727 0.6245 0.0033 0.0061
120 0.2986 0.1702 0.3411 0.0876 0.1024
121 0.2019 0.3354 0.2893 0.0072 0.1661
122 0.4102 0.0416 0.4504 0.0468 0.0509
123 0.3237 0.1011 0.1553 0.0296 0.3904
124 0.4709 0.1093 0.3472 0.0576 0.0150
125 0.1036 0.0988 0.3672 0.0142 0.4160
126 0.2942 0.0294 0.2256 0.4214 0.0296
127 0.2605 0.1763 0.4609 0.0095 0.0929
128 0.1620 0.0231 0.4233 0.1096 0.2820
129 0.2485 0.1310 0.1495 0.0030 0.4680
130 0.2646 0.0951 0.4229 0.0254 0.1921
131 0.1541 0.4746 0.2622 0.0489 0.0603
132 0.2927 0.0619 0.3879 0.1192 0.1383
133 0.1758 0.1227 0.3232 0.0448 0.3335
134 0.2808 0.0911 0.3333 0.1434 0.1515
135 0.4749 0.1720 0.2502 0.0489 0.0541
136 0.1794 0.4692 0.1283 0.1293 0.0938
137 0.1466 0.1648 0.0791 0.5620 0.0476
138 0.3491 0.1586 0.4019 0.0552 0.0354
139 0.2637 0.3987 0.2400 0.0289 0.0688
140 0.3804 0.0715 0.2362 0.1884 0.1235
141 0.3384 0.0709 0.3630 0.0602 0.1675
142 0.2444 0.2444 0.3875 0.0210 0.1027
143 0.1414 0.2241 0.5547 0.0242 0.0558
144 0.2722 0.1704 0.3469 0.0553 0.1552
145 0.2834 0.2502 0.3188 0.0728 0.0745
146 0.0564 0.4202 0.2432 0.2321 0.0482
147 0.2389 0.2043 0.4902 0.0372 0.0294
148 0.0787 0.0396 0.4932 0.1287 0.2600
149 0.2163 0.1954 0.4724 0.0840 0.0319
150 0.0853 0.0271 0.6113 0.1570 0.1194
151 0.0435 0.0456 0.5962 0.0056 0.3093
152 0.0512 0.0402 0.6699 0.0037 0.2351
153 0.4607 0.0590 0.2371 0.0685 0.1748
154 0.2844 0.0748 0.4954 0.0232 0.1223
155 0.1809 0.1866 0.5273 0.0330 0.0720
156 0.2208 0.4158 0.2705 0.0028 0.0899
157 0.1879 0.1710 0.3428 0.0142 0.2842
158 0.1859 0.0972 0.2727 0.0219 0.4224
159 0.2832 0.0153 0.3110 0.3110 0.0793
160 0.3491 0.0096 0.3179 0.2556 0.0677
161 0.1281 0.1510 0.6660 0.0217 0.0332
162 0.5527 0.1030 0.2778 0.0105 0.0560
163 0.6172 0.0447 0.1224 0.0548 0.1610
164 0.1748 0.0493 0.7593 0.0137 0.0028
165 0.2469 0.0385 0.1570 0.2146 0.3430
166 0.1915 0.0265 0.2186 0.0549 0.5083
167 0.3225 0.1431 0.4585 0.0479 0.0280
168 0.1172 0.0571 0.7944 0.0190 0.0123
169 0.2734 0.0471 0.6509 0.0122 0.0163
170 0.4607 0.0989 0.3372 0.0789 0.0244
171 0.4336 0.1014 0.3799 0.0269 0.0582
172 0.4258 0.1102 0.2771 0.0648 0.1220
173 0.3613 0.1259 0.3584 0.0418 0.1128
174 0.2388 0.1816 0.4712 0.0148 0.0935
175 0.1965 0.1790 0.5913 0.0244 0.0086
176 0.3484 0.2302 0.4072 0.0096 0.0047
177 0.2896 0.2742 0.3689 0.0300 0.0374
178 0.4146 0.3687 0.1160 0.0031 0.0977
179 0.2444 0.4639 0.1720 0.0035 0.1163
180 0.0816 0.5752 0.1853 0.0079 0.1500
181 0.2079 0.0479 0.6016 0.0547 0.0880
182 0.0465 0.1687 0.1356 0.2379 0.4111
183 0.0815 0.3459 0.2083 0.2695 0.0946
184 0.0345 0.0880 0.0311 0.0685 0.7778
185 0.2208 0.3586 0.3315 0.0173 0.0717
186 0.1799 0.3662 0.1870 0.2188 0.0480
187 0.2236 0.2101 0.1898 0.3411 0.0354
188 0.0503 0.4553 0.1869 0.2476 0.0598
189 0.0622 0.4153 0.1100 0.3721 0.0405
190 0.1958 0.4551 0.2004 0.0055 0.1432
191 0.1340 0.5098 0.1890 0.0268 0.1405
192 0.2091 0.2622 0.4604 0.0504 0.0177
193 0.4080 0.1561 0.3438 0.0202 0.0720
194 0.3333 0.1914 0.2537 0.0047 0.2169
195 0.3386 0.1915 0.3899 0.0187 0.0612
196 0.2568 0.0564 0.4299 0.0538 0.2031
197 0.1442 0.0976 0.6265 0.0961 0.0356
198 0.1982 0.0901 0.1921 0.2839 0.2355
199 0.2605 0.3425 0.1907 0.0471 0.1593
200 0.0646 0.0466 0.5991 0.1256 0.1638
201 0.3250 0.1766 0.4304 0.0221 0.0461
202 0.1357 0.4814 0.3362 0.0173 0.0294
203 0.3025 0.1281 0.4575 0.0304 0.0814
204 0.3735 0.1835 0.3000 0.0479 0.0952
205 0.2084 0.2656 0.2399 0.1107 0.1755
206 0.3699 0.1201 0.2905 0.1329 0.0865
207 0.1842 0.2291 0.1357 0.0092 0.4417
208 0.1746 0.2600 0.0964 0.0165 0.4526
209 0.0451 0.2070 0.1613 0.0978 0.4888
210 0.3098 0.0923 0.4651 0.0461 0.0867
211 0.2551 0.1196 0.4175 0.0506 0.1572
212 0.3486 0.1910 0.3052 0.0209 0.1344
213 0.0676 0.1304 0.1150 0.4045 0.2825
214 0.1511 0.0620 0.4172 0.1355 0.2341
215 0.0444 0.2051 0.1107 0.4412 0.1989
216 0.0806 0.0270 0.0497 0.0028 0.8398
217 0.0424 0.2966 0.3633 0.2617 0.0360
218 0.0255 0.6040 0.2404 0.1135 0.0164
219 0.0463 0.6904 0.2189 0.0114 0.0331
220 0.0700 0.6045 0.2922 0.0072 0.0259
221 0.2081 0.1055 0.2866 0.0288 0.3708
222 0.3250 0.2050 0.3005 0.1499 0.0197
223 0.5493 0.1769 0.1478 0.0189 0.1073
224 0.4902 0.2625 0.1616 0.0390 0.0467
225 0.2368 0.3813 0.1830 0.0256 0.1732
226 0.0616 0.0548 0.1676 0.0157 0.7002
227 0.2026 0.2074 0.4094 0.0190 0.1616
228 0.5303 0.1617 0.2013 0.0059 0.1005
229 0.0498 0.0565 0.2216 0.0208 0.6514
230 0.3530 0.3167 0.2883 0.0153 0.0268
231 0.5933 0.1584 0.1726 0.0128 0.0630
232 0.0454 0.1854 0.0933 0.0773 0.5986
233 0.1737 0.1175 0.2488 0.2301 0.2301
234 0.2444 0.2296 0.4324 0.0179 0.0757
235 0.2137 0.1801 0.5088 0.0301 0.0673
236 0.2661 0.2559 0.2703 0.0751 0.1327
237 0.2703 0.1600 0.3552 0.0699 0.1447
238 0.2698 0.1525 0.2964 0.1478 0.1335
239 0.4417 0.0721 0.3308 0.0829 0.0726
240 0.3542 0.0803 0.2216 0.1986 0.1454
241 0.7080 0.0776 0.1329 0.0115 0.0701
242 0.2583 0.1299 0.3477 0.0907 0.1735
243 0.0368 0.3721 0.1827 0.0124 0.3960
244 0.0686 0.1499 0.0332 0.0050 0.7432
245 0.2395 0.1698 0.3540 0.0045 0.2322
246 0.2402 0.1266 0.5166 0.0310 0.0856
247 0.1283 0.0969 0.1500 0.0720 0.5527
248 0.1672 0.1039 0.1055 0.0067 0.6167
249 0.0620 0.4473 0.3074 0.1030 0.0802
250 0.1377 0.0535 0.2961 0.0322 0.4805
251 0.1674 0.2961 0.2654 0.1714 0.0999
252 0.0569 0.1897 0.2399 0.0215 0.4922
253 0.2493 0.1824 0.1926 0.0889 0.2869
254 0.1150 0.1409 0.2869 0.0650 0.3921
255 0.0901 0.0853 0.3677 0.0534 0.4038
256 0.4700 0.1586 0.2805 0.0166 0.0743
257 0.0916 0.4368 0.3049 0.0691 0.0975
258 0.1074 0.4849 0.2556 0.0031 0.1490
259 0.1372 0.4463 0.2075 0.0199 0.1890
260 0.3447 0.2444 0.1201 0.1641 0.1268
261 0.0952 0.3481 0.4578 0.0160 0.0827
262 0.6006 0.1011 0.2333 0.0039 0.0613
263 0.1316 0.0589 0.5454 0.0632 0.2007
264 0.2173 0.0673 0.4060 0.1068 0.2025
265 0.2013 0.1832 0.4790 0.0690 0.0674
266 0.1919 0.2075 0.4463 0.0517 0.1027
267 0.4207 0.1039 0.3201 0.0282 0.1273
268 0.3987 0.2069 0.2964 0.0033 0.0947
269 0.5576 0.1315 0.2494 0.0026 0.0588
270 0.1210 0.3816 0.4463 0.0153 0.0358
271 0.0795 0.4333 0.4543 0.0067 0.0260
272 0.0374 0.0090 0.0389 0.0020 0.9126
273 0.5718 0.0323 0.2039 0.1492 0.0428
274 0.2327 0.2517 0.2808 0.0263 0.2086
275 0.4346 0.1335 0.2896 0.0216 0.1207
276 0.4280 0.2070 0.1613 0.0488 0.1550
277 0.2554 0.0910 0.1700 0.4275 0.0561
278 0.3643 0.2881 0.1111 0.1616 0.0751
279 0.4038 0.2954 0.0997 0.1301 0.0707
280 0.5674 0.3037 0.0520 0.0099 0.0667
281 0.5708 0.3008 0.0519 0.0097 0.0666
282 0.5811 0.2922 0.0496 0.0106 0.0662
283 0.5811 0.2922 0.0496 0.0106 0.0662
284 0.5811 0.2922 0.0496 0.0106 0.0662
285 0.5811 0.2922 0.0496 0.0106 0.0662
286 0.5811 0.2922 0.0496 0.0106 0.0662
287 0.5811 0.2922 0.0496 0.0106 0.0662
