time exciting_prob fearful_prob tense_prob sad_prob relaxing_prob
0 0.2037 0.2830 0.2496 0.2310 0.0327
1 0.2037 0.2830 0.2496 0.2310 0.0327
2 0.2905 0.2485 0.4097 0.0279 0.0235
3 0.2141 0.2010 0.4531 0.1128 0.0188
4 0.1111 0.1919 0.6494 0.0381 0.0098
5 0.0557 0.0891 0.3928 0.4521 0.0102
6 0.1080 0.2571 0.5439 0.0708 0.0201
7 0.0718 0.2177 0.6299 0.0572 0.0237
8 0.2046 0.2318 0.4612 0.0254 0.0770
9 0.2010 0.1774 0.4189 0.1774 0.0254
10 0.0545 0.4185 0.2578 0.2500 0.0191
11 0.0320 0.4355 0.2725 0.2482 0.0116
12 0.2122 0.3135 0.2600 0.2024 0.0120
13 0.3174 0.3125 0.0999 0.2471 0.0233
14 0.2566 0.2688 0.1520 0.3000 0.0226
15 0.4143 0.2051 0.3032 0.0676 0.0098
16 0.4214 0.2220 0.2700 0.0693 0.0173
17 0.3770 0.1971 0.3328 0.0809 0.0124
18 0.1357 0.4346 0.2238 0.2006 0.0054
19 0.0318 0.3933 0.4817 0.0799 0.0134
20 0.0837 0.4490 0.2257 0.2329 0.0086
21 0.0817 0.5625 0.1526 0.1812 0.0222
22 0.0148 0.2583 0.6099 0.1060 0.0107
23 0.0783 0.5186 0.2015 0.1908 0.0109
24 0.0421 0.6382 0.1110 0.2073 0.0013
25 0.0553 0.4705 0.3960 0.0646 0.0136
26 0.0926 0.4851 0.2678 0.1467 0.0078
27 0.1080 0.6167 0.1895 0.0771 0.0089
28 0.1547 0.4619 0.1713 0.2002 0.0121
29 0.0477 0.1946 0.2240 0.5049 0.0289
30 0.3708 0.1908 0.3594 0.0645 0.0146
31 0.4500 0.1506 0.2729 0.1174 0.0093
32 0.0322 0.6675 0.1024 0.1254 0.0726
33 0.0296 0.7119 0.0994 0.1010 0.0584
34 0.0583 0.2201 0.6572 0.0641 0.0004
35 0.0967 0.4299 0.2030 0.1241 0.1462
36 0.0350 0.8896 0.0708 0.0025 0.0019
37 0.1520 0.4504 0.3792 0.0171 0.0013
38 0.1332 0.4102 0.2128 0.1395 0.1045
39 0.0972 0.3237 0.4858 0.0728 0.0205
40 0.1245 0.1082 0.2761 0.4849 0.0063
41 0.1296 0.1576 0.2520 0.4490 0.0117
42 0.0631 0.6626 0.2595 0.0047 0.0100
43 0.0536 0.7808 0.1587 0.0036 0.0034
44 0.1317 0.2539 0.4456 0.1639 0.0050
45 0.2363 0.1757 0.2896 0.2942 0.0044
46 0.0939 0.5981 0.2166 0.0797 0.0119
47 0.0597 0.2068 0.3987 0.3306 0.0042
48 0.1520 0.3508 0.3914 0.0718 0.0342
49 0.1602 0.5415 0.1993 0.0927 0.0062
50 0.0979 0.2009 0.3994 0.2581 0.0438
51 0.0692 0.1333 0.4800 0.2910 0.0267
52 0.0770 0.2644 0.5596 0.0845 0.0145
53 0.1769 0.1561 0.2739 0.3865 0.0064
54 0.1251 0.1251 0.3169 0.4199 0.0131
55 0.0520 0.8398 0.0988 0.0022 0.0074
56 0.1250 0.7539 0.1111 0.0054 0.0047
57 0.0221 0.5747 0.3540 0.0468 0.0023
58 0.0809 0.7554 0.1046 0.0256 0.0337
59 0.0527 0.2117 0.3713 0.3489 0.0153
60 0.0915 0.5693 0.3096 0.0196 0.0102
61 0.1570 0.3457 0.3652 0.1131 0.0190
62 0.1030 0.5034 0.3459 0.0300 0.0178
63 0.2112 0.3508 0.3296 0.0847 0.0235
64 0.1602 0.3259 0.3635 0.0341 0.1162
65 0.1553 0.3997 0.4060 0.0274 0.0118
66 0.2266 0.5435 0.1697 0.0367 0.0233
67 0.1421 0.5078 0.3279 0.0110 0.0114
68 0.1185 0.2935 0.4475 0.1080 0.0327
69 0.0933 0.1990 0.4924 0.1715 0.0437
70 0.1893 0.6255 0.1558 0.0211 0.0082
71 0.0883 0.5806 0.2363 0.0786 0.0163
72 0.1422 0.4885 0.3057 0.0291 0.0346
73 0.3088 0.3364 0.2683 0.0728 0.0138
74 0.1062 0.5029 0.1282 0.0397 0.2231
75 0.0526 0.7144 0.0853 0.0284 0.1194
76 0.0687 0.6724 0.0709 0.0156 0.1726
77 0.2087 0.2766 0.4023 0.0694 0.0431
78 0.0445 0.4390 0.5054 0.0093 0.0021
79 0.0615 0.4204 0.1794 0.0356 0.3030
80 0.0961 0.5078 0.2474 0.0660 0.0829
81 0.0872 0.4158 0.1191 0.0384 0.3394
82 0.2500 0.3286 0.3088 0.0663 0.0463
83 0.0892 0.1759 0.4934 0.1932 0.0481
84 0.1098 0.3462 0.4309 0.0767 0.0365
85 0.0824 0.1731 0.5767 0.1626 0.0054
86 0.0508 0.6138 0.3135 0.0173 0.0047
87 0.1111 0.4753 0.2837 0.0623 0.0674
88 0.0860 0.7725 0.1037 0.0277 0.0103
89 0.2133 0.4883 0.2084 0.0495 0.0407
90 0.0640 0.4341 0.4409 0.0214 0.0395
91 0.0619 0.6455 0.2776 0.0094 0.0059
92 0.1294 0.7983 0.0527 0.0159 0.0036
93 0.1306 0.7876 0.0683 0.0088 0.0049
94 0.0909 0.2651 0.5356 0.0834 0.0250
95 0.1516 0.2089 0.3472 0.2747 0.0177
96 0.0889 0.7441 0.1334 0.0327 0.0009
97 0.0184 0.8638 0.1133 0.0043 0.0002
98 0.1302 0.2433 0.2510 0.3567 0.0186
99 0.0399 0.7773 0.1735 0.0088 0.0002
100 0.2910 0.1879 0.3794 0.1078 0.0339
101 0.2094 0.1183 0.5181 0.1384 0.0158
102 0.0644 0.5923 0.2507 0.0534 0.0394
103 0.2585 0.1696 0.5513 0.0070 0.0136
104 0.0588 0.5801 0.3357 0.0134 0.0122
105 0.0356 0.6729 0.2761 0.0123 0.0033
106 0.0917 0.5034 0.3569 0.0356 0.0125
107 0.1329 0.1733 0.3584 0.3018 0.0336
108 0.1000 0.6675 0.1989 0.0332 0.0007
109 0.0503 0.1017 0.5410 0.2896 0.0174
110 0.1560 0.4272 0.3328 0.0592 0.0247
111 0.0805 0.4121 0.3931 0.0721 0.0421
112 0.1709 0.1556 0.5103 0.1373 0.0260
113 0.1249 0.1483 0.3848 0.2729 0.0690
114 0.1322 0.5742 0.1498 0.1322 0.0119
115 0.1881 0.3831 0.1824 0.2148 0.0317
116 0.1001 0.6279 0.2537 0.0076 0.0108
117 0.1155 0.4126 0.4463 0.0139 0.0117
118 0.1720 0.3477 0.3970 0.0463 0.0372
119 0.1731 0.3442 0.4058 0.0268 0.0500
120 0.0623 0.3699 0.4460 0.0037 0.1182
121 0.1710 0.3350 0.3401 0.0718 0.0821
122 0.1371 0.3499 0.2295 0.0392 0.2443
123 0.0916 0.5024 0.3706 0.0262 0.0089
124 0.1901 0.3362 0.2659 0.1481 0.0598
125 0.1387 0.4583 0.3540 0.0447 0.0044
126 0.0933 0.4084 0.2720 0.1929 0.0335
127 0.0324 0.1852 0.5112 0.2654 0.0057
128 0.1210 0.4900 0.3420 0.0412 0.0056
129 0.1760 0.3757 0.4258 0.0183 0.0043
130 0.1987 0.1477 0.1224 0.0692 0.4619
131 0.2222 0.3132 0.2700 0.0240 0.1704
132 0.1462 0.2627 0.0814 0.0262 0.4834
133 0.0894 0.5312 0.2394 0.0419 0.0982
134 0.1221 0.6401 0.1260 0.0581 0.0538
135 0.0432 0.8418 0.1071 0.0068 0.0008
136 0.1509 0.1908 0.4199 0.2014 0.0370
137 0.2137 0.5503 0.1946 0.0278 0.0138
138 0.0953 0.3274 0.5571 0.0162 0.0043
139 0.3035 0.3230 0.3438 0.0241 0.0059
140 0.1566 0.3938 0.3215 0.1165 0.0115
141 0.2482 0.1349 0.4287 0.1759 0.0123
142 0.0414 0.5200 0.4114 0.0206 0.0069
143 0.0836 0.1024 0.4177 0.3408 0.0556
144 0.0671 0.1454 0.0882 0.1674 0.5317
145 0.0561 0.1091 0.1975 0.0195 0.6177
146 0.2595 0.1065 0.1389 0.4346 0.0607
147 0.0771 0.3271 0.5396 0.0436 0.0127
148 0.0473 0.3496 0.5947 0.0065 0.0016
149 0.1611 0.3105 0.2308 0.2615 0.0359
150 0.2512 0.2218 0.2289 0.2019 0.0961
151 0.1682 0.4229 0.2729 0.0399 0.0958
152 0.2048 0.4136 0.3650 0.0044 0.0121
153 0.0837 0.3994 0.4456 0.0244 0.0470
154 0.1682 0.3616 0.3730 0.0446 0.0525
155 0.0665 0.7437 0.1660 0.0156 0.0081
156 0.2294 0.0667 0.1992 0.4705 0.0341
157 0.1796 0.4805 0.3103 0.0269 0.0027
158 0.0709 0.3655 0.3433 0.1957 0.0247
159 0.1177 0.2131 0.1293 0.4878 0.0522
160 0.0771 0.5615 0.3567 0.0012 0.0035
161 0.0851 0.6797 0.1858 0.0381 0.0115
162 0.0414 0.3748 0.5454 0.0242 0.0143
163 0.0997 0.3267 0.5142 0.0497 0.0099
164 0.2556 0.4148 0.1899 0.0062 0.1335
165 0.2410 0.5103 0.1484 0.0047 0.0958
166 0.3391 0.4060 0.1979 0.0096 0.0474
167 0.0486 0.3511 0.3567 0.2302 0.0135
168 0.1281 0.1670 0.1069 0.2391 0.3589
169 0.1361 0.1804 0.4001 0.2544 0.0290
170 0.2014 0.5562 0.1863 0.0153 0.0406
171 0.2242 0.5464 0.1774 0.0047 0.0474
172 0.2443 0.4526 0.0851 0.0603 0.1577
173 0.0306 0.7251 0.2318 0.0093 0.0029
174 0.0688 0.4561 0.4490 0.0099 0.0164
175 0.0673 0.1127 0.1296 0.0421 0.6484
176 0.1143 0.3308 0.3633 0.0227 0.1689
177 0.0423 0.3433 0.4272 0.1547 0.0327
178 0.0542 0.6060 0.3242 0.0113 0.0042
179 0.1008 0.3748 0.5122 0.0075 0.0049
180 0.0803 0.6421 0.2117 0.0417 0.0243
181 0.0866 0.0966 0.0517 0.7026 0.0624
182 0.0608 0.1902 0.3184 0.3901 0.0405
183 0.2144 0.3142 0.3645 0.0958 0.0109
184 0.0425 0.7241 0.1471 0.0102 0.0763
185 0.1048 0.2761 0.4209 0.0433 0.1549
186 0.1361 0.6050 0.0489 0.0832 0.1268
187 0.1472 0.5425 0.0757 0.0318 0.2028
188 0.0505 0.6152 0.2094 0.0361 0.0886
189 0.1383 0.6343 0.2059 0.0174 0.0039
190 0.1578 0.2666 0.5386 0.0150 0.0222
191 0.0746 0.6812 0.2317 0.0103 0.0023
192 0.1107 0.3008 0.5366 0.0380 0.0141
193 0.2615 0.4924 0.1587 0.0499 0.0374
194 0.3701 0.2108 0.1818 0.1329 0.1044
195 0.2313 0.6045 0.0818 0.0657 0.0166
196 0.1777 0.3142 0.2448 0.0696 0.1936
197 0.0529 0.3875 0.3313 0.1802 0.0481
198 0.0461 0.7163 0.1729 0.0383 0.0265
199 0.1904 0.5425 0.1890 0.0331 0.0452
200 0.1844 0.4060 0.2725 0.1318 0.0052
201 0.0297 0.0887 0.2412 0.6353 0.0049
202 0.0726 0.6123 0.1674 0.0407 0.1072
203 0.0259 0.7573 0.1975 0.0174 0.0019
204 0.0674 0.7246 0.2013 0.0029 0.0036
205 0.1975 0.3132 0.3662 0.0985 0.0247
206 0.0524 0.8140 0.1248 0.0082 0.0007
207 0.1885 0.4417 0.1456 0.1689 0.0553
208 0.0690 0.1239 0.6099 0.1831 0.0142
209 0.1082 0.1990 0.5493 0.1134 0.0300
210 0.0782 0.6104 0.2974 0.0123 0.0021
211 0.1545 0.2754 0.4265 0.1251 0.0183
212 0.2559 0.1208 0.5249 0.0756 0.0231
213 0.0269 0.6621 0.2803 0.0237 0.0072
214 0.4907 0.1028 0.2014 0.1644 0.0406
215 0.1296 0.3665 0.4778 0.0127 0.0135
216 0.0786 0.7627 0.1422 0.0098 0.0067
217 0.0848 0.6167 0.2913 0.0028 0.0043
218 0.0383 0.2515 0.3547 0.3438 0.0118
219 0.1144 0.4968 0.2700 0.0488 0.0699
220 0.0921 0.4714 0.4033 0.0088 0.0242
221 0.1207 0.6128 0.1783 0.0388 0.0495
222 0.1375 0.6558 0.1130 0.0203 0.0735
223 0.0967 0.7437 0.0953 0.0209 0.0436
224 0.1985 0.3220 0.1451 0.2629 0.0713
225 0.2678 0.2255 0.1143 0.3604 0.0322
226 0.3208 0.3362 0.1306 0.1539 0.0584
227 0.2649 0.1938 0.1204 0.3738 0.0471
228 0.1597 0.1115 0.1622 0.4143 0.1523
229 0.3059 0.1743 0.1538 0.2786 0.0876
