time exciting_prob fearful_prob tense_prob sad_prob relaxing_prob
0 0.1567 0.1860 0.2427 0.3164 0.0980
1 0.2100 0.0519 0.0822 0.3862 0.2695
2 0.2756 0.2490 0.0703 0.0778 0.3274
3 0.1316 0.1915 0.2070 0.3809 0.0891
4 0.0912 0.0399 0.0175 0.1614 0.6899
5 0.3079 0.3225 0.0748 0.0587 0.2360
6 0.4998 0.1512 0.0924 0.0743 0.1824
7 0.2544 0.5020 0.1542 0.0412 0.0485
8 0.4883 0.3103 0.1089 0.0345 0.0579
9 0.3074 0.3823 0.1429 0.0860 0.0814
10 0.1433 0.4082 0.3438 0.0672 0.0374
11 0.0979 0.0768 0.0399 0.7461 0.0392
12 0.1339 0.3999 0.3816 0.0706 0.0141
13 0.2286 0.3682 0.1809 0.1177 0.1047
14 0.3147 0.4072 0.0789 0.0494 0.1498
15 0.2325 0.1812 0.1755 0.3894 0.0213
16 0.5181 0.1921 0.0624 0.0605 0.1669
17 0.2952 0.3821 0.0958 0.1077 0.1193
18 0.3997 0.3499 0.0884 0.0927 0.0695
19 0.1520 0.6758 0.1331 0.0217 0.0175
20 0.2849 0.1598 0.1649 0.3657 0.0247
21 0.4988 0.3350 0.0821 0.0426 0.0416
22 0.5137 0.1350 0.1068 0.1747 0.0700
23 0.1322 0.5190 0.2649 0.0802 0.0037
24 0.0324 0.1998 0.6973 0.0453 0.0250
25 0.0519 0.1575 0.3083 0.4702 0.0120
26 0.4043 0.2377 0.2267 0.0362 0.0953
27 0.2878 0.0920 0.0831 0.4092 0.1278
28 0.3088 0.1459 0.1517 0.3611 0.0323
29 0.1869 0.5161 0.1812 0.0918 0.0240
30 0.0295 0.3171 0.4138 0.2357 0.0038
31 0.0884 0.3750 0.3931 0.1296 0.0141
32 0.0527 0.3276 0.3381 0.1168 0.1648
33 0.0187 0.3120 0.6504 0.0173 0.0015
34 0.0923 0.6660 0.1606 0.0290 0.0522
35 0.0310 0.2439 0.6035 0.0955 0.0261
36 0.1486 0.4949 0.1429 0.0718 0.1417
37 0.1218 0.3694 0.0884 0.0270 0.3933
38 0.2469 0.0789 0.1204 0.4614 0.0923
39 0.1570 0.2321 0.2651 0.2413 0.1046
40 0.1161 0.1467 0.4084 0.2477 0.0811
41 0.2097 0.3511 0.1354 0.2568 0.0468
42 0.1660 0.1421 0.0531 0.5796 0.0592
43 0.0688 0.0488 0.0657 0.6636 0.1528
44 0.1104 0.1086 0.3071 0.1670 0.3071
45 0.4783 0.2295 0.1307 0.1360 0.0253
46 0.3303 0.4343 0.1216 0.0810 0.0327
47 0.1219 0.2058 0.1667 0.4788 0.0268
48 0.1473 0.1997 0.4431 0.1982 0.0116
49 0.1967 0.2299 0.1682 0.2544 0.1508
50 0.1755 0.6323 0.1490 0.0317 0.0114
51 0.1573 0.3774 0.3774 0.0561 0.0320
52 0.0831 0.4673 0.3420 0.0980 0.0096
53 0.1013 0.1013 0.7847 0.0120 0.0009
54 0.7329 0.1572 0.0174 0.0671 0.0253
55 0.4456 0.1553 0.0414 0.2993 0.0585
56 0.6421 0.1525 0.1265 0.0715 0.0077
57 0.1455 0.4624 0.1124 0.0646 0.2151
58 0.2874 0.1771 0.0598 0.4150 0.0607
59 0.0532 0.3337 0.3337 0.2681 0.0112
60 0.4844 0.0230 0.1687 0.2737 0.0503
61 0.0386 0.2460 0.2620 0.4456 0.0080
62 0.1188 0.5117 0.1466 0.0191 0.2036
63 0.1256 0.3496 0.2155 0.0238 0.2854
64 0.1339 0.3843 0.1995 0.0181 0.2642
65 0.0416 0.3074 0.1644 0.4834 0.0033
66 0.2050 0.2869 0.1063 0.3433 0.0587
67 0.5347 0.3347 0.0759 0.0242 0.0304
68 0.8530 0.0845 0.0224 0.0363 0.0039
69 0.5845 0.2476 0.0755 0.0693 0.0232
70 0.0550 0.0813 0.3069 0.5386 0.0184
71 0.0909 0.1499 0.1499 0.5571 0.0522
72 0.8779 0.0773 0.0097 0.0296 0.0056
73 0.1562 0.2659 0.1799 0.0346 0.3633
74 0.1532 0.2449 0.1300 0.0619 0.4099
75 0.0779 0.5410 0.1785 0.0570 0.1456
76 0.0914 0.2485 0.1331 0.0628 0.4644
77 0.0993 0.3577 0.1433 0.0476 0.3521
78 0.7642 0.0768 0.0716 0.0516 0.0360
79 0.1201 0.5298 0.1832 0.0172 0.1495
80 0.3442 0.1978 0.1481 0.1327 0.1772
81 0.3101 0.1195 0.1014 0.3767 0.0923
82 0.2612 0.2435 0.2893 0.1824 0.0236
83 0.4238 0.2183 0.1488 0.1896 0.0195
84 0.1006 0.6509 0.1521 0.0152 0.0814
85 0.1385 0.4648 0.1281 0.0158 0.2527
86 0.2483 0.3728 0.1299 0.1415 0.1076
87 0.0433 0.5488 0.3601 0.0356 0.0120
88 0.1481 0.2240 0.1092 0.4707 0.0481
89 0.1361 0.4788 0.1860 0.0906 0.1085
90 0.4795 0.1486 0.1486 0.1486 0.0747
91 0.1320 0.3423 0.2445 0.2524 0.0290
92 0.1028 0.5825 0.1078 0.0085 0.1982
93 0.6250 0.2092 0.0679 0.0943 0.0037
94 0.6660 0.1271 0.0894 0.0601 0.0573
95 0.2852 0.3035 0.1217 0.1207 0.1689
96 0.1248 0.0793 0.2123 0.4155 0.1680
97 0.0937 0.3564 0.3049 0.0629 0.1820
98 0.0500 0.7578 0.0818 0.0233 0.0870
99 0.0627 0.3386 0.3662 0.1368 0.0955
100 0.5356 0.1205 0.1047 0.1910 0.0479
101 0.0399 0.1656 0.0929 0.6553 0.0464
102 0.3364 0.2810 0.2620 0.0964 0.0242
103 0.0931 0.4880 0.2654 0.0854 0.0681
104 0.0930 0.0530 0.1311 0.6255 0.0974
105 0.2384 0.5288 0.1256 0.0780 0.0291
106 0.3872 0.4971 0.0205 0.0399 0.0553
107 0.4714 0.4500 0.0375 0.0150 0.0260
108 0.5098 0.1920 0.1183 0.1630 0.0172
109 0.6519 0.0984 0.1263 0.1098 0.0136
110 0.7134 0.0758 0.0449 0.0958 0.0701
111 0.9482 0.0307 0.0185 0.0019 0.0006
112 0.5962 0.1642 0.0893 0.0776 0.0729
113 0.0941 0.3062 0.3638 0.1277 0.1083
114 0.5864 0.1011 0.1733 0.0800 0.0594
115 0.5708 0.2416 0.0556 0.1023 0.0298
116 0.4402 0.2302 0.0464 0.0702 0.2129
117 0.9307 0.0093 0.0104 0.0403 0.0093
118 0.6514 0.1925 0.1014 0.0226 0.0319
119 0.3035 0.3689 0.2830 0.0351 0.0095
120 0.2157 0.3237 0.4031 0.0463 0.0113
121 0.0528 0.0516 0.4316 0.4453 0.0185
122 0.2496 0.2764 0.1226 0.3181 0.0335
123 0.2812 0.2225 0.2522 0.2191 0.0248
124 0.4517 0.1675 0.1714 0.1825 0.0271
125 0.2957 0.2338 0.3945 0.0262 0.0498
126 0.2358 0.3652 0.2632 0.1262 0.0096
127 0.1492 0.3550 0.2898 0.1423 0.0637
128 0.2532 0.3152 0.1741 0.1098 0.1477
129 0.5996 0.1902 0.1075 0.0837 0.0187
130 0.1033 0.4382 0.3867 0.0672 0.0045
131 0.6182 0.2559 0.0857 0.0374 0.0028
132 0.1849 0.1005 0.3564 0.3247 0.0334
133 0.1810 0.4177 0.2289 0.1622 0.0101
134 0.2474 0.1205 0.1334 0.3862 0.1124
135 0.1088 0.1262 0.6929 0.0538 0.0183
136 0.4438 0.1583 0.1487 0.2322 0.0170
137 0.1798 0.1637 0.5625 0.0636 0.0303
138 0.2272 0.2805 0.3105 0.1742 0.0074
139 0.1841 0.3010 0.2457 0.2617 0.0074
140 0.1505 0.1542 0.3088 0.3669 0.0194
141 0.0327 0.2230 0.3196 0.4167 0.0081
142 0.3567 0.3352 0.2113 0.0645 0.0324
143 0.3779 0.1901 0.1677 0.2478 0.0165
144 0.4456 0.1412 0.2659 0.1153 0.0320
145 0.0358 0.6196 0.1268 0.2075 0.0100
146 0.2922 0.1018 0.0964 0.0972 0.4124
147 0.2959 0.2303 0.2959 0.1523 0.0257
148 0.3342 0.3728 0.1934 0.0512 0.0485
149 0.4863 0.1519 0.2261 0.0674 0.0684
150 0.5264 0.1581 0.1231 0.1021 0.0901
151 0.1637 0.3630 0.3105 0.1561 0.0066
152 0.2307 0.4177 0.2400 0.0939 0.0175
153 0.0396 0.5649 0.3704 0.0246 0.0005
154 0.2061 0.0279 0.0406 0.7080 0.0172
155 0.2808 0.4084 0.1899 0.1074 0.0132
156 0.0444 0.4558 0.4558 0.0431 0.0007
157 0.1185 0.1079 0.5830 0.1185 0.0719
158 0.1295 0.2023 0.5942 0.0688 0.0049
159 0.4072 0.2888 0.0735 0.1969 0.0337
160 0.3269 0.3943 0.2161 0.0573 0.0056
161 0.0316 0.5337 0.3613 0.0723 0.0011
162 0.1351 0.1331 0.6450 0.0393 0.0475
163 0.2756 0.0867 0.2146 0.3887 0.0345
164 0.0250 0.5225 0.1835 0.2668 0.0019
165 0.0621 0.0100 0.1399 0.7803 0.0079
166 0.4504 0.1632 0.2507 0.0475 0.0880
167 0.3176 0.2068 0.2117 0.2417 0.0221
168 0.2211 0.0752 0.2688 0.4033 0.0316
169 0.1978 0.5723 0.1704 0.0545 0.0054
170 0.2673 0.3005 0.2340 0.1726 0.0257
171 0.0419 0.4502 0.1763 0.3293 0.0024
172 0.3328 0.4141 0.1987 0.0454 0.0090
173 0.1720 0.1542 0.5132 0.0787 0.0818
174 0.2634 0.3987 0.2554 0.0715 0.0111
175 0.1835 0.0915 0.5737 0.0952 0.0559
176 0.3049 0.1261 0.3481 0.1807 0.0400
177 0.4443 0.1674 0.2416 0.0282 0.1187
178 0.3875 0.1494 0.1774 0.2174 0.0684
179 0.3420 0.0728 0.0456 0.5298 0.0099
180 0.2384 0.1731 0.0520 0.1050 0.4316
181 0.1742 0.2495 0.4177 0.1561 0.0025
182 0.1940 0.1970 0.4373 0.0815 0.0902
183 0.6084 0.1255 0.0598 0.2006 0.0059
184 0.4187 0.3442 0.1843 0.0399 0.0128
185 0.2139 0.2009 0.0700 0.1277 0.3875
186 0.4197 0.2566 0.1450 0.0929 0.0859
187 0.2715 0.0784 0.4653 0.1323 0.0526
188 0.2206 0.1564 0.4597 0.1492 0.0142
189 0.5073 0.1726 0.2002 0.0888 0.0312
190 0.0437 0.3809 0.5498 0.0163 0.0093
191 0.2136 0.3413 0.2681 0.0380 0.1390
192 0.0368 0.1001 0.6685 0.1716 0.0231
193 0.2467 0.4294 0.1580 0.1183 0.0475
194 0.1292 0.2377 0.3457 0.1698 0.1176
195 0.2323 0.1674 0.1866 0.3486 0.0650
196 0.3604 0.2964 0.1379 0.1637 0.0414
197 0.3457 0.2756 0.1595 0.1476 0.0714
198 0.2391 0.2976 0.1656 0.0605 0.2373
199 0.1864 0.0777 0.2629 0.4333 0.0397
