time exciting_prob fearful_prob tense_prob sad_prob relaxing_prob
0 0.2037 0.2830 0.2496 0.2310 0.0327
1 0.1459 0.1277 0.1873 0.5332 0.0059
2 0.1757 0.0626 0.0588 0.6948 0.0081
3 0.0696 0.0951 0.0839 0.7422 0.0093
4 0.1194 0.4136 0.2096 0.2146 0.0426
5 0.0450 0.2646 0.2300 0.4575 0.0028
6 0.0947 0.2344 0.3745 0.2573 0.0392
7 0.2253 0.0939 0.3032 0.3179 0.0597
8 0.2793 0.2108 0.4751 0.0019 0.0328
9 0.0630 0.2805 0.6128 0.0182 0.0257
10 0.2219 0.0743 0.2036 0.4846 0.0156
11 0.1758 0.4121 0.1772 0.0178 0.2172
12 0.0769 0.2971 0.3584 0.2581 0.0097
13 0.1229 0.5425 0.2296 0.0150 0.0900
14 0.2102 0.5493 0.1974 0.0059 0.0371
15 0.3120 0.1095 0.3943 0.1395 0.0446
16 0.4661 0.1884 0.1444 0.1688 0.0325
17 0.3496 0.1960 0.2137 0.2023 0.0383
18 0.3176 0.4275 0.1675 0.0602 0.0271
19 0.2976 0.5649 0.0746 0.0252 0.0378
20 0.2893 0.4412 0.1741 0.0125 0.0829
21 0.0829 0.4846 0.3547 0.0146 0.0631
22 0.3237 0.3728 0.2225 0.0580 0.0229
23 0.3789 0.2666 0.2335 0.0764 0.0446
24 0.0590 0.6396 0.0833 0.2045 0.0137
25 0.4668 0.2898 0.0500 0.1771 0.0162
26 0.5488 0.1047 0.0760 0.2612 0.0094
27 0.0776 0.6704 0.0764 0.1580 0.0176
28 0.1740 0.4341 0.2959 0.0903 0.0057
29 0.3132 0.3550 0.2874 0.0354 0.0090
30 0.0702 0.1088 0.4370 0.3623 0.0219
31 0.5771 0.2075 0.1201 0.0287 0.0663
32 0.5669 0.1991 0.1467 0.0431 0.0441
33 0.1970 0.3486 0.3918 0.0592 0.0033
34 0.0869 0.6226 0.1294 0.0146 0.1467
35 0.4700 0.3467 0.0325 0.1445 0.0063
36 0.0449 0.7305 0.1331 0.0172 0.0746
37 0.2515 0.1610 0.0621 0.4446 0.0810
38 0.0572 0.5913 0.2192 0.0309 0.1012
39 0.2196 0.4912 0.2249 0.0475 0.0169
40 0.3545 0.4114 0.1169 0.0404 0.0767
41 0.0409 0.6597 0.1165 0.1004 0.0826
42 0.0429 0.6260 0.2734 0.0166 0.0413
43 0.1008 0.0992 0.0715 0.7217 0.0068
44 0.0784 0.5522 0.0564 0.0171 0.2957
45 0.2018 0.5977 0.1072 0.0142 0.0790
46 0.3979 0.1418 0.2130 0.1633 0.0840
47 0.6562 0.1725 0.1114 0.0284 0.0314
48 0.2236 0.6367 0.0737 0.0263 0.0395
49 0.0774 0.7632 0.0912 0.0132 0.0549
50 0.1614 0.4968 0.0898 0.0349 0.2170
51 0.1117 0.6377 0.0897 0.0163 0.1445
52 0.1638 0.5498 0.0677 0.1539 0.0646
53 0.3630 0.1345 0.3203 0.1688 0.0133
54 0.0821 0.3003 0.0742 0.4797 0.0639
55 0.2954 0.0989 0.1631 0.4036 0.0390
56 0.7261 0.1006 0.0601 0.0983 0.0148
57 0.2191 0.0751 0.2815 0.4160 0.0084
58 0.0185 0.3965 0.0477 0.5337 0.0038
59 0.1606 0.1417 0.5781 0.1104 0.0089
60 0.0487 0.5532 0.3252 0.0134 0.0592
61 0.2469 0.3765 0.2163 0.1570 0.0032
62 0.0995 0.3213 0.0268 0.0349 0.5176
63 0.0456 0.6494 0.0463 0.0043 0.2544
64 0.1360 0.2140 0.1666 0.4709 0.0125
65 0.0831 0.6045 0.1425 0.1493 0.0208
66 0.2620 0.0986 0.2876 0.3469 0.0049
67 0.1016 0.1838 0.5620 0.1432 0.0094
68 0.0192 0.0208 0.9395 0.0198 0.0008
69 0.0746 0.3645 0.5474 0.0112 0.0025
70 0.0294 0.8535 0.0928 0.0217 0.0028
71 0.0694 0.5459 0.1381 0.2385 0.0082
72 0.0155 0.8555 0.1038 0.0206 0.0049
73 0.0717 0.4604 0.0701 0.0712 0.3264
74 0.0865 0.6338 0.1191 0.1415 0.0191
75 0.3320 0.3647 0.2710 0.0299 0.0024
76 0.0991 0.4653 0.3567 0.0237 0.0551
77 0.2751 0.2563 0.3704 0.0880 0.0102
78 0.1166 0.0894 0.5063 0.2712 0.0163
79 0.0732 0.0357 0.0078 0.8779 0.0052
80 0.1384 0.0192 0.0649 0.7720 0.0057
81 0.4985 0.2246 0.1532 0.1130 0.0108
82 0.6973 0.1777 0.1112 0.0113 0.0026
83 0.2749 0.1604 0.1060 0.4463 0.0125
84 0.0986 0.0528 0.0458 0.7998 0.0030
85 0.1658 0.6455 0.1582 0.0223 0.0083
86 0.2769 0.4636 0.1035 0.0594 0.0964
87 0.1431 0.4583 0.0410 0.0146 0.3433
88 0.1948 0.3237 0.4565 0.0021 0.0226
89 0.1857 0.2458 0.5454 0.0021 0.0208
90 0.1882 0.2437 0.5405 0.0022 0.0253
91 0.1582 0.1464 0.2690 0.4167 0.0095
92 0.3208 0.3059 0.0575 0.0145 0.3013
93 0.2847 0.2915 0.0925 0.0234 0.3079
94 0.3262 0.3813 0.1339 0.0387 0.1200
95 0.3367 0.5015 0.0812 0.0278 0.0529
96 0.1033 0.3550 0.3662 0.0631 0.1125
97 0.3499 0.2122 0.0927 0.0793 0.2661
98 0.1255 0.2273 0.3413 0.1422 0.1637
99 0.1149 0.5703 0.0510 0.0573 0.2065
100 0.0521 0.2563 0.5513 0.1036 0.0367
101 0.1545 0.1521 0.4402 0.2179 0.0353
102 0.0695 0.6289 0.2009 0.0170 0.0838
103 0.1103 0.5020 0.2998 0.0490 0.0390
104 0.0597 0.6777 0.1727 0.0583 0.0317
105 0.0665 0.6021 0.2590 0.0601 0.0122
106 0.2010 0.3315 0.3420 0.0652 0.0604
107 0.0551 0.1779 0.6406 0.0867 0.0397
108 0.0772 0.1007 0.5488 0.2673 0.0060
109 0.1559 0.1559 0.2957 0.2529 0.1396
110 0.0554 0.1720 0.3699 0.2388 0.1641
111 0.0675 0.5479 0.1213 0.2451 0.0180
112 0.1093 0.2747 0.4060 0.2041 0.0060
113 0.0828 0.3103 0.3252 0.2695 0.0122
114 0.1548 0.4919 0.2217 0.0976 0.0340
115 0.0498 0.4041 0.2649 0.2338 0.0475
116 0.3701 0.4829 0.0718 0.0486 0.0266
117 0.0575 0.1199 0.5996 0.1296 0.0934
118 0.1985 0.1620 0.1158 0.0867 0.4370
119 0.1595 0.4954 0.3149 0.0223 0.0079
120 0.0812 0.6802 0.1542 0.0550 0.0292
121 0.1062 0.0047 0.1223 0.7607 0.0062
122 0.0961 0.1488 0.2415 0.4512 0.0625
123 0.1415 0.2996 0.1980 0.3342 0.0268
124 0.1238 0.1830 0.2834 0.4060 0.0036
125 0.6147 0.1426 0.0355 0.1628 0.0442
126 0.1262 0.1293 0.1672 0.5703 0.0069
127 0.6250 0.1270 0.0412 0.1709 0.0358
128 0.4561 0.3015 0.1017 0.1338 0.0069
129 0.5400 0.2415 0.0681 0.0889 0.0616
130 0.5972 0.1765 0.0795 0.0909 0.0560
131 0.4351 0.2578 0.2153 0.0549 0.0368
132 0.2263 0.5303 0.1951 0.0161 0.0321
133 0.1812 0.5366 0.2457 0.0151 0.0215
134 0.2297 0.5220 0.1592 0.0497 0.0396
135 0.1112 0.6201 0.2094 0.0345 0.0246
136 0.0290 0.5732 0.1593 0.2317 0.0066
137 0.1552 0.4932 0.2461 0.0688 0.0366
138 0.0231 0.2153 0.0511 0.6953 0.0154
139 0.1853 0.2717 0.3330 0.0797 0.1304
140 0.1384 0.4468 0.2754 0.0981 0.0412
141 0.2374 0.2690 0.2356 0.2096 0.0482
142 0.3228 0.2271 0.2827 0.1324 0.0351
143 0.1109 0.5503 0.2944 0.0234 0.0208
144 0.1066 0.4893 0.2991 0.0357 0.0694
145 0.5552 0.3315 0.0628 0.0341 0.0164
146 0.6934 0.1465 0.0692 0.0725 0.0183
147 0.6636 0.1287 0.0710 0.0504 0.0864
148 0.1344 0.4043 0.3403 0.0645 0.0565
149 0.7192 0.1289 0.0586 0.0770 0.0165
150 0.4675 0.1964 0.1603 0.1404 0.0352
151 0.7197 0.0747 0.1300 0.0467 0.0288
152 0.1949 0.1630 0.2666 0.2352 0.1404
153 0.4636 0.3640 0.1068 0.0338 0.0318
154 0.1123 0.5527 0.2083 0.0991 0.0275
155 0.2810 0.4058 0.2155 0.0492 0.0485
156 0.2249 0.3823 0.2754 0.0264 0.0908
157 0.3354 0.4045 0.1660 0.0868 0.0074
158 0.1439 0.7422 0.0746 0.0099 0.0295
159 0.0604 0.7837 0.0533 0.0140 0.0886
160 0.7646 0.1172 0.0594 0.0283 0.0306
161 0.1041 0.1091 0.0768 0.4524 0.2578
162 0.1836 0.3027 0.1938 0.1167 0.2032
163 0.1476 0.2800 0.1559 0.1322 0.2844
164 0.1644 0.2839 0.1157 0.1166 0.3193
165 0.2012 0.3093 0.1279 0.0734 0.2883
166 0.1978 0.2461 0.1307 0.0891 0.3364
167 0.2128 0.2908 0.1176 0.0833 0.2954
168 0.2256 0.2988 0.1152 0.0704 0.2898
169 0.1483 0.2791 0.1371 0.2058 0.2296
170 0.2274 0.2808 0.0963 0.0750 0.3206
171 0.6758 0.1384 0.1260 0.0482 0.0114
172 0.2144 0.5693 0.1764 0.0196 0.0203
173 0.3132 0.3335 0.0602 0.0414 0.2517
174 0.1230 0.0886 0.0776 0.6968 0.0138
175 0.3999 0.1542 0.2279 0.1680 0.0500
176 0.2869 0.2166 0.2341 0.2323 0.0300
177 0.4241 0.1973 0.2235 0.0487 0.1064
178 0.2255 0.4519 0.1245 0.0743 0.1236
179 0.2991 0.1576 0.2311 0.1915 0.1208
180 0.4734 0.1661 0.2218 0.0917 0.0469
181 0.1340 0.6294 0.0658 0.0449 0.1259
182 0.2759 0.2717 0.0848 0.1000 0.2676
183 0.1514 0.3662 0.1743 0.1826 0.1255
184 0.4282 0.1625 0.2383 0.1161 0.0549
185 0.1211 0.1240 0.0886 0.6650 0.0014
186 0.5088 0.2725 0.0818 0.1100 0.0268
187 0.1810 0.4768 0.0468 0.0298 0.2654
188 0.2201 0.6172 0.1142 0.0225 0.0261
189 0.3044 0.2583 0.3672 0.0323 0.0378
190 0.0156 0.8652 0.1100 0.0042 0.0049
191 0.1829 0.4526 0.2725 0.0739 0.0182
192 0.4810 0.0523 0.0417 0.4177 0.0074
193 0.1006 0.6113 0.1453 0.0930 0.0498
194 0.0546 0.4983 0.1384 0.2505 0.0581
195 0.5210 0.0594 0.0315 0.3811 0.0069
196 0.5669 0.0721 0.1316 0.2169 0.0126
197 0.4961 0.2986 0.1265 0.0227 0.0561
198 0.0887 0.0990 0.4949 0.3147 0.0028
199 0.2798 0.3428 0.0944 0.0654 0.2178
200 0.1642 0.1530 0.5508 0.1239 0.0080
201 0.4231 0.3320 0.2062 0.0264 0.0123
202 0.1283 0.3225 0.1824 0.3381 0.0286
203 0.4924 0.0636 0.0883 0.3438 0.0118
204 0.0741 0.6108 0.0776 0.1820 0.0555
205 0.2947 0.3782 0.1067 0.0711 0.1493
206 0.1608 0.4041 0.3247 0.1038 0.0067
207 0.2104 0.6040 0.0994 0.0234 0.0627
208 0.1422 0.2401 0.1346 0.4246 0.0584
209 0.7559 0.0855 0.0578 0.0917 0.0089
210 0.2397 0.4341 0.0895 0.1648 0.0720
211 0.0795 0.1938 0.1938 0.4834 0.0494
212 0.0837 0.6001 0.1858 0.1067 0.0238
213 0.0825 0.6958 0.1019 0.0338 0.0858
214 0.4812 0.0612 0.0721 0.3464 0.0392
215 0.2686 0.0467 0.0833 0.5962 0.0054
216 0.6138 0.0716 0.1100 0.1843 0.0201
217 0.5918 0.1165 0.0914 0.1906 0.0098
218 0.2455 0.3801 0.0903 0.0640 0.2200
219 0.1884 0.5757 0.1769 0.0263 0.0330
220 0.1768 0.4175 0.2435 0.0767 0.0855
221 0.1342 0.2688 0.3618 0.2126 0.0226
222 0.2556 0.4021 0.1975 0.0287 0.1161
223 0.0126 0.3613 0.2483 0.3340 0.0438
224 0.2037 0.2830 0.2496 0.2310 0.0327
