time exciting_prob fearful_prob tense_prob sad_prob relaxing_prob
0 0.2037 0.2830 0.2496 0.2310 0.0327
1 0.1752 0.0753 0.1046 0.5923 0.0526
2 0.7144 0.0269 0.1451 0.0827 0.0307
3 0.6816 0.0586 0.1013 0.0894 0.0691
4 0.2114 0.0655 0.0630 0.6265 0.0337
5 0.2544 0.0873 0.1696 0.4756 0.0132
6 0.2070 0.2054 0.3838 0.1886 0.0150
7 0.0845 0.1934 0.3091 0.2996 0.1136
8 0.1758 0.1171 0.5498 0.0589 0.0986
9 0.5225 0.2247 0.1606 0.0394 0.0526
10 0.8535 0.0072 0.0091 0.1249 0.0053
11 0.1251 0.4985 0.1750 0.0077 0.1937
12 0.1311 0.2776 0.4368 0.0821 0.0724
13 0.0386 0.0503 0.2362 0.6323 0.0427
14 0.0873 0.4722 0.3735 0.0223 0.0446
15 0.0919 0.4319 0.2240 0.0247 0.2275
16 0.1052 0.0943 0.4001 0.3701 0.0302
17 0.0414 0.2900 0.1577 0.5088 0.0019
18 0.1060 0.3042 0.1382 0.0157 0.4358
19 0.1523 0.4619 0.3328 0.0203 0.0327
20 0.0431 0.1975 0.7114 0.0259 0.0223
21 0.0744 0.4929 0.4087 0.0107 0.0132
22 0.4124 0.2242 0.2747 0.0233 0.0652
23 0.2194 0.5059 0.1580 0.0244 0.0922
24 0.1676 0.5493 0.1663 0.0333 0.0836
25 0.1880 0.4370 0.3623 0.0099 0.0030
26 0.0673 0.1665 0.6094 0.0994 0.0576
27 0.2424 0.2500 0.3445 0.1068 0.0562
28 0.0811 0.3809 0.2104 0.0067 0.3208
29 0.0523 0.3862 0.0977 0.0121 0.4517
30 0.1086 0.3398 0.3093 0.1791 0.0634
31 0.0735 0.3730 0.2177 0.3093 0.0266
32 0.0498 0.4834 0.4612 0.0008 0.0049
33 0.0773 0.3604 0.4280 0.0897 0.0447
34 0.1411 0.3281 0.2346 0.2617 0.0343
35 0.0500 0.1628 0.0787 0.0229 0.6855
36 0.1245 0.2742 0.5449 0.0362 0.0202
37 0.0326 0.2927 0.6006 0.0402 0.0341
38 0.1755 0.4111 0.3518 0.0132 0.0483
39 0.2974 0.1580 0.4360 0.0546 0.0541
40 0.1945 0.1161 0.5122 0.1125 0.0646
41 0.2374 0.2336 0.3975 0.1037 0.0277
42 0.0588 0.0856 0.0223 0.0146 0.8184
43 0.2426 0.5176 0.2026 0.0177 0.0197
44 0.1245 0.6675 0.1783 0.0238 0.0057
45 0.0969 0.6118 0.2288 0.0050 0.0574
46 0.5288 0.1348 0.1744 0.0127 0.1492
47 0.2170 0.1348 0.3362 0.2578 0.0540
48 0.2053 0.2438 0.5005 0.0194 0.0312
49 0.4233 0.3196 0.1953 0.0061 0.0555
50 0.2710 0.3245 0.3591 0.0104 0.0350
51 0.3142 0.2839 0.3242 0.0319 0.0456
52 0.2600 0.3469 0.3552 0.0094 0.0285
53 0.2369 0.0504 0.4939 0.1393 0.0793
54 0.1340 0.2408 0.5825 0.0146 0.0281
55 0.1304 0.1660 0.6616 0.0213 0.0206
56 0.3921 0.2759 0.3005 0.0162 0.0152
57 0.2576 0.1107 0.5581 0.0300 0.0437
58 0.2402 0.1368 0.5205 0.0598 0.0424
59 0.2141 0.1506 0.5596 0.0567 0.0190
60 0.2137 0.2744 0.3159 0.1359 0.0598
61 0.2590 0.1766 0.4548 0.0790 0.0305
62 0.4001 0.1416 0.3877 0.0425 0.0281
63 0.3413 0.1143 0.4521 0.0448 0.0476
64 0.2474 0.1727 0.4958 0.0437 0.0404
65 0.2568 0.1533 0.4368 0.1364 0.0169
66 0.1709 0.1086 0.6255 0.0228 0.0724
67 0.4028 0.1298 0.3584 0.0529 0.0562
68 0.0252 0.1694 0.7593 0.0409 0.0052
69 0.0585 0.2771 0.6343 0.0172 0.0130
70 0.3811 0.1414 0.4250 0.0292 0.0233
71 0.2188 0.2024 0.4490 0.0799 0.0500
72 0.3342 0.0859 0.4790 0.0130 0.0879
73 0.5181 0.1279 0.2688 0.0074 0.0776
74 0.4116 0.1650 0.3035 0.0566 0.0631
75 0.1192 0.1592 0.6597 0.0086 0.0533
76 0.1431 0.1985 0.6211 0.0168 0.0204
77 0.0190 0.2090 0.5596 0.0972 0.1154
78 0.0191 0.2279 0.3818 0.2583 0.1129
79 0.1174 0.2729 0.5820 0.0085 0.0191
80 0.0936 0.3193 0.1709 0.1556 0.2605
81 0.1259 0.1995 0.6489 0.0080 0.0177
82 0.1338 0.2275 0.6138 0.0078 0.0174
83 0.0938 0.1985 0.2979 0.4009 0.0089
84 0.1359 0.4668 0.3635 0.0301 0.0036
85 0.2111 0.0880 0.3269 0.3218 0.0521
86 0.0526 0.4270 0.5073 0.0094 0.0038
87 0.0643 0.2466 0.6011 0.0525 0.0355
88 0.1334 0.3276 0.4172 0.0841 0.0376
89 0.1562 0.2400 0.4849 0.0911 0.0278
90 0.0428 0.1627 0.6338 0.1528 0.0080
91 0.0773 0.0462 0.3306 0.5283 0.0174
92 0.1071 0.3403 0.3623 0.0551 0.1354
93 0.0807 0.3452 0.5601 0.0068 0.0072
94 0.2245 0.2012 0.4360 0.0648 0.0734
95 0.1906 0.2410 0.4573 0.0509 0.0604
96 0.2766 0.1772 0.3389 0.1118 0.0956
97 0.0245 0.3577 0.4966 0.1108 0.0103
98 0.0667 0.4487 0.4351 0.0417 0.0077
99 0.0371 0.5166 0.3550 0.0688 0.0225
100 0.0768 0.3362 0.4741 0.1017 0.0111
101 0.0966 0.5781 0.3000 0.0182 0.0069
102 0.0558 0.3496 0.4780 0.1100 0.0066
103 0.2372 0.3645 0.2263 0.1531 0.0190
104 0.0649 0.2249 0.4614 0.2356 0.0133
105 0.2103 0.2007 0.5005 0.0444 0.0438
106 0.2430 0.1148 0.2908 0.1908 0.1606
107 0.2064 0.4136 0.2932 0.0101 0.0765
108 0.3411 0.3604 0.1929 0.0531 0.0527
109 0.2576 0.3777 0.3181 0.0174 0.0294
110 0.2231 0.5029 0.2214 0.0104 0.0423
111 0.1439 0.2976 0.3508 0.1877 0.0199
112 0.0430 0.0778 0.3225 0.4998 0.0569
113 0.2854 0.0804 0.1652 0.0970 0.3721
114 0.0919 0.2744 0.5630 0.0414 0.0291
115 0.0292 0.2058 0.7295 0.0107 0.0248
116 0.1653 0.2350 0.3611 0.1641 0.0745
117 0.1454 0.3079 0.3542 0.0784 0.1141
118 0.1396 0.1984 0.6255 0.0157 0.0208
119 0.1403 0.3723 0.4744 0.0052 0.0079
120 0.1124 0.1107 0.5981 0.1714 0.0072
121 0.1069 0.1763 0.6250 0.0229 0.0690
122 0.1887 0.2810 0.5010 0.0085 0.0208
123 0.2157 0.4785 0.2542 0.0331 0.0186
124 0.1522 0.4546 0.3623 0.0144 0.0164
125 0.1638 0.1490 0.4890 0.1227 0.0756
126 0.1632 0.4578 0.1407 0.2113 0.0269
127 0.0567 0.1578 0.6245 0.1393 0.0219
128 0.0293 0.1725 0.7734 0.0241 0.0009
129 0.1840 0.2534 0.5161 0.0335 0.0130
130 0.0731 0.1047 0.6519 0.1536 0.0170
131 0.0854 0.4729 0.3921 0.0139 0.0356
132 0.0803 0.1454 0.5400 0.1622 0.0720
133 0.0963 0.2639 0.6235 0.0067 0.0097
134 0.2281 0.2908 0.4646 0.0034 0.0133
135 0.2681 0.1960 0.4351 0.0617 0.0392
136 0.1743 0.3181 0.4592 0.0417 0.0066
137 0.2191 0.2837 0.3970 0.0390 0.0613
138 0.1085 0.4531 0.3813 0.0112 0.0459
139 0.0320 0.2068 0.7446 0.0051 0.0112
140 0.0565 0.2236 0.6572 0.0259 0.0368
141 0.1202 0.2666 0.4902 0.0186 0.1044
142 0.1338 0.2404 0.4353 0.1317 0.0589
143 0.0678 0.3962 0.2223 0.0657 0.2479
144 0.0956 0.5166 0.2440 0.0170 0.1266
145 0.0271 0.1344 0.4993 0.2891 0.0502
146 0.1095 0.0801 0.6606 0.1364 0.0135
147 0.0966 0.3242 0.5020 0.0412 0.0358
148 0.0625 0.2844 0.3596 0.2800 0.0135
149 0.0739 0.1414 0.5591 0.1603 0.0652
150 0.1095 0.6812 0.1921 0.0082 0.0087
151 0.1600 0.3335 0.4775 0.0066 0.0223
152 0.1293 0.5840 0.2632 0.0121 0.0115
153 0.3291 0.3318 0.2228 0.0782 0.0381
154 0.0573 0.1766 0.3857 0.3513 0.0288
155 0.1941 0.3005 0.2915 0.1263 0.0875
156 0.1181 0.1917 0.5376 0.1338 0.0187
157 0.0994 0.3694 0.3210 0.0733 0.1370
158 0.0937 0.4834 0.3706 0.0342 0.0182
159 0.0907 0.1085 0.5298 0.2544 0.0165
160 0.0427 0.1626 0.2440 0.5332 0.0177
161 0.2068 0.3154 0.2004 0.0737 0.2036
162 0.1412 0.2402 0.4631 0.0933 0.0622
163 0.0912 0.3608 0.4561 0.0303 0.0617
164 0.0559 0.4536 0.4263 0.0493 0.0149
165 0.0351 0.2052 0.0278 0.0487 0.6831
166 0.0825 0.1747 0.4126 0.2174 0.1128
167 0.2637 0.1757 0.3081 0.0441 0.2085
168 0.0456 0.6748 0.2406 0.0075 0.0318
169 0.0976 0.3596 0.4338 0.0909 0.0179
170 0.1365 0.2018 0.2358 0.4141 0.0119
171 0.1954 0.2888 0.2671 0.0128 0.2357
172 0.1149 0.0778 0.5747 0.1808 0.0518
173 0.0855 0.0842 0.7803 0.0451 0.0048
174 0.0414 0.2595 0.0511 0.0251 0.6226
175 0.2686 0.1591 0.5020 0.0432 0.0274
176 0.4082 0.0565 0.3774 0.1074 0.0503
177 0.3843 0.1517 0.3667 0.0800 0.0173
178 0.3325 0.1293 0.4270 0.0754 0.0356
179 0.3118 0.2930 0.3118 0.0297 0.0538
180 0.2600 0.0452 0.3667 0.1653 0.1627
181 0.4219 0.0805 0.2944 0.0617 0.1414
182 0.1346 0.1016 0.4927 0.2556 0.0156
183 0.2930 0.0192 0.4131 0.2354 0.0396
184 0.2372 0.2839 0.4297 0.0047 0.0446
185 0.4312 0.1400 0.3689 0.0398 0.0202
186 0.2418 0.2325 0.4885 0.0186 0.0185
187 0.3330 0.1081 0.4143 0.0954 0.0491
188 0.1219 0.1011 0.7241 0.0415 0.0115
189 0.5396 0.1646 0.1969 0.0416 0.0573
190 0.2134 0.0883 0.6470 0.0327 0.0188
191 0.2607 0.1969 0.4797 0.0490 0.0137
192 0.3064 0.1277 0.3843 0.1493 0.0325
193 0.3982 0.1243 0.3152 0.1132 0.0491
194 0.3674 0.1462 0.4165 0.0221 0.0478
195 0.3125 0.3433 0.3328 0.0034 0.0081
196 0.2856 0.2139 0.4321 0.0196 0.0489
197 0.2112 0.0873 0.3074 0.3650 0.0293
198 0.2483 0.1155 0.4497 0.1707 0.0159
199 0.4253 0.1287 0.2539 0.1370 0.0549
200 0.2683 0.2725 0.4424 0.0101 0.0066
201 0.2842 0.3564 0.3298 0.0034 0.0260
202 0.0775 0.2539 0.6382 0.0204 0.0098
203 0.2081 0.0329 0.4690 0.2673 0.0226
204 0.2313 0.3669 0.2642 0.1102 0.0274
205 0.2195 0.2145 0.5391 0.0149 0.0121
206 0.1921 0.1593 0.3733 0.1580 0.1174
207 0.0652 0.2188 0.6841 0.0182 0.0135
208 0.3203 0.3462 0.2805 0.0162 0.0368
209 0.2454 0.4656 0.2781 0.0056 0.0056
210 0.3457 0.1293 0.4727 0.0194 0.0329
211 0.0925 0.1326 0.3491 0.3333 0.0925
212 0.2452 0.3540 0.3596 0.0230 0.0183
213 0.3799 0.1699 0.4238 0.0133 0.0130
214 0.2656 0.1610 0.5278 0.0267 0.0186
215 0.3062 0.2991 0.3606 0.0193 0.0149
216 0.2357 0.0526 0.1522 0.4990 0.0605
217 0.2379 0.1160 0.1687 0.4048 0.0726
