time exciting_prob fearful_prob tense_prob sad_prob relaxing_prob
0 0.2037 0.2830 0.2496 0.2310 0.0327
1 0.0726 0.2202 0.4180 0.1715 0.1179
2 0.1327 0.2189 0.4153 0.0627 0.1704
3 0.1482 0.1128 0.3669 0.0432 0.3289
4 0.2157 0.0500 0.5957 0.1085 0.0303
5 0.8882 0.0107 0.0139 0.0826 0.0045
6 0.9004 0.0079 0.0078 0.0818 0.0021
7 0.0744 0.4021 0.3604 0.0404 0.1226
8 0.0423 0.3430 0.1924 0.1865 0.2357
9 0.0469 0.1959 0.4849 0.2069 0.0656
10 0.0460 0.3674 0.4163 0.0981 0.0723
11 0.0558 0.1191 0.6440 0.0793 0.1019
12 0.0532 0.1381 0.7012 0.0328 0.0750
13 0.0340 0.2433 0.5073 0.1420 0.0736
14 0.0508 0.1162 0.2539 0.5210 0.0584
15 0.1010 0.1307 0.3337 0.4089 0.0253
16 0.0698 0.2615 0.5708 0.0539 0.0440
17 0.0928 0.3560 0.2465 0.2175 0.0872
18 0.0577 0.0262 0.2144 0.6606 0.0412
19 0.1376 0.1536 0.3149 0.1740 0.2198
20 0.1146 0.0914 0.0751 0.0387 0.6802
21 0.0624 0.0273 0.0795 0.1439 0.6870
22 0.1329 0.0690 0.2544 0.1044 0.4395
23 0.1087 0.0742 0.1849 0.0801 0.5522
24 0.1570 0.1510 0.4268 0.0670 0.1984
25 0.1127 0.2009 0.3159 0.0617 0.3086
26 0.0824 0.0693 0.0584 0.0144 0.7754
27 0.0435 0.1068 0.2996 0.5337 0.0165
28 0.0262 0.1919 0.3699 0.2465 0.1654
29 0.1396 0.2844 0.0998 0.0526 0.4236
30 0.1372 0.1655 0.4717 0.0521 0.1735
31 0.0681 0.2002 0.1014 0.2065 0.4238
32 0.0500 0.0372 0.0266 0.0193 0.8667
33 0.0544 0.1481 0.4490 0.0721 0.2766
34 0.0576 0.1288 0.2009 0.0402 0.5723
35 0.0265 0.0200 0.0578 0.0198 0.8760
36 0.0692 0.3247 0.4651 0.0697 0.0714
37 0.0416 0.0326 0.0712 0.0068 0.8477
38 0.0426 0.0394 0.1263 0.0703 0.7212
39 0.0347 0.0177 0.1439 0.0435 0.7603
40 0.0410 0.0172 0.0778 0.0968 0.7671
41 0.0255 0.0151 0.0603 0.0399 0.8594
42 0.0115 0.0057 0.0182 0.0539 0.9106
43 0.0358 0.0196 0.0886 0.0090 0.8472
44 0.0756 0.0328 0.2966 0.0405 0.5542
45 0.0344 0.0283 0.0446 0.0907 0.8022
46 0.0157 0.0208 0.0620 0.3982 0.5034
47 0.0296 0.0920 0.0806 0.4636 0.3340
48 0.0967 0.1096 0.3652 0.0854 0.3430
49 0.1853 0.1089 0.2343 0.3684 0.1031
50 0.0107 0.0088 0.0133 0.0234 0.9438
51 0.0352 0.0900 0.4160 0.0618 0.3970
52 0.0270 0.1059 0.4155 0.0851 0.3667
53 0.0138 0.1703 0.6230 0.1379 0.0549
54 0.0359 0.2345 0.6274 0.0688 0.0333
55 0.1180 0.1126 0.4351 0.1256 0.2087
56 0.0848 0.0953 0.3223 0.1323 0.3652
57 0.1299 0.1495 0.3240 0.1906 0.2059
58 0.2837 0.2622 0.1111 0.0746 0.2686
59 0.1129 0.2279 0.4941 0.0648 0.1003
60 0.1169 0.1537 0.3081 0.2417 0.1797
61 0.2181 0.2715 0.3054 0.1313 0.0737
62 0.1506 0.3447 0.4192 0.0648 0.0207
63 0.1938 0.3679 0.3484 0.0353 0.0547
64 0.1432 0.1868 0.4343 0.1882 0.0476
65 0.3169 0.2732 0.2264 0.0814 0.1021
66 0.0849 0.1057 0.3411 0.1854 0.2827
67 0.0884 0.1528 0.2683 0.2766 0.2139
68 0.2615 0.2634 0.3411 0.0810 0.0531
69 0.0854 0.5835 0.1659 0.0815 0.0834
70 0.0523 0.4414 0.3230 0.1573 0.0259
71 0.1062 0.2129 0.6113 0.0262 0.0436
72 0.1183 0.0701 0.1580 0.4905 0.1630
73 0.1356 0.0682 0.1741 0.4587 0.1636
74 0.3296 0.2264 0.2839 0.0966 0.0634
75 0.3459 0.2002 0.2166 0.1713 0.0660
76 0.1333 0.1333 0.2629 0.0696 0.4009
77 0.0456 0.2159 0.5103 0.1543 0.0740
78 0.1066 0.1050 0.3015 0.2104 0.2766
79 0.2866 0.2433 0.3857 0.0223 0.0620
80 0.1130 0.5430 0.2264 0.0446 0.0729
81 0.0848 0.3628 0.4309 0.0803 0.0410
82 0.2751 0.2109 0.1967 0.0764 0.2410
83 0.0707 0.3647 0.3943 0.1260 0.0443
84 0.0150 0.7822 0.1328 0.0504 0.0197
85 0.1727 0.1334 0.2532 0.4209 0.0198
86 0.2715 0.0822 0.2166 0.3379 0.0917
87 0.2228 0.0435 0.1736 0.5513 0.0086
88 0.1882 0.1056 0.2494 0.4309 0.0257
89 0.0779 0.0222 0.3718 0.5161 0.0119
90 0.0592 0.0327 0.4695 0.3892 0.0495
91 0.1655 0.2905 0.2544 0.2625 0.0272
92 0.1235 0.0933 0.1226 0.5757 0.0849
93 0.2223 0.0721 0.1718 0.3579 0.1758
94 0.1062 0.2197 0.2932 0.3594 0.0214
95 0.0535 0.1675 0.4016 0.3127 0.0646
96 0.1523 0.1064 0.4109 0.2454 0.0848
97 0.1459 0.0763 0.6045 0.0818 0.0913
98 0.1099 0.0993 0.2478 0.4592 0.0836
99 0.0580 0.0488 0.4524 0.4185 0.0225
100 0.0338 0.1092 0.1901 0.6431 0.0238
101 0.1069 0.1818 0.2142 0.4429 0.0542
102 0.2537 0.0553 0.1217 0.4775 0.0919
103 0.0481 0.0617 0.5767 0.2120 0.1017
104 0.0627 0.0438 0.7178 0.1552 0.0207
105 0.0950 0.0980 0.2749 0.5054 0.0266
106 0.1597 0.1782 0.1610 0.3923 0.1089
107 0.1954 0.0719 0.3098 0.3198 0.1030
108 0.1656 0.0701 0.1300 0.5024 0.1321
109 0.1058 0.0255 0.5630 0.2460 0.0598
110 0.1757 0.0817 0.3748 0.3206 0.0473
111 0.2871 0.1206 0.2437 0.2676 0.0810
112 0.1914 0.1400 0.4246 0.1975 0.0465
113 0.1328 0.1298 0.5635 0.1615 0.0126
114 0.1984 0.1203 0.4006 0.2393 0.0413
115 0.2377 0.1453 0.4727 0.1158 0.0286
116 0.2277 0.0884 0.3418 0.2443 0.0979
117 0.1312 0.0587 0.3979 0.3569 0.0551
118 0.2673 0.1488 0.1047 0.4270 0.0522
119 0.1196 0.0491 0.3921 0.4172 0.0219
120 0.1049 0.0904 0.3230 0.3958 0.0862
121 0.0858 0.1964 0.2903 0.2859 0.1415
122 0.1220 0.2837 0.2927 0.1816 0.1201
123 0.1316 0.4629 0.2639 0.0236 0.1180
124 0.1792 0.1619 0.1451 0.4795 0.0342
125 0.2703 0.1946 0.1638 0.1576 0.2137
126 0.1492 0.2637 0.4348 0.0978 0.0544
127 0.1805 0.4197 0.3508 0.0268 0.0221
128 0.1713 0.1420 0.5752 0.0630 0.0487
129 0.1658 0.2412 0.3650 0.0853 0.1429
130 0.0614 0.2013 0.2585 0.4329 0.0460
131 0.2808 0.1390 0.2169 0.1479 0.2153
132 0.2744 0.2441 0.1829 0.1127 0.1858
133 0.1149 0.2800 0.5190 0.0247 0.0611
134 0.0492 0.4775 0.2439 0.0380 0.1914
135 0.2546 0.2430 0.3025 0.0696 0.1301
136 0.0963 0.2598 0.4595 0.1180 0.0662
137 0.0465 0.0592 0.1714 0.5840 0.1388
138 0.0952 0.0560 0.3003 0.3855 0.1632
139 0.3259 0.0870 0.0750 0.4055 0.1066
140 0.1366 0.1205 0.3953 0.2739 0.0737
141 0.0475 0.3376 0.4722 0.1322 0.0105
142 0.3647 0.2264 0.1683 0.1353 0.1053
143 0.0474 0.3875 0.3528 0.1888 0.0236
144 0.1824 0.0692 0.3459 0.1572 0.2454
145 0.1089 0.2893 0.4143 0.1727 0.0147
146 0.1107 0.1727 0.1660 0.5361 0.0145
147 0.0843 0.2256 0.5005 0.1799 0.0095
148 0.0713 0.0461 0.5068 0.3538 0.0221
149 0.1205 0.1740 0.3801 0.2869 0.0385
150 0.1229 0.2091 0.3137 0.2949 0.0594
151 0.2478 0.1025 0.4248 0.1827 0.0421
152 0.1946 0.0236 0.5718 0.1564 0.0536
153 0.2759 0.0382 0.4548 0.1477 0.0835
154 0.1921 0.0764 0.4832 0.1833 0.0649
155 0.7295 0.0381 0.0728 0.1219 0.0375
156 0.1406 0.1724 0.3884 0.2712 0.0275
157 0.0676 0.2590 0.4373 0.1534 0.0828
158 0.1565 0.0455 0.3965 0.3337 0.0678
159 0.1309 0.0663 0.2603 0.5015 0.0412
160 0.2524 0.0936 0.4297 0.1696 0.0546
161 0.1372 0.1460 0.4641 0.1155 0.1372
162 0.1183 0.0326 0.2466 0.5732 0.0290
163 0.1562 0.0225 0.3928 0.3867 0.0417
164 0.1221 0.5776 0.2159 0.0764 0.0078
165 0.2396 0.0671 0.1431 0.4995 0.0506
166 0.1703 0.0462 0.6328 0.1135 0.0371
167 0.0728 0.3237 0.5132 0.0871 0.0034
168 0.3367 0.0950 0.2812 0.2225 0.0648
169 0.1084 0.0296 0.2925 0.5464 0.0233
170 0.1127 0.0520 0.4819 0.3416 0.0119
171 0.2128 0.1311 0.2488 0.3374 0.0701
172 0.1864 0.3271 0.3074 0.1658 0.0135
173 0.1671 0.0279 0.4875 0.2693 0.0483
174 0.1236 0.0308 0.2308 0.5366 0.0779
175 0.4814 0.1379 0.1744 0.1758 0.0303
176 0.2281 0.4331 0.1982 0.0573 0.0833
177 0.1158 0.4475 0.2590 0.0809 0.0968
178 0.1791 0.0600 0.4719 0.2527 0.0364
179 0.0702 0.1632 0.2015 0.5352 0.0297
180 0.2581 0.0227 0.3262 0.3418 0.0512
181 0.1969 0.1487 0.4167 0.2031 0.0345
182 0.0768 0.3579 0.3606 0.1901 0.0148
183 0.1000 0.1688 0.2576 0.4590 0.0145
184 0.0469 0.0229 0.2102 0.7109 0.0091
185 0.0917 0.1942 0.5488 0.1466 0.0185
186 0.0643 0.1630 0.2905 0.4641 0.0183
187 0.0283 0.0482 0.5513 0.3396 0.0326
188 0.1267 0.0964 0.3210 0.4189 0.0369
189 0.1846 0.1011 0.3042 0.3447 0.0653
190 0.0975 0.0809 0.1766 0.4075 0.2377
191 0.1646 0.0909 0.2935 0.3826 0.0686
192 0.3103 0.0611 0.3357 0.2004 0.0925
193 0.1758 0.0622 0.2722 0.3809 0.1091
194 0.0554 0.1003 0.6050 0.2123 0.0272
195 0.2290 0.1537 0.1514 0.2576 0.2085
196 0.0609 0.4644 0.2125 0.2245 0.0378
197 0.0560 0.5352 0.1923 0.2047 0.0119
198 0.1613 0.3579 0.1930 0.1744 0.1135
199 0.1848 0.5103 0.1877 0.0600 0.0573
200 0.1686 0.1376 0.2822 0.2959 0.1158
201 0.1227 0.1368 0.2722 0.4084 0.0598
202 0.1700 0.1674 0.3252 0.1741 0.1635
203 0.1127 0.4563 0.2057 0.1705 0.0549
204 0.0425 0.1350 0.4290 0.1077 0.2859
205 0.0645 0.2360 0.2959 0.2018 0.2018
206 0.0845 0.3760 0.3560 0.1472 0.0363
207 0.1407 0.2588 0.1407 0.3376 0.1223
208 0.0713 0.5737 0.2798 0.0513 0.0239
209 0.1031 0.2325 0.3491 0.2020 0.1133
210 0.0688 0.2742 0.5366 0.1008 0.0197
211 0.3044 0.1165 0.2390 0.1906 0.1495
212 0.2996 0.1239 0.0623 0.2028 0.3115
213 0.0488 0.6577 0.1974 0.0925 0.0037
214 0.0427 0.1827 0.6426 0.1256 0.0063
215 0.0183 0.0640 0.8428 0.0737 0.0010
216 0.1501 0.1783 0.3491 0.1573 0.1649
217 0.2321 0.1322 0.4473 0.0457 0.1429
218 0.2617 0.1237 0.1771 0.2617 0.1758
219 0.0583 0.4517 0.2494 0.2052 0.0354
220 0.1068 0.1084 0.1693 0.5859 0.0294
221 0.1139 0.1166 0.1231 0.6255 0.0211
222 0.1120 0.0893 0.6548 0.1289 0.0152
223 0.0914 0.0299 0.3193 0.5181 0.0412
224 0.0906 0.1085 0.3042 0.4785 0.0183
225 0.0453 0.4373 0.4043 0.0867 0.0265
226 0.1450 0.3145 0.3269 0.1569 0.0568
227 0.3091 0.1890 0.1831 0.2296 0.0892
228 0.0495 0.4146 0.2236 0.3057 0.0065
229 0.1218 0.1678 0.3062 0.2703 0.1338
230 0.0768 0.3840 0.3037 0.2294 0.0059
231 0.3071 0.3218 0.1250 0.1021 0.1439
232 0.3188 0.2974 0.0609 0.1846 0.1383
233 0.2891 0.1224 0.2715 0.1926 0.1243
234 0.0951 0.1617 0.4829 0.1891 0.0712
235 0.2681 0.1218 0.2639 0.3037 0.0424
236 0.1956 0.1476 0.0848 0.2571 0.3149
237 0.1400 0.1346 0.4082 0.1729 0.1444
238 0.3259 0.1050 0.3811 0.0710 0.1171
239 0.3225 0.0968 0.2803 0.2551 0.0454
240 0.2673 0.0551 0.1522 0.4546 0.0708
241 0.1777 0.3882 0.2144 0.1581 0.0619
242 0.1125 0.1367 0.5283 0.1537 0.0688
243 0.1350 0.2278 0.4976 0.0684 0.0711
244 0.2001 0.0703 0.5029 0.0486 0.1780
245 0.3208 0.0584 0.3110 0.0289 0.2810
246 0.0540 0.0520 0.3994 0.4893 0.0055
247 0.1780 0.1608 0.3708 0.1582 0.1322
248 0.1519 0.0943 0.5688 0.1279 0.0572
249 0.3589 0.3318 0.1028 0.0659 0.1405
250 0.0864 0.1678 0.4124 0.2661 0.0673
251 0.1333 0.0461 0.2844 0.5146 0.0216
252 0.1388 0.2676 0.2917 0.2698 0.0322
253 0.1840 0.2363 0.3745 0.1335 0.0715
254 0.0489 0.0839 0.3757 0.4824 0.0089
255 0.3479 0.1290 0.2281 0.2710 0.0240
256 0.1715 0.1179 0.2438 0.4084 0.0584
257 0.1412 0.0963 0.2808 0.3809 0.1009
258 0.0730 0.0490 0.6816 0.1835 0.0129
259 0.0414 0.0755 0.5122 0.3630 0.0081
260 0.0780 0.0462 0.2854 0.5674 0.0227
261 0.2129 0.1570 0.1938 0.3594 0.0771
262 0.1616 0.2815 0.4031 0.1011 0.0529
263 0.2542 0.1471 0.0372 0.5093 0.0520
264 0.1191 0.1318 0.1565 0.5640 0.0287
265 0.1653 0.2812 0.4287 0.1172 0.0074
266 0.0956 0.3872 0.3496 0.1127 0.0549
267 0.2786 0.2136 0.1401 0.3013 0.0662
268 0.1381 0.2900 0.1298 0.3784 0.0637
269 0.2166 0.1443 0.2869 0.3201 0.0322
270 0.2666 0.2815 0.2280 0.1804 0.0435
271 0.2008 0.2499 0.2440 0.2920 0.0132
272 0.0393 0.2705 0.0793 0.0558 0.5552
273 0.0347 0.4260 0.1519 0.0344 0.3530
274 0.0559 0.5308 0.1556 0.0982 0.1594
275 0.1002 0.1992 0.2274 0.0313 0.4419
276 0.1511 0.1132 0.5195 0.1031 0.1132
277 0.0681 0.2888 0.5312 0.0708 0.0410
278 0.0524 0.0632 0.0294 0.0474 0.8076
279 0.0608 0.4058 0.4783 0.0414 0.0138
280 0.0906 0.1693 0.1788 0.0438 0.5176
281 0.0885 0.1874 0.1505 0.0913 0.4822
282 0.0061 0.0027 0.0028 0.0031 0.9854
283 0.0865 0.0341 0.0366 0.0899 0.7529
284 0.1006 0.0413 0.0365 0.0359 0.7856
285 0.0708 0.0319 0.2114 0.6514 0.0345
286 0.0667 0.1296 0.3037 0.4631 0.0366
287 0.0612 0.2678 0.2023 0.4348 0.0338
288 0.0671 0.2035 0.4111 0.2235 0.0947
289 0.0580 0.2330 0.4563 0.1627 0.0898
290 0.0776 0.1863 0.2429 0.4756 0.0177
291 0.1727 0.2435 0.3276 0.0939 0.1622
292 0.1661 0.1433 0.2476 0.4211 0.0220
293 0.0532 0.1746 0.4387 0.3015 0.0318
294 0.1368 0.0792 0.1390 0.5947 0.0504
295 0.2046 0.2842 0.2468 0.2318 0.0326
