time exciting_prob fearful_prob tense_prob sad_prob relaxing_prob
0 0.1710 0.1232 0.2649 0.3794 0.0615
1 0.1007 0.1234 0.2416 0.4956 0.0388
2 0.0667 0.1899 0.5327 0.1703 0.0404
3 0.0373 0.4175 0.3625 0.1420 0.0407
4 0.0274 0.3958 0.3660 0.1841 0.0267
5 0.0576 0.2316 0.5298 0.1449 0.0361
6 0.0482 0.3096 0.4797 0.1332 0.0293
7 0.0292 0.0712 0.0670 0.1353 0.6973
8 0.0270 0.0974 0.0929 0.1580 0.6250
9 0.0188 0.0522 0.0454 0.1398 0.7437
10 0.0320 0.0817 0.0296 0.1504 0.7061
11 0.0252 0.1415 0.0590 0.1788 0.5957
12 0.0133 0.1726 0.0156 0.0720 0.7266
13 0.0142 0.1630 0.0313 0.1763 0.6152
14 0.0195 0.1196 0.0388 0.1853 0.6367
15 0.0293 0.1836 0.0665 0.1808 0.5396
16 0.0351 0.3083 0.3604 0.2119 0.0843
17 0.0818 0.1371 0.3445 0.2993 0.1371
18 0.0345 0.1940 0.0615 0.0117 0.6982
19 0.0378 0.1696 0.0513 0.0384 0.7026
20 0.0334 0.1087 0.0615 0.0177 0.7788
21 0.0251 0.0579 0.0220 0.0377 0.8574
22 0.0206 0.0465 0.0227 0.0320 0.8779
23 0.0191 0.0541 0.0493 0.0306 0.8467
24 0.0286 0.2285 0.5312 0.1753 0.0362
25 0.2078 0.6108 0.1104 0.0288 0.0422
26 0.2615 0.1444 0.4663 0.0698 0.0579
27 0.1461 0.3848 0.2028 0.1951 0.0712
28 0.2219 0.2827 0.2893 0.1755 0.0305
29 0.1693 0.3113 0.2483 0.1995 0.0717
30 0.1699 0.2200 0.3250 0.2571 0.0280
31 0.2849 0.3521 0.2102 0.0836 0.0693
32 0.3838 0.2458 0.2186 0.0856 0.0662
33 0.1824 0.2473 0.2217 0.3301 0.0186
34 0.1738 0.1954 0.3652 0.2164 0.0490
35 0.1956 0.4043 0.1465 0.0487 0.2050
36 0.1321 0.3025 0.5186 0.0286 0.0186
37 0.1221 0.3396 0.4644 0.0432 0.0309
38 0.1687 0.3569 0.4175 0.0426 0.0143
39 0.1255 0.3804 0.4243 0.0401 0.0298
40 0.1954 0.3767 0.3196 0.0615 0.0468
41 0.2712 0.1807 0.4136 0.0388 0.0959
42 0.1573 0.3228 0.4050 0.0583 0.0565
43 0.2061 0.3345 0.3479 0.0493 0.0623
44 0.1074 0.2347 0.2920 0.3496 0.0162
45 0.1486 0.4231 0.3591 0.0453 0.0241
46 0.1442 0.3027 0.3486 0.1699 0.0345
47 0.0718 0.4644 0.4131 0.0314 0.0193
48 0.2432 0.2588 0.3511 0.1006 0.0464
49 0.1357 0.4084 0.3660 0.0699 0.0200
50 0.1115 0.3770 0.4077 0.0778 0.0261
51 0.1239 0.4258 0.3613 0.0604 0.0285
52 0.1151 0.4961 0.2437 0.1107 0.0343
53 0.0936 0.4536 0.4004 0.0347 0.0177
54 0.0443 0.3354 0.3984 0.1273 0.0946
55 0.2051 0.2252 0.3743 0.1313 0.0640
56 0.1489 0.3438 0.4309 0.0561 0.0203
57 0.1405 0.3503 0.3701 0.0845 0.0546
58 0.2408 0.2245 0.3396 0.1761 0.0190
59 0.2134 0.1958 0.4177 0.1466 0.0263
60 0.2256 0.2920 0.3550 0.0994 0.0280
61 0.1276 0.3931 0.3691 0.0837 0.0265
62 0.2153 0.2257 0.4119 0.1180 0.0289
63 0.1869 0.2576 0.3806 0.1143 0.0607
64 0.0916 0.1608 0.6113 0.0960 0.0400
65 0.1221 0.2299 0.5430 0.0746 0.0304
66 0.1991 0.1664 0.5806 0.0380 0.0161
67 0.0445 0.1602 0.7822 0.0106 0.0027
68 0.1575 0.3718 0.4314 0.0327 0.0068
69 0.0829 0.2893 0.5449 0.0592 0.0239
70 0.2581 0.2856 0.2278 0.0838 0.1448
71 0.2036 0.3010 0.4050 0.0661 0.0243
72 0.2610 0.2822 0.3030 0.0771 0.0766
73 0.1836 0.2844 0.4763 0.0226 0.0329
74 0.2089 0.0363 0.3391 0.3286 0.0871
75 0.1937 0.0827 0.4470 0.0959 0.1807
76 0.0933 0.1758 0.6133 0.0762 0.0414
77 0.0768 0.1802 0.6694 0.0637 0.0100
78 0.2810 0.1238 0.2330 0.1993 0.1627
79 0.2246 0.3479 0.3452 0.0614 0.0211
80 0.2671 0.1823 0.3796 0.1131 0.0578
81 0.1488 0.1283 0.6074 0.0656 0.0499
82 0.1881 0.1674 0.4658 0.0495 0.1293
83 0.1749 0.1461 0.4131 0.2229 0.0429
84 0.1451 0.1849 0.5352 0.1096 0.0254
85 0.1011 0.1831 0.5176 0.1707 0.0274
86 0.0699 0.3337 0.5630 0.0188 0.0144
87 0.5029 0.2180 0.2321 0.0307 0.0162
88 0.1055 0.4583 0.3770 0.0255 0.0337
89 0.1954 0.2671 0.3855 0.0498 0.1022
90 0.0685 0.3242 0.5181 0.0696 0.0198
91 0.1450 0.2688 0.4756 0.0654 0.0453
92 0.1349 0.1917 0.4780 0.1136 0.0818
93 0.1775 0.1934 0.4531 0.1591 0.0170
94 0.1040 0.3057 0.4961 0.0631 0.0310
95 0.1098 0.2474 0.4807 0.1549 0.0072
96 0.1279 0.1617 0.1592 0.5059 0.0453
97 0.0750 0.1337 0.2006 0.5454 0.0455
98 0.2939 0.2939 0.3152 0.0693 0.0278
99 0.1484 0.1520 0.6650 0.0215 0.0129
100 0.1414 0.1288 0.6538 0.0500 0.0262
101 0.1663 0.3181 0.3806 0.1152 0.0197
102 0.0986 0.1813 0.5674 0.1295 0.0234
103 0.1830 0.0878 0.3418 0.3262 0.0613
104 0.2725 0.1772 0.3872 0.1075 0.0558
105 0.1360 0.1844 0.4639 0.1934 0.0224
106 0.1527 0.2988 0.4182 0.1049 0.0253
107 0.1897 0.2825 0.4243 0.0656 0.0379
108 0.1080 0.2018 0.5151 0.1431 0.0317
109 0.0856 0.2418 0.5757 0.0817 0.0153
110 0.2617 0.1826 0.3806 0.1266 0.0484
111 0.1293 0.0931 0.4307 0.3152 0.0317
112 0.1261 0.1241 0.4133 0.3071 0.0295
113 0.1254 0.3599 0.3923 0.1023 0.0201
114 0.0348 0.1971 0.6465 0.1115 0.0103
115 0.0188 0.1189 0.7173 0.1412 0.0039
116 0.1195 0.1686 0.6362 0.0494 0.0265
117 0.1489 0.2871 0.4661 0.0519 0.0461
118 0.1415 0.3420 0.3845 0.1119 0.0199
119 0.0967 0.2197 0.5928 0.0796 0.0111
120 0.0883 0.1526 0.3896 0.3604 0.0090
121 0.0817 0.2827 0.5625 0.0646 0.0087
122 0.1305 0.2327 0.3835 0.2118 0.0414
123 0.1880 0.3174 0.3198 0.0960 0.0790
124 0.1624 0.1770 0.3604 0.2615 0.0389
125 0.1041 0.3806 0.3958 0.0792 0.0404
126 0.1569 0.2886 0.3481 0.1037 0.1029
127 0.1037 0.2301 0.3735 0.2488 0.0439
128 0.0464 0.3650 0.5742 0.0073 0.0068
129 0.0635 0.2893 0.5889 0.0171 0.0410
130 0.0588 0.4312 0.3574 0.1142 0.0386
131 0.0765 0.2888 0.4546 0.1176 0.0625
132 0.0801 0.1997 0.6807 0.0290 0.0105
133 0.2991 0.1401 0.4285 0.0762 0.0562
134 0.0759 0.4202 0.4268 0.0256 0.0514
135 0.1520 0.1791 0.4946 0.1353 0.0390
136 0.1147 0.1045 0.5103 0.2411 0.0295
137 0.0170 0.5303 0.3645 0.0311 0.0568
138 0.0207 0.3552 0.5947 0.0218 0.0074
139 0.0160 0.1805 0.7661 0.0334 0.0039
140 0.0300 0.1333 0.6465 0.1766 0.0137
141 0.0405 0.2769 0.6338 0.0366 0.0121
142 0.2036 0.0810 0.3628 0.2698 0.0829
143 0.0709 0.2271 0.6782 0.0121 0.0118
144 0.1084 0.3040 0.5010 0.0623 0.0242
145 0.0753 0.0916 0.7852 0.0361 0.0120
146 0.1204 0.1511 0.6411 0.0784 0.0091
147 0.0807 0.1952 0.5649 0.0887 0.0707
148 0.0301 0.1554 0.6338 0.1298 0.0508
149 0.0248 0.3726 0.5552 0.0333 0.0142
150 0.0262 0.3645 0.4829 0.1183 0.0081
151 0.0119 0.4587 0.4961 0.0273 0.0058
152 0.0282 0.1686 0.5527 0.2452 0.0053
153 0.0939 0.1235 0.5493 0.2151 0.0182
154 0.1924 0.1895 0.3708 0.2339 0.0133
155 0.0885 0.1119 0.7295 0.0474 0.0229
156 0.0728 0.1759 0.5679 0.1553 0.0281
157 0.0243 0.3542 0.5747 0.0226 0.0241
158 0.0698 0.1840 0.5801 0.0969 0.0693
159 0.0591 0.3071 0.3535 0.1805 0.0997
160 0.1342 0.2319 0.2842 0.0952 0.2546
161 0.1033 0.2478 0.2637 0.2439 0.1412
162 0.0988 0.1735 0.5820 0.0921 0.0533
163 0.0237 0.4099 0.5181 0.0292 0.0190
164 0.0287 0.3010 0.5894 0.0271 0.0540
165 0.0149 0.1180 0.8579 0.0042 0.0049
166 0.0504 0.1733 0.7358 0.0341 0.0063
167 0.0224 0.1185 0.8223 0.0350 0.0018
168 0.1201 0.1340 0.3369 0.3264 0.0826
169 0.0252 0.2954 0.5786 0.0244 0.0765
170 0.0381 0.3560 0.5688 0.0209 0.0163
171 0.0253 0.3599 0.5488 0.0159 0.0502
172 0.1414 0.2172 0.3752 0.2009 0.0652
173 0.1186 0.2935 0.4546 0.0625 0.0708
174 0.2434 0.2268 0.3918 0.0403 0.0975
175 0.0649 0.2627 0.6016 0.0432 0.0277
176 0.1006 0.1511 0.3979 0.3101 0.0403
177 0.0438 0.1704 0.4153 0.2223 0.1481
178 0.0472 0.4343 0.4771 0.0234 0.0182
179 0.0761 0.2036 0.7104 0.0023 0.0074
180 0.1825 0.1169 0.3862 0.2307 0.0836
181 0.2571 0.2715 0.3174 0.0953 0.0587
182 0.2544 0.1804 0.3215 0.1818 0.0619
183 0.2272 0.3630 0.2068 0.0205 0.1825
184 0.1752 0.2800 0.4404 0.0649 0.0394
185 0.3201 0.2115 0.2803 0.1443 0.0440
186 0.2039 0.1587 0.4927 0.0811 0.0637
187 0.1566 0.2625 0.2158 0.0679 0.2974
188 0.1157 0.4685 0.3884 0.0201 0.0072
189 0.2164 0.1766 0.4475 0.0778 0.0815
190 0.1526 0.2852 0.3958 0.1255 0.0411
191 0.2339 0.0960 0.4653 0.1970 0.0078
192 0.1632 0.2732 0.4834 0.0526 0.0275
193 0.1301 0.2798 0.5352 0.0324 0.0230
194 0.1653 0.1517 0.5420 0.0898 0.0512
195 0.1417 0.2566 0.5352 0.0381 0.0284
196 0.0775 0.2639 0.5679 0.0225 0.0684
197 0.0892 0.3528 0.3640 0.1641 0.0299
198 0.0987 0.3472 0.5215 0.0092 0.0236
199 0.1559 0.1809 0.5356 0.0731 0.0543
200 0.2318 0.2318 0.4434 0.0446 0.0482
201 0.3784 0.1859 0.3289 0.0751 0.0318
202 0.0705 0.1370 0.6689 0.1058 0.0180
203 0.1230 0.1776 0.6250 0.0674 0.0068
204 0.1334 0.2341 0.5034 0.0889 0.0401
205 0.1851 0.1940 0.4236 0.1621 0.0353
206 0.1038 0.2198 0.5273 0.1272 0.0219
207 0.1522 0.1282 0.5659 0.1272 0.0265
208 0.1283 0.2573 0.5317 0.0511 0.0315
209 0.1775 0.0980 0.4128 0.2352 0.0764
210 0.1531 0.1617 0.5557 0.0900 0.0393
211 0.1675 0.2253 0.5200 0.0743 0.0131
212 0.0853 0.3650 0.3706 0.0938 0.0853
213 0.1189 0.2421 0.5288 0.0933 0.0171
214 0.1748 0.3850 0.3560 0.0321 0.0521
215 0.0900 0.1578 0.4224 0.1393 0.1904
216 0.1500 0.2417 0.4241 0.0626 0.1215
217 0.1683 0.3618 0.4165 0.0260 0.0273
218 0.1589 0.3445 0.4390 0.0296 0.0281
219 0.0475 0.1332 0.2449 0.5518 0.0228
220 0.0103 0.2520 0.6846 0.0259 0.0272
221 0.0287 0.2786 0.6582 0.0115 0.0231
222 0.0412 0.4753 0.3879 0.0146 0.0807
223 0.0359 0.3867 0.4663 0.0349 0.0761
224 0.2866 0.0650 0.2913 0.2866 0.0703
225 0.2861 0.0936 0.4297 0.1260 0.0644
226 0.1407 0.1765 0.5972 0.0475 0.0379
227 0.2554 0.2362 0.3657 0.1024 0.0404
228 0.2119 0.2920 0.4521 0.0368 0.0074
229 0.2225 0.3394 0.3875 0.0445 0.0063
230 0.2397 0.2803 0.3713 0.0969 0.0119
231 0.2455 0.2200 0.4480 0.0767 0.0100
232 0.2290 0.2290 0.4114 0.1207 0.0099
233 0.2761 0.2437 0.4209 0.0461 0.0133
234 0.2037 0.2273 0.5083 0.0357 0.0249
235 0.2445 0.3613 0.3728 0.0141 0.0070
236 0.1313 0.1560 0.5845 0.0992 0.0291
237 0.1664 0.1379 0.4116 0.2103 0.0738
238 0.2388 0.3755 0.1859 0.0740 0.1259
239 0.1646 0.1407 0.2979 0.3220 0.0747
240 0.1654 0.1102 0.2949 0.3501 0.0793
