time exciting_prob fearful_prob tense_prob sad_prob relaxing_prob
0 0.2037 0.2830 0.2496 0.2310 0.0327
1 0.1389 0.2764 0.2764 0.2477 0.0607
2 0.2593 0.1989 0.2676 0.1868 0.0875
3 0.2416 0.1536 0.2379 0.2781 0.0889
4 0.2136 0.1827 0.3521 0.1975 0.0540
5 0.1764 0.4504 0.2031 0.1194 0.0505
6 0.2256 0.4485 0.1929 0.0557 0.0773
7 0.0552 0.7441 0.1159 0.0671 0.0176
8 0.0583 0.6128 0.1958 0.0911 0.0420
9 0.0562 0.3997 0.2123 0.0504 0.2812
10 0.0079 0.0506 0.0440 0.1055 0.7920
11 0.0105 0.0791 0.0651 0.1008 0.7446
12 0.0354 0.2072 0.1108 0.0566 0.5898
13 0.0064 0.3335 0.1575 0.5005 0.0022
14 0.0060 0.2318 0.1863 0.5737 0.0020
15 0.0222 0.5991 0.2966 0.0349 0.0469
16 0.0504 0.7520 0.1786 0.0107 0.0086
17 0.0370 0.7720 0.1619 0.0119 0.0171
18 0.1375 0.5024 0.1683 0.0067 0.1849
19 0.0140 0.7461 0.2241 0.0036 0.0121
20 0.0665 0.5068 0.3484 0.0144 0.0640
21 0.0601 0.5439 0.3682 0.0086 0.0193
22 0.0528 0.5859 0.3286 0.0077 0.0251
23 0.0433 0.6562 0.2822 0.0083 0.0097
24 0.1395 0.1104 0.1439 0.0140 0.5923
25 0.0396 0.1816 0.1329 0.0120 0.6338
26 0.0500 0.6138 0.1504 0.1370 0.0492
27 0.0184 0.8247 0.1389 0.0143 0.0038
28 0.0303 0.6675 0.2615 0.0113 0.0296
29 0.1399 0.2893 0.3743 0.0265 0.1700
30 0.0579 0.3894 0.5405 0.0056 0.0065
31 0.0468 0.3196 0.6064 0.0094 0.0180
32 0.1071 0.3098 0.3147 0.0230 0.2451
33 0.1285 0.4351 0.1664 0.0693 0.2007
34 0.0144 0.8003 0.0745 0.0418 0.0688
35 0.0693 0.1960 0.1074 0.3550 0.2722
36 0.0034 0.3638 0.1979 0.4321 0.0028
37 0.0037 0.4265 0.1835 0.3823 0.0040
38 0.1366 0.2360 0.4045 0.0569 0.1660
39 0.1339 0.2091 0.1164 0.0695 0.4712
40 0.0400 0.4763 0.4270 0.0097 0.0468
41 0.1302 0.2712 0.3484 0.0370 0.2130
42 0.0137 0.2585 0.1427 0.5825 0.0027
43 0.0802 0.3564 0.3147 0.2096 0.0391
44 0.0623 0.2561 0.3845 0.1554 0.1415
45 0.0238 0.2810 0.6431 0.0402 0.0118
46 0.0652 0.4358 0.4639 0.0199 0.0153
47 0.0734 0.1459 0.2330 0.0657 0.4819
48 0.1321 0.2732 0.4365 0.0538 0.1045
49 0.2422 0.1338 0.4561 0.0733 0.0948
50 0.0977 0.2615 0.4209 0.0149 0.2052
51 0.0252 0.6118 0.3484 0.0025 0.0122
52 0.0181 0.4592 0.0843 0.0455 0.3928
53 0.2729 0.2354 0.2448 0.0839 0.1630
54 0.0557 0.5537 0.3411 0.0484 0.0012
55 0.0967 0.3735 0.4233 0.0510 0.0555
56 0.0786 0.2039 0.1337 0.0427 0.5410
57 0.0346 0.0863 0.0477 0.0126 0.8188
58 0.1170 0.1549 0.3179 0.0325 0.3777
59 0.2120 0.3132 0.3899 0.0181 0.0667
60 0.1754 0.2217 0.3684 0.1648 0.0698
61 0.0911 0.5669 0.1357 0.0883 0.1179
62 0.0326 0.4570 0.4790 0.0262 0.0050
63 0.0952 0.3169 0.5063 0.0283 0.0534
64 0.0912 0.4319 0.4385 0.0187 0.0197
65 0.0782 0.5776 0.1818 0.1580 0.0046
66 0.0968 0.3918 0.3052 0.1302 0.0760
67 0.0819 0.3557 0.4749 0.0285 0.0590
68 0.2673 0.2935 0.3433 0.0443 0.0518
69 0.0621 0.4143 0.3489 0.0961 0.0785
70 0.0722 0.2173 0.4858 0.0172 0.2074
71 0.1057 0.3357 0.4050 0.0282 0.1255
72 0.0887 0.1807 0.2214 0.2113 0.2979
73 0.1002 0.4631 0.2991 0.0287 0.1091
74 0.2283 0.2046 0.1202 0.0707 0.3762
75 0.0053 0.3965 0.5093 0.0745 0.0143
76 0.0139 0.3457 0.5698 0.0135 0.0569
77 0.1367 0.3923 0.2849 0.0495 0.1367
78 0.2068 0.3833 0.2167 0.0282 0.1649
79 0.0441 0.5947 0.1758 0.0026 0.1827
80 0.0635 0.4661 0.1142 0.0072 0.3491
81 0.0659 0.4949 0.2179 0.0982 0.1232
82 0.0257 0.3228 0.5576 0.0138 0.0803
83 0.0983 0.5112 0.2981 0.0359 0.0565
84 0.0373 0.8096 0.0982 0.0391 0.0157
85 0.0995 0.5298 0.1449 0.2141 0.0116
86 0.0320 0.8066 0.0414 0.1041 0.0159
87 0.0233 0.8169 0.1177 0.0239 0.0183
88 0.0349 0.2349 0.5054 0.1979 0.0272
89 0.0516 0.3501 0.1268 0.3342 0.1371
90 0.1455 0.2634 0.2400 0.1489 0.2020
91 0.0490 0.4832 0.4539 0.0059 0.0080
92 0.0428 0.3970 0.5342 0.0165 0.0096
93 0.1014 0.3247 0.1194 0.0867 0.3679
94 0.0879 0.3586 0.3816 0.1667 0.0051
95 0.0933 0.1945 0.2920 0.2458 0.1743
96 0.0437 0.0790 0.0816 0.7046 0.0910
97 0.0164 0.0185 0.0122 0.0061 0.9468
98 0.0290 0.0826 0.0336 0.0074 0.8472
99 0.0743 0.1525 0.0862 0.0145 0.6724
100 0.0432 0.2430 0.1322 0.0250 0.5566
101 0.0301 0.2208 0.0633 0.0567 0.6289
102 0.0424 0.5991 0.2786 0.0360 0.0438
103 0.1840 0.4661 0.2849 0.0163 0.0487
104 0.0228 0.6670 0.2434 0.0267 0.0403
105 0.0447 0.6680 0.2006 0.0284 0.0583
106 0.0623 0.5640 0.2278 0.1027 0.0435
107 0.0466 0.2462 0.1589 0.5132 0.0352
108 0.0442 0.1027 0.1240 0.7021 0.0270
109 0.0884 0.4856 0.2681 0.0667 0.0912
110 0.0349 0.3445 0.4563 0.1317 0.0328
111 0.0181 0.4563 0.2295 0.2812 0.0148
112 0.0977 0.6470 0.1825 0.0451 0.0280
113 0.0528 0.1873 0.0689 0.0060 0.6851
114 0.0650 0.5444 0.2654 0.0093 0.1159
115 0.1995 0.3999 0.3115 0.0493 0.0399
116 0.1071 0.4368 0.3538 0.0228 0.0795
117 0.0793 0.3638 0.2703 0.0627 0.2241
118 0.0483 0.6675 0.1853 0.0122 0.0869
119 0.0881 0.3457 0.4873 0.0634 0.0154
120 0.0142 0.3142 0.2334 0.0220 0.4163
121 0.1642 0.4192 0.1035 0.0489 0.2644
122 0.0089 0.0093 0.0069 0.0144 0.9604
123 0.0171 0.0171 0.0120 0.0068 0.9468
124 0.0419 0.0400 0.0097 0.0051 0.9033
125 0.0939 0.1488 0.2217 0.0322 0.5034
126 0.0591 0.1292 0.1924 0.0221 0.5972
127 0.0171 0.8750 0.0833 0.0073 0.0172
128 0.1340 0.3315 0.2502 0.0648 0.2192
129 0.0566 0.3899 0.4282 0.0488 0.0762
130 0.0352 0.7700 0.1199 0.0566 0.0184
131 0.0278 0.7124 0.1516 0.0164 0.0920
132 0.0489 0.4678 0.3369 0.0832 0.0633
133 0.0461 0.3804 0.1254 0.1124 0.3357
134 0.2256 0.4556 0.2556 0.0057 0.0575
135 0.1688 0.3601 0.3491 0.0842 0.0380
136 0.2971 0.2107 0.2903 0.0352 0.1666
137 0.0712 0.5645 0.3423 0.0090 0.0131
138 0.1209 0.5010 0.2993 0.0554 0.0234
139 0.0670 0.2096 0.3350 0.2690 0.1194
140 0.2148 0.2781 0.3625 0.0552 0.0895
141 0.0385 0.4143 0.3772 0.1016 0.0682
142 0.1220 0.2727 0.3342 0.2091 0.0618
143 0.0451 0.3032 0.2324 0.1064 0.3127
144 0.0663 0.3611 0.4221 0.1200 0.0306
145 0.0288 0.3535 0.5825 0.0326 0.0025
146 0.3376 0.2957 0.3052 0.0154 0.0461
147 0.2585 0.1763 0.3267 0.0981 0.1405
148 0.1904 0.2108 0.3757 0.0972 0.1259
149 0.0210 0.5664 0.2085 0.1433 0.0607
150 0.0304 0.6353 0.1658 0.1121 0.0564
151 0.0558 0.5054 0.2900 0.0287 0.1200
152 0.0845 0.4785 0.3213 0.0131 0.1027
153 0.2167 0.1421 0.2307 0.2871 0.1235
154 0.0732 0.3281 0.3035 0.0511 0.2439
155 0.0483 0.1882 0.1635 0.1824 0.4175
156 0.0607 0.0709 0.1265 0.6626 0.0792
157 0.1320 0.3044 0.1212 0.0228 0.4194
158 0.0569 0.3379 0.4443 0.0265 0.1344
159 0.0927 0.3232 0.3184 0.0274 0.2384
160 0.1292 0.3538 0.2302 0.0707 0.2162
161 0.0918 0.3081 0.3806 0.0911 0.1284
162 0.1561 0.4050 0.1611 0.1346 0.1433
163 0.1136 0.3367 0.2332 0.1589 0.1577
164 0.0549 0.3284 0.2292 0.2808 0.1066
165 0.0411 0.6953 0.2292 0.0207 0.0136
166 0.0210 0.5020 0.4641 0.0074 0.0056
167 0.0249 0.4731 0.4880 0.0093 0.0047
168 0.0279 0.5786 0.3735 0.0079 0.0120
169 0.0952 0.5312 0.1038 0.0324 0.2375
170 0.1246 0.3157 0.1479 0.1126 0.2991
171 0.0879 0.2043 0.1642 0.3818 0.1616
172 0.1576 0.3550 0.2920 0.0196 0.1758
173 0.1659 0.4075 0.3149 0.0288 0.0828
174 0.3411 0.2255 0.2236 0.0862 0.1235
175 0.0349 0.3906 0.5259 0.0181 0.0306
176 0.0584 0.5049 0.2969 0.0598 0.0799
177 0.0455 0.4119 0.3691 0.0121 0.1613
178 0.2115 0.4409 0.1477 0.0714 0.1283
179 0.2272 0.4211 0.1490 0.0721 0.1305
180 0.1230 0.3643 0.1259 0.0363 0.3503
181 0.0292 0.2969 0.4187 0.2073 0.0477
182 0.0178 0.2786 0.4380 0.2534 0.0121
183 0.0871 0.3113 0.4287 0.0224 0.1505
184 0.1068 0.4158 0.1816 0.0643 0.2314
185 0.1792 0.2776 0.1863 0.2095 0.1475
186 0.1124 0.2271 0.1586 0.3687 0.1334
187 0.3452 0.3193 0.1877 0.0176 0.1300
188 0.0960 0.6772 0.1312 0.0249 0.0708
189 0.0408 0.2292 0.2311 0.1208 0.3779
190 0.0316 0.2957 0.6162 0.0490 0.0075
191 0.0106 0.1076 0.8462 0.0347 0.0010
192 0.1241 0.4102 0.2062 0.0859 0.1736
193 0.0095 0.7568 0.2308 0.0018 0.0012
194 0.0156 0.4807 0.4961 0.0028 0.0048
195 0.0180 0.6147 0.2563 0.0839 0.0268
196 0.0407 0.1726 0.5488 0.2183 0.0198
197 0.0374 0.5493 0.3958 0.0040 0.0136
198 0.0466 0.1527 0.4968 0.1857 0.1180
199 0.0436 0.2250 0.4617 0.2285 0.0413
200 0.0157 0.5312 0.4204 0.0219 0.0108
201 0.0419 0.2076 0.2585 0.4536 0.0384
202 0.0323 0.6050 0.0740 0.1995 0.0892
203 0.0854 0.6670 0.2166 0.0150 0.0162
204 0.1051 0.2561 0.2856 0.1051 0.2482
205 0.0216 0.3049 0.5439 0.0861 0.0436
206 0.0205 0.2203 0.5044 0.2498 0.0050
207 0.0419 0.0595 0.3535 0.5391 0.0063
208 0.0644 0.5024 0.2449 0.0339 0.1544
209 0.2394 0.2671 0.1620 0.2798 0.0518
210 0.1917 0.4219 0.1576 0.1652 0.0637
211 0.1809 0.0828 0.4548 0.2473 0.0342
212 0.0670 0.5269 0.3508 0.0175 0.0379
213 0.4534 0.4001 0.0852 0.0123 0.0489
214 0.3352 0.5273 0.0834 0.0300 0.0239
215 0.3201 0.4143 0.0969 0.1016 0.0671
216 0.0363 0.8003 0.1327 0.0088 0.0222
217 0.0373 0.2649 0.2375 0.3679 0.0923
218 0.0451 0.3411 0.3835 0.1188 0.1116
219 0.2727 0.2603 0.0690 0.1230 0.2749
220 0.1511 0.5884 0.0535 0.0319 0.1753
221 0.0771 0.1836 0.1698 0.0084 0.5610
222 0.0370 0.7979 0.1205 0.0373 0.0073
223 0.0864 0.3162 0.3213 0.2295 0.0466
224 0.0585 0.1888 0.3813 0.1288 0.2424
225 0.0536 0.1042 0.2173 0.0061 0.6187
226 0.2451 0.3376 0.2568 0.0551 0.1054
227 0.2888 0.1194 0.0660 0.4473 0.0784
228 0.0617 0.1602 0.1902 0.4780 0.1100
229 0.2223 0.1993 0.4780 0.0396 0.0608
230 0.2898 0.2744 0.1118 0.1412 0.1827
231 0.0457 0.3074 0.1046 0.0116 0.5308
232 0.0132 0.3896 0.1526 0.1503 0.2942
233 0.1453 0.3196 0.3098 0.1752 0.0502
234 0.0562 0.1843 0.1705 0.4934 0.0956
235 0.0195 0.2817 0.1736 0.4431 0.0820
236 0.0463 0.6494 0.1519 0.0396 0.1129
237 0.1538 0.5371 0.1401 0.1236 0.0455
238 0.1234 0.2378 0.1660 0.0035 0.4692
239 0.3105 0.3804 0.1624 0.0368 0.1099
240 0.0459 0.0668 0.0424 0.0052 0.8398
241 0.0897 0.1512 0.1284 0.0084 0.6221
242 0.0475 0.0835 0.1794 0.6772 0.0121
243 0.0847 0.2844 0.2549 0.3596 0.0163
244 0.0482 0.2445 0.2771 0.4224 0.0078
245 0.2966 0.0919 0.1885 0.2830 0.1401
246 0.0417 0.2102 0.1467 0.0208 0.5806
247 0.0110 0.0995 0.0851 0.0087 0.7954
248 0.0121 0.1531 0.0669 0.0600 0.7080
249 0.0254 0.5439 0.2610 0.1272 0.0426
250 0.1077 0.4983 0.2883 0.0299 0.0758
251 0.0235 0.1212 0.0974 0.0040 0.7539
252 0.0595 0.2429 0.3398 0.0691 0.2886
253 0.1123 0.3740 0.3889 0.0200 0.1047
254 0.1130 0.4756 0.3821 0.0121 0.0173
255 0.0594 0.3752 0.5210 0.0233 0.0212
256 0.0536 0.2947 0.5767 0.0205 0.0545
257 0.0586 0.4829 0.3589 0.0132 0.0865
258 0.0490 0.2778 0.1698 0.0382 0.4651
259 0.0569 0.2146 0.1969 0.0286 0.5029
260 0.1984 0.1644 0.2798 0.2842 0.0735
261 0.2003 0.2379 0.2654 0.2167 0.0797
262 0.1429 0.0502 0.1407 0.6211 0.0450
