time exciting_prob fearful_prob tense_prob sad_prob relaxing_prob
0 0.0822 0.2377 0.2064 0.0999 0.3738
1 0.0862 0.4695 0.3601 0.0122 0.0720
2 0.1763 0.4099 0.1351 0.1156 0.1631
3 0.1603 0.4460 0.2445 0.0381 0.1110
4 0.0832 0.6753 0.2059 0.0118 0.0237
5 0.1487 0.1879 0.3098 0.1271 0.2266
6 0.2969 0.2206 0.1588 0.1858 0.1381
7 0.1764 0.4070 0.2795 0.0691 0.0680
8 0.0311 0.3367 0.5820 0.0266 0.0238
9 0.0670 0.5103 0.3975 0.0067 0.0187
10 0.1967 0.1531 0.2446 0.0659 0.3396
11 0.1365 0.1698 0.3916 0.2302 0.0719
12 0.1169 0.0433 0.6416 0.1151 0.0829
13 0.0699 0.0891 0.7456 0.0161 0.0792
14 0.1370 0.2423 0.4973 0.0734 0.0500
15 0.3376 0.1821 0.2671 0.0522 0.1608
16 0.3447 0.1844 0.2042 0.0333 0.2333
17 0.1719 0.2386 0.2190 0.0493 0.3210
18 0.0989 0.4165 0.1722 0.0894 0.2229
19 0.0984 0.1824 0.6221 0.0574 0.0398
20 0.1840 0.2219 0.5283 0.0574 0.0085
21 0.0620 0.1158 0.2234 0.5234 0.0754
22 0.1744 0.2292 0.2617 0.1368 0.1976
23 0.1550 0.4182 0.3494 0.0218 0.0557
24 0.2422 0.2944 0.2722 0.0408 0.1504
25 0.1614 0.5459 0.1539 0.0589 0.0799
26 0.1020 0.4644 0.3506 0.0764 0.0067
27 0.2354 0.2646 0.3345 0.0764 0.0893
28 0.1876 0.2159 0.5430 0.0367 0.0170
29 0.1294 0.1335 0.5532 0.1489 0.0348
30 0.0963 0.3010 0.4214 0.1305 0.0507
31 0.1938 0.6211 0.1343 0.0334 0.0175
32 0.3770 0.2433 0.2778 0.0082 0.0938
33 0.0232 0.4668 0.4385 0.0270 0.0445
34 0.2267 0.1570 0.4370 0.0952 0.0840
35 0.0834 0.2798 0.4724 0.1014 0.0629
36 0.1747 0.1919 0.3816 0.0689 0.1831
37 0.1141 0.2983 0.4956 0.0650 0.0271
38 0.0609 0.1531 0.6348 0.0833 0.0679
39 0.2013 0.3645 0.1848 0.0367 0.2126
40 0.0603 0.2386 0.5132 0.1360 0.0520
41 0.0445 0.2996 0.3787 0.1816 0.0957
42 0.0696 0.5312 0.3708 0.0189 0.0095
43 0.0395 0.5283 0.3926 0.0289 0.0105
44 0.1383 0.1129 0.5781 0.0595 0.1112
45 0.0850 0.1730 0.6426 0.0448 0.0548
46 0.1566 0.0769 0.5054 0.1979 0.0632
47 0.1300 0.1833 0.5059 0.1193 0.0614
48 0.0921 0.1531 0.4941 0.1694 0.0914
49 0.1682 0.1036 0.5605 0.1290 0.0387
50 0.1587 0.2942 0.3896 0.1295 0.0278
51 0.2197 0.2981 0.3430 0.0453 0.0938
52 0.0953 0.2822 0.5068 0.0753 0.0403
53 0.0462 0.2874 0.5542 0.1057 0.0066
54 0.0812 0.0244 0.7124 0.1470 0.0349
55 0.0644 0.3323 0.5649 0.0216 0.0167
56 0.1462 0.0729 0.6206 0.1353 0.0252
57 0.1349 0.0768 0.5767 0.1678 0.0438
58 0.3486 0.1621 0.3542 0.1047 0.0302
59 0.5581 0.1315 0.2678 0.0184 0.0243
60 0.1150 0.0703 0.5796 0.1263 0.1089
61 0.1486 0.0675 0.5923 0.0501 0.1417
62 0.1301 0.0959 0.6558 0.0629 0.0551
63 0.1228 0.1564 0.3062 0.1626 0.2520
64 0.2441 0.1639 0.3840 0.1092 0.0986
65 0.1289 0.1818 0.5469 0.0865 0.0559
66 0.2852 0.1638 0.3867 0.0325 0.1316
67 0.1681 0.2316 0.3970 0.1085 0.0950
68 0.1956 0.3457 0.2216 0.0291 0.2081
69 0.1475 0.3916 0.1620 0.0212 0.2776
70 0.1771 0.3550 0.2920 0.0811 0.0948
71 0.1656 0.2487 0.3674 0.1581 0.0600
72 0.0500 0.1886 0.6792 0.0512 0.0308
73 0.0989 0.3000 0.5693 0.0091 0.0228
74 0.0886 0.6348 0.1819 0.0517 0.0429
75 0.0361 0.7090 0.2231 0.0137 0.0178
76 0.2412 0.3826 0.3481 0.0076 0.0204
77 0.2351 0.1888 0.5015 0.0363 0.0381
78 0.0995 0.1094 0.6699 0.0517 0.0695
79 0.1367 0.1755 0.4846 0.0726 0.1305
80 0.1414 0.1459 0.4321 0.1218 0.1589
81 0.1306 0.1266 0.4316 0.0891 0.2222
82 0.0555 0.3000 0.5391 0.0674 0.0381
83 0.0590 0.4158 0.4497 0.0618 0.0137
84 0.0495 0.2852 0.6035 0.0480 0.0139
85 0.0727 0.0732 0.6792 0.1083 0.0667
86 0.1183 0.0685 0.5303 0.1078 0.1749
87 0.2568 0.2651 0.3887 0.0224 0.0670
88 0.3413 0.1841 0.4021 0.0234 0.0492
89 0.0950 0.1482 0.6001 0.1102 0.0466
90 0.2498 0.1901 0.4595 0.0111 0.0898
91 0.2461 0.1692 0.4319 0.0818 0.0710
92 0.1987 0.2959 0.3486 0.0510 0.1055
93 0.3074 0.1006 0.3767 0.0938 0.1213
94 0.4119 0.3335 0.1758 0.0191 0.0598
95 0.3616 0.2228 0.2930 0.0740 0.0486
96 0.4297 0.3425 0.1373 0.0268 0.0634
97 0.3091 0.3115 0.3020 0.0375 0.0396
98 0.1626 0.3752 0.3525 0.0549 0.0549
99 0.1239 0.4094 0.4192 0.0287 0.0187
100 0.0980 0.0793 0.6855 0.1119 0.0250
101 0.1783 0.0462 0.6274 0.1143 0.0338
102 0.0632 0.0524 0.7886 0.0632 0.0326
103 0.0986 0.0884 0.4856 0.2876 0.0399
104 0.2922 0.3389 0.2681 0.0399 0.0608
105 0.1157 0.0204 0.3733 0.4099 0.0807
106 0.1019 0.2949 0.3728 0.1076 0.1229
107 0.1788 0.0935 0.4497 0.2091 0.0690
108 0.1849 0.3706 0.2732 0.0538 0.1175
109 0.2651 0.3027 0.2415 0.0834 0.1071
110 0.0867 0.0486 0.1396 0.1185 0.6064
111 0.2549 0.1582 0.4761 0.0808 0.0300
112 0.0716 0.1458 0.6235 0.1247 0.0346
113 0.2922 0.1370 0.5049 0.0434 0.0225
114 0.3320 0.2264 0.3850 0.0239 0.0326
115 0.1614 0.3811 0.1565 0.0177 0.2832
116 0.2986 0.2678 0.3438 0.0383 0.0515
117 0.3079 0.2035 0.4343 0.0379 0.0163
118 0.3713 0.1387 0.2593 0.1254 0.1055
119 0.2357 0.2756 0.4404 0.0211 0.0273
120 0.1517 0.3418 0.4321 0.0336 0.0408
121 0.1664 0.1390 0.5991 0.0558 0.0395
122 0.0297 0.2563 0.7080 0.0032 0.0026
123 0.1010 0.4778 0.3013 0.0926 0.0274
124 0.4451 0.2054 0.1434 0.0926 0.1135
125 0.3855 0.1793 0.1752 0.1685 0.0916
126 0.1935 0.5601 0.1763 0.0396 0.0306
127 0.1478 0.4346 0.3228 0.0188 0.0761
128 0.1815 0.3186 0.3015 0.1705 0.0280
129 0.1586 0.2495 0.4661 0.0785 0.0472
130 0.1426 0.5381 0.1747 0.0673 0.0775
131 0.0427 0.8252 0.0768 0.0247 0.0305
132 0.0203 0.5024 0.4231 0.0416 0.0126
133 0.3931 0.1976 0.1539 0.2153 0.0402
134 0.2412 0.0547 0.5923 0.0189 0.0930
135 0.1719 0.1627 0.0734 0.0459 0.5464
136 0.1624 0.4773 0.1958 0.0698 0.0947
137 0.1696 0.1891 0.5024 0.0497 0.0894
138 0.1720 0.1542 0.5464 0.1060 0.0214
139 0.0755 0.2400 0.6421 0.0346 0.0077
140 0.1357 0.1757 0.5762 0.1025 0.0100
141 0.0759 0.0696 0.8154 0.0258 0.0134
142 0.1290 0.0559 0.5264 0.2605 0.0283
143 0.0715 0.3572 0.4807 0.0773 0.0132
144 0.0742 0.0578 0.6216 0.2216 0.0251
145 0.0869 0.6274 0.1099 0.0962 0.0798
146 0.0720 0.2695 0.4656 0.1609 0.0320
147 0.0724 0.3857 0.3796 0.1223 0.0397
148 0.1350 0.0734 0.5342 0.1935 0.0638
149 0.1510 0.1214 0.6411 0.0640 0.0226
150 0.0958 0.4900 0.1980 0.0546 0.1616
151 0.0281 0.4424 0.5093 0.0107 0.0096
152 0.1661 0.0917 0.2961 0.4375 0.0085
153 0.0403 0.2285 0.4475 0.2510 0.0327
154 0.0268 0.2668 0.4983 0.1569 0.0513
155 0.0094 0.8291 0.0808 0.0696 0.0112
156 0.0083 0.8105 0.0854 0.0737 0.0221
157 0.2178 0.2410 0.4399 0.0735 0.0279
158 0.2019 0.2891 0.2717 0.1366 0.1007
159 0.1614 0.0949 0.4744 0.1436 0.1257
160 0.0626 0.1826 0.5283 0.1587 0.0677
161 0.3044 0.1592 0.3291 0.1708 0.0367
162 0.1000 0.2612 0.5532 0.0245 0.0611
163 0.0688 0.0296 0.4773 0.3333 0.0911
164 0.0649 0.0591 0.5229 0.3376 0.0155
165 0.1151 0.0401 0.2380 0.4734 0.1335
166 0.0934 0.3235 0.5415 0.0289 0.0126
167 0.1976 0.3311 0.3931 0.0469 0.0313
168 0.1464 0.3003 0.5107 0.0165 0.0262
169 0.0967 0.0397 0.4072 0.3220 0.1343
170 0.1184 0.2710 0.4946 0.0814 0.0345
171 0.1497 0.4004 0.2976 0.0564 0.0959
172 0.5322 0.1500 0.2554 0.0365 0.0261
173 0.6470 0.1107 0.1324 0.0703 0.0398
174 0.1536 0.2183 0.4995 0.0703 0.0583
175 0.3369 0.2279 0.3318 0.0572 0.0463
176 0.0962 0.2961 0.5708 0.0265 0.0101
177 0.2000 0.1104 0.3374 0.2095 0.1428
178 0.2108 0.0996 0.4902 0.0800 0.1192
179 0.2529 0.2032 0.4106 0.0676 0.0655
180 0.0724 0.1473 0.7598 0.0095 0.0108
181 0.3867 0.1870 0.3335 0.0343 0.0584
182 0.1733 0.2043 0.4641 0.0872 0.0712
183 0.0953 0.1698 0.3948 0.2629 0.0771
184 0.1302 0.1292 0.2888 0.0379 0.4138
185 0.1328 0.1746 0.5464 0.1219 0.0246
186 0.2334 0.1847 0.5137 0.0497 0.0183
187 0.2559 0.2834 0.4253 0.0052 0.0301
188 0.3933 0.2766 0.2104 0.0481 0.0716
189 0.2773 0.2754 0.4067 0.0132 0.0273
190 0.1208 0.3467 0.4314 0.0580 0.0431
191 0.1783 0.5000 0.2202 0.0484 0.0531
192 0.4375 0.2050 0.1837 0.1431 0.0307
193 0.2854 0.0786 0.1516 0.4631 0.0212
194 0.2444 0.3501 0.1415 0.2444 0.0196
195 0.1981 0.0776 0.1383 0.5303 0.0559
196 0.2678 0.1813 0.1625 0.3181 0.0704
197 0.2534 0.1825 0.1661 0.3254 0.0726
198 0.3391 0.1963 0.1414 0.2559 0.0673
199 0.6631 0.1841 0.0488 0.0414 0.0626
