time exciting_prob fearful_prob tense_prob sad_prob relaxing_prob
0 0.4263 0.2839 0.1147 0.1012 0.0740
1 0.4077 0.1047 0.2847 0.1432 0.0597
2 0.1960 0.0856 0.3284 0.3284 0.0617
3 0.5884 0.0938 0.2305 0.0181 0.0692
4 0.2759 0.0790 0.2673 0.3276 0.0502
5 0.4312 0.1073 0.2202 0.1356 0.1057
6 0.2678 0.1188 0.3660 0.1929 0.0544
7 0.1792 0.1533 0.3296 0.2842 0.0538
8 0.1681 0.2125 0.2815 0.3093 0.0285
9 0.1614 0.3364 0.3901 0.0657 0.0462
10 0.1671 0.0983 0.4912 0.1985 0.0450
11 0.2820 0.2231 0.3098 0.1223 0.0629
12 0.3137 0.2368 0.3137 0.0722 0.0637
13 0.2045 0.3167 0.2627 0.1581 0.0581
14 0.3083 0.1915 0.4150 0.0519 0.0333
15 0.3767 0.4011 0.1725 0.0300 0.0197
16 0.1412 0.2072 0.5415 0.0710 0.0389
17 0.3965 0.2009 0.3555 0.0161 0.0308
18 0.0495 0.7334 0.1663 0.0346 0.0163
19 0.1797 0.4048 0.2698 0.0732 0.0726
20 0.1655 0.4429 0.1721 0.0770 0.1427
21 0.4509 0.2285 0.1895 0.0233 0.1079
22 0.4810 0.1226 0.1675 0.1016 0.1274
23 0.4871 0.1683 0.2588 0.0140 0.0718
24 0.2732 0.2754 0.3735 0.0397 0.0381
25 0.2593 0.1927 0.4624 0.0476 0.0380
26 0.3147 0.4104 0.2080 0.0045 0.0624
27 0.2172 0.4219 0.1050 0.0716 0.1843
28 0.2095 0.4612 0.1998 0.0753 0.0542
29 0.1543 0.2837 0.2625 0.0921 0.2075
30 0.1987 0.1366 0.5708 0.0754 0.0186
31 0.1876 0.1472 0.6011 0.0482 0.0160
32 0.2834 0.3755 0.1963 0.0438 0.1011
33 0.1105 0.4104 0.2180 0.1407 0.1204
34 0.2537 0.1625 0.4182 0.1306 0.0349
35 0.2759 0.2217 0.1896 0.1987 0.1141
36 0.4590 0.1869 0.1825 0.0709 0.1008
37 0.4067 0.1036 0.1749 0.2773 0.0373
38 0.2739 0.2400 0.3804 0.0687 0.0368
39 0.2246 0.1532 0.2952 0.2627 0.0643
40 0.3389 0.3694 0.1992 0.0637 0.0289
41 0.3792 0.2429 0.2585 0.0419 0.0776
42 0.1515 0.6426 0.1445 0.0325 0.0287
43 0.2756 0.1522 0.3948 0.0759 0.1014
44 0.1274 0.3491 0.1265 0.0255 0.3716
45 0.2551 0.2148 0.4238 0.0259 0.0803
46 0.1088 0.1158 0.4043 0.3350 0.0362
47 0.2668 0.2374 0.2886 0.0347 0.1724
48 0.1251 0.1022 0.5522 0.2129 0.0076
49 0.2649 0.1644 0.1261 0.2128 0.2319
50 0.4067 0.2485 0.2228 0.0591 0.0629
51 0.3276 0.1926 0.2937 0.1023 0.0835
52 0.2717 0.0606 0.4045 0.2305 0.0327
53 0.3113 0.2922 0.3472 0.0274 0.0219
54 0.3313 0.1392 0.3640 0.1459 0.0196
55 0.5044 0.1538 0.1798 0.0404 0.1216
56 0.1011 0.5132 0.3042 0.0485 0.0331
57 0.1312 0.3123 0.3826 0.1232 0.0506
58 0.0737 0.0312 0.1214 0.7554 0.0183
59 0.1459 0.0988 0.2561 0.4785 0.0207
60 0.0972 0.0580 0.1873 0.6436 0.0141
61 0.0651 0.1943 0.3357 0.3926 0.0121
62 0.1741 0.2343 0.4731 0.1107 0.0080
63 0.0605 0.0577 0.1779 0.6924 0.0116
64 0.0917 0.0583 0.1512 0.6675 0.0315
65 0.1135 0.0374 0.3335 0.4351 0.0805
66 0.1516 0.0585 0.2922 0.3997 0.0979
67 0.1687 0.0692 0.1215 0.6074 0.0330
68 0.1420 0.3354 0.1224 0.3127 0.0875
69 0.0963 0.1118 0.1901 0.5498 0.0520
70 0.0905 0.0963 0.4055 0.3750 0.0328
71 0.2822 0.1837 0.1740 0.3027 0.0573
72 0.0612 0.1057 0.2102 0.5669 0.0557
73 0.1782 0.1810 0.3894 0.1624 0.0889
74 0.0665 0.1879 0.1311 0.5879 0.0266
75 0.1192 0.0599 0.2059 0.5176 0.0973
76 0.1836 0.1620 0.1698 0.4336 0.0510
77 0.0482 0.2527 0.6255 0.0494 0.0241
78 0.0262 0.0685 0.2317 0.6704 0.0034
79 0.0226 0.0793 0.8394 0.0496 0.0091
80 0.1035 0.2603 0.1382 0.4714 0.0266
81 0.2732 0.0680 0.2373 0.3733 0.0482
82 0.1119 0.0712 0.2771 0.5015 0.0384
83 0.1175 0.0654 0.1952 0.5830 0.0391
84 0.0932 0.0407 0.1741 0.6567 0.0351
85 0.1085 0.1903 0.4355 0.2350 0.0306
86 0.1509 0.1290 0.2690 0.2588 0.1923
87 0.2925 0.1542 0.2091 0.2522 0.0920
88 0.1576 0.0905 0.1276 0.5415 0.0830
89 0.2079 0.1332 0.1498 0.3508 0.1582
90 0.2693 0.2756 0.2015 0.2146 0.0391
91 0.1243 0.0953 0.2610 0.4875 0.0319
92 0.1606 0.1281 0.2179 0.4365 0.0568
93 0.0764 0.0551 0.2688 0.5435 0.0564
94 0.1202 0.2708 0.3425 0.1472 0.1193
95 0.2281 0.3242 0.3093 0.0399 0.0981
96 0.2009 0.2969 0.1963 0.2173 0.0885
97 0.2512 0.3711 0.2131 0.0797 0.0848
98 0.0850 0.4087 0.3750 0.0641 0.0673
99 0.1534 0.3796 0.3767 0.0587 0.0314
100 0.1357 0.4453 0.3257 0.0280 0.0652
101 0.1486 0.4070 0.2754 0.0595 0.1096
102 0.1698 0.4954 0.2778 0.0316 0.0254
103 0.1292 0.1054 0.3147 0.1685 0.2822
104 0.0898 0.0414 0.1814 0.0240 0.6636
105 0.1053 0.0364 0.2649 0.5522 0.0413
106 0.0842 0.0749 0.3230 0.3894 0.1284
107 0.2754 0.1166 0.3025 0.1923 0.1130
108 0.1919 0.3042 0.1448 0.3066 0.0525
109 0.1470 0.5547 0.2332 0.0375 0.0276
110 0.2122 0.3418 0.2480 0.1678 0.0301
111 0.2030 0.1222 0.2062 0.4365 0.0321
112 0.1576 0.0756 0.2725 0.4707 0.0238
113 0.1710 0.3647 0.2690 0.1395 0.0555
114 0.1201 0.2107 0.5820 0.0728 0.0146
115 0.1595 0.1022 0.2113 0.4990 0.0279
116 0.2036 0.3745 0.2849 0.1090 0.0280
117 0.1613 0.3931 0.3750 0.0462 0.0244
118 0.2634 0.0552 0.4146 0.2004 0.0661
119 0.1057 0.0407 0.2576 0.3689 0.2273
120 0.2661 0.2856 0.2542 0.1172 0.0769
121 0.1002 0.2188 0.5767 0.0580 0.0466
122 0.2020 0.1345 0.5239 0.0954 0.0440
123 0.1576 0.2347 0.3184 0.1946 0.0948
124 0.0461 0.4377 0.4309 0.0646 0.0208
125 0.0311 0.3977 0.5146 0.0486 0.0080
126 0.1320 0.1906 0.2666 0.3589 0.0521
127 0.1521 0.0801 0.4470 0.2588 0.0620
128 0.0873 0.1722 0.5649 0.1406 0.0350
129 0.0662 0.2056 0.5952 0.1209 0.0123
130 0.0883 0.1945 0.5625 0.1379 0.0166
131 0.0580 0.1638 0.5806 0.1827 0.0148
132 0.1316 0.1295 0.5713 0.1526 0.0149
133 0.2172 0.1109 0.5010 0.1403 0.0308
134 0.1942 0.2289 0.4771 0.0535 0.0465
135 0.1211 0.1761 0.5957 0.0800 0.0268
136 0.1569 0.3535 0.4468 0.0288 0.0143
137 0.4680 0.1617 0.1982 0.0563 0.1156
138 0.0684 0.1019 0.5254 0.2947 0.0097
139 0.2812 0.1903 0.3042 0.1542 0.0700
140 0.1108 0.0933 0.6685 0.1135 0.0141
141 0.0753 0.0361 0.3650 0.4990 0.0245
142 0.0709 0.0869 0.6128 0.1649 0.0646
143 0.1476 0.1794 0.5444 0.0946 0.0340
144 0.2114 0.2778 0.3459 0.0125 0.1523
145 0.0533 0.1967 0.5688 0.1655 0.0155
146 0.0255 0.0737 0.8301 0.0671 0.0036
147 0.0748 0.0748 0.6367 0.1853 0.0284
148 0.0742 0.2079 0.4949 0.1969 0.0262
149 0.0942 0.0972 0.2561 0.5420 0.0107
150 0.1572 0.2759 0.4478 0.1047 0.0144
151 0.1302 0.0975 0.4172 0.3352 0.0198
152 0.0464 0.4197 0.4905 0.0375 0.0059
153 0.1394 0.2408 0.1604 0.4294 0.0299
154 0.0778 0.3247 0.2629 0.2629 0.0714
155 0.1311 0.1792 0.1193 0.4231 0.1473
156 0.1675 0.6997 0.0883 0.0315 0.0132
157 0.2101 0.4661 0.2236 0.0351 0.0651
158 0.5264 0.1863 0.2283 0.0364 0.0226
159 0.1159 0.5488 0.2695 0.0348 0.0312
160 0.1692 0.2791 0.2705 0.2482 0.0331
161 0.4724 0.1407 0.3003 0.0601 0.0266
162 0.0950 0.4897 0.2332 0.1093 0.0728
163 0.1625 0.5942 0.1538 0.0317 0.0575
164 0.1448 0.5381 0.0576 0.0806 0.1788
165 0.2637 0.1638 0.4592 0.0850 0.0282
166 0.2686 0.3450 0.0958 0.2244 0.0663
167 0.2179 0.3916 0.2338 0.1440 0.0126
168 0.1887 0.5591 0.1528 0.0805 0.0190
169 0.0914 0.5386 0.2045 0.1289 0.0367
170 0.0654 0.7603 0.1202 0.0460 0.0082
171 0.0812 0.7583 0.1257 0.0294 0.0053
172 0.1399 0.4480 0.3381 0.0417 0.0324
173 0.1616 0.4570 0.2389 0.1094 0.0331
174 0.4167 0.1765 0.3196 0.0419 0.0453
175 0.1094 0.4827 0.3586 0.0214 0.0279
176 0.3142 0.2585 0.2354 0.1183 0.0735
177 0.1644 0.4365 0.3145 0.0419 0.0426
178 0.2086 0.3157 0.4314 0.0077 0.0368
179 0.0887 0.6309 0.2064 0.0250 0.0490
180 0.3496 0.3110 0.2188 0.0259 0.0948
181 0.1372 0.3848 0.3586 0.0879 0.0316
182 0.1316 0.5898 0.1368 0.0715 0.0704
183 0.1145 0.1830 0.4600 0.2207 0.0219
184 0.1126 0.1539 0.6685 0.0395 0.0255
185 0.0811 0.1829 0.4055 0.2311 0.0994
186 0.1755 0.4846 0.2634 0.0527 0.0238
187 0.3608 0.2639 0.2766 0.0805 0.0182
188 0.4553 0.1549 0.2986 0.0476 0.0437
189 0.0420 0.0210 0.0491 0.8569 0.0307
190 0.1545 0.1113 0.3484 0.3323 0.0534
191 0.3223 0.1571 0.2888 0.1808 0.0510
192 0.2375 0.1698 0.2130 0.3538 0.0258
193 0.1500 0.0969 0.2551 0.4768 0.0211
194 0.2455 0.0809 0.4111 0.2271 0.0354
195 0.2722 0.2220 0.3550 0.0986 0.0523
196 0.3157 0.2039 0.3750 0.0830 0.0225
197 0.2859 0.1350 0.2059 0.3503 0.0229
198 0.0816 0.4111 0.3862 0.0862 0.0348
199 0.3042 0.1471 0.4785 0.0463 0.0242
200 0.1783 0.1235 0.6226 0.0631 0.0124
201 0.2607 0.0959 0.4873 0.0959 0.0600
202 0.3252 0.2473 0.2781 0.0495 0.0999
203 0.3169 0.0867 0.2247 0.3071 0.0644
204 0.1654 0.0865 0.3188 0.3967 0.0326
205 0.5962 0.0819 0.2905 0.0102 0.0214
206 0.4036 0.1156 0.4067 0.0228 0.0513
207 0.4744 0.1154 0.3135 0.0558 0.0408
208 0.0676 0.0645 0.4343 0.4275 0.0061
209 0.4084 0.0744 0.4702 0.0305 0.0165
210 0.3469 0.1515 0.4316 0.0222 0.0477
211 0.3589 0.0936 0.4829 0.0270 0.0378
212 0.2629 0.0413 0.4912 0.1671 0.0376
213 0.5049 0.1317 0.3416 0.0161 0.0059
214 0.2729 0.1617 0.2605 0.2262 0.0788
215 0.0986 0.0739 0.6899 0.1010 0.0363
216 0.3728 0.0928 0.1426 0.2314 0.1603
217 0.3240 0.1681 0.3342 0.1249 0.0486
218 0.2632 0.3462 0.2360 0.1132 0.0413
219 0.4607 0.0879 0.3909 0.0215 0.0390
220 0.2489 0.1113 0.4438 0.0802 0.1158
221 0.1787 0.0927 0.4155 0.2482 0.0648
222 0.1360 0.1349 0.3843 0.3186 0.0264
223 0.1951 0.1472 0.4329 0.1981 0.0268
224 0.1360 0.1979 0.3528 0.2971 0.0161
225 0.2040 0.0705 0.5547 0.1516 0.0193
226 0.2686 0.0751 0.4224 0.1578 0.0763
227 0.2006 0.0744 0.5894 0.1143 0.0211
228 0.1276 0.0571 0.5288 0.2275 0.0589
229 0.2561 0.1145 0.4673 0.0980 0.0642
230 0.4177 0.1688 0.2783 0.1169 0.0181
231 0.4124 0.2009 0.3638 0.0122 0.0108
232 0.2213 0.1311 0.4070 0.1792 0.0614
233 0.1398 0.1376 0.1234 0.5791 0.0201
234 0.1184 0.1520 0.0525 0.6709 0.0063
235 0.2179 0.1251 0.4648 0.1311 0.0610
236 0.6436 0.0812 0.1589 0.0618 0.0545
237 0.3762 0.0702 0.3943 0.1053 0.0538
238 0.6426 0.1025 0.2053 0.0134 0.0363
239 0.4233 0.1779 0.3323 0.0246 0.0419
240 0.4104 0.2146 0.2820 0.0397 0.0534
241 0.4092 0.1693 0.2444 0.1200 0.0571
242 0.3184 0.0710 0.1718 0.3901 0.0485
243 0.1543 0.5688 0.1212 0.1094 0.0460
244 0.1037 0.4470 0.2079 0.2000 0.0416
245 0.1089 0.3772 0.1648 0.3103 0.0385
246 0.4304 0.1621 0.3027 0.0282 0.0765
247 0.1011 0.4158 0.4568 0.0084 0.0179
248 0.0700 0.2225 0.6143 0.0637 0.0294
249 0.0627 0.1577 0.5503 0.2123 0.0168
250 0.3059 0.3013 0.3748 0.0053 0.0127
251 0.1523 0.3328 0.4692 0.0319 0.0136
252 0.4128 0.1803 0.1803 0.2141 0.0125
253 0.4670 0.1458 0.2600 0.0231 0.1042
254 0.2930 0.1147 0.2883 0.1028 0.2013
255 0.2268 0.0606 0.2778 0.0606 0.3740
256 0.2556 0.5166 0.1492 0.0667 0.0121
257 0.7041 0.1243 0.1511 0.0017 0.0188
258 0.0784 0.1196 0.7153 0.0578 0.0286
259 0.4165 0.2430 0.2864 0.0171 0.0370
260 0.2517 0.3232 0.2054 0.2023 0.0173
261 0.2988 0.1914 0.2896 0.0732 0.1469
262 0.2350 0.2581 0.4060 0.0717 0.0292
263 0.2688 0.3730 0.3167 0.0179 0.0238
264 0.2418 0.0977 0.2068 0.3926 0.0611
265 0.3599 0.1323 0.2891 0.1809 0.0379
266 0.1877 0.4573 0.2817 0.0073 0.0659
267 0.4612 0.1473 0.2690 0.0460 0.0765
268 0.2776 0.2864 0.3196 0.0157 0.1006
269 0.1855 0.4214 0.2517 0.1100 0.0312
270 0.4502 0.3733 0.1473 0.0173 0.0119
271 0.1085 0.3237 0.3501 0.1844 0.0331
272 0.3499 0.0344 0.2559 0.3235 0.0363
273 0.2961 0.1421 0.3354 0.2035 0.0228
274 0.5093 0.1118 0.1993 0.1436 0.0360
275 0.3181 0.1326 0.2808 0.2256 0.0431
276 0.2461 0.1092 0.3311 0.2703 0.0434
277 0.3528 0.1257 0.3696 0.1163 0.0355
278 0.2421 0.0811 0.3750 0.2659 0.0360
279 0.3684 0.0961 0.3201 0.1661 0.0491
280 0.1986 0.0686 0.1925 0.4839 0.0565
281 0.4119 0.1058 0.2966 0.1401 0.0455
