time exciting_prob fearful_prob tense_prob sad_prob relaxing_prob
0 0.2037 0.2830 0.2496 0.2310 0.0327
1 0.0352 0.0858 0.0818 0.0086 0.7886
2 0.0071 0.0103 0.0225 0.0018 0.9585
3 0.0750 0.1729 0.2637 0.1169 0.3716
4 0.2188 0.2384 0.4023 0.0824 0.0580
5 0.0478 0.0614 0.1543 0.0233 0.7134
6 0.0238 0.0424 0.0266 0.0283 0.8789
7 0.0134 0.0700 0.0700 0.0070 0.8394
8 0.3755 0.1482 0.2173 0.1719 0.0871
9 0.0486 0.2355 0.1863 0.0966 0.4331
10 0.1002 0.1349 0.2156 0.3965 0.1528
11 0.0570 0.0296 0.0544 0.0220 0.8369
12 0.2515 0.0897 0.2117 0.2289 0.2184
13 0.0396 0.0318 0.0595 0.0219 0.8472
14 0.0674 0.0619 0.0581 0.0292 0.7832
15 0.3069 0.0865 0.1405 0.2708 0.1951
16 0.3906 0.3137 0.1268 0.0942 0.0745
17 0.0417 0.6670 0.2305 0.0495 0.0113
18 0.3303 0.2825 0.1809 0.1584 0.0479
19 0.0704 0.0371 0.0693 0.0303 0.7930
20 0.0409 0.0209 0.0339 0.0155 0.8887
21 0.4255 0.1859 0.1238 0.1918 0.0728
22 0.4238 0.2217 0.1465 0.1080 0.0999
23 0.0692 0.3542 0.4768 0.0809 0.0186
24 0.2484 0.2686 0.1761 0.2125 0.0943
25 0.0600 0.8545 0.0467 0.0061 0.0326
26 0.0604 0.3018 0.0673 0.1948 0.3757
27 0.4429 0.1438 0.1642 0.1761 0.0729
28 0.0664 0.0409 0.0442 0.0396 0.8086
29 0.3584 0.1577 0.1360 0.3064 0.0415
30 0.2585 0.1078 0.2355 0.2507 0.1473
31 0.3948 0.1113 0.1079 0.2432 0.1429
32 0.1857 0.3931 0.2788 0.0919 0.0504
33 0.0493 0.7598 0.0529 0.0696 0.0685
34 0.2124 0.0572 0.1654 0.1554 0.4094
35 0.5244 0.2477 0.0667 0.0377 0.1236
36 0.2859 0.4497 0.0157 0.0806 0.1681
37 0.1221 0.4131 0.0088 0.0770 0.3792
38 0.0691 0.7607 0.0195 0.0376 0.1131
39 0.1407 0.6660 0.0145 0.0486 0.1301
40 0.2080 0.6562 0.0104 0.0400 0.0854
41 0.3298 0.3274 0.0138 0.1453 0.1836
42 0.2610 0.3484 0.1808 0.1608 0.0490
43 0.3115 0.2208 0.1011 0.2664 0.1003
44 0.1027 0.2749 0.0301 0.0412 0.5513
45 0.2778 0.2065 0.0778 0.2571 0.1808
46 0.2646 0.2408 0.0746 0.1936 0.2263
47 0.1696 0.5386 0.0254 0.0586 0.2078
48 0.1676 0.5801 0.0123 0.0499 0.1898
49 0.2004 0.2961 0.0247 0.4243 0.0544
50 0.0658 0.4712 0.0326 0.0339 0.3967
51 0.2361 0.4514 0.1584 0.1124 0.0417
52 0.1445 0.6279 0.0188 0.0330 0.1758
53 0.2620 0.4529 0.0338 0.2190 0.0323
54 0.0901 0.8091 0.0157 0.0475 0.0376
55 0.1686 0.4075 0.2632 0.0640 0.0968
56 0.2866 0.3855 0.0295 0.2017 0.0967
57 0.4978 0.2971 0.0237 0.0950 0.0865
58 0.4187 0.3638 0.0716 0.0668 0.0793
59 0.2467 0.2666 0.0654 0.4004 0.0209
60 0.2399 0.5713 0.0317 0.0641 0.0932
61 0.2057 0.2620 0.1277 0.3088 0.0956
62 0.3728 0.3115 0.0965 0.1173 0.1019
63 0.1172 0.2224 0.2224 0.2190 0.2190
64 0.2284 0.5649 0.0644 0.0342 0.1078
65 0.0863 0.2421 0.0280 0.0631 0.5806
66 0.0523 0.5078 0.3130 0.1000 0.0267
67 0.3584 0.3906 0.0599 0.0442 0.1471
68 0.0674 0.1362 0.2355 0.4756 0.0853
69 0.0573 0.0725 0.0107 0.0426 0.8169
70 0.1515 0.1960 0.0257 0.1180 0.5088
71 0.2318 0.4365 0.1184 0.1203 0.0930
72 0.3059 0.3689 0.0434 0.0732 0.2086
73 0.0602 0.0434 0.0094 0.1000 0.7871
74 0.0661 0.0523 0.0515 0.3923 0.4377
75 0.0625 0.0468 0.0144 0.0790 0.7974
76 0.2188 0.0444 0.0097 0.2988 0.4282
77 0.0901 0.0639 0.0426 0.3455 0.4578
78 0.0365 0.0214 0.0097 0.0280 0.9043
79 0.2776 0.2178 0.0654 0.2111 0.2283
80 0.2384 0.1600 0.0212 0.2441 0.3362
81 0.1987 0.2673 0.0273 0.1941 0.3125
82 0.3167 0.2448 0.0718 0.1183 0.2485
83 0.2065 0.1583 0.0091 0.0423 0.5835
84 0.0562 0.1041 0.0305 0.0462 0.7632
85 0.0515 0.0469 0.0173 0.0721 0.8120
86 0.0260 0.0303 0.0115 0.0246 0.9077
87 0.1211 0.1340 0.0074 0.0723 0.6650
88 0.0822 0.1072 0.0147 0.4807 0.3152
89 0.0923 0.0569 0.0065 0.0654 0.7788
90 0.0850 0.1218 0.0508 0.6587 0.0837
91 0.0584 0.1144 0.0323 0.7344 0.0603
92 0.0544 0.1081 0.0305 0.7622 0.0450
93 0.0335 0.1443 0.0110 0.7441 0.0671
94 0.1891 0.2029 0.0846 0.5059 0.0175
95 0.1909 0.1140 0.2651 0.2267 0.2032
96 0.2915 0.1263 0.0174 0.5195 0.0450
97 0.2325 0.2184 0.1216 0.3228 0.1048
98 0.2018 0.3799 0.1283 0.2532 0.0370
99 0.2681 0.2788 0.0870 0.3135 0.0528
100 0.4629 0.1025 0.0398 0.2722 0.1227
101 0.1350 0.1019 0.0196 0.7300 0.0133
102 0.2002 0.0975 0.0073 0.6719 0.0232
103 0.0509 0.0482 0.0069 0.0058 0.8882
104 0.0657 0.0182 0.0032 0.0544 0.8584
105 0.2003 0.0842 0.0862 0.6074 0.0220
106 0.0814 0.1749 0.1417 0.4983 0.1036
107 0.0759 0.2913 0.2778 0.3403 0.0146
108 0.3662 0.4216 0.0330 0.0941 0.0850
109 0.2039 0.4417 0.1143 0.1664 0.0738
110 0.1958 0.2167 0.0162 0.1160 0.4553
111 0.0812 0.5723 0.2581 0.0333 0.0549
112 0.2717 0.3357 0.0255 0.3057 0.0616
113 0.3010 0.1514 0.0786 0.3867 0.0823
114 0.2136 0.4021 0.0905 0.2498 0.0441
115 0.0989 0.0873 0.0113 0.7969 0.0057
116 0.2155 0.5127 0.1058 0.0459 0.1199
117 0.0568 0.1130 0.0967 0.7144 0.0193
118 0.4688 0.3196 0.0113 0.0564 0.1440
119 0.2825 0.2869 0.2183 0.0999 0.1124
120 0.0953 0.1809 0.0286 0.0635 0.6313
121 0.3044 0.2837 0.1694 0.1483 0.0943
122 0.0442 0.2062 0.2646 0.4792 0.0057
123 0.2330 0.3235 0.0745 0.2404 0.1287
124 0.5464 0.2747 0.0493 0.0706 0.0594
125 0.1405 0.2710 0.1520 0.3589 0.0776
126 0.0402 0.1359 0.1092 0.6899 0.0247
127 0.0617 0.0704 0.0667 0.7002 0.1009
128 0.4805 0.1868 0.0249 0.2288 0.0790
129 0.1921 0.4539 0.0795 0.2111 0.0634
130 0.2139 0.0717 0.0278 0.6484 0.0381
131 0.1395 0.5874 0.0309 0.1271 0.1148
132 0.1512 0.2200 0.0225 0.0660 0.5400
133 0.1144 0.1092 0.0128 0.1153 0.6484
134 0.1182 0.1934 0.0294 0.5596 0.0995
135 0.0969 0.0743 0.0544 0.7617 0.0126
136 0.1967 0.4297 0.1202 0.2045 0.0490
137 0.3035 0.4148 0.0856 0.1235 0.0726
138 0.0849 0.6626 0.0261 0.0602 0.1663
139 0.1021 0.6553 0.0331 0.0373 0.1722
140 0.2678 0.1743 0.0897 0.4148 0.0532
141 0.1914 0.0626 0.0130 0.3464 0.3865
142 0.2900 0.3638 0.0781 0.1918 0.0763
143 0.1367 0.3835 0.1143 0.2220 0.1433
144 0.2301 0.4102 0.0228 0.2301 0.1070
145 0.1077 0.1270 0.0134 0.0922 0.6597
146 0.2448 0.0859 0.0770 0.5513 0.0409
147 0.2922 0.1978 0.0818 0.3931 0.0352
148 0.3562 0.3093 0.1997 0.1069 0.0279
149 0.4321 0.1145 0.1042 0.3113 0.0381
150 0.2776 0.4038 0.1533 0.1407 0.0244
151 0.2705 0.3999 0.2278 0.0643 0.0375
152 0.2498 0.1689 0.1771 0.3928 0.0112
153 0.2092 0.1020 0.0833 0.5688 0.0367
154 0.1931 0.3311 0.1180 0.3337 0.0240
155 0.3967 0.4861 0.0248 0.0252 0.0673
156 0.2452 0.2065 0.0494 0.4441 0.0547
157 0.2683 0.3088 0.0141 0.3088 0.1002
158 0.2087 0.5454 0.0251 0.1588 0.0617
159 0.1107 0.0947 0.0150 0.1525 0.6270
160 0.2595 0.3386 0.0883 0.2363 0.0773
161 0.1064 0.0646 0.1188 0.6943 0.0159
162 0.0550 0.1061 0.0242 0.7134 0.1012
163 0.1107 0.4114 0.0889 0.1107 0.2783
164 0.1148 0.4199 0.0367 0.1013 0.3271
165 0.2798 0.4136 0.0873 0.0742 0.1451
166 0.1914 0.3308 0.0955 0.2920 0.0904
167 0.1968 0.1290 0.2095 0.3733 0.0915
168 0.1332 0.2063 0.0104 0.0439 0.6064
169 0.2454 0.1926 0.1215 0.3008 0.1398
170 0.2037 0.1456 0.0540 0.5713 0.0253
171 0.0508 0.0831 0.1296 0.7231 0.0132
172 0.3115 0.1694 0.0813 0.4001 0.0375
173 0.3193 0.1037 0.0337 0.5024 0.0406
174 0.1919 0.3369 0.0161 0.2749 0.1803
175 0.1971 0.4373 0.0475 0.2378 0.0803
176 0.1904 0.5688 0.0872 0.0572 0.0965
177 0.4961 0.2134 0.0767 0.1884 0.0255
178 0.3013 0.2384 0.0727 0.2537 0.1338
179 0.1075 0.7583 0.0102 0.0489 0.0751
180 0.2000 0.0741 0.0304 0.6660 0.0297
181 0.3264 0.1904 0.0164 0.4324 0.0344
182 0.2764 0.1575 0.1930 0.3440 0.0291
183 0.3149 0.1647 0.0737 0.3682 0.0784
184 0.0632 0.0508 0.2240 0.6479 0.0140
185 0.1388 0.4517 0.2456 0.1367 0.0271
186 0.1238 0.5088 0.1565 0.0927 0.1181
187 0.2194 0.4431 0.1819 0.0833 0.0723
188 0.1104 0.2111 0.0224 0.0358 0.6201
189 0.1810 0.2052 0.0197 0.0535 0.5405
190 0.2766 0.2766 0.2808 0.1025 0.0637
191 0.1810 0.2437 0.1178 0.3657 0.0917
192 0.2469 0.2957 0.0834 0.3049 0.0691
193 0.3569 0.2198 0.1123 0.2164 0.0945
194 0.1740 0.3918 0.2673 0.0861 0.0809
195 0.2705 0.3845 0.1707 0.1278 0.0463
196 0.3059 0.3059 0.1515 0.1716 0.0651
197 0.2849 0.3833 0.1702 0.0583 0.1032
198 0.2795 0.1520 0.0951 0.3318 0.1416
199 0.2644 0.3845 0.1027 0.1720 0.0764
200 0.1476 0.1365 0.0123 0.0370 0.6665
201 0.1530 0.3137 0.0717 0.0396 0.4221
202 0.2037 0.2830 0.2496 0.2310 0.0327
