time exciting_prob fearful_prob tense_prob sad_prob relaxing_prob
0 0.0386 0.3335 0.1246 0.4929 0.0103
1 0.0508 0.3040 0.2812 0.3289 0.0352
2 0.0677 0.4377 0.3574 0.0810 0.0561
3 0.0492 0.4854 0.3496 0.0557 0.0603
4 0.0477 0.6045 0.2725 0.0562 0.0194
5 0.0988 0.6392 0.0892 0.0210 0.1519
6 0.0822 0.5981 0.2324 0.0527 0.0345
7 0.1409 0.3005 0.5034 0.0543 0.0010
8 0.1366 0.2759 0.4658 0.1205 0.0010
9 0.1040 0.4080 0.4343 0.0523 0.0013
10 0.0030 0.7871 0.0437 0.1650 0.0011
11 0.0072 0.8428 0.0510 0.0975 0.0015
12 0.1263 0.0855 0.6519 0.1324 0.0040
13 0.1194 0.3347 0.5103 0.0256 0.0099
14 0.0024 0.8955 0.0396 0.0619 0.0005
15 0.0274 0.8188 0.0986 0.0484 0.0070
16 0.0129 0.9380 0.0375 0.0110 0.0006
17 0.0307 0.6826 0.1896 0.0902 0.0070
18 0.0429 0.7031 0.2212 0.0304 0.0026
19 0.0565 0.6934 0.2378 0.0099 0.0024
20 0.2208 0.4822 0.2542 0.0363 0.0065
21 0.2333 0.3787 0.3340 0.0474 0.0067
22 0.1843 0.5249 0.2404 0.0445 0.0060
23 0.0120 0.8252 0.1368 0.0257 0.0004
24 0.0270 0.7817 0.1718 0.0184 0.0011
25 0.0097 0.8613 0.1112 0.0176 0.0004
26 0.0145 0.7871 0.1813 0.0165 0.0005
27 0.1072 0.3684 0.1432 0.0660 0.3152
28 0.1276 0.3132 0.0970 0.0099 0.4521
29 0.0428 0.5420 0.2856 0.1068 0.0226
30 0.0826 0.2318 0.3647 0.2751 0.0457
31 0.0294 0.8999 0.0580 0.0111 0.0018
32 0.1472 0.2666 0.1721 0.0826 0.3318
33 0.0894 0.2179 0.1779 0.0314 0.4834
34 0.4082 0.1586 0.0454 0.0218 0.3660
35 0.4385 0.1758 0.0405 0.0194 0.3259
36 0.6719 0.1559 0.0483 0.0104 0.1132
37 0.5337 0.2041 0.0663 0.0187 0.1774
38 0.5190 0.3325 0.0874 0.0115 0.0494
39 0.0113 0.7236 0.2041 0.0599 0.0009
40 0.0060 0.6260 0.0692 0.2959 0.0029
41 0.0084 0.5679 0.1459 0.2747 0.0032
42 0.0105 0.7861 0.1273 0.0754 0.0006
43 0.2727 0.3042 0.3237 0.0399 0.0594
44 0.1301 0.2820 0.4575 0.0367 0.0937
45 0.1129 0.7246 0.1320 0.0033 0.0274
46 0.0319 0.5435 0.3735 0.0106 0.0406
47 0.0645 0.4690 0.3887 0.0277 0.0502
48 0.0298 0.5884 0.0834 0.0073 0.2913
49 0.0159 0.3682 0.0506 0.0295 0.5356
50 0.0429 0.6313 0.0556 0.2529 0.0173
51 0.0189 0.7925 0.0992 0.0889 0.0007
52 0.0216 0.7993 0.0715 0.0970 0.0107
53 0.0998 0.6870 0.1140 0.0367 0.0624
54 0.0331 0.4600 0.4253 0.0411 0.0405
55 0.0182 0.6938 0.2019 0.0531 0.0332
56 0.0132 0.7476 0.1642 0.0428 0.0323
57 0.0997 0.2467 0.2754 0.1428 0.2355
58 0.0361 0.7769 0.1329 0.0533 0.0007
59 0.0088 0.9102 0.0547 0.0193 0.0071
60 0.0135 0.8276 0.1329 0.0138 0.0123
61 0.0455 0.5459 0.2073 0.0346 0.1665
62 0.0973 0.4866 0.0820 0.0050 0.3291
63 0.1603 0.6489 0.1448 0.0039 0.0421
64 0.3013 0.3159 0.1960 0.0477 0.1390
65 0.1769 0.5322 0.2494 0.0056 0.0359
66 0.0189 0.8911 0.0816 0.0036 0.0045
67 0.0287 0.8521 0.1025 0.0041 0.0126
68 0.1447 0.5049 0.3184 0.0114 0.0205
69 0.0559 0.5957 0.3291 0.0166 0.0025
70 0.0062 0.8120 0.1456 0.0359 0.0002
71 0.0790 0.5791 0.2377 0.0058 0.0983
72 0.0374 0.7285 0.1786 0.0244 0.0310
73 0.0233 0.8140 0.1554 0.0055 0.0019
74 0.0280 0.5527 0.3982 0.0148 0.0062
75 0.0068 0.7402 0.2122 0.0396 0.0011
76 0.0225 0.1356 0.2307 0.3057 0.3057
77 0.0336 0.0393 0.0554 0.0323 0.8394
78 0.0217 0.0242 0.0455 0.0234 0.8853
79 0.2249 0.3511 0.3977 0.0067 0.0195
80 0.2146 0.3376 0.4072 0.0214 0.0189
81 0.0361 0.3877 0.5640 0.0099 0.0024
82 0.0807 0.5874 0.3096 0.0075 0.0151
83 0.0629 0.7090 0.2096 0.0028 0.0155
84 0.0215 0.6572 0.3032 0.0120 0.0061
85 0.0576 0.3364 0.4819 0.0504 0.0739
86 0.0563 0.4260 0.4194 0.0425 0.0559
87 0.0870 0.2024 0.3286 0.0781 0.3040
88 0.0125 0.0651 0.0218 0.0896 0.8110
89 0.0482 0.7256 0.1750 0.0060 0.0450
90 0.0336 0.7134 0.2280 0.0044 0.0204
91 0.0419 0.6260 0.2957 0.0055 0.0312
92 0.1787 0.2443 0.4287 0.0283 0.1200
93 0.1215 0.1313 0.4514 0.0426 0.2532
94 0.1321 0.1428 0.5825 0.0573 0.0853
95 0.0688 0.2788 0.3159 0.0104 0.3259
96 0.0721 0.3311 0.4561 0.0082 0.1327
97 0.0649 0.2079 0.5879 0.0073 0.1322
98 0.0417 0.5410 0.1991 0.0158 0.2023
99 0.0227 0.4883 0.0797 0.0289 0.3804
100 0.1930 0.3132 0.2439 0.0657 0.1842
101 0.2272 0.3518 0.3518 0.0128 0.0561
102 0.1600 0.4314 0.3335 0.0099 0.0651
103 0.0558 0.3584 0.5635 0.0043 0.0180
104 0.0337 0.6719 0.2844 0.0036 0.0063
105 0.0257 0.3870 0.0622 0.0122 0.5127
106 0.3887 0.2712 0.0640 0.1022 0.1738
107 0.3174 0.4106 0.0457 0.1105 0.1158
108 0.3911 0.3398 0.0707 0.0623 0.1362
109 0.0215 0.7700 0.1947 0.0119 0.0021
110 0.0759 0.6553 0.2411 0.0250 0.0027
111 0.1582 0.5522 0.1938 0.0587 0.0373
112 0.2466 0.3940 0.2211 0.0432 0.0951
113 0.0302 0.8047 0.1560 0.0069 0.0022
114 0.4451 0.1001 0.1423 0.2421 0.0704
115 0.0501 0.4465 0.4680 0.0183 0.0170
116 0.0293 0.4009 0.5229 0.0429 0.0043
117 0.1084 0.2482 0.5420 0.0299 0.0717
118 0.1106 0.2396 0.5659 0.0261 0.0578
119 0.1104 0.2527 0.5186 0.0370 0.0814
120 0.2050 0.1609 0.4272 0.0487 0.1583
121 0.1552 0.2681 0.2559 0.2681 0.0528
122 0.0154 0.5688 0.3293 0.0833 0.0029
123 0.0927 0.6797 0.1918 0.0024 0.0333
124 0.3337 0.1744 0.3086 0.1002 0.0831
125 0.0621 0.5195 0.1196 0.0117 0.2869
126 0.1043 0.5132 0.1979 0.0463 0.1382
127 0.7227 0.1423 0.0884 0.0052 0.0414
128 0.6646 0.1210 0.1448 0.0064 0.0633
129 0.0550 0.4602 0.2834 0.1802 0.0210
130 0.4790 0.2815 0.1997 0.0061 0.0336
131 0.5898 0.1901 0.1901 0.0184 0.0118
132 0.0270 0.5474 0.4131 0.0038 0.0086
133 0.0590 0.6704 0.2142 0.0030 0.0533
134 0.1050 0.2041 0.5054 0.1802 0.0056
135 0.1488 0.0650 0.3892 0.2435 0.1536
136 0.0939 0.0743 0.4922 0.3032 0.0365
137 0.2710 0.1556 0.2487 0.1036 0.2212
138 0.2294 0.3638 0.3015 0.0392 0.0662
139 0.0303 0.6431 0.1652 0.0136 0.1481
140 0.0461 0.3330 0.0829 0.0055 0.5322
141 0.0820 0.2839 0.5962 0.0256 0.0125
142 0.1648 0.2634 0.5078 0.0450 0.0192
143 0.2334 0.4500 0.2297 0.0648 0.0220
144 0.2668 0.4541 0.2047 0.0293 0.0450
145 0.1144 0.7231 0.1092 0.0017 0.0516
146 0.1332 0.6162 0.0998 0.0035 0.1475
147 0.0749 0.7158 0.1432 0.0025 0.0635
148 0.1780 0.2017 0.1131 0.0423 0.4651
149 0.0914 0.5098 0.3560 0.0127 0.0302
150 0.1426 0.2837 0.4824 0.0358 0.0554
151 0.2583 0.2334 0.2334 0.1289 0.1460
152 0.3013 0.2942 0.2617 0.0278 0.1152
153 0.2568 0.2842 0.3220 0.0321 0.1046
154 0.1438 0.3972 0.2952 0.0309 0.1331
155 0.2382 0.3777 0.2439 0.0476 0.0926
156 0.1079 0.4404 0.2471 0.1063 0.0983
157 0.0659 0.5820 0.1405 0.0039 0.2076
158 0.1214 0.3379 0.3005 0.2164 0.0239
159 0.1273 0.2915 0.3228 0.2252 0.0332
160 0.1414 0.2139 0.4492 0.1665 0.0292
161 0.1965 0.2059 0.5342 0.0576 0.0056
162 0.0611 0.5571 0.3125 0.0031 0.0660
163 0.0220 0.6440 0.1248 0.0066 0.2026
164 0.0203 0.5195 0.3801 0.0186 0.0611
165 0.0733 0.3442 0.3442 0.1227 0.1154
166 0.1024 0.1742 0.7056 0.0119 0.0060
167 0.0580 0.4387 0.4526 0.0344 0.0165
168 0.0867 0.3538 0.5068 0.0397 0.0133
169 0.0236 0.7070 0.2295 0.0044 0.0355
170 0.0257 0.4272 0.5073 0.0286 0.0113
171 0.0295 0.3323 0.4202 0.0134 0.2047
172 0.0218 0.6226 0.1456 0.0048 0.2053
173 0.0405 0.6440 0.2644 0.0059 0.0452
174 0.0167 0.9136 0.0575 0.0028 0.0092
175 0.0457 0.4399 0.3591 0.0081 0.1473
176 0.0376 0.4302 0.4651 0.0118 0.0555
177 0.0288 0.2061 0.4229 0.0378 0.3044
178 0.0341 0.2815 0.3503 0.0695 0.2644
179 0.0472 0.5703 0.1243 0.0051 0.2532
180 0.0290 0.5967 0.1462 0.0050 0.2230
181 0.0253 0.6426 0.2220 0.0055 0.1049
182 0.0454 0.7808 0.1444 0.0271 0.0024
183 0.1063 0.7671 0.0953 0.0251 0.0062
184 0.0838 0.8140 0.0885 0.0074 0.0065
185 0.0928 0.7651 0.1155 0.0201 0.0064
186 0.0811 0.7876 0.0948 0.0303 0.0060
187 0.0175 0.7041 0.2590 0.0189 0.0003
188 0.0271 0.6475 0.3059 0.0191 0.0005
189 0.0214 0.6396 0.3267 0.0119 0.0004
190 0.0271 0.5757 0.3660 0.0310 0.0004
191 0.0565 0.4480 0.4695 0.0249 0.0009
192 0.0266 0.6304 0.3374 0.0046 0.0009
193 0.0202 0.6948 0.2808 0.0038 0.0005
194 0.0229 0.6343 0.3396 0.0027 0.0004
195 0.0206 0.6782 0.2964 0.0038 0.0009
196 0.0091 0.5913 0.1111 0.2881 0.0002
197 0.0760 0.7217 0.1489 0.0519 0.0014
198 0.0526 0.8628 0.0539 0.0293 0.0013
199 0.0398 0.7451 0.0523 0.1587 0.0039
200 0.0410 0.8354 0.1062 0.0098 0.0077
201 0.0089 0.9155 0.0463 0.0290 0.0002
202 0.0095 0.7617 0.1809 0.0476 0.0002
203 0.0237 0.7495 0.2113 0.0153 0.0003
204 0.0606 0.1754 0.6123 0.1345 0.0170
205 0.0418 0.4465 0.4827 0.0076 0.0214
206 0.1390 0.4150 0.4351 0.0075 0.0032
207 0.1080 0.4478 0.4207 0.0208 0.0029
208 0.3337 0.3442 0.3135 0.0066 0.0020
209 0.0970 0.5586 0.3284 0.0132 0.0029
210 0.0319 0.8105 0.1547 0.0024 0.0005
211 0.0236 0.2440 0.1100 0.0088 0.6138
212 0.0193 0.4197 0.5063 0.0450 0.0096
213 0.0178 0.6372 0.2917 0.0119 0.0414
214 0.0583 0.5981 0.1714 0.0062 0.1660
215 0.0665 0.5439 0.3196 0.0086 0.0615
216 0.0327 0.6938 0.2717 0.0015 0.0003
217 0.1115 0.2759 0.5840 0.0241 0.0047
218 0.0289 0.1200 0.0258 0.0844 0.7407
219 0.0114 0.8066 0.1638 0.0095 0.0086
220 0.0112 0.8672 0.0590 0.0595 0.0032
221 0.1219 0.6694 0.0684 0.0155 0.1248
222 0.1187 0.6675 0.0842 0.0175 0.1124
223 0.0668 0.7021 0.1259 0.0119 0.0935
224 0.0547 0.7095 0.1909 0.0015 0.0433
225 0.0591 0.5273 0.3799 0.0041 0.0297
226 0.0751 0.5908 0.2925 0.0037 0.0378
227 0.0400 0.7095 0.2098 0.0093 0.0312
228 0.0555 0.2449 0.6450 0.0457 0.0088
229 0.0562 0.3662 0.4854 0.0536 0.0386
230 0.1638 0.1083 0.3870 0.3208 0.0200
231 0.0653 0.6294 0.2793 0.0026 0.0235
232 0.0455 0.7520 0.1731 0.0010 0.0283
233 0.0404 0.6470 0.2035 0.0021 0.1072
234 0.0163 0.6943 0.2637 0.0015 0.0241
235 0.2035 0.2612 0.3079 0.2150 0.0125
236 0.0867 0.6016 0.2231 0.0821 0.0065
237 0.1102 0.6147 0.2125 0.0015 0.0609
238 0.2096 0.2820 0.4265 0.0582 0.0237
239 0.2131 0.3149 0.3921 0.0574 0.0223
240 0.0439 0.6309 0.2588 0.0091 0.0573
241 0.0844 0.5088 0.3186 0.0101 0.0781
242 0.2306 0.3516 0.3228 0.0626 0.0324
243 0.2393 0.3374 0.3823 0.0391 0.0022
244 0.2474 0.2343 0.4016 0.1141 0.0026
245 0.2350 0.4565 0.2424 0.0481 0.0181
246 0.4641 0.2297 0.1875 0.0740 0.0446
247 0.0319 0.5063 0.4470 0.0143 0.0002
248 0.0150 0.7261 0.2357 0.0230 0.0002
249 0.0840 0.5781 0.2954 0.0014 0.0409
250 0.0876 0.6475 0.1715 0.0016 0.0918
251 0.0228 0.6357 0.2734 0.0676 0.0002
252 0.1237 0.5049 0.1718 0.1915 0.0082
253 0.1188 0.5161 0.3491 0.0034 0.0125
254 0.0557 0.2595 0.6528 0.0057 0.0263
255 0.0238 0.2244 0.7471 0.0016 0.0031
256 0.0490 0.6201 0.2883 0.0140 0.0283
257 0.0500 0.4492 0.4858 0.0114 0.0034
258 0.0877 0.7119 0.1306 0.0104 0.0594
259 0.2593 0.4375 0.2493 0.0030 0.0510
260 0.0579 0.4812 0.3806 0.0105 0.0698
261 0.2194 0.3142 0.1495 0.0074 0.3093
262 0.2688 0.3425 0.1921 0.0058 0.1907
263 0.3066 0.4641 0.1919 0.0070 0.0304
264 0.2135 0.4556 0.2720 0.0165 0.0424
265 0.1946 0.5327 0.2039 0.0301 0.0386
266 0.2598 0.3440 0.1771 0.0106 0.2086
267 0.2576 0.5000 0.1255 0.0017 0.1152
268 0.5352 0.3623 0.0660 0.0134 0.0230
269 0.4788 0.3115 0.1616 0.0358 0.0121
270 0.4663 0.3130 0.1929 0.0152 0.0124
271 0.4795 0.3508 0.1166 0.0092 0.0439
272 0.4609 0.4397 0.0707 0.0157 0.0130
273 0.4480 0.4961 0.0307 0.0145 0.0107
274 0.4143 0.5039 0.0450 0.0289 0.0081
275 0.1074 0.6377 0.1611 0.0035 0.0904
276 0.0412 0.6816 0.1619 0.0042 0.1113
277 0.0756 0.5454 0.2617 0.0044 0.1126
278 0.1290 0.4646 0.3047 0.0042 0.0974
279 0.1045 0.2627 0.5308 0.0853 0.0167
280 0.0353 0.5483 0.3828 0.0232 0.0105
281 0.1049 0.4927 0.3386 0.0540 0.0098
282 0.0402 0.5415 0.2852 0.1152 0.0180
283 0.0337 0.8965 0.0538 0.0129 0.0030
284 0.0579 0.8374 0.0761 0.0092 0.0192
285 0.0937 0.6816 0.1558 0.0211 0.0479
286 0.0511 0.8374 0.0743 0.0291 0.0080
287 0.3032 0.4380 0.2052 0.0182 0.0354
288 0.1958 0.7051 0.0767 0.0098 0.0125
289 0.2249 0.4912 0.2375 0.0422 0.0042
290 0.1156 0.8086 0.0546 0.0195 0.0015
291 0.0966 0.8281 0.0403 0.0329 0.0018
292 0.4194 0.3730 0.1735 0.0136 0.0206
293 0.2998 0.3479 0.2976 0.0108 0.0439
294 0.1656 0.5474 0.2467 0.0179 0.0224
295 0.1515 0.5898 0.2383 0.0123 0.0083
296 0.0751 0.5591 0.3472 0.0137 0.0051
297 0.1763 0.4680 0.3477 0.0040 0.0041
298 0.1550 0.7871 0.0310 0.0142 0.0126
299 0.0517 0.8481 0.0713 0.0241 0.0049
300 0.0415 0.7070 0.1874 0.0390 0.0250
301 0.1506 0.7188 0.1111 0.0031 0.0163
302 0.0325 0.8774 0.0823 0.0034 0.0042
303 0.0291 0.8989 0.0651 0.0036 0.0033
304 0.1202 0.6763 0.1848 0.0046 0.0143
305 0.0500 0.8599 0.0825 0.0032 0.0047
306 0.0686 0.8164 0.1046 0.0028 0.0077
307 0.0385 0.8706 0.0855 0.0029 0.0026
308 0.0497 0.8818 0.0614 0.0035 0.0033
309 0.0448 0.8066 0.1276 0.0152 0.0060
310 0.2037 0.2830 0.2496 0.2310 0.0327
311 0.2037 0.2830 0.2496 0.2310 0.0327
312 0.3679 0.4580 0.0397 0.0138 0.1204
313 0.3901 0.4285 0.0418 0.0278 0.1118
314 0.3899 0.4282 0.0417 0.0278 0.1125
315 0.3923 0.4309 0.0427 0.0269 0.1072
316 0.3958 0.4280 0.0427 0.0269 0.1065
317 0.3958 0.4280 0.0427 0.0269 0.1065
318 0.3958 0.4280 0.0427 0.0269 0.1065
319 0.3958 0.4280 0.0427 0.0269 0.1065
320 0.3960 0.4282 0.0427 0.0274 0.1058
321 0.4270 0.4270 0.0334 0.0112 0.1014
