time exciting_prob fearful_prob tense_prob sad_prob relaxing_prob
0 0.2388 0.2107 0.1471 0.1329 0.2705
1 0.1394 0.3069 0.2012 0.2605 0.0921
2 0.0562 0.0947 0.2700 0.5537 0.0253
3 0.0539 0.1926 0.3381 0.3801 0.0351
4 0.1378 0.2678 0.3896 0.1798 0.0247
5 0.4944 0.2335 0.0690 0.1212 0.0820
6 0.3120 0.3762 0.0595 0.1373 0.1147
7 0.2732 0.2030 0.0609 0.2566 0.2062
8 0.1014 0.3538 0.3098 0.2129 0.0223
9 0.2566 0.1908 0.1332 0.3975 0.0219
10 0.0682 0.2988 0.2874 0.3386 0.0068
11 0.1949 0.2351 0.1761 0.3613 0.0326
12 0.2433 0.2147 0.2250 0.2935 0.0237
13 0.2140 0.5957 0.0497 0.0349 0.1060
14 0.2393 0.1820 0.3049 0.2338 0.0400
15 0.1168 0.2164 0.2081 0.4304 0.0282
16 0.1956 0.5659 0.0841 0.0379 0.1168
17 0.1069 0.3674 0.3047 0.1722 0.0486
18 0.0757 0.1035 0.0299 0.0141 0.7769
19 0.1122 0.3855 0.2063 0.1710 0.1251
20 0.0964 0.3699 0.3557 0.1517 0.0264
21 0.1312 0.6714 0.0547 0.0901 0.0526
22 0.1682 0.5225 0.0887 0.1112 0.1095
23 0.1379 0.2700 0.4739 0.0500 0.0683
24 0.1331 0.7026 0.0378 0.0406 0.0859
25 0.0967 0.7314 0.0304 0.0578 0.0834
26 0.0706 0.4158 0.3999 0.0920 0.0217
27 0.1604 0.3069 0.1920 0.3191 0.0217
28 0.2737 0.4338 0.0888 0.0454 0.1583
29 0.1498 0.2112 0.2430 0.3765 0.0196
30 0.1033 0.3284 0.2966 0.2039 0.0677
31 0.1198 0.4851 0.1915 0.1885 0.0150
32 0.1537 0.4146 0.1388 0.1133 0.1797
33 0.2031 0.2231 0.2249 0.2588 0.0901
34 0.0699 0.3416 0.2966 0.2700 0.0218
35 0.1611 0.3333 0.3547 0.0743 0.0767
36 0.1647 0.3052 0.1970 0.2756 0.0573
37 0.2080 0.6069 0.0596 0.0564 0.0692
38 0.1863 0.3706 0.0944 0.0880 0.2607
39 0.2996 0.1859 0.1155 0.3042 0.0950
40 0.1392 0.4124 0.4189 0.0159 0.0138
41 0.4553 0.2595 0.1226 0.0636 0.0992
42 0.1200 0.4707 0.2791 0.0934 0.0369
43 0.4717 0.2408 0.0590 0.1405 0.0880
44 0.2041 0.4253 0.2106 0.1093 0.0508
45 0.4270 0.2396 0.0854 0.0671 0.1808
46 0.2625 0.1299 0.1708 0.1846 0.2524
47 0.3181 0.1930 0.2273 0.1066 0.1550
48 0.4341 0.3228 0.1443 0.0348 0.0640
49 0.2390 0.3701 0.2428 0.0758 0.0723
50 0.1281 0.3096 0.3071 0.1683 0.0867
51 0.3674 0.2729 0.1580 0.0643 0.1373
52 0.3726 0.3640 0.1019 0.0695 0.0920
53 0.1499 0.1609 0.1293 0.4338 0.1262
54 0.2554 0.5493 0.0897 0.0213 0.0842
55 0.1169 0.3032 0.1913 0.2717 0.1169
56 0.3594 0.0840 0.1157 0.1521 0.2888
57 0.3328 0.2083 0.2759 0.0743 0.1089
58 0.3416 0.3259 0.1154 0.0971 0.1199
59 0.3696 0.3904 0.1136 0.0212 0.1051
60 0.6528 0.1930 0.0536 0.0580 0.0427
61 0.3789 0.1061 0.1790 0.1965 0.1394
62 0.2974 0.3093 0.0633 0.2012 0.1289
63 0.3943 0.3347 0.1222 0.0729 0.0759
64 0.3237 0.1693 0.1963 0.1693 0.1415
65 0.2002 0.2651 0.3101 0.0771 0.1476
66 0.2253 0.3833 0.2272 0.0296 0.1345
67 0.3484 0.3274 0.1545 0.0635 0.1063
68 0.4009 0.3025 0.1062 0.1140 0.0765
69 0.3032 0.0932 0.4480 0.0499 0.1056
70 0.3408 0.2341 0.0889 0.1523 0.1838
71 0.2291 0.3521 0.3157 0.0626 0.0404
72 0.1729 0.0911 0.2135 0.3574 0.1649
73 0.1841 0.4556 0.2419 0.0849 0.0335
74 0.1367 0.0779 0.1478 0.5757 0.0616
75 0.2559 0.5542 0.0927 0.0768 0.0204
76 0.1735 0.4395 0.2043 0.1174 0.0653
77 0.1224 0.1837 0.4841 0.1781 0.0317
78 0.1218 0.5327 0.1664 0.0377 0.1412
79 0.2028 0.1935 0.2859 0.1019 0.2158
80 0.3008 0.4958 0.0656 0.0954 0.0423
81 0.1054 0.6064 0.1079 0.1522 0.0279
82 0.2871 0.3716 0.0947 0.1525 0.0940
83 0.2637 0.6230 0.0315 0.0492 0.0327
84 0.2629 0.5566 0.0861 0.0681 0.0260
85 0.2252 0.3599 0.1727 0.1056 0.1366
86 0.1984 0.1428 0.0326 0.0654 0.5605
87 0.1709 0.4644 0.0509 0.2078 0.1061
88 0.4810 0.1755 0.0792 0.1943 0.0698
89 0.2646 0.4468 0.0974 0.1251 0.0659
90 0.1871 0.5288 0.0637 0.1390 0.0811
91 0.1906 0.4360 0.0513 0.2708 0.0513
92 0.4216 0.3899 0.0444 0.0374 0.1066
93 0.2415 0.4878 0.0514 0.1740 0.0454
94 0.2610 0.4336 0.1038 0.0815 0.1204
95 0.5659 0.1941 0.0430 0.1647 0.0322
96 0.2734 0.4202 0.0753 0.1954 0.0356
97 0.2133 0.3772 0.0903 0.1927 0.1263
98 0.1262 0.4011 0.1131 0.2844 0.0753
99 0.2335 0.3940 0.0605 0.1936 0.1183
100 0.3777 0.4519 0.0454 0.0552 0.0698
101 0.1716 0.0798 0.2876 0.3691 0.0919
102 0.1544 0.1451 0.5781 0.0944 0.0277
103 0.0988 0.3757 0.4395 0.0256 0.0604
104 0.2134 0.2986 0.2676 0.1675 0.0531
105 0.3394 0.5176 0.0638 0.0613 0.0179
106 0.2151 0.4700 0.2615 0.0261 0.0273
107 0.1475 0.1185 0.3196 0.0260 0.3884
108 0.1116 0.6948 0.1490 0.0341 0.0106
109 0.1043 0.6001 0.2278 0.0463 0.0214
110 0.1689 0.3108 0.4214 0.0166 0.0823
111 0.4468 0.2976 0.0409 0.1462 0.0685
112 0.0696 0.1475 0.4541 0.0446 0.2842
113 0.1783 0.5366 0.2006 0.0203 0.0641
114 0.2223 0.2642 0.2600 0.2258 0.0278
115 0.1522 0.2778 0.3350 0.2163 0.0188
116 0.1421 0.3955 0.2343 0.2084 0.0198
117 0.3452 0.2952 0.0951 0.1832 0.0814
118 0.2311 0.0662 0.2788 0.3416 0.0824
119 0.2164 0.2959 0.1499 0.2737 0.0640
120 0.3091 0.3066 0.0684 0.2583 0.0576
121 0.3718 0.3157 0.1057 0.1091 0.0978
122 0.2445 0.2837 0.0965 0.0826 0.2927
123 0.1548 0.0430 0.2847 0.4841 0.0335
124 0.2773 0.4099 0.2159 0.0216 0.0753
125 0.2396 0.2612 0.3860 0.0531 0.0601
126 0.2478 0.1082 0.1411 0.2808 0.2220
127 0.4065 0.2466 0.0735 0.1721 0.1012
128 0.2974 0.4431 0.1906 0.0288 0.0403
129 0.2198 0.2800 0.2472 0.1387 0.1141
130 0.2303 0.3101 0.3596 0.0822 0.0179
131 0.1133 0.1622 0.4661 0.2184 0.0401
132 0.1935 0.5728 0.1155 0.1052 0.0130
133 0.2262 0.4678 0.1642 0.1003 0.0415
134 0.1398 0.0975 0.2002 0.5439 0.0183
135 0.1969 0.4541 0.2886 0.0279 0.0324
136 0.1232 0.1808 0.3511 0.3298 0.0151
137 0.2029 0.2817 0.1532 0.2194 0.1428
138 0.1170 0.3413 0.3689 0.1216 0.0511
139 0.2429 0.1682 0.3218 0.1936 0.0735
140 0.2949 0.3369 0.1530 0.1068 0.1085
141 0.4280 0.2186 0.1870 0.1099 0.0566
142 0.3169 0.4758 0.1139 0.0735 0.0196
143 0.2034 0.4512 0.2454 0.0676 0.0324
144 0.1663 0.5669 0.2202 0.0171 0.0298
145 0.1201 0.4258 0.3530 0.0668 0.0341
146 0.1942 0.2937 0.4143 0.0548 0.0430
147 0.1050 0.4285 0.3994 0.0441 0.0231
148 0.1049 0.3523 0.4629 0.0251 0.0549
149 0.2147 0.4404 0.1088 0.1322 0.1038
150 0.1229 0.6587 0.0793 0.0700 0.0689
151 0.1311 0.3853 0.3025 0.1544 0.0266
152 0.1577 0.3262 0.4155 0.0806 0.0202
153 0.1405 0.4033 0.2352 0.1935 0.0276
154 0.0647 0.6953 0.1931 0.0106 0.0360
155 0.2314 0.6338 0.0723 0.0191 0.0432
156 0.3140 0.4788 0.1155 0.0481 0.0438
157 0.0879 0.1775 0.2622 0.4675 0.0047
158 0.0469 0.3013 0.1527 0.0249 0.4741
159 0.2881 0.1578 0.1949 0.1949 0.1642
160 0.1694 0.3315 0.1748 0.0127 0.3115
161 0.2042 0.5640 0.1068 0.0107 0.1146
162 0.0880 0.5825 0.1544 0.1165 0.0586
163 0.3799 0.2286 0.2610 0.0931 0.0373
164 0.0693 0.0401 0.1885 0.6685 0.0338
165 0.3840 0.2788 0.1842 0.0739 0.0792
166 0.3455 0.3098 0.0573 0.0385 0.2489
167 0.1207 0.3657 0.3894 0.1207 0.0035
168 0.1329 0.4568 0.3699 0.0264 0.0141
169 0.2700 0.2786 0.1813 0.1236 0.1467
170 0.0636 0.8311 0.0693 0.0088 0.0271
171 0.1514 0.2438 0.4019 0.1367 0.0661
172 0.1328 0.3262 0.1665 0.3638 0.0109
173 0.3137 0.2542 0.1720 0.2208 0.0393
174 0.2913 0.2065 0.1409 0.3276 0.0337
175 0.1895 0.0822 0.2800 0.3596 0.0888
176 0.2141 0.1004 0.2028 0.3477 0.1351
177 0.1307 0.0608 0.3638 0.2206 0.2241
178 0.2512 0.3772 0.1345 0.1273 0.1097
179 0.2664 0.3291 0.1628 0.0812 0.1604
180 0.0712 0.5645 0.1372 0.2159 0.0111
181 0.2025 0.1815 0.1541 0.3445 0.1172
182 0.3035 0.3574 0.1826 0.1065 0.0499
183 0.2478 0.5806 0.0641 0.0672 0.0401
184 0.2152 0.4556 0.1170 0.1991 0.0131
185 0.0684 0.1230 0.2927 0.0832 0.4326
186 0.0709 0.2253 0.6128 0.0043 0.0869
187 0.3152 0.3657 0.1313 0.1572 0.0305
188 0.3586 0.2389 0.1192 0.1919 0.0914
189 0.1030 0.1185 0.2842 0.3945 0.0998
190 0.1162 0.1075 0.2744 0.2422 0.2598
191 0.0191 0.0602 0.1125 0.7573 0.0508
192 0.2585 0.0880 0.1212 0.4502 0.0820
193 0.4092 0.2123 0.1565 0.1774 0.0445
194 0.0784 0.0902 0.2413 0.5791 0.0110
195 0.1635 0.0772 0.4077 0.2983 0.0535
196 0.2988 0.2700 0.1637 0.2401 0.0274
197 0.1990 0.3411 0.2871 0.1197 0.0531
198 0.1742 0.3206 0.3926 0.0570 0.0557
199 0.4092 0.1517 0.0956 0.3064 0.0372
200 0.5669 0.0963 0.0829 0.2290 0.0249
201 0.3052 0.3979 0.1292 0.1476 0.0201
202 0.1449 0.2603 0.1405 0.3643 0.0900
203 0.3921 0.3303 0.0483 0.1187 0.1106
204 0.1293 0.0522 0.2166 0.5620 0.0401
205 0.2979 0.1241 0.2213 0.2629 0.0938
206 0.1345 0.3328 0.2288 0.2654 0.0385
207 0.3967 0.2644 0.0717 0.2091 0.0581
208 0.1509 0.1250 0.2410 0.3674 0.1157
209 0.0665 0.6357 0.1672 0.1006 0.0297
210 0.0415 0.2211 0.5913 0.1383 0.0077
211 0.0785 0.4480 0.3435 0.0773 0.0527
212 0.1805 0.1952 0.3245 0.2649 0.0350
213 0.0395 0.3713 0.4622 0.0754 0.0515
214 0.2522 0.3669 0.1471 0.1831 0.0508
215 0.2155 0.0870 0.1678 0.4932 0.0366
216 0.1361 0.1260 0.2505 0.4128 0.0746
217 0.1311 0.4263 0.2355 0.1212 0.0859
218 0.1582 0.4949 0.2469 0.0367 0.0634
219 0.3831 0.3599 0.0556 0.0931 0.1081
220 0.1792 0.3169 0.3025 0.1375 0.0639
221 0.1957 0.2051 0.2201 0.2051 0.1741
222 0.3630 0.1444 0.2102 0.1235 0.1587
223 0.0568 0.4871 0.2412 0.1462 0.0685
224 0.0339 0.2227 0.2092 0.0628 0.4714
225 0.0528 0.3750 0.1390 0.0612 0.3721
226 0.1505 0.2278 0.4458 0.0920 0.0838
227 0.1892 0.3269 0.1395 0.2668 0.0776
228 0.0798 0.4666 0.2365 0.1469 0.0704
229 0.1639 0.4492 0.2367 0.0528 0.0972
230 0.0348 0.1263 0.1409 0.1047 0.5933
231 0.3718 0.1959 0.0704 0.2874 0.0744
232 0.0252 0.1130 0.0952 0.3535 0.4133
233 0.0201 0.3516 0.1686 0.1398 0.3201
234 0.2498 0.3308 0.1677 0.1960 0.0557
235 0.0349 0.1718 0.3311 0.0986 0.3635
236 0.1420 0.5112 0.2198 0.1022 0.0251
237 0.0975 0.4875 0.2197 0.0267 0.1685
238 0.1278 0.0838 0.2156 0.4709 0.1019
239 0.3218 0.4399 0.0853 0.0789 0.0741
240 0.2255 0.6079 0.0849 0.0552 0.0263
241 0.0327 0.2272 0.4810 0.1769 0.0823
242 0.0300 0.4114 0.3574 0.0308 0.1702
243 0.1459 0.5952 0.1181 0.0745 0.0663
244 0.2191 0.6494 0.0442 0.0623 0.0252
245 0.2479 0.3159 0.1539 0.1516 0.1306
246 0.0950 0.5093 0.2812 0.0623 0.0520
247 0.1675 0.4482 0.3057 0.0330 0.0458
248 0.1868 0.1536 0.0835 0.0992 0.4768
249 0.1632 0.1157 0.4578 0.2096 0.0538
250 0.1204 0.1570 0.1282 0.0796 0.5146
251 0.0862 0.1610 0.2871 0.0671 0.3987
252 0.1427 0.1920 0.1405 0.1183 0.4065
253 0.0476 0.1090 0.0785 0.0315 0.7334
254 0.0635 0.0656 0.2151 0.3279 0.3279
255 0.7217 0.1825 0.0641 0.0040 0.0276
256 0.7271 0.1754 0.0656 0.0041 0.0280
257 0.7158 0.1838 0.0676 0.0034 0.0291
258 0.7158 0.1838 0.0676 0.0034 0.0291
