time exciting_prob fearful_prob tense_prob sad_prob relaxing_prob
0 0.2556 0.1082 0.2053 0.3896 0.0411
1 0.1017 0.1552 0.1503 0.5083 0.0844
2 0.1683 0.1271 0.3735 0.3000 0.0311
3 0.3147 0.3003 0.0888 0.2568 0.0391
4 0.1255 0.1143 0.4050 0.3411 0.0140
5 0.1982 0.1473 0.1862 0.4263 0.0422
6 0.2115 0.3599 0.3328 0.0650 0.0307
7 0.2076 0.2751 0.1519 0.3020 0.0633
8 0.1383 0.1240 0.3423 0.3645 0.0309
9 0.2720 0.3035 0.1841 0.1575 0.0829
10 0.0815 0.3003 0.2734 0.3098 0.0348
11 0.0494 0.3350 0.3679 0.2231 0.0245
12 0.2361 0.2115 0.2150 0.3176 0.0198
13 0.1186 0.4011 0.2050 0.2673 0.0081
14 0.1477 0.5708 0.1187 0.1324 0.0303
15 0.1605 0.1250 0.1086 0.4502 0.1556
16 0.1293 0.1007 0.0601 0.6167 0.0931
17 0.0897 0.1367 0.0484 0.6523 0.0732
18 0.0118 0.4695 0.1410 0.3489 0.0286
19 0.0416 0.1835 0.0937 0.6606 0.0204
20 0.0928 0.3699 0.2793 0.2351 0.0229
21 0.0303 0.2404 0.0642 0.6533 0.0116
22 0.0882 0.4275 0.1039 0.3655 0.0149
23 0.0448 0.3499 0.0694 0.5249 0.0109
24 0.1298 0.4158 0.0858 0.3528 0.0160
25 0.0321 0.0966 0.0248 0.8345 0.0118
26 0.0495 0.6123 0.1008 0.2218 0.0156
27 0.1221 0.4131 0.1508 0.2627 0.0513
28 0.0134 0.0864 0.0851 0.8076 0.0077
29 0.0147 0.0340 0.0253 0.9194 0.0063
30 0.1119 0.3042 0.1051 0.4495 0.0292
31 0.2656 0.2399 0.1377 0.2986 0.0583
32 0.2299 0.2605 0.1052 0.3789 0.0254
33 0.0959 0.1406 0.0526 0.6870 0.0241
34 0.1420 0.2358 0.1252 0.3889 0.1080
35 0.3462 0.1525 0.0903 0.3572 0.0539
36 0.4329 0.3940 0.1020 0.0403 0.0309
37 0.0958 0.2815 0.1654 0.4360 0.0214
38 0.0632 0.2498 0.1716 0.4890 0.0263
39 0.0169 0.1065 0.0411 0.8252 0.0106
40 0.0668 0.4353 0.1172 0.3552 0.0253
41 0.0895 0.2433 0.0410 0.4763 0.1499
42 0.0408 0.1190 0.1135 0.7173 0.0095
43 0.0947 0.1663 0.0836 0.5850 0.0704
44 0.0288 0.0630 0.0945 0.8042 0.0097
45 0.0352 0.2086 0.1479 0.5942 0.0139
46 0.0501 0.1936 0.0329 0.7080 0.0152
47 0.1941 0.6216 0.0983 0.0725 0.0134
48 0.1218 0.3638 0.3416 0.1691 0.0037
49 0.0475 0.0991 0.0322 0.7920 0.0293
50 0.0834 0.2415 0.0681 0.5703 0.0367
51 0.0303 0.0617 0.0441 0.8384 0.0255
52 0.0533 0.1847 0.0339 0.7080 0.0198
53 0.0760 0.0539 0.0221 0.8047 0.0433
54 0.1143 0.2576 0.1065 0.4590 0.0626
55 0.0224 0.2058 0.0618 0.6963 0.0139
56 0.1002 0.5503 0.0884 0.2479 0.0132
57 0.0966 0.3818 0.0363 0.4463 0.0390
58 0.0850 0.6084 0.2135 0.0667 0.0265
59 0.1125 0.2656 0.1611 0.4380 0.0225
60 0.0233 0.3113 0.3528 0.2881 0.0246
61 0.0173 0.2097 0.0881 0.6562 0.0288
62 0.1714 0.1584 0.1897 0.4209 0.0597
63 0.1074 0.1827 0.1179 0.5806 0.0114
64 0.2629 0.2433 0.2064 0.2715 0.0158
65 0.1849 0.3350 0.1849 0.2820 0.0132
66 0.4041 0.3855 0.0353 0.1149 0.0601
67 0.1334 0.1512 0.1560 0.3984 0.1610
68 0.0651 0.3987 0.2615 0.2495 0.0251
69 0.0828 0.7617 0.0983 0.0440 0.0133
70 0.0637 0.5166 0.1992 0.2023 0.0182
71 0.3271 0.1429 0.2179 0.2842 0.0279
72 0.1458 0.1100 0.1626 0.5171 0.0647
73 0.1119 0.1904 0.3042 0.3845 0.0088
74 0.0312 0.5034 0.1293 0.3352 0.0011
75 0.1849 0.4871 0.1582 0.1451 0.0246
76 0.1272 0.4653 0.1659 0.2339 0.0078
77 0.0626 0.5752 0.1324 0.2253 0.0044
78 0.1407 0.6021 0.0578 0.1807 0.0189
79 0.1707 0.4258 0.0485 0.3066 0.0485
80 0.2837 0.4094 0.0653 0.1846 0.0572
81 0.2006 0.5625 0.0773 0.1422 0.0173
82 0.0789 0.5649 0.0490 0.2732 0.0339
83 0.3340 0.4358 0.0957 0.1172 0.0172
84 0.1528 0.4319 0.0438 0.3525 0.0188
85 0.1521 0.5479 0.1271 0.1475 0.0256
86 0.1597 0.4141 0.1572 0.2050 0.0640
87 0.0921 0.4258 0.1667 0.2793 0.0361
88 0.1902 0.2423 0.1058 0.2461 0.2155
89 0.0566 0.1161 0.1295 0.6787 0.0193
90 0.0584 0.2238 0.1467 0.5283 0.0427
91 0.0620 0.5483 0.0635 0.2981 0.0284
92 0.0392 0.5283 0.0322 0.3867 0.0134
93 0.1421 0.3152 0.2067 0.2306 0.1056
94 0.2079 0.4038 0.1498 0.1498 0.0887
95 0.1725 0.0999 0.0506 0.6362 0.0410
96 0.1271 0.3735 0.0406 0.3147 0.1440
97 0.1251 0.1558 0.0297 0.5786 0.1105
98 0.0709 0.0778 0.1560 0.6885 0.0069
99 0.0533 0.2029 0.0873 0.6548 0.0015
100 0.2286 0.1398 0.0953 0.5151 0.0209
101 0.0750 0.2327 0.0631 0.6226 0.0067
102 0.1159 0.0709 0.4841 0.3225 0.0065
103 0.3223 0.0625 0.0854 0.5190 0.0110
104 0.3608 0.1539 0.0584 0.3840 0.0428
105 0.1183 0.1484 0.1593 0.5474 0.0266
106 0.1085 0.0972 0.3906 0.3967 0.0071
107 0.0984 0.4019 0.1742 0.2827 0.0430
108 0.1552 0.1266 0.1434 0.5415 0.0333
109 0.0994 0.1208 0.1074 0.5762 0.0963
110 0.1331 0.3218 0.0951 0.3821 0.0680
111 0.1534 0.6357 0.0620 0.1167 0.0322
112 0.3650 0.2910 0.1292 0.1176 0.0975
113 0.1285 0.5371 0.1208 0.1945 0.0191
114 0.2561 0.6289 0.0378 0.0497 0.0276
115 0.2837 0.4678 0.0718 0.1495 0.0270
116 0.1119 0.3611 0.0449 0.4636 0.0184
117 0.1857 0.1208 0.0750 0.5630 0.0553
118 0.0677 0.1715 0.1090 0.6274 0.0245
119 0.0642 0.4597 0.1359 0.3313 0.0089
120 0.0828 0.1454 0.1621 0.5840 0.0258
121 0.2340 0.1499 0.0506 0.5112 0.0543
122 0.2139 0.1238 0.0431 0.5547 0.0647
123 0.0736 0.2979 0.3376 0.2357 0.0551
124 0.2074 0.5820 0.1239 0.0819 0.0050
125 0.1289 0.2625 0.0364 0.5474 0.0250
126 0.0969 0.5200 0.0325 0.3252 0.0255
127 0.0844 0.5591 0.0363 0.2900 0.0303
128 0.1417 0.3589 0.1121 0.3269 0.0605
129 0.0823 0.5942 0.0291 0.2720 0.0225
130 0.3889 0.1262 0.0282 0.3101 0.1465
131 0.2042 0.5298 0.0438 0.0942 0.1278
132 0.1272 0.5229 0.0938 0.1464 0.1096
133 0.0312 0.5801 0.0810 0.2871 0.0205
134 0.0542 0.2817 0.0525 0.5649 0.0467
135 0.0814 0.0577 0.2013 0.6201 0.0396
136 0.3835 0.2118 0.0876 0.2554 0.0616
137 0.1644 0.1005 0.0460 0.6660 0.0231
138 0.2798 0.3706 0.1301 0.0894 0.1301
139 0.1526 0.3254 0.0527 0.3464 0.1226
140 0.2336 0.2030 0.0634 0.2908 0.2094
141 0.1879 0.4202 0.0379 0.2888 0.0654
142 0.2466 0.5474 0.0533 0.0442 0.1086
143 0.0825 0.6440 0.1137 0.1404 0.0193
144 0.0198 0.5938 0.0531 0.3127 0.0208
145 0.0491 0.1700 0.0208 0.7563 0.0039
146 0.0645 0.4080 0.1636 0.3545 0.0096
147 0.0289 0.3608 0.1436 0.4490 0.0177
148 0.0388 0.4985 0.3025 0.1521 0.0083
149 0.0239 0.1968 0.0426 0.7085 0.0281
150 0.0716 0.6904 0.1163 0.1109 0.0110
151 0.0663 0.6914 0.0966 0.1192 0.0266
152 0.0521 0.6201 0.0521 0.2281 0.0475
153 0.1038 0.1396 0.1908 0.5186 0.0471
154 0.2344 0.3745 0.1943 0.1783 0.0185
155 0.2340 0.4014 0.1302 0.2018 0.0327
156 0.1008 0.3057 0.2202 0.2069 0.1663
157 0.2732 0.4685 0.1185 0.0620 0.0777
158 0.0519 0.3496 0.0905 0.4705 0.0377
159 0.1595 0.5396 0.0625 0.1582 0.0802
160 0.2163 0.5029 0.0356 0.1985 0.0464
161 0.2791 0.5552 0.0957 0.0369 0.0331
162 0.2115 0.5571 0.0671 0.1263 0.0379
163 0.2000 0.3145 0.1029 0.3508 0.0319
164 0.2015 0.1251 0.0388 0.5107 0.1241
165 0.2532 0.3079 0.0430 0.3772 0.0188
166 0.1122 0.2097 0.0506 0.5977 0.0300
167 0.1056 0.3572 0.1000 0.4177 0.0195
168 0.0206 0.2396 0.0391 0.6826 0.0182
169 0.0896 0.4551 0.1560 0.2893 0.0102
170 0.1460 0.5098 0.0826 0.2227 0.0390
171 0.1031 0.5981 0.0715 0.2068 0.0203
172 0.0937 0.3564 0.1232 0.4233 0.0033
173 0.2255 0.0743 0.1016 0.5244 0.0743
174 0.0579 0.1700 0.5405 0.2084 0.0230
175 0.1422 0.3987 0.2742 0.1663 0.0188
176 0.0175 0.0960 0.0282 0.8169 0.0416
177 0.2039 0.4250 0.1744 0.0850 0.1118
178 0.0821 0.7788 0.0696 0.0367 0.0327
179 0.1522 0.6021 0.1176 0.0654 0.0629
180 0.3020 0.3699 0.1554 0.0907 0.0819
181 0.1913 0.4309 0.1107 0.2036 0.0635
182 0.1467 0.5122 0.1433 0.0570 0.1411
183 0.0953 0.5229 0.1765 0.1909 0.0143
184 0.0913 0.2368 0.1127 0.5171 0.0421
185 0.2191 0.4224 0.1566 0.1119 0.0899
186 0.1277 0.5010 0.0238 0.2766 0.0710
187 0.1542 0.1979 0.0285 0.1259 0.4937
188 0.1787 0.4355 0.1815 0.1349 0.0695
189 0.1494 0.6909 0.0832 0.0590 0.0173
190 0.1984 0.4009 0.1632 0.2162 0.0214
191 0.1761 0.5430 0.0599 0.1818 0.0393
192 0.2267 0.3247 0.0394 0.3621 0.0471
193 0.2715 0.3711 0.0382 0.2433 0.0760
194 0.0705 0.3901 0.1447 0.2089 0.1858
195 0.0103 0.0973 0.0126 0.8604 0.0198
196 0.1431 0.2472 0.0353 0.4917 0.0828
197 0.0506 0.0835 0.0171 0.8169 0.0317
198 0.0914 0.0399 0.0270 0.8149 0.0268
199 0.1870 0.3206 0.0532 0.3467 0.0926
200 0.3870 0.4419 0.0532 0.0733 0.0445
201 0.0964 0.1338 0.0101 0.7349 0.0248
202 0.0472 0.1243 0.1499 0.6313 0.0472
203 0.0753 0.0789 0.0894 0.7251 0.0316
204 0.1564 0.3635 0.1010 0.3469 0.0320
205 0.0286 0.0277 0.0185 0.8975 0.0280
206 0.0259 0.0399 0.1228 0.7759 0.0355
207 0.0870 0.4668 0.0733 0.3062 0.0667
208 0.0968 0.7046 0.0868 0.0939 0.0182
209 0.0889 0.6372 0.0862 0.1624 0.0255
210 0.1242 0.5972 0.1022 0.1385 0.0379
211 0.1129 0.1616 0.0559 0.6494 0.0201
212 0.1037 0.2468 0.1241 0.4985 0.0268
213 0.0847 0.1396 0.0714 0.6611 0.0429
214 0.0861 0.2695 0.5195 0.1196 0.0052
215 0.1235 0.1160 0.1854 0.5537 0.0213
216 0.2632 0.4238 0.1283 0.1726 0.0119
217 0.2734 0.3857 0.0453 0.2490 0.0464
218 0.2085 0.3230 0.2849 0.1783 0.0054
219 0.1626 0.3962 0.1327 0.2722 0.0363
220 0.0663 0.3586 0.0521 0.4978 0.0252
221 0.1652 0.4182 0.0850 0.2808 0.0508
222 0.1718 0.1528 0.1190 0.4707 0.0857
223 0.2177 0.0718 0.1427 0.4905 0.0776
224 0.2932 0.2451 0.0860 0.3003 0.0753
225 0.0522 0.0868 0.0298 0.8232 0.0078
226 0.0290 0.1371 0.0516 0.7769 0.0054
227 0.0661 0.4209 0.0535 0.4377 0.0218
228 0.3450 0.0729 0.1735 0.3672 0.0415
229 0.2666 0.3789 0.0944 0.1951 0.0648
230 0.1556 0.1863 0.2448 0.3562 0.0573
231 0.1425 0.0673 0.1516 0.5996 0.0389
232 0.1188 0.1324 0.0451 0.6323 0.0715
233 0.0529 0.1777 0.1095 0.6401 0.0199
234 0.1392 0.2832 0.2137 0.3337 0.0301
235 0.2075 0.2542 0.0812 0.3938 0.0633
236 0.1440 0.2908 0.0675 0.4368 0.0610
237 0.0853 0.2883 0.0559 0.5474 0.0233
238 0.0553 0.5044 0.0588 0.3691 0.0124
239 0.0984 0.2893 0.1548 0.4016 0.0561
240 0.3657 0.1957 0.1410 0.2717 0.0259
241 0.6816 0.2284 0.0569 0.0035 0.0295
242 0.7324 0.1560 0.0784 0.0045 0.0284
243 0.7324 0.1560 0.0784 0.0045 0.0286
244 0.7324 0.1560 0.0784 0.0045 0.0286
245 0.7324 0.1560 0.0784 0.0045 0.0286
246 0.7324 0.1560 0.0784 0.0045 0.0286
247 0.6577 0.2203 0.0876 0.0095 0.0249
248 0.2037 0.2830 0.2496 0.2310 0.0327
