time exciting_prob fearful_prob tense_prob sad_prob relaxing_prob
0 0.2037 0.2830 0.2496 0.2310 0.0327
1 0.1787 0.1903 0.2123 0.3726 0.0463
2 0.0933 0.0890 0.1422 0.6577 0.0181
3 0.1721 0.1721 0.2352 0.4065 0.0142
4 0.2201 0.0407 0.2236 0.4885 0.0271
5 0.2678 0.0636 0.2220 0.3660 0.0804
6 0.1769 0.0276 0.2201 0.5200 0.0557
7 0.1976 0.0750 0.2788 0.4119 0.0366
8 0.3967 0.1530 0.2522 0.1259 0.0723
9 0.3889 0.2198 0.1398 0.1956 0.0560
10 0.3223 0.1672 0.3828 0.0754 0.0522
11 0.2898 0.1843 0.3135 0.1516 0.0608
12 0.3203 0.2534 0.3252 0.0693 0.0320
13 0.4072 0.2356 0.1793 0.1364 0.0416
14 0.3276 0.1782 0.3772 0.0829 0.0340
15 0.3040 0.2520 0.3286 0.0831 0.0325
16 0.0698 0.7334 0.0829 0.1074 0.0063
17 0.1315 0.6177 0.0810 0.1661 0.0039
18 0.2190 0.1603 0.0399 0.5508 0.0301
19 0.0516 0.2465 0.1404 0.5552 0.0063
20 0.1337 0.1091 0.0265 0.6899 0.0408
21 0.2568 0.1558 0.0453 0.5107 0.0314
22 0.2617 0.6377 0.0780 0.0099 0.0124
23 0.1196 0.7153 0.1272 0.0322 0.0057
24 0.3174 0.4407 0.1205 0.1022 0.0192
25 0.2476 0.4343 0.0293 0.1265 0.1624
26 0.2474 0.4480 0.0269 0.2512 0.0265
27 0.2532 0.6216 0.0650 0.0282 0.0322
28 0.2046 0.6655 0.0776 0.0390 0.0132
29 0.1022 0.3247 0.2866 0.2651 0.0213
30 0.2031 0.1353 0.0975 0.5269 0.0373
31 0.2280 0.2751 0.2175 0.2316 0.0478
32 0.2717 0.4622 0.1700 0.0791 0.0170
33 0.3535 0.4331 0.1362 0.0696 0.0077
34 0.2288 0.5156 0.1244 0.0842 0.0472
35 0.2279 0.1426 0.0409 0.5464 0.0421
36 0.3313 0.2969 0.2747 0.0632 0.0341
37 0.2708 0.5059 0.1749 0.0138 0.0344
38 0.2250 0.4270 0.3125 0.0208 0.0147
39 0.2115 0.1345 0.5317 0.1031 0.0188
40 0.2206 0.2311 0.2703 0.1772 0.1010
41 0.2406 0.5771 0.1059 0.0637 0.0127
42 0.3052 0.3857 0.2065 0.0731 0.0295
43 0.2081 0.1499 0.3950 0.1726 0.0742
44 0.3083 0.0955 0.2291 0.2517 0.1152
45 0.1012 0.3069 0.1694 0.3760 0.0467
46 0.4749 0.2705 0.1259 0.0950 0.0336
47 0.2544 0.2352 0.2390 0.2076 0.0638
48 0.4502 0.0680 0.3193 0.1053 0.0573
49 0.1591 0.2971 0.4460 0.0838 0.0141
50 0.3477 0.4395 0.0474 0.1003 0.0653
51 0.1414 0.7642 0.0202 0.0608 0.0136
52 0.1153 0.1677 0.0520 0.6333 0.0318
53 0.2725 0.4026 0.2330 0.0431 0.0488
54 0.1843 0.4707 0.2900 0.0323 0.0225
55 0.0849 0.2201 0.3411 0.3057 0.0484
56 0.5903 0.0598 0.0812 0.2275 0.0411
57 0.2081 0.3433 0.2434 0.1039 0.1014
58 0.3376 0.2754 0.2712 0.0990 0.0167
59 0.0833 0.2336 0.4365 0.2095 0.0370
60 0.3240 0.2815 0.2837 0.0872 0.0238
61 0.1813 0.1899 0.3550 0.2478 0.0261
62 0.0898 0.3337 0.3608 0.1992 0.0164
63 0.3098 0.2529 0.3511 0.0634 0.0228
64 0.1813 0.1390 0.4629 0.1703 0.0466
65 0.3767 0.3484 0.2047 0.0339 0.0364
66 0.1752 0.7095 0.0436 0.0468 0.0250
67 0.3315 0.3164 0.2209 0.1102 0.0207
68 0.2524 0.3972 0.3044 0.0302 0.0159
69 0.1570 0.5107 0.2690 0.0526 0.0109
70 0.4541 0.1724 0.2374 0.0241 0.1121
71 0.3396 0.4641 0.1519 0.0264 0.0183
72 0.2040 0.2661 0.2500 0.2620 0.0180
73 0.2441 0.1181 0.2944 0.3235 0.0197
74 0.2062 0.2952 0.0820 0.3345 0.0820
75 0.1060 0.2971 0.1360 0.4390 0.0219
76 0.4104 0.2412 0.1301 0.1343 0.0840
77 0.1481 0.5010 0.0652 0.1931 0.0927
78 0.1309 0.5093 0.1019 0.2225 0.0352
79 0.2421 0.4382 0.2310 0.0688 0.0200
80 0.1041 0.1771 0.2498 0.4248 0.0441
81 0.1914 0.0651 0.3059 0.4053 0.0323
82 0.2085 0.1624 0.2476 0.3438 0.0380
83 0.2201 0.2379 0.3518 0.1782 0.0120
84 0.2089 0.1528 0.4780 0.1504 0.0098
85 0.4041 0.3916 0.0526 0.0482 0.1038
86 0.1967 0.6655 0.0614 0.0295 0.0471
87 0.2688 0.1906 0.3616 0.0669 0.1121
88 0.3652 0.2629 0.2671 0.0748 0.0297
89 0.1497 0.2627 0.4133 0.1670 0.0073
90 0.1785 0.3467 0.3896 0.0823 0.0028
91 0.2258 0.4353 0.1917 0.1392 0.0082
92 0.1364 0.2888 0.3430 0.2214 0.0104
93 0.2744 0.1199 0.3523 0.2383 0.0152
94 0.0477 0.5815 0.2073 0.1516 0.0121
95 0.1378 0.4050 0.2382 0.1826 0.0363
96 0.0681 0.3125 0.3711 0.2147 0.0337
97 0.1262 0.1223 0.5571 0.1672 0.0273
98 0.1661 0.0726 0.4661 0.2573 0.0377
99 0.1241 0.2213 0.4832 0.1261 0.0453
100 0.1146 0.1543 0.1472 0.5386 0.0456
101 0.0975 0.2568 0.3679 0.2339 0.0436
102 0.1333 0.4170 0.1711 0.2267 0.0518
103 0.3560 0.4360 0.0590 0.0396 0.1094
104 0.2527 0.2488 0.2393 0.1968 0.0624
105 0.2600 0.0537 0.4858 0.1459 0.0545
106 0.1621 0.3328 0.1647 0.3030 0.0376
107 0.2068 0.2101 0.1882 0.3745 0.0205
108 0.1118 0.4561 0.2898 0.0657 0.0768
109 0.3135 0.0571 0.1564 0.4492 0.0238
110 0.1027 0.1858 0.2386 0.4600 0.0129
111 0.0445 0.5171 0.2156 0.1815 0.0411
112 0.2964 0.1009 0.3989 0.1855 0.0181
113 0.4387 0.0695 0.2878 0.1917 0.0123
114 0.1285 0.5537 0.0441 0.1389 0.1346
115 0.3723 0.1652 0.2441 0.0668 0.1516
116 0.3596 0.2472 0.2490 0.0345 0.1097
117 0.1642 0.2505 0.3118 0.2505 0.0233
118 0.0620 0.8359 0.0329 0.0316 0.0376
119 0.6641 0.1172 0.0213 0.0372 0.1602
120 0.1865 0.6118 0.1262 0.0468 0.0288
121 0.3154 0.2739 0.2964 0.0816 0.0327
122 0.2742 0.3521 0.2345 0.1024 0.0371
123 0.2482 0.0831 0.4158 0.2332 0.0197
124 0.5605 0.1877 0.1321 0.0381 0.0814
125 0.0840 0.0801 0.3022 0.5063 0.0273
126 0.1630 0.2408 0.3730 0.1935 0.0297
127 0.3176 0.2084 0.3772 0.0682 0.0286
128 0.2988 0.0656 0.4021 0.1899 0.0437
129 0.4172 0.1608 0.1323 0.2529 0.0367
130 0.3757 0.2859 0.2208 0.0695 0.0481
131 0.3667 0.1392 0.2156 0.1815 0.0972
132 0.3018 0.1360 0.4189 0.0668 0.0763
133 0.1667 0.3474 0.3115 0.1318 0.0425
134 0.2837 0.2446 0.3560 0.0973 0.0183
135 0.1249 0.1831 0.6050 0.0679 0.0190
136 0.0800 0.2971 0.4824 0.1110 0.0294
137 0.0708 0.1698 0.4404 0.2671 0.0518
138 0.2927 0.2228 0.3142 0.0634 0.1069
139 0.3394 0.1349 0.3340 0.0493 0.1426
140 0.3662 0.3083 0.2023 0.0637 0.0593
141 0.3438 0.0579 0.1840 0.3955 0.0188
142 0.2922 0.1092 0.3110 0.2312 0.0562
143 0.3118 0.2013 0.4263 0.0331 0.0275
144 0.2944 0.3416 0.2367 0.1002 0.0270
145 0.1069 0.1193 0.5264 0.1968 0.0505
146 0.2384 0.2703 0.2499 0.2347 0.0068
147 0.4780 0.1917 0.2479 0.0459 0.0366
148 0.4980 0.1567 0.2666 0.0350 0.0435
149 0.1803 0.2012 0.4395 0.1592 0.0199
150 0.2341 0.3276 0.3542 0.0592 0.0247
151 0.1418 0.4072 0.3708 0.0457 0.0345
152 0.3252 0.3923 0.1235 0.1124 0.0465
153 0.2262 0.1155 0.2407 0.3557 0.0618
154 0.2563 0.5601 0.0794 0.0839 0.0202
155 0.2976 0.5391 0.0833 0.0670 0.0129
156 0.1321 0.1644 0.3706 0.2710 0.0619
157 0.4797 0.1570 0.2031 0.0214 0.1385
158 0.3291 0.2859 0.2927 0.0297 0.0623
159 0.0776 0.7026 0.1362 0.0664 0.0170
160 0.1130 0.2839 0.4756 0.1112 0.0161
161 0.1404 0.2622 0.4822 0.1003 0.0149
162 0.3074 0.3430 0.2549 0.0510 0.0439
163 0.1542 0.1919 0.3367 0.2583 0.0590
164 0.2289 0.1927 0.2986 0.2219 0.0579
165 0.1788 0.0885 0.1844 0.5254 0.0226
166 0.2253 0.0703 0.2512 0.3713 0.0816
167 0.2008 0.2384 0.5049 0.0205 0.0354
168 0.1079 0.1594 0.1223 0.5923 0.0180
169 0.1451 0.1820 0.4758 0.1271 0.0702
170 0.3188 0.1259 0.2502 0.1655 0.1393
171 0.3420 0.1802 0.3699 0.0421 0.0658
172 0.2430 0.1045 0.4265 0.2079 0.0182
173 0.1333 0.2339 0.1440 0.4509 0.0379
174 0.1689 0.3308 0.2537 0.2310 0.0156
175 0.2542 0.2925 0.1979 0.2350 0.0207
176 0.6616 0.1168 0.0687 0.1214 0.0317
177 0.2190 0.1553 0.1963 0.3726 0.0567
178 0.4526 0.1277 0.2878 0.0462 0.0857
179 0.5068 0.1262 0.2800 0.0439 0.0429
180 0.5527 0.0931 0.2654 0.0407 0.0479
181 0.1456 0.2764 0.4485 0.1099 0.0197
182 0.2059 0.3042 0.3291 0.1119 0.0489
183 0.0908 0.7036 0.1029 0.0814 0.0214
184 0.1538 0.7339 0.0598 0.0282 0.0243
185 0.2573 0.1064 0.4958 0.1016 0.0388
186 0.4187 0.1218 0.3525 0.0500 0.0571
187 0.4451 0.0651 0.3059 0.0792 0.1049
188 0.1526 0.2185 0.3179 0.2805 0.0305
189 0.3413 0.1041 0.3467 0.1613 0.0466
190 0.4514 0.1781 0.2512 0.0640 0.0552
191 0.3345 0.2195 0.1877 0.1682 0.0900
192 0.4612 0.2319 0.1908 0.0432 0.0729
193 0.2245 0.2280 0.3533 0.1592 0.0350
194 0.1926 0.2632 0.3225 0.2083 0.0134
195 0.2742 0.1885 0.2966 0.2136 0.0272
196 0.2312 0.0787 0.2703 0.4058 0.0142
197 0.2109 0.3069 0.0839 0.1592 0.2390
198 0.0881 0.5483 0.1344 0.1595 0.0697
199 0.1057 0.0918 0.1797 0.6079 0.0148
200 0.2812 0.0474 0.4092 0.2561 0.0063
201 0.2095 0.5874 0.1070 0.0426 0.0534
202 0.1323 0.2322 0.2844 0.3223 0.0286
203 0.1340 0.0921 0.2927 0.4395 0.0415
204 0.0718 0.0908 0.2177 0.6011 0.0187
205 0.2219 0.1624 0.3894 0.2052 0.0210
206 0.1808 0.0676 0.3430 0.3652 0.0436
207 0.1263 0.1956 0.1454 0.4995 0.0332
208 0.0732 0.2020 0.1478 0.5493 0.0280
209 0.1119 0.1019 0.2815 0.4788 0.0258
210 0.1746 0.0934 0.3696 0.2705 0.0920
211 0.0408 0.1043 0.1918 0.6387 0.0242
212 0.0262 0.1631 0.3347 0.4504 0.0256
213 0.2037 0.2830 0.2496 0.2310 0.0327
