time exciting_prob fearful_prob tense_prob sad_prob relaxing_prob
0 0.2037 0.2830 0.2496 0.2310 0.0327
1 0.1671 0.1096 0.2432 0.3650 0.1149
2 0.1335 0.0218 0.1378 0.6680 0.0389
3 0.1015 0.2891 0.1597 0.0666 0.3831
4 0.0726 0.0962 0.1688 0.1422 0.5200
5 0.1594 0.1821 0.0834 0.2129 0.3621
6 0.0409 0.0509 0.1473 0.0685 0.6924
7 0.0793 0.3088 0.0360 0.0336 0.5420
8 0.1425 0.1772 0.5635 0.0441 0.0728
9 0.2708 0.4258 0.1790 0.0623 0.0623
10 0.1497 0.3120 0.2355 0.1805 0.1222
11 0.0987 0.0306 0.1732 0.6538 0.0438
12 0.1941 0.2651 0.0491 0.0475 0.4441
13 0.0880 0.6602 0.0600 0.0248 0.1670
14 0.0653 0.2971 0.1494 0.1182 0.3699
15 0.1157 0.0873 0.0208 0.0157 0.7607
16 0.0828 0.2216 0.0510 0.0518 0.5928
17 0.0706 0.2074 0.0428 0.0405 0.6387
18 0.1292 0.1547 0.0376 0.0765 0.6021
19 0.1060 0.1288 0.0387 0.0246 0.7021
20 0.0707 0.1021 0.0624 0.0782 0.6865
21 0.1328 0.2190 0.0751 0.0871 0.4858
22 0.0671 0.0772 0.1177 0.2268 0.5112
23 0.0413 0.1376 0.1583 0.3005 0.3623
24 0.0451 0.1099 0.3228 0.3384 0.1840
25 0.0228 0.3345 0.4229 0.1439 0.0758
26 0.0803 0.1547 0.5483 0.1781 0.0385
27 0.0297 0.4834 0.4006 0.0248 0.0615
28 0.0139 0.2666 0.1980 0.4978 0.0237
29 0.1555 0.1763 0.0361 0.0453 0.5869
30 0.0477 0.0541 0.0169 0.0678 0.8135
31 0.0234 0.0203 0.0636 0.6841 0.2086
32 0.0818 0.5249 0.1042 0.0488 0.2404
33 0.0489 0.3997 0.0366 0.0177 0.4973
34 0.1268 0.3999 0.0384 0.0157 0.4192
35 0.0561 0.0107 0.0398 0.0430 0.8506
36 0.1024 0.0875 0.0635 0.1294 0.6172
37 0.1159 0.0938 0.0189 0.0616 0.7100
38 0.0583 0.0810 0.1610 0.0726 0.6270
39 0.0790 0.6367 0.0376 0.0215 0.2252
40 0.0873 0.4797 0.0880 0.1418 0.2031
41 0.2627 0.1982 0.1891 0.1696 0.1805
42 0.0250 0.3027 0.0122 0.0094 0.6509
43 0.0382 0.4543 0.0206 0.0180 0.4688
44 0.0561 0.4377 0.0345 0.0057 0.4661
45 0.0326 0.0367 0.0065 0.0071 0.9170
46 0.0557 0.1467 0.2871 0.3926 0.1179
47 0.0557 0.0651 0.1586 0.1315 0.5894
48 0.1196 0.1635 0.4956 0.1355 0.0861
49 0.0937 0.1892 0.5391 0.1321 0.0460
50 0.0450 0.3823 0.3120 0.0464 0.2145
51 0.0770 0.1373 0.1174 0.2646 0.4036
52 0.1168 0.4373 0.1726 0.0430 0.2305
53 0.1035 0.2856 0.1145 0.0745 0.4221
54 0.1454 0.2512 0.1056 0.1024 0.3953
55 0.1578 0.0369 0.1393 0.1483 0.5176
56 0.0345 0.0742 0.1097 0.0551 0.7266
57 0.1126 0.1638 0.3413 0.3062 0.0762
58 0.0598 0.2328 0.2598 0.0926 0.3550
59 0.0717 0.3066 0.2837 0.2351 0.1027
60 0.0904 0.2988 0.2637 0.0667 0.2805
61 0.0420 0.0754 0.0195 0.0778 0.7856
62 0.0307 0.1064 0.0569 0.0198 0.7861
63 0.0552 0.0855 0.3328 0.1987 0.3276
64 0.0736 0.0640 0.2568 0.4236 0.1821
65 0.0532 0.1978 0.2385 0.1110 0.3994
66 0.0790 0.2759 0.4272 0.0340 0.1838
67 0.1460 0.1506 0.3967 0.0769 0.2296
68 0.1825 0.0602 0.3303 0.1215 0.3054
69 0.0475 0.5024 0.2566 0.0226 0.1709
70 0.2224 0.3608 0.1042 0.0178 0.2947
71 0.0448 0.5674 0.0830 0.0240 0.2808
72 0.0743 0.2308 0.3154 0.2457 0.1335
73 0.0717 0.1919 0.3999 0.0740 0.2625
74 0.1713 0.3101 0.0790 0.0828 0.3569
75 0.0268 0.0372 0.0199 0.1693 0.7471
76 0.1124 0.1584 0.2100 0.0748 0.4443
77 0.0441 0.6274 0.1041 0.0401 0.1841
78 0.0643 0.2062 0.0866 0.2839 0.3589
79 0.1063 0.2001 0.0317 0.0645 0.5977
80 0.0879 0.1694 0.1862 0.2544 0.3020
81 0.1027 0.3140 0.0757 0.0980 0.4094
82 0.0665 0.6064 0.1582 0.0665 0.1022
83 0.1444 0.5850 0.1090 0.0641 0.0977
84 0.1182 0.6494 0.1720 0.0092 0.0512
85 0.0551 0.0494 0.0322 0.0403 0.8228
86 0.0486 0.1406 0.0729 0.0350 0.7031
87 0.0668 0.3755 0.3015 0.1470 0.1093
88 0.0836 0.5044 0.0963 0.0238 0.2920
89 0.1100 0.5166 0.1458 0.0313 0.1962
90 0.0721 0.2852 0.1091 0.1188 0.4148
91 0.0419 0.0244 0.0196 0.0179 0.8960
92 0.0491 0.0823 0.2573 0.0401 0.5713
93 0.0457 0.2468 0.2319 0.0356 0.4399
94 0.0824 0.1492 0.4968 0.0799 0.1915
95 0.0847 0.1290 0.1581 0.2488 0.3794
96 0.1104 0.3047 0.2908 0.0782 0.2161
97 0.0517 0.1384 0.5391 0.1594 0.1113
98 0.1052 0.1371 0.5508 0.0914 0.1155
99 0.0399 0.6094 0.0668 0.0222 0.2620
100 0.1003 0.2173 0.0463 0.1307 0.5054
101 0.0888 0.2433 0.0530 0.0999 0.5151
102 0.1603 0.1859 0.0470 0.1318 0.4749
103 0.1376 0.1880 0.1185 0.0569 0.4990
104 0.0757 0.2484 0.2996 0.2644 0.1119
105 0.0702 0.6870 0.1213 0.0777 0.0439
106 0.1393 0.4602 0.2705 0.0459 0.0838
107 0.0791 0.0518 0.1989 0.6123 0.0579
108 0.0705 0.3416 0.3210 0.1470 0.1199
109 0.0612 0.1162 0.4187 0.1691 0.2349
110 0.0482 0.1907 0.3345 0.1819 0.2448
111 0.0239 0.3911 0.3398 0.2126 0.0326
112 0.0589 0.0768 0.4089 0.4089 0.0466
113 0.0602 0.7627 0.0755 0.0726 0.0291
114 0.0157 0.7051 0.1367 0.1367 0.0059
115 0.0872 0.7827 0.0524 0.0585 0.0193
116 0.0212 0.0471 0.0084 0.0062 0.9170
117 0.0432 0.1874 0.3088 0.3906 0.0700
118 0.0449 0.1448 0.2463 0.4900 0.0740
119 0.0974 0.1069 0.0295 0.0581 0.7080
120 0.0483 0.2004 0.1882 0.3057 0.2573
121 0.0346 0.4697 0.0574 0.0238 0.4146
122 0.0468 0.4109 0.0400 0.0066 0.4956
123 0.1066 0.2852 0.1389 0.2439 0.2256
124 0.1064 0.3176 0.1987 0.2847 0.0925
125 0.0656 0.8379 0.0338 0.0061 0.0566
126 0.1095 0.7422 0.0624 0.0112 0.0746
127 0.0267 0.4741 0.1162 0.1042 0.2788
128 0.1027 0.1425 0.0800 0.0363 0.6387
129 0.1583 0.3247 0.2778 0.0468 0.1924
130 0.0961 0.3152 0.3516 0.0737 0.1635
131 0.0399 0.4829 0.0669 0.3167 0.0936
132 0.0893 0.4429 0.1299 0.1044 0.2334
133 0.0503 0.6128 0.1367 0.1388 0.0616
134 0.1639 0.0825 0.2241 0.0695 0.4600
135 0.0673 0.3364 0.0941 0.0637 0.4387
136 0.2222 0.5586 0.0694 0.0699 0.0798
137 0.1092 0.2137 0.2422 0.0477 0.3872
138 0.0689 0.1932 0.2900 0.1530 0.2947
139 0.0863 0.1125 0.5205 0.2274 0.0532
140 0.0957 0.2057 0.2900 0.2482 0.1603
141 0.0600 0.4719 0.2605 0.1631 0.0446
142 0.0787 0.3162 0.4060 0.1042 0.0949
143 0.0139 0.0383 0.1317 0.0222 0.7939
144 0.0184 0.0594 0.2174 0.0139 0.6909
145 0.0776 0.2429 0.1406 0.3374 0.2014
146 0.0463 0.4905 0.1260 0.2466 0.0907
147 0.1489 0.1687 0.1768 0.1313 0.3743
148 0.1129 0.6196 0.1036 0.0439 0.1201
149 0.0429 0.3887 0.0923 0.0815 0.3948
150 0.0523 0.1161 0.4182 0.1637 0.2496
151 0.0213 0.0733 0.2024 0.0287 0.6743
152 0.0245 0.0742 0.1523 0.0335 0.7153
153 0.1671 0.2080 0.3171 0.1836 0.1242
154 0.1827 0.5718 0.0580 0.0627 0.1246
155 0.0799 0.1109 0.2969 0.0528 0.4597
156 0.0747 0.3977 0.4041 0.0783 0.0453
157 0.0759 0.4270 0.1522 0.1725 0.1725
158 0.0437 0.5845 0.2020 0.0616 0.1082
159 0.0541 0.2209 0.1775 0.1011 0.4463
160 0.0235 0.1472 0.3164 0.2465 0.2664
161 0.1175 0.3647 0.0231 0.0443 0.4504
162 0.1969 0.4268 0.0930 0.0183 0.2649
163 0.1111 0.1183 0.3586 0.0478 0.3643
164 0.0685 0.2177 0.2974 0.0740 0.3423
165 0.0343 0.4111 0.3862 0.0611 0.1072
166 0.0257 0.3357 0.2494 0.1586 0.2307
167 0.2847 0.1150 0.2937 0.0984 0.2083
168 0.0437 0.2515 0.3179 0.3545 0.0325
169 0.0477 0.5508 0.1653 0.0711 0.1653
170 0.0677 0.7749 0.0804 0.0389 0.0380
171 0.0590 0.5098 0.1351 0.0254 0.2708
172 0.2057 0.2856 0.0311 0.1136 0.3640
173 0.0798 0.2744 0.0994 0.2498 0.2966
174 0.0780 0.0817 0.2766 0.3960 0.1677
175 0.0802 0.0708 0.1014 0.2080 0.5396
176 0.0738 0.2742 0.2310 0.0850 0.3359
177 0.0857 0.7065 0.1017 0.0598 0.0462
178 0.0873 0.7720 0.1212 0.0121 0.0072
179 0.0515 0.7861 0.1345 0.0162 0.0116
180 0.0479 0.7266 0.1698 0.0168 0.0391
181 0.0986 0.7402 0.0934 0.0261 0.0417
182 0.1473 0.3645 0.1260 0.1342 0.2281
183 0.3062 0.4250 0.1144 0.0174 0.1370
184 0.0441 0.5049 0.3694 0.0576 0.0238
185 0.0306 0.5967 0.3242 0.0412 0.0073
186 0.1193 0.1876 0.3396 0.0393 0.3142
187 0.0731 0.3376 0.1836 0.0625 0.3430
188 0.1295 0.4592 0.2988 0.0756 0.0371
189 0.0093 0.7866 0.1927 0.0090 0.0025
190 0.0159 0.7842 0.1891 0.0082 0.0028
191 0.0764 0.2905 0.0658 0.0248 0.5425
192 0.0295 0.7368 0.1148 0.0158 0.1029
193 0.0340 0.6411 0.1837 0.0754 0.0655
194 0.0359 0.2268 0.3406 0.0400 0.3567
195 0.0247 0.1527 0.3494 0.1550 0.3181
196 0.0446 0.0820 0.1655 0.1735 0.5347
197 0.0719 0.3459 0.1442 0.0583 0.3799
198 0.0817 0.2764 0.4084 0.0112 0.2222
199 0.0944 0.5308 0.1331 0.0207 0.2212
200 0.2380 0.5039 0.1882 0.0317 0.0382
201 0.0426 0.6768 0.1214 0.0931 0.0660
202 0.0519 0.1170 0.0767 0.0374 0.7168
203 0.0231 0.0812 0.0695 0.0191 0.8071
204 0.0583 0.1489 0.1661 0.0379 0.5889
205 0.0295 0.3569 0.1465 0.0367 0.4304
206 0.0164 0.4294 0.2952 0.0591 0.1997
207 0.0255 0.8579 0.0738 0.0033 0.0395
208 0.0785 0.3491 0.1927 0.1284 0.2515
209 0.0792 0.5283 0.2537 0.0271 0.1116
210 0.0618 0.4863 0.2484 0.0456 0.1578
211 0.0226 0.8032 0.1087 0.0034 0.0620
212 0.0763 0.7295 0.1328 0.0220 0.0396
213 0.0316 0.7197 0.1486 0.0057 0.0944
214 0.0759 0.3196 0.3679 0.1685 0.0681
215 0.0317 0.1664 0.0876 0.0354 0.6787
216 0.0205 0.0420 0.0797 0.0142 0.8438
217 0.0286 0.0330 0.1263 0.0616 0.7505
218 0.0389 0.0441 0.2277 0.2705 0.4187
219 0.0292 0.4363 0.4792 0.0311 0.0240
220 0.1819 0.6353 0.0915 0.0246 0.0670
221 0.0699 0.2874 0.1357 0.0890 0.4180
222 0.1094 0.3970 0.4031 0.0183 0.0723
223 0.1342 0.2751 0.0951 0.2710 0.2246
224 0.0524 0.1337 0.2744 0.2383 0.3013
225 0.1017 0.6182 0.1857 0.0710 0.0234
226 0.1221 0.5781 0.1791 0.0826 0.0384
227 0.0894 0.3826 0.2588 0.1451 0.1241
228 0.0779 0.1066 0.0389 0.0371 0.7397
229 0.2166 0.2737 0.2341 0.1159 0.1597
230 0.0542 0.2145 0.4333 0.1594 0.1385
231 0.0949 0.5503 0.1602 0.0837 0.1109
232 0.0493 0.4192 0.3757 0.0788 0.0770
233 0.0667 0.1481 0.2681 0.0318 0.4854
234 0.0374 0.1553 0.1370 0.0369 0.6333
235 0.0829 0.4551 0.2150 0.1235 0.1235
236 0.0881 0.3379 0.1547 0.3770 0.0426
237 0.0703 0.5532 0.1926 0.1072 0.0767
238 0.0605 0.5225 0.2178 0.1184 0.0807
239 0.0565 0.3745 0.0816 0.0889 0.3984
240 0.0448 0.1625 0.0948 0.0451 0.6528
241 0.0286 0.1365 0.1809 0.0881 0.5659
242 0.0262 0.0735 0.0723 0.0254 0.8027
243 0.0616 0.2720 0.2085 0.1032 0.3547
244 0.1050 0.4351 0.2991 0.0323 0.1287
245 0.0576 0.4861 0.2225 0.0372 0.1964
246 0.0545 0.7017 0.1641 0.0320 0.0478
247 0.1536 0.3303 0.0772 0.0216 0.4175
248 0.0474 0.6855 0.1707 0.0580 0.0384
249 0.1151 0.6177 0.1265 0.0969 0.0440
250 0.0137 0.3855 0.0356 0.5610 0.0044
251 0.1359 0.5127 0.1858 0.0850 0.0805
252 0.1487 0.2866 0.2001 0.1194 0.2451
253 0.0363 0.5771 0.2260 0.1035 0.0571
254 0.0956 0.3638 0.0328 0.0182 0.4895
255 0.1213 0.4368 0.0860 0.0741 0.2820
256 0.0881 0.5435 0.2375 0.0494 0.0814
257 0.1339 0.6240 0.1733 0.0331 0.0355
258 0.0986 0.5674 0.1527 0.0584 0.1227
259 0.1659 0.1608 0.2451 0.3403 0.0881
260 0.1539 0.3579 0.1588 0.0632 0.2661
261 0.1844 0.1554 0.1578 0.2727 0.2296
262 0.0676 0.4075 0.3540 0.0163 0.1547
263 0.1058 0.4282 0.1456 0.1677 0.1527
264 0.0338 0.1664 0.0632 0.2240 0.5127
265 0.0705 0.3159 0.3416 0.1058 0.1664
266 0.1635 0.2825 0.3801 0.0778 0.0961
267 0.0688 0.1716 0.0368 0.0948 0.6279
268 0.0342 0.4988 0.1149 0.2756 0.0765
269 0.0441 0.1257 0.1564 0.0355 0.6382
270 0.0792 0.0296 0.3035 0.0465 0.5410
271 0.0948 0.0978 0.0285 0.0622 0.7168
272 0.0543 0.3652 0.1149 0.0453 0.4204
273 0.0178 0.7871 0.1305 0.0265 0.0380
274 0.0762 0.3313 0.1887 0.1614 0.2423
275 0.0113 0.6650 0.1906 0.1020 0.0311
276 0.1558 0.0670 0.2607 0.4651 0.0514
277 0.1447 0.0978 0.3013 0.3931 0.0632
