time exciting_prob fearful_prob tense_prob sad_prob relaxing_prob
0 0.2037 0.2830 0.2496 0.2310 0.0327
1 0.7676 0.0201 0.0472 0.1609 0.0045
2 0.8540 0.0718 0.0581 0.0106 0.0055
3 0.8574 0.0721 0.0553 0.0101 0.0049
4 0.3816 0.0313 0.1404 0.4324 0.0143
5 0.8120 0.0843 0.0519 0.0247 0.0269
6 0.7495 0.1149 0.0803 0.0175 0.0379
7 0.3105 0.4592 0.0557 0.1715 0.0029
8 0.2383 0.6279 0.0584 0.0667 0.0088
9 0.5361 0.1399 0.0698 0.2455 0.0088
10 0.4585 0.2654 0.0698 0.1973 0.0089
11 0.2957 0.0539 0.1233 0.4580 0.0692
12 0.1866 0.0889 0.3276 0.3381 0.0587
13 0.0353 0.1752 0.2489 0.4578 0.0828
14 0.0481 0.1915 0.3899 0.3335 0.0368
15 0.0682 0.0785 0.3745 0.4080 0.0709
16 0.0823 0.0626 0.1688 0.6475 0.0389
17 0.0684 0.0906 0.2157 0.5957 0.0299
18 0.0828 0.0698 0.5752 0.2269 0.0454
19 0.0712 0.0419 0.2795 0.5649 0.0425
20 0.2065 0.1794 0.2800 0.2216 0.1123
21 0.2262 0.1449 0.3164 0.2445 0.0679
22 0.1660 0.0200 0.1726 0.6216 0.0197
23 0.0206 0.0765 0.1697 0.7256 0.0076
24 0.0086 0.0177 0.1003 0.8672 0.0064
25 0.0671 0.2695 0.4768 0.1234 0.0630
26 0.1147 0.2487 0.5308 0.0600 0.0460
27 0.2269 0.1273 0.3079 0.2035 0.1345
28 0.2776 0.0639 0.1821 0.3916 0.0847
29 0.0216 0.0039 0.0656 0.8779 0.0308
30 0.0651 0.0640 0.3923 0.4080 0.0709
31 0.0870 0.0399 0.3665 0.4780 0.0285
32 0.0348 0.1132 0.5400 0.2893 0.0225
33 0.0245 0.1106 0.3486 0.4841 0.0322
34 0.0061 0.0486 0.2588 0.6821 0.0044
35 0.0317 0.1534 0.3982 0.3198 0.0968
36 0.0707 0.0997 0.3762 0.4197 0.0337
37 0.0515 0.2440 0.4087 0.2722 0.0234
38 0.0515 0.2006 0.5625 0.1716 0.0136
39 0.1043 0.1051 0.4224 0.2581 0.1102
40 0.0729 0.1299 0.2881 0.2949 0.2141
41 0.0710 0.1732 0.2703 0.2878 0.1978
42 0.0525 0.1202 0.3479 0.2930 0.1863
43 0.0122 0.1882 0.4880 0.2695 0.0420
44 0.0584 0.0824 0.3311 0.4385 0.0898
45 0.0499 0.0969 0.4553 0.3130 0.0849
46 0.0636 0.0721 0.4116 0.3411 0.1116
47 0.0369 0.0369 0.2859 0.5864 0.0537
48 0.0278 0.1801 0.3667 0.3555 0.0700
49 0.0242 0.0710 0.5991 0.2830 0.0225
50 0.0569 0.1140 0.4072 0.3430 0.0790
51 0.0554 0.0711 0.3337 0.4707 0.0689
52 0.0597 0.0743 0.3953 0.4409 0.0300
53 0.0745 0.1118 0.4421 0.3286 0.0431
54 0.0421 0.1246 0.4216 0.3840 0.0276
55 0.0341 0.0584 0.1576 0.7397 0.0100
56 0.0284 0.0918 0.4590 0.3630 0.0579
57 0.0173 0.0629 0.6064 0.2820 0.0316
58 0.0285 0.0268 0.1060 0.7837 0.0550
59 0.0640 0.0967 0.3376 0.4404 0.0610
60 0.0366 0.0473 0.1401 0.7007 0.0750
61 0.0419 0.0609 0.6060 0.1998 0.0915
62 0.0230 0.1533 0.7427 0.0670 0.0141
63 0.0422 0.1085 0.6753 0.1394 0.0347
64 0.0790 0.1837 0.3799 0.2913 0.0660
65 0.1022 0.0565 0.2759 0.5356 0.0298
66 0.0523 0.1235 0.3865 0.3716 0.0661
67 0.0869 0.1072 0.4443 0.2551 0.1064
68 0.0862 0.1973 0.5156 0.0875 0.1133
69 0.3240 0.0505 0.3167 0.2209 0.0879
70 0.3469 0.0399 0.1843 0.3782 0.0508
71 0.1141 0.0257 0.1489 0.6777 0.0335
72 0.2812 0.0572 0.1350 0.4937 0.0328
73 0.1626 0.0232 0.0971 0.6636 0.0536
74 0.1164 0.0336 0.1239 0.6807 0.0456
75 0.0453 0.0146 0.3342 0.5869 0.0191
76 0.2310 0.0253 0.1337 0.5806 0.0296
77 0.1445 0.0259 0.1198 0.6685 0.0414
78 0.0739 0.0987 0.2622 0.4424 0.1229
79 0.1730 0.2617 0.1539 0.2700 0.1412
80 0.0867 0.3123 0.3123 0.1835 0.1054
81 0.1512 0.2739 0.3384 0.1688 0.0677
82 0.1317 0.1360 0.3040 0.2791 0.1493
83 0.1505 0.0580 0.2090 0.4934 0.0892
84 0.1791 0.2976 0.2144 0.0914 0.2177
85 0.1453 0.1738 0.5151 0.0874 0.0784
86 0.0947 0.2053 0.5200 0.0553 0.1245
87 0.1454 0.3354 0.2131 0.1488 0.1572
88 0.1971 0.1987 0.1572 0.2847 0.1622
89 0.0535 0.0917 0.3889 0.3596 0.1063
90 0.0593 0.1189 0.3308 0.2637 0.2273
91 0.0334 0.0494 0.2048 0.5312 0.1808
92 0.0504 0.0584 0.4453 0.3577 0.0884
93 0.0495 0.0854 0.4014 0.2937 0.1699
94 0.0290 0.2123 0.2406 0.4937 0.0246
95 0.0187 0.2086 0.1870 0.5674 0.0185
96 0.0429 0.3740 0.2935 0.2756 0.0138
97 0.0360 0.3965 0.2350 0.3262 0.0063
98 0.0360 0.2812 0.2856 0.3904 0.0066
99 0.0410 0.2715 0.1442 0.5317 0.0116
100 0.0311 0.0679 0.1980 0.4939 0.2091
101 0.0379 0.0565 0.1548 0.4995 0.2512
102 0.0081 0.1512 0.1796 0.6567 0.0042
103 0.0164 0.1140 0.5786 0.2776 0.0135
104 0.0172 0.2776 0.2690 0.4102 0.0262
105 0.0668 0.1093 0.3845 0.4094 0.0299
106 0.0665 0.1796 0.4443 0.2532 0.0565
107 0.1364 0.2162 0.3025 0.2732 0.0718
108 0.0122 0.0588 0.1432 0.7622 0.0236
109 0.0103 0.1359 0.1801 0.6587 0.0150
110 0.0823 0.0829 0.2537 0.3867 0.1945
111 0.1318 0.1426 0.2482 0.2900 0.1874
112 0.0049 0.1556 0.2605 0.5693 0.0098
113 0.0573 0.0975 0.2842 0.4470 0.1140
114 0.0039 0.0880 0.3818 0.5142 0.0123
115 0.0081 0.1450 0.4756 0.3479 0.0235
116 0.0511 0.0809 0.3489 0.4695 0.0499
117 0.0054 0.0699 0.0884 0.8125 0.0238
118 0.0019 0.0561 0.0488 0.8916 0.0016
119 0.0033 0.0823 0.2272 0.6782 0.0091
120 0.0040 0.0544 0.1133 0.7993 0.0291
121 0.0134 0.1365 0.0731 0.7612 0.0159
122 0.0183 0.0930 0.0887 0.7202 0.0796
123 0.0586 0.0674 0.1165 0.2229 0.5347
124 0.0520 0.0520 0.1492 0.4456 0.3015
125 0.0850 0.2241 0.3442 0.2294 0.1172
126 0.1956 0.0909 0.3652 0.1823 0.1659
127 0.0861 0.0909 0.6665 0.1123 0.0440
128 0.0231 0.0886 0.7651 0.1028 0.0202
129 0.1367 0.0842 0.3384 0.2006 0.2400
130 0.0519 0.0417 0.1187 0.7505 0.0374
131 0.0577 0.0435 0.1777 0.6709 0.0501
132 0.0351 0.0984 0.1304 0.7271 0.0094
133 0.0746 0.2317 0.3118 0.3762 0.0057
134 0.2471 0.1140 0.3403 0.1620 0.1365
135 0.0688 0.2345 0.4382 0.1813 0.0773
136 0.0413 0.0736 0.3171 0.2302 0.3376
137 0.0493 0.0608 0.3313 0.5215 0.0372
138 0.0284 0.0363 0.1990 0.6948 0.0417
139 0.0612 0.0523 0.4312 0.3987 0.0565
140 0.1245 0.0829 0.2118 0.5005 0.0804
141 0.1081 0.1000 0.1661 0.5317 0.0939
142 0.1230 0.0879 0.5098 0.2563 0.0231
143 0.1271 0.0944 0.2430 0.4949 0.0406
144 0.1033 0.1227 0.2722 0.2898 0.2120
145 0.0465 0.1074 0.2037 0.5537 0.0883
146 0.0387 0.0722 0.1705 0.5508 0.1680
147 0.0623 0.1154 0.1219 0.2368 0.4636
148 0.0582 0.1113 0.2195 0.2842 0.3269
149 0.1296 0.0792 0.2404 0.3723 0.1786
150 0.0278 0.1017 0.2086 0.6328 0.0291
151 0.0178 0.1868 0.1598 0.5488 0.0869
152 0.0546 0.1310 0.1497 0.1819 0.4829
153 0.0736 0.0975 0.4170 0.2433 0.1685
154 0.0456 0.0972 0.1350 0.7129 0.0093
155 0.0186 0.0597 0.1837 0.7266 0.0113
156 0.0268 0.0542 0.0776 0.8276 0.0137
157 0.0986 0.1370 0.2024 0.5371 0.0247
158 0.0404 0.0875 0.1810 0.6777 0.0132
159 0.0359 0.0736 0.1301 0.7490 0.0112
160 0.0079 0.0180 0.0129 0.9512 0.0101
161 0.0385 0.0753 0.0264 0.8091 0.0505
162 0.0253 0.0161 0.0141 0.9004 0.0438
163 0.0869 0.0245 0.0480 0.8179 0.0227
164 0.0163 0.0314 0.2198 0.7207 0.0117
165 0.0063 0.0498 0.3169 0.6108 0.0160
166 0.0129 0.0320 0.0320 0.1349 0.7881
167 0.0270 0.0421 0.0851 0.1447 0.7012
168 0.0300 0.0555 0.1038 0.1232 0.6875
169 0.0346 0.0891 0.2155 0.6333 0.0274
170 0.0219 0.0509 0.3218 0.6011 0.0044
171 0.0244 0.1044 0.2625 0.5918 0.0169
172 0.0261 0.0404 0.4692 0.4478 0.0166
173 0.0252 0.0645 0.3376 0.5396 0.0329
174 0.0192 0.0208 0.0309 0.9180 0.0109
175 0.0381 0.0634 0.0329 0.8223 0.0432
176 0.1697 0.0596 0.5308 0.2015 0.0385
177 0.1681 0.0512 0.5381 0.2209 0.0215
178 0.1620 0.0736 0.5522 0.1807 0.0314
179 0.1217 0.3386 0.4775 0.0523 0.0098
180 0.1306 0.0804 0.6133 0.1306 0.0451
181 0.0104 0.0696 0.2284 0.6406 0.0510
182 0.0086 0.0339 0.3115 0.6294 0.0165
183 0.0128 0.0770 0.3347 0.5605 0.0152
184 0.0148 0.0707 0.2318 0.6709 0.0119
185 0.0216 0.0539 0.2981 0.5928 0.0334
186 0.0209 0.0624 0.3945 0.4836 0.0385
187 0.1226 0.0804 0.3035 0.3108 0.1826
188 0.0191 0.0844 0.2440 0.6431 0.0095
189 0.2042 0.0825 0.2426 0.3315 0.1393
190 0.1682 0.0342 0.1439 0.4165 0.2373
191 0.1663 0.0404 0.2742 0.4050 0.1143
192 0.0286 0.1511 0.4583 0.3513 0.0104
193 0.0942 0.0972 0.3291 0.3369 0.1426
194 0.0594 0.0415 0.1775 0.5386 0.1831
195 0.1750 0.0385 0.3074 0.3884 0.0908
196 0.0119 0.0304 0.0923 0.7485 0.1166
197 0.0550 0.1210 0.2949 0.4126 0.1164
198 0.1526 0.0280 0.1367 0.6323 0.0503
199 0.0769 0.0405 0.1076 0.7129 0.0623
200 0.1204 0.0406 0.2017 0.4954 0.1420
201 0.1010 0.0411 0.2622 0.5210 0.0745
202 0.0426 0.0382 0.0426 0.7793 0.0975
203 0.1152 0.1929 0.4812 0.1245 0.0862
204 0.1104 0.1982 0.5649 0.0712 0.0555
205 0.1169 0.1675 0.2939 0.3127 0.1089
206 0.1967 0.0509 0.2336 0.4573 0.0614
207 0.0808 0.0457 0.4507 0.3916 0.0314
208 0.0380 0.0927 0.2520 0.5859 0.0315
209 0.0606 0.1159 0.4658 0.3201 0.0376
210 0.0732 0.1691 0.3440 0.3662 0.0473
211 0.3003 0.2568 0.3979 0.0304 0.0144
212 0.4722 0.1509 0.3000 0.0670 0.0100
213 0.5918 0.1342 0.2144 0.0378 0.0219
214 0.0176 0.0572 0.5820 0.3315 0.0119
215 0.0880 0.1113 0.2213 0.5737 0.0056
216 0.0317 0.0333 0.1444 0.7808 0.0097
217 0.0903 0.0583 0.4111 0.4375 0.0029
218 0.1466 0.0676 0.2573 0.4658 0.0626
219 0.0562 0.0580 0.3469 0.5127 0.0263
220 0.2864 0.1053 0.0795 0.4167 0.1121
