time exciting_prob fearful_prob tense_prob sad_prob relaxing_prob
0 0.0920 0.2581 0.4529 0.1692 0.0281
1 0.1296 0.2898 0.5088 0.0536 0.0184
2 0.0778 0.3655 0.4956 0.0391 0.0219
3 0.1293 0.3101 0.1302 0.3711 0.0592
4 0.0623 0.1543 0.1211 0.6245 0.0378
5 0.2074 0.2727 0.1201 0.3064 0.0935
6 0.0416 0.2111 0.4683 0.2546 0.0246
7 0.5923 0.1938 0.0901 0.0615 0.0620
8 0.6733 0.1959 0.0495 0.0093 0.0721
9 0.0571 0.1842 0.2639 0.3962 0.0986
10 0.3391 0.0905 0.1678 0.3525 0.0500
11 0.0145 0.0371 0.4961 0.4446 0.0078
12 0.0198 0.1593 0.4983 0.3118 0.0107
13 0.0576 0.0781 0.4973 0.0090 0.3582
14 0.0917 0.1294 0.3357 0.0055 0.4377
15 0.0626 0.2512 0.2084 0.3801 0.0977
16 0.3013 0.2086 0.1664 0.2103 0.1135
17 0.2211 0.1921 0.2976 0.1791 0.1103
18 0.0107 0.0498 0.1023 0.8047 0.0327
19 0.2374 0.1241 0.2432 0.2690 0.1261
20 0.0584 0.1287 0.4707 0.0336 0.3086
21 0.0381 0.1338 0.7290 0.0144 0.0844
22 0.0072 0.1259 0.8208 0.0262 0.0201
23 0.0008 0.0424 0.0779 0.8779 0.0009
24 0.0004 0.0224 0.0249 0.9507 0.0014
25 0.0227 0.1871 0.4526 0.2620 0.0756
26 0.0168 0.3499 0.5171 0.0603 0.0558
27 0.0014 0.0864 0.0891 0.8193 0.0038
28 0.0146 0.1958 0.6318 0.0797 0.0779
29 0.0415 0.2109 0.6919 0.0323 0.0233
30 0.0231 0.1646 0.6455 0.0605 0.1062
31 0.0162 0.1583 0.2491 0.5527 0.0237
32 0.0018 0.0406 0.0563 0.8950 0.0062
33 0.0363 0.2947 0.4746 0.0496 0.1448
34 0.0063 0.0758 0.1270 0.7778 0.0133
35 0.0688 0.1930 0.5718 0.1066 0.0598
36 0.0598 0.1504 0.6089 0.0173 0.1638
37 0.0223 0.2169 0.6680 0.0300 0.0626
38 0.0282 0.2673 0.3569 0.3250 0.0228
39 0.0329 0.1921 0.5518 0.1937 0.0295
40 0.0263 0.2434 0.5840 0.0450 0.1014
41 0.0057 0.0773 0.1561 0.7568 0.0042
42 0.0374 0.3467 0.4666 0.0257 0.1236
43 0.0386 0.2089 0.5723 0.0389 0.1414
44 0.0147 0.1722 0.4004 0.3645 0.0482
45 0.0101 0.1076 0.1128 0.7017 0.0679
46 0.0125 0.0964 0.2423 0.6191 0.0299
47 0.0330 0.0377 0.5845 0.2849 0.0597
48 0.0304 0.1028 0.6860 0.0266 0.1543
49 0.0439 0.1510 0.4233 0.0908 0.2910
50 0.0089 0.1276 0.2347 0.6187 0.0103
51 0.0146 0.2062 0.6450 0.0670 0.0670
52 0.0068 0.1230 0.1138 0.7422 0.0142
53 0.0158 0.1920 0.6968 0.0533 0.0419
54 0.0494 0.1030 0.6714 0.0479 0.1282
55 0.2610 0.1006 0.4653 0.1176 0.0556
56 0.0307 0.1000 0.0383 0.2986 0.5322
57 0.0080 0.1069 0.0183 0.3240 0.5430
58 0.0173 0.1862 0.6860 0.0347 0.0758
59 0.0438 0.2172 0.6094 0.0090 0.1209
60 0.0149 0.1748 0.1616 0.6396 0.0092
61 0.0101 0.1193 0.5020 0.3674 0.0012
62 0.0170 0.1216 0.3057 0.5322 0.0236
63 0.0152 0.3206 0.1316 0.2830 0.2496
64 0.0094 0.1180 0.3752 0.4817 0.0156
65 0.0885 0.2313 0.3582 0.1318 0.1903
66 0.0897 0.0992 0.4773 0.0398 0.2939
67 0.1062 0.0502 0.1385 0.6406 0.0645
68 0.0359 0.1838 0.4768 0.0869 0.2166
69 0.0081 0.1863 0.1777 0.6011 0.0268
70 0.0565 0.3740 0.2341 0.2737 0.0616
71 0.0626 0.0856 0.7056 0.0234 0.1226
72 0.1714 0.0925 0.0646 0.4446 0.2271
73 0.1459 0.1328 0.1902 0.3552 0.1759
74 0.1316 0.0774 0.1237 0.5898 0.0774
75 0.0991 0.1443 0.4880 0.2098 0.0587
76 0.2209 0.2280 0.2108 0.3318 0.0085
77 0.0748 0.1007 0.6265 0.1196 0.0784
78 0.0298 0.1797 0.0773 0.1769 0.5366
79 0.0154 0.0680 0.0467 0.0795 0.7905
80 0.0081 0.0699 0.0369 0.2900 0.5952
81 0.0556 0.0426 0.3953 0.4478 0.0587
82 0.0190 0.2656 0.5200 0.1676 0.0276
83 0.0146 0.2469 0.5107 0.2249 0.0028
84 0.0274 0.0449 0.5552 0.3696 0.0029
85 0.0497 0.6338 0.1085 0.1844 0.0236
86 0.0871 0.7407 0.1050 0.0441 0.0231
87 0.4851 0.3108 0.1074 0.0343 0.0622
88 0.0333 0.1179 0.7114 0.1179 0.0196
89 0.5723 0.2725 0.0402 0.0694 0.0459
90 0.0667 0.5586 0.2944 0.0657 0.0147
91 0.0122 0.5259 0.4094 0.0467 0.0058
92 0.1979 0.2502 0.1128 0.0576 0.3816
93 0.0128 0.1669 0.0776 0.4260 0.3167
94 0.0306 0.0800 0.1085 0.2949 0.4861
95 0.1530 0.1019 0.4712 0.2059 0.0679
96 0.0815 0.1647 0.6719 0.0697 0.0123
97 0.1556 0.2428 0.4573 0.0521 0.0922
98 0.0634 0.5107 0.2507 0.0419 0.1332
99 0.1504 0.2854 0.3086 0.0941 0.1614
100 0.1211 0.4294 0.2544 0.0283 0.1669
101 0.3757 0.3557 0.0787 0.0321 0.1578
102 0.2881 0.3474 0.0858 0.0326 0.2463
103 0.4268 0.1849 0.0639 0.0615 0.2629
104 0.3313 0.2500 0.1505 0.0528 0.2156
105 0.0518 0.5073 0.2844 0.0293 0.1272
106 0.1152 0.2852 0.1108 0.0185 0.4702
107 0.1205 0.4841 0.1560 0.0228 0.2166
108 0.0263 0.3257 0.4524 0.0441 0.1515
109 0.0024 0.0065 0.0241 0.0029 0.9644
110 0.0038 0.0347 0.1320 0.0083 0.8213
111 0.0699 0.1716 0.3689 0.0715 0.3181
112 0.1740 0.3125 0.3711 0.0134 0.1293
113 0.1125 0.5239 0.2827 0.0130 0.0677
114 0.0190 0.0895 0.0814 0.0065 0.8037
115 0.0536 0.1829 0.2009 0.0080 0.5547
116 0.0238 0.3701 0.3760 0.1748 0.0554
117 0.0512 0.2996 0.2407 0.2296 0.1788
118 0.0285 0.3584 0.4565 0.0524 0.1042
119 0.1313 0.3713 0.3201 0.0085 0.1687
120 0.0871 0.2367 0.4026 0.2294 0.0441
121 0.1346 0.3806 0.2742 0.0280 0.1826
122 0.0273 0.4512 0.3950 0.0596 0.0670
123 0.0422 0.1281 0.2754 0.5308 0.0235
124 0.0440 0.2654 0.5708 0.0947 0.0249
125 0.0152 0.0337 0.0419 0.0053 0.9038
126 0.0291 0.1049 0.1479 0.0955 0.6226
127 0.0134 0.1996 0.2262 0.3613 0.1996
128 0.1312 0.3052 0.3198 0.0154 0.2285
129 0.1987 0.4919 0.1421 0.0137 0.1536
130 0.0544 0.3923 0.3357 0.1636 0.0540
131 0.0743 0.2988 0.4053 0.0963 0.1255
132 0.0221 0.0243 0.0162 0.0038 0.9336
133 0.0355 0.0604 0.0320 0.0057 0.8662
134 0.1821 0.3796 0.2469 0.0135 0.1779
135 0.2012 0.3970 0.2729 0.0068 0.1220
136 0.1127 0.5854 0.2329 0.0259 0.0428
137 0.1582 0.4402 0.2179 0.1071 0.0765
138 0.0579 0.6523 0.2595 0.0083 0.0221
139 0.0555 0.3044 0.4229 0.1847 0.0326
140 0.0103 0.5034 0.2866 0.1006 0.0991
141 0.0364 0.0422 0.0326 0.0069 0.8818
142 0.0115 0.6792 0.2170 0.0891 0.0033
143 0.0136 0.1093 0.3726 0.1318 0.3726
144 0.0259 0.0301 0.0117 0.0039 0.9282
145 0.0229 0.0296 0.0134 0.0065 0.9277
146 0.2502 0.2859 0.2174 0.0187 0.2279
147 0.1255 0.4963 0.3105 0.0351 0.0322
148 0.1261 0.2979 0.4070 0.0250 0.1440
149 0.1818 0.1748 0.5776 0.0172 0.0486
150 0.1948 0.1238 0.5381 0.0800 0.0633
151 0.0588 0.1324 0.3955 0.0803 0.3330
152 0.0804 0.1306 0.5991 0.0473 0.1423
153 0.0528 0.1481 0.5332 0.0366 0.2294
154 0.0470 0.0695 0.0949 0.0062 0.7827
155 0.0546 0.2688 0.4756 0.0406 0.1605
156 0.1436 0.3262 0.2947 0.0528 0.1829
157 0.0273 0.3169 0.4792 0.0435 0.1331
158 0.1205 0.4802 0.3174 0.0286 0.0531
159 0.0669 0.3398 0.4753 0.0285 0.0894
160 0.0326 0.3909 0.5137 0.0204 0.0425
161 0.1130 0.2751 0.3479 0.1544 0.1095
162 0.2627 0.1147 0.1937 0.3193 0.1095
163 0.1382 0.2925 0.4258 0.0478 0.0958
164 0.0043 0.1470 0.0995 0.7466 0.0026
165 0.0419 0.1534 0.4170 0.3679 0.0198
166 0.0037 0.0267 0.0097 0.1083 0.8516
167 0.1832 0.2708 0.3701 0.0638 0.1120
168 0.0162 0.5659 0.3379 0.0150 0.0650
169 0.0339 0.1404 0.1642 0.6489 0.0125
170 0.0359 0.2083 0.4695 0.2803 0.0061
171 0.0030 0.1399 0.4585 0.3860 0.0125
172 0.0061 0.1376 0.4307 0.4045 0.0211
173 0.0023 0.0505 0.0958 0.8145 0.0369
174 0.1760 0.4785 0.2261 0.0328 0.0865
175 0.0257 0.2937 0.4548 0.0479 0.1781
176 0.0488 0.0688 0.2054 0.0238 0.6528
177 0.0064 0.0655 0.0815 0.0731 0.7734
178 0.0186 0.2715 0.6313 0.0535 0.0251
179 0.0259 0.3462 0.6074 0.0130 0.0076
180 0.0061 0.0468 0.0861 0.0307 0.8301
181 0.0682 0.3984 0.3923 0.0602 0.0809
182 0.0467 0.3115 0.4863 0.0674 0.0879
183 0.1797 0.4211 0.2656 0.0365 0.0970
184 0.1375 0.3123 0.3884 0.0479 0.1140
185 0.0173 0.1479 0.6040 0.1306 0.1002
186 0.0535 0.1334 0.5796 0.2100 0.0234
187 0.0323 0.4563 0.1932 0.2947 0.0236
188 0.0641 0.0817 0.4348 0.2678 0.1515
189 0.0211 0.1284 0.2656 0.5801 0.0044
190 0.0156 0.0831 0.2156 0.4563 0.2295
191 0.0207 0.0347 0.3140 0.6050 0.0258
192 0.0584 0.4417 0.1959 0.2401 0.0641
193 0.0792 0.3357 0.4849 0.0911 0.0092
194 0.0217 0.6294 0.3020 0.0438 0.0033
195 0.0386 0.1637 0.6890 0.0904 0.0182
196 0.0036 0.0261 0.0452 0.8135 0.1118
197 0.0035 0.0131 0.0339 0.8872 0.0623
198 0.0629 0.1984 0.6709 0.0542 0.0135
199 0.0237 0.0908 0.2111 0.1184 0.5562
200 0.0531 0.4922 0.3545 0.0641 0.0359
201 0.0391 0.4331 0.3220 0.1805 0.0252
202 0.0197 0.2537 0.2170 0.4453 0.0641
203 0.1030 0.3323 0.4009 0.1251 0.0388
204 0.0537 0.4360 0.2263 0.2646 0.0193
205 0.0646 0.4697 0.3604 0.0588 0.0465
206 0.0263 0.4666 0.4316 0.0657 0.0098
207 0.0783 0.3853 0.4871 0.0373 0.0119
208 0.2825 0.5444 0.1106 0.0185 0.0440
209 0.0515 0.5454 0.2136 0.1743 0.0152
210 0.1205 0.4443 0.3462 0.0074 0.0815
211 0.0667 0.6182 0.2874 0.0157 0.0120
212 0.0994 0.6953 0.1744 0.0212 0.0095
213 0.0219 0.7080 0.2448 0.0110 0.0141
214 0.0461 0.6831 0.2183 0.0154 0.0370
215 0.0254 0.6714 0.2629 0.0167 0.0239
216 0.0554 0.7583 0.1448 0.0316 0.0098
217 0.0729 0.7368 0.1364 0.0299 0.0239
218 0.3118 0.3506 0.2229 0.0880 0.0266
219 0.1880 0.5151 0.2651 0.0192 0.0125
220 0.0198 0.8276 0.0690 0.0795 0.0039
221 0.0767 0.4048 0.3008 0.1598 0.0579
222 0.1396 0.1608 0.2778 0.3325 0.0895
223 0.0444 0.1855 0.6841 0.0811 0.0052
224 0.1167 0.1453 0.2888 0.2080 0.2413
225 0.0649 0.4504 0.3792 0.0691 0.0364
226 0.1262 0.4954 0.1464 0.1453 0.0867
227 0.2808 0.4346 0.1870 0.0579 0.0398
228 0.7148 0.1343 0.0840 0.0295 0.0376
229 0.2742 0.4592 0.2186 0.0193 0.0287
230 0.0260 0.4475 0.4475 0.0737 0.0051
231 0.1405 0.5264 0.2448 0.0707 0.0179
232 0.0265 0.6787 0.2700 0.0122 0.0126
233 0.0341 0.7021 0.1920 0.0550 0.0166
234 0.0664 0.4004 0.4465 0.0563 0.0304
235 0.0246 0.1639 0.4529 0.3472 0.0114
236 0.0165 0.4133 0.4612 0.0807 0.0284
237 0.0847 0.3652 0.3796 0.0582 0.1122
238 0.3567 0.3027 0.2180 0.0188 0.1038
239 0.3279 0.3862 0.2150 0.0243 0.0465
240 0.3306 0.3032 0.2101 0.1188 0.0374
241 0.2673 0.2891 0.2323 0.0778 0.1334
242 0.0333 0.2423 0.6689 0.0516 0.0037
243 0.0267 0.1926 0.7266 0.0461 0.0078
244 0.0317 0.2937 0.6025 0.0543 0.0178
245 0.2145 0.0730 0.1353 0.4758 0.1013
246 0.1215 0.6514 0.1837 0.0241 0.0192
247 0.0463 0.6758 0.2485 0.0180 0.0115
248 0.0463 0.2313 0.6489 0.0411 0.0326
249 0.0797 0.1160 0.6724 0.0925 0.0395
250 0.0511 0.7876 0.1246 0.0210 0.0158
251 0.0149 0.1002 0.5947 0.2766 0.0136
252 0.0459 0.1680 0.3447 0.3394 0.1019
253 0.0651 0.0779 0.1276 0.1066 0.6230
254 0.0362 0.0597 0.1525 0.3435 0.4080
255 0.1008 0.2273 0.0320 0.1357 0.5044
256 0.1215 0.1366 0.0289 0.2288 0.4844
257 0.0125 0.0803 0.6362 0.2571 0.0137
258 0.0137 0.0747 0.5024 0.4038 0.0051
259 0.0806 0.3289 0.1627 0.1678 0.2600
260 0.1721 0.1592 0.2751 0.1617 0.2317
261 0.0352 0.1351 0.3191 0.3396 0.1708
262 0.0217 0.1655 0.3503 0.4292 0.0331
263 0.0111 0.1787 0.2600 0.5337 0.0164
264 0.0522 0.4141 0.4204 0.0714 0.0420
265 0.1006 0.5791 0.2180 0.0483 0.0543
266 0.1886 0.2311 0.3442 0.1126 0.1237
267 0.1398 0.4839 0.1476 0.1006 0.1282
268 0.2437 0.5752 0.1188 0.0348 0.0273
269 0.0308 0.0349 0.1798 0.7109 0.0434
270 0.1871 0.2440 0.1152 0.0986 0.3550
271 0.1995 0.4355 0.1459 0.1019 0.1172
272 0.1416 0.3533 0.2446 0.1086 0.1520
273 0.0066 0.0691 0.3401 0.5786 0.0057
274 0.2126 0.4004 0.1696 0.1078 0.1095
275 0.2510 0.4509 0.1808 0.0376 0.0796
276 0.3225 0.4727 0.1283 0.0131 0.0635
277 0.0599 0.5259 0.1654 0.1604 0.0886
278 0.0528 0.3062 0.4250 0.1731 0.0431
279 0.0333 0.4255 0.2041 0.2834 0.0537
280 0.0276 0.1575 0.6133 0.1945 0.0071
281 0.1672 0.1659 0.2413 0.1344 0.2913
282 0.0648 0.4160 0.4292 0.0529 0.0372
283 0.2294 0.5249 0.1719 0.0325 0.0411
284 0.0682 0.4343 0.2324 0.0896 0.1754
285 0.3933 0.3582 0.1565 0.0549 0.0372
286 0.0156 0.1555 0.2771 0.5220 0.0297
287 0.0166 0.2402 0.3335 0.3665 0.0431
288 0.0790 0.0252 0.0960 0.7729 0.0267
289 0.0598 0.1814 0.4561 0.2559 0.0470
290 0.1699 0.0410 0.3225 0.4272 0.0394
291 0.1439 0.3733 0.3911 0.0753 0.0163
292 0.2422 0.2024 0.2991 0.1931 0.0632
293 0.2556 0.2991 0.2239 0.2039 0.0175
294 0.2134 0.4810 0.1989 0.0836 0.0232
295 0.1122 0.0861 0.0975 0.6460 0.0582
296 0.1003 0.3845 0.2664 0.1566 0.0920
297 0.2388 0.2332 0.2242 0.0594 0.2444
298 0.3577 0.3308 0.1785 0.1180 0.0150
299 0.1367 0.2573 0.3357 0.1913 0.0791
300 0.2505 0.4429 0.1094 0.1052 0.0921
301 0.3235 0.1228 0.1018 0.3364 0.1154
302 0.1781 0.1205 0.5659 0.1150 0.0206
303 0.1248 0.1154 0.4563 0.2443 0.0594
304 0.2632 0.1633 0.1499 0.2737 0.1499
305 0.2166 0.2759 0.1838 0.1454 0.1782
306 0.1288 0.1019 0.4639 0.2747 0.0308
307 0.3337 0.0781 0.1172 0.3608 0.1100
308 0.2037 0.2830 0.2496 0.2310 0.0327
309 0.4805 0.3569 0.0720 0.0391 0.0514
310 0.5352 0.3049 0.0670 0.0446 0.0482
311 0.5352 0.3052 0.0670 0.0446 0.0479
312 0.5322 0.3081 0.0671 0.0444 0.0480
313 0.5366 0.3057 0.0656 0.0440 0.0480
314 0.5366 0.3057 0.0656 0.0440 0.0480
315 0.5366 0.3057 0.0656 0.0440 0.0480
316 0.5366 0.3057 0.0656 0.0440 0.0480
317 0.5366 0.3057 0.0656 0.0440 0.0480
318 0.5366 0.3057 0.0656 0.0440 0.0480
