time exciting_prob fearful_prob tense_prob sad_prob relaxing_prob
0 0.2037 0.2830 0.2496 0.2310 0.0327
1 0.1560 0.1377 0.1334 0.5117 0.0611
2 0.0174 0.0903 0.1399 0.7329 0.0198
3 0.0328 0.4668 0.1638 0.3311 0.0057
4 0.1113 0.3428 0.2842 0.2111 0.0509
5 0.0036 0.3777 0.1017 0.5005 0.0166
6 0.0092 0.0390 0.1044 0.8345 0.0131
7 0.0039 0.1509 0.1176 0.6978 0.0297
8 0.0033 0.1952 0.0981 0.6812 0.0219
9 0.0548 0.3865 0.2739 0.2656 0.0191
10 0.0585 0.2465 0.4001 0.2749 0.0199
11 0.0237 0.6299 0.1484 0.1951 0.0029
12 0.1541 0.0837 0.4121 0.3418 0.0084
13 0.0413 0.0784 0.1355 0.7324 0.0122
14 0.0851 0.3213 0.2074 0.3755 0.0107
15 0.0523 0.2135 0.4590 0.2615 0.0135
16 0.0674 0.1643 0.1721 0.5732 0.0229
17 0.0045 0.1328 0.0942 0.7295 0.0392
18 0.1498 0.1937 0.5146 0.0649 0.0771
19 0.0075 0.1842 0.0898 0.7061 0.0122
20 0.0323 0.2275 0.3811 0.3469 0.0121
21 0.0443 0.0909 0.5972 0.2568 0.0104
22 0.0141 0.3862 0.1661 0.4241 0.0096
23 0.0183 0.3755 0.5054 0.0980 0.0028
24 0.0928 0.0972 0.4224 0.3728 0.0150
25 0.0127 0.3169 0.3025 0.3169 0.0509
26 0.0170 0.2761 0.2476 0.4343 0.0249
27 0.0436 0.4834 0.2430 0.1364 0.0937
28 0.0053 0.1000 0.1989 0.6729 0.0228
29 0.0134 0.4551 0.1477 0.3772 0.0064
30 0.0581 0.3970 0.2371 0.2996 0.0083
31 0.0062 0.1042 0.1042 0.6904 0.0949
32 0.0295 0.2179 0.3884 0.3538 0.0105
33 0.0992 0.2418 0.4590 0.1884 0.0115
34 0.0411 0.2878 0.1978 0.4526 0.0205
35 0.0106 0.2142 0.2316 0.5220 0.0217
36 0.0551 0.3301 0.4304 0.1511 0.0332
37 0.0877 0.4316 0.3259 0.1126 0.0421
38 0.0152 0.2644 0.2028 0.5098 0.0080
39 0.0616 0.5112 0.2305 0.1597 0.0370
40 0.0397 0.4331 0.3374 0.1281 0.0619
41 0.0167 0.2617 0.3257 0.3806 0.0155
42 0.0923 0.2712 0.4834 0.1429 0.0103
43 0.0170 0.2253 0.1031 0.5752 0.0791
44 0.0253 0.3210 0.3997 0.1360 0.1181
45 0.0146 0.1598 0.2474 0.5664 0.0116
46 0.0228 0.3865 0.4243 0.1421 0.0243
47 0.0341 0.0776 0.0568 0.8022 0.0292
48 0.0112 0.1992 0.2600 0.5249 0.0045
49 0.0227 0.1742 0.0810 0.6943 0.0278
50 0.0179 0.0892 0.0501 0.8335 0.0092
51 0.0378 0.0428 0.1092 0.7822 0.0280
52 0.0379 0.1698 0.3376 0.4270 0.0277
53 0.0088 0.0950 0.2350 0.6592 0.0022
54 0.0245 0.1536 0.2781 0.5278 0.0161
55 0.0192 0.0592 0.2065 0.5615 0.1536
56 0.0216 0.0713 0.2566 0.6450 0.0053
57 0.0231 0.2732 0.3145 0.3853 0.0042
58 0.0463 0.0706 0.4746 0.3997 0.0088
59 0.0072 0.0999 0.4138 0.4763 0.0025
60 0.0289 0.1179 0.5757 0.2477 0.0298
61 0.0101 0.1837 0.1571 0.6411 0.0081
62 0.0289 0.1378 0.6895 0.1357 0.0083
63 0.0135 0.0225 0.2307 0.6172 0.1160
64 0.0255 0.1171 0.5947 0.2366 0.0261
65 0.0201 0.0550 0.4565 0.4495 0.0188
66 0.0362 0.2018 0.1224 0.5073 0.1323
67 0.0125 0.6255 0.2096 0.1510 0.0014
68 0.0460 0.2585 0.5308 0.1174 0.0475
69 0.0212 0.3164 0.2316 0.4258 0.0049
70 0.0054 0.2297 0.3042 0.4292 0.0316
71 0.0417 0.2573 0.3574 0.3203 0.0232
72 0.0295 0.1670 0.2754 0.5146 0.0137
73 0.0102 0.2722 0.2366 0.4778 0.0031
74 0.0188 0.0360 0.3928 0.5127 0.0398
75 0.0339 0.2563 0.5098 0.1735 0.0262
76 0.0286 0.4209 0.2803 0.2593 0.0110
77 0.0264 0.1166 0.1752 0.6714 0.0105
78 0.0265 0.1255 0.3306 0.4587 0.0588
79 0.0117 0.2329 0.2766 0.4705 0.0083
80 0.0104 0.1619 0.2585 0.5562 0.0131
81 0.0286 0.4951 0.3567 0.1176 0.0019
82 0.0135 0.3069 0.2505 0.4260 0.0032
83 0.0442 0.6748 0.1964 0.0832 0.0012
84 0.0141 0.0948 0.2203 0.6577 0.0130
85 0.0257 0.2827 0.2656 0.3687 0.0574
86 0.1313 0.3984 0.3201 0.1466 0.0034
87 0.0217 0.1628 0.2483 0.5015 0.0658
88 0.0143 0.1726 0.2472 0.5571 0.0089
89 0.1471 0.2542 0.3699 0.2208 0.0079
90 0.0214 0.2059 0.2522 0.4939 0.0264
91 0.0100 0.1770 0.2656 0.5449 0.0022
92 0.0182 0.4165 0.3972 0.1656 0.0025
93 0.0286 0.2546 0.2283 0.4756 0.0130
94 0.0048 0.3345 0.3345 0.3191 0.0070
95 0.0128 0.1528 0.1871 0.6431 0.0040
96 0.0171 0.0919 0.1492 0.7344 0.0074
97 0.0375 0.0418 0.6050 0.3042 0.0114
98 0.0116 0.5151 0.2981 0.1672 0.0080
99 0.0133 0.2834 0.1318 0.5464 0.0250
100 0.0405 0.1481 0.3235 0.4780 0.0101
101 0.0152 0.1925 0.1597 0.6025 0.0302
102 0.0326 0.1290 0.4363 0.3733 0.0288
103 0.0396 0.0813 0.3066 0.5557 0.0169
104 0.0768 0.2056 0.4419 0.2120 0.0637
105 0.0986 0.1017 0.4216 0.3606 0.0174
106 0.0898 0.1962 0.5415 0.1602 0.0122
107 0.0573 0.0783 0.3298 0.5107 0.0239
108 0.0765 0.1079 0.4688 0.3323 0.0145
109 0.1689 0.1445 0.5542 0.1295 0.0028
110 0.0789 0.0670 0.3271 0.3948 0.1322
111 0.0427 0.0136 0.2036 0.6885 0.0515
112 0.0971 0.1348 0.3962 0.3608 0.0110
113 0.0299 0.1964 0.1371 0.5684 0.0684
114 0.1142 0.0848 0.4446 0.3357 0.0208
115 0.0159 0.3694 0.2922 0.3159 0.0069
116 0.0201 0.4045 0.3406 0.2269 0.0079
117 0.0116 0.1031 0.0803 0.4619 0.3433
118 0.0197 0.6372 0.3057 0.0280 0.0095
119 0.0197 0.2781 0.4172 0.2737 0.0115
120 0.0402 0.4895 0.0396 0.3694 0.0613
121 0.0449 0.4717 0.3293 0.1020 0.0521
122 0.0298 0.4810 0.3105 0.1537 0.0251
123 0.0467 0.1417 0.1696 0.5874 0.0546
124 0.0106 0.3345 0.2952 0.3560 0.0037
125 0.0437 0.2397 0.3772 0.2891 0.0503
126 0.0627 0.2240 0.3364 0.3579 0.0190
127 0.0355 0.2317 0.2930 0.4263 0.0136
128 0.0239 0.3201 0.4656 0.1881 0.0022
129 0.0440 0.1838 0.2473 0.5034 0.0213
130 0.0323 0.1743 0.4739 0.3108 0.0085
131 0.0366 0.2140 0.6387 0.0950 0.0156
132 0.0240 0.0524 0.2788 0.6382 0.0070
133 0.0187 0.3191 0.3093 0.3398 0.0129
134 0.0986 0.2329 0.3496 0.2944 0.0244
135 0.0100 0.1216 0.3467 0.5122 0.0095
136 0.1055 0.1022 0.4583 0.3149 0.0189
137 0.0149 0.9346 0.0327 0.0173 0.0005
138 0.0732 0.1367 0.5669 0.2085 0.0150
139 0.1096 0.2471 0.4236 0.1895 0.0304
140 0.0121 0.8130 0.1390 0.0315 0.0045
141 0.0621 0.5244 0.2988 0.0904 0.0245
142 0.0688 0.0733 0.2639 0.5171 0.0768
143 0.0795 0.4685 0.2798 0.1510 0.0211
144 0.0718 0.2751 0.3762 0.2045 0.0723
145 0.0081 0.1450 0.1342 0.3647 0.3479
146 0.0908 0.2354 0.4680 0.1921 0.0136
147 0.0628 0.3289 0.3728 0.2225 0.0130
148 0.0384 0.3315 0.3938 0.1748 0.0613
149 0.0071 0.0989 0.1271 0.6978 0.0691
150 0.0044 0.4409 0.0909 0.4478 0.0161
151 0.0408 0.1010 0.2944 0.5503 0.0135
152 0.0981 0.1013 0.4263 0.2930 0.0814
153 0.0142 0.0549 0.1515 0.7007 0.0786
154 0.0245 0.3181 0.2808 0.3718 0.0049
155 0.0281 0.1669 0.2751 0.5220 0.0080
156 0.0190 0.2734 0.4800 0.2197 0.0079
157 0.1091 0.5415 0.1227 0.1002 0.1266
158 0.0212 0.3477 0.3940 0.2209 0.0161
159 0.0200 0.3462 0.1421 0.4883 0.0034
160 0.0364 0.1260 0.1694 0.6602 0.0082
161 0.0351 0.0536 0.0721 0.7993 0.0398
162 0.0426 0.3347 0.2527 0.3455 0.0244
163 0.0172 0.3845 0.1603 0.3669 0.0711
164 0.0218 0.1600 0.2898 0.5166 0.0114
165 0.0130 0.1649 0.2595 0.5493 0.0133
166 0.0615 0.1440 0.5352 0.1821 0.0771
167 0.0251 0.2203 0.2220 0.5205 0.0120
168 0.0498 0.2269 0.2695 0.4241 0.0298
169 0.0160 0.2190 0.3237 0.3904 0.0508
170 0.0233 0.4231 0.3000 0.1907 0.0629
171 0.0147 0.6411 0.1986 0.1282 0.0175
172 0.0122 0.3181 0.4021 0.2498 0.0177
173 0.0065 0.1682 0.0974 0.6973 0.0306
174 0.0439 0.3167 0.2045 0.4194 0.0156
175 0.0251 0.2272 0.1065 0.4246 0.2168
176 0.0163 0.3254 0.3577 0.2964 0.0041
177 0.0324 0.3567 0.2147 0.3682 0.0279
178 0.0169 0.6870 0.1606 0.1332 0.0022
179 0.0898 0.1626 0.3840 0.3389 0.0249
180 0.0175 0.1559 0.3918 0.4304 0.0043
181 0.0187 0.1517 0.2350 0.5635 0.0311
182 0.0259 0.1666 0.3472 0.4529 0.0075
183 0.0440 0.2147 0.1223 0.1986 0.4204
184 0.0091 0.0832 0.2333 0.6543 0.0202
185 0.0107 0.1444 0.3687 0.4734 0.0026
186 0.0048 0.5356 0.0510 0.3857 0.0232
187 0.0302 0.4727 0.1464 0.1686 0.1823
188 0.0264 0.5601 0.1416 0.1036 0.1682
189 0.0359 0.0862 0.1854 0.6782 0.0143
190 0.0293 0.2937 0.3127 0.3435 0.0208
191 0.1674 0.1466 0.2218 0.3923 0.0720
192 0.0467 0.2861 0.2194 0.4294 0.0186
193 0.1208 0.1058 0.3811 0.3811 0.0111
194 0.0148 0.5723 0.3872 0.0205 0.0052
195 0.0917 0.2454 0.4307 0.2200 0.0124
196 0.0150 0.2871 0.5796 0.1124 0.0058
197 0.0781 0.5215 0.2834 0.0668 0.0500
198 0.0024 0.3157 0.4966 0.1771 0.0083
199 0.0690 0.1299 0.5020 0.2815 0.0179
200 0.0159 0.1053 0.2000 0.6558 0.0231
201 0.0308 0.1846 0.6240 0.1554 0.0051
202 0.0752 0.2563 0.4980 0.0568 0.1138
203 0.0032 0.2617 0.3989 0.3206 0.0157
204 0.0230 0.2739 0.3254 0.3574 0.0202
205 0.0296 0.2203 0.5806 0.1664 0.0031
206 0.0930 0.2546 0.3538 0.2842 0.0145
207 0.0837 0.1470 0.4932 0.2703 0.0057
208 0.0332 0.0697 0.5972 0.2778 0.0221
209 0.0354 0.4482 0.3464 0.1294 0.0404
210 0.0361 0.1542 0.6099 0.1949 0.0050
211 0.0634 0.1193 0.4868 0.3193 0.0113
212 0.1087 0.1462 0.2546 0.4436 0.0468
213 0.0305 0.0343 0.5532 0.3743 0.0079
214 0.0194 0.1478 0.1346 0.6733 0.0249
215 0.1103 0.3269 0.2194 0.1544 0.1891
216 0.0130 0.1757 0.1246 0.6631 0.0236
217 0.0769 0.1680 0.5254 0.2157 0.0140
218 0.1964 0.1145 0.3162 0.3640 0.0089
219 0.0456 0.1004 0.2996 0.4863 0.0679
220 0.3369 0.1847 0.2428 0.1818 0.0537
221 0.6157 0.0981 0.2355 0.0453 0.0054
222 0.0233 0.1128 0.4358 0.4158 0.0123
223 0.0147 0.1866 0.2551 0.4993 0.0443
224 0.0233 0.5566 0.2180 0.1864 0.0155
225 0.0093 0.0478 0.1321 0.8086 0.0022
226 0.0439 0.2028 0.5513 0.1847 0.0174
227 0.0698 0.5151 0.1547 0.2590 0.0012
228 0.0291 0.1162 0.7578 0.0934 0.0036
229 0.0874 0.0952 0.5190 0.2866 0.0120
230 0.0131 0.0536 0.0927 0.8257 0.0149
231 0.0369 0.0745 0.2426 0.6289 0.0169
232 0.0052 0.3271 0.0615 0.5923 0.0139
233 0.0159 0.1498 0.1149 0.6714 0.0479
234 0.0268 0.2137 0.1470 0.3015 0.3110
235 0.0279 0.2627 0.3765 0.3120 0.0209
236 0.0168 0.3877 0.2749 0.3020 0.0186
237 0.1638 0.0837 0.3110 0.4185 0.0231
238 0.0762 0.2238 0.5371 0.1108 0.0523
239 0.0324 0.4341 0.3831 0.0999 0.0506
240 0.0170 0.5088 0.2257 0.2440 0.0046
241 0.0234 0.5049 0.2384 0.2274 0.0061
242 0.0271 0.4773 0.2720 0.1899 0.0335
243 0.0975 0.0735 0.6255 0.1908 0.0124
244 0.0232 0.3203 0.4180 0.2344 0.0042
245 0.0193 0.7700 0.1917 0.0174 0.0015
246 0.0093 0.2527 0.2373 0.4575 0.0432
247 0.0085 0.3740 0.3459 0.2693 0.0025
248 0.0128 0.6084 0.1975 0.1771 0.0041
249 0.0237 0.1740 0.4373 0.3054 0.0597
250 0.0190 0.3706 0.3538 0.2549 0.0017
251 0.0276 0.3552 0.2520 0.3552 0.0102
252 0.0406 0.3535 0.2178 0.3591 0.0290
253 0.0186 0.1764 0.1417 0.6455 0.0179
254 0.1122 0.0975 0.4800 0.2957 0.0147
255 0.0526 0.2734 0.5190 0.0945 0.0605
256 0.0507 0.3745 0.4446 0.0992 0.0310
257 0.0272 0.0366 0.1948 0.7354 0.0060
258 0.0141 0.6724 0.1838 0.1132 0.0166
259 0.0238 0.0798 0.2004 0.6890 0.0071
260 0.0231 0.0569 0.7974 0.0551 0.0675
261 0.0500 0.1772 0.2922 0.4185 0.0622
262 0.0341 0.1461 0.4714 0.3291 0.0190
263 0.0462 0.0716 0.5762 0.1813 0.1246
264 0.0481 0.5171 0.2441 0.1873 0.0036
265 0.0234 0.2346 0.3416 0.3809 0.0196
266 0.0603 0.3037 0.4705 0.1436 0.0218
267 0.0352 0.4753 0.4465 0.0355 0.0072
268 0.0264 0.2192 0.2563 0.4568 0.0412
269 0.0745 0.2261 0.3237 0.3501 0.0256
270 0.0296 0.1467 0.1276 0.6577 0.0383
271 0.0373 0.4434 0.4575 0.0446 0.0172
272 0.1331 0.1069 0.4792 0.2607 0.0199
273 0.0489 0.3474 0.1747 0.4126 0.0164
274 0.0500 0.5723 0.2834 0.0818 0.0125
275 0.0127 0.0887 0.1937 0.6865 0.0183
276 0.0204 0.1364 0.2798 0.4988 0.0645
277 0.1584 0.0682 0.3923 0.3303 0.0507
278 0.0325 0.2988 0.4702 0.1929 0.0056
279 0.0404 0.5366 0.3748 0.0335 0.0148
280 0.2042 0.0706 0.4531 0.1591 0.1128
281 0.0388 0.2981 0.4763 0.1672 0.0195
282 0.0890 0.3835 0.2764 0.2053 0.0458
283 0.0665 0.0649 0.6816 0.1322 0.0547
284 0.0599 0.1351 0.5776 0.2125 0.0148
285 0.0346 0.1307 0.1553 0.6240 0.0554
286 0.1036 0.2262 0.5776 0.0819 0.0107
287 0.0793 0.0912 0.6851 0.1370 0.0077
288 0.0299 0.1298 0.6489 0.1859 0.0056
289 0.0574 0.1055 0.4956 0.3301 0.0115
290 0.0265 0.0511 0.5752 0.3435 0.0035
291 0.0411 0.2186 0.1757 0.5410 0.0234
292 0.1144 0.0603 0.3691 0.4055 0.0508
293 0.0419 0.0376 0.2649 0.6162 0.0394
294 0.0161 0.0523 0.1716 0.7451 0.0146
295 0.0116 0.0942 0.3613 0.5176 0.0152
296 0.0069 0.4741 0.3870 0.1237 0.0082
297 0.0058 0.2617 0.5454 0.1771 0.0097
298 0.0052 0.2333 0.4788 0.2603 0.0226
299 0.0067 0.2949 0.3906 0.2903 0.0177
300 0.0074 0.2147 0.4546 0.2981 0.0253
301 0.2377 0.1140 0.1312 0.4580 0.0591
