time exciting_prob fearful_prob tense_prob sad_prob relaxing_prob
0 0.2037 0.2830 0.2496 0.2310 0.0327
1 0.2416 0.6724 0.0291 0.0397 0.0174
2 0.3433 0.6025 0.0245 0.0137 0.0162
3 0.0214 0.0497 0.0820 0.8408 0.0062
4 0.1216 0.0540 0.2874 0.5122 0.0247
5 0.2440 0.7061 0.0240 0.0087 0.0170
6 0.2052 0.4243 0.2595 0.0469 0.0641
7 0.1490 0.5669 0.2239 0.0225 0.0374
8 0.8711 0.0540 0.0557 0.0107 0.0084
9 0.1581 0.2690 0.2128 0.3401 0.0201
10 0.2866 0.5269 0.1464 0.0286 0.0114
11 0.1338 0.7700 0.0850 0.0076 0.0037
12 0.2324 0.6270 0.0784 0.0345 0.0278
13 0.1814 0.1600 0.1962 0.4419 0.0204
14 0.0555 0.1737 0.1632 0.5972 0.0104
15 0.0102 0.2289 0.0698 0.6836 0.0077
16 0.0773 0.4182 0.3633 0.1125 0.0287
17 0.1622 0.1324 0.3489 0.1754 0.1810
18 0.0827 0.2710 0.3169 0.3025 0.0268
19 0.8691 0.0991 0.0085 0.0097 0.0135
20 0.4768 0.2695 0.0720 0.1488 0.0330
21 0.1125 0.0837 0.0919 0.6895 0.0223
22 0.1914 0.4592 0.2517 0.0181 0.0798
23 0.2306 0.3079 0.3831 0.0388 0.0398
24 0.0846 0.1311 0.1175 0.6553 0.0115
25 0.1168 0.2888 0.5312 0.0582 0.0047
26 0.0681 0.2200 0.3516 0.3301 0.0302
27 0.0674 0.4197 0.1749 0.3022 0.0358
28 0.4402 0.3323 0.1185 0.0827 0.0264
29 0.0938 0.4688 0.1545 0.2756 0.0075
30 0.0515 0.2920 0.3750 0.2744 0.0073
31 0.2147 0.2147 0.1365 0.4204 0.0135
32 0.1224 0.3433 0.3828 0.1168 0.0348
33 0.1129 0.3704 0.4397 0.0586 0.0184
34 0.0395 0.0556 0.0523 0.8433 0.0092
35 0.1151 0.3276 0.1047 0.4341 0.0185
36 0.3740 0.3125 0.1312 0.1753 0.0070
37 0.0322 0.1158 0.0556 0.7915 0.0049
38 0.1115 0.2322 0.1168 0.5317 0.0080
39 0.1562 0.3896 0.1599 0.2896 0.0045
40 0.1086 0.6973 0.0776 0.0893 0.0275
41 0.4604 0.2971 0.1146 0.1182 0.0096
42 0.1998 0.5518 0.0242 0.2178 0.0065
43 0.2474 0.6318 0.0116 0.0977 0.0114
44 0.0894 0.1777 0.3535 0.3591 0.0203
45 0.0870 0.2991 0.2087 0.3665 0.0386
46 0.0876 0.1664 0.3108 0.3577 0.0774
47 0.1129 0.3372 0.5063 0.0412 0.0025
48 0.0264 0.8350 0.0959 0.0078 0.0347
49 0.1531 0.3613 0.1268 0.3164 0.0422
50 0.4443 0.1421 0.0539 0.3201 0.0395
51 0.4668 0.3208 0.0492 0.1370 0.0263
52 0.3716 0.2717 0.0574 0.2634 0.0359
53 0.1094 0.0623 0.0936 0.7134 0.0212
54 0.5269 0.1908 0.0997 0.1644 0.0184
55 0.3047 0.2505 0.0614 0.2585 0.1250
56 0.1539 0.0877 0.2422 0.4817 0.0344
57 0.3694 0.4253 0.0549 0.1154 0.0352
58 0.2223 0.1247 0.3135 0.2991 0.0405
59 0.0761 0.1742 0.4448 0.2534 0.0515
60 0.1388 0.2051 0.2474 0.3953 0.0133
61 0.2808 0.0986 0.1650 0.4348 0.0208
62 0.1504 0.0857 0.0793 0.6743 0.0103
63 0.0890 0.1057 0.4663 0.2964 0.0427
64 0.0992 0.4553 0.3130 0.0897 0.0430
65 0.1781 0.2323 0.3328 0.2050 0.0518
66 0.3103 0.1324 0.0480 0.5039 0.0055
67 0.3103 0.1324 0.0480 0.5039 0.0055
68 0.3101 0.1333 0.0479 0.5034 0.0055
69 0.2037 0.2830 0.2496 0.2310 0.0327
70 0.2593 0.1549 0.1367 0.3955 0.0535
71 0.1427 0.3118 0.2708 0.2280 0.0467
72 0.2905 0.3450 0.1997 0.0795 0.0852
73 0.2852 0.1676 0.1456 0.3230 0.0786
74 0.3350 0.1582 0.1938 0.2489 0.0640
75 0.3059 0.2345 0.2537 0.1637 0.0424
76 0.1484 0.7422 0.0712 0.0103 0.0279
77 0.1660 0.6318 0.0170 0.0153 0.1700
78 0.0404 0.6675 0.1115 0.1225 0.0583
79 0.1462 0.4797 0.2910 0.0118 0.0713
80 0.1051 0.5015 0.2903 0.0183 0.0851
81 0.1536 0.4109 0.2532 0.0841 0.0983
82 0.5034 0.3462 0.0413 0.0348 0.0743
83 0.1555 0.3452 0.3293 0.0936 0.0764
84 0.2378 0.3176 0.2673 0.1234 0.0539
85 0.1002 0.5947 0.2559 0.0257 0.0233
86 0.1216 0.5708 0.1853 0.0267 0.0954
87 0.0696 0.6763 0.2030 0.0339 0.0173
88 0.1592 0.4397 0.3479 0.0142 0.0390
89 0.0688 0.2478 0.5005 0.1552 0.0276
90 0.3848 0.3240 0.0613 0.0746 0.1554
91 0.3167 0.2372 0.0347 0.1833 0.2281
92 0.3496 0.4856 0.0558 0.0357 0.0733
93 0.3081 0.4663 0.0469 0.0138 0.1649
94 0.5928 0.2452 0.0790 0.0615 0.0214
95 0.3010 0.2006 0.3413 0.1422 0.0148
96 0.0443 0.4578 0.2910 0.1879 0.0190
97 0.1306 0.3311 0.2137 0.2188 0.1058
98 0.0847 0.4802 0.3052 0.0968 0.0332
99 0.1429 0.5879 0.1893 0.0300 0.0502
100 0.2634 0.3713 0.2847 0.0320 0.0487
101 0.1838 0.2051 0.4548 0.1388 0.0175
102 0.4543 0.3650 0.0237 0.0319 0.1251
103 0.2686 0.5059 0.0559 0.1495 0.0202
104 0.0422 0.3762 0.2281 0.3218 0.0316
105 0.1913 0.1098 0.0883 0.5493 0.0616
106 0.1780 0.2510 0.3274 0.0255 0.2181
107 0.2109 0.2177 0.1593 0.3425 0.0696
108 0.1265 0.7051 0.0282 0.0507 0.0897
109 0.0570 0.1284 0.0588 0.7505 0.0051
110 0.1473 0.1617 0.3118 0.3589 0.0202
111 0.2639 0.2920 0.3110 0.0927 0.0405
112 0.1256 0.1539 0.5674 0.1379 0.0152
113 0.3069 0.2625 0.3342 0.0086 0.0879
114 0.1715 0.2135 0.5625 0.0414 0.0111
115 0.1213 0.3098 0.4104 0.1261 0.0324
116 0.3254 0.3689 0.2698 0.0101 0.0257
117 0.1427 0.5684 0.0390 0.0254 0.2244
118 0.2094 0.6250 0.0207 0.0211 0.1240
119 0.2605 0.2605 0.1281 0.2046 0.1462
120 0.0413 0.8750 0.0235 0.0432 0.0169
121 0.1072 0.7271 0.0621 0.0227 0.0809
122 0.3628 0.2417 0.0917 0.1283 0.1754
123 0.1087 0.6504 0.1121 0.0654 0.0634
124 0.3884 0.3677 0.0248 0.0670 0.1521
125 0.4307 0.4307 0.0388 0.0118 0.0882
126 0.1022 0.8105 0.0397 0.0234 0.0241
127 0.4299 0.3196 0.0277 0.0821 0.1407
128 0.1621 0.3860 0.0293 0.4172 0.0053
129 0.1449 0.2012 0.0690 0.5386 0.0463
130 0.1793 0.5396 0.0605 0.0635 0.1570
131 0.0818 0.0928 0.0438 0.7529 0.0287
132 0.2522 0.3237 0.1329 0.2406 0.0504
133 0.1815 0.1844 0.3726 0.2332 0.0285
134 0.0509 0.0586 0.2046 0.6504 0.0356
135 0.0826 0.4790 0.3672 0.0654 0.0057
136 0.1011 0.4976 0.2834 0.1119 0.0058
137 0.4851 0.3896 0.0200 0.0155 0.0897
138 0.1980 0.3816 0.1980 0.2174 0.0052
139 0.2546 0.4683 0.2281 0.0453 0.0037
140 0.1855 0.4180 0.2964 0.0978 0.0023
141 0.0977 0.5361 0.3103 0.0476 0.0082
142 0.1270 0.5264 0.2646 0.0741 0.0078
143 0.1183 0.5137 0.1183 0.0107 0.2389
144 0.0957 0.6748 0.1288 0.0928 0.0080
145 0.0961 0.7100 0.1159 0.0098 0.0681
146 0.3025 0.0814 0.1777 0.4199 0.0186
147 0.0506 0.5615 0.3101 0.0703 0.0074
148 0.6118 0.3101 0.0443 0.0064 0.0271
149 0.2417 0.4446 0.1187 0.1421 0.0531
150 0.0841 0.8105 0.0881 0.0051 0.0120
151 0.6553 0.2194 0.0723 0.0453 0.0079
152 0.2439 0.2556 0.4629 0.0200 0.0177
153 0.2698 0.4556 0.1974 0.0421 0.0351
154 0.2379 0.1713 0.1313 0.4443 0.0151
155 0.1962 0.5996 0.1704 0.0202 0.0136
156 0.0801 0.7085 0.1670 0.0111 0.0334
157 0.1923 0.4871 0.2319 0.0624 0.0264
158 0.2418 0.4517 0.1016 0.0523 0.1525
159 0.1615 0.6191 0.1471 0.0627 0.0095
160 0.0923 0.2213 0.5830 0.1013 0.0020
161 0.1647 0.2452 0.3857 0.1940 0.0104
162 0.1394 0.5688 0.1997 0.0770 0.0148
163 0.3413 0.5005 0.0135 0.0064 0.1379
164 0.1746 0.5547 0.0837 0.0204 0.1666
165 0.1242 0.1475 0.4836 0.2249 0.0198
166 0.0810 0.5801 0.2827 0.0495 0.0069
167 0.0974 0.6060 0.2301 0.0586 0.0077
168 0.0870 0.5327 0.3181 0.0532 0.0090
169 0.1570 0.3855 0.1322 0.3147 0.0107
170 0.2959 0.4583 0.1647 0.0223 0.0587
171 0.1559 0.3682 0.3301 0.1312 0.0146
172 0.0859 0.6396 0.1952 0.0701 0.0089
173 0.2407 0.4675 0.1460 0.0928 0.0529
174 0.1974 0.5044 0.1715 0.1041 0.0229
175 0.1556 0.2930 0.0758 0.4502 0.0254
176 0.0682 0.7104 0.0961 0.0704 0.0548
177 0.0753 0.5186 0.2301 0.1658 0.0103
178 0.1827 0.5249 0.1703 0.0310 0.0912
179 0.1874 0.7183 0.0745 0.0160 0.0036
180 0.3894 0.4211 0.0310 0.0755 0.0829
181 0.0123 0.0459 0.0466 0.8789 0.0161
182 0.1125 0.6733 0.0584 0.1134 0.0424
183 0.1343 0.3271 0.4202 0.0665 0.0518
184 0.1486 0.8154 0.0235 0.0028 0.0097
185 0.1957 0.4016 0.0797 0.1081 0.2150
186 0.1703 0.6475 0.1467 0.0222 0.0133
187 0.0994 0.0716 0.0905 0.7227 0.0157
188 0.0181 0.8940 0.0567 0.0236 0.0075
189 0.1090 0.6572 0.0540 0.1715 0.0083
190 0.3650 0.3298 0.0686 0.0959 0.1407
191 0.1888 0.5420 0.0657 0.0431 0.1603
192 0.2483 0.4224 0.1011 0.0270 0.2010
193 0.0859 0.4429 0.0921 0.1438 0.2352
194 0.2292 0.3232 0.3469 0.0441 0.0566
195 0.1209 0.4353 0.2900 0.1042 0.0496
196 0.0611 0.2913 0.5615 0.0822 0.0040
197 0.1295 0.5991 0.1885 0.0540 0.0291
198 0.0569 0.4404 0.0293 0.4473 0.0260
199 0.2295 0.5015 0.1627 0.0987 0.0077
200 0.1759 0.2156 0.5503 0.0363 0.0219
201 0.3335 0.5166 0.0523 0.0162 0.0817
202 0.1781 0.5884 0.0875 0.0772 0.0687
203 0.1243 0.2983 0.4409 0.1293 0.0071
204 0.2656 0.5039 0.0389 0.0365 0.1549
205 0.1799 0.1946 0.1002 0.5127 0.0127
206 0.1532 0.4434 0.0770 0.2429 0.0833
207 0.0662 0.4670 0.1083 0.3525 0.0060
208 0.1415 0.3396 0.3042 0.1846 0.0301
209 0.1235 0.7334 0.0315 0.0178 0.0939
210 0.3137 0.4600 0.0272 0.0375 0.1615
211 0.0922 0.4199 0.4756 0.0092 0.0031
212 0.0612 0.1025 0.5903 0.2275 0.0184
213 0.2693 0.1571 0.0406 0.4800 0.0530
214 0.2544 0.2316 0.0439 0.3643 0.1060
215 0.2876 0.4893 0.0418 0.1327 0.0485
216 0.1270 0.2627 0.0384 0.4399 0.1321
217 0.4490 0.3779 0.0166 0.0278 0.1287
218 0.2203 0.1587 0.3867 0.2274 0.0068
219 0.1814 0.4561 0.2681 0.0877 0.0069
220 0.0695 0.6597 0.1361 0.1299 0.0047
221 0.2576 0.3521 0.3577 0.0225 0.0101
222 0.1257 0.1759 0.4707 0.2122 0.0155
223 0.0988 0.4429 0.1289 0.2815 0.0478
224 0.0936 0.5605 0.0880 0.2300 0.0281
225 0.0518 0.4199 0.4333 0.0908 0.0042
226 0.1603 0.2260 0.1307 0.4355 0.0474
227 0.0384 0.2372 0.6250 0.0690 0.0304
228 0.1561 0.4482 0.2742 0.0704 0.0511
229 0.0602 0.6938 0.2115 0.0338 0.0008
230 0.0575 0.8574 0.0836 0.0011 0.0003
231 0.0443 0.5923 0.0990 0.0432 0.2213
232 0.2172 0.2499 0.1010 0.4250 0.0068
233 0.0662 0.0964 0.1238 0.7012 0.0124
234 0.1343 0.2712 0.2432 0.3325 0.0188
235 0.2192 0.4463 0.1860 0.1077 0.0406
236 0.1832 0.2666 0.2524 0.2861 0.0116
237 0.1619 0.3977 0.4102 0.0127 0.0175
238 0.1787 0.3018 0.3584 0.1371 0.0242
239 0.3069 0.4536 0.0679 0.1630 0.0087
240 0.2961 0.3545 0.2068 0.1160 0.0265
241 0.0787 0.8530 0.0366 0.0030 0.0287
242 0.1281 0.7720 0.0450 0.0237 0.0311
243 0.2820 0.3401 0.1395 0.2030 0.0356
244 0.1036 0.6914 0.0471 0.1289 0.0292
245 0.0960 0.7788 0.0446 0.0587 0.0218
246 0.1824 0.7212 0.0379 0.0298 0.0286
247 0.2322 0.6025 0.1080 0.0192 0.0382
248 0.1146 0.2075 0.2622 0.3999 0.0156
249 0.1263 0.5488 0.2983 0.0197 0.0068
250 0.1057 0.1782 0.4082 0.0773 0.2307
251 0.1064 0.6567 0.0731 0.0869 0.0767
252 0.1448 0.5293 0.1084 0.0751 0.1425
253 0.0916 0.5972 0.0945 0.0991 0.1176
254 0.2861 0.5020 0.1920 0.0139 0.0059
255 0.1093 0.5137 0.2314 0.0988 0.0470
256 0.1168 0.3174 0.1895 0.3174 0.0591
257 0.3452 0.5225 0.0229 0.0226 0.0866
258 0.1591 0.3115 0.3420 0.0832 0.1043
259 0.0770 0.5381 0.1426 0.1426 0.0995
260 0.0799 0.6743 0.1392 0.0215 0.0851
261 0.1182 0.5552 0.1919 0.0456 0.0892
262 0.0504 0.0957 0.0781 0.7529 0.0227
263 0.1315 0.1689 0.2917 0.3689 0.0389
264 0.1208 0.4023 0.3838 0.0804 0.0127
265 0.0867 0.5312 0.3325 0.0433 0.0064
266 0.0472 0.4587 0.3923 0.0836 0.0179
267 0.0771 0.4038 0.3245 0.1820 0.0127
268 0.0791 0.1525 0.2805 0.4624 0.0255
269 0.1132 0.1047 0.1809 0.5576 0.0437
270 0.1279 0.4641 0.1438 0.1920 0.0723
271 0.3279 0.5669 0.0583 0.0327 0.0143
272 0.3130 0.5669 0.0593 0.0440 0.0171
273 0.3142 0.5649 0.0595 0.0442 0.0172
274 0.3147 0.5698 0.0596 0.0397 0.0162
275 0.3210 0.5679 0.0585 0.0381 0.0146
276 0.3210 0.5679 0.0585 0.0381 0.0146
277 0.3210 0.5679 0.0585 0.0381 0.0146
278 0.3210 0.5679 0.0585 0.0381 0.0146
279 0.3364 0.5547 0.0562 0.0366 0.0157
