time exciting_prob fearful_prob tense_prob sad_prob relaxing_prob
0 0.2037 0.2830 0.2496 0.2310 0.0327
1 0.1532 0.2566 0.2195 0.2566 0.1139
2 0.1104 0.1395 0.2126 0.4573 0.0801
3 0.2415 0.0494 0.2002 0.4727 0.0362
4 0.1268 0.1011 0.6753 0.0806 0.0163
5 0.1501 0.0897 0.3896 0.2849 0.0856
6 0.1649 0.1346 0.6084 0.0602 0.0320
7 0.0558 0.3086 0.5088 0.0455 0.0812
8 0.2211 0.3645 0.3218 0.0471 0.0456
9 0.0904 0.1478 0.4485 0.2678 0.0455
10 0.0312 0.3105 0.2576 0.3689 0.0317
11 0.1425 0.5547 0.0994 0.1425 0.0612
12 0.2156 0.1210 0.4565 0.1035 0.1035
13 0.3855 0.1353 0.4507 0.0133 0.0154
14 0.2296 0.3088 0.2368 0.1903 0.0344
15 0.1149 0.1046 0.3767 0.3887 0.0153
16 0.2969 0.1946 0.1010 0.2620 0.1458
17 0.2175 0.4429 0.1951 0.0517 0.0928
18 0.2527 0.3096 0.1138 0.0509 0.2732
19 0.5454 0.2576 0.1305 0.0360 0.0305
20 0.1456 0.2220 0.4775 0.1217 0.0330
21 0.5850 0.1478 0.1770 0.0305 0.0598
22 0.1251 0.4724 0.3511 0.0241 0.0275
23 0.3521 0.1562 0.1514 0.1490 0.1914
24 0.4636 0.1788 0.1653 0.1459 0.0463
25 0.0330 0.0687 0.4019 0.4553 0.0410
26 0.0644 0.0569 0.4761 0.3826 0.0203
27 0.0599 0.2683 0.4495 0.2025 0.0197
28 0.0433 0.4241 0.4658 0.0602 0.0065
29 0.1070 0.3455 0.1656 0.3096 0.0724
30 0.0804 0.2118 0.2438 0.4146 0.0495
31 0.2136 0.1771 0.1390 0.4182 0.0519
32 0.0575 0.1108 0.2460 0.4814 0.1041
33 0.1141 0.1880 0.1465 0.2415 0.3101
34 0.1389 0.1367 0.4280 0.2808 0.0157
35 0.2576 0.0994 0.5630 0.0492 0.0310
36 0.2477 0.1285 0.5498 0.0401 0.0341
37 0.0425 0.4983 0.2585 0.1921 0.0085
38 0.2111 0.2079 0.3943 0.1406 0.0460
39 0.2311 0.1058 0.2347 0.3870 0.0414
40 0.1732 0.0647 0.1627 0.5591 0.0405
41 0.1152 0.0970 0.2556 0.4150 0.1171
42 0.1729 0.0984 0.4697 0.2325 0.0265
43 0.0969 0.0842 0.3491 0.2184 0.2515
44 0.1201 0.2747 0.2208 0.3213 0.0632
45 0.1250 0.0914 0.2524 0.5181 0.0130
46 0.0979 0.3997 0.2922 0.1059 0.1042
47 0.1234 0.1660 0.5527 0.1334 0.0243
48 0.0780 0.1814 0.5854 0.1390 0.0159
49 0.0656 0.0803 0.2717 0.5576 0.0251
50 0.1163 0.2581 0.3525 0.2139 0.0594
51 0.0832 0.0501 0.5776 0.2686 0.0204
52 0.2264 0.1631 0.0951 0.4573 0.0581
53 0.0732 0.6426 0.2764 0.0017 0.0060
54 0.1592 0.2666 0.3069 0.1669 0.1004
55 0.0371 0.6899 0.2460 0.0081 0.0191
56 0.4377 0.1853 0.3081 0.0487 0.0202
57 0.1046 0.5703 0.3052 0.0121 0.0080
58 0.2751 0.4502 0.1270 0.0989 0.0490
59 0.0695 0.6006 0.2881 0.0321 0.0099
60 0.1597 0.0834 0.0410 0.0543 0.6616
61 0.1393 0.5908 0.1919 0.0122 0.0658
62 0.1031 0.7861 0.0651 0.0074 0.0382
63 0.1442 0.3540 0.4546 0.0164 0.0309
64 0.1013 0.0967 0.0471 0.1984 0.5566
65 0.1190 0.7012 0.1470 0.0118 0.0210
66 0.0586 0.8154 0.1139 0.0039 0.0081
67 0.2737 0.0714 0.5977 0.0115 0.0457
68 0.2128 0.4102 0.3296 0.0406 0.0067
69 0.2201 0.4695 0.2761 0.0278 0.0066
70 0.2568 0.4333 0.2588 0.0293 0.0219
71 0.2407 0.5259 0.2244 0.0030 0.0061
72 0.2410 0.2546 0.4434 0.0425 0.0186
73 0.2128 0.4539 0.2585 0.0517 0.0231
74 0.1689 0.5542 0.2498 0.0115 0.0157
75 0.3276 0.3772 0.1941 0.0737 0.0275
76 0.2095 0.5024 0.2411 0.0347 0.0122
77 0.5024 0.2266 0.1737 0.0923 0.0048
78 0.3174 0.2737 0.2935 0.0983 0.0171
79 0.1560 0.5571 0.2759 0.0056 0.0052
80 0.3884 0.4070 0.1779 0.0146 0.0122
81 0.2393 0.3481 0.3882 0.0192 0.0053
82 0.1196 0.3572 0.3984 0.0468 0.0779
83 0.0599 0.7891 0.1201 0.0233 0.0074
84 0.2092 0.5137 0.1192 0.0865 0.0712
85 0.1381 0.2423 0.3994 0.2106 0.0095
86 0.2003 0.5156 0.2632 0.0060 0.0151
87 0.1527 0.2810 0.4490 0.0919 0.0255
88 0.1151 0.6621 0.1942 0.0106 0.0179
89 0.2571 0.2869 0.0491 0.0530 0.3540
90 0.4189 0.2444 0.0950 0.0137 0.2278
91 0.1443 0.2825 0.0561 0.0401 0.4771
92 0.2563 0.2297 0.1259 0.1340 0.2542
93 0.1202 0.6865 0.1121 0.0254 0.0559
94 0.1771 0.5898 0.1539 0.0557 0.0234
95 0.1392 0.0728 0.3994 0.1627 0.2258
96 0.2522 0.1043 0.0276 0.1219 0.4939
97 0.1158 0.1252 0.4373 0.2651 0.0565
98 0.1159 0.0822 0.3982 0.3406 0.0630
99 0.2443 0.2561 0.3445 0.0806 0.0745
100 0.0325 0.0544 0.3899 0.4929 0.0301
101 0.0447 0.2327 0.0565 0.6626 0.0034
102 0.2457 0.2135 0.1885 0.2576 0.0947
103 0.0306 0.0250 0.0546 0.3293 0.5605
104 0.0973 0.5557 0.2952 0.0384 0.0135
105 0.0538 0.6768 0.2412 0.0224 0.0059
106 0.1677 0.3389 0.3232 0.1017 0.0683
107 0.1279 0.2075 0.3848 0.2505 0.0294
108 0.2097 0.3623 0.2910 0.1113 0.0256
109 0.0826 0.2281 0.4397 0.0951 0.1544
110 0.1368 0.1456 0.3550 0.3037 0.0589
111 0.2617 0.1827 0.5122 0.0174 0.0257
112 0.0220 0.0417 0.1525 0.5322 0.2515
113 0.1638 0.0200 0.1976 0.5811 0.0377
114 0.1176 0.3196 0.2128 0.2128 0.1375
115 0.1075 0.4250 0.1401 0.1915 0.1359
116 0.1243 0.0803 0.7041 0.0417 0.0494
117 0.0486 0.3484 0.2979 0.2756 0.0295
118 0.0681 0.1038 0.3625 0.3918 0.0737
119 0.2500 0.1918 0.2581 0.2705 0.0296
120 0.2068 0.1525 0.4883 0.0822 0.0703
121 0.2057 0.4634 0.1553 0.0320 0.1436
122 0.1442 0.0573 0.1713 0.2164 0.4106
123 0.3110 0.1256 0.4893 0.0171 0.0571
124 0.1158 0.1547 0.0120 0.0189 0.6987
125 0.1334 0.1234 0.0273 0.0117 0.7041
126 0.3384 0.1661 0.3057 0.1433 0.0465
127 0.0960 0.1510 0.0121 0.0092 0.7319
128 0.2554 0.1624 0.5078 0.0574 0.0168
129 0.0976 0.2654 0.5889 0.0168 0.0314
130 0.1511 0.0420 0.0917 0.5356 0.1794
131 0.0767 0.5405 0.3489 0.0112 0.0227
132 0.0619 0.8413 0.0741 0.0103 0.0124
133 0.1830 0.1200 0.6338 0.0428 0.0205
134 0.1322 0.1322 0.1986 0.4475 0.0895
135 0.0383 0.0710 0.7749 0.0911 0.0247
136 0.0809 0.0836 0.1882 0.5117 0.1356
137 0.3523 0.2137 0.1842 0.0580 0.1917
138 0.3369 0.2043 0.1240 0.1289 0.2059
139 0.1666 0.6851 0.1172 0.0129 0.0180
140 0.0908 0.1130 0.7256 0.0564 0.0140
141 0.0764 0.4463 0.4062 0.0120 0.0590
142 0.2786 0.4182 0.1870 0.0837 0.0325
143 0.1140 0.5269 0.2527 0.0275 0.0789
144 0.0880 0.0894 0.0072 0.0066 0.8091
145 0.1265 0.4812 0.1503 0.1550 0.0870
146 0.2281 0.2061 0.3318 0.1165 0.1174
147 0.0992 0.7739 0.0961 0.0123 0.0182
148 0.1127 0.7637 0.0994 0.0095 0.0147
149 0.1252 0.4268 0.0137 0.0206 0.4136
150 0.2037 0.4380 0.2534 0.0491 0.0557
151 0.1102 0.0546 0.1415 0.4568 0.2369
152 0.3538 0.1779 0.2712 0.0909 0.1062
153 0.0424 0.7637 0.1576 0.0056 0.0310
154 0.1454 0.1548 0.6519 0.0243 0.0239
155 0.2174 0.2314 0.4900 0.0199 0.0412
156 0.0697 0.6562 0.1376 0.1158 0.0206
157 0.0469 0.0584 0.0026 0.0069 0.8853
158 0.2109 0.4534 0.0928 0.0581 0.1847
159 0.1848 0.3096 0.3914 0.1087 0.0055
160 0.1060 0.2351 0.5381 0.0935 0.0274
161 0.0538 0.7598 0.1473 0.0207 0.0182
162 0.1720 0.3999 0.1693 0.2174 0.0415
163 0.1556 0.5225 0.1820 0.0894 0.0505
164 0.5171 0.2725 0.1018 0.0222 0.0864
165 0.3259 0.2257 0.2810 0.1237 0.0438
166 0.1153 0.1017 0.0318 0.0227 0.7285
167 0.1444 0.3010 0.2134 0.0715 0.2698
168 0.2374 0.0975 0.2230 0.3245 0.1176
169 0.0703 0.5884 0.0433 0.2734 0.0247
170 0.0710 0.0971 0.0305 0.0377 0.7637
171 0.0206 0.0759 0.0068 0.0273 0.8691
172 0.2350 0.2107 0.3264 0.1591 0.0689
173 0.3101 0.2529 0.1465 0.1851 0.1055
174 0.0351 0.5659 0.0854 0.2983 0.0150
175 0.0118 0.5425 0.2563 0.1875 0.0017
176 0.0228 0.3154 0.1561 0.4661 0.0395
177 0.1656 0.4502 0.2391 0.0098 0.1351
178 0.0559 0.8740 0.0432 0.0224 0.0047
179 0.0721 0.6846 0.1504 0.0688 0.0238
180 0.1338 0.4973 0.1092 0.2106 0.0492
181 0.2305 0.3352 0.1881 0.1823 0.0640
182 0.1636 0.7217 0.0992 0.0110 0.0044
183 0.0333 0.0623 0.6191 0.2705 0.0146
184 0.1737 0.0189 0.1290 0.3735 0.3049
185 0.0823 0.2102 0.6577 0.0247 0.0251
186 0.1615 0.4060 0.1318 0.1146 0.1859
187 0.1624 0.6680 0.0940 0.0437 0.0322
188 0.0706 0.0668 0.8071 0.0210 0.0344
189 0.0311 0.8599 0.0746 0.0187 0.0156
190 0.3584 0.2791 0.1426 0.0399 0.1802
191 0.0354 0.3518 0.4961 0.1024 0.0145
192 0.3108 0.3867 0.2135 0.0579 0.0312
193 0.2625 0.3242 0.3318 0.0358 0.0456
194 0.1213 0.0874 0.1969 0.4873 0.1071
195 0.0959 0.2690 0.2488 0.3677 0.0184
196 0.0663 0.6104 0.3020 0.0085 0.0129
197 0.1680 0.1288 0.2856 0.4028 0.0146
198 0.5181 0.1735 0.2563 0.0268 0.0254
199 0.2520 0.4026 0.2294 0.1018 0.0144
200 0.2988 0.5005 0.1550 0.0360 0.0096
201 0.1736 0.4165 0.3000 0.0807 0.0292
202 0.2981 0.5566 0.0262 0.0578 0.0610
203 0.1152 0.5127 0.3157 0.0253 0.0312
204 0.0364 0.4197 0.4829 0.0505 0.0106
205 0.1302 0.6118 0.2081 0.0420 0.0081
206 0.4802 0.3459 0.0848 0.0848 0.0042
207 0.0467 0.1104 0.2094 0.5781 0.0555
208 0.3337 0.1528 0.4221 0.0508 0.0405
209 0.0593 0.0693 0.8579 0.0042 0.0093
210 0.0911 0.5327 0.3386 0.0282 0.0091
211 0.3196 0.0975 0.1510 0.3298 0.1022
212 0.3196 0.0975 0.1510 0.3298 0.1022
