time exciting_prob fearful_prob tense_prob sad_prob relaxing_prob
0 0.2744 0.2008 0.1026 0.3638 0.0584
1 0.4778 0.2700 0.1017 0.0360 0.1144
2 0.1862 0.7080 0.0364 0.0352 0.0339
3 0.2123 0.2522 0.0618 0.4355 0.0381
4 0.1652 0.1814 0.1401 0.4282 0.0850
5 0.1649 0.0480 0.1367 0.5942 0.0561
6 0.1407 0.1646 0.1808 0.4404 0.0736
7 0.1026 0.1414 0.3901 0.2559 0.1100
8 0.2316 0.0966 0.1735 0.1508 0.3477
9 0.4150 0.0919 0.1899 0.0863 0.2169
10 0.7847 0.0062 0.0197 0.1185 0.0707
11 0.9546 0.0067 0.0097 0.0110 0.0180
12 0.9429 0.0287 0.0158 0.0024 0.0103
13 0.9526 0.0219 0.0119 0.0036 0.0100
14 0.9482 0.0243 0.0128 0.0025 0.0120
15 0.6709 0.0880 0.0356 0.0860 0.1194
16 0.6997 0.1226 0.0557 0.0195 0.1024
17 0.3921 0.2051 0.1064 0.0249 0.2717
18 0.5869 0.0478 0.0537 0.2263 0.0852
19 0.7466 0.0524 0.0082 0.0274 0.1653
20 0.7671 0.0453 0.0282 0.0391 0.1204
21 0.8564 0.0743 0.0188 0.0138 0.0365
22 0.7466 0.0711 0.0100 0.0734 0.0988
23 0.4011 0.0300 0.0091 0.5483 0.0115
24 0.7285 0.0617 0.0123 0.0496 0.1479
25 0.4062 0.0204 0.0339 0.3699 0.1694
26 0.6509 0.0237 0.0736 0.1396 0.1122
27 0.6123 0.0265 0.1366 0.0932 0.1313
28 0.5635 0.0238 0.1181 0.1627 0.1318
29 0.6055 0.0240 0.1495 0.1192 0.1019
30 0.2006 0.0317 0.1515 0.5283 0.0876
31 0.1075 0.0668 0.2173 0.5908 0.0177
32 0.1824 0.1023 0.3860 0.3054 0.0239
33 0.4648 0.3220 0.1166 0.0376 0.0591
34 0.1017 0.7578 0.0667 0.0652 0.0084
35 0.1251 0.6504 0.1130 0.0981 0.0136
36 0.2935 0.3250 0.2756 0.0815 0.0245
37 0.3298 0.4136 0.1671 0.0370 0.0526
38 0.3535 0.3943 0.1581 0.0387 0.0555
39 0.0995 0.2386 0.2622 0.3640 0.0358
40 0.3247 0.3767 0.2375 0.0400 0.0212
41 0.3347 0.1241 0.1193 0.3914 0.0306
42 0.4165 0.3096 0.0974 0.1373 0.0391
43 0.4282 0.3389 0.0511 0.1600 0.0218
44 0.0616 0.0560 0.1262 0.7495 0.0064
45 0.2546 0.2355 0.2754 0.1877 0.0468
46 0.1145 0.4600 0.2622 0.1541 0.0092
47 0.1644 0.0432 0.1261 0.6108 0.0555
48 0.3533 0.1791 0.0929 0.3118 0.0629
49 0.3108 0.4316 0.1050 0.0727 0.0798
50 0.2123 0.6191 0.1127 0.0421 0.0140
51 0.5391 0.1062 0.0702 0.2468 0.0376
52 0.2247 0.0649 0.1879 0.2450 0.2776
53 0.2698 0.1082 0.2117 0.1489 0.2615
54 0.2803 0.1896 0.3625 0.0854 0.0822
55 0.0371 0.1917 0.6792 0.0580 0.0338
56 0.0267 0.2039 0.7002 0.0211 0.0480
57 0.0732 0.2086 0.3960 0.1337 0.1885
58 0.0450 0.0748 0.0931 0.0136 0.7734
59 0.0687 0.0345 0.0198 0.0067 0.8701
60 0.4106 0.0582 0.0124 0.0275 0.4915
61 0.1558 0.0230 0.0119 0.0183 0.7910
62 0.2184 0.2615 0.1927 0.2805 0.0469
63 0.4673 0.2090 0.1414 0.0812 0.1011
64 0.4172 0.3625 0.2002 0.0167 0.0032
65 0.1512 0.5278 0.2915 0.0259 0.0032
66 0.0343 0.0280 0.0515 0.8569 0.0293
67 0.2542 0.0793 0.1239 0.4126 0.1299
68 0.2338 0.6304 0.0702 0.0136 0.0518
69 0.1627 0.6904 0.0885 0.0067 0.0516
70 0.0898 0.1960 0.1813 0.5083 0.0244
71 0.2462 0.1101 0.3313 0.2386 0.0739
72 0.2380 0.1008 0.3306 0.2573 0.0732
73 0.2152 0.1433 0.2186 0.3718 0.0511
74 0.1603 0.1201 0.2261 0.3091 0.1846
75 0.1250 0.2605 0.3450 0.2263 0.0432
76 0.3105 0.3359 0.0897 0.2069 0.0570
77 0.1735 0.4790 0.0425 0.1655 0.1394
78 0.1648 0.4375 0.0483 0.2893 0.0602
79 0.0987 0.1932 0.2683 0.3289 0.1110
80 0.0592 0.2004 0.4048 0.2534 0.0822
81 0.0286 0.3882 0.5391 0.0073 0.0367
82 0.0998 0.5610 0.3198 0.0046 0.0147
83 0.0435 0.3752 0.4526 0.0067 0.1218
84 0.4636 0.1360 0.0734 0.3137 0.0133
85 0.3174 0.2491 0.1177 0.3030 0.0128
86 0.0525 0.5967 0.2952 0.0020 0.0538
87 0.0311 0.7036 0.2356 0.0034 0.0264
88 0.1048 0.0194 0.1048 0.7505 0.0206
89 0.3474 0.2260 0.1219 0.2791 0.0258
90 0.5117 0.1500 0.1016 0.2218 0.0150
91 0.3848 0.1655 0.0996 0.3069 0.0432
92 0.0531 0.0597 0.1421 0.7104 0.0348
93 0.1863 0.5825 0.1473 0.0501 0.0337
94 0.2727 0.4639 0.0537 0.1382 0.0717
95 0.3044 0.4978 0.0418 0.1289 0.0270
96 0.1307 0.1191 0.1076 0.3137 0.3289
97 0.2219 0.2255 0.0947 0.1840 0.2739
98 0.1514 0.1825 0.1284 0.1032 0.4346
99 0.2365 0.2401 0.0651 0.4214 0.0368
100 0.0532 0.1058 0.1689 0.6582 0.0141
101 0.0294 0.8003 0.1552 0.0034 0.0117
102 0.2644 0.5913 0.1155 0.0147 0.0140
103 0.0176 0.1020 0.7534 0.1211 0.0058
104 0.2169 0.0499 0.0823 0.2457 0.4053
105 0.1970 0.2866 0.3376 0.1431 0.0356
106 0.1898 0.0726 0.6626 0.0704 0.0044
107 0.1129 0.0966 0.7310 0.0563 0.0034
108 0.1274 0.1116 0.4736 0.2742 0.0133
109 0.3281 0.3083 0.2537 0.0933 0.0167
110 0.5840 0.1794 0.0720 0.0192 0.1454
111 0.0669 0.1013 0.1240 0.6655 0.0425
112 0.0349 0.1002 0.7461 0.1126 0.0063
113 0.6021 0.0725 0.0233 0.0587 0.2433
114 0.4902 0.0788 0.0418 0.2158 0.1735
115 0.2032 0.4202 0.0620 0.2756 0.0391
116 0.3704 0.1696 0.1921 0.0471 0.2211
117 0.0995 0.3286 0.2878 0.2747 0.0093
118 0.0757 0.2747 0.6289 0.0143 0.0062
119 0.0942 0.4712 0.2859 0.0493 0.0995
120 0.0922 0.0936 0.1077 0.3477 0.3589
121 0.4248 0.3838 0.1677 0.0128 0.0108
122 0.2595 0.5894 0.1009 0.0462 0.0038
123 0.5308 0.3096 0.1202 0.0237 0.0159
124 0.3264 0.4602 0.1085 0.0988 0.0062
125 0.2676 0.1490 0.2805 0.2595 0.0434
126 0.2893 0.2134 0.2915 0.1624 0.0433
127 0.1327 0.0986 0.4216 0.3135 0.0335
128 0.2727 0.0360 0.5093 0.1506 0.0313
129 0.0983 0.1431 0.1986 0.5400 0.0203
130 0.2898 0.0830 0.3838 0.2292 0.0141
131 0.1844 0.0529 0.4028 0.3394 0.0205
132 0.2146 0.0256 0.0881 0.6309 0.0410
133 0.1392 0.0473 0.2854 0.5171 0.0112
134 0.2024 0.0694 0.2854 0.4026 0.0402
135 0.1639 0.0892 0.3813 0.3262 0.0396
136 0.1865 0.0423 0.3376 0.3826 0.0510
137 0.7476 0.1372 0.0183 0.0323 0.0648
138 0.8486 0.0665 0.0135 0.0436 0.0279
139 0.6250 0.1193 0.0457 0.1805 0.0292
140 0.3977 0.1807 0.2412 0.1301 0.0502
141 0.4805 0.0665 0.2217 0.2098 0.0216
142 0.1471 0.2279 0.1229 0.4392 0.0628
143 0.2566 0.3945 0.1428 0.1521 0.0538
144 0.2932 0.3823 0.1311 0.1395 0.0538
145 0.2356 0.3376 0.3794 0.0219 0.0254
146 0.4268 0.2097 0.2113 0.1272 0.0250
147 0.2458 0.5244 0.1379 0.0836 0.0080
148 0.3838 0.4282 0.1135 0.0383 0.0363
149 0.4502 0.2839 0.0724 0.1260 0.0674
150 0.3752 0.3840 0.0603 0.0558 0.1247
151 0.0464 0.8232 0.0615 0.0650 0.0040
152 0.1097 0.4141 0.1986 0.2512 0.0265
153 0.0916 0.1851 0.2302 0.4724 0.0208
154 0.2185 0.1869 0.0903 0.4846 0.0197
155 0.4543 0.1407 0.1594 0.0909 0.1545
156 0.2817 0.4795 0.1203 0.0460 0.0724
157 0.2443 0.5254 0.1200 0.0549 0.0554
158 0.1718 0.2122 0.1306 0.3665 0.1190
159 0.1328 0.0956 0.0851 0.5952 0.0912
160 0.3191 0.0789 0.1165 0.4197 0.0659
161 0.0146 0.0188 0.0091 0.9468 0.0108
162 0.0834 0.1451 0.0482 0.5186 0.2047
163 0.0488 0.2744 0.0891 0.5288 0.0589
164 0.0306 0.1350 0.0769 0.7412 0.0165
165 0.1127 0.0980 0.0474 0.7236 0.0183
166 0.2791 0.0418 0.1747 0.4602 0.0442
167 0.4185 0.2876 0.2039 0.0330 0.0571
168 0.4524 0.1976 0.2039 0.0912 0.0549
169 0.2191 0.1110 0.0899 0.4094 0.1707
170 0.2373 0.0989 0.1342 0.4795 0.0501
171 0.0869 0.3152 0.1796 0.3152 0.1031
172 0.1364 0.6113 0.1606 0.0610 0.0307
173 0.0536 0.0626 0.0234 0.8379 0.0225
174 0.3259 0.2188 0.1423 0.1199 0.1931
175 0.4067 0.3535 0.1310 0.0887 0.0201
176 0.3601 0.0307 0.0234 0.5664 0.0194
177 0.4998 0.1548 0.0293 0.2986 0.0175
178 0.0745 0.2404 0.1436 0.5249 0.0165
179 0.0543 0.1570 0.5566 0.2249 0.0075
180 0.1137 0.5640 0.2484 0.0701 0.0036
181 0.3115 0.5215 0.1128 0.0489 0.0052
182 0.4578 0.3767 0.0967 0.0629 0.0059
183 0.0145 0.2372 0.7422 0.0024 0.0038
184 0.0885 0.3018 0.5815 0.0207 0.0073
185 0.0813 0.4465 0.2335 0.2194 0.0193
186 0.1438 0.1028 0.4980 0.2390 0.0164
187 0.5293 0.1471 0.1553 0.0695 0.0987
188 0.0618 0.1578 0.0928 0.6543 0.0331
189 0.0378 0.2732 0.4946 0.1395 0.0547
190 0.0928 0.0648 0.2029 0.6152 0.0244
191 0.0651 0.5845 0.2399 0.1016 0.0092
192 0.1914 0.2169 0.5161 0.0351 0.0404
193 0.1790 0.3730 0.2771 0.0294 0.1416
194 0.1638 0.4055 0.3108 0.0762 0.0437
195 0.2932 0.2888 0.1864 0.2214 0.0100
196 0.3174 0.2491 0.2081 0.1865 0.0388
197 0.2842 0.2529 0.2412 0.1954 0.0262
198 0.0981 0.3818 0.3879 0.1086 0.0237
199 0.1661 0.0362 0.1216 0.6675 0.0085
200 0.2449 0.3296 0.3677 0.0326 0.0254
201 0.0891 0.1978 0.0775 0.6235 0.0122
202 0.3965 0.2661 0.1787 0.1219 0.0366
203 0.4343 0.0523 0.1089 0.3862 0.0183
204 0.3003 0.1158 0.1418 0.3977 0.0443
205 0.0929 0.4231 0.2566 0.2111 0.0165
206 0.1224 0.5977 0.2114 0.0616 0.0069
207 0.2369 0.2445 0.3447 0.1339 0.0399
208 0.1511 0.1420 0.4653 0.1852 0.0565
209 0.7388 0.0606 0.1064 0.0569 0.0374
210 0.2313 0.0995 0.4155 0.1470 0.1067
211 0.2578 0.3418 0.1481 0.1801 0.0722
212 0.1633 0.1725 0.5439 0.1063 0.0137
213 0.3911 0.0372 0.0729 0.3645 0.1342
214 0.3030 0.5073 0.0903 0.0526 0.0468
215 0.1036 0.3560 0.1240 0.3503 0.0663
216 0.0452 0.1136 0.3340 0.4861 0.0210
217 0.6953 0.0225 0.0905 0.1614 0.0301
218 0.1543 0.3242 0.0723 0.3503 0.0988
219 0.1246 0.1327 0.0994 0.6230 0.0202
220 0.2191 0.1554 0.2042 0.3936 0.0278
221 0.2092 0.1604 0.3093 0.2927 0.0283
222 0.3120 0.1544 0.1619 0.2751 0.0966
