time exciting_prob fearful_prob tense_prob sad_prob relaxing_prob
0 0.5073 0.0373 0.0413 0.2891 0.1252
1 0.2725 0.1505 0.2482 0.3186 0.0102
2 0.0854 0.4443 0.3005 0.1187 0.0510
3 0.4148 0.0110 0.0536 0.5005 0.0202
4 0.7480 0.0020 0.0019 0.0031 0.2449
5 0.1948 0.0418 0.0098 0.0183 0.7354
6 0.3550 0.0622 0.0121 0.0033 0.5674
7 0.3210 0.0995 0.0146 0.0012 0.5635
8 0.5928 0.0225 0.0058 0.0019 0.3770
9 0.9009 0.0336 0.0029 0.0005 0.0623
10 0.7637 0.0528 0.1033 0.0267 0.0536
11 0.1321 0.1113 0.2979 0.4470 0.0119
12 0.3210 0.1277 0.1602 0.3811 0.0102
13 0.8706 0.0671 0.0121 0.0420 0.0081
14 0.4326 0.1394 0.0723 0.2061 0.1495
15 0.1704 0.4282 0.2328 0.1539 0.0147
16 0.4075 0.1711 0.0291 0.0036 0.3887
17 0.4277 0.1927 0.0303 0.0029 0.3464
18 0.1155 0.3643 0.3191 0.1935 0.0076
19 0.6953 0.0553 0.0673 0.1718 0.0102
20 0.0835 0.1796 0.6074 0.1215 0.0081
21 0.1816 0.1019 0.1705 0.4424 0.1035
22 0.1207 0.3306 0.2783 0.2495 0.0210
23 0.1393 0.2727 0.3784 0.1963 0.0134
24 0.0842 0.1000 0.2255 0.5669 0.0236
25 0.0768 0.1772 0.1947 0.4744 0.0768
26 0.0421 0.1200 0.2349 0.5903 0.0125
27 0.6797 0.1200 0.0884 0.0035 0.1084
28 0.6396 0.1655 0.1183 0.0119 0.0648
29 0.1530 0.0695 0.1875 0.5508 0.0390
30 0.1293 0.2148 0.1313 0.4619 0.0625
31 0.0424 0.3311 0.4185 0.1857 0.0225
32 0.0665 0.4170 0.3679 0.1302 0.0183
33 0.1150 0.3713 0.4409 0.0656 0.0074
34 0.2820 0.2338 0.1375 0.0120 0.3350
35 0.1135 0.1171 0.1814 0.4490 0.1390
36 0.0734 0.2993 0.2405 0.3088 0.0781
37 0.0792 0.3035 0.3130 0.0925 0.2118
38 0.5278 0.0687 0.1377 0.0703 0.1957
39 0.1865 0.0596 0.1355 0.3652 0.2529
40 0.0560 0.1097 0.1766 0.2065 0.4512
41 0.0622 0.2008 0.3994 0.2137 0.1237
42 0.0762 0.4597 0.1425 0.1470 0.1746
43 0.1517 0.0396 0.1591 0.5728 0.0769
44 0.1670 0.1096 0.1724 0.1863 0.3647
45 0.5513 0.3142 0.0537 0.0336 0.0471
46 0.2046 0.0840 0.1406 0.1342 0.4365
47 0.0971 0.1144 0.0850 0.0504 0.6533
48 0.3840 0.3496 0.0721 0.1287 0.0657
49 0.0834 0.1836 0.3403 0.1864 0.2064
50 0.1752 0.5566 0.2017 0.0475 0.0189
51 0.2186 0.6035 0.1490 0.0063 0.0223
52 0.4102 0.3914 0.1241 0.0353 0.0391
53 0.5010 0.1931 0.0170 0.0056 0.2832
54 0.1155 0.2524 0.1604 0.4431 0.0285
55 0.1471 0.5425 0.1816 0.0751 0.0537
56 0.4768 0.1987 0.0772 0.0289 0.2183
57 0.1107 0.1869 0.3130 0.3745 0.0149
58 0.5903 0.2876 0.0562 0.0244 0.0417
59 0.1838 0.2695 0.2825 0.2551 0.0089
60 0.0546 0.4502 0.4790 0.0103 0.0059
61 0.0548 0.0889 0.1942 0.6270 0.0354
62 0.2135 0.1490 0.0856 0.5283 0.0232
63 0.3940 0.0997 0.0449 0.0285 0.4329
64 0.5586 0.1041 0.0492 0.0589 0.2292
65 0.1174 0.0058 0.0311 0.8408 0.0048
66 0.0921 0.0486 0.1111 0.7021 0.0460
67 0.3831 0.2288 0.0420 0.3303 0.0159
68 0.3428 0.0649 0.0542 0.4199 0.1184
69 0.3801 0.1355 0.0574 0.0031 0.4241
70 0.4229 0.2666 0.0833 0.0981 0.1290
71 0.2571 0.3101 0.0258 0.2114 0.1956
72 0.5166 0.3308 0.0750 0.0101 0.0677
73 0.4795 0.1984 0.1193 0.0908 0.1121
74 0.2031 0.0137 0.0266 0.6870 0.0696
75 0.5083 0.1703 0.1188 0.0310 0.1716
76 0.1086 0.1907 0.0595 0.6348 0.0063
77 0.4385 0.1827 0.0627 0.2876 0.0287
78 0.3940 0.1818 0.0981 0.2125 0.1138
79 0.1326 0.2827 0.1116 0.4380 0.0351
80 0.1268 0.0878 0.0812 0.6592 0.0449
81 0.5439 0.0875 0.0655 0.2452 0.0578
82 0.4265 0.1251 0.0765 0.3169 0.0551
83 0.4031 0.1733 0.1654 0.0900 0.1681
84 0.4849 0.0284 0.0869 0.2400 0.1599
85 0.2754 0.1130 0.2467 0.3535 0.0115
86 0.2720 0.0322 0.2761 0.3774 0.0420
87 0.4177 0.1064 0.1187 0.0875 0.2698
88 0.3416 0.4744 0.0699 0.0236 0.0905
89 0.3997 0.3667 0.0637 0.0194 0.1505
90 0.2788 0.2240 0.1277 0.2620 0.1075
91 0.3794 0.1737 0.0555 0.0564 0.3350
92 0.4158 0.3528 0.0935 0.1119 0.0262
93 0.7407 0.1678 0.0399 0.0105 0.0411
94 0.7568 0.1017 0.0265 0.0532 0.0616
95 0.5376 0.3525 0.0608 0.0092 0.0402
96 0.5327 0.3037 0.0398 0.0970 0.0267
97 0.2340 0.6069 0.1407 0.0078 0.0105
98 0.5908 0.2600 0.0390 0.0657 0.0445
99 0.6562 0.2568 0.0367 0.0286 0.0218
100 0.7012 0.1565 0.0673 0.0508 0.0244
101 0.3181 0.5581 0.0897 0.0026 0.0312
102 0.4473 0.2529 0.0901 0.0080 0.2017
103 0.4617 0.2800 0.0410 0.0027 0.2147
104 0.5903 0.0756 0.0594 0.1267 0.1481
105 0.0833 0.0563 0.0446 0.0505 0.7656
106 0.3206 0.2457 0.0455 0.0134 0.3748
107 0.1779 0.3196 0.2000 0.0069 0.2957
108 0.3435 0.3179 0.0785 0.0028 0.2573
109 0.1605 0.1012 0.2524 0.4644 0.0214
110 0.1000 0.0317 0.0731 0.7622 0.0332
111 0.4465 0.3291 0.0752 0.1289 0.0202
112 0.2981 0.2360 0.1205 0.2981 0.0472
113 0.1243 0.3596 0.0999 0.3540 0.0625
114 0.3804 0.3303 0.0737 0.0228 0.1927
115 0.1300 0.1221 0.2428 0.4609 0.0442
116 0.0842 0.4019 0.1624 0.3384 0.0130
117 0.2856 0.0706 0.1019 0.5254 0.0163
118 0.4482 0.2656 0.1927 0.0484 0.0451
119 0.0559 0.0385 0.0718 0.8096 0.0244
120 0.4158 0.1163 0.0240 0.0015 0.4424
121 0.2678 0.0774 0.2556 0.3550 0.0441
122 0.0778 0.0910 0.3542 0.4548 0.0221
123 0.4893 0.3259 0.0986 0.0159 0.0705
124 0.3601 0.3081 0.1008 0.1057 0.1255
125 0.2126 0.3218 0.2883 0.1736 0.0038
126 0.7109 0.1611 0.0523 0.0404 0.0354
127 0.0812 0.1277 0.2278 0.5293 0.0338
128 0.6968 0.1416 0.0685 0.0581 0.0350
129 0.3176 0.1610 0.2474 0.2634 0.0106
130 0.4163 0.4644 0.0489 0.0102 0.0604
131 0.1799 0.3467 0.1445 0.3232 0.0056
132 0.7256 0.1764 0.0311 0.0134 0.0534
133 0.2394 0.1953 0.0967 0.4199 0.0486
134 0.1092 0.2461 0.3159 0.2423 0.0864
135 0.1782 0.5317 0.2473 0.0293 0.0132
136 0.0311 0.1439 0.2563 0.5181 0.0505
137 0.0694 0.1564 0.2537 0.4968 0.0238
138 0.3416 0.0716 0.0240 0.0174 0.5454
139 0.5342 0.2927 0.0210 0.0179 0.1340
140 0.0566 0.0333 0.2203 0.6787 0.0113
141 0.0276 0.0540 0.1665 0.7461 0.0057
142 0.5996 0.2479 0.0824 0.0249 0.0452
143 0.4316 0.3157 0.1401 0.0185 0.0941
144 0.3765 0.3455 0.0522 0.1685 0.0573
145 0.2920 0.2556 0.1930 0.0721 0.1871
146 0.2435 0.2551 0.1674 0.1398 0.1941
147 0.2959 0.1609 0.2632 0.0587 0.2216
148 0.4172 0.3860 0.0245 0.0778 0.0945
149 0.3120 0.5737 0.0149 0.0193 0.0801
150 0.4653 0.0916 0.1453 0.2800 0.0178
151 0.2979 0.2754 0.1724 0.1792 0.0753
152 0.3584 0.1874 0.1517 0.1589 0.1437
153 0.3494 0.2153 0.2119 0.0477 0.1757
154 0.4592 0.1316 0.1538 0.1812 0.0743
155 0.3364 0.0927 0.1228 0.4121 0.0360
156 0.6001 0.2191 0.0358 0.0258 0.1191
157 0.3638 0.1403 0.0688 0.0308 0.3965
158 0.3062 0.1539 0.0608 0.0051 0.4741
159 0.4944 0.1279 0.0664 0.0206 0.2908
160 0.4590 0.1188 0.0310 0.0019 0.3894
161 0.3796 0.3708 0.0113 0.0267 0.2113
162 0.2272 0.3384 0.1188 0.2253 0.0903
163 0.3135 0.2991 0.0688 0.0289 0.2898
164 0.4590 0.1742 0.0430 0.0011 0.3228
165 0.0880 0.3267 0.2228 0.1020 0.2605
166 0.0756 0.4316 0.1855 0.2742 0.0330
167 0.3577 0.1368 0.0580 0.1033 0.3440
168 0.2861 0.2839 0.2144 0.1112 0.1044
169 0.2233 0.2340 0.3005 0.1088 0.1333
170 0.2761 0.0667 0.2595 0.3601 0.0377
171 0.1332 0.1213 0.0938 0.0730 0.5786
172 0.0706 0.4749 0.3018 0.0613 0.0914
173 0.2100 0.0790 0.0726 0.1388 0.4998
174 0.0355 0.2352 0.4395 0.1094 0.1804
175 0.0715 0.3984 0.2654 0.2289 0.0356
176 0.3013 0.1143 0.1091 0.2054 0.2700
177 0.3035 0.0636 0.2291 0.3777 0.0261
178 0.5122 0.1198 0.1515 0.1390 0.0773
179 0.1852 0.3030 0.2632 0.1186 0.1302
180 0.2666 0.3215 0.0165 0.0015 0.3938
181 0.4373 0.0454 0.1215 0.3740 0.0218
182 0.3779 0.1527 0.1871 0.0380 0.2440
183 0.1550 0.2102 0.1538 0.3386 0.1422
184 0.0372 0.4155 0.3018 0.1414 0.1042
185 0.2571 0.5190 0.0342 0.0397 0.1499
186 0.5566 0.0990 0.1241 0.2031 0.0172
187 0.3293 0.1290 0.1021 0.3293 0.1103
188 0.5034 0.0924 0.1141 0.0835 0.2067
189 0.5625 0.0786 0.1990 0.0710 0.0890
190 0.3972 0.1077 0.0707 0.3293 0.0951
191 0.3059 0.2966 0.0305 0.3284 0.0386
192 0.4749 0.1027 0.0613 0.2747 0.0865
193 0.2334 0.1543 0.2228 0.3616 0.0281
194 0.5166 0.1316 0.1445 0.1033 0.1041
195 0.2710 0.0505 0.4612 0.0675 0.1497
196 0.1147 0.1061 0.4683 0.2144 0.0966
197 0.2529 0.1672 0.2935 0.2651 0.0214
198 0.3242 0.3293 0.1406 0.0573 0.1484
199 0.0608 0.1154 0.1119 0.0580 0.6538
200 0.1004 0.1020 0.2563 0.0770 0.4644
201 0.0515 0.2186 0.3835 0.3281 0.0181
202 0.0627 0.3611 0.2480 0.3186 0.0096
203 0.3027 0.1685 0.0471 0.0020 0.4797
204 0.1993 0.1932 0.1328 0.4670 0.0076
205 0.3162 0.2278 0.1201 0.1666 0.1693
206 0.1409 0.2632 0.5317 0.0522 0.0120
207 0.5659 0.1726 0.0502 0.0078 0.2034
208 0.2101 0.0829 0.2344 0.3923 0.0803
209 0.1056 0.2455 0.3054 0.2201 0.1234
210 0.1825 0.1466 0.3152 0.1489 0.2068
211 0.1326 0.2290 0.3281 0.0588 0.2515
212 0.1945 0.1526 0.2383 0.0626 0.3521
213 0.1288 0.1415 0.2227 0.0712 0.4358
214 0.1205 0.2781 0.2654 0.0208 0.3152
215 0.2404 0.1814 0.0844 0.2499 0.2441
216 0.4705 0.1976 0.0500 0.0508 0.2311
217 0.4961 0.1142 0.0556 0.0189 0.3152
218 0.0883 0.0503 0.5669 0.1812 0.1134
219 0.3643 0.0508 0.0892 0.3315 0.1642
220 0.4014 0.0531 0.0815 0.3433 0.1205
221 0.2983 0.6416 0.0136 0.0324 0.0141
222 0.7095 0.1852 0.0147 0.0822 0.0083
223 0.1322 0.6260 0.1385 0.0847 0.0185
224 0.3562 0.0586 0.0439 0.4229 0.1183
225 0.4277 0.3574 0.1082 0.0842 0.0227
226 0.4390 0.0320 0.0381 0.3640 0.1268
227 0.3921 0.0495 0.0356 0.3984 0.1244
228 0.4111 0.0773 0.0511 0.1598 0.3008
229 0.3298 0.1332 0.3977 0.0379 0.1014
230 0.5420 0.2500 0.1298 0.0562 0.0222
231 0.5894 0.1378 0.1245 0.1235 0.0247
232 0.7100 0.1344 0.0137 0.0022 0.1398
233 0.5757 0.2151 0.0291 0.0276 0.1526
234 0.6104 0.1580 0.0384 0.0989 0.0944
235 0.5347 0.0425 0.0264 0.0256 0.3706
236 0.2446 0.1394 0.2563 0.0690 0.2905
237 0.2844 0.2888 0.3174 0.0252 0.0841
238 0.4912 0.3271 0.0834 0.0777 0.0204
239 0.3323 0.1148 0.0297 0.0045 0.5186
240 0.5259 0.0581 0.0435 0.2686 0.1043
241 0.6406 0.0654 0.0620 0.1251 0.1071
242 0.2886 0.1697 0.2979 0.0952 0.1486
243 0.2327 0.0792 0.0531 0.0593 0.5757
244 0.3889 0.0815 0.0337 0.0039 0.4917
245 0.2563 0.3818 0.2012 0.0776 0.0832
246 0.7090 0.0172 0.0887 0.1765 0.0085
247 0.1722 0.0329 0.2354 0.4756 0.0839
248 0.7632 0.0333 0.0411 0.1285 0.0341
249 0.7437 0.1313 0.0772 0.0271 0.0206
250 0.7905 0.0974 0.0620 0.0175 0.0324
251 0.7954 0.0950 0.0604 0.0169 0.0326
252 0.8076 0.0964 0.0550 0.0124 0.0285
253 0.8076 0.0964 0.0550 0.0124 0.0285
254 0.8076 0.0964 0.0550 0.0124 0.0285
255 0.8076 0.0964 0.0550 0.0124 0.0285
256 0.8076 0.0964 0.0550 0.0124 0.0285
257 0.8008 0.0956 0.0580 0.0149 0.0306
258 0.8076 0.0964 0.0550 0.0124 0.0285
