time exciting_prob fearful_prob tense_prob sad_prob relaxing_prob
0 0.2000 0.1464 0.2712 0.0654 0.3171
1 0.1659 0.5273 0.2081 0.0132 0.0854
2 0.3057 0.2437 0.3081 0.0354 0.1073
3 0.3535 0.1805 0.2839 0.0490 0.1331
4 0.1887 0.4600 0.0567 0.2041 0.0906
5 0.1301 0.2266 0.0502 0.5269 0.0665
6 0.2683 0.2900 0.3162 0.0220 0.1035
7 0.2021 0.3494 0.3467 0.0162 0.0856
8 0.2041 0.4636 0.1602 0.0851 0.0871
9 0.0338 0.2969 0.4670 0.1947 0.0076
10 0.0573 0.3594 0.4543 0.1262 0.0028
11 0.3445 0.3696 0.0871 0.0098 0.1888
12 0.1794 0.3223 0.1233 0.0096 0.3652
13 0.1876 0.2861 0.2408 0.0083 0.2773
14 0.0620 0.3979 0.1464 0.3740 0.0197
15 0.0778 0.5742 0.1595 0.1547 0.0337
16 0.2930 0.3142 0.2410 0.0081 0.1439
17 0.2050 0.4409 0.2532 0.0100 0.0909
18 0.1025 0.0750 0.2460 0.5288 0.0477
19 0.0629 0.2820 0.1439 0.4365 0.0747
20 0.4529 0.2856 0.2139 0.0177 0.0301
21 0.1172 0.2406 0.2600 0.3445 0.0375
22 0.1616 0.0706 0.2502 0.1591 0.3584
23 0.1406 0.2014 0.2111 0.3535 0.0936
24 0.2759 0.2200 0.1124 0.0535 0.3381
25 0.0543 0.4170 0.3857 0.1333 0.0098
26 0.2632 0.1597 0.0889 0.3274 0.1609
27 0.2861 0.1722 0.1907 0.0292 0.3218
28 0.3901 0.2137 0.1665 0.0287 0.2008
29 0.1230 0.0559 0.1997 0.5601 0.0614
30 0.3555 0.1801 0.0689 0.1978 0.1978
31 0.1709 0.0776 0.0814 0.5918 0.0782
32 0.0360 0.1539 0.1771 0.6182 0.0149
33 0.1541 0.2040 0.4456 0.1718 0.0246
34 0.1241 0.1384 0.2264 0.4646 0.0464
35 0.3459 0.1621 0.1431 0.2959 0.0530
36 0.0855 0.3572 0.5195 0.0280 0.0097
37 0.0642 0.6001 0.3162 0.0165 0.0032
38 0.3982 0.4995 0.0531 0.0203 0.0289
39 0.2217 0.1150 0.2217 0.3772 0.0645
40 0.1375 0.5146 0.1071 0.1545 0.0861
41 0.1661 0.1466 0.3804 0.2961 0.0105
42 0.0310 0.7505 0.1410 0.0715 0.0061
43 0.2081 0.6514 0.0692 0.0522 0.0194
44 0.5674 0.2137 0.0594 0.0236 0.1359
45 0.0702 0.0748 0.1738 0.6558 0.0254
46 0.4192 0.3164 0.0384 0.0643 0.1616
47 0.2201 0.1942 0.2397 0.1824 0.1636
48 0.1103 0.4905 0.2372 0.0914 0.0707
49 0.1432 0.0351 0.1224 0.5752 0.1243
50 0.3762 0.4680 0.0735 0.0319 0.0505
51 0.5640 0.2463 0.0183 0.0333 0.1382
52 0.1901 0.2854 0.2722 0.2087 0.0434
53 0.1436 0.0871 0.0496 0.2025 0.5171
54 0.4170 0.4302 0.0998 0.0340 0.0192
55 0.1934 0.5337 0.1707 0.0928 0.0093
56 0.1913 0.4553 0.1315 0.1869 0.0349
57 0.3481 0.3794 0.1737 0.0266 0.0718
58 0.4009 0.3706 0.1343 0.0102 0.0840
59 0.0533 0.2109 0.0634 0.6704 0.0021
60 0.1737 0.3535 0.3271 0.1096 0.0361
61 0.1553 0.6797 0.1154 0.0320 0.0178
62 0.1707 0.5337 0.1919 0.0516 0.0520
63 0.1799 0.3870 0.2275 0.0242 0.1814
64 0.0550 0.7412 0.1268 0.0205 0.0563
65 0.3298 0.2693 0.1140 0.2375 0.0494
66 0.1392 0.6436 0.1328 0.0470 0.0374
67 0.1959 0.0856 0.0688 0.6323 0.0175
68 0.2705 0.1615 0.1339 0.4189 0.0153
69 0.1869 0.5366 0.1074 0.1143 0.0548
70 0.2129 0.5479 0.0983 0.0304 0.1105
71 0.1765 0.6714 0.0847 0.0293 0.0379
72 0.1340 0.2316 0.1094 0.3345 0.1906
73 0.1324 0.1598 0.1366 0.4922 0.0791
74 0.1354 0.2471 0.2756 0.3027 0.0391
75 0.0097 0.5903 0.1493 0.2500 0.0007
76 0.0958 0.5015 0.0793 0.2297 0.0935
77 0.1296 0.5718 0.0524 0.1842 0.0622
78 0.3298 0.3052 0.1420 0.1851 0.0379
79 0.5508 0.2925 0.0238 0.0508 0.0819
80 0.1160 0.4807 0.0433 0.1700 0.1898
81 0.1621 0.5312 0.0625 0.0931 0.1510
82 0.0541 0.8198 0.0594 0.0508 0.0160
83 0.0282 0.2399 0.3601 0.3489 0.0230
84 0.2026 0.4937 0.0393 0.2483 0.0161
85 0.0283 0.5020 0.3972 0.0590 0.0135
86 0.1859 0.4358 0.1980 0.1329 0.0474
87 0.2217 0.4307 0.1768 0.1454 0.0257
88 0.1068 0.4746 0.1200 0.1371 0.1615
89 0.1605 0.0900 0.5601 0.1417 0.0475
90 0.2649 0.2910 0.2284 0.1498 0.0659
91 0.2605 0.5181 0.1708 0.0355 0.0152
92 0.1233 0.2452 0.3052 0.3052 0.0211
93 0.0702 0.2910 0.4651 0.1396 0.0342
94 0.1367 0.1755 0.5366 0.1305 0.0208
95 0.0450 0.2018 0.3276 0.3225 0.1031
96 0.2927 0.2708 0.2389 0.1616 0.0361
97 0.1285 0.0588 0.1116 0.6836 0.0173
98 0.0280 0.1357 0.7456 0.0891 0.0017
99 0.0426 0.0974 0.6655 0.1820 0.0123
100 0.0549 0.3525 0.2922 0.2206 0.0799
101 0.0471 0.6758 0.2299 0.0334 0.0140
102 0.2440 0.2056 0.2639 0.2854 0.0011
103 0.0658 0.1229 0.5596 0.2297 0.0219
104 0.0347 0.1393 0.6855 0.1288 0.0120
105 0.1676 0.0710 0.2152 0.5327 0.0136
106 0.1044 0.0674 0.6201 0.1384 0.0696
107 0.1322 0.3376 0.3025 0.2146 0.0131
108 0.0285 0.4185 0.3208 0.2275 0.0048
109 0.1310 0.3972 0.2688 0.0659 0.1372
110 0.2091 0.1482 0.2261 0.3787 0.0381
111 0.5928 0.3076 0.0560 0.0291 0.0143
112 0.0897 0.5757 0.0903 0.2117 0.0327
113 0.2200 0.2654 0.0574 0.4172 0.0400
114 0.0854 0.0676 0.2803 0.5400 0.0265
115 0.1410 0.1056 0.3923 0.2235 0.1377
116 0.0668 0.0678 0.7178 0.1349 0.0128
117 0.1296 0.0515 0.4595 0.3362 0.0232
118 0.2681 0.3335 0.0657 0.2942 0.0386
119 0.4270 0.4302 0.0526 0.0620 0.0282
120 0.3213 0.5728 0.0554 0.0201 0.0301
121 0.0324 0.4795 0.2196 0.2196 0.0490
122 0.0809 0.0725 0.5273 0.2610 0.0583
123 0.0740 0.0695 0.6001 0.2502 0.0060
124 0.0994 0.1317 0.3870 0.3523 0.0296
125 0.0479 0.0416 0.3220 0.5654 0.0233
126 0.3752 0.1447 0.3472 0.0554 0.0775
127 0.4568 0.3115 0.1554 0.0421 0.0341
128 0.1826 0.2537 0.4382 0.1216 0.0039
129 0.0452 0.2192 0.4429 0.2522 0.0406
130 0.0889 0.0293 0.3354 0.5195 0.0267
131 0.2649 0.1710 0.1418 0.2910 0.1311
132 0.0994 0.3523 0.3108 0.1058 0.1316
133 0.1014 0.0635 0.1597 0.6514 0.0241
134 0.1017 0.5669 0.2327 0.0843 0.0143
135 0.0677 0.2150 0.3081 0.3774 0.0320
136 0.1576 0.2223 0.2189 0.2944 0.1067
137 0.3420 0.2622 0.0497 0.0712 0.2749
138 0.1212 0.1532 0.4944 0.2194 0.0118
139 0.0900 0.1680 0.5596 0.1733 0.0090
140 0.5737 0.0820 0.0367 0.0533 0.2544
141 0.0761 0.3206 0.1295 0.4519 0.0220
142 0.4910 0.2319 0.0685 0.0517 0.1569
143 0.2185 0.0507 0.2986 0.4211 0.0111
144 0.1165 0.2144 0.3589 0.3069 0.0033
145 0.1615 0.1859 0.1259 0.0445 0.4822
146 0.0502 0.1242 0.3123 0.4834 0.0300
147 0.5151 0.1713 0.0848 0.0317 0.1971
148 0.4778 0.2023 0.1348 0.0768 0.1083
149 0.1001 0.1813 0.4927 0.2119 0.0141
150 0.1509 0.4434 0.1509 0.1175 0.1373
151 0.0593 0.3308 0.3362 0.2498 0.0240
152 0.3379 0.1674 0.0803 0.0491 0.3655
153 0.6489 0.1019 0.1414 0.0274 0.0806
154 0.0817 0.1729 0.2255 0.3896 0.1305
155 0.1019 0.0521 0.2815 0.5020 0.0628
156 0.0786 0.3926 0.2382 0.1884 0.1024
157 0.1013 0.1907 0.4099 0.0820 0.2161
158 0.1523 0.1115 0.3328 0.3542 0.0494
159 0.0771 0.1194 0.1970 0.5791 0.0275
160 0.1214 0.4304 0.2340 0.2034 0.0107
161 0.3965 0.1277 0.1577 0.2969 0.0210
162 0.0856 0.1265 0.1702 0.5322 0.0856
163 0.2817 0.2688 0.2688 0.1555 0.0252
164 0.3503 0.1965 0.2059 0.2209 0.0264
165 0.5132 0.1050 0.0871 0.2878 0.0072
166 0.1013 0.0388 0.1061 0.7368 0.0168
167 0.0934 0.0948 0.3579 0.3752 0.0786
168 0.0443 0.0895 0.6118 0.2434 0.0106
169 0.2942 0.3835 0.1134 0.1959 0.0128
170 0.2257 0.0986 0.2153 0.4023 0.0580
171 0.1038 0.0364 0.1292 0.7095 0.0211
172 0.1898 0.5942 0.1032 0.0667 0.0462
173 0.2798 0.4836 0.1954 0.0379 0.0033
174 0.0106 0.6377 0.1423 0.2070 0.0022
175 0.1206 0.1548 0.2512 0.3489 0.1244
176 0.1699 0.1224 0.2632 0.3379 0.1064
177 0.0756 0.1625 0.3081 0.4414 0.0123
178 0.1584 0.2455 0.1536 0.4241 0.0185
179 0.0553 0.1306 0.2479 0.5415 0.0246
180 0.1259 0.4531 0.3530 0.0432 0.0248
181 0.0505 0.4795 0.1736 0.2773 0.0190
182 0.2622 0.1318 0.1542 0.3474 0.1043
183 0.1036 0.1847 0.2524 0.4097 0.0497
184 0.2158 0.1904 0.1531 0.3789 0.0618
185 0.1744 0.3062 0.1588 0.2832 0.0774
186 0.2717 0.2717 0.1987 0.2183 0.0397
187 0.0936 0.0908 0.2668 0.5225 0.0264
188 0.1287 0.2944 0.2189 0.3499 0.0082
189 0.2264 0.3193 0.2524 0.1848 0.0171
190 0.1349 0.0987 0.3501 0.3726 0.0438
191 0.1697 0.2588 0.2047 0.3481 0.0186
192 0.2581 0.3113 0.0979 0.3015 0.0313
193 0.3093 0.1052 0.1372 0.3911 0.0572
194 0.3657 0.4143 0.0565 0.1294 0.0340
195 0.2037 0.2830 0.2496 0.2310 0.0327
196 0.2037 0.2830 0.2496 0.2310 0.0327
197 0.2703 0.2240 0.0877 0.3579 0.0603
198 0.3943 0.3372 0.0649 0.0564 0.1473
199 0.3989 0.3413 0.0637 0.0515 0.1445
200 0.3838 0.3440 0.0637 0.0627 0.1458
201 0.3811 0.3469 0.0632 0.0617 0.1470
202 0.3811 0.3469 0.0632 0.0617 0.1470
203 0.2576 0.3867 0.0626 0.1637 0.1295
