time exciting_prob fearful_prob tense_prob sad_prob relaxing_prob
0 0.0826 0.1095 0.1184 0.6709 0.0187
1 0.0756 0.2722 0.3037 0.3389 0.0097
2 0.0643 0.4294 0.2485 0.2485 0.0093
3 0.1921 0.3425 0.4263 0.0319 0.0073
4 0.1273 0.0835 0.2781 0.4880 0.0232
5 0.1292 0.1292 0.3096 0.4167 0.0154
6 0.1099 0.2053 0.4849 0.1869 0.0131
7 0.1121 0.2729 0.3972 0.2094 0.0082
8 0.0546 0.0563 0.2996 0.5776 0.0118
9 0.0314 0.2433 0.4138 0.3027 0.0085
10 0.0715 0.1975 0.2346 0.4739 0.0225
11 0.0484 0.0994 0.2539 0.5903 0.0082
12 0.0205 0.1479 0.2852 0.5410 0.0052
13 0.0553 0.1757 0.3604 0.3958 0.0131
14 0.0620 0.2416 0.3354 0.3459 0.0151
15 0.0856 0.1433 0.3130 0.4280 0.0300
16 0.0623 0.3020 0.4678 0.1449 0.0229
17 0.0386 0.4150 0.4417 0.0986 0.0061
18 0.0349 0.3210 0.4253 0.2073 0.0114
19 0.0481 0.4937 0.3088 0.1309 0.0184
20 0.0471 0.2145 0.3591 0.3538 0.0254
21 0.0601 0.1737 0.2375 0.5186 0.0100
22 0.0640 0.2197 0.2910 0.4104 0.0147
23 0.0219 0.4097 0.1708 0.3909 0.0068
24 0.1757 0.2517 0.2363 0.3083 0.0280
25 0.1049 0.2328 0.1152 0.4558 0.0912
26 0.0247 0.5591 0.2520 0.1481 0.0162
27 0.0377 0.1913 0.1356 0.6079 0.0273
28 0.2559 0.0857 0.2257 0.4150 0.0177
29 0.0908 0.1473 0.1643 0.5825 0.0150
30 0.0416 0.1079 0.1646 0.6821 0.0038
31 0.3904 0.0728 0.2224 0.3040 0.0104
32 0.2369 0.0572 0.2603 0.4224 0.0231
33 0.4214 0.2222 0.1083 0.2439 0.0042
34 0.0930 0.2145 0.5146 0.1697 0.0083
35 0.1575 0.1411 0.3083 0.3777 0.0154
36 0.1088 0.1765 0.4043 0.2910 0.0193
37 0.1170 0.0291 0.2291 0.6035 0.0211
38 0.1664 0.0125 0.5288 0.2832 0.0090
39 0.0247 0.1799 0.2205 0.5630 0.0121
40 0.0536 0.2988 0.2852 0.3035 0.0588
41 0.0448 0.1689 0.2496 0.5283 0.0081
42 0.0305 0.5112 0.2737 0.1766 0.0079
43 0.0577 0.0623 0.4131 0.4607 0.0063
44 0.0675 0.0730 0.3977 0.4507 0.0112
45 0.1655 0.0474 0.3730 0.3909 0.0231
46 0.0343 0.0905 0.1857 0.6685 0.0208
47 0.2272 0.0491 0.2961 0.3987 0.0289
48 0.1637 0.0715 0.6274 0.1316 0.0057
49 0.0865 0.0432 0.2688 0.5776 0.0238
50 0.0541 0.1067 0.2024 0.2404 0.3965
51 0.1271 0.1820 0.1879 0.4873 0.0158
52 0.0651 0.1025 0.2966 0.5205 0.0154
53 0.1080 0.1548 0.5659 0.1674 0.0038
54 0.1313 0.2781 0.3406 0.2148 0.0351
55 0.4336 0.1752 0.0945 0.2888 0.0079
56 0.1832 0.0865 0.1860 0.5303 0.0141
57 0.1873 0.3086 0.4285 0.0562 0.0194
58 0.0416 0.2111 0.2178 0.4832 0.0464
59 0.0521 0.4644 0.3506 0.0833 0.0497
60 0.0714 0.0518 0.2715 0.5835 0.0219
61 0.1687 0.2133 0.1714 0.4375 0.0092
62 0.0892 0.2622 0.3313 0.3113 0.0061
63 0.2152 0.1550 0.0955 0.5122 0.0220
64 0.0482 0.0790 0.7261 0.1282 0.0186
65 0.0286 0.2269 0.2654 0.4514 0.0277
66 0.0775 0.0567 0.3162 0.5293 0.0202
67 0.2124 0.0227 0.1268 0.6245 0.0137
68 0.0810 0.1637 0.5801 0.1688 0.0063
69 0.0586 0.1819 0.3618 0.3850 0.0127
70 0.1638 0.2578 0.4524 0.0905 0.0357
71 0.1897 0.0715 0.4143 0.3079 0.0164
72 0.2832 0.1614 0.3262 0.2206 0.0086
73 0.1129 0.0141 0.0513 0.8086 0.0134
74 0.4185 0.0571 0.1691 0.3469 0.0086
75 0.0628 0.3044 0.3503 0.2773 0.0050
76 0.0402 0.1947 0.2788 0.4670 0.0191
77 0.1068 0.1309 0.3394 0.4094 0.0137
78 0.0198 0.3044 0.3044 0.3616 0.0096
79 0.0691 0.2864 0.4041 0.2301 0.0104
80 0.0777 0.3538 0.3323 0.2283 0.0081
81 0.0622 0.3362 0.3931 0.1886 0.0199
82 0.0784 0.2734 0.4954 0.1510 0.0018
83 0.1266 0.4854 0.1730 0.1960 0.0191
84 0.1995 0.1371 0.1628 0.4709 0.0296
85 0.2406 0.0481 0.1404 0.5508 0.0202
86 0.1462 0.1737 0.5693 0.0959 0.0147
87 0.0967 0.3594 0.2842 0.2469 0.0128
88 0.1044 0.1240 0.4131 0.3372 0.0212
89 0.0977 0.0693 0.2306 0.5889 0.0135
90 0.0277 0.1631 0.1848 0.6060 0.0183
91 0.1925 0.0968 0.3596 0.3433 0.0077
92 0.1636 0.1782 0.5322 0.1142 0.0118
93 0.0949 0.0445 0.2500 0.6001 0.0105
94 0.2106 0.0806 0.2386 0.4600 0.0101
95 0.1729 0.0368 0.2634 0.5078 0.0191
96 0.1815 0.1307 0.3237 0.3555 0.0087
97 0.0550 0.2332 0.2856 0.2683 0.1578
98 0.0408 0.1180 0.2617 0.5288 0.0508
99 0.1740 0.3225 0.2673 0.2200 0.0161
100 0.1561 0.3103 0.2117 0.3008 0.0210
101 0.1218 0.4185 0.4456 0.0076 0.0066
102 0.0873 0.5923 0.2393 0.0670 0.0144
103 0.0597 0.1376 0.2612 0.5356 0.0057
104 0.0767 0.4998 0.3279 0.0611 0.0345
105 0.0320 0.3867 0.1799 0.3108 0.0905
106 0.0746 0.5771 0.2333 0.0928 0.0220
107 0.0251 0.2869 0.2200 0.4658 0.0022
108 0.0401 0.1503 0.4417 0.3606 0.0073
109 0.0306 0.2646 0.4792 0.2194 0.0063
110 0.1953 0.0982 0.2319 0.4685 0.0059
111 0.0396 0.0187 0.3872 0.5376 0.0173
112 0.0876 0.1444 0.2656 0.4736 0.0287
113 0.0466 0.1349 0.3040 0.5088 0.0057
114 0.1566 0.1747 0.3816 0.2622 0.0250
115 0.0992 0.1560 0.3252 0.4111 0.0087
116 0.1599 0.1000 0.3896 0.3384 0.0119
117 0.1431 0.1204 0.1808 0.5312 0.0245
118 0.1780 0.1186 0.3770 0.2981 0.0284
119 0.0989 0.1862 0.4536 0.2045 0.0568
120 0.1242 0.0615 0.3826 0.4202 0.0117
121 0.2097 0.0681 0.6362 0.0620 0.0241
122 0.1124 0.0213 0.1713 0.6670 0.0280
123 0.0378 0.0965 0.3264 0.5381 0.0012
124 0.1605 0.0669 0.2448 0.4866 0.0412
125 0.0617 0.1172 0.3843 0.4089 0.0278
126 0.0545 0.6338 0.1415 0.1268 0.0432
127 0.1069 0.1921 0.4004 0.2930 0.0077
128 0.0836 0.1445 0.2742 0.4812 0.0163
129 0.0863 0.1337 0.3750 0.3992 0.0059
130 0.0663 0.1543 0.2012 0.5732 0.0050
131 0.0942 0.4563 0.2769 0.0694 0.1034
132 0.0919 0.2942 0.1991 0.2220 0.1929
133 0.1549 0.2896 0.3716 0.1049 0.0791
134 0.0584 0.4185 0.4741 0.0477 0.0015
135 0.1035 0.2903 0.3967 0.2058 0.0036
136 0.1150 0.0681 0.2937 0.5073 0.0161
137 0.1129 0.1061 0.4753 0.2974 0.0082
138 0.0783 0.1006 0.3796 0.4302 0.0115
139 0.0183 0.2727 0.6050 0.0958 0.0081
140 0.2100 0.1244 0.3772 0.2593 0.0291
141 0.0354 0.1562 0.2136 0.5718 0.0230
142 0.0410 0.4407 0.3889 0.1262 0.0033
143 0.0756 0.0818 0.6533 0.1842 0.0051
144 0.0239 0.4551 0.4143 0.1000 0.0065
145 0.0500 0.2042 0.2622 0.4749 0.0088
146 0.1219 0.0390 0.3018 0.5215 0.0161
147 0.0551 0.2246 0.5474 0.1619 0.0110
148 0.3613 0.1309 0.3669 0.1239 0.0169
149 0.0593 0.6079 0.2151 0.0249 0.0925
150 0.0893 0.1085 0.4429 0.3560 0.0035
151 0.0635 0.3149 0.5977 0.0164 0.0071
152 0.0936 0.1616 0.4902 0.2352 0.0195
153 0.1921 0.3320 0.2467 0.2281 0.0010
154 0.0706 0.0338 0.1360 0.7466 0.0128
155 0.0585 0.0197 0.0695 0.8462 0.0064
156 0.0797 0.1971 0.4880 0.2200 0.0152
157 0.0687 0.1409 0.4768 0.3079 0.0059
158 0.0457 0.2981 0.3379 0.3030 0.0153
159 0.1226 0.1478 0.4146 0.2849 0.0300
160 0.0630 0.1660 0.5791 0.1881 0.0037
161 0.1171 0.2104 0.1257 0.5049 0.0418
162 0.0569 0.3569 0.4109 0.1740 0.0015
163 0.0803 0.1699 0.2590 0.4692 0.0214
164 0.3054 0.2961 0.2493 0.1443 0.0050
165 0.0855 0.1115 0.1477 0.6318 0.0234
166 0.1338 0.0255 0.0831 0.7231 0.0346
167 0.3037 0.1829 0.0837 0.4219 0.0079
168 0.0400 0.2776 0.4795 0.1968 0.0062
169 0.0556 0.2035 0.3103 0.4109 0.0197
170 0.2039 0.3579 0.1316 0.2898 0.0169
171 0.0921 0.3818 0.3533 0.1472 0.0256
172 0.0497 0.3047 0.3347 0.3000 0.0108
173 0.1169 0.1729 0.3333 0.3491 0.0278
174 0.0770 0.2644 0.2771 0.3672 0.0140
175 0.0712 0.1580 0.2773 0.4866 0.0068
176 0.1599 0.3035 0.1305 0.3777 0.0287
177 0.0787 0.1666 0.2878 0.4458 0.0210
178 0.1296 0.2312 0.3313 0.2620 0.0459
179 0.1075 0.2834 0.3472 0.2139 0.0481
180 0.1920 0.0120 0.0653 0.7246 0.0063
181 0.0959 0.2954 0.3347 0.2607 0.0135
182 0.1243 0.0468 0.1987 0.6025 0.0275
183 0.1215 0.0531 0.2571 0.5615 0.0065
184 0.0652 0.0516 0.2174 0.6592 0.0067
185 0.0699 0.2832 0.3811 0.2423 0.0233
186 0.1458 0.2170 0.0575 0.5498 0.0296
187 0.0683 0.0318 0.2072 0.6899 0.0026
188 0.0721 0.1277 0.3311 0.4526 0.0166
189 0.0761 0.0962 0.1467 0.6475 0.0338
190 0.0309 0.1321 0.1749 0.6499 0.0120
191 0.1169 0.2085 0.2595 0.3035 0.1116
192 0.2098 0.0307 0.1660 0.5703 0.0232
193 0.0797 0.0602 0.1293 0.6992 0.0317
194 0.0888 0.0419 0.2233 0.5791 0.0670
195 0.0310 0.0829 0.1549 0.7275 0.0034
196 0.0389 0.1843 0.2722 0.4856 0.0190
197 0.0427 0.0293 0.1854 0.7334 0.0092
198 0.1110 0.0800 0.4529 0.3474 0.0087
199 0.0761 0.0548 0.1797 0.6782 0.0113
200 0.0462 0.0622 0.1025 0.7812 0.0077
201 0.0994 0.0500 0.2578 0.5635 0.0294
202 0.2556 0.2152 0.2327 0.2595 0.0371
203 0.0768 0.0757 0.3088 0.5254 0.0136
204 0.0421 0.2139 0.3210 0.3994 0.0236
205 0.0640 0.2201 0.2100 0.4377 0.0682
206 0.0814 0.5386 0.2428 0.1221 0.0150
207 0.0293 0.2964 0.4888 0.1637 0.0218
208 0.1209 0.1993 0.3901 0.2642 0.0255
209 0.0978 0.1526 0.4558 0.2808 0.0131
210 0.0328 0.0408 0.0934 0.8325 0.0004
211 0.0328 0.2578 0.3013 0.3992 0.0090
212 0.1539 0.1886 0.3579 0.2922 0.0074
213 0.1310 0.2126 0.3293 0.3193 0.0076
214 0.0542 0.1383 0.3645 0.3940 0.0490
215 0.1069 0.1086 0.1484 0.5967 0.0393
216 0.0648 0.1790 0.5020 0.2445 0.0099
217 0.1052 0.0609 0.2227 0.6055 0.0060
218 0.0711 0.3816 0.3755 0.1360 0.0358
219 0.0388 0.1123 0.4238 0.4172 0.0079
220 0.0869 0.3716 0.3179 0.1812 0.0424
221 0.1248 0.1437 0.4785 0.2406 0.0125
222 0.0870 0.2703 0.2520 0.3752 0.0156
223 0.0470 0.0825 0.1541 0.6904 0.0258
224 0.0450 0.0403 0.1364 0.7725 0.0058
225 0.0603 0.5815 0.2661 0.0892 0.0028
226 0.0638 0.3347 0.2449 0.3508 0.0059
227 0.1757 0.1798 0.5850 0.0557 0.0037
228 0.1063 0.2693 0.4043 0.2097 0.0106
229 0.1293 0.2341 0.3516 0.2571 0.0280
230 0.0684 0.0567 0.8081 0.0463 0.0204
231 0.0375 0.2861 0.4717 0.1965 0.0082
232 0.0226 0.0778 0.2051 0.6724 0.0223
233 0.0869 0.1187 0.1151 0.5664 0.1132
234 0.0436 0.1619 0.5225 0.2588 0.0131
235 0.0955 0.2986 0.2020 0.3601 0.0437
236 0.0739 0.0798 0.5898 0.2239 0.0325
237 0.0438 0.2766 0.4023 0.2639 0.0135
238 0.2262 0.1681 0.4641 0.1299 0.0117
239 0.2216 0.1647 0.4204 0.1809 0.0124
240 0.1808 0.1149 0.4763 0.2250 0.0029
241 0.1985 0.2394 0.3826 0.1779 0.0017
242 0.2087 0.1287 0.3901 0.2520 0.0207
243 0.1276 0.0786 0.3010 0.4888 0.0040
244 0.1975 0.1915 0.4739 0.1266 0.0105
245 0.0375 0.2281 0.6499 0.0814 0.0030
246 0.0728 0.2241 0.5903 0.1075 0.0050
247 0.0454 0.0737 0.1740 0.6987 0.0084
248 0.0387 0.2295 0.4858 0.2405 0.0054
249 0.2174 0.1361 0.2705 0.3584 0.0174
250 0.1289 0.1981 0.2974 0.3530 0.0226
251 0.0207 0.2600 0.3289 0.3726 0.0180
252 0.0216 0.1840 0.3279 0.4482 0.0181
253 0.0122 0.1444 0.2037 0.6274 0.0121
254 0.0223 0.1440 0.1969 0.6157 0.0209
255 0.0453 0.0353 0.1534 0.7437 0.0224
256 0.0346 0.5415 0.1901 0.2120 0.0217
257 0.0154 0.4707 0.2993 0.2089 0.0057
258 0.0138 0.4290 0.4426 0.1085 0.0060
259 0.0193 0.3555 0.4026 0.2156 0.0071
260 0.0170 0.3413 0.3691 0.2659 0.0069
261 0.1332 0.3455 0.1848 0.3296 0.0071
262 0.1095 0.3218 0.2212 0.3374 0.0102
263 0.1193 0.2607 0.2646 0.3452 0.0099
264 0.1116 0.2634 0.2253 0.3833 0.0163
265 0.1442 0.3101 0.1559 0.3799 0.0101
266 0.1653 0.1228 0.1705 0.5249 0.0164
267 0.1997 0.1630 0.2448 0.3730 0.0195
268 0.1290 0.1581 0.2094 0.4868 0.0167
269 0.2041 0.0995 0.1517 0.5293 0.0153
270 0.2189 0.1412 0.2944 0.3235 0.0220
271 0.1311 0.2908 0.2162 0.2732 0.0887
