time exciting_prob fearful_prob tense_prob sad_prob relaxing_prob
0 0.4692 0.1365 0.0790 0.3030 0.0124
1 0.4692 0.1365 0.0790 0.3030 0.0124
2 0.5962 0.1310 0.0833 0.1791 0.0103
3 0.5000 0.2344 0.0911 0.1561 0.0182
4 0.1676 0.5454 0.1108 0.1716 0.0045
5 0.1237 0.3469 0.1638 0.2786 0.0870
6 0.1349 0.4895 0.2258 0.0598 0.0898
7 0.1354 0.4836 0.1780 0.1343 0.0686
8 0.5015 0.1680 0.1119 0.1963 0.0226
9 0.2925 0.4529 0.1627 0.0800 0.0121
10 0.0396 0.1146 0.2542 0.3938 0.1980
11 0.1531 0.1630 0.4001 0.0276 0.2563
12 0.4822 0.1747 0.1530 0.1201 0.0700
13 0.4983 0.1111 0.0966 0.2544 0.0396
14 0.0495 0.0178 0.0732 0.4700 0.3896
15 0.1403 0.1317 0.1786 0.1886 0.3608
16 0.1537 0.1537 0.4810 0.1913 0.0205
17 0.0831 0.1083 0.2404 0.4634 0.1050
18 0.1559 0.5884 0.1766 0.0420 0.0370
19 0.1317 0.0994 0.0905 0.6685 0.0098
20 0.1008 0.2593 0.5752 0.0267 0.0379
21 0.0551 0.4473 0.3767 0.0952 0.0256
22 0.4841 0.2551 0.2050 0.0195 0.0362
23 0.4951 0.2866 0.1440 0.0675 0.0068
24 0.0241 0.2396 0.5400 0.1781 0.0183
25 0.4062 0.2158 0.2544 0.0270 0.0965
26 0.3457 0.1711 0.1954 0.0483 0.2395
27 0.1125 0.1099 0.4382 0.0236 0.3157
28 0.1128 0.1844 0.0432 0.1382 0.5215
29 0.0561 0.0561 0.0444 0.3279 0.5156
30 0.1198 0.3384 0.3333 0.1715 0.0371
31 0.0839 0.1775 0.2352 0.4751 0.0283
32 0.1431 0.5483 0.1115 0.1726 0.0245
33 0.0881 0.0551 0.1113 0.7373 0.0079
34 0.3809 0.0804 0.2876 0.0566 0.1946
35 0.3557 0.1329 0.2158 0.0813 0.2141
36 0.3271 0.1232 0.2096 0.2321 0.1079
37 0.2803 0.1443 0.1141 0.3743 0.0869
38 0.1498 0.5225 0.1451 0.1779 0.0046
39 0.3945 0.4072 0.1223 0.0538 0.0223
40 0.2908 0.3562 0.1833 0.0997 0.0701
41 0.4600 0.2925 0.1719 0.0722 0.0035
42 0.3430 0.2065 0.2673 0.0249 0.1583
43 0.1714 0.2272 0.1335 0.3987 0.0693
44 0.0691 0.0860 0.4233 0.3977 0.0239
45 0.1686 0.1273 0.2378 0.4375 0.0289
46 0.0585 0.0717 0.3755 0.4458 0.0485
47 0.0536 0.2988 0.3779 0.2402 0.0294
48 0.5947 0.1541 0.1470 0.0136 0.0905
49 0.4456 0.2810 0.0964 0.1287 0.0485
50 0.3215 0.1472 0.1230 0.3970 0.0112
51 0.1514 0.4663 0.2896 0.0430 0.0499
52 0.2202 0.1235 0.0911 0.3518 0.2134
53 0.0633 0.0865 0.3213 0.4324 0.0965
54 0.1594 0.2627 0.4541 0.0670 0.0568
55 0.3186 0.1277 0.3364 0.0210 0.1963
56 0.1010 0.1381 0.1058 0.5996 0.0558
57 0.2632 0.1910 0.1055 0.1177 0.3225
58 0.2622 0.3967 0.2388 0.0372 0.0652
59 0.2223 0.1815 0.2480 0.2854 0.0627
60 0.4929 0.0584 0.0657 0.1901 0.1930
61 0.2644 0.3164 0.1361 0.2297 0.0533
62 0.4536 0.2094 0.1847 0.0758 0.0764
63 0.0451 0.0303 0.1108 0.1082 0.7056
64 0.2717 0.0444 0.1133 0.5283 0.0424
65 0.4883 0.0487 0.1089 0.2803 0.0737
66 0.3574 0.1444 0.3745 0.1065 0.0171
67 0.3608 0.2559 0.1436 0.0584 0.1814
68 0.2053 0.1411 0.1246 0.0588 0.4700
69 0.2942 0.1108 0.3257 0.1650 0.1041
70 0.6284 0.0627 0.1565 0.0520 0.1002
71 0.0341 0.0285 0.0521 0.0049 0.8804
72 0.0544 0.0245 0.1675 0.1869 0.5669
73 0.0673 0.0949 0.1318 0.1059 0.6001
74 0.0490 0.0936 0.0718 0.0378 0.7480
75 0.0340 0.2200 0.3921 0.3406 0.0132
76 0.1238 0.0906 0.3994 0.3582 0.0280
77 0.1154 0.2969 0.5547 0.0231 0.0101
78 0.0797 0.1244 0.1537 0.4480 0.1942
79 0.0952 0.2568 0.2712 0.0834 0.2932
80 0.0327 0.1794 0.4373 0.3250 0.0258
81 0.1606 0.0680 0.2607 0.4299 0.0807
82 0.0663 0.4260 0.2505 0.2390 0.0180
83 0.0849 0.2849 0.1958 0.3716 0.0626
84 0.2168 0.2783 0.0755 0.3745 0.0548
85 0.0537 0.3757 0.1137 0.3938 0.0628
86 0.0579 0.0911 0.2362 0.5493 0.0656
87 0.0388 0.2003 0.3008 0.0359 0.4241
88 0.1124 0.1825 0.1882 0.5039 0.0129
89 0.0275 0.8481 0.0534 0.0644 0.0064
90 0.0693 0.4521 0.3633 0.0247 0.0905
91 0.0497 0.2747 0.5215 0.0972 0.0571
92 0.0060 0.9473 0.0446 0.0019 0.0002
93 0.1242 0.1343 0.2842 0.3826 0.0748
94 0.4099 0.1605 0.1428 0.0157 0.2710
95 0.2822 0.2268 0.3298 0.0147 0.1464
96 0.2391 0.0600 0.3320 0.0367 0.3320
97 0.0899 0.3728 0.4861 0.0220 0.0292
98 0.1880 0.3274 0.1442 0.3076 0.0327
99 0.0757 0.1932 0.5088 0.1705 0.0516
100 0.2010 0.1482 0.2225 0.0781 0.3501
101 0.1182 0.2603 0.4712 0.0366 0.1137
102 0.0504 0.6436 0.2258 0.0699 0.0105
103 0.0505 0.1395 0.4099 0.1270 0.2732
104 0.0559 0.0680 0.1165 0.0288 0.7310
105 0.0583 0.6519 0.2554 0.0205 0.0137
106 0.1697 0.1475 0.4333 0.0759 0.1737
107 0.2052 0.3926 0.1884 0.1611 0.0527
108 0.0339 0.3071 0.5142 0.1061 0.0387
109 0.0796 0.1686 0.3682 0.3740 0.0098
110 0.2164 0.5933 0.0961 0.0305 0.0640
111 0.0354 0.0941 0.0196 0.0571 0.7939
112 0.2316 0.1004 0.2209 0.3020 0.1449
113 0.0118 0.1617 0.6348 0.1461 0.0453
114 0.0889 0.1512 0.1263 0.1178 0.5156
115 0.0048 0.0060 0.0111 0.0235 0.9546
116 0.0510 0.0854 0.1429 0.6929 0.0277
117 0.1552 0.1992 0.5947 0.0287 0.0222
118 0.2861 0.0846 0.2817 0.3345 0.0131
119 0.3364 0.0751 0.1447 0.4253 0.0187
120 0.1052 0.1555 0.1791 0.5430 0.0173
121 0.0871 0.0421 0.1209 0.7290 0.0208
122 0.0579 0.3774 0.2761 0.2168 0.0715
123 0.0308 0.2104 0.0405 0.7012 0.0173
124 0.1250 0.0873 0.0701 0.6865 0.0313
125 0.1247 0.0584 0.0844 0.6958 0.0369
126 0.2852 0.0876 0.0677 0.5083 0.0511
127 0.5513 0.1351 0.1221 0.1111 0.0801
128 0.2113 0.4270 0.3052 0.0443 0.0123
129 0.2094 0.0453 0.2372 0.4502 0.0581
130 0.0768 0.2170 0.4817 0.1665 0.0580
131 0.3218 0.1863 0.3218 0.1631 0.0069
132 0.1172 0.0858 0.2483 0.3726 0.1760
133 0.1078 0.1619 0.3428 0.2179 0.1697
134 0.2445 0.2058 0.2157 0.2996 0.0344
135 0.2966 0.1390 0.2007 0.2617 0.1017
136 0.0751 0.1298 0.1541 0.5054 0.1360
137 0.0545 0.1209 0.5254 0.2900 0.0092
138 0.1051 0.0643 0.4390 0.0160 0.3755
139 0.0460 0.0501 0.4065 0.0147 0.4827
140 0.1610 0.4514 0.1882 0.0946 0.1047
141 0.1085 0.4712 0.2727 0.0652 0.0825
142 0.3877 0.1980 0.0996 0.3066 0.0079
143 0.0261 0.3306 0.1179 0.0132 0.5122
144 0.2380 0.1687 0.0433 0.0461 0.5039
145 0.1161 0.1930 0.2678 0.0511 0.3718
146 0.0755 0.0779 0.2085 0.0531 0.5850
147 0.1026 0.1787 0.1403 0.0107 0.5679
148 0.1793 0.3298 0.2756 0.1970 0.0180
149 0.0223 0.3855 0.5186 0.0691 0.0043
150 0.3418 0.1298 0.1448 0.1888 0.1948
151 0.0927 0.0657 0.0549 0.7764 0.0102
152 0.0819 0.1980 0.5342 0.1483 0.0378
153 0.0835 0.0726 0.2379 0.5708 0.0354
154 0.3293 0.0758 0.2061 0.2391 0.1497
155 0.3792 0.2839 0.1848 0.0262 0.1260
156 0.2344 0.0427 0.4734 0.1715 0.0779
157 0.2168 0.2290 0.4177 0.1197 0.0167
158 0.1134 0.3494 0.3660 0.1091 0.0621
159 0.2211 0.3218 0.3425 0.0429 0.0718
160 0.1146 0.1035 0.2793 0.0599 0.4426
161 0.2683 0.1627 0.4026 0.0949 0.0716
162 0.0767 0.2150 0.1196 0.5532 0.0356
163 0.1552 0.1348 0.2366 0.4561 0.0174
164 0.0418 0.6050 0.2727 0.0751 0.0051
165 0.1334 0.3152 0.3801 0.1477 0.0237
166 0.1111 0.2583 0.3584 0.2426 0.0297
167 0.1565 0.4636 0.2856 0.0126 0.0818
168 0.1356 0.3926 0.2456 0.1197 0.1064
169 0.1284 0.1273 0.5620 0.0579 0.1244
170 0.2201 0.1897 0.3984 0.1610 0.0307
171 0.1149 0.1440 0.6260 0.0670 0.0482
172 0.2549 0.2715 0.1895 0.0991 0.1851
173 0.1022 0.4797 0.3003 0.0573 0.0605
174 0.0328 0.1844 0.2812 0.4783 0.0233
175 0.2457 0.1884 0.1116 0.3306 0.1235
176 0.4189 0.1603 0.1191 0.2971 0.0048
177 0.3435 0.3774 0.0977 0.1377 0.0437
178 0.2515 0.0606 0.0430 0.1897 0.4553
179 0.1417 0.1362 0.2062 0.3674 0.1484
180 0.0865 0.6543 0.1788 0.0695 0.0111
181 0.4387 0.4153 0.0516 0.0844 0.0099
182 0.4141 0.1377 0.3125 0.0161 0.1196
183 0.2184 0.4343 0.2020 0.1024 0.0430
184 0.0603 0.1801 0.3110 0.4058 0.0428
185 0.0553 0.1744 0.6187 0.1144 0.0374
186 0.1133 0.1727 0.4771 0.2117 0.0253
187 0.2435 0.1882 0.2183 0.1466 0.2035
188 0.3220 0.3916 0.1558 0.0324 0.0982
189 0.0740 0.0378 0.1580 0.1790 0.5513
190 0.2544 0.3118 0.1221 0.2952 0.0165
191 0.1793 0.2734 0.4507 0.0506 0.0461
192 0.2489 0.3247 0.3430 0.0587 0.0248
193 0.3474 0.1707 0.3091 0.0806 0.0921
194 0.0175 0.1392 0.0549 0.7700 0.0184
195 0.1473 0.2732 0.2795 0.2178 0.0820
196 0.1252 0.1725 0.3652 0.1752 0.1620
197 0.1067 0.1135 0.3135 0.4421 0.0242
198 0.0784 0.6831 0.0587 0.1584 0.0214
199 0.0869 0.6782 0.1467 0.0715 0.0167
200 0.0807 0.3022 0.4065 0.1819 0.0288
201 0.0603 0.0786 0.1744 0.6792 0.0074
202 0.3264 0.3755 0.1903 0.0604 0.0474
203 0.1209 0.1118 0.0927 0.6045 0.0700
204 0.1192 0.0311 0.3560 0.2334 0.2605
205 0.1198 0.2898 0.4282 0.0850 0.0774
206 0.0980 0.4531 0.3528 0.0375 0.0585
207 0.0587 0.2338 0.4873 0.1969 0.0233
208 0.0912 0.4282 0.1180 0.1813 0.1813
209 0.0694 0.0780 0.0227 0.1613 0.6685
210 0.1082 0.0955 0.0257 0.1899 0.5806
211 0.3416 0.3286 0.1665 0.0934 0.0699
212 0.3682 0.1365 0.2303 0.1896 0.0754
213 0.2257 0.0884 0.1931 0.4631 0.0296
214 0.0883 0.0540 0.1326 0.4487 0.2764
215 0.3694 0.1144 0.1638 0.2744 0.0780
216 0.3176 0.3276 0.2288 0.1151 0.0107
217 0.1693 0.2705 0.1693 0.3813 0.0095
218 0.0495 0.6729 0.0698 0.0602 0.1478
219 0.1002 0.7061 0.0774 0.0641 0.0524
220 0.2002 0.4238 0.2452 0.0931 0.0376
221 0.2908 0.1669 0.3674 0.1331 0.0419
222 0.2473 0.2715 0.2825 0.1055 0.0931
223 0.2109 0.0586 0.1776 0.5386 0.0141
224 0.4360 0.0226 0.0609 0.4360 0.0446
225 0.3882 0.1569 0.2212 0.1670 0.0670
226 0.0599 0.0832 0.3291 0.5098 0.0180
227 0.2737 0.0931 0.1584 0.4045 0.0703
228 0.1835 0.0216 0.3706 0.0654 0.3591
229 0.1696 0.3850 0.1279 0.3069 0.0106
230 0.0770 0.3423 0.1981 0.3701 0.0126
231 0.0705 0.2991 0.1915 0.0667 0.3721
232 0.1020 0.3701 0.3318 0.1183 0.0776
233 0.1124 0.0640 0.4241 0.3743 0.0253
234 0.0320 0.1357 0.4380 0.3865 0.0078
235 0.0140 0.9155 0.0316 0.0363 0.0027
236 0.1906 0.2605 0.1331 0.0679 0.3479
237 0.3286 0.2922 0.1101 0.0266 0.2423
238 0.1321 0.1544 0.2754 0.3884 0.0497
239 0.2710 0.1709 0.2998 0.1053 0.1532
240 0.2358 0.2268 0.2415 0.1753 0.1205
241 0.2422 0.2240 0.3311 0.1208 0.0818
242 0.1511 0.0848 0.2693 0.3860 0.1088
243 0.2499 0.1678 0.1772 0.2703 0.1348
244 0.3108 0.2402 0.2383 0.1743 0.0363
245 0.1268 0.1259 0.3044 0.3909 0.0521
246 0.1971 0.1366 0.2341 0.3892 0.0430
247 0.3572 0.3435 0.2288 0.0583 0.0124
248 0.4082 0.3010 0.1188 0.1207 0.0515
249 0.4307 0.1536 0.2341 0.1106 0.0709
250 0.3171 0.2451 0.3403 0.0436 0.0538
251 0.1816 0.1964 0.1603 0.4224 0.0393
252 0.1996 0.4360 0.1980 0.0813 0.0851
253 0.1086 0.0770 0.4231 0.2229 0.1683
254 0.1340 0.1309 0.1642 0.3877 0.1831
255 0.1979 0.3088 0.1802 0.1874 0.1257
256 0.0789 0.0555 0.1497 0.3943 0.3218
257 0.1501 0.4114 0.1400 0.2418 0.0565
258 0.0422 0.1310 0.3345 0.3506 0.1416
259 0.2448 0.3911 0.2126 0.0478 0.1036
260 0.2859 0.4568 0.2091 0.0120 0.0363
261 0.2451 0.1407 0.1323 0.4580 0.0237
262 0.2654 0.5361 0.1024 0.0676 0.0282
263 0.1028 0.1138 0.6201 0.1036 0.0600
264 0.2161 0.2861 0.2998 0.1310 0.0669
265 0.3474 0.0529 0.0858 0.4326 0.0812
266 0.5034 0.1376 0.2286 0.0938 0.0367
267 0.1262 0.1499 0.2590 0.3950 0.0697
268 0.1960 0.1677 0.2722 0.2942 0.0699
269 0.1342 0.0789 0.1863 0.4685 0.1321
270 0.2321 0.2756 0.0730 0.1022 0.3171
271 0.0694 0.8262 0.0466 0.0516 0.0062
272 0.3459 0.1442 0.0968 0.0754 0.3379
273 0.0574 0.4883 0.3862 0.0407 0.0271
274 0.0782 0.4131 0.3821 0.0981 0.0283
275 0.2625 0.1721 0.2317 0.2751 0.0586
276 0.5840 0.1243 0.0587 0.2217 0.0112
277 0.2891 0.5156 0.0578 0.0188 0.1187
278 0.2922 0.5127 0.0545 0.0167 0.1237
279 0.2986 0.5078 0.0515 0.0156 0.1265
280 0.2986 0.5078 0.0515 0.0156 0.1265
