time exciting_prob fearful_prob tense_prob sad_prob relaxing_prob
0 0.0064 0.0521 0.0238 0.8945 0.0231
1 0.0057 0.1936 0.0270 0.7539 0.0196
2 0.0218 0.2920 0.0603 0.5542 0.0716
3 0.1821 0.3147 0.4170 0.0724 0.0138
4 0.1091 0.0756 0.1237 0.6685 0.0231
5 0.2013 0.2905 0.1438 0.3118 0.0525
6 0.1470 0.2620 0.1539 0.3994 0.0378
7 0.1849 0.0974 0.3564 0.3481 0.0132
8 0.0588 0.1512 0.2271 0.5444 0.0183
9 0.0695 0.1288 0.1371 0.6191 0.0452
10 0.0894 0.3318 0.2076 0.2998 0.0712
11 0.0796 0.0895 0.1909 0.6162 0.0235
12 0.1555 0.1735 0.2227 0.3672 0.0813
13 0.0927 0.0459 0.1653 0.6333 0.0627
14 0.0943 0.0965 0.1980 0.5820 0.0292
15 0.3538 0.2932 0.1131 0.1807 0.0591
16 0.2695 0.2891 0.1345 0.2360 0.0709
17 0.0879 0.1831 0.2708 0.4463 0.0121
18 0.1906 0.1331 0.0599 0.6104 0.0063
19 0.1171 0.1161 0.1716 0.5371 0.0580
20 0.1056 0.1294 0.3306 0.3987 0.0359
21 0.2917 0.2808 0.0738 0.3181 0.0357
22 0.1165 0.2688 0.2014 0.3975 0.0159
23 0.1635 0.2551 0.2166 0.3572 0.0076
24 0.0494 0.1879 0.2162 0.5269 0.0197
25 0.1122 0.3325 0.3125 0.2130 0.0297
26 0.0526 0.1938 0.4104 0.3350 0.0083
27 0.0531 0.1235 0.1636 0.6372 0.0228
28 0.0784 0.2146 0.3027 0.3796 0.0247
29 0.0214 0.1105 0.7852 0.0802 0.0029
30 0.0253 0.0917 0.7617 0.1196 0.0019
31 0.0287 0.0767 0.2401 0.6426 0.0119
32 0.0467 0.2603 0.5093 0.1641 0.0196
33 0.0298 0.2460 0.1492 0.5718 0.0031
34 0.0318 0.1591 0.1448 0.6592 0.0051
35 0.0307 0.4412 0.4412 0.0823 0.0045
36 0.1185 0.3621 0.3735 0.1290 0.0169
37 0.2312 0.2139 0.3901 0.1163 0.0485
38 0.1891 0.1819 0.5059 0.0696 0.0533
39 0.2346 0.2439 0.3083 0.1479 0.0651
40 0.2085 0.0656 0.4114 0.2939 0.0205
41 0.1384 0.1428 0.2355 0.4539 0.0293
42 0.1356 0.0677 0.2307 0.4050 0.1610
43 0.2520 0.0632 0.3015 0.3313 0.0520
44 0.2235 0.1098 0.3801 0.2612 0.0251
45 0.1259 0.0214 0.2749 0.5220 0.0559
46 0.0722 0.0325 0.0757 0.8135 0.0062
47 0.2671 0.1385 0.4138 0.1453 0.0353
48 0.2473 0.0373 0.3406 0.3486 0.0261
49 0.3308 0.0823 0.3989 0.1587 0.0291
50 0.2129 0.0605 0.2412 0.4507 0.0348
51 0.0920 0.1278 0.6641 0.0913 0.0248
52 0.1592 0.1776 0.2927 0.3477 0.0228
53 0.1045 0.1406 0.1520 0.6011 0.0017
54 0.3169 0.1070 0.2886 0.2468 0.0409
55 0.2063 0.2776 0.4299 0.0765 0.0096
56 0.1271 0.1292 0.1710 0.5269 0.0460
57 0.2754 0.1509 0.4333 0.0937 0.0468
58 0.1530 0.3289 0.2771 0.2369 0.0041
59 0.4194 0.1567 0.2583 0.1211 0.0446
60 0.4148 0.1663 0.2255 0.1378 0.0557
61 0.1626 0.1539 0.3962 0.2559 0.0315
62 0.2057 0.0892 0.3337 0.3337 0.0374
63 0.2000 0.1464 0.3196 0.3247 0.0095
64 0.2542 0.1127 0.2313 0.3474 0.0545
65 0.1517 0.0164 0.2791 0.5210 0.0318
66 0.2155 0.4353 0.2441 0.0756 0.0294
67 0.1254 0.2269 0.4880 0.1443 0.0154
68 0.1329 0.0942 0.1393 0.5425 0.0913
69 0.2488 0.1428 0.3823 0.1923 0.0337
70 0.2416 0.4409 0.2378 0.0407 0.0391
71 0.1054 0.1545 0.1407 0.5654 0.0337
72 0.0715 0.0829 0.2291 0.6133 0.0034
73 0.0909 0.1039 0.2148 0.5747 0.0156
74 0.2998 0.3345 0.2646 0.0740 0.0270
75 0.1414 0.1732 0.2313 0.0668 0.3872
76 0.3225 0.2148 0.2148 0.1809 0.0671
77 0.2546 0.2776 0.2488 0.1417 0.0771
78 0.0323 0.0712 0.1682 0.7085 0.0198
79 0.0584 0.1827 0.5332 0.1050 0.1208
80 0.0250 0.1680 0.6338 0.1577 0.0155
81 0.0116 0.1694 0.5181 0.2861 0.0149
82 0.0129 0.2128 0.5918 0.1696 0.0129
83 0.0176 0.2262 0.3560 0.3970 0.0032
84 0.0631 0.2085 0.5000 0.1974 0.0307
85 0.0487 0.0883 0.6890 0.1466 0.0276
86 0.0437 0.1099 0.7056 0.1033 0.0374
87 0.0457 0.3916 0.3650 0.1685 0.0293
88 0.2188 0.1992 0.2659 0.2681 0.0481
89 0.1118 0.3389 0.4634 0.0310 0.0549
90 0.0119 0.3704 0.2013 0.4131 0.0033
91 0.1061 0.1891 0.2390 0.4260 0.0396
92 0.1860 0.2175 0.4395 0.1230 0.0339
93 0.2651 0.2048 0.1547 0.2866 0.0888
94 0.2808 0.2964 0.2720 0.0911 0.0598
95 0.0525 0.0304 0.1747 0.7129 0.0294
96 0.1775 0.2388 0.4675 0.0972 0.0189
97 0.2196 0.2249 0.4507 0.0443 0.0605
98 0.0349 0.0811 0.3206 0.5537 0.0095
99 0.0594 0.2106 0.6289 0.0768 0.0244
100 0.0499 0.3660 0.3491 0.1783 0.0565
101 0.1809 0.3982 0.1987 0.1926 0.0295
102 0.2615 0.2942 0.3748 0.0135 0.0561
103 0.2477 0.3281 0.2168 0.1854 0.0220
104 0.1823 0.4172 0.3198 0.0302 0.0506
105 0.1862 0.2109 0.3940 0.1736 0.0352
106 0.3884 0.1737 0.3621 0.0587 0.0171
107 0.2036 0.3032 0.4553 0.0230 0.0146
108 0.1394 0.1818 0.5688 0.0706 0.0396
109 0.1143 0.0823 0.7114 0.0726 0.0194
110 0.1149 0.2001 0.3247 0.3052 0.0551
111 0.1594 0.0702 0.4133 0.2886 0.0685
112 0.1588 0.1359 0.6382 0.0434 0.0240
113 0.1777 0.2861 0.4907 0.0176 0.0279
114 0.2024 0.1962 0.4421 0.1257 0.0336
115 0.1265 0.4849 0.2988 0.0756 0.0142
116 0.1915 0.4741 0.2421 0.0593 0.0330
117 0.1207 0.1625 0.5581 0.0462 0.1125
118 0.0804 0.0715 0.7690 0.0305 0.0488
119 0.0989 0.1709 0.6060 0.0707 0.0534
120 0.1744 0.2966 0.3523 0.1401 0.0363
121 0.2368 0.0545 0.1393 0.3906 0.1788
122 0.6138 0.2257 0.0575 0.0380 0.0652
123 0.1130 0.1204 0.4009 0.2356 0.1301
124 0.1752 0.1487 0.2568 0.4106 0.0087
125 0.4187 0.2878 0.0352 0.0357 0.2224
126 0.1031 0.0480 0.0925 0.6221 0.1345
127 0.1304 0.0398 0.1525 0.5488 0.1284
128 0.1331 0.2094 0.1416 0.2998 0.2161
129 0.1821 0.3247 0.1185 0.2957 0.0790
130 0.1625 0.5942 0.1337 0.0667 0.0430
131 0.1003 0.4785 0.1415 0.2642 0.0156
132 0.1395 0.5269 0.1764 0.1290 0.0281
133 0.1868 0.3127 0.3201 0.1754 0.0050
134 0.0639 0.1113 0.5107 0.2910 0.0233
135 0.0382 0.1635 0.5659 0.2286 0.0037
136 0.1283 0.6992 0.1500 0.0108 0.0118
137 0.0663 0.7305 0.1847 0.0106 0.0080
138 0.1133 0.3279 0.2474 0.3032 0.0081
139 0.1647 0.2251 0.3125 0.2756 0.0221
140 0.0585 0.1591 0.2042 0.5552 0.0233
141 0.2732 0.4502 0.1921 0.0551 0.0295
142 0.4622 0.2695 0.1636 0.0797 0.0249
143 0.3203 0.5713 0.0737 0.0208 0.0139
144 0.2151 0.6782 0.0750 0.0130 0.0186
145 0.1312 0.6987 0.1488 0.0161 0.0052
146 0.1799 0.0562 0.3633 0.3013 0.0994
147 0.1033 0.1002 0.1600 0.6133 0.0231
148 0.1945 0.5005 0.1207 0.1703 0.0140
149 0.1350 0.2406 0.3042 0.1874 0.1329
150 0.1370 0.4187 0.3391 0.0906 0.0147
151 0.2141 0.2075 0.3999 0.1052 0.0734
152 0.4319 0.2294 0.2460 0.0272 0.0657
153 0.1063 0.1476 0.4995 0.1956 0.0510
154 0.2717 0.1897 0.2847 0.1500 0.1039
155 0.2157 0.2727 0.2242 0.2140 0.0734
156 0.2742 0.2830 0.2496 0.1389 0.0544
157 0.2751 0.2729 0.3733 0.0425 0.0361
158 0.0483 0.2183 0.6621 0.0651 0.0063
159 0.0901 0.0990 0.6978 0.0847 0.0284
160 0.4546 0.0938 0.3486 0.0468 0.0560
161 0.3040 0.0632 0.2156 0.3367 0.0806
162 0.2905 0.1250 0.5181 0.0137 0.0525
163 0.4141 0.1420 0.3201 0.0889 0.0351
164 0.0912 0.2966 0.4055 0.1886 0.0178
165 0.1937 0.1631 0.2230 0.3794 0.0409
166 0.1511 0.2234 0.3513 0.1794 0.0946
167 0.1648 0.1838 0.4209 0.1410 0.0896
168 0.1296 0.1381 0.4387 0.2137 0.0799
169 0.0548 0.1091 0.6475 0.1611 0.0276
170 0.1096 0.4268 0.2357 0.1864 0.0416
171 0.1445 0.3867 0.2203 0.2103 0.0380
172 0.0775 0.3813 0.2106 0.3113 0.0196
173 0.0934 0.3667 0.2727 0.2522 0.0150
174 0.8398 0.0187 0.0052 0.1191 0.0172
175 0.5928 0.0255 0.0153 0.3274 0.0388
176 0.6577 0.0240 0.0122 0.2615 0.0447
177 0.6831 0.0208 0.0108 0.2474 0.0379
