time exciting_prob fearful_prob tense_prob sad_prob relaxing_prob
0 0.2037 0.2830 0.2496 0.2310 0.0327
1 0.0861 0.0330 0.0903 0.3860 0.4045
2 0.2256 0.0473 0.0897 0.0704 0.5669
3 0.0886 0.1532 0.1416 0.3560 0.2605
4 0.0992 0.1676 0.1032 0.0359 0.5942
5 0.0817 0.1326 0.1001 0.2439 0.4417
6 0.2122 0.2876 0.1614 0.0349 0.3040
7 0.1704 0.3608 0.1144 0.0733 0.2810
8 0.1650 0.3132 0.1170 0.0715 0.3333
9 0.1989 0.3330 0.0651 0.1294 0.2739
10 0.1497 0.1029 0.0880 0.1984 0.4612
11 0.1528 0.0536 0.5591 0.1493 0.0851
12 0.0626 0.1841 0.3232 0.2401 0.1899
13 0.0823 0.4966 0.2637 0.0437 0.1135
14 0.1617 0.0586 0.4294 0.1643 0.1862
15 0.1306 0.2920 0.2617 0.1180 0.1976
16 0.1681 0.3191 0.2092 0.0776 0.2262
17 0.1959 0.2761 0.1411 0.0430 0.3438
18 0.1826 0.0651 0.1755 0.0144 0.5625
19 0.2881 0.0819 0.2622 0.0065 0.3613
20 0.3774 0.0646 0.1840 0.0168 0.3572
21 0.0843 0.1960 0.4282 0.1479 0.1434
22 0.1844 0.1267 0.2010 0.0623 0.4255
23 0.1527 0.3442 0.1691 0.0532 0.2810
24 0.3025 0.0547 0.2213 0.2671 0.1545
25 0.3511 0.1087 0.2469 0.0771 0.2162
26 0.3198 0.0606 0.2415 0.0351 0.3430
27 0.2010 0.3113 0.1328 0.0885 0.2664
28 0.2366 0.2441 0.1677 0.0683 0.2832
29 0.2278 0.2683 0.3340 0.1257 0.0442
30 0.0553 0.2086 0.6631 0.0602 0.0127
31 0.1786 0.2830 0.2876 0.2170 0.0338
32 0.2351 0.1934 0.2314 0.2091 0.1309
33 0.0598 0.3547 0.1898 0.3896 0.0061
34 0.2576 0.0925 0.2496 0.3105 0.0897
35 0.3083 0.0768 0.3440 0.1180 0.1527
36 0.1508 0.0270 0.2485 0.4866 0.0872
37 0.2235 0.3684 0.1622 0.1912 0.0547
38 0.1049 0.3865 0.2576 0.1914 0.0598
39 0.1865 0.0565 0.3123 0.3027 0.1418
40 0.2598 0.0532 0.2598 0.2722 0.1552
41 0.2129 0.0547 0.2798 0.3538 0.0990
42 0.2534 0.0626 0.3010 0.2554 0.1274
43 0.0525 0.4431 0.2605 0.1593 0.0846
44 0.0472 0.5747 0.2847 0.0552 0.0382
45 0.0718 0.3450 0.2773 0.1847 0.1212
46 0.0581 0.4678 0.3115 0.0782 0.0845
47 0.1892 0.1212 0.3792 0.1643 0.1461
48 0.1552 0.1227 0.2155 0.0978 0.4087
49 0.2122 0.1026 0.3811 0.0818 0.2223
50 0.0731 0.3276 0.2847 0.1500 0.1647
51 0.2012 0.3291 0.2522 0.0372 0.1803
52 0.1093 0.1318 0.2791 0.3877 0.0920
53 0.1161 0.5493 0.1757 0.1367 0.0222
54 0.0810 0.2874 0.2678 0.1024 0.2615
55 0.0841 0.2452 0.2981 0.1420 0.2305
56 0.0430 0.2456 0.2380 0.1769 0.2964
57 0.0489 0.0912 0.2295 0.5767 0.0536
58 0.2627 0.0638 0.0429 0.2144 0.4163
59 0.1934 0.0537 0.0405 0.3367 0.3757
60 0.0819 0.0209 0.0304 0.6147 0.2522
61 0.1793 0.1558 0.0560 0.1213 0.4875
62 0.4961 0.1116 0.0310 0.0897 0.2717
63 0.3962 0.0792 0.0571 0.1638 0.3037
64 0.4343 0.1016 0.0273 0.0709 0.3657
65 0.1146 0.0176 0.0390 0.5220 0.3069
66 0.1155 0.0244 0.0776 0.4065 0.3760
67 0.1580 0.0369 0.1129 0.4128 0.2793
68 0.1236 0.1236 0.2988 0.3035 0.1503
69 0.1050 0.0987 0.0585 0.6743 0.0632
70 0.3699 0.0311 0.4062 0.1361 0.0567
71 0.3796 0.0446 0.4580 0.0748 0.0429
72 0.3093 0.2605 0.1279 0.1012 0.2013
73 0.3193 0.1907 0.1364 0.1473 0.2062
74 0.2295 0.1392 0.4526 0.0768 0.1018
75 0.0733 0.0941 0.6582 0.1162 0.0580
76 0.1711 0.0945 0.3149 0.2610 0.1583
77 0.0070 0.0325 0.0688 0.8784 0.0133
78 0.0171 0.0610 0.0795 0.8286 0.0138
79 0.4158 0.1309 0.0609 0.1628 0.2296
80 0.4104 0.0938 0.0419 0.1582 0.2957
81 0.4548 0.1987 0.2251 0.0687 0.0526
82 0.4546 0.2340 0.2065 0.0708 0.0340
83 0.0629 0.0951 0.2161 0.5264 0.0997
84 0.0761 0.0755 0.1729 0.5000 0.1755
85 0.0942 0.0712 0.5469 0.1519 0.1361
86 0.1089 0.1740 0.4045 0.1387 0.1740
87 0.1013 0.1138 0.0260 0.2566 0.5024
88 0.1002 0.1208 0.0171 0.1481 0.6138
89 0.0518 0.0615 0.0197 0.3596 0.5073
90 0.2324 0.1810 0.3572 0.1169 0.1124
91 0.0969 0.0726 0.0133 0.1064 0.7104
92 0.0409 0.0929 0.0456 0.7661 0.0546
93 0.0545 0.0844 0.1665 0.6587 0.0360
94 0.1952 0.1028 0.1509 0.1569 0.3943
95 0.0699 0.1228 0.1447 0.3416 0.3210
96 0.1493 0.1172 0.0603 0.0781 0.5952
97 0.0690 0.1682 0.0297 0.0880 0.6450
98 0.0914 0.1804 0.0555 0.1383 0.5342
99 0.1455 0.1514 0.0195 0.0365 0.6470
100 0.1022 0.2198 0.0394 0.0547 0.5840
101 0.1023 0.0946 0.0211 0.0720 0.7100
102 0.1660 0.1293 0.0410 0.0468 0.6167
103 0.1434 0.1718 0.0898 0.1390 0.4561
104 0.0596 0.0803 0.0249 0.0797 0.7554
105 0.1322 0.1547 0.0802 0.0539 0.5791
106 0.1731 0.2349 0.0941 0.0793 0.4187
107 0.0788 0.1875 0.0893 0.1875 0.4570
108 0.1960 0.1389 0.0544 0.1256 0.4851
109 0.1200 0.1110 0.0470 0.3162 0.4060
110 0.0889 0.1234 0.0499 0.3862 0.3516
111 0.0957 0.1371 0.0717 0.2600 0.4355
112 0.1211 0.1708 0.0537 0.3093 0.3450
113 0.0036 0.0068 0.0039 0.0059 0.9800
114 0.0074 0.0196 0.0065 0.0053 0.9609
115 0.0440 0.1635 0.0416 0.0186 0.7324
116 0.0324 0.1322 0.7974 0.0273 0.0107
117 0.0321 0.1350 0.8018 0.0190 0.0124
118 0.1298 0.5132 0.1257 0.1666 0.0648
119 0.2140 0.4636 0.2156 0.0435 0.0632
120 0.0569 0.2937 0.3354 0.2937 0.0201
121 0.1338 0.3110 0.2294 0.0448 0.2810
122 0.0742 0.1510 0.2163 0.4763 0.0821
123 0.2291 0.2363 0.3989 0.0363 0.0993
124 0.1935 0.1230 0.4641 0.2028 0.0168
125 0.1912 0.1661 0.2201 0.0569 0.3657
126 0.4878 0.1726 0.1055 0.1243 0.1097
127 0.2344 0.1742 0.2101 0.2739 0.1073
128 0.1021 0.0393 0.0334 0.6060 0.2194
129 0.3013 0.1613 0.0667 0.1400 0.3308
130 0.5957 0.1239 0.0349 0.1707 0.0746
131 0.0883 0.4243 0.2307 0.1974 0.0593
132 0.2876 0.0805 0.0632 0.4185 0.1504
133 0.0999 0.0999 0.0815 0.5664 0.1523
134 0.0505 0.2908 0.2908 0.3401 0.0279
135 0.3447 0.2483 0.0567 0.2622 0.0878
136 0.0938 0.0822 0.0117 0.7915 0.0208
137 0.0914 0.0886 0.3142 0.4792 0.0264
138 0.2937 0.1024 0.2759 0.1454 0.1824
139 0.1573 0.0345 0.2676 0.4048 0.1356
140 0.0900 0.0788 0.2729 0.5220 0.0363
141 0.0316 0.1505 0.3289 0.4709 0.0183
142 0.2124 0.2208 0.2705 0.0872 0.2091
143 0.0668 0.3582 0.2832 0.0987 0.1932
144 0.1669 0.3242 0.3398 0.0471 0.1221
145 0.1377 0.4624 0.2344 0.0984 0.0671
146 0.1401 0.1945 0.2556 0.1108 0.2988
147 0.1270 0.1935 0.4360 0.1289 0.1146
148 0.2294 0.2312 0.1917 0.1902 0.1576
149 0.2255 0.2896 0.2169 0.1959 0.0721
150 0.2654 0.1882 0.0351 0.2417 0.2695
151 0.1567 0.4097 0.1906 0.1890 0.0542
152 0.1440 0.2910 0.3567 0.1954 0.0128
153 0.1921 0.5781 0.1373 0.0880 0.0044
154 0.1995 0.5728 0.1219 0.1035 0.0026
155 0.1449 0.1438 0.1542 0.1003 0.4568
156 0.1759 0.1307 0.2922 0.0878 0.3135
157 0.3005 0.4583 0.0945 0.1333 0.0135
158 0.2649 0.5024 0.0944 0.1053 0.0327
159 0.2423 0.3752 0.1136 0.2404 0.0285
160 0.1108 0.1348 0.2830 0.4053 0.0662
161 0.3035 0.2327 0.2896 0.0651 0.1091
162 0.1538 0.1066 0.1226 0.2988 0.3181
163 0.1436 0.4780 0.2330 0.1307 0.0147
164 0.1282 0.4912 0.2756 0.0983 0.0066
165 0.0934 0.4319 0.1947 0.1627 0.1172
166 0.3757 0.1517 0.1043 0.0913 0.2769
167 0.1447 0.1034 0.1993 0.0477 0.5049
168 0.1063 0.1407 0.2756 0.3828 0.0945
169 0.3936 0.1787 0.1680 0.0711 0.1888
170 0.1054 0.1322 0.3098 0.3455 0.1071
171 0.2603 0.1309 0.2603 0.1060 0.2426
172 0.3486 0.2610 0.1488 0.1409 0.1006
173 0.5210 0.1577 0.0987 0.1414 0.0812
174 0.3140 0.1318 0.1566 0.2859 0.1119
175 0.2959 0.1263 0.1896 0.2913 0.0968
176 0.3748 0.2382 0.1550 0.1389 0.0933
177 0.3630 0.1207 0.2495 0.0798 0.1869
178 0.3306 0.2069 0.1825 0.1444 0.1356
179 0.3450 0.1211 0.2371 0.1949 0.1019
180 0.2747 0.0838 0.2074 0.4028 0.0313
181 0.7290 0.0987 0.0781 0.0299 0.0642
182 0.2668 0.0765 0.0967 0.3765 0.1835
183 0.3965 0.1101 0.0812 0.2206 0.1917
184 0.0955 0.3108 0.5586 0.0175 0.0178
185 0.2041 0.1403 0.3418 0.1307 0.1830
186 0.2393 0.1104 0.2507 0.3074 0.0923
187 0.4275 0.1610 0.1089 0.0592 0.2435
188 0.2961 0.1072 0.4409 0.0946 0.0611
189 0.4534 0.0794 0.1094 0.2927 0.0653
190 0.6875 0.0731 0.1282 0.0815 0.0295
191 0.1445 0.0693 0.2617 0.0994 0.4248
192 0.1477 0.0868 0.3176 0.0650 0.3831
193 0.1059 0.1200 0.3755 0.0516 0.3472
194 0.0516 0.3040 0.5859 0.0524 0.0060
195 0.1501 0.2939 0.3955 0.1432 0.0174
196 0.2437 0.1573 0.1304 0.2307 0.2380
197 0.2421 0.1189 0.1276 0.3059 0.2054
198 0.0483 0.2871 0.0296 0.4377 0.1973
199 0.0780 0.3662 0.0150 0.1600 0.3809
200 0.2661 0.2241 0.2122 0.1042 0.1932
201 0.1003 0.1788 0.4158 0.1288 0.1761
202 0.1226 0.0636 0.6943 0.0849 0.0343
203 0.2544 0.2563 0.1394 0.0729 0.2771
204 0.0532 0.2257 0.1144 0.1946 0.4121
205 0.1170 0.2742 0.1143 0.2006 0.2942
206 0.2554 0.2476 0.0767 0.0487 0.3716
207 0.3281 0.1743 0.0948 0.1198 0.2830
208 0.0985 0.1099 0.2255 0.1245 0.4414
209 0.1219 0.0980 0.1918 0.1494 0.4390
210 0.0763 0.2124 0.4639 0.2242 0.0233
211 0.1581 0.3677 0.2690 0.1619 0.0435
212 0.5283 0.1065 0.1335 0.1455 0.0862
213 0.2705 0.1154 0.0442 0.3018 0.2683
214 0.5654 0.1375 0.1079 0.0235 0.1658
215 0.5552 0.1708 0.1011 0.0256 0.1472
216 0.0999 0.1187 0.5571 0.0834 0.1409
217 0.2008 0.3037 0.2876 0.0811 0.1266
218 0.1938 0.1157 0.1710 0.2000 0.3196
219 0.0958 0.1788 0.3787 0.1720 0.1747
220 0.1302 0.3711 0.3276 0.1132 0.0578
221 0.4253 0.0898 0.1436 0.1208 0.2206
222 0.3040 0.1577 0.1565 0.2539 0.1277
223 0.1161 0.1886 0.3108 0.1423 0.2421
224 0.1346 0.2576 0.2382 0.0392 0.3306
225 0.3547 0.1899 0.3386 0.0626 0.0540
226 0.1908 0.1533 0.3916 0.1292 0.1353
227 0.1791 0.0908 0.0429 0.0908 0.5967
228 0.1155 0.1554 0.4639 0.1238 0.1415
229 0.1849 0.1953 0.1194 0.4578 0.0426
230 0.2812 0.4600 0.1127 0.1200 0.0262
231 0.1649 0.5405 0.1943 0.0671 0.0330
232 0.4895 0.1801 0.2482 0.0381 0.0441
233 0.6826 0.1766 0.0815 0.0122 0.0472
234 0.2637 0.4629 0.1001 0.1423 0.0310
235 0.3657 0.4587 0.0947 0.0380 0.0427
236 0.2961 0.5117 0.1031 0.0491 0.0398
237 0.2717 0.4111 0.2019 0.0332 0.0822
238 0.1621 0.1823 0.2847 0.2234 0.1476
239 0.2549 0.2080 0.2756 0.2267 0.0348
