time exciting_prob fearful_prob tense_prob sad_prob relaxing_prob
0 0.2037 0.2830 0.2496 0.2310 0.0327
1 0.1882 0.2134 0.1561 0.2654 0.1769
2 0.2405 0.3555 0.2295 0.1238 0.0508
3 0.0950 0.3528 0.3755 0.1093 0.0673
4 0.2272 0.2964 0.3865 0.0767 0.0134
5 0.5303 0.0826 0.2043 0.1543 0.0288
6 0.1584 0.5889 0.0413 0.1912 0.0205
7 0.2065 0.3950 0.3225 0.0611 0.0148
8 0.4365 0.3145 0.1953 0.0479 0.0059
9 0.1342 0.6011 0.2013 0.0546 0.0088
10 0.2507 0.1953 0.1184 0.4265 0.0091
11 0.2966 0.5327 0.1171 0.0511 0.0022
12 0.1799 0.5288 0.2072 0.0584 0.0255
13 0.3428 0.4612 0.1053 0.0840 0.0065
14 0.1970 0.4304 0.3403 0.0262 0.0060
15 0.1068 0.4863 0.2092 0.1904 0.0072
16 0.0934 0.5376 0.3525 0.0089 0.0074
17 0.2299 0.3167 0.1617 0.2839 0.0077
18 0.4778 0.2257 0.2598 0.0325 0.0041
19 0.5449 0.1225 0.1274 0.1973 0.0080
20 0.1394 0.0788 0.0600 0.6860 0.0355
21 0.2415 0.1465 0.1132 0.4512 0.0479
22 0.4189 0.0781 0.0463 0.4390 0.0177
23 0.6230 0.1152 0.0240 0.2203 0.0175
24 0.7539 0.1777 0.0105 0.0505 0.0072
25 0.4817 0.0508 0.0173 0.4387 0.0115
26 0.8232 0.0583 0.0104 0.0968 0.0112
27 0.4099 0.3242 0.2485 0.0149 0.0024
28 0.6636 0.1447 0.0562 0.0445 0.0912
29 0.7397 0.0948 0.0404 0.0779 0.0473
30 0.1560 0.3406 0.1572 0.3301 0.0161
31 0.3594 0.3796 0.1343 0.1071 0.0195
32 0.1400 0.6177 0.1422 0.0904 0.0097
33 0.5010 0.1067 0.1127 0.1932 0.0864
34 0.5117 0.2219 0.0810 0.0430 0.1422
35 0.1647 0.1781 0.1273 0.4077 0.1224
36 0.2573 0.2961 0.1410 0.2871 0.0182
37 0.3728 0.0652 0.0950 0.4126 0.0545
38 0.3167 0.1748 0.2297 0.2466 0.0323
39 0.3127 0.0298 0.0797 0.5317 0.0461
40 0.1561 0.0646 0.1586 0.5708 0.0499
41 0.4746 0.1517 0.0448 0.1371 0.1918
42 0.4626 0.2021 0.0417 0.2202 0.0732
43 0.4424 0.1154 0.1043 0.2705 0.0673
44 0.0781 0.6489 0.1603 0.1051 0.0079
45 0.4670 0.1296 0.0558 0.3184 0.0292
46 0.2108 0.1566 0.2028 0.3877 0.0422
47 0.4360 0.0633 0.1383 0.2793 0.0832
48 0.5684 0.2622 0.0428 0.0858 0.0409
49 0.5366 0.2020 0.0253 0.1514 0.0849
50 0.3135 0.1901 0.1652 0.3135 0.0181
51 0.2184 0.2219 0.2362 0.2739 0.0495
52 0.4336 0.2888 0.0388 0.0596 0.1793
53 0.3013 0.1960 0.1730 0.2898 0.0401
54 0.1120 0.6245 0.0482 0.0406 0.1748
55 0.5898 0.0682 0.0948 0.2345 0.0128
56 0.2316 0.5386 0.0712 0.0183 0.1405
57 0.0646 0.1503 0.1959 0.5498 0.0395
58 0.1078 0.4683 0.3647 0.0497 0.0093
59 0.1514 0.5757 0.2325 0.0327 0.0078
60 0.2700 0.2556 0.1083 0.3284 0.0377
61 0.3425 0.0735 0.0634 0.4907 0.0297
62 0.2546 0.4199 0.1395 0.0820 0.1037
63 0.1072 0.5659 0.2673 0.0530 0.0066
64 0.7109 0.1315 0.0484 0.0371 0.0721
65 0.6621 0.1215 0.0454 0.0961 0.0749
66 0.1500 0.1015 0.2847 0.3772 0.0868
67 0.3938 0.1249 0.1890 0.2664 0.0260
68 0.5786 0.0569 0.0443 0.2180 0.1022
69 0.6289 0.0648 0.0287 0.1844 0.0934
70 0.1559 0.1205 0.4766 0.2251 0.0221
71 0.3066 0.0459 0.0347 0.5132 0.0995
72 0.7632 0.0963 0.0365 0.0469 0.0570
73 0.2610 0.1243 0.0809 0.4509 0.0828
74 0.4319 0.1902 0.1092 0.2559 0.0128
75 0.0750 0.6084 0.1613 0.0417 0.1135
76 0.1948 0.4861 0.1494 0.0892 0.0806
77 0.1422 0.0455 0.0850 0.6787 0.0488
78 0.3103 0.2201 0.2004 0.2117 0.0574
79 0.2487 0.3762 0.1078 0.2211 0.0464
80 0.2856 0.2500 0.2190 0.2258 0.0196
81 0.6538 0.2173 0.0608 0.0504 0.0178
82 0.3093 0.0432 0.0807 0.4944 0.0723
83 0.1611 0.5894 0.1017 0.0829 0.0646
84 0.2593 0.4045 0.1768 0.0766 0.0828
85 0.0885 0.1339 0.1815 0.5815 0.0146
86 0.3115 0.2012 0.1201 0.3420 0.0252
87 0.3069 0.2465 0.2209 0.2209 0.0048
88 0.1808 0.0748 0.3711 0.3540 0.0192
89 0.1266 0.0274 0.1256 0.6899 0.0303
90 0.1053 0.7725 0.0901 0.0221 0.0101
91 0.1576 0.1759 0.1199 0.5249 0.0215
92 0.1815 0.1425 0.1627 0.4934 0.0197
93 0.1948 0.0541 0.1566 0.5552 0.0393
94 0.1371 0.3264 0.2793 0.2465 0.0108
95 0.4033 0.1052 0.0460 0.4258 0.0198
96 0.6465 0.0253 0.0241 0.2825 0.0215
97 0.3640 0.0358 0.1182 0.4673 0.0147
98 0.3398 0.5063 0.0746 0.0696 0.0098
99 0.5845 0.1455 0.0557 0.1512 0.0630
100 0.5923 0.1185 0.0887 0.1698 0.0304
101 0.4326 0.1655 0.0973 0.2644 0.0402
102 0.1982 0.0718 0.1593 0.5181 0.0525
103 0.3450 0.4941 0.0900 0.0581 0.0130
104 0.3657 0.1782 0.1294 0.3079 0.0186
105 0.3916 0.4800 0.0340 0.0591 0.0353
106 0.3176 0.1016 0.1942 0.3354 0.0511
107 0.1776 0.4363 0.2126 0.1005 0.0729
108 0.2151 0.3894 0.1825 0.1514 0.0616
109 0.4902 0.2389 0.0653 0.1775 0.0281
110 0.1738 0.4302 0.0400 0.0802 0.2756
111 0.1571 0.4204 0.0510 0.2693 0.1022
112 0.2820 0.0741 0.1998 0.4199 0.0242
113 0.2751 0.3320 0.0501 0.1581 0.1847
114 0.2380 0.4482 0.0791 0.0797 0.1549
115 0.1774 0.2947 0.1747 0.3188 0.0344
116 0.2771 0.3848 0.2603 0.0618 0.0159
117 0.3252 0.0910 0.1584 0.3860 0.0394
118 0.0872 0.4097 0.1383 0.1405 0.2245
119 0.1002 0.2311 0.4119 0.2460 0.0110
120 0.1158 0.5654 0.2163 0.0901 0.0125
121 0.1858 0.0352 0.0283 0.7178 0.0331
122 0.6934 0.1672 0.0436 0.0650 0.0309
123 0.1565 0.1127 0.5464 0.1425 0.0421
124 0.2861 0.0179 0.0290 0.6353 0.0319
125 0.7222 0.0661 0.0398 0.1255 0.0465
126 0.3398 0.3452 0.1156 0.1129 0.0866
127 0.1091 0.6377 0.1082 0.0434 0.1017
128 0.3557 0.4392 0.0679 0.0800 0.0572
129 0.2271 0.3079 0.4111 0.0465 0.0074
130 0.2617 0.2722 0.1100 0.1960 0.1600
131 0.0538 0.6157 0.1241 0.1462 0.0605
132 0.4043 0.0692 0.1609 0.3101 0.0556
133 0.3977 0.1167 0.1698 0.2866 0.0293
134 0.8799 0.0344 0.0161 0.0296 0.0402
135 0.2664 0.1268 0.0751 0.4602 0.0717
136 0.2004 0.5664 0.1334 0.0822 0.0175
137 0.1707 0.0224 0.0668 0.6968 0.0435
138 0.1002 0.7695 0.0360 0.0919 0.0022
139 0.0413 0.6875 0.0834 0.1793 0.0087
140 0.4436 0.0518 0.0475 0.4041 0.0530
141 0.1117 0.2458 0.3992 0.2203 0.0230
142 0.2559 0.2223 0.1144 0.3840 0.0233
143 0.2771 0.4128 0.1846 0.0965 0.0290
144 0.1659 0.6665 0.0847 0.0534 0.0297
145 0.2886 0.0559 0.0439 0.5737 0.0378
146 0.2700 0.0978 0.0553 0.5410 0.0357
147 0.2942 0.0672 0.1813 0.3550 0.1025
148 0.2542 0.5771 0.0689 0.0608 0.0390
149 0.7700 0.0455 0.0485 0.1110 0.0249
150 0.8032 0.0596 0.0314 0.0356 0.0702
151 0.4612 0.0759 0.0490 0.3218 0.0922
152 0.1915 0.2170 0.2920 0.2876 0.0118
153 0.2261 0.3447 0.2296 0.1934 0.0062
154 0.7598 0.0893 0.0347 0.0782 0.0381
155 0.8447 0.0721 0.0507 0.0232 0.0092
156 0.3142 0.2211 0.1362 0.2281 0.1004
157 0.6592 0.2140 0.0618 0.0360 0.0292
158 0.3284 0.4851 0.1266 0.0308 0.0291
159 0.2847 0.0547 0.3379 0.2983 0.0245
160 0.3848 0.2209 0.1919 0.1340 0.0684
161 0.5923 0.0413 0.0702 0.2820 0.0143
162 0.6489 0.1493 0.0251 0.0549 0.1219
163 0.5415 0.1758 0.0383 0.1730 0.0716
164 0.3933 0.0428 0.0831 0.4670 0.0138
165 0.3857 0.1293 0.0284 0.4138 0.0426
166 0.2810 0.0756 0.0919 0.3811 0.1704
167 0.1759 0.1228 0.0668 0.6235 0.0110
168 0.4387 0.3752 0.0662 0.1135 0.0063
169 0.5029 0.1022 0.1022 0.2690 0.0237
170 0.3157 0.1091 0.0926 0.3662 0.1161
171 0.4221 0.2561 0.0711 0.2025 0.0481
172 0.4373 0.0961 0.1794 0.2781 0.0092
173 0.2505 0.5732 0.0412 0.0387 0.0966
174 0.3611 0.3784 0.0205 0.1382 0.1019
175 0.2612 0.5796 0.0676 0.0468 0.0447
176 0.0919 0.2786 0.0451 0.4812 0.1033
177 0.4375 0.1039 0.0991 0.2781 0.0815
178 0.1372 0.6753 0.1268 0.0425 0.0181
179 0.3887 0.1970 0.0923 0.2303 0.0916
180 0.1792 0.1722 0.0820 0.4946 0.0718
181 0.2808 0.1945 0.0519 0.3960 0.0768
182 0.1189 0.5542 0.2274 0.0823 0.0174
183 0.0908 0.6113 0.0639 0.2047 0.0295
184 0.3979 0.0185 0.0834 0.4653 0.0348
185 0.3403 0.1149 0.1487 0.3223 0.0736
186 0.3962 0.0612 0.1469 0.3362 0.0594
187 0.3884 0.3508 0.1078 0.0759 0.0771
188 0.7612 0.1080 0.0583 0.0601 0.0124
189 0.5024 0.0981 0.1792 0.1952 0.0250
190 0.8457 0.0594 0.0352 0.0333 0.0264
191 0.5859 0.2173 0.0673 0.0320 0.0972
192 0.1742 0.2382 0.3989 0.1625 0.0263
193 0.1160 0.1573 0.0487 0.6675 0.0104
194 0.3623 0.0821 0.0867 0.4404 0.0284
195 0.0910 0.6318 0.0561 0.2200 0.0012
196 0.5049 0.1564 0.1025 0.2329 0.0035
197 0.5469 0.2708 0.0349 0.1044 0.0432
198 0.1100 0.4153 0.3337 0.1370 0.0039
199 0.7114 0.0598 0.0208 0.1198 0.0883
200 0.3687 0.0656 0.1151 0.4377 0.0130
201 0.3679 0.1030 0.1711 0.3171 0.0406
202 0.8140 0.0965 0.0266 0.0220 0.0409
203 0.2485 0.0789 0.2505 0.3940 0.0279
204 0.3518 0.1561 0.1526 0.1389 0.2006
205 0.3987 0.1142 0.1315 0.3357 0.0200
206 0.6816 0.0730 0.0184 0.2000 0.0271
207 0.2385 0.0344 0.0891 0.6187 0.0193
208 0.1985 0.1185 0.2888 0.3708 0.0233
209 0.1221 0.0555 0.1921 0.6011 0.0292
210 0.3557 0.2059 0.1201 0.2927 0.0256
211 0.2578 0.3364 0.1481 0.2539 0.0037
212 0.1882 0.0354 0.1039 0.6465 0.0259
213 0.0830 0.4668 0.3110 0.1227 0.0166
214 0.4351 0.3779 0.0544 0.0850 0.0477
215 0.4172 0.3828 0.0596 0.1234 0.0168
216 0.2360 0.0423 0.0495 0.6616 0.0104
217 0.2925 0.2971 0.1666 0.1566 0.0872
218 0.1831 0.1011 0.1693 0.5337 0.0127
219 0.5122 0.0458 0.1208 0.2942 0.0267
220 0.1327 0.0657 0.3442 0.3962 0.0612
221 0.2452 0.1047 0.1647 0.4763 0.0090
222 0.4182 0.3308 0.0926 0.0448 0.1135
223 0.7812 0.1401 0.0170 0.0115 0.0500
224 0.2620 0.6484 0.0554 0.0236 0.0106
225 0.0945 0.3352 0.4109 0.1488 0.0106
226 0.5928 0.0560 0.0397 0.2321 0.0796
227 0.2556 0.3105 0.2517 0.1770 0.0052
228 0.2556 0.2598 0.1285 0.3013 0.0549
229 0.7373 0.0759 0.0295 0.0874 0.0697
230 0.7324 0.2164 0.0282 0.0119 0.0112
231 0.8105 0.0720 0.0269 0.0379 0.0526
232 0.3958 0.1169 0.1294 0.1943 0.1637
233 0.5195 0.1769 0.0743 0.1047 0.1244
234 0.4392 0.1666 0.0643 0.1003 0.2296
235 0.3601 0.1432 0.0962 0.3279 0.0726
236 0.3455 0.0807 0.2336 0.2864 0.0538
237 0.2382 0.0817 0.0597 0.6079 0.0125
238 0.1926 0.5981 0.0835 0.1196 0.0062
239 0.1643 0.6973 0.0707 0.0551 0.0127
240 0.3274 0.4270 0.1204 0.1047 0.0204
241 0.7949 0.0980 0.0170 0.0536 0.0366
242 0.1405 0.1230 0.3142 0.4163 0.0058
243 0.2859 0.2927 0.1694 0.2352 0.0165
244 0.3435 0.0714 0.1345 0.3862 0.0645
245 0.4197 0.2886 0.0820 0.1709 0.0388
246 0.4163 0.0943 0.0568 0.3760 0.0568
247 0.3032 0.2893 0.0112 0.3774 0.0188
248 0.7241 0.1517 0.0481 0.0689 0.0073
249 0.5161 0.3206 0.0289 0.0911 0.0434
250 0.5186 0.2338 0.0718 0.1113 0.0644
251 0.6172 0.0791 0.0715 0.2167 0.0153
252 0.1309 0.0363 0.6240 0.1934 0.0155
253 0.3242 0.1174 0.0729 0.2372 0.2485
254 0.3699 0.1483 0.0717 0.2026 0.2075
255 0.1631 0.0634 0.0974 0.6401 0.0358
256 0.3899 0.1189 0.1550 0.2153 0.1208
257 0.2859 0.3728 0.1201 0.0851 0.1361
258 0.1014 0.4800 0.1301 0.2820 0.0065
259 0.2371 0.2192 0.3342 0.1761 0.0334
260 0.1624 0.2615 0.2168 0.3411 0.0185
261 0.2783 0.2654 0.2494 0.1769 0.0300
262 0.2983 0.3542 0.0882 0.1987 0.0606
263 0.6001 0.0885 0.0695 0.2123 0.0296
264 0.1252 0.1312 0.0888 0.6313 0.0235
265 0.2075 0.1299 0.1382 0.4324 0.0920
