time exciting_prob fearful_prob tense_prob sad_prob relaxing_prob
0 0.2037 0.2830 0.2496 0.2310 0.0327
1 0.1332 0.1632 0.2820 0.4038 0.0177
2 0.2057 0.0745 0.1437 0.5171 0.0589
3 0.6362 0.0295 0.0433 0.0043 0.2869
4 0.8120 0.0177 0.0280 0.0021 0.1400
5 0.5474 0.0161 0.0439 0.0048 0.3879
6 0.8130 0.0389 0.1162 0.0185 0.0131
7 0.5479 0.0783 0.2249 0.0952 0.0538
8 0.5859 0.0694 0.1627 0.0668 0.1154
9 0.7461 0.0466 0.1199 0.0077 0.0798
10 0.4370 0.0322 0.1821 0.1272 0.2214
11 0.4160 0.2092 0.1997 0.0807 0.0943
12 0.8584 0.0328 0.0589 0.0181 0.0318
13 0.4797 0.1038 0.1632 0.2129 0.0403
14 0.1213 0.0591 0.4648 0.3196 0.0353
15 0.1649 0.0472 0.3384 0.3774 0.0720
16 0.1300 0.0814 0.1952 0.5146 0.0789
17 0.1224 0.2981 0.3889 0.1753 0.0154
18 0.2200 0.0420 0.3516 0.1293 0.2571
19 0.1098 0.0300 0.3833 0.1225 0.3545
20 0.1835 0.0479 0.4988 0.1670 0.1029
21 0.1256 0.1614 0.4316 0.2620 0.0194
22 0.1053 0.2773 0.5518 0.0464 0.0195
23 0.0763 0.1042 0.3113 0.4822 0.0260
24 0.2140 0.3877 0.3018 0.0740 0.0226
25 0.3938 0.0858 0.4128 0.0648 0.0428
26 0.1769 0.4446 0.2939 0.0507 0.0340
27 0.2986 0.1573 0.3833 0.1410 0.0197
28 0.4597 0.1992 0.1744 0.0079 0.1588
29 0.2097 0.0771 0.6357 0.0538 0.0235
30 0.0553 0.0856 0.2086 0.0744 0.5762
31 0.1548 0.4622 0.2634 0.0693 0.0503
32 0.1562 0.0918 0.6577 0.0811 0.0133
33 0.2019 0.0842 0.5938 0.0969 0.0234
34 0.3748 0.1017 0.3308 0.0870 0.1057
35 0.4517 0.2676 0.1884 0.0267 0.0656
36 0.2031 0.0660 0.3455 0.2412 0.1440
37 0.2490 0.1088 0.4370 0.1738 0.0312
38 0.4888 0.2496 0.1945 0.0101 0.0570
39 0.2339 0.1440 0.2064 0.3738 0.0419
40 0.3882 0.3169 0.2062 0.0670 0.0219
41 0.1376 0.0931 0.4583 0.0771 0.2340
42 0.3401 0.0468 0.4299 0.0959 0.0873
43 0.1740 0.1986 0.2715 0.0436 0.3125
44 0.3328 0.1548 0.3486 0.1150 0.0487
45 0.2581 0.2242 0.3528 0.0844 0.0806
46 0.2698 0.3687 0.2101 0.0732 0.0785
47 0.1926 0.4443 0.3228 0.0216 0.0186
48 0.1559 0.1140 0.3513 0.0385 0.3403
49 0.0563 0.6597 0.1803 0.0381 0.0658
50 0.1997 0.1735 0.5386 0.0367 0.0517
51 0.2350 0.0689 0.2388 0.0449 0.4124
52 0.2629 0.1779 0.4988 0.0223 0.0382
53 0.0609 0.1680 0.2812 0.2603 0.2296
54 0.1198 0.3013 0.3989 0.0823 0.0978
55 0.1492 0.0705 0.4319 0.1381 0.2104
56 0.0452 0.2296 0.5254 0.1309 0.0689
57 0.2095 0.4646 0.1509 0.0157 0.1593
58 0.0589 0.6538 0.1963 0.0508 0.0402
59 0.1415 0.3906 0.1875 0.0928 0.1875
60 0.1422 0.1943 0.4885 0.1024 0.0726
61 0.2050 0.4766 0.2891 0.0087 0.0206
62 0.1523 0.5112 0.3125 0.0118 0.0121
63 0.2194 0.3242 0.3730 0.0292 0.0542
64 0.1172 0.3726 0.4155 0.0177 0.0769
65 0.0965 0.1543 0.6597 0.0533 0.0363
66 0.0909 0.1837 0.3379 0.3652 0.0223
67 0.4023 0.1716 0.2898 0.0368 0.0994
68 0.2156 0.1528 0.4600 0.1248 0.0470
69 0.3552 0.1287 0.3723 0.0418 0.1018
70 0.5029 0.0790 0.3052 0.0796 0.0332
71 0.3162 0.4092 0.2090 0.0074 0.0580
72 0.1628 0.1554 0.5254 0.1043 0.0520
73 0.1746 0.1127 0.5996 0.0224 0.0906
74 0.5166 0.1017 0.1247 0.0108 0.2460
75 0.2290 0.0743 0.3130 0.0557 0.3281
76 0.3760 0.1340 0.3423 0.0801 0.0674
77 0.2896 0.2362 0.3660 0.0561 0.0523
78 0.1273 0.3250 0.5278 0.0117 0.0083
79 0.4443 0.1559 0.2654 0.0043 0.1302
80 0.1534 0.2693 0.4236 0.1176 0.0362
81 0.3818 0.2771 0.2905 0.0108 0.0399
82 0.1974 0.3203 0.4587 0.0122 0.0113
83 0.5132 0.2993 0.1127 0.0104 0.0647
84 0.1973 0.1882 0.4961 0.0230 0.0954
85 0.1823 0.1660 0.4729 0.1534 0.0255
86 0.3674 0.1053 0.1763 0.2372 0.1138
87 0.1113 0.2932 0.5737 0.0173 0.0043
88 0.0959 0.3193 0.4719 0.0859 0.0270
89 0.1127 0.3337 0.5171 0.0238 0.0128
90 0.2927 0.4126 0.2686 0.0103 0.0159
91 0.1995 0.2261 0.4495 0.0899 0.0349
92 0.3533 0.4465 0.1790 0.0037 0.0177
93 0.1560 0.2323 0.1674 0.0102 0.4341
94 0.3306 0.1090 0.2168 0.0862 0.2573
95 0.2695 0.3516 0.1897 0.1700 0.0192
96 0.2319 0.1301 0.5923 0.0246 0.0209
97 0.4480 0.2051 0.1853 0.0503 0.1115
98 0.1472 0.3215 0.2389 0.2245 0.0679
99 0.0507 0.3306 0.1826 0.3987 0.0374
100 0.3882 0.1251 0.1451 0.0246 0.3169
101 0.3208 0.1677 0.1786 0.0315 0.3013
102 0.3074 0.1953 0.3945 0.0771 0.0258
103 0.3130 0.1525 0.4019 0.0380 0.0947
104 0.0588 0.6123 0.1927 0.0210 0.1151
105 0.0278 0.4412 0.4275 0.0896 0.0140
106 0.2346 0.1126 0.4119 0.1886 0.0524
107 0.0712 0.2905 0.4226 0.2059 0.0098
108 0.0321 0.5786 0.3677 0.0212 0.0002
109 0.2181 0.1097 0.5659 0.0797 0.0267
110 0.6016 0.0880 0.2318 0.0370 0.0419
111 0.2491 0.4109 0.1621 0.0078 0.1699
112 0.1638 0.1074 0.0837 0.0269 0.6182
113 0.1411 0.0631 0.0667 0.0178 0.7114
114 0.2800 0.1488 0.3682 0.0620 0.1409
115 0.4478 0.0854 0.2822 0.0991 0.0854
116 0.5859 0.1541 0.2482 0.0039 0.0076
117 0.0621 0.4485 0.2942 0.0451 0.1503
118 0.1082 0.2363 0.4485 0.1959 0.0112
119 0.3750 0.2402 0.2023 0.0891 0.0933
120 0.2903 0.0663 0.2157 0.0432 0.3845
121 0.0470 0.4565 0.1191 0.0220 0.3555
122 0.2722 0.2007 0.4021 0.0194 0.1057
123 0.3157 0.0905 0.3577 0.2070 0.0291
124 0.2410 0.3882 0.3022 0.0299 0.0387
125 0.3201 0.1159 0.3682 0.0687 0.1273
126 0.1242 0.0686 0.3123 0.4688 0.0260
127 0.1952 0.2544 0.4536 0.0281 0.0685
128 0.3770 0.1168 0.2737 0.0447 0.1880
129 0.3650 0.1835 0.3916 0.0158 0.0443
130 0.0882 0.4016 0.2324 0.2397 0.0379
131 0.1456 0.5044 0.3206 0.0109 0.0185
132 0.3784 0.2482 0.1963 0.0411 0.1360
133 0.0795 0.2128 0.5264 0.0513 0.1300
134 0.2732 0.2030 0.4365 0.0334 0.0538
135 0.0699 0.1993 0.6431 0.0805 0.0069
136 0.3726 0.2332 0.2600 0.0964 0.0378
137 0.1348 0.1326 0.2517 0.4702 0.0108
138 0.2905 0.3293 0.2159 0.1103 0.0538
139 0.1583 0.3799 0.3005 0.1006 0.0606
140 0.2529 0.1499 0.4043 0.1685 0.0245
141 0.2852 0.1959 0.3130 0.1688 0.0371
142 0.1449 0.3787 0.3787 0.0609 0.0369
143 0.2061 0.0581 0.3672 0.3240 0.0446
144 0.2239 0.2898 0.2942 0.1650 0.0269
145 0.2290 0.3660 0.2637 0.0985 0.0430
146 0.0588 0.4666 0.2496 0.2007 0.0243
147 0.2683 0.0734 0.6045 0.0294 0.0242
148 0.0470 0.1257 0.5459 0.2539 0.0272
149 0.0934 0.2878 0.5464 0.0533 0.0193
150 0.1472 0.4097 0.2771 0.0788 0.0872
151 0.2256 0.1189 0.3181 0.2517 0.0856
152 0.0511 0.4482 0.4412 0.0158 0.0437
153 0.0850 0.1871 0.4023 0.1552 0.1704
154 0.2754 0.3074 0.1271 0.2588 0.0314
155 0.0819 0.7417 0.1578 0.0024 0.0164
156 0.1082 0.6323 0.1133 0.1082 0.0380
157 0.0790 0.1545 0.4138 0.1242 0.2285
158 0.1066 0.1813 0.4084 0.0317 0.2720
159 0.1436 0.1759 0.2089 0.4634 0.0082
160 0.2084 0.2289 0.5322 0.0155 0.0150
161 0.0839 0.0339 0.1860 0.1495 0.5469
162 0.1028 0.2930 0.3535 0.1777 0.0729
163 0.1152 0.2382 0.4050 0.0531 0.1884
164 0.0754 0.6719 0.1956 0.0191 0.0382
165 0.3037 0.4087 0.1256 0.0405 0.1217
166 0.2654 0.3743 0.1882 0.1536 0.0185
167 0.2756 0.4617 0.1453 0.0359 0.0815
168 0.1514 0.3989 0.2537 0.1798 0.0163
169 0.0688 0.5166 0.3962 0.0151 0.0032
170 0.0923 0.1046 0.2800 0.5151 0.0081
171 0.1644 0.2886 0.3765 0.1644 0.0059
172 0.0578 0.2549 0.5566 0.1113 0.0193
173 0.1505 0.1459 0.4092 0.2856 0.0089
174 0.2489 0.3977 0.3298 0.0101 0.0134
175 0.2493 0.3176 0.3831 0.0293 0.0208
176 0.3633 0.2786 0.1389 0.1526 0.0667
177 0.1837 0.5400 0.2632 0.0044 0.0085
178 0.1201 0.5381 0.3315 0.0067 0.0035
179 0.2529 0.3196 0.3621 0.0461 0.0193
180 0.3057 0.2515 0.3057 0.0163 0.1207
181 0.1503 0.2136 0.1613 0.0296 0.4453
182 0.1212 0.1461 0.6548 0.0390 0.0387
183 0.2791 0.0950 0.2747 0.2502 0.1011
184 0.0244 0.4644 0.4294 0.0572 0.0244
185 0.1078 0.3320 0.2688 0.1605 0.1310
186 0.2732 0.2111 0.3193 0.1670 0.0297
187 0.1638 0.5454 0.2383 0.0129 0.0395
188 0.3635 0.3015 0.3015 0.0191 0.0143
189 0.2180 0.3049 0.3298 0.0847 0.0625
190 0.3157 0.3059 0.3108 0.0052 0.0626
191 0.0918 0.3745 0.2344 0.2656 0.0335
192 0.1417 0.2336 0.4868 0.0873 0.0505
193 0.1503 0.1478 0.5537 0.1305 0.0177
194 0.0441 0.2070 0.3992 0.3413 0.0083
195 0.1816 0.1068 0.4158 0.0734 0.2225
196 0.1216 0.0823 0.2871 0.4517 0.0574
197 0.1348 0.1458 0.1327 0.0617 0.5249
198 0.0658 0.0988 0.2124 0.5508 0.0723
199 0.1149 0.1464 0.2469 0.1938 0.2979
200 0.0865 0.1146 0.1027 0.0155 0.6807
201 0.0845 0.2225 0.3613 0.0872 0.2445
202 0.0469 0.2239 0.3467 0.3635 0.0190
203 0.0721 0.4348 0.4417 0.0488 0.0024
204 0.2910 0.3564 0.3245 0.0049 0.0231
205 0.2422 0.4282 0.2517 0.0646 0.0131
206 0.2622 0.0972 0.5728 0.0240 0.0438
207 0.4167 0.1969 0.3196 0.0204 0.0464
208 0.1337 0.2876 0.3809 0.1613 0.0366
209 0.0189 0.0784 0.1140 0.7671 0.0214
210 0.1462 0.3296 0.3914 0.1194 0.0135
211 0.1245 0.2515 0.4211 0.1869 0.0158
212 0.0668 0.0770 0.1146 0.0819 0.6597
213 0.1741 0.2200 0.2781 0.2869 0.0410
214 0.0556 0.5317 0.1672 0.1132 0.1323
215 0.1844 0.2522 0.4858 0.0590 0.0186
216 0.0812 0.2969 0.4121 0.1858 0.0240
217 0.5459 0.1705 0.1639 0.0414 0.0781
218 0.1761 0.0988 0.3501 0.1875 0.1875
219 0.1586 0.2871 0.2455 0.2417 0.0671
220 0.0485 0.3877 0.5298 0.0272 0.0065
221 0.3623 0.2413 0.3738 0.0078 0.0147
222 0.4375 0.2632 0.1853 0.0385 0.0754
223 0.0493 0.3699 0.2141 0.3315 0.0349
224 0.0669 0.2228 0.2028 0.2125 0.2952
225 0.0818 0.3728 0.3342 0.0845 0.1268
226 0.1925 0.5400 0.1674 0.0241 0.0760
227 0.1383 0.1449 0.4534 0.2012 0.0623
228 0.3032 0.1782 0.4343 0.0606 0.0237
229 0.2391 0.2627 0.2627 0.1921 0.0435
230 0.0632 0.2402 0.5674 0.0368 0.0926
231 0.0709 0.3357 0.3630 0.1160 0.1143
232 0.1573 0.0607 0.3835 0.3774 0.0210
233 0.0880 0.4265 0.4402 0.0302 0.0151
234 0.4453 0.0963 0.2920 0.1208 0.0455
235 0.3091 0.2334 0.3909 0.0252 0.0415
236 0.1204 0.2284 0.3376 0.2888 0.0250
237 0.0962 0.3254 0.5200 0.0469 0.0115
238 0.1320 0.4678 0.3020 0.0406 0.0576
239 0.2258 0.2683 0.4421 0.0331 0.0306
240 0.1616 0.1694 0.3938 0.2427 0.0326
241 0.8867 0.0131 0.0623 0.0202 0.0176
242 0.0763 0.1404 0.2244 0.0613 0.4976
243 0.1615 0.1494 0.2791 0.0164 0.3936
244 0.0855 0.0883 0.0641 0.0232 0.7388
245 0.2690 0.1105 0.1821 0.3511 0.0873
246 0.2031 0.1683 0.1486 0.3508 0.1290
247 0.5024 0.3049 0.1140 0.0083 0.0702
248 0.5103 0.2954 0.1157 0.0084 0.0701
249 0.5088 0.2944 0.1171 0.0084 0.0710
250 0.5093 0.2949 0.1173 0.0084 0.0700
251 0.5093 0.2949 0.1173 0.0084 0.0700
252 0.5142 0.2930 0.1130 0.0077 0.0718
253 0.5020 0.3142 0.1036 0.0065 0.0735
254 0.4436 0.4038 0.0759 0.0064 0.0702
255 0.2037 0.2830 0.2496 0.2310 0.0327
256 0.2037 0.2830 0.2496 0.2310 0.0327
