time exciting_prob fearful_prob tense_prob sad_prob relaxing_prob
0 0.2338 0.2690 0.0922 0.3794 0.0256
1 0.2512 0.1987 0.0749 0.4480 0.0271
2 0.0951 0.1592 0.2317 0.4905 0.0237
3 0.6987 0.0748 0.1910 0.0293 0.0062
4 0.3333 0.0380 0.4700 0.1411 0.0177
5 0.1198 0.0810 0.3574 0.4246 0.0174
6 0.7021 0.1036 0.0215 0.1004 0.0723
7 0.3577 0.2086 0.0672 0.3413 0.0255
8 0.8579 0.0083 0.0016 0.0919 0.0401
9 0.1759 0.5903 0.0127 0.0074 0.2137
10 0.1805 0.3296 0.0826 0.0425 0.3647
11 0.1848 0.5918 0.0250 0.0577 0.1406
12 0.2205 0.0496 0.0774 0.3416 0.3110
13 0.2705 0.1554 0.1393 0.4189 0.0157
14 0.2216 0.6309 0.0364 0.0071 0.1038
15 0.3267 0.3167 0.2976 0.0529 0.0062
16 0.2761 0.0480 0.1649 0.3435 0.1675
17 0.1711 0.1376 0.1793 0.4580 0.0539
18 0.0808 0.1558 0.2866 0.4368 0.0400
19 0.0554 0.7407 0.1577 0.0030 0.0431
20 0.1566 0.6909 0.0706 0.0039 0.0781
21 0.1072 0.2271 0.3462 0.2869 0.0327
22 0.2507 0.2690 0.3169 0.0833 0.0801
23 0.2913 0.4207 0.2065 0.0351 0.0464
24 0.4868 0.2467 0.1643 0.0595 0.0425
25 0.2053 0.3867 0.3689 0.0229 0.0162
26 0.3411 0.3804 0.1444 0.0651 0.0693
27 0.2155 0.1436 0.3184 0.1887 0.1338
28 0.0765 0.0753 0.1166 0.7144 0.0173
29 0.1829 0.2258 0.2766 0.2559 0.0589
30 0.1617 0.4397 0.1656 0.0361 0.1967
31 0.2925 0.1328 0.3040 0.1093 0.1615
32 0.1212 0.2094 0.3562 0.2952 0.0181
33 0.2507 0.2430 0.3564 0.0974 0.0526
34 0.2634 0.5405 0.1007 0.0616 0.0340
35 0.2551 0.3198 0.1072 0.2114 0.1063
36 0.2952 0.5098 0.0576 0.0304 0.1069
37 0.0298 0.0878 0.3994 0.4597 0.0233
38 0.0411 0.3157 0.4666 0.1663 0.0106
39 0.2443 0.4707 0.2122 0.0520 0.0208
40 0.1188 0.2939 0.3745 0.1466 0.0661
41 0.4202 0.2163 0.0983 0.0223 0.2432
42 0.2147 0.4727 0.2164 0.0074 0.0888
43 0.0394 0.0759 0.0916 0.7319 0.0610
44 0.1703 0.1930 0.3232 0.2639 0.0496
45 0.1051 0.0474 0.1371 0.6748 0.0358
46 0.1495 0.0422 0.3264 0.4463 0.0355
47 0.0997 0.0937 0.1212 0.6206 0.0649
48 0.1382 0.3584 0.1257 0.0222 0.3555
49 0.2330 0.4058 0.2642 0.0066 0.0906
50 0.2073 0.2312 0.4600 0.0459 0.0558
51 0.0578 0.4990 0.4072 0.0279 0.0081
52 0.1024 0.0797 0.2306 0.5620 0.0253
53 0.1472 0.3757 0.1694 0.0195 0.2881
54 0.3164 0.5098 0.1219 0.0076 0.0445
55 0.0967 0.6211 0.1510 0.0070 0.1242
56 0.2974 0.3850 0.2524 0.0122 0.0529
57 0.0369 0.1034 0.2810 0.5591 0.0197
58 0.0889 0.1196 0.1912 0.5361 0.0640
59 0.4839 0.3101 0.1088 0.0291 0.0681
60 0.0979 0.1403 0.6089 0.1403 0.0127
61 0.2825 0.2115 0.1031 0.0828 0.3201
62 0.1182 0.1249 0.0679 0.3848 0.3042
63 0.0162 0.7764 0.2025 0.0026 0.0024
64 0.1133 0.3203 0.4309 0.1142 0.0211
65 0.3584 0.2542 0.1577 0.1565 0.0734
66 0.2441 0.1050 0.3135 0.2900 0.0473
67 0.2059 0.6543 0.1003 0.0015 0.0378
68 0.0771 0.8359 0.0725 0.0010 0.0132
69 0.3562 0.5103 0.0475 0.0017 0.0846
70 0.3645 0.3616 0.0258 0.0015 0.2466
71 0.2549 0.5698 0.1014 0.0189 0.0551
72 0.0565 0.1377 0.4375 0.3406 0.0277
73 0.0776 0.1862 0.3479 0.3589 0.0295
74 0.1168 0.5444 0.2434 0.0182 0.0772
75 0.0144 0.3362 0.0850 0.5630 0.0011
76 0.1846 0.4714 0.2192 0.0679 0.0568
77 0.2100 0.6172 0.1489 0.0028 0.0211
78 0.3809 0.2478 0.1664 0.0043 0.2007
79 0.5542 0.1276 0.1153 0.0811 0.1218
80 0.1609 0.6123 0.1304 0.0085 0.0882
81 0.0635 0.2935 0.3767 0.2590 0.0072
82 0.1729 0.6035 0.1702 0.0371 0.0166
83 0.2791 0.5054 0.1565 0.0023 0.0571
84 0.6660 0.2339 0.0443 0.0137 0.0419
85 0.0492 0.4084 0.3335 0.1527 0.0562
86 0.3728 0.3501 0.1471 0.0442 0.0858
87 0.3057 0.1356 0.1797 0.2515 0.1274
88 0.1091 0.1526 0.1827 0.5288 0.0269
89 0.1322 0.3767 0.3271 0.1545 0.0094
90 0.1757 0.5713 0.1587 0.0579 0.0363
91 0.1083 0.3665 0.4089 0.0864 0.0298
92 0.1378 0.3206 0.4448 0.0918 0.0050
93 0.2494 0.1958 0.1636 0.0583 0.3330
94 0.1013 0.1982 0.3320 0.3320 0.0364
95 0.2537 0.0941 0.3992 0.2274 0.0257
96 0.0322 0.4724 0.4438 0.0475 0.0041
97 0.0945 0.1194 0.4651 0.3003 0.0206
98 0.2263 0.0482 0.0429 0.3733 0.3093
99 0.1434 0.0167 0.1285 0.6948 0.0165
100 0.2205 0.5332 0.2188 0.0084 0.0193
101 0.2158 0.3613 0.1035 0.1102 0.2091
102 0.2247 0.3398 0.1820 0.0198 0.2336
103 0.1893 0.1570 0.0186 0.0043 0.6309
104 0.3372 0.2428 0.1643 0.0529 0.2029
105 0.1432 0.6724 0.1115 0.0091 0.0640
106 0.1327 0.6738 0.0459 0.0139 0.1338
107 0.0648 0.7534 0.0996 0.0159 0.0663
108 0.3777 0.4053 0.1265 0.0063 0.0843
109 0.0588 0.7393 0.1755 0.0192 0.0074
110 0.0924 0.7983 0.0726 0.0167 0.0198
111 0.3015 0.2922 0.1931 0.0232 0.1901
112 0.1503 0.6226 0.2021 0.0080 0.0169
113 0.0531 0.6523 0.2720 0.0153 0.0072
114 0.2529 0.4800 0.1924 0.0370 0.0379
115 0.1523 0.2695 0.3406 0.2305 0.0069
116 0.0831 0.7881 0.0986 0.0261 0.0039
117 0.2111 0.4036 0.3733 0.0049 0.0071
118 0.0606 0.5703 0.2452 0.0917 0.0322
119 0.1852 0.4917 0.2551 0.0498 0.0181
120 0.2006 0.1885 0.4053 0.1914 0.0143
121 0.3040 0.3782 0.2620 0.0102 0.0455
122 0.1892 0.6396 0.1212 0.0161 0.0337
123 0.3835 0.1958 0.3716 0.0174 0.0317
124 0.4658 0.1622 0.3303 0.0060 0.0354
125 0.2903 0.1437 0.4424 0.1110 0.0127
126 0.1489 0.1000 0.6323 0.0984 0.0205
127 0.1407 0.0446 0.4268 0.3767 0.0110
128 0.0844 0.6431 0.1504 0.0536 0.0688
129 0.2878 0.1774 0.4822 0.0124 0.0402
130 0.0699 0.1208 0.2898 0.4929 0.0265
131 0.0937 0.4539 0.2467 0.1619 0.0439
132 0.0992 0.4661 0.2534 0.1688 0.0124
133 0.3413 0.2659 0.3691 0.0049 0.0190
134 0.3813 0.3474 0.2406 0.0045 0.0262
135 0.2805 0.2400 0.4148 0.0320 0.0327
136 0.1787 0.1602 0.5952 0.0438 0.0220
137 0.3616 0.2485 0.3450 0.0302 0.0146
138 0.5132 0.1371 0.3137 0.0075 0.0287
139 0.0686 0.5742 0.2932 0.0034 0.0605
140 0.0820 0.3372 0.3821 0.1833 0.0154
141 0.0947 0.1586 0.3926 0.3411 0.0130
142 0.3647 0.2754 0.3096 0.0076 0.0426
143 0.3711 0.2651 0.2590 0.0611 0.0436
144 0.4324 0.2947 0.2242 0.0107 0.0381
145 0.1566 0.1542 0.6343 0.0276 0.0272
146 0.2222 0.2920 0.4524 0.0129 0.0205
147 0.1748 0.6704 0.1211 0.0059 0.0279
148 0.3574 0.1755 0.4177 0.0287 0.0208
149 0.0934 0.1577 0.6538 0.0775 0.0176
150 0.1334 0.3740 0.4583 0.0157 0.0185
151 0.1967 0.1997 0.5732 0.0090 0.0212
152 0.2764 0.0798 0.2517 0.3662 0.0259
153 0.3438 0.3203 0.3081 0.0161 0.0118
154 0.2126 0.1193 0.3972 0.2485 0.0222
155 0.0624 0.6255 0.1737 0.1213 0.0171
156 0.1229 0.7300 0.1201 0.0080 0.0193
157 0.1304 0.6777 0.1661 0.0053 0.0205
158 0.2327 0.1587 0.4556 0.0897 0.0636
159 0.3123 0.1880 0.4651 0.0153 0.0192
160 0.2075 0.4192 0.1146 0.0082 0.2502
161 0.1042 0.2991 0.2089 0.1381 0.2499
162 0.1346 0.2764 0.4487 0.0386 0.1017
163 0.2615 0.1742 0.5161 0.0163 0.0320
164 0.3523 0.1946 0.3691 0.0040 0.0798
165 0.1869 0.1688 0.5942 0.0333 0.0168
166 0.1031 0.0368 0.0903 0.6831 0.0869
167 0.2544 0.3730 0.2566 0.0272 0.0886
168 0.1826 0.1074 0.6680 0.0078 0.0341
169 0.2739 0.3179 0.3518 0.0269 0.0293
170 0.1564 0.6089 0.1626 0.0106 0.0617
171 0.2172 0.4456 0.2366 0.0151 0.0857
172 0.1227 0.1771 0.6426 0.0107 0.0469
173 0.1028 0.1708 0.6343 0.0020 0.0900
174 0.1039 0.5400 0.2251 0.0483 0.0828
175 0.0217 0.8594 0.0851 0.0276 0.0061
176 0.1638 0.5947 0.2329 0.0024 0.0062
177 0.1100 0.2087 0.6328 0.0455 0.0028
178 0.2771 0.1382 0.1494 0.0769 0.3584
179 0.2820 0.2756 0.0660 0.0056 0.3708
180 0.2220 0.5288 0.1730 0.0598 0.0166
181 0.2051 0.2937 0.0506 0.0063 0.4443
182 0.2412 0.1558 0.2932 0.0167 0.2932
183 0.0920 0.3040 0.5332 0.0210 0.0496
184 0.3020 0.2974 0.3423 0.0089 0.0493
185 0.1334 0.3713 0.3743 0.0194 0.1015
186 0.2344 0.3923 0.2344 0.0325 0.1064
187 0.1202 0.4756 0.3535 0.0467 0.0041
188 0.2131 0.4729 0.2493 0.0461 0.0185
189 0.1227 0.3389 0.4890 0.0289 0.0205
190 0.0737 0.1742 0.5713 0.1715 0.0095
191 0.2622 0.1666 0.4675 0.0818 0.0219
192 0.1226 0.4019 0.2805 0.1898 0.0052
193 0.0286 0.8555 0.0713 0.0385 0.0063
194 0.0283 0.6001 0.3584 0.0113 0.0016
195 0.5400 0.2695 0.1584 0.0040 0.0282
196 0.0922 0.2908 0.2266 0.3245 0.0659
197 0.0707 0.1096 0.2671 0.5229 0.0300
198 0.1244 0.4622 0.3599 0.0407 0.0127
199 0.1515 0.5083 0.3232 0.0115 0.0053
200 0.4956 0.2693 0.2216 0.0071 0.0064
201 0.3027 0.4075 0.2715 0.0014 0.0171
202 0.1361 0.1426 0.5913 0.1182 0.0120
203 0.0527 0.6943 0.1841 0.0651 0.0036
204 0.3611 0.2424 0.3472 0.0137 0.0357
205 0.3831 0.2183 0.2803 0.0999 0.0186
206 0.1248 0.2294 0.5767 0.0637 0.0054
207 0.2117 0.0635 0.3489 0.3545 0.0215
208 0.3943 0.1165 0.3704 0.0364 0.0826
209 0.1211 0.1776 0.4326 0.2043 0.0643
210 0.0406 0.2338 0.3096 0.3245 0.0916
211 0.0541 0.7349 0.1787 0.0028 0.0296
212 0.0657 0.6328 0.1931 0.0141 0.0941
213 0.1790 0.3020 0.0471 0.0040 0.4678
214 0.1799 0.5005 0.2039 0.0291 0.0863
215 0.0662 0.7812 0.1411 0.0071 0.0044
216 0.2394 0.1451 0.5479 0.0327 0.0348
217 0.4521 0.2310 0.2517 0.0092 0.0562
218 0.1956 0.1365 0.6265 0.0257 0.0161
219 0.0586 0.1012 0.7598 0.0764 0.0041
220 0.0906 0.1802 0.6099 0.1093 0.0102
221 0.0861 0.8037 0.0173 0.0061 0.0867
222 0.2115 0.0754 0.1754 0.4207 0.1168
223 0.0399 0.8154 0.0577 0.0089 0.0782
224 0.0455 0.1025 0.5122 0.3308 0.0088
225 0.2120 0.4150 0.2499 0.0444 0.0786
226 0.0591 0.1709 0.5693 0.1556 0.0453
227 0.0464 0.5483 0.3225 0.0351 0.0475
228 0.0352 0.6328 0.2944 0.0182 0.0194
229 0.0398 0.3010 0.6274 0.0102 0.0216
230 0.0646 0.5845 0.2917 0.0104 0.0487
231 0.0820 0.5181 0.2729 0.1129 0.0139
232 0.0660 0.3376 0.3171 0.2588 0.0203
233 0.1523 0.3486 0.3274 0.1571 0.0145
234 0.0871 0.1392 0.4424 0.3186 0.0126
