time exciting_prob fearful_prob tense_prob sad_prob relaxing_prob
0 0.2037 0.2830 0.2496 0.2310 0.0327
1 0.1191 0.1803 0.5381 0.0366 0.1259
2 0.0378 0.4504 0.3853 0.1157 0.0107
3 0.0322 0.5239 0.1133 0.1284 0.2020
4 0.0778 0.1583 0.7554 0.0017 0.0068
5 0.2218 0.2717 0.3601 0.1284 0.0181
6 0.0263 0.2827 0.6470 0.0410 0.0031
7 0.0321 0.0937 0.6816 0.1893 0.0031
8 0.0481 0.1278 0.7646 0.0474 0.0123
9 0.0174 0.1027 0.8472 0.0290 0.0038
10 0.0357 0.0733 0.5767 0.3086 0.0058
11 0.1663 0.1959 0.5410 0.0053 0.0918
12 0.0261 0.1587 0.7114 0.0919 0.0118
13 0.0955 0.2742 0.5205 0.0424 0.0677
14 0.0459 0.1566 0.6196 0.1460 0.0321
15 0.1923 0.1820 0.2393 0.0160 0.3706
16 0.1281 0.1998 0.4719 0.0319 0.1683
17 0.0623 0.4292 0.3066 0.1278 0.0740
18 0.2888 0.1429 0.2489 0.3098 0.0096
19 0.0473 0.1813 0.1326 0.5942 0.0444
20 0.0896 0.1523 0.7158 0.0302 0.0122
21 0.1434 0.2898 0.2087 0.0857 0.2722
22 0.1272 0.1969 0.0815 0.0334 0.5610
23 0.3362 0.1317 0.3779 0.1447 0.0095
24 0.1006 0.4302 0.4268 0.0293 0.0133
25 0.1788 0.1578 0.6289 0.0166 0.0176
26 0.0973 0.3240 0.4429 0.0973 0.0384
27 0.0818 0.4285 0.2725 0.0739 0.1436
28 0.1553 0.1602 0.6641 0.0088 0.0118
29 0.3511 0.1646 0.4041 0.0197 0.0605
30 0.1060 0.1449 0.6006 0.1383 0.0099
31 0.0580 0.1759 0.4932 0.2122 0.0608
32 0.1907 0.1417 0.5737 0.0138 0.0801
33 0.1063 0.1659 0.5928 0.1214 0.0135
34 0.2170 0.2311 0.1492 0.3931 0.0095
35 0.0444 0.1786 0.2222 0.5498 0.0048
36 0.0886 0.2026 0.5596 0.0195 0.1299
37 0.0450 0.1176 0.7788 0.0514 0.0071
38 0.0412 0.4258 0.5059 0.0238 0.0034
39 0.1366 0.4409 0.4077 0.0090 0.0059
40 0.2222 0.3037 0.3284 0.1337 0.0122
41 0.0869 0.2253 0.5938 0.0174 0.0767
42 0.0967 0.1384 0.4333 0.0847 0.2468
43 0.0281 0.2412 0.6353 0.0724 0.0228
44 0.3008 0.0621 0.4243 0.1882 0.0247
45 0.2303 0.3223 0.2866 0.1429 0.0179
46 0.0829 0.3008 0.5664 0.0189 0.0312
47 0.0597 0.4587 0.4243 0.0327 0.0247
48 0.1854 0.0414 0.4587 0.2961 0.0182
49 0.0786 0.1799 0.5542 0.1638 0.0236
50 0.0667 0.2418 0.6128 0.0667 0.0122
51 0.0776 0.1417 0.5825 0.1696 0.0285
52 0.0352 0.2729 0.6245 0.0537 0.0135
53 0.0435 0.3394 0.5508 0.0497 0.0164
54 0.4126 0.2542 0.1788 0.1371 0.0172
55 0.1292 0.4402 0.3074 0.1105 0.0128
56 0.0546 0.2028 0.4500 0.2771 0.0156
57 0.0323 0.2666 0.6196 0.0723 0.0090
58 0.0377 0.3523 0.5898 0.0126 0.0076
59 0.2654 0.3711 0.2472 0.0868 0.0295
60 0.3110 0.0756 0.0963 0.4668 0.0504
61 0.0812 0.2559 0.6333 0.0113 0.0182
62 0.1989 0.4146 0.3601 0.0028 0.0238
63 0.0738 0.1770 0.6274 0.1009 0.0207
64 0.3257 0.5044 0.0756 0.0607 0.0335
65 0.1769 0.1586 0.3438 0.1840 0.1367
66 0.1219 0.2089 0.2443 0.3499 0.0751
67 0.0845 0.1350 0.6289 0.0684 0.0831
68 0.0903 0.2983 0.3542 0.1768 0.0803
69 0.1606 0.1724 0.2690 0.3794 0.0184
70 0.2073 0.1962 0.1328 0.1247 0.3391
71 0.0595 0.1439 0.6763 0.0997 0.0206
72 0.0585 0.0837 0.5254 0.2947 0.0381
73 0.1093 0.1494 0.4639 0.0292 0.2483
74 0.0735 0.2063 0.5269 0.1864 0.0068
75 0.1593 0.2178 0.3591 0.0356 0.2283
76 0.0620 0.2693 0.4170 0.1659 0.0861
77 0.1245 0.3804 0.4517 0.0210 0.0225
78 0.1654 0.1818 0.3643 0.0729 0.2158
79 0.1343 0.2489 0.4473 0.1262 0.0433
80 0.1837 0.2590 0.4141 0.1205 0.0228
81 0.1583 0.4839 0.1621 0.0204 0.1753
82 0.1302 0.6514 0.1511 0.0173 0.0502
83 0.0535 0.1973 0.4658 0.2695 0.0140
84 0.1265 0.2476 0.4924 0.0715 0.0621
85 0.0944 0.2109 0.5303 0.1289 0.0355
86 0.2096 0.3511 0.2394 0.0275 0.1725
87 0.1641 0.1146 0.6440 0.0104 0.0668
88 0.1118 0.2173 0.4895 0.1238 0.0576
89 0.1458 0.2556 0.4248 0.1296 0.0441
90 0.0594 0.0763 0.7769 0.0613 0.0262
91 0.1254 0.2271 0.5117 0.0172 0.1187
92 0.1381 0.2139 0.5635 0.0068 0.0781
93 0.0931 0.2671 0.6069 0.0159 0.0171
94 0.0891 0.5635 0.1692 0.0699 0.1083
95 0.0834 0.1938 0.5522 0.1343 0.0361
96 0.0864 0.1932 0.5679 0.0972 0.0554
97 0.0378 0.1936 0.5962 0.1416 0.0306
98 0.1121 0.2319 0.5742 0.0190 0.0629
99 0.1853 0.2361 0.4622 0.0315 0.0848
100 0.0865 0.2903 0.5254 0.0504 0.0474
101 0.1868 0.4883 0.1610 0.1443 0.0197
102 0.0198 0.0350 0.0674 0.0559 0.8218
103 0.0174 0.0653 0.0604 0.0101 0.8467
104 0.2452 0.2198 0.3799 0.1243 0.0307
105 0.0374 0.1245 0.2238 0.0430 0.5713
106 0.0524 0.3608 0.5415 0.0402 0.0051
107 0.1395 0.1353 0.4297 0.0894 0.2062
108 0.1736 0.2411 0.2449 0.1556 0.1848
109 0.0385 0.1486 0.1921 0.0944 0.5264
110 0.0622 0.3840 0.4778 0.0500 0.0259
111 0.2412 0.3677 0.2079 0.0801 0.1029
112 0.0834 0.2590 0.3828 0.1186 0.1559
113 0.1311 0.1364 0.2374 0.2649 0.2301
114 0.0895 0.1536 0.5659 0.0468 0.1442
115 0.2083 0.2341 0.1941 0.1726 0.1910
116 0.0437 0.0356 0.0574 0.0583 0.8052
117 0.0637 0.4744 0.1978 0.2578 0.0065
118 0.0595 0.2194 0.5430 0.1036 0.0746
119 0.0273 0.4102 0.4434 0.0707 0.0486
120 0.1265 0.2554 0.1649 0.0417 0.4114
121 0.0683 0.1368 0.6279 0.1246 0.0424
122 0.1989 0.1525 0.4146 0.0932 0.1410
123 0.0504 0.1874 0.3845 0.2603 0.1173
124 0.0510 0.1924 0.6821 0.0526 0.0219
125 0.0463 0.1068 0.5815 0.0734 0.1919
126 0.0707 0.2162 0.2668 0.3481 0.0982
127 0.0844 0.1257 0.4319 0.3472 0.0108
128 0.0434 0.5376 0.3872 0.0264 0.0055
129 0.1982 0.2527 0.4468 0.0222 0.0801
130 0.0486 0.0821 0.8101 0.0578 0.0014
131 0.0703 0.3462 0.1536 0.0317 0.3984
132 0.0473 0.0986 0.6230 0.1901 0.0411
133 0.2000 0.1752 0.4614 0.1232 0.0403
134 0.1152 0.1327 0.6528 0.0891 0.0101
135 0.0746 0.2029 0.2448 0.3674 0.1103
136 0.1138 0.1460 0.4827 0.2544 0.0032
137 0.0407 0.0293 0.6670 0.2493 0.0136
138 0.1500 0.1334 0.4077 0.1622 0.1465
139 0.0687 0.0829 0.7388 0.0984 0.0112
140 0.1236 0.2203 0.5166 0.0225 0.1171
141 0.2140 0.1554 0.3394 0.0101 0.2812
142 0.2260 0.0837 0.1493 0.2224 0.3186
143 0.0479 0.1344 0.6460 0.1431 0.0286
144 0.0819 0.2351 0.6294 0.0276 0.0260
145 0.0568 0.3142 0.1138 0.5020 0.0134
146 0.0257 0.2329 0.6846 0.0194 0.0371
147 0.0889 0.2269 0.1796 0.3625 0.1420
148 0.1957 0.2305 0.5034 0.0324 0.0379
149 0.0815 0.1488 0.7212 0.0080 0.0407
150 0.2223 0.3235 0.3811 0.0431 0.0301
151 0.3494 0.3181 0.1400 0.0341 0.1587
152 0.2507 0.2355 0.1053 0.3120 0.0966
153 0.1794 0.2147 0.5112 0.0091 0.0854
154 0.0651 0.3281 0.4021 0.1326 0.0721
155 0.2242 0.1830 0.4565 0.0648 0.0717
156 0.0569 0.3406 0.4109 0.1488 0.0430
157 0.0369 0.2883 0.4128 0.0542 0.2076
158 0.1506 0.2771 0.4863 0.0439 0.0422
159 0.1437 0.3845 0.1903 0.2369 0.0445
160 0.0727 0.1664 0.4814 0.1613 0.1180
161 0.0569 0.1454 0.7046 0.0748 0.0185
162 0.2097 0.3828 0.0902 0.0923 0.2250
163 0.0302 0.1595 0.7041 0.0353 0.0708
164 0.1666 0.2242 0.3528 0.2140 0.0421
165 0.3335 0.0905 0.3181 0.2054 0.0524
166 0.1187 0.1500 0.5317 0.1727 0.0267
167 0.0803 0.1500 0.1726 0.5752 0.0220
168 0.1157 0.1373 0.2864 0.4399 0.0207
169 0.1279 0.0634 0.3118 0.4753 0.0217
170 0.1947 0.3086 0.2620 0.1947 0.0402
171 0.4363 0.2544 0.1543 0.1183 0.0367
172 0.1475 0.0625 0.2588 0.3027 0.2285
173 0.0856 0.0992 0.2573 0.3306 0.2272
174 0.0178 0.0109 0.0556 0.9111 0.0045
175 0.2534 0.0761 0.3464 0.1943 0.1295
176 0.4424 0.1318 0.1732 0.1530 0.0995
177 0.0407 0.2803 0.1133 0.5449 0.0210
178 0.1191 0.1844 0.4937 0.1964 0.0065
179 0.0471 0.4722 0.2776 0.1907 0.0126
180 0.2551 0.3198 0.3406 0.0569 0.0275
181 0.0737 0.0715 0.2036 0.2134 0.4377
182 0.1500 0.0969 0.2939 0.4480 0.0111
183 0.2296 0.1680 0.2225 0.3162 0.0637
184 0.0336 0.3213 0.4675 0.1566 0.0212
185 0.0321 0.2211 0.6299 0.1086 0.0085
186 0.1105 0.1821 0.2197 0.2844 0.2032
187 0.0731 0.0676 0.0881 0.7153 0.0560
188 0.0717 0.0513 0.0460 0.8081 0.0229
189 0.2078 0.0922 0.3533 0.2930 0.0538
190 0.0115 0.0836 0.1885 0.6787 0.0377
191 0.2489 0.2321 0.3350 0.1332 0.0510
192 0.1053 0.0460 0.0989 0.7085 0.0412
193 0.1306 0.4214 0.3013 0.0451 0.1017
194 0.0410 0.0602 0.3203 0.3745 0.2037
195 0.1764 0.0358 0.1631 0.5781 0.0464
196 0.1990 0.0699 0.5410 0.1575 0.0327
197 0.1537 0.0798 0.5122 0.2238 0.0307
198 0.2021 0.0804 0.5410 0.1526 0.0241
199 0.0641 0.1854 0.1057 0.6318 0.0129
200 0.3838 0.1390 0.1456 0.3232 0.0084
201 0.3174 0.3225 0.2378 0.0953 0.0271
202 0.0948 0.3184 0.1127 0.3665 0.1075
203 0.0651 0.1575 0.4558 0.2942 0.0274
204 0.0981 0.0264 0.0981 0.7358 0.0415
205 0.1488 0.4692 0.2512 0.1159 0.0148
206 0.0740 0.0360 0.2107 0.6099 0.0695
207 0.0714 0.0426 0.4583 0.4043 0.0234
208 0.0825 0.0642 0.3364 0.5054 0.0116
209 0.0384 0.5020 0.4097 0.0393 0.0105
210 0.0721 0.2852 0.3777 0.2053 0.0598
211 0.0544 0.3354 0.1283 0.4446 0.0374
212 0.2585 0.1819 0.4756 0.0266 0.0573
213 0.0906 0.2642 0.5171 0.1034 0.0249
214 0.2527 0.1139 0.4612 0.0509 0.1213
215 0.1119 0.3906 0.3787 0.0757 0.0432
216 0.0699 0.2401 0.5327 0.0947 0.0626
217 0.1077 0.3787 0.4358 0.0415 0.0363
218 0.1520 0.1484 0.3733 0.2126 0.1138
219 0.0830 0.1587 0.6895 0.0476 0.0213
220 0.3157 0.0414 0.2039 0.3308 0.1083
221 0.5859 0.0934 0.1705 0.0739 0.0762
222 0.2206 0.3235 0.3582 0.0257 0.0722
223 0.1572 0.1334 0.4143 0.0682 0.2269
224 0.2568 0.2196 0.3296 0.1046 0.0894
225 0.2559 0.3635 0.3469 0.0165 0.0174
226 0.1136 0.4387 0.1858 0.2139 0.0481
227 0.2064 0.5522 0.1698 0.0116 0.0601
228 0.3745 0.3103 0.1024 0.1882 0.0245
229 0.2153 0.3440 0.2478 0.0994 0.0933
230 0.2357 0.3123 0.2001 0.1880 0.0640
231 0.0622 0.6846 0.1718 0.0414 0.0402
232 0.1648 0.2654 0.1957 0.3252 0.0487
233 0.2069 0.2363 0.4246 0.0688 0.0636
234 0.0582 0.2820 0.6060 0.0199 0.0339
235 0.0694 0.2277 0.6382 0.0079 0.0567
236 0.2252 0.1477 0.4143 0.0969 0.1160
237 0.0492 0.2637 0.2401 0.3896 0.0575
238 0.0861 0.2267 0.5747 0.0522 0.0605
239 0.0487 0.2959 0.5356 0.0226 0.0969
240 0.0548 0.2496 0.5898 0.0688 0.0371
241 0.1879 0.3298 0.3457 0.0861 0.0506
242 0.0973 0.1847 0.6807 0.0148 0.0224
243 0.0403 0.2590 0.6313 0.0490 0.0204
244 0.2196 0.2864 0.4070 0.0634 0.0235
245 0.1019 0.1949 0.2664 0.4094 0.0272
246 0.2228 0.2646 0.1656 0.2905 0.0563
247 0.0797 0.5322 0.2615 0.0161 0.1107
248 0.0990 0.4404 0.3796 0.0634 0.0176
249 0.1002 0.1978 0.6094 0.0589 0.0338
250 0.1984 0.0664 0.2283 0.4133 0.0937
251 0.1841 0.1599 0.1152 0.5161 0.0245
