time exciting_prob fearful_prob tense_prob sad_prob relaxing_prob
0 0.0734 0.0399 0.1329 0.7070 0.0466
1 0.2484 0.0467 0.1299 0.5596 0.0154
2 0.2119 0.0465 0.1930 0.5161 0.0323
3 0.1760 0.0355 0.1963 0.5864 0.0060
4 0.3589 0.0525 0.0653 0.5137 0.0095
5 0.2893 0.0335 0.1727 0.3545 0.1500
6 0.2399 0.0437 0.1755 0.1455 0.3955
7 0.2600 0.0504 0.1392 0.1154 0.4353
8 0.1819 0.0393 0.0648 0.6650 0.0490
9 0.4900 0.2261 0.0832 0.1011 0.0995
10 0.6396 0.1078 0.0419 0.1036 0.1069
11 0.2683 0.0177 0.2295 0.4563 0.0283
12 0.1409 0.0213 0.0596 0.7612 0.0168
13 0.1742 0.0476 0.0565 0.6577 0.0641
14 0.1234 0.1660 0.5112 0.1796 0.0197
15 0.1163 0.0384 0.0838 0.7471 0.0145
16 0.1448 0.2900 0.5337 0.0117 0.0197
17 0.1737 0.2430 0.5566 0.0139 0.0129
18 0.2705 0.1350 0.0673 0.5015 0.0256
19 0.1826 0.1445 0.5122 0.1400 0.0205
20 0.1896 0.0601 0.1080 0.6313 0.0112
21 0.2495 0.0322 0.0726 0.6372 0.0083
22 0.4800 0.1046 0.1149 0.2888 0.0117
23 0.1570 0.0409 0.0718 0.6816 0.0486
24 0.1682 0.2861 0.3506 0.1631 0.0319
25 0.1678 0.2462 0.2173 0.3113 0.0576
26 0.1035 0.3445 0.5010 0.0344 0.0165
27 0.1663 0.3491 0.4485 0.0269 0.0092
28 0.3643 0.0623 0.0471 0.4827 0.0435
29 0.5708 0.0275 0.0784 0.2573 0.0660
30 0.1726 0.3076 0.2083 0.2018 0.1097
31 0.4167 0.0506 0.1908 0.3196 0.0223
32 0.4258 0.0865 0.1641 0.1288 0.1949
33 0.4431 0.0826 0.0789 0.3242 0.0712
34 0.3757 0.0717 0.1318 0.2542 0.1666
35 0.2556 0.0856 0.3604 0.2439 0.0544
36 0.2124 0.0885 0.1172 0.5254 0.0563
37 0.3782 0.0405 0.3723 0.1626 0.0466
38 0.3328 0.0515 0.2937 0.1597 0.1622
39 0.2382 0.0583 0.4736 0.1688 0.0612
40 0.3027 0.0403 0.2357 0.2888 0.1322
41 0.2499 0.0383 0.1492 0.2966 0.2659
42 0.0765 0.3071 0.3323 0.2710 0.0131
43 0.2452 0.0353 0.2268 0.2957 0.1970
44 0.2211 0.1497 0.1804 0.3267 0.1221
45 0.2612 0.1072 0.2825 0.3054 0.0433
46 0.1525 0.0897 0.3127 0.3774 0.0677
47 0.4702 0.0341 0.0677 0.2023 0.2256
48 0.4534 0.2059 0.0806 0.1735 0.0865
49 0.5342 0.1103 0.1086 0.2263 0.0206
50 0.4072 0.0173 0.1113 0.4072 0.0569
51 0.3774 0.1797 0.2761 0.1549 0.0116
52 0.0501 0.5874 0.1086 0.2527 0.0011
53 0.0641 0.3745 0.4587 0.0903 0.0123
54 0.2839 0.0893 0.2280 0.3760 0.0228
55 0.2703 0.0612 0.0898 0.0857 0.4932
56 0.1840 0.0215 0.0829 0.6943 0.0171
57 0.0728 0.0673 0.7231 0.0811 0.0558
58 0.2986 0.0631 0.2068 0.3894 0.0420
59 0.4302 0.1096 0.1895 0.2610 0.0098
60 0.0667 0.0315 0.1898 0.6836 0.0282
61 0.1519 0.0943 0.4604 0.2881 0.0051
62 0.2822 0.0847 0.2130 0.3679 0.0522
63 0.2318 0.1112 0.1593 0.3882 0.1095
64 0.1198 0.0672 0.4248 0.2920 0.0963
65 0.0662 0.1689 0.5371 0.2238 0.0042
66 0.1031 0.0394 0.1187 0.7046 0.0343
67 0.2090 0.0618 0.3845 0.2769 0.0679
68 0.1335 0.0476 0.3203 0.1882 0.3103
69 0.0927 0.1328 0.4353 0.2947 0.0445
70 0.3447 0.0231 0.1137 0.5098 0.0088
71 0.0414 0.0131 0.1109 0.8320 0.0024
72 0.1514 0.0849 0.1913 0.5625 0.0102
73 0.0891 0.0812 0.3694 0.3110 0.1493
74 0.4631 0.0496 0.1677 0.2559 0.0637
75 0.2871 0.2656 0.3254 0.1064 0.0156
76 0.1981 0.0428 0.5220 0.1776 0.0595
77 0.1976 0.0267 0.0750 0.6689 0.0318
78 0.1921 0.1982 0.2930 0.2666 0.0501
79 0.0895 0.0578 0.5933 0.2286 0.0309
80 0.0930 0.0601 0.3198 0.4724 0.0547
81 0.2363 0.1335 0.3254 0.2917 0.0129
82 0.1134 0.0455 0.3604 0.4773 0.0034
83 0.3669 0.1201 0.1775 0.3140 0.0214
84 0.1054 0.0312 0.1793 0.6768 0.0072
85 0.3901 0.0257 0.0898 0.4705 0.0238
86 0.2478 0.0247 0.1434 0.5669 0.0170
87 0.2761 0.0345 0.1367 0.5405 0.0121
88 0.2139 0.1639 0.2462 0.3582 0.0178
89 0.1340 0.2246 0.3425 0.2795 0.0195
90 0.3125 0.0526 0.2983 0.3276 0.0089
91 0.1139 0.0546 0.4719 0.3347 0.0248
92 0.0873 0.0915 0.1174 0.6973 0.0064
93 0.1076 0.4321 0.2386 0.2123 0.0093
94 0.0745 0.1615 0.5215 0.2350 0.0076
95 0.0832 0.1068 0.5508 0.2522 0.0068
96 0.1135 0.1190 0.3286 0.4353 0.0038
97 0.2203 0.1575 0.2964 0.3108 0.0151
98 0.1262 0.0645 0.7676 0.0376 0.0042
99 0.1622 0.1989 0.4412 0.1927 0.0052
100 0.0782 0.2905 0.2335 0.3911 0.0067
101 0.1192 0.3450 0.1996 0.3291 0.0073
102 0.0912 0.1066 0.4351 0.3552 0.0120
103 0.0500 0.1027 0.1201 0.7021 0.0252
104 0.0445 0.0399 0.0812 0.7349 0.0995
105 0.1064 0.0338 0.2805 0.5757 0.0038
106 0.0471 0.0833 0.1462 0.7197 0.0033
107 0.0843 0.0646 0.3750 0.4666 0.0096
108 0.1179 0.3105 0.3411 0.2272 0.0035
109 0.2128 0.0820 0.5107 0.1849 0.0097
110 0.1217 0.0469 0.1091 0.7114 0.0107
111 0.0811 0.0715 0.2308 0.5986 0.0177
112 0.3313 0.0980 0.2971 0.1830 0.0906
113 0.2274 0.0662 0.1799 0.4890 0.0374
114 0.0336 0.3093 0.1508 0.4941 0.0123
115 0.0732 0.0333 0.1649 0.7168 0.0119
116 0.1589 0.1318 0.1746 0.4673 0.0673
117 0.2410 0.0529 0.1581 0.4229 0.1250
118 0.1083 0.2153 0.2944 0.3721 0.0098
119 0.2915 0.0784 0.2035 0.3684 0.0583
120 0.0961 0.1283 0.5151 0.2358 0.0247
121 0.1002 0.0632 0.1758 0.6533 0.0075
122 0.0710 0.0579 0.5942 0.2678 0.0092
123 0.0786 0.2478 0.1227 0.5327 0.0182
124 0.0876 0.2272 0.2495 0.3926 0.0430
125 0.0983 0.1647 0.1865 0.4763 0.0742
126 0.0201 0.1132 0.3328 0.5317 0.0024
127 0.4106 0.0518 0.1204 0.3457 0.0714
128 0.6631 0.0386 0.0515 0.2120 0.0346
129 0.2568 0.0475 0.2954 0.3853 0.0149
130 0.1510 0.1464 0.3049 0.3916 0.0061
131 0.0762 0.0516 0.1256 0.7231 0.0236
132 0.0825 0.0567 0.0865 0.7705 0.0037
133 0.1483 0.0794 0.1996 0.5342 0.0384
134 0.0869 0.0999 0.1523 0.6123 0.0487
135 0.3523 0.2072 0.2788 0.1109 0.0508
136 0.5259 0.0740 0.2042 0.1460 0.0500
137 0.2330 0.0438 0.2224 0.4858 0.0149
138 0.0709 0.7744 0.0925 0.0597 0.0028
139 0.1643 0.0853 0.1982 0.5142 0.0381
140 0.0667 0.0627 0.1992 0.6133 0.0580
141 0.0696 0.2754 0.2754 0.3374 0.0422
142 0.5322 0.0698 0.1989 0.1367 0.0626
143 0.3411 0.0947 0.3010 0.1561 0.1073
144 0.2485 0.2094 0.2688 0.2263 0.0471
145 0.1569 0.1175 0.3882 0.3120 0.0254
146 0.0963 0.2517 0.3779 0.2103 0.0637
147 0.2004 0.1216 0.2418 0.3306 0.1057
148 0.0465 0.0269 0.2634 0.6416 0.0216
149 0.0285 0.0532 0.2205 0.6792 0.0188
150 0.0764 0.4395 0.1681 0.3115 0.0045
151 0.3208 0.1401 0.2153 0.3157 0.0080
152 0.1934 0.0318 0.1846 0.5684 0.0219
153 0.3733 0.2773 0.2159 0.0801 0.0533
154 0.0355 0.3813 0.5459 0.0253 0.0118
155 0.0555 0.1821 0.2489 0.5029 0.0107
156 0.0189 0.1290 0.2487 0.5869 0.0164
157 0.0259 0.1600 0.0768 0.6431 0.0941
158 0.1978 0.0787 0.2461 0.4387 0.0389
159 0.2104 0.2460 0.3110 0.1976 0.0349
160 0.2079 0.1697 0.2546 0.3591 0.0088
161 0.2539 0.2170 0.2311 0.2788 0.0193
162 0.2086 0.0792 0.2517 0.4485 0.0121
163 0.3284 0.0253 0.2598 0.3037 0.0830
164 0.1442 0.0945 0.1583 0.5273 0.0759
165 0.4810 0.0351 0.1315 0.3057 0.0465
166 0.0787 0.0493 0.2174 0.6289 0.0256
167 0.0984 0.0552 0.1064 0.5000 0.2399
168 0.0804 0.0677 0.6035 0.2401 0.0080
169 0.2124 0.1068 0.1460 0.5259 0.0090
170 0.1337 0.1025 0.3521 0.3308 0.0811
171 0.0697 0.2913 0.3979 0.2303 0.0108
172 0.0312 0.0205 0.3574 0.5894 0.0018
173 0.1201 0.0318 0.0995 0.7354 0.0134
174 0.1482 0.0545 0.1627 0.6045 0.0301
175 0.2451 0.0482 0.1938 0.3855 0.1272
176 0.3257 0.0462 0.1743 0.3413 0.1125
177 0.3125 0.1080 0.2510 0.2286 0.0999
178 0.2605 0.1005 0.2732 0.3096 0.0564
179 0.2905 0.1555 0.1818 0.2686 0.1036
180 0.2583 0.0318 0.0839 0.5469 0.0788
181 0.2957 0.0534 0.0564 0.5269 0.0675
182 0.4360 0.1138 0.1020 0.2524 0.0958
183 0.3887 0.0881 0.1113 0.3074 0.1046
