time exciting_prob fearful_prob tense_prob sad_prob relaxing_prob
0 0.1987 0.2847 0.2512 0.2323 0.0330
1 0.2186 0.0357 0.0343 0.1827 0.5288
2 0.1699 0.0881 0.1442 0.1214 0.4763
3 0.1461 0.0943 0.2859 0.1036 0.3701
4 0.3054 0.0144 0.1023 0.4443 0.1334
5 0.0707 0.0521 0.0718 0.0801 0.7251
6 0.0392 0.1084 0.5254 0.1338 0.1932
7 0.1062 0.1938 0.4507 0.1710 0.0783
8 0.2128 0.1545 0.1417 0.4299 0.0610
9 0.3318 0.1230 0.0981 0.2905 0.1567
10 0.2354 0.1270 0.1567 0.3242 0.1567
11 0.8774 0.0107 0.0286 0.0315 0.0519
12 0.1730 0.2808 0.3059 0.1188 0.1216
13 0.1345 0.1660 0.2455 0.1987 0.2551
14 0.1797 0.1537 0.3438 0.3057 0.0170
15 0.1279 0.4067 0.2144 0.2429 0.0081
16 0.0985 0.0883 0.1099 0.6841 0.0194
17 0.1294 0.0823 0.1489 0.5981 0.0410
18 0.0398 0.5166 0.3284 0.1135 0.0020
19 0.0486 0.2014 0.6206 0.1222 0.0073
20 0.1442 0.4766 0.2305 0.1344 0.0143
21 0.2144 0.1157 0.5103 0.1331 0.0266
22 0.1208 0.1317 0.2120 0.2876 0.2479
23 0.2335 0.0833 0.2429 0.1877 0.2524
24 0.4956 0.0917 0.1376 0.2415 0.0337
25 0.1279 0.0819 0.2881 0.2686 0.2334
26 0.2035 0.0666 0.0848 0.4480 0.1973
27 0.1238 0.0851 0.3015 0.4321 0.0576
28 0.1246 0.4351 0.2598 0.1691 0.0114
29 0.1611 0.0876 0.1854 0.5117 0.0540
30 0.0670 0.0522 0.2732 0.5693 0.0381
31 0.0616 0.0495 0.2291 0.6426 0.0173
32 0.0993 0.1025 0.2742 0.5122 0.0119
33 0.2571 0.2571 0.0861 0.3979 0.0019
34 0.3584 0.0764 0.0328 0.5176 0.0148
35 0.2791 0.0899 0.3613 0.1603 0.1093
36 0.0803 0.0767 0.5576 0.2849 0.0006
37 0.1635 0.1123 0.1398 0.5615 0.0230
38 0.2074 0.1980 0.2157 0.3528 0.0260
39 0.1239 0.1339 0.1329 0.1733 0.4358
40 0.1151 0.0469 0.1478 0.6782 0.0121
41 0.4019 0.1455 0.3359 0.1125 0.0042
42 0.1492 0.1814 0.2991 0.3015 0.0688
43 0.2380 0.2917 0.2185 0.1797 0.0720
44 0.1794 0.1910 0.4045 0.2131 0.0118
45 0.2073 0.0492 0.1403 0.3064 0.2969
46 0.2610 0.0530 0.1487 0.1204 0.4170
47 0.0925 0.2324 0.4016 0.2361 0.0374
48 0.1263 0.2035 0.4412 0.2003 0.0286
49 0.0422 0.1027 0.2465 0.5820 0.0266
50 0.0262 0.0286 0.0311 0.9102 0.0039
51 0.2898 0.1126 0.2617 0.3181 0.0177
52 0.0521 0.5347 0.3267 0.0600 0.0266
53 0.1211 0.4360 0.2708 0.1655 0.0066
54 0.1892 0.1556 0.0795 0.4006 0.1750
55 0.2666 0.3091 0.0886 0.2371 0.0988
56 0.1294 0.0499 0.5366 0.2783 0.0060
57 0.0424 0.3362 0.3362 0.2788 0.0062
58 0.0439 0.5269 0.3098 0.1140 0.0055
59 0.0839 0.1520 0.3218 0.4263 0.0161
60 0.0891 0.1976 0.4524 0.2421 0.0190
61 0.1477 0.0666 0.3462 0.4341 0.0056
62 0.0558 0.1707 0.0988 0.1654 0.5093
63 0.0470 0.0728 0.0800 0.4158 0.3845
64 0.0254 0.0659 0.0352 0.3267 0.5469
65 0.0312 0.0612 0.2595 0.6426 0.0055
66 0.0565 0.3950 0.2632 0.2759 0.0095
67 0.6030 0.0025 0.0077 0.3179 0.0687
68 0.5479 0.0017 0.0052 0.4070 0.0385
69 0.0749 0.0677 0.4807 0.3687 0.0080
70 0.0865 0.1146 0.6099 0.1844 0.0048
71 0.0566 0.1337 0.6279 0.1469 0.0352
72 0.1401 0.1337 0.1539 0.5630 0.0093
73 0.4153 0.2292 0.1492 0.1915 0.0148
74 0.4700 0.1008 0.1611 0.2203 0.0476
75 0.3660 0.2255 0.1479 0.2290 0.0315
76 0.2903 0.1859 0.1393 0.3418 0.0428
77 0.3442 0.2832 0.1527 0.1504 0.0694
78 0.1027 0.0618 0.2351 0.4822 0.1182
79 0.1312 0.2469 0.2489 0.2649 0.1079
80 0.2432 0.1079 0.1385 0.3916 0.1185
81 0.0695 0.0339 0.4292 0.4641 0.0031
82 0.1350 0.1229 0.1733 0.5640 0.0050
83 0.3479 0.0886 0.2729 0.2605 0.0299
84 0.2651 0.0518 0.1375 0.5312 0.0144
85 0.0811 0.0242 0.0575 0.8320 0.0049
86 0.0851 0.1136 0.2426 0.5552 0.0037
87 0.3633 0.2308 0.1538 0.1885 0.0636
88 0.0454 0.1583 0.5747 0.1177 0.1039
89 0.8296 0.0945 0.0535 0.0076 0.0147
90 0.3596 0.2080 0.1752 0.1725 0.0847
91 0.3359 0.1478 0.3865 0.1057 0.0240
92 0.1260 0.2729 0.2061 0.3398 0.0551
93 0.1157 0.2886 0.0859 0.4756 0.0342
94 0.0962 0.2805 0.1675 0.3896 0.0661
95 0.1326 0.2325 0.4482 0.1812 0.0054
96 0.3027 0.3596 0.0356 0.2415 0.0606
97 0.4890 0.3992 0.0315 0.0570 0.0234
98 0.1252 0.0719 0.4236 0.3623 0.0171
99 0.0751 0.0338 0.2600 0.6235 0.0074
100 0.0491 0.8779 0.0495 0.0161 0.0075
101 0.1260 0.2125 0.2013 0.4260 0.0341
102 0.1669 0.2317 0.2487 0.3267 0.0260
103 0.1210 0.2042 0.1747 0.4639 0.0363
104 0.0744 0.0473 0.0492 0.8252 0.0041
105 0.2659 0.1227 0.3013 0.3059 0.0042
106 0.1394 0.0929 0.2410 0.5024 0.0244
107 0.1094 0.1094 0.4001 0.3701 0.0109
108 0.0589 0.1180 0.5166 0.2988 0.0077
109 0.0617 0.2598 0.3386 0.3308 0.0090
110 0.0302 0.0050 0.6060 0.3508 0.0078
111 0.6079 0.1455 0.0168 0.2134 0.0163
112 0.4031 0.2242 0.0673 0.2812 0.0240
113 0.1600 0.7573 0.0095 0.0386 0.0343
114 0.1362 0.0605 0.3267 0.4644 0.0122
115 0.2084 0.1116 0.2915 0.3745 0.0141
116 0.0773 0.1755 0.4885 0.2456 0.0130
117 0.0920 0.2791 0.5552 0.0717 0.0023
118 0.0977 0.0194 0.2515 0.6177 0.0139
119 0.3926 0.4773 0.0636 0.0565 0.0101
120 0.3237 0.5176 0.0563 0.0913 0.0112
121 0.0387 0.1019 0.2192 0.6343 0.0058
122 0.2446 0.0914 0.1520 0.2729 0.2390
123 0.5679 0.1459 0.0956 0.0994 0.0912
124 0.1747 0.0567 0.0360 0.4824 0.2502
125 0.0469 0.0934 0.2499 0.2788 0.3311
126 0.0360 0.1392 0.1267 0.1731 0.5249
127 0.0838 0.2622 0.1948 0.2010 0.2581
128 0.0828 0.0587 0.6821 0.1079 0.0686
129 0.1058 0.4780 0.1602 0.2189 0.0371
130 0.0381 0.6401 0.2976 0.0228 0.0014
131 0.3506 0.2952 0.2194 0.1230 0.0120
132 0.1124 0.1283 0.0320 0.6992 0.0280
133 0.4146 0.3254 0.0677 0.1729 0.0195
134 0.1315 0.1107 0.5122 0.2308 0.0150
135 0.0213 0.2346 0.2070 0.4739 0.0632
136 0.0520 0.2642 0.1566 0.1603 0.3669
137 0.0438 0.1720 0.3816 0.2075 0.1949
138 0.2698 0.2939 0.0447 0.3628 0.0289
139 0.4341 0.2654 0.0454 0.2067 0.0483
140 0.1958 0.2289 0.1989 0.1897 0.1868
141 0.2490 0.2267 0.1046 0.3857 0.0340
142 0.0187 0.0148 0.0120 0.9502 0.0043
143 0.1729 0.2496 0.2308 0.3411 0.0056
144 0.1931 0.2056 0.2788 0.3135 0.0088
145 0.0765 0.0859 0.3618 0.4719 0.0037
146 0.0809 0.1584 0.3801 0.3684 0.0118
147 0.2136 0.3635 0.0699 0.3362 0.0169
148 0.1187 0.2019 0.0946 0.5615 0.0232
149 0.3906 0.0406 0.0053 0.4939 0.0695
150 0.5532 0.0597 0.0161 0.3599 0.0111
151 0.1152 0.5498 0.1423 0.1552 0.0374
152 0.5010 0.2090 0.2539 0.0281 0.0078
153 0.1421 0.0295 0.1345 0.6885 0.0055
154 0.0932 0.4377 0.2218 0.2379 0.0094
155 0.0634 0.1062 0.5308 0.2886 0.0108
156 0.2729 0.1848 0.2908 0.2159 0.0355
157 0.2607 0.2302 0.2979 0.1658 0.0453
158 0.0825 0.1136 0.4780 0.2520 0.0739
159 0.0691 0.2079 0.3098 0.3196 0.0938
160 0.0276 0.4568 0.4158 0.0906 0.0090
161 0.0153 0.1229 0.6392 0.2107 0.0122
162 0.0601 0.0938 0.2590 0.5835 0.0037
163 0.0496 0.1075 0.5679 0.1858 0.0892
164 0.0535 0.1179 0.6421 0.1099 0.0767
165 0.3621 0.0945 0.1969 0.3098 0.0367
166 0.6006 0.0988 0.1416 0.1052 0.0537
167 0.1006 0.0324 0.0502 0.8096 0.0071
168 0.0422 0.1300 0.2144 0.5737 0.0396
169 0.1987 0.2847 0.2512 0.2323 0.0330
170 0.1987 0.2847 0.2512 0.2323 0.0330
