time exciting_prob fearful_prob tense_prob sad_prob relaxing_prob
0 0.2903 0.2949 0.0746 0.2949 0.0452
1 0.0563 0.3066 0.1011 0.4534 0.0826
2 0.1735 0.1383 0.0996 0.2644 0.3240
3 0.1475 0.0675 0.0547 0.3765 0.3538
4 0.0646 0.5078 0.1868 0.1897 0.0511
5 0.0829 0.6626 0.1783 0.0672 0.0087
6 0.0281 0.5815 0.2140 0.1747 0.0017
7 0.1113 0.3794 0.0534 0.3247 0.1311
8 0.1599 0.1929 0.1107 0.3438 0.1929
9 0.0762 0.1801 0.0858 0.5049 0.1528
10 0.0704 0.1915 0.0986 0.4890 0.1504
11 0.2059 0.2686 0.1506 0.2333 0.1415
12 0.1797 0.2495 0.1943 0.2739 0.1024
13 0.1180 0.4561 0.0481 0.0389 0.3389
14 0.0331 0.5015 0.0695 0.3340 0.0618
15 0.0272 0.5903 0.1401 0.1588 0.0837
16 0.0546 0.3704 0.1037 0.2976 0.1736
17 0.0995 0.1318 0.0763 0.4749 0.2174
18 0.1121 0.2607 0.0847 0.3975 0.1451
19 0.2272 0.2219 0.1169 0.1378 0.2961
20 0.2654 0.1810 0.0698 0.0427 0.4412
21 0.1458 0.1565 0.0405 0.0850 0.5723
22 0.2069 0.1514 0.0410 0.2202 0.3806
23 0.3167 0.1696 0.0342 0.0729 0.4067
24 0.3953 0.1548 0.0356 0.0404 0.3740
25 0.1515 0.2239 0.0704 0.5371 0.0173
26 0.0715 0.6572 0.1315 0.1245 0.0152
27 0.0779 0.7329 0.1178 0.0583 0.0130
28 0.1472 0.6914 0.0604 0.0659 0.0352
29 0.0622 0.7876 0.0792 0.0593 0.0118
30 0.1216 0.0779 0.0236 0.2362 0.5405
31 0.1317 0.0745 0.0143 0.2025 0.5767
32 0.1166 0.0801 0.0122 0.1606 0.6304
33 0.2224 0.2424 0.0793 0.0270 0.4287
34 0.1296 0.2384 0.0898 0.0683 0.4741
35 0.1283 0.0666 0.1500 0.1782 0.4768
36 0.1094 0.1310 0.0555 0.1036 0.6006
37 0.1608 0.1954 0.0834 0.0916 0.4688
38 0.2192 0.1721 0.0826 0.2192 0.3069
39 0.2203 0.2345 0.0621 0.1255 0.3577
40 0.2627 0.2144 0.0782 0.1820 0.2627
41 0.1736 0.6060 0.1656 0.0393 0.0158
42 0.1189 0.6948 0.1527 0.0242 0.0093
43 0.0825 0.6909 0.1219 0.0858 0.0188
44 0.1803 0.6699 0.0740 0.0497 0.0262
45 0.2291 0.3284 0.1117 0.0566 0.2742
46 0.2356 0.1658 0.2096 0.2588 0.1301
47 0.1174 0.5469 0.0706 0.2544 0.0106
48 0.1643 0.5430 0.0669 0.1656 0.0600
49 0.1100 0.7285 0.0705 0.0562 0.0346
50 0.1295 0.6475 0.0484 0.1108 0.0636
51 0.1196 0.1809 0.0454 0.1699 0.4841
52 0.1238 0.1298 0.0341 0.1219 0.5903
53 0.2009 0.2856 0.0320 0.3262 0.1553
54 0.0526 0.6870 0.0304 0.1998 0.0304
55 0.1294 0.8052 0.0374 0.0213 0.0069
56 0.1521 0.6157 0.0179 0.1879 0.0262
57 0.0752 0.0456 0.0384 0.7363 0.1044
58 0.0565 0.8428 0.0502 0.0433 0.0075
59 0.0334 0.8296 0.0635 0.0587 0.0151
60 0.1758 0.2578 0.0466 0.1144 0.4055
61 0.0933 0.7168 0.0688 0.1152 0.0056
62 0.0917 0.3745 0.1755 0.2494 0.1089
63 0.0995 0.8267 0.0311 0.0311 0.0119
64 0.1191 0.8135 0.0313 0.0238 0.0123
65 0.0804 0.7993 0.0351 0.0667 0.0184
66 0.1940 0.6411 0.0379 0.1047 0.0223
67 0.1981 0.6445 0.0409 0.0872 0.0294
68 0.1593 0.3914 0.0367 0.3733 0.0393
69 0.1318 0.3643 0.0323 0.0900 0.3816
70 0.1142 0.2134 0.0269 0.1648 0.4807
71 0.2047 0.6455 0.0356 0.0916 0.0228
72 0.3232 0.5371 0.0417 0.0811 0.0170
73 0.1013 0.4753 0.2013 0.1862 0.0358
74 0.0751 0.3669 0.0585 0.1437 0.3557
75 0.0442 0.1061 0.0160 0.1202 0.7134
76 0.0956 0.0745 0.6143 0.1154 0.1003
77 0.4377 0.3984 0.0621 0.0149 0.0869
78 0.2358 0.2844 0.0822 0.3708 0.0267
79 0.0988 0.7358 0.1077 0.0396 0.0181
80 0.0681 0.7910 0.0789 0.0490 0.0131
81 0.0504 0.5762 0.0315 0.0823 0.2598
82 0.0977 0.5620 0.0356 0.0630 0.2417
83 0.1416 0.3372 0.0517 0.2666 0.2029
84 0.1687 0.4514 0.0620 0.0875 0.2305
85 0.1016 0.6675 0.0374 0.0225 0.1714
86 0.0903 0.4841 0.0583 0.1123 0.2551
87 0.2595 0.4082 0.0557 0.2496 0.0269
88 0.1694 0.4001 0.0240 0.3818 0.0246
89 0.1310 0.5059 0.1240 0.1270 0.1121
90 0.2109 0.2751 0.1848 0.1044 0.2246
91 0.1964 0.3020 0.2208 0.1426 0.1382
92 0.2283 0.4988 0.0573 0.1096 0.1062
93 0.2014 0.2246 0.0680 0.0729 0.4331
94 0.3633 0.2966 0.2328 0.0395 0.0677
95 0.6196 0.3042 0.0402 0.0272 0.0089
96 0.5425 0.2903 0.1102 0.0161 0.0412
97 0.5649 0.3481 0.0356 0.0262 0.0250
98 0.3899 0.4385 0.1050 0.0204 0.0462
99 0.1249 0.1935 0.3044 0.2686 0.1085
100 0.0759 0.4946 0.2646 0.1332 0.0316
101 0.0852 0.5732 0.0513 0.2175 0.0729
102 0.2686 0.4062 0.0493 0.0599 0.2158
103 0.1534 0.5396 0.1055 0.0406 0.1608
104 0.0697 0.3379 0.0895 0.4917 0.0113
105 0.0428 0.7065 0.2057 0.0396 0.0053
106 0.0437 0.8125 0.1100 0.0287 0.0050
107 0.1759 0.2922 0.1448 0.1830 0.2041
108 0.1208 0.2222 0.0683 0.2991 0.2898
109 0.0554 0.0734 0.0520 0.7412 0.0781
110 0.2371 0.5303 0.0872 0.0344 0.1111
111 0.1516 0.6792 0.0566 0.0431 0.0694
112 0.4270 0.3596 0.0356 0.0803 0.0975
113 0.1512 0.5234 0.1648 0.0194 0.1410
114 0.2676 0.3984 0.1769 0.0410 0.1160
115 0.1301 0.7490 0.0446 0.0416 0.0348
116 0.0640 0.1714 0.1178 0.4807 0.1661
117 0.1584 0.4480 0.1124 0.0395 0.2417
118 0.2303 0.3948 0.1195 0.0373 0.2180
119 0.2383 0.4775 0.1198 0.0185 0.1456
120 0.2917 0.4050 0.1411 0.0480 0.1143
121 0.0631 0.4148 0.0211 0.4927 0.0084
122 0.1797 0.4519 0.0276 0.2896 0.0515
123 0.0835 0.2251 0.0440 0.2491 0.3982
124 0.1132 0.1464 0.0359 0.1071 0.5977
125 0.0345 0.8174 0.1215 0.0216 0.0051
126 0.0584 0.8247 0.0955 0.0181 0.0031
127 0.2365 0.5005 0.1327 0.0523 0.0780
128 0.3511 0.4075 0.0742 0.1038 0.0635
129 0.1287 0.0941 0.4087 0.2854 0.0831
130 0.1077 0.2644 0.0886 0.1667 0.3728
131 0.0672 0.1503 0.0150 0.0727 0.6948
132 0.1058 0.3752 0.0108 0.0411 0.4670
133 0.0502 0.3250 0.0235 0.0530 0.5483
134 0.2035 0.2455 0.0703 0.4517 0.0291
135 0.1119 0.6143 0.0899 0.1553 0.0287
136 0.3354 0.4883 0.0592 0.0925 0.0245
137 0.0705 0.7759 0.0481 0.0986 0.0069
138 0.1573 0.7163 0.0515 0.0626 0.0123
139 0.0754 0.7983 0.0461 0.0651 0.0149
140 0.2825 0.6030 0.0348 0.0427 0.0371
141 0.2805 0.5845 0.0289 0.0535 0.0527
142 0.1768 0.3489 0.0282 0.2803 0.1660
143 0.1720 0.5728 0.1111 0.0201 0.1239
144 0.2034 0.6074 0.1031 0.0153 0.0709
145 0.2075 0.5298 0.0412 0.0585 0.1628
146 0.1115 0.5664 0.0491 0.1714 0.1016
147 0.2532 0.5796 0.1263 0.0175 0.0234
148 0.2905 0.2905 0.0996 0.2245 0.0950
149 0.2156 0.6538 0.0328 0.0402 0.0576
150 0.1703 0.7002 0.0349 0.0414 0.0532
151 0.1096 0.8096 0.0450 0.0147 0.0211
152 0.1246 0.1945 0.0371 0.0357 0.6084
153 0.0246 0.1459 0.0349 0.0652 0.7295
154 0.0369 0.5815 0.1425 0.2349 0.0044
155 0.0829 0.8115 0.0515 0.0317 0.0227
156 0.0318 0.4780 0.0438 0.4287 0.0177
157 0.2223 0.5288 0.0994 0.1296 0.0197
158 0.1143 0.6577 0.0519 0.1637 0.0121
159 0.3076 0.2549 0.0796 0.1088 0.2490
160 0.5264 0.2144 0.0981 0.0605 0.1005
161 0.6611 0.1464 0.0742 0.0784 0.0397
162 0.1718 0.1691 0.0335 0.1588 0.4668
163 0.1564 0.1786 0.0408 0.1154 0.5088
164 0.2385 0.1858 0.0169 0.4187 0.1403
165 0.3347 0.4871 0.0132 0.0309 0.1342
166 0.2488 0.2393 0.0490 0.2450 0.2179
167 0.0785 0.7739 0.0743 0.0507 0.0225
168 0.2854 0.2854 0.1010 0.2944 0.0341
169 0.1478 0.0472 0.1265 0.6128 0.0656
170 0.1002 0.7812 0.0622 0.0377 0.0185
171 0.1202 0.1202 0.2795 0.3372 0.1428
172 0.1024 0.8052 0.0365 0.0300 0.0259
173 0.1180 0.8125 0.0269 0.0194 0.0231
174 0.2063 0.4102 0.0615 0.0654 0.2566
175 0.3171 0.2163 0.0312 0.0436 0.3916
176 0.0356 0.8223 0.1322 0.0091 0.0009
177 0.2649 0.6406 0.0482 0.0373 0.0091
178 0.1105 0.4512 0.1006 0.2959 0.0420
179 0.1508 0.4502 0.0908 0.0435 0.2646
180 0.1092 0.0799 0.0516 0.5903 0.1691
181 0.1445 0.6377 0.1256 0.0584 0.0338
182 0.1376 0.6929 0.0765 0.0591 0.0337
183 0.0661 0.8774 0.0338 0.0167 0.0062
184 0.2937 0.4272 0.0601 0.0569 0.1621
185 0.3281 0.1575 0.0631 0.2037 0.2477
186 0.2074 0.5464 0.1085 0.0525 0.0851
187 0.0789 0.7725 0.1185 0.0275 0.0027
188 0.1340 0.3477 0.4062 0.0788 0.0334
189 0.1055 0.7729 0.0854 0.0314 0.0047
190 0.1255 0.4885 0.1346 0.0977 0.1537
191 0.0410 0.7148 0.0475 0.1807 0.0162
192 0.4883 0.2474 0.0932 0.0836 0.0875
193 0.4512 0.2759 0.0410 0.1115 0.1205
194 0.1097 0.7554 0.0923 0.0367 0.0060
195 0.1180 0.6733 0.1246 0.0672 0.0167
196 0.1072 0.1466 0.0760 0.5278 0.1421
197 0.1335 0.2006 0.1356 0.4661 0.0641
198 0.5649 0.2283 0.1473 0.0277 0.0316
199 0.3169 0.3372 0.2795 0.0171 0.0493
200 0.2312 0.5088 0.1814 0.0285 0.0500
201 0.2004 0.6270 0.1611 0.0039 0.0074
202 0.0859 0.5435 0.1013 0.1937 0.0759
203 0.1149 0.5190 0.3352 0.0267 0.0042
204 0.1317 0.6484 0.0818 0.1018 0.0360
205 0.2617 0.4631 0.0716 0.1041 0.0994
206 0.2402 0.6846 0.0386 0.0087 0.0280
207 0.0719 0.2130 0.0295 0.0790 0.6064
208 0.0643 0.1165 0.0295 0.0758 0.7139
209 0.1599 0.6836 0.0199 0.0495 0.0869
210 0.4321 0.4492 0.0504 0.0268 0.0415
211 0.2332 0.1288 0.0405 0.0637 0.5337
212 0.2908 0.4504 0.0385 0.0860 0.1342
213 0.2981 0.4141 0.0265 0.0703 0.1910
214 0.2445 0.4426 0.0355 0.1182 0.1591
215 0.0943 0.8276 0.0563 0.0160 0.0057
216 0.0966 0.6758 0.1982 0.0183 0.0108
217 0.4016 0.3923 0.1254 0.0273 0.0531
218 0.3999 0.3420 0.1110 0.0459 0.1011
219 0.1583 0.5073 0.2695 0.0293 0.0356
220 0.2878 0.3262 0.1100 0.1381 0.1381
221 0.3657 0.3203 0.0588 0.0579 0.1973
222 0.3062 0.4248 0.0589 0.0622 0.1479
223 0.0521 0.7896 0.0599 0.0936 0.0049
224 0.1176 0.6714 0.0625 0.0271 0.1213
225 0.1826 0.1703 0.0566 0.2069 0.3835
226 0.2581 0.5552 0.0558 0.0493 0.0818
227 0.0680 0.7842 0.0696 0.0582 0.0198
228 0.2212 0.3452 0.0337 0.0729 0.3269
229 0.0905 0.3840 0.0274 0.0986 0.3994
230 0.3306 0.4146 0.0298 0.0797 0.1455
231 0.1851 0.5791 0.0494 0.0881 0.0983
232 0.0435 0.9302 0.0079 0.0126 0.0058
233 0.1506 0.4358 0.1788 0.1210 0.1137
234 0.1364 0.0982 0.0475 0.1486 0.5693
235 0.2322 0.0828 0.0502 0.0736 0.5610
236 0.1812 0.1133 0.0743 0.2595 0.3716
237 0.0406 0.8086 0.0758 0.0297 0.0453
238 0.0598 0.4629 0.4282 0.0333 0.0160
239 0.3340 0.3667 0.0663 0.1993 0.0338
240 0.0437 0.6274 0.2308 0.0738 0.0240
241 0.2073 0.1801 0.3843 0.1084 0.1200
242 0.1562 0.6084 0.1826 0.0216 0.0312
243 0.1927 0.2343 0.2379 0.1008 0.2343
244 0.1486 0.0614 0.0460 0.3794 0.3647
245 0.0895 0.1895 0.0591 0.2250 0.4370
246 0.1801 0.0818 0.0441 0.3442 0.3499
247 0.1114 0.0510 0.0307 0.4993 0.3076
248 0.1549 0.0602 0.0687 0.4082 0.3081
249 0.2323 0.2286 0.2323 0.2551 0.0518
250 0.2037 0.2830 0.2496 0.2310 0.0327
