time exciting_prob fearful_prob tense_prob sad_prob relaxing_prob
0 0.1315 0.2534 0.3057 0.2380 0.0715
1 0.5259 0.0143 0.0418 0.0151 0.4031
2 0.6826 0.0070 0.0204 0.0055 0.2844
3 0.6421 0.0055 0.0163 0.0185 0.3179
4 0.7192 0.0039 0.0187 0.0226 0.2354
5 0.6938 0.0036 0.0167 0.0206 0.2654
6 0.7764 0.0045 0.0108 0.0504 0.1577
7 0.8052 0.0055 0.0087 0.0374 0.1432
8 0.1478 0.3958 0.3491 0.0925 0.0148
9 0.2443 0.4421 0.2520 0.0541 0.0075
10 0.1700 0.5317 0.1926 0.0931 0.0124
11 0.2012 0.5059 0.2390 0.0403 0.0137
12 0.1682 0.2930 0.3069 0.1473 0.0846
13 0.1802 0.2834 0.3418 0.0995 0.0950
14 0.1454 0.3354 0.2781 0.1177 0.1234
15 0.1406 0.3142 0.3242 0.0997 0.1212
16 0.0630 0.3628 0.4143 0.1294 0.0305
17 0.0854 0.4375 0.3743 0.0778 0.0251
18 0.1006 0.5610 0.2607 0.0348 0.0429
19 0.2671 0.2080 0.2844 0.1375 0.1030
20 0.1517 0.2445 0.4426 0.1110 0.0500
21 0.1782 0.2871 0.4143 0.0882 0.0322
22 0.1558 0.3457 0.3298 0.1176 0.0510
23 0.0673 0.5293 0.3472 0.0169 0.0392
24 0.0984 0.3303 0.3572 0.0766 0.1377
25 0.0933 0.3081 0.4414 0.0682 0.0890
26 0.1058 0.3496 0.2788 0.0979 0.1678
27 0.0461 0.6216 0.2510 0.0560 0.0255
28 0.0700 0.5864 0.2424 0.0428 0.0585
29 0.0831 0.6694 0.1844 0.0177 0.0452
30 0.1204 0.5229 0.3049 0.0160 0.0359
31 0.0420 0.6079 0.2964 0.0430 0.0108
32 0.3269 0.3169 0.1569 0.0256 0.1737
33 0.1653 0.5337 0.1746 0.0333 0.0934
34 0.2094 0.4829 0.1696 0.0091 0.1290
35 0.0500 0.2462 0.5635 0.0524 0.0878
36 0.1140 0.2394 0.2671 0.0573 0.3223
37 0.0946 0.2019 0.2893 0.0709 0.3435
38 0.2321 0.3594 0.2284 0.0730 0.1071
39 0.0742 0.5566 0.2712 0.0560 0.0419
40 0.1382 0.2462 0.3367 0.0781 0.2009
41 0.0485 0.1578 0.2522 0.0073 0.5342
42 0.1048 0.2698 0.2698 0.1284 0.2272
43 0.0754 0.5396 0.1487 0.1895 0.0468
44 0.0454 0.1454 0.1263 0.6519 0.0312
45 0.0564 0.4539 0.4133 0.0614 0.0152
46 0.3577 0.2239 0.3386 0.0405 0.0392
47 0.3066 0.3289 0.3474 0.0068 0.0102
48 0.3252 0.2615 0.3987 0.0056 0.0091
49 0.0804 0.5322 0.2720 0.0779 0.0374
50 0.1089 0.3518 0.3628 0.1501 0.0263
51 0.2029 0.2905 0.4097 0.0839 0.0129
52 0.1294 0.2343 0.3984 0.2100 0.0280
53 0.0731 0.3687 0.3923 0.1399 0.0261
54 0.1832 0.4680 0.2428 0.0752 0.0306
55 0.2474 0.4412 0.1443 0.0239 0.1432
56 0.1247 0.1306 0.5088 0.2294 0.0066
57 0.1973 0.1160 0.3462 0.3103 0.0302
58 0.3667 0.2241 0.3608 0.0338 0.0145
59 0.2030 0.6206 0.1497 0.0134 0.0135
60 0.0842 0.3713 0.3831 0.1039 0.0574
61 0.0151 0.7632 0.1703 0.0488 0.0026
62 0.0581 0.3669 0.5215 0.0459 0.0075
63 0.0928 0.2974 0.5913 0.0084 0.0099
64 0.3291 0.4292 0.0740 0.1329 0.0349
65 0.3396 0.3760 0.2194 0.0121 0.0529
66 0.4155 0.1228 0.2947 0.1602 0.0068
67 0.3359 0.1099 0.2874 0.2496 0.0174
68 0.4529 0.1257 0.2424 0.1541 0.0248
69 0.4294 0.2446 0.3020 0.0047 0.0193
70 0.2421 0.0298 0.0863 0.6084 0.0333
71 0.2284 0.2302 0.3855 0.1332 0.0228
72 0.0303 0.7061 0.2103 0.0301 0.0231
73 0.0803 0.3176 0.2759 0.1926 0.1334
74 0.2465 0.5732 0.1240 0.0418 0.0147
75 0.3096 0.4868 0.0753 0.1078 0.0206
76 0.0994 0.1801 0.3110 0.3931 0.0164
77 0.2028 0.3938 0.2837 0.0590 0.0609
78 0.1516 0.1978 0.3364 0.3015 0.0126
79 0.5420 0.1993 0.2089 0.0257 0.0242
80 0.3245 0.3591 0.2196 0.0400 0.0568
81 0.3479 0.3562 0.2754 0.0085 0.0119
82 0.0758 0.1394 0.2773 0.4866 0.0210
83 0.3330 0.3687 0.2085 0.0715 0.0182
84 0.2137 0.0310 0.1771 0.5371 0.0408
85 0.0847 0.3401 0.3000 0.2000 0.0753
86 0.3545 0.3176 0.2676 0.0109 0.0495
87 0.3164 0.3938 0.1890 0.0148 0.0859
88 0.0783 0.1632 0.3350 0.4104 0.0130
89 0.1188 0.1411 0.3440 0.3718 0.0242
90 0.4419 0.3523 0.1857 0.0133 0.0068
91 0.4561 0.2040 0.3235 0.0066 0.0099
92 0.3467 0.2498 0.2598 0.0294 0.1144
93 0.2866 0.1333 0.2340 0.3101 0.0362
94 0.3511 0.1608 0.4041 0.0324 0.0518
95 0.0536 0.5371 0.3469 0.0575 0.0048
96 0.3501 0.4390 0.1680 0.0326 0.0106
97 0.0943 0.1137 0.3188 0.4497 0.0233
98 0.3884 0.2910 0.2231 0.0100 0.0873
99 0.5020 0.1279 0.2729 0.0776 0.0198
100 0.4524 0.1744 0.2639 0.0850 0.0242
101 0.2043 0.3503 0.1875 0.0674 0.1904
102 0.0703 0.3655 0.4512 0.0475 0.0655
103 0.1158 0.1442 0.2612 0.1106 0.3682
104 0.3447 0.1361 0.2644 0.1495 0.1052
105 0.1519 0.5342 0.2485 0.0456 0.0196
106 0.2296 0.3784 0.1288 0.0590 0.2042
107 0.2915 0.2532 0.4341 0.0054 0.0159
108 0.0592 0.4011 0.1766 0.1080 0.2551
109 0.0334 0.2338 0.2549 0.1938 0.2842
110 0.0506 0.0433 0.1659 0.0945 0.6460
111 0.1440 0.2732 0.1792 0.1697 0.2338
112 0.0425 0.3318 0.1694 0.3940 0.0623
113 0.1268 0.5732 0.0832 0.0764 0.1405
114 0.0459 0.3965 0.1746 0.3186 0.0642
115 0.0503 0.3103 0.2417 0.3516 0.0461
116 0.1344 0.0327 0.2629 0.2671 0.3027
117 0.0672 0.0417 0.2136 0.1058 0.5718
118 0.0226 0.5073 0.2803 0.1597 0.0300
119 0.0668 0.1288 0.3906 0.1616 0.2522
120 0.1870 0.2896 0.3281 0.0911 0.1041
121 0.0628 0.1555 0.4097 0.3093 0.0628
122 0.1637 0.2656 0.1315 0.1649 0.2742
123 0.1388 0.1957 0.4080 0.1700 0.0875
124 0.0439 0.1793 0.6406 0.0702 0.0660
125 0.1174 0.1531 0.4607 0.1120 0.1567
126 0.0254 0.2028 0.4641 0.3044 0.0032
127 0.3643 0.1329 0.3643 0.0872 0.0513
128 0.3560 0.2372 0.3118 0.0446 0.0505
129 0.1224 0.2612 0.2737 0.1572 0.1853
130 0.0635 0.1713 0.4692 0.2305 0.0655
131 0.4126 0.1603 0.3999 0.0113 0.0159
132 0.0795 0.3430 0.5068 0.0654 0.0053
133 0.0222 0.2007 0.3931 0.1704 0.2137
134 0.0228 0.2803 0.3079 0.3328 0.0565
135 0.0570 0.5161 0.3179 0.0417 0.0672
136 0.0960 0.4236 0.3738 0.0106 0.0960
137 0.1226 0.3806 0.3989 0.0411 0.0566
138 0.2385 0.3186 0.4221 0.0084 0.0125
139 0.4299 0.2412 0.2888 0.0104 0.0297
140 0.4138 0.1595 0.3738 0.0094 0.0436
141 0.1248 0.2834 0.4822 0.0845 0.0250
142 0.2368 0.3137 0.1172 0.2769 0.0554
143 0.1642 0.4097 0.3291 0.0806 0.0164
144 0.0781 0.3340 0.5420 0.0381 0.0079
145 0.0949 0.1963 0.3040 0.2600 0.1448
146 0.3752 0.1873 0.4026 0.0134 0.0213
147 0.1541 0.2791 0.5054 0.0533 0.0086
148 0.3848 0.1818 0.4062 0.0170 0.0103
149 0.0993 0.1276 0.5288 0.2346 0.0099
150 0.1052 0.0858 0.4497 0.3503 0.0090
151 0.0203 0.2549 0.2357 0.4836 0.0055
152 0.3044 0.1791 0.3589 0.1012 0.0563
153 0.2139 0.3872 0.3210 0.0647 0.0131
154 0.4563 0.1163 0.3875 0.0127 0.0272
155 0.1752 0.3401 0.3884 0.0771 0.0190
156 0.0331 0.2042 0.6802 0.0787 0.0039
157 0.0323 0.7705 0.1339 0.0567 0.0067
158 0.0650 0.2003 0.3008 0.4175 0.0166
159 0.1035 0.1530 0.2191 0.5098 0.0148
160 0.2496 0.0421 0.3413 0.3521 0.0150
161 0.1387 0.2323 0.4207 0.1986 0.0098
162 0.4514 0.2634 0.2573 0.0135 0.0144
163 0.2705 0.2705 0.4094 0.0321 0.0176
164 0.2900 0.2854 0.3015 0.0858 0.0372
165 0.1318 0.3066 0.5093 0.0489 0.0034
166 0.2380 0.0749 0.3057 0.3628 0.0186
167 0.2311 0.1017 0.3362 0.3208 0.0103
168 0.1348 0.1050 0.3337 0.4089 0.0177
169 0.1564 0.0705 0.3523 0.4055 0.0151
170 0.3357 0.0849 0.4312 0.1188 0.0296
171 0.1696 0.1906 0.3452 0.1819 0.1129
172 0.2954 0.2338 0.3323 0.0765 0.0620
173 0.2158 0.0299 0.2092 0.5020 0.0432
174 0.3694 0.1257 0.3472 0.0528 0.1050
175 0.2482 0.0825 0.4495 0.1019 0.1182
176 0.2494 0.2717 0.4624 0.0067 0.0097
177 0.1508 0.0581 0.2228 0.5513 0.0169
178 0.4128 0.0347 0.2544 0.2245 0.0735
179 0.2769 0.2224 0.3640 0.1019 0.0349
180 0.2544 0.0559 0.2793 0.2524 0.1580
181 0.1072 0.1454 0.3984 0.2435 0.1055
182 0.0870 0.2991 0.3723 0.1218 0.1199
183 0.2058 0.0972 0.4031 0.2727 0.0214
184 0.1709 0.1709 0.4573 0.1736 0.0273
185 0.1343 0.5312 0.2610 0.0569 0.0168
186 0.0688 0.4314 0.1180 0.3750 0.0069
187 0.1720 0.1278 0.2542 0.4324 0.0138
188 0.2517 0.2742 0.4148 0.0354 0.0240
189 0.2012 0.2227 0.5137 0.0415 0.0210
190 0.3247 0.3594 0.2096 0.0938 0.0127
191 0.0908 0.6016 0.1697 0.1321 0.0060
192 0.2117 0.0855 0.2361 0.4551 0.0117
193 0.3376 0.2096 0.4202 0.0173 0.0152
194 0.2365 0.2365 0.3440 0.1757 0.0075
195 0.2915 0.2434 0.4014 0.0423 0.0214
196 0.3823 0.2864 0.2319 0.0840 0.0153
197 0.3369 0.1790 0.3970 0.0669 0.0201
198 0.1918 0.2705 0.2878 0.2424 0.0077
199 0.2449 0.1450 0.5693 0.0246 0.0163
200 0.1261 0.0464 0.3706 0.4402 0.0167
201 0.1842 0.1703 0.6230 0.0096 0.0129
202 0.0954 0.2324 0.4143 0.2551 0.0027
203 0.3142 0.1095 0.3242 0.2263 0.0256
204 0.2198 0.0861 0.2490 0.4373 0.0079
205 0.0640 0.0759 0.2822 0.5522 0.0254
206 0.0759 0.6157 0.1984 0.1021 0.0081
207 0.5957 0.2333 0.0712 0.0299 0.0701
208 0.2939 0.3774 0.3127 0.0101 0.0058
209 0.1804 0.4570 0.3396 0.0133 0.0096
210 0.1598 0.4246 0.2964 0.0955 0.0239
211 0.2417 0.2825 0.4048 0.0552 0.0157
212 0.2207 0.2139 0.3755 0.1759 0.0141
213 0.3025 0.1792 0.4910 0.0140 0.0132
214 0.1357 0.1161 0.5669 0.1676 0.0135
215 0.1166 0.0840 0.4758 0.2886 0.0348
216 0.1443 0.5322 0.1245 0.1345 0.0646
217 0.0773 0.1943 0.6787 0.0455 0.0043
218 0.0453 0.3857 0.4724 0.0719 0.0247
219 0.3342 0.4258 0.2028 0.0139 0.0233
220 0.1968 0.0513 0.3853 0.3562 0.0103
221 0.0599 0.2043 0.6099 0.1137 0.0121
222 0.1294 0.1039 0.3984 0.3408 0.0275
223 0.1714 0.4211 0.2052 0.1854 0.0170
224 0.1539 0.5044 0.1033 0.1357 0.1025
225 0.1644 0.1087 0.6401 0.0801 0.0063
226 0.3323 0.4265 0.2129 0.0073 0.0211
227 0.3413 0.2700 0.2920 0.0421 0.0544
228 0.2881 0.5093 0.1566 0.0150 0.0311
229 0.1947 0.2260 0.4897 0.0536 0.0360
230 0.0076 0.2095 0.0497 0.7310 0.0022
231 0.1798 0.4666 0.3181 0.0243 0.0112
232 0.1375 0.3767 0.4041 0.0486 0.0332
233 0.2549 0.3948 0.1080 0.2357 0.0065
234 0.2776 0.2247 0.3977 0.0880 0.0120
235 0.0809 0.6621 0.0896 0.1313 0.0362
236 0.3616 0.2316 0.2043 0.1846 0.0180
237 0.2437 0.0939 0.3179 0.3330 0.0117
238 0.0876 0.1074 0.3750 0.4119 0.0182
239 0.3289 0.2622 0.3906 0.0125 0.0060
240 0.0974 0.2448 0.2229 0.4165 0.0186
241 0.0938 0.2433 0.1499 0.4990 0.0139
242 0.0657 0.5410 0.2220 0.1368 0.0343
243 0.2732 0.0482 0.1820 0.4795 0.0172
244 0.4133 0.2213 0.2842 0.0586 0.0226
245 0.2374 0.2568 0.4873 0.0065 0.0120
246 0.0701 0.2727 0.2124 0.4224 0.0224
247 0.0787 0.4895 0.2725 0.1257 0.0336
248 0.1278 0.3367 0.2107 0.0858 0.2388
249 0.1169 0.2720 0.2720 0.0798 0.2595
250 0.0706 0.2013 0.1776 0.3701 0.1804
251 0.0977 0.4731 0.1782 0.1124 0.1388
252 0.2003 0.4307 0.0760 0.0337 0.2593
253 0.1896 0.3513 0.1047 0.0630 0.2913
254 0.1285 0.2087 0.3181 0.2852 0.0593
255 0.1094 0.2013 0.2883 0.3372 0.0638
256 0.1265 0.1812 0.2595 0.3660 0.0671
257 0.1504 0.2223 0.3040 0.2639 0.0594
258 0.1149 0.1956 0.2632 0.3325 0.0938
259 0.0630 0.0947 0.1560 0.6470 0.0395
260 0.2593 0.3894 0.0749 0.2184 0.0579
261 0.3611 0.1060 0.0906 0.4158 0.0266
262 0.3181 0.5493 0.0612 0.0120 0.0593
263 0.3923 0.5039 0.0430 0.0057 0.0552
264 0.3850 0.5020 0.0505 0.0067 0.0559
265 0.3816 0.5054 0.0520 0.0064 0.0545
