time exciting_prob fearful_prob tense_prob sad_prob relaxing_prob
0 0.2037 0.2830 0.2496 0.2310 0.0327
1 0.3872 0.0247 0.4387 0.1470 0.0025
2 0.2231 0.5698 0.0923 0.0620 0.0526
3 0.2795 0.4004 0.1331 0.0638 0.1231
4 0.0674 0.4539 0.4199 0.0141 0.0446
5 0.2179 0.1750 0.3677 0.0281 0.2112
6 0.1694 0.3477 0.1981 0.0740 0.2108
7 0.1613 0.5049 0.2137 0.0270 0.0934
8 0.0944 0.7144 0.1697 0.0043 0.0173
9 0.1246 0.0126 0.0207 0.0544 0.7876
10 0.4124 0.1589 0.2313 0.0160 0.1815
11 0.3762 0.1997 0.1450 0.0145 0.2646
12 0.1981 0.2108 0.5303 0.0121 0.0489
13 0.3213 0.3755 0.1934 0.0287 0.0812
14 0.0807 0.2372 0.4944 0.1121 0.0758
15 0.1748 0.5864 0.1415 0.0859 0.0112
16 0.3335 0.2766 0.2478 0.0480 0.0941
17 0.1726 0.1523 0.4341 0.0483 0.1926
18 0.4858 0.0528 0.0463 0.0598 0.3555
19 0.1395 0.6401 0.1342 0.0619 0.0244
20 0.0284 0.0476 0.9048 0.0130 0.0061
21 0.2391 0.5518 0.1086 0.0659 0.0347
22 0.3447 0.3188 0.1603 0.0161 0.1603
23 0.5952 0.1470 0.1565 0.0117 0.0898
24 0.0457 0.0815 0.6313 0.2360 0.0053
25 0.5283 0.0651 0.0357 0.0188 0.3521
26 0.0799 0.2366 0.5767 0.0787 0.0283
27 0.1068 0.0885 0.4937 0.2812 0.0296
28 0.3398 0.1848 0.3218 0.0286 0.1250
29 0.4390 0.0648 0.0717 0.0463 0.3784
30 0.5352 0.1322 0.1429 0.0364 0.1533
31 0.6577 0.1503 0.1099 0.0049 0.0773
32 0.2495 0.0127 0.0340 0.0307 0.6729
33 0.3931 0.0289 0.0912 0.0129 0.4741
34 0.2452 0.0280 0.0436 0.0569 0.6265
35 0.3828 0.3301 0.1333 0.0141 0.1398
36 0.4590 0.2053 0.1812 0.0134 0.1411
37 0.3735 0.2000 0.1879 0.0290 0.2096
38 0.3030 0.0499 0.0436 0.0547 0.5488
39 0.1952 0.0293 0.0385 0.0450 0.6924
40 0.4421 0.2155 0.2312 0.0657 0.0455
41 0.3906 0.2463 0.2463 0.0334 0.0832
42 0.1136 0.0374 0.0266 0.0089 0.8135
43 0.0829 0.3657 0.4768 0.0134 0.0611
44 0.1038 0.3823 0.1750 0.3220 0.0167
45 0.5054 0.1641 0.2123 0.0116 0.1068
46 0.2411 0.3374 0.1984 0.1462 0.0770
47 0.2590 0.0909 0.3076 0.3174 0.0251
48 0.1028 0.1921 0.3372 0.3589 0.0091
49 0.2529 0.3513 0.3711 0.0068 0.0178
50 0.2595 0.2852 0.3035 0.0282 0.1236
51 0.2966 0.4216 0.1327 0.0234 0.1256
52 0.3093 0.2467 0.0619 0.3167 0.0654
53 0.1421 0.1294 0.0760 0.5801 0.0726
54 0.2688 0.1193 0.3071 0.2126 0.0922
55 0.1382 0.3315 0.4358 0.0318 0.0627
56 0.1936 0.2505 0.4644 0.0103 0.0813
57 0.6289 0.2406 0.0474 0.0212 0.0618
58 0.6245 0.2141 0.1094 0.0155 0.0363
59 0.4033 0.3477 0.1495 0.0546 0.0449
60 0.5088 0.2499 0.1992 0.0126 0.0294
61 0.4927 0.3777 0.0955 0.0065 0.0278
62 0.2761 0.4695 0.1700 0.0255 0.0588
63 0.4099 0.3674 0.0342 0.0482 0.1405
64 0.2026 0.1747 0.5464 0.0402 0.0358
65 0.2142 0.1890 0.3267 0.2280 0.0422
66 0.5576 0.0535 0.0267 0.0078 0.3545
67 0.6138 0.0524 0.0261 0.0308 0.2766
68 0.6167 0.1088 0.1880 0.0309 0.0556
69 0.2620 0.3086 0.2969 0.1180 0.0147
70 0.3213 0.3813 0.1788 0.0533 0.0652
71 0.0468 0.1740 0.3459 0.3652 0.0681
72 0.3037 0.2722 0.1915 0.1689 0.0637
73 0.3123 0.4690 0.0821 0.0991 0.0376
74 0.0364 0.7915 0.1158 0.0543 0.0018
75 0.1858 0.1317 0.3582 0.3064 0.0178
76 0.0831 0.0957 0.3557 0.4426 0.0229
77 0.2812 0.0558 0.3394 0.2191 0.1043
78 0.0763 0.0378 0.2878 0.5728 0.0254
79 0.1686 0.2959 0.4338 0.0742 0.0275
80 0.3967 0.2727 0.2010 0.0906 0.0390
81 0.4309 0.0588 0.3462 0.1573 0.0066
82 0.0707 0.1923 0.3621 0.3621 0.0131
83 0.0847 0.5186 0.2507 0.1149 0.0309
84 0.2301 0.2908 0.2954 0.1203 0.0634
85 0.2148 0.2378 0.4878 0.0100 0.0495
86 0.2930 0.3701 0.2390 0.0299 0.0679
87 0.3320 0.1805 0.3118 0.1331 0.0425
88 0.2891 0.3889 0.1925 0.1141 0.0154
89 0.2539 0.2642 0.4458 0.0095 0.0268
90 0.4409 0.1741 0.1039 0.2493 0.0317
91 0.4253 0.1614 0.3364 0.0160 0.0608
92 0.4712 0.2483 0.2244 0.0470 0.0090
93 0.3105 0.0843 0.4626 0.1179 0.0245
94 0.1454 0.7925 0.0544 0.0052 0.0027
95 0.2849 0.1206 0.4114 0.1160 0.0671
96 0.3159 0.3062 0.2539 0.0844 0.0396
97 0.2117 0.2019 0.5195 0.0499 0.0168
98 0.1473 0.4722 0.2301 0.1417 0.0088
99 0.4856 0.3962 0.0948 0.0071 0.0161
100 0.2944 0.4282 0.2384 0.0224 0.0166
101 0.2115 0.0225 0.0255 0.0468 0.6938
102 0.2297 0.4714 0.0623 0.1681 0.0684
103 0.4001 0.3423 0.2142 0.0140 0.0292
104 0.4773 0.3660 0.1295 0.0062 0.0211
105 0.1877 0.3071 0.3452 0.0235 0.1362
106 0.0399 0.1103 0.5601 0.2646 0.0250
107 0.0408 0.1689 0.5127 0.2421 0.0357
108 0.4072 0.2957 0.2712 0.0092 0.0167
109 0.1437 0.2208 0.4978 0.0900 0.0478
110 0.2240 0.0396 0.0844 0.0799 0.5723
111 0.3411 0.3203 0.2964 0.0106 0.0317
112 0.3667 0.2330 0.3113 0.0728 0.0164
113 0.1234 0.3860 0.3860 0.0382 0.0665
114 0.3889 0.0815 0.2098 0.0120 0.3076
115 0.3933 0.3040 0.1732 0.0775 0.0520
116 0.3696 0.3064 0.2173 0.0757 0.0308
117 0.2288 0.0692 0.6367 0.0574 0.0079
118 0.3577 0.2274 0.2310 0.1445 0.0395
119 0.2952 0.1694 0.2583 0.1310 0.1461
120 0.2251 0.6167 0.1293 0.0067 0.0223
121 0.0854 0.2935 0.6113 0.0029 0.0068
122 0.0721 0.6182 0.3013 0.0073 0.0010
123 0.2712 0.1232 0.0707 0.0665 0.4685
124 0.4910 0.2450 0.1353 0.0173 0.1113
125 0.4231 0.3000 0.1848 0.0439 0.0482
126 0.5781 0.1129 0.0339 0.1231 0.1520
127 0.5586 0.2678 0.0408 0.0672 0.0657
128 0.4131 0.3911 0.0664 0.0073 0.1221
129 0.7041 0.1122 0.0367 0.0208 0.1262
130 0.3867 0.3606 0.1434 0.0208 0.0884
131 0.5605 0.2300 0.1331 0.0123 0.0643
132 0.6562 0.2097 0.0307 0.0327 0.0708
133 0.3235 0.2330 0.3696 0.0028 0.0711
134 0.1749 0.4067 0.1848 0.0258 0.2078
135 0.2683 0.3418 0.2040 0.0296 0.1565
136 0.5708 0.0458 0.0343 0.1610 0.1882
137 0.5288 0.1960 0.0798 0.0141 0.1813
138 0.3708 0.3826 0.1194 0.0518 0.0753
139 0.2128 0.1683 0.0795 0.0747 0.4648
140 0.4695 0.0925 0.2986 0.0961 0.0433
141 0.8149 0.0833 0.0224 0.0131 0.0663
142 0.5259 0.2333 0.0537 0.0673 0.1201
143 0.2881 0.0209 0.0463 0.1918 0.4531
144 0.0746 0.1147 0.1004 0.0187 0.6914
145 0.3335 0.4490 0.1827 0.0138 0.0210
146 0.6460 0.1659 0.0209 0.0172 0.1499
147 0.5454 0.0811 0.0607 0.0780 0.2346
148 0.6704 0.1508 0.1020 0.0034 0.0735
149 0.5200 0.2534 0.1433 0.0020 0.0810
150 0.6313 0.1559 0.1038 0.0036 0.1055
151 0.4646 0.3677 0.0859 0.0041 0.0776
152 0.5151 0.2610 0.1030 0.0068 0.1140
153 0.1924 0.4136 0.2776 0.0262 0.0901
154 0.2854 0.4351 0.1412 0.0196 0.1189
155 0.3350 0.2302 0.1262 0.0219 0.2866
156 0.5303 0.1847 0.1531 0.0242 0.1077
157 0.6030 0.1727 0.1024 0.0767 0.0451
158 0.4824 0.0892 0.0412 0.1164 0.2708
159 0.2759 0.1837 0.0803 0.2551 0.2050
160 0.2559 0.4216 0.2024 0.0524 0.0677
161 0.4866 0.2012 0.2427 0.0063 0.0633
162 0.0584 0.0890 0.0651 0.1400 0.6475
163 0.0961 0.2051 0.0450 0.0602 0.5938
164 0.1750 0.4265 0.1301 0.0290 0.2393
165 0.2512 0.2844 0.3250 0.0640 0.0754
166 0.2891 0.5317 0.0703 0.0298 0.0790
167 0.0600 0.0644 0.0281 0.1606 0.6870
168 0.2571 0.3569 0.2098 0.0295 0.1465
169 0.2153 0.3523 0.1456 0.0371 0.2498
170 0.1367 0.5078 0.0698 0.1400 0.1455
171 0.2673 0.2472 0.0317 0.0300 0.4238
172 0.0858 0.3088 0.3872 0.0477 0.1705
173 0.1854 0.1943 0.0349 0.0773 0.5078
174 0.4783 0.3364 0.0949 0.0301 0.0603
175 0.5337 0.2791 0.0657 0.0201 0.1018
176 0.2705 0.3699 0.0459 0.0235 0.2903
177 0.3384 0.2964 0.0527 0.0890 0.2236
178 0.7095 0.1262 0.0506 0.0340 0.0796
179 0.4075 0.4011 0.0686 0.0060 0.1168
180 0.1754 0.1388 0.0969 0.2399 0.3489
181 0.4719 0.2627 0.1722 0.0141 0.0789
182 0.5146 0.3823 0.0486 0.0254 0.0290
183 0.4561 0.3062 0.1002 0.0232 0.1144
184 0.2588 0.2214 0.3738 0.0578 0.0881
185 0.5103 0.1439 0.2213 0.0436 0.0807
186 0.3027 0.0249 0.0329 0.0464 0.5928
187 0.2278 0.5337 0.1815 0.0074 0.0496
188 0.0367 0.5146 0.3948 0.0089 0.0450
189 0.0670 0.4575 0.4368 0.0066 0.0321
190 0.1450 0.0591 0.0435 0.1174 0.6348
191 0.1647 0.3406 0.3569 0.0382 0.0999
192 0.4771 0.2438 0.1840 0.0395 0.0557
193 0.1663 0.3384 0.1107 0.0515 0.3333
194 0.5913 0.1329 0.0806 0.1146 0.0806
195 0.1312 0.3569 0.3125 0.0214 0.1780
196 0.3242 0.3882 0.1848 0.0046 0.0981
197 0.2153 0.1976 0.0612 0.1390 0.3870
198 0.5996 0.1588 0.0162 0.0549 0.1704
199 0.1560 0.5752 0.2068 0.0105 0.0515
200 0.2874 0.3467 0.1729 0.0243 0.1689
201 0.2959 0.2756 0.0394 0.1022 0.2866
202 0.6211 0.1292 0.0702 0.0275 0.1522
203 0.4722 0.1451 0.3000 0.0108 0.0718
204 0.2634 0.0570 0.0720 0.0667 0.5405
205 0.0916 0.4104 0.2734 0.0573 0.1671
206 0.0995 0.3757 0.3447 0.0349 0.1449
207 0.2498 0.4348 0.0251 0.0244 0.2659
208 0.1639 0.3210 0.0405 0.0219 0.4526
209 0.2058 0.0769 0.0244 0.2771 0.4158
210 0.1210 0.5137 0.2059 0.0212 0.1382
211 0.2194 0.3142 0.0525 0.1138 0.2998
212 0.2446 0.3118 0.0568 0.0138 0.3730
213 0.2964 0.2517 0.1033 0.0380 0.3108
214 0.3025 0.4797 0.0530 0.0464 0.1185
215 0.1255 0.3179 0.2917 0.0171 0.2477
216 0.1135 0.3110 0.0520 0.0492 0.4744
217 0.1641 0.3418 0.0474 0.0278 0.4189
218 0.0673 0.2312 0.0313 0.3064 0.3638
