time exciting_prob fearful_prob tense_prob sad_prob relaxing_prob
0 0.3843 0.2332 0.1229 0.2090 0.0508
1 0.5903 0.3062 0.0488 0.0060 0.0488
2 0.6372 0.1943 0.0823 0.0203 0.0656
3 0.6870 0.1261 0.0482 0.0379 0.1006
4 0.7524 0.1732 0.0500 0.0046 0.0199
5 0.5952 0.3364 0.0512 0.0038 0.0135
6 0.5181 0.3169 0.1021 0.0104 0.0525
7 0.5181 0.3533 0.0944 0.0092 0.0250
8 0.5977 0.0854 0.2454 0.0650 0.0062
9 0.4443 0.3176 0.1926 0.0176 0.0278
10 0.2903 0.3845 0.2727 0.0313 0.0215
11 0.2131 0.0991 0.3625 0.2913 0.0340
12 0.4373 0.1387 0.3101 0.0671 0.0468
13 0.1409 0.3828 0.4619 0.0122 0.0022
14 0.2502 0.1361 0.4531 0.1404 0.0202
15 0.4612 0.0665 0.2798 0.1835 0.0092
16 0.2981 0.1396 0.4617 0.0790 0.0218
17 0.2102 0.4348 0.3230 0.0113 0.0207
18 0.2886 0.2754 0.4133 0.0121 0.0105
19 0.4673 0.0927 0.3113 0.1172 0.0117
20 0.6616 0.1273 0.1852 0.0176 0.0081
21 0.5493 0.3127 0.1151 0.0034 0.0195
22 0.5742 0.3123 0.0853 0.0023 0.0260
23 0.7549 0.0304 0.1969 0.0154 0.0025
24 0.6934 0.0547 0.2358 0.0116 0.0047
25 0.7241 0.1995 0.0558 0.0035 0.0172
26 0.7598 0.1078 0.1094 0.0144 0.0086
27 0.5928 0.0625 0.3098 0.0250 0.0100
28 0.6719 0.1609 0.1534 0.0071 0.0067
29 0.5464 0.2791 0.1603 0.0019 0.0124
30 0.6440 0.2191 0.1110 0.0050 0.0210
31 0.4810 0.2827 0.2101 0.0076 0.0185
32 0.6719 0.1970 0.1140 0.0056 0.0117
33 0.4292 0.3586 0.1320 0.0482 0.0321
34 0.3318 0.3318 0.2815 0.0066 0.0482
35 0.5425 0.1904 0.2314 0.0276 0.0082
36 0.4329 0.4194 0.1138 0.0113 0.0226
37 0.5859 0.2903 0.0942 0.0051 0.0244
38 0.6924 0.2095 0.0807 0.0076 0.0098
39 0.1730 0.3928 0.4248 0.0039 0.0056
40 0.5625 0.0437 0.3777 0.0113 0.0046
41 0.2759 0.1941 0.2378 0.1365 0.1559
42 0.7603 0.0582 0.1556 0.0158 0.0101
43 0.4692 0.2590 0.2551 0.0123 0.0044
44 0.6729 0.1989 0.1169 0.0030 0.0083
45 0.1115 0.3540 0.4993 0.0329 0.0021
46 0.7593 0.0806 0.1404 0.0131 0.0068
47 0.8687 0.0847 0.0350 0.0058 0.0061
48 0.2605 0.5645 0.1484 0.0117 0.0149
49 0.3196 0.2490 0.3679 0.0180 0.0453
50 0.6904 0.1931 0.0818 0.0080 0.0268
51 0.5732 0.2837 0.1183 0.0126 0.0121
52 0.6289 0.1101 0.1602 0.0878 0.0132
53 0.4048 0.3228 0.1477 0.0374 0.0875
54 0.3079 0.1159 0.5117 0.0556 0.0091
55 0.5337 0.2925 0.1339 0.0238 0.0160
56 0.6577 0.1091 0.1841 0.0430 0.0062
57 0.8267 0.1288 0.0352 0.0073 0.0020
58 0.1886 0.5127 0.2620 0.0072 0.0294
59 0.3921 0.0522 0.5195 0.0197 0.0166
60 0.5923 0.0937 0.1581 0.1261 0.0300
61 0.6489 0.0585 0.2834 0.0042 0.0046
62 0.7271 0.0280 0.2324 0.0083 0.0043
63 0.6045 0.2642 0.1136 0.0095 0.0080
64 0.4824 0.3396 0.1164 0.0537 0.0079
65 0.5361 0.2288 0.2133 0.0176 0.0042
66 0.6470 0.0307 0.2344 0.0743 0.0134
67 0.4392 0.1404 0.3999 0.0046 0.0156
68 0.1171 0.4087 0.4631 0.0079 0.0034
69 0.4075 0.4404 0.1343 0.0088 0.0091
70 0.7236 0.2156 0.0554 0.0030 0.0023
71 0.5630 0.0941 0.3132 0.0178 0.0121
72 0.3887 0.0560 0.3738 0.1633 0.0182
73 0.3596 0.0676 0.3123 0.2214 0.0391
74 0.4133 0.1656 0.3943 0.0164 0.0102
75 0.3469 0.2240 0.4153 0.0047 0.0092
76 0.0799 0.4121 0.5049 0.0025 0.0007
77 0.6777 0.0896 0.1957 0.0265 0.0107
78 0.3081 0.4485 0.1561 0.0179 0.0693
79 0.7217 0.0626 0.1421 0.0602 0.0137
80 0.1903 0.2426 0.4976 0.0576 0.0120
81 0.3262 0.1746 0.2423 0.1042 0.1528
82 0.5146 0.1261 0.3481 0.0053 0.0060
83 0.4163 0.1044 0.4646 0.0079 0.0068
84 0.5391 0.0409 0.2649 0.1384 0.0167
85 0.7319 0.0419 0.2130 0.0055 0.0076
86 0.3303 0.2803 0.3684 0.0089 0.0121
87 0.6313 0.0443 0.3076 0.0099 0.0070
88 0.6802 0.0558 0.2296 0.0219 0.0126
89 0.5098 0.0090 0.3044 0.1681 0.0089
90 0.2230 0.4297 0.3120 0.0199 0.0153
91 0.6855 0.1449 0.1604 0.0036 0.0054
92 0.5366 0.1367 0.2849 0.0303 0.0118
93 0.4983 0.1417 0.3269 0.0207 0.0124
94 0.3713 0.0359 0.4548 0.1187 0.0192
95 0.5698 0.0759 0.2932 0.0564 0.0049
96 0.3386 0.3386 0.3181 0.0016 0.0032
97 0.4751 0.1416 0.3701 0.0066 0.0067
98 0.2322 0.0351 0.4475 0.2018 0.0834
99 0.4592 0.3257 0.1991 0.0078 0.0082
100 0.5269 0.0432 0.3977 0.0186 0.0138
101 0.3464 0.0495 0.3206 0.2615 0.0218
102 0.4827 0.1935 0.3020 0.0113 0.0107
103 0.4863 0.0493 0.4258 0.0256 0.0131
104 0.4446 0.1197 0.4177 0.0092 0.0089
105 0.2942 0.1134 0.5581 0.0289 0.0055
106 0.3391 0.2207 0.3445 0.0793 0.0164
107 0.3728 0.3938 0.1949 0.0117 0.0268
108 0.5454 0.0656 0.1526 0.2291 0.0074
109 0.5020 0.1832 0.2563 0.0463 0.0121
110 0.5005 0.0657 0.4021 0.0202 0.0114
111 0.7065 0.2329 0.0512 0.0070 0.0026
112 0.2384 0.1017 0.4741 0.1665 0.0191
113 0.5752 0.0715 0.1727 0.1675 0.0130
114 0.7446 0.1688 0.0388 0.0144 0.0332
115 0.7402 0.1614 0.0699 0.0101 0.0185
116 0.3657 0.4695 0.1254 0.0330 0.0063
117 0.6880 0.1686 0.1105 0.0118 0.0213
118 0.4434 0.1270 0.1833 0.0497 0.1967
119 0.7070 0.0942 0.1414 0.0115 0.0459
120 0.4053 0.0188 0.4966 0.0744 0.0051
121 0.7788 0.1522 0.0596 0.0028 0.0065
122 0.2074 0.1360 0.6387 0.0131 0.0047
123 0.6465 0.0503 0.2166 0.0737 0.0129
124 0.5815 0.2502 0.0950 0.0166 0.0567
125 0.5703 0.1205 0.1987 0.0909 0.0194
126 0.7017 0.0806 0.1693 0.0276 0.0210
127 0.3838 0.2942 0.2617 0.0315 0.0289
128 0.7666 0.0526 0.1486 0.0239 0.0086
129 0.7295 0.0806 0.1517 0.0285 0.0099
130 0.3887 0.0697 0.4475 0.0841 0.0100
131 0.6636 0.1470 0.1576 0.0240 0.0078
132 0.5146 0.2798 0.1864 0.0096 0.0095
133 0.3206 0.2659 0.2617 0.0386 0.1134
134 0.5469 0.2771 0.1508 0.0077 0.0174
135 0.4375 0.3516 0.1796 0.0075 0.0239
136 0.2732 0.5518 0.1544 0.0091 0.0115
137 0.3042 0.4939 0.1707 0.0060 0.0254
138 0.5381 0.1591 0.2834 0.0117 0.0080
139 0.2281 0.2817 0.4502 0.0246 0.0153
140 0.5220 0.1643 0.2930 0.0107 0.0099
141 0.5806 0.1855 0.1915 0.0133 0.0289
142 0.3435 0.1926 0.4409 0.0119 0.0110
143 0.3022 0.0517 0.3560 0.2428 0.0474
144 0.5898 0.0354 0.3083 0.0515 0.0147
145 0.5454 0.0829 0.3281 0.0360 0.0076
146 0.5293 0.1412 0.3135 0.0080 0.0082
147 0.6899 0.0603 0.2104 0.0270 0.0123
148 0.3015 0.0418 0.5723 0.0662 0.0184
149 0.4885 0.0869 0.3987 0.0163 0.0096
150 0.4402 0.0901 0.4473 0.0025 0.0200
151 0.3291 0.2583 0.3291 0.0764 0.0069
152 0.6470 0.0298 0.2961 0.0096 0.0178
153 0.4714 0.0770 0.4033 0.0367 0.0115
154 0.4111 0.0324 0.4480 0.0939 0.0146
155 0.4050 0.0454 0.4885 0.0495 0.0113
156 0.2979 0.1213 0.5566 0.0118 0.0124
157 0.3228 0.0925 0.5156 0.0630 0.0062
158 0.6299 0.0546 0.2795 0.0214 0.0149
159 0.2693 0.3921 0.3225 0.0138 0.0024
160 0.5273 0.3052 0.1571 0.0055 0.0049
161 0.7012 0.0878 0.1902 0.0110 0.0097
162 0.3271 0.4685 0.1223 0.0190 0.0629
163 0.4834 0.0568 0.4199 0.0295 0.0104
164 0.7720 0.0429 0.1593 0.0137 0.0123
165 0.3860 0.0340 0.3101 0.2454 0.0245
166 0.3965 0.4058 0.1277 0.0357 0.0344
167 0.5527 0.0302 0.3250 0.0828 0.0092
168 0.7266 0.0565 0.1987 0.0138 0.0042
169 0.4685 0.1417 0.3323 0.0173 0.0403
170 0.3948 0.1055 0.4438 0.0526 0.0032
171 0.5771 0.0463 0.3188 0.0463 0.0112
172 0.5527 0.3625 0.0660 0.0071 0.0117
173 0.3560 0.0154 0.1372 0.4714 0.0201
174 0.0718 0.5264 0.3975 0.0032 0.0012
175 0.6392 0.0757 0.2603 0.0181 0.0064
176 0.4368 0.1166 0.4368 0.0059 0.0041
177 0.2205 0.5903 0.1492 0.0067 0.0335
178 0.2450 0.5435 0.1462 0.0321 0.0331
179 0.6621 0.1187 0.1796 0.0348 0.0047
180 0.2915 0.3357 0.3572 0.0047 0.0108
181 0.3318 0.2996 0.3423 0.0059 0.0206
182 0.3738 0.2549 0.3564 0.0029 0.0120
183 0.3977 0.2864 0.2527 0.0196 0.0436
184 0.4143 0.0565 0.2717 0.2252 0.0324
185 0.5967 0.0443 0.2864 0.0526 0.0203
186 0.5283 0.0918 0.3464 0.0150 0.0182
187 0.6426 0.2478 0.0792 0.0069 0.0236
188 0.2037 0.2830 0.2496 0.2310 0.0327
189 0.2037 0.2830 0.2496 0.2310 0.0327
190 0.3577 0.2274 0.0622 0.2966 0.0562
191 0.4458 0.3472 0.0520 0.0800 0.0751
192 0.4336 0.3650 0.0518 0.0742 0.0753
