time exciting_prob fearful_prob tense_prob sad_prob relaxing_prob
0 0.2037 0.2830 0.2496 0.2310 0.0327
1 0.2661 0.1962 0.3499 0.1602 0.0278
2 0.2822 0.1511 0.3486 0.1738 0.0443
3 0.2208 0.1164 0.4531 0.1904 0.0191
4 0.1724 0.0573 0.3428 0.3945 0.0331
5 0.3313 0.1589 0.4092 0.0684 0.0323
6 0.3293 0.0505 0.4946 0.0974 0.0281
7 0.6265 0.0430 0.2654 0.0410 0.0243
8 0.5439 0.0183 0.3679 0.0526 0.0173
9 0.2881 0.0813 0.6055 0.0146 0.0107
10 0.6260 0.0373 0.2303 0.0902 0.0159
11 0.5972 0.0735 0.2690 0.0490 0.0114
12 0.5640 0.0485 0.2279 0.1019 0.0576
13 0.6436 0.0689 0.2520 0.0197 0.0160
14 0.1014 0.0625 0.2673 0.5400 0.0291
15 0.0833 0.1998 0.3096 0.3792 0.0281
16 0.0712 0.2208 0.3816 0.3018 0.0246
17 0.0221 0.0167 0.9458 0.0131 0.0022
18 0.0357 0.0193 0.8931 0.0452 0.0069
19 0.0333 0.0246 0.9214 0.0166 0.0043
20 0.0377 0.0208 0.8979 0.0388 0.0047
21 0.1071 0.0556 0.8042 0.0201 0.0132
22 0.0842 0.0897 0.7275 0.0598 0.0386
23 0.0565 0.1398 0.7319 0.0461 0.0257
24 0.0451 0.0829 0.8506 0.0153 0.0062
25 0.0974 0.0609 0.8154 0.0219 0.0041
26 0.0684 0.0310 0.8862 0.0121 0.0023
27 0.1001 0.0883 0.7339 0.0616 0.0162
28 0.0734 0.0520 0.7705 0.0864 0.0178
29 0.0475 0.0312 0.8560 0.0611 0.0041
30 0.0748 0.0514 0.8047 0.0543 0.0150
31 0.1997 0.0695 0.4326 0.2109 0.0872
32 0.3208 0.0798 0.3962 0.0380 0.1652
33 0.1501 0.0458 0.6943 0.0303 0.0797
34 0.2054 0.0750 0.5498 0.0404 0.1295
35 0.1559 0.0191 0.6772 0.0875 0.0601
36 0.1191 0.0266 0.7769 0.0439 0.0334
37 0.1114 0.1030 0.2756 0.4270 0.0828
38 0.1105 0.1464 0.1970 0.1418 0.4043
39 0.5596 0.0456 0.1965 0.0390 0.1592
40 0.5430 0.1036 0.2466 0.0264 0.0807
41 0.3752 0.0956 0.3638 0.1414 0.0242
42 0.1943 0.1715 0.3057 0.2698 0.0588
43 0.2627 0.0498 0.6606 0.0163 0.0106
44 0.2136 0.0528 0.7114 0.0016 0.0207
45 0.3411 0.0515 0.5713 0.0030 0.0332
46 0.3245 0.1417 0.5024 0.0035 0.0275
47 0.0461 0.1487 0.5522 0.1440 0.1088
48 0.1266 0.0856 0.3721 0.0607 0.3550
49 0.0689 0.5249 0.3445 0.0585 0.0031
50 0.1045 0.3647 0.4470 0.0789 0.0048
51 0.1644 0.4756 0.2507 0.1028 0.0064
52 0.0886 0.4756 0.3704 0.0624 0.0032
53 0.2578 0.1677 0.5166 0.0357 0.0223
54 0.1230 0.1279 0.6196 0.1202 0.0090
55 0.0593 0.4885 0.1715 0.0704 0.2102
56 0.1553 0.4028 0.2057 0.1627 0.0734
57 0.2400 0.2345 0.4116 0.0192 0.0947
58 0.1372 0.1372 0.6704 0.0050 0.0501
59 0.2435 0.1313 0.4209 0.1355 0.0687
60 0.1321 0.4541 0.3169 0.0665 0.0304
61 0.2603 0.4224 0.2445 0.0628 0.0100
62 0.2930 0.2839 0.1013 0.3069 0.0149
63 0.2556 0.1295 0.5581 0.0253 0.0315
64 0.3171 0.2864 0.3123 0.0309 0.0534
65 0.0542 0.0981 0.4065 0.0653 0.3760
66 0.0892 0.4675 0.4126 0.0281 0.0025
67 0.0707 0.2795 0.4263 0.2078 0.0155
68 0.0955 0.5371 0.3523 0.0107 0.0046
69 0.0580 0.3447 0.4861 0.1068 0.0045
70 0.0538 0.4539 0.3169 0.1261 0.0493
71 0.0404 0.5498 0.2852 0.1066 0.0182
72 0.3914 0.2062 0.2817 0.0193 0.1013
73 0.3669 0.2278 0.3042 0.0690 0.0321
74 0.0901 0.3621 0.4507 0.0930 0.0041
75 0.5571 0.1910 0.1740 0.0237 0.0543
76 0.3164 0.1137 0.2859 0.2544 0.0297
77 0.1035 0.2158 0.4160 0.2261 0.0387
78 0.1538 0.1688 0.3958 0.1326 0.1490
79 0.4600 0.1154 0.1801 0.0603 0.1843
80 0.5137 0.1775 0.1996 0.0633 0.0460
81 0.0740 0.1832 0.4905 0.2013 0.0509
82 0.2969 0.1447 0.2241 0.2539 0.0805
83 0.2466 0.0907 0.2109 0.4001 0.0517
84 0.2800 0.1781 0.2800 0.1633 0.0983
85 0.5342 0.2544 0.1361 0.0043 0.0712
86 0.0702 0.2910 0.5435 0.0155 0.0795
87 0.1569 0.2111 0.2585 0.3479 0.0256
88 0.5610 0.2322 0.1738 0.0094 0.0233
89 0.2737 0.1940 0.4475 0.0413 0.0436
90 0.1541 0.1947 0.2661 0.3525 0.0325
91 0.0324 0.5063 0.2842 0.0916 0.0853
92 0.0196 0.4888 0.4812 0.0056 0.0047
93 0.4609 0.2194 0.1656 0.0521 0.1021
94 0.2003 0.4309 0.3054 0.0259 0.0374
95 0.0256 0.1102 0.6963 0.0886 0.0793
96 0.1949 0.1239 0.4675 0.1542 0.0594
97 0.0961 0.1443 0.3923 0.2695 0.0977
98 0.1242 0.5742 0.2469 0.0279 0.0266
99 0.4475 0.2590 0.2322 0.0204 0.0410
100 0.0838 0.1448 0.3999 0.3584 0.0131
101 0.0732 0.0562 0.2291 0.6230 0.0185
102 0.4385 0.3467 0.1276 0.0480 0.0392
103 0.0842 0.1265 0.4924 0.2849 0.0119
104 0.1744 0.2922 0.3994 0.0919 0.0421
105 0.1580 0.4641 0.3672 0.0053 0.0054
106 0.1414 0.2810 0.4424 0.1101 0.0251
107 0.0380 0.5078 0.3281 0.0856 0.0404
108 0.2190 0.1963 0.2993 0.0627 0.2225
109 0.3645 0.3760 0.1543 0.0859 0.0195
110 0.3621 0.1581 0.3193 0.1096 0.0509
111 0.5234 0.1215 0.1971 0.1409 0.0171
112 0.1777 0.6602 0.1260 0.0334 0.0026
113 0.0954 0.1244 0.3079 0.4016 0.0709
114 0.2979 0.3677 0.2301 0.0108 0.0937
115 0.2825 0.2759 0.4016 0.0245 0.0156
116 0.4709 0.1578 0.3237 0.0093 0.0381
117 0.0701 0.7026 0.2076 0.0108 0.0087
118 0.0594 0.4714 0.2484 0.1309 0.0900
119 0.3015 0.3311 0.2788 0.0229 0.0657
120 0.2483 0.2996 0.3315 0.0456 0.0751
121 0.0381 0.4495 0.2123 0.2947 0.0056
122 0.0629 0.7261 0.1895 0.0160 0.0054
123 0.0482 0.1069 0.4431 0.3789 0.0229
124 0.1935 0.5098 0.2389 0.0406 0.0176
125 0.0469 0.3181 0.3718 0.2119 0.0511
126 0.0419 0.2229 0.4297 0.2527 0.0529
127 0.1238 0.1815 0.4673 0.1859 0.0415
128 0.2527 0.1395 0.4133 0.1364 0.0582
129 0.0592 0.1420 0.5615 0.2198 0.0176
130 0.0267 0.3059 0.5371 0.0727 0.0575
131 0.1608 0.3948 0.3650 0.0309 0.0486
132 0.3616 0.1965 0.0958 0.3396 0.0066
133 0.4871 0.3145 0.0807 0.1104 0.0075
134 0.2456 0.3894 0.2004 0.0548 0.1098
135 0.1439 0.4829 0.1342 0.2211 0.0179
136 0.2671 0.1157 0.3171 0.2249 0.0753
137 0.2935 0.2113 0.3623 0.0724 0.0605
138 0.0731 0.2781 0.5195 0.0924 0.0370
139 0.0656 0.1675 0.5669 0.1624 0.0377
140 0.1715 0.1854 0.3105 0.1742 0.1586
141 0.0721 0.0926 0.2766 0.5249 0.0341
142 0.1351 0.1951 0.5303 0.1138 0.0256
143 0.0561 0.2595 0.5322 0.0616 0.0904
144 0.0927 0.1119 0.3042 0.4424 0.0489
145 0.2054 0.0431 0.2023 0.5005 0.0488
146 0.0682 0.1399 0.5532 0.1090 0.1294
147 0.4055 0.1786 0.3362 0.0305 0.0492
148 0.5288 0.2384 0.1552 0.0380 0.0395
149 0.3186 0.0995 0.4783 0.0711 0.0326
150 0.1509 0.0564 0.7666 0.0135 0.0128
151 0.5283 0.1663 0.1650 0.0346 0.1057
152 0.0600 0.1556 0.5435 0.2264 0.0145
153 0.4253 0.0694 0.2900 0.1917 0.0238
154 0.4048 0.1561 0.2615 0.0984 0.0791
155 0.2250 0.3623 0.3540 0.0257 0.0329
156 0.2837 0.4094 0.1831 0.0358 0.0879
157 0.3103 0.2341 0.2937 0.0687 0.0931
158 0.3994 0.3040 0.2423 0.0172 0.0372
159 0.1896 0.1971 0.4766 0.0961 0.0407
160 0.1365 0.1150 0.5840 0.1031 0.0616
161 0.2517 0.2678 0.3718 0.0792 0.0294
162 0.1344 0.3682 0.3101 0.1536 0.0337
163 0.2051 0.3103 0.1987 0.2695 0.0164
164 0.0640 0.2654 0.3408 0.2573 0.0726
165 0.3423 0.2688 0.3318 0.0336 0.0235
166 0.0682 0.8369 0.0869 0.0042 0.0039
167 0.1436 0.2241 0.5815 0.0346 0.0161
168 0.3638 0.4709 0.1219 0.0202 0.0233
169 0.1818 0.0943 0.4329 0.1472 0.1438
170 0.1202 0.1230 0.3560 0.3616 0.0393
171 0.1210 0.3315 0.1788 0.3611 0.0076
172 0.1135 0.6187 0.2441 0.0144 0.0093
173 0.1686 0.1097 0.5977 0.0665 0.0574
174 0.2634 0.2418 0.1783 0.2805 0.0359
175 0.3696 0.3997 0.1415 0.0722 0.0169
176 0.1265 0.6523 0.1549 0.0451 0.0213
177 0.0499 0.7271 0.1206 0.0869 0.0154
178 0.0865 0.2625 0.4980 0.1461 0.0069
179 0.1185 0.6509 0.1864 0.0226 0.0217
180 0.2130 0.5610 0.2017 0.0135 0.0106
181 0.1613 0.5669 0.2152 0.0377 0.0188
182 0.2607 0.3193 0.2585 0.0482 0.1130
183 0.2959 0.2803 0.3625 0.0450 0.0163
184 0.1808 0.5698 0.2267 0.0143 0.0083
185 0.1866 0.2673 0.3770 0.1234 0.0457
186 0.3101 0.2959 0.1635 0.1409 0.0895
187 0.2336 0.0605 0.5825 0.0997 0.0235
188 0.2896 0.4116 0.2457 0.0417 0.0113
189 0.1090 0.2020 0.5000 0.1825 0.0063
190 0.2739 0.4624 0.1410 0.0626 0.0602
191 0.3804 0.2698 0.2052 0.1142 0.0307
192 0.2477 0.4485 0.2827 0.0133 0.0077
193 0.2257 0.6187 0.1359 0.0136 0.0063
194 0.2898 0.4490 0.1857 0.0402 0.0352
195 0.1753 0.4204 0.3828 0.0158 0.0055
196 0.1627 0.4526 0.3286 0.0470 0.0091
197 0.1134 0.3132 0.3777 0.1422 0.0536
198 0.2749 0.2091 0.3999 0.0728 0.0435
199 0.3267 0.2334 0.3372 0.0638 0.0390
200 0.0711 0.3367 0.5381 0.0449 0.0092
201 0.1168 0.2341 0.5977 0.0436 0.0075
202 0.2578 0.4219 0.2539 0.0414 0.0247
203 0.1038 0.5029 0.3198 0.0640 0.0092
204 0.1655 0.1567 0.6396 0.0226 0.0158
205 0.4531 0.1707 0.3289 0.0316 0.0159
206 0.4214 0.1008 0.4414 0.0112 0.0251
207 0.2389 0.1329 0.4033 0.1630 0.0619
208 0.2388 0.2369 0.3757 0.0935 0.0550
209 0.1764 0.0591 0.1683 0.5435 0.0529
210 0.1207 0.0688 0.3777 0.4148 0.0182
211 0.0326 0.3022 0.4905 0.1593 0.0153
212 0.0787 0.1947 0.3110 0.3694 0.0462
213 0.1659 0.4106 0.3711 0.0282 0.0241
214 0.0900 0.1164 0.4062 0.3643 0.0233
215 0.1354 0.0784 0.6362 0.0861 0.0640
216 0.3738 0.3857 0.1396 0.0809 0.0198
217 0.2827 0.2006 0.1729 0.3281 0.0157
218 0.0964 0.1415 0.6855 0.0512 0.0256
219 0.1554 0.1844 0.3726 0.2242 0.0632
220 0.0316 0.0538 0.0600 0.1121 0.7427
221 0.0865 0.3906 0.4358 0.0311 0.0558
222 0.2350 0.3726 0.3528 0.0299 0.0098
223 0.1411 0.1599 0.5669 0.1116 0.0205
224 0.0601 0.2756 0.2756 0.3538 0.0350
225 0.1343 0.2113 0.3223 0.2844 0.0479
226 0.2651 0.4917 0.1243 0.0720 0.0468
227 0.3162 0.4155 0.1888 0.0431 0.0363
228 0.0532 0.3777 0.5161 0.0349 0.0181
229 0.3665 0.3337 0.1772 0.0118 0.1109
230 0.0685 0.4368 0.2954 0.0880 0.1113
231 0.2930 0.1892 0.3320 0.1104 0.0753
232 0.2295 0.2878 0.4221 0.0493 0.0111
233 0.2314 0.2622 0.4324 0.0609 0.0131
234 0.1971 0.2166 0.2959 0.2234 0.0671
235 0.0490 0.1710 0.5693 0.1923 0.0182
236 0.0544 0.2170 0.5898 0.0956 0.0431
237 0.1669 0.4197 0.1696 0.2354 0.0084
238 0.1479 0.6084 0.2007 0.0291 0.0135
239 0.2286 0.4690 0.2216 0.0440 0.0367
240 0.3267 0.3911 0.1951 0.0493 0.0378
241 0.4463 0.0958 0.3091 0.0706 0.0782
242 0.1202 0.1669 0.3940 0.2666 0.0525
243 0.1986 0.5273 0.2017 0.0615 0.0110
244 0.2310 0.0662 0.3108 0.3750 0.0171
245 0.2384 0.2104 0.3184 0.1758 0.0571
246 0.2634 0.4080 0.2781 0.0312 0.0194
247 0.4092 0.3113 0.2295 0.0318 0.0181
248 0.3188 0.3530 0.2371 0.0306 0.0604
249 0.4543 0.2357 0.2693 0.0247 0.0159
250 0.2661 0.2258 0.4744 0.0172 0.0164
251 0.2494 0.0720 0.6470 0.0126 0.0191
252 0.2869 0.1224 0.5615 0.0156 0.0135
253 0.1808 0.0342 0.7612 0.0105 0.0135
254 0.3621 0.1953 0.3564 0.0747 0.0115
255 0.2542 0.2314 0.3938 0.1094 0.0112
256 0.3987 0.3154 0.2593 0.0203 0.0063
257 0.3604 0.1975 0.4082 0.0210 0.0129
258 0.4241 0.1224 0.4307 0.0158 0.0071
259 0.1904 0.0900 0.6968 0.0040 0.0189
260 0.2646 0.0614 0.6450 0.0135 0.0156
261 0.4683 0.0873 0.4067 0.0173 0.0204
262 0.2500 0.0885 0.6191 0.0369 0.0056
263 0.2935 0.0888 0.4993 0.0822 0.0362
264 0.1262 0.0953 0.6719 0.0822 0.0243
265 0.2450 0.0808 0.4724 0.1969 0.0049
266 0.5186 0.2095 0.2507 0.0183 0.0030
267 0.5356 0.0286 0.3982 0.0329 0.0044
268 0.4197 0.0509 0.5063 0.0207 0.0025
269 0.2942 0.0636 0.5327 0.1066 0.0030
270 0.5142 0.1290 0.3169 0.0370 0.0030
271 0.6357 0.0802 0.2800 0.0029 0.0011
272 0.6753 0.0845 0.2334 0.0042 0.0025
273 0.5239 0.0495 0.4209 0.0044 0.0013
274 0.3201 0.0815 0.5796 0.0168 0.0023
275 0.2228 0.0501 0.7080 0.0170 0.0023
276 0.4834 0.0713 0.4333 0.0097 0.0021
277 0.3323 0.0707 0.5566 0.0370 0.0035
278 0.5254 0.0689 0.3813 0.0215 0.0027
279 0.3843 0.0512 0.5376 0.0234 0.0037
280 0.5117 0.0465 0.3984 0.0354 0.0083
281 0.5732 0.0674 0.2371 0.0928 0.0294
282 0.6318 0.0476 0.2698 0.0263 0.0243
283 0.4846 0.0671 0.3438 0.0933 0.0111
284 0.6479 0.0469 0.2240 0.0333 0.0477
285 0.5938 0.0507 0.2761 0.0330 0.0468
286 0.5000 0.0602 0.3601 0.0343 0.0454
287 0.2917 0.0798 0.3745 0.0798 0.1742
288 0.2759 0.0720 0.4731 0.0602 0.1187
289 0.3088 0.1229 0.3186 0.1267 0.1229
290 0.1967 0.1484 0.4644 0.0900 0.1005
291 0.2262 0.1904 0.4126 0.1094 0.0613
292 0.3733 0.1581 0.3455 0.0853 0.0378
