time exciting_prob fearful_prob tense_prob sad_prob relaxing_prob
0 0.2037 0.2830 0.2496 0.2310 0.0327
1 0.6084 0.0421 0.0210 0.3257 0.0028
2 0.5356 0.1453 0.1105 0.1909 0.0178
3 0.4419 0.3579 0.1886 0.0074 0.0042
4 0.6958 0.2747 0.0181 0.0052 0.0061
5 0.2324 0.2939 0.2676 0.1958 0.0104
6 0.4878 0.2913 0.2050 0.0103 0.0055
7 0.0947 0.2534 0.2656 0.3804 0.0058
8 0.1774 0.4600 0.3064 0.0445 0.0119
9 0.1265 0.4553 0.3154 0.0671 0.0359
10 0.6196 0.2446 0.0921 0.0288 0.0147
11 0.1262 0.6821 0.1738 0.0050 0.0127
12 0.3708 0.3887 0.1711 0.0629 0.0065
13 0.6841 0.2070 0.0830 0.0188 0.0068
14 0.2262 0.4980 0.2371 0.0306 0.0082
15 0.0865 0.4675 0.3315 0.0349 0.0793
16 0.1232 0.3647 0.4265 0.0724 0.0132
17 0.2272 0.3105 0.2917 0.1537 0.0167
18 0.0918 0.5938 0.2805 0.0300 0.0040
19 0.1835 0.4988 0.2356 0.0605 0.0217
20 0.6855 0.2522 0.0478 0.0083 0.0060
21 0.4902 0.4226 0.0690 0.0110 0.0072
22 0.1398 0.6216 0.1754 0.0092 0.0539
23 0.2076 0.5688 0.1086 0.1069 0.0079
24 0.0993 0.1207 0.2438 0.4773 0.0588
25 0.0862 0.2917 0.4246 0.1943 0.0030
26 0.1923 0.1779 0.5146 0.0945 0.0208
27 0.0208 0.5801 0.3689 0.0291 0.0009
28 0.1354 0.4690 0.3325 0.0543 0.0088
29 0.1544 0.4199 0.3704 0.0464 0.0089
30 0.2003 0.0772 0.1313 0.5796 0.0116
31 0.1309 0.3396 0.2227 0.3044 0.0026
32 0.1241 0.5435 0.2649 0.0555 0.0123
33 0.0669 0.3093 0.5967 0.0209 0.0063
34 0.0367 0.3396 0.5688 0.0533 0.0016
35 0.0571 0.1481 0.5591 0.2330 0.0027
36 0.4163 0.2666 0.2666 0.0347 0.0159
37 0.1289 0.1372 0.4500 0.2563 0.0277
38 0.3792 0.3269 0.1462 0.0729 0.0747
39 0.5381 0.1846 0.1494 0.1201 0.0079
40 0.2169 0.1914 0.2874 0.2786 0.0259
41 0.2368 0.1101 0.1963 0.4355 0.0212
42 0.1299 0.7026 0.1331 0.0323 0.0023
43 0.1406 0.2393 0.2430 0.3591 0.0179
44 0.0915 0.2932 0.5146 0.0915 0.0094
45 0.0651 0.1466 0.3054 0.4731 0.0098
46 0.5044 0.2222 0.0780 0.0837 0.1117
47 0.1403 0.2294 0.1829 0.3843 0.0632
48 0.1505 0.2725 0.3262 0.2041 0.0470
49 0.0750 0.0203 0.4966 0.3989 0.0091
50 0.1078 0.4646 0.3506 0.0573 0.0198
51 0.1488 0.3950 0.2002 0.2216 0.0345
52 0.0331 0.2688 0.4792 0.2159 0.0030
53 0.0435 0.0680 0.3345 0.5430 0.0108
54 0.0733 0.1190 0.3721 0.4153 0.0204
55 0.0203 0.1644 0.6504 0.1644 0.0006
56 0.0268 0.0839 0.2075 0.6807 0.0014
57 0.2090 0.3394 0.2856 0.1505 0.0154
58 0.0746 0.2246 0.5825 0.1174 0.0007
59 0.1807 0.1251 0.3123 0.3594 0.0226
60 0.4419 0.1744 0.3496 0.0257 0.0084
61 0.5874 0.0643 0.2527 0.0814 0.0145
62 0.2556 0.2188 0.3132 0.2087 0.0035
63 0.0885 0.1680 0.2295 0.4709 0.0431
64 0.1212 0.2264 0.2264 0.3677 0.0582
65 0.5298 0.2727 0.0886 0.0512 0.0576
66 0.7163 0.1478 0.0414 0.0773 0.0171
67 0.4783 0.3997 0.1093 0.0060 0.0070
68 0.4736 0.3926 0.1179 0.0035 0.0124
69 0.0224 0.2107 0.7354 0.0311 0.0004
70 0.4690 0.4270 0.0828 0.0192 0.0022
71 0.1138 0.0701 0.2448 0.5605 0.0109
72 0.1063 0.3027 0.4546 0.1014 0.0348
73 0.0518 0.3298 0.4233 0.1879 0.0072
74 0.0538 0.5347 0.3242 0.0866 0.0009
75 0.1930 0.2920 0.4666 0.0371 0.0112
76 0.2028 0.0900 0.1846 0.5020 0.0210
77 0.4653 0.0815 0.0692 0.3796 0.0045
78 0.3677 0.0490 0.2588 0.2886 0.0359
79 0.1427 0.0813 0.2142 0.5303 0.0313
80 0.0972 0.3447 0.3906 0.1654 0.0020
81 0.1808 0.5566 0.2590 0.0018 0.0017
82 0.3970 0.3906 0.0775 0.1220 0.0129
83 0.4646 0.2505 0.1907 0.0782 0.0160
84 0.1852 0.1252 0.1713 0.5112 0.0072
85 0.0349 0.0408 0.4739 0.4453 0.0051
86 0.4241 0.3201 0.1399 0.1097 0.0062
87 0.1088 0.1022 0.1105 0.6768 0.0016
88 0.1758 0.1600 0.2222 0.4351 0.0068
89 0.2183 0.3030 0.3225 0.1477 0.0084
90 0.0204 0.2178 0.3320 0.4263 0.0034
91 0.0677 0.1049 0.2328 0.5854 0.0092
92 0.0687 0.1675 0.2849 0.4771 0.0018
93 0.0526 0.2145 0.2507 0.4758 0.0065
94 0.0299 0.3159 0.4971 0.1565 0.0006
95 0.2126 0.1617 0.3118 0.2666 0.0471
96 0.1490 0.0612 0.1855 0.5898 0.0145
97 0.3130 0.0213 0.0911 0.5581 0.0163
98 0.3103 0.4307 0.1215 0.1263 0.0113
99 0.0518 0.2114 0.6719 0.0625 0.0021
100 0.0331 0.3474 0.5771 0.0415 0.0006
101 0.0323 0.5874 0.1907 0.1876 0.0022
102 0.2483 0.1309 0.2644 0.3291 0.0274
103 0.1086 0.2195 0.4792 0.1709 0.0217
104 0.0566 0.2439 0.6230 0.0688 0.0078
105 0.3840 0.3723 0.2223 0.0184 0.0029
106 0.2365 0.2136 0.3521 0.1870 0.0108
107 0.4966 0.1960 0.1326 0.0955 0.0792
108 0.2064 0.4170 0.1909 0.0975 0.0881
109 0.1174 0.6807 0.1086 0.0653 0.0279
110 0.0475 0.4917 0.3596 0.0692 0.0319
111 0.0205 0.7446 0.1687 0.0583 0.0080
112 0.0602 0.2456 0.3154 0.3745 0.0043
113 0.0194 0.3782 0.3723 0.2294 0.0010
114 0.0414 0.1492 0.5630 0.2421 0.0046
115 0.4924 0.2053 0.2496 0.0392 0.0133
116 0.0256 0.2954 0.6455 0.0329 0.0005
117 0.0814 0.4868 0.4231 0.0082 0.0005
118 0.1915 0.2539 0.5205 0.0318 0.0021
119 0.1034 0.0956 0.2900 0.5088 0.0023
120 0.1453 0.0821 0.1185 0.5928 0.0615
121 0.2617 0.0756 0.2498 0.3577 0.0553
122 0.1362 0.0718 0.3069 0.4465 0.0384
123 0.3789 0.2859 0.2158 0.0921 0.0272
124 0.3352 0.1794 0.4014 0.0650 0.0189
125 0.1042 0.0338 0.3208 0.5127 0.0283
126 0.2336 0.1147 0.5308 0.0814 0.0396
127 0.3232 0.2421 0.3992 0.0135 0.0220
128 0.1155 0.1760 0.4675 0.2208 0.0202
129 0.0681 0.1334 0.2065 0.5527 0.0391
130 0.0630 0.2288 0.1957 0.4622 0.0503
131 0.2681 0.2810 0.3442 0.0363 0.0705
132 0.1952 0.1982 0.4297 0.0795 0.0974
133 0.0286 0.1312 0.3567 0.4797 0.0038
134 0.0629 0.2976 0.6299 0.0093 0.0003
135 0.0165 0.7573 0.1637 0.0540 0.0086
136 0.0468 0.2213 0.1984 0.5308 0.0027
137 0.2976 0.5059 0.1461 0.0432 0.0071
138 0.0300 0.3860 0.5195 0.0640 0.0003
139 0.0177 0.2939 0.4553 0.2325 0.0003
140 0.0840 0.1644 0.2078 0.5308 0.0132
141 0.0897 0.1757 0.1991 0.5327 0.0027
142 0.1429 0.1498 0.2162 0.4722 0.0189
143 0.1149 0.0697 0.3826 0.4202 0.0127
144 0.0218 0.2810 0.1083 0.5854 0.0033
145 0.0087 0.4822 0.2107 0.2971 0.0012
146 0.2458 0.2238 0.3257 0.1975 0.0073
147 0.0712 0.6147 0.2191 0.0806 0.0146
148 0.0660 0.4614 0.1223 0.3430 0.0074
149 0.0126 0.5859 0.3442 0.0571 0.0002
150 0.0145 0.5615 0.1823 0.2415 0.0003
151 0.0809 0.1768 0.4880 0.2269 0.0275
152 0.0604 0.3396 0.4500 0.1484 0.0015
153 0.0139 0.2043 0.4978 0.2837 0.0002
154 0.0239 0.2230 0.4795 0.2732 0.0005
155 0.3250 0.1660 0.2360 0.2396 0.0334
156 0.0594 0.3965 0.5093 0.0341 0.0010
157 0.5400 0.2233 0.1293 0.0748 0.0327
158 0.3669 0.4094 0.1667 0.0554 0.0016
159 0.0934 0.3667 0.3445 0.1589 0.0366
160 0.2324 0.3684 0.3008 0.0842 0.0142
161 0.2764 0.1901 0.1664 0.3494 0.0177
162 0.2312 0.2969 0.1425 0.3110 0.0184
163 0.2367 0.5010 0.1759 0.0705 0.0159
164 0.0698 0.2400 0.2118 0.3835 0.0947
165 0.0564 0.2629 0.3484 0.2080 0.1242
166 0.2084 0.1989 0.3774 0.2117 0.0037
167 0.2323 0.2396 0.4014 0.1243 0.0025
168 0.3950 0.1896 0.3125 0.0881 0.0147
169 0.1827 0.3440 0.3232 0.0274 0.1227
170 0.4871 0.1053 0.2566 0.1462 0.0048
171 0.2581 0.3875 0.2313 0.1172 0.0061
172 0.0734 0.4292 0.1681 0.3091 0.0201
173 0.2808 0.2576 0.1025 0.1017 0.2576
174 0.0270 0.4121 0.5127 0.0477 0.0003
175 0.1394 0.1183 0.0880 0.6348 0.0196
176 0.1744 0.1296 0.5371 0.1412 0.0174
177 0.3008 0.1572 0.3713 0.1477 0.0228
178 0.1132 0.5112 0.3149 0.0587 0.0021
179 0.0248 0.6602 0.2710 0.0435 0.0002
180 0.1221 0.2974 0.4607 0.1183 0.0015
181 0.0372 0.1705 0.6436 0.1482 0.0006
182 0.4438 0.2935 0.1685 0.0861 0.0081
183 0.0428 0.2316 0.3643 0.3477 0.0136
184 0.0731 0.2551 0.5933 0.0725 0.0062
185 0.0801 0.3882 0.5063 0.0246 0.0007
186 0.1193 0.6548 0.1804 0.0419 0.0036
187 0.0461 0.6665 0.2822 0.0029 0.0026
188 0.1544 0.5103 0.3169 0.0068 0.0115
189 0.1132 0.2147 0.1986 0.3828 0.0909
190 0.0389 0.1564 0.2205 0.5811 0.0034
191 0.3350 0.2734 0.3098 0.0719 0.0100
192 0.1327 0.1493 0.3135 0.3235 0.0811
193 0.0640 0.5322 0.3381 0.0616 0.0041
194 0.1434 0.2876 0.5371 0.0298 0.0020
195 0.0607 0.5630 0.3108 0.0566 0.0090
196 0.0494 0.7266 0.2048 0.0122 0.0072
197 0.5889 0.1741 0.0548 0.0925 0.0896
198 0.0774 0.0948 0.1161 0.5044 0.2070
199 0.0604 0.0323 0.0706 0.8335 0.0032
200 0.1536 0.3433 0.3542 0.1420 0.0068
201 0.2083 0.2397 0.3381 0.2051 0.0090
202 0.6978 0.2046 0.0573 0.0297 0.0108
203 0.0831 0.2225 0.2812 0.3845 0.0285
204 0.0911 0.0527 0.1676 0.6626 0.0259
205 0.1351 0.1804 0.1920 0.3318 0.1605
206 0.0731 0.2253 0.4844 0.1838 0.0332
207 0.0620 0.0601 0.2196 0.6357 0.0228
208 0.0844 0.1084 0.2313 0.5547 0.0210
209 0.2303 0.4546 0.1431 0.0731 0.0991
210 0.0953 0.4805 0.3569 0.0423 0.0249
211 0.1927 0.4885 0.1812 0.1235 0.0141
212 0.1316 0.3013 0.4595 0.1033 0.0042
213 0.2264 0.2487 0.3398 0.1791 0.0059
214 0.4202 0.2935 0.2432 0.0332 0.0100
215 0.3054 0.4880 0.1635 0.0337 0.0096
216 0.2659 0.3867 0.1337 0.0099 0.2039
217 0.1912 0.1560 0.2417 0.3462 0.0651
218 0.0836 0.1039 0.1008 0.6079 0.1039
219 0.0986 0.1208 0.2155 0.4026 0.1626
220 0.0979 0.1277 0.2277 0.3694 0.1772
221 0.0989 0.1270 0.2335 0.3616 0.1791
222 0.0841 0.1150 0.0895 0.5747 0.1365
