time exciting_prob fearful_prob tense_prob sad_prob relaxing_prob
0 0.8726 0.0098 0.0459 0.0242 0.0474
1 0.4822 0.0240 0.1182 0.2834 0.0920
2 0.6323 0.0141 0.0850 0.0955 0.1730
3 0.7744 0.0086 0.0424 0.0876 0.0869
4 0.3171 0.0324 0.1522 0.4404 0.0578
5 0.3938 0.0613 0.1210 0.3020 0.1220
6 0.7710 0.1949 0.0071 0.0025 0.0246
7 0.6919 0.2688 0.0149 0.0015 0.0231
8 0.7969 0.1544 0.0062 0.0044 0.0381
9 0.8286 0.0873 0.0203 0.0094 0.0546
10 0.3352 0.0475 0.2305 0.3406 0.0461
11 0.4119 0.0727 0.2365 0.0704 0.2086
12 0.6890 0.0069 0.1284 0.0401 0.1356
13 0.7563 0.0118 0.1263 0.0651 0.0404
14 0.4214 0.0065 0.1538 0.3494 0.0688
15 0.1737 0.1364 0.4265 0.1969 0.0665
16 0.2747 0.2349 0.1978 0.0979 0.1947
17 0.5010 0.1842 0.1744 0.0667 0.0739
18 0.2426 0.0942 0.2834 0.2771 0.1027
19 0.6509 0.0731 0.1312 0.0960 0.0486
20 0.3689 0.1991 0.3777 0.0074 0.0469
21 0.0945 0.4370 0.3457 0.0719 0.0510
22 0.1565 0.2106 0.2295 0.2330 0.1705
23 0.2764 0.1870 0.5122 0.0131 0.0110
24 0.2627 0.1439 0.4685 0.0930 0.0319
25 0.1881 0.2341 0.5317 0.0213 0.0245
26 0.2515 0.2964 0.4346 0.0053 0.0121
27 0.1909 0.3101 0.4800 0.0083 0.0107
28 0.1181 0.2900 0.5591 0.0151 0.0176
29 0.2117 0.1942 0.5117 0.0303 0.0523
30 0.3657 0.1179 0.1868 0.1782 0.1512
31 0.4980 0.1543 0.1818 0.0409 0.1249
32 0.1660 0.0539 0.7500 0.0267 0.0035
33 0.2412 0.1176 0.5308 0.0998 0.0105
34 0.4294 0.1094 0.2390 0.1362 0.0859
35 0.5791 0.1214 0.1465 0.1123 0.0407
36 0.1803 0.2583 0.5386 0.0101 0.0130
37 0.4092 0.2242 0.2747 0.0489 0.0431
38 0.1393 0.3018 0.5381 0.0080 0.0127
39 0.2727 0.3188 0.3643 0.0163 0.0279
40 0.5298 0.1119 0.2208 0.0545 0.0831
41 0.3357 0.2101 0.3687 0.0083 0.0773
42 0.6338 0.1393 0.1506 0.0668 0.0094
43 0.4971 0.2480 0.1414 0.0657 0.0477
44 0.3135 0.1370 0.3286 0.1917 0.0292
45 0.2676 0.1274 0.4810 0.1049 0.0191
46 0.3130 0.1152 0.3987 0.1444 0.0287
47 0.0467 0.1339 0.7412 0.0366 0.0415
48 0.2162 0.2507 0.2886 0.1710 0.0735
49 0.2739 0.2324 0.1225 0.3032 0.0682
50 0.2861 0.1790 0.3450 0.1555 0.0344
51 0.3862 0.2435 0.2167 0.1169 0.0368
52 0.4409 0.1007 0.2825 0.1500 0.0259
53 0.2527 0.0974 0.1384 0.4910 0.0204
54 0.6196 0.0886 0.1965 0.0782 0.0169
55 0.3494 0.2678 0.2617 0.1074 0.0134
56 0.3044 0.0299 0.5640 0.0035 0.0980
57 0.2983 0.1015 0.1123 0.4341 0.0539
58 0.1798 0.0484 0.2136 0.5454 0.0128
59 0.5249 0.1199 0.2292 0.0824 0.0438
60 0.4553 0.1715 0.2476 0.0602 0.0656
61 0.5938 0.1782 0.1455 0.0661 0.0164
62 0.4143 0.2493 0.1768 0.1293 0.0305
63 0.1432 0.3894 0.2593 0.1958 0.0122
64 0.4209 0.2133 0.2416 0.1056 0.0188
65 0.2374 0.0403 0.1498 0.3975 0.1750
66 0.3281 0.3010 0.1650 0.1057 0.1001
67 0.2330 0.1425 0.3391 0.0508 0.2349
68 0.1434 0.3606 0.3059 0.1689 0.0211
69 0.5537 0.1274 0.2419 0.0602 0.0167
70 0.2220 0.2152 0.1316 0.4180 0.0132
71 0.3367 0.5298 0.0524 0.0369 0.0445
72 0.6001 0.1577 0.0589 0.1298 0.0536
73 0.5420 0.1830 0.1172 0.1267 0.0313
74 0.2932 0.0397 0.1984 0.4199 0.0490
75 0.3550 0.0451 0.1664 0.2944 0.1390
76 0.2457 0.1899 0.2382 0.3157 0.0106
77 0.3789 0.1506 0.1438 0.3044 0.0224
78 0.2433 0.3979 0.1292 0.1986 0.0309
79 0.6050 0.0590 0.0412 0.2444 0.0504
80 0.6108 0.1078 0.0730 0.1792 0.0290
81 0.5620 0.0925 0.2717 0.0569 0.0170
82 0.5117 0.0772 0.3684 0.0317 0.0111
83 0.1658 0.0587 0.6304 0.1281 0.0169
84 0.2057 0.1042 0.4973 0.1528 0.0399
85 0.5806 0.1691 0.1758 0.0434 0.0310
86 0.3711 0.2433 0.2216 0.1132 0.0510
87 0.3149 0.0660 0.3030 0.2937 0.0225
88 0.5503 0.1172 0.1528 0.1565 0.0233
89 0.5127 0.0473 0.1731 0.2559 0.0112
90 0.0679 0.1553 0.7524 0.0172 0.0071
91 0.2798 0.1332 0.5024 0.0624 0.0221
92 0.2520 0.1190 0.4153 0.1992 0.0148
93 0.4214 0.1422 0.3960 0.0217 0.0188
94 0.1137 0.3420 0.1681 0.3586 0.0176
95 0.1181 0.4319 0.2944 0.1127 0.0428
96 0.2240 0.1718 0.5859 0.0093 0.0091
97 0.2493 0.2937 0.4175 0.0167 0.0228
98 0.2720 0.3601 0.3279 0.0056 0.0343
99 0.3640 0.1136 0.4636 0.0255 0.0333
100 0.2754 0.2080 0.4836 0.0143 0.0188
101 0.1874 0.4126 0.3340 0.0604 0.0057
102 0.3650 0.1185 0.3916 0.0808 0.0443
103 0.4739 0.0891 0.3083 0.0850 0.0437
104 0.6304 0.1013 0.1779 0.0426 0.0479
105 0.5298 0.1201 0.3315 0.0104 0.0085
106 0.3589 0.2142 0.3191 0.0696 0.0381
107 0.3745 0.1599 0.3604 0.0715 0.0338
108 0.4785 0.1219 0.3113 0.0689 0.0193
109 0.4998 0.1031 0.3330 0.0368 0.0273
110 0.3645 0.1069 0.3450 0.1776 0.0059
111 0.2157 0.0576 0.6748 0.0452 0.0067
112 0.3440 0.1226 0.4021 0.1057 0.0255
113 0.3982 0.0803 0.1740 0.2866 0.0610
114 0.6470 0.0606 0.1572 0.1263 0.0090
115 0.4844 0.1572 0.1700 0.1796 0.0089
116 0.4006 0.1428 0.2079 0.2266 0.0221
117 0.5303 0.0966 0.3140 0.0179 0.0415
118 0.3252 0.1713 0.2166 0.2269 0.0601
119 0.3601 0.0810 0.2698 0.2101 0.0791
120 0.3689 0.1108 0.4053 0.0963 0.0187
121 0.4202 0.1223 0.4009 0.0104 0.0464
122 0.3445 0.2368 0.2539 0.0613 0.1035
123 0.5767 0.1470 0.1652 0.0756 0.0357
124 0.3608 0.0405 0.1017 0.4856 0.0115
125 0.5894 0.1284 0.1715 0.0333 0.0773
126 0.5869 0.1372 0.1484 0.0449 0.0826
127 0.4536 0.2280 0.1416 0.0764 0.1004
128 0.5542 0.1691 0.2402 0.0121 0.0244
129 0.3950 0.0291 0.1158 0.0620 0.3982
130 0.3918 0.4043 0.0353 0.1292 0.0394
131 0.4155 0.1425 0.2349 0.1505 0.0567
132 0.2598 0.3086 0.3416 0.0768 0.0131
133 0.4824 0.1259 0.1831 0.1775 0.0311
134 0.4443 0.1635 0.0903 0.0822 0.2200
135 0.5288 0.0891 0.1227 0.1871 0.0721
136 0.5034 0.1583 0.2822 0.0359 0.0201
137 0.1851 0.3652 0.2715 0.1659 0.0124
138 0.5366 0.1575 0.1550 0.1357 0.0150
139 0.5322 0.1245 0.1742 0.1561 0.0129
140 0.8394 0.0858 0.0215 0.0466 0.0066
141 0.3706 0.2063 0.2864 0.0982 0.0385
142 0.3501 0.2581 0.1641 0.1201 0.1076
143 0.2362 0.1048 0.5366 0.1073 0.0152
144 0.1537 0.0626 0.5625 0.2069 0.0144
145 0.2235 0.3303 0.2379 0.1958 0.0123
146 0.6514 0.1334 0.1674 0.0373 0.0105
147 0.3169 0.2078 0.4165 0.0387 0.0202
148 0.4297 0.1936 0.2930 0.0179 0.0659
149 0.3027 0.1646 0.2267 0.2910 0.0150
150 0.7026 0.1012 0.1012 0.0752 0.0199
151 0.3752 0.1719 0.1932 0.2224 0.0372
152 0.4050 0.2676 0.1812 0.0726 0.0737
153 0.3137 0.0627 0.1414 0.4783 0.0040
154 0.4526 0.1075 0.0733 0.3472 0.0193
155 0.2578 0.1638 0.4702 0.0926 0.0156
156 0.2788 0.2600 0.1947 0.2223 0.0441
157 0.4011 0.0530 0.2778 0.2163 0.0518
158 0.5454 0.1390 0.2421 0.0652 0.0081
159 0.5728 0.0958 0.1460 0.1415 0.0438
160 0.4114 0.1561 0.3689 0.0401 0.0236
161 0.5630 0.0549 0.2852 0.0589 0.0383
162 0.3496 0.0338 0.4741 0.1091 0.0335
163 0.2686 0.0609 0.5220 0.1270 0.0217
164 0.8003 0.0229 0.0240 0.1412 0.0119
165 0.7065 0.0878 0.0627 0.1307 0.0120
166 0.3350 0.1396 0.3706 0.1282 0.0266
167 0.5537 0.0561 0.1715 0.1797 0.0392
168 0.4634 0.0818 0.1746 0.2620 0.0182
169 0.3047 0.1395 0.5103 0.0406 0.0048
170 0.2213 0.1710 0.5786 0.0248 0.0041
171 0.6826 0.1252 0.1168 0.0235 0.0518
172 0.3350 0.2822 0.3052 0.0416 0.0362
173 0.2299 0.1461 0.5601 0.0453 0.0184
174 0.3733 0.0577 0.5347 0.0292 0.0050
175 0.2261 0.0516 0.6802 0.0366 0.0057
176 0.4873 0.1879 0.1545 0.1521 0.0183
177 0.5742 0.1322 0.1792 0.0944 0.0201
178 0.4993 0.0471 0.2610 0.1808 0.0119
179 0.4219 0.0891 0.3723 0.1026 0.0140
180 0.3918 0.1837 0.3540 0.0453 0.0251
181 0.6514 0.0848 0.1713 0.0620 0.0302
182 0.3342 0.0734 0.5596 0.0201 0.0126
183 0.4148 0.2308 0.2238 0.1207 0.0098
184 0.6880 0.0815 0.1080 0.0784 0.0443
185 0.5234 0.0778 0.3567 0.0203 0.0219
186 0.5454 0.2053 0.1855 0.0368 0.0271
187 0.4988 0.2393 0.2000 0.0490 0.0130
188 0.2263 0.1567 0.4680 0.1373 0.0116
189 0.1816 0.1298 0.6489 0.0326 0.0073
190 0.3298 0.1879 0.3171 0.1522 0.0129
191 0.5146 0.1923 0.1475 0.1062 0.0397
192 0.4375 0.2067 0.2512 0.0414 0.0630
193 0.4155 0.0775 0.4563 0.0402 0.0105
194 0.4153 0.1552 0.3608 0.0296 0.0389
195 0.3848 0.1011 0.4500 0.0190 0.0452
196 0.5640 0.1542 0.1393 0.1164 0.0262
197 0.1801 0.0549 0.4597 0.2876 0.0175
198 0.4302 0.0282 0.2001 0.3247 0.0171
199 0.4402 0.1078 0.3621 0.0742 0.0157
200 0.6309 0.0909 0.2216 0.0391 0.0175
201 0.4185 0.1799 0.3337 0.0520 0.0160
202 0.2693 0.0615 0.4875 0.1633 0.0182
203 0.4685 0.0718 0.4299 0.0201 0.0095
204 0.4258 0.0452 0.2058 0.2925 0.0306
205 0.5615 0.0271 0.1187 0.2654 0.0271
206 0.4648 0.1710 0.1148 0.2356 0.0137
207 0.3962 0.2072 0.2969 0.0837 0.0161
208 0.5317 0.0522 0.2937 0.0961 0.0261
209 0.4841 0.1713 0.2472 0.0703 0.0271
210 0.7563 0.1064 0.0889 0.0407 0.0074
211 0.5186 0.2864 0.1148 0.0189 0.0614
212 0.5186 0.2864 0.1148 0.0189 0.0614
213 0.5186 0.2864 0.1148 0.0189 0.0614
