time exciting_prob fearful_prob tense_prob sad_prob relaxing_prob
0 0.2269 0.2416 0.0861 0.3860 0.0592
1 0.0475 0.2111 0.4067 0.2883 0.0464
2 0.0186 0.1244 0.0511 0.5840 0.2217
3 0.0387 0.3164 0.0653 0.3091 0.2705
4 0.0742 0.1606 0.0269 0.7373 0.0011
5 0.0934 0.1392 0.0303 0.7349 0.0025
6 0.0250 0.5020 0.0550 0.4163 0.0018
7 0.0465 0.6318 0.1000 0.2184 0.0031
8 0.0114 0.4973 0.1267 0.2106 0.1541
9 0.0106 0.4558 0.1901 0.2598 0.0837
10 0.0235 0.1660 0.1560 0.5796 0.0748
11 0.0068 0.4585 0.0822 0.2915 0.1610
12 0.0216 0.0579 0.0249 0.8638 0.0320
13 0.0174 0.0721 0.0386 0.7998 0.0721
14 0.0343 0.1315 0.0343 0.7563 0.0434
15 0.0310 0.1050 0.0386 0.7520 0.0733
16 0.0578 0.2251 0.1234 0.5703 0.0235
17 0.0567 0.3313 0.2788 0.3210 0.0122
18 0.0315 0.5322 0.2781 0.1356 0.0228
19 0.1128 0.5684 0.0995 0.1803 0.0390
20 0.4412 0.2986 0.1064 0.1501 0.0036
21 0.0149 0.5249 0.1678 0.2854 0.0069
22 0.0511 0.3462 0.1107 0.4517 0.0404
23 0.0233 0.0980 0.1589 0.7017 0.0184
24 0.0468 0.7144 0.0409 0.0894 0.1087
25 0.0498 0.8037 0.0530 0.0297 0.0639
26 0.0475 0.2732 0.3296 0.2886 0.0610
27 0.0845 0.2091 0.0311 0.6099 0.0653
28 0.0862 0.1727 0.0394 0.5664 0.1355
29 0.0693 0.3035 0.1378 0.4626 0.0267
30 0.0015 0.4856 0.0270 0.4856 0.0003
31 0.0045 0.5664 0.0362 0.3892 0.0039
32 0.2683 0.1392 0.5591 0.0276 0.0060
33 0.0761 0.2964 0.1116 0.4736 0.0421
34 0.0515 0.3328 0.1304 0.4658 0.0197
35 0.2200 0.2003 0.1234 0.3923 0.0640
36 0.0828 0.3916 0.0397 0.4800 0.0059
37 0.1678 0.3391 0.0126 0.4746 0.0058
38 0.0551 0.8550 0.0165 0.0685 0.0046
39 0.0913 0.3875 0.0739 0.4287 0.0187
40 0.0392 0.6138 0.0452 0.2810 0.0210
41 0.1026 0.2241 0.0323 0.6382 0.0027
42 0.0405 0.3110 0.2312 0.3694 0.0477
43 0.0689 0.2856 0.0408 0.6001 0.0047
44 0.1190 0.1704 0.2292 0.4631 0.0184
45 0.1176 0.3567 0.1453 0.3679 0.0125
46 0.0872 0.3450 0.0995 0.4568 0.0115
47 0.0354 0.6479 0.1199 0.1931 0.0036
48 0.1453 0.6309 0.0198 0.1793 0.0248
49 0.2020 0.6885 0.0249 0.0666 0.0178
50 0.0528 0.1744 0.0057 0.7397 0.0272
51 0.0912 0.6284 0.1067 0.1678 0.0056
52 0.1329 0.7021 0.0541 0.1060 0.0050
53 0.1631 0.6978 0.0664 0.0105 0.0624
54 0.0412 0.5020 0.0355 0.3450 0.0764
55 0.0105 0.0633 0.0339 0.8877 0.0046
56 0.0135 0.3276 0.1727 0.4768 0.0092
57 0.1533 0.2756 0.1079 0.4473 0.0160
58 0.0437 0.1648 0.0671 0.7217 0.0027
59 0.1094 0.2773 0.0525 0.5430 0.0180
60 0.3838 0.1456 0.0223 0.4453 0.0030
61 0.3887 0.3271 0.0486 0.2321 0.0036
62 0.1459 0.1874 0.0326 0.6338 0.0003
63 0.3867 0.2401 0.0626 0.3083 0.0024
64 0.1816 0.6543 0.0576 0.0942 0.0122
65 0.3271 0.2910 0.0696 0.3003 0.0119
66 0.4692 0.2288 0.0385 0.2590 0.0044
67 0.1356 0.6035 0.0362 0.1840 0.0407
68 0.0302 0.8838 0.0293 0.0522 0.0046
69 0.0467 0.2279 0.0347 0.6294 0.0613
70 0.2186 0.1265 0.1285 0.4626 0.0636
71 0.2277 0.5093 0.0892 0.1470 0.0270
72 0.1927 0.2343 0.1572 0.3713 0.0444
73 0.3015 0.5859 0.0673 0.0125 0.0328
74 0.2949 0.4463 0.0995 0.0706 0.0886
75 0.2343 0.6025 0.0803 0.0263 0.0565
76 0.1242 0.8037 0.0564 0.0132 0.0026
77 0.0164 0.9375 0.0409 0.0047 0.0005
78 0.0260 0.5063 0.0707 0.3677 0.0293
79 0.0438 0.4158 0.0205 0.4565 0.0632
80 0.0440 0.0946 0.0392 0.8174 0.0048
81 0.0619 0.1694 0.0439 0.7188 0.0059
82 0.0528 0.1110 0.0717 0.7583 0.0065
83 0.4287 0.2386 0.0757 0.2482 0.0086
84 0.3491 0.2761 0.1573 0.1958 0.0216
85 0.0081 0.0696 0.0029 0.9175 0.0022
86 0.0078 0.0610 0.0035 0.9248 0.0031
87 0.5942 0.0346 0.0181 0.3521 0.0013
88 0.1215 0.5703 0.0218 0.2571 0.0291
89 0.0556 0.0809 0.0288 0.8042 0.0307
90 0.1027 0.6699 0.0238 0.1642 0.0393
91 0.0600 0.7085 0.0314 0.1907 0.0097
92 0.0475 0.6304 0.0244 0.2864 0.0112
93 0.0776 0.7485 0.0229 0.1384 0.0126
94 0.0190 0.1653 0.0093 0.7349 0.0717
95 0.0295 0.2607 0.1005 0.5874 0.0221
96 0.0407 0.0850 0.0417 0.8315 0.0012
97 0.1033 0.0798 0.0063 0.8066 0.0039
98 0.0303 0.1687 0.0137 0.7329 0.0544
99 0.0438 0.3015 0.1277 0.3752 0.1516
100 0.0333 0.4888 0.0271 0.3633 0.0876
101 0.0109 0.5249 0.0244 0.4282 0.0118
102 0.1078 0.4070 0.0307 0.0211 0.4333
103 0.0917 0.7153 0.0141 0.0267 0.1523
104 0.0841 0.1780 0.0171 0.4617 0.2590
105 0.0515 0.7046 0.0200 0.2133 0.0105
106 0.0244 0.7261 0.1558 0.0649 0.0290
107 0.0578 0.6167 0.1177 0.1699 0.0376
108 0.0714 0.0261 0.0211 0.8301 0.0514
109 0.3386 0.0941 0.0948 0.3633 0.1091
110 0.1285 0.0289 0.0091 0.6733 0.1599
111 0.0043 0.1302 0.0450 0.7979 0.0225
112 0.3875 0.1219 0.1932 0.2969 0.0006
113 0.3794 0.1053 0.1765 0.3374 0.0013
114 0.0400 0.3374 0.0867 0.2627 0.2732
115 0.0329 0.3733 0.0922 0.1921 0.3096
116 0.0442 0.4128 0.0807 0.1997 0.2625
117 0.1405 0.7188 0.0274 0.0168 0.0965
118 0.1464 0.6929 0.0351 0.0132 0.1122
119 0.1464 0.7041 0.0403 0.0155 0.0938
120 0.1150 0.6362 0.0539 0.0314 0.1635
121 0.1506 0.5552 0.0264 0.0097 0.2581
122 0.1154 0.6143 0.0331 0.0201 0.2173
123 0.1747 0.6694 0.0283 0.0119 0.1155
124 0.1633 0.6211 0.1333 0.0530 0.0293
125 0.1372 0.7246 0.0770 0.0304 0.0306
126 0.2172 0.5903 0.0912 0.0285 0.0728
127 0.2064 0.3350 0.0736 0.3796 0.0055
128 0.2040 0.3416 0.0371 0.4119 0.0055
129 0.1279 0.1592 0.1763 0.5259 0.0106
130 0.1978 0.5376 0.0310 0.2155 0.0182
131 0.5903 0.0750 0.0255 0.2966 0.0125
132 0.5864 0.0746 0.0425 0.2727 0.0237
133 0.0588 0.0925 0.2805 0.5493 0.0186
134 0.0175 0.1135 0.0049 0.8262 0.0380
135 0.0220 0.1897 0.0119 0.7271 0.0491
136 0.0220 0.2173 0.0155 0.7124 0.0328
137 0.1661 0.1215 0.1024 0.2717 0.3381
138 0.1307 0.1154 0.1248 0.4636 0.1653
139 0.0511 0.2255 0.1637 0.5493 0.0101
140 0.0550 0.2795 0.1473 0.4905 0.0277
141 0.0152 0.7637 0.0171 0.2024 0.0014
142 0.0585 0.8325 0.0287 0.0622 0.0180
143 0.3003 0.5879 0.0286 0.0665 0.0168
144 0.6240 0.2859 0.0516 0.0272 0.0111
145 0.5176 0.3999 0.0375 0.0399 0.0053
146 0.0131 0.6040 0.0325 0.3496 0.0008
147 0.0104 0.0939 0.0175 0.8774 0.0007
148 0.0287 0.1787 0.1528 0.6333 0.0064
149 0.0784 0.2377 0.0370 0.6260 0.0208
150 0.0626 0.2830 0.0327 0.5894 0.0322
151 0.1102 0.2059 0.0409 0.6245 0.0186
152 0.1315 0.5322 0.0726 0.2380 0.0259
153 0.2292 0.5327 0.0395 0.1539 0.0444
154 0.2074 0.4158 0.0296 0.2622 0.0851
155 0.1069 0.1061 0.0172 0.7134 0.0563
156 0.0675 0.1697 0.0252 0.7036 0.0342
157 0.1140 0.5566 0.1113 0.2080 0.0102
158 0.0418 0.0292 0.0089 0.9004 0.0196
159 0.3821 0.3704 0.0364 0.1682 0.0432
160 0.0531 0.4919 0.1031 0.3489 0.0032
161 0.0030 0.2325 0.0698 0.6943 0.0005
162 0.0130 0.2456 0.0523 0.6890 0.0001
163 0.0127 0.8096 0.0422 0.1353 0.0002
164 0.0132 0.2297 0.0235 0.7300 0.0034
165 0.0099 0.5264 0.0266 0.4365 0.0005
166 0.2013 0.4609 0.1112 0.2029 0.0237
167 0.2700 0.3308 0.1827 0.1899 0.0265
168 0.1150 0.1366 0.0720 0.5840 0.0924
169 0.1128 0.1979 0.1201 0.5132 0.0558
170 0.0333 0.1237 0.0298 0.7461 0.0673
171 0.0871 0.7407 0.0153 0.0363 0.1209
172 0.0739 0.1516 0.0236 0.6538 0.0972
173 0.1801 0.4490 0.0366 0.0421 0.2922
174 0.2020 0.3601 0.0395 0.2362 0.1624
175 0.2756 0.4473 0.0596 0.1711 0.0464
176 0.2751 0.3821 0.1331 0.1593 0.0505
177 0.2908 0.3591 0.0342 0.1968 0.1193
178 0.1580 0.6699 0.0222 0.0653 0.0845
179 0.2651 0.4800 0.0514 0.0605 0.1429
180 0.2072 0.5762 0.0338 0.0540 0.1287
181 0.1987 0.6172 0.0192 0.0472 0.1177
182 0.1475 0.7490 0.0208 0.0067 0.0759
183 0.0934 0.6851 0.0157 0.0050 0.2009
184 0.0755 0.5938 0.0177 0.0050 0.3081
185 0.0549 0.0181 0.0232 0.8999 0.0038
186 0.0742 0.0436 0.0676 0.8105 0.0042
187 0.0643 0.5776 0.0100 0.2749 0.0734
188 0.0382 0.7798 0.0079 0.1243 0.0498
189 0.0678 0.2443 0.0301 0.6533 0.0044
190 0.2634 0.1178 0.0992 0.4883 0.0312
191 0.2102 0.0699 0.0636 0.6323 0.0238
192 0.3113 0.0673 0.0459 0.5679 0.0074
193 0.1210 0.1191 0.0838 0.6543 0.0219
194 0.1589 0.1181 0.0618 0.6338 0.0276
195 0.0417 0.4658 0.0257 0.4658 0.0011
196 0.0226 0.2666 0.0292 0.6812 0.0006
197 0.3110 0.4561 0.1552 0.0371 0.0408
198 0.1096 0.1895 0.0319 0.6562 0.0129
199 0.0271 0.7212 0.0183 0.2166 0.0167
200 0.1370 0.6533 0.0247 0.1705 0.0142
201 0.0768 0.7461 0.0532 0.1153 0.0088
202 0.0392 0.6851 0.0402 0.2241 0.0117
203 0.0728 0.6045 0.0349 0.2791 0.0087
204 0.2983 0.6318 0.0535 0.0158 0.0006
205 0.3032 0.6123 0.0579 0.0259 0.0007
206 0.2529 0.6665 0.0564 0.0235 0.0007
207 0.2524 0.6655 0.0573 0.0242 0.0006
208 0.2480 0.6743 0.0545 0.0224 0.0007
209 0.2576 0.6577 0.0593 0.0247 0.0007
210 0.2549 0.6611 0.0587 0.0243 0.0007
211 0.2590 0.6611 0.0560 0.0232 0.0007
212 0.3296 0.6064 0.0506 0.0127 0.0008
