time exciting_prob fearful_prob tense_prob sad_prob relaxing_prob
0 0.1160 0.1178 0.1824 0.5532 0.0307
1 0.1062 0.0741 0.2798 0.5225 0.0173
2 0.0886 0.2815 0.4094 0.2058 0.0148
3 0.0891 0.1946 0.5991 0.1058 0.0114
4 0.1102 0.3188 0.2522 0.2686 0.0501
5 0.1451 0.0909 0.3220 0.3948 0.0471
6 0.2302 0.1582 0.3916 0.1969 0.0231
7 0.1954 0.1620 0.3223 0.2935 0.0269
8 0.1595 0.0228 0.0828 0.4075 0.3274
9 0.1035 0.0188 0.0623 0.3445 0.4709
10 0.1527 0.0151 0.0557 0.3550 0.4216
11 0.1431 0.0277 0.0828 0.4138 0.3325
12 0.6172 0.1089 0.0340 0.1489 0.0910
13 0.4761 0.1879 0.0814 0.0887 0.1658
14 0.4126 0.0800 0.1102 0.2771 0.1201
15 0.0966 0.1004 0.1351 0.1580 0.5098
16 0.0927 0.2925 0.2074 0.0787 0.3289
17 0.0993 0.3035 0.0458 0.1649 0.3865
18 0.1627 0.0637 0.0470 0.1932 0.5332
19 0.4902 0.1949 0.0268 0.0022 0.2859
20 0.2837 0.3586 0.1137 0.1239 0.1201
21 0.0548 0.0395 0.0548 0.7393 0.1116
22 0.2457 0.0593 0.0985 0.2656 0.3308
23 0.2830 0.3440 0.1703 0.0798 0.1227
24 0.3147 0.1595 0.0840 0.1808 0.2610
25 0.1830 0.2241 0.2139 0.1403 0.2386
26 0.1602 0.1992 0.1481 0.3311 0.1614
27 0.3989 0.2678 0.0434 0.0223 0.2678
28 0.1747 0.1980 0.1201 0.0435 0.4639
29 0.1582 0.1149 0.0185 0.0050 0.7036
30 0.2385 0.1237 0.0786 0.0774 0.4817
31 0.1589 0.7178 0.0884 0.0204 0.0147
32 0.1185 0.1475 0.2096 0.3826 0.1418
33 0.1053 0.1166 0.0990 0.4541 0.2249
34 0.1360 0.3472 0.0728 0.3113 0.1328
35 0.2361 0.3032 0.2761 0.1031 0.0816
36 0.1720 0.4224 0.3213 0.0270 0.0576
37 0.2343 0.1244 0.1796 0.4048 0.0569
38 0.2363 0.1116 0.0955 0.4485 0.1082
39 0.3970 0.0770 0.1289 0.3140 0.0832
40 0.3860 0.0725 0.1477 0.2825 0.1115
41 0.3269 0.0629 0.1406 0.2585 0.2111
42 0.2856 0.2996 0.0470 0.1903 0.1774
43 0.1986 0.1476 0.0587 0.0510 0.5439
44 0.2006 0.2554 0.0469 0.0346 0.4626
45 0.1797 0.3057 0.0636 0.0677 0.3833
46 0.1576 0.3691 0.0536 0.0077 0.4119
47 0.1034 0.0688 0.0699 0.6743 0.0837
48 0.0609 0.0648 0.1508 0.2371 0.4866
49 0.1335 0.1500 0.1897 0.2235 0.3032
50 0.2964 0.2495 0.1073 0.3154 0.0315
51 0.3491 0.2849 0.1284 0.2101 0.0276
52 0.2046 0.2864 0.1697 0.0944 0.2449
53 0.1864 0.4614 0.2935 0.0250 0.0337
54 0.2490 0.3379 0.2198 0.0514 0.1420
55 0.3306 0.3203 0.2101 0.0548 0.0842
56 0.2091 0.0958 0.0546 0.0306 0.6099
57 0.2103 0.2458 0.1100 0.0817 0.3523
58 0.2847 0.2825 0.0743 0.1313 0.2271
59 0.1738 0.4543 0.1671 0.0388 0.1659
60 0.1681 0.4163 0.1708 0.0559 0.1891
61 0.2273 0.4736 0.1573 0.0220 0.1198
62 0.1102 0.1519 0.0326 0.5513 0.1543
63 0.1460 0.2261 0.0585 0.3289 0.2406
64 0.0183 0.5601 0.3503 0.0679 0.0036
65 0.2366 0.3782 0.2312 0.0139 0.1403
66 0.2710 0.3320 0.1892 0.0314 0.1764
67 0.4646 0.1086 0.1544 0.1967 0.0758
68 0.2842 0.3735 0.1849 0.0075 0.1498
69 0.1909 0.5698 0.1364 0.0106 0.0923
70 0.1042 0.5293 0.2622 0.0099 0.0942
71 0.1138 0.4641 0.2949 0.0363 0.0907
72 0.0726 0.2761 0.3230 0.0104 0.3179
73 0.0502 0.2510 0.2017 0.3076 0.1895
74 0.0523 0.2456 0.0792 0.0149 0.6079
75 0.1514 0.3230 0.1305 0.0566 0.3386
76 0.1110 0.6289 0.1578 0.0041 0.0980
77 0.2097 0.3376 0.3857 0.0171 0.0498
78 0.2500 0.3210 0.2368 0.0160 0.1760
79 0.0640 0.0692 0.6074 0.2378 0.0218
80 0.0274 0.3066 0.4255 0.2242 0.0161
81 0.0375 0.5771 0.3611 0.0107 0.0136
82 0.0282 0.3625 0.5884 0.0069 0.0141
83 0.2471 0.1396 0.0376 0.0569 0.5190
84 0.1980 0.1980 0.0467 0.1182 0.4392
85 0.0572 0.2280 0.3506 0.2194 0.1449
86 0.1200 0.3965 0.2224 0.0316 0.2295
87 0.4478 0.2891 0.1398 0.0665 0.0569
88 0.1418 0.4761 0.2015 0.1104 0.0702
89 0.3760 0.2013 0.1165 0.0133 0.2930
90 0.1709 0.0505 0.2300 0.5347 0.0140
91 0.0106 0.1327 0.1871 0.5854 0.0844
92 0.2360 0.2532 0.1622 0.0748 0.2737
93 0.3909 0.0980 0.0921 0.3557 0.0633
94 0.0583 0.2720 0.1549 0.4924 0.0223
95 0.0729 0.6343 0.1019 0.1350 0.0558
96 0.0528 0.2241 0.2349 0.4670 0.0210
97 0.1517 0.3064 0.1948 0.3162 0.0308
98 0.3547 0.0312 0.1000 0.4700 0.0441
99 0.3325 0.1063 0.1522 0.1499 0.2590
100 0.0825 0.4290 0.3906 0.0781 0.0196
101 0.2996 0.1859 0.1003 0.2603 0.1542
102 0.3928 0.1227 0.1515 0.1276 0.2054
103 0.0461 0.6030 0.3079 0.0074 0.0356
104 0.0263 0.7500 0.1572 0.0273 0.0394
105 0.1538 0.2515 0.2363 0.2720 0.0862
106 0.2332 0.4221 0.1288 0.0558 0.1603
107 0.1918 0.5596 0.1119 0.0169 0.1201
108 0.1719 0.5254 0.0906 0.0191 0.1932
109 0.1349 0.3472 0.1277 0.0956 0.2947
110 0.1570 0.5312 0.1646 0.0388 0.1087
111 0.1320 0.3789 0.2092 0.0638 0.2159
112 0.1379 0.4778 0.1664 0.0380 0.1799
113 0.2299 0.2861 0.1997 0.0981 0.1862
114 0.1732 0.3904 0.2057 0.0589 0.1719
115 0.1742 0.2515 0.1898 0.1040 0.2805
116 0.1655 0.3533 0.2334 0.0770 0.1708
117 0.1935 0.2837 0.1460 0.2175 0.1592
118 0.1572 0.2455 0.1177 0.3462 0.1334
119 0.1213 0.1395 0.0680 0.5605 0.1104
120 0.0665 0.1322 0.0534 0.6611 0.0867
121 0.0581 0.6968 0.1085 0.1309 0.0058
122 0.0476 0.8237 0.0946 0.0300 0.0041
123 0.0597 0.7153 0.0861 0.1273 0.0116
124 0.0703 0.7612 0.1097 0.0362 0.0228
125 0.0688 0.6846 0.1390 0.0919 0.0156
126 0.1152 0.7114 0.1285 0.0271 0.0178
127 0.0647 0.7700 0.1317 0.0136 0.0202
128 0.1366 0.6777 0.0491 0.0104 0.1263
129 0.1212 0.0439 0.0256 0.2079 0.6016
130 0.0968 0.1387 0.0307 0.0828 0.6509
131 0.1122 0.2690 0.2450 0.3401 0.0337
132 0.1066 0.4702 0.2054 0.1871 0.0305
133 0.0625 0.8101 0.0975 0.0147 0.0151
134 0.0649 0.6396 0.2212 0.0082 0.0659
135 0.0086 0.0147 0.0117 0.0137 0.9512
136 0.0148 0.0233 0.0141 0.0043 0.9434
137 0.0134 0.0236 0.0116 0.0022 0.9492
138 0.2164 0.5703 0.0916 0.0385 0.0834
139 0.3181 0.4666 0.1422 0.0598 0.0134
140 0.1823 0.5356 0.0976 0.1431 0.0413
141 0.1453 0.5029 0.1547 0.1418 0.0551
142 0.0159 0.0260 0.0157 0.0025 0.9399
143 0.4277 0.2238 0.1125 0.1974 0.0386
144 0.1678 0.2190 0.2443 0.3286 0.0402
145 0.3108 0.2478 0.1357 0.2576 0.0480
146 0.2086 0.3206 0.2070 0.2256 0.0380
147 0.0348 0.0698 0.1115 0.3433 0.4407
148 0.0082 0.0108 0.0119 0.0237 0.9453
149 0.0297 0.0364 0.0316 0.0058 0.8965
150 0.0111 0.0139 0.0179 0.0079 0.9492
151 0.3582 0.4387 0.1328 0.0086 0.0617
152 0.3196 0.5308 0.1005 0.0066 0.0426
153 0.2627 0.3118 0.1763 0.1556 0.0936
154 0.1560 0.3250 0.1523 0.3406 0.0261
155 0.3784 0.3611 0.1760 0.0463 0.0381
156 0.2366 0.4524 0.2347 0.0335 0.0428
157 0.2219 0.3203 0.2325 0.1245 0.1008
158 0.2214 0.4104 0.2214 0.0916 0.0551
159 0.2169 0.4214 0.2238 0.0699 0.0682
160 0.2859 0.3640 0.2026 0.0746 0.0728
161 0.2732 0.4834 0.1750 0.0216 0.0468
162 0.0533 0.7358 0.1748 0.0079 0.0281
163 0.0645 0.7983 0.1187 0.0079 0.0105
164 0.1023 0.6216 0.2435 0.0059 0.0265
165 0.2615 0.4380 0.2255 0.0035 0.0715
166 0.1736 0.5601 0.0989 0.0258 0.1416
167 0.2522 0.5054 0.1200 0.0270 0.0957
168 0.3279 0.3894 0.1315 0.0156 0.1356
169 0.0391 0.6460 0.2529 0.0426 0.0197
170 0.1085 0.6006 0.2622 0.0079 0.0209
171 0.2087 0.3257 0.3635 0.0138 0.0884
172 0.0700 0.5464 0.3472 0.0146 0.0220
173 0.2795 0.4717 0.1450 0.0262 0.0776
174 0.2162 0.5396 0.1792 0.0203 0.0450
175 0.3940 0.4160 0.1221 0.0181 0.0497
176 0.2242 0.5015 0.1666 0.0224 0.0851
177 0.2073 0.5859 0.1541 0.0165 0.0366
178 0.4036 0.3347 0.1417 0.0089 0.1112
179 0.2357 0.3325 0.1194 0.0615 0.2510
180 0.2988 0.1066 0.2023 0.3335 0.0589
181 0.2465 0.0684 0.1747 0.4604 0.0500
182 0.0991 0.4917 0.1837 0.0073 0.2181
183 0.0703 0.7441 0.0968 0.0117 0.0772
184 0.0732 0.6079 0.2004 0.0167 0.1016
185 0.2742 0.0918 0.1357 0.4246 0.0738
186 0.2742 0.0918 0.1357 0.4246 0.0738
187 0.2742 0.0918 0.1357 0.4246 0.0738
188 0.2037 0.2830 0.2496 0.2310 0.0327
189 0.2037 0.2830 0.2496 0.2310 0.0327
190 0.6504 0.2319 0.0526 0.0079 0.0573
191 0.6533 0.2294 0.0524 0.0080 0.0571
192 0.6494 0.2316 0.0529 0.0080 0.0581
193 0.6538 0.2260 0.0545 0.0075 0.0580
194 0.6538 0.2260 0.0545 0.0075 0.0580
195 0.6543 0.2262 0.0537 0.0076 0.0581
196 0.6543 0.2262 0.0537 0.0076 0.0581
197 0.6543 0.2262 0.0537 0.0076 0.0581
198 0.6543 0.2262 0.0537 0.0076 0.0581
199 0.6543 0.2262 0.0537 0.0076 0.0581
