time exciting_prob fearful_prob tense_prob sad_prob relaxing_prob
0 0.1649 0.0925 0.2020 0.5000 0.0404
1 0.3665 0.0508 0.2104 0.3608 0.0116
2 0.6099 0.1027 0.1542 0.1173 0.0160
3 0.5171 0.0558 0.1902 0.2260 0.0109
4 0.0887 0.0629 0.2607 0.5693 0.0182
5 0.3706 0.2095 0.3296 0.0596 0.0307
6 0.4426 0.2686 0.1667 0.1102 0.0120
7 0.1520 0.0634 0.1241 0.6499 0.0106
8 0.2024 0.0912 0.1100 0.5767 0.0197
9 0.6094 0.1267 0.1589 0.0878 0.0170
10 0.5781 0.0929 0.1833 0.1290 0.0168
11 0.5483 0.0953 0.2571 0.0671 0.0319
12 0.0573 0.5347 0.2773 0.1157 0.0149
13 0.5024 0.1129 0.0966 0.2487 0.0396
14 0.4468 0.2467 0.2318 0.0674 0.0073
15 0.0933 0.0272 0.1469 0.7227 0.0101
16 0.0708 0.0790 0.1063 0.6611 0.0828
17 0.1670 0.1892 0.1763 0.3589 0.1086
18 0.0684 0.5728 0.3115 0.0215 0.0258
19 0.0948 0.5049 0.3579 0.0197 0.0229
20 0.1575 0.4246 0.3010 0.0715 0.0454
21 0.1206 0.3057 0.3804 0.1455 0.0480
22 0.1360 0.3262 0.3696 0.1382 0.0299
23 0.1031 0.6221 0.2084 0.0427 0.0237
24 0.0646 0.7002 0.1743 0.0058 0.0553
25 0.1316 0.2136 0.5454 0.0912 0.0181
26 0.1805 0.5430 0.1722 0.0329 0.0712
27 0.0703 0.2822 0.5610 0.0514 0.0350
28 0.0544 0.4622 0.4409 0.0167 0.0259
29 0.2324 0.3599 0.1687 0.0417 0.1973
30 0.0456 0.7949 0.1127 0.0112 0.0355
31 0.1537 0.4924 0.1490 0.1016 0.1032
32 0.3867 0.3362 0.0557 0.0160 0.2054
33 0.5522 0.3376 0.0450 0.0302 0.0348
34 0.5127 0.3416 0.0956 0.0227 0.0276
35 0.2656 0.4736 0.0817 0.0298 0.1490
36 0.1871 0.1026 0.0721 0.5854 0.0524
37 0.5195 0.3149 0.0676 0.0479 0.0502
38 0.2698 0.4556 0.0499 0.0194 0.2053
39 0.2988 0.4312 0.0693 0.0152 0.1854
40 0.2827 0.5532 0.1356 0.0177 0.0108
41 0.3169 0.5391 0.1130 0.0155 0.0152
42 0.0435 0.8208 0.1129 0.0079 0.0148
43 0.0208 0.7871 0.1783 0.0062 0.0076
44 0.2551 0.0875 0.1674 0.4551 0.0348
45 0.1388 0.2435 0.3408 0.2360 0.0410
46 0.0978 0.6846 0.1677 0.0289 0.0208
47 0.2935 0.4011 0.2181 0.0173 0.0697
48 0.1666 0.5684 0.2368 0.0047 0.0236
49 0.0350 0.1998 0.3242 0.4036 0.0373
50 0.0354 0.1914 0.3181 0.4214 0.0335
51 0.1179 0.7163 0.1410 0.0052 0.0197
52 0.0264 0.8135 0.1577 0.0010 0.0013
53 0.1064 0.2573 0.2983 0.2915 0.0465
54 0.0655 0.0960 0.1214 0.6880 0.0293
55 0.2106 0.5464 0.1101 0.1042 0.0287
56 0.4534 0.3477 0.0734 0.0936 0.0321
57 0.0950 0.8213 0.0723 0.0033 0.0082
58 0.0436 0.6216 0.3101 0.0082 0.0164
59 0.0407 0.7495 0.2050 0.0022 0.0025
60 0.1763 0.3560 0.2998 0.1508 0.0170
61 0.2659 0.3206 0.3108 0.0570 0.0458
62 0.1541 0.2542 0.4255 0.1257 0.0405
63 0.2627 0.3000 0.1982 0.2264 0.0127
64 0.0670 0.5610 0.2957 0.0506 0.0258
65 0.2184 0.5156 0.1810 0.0630 0.0220
66 0.2676 0.5576 0.1399 0.0083 0.0269
67 0.1870 0.2898 0.3132 0.1870 0.0229
68 0.2549 0.3679 0.2413 0.1333 0.0024
69 0.0879 0.2209 0.3938 0.2881 0.0093
70 0.3474 0.4675 0.1299 0.0240 0.0311
71 0.2122 0.1732 0.3552 0.2520 0.0074
72 0.2238 0.2617 0.3059 0.2006 0.0080
73 0.2013 0.3293 0.3479 0.0922 0.0292
74 0.4763 0.2433 0.1865 0.0765 0.0175
75 0.3584 0.5254 0.0812 0.0144 0.0207
76 0.0538 0.3911 0.5181 0.0180 0.0190
77 0.1368 0.1857 0.1504 0.3416 0.1857
78 0.2244 0.6191 0.0590 0.0095 0.0878
79 0.1753 0.4307 0.1866 0.1957 0.0117
80 0.1866 0.1064 0.1837 0.5156 0.0078
81 0.1884 0.0750 0.1537 0.5625 0.0206
82 0.2198 0.2452 0.1753 0.3513 0.0083
83 0.1649 0.2942 0.3130 0.1587 0.0693
84 0.2439 0.2764 0.3633 0.0843 0.0322
85 0.2406 0.4255 0.2603 0.0572 0.0164
86 0.2502 0.0878 0.4258 0.2140 0.0222
87 0.1854 0.3574 0.3203 0.1274 0.0093
88 0.3691 0.4854 0.0739 0.0333 0.0383
89 0.2018 0.3711 0.2323 0.1809 0.0139
90 0.2693 0.1808 0.2756 0.2590 0.0153
91 0.2113 0.4370 0.2339 0.0938 0.0241
92 0.4424 0.1577 0.1517 0.2156 0.0326
93 0.3794 0.1923 0.2129 0.1737 0.0416
94 0.3545 0.3601 0.1810 0.0779 0.0267
95 0.4336 0.0771 0.1204 0.3594 0.0095
96 0.2166 0.3921 0.1443 0.2360 0.0112
97 0.1271 0.2432 0.3538 0.2356 0.0403
98 0.1069 0.3293 0.3267 0.2045 0.0326
99 0.4954 0.2891 0.0983 0.0938 0.0234
100 0.5366 0.3154 0.0855 0.0535 0.0092
101 0.3186 0.2993 0.2969 0.0647 0.0205
102 0.1691 0.3389 0.2311 0.2384 0.0225
103 0.3020 0.2484 0.3264 0.0958 0.0274
104 0.0989 0.6704 0.1696 0.0182 0.0429
105 0.0408 0.7939 0.1527 0.0051 0.0076
106 0.3008 0.2051 0.1525 0.3201 0.0216
107 0.3413 0.2786 0.1743 0.1526 0.0532
108 0.1873 0.4973 0.1978 0.0912 0.0264
109 0.1777 0.6201 0.1250 0.0600 0.0169
110 0.2347 0.5718 0.1246 0.0575 0.0112
111 0.2524 0.4944 0.1028 0.1351 0.0150
112 0.3691 0.3867 0.1445 0.0744 0.0251
113 0.2788 0.4490 0.1786 0.0756 0.0181
114 0.2627 0.4133 0.2128 0.1037 0.0076
115 0.2104 0.4490 0.1109 0.2205 0.0092
116 0.3486 0.3301 0.2286 0.0635 0.0291
117 0.1656 0.3975 0.2773 0.1362 0.0231
118 0.5161 0.2021 0.1783 0.0786 0.0247
119 0.5845 0.1912 0.1133 0.0476 0.0635
120 0.4949 0.2319 0.1646 0.0350 0.0735
121 0.5107 0.2302 0.1533 0.0502 0.0555
122 0.4719 0.2627 0.1777 0.0486 0.0393
123 0.2639 0.1730 0.1638 0.3899 0.0095
124 0.3018 0.0920 0.4824 0.1093 0.0145
125 0.3733 0.2930 0.2627 0.0542 0.0168
126 0.3206 0.4150 0.0994 0.1401 0.0249
127 0.1575 0.4084 0.1587 0.2659 0.0095
128 0.2957 0.1545 0.0874 0.4302 0.0322
129 0.5029 0.2321 0.0861 0.1545 0.0245
130 0.2484 0.2881 0.4395 0.0149 0.0090
131 0.4595 0.1931 0.3184 0.0174 0.0116
132 0.5615 0.1334 0.2200 0.0302 0.0547
133 0.3809 0.0667 0.1613 0.3809 0.0101
134 0.3374 0.2231 0.3196 0.0759 0.0439
135 0.3640 0.2350 0.2295 0.1136 0.0580
136 0.1393 0.3115 0.3530 0.1361 0.0599
137 0.0602 0.6226 0.2186 0.0767 0.0218
138 0.2314 0.5054 0.1720 0.0781 0.0129
139 0.2603 0.3447 0.2388 0.1426 0.0137
140 0.2952 0.0669 0.2729 0.3560 0.0090
141 0.0544 0.5625 0.3108 0.0515 0.0208
142 0.3284 0.2499 0.3496 0.0154 0.0566
143 0.3953 0.2937 0.1973 0.0535 0.0602
144 0.3838 0.2920 0.1161 0.1799 0.0282
145 0.3076 0.4404 0.1272 0.0931 0.0317
146 0.3049 0.4133 0.1498 0.1062 0.0258
147 0.1458 0.6045 0.1962 0.0289 0.0247
148 0.2295 0.3040 0.3445 0.1084 0.0138
149 0.2014 0.0610 0.2507 0.4758 0.0111
150 0.3232 0.1991 0.2966 0.1066 0.0744
151 0.1147 0.2194 0.5601 0.0839 0.0217
152 0.1658 0.3098 0.4578 0.0391 0.0275
153 0.1159 0.2286 0.5112 0.0510 0.0931
154 0.1165 0.1906 0.5869 0.0439 0.0623
155 0.1642 0.2603 0.4604 0.0195 0.0958
156 0.0434 0.0565 0.6997 0.1637 0.0365
157 0.1066 0.1613 0.5630 0.0354 0.1337
158 0.1208 0.0912 0.6689 0.0341 0.0850
159 0.1085 0.1154 0.5171 0.0935 0.1653
160 0.0995 0.2190 0.6094 0.0236 0.0485
161 0.1271 0.2128 0.6011 0.0493 0.0096
162 0.1344 0.0620 0.3540 0.4338 0.0156
163 0.2471 0.2822 0.3916 0.0543 0.0248
164 0.1930 0.2556 0.5244 0.0184 0.0083
165 0.1646 0.2649 0.5269 0.0379 0.0058
166 0.2676 0.0785 0.5576 0.0785 0.0175
167 0.5181 0.1147 0.1777 0.1439 0.0453
168 0.1503 0.2006 0.6328 0.0077 0.0089
169 0.2708 0.0550 0.2371 0.4226 0.0148
170 0.4663 0.3206 0.1841 0.0148 0.0144
171 0.2354 0.1555 0.4609 0.0486 0.0997
172 0.2722 0.2421 0.4451 0.0227 0.0179
173 0.2175 0.1567 0.6006 0.0098 0.0152
174 0.6680 0.1207 0.1624 0.0119 0.0371
175 0.1578 0.1948 0.5464 0.0415 0.0594
176 0.2876 0.3311 0.2766 0.0774 0.0272
177 0.1859 0.1565 0.6240 0.0069 0.0268
178 0.2798 0.1938 0.5068 0.0071 0.0123
179 0.2476 0.0743 0.4849 0.1729 0.0205
180 0.1278 0.1565 0.6001 0.1059 0.0097
181 0.1102 0.1980 0.6006 0.0706 0.0206
182 0.1516 0.1370 0.4817 0.1691 0.0608
183 0.1449 0.1310 0.4714 0.1981 0.0546
184 0.0919 0.5166 0.3721 0.0144 0.0051
185 0.3267 0.0776 0.3069 0.2563 0.0326
186 0.1193 0.2546 0.6201 0.0038 0.0022
187 0.2520 0.3870 0.2329 0.1162 0.0119
188 0.2510 0.1149 0.2395 0.3767 0.0178
189 0.2622 0.3188 0.2971 0.1068 0.0150
190 0.1337 0.3157 0.4521 0.0677 0.0308
191 0.4155 0.1732 0.2766 0.0912 0.0435
192 0.3176 0.1106 0.4241 0.1283 0.0194
193 0.3623 0.2285 0.3198 0.0809 0.0086
194 0.3347 0.3145 0.2954 0.0435 0.0120
195 0.2966 0.1677 0.2460 0.2499 0.0398
196 0.2703 0.3313 0.3499 0.0372 0.0115
197 0.4167 0.1292 0.2450 0.2031 0.0059
198 0.0338 0.3811 0.5723 0.0090 0.0040
199 0.3564 0.3455 0.2568 0.0304 0.0108
200 0.2678 0.1327 0.3132 0.2678 0.0182
201 0.1415 0.2124 0.4788 0.1531 0.0142
202 0.1581 0.2078 0.3506 0.1892 0.0944
203 0.3047 0.0859 0.2300 0.3562 0.0233
204 0.2225 0.0246 0.3726 0.2225 0.1578
205 0.2476 0.1913 0.3955 0.1624 0.0032
206 0.4297 0.1644 0.2527 0.1439 0.0093
207 0.3740 0.2632 0.3149 0.0365 0.0112
208 0.4973 0.2832 0.1505 0.0516 0.0174
209 0.1578 0.3213 0.4602 0.0220 0.0387
210 0.2360 0.2803 0.3176 0.1597 0.0066
211 0.3406 0.0931 0.2891 0.2571 0.0203
212 0.2164 0.2198 0.3149 0.2378 0.0109
213 0.5220 0.1250 0.2544 0.0623 0.0361
214 0.3977 0.1632 0.2412 0.1710 0.0269
215 0.1326 0.2595 0.4663 0.0985 0.0430
216 0.2274 0.2328 0.2637 0.2637 0.0123
217 0.3203 0.2761 0.2134 0.1573 0.0327
218 0.2852 0.1785 0.3496 0.1650 0.0217
219 0.2054 0.2037 0.4666 0.0612 0.0631
220 0.2256 0.0750 0.2808 0.4084 0.0101
221 0.2462 0.3064 0.3064 0.1307 0.0100
222 0.4021 0.1467 0.3306 0.0786 0.0421
223 0.6270 0.1008 0.2417 0.0146 0.0161
224 0.2795 0.2954 0.3792 0.0370 0.0089
225 0.4348 0.0817 0.1785 0.2458 0.0593
226 0.2008 0.1692 0.6138 0.0059 0.0102
227 0.1642 0.1027 0.3369 0.3643 0.0321
228 0.2369 0.1775 0.2971 0.2771 0.0114
229 0.2312 0.4819 0.2559 0.0095 0.0213
230 0.2683 0.1577 0.4529 0.0831 0.0378
231 0.2437 0.0368 0.2474 0.2939 0.1782
232 0.2158 0.1299 0.3699 0.2666 0.0179
233 0.4441 0.2651 0.2164 0.0302 0.0440
234 0.0520 0.4089 0.4932 0.0123 0.0338
235 0.4214 0.0856 0.2419 0.2363 0.0149
236 0.6099 0.1320 0.1761 0.0712 0.0108
237 0.2073 0.1787 0.2461 0.2040 0.1639
238 0.1919 0.4531 0.2603 0.0537 0.0412
239 0.3411 0.2827 0.2307 0.0883 0.0574
240 0.1931 0.4668 0.2722 0.0276 0.0402
241 0.0737 0.3303 0.1466 0.4341 0.0152
242 0.1215 0.1443 0.3252 0.3982 0.0109
243 0.2058 0.1278 0.2749 0.3787 0.0131
244 0.1614 0.2106 0.1614 0.4526 0.0140
245 0.1246 0.4023 0.1266 0.3389 0.0077
246 0.0586 0.3533 0.4753 0.0595 0.0533
247 0.1848 0.3120 0.2627 0.2264 0.0140
248 0.4282 0.1703 0.2598 0.1017 0.0401
249 0.3254 0.1715 0.2964 0.1959 0.0107
250 0.1203 0.3706 0.4612 0.0307 0.0175
251 0.3164 0.2334 0.3115 0.1155 0.0229
252 0.1766 0.2147 0.5884 0.0051 0.0152
253 0.1899 0.2136 0.5586 0.0181 0.0199
254 0.1293 0.5791 0.2415 0.0342 0.0157
255 0.0850 0.6382 0.1886 0.0739 0.0143
256 0.1344 0.1511 0.6987 0.0054 0.0104
257 0.2369 0.1542 0.5913 0.0055 0.0123
258 0.1270 0.0845 0.6914 0.0679 0.0290
259 0.2710 0.1086 0.5737 0.0140 0.0329
260 0.1266 0.5249 0.2440 0.0941 0.0104
261 0.1458 0.5249 0.2329 0.0884 0.0082
262 0.1223 0.4617 0.2590 0.1499 0.0072
263 0.3037 0.0477 0.3662 0.2722 0.0103
264 0.2058 0.0537 0.3367 0.3938 0.0099
265 0.1953 0.0457 0.2394 0.5068 0.0129
266 0.4097 0.2279 0.3477 0.0039 0.0110
267 0.3359 0.2256 0.4280 0.0028 0.0077
268 0.2037 0.2830 0.2496 0.2310 0.0327
269 0.5493 0.2438 0.1367 0.0267 0.0434
270 0.5508 0.2444 0.1350 0.0264 0.0435
271 0.5518 0.2411 0.1373 0.0264 0.0432
