time exciting_prob fearful_prob tense_prob sad_prob relaxing_prob
0 0.2037 0.2830 0.2496 0.2310 0.0327
1 0.4805 0.1344 0.1409 0.0026 0.2416
2 0.2231 0.2231 0.3765 0.0952 0.0821
3 0.1356 0.0829 0.2399 0.0298 0.5117
4 0.2327 0.1689 0.2496 0.2786 0.0704
5 0.4084 0.1456 0.2742 0.0129 0.1587
6 0.3928 0.1285 0.2988 0.0029 0.1770
7 0.2358 0.2114 0.1387 0.3301 0.0841
8 0.3931 0.1744 0.1962 0.0053 0.2311
9 0.1578 0.0757 0.2791 0.4460 0.0412
10 0.1263 0.2871 0.3716 0.1797 0.0354
11 0.3452 0.0372 0.1069 0.0044 0.5063
12 0.3291 0.0554 0.1654 0.0038 0.4463
13 0.3293 0.1791 0.3618 0.0139 0.1157
14 0.0790 0.4373 0.4512 0.0071 0.0257
15 0.1525 0.2893 0.4312 0.0026 0.1245
16 0.1722 0.2605 0.4905 0.0065 0.0701
17 0.3113 0.0927 0.4060 0.0028 0.1873
18 0.2856 0.2368 0.2444 0.0017 0.2313
19 0.1022 0.2610 0.4690 0.1398 0.0280
20 0.3728 0.0859 0.3091 0.0041 0.2279
21 0.1862 0.1920 0.4004 0.1776 0.0439
22 0.3403 0.2113 0.1620 0.0041 0.2822
23 0.0848 0.3655 0.4272 0.0038 0.1187
24 0.1052 0.2544 0.4644 0.1543 0.0219
25 0.3674 0.1736 0.2908 0.1331 0.0350
26 0.1713 0.2286 0.3379 0.0051 0.2571
27 0.3271 0.2549 0.3511 0.0037 0.0634
28 0.1368 0.3413 0.4812 0.0076 0.0330
29 0.5303 0.1863 0.2161 0.0044 0.0629
30 0.0724 0.3025 0.4946 0.0092 0.1212
31 0.1257 0.1829 0.6284 0.0036 0.0594
32 0.3613 0.1003 0.3240 0.0019 0.2124
33 0.3833 0.0606 0.2615 0.0009 0.2939
34 0.1938 0.0665 0.5435 0.0022 0.1938
35 0.0141 0.3535 0.6108 0.0106 0.0108
36 0.3591 0.2062 0.2839 0.0056 0.1450
37 0.1316 0.3992 0.3232 0.0069 0.1390
38 0.1814 0.1552 0.5586 0.0037 0.1010
39 0.1226 0.2382 0.5283 0.0083 0.1024
40 0.4602 0.1720 0.0865 0.0064 0.2749
41 0.1477 0.1133 0.3743 0.3054 0.0592
42 0.3032 0.2100 0.4480 0.0012 0.0377
43 0.0512 0.0844 0.3135 0.0175 0.5332
44 0.0244 0.2832 0.6528 0.0046 0.0349
45 0.0823 0.1478 0.5322 0.0034 0.2344
46 0.1726 0.1488 0.4475 0.1686 0.0625
47 0.4424 0.2386 0.2856 0.0017 0.0316
48 0.1554 0.1201 0.3501 0.3394 0.0352
49 0.1212 0.0629 0.7720 0.0025 0.0412
50 0.3679 0.1547 0.4404 0.0013 0.0356
51 0.2644 0.3115 0.2793 0.0045 0.1404
52 0.2690 0.1658 0.2129 0.2393 0.1130
53 0.1632 0.3376 0.2932 0.0060 0.2000
54 0.2937 0.1700 0.1141 0.2494 0.1727
55 0.2089 0.2190 0.2190 0.1772 0.1759
56 0.0849 0.3154 0.4346 0.1422 0.0227
57 0.3687 0.3330 0.1958 0.0039 0.0984
58 0.5562 0.1486 0.0453 0.0089 0.2411
59 0.3081 0.2761 0.2476 0.0120 0.1561
60 0.0244 0.1096 0.7031 0.1521 0.0108
61 0.2169 0.2852 0.2401 0.0023 0.2556
62 0.2517 0.1058 0.3750 0.0014 0.2659
63 0.3228 0.0883 0.4517 0.0019 0.1356
64 0.0590 0.2837 0.5513 0.0103 0.0958
65 0.0698 0.3865 0.4587 0.0040 0.0810
66 0.3784 0.1219 0.3474 0.0040 0.1482
67 0.2571 0.2416 0.3831 0.0043 0.1141
68 0.4065 0.0701 0.3879 0.0067 0.1289
69 0.4392 0.1519 0.2815 0.0046 0.1229
70 0.4265 0.2145 0.2213 0.0033 0.1343
71 0.4424 0.1932 0.1746 0.0026 0.1873
72 0.2456 0.3105 0.3518 0.0038 0.0883
73 0.1912 0.2167 0.3489 0.1455 0.0977
74 0.1912 0.0803 0.6367 0.0017 0.0903
75 0.3855 0.1223 0.3706 0.0014 0.1204
76 0.4028 0.1381 0.2900 0.0102 0.1589
77 0.0909 0.1807 0.5742 0.0145 0.1396
78 0.0491 0.2822 0.5791 0.0059 0.0834
79 0.1337 0.1538 0.6274 0.0021 0.0829
80 0.0377 0.2324 0.6729 0.0025 0.0548
81 0.0620 0.5273 0.2957 0.0204 0.0945
82 0.0967 0.1893 0.2754 0.0052 0.4333
83 0.0790 0.1536 0.1523 0.0029 0.6123
84 0.1024 0.0566 0.0631 0.0030 0.7749
85 0.0897 0.0447 0.0401 0.0007 0.8247
86 0.1407 0.0675 0.3621 0.0226 0.4072
87 0.1976 0.1083 0.2854 0.0096 0.3992
88 0.1615 0.1268 0.3042 0.0046 0.4028
89 0.0552 0.0655 0.0526 0.0097 0.8169
90 0.0250 0.0596 0.0385 0.0016 0.8755
91 0.0977 0.0523 0.0616 0.0019 0.7866
92 0.0829 0.0476 0.0816 0.0014 0.7866
93 0.0772 0.0200 0.0511 0.0018 0.8501
94 0.2035 0.0417 0.1366 0.0012 0.6172
95 0.2087 0.0462 0.1247 0.0019 0.6187
96 0.2045 0.0490 0.1427 0.0028 0.6011
97 0.2354 0.0741 0.1892 0.0030 0.4983
98 0.0317 0.0348 0.4175 0.0784 0.4375
99 0.0553 0.0682 0.3896 0.0656 0.4214
100 0.4255 0.1666 0.1339 0.0313 0.2426
101 0.3354 0.2323 0.2378 0.0176 0.1768
102 0.3086 0.2073 0.2661 0.0352 0.1829
103 0.6079 0.1098 0.1661 0.0107 0.1056
104 0.4946 0.1581 0.1863 0.0180 0.1428
105 0.2837 0.2971 0.3586 0.0102 0.0504
106 0.1279 0.2688 0.3616 0.0135 0.2281
107 0.2642 0.2856 0.3613 0.0193 0.0695
108 0.1853 0.2084 0.5000 0.0094 0.0969
109 0.2435 0.0709 0.3801 0.0094 0.2961
110 0.2837 0.3420 0.3140 0.0053 0.0550
111 0.0963 0.0919 0.3550 0.0150 0.4419
112 0.1646 0.1510 0.3076 0.0030 0.3738
113 0.4172 0.2551 0.1896 0.0450 0.0931
114 0.0835 0.2003 0.0931 0.0298 0.5933
115 0.3206 0.0891 0.1914 0.0092 0.3896
116 0.2446 0.0776 0.4097 0.0653 0.2028
117 0.0320 0.0750 0.0721 0.0018 0.8188
118 0.1727 0.1206 0.3687 0.0154 0.3228
119 0.2566 0.3167 0.1053 0.0331 0.2883
120 0.5132 0.1059 0.2140 0.0139 0.1530
121 0.3364 0.2155 0.2993 0.0222 0.1267
122 0.0805 0.0374 0.0159 0.0074 0.8589
123 0.3005 0.1293 0.4270 0.0265 0.1168
124 0.0490 0.0364 0.0230 0.0095 0.8823
125 0.1193 0.1104 0.2886 0.0385 0.4434
126 0.1670 0.4434 0.1792 0.0009 0.2095
127 0.2793 0.3450 0.1240 0.0181 0.2334
128 0.0578 0.3030 0.2512 0.0284 0.3596
129 0.0334 0.2502 0.3643 0.0550 0.2971
130 0.1993 0.3962 0.2461 0.0113 0.1470
131 0.1754 0.1782 0.0992 0.0848 0.4622
132 0.0995 0.2043 0.5640 0.0775 0.0546
133 0.1609 0.3860 0.3276 0.0023 0.1234
134 0.5063 0.3533 0.0372 0.0074 0.0958
135 0.1445 0.1161 0.2440 0.0466 0.4487
136 0.4724 0.1545 0.0686 0.0112 0.2932
137 0.2629 0.1953 0.2979 0.0742 0.1697
138 0.2893 0.0487 0.0715 0.0061 0.5845
139 0.3870 0.1527 0.2788 0.0298 0.1516
140 0.2333 0.1904 0.2124 0.0995 0.2644
141 0.0188 0.0318 0.0097 0.0043 0.9355
142 0.0232 0.0597 0.0307 0.0018 0.8843
143 0.5059 0.0958 0.1532 0.0740 0.1709
144 0.5317 0.1572 0.2183 0.0094 0.0835
145 0.1307 0.1182 0.3213 0.0301 0.3997
146 0.1140 0.2267 0.3484 0.0034 0.3074
147 0.1744 0.2346 0.3721 0.0150 0.2039
148 0.2257 0.1564 0.3135 0.0528 0.2517
149 0.2264 0.0853 0.1923 0.0526 0.4434
150 0.1863 0.1644 0.0639 0.0586 0.5269
151 0.2896 0.3179 0.3660 0.0136 0.0129
152 0.3718 0.1226 0.2964 0.0756 0.1337
153 0.1853 0.1622 0.4734 0.0527 0.1263
154 0.2786 0.2439 0.2896 0.1337 0.0544
155 0.2015 0.1969 0.1261 0.0033 0.4722
156 0.1115 0.0556 0.0560 0.0032 0.7734
157 0.5684 0.0520 0.0193 0.0700 0.2903
158 0.1044 0.0313 0.0231 0.0067 0.8345
159 0.3943 0.1021 0.1532 0.0052 0.3452
160 0.6938 0.1160 0.0889 0.0034 0.0977
161 0.1192 0.0826 0.0288 0.0160 0.7534
162 0.2947 0.0972 0.0871 0.0040 0.5171
163 0.0084 0.0072 0.0119 0.0007 0.9717
164 0.3716 0.0816 0.3862 0.0070 0.1537
165 0.3938 0.2949 0.1427 0.0832 0.0852
166 0.2389 0.0209 0.0558 0.0550 0.6294
167 0.4727 0.1046 0.0116 0.1014 0.3098
168 0.3337 0.2329 0.1600 0.0580 0.2155
169 0.4177 0.0677 0.2084 0.0487 0.2573
170 0.2805 0.0483 0.5576 0.0021 0.1115
171 0.2484 0.1146 0.1192 0.0042 0.5137
172 0.0936 0.0951 0.0577 0.0114 0.7422
173 0.2394 0.2979 0.1698 0.1271 0.1658
174 0.1888 0.2174 0.3264 0.1019 0.1654
175 0.3650 0.0840 0.0510 0.0052 0.4949
176 0.1937 0.1805 0.4231 0.0235 0.1792
177 0.1241 0.0393 0.0422 0.1544 0.6401
178 0.3545 0.1755 0.1741 0.0110 0.2849
179 0.2666 0.2815 0.4097 0.0159 0.0262
180 0.3713 0.1224 0.3572 0.0743 0.0748
181 0.0020 0.0013 0.0012 0.0004 0.9951
182 0.0037 0.0024 0.0027 0.0004 0.9907
183 0.4211 0.2739 0.1797 0.0137 0.1116
184 0.3523 0.2460 0.2008 0.0048 0.1960
185 0.2642 0.1309 0.2856 0.1035 0.2157
186 0.0621 0.0253 0.0454 0.0104 0.8569
187 0.1315 0.1636 0.2380 0.0715 0.3955
188 0.4187 0.1392 0.1505 0.0170 0.2747
189 0.2673 0.1365 0.1583 0.0109 0.4270
190 0.1418 0.4404 0.2888 0.0881 0.0410
191 0.2537 0.1575 0.1066 0.0087 0.4736
192 0.3071 0.2448 0.3452 0.0048 0.0981
193 0.4060 0.2406 0.2683 0.0069 0.0781
194 0.2571 0.1674 0.2493 0.1064 0.2200
195 0.4548 0.2251 0.2695 0.0072 0.0433
196 0.4651 0.0482 0.4104 0.0198 0.0564
197 0.3174 0.0635 0.0660 0.0047 0.5483
198 0.2294 0.2294 0.4456 0.0336 0.0622
199 0.5361 0.1097 0.1366 0.0061 0.2115
200 0.5786 0.2015 0.0827 0.1122 0.0248
201 0.0568 0.0266 0.0337 0.0010 0.8818
202 0.2500 0.0891 0.4934 0.0558 0.1118
203 0.8232 0.0457 0.0502 0.0105 0.0703
204 0.4819 0.0541 0.2122 0.1436 0.1083
205 0.4797 0.1271 0.1807 0.0108 0.2015
206 0.2703 0.1902 0.1328 0.0166 0.3901
207 0.3328 0.1699 0.2891 0.1355 0.0725
208 0.2798 0.3220 0.2267 0.0874 0.0840
209 0.5347 0.1631 0.2014 0.0217 0.0789
210 0.0808 0.0353 0.0471 0.0144 0.8223
211 0.2600 0.1298 0.1042 0.4387 0.0673
212 0.0858 0.0567 0.0580 0.0049 0.7944
213 0.0723 0.0467 0.0311 0.0025 0.8472
214 0.0464 0.0339 0.0179 0.0066 0.8955
215 0.4465 0.1053 0.1250 0.2729 0.0501
216 0.4263 0.0319 0.2527 0.1260 0.1631
217 0.6743 0.0231 0.1287 0.0315 0.1425
218 0.4880 0.1713 0.2717 0.0159 0.0531
219 0.3269 0.1221 0.3293 0.1005 0.1212
220 0.1493 0.1042 0.0689 0.0084 0.6689
221 0.3384 0.2595 0.1575 0.0191 0.2255
222 0.0773 0.0146 0.0330 0.0036 0.8716
223 0.4460 0.1566 0.3140 0.0334 0.0500
224 0.2025 0.0678 0.0234 0.0050 0.7012
225 0.1407 0.0754 0.0895 0.1243 0.5703
226 0.3228 0.2306 0.2937 0.0097 0.1432
227 0.2930 0.0266 0.0559 0.0142 0.6104
228 0.5947 0.1091 0.2440 0.0096 0.0424
229 0.2754 0.1462 0.3220 0.0077 0.2488
230 0.3193 0.2607 0.1998 0.0930 0.1271
231 0.2072 0.1731 0.1218 0.0274 0.4705
232 0.5625 0.0380 0.1503 0.0667 0.1826
233 0.7168 0.0315 0.1033 0.0026 0.1456
234 0.5508 0.0474 0.1173 0.0052 0.2793
235 0.2686 0.3213 0.2622 0.0728 0.0751
236 0.2339 0.2588 0.1633 0.0573 0.2866
237 0.1831 0.3474 0.2581 0.0071 0.2042
238 0.5049 0.2722 0.1665 0.0325 0.0240
239 0.2500 0.1190 0.4026 0.0096 0.2189
240 0.3572 0.1466 0.3955 0.0275 0.0731
241 0.3145 0.1544 0.1321 0.0198 0.3792
242 0.3079 0.2571 0.3079 0.0784 0.0487
243 0.0932 0.0255 0.0236 0.0071 0.8506
244 0.4492 0.3525 0.1692 0.0042 0.0248
245 0.5566 0.2163 0.1194 0.0055 0.1022
246 0.5151 0.0953 0.2737 0.0909 0.0251
247 0.1196 0.1015 0.1234 0.0041 0.6514
248 0.0358 0.0226 0.0202 0.0047 0.9165
249 0.1306 0.2257 0.3259 0.0919 0.2257
250 0.1024 0.2036 0.3357 0.0862 0.2720
251 0.2393 0.1384 0.0747 0.0083 0.5391
252 0.0898 0.1552 0.1257 0.0571 0.5723
253 0.1075 0.0233 0.0864 0.0594 0.7236
254 0.0309 0.0190 0.0258 0.0006 0.9238
255 0.1414 0.0380 0.0589 0.0039 0.7578
256 0.0780 0.2681 0.3550 0.0352 0.2639
257 0.2512 0.2133 0.0709 0.0060 0.4585
258 0.1632 0.2048 0.2284 0.0026 0.4009
259 0.1497 0.3591 0.4646 0.0063 0.0203
260 0.0804 0.1040 0.4114 0.2006 0.2036
261 0.2500 0.4058 0.1947 0.0188 0.1307
262 0.4275 0.0621 0.1196 0.0045 0.3862
263 0.2832 0.2441 0.3496 0.0077 0.1153
264 0.1823 0.1442 0.3486 0.0075 0.3174
265 0.1993 0.1774 0.2156 0.0381 0.3696
266 0.3438 0.1489 0.2344 0.0157 0.2573
267 0.1750 0.2629 0.1619 0.0087 0.3914
268 0.2610 0.0983 0.4951 0.0759 0.0697
269 0.3210 0.1858 0.1248 0.0294 0.3391
270 0.5288 0.1401 0.2188 0.0532 0.0589
271 0.2820 0.2321 0.3271 0.0201 0.1385
272 0.5547 0.0871 0.0871 0.1298 0.1414
273 0.1879 0.0945 0.1149 0.0675 0.5352
274 0.2289 0.2100 0.3279 0.0027 0.2306
275 0.2468 0.0406 0.0801 0.0020 0.6304
276 0.1927 0.0511 0.1115 0.0275 0.6172
277 0.3193 0.2908 0.3071 0.0316 0.0509
278 0.4756 0.2527 0.2355 0.0099 0.0264
279 0.3694 0.2189 0.1843 0.1678 0.0594
280 0.1603 0.3845 0.1350 0.0369 0.2834
281 0.1722 0.1290 0.1722 0.0509 0.4756
282 0.2462 0.0920 0.3040 0.0316 0.3262
283 0.2588 0.0887 0.1724 0.0155 0.4648
284 0.3560 0.1891 0.2175 0.0040 0.2334
285 0.3140 0.1642 0.2334 0.0069 0.2815
286 0.3491 0.2720 0.2457 0.0077 0.1255
287 0.4431 0.0614 0.1952 0.0050 0.2952
288 0.2598 0.2617 0.3777 0.0401 0.0607
289 0.2413 0.1522 0.2471 0.0164 0.3430
290 0.2281 0.1892 0.4646 0.0050 0.1130
291 0.1830 0.4224 0.1918 0.0019 0.2010
292 0.3750 0.1469 0.2722 0.0021 0.2039
293 0.4106 0.2693 0.1233 0.0044 0.1925
294 0.4509 0.2471 0.1780 0.0027 0.1213
295 0.2915 0.3953 0.2361 0.0146 0.0626
296 0.4656 0.1293 0.2959 0.0018 0.1072
297 0.3118 0.1331 0.1362 0.3218 0.0974
298 0.1278 0.2157 0.2010 0.3528 0.1027
299 0.1857 0.2258 0.5210 0.0045 0.0632
300 0.0699 0.1613 0.6846 0.0786 0.0058
301 0.1484 0.2317 0.5059 0.1086 0.0055
302 0.6313 0.1080 0.1387 0.0032 0.1187
303 0.3955 0.2134 0.3032 0.0014 0.0862
304 0.4568 0.1788 0.1035 0.0087 0.2522
305 0.0742 0.2891 0.3328 0.2251 0.0790
306 0.7231 0.0504 0.1829 0.0383 0.0051
307 0.7441 0.0382 0.1852 0.0277 0.0047
308 0.7681 0.0388 0.1536 0.0343 0.0053
309 0.7681 0.0388 0.1536 0.0343 0.0053
310 0.7681 0.0388 0.1536 0.0343 0.0053
311 0.7612 0.0367 0.1595 0.0356 0.0066
312 0.7866 0.0392 0.1367 0.0312 0.0062
313 0.8062 0.0963 0.0557 0.0202 0.0215
314 0.8047 0.0976 0.0556 0.0205 0.0216
315 0.8062 0.0994 0.0557 0.0162 0.0225
316 0.8062 0.0994 0.0557 0.0161 0.0225
