time exciting_prob fearful_prob tense_prob sad_prob relaxing_prob neutral_prob
0 0.0503 0.0128 0.0149 0.1017 0.8125 0.0078
1 0.0324 0.0345 0.0284 0.1323 0.7612 0.0113
2 0.1326 0.0947 0.0726 0.1295 0.5625 0.0081
3 0.1274 0.1082 0.0621 0.1133 0.5845 0.0042
4 0.0787 0.1494 0.4604 0.2209 0.0220 0.0684
5 0.0484 0.1378 0.5537 0.2380 0.0056 0.0167
6 0.1104 0.6353 0.1241 0.1157 0.0109 0.0033
7 0.2837 0.0201 0.1471 0.0942 0.4497 0.0052
8 0.2058 0.0112 0.0689 0.0913 0.6191 0.0035
9 0.2703 0.0112 0.0283 0.0603 0.6279 0.0020
10 0.0222 0.5630 0.2072 0.1857 0.0126 0.0091
11 0.0292 0.4941 0.2485 0.1681 0.0497 0.0103
12 0.3875 0.0642 0.0262 0.0378 0.4822 0.0023
13 0.0820 0.0396 0.0478 0.1036 0.7251 0.0020
14 0.3506 0.0936 0.1605 0.0966 0.2976 0.0012
15 0.0621 0.0579 0.2235 0.3572 0.2915 0.0079
16 0.0457 0.0491 0.2217 0.5234 0.1465 0.0134
17 0.0367 0.0595 0.2603 0.3191 0.3044 0.0201
18 0.0781 0.0536 0.0657 0.7290 0.0710 0.0026
19 0.0634 0.0302 0.0329 0.8096 0.0615 0.0025
20 0.0746 0.0189 0.0467 0.7651 0.0914 0.0032
21 0.0422 0.0707 0.0586 0.6396 0.1804 0.0082
22 0.1750 0.0967 0.2178 0.3269 0.1473 0.0361
23 0.2477 0.1785 0.2942 0.0607 0.2119 0.0072
24 0.2375 0.2778 0.1006 0.0116 0.3708 0.0016
25 0.2761 0.2573 0.0925 0.0129 0.3601 0.0011
26 0.2212 0.0685 0.1147 0.3647 0.2247 0.0062
27 0.1768 0.1063 0.1910 0.2269 0.2959 0.0031
28 0.2325 0.0855 0.2717 0.1537 0.2554 0.0010
29 0.2020 0.1048 0.3081 0.1675 0.2150 0.0028
30 0.1626 0.1552 0.2559 0.2056 0.2188 0.0021
31 0.1259 0.0173 0.0272 0.2352 0.5732 0.0212
32 0.0619 0.0794 0.0782 0.2524 0.4644 0.0638
33 0.1118 0.2559 0.1135 0.1504 0.3442 0.0240
34 0.3438 0.2593 0.1688 0.0312 0.1943 0.0027
35 0.3020 0.2141 0.1761 0.0144 0.2881 0.0051
36 0.4053 0.1422 0.2053 0.0738 0.1730 0.0004
37 0.1511 0.3457 0.2693 0.0573 0.1753 0.0012
38 0.2717 0.2115 0.2612 0.0797 0.1610 0.0149
39 0.3171 0.0379 0.0327 0.2842 0.3220 0.0060
40 0.1509 0.0586 0.0347 0.3145 0.4365 0.0046
41 0.2656 0.1826 0.2477 0.0145 0.2874 0.0023
42 0.2147 0.0388 0.0931 0.3376 0.3076 0.0082
43 0.3074 0.0654 0.1242 0.0413 0.4580 0.0037
44 0.4817 0.2024 0.1458 0.0898 0.0688 0.0115
45 0.4033 0.2245 0.1555 0.1094 0.0886 0.0189
46 0.2607 0.3350 0.1353 0.0429 0.2162 0.0099
47 0.2078 0.0122 0.0600 0.2795 0.4329 0.0076
48 0.1967 0.0219 0.0412 0.1174 0.6201 0.0025
49 0.1608 0.0116 0.0340 0.0660 0.7261 0.0019
50 0.1824 0.0828 0.0271 0.3801 0.3201 0.0074
51 0.3123 0.2303 0.0348 0.1725 0.2471 0.0030
52 0.3623 0.0861 0.0340 0.2866 0.2097 0.0214
53 0.2267 0.1475 0.4578 0.1140 0.0522 0.0019
54 0.4104 0.2510 0.2321 0.0416 0.0634 0.0014
55 0.3872 0.1075 0.0831 0.1931 0.2056 0.0234
56 0.2759 0.1896 0.0797 0.2002 0.2415 0.0133
57 0.0976 0.6934 0.1115 0.0616 0.0340 0.0019
58 0.3850 0.0372 0.3943 0.0350 0.1484 0.0001
59 0.2681 0.0320 0.4253 0.2008 0.0728 0.0010
60 0.2001 0.2017 0.4043 0.0464 0.1453 0.0022
61 0.1053 0.2129 0.1710 0.4233 0.0808 0.0066
62 0.1099 0.1855 0.1467 0.4382 0.1152 0.0044
63 0.3096 0.0324 0.2954 0.2301 0.1213 0.0110
64 0.3618 0.0501 0.4263 0.0212 0.1395 0.0010
65 0.2964 0.0335 0.3279 0.2134 0.1255 0.0033
66 0.0881 0.0945 0.2632 0.1158 0.3770 0.0615
67 0.0296 0.0767 0.6626 0.1478 0.0720 0.0115
68 0.0270 0.0814 0.7598 0.0364 0.0936 0.0017
69 0.0775 0.3669 0.3291 0.1591 0.0594 0.0079
70 0.1851 0.0295 0.0518 0.0556 0.6768 0.0010
71 0.3098 0.0569 0.1793 0.0097 0.4436 0.0008
72 0.2634 0.0611 0.0531 0.3862 0.1624 0.0737
73 0.1270 0.0501 0.0387 0.0534 0.7197 0.0112
74 0.1799 0.0919 0.1813 0.1285 0.4150 0.0032
75 0.2668 0.0664 0.4102 0.1147 0.1321 0.0098
76 0.2471 0.0822 0.3767 0.0854 0.2048 0.0036
77 0.1816 0.1615 0.3113 0.0673 0.2664 0.0118
78 0.0307 0.0823 0.7988 0.0480 0.0289 0.0110
79 0.1743 0.0891 0.5498 0.0693 0.1161 0.0015
80 0.0640 0.3462 0.3687 0.1356 0.0703 0.0152
81 0.0883 0.0955 0.2186 0.5327 0.0430 0.0220
82 0.2593 0.0480 0.2532 0.2612 0.1741 0.0040
83 0.1992 0.1287 0.2329 0.3062 0.1256 0.0074
84 0.3647 0.0901 0.3591 0.0610 0.1175 0.0074
85 0.2131 0.0676 0.5156 0.0889 0.1072 0.0078
86 0.1897 0.2435 0.0324 0.1225 0.4080 0.0039
87 0.1052 0.2059 0.4678 0.1642 0.0501 0.0068
88 0.2927 0.1155 0.4866 0.0252 0.0788 0.0013
89 0.6157 0.0467 0.2468 0.0231 0.0670 0.0008
90 0.4634 0.0986 0.3110 0.0369 0.0884 0.0018
91 0.3328 0.0502 0.1387 0.1523 0.3101 0.0161
92 0.1821 0.0309 0.1475 0.0391 0.5972 0.0032
93 0.1472 0.0921 0.1592 0.0361 0.5513 0.0144
94 0.2479 0.1218 0.0152 0.0185 0.5947 0.0020
95 0.3889 0.0426 0.2800 0.0875 0.1956 0.0056
96 0.2791 0.0913 0.4060 0.0344 0.1888 0.0004
97 0.1841 0.2220 0.5161 0.0322 0.0411 0.0043
98 0.1749 0.0214 0.0685 0.1709 0.5605 0.0037
99 0.2167 0.2417 0.1624 0.0561 0.3179 0.0054
100 0.3386 0.2637 0.1445 0.0804 0.1677 0.0049
101 0.2037 0.0677 0.4277 0.0322 0.2656 0.0029
102 0.0705 0.1127 0.3811 0.3416 0.0768 0.0174
103 0.2273 0.0386 0.1514 0.0544 0.5244 0.0040
104 0.1997 0.0096 0.0629 0.4866 0.2335 0.0076
105 0.2888 0.3567 0.1014 0.0640 0.1685 0.0208
106 0.6968 0.0546 0.2175 0.0054 0.0248 0.0008
107 0.3525 0.0168 0.1228 0.3994 0.1050 0.0033
108 0.3228 0.1443 0.0917 0.2615 0.0767 0.1031
109 0.4128 0.1201 0.2793 0.0482 0.1279 0.0116
110 0.3521 0.0335 0.2576 0.1743 0.1813 0.0014
111 0.2251 0.0703 0.1186 0.0443 0.5400 0.0017
112 0.3516 0.0340 0.2847 0.2737 0.0503 0.0057
113 0.2942 0.1198 0.1870 0.1990 0.1550 0.0451
114 0.5444 0.1254 0.1754 0.1106 0.0410 0.0032
115 0.1277 0.0871 0.4387 0.0541 0.2856 0.0068
116 0.1342 0.0758 0.6348 0.0490 0.0944 0.0120
117 0.3843 0.1517 0.1119 0.3340 0.0154 0.0028
118 0.2384 0.0891 0.1588 0.0200 0.4929 0.0007
119 0.3459 0.0587 0.1063 0.0692 0.4106 0.0093
120 0.2343 0.1421 0.1560 0.0720 0.3892 0.0065
121 0.0911 0.2273 0.3577 0.1378 0.1841 0.0022
122 0.0995 0.1011 0.6440 0.1119 0.0375 0.0060
123 0.2534 0.0750 0.1715 0.1295 0.3633 0.0073
124 0.2581 0.2124 0.1471 0.0445 0.3237 0.0141
125 0.5186 0.0381 0.1923 0.1923 0.0446 0.0143
126 0.3320 0.0400 0.1212 0.0555 0.4504 0.0009
127 0.4375 0.1205 0.0815 0.0999 0.1560 0.1047
128 0.4319 0.0608 0.2441 0.1092 0.1516 0.0024
129 0.4978 0.0825 0.2369 0.1249 0.0554 0.0024
130 0.1169 0.1049 0.5986 0.0656 0.0940 0.0200
131 0.3979 0.0526 0.2163 0.1659 0.1442 0.0232
132 0.4446 0.0910 0.1824 0.2019 0.0645 0.0157
133 0.0964 0.0558 0.1665 0.6587 0.0070 0.0155
134 0.2147 0.2216 0.3513 0.0888 0.1140 0.0098
135 0.4963 0.0444 0.2238 0.1841 0.0465 0.0048
136 0.2603 0.0576 0.1860 0.4160 0.0723 0.0076
137 0.1383 0.1818 0.4678 0.1818 0.0229 0.0074
138 0.1410 0.1727 0.2634 0.3081 0.0842 0.0305
139 0.2416 0.0968 0.1740 0.4238 0.0543 0.0094
140 0.2437 0.0597 0.2201 0.0720 0.3865 0.0181
141 0.1442 0.1633 0.3376 0.2268 0.0895 0.0385
142 0.3896 0.1125 0.3010 0.0767 0.1188 0.0011
143 0.4800 0.0560 0.2130 0.1909 0.0551 0.0049
144 0.1345 0.3433 0.3542 0.0953 0.0547 0.0178
145 0.2467 0.2111 0.1656 0.3618 0.0071 0.0077
146 0.4607 0.0663 0.2708 0.0275 0.1721 0.0026
147 0.2783 0.1142 0.3057 0.2554 0.0414 0.0053
148 0.3618 0.0997 0.1417 0.0337 0.3618 0.0014
149 0.2810 0.0455 0.1436 0.3040 0.1759 0.0500
150 0.5112 0.1007 0.2003 0.0601 0.1159 0.0116
151 0.6113 0.0659 0.1835 0.0397 0.0982 0.0016
152 0.5503 0.0333 0.1248 0.2190 0.0623 0.0102
153 0.1309 0.2350 0.4426 0.1163 0.0435 0.0318
154 0.1626 0.2830 0.4558 0.0343 0.0504 0.0138
155 0.0207 0.2688 0.4395 0.2013 0.0489 0.0209
156 0.1350 0.2791 0.4602 0.0793 0.0405 0.0057
157 0.1376 0.2571 0.4727 0.0506 0.0625 0.0197
158 0.1960 0.0519 0.2896 0.3604 0.0368 0.0651
159 0.4343 0.1151 0.1769 0.1489 0.1179 0.0069
160 0.2408 0.1085 0.3970 0.1383 0.1102 0.0050
161 0.3628 0.1224 0.3103 0.1160 0.0703 0.0182
162 0.2186 0.1152 0.1813 0.2742 0.0843 0.1265
163 0.4651 0.0538 0.0691 0.1242 0.2776 0.0102
164 0.1487 0.2321 0.4041 0.1954 0.0182 0.0015
165 0.0581 0.1542 0.7129 0.0599 0.0145 0.0003
166 0.1631 0.2229 0.3096 0.1250 0.1605 0.0189
167 0.0703 0.2573 0.5449 0.0602 0.0507 0.0168
168 0.3442 0.0266 0.1588 0.4153 0.0417 0.0134
169 0.2729 0.0237 0.1094 0.5181 0.0576 0.0186
170 0.1506 0.0701 0.4033 0.1630 0.0958 0.1174
171 0.4907 0.0577 0.0937 0.2468 0.0873 0.0237
172 0.2922 0.0086 0.1946 0.2661 0.2347 0.0039
173 0.3599 0.0370 0.2019 0.3276 0.0709 0.0025
174 0.3594 0.1808 0.2180 0.1071 0.1333 0.0015
175 0.1980 0.0349 0.5337 0.2026 0.0252 0.0054
176 0.2573 0.0561 0.1421 0.2201 0.2380 0.0862
177 0.3503 0.0323 0.4094 0.1554 0.0497 0.0028
178 0.7305 0.0228 0.0826 0.0529 0.1078 0.0033
179 0.2695 0.0237 0.4241 0.2269 0.0552 0.0006
180 0.1978 0.0251 0.2139 0.5132 0.0485 0.0019
181 0.1915 0.2153 0.4348 0.1100 0.0473 0.0010
182 0.1882 0.2004 0.2761 0.2698 0.0630 0.0024
183 0.5254 0.0405 0.1414 0.2106 0.0757 0.0068
184 0.2969 0.0212 0.2384 0.2311 0.2104 0.0020
185 0.2460 0.0540 0.4185 0.1552 0.1199 0.0067
186 0.2152 0.0651 0.2401 0.2720 0.1990 0.0086
187 0.3389 0.0363 0.1109 0.1857 0.3208 0.0073
188 0.4946 0.0304 0.1222 0.2111 0.1290 0.0126
189 0.2031 0.0665 0.4072 0.1632 0.1475 0.0126
190 0.2932 0.0279 0.3145 0.2732 0.0873 0.0040
191 0.1697 0.0152 0.3706 0.3271 0.0777 0.0397
192 0.1908 0.3049 0.1222 0.3591 0.0216 0.0014
193 0.2411 0.0400 0.4795 0.2162 0.0217 0.0015
194 0.2681 0.1162 0.3037 0.1758 0.0963 0.0399
195 0.2600 0.0871 0.2090 0.1787 0.1050 0.1602
196 0.1594 0.0923 0.4473 0.0654 0.0834 0.1522
197 0.2820 0.1396 0.1779 0.3074 0.0916 0.0014
198 0.1101 0.0618 0.6235 0.1602 0.0405 0.0037
199 0.2854 0.0699 0.2054 0.3335 0.0744 0.0313
200 0.6626 0.0511 0.1305 0.0330 0.1207 0.0022
201 0.4563 0.0678 0.3210 0.0870 0.0678 0.0002
202 0.2200 0.3740 0.2654 0.0754 0.0468 0.0185
203 0.0941 0.0194 0.1049 0.6738 0.0780 0.0298
204 0.4661 0.0856 0.1478 0.0933 0.2004 0.0067
205 0.3582 0.0285 0.1843 0.3608 0.0647 0.0034
206 0.0844 0.1436 0.2769 0.3667 0.0618 0.0668
207 0.3394 0.0467 0.0886 0.2208 0.3018 0.0027
208 0.2130 0.0391 0.3052 0.3567 0.0834 0.0028
209 0.5010 0.0844 0.1493 0.0978 0.1493 0.0184
210 0.3032 0.0602 0.2739 0.3079 0.0523 0.0026
211 0.2284 0.1475 0.0615 0.5107 0.0446 0.0072
212 0.1346 0.0469 0.1783 0.3601 0.2476 0.0325
213 0.3489 0.0749 0.4624 0.0388 0.0743 0.0007
214 0.4578 0.0629 0.3916 0.0475 0.0397 0.0004
215 0.4697 0.0743 0.1082 0.1335 0.2036 0.0105
216 0.1198 0.1315 0.4312 0.2102 0.0993 0.0080
217 0.4148 0.0145 0.0738 0.2720 0.2169 0.0078
218 0.3474 0.0352 0.1339 0.3289 0.1494 0.0052
219 0.1569 0.0649 0.3618 0.2335 0.0886 0.0944
220 0.1573 0.0829 0.2593 0.4277 0.0121 0.0606
221 0.2224 0.0594 0.4529 0.1963 0.0679 0.0010
222 0.1804 0.1342 0.4229 0.1736 0.0707 0.0183
223 0.2393 0.0713 0.3323 0.2798 0.0252 0.0522
224 0.1204 0.3076 0.5151 0.0233 0.0214 0.0123
225 0.2910 0.1765 0.3323 0.0551 0.1396 0.0053
226 0.2352 0.3091 0.3396 0.0334 0.0826 0.0002
227 0.6743 0.0516 0.1228 0.1058 0.0438 0.0018
228 0.3760 0.1394 0.3318 0.0529 0.0996 0.0005
229 0.7881 0.0175 0.0147 0.0688 0.1075 0.0034
230 0.2476 0.1073 0.0666 0.5532 0.0195 0.0056
231 0.4092 0.0344 0.0717 0.4028 0.0763 0.0057
232 0.3186 0.1118 0.3755 0.0431 0.1505 0.0006
233 0.5298 0.0489 0.2010 0.1641 0.0554 0.0008
234 0.1611 0.1274 0.2656 0.2576 0.1854 0.0027
235 0.1810 0.1624 0.2676 0.3279 0.0597 0.0013
236 0.1327 0.0274 0.3840 0.1392 0.3135 0.0032
237 0.4189 0.0652 0.1051 0.3418 0.0668 0.0022
238 0.5142 0.0204 0.0820 0.2976 0.0826 0.0033
239 0.6118 0.0295 0.0888 0.2147 0.0502 0.0049
240 0.2502 0.2705 0.3557 0.0405 0.0819 0.0011
241 0.4397 0.1643 0.3118 0.0229 0.0609 0.0004
242 0.2170 0.1976 0.2617 0.2810 0.0417 0.0008
243 0.3530 0.1094 0.3586 0.1220 0.0563 0.0005
244 0.4043 0.0635 0.2778 0.0605 0.1895 0.0046
245 0.3274 0.0754 0.1925 0.0510 0.3513 0.0022
246 0.2966 0.1338 0.2366 0.0941 0.2366 0.0023
247 0.2795 0.0609 0.2908 0.1791 0.1643 0.0254
248 0.5493 0.0287 0.1274 0.1082 0.1797 0.0067
249 0.2080 0.0359 0.2489 0.3511 0.1429 0.0133
250 0.1462 0.2161 0.2281 0.0989 0.3071 0.0036
251 0.1854 0.1525 0.2052 0.1133 0.3179 0.0257
252 0.4758 0.0217 0.0559 0.3481 0.0873 0.0111
253 0.4463 0.0996 0.1860 0.0595 0.2059 0.0026
254 0.1814 0.0688 0.2404 0.1162 0.3469 0.0462
255 0.2285 0.1140 0.3074 0.2146 0.1242 0.0113
256 0.4141 0.0091 0.0337 0.4880 0.0491 0.0061
257 0.3225 0.0298 0.4341 0.1168 0.0953 0.0015
258 0.3667 0.0717 0.1425 0.3784 0.0363 0.0044
259 0.6396 0.0252 0.0299 0.1982 0.0853 0.0216
260 0.4187 0.1359 0.2441 0.0850 0.1034 0.0129
261 0.1871 0.1552 0.2559 0.2294 0.1481 0.0244
262 0.3872 0.0418 0.0941 0.4387 0.0185 0.0197
263 0.2476 0.0631 0.2554 0.3835 0.0469 0.0035
264 0.1504 0.0716 0.3523 0.3416 0.0594 0.0247
265 0.4583 0.0178 0.0645 0.3596 0.0983 0.0017
266 0.2147 0.0649 0.1924 0.1323 0.2935 0.1022
267 0.0737 0.2004 0.6470 0.0565 0.0118 0.0106
268 0.2603 0.0793 0.4939 0.1382 0.0227 0.0056
269 0.4009 0.0840 0.2471 0.1765 0.0778 0.0136
270 0.4863 0.0712 0.1146 0.2297 0.0555 0.0425
271 0.6006 0.0187 0.0533 0.2141 0.1027 0.0108
272 0.7388 0.0259 0.0597 0.0565 0.1169 0.0024
273 0.7456 0.0312 0.0357 0.1236 0.0575 0.0064
274 0.1346 0.0437 0.0970 0.5942 0.0473 0.0830
275 0.1711 0.0573 0.0630 0.3298 0.0382 0.3403
276 0.1661 0.1796 0.0822 0.2654 0.0574 0.2493
277 0.2979 0.0834 0.0214 0.2979 0.0486 0.2507
278 0.2622 0.1052 0.0276 0.2369 0.0415 0.3264
279 0.2627 0.1061 0.0277 0.2374 0.0416 0.3245
280 0.3835 0.1040 0.0227 0.2380 0.0434 0.2085
281 0.4316 0.1135 0.0212 0.2040 0.0455 0.1842
