time exciting_prob fearful_prob tense_prob sad_prob relaxing_prob neutral_prob
0 0.1136 0.1553 0.1349 0.1288 0.0181 0.4492
1 0.1331 0.3672 0.2524 0.1372 0.0326 0.0776
2 0.0953 0.3149 0.2651 0.2034 0.0429 0.0784
3 0.0670 0.3564 0.2338 0.1670 0.0319 0.1440
4 0.2000 0.0908 0.3123 0.3428 0.0021 0.0522
5 0.1461 0.2732 0.2062 0.1682 0.0381 0.1682
6 0.2157 0.1229 0.1566 0.0304 0.4531 0.0212
7 0.1864 0.2932 0.1864 0.0922 0.0526 0.1893
8 0.1257 0.0323 0.2106 0.4456 0.0864 0.0994
9 0.0844 0.0562 0.0528 0.4705 0.0130 0.3232
10 0.0550 0.0729 0.2428 0.1165 0.0663 0.4465
11 0.0885 0.1760 0.2725 0.1328 0.0489 0.2812
12 0.1421 0.1283 0.4016 0.2288 0.0317 0.0676
13 0.0963 0.2345 0.4021 0.1000 0.1065 0.0607
14 0.2583 0.0240 0.2837 0.0201 0.4062 0.0077
15 0.1569 0.0111 0.1212 0.3704 0.2732 0.0674
16 0.1685 0.0115 0.1659 0.1823 0.4270 0.0450
17 0.4360 0.0723 0.1761 0.0107 0.2815 0.0231
18 0.4026 0.1136 0.2025 0.0383 0.2330 0.0098
19 0.4873 0.1006 0.2957 0.0114 0.0959 0.0093
20 0.4683 0.0724 0.2212 0.0085 0.2247 0.0050
21 0.3296 0.0670 0.1820 0.0853 0.2690 0.0670
22 0.3318 0.0619 0.2485 0.0369 0.2793 0.0415
23 0.2375 0.1204 0.2712 0.0252 0.3147 0.0307
24 0.3872 0.0905 0.2258 0.0421 0.2349 0.0194
25 0.2554 0.0754 0.0947 0.1824 0.2235 0.1687
26 0.3831 0.0772 0.2397 0.0531 0.2067 0.0404
27 0.5269 0.1029 0.1241 0.0113 0.2230 0.0119
28 0.2544 0.0839 0.1776 0.0525 0.3423 0.0893
29 0.5474 0.0406 0.1497 0.0201 0.2079 0.0342
30 0.4412 0.0779 0.2593 0.0382 0.1700 0.0132
31 0.4172 0.0403 0.2322 0.0209 0.2822 0.0070
32 0.5566 0.0475 0.0670 0.0436 0.2096 0.0759
33 0.2891 0.0640 0.2512 0.0665 0.1647 0.1647
34 0.2771 0.0988 0.3787 0.0428 0.1483 0.0541
35 0.2452 0.1647 0.3076 0.0185 0.2532 0.0108
36 0.1725 0.0960 0.5029 0.0391 0.1659 0.0235
37 0.2183 0.0889 0.4241 0.0122 0.2397 0.0170
38 0.4180 0.1455 0.1854 0.0511 0.1854 0.0145
39 0.4941 0.0950 0.1230 0.0568 0.2211 0.0099
40 0.2131 0.1674 0.1866 0.2269 0.1243 0.0815
41 0.5083 0.0444 0.1841 0.0227 0.2345 0.0061
42 0.4275 0.0992 0.2324 0.0388 0.1912 0.0110
43 0.4895 0.0927 0.1339 0.0122 0.2661 0.0054
44 0.4866 0.0782 0.2061 0.0164 0.2076 0.0050
45 0.4292 0.1350 0.2465 0.0415 0.0865 0.0613
46 0.2937 0.1097 0.3054 0.0842 0.1234 0.0835
47 0.4023 0.1976 0.2944 0.0054 0.0986 0.0015
48 0.3240 0.0775 0.3115 0.0470 0.2141 0.0260
49 0.2510 0.0260 0.3301 0.1420 0.1766 0.0742
50 0.1437 0.0851 0.4709 0.2139 0.0311 0.0554
51 0.2593 0.1622 0.2986 0.0917 0.1675 0.0208
52 0.4641 0.0525 0.2484 0.0088 0.1980 0.0283
53 0.4055 0.1814 0.1827 0.0289 0.1613 0.0402
54 0.5249 0.0466 0.2122 0.0114 0.1902 0.0147
55 0.2463 0.1102 0.4565 0.1530 0.0268 0.0073
56 0.2347 0.0414 0.2257 0.0166 0.4419 0.0395
57 0.4099 0.0403 0.3479 0.0176 0.1708 0.0137
58 0.4006 0.0436 0.2976 0.0140 0.2247 0.0193
59 0.1681 0.0658 0.2445 0.1904 0.2949 0.0361
60 0.3318 0.0217 0.1630 0.0538 0.3167 0.1129
61 0.3938 0.2092 0.1803 0.0176 0.1875 0.0114
62 0.4646 0.1581 0.1967 0.0160 0.1556 0.0092
63 0.4021 0.1082 0.3494 0.0863 0.0492 0.0048
64 0.5898 0.1091 0.1914 0.0548 0.0503 0.0045
65 0.5352 0.0821 0.2231 0.0498 0.0887 0.0209
66 0.5381 0.0352 0.1903 0.0163 0.2042 0.0161
67 0.2847 0.1031 0.3054 0.0210 0.2571 0.0286
68 0.3408 0.0557 0.1598 0.0247 0.3987 0.0203
69 0.3279 0.0671 0.2532 0.0720 0.2117 0.0682
70 0.2463 0.0618 0.1494 0.0268 0.4976 0.0180
71 0.5283 0.0377 0.1514 0.0557 0.1715 0.0553
72 0.4680 0.1405 0.2061 0.0150 0.1681 0.0024
73 0.4314 0.1017 0.1650 0.0177 0.2764 0.0080
74 0.3418 0.0668 0.2157 0.0201 0.3313 0.0242
75 0.4507 0.0724 0.1969 0.0250 0.2000 0.0551
76 0.2500 0.0956 0.2139 0.0363 0.3499 0.0541
77 0.3643 0.1094 0.1846 0.0470 0.2227 0.0723
78 0.2900 0.0948 0.2441 0.0299 0.3337 0.0074
79 0.3069 0.1631 0.0638 0.0095 0.4397 0.0169
80 0.2913 0.0703 0.2269 0.0625 0.3352 0.0137
81 0.5278 0.0842 0.1853 0.0194 0.1714 0.0119
82 0.2959 0.0748 0.1986 0.1132 0.2693 0.0483
83 0.2830 0.0523 0.2659 0.0232 0.3440 0.0315
84 0.3540 0.0334 0.2756 0.0867 0.2147 0.0356
85 0.3901 0.0485 0.2367 0.0246 0.2661 0.0341
86 0.2429 0.2429 0.2410 0.0093 0.2627 0.0012
87 0.5762 0.1338 0.1515 0.0333 0.1017 0.0033
88 0.3315 0.0290 0.2261 0.1137 0.1093 0.1904
89 0.1937 0.1147 0.0944 0.0670 0.4365 0.0937
90 0.4473 0.0952 0.0967 0.0453 0.2776 0.0379
91 0.1121 0.0254 0.1581 0.5605 0.0735 0.0702
92 0.0854 0.0635 0.3328 0.3770 0.0351 0.1063
93 0.4045 0.0709 0.2847 0.0359 0.1926 0.0113
94 0.3411 0.0430 0.2069 0.1702 0.2118 0.0269
95 0.2262 0.0415 0.2012 0.0233 0.4866 0.0212
96 0.4280 0.0338 0.1770 0.0190 0.3157 0.0265
97 0.3374 0.0258 0.1807 0.0587 0.3511 0.0464
98 0.1827 0.0386 0.1930 0.0088 0.5586 0.0184
99 0.3376 0.0610 0.2284 0.0324 0.3147 0.0260
100 0.1042 0.0906 0.5552 0.1471 0.0244 0.0787
101 0.3662 0.0631 0.1276 0.2537 0.1538 0.0357
102 0.2954 0.0702 0.2079 0.1764 0.2430 0.0070
103 0.4893 0.0455 0.0421 0.0157 0.4023 0.0050
104 0.2039 0.0276 0.1126 0.1153 0.4668 0.0739
105 0.2688 0.0718 0.1473 0.0222 0.4468 0.0429
106 0.3362 0.0693 0.1379 0.0285 0.4216 0.0066
107 0.3708 0.0569 0.1022 0.0502 0.3567 0.0634
108 0.3931 0.1886 0.2898 0.0267 0.0905 0.0114
109 0.3137 0.0500 0.1307 0.0964 0.3813 0.0278
110 0.1023 0.0132 0.0353 0.0035 0.8433 0.0026
111 0.0345 0.0205 0.0698 0.0107 0.8633 0.0014
112 0.1050 0.0652 0.0898 0.0233 0.7119 0.0047
113 0.2542 0.0878 0.2314 0.0449 0.3640 0.0177
114 0.1545 0.2146 0.0479 0.5269 0.0538 0.0019
115 0.0571 0.0098 0.0408 0.0188 0.8730 0.0006
116 0.0229 0.0080 0.0193 0.0056 0.9434 0.0009
117 0.0853 0.0154 0.0654 0.0350 0.7969 0.0018
118 0.3245 0.2079 0.2394 0.1071 0.0975 0.0237
119 0.0750 0.0354 0.0127 0.0053 0.8647 0.0068
120 0.0707 0.3589 0.3533 0.1438 0.0619 0.0115
121 0.0228 0.0370 0.0443 0.0049 0.8828 0.0082
122 0.0226 0.0092 0.0299 0.0069 0.9302 0.0010
123 0.0447 0.0127 0.0308 0.0054 0.9058 0.0005
124 0.0111 0.0033 0.0199 0.0051 0.9604 0.0004
125 0.1490 0.0593 0.1456 0.0141 0.6274 0.0043
126 0.4714 0.0493 0.1761 0.0428 0.2192 0.0409
127 0.1460 0.0148 0.0663 0.0858 0.6646 0.0226
128 0.4397 0.0350 0.0712 0.0139 0.4363 0.0040
129 0.2649 0.0686 0.2798 0.2607 0.0894 0.0364
130 0.3640 0.0254 0.0648 0.0525 0.4824 0.0109
131 0.1440 0.1046 0.2864 0.0201 0.4299 0.0149
132 0.0363 0.0349 0.0409 0.0087 0.8735 0.0056
133 0.0718 0.0326 0.0309 0.0256 0.8276 0.0114
134 0.1993 0.3499 0.2878 0.1277 0.0178 0.0173
135 0.1497 0.2817 0.4197 0.0866 0.0419 0.0204
136 0.0334 0.0130 0.0238 0.0042 0.9229 0.0026
137 0.4150 0.0374 0.1945 0.1117 0.2023 0.0392
138 0.3235 0.0994 0.3062 0.0174 0.2480 0.0054
139 0.4736 0.1170 0.1742 0.0876 0.1326 0.0150
140 0.1691 0.0469 0.0986 0.0052 0.6792 0.0010
141 0.0215 0.0073 0.0159 0.0017 0.9526 0.0008
142 0.2390 0.0155 0.0685 0.1061 0.5601 0.0107
143 0.1980 0.0349 0.1210 0.3557 0.2445 0.0459
144 0.0258 0.0053 0.0246 0.0038 0.9395 0.0010
145 0.0548 0.0196 0.0287 0.0101 0.8853 0.0016
146 0.6616 0.0440 0.1302 0.0178 0.1312 0.0152
147 0.7344 0.0884 0.0627 0.0073 0.1017 0.0057
148 0.0270 0.0114 0.0338 0.0126 0.9146 0.0006
149 0.0313 0.0224 0.0431 0.0031 0.8999 0.0004
150 0.0600 0.0084 0.0381 0.0179 0.8750 0.0008
151 0.4255 0.0459 0.1666 0.0529 0.2314 0.0775
152 0.3896 0.0392 0.1884 0.0241 0.3464 0.0123
153 0.4963 0.0441 0.1587 0.0251 0.2615 0.0143
154 0.3230 0.0992 0.0911 0.0377 0.4114 0.0377
155 0.0195 0.3193 0.1395 0.4038 0.0190 0.0989
156 0.0738 0.0447 0.1065 0.0325 0.7393 0.0031
157 0.3677 0.1353 0.2196 0.0243 0.1953 0.0577
158 0.3027 0.0697 0.2268 0.0163 0.3711 0.0134
159 0.2184 0.2676 0.1151 0.0108 0.3833 0.0050
160 0.0699 0.0484 0.0817 0.0112 0.7881 0.0008
161 0.0119 0.0058 0.0148 0.0040 0.9590 0.0042
162 0.1165 0.1604 0.1416 0.0126 0.5513 0.0179
163 0.1672 0.0433 0.1442 0.0373 0.6069 0.0013
164 0.0833 0.0331 0.1556 0.0356 0.6919 0.0005
165 0.0481 0.0287 0.0095 0.0023 0.9077 0.0036
166 0.0790 0.0506 0.0902 0.0110 0.7554 0.0139
167 0.1407 0.0534 0.2249 0.0185 0.5610 0.0016
168 0.0598 0.1703 0.6089 0.0837 0.0716 0.0060
169 0.0337 0.2610 0.3147 0.0916 0.2734 0.0258
170 0.0203 0.2322 0.1986 0.3486 0.1837 0.0167
171 0.0262 0.0154 0.0110 0.0013 0.9453 0.0006
172 0.0434 0.0395 0.0484 0.0021 0.8652 0.0015
173 0.0545 0.2856 0.1932 0.2057 0.1759 0.0851
174 0.0621 0.2593 0.2134 0.0476 0.4050 0.0126
175 0.0867 0.1149 0.5073 0.1956 0.0803 0.0154
176 0.1312 0.1969 0.2321 0.3887 0.0302 0.0211
177 0.1550 0.2598 0.4248 0.1237 0.0225 0.0142
178 0.0275 0.0855 0.4275 0.3489 0.1031 0.0076
179 0.0158 0.0543 0.0385 0.8628 0.0024 0.0261
180 0.1005 0.0151 0.0316 0.0022 0.8481 0.0024
181 0.0440 0.0108 0.0230 0.0016 0.9194 0.0010
182 0.0430 0.0122 0.0499 0.0021 0.8916 0.0008
183 0.0283 0.0087 0.0106 0.0009 0.9507 0.0007
184 0.2170 0.0641 0.3962 0.0652 0.1412 0.1162
185 0.2032 0.1440 0.2267 0.0324 0.3623 0.0314
186 0.0254 0.2026 0.4158 0.3140 0.0118 0.0306
187 0.0722 0.1874 0.5684 0.0769 0.0558 0.0396
188 0.0827 0.1166 0.3071 0.2886 0.0244 0.1805
189 0.1783 0.0715 0.2496 0.3660 0.0503 0.0842
190 0.0575 0.0294 0.1337 0.7002 0.0532 0.0259
191 0.2742 0.1368 0.1049 0.4280 0.0185 0.0374
192 0.5127 0.1771 0.1368 0.0598 0.1025 0.0111
193 0.2651 0.0620 0.3328 0.1168 0.1956 0.0277
194 0.5205 0.0580 0.1677 0.0511 0.1576 0.0448
195 0.1744 0.0220 0.1626 0.0187 0.6040 0.0180
196 0.0724 0.0164 0.5566 0.2321 0.1054 0.0169
197 0.2148 0.1080 0.0731 0.0123 0.5840 0.0076
198 0.1910 0.0931 0.1621 0.0192 0.5190 0.0153
199 0.3716 0.0977 0.1346 0.0255 0.3438 0.0267
200 0.3711 0.0635 0.1252 0.1442 0.2610 0.0351
201 0.6670 0.1039 0.0671 0.0109 0.1488 0.0026
202 0.4429 0.0886 0.1438 0.0170 0.3020 0.0059
203 0.3230 0.0721 0.1326 0.0507 0.3958 0.0261
204 0.2059 0.1094 0.3066 0.0169 0.3394 0.0217
205 0.5688 0.0471 0.1531 0.0350 0.1580 0.0384
206 0.4336 0.0479 0.2981 0.0367 0.1418 0.0419
207 0.0784 0.0224 0.2629 0.5654 0.0166 0.0543
208 0.0922 0.0171 0.1428 0.7026 0.0126 0.0326
209 0.1697 0.0419 0.1594 0.6113 0.0084 0.0093
210 0.1175 0.0319 0.1096 0.6870 0.0290 0.0252
211 0.6533 0.0276 0.0787 0.0948 0.1349 0.0106
212 0.4419 0.0963 0.1152 0.0315 0.3083 0.0068
213 0.4238 0.0223 0.1168 0.4043 0.0135 0.0192
214 0.4758 0.0158 0.0596 0.2690 0.1545 0.0252
215 0.2157 0.0157 0.0980 0.6387 0.0069 0.0248
216 0.1815 0.0459 0.1705 0.5093 0.0435 0.0496
217 0.0936 0.0272 0.0839 0.7593 0.0076 0.0283
218 0.1398 0.0382 0.1243 0.6514 0.0214 0.0249
219 0.2003 0.1000 0.2593 0.3984 0.0385 0.0034
220 0.0467 0.0775 0.3264 0.5381 0.0031 0.0084
221 0.3176 0.2252 0.2891 0.1409 0.0253 0.0020
222 0.0981 0.0201 0.2466 0.5732 0.0193 0.0428
223 0.0967 0.0192 0.2318 0.6206 0.0256 0.0062
224 0.3538 0.0615 0.2250 0.1096 0.2357 0.0144
225 0.1084 0.0268 0.0768 0.7295 0.0294 0.0292
226 0.4187 0.0598 0.2172 0.0678 0.2277 0.0088
227 0.5273 0.1272 0.1808 0.0560 0.0875 0.0211
228 0.4719 0.0381 0.2798 0.1013 0.1045 0.0043
229 0.6616 0.0367 0.0616 0.0803 0.1500 0.0097
230 0.2996 0.0076 0.0408 0.6289 0.0073 0.0157
231 0.3230 0.0113 0.0810 0.5122 0.0203 0.0523
232 0.4414 0.0755 0.1456 0.1346 0.1757 0.0271
233 0.2147 0.0144 0.0771 0.5659 0.0216 0.1063
234 0.5488 0.0392 0.0842 0.1973 0.1081 0.0223
235 0.7217 0.0296 0.1024 0.0499 0.0842 0.0124
236 0.6133 0.0081 0.0837 0.2556 0.0291 0.0099
237 0.6904 0.0250 0.1003 0.0781 0.0957 0.0103
238 0.2695 0.0188 0.0583 0.5981 0.0423 0.0127
239 0.2493 0.0356 0.0991 0.5884 0.0221 0.0053
240 0.2179 0.0361 0.0644 0.6064 0.0319 0.0432
241 0.1677 0.1758 0.1718 0.4087 0.0285 0.0477
242 0.2979 0.0216 0.1620 0.4988 0.0067 0.0131
243 0.1891 0.0173 0.1708 0.5913 0.0122 0.0192
244 0.2375 0.0309 0.1710 0.5352 0.0195 0.0057
245 0.2568 0.0828 0.1522 0.4651 0.0067 0.0364
246 0.1953 0.0765 0.2842 0.3481 0.0295 0.0665
247 0.1434 0.0933 0.0986 0.6431 0.0191 0.0027
248 0.3848 0.0350 0.1790 0.2408 0.1289 0.0316
249 0.3083 0.0593 0.3467 0.0993 0.1599 0.0265
250 0.3169 0.0132 0.1203 0.5142 0.0141 0.0211
251 0.1644 0.0542 0.2393 0.5146 0.0068 0.0209
252 0.3032 0.0507 0.1455 0.4377 0.0487 0.0144
253 0.2256 0.0465 0.1236 0.3059 0.2401 0.0584
254 0.6895 0.0407 0.0289 0.1305 0.0870 0.0236
255 0.0736 0.0406 0.1880 0.6069 0.0714 0.0197
256 0.0606 0.0579 0.2893 0.4551 0.0671 0.0698
257 0.0814 0.0497 0.0429 0.8027 0.0071 0.0164
258 0.0457 0.0187 0.0568 0.8755 0.0020 0.0015
259 0.3601 0.0621 0.1206 0.4080 0.0159 0.0335
260 0.4043 0.0578 0.1766 0.2490 0.0867 0.0255
261 0.4526 0.0184 0.1902 0.2725 0.0428 0.0234
262 0.0607 0.1237 0.5371 0.2576 0.0037 0.0173
263 0.0890 0.4888 0.2496 0.1514 0.0083 0.0128
264 0.1719 0.0504 0.2258 0.4285 0.0871 0.0363
265 0.4531 0.2225 0.1995 0.0316 0.0858 0.0074
266 0.1256 0.0488 0.2137 0.4282 0.1208 0.0627
267 0.2219 0.0698 0.1169 0.3230 0.0842 0.1840
268 0.2219 0.0698 0.1169 0.3230 0.0842 0.1840
269 0.2219 0.0698 0.1169 0.3230 0.0842 0.1840
270 0.2219 0.0698 0.1169 0.3230 0.0842 0.1840
