time exciting_prob fearful_prob tense_prob sad_prob relaxing_prob neutral_prob
0 0.2537 0.3013 0.0811 0.2039 0.0404 0.1198
1 0.4995 0.1686 0.1224 0.0772 0.1080 0.0243
2 0.4329 0.2013 0.1497 0.0936 0.0966 0.0258
3 0.1609 0.1940 0.1609 0.3711 0.0660 0.0472
4 0.3533 0.3818 0.1804 0.0486 0.0297 0.0062
5 0.3889 0.1187 0.3684 0.0426 0.0565 0.0249
6 0.2876 0.2137 0.3208 0.1516 0.0199 0.0062
7 0.3171 0.1724 0.3074 0.0615 0.0735 0.0681
8 0.1705 0.3137 0.2368 0.1360 0.1219 0.0212
9 0.7368 0.0331 0.0801 0.0509 0.0860 0.0129
10 0.6367 0.0903 0.1245 0.0797 0.0444 0.0243
11 0.4775 0.0421 0.0417 0.2256 0.1433 0.0699
12 0.4697 0.0544 0.0767 0.1466 0.1927 0.0597
13 0.3513 0.0471 0.0601 0.2590 0.1046 0.1780
14 0.5054 0.0456 0.0481 0.1949 0.1201 0.0858
15 0.5420 0.0920 0.1349 0.0225 0.1963 0.0125
16 0.6235 0.1360 0.1010 0.0405 0.0912 0.0077
17 0.1681 0.1721 0.5645 0.0752 0.0168 0.0035
18 0.2002 0.1909 0.4407 0.1293 0.0295 0.0096
19 0.4524 0.2054 0.1152 0.1730 0.0477 0.0063
20 0.5244 0.0756 0.0726 0.0704 0.2537 0.0033
21 0.3064 0.0331 0.0378 0.0554 0.5635 0.0041
22 0.5386 0.1013 0.0403 0.0820 0.2317 0.0060
23 0.1578 0.0281 0.0695 0.3613 0.3584 0.0248
24 0.5088 0.0598 0.0278 0.3723 0.0218 0.0092
25 0.5479 0.0696 0.1104 0.0610 0.2030 0.0083
26 0.4539 0.0435 0.1696 0.0729 0.2566 0.0035
27 0.5254 0.1641 0.1404 0.0751 0.0663 0.0287
28 0.5801 0.2290 0.1032 0.0380 0.0368 0.0128
29 0.2522 0.0613 0.1707 0.3042 0.1068 0.1051
30 0.1918 0.4712 0.2993 0.0201 0.0121 0.0055
31 0.2225 0.1494 0.5684 0.0415 0.0121 0.0062
32 0.1403 0.3965 0.3313 0.0477 0.0044 0.0799
33 0.1344 0.2590 0.2800 0.2632 0.0319 0.0314
34 0.2930 0.4946 0.1260 0.0521 0.0151 0.0192
35 0.1874 0.2925 0.4531 0.0412 0.0096 0.0161
36 0.2937 0.3008 0.2133 0.1047 0.0192 0.0682
37 0.0409 0.2468 0.4333 0.1849 0.0680 0.0260
38 0.0770 0.7778 0.0685 0.0605 0.0128 0.0032
39 0.1710 0.1570 0.4133 0.2393 0.0065 0.0129
40 0.1107 0.1031 0.2915 0.3923 0.0097 0.0925
41 0.0488 0.1199 0.7231 0.0857 0.0016 0.0207
42 0.0381 0.2600 0.6143 0.0623 0.0016 0.0240
43 0.4343 0.0410 0.0755 0.2495 0.1898 0.0098
44 0.4873 0.0660 0.1046 0.0887 0.2469 0.0063
45 0.6040 0.1564 0.0528 0.0699 0.1075 0.0095
46 0.5806 0.1423 0.0434 0.0424 0.1842 0.0069
47 0.4133 0.1166 0.1670 0.1148 0.1777 0.0105
48 0.5176 0.0415 0.1249 0.1616 0.1350 0.0191
49 0.5933 0.0976 0.0149 0.0214 0.2673 0.0055
50 0.6104 0.1193 0.0238 0.0246 0.2177 0.0041
51 0.0999 0.1511 0.4878 0.1609 0.0012 0.0991
52 0.3020 0.1964 0.1404 0.2949 0.0262 0.0402
53 0.2059 0.2075 0.1415 0.3818 0.0258 0.0375
54 0.3176 0.2959 0.1687 0.1852 0.0083 0.0243
55 0.2771 0.2971 0.2091 0.1415 0.0663 0.0088
56 0.3730 0.1270 0.2583 0.0419 0.1936 0.0062
57 0.3433 0.1031 0.2002 0.1334 0.2148 0.0052
58 0.6875 0.0681 0.0692 0.0223 0.1385 0.0143
59 0.5278 0.0822 0.1056 0.1244 0.1234 0.0365
60 0.3381 0.1107 0.1196 0.3435 0.0720 0.0159
61 0.2255 0.0389 0.4180 0.2637 0.0458 0.0082
62 0.2881 0.0254 0.0358 0.5728 0.0375 0.0402
63 0.6333 0.1436 0.1317 0.0528 0.0169 0.0217
64 0.0681 0.2866 0.3708 0.2549 0.0024 0.0173
65 0.1495 0.1906 0.3760 0.2646 0.0103 0.0088
66 0.1832 0.2563 0.1996 0.1735 0.0729 0.1146
67 0.2776 0.1139 0.0670 0.2212 0.1222 0.1984
68 0.2402 0.4248 0.2744 0.0528 0.0046 0.0032
69 0.1293 0.6118 0.1851 0.0635 0.0033 0.0072
70 0.1948 0.1093 0.2242 0.3906 0.0481 0.0328
71 0.0974 0.4001 0.1450 0.3345 0.0027 0.0204
72 0.2520 0.4089 0.1109 0.2206 0.0056 0.0020
73 0.1975 0.5005 0.1368 0.1575 0.0034 0.0046
74 0.1814 0.4385 0.2189 0.1481 0.0062 0.0069
75 0.0581 0.7075 0.1816 0.0512 0.0003 0.0015
76 0.4849 0.1812 0.0876 0.0804 0.0856 0.0804
77 0.0633 0.6748 0.2406 0.0193 0.0001 0.0018
78 0.2500 0.3933 0.3015 0.0392 0.0071 0.0088
79 0.2122 0.1801 0.0462 0.4456 0.1002 0.0159
80 0.0368 0.7163 0.0635 0.1825 0.0002 0.0008
81 0.2379 0.2695 0.4514 0.0332 0.0072 0.0006
82 0.5508 0.2208 0.1011 0.0512 0.0728 0.0033
83 0.0359 0.1196 0.2455 0.4446 0.0472 0.1072
84 0.3042 0.3394 0.2686 0.0775 0.0030 0.0072
85 0.0966 0.4004 0.4680 0.0309 0.0005 0.0038
86 0.1930 0.3308 0.0948 0.3750 0.0005 0.0060
87 0.2983 0.3713 0.1168 0.1781 0.0117 0.0239
88 0.3599 0.2983 0.0495 0.2869 0.0019 0.0036
89 0.5825 0.2467 0.0614 0.1021 0.0060 0.0012
90 0.2722 0.4023 0.1771 0.1390 0.0012 0.0080
91 0.0240 0.0341 0.0247 0.8657 0.0040 0.0473
92 0.2656 0.1550 0.0646 0.3181 0.1587 0.0380
93 0.3381 0.0835 0.1254 0.4375 0.0011 0.0143
94 0.2776 0.3677 0.1290 0.2230 0.0003 0.0025
95 0.1802 0.2949 0.1831 0.2369 0.0412 0.0638
96 0.5317 0.0939 0.0365 0.1674 0.1080 0.0625
97 0.5137 0.3501 0.1035 0.0183 0.0107 0.0038
98 0.6216 0.1215 0.0487 0.1971 0.0060 0.0049
99 0.4622 0.2379 0.0692 0.2218 0.0063 0.0026
100 0.1907 0.1241 0.0513 0.6011 0.0224 0.0102
101 0.4939 0.1803 0.0554 0.1519 0.0950 0.0237
102 0.0801 0.2047 0.4541 0.2213 0.0279 0.0118
103 0.2703 0.2206 0.0787 0.4026 0.0128 0.0149
104 0.2847 0.3054 0.1283 0.2593 0.0067 0.0157
105 0.0779 0.6030 0.0704 0.2437 0.0024 0.0028
106 0.1709 0.1053 0.0396 0.6758 0.0037 0.0044
107 0.3933 0.0558 0.1576 0.2367 0.1470 0.0098
108 0.3616 0.1531 0.1860 0.0907 0.1996 0.0091
109 0.6221 0.1315 0.0666 0.0322 0.1388 0.0086
110 0.5566 0.0235 0.3171 0.0834 0.0160 0.0037
111 0.3669 0.1371 0.2482 0.2278 0.0070 0.0131
112 0.2812 0.1110 0.3696 0.1680 0.0204 0.0497
113 0.5249 0.0727 0.0178 0.1306 0.2153 0.0386
114 0.3362 0.2346 0.0657 0.1217 0.2310 0.0110
115 0.3777 0.1490 0.1550 0.1255 0.1798 0.0129
116 0.5049 0.0927 0.2008 0.1199 0.0739 0.0079
117 0.3286 0.1190 0.4634 0.0524 0.0184 0.0182
118 0.1356 0.1107 0.3716 0.3333 0.0354 0.0133
119 0.2399 0.0709 0.5620 0.1040 0.0184 0.0046
120 0.6050 0.0988 0.2174 0.0728 0.0041 0.0016
121 0.2050 0.1511 0.4729 0.0961 0.0731 0.0020
122 0.1656 0.1230 0.3345 0.3618 0.0123 0.0028
123 0.3936 0.1603 0.1482 0.2091 0.0470 0.0418
124 0.1152 0.2086 0.1575 0.4558 0.0080 0.0549
125 0.2426 0.2059 0.1761 0.2388 0.0928 0.0438
126 0.3286 0.1247 0.0383 0.3110 0.0756 0.1218
127 0.0923 0.4688 0.3098 0.1213 0.0036 0.0041
128 0.2097 0.2048 0.3623 0.2017 0.0129 0.0087
129 0.0137 0.2366 0.4631 0.2766 0.0021 0.0079
130 0.1794 0.2269 0.4207 0.1686 0.0036 0.0008
131 0.7046 0.0835 0.0778 0.1023 0.0225 0.0096
132 0.0486 0.3428 0.5830 0.0200 0.0011 0.0042
133 0.1122 0.3223 0.4270 0.1233 0.0013 0.0138
134 0.0941 0.4487 0.3721 0.0589 0.0244 0.0018
135 0.1458 0.0786 0.6479 0.0710 0.0540 0.0025
136 0.2700 0.3035 0.3281 0.0792 0.0145 0.0047
137 0.2559 0.0780 0.3062 0.3311 0.0257 0.0034
138 0.2075 0.0292 0.0936 0.6294 0.0047 0.0355
139 0.1846 0.2542 0.4978 0.0546 0.0014 0.0076
140 0.3010 0.3835 0.3010 0.0120 0.0015 0.0008
141 0.1208 0.0459 0.0246 0.7344 0.0095 0.0647
142 0.6270 0.1648 0.1294 0.0692 0.0074 0.0024
143 0.5469 0.1361 0.2859 0.0281 0.0020 0.0010
144 0.0525 0.1920 0.5020 0.2192 0.0212 0.0132
145 0.0567 0.3018 0.5728 0.0613 0.0001 0.0072
146 0.3130 0.0773 0.3835 0.2036 0.0152 0.0073
147 0.5825 0.0807 0.2300 0.0997 0.0050 0.0021
148 0.1696 0.2030 0.0521 0.3792 0.1095 0.0866
149 0.3579 0.1931 0.1564 0.2854 0.0062 0.0009
150 0.6699 0.0717 0.1044 0.1449 0.0074 0.0015
151 0.1329 0.3267 0.0988 0.4326 0.0017 0.0073
152 0.1780 0.4373 0.2981 0.0841 0.0016 0.0010
153 0.1891 0.1270 0.0770 0.6006 0.0038 0.0025
154 0.0289 0.2072 0.1285 0.5166 0.0402 0.0786
155 0.4719 0.0746 0.1013 0.2976 0.0521 0.0024
156 0.5278 0.2200 0.1081 0.1283 0.0122 0.0035
157 0.0826 0.2666 0.2317 0.2751 0.0275 0.1165
158 0.1279 0.2583 0.3267 0.1763 0.0600 0.0509
159 0.6812 0.1631 0.0559 0.0707 0.0275 0.0015
160 0.4563 0.1963 0.1887 0.1392 0.0093 0.0101
161 0.2272 0.1501 0.1624 0.4519 0.0067 0.0018
162 0.0749 0.0407 0.0185 0.7930 0.0194 0.0535
163 0.2258 0.1843 0.1652 0.2089 0.0371 0.1786
164 0.2094 0.3647 0.0866 0.2391 0.0718 0.0283
165 0.1113 0.0275 0.0471 0.7725 0.0235 0.0184
166 0.4644 0.2666 0.1155 0.1044 0.0306 0.0186
167 0.5132 0.2057 0.0684 0.1918 0.0169 0.0041
168 0.5562 0.0702 0.0691 0.2886 0.0126 0.0033
169 0.2578 0.1327 0.0941 0.5088 0.0040 0.0028
170 0.1855 0.1207 0.0421 0.2400 0.0836 0.3281
171 0.3242 0.0764 0.0752 0.2646 0.0820 0.1776
172 0.4194 0.0533 0.0460 0.2108 0.0740 0.1965
173 0.2080 0.0140 0.0241 0.5229 0.0471 0.1836
174 0.3638 0.0787 0.0549 0.3525 0.0466 0.1034
175 0.5767 0.0500 0.0328 0.0438 0.2947 0.0020
176 0.3159 0.3135 0.2024 0.1434 0.0077 0.0171
177 0.3855 0.2112 0.0901 0.1475 0.1038 0.0620
178 0.2427 0.2524 0.1289 0.2262 0.0585 0.0914
179 0.4336 0.0446 0.0909 0.3594 0.0645 0.0070
180 0.0538 0.2505 0.2109 0.4680 0.0121 0.0046
181 0.2861 0.2061 0.0190 0.0922 0.3821 0.0147
182 0.3569 0.1431 0.0182 0.1115 0.3486 0.0214
183 0.1633 0.1096 0.0295 0.6665 0.0219 0.0093
184 0.1515 0.2598 0.0824 0.4778 0.0125 0.0160
185 0.2100 0.3008 0.3743 0.0743 0.0340 0.0069
186 0.2759 0.2415 0.1635 0.1956 0.0983 0.0255
187 0.0784 0.0130 0.0102 0.5356 0.0324 0.3301
188 0.4871 0.1428 0.0199 0.0724 0.1619 0.1157
189 0.4246 0.0849 0.0940 0.2345 0.1575 0.0046
190 0.3171 0.0364 0.1808 0.3457 0.1022 0.0176
191 0.2283 0.0486 0.0644 0.3218 0.2411 0.0959
192 0.3572 0.0748 0.2512 0.2148 0.0976 0.0043
193 0.2532 0.1714 0.2761 0.0925 0.1782 0.0286
194 0.1185 0.1510 0.0069 0.0093 0.7095 0.0049
195 0.3867 0.2920 0.0451 0.0065 0.2617 0.0081
196 0.1798 0.4280 0.3132 0.0688 0.0002 0.0101
197 0.1211 0.5601 0.2859 0.0292 0.0000 0.0038
198 0.2798 0.1157 0.0938 0.4912 0.0079 0.0116
199 0.3057 0.0992 0.2874 0.2874 0.0011 0.0194
200 0.2218 0.1661 0.1273 0.4446 0.0198 0.0203
201 0.1295 0.3691 0.1135 0.3809 0.0061 0.0010
202 0.2244 0.1191 0.1404 0.4675 0.0412 0.0073
203 0.6172 0.1133 0.1056 0.1489 0.0066 0.0086
204 0.4316 0.0870 0.0328 0.3809 0.0511 0.0167
205 0.1544 0.4004 0.2861 0.1342 0.0048 0.0199
206 0.4753 0.2544 0.1351 0.0334 0.0219 0.0800
207 0.3245 0.4333 0.1166 0.1157 0.0023 0.0076
208 0.0606 0.0910 0.1941 0.3250 0.0191 0.3101
209 0.1049 0.0113 0.0115 0.7397 0.0431 0.0897
210 0.3069 0.0406 0.0820 0.4980 0.0396 0.0329
211 0.6704 0.0707 0.0342 0.2013 0.0113 0.0122
212 0.6353 0.1353 0.1147 0.0944 0.0199 0.0006
213 0.7861 0.0433 0.0743 0.0791 0.0158 0.0013
214 0.1015 0.1409 0.2019 0.4548 0.0179 0.0828
215 0.3188 0.1494 0.0438 0.3264 0.0899 0.0717
216 0.4233 0.0410 0.0260 0.4041 0.0388 0.0670
217 0.3545 0.0773 0.0656 0.4177 0.0661 0.0189
218 0.3928 0.1562 0.2401 0.1357 0.0107 0.0646
219 0.2688 0.1669 0.2448 0.2817 0.0141 0.0237
220 0.2742 0.0444 0.0579 0.5986 0.0058 0.0191
221 0.2834 0.0253 0.0062 0.4709 0.1163 0.0980
222 0.3621 0.1354 0.2357 0.2267 0.0327 0.0075
223 0.1812 0.3958 0.0523 0.0726 0.2939 0.0042
224 0.1108 0.0359 0.0798 0.6680 0.0823 0.0232
225 0.4634 0.1002 0.0441 0.1947 0.1403 0.0575
226 0.2727 0.0210 0.0121 0.3140 0.2352 0.1449
227 0.3047 0.0453 0.1271 0.3245 0.0353 0.1631
228 0.3945 0.1697 0.0482 0.3621 0.0109 0.0147
229 0.5005 0.0424 0.0715 0.3691 0.0107 0.0058
230 0.1083 0.0291 0.1813 0.5942 0.0349 0.0519
231 0.0961 0.1573 0.2783 0.2253 0.0087 0.2343
232 0.3049 0.0753 0.0252 0.3098 0.2568 0.0277
233 0.3237 0.0438 0.0163 0.4060 0.1136 0.0964
234 0.4050 0.0230 0.1826 0.2917 0.0918 0.0058
235 0.2532 0.1324 0.4409 0.1454 0.0241 0.0040
236 0.1877 0.0624 0.1290 0.4910 0.1281 0.0019
237 0.5601 0.1069 0.0350 0.0577 0.2177 0.0226
238 0.5884 0.0765 0.0300 0.0373 0.2452 0.0226
239 0.0769 0.0328 0.2091 0.6240 0.0172 0.0399
240 0.2301 0.0153 0.0131 0.4988 0.0649 0.1779
241 0.2072 0.0374 0.0330 0.4524 0.2239 0.0462
242 0.2480 0.0949 0.0246 0.4783 0.1101 0.0441
243 0.2375 0.0649 0.0436 0.5566 0.0808 0.0164
244 0.4529 0.0363 0.1979 0.2725 0.0180 0.0224
245 0.2267 0.0201 0.2651 0.4509 0.0101 0.0271
246 0.4956 0.0714 0.0200 0.2781 0.0861 0.0491
247 0.3411 0.0359 0.0322 0.2986 0.2438 0.0484
248 0.0830 0.2808 0.4351 0.1626 0.0366 0.0021
249 0.1926 0.0931 0.4548 0.0910 0.0401 0.1283
250 0.4275 0.0709 0.0602 0.2939 0.1444 0.0031
251 0.2345 0.1207 0.1975 0.3281 0.0257 0.0933
252 0.3164 0.0112 0.0425 0.0806 0.5469 0.0025
253 0.2837 0.0363 0.0156 0.3315 0.2108 0.1220
254 0.3933 0.1349 0.0396 0.1772 0.1564 0.0986
255 0.2472 0.0923 0.0237 0.3625 0.2034 0.0708
256 0.1581 0.0268 0.0137 0.6455 0.1194 0.0367
257 0.0842 0.0767 0.0444 0.4661 0.3203 0.0081
258 0.5576 0.1345 0.0491 0.1254 0.1169 0.0163
259 0.0729 0.0361 0.1148 0.4758 0.0072 0.2932
260 0.0648 0.0344 0.0318 0.8135 0.0208 0.0346
261 0.1158 0.0692 0.1354 0.6069 0.0457 0.0271
262 0.0917 0.0640 0.2217 0.3542 0.0053 0.2632
263 0.7905 0.0464 0.0538 0.0930 0.0122 0.0044
264 0.4077 0.0772 0.1726 0.2891 0.0423 0.0109
265 0.5000 0.0856 0.1478 0.1315 0.0548 0.0804
266 0.1034 0.0793 0.0768 0.7178 0.0078 0.0150
267 0.1998 0.0314 0.1078 0.6450 0.0059 0.0103
268 0.4788 0.0679 0.1155 0.3188 0.0046 0.0143
269 0.3938 0.0438 0.0432 0.4978 0.0074 0.0140
270 0.2690 0.0840 0.0243 0.5107 0.0659 0.0461
271 0.5376 0.2223 0.1247 0.0612 0.0445 0.0098
272 0.6558 0.1005 0.1096 0.1070 0.0116 0.0157
273 0.2461 0.1296 0.1370 0.3208 0.1144 0.0520
274 0.0763 0.0244 0.0695 0.7954 0.0022 0.0323
275 0.4441 0.3325 0.0487 0.0273 0.1453 0.0021
276 0.1323 0.0530 0.0587 0.6934 0.0547 0.0081
277 0.3201 0.0896 0.1500 0.4241 0.0119 0.0042
278 0.5688 0.1012 0.0846 0.2372 0.0073 0.0007
279 0.0815 0.0759 0.2471 0.5928 0.0022 0.0005
280 0.2209 0.1669 0.0859 0.5181 0.0076 0.0009
281 0.2500 0.3235 0.0793 0.3313 0.0125 0.0034
282 0.3630 0.1914 0.1152 0.3230 0.0027 0.0046
283 0.0303 0.2805 0.1305 0.3130 0.2021 0.0434
284 0.1157 0.4646 0.0277 0.1362 0.2429 0.0129
285 0.6235 0.0710 0.0336 0.2620 0.0030 0.0072
286 0.2859 0.1137 0.0301 0.5259 0.0156 0.0287
287 0.1276 0.2744 0.2023 0.3550 0.0121 0.0287
288 0.0341 0.1317 0.0699 0.7637 0.0001 0.0003
289 0.0611 0.2269 0.0284 0.6826 0.0006 0.0003
290 0.6406 0.0645 0.1322 0.1498 0.0090 0.0038
291 0.6304 0.1556 0.0538 0.1556 0.0018 0.0027
292 0.0732 0.2036 0.3105 0.3987 0.0074 0.0068
293 0.1954 0.1223 0.4836 0.1924 0.0038 0.0026
294 0.1720 0.0563 0.3066 0.4534 0.0102 0.0015
295 0.2312 0.1639 0.1237 0.2539 0.0684 0.1589
296 0.4482 0.1124 0.1661 0.2150 0.0377 0.0206
297 0.6187 0.1162 0.1614 0.0818 0.0149 0.0072
298 0.6426 0.1066 0.1456 0.0843 0.0141 0.0065
299 0.6807 0.1183 0.1260 0.0590 0.0121 0.0038
300 0.6758 0.1156 0.1270 0.0648 0.0130 0.0041
301 0.1980 0.2583 0.1239 0.2542 0.0529 0.1128
