time exciting_prob fearful_prob tense_prob sad_prob relaxing_prob neutral_prob
0 0.1136 0.1553 0.1349 0.1288 0.0181 0.4492
1 0.0480 0.0320 0.0756 0.6733 0.0085 0.1625
2 0.1261 0.0385 0.1724 0.5063 0.0193 0.1373
3 0.1263 0.0433 0.1686 0.5195 0.0237 0.1187
4 0.0891 0.1504 0.2722 0.2559 0.0392 0.1931
5 0.1165 0.2094 0.3975 0.1581 0.0347 0.0839
6 0.1093 0.1858 0.2173 0.3262 0.0942 0.0673
7 0.0713 0.0288 0.4368 0.4299 0.0122 0.0211
8 0.4429 0.1694 0.1415 0.1592 0.0299 0.0572
9 0.5703 0.0881 0.1534 0.1186 0.0275 0.0420
10 0.3462 0.1926 0.2217 0.0946 0.0176 0.1273
11 0.1216 0.0607 0.3577 0.2617 0.0269 0.1715
12 0.2144 0.2078 0.3320 0.0894 0.0345 0.1221
13 0.2051 0.1151 0.1810 0.2849 0.0213 0.1927
14 0.3701 0.0788 0.1165 0.4065 0.0044 0.0235
15 0.5161 0.1099 0.0970 0.2439 0.0049 0.0280
16 0.0809 0.4309 0.1196 0.1824 0.0093 0.1769
17 0.1005 0.0239 0.0634 0.7427 0.0168 0.0526
18 0.1226 0.1456 0.4148 0.2764 0.0178 0.0227
19 0.1270 0.3853 0.1656 0.2817 0.0125 0.0279
20 0.1621 0.1808 0.2322 0.2800 0.0128 0.1322
21 0.2352 0.0449 0.1721 0.3164 0.0301 0.2012
22 0.1862 0.0729 0.2211 0.1450 0.0105 0.3645
23 0.0744 0.2347 0.2422 0.4316 0.0124 0.0046
24 0.0766 0.1039 0.1635 0.6265 0.0090 0.0205
25 0.1945 0.1716 0.3467 0.2681 0.0091 0.0100
26 0.1903 0.0812 0.3784 0.2026 0.0244 0.1229
27 0.5498 0.1217 0.1613 0.1143 0.0368 0.0163
28 0.1208 0.0647 0.4561 0.3037 0.0296 0.0249
29 0.1133 0.1031 0.5488 0.2019 0.0111 0.0218
30 0.1362 0.1078 0.4133 0.2710 0.0130 0.0586
31 0.1284 0.1048 0.4146 0.2676 0.0243 0.0602
32 0.1454 0.0423 0.2323 0.3892 0.0543 0.1366
33 0.4153 0.0508 0.1827 0.2087 0.0325 0.1100
34 0.1332 0.0324 0.2776 0.4165 0.0154 0.1251
35 0.1423 0.1527 0.1871 0.2991 0.0148 0.2040
36 0.1144 0.0647 0.0799 0.3552 0.0470 0.3389
37 0.1709 0.1138 0.1509 0.1157 0.0290 0.4197
38 0.0385 0.1376 0.1608 0.3887 0.0113 0.2632
39 0.0525 0.0782 0.0370 0.1156 0.0084 0.7080
40 0.0155 0.0089 0.0107 0.1331 0.0038 0.8281
41 0.0275 0.0875 0.0394 0.0401 0.0009 0.8047
42 0.1331 0.0894 0.1605 0.1484 0.0149 0.4536
43 0.2084 0.0749 0.2361 0.1838 0.0315 0.2654
44 0.2617 0.1492 0.2876 0.2537 0.0227 0.0251
45 0.0733 0.0558 0.3667 0.1436 0.0217 0.3391
46 0.0962 0.0499 0.2290 0.2219 0.0253 0.3777
47 0.0685 0.1509 0.3564 0.2820 0.0071 0.1353
48 0.1155 0.0793 0.1603 0.2683 0.0318 0.3447
49 0.2152 0.0315 0.4417 0.2186 0.0315 0.0616
50 0.2681 0.0291 0.5586 0.0870 0.0278 0.0296
51 0.3730 0.0256 0.4036 0.1472 0.0118 0.0387
52 0.2034 0.0302 0.3801 0.2869 0.0630 0.0365
53 0.0808 0.0279 0.5435 0.1908 0.0237 0.1332
54 0.1032 0.1016 0.5581 0.1812 0.0218 0.0341
55 0.1653 0.1277 0.1414 0.1481 0.0212 0.3965
56 0.0768 0.1787 0.0851 0.2900 0.0025 0.3667
57 0.2069 0.0849 0.2917 0.3574 0.0230 0.0359
58 0.3193 0.1682 0.3618 0.1044 0.0375 0.0088
59 0.1423 0.0320 0.5044 0.2498 0.0265 0.0448
60 0.3413 0.0407 0.3206 0.2273 0.0232 0.0469
61 0.0528 0.1357 0.5454 0.1689 0.0148 0.0823
62 0.1818 0.0323 0.2092 0.1846 0.0306 0.3616
63 0.0368 0.0305 0.0496 0.3962 0.0165 0.4705
64 0.0604 0.0752 0.1383 0.5137 0.0233 0.1890
65 0.0502 0.0828 0.7495 0.0923 0.0127 0.0124
66 0.0873 0.0337 0.7085 0.1212 0.0224 0.0270
67 0.0535 0.0552 0.2512 0.1366 0.0112 0.4922
68 0.0251 0.0063 0.0108 0.7227 0.0079 0.2273
69 0.0879 0.5220 0.2175 0.0886 0.0301 0.0541
70 0.1274 0.2595 0.3545 0.1032 0.0144 0.1410
71 0.1887 0.0341 0.3582 0.3696 0.0323 0.0170
72 0.0938 0.1595 0.2671 0.3027 0.0045 0.1725
73 0.1613 0.3718 0.1676 0.1256 0.0111 0.1625
74 0.1242 0.1261 0.2588 0.2080 0.0074 0.2754
75 0.0869 0.0911 0.6226 0.0656 0.0291 0.1049
76 0.0195 0.0340 0.0164 0.1754 0.0385 0.7158
77 0.1167 0.2080 0.1595 0.2180 0.0429 0.2549
78 0.2156 0.2123 0.1482 0.2350 0.0130 0.1760
79 0.1858 0.0912 0.0871 0.2500 0.0162 0.3696
80 0.2306 0.0515 0.0483 0.2133 0.0186 0.4377
81 0.1738 0.0670 0.0443 0.2164 0.0183 0.4800
82 0.3789 0.0752 0.2158 0.1192 0.0080 0.2028
83 0.0963 0.0589 0.6279 0.2039 0.0013 0.0117
84 0.1986 0.0778 0.0569 0.5034 0.0645 0.0991
85 0.0798 0.1296 0.0927 0.3635 0.0424 0.2920
86 0.1277 0.1199 0.1887 0.3752 0.0220 0.1665
87 0.2054 0.3184 0.1479 0.2023 0.0142 0.1117
88 0.2129 0.0697 0.1272 0.4724 0.0692 0.0486
89 0.1532 0.1656 0.1819 0.3293 0.0095 0.1605
90 0.1447 0.1218 0.1237 0.4971 0.0148 0.0979
91 0.0630 0.0809 0.5190 0.1465 0.0322 0.1583
92 0.2781 0.0454 0.0999 0.3799 0.0359 0.1609
93 0.2644 0.0390 0.1146 0.3970 0.0297 0.1554
94 0.5024 0.0664 0.1112 0.1156 0.1417 0.0629
95 0.2627 0.2666 0.0372 0.1497 0.0521 0.2317
96 0.1682 0.0997 0.0268 0.2195 0.0139 0.4719
97 0.0790 0.1132 0.0423 0.0854 0.0083 0.6719
98 0.2551 0.1809 0.0134 0.1781 0.0126 0.3599
99 0.1240 0.1438 0.4941 0.1735 0.0206 0.0442
100 0.2458 0.1691 0.2222 0.2257 0.0315 0.1058
101 0.1240 0.1383 0.0130 0.1616 0.0331 0.5303
102 0.0881 0.0510 0.0172 0.0983 0.0075 0.7378
103 0.1992 0.0818 0.3184 0.2725 0.0418 0.0864
104 0.3083 0.2637 0.2808 0.0721 0.0271 0.0480
105 0.1520 0.0740 0.3022 0.4131 0.0196 0.0390
106 0.2625 0.0638 0.4395 0.1155 0.0262 0.0928
107 0.2140 0.0763 0.4602 0.1172 0.0272 0.1051
108 0.0770 0.3142 0.3142 0.1936 0.0723 0.0288
109 0.0586 0.1833 0.2013 0.2839 0.0951 0.1777
110 0.0677 0.0817 0.3660 0.2401 0.0259 0.2186
111 0.0873 0.1619 0.1521 0.3000 0.0209 0.2776
112 0.0654 0.1475 0.4834 0.1428 0.0406 0.1203
113 0.2130 0.0406 0.2822 0.3457 0.0692 0.0490
114 0.1088 0.0420 0.1740 0.6069 0.0403 0.0277
115 0.0825 0.1042 0.1493 0.3525 0.1010 0.2106
116 0.1041 0.0798 0.1538 0.3257 0.0401 0.2964
117 0.1774 0.1011 0.3162 0.3364 0.0248 0.0442
118 0.3320 0.0529 0.1184 0.3218 0.0880 0.0866
119 0.0573 0.1046 0.0342 0.2886 0.0088 0.5063
120 0.1338 0.3262 0.1338 0.1516 0.0689 0.1858
121 0.0980 0.0775 0.1816 0.2058 0.0276 0.4094
122 0.0911 0.2169 0.1991 0.2808 0.0265 0.1855
123 0.1412 0.1066 0.4705 0.2122 0.0396 0.0298
124 0.1573 0.1065 0.5405 0.1675 0.0189 0.0089
125 0.1909 0.2693 0.2130 0.2822 0.0353 0.0091
126 0.1658 0.1354 0.5269 0.1418 0.0231 0.0069
127 0.0831 0.1002 0.3723 0.3665 0.0488 0.0292
128 0.2076 0.0633 0.1094 0.5303 0.0142 0.0752
129 0.2815 0.3291 0.2815 0.0658 0.0143 0.0281
130 0.2761 0.1572 0.1661 0.3203 0.0197 0.0606
131 0.1650 0.0421 0.4419 0.2944 0.0249 0.0318
132 0.1873 0.0193 0.2443 0.4934 0.0276 0.0283
133 0.1260 0.1147 0.2668 0.4331 0.0199 0.0393
134 0.1406 0.1373 0.2566 0.3145 0.0069 0.1439
135 0.1302 0.0483 0.0681 0.2269 0.0070 0.5195
136 0.4153 0.0315 0.1527 0.3552 0.0298 0.0156
137 0.2817 0.0521 0.2605 0.2817 0.0859 0.0378
138 0.1594 0.0601 0.5029 0.1765 0.0258 0.0753
139 0.0556 0.2148 0.2083 0.2937 0.0129 0.2148
140 0.0402 0.2009 0.2073 0.3064 0.0030 0.2423
141 0.0829 0.5322 0.0939 0.1501 0.0018 0.1389
142 0.0894 0.1750 0.0742 0.4070 0.0036 0.2507
143 0.0682 0.4480 0.0420 0.3279 0.0109 0.1031
144 0.2001 0.1752 0.0104 0.2888 0.0498 0.2756
145 0.2847 0.1500 0.0216 0.4619 0.0168 0.0650
146 0.1389 0.0488 0.5083 0.2255 0.0229 0.0557
147 0.4829 0.0161 0.2211 0.2228 0.0294 0.0277
148 0.2532 0.0171 0.5112 0.0999 0.0197 0.0991
149 0.1763 0.0285 0.6348 0.1310 0.0149 0.0146
150 0.0117 0.0153 0.0048 0.8340 0.0879 0.0463
151 0.0206 0.0117 0.0123 0.3564 0.5029 0.0959
152 0.0108 0.0089 0.0076 0.8418 0.0930 0.0381
153 0.0119 0.0788 0.0456 0.7358 0.0851 0.0428
154 0.1351 0.1920 0.2389 0.2927 0.0163 0.1249
155 0.1537 0.0816 0.5801 0.1304 0.0210 0.0335
156 0.1017 0.0786 0.6235 0.1083 0.0191 0.0688
157 0.1545 0.1158 0.4009 0.0471 0.0364 0.2451
158 0.2169 0.0557 0.3691 0.1930 0.0138 0.1515
159 0.1250 0.0997 0.5020 0.1129 0.0094 0.1508
160 0.2040 0.0469 0.2056 0.4351 0.0200 0.0884
161 0.1967 0.0529 0.1833 0.4165 0.0164 0.1342
162 0.2222 0.0580 0.1664 0.4087 0.0184 0.1266
163 0.2930 0.0629 0.1544 0.3943 0.0207 0.0746
164 0.2361 0.0621 0.1700 0.3953 0.0232 0.1133
165 0.2302 0.0587 0.1671 0.4104 0.0216 0.1122
166 0.2042 0.0643 0.1980 0.2208 0.0202 0.2925
167 0.1093 0.0604 0.1093 0.2244 0.0217 0.4749
168 0.1221 0.0659 0.1818 0.2334 0.0352 0.3616
169 0.0434 0.0282 0.1625 0.2290 0.0444 0.4924
170 0.0774 0.0389 0.1066 0.2578 0.0222 0.4971
171 0.1093 0.0633 0.1268 0.3164 0.0313 0.3530
172 0.2174 0.0695 0.1320 0.3530 0.0764 0.1519
