time exciting_prob fearful_prob tense_prob sad_prob relaxing_prob neutral_prob
0 0.1136 0.1553 0.1349 0.1288 0.0181 0.4492
1 0.1862 0.2585 0.2666 0.1240 0.1129 0.0517
2 0.1724 0.1594 0.1849 0.3245 0.1157 0.0432
3 0.0878 0.0965 0.1831 0.5137 0.0838 0.0352
4 0.3540 0.0522 0.1711 0.2216 0.1851 0.0159
5 0.2749 0.1085 0.2971 0.1329 0.1667 0.0199
6 0.2632 0.0376 0.1622 0.1097 0.4175 0.0098
7 0.3682 0.0450 0.3198 0.1030 0.1312 0.0327
8 0.3145 0.0505 0.1184 0.1644 0.3269 0.0254
9 0.3372 0.0490 0.1427 0.2177 0.2061 0.0475
10 0.2445 0.0393 0.1506 0.3845 0.1506 0.0304
11 0.3872 0.0545 0.3135 0.1287 0.0851 0.0311
12 0.3699 0.0769 0.1641 0.1788 0.1859 0.0244
13 0.4797 0.1223 0.1311 0.0410 0.2162 0.0097
14 0.2142 0.0648 0.1439 0.0951 0.4397 0.0422
15 0.2803 0.1150 0.1753 0.0611 0.3486 0.0197
16 0.1528 0.0424 0.3442 0.2441 0.1962 0.0202
17 0.2539 0.0504 0.2275 0.1665 0.2600 0.0418
18 0.2451 0.0640 0.2778 0.1821 0.1909 0.0400
19 0.3130 0.0721 0.1245 0.0374 0.4414 0.0116
20 0.5557 0.0880 0.2448 0.0071 0.1028 0.0016
21 0.4126 0.1173 0.4126 0.0075 0.0467 0.0032
22 0.6909 0.0695 0.1506 0.0045 0.0832 0.0011
23 0.7671 0.0953 0.0790 0.0034 0.0534 0.0019
24 0.6519 0.1064 0.2117 0.0016 0.0280 0.0005
25 0.8975 0.0103 0.0117 0.0021 0.0778 0.0005
26 0.9131 0.0141 0.0126 0.0014 0.0584 0.0003
27 0.8818 0.0226 0.0311 0.0016 0.0624 0.0005
28 0.5679 0.0941 0.2900 0.0114 0.0292 0.0075
29 0.4688 0.0143 0.4990 0.0011 0.0166 0.0003
30 0.5571 0.0044 0.3889 0.0125 0.0351 0.0022
31 0.5654 0.0054 0.4041 0.0049 0.0195 0.0006
32 0.4812 0.0925 0.3254 0.0421 0.0444 0.0143
33 0.8823 0.0176 0.0644 0.0196 0.0114 0.0047
34 0.8862 0.0090 0.0647 0.0272 0.0088 0.0041
35 0.9023 0.0201 0.0551 0.0152 0.0036 0.0037
36 0.4817 0.1010 0.3901 0.0130 0.0133 0.0010
37 0.9282 0.0044 0.0263 0.0166 0.0229 0.0015
38 0.9570 0.0021 0.0107 0.0083 0.0211 0.0005
39 0.9497 0.0027 0.0092 0.0148 0.0229 0.0008
40 0.3496 0.1296 0.4668 0.0246 0.0234 0.0060
41 0.6606 0.0600 0.2411 0.0123 0.0242 0.0020
42 0.1841 0.3691 0.1285 0.0427 0.1945 0.0811
43 0.3149 0.3860 0.0625 0.0086 0.2131 0.0148
44 0.1859 0.6094 0.0590 0.0117 0.1182 0.0157
45 0.1401 0.5806 0.1368 0.0045 0.1316 0.0064
46 0.4146 0.1142 0.3987 0.0320 0.0398 0.0009
47 0.3704 0.1241 0.4331 0.0307 0.0394 0.0023
48 0.1666 0.0421 0.5132 0.2140 0.0147 0.0493
49 0.3098 0.4202 0.2112 0.0062 0.0457 0.0070
50 0.3992 0.3135 0.1527 0.0061 0.1144 0.0142
51 0.3708 0.2338 0.3428 0.0273 0.0239 0.0014
52 0.1847 0.1044 0.6445 0.0456 0.0064 0.0142
53 0.1847 0.3586 0.4128 0.0246 0.0042 0.0149
54 0.1093 0.3018 0.5293 0.0405 0.0045 0.0147
55 0.6045 0.1917 0.1436 0.0270 0.0306 0.0029
56 0.2244 0.0516 0.1146 0.4976 0.0318 0.0800
57 0.6514 0.1344 0.1781 0.0208 0.0142 0.0011
58 0.2742 0.2764 0.3926 0.0019 0.0523 0.0028
59 0.3391 0.2683 0.2878 0.0048 0.0934 0.0066
60 0.4236 0.1429 0.2649 0.0151 0.1429 0.0105
61 0.1046 0.5605 0.3000 0.0214 0.0105 0.0027
62 0.2744 0.3208 0.3257 0.0544 0.0178 0.0070
63 0.2771 0.2407 0.3188 0.1035 0.0442 0.0157
64 0.1177 0.1940 0.6665 0.0104 0.0040 0.0075
65 0.1473 0.4536 0.3674 0.0046 0.0176 0.0094
66 0.4690 0.1333 0.3027 0.0578 0.0348 0.0022
67 0.3687 0.2344 0.2236 0.0245 0.1389 0.0098
68 0.2434 0.1753 0.3569 0.0260 0.1910 0.0075
69 0.1705 0.2423 0.3872 0.0818 0.0349 0.0831
70 0.1981 0.1906 0.3972 0.1555 0.0442 0.0145
71 0.5039 0.2554 0.1755 0.0171 0.0444 0.0034
72 0.5483 0.0889 0.2360 0.0938 0.0185 0.0144
73 0.3367 0.0927 0.2725 0.2123 0.0463 0.0396
74 0.4465 0.0435 0.3318 0.1484 0.0221 0.0076
75 0.5674 0.1017 0.2346 0.0257 0.0641 0.0067
76 0.3948 0.2338 0.2910 0.0569 0.0185 0.0052
77 0.2700 0.0662 0.3867 0.2383 0.0133 0.0253
78 0.4556 0.1179 0.2896 0.0955 0.0359 0.0056
79 0.1144 0.2384 0.6279 0.0015 0.0169 0.0008
80 0.1287 0.1932 0.6538 0.0136 0.0056 0.0053
81 0.1481 0.6899 0.1118 0.0201 0.0197 0.0102
82 0.1779 0.1724 0.5308 0.1087 0.0083 0.0018
83 0.2966 0.1691 0.4854 0.0296 0.0180 0.0015
84 0.5054 0.2603 0.1426 0.0043 0.0800 0.0073
85 0.4382 0.1326 0.3083 0.0259 0.0598 0.0351
86 0.2847 0.2133 0.3953 0.0518 0.0430 0.0121
87 0.3865 0.2720 0.0890 0.0167 0.1869 0.0488
88 0.5630 0.1162 0.2479 0.0152 0.0504 0.0072
89 0.4092 0.0942 0.3367 0.0838 0.0272 0.0489
90 0.1412 0.1813 0.6230 0.0137 0.0257 0.0151
91 0.3733 0.2449 0.2111 0.0140 0.1450 0.0117
92 0.3174 0.2305 0.2869 0.0040 0.1313 0.0300
93 0.5640 0.2244 0.1119 0.0706 0.0256 0.0036
94 0.4346 0.1400 0.1503 0.2477 0.0130 0.0144
95 0.6138 0.1075 0.1705 0.0270 0.0756 0.0055
96 0.6108 0.1532 0.1462 0.0089 0.0771 0.0037
97 0.5830 0.0702 0.0479 0.0107 0.2776 0.0109
98 0.3804 0.1031 0.1853 0.2307 0.0810 0.0195
99 0.3660 0.1914 0.3181 0.0548 0.0646 0.0051
100 0.3293 0.0513 0.2300 0.3242 0.0250 0.0400
101 0.2256 0.1276 0.4966 0.0704 0.0762 0.0036
102 0.1376 0.4692 0.2803 0.1047 0.0027 0.0056
103 0.2384 0.2040 0.4741 0.0657 0.0094 0.0083
104 0.7173 0.0948 0.1638 0.0111 0.0119 0.0010
105 0.2189 0.2461 0.3840 0.0603 0.0366 0.0540
106 0.1775 0.1707 0.5596 0.0169 0.0304 0.0449
107 0.5122 0.1884 0.1357 0.0333 0.0561 0.0743
108 0.3503 0.2390 0.3560 0.0154 0.0292 0.0099
109 0.1438 0.1775 0.6597 0.0141 0.0040 0.0011
110 0.2637 0.2896 0.4116 0.0215 0.0079 0.0057
111 0.6304 0.0707 0.2179 0.0152 0.0615 0.0042
112 0.6392 0.1076 0.0914 0.0387 0.1093 0.0140
113 0.5854 0.1050 0.1458 0.0245 0.1306 0.0088
114 0.4023 0.1991 0.3494 0.0282 0.0196 0.0014
115 0.1119 0.3066 0.5464 0.0276 0.0068 0.0007
116 0.4265 0.0922 0.0530 0.0471 0.3735 0.0076
117 0.3445 0.2683 0.1392 0.0344 0.1979 0.0156
118 0.3188 0.4001 0.1708 0.0070 0.0794 0.0238
119 0.5400 0.1559 0.1910 0.0147 0.0923 0.0062
120 0.5288 0.0986 0.1991 0.0070 0.1626 0.0039
121 0.2225 0.2769 0.4031 0.0037 0.0913 0.0025
122 0.1373 0.2095 0.6060 0.0026 0.0429 0.0017
123 0.1248 0.1815 0.5952 0.0021 0.0942 0.0023
124 0.5688 0.1362 0.1103 0.0055 0.1749 0.0040
125 0.5571 0.1214 0.1006 0.0059 0.2065 0.0085
126 0.4207 0.0743 0.3103 0.0903 0.0698 0.0348
127 0.2311 0.0266 0.3994 0.3062 0.0095 0.0274
128 0.2803 0.0731 0.5444 0.0645 0.0133 0.0243
129 0.4026 0.0441 0.4971 0.0285 0.0247 0.0031
130 0.5322 0.0335 0.2184 0.1974 0.0164 0.0020
131 0.3860 0.2148 0.2416 0.0468 0.0535 0.0574
132 0.5342 0.1060 0.2949 0.0166 0.0363 0.0119
133 0.4653 0.1030 0.2693 0.0881 0.0551 0.0192
134 0.2563 0.0735 0.3789 0.1362 0.1310 0.0240
135 0.4709 0.0700 0.3904 0.0346 0.0316 0.0025
136 0.3022 0.0266 0.2391 0.3320 0.0425 0.0573
137 0.4692 0.1754 0.2571 0.0552 0.0300 0.0130
138 0.2017 0.4336 0.3223 0.0153 0.0171 0.0102
139 0.1771 0.2170 0.5288 0.0043 0.0699 0.0030
140 0.0622 0.1759 0.7520 0.0045 0.0033 0.0020
141 0.3909 0.1372 0.3728 0.0165 0.0706 0.0120
142 0.1892 0.0997 0.6758 0.0058 0.0237 0.0056
143 0.2759 0.3079 0.2512 0.0447 0.1124 0.0078
144 0.1957 0.4622 0.2612 0.0175 0.0592 0.0041
145 0.2318 0.1777 0.5347 0.0141 0.0217 0.0198
146 0.1661 0.0557 0.6470 0.0476 0.0388 0.0447
147 0.2820 0.1062 0.5562 0.0273 0.0230 0.0054
148 0.1130 0.2046 0.6655 0.0018 0.0108 0.0043
149 0.1218 0.3015 0.5547 0.0049 0.0110 0.0064
150 0.3350 0.3245 0.2394 0.0091 0.0827 0.0094
151 0.6577 0.1295 0.1514 0.0045 0.0469 0.0101
152 0.6406 0.1685 0.0724 0.0262 0.0901 0.0019
153 0.2434 0.2935 0.4014 0.0204 0.0091 0.0322
154 0.4355 0.1414 0.3528 0.0093 0.0520 0.0091
155 0.5083 0.1945 0.0492 0.0089 0.2346 0.0044
156 0.1172 0.5728 0.1059 0.0227 0.1747 0.0069
157 0.4307 0.1123 0.3799 0.0359 0.0391 0.0020
158 0.4194 0.1044 0.4065 0.0393 0.0292 0.0009
159 0.5098 0.1289 0.2815 0.0130 0.0668 0.0003
160 0.5308 0.1070 0.2319 0.0997 0.0172 0.0134
161 0.2260 0.0679 0.6240 0.0599 0.0172 0.0051
162 0.4927 0.1855 0.2852 0.0222 0.0137 0.0007
163 0.5063 0.0742 0.3245 0.0873 0.0060 0.0014
164 0.1249 0.1416 0.6548 0.0478 0.0089 0.0220
165 0.2993 0.4746 0.1404 0.0463 0.0316 0.0077
166 0.3325 0.3860 0.2415 0.0076 0.0269 0.0055
167 0.5933 0.0766 0.2937 0.0179 0.0163 0.0022
168 0.2343 0.1133 0.6367 0.0077 0.0071 0.0008
169 0.3567 0.1354 0.4797 0.0152 0.0126 0.0004
170 0.2627 0.2094 0.3269 0.1281 0.0107 0.0624
171 0.3005 0.1132 0.4617 0.0815 0.0127 0.0305
172 0.3916 0.2510 0.2063 0.1213 0.0266 0.0032
173 0.2145 0.5352 0.1893 0.0337 0.0271 0.0005
174 0.4585 0.2378 0.0410 0.0280 0.2269 0.0079
175 0.2529 0.5190 0.1282 0.0224 0.0539 0.0235
176 0.3284 0.4087 0.1401 0.0298 0.0566 0.0366
177 0.0808 0.3679 0.2734 0.0635 0.2130 0.0012
178 0.1416 0.3093 0.4099 0.0629 0.0723 0.0038
179 0.1049 0.0657 0.5498 0.1785 0.0570 0.0441
180 0.1099 0.0444 0.4849 0.1624 0.0310 0.1676
181 0.7148 0.1322 0.1063 0.0088 0.0340 0.0040
182 0.6787 0.1170 0.1134 0.0065 0.0817 0.0028
183 0.1536 0.3301 0.4514 0.0029 0.0611 0.0010
184 0.1273 0.4805 0.3303 0.0447 0.0149 0.0024
185 0.4521 0.0544 0.2764 0.0651 0.0562 0.0955
186 0.4985 0.0670 0.2754 0.0534 0.0521 0.0538
187 0.0827 0.2450 0.5786 0.0724 0.0037 0.0176
188 0.1829 0.1564 0.4856 0.0187 0.0074 0.1492
189 0.2725 0.1010 0.5049 0.0492 0.0528 0.0197
190 0.2678 0.1188 0.5288 0.0389 0.0360 0.0098
191 0.3125 0.1837 0.4766 0.0105 0.0086 0.0083
192 0.2101 0.0495 0.5620 0.1133 0.0330 0.0320
193 0.2272 0.0531 0.5449 0.1377 0.0249 0.0123
194 0.2427 0.1604 0.5259 0.0116 0.0497 0.0099
195 0.3694 0.1091 0.3159 0.0540 0.0159 0.1359
196 0.2410 0.3218 0.2930 0.0098 0.1250 0.0096
197 0.3877 0.2028 0.2351 0.0059 0.1616 0.0069
198 0.2009 0.3638 0.2725 0.0173 0.1414 0.0043
199 0.1448 0.3904 0.3611 0.0240 0.0728 0.0070
200 0.4136 0.1079 0.4202 0.0183 0.0223 0.0179
201 0.3335 0.1266 0.1490 0.0536 0.3206 0.0167
202 0.3416 0.1588 0.3311 0.0504 0.0190 0.0994
203 0.1089 0.2869 0.3381 0.1572 0.0151 0.0939
204 0.4685 0.2979 0.1923 0.0076 0.0271 0.0069
205 0.3489 0.0602 0.5405 0.0327 0.0150 0.0026
206 0.4863 0.1667 0.1027 0.0226 0.2158 0.0057
207 0.3765 0.1752 0.1213 0.0125 0.3123 0.0023
208 0.1200 0.1759 0.2900 0.0459 0.0181 0.3499
209 0.3516 0.3743 0.1572 0.0295 0.0423 0.0450
210 0.4407 0.1910 0.2340 0.0895 0.0359 0.0088
211 0.3911 0.1439 0.3191 0.0180 0.1202 0.0077
212 0.2321 0.0967 0.0923 0.0286 0.5229 0.0273
213 0.4775 0.1108 0.0261 0.0798 0.2439 0.0617
214 0.3989 0.1017 0.3838 0.0234 0.0738 0.0184
215 0.1700 0.2676 0.4209 0.0855 0.0149 0.0414
216 0.2534 0.3152 0.3862 0.0227 0.0149 0.0076
217 0.5171 0.1932 0.1145 0.0151 0.1541 0.0058
218 0.1910 0.2434 0.4802 0.0070 0.0592 0.0191
219 0.1522 0.3149 0.4653 0.0085 0.0379 0.0213
220 0.3298 0.1038 0.3376 0.0204 0.1895 0.0189
221 0.4026 0.0622 0.0553 0.0147 0.4634 0.0018
222 0.3621 0.1544 0.4685 0.0040 0.0047 0.0064
223 0.2961 0.3228 0.3330 0.0087 0.0305 0.0092
224 0.2622 0.1339 0.4321 0.1229 0.0296 0.0194
225 0.2632 0.0687 0.6167 0.0175 0.0243 0.0094
226 0.6865 0.1372 0.1165 0.0128 0.0393 0.0079
227 0.3892 0.2269 0.2003 0.0487 0.0889 0.0461
228 0.3948 0.0714 0.0686 0.0099 0.4543 0.0009
229 0.4075 0.2756 0.2472 0.0468 0.0147 0.0081
230 0.2426 0.2314 0.4126 0.0980 0.0117 0.0035
231 0.1562 0.3440 0.4849 0.0045 0.0101 0.0002
232 0.2355 0.1271 0.5918 0.0279 0.0133 0.0043
233 0.5713 0.0883 0.2871 0.0293 0.0220 0.0021
234 0.5039 0.0903 0.3381 0.0253 0.0371 0.0054
235 0.5723 0.0684 0.2139 0.1002 0.0386 0.0065
236 0.3672 0.2159 0.2688 0.0089 0.1331 0.0062
237 0.6348 0.1450 0.0782 0.0370 0.0859 0.0192
238 0.2754 0.2096 0.3401 0.0169 0.1509 0.0071
239 0.3372 0.1892 0.4067 0.0373 0.0256 0.0038
240 0.3645 0.1630 0.4163 0.0367 0.0125 0.0073
241 0.1729 0.0677 0.3035 0.2595 0.0263 0.1702
242 0.3604 0.3230 0.1757 0.0082 0.1265 0.0063
243 0.2111 0.3120 0.3914 0.0134 0.0526 0.0196
244 0.3511 0.3247 0.1464 0.0101 0.1558 0.0118
245 0.3049 0.4648 0.1937 0.0241 0.0091 0.0034
246 0.3159 0.1652 0.4319 0.0699 0.0107 0.0065
247 0.3057 0.1797 0.4114 0.0849 0.0171 0.0011
248 0.2144 0.1037 0.6606 0.0139 0.0052 0.0024
249 0.4312 0.0969 0.2827 0.0056 0.1825 0.0010
250 0.4221 0.1627 0.3555 0.0039 0.0533 0.0025
251 0.3284 0.2659 0.3606 0.0018 0.0421 0.0013
252 0.2137 0.2722 0.4561 0.0047 0.0508 0.0025
253 0.2637 0.1855 0.4214 0.0106 0.0947 0.0241
254 0.4370 0.2357 0.3098 0.0031 0.0089 0.0053
255 0.3469 0.3364 0.2876 0.0060 0.0092 0.0138
256 0.5537 0.0519 0.2362 0.0732 0.0693 0.0157
257 0.1964 0.1949 0.5381 0.0163 0.0474 0.0069
258 0.3533 0.0758 0.5020 0.0475 0.0195 0.0019
259 0.6851 0.0381 0.2190 0.0197 0.0357 0.0025
260 0.5454 0.0455 0.3467 0.0220 0.0349 0.0054
261 0.8247 0.0476 0.0862 0.0139 0.0259 0.0016
262 0.5312 0.0953 0.2017 0.1114 0.0464 0.0139
263 0.3491 0.1274 0.4697 0.0259 0.0225 0.0052
264 0.3186 0.0892 0.5503 0.0109 0.0244 0.0065
265 0.3420 0.0865 0.5298 0.0106 0.0254 0.0058
266 0.1890 0.0633 0.0788 0.2837 0.0586 0.3267
267 0.1136 0.1553 0.1349 0.1288 0.0181 0.4492
268 0.1136 0.1553 0.1349 0.1288 0.0181 0.4492
269 0.1136 0.1553 0.1349 0.1288 0.0181 0.4492
270 0.1136 0.1553 0.1349 0.1288 0.0181 0.4492
271 0.1136 0.1553 0.1349 0.1288 0.0181 0.4492
272 0.1136 0.1553 0.1349 0.1288 0.0181 0.4492
273 0.1136 0.1553 0.1349 0.1288 0.0181 0.4492
274 0.1136 0.1553 0.1349 0.1288 0.0181 0.4492
275 0.1136 0.1553 0.1349 0.1288 0.0181 0.4492
276 0.5649 0.2355 0.0486 0.0025 0.1473 0.0012
277 0.7383 0.1205 0.0319 0.0021 0.1063 0.0009
278 0.7520 0.1118 0.0318 0.0021 0.1017 0.0009
279 0.7505 0.1133 0.0317 0.0021 0.1016 0.0009
280 0.7505 0.1133 0.0317 0.0021 0.1016 0.0009
281 0.7505 0.1133 0.0317 0.0021 0.1016 0.0009
282 0.7505 0.1133 0.0317 0.0021 0.1016 0.0009
283 0.7485 0.1148 0.0337 0.0021 0.0997 0.0009
284 0.6772 0.1660 0.0379 0.0021 0.1158 0.0009
285 0.3716 0.3833 0.0726 0.0221 0.1345 0.0157
286 0.1136 0.1553 0.1349 0.1288 0.0181 0.4492
