time exciting_prob fearful_prob tense_prob sad_prob relaxing_prob neutral_prob
0 0.0749 0.1235 0.5361 0.0737 0.0228 0.1687
1 0.0225 0.1277 0.7817 0.0369 0.0051 0.0259
2 0.1160 0.4050 0.2964 0.0869 0.0102 0.0856
3 0.0928 0.4255 0.3213 0.0988 0.0107 0.0508
4 0.0457 0.1088 0.3225 0.0275 0.4766 0.0189
5 0.0512 0.2025 0.6851 0.0235 0.0031 0.0344
6 0.0596 0.2632 0.6118 0.0203 0.0080 0.0373
7 0.1161 0.2365 0.4702 0.0296 0.0963 0.0511
8 0.0562 0.1772 0.2461 0.1018 0.0190 0.3997
9 0.0781 0.1403 0.7178 0.0093 0.0052 0.0493
10 0.1057 0.0343 0.4246 0.0925 0.1455 0.1974
11 0.0478 0.2729 0.5557 0.0629 0.0056 0.0550
12 0.0371 0.2117 0.6831 0.0315 0.0027 0.0340
13 0.0825 0.4424 0.4028 0.0318 0.0089 0.0316
14 0.0502 0.6157 0.2527 0.0286 0.0126 0.0400
15 0.1111 0.3701 0.3069 0.0372 0.0329 0.1416
16 0.2223 0.2056 0.4153 0.0298 0.0298 0.0971
17 0.4302 0.2197 0.2800 0.0350 0.0293 0.0056
18 0.3953 0.1897 0.2717 0.0790 0.0099 0.0544
19 0.1010 0.0851 0.1887 0.3872 0.0549 0.1830
20 0.1278 0.1060 0.4258 0.1542 0.1681 0.0180
21 0.4060 0.1393 0.3394 0.0942 0.0159 0.0052
22 0.1431 0.1781 0.3831 0.1635 0.1205 0.0118
23 0.3945 0.1451 0.2690 0.1451 0.0060 0.0400
24 0.5625 0.1274 0.1143 0.1456 0.0205 0.0296
25 0.4487 0.2310 0.2498 0.0386 0.0276 0.0045
26 0.1758 0.1083 0.4219 0.2441 0.0399 0.0102
27 0.1005 0.0859 0.1682 0.5869 0.0456 0.0127
28 0.1873 0.3608 0.3235 0.0768 0.0231 0.0285
29 0.2725 0.4897 0.1119 0.0303 0.0077 0.0878
30 0.0484 0.0622 0.0484 0.1180 0.0222 0.7007
31 0.0569 0.0334 0.0742 0.1924 0.0121 0.6309
32 0.1658 0.1807 0.2047 0.1710 0.0209 0.2568
33 0.2480 0.2620 0.1528 0.1247 0.0325 0.1801
34 0.2964 0.2742 0.1285 0.0515 0.0238 0.2256
35 0.1528 0.4822 0.2520 0.0130 0.0122 0.0878
36 0.0673 0.0193 0.0799 0.1539 0.0109 0.6689
37 0.1791 0.2317 0.2390 0.1847 0.0595 0.1061
38 0.0970 0.4700 0.3132 0.0374 0.0103 0.0721
39 0.1353 0.1373 0.2566 0.0538 0.0258 0.3914
40 0.1318 0.2949 0.1831 0.0980 0.0421 0.2502
41 0.1421 0.1714 0.2435 0.1957 0.0391 0.2083
42 0.1478 0.1929 0.1841 0.0407 0.0325 0.4021
43 0.0651 0.2595 0.5000 0.0368 0.0020 0.1367
44 0.0267 0.2800 0.6021 0.0257 0.0025 0.0630
45 0.0648 0.5913 0.2175 0.0170 0.0052 0.1044
46 0.0897 0.2986 0.2151 0.0798 0.0133 0.3035
47 0.0839 0.0839 0.3066 0.0409 0.0244 0.4604
48 0.0542 0.0981 0.3760 0.0509 0.0016 0.4194
49 0.1202 0.1155 0.2708 0.0341 0.0129 0.4465
50 0.0185 0.3594 0.4990 0.0686 0.0042 0.0502
51 0.0122 0.5742 0.3884 0.0107 0.0004 0.0140
52 0.0174 0.1553 0.6143 0.0186 0.0070 0.1874
53 0.0852 0.4500 0.1372 0.0297 0.0118 0.2861
54 0.1718 0.2620 0.2500 0.0473 0.0110 0.2578
55 0.2854 0.2275 0.4089 0.0191 0.0553 0.0037
56 0.3228 0.1768 0.4446 0.0247 0.0293 0.0020
57 0.1142 0.3743 0.2343 0.0348 0.0118 0.2306
58 0.0513 0.5264 0.3193 0.0387 0.0034 0.0609
59 0.1025 0.1348 0.4890 0.0780 0.0187 0.1771
60 0.1394 0.3022 0.3425 0.0425 0.0201 0.1532
61 0.1576 0.0694 0.0891 0.1652 0.0215 0.4971
62 0.4062 0.2749 0.1111 0.0231 0.0219 0.1628
63 0.0565 0.5029 0.2734 0.0213 0.0026 0.1431
64 0.0442 0.2664 0.3528 0.0800 0.0026 0.2542
65 0.0659 0.3196 0.3296 0.0821 0.0028 0.2000
66 0.0817 0.0918 0.1326 0.1587 0.0070 0.5283
67 0.0922 0.4128 0.2708 0.0134 0.0031 0.2076
68 0.0858 0.2947 0.4092 0.1298 0.0238 0.0567
69 0.1010 0.0402 0.1163 0.5293 0.1092 0.1042
70 0.1221 0.0264 0.0595 0.4983 0.0352 0.2585
71 0.1422 0.2307 0.2307 0.0414 0.0031 0.3518
72 0.0767 0.1000 0.3804 0.1179 0.0097 0.3154
73 0.0922 0.0605 0.0789 0.0801 0.0122 0.6763
74 0.1836 0.0828 0.1312 0.2321 0.0111 0.3594
75 0.1084 0.0287 0.0745 0.3337 0.0123 0.4424
76 0.1338 0.0246 0.1516 0.4526 0.0098 0.2277
77 0.1289 0.2905 0.5342 0.0107 0.0150 0.0204
78 0.0858 0.0119 0.0445 0.2993 0.0079 0.5508
79 0.2296 0.0812 0.1382 0.2369 0.0372 0.2769
80 0.1278 0.1859 0.6387 0.0227 0.0049 0.0201
81 0.0795 0.0555 0.3562 0.1231 0.0064 0.3792
82 0.1274 0.1974 0.6084 0.0287 0.0020 0.0362
83 0.1283 0.3713 0.3713 0.0368 0.0066 0.0855
84 0.1200 0.2190 0.2539 0.1059 0.0065 0.2947
85 0.0970 0.0477 0.0744 0.2764 0.0341 0.4702
86 0.3872 0.0632 0.3311 0.0473 0.0099 0.1614
87 0.2859 0.1616 0.4128 0.0212 0.0082 0.1102
88 0.3257 0.1538 0.4314 0.0152 0.0061 0.0677
89 0.0735 0.0133 0.0381 0.7778 0.0042 0.0929
90 0.1312 0.2130 0.2268 0.1752 0.0457 0.2081
91 0.1533 0.3977 0.3074 0.0534 0.0186 0.0696
92 0.1279 0.1405 0.5386 0.1060 0.0367 0.0505
93 0.1678 0.3313 0.1370 0.0647 0.0068 0.2922
94 0.1075 0.5459 0.1873 0.0344 0.0069 0.1181
95 0.1263 0.3030 0.4014 0.0506 0.0284 0.0903
96 0.2086 0.4280 0.2808 0.0473 0.0081 0.0274
97 0.2040 0.3962 0.2898 0.0598 0.0074 0.0428
98 0.0842 0.3713 0.3228 0.0420 0.0225 0.1572
99 0.2249 0.3538 0.2776 0.0620 0.0149 0.0670
100 0.2043 0.4863 0.2524 0.0122 0.0134 0.0313
101 0.2269 0.5884 0.1063 0.0088 0.0133 0.0560
102 0.3523 0.1638 0.2104 0.0927 0.0063 0.1744
103 0.2551 0.0483 0.0511 0.0703 0.0089 0.5664
104 0.2605 0.0859 0.2300 0.0260 0.0212 0.3762
105 0.3293 0.2013 0.0746 0.0533 0.0093 0.3320
106 0.3386 0.0792 0.0503 0.0289 0.0065 0.4966
107 0.3213 0.2705 0.3213 0.0521 0.0250 0.0096
108 0.1555 0.0944 0.2524 0.4099 0.0664 0.0214
109 0.3384 0.2720 0.3203 0.0303 0.0069 0.0322
110 0.0304 0.0284 0.0789 0.5737 0.0176 0.2710
111 0.1359 0.1412 0.6138 0.0421 0.0029 0.0642
112 0.5205 0.1411 0.2700 0.0207 0.0431 0.0049
113 0.3279 0.2380 0.3833 0.0105 0.0044 0.0359
114 0.2590 0.3979 0.0754 0.1453 0.0154 0.1071
115 0.0422 0.5830 0.3323 0.0146 0.0029 0.0248
116 0.0761 0.0715 0.1040 0.4312 0.0117 0.3057
117 0.2742 0.3745 0.2495 0.0271 0.0641 0.0106
118 0.1931 0.4893 0.1652 0.0238 0.0338 0.0948
119 0.0426 0.5830 0.1078 0.0564 0.0039 0.2063
120 0.1823 0.1177 0.1794 0.2415 0.0522 0.2268
121 0.1193 0.0807 0.1004 0.1221 0.0041 0.5732
122 0.1390 0.4631 0.3013 0.0544 0.0263 0.0158
123 0.1423 0.2639 0.2024 0.2659 0.0627 0.0627
124 0.2008 0.4707 0.1267 0.0357 0.0762 0.0898
125 0.0365 0.5894 0.3105 0.0491 0.0059 0.0085
126 0.1498 0.1204 0.3679 0.1006 0.0065 0.2549
127 0.4800 0.0983 0.0991 0.1071 0.0076 0.2080
128 0.3591 0.0397 0.0959 0.2301 0.0243 0.2507
129 0.1183 0.3118 0.3423 0.1004 0.0220 0.1052
130 0.0849 0.6177 0.2534 0.0124 0.0151 0.0167
131 0.1047 0.4883 0.2612 0.0682 0.0296 0.0480
132 0.0331 0.0238 0.0668 0.0844 0.0032 0.7886
133 0.1389 0.1057 0.1550 0.1411 0.0507 0.4084
134 0.0222 0.7485 0.1342 0.0577 0.0293 0.0080
135 0.4060 0.0399 0.0408 0.0558 0.0044 0.4529
136 0.3293 0.1682 0.3733 0.0659 0.0429 0.0202
137 0.1473 0.1332 0.4436 0.1737 0.0108 0.0915
138 0.3999 0.2542 0.2225 0.0604 0.0425 0.0205
139 0.2764 0.1526 0.1783 0.0495 0.0074 0.3359
140 0.2054 0.3389 0.1588 0.0398 0.0073 0.2498
141 0.1189 0.3037 0.4927 0.0466 0.0112 0.0269
142 0.3564 0.1738 0.3049 0.1122 0.0314 0.0211
143 0.1941 0.3005 0.2715 0.0218 0.0134 0.1986
144 0.3311 0.1588 0.4526 0.0106 0.0466 0.0004
145 0.2686 0.1259 0.5020 0.0159 0.0872 0.0006
146 0.5640 0.3699 0.0294 0.0242 0.0049 0.0075
147 0.4443 0.3301 0.1726 0.0219 0.0298 0.0011
148 0.2197 0.1312 0.2001 0.1186 0.0055 0.3247
149 0.5454 0.3059 0.0817 0.0462 0.0110 0.0098
150 0.4841 0.2983 0.0569 0.1283 0.0118 0.0205
151 0.5376 0.3496 0.0520 0.0236 0.0023 0.0349
152 0.2732 0.6660 0.0243 0.0153 0.0066 0.0146
153 0.3098 0.5610 0.1022 0.0088 0.0154 0.0029
154 0.3933 0.3210 0.2462 0.0160 0.0229 0.0004
155 0.2864 0.3508 0.2864 0.0471 0.0268 0.0027
156 0.6660 0.2450 0.0624 0.0111 0.0033 0.0123
157 0.5522 0.2932 0.0400 0.0827 0.0143 0.0177
158 0.4229 0.3850 0.1212 0.0456 0.0193 0.0058
159 0.4688 0.3323 0.0482 0.0379 0.0475 0.0654
160 0.3108 0.4248 0.0688 0.1445 0.0141 0.0371
161 0.4580 0.4072 0.0578 0.0179 0.0332 0.0258
162 0.3542 0.1454 0.1089 0.2676 0.0335 0.0903
163 0.2607 0.1364 0.3245 0.2607 0.0133 0.0045
164 0.1423 0.6899 0.1227 0.0220 0.0043 0.0188
165 0.5391 0.3564 0.0724 0.0105 0.0110 0.0104
166 0.5103 0.1250 0.1012 0.0384 0.0093 0.2159
167 0.4329 0.2625 0.1362 0.0696 0.0087 0.0900
168 0.2137 0.0978 0.2788 0.2205 0.0036 0.1857
169 0.2419 0.0933 0.4451 0.1041 0.0049 0.1108
170 0.1113 0.4136 0.4070 0.0067 0.0132 0.0482
171 0.1992 0.1348 0.1576 0.3779 0.1227 0.0077
172 0.2057 0.1932 0.5376 0.0185 0.0045 0.0402
173 0.6870 0.0649 0.0873 0.0367 0.0439 0.0801
174 0.0511 0.3032 0.4482 0.0940 0.0017 0.1016
175 0.4438 0.0461 0.0895 0.1149 0.0056 0.3003
176 0.0637 0.3132 0.4150 0.0346 0.0301 0.1434
177 0.1577 0.2073 0.5591 0.0374 0.0044 0.0341
178 0.1836 0.0676 0.1522 0.0730 0.0047 0.5190
179 0.4785 0.3787 0.0396 0.0845 0.0063 0.0124
180 0.1272 0.1038 0.6821 0.0327 0.0216 0.0327
181 0.1195 0.1583 0.6665 0.0232 0.0141 0.0182
182 0.0673 0.0637 0.0948 0.1237 0.0220 0.6284
183 0.1445 0.0532 0.6895 0.0762 0.0282 0.0085
184 0.1191 0.0529 0.1173 0.1875 0.0015 0.5215
185 0.3540 0.2233 0.2377 0.0327 0.0085 0.1442
186 0.0234 0.0699 0.5088 0.0520 0.0227 0.3232
187 0.3877 0.1949 0.2881 0.1035 0.0131 0.0129
188 0.1910 0.4106 0.1766 0.0961 0.0324 0.0931
189 0.1721 0.1279 0.2927 0.2583 0.0149 0.1340
190 0.0578 0.0367 0.2018 0.4077 0.0022 0.2937
191 0.6865 0.1021 0.0846 0.0337 0.0077 0.0853
192 0.4524 0.2703 0.1613 0.0310 0.0280 0.0571
193 0.3621 0.4009 0.1969 0.0078 0.0192 0.0132
194 0.2283 0.0718 0.0582 0.2374 0.0068 0.3975
195 0.0945 0.0413 0.1014 0.2321 0.0078 0.5229
196 0.0805 0.0199 0.1527 0.7065 0.0019 0.0386
197 0.0756 0.0459 0.1843 0.4219 0.0466 0.2258
198 0.4072 0.4072 0.1261 0.0189 0.0201 0.0206
199 0.1700 0.0300 0.0630 0.5708 0.0192 0.1466
200 0.3967 0.2603 0.2314 0.0648 0.0190 0.0279
201 0.1669 0.0696 0.1331 0.4229 0.0077 0.1998
202 0.0951 0.0521 0.0649 0.7363 0.0033 0.0482
203 0.0391 0.1851 0.7319 0.0400 0.0014 0.0027
204 0.1317 0.0428 0.2900 0.4707 0.0194 0.0455
205 0.4429 0.1667 0.1111 0.1383 0.0111 0.1299
206 0.0880 0.0212 0.0497 0.6011 0.0080 0.2318
207 0.0657 0.0305 0.2808 0.4150 0.0374 0.1704
208 0.0605 0.0665 0.0894 0.2712 0.0288 0.4836
209 0.1841 0.0602 0.1411 0.2401 0.0196 0.3547
210 0.0997 0.1923 0.6206 0.0326 0.0010 0.0538
211 0.2406 0.1505 0.3784 0.1603 0.0294 0.0408
212 0.0493 0.0471 0.3167 0.0355 0.0042 0.5474
213 0.1094 0.0572 0.2881 0.4751 0.0294 0.0409
214 0.1165 0.0936 0.2881 0.4463 0.0163 0.0393
215 0.1279 0.3970 0.3730 0.0586 0.0172 0.0264
216 0.2357 0.0999 0.2471 0.0821 0.0027 0.3325
217 0.1091 0.1295 0.3132 0.1256 0.0093 0.3132
218 0.2900 0.2009 0.2140 0.0858 0.0276 0.1815
219 0.6831 0.2361 0.0561 0.0114 0.0042 0.0092
220 0.6050 0.1747 0.1360 0.0520 0.0114 0.0210
221 0.4485 0.1770 0.1169 0.2290 0.0106 0.0181
222 0.1195 0.0130 0.0440 0.7676 0.0047 0.0514
223 0.2666 0.0387 0.0537 0.5732 0.0115 0.0559
224 0.2705 0.0366 0.1043 0.5464 0.0133 0.0290
225 0.1453 0.2800 0.3828 0.0254 0.0551 0.1114
226 0.1271 0.2776 0.1631 0.0490 0.0157 0.3677
227 0.1862 0.3911 0.2299 0.0186 0.0201 0.1543
228 0.1536 0.1957 0.1421 0.0433 0.0606 0.4048
229 0.2255 0.3308 0.2382 0.0195 0.0836 0.1024
230 0.2291 0.3232 0.2458 0.0185 0.0863 0.0970
231 0.1136 0.1553 0.1349 0.1288 0.0181 0.4492
232 0.9165 0.0533 0.0098 0.0066 0.0134 0.0001
233 0.9268 0.0480 0.0085 0.0045 0.0122 0.0001
234 0.9062 0.0646 0.0094 0.0035 0.0160 0.0001
235 0.9072 0.0642 0.0093 0.0035 0.0157 0.0001
236 0.9077 0.0637 0.0092 0.0035 0.0157 0.0001
237 0.9077 0.0637 0.0092 0.0035 0.0157 0.0001
238 0.9077 0.0637 0.0092 0.0035 0.0157 0.0001
239 0.9062 0.0646 0.0095 0.0035 0.0158 0.0001
240 0.9067 0.0646 0.0094 0.0035 0.0158 0.0001
241 0.9067 0.0646 0.0094 0.0035 0.0158 0.0001
