time exciting_prob fearful_prob tense_prob sad_prob relaxing_prob neutral_prob
0 0.1136 0.1553 0.1349 0.1288 0.0181 0.4492
1 0.0401 0.2037 0.0849 0.5625 0.0225 0.0862
2 0.0438 0.2190 0.1172 0.5010 0.0202 0.0987
3 0.0591 0.3247 0.1194 0.3855 0.0209 0.0901
4 0.0488 0.2725 0.1327 0.4634 0.0160 0.0668
5 0.0646 0.3440 0.2292 0.2942 0.0158 0.0519
6 0.0756 0.4736 0.2069 0.2037 0.0160 0.0241
7 0.0738 0.4451 0.1975 0.2346 0.0181 0.0308
8 0.0382 0.1537 0.1377 0.5801 0.0414 0.0491
9 0.0311 0.2061 0.2815 0.4163 0.0281 0.0369
10 0.0602 0.4736 0.2783 0.0962 0.0773 0.0143
11 0.0583 0.3982 0.3101 0.1355 0.0535 0.0447
12 0.0559 0.4065 0.3215 0.1260 0.0482 0.0419
13 0.0472 0.4409 0.3381 0.0984 0.0356 0.0398
14 0.0605 0.4438 0.2778 0.1312 0.0367 0.0498
15 0.0607 0.4248 0.2966 0.1276 0.0392 0.0511
16 0.0533 0.2703 0.1746 0.3813 0.0477 0.0728
17 0.0594 0.2969 0.1801 0.3582 0.0372 0.0684
18 0.0576 0.2708 0.2505 0.3069 0.0344 0.0800
19 0.0587 0.2983 0.2148 0.2937 0.0461 0.0882
20 0.0608 0.3811 0.1858 0.2349 0.0524 0.0850
21 0.1033 0.3633 0.2874 0.1490 0.0693 0.0278
22 0.0837 0.4316 0.2786 0.1180 0.0637 0.0244
23 0.0309 0.1281 0.0776 0.6924 0.0187 0.0526
24 0.1074 0.3806 0.4116 0.0458 0.0395 0.0149
25 0.1001 0.3083 0.3281 0.1526 0.0657 0.0451
26 0.0531 0.6221 0.2324 0.0487 0.0371 0.0066
27 0.0875 0.3198 0.3682 0.0625 0.1465 0.0157
28 0.0435 0.2583 0.2463 0.3757 0.0372 0.0390
29 0.0754 0.1781 0.2512 0.4077 0.0539 0.0337
30 0.0546 0.1904 0.2483 0.4031 0.0554 0.0482
31 0.0434 0.1490 0.3157 0.4116 0.0448 0.0354
32 0.0540 0.1274 0.3254 0.4448 0.0287 0.0199
33 0.0579 0.1432 0.4412 0.3176 0.0181 0.0221
34 0.0559 0.1428 0.2178 0.5063 0.0471 0.0302
35 0.0832 0.2791 0.3264 0.1667 0.1278 0.0168
36 0.0819 0.2297 0.3787 0.0706 0.2262 0.0129
37 0.1448 0.1145 0.3755 0.2878 0.0176 0.0599
38 0.0460 0.4502 0.3142 0.1270 0.0283 0.0342
39 0.0626 0.5620 0.2615 0.0565 0.0371 0.0203
40 0.0435 0.5640 0.3264 0.0311 0.0272 0.0076
41 0.1202 0.3879 0.1951 0.1721 0.0996 0.0250
42 0.0469 0.4180 0.1108 0.3806 0.0105 0.0333
43 0.0552 0.5000 0.1345 0.2761 0.0121 0.0221
44 0.0399 0.5386 0.1669 0.2175 0.0126 0.0246
45 0.0397 0.3030 0.1753 0.4272 0.0181 0.0367
46 0.0472 0.1865 0.3174 0.3950 0.0356 0.0183
47 0.1490 0.5239 0.1400 0.1367 0.0140 0.0362
48 0.1218 0.4670 0.1801 0.1403 0.0205 0.0705
49 0.0539 0.3572 0.2698 0.2035 0.0447 0.0709
50 0.0637 0.2874 0.3157 0.2103 0.0607 0.0622
51 0.0736 0.4106 0.4043 0.0560 0.0183 0.0373
52 0.1917 0.3469 0.2969 0.1075 0.0213 0.0357
53 0.0700 0.3340 0.4858 0.0799 0.0238 0.0066
54 0.1126 0.2744 0.4814 0.1074 0.0185 0.0056
55 0.0540 0.2920 0.1401 0.3809 0.1256 0.0073
56 0.1083 0.2186 0.1757 0.3899 0.0941 0.0134
57 0.0811 0.1945 0.3521 0.2964 0.0194 0.0566
58 0.0612 0.1638 0.1855 0.3108 0.2383 0.0404
59 0.0712 0.2524 0.2605 0.1004 0.2646 0.0509
60 0.0807 0.2263 0.1819 0.4363 0.0342 0.0406
61 0.0632 0.1978 0.1199 0.5293 0.0684 0.0217
62 0.0495 0.0939 0.1081 0.4998 0.1031 0.1455
63 0.0354 0.0693 0.1337 0.5630 0.0672 0.1316
64 0.0618 0.0432 0.1506 0.3042 0.3848 0.0554
65 0.0292 0.1763 0.1461 0.4163 0.1394 0.0928
66 0.0436 0.1261 0.1475 0.5229 0.1130 0.0471
67 0.0381 0.3613 0.1554 0.3342 0.0460 0.0648
68 0.0454 0.5708 0.0962 0.1489 0.1274 0.0110
69 0.0911 0.3105 0.2069 0.1274 0.2382 0.0259
70 0.1658 0.2488 0.1545 0.1375 0.2690 0.0244
71 0.0175 0.0496 0.0285 0.0678 0.8325 0.0040
72 0.0200 0.0683 0.0354 0.1504 0.7173 0.0087
73 0.0261 0.1345 0.0862 0.2218 0.5239 0.0078
74 0.0798 0.2744 0.1135 0.1434 0.3691 0.0197
75 0.0683 0.3440 0.2830 0.1049 0.1445 0.0553
76 0.0826 0.4038 0.2247 0.1777 0.0696 0.0416
77 0.0510 0.1609 0.1224 0.4656 0.0616 0.1387
78 0.0851 0.3091 0.2297 0.2603 0.0638 0.0521
79 0.4509 0.1464 0.0874 0.1909 0.0235 0.1006
80 0.2209 0.1383 0.1094 0.2389 0.0422 0.2502
81 0.0631 0.1057 0.4380 0.2874 0.0417 0.0641
82 0.0548 0.2827 0.5801 0.0320 0.0164 0.0343
83 0.0451 0.0883 0.3032 0.4697 0.0320 0.0616
84 0.0553 0.1169 0.1783 0.5757 0.0249 0.0488
85 0.0980 0.2350 0.2502 0.3064 0.0663 0.0442
86 0.0264 0.2225 0.3447 0.3784 0.0083 0.0197
87 0.0858 0.2900 0.3904 0.1873 0.0408 0.0059
88 0.1039 0.0407 0.0692 0.6675 0.0354 0.0835
89 0.0734 0.2993 0.2900 0.2443 0.0341 0.0589
90 0.0691 0.1533 0.3455 0.3003 0.0670 0.0649
91 0.0794 0.2485 0.1804 0.3616 0.0304 0.0996
92 0.0928 0.1268 0.1707 0.4158 0.1788 0.0150
93 0.0458 0.1389 0.1599 0.5581 0.0261 0.0710
94 0.0629 0.1461 0.1763 0.3142 0.0944 0.2061
95 0.0736 0.2413 0.2097 0.1808 0.1571 0.1376
96 0.0756 0.2537 0.2964 0.1914 0.0947 0.0883
97 0.0661 0.3438 0.3330 0.0918 0.0856 0.0798
98 0.0596 0.2844 0.3650 0.0471 0.1865 0.0573
99 0.0298 0.2810 0.2810 0.3086 0.0710 0.0287
100 0.0328 0.4602 0.2042 0.2426 0.0442 0.0159
101 0.0393 0.3501 0.3787 0.1934 0.0179 0.0207
102 0.0447 0.2198 0.2612 0.3740 0.0583 0.0420
103 0.0652 0.3110 0.2661 0.1541 0.1801 0.0234
104 0.1046 0.2433 0.3325 0.1808 0.1243 0.0145
105 0.0267 0.2415 0.2378 0.4304 0.0121 0.0514
106 0.0195 0.4983 0.2585 0.1982 0.0062 0.0195
107 0.0431 0.1493 0.2008 0.4893 0.0066 0.1109
108 0.0472 0.1207 0.1245 0.5757 0.0351 0.0969
109 0.0586 0.1805 0.1892 0.2976 0.0235 0.2507
110 0.0310 0.1323 0.0450 0.6216 0.0896 0.0803
111 0.1002 0.2810 0.2440 0.2854 0.0174 0.0721
112 0.0498 0.2954 0.2063 0.4038 0.0208 0.0239
113 0.0201 0.5859 0.1553 0.1816 0.0445 0.0124
114 0.0354 0.6885 0.1466 0.0903 0.0330 0.0061
115 0.0231 0.6899 0.2072 0.0589 0.0140 0.0073
116 0.0578 0.4373 0.0848 0.3052 0.1022 0.0128
117 0.0887 0.3821 0.3425 0.1342 0.0158 0.0367
118 0.1437 0.2368 0.3499 0.1603 0.0717 0.0378
119 0.1615 0.1859 0.2350 0.2993 0.0331 0.0851
120 0.4255 0.0512 0.1720 0.2705 0.0199 0.0608
121 0.3022 0.1310 0.3398 0.1763 0.0240 0.0268
122 0.0170 0.1492 0.1199 0.6284 0.0173 0.0683
123 0.0297 0.4133 0.3765 0.1261 0.0419 0.0125
124 0.0269 0.4578 0.1908 0.2266 0.0713 0.0269
125 0.0311 0.6304 0.2798 0.0381 0.0193 0.0013
126 0.0525 0.0950 0.3215 0.4827 0.0264 0.0220
127 0.0301 0.1299 0.1980 0.5820 0.0442 0.0156
128 0.0600 0.3218 0.2355 0.2546 0.1231 0.0050
129 0.0181 0.1152 0.0721 0.7280 0.0315 0.0351
130 0.0634 0.1833 0.1321 0.5142 0.0740 0.0331
131 0.0324 0.2246 0.0764 0.5737 0.0403 0.0525
132 0.0633 0.1383 0.1183 0.5645 0.1012 0.0146
133 0.0600 0.3821 0.1892 0.3022 0.0577 0.0086
134 0.0479 0.3540 0.1621 0.3325 0.0953 0.0081
135 0.1454 0.2937 0.3892 0.1031 0.0514 0.0174
136 0.1595 0.2433 0.2590 0.1865 0.1243 0.0275
137 0.0472 0.6885 0.1039 0.0282 0.1273 0.0046
138 0.0619 0.0563 0.0581 0.5181 0.2905 0.0150
139 0.0109 0.0197 0.0543 0.9043 0.0017 0.0089
140 0.0361 0.2356 0.0479 0.4199 0.2393 0.0211
141 0.0293 0.4373 0.0784 0.2340 0.2065 0.0145
142 0.0399 0.1349 0.2520 0.5337 0.0104 0.0292
143 0.0250 0.1331 0.3450 0.4790 0.0028 0.0153
144 0.0186 0.4341 0.1263 0.3772 0.0109 0.0327
145 0.1328 0.7407 0.0949 0.0077 0.0164 0.0075
146 0.2549 0.5522 0.1030 0.0195 0.0596 0.0109
147 0.0423 0.4480 0.4412 0.0340 0.0181 0.0163
148 0.0332 0.2720 0.4697 0.1501 0.0579 0.0171
149 0.0485 0.2644 0.4033 0.2445 0.0147 0.0246
150 0.0370 0.1570 0.3650 0.2712 0.0334 0.1364
151 0.0256 0.1278 0.4258 0.4062 0.0026 0.0122
152 0.0556 0.2781 0.5273 0.1234 0.0046 0.0109
153 0.0652 0.4490 0.3665 0.1066 0.0046 0.0082
154 0.1305 0.3059 0.1276 0.2006 0.0317 0.2037
155 0.0532 0.1143 0.2742 0.4739 0.0208 0.0636
156 0.1498 0.1698 0.1375 0.4800 0.0116 0.0514
157 0.3931 0.3259 0.1539 0.0247 0.0799 0.0224
158 0.1952 0.4131 0.1555 0.0638 0.1394 0.0329
159 0.2347 0.3086 0.0941 0.0699 0.2620 0.0308
160 0.0389 0.2310 0.5718 0.1091 0.0374 0.0118
161 0.0184 0.4456 0.3416 0.1564 0.0101 0.0280
162 0.1172 0.4126 0.1874 0.1448 0.0652 0.0728
163 0.0483 0.2983 0.2379 0.0621 0.0939 0.2593
164 0.0526 0.5396 0.1672 0.1088 0.0400 0.0916
165 0.0518 0.1096 0.2395 0.5151 0.0245 0.0596
166 0.0592 0.3225 0.1809 0.3542 0.0681 0.0152
167 0.0498 0.5928 0.0391 0.2358 0.0650 0.0173
168 0.0216 0.8052 0.0540 0.1024 0.0110 0.0056
169 0.0429 0.6411 0.0539 0.2472 0.0044 0.0107
170 0.0952 0.7202 0.0510 0.1194 0.0067 0.0072
171 0.0291 0.6782 0.0704 0.2167 0.0032 0.0027
172 0.1032 0.1958 0.2456 0.0641 0.2185 0.1729
173 0.1624 0.2151 0.2344 0.0552 0.1294 0.2036
174 0.1292 0.2214 0.3052 0.1272 0.1140 0.1030
175 0.0449 0.1591 0.7827 0.0025 0.0060 0.0048
176 0.0156 0.4248 0.3809 0.0549 0.1017 0.0220
177 0.0081 0.2505 0.6006 0.0893 0.0367 0.0148
178 0.0269 0.1227 0.0941 0.6631 0.0473 0.0458
179 0.0681 0.5068 0.2886 0.0789 0.0327 0.0250
180 0.0743 0.4587 0.3628 0.0483 0.0351 0.0208
181 0.0206 0.6514 0.2800 0.0077 0.0337 0.0067
182 0.0730 0.4724 0.2338 0.0172 0.1821 0.0216
183 0.0256 0.2930 0.2976 0.0482 0.0966 0.2391
184 0.0183 0.1038 0.4873 0.2568 0.0198 0.1140
185 0.0344 0.0824 0.0524 0.4893 0.1470 0.1946
186 0.0343 0.5537 0.1179 0.2202 0.0454 0.0287
187 0.0298 0.4182 0.1400 0.2419 0.1422 0.0278
188 0.0575 0.6226 0.1305 0.1090 0.0738 0.0068
189 0.0504 0.5947 0.1010 0.1652 0.0786 0.0102
190 0.0786 0.1217 0.7002 0.0584 0.0217 0.0194
191 0.1004 0.3044 0.3672 0.2092 0.0091 0.0095
192 0.0615 0.4075 0.0983 0.3174 0.0975 0.0176
193 0.0760 0.3657 0.0903 0.2435 0.1897 0.0348
194 0.0274 0.0637 0.1067 0.7402 0.0194 0.0424
195 0.0941 0.2056 0.1287 0.3235 0.2155 0.0328
196 0.0773 0.2573 0.1586 0.2418 0.2456 0.0192
197 0.2751 0.1147 0.0654 0.4683 0.0614 0.0151
198 0.2207 0.1360 0.1101 0.4673 0.0512 0.0146
199 0.2131 0.1007 0.1007 0.5195 0.0499 0.0161
200 0.0309 0.5962 0.1331 0.1643 0.0629 0.0126
201 0.0311 0.2411 0.2095 0.4575 0.0331 0.0277
202 0.0495 0.2117 0.4482 0.2253 0.0561 0.0092
203 0.0586 0.2046 0.3372 0.3169 0.0542 0.0286
204 0.0441 0.2703 0.2537 0.3362 0.0524 0.0434
205 0.3667 0.1101 0.1615 0.3313 0.0262 0.0040
206 0.3044 0.1721 0.1616 0.3342 0.0166 0.0108
207 0.2944 0.0744 0.1041 0.5005 0.0193 0.0071
208 0.0739 0.2876 0.3013 0.2744 0.0025 0.0603
209 0.0836 0.1810 0.1345 0.5664 0.0060 0.0284
210 0.0699 0.3335 0.2852 0.2681 0.0088 0.0346
211 0.0250 0.2734 0.2032 0.4438 0.0103 0.0439
212 0.0048 0.4277 0.0646 0.4924 0.0092 0.0014
213 0.0079 0.4805 0.0556 0.4443 0.0096 0.0022
214 0.1586 0.1039 0.0693 0.2915 0.0984 0.2783
215 0.3350 0.4138 0.1375 0.0190 0.0610 0.0337
216 0.3228 0.4275 0.1324 0.0208 0.0687 0.0280
217 0.2832 0.4526 0.1327 0.0229 0.0787 0.0298
218 0.0663 0.2974 0.0449 0.3398 0.2045 0.0471
219 0.0453 0.2610 0.1986 0.1487 0.2610 0.0854
220 0.0200 0.1702 0.3384 0.2595 0.0249 0.1869
221 0.0366 0.1846 0.2859 0.2727 0.0358 0.1846
222 0.0207 0.1934 0.3669 0.1577 0.0170 0.2444
223 0.0263 0.2455 0.4661 0.1882 0.0079 0.0661
224 0.0240 0.2542 0.3420 0.3018 0.0201 0.0580
225 0.0685 0.2932 0.0867 0.5063 0.0133 0.0319
226 0.0275 0.4438 0.2529 0.2375 0.0297 0.0085
227 0.0258 0.2798 0.2549 0.3948 0.0216 0.0231
228 0.1738 0.5273 0.1071 0.0771 0.0840 0.0307
229 0.1449 0.5601 0.1383 0.0456 0.0813 0.0299
230 0.0338 0.1615 0.2278 0.5215 0.0281 0.0276
231 0.0166 0.6646 0.0390 0.2686 0.0049 0.0066
232 0.0041 0.1429 0.0707 0.7725 0.0053 0.0042
233 0.0074 0.3438 0.0856 0.5493 0.0048 0.0093
234 0.0057 0.3257 0.0401 0.6177 0.0067 0.0040
235 0.0408 0.4966 0.2007 0.0963 0.1515 0.0142
236 0.0104 0.4648 0.0348 0.4797 0.0037 0.0066
237 0.0196 0.8071 0.0384 0.1238 0.0069 0.0041
238 0.0355 0.6338 0.0459 0.1219 0.1309 0.0320
239 0.0360 0.1448 0.1494 0.5728 0.0210 0.0763
240 0.1055 0.2378 0.2454 0.3101 0.0298 0.0714
241 0.0414 0.2150 0.1000 0.5752 0.0300 0.0382
242 0.0587 0.3250 0.1312 0.4172 0.0373 0.0307
243 0.0187 0.2725 0.0657 0.6138 0.0097 0.0196
244 0.0410 0.1526 0.1049 0.5850 0.0325 0.0842
245 0.0560 0.8364 0.0472 0.0251 0.0233 0.0122
246 0.1975 0.6328 0.1049 0.0111 0.0392 0.0144
247 0.1405 0.7363 0.0355 0.0384 0.0449 0.0041
248 0.0130 0.8374 0.0330 0.1133 0.0014 0.0020
249 0.0209 0.3943 0.1129 0.2976 0.1520 0.0224
250 0.0069 0.2230 0.0538 0.7085 0.0056 0.0020
251 0.0341 0.4709 0.1934 0.2727 0.0264 0.0026
252 0.1382 0.2949 0.1460 0.2686 0.1173 0.0349
253 0.1221 0.3760 0.1748 0.2109 0.1069 0.0093
254 0.1328 0.3813 0.2140 0.1830 0.0613 0.0274
255 0.1163 0.2769 0.1732 0.2856 0.1210 0.0270
256 0.1070 0.4988 0.1385 0.1923 0.0379 0.0256
257 0.1475 0.4761 0.1835 0.1354 0.0394 0.0183
258 0.0964 0.1692 0.6289 0.0851 0.0027 0.0178
259 0.0173 0.0553 0.7573 0.1515 0.0065 0.0121
260 0.0577 0.1544 0.2976 0.4470 0.0128 0.0304
261 0.0523 0.2939 0.2893 0.3435 0.0074 0.0136
262 0.0526 0.3599 0.2473 0.3079 0.0144 0.0181
263 0.0647 0.8521 0.0346 0.0092 0.0371 0.0023
264 0.0517 0.8208 0.0467 0.0613 0.0141 0.0055
265 0.1984 0.7144 0.0509 0.0239 0.0048 0.0079
266 0.1707 0.5381 0.0516 0.1471 0.0489 0.0438
267 0.0933 0.8066 0.0622 0.0236 0.0059 0.0085
268 0.0140 0.0939 0.0616 0.7988 0.0081 0.0237
269 0.0258 0.1720 0.3066 0.4463 0.0048 0.0445
270 0.0696 0.2317 0.3672 0.2505 0.0229 0.0581
271 0.0251 0.1376 0.1672 0.6313 0.0198 0.0189
272 0.0851 0.6592 0.1011 0.0728 0.0740 0.0076
273 0.0482 0.7139 0.0752 0.1320 0.0275 0.0035
274 0.0392 0.7290 0.1414 0.0678 0.0141 0.0087
275 0.1102 0.4395 0.0658 0.0202 0.3530 0.0113
276 0.0173 0.1272 0.1851 0.6357 0.0052 0.0293
277 0.0027 0.0364 0.0138 0.9399 0.0006 0.0065
278 0.0081 0.7900 0.0406 0.1581 0.0023 0.0008
279 0.0397 0.3433 0.1837 0.3540 0.0223 0.0569
280 0.0346 0.1729 0.3835 0.3032 0.0216 0.0842
281 0.0606 0.4690 0.1355 0.1272 0.1925 0.0152
282 0.1140 0.4009 0.1779 0.1241 0.1343 0.0490
283 0.0732 0.4482 0.0565 0.1755 0.2085 0.0380
284 0.0231 0.8320 0.0817 0.0139 0.0338 0.0156
285 0.0239 0.8096 0.0753 0.0654 0.0155 0.0101
286 0.0049 0.9277 0.0427 0.0173 0.0029 0.0042
287 0.0191 0.8604 0.0452 0.0609 0.0063 0.0082
288 0.0616 0.8242 0.0829 0.0185 0.0112 0.0013
289 0.0121 0.8169 0.0487 0.0809 0.0307 0.0109
290 0.0812 0.3694 0.1493 0.3259 0.0652 0.0090
291 0.0044 0.3513 0.0317 0.6069 0.0010 0.0044
292 0.1176 0.5522 0.0158 0.1849 0.1013 0.0284
293 0.0897 0.6997 0.0715 0.0947 0.0354 0.0092
294 0.0865 0.6802 0.0734 0.1093 0.0452 0.0053
295 0.0357 0.5083 0.1207 0.2363 0.0897 0.0096
296 0.0063 0.0256 0.1494 0.7832 0.0027 0.0328
297 0.0320 0.0775 0.5859 0.2122 0.0118 0.0806
298 0.0144 0.2957 0.5522 0.1232 0.0056 0.0091
299 0.0421 0.2244 0.4531 0.2314 0.0224 0.0264
300 0.1070 0.6455 0.0887 0.0665 0.0765 0.0160
301 0.1311 0.4873 0.0654 0.1343 0.1620 0.0200
302 0.0435 0.6050 0.1085 0.0972 0.1371 0.0090
303 0.0559 0.7656 0.1394 0.0183 0.0122 0.0084
304 0.0674 0.6055 0.2524 0.0266 0.0214 0.0268
305 0.1289 0.5386 0.1230 0.1036 0.0872 0.0186
306 0.0676 0.6216 0.1454 0.0625 0.0931 0.0097
307 0.0516 0.1888 0.1566 0.3066 0.0381 0.2583
308 0.0714 0.2491 0.1055 0.2065 0.0760 0.2913
309 0.0641 0.4700 0.1245 0.2477 0.0389 0.0548
310 0.0591 0.4644 0.0623 0.2605 0.0533 0.1004
311 0.0659 0.4165 0.0771 0.2690 0.0522 0.1193
312 0.0588 0.2942 0.0267 0.5083 0.0310 0.0811
313 0.0294 0.1719 0.0594 0.6191 0.0076 0.1127
314 0.0291 0.6787 0.1855 0.0621 0.0075 0.0371
315 0.2749 0.5381 0.0474 0.0563 0.0609 0.0222
316 0.0987 0.6045 0.0381 0.2122 0.0229 0.0236
317 0.0474 0.1138 0.0474 0.5098 0.0250 0.2563
318 0.0361 0.1156 0.0439 0.6548 0.0339 0.1156
319 0.0141 0.0704 0.0327 0.6680 0.0293 0.1854
320 0.0828 0.7041 0.0719 0.0888 0.0410 0.0114
321 0.0710 0.7061 0.1189 0.0511 0.0458 0.0070
322 0.0335 0.6274 0.0557 0.2308 0.0451 0.0072
323 0.0751 0.7822 0.0751 0.0470 0.0161 0.0048
324 0.1069 0.7197 0.0839 0.0409 0.0345 0.0143
325 0.1003 0.6240 0.0906 0.1219 0.0572 0.0059
326 0.0168 0.8306 0.0531 0.0889 0.0075 0.0032
327 0.0216 0.8569 0.0903 0.0245 0.0049 0.0019
328 0.0824 0.6899 0.0912 0.0641 0.0612 0.0110
329 0.1272 0.3457 0.0319 0.0348 0.4509 0.0097
330 0.0897 0.5801 0.0527 0.1179 0.1294 0.0303
331 0.0346 0.8657 0.0492 0.0272 0.0155 0.0079
332 0.0483 0.8560 0.0420 0.0327 0.0188 0.0024
333 0.0692 0.7910 0.0342 0.0578 0.0361 0.0116
334 0.0815 0.7261 0.0359 0.0748 0.0714 0.0102
335 0.1052 0.7417 0.0358 0.0415 0.0546 0.0210
336 0.0239 0.8369 0.0635 0.0395 0.0122 0.0237
337 0.0194 0.8125 0.0562 0.0883 0.0036 0.0202
338 0.0136 0.7295 0.1903 0.0637 0.0003 0.0025
339 0.0172 0.8550 0.1053 0.0189 0.0009 0.0024
340 0.0326 0.8945 0.0439 0.0215 0.0028 0.0046
341 0.0078 0.6431 0.1135 0.2257 0.0056 0.0042
342 0.0592 0.7383 0.0848 0.0413 0.0666 0.0097
343 0.1244 0.3279 0.1215 0.0779 0.3435 0.0049
344 0.1523 0.7437 0.0394 0.0257 0.0213 0.0175
345 0.0400 0.2957 0.2130 0.4170 0.0116 0.0228
346 0.0558 0.1979 0.4392 0.2622 0.0294 0.0155
347 0.0407 0.3010 0.1797 0.4114 0.0202 0.0469
348 0.0345 0.1281 0.2247 0.5649 0.0184 0.0293
349 0.0143 0.7832 0.1043 0.0825 0.0105 0.0054
350 0.0946 0.2067 0.3127 0.0465 0.3127 0.0269
351 0.1055 0.1895 0.2549 0.0282 0.3979 0.0241
352 0.0763 0.1459 0.2225 0.3289 0.0504 0.1760
353 0.0667 0.2290 0.3896 0.2185 0.0335 0.0626
354 0.0302 0.7202 0.1053 0.1251 0.0065 0.0128
355 0.0134 0.8477 0.0908 0.0429 0.0017 0.0037
356 0.0373 0.5024 0.2488 0.1632 0.0111 0.0370
357 0.0636 0.7339 0.0458 0.0389 0.1017 0.0161
358 0.0655 0.7734 0.0854 0.0164 0.0423 0.0168
359 0.0380 0.8120 0.0842 0.0293 0.0239 0.0126
360 0.0496 0.7764 0.0906 0.0255 0.0352 0.0229
361 0.0382 0.6621 0.1598 0.0737 0.0404 0.0259
362 0.0454 0.3357 0.3010 0.2069 0.0693 0.0417
363 0.0612 0.0798 0.2576 0.4590 0.0447 0.0977
364 0.0845 0.0794 0.2262 0.4097 0.0734 0.1268
365 0.1238 0.1182 0.2074 0.2878 0.1011 0.1615
366 0.1136 0.1553 0.1349 0.1288 0.0181 0.4492
