time exciting_prob fearful_prob tense_prob sad_prob relaxing_prob neutral_prob
0 0.9121 0.0123 0.0362 0.0194 0.0186 0.0013
1 0.9121 0.0121 0.0362 0.0194 0.0186 0.0013
2 0.9121 0.0121 0.0362 0.0194 0.0186 0.0013
3 0.8145 0.0204 0.0294 0.0505 0.0806 0.0045
4 0.8408 0.0063 0.0358 0.0311 0.0839 0.0018
5 0.9336 0.0042 0.0040 0.0243 0.0156 0.0185
6 0.9258 0.0037 0.0042 0.0230 0.0179 0.0255
7 0.8926 0.0067 0.0202 0.0253 0.0089 0.0462
8 0.1423 0.1915 0.0508 0.0500 0.4595 0.1058
9 0.1265 0.4663 0.0401 0.0291 0.3035 0.0346
10 0.1821 0.5312 0.0945 0.0314 0.1088 0.0522
11 0.0639 0.1104 0.1147 0.6816 0.0130 0.0165
12 0.1157 0.0759 0.1764 0.3674 0.0217 0.2429
13 0.1398 0.0243 0.0141 0.0909 0.3799 0.3513
14 0.2427 0.4827 0.2028 0.0456 0.0097 0.0168
15 0.3074 0.2588 0.2249 0.1022 0.0686 0.0382
16 0.3115 0.3938 0.1667 0.0276 0.0928 0.0077
17 0.1677 0.5166 0.0558 0.0270 0.1917 0.0411
18 0.3274 0.2510 0.1659 0.1836 0.0373 0.0348
19 0.6509 0.1879 0.0620 0.0213 0.0490 0.0290
20 0.0111 0.1226 0.8379 0.0203 0.0017 0.0065
21 0.4126 0.2333 0.1309 0.0181 0.1519 0.0533
22 0.5425 0.1555 0.1735 0.0105 0.0928 0.0252
23 0.4792 0.2751 0.1709 0.0064 0.0509 0.0175
24 0.0428 0.5820 0.3318 0.0074 0.0036 0.0323
25 0.1509 0.5103 0.2487 0.0196 0.0088 0.0619
26 0.1659 0.1476 0.2671 0.0840 0.0640 0.2715
27 0.1143 0.1638 0.4382 0.0580 0.0401 0.1855
28 0.1227 0.2008 0.3496 0.1287 0.1602 0.0380
29 0.5278 0.0305 0.0307 0.0535 0.2133 0.1443
30 0.4617 0.0759 0.0724 0.0510 0.2267 0.1122
31 0.3677 0.2338 0.1418 0.0479 0.1594 0.0494
32 0.4194 0.1260 0.0943 0.0266 0.2466 0.0872
33 0.0242 0.2335 0.2126 0.3372 0.1776 0.0148
34 0.0331 0.2620 0.3208 0.1539 0.2008 0.0294
35 0.1725 0.0237 0.0789 0.0802 0.0334 0.6113
36 0.1609 0.1089 0.1007 0.3801 0.0261 0.2234
37 0.3550 0.0823 0.0897 0.1001 0.2273 0.1456
38 0.1124 0.1313 0.0903 0.1971 0.1635 0.3054
39 0.0680 0.0795 0.1848 0.3733 0.1484 0.1461
40 0.1300 0.1061 0.2393 0.1805 0.0416 0.3025
41 0.2454 0.1740 0.1442 0.0592 0.3459 0.0314
42 0.1544 0.0840 0.1095 0.0304 0.5649 0.0568
43 0.0655 0.1387 0.3596 0.2590 0.0176 0.1595
44 0.0427 0.2805 0.2117 0.3716 0.0080 0.0856
45 0.1365 0.2957 0.2935 0.0983 0.0419 0.1343
46 0.1335 0.1688 0.3154 0.1235 0.0205 0.2382
47 0.1721 0.4001 0.3643 0.0166 0.0140 0.0328
48 0.1849 0.4949 0.2527 0.0143 0.0108 0.0426
49 0.5522 0.3564 0.0400 0.0159 0.0246 0.0108
50 0.5723 0.3364 0.0318 0.0222 0.0266 0.0105
51 0.2103 0.1785 0.3777 0.1664 0.0074 0.0598
52 0.2288 0.1853 0.5278 0.0394 0.0043 0.0145
53 0.2175 0.1405 0.1935 0.3848 0.0099 0.0537
54 0.1622 0.3831 0.2654 0.1687 0.0091 0.0117
55 0.1702 0.3035 0.1295 0.2761 0.0651 0.0557
56 0.2871 0.3279 0.2825 0.0552 0.0118 0.0356
57 0.3960 0.1108 0.0994 0.1704 0.1857 0.0377
58 0.4155 0.2642 0.0920 0.1101 0.1075 0.0109
59 0.4065 0.0973 0.0260 0.0776 0.1155 0.2771
60 0.5967 0.1520 0.0894 0.0151 0.0664 0.0807
61 0.0711 0.2025 0.4355 0.2090 0.0558 0.0262
62 0.3811 0.1425 0.0261 0.0603 0.0207 0.3694
63 0.5020 0.1495 0.1011 0.0690 0.1052 0.0734
64 0.4041 0.0457 0.0211 0.2015 0.0543 0.2734
65 0.6382 0.0371 0.0346 0.0187 0.0233 0.2480
66 0.4294 0.0600 0.0409 0.0415 0.0186 0.4097
67 0.6626 0.0767 0.0798 0.0561 0.0265 0.0984
68 0.7803 0.0829 0.0687 0.0140 0.0070 0.0472
69 0.4023 0.2153 0.0657 0.1691 0.0598 0.0877
70 0.3232 0.3928 0.0598 0.0715 0.0593 0.0933
71 0.4446 0.1410 0.0129 0.1098 0.0646 0.2271
72 0.5518 0.1779 0.0098 0.0397 0.0833 0.1375
73 0.3867 0.2720 0.0166 0.0330 0.1091 0.1826
74 0.3184 0.1458 0.1180 0.3838 0.0154 0.0188
75 0.1160 0.1265 0.2573 0.3357 0.0349 0.1294
76 0.1470 0.1136 0.1602 0.3391 0.0657 0.1746
77 0.2729 0.5098 0.0958 0.0372 0.0445 0.0399
78 0.2114 0.4802 0.1660 0.0353 0.0483 0.0587
79 0.1849 0.3738 0.0429 0.0629 0.0490 0.2864
80 0.1534 0.4954 0.0367 0.1940 0.0063 0.1141
81 0.0779 0.2676 0.0640 0.2593 0.0034 0.3279
82 0.1825 0.2068 0.0726 0.1973 0.0078 0.3330
83 0.1870 0.3577 0.2021 0.0843 0.1161 0.0527
84 0.1514 0.2698 0.1305 0.2576 0.1400 0.0507
85 0.1989 0.1598 0.2417 0.2019 0.0743 0.1235
86 0.1794 0.2825 0.2166 0.1647 0.0400 0.1168
87 0.1710 0.1194 0.1558 0.2079 0.0337 0.3123
88 0.1699 0.1273 0.0656 0.0687 0.0198 0.5488
89 0.2393 0.0385 0.0564 0.6304 0.0331 0.0022
90 0.0615 0.1864 0.2249 0.4333 0.0379 0.0560
91 0.4487 0.1857 0.0699 0.2852 0.0070 0.0035
92 0.2474 0.0351 0.0592 0.6030 0.0332 0.0223
93 0.0451 0.0095 0.0022 0.0028 0.9341 0.0062
94 0.0287 0.0065 0.0031 0.0008 0.9580 0.0029
95 0.0787 0.1118 0.0405 0.0047 0.7583 0.0060
96 0.1276 0.1538 0.0451 0.0024 0.6680 0.0030
97 0.0410 0.0245 0.0039 0.0013 0.9263 0.0029
98 0.0447 0.0148 0.0045 0.0028 0.9272 0.0059
99 0.3311 0.2578 0.2578 0.0153 0.1118 0.0259
100 0.2974 0.1749 0.2045 0.0193 0.2646 0.0393
101 0.1335 0.1008 0.0671 0.0078 0.6777 0.0128
102 0.0265 0.0089 0.0059 0.0057 0.9419 0.0109
103 0.0378 0.0248 0.0037 0.0009 0.9233 0.0094
104 0.0912 0.1829 0.1100 0.2089 0.3608 0.0462
105 0.1140 0.2712 0.0777 0.1558 0.3511 0.0302
106 0.1686 0.4800 0.0719 0.0960 0.1547 0.0288
107 0.1326 0.5161 0.2101 0.0407 0.0804 0.0202
108 0.0761 0.0298 0.3987 0.4661 0.0088 0.0205
109 0.2043 0.3240 0.4260 0.0238 0.0094 0.0124
110 0.1051 0.3784 0.4937 0.0090 0.0069 0.0068
111 0.0432 0.3877 0.5469 0.0137 0.0025 0.0062
112 0.1050 0.2810 0.5547 0.0315 0.0039 0.0240
113 0.0596 0.0802 0.2180 0.2432 0.3826 0.0163
114 0.1344 0.2651 0.4172 0.0640 0.0034 0.1158
115 0.1229 0.4824 0.2296 0.1229 0.0360 0.0062
116 0.0364 0.3650 0.5830 0.0071 0.0002 0.0081
117 0.0393 0.3367 0.5820 0.0125 0.0003 0.0294
118 0.0282 0.2268 0.6934 0.0094 0.0008 0.0416
119 0.0747 0.2954 0.2732 0.2355 0.0564 0.0649
120 0.0640 0.0991 0.5977 0.0731 0.0126 0.1536
121 0.1993 0.2441 0.3391 0.0500 0.0217 0.1458
122 0.1033 0.1359 0.5542 0.0768 0.0043 0.1256
123 0.0557 0.1868 0.1345 0.5664 0.0127 0.0437
124 0.1099 0.1368 0.5327 0.0579 0.0026 0.1599
125 0.1575 0.2290 0.4485 0.0205 0.0191 0.1255
126 0.0647 0.3469 0.4817 0.0144 0.0037 0.0884
127 0.0145 0.6353 0.2910 0.0241 0.0009 0.0342
128 0.3745 0.1884 0.1216 0.0940 0.0579 0.1636
129 0.2795 0.1473 0.3345 0.1290 0.0839 0.0256
130 0.1635 0.1234 0.6025 0.0136 0.0056 0.0917
131 0.1483 0.2927 0.4978 0.0366 0.0132 0.0115
132 0.1383 0.2625 0.5259 0.0403 0.0076 0.0254
133 0.2070 0.2419 0.4053 0.0631 0.0149 0.0677
134 0.0112 0.8066 0.0562 0.1126 0.0029 0.0105
135 0.0414 0.6470 0.0829 0.1882 0.0047 0.0359
136 0.0712 0.3474 0.3420 0.1210 0.0935 0.0246
137 0.1019 0.1299 0.0794 0.0363 0.6147 0.0378
138 0.1774 0.1136 0.1119 0.1565 0.2791 0.1615
139 0.2015 0.4041 0.1606 0.0514 0.0930 0.0894
140 0.0626 0.3489 0.0503 0.0992 0.4207 0.0185
141 0.1179 0.7109 0.0641 0.0458 0.0465 0.0148
142 0.0130 0.6270 0.3008 0.0203 0.0005 0.0385
143 0.0674 0.4678 0.1965 0.2280 0.0093 0.0311
144 0.0546 0.0930 0.0478 0.0062 0.7661 0.0324
145 0.0328 0.1458 0.0305 0.0135 0.7695 0.0080
146 0.0361 0.6865 0.1270 0.1157 0.0072 0.0275
147 0.0244 0.8091 0.1222 0.0302 0.0046 0.0095
148 0.0285 0.5010 0.1589 0.2520 0.0028 0.0567
149 0.1232 0.4612 0.2671 0.0670 0.0146 0.0670
150 0.0186 0.6240 0.2856 0.0558 0.0008 0.0153
151 0.2817 0.2095 0.0634 0.1497 0.1736 0.1221
152 0.3877 0.1068 0.0509 0.1201 0.2075 0.1268
153 0.3335 0.2766 0.0540 0.1527 0.1126 0.0705
154 0.3228 0.0749 0.1840 0.2437 0.1489 0.0257
155 0.2025 0.1328 0.2009 0.1307 0.3137 0.0194
156 0.1025 0.4741 0.1285 0.0223 0.2659 0.0066
157 0.0956 0.1799 0.0473 0.0075 0.6533 0.0165
158 0.0808 0.0422 0.4233 0.3147 0.0100 0.1292
159 0.0726 0.1432 0.3306 0.2676 0.0276 0.1586
160 0.1505 0.2122 0.1787 0.0153 0.4287 0.0147
161 0.1085 0.1964 0.0935 0.4900 0.0529 0.0585
162 0.0714 0.0687 0.0322 0.7212 0.0616 0.0450
163 0.1376 0.1272 0.0671 0.2737 0.3149 0.0797
164 0.4128 0.2092 0.0347 0.2644 0.0390 0.0396
165 0.0787 0.1425 0.0374 0.0202 0.6904 0.0308
166 0.0775 0.1554 0.0648 0.0170 0.6543 0.0311
167 0.0365 0.0098 0.1400 0.7808 0.0054 0.0274
168 0.1228 0.3113 0.2089 0.0637 0.2791 0.0144
169 0.0414 0.0603 0.3750 0.4739 0.0205 0.0289
170 0.0833 0.1709 0.3320 0.2839 0.1174 0.0125
171 0.0316 0.2798 0.0568 0.5562 0.0140 0.0615
172 0.0250 0.6602 0.0880 0.1967 0.0018 0.0285
173 0.2751 0.4980 0.1906 0.0173 0.0080 0.0111
174 0.2693 0.4836 0.2097 0.0179 0.0120 0.0074
175 0.0053 0.1154 0.8530 0.0235 0.0008 0.0020
176 0.0091 0.1249 0.8271 0.0311 0.0012 0.0065
177 0.0353 0.2512 0.6514 0.0487 0.0085 0.0047
178 0.0934 0.5459 0.3159 0.0122 0.0039 0.0285
179 0.0363 0.1990 0.4775 0.1625 0.0750 0.0499
180 0.3276 0.5073 0.1159 0.0123 0.0108 0.0261
181 0.5347 0.2485 0.1129 0.0643 0.0175 0.0222
182 0.4775 0.3606 0.1266 0.0184 0.0096 0.0073
183 0.2725 0.1992 0.2725 0.0870 0.0161 0.1528
184 0.0323 0.1403 0.2500 0.4973 0.0073 0.0728
185 0.0812 0.2351 0.4900 0.0995 0.0793 0.0148
186 0.1298 0.2042 0.3755 0.1641 0.1145 0.0120
187 0.0281 0.2791 0.5723 0.0255 0.0328 0.0623
188 0.0197 0.1223 0.3767 0.2080 0.0022 0.2712
189 0.1140 0.4167 0.3677 0.0230 0.0034 0.0753
190 0.0192 0.2062 0.6870 0.0490 0.0003 0.0385
191 0.1365 0.6826 0.1132 0.0596 0.0043 0.0041
192 0.1906 0.4160 0.1965 0.0609 0.0080 0.1279
193 0.1521 0.3071 0.4758 0.0416 0.0082 0.0152
194 0.0895 0.2048 0.3682 0.2981 0.0113 0.0282
195 0.1024 0.2168 0.3518 0.2964 0.0122 0.0203
196 0.0252 0.3137 0.5508 0.0987 0.0043 0.0074
197 0.1100 0.3901 0.2155 0.0793 0.0448 0.1602
198 0.1204 0.2866 0.3123 0.2413 0.0072 0.0324
199 0.0842 0.2676 0.6128 0.0296 0.0036 0.0022
200 0.3333 0.1637 0.1433 0.2255 0.0698 0.0646
201 0.3152 0.2654 0.1548 0.0748 0.1572 0.0327
202 0.0768 0.6436 0.1873 0.0408 0.0187 0.0328
203 0.0355 0.0409 0.0892 0.5820 0.0135 0.2389
204 0.0842 0.0760 0.5664 0.1622 0.0616 0.0499
205 0.3159 0.1126 0.1600 0.0912 0.2922 0.0280
206 0.1140 0.4302 0.3052 0.1375 0.0038 0.0094
207 0.0785 0.6221 0.2515 0.0335 0.0072 0.0074
208 0.2269 0.2869 0.3569 0.0797 0.0261 0.0234
209 0.1300 0.2161 0.4646 0.1086 0.0412 0.0393
210 0.2329 0.2292 0.3232 0.1180 0.0473 0.0492
211 0.2920 0.1479 0.2421 0.1855 0.1217 0.0106
212 0.1820 0.1921 0.0189 0.0782 0.0989 0.4297
213 0.3540 0.2981 0.0225 0.0203 0.0502 0.2549
214 0.0911 0.2515 0.5757 0.0588 0.0111 0.0116
215 0.2749 0.2465 0.2881 0.0872 0.0206 0.0826
216 0.1278 0.2389 0.5776 0.0290 0.0072 0.0196
217 0.3828 0.3540 0.0881 0.0192 0.0630 0.0931
218 0.2625 0.2316 0.3643 0.0442 0.0958 0.0017
219 0.1909 0.0854 0.2358 0.4011 0.0796 0.0071
220 0.2153 0.2700 0.1327 0.0798 0.0919 0.2103
221 0.2384 0.3284 0.2681 0.1049 0.0303 0.0301
222 0.6240 0.0604 0.0428 0.0533 0.0865 0.1329
223 0.3250 0.1635 0.2083 0.1768 0.1224 0.0042
224 0.2471 0.1333 0.4724 0.0724 0.0736 0.0013
225 0.1743 0.0465 0.4150 0.2896 0.0184 0.0562
226 0.4375 0.0417 0.0714 0.2695 0.1536 0.0263
227 0.2141 0.3115 0.2244 0.1494 0.0769 0.0238
228 0.4607 0.0659 0.0563 0.1531 0.2485 0.0155
229 0.6123 0.0351 0.1073 0.1755 0.0296 0.0401
230 0.0974 0.0361 0.4434 0.3735 0.0083 0.0413
231 0.0687 0.3032 0.5576 0.0385 0.0271 0.0046
232 0.0273 0.0976 0.8564 0.0121 0.0028 0.0039
233 0.0540 0.5327 0.3718 0.0130 0.0041 0.0247
234 0.1140 0.5835 0.2590 0.0124 0.0075 0.0237
235 0.1897 0.0816 0.1187 0.3489 0.0527 0.2084
236 0.9761 0.0041 0.0010 0.0064 0.0040 0.0084
237 0.9487 0.0069 0.0043 0.0040 0.0054 0.0305
238 0.6450 0.1428 0.0140 0.0457 0.0649 0.0873
239 0.2886 0.2246 0.0873 0.2355 0.0929 0.0712
240 0.4465 0.3879 0.1036 0.0084 0.0478 0.0056
241 0.2991 0.5459 0.0934 0.0294 0.0190 0.0136
242 0.1081 0.7275 0.1410 0.0149 0.0050 0.0036
243 0.4326 0.2974 0.1340 0.0418 0.0212 0.0729
244 0.1506 0.1964 0.1093 0.0648 0.4749 0.0039
245 0.4617 0.1633 0.1365 0.0930 0.1252 0.0204
246 0.4854 0.2120 0.1171 0.0520 0.1025 0.0310
247 0.3159 0.2703 0.0739 0.0181 0.1257 0.1962
248 0.5767 0.1296 0.0459 0.0405 0.1978 0.0098
249 0.6392 0.1393 0.0418 0.0378 0.1329 0.0088
250 0.4280 0.2308 0.0407 0.0253 0.2419 0.0333
251 0.4075 0.2322 0.1970 0.0185 0.1243 0.0208
252 0.5796 0.2131 0.1115 0.0127 0.0382 0.0450
253 0.6514 0.1880 0.0391 0.0163 0.0790 0.0265
254 0.1422 0.6372 0.0993 0.0709 0.0444 0.0058
255 0.9775 0.0091 0.0016 0.0038 0.0044 0.0036
256 0.9795 0.0093 0.0014 0.0033 0.0036 0.0031
257 0.9790 0.0095 0.0015 0.0033 0.0036 0.0031
258 0.9795 0.0093 0.0014 0.0033 0.0036 0.0031
259 0.8359 0.0096 0.0134 0.0714 0.0060 0.0635
260 0.1136 0.1553 0.1349 0.1288 0.0181 0.4492
261 0.6934 0.1323 0.0803 0.0535 0.0353 0.0052
262 0.6934 0.1323 0.0803 0.0535 0.0351 0.0052
263 0.6919 0.1320 0.0813 0.0542 0.0355 0.0053
264 0.6919 0.1320 0.0813 0.0542 0.0355 0.0053
265 0.6919 0.1320 0.0813 0.0542 0.0355 0.0053
266 0.6919 0.1320 0.0813 0.0542 0.0355 0.0053
267 0.6919 0.1320 0.0813 0.0542 0.0355 0.0053
268 0.6919 0.1320 0.0813 0.0542 0.0355 0.0053
269 0.6934 0.1323 0.0803 0.0531 0.0356 0.0051
270 0.6934 0.1323 0.0803 0.0531 0.0356 0.0051
271 0.6934 0.1323 0.0803 0.0531 0.0356 0.0051
272 0.5488 0.1047 0.1080 0.1781 0.0430 0.0174
