time exciting_prob fearful_prob tense_prob sad_prob relaxing_prob neutral_prob
0 0.1110 0.1566 0.1382 0.1298 0.0183 0.4460
1 0.2433 0.1343 0.1646 0.4336 0.0172 0.0070
2 0.1914 0.1422 0.1255 0.5005 0.0182 0.0223
3 0.0704 0.6528 0.0255 0.2292 0.0109 0.0111
4 0.0707 0.4910 0.0204 0.3647 0.0115 0.0416
5 0.0789 0.1593 0.4644 0.1544 0.1310 0.0121
6 0.2294 0.0710 0.0722 0.6045 0.0125 0.0105
7 0.0211 0.0423 0.7271 0.1366 0.0676 0.0050
8 0.0554 0.1101 0.7012 0.0831 0.0346 0.0156
9 0.2708 0.0965 0.3066 0.2749 0.0292 0.0219
10 0.2739 0.1235 0.4346 0.1490 0.0115 0.0075
11 0.0351 0.0766 0.1365 0.7266 0.0093 0.0161
12 0.0432 0.0747 0.6978 0.1533 0.0124 0.0186
13 0.0415 0.1818 0.6445 0.1103 0.0159 0.0059
14 0.0557 0.0671 0.4883 0.3462 0.0121 0.0305
15 0.0720 0.0335 0.5195 0.3301 0.0198 0.0251
16 0.0338 0.0545 0.1705 0.6958 0.0100 0.0352
17 0.1268 0.1268 0.4568 0.2261 0.0363 0.0272
18 0.1982 0.0846 0.1833 0.4609 0.0390 0.0337
19 0.0802 0.0139 0.1063 0.7432 0.0076 0.0486
20 0.0535 0.1661 0.5361 0.2343 0.0085 0.0014
21 0.0599 0.0336 0.5464 0.3264 0.0166 0.0169
22 0.0884 0.1381 0.6387 0.0972 0.0201 0.0178
23 0.0826 0.0776 0.2930 0.5386 0.0069 0.0011
24 0.0365 0.0166 0.6470 0.2915 0.0065 0.0019
25 0.0276 0.0378 0.4158 0.4568 0.0435 0.0184
26 0.1477 0.0282 0.1882 0.5361 0.0855 0.0143
27 0.3992 0.3132 0.2153 0.0103 0.0466 0.0154
28 0.4868 0.0981 0.1921 0.0814 0.0770 0.0644
29 0.2101 0.4734 0.2084 0.0447 0.0437 0.0197
30 0.2451 0.6509 0.0538 0.0267 0.0118 0.0117
31 0.3508 0.4507 0.0923 0.0582 0.0295 0.0186
32 0.4456 0.2600 0.1481 0.0532 0.0524 0.0408
33 0.1514 0.0200 0.3467 0.4116 0.0451 0.0253
34 0.1694 0.4680 0.3118 0.0159 0.0288 0.0063
35 0.1351 0.5688 0.2280 0.0341 0.0222 0.0115
36 0.0833 0.6914 0.2043 0.0146 0.0060 0.0003
37 0.0413 0.0720 0.3599 0.4478 0.0597 0.0195
38 0.0817 0.6733 0.2152 0.0217 0.0070 0.0010
39 0.0424 0.6680 0.2345 0.0377 0.0042 0.0134
40 0.1426 0.4678 0.2881 0.0422 0.0445 0.0149
41 0.2059 0.0254 0.0892 0.5508 0.0892 0.0393
42 0.1948 0.3584 0.2791 0.1043 0.0508 0.0126
43 0.3357 0.3008 0.2494 0.0503 0.0588 0.0050
44 0.3728 0.3188 0.1935 0.0452 0.0609 0.0086
45 0.1216 0.2069 0.2534 0.3206 0.0383 0.0593
46 0.0305 0.0324 0.5659 0.2891 0.0737 0.0081
47 0.2605 0.0355 0.2372 0.2817 0.1373 0.0478
48 0.2007 0.3992 0.2744 0.0762 0.0448 0.0049
49 0.4263 0.1544 0.2355 0.1166 0.0551 0.0122
50 0.1222 0.1475 0.5024 0.1724 0.0486 0.0068
51 0.3262 0.1382 0.3904 0.0825 0.0497 0.0131
52 0.2141 0.0618 0.4463 0.2351 0.0268 0.0160
53 0.3918 0.2001 0.2285 0.0854 0.0790 0.0151
54 0.2017 0.1659 0.5698 0.0237 0.0316 0.0071
55 0.0423 0.1234 0.6167 0.1796 0.0076 0.0302
56 0.1648 0.2512 0.4548 0.0731 0.0495 0.0066
57 0.2812 0.4939 0.1554 0.0135 0.0554 0.0006
58 0.1449 0.5640 0.2010 0.0425 0.0442 0.0034
59 0.2484 0.1052 0.4226 0.0770 0.1329 0.0138
60 0.1947 0.2025 0.3445 0.1392 0.1093 0.0099
61 0.5312 0.2339 0.1547 0.0423 0.0322 0.0058
62 0.1328 0.0806 0.5093 0.2156 0.0508 0.0112
63 0.4785 0.2769 0.1119 0.0294 0.0920 0.0113
64 0.2408 0.3215 0.2666 0.0643 0.0936 0.0132
65 0.1552 0.0780 0.4595 0.2274 0.0617 0.0182
66 0.1863 0.0422 0.4719 0.2062 0.0753 0.0180
67 0.5674 0.2056 0.0811 0.0199 0.1208 0.0052
68 0.4373 0.2114 0.2490 0.0314 0.0630 0.0080
69 0.0495 0.1649 0.1549 0.5493 0.0380 0.0437
70 0.0110 0.1013 0.7969 0.0644 0.0224 0.0041
71 0.0566 0.3308 0.2830 0.2103 0.0850 0.0341
72 0.0532 0.2830 0.4814 0.0427 0.0811 0.0584
73 0.3616 0.0996 0.2211 0.0659 0.2228 0.0292
74 0.2344 0.2783 0.3154 0.0715 0.0810 0.0192
75 0.3347 0.1310 0.3242 0.1331 0.0600 0.0169
76 0.3303 0.0660 0.3054 0.1293 0.0714 0.0976
77 0.0387 0.1667 0.7246 0.0501 0.0130 0.0070
78 0.1909 0.5698 0.2180 0.0027 0.0155 0.0028
79 0.3848 0.2974 0.1875 0.0339 0.0576 0.0387
80 0.2106 0.4673 0.2207 0.0272 0.0459 0.0285
81 0.1175 0.5225 0.3169 0.0163 0.0135 0.0133
82 0.1774 0.5723 0.1209 0.0229 0.1018 0.0046
83 0.3535 0.4539 0.1270 0.0196 0.0246 0.0216
84 0.1453 0.4238 0.1283 0.0370 0.1097 0.1559
85 0.1685 0.0778 0.6309 0.0475 0.0645 0.0109
86 0.1678 0.7012 0.0927 0.0182 0.0148 0.0051
87 0.1443 0.7441 0.0737 0.0195 0.0107 0.0077
88 0.2401 0.3748 0.3157 0.0222 0.0333 0.0142
89 0.2201 0.1687 0.4243 0.0932 0.0671 0.0267
90 0.2634 0.3892 0.1868 0.0312 0.0977 0.0317
91 0.1059 0.2041 0.3064 0.3113 0.0197 0.0528
92 0.3394 0.4426 0.1309 0.0311 0.0442 0.0122
93 0.1483 0.5015 0.2771 0.0235 0.0372 0.0125
94 0.2412 0.4299 0.1582 0.0930 0.0577 0.0200
95 0.3218 0.4983 0.1061 0.0209 0.0399 0.0132
96 0.4417 0.3809 0.0631 0.0291 0.0732 0.0120
97 0.1775 0.3394 0.1035 0.0409 0.3264 0.0125
98 0.3550 0.3838 0.1285 0.0269 0.0437 0.0622
99 0.4277 0.4146 0.0682 0.0140 0.0200 0.0557
100 0.0392 0.0313 0.0229 0.0253 0.8794 0.0018
101 0.2922 0.3782 0.1564 0.0580 0.1075 0.0077
102 0.6118 0.1409 0.0854 0.0161 0.1252 0.0208
103 0.1969 0.6660 0.1022 0.0185 0.0079 0.0083
104 0.1242 0.6113 0.1879 0.0094 0.0639 0.0033
105 0.1410 0.4695 0.0822 0.0228 0.2803 0.0040
106 0.0334 0.0754 0.0938 0.7266 0.0277 0.0430
107 0.0958 0.3093 0.3616 0.1383 0.0900 0.0050
108 0.0709 0.0515 0.2100 0.2218 0.3984 0.0476
109 0.0646 0.0804 0.0715 0.0523 0.7168 0.0140
110 0.2294 0.1577 0.4058 0.0598 0.1425 0.0049
111 0.0437 0.1208 0.0171 0.0095 0.8062 0.0025
112 0.0189 0.0107 0.0224 0.0091 0.9102 0.0288
113 0.1133 0.0410 0.2825 0.4209 0.1205 0.0218
114 0.1400 0.4082 0.3660 0.0325 0.0451 0.0083
115 0.0464 0.0312 0.0295 0.0471 0.8354 0.0101
116 0.0760 0.0410 0.0218 0.0835 0.7559 0.0216
117 0.2333 0.0567 0.4094 0.1775 0.0988 0.0242
118 0.3140 0.4426 0.1831 0.0242 0.0274 0.0088
119 0.3491 0.4277 0.1512 0.0093 0.0232 0.0395
120 0.2937 0.5317 0.1254 0.0085 0.0241 0.0167
121 0.1699 0.6724 0.1254 0.0108 0.0161 0.0056
122 0.1920 0.6104 0.1405 0.0170 0.0309 0.0095
123 0.0662 0.1049 0.3689 0.1503 0.2920 0.0178
124 0.2189 0.5293 0.1576 0.0218 0.0481 0.0244
125 0.2761 0.4312 0.1715 0.0401 0.0557 0.0255
126 0.2688 0.1848 0.1605 0.1174 0.1936 0.0746
127 0.0906 0.8013 0.0950 0.0036 0.0068 0.0029
128 0.0831 0.7583 0.1425 0.0047 0.0110 0.0004
129 0.3164 0.2583 0.3477 0.0369 0.0309 0.0099
130 0.3955 0.1810 0.2437 0.0754 0.0869 0.0176
131 0.4172 0.2164 0.2303 0.0416 0.0300 0.0645
132 0.0994 0.0458 0.4666 0.2578 0.1256 0.0048
133 0.1357 0.0993 0.2496 0.2576 0.2308 0.0271
134 0.2559 0.3579 0.1067 0.0536 0.2240 0.0018
135 0.0673 0.6479 0.2539 0.0117 0.0188 0.0004
136 0.1400 0.0933 0.1825 0.2783 0.0823 0.2236
137 0.2286 0.1420 0.3225 0.2166 0.0809 0.0094
138 0.0640 0.5703 0.2452 0.0975 0.0101 0.0128
139 0.0829 0.0491 0.2345 0.5200 0.0798 0.0335
140 0.3171 0.2179 0.2249 0.1054 0.0582 0.0765
141 0.3682 0.2050 0.2378 0.0953 0.0530 0.0407
142 0.1083 0.5293 0.1731 0.0612 0.1199 0.0084
143 0.0464 0.0219 0.0416 0.0396 0.8477 0.0026
144 0.0951 0.1556 0.0419 0.0486 0.6553 0.0038
145 0.3489 0.1897 0.2115 0.0611 0.1007 0.0882
146 0.2715 0.2322 0.2510 0.1205 0.0692 0.0556
147 0.0154 0.0963 0.7817 0.0978 0.0060 0.0026
148 0.0897 0.0298 0.3232 0.5244 0.0287 0.0039
149 0.3789 0.3091 0.1495 0.0432 0.1020 0.0173
150 0.3909 0.2544 0.1775 0.0674 0.0452 0.0648
151 0.0914 0.0240 0.5176 0.2484 0.0679 0.0505
152 0.1476 0.6616 0.0660 0.0370 0.0861 0.0016
153 0.4448 0.3438 0.1549 0.0128 0.0263 0.0173
154 0.3015 0.5127 0.1180 0.0139 0.0338 0.0199
155 0.2920 0.3777 0.1515 0.0455 0.1108 0.0227
156 0.2988 0.3633 0.2220 0.0251 0.0811 0.0100
157 0.0253 0.1337 0.6685 0.1401 0.0196 0.0129
158 0.1707 0.4460 0.2042 0.0341 0.1415 0.0037
159 0.1410 0.5195 0.1622 0.0587 0.0910 0.0275
160 0.0598 0.0694 0.7695 0.0622 0.0328 0.0064
161 0.0237 0.0795 0.8677 0.0176 0.0099 0.0018
162 0.0589 0.0657 0.0462 0.0165 0.8071 0.0057
163 0.0350 0.0467 0.0302 0.0266 0.8545 0.0072
164 0.4443 0.3125 0.1273 0.0255 0.0574 0.0330
165 0.3315 0.1760 0.1802 0.1110 0.1085 0.0928
166 0.1345 0.2532 0.1454 0.0487 0.4048 0.0134
167 0.4272 0.1910 0.1263 0.0848 0.1187 0.0518
168 0.6069 0.1620 0.1252 0.0439 0.0403 0.0218
169 0.5015 0.2771 0.0787 0.0435 0.0563 0.0428
170 0.3181 0.5083 0.0561 0.0291 0.0693 0.0192
171 0.3081 0.4346 0.1467 0.0269 0.0646 0.0190
172 0.1445 0.1826 0.3108 0.0750 0.1357 0.1515
173 0.2249 0.2063 0.2979 0.1752 0.0795 0.0163
174 0.0267 0.0121 0.0101 0.0079 0.9409 0.0023
175 0.0248 0.0134 0.0154 0.0119 0.9321 0.0025
176 0.2144 0.1290 0.2930 0.1157 0.2283 0.0196
177 0.0418 0.0308 0.0102 0.0024 0.9141 0.0006
178 0.0239 0.0107 0.0083 0.0020 0.9546 0.0003
179 0.0232 0.0110 0.0043 0.0042 0.9565 0.0008
180 0.2761 0.1124 0.1367 0.3254 0.1444 0.0050
181 0.0409 0.0416 0.0258 0.0087 0.8823 0.0008
182 0.4163 0.1951 0.2092 0.0907 0.0865 0.0023
183 0.2717 0.2573 0.3408 0.0635 0.0606 0.0061
184 0.1318 0.0292 0.1720 0.3162 0.3420 0.0088
185 0.1714 0.1661 0.2915 0.1741 0.1942 0.0028
186 0.0160 0.0141 0.0092 0.0009 0.9595 0.0003
187 0.2571 0.4478 0.2234 0.0172 0.0410 0.0136
188 0.1953 0.5518 0.1462 0.0169 0.0629 0.0266
189 0.3433 0.1334 0.3005 0.0487 0.1635 0.0105
190 0.0440 0.0218 0.0195 0.0020 0.9116 0.0011
191 0.0429 0.0179 0.0118 0.0173 0.9097 0.0007
192 0.0297 0.0172 0.0108 0.0034 0.9390 0.0001
193 0.0658 0.0260 0.0229 0.0109 0.8735 0.0008
194 0.0765 0.0379 0.0498 0.0419 0.7910 0.0032
195 0.0655 0.0385 0.0388 0.0178 0.8359 0.0033
196 0.0400 0.0224 0.0198 0.0110 0.9038 0.0029
197 0.0388 0.0354 0.0420 0.0050 0.8770 0.0017
198 0.0366 0.0504 0.0580 0.0341 0.8135 0.0072
199 0.1930 0.0444 0.1099 0.3281 0.0437 0.2808
