time exciting_prob fearful_prob tense_prob sad_prob relaxing_prob neutral_prob
0 0.1136 0.1553 0.1349 0.1288 0.0181 0.4492
1 0.3765 0.3481 0.1632 0.0453 0.0518 0.0149
2 0.1578 0.6694 0.1238 0.0333 0.0149 0.0004
3 0.2734 0.4043 0.2321 0.0400 0.0490 0.0011
4 0.5166 0.3308 0.0870 0.0154 0.0496 0.0009
5 0.1399 0.4375 0.2435 0.0491 0.1293 0.0007
6 0.6582 0.1552 0.1539 0.0085 0.0238 0.0005
7 0.3215 0.2974 0.3450 0.0196 0.0140 0.0027
8 0.4482 0.4209 0.0531 0.0335 0.0430 0.0012
9 0.4958 0.0362 0.1377 0.2869 0.0382 0.0050
10 0.5298 0.2729 0.1427 0.0150 0.0358 0.0037
11 0.5205 0.0677 0.1144 0.2744 0.0197 0.0030
12 0.3413 0.4382 0.0978 0.1001 0.0202 0.0023
13 0.1913 0.5239 0.2805 0.0014 0.0026 0.0004
14 0.3979 0.3350 0.1954 0.0416 0.0273 0.0027
15 0.3733 0.1907 0.3398 0.0161 0.0795 0.0004
16 0.4050 0.4810 0.0709 0.0251 0.0166 0.0014
17 0.1830 0.6851 0.0512 0.0489 0.0256 0.0061
18 0.2219 0.6626 0.0750 0.0251 0.0137 0.0017
19 0.4109 0.4478 0.1177 0.0136 0.0062 0.0038
20 0.2600 0.4895 0.1746 0.0294 0.0161 0.0306
21 0.2213 0.1923 0.5103 0.0284 0.0464 0.0013
22 0.1509 0.1968 0.5107 0.1271 0.0071 0.0075
23 0.1533 0.0659 0.4797 0.1737 0.0152 0.1122
24 0.5254 0.2367 0.1370 0.0222 0.0787 0.0002
25 0.2369 0.3728 0.3394 0.0285 0.0215 0.0009
26 0.2915 0.5664 0.0583 0.0726 0.0060 0.0051
27 0.3589 0.4263 0.1221 0.0279 0.0563 0.0085
28 0.3904 0.5293 0.0528 0.0134 0.0132 0.0008
29 0.1848 0.1532 0.2212 0.3911 0.0432 0.0064
30 0.1750 0.1213 0.4167 0.2449 0.0342 0.0079
31 0.1265 0.0430 0.4082 0.3279 0.0166 0.0779
32 0.0872 0.7837 0.0958 0.0240 0.0048 0.0043
33 0.2244 0.0623 0.2837 0.3315 0.0613 0.0366
34 0.1794 0.5034 0.3054 0.0050 0.0045 0.0022
35 0.4253 0.1403 0.2480 0.1627 0.0229 0.0007
36 0.2406 0.1733 0.3787 0.1816 0.0236 0.0021
37 0.1381 0.2578 0.5420 0.0594 0.0026 0.0003
38 0.1396 0.3298 0.3884 0.1105 0.0297 0.0019
39 0.1807 0.6211 0.1232 0.0213 0.0486 0.0052
40 0.2240 0.5630 0.1469 0.0127 0.0528 0.0006
41 0.1552 0.3608 0.4634 0.0155 0.0042 0.0010
42 0.2220 0.2203 0.3157 0.1899 0.0197 0.0323
43 0.4004 0.3533 0.1749 0.0281 0.0334 0.0101
44 0.2642 0.5093 0.1191 0.0689 0.0260 0.0126
45 0.1465 0.3459 0.4546 0.0208 0.0314 0.0007
46 0.0834 0.0288 0.1582 0.6768 0.0160 0.0370
47 0.1978 0.6846 0.0434 0.0459 0.0264 0.0018
48 0.2693 0.5703 0.1223 0.0171 0.0206 0.0006
49 0.1605 0.5649 0.1982 0.0324 0.0429 0.0011
50 0.3352 0.3540 0.0760 0.0660 0.1672 0.0017
51 0.2194 0.4502 0.1028 0.1876 0.0290 0.0108
52 0.5225 0.2179 0.1807 0.0509 0.0254 0.0026
53 0.2598 0.4053 0.1379 0.1664 0.0259 0.0049
54 0.2817 0.2710 0.2013 0.1394 0.1028 0.0039
55 0.4199 0.2588 0.2412 0.0429 0.0370 0.0003
56 0.3037 0.5127 0.1390 0.0251 0.0190 0.0005
57 0.1707 0.6963 0.1137 0.0076 0.0102 0.0014
58 0.2036 0.5532 0.1345 0.0611 0.0407 0.0066
59 0.3687 0.4482 0.1245 0.0178 0.0330 0.0077
60 0.0797 0.2269 0.1196 0.5278 0.0255 0.0208
61 0.0910 0.7153 0.1431 0.0185 0.0293 0.0025
62 0.1016 0.5713 0.2102 0.0131 0.1033 0.0004
63 0.2883 0.4395 0.2352 0.0050 0.0313 0.0007
64 0.4089 0.3186 0.2539 0.0054 0.0120 0.0012
65 0.4888 0.3440 0.0767 0.0234 0.0607 0.0064
66 0.5952 0.1732 0.2041 0.0040 0.0227 0.0009
67 0.4673 0.2350 0.2350 0.0139 0.0489 0.0002
68 0.0987 0.5908 0.2747 0.0176 0.0178 0.0007
69 0.2163 0.4951 0.1510 0.0269 0.1079 0.0030
70 0.1886 0.4668 0.3037 0.0118 0.0257 0.0032
71 0.5825 0.2908 0.0439 0.0145 0.0659 0.0025
72 0.6382 0.2106 0.0751 0.0448 0.0234 0.0077
73 0.3267 0.3909 0.1935 0.0299 0.0576 0.0016
74 0.2194 0.4465 0.0989 0.1321 0.0997 0.0034
75 0.1033 0.1266 0.7285 0.0131 0.0285 0.0002
76 0.0765 0.7148 0.1821 0.0112 0.0108 0.0047
77 0.1703 0.5410 0.0883 0.1266 0.0657 0.0080
78 0.3970 0.3728 0.0546 0.0240 0.1060 0.0456
79 0.2932 0.4072 0.2231 0.0256 0.0221 0.0288
80 0.2225 0.6909 0.0554 0.0139 0.0159 0.0015
81 0.4448 0.1649 0.2893 0.0205 0.0797 0.0008
82 0.4961 0.2202 0.2185 0.0115 0.0535 0.0002
83 0.2698 0.6318 0.0803 0.0012 0.0166 0.0003
84 0.0490 0.1418 0.5522 0.1176 0.1332 0.0062
85 0.0649 0.1606 0.7314 0.0258 0.0167 0.0006
86 0.2051 0.5889 0.0602 0.0828 0.0420 0.0213
87 0.2224 0.6094 0.1307 0.0033 0.0333 0.0008
88 0.1394 0.0277 0.5098 0.2859 0.0266 0.0106
89 0.3142 0.1086 0.4792 0.0718 0.0221 0.0041
90 0.1871 0.3015 0.1327 0.2223 0.0096 0.1469
91 0.2346 0.3108 0.1306 0.1785 0.1285 0.0170
92 0.1245 0.5449 0.2167 0.1031 0.0101 0.0010
93 0.1004 0.3240 0.1630 0.3291 0.0071 0.0764
94 0.2457 0.3411 0.2917 0.0761 0.0362 0.0091
95 0.1141 0.1388 0.3831 0.0332 0.3303 0.0004
96 0.0419 0.2905 0.4570 0.0122 0.1981 0.0002
97 0.2050 0.4692 0.3030 0.0114 0.0087 0.0028
98 0.1367 0.4626 0.1143 0.2219 0.0144 0.0499
99 0.0566 0.5537 0.2920 0.0762 0.0163 0.0051
100 0.0800 0.6753 0.2299 0.0085 0.0054 0.0009
101 0.4373 0.3149 0.1941 0.0073 0.0450 0.0013
102 0.2654 0.2783 0.3152 0.1178 0.0191 0.0041
103 0.1887 0.0303 0.7349 0.0278 0.0139 0.0047
104 0.1005 0.6016 0.2162 0.0741 0.0022 0.0055
105 0.1393 0.0276 0.7646 0.0387 0.0250 0.0050
106 0.1417 0.0464 0.5225 0.2264 0.0525 0.0108
107 0.1085 0.0500 0.7471 0.0474 0.0438 0.0034
108 0.2554 0.0767 0.2184 0.4275 0.0123 0.0097
109 0.1902 0.0311 0.5376 0.1360 0.1018 0.0034
110 0.0939 0.0692 0.6670 0.0676 0.1015 0.0009
111 0.2013 0.0966 0.6348 0.0116 0.0529 0.0031
112 0.2761 0.4346 0.1990 0.0079 0.0631 0.0194
113 0.3252 0.0778 0.3054 0.2455 0.0211 0.0249
114 0.1873 0.5503 0.1719 0.0678 0.0143 0.0082
115 0.3435 0.0515 0.5405 0.0161 0.0472 0.0015
116 0.1157 0.0183 0.1683 0.6763 0.0123 0.0091
117 0.3516 0.0398 0.3516 0.2166 0.0374 0.0033
118 0.2477 0.0940 0.5986 0.0203 0.0386 0.0005
119 0.4604 0.0609 0.3477 0.0980 0.0240 0.0090
120 0.3225 0.1224 0.1476 0.2377 0.0128 0.1571
121 0.1814 0.0341 0.4854 0.2479 0.0462 0.0051
122 0.1089 0.0626 0.7329 0.0828 0.0108 0.0022
123 0.7178 0.1050 0.1589 0.0058 0.0123 0.0001
124 0.6460 0.1571 0.1344 0.0271 0.0237 0.0116
125 0.4873 0.2319 0.2588 0.0035 0.0155 0.0028
126 0.7041 0.1559 0.0828 0.0226 0.0337 0.0008
127 0.3250 0.5312 0.0635 0.0490 0.0277 0.0034
128 0.2134 0.2456 0.4377 0.0737 0.0227 0.0068
129 0.1924 0.0286 0.3376 0.3887 0.0364 0.0161
130 0.6514 0.1686 0.0535 0.0868 0.0367 0.0031
131 0.2949 0.4978 0.1361 0.0297 0.0390 0.0026
132 0.1877 0.2861 0.3975 0.0326 0.0951 0.0010
133 0.1564 0.0166 0.6089 0.1691 0.0338 0.0151
134 0.1552 0.3606 0.3013 0.0227 0.1083 0.0519
135 0.0862 0.2289 0.4922 0.0451 0.0469 0.1008
136 0.5142 0.1593 0.1921 0.0378 0.0752 0.0215
137 0.0738 0.3105 0.1245 0.3748 0.0756 0.0407
138 0.5791 0.1823 0.1753 0.0433 0.0194 0.0008
139 0.4395 0.2905 0.1904 0.0179 0.0550 0.0069
140 0.2708 0.3940 0.2883 0.0153 0.0260 0.0056
141 0.1522 0.0867 0.6982 0.0439 0.0170 0.0017
142 0.1367 0.4414 0.3130 0.0911 0.0153 0.0021
143 0.1230 0.1383 0.3267 0.1617 0.1183 0.1320
144 0.1624 0.0561 0.6890 0.0469 0.0395 0.0063
145 0.2605 0.3792 0.1567 0.0581 0.1383 0.0072
146 0.3936 0.2925 0.0812 0.1553 0.0399 0.0378
147 0.1355 0.0327 0.6074 0.1941 0.0225 0.0079
148 0.1993 0.0255 0.1307 0.3286 0.3040 0.0118
149 0.0829 0.1032 0.4412 0.3330 0.0362 0.0034
150 0.2593 0.0579 0.3833 0.0969 0.1989 0.0038
151 0.1638 0.2808 0.3750 0.0584 0.0553 0.0667
152 0.2415 0.2130 0.1114 0.0953 0.0453 0.2935
153 0.3740 0.1196 0.3201 0.0660 0.1159 0.0045
154 0.1482 0.2010 0.4785 0.0323 0.1210 0.0188
155 0.2476 0.2085 0.3254 0.1040 0.1116 0.0028
156 0.3525 0.1083 0.3933 0.1127 0.0222 0.0112
157 0.2423 0.1627 0.2155 0.1614 0.0934 0.1247
158 0.1499 0.1453 0.6826 0.0012 0.0209 0.0002
159 0.2241 0.3286 0.1237 0.1564 0.1481 0.0191
160 0.1886 0.4817 0.1126 0.1665 0.0102 0.0405
161 0.2368 0.5132 0.1482 0.0489 0.0264 0.0266
162 0.5557 0.2194 0.1555 0.0169 0.0304 0.0219
163 0.4656 0.1910 0.2737 0.0170 0.0468 0.0060
164 0.4197 0.0782 0.3704 0.0439 0.0654 0.0224
165 0.1078 0.6973 0.1240 0.0209 0.0439 0.0062
166 0.4475 0.3625 0.1522 0.0226 0.0130 0.0021
167 0.0398 0.0122 0.9336 0.0115 0.0006 0.0022
168 0.3992 0.2920 0.2556 0.0282 0.0243 0.0007
169 0.2325 0.5801 0.0932 0.0797 0.0130 0.0014
170 0.4160 0.2012 0.3115 0.0460 0.0248 0.0005
171 0.2462 0.3162 0.4255 0.0066 0.0051 0.0005
172 0.3894 0.1090 0.4590 0.0137 0.0273 0.0016
173 0.2040 0.0979 0.6636 0.0166 0.0157 0.0019
174 0.0467 0.0101 0.0292 0.8530 0.0105 0.0504
175 0.4053 0.5161 0.0593 0.0060 0.0106 0.0024
176 0.2947 0.3933 0.2922 0.0117 0.0079 0.0002
177 0.1982 0.5103 0.2335 0.0103 0.0177 0.0302
178 0.4360 0.2563 0.2371 0.0016 0.0643 0.0045
179 0.0764 0.5137 0.2974 0.0550 0.0546 0.0028
180 0.3958 0.1305 0.1757 0.2496 0.0389 0.0095
181 0.2177 0.0936 0.6812 0.0013 0.0058 0.0007
182 0.2979 0.4133 0.2430 0.0239 0.0212 0.0007
183 0.1625 0.5454 0.2595 0.0100 0.0203 0.0026
184 0.2489 0.4438 0.1594 0.0304 0.0990 0.0183
185 0.2015 0.5024 0.2230 0.0075 0.0450 0.0204
186 0.3291 0.4714 0.1720 0.0105 0.0158 0.0013
187 0.4026 0.1025 0.3135 0.1317 0.0405 0.0093
188 0.4614 0.1311 0.3884 0.0027 0.0160 0.0004
189 0.4724 0.0888 0.3594 0.0391 0.0379 0.0023
190 0.2876 0.0169 0.0238 0.6279 0.0303 0.0133
191 0.0564 0.8350 0.0735 0.0329 0.0018 0.0007
192 0.2610 0.6509 0.0578 0.0211 0.0060 0.0032
193 0.2390 0.0794 0.6597 0.0067 0.0140 0.0010
194 0.1315 0.1610 0.6777 0.0126 0.0158 0.0012
195 0.3330 0.0527 0.5117 0.0583 0.0417 0.0028
196 0.3433 0.4241 0.1398 0.0518 0.0201 0.0208
197 0.1923 0.4541 0.1185 0.1223 0.0138 0.0990
198 0.2910 0.2489 0.4402 0.0072 0.0122 0.0007
199 0.1223 0.2822 0.5791 0.0118 0.0038 0.0009
200 0.1813 0.5122 0.1587 0.0926 0.0462 0.0089
201 0.1416 0.5688 0.2583 0.0134 0.0175 0.0003
202 0.4915 0.1672 0.3005 0.0111 0.0293 0.0003
203 0.5068 0.0895 0.2113 0.1522 0.0080 0.0322
204 0.1945 0.0646 0.6841 0.0488 0.0062 0.0016
205 0.0731 0.3713 0.5034 0.0365 0.0153 0.0002
206 0.1046 0.1865 0.0635 0.5571 0.0089 0.0796
207 0.2354 0.6201 0.0707 0.0529 0.0086 0.0124
208 0.2417 0.4175 0.0848 0.2019 0.0356 0.0185
209 0.2793 0.4160 0.0764 0.1818 0.0275 0.0190
210 0.0563 0.0806 0.2996 0.5337 0.0119 0.0179
211 0.2964 0.5005 0.1265 0.0034 0.0726 0.0005
212 0.2455 0.5664 0.0862 0.0104 0.0910 0.0008
213 0.2336 0.6206 0.1193 0.0033 0.0229 0.0004
214 0.1056 0.3831 0.4409 0.0676 0.0024 0.0002
215 0.2122 0.1127 0.4783 0.1801 0.0151 0.0017
216 0.1716 0.0392 0.4666 0.2274 0.0786 0.0166
217 0.1671 0.0645 0.2712 0.4688 0.0204 0.0079
218 0.1118 0.1553 0.1349 0.1307 0.0182 0.4492
219 0.1118 0.1553 0.1349 0.1307 0.0182 0.4492
