time exciting_prob fearful_prob tense_prob sad_prob relaxing_prob neutral_prob
0 0.1136 0.1553 0.1349 0.1288 0.0181 0.4492
1 0.7100 0.0097 0.0189 0.1523 0.0237 0.0854
2 0.0481 0.0069 0.0608 0.8662 0.0113 0.0066
3 0.3367 0.0046 0.0393 0.3213 0.0594 0.2388
4 0.5845 0.0086 0.0192 0.2362 0.0210 0.1305
5 0.3953 0.0743 0.1410 0.2183 0.0579 0.1133
6 0.2152 0.0646 0.1368 0.1433 0.0503 0.3896
7 0.2252 0.0656 0.1500 0.1500 0.0495 0.3599
8 0.1721 0.0633 0.1669 0.1427 0.0422 0.4128
9 0.1624 0.0656 0.1702 0.1573 0.0362 0.4082
10 0.3250 0.0447 0.1443 0.4443 0.0156 0.0263
11 0.3711 0.0665 0.4407 0.1132 0.0046 0.0040
12 0.2798 0.0586 0.2393 0.3823 0.0226 0.0176
13 0.1798 0.1161 0.1975 0.1587 0.0693 0.2786
14 0.2010 0.1404 0.1774 0.1720 0.0706 0.2388
15 0.1168 0.0938 0.2081 0.0938 0.0605 0.4270
16 0.1025 0.1042 0.1744 0.0864 0.0508 0.4817
17 0.0234 0.0562 0.2053 0.0480 0.0245 0.6426
18 0.0405 0.0818 0.2856 0.0399 0.0264 0.5254
19 0.0252 0.0390 0.2625 0.0776 0.0226 0.5732
20 0.0280 0.0864 0.2620 0.0414 0.0360 0.5459
21 0.0552 0.0362 0.3228 0.0911 0.0249 0.4697
22 0.0277 0.0436 0.1779 0.0645 0.0356 0.6509
23 0.0237 0.0760 0.1852 0.0714 0.1159 0.5278
24 0.0425 0.0288 0.1761 0.1790 0.0638 0.5098
25 0.0337 0.1848 0.3145 0.0783 0.1658 0.2230
26 0.0931 0.0433 0.3250 0.1442 0.0797 0.3149
27 0.0862 0.1512 0.2455 0.3354 0.1234 0.0583
28 0.0646 0.0910 0.1957 0.1410 0.0666 0.4412
29 0.0981 0.0674 0.2546 0.0619 0.3374 0.1805
30 0.0865 0.0219 0.2211 0.1340 0.1721 0.3645
31 0.1453 0.0136 0.2632 0.0754 0.2844 0.2181
32 0.0637 0.0316 0.3501 0.0452 0.0806 0.4290
33 0.1041 0.1199 0.4385 0.0637 0.1539 0.1199
34 0.0573 0.0945 0.3918 0.1420 0.0407 0.2737
35 0.0671 0.1466 0.5200 0.0651 0.0548 0.1466
36 0.0506 0.1039 0.5444 0.0760 0.0251 0.2002
37 0.0976 0.2306 0.5708 0.0327 0.0420 0.0265
38 0.1967 0.1791 0.5103 0.0331 0.0486 0.0326
39 0.1327 0.1034 0.5249 0.0844 0.0857 0.0688
40 0.0720 0.0868 0.4207 0.1956 0.0578 0.1672
41 0.1516 0.0963 0.2539 0.2832 0.1218 0.0934
42 0.1533 0.1509 0.2128 0.2566 0.1194 0.1070
43 0.1046 0.0685 0.2507 0.3323 0.1835 0.0605
44 0.0343 0.0933 0.2382 0.3521 0.1108 0.1715
45 0.0886 0.0529 0.2859 0.2091 0.1578 0.2058
46 0.1235 0.0682 0.3518 0.2134 0.1377 0.1056
47 0.1847 0.1077 0.4360 0.1193 0.1044 0.0478
48 0.2898 0.0411 0.1677 0.1208 0.1287 0.2517
49 0.1855 0.3359 0.3306 0.1198 0.0218 0.0063
50 0.2559 0.3606 0.2898 0.0756 0.0151 0.0030
51 0.1251 0.0591 0.4722 0.2488 0.0189 0.0759
52 0.3687 0.0611 0.1973 0.3572 0.0109 0.0049
53 0.3215 0.0966 0.2427 0.2837 0.0219 0.0336
54 0.1864 0.3171 0.3430 0.1429 0.0087 0.0018
55 0.1101 0.1392 0.5420 0.0942 0.0927 0.0217
56 0.3152 0.2871 0.2825 0.1072 0.0035 0.0045
57 0.1035 0.0806 0.4426 0.3140 0.0231 0.0363
58 0.0765 0.1113 0.3271 0.1062 0.1241 0.2546
59 0.1696 0.0460 0.1722 0.1892 0.1112 0.3118
60 0.2159 0.0321 0.2952 0.1967 0.1069 0.1532
61 0.1628 0.0399 0.2996 0.1437 0.1172 0.2369
62 0.1237 0.0259 0.4526 0.0662 0.0891 0.2423
63 0.0336 0.0478 0.2705 0.0613 0.0652 0.5215
64 0.0595 0.0337 0.1644 0.0922 0.0199 0.6304
65 0.1693 0.0323 0.4126 0.2075 0.0525 0.1259
66 0.0878 0.0594 0.4321 0.1027 0.0162 0.3018
67 0.1332 0.0510 0.5269 0.0801 0.1122 0.0967
68 0.0928 0.0229 0.2297 0.3091 0.1460 0.1996
69 0.0961 0.0436 0.2844 0.0841 0.0778 0.4141
70 0.1427 0.0456 0.1147 0.5913 0.0576 0.0478
71 0.1289 0.1201 0.5215 0.0950 0.0485 0.0858
72 0.1621 0.1224 0.2251 0.4478 0.0147 0.0280
73 0.1359 0.0366 0.1276 0.0540 0.2007 0.4453
74 0.2166 0.0351 0.2235 0.1443 0.2571 0.1234
75 0.1600 0.3838 0.3838 0.0637 0.0053 0.0033
76 0.0299 0.0226 0.5557 0.1259 0.1616 0.1044
77 0.3091 0.1192 0.4429 0.0339 0.0609 0.0341
78 0.3584 0.0378 0.1733 0.0717 0.2140 0.1448
79 0.4727 0.0486 0.2180 0.0486 0.1407 0.0714
80 0.2291 0.0527 0.4485 0.2021 0.0553 0.0122
81 0.0854 0.1030 0.6118 0.1168 0.0487 0.0342
82 0.0995 0.0980 0.3315 0.3699 0.0695 0.0313
83 0.2612 0.0665 0.2737 0.0443 0.1377 0.2166
84 0.1188 0.0709 0.5757 0.0969 0.0495 0.0883
85 0.0600 0.0735 0.3000 0.5103 0.0482 0.0078
86 0.1995 0.0590 0.3613 0.1068 0.0474 0.2261
87 0.0714 0.0232 0.5356 0.0916 0.0784 0.2001
88 0.2437 0.0687 0.1840 0.2805 0.1116 0.1116
89 0.1161 0.0414 0.2170 0.5991 0.0111 0.0152
90 0.2094 0.2263 0.2126 0.2263 0.0169 0.1086
91 0.2367 0.0987 0.3723 0.2683 0.0174 0.0065
92 0.2712 0.4202 0.1851 0.0551 0.0479 0.0204
93 0.3643 0.1616 0.1904 0.0950 0.1027 0.0859
94 0.1693 0.0489 0.2622 0.2279 0.0935 0.1980
95 0.1139 0.1486 0.2450 0.1792 0.1070 0.2063
96 0.1223 0.0139 0.1251 0.0789 0.3220 0.3376
97 0.1213 0.1725 0.2549 0.0796 0.2935 0.0784
98 0.0659 0.0279 0.1473 0.0471 0.6812 0.0309
99 0.2878 0.0912 0.2423 0.2386 0.1010 0.0389
100 0.0409 0.0663 0.4258 0.0590 0.2388 0.1693
101 0.0677 0.0933 0.2849 0.0503 0.4553 0.0484
102 0.0608 0.1564 0.3525 0.0617 0.3259 0.0428
103 0.2345 0.1357 0.1689 0.1276 0.0503 0.2830
104 0.2622 0.1219 0.1493 0.1257 0.0393 0.3018
105 0.1956 0.0999 0.1500 0.1781 0.0828 0.2937
106 0.0921 0.2927 0.2974 0.1642 0.0643 0.0893
107 0.1194 0.3916 0.2776 0.0634 0.1332 0.0147
108 0.0811 0.0566 0.2007 0.0063 0.6279 0.0276
109 0.1139 0.1417 0.1606 0.0163 0.4910 0.0765
110 0.0999 0.0332 0.1477 0.0295 0.4956 0.1941
111 0.1273 0.0293 0.1115 0.0737 0.2067 0.4514
112 0.0818 0.0212 0.1541 0.0694 0.1917 0.4819
113 0.0334 0.0070 0.1633 0.0356 0.2651 0.4954
114 0.2617 0.0941 0.2700 0.0843 0.1703 0.1198
115 0.0667 0.0185 0.1814 0.1208 0.3135 0.2991
116 0.2559 0.0637 0.1436 0.2944 0.1392 0.1034
117 0.3108 0.1074 0.2169 0.2310 0.0448 0.0891
118 0.3916 0.0735 0.3098 0.1558 0.0064 0.0629
119 0.4316 0.1180 0.1718 0.2311 0.0234 0.0240
120 0.2864 0.2450 0.3347 0.1121 0.0088 0.0130
121 0.1565 0.2172 0.4353 0.0188 0.1359 0.0363
122 0.2190 0.0668 0.4355 0.2520 0.0188 0.0079
123 0.2042 0.0878 0.3816 0.2350 0.0525 0.0390
124 0.0302 0.0292 0.1394 0.0629 0.1036 0.6348
125 0.0521 0.0181 0.1967 0.0679 0.0873 0.5781
126 0.0790 0.0213 0.3708 0.0457 0.1063 0.3767
127 0.0963 0.0575 0.3523 0.0323 0.1359 0.3259
128 0.0878 0.0381 0.3040 0.1127 0.1627 0.2947
129 0.1174 0.0347 0.1965 0.3291 0.0537 0.2686
130 0.4297 0.1656 0.0846 0.1395 0.0342 0.1462
131 0.1506 0.4788 0.1846 0.0769 0.0845 0.0248
132 0.1292 0.1658 0.2450 0.2129 0.1792 0.0681
133 0.0366 0.1094 0.7593 0.0550 0.0186 0.0214
134 0.1865 0.0433 0.3298 0.0665 0.3052 0.0686
135 0.2196 0.0880 0.1406 0.1908 0.3401 0.0209
136 0.0648 0.3528 0.2747 0.0264 0.1705 0.1110
137 0.1083 0.0817 0.1652 0.2898 0.1033 0.2517
138 0.0367 0.7207 0.1354 0.0556 0.0125 0.0391
139 0.1821 0.2196 0.3977 0.1821 0.0159 0.0026
140 0.0825 0.1298 0.4976 0.2107 0.0349 0.0445
141 0.0842 0.0954 0.6519 0.0939 0.0282 0.0465
142 0.1085 0.0172 0.4861 0.2947 0.0278 0.0658
143 0.4631 0.1962 0.2559 0.0683 0.0078 0.0088
144 0.1392 0.0266 0.3965 0.2223 0.0131 0.2024
145 0.1622 0.0140 0.2399 0.1573 0.1549 0.2717
146 0.1311 0.0432 0.4436 0.1292 0.1087 0.1440
147 0.1665 0.0227 0.3870 0.0811 0.1614 0.1814
148 0.0907 0.0415 0.5137 0.2502 0.0839 0.0199
149 0.3416 0.0837 0.4453 0.0774 0.0196 0.0325
150 0.1526 0.0511 0.2896 0.3438 0.1226 0.0404
151 0.1594 0.0654 0.5229 0.1984 0.0397 0.0143
152 0.1039 0.0468 0.3201 0.4109 0.1007 0.0175
153 0.1124 0.2615 0.1868 0.4048 0.0261 0.0085
154 0.1965 0.1847 0.2998 0.2263 0.0614 0.0313
155 0.4990 0.0118 0.1063 0.3594 0.0183 0.0051
156 0.1293 0.0790 0.5190 0.0578 0.1158 0.0991
157 0.1709 0.1427 0.5103 0.0419 0.0701 0.0643
158 0.2937 0.2019 0.2717 0.1810 0.0237 0.0278
159 0.2866 0.4475 0.1046 0.1132 0.0334 0.0147
160 0.2854 0.0744 0.2517 0.3442 0.0090 0.0354
161 0.0898 0.1349 0.2404 0.5171 0.0131 0.0048
162 0.2407 0.1137 0.3240 0.2771 0.0331 0.0113
163 0.2000 0.0680 0.4504 0.2450 0.0203 0.0163
164 0.0627 0.0272 0.1083 0.3550 0.1083 0.3386
165 0.1305 0.0145 0.2986 0.1032 0.1305 0.3228
166 0.0781 0.0481 0.3235 0.3445 0.0793 0.1267
167 0.1318 0.0481 0.4324 0.0467 0.2502 0.0906
168 0.1788 0.0580 0.2834 0.0590 0.1874 0.2333
169 0.1176 0.1038 0.3855 0.2231 0.0192 0.1510
170 0.0678 0.1505 0.3843 0.1101 0.0018 0.2856
171 0.4072 0.2113 0.1807 0.1451 0.0180 0.0376
172 0.0537 0.0133 0.1935 0.2092 0.0943 0.4360
173 0.0837 0.0613 0.3555 0.0623 0.3237 0.1136
174 0.1087 0.1139 0.5024 0.0475 0.1848 0.0426
175 0.2756 0.0703 0.1522 0.1333 0.2756 0.0930
176 0.2585 0.0323 0.2212 0.4468 0.0295 0.0117
177 0.3694 0.0366 0.2966 0.2744 0.0169 0.0061
178 0.2051 0.0295 0.1754 0.5488 0.0255 0.0157
179 0.1290 0.0432 0.3269 0.1036 0.3535 0.0439
180 0.0491 0.0130 0.2341 0.1106 0.3801 0.2131
181 0.1626 0.0335 0.2441 0.5088 0.0369 0.0142
182 0.3376 0.0307 0.1646 0.4075 0.0403 0.0192
183 0.2239 0.0421 0.1771 0.0978 0.2421 0.2170
184 0.2208 0.1591 0.3755 0.1919 0.0442 0.0086
185 0.1505 0.0375 0.3137 0.2123 0.0341 0.2520
186 0.1201 0.0229 0.1980 0.1361 0.1642 0.3586
187 0.0797 0.1410 0.3228 0.1466 0.2052 0.1048
188 0.1025 0.0594 0.2788 0.4385 0.0166 0.1042
189 0.4482 0.0365 0.3154 0.0451 0.0515 0.1032
190 0.0933 0.0651 0.4314 0.1009 0.0127 0.2966
191 0.3896 0.1676 0.1573 0.1757 0.0651 0.0447
192 0.2002 0.0835 0.5884 0.0976 0.0228 0.0074
193 0.3137 0.0438 0.3289 0.2769 0.0090 0.0274
194 0.2390 0.0764 0.4067 0.2142 0.0517 0.0119
195 0.1404 0.0728 0.1803 0.4978 0.0674 0.0415
196 0.1342 0.0776 0.2467 0.4905 0.0062 0.0449
197 0.2069 0.0977 0.3411 0.2615 0.0202 0.0726
198 0.2429 0.0614 0.2507 0.2710 0.0219 0.1520
199 0.2622 0.0493 0.1803 0.3474 0.0497 0.1111
200 0.1652 0.0857 0.3086 0.2366 0.0197 0.1842
201 0.1263 0.0138 0.1986 0.0953 0.2434 0.3225
202 0.2385 0.0143 0.1381 0.1564 0.0891 0.3638
203 0.0852 0.4001 0.4001 0.0513 0.0061 0.0572
204 0.1652 0.0524 0.2639 0.0768 0.0637 0.3782
205 0.2115 0.0407 0.3489 0.1187 0.0720 0.2083
206 0.2094 0.2299 0.3762 0.1405 0.0302 0.0139
207 0.1120 0.0669 0.4226 0.3730 0.0187 0.0067
208 0.2612 0.0499 0.2695 0.2416 0.1584 0.0192
209 0.2524 0.0537 0.3140 0.1416 0.2297 0.0085
210 0.0466 0.0408 0.1002 0.7759 0.0140 0.0225
211 0.1530 0.0745 0.1874 0.4155 0.1530 0.0168
212 0.2590 0.1365 0.3174 0.1866 0.0322 0.0681
213 0.2690 0.0974 0.1632 0.3096 0.1139 0.0468
214 0.3335 0.0657 0.3132 0.1960 0.0346 0.0570
215 0.2803 0.0635 0.2148 0.2717 0.0698 0.0999
216 0.0737 0.0211 0.5449 0.1741 0.0823 0.1040
217 0.1134 0.0411 0.3440 0.0829 0.2637 0.1550
218 0.1550 0.1057 0.4053 0.0704 0.1492 0.1143
219 0.0639 0.0859 0.4231 0.2095 0.0467 0.1709
220 0.1703 0.0898 0.3284 0.1049 0.1677 0.1390
221 0.1260 0.1472 0.4465 0.1427 0.0497 0.0879
222 0.1411 0.1017 0.4182 0.1134 0.0401 0.1855
223 0.2021 0.0536 0.3494 0.0300 0.1357 0.2291
224 0.1919 0.0485 0.1361 0.4192 0.1278 0.0764
225 0.1761 0.1289 0.2729 0.3672 0.0367 0.0183
226 0.2781 0.1741 0.2532 0.2343 0.0156 0.0447
227 0.1835 0.0510 0.2015 0.3706 0.0730 0.1204
228 0.1455 0.0123 0.2290 0.1929 0.2678 0.1526
229 0.1422 0.0398 0.5845 0.0977 0.0977 0.0380
230 0.2800 0.1387 0.3950 0.1499 0.0179 0.0186
231 0.1589 0.0695 0.4124 0.0912 0.0576 0.2106
232 0.1666 0.1653 0.4424 0.1042 0.0657 0.0558
233 0.1322 0.1322 0.5312 0.1545 0.0072 0.0429
234 0.2140 0.2242 0.2502 0.1693 0.0673 0.0751
235 0.1626 0.2257 0.3037 0.1704 0.0768 0.0608
236 0.3533 0.1544 0.2045 0.1669 0.0707 0.0501
237 0.2732 0.2566 0.1509 0.1632 0.0680 0.0880
238 0.1136 0.1553 0.1349 0.1288 0.0181 0.4492
