time exciting_prob fearful_prob tense_prob sad_prob relaxing_prob neutral_prob
0 0.0939 0.1224 0.0999 0.2050 0.0241 0.4548
1 0.2101 0.0611 0.3745 0.3105 0.0293 0.0145
2 0.8066 0.0558 0.0308 0.0315 0.0745 0.0007
3 0.6396 0.0638 0.0966 0.1111 0.0833 0.0058
4 0.1406 0.1863 0.3850 0.1241 0.0826 0.0814
5 0.6777 0.0635 0.1225 0.0359 0.0602 0.0401
6 0.5537 0.0791 0.0856 0.0889 0.0704 0.1226
7 0.5615 0.0359 0.1808 0.0736 0.0803 0.0681
8 0.6265 0.0382 0.0790 0.0506 0.1442 0.0616
9 0.6675 0.0243 0.1467 0.0503 0.0849 0.0261
10 0.5264 0.1833 0.1362 0.0555 0.0577 0.0406
11 0.4163 0.0696 0.0321 0.1165 0.2159 0.1495
12 0.6118 0.1499 0.0394 0.0376 0.1195 0.0420
13 0.2369 0.1693 0.4976 0.0474 0.0355 0.0134
14 0.4890 0.2898 0.0441 0.0694 0.0780 0.0296
15 0.4819 0.1553 0.1772 0.0699 0.0787 0.0369
16 0.4800 0.1365 0.0596 0.2163 0.0367 0.0708
17 0.3538 0.0777 0.0164 0.0250 0.5229 0.0041
18 0.5859 0.1627 0.0463 0.0571 0.1392 0.0088
19 0.6831 0.1224 0.0327 0.0822 0.0720 0.0078
20 0.7192 0.0674 0.1052 0.0490 0.0478 0.0114
21 0.6772 0.0854 0.0961 0.0282 0.0535 0.0596
22 0.1407 0.0703 0.0916 0.0273 0.6611 0.0090
23 0.2401 0.1599 0.0349 0.0817 0.0488 0.4348
24 0.3430 0.0742 0.3149 0.1204 0.0665 0.0809
25 0.2598 0.4216 0.2347 0.0396 0.0405 0.0037
26 0.2045 0.1804 0.0158 0.0886 0.0463 0.4644
27 0.2930 0.1174 0.0542 0.1863 0.1331 0.2161
28 0.3125 0.2532 0.2532 0.0984 0.0340 0.0487
29 0.2219 0.2634 0.2698 0.0437 0.0374 0.1637
30 0.3716 0.2849 0.1549 0.0651 0.1073 0.0164
31 0.3328 0.1809 0.1106 0.1205 0.2360 0.0194
32 0.1814 0.1564 0.3721 0.0225 0.1208 0.1469
33 0.0705 0.4526 0.4187 0.0178 0.0061 0.0341
34 0.2100 0.2067 0.3225 0.1727 0.0630 0.0251
35 0.2223 0.4524 0.2206 0.0683 0.0244 0.0121
36 0.1884 0.4019 0.2739 0.0287 0.0228 0.0842
37 0.2578 0.4524 0.1962 0.0488 0.0218 0.0231
38 0.1926 0.0592 0.2454 0.3542 0.1345 0.0140
39 0.1249 0.6099 0.2262 0.0184 0.0093 0.0113
40 0.4036 0.2281 0.1791 0.0951 0.0701 0.0242
41 0.2284 0.1292 0.4912 0.0967 0.0446 0.0100
42 0.1757 0.4626 0.3384 0.0068 0.0135 0.0029
43 0.1207 0.2203 0.3960 0.0523 0.1826 0.0280
44 0.4045 0.1925 0.1063 0.1941 0.0797 0.0230
45 0.4912 0.3123 0.0887 0.0226 0.0777 0.0074
46 0.4463 0.3699 0.0928 0.0199 0.0653 0.0058
47 0.4026 0.1381 0.2294 0.0956 0.1002 0.0341
48 0.5249 0.2788 0.1208 0.0218 0.0417 0.0122
49 0.3484 0.2268 0.3979 0.0094 0.0118 0.0055
50 0.2061 0.2448 0.4263 0.0538 0.0591 0.0101
51 0.2654 0.2050 0.4341 0.0601 0.0261 0.0095
52 0.2827 0.3384 0.2021 0.0704 0.0750 0.0312
53 0.4312 0.0791 0.1611 0.1797 0.0527 0.0962
54 0.5723 0.2462 0.0657 0.0320 0.0558 0.0278
55 0.2098 0.1234 0.3174 0.1809 0.0267 0.1420
56 0.3652 0.2913 0.2472 0.0314 0.0606 0.0043
57 0.3018 0.2369 0.3875 0.0347 0.0115 0.0276
58 0.1454 0.0828 0.2051 0.2983 0.2632 0.0051
59 0.0686 0.1105 0.5742 0.1079 0.1022 0.0367
60 0.4067 0.1937 0.0873 0.1157 0.0624 0.1342
61 0.2534 0.0535 0.3152 0.1107 0.1377 0.1294
62 0.3708 0.1149 0.4170 0.0382 0.0573 0.0017
63 0.4448 0.1378 0.1586 0.0616 0.0495 0.1478
64 0.2448 0.1103 0.5601 0.0439 0.0196 0.0214
65 0.1333 0.2097 0.1431 0.4583 0.0475 0.0081
66 0.1555 0.0428 0.6753 0.0555 0.0266 0.0442
67 0.4248 0.1108 0.1730 0.0715 0.1479 0.0721
68 0.2258 0.1163 0.3694 0.1338 0.0662 0.0884
69 0.4417 0.1033 0.1841 0.1152 0.0786 0.0773
70 0.3604 0.0548 0.2119 0.1870 0.0897 0.0963
71 0.4202 0.2450 0.1984 0.0681 0.0461 0.0224
72 0.3997 0.0613 0.3064 0.1459 0.0627 0.0240
73 0.3345 0.2317 0.2646 0.0422 0.1069 0.0202
74 0.4653 0.1214 0.1487 0.1880 0.0252 0.0514
75 0.1359 0.2008 0.1171 0.2617 0.1664 0.1180
76 0.1455 0.2698 0.1573 0.1840 0.1783 0.0651
77 0.4705 0.2292 0.0330 0.0386 0.1564 0.0721
78 0.4062 0.2949 0.0306 0.0237 0.1934 0.0512
79 0.0093 0.2729 0.6548 0.0460 0.0005 0.0166
80 0.3386 0.5283 0.0588 0.0261 0.0188 0.0293
81 0.3716 0.2964 0.2151 0.0656 0.0189 0.0325
82 0.0319 0.1054 0.3708 0.2588 0.0150 0.2180
83 0.1593 0.3047 0.0936 0.1450 0.2839 0.0136
84 0.1564 0.7012 0.1018 0.0268 0.0066 0.0074
85 0.4795 0.2566 0.0853 0.0498 0.0233 0.1053
86 0.2045 0.2334 0.4536 0.0369 0.0228 0.0489
87 0.4719 0.2817 0.1121 0.0264 0.0880 0.0196
88 0.5127 0.2460 0.0811 0.0310 0.0732 0.0562
89 0.1770 0.4556 0.2920 0.0349 0.0269 0.0135
90 0.1718 0.3608 0.3870 0.0333 0.0231 0.0240
91 0.2206 0.3872 0.1801 0.1172 0.0106 0.0844
92 0.2834 0.3640 0.1918 0.0477 0.0363 0.0769
93 0.0943 0.3477 0.3586 0.1405 0.0352 0.0235
94 0.1191 0.3669 0.3342 0.0700 0.0832 0.0266
95 0.0876 0.0810 0.5366 0.0374 0.2272 0.0305
96 0.0934 0.2810 0.5049 0.0466 0.0536 0.0208
97 0.0305 0.4773 0.4019 0.0359 0.0190 0.0354
98 0.3723 0.1381 0.2025 0.1118 0.0524 0.1228
99 0.2197 0.0881 0.2776 0.1738 0.1213 0.1194
100 0.0800 0.0497 0.4500 0.2227 0.0648 0.1329
101 0.0854 0.0223 0.6025 0.0708 0.0518 0.1672
102 0.1937 0.0982 0.4070 0.1521 0.0307 0.1184
103 0.1360 0.1350 0.6694 0.0299 0.0233 0.0062
104 0.1986 0.3889 0.3250 0.0223 0.0385 0.0269
105 0.1111 0.0509 0.2390 0.2666 0.1147 0.2177
106 0.0287 0.1444 0.7808 0.0308 0.0009 0.0143
107 0.0164 0.0827 0.8755 0.0219 0.0014 0.0020
108 0.3911 0.1202 0.4194 0.0144 0.0206 0.0344
109 0.5771 0.1517 0.2191 0.0142 0.0336 0.0039
110 0.3213 0.2522 0.2644 0.1052 0.0161 0.0409
111 0.1760 0.2368 0.5337 0.0102 0.0387 0.0046
112 0.1109 0.3721 0.3232 0.1118 0.0441 0.0377
113 0.1324 0.5933 0.2067 0.0345 0.0312 0.0017
114 0.1954 0.4763 0.2651 0.0131 0.0433 0.0070
115 0.3496 0.1370 0.2170 0.1814 0.0662 0.0488
116 0.2949 0.3088 0.2522 0.0858 0.0396 0.0187
117 0.2383 0.2537 0.3013 0.1368 0.0251 0.0451
118 0.2563 0.2524 0.3423 0.0513 0.0486 0.0493
119 0.3977 0.3350 0.2063 0.0200 0.0324 0.0089
120 0.3696 0.3162 0.2123 0.0308 0.0585 0.0125
121 0.2556 0.1198 0.2786 0.1227 0.0405 0.1827
122 0.2450 0.3271 0.3977 0.0136 0.0162 0.0004
123 0.2239 0.4119 0.3442 0.0073 0.0124 0.0004
124 0.4333 0.3621 0.1644 0.0094 0.0162 0.0146
125 0.1724 0.1464 0.6660 0.0102 0.0046 0.0003
126 0.2573 0.2961 0.4309 0.0073 0.0065 0.0020
127 0.2832 0.4026 0.2810 0.0143 0.0122 0.0065
128 0.0680 0.4038 0.4299 0.0460 0.0204 0.0319
129 0.1613 0.4314 0.2102 0.1236 0.0395 0.0341
130 0.4292 0.1566 0.1519 0.0942 0.1299 0.0384
131 0.2260 0.4221 0.3289 0.0085 0.0111 0.0036
132 0.3525 0.4187 0.1317 0.0257 0.0632 0.0082
133 0.5742 0.1185 0.1620 0.0446 0.0796 0.0209
134 0.1506 0.5640 0.0914 0.0581 0.1210 0.0150
135 0.2759 0.4622 0.1796 0.0531 0.0278 0.0016
136 0.6235 0.1873 0.1277 0.0166 0.0280 0.0170
137 0.1107 0.3030 0.2455 0.1007 0.0218 0.2183
138 0.4683 0.2111 0.1310 0.0735 0.0629 0.0533
139 0.1416 0.4646 0.1891 0.0634 0.1240 0.0173
140 0.0634 0.2585 0.2318 0.3479 0.0820 0.0163
141 0.0869 0.3926 0.2783 0.1840 0.0200 0.0383
142 0.2695 0.4045 0.2217 0.0365 0.0454 0.0226
143 0.0812 0.1471 0.2542 0.4531 0.0215 0.0428
144 0.2036 0.5078 0.1782 0.0257 0.0709 0.0139
145 0.3777 0.1575 0.0947 0.1943 0.1179 0.0579
146 0.2357 0.3511 0.1908 0.1354 0.0634 0.0237
147 0.4768 0.3079 0.1727 0.0164 0.0243 0.0019
148 0.3059 0.4966 0.1575 0.0171 0.0222 0.0007
149 0.2148 0.4766 0.1420 0.0868 0.0587 0.0210
150 0.1804 0.6147 0.1146 0.0418 0.0336 0.0146
151 0.3533 0.1981 0.3477 0.0406 0.0529 0.0075
152 0.1405 0.5137 0.1935 0.0807 0.0412 0.0304
153 0.0749 0.2939 0.1537 0.3657 0.0127 0.0992
154 0.2344 0.4519 0.1755 0.0148 0.1188 0.0046
155 0.1980 0.4604 0.2352 0.0521 0.0460 0.0083
156 0.1155 0.2664 0.4126 0.1681 0.0047 0.0326
157 0.2130 0.3457 0.2888 0.0953 0.0209 0.0362
158 0.1584 0.4409 0.2937 0.0404 0.0503 0.0161
159 0.1372 0.4429 0.1019 0.2244 0.0396 0.0541
160 0.2086 0.3257 0.1650 0.1057 0.1929 0.0021
161 0.0668 0.5464 0.2443 0.0972 0.0411 0.0043
162 0.0829 0.4846 0.2939 0.0557 0.0804 0.0024
163 0.1046 0.2469 0.5742 0.0443 0.0271 0.0031
164 0.0926 0.2700 0.2659 0.2346 0.0823 0.0544
165 0.0491 0.4961 0.3105 0.1032 0.0330 0.0081
166 0.2720 0.1368 0.2273 0.2439 0.0323 0.0876
167 0.1976 0.1091 0.4087 0.1946 0.0584 0.0318
168 0.1172 0.3367 0.2747 0.1760 0.0845 0.0109
169 0.2812 0.3420 0.1654 0.1085 0.0995 0.0033
170 0.3540 0.2822 0.0975 0.1333 0.1262 0.0065
171 0.2817 0.2861 0.2177 0.0997 0.1020 0.0129
172 0.3467 0.1960 0.3181 0.0651 0.0395 0.0346
173 0.3984 0.1465 0.3054 0.1150 0.0241 0.0106
174 0.4412 0.0682 0.1388 0.1178 0.0779 0.1561
175 0.0870 0.4634 0.2366 0.1527 0.0071 0.0532
176 0.4001 0.2502 0.0788 0.1803 0.0297 0.0609
177 0.0848 0.1500 0.2341 0.2115 0.0394 0.2803
178 0.4285 0.2744 0.1873 0.0386 0.0612 0.0099
179 0.2627 0.5024 0.1923 0.0286 0.0051 0.0087
180 0.1866 0.3921 0.1740 0.0946 0.0602 0.0924
181 0.3560 0.3191 0.1351 0.0509 0.1331 0.0057
182 0.0211 0.0771 0.3403 0.4170 0.0135 0.1312
183 0.4346 0.2362 0.0779 0.1561 0.0579 0.0374
184 0.1365 0.4172 0.2130 0.0784 0.0345 0.1204
185 0.5508 0.2313 0.1505 0.0252 0.0313 0.0110
186 0.0861 0.3801 0.3152 0.0211 0.1971 0.0004
187 0.4060 0.1666 0.1774 0.1191 0.0328 0.0980
188 0.4231 0.1863 0.2336 0.0307 0.0859 0.0403
189 0.4724 0.0840 0.1407 0.1396 0.0790 0.0840
190 0.0702 0.2954 0.4871 0.0429 0.0468 0.0577
191 0.3242 0.0914 0.0839 0.0801 0.1320 0.2883
192 0.2047 0.1792 0.1937 0.1029 0.2374 0.0820
193 0.3296 0.3677 0.2585 0.0120 0.0279 0.0042
194 0.0948 0.0519 0.3413 0.2458 0.0523 0.2136
195 0.1224 0.0385 0.0720 0.3953 0.0828 0.2891
196 0.2803 0.1334 0.1926 0.1661 0.0676 0.1598
197 0.3147 0.0975 0.3298 0.1765 0.0168 0.0645
198 0.6372 0.1636 0.0791 0.0451 0.0410 0.0340
199 0.3503 0.2244 0.2059 0.1299 0.0268 0.0628
200 0.1230 0.1472 0.3142 0.2484 0.0393 0.1279
201 0.2937 0.3408 0.2632 0.0726 0.0154 0.0143
202 0.1503 0.2722 0.1492 0.3838 0.0320 0.0126
203 0.0417 0.1409 0.3572 0.2737 0.0098 0.1768
204 0.3350 0.2549 0.1282 0.0881 0.1105 0.0834
205 0.2825 0.3152 0.0714 0.1215 0.0630 0.1465
206 0.4409 0.1896 0.0743 0.0660 0.0999 0.1293
207 0.1324 0.0079 0.0172 0.3572 0.0579 0.4275
208 0.1851 0.1646 0.1429 0.1725 0.1030 0.2321
209 0.2279 0.0928 0.1350 0.1093 0.0412 0.3938
210 0.3279 0.2961 0.1742 0.0911 0.0523 0.0583
211 0.2323 0.0269 0.0625 0.2473 0.1837 0.2473
212 0.6260 0.1105 0.1114 0.0582 0.0539 0.0400
213 0.2017 0.2981 0.2866 0.0802 0.0670 0.0665
214 0.2644 0.4639 0.2483 0.0120 0.0082 0.0032
215 0.3867 0.2069 0.1650 0.0523 0.0993 0.0897
216 0.3765 0.2283 0.1533 0.0568 0.0619 0.1232
217 0.3291 0.2316 0.1483 0.0581 0.0581 0.1748
218 0.3164 0.3369 0.0980 0.0341 0.1155 0.0988
219 0.1628 0.0405 0.1372 0.3669 0.0554 0.2369
