time exciting_prob fearful_prob tense_prob sad_prob relaxing_prob neutral_prob
0 0.1136 0.1553 0.1349 0.1288 0.0181 0.4492
1 0.1136 0.1553 0.1349 0.1288 0.0181 0.4492
2 0.4089 0.4253 0.0700 0.0360 0.0112 0.0485
3 0.2549 0.2002 0.0400 0.1140 0.0226 0.3682
4 0.1898 0.4519 0.0849 0.1389 0.0109 0.1235
5 0.0784 0.7266 0.0630 0.0518 0.0208 0.0592
6 0.0759 0.0582 0.0457 0.2357 0.0406 0.5439
7 0.3125 0.1823 0.0312 0.1487 0.0297 0.2957
8 0.2886 0.3535 0.1631 0.0664 0.0083 0.1202
9 0.1162 0.3721 0.1677 0.0310 0.1931 0.1199
10 0.0167 0.0057 0.0091 0.0953 0.0237 0.8496
11 0.0944 0.0187 0.0105 0.1936 0.0279 0.6548
12 0.1938 0.4370 0.1725 0.0340 0.0117 0.1510
13 0.1704 0.1266 0.0877 0.4385 0.0063 0.1704
14 0.2458 0.3777 0.0779 0.1637 0.0121 0.1226
15 0.1175 0.7031 0.0840 0.0266 0.0324 0.0364
16 0.1029 0.0443 0.0707 0.4910 0.0696 0.2213
17 0.2230 0.0624 0.0735 0.1053 0.0133 0.5225
18 0.2920 0.0682 0.0688 0.1152 0.0142 0.4417
19 0.4656 0.1796 0.0547 0.0790 0.0314 0.1896
20 0.2444 0.1201 0.0964 0.1201 0.0689 0.3501
21 0.6851 0.0496 0.0858 0.0627 0.0303 0.0864
22 0.3442 0.1277 0.2766 0.0240 0.1931 0.0344
23 0.2942 0.1236 0.0223 0.2152 0.0138 0.3308
24 0.3511 0.1475 0.3098 0.0297 0.0348 0.1272
25 0.6382 0.0811 0.1946 0.0380 0.0308 0.0175
26 0.2120 0.6040 0.0699 0.0399 0.0652 0.0088
27 0.0849 0.4924 0.1188 0.1389 0.0682 0.0969
28 0.3467 0.2119 0.0377 0.2896 0.0392 0.0750
29 0.1389 0.0315 0.0410 0.4082 0.0257 0.3547
30 0.2576 0.1189 0.1348 0.1412 0.0166 0.3308
31 0.4609 0.1921 0.2546 0.0329 0.0396 0.0199
32 0.1455 0.5078 0.0284 0.0954 0.0127 0.2101
33 0.0325 0.1216 0.1225 0.0374 0.0392 0.6470
34 0.2296 0.0296 0.0590 0.5864 0.0136 0.0818
35 0.0983 0.1583 0.0413 0.2981 0.0153 0.3887
36 0.1276 0.6426 0.1216 0.0389 0.0579 0.0115
37 0.3577 0.1490 0.0622 0.1152 0.0285 0.2874
38 0.0332 0.3716 0.1478 0.0174 0.0216 0.4082
39 0.4182 0.2617 0.0607 0.1207 0.0141 0.1246
40 0.2502 0.4392 0.2091 0.0193 0.0567 0.0256
41 0.2793 0.4094 0.1693 0.0643 0.0266 0.0512
42 0.0604 0.0595 0.0936 0.3318 0.0084 0.4465
43 0.2510 0.0999 0.0300 0.3484 0.0237 0.2471
44 0.1855 0.0919 0.1492 0.3359 0.0335 0.2039
45 0.2615 0.6030 0.0848 0.0101 0.0382 0.0025
46 0.2322 0.6069 0.0909 0.0090 0.0578 0.0034
47 0.0895 0.1956 0.1097 0.1699 0.0340 0.4014
48 0.2039 0.4248 0.0437 0.1066 0.0424 0.1785
49 0.2113 0.0319 0.2510 0.0867 0.0654 0.3538
50 0.2039 0.1218 0.0325 0.4055 0.0508 0.1857
51 0.0334 0.0740 0.0669 0.0258 0.0100 0.7900
52 0.0611 0.2200 0.0760 0.0340 0.0110 0.5981
53 0.2140 0.0333 0.0673 0.2140 0.0254 0.4460
54 0.1376 0.0573 0.0453 0.2778 0.0239 0.4580
55 0.2185 0.2595 0.0677 0.2272 0.0570 0.1702
56 0.3345 0.2410 0.0429 0.0264 0.0128 0.3425
57 0.0132 0.0912 0.0405 0.0196 0.0095 0.8257
58 0.0472 0.1766 0.0923 0.0676 0.0188 0.5977
59 0.0974 0.0403 0.0770 0.2410 0.0096 0.5347
60 0.2644 0.3938 0.2974 0.0165 0.0235 0.0044
61 0.2274 0.2054 0.2898 0.0558 0.0061 0.2153
62 0.0403 0.0172 0.0696 0.0814 0.1203 0.6709
63 0.1995 0.2058 0.2462 0.1979 0.0326 0.1182
64 0.2888 0.4011 0.1725 0.0578 0.0468 0.0329
65 0.2424 0.4424 0.0885 0.0642 0.0787 0.0838
66 0.3613 0.3938 0.1011 0.0512 0.0604 0.0323
67 0.3096 0.2374 0.0827 0.0937 0.0198 0.2568
68 0.1385 0.1725 0.4072 0.0802 0.1671 0.0342
69 0.3318 0.4395 0.0782 0.0428 0.0541 0.0537
70 0.1862 0.0572 0.0378 0.4717 0.0226 0.2246
71 0.0970 0.0291 0.0192 0.1798 0.0174 0.6577
72 0.1627 0.4597 0.0562 0.0751 0.0745 0.1718
73 0.0753 0.2690 0.0188 0.4578 0.0094 0.1697
74 0.0889 0.2698 0.0947 0.2418 0.0177 0.2871
75 0.0849 0.2988 0.0557 0.0876 0.0067 0.4663
76 0.2240 0.2598 0.0386 0.1626 0.0064 0.3086
77 0.3362 0.3362 0.0354 0.0699 0.0247 0.1976
78 0.0656 0.0191 0.0249 0.5488 0.0194 0.3225
79 0.0952 0.0316 0.0295 0.7148 0.0124 0.1166
80 0.3140 0.1860 0.0586 0.0996 0.0467 0.2949
81 0.0838 0.0128 0.0402 0.2878 0.0115 0.5635
82 0.2195 0.2507 0.0930 0.1029 0.0169 0.3169
83 0.0872 0.0396 0.0109 0.3164 0.0078 0.5381
84 0.3608 0.4819 0.0857 0.0173 0.0055 0.0488
85 0.3857 0.3027 0.1354 0.0388 0.0660 0.0714
86 0.2162 0.2162 0.4265 0.0394 0.0159 0.0860
87 0.2223 0.4490 0.1083 0.0774 0.0194 0.1237
88 0.0998 0.1752 0.1646 0.2549 0.0125 0.2932
89 0.1558 0.4136 0.1835 0.0241 0.2047 0.0183
90 0.2666 0.3850 0.1300 0.0258 0.1580 0.0347
91 0.0167 0.5879 0.0601 0.2412 0.0041 0.0901
92 0.1200 0.3726 0.0374 0.2224 0.1018 0.1459
93 0.3674 0.0770 0.3730 0.0590 0.0529 0.0707
94 0.0607 0.3154 0.0312 0.1433 0.0862 0.3630
95 0.1772 0.3870 0.0200 0.1296 0.1470 0.1390
96 0.3665 0.2681 0.0756 0.0694 0.0240 0.1962
97 0.2932 0.4836 0.1038 0.0168 0.0834 0.0192
98 0.1508 0.6201 0.1193 0.0102 0.0106 0.0893
99 0.4622 0.2473 0.0340 0.0778 0.0228 0.1560
100 0.1871 0.0249 0.0884 0.5415 0.0335 0.1246
101 0.1915 0.0612 0.1295 0.5371 0.0155 0.0652
102 0.0533 0.0199 0.0212 0.3164 0.0254 0.5640
103 0.0607 0.0626 0.0434 0.0310 0.7686 0.0338
104 0.1077 0.4429 0.0387 0.0684 0.2903 0.0521
105 0.1711 0.1105 0.0232 0.0153 0.6113 0.0686
106 0.2303 0.1302 0.0348 0.0247 0.5483 0.0317
107 0.3337 0.1267 0.2681 0.1843 0.0363 0.0508
108 0.5249 0.1871 0.2275 0.0349 0.0182 0.0071
109 0.2094 0.1193 0.4719 0.1036 0.0158 0.0801
110 0.0856 0.0265 0.1049 0.6836 0.0053 0.0940
111 0.1084 0.1577 0.2482 0.3040 0.0084 0.1732
112 0.0624 0.0802 0.0072 0.0615 0.7725 0.0160
113 0.2966 0.2854 0.0824 0.2040 0.0323 0.0994
114 0.1626 0.4216 0.0844 0.1677 0.0850 0.0786
115 0.1379 0.4702 0.2439 0.0570 0.0732 0.0178
116 0.1384 0.0685 0.0685 0.4756 0.0242 0.2247
117 0.0858 0.1746 0.0381 0.1403 0.5464 0.0150
118 0.0908 0.5693 0.0713 0.0771 0.0530 0.1384
119 0.1304 0.0731 0.0257 0.0298 0.7046 0.0362
120 0.0634 0.3098 0.0410 0.2031 0.3567 0.0260
121 0.1660 0.1293 0.1159 0.0754 0.0404 0.4729
122 0.0454 0.2827 0.0693 0.2344 0.0527 0.3154
123 0.1538 0.4487 0.0553 0.1208 0.0160 0.2054
124 0.0764 0.0604 0.0066 0.0387 0.7959 0.0222
125 0.2061 0.2524 0.0364 0.0297 0.4570 0.0183
126 0.1907 0.4756 0.1417 0.1439 0.0177 0.0302
127 0.3745 0.1255 0.0156 0.0195 0.4211 0.0437
128 0.2133 0.0539 0.0081 0.0166 0.6777 0.0305
129 0.4094 0.2622 0.1449 0.1128 0.0572 0.0134
130 0.7671 0.1186 0.0353 0.0464 0.0179 0.0146
131 0.3081 0.4553 0.0688 0.0298 0.0767 0.0612
132 0.2134 0.1898 0.0616 0.0890 0.1927 0.2534
133 0.1903 0.1349 0.1154 0.2386 0.0396 0.2812
134 0.1506 0.3530 0.3140 0.0072 0.1416 0.0334
135 0.2111 0.1923 0.1984 0.2754 0.0160 0.1070
136 0.0459 0.2927 0.0537 0.2815 0.0124 0.3140
137 0.6733 0.1400 0.1638 0.0075 0.0115 0.0037
138 0.0239 0.0175 0.0218 0.0726 0.0069 0.8574
139 0.1332 0.4265 0.2507 0.0388 0.0093 0.1417
140 0.2367 0.3694 0.0331 0.1267 0.0927 0.1414
141 0.4429 0.1803 0.2445 0.0839 0.0204 0.0281
142 0.2001 0.2957 0.0327 0.0151 0.4136 0.0429
143 0.3293 0.1439 0.0550 0.0339 0.4004 0.0375
144 0.3752 0.1145 0.2878 0.0844 0.0287 0.1093
145 0.2142 0.2998 0.2192 0.0497 0.1681 0.0489
146 0.1127 0.2581 0.1018 0.2993 0.0858 0.1425
147 0.2446 0.1819 0.0299 0.0329 0.4229 0.0880
148 0.0977 0.5488 0.1169 0.0666 0.0100 0.1598
149 0.4331 0.0707 0.1013 0.2111 0.0497 0.1342
150 0.4348 0.2103 0.2556 0.0589 0.0330 0.0073
151 0.2312 0.3840 0.0844 0.2223 0.0167 0.0612
152 0.2976 0.2976 0.2751 0.0801 0.0264 0.0231
153 0.2247 0.0674 0.0659 0.1321 0.0190 0.4907
154 0.2871 0.0621 0.0848 0.0969 0.0348 0.4343
155 0.1099 0.2495 0.2325 0.0469 0.0065 0.3547
156 0.3909 0.0581 0.0204 0.2644 0.0195 0.2466
157 0.3071 0.2776 0.0765 0.0952 0.0153 0.2283
158 0.2460 0.3782 0.2223 0.0272 0.0434 0.0831
159 0.2524 0.1394 0.0643 0.2952 0.0154 0.2334
160 0.1606 0.2230 0.1157 0.3621 0.0096 0.1290
161 0.2749 0.4224 0.1471 0.0751 0.0497 0.0308
162 0.1655 0.1138 0.1630 0.1260 0.0313 0.4004
163 0.1595 0.2778 0.0286 0.0388 0.4617 0.0337
164 0.2664 0.5771 0.0957 0.0384 0.0088 0.0137
165 0.2935 0.1852 0.1794 0.1420 0.0391 0.1609
166 0.0864 0.1615 0.0456 0.0256 0.6694 0.0116
167 0.2722 0.2700 0.0570 0.2023 0.1001 0.0986
168 0.0652 0.4973 0.0913 0.0648 0.2074 0.0739
169 0.1270 0.6704 0.1289 0.0432 0.0198 0.0107
170 0.2993 0.1034 0.2189 0.0864 0.0320 0.2600
171 0.1139 0.0498 0.0944 0.5786 0.0564 0.1070
172 0.1610 0.0574 0.0692 0.2494 0.0583 0.4048
173 0.1652 0.0780 0.2120 0.1871 0.1017 0.2559
174 0.0553 0.7173 0.1337 0.0323 0.0374 0.0240
175 0.1339 0.0558 0.0438 0.4973 0.0585 0.2106
176 0.0717 0.0438 0.0632 0.5132 0.0156 0.2925
177 0.1086 0.0974 0.1230 0.2126 0.0290 0.4294
178 0.1110 0.1591 0.0793 0.3584 0.0197 0.2727
179 0.1064 0.0325 0.0410 0.2361 0.0519 0.5322
180 0.0840 0.0167 0.0353 0.4102 0.0307 0.4231
181 0.1161 0.4021 0.1235 0.1161 0.0386 0.2037
182 0.2147 0.2357 0.0506 0.1453 0.2433 0.1105
183 0.2354 0.3972 0.0517 0.0674 0.2194 0.0290
184 0.3472 0.1447 0.1307 0.1978 0.0233 0.1565
185 0.0512 0.1010 0.0428 0.3694 0.0035 0.4319
186 0.1606 0.1848 0.0211 0.2776 0.0741 0.2820
187 0.1628 0.4900 0.0236 0.1904 0.0352 0.0980
188 0.0632 0.7407 0.0274 0.0455 0.0172 0.1059
189 0.1136 0.1553 0.1349 0.1288 0.0181 0.4492
