time exciting_prob fearful_prob tense_prob sad_prob relaxing_prob neutral_prob
0 0.1136 0.1553 0.1349 0.1288 0.0181 0.4492
1 0.1043 0.0428 0.3113 0.2350 0.0892 0.2174
2 0.0521 0.0405 0.2522 0.3291 0.0358 0.2903
3 0.0526 0.0982 0.3428 0.2932 0.0327 0.1807
4 0.0601 0.1176 0.3567 0.2778 0.0322 0.1558
5 0.1603 0.4031 0.2227 0.1483 0.0029 0.0628
6 0.1357 0.5991 0.1716 0.0548 0.0018 0.0371
7 0.1670 0.4199 0.1863 0.1147 0.0026 0.1095
8 0.1548 0.0362 0.1031 0.6621 0.0110 0.0330
9 0.1495 0.1472 0.0851 0.5820 0.0093 0.0268
10 0.1094 0.0936 0.1129 0.6196 0.0077 0.0568
11 0.1448 0.1692 0.1011 0.5376 0.0141 0.0331
12 0.3008 0.0651 0.1687 0.2455 0.0430 0.1769
13 0.3181 0.2222 0.2764 0.0637 0.0598 0.0598
14 0.4221 0.2406 0.1903 0.0567 0.0528 0.0375
15 0.3867 0.2458 0.1914 0.0626 0.0424 0.0710
16 0.3960 0.2637 0.2023 0.0139 0.0549 0.0693
17 0.4595 0.2617 0.1743 0.0174 0.0282 0.0589
18 0.4644 0.2299 0.1906 0.0228 0.0238 0.0685
19 0.4673 0.2502 0.1517 0.0194 0.0418 0.0695
20 0.0336 0.3450 0.4097 0.0482 0.0130 0.1506
21 0.0495 0.3464 0.3865 0.0392 0.0146 0.1637
22 0.0527 0.2896 0.5244 0.0607 0.0042 0.0688
23 0.1544 0.5923 0.0801 0.0735 0.0275 0.0724
24 0.1754 0.3328 0.2323 0.1957 0.0277 0.0362
25 0.2006 0.3010 0.2344 0.0499 0.1245 0.0897
26 0.0350 0.0814 0.1643 0.3589 0.0233 0.3372
27 0.0789 0.1521 0.3428 0.2932 0.0250 0.1078
28 0.0297 0.1268 0.1904 0.2859 0.0113 0.3557
29 0.1144 0.1946 0.2120 0.1479 0.0589 0.2722
30 0.0388 0.7686 0.0897 0.0693 0.0050 0.0289
31 0.0413 0.7266 0.1409 0.0569 0.0056 0.0286
32 0.0226 0.3140 0.1329 0.0988 0.0352 0.3967
33 0.0450 0.0656 0.1548 0.0552 0.1477 0.5317
34 0.0721 0.3660 0.1152 0.0612 0.1456 0.2400
35 0.0315 0.3303 0.1335 0.1056 0.0417 0.3572
36 0.0471 0.0478 0.1642 0.0361 0.1748 0.5303
37 0.0244 0.0268 0.1339 0.0248 0.1517 0.6387
38 0.1086 0.0364 0.1876 0.0489 0.3093 0.3093
39 0.1490 0.0785 0.1335 0.0661 0.3154 0.2573
40 0.0889 0.1443 0.1334 0.0977 0.2825 0.2532
41 0.0812 0.2312 0.3259 0.2423 0.0455 0.0739
42 0.1167 0.3708 0.2610 0.1088 0.0197 0.1232
43 0.1016 0.1065 0.1929 0.3958 0.0985 0.1049
44 0.1754 0.6123 0.1323 0.0479 0.0127 0.0195
45 0.0833 0.5962 0.1129 0.0921 0.0375 0.0782
46 0.0939 0.1869 0.3438 0.2805 0.0208 0.0743
47 0.0422 0.0654 0.1202 0.1617 0.5474 0.0634
48 0.1078 0.0203 0.0952 0.1384 0.5474 0.0908
49 0.0962 0.0621 0.2874 0.1663 0.2345 0.1538
50 0.0544 0.0721 0.1599 0.5005 0.0580 0.1550
51 0.1030 0.0606 0.2981 0.1725 0.1262 0.2395
52 0.0560 0.1925 0.2551 0.2632 0.0606 0.1726
53 0.0628 0.1531 0.1790 0.4714 0.0521 0.0819
54 0.0691 0.1175 0.1581 0.4575 0.0820 0.1157
55 0.1464 0.4370 0.2147 0.1522 0.0139 0.0356
56 0.1416 0.4980 0.1086 0.1012 0.0275 0.1230
57 0.0967 0.2113 0.3430 0.0696 0.0615 0.2180
58 0.0764 0.4297 0.2817 0.0930 0.0490 0.0701
59 0.0353 0.3979 0.3738 0.0353 0.0178 0.1398
60 0.0224 0.2996 0.3672 0.2371 0.0176 0.0563
61 0.1921 0.1833 0.2666 0.0853 0.1543 0.1183
62 0.2102 0.3867 0.1855 0.0817 0.0843 0.0515
63 0.1925 0.0510 0.3174 0.0665 0.1647 0.2081
64 0.0435 0.0378 0.2280 0.1077 0.0525 0.5303
65 0.0414 0.5244 0.2556 0.0444 0.0114 0.1226
66 0.0370 0.4475 0.4138 0.0446 0.0182 0.0388
67 0.0256 0.3975 0.3562 0.0729 0.0505 0.0974
68 0.0214 0.0711 0.2949 0.2561 0.0172 0.3394
69 0.0615 0.1013 0.2394 0.3171 0.0560 0.2249
70 0.0540 0.1198 0.2419 0.3059 0.1743 0.1041
71 0.0224 0.0459 0.1964 0.2333 0.0306 0.4712
72 0.0444 0.1388 0.4080 0.0939 0.0257 0.2893
73 0.0603 0.2788 0.1638 0.2832 0.0225 0.1915
74 0.1066 0.1652 0.1930 0.2944 0.1083 0.1327
75 0.0908 0.2394 0.1521 0.2432 0.1779 0.0967
76 0.1193 0.0873 0.3142 0.1290 0.0770 0.2732
77 0.1327 0.4419 0.2479 0.0532 0.0424 0.0818
78 0.1616 0.4429 0.2227 0.1085 0.0299 0.0344
79 0.0893 0.2177 0.2795 0.1543 0.0240 0.2354
80 0.0324 0.0753 0.6816 0.0397 0.0526 0.1185
81 0.1967 0.2908 0.2448 0.0801 0.0525 0.1351
82 0.1375 0.3247 0.1006 0.1167 0.0471 0.2734
83 0.1126 0.3389 0.1190 0.0580 0.0431 0.3284
84 0.1342 0.2566 0.1086 0.1005 0.0442 0.3562
85 0.0692 0.0522 0.1823 0.1465 0.0307 0.5190
86 0.1707 0.1191 0.2058 0.1760 0.0643 0.2642
87 0.0560 0.3406 0.1633 0.2303 0.0332 0.1766
88 0.0272 0.1146 0.1519 0.1694 0.0069 0.5298
89 0.0308 0.0294 0.1515 0.1447 0.0349 0.6089
90 0.0905 0.2402 0.1208 0.1992 0.0310 0.3184
91 0.0316 0.0498 0.0777 0.2047 0.0342 0.6021
92 0.0884 0.1588 0.2617 0.1539 0.0215 0.3157
93 0.0520 0.4932 0.2122 0.0831 0.0225 0.1370
94 0.0591 0.2338 0.3245 0.2954 0.0148 0.0724
95 0.0953 0.1262 0.4917 0.0742 0.1047 0.1080
96 0.0575 0.0462 0.2069 0.1041 0.0139 0.5713
97 0.0996 0.3879 0.3369 0.0214 0.0242 0.1299
98 0.1015 0.3655 0.3711 0.0129 0.0340 0.1150
99 0.0205 0.7012 0.2581 0.0041 0.0049 0.0110
100 0.0654 0.3535 0.2798 0.1952 0.0110 0.0952
101 0.0834 0.3296 0.4299 0.1005 0.0293 0.0273
102 0.1020 0.2771 0.4717 0.0555 0.0180 0.0758
103 0.0628 0.1694 0.1077 0.0173 0.5732 0.0695
104 0.0717 0.1183 0.1803 0.0576 0.1592 0.4128
105 0.0461 0.6367 0.2654 0.0137 0.0182 0.0200
106 0.0721 0.6040 0.2257 0.0187 0.0106 0.0688
107 0.0701 0.4036 0.2094 0.0894 0.1005 0.1270
108 0.0296 0.4048 0.4961 0.0371 0.0110 0.0215
109 0.0415 0.4036 0.3506 0.1138 0.0350 0.0555
110 0.0551 0.2014 0.3269 0.0789 0.0258 0.3120
111 0.0474 0.2949 0.3848 0.0794 0.0059 0.1875
112 0.0512 0.2683 0.2600 0.2025 0.0188 0.1993
113 0.0433 0.1418 0.0902 0.1252 0.0556 0.5439
114 0.0528 0.2443 0.1288 0.1844 0.0858 0.3040
115 0.0386 0.0287 0.0698 0.1812 0.0398 0.6421
116 0.1438 0.1996 0.2563 0.1239 0.1404 0.1361
117 0.1139 0.2301 0.4299 0.0216 0.0629 0.1417
118 0.1661 0.1107 0.4446 0.0220 0.0743 0.1825
119 0.2109 0.1147 0.4753 0.0237 0.0873 0.0880
120 0.1799 0.2659 0.4385 0.0045 0.0948 0.0162
121 0.1929 0.1024 0.3660 0.0125 0.1958 0.1305
122 0.2196 0.0777 0.4104 0.0189 0.2096 0.0639
123 0.1427 0.0826 0.5386 0.0172 0.1472 0.0718
124 0.1722 0.1351 0.1997 0.0080 0.4036 0.0814
125 0.1365 0.3076 0.2981 0.0026 0.2114 0.0436
126 0.0897 0.0970 0.3440 0.0143 0.1785 0.2764
127 0.2151 0.1315 0.0721 0.0531 0.3987 0.1295
128 0.1725 0.2113 0.1595 0.1365 0.2510 0.0692
129 0.1236 0.4966 0.2135 0.0365 0.0455 0.0843
130 0.0247 0.0603 0.0941 0.1481 0.0193 0.6533
131 0.1760 0.4358 0.2502 0.0156 0.1019 0.0204
132 0.1082 0.5801 0.1742 0.0540 0.0255 0.0579
133 0.1927 0.1675 0.2004 0.0626 0.2761 0.1008
134 0.2433 0.1343 0.1595 0.0457 0.0847 0.3325
135 0.3118 0.0648 0.2076 0.0735 0.1531 0.1891
136 0.1136 0.2424 0.4390 0.1392 0.0349 0.0311
137 0.1659 0.2822 0.3403 0.1158 0.0219 0.0736
138 0.2839 0.1682 0.1921 0.0859 0.0471 0.2228
139 0.3132 0.2639 0.2365 0.0414 0.0593 0.0856
140 0.2761 0.2474 0.2676 0.0385 0.0687 0.1016
141 0.2927 0.4260 0.1694 0.0294 0.0347 0.0478
142 0.2031 0.1710 0.3145 0.1271 0.0820 0.1021
143 0.2239 0.3809 0.2700 0.0328 0.0480 0.0444
144 0.1840 0.3894 0.2676 0.0465 0.0709 0.0417
145 0.2472 0.3352 0.1323 0.0443 0.1022 0.1387
146 0.0781 0.2057 0.1602 0.1414 0.0647 0.3499
147 0.1355 0.1740 0.2115 0.1910 0.0645 0.2234
148 0.1194 0.2546 0.2546 0.0664 0.1271 0.1777
149 0.2241 0.2620 0.2207 0.0520 0.1145 0.1267
150 0.0763 0.3501 0.3188 0.0663 0.0459 0.1426
151 0.0835 0.1234 0.3684 0.1356 0.0822 0.2067
152 0.2177 0.1804 0.2109 0.1300 0.0690 0.1920
153 0.1021 0.1877 0.2864 0.0952 0.2649 0.0639
154 0.0565 0.3518 0.4807 0.0640 0.0220 0.0251
155 0.4570 0.2043 0.0364 0.0865 0.0695 0.1461
156 0.0695 0.1948 0.3997 0.1042 0.0077 0.2242
157 0.0325 0.2725 0.3445 0.1873 0.0080 0.1553
158 0.1283 0.1344 0.3379 0.2473 0.0277 0.1243
159 0.1173 0.2859 0.2903 0.2522 0.0076 0.0467
160 0.0934 0.2205 0.3750 0.1613 0.0161 0.1337
161 0.0509 0.5474 0.1130 0.2178 0.0045 0.0664
162 0.0615 0.4011 0.1836 0.2471 0.0145 0.0923
163 0.1484 0.1395 0.2773 0.1021 0.0509 0.2817
164 0.1311 0.3298 0.2820 0.0620 0.0394 0.1558
165 0.0719 0.3567 0.2096 0.0959 0.0284 0.2375
166 0.0771 0.4167 0.3401 0.0288 0.0670 0.0702
167 0.1510 0.3567 0.2822 0.0692 0.0286 0.1122
168 0.0671 0.2344 0.1854 0.3804 0.0476 0.0849
169 0.0687 0.3435 0.3657 0.0910 0.0123 0.1187
170 0.0930 0.4167 0.2649 0.1658 0.0041 0.0555
171 0.0775 0.1318 0.2791 0.3757 0.0212 0.1146
172 0.0966 0.3560 0.3970 0.0813 0.0159 0.0533
173 0.0349 0.1469 0.1855 0.1492 0.0096 0.4739
174 0.1355 0.1560 0.3801 0.0495 0.0625 0.2166
175 0.1209 0.1505 0.2122 0.0668 0.3286 0.1209
176 0.0829 0.6177 0.1125 0.0371 0.0507 0.0992
177 0.0769 0.1732 0.0679 0.0127 0.3555 0.3137
178 0.0412 0.2729 0.1461 0.0701 0.0467 0.4229
179 0.0115 0.5312 0.0719 0.3223 0.0410 0.0221
180 0.0479 0.1522 0.2114 0.2181 0.1522 0.2181
181 0.0585 0.3210 0.3933 0.1360 0.0240 0.0673
182 0.1175 0.3096 0.2095 0.2374 0.0373 0.0887
183 0.1805 0.2839 0.0753 0.0252 0.0086 0.4263
184 0.1497 0.1670 0.2754 0.1260 0.2391 0.0429
185 0.0710 0.2021 0.1869 0.3835 0.0357 0.1207
186 0.1273 0.5532 0.1466 0.1356 0.0183 0.0189
187 0.0464 0.0854 0.1407 0.0219 0.0340 0.6714
188 0.0146 0.2925 0.1470 0.4822 0.0082 0.0558
189 0.0685 0.1890 0.4678 0.1951 0.0220 0.0576
190 0.0602 0.1422 0.3867 0.1538 0.1295 0.1276
191 0.0554 0.2106 0.2461 0.2009 0.1425 0.1447
192 0.0322 0.0714 0.3738 0.2452 0.0284 0.2490
193 0.0235 0.0468 0.5796 0.0640 0.0660 0.2200
194 0.0828 0.0416 0.1149 0.0534 0.0909 0.6162
195 0.0463 0.0758 0.2029 0.0872 0.0189 0.5688
196 0.0261 0.0158 0.0473 0.0249 0.0075 0.8784
197 0.0657 0.1050 0.2517 0.1423 0.0857 0.3496
198 0.0776 0.0361 0.2842 0.2014 0.0416 0.3591
199 0.0376 0.0312 0.3005 0.1355 0.0298 0.4656
200 0.0371 0.0291 0.0374 0.1304 0.0271 0.7388
201 0.0087 0.1060 0.0367 0.0258 0.7959 0.0270
202 0.0394 0.0681 0.0416 0.0620 0.7202 0.0691
203 0.0334 0.2302 0.1122 0.2096 0.3511 0.0634
204 0.0409 0.2042 0.1182 0.2388 0.3640 0.0339
205 0.0888 0.2340 0.1293 0.2452 0.1608 0.1420
206 0.0847 0.6929 0.1559 0.0258 0.0166 0.0239
207 0.0517 0.1473 0.1148 0.2046 0.0057 0.4758
208 0.0295 0.3506 0.1373 0.1212 0.0052 0.3562
209 0.0357 0.2330 0.0504 0.0338 0.0036 0.6436
210 0.0652 0.0905 0.0205 0.0470 0.0071 0.7695
211 0.1630 0.0723 0.0980 0.0432 0.0505 0.5732
212 0.0644 0.2507 0.1030 0.0560 0.0031 0.5229
213 0.1423 0.4890 0.0912 0.1348 0.0150 0.1276
214 0.1802 0.1530 0.1288 0.0734 0.0524 0.4124
215 0.0433 0.6021 0.1223 0.0605 0.0020 0.1698
216 0.2288 0.2435 0.0931 0.1313 0.0539 0.2493
217 0.0706 0.1979 0.0920 0.2208 0.0061 0.4126
218 0.0558 0.4219 0.1267 0.2294 0.0037 0.1626
219 0.3430 0.2529 0.0697 0.0771 0.0874 0.1698
220 0.0696 0.1407 0.1204 0.1429 0.0034 0.5229
221 0.0739 0.4897 0.1277 0.1298 0.0017 0.1774
222 0.0943 0.2998 0.1818 0.2228 0.0048 0.1965
223 0.0925 0.4480 0.1000 0.1284 0.0022 0.2289
224 0.0551 0.5928 0.1185 0.1262 0.0011 0.1063
225 0.0716 0.5376 0.1277 0.1317 0.0039 0.1277
226 0.0582 0.5112 0.1420 0.1511 0.0023 0.1354
227 0.0399 0.6807 0.1044 0.1044 0.0020 0.0685
228 0.0357 0.6582 0.0837 0.1359 0.0013 0.0850
229 0.0312 0.7988 0.0816 0.0519 0.0014 0.0348
230 0.0290 0.6294 0.2837 0.0309 0.0010 0.0260
231 0.1136 0.1553 0.1349 0.1288 0.0181 0.4492
