time exciting_prob fearful_prob tense_prob sad_prob relaxing_prob neutral_prob
0 0.1136 0.1553 0.1349 0.1288 0.0181 0.4492
1 0.0568 0.0833 0.5830 0.0670 0.2079 0.0021
2 0.1571 0.2377 0.4915 0.0601 0.0494 0.0044
3 0.1675 0.1326 0.5669 0.0298 0.0904 0.0130
4 0.1025 0.1153 0.4971 0.0739 0.1829 0.0285
5 0.0464 0.0620 0.0670 0.3049 0.5107 0.0092
6 0.0371 0.0883 0.0743 0.2939 0.5000 0.0063
7 0.0456 0.1051 0.0844 0.1844 0.5771 0.0035
8 0.0392 0.0786 0.7285 0.0445 0.0971 0.0119
9 0.1047 0.0645 0.4995 0.0353 0.2612 0.0348
10 0.0584 0.1034 0.6284 0.0448 0.1296 0.0354
11 0.0961 0.6362 0.1713 0.0163 0.0790 0.0008
12 0.1282 0.3220 0.2671 0.0634 0.2180 0.0012
13 0.0875 0.1313 0.5039 0.1388 0.1141 0.0245
14 0.1862 0.0951 0.5601 0.0568 0.0753 0.0264
15 0.0570 0.0955 0.4771 0.2020 0.1478 0.0206
16 0.1165 0.0958 0.4294 0.0643 0.2585 0.0355
17 0.0876 0.0651 0.6523 0.0544 0.1188 0.0215
18 0.4788 0.2059 0.1567 0.0497 0.1085 0.0003
19 0.4084 0.1945 0.2637 0.0677 0.0651 0.0004
20 0.1218 0.0678 0.4856 0.0383 0.2559 0.0306
21 0.1537 0.0829 0.4773 0.0386 0.2325 0.0150
22 0.0623 0.0580 0.5508 0.0266 0.2856 0.0169
23 0.0423 0.0620 0.7793 0.0400 0.0640 0.0127
24 0.0437 0.1117 0.8125 0.0062 0.0203 0.0053
25 0.0424 0.0317 0.0192 0.1715 0.7334 0.0018
26 0.2930 0.2754 0.1069 0.2212 0.0339 0.0696
27 0.1366 0.3328 0.1866 0.2869 0.0454 0.0117
28 0.0602 0.0631 0.1492 0.5044 0.0255 0.1975
29 0.0745 0.1759 0.2057 0.4492 0.0381 0.0567
30 0.0493 0.0670 0.0464 0.2062 0.6157 0.0157
31 0.1562 0.1143 0.1025 0.5669 0.0118 0.0480
32 0.0645 0.1782 0.0666 0.6221 0.0420 0.0269
33 0.0577 0.1644 0.2754 0.2932 0.1148 0.0944
34 0.0349 0.0687 0.0191 0.1016 0.7744 0.0012
35 0.0244 0.1199 0.1144 0.3210 0.4121 0.0083
36 0.1107 0.3203 0.2236 0.3010 0.0213 0.0229
37 0.0208 0.0262 0.0247 0.8555 0.0099 0.0629
38 0.0775 0.0623 0.0360 0.6592 0.0604 0.1043
39 0.1328 0.2090 0.1628 0.0689 0.4158 0.0107
40 0.1355 0.3950 0.2551 0.1123 0.0917 0.0104
41 0.1449 0.1616 0.1616 0.4460 0.0459 0.0399
42 0.0135 0.1105 0.0302 0.8042 0.0284 0.0130
43 0.0648 0.1155 0.4429 0.3240 0.0367 0.0159
44 0.1791 0.1439 0.1310 0.3792 0.0958 0.0712
45 0.1947 0.2122 0.3813 0.1042 0.0964 0.0112
46 0.1974 0.2006 0.4180 0.1663 0.0105 0.0074
47 0.0772 0.1293 0.2234 0.3354 0.2166 0.0182
48 0.1536 0.1089 0.2869 0.2133 0.2269 0.0104
49 0.0626 0.2117 0.2150 0.4919 0.0095 0.0093
50 0.1044 0.3789 0.4097 0.0623 0.0170 0.0279
51 0.1337 0.0919 0.2007 0.4592 0.0876 0.0269
52 0.0183 0.0101 0.0287 0.9077 0.0119 0.0234
53 0.1339 0.3472 0.2791 0.2041 0.0316 0.0042
54 0.0822 0.1031 0.5840 0.1809 0.0362 0.0138
55 0.0952 0.1261 0.0707 0.5063 0.0654 0.1364
56 0.0504 0.4221 0.3040 0.1653 0.0338 0.0242
57 0.1416 0.1630 0.4944 0.1373 0.0370 0.0268
58 0.1450 0.0428 0.1920 0.5474 0.0339 0.0390
59 0.1190 0.1276 0.0744 0.4453 0.2170 0.0166
60 0.0522 0.2734 0.5107 0.0790 0.0808 0.0036
61 0.0895 0.0916 0.4106 0.2268 0.1766 0.0048
62 0.0850 0.2349 0.1447 0.4526 0.0684 0.0144
63 0.1000 0.2343 0.2825 0.1334 0.2455 0.0044
64 0.0898 0.3040 0.4287 0.0878 0.0787 0.0110
65 0.2776 0.1509 0.2319 0.2230 0.0952 0.0216
66 0.1038 0.2910 0.4038 0.1157 0.0808 0.0049
67 0.0333 0.1826 0.5625 0.1074 0.0593 0.0548
68 0.1300 0.1708 0.0690 0.3645 0.2076 0.0581
69 0.1597 0.2251 0.3174 0.2148 0.0510 0.0319
70 0.1138 0.2976 0.2111 0.2014 0.1682 0.0078
71 0.1587 0.0856 0.4180 0.0330 0.1625 0.1422
72 0.1879 0.0730 0.5029 0.2230 0.0049 0.0085
73 0.1488 0.1660 0.3982 0.0790 0.1686 0.0394
74 0.1980 0.1578 0.4358 0.0281 0.1437 0.0366
75 0.2064 0.3403 0.3003 0.1261 0.0233 0.0036
76 0.1519 0.1011 0.3643 0.1592 0.2209 0.0028
77 0.2104 0.1092 0.4219 0.0459 0.2024 0.0104
78 0.3186 0.0775 0.3040 0.0153 0.2725 0.0120
79 0.1188 0.0992 0.5283 0.0110 0.2307 0.0121
80 0.2399 0.1377 0.2343 0.2201 0.1273 0.0407
81 0.2266 0.2338 0.3621 0.0577 0.1096 0.0102
82 0.2524 0.0690 0.2686 0.3093 0.0981 0.0027
83 0.2979 0.1204 0.4170 0.0223 0.1232 0.0192
84 0.0813 0.1996 0.5913 0.0381 0.0541 0.0355
85 0.3228 0.2437 0.2118 0.0903 0.1082 0.0232
86 0.4741 0.1436 0.2137 0.1042 0.0584 0.0059
87 0.1531 0.0981 0.4001 0.0638 0.1763 0.1086
88 0.0945 0.0874 0.4138 0.0736 0.2715 0.0591
89 0.1619 0.1364 0.0718 0.3945 0.1777 0.0577
90 0.1627 0.1371 0.1136 0.4092 0.1371 0.0402
91 0.1367 0.1133 0.0897 0.4849 0.0925 0.0829
92 0.0972 0.1858 0.6533 0.0059 0.0508 0.0069
93 0.1780 0.0967 0.4763 0.0578 0.1808 0.0105
94 0.3635 0.0694 0.2137 0.2460 0.0934 0.0140
95 0.0309 0.1243 0.3325 0.3174 0.1866 0.0081
96 0.0378 0.0542 0.1202 0.2466 0.5303 0.0109
97 0.1685 0.2778 0.0560 0.1088 0.3796 0.0094
98 0.1770 0.0584 0.0622 0.5122 0.1613 0.0289
99 0.2220 0.2169 0.3494 0.0310 0.1357 0.0451
100 0.0850 0.2404 0.1871 0.1704 0.3135 0.0036
101 0.0668 0.1119 0.4978 0.2971 0.0229 0.0033
102 0.0872 0.0928 0.4709 0.0323 0.2225 0.0942
103 0.0580 0.1978 0.5376 0.0346 0.1577 0.0144
104 0.0578 0.0703 0.0219 0.4993 0.0182 0.3325
105 0.0254 0.0945 0.1608 0.5977 0.0847 0.0370
106 0.0547 0.1115 0.6025 0.1726 0.0312 0.0273
107 0.1013 0.1300 0.3374 0.3374 0.0795 0.0145
108 0.1672 0.2913 0.3352 0.1464 0.0510 0.0090
109 0.0826 0.3118 0.1342 0.3645 0.0839 0.0229
110 0.0916 0.3857 0.1420 0.3005 0.0502 0.0300
111 0.0408 0.1902 0.1552 0.5415 0.0688 0.0032
112 0.2864 0.2690 0.3245 0.0795 0.0319 0.0084
113 0.4177 0.0855 0.2495 0.2052 0.0278 0.0143
114 0.0502 0.1670 0.5830 0.1322 0.0027 0.0649
115 0.0795 0.0944 0.0546 0.6152 0.0770 0.0795
116 0.0095 0.7446 0.1512 0.0917 0.0018 0.0010
117 0.0096 0.8486 0.0526 0.0867 0.0007 0.0016
118 0.1921 0.1037 0.4331 0.2429 0.0076 0.0204
119 0.1655 0.2094 0.4036 0.1555 0.0097 0.0563
120 0.2354 0.2372 0.1279 0.3242 0.0449 0.0304
121 0.2778 0.1583 0.4304 0.0895 0.0060 0.0379
122 0.0410 0.1766 0.5615 0.1941 0.0034 0.0234
123 0.1758 0.1144 0.3691 0.1758 0.1588 0.0061
124 0.0647 0.3391 0.3445 0.1705 0.0103 0.0710
125 0.0807 0.3762 0.1862 0.3022 0.0058 0.0490
126 0.0695 0.3933 0.2661 0.2386 0.0049 0.0274
127 0.1803 0.1860 0.0729 0.4863 0.0618 0.0125
128 0.1407 0.0841 0.1376 0.5229 0.0916 0.0228
129 0.1858 0.3162 0.1639 0.2207 0.0618 0.0516
130 0.0920 0.0831 0.2947 0.3391 0.1692 0.0217
131 0.0626 0.2761 0.3547 0.2637 0.0310 0.0119
132 0.0433 0.5889 0.0954 0.2455 0.0216 0.0051
133 0.0637 0.3811 0.1370 0.3364 0.0762 0.0056
134 0.1514 0.3083 0.1743 0.1599 0.1198 0.0863
135 0.1117 0.2808 0.1074 0.1930 0.2328 0.0744
136 0.0318 0.6196 0.1542 0.1591 0.0222 0.0131
137 0.0423 0.1609 0.0881 0.3459 0.1465 0.2164
138 0.0912 0.0710 0.5166 0.2257 0.0830 0.0123
139 0.0814 0.3401 0.2776 0.1820 0.1175 0.0017
140 0.1318 0.6050 0.0717 0.0988 0.0832 0.0095
141 0.0628 0.0806 0.0717 0.4192 0.0339 0.3318
142 0.0263 0.1152 0.1575 0.6426 0.0046 0.0536
143 0.0850 0.0593 0.0699 0.6274 0.0327 0.1255
144 0.1801 0.2073 0.1307 0.3499 0.1154 0.0169
145 0.0352 0.0274 0.0728 0.4900 0.3699 0.0047
146 0.0473 0.0418 0.0884 0.5679 0.2480 0.0065
147 0.0795 0.0569 0.1354 0.5522 0.1685 0.0077
148 0.1798 0.1663 0.5669 0.0557 0.0199 0.0115
149 0.3789 0.1259 0.1748 0.0460 0.2729 0.0016
150 0.2622 0.1948 0.1934 0.0851 0.2622 0.0023
151 0.1208 0.0986 0.5332 0.2328 0.0077 0.0071
152 0.1069 0.1103 0.1580 0.3560 0.2263 0.0425
153 0.2301 0.1968 0.2527 0.1061 0.2079 0.0065
154 0.1138 0.1555 0.3093 0.1555 0.2605 0.0055
155 0.1066 0.1504 0.1758 0.2898 0.2639 0.0133
156 0.2358 0.0822 0.5356 0.0123 0.1223 0.0118
157 0.0280 0.2434 0.4014 0.2632 0.0630 0.0011
158 0.1035 0.0892 0.2949 0.0109 0.4939 0.0077
159 0.1461 0.2839 0.5063 0.0065 0.0542 0.0029
160 0.0440 0.2343 0.3354 0.1768 0.1853 0.0243
161 0.1075 0.2040 0.5376 0.1381 0.0107 0.0024
162 0.4019 0.1942 0.1206 0.1304 0.0932 0.0597
163 0.3091 0.2427 0.1268 0.0752 0.2389 0.0072
164 0.2659 0.3308 0.1327 0.0986 0.1492 0.0229
165 0.2188 0.1246 0.6377 0.0037 0.0139 0.0013
166 0.0614 0.2355 0.3425 0.2281 0.1202 0.0122
167 0.2595 0.2477 0.1689 0.3132 0.0085 0.0021
168 0.0997 0.0847 0.0730 0.2411 0.4949 0.0067
169 0.0603 0.1199 0.2104 0.4185 0.0244 0.1665
170 0.0792 0.0536 0.8130 0.0405 0.0131 0.0008
171 0.0163 0.1327 0.5762 0.2023 0.0035 0.0688
172 0.0815 0.1621 0.2510 0.3596 0.0475 0.0983
173 0.0712 0.1542 0.4900 0.2502 0.0323 0.0022
174 0.0556 0.1178 0.0977 0.5889 0.0440 0.0961
175 0.0566 0.1757 0.1870 0.4556 0.0251 0.1001
176 0.0807 0.1805 0.3372 0.2467 0.0696 0.0853
177 0.2083 0.1726 0.2341 0.2717 0.0784 0.0348
178 0.1360 0.2074 0.3696 0.2242 0.0366 0.0262
179 0.1136 0.3667 0.2900 0.1873 0.0246 0.0177
180 0.0632 0.0942 0.7412 0.0181 0.0763 0.0070
181 0.1514 0.1294 0.6421 0.0388 0.0368 0.0015
182 0.0388 0.0945 0.0353 0.5977 0.1880 0.0457
183 0.1610 0.2961 0.1235 0.1687 0.2100 0.0407
184 0.1451 0.1644 0.1923 0.3943 0.0649 0.0391
185 0.0824 0.2365 0.0762 0.3232 0.2639 0.0178
186 0.0440 0.1097 0.3770 0.4407 0.0156 0.0133
187 0.0506 0.1971 0.4512 0.2571 0.0063 0.0376
188 0.0939 0.0939 0.5576 0.2324 0.0051 0.0168
189 0.0566 0.2347 0.6284 0.0728 0.0014 0.0062
190 0.0368 0.1755 0.4624 0.2761 0.0113 0.0380
191 0.0555 0.1938 0.3977 0.2450 0.0880 0.0200
192 0.0126 0.0427 0.0566 0.8062 0.0210 0.0612
193 0.0727 0.1180 0.7002 0.0891 0.0029 0.0170
194 0.0627 0.2791 0.6001 0.0489 0.0012 0.0082
195 0.0244 0.1370 0.5503 0.2367 0.0066 0.0452
196 0.0148 0.1152 0.6035 0.1959 0.0059 0.0646
197 0.0116 0.0599 0.7300 0.1371 0.0025 0.0590
198 0.0316 0.1906 0.4944 0.2729 0.0020 0.0084
199 0.0748 0.1836 0.5068 0.2146 0.0058 0.0143
200 0.0764 0.1028 0.3167 0.4194 0.0347 0.0501
201 0.0634 0.1223 0.3171 0.4136 0.0450 0.0385
202 0.1775 0.4031 0.3044 0.1011 0.0113 0.0026
203 0.0869 0.2595 0.5083 0.1032 0.0291 0.0130
204 0.0828 0.4407 0.3950 0.0400 0.0332 0.0084
205 0.0897 0.0792 0.2722 0.2988 0.0817 0.1785
206 0.1265 0.1854 0.3357 0.2380 0.0565 0.0579
207 0.0746 0.3560 0.4500 0.0486 0.0572 0.0135
208 0.1021 0.3562 0.3293 0.0944 0.1112 0.0070
209 0.1037 0.5264 0.1792 0.0894 0.0944 0.0068
210 0.1100 0.3184 0.3901 0.0971 0.0647 0.0194
211 0.0837 0.2620 0.3418 0.2703 0.0182 0.0238
212 0.0423 0.0392 0.5664 0.3081 0.0092 0.0348
213 0.1903 0.0851 0.5596 0.1110 0.0512 0.0029
214 0.2175 0.1655 0.5303 0.0442 0.0347 0.0079
215 0.2135 0.2119 0.3577 0.1870 0.0253 0.0047
216 0.1444 0.0354 0.0515 0.5122 0.2236 0.0330
217 0.0230 0.0133 0.0237 0.9175 0.0081 0.0144
218 0.1644 0.4199 0.2145 0.1451 0.0244 0.0316
219 0.1223 0.3074 0.5146 0.0419 0.0102 0.0036
220 0.1182 0.5215 0.3066 0.0331 0.0195 0.0008
221 0.1169 0.0785 0.6621 0.1315 0.0078 0.0031
222 0.0532 0.5459 0.3635 0.0318 0.0037 0.0022
223 0.0901 0.2954 0.0981 0.1921 0.1848 0.1395
224 0.0806 0.2859 0.5776 0.0409 0.0112 0.0040
225 0.1207 0.2439 0.6035 0.0227 0.0082 0.0010
226 0.1738 0.1938 0.4990 0.0426 0.0814 0.0094
227 0.2122 0.4353 0.1553 0.1163 0.0793 0.0017
228 0.1542 0.0674 0.3584 0.3699 0.0349 0.0151
229 0.3154 0.1649 0.4346 0.0579 0.0236 0.0038
230 0.1827 0.3232 0.4351 0.0269 0.0253 0.0067
231 0.1892 0.0853 0.1682 0.2930 0.2429 0.0214
232 0.4587 0.1024 0.1124 0.1455 0.1769 0.0041
233 0.1284 0.3057 0.5410 0.0085 0.0160 0.0005
234 0.2671 0.1633 0.4839 0.0088 0.0742 0.0027
235 0.1406 0.1968 0.3674 0.2546 0.0381 0.0024
236 0.2318 0.1619 0.4871 0.0062 0.1121 0.0009
237 0.3406 0.1726 0.1956 0.1794 0.0514 0.0606
238 0.3616 0.2544 0.2076 0.0958 0.0740 0.0067
239 0.3096 0.0629 0.4758 0.0591 0.0789 0.0137
240 0.2769 0.0988 0.2522 0.0133 0.3557 0.0033
241 0.2174 0.0529 0.6753 0.0384 0.0120 0.0042
242 0.3232 0.1599 0.4666 0.0182 0.0285 0.0037
243 0.3679 0.1476 0.2844 0.1464 0.0479 0.0058
244 0.3455 0.1096 0.2412 0.0147 0.2798 0.0091
245 0.3606 0.0756 0.3284 0.0158 0.2136 0.0060
246 0.2034 0.1477 0.5703 0.0249 0.0518 0.0018
247 0.2622 0.1093 0.5591 0.0135 0.0537 0.0023
248 0.2212 0.2668 0.3535 0.1353 0.0172 0.0060
249 0.1343 0.1232 0.4988 0.0759 0.1343 0.0334
250 0.1692 0.1092 0.4597 0.0181 0.2330 0.0106
251 0.2974 0.1920 0.2625 0.2334 0.0137 0.0011
252 0.2498 0.1562 0.4927 0.0232 0.0768 0.0012
253 0.0306 0.0873 0.5688 0.3044 0.0080 0.0006
254 0.1257 0.3064 0.3064 0.1541 0.0987 0.0088
255 0.1639 0.2725 0.4155 0.1145 0.0320 0.0015
256 0.2207 0.1019 0.4529 0.0107 0.2090 0.0049
257 0.1112 0.1383 0.5825 0.0060 0.1567 0.0052
258 0.0470 0.1746 0.1978 0.5459 0.0301 0.0046
259 0.2410 0.1130 0.4646 0.1384 0.0422 0.0009
260 0.3940 0.1876 0.3477 0.0559 0.0144 0.0004
261 0.0220 0.1802 0.0643 0.1494 0.5381 0.0463
262 0.0296 0.1160 0.0531 0.1466 0.5981 0.0565
263 0.0500 0.1257 0.0812 0.2350 0.4746 0.0333
264 0.2627 0.0429 0.0295 0.2391 0.0062 0.4197
265 0.3359 0.0492 0.2874 0.2617 0.0143 0.0515
266 0.5376 0.0920 0.2137 0.0920 0.0274 0.0374
