time exciting_prob fearful_prob tense_prob sad_prob relaxing_prob neutral_prob
0 0.1136 0.1553 0.1349 0.1288 0.0181 0.4492
1 0.0723 0.0757 0.4360 0.3730 0.0138 0.0292
2 0.0870 0.0496 0.4556 0.3494 0.0127 0.0458
3 0.1004 0.0446 0.3909 0.4431 0.0130 0.0081
4 0.1235 0.0671 0.3357 0.4519 0.0089 0.0128
5 0.1689 0.1143 0.3989 0.2964 0.0045 0.0170
6 0.3206 0.2238 0.2496 0.1798 0.0127 0.0138
7 0.3782 0.3552 0.1992 0.0528 0.0092 0.0053
8 0.2494 0.5620 0.1586 0.0186 0.0101 0.0012
9 0.2308 0.3308 0.2037 0.1049 0.1116 0.0181
10 0.1499 0.1387 0.2715 0.3542 0.0552 0.0305
11 0.1571 0.1263 0.2983 0.3276 0.0454 0.0454
12 0.1379 0.2170 0.3062 0.2966 0.0245 0.0178
13 0.1342 0.2507 0.3374 0.2212 0.0229 0.0337
14 0.1437 0.0418 0.5254 0.2368 0.0224 0.0301
15 0.2739 0.0631 0.4312 0.1422 0.0476 0.0420
16 0.2362 0.0698 0.5000 0.1411 0.0189 0.0338
17 0.2817 0.4102 0.2095 0.0624 0.0271 0.0091
18 0.3577 0.2537 0.1434 0.1434 0.0503 0.0515
19 0.4021 0.3960 0.1246 0.0455 0.0276 0.0041
20 0.4534 0.3938 0.0886 0.0228 0.0381 0.0035
21 0.1986 0.6411 0.0861 0.0596 0.0126 0.0022
22 0.4768 0.3225 0.0527 0.1187 0.0271 0.0022
23 0.2241 0.6187 0.0716 0.0762 0.0086 0.0009
24 0.4641 0.1847 0.0981 0.2158 0.0121 0.0252
25 0.3755 0.2622 0.0541 0.2581 0.0399 0.0102
26 0.2627 0.0358 0.1892 0.1311 0.0275 0.3535
27 0.1669 0.0195 0.2666 0.0908 0.0233 0.4329
28 0.0624 0.1013 0.1750 0.6011 0.0350 0.0250
29 0.1984 0.2178 0.4133 0.1321 0.0216 0.0168
30 0.1350 0.4224 0.3906 0.0336 0.0161 0.0021
31 0.1089 0.7446 0.0829 0.0503 0.0125 0.0009
32 0.1074 0.0727 0.6377 0.1587 0.0040 0.0196
33 0.1776 0.1279 0.2708 0.3423 0.0525 0.0290
34 0.1064 0.4844 0.2717 0.1000 0.0218 0.0156
35 0.1218 0.3994 0.2620 0.1829 0.0164 0.0178
36 0.1125 0.0792 0.1337 0.0616 0.0142 0.5986
37 0.0916 0.1232 0.6162 0.0058 0.1105 0.0526
38 0.2292 0.1962 0.1962 0.1033 0.1758 0.0994
39 0.2006 0.3574 0.1467 0.2615 0.0191 0.0148
40 0.1265 0.1016 0.0303 0.2085 0.5083 0.0249
41 0.1189 0.0496 0.2119 0.5669 0.0234 0.0291
42 0.1084 0.0369 0.2561 0.4563 0.0115 0.1307
43 0.1824 0.1055 0.3984 0.2915 0.0079 0.0144
44 0.2469 0.0923 0.3823 0.2469 0.0201 0.0115
45 0.0878 0.1182 0.7241 0.0060 0.0074 0.0563
46 0.0766 0.2002 0.6880 0.0062 0.0042 0.0249
47 0.1951 0.2666 0.2013 0.2585 0.0572 0.0214
48 0.1056 0.1853 0.3516 0.2869 0.0611 0.0094
49 0.2251 0.3276 0.2050 0.1896 0.0404 0.0123
50 0.1730 0.2598 0.5166 0.0368 0.0088 0.0052
51 0.0835 0.4307 0.4109 0.0681 0.0035 0.0033
52 0.2583 0.3164 0.3816 0.0115 0.0043 0.0279
53 0.2444 0.2949 0.4094 0.0170 0.0036 0.0308
54 0.3369 0.1383 0.3423 0.0958 0.0375 0.0493
55 0.5693 0.1569 0.1848 0.0475 0.0376 0.0038
56 0.1566 0.0500 0.4324 0.0279 0.0016 0.3315
57 0.3420 0.2261 0.2296 0.0331 0.0027 0.1666
58 0.2759 0.2473 0.3599 0.0969 0.0182 0.0021
59 0.1964 0.2261 0.5015 0.0384 0.0363 0.0015
60 0.1405 0.0852 0.3879 0.3318 0.0297 0.0250
61 0.1589 0.0191 0.7349 0.0717 0.0055 0.0098
62 0.1884 0.0317 0.5713 0.1798 0.0109 0.0179
63 0.0989 0.0546 0.6553 0.1631 0.0042 0.0239
64 0.1414 0.2832 0.0431 0.2137 0.2922 0.0264
65 0.2413 0.3098 0.0547 0.1242 0.2590 0.0109
66 0.2039 0.0144 0.2498 0.1199 0.0652 0.3469
67 0.0998 0.1113 0.3074 0.4333 0.0248 0.0233
68 0.0541 0.2542 0.3162 0.3064 0.0060 0.0632
69 0.1857 0.3362 0.4524 0.0048 0.0052 0.0158
70 0.1092 0.1025 0.2620 0.4387 0.0139 0.0739
71 0.3088 0.0793 0.4783 0.0033 0.0318 0.0987
72 0.2815 0.1965 0.1393 0.1173 0.1965 0.0690
73 0.3928 0.2458 0.1161 0.2169 0.0196 0.0086
74 0.3535 0.2283 0.1373 0.1417 0.1261 0.0131
75 0.2517 0.1576 0.5498 0.0100 0.0056 0.0251
76 0.3950 0.1523 0.0772 0.1794 0.1896 0.0062
77 0.2211 0.2245 0.2708 0.1061 0.1520 0.0256
78 0.3831 0.0671 0.0635 0.0656 0.1635 0.2573
79 0.2991 0.0812 0.0941 0.2578 0.1307 0.1370
80 0.2952 0.1891 0.2883 0.0764 0.1193 0.0319
81 0.3821 0.3120 0.2246 0.0258 0.0509 0.0045
82 0.3105 0.4180 0.0897 0.1284 0.0488 0.0045
83 0.1433 0.0544 0.2942 0.0465 0.0129 0.4485
84 0.1809 0.1794 0.4141 0.0267 0.0263 0.1726
85 0.3701 0.0384 0.1495 0.3643 0.0493 0.0283
86 0.6685 0.0710 0.1317 0.0716 0.0341 0.0231
87 0.2404 0.2876 0.1626 0.0039 0.0289 0.2766
88 0.2059 0.3369 0.3699 0.0046 0.0463 0.0363
89 0.2188 0.1730 0.2639 0.3037 0.0285 0.0122
90 0.2062 0.0873 0.2300 0.2732 0.1683 0.0350
91 0.5581 0.2438 0.1134 0.0536 0.0259 0.0053
92 0.2112 0.5566 0.1835 0.0385 0.0089 0.0016
93 0.5107 0.1213 0.0753 0.2375 0.0436 0.0116
94 0.5098 0.0936 0.1004 0.1555 0.0533 0.0872
95 0.3896 0.0515 0.0607 0.2169 0.0710 0.2102
96 0.1655 0.0806 0.3291 0.3140 0.1036 0.0071
97 0.1097 0.0895 0.5752 0.1597 0.0543 0.0117
98 0.3760 0.2544 0.3118 0.0288 0.0264 0.0026
99 0.2974 0.1630 0.0108 0.0845 0.4326 0.0118
100 0.1033 0.0897 0.4556 0.3083 0.0274 0.0158
101 0.6514 0.1753 0.1063 0.0211 0.0426 0.0032
102 0.2146 0.3350 0.0665 0.1440 0.2321 0.0078
103 0.2188 0.3579 0.1930 0.0589 0.1626 0.0089
104 0.2690 0.4722 0.2063 0.0309 0.0192 0.0025
105 0.1411 0.0626 0.3279 0.1143 0.0779 0.2761
106 0.1106 0.1686 0.3711 0.0578 0.0703 0.2216
107 0.1770 0.0646 0.2783 0.4114 0.0320 0.0365
108 0.1266 0.0651 0.3181 0.4150 0.0411 0.0341
109 0.1238 0.0928 0.3845 0.2812 0.0567 0.0609
110 0.0438 0.4456 0.4668 0.0034 0.0028 0.0377
111 0.1439 0.0167 0.6353 0.1848 0.0081 0.0113
112 0.4331 0.1104 0.0505 0.2178 0.1763 0.0121
113 0.4746 0.1801 0.0349 0.1403 0.1639 0.0062
114 0.2289 0.2167 0.4111 0.0305 0.0253 0.0875
115 0.1532 0.0746 0.3560 0.3560 0.0478 0.0123
116 0.0737 0.3926 0.2871 0.2068 0.0383 0.0014
117 0.1010 0.1277 0.5811 0.1516 0.0240 0.0148
118 0.2595 0.0404 0.3716 0.0317 0.1869 0.1099
119 0.0692 0.0556 0.0961 0.6567 0.1106 0.0117
120 0.1136 0.0497 0.0497 0.7070 0.0151 0.0648
121 0.1011 0.0299 0.2625 0.5820 0.0170 0.0073
122 0.2367 0.0434 0.2520 0.3840 0.0652 0.0187
123 0.2107 0.0628 0.3967 0.0734 0.2445 0.0118
124 0.0815 0.0587 0.6416 0.1080 0.0939 0.0164
125 0.1462 0.1175 0.4297 0.1462 0.0629 0.0974
126 0.1569 0.1148 0.1222 0.5391 0.0153 0.0517
127 0.0635 0.1063 0.5483 0.1672 0.0191 0.0953
128 0.2048 0.0286 0.5068 0.1725 0.0778 0.0096
129 0.1671 0.0406 0.6509 0.1204 0.0096 0.0115
130 0.2522 0.0729 0.5469 0.0684 0.0581 0.0016
131 0.1614 0.0392 0.3311 0.0786 0.0428 0.3469
132 0.0969 0.2717 0.3176 0.0588 0.1897 0.0651
133 0.1011 0.0449 0.1382 0.5552 0.1471 0.0133
134 0.1323 0.0200 0.3076 0.4993 0.0185 0.0223
135 0.1221 0.0449 0.4465 0.3533 0.0050 0.0281
136 0.2017 0.0486 0.4075 0.3174 0.0211 0.0039
137 0.5356 0.0461 0.2937 0.0191 0.0797 0.0258
138 0.1589 0.0878 0.5908 0.0524 0.0800 0.0301
139 0.1921 0.0202 0.0839 0.4399 0.2281 0.0356
140 0.4092 0.1830 0.0763 0.2042 0.1019 0.0254
141 0.2561 0.0276 0.1371 0.0599 0.1903 0.3289
142 0.2610 0.0591 0.2734 0.3457 0.0167 0.0439
143 0.1394 0.0341 0.3616 0.4294 0.0246 0.0109
144 0.1953 0.0446 0.2842 0.2284 0.1429 0.1046
145 0.1981 0.0252 0.3167 0.3879 0.0493 0.0229
146 0.1621 0.0953 0.6411 0.0300 0.0391 0.0322
147 0.0606 0.0255 0.7041 0.1781 0.0108 0.0209
148 0.2406 0.2010 0.3188 0.2242 0.0140 0.0012
149 0.0731 0.0417 0.6514 0.2183 0.0125 0.0031
150 0.2329 0.0428 0.4285 0.2258 0.0318 0.0383
151 0.2764 0.0421 0.3440 0.2439 0.0225 0.0710
152 0.0698 0.0273 0.4482 0.3438 0.0666 0.0444
153 0.3733 0.1749 0.4297 0.0031 0.0121 0.0071
154 0.1591 0.0580 0.6191 0.1360 0.0028 0.0248
155 0.3252 0.2253 0.2986 0.0216 0.0810 0.0483
156 0.2834 0.0689 0.1127 0.4189 0.0906 0.0255
157 0.3506 0.0929 0.1120 0.2905 0.1036 0.0505
158 0.2722 0.0421 0.4558 0.1785 0.0469 0.0044
159 0.2656 0.0597 0.3630 0.2871 0.0216 0.0030
160 0.1696 0.0546 0.2390 0.2930 0.1473 0.0966
161 0.0592 0.4995 0.3953 0.0036 0.0014 0.0410
162 0.0366 0.4595 0.4968 0.0012 0.0010 0.0048
163 0.0626 0.0395 0.1064 0.3491 0.4146 0.0278
164 0.0641 0.0365 0.0919 0.3467 0.4451 0.0156
165 0.2092 0.2262 0.4714 0.0054 0.0045 0.0832
166 0.5938 0.0810 0.2476 0.0451 0.0185 0.0140
167 0.1100 0.0647 0.1931 0.3608 0.2683 0.0030
168 0.0865 0.0260 0.1249 0.0865 0.6753 0.0008
169 0.0656 0.1525 0.5669 0.0380 0.0447 0.1326
170 0.0566 0.0632 0.2747 0.1144 0.1801 0.3110
171 0.0912 0.1050 0.6636 0.0098 0.0184 0.1118
172 0.1002 0.0608 0.0956 0.1481 0.5947 0.0008
173 0.1454 0.1015 0.1132 0.1548 0.4841 0.0011
174 0.1300 0.1472 0.1862 0.2883 0.2466 0.0016
175 0.1095 0.0240 0.0471 0.1147 0.7026 0.0018
176 0.1040 0.0749 0.1561 0.1008 0.5620 0.0020
177 0.0655 0.0587 0.1409 0.1633 0.5703 0.0015
178 0.0930 0.1251 0.1439 0.2908 0.3455 0.0017
179 0.2910 0.0364 0.2163 0.3738 0.0630 0.0193
180 0.3433 0.0400 0.1956 0.3655 0.0450 0.0106
181 0.0692 0.0888 0.1852 0.6362 0.0188 0.0019
182 0.0768 0.0473 0.3284 0.5083 0.0346 0.0046
183 0.5425 0.0858 0.1578 0.0763 0.0187 0.1191
184 0.0944 0.0490 0.1968 0.4297 0.0564 0.1737
185 0.2700 0.1337 0.1082 0.4053 0.0448 0.0380
186 0.3079 0.0714 0.3225 0.0401 0.0626 0.1957
187 0.2957 0.1079 0.2432 0.0676 0.0443 0.2413
188 0.1481 0.0956 0.2520 0.4707 0.0083 0.0253
189 0.0964 0.0533 0.1471 0.6592 0.0065 0.0378
190 0.2708 0.0623 0.3940 0.2045 0.0529 0.0154
191 0.2463 0.0604 0.4976 0.1219 0.0580 0.0159
192 0.0875 0.1273 0.5703 0.2003 0.0071 0.0073
193 0.1943 0.0993 0.3105 0.3689 0.0184 0.0085
194 0.0441 0.0716 0.1829 0.4250 0.2703 0.0061
195 0.1807 0.3765 0.3428 0.0795 0.0154 0.0053
196 0.5527 0.0815 0.0656 0.0841 0.1941 0.0218
197 0.1925 0.0697 0.3889 0.0436 0.1621 0.1431
198 0.3269 0.1486 0.1046 0.0264 0.3269 0.0665
199 0.2128 0.1353 0.3245 0.2488 0.0370 0.0419
200 0.1866 0.0464 0.1132 0.5234 0.0698 0.0606
201 0.2632 0.1865 0.1956 0.0543 0.2268 0.0737
202 0.3259 0.1171 0.3208 0.1100 0.0870 0.0392
203 0.4417 0.1337 0.1017 0.0451 0.0222 0.2556
204 0.0800 0.6094 0.1693 0.0303 0.0851 0.0258
205 0.0753 0.1166 0.4988 0.0923 0.0154 0.2015
206 0.1642 0.1803 0.5469 0.0088 0.0063 0.0936
207 0.1736 0.2194 0.5103 0.0068 0.0063 0.0839
208 0.2593 0.1304 0.1294 0.1572 0.2847 0.0391
209 0.3611 0.3843 0.0818 0.0892 0.0751 0.0084
210 0.4360 0.3069 0.0390 0.0242 0.1804 0.0135
211 0.1799 0.0318 0.5205 0.1539 0.0515 0.0622
212 0.3835 0.0869 0.3279 0.1478 0.0368 0.0170
213 0.2328 0.1479 0.2220 0.3083 0.0651 0.0238
214 0.5854 0.1931 0.1434 0.0492 0.0200 0.0087
215 0.2463 0.0663 0.3315 0.2834 0.0428 0.0294
216 0.2761 0.1478 0.2720 0.1000 0.0816 0.1226
217 0.2666 0.1803 0.1604 0.1164 0.2666 0.0099
218 0.3108 0.0328 0.3992 0.1799 0.0532 0.0242
219 0.1891 0.0865 0.4001 0.1543 0.1567 0.0133
220 0.1648 0.2983 0.2634 0.0107 0.2593 0.0033
221 0.1071 0.0670 0.2231 0.3457 0.0692 0.1880
222 0.1882 0.0465 0.2343 0.4377 0.0875 0.0057
223 0.0857 0.0320 0.1002 0.7061 0.0444 0.0315
224 0.2134 0.2739 0.3411 0.0611 0.1000 0.0105
225 0.2581 0.3315 0.1506 0.1201 0.0812 0.0585
226 0.2190 0.6802 0.0508 0.0290 0.0201 0.0011
227 0.2152 0.0849 0.2496 0.2419 0.1611 0.0473
228 0.4712 0.1591 0.1680 0.0116 0.1219 0.0684
229 0.4807 0.0731 0.2271 0.1897 0.0245 0.0049
230 0.1428 0.0853 0.2798 0.3765 0.0664 0.0494
231 0.1713 0.2454 0.2737 0.0479 0.2378 0.0237
232 0.2173 0.0212 0.1830 0.4822 0.0477 0.0485
233 0.3384 0.0925 0.1143 0.0671 0.3035 0.0842
234 0.0875 0.0861 0.4512 0.3625 0.0097 0.0032
235 0.1737 0.0518 0.4797 0.2649 0.0271 0.0027
236 0.3848 0.2793 0.0474 0.0294 0.2502 0.0088
237 0.0822 0.0565 0.0671 0.1023 0.1560 0.5361
238 0.1011 0.0435 0.0435 0.0964 0.0964 0.6191
239 0.1062 0.1013 0.1619 0.5479 0.0765 0.0063
240 0.5254 0.0845 0.1733 0.1654 0.0287 0.0227
241 0.7422 0.0894 0.0674 0.0712 0.0186 0.0110
242 0.1935 0.1554 0.4714 0.1580 0.0142 0.0076
243 0.2898 0.2137 0.3721 0.0511 0.0688 0.0043
244 0.1616 0.2244 0.4900 0.0409 0.0717 0.0115
245 0.0967 0.0610 0.3945 0.4265 0.0121 0.0091
246 0.1442 0.1105 0.4800 0.2339 0.0293 0.0022
247 0.1060 0.0501 0.4980 0.3167 0.0254 0.0040
248 0.0719 0.0423 0.2549 0.5566 0.0183 0.0560
249 0.1136 0.1553 0.1349 0.1288 0.0181 0.4492
