time exciting_prob fearful_prob tense_prob sad_prob relaxing_prob neutral_prob
0 0.3298 0.0302 0.3403 0.1738 0.1213 0.0047
1 0.7095 0.0144 0.1354 0.1038 0.0342 0.0029
2 0.8096 0.0245 0.0901 0.0475 0.0273 0.0008
3 0.7954 0.0262 0.1085 0.0435 0.0260 0.0007
4 0.7661 0.0321 0.1353 0.0419 0.0237 0.0008
5 0.7383 0.0243 0.1781 0.0382 0.0120 0.0089
6 0.7451 0.0190 0.1798 0.0346 0.0112 0.0104
7 0.1547 0.0731 0.6934 0.0560 0.0146 0.0082
8 0.1897 0.0495 0.5493 0.1810 0.0174 0.0132
9 0.1816 0.1934 0.5596 0.0525 0.0113 0.0017
10 0.3120 0.1061 0.4165 0.1005 0.0629 0.0020
11 0.1964 0.1747 0.4094 0.1964 0.0210 0.0020
12 0.8481 0.0486 0.0591 0.0032 0.0406 0.0002
13 0.1715 0.1074 0.4116 0.2345 0.0386 0.0365
14 0.1155 0.0914 0.4641 0.2903 0.0191 0.0196
15 0.1285 0.1434 0.4592 0.2346 0.0118 0.0225
16 0.2097 0.1558 0.2981 0.3123 0.0219 0.0023
17 0.1194 0.0801 0.7031 0.0833 0.0115 0.0024
18 0.2430 0.1353 0.5396 0.0718 0.0091 0.0014
19 0.1361 0.1720 0.4429 0.2369 0.0077 0.0044
20 0.1404 0.0396 0.4460 0.3018 0.0191 0.0533
21 0.3909 0.1077 0.4294 0.0403 0.0222 0.0095
22 0.1229 0.0818 0.6143 0.1530 0.0240 0.0040
23 0.2480 0.2223 0.3235 0.1759 0.0283 0.0020
24 0.1406 0.0776 0.1045 0.3401 0.3347 0.0025
25 0.2966 0.1527 0.3691 0.1550 0.0242 0.0025
26 0.9575 0.0152 0.0125 0.0106 0.0038 0.0001
27 0.5352 0.0295 0.3794 0.0422 0.0136 0.0003
28 0.0997 0.2354 0.5024 0.1450 0.0170 0.0006
29 0.1492 0.1588 0.4248 0.2458 0.0165 0.0049
30 0.3286 0.0884 0.2683 0.2520 0.0580 0.0047
31 0.2935 0.0334 0.2979 0.2844 0.0665 0.0245
32 0.2258 0.0180 0.4353 0.2441 0.0584 0.0182
33 0.0891 0.0421 0.1515 0.2170 0.4968 0.0034
34 0.0981 0.0319 0.1130 0.1805 0.5737 0.0029
35 0.1294 0.0348 0.1235 0.1107 0.5981 0.0034
36 0.2404 0.0512 0.3445 0.3286 0.0194 0.0160
37 0.3811 0.0161 0.4387 0.1237 0.0259 0.0143
38 0.0537 0.0865 0.3164 0.3701 0.1616 0.0116
39 0.2939 0.0282 0.5161 0.1099 0.0273 0.0247
40 0.3062 0.0424 0.5376 0.0739 0.0174 0.0227
41 0.3911 0.0471 0.1936 0.2061 0.1461 0.0161
42 0.1348 0.0320 0.3899 0.4023 0.0222 0.0187
43 0.0856 0.4888 0.3411 0.0069 0.0773 0.0003
44 0.1044 0.1776 0.5557 0.1519 0.0072 0.0032
45 0.1215 0.0889 0.6270 0.1421 0.0171 0.0036
46 0.0599 0.1790 0.3970 0.3240 0.0144 0.0258
47 0.0456 0.1805 0.5649 0.1982 0.0079 0.0031
48 0.0544 0.2051 0.5239 0.1989 0.0135 0.0043
49 0.0591 0.1633 0.4170 0.3352 0.0178 0.0076
50 0.0606 0.2068 0.5278 0.1825 0.0202 0.0020
51 0.0738 0.1057 0.6577 0.1357 0.0118 0.0156
52 0.0701 0.1331 0.5020 0.2817 0.0098 0.0031
53 0.0464 0.0464 0.4756 0.4006 0.0078 0.0233
54 0.3757 0.0262 0.4978 0.0706 0.0209 0.0090
55 0.2561 0.5210 0.1830 0.0058 0.0328 0.0011
56 0.4072 0.2197 0.2339 0.0087 0.1272 0.0032
57 0.4976 0.1654 0.1641 0.0048 0.1667 0.0013
58 0.0939 0.1973 0.5801 0.1098 0.0168 0.0022
59 0.1316 0.3411 0.4736 0.0080 0.0441 0.0016
60 0.2473 0.0457 0.2803 0.3542 0.0587 0.0138
61 0.2407 0.0746 0.3848 0.2371 0.0501 0.0129
62 0.2805 0.1016 0.1769 0.2961 0.1432 0.0018
63 0.1422 0.0540 0.3806 0.3989 0.0187 0.0054
64 0.1908 0.3098 0.1923 0.0042 0.3025 0.0005
65 0.3303 0.1324 0.1254 0.0034 0.4080 0.0003
66 0.1616 0.0517 0.2465 0.3215 0.2142 0.0044
67 0.4080 0.1796 0.2825 0.0047 0.1234 0.0019
68 0.1959 0.0310 0.2808 0.1226 0.3660 0.0038
69 0.2712 0.0244 0.3594 0.2842 0.0397 0.0212
70 0.0934 0.0190 0.1718 0.3259 0.3752 0.0145
71 0.2615 0.0210 0.1537 0.1235 0.4380 0.0023
72 0.3701 0.1936 0.2194 0.0131 0.2013 0.0026
73 0.4717 0.0770 0.0966 0.0206 0.3293 0.0050
74 0.2849 0.0947 0.2218 0.1477 0.2474 0.0036
75 0.2637 0.0398 0.0829 0.1974 0.4148 0.0016
76 0.4314 0.1180 0.1676 0.0667 0.2152 0.0010
77 0.1482 0.1136 0.0913 0.0554 0.5908 0.0006
78 0.6123 0.0835 0.0518 0.0116 0.2361 0.0048
79 0.5503 0.0949 0.1127 0.0020 0.2386 0.0013
80 0.3582 0.0445 0.1349 0.1541 0.3064 0.0021
81 0.3450 0.0638 0.1508 0.1735 0.2646 0.0024
82 0.3362 0.0371 0.0704 0.1025 0.4524 0.0015
83 0.0722 0.3965 0.4028 0.0176 0.1101 0.0009
84 0.1572 0.0616 0.3772 0.3772 0.0161 0.0107
85 0.1638 0.0948 0.4817 0.2072 0.0492 0.0034
86 0.2301 0.0718 0.2449 0.0221 0.4297 0.0014
87 0.1075 0.0405 0.1126 0.0428 0.6899 0.0068
88 0.3386 0.0738 0.1702 0.0019 0.4148 0.0008
89 0.3833 0.1421 0.1754 0.0666 0.2324 0.0002
90 0.2183 0.1443 0.1177 0.0038 0.5156 0.0006
91 0.2654 0.1388 0.1727 0.1488 0.2737 0.0006
92 0.1896 0.1115 0.0983 0.0340 0.5659 0.0007
93 0.3679 0.0639 0.0808 0.0295 0.4578 0.0002
94 0.1481 0.0227 0.0492 0.0032 0.7759 0.0011
95 0.1722 0.0356 0.1532 0.0198 0.6104 0.0087
96 0.2052 0.0245 0.0523 0.0105 0.7051 0.0024
97 0.1493 0.0466 0.0781 0.0076 0.7183 0.0003
98 0.1932 0.0399 0.4221 0.2520 0.0898 0.0029
99 0.3267 0.0813 0.2505 0.1669 0.1694 0.0054
100 0.2717 0.1064 0.2512 0.1926 0.1754 0.0025
101 0.5015 0.1482 0.0956 0.0073 0.2462 0.0014
102 0.1787 0.2925 0.2747 0.0033 0.2482 0.0027
103 0.3774 0.0631 0.2634 0.2362 0.0499 0.0098
104 0.3794 0.0753 0.1764 0.2607 0.1070 0.0014
105 0.5063 0.0690 0.2487 0.1384 0.0373 0.0003
106 0.2510 0.0112 0.1149 0.6021 0.0191 0.0015
107 0.2463 0.0435 0.3528 0.2925 0.0623 0.0024
108 0.2063 0.0952 0.4070 0.0264 0.2627 0.0023
109 0.0691 0.0190 0.1157 0.0846 0.7085 0.0031
110 0.1037 0.0331 0.2336 0.5435 0.0782 0.0079
111 0.1614 0.1917 0.4219 0.0331 0.1902 0.0017
112 0.1088 0.0547 0.1282 0.0359 0.6714 0.0012
113 0.5288 0.0994 0.0598 0.0057 0.3037 0.0026
114 0.2854 0.0532 0.2639 0.2153 0.1814 0.0010
115 0.1423 0.0558 0.1058 0.0167 0.6792 0.0003
116 0.3496 0.0355 0.0786 0.1504 0.3840 0.0017
117 0.2957 0.0300 0.0432 0.0801 0.5186 0.0324
118 0.3040 0.2600 0.2462 0.0118 0.1759 0.0020
119 0.0813 0.0281 0.2279 0.4395 0.2209 0.0023
120 0.1282 0.2375 0.3511 0.0526 0.2285 0.0020
121 0.3032 0.1854 0.1783 0.0241 0.3032 0.0055
122 0.3955 0.0132 0.3894 0.1598 0.0330 0.0093
123 0.1614 0.2207 0.1917 0.3872 0.0259 0.0130
124 0.1434 0.0154 0.1226 0.6328 0.0721 0.0139
125 0.1949 0.0318 0.1919 0.1472 0.4258 0.0083
126 0.1592 0.0179 0.2280 0.1920 0.3760 0.0268
127 0.1000 0.0191 0.7051 0.0616 0.1064 0.0076
128 0.3176 0.3572 0.2417 0.0060 0.0760 0.0014
129 0.2571 0.0189 0.1941 0.1106 0.4109 0.0083
130 0.1643 0.1721 0.1069 0.5220 0.0187 0.0158
131 0.1143 0.0371 0.7334 0.0651 0.0469 0.0031
132 0.0734 0.0481 0.5420 0.2600 0.0571 0.0191
133 0.0741 0.0707 0.6011 0.2046 0.0378 0.0116
134 0.3735 0.0252 0.3794 0.1658 0.0327 0.0233
135 0.1719 0.1565 0.1746 0.4819 0.0076 0.0074
136 0.1576 0.0678 0.5332 0.2329 0.0065 0.0020
137 0.2443 0.0589 0.1553 0.0091 0.5293 0.0031
138 0.2152 0.0904 0.2964 0.0206 0.3748 0.0028
139 0.1425 0.0323 0.3313 0.3210 0.1639 0.0091
140 0.3049 0.1272 0.0952 0.0031 0.4688 0.0008
141 0.0948 0.2700 0.5454 0.0836 0.0036 0.0025
142 0.2559 0.0678 0.0948 0.0044 0.5767 0.0004
143 0.2352 0.0313 0.3369 0.2666 0.1260 0.0038
144 0.1698 0.1807 0.3171 0.3123 0.0066 0.0135
145 0.5029 0.2064 0.1131 0.0041 0.1711 0.0024
146 0.3115 0.1068 0.1361 0.0260 0.4158 0.0040
147 0.1750 0.0409 0.3538 0.3481 0.0801 0.0020
148 0.1265 0.0511 0.3130 0.4700 0.0203 0.0190
149 0.1309 0.1085 0.0899 0.3237 0.0331 0.3140
150 0.1309 0.1085 0.0899 0.3237 0.0331 0.3140
151 0.0471 0.2048 0.4475 0.2395 0.0277 0.0334
152 0.0727 0.1445 0.1564 0.2700 0.3523 0.0039
153 0.0939 0.0862 0.1500 0.1989 0.4695 0.0014
154 0.1523 0.4014 0.1987 0.2251 0.0078 0.0147
155 0.1393 0.0668 0.2683 0.4358 0.0281 0.0618
156 0.1958 0.2325 0.3081 0.0737 0.1898 0.0002
157 0.2688 0.1175 0.1907 0.0930 0.3296 0.0005
158 0.0821 0.0426 0.4509 0.3796 0.0316 0.0132
159 0.0892 0.1298 0.3875 0.2462 0.1182 0.0292
160 0.4468 0.2111 0.2585 0.0534 0.0072 0.0229
161 0.1890 0.2043 0.1060 0.2427 0.0406 0.2175
162 0.1251 0.0915 0.1998 0.1104 0.4719 0.0012
163 0.1049 0.2052 0.3716 0.2939 0.0144 0.0098
164 0.1514 0.1587 0.2615 0.0354 0.3926 0.0004
165 0.1726 0.0404 0.3486 0.3542 0.0245 0.0597
166 0.4270 0.2935 0.1780 0.0219 0.0075 0.0719
167 0.4570 0.1508 0.1981 0.0604 0.0145 0.1192
168 0.3220 0.1311 0.3271 0.1984 0.0066 0.0146
169 0.0734 0.2025 0.1678 0.5254 0.0161 0.0148
170 0.0666 0.2805 0.2362 0.3833 0.0120 0.0215
171 0.2244 0.3396 0.2603 0.0341 0.1415 0.0002
172 0.0915 0.2195 0.3853 0.2649 0.0316 0.0073
173 0.0299 0.3340 0.4565 0.1680 0.0099 0.0015
174 0.1365 0.0847 0.6821 0.0692 0.0170 0.0104
175 0.0922 0.1805 0.4331 0.2505 0.0195 0.0242
176 0.0613 0.3286 0.5337 0.0594 0.0147 0.0025
177 0.3010 0.3547 0.1689 0.1562 0.0156 0.0033
178 0.0911 0.2439 0.3083 0.2988 0.0097 0.0480
179 0.2598 0.1083 0.4775 0.1412 0.0035 0.0098
180 0.0580 0.6899 0.2422 0.0075 0.0021 0.0003
181 0.1208 0.2222 0.2598 0.2764 0.0431 0.0779
182 0.1295 0.2698 0.2576 0.2783 0.0092 0.0557
183 0.0700 0.2406 0.6440 0.0254 0.0013 0.0188
184 0.1771 0.1638 0.5205 0.1208 0.0161 0.0015
185 0.1702 0.4553 0.3130 0.0451 0.0151 0.0015
186 0.2734 0.1022 0.3298 0.2610 0.0045 0.0291
187 0.2235 0.2573 0.4883 0.0228 0.0078 0.0003
188 0.1356 0.3333 0.4810 0.0213 0.0284 0.0004
189 0.2051 0.3572 0.3572 0.0760 0.0043 0.0005
190 0.1746 0.2581 0.4089 0.1528 0.0054 0.0004
191 0.0595 0.1129 0.7021 0.1044 0.0093 0.0117
192 0.1443 0.1023 0.4583 0.2269 0.0565 0.0117
193 0.1576 0.0792 0.2639 0.3135 0.1677 0.0181
194 0.2274 0.4385 0.2681 0.0085 0.0575 0.0003
195 0.1414 0.2295 0.5171 0.0793 0.0285 0.0042
196 0.1825 0.1160 0.2379 0.3516 0.0371 0.0749
197 0.3015 0.0775 0.5210 0.0466 0.0508 0.0026
198 0.2805 0.0955 0.5405 0.0141 0.0682 0.0010
199 0.1814 0.1552 0.3389 0.0774 0.2440 0.0032
200 0.3352 0.3625 0.1910 0.0725 0.0295 0.0092
201 0.3049 0.2000 0.4167 0.0321 0.0367 0.0097
202 0.2112 0.0416 0.3650 0.3271 0.0450 0.0100
203 0.1823 0.1185 0.1880 0.2590 0.2510 0.0013
204 0.0975 0.1442 0.2693 0.3918 0.0388 0.0583
205 0.1160 0.1377 0.3462 0.2573 0.1315 0.0112
206 0.1368 0.0579 0.2291 0.5327 0.0187 0.0247
207 0.2404 0.2366 0.3779 0.1287 0.0102 0.0063
208 0.1394 0.5020 0.3503 0.0070 0.0009 0.0005
209 0.4768 0.0829 0.1584 0.2654 0.0131 0.0034
210 0.3552 0.1947 0.3337 0.1075 0.0065 0.0021
211 0.2408 0.2729 0.4097 0.0723 0.0027 0.0018
212 0.0489 0.1932 0.6436 0.1084 0.0013 0.0046
213 0.1727 0.4661 0.2634 0.0145 0.0810 0.0023
214 0.1233 0.7437 0.1282 0.0042 0.0007 0.0001
215 0.2534 0.2534 0.3254 0.1549 0.0116 0.0013
216 0.5518 0.0873 0.2355 0.0859 0.0353 0.0044
217 0.2534 0.1882 0.4624 0.0862 0.0096 0.0003
218 0.5342 0.1249 0.2485 0.0478 0.0419 0.0024
219 0.5151 0.1376 0.2937 0.0153 0.0376 0.0006
220 0.4214 0.1434 0.2942 0.0817 0.0515 0.0077
221 0.6367 0.1304 0.0961 0.1031 0.0335 0.0004
222 0.5815 0.1392 0.2139 0.0292 0.0360 0.0003
223 0.8110 0.0676 0.0565 0.0051 0.0574 0.0026
224 0.5278 0.2307 0.0977 0.1263 0.0167 0.0005
225 0.4021 0.0941 0.4214 0.0626 0.0194 0.0003
226 0.5088 0.2898 0.1704 0.0033 0.0272 0.0006
227 0.8354 0.0670 0.0450 0.0019 0.0494 0.0011
228 0.6567 0.1097 0.0651 0.0029 0.1648 0.0007
229 0.4475 0.2549 0.2651 0.0131 0.0192 0.0002
230 0.6470 0.1687 0.1356 0.0202 0.0278 0.0008
231 0.3777 0.2119 0.1730 0.0119 0.2239 0.0016
232 0.5605 0.2212 0.0908 0.0103 0.1165 0.0010
233 0.1951 0.0334 0.1520 0.5732 0.0396 0.0066
234 0.3899 0.2103 0.3184 0.0540 0.0257 0.0016
235 0.7246 0.0446 0.0669 0.0318 0.1289 0.0031
236 0.6299 0.1644 0.0670 0.0046 0.1331 0.0009
237 0.6328 0.1770 0.0985 0.0092 0.0817 0.0010
238 0.2537 0.3386 0.3779 0.0124 0.0170 0.0004
239 0.7539 0.1240 0.0572 0.0113 0.0533 0.0003
240 0.6045 0.0964 0.2350 0.0524 0.0115 0.0001
241 0.5840 0.1986 0.1431 0.0472 0.0273 0.0001
242 0.3564 0.1332 0.3735 0.1292 0.0070 0.0008
243 0.2197 0.0670 0.4106 0.2490 0.0490 0.0046
244 0.1428 0.1384 0.6606 0.0426 0.0137 0.0018
245 0.5986 0.1490 0.0743 0.0039 0.1729 0.0010
246 0.3787 0.1339 0.1027 0.0057 0.3787 0.0004
247 0.3467 0.1637 0.2637 0.2037 0.0208 0.0015
248 0.3884 0.1849 0.0391 0.0016 0.3855 0.0002
249 0.6045 0.1516 0.1639 0.0274 0.0520 0.0006
250 0.1593 0.0435 0.0279 0.0206 0.7480 0.0006
251 0.2500 0.1436 0.1577 0.1692 0.2788 0.0008
252 0.2063 0.1908 0.4578 0.0564 0.0853 0.0036
253 0.7285 0.1153 0.0580 0.0323 0.0632 0.0028
254 0.5996 0.1653 0.0500 0.0294 0.1553 0.0005
255 0.6177 0.2477 0.0798 0.0434 0.0112 0.0001
256 0.4031 0.1404 0.3420 0.0334 0.0757 0.0052
257 0.4871 0.2062 0.1998 0.0068 0.0989 0.0012
258 0.6152 0.1289 0.1193 0.0068 0.1279 0.0020
259 0.4941 0.2686 0.1761 0.0336 0.0272 0.0004
260 0.6724 0.1159 0.1699 0.0319 0.0097 0.0002
261 0.1949 0.2664 0.4392 0.0648 0.0341 0.0006
262 0.5054 0.3113 0.1565 0.0213 0.0054 0.0003
263 0.7720 0.1631 0.0384 0.0031 0.0231 0.0002
264 0.8379 0.0963 0.0320 0.0008 0.0330 0.0001
265 0.1685 0.1498 0.6260 0.0382 0.0158 0.0020
266 0.6816 0.1451 0.0982 0.0027 0.0718 0.0002
267 0.4795 0.3047 0.1697 0.0006 0.0453 0.0002
268 0.4590 0.1169 0.0454 0.0032 0.3745 0.0008
269 0.3755 0.1859 0.3289 0.0928 0.0159 0.0010
270 0.6748 0.1268 0.0845 0.0106 0.1027 0.0005
271 0.7510 0.1798 0.0401 0.0060 0.0230 0.0002
272 0.2759 0.1366 0.3713 0.1345 0.0606 0.0210
273 0.6377 0.1757 0.1049 0.0190 0.0621 0.0009
274 0.4695 0.2761 0.1825 0.0289 0.0417 0.0013
275 0.2979 0.2247 0.3120 0.0982 0.0659 0.0013
276 0.1963 0.3286 0.1815 0.0036 0.2900 0.0001
277 0.3611 0.2332 0.3726 0.0236 0.0089 0.0005
278 0.3447 0.1707 0.4426 0.0331 0.0082 0.0005
279 0.4021 0.3157 0.2021 0.0710 0.0071 0.0021
280 0.1198 0.6895 0.1663 0.0208 0.0029 0.0010
281 0.2236 0.3384 0.3955 0.0186 0.0202 0.0037
282 0.7437 0.1123 0.0909 0.0261 0.0234 0.0034
283 0.6523 0.1455 0.0677 0.0080 0.1245 0.0023
284 0.5000 0.1467 0.1411 0.0175 0.1884 0.0063
285 0.1444 0.2783 0.4661 0.0211 0.0897 0.0007
286 0.1788 0.3728 0.2812 0.1371 0.0268 0.0033
287 0.1492 0.1492 0.3870 0.2832 0.0222 0.0091
288 0.1538 0.3059 0.4382 0.0677 0.0274 0.0068
289 0.1012 0.2211 0.6011 0.0538 0.0180 0.0050
290 0.1116 0.1526 0.4700 0.2086 0.0294 0.0278
291 0.1346 0.1082 0.3716 0.3330 0.0243 0.0282
292 0.1100 0.1552 0.1370 0.1306 0.0182 0.4490
293 0.1136 0.1553 0.1349 0.1288 0.0181 0.4492
294 0.5615 0.2303 0.0960 0.0888 0.0201 0.0033
295 0.6040 0.1276 0.1010 0.1348 0.0266 0.0060
296 0.6060 0.1260 0.1005 0.1353 0.0262 0.0062
297 0.5508 0.2812 0.0793 0.0652 0.0199 0.0034
