time exciting_prob fearful_prob tense_prob sad_prob relaxing_prob neutral_prob
0 0.1136 0.1553 0.1349 0.1288 0.0181 0.4492
1 0.1136 0.1553 0.1349 0.1288 0.0181 0.4492
2 0.1136 0.1553 0.1349 0.1288 0.0181 0.4492
3 0.1073 0.2456 0.1216 0.2917 0.0484 0.1854
4 0.3975 0.2646 0.0649 0.1792 0.0887 0.0051
5 0.8560 0.0370 0.0077 0.0815 0.0178 0.0001
6 0.8042 0.1097 0.0147 0.0630 0.0084 0.0000
7 0.3833 0.1133 0.0401 0.3687 0.0947 0.0000
8 0.1221 0.1028 0.0187 0.7139 0.0422 0.0001
9 0.1375 0.0975 0.0213 0.6982 0.0453 0.0001
10 0.1439 0.0867 0.0186 0.7031 0.0475 0.0001
11 0.0891 0.0870 0.0223 0.7690 0.0323 0.0002
12 0.1957 0.1523 0.0351 0.5840 0.0324 0.0002
13 0.6318 0.1263 0.0147 0.1215 0.1056 0.0000
14 0.3394 0.0800 0.0110 0.4458 0.1238 0.0001
15 0.2410 0.0501 0.0099 0.6250 0.0740 0.0001
16 0.2302 0.0486 0.0096 0.6406 0.0708 0.0001
17 0.1743 0.0672 0.0978 0.3577 0.0414 0.2617
18 0.1136 0.1553 0.1349 0.1288 0.0181 0.4492
19 0.2727 0.0227 0.2483 0.4495 0.0031 0.0038
20 0.3369 0.0653 0.3699 0.2175 0.0036 0.0068
21 0.3342 0.0252 0.2949 0.3342 0.0034 0.0078
22 0.0605 0.0753 0.1148 0.5225 0.0345 0.1923
23 0.0248 0.2903 0.4497 0.0316 0.2028 0.0008
24 0.0289 0.1824 0.4585 0.0946 0.2343 0.0013
25 0.0301 0.5728 0.2502 0.1003 0.0448 0.0021
26 0.0071 0.6782 0.2917 0.0159 0.0061 0.0010
27 0.0060 0.4912 0.4543 0.0457 0.0016 0.0011
28 0.0014 0.5991 0.3748 0.0240 0.0008 0.0001
29 0.0553 0.1990 0.2764 0.3384 0.1305 0.0005
30 0.0501 0.1405 0.2389 0.4604 0.1094 0.0006
31 0.0475 0.0601 0.2233 0.5977 0.0703 0.0013
32 0.0114 0.3875 0.3699 0.2242 0.0030 0.0039
33 0.0525 0.0858 0.2971 0.2927 0.2708 0.0012
34 0.0569 0.1727 0.4844 0.1377 0.1477 0.0007
35 0.0376 0.0578 0.2712 0.5835 0.0479 0.0022
36 0.0254 0.0663 0.2625 0.5820 0.0594 0.0044
37 0.0570 0.1855 0.1798 0.5630 0.0068 0.0080
38 0.0937 0.3591 0.2319 0.3000 0.0057 0.0092
39 0.1812 0.4922 0.2761 0.0303 0.0174 0.0028
40 0.2556 0.2496 0.4084 0.0607 0.0234 0.0022
41 0.1760 0.4189 0.3501 0.0235 0.0299 0.0015
42 0.0395 0.4963 0.4448 0.0022 0.0150 0.0021
43 0.0836 0.1216 0.7393 0.0383 0.0098 0.0076
44 0.0997 0.1544 0.6919 0.0397 0.0076 0.0066
45 0.0834 0.1242 0.7148 0.0543 0.0055 0.0178
46 0.0210 0.1268 0.6240 0.1964 0.0043 0.0272
47 0.0809 0.0616 0.8242 0.0159 0.0123 0.0052
48 0.0955 0.0507 0.7935 0.0401 0.0129 0.0075
49 0.0667 0.0291 0.8511 0.0427 0.0080 0.0025
50 0.0792 0.0287 0.8647 0.0194 0.0062 0.0018
51 0.1172 0.0381 0.7827 0.0508 0.0066 0.0047
52 0.2284 0.3147 0.3484 0.0777 0.0239 0.0069
53 0.1216 0.2827 0.5537 0.0247 0.0078 0.0094
54 0.2803 0.2654 0.3381 0.0862 0.0249 0.0050
55 0.6528 0.1492 0.0259 0.0856 0.0837 0.0026
56 0.2949 0.2091 0.1299 0.3394 0.0165 0.0103
57 0.3027 0.4011 0.1354 0.1453 0.0107 0.0047
58 0.1248 0.3340 0.3264 0.1448 0.0264 0.0435
59 0.2041 0.2683 0.4897 0.0074 0.0289 0.0016
60 0.1642 0.2859 0.5259 0.0092 0.0103 0.0047
61 0.0613 0.0935 0.2484 0.5864 0.0082 0.0020
62 0.0692 0.1882 0.2435 0.4919 0.0045 0.0026
63 0.0562 0.0733 0.8325 0.0294 0.0038 0.0046
64 0.0310 0.0970 0.8442 0.0238 0.0015 0.0025
65 0.0280 0.0592 0.8906 0.0168 0.0029 0.0023
66 0.0994 0.1100 0.4316 0.2578 0.0140 0.0870
67 0.0220 0.3784 0.5171 0.0695 0.0062 0.0066
68 0.0039 0.1290 0.8545 0.0096 0.0004 0.0027
69 0.0061 0.1331 0.8408 0.0135 0.0003 0.0060
70 0.1312 0.0991 0.5977 0.0895 0.0302 0.0522
71 0.0150 0.3777 0.5581 0.0305 0.0069 0.0117
72 0.0085 0.2244 0.7354 0.0207 0.0061 0.0048
73 0.1500 0.1754 0.6216 0.0157 0.0305 0.0066
74 0.0062 0.1692 0.7012 0.0705 0.0008 0.0524
75 0.0028 0.2178 0.7368 0.0356 0.0005 0.0067
76 0.0021 0.3237 0.6646 0.0082 0.0003 0.0013
77 0.0759 0.1671 0.7256 0.0074 0.0200 0.0039
78 0.0808 0.1223 0.7607 0.0151 0.0155 0.0057
79 0.0654 0.1230 0.7656 0.0163 0.0186 0.0111
80 0.1328 0.2405 0.4319 0.1873 0.0051 0.0024
81 0.0054 0.2032 0.7788 0.0102 0.0006 0.0016
82 0.0049 0.1355 0.8564 0.0016 0.0005 0.0008
83 0.0129 0.4541 0.5146 0.0112 0.0042 0.0032
84 0.0418 0.1249 0.8081 0.0052 0.0148 0.0052
85 0.0259 0.0745 0.6636 0.1871 0.0193 0.0298
86 0.0450 0.2529 0.6162 0.0436 0.0382 0.0040
87 0.0252 0.1733 0.7300 0.0613 0.0039 0.0065
88 0.0187 0.4468 0.5220 0.0075 0.0014 0.0036
89 0.0064 0.3611 0.5254 0.1018 0.0024 0.0032
90 0.0303 0.2021 0.6226 0.0842 0.0113 0.0495
91 0.0491 0.2676 0.5845 0.0450 0.0417 0.0123
92 0.0383 0.2722 0.5762 0.1049 0.0046 0.0038
93 0.0688 0.1033 0.5942 0.1930 0.0325 0.0080
94 0.0097 0.2722 0.6953 0.0161 0.0032 0.0035
95 0.1589 0.0787 0.5210 0.0912 0.0927 0.0576
96 0.3403 0.2197 0.2510 0.1752 0.0091 0.0049
97 0.1445 0.1401 0.6528 0.0135 0.0282 0.0207
98 0.0084 0.2810 0.6953 0.0103 0.0005 0.0045
99 0.0869 0.1729 0.5410 0.1757 0.0120 0.0115
100 0.0884 0.2854 0.3962 0.1829 0.0303 0.0167
101 0.1400 0.1990 0.1478 0.3035 0.0447 0.1649
102 0.0089 0.3186 0.6235 0.0294 0.0015 0.0180
103 0.4880 0.1234 0.1007 0.1852 0.0267 0.0760
104 0.1091 0.2238 0.5942 0.0359 0.0300 0.0071
105 0.1304 0.1661 0.6675 0.0134 0.0142 0.0083
106 0.1204 0.2145 0.6353 0.0097 0.0134 0.0065
107 0.1644 0.1632 0.6016 0.0422 0.0209 0.0076
108 0.0101 0.2130 0.7671 0.0056 0.0029 0.0013
109 0.3113 0.1932 0.4390 0.0113 0.0283 0.0170
110 0.0390 0.1875 0.7588 0.0039 0.0098 0.0009
111 0.0179 0.0872 0.8740 0.0069 0.0124 0.0014
112 0.0589 0.1208 0.8008 0.0083 0.0067 0.0046
113 0.0264 0.0777 0.8892 0.0030 0.0026 0.0013
114 0.0483 0.2512 0.6074 0.0606 0.0225 0.0101
115 0.3030 0.2115 0.4341 0.0327 0.0168 0.0018
116 0.1796 0.3862 0.1912 0.2167 0.0176 0.0088
117 0.0513 0.4165 0.4795 0.0331 0.0127 0.0067
118 0.0486 0.1079 0.4473 0.3430 0.0122 0.0410
119 0.1450 0.1383 0.3760 0.2974 0.0390 0.0043
120 0.0508 0.2365 0.6841 0.0133 0.0054 0.0099
121 0.0690 0.1747 0.7358 0.0047 0.0138 0.0022
122 0.1273 0.0903 0.0261 0.6938 0.0130 0.0495
123 0.3516 0.3252 0.0720 0.1957 0.0086 0.0468
124 0.0673 0.1390 0.7817 0.0020 0.0083 0.0019
125 0.0290 0.1393 0.8267 0.0028 0.0015 0.0009
126 0.0397 0.5107 0.3247 0.0901 0.0157 0.0192
127 0.0271 0.3198 0.6162 0.0324 0.0028 0.0016
128 0.0878 0.3811 0.4121 0.0891 0.0272 0.0027
129 0.1915 0.1842 0.5854 0.0263 0.0072 0.0056
130 0.1711 0.1880 0.6211 0.0065 0.0070 0.0060
131 0.1138 0.0776 0.7422 0.0497 0.0137 0.0028
132 0.1150 0.1465 0.4995 0.2098 0.0245 0.0045
133 0.3123 0.0771 0.5830 0.0105 0.0124 0.0046
134 0.2695 0.1989 0.4209 0.0848 0.0247 0.0011
135 0.1287 0.2639 0.4319 0.1552 0.0116 0.0088
136 0.0752 0.4431 0.4570 0.0099 0.0075 0.0072
137 0.1364 0.2145 0.5742 0.0337 0.0051 0.0364
138 0.1404 0.0485 0.3640 0.4324 0.0079 0.0070
139 0.1107 0.1587 0.5537 0.1315 0.0191 0.0263
140 0.0720 0.6665 0.2415 0.0141 0.0058 0.0002
141 0.5020 0.1129 0.2029 0.0914 0.0833 0.0074
142 0.1125 0.2220 0.6035 0.0333 0.0112 0.0173
143 0.1718 0.0912 0.5811 0.1296 0.0129 0.0137
144 0.0700 0.4973 0.3813 0.0264 0.0079 0.0173
145 0.0730 0.0104 0.0246 0.8486 0.0094 0.0342
146 0.1516 0.0684 0.1110 0.6191 0.0308 0.0193
147 0.3169 0.1332 0.4648 0.0568 0.0204 0.0077
148 0.1678 0.2122 0.5464 0.0357 0.0074 0.0306
149 0.0410 0.3953 0.5039 0.0255 0.0049 0.0296
150 0.1123 0.0625 0.0483 0.7324 0.0365 0.0083
151 0.0967 0.0319 0.0675 0.7549 0.0201 0.0288
152 0.2524 0.1439 0.3589 0.2045 0.0198 0.0206
153 0.1082 0.1133 0.3010 0.4414 0.0227 0.0136
154 0.4888 0.0919 0.3521 0.0227 0.0327 0.0120
155 0.0677 0.1729 0.2363 0.5005 0.0113 0.0115
156 0.3157 0.2942 0.3108 0.0282 0.0455 0.0057
157 0.2778 0.0990 0.3979 0.1251 0.0887 0.0115
158 0.0994 0.0715 0.7515 0.0357 0.0327 0.0092
159 0.3162 0.2900 0.1627 0.1772 0.0524 0.0016
160 0.2390 0.2029 0.4905 0.0471 0.0195 0.0013
161 0.1295 0.1367 0.2637 0.4116 0.0131 0.0454
162 0.1599 0.0566 0.1841 0.5757 0.0101 0.0135
163 0.5249 0.0786 0.1503 0.2188 0.0251 0.0025
164 0.4373 0.1647 0.1609 0.2234 0.0089 0.0049
165 0.0795 0.1545 0.6255 0.1213 0.0064 0.0127
166 0.0836 0.1490 0.7334 0.0291 0.0027 0.0021
167 0.0770 0.3616 0.2998 0.1804 0.0032 0.0782
168 0.2974 0.1155 0.3477 0.1920 0.0387 0.0089
169 0.2098 0.2454 0.2612 0.2654 0.0118 0.0065
170 0.1881 0.1853 0.5576 0.0583 0.0040 0.0069
171 0.1445 0.0897 0.7339 0.0215 0.0091 0.0013
172 0.2288 0.2717 0.2937 0.1648 0.0312 0.0098
173 0.0693 0.2656 0.3154 0.3154 0.0192 0.0146
174 0.1899 0.2363 0.2678 0.2345 0.0617 0.0096
175 0.2817 0.1891 0.3701 0.0729 0.0285 0.0577
176 0.3098 0.1453 0.4104 0.0854 0.0164 0.0327
177 0.4683 0.0735 0.3591 0.0534 0.0321 0.0137
178 0.4497 0.1566 0.2903 0.0467 0.0363 0.0202
179 0.2844 0.3457 0.3027 0.0367 0.0269 0.0038
180 0.4167 0.0735 0.4102 0.0475 0.0311 0.0209
181 0.2800 0.0868 0.4011 0.1547 0.0195 0.0578
182 0.3210 0.0844 0.3110 0.1978 0.0308 0.0549
183 0.3413 0.1479 0.2617 0.1770 0.0462 0.0259
184 0.1544 0.3320 0.4719 0.0180 0.0096 0.0141
185 0.3813 0.1815 0.2703 0.0558 0.0751 0.0360
186 0.3787 0.1404 0.3586 0.0390 0.0093 0.0740
187 0.4426 0.1173 0.2793 0.1102 0.0297 0.0210
188 0.2883 0.1438 0.4644 0.0764 0.0163 0.0108
189 0.1223 0.2471 0.2147 0.3376 0.0483 0.0300
190 0.2186 0.0515 0.1945 0.3577 0.0240 0.1538
191 0.1964 0.0497 0.1919 0.4460 0.0287 0.0872
192 0.3342 0.0728 0.4126 0.1043 0.0323 0.0438
193 0.3882 0.0853 0.3245 0.1290 0.0226 0.0505
194 0.0829 0.1769 0.1958 0.3252 0.0382 0.1810
195 0.1143 0.1625 0.1217 0.4927 0.0527 0.0562
196 0.3442 0.1100 0.2832 0.1100 0.0366 0.1162
197 0.1497 0.0654 0.6250 0.0944 0.0130 0.0525
198 0.4458 0.0536 0.2057 0.2106 0.0249 0.0594
199 0.2542 0.0800 0.2686 0.3042 0.0618 0.0313
200 0.1613 0.1503 0.5044 0.0856 0.0566 0.0417
201 0.0829 0.2051 0.6074 0.0687 0.0126 0.0230
202 0.3567 0.2096 0.2610 0.0748 0.0376 0.0605
203 0.1591 0.2622 0.2603 0.2749 0.0240 0.0197
204 0.1763 0.1982 0.2505 0.3345 0.0242 0.0163
205 0.0545 0.1146 0.3528 0.4189 0.0108 0.0481
206 0.2236 0.0626 0.1586 0.4924 0.0330 0.0298
207 0.2308 0.0651 0.2344 0.2849 0.0392 0.1455
208 0.0985 0.2595 0.3411 0.2382 0.0261 0.0368
209 0.1707 0.1298 0.3669 0.2664 0.0585 0.0078
210 0.1520 0.0568 0.2795 0.4680 0.0297 0.0141
211 0.2440 0.3606 0.2056 0.1083 0.0780 0.0035
212 0.2734 0.2017 0.2590 0.1088 0.0300 0.1272
213 0.2306 0.2634 0.3489 0.0896 0.0535 0.0141
214 0.1937 0.1807 0.2627 0.2776 0.0117 0.0735
215 0.1409 0.0535 0.5112 0.2198 0.0159 0.0587
216 0.1218 0.3108 0.2944 0.2310 0.0371 0.0049
217 0.2009 0.1829 0.0871 0.4634 0.0617 0.0040
218 0.2158 0.0914 0.1019 0.5425 0.0412 0.0073
219 0.1788 0.1068 0.0845 0.2407 0.0497 0.3394
220 0.1742 0.2101 0.5322 0.0377 0.0150 0.0310
221 0.3237 0.1693 0.3213 0.0950 0.0176 0.0734
222 0.2007 0.1814 0.4216 0.0792 0.0053 0.1117
223 0.2859 0.0482 0.2371 0.2583 0.0089 0.1616
224 0.3057 0.1024 0.2418 0.3254 0.0095 0.0151
225 0.3083 0.0993 0.4592 0.0883 0.0303 0.0144
226 0.2998 0.1310 0.5220 0.0321 0.0115 0.0033
227 0.2300 0.0456 0.3167 0.3674 0.0231 0.0172
228 0.1672 0.0327 0.3708 0.3948 0.0235 0.0109
229 0.0619 0.0928 0.8340 0.0053 0.0052 0.0008
230 0.2250 0.2048 0.4727 0.0708 0.0188 0.0081
231 0.1924 0.1022 0.3567 0.2529 0.0151 0.0808
232 0.2126 0.1819 0.4431 0.1321 0.0182 0.0120
233 0.0910 0.0298 0.2593 0.5752 0.0094 0.0354
234 0.1779 0.0610 0.5352 0.1821 0.0230 0.0209
235 0.2952 0.1138 0.3293 0.1952 0.0350 0.0314
236 0.1725 0.1646 0.6021 0.0419 0.0137 0.0054
237 0.0842 0.0047 0.1284 0.7275 0.0057 0.0495
238 0.3093 0.0922 0.4131 0.1310 0.0161 0.0381
239 0.1835 0.0742 0.4268 0.2588 0.0324 0.0244
240 0.2764 0.2346 0.4150 0.0349 0.0197 0.0193
241 0.3118 0.0900 0.3940 0.1694 0.0150 0.0196
242 0.0836 0.0074 0.1400 0.7334 0.0053 0.0303
243 0.1223 0.1194 0.7261 0.0245 0.0046 0.0031
244 0.1483 0.0576 0.3315 0.4326 0.0063 0.0237
245 0.2612 0.0725 0.4729 0.1660 0.0153 0.0118
246 0.2020 0.0925 0.5532 0.1345 0.0102 0.0074
247 0.0741 0.0242 0.1428 0.6499 0.0059 0.1028
248 0.2328 0.2023 0.3779 0.1469 0.0118 0.0285
249 0.2671 0.0736 0.3274 0.2756 0.0506 0.0056
250 0.1910 0.1123 0.1571 0.4993 0.0062 0.0340
251 0.2654 0.0676 0.3225 0.2803 0.0156 0.0487
252 0.0641 0.6479 0.2103 0.0603 0.0067 0.0105
253 0.4683 0.2046 0.2246 0.0853 0.0109 0.0063
254 0.1125 0.2678 0.5669 0.0312 0.0120 0.0092
255 0.3127 0.2323 0.3252 0.0491 0.0243 0.0565
256 0.3237 0.1787 0.3445 0.0408 0.0323 0.0800
257 0.0930 0.3796 0.3679 0.0881 0.0620 0.0094
258 0.0677 0.0333 0.1066 0.5625 0.0830 0.1467
259 0.0858 0.2708 0.4160 0.1720 0.0264 0.0292
260 0.2974 0.1164 0.1240 0.4292 0.0195 0.0137
261 0.0822 0.5361 0.3079 0.0458 0.0273 0.0006
262 0.0602 0.0709 0.7808 0.0743 0.0088 0.0052
263 0.4429 0.1372 0.2389 0.0770 0.0740 0.0299
264 0.5322 0.1989 0.1537 0.0671 0.0174 0.0307
265 0.3083 0.1316 0.4087 0.1208 0.0150 0.0156
266 0.4580 0.1671 0.3147 0.0547 0.0044 0.0011
267 0.3481 0.2212 0.1569 0.1486 0.1113 0.0140
268 0.1941 0.3152 0.1420 0.2217 0.0991 0.0280
269 0.3926 0.2290 0.3010 0.0636 0.0095 0.0041
270 0.5229 0.1865 0.1925 0.0645 0.0314 0.0020
271 0.6387 0.0964 0.0935 0.1278 0.0072 0.0363
272 0.2673 0.0592 0.1409 0.2234 0.0269 0.2825
273 0.4929 0.1266 0.2072 0.0870 0.0215 0.0647
274 0.4612 0.1509 0.3145 0.0258 0.0252 0.0224
275 0.2908 0.1222 0.2954 0.2488 0.0151 0.0279
276 0.3420 0.3315 0.2622 0.0456 0.0169 0.0017
277 0.1366 0.2473 0.3225 0.2324 0.0275 0.0335
278 0.1339 0.4978 0.3367 0.0184 0.0117 0.0015
279 0.0826 0.6650 0.2334 0.0144 0.0042 0.0005
280 0.5581 0.0441 0.0726 0.1841 0.0136 0.1274
281 0.6489 0.1393 0.1068 0.0554 0.0466 0.0031
282 0.1891 0.0246 0.1484 0.4431 0.0114 0.1832
283 0.2106 0.4563 0.2332 0.0739 0.0229 0.0030
284 0.4219 0.3872 0.1135 0.0496 0.0263 0.0015
285 0.0237 0.7305 0.1996 0.0283 0.0131 0.0051
286 0.2512 0.0968 0.2147 0.2759 0.0518 0.1097
287 0.2350 0.0524 0.3262 0.3262 0.0283 0.0320
288 0.0677 0.0693 0.6177 0.1743 0.0343 0.0365
289 0.3516 0.1215 0.1941 0.2847 0.0337 0.0146
290 0.4736 0.1703 0.2119 0.0798 0.0570 0.0073
291 0.3220 0.1683 0.4231 0.0446 0.0342 0.0077
292 0.0598 0.0215 0.1730 0.7285 0.0094 0.0080
293 0.0876 0.0417 0.3521 0.4739 0.0124 0.0323
294 0.3623 0.0686 0.4761 0.0748 0.0144 0.0040
295 0.2949 0.0396 0.2996 0.3091 0.0369 0.0198
296 0.2407 0.0628 0.3342 0.3240 0.0258 0.0125
297 0.6572 0.0917 0.1525 0.0917 0.0045 0.0024
298 0.2900 0.3235 0.3186 0.0516 0.0064 0.0098
299 0.1703 0.0672 0.1125 0.5454 0.0876 0.0169
300 0.1370 0.0805 0.5679 0.1744 0.0325 0.0079
301 0.4531 0.0378 0.1494 0.1733 0.0118 0.1747
302 0.5762 0.0261 0.3232 0.0438 0.0111 0.0194
303 0.4351 0.0516 0.2539 0.0891 0.0175 0.1527
304 0.2676 0.0855 0.2167 0.3572 0.0063 0.0666
305 0.1230 0.1763 0.5181 0.1580 0.0149 0.0098
306 0.7290 0.1338 0.1083 0.0169 0.0093 0.0025
307 0.1757 0.0395 0.6631 0.0622 0.0096 0.0500
308 0.1189 0.0282 0.1285 0.6035 0.0072 0.1135
309 0.1849 0.1792 0.5024 0.1013 0.0104 0.0216
310 0.5264 0.2507 0.1509 0.0513 0.0204 0.0003
311 0.3354 0.0931 0.3103 0.1420 0.1055 0.0137
312 0.2047 0.0847 0.4233 0.0923 0.0058 0.1893
313 0.1631 0.0353 0.0966 0.6758 0.0138 0.0154
314 0.4070 0.1428 0.3677 0.0230 0.0586 0.0008
315 0.2734 0.1158 0.5483 0.0284 0.0300 0.0042
316 0.3503 0.2927 0.3267 0.0256 0.0037 0.0010
317 0.0744 0.5630 0.2537 0.0779 0.0225 0.0087
318 0.4460 0.2042 0.1859 0.1093 0.0262 0.0285
319 0.2852 0.1990 0.2220 0.1770 0.0177 0.0993
320 0.1371 0.5815 0.1437 0.0706 0.0608 0.0062
321 0.1848 0.2627 0.2710 0.2449 0.0262 0.0105
322 0.1658 0.3145 0.2754 0.2213 0.0098 0.0132
323 0.0518 0.3596 0.3889 0.1672 0.0111 0.0211
324 0.2019 0.2593 0.4919 0.0163 0.0295 0.0010
325 0.1997 0.1405 0.5688 0.0776 0.0095 0.0041
326 0.2352 0.2192 0.3909 0.1077 0.0318 0.0153
327 0.4478 0.0625 0.1941 0.2286 0.0079 0.0592
328 0.3291 0.1020 0.1012 0.3848 0.0201 0.0628
329 0.3108 0.0511 0.0325 0.5454 0.0052 0.0549
330 0.2355 0.2820 0.3706 0.0833 0.0268 0.0019
331 0.1902 0.0949 0.5635 0.1101 0.0366 0.0047
332 0.1589 0.4285 0.3752 0.0151 0.0212 0.0011
333 0.0963 0.2615 0.6177 0.0113 0.0114 0.0017
334 0.3049 0.0569 0.0307 0.5605 0.0152 0.0316
335 0.2983 0.0742 0.3950 0.2083 0.0200 0.0042
336 0.2632 0.0875 0.3127 0.3030 0.0322 0.0014
337 0.1971 0.1597 0.2019 0.3860 0.0097 0.0454
338 0.0949 0.0130 0.0920 0.5996 0.0056 0.1947
339 0.1726 0.1583 0.1686 0.4729 0.0147 0.0129
340 0.4675 0.2407 0.2369 0.0217 0.0209 0.0121
341 0.3027 0.2032 0.4724 0.0101 0.0052 0.0064
342 0.3635 0.1992 0.1266 0.2722 0.0086 0.0296
343 0.3955 0.1444 0.2849 0.1478 0.0030 0.0243
344 0.1115 0.1636 0.6777 0.0320 0.0121 0.0031
345 0.1313 0.1897 0.6123 0.0507 0.0074 0.0085
346 0.2021 0.3281 0.3059 0.1514 0.0113 0.0011
347 0.2070 0.0667 0.6279 0.0672 0.0257 0.0055
348 0.1641 0.3813 0.2443 0.1692 0.0201 0.0210
349 0.2491 0.0645 0.1621 0.4729 0.0159 0.0353
350 0.1772 0.0178 0.0508 0.7231 0.0098 0.0212
351 0.1678 0.0850 0.1190 0.6045 0.0086 0.0152
352 0.2852 0.0682 0.4314 0.1855 0.0156 0.0142
353 0.2715 0.1006 0.2377 0.3352 0.0446 0.0104
354 0.0928 0.4785 0.2644 0.1483 0.0047 0.0113
355 0.2588 0.1821 0.4651 0.0433 0.0494 0.0011
356 0.2484 0.0995 0.5552 0.0567 0.0372 0.0027
357 0.2773 0.0729 0.4868 0.0866 0.0609 0.0155
358 0.3362 0.1445 0.4150 0.0877 0.0093 0.0072
359 0.7183 0.0812 0.0290 0.0618 0.1085 0.0011
360 0.7139 0.0894 0.0277 0.0457 0.1221 0.0012
361 0.7397 0.1276 0.0263 0.0197 0.0863 0.0005
362 0.2051 0.1151 0.1031 0.2512 0.0579 0.2676
363 0.1136 0.1553 0.1349 0.1288 0.0181 0.4492
364 0.1136 0.1553 0.1349 0.1288 0.0181 0.4492
365 0.1136 0.1553 0.1349 0.1288 0.0181 0.4492
366 0.1136 0.1553 0.1349 0.1288 0.0181 0.4492
367 0.1136 0.1553 0.1349 0.1288 0.0181 0.4492
368 0.1136 0.1553 0.1349 0.1288 0.0181 0.4492
369 0.1136 0.1553 0.1349 0.1288 0.0181 0.4492
370 0.1136 0.1553 0.1349 0.1288 0.0181 0.4492
371 0.1136 0.1553 0.1349 0.1288 0.0181 0.4492
372 0.1136 0.1553 0.1349 0.1288 0.0181 0.4492
373 0.5869 0.2300 0.1461 0.0186 0.0153 0.0029
374 0.6094 0.1917 0.1614 0.0201 0.0144 0.0031
375 0.6270 0.1824 0.1560 0.0182 0.0138 0.0028
