time exciting_prob fearful_prob tense_prob sad_prob relaxing_prob neutral_prob
0 0.1136 0.1553 0.1349 0.1288 0.0181 0.4492
1 0.0847 0.0887 0.1272 0.0119 0.6875 0.0001
2 0.0538 0.0833 0.1709 0.0160 0.6758 0.0002
3 0.0380 0.0191 0.0405 0.0088 0.8926 0.0009
4 0.0549 0.0608 0.6289 0.2139 0.0344 0.0073
5 0.0622 0.0705 0.6899 0.1588 0.0167 0.0017
6 0.1060 0.0819 0.6494 0.1483 0.0121 0.0025
7 0.0724 0.1071 0.4954 0.3147 0.0051 0.0052
8 0.1292 0.1292 0.3564 0.3679 0.0091 0.0082
9 0.0293 0.0671 0.2512 0.6318 0.0164 0.0042
10 0.0646 0.0315 0.0557 0.0094 0.8384 0.0004
11 0.0737 0.0077 0.0208 0.0136 0.8838 0.0005
12 0.2448 0.1696 0.3345 0.1736 0.0643 0.0132
13 0.0537 0.0781 0.7822 0.0763 0.0053 0.0042
14 0.2146 0.1487 0.1570 0.3826 0.0930 0.0042
15 0.0197 0.3870 0.2539 0.2620 0.0622 0.0155
16 0.0568 0.4609 0.4004 0.0517 0.0283 0.0019
17 0.0175 0.0066 0.0251 0.0100 0.9399 0.0008
18 0.0151 0.0085 0.0140 0.0071 0.9546 0.0009
19 0.1810 0.1366 0.2825 0.2847 0.1124 0.0027
20 0.1067 0.0341 0.1602 0.4153 0.2681 0.0156
21 0.2827 0.0259 0.2020 0.2783 0.1853 0.0259
22 0.0296 0.0073 0.0061 0.0063 0.9507 0.0003
23 0.0751 0.0141 0.0338 0.0290 0.8462 0.0017
24 0.2495 0.0548 0.5713 0.0544 0.0631 0.0071
25 0.0890 0.0863 0.6177 0.1456 0.0602 0.0010
26 0.1183 0.1394 0.5601 0.1405 0.0358 0.0060
27 0.1627 0.0705 0.3110 0.1705 0.2747 0.0106
28 0.0637 0.1338 0.7178 0.0751 0.0052 0.0046
29 0.1013 0.1805 0.6709 0.0400 0.0068 0.0005
30 0.2610 0.0157 0.0960 0.4954 0.1105 0.0214
31 0.1954 0.0724 0.2981 0.1262 0.3027 0.0051
32 0.2646 0.0997 0.2126 0.0936 0.3242 0.0052
33 0.0275 0.0724 0.4231 0.3564 0.1087 0.0119
34 0.0745 0.1616 0.6050 0.0663 0.0914 0.0012
35 0.1921 0.1982 0.4067 0.1183 0.0674 0.0172
36 0.1743 0.0933 0.3413 0.3157 0.0662 0.0092
37 0.1238 0.1003 0.5215 0.1482 0.1019 0.0045
38 0.0505 0.1321 0.3428 0.4265 0.0413 0.0069
39 0.0293 0.1869 0.5669 0.1898 0.0188 0.0085
40 0.1570 0.0982 0.1646 0.0718 0.5068 0.0018
41 0.4155 0.0311 0.1136 0.3040 0.1051 0.0306
42 0.2817 0.0378 0.2732 0.0944 0.3047 0.0079
43 0.1780 0.2181 0.4204 0.0573 0.1233 0.0028
44 0.1935 0.2142 0.2815 0.2729 0.0318 0.0060
45 0.0829 0.1335 0.6274 0.1305 0.0165 0.0092
46 0.0562 0.4851 0.3181 0.0617 0.0756 0.0033
47 0.2544 0.1982 0.4263 0.1078 0.0110 0.0023
48 0.0764 0.0619 0.5781 0.1736 0.0908 0.0192
49 0.1321 0.1631 0.1631 0.4297 0.1104 0.0019
50 0.1661 0.0404 0.2380 0.2036 0.3357 0.0163
51 0.0233 0.0193 0.0686 0.0254 0.8623 0.0012
52 0.0455 0.0863 0.1538 0.0238 0.6895 0.0012
53 0.2568 0.0319 0.2527 0.3621 0.0639 0.0327
54 0.1356 0.0317 0.2202 0.4810 0.1235 0.0081
55 0.3147 0.0591 0.2842 0.1396 0.2000 0.0025
56 0.1749 0.1240 0.5557 0.1212 0.0214 0.0028
57 0.1388 0.0791 0.6270 0.1081 0.0410 0.0058
58 0.0782 0.0150 0.0446 0.0701 0.7837 0.0085
59 0.0775 0.0884 0.5415 0.2725 0.0182 0.0017
60 0.1893 0.1204 0.5835 0.0975 0.0083 0.0013
61 0.3645 0.0634 0.0880 0.1094 0.3704 0.0043
62 0.2229 0.0201 0.0974 0.1103 0.5430 0.0064
63 0.3420 0.0344 0.2141 0.2244 0.1693 0.0156
64 0.1364 0.1532 0.2507 0.2932 0.1619 0.0047
65 0.1191 0.1051 0.1119 0.0995 0.5635 0.0008
66 0.4729 0.1443 0.1387 0.1713 0.0676 0.0052
67 0.0757 0.0229 0.1209 0.0259 0.7407 0.0140
68 0.2986 0.2020 0.1537 0.1898 0.1346 0.0211
69 0.2756 0.2432 0.1765 0.2031 0.0840 0.0176
70 0.2649 0.0901 0.2213 0.2196 0.1582 0.0457
71 0.1304 0.0883 0.3057 0.4080 0.0519 0.0158
72 0.1500 0.0587 0.3628 0.4016 0.0067 0.0201
73 0.2893 0.0307 0.0829 0.5161 0.0732 0.0079
74 0.3447 0.0442 0.0950 0.4604 0.0537 0.0020
75 0.2942 0.0699 0.2220 0.3035 0.0891 0.0213
76 0.5728 0.0618 0.0819 0.0906 0.1875 0.0054
77 0.1969 0.1271 0.0860 0.2031 0.3855 0.0015
78 0.1392 0.1759 0.1873 0.2057 0.2900 0.0018
79 0.0644 0.1086 0.5103 0.2229 0.0795 0.0143
80 0.2703 0.0455 0.1256 0.4055 0.1401 0.0130
81 0.6934 0.0765 0.0697 0.1302 0.0271 0.0032
82 0.2639 0.1208 0.1266 0.3962 0.0710 0.0215
83 0.3281 0.0333 0.1742 0.4148 0.0243 0.0255
84 0.3503 0.1220 0.4160 0.0352 0.0734 0.0030
85 0.7158 0.0368 0.1636 0.0518 0.0315 0.0004
86 0.1700 0.0726 0.3923 0.3408 0.0076 0.0168
87 0.1255 0.0499 0.3013 0.4666 0.0155 0.0414
88 0.0668 0.0369 0.1707 0.6543 0.0301 0.0412
89 0.1538 0.0492 0.0528 0.7114 0.0203 0.0125
90 0.6489 0.1349 0.0149 0.1859 0.0135 0.0022
91 0.3022 0.0288 0.0770 0.5737 0.0115 0.0067
92 0.5264 0.0493 0.1508 0.2076 0.0581 0.0080
93 0.4363 0.2013 0.0435 0.2817 0.0299 0.0071
94 0.2323 0.3489 0.2051 0.1097 0.0822 0.0220
95 0.0400 0.3047 0.2649 0.3853 0.0022 0.0029
96 0.0564 0.1451 0.1879 0.5830 0.0183 0.0093
97 0.4985 0.0397 0.0486 0.3269 0.0820 0.0043
98 0.2350 0.0172 0.1542 0.5640 0.0235 0.0065
99 0.1836 0.0625 0.3376 0.3538 0.0486 0.0138
100 0.3135 0.1626 0.2810 0.1002 0.1118 0.0310
101 0.4316 0.1390 0.0786 0.0343 0.3108 0.0055
102 0.2113 0.2471 0.2756 0.0730 0.1836 0.0095
103 0.0845 0.2299 0.2125 0.3242 0.1193 0.0297
104 0.3027 0.2935 0.1836 0.0514 0.1595 0.0094
105 0.3384 0.1245 0.2456 0.2676 0.0141 0.0098
106 0.4126 0.0567 0.2749 0.2244 0.0254 0.0059
107 0.1763 0.5732 0.2263 0.0148 0.0062 0.0032
108 0.3792 0.1406 0.2566 0.1406 0.0820 0.0011
109 0.1135 0.2786 0.3809 0.1613 0.0627 0.0032
110 0.1494 0.1949 0.3816 0.1278 0.1076 0.0387
111 0.2463 0.0964 0.2747 0.2042 0.1146 0.0637
112 0.4167 0.0916 0.1807 0.1440 0.0959 0.0713
113 0.1775 0.3115 0.3018 0.0995 0.1085 0.0013
114 0.3560 0.3142 0.1696 0.0555 0.0974 0.0074
115 0.3198 0.2913 0.2340 0.1114 0.0416 0.0020
116 0.4561 0.1564 0.2292 0.1153 0.0354 0.0077
117 0.4541 0.1451 0.1570 0.2213 0.0146 0.0079
118 0.1426 0.5859 0.2406 0.0090 0.0174 0.0044
119 0.2957 0.1510 0.4104 0.1022 0.0314 0.0094
120 0.1830 0.0913 0.5908 0.1027 0.0217 0.0107
121 0.2588 0.3171 0.3455 0.0376 0.0394 0.0015
122 0.2144 0.0853 0.4067 0.2546 0.0145 0.0246
123 0.2299 0.0936 0.3616 0.2817 0.0085 0.0246
124 0.4172 0.1880 0.0960 0.0625 0.2233 0.0131
125 0.2573 0.3254 0.1501 0.1514 0.1016 0.0142
126 0.2261 0.5381 0.1288 0.0740 0.0272 0.0056
127 0.1442 0.3005 0.3149 0.1880 0.0206 0.0319
128 0.1909 0.3857 0.2866 0.1063 0.0178 0.0128
129 0.2546 0.4072 0.2129 0.1062 0.0124 0.0067
130 0.1547 0.5439 0.2377 0.0351 0.0223 0.0062
131 0.2588 0.1646 0.1451 0.3025 0.1223 0.0066
132 0.1290 0.0581 0.6060 0.1509 0.0393 0.0168
133 0.1799 0.0562 0.0963 0.2039 0.1379 0.3257
134 0.1527 0.6035 0.1945 0.0282 0.0161 0.0048
135 0.2065 0.3513 0.3352 0.0703 0.0309 0.0056
136 0.0850 0.5947 0.2991 0.0049 0.0157 0.0006
137 0.0381 0.1353 0.1709 0.6353 0.0199 0.0007
138 0.1993 0.2295 0.3391 0.0934 0.1371 0.0015
139 0.1895 0.3076 0.3027 0.1409 0.0461 0.0133
140 0.2852 0.2517 0.3132 0.1346 0.0134 0.0020
141 0.2717 0.1500 0.0977 0.3892 0.0611 0.0302
142 0.4814 0.1575 0.1246 0.0762 0.1152 0.0451
143 0.1656 0.0659 0.3347 0.0701 0.3618 0.0017
144 0.0992 0.2117 0.3381 0.0651 0.2847 0.0012
145 0.0116 0.1558 0.0483 0.0147 0.7671 0.0026
146 0.0117 0.0505 0.0275 0.0277 0.8809 0.0016
147 0.4033 0.1138 0.0966 0.3044 0.0425 0.0393
148 0.1174 0.6450 0.1682 0.0419 0.0239 0.0036
149 0.2469 0.4688 0.2015 0.0269 0.0494 0.0065
150 0.1254 0.2435 0.5117 0.0220 0.0961 0.0015
151 0.0390 0.3560 0.1935 0.0966 0.3142 0.0008
152 0.0414 0.0640 0.1561 0.0583 0.6782 0.0022
153 0.3694 0.1962 0.0927 0.1349 0.1902 0.0166
154 0.0667 0.3062 0.2700 0.0255 0.3311 0.0006
155 0.0068 0.0400 0.1087 0.8286 0.0080 0.0079
156 0.1454 0.2322 0.2251 0.1365 0.1866 0.0742
157 0.1063 0.1609 0.2959 0.1072 0.3250 0.0046
158 0.0488 0.4963 0.3748 0.0437 0.0271 0.0093
159 0.0699 0.3359 0.2659 0.1945 0.1226 0.0113
160 0.1960 0.4487 0.1359 0.1227 0.0677 0.0289
161 0.2412 0.5029 0.1429 0.0747 0.0237 0.0147
162 0.0818 0.2386 0.3784 0.0363 0.2642 0.0005
163 0.0673 0.2520 0.1902 0.0375 0.4529 0.0002
164 0.3506 0.2373 0.1130 0.1709 0.1112 0.0169
165 0.1099 0.0261 0.4846 0.1929 0.1729 0.0136
166 0.0748 0.3457 0.2001 0.1851 0.1909 0.0033
167 0.1127 0.2969 0.2500 0.0632 0.2747 0.0023
168 0.0388 0.2866 0.1685 0.0538 0.4509 0.0015
169 0.1766 0.4407 0.2358 0.0560 0.0854 0.0056
170 0.0303 0.0386 0.5010 0.0898 0.3391 0.0012
171 0.1649 0.0918 0.3896 0.2400 0.1107 0.0030
172 0.0914 0.1951 0.4607 0.1981 0.0517 0.0029
173 0.1146 0.2244 0.5220 0.0858 0.0384 0.0150
174 0.0901 0.1462 0.6655 0.0614 0.0361 0.0007
175 0.0261 0.0607 0.0173 0.0034 0.8921 0.0005
176 0.1935 0.0279 0.0623 0.6860 0.0172 0.0132
177 0.3376 0.0314 0.0708 0.4990 0.0362 0.0248
178 0.2074 0.3474 0.2642 0.0684 0.0706 0.0421
179 0.2300 0.3096 0.3096 0.0866 0.0435 0.0207
180 0.3098 0.1510 0.2097 0.2413 0.0861 0.0019
181 0.1530 0.4355 0.2561 0.1084 0.0421 0.0049
182 0.2046 0.0568 0.3169 0.3269 0.0880 0.0066
183 0.4175 0.1177 0.2695 0.1420 0.0498 0.0036
184 0.1555 0.4644 0.3167 0.0156 0.0442 0.0037
185 0.2808 0.1378 0.3806 0.1411 0.0593 0.0005
186 0.1346 0.5454 0.2273 0.0667 0.0203 0.0056
187 0.5972 0.0938 0.0895 0.1429 0.0730 0.0036
188 0.3101 0.2233 0.3770 0.0725 0.0150 0.0023
189 0.2812 0.1298 0.5254 0.0283 0.0341 0.0008
190 0.2101 0.1501 0.5000 0.1024 0.0346 0.0025
191 0.3057 0.1284 0.0259 0.2939 0.2134 0.0327
192 0.0862 0.1650 0.1855 0.3777 0.1703 0.0153
193 0.1366 0.1115 0.4446 0.2494 0.0552 0.0028
194 0.1268 0.1760 0.3042 0.3394 0.0508 0.0026
195 0.1896 0.1243 0.1262 0.4109 0.1454 0.0037
196 0.0616 0.0881 0.4045 0.3921 0.0494 0.0044
197 0.1730 0.1256 0.2292 0.1401 0.2991 0.0330
198 0.0477 0.2925 0.2482 0.3499 0.0567 0.0051
199 0.2419 0.1826 0.2457 0.2273 0.0993 0.0031
200 0.1517 0.4460 0.3213 0.0352 0.0438 0.0019
201 0.2162 0.0771 0.3047 0.3245 0.0741 0.0034
202 0.1400 0.2168 0.3035 0.2827 0.0557 0.0013
203 0.2810 0.1678 0.3843 0.0864 0.0781 0.0025
204 0.0665 0.0999 0.4141 0.3652 0.0403 0.0139
205 0.0633 0.0550 0.2075 0.6099 0.0318 0.0323
206 0.8184 0.0579 0.0267 0.0575 0.0357 0.0038
207 0.7959 0.0529 0.0270 0.0770 0.0422 0.0048
208 0.8047 0.0475 0.0253 0.0737 0.0447 0.0044
209 0.8076 0.0470 0.0250 0.0723 0.0438 0.0043
210 0.7915 0.0686 0.0403 0.0596 0.0367 0.0034
