time exciting_prob fearful_prob tense_prob sad_prob relaxing_prob neutral_prob
0 0.1136 0.1553 0.1349 0.1288 0.0181 0.4492
1 0.1626 0.1677 0.2991 0.1208 0.1600 0.0898
2 0.6025 0.0468 0.1500 0.1366 0.0298 0.0343
3 0.1843 0.4287 0.2854 0.0668 0.0193 0.0155
4 0.3083 0.1226 0.1783 0.3547 0.0043 0.0317
5 0.1379 0.0368 0.1337 0.1716 0.0234 0.4966
6 0.0480 0.0401 0.1265 0.1065 0.0160 0.6631
7 0.0865 0.0633 0.7129 0.1182 0.0037 0.0154
8 0.1354 0.3074 0.3796 0.0713 0.0730 0.0334
9 0.0848 0.4141 0.4141 0.0307 0.0206 0.0359
10 0.0282 0.4653 0.0771 0.3149 0.0453 0.0692
11 0.3611 0.1381 0.3528 0.0485 0.0885 0.0112
12 0.2825 0.2825 0.3379 0.0211 0.0671 0.0091
13 0.1182 0.1128 0.5215 0.2208 0.0191 0.0074
14 0.0762 0.5166 0.2722 0.0608 0.0520 0.0222
15 0.0251 0.0483 0.0186 0.8628 0.0403 0.0048
16 0.2025 0.0474 0.4858 0.2057 0.0306 0.0278
17 0.1514 0.0377 0.5894 0.1974 0.0108 0.0136
18 0.1422 0.0206 0.6177 0.1378 0.0616 0.0203
19 0.0463 0.2012 0.3213 0.2996 0.0757 0.0558
20 0.0365 0.4417 0.2942 0.1295 0.0305 0.0677
21 0.6509 0.0983 0.2114 0.0144 0.0176 0.0072
22 0.1367 0.1611 0.2185 0.4114 0.0284 0.0437
23 0.1748 0.2793 0.2043 0.1519 0.1069 0.0826
24 0.1215 0.3103 0.4658 0.0687 0.0083 0.0253
25 0.2073 0.0837 0.2461 0.4187 0.0106 0.0336
26 0.1802 0.6191 0.0637 0.0489 0.0227 0.0652
27 0.0332 0.0522 0.3513 0.3513 0.1970 0.0150
28 0.4055 0.0798 0.3779 0.0469 0.0688 0.0211
29 0.1142 0.0677 0.5894 0.1755 0.0495 0.0038
30 0.1571 0.1105 0.5483 0.0307 0.1454 0.0078
31 0.0145 0.0161 0.1008 0.8052 0.0583 0.0049
32 0.1146 0.1747 0.6240 0.0155 0.0700 0.0010
33 0.1296 0.1092 0.4817 0.1162 0.1588 0.0043
34 0.3384 0.1265 0.2418 0.0168 0.2761 0.0003
35 0.1054 0.0808 0.5312 0.1658 0.1079 0.0091
36 0.1544 0.0609 0.3562 0.2336 0.1848 0.0099
37 0.0869 0.1273 0.5615 0.0778 0.1443 0.0020
38 0.0704 0.1410 0.5894 0.1598 0.0354 0.0042
39 0.4832 0.2111 0.2145 0.0378 0.0361 0.0173
40 0.3420 0.1846 0.2749 0.1239 0.0363 0.0384
41 0.1066 0.1161 0.5166 0.0511 0.2087 0.0009
42 0.2917 0.1008 0.3630 0.0607 0.1825 0.0015
43 0.1958 0.0947 0.4019 0.2344 0.0698 0.0035
44 0.1549 0.0910 0.6172 0.0356 0.0961 0.0051
45 0.1216 0.1178 0.4016 0.2437 0.1116 0.0037
46 0.2273 0.2327 0.1676 0.0253 0.3413 0.0058
47 0.1017 0.1017 0.4631 0.0627 0.2328 0.0380
48 0.0294 0.0677 0.8193 0.0598 0.0194 0.0045
49 0.0205 0.0301 0.0220 0.0044 0.9209 0.0022
50 0.1047 0.2869 0.0868 0.0275 0.4272 0.0671
51 0.0718 0.1270 0.3848 0.0958 0.2583 0.0623
52 0.1213 0.3623 0.3098 0.0783 0.0645 0.0639
53 0.1107 0.3381 0.2554 0.0089 0.2847 0.0023
54 0.1208 0.4058 0.0891 0.0072 0.3752 0.0018
55 0.1527 0.2700 0.2808 0.0123 0.2786 0.0054
56 0.1416 0.1763 0.2126 0.0331 0.4294 0.0067
57 0.0706 0.3672 0.3560 0.0254 0.1694 0.0114
58 0.1089 0.5664 0.2067 0.0278 0.0552 0.0351
59 0.1790 0.2603 0.1681 0.0058 0.3818 0.0052
60 0.1228 0.0858 0.0617 0.0142 0.7124 0.0033
61 0.0189 0.0238 0.0126 0.0067 0.9375 0.0007
62 0.0671 0.1150 0.0931 0.0021 0.7212 0.0015
63 0.0261 0.6167 0.3149 0.0201 0.0059 0.0163
64 0.0188 0.2351 0.7241 0.0138 0.0038 0.0044
65 0.1907 0.2062 0.4871 0.0139 0.0974 0.0047
66 0.0520 0.0648 0.4712 0.0432 0.3091 0.0599
67 0.2006 0.0817 0.5449 0.1125 0.0458 0.0144
68 0.1438 0.5020 0.2427 0.0695 0.0176 0.0246
69 0.0751 0.3840 0.3525 0.0920 0.0196 0.0768
70 0.3594 0.0916 0.4106 0.0522 0.0340 0.0522
71 0.3792 0.0981 0.3452 0.0644 0.0501 0.0629
72 0.2045 0.3452 0.2281 0.0853 0.0250 0.1121
73 0.1230 0.4604 0.2729 0.0409 0.0399 0.0628
74 0.1554 0.1995 0.3726 0.1888 0.0493 0.0344
75 0.0731 0.0861 0.5234 0.1409 0.1686 0.0082
76 0.1837 0.1597 0.5112 0.0620 0.0476 0.0356
77 0.1824 0.0903 0.5195 0.1881 0.0135 0.0064
78 0.1732 0.0349 0.1553 0.6143 0.0165 0.0057
79 0.0302 0.2430 0.6606 0.0319 0.0226 0.0118
80 0.0774 0.5630 0.2852 0.0363 0.0215 0.0167
81 0.1171 0.0672 0.6377 0.0837 0.0496 0.0448
82 0.1826 0.3108 0.2964 0.1179 0.0688 0.0234
83 0.0459 0.6235 0.2639 0.0414 0.0090 0.0165
84 0.0583 0.3630 0.5366 0.0278 0.0074 0.0068
85 0.0345 0.2759 0.4338 0.1022 0.0640 0.0895
86 0.1692 0.3638 0.3965 0.0181 0.0355 0.0169
87 0.3459 0.1333 0.3889 0.0676 0.0364 0.0280
88 0.4141 0.0269 0.2065 0.2781 0.0394 0.0351
89 0.1285 0.0424 0.3108 0.4521 0.0282 0.0377
90 0.1122 0.0453 0.5527 0.2097 0.0319 0.0483
91 0.2288 0.0343 0.3655 0.2551 0.0309 0.0854
92 0.2737 0.1106 0.4956 0.0983 0.0083 0.0135
93 0.3457 0.2510 0.1409 0.1794 0.0127 0.0703
94 0.1656 0.3911 0.3618 0.0505 0.0096 0.0214
95 0.1508 0.4229 0.2976 0.0886 0.0217 0.0184
96 0.1420 0.1030 0.2571 0.4014 0.0692 0.0275
97 0.1096 0.3594 0.4009 0.1038 0.0051 0.0211
98 0.1630 0.5513 0.1890 0.0222 0.0415 0.0331
99 0.2725 0.2581 0.3235 0.0567 0.0528 0.0366
100 0.4072 0.1924 0.2820 0.0506 0.0406 0.0271
101 0.5044 0.1587 0.2363 0.0359 0.0325 0.0322
102 0.4490 0.1758 0.3311 0.0335 0.0084 0.0022
103 0.2673 0.1387 0.4341 0.0976 0.0404 0.0219
104 0.2832 0.1126 0.5127 0.0431 0.0399 0.0086
105 0.2488 0.0639 0.5024 0.1194 0.0619 0.0034
106 0.4160 0.0800 0.2544 0.1044 0.1350 0.0103
107 0.1641 0.1238 0.5552 0.1101 0.0074 0.0396
108 0.2006 0.1170 0.4963 0.1456 0.0085 0.0320
109 0.0340 0.1910 0.3005 0.4304 0.0247 0.0195
110 0.1266 0.0424 0.2422 0.5088 0.0167 0.0632
111 0.0677 0.2039 0.0773 0.4966 0.1057 0.0488
112 0.1729 0.0269 0.3955 0.1869 0.0368 0.1812
113 0.1686 0.0403 0.4875 0.0960 0.0209 0.1865
114 0.1715 0.0184 0.5239 0.1116 0.0184 0.1561
115 0.1172 0.1238 0.2091 0.3584 0.0957 0.0957
116 0.0951 0.0873 0.7139 0.0753 0.0059 0.0226
117 0.1672 0.1282 0.6260 0.0423 0.0049 0.0314
118 0.0592 0.2893 0.0917 0.3955 0.1324 0.0317
119 0.0715 0.7456 0.1434 0.0140 0.0232 0.0025
120 0.1052 0.0142 0.6055 0.1655 0.0302 0.0794
121 0.2217 0.0507 0.5444 0.0527 0.0241 0.1064
122 0.0504 0.0285 0.1392 0.6436 0.1287 0.0099
123 0.1229 0.1604 0.1494 0.2996 0.1890 0.0787
124 0.0743 0.1854 0.1125 0.4697 0.0661 0.0918
125 0.0461 0.2217 0.3625 0.1243 0.1686 0.0766
126 0.0320 0.7983 0.1224 0.0300 0.0028 0.0143
127 0.1075 0.5718 0.2008 0.0291 0.0224 0.0683
128 0.1332 0.0959 0.7314 0.0314 0.0048 0.0031
129 0.3943 0.2908 0.2062 0.0765 0.0275 0.0047
130 0.2017 0.2097 0.2529 0.0350 0.2377 0.0630
131 0.2324 0.4307 0.3054 0.0089 0.0020 0.0206
132 0.0794 0.7422 0.1450 0.0177 0.0099 0.0060
133 0.1506 0.5176 0.2927 0.0193 0.0132 0.0065
134 0.4121 0.1317 0.2703 0.1626 0.0144 0.0091
135 0.2357 0.3123 0.2267 0.0543 0.1659 0.0052
136 0.3982 0.2737 0.1986 0.0423 0.0828 0.0045
137 0.3257 0.1799 0.2274 0.1960 0.0441 0.0269
138 0.3987 0.1305 0.1884 0.2236 0.0414 0.0177
139 0.1063 0.1365 0.5356 0.0778 0.1385 0.0055
140 0.0759 0.6812 0.1764 0.0393 0.0101 0.0171
141 0.5723 0.0328 0.2725 0.0956 0.0102 0.0169
142 0.2303 0.0645 0.3459 0.3301 0.0154 0.0138
143 0.1705 0.6387 0.0652 0.0325 0.0360 0.0571
144 0.2478 0.2898 0.2808 0.1575 0.0223 0.0019
145 0.2178 0.3145 0.3047 0.0929 0.0337 0.0367
146 0.3782 0.3110 0.1564 0.0844 0.0386 0.0315
147 0.2795 0.3452 0.1231 0.1384 0.1130 0.0007
148 0.0836 0.7114 0.1716 0.0171 0.0040 0.0122
149 0.0880 0.2373 0.4197 0.1061 0.0529 0.0959
150 0.4944 0.0951 0.2883 0.0900 0.0244 0.0077
151 0.3054 0.3152 0.2115 0.0141 0.1512 0.0026
152 0.1573 0.1869 0.4556 0.1226 0.0359 0.0417
153 0.1277 0.1541 0.3994 0.1018 0.0504 0.1665
154 0.3352 0.0491 0.4512 0.1302 0.0154 0.0188
155 0.3213 0.1654 0.4460 0.0387 0.0229 0.0055
156 0.0771 0.0834 0.2377 0.4727 0.0506 0.0784
157 0.0354 0.6328 0.2942 0.0267 0.0045 0.0063
158 0.1447 0.1993 0.5420 0.0684 0.0408 0.0049
159 0.0551 0.2649 0.4436 0.1451 0.0314 0.0600
160 0.0559 0.6606 0.1952 0.0555 0.0167 0.0162
161 0.1771 0.0662 0.2944 0.1960 0.2104 0.0558
162 0.1262 0.1559 0.3918 0.2610 0.0137 0.0514
163 0.1608 0.3350 0.2910 0.1522 0.0015 0.0596
164 0.1747 0.0663 0.2090 0.0428 0.4976 0.0096
165 0.1643 0.0801 0.2245 0.4680 0.0501 0.0132
166 0.2844 0.0506 0.2590 0.0875 0.3076 0.0109
167 0.1648 0.1366 0.6670 0.0057 0.0164 0.0092
168 0.1819 0.0242 0.4163 0.0517 0.3142 0.0115
169 0.3772 0.2067 0.1015 0.0848 0.2183 0.0117
170 0.2749 0.1483 0.4292 0.0701 0.0096 0.0679
171 0.0473 0.3083 0.5244 0.0276 0.0593 0.0333
172 0.1948 0.1360 0.6191 0.0238 0.0196 0.0067
173 0.1069 0.0439 0.3701 0.1920 0.2729 0.0144
174 0.0991 0.2163 0.5928 0.0526 0.0122 0.0271
175 0.1105 0.1114 0.2800 0.3379 0.0522 0.1080
176 0.1143 0.4114 0.0993 0.2827 0.0411 0.0511
177 0.0231 0.3188 0.5259 0.1137 0.0119 0.0066
178 0.0637 0.0435 0.3088 0.2367 0.3391 0.0084
179 0.1733 0.0594 0.1733 0.1654 0.4258 0.0027
180 0.0470 0.1034 0.4971 0.2854 0.0452 0.0220
181 0.4812 0.0424 0.1943 0.0257 0.2534 0.0029
182 0.0596 0.0895 0.6875 0.1168 0.0353 0.0111
183 0.1458 0.1296 0.2659 0.1237 0.1479 0.1871
184 0.1355 0.1741 0.1882 0.0660 0.2435 0.1926
185 0.0771 0.5522 0.1792 0.0490 0.0713 0.0713
186 0.0502 0.4302 0.2080 0.0547 0.1038 0.1533
187 0.0942 0.6050 0.1530 0.0845 0.0402 0.0231
188 0.1377 0.0476 0.2761 0.4622 0.0523 0.0241
189 0.2097 0.1559 0.3484 0.1823 0.0665 0.0373
190 0.2544 0.1147 0.3345 0.1876 0.0696 0.0390
191 0.3728 0.1119 0.2771 0.1460 0.0525 0.0396
192 0.1069 0.1532 0.4609 0.1696 0.0260 0.0833
193 0.2169 0.2917 0.1637 0.2457 0.0798 0.0020
194 0.3499 0.3340 0.0825 0.0536 0.1787 0.0014
195 0.1638 0.0739 0.3362 0.1083 0.2876 0.0305
196 0.0792 0.6631 0.2153 0.0193 0.0067 0.0162
197 0.1288 0.2900 0.3042 0.1349 0.1110 0.0311
198 0.0709 0.8574 0.0507 0.0103 0.0101 0.0006
199 0.1554 0.1775 0.4749 0.0957 0.0372 0.0594
200 0.1913 0.1478 0.4807 0.0676 0.0869 0.0257
201 0.0803 0.3682 0.3711 0.0342 0.1313 0.0147
202 0.1781 0.0984 0.2715 0.1536 0.2378 0.0606
203 0.2800 0.2321 0.1558 0.1821 0.0248 0.1252
204 0.0618 0.7466 0.1084 0.0585 0.0086 0.0161
205 0.2288 0.1356 0.5278 0.0731 0.0163 0.0183
206 0.1426 0.4976 0.2123 0.0668 0.0375 0.0435
207 0.1081 0.4922 0.3435 0.0220 0.0145 0.0197
208 0.0882 0.6465 0.2397 0.0120 0.0053 0.0080
209 0.2546 0.4038 0.0591 0.1820 0.0777 0.0228
210 0.0736 0.3403 0.1122 0.3738 0.0530 0.0471
211 0.1389 0.1246 0.6948 0.0308 0.0054 0.0055
212 0.0247 0.4138 0.4690 0.0754 0.0073 0.0100
213 0.3130 0.2400 0.3281 0.0732 0.0305 0.0151
214 0.0951 0.4536 0.3818 0.0467 0.0061 0.0166
215 0.0504 0.2120 0.2639 0.1348 0.3135 0.0253
216 0.2842 0.1632 0.4202 0.1006 0.0108 0.0211
217 0.0385 0.5879 0.1014 0.1909 0.0297 0.0514
218 0.0729 0.7305 0.1450 0.0134 0.0189 0.0193
219 0.2175 0.3066 0.3369 0.0119 0.1239 0.0031
220 0.4119 0.0584 0.3362 0.1552 0.0227 0.0155
221 0.2795 0.0713 0.4331 0.1353 0.0248 0.0559
222 0.2386 0.0663 0.0878 0.2969 0.0603 0.2500
223 0.1820 0.0573 0.0795 0.2773 0.0639 0.3398
224 0.1820 0.0573 0.0795 0.2773 0.0639 0.3398
