time exciting_prob fearful_prob tense_prob sad_prob relaxing_prob neutral_prob
0 0.1136 0.1553 0.1349 0.1288 0.0181 0.4492
1 0.0419 0.5649 0.1095 0.1428 0.1300 0.0110
2 0.0330 0.4773 0.1573 0.2290 0.0869 0.0166
3 0.1082 0.4048 0.1913 0.1561 0.0132 0.1265
4 0.1638 0.2384 0.2703 0.1564 0.0220 0.1492
5 0.0215 0.4641 0.0339 0.3093 0.1483 0.0228
6 0.0707 0.4578 0.0834 0.1938 0.1793 0.0148
7 0.0370 0.5356 0.0835 0.1635 0.1635 0.0168
8 0.0395 0.5283 0.0876 0.2419 0.0925 0.0099
9 0.0543 0.5884 0.0875 0.1355 0.1214 0.0130
10 0.0930 0.2302 0.3735 0.1006 0.1849 0.0176
11 0.0763 0.1774 0.4897 0.1219 0.1127 0.0219
12 0.0785 0.2698 0.4807 0.0621 0.1024 0.0065
13 0.0482 0.0397 0.4614 0.0464 0.1242 0.2800
14 0.0188 0.7412 0.0950 0.1043 0.0250 0.0159
15 0.0130 0.7534 0.0521 0.1427 0.0318 0.0070
16 0.0035 0.6660 0.0605 0.2610 0.0045 0.0045
17 0.0048 0.4871 0.0394 0.4575 0.0074 0.0038
18 0.0844 0.1459 0.2878 0.3159 0.0144 0.1516
19 0.1252 0.1105 0.2571 0.2610 0.0265 0.2198
20 0.1207 0.0792 0.2291 0.2988 0.0357 0.2365
21 0.0534 0.0271 0.3298 0.0808 0.1685 0.3403
22 0.0556 0.0410 0.4175 0.0869 0.1334 0.2654
23 0.0479 0.0426 0.4045 0.0760 0.1376 0.2913
24 0.0739 0.0536 0.3210 0.0562 0.2206 0.2747
25 0.0721 0.0631 0.4626 0.0499 0.1624 0.1898
26 0.1085 0.1155 0.1818 0.3503 0.0281 0.2158
27 0.0813 0.0907 0.1951 0.3318 0.0260 0.2751
28 0.0682 0.1853 0.4111 0.1089 0.2134 0.0130
29 0.0406 0.2979 0.4009 0.0686 0.1752 0.0167
30 0.0648 0.1449 0.4902 0.0559 0.2352 0.0088
31 0.1362 0.0789 0.3118 0.1804 0.0042 0.2883
32 0.1110 0.1182 0.2388 0.1565 0.0058 0.3696
33 0.0290 0.0860 0.6357 0.0795 0.1176 0.0522
34 0.0365 0.0755 0.5845 0.0911 0.1367 0.0755
35 0.0432 0.3450 0.2262 0.3044 0.0581 0.0231
36 0.0441 0.3313 0.2206 0.2832 0.1010 0.0197
37 0.0692 0.1647 0.2510 0.3027 0.0397 0.1726
38 0.0651 0.0750 0.1561 0.4050 0.0414 0.2573
39 0.0549 0.1757 0.0830 0.5850 0.0830 0.0182
40 0.0316 0.7534 0.0685 0.1174 0.0248 0.0043
41 0.0356 0.1749 0.0299 0.6704 0.0595 0.0295
42 0.0959 0.1311 0.3096 0.1581 0.0321 0.2732
43 0.1160 0.1294 0.2343 0.2455 0.0370 0.2379
44 0.0252 0.4402 0.1594 0.3025 0.0634 0.0091
45 0.0372 0.7021 0.1404 0.0972 0.0130 0.0103
46 0.0587 0.4988 0.0475 0.3271 0.0422 0.0256
47 0.1683 0.0974 0.3296 0.1877 0.0538 0.1631
48 0.2661 0.0793 0.1979 0.1470 0.0956 0.2139
49 0.0034 0.0428 0.0086 0.9004 0.0148 0.0299
50 0.0419 0.4263 0.0634 0.3589 0.0275 0.0820
51 0.0043 0.3210 0.1145 0.5547 0.0018 0.0036
52 0.1932 0.1191 0.2642 0.1288 0.0428 0.2520
53 0.1531 0.0929 0.3044 0.1847 0.0238 0.2408
54 0.3313 0.0576 0.3418 0.1219 0.0346 0.1127
55 0.0086 0.4700 0.2086 0.2942 0.0149 0.0037
56 0.0299 0.6602 0.0648 0.2013 0.0222 0.0217
57 0.2463 0.0728 0.1259 0.3315 0.0432 0.1803
58 0.0148 0.0849 0.0188 0.8184 0.0271 0.0359
59 0.1921 0.1241 0.2754 0.1241 0.0526 0.2318
60 0.0779 0.5322 0.0552 0.2363 0.0315 0.0667
61 0.1693 0.4749 0.0425 0.2388 0.0508 0.0238
62 0.0229 0.0548 0.5366 0.0773 0.1422 0.1663
63 0.2311 0.1285 0.3062 0.1886 0.0296 0.1161
64 0.1979 0.3525 0.3113 0.1002 0.0144 0.0236
65 0.0556 0.2001 0.5610 0.0759 0.0888 0.0185
66 0.0988 0.2905 0.3848 0.0914 0.1155 0.0190
67 0.0761 0.1179 0.4553 0.2896 0.0194 0.0417
68 0.0864 0.1403 0.3638 0.3015 0.0405 0.0678
69 0.1222 0.4612 0.0314 0.1021 0.2710 0.0120
70 0.0768 0.4817 0.0540 0.2639 0.1017 0.0218
71 0.0523 0.3206 0.4248 0.1108 0.0641 0.0274
72 0.0381 0.2925 0.4602 0.0442 0.0851 0.0800
73 0.1725 0.4138 0.2651 0.0841 0.0161 0.0483
74 0.1755 0.4961 0.2036 0.0651 0.0135 0.0461
75 0.0212 0.6006 0.2142 0.1299 0.0258 0.0082
76 0.0372 0.5771 0.0928 0.2683 0.0096 0.0148
77 0.1851 0.0790 0.3403 0.2064 0.0334 0.1558
78 0.1311 0.0555 0.3853 0.1968 0.0376 0.1937
79 0.0679 0.0513 0.3730 0.2371 0.0482 0.2227
80 0.0049 0.8042 0.0232 0.1559 0.0102 0.0016
81 0.0130 0.7695 0.1162 0.0927 0.0038 0.0048
82 0.2615 0.1714 0.3152 0.2068 0.0215 0.0237
83 0.3142 0.1906 0.1997 0.2299 0.0093 0.0563
84 0.0369 0.7026 0.1060 0.1427 0.0088 0.0031
85 0.0948 0.1348 0.4182 0.3308 0.0090 0.0122
86 0.0513 0.0600 0.6450 0.1581 0.0108 0.0746
87 0.1119 0.0445 0.2812 0.1732 0.0224 0.3667
88 0.1129 0.0390 0.4004 0.2668 0.0240 0.1569
89 0.0435 0.3423 0.2428 0.2666 0.0776 0.0272
90 0.0430 0.3357 0.4446 0.0903 0.0656 0.0208
91 0.1736 0.1656 0.2688 0.2732 0.0242 0.0944
92 0.1936 0.2126 0.2410 0.1791 0.0131 0.1605
93 0.0103 0.1176 0.1683 0.6870 0.0043 0.0124
94 0.0581 0.2045 0.3169 0.2281 0.0062 0.1863
95 0.0599 0.1482 0.2856 0.1815 0.0111 0.3137
96 0.2332 0.1110 0.5093 0.1182 0.0080 0.0205
97 0.2054 0.1033 0.4023 0.1412 0.0249 0.1227
98 0.2345 0.0977 0.3521 0.1255 0.0241 0.1663
99 0.0577 0.5967 0.0526 0.1473 0.1373 0.0082
100 0.0657 0.3499 0.2900 0.2404 0.0244 0.0298
101 0.0603 0.4744 0.0705 0.3813 0.0079 0.0056
102 0.0811 0.2659 0.3931 0.1010 0.1199 0.0392
103 0.1072 0.1334 0.1560 0.3008 0.0414 0.2612
104 0.0646 0.1066 0.1730 0.3440 0.0310 0.2808
105 0.0135 0.5469 0.0723 0.3477 0.0079 0.0116
106 0.0724 0.2014 0.3853 0.0286 0.1863 0.1261
107 0.0088 0.5454 0.0955 0.3359 0.0055 0.0090
108 0.1683 0.0497 0.5352 0.2062 0.0149 0.0258
109 0.1407 0.1029 0.1322 0.4541 0.0155 0.1545
110 0.1958 0.2939 0.1478 0.3279 0.0170 0.0178
111 0.0518 0.0875 0.2800 0.5659 0.0040 0.0108
112 0.1945 0.1467 0.2102 0.2458 0.0112 0.1914
113 0.0541 0.1888 0.0740 0.6191 0.0215 0.0421
114 0.0514 0.0796 0.2163 0.2413 0.0134 0.3979
115 0.1257 0.6089 0.1228 0.1228 0.0081 0.0115
116 0.1658 0.0629 0.3245 0.1937 0.0337 0.2195
117 0.0169 0.0871 0.0086 0.8135 0.0331 0.0411
118 0.0862 0.7056 0.0970 0.0531 0.0417 0.0166
119 0.0049 0.3931 0.0837 0.5049 0.0039 0.0096
120 0.0488 0.0296 0.1143 0.3013 0.0395 0.4666
121 0.0968 0.0828 0.1986 0.4915 0.0172 0.1132
122 0.2979 0.0665 0.3484 0.1261 0.0582 0.1030
123 0.0271 0.6274 0.1000 0.2021 0.0230 0.0203
124 0.0477 0.7124 0.0757 0.1339 0.0131 0.0170
125 0.0836 0.1743 0.2537 0.3013 0.0285 0.1587
126 0.0699 0.1217 0.2421 0.3691 0.0174 0.1799
127 0.0170 0.6128 0.2118 0.1501 0.0015 0.0066
128 0.0221 0.7988 0.0202 0.0401 0.1151 0.0036
129 0.2529 0.1793 0.1498 0.2489 0.0686 0.1006
130 0.0073 0.7104 0.0216 0.2494 0.0103 0.0011
131 0.1161 0.0371 0.1689 0.5371 0.0366 0.1041
132 0.0825 0.5342 0.0845 0.1578 0.1299 0.0113
133 0.0783 0.0475 0.6763 0.0573 0.0072 0.1332
134 0.0925 0.0709 0.6035 0.0883 0.0102 0.1346
135 0.1298 0.3640 0.1774 0.2424 0.0073 0.0793
136 0.2771 0.3557 0.1935 0.1229 0.0133 0.0375
137 0.0218 0.0715 0.0167 0.8438 0.0414 0.0048
138 0.0215 0.2036 0.0293 0.6997 0.0389 0.0069
139 0.0249 0.4768 0.0784 0.3953 0.0153 0.0093
140 0.1779 0.2979 0.2510 0.2321 0.0117 0.0295
141 0.0206 0.2742 0.0527 0.3926 0.2272 0.0327
142 0.0931 0.4800 0.0439 0.2017 0.1633 0.0180
143 0.0792 0.0804 0.1676 0.4348 0.0161 0.2220
144 0.0476 0.1838 0.0221 0.6416 0.0544 0.0503
145 0.0140 0.2742 0.1422 0.5537 0.0015 0.0144
146 0.0064 0.6382 0.0683 0.2703 0.0072 0.0099
147 0.0659 0.0482 0.3506 0.0846 0.2448 0.2061
148 0.0624 0.0493 0.4067 0.0826 0.2212 0.1777
149 0.0967 0.3223 0.2285 0.2395 0.0277 0.0854
150 0.0958 0.1735 0.2603 0.3848 0.0156 0.0701
151 0.0845 0.1903 0.1371 0.5015 0.0209 0.0658
152 0.0479 0.3408 0.3684 0.1313 0.0784 0.0330
153 0.0413 0.3484 0.3948 0.1282 0.0708 0.0167
154 0.0750 0.4382 0.2700 0.1217 0.0905 0.0045
155 0.0507 0.5034 0.2167 0.1294 0.0917 0.0080
156 0.0814 0.2177 0.3943 0.1384 0.1362 0.0321
157 0.0563 0.3191 0.3242 0.1351 0.1532 0.0119
158 0.0526 0.2715 0.2673 0.3276 0.0269 0.0539
159 0.0580 0.2854 0.1873 0.3843 0.0338 0.0512
160 0.0301 0.1472 0.1495 0.5059 0.0493 0.1182
161 0.0793 0.6143 0.0485 0.1653 0.0799 0.0130
162 0.0602 0.3308 0.2310 0.3359 0.0232 0.0188
163 0.2023 0.0360 0.1689 0.0602 0.0161 0.5166
164 0.0276 0.4312 0.2202 0.2964 0.0202 0.0046
165 0.0800 0.2426 0.2314 0.2881 0.0418 0.1163
166 0.0852 0.6860 0.0277 0.1604 0.0331 0.0074
167 0.1068 0.3728 0.2244 0.2175 0.0695 0.0088
168 0.0887 0.3003 0.2754 0.2568 0.0429 0.0359
169 0.0370 0.2448 0.5024 0.0758 0.0820 0.0581
170 0.0373 0.6260 0.1149 0.1464 0.0610 0.0142
171 0.0055 0.7085 0.1417 0.1395 0.0029 0.0020
172 0.0797 0.0556 0.7324 0.0271 0.0075 0.0976
173 0.1029 0.0436 0.7256 0.0339 0.0073 0.0867
174 0.1124 0.1489 0.2271 0.4243 0.0112 0.0760
175 0.1779 0.0867 0.0654 0.4333 0.0286 0.2080
176 0.0161 0.5942 0.1368 0.2401 0.0069 0.0060
177 0.0565 0.0298 0.7554 0.0426 0.0071 0.1088
178 0.0536 0.0519 0.7397 0.0411 0.0054 0.1082
179 0.0528 0.6001 0.0233 0.1436 0.1505 0.0299
180 0.0333 0.5215 0.0285 0.2208 0.1888 0.0070
181 0.1542 0.0384 0.5215 0.0878 0.0150 0.1831
182 0.1847 0.0456 0.5098 0.0712 0.0153 0.1735
183 0.1121 0.0372 0.5874 0.0859 0.0337 0.1439
184 0.0957 0.0224 0.5508 0.0270 0.0097 0.2947
185 0.0694 0.1976 0.0673 0.5811 0.0739 0.0108
186 0.0204 0.1962 0.0411 0.7173 0.0193 0.0057
187 0.3843 0.2025 0.1760 0.1844 0.0125 0.0402
188 0.1324 0.0374 0.5488 0.0910 0.0147 0.1754
189 0.0890 0.5938 0.1090 0.1549 0.0282 0.0249
190 0.1104 0.0231 0.6553 0.0944 0.0406 0.0759
191 0.0253 0.2155 0.1247 0.5859 0.0212 0.0276
192 0.0212 0.0705 0.0344 0.8071 0.0208 0.0462
193 0.0995 0.0508 0.6489 0.0825 0.0107 0.1076
194 0.1370 0.3499 0.2559 0.2024 0.0061 0.0488
195 0.0992 0.0145 0.2068 0.0447 0.0365 0.5981
196 0.0289 0.4282 0.0366 0.4705 0.0062 0.0296
197 0.1647 0.1865 0.2632 0.2844 0.0132 0.0881
198 0.0103 0.5791 0.0464 0.3567 0.0026 0.0052
199 0.0424 0.0912 0.4421 0.2367 0.0031 0.1843
200 0.0308 0.1918 0.3699 0.1448 0.1110 0.1517
201 0.3152 0.0903 0.2034 0.1106 0.0153 0.2654
202 0.1831 0.0623 0.1449 0.3315 0.0706 0.2075
203 0.0707 0.0350 0.1165 0.3423 0.0160 0.4194
204 0.0548 0.1024 0.1315 0.6274 0.0317 0.0523
205 0.0157 0.5010 0.1026 0.3499 0.0156 0.0150
206 0.1674 0.1323 0.1754 0.4141 0.0140 0.0969
207 0.3315 0.1641 0.1888 0.2583 0.0323 0.0250
208 0.1015 0.0230 0.2183 0.1727 0.0223 0.4622
209 0.0605 0.6064 0.0854 0.2231 0.0193 0.0049
210 0.3245 0.1656 0.2229 0.1683 0.0582 0.0605
211 0.0949 0.0492 0.6187 0.1447 0.0100 0.0825
212 0.0873 0.1331 0.2335 0.2817 0.0198 0.2448
213 0.0316 0.5107 0.1232 0.2649 0.0468 0.0226
214 0.0921 0.1776 0.1642 0.4827 0.0501 0.0334
215 0.0128 0.1616 0.0463 0.7241 0.0318 0.0233
216 0.0306 0.0231 0.4294 0.4792 0.0084 0.0292
217 0.0605 0.2247 0.1779 0.3884 0.0534 0.0952
218 0.2023 0.2479 0.3416 0.0837 0.0688 0.0558
219 0.0303 0.1107 0.3254 0.1661 0.2827 0.0849
220 0.0173 0.0338 0.5205 0.4119 0.0021 0.0143
221 0.0513 0.1138 0.1936 0.3975 0.0244 0.2195
222 0.0184 0.1111 0.7598 0.0981 0.0050 0.0077
223 0.2302 0.1583 0.2778 0.2130 0.0754 0.0453
224 0.0823 0.4114 0.1742 0.1826 0.0049 0.1444
225 0.0274 0.3750 0.0762 0.3013 0.2070 0.0131
226 0.0344 0.4707 0.1136 0.2991 0.0768 0.0054
227 0.0312 0.3662 0.1456 0.3547 0.0955 0.0067
228 0.0344 0.3850 0.1461 0.3560 0.0735 0.0051
229 0.0574 0.3953 0.2019 0.2803 0.0611 0.0041
230 0.0313 0.1329 0.2771 0.5176 0.0361 0.0048
231 0.0761 0.0583 0.2827 0.5200 0.0303 0.0322
232 0.4373 0.1609 0.2491 0.0491 0.0583 0.0454
233 0.1136 0.1553 0.1349 0.1288 0.0181 0.4492
