time exciting_prob fearful_prob tense_prob sad_prob relaxing_prob neutral_prob
0 0.1136 0.1553 0.1349 0.1288 0.0181 0.4492
1 0.1324 0.4478 0.3542 0.0337 0.0275 0.0042
2 0.2556 0.0274 0.1600 0.4666 0.0333 0.0570
3 0.5024 0.1029 0.2607 0.0808 0.0376 0.0153
4 0.2803 0.0660 0.3770 0.1609 0.0698 0.0461
5 0.3926 0.1326 0.3604 0.0527 0.0430 0.0187
6 0.4548 0.0868 0.2847 0.0737 0.0835 0.0164
7 0.2493 0.0552 0.2473 0.2593 0.0875 0.1015
8 0.3718 0.0830 0.3108 0.0993 0.0779 0.0570
9 0.5396 0.0789 0.1908 0.0514 0.1271 0.0125
10 0.7563 0.0172 0.1064 0.0910 0.0074 0.0218
11 0.2048 0.0416 0.1545 0.3887 0.0605 0.1498
12 0.4695 0.0465 0.0816 0.3601 0.0094 0.0330
13 0.1680 0.0058 0.7891 0.0183 0.0016 0.0172
14 0.6069 0.0069 0.3740 0.0061 0.0025 0.0036
15 0.1609 0.2378 0.1132 0.0433 0.4375 0.0072
16 0.3376 0.1969 0.0783 0.0076 0.3767 0.0028
17 0.1831 0.1011 0.3213 0.3164 0.0576 0.0205
18 0.1609 0.4338 0.2198 0.1465 0.0362 0.0027
19 0.1570 0.2888 0.5229 0.0084 0.0206 0.0022
20 0.2798 0.2249 0.2213 0.2607 0.0072 0.0060
21 0.1744 0.4490 0.2598 0.1002 0.0155 0.0010
22 0.0148 0.3069 0.3818 0.2881 0.0028 0.0056
23 0.1608 0.2268 0.4993 0.0765 0.0233 0.0132
24 0.1360 0.5591 0.2123 0.0858 0.0037 0.0031
25 0.1320 0.1329 0.3938 0.3115 0.0135 0.0163
26 0.3191 0.1735 0.1309 0.3672 0.0025 0.0069
27 0.2056 0.3721 0.3694 0.0073 0.0424 0.0033
28 0.3389 0.1978 0.2122 0.1887 0.0166 0.0459
29 0.4170 0.2080 0.1738 0.1464 0.0083 0.0468
30 0.7007 0.0251 0.0296 0.1744 0.0632 0.0067
31 0.6318 0.0310 0.0630 0.2168 0.0499 0.0072
32 0.2502 0.5381 0.1019 0.0262 0.0838 0.0002
33 0.0789 0.2798 0.2450 0.3323 0.0624 0.0016
34 0.5425 0.0478 0.2708 0.0865 0.0500 0.0026
35 0.0844 0.6484 0.1381 0.1050 0.0227 0.0012
36 0.0831 0.6235 0.1978 0.0705 0.0246 0.0005
37 0.2554 0.1770 0.3384 0.0287 0.1914 0.0091
38 0.2019 0.1796 0.2532 0.2825 0.0778 0.0051
39 0.0754 0.1674 0.1377 0.5889 0.0156 0.0151
40 0.1118 0.6235 0.1058 0.1307 0.0274 0.0007
41 0.2798 0.2393 0.4006 0.0680 0.0119 0.0006
42 0.3096 0.1148 0.2195 0.0997 0.2430 0.0134
43 0.7607 0.1122 0.0959 0.0058 0.0223 0.0031
44 0.7441 0.1376 0.0841 0.0100 0.0214 0.0028
45 0.7871 0.0570 0.1025 0.0179 0.0301 0.0051
46 0.1094 0.2625 0.4128 0.1775 0.0170 0.0209
47 0.2732 0.2449 0.1417 0.0412 0.2954 0.0037
48 0.2573 0.1151 0.3179 0.1345 0.1254 0.0499
49 0.4060 0.1964 0.2642 0.0121 0.1182 0.0031
50 0.3477 0.3369 0.2043 0.0497 0.0604 0.0011
51 0.1873 0.2041 0.5010 0.0386 0.0673 0.0016
52 0.1522 0.2163 0.5742 0.0167 0.0400 0.0003
53 0.0219 0.4753 0.4680 0.0326 0.0009 0.0014
54 0.0746 0.1239 0.7021 0.0331 0.0618 0.0045
55 0.4338 0.2166 0.1824 0.1409 0.0197 0.0067
56 0.5078 0.1274 0.0371 0.2456 0.0704 0.0118
57 0.5273 0.1420 0.0697 0.2147 0.0340 0.0123
58 0.4897 0.0781 0.0445 0.3210 0.0470 0.0196
59 0.4077 0.0556 0.0305 0.4443 0.0235 0.0385
60 0.4548 0.2654 0.2019 0.0201 0.0556 0.0021
61 0.0905 0.4353 0.4353 0.0236 0.0150 0.0001
62 0.2272 0.1573 0.4961 0.0368 0.0732 0.0095
63 0.3059 0.2478 0.1757 0.1198 0.1469 0.0040
64 0.1946 0.3809 0.2681 0.0492 0.1010 0.0064
65 0.4648 0.1998 0.2607 0.0364 0.0307 0.0076
66 0.3840 0.2766 0.0716 0.2024 0.0528 0.0125
67 0.3464 0.3518 0.2151 0.0213 0.0602 0.0050
68 0.6123 0.1973 0.1124 0.0206 0.0552 0.0023
69 0.3530 0.2793 0.0619 0.2389 0.0501 0.0166
70 0.5469 0.2334 0.0729 0.1036 0.0390 0.0040
71 0.5874 0.2014 0.0387 0.1331 0.0375 0.0019
72 0.5801 0.2004 0.0322 0.1410 0.0451 0.0015
73 0.3674 0.3911 0.0449 0.1351 0.0546 0.0068
74 0.4680 0.1373 0.2335 0.0467 0.1044 0.0100
75 0.4658 0.2455 0.1443 0.1072 0.0368 0.0005
76 0.2090 0.1350 0.1979 0.4158 0.0130 0.0294
77 0.0816 0.4312 0.3804 0.0856 0.0197 0.0016
78 0.0452 0.1681 0.3909 0.3643 0.0248 0.0069
79 0.3044 0.1519 0.3164 0.2075 0.0144 0.0054
80 0.2744 0.1017 0.0898 0.1126 0.3992 0.0222
81 0.2002 0.2340 0.0676 0.1809 0.2822 0.0351
82 0.2832 0.2620 0.1171 0.3159 0.0036 0.0185
83 0.1758 0.3389 0.0994 0.3311 0.0470 0.0079
84 0.6562 0.0151 0.1014 0.1711 0.0277 0.0286
85 0.7051 0.0247 0.0977 0.1377 0.0195 0.0153
86 0.1808 0.6562 0.1476 0.0087 0.0068 0.0000
87 0.1794 0.2081 0.2001 0.3738 0.0370 0.0015
88 0.1550 0.5674 0.2556 0.0131 0.0088 0.0000
89 0.2805 0.2363 0.1169 0.0179 0.3464 0.0017
90 0.2651 0.3125 0.1647 0.2452 0.0101 0.0025
91 0.1783 0.2202 0.2986 0.2720 0.0284 0.0023
92 0.0545 0.4492 0.3286 0.1381 0.0155 0.0140
93 0.1935 0.5688 0.1383 0.0900 0.0085 0.0010
94 0.3230 0.2896 0.1116 0.0862 0.1812 0.0083
95 0.1940 0.1302 0.3274 0.2452 0.0134 0.0895
96 0.2500 0.1732 0.3210 0.2123 0.0134 0.0299
97 0.3159 0.0154 0.1552 0.4595 0.0402 0.0141
98 0.4807 0.0472 0.2615 0.1675 0.0330 0.0101
99 0.3728 0.0176 0.0533 0.5215 0.0229 0.0120
100 0.1088 0.5029 0.1453 0.2214 0.0101 0.0116
101 0.0488 0.6636 0.2479 0.0266 0.0116 0.0015
102 0.1791 0.4646 0.2688 0.0746 0.0102 0.0027
103 0.1600 0.5898 0.1857 0.0265 0.0368 0.0008
104 0.1110 0.2705 0.5635 0.0445 0.0082 0.0022
105 0.2922 0.1652 0.4055 0.0919 0.0411 0.0041
106 0.1896 0.2759 0.3596 0.1168 0.0176 0.0407
107 0.1438 0.3318 0.3423 0.1111 0.0674 0.0039
108 0.2651 0.1499 0.2130 0.3403 0.0057 0.0258
109 0.3799 0.2415 0.1713 0.1852 0.0095 0.0128
110 0.4229 0.1592 0.2408 0.0813 0.0900 0.0058
111 0.5830 0.0526 0.1820 0.0707 0.1021 0.0094
112 0.6611 0.0464 0.1122 0.0909 0.0660 0.0232
113 0.7554 0.0620 0.1131 0.0241 0.0388 0.0068
114 0.0464 0.0592 0.1168 0.6719 0.0592 0.0464
115 0.0592 0.1810 0.2324 0.4919 0.0025 0.0330
116 0.1422 0.0823 0.6426 0.0970 0.0082 0.0278
117 0.1429 0.1954 0.5928 0.0479 0.0142 0.0070
118 0.2751 0.2646 0.2952 0.0277 0.1321 0.0052
119 0.1744 0.3159 0.2639 0.1947 0.0424 0.0085
120 0.2396 0.1547 0.5234 0.0391 0.0397 0.0034
121 0.3167 0.2930 0.2280 0.0193 0.1351 0.0079
122 0.3894 0.1466 0.3687 0.0202 0.0698 0.0055
123 0.1556 0.1362 0.5063 0.1805 0.0037 0.0176
124 0.1431 0.5928 0.1647 0.0834 0.0131 0.0029
125 0.2030 0.0702 0.4365 0.1820 0.0595 0.0486
126 0.2588 0.2063 0.2047 0.1864 0.1104 0.0334
127 0.3943 0.0393 0.3943 0.1212 0.0345 0.0164
128 0.0614 0.1761 0.6704 0.0505 0.0372 0.0046
129 0.0796 0.1940 0.3223 0.3826 0.0175 0.0041
130 0.1531 0.6011 0.1086 0.1147 0.0149 0.0077
131 0.1523 0.0526 0.7617 0.0302 0.0027 0.0003
132 0.4346 0.1537 0.2576 0.0178 0.1245 0.0119
133 0.0831 0.0599 0.8398 0.0085 0.0080 0.0007
134 0.2729 0.3674 0.2372 0.0270 0.0880 0.0076
135 0.3325 0.3196 0.1659 0.0945 0.0854 0.0021
136 0.1498 0.5396 0.1429 0.1375 0.0286 0.0015
137 0.4729 0.3513 0.0447 0.1072 0.0206 0.0032
138 0.2717 0.2166 0.1345 0.2961 0.0597 0.0215
139 0.3398 0.0866 0.0770 0.4004 0.0826 0.0136
140 0.1447 0.2683 0.4707 0.1083 0.0068 0.0013
141 0.3250 0.3054 0.0895 0.0302 0.2473 0.0026
142 0.4048 0.1335 0.3435 0.0911 0.0259 0.0011
143 0.2489 0.3796 0.1140 0.0538 0.1985 0.0051
144 0.2612 0.3030 0.3599 0.0385 0.0284 0.0089
145 0.2361 0.3462 0.2493 0.1263 0.0385 0.0036
146 0.2042 0.2260 0.0652 0.0456 0.4424 0.0165
147 0.1342 0.4038 0.0807 0.0037 0.3765 0.0012
148 0.1729 0.3438 0.4246 0.0271 0.0312 0.0005
149 0.0525 0.1321 0.6704 0.1270 0.0076 0.0103
150 0.0920 0.3064 0.5508 0.0355 0.0093 0.0060
151 0.1453 0.4690 0.2715 0.0530 0.0591 0.0023
152 0.8198 0.0205 0.1042 0.0363 0.0153 0.0041
153 0.7896 0.0179 0.0807 0.0740 0.0237 0.0142
154 0.8042 0.0105 0.0968 0.0703 0.0145 0.0037
155 0.3628 0.1572 0.3516 0.0317 0.0924 0.0044
156 0.0909 0.0258 0.2395 0.3828 0.0061 0.2549
157 0.5103 0.2666 0.1112 0.0319 0.0753 0.0049
158 0.2177 0.0446 0.4263 0.2710 0.0055 0.0350
159 0.2830 0.2478 0.1730 0.0444 0.2498 0.0020
160 0.3601 0.0356 0.0749 0.5117 0.0139 0.0036
161 0.3838 0.1198 0.3633 0.1227 0.0091 0.0014
162 0.3577 0.1198 0.3108 0.1785 0.0134 0.0197
163 0.3606 0.3037 0.1327 0.0238 0.1758 0.0036
164 0.0631 0.3958 0.1337 0.3660 0.0060 0.0354
165 0.0271 0.0990 0.0735 0.6978 0.0019 0.1005
166 0.4368 0.0990 0.2129 0.2113 0.0373 0.0027
167 0.5483 0.1621 0.1837 0.0379 0.0671 0.0006
168 0.4988 0.0718 0.2079 0.1835 0.0286 0.0093
169 0.1259 0.5957 0.1329 0.0812 0.0599 0.0043
170 0.4541 0.0908 0.2776 0.1013 0.0742 0.0018
171 0.4375 0.1597 0.2937 0.0630 0.0457 0.0004
172 0.2015 0.1005 0.4041 0.2864 0.0061 0.0014
173 0.2725 0.2008 0.2900 0.2330 0.0023 0.0015
174 0.1283 0.2612 0.1674 0.3486 0.0237 0.0709
175 0.1946 0.2087 0.1434 0.3840 0.0242 0.0451
176 0.0776 0.5063 0.3374 0.0490 0.0290 0.0006
177 0.4519 0.0440 0.0804 0.3306 0.0773 0.0159
178 0.1142 0.0499 0.0726 0.7275 0.0253 0.0105
179 0.1915 0.5542 0.2039 0.0263 0.0073 0.0170
180 0.0726 0.7446 0.1315 0.0483 0.0023 0.0007
181 0.0601 0.3679 0.4578 0.0967 0.0149 0.0026
182 0.2585 0.2029 0.2883 0.1605 0.0789 0.0110
183 0.0804 0.3774 0.2085 0.3279 0.0025 0.0034
184 0.0305 0.4763 0.3101 0.1711 0.0095 0.0024
185 0.2063 0.1879 0.1779 0.0195 0.4072 0.0012
186 0.2725 0.2812 0.2878 0.1448 0.0126 0.0011
187 0.2003 0.4998 0.2184 0.0731 0.0079 0.0005
188 0.2128 0.2111 0.2391 0.3269 0.0091 0.0010
189 0.2380 0.4414 0.2418 0.0357 0.0392 0.0039
190 0.2678 0.3108 0.1870 0.2152 0.0188 0.0003
191 0.3401 0.2507 0.1570 0.0397 0.2080 0.0043
192 0.2283 0.4575 0.2585 0.0314 0.0217 0.0025
193 0.2859 0.1483 0.1372 0.1044 0.3140 0.0102
194 0.3403 0.1533 0.2734 0.1046 0.1272 0.0011
195 0.1088 0.1354 0.0765 0.0329 0.6460 0.0005
196 0.4226 0.0505 0.2125 0.2815 0.0015 0.0313
197 0.6958 0.0466 0.2277 0.0236 0.0011 0.0050
198 0.7061 0.0500 0.1992 0.0341 0.0013 0.0092
199 0.3958 0.0386 0.2363 0.2720 0.0030 0.0544
200 0.8545 0.0316 0.0478 0.0449 0.0141 0.0070
201 0.8579 0.0322 0.0507 0.0389 0.0140 0.0064
202 0.7988 0.0451 0.0340 0.0897 0.0153 0.0170
