time exciting_prob fearful_prob tense_prob sad_prob relaxing_prob neutral_prob
0 0.0947 0.0849 0.1467 0.6177 0.0276 0.0282
1 0.7554 0.0426 0.0975 0.0104 0.0902 0.0037
2 0.5913 0.0585 0.1996 0.0378 0.1094 0.0034
3 0.8506 0.0255 0.0414 0.0077 0.0743 0.0008
4 0.8354 0.0134 0.0771 0.0123 0.0596 0.0023
5 0.1606 0.3945 0.3945 0.0370 0.0107 0.0027
6 0.1902 0.0871 0.2947 0.3186 0.0489 0.0608
7 0.1779 0.4070 0.2112 0.1892 0.0115 0.0033
8 0.2250 0.2510 0.4268 0.0530 0.0429 0.0013
9 0.1401 0.2366 0.4856 0.1199 0.0140 0.0038
10 0.1030 0.0518 0.1429 0.2507 0.0314 0.4202
11 0.2043 0.0813 0.1667 0.4395 0.0412 0.0669
12 0.1098 0.2515 0.3176 0.2324 0.0261 0.0626
13 0.3237 0.0405 0.1328 0.3340 0.0233 0.1459
14 0.6318 0.1536 0.1098 0.0656 0.0098 0.0295
15 0.4136 0.0834 0.2213 0.1475 0.0196 0.1148
16 0.1890 0.0387 0.2666 0.4534 0.0079 0.0446
17 0.3464 0.0786 0.3464 0.1929 0.0074 0.0282
18 0.5117 0.0791 0.2739 0.0317 0.0785 0.0247
19 0.5410 0.0709 0.2678 0.0320 0.0779 0.0105
20 0.3875 0.2522 0.1874 0.1257 0.0308 0.0166
21 0.1957 0.1080 0.2512 0.2018 0.0760 0.1674
22 0.4026 0.1067 0.3040 0.0421 0.0871 0.0576
23 0.2739 0.2417 0.1548 0.2494 0.0362 0.0440
24 0.3423 0.1484 0.2228 0.2109 0.0285 0.0471
25 0.3765 0.2449 0.2979 0.0468 0.0169 0.0173
26 0.3838 0.1390 0.3750 0.0346 0.0607 0.0067
27 0.5068 0.0828 0.2629 0.0625 0.0748 0.0099
28 0.4011 0.1114 0.3325 0.0605 0.0719 0.0226
29 0.3003 0.0400 0.2734 0.1940 0.0100 0.1823
30 0.1659 0.0923 0.5879 0.1213 0.0260 0.0065
31 0.2163 0.2375 0.2412 0.2866 0.0126 0.0059
32 0.1261 0.0450 0.4758 0.3169 0.0212 0.0152
33 0.1332 0.1606 0.5435 0.1332 0.0171 0.0127
34 0.3550 0.1171 0.2832 0.2023 0.0333 0.0092
35 0.0110 0.2201 0.7446 0.0211 0.0012 0.0019
36 0.0074 0.0403 0.6704 0.2625 0.0164 0.0031
37 0.1870 0.2119 0.3523 0.2054 0.0346 0.0088
38 0.0099 0.3816 0.4126 0.1859 0.0088 0.0014
39 0.0262 0.2078 0.6919 0.0525 0.0211 0.0006
40 0.2947 0.0844 0.1482 0.2947 0.1760 0.0020
41 0.1392 0.2854 0.3965 0.1481 0.0251 0.0057
42 0.1884 0.0677 0.3010 0.4114 0.0234 0.0083
43 0.0628 0.0609 0.6748 0.1530 0.0112 0.0372
44 0.0449 0.0980 0.6099 0.1667 0.0149 0.0653
45 0.0370 0.0314 0.2018 0.6719 0.0423 0.0154
46 0.3704 0.1212 0.3479 0.1362 0.0211 0.0035
47 0.1129 0.1383 0.4004 0.3372 0.0074 0.0040
48 0.1959 0.3386 0.3230 0.0392 0.0985 0.0047
49 0.0541 0.0213 0.0800 0.8203 0.0194 0.0051
50 0.4861 0.2426 0.1137 0.1019 0.0463 0.0093
51 0.3792 0.3293 0.1605 0.0839 0.0446 0.0025
52 0.2026 0.1329 0.6294 0.0285 0.0061 0.0006
53 0.1970 0.0861 0.6069 0.0945 0.0097 0.0057
54 0.1476 0.1312 0.4011 0.3076 0.0053 0.0072
55 0.3206 0.2964 0.2656 0.0357 0.0732 0.0086
56 0.3508 0.1807 0.3000 0.1301 0.0268 0.0115
57 0.0323 0.1567 0.6807 0.0250 0.0950 0.0103
58 0.4077 0.1377 0.4143 0.0116 0.0243 0.0044
59 0.3440 0.0651 0.3958 0.1490 0.0155 0.0305
60 0.0336 0.0193 0.7065 0.2122 0.0006 0.0280
61 0.0127 0.1088 0.7432 0.1232 0.0011 0.0109
62 0.0165 0.0618 0.5015 0.3906 0.0006 0.0287
63 0.4797 0.0620 0.0162 0.2864 0.1475 0.0084
64 0.4565 0.2174 0.0088 0.0723 0.2444 0.0004
65 0.4690 0.2164 0.1595 0.0406 0.1022 0.0122
66 0.3635 0.3062 0.1991 0.0424 0.0732 0.0157
67 0.2465 0.1155 0.2227 0.3560 0.0237 0.0358
68 0.5073 0.3225 0.1196 0.0232 0.0219 0.0054
69 0.5103 0.2448 0.1655 0.0375 0.0342 0.0080
70 0.1107 0.1421 0.4810 0.1561 0.0170 0.0932
71 0.4482 0.2437 0.1868 0.0454 0.0661 0.0099
72 0.5879 0.1909 0.1131 0.0436 0.0518 0.0125
73 0.6265 0.1398 0.0671 0.0720 0.0902 0.0048
74 0.1174 0.1735 0.4226 0.1996 0.0396 0.0474
75 0.0897 0.2069 0.2742 0.3689 0.0531 0.0075
76 0.1489 0.2344 0.2634 0.2495 0.0773 0.0265
77 0.0579 0.2401 0.5083 0.1650 0.0104 0.0182
78 0.1276 0.1327 0.5806 0.0584 0.0905 0.0101
79 0.3743 0.1941 0.1809 0.1572 0.0803 0.0132
80 0.1404 0.0845 0.6445 0.1111 0.0115 0.0081
81 0.0998 0.2197 0.3594 0.1113 0.1407 0.0692
82 0.1658 0.1750 0.3049 0.3271 0.0243 0.0028
83 0.3904 0.1093 0.1436 0.2172 0.1034 0.0363
84 0.4441 0.0902 0.1376 0.2632 0.0351 0.0298
85 0.1144 0.0122 0.0177 0.0368 0.8130 0.0061
86 0.1002 0.2661 0.4387 0.1425 0.0320 0.0204
87 0.1083 0.2275 0.4893 0.1126 0.0571 0.0052
88 0.1740 0.4956 0.2341 0.0413 0.0330 0.0219
89 0.4651 0.2888 0.1440 0.0312 0.0610 0.0098
90 0.1980 0.1318 0.4358 0.1068 0.0046 0.1229
91 0.1605 0.1240 0.5688 0.1069 0.0250 0.0145
92 0.4722 0.1521 0.1185 0.2162 0.0244 0.0167
93 0.2333 0.2542 0.2834 0.1471 0.0787 0.0033
94 0.1282 0.0115 0.0247 0.1547 0.6021 0.0790
95 0.2598 0.2119 0.1074 0.1703 0.0532 0.1975
96 0.2241 0.4932 0.1993 0.0202 0.0589 0.0042
97 0.1882 0.1973 0.4622 0.0621 0.0836 0.0066
98 0.3303 0.0785 0.1636 0.1107 0.2019 0.1151
99 0.3308 0.2537 0.0269 0.3208 0.0657 0.0021
100 0.5073 0.2756 0.0518 0.1122 0.0487 0.0045
101 0.3123 0.1322 0.1582 0.3708 0.0168 0.0098
102 0.5059 0.2059 0.0950 0.1350 0.0546 0.0038
103 0.7783 0.1683 0.0212 0.0099 0.0216 0.0008
104 0.5454 0.1960 0.1017 0.0343 0.1180 0.0044
105 0.5547 0.1665 0.1425 0.0545 0.0699 0.0121
106 0.5322 0.2400 0.1265 0.0293 0.0661 0.0058
107 0.0206 0.5781 0.3674 0.0226 0.0027 0.0088
108 0.0117 0.5767 0.3843 0.0249 0.0006 0.0019
109 0.1265 0.3835 0.2849 0.1649 0.0305 0.0097
110 0.4963 0.0434 0.1367 0.1812 0.0607 0.0817
111 0.2059 0.1437 0.2227 0.4031 0.0067 0.0180
112 0.0286 0.0707 0.1029 0.7603 0.0064 0.0309
113 0.2323 0.3225 0.3655 0.0692 0.0077 0.0029
114 0.1005 0.0619 0.5518 0.2374 0.0037 0.0446
115 0.0431 0.0667 0.0291 0.7871 0.0562 0.0177
116 0.1387 0.1097 0.4373 0.2233 0.0314 0.0596
117 0.4695 0.2871 0.1443 0.0645 0.0271 0.0075
118 0.4409 0.0302 0.2115 0.2416 0.0543 0.0216
119 0.6670 0.1377 0.1324 0.0221 0.0263 0.0143
120 0.5054 0.1903 0.2190 0.0366 0.0303 0.0184
121 0.3853 0.3452 0.0521 0.0277 0.0801 0.1095
122 0.0242 0.0236 0.0154 0.0485 0.8735 0.0149
123 0.0455 0.0305 0.0333 0.1042 0.7695 0.0169
124 0.3721 0.1066 0.1390 0.1469 0.0727 0.1626
125 0.1920 0.2749 0.4714 0.0341 0.0156 0.0118
126 0.3184 0.0831 0.0369 0.0473 0.5127 0.0015
127 0.3152 0.2676 0.2067 0.1548 0.0483 0.0075
128 0.1183 0.4004 0.1362 0.3215 0.0229 0.0007
129 0.1954 0.1232 0.0967 0.4104 0.1725 0.0017
130 0.5703 0.0931 0.2433 0.0337 0.0443 0.0154
131 0.4314 0.1179 0.3467 0.0257 0.0455 0.0330
132 0.4478 0.0868 0.2571 0.1234 0.0388 0.0461
133 0.5210 0.1871 0.2104 0.0143 0.0566 0.0106
134 0.3499 0.1993 0.3472 0.0157 0.0585 0.0292
135 0.4036 0.2161 0.3022 0.0067 0.0581 0.0132
136 0.0580 0.0872 0.7412 0.0740 0.0137 0.0262
137 0.3208 0.2440 0.0249 0.3750 0.0349 0.0007
138 0.2426 0.2502 0.0349 0.4324 0.0378 0.0023
139 0.4941 0.2317 0.0981 0.0770 0.0950 0.0040
140 0.3611 0.1002 0.4028 0.0637 0.0253 0.0470
141 0.6714 0.1429 0.1312 0.0097 0.0394 0.0052
142 0.6030 0.1561 0.1455 0.0362 0.0395 0.0195
143 0.0212 0.0851 0.7354 0.0775 0.0011 0.0800
144 0.0173 0.0941 0.8003 0.0398 0.0005 0.0481
145 0.0723 0.1183 0.1775 0.2927 0.1472 0.1920
146 0.0414 0.1178 0.2695 0.4243 0.0531 0.0939
147 0.0349 0.0701 0.3503 0.4788 0.0198 0.0463
148 0.0149 0.0511 0.7056 0.0986 0.1246 0.0051
149 0.0327 0.2081 0.7383 0.0164 0.0009 0.0037
150 0.2112 0.2145 0.3535 0.0288 0.0071 0.1849
151 0.0909 0.2050 0.4478 0.0359 0.0024 0.2181
152 0.1509 0.0577 0.0595 0.0378 0.6924 0.0019
153 0.1267 0.0344 0.0205 0.0374 0.7764 0.0047
154 0.0911 0.0715 0.4277 0.2827 0.1116 0.0152
155 0.5059 0.1372 0.2859 0.0276 0.0387 0.0047
156 0.3433 0.0506 0.0803 0.4619 0.0146 0.0494
157 0.1775 0.1248 0.0818 0.5684 0.0155 0.0321
158 0.1727 0.0954 0.5405 0.1388 0.0280 0.0245
159 0.2930 0.1086 0.5303 0.0372 0.0248 0.0062
160 0.2244 0.1035 0.5864 0.0372 0.0308 0.0177
161 0.3777 0.1854 0.2556 0.1575 0.0194 0.0046
162 0.1198 0.2764 0.5327 0.0424 0.0160 0.0130
163 0.3201 0.1106 0.3005 0.2200 0.0172 0.0317
164 0.3296 0.3508 0.1521 0.0707 0.0675 0.0293
165 0.3818 0.3503 0.1997 0.0537 0.0073 0.0070
166 0.4089 0.0864 0.2559 0.2258 0.0120 0.0110
167 0.4089 0.0927 0.4153 0.0485 0.0310 0.0037
168 0.1515 0.0898 0.6431 0.0593 0.0150 0.0414
169 0.5103 0.1417 0.2773 0.0160 0.0493 0.0051
170 0.5571 0.0720 0.1781 0.0784 0.0494 0.0650
171 0.4680 0.1543 0.3069 0.0228 0.0403 0.0079
172 0.4675 0.0205 0.2502 0.2208 0.0238 0.0169
173 0.3428 0.1486 0.1176 0.3074 0.0724 0.0115
174 0.3682 0.0983 0.1713 0.3052 0.0487 0.0083
175 0.5029 0.1088 0.1632 0.1510 0.0479 0.0262
176 0.5239 0.1912 0.1561 0.0810 0.0395 0.0084
177 0.4307 0.1926 0.2034 0.0976 0.0592 0.0166
178 0.2900 0.0871 0.5337 0.0220 0.0424 0.0249
179 0.5415 0.2070 0.1434 0.0571 0.0441 0.0070
180 0.5039 0.1514 0.1064 0.1755 0.0327 0.0300
181 0.3418 0.0524 0.1248 0.3875 0.0378 0.0558
182 0.5000 0.1367 0.0211 0.3179 0.0200 0.0042
183 0.5781 0.3320 0.0712 0.0093 0.0073 0.0022
184 0.0301 0.0169 0.0166 0.9229 0.0050 0.0085
185 0.1039 0.2235 0.1098 0.5576 0.0029 0.0022
186 0.1473 0.1833 0.1532 0.5103 0.0039 0.0017
187 0.2744 0.2346 0.1716 0.2830 0.0054 0.0310
188 0.3035 0.0897 0.0773 0.4348 0.0773 0.0173
189 0.4502 0.1696 0.2467 0.0304 0.1005 0.0028
190 0.3506 0.2839 0.1183 0.1417 0.1028 0.0025
191 0.6787 0.1515 0.0779 0.0607 0.0300 0.0012
192 0.4045 0.2759 0.1987 0.0385 0.0803 0.0019
193 0.6279 0.1871 0.0830 0.0532 0.0441 0.0047
194 0.5254 0.0769 0.2463 0.0695 0.0632 0.0186
195 0.7632 0.0798 0.1066 0.0173 0.0294 0.0040
196 0.1121 0.1791 0.3733 0.3193 0.0046 0.0115
197 0.1323 0.2673 0.2551 0.3223 0.0065 0.0166
198 0.1559 0.3738 0.1909 0.2451 0.0071 0.0271
199 0.4666 0.1285 0.1991 0.0646 0.0955 0.0458
200 0.6230 0.1716 0.1161 0.0657 0.0096 0.0139
201 0.1572 0.0977 0.4998 0.1824 0.0300 0.0330
202 0.0497 0.2546 0.6396 0.0387 0.0125 0.0047
203 0.5532 0.0773 0.1255 0.1561 0.0134 0.0743
204 0.5972 0.0239 0.2267 0.1332 0.0015 0.0176
205 0.5332 0.2423 0.0927 0.0705 0.0054 0.0558
206 0.7349 0.0313 0.0694 0.1136 0.0320 0.0190
207 0.1993 0.0898 0.1705 0.5171 0.0129 0.0102
208 0.1125 0.0837 0.4453 0.3206 0.0138 0.0242
209 0.4307 0.1754 0.3381 0.0365 0.0118 0.0075
210 0.2620 0.0963 0.2460 0.3635 0.0212 0.0111
211 0.1686 0.0888 0.3918 0.3198 0.0100 0.0209
212 0.1443 0.0760 0.4307 0.3201 0.0116 0.0175
213 0.1174 0.5781 0.1279 0.1555 0.0199 0.0012
214 0.1963 0.4858 0.1436 0.1436 0.0294 0.0013
215 0.1587 0.6475 0.1170 0.0667 0.0080 0.0022
216 0.2612 0.4995 0.0365 0.1896 0.0128 0.0006
217 0.6216 0.2098 0.0809 0.0737 0.0135 0.0006
218 0.3030 0.2759 0.1432 0.2632 0.0113 0.0032
219 0.1522 0.4202 0.3376 0.0620 0.0267 0.0012
220 0.1240 0.1427 0.6499 0.0685 0.0132 0.0018
221 0.1503 0.0884 0.5083 0.2365 0.0132 0.0032
222 0.3777 0.3359 0.1975 0.0636 0.0240 0.0013
223 0.4233 0.3508 0.1683 0.0391 0.0182 0.0003
224 0.4619 0.3250 0.1647 0.0322 0.0162 0.0001
225 0.4651 0.2910 0.1659 0.0490 0.0286 0.0004
226 0.4392 0.2561 0.2225 0.0757 0.0055 0.0007
227 0.1500 0.6074 0.1769 0.0523 0.0064 0.0068
228 0.2418 0.5625 0.1598 0.0263 0.0093 0.0004
229 0.1409 0.3174 0.1132 0.3076 0.0356 0.0854
230 0.2039 0.0651 0.3413 0.2744 0.0919 0.0234
231 0.5010 0.0594 0.1298 0.1528 0.1516 0.0054
232 0.1449 0.0658 0.0558 0.3020 0.3999 0.0316
233 0.5518 0.2264 0.0712 0.0846 0.0619 0.0042
234 0.6592 0.0706 0.1298 0.0338 0.1060 0.0007
235 0.6255 0.0639 0.1545 0.0490 0.1053 0.0016
236 0.3962 0.0768 0.2639 0.1857 0.0728 0.0045
237 0.7573 0.0133 0.0652 0.0986 0.0627 0.0028
238 0.7095 0.0133 0.0625 0.1376 0.0731 0.0042
239 0.7715 0.0060 0.0290 0.1543 0.0331 0.0061
240 0.2974 0.0297 0.0525 0.5918 0.0190 0.0098
241 0.1619 0.0288 0.0827 0.7144 0.0078 0.0045
242 0.4116 0.2537 0.1357 0.0890 0.1041 0.0062
243 0.3799 0.2303 0.0778 0.2322 0.0731 0.0068
244 0.2097 0.0304 0.0324 0.7095 0.0048 0.0132
245 0.3867 0.0182 0.0205 0.5542 0.0070 0.0133
246 0.3374 0.0153 0.0426 0.5923 0.0091 0.0034
247 0.3354 0.0420 0.0875 0.5195 0.0025 0.0127
248 0.1509 0.0595 0.0337 0.7085 0.0041 0.0432
249 0.4360 0.0120 0.0165 0.5176 0.0095 0.0084
250 0.4343 0.0208 0.0261 0.4998 0.0042 0.0147
251 0.1963 0.0081 0.0589 0.7183 0.0070 0.0116
252 0.0284 0.0127 0.0189 0.9106 0.0112 0.0180
253 0.0804 0.0274 0.0333 0.7754 0.0078 0.0756
254 0.5796 0.0565 0.0939 0.1897 0.0476 0.0325
255 0.8647 0.0343 0.0282 0.0173 0.0503 0.0051
256 0.0680 0.0807 0.0555 0.5874 0.0373 0.1710
257 0.0818 0.0380 0.0516 0.4780 0.0694 0.2810
258 0.1277 0.0512 0.1589 0.5723 0.0150 0.0751
259 0.4426 0.0308 0.1268 0.3728 0.0090 0.0179
260 0.3228 0.2849 0.1810 0.1927 0.0143 0.0042
261 0.1378 0.2456 0.1031 0.1586 0.0469 0.3081
262 0.0441 0.2073 0.1541 0.5376 0.0225 0.0346
263 0.0894 0.2281 0.4756 0.1833 0.0109 0.0126
264 0.1187 0.6465 0.1536 0.0616 0.0115 0.0085
265 0.0582 0.7607 0.1322 0.0394 0.0037 0.0057
266 0.1185 0.1030 0.0909 0.3325 0.0379 0.3171
