time exciting_prob fearful_prob tense_prob sad_prob relaxing_prob neutral_prob
0 0.1136 0.1553 0.1349 0.1288 0.0181 0.4492
1 0.0804 0.2805 0.2185 0.3438 0.0213 0.0553
2 0.0929 0.3911 0.2861 0.1508 0.0181 0.0609
3 0.1182 0.3757 0.3213 0.0965 0.0258 0.0623
4 0.1273 0.2573 0.3103 0.1796 0.0365 0.0889
5 0.1663 0.2830 0.3806 0.0876 0.0368 0.0458
6 0.1652 0.2725 0.3840 0.1066 0.0360 0.0357
7 0.2163 0.2490 0.4043 0.0724 0.0316 0.0262
8 0.1536 0.2654 0.3459 0.1609 0.0237 0.0506
9 0.0216 0.3516 0.0961 0.4731 0.0370 0.0205
10 0.0142 0.1230 0.1085 0.7300 0.0120 0.0123
11 0.0670 0.2754 0.0853 0.4541 0.0685 0.0498
12 0.0338 0.4922 0.1151 0.3032 0.0437 0.0120
13 0.0297 0.2908 0.0629 0.5518 0.0439 0.0212
14 0.0501 0.4680 0.1044 0.2666 0.1004 0.0105
15 0.0434 0.5811 0.0768 0.2659 0.0222 0.0109
16 0.0411 0.5806 0.1025 0.2311 0.0377 0.0069
17 0.0566 0.2876 0.0589 0.4456 0.1277 0.0234
18 0.0806 0.3501 0.1060 0.3289 0.0995 0.0349
19 0.0400 0.2820 0.0422 0.5103 0.1104 0.0152
20 0.1081 0.4883 0.0330 0.2695 0.0896 0.0114
21 0.0875 0.4546 0.1205 0.2715 0.0526 0.0132
22 0.0731 0.5273 0.0464 0.2233 0.1014 0.0286
23 0.0671 0.5938 0.0515 0.2117 0.0687 0.0074
24 0.1637 0.5762 0.0557 0.0993 0.0940 0.0113
25 0.0784 0.6987 0.0539 0.1123 0.0440 0.0129
26 0.1151 0.4241 0.1072 0.2493 0.0953 0.0090
27 0.0339 0.6655 0.1212 0.1605 0.0107 0.0083
28 0.1326 0.6035 0.0963 0.1074 0.0484 0.0120
29 0.1096 0.5879 0.1088 0.1583 0.0252 0.0100
30 0.0835 0.6118 0.0640 0.1926 0.0317 0.0162
31 0.0900 0.1268 0.0409 0.6147 0.0470 0.0806
32 0.2494 0.3518 0.1081 0.1714 0.1056 0.0136
33 0.1689 0.3308 0.0508 0.3467 0.0762 0.0265
34 0.1008 0.4551 0.0379 0.2761 0.1142 0.0159
35 0.0944 0.4758 0.0771 0.2507 0.0922 0.0097
36 0.1476 0.4915 0.1986 0.0759 0.0630 0.0235
37 0.1868 0.3228 0.3179 0.1016 0.0626 0.0085
38 0.0779 0.2020 0.5161 0.1840 0.0149 0.0053
39 0.1146 0.5054 0.1888 0.1494 0.0341 0.0077
40 0.0493 0.2881 0.0361 0.5552 0.0276 0.0435
41 0.0672 0.4021 0.1841 0.2678 0.0588 0.0200
42 0.0685 0.6201 0.2078 0.0789 0.0195 0.0054
43 0.0521 0.5640 0.1919 0.1667 0.0110 0.0143
44 0.0656 0.5239 0.1549 0.2184 0.0300 0.0071
45 0.0618 0.5176 0.2157 0.1904 0.0074 0.0070
46 0.0236 0.7168 0.1676 0.0792 0.0057 0.0072
47 0.0615 0.6880 0.1272 0.1055 0.0110 0.0069
48 0.0513 0.6499 0.1094 0.1721 0.0056 0.0118
49 0.0650 0.6167 0.2131 0.1007 0.0018 0.0024
50 0.1501 0.5713 0.0918 0.1466 0.0315 0.0089
51 0.1387 0.6411 0.1047 0.0742 0.0359 0.0056
52 0.1941 0.4307 0.2612 0.0868 0.0201 0.0072
53 0.1516 0.4895 0.1307 0.1947 0.0268 0.0065
54 0.1495 0.5098 0.2028 0.0839 0.0489 0.0053
55 0.1395 0.4434 0.1593 0.2095 0.0277 0.0207
56 0.1760 0.5508 0.1248 0.0980 0.0425 0.0079
57 0.1135 0.5083 0.2478 0.1135 0.0127 0.0042
58 0.1203 0.5391 0.2627 0.0605 0.0139 0.0035
59 0.1313 0.5840 0.1957 0.0766 0.0070 0.0054
60 0.1702 0.5938 0.1929 0.0296 0.0114 0.0021
61 0.2837 0.3757 0.2091 0.0988 0.0152 0.0176
62 0.2092 0.5342 0.1495 0.0794 0.0212 0.0063
63 0.2223 0.4285 0.2089 0.1083 0.0249 0.0069
64 0.3171 0.4072 0.1292 0.1113 0.0311 0.0042
65 0.1729 0.5239 0.1729 0.0992 0.0251 0.0061
66 0.2903 0.4495 0.1482 0.0740 0.0347 0.0034
67 0.2324 0.4768 0.2051 0.0597 0.0221 0.0040
68 0.1940 0.4075 0.1262 0.2214 0.0376 0.0134
69 0.2426 0.4255 0.1494 0.1393 0.0366 0.0065
70 0.2006 0.4211 0.1869 0.1715 0.0158 0.0041
71 0.2194 0.3733 0.1005 0.2729 0.0302 0.0038
72 0.1705 0.1873 0.1317 0.4783 0.0220 0.0103
73 0.0830 0.5542 0.2039 0.1469 0.0092 0.0032
74 0.1439 0.5063 0.1520 0.1520 0.0302 0.0157
75 0.0981 0.5181 0.2335 0.0839 0.0224 0.0439
76 0.1116 0.6128 0.1367 0.0626 0.0570 0.0191
77 0.1652 0.4421 0.1017 0.1539 0.0912 0.0459
78 0.2343 0.3862 0.1754 0.0709 0.0917 0.0414
79 0.2937 0.3801 0.1273 0.0468 0.1293 0.0228
80 0.1666 0.5254 0.1210 0.0793 0.0652 0.0424
81 0.0630 0.2181 0.0834 0.4993 0.0370 0.0991
82 0.0949 0.2703 0.1200 0.3997 0.0598 0.0554
83 0.0742 0.4688 0.1272 0.1698 0.1262 0.0340
84 0.1278 0.4495 0.2042 0.1309 0.0618 0.0258
85 0.1234 0.2131 0.1511 0.3301 0.0709 0.1115
86 0.0919 0.4216 0.1285 0.2402 0.0739 0.0438
87 0.1569 0.3882 0.1406 0.1936 0.0467 0.0741
88 0.0420 0.2891 0.1726 0.2981 0.0284 0.1699
89 0.0852 0.5220 0.1427 0.1592 0.0331 0.0577
90 0.1442 0.2651 0.3982 0.1272 0.0188 0.0464
91 0.1279 0.1201 0.1694 0.3318 0.0229 0.2280
92 0.0970 0.1305 0.2805 0.3774 0.0112 0.1032
93 0.1901 0.0941 0.2854 0.1871 0.0174 0.2258
94 0.2020 0.0561 0.3435 0.2676 0.0156 0.1151
95 0.2010 0.1318 0.2424 0.3018 0.0250 0.0980
96 0.1572 0.0790 0.1727 0.3599 0.0162 0.2150
97 0.1610 0.1160 0.2593 0.3435 0.0236 0.0969
98 0.1238 0.1517 0.3018 0.2878 0.0399 0.0950
99 0.0815 0.1409 0.2632 0.3030 0.0440 0.1674
100 0.1136 0.0871 0.2810 0.3552 0.0125 0.1505
101 0.1584 0.0947 0.2825 0.3303 0.0216 0.1124
102 0.1425 0.1318 0.2424 0.3755 0.0229 0.0851
103 0.1054 0.0771 0.1793 0.3567 0.0208 0.2610
104 0.1227 0.1528 0.2122 0.2854 0.0213 0.2056
105 0.1166 0.1385 0.2842 0.2468 0.0216 0.1923
106 0.1155 0.2686 0.2729 0.2125 0.0439 0.0865
107 0.1525 0.1324 0.3032 0.1957 0.0324 0.1838
108 0.1588 0.0799 0.2275 0.2275 0.0274 0.2788
109 0.1395 0.1440 0.2527 0.3977 0.0281 0.0379
110 0.2861 0.2527 0.3293 0.1013 0.0113 0.0192
111 0.2402 0.3901 0.2854 0.0641 0.0104 0.0098
112 0.2312 0.3062 0.3811 0.0612 0.0086 0.0117
113 0.2603 0.3672 0.3091 0.0463 0.0094 0.0076
114 0.2231 0.4302 0.3049 0.0300 0.0079 0.0038
115 0.1699 0.4075 0.3828 0.0277 0.0090 0.0029
116 0.1659 0.3403 0.4104 0.0654 0.0122 0.0057
117 0.2047 0.4473 0.2888 0.0327 0.0228 0.0040
118 0.2465 0.4258 0.2666 0.0493 0.0083 0.0036
119 0.1567 0.3760 0.4128 0.0406 0.0107 0.0033
120 0.1912 0.4585 0.2961 0.0414 0.0081 0.0048
121 0.1787 0.5254 0.2480 0.0341 0.0096 0.0044
122 0.2489 0.4302 0.2607 0.0471 0.0078 0.0053
123 0.3611 0.2903 0.2561 0.0775 0.0099 0.0052
124 0.1698 0.2250 0.4336 0.1149 0.0248 0.0319
125 0.3459 0.2454 0.2869 0.1023 0.0089 0.0105
126 0.2905 0.2262 0.3140 0.1289 0.0222 0.0183
127 0.2469 0.2712 0.3027 0.1343 0.0367 0.0081
128 0.2598 0.1758 0.2441 0.2681 0.0208 0.0313
129 0.4661 0.2615 0.1825 0.0579 0.0255 0.0064
130 0.1266 0.2404 0.2639 0.3389 0.0190 0.0112
131 0.1239 0.3877 0.2174 0.2244 0.0415 0.0053
132 0.0364 0.1791 0.3674 0.3562 0.0228 0.0381
133 0.0860 0.5698 0.1710 0.0930 0.0753 0.0050
134 0.0607 0.5454 0.2169 0.1161 0.0466 0.0142
135 0.0824 0.4893 0.1718 0.2072 0.0315 0.0180
136 0.0384 0.4163 0.1174 0.3789 0.0369 0.0121
137 0.1049 0.4216 0.0804 0.2852 0.0876 0.0202
138 0.0861 0.5698 0.0654 0.1659 0.0895 0.0233
139 0.1022 0.6562 0.1022 0.0867 0.0464 0.0062
140 0.0923 0.6064 0.1272 0.0675 0.1038 0.0027
141 0.0231 0.5908 0.1201 0.2242 0.0264 0.0154
142 0.0217 0.6152 0.0974 0.2485 0.0115 0.0055
143 0.0197 0.6792 0.0863 0.2007 0.0117 0.0026
144 0.0273 0.6113 0.1014 0.2250 0.0295 0.0054
145 0.0198 0.4233 0.0498 0.4871 0.0131 0.0070
146 0.0472 0.7275 0.1081 0.0984 0.0150 0.0038
147 0.1061 0.4329 0.1384 0.2317 0.0619 0.0290
148 0.0439 0.6157 0.1005 0.2063 0.0211 0.0122
149 0.0708 0.5356 0.1633 0.1793 0.0350 0.0159
150 0.0965 0.3474 0.3315 0.1919 0.0207 0.0120
151 0.1158 0.2866 0.1659 0.2415 0.1686 0.0214
152 0.0166 0.1707 0.0262 0.7769 0.0045 0.0050
153 0.1389 0.1368 0.2637 0.4214 0.0278 0.0113
154 0.3057 0.2456 0.1367 0.1573 0.1073 0.0476
155 0.2029 0.3167 0.1643 0.2194 0.0517 0.0449
156 0.0902 0.3352 0.2913 0.1910 0.0479 0.0443
157 0.0729 0.4326 0.3530 0.0886 0.0292 0.0237
158 0.0313 0.1042 0.0415 0.7705 0.0212 0.0313
159 0.1117 0.2786 0.0905 0.4592 0.0232 0.0368
160 0.1658 0.4268 0.1451 0.1545 0.0639 0.0439
161 0.0594 0.2705 0.0878 0.4531 0.0594 0.0695
162 0.1765 0.2080 0.0446 0.2778 0.1924 0.1006
163 0.2484 0.2279 0.0988 0.1790 0.1904 0.0554
164 0.1243 0.1282 0.0443 0.5527 0.0902 0.0605
165 0.1868 0.3923 0.0791 0.2435 0.0569 0.0414
166 0.2390 0.3425 0.0638 0.1520 0.1472 0.0555
167 0.2181 0.5273 0.0809 0.0881 0.0610 0.0245
168 0.3440 0.2942 0.0786 0.1049 0.1357 0.0427
169 0.1840 0.1107 0.0561 0.4209 0.0862 0.1421
170 0.0614 0.2524 0.0442 0.5962 0.0279 0.0180
171 0.1246 0.3013 0.0444 0.4595 0.0566 0.0135
172 0.0551 0.2179 0.0443 0.6304 0.0224 0.0297
173 0.2581 0.3445 0.0920 0.1948 0.0448 0.0657
174 0.1715 0.4377 0.1057 0.2020 0.0335 0.0495
175 0.0390 0.3113 0.0935 0.5132 0.0132 0.0296
176 0.0385 0.5566 0.0901 0.2844 0.0245 0.0059
177 0.0580 0.1991 0.0427 0.6328 0.0294 0.0380
178 0.0889 0.3684 0.1387 0.3354 0.0322 0.0365
179 0.2032 0.3298 0.0676 0.2451 0.0703 0.0840
180 0.2120 0.4487 0.1458 0.1359 0.0315 0.0261
181 0.0753 0.1063 0.0538 0.6021 0.0175 0.1453
182 0.0495 0.6416 0.0778 0.2148 0.0037 0.0125
183 0.0758 0.1320 0.0260 0.6914 0.0244 0.0505
184 0.0992 0.3772 0.1466 0.3276 0.0216 0.0278
185 0.0962 0.2325 0.0856 0.5161 0.0322 0.0377
186 0.0681 0.2357 0.0724 0.4839 0.0578 0.0821
187 0.0656 0.2896 0.1389 0.4277 0.0325 0.0458
188 0.0876 0.0903 0.1216 0.6675 0.0157 0.0171
189 0.0767 0.2915 0.0816 0.4883 0.0515 0.0103
190 0.0657 0.1503 0.1017 0.6230 0.0171 0.0424
191 0.1859 0.3420 0.2107 0.1874 0.0609 0.0131
192 0.0430 0.3569 0.1252 0.4172 0.0327 0.0251
193 0.1121 0.4829 0.2354 0.1078 0.0304 0.0314
194 0.1051 0.4460 0.1238 0.2351 0.0700 0.0199
195 0.2023 0.4561 0.1108 0.1401 0.0652 0.0255
196 0.2556 0.2678 0.1108 0.2764 0.0693 0.0199
197 0.1543 0.4067 0.1221 0.2246 0.0735 0.0189
198 0.1804 0.5020 0.0922 0.1279 0.0880 0.0096
199 0.0992 0.4844 0.0671 0.2983 0.0457 0.0053
200 0.0751 0.5503 0.0912 0.2258 0.0452 0.0124
201 0.1797 0.3518 0.1107 0.2874 0.0552 0.0151
202 0.3176 0.3772 0.1837 0.0698 0.0426 0.0092
203 0.0582 0.1808 0.0359 0.6021 0.0778 0.0453
204 0.0177 0.0776 0.0345 0.7026 0.0509 0.1165
205 0.0146 0.0509 0.0252 0.8345 0.0155 0.0595
206 0.0217 0.0864 0.0229 0.7349 0.0215 0.1127
207 0.0479 0.0975 0.0543 0.6768 0.0475 0.0759
208 0.0171 0.0593 0.0249 0.8315 0.0265 0.0404
209 0.0636 0.3281 0.0641 0.3718 0.0709 0.1016
210 0.0225 0.0645 0.0367 0.7617 0.0578 0.0569
211 0.0515 0.2419 0.0823 0.4888 0.0289 0.1065
212 0.0310 0.2069 0.0327 0.6372 0.0527 0.0395
213 0.0381 0.2773 0.0412 0.5347 0.0493 0.0595
214 0.0458 0.2067 0.0291 0.4807 0.1636 0.0743
215 0.0840 0.5352 0.1710 0.1364 0.0538 0.0198
216 0.1041 0.4314 0.1400 0.2021 0.0963 0.0261
217 0.0169 0.6553 0.0497 0.2690 0.0065 0.0026
218 0.0161 0.1057 0.1025 0.7227 0.0063 0.0469
219 0.0402 0.4426 0.0972 0.3726 0.0375 0.0099
220 0.0364 0.2045 0.0176 0.6104 0.0893 0.0419
221 0.0346 0.1829 0.0524 0.4526 0.0196 0.2578
222 0.0348 0.2471 0.0486 0.5396 0.0665 0.0635
223 0.0426 0.1454 0.0815 0.6514 0.0401 0.0388
224 0.0140 0.1205 0.0239 0.7861 0.0261 0.0295
225 0.0706 0.4258 0.0950 0.2583 0.0478 0.1027
226 0.0378 0.1509 0.0364 0.6758 0.0361 0.0629
227 0.0806 0.0723 0.0513 0.6343 0.0958 0.0658
228 0.0197 0.0917 0.0273 0.7798 0.0307 0.0507
229 0.0279 0.1680 0.0746 0.6245 0.0195 0.0858
230 0.0475 0.2163 0.0874 0.4875 0.0237 0.1375
231 0.0450 0.2715 0.0327 0.5747 0.0245 0.0514
232 0.1050 0.5767 0.0994 0.1528 0.0392 0.0268
233 0.1220 0.4326 0.2280 0.1320 0.0432 0.0422
234 0.1226 0.4414 0.2363 0.1501 0.0241 0.0253
235 0.0615 0.2668 0.2179 0.3591 0.0605 0.0339
236 0.0414 0.7578 0.1010 0.0540 0.0360 0.0096
237 0.0931 0.5703 0.2571 0.0556 0.0176 0.0060
238 0.1077 0.3267 0.3425 0.1383 0.0214 0.0634
239 0.0950 0.1339 0.2834 0.2925 0.0178 0.1774
240 0.1113 0.3884 0.2546 0.1953 0.0258 0.0246
241 0.0711 0.5420 0.2480 0.1209 0.0101 0.0079
242 0.0836 0.4885 0.2534 0.1561 0.0094 0.0091
243 0.0982 0.5654 0.2179 0.0998 0.0092 0.0096
244 0.0521 0.7192 0.1581 0.0573 0.0071 0.0061
245 0.0952 0.3374 0.2754 0.1892 0.0288 0.0741
246 0.1070 0.3562 0.2527 0.1968 0.0273 0.0600
247 0.0855 0.0709 0.1263 0.4998 0.0089 0.2084
248 0.1000 0.2532 0.2067 0.3103 0.0241 0.1056
249 0.0248 0.7124 0.0980 0.1318 0.0276 0.0055
250 0.0348 0.6929 0.0731 0.1571 0.0376 0.0045
251 0.0710 0.5293 0.2104 0.1425 0.0285 0.0185
252 0.0894 0.5562 0.3071 0.0273 0.0186 0.0017
253 0.0981 0.5557 0.2625 0.0619 0.0199 0.0022
254 0.0813 0.4751 0.2502 0.1616 0.0266 0.0051
255 0.0960 0.5273 0.3247 0.0429 0.0066 0.0024
256 0.1197 0.0798 0.1537 0.5625 0.0491 0.0354
257 0.1487 0.2285 0.4138 0.1302 0.0295 0.0490
258 0.0967 0.1498 0.4070 0.1779 0.0573 0.1113
259 0.0518 0.0881 0.1620 0.5396 0.0200 0.1385
260 0.0921 0.0839 0.3586 0.3477 0.0258 0.0921
261 0.1155 0.0958 0.2996 0.3613 0.0226 0.1052
262 0.0724 0.0591 0.3049 0.4724 0.0185 0.0724
263 0.1198 0.2273 0.3748 0.1613 0.0061 0.1108
264 0.1956 0.1409 0.2632 0.2759 0.0200 0.1047
265 0.0783 0.0691 0.2162 0.4722 0.0331 0.1311
266 0.1220 0.1299 0.1340 0.3215 0.1543 0.1383
267 0.1021 0.2063 0.2374 0.2649 0.0990 0.0901
268 0.1786 0.0580 0.3782 0.2810 0.0261 0.0781
269 0.0877 0.0694 0.5718 0.1058 0.0294 0.1359
270 0.1163 0.1692 0.6587 0.0299 0.0125 0.0134
271 0.1360 0.0920 0.3420 0.2313 0.0212 0.1774
272 0.1716 0.1276 0.3059 0.2830 0.0126 0.0993
273 0.0809 0.1159 0.2269 0.4172 0.0413 0.1177
274 0.0954 0.1754 0.4771 0.1622 0.0202 0.0698
275 0.2668 0.2246 0.1891 0.2505 0.0270 0.0419
276 0.1384 0.1520 0.2505 0.3022 0.0268 0.1300
277 0.1482 0.1482 0.3728 0.2522 0.0205 0.0580
278 0.1434 0.2153 0.2991 0.1960 0.0444 0.1017
279 0.0214 0.2959 0.3354 0.3354 0.0035 0.0083
280 0.0688 0.5503 0.2189 0.1349 0.0246 0.0027
281 0.1309 0.3501 0.3784 0.1210 0.0141 0.0056
282 0.0770 0.6343 0.2227 0.0415 0.0176 0.0070
283 0.0710 0.7280 0.1367 0.0359 0.0240 0.0045
284 0.0951 0.6401 0.1321 0.0908 0.0361 0.0060
