time exciting_prob fearful_prob tense_prob sad_prob relaxing_prob neutral_prob
0 0.1136 0.1553 0.1349 0.1288 0.0181 0.4492
1 0.2164 0.1022 0.1055 0.2233 0.0834 0.2693
2 0.2439 0.0188 0.0750 0.5498 0.0593 0.0532
3 0.2058 0.0957 0.2090 0.2993 0.1076 0.0825
4 0.0704 0.0271 0.4663 0.2308 0.0955 0.1099
5 0.2507 0.0998 0.0675 0.4333 0.0959 0.0526
6 0.2361 0.1489 0.1942 0.2761 0.0656 0.0791
7 0.1912 0.1160 0.1477 0.3772 0.0574 0.1107
8 0.3535 0.0795 0.0944 0.3735 0.0696 0.0295
9 0.0209 0.4265 0.1342 0.2668 0.1497 0.0020
10 0.0214 0.4751 0.1919 0.2012 0.1077 0.0027
11 0.0126 0.2800 0.0601 0.2590 0.3828 0.0052
12 0.0097 0.0895 0.0625 0.4993 0.3325 0.0066
13 0.0165 0.3296 0.1251 0.1908 0.3350 0.0030
14 0.0150 0.4749 0.1077 0.1980 0.1980 0.0064
15 0.0215 0.3662 0.0919 0.2478 0.2681 0.0046
16 0.0159 0.4714 0.1329 0.1847 0.1875 0.0074
17 0.1514 0.2986 0.1467 0.2595 0.1235 0.0202
18 0.2544 0.2335 0.1936 0.2109 0.0814 0.0260
19 0.4878 0.1387 0.1150 0.1866 0.0314 0.0404
20 0.3599 0.1838 0.1548 0.2361 0.0208 0.0447
21 0.2028 0.3240 0.1260 0.2076 0.0845 0.0550
22 0.2769 0.3088 0.1018 0.2106 0.0541 0.0481
23 0.1538 0.3335 0.2203 0.1855 0.0417 0.0651
24 0.1035 0.1110 0.0576 0.6743 0.0384 0.0153
25 0.1750 0.1984 0.0735 0.4006 0.1037 0.0486
26 0.0462 0.1018 0.0504 0.7290 0.0396 0.0331
27 0.0991 0.4307 0.0531 0.3516 0.0368 0.0289
28 0.1771 0.0667 0.1002 0.5542 0.0434 0.0584
29 0.0593 0.1730 0.0738 0.5625 0.1276 0.0038
30 0.1205 0.5659 0.0917 0.1713 0.0269 0.0239
31 0.1488 0.1323 0.0854 0.5444 0.0176 0.0714
32 0.0322 0.1206 0.0327 0.6519 0.0544 0.1081
33 0.0513 0.4758 0.0460 0.2795 0.0952 0.0521
34 0.0251 0.1116 0.0216 0.6997 0.1065 0.0354
35 0.0745 0.2832 0.0520 0.3582 0.2139 0.0182
36 0.0281 0.5303 0.0922 0.2839 0.0533 0.0122
37 0.0463 0.2028 0.2949 0.3560 0.0093 0.0907
38 0.0695 0.2686 0.2644 0.2949 0.0115 0.0914
39 0.0725 0.2866 0.1583 0.3406 0.0260 0.1158
40 0.0505 0.1656 0.0959 0.4646 0.0701 0.1532
41 0.0379 0.2064 0.0258 0.5029 0.1765 0.0506
42 0.0237 0.4407 0.0208 0.3125 0.1659 0.0365
43 0.0345 0.3193 0.0161 0.2861 0.3145 0.0295
44 0.1039 0.1150 0.3379 0.2937 0.0479 0.1015
45 0.0518 0.3401 0.2954 0.1779 0.1029 0.0319
46 0.0468 0.3889 0.3052 0.1583 0.0650 0.0356
47 0.0405 0.4060 0.4822 0.0477 0.0123 0.0115
48 0.1204 0.0777 0.2432 0.4836 0.0290 0.0461
49 0.1426 0.1011 0.2388 0.3875 0.0449 0.0851
50 0.0544 0.0779 0.0677 0.7388 0.0362 0.0249
51 0.1179 0.1785 0.0602 0.5762 0.0588 0.0085
52 0.0434 0.1663 0.0721 0.6680 0.0455 0.0048
53 0.0451 0.1512 0.0611 0.7163 0.0227 0.0037
54 0.0861 0.2129 0.4236 0.2375 0.0348 0.0052
55 0.0605 0.1632 0.0228 0.5972 0.1533 0.0029
56 0.0173 0.1278 0.0077 0.6646 0.1680 0.0149
57 0.1620 0.4614 0.2549 0.0573 0.0379 0.0266
58 0.0586 0.4573 0.0250 0.1439 0.2605 0.0546
59 0.0351 0.3655 0.0461 0.1753 0.2632 0.1150
60 0.0338 0.2186 0.0341 0.2477 0.2637 0.2021
61 0.0220 0.1492 0.0182 0.5288 0.1180 0.1638
62 0.3213 0.2502 0.0270 0.2971 0.1011 0.0030
63 0.0928 0.0989 0.0628 0.3142 0.1221 0.3093
64 0.0656 0.0843 0.1975 0.3928 0.0253 0.2345
65 0.1713 0.5884 0.0625 0.0815 0.0946 0.0017
66 0.3083 0.1599 0.0693 0.2556 0.0890 0.1179
67 0.0381 0.8208 0.0599 0.0623 0.0069 0.0118
68 0.0266 0.8018 0.0590 0.0781 0.0071 0.0274
69 0.1375 0.1292 0.2490 0.2130 0.0975 0.1738
70 0.0417 0.0971 0.0227 0.6533 0.1731 0.0122
71 0.1003 0.3262 0.1493 0.2207 0.2009 0.0025
72 0.1372 0.3728 0.0623 0.1580 0.2603 0.0093
73 0.1000 0.3105 0.1040 0.1315 0.3464 0.0077
74 0.1715 0.2871 0.2151 0.2255 0.0904 0.0104
75 0.2512 0.1583 0.1224 0.3125 0.1205 0.0351
76 0.1227 0.1504 0.1025 0.3840 0.1066 0.1338
77 0.0169 0.1338 0.0411 0.4893 0.0445 0.2744
78 0.0188 0.5088 0.0811 0.1576 0.1576 0.0762
79 0.0535 0.1366 0.4080 0.3381 0.0332 0.0305
80 0.0626 0.1207 0.2439 0.4629 0.0804 0.0296
81 0.0456 0.1340 0.2351 0.5220 0.0576 0.0059
82 0.0549 0.2705 0.1887 0.2581 0.2241 0.0037
83 0.2153 0.0688 0.0480 0.5327 0.0178 0.1171
84 0.2646 0.1261 0.1619 0.3481 0.0204 0.0789
85 0.2051 0.0507 0.0773 0.6030 0.0092 0.0548
86 0.0837 0.5249 0.1516 0.1614 0.0492 0.0292
87 0.2246 0.1605 0.1061 0.4036 0.0235 0.0820
88 0.1801 0.2104 0.1718 0.3362 0.0191 0.0824
89 0.1658 0.2489 0.1632 0.3708 0.0131 0.0382
90 0.0574 0.0925 0.0335 0.7275 0.0570 0.0320
91 0.0561 0.1294 0.0170 0.6523 0.1265 0.0188
92 0.1356 0.1305 0.0253 0.6177 0.0565 0.0346
93 0.1420 0.1500 0.0676 0.4805 0.0828 0.0772
94 0.0147 0.0978 0.0524 0.5811 0.0196 0.2347
95 0.0471 0.2671 0.2356 0.2712 0.0244 0.1545
96 0.1652 0.4150 0.1379 0.0891 0.1058 0.0870
97 0.4551 0.1926 0.0656 0.2133 0.0137 0.0597
98 0.4187 0.2155 0.1067 0.2404 0.0065 0.0124
99 0.3442 0.3582 0.1154 0.1678 0.0077 0.0068
100 0.3069 0.2795 0.1484 0.2566 0.0031 0.0055
101 0.2805 0.1913 0.1421 0.3716 0.0025 0.0120
102 0.2083 0.1115 0.1293 0.5073 0.0087 0.0351
103 0.1304 0.2959 0.3005 0.2098 0.0137 0.0495
104 0.0636 0.1870 0.2119 0.4348 0.0143 0.0883
105 0.0795 0.3679 0.2432 0.2979 0.0095 0.0022
106 0.0517 0.2627 0.2014 0.4756 0.0023 0.0065
107 0.1052 0.4363 0.1156 0.3218 0.0082 0.0131
108 0.2119 0.0970 0.1479 0.4485 0.0076 0.0870
109 0.3755 0.2368 0.1154 0.2600 0.0065 0.0057
110 0.1598 0.5322 0.1714 0.1216 0.0037 0.0112
111 0.2954 0.3025 0.1332 0.2196 0.0094 0.0397
112 0.4480 0.2271 0.0984 0.1377 0.0158 0.0731
113 0.1913 0.0918 0.0709 0.4885 0.0856 0.0720
114 0.2258 0.2385 0.1247 0.3389 0.0678 0.0043
115 0.0742 0.1896 0.2018 0.4546 0.0359 0.0440
116 0.2039 0.1625 0.1469 0.4351 0.0303 0.0215
117 0.2986 0.1074 0.0631 0.3958 0.1284 0.0067
118 0.2115 0.4275 0.1410 0.1263 0.0848 0.0089
119 0.1708 0.3167 0.1165 0.1735 0.2029 0.0196
120 0.2434 0.1477 0.1852 0.3711 0.0118 0.0407
121 0.0356 0.1533 0.0331 0.7661 0.0017 0.0100
122 0.1791 0.2410 0.4099 0.1461 0.0097 0.0144
123 0.3079 0.2825 0.2201 0.1727 0.0060 0.0109
124 0.3789 0.1604 0.0471 0.3701 0.0323 0.0112
125 0.2334 0.3396 0.0628 0.3264 0.0164 0.0214
126 0.2289 0.4551 0.0903 0.1649 0.0200 0.0407
127 0.1000 0.3035 0.0890 0.3716 0.0667 0.0693
128 0.0969 0.2003 0.0263 0.5576 0.0223 0.0969
129 0.1676 0.5801 0.0484 0.1367 0.0661 0.0009
130 0.1582 0.4651 0.0601 0.2413 0.0742 0.0010
131 0.1088 0.0874 0.0815 0.2588 0.4580 0.0055
132 0.2292 0.2639 0.1074 0.3496 0.0313 0.0187
133 0.1214 0.3352 0.0649 0.3796 0.0551 0.0436
134 0.1669 0.2390 0.0577 0.4329 0.0367 0.0669
135 0.1593 0.3535 0.1764 0.1619 0.1061 0.0429
136 0.0288 0.4199 0.4070 0.0827 0.0498 0.0117
137 0.0847 0.1807 0.1864 0.5107 0.0136 0.0242
138 0.3442 0.2292 0.2292 0.1744 0.0054 0.0175
139 0.0519 0.1958 0.1133 0.5405 0.0454 0.0527
140 0.1876 0.0460 0.0581 0.6348 0.0482 0.0256
141 0.3855 0.0564 0.0853 0.4368 0.0077 0.0282
142 0.2773 0.1543 0.1394 0.3616 0.0600 0.0073
143 0.1252 0.3799 0.1940 0.2164 0.0514 0.0329
144 0.0896 0.3435 0.0732 0.4697 0.0087 0.0153
145 0.0428 0.3110 0.0979 0.4597 0.0775 0.0109
146 0.0566 0.4387 0.1704 0.1067 0.2056 0.0220
147 0.0662 0.7114 0.0970 0.0562 0.0636 0.0059
148 0.1250 0.4229 0.0814 0.0974 0.2524 0.0207
149 0.0342 0.1454 0.1726 0.5933 0.0286 0.0261
150 0.0320 0.1378 0.1444 0.5449 0.1356 0.0053
151 0.0768 0.1117 0.1527 0.1677 0.4851 0.0059
152 0.0507 0.1198 0.3491 0.1284 0.3438 0.0082
153 0.1041 0.0843 0.1188 0.4702 0.2119 0.0108
154 0.0874 0.0370 0.0443 0.7666 0.0610 0.0036
155 0.1714 0.2983 0.1882 0.2218 0.1064 0.0137
156 0.1638 0.1246 0.3259 0.1445 0.2329 0.0082
157 0.0373 0.0982 0.1166 0.6924 0.0350 0.0207
158 0.0541 0.4224 0.2026 0.2483 0.0633 0.0093
159 0.1265 0.1538 0.1161 0.5083 0.0553 0.0401
160 0.0432 0.2468 0.0493 0.4946 0.1221 0.0439
161 0.1600 0.3062 0.2136 0.2170 0.0850 0.0182
162 0.0241 0.1143 0.0253 0.7568 0.0732 0.0064
163 0.1083 0.4150 0.2681 0.1162 0.0850 0.0073
164 0.1375 0.1396 0.3376 0.2778 0.0916 0.0158
165 0.0688 0.2345 0.2169 0.2742 0.1975 0.0081
166 0.1909 0.2452 0.1105 0.3005 0.1302 0.0226
167 0.2328 0.2988 0.0926 0.3157 0.0496 0.0103
168 0.0782 0.1631 0.3792 0.3193 0.0586 0.0014
169 0.0745 0.1705 0.3137 0.3445 0.0668 0.0299
170 0.2107 0.2224 0.0734 0.3289 0.1257 0.0390
171 0.0931 0.6465 0.1957 0.0426 0.0198 0.0023
172 0.2274 0.5898 0.1207 0.0421 0.0108 0.0093
173 0.1724 0.3401 0.0789 0.2412 0.1375 0.0300
174 0.0629 0.2607 0.1556 0.4265 0.0777 0.0165
175 0.2673 0.3513 0.0426 0.2869 0.0132 0.0388
176 0.0324 0.3979 0.0535 0.1609 0.0403 0.3149
177 0.2791 0.1382 0.1146 0.3237 0.0073 0.1371
178 0.3164 0.0886 0.0717 0.4001 0.0095 0.1137
179 0.1675 0.5117 0.1489 0.0992 0.0115 0.0611
180 0.1761 0.5259 0.1519 0.0788 0.0129 0.0546
181 0.0179 0.1876 0.4033 0.2446 0.0115 0.1351
182 0.0284 0.1869 0.4771 0.1715 0.0126 0.1235
183 0.0822 0.3572 0.2235 0.3054 0.0075 0.0241
184 0.0406 0.2428 0.2280 0.4607 0.0073 0.0207
185 0.1075 0.1127 0.1931 0.5210 0.0632 0.0025
186 0.0201 0.2368 0.6641 0.0489 0.0016 0.0287
187 0.2130 0.1808 0.2693 0.2233 0.1123 0.0012
188 0.1897 0.2417 0.3032 0.2084 0.0539 0.0033
189 0.0886 0.4324 0.0832 0.3699 0.0222 0.0039
190 0.0397 0.1595 0.0233 0.6982 0.0293 0.0498
191 0.0831 0.3210 0.1209 0.3965 0.0399 0.0386
192 0.0923 0.0645 0.0556 0.6987 0.0385 0.0506
193 0.1041 0.1770 0.0626 0.5625 0.0726 0.0210
194 0.0790 0.0999 0.0676 0.7095 0.0271 0.0168
195 0.0751 0.1051 0.0290 0.5381 0.2333 0.0194
196 0.0516 0.0643 0.0331 0.7183 0.1210 0.0117
197 0.1688 0.2593 0.0842 0.2761 0.1810 0.0305
198 0.1495 0.0497 0.0533 0.6860 0.0279 0.0339
199 0.2668 0.0370 0.0242 0.6602 0.0099 0.0020
200 0.2710 0.0573 0.0311 0.6201 0.0119 0.0084
201 0.0162 0.1072 0.7100 0.1072 0.0028 0.0565
202 0.1203 0.2213 0.1892 0.2842 0.0530 0.1321
203 0.4351 0.2722 0.0589 0.1504 0.0637 0.0199
204 0.4094 0.1239 0.0781 0.2949 0.0173 0.0764
205 0.1676 0.3154 0.3574 0.1255 0.0186 0.0153
206 0.0800 0.1044 0.1642 0.4534 0.0093 0.1890
207 0.1854 0.2717 0.1525 0.3032 0.0098 0.0773
208 0.1853 0.3152 0.0984 0.3572 0.0201 0.0239
209 0.0859 0.0595 0.0439 0.5137 0.2749 0.0220
210 0.1282 0.3708 0.3484 0.1354 0.0030 0.0140
211 0.3123 0.3171 0.1750 0.1849 0.0025 0.0083
212 0.1924 0.4072 0.1365 0.2231 0.0191 0.0216
213 0.5044 0.2556 0.1108 0.1082 0.0168 0.0045
214 0.4341 0.3225 0.1377 0.0630 0.0417 0.0009
215 0.3228 0.0797 0.0495 0.4587 0.0720 0.0174
216 0.1124 0.2235 0.1283 0.5117 0.0168 0.0074
217 0.1353 0.2195 0.3347 0.1982 0.0981 0.0143
218 0.1382 0.1350 0.0679 0.6099 0.0349 0.0142
219 0.2568 0.1464 0.0262 0.5566 0.0051 0.0086
220 0.0551 0.0464 0.0089 0.8823 0.0015 0.0061
221 0.0828 0.1659 0.0302 0.6982 0.0071 0.0157
222 0.3030 0.2131 0.0353 0.4373 0.0046 0.0065
223 0.2186 0.2678 0.2700 0.0978 0.0715 0.0744
224 0.1508 0.1147 0.0989 0.5020 0.0309 0.1028
225 0.1976 0.2329 0.0389 0.5010 0.0131 0.0166
226 0.2864 0.2468 0.0707 0.3193 0.0586 0.0182
227 0.1569 0.0649 0.0887 0.6299 0.0460 0.0136
228 0.1479 0.3867 0.0503 0.3521 0.0469 0.0162
229 0.1289 0.3818 0.1592 0.2228 0.0922 0.0150
230 0.1293 0.2002 0.2651 0.2693 0.0796 0.0565
231 0.0921 0.1036 0.1120 0.6548 0.0240 0.0136
232 0.1245 0.0720 0.0767 0.6675 0.0433 0.0159
233 0.2568 0.1030 0.0582 0.4724 0.0555 0.0538
234 0.1349 0.2500 0.1665 0.2944 0.0323 0.1218
235 0.3035 0.2764 0.1032 0.2698 0.0386 0.0087
236 0.1188 0.2515 0.3032 0.1675 0.0307 0.1284
237 0.0991 0.1766 0.2378 0.3406 0.0611 0.0848
238 0.0547 0.3945 0.2213 0.2842 0.0334 0.0117
239 0.2805 0.2476 0.2185 0.1048 0.1099 0.0388
240 0.1691 0.1704 0.0132 0.4319 0.2122 0.0032
241 0.1154 0.0871 0.0352 0.6289 0.1068 0.0268
242 0.1048 0.2698 0.2893 0.2739 0.0374 0.0247
243 0.2891 0.2340 0.1055 0.2491 0.0797 0.0426
244 0.1589 0.1732 0.0927 0.2241 0.2312 0.1199
245 0.1707 0.2483 0.1964 0.2664 0.1110 0.0074
246 0.0290 0.1968 0.1375 0.5186 0.0400 0.0783
247 0.2554 0.1356 0.0588 0.4377 0.0925 0.0202
248 0.2350 0.4495 0.1760 0.0831 0.0318 0.0248
249 0.1672 0.0754 0.0834 0.5151 0.0345 0.1243
250 0.1964 0.1448 0.1229 0.4255 0.0323 0.0781
251 0.1556 0.1138 0.0795 0.5874 0.0275 0.0364
252 0.1403 0.0751 0.1199 0.3843 0.1577 0.1228
253 0.1357 0.1108 0.1715 0.3521 0.1024 0.1274
254 0.0764 0.4980 0.2666 0.0501 0.0108 0.0981
255 0.1298 0.5254 0.1964 0.0520 0.0283 0.0679
256 0.0946 0.4619 0.2473 0.0373 0.0179 0.1409
257 0.1060 0.0576 0.0387 0.6592 0.0964 0.0421
258 0.2191 0.1747 0.1471 0.2561 0.0558 0.1471
259 0.1896 0.2002 0.1159 0.3655 0.0828 0.0461
260 0.0944 0.2338 0.2411 0.2607 0.0118 0.1582
261 0.1462 0.2954 0.1606 0.2411 0.0183 0.1384
262 0.3188 0.2622 0.1350 0.1182 0.1239 0.0418
263 0.2406 0.3186 0.1517 0.1830 0.0864 0.0196
264 0.2905 0.2354 0.1165 0.2194 0.1129 0.0254
265 0.0839 0.4714 0.1628 0.2644 0.0070 0.0105
266 0.1021 0.2372 0.3562 0.2688 0.0088 0.0270
267 0.3276 0.3101 0.1254 0.1597 0.0394 0.0379
268 0.0399 0.0139 0.0180 0.7422 0.0929 0.0929
269 0.0766 0.0709 0.0423 0.5444 0.0809 0.1852
270 0.1399 0.1523 0.1584 0.4307 0.0778 0.0407
271 0.1866 0.1713 0.1159 0.1896 0.1409 0.1957
272 0.2097 0.4373 0.1272 0.0983 0.0815 0.0461
273 0.2489 0.2671 0.1185 0.2734 0.0742 0.0182
274 0.1486 0.1232 0.1486 0.4795 0.0169 0.0833
275 0.0626 0.2761 0.0666 0.4551 0.0208 0.1187
276 0.1735 0.1847 0.0758 0.4641 0.0381 0.0638
277 0.1251 0.1194 0.0543 0.5229 0.0967 0.0815
278 0.3296 0.2096 0.0847 0.2412 0.0789 0.0560
279 0.2217 0.1324 0.2593 0.3030 0.0368 0.0468
280 0.0589 0.3186 0.3667 0.2122 0.0160 0.0276
281 0.3232 0.1857 0.1276 0.2598 0.0933 0.0104
282 0.2417 0.2634 0.2019 0.1622 0.1089 0.0218
283 0.2286 0.1726 0.0772 0.4546 0.0620 0.0049
284 0.3591 0.3425 0.1037 0.1342 0.0250 0.0356
285 0.1092 0.0694 0.1199 0.4319 0.0455 0.2240
286 0.1193 0.3618 0.2732 0.1222 0.0138 0.1095
287 0.1465 0.4207 0.3225 0.0737 0.0228 0.0139
288 0.0955 0.4666 0.3467 0.0540 0.0133 0.0240
289 0.2527 0.1848 0.0839 0.2908 0.1021 0.0859
290 0.1599 0.2786 0.1650 0.2537 0.0575 0.0856
291 0.1959 0.3630 0.1188 0.1587 0.1116 0.0519
292 0.1770 0.3254 0.1265 0.1742 0.1099 0.0869
293 0.1813 0.3928 0.1357 0.1368 0.1074 0.0458
294 0.4065 0.2563 0.0958 0.0568 0.1531 0.0313
295 0.2959 0.1659 0.1895 0.2017 0.1149 0.0322
296 0.0849 0.0993 0.5200 0.2457 0.0145 0.0354
297 0.4795 0.1384 0.2230 0.1176 0.0147 0.0266
298 0.0657 0.0562 0.2520 0.4783 0.0396 0.1084
299 0.1814 0.1758 0.2072 0.3635 0.0399 0.0323
300 0.2089 0.1665 0.0728 0.5127 0.0336 0.0056
301 0.1836 0.1608 0.3511 0.2822 0.0087 0.0138
302 0.3398 0.4683 0.0801 0.0997 0.0061 0.0060
303 0.1272 0.0423 0.2130 0.5615 0.0115 0.0446
304 0.2074 0.0613 0.0787 0.6001 0.0067 0.0456
305 0.3787 0.0489 0.1318 0.2996 0.0101 0.1309
306 0.3296 0.1311 0.0479 0.4504 0.0189 0.0224
307 0.5850 0.1587 0.0779 0.1613 0.0106 0.0065
308 0.3777 0.0444 0.1625 0.3660 0.0122 0.0371
309 0.5254 0.0638 0.1011 0.2771 0.0137 0.0188
310 0.4478 0.0790 0.2715 0.1571 0.0200 0.0247
311 0.5698 0.1807 0.1232 0.0685 0.0361 0.0217
312 0.2373 0.2710 0.2795 0.1670 0.0173 0.0277
313 0.2424 0.0818 0.1426 0.4255 0.0186 0.0892
314 0.2515 0.0377 0.0535 0.4146 0.0616 0.1812
315 0.2546 0.2000 0.1594 0.1697 0.1893 0.0269
316 0.2084 0.1263 0.1124 0.4844 0.0116 0.0569
317 0.1270 0.6201 0.0591 0.1427 0.0486 0.0026
318 0.1226 0.2308 0.0544 0.4849 0.0955 0.0120
319 0.0623 0.2708 0.0893 0.4788 0.0658 0.0331
320 0.2330 0.2620 0.1163 0.2854 0.0584 0.0448
321 0.0753 0.3171 0.1312 0.4009 0.0675 0.0078
322 0.0701 0.1371 0.2157 0.5508 0.0130 0.0132
323 0.0648 0.3088 0.1760 0.4158 0.0160 0.0187
324 0.1664 0.1539 0.2383 0.3809 0.0185 0.0421
325 0.1065 0.1478 0.2290 0.4626 0.0202 0.0340
326 0.0775 0.1381 0.0716 0.6797 0.0125 0.0208
327 0.2135 0.2615 0.1143 0.3689 0.0117 0.0303
328 0.1644 0.0923 0.1594 0.5229 0.0069 0.0542
329 0.1880 0.4688 0.1499 0.1429 0.0297 0.0206
330 0.1145 0.0520 0.0871 0.4092 0.3088 0.0283
331 0.1163 0.0584 0.0805 0.3499 0.3723 0.0227
332 0.0838 0.4255 0.2747 0.1746 0.0220 0.0194
333 0.0901 0.1354 0.2568 0.4724 0.0106 0.0348
334 0.0704 0.2457 0.3865 0.2698 0.0088 0.0188
335 0.0884 0.3135 0.1208 0.4561 0.0131 0.0080
336 0.1658 0.0309 0.0719 0.4507 0.2588 0.0218
337 0.1511 0.3149 0.3459 0.1713 0.0100 0.0070
338 0.1049 0.1930 0.4629 0.2186 0.0091 0.0114
339 0.0953 0.1302 0.2632 0.4915 0.0065 0.0134
340 0.0482 0.1819 0.1351 0.6250 0.0034 0.0067
341 0.2349 0.0762 0.0905 0.4971 0.0414 0.0598
342 0.1740 0.1925 0.1015 0.2673 0.2632 0.0015
343 0.1078 0.2507 0.0634 0.1029 0.4719 0.0032
344 0.1204 0.2910 0.0938 0.4268 0.0654 0.0029
345 0.5898 0.0830 0.1613 0.1296 0.0099 0.0263
346 0.4802 0.0875 0.0670 0.3052 0.0198 0.0403
347 0.1608 0.0990 0.2197 0.4651 0.0260 0.0295
348 0.0254 0.1011 0.0137 0.8203 0.0344 0.0050
349 0.0541 0.0493 0.0524 0.8071 0.0346 0.0023
350 0.2026 0.2313 0.0608 0.4221 0.0168 0.0663
351 0.3247 0.2302 0.1149 0.2432 0.0307 0.0564
352 0.1298 0.0845 0.0623 0.6387 0.0643 0.0205
353 0.1918 0.1219 0.1628 0.4189 0.0751 0.0294
354 0.1372 0.0497 0.0679 0.4431 0.0204 0.2817
355 0.2974 0.2028 0.0958 0.2666 0.1138 0.0237
356 0.0255 0.0588 0.0158 0.7930 0.0911 0.0161
357 0.0468 0.1105 0.0143 0.7607 0.0494 0.0183
358 0.0383 0.1960 0.0857 0.6040 0.0632 0.0127
359 0.1647 0.1354 0.1323 0.4580 0.0754 0.0342
360 0.2703 0.1109 0.2703 0.3135 0.0255 0.0095
361 0.1434 0.2039 0.1731 0.4119 0.0549 0.0127
362 0.0687 0.1560 0.0523 0.5981 0.1015 0.0234
363 0.0672 0.3926 0.0738 0.4380 0.0120 0.0163
364 0.0632 0.7412 0.1051 0.0793 0.0087 0.0025
365 0.2096 0.1185 0.2671 0.3679 0.0092 0.0277
366 0.3499 0.0751 0.2260 0.2520 0.0844 0.0126
367 0.3640 0.1460 0.0886 0.3367 0.0412 0.0235
368 0.2986 0.0810 0.0947 0.4624 0.0253 0.0382
369 0.1665 0.3259 0.1050 0.2620 0.1067 0.0338
370 0.1532 0.0221 0.0555 0.7422 0.0110 0.0160
371 0.3086 0.0678 0.1470 0.3962 0.0594 0.0208
372 0.3196 0.1908 0.0719 0.3171 0.0759 0.0246
373 0.2776 0.0522 0.0691 0.5024 0.0141 0.0847
374 0.2234 0.0665 0.0293 0.6074 0.0376 0.0359
375 0.2216 0.0861 0.0731 0.3457 0.2065 0.0670
376 0.1541 0.0372 0.1034 0.3135 0.3337 0.0580
377 0.2244 0.0690 0.0116 0.2881 0.3787 0.0285
378 0.2925 0.3340 0.0689 0.2025 0.0942 0.0080
379 0.1501 0.1727 0.0911 0.4771 0.0842 0.0249
380 0.1404 0.2522 0.0936 0.4031 0.0988 0.0118
381 0.1154 0.2206 0.0575 0.5249 0.0657 0.0159
382 0.1613 0.3132 0.0926 0.3521 0.0612 0.0197
383 0.1486 0.2195 0.0771 0.2488 0.1750 0.1311
384 0.0102 0.1591 0.6147 0.2058 0.0028 0.0074
385 0.0387 0.2993 0.3555 0.2561 0.0051 0.0452
386 0.1107 0.0548 0.0687 0.6572 0.0307 0.0779
387 0.0728 0.2539 0.2189 0.2349 0.1719 0.0477
388 0.0271 0.1444 0.4924 0.2554 0.0103 0.0704
389 0.0931 0.0626 0.1853 0.4958 0.1536 0.0097
390 0.1072 0.5112 0.1597 0.1881 0.0245 0.0091
391 0.1558 0.2712 0.2527 0.2249 0.0894 0.0060
392 0.0586 0.0930 0.1952 0.5308 0.0165 0.1061
393 0.2827 0.2939 0.1840 0.1913 0.0144 0.0335
394 0.1707 0.4062 0.1875 0.1733 0.0521 0.0100
395 0.2318 0.1231 0.0388 0.5435 0.0311 0.0319
396 0.2357 0.1632 0.0681 0.3376 0.1836 0.0119
397 0.2394 0.1113 0.2096 0.3223 0.1096 0.0078
398 0.0479 0.0731 0.0535 0.7734 0.0423 0.0097
399 0.1383 0.1655 0.0576 0.5430 0.0384 0.0572
400 0.1346 0.2830 0.1000 0.2942 0.0404 0.1479
401 0.0188 0.4565 0.1666 0.3501 0.0025 0.0054
402 0.3103 0.1225 0.1942 0.1151 0.1688 0.0889
403 0.0468 0.1893 0.3945 0.3428 0.0108 0.0158
404 0.0762 0.2678 0.2942 0.1855 0.0148 0.1613
405 0.0643 0.3787 0.3042 0.2426 0.0067 0.0036
406 0.0919 0.1976 0.4487 0.2007 0.0184 0.0427
407 0.0689 0.1615 0.7295 0.0270 0.0070 0.0062
408 0.0298 0.1042 0.5376 0.2275 0.0346 0.0662
409 0.0574 0.1188 0.1573 0.6128 0.0424 0.0113
410 0.0558 0.3997 0.1425 0.2057 0.1932 0.0031
411 0.1870 0.1207 0.1188 0.5083 0.0365 0.0287
412 0.2061 0.1086 0.0989 0.5474 0.0226 0.0165
413 0.2203 0.1503 0.1526 0.3662 0.0637 0.0469
414 0.4087 0.0603 0.1901 0.2478 0.0405 0.0528
415 0.1025 0.0477 0.1423 0.6377 0.0303 0.0395
416 0.0387 0.0313 0.4829 0.2281 0.0145 0.2045
417 0.1390 0.1842 0.0641 0.5586 0.0202 0.0338
418 0.1653 0.3064 0.4856 0.0225 0.0114 0.0089
419 0.0889 0.2532 0.3486 0.1571 0.1186 0.0337
420 0.0503 0.2151 0.4553 0.2382 0.0271 0.0139
421 0.0452 0.1995 0.4673 0.2622 0.0190 0.0070
422 0.0471 0.1461 0.3972 0.3560 0.0202 0.0334
423 0.3728 0.1415 0.1051 0.3367 0.0415 0.0025
424 0.1725 0.1063 0.0208 0.4138 0.2510 0.0359
425 0.0314 0.0841 0.0606 0.6934 0.0367 0.0938
426 0.0174 0.1072 0.0257 0.7329 0.0237 0.0931
427 0.0228 0.2247 0.1619 0.5308 0.0538 0.0062
428 0.0326 0.1658 0.2000 0.4949 0.0513 0.0555
429 0.0127 0.0313 0.0250 0.9155 0.0122 0.0036
430 0.0549 0.0871 0.0255 0.7642 0.0637 0.0048
431 0.0461 0.0494 0.0164 0.8228 0.0596 0.0059
432 0.1823 0.0539 0.1910 0.4583 0.0440 0.0708
433 0.1114 0.1233 0.0834 0.4617 0.1453 0.0748
434 0.2240 0.0699 0.1401 0.4817 0.0662 0.0181
435 0.0826 0.0595 0.1567 0.5557 0.0326 0.1129
436 0.0939 0.1254 0.5532 0.1971 0.0221 0.0085
437 0.0666 0.1572 0.4622 0.2324 0.0314 0.0503
438 0.0251 0.3232 0.2808 0.3606 0.0063 0.0042
439 0.2043 0.0226 0.0467 0.6914 0.0141 0.0209
440 0.2559 0.1101 0.0739 0.3965 0.1577 0.0059
441 0.0367 0.1364 0.0214 0.5786 0.2264 0.0007
442 0.0523 0.2238 0.0229 0.5205 0.1798 0.0009
443 0.0264 0.3477 0.3318 0.1361 0.1519 0.0060
444 0.1012 0.0701 0.1212 0.6055 0.0399 0.0619
445 0.3708 0.1836 0.0534 0.3403 0.0159 0.0361
446 0.1852 0.1234 0.1196 0.3030 0.1015 0.1674
447 0.1223 0.0530 0.1113 0.5479 0.0288 0.1365
448 0.0409 0.0189 0.1028 0.8213 0.0037 0.0125
449 0.0360 0.1980 0.4531 0.3066 0.0034 0.0030
450 0.0163 0.1220 0.7476 0.1044 0.0010 0.0090
451 0.0712 0.0613 0.0456 0.8145 0.0033 0.0044
452 0.2449 0.1509 0.2264 0.2773 0.0729 0.0275
453 0.2688 0.1104 0.0486 0.4365 0.0279 0.1078
454 0.4243 0.1388 0.0883 0.3303 0.0059 0.0124
455 0.1577 0.0318 0.0355 0.6958 0.0524 0.0266
456 0.1935 0.2771 0.0628 0.3848 0.0331 0.0489
457 0.1232 0.1533 0.2146 0.0702 0.4370 0.0017
458 0.1589 0.2040 0.3015 0.3015 0.0234 0.0106
459 0.2488 0.1121 0.2527 0.3401 0.0192 0.0271
460 0.1941 0.0443 0.1686 0.4802 0.0356 0.0772
461 0.1609 0.1686 0.1234 0.3799 0.0703 0.0968
462 0.0588 0.2656 0.1743 0.4556 0.0087 0.0368
463 0.0639 0.0747 0.1765 0.6455 0.0304 0.0091
464 0.1454 0.1015 0.1080 0.5488 0.0210 0.0754
465 0.0402 0.0372 0.0086 0.8799 0.0281 0.0061
466 0.2059 0.2484 0.1438 0.2108 0.1846 0.0064
467 0.2368 0.1210 0.1229 0.4565 0.0235 0.0393
468 0.1149 0.0502 0.0295 0.7490 0.0534 0.0033
469 0.2103 0.0884 0.1118 0.4778 0.1050 0.0068
470 0.3015 0.1338 0.0694 0.3442 0.0844 0.0667
471 0.1777 0.0887 0.0814 0.5693 0.0356 0.0471
472 0.3086 0.0831 0.1962 0.2944 0.0259 0.0919
473 0.0673 0.1228 0.2223 0.3442 0.0066 0.2367
474 0.0599 0.2834 0.1979 0.3813 0.0489 0.0285
475 0.1307 0.1948 0.1888 0.4495 0.0246 0.0117
476 0.0167 0.0172 0.0322 0.9253 0.0009 0.0078
477 0.0233 0.1736 0.0311 0.7661 0.0025 0.0034
478 0.1031 0.0731 0.0784 0.5752 0.0203 0.1500
479 0.2025 0.0331 0.0270 0.5503 0.0520 0.1349
480 0.1320 0.0222 0.0921 0.5732 0.0334 0.1472
481 0.2484 0.3616 0.1860 0.0581 0.1427 0.0033
482 0.0622 0.5630 0.1899 0.1575 0.0197 0.0078
483 0.0922 0.1876 0.0886 0.5264 0.0235 0.0820
484 0.1135 0.1338 0.0424 0.6533 0.0287 0.0280
485 0.0991 0.0703 0.1072 0.6167 0.0407 0.0660
486 0.2225 0.3186 0.1268 0.2683 0.0576 0.0060
487 0.2064 0.2214 0.1046 0.3650 0.0640 0.0385
488 0.2151 0.1537 0.1378 0.4019 0.0836 0.0078
489 0.0297 0.1907 0.1544 0.5962 0.0088 0.0201
490 0.0528 0.5210 0.1327 0.2479 0.0103 0.0354
491 0.0671 0.4956 0.0423 0.1971 0.0154 0.1824
492 0.0140 0.1978 0.0378 0.7461 0.0021 0.0020
493 0.0189 0.1045 0.0246 0.8481 0.0017 0.0021
494 0.0857 0.4250 0.2104 0.1829 0.0141 0.0818
495 0.0163 0.0598 0.0102 0.8643 0.0203 0.0291
496 0.1694 0.0529 0.1669 0.5181 0.0886 0.0042
497 0.0310 0.4219 0.3086 0.1208 0.0084 0.1092
498 0.2487 0.2300 0.0490 0.3242 0.1394 0.0088
499 0.2588 0.1710 0.1953 0.1671 0.2015 0.0062
500 0.1615 0.1093 0.0182 0.6284 0.0455 0.0369
501 0.2026 0.1137 0.0384 0.5913 0.0478 0.0064
502 0.0175 0.1105 0.0841 0.7793 0.0057 0.0027
503 0.0049 0.0106 0.0064 0.9751 0.0016 0.0014
504 0.1808 0.2303 0.1836 0.1895 0.2080 0.0078
505 0.2472 0.0983 0.2018 0.4014 0.0317 0.0197
506 0.2223 0.0891 0.0213 0.6484 0.0080 0.0111
507 0.2854 0.1652 0.0774 0.4023 0.0152 0.0545
508 0.1644 0.1013 0.0212 0.6255 0.0629 0.0248
509 0.1028 0.1260 0.0568 0.6812 0.0198 0.0135
510 0.1145 0.1181 0.0372 0.5859 0.0642 0.0800
511 0.2908 0.2488 0.0840 0.3145 0.0439 0.0182
512 0.0519 0.3013 0.0933 0.2346 0.0223 0.2966
513 0.0459 0.0585 0.1506 0.7017 0.0181 0.0252
514 0.0231 0.2625 0.1060 0.5059 0.1011 0.0016
515 0.1337 0.1664 0.0323 0.5898 0.0424 0.0352
516 0.0190 0.2749 0.1980 0.4192 0.0826 0.0062
517 0.2979 0.3508 0.0873 0.1908 0.0268 0.0464
518 0.1081 0.1853 0.1254 0.3252 0.0911 0.1648
519 0.1042 0.4780 0.1190 0.1359 0.1338 0.0292
520 0.0334 0.1085 0.0390 0.7471 0.0717 0.0004
521 0.0282 0.6074 0.1852 0.1089 0.0692 0.0013
522 0.0180 0.5391 0.2886 0.1203 0.0319 0.0023
523 0.0231 0.5093 0.1602 0.2683 0.0372 0.0022
524 0.0399 0.0995 0.0372 0.8081 0.0146 0.0007
525 0.0304 0.0644 0.0230 0.8481 0.0334 0.0006
526 0.0265 0.0991 0.0337 0.8301 0.0102 0.0005
527 0.0171 0.0548 0.0162 0.8979 0.0135 0.0004
528 0.0127 0.0767 0.0139 0.8779 0.0184 0.0004
529 0.0106 0.0587 0.0085 0.9121 0.0096 0.0005
530 0.0149 0.0908 0.0113 0.8687 0.0136 0.0006
531 0.1311 0.2690 0.1937 0.3193 0.0747 0.0123
532 0.1342 0.3735 0.1848 0.2374 0.0644 0.0057
533 0.0434 0.2023 0.0863 0.6230 0.0366 0.0083
534 0.0255 0.1971 0.0848 0.6362 0.0498 0.0066
535 0.0156 0.1133 0.0392 0.8115 0.0151 0.0055
536 0.0133 0.3860 0.1355 0.4441 0.0185 0.0026
537 0.0064 0.1320 0.0403 0.8086 0.0100 0.0027
538 0.0633 0.3672 0.0585 0.4429 0.0668 0.0014
539 0.0752 0.3909 0.0659 0.4226 0.0446 0.0008
540 0.0759 0.3374 0.0467 0.4683 0.0707 0.0010
541 0.0865 0.3450 0.0347 0.4714 0.0618 0.0008
542 0.0836 0.3467 0.0477 0.4666 0.0549 0.0006
543 0.1054 0.3884 0.0482 0.3679 0.0895 0.0005
544 0.1089 0.4143 0.0420 0.3545 0.0797 0.0006
545 0.0581 0.2688 0.0358 0.5825 0.0538 0.0008
546 0.1144 0.1492 0.1665 0.4893 0.0632 0.0175
547 0.1331 0.0439 0.0036 0.8086 0.0062 0.0047
548 0.1193 0.0306 0.0034 0.8345 0.0067 0.0053
549 0.0707 0.0207 0.0028 0.8950 0.0040 0.0068
550 0.0737 0.0225 0.0028 0.8906 0.0042 0.0062
551 0.0857 0.0272 0.0033 0.8721 0.0048 0.0071
552 0.0277 0.0057 0.0010 0.9619 0.0017 0.0020
553 0.0999 0.2323 0.2050 0.3596 0.0397 0.0635
554 0.0965 0.5298 0.1831 0.1426 0.0306 0.0172
555 0.0964 0.3694 0.2206 0.2312 0.0355 0.0470
556 0.1136 0.1553 0.1349 0.1288 0.0181 0.4492
