time exciting_prob fearful_prob tense_prob sad_prob relaxing_prob neutral_prob
0 0.1265 0.1000 0.0869 0.2805 0.0227 0.3835
1 0.3792 0.0966 0.1231 0.1936 0.1417 0.0659
2 0.5410 0.0480 0.0208 0.1346 0.2477 0.0080
3 0.4253 0.0190 0.0079 0.3997 0.1228 0.0253
4 0.5840 0.0413 0.0251 0.2434 0.0772 0.0291
5 0.3887 0.0237 0.0116 0.4075 0.1312 0.0373
6 0.4456 0.1458 0.1172 0.1627 0.1100 0.0187
7 0.4648 0.0376 0.0696 0.2489 0.1582 0.0208
8 0.5801 0.0869 0.0797 0.2271 0.0203 0.0061
9 0.2825 0.0362 0.0362 0.6123 0.0227 0.0101
10 0.3074 0.0321 0.0381 0.0514 0.5649 0.0059
11 0.1122 0.0307 0.0232 0.7671 0.0293 0.0376
12 0.0551 0.0122 0.0298 0.4617 0.0208 0.4204
13 0.4006 0.1509 0.0718 0.1532 0.2079 0.0157
14 0.2739 0.1124 0.0773 0.3745 0.1388 0.0230
15 0.4004 0.0846 0.1669 0.2466 0.0690 0.0326
16 0.3052 0.1213 0.1711 0.2822 0.0809 0.0394
17 0.3457 0.1938 0.2413 0.1440 0.0450 0.0302
18 0.2152 0.6230 0.0933 0.0462 0.0106 0.0119
19 0.2263 0.0482 0.0814 0.1094 0.5264 0.0085
20 0.1550 0.0274 0.0508 0.4775 0.2764 0.0127
21 0.1862 0.1103 0.4790 0.0486 0.1438 0.0321
22 0.1243 0.1097 0.2693 0.0867 0.3738 0.0362
23 0.2825 0.4412 0.0984 0.0961 0.0320 0.0499
24 0.1855 0.4348 0.1515 0.1400 0.0240 0.0641
25 0.2275 0.4817 0.0905 0.1481 0.0434 0.0089
26 0.1887 0.6484 0.1190 0.0336 0.0067 0.0038
27 0.1973 0.6172 0.1107 0.0447 0.0118 0.0185
28 0.1907 0.0345 0.2410 0.3975 0.0525 0.0839
29 0.1857 0.0811 0.5005 0.1827 0.0265 0.0232
30 0.1583 0.6562 0.1195 0.0514 0.0091 0.0054
31 0.1573 0.7109 0.0955 0.0305 0.0051 0.0007
32 0.3250 0.5444 0.0754 0.0340 0.0182 0.0031
33 0.5986 0.1169 0.0797 0.0954 0.0954 0.0141
34 0.3943 0.0624 0.2668 0.0724 0.1863 0.0177
35 0.2871 0.0726 0.1315 0.2676 0.2201 0.0213
36 0.2878 0.0799 0.0851 0.4390 0.0296 0.0787
37 0.0253 0.8267 0.0913 0.0520 0.0026 0.0022
38 0.1142 0.0947 0.2654 0.4446 0.0468 0.0343
39 0.1376 0.1420 0.2018 0.4407 0.0494 0.0284
40 0.0705 0.3667 0.1565 0.3843 0.0178 0.0043
41 0.4795 0.1892 0.1556 0.0378 0.1290 0.0086
42 0.2637 0.1348 0.1208 0.3232 0.1266 0.0310
43 0.3455 0.3455 0.1908 0.0538 0.0620 0.0025
44 0.1017 0.0897 0.5410 0.1650 0.0836 0.0187
45 0.1450 0.2507 0.2318 0.2046 0.0944 0.0735
46 0.2083 0.2183 0.1809 0.3076 0.0370 0.0479
47 0.0811 0.4592 0.4116 0.0383 0.0042 0.0058
48 0.1469 0.1296 0.6685 0.0280 0.0095 0.0175
49 0.5547 0.0920 0.0972 0.0438 0.2073 0.0050
50 0.5415 0.1381 0.1602 0.0380 0.1190 0.0032
51 0.3425 0.2467 0.1722 0.1696 0.0396 0.0295
52 0.1381 0.3962 0.1678 0.2155 0.0257 0.0566
53 0.0944 0.3452 0.4363 0.1069 0.0016 0.0155
54 0.1781 0.3198 0.2610 0.1283 0.0413 0.0714
55 0.1466 0.2654 0.3103 0.1443 0.0395 0.0939
56 0.0859 0.2732 0.1683 0.2732 0.0286 0.1709
57 0.0458 0.0451 0.1727 0.7051 0.0028 0.0286
58 0.0566 0.8315 0.0437 0.0621 0.0037 0.0024
59 0.1763 0.0872 0.0928 0.4431 0.1818 0.0189
60 0.0744 0.2517 0.2942 0.3550 0.0063 0.0184
61 0.0334 0.9028 0.0337 0.0284 0.0011 0.0007
62 0.1763 0.1361 0.1847 0.2408 0.0966 0.1655
63 0.0540 0.8003 0.0891 0.0496 0.0049 0.0022
64 0.3357 0.0444 0.1008 0.4377 0.0570 0.0245
65 0.1387 0.0295 0.1323 0.6118 0.0423 0.0450
66 0.2302 0.2776 0.4368 0.0334 0.0155 0.0063
67 0.1290 0.0183 0.2817 0.5347 0.0164 0.0198
68 0.4238 0.1302 0.2268 0.1442 0.0615 0.0134
69 0.1626 0.1504 0.5171 0.1247 0.0313 0.0140
70 0.0500 0.5381 0.1859 0.2107 0.0052 0.0100
71 0.0763 0.6855 0.1278 0.0878 0.0062 0.0164
72 0.2340 0.2377 0.4512 0.0382 0.0298 0.0093
73 0.4131 0.2126 0.1592 0.1012 0.1111 0.0028
74 0.3757 0.1733 0.2107 0.0920 0.1437 0.0045
75 0.2007 0.0792 0.0811 0.3992 0.2311 0.0087
76 0.1741 0.4080 0.2634 0.1007 0.0181 0.0359
77 0.0851 0.7710 0.1146 0.0262 0.0019 0.0012
78 0.2369 0.0529 0.1530 0.4031 0.1350 0.0190
79 0.1796 0.3713 0.3892 0.0345 0.0194 0.0061
80 0.1057 0.3521 0.2458 0.2742 0.0107 0.0115
81 0.5840 0.0923 0.0518 0.1534 0.0945 0.0239
82 0.2042 0.5054 0.2124 0.0563 0.0190 0.0027
83 0.1396 0.0975 0.2231 0.3247 0.1738 0.0413
84 0.2612 0.2218 0.2825 0.1334 0.0714 0.0295
85 0.2715 0.0835 0.2148 0.2397 0.1597 0.0307
86 0.1064 0.2324 0.3713 0.1926 0.0305 0.0666
87 0.1031 0.5200 0.2271 0.1315 0.0092 0.0093
88 0.1665 0.1481 0.1247 0.2559 0.2661 0.0386
89 0.4124 0.1760 0.2313 0.1027 0.0387 0.0390
90 0.1764 0.1087 0.1908 0.4231 0.0887 0.0123
91 0.1394 0.4431 0.2029 0.1819 0.0199 0.0126
92 0.1484 0.2411 0.1353 0.4036 0.0329 0.0387
93 0.2338 0.3735 0.2338 0.1332 0.0106 0.0152
94 0.2625 0.5557 0.0752 0.0614 0.0364 0.0089
95 0.1454 0.2002 0.5400 0.0370 0.0681 0.0094
96 0.0915 0.5435 0.2062 0.1509 0.0030 0.0051
97 0.0916 0.4438 0.3196 0.1292 0.0086 0.0071
98 0.2681 0.1338 0.3499 0.1815 0.0205 0.0462
99 0.1824 0.4175 0.2554 0.1196 0.0192 0.0059
100 0.0482 0.7310 0.1848 0.0326 0.0032 0.0005
101 0.1599 0.1226 0.3838 0.1285 0.1575 0.0477
102 0.1768 0.0961 0.5112 0.1159 0.0766 0.0234
103 0.1903 0.2224 0.4937 0.0378 0.0316 0.0244
104 0.0108 0.5918 0.0478 0.3479 0.0006 0.0008
105 0.0297 0.5962 0.0820 0.2817 0.0021 0.0082
106 0.3179 0.1537 0.2615 0.1433 0.0977 0.0261
107 0.1716 0.2578 0.2786 0.2239 0.0285 0.0395
108 0.1396 0.1595 0.1924 0.2629 0.1122 0.1333
109 0.3103 0.4734 0.1782 0.0259 0.0093 0.0029
110 0.1377 0.2717 0.4446 0.0969 0.0451 0.0038
111 0.1572 0.0602 0.7388 0.0203 0.0077 0.0158
112 0.1113 0.0894 0.6406 0.1166 0.0183 0.0237
113 0.1175 0.0659 0.2373 0.4231 0.0690 0.0873
114 0.0920 0.2559 0.5859 0.0374 0.0196 0.0093
115 0.1617 0.1383 0.0894 0.4829 0.1077 0.0199
116 0.2971 0.3213 0.2971 0.0599 0.0168 0.0077
117 0.3010 0.3689 0.1367 0.0296 0.1624 0.0014
118 0.0799 0.0169 0.1858 0.6587 0.0098 0.0492
119 0.1760 0.3611 0.3845 0.0481 0.0227 0.0075
120 0.1163 0.1200 0.2424 0.4819 0.0202 0.0191
121 0.4929 0.0657 0.1285 0.2257 0.0566 0.0305
122 0.3433 0.0698 0.1547 0.2759 0.0909 0.0655
123 0.2441 0.4421 0.2258 0.0485 0.0325 0.0069
124 0.2089 0.0884 0.1392 0.4421 0.0272 0.0942
125 0.1803 0.4094 0.3140 0.0781 0.0107 0.0074
126 0.2400 0.0398 0.0553 0.5942 0.0557 0.0152
127 0.2085 0.1099 0.1444 0.1929 0.3179 0.0265
128 0.2017 0.4509 0.2163 0.0625 0.0630 0.0057
129 0.2490 0.0223 0.1194 0.4875 0.0446 0.0771
130 0.2737 0.5356 0.1488 0.0167 0.0230 0.0020
131 0.1285 0.4558 0.3284 0.0677 0.0178 0.0018
132 0.2107 0.1720 0.4976 0.0988 0.0154 0.0056
133 0.3132 0.0955 0.2186 0.3083 0.0261 0.0383
134 0.5083 0.1236 0.1599 0.0631 0.1389 0.0062
135 0.3235 0.0745 0.3782 0.1227 0.0678 0.0336
136 0.2249 0.0952 0.2588 0.2932 0.0719 0.0560
137 0.3147 0.0696 0.0665 0.4041 0.1079 0.0373
138 0.0212 0.6343 0.2407 0.0679 0.0292 0.0068
139 0.1426 0.1694 0.4678 0.1566 0.0381 0.0256
140 0.2578 0.2056 0.0632 0.0780 0.3694 0.0259
141 0.2472 0.2017 0.4338 0.0319 0.0790 0.0065
142 0.2355 0.3535 0.3479 0.0505 0.0114 0.0012
143 0.0222 0.6592 0.0290 0.2881 0.0004 0.0013
144 0.2749 0.0505 0.1495 0.3701 0.1299 0.0252
145 0.3755 0.3064 0.1591 0.1172 0.0233 0.0184
146 0.0464 0.7856 0.1205 0.0430 0.0018 0.0026
147 0.1638 0.1390 0.5806 0.0786 0.0261 0.0120
148 0.1370 0.3635 0.3311 0.0811 0.0805 0.0069
149 0.2358 0.5068 0.1006 0.1233 0.0189 0.0143
150 0.3435 0.0984 0.0924 0.3435 0.0772 0.0450
151 0.1909 0.1322 0.2032 0.2233 0.2451 0.0052
152 0.1043 0.1667 0.2791 0.3164 0.1027 0.0308
153 0.1305 0.6323 0.0890 0.1016 0.0293 0.0173
154 0.1008 0.6831 0.0743 0.0932 0.0284 0.0203
155 0.1178 0.2781 0.2133 0.3628 0.0151 0.0129
156 0.1418 0.3884 0.3765 0.0713 0.0163 0.0056
157 0.2383 0.3132 0.3809 0.0405 0.0169 0.0103
158 0.1954 0.1893 0.1779 0.1807 0.2469 0.0096
159 0.1530 0.2296 0.1268 0.3845 0.0174 0.0886
160 0.1257 0.6138 0.1858 0.0508 0.0084 0.0156
161 0.2393 0.3591 0.3025 0.0801 0.0155 0.0033
162 0.2834 0.5464 0.1318 0.0255 0.0123 0.0007
163 0.4744 0.3638 0.0920 0.0311 0.0372 0.0015
164 0.0685 0.7715 0.0456 0.1060 0.0065 0.0021
165 0.0178 0.9072 0.0311 0.0424 0.0005 0.0008
166 0.0767 0.7568 0.0738 0.0823 0.0075 0.0025
167 0.0168 0.5806 0.0531 0.3464 0.0004 0.0028
168 0.2537 0.2537 0.2537 0.0829 0.1467 0.0097
169 0.3059 0.1207 0.3689 0.1562 0.0431 0.0050
170 0.1392 0.4895 0.1218 0.2277 0.0115 0.0104
171 0.2874 0.0672 0.3154 0.2069 0.0911 0.0320
172 0.0724 0.6870 0.1071 0.1292 0.0033 0.0009
173 0.5054 0.1919 0.2522 0.0254 0.0242 0.0008
174 0.3569 0.2233 0.2571 0.0714 0.0547 0.0367
175 0.0894 0.3823 0.1223 0.3884 0.0097 0.0078
176 0.1548 0.5322 0.1810 0.1215 0.0092 0.0014
177 0.7095 0.1072 0.1488 0.0069 0.0271 0.0004
178 0.6504 0.1301 0.1222 0.0319 0.0639 0.0017
179 0.0075 0.5874 0.0352 0.3674 0.0001 0.0026
180 0.3926 0.1235 0.1421 0.1000 0.2344 0.0075
181 0.4578 0.1820 0.1046 0.0624 0.1879 0.0055
182 0.0254 0.9014 0.0355 0.0372 0.0002 0.0005
183 0.2369 0.5425 0.1239 0.0581 0.0344 0.0042
184 0.0934 0.8325 0.0381 0.0328 0.0028 0.0003
185 0.0612 0.8584 0.0386 0.0363 0.0037 0.0020
186 0.2231 0.0901 0.3196 0.1849 0.1658 0.0164
187 0.3621 0.0938 0.1054 0.0312 0.4041 0.0035
188 0.6147 0.1240 0.1847 0.0044 0.0706 0.0014
189 0.1215 0.6777 0.0465 0.1388 0.0086 0.0069
190 0.0263 0.6992 0.0583 0.2133 0.0012 0.0018
191 0.3525 0.0878 0.1414 0.0059 0.4121 0.0003
192 0.4023 0.1083 0.2188 0.0098 0.2598 0.0011
193 0.1203 0.5435 0.3145 0.0138 0.0071 0.0011
194 0.0495 0.7930 0.0365 0.1124 0.0045 0.0041
195 0.0484 0.7744 0.0280 0.1324 0.0128 0.0039
196 0.0819 0.2484 0.0701 0.5601 0.0187 0.0210
197 0.1242 0.7314 0.0901 0.0277 0.0239 0.0024
198 0.1599 0.6426 0.1575 0.0269 0.0119 0.0011
199 0.1997 0.3909 0.1147 0.2605 0.0175 0.0168
200 0.1770 0.3547 0.1274 0.2986 0.0223 0.0199
201 0.1429 0.2627 0.3591 0.2047 0.0081 0.0223
202 0.1392 0.4387 0.1576 0.1978 0.0213 0.0455
203 0.1282 0.4875 0.1344 0.2267 0.0068 0.0163
204 0.2111 0.4504 0.2468 0.0654 0.0206 0.0058
205 0.1639 0.5635 0.2089 0.0435 0.0161 0.0042
206 0.2466 0.4326 0.1875 0.0723 0.0537 0.0072
207 0.0708 0.3916 0.2822 0.2231 0.0252 0.0071
208 0.1855 0.0672 0.0850 0.3108 0.0308 0.3206
209 0.1538 0.1742 0.1637 0.1000 0.3926 0.0157
210 0.2703 0.1434 0.1083 0.0667 0.3931 0.0182
211 0.2118 0.1169 0.0883 0.0410 0.5239 0.0178
212 0.2374 0.2145 0.1070 0.0586 0.3564 0.0260
213 0.2566 0.2566 0.1544 0.0729 0.2374 0.0219
214 0.2610 0.2510 0.1354 0.0854 0.2377 0.0295
215 0.2456 0.2456 0.1514 0.0849 0.2399 0.0327
216 0.1090 0.0491 0.1854 0.5283 0.0349 0.0933
217 0.2001 0.0975 0.0748 0.2529 0.0394 0.3352
