time exciting_prob fearful_prob tense_prob sad_prob relaxing_prob neutral_prob
0 0.0685 0.0501 0.4827 0.3533 0.0309 0.0146
1 0.0490 0.0534 0.5967 0.2690 0.0182 0.0137
2 0.1797 0.0836 0.1124 0.2343 0.0797 0.3103
3 0.0620 0.0252 0.2357 0.6309 0.0400 0.0062
4 0.1738 0.0901 0.1738 0.3196 0.0660 0.1765
5 0.0531 0.0398 0.7212 0.1536 0.0192 0.0129
6 0.2053 0.0970 0.1456 0.2852 0.0710 0.1959
7 0.1641 0.0812 0.4189 0.2622 0.0657 0.0080
8 0.1838 0.0910 0.1957 0.2673 0.0754 0.1866
9 0.0665 0.0783 0.5874 0.2374 0.0235 0.0067
10 0.0409 0.1642 0.7129 0.0546 0.0142 0.0132
11 0.0284 0.0925 0.6836 0.1455 0.0388 0.0113
12 0.0263 0.0346 0.5122 0.3633 0.0287 0.0351
13 0.0278 0.0296 0.3896 0.4849 0.0170 0.0511
14 0.0347 0.0995 0.5215 0.2834 0.0229 0.0381
15 0.0382 0.1583 0.3799 0.3799 0.0237 0.0198
16 0.0340 0.0350 0.3076 0.5654 0.0340 0.0239
17 0.0728 0.1553 0.2642 0.4634 0.0296 0.0149
18 0.0469 0.0507 0.1676 0.7056 0.0135 0.0160
19 0.0919 0.0884 0.2384 0.5542 0.0136 0.0132
20 0.0468 0.0530 0.1196 0.7676 0.0075 0.0056
21 0.0294 0.0501 0.1094 0.7959 0.0141 0.0011
22 0.0211 0.0394 0.2233 0.6987 0.0111 0.0065
23 0.0504 0.0721 0.5854 0.2639 0.0220 0.0063
24 0.0892 0.1483 0.2644 0.4712 0.0207 0.0062
25 0.1547 0.1150 0.2844 0.4075 0.0280 0.0103
26 0.0366 0.0308 0.2502 0.6592 0.0115 0.0115
27 0.0226 0.0300 0.2847 0.6318 0.0100 0.0210
28 0.0233 0.0091 0.0551 0.9033 0.0068 0.0022
29 0.0538 0.0260 0.0400 0.7666 0.1022 0.0111
30 0.1015 0.0324 0.0743 0.6938 0.0709 0.0273
31 0.0376 0.0228 0.0650 0.8428 0.0204 0.0112
32 0.0625 0.0753 0.2981 0.5229 0.0142 0.0271
33 0.0995 0.0477 0.3418 0.2834 0.0268 0.2009
34 0.0570 0.0392 0.2764 0.4417 0.0305 0.1550
35 0.0585 0.0248 0.3262 0.5376 0.0086 0.0442
36 0.0760 0.0275 0.5449 0.2871 0.0263 0.0382
37 0.0597 0.0635 0.3657 0.3892 0.0392 0.0829
38 0.0436 0.0625 0.5146 0.3074 0.0319 0.0397
39 0.0286 0.0552 0.4478 0.4272 0.0273 0.0139
40 0.0436 0.0526 0.4265 0.4006 0.0182 0.0586
41 0.0622 0.0516 0.1614 0.6685 0.0191 0.0371
42 0.1508 0.0196 0.1069 0.5020 0.0242 0.1965
43 0.1125 0.0768 0.3206 0.3691 0.0905 0.0305
44 0.0458 0.0282 0.0903 0.6997 0.1142 0.0218
45 0.0073 0.0089 0.0602 0.9136 0.0068 0.0033
46 0.0418 0.0595 0.1694 0.6807 0.0378 0.0106
47 0.0410 0.0101 0.1151 0.7744 0.0495 0.0097
48 0.0269 0.0134 0.0527 0.8784 0.0213 0.0073
49 0.0493 0.0375 0.3613 0.5098 0.0207 0.0214
50 0.0818 0.0349 0.1414 0.7178 0.0156 0.0086
51 0.0939 0.0388 0.2167 0.6079 0.0312 0.0117
52 0.0777 0.0397 0.0742 0.7725 0.0196 0.0163
53 0.0705 0.0294 0.2275 0.6582 0.0102 0.0041
54 0.0410 0.1895 0.5312 0.2181 0.0067 0.0132
55 0.1216 0.1315 0.3254 0.4050 0.0103 0.0061
56 0.0594 0.1774 0.6094 0.1360 0.0057 0.0122
57 0.0679 0.0363 0.1210 0.7295 0.0159 0.0292
58 0.0427 0.2576 0.2830 0.3806 0.0175 0.0185
59 0.0612 0.0484 0.2742 0.5801 0.0129 0.0232
60 0.0482 0.1765 0.2451 0.5029 0.0108 0.0164
61 0.0451 0.0213 0.0465 0.8252 0.0444 0.0177
62 0.0838 0.0599 0.2727 0.5508 0.0262 0.0066
63 0.1721 0.0554 0.2244 0.4463 0.0813 0.0206
64 0.0685 0.1232 0.4722 0.2957 0.0279 0.0125
65 0.0858 0.0618 0.2028 0.6147 0.0301 0.0048
66 0.0335 0.0589 0.4929 0.4023 0.0090 0.0035
67 0.1160 0.0447 0.1421 0.6074 0.0682 0.0216
68 0.0572 0.0199 0.1329 0.7075 0.0628 0.0198
69 0.0287 0.0234 0.1153 0.7754 0.0451 0.0120
70 0.0715 0.0437 0.1884 0.6177 0.0548 0.0238
71 0.0908 0.0586 0.4575 0.2773 0.1104 0.0054
72 0.0747 0.0359 0.2338 0.3401 0.2954 0.0201
73 0.0619 0.1221 0.2976 0.4197 0.0894 0.0094
74 0.0291 0.0530 0.1794 0.6362 0.0991 0.0034
75 0.0227 0.0537 0.3904 0.5171 0.0100 0.0059
76 0.0207 0.0745 0.6846 0.2120 0.0033 0.0050
77 0.0184 0.0271 0.0565 0.8843 0.0065 0.0070
78 0.0817 0.0829 0.1526 0.6133 0.0488 0.0208
79 0.1263 0.0882 0.0760 0.5571 0.1244 0.0278
80 0.0546 0.0446 0.1279 0.6499 0.0908 0.0321
81 0.0502 0.0665 0.1442 0.5977 0.0881 0.0534
82 0.0373 0.0671 0.0671 0.7324 0.0601 0.0362
83 0.1148 0.0681 0.0894 0.5396 0.1724 0.0160
84 0.0742 0.0909 0.1088 0.3223 0.3887 0.0152
85 0.0900 0.0358 0.1735 0.6650 0.0297 0.0060
86 0.0773 0.0434 0.1160 0.6572 0.0836 0.0223
87 0.0784 0.1006 0.1609 0.6362 0.0089 0.0150
88 0.0365 0.0240 0.1033 0.8125 0.0103 0.0134
89 0.0395 0.0716 0.2498 0.6279 0.0025 0.0087
90 0.0648 0.1482 0.0899 0.6538 0.0384 0.0049
91 0.0163 0.0382 0.0420 0.8843 0.0128 0.0064
92 0.0200 0.0123 0.0144 0.9355 0.0123 0.0052
93 0.0242 0.0480 0.0580 0.8384 0.0240 0.0074
94 0.0809 0.2651 0.1088 0.4438 0.0847 0.0166
95 0.0210 0.1266 0.2854 0.4929 0.0580 0.0162
96 0.0341 0.0773 0.3928 0.4812 0.0043 0.0101
97 0.0494 0.0260 0.1078 0.7607 0.0443 0.0119
98 0.1076 0.0529 0.1101 0.3967 0.3042 0.0287
99 0.0493 0.0301 0.0425 0.7593 0.1012 0.0174
100 0.0742 0.0491 0.0909 0.5527 0.1398 0.0931
101 0.0221 0.0179 0.0359 0.8364 0.0362 0.0514
102 0.0353 0.0388 0.1559 0.7207 0.0307 0.0183
103 0.0458 0.0768 0.1348 0.7061 0.0138 0.0229
104 0.0337 0.0231 0.0460 0.8823 0.0081 0.0068
105 0.0197 0.0266 0.0710 0.8521 0.0188 0.0118
106 0.0502 0.0685 0.1451 0.7144 0.0100 0.0116
107 0.0655 0.0939 0.3276 0.3889 0.0640 0.0601
108 0.0932 0.0760 0.2235 0.5620 0.0273 0.0179
109 0.0375 0.0302 0.0914 0.7305 0.0609 0.0497
110 0.0775 0.0794 0.1875 0.5508 0.0819 0.0227
111 0.0444 0.0791 0.1207 0.7275 0.0225 0.0057
112 0.0189 0.0301 0.0734 0.8403 0.0204 0.0169
113 0.0143 0.0080 0.0162 0.9424 0.0143 0.0045
114 0.0511 0.1143 0.2308 0.5625 0.0211 0.0200
115 0.2502 0.0628 0.0618 0.2971 0.3066 0.0212
116 0.1381 0.0504 0.0864 0.4934 0.2123 0.0194
117 0.0578 0.1685 0.1464 0.5972 0.0164 0.0136
118 0.0323 0.0929 0.1036 0.7026 0.0573 0.0111
119 0.0448 0.1058 0.5806 0.2576 0.0065 0.0046
120 0.0213 0.0198 0.1072 0.8301 0.0171 0.0047
121 0.0568 0.1331 0.1156 0.6348 0.0439 0.0158
122 0.0273 0.0211 0.0873 0.8413 0.0138 0.0091
123 0.0653 0.0313 0.0981 0.6396 0.0893 0.0764
124 0.0980 0.0613 0.1415 0.6006 0.0781 0.0207
125 0.0195 0.0082 0.1155 0.8398 0.0128 0.0042
126 0.0461 0.0556 0.1699 0.6216 0.0754 0.0317
127 0.0343 0.0243 0.0917 0.7798 0.0592 0.0105
128 0.0405 0.0496 0.1285 0.6738 0.0970 0.0107
129 0.0634 0.1532 0.1212 0.5693 0.0696 0.0235
130 0.0229 0.0290 0.0664 0.8477 0.0273 0.0067
131 0.0122 0.0245 0.0404 0.9048 0.0136 0.0043
132 0.0419 0.0410 0.0708 0.6875 0.1464 0.0126
133 0.0303 0.1142 0.1399 0.6890 0.0155 0.0113
134 0.0623 0.0266 0.0609 0.7300 0.1068 0.0137
135 0.0356 0.0403 0.0909 0.7979 0.0251 0.0100
136 0.0512 0.0898 0.1307 0.6958 0.0188 0.0137
137 0.0851 0.1172 0.2139 0.5132 0.0462 0.0247
138 0.0421 0.0338 0.0493 0.8594 0.0115 0.0040
139 0.0413 0.1223 0.3027 0.4839 0.0153 0.0345
140 0.1108 0.1126 0.2103 0.4453 0.0267 0.0941
141 0.0473 0.3040 0.2947 0.2642 0.0344 0.0558
142 0.0687 0.2067 0.2100 0.3684 0.0265 0.1196
143 0.0353 0.0316 0.0228 0.8828 0.0164 0.0109
144 0.0674 0.2333 0.2158 0.3672 0.0292 0.0872
145 0.1114 0.2267 0.4509 0.1534 0.0150 0.0426
146 0.0505 0.2930 0.2886 0.3320 0.0108 0.0252
147 0.1151 0.2036 0.2783 0.3057 0.0280 0.0693
148 0.1136 0.2350 0.2664 0.3367 0.0157 0.0326
149 0.0414 0.2739 0.2494 0.3252 0.0947 0.0154
150 0.0493 0.2354 0.1862 0.3533 0.1643 0.0116
151 0.0571 0.3132 0.3037 0.2598 0.0571 0.0092
152 0.0628 0.2883 0.4128 0.2076 0.0222 0.0061
153 0.0726 0.3152 0.3745 0.2236 0.0055 0.0087
154 0.0632 0.1404 0.3162 0.4390 0.0204 0.0207
155 0.0707 0.2710 0.2930 0.3372 0.0141 0.0142
156 0.0974 0.2450 0.4368 0.1849 0.0314 0.0047
157 0.2296 0.1680 0.1102 0.3787 0.0957 0.0180
158 0.0453 0.1376 0.3198 0.4580 0.0130 0.0262
159 0.1097 0.2395 0.2216 0.3596 0.0468 0.0228
160 0.1058 0.1010 0.0739 0.6587 0.0470 0.0139
161 0.0268 0.0706 0.1257 0.7012 0.0402 0.0355
162 0.0200 0.0437 0.0616 0.7627 0.0767 0.0351
163 0.1188 0.0779 0.0855 0.6318 0.0646 0.0213
164 0.0958 0.1250 0.1936 0.4944 0.0619 0.0292
165 0.0777 0.1451 0.1301 0.5562 0.0777 0.0130
166 0.0425 0.0873 0.2029 0.6250 0.0217 0.0207
167 0.1351 0.1818 0.3140 0.3291 0.0201 0.0199
168 0.0612 0.1742 0.3464 0.3689 0.0195 0.0298
169 0.1056 0.3862 0.0836 0.3862 0.0293 0.0089
170 0.0543 0.3596 0.3486 0.1753 0.0213 0.0410
171 0.0659 0.0859 0.5103 0.2411 0.0159 0.0807
172 0.0305 0.2052 0.2986 0.3279 0.0427 0.0954
173 0.0521 0.0973 0.5513 0.1580 0.0084 0.1329
174 0.0435 0.2386 0.4253 0.2041 0.0085 0.0800
175 0.0423 0.1698 0.5312 0.2250 0.0114 0.0203
176 0.0656 0.1730 0.4084 0.3181 0.0054 0.0296
177 0.0807 0.2527 0.3914 0.2266 0.0184 0.0302
178 0.0503 0.0667 0.1869 0.6729 0.0101 0.0131
179 0.1097 0.0472 0.3328 0.4841 0.0096 0.0166
180 0.1150 0.2360 0.1866 0.4341 0.0112 0.0171
181 0.0511 0.2944 0.2639 0.3284 0.0125 0.0496
182 0.0536 0.1390 0.2598 0.2598 0.0320 0.2559
183 0.1024 0.1124 0.2417 0.3984 0.0327 0.1124
184 0.0127 0.3828 0.3433 0.2251 0.0121 0.0239
185 0.0341 0.2220 0.2517 0.4556 0.0223 0.0144
186 0.0407 0.0574 0.1142 0.7217 0.0122 0.0539
187 0.0616 0.1500 0.3542 0.3599 0.0066 0.0676
188 0.0366 0.0891 0.3013 0.4595 0.0077 0.1058
189 0.0770 0.3728 0.2949 0.2059 0.0409 0.0086
190 0.0979 0.3813 0.3638 0.1219 0.0266 0.0086
191 0.0505 0.3142 0.3293 0.2524 0.0467 0.0067
192 0.0446 0.3149 0.3052 0.3149 0.0111 0.0094
193 0.0249 0.3516 0.3572 0.2306 0.0198 0.0158
194 0.0101 0.3022 0.1544 0.5142 0.0173 0.0017
195 0.0224 0.2319 0.2014 0.5308 0.0099 0.0036
196 0.0203 0.1152 0.1099 0.6035 0.1411 0.0101
197 0.0115 0.1660 0.0681 0.7212 0.0245 0.0090
198 0.0038 0.0775 0.0594 0.8325 0.0173 0.0093
199 0.1102 0.4065 0.3164 0.1289 0.0276 0.0103
200 0.0071 0.0743 0.0955 0.7388 0.0677 0.0164
201 0.0275 0.0901 0.0959 0.7090 0.0514 0.0262
202 0.0116 0.0606 0.1432 0.7622 0.0153 0.0070
203 0.1055 0.3596 0.1986 0.2590 0.0413 0.0362
204 0.0552 0.4590 0.3105 0.1400 0.0239 0.0114
205 0.0415 0.4194 0.2974 0.1891 0.0341 0.0184
206 0.1854 0.0947 0.0862 0.4663 0.1315 0.0357
207 0.0327 0.0483 0.1122 0.7554 0.0208 0.0307
208 0.0296 0.0466 0.1117 0.7397 0.0519 0.0203
209 0.0779 0.1115 0.1782 0.5664 0.0531 0.0128
210 0.0365 0.2324 0.2474 0.4480 0.0197 0.0158
211 0.0330 0.1610 0.2271 0.1942 0.3687 0.0161
212 0.0222 0.0471 0.0634 0.8086 0.0449 0.0138
213 0.0528 0.1503 0.2478 0.4417 0.0688 0.0386
214 0.0464 0.1475 0.1671 0.5742 0.0439 0.0206
215 0.0420 0.2167 0.3357 0.2494 0.1215 0.0348
216 0.0258 0.0851 0.1320 0.6494 0.0643 0.0435
217 0.0278 0.1561 0.1715 0.4736 0.1161 0.0548
218 0.0319 0.2627 0.1892 0.3706 0.1222 0.0233
219 0.0265 0.1365 0.1896 0.3889 0.2018 0.0569
220 0.1034 0.0536 0.1576 0.1034 0.5591 0.0231
221 0.1003 0.0871 0.1229 0.1903 0.4937 0.0058
222 0.1057 0.0836 0.1040 0.2656 0.4309 0.0103
223 0.1039 0.0327 0.0772 0.1713 0.5977 0.0171
224 0.0894 0.0397 0.0880 0.0707 0.7031 0.0089
225 0.0071 0.0770 0.2228 0.6548 0.0250 0.0135
226 0.0038 0.0834 0.1940 0.6987 0.0127 0.0073
227 0.1197 0.0977 0.2343 0.2494 0.2915 0.0074
228 0.1050 0.2769 0.2520 0.1118 0.2520 0.0024
229 0.1266 0.3389 0.2120 0.1042 0.2155 0.0027
230 0.1238 0.2705 0.2010 0.1128 0.2881 0.0039
231 0.0966 0.2886 0.3591 0.1833 0.0691 0.0033
232 0.2556 0.0503 0.1266 0.2722 0.0767 0.2186
233 0.2556 0.0503 0.1266 0.2722 0.0767 0.2186
