time exciting_prob fearful_prob tense_prob sad_prob relaxing_prob neutral_prob
0 0.9419 0.0145 0.0055 0.0265 0.0083 0.0032
1 0.9653 0.0135 0.0039 0.0091 0.0066 0.0014
2 0.9590 0.0151 0.0056 0.0088 0.0092 0.0025
3 0.1647 0.1150 0.1547 0.4338 0.0221 0.1097
4 0.2135 0.1549 0.2783 0.1024 0.0271 0.2236
5 0.3259 0.1010 0.2832 0.1665 0.0190 0.1042
6 0.4553 0.1549 0.2515 0.0810 0.0287 0.0287
7 0.4675 0.1164 0.2333 0.0541 0.0258 0.1027
8 0.1481 0.2155 0.2257 0.2681 0.1162 0.0266
9 0.7900 0.0169 0.0486 0.0505 0.0505 0.0435
10 0.8218 0.0277 0.0385 0.0334 0.0419 0.0367
11 0.8408 0.0202 0.0361 0.0242 0.0283 0.0505
12 0.8242 0.0245 0.0420 0.0289 0.0310 0.0495
13 0.8491 0.0262 0.0543 0.0221 0.0293 0.0191
14 0.8242 0.0208 0.0469 0.0382 0.0476 0.0223
15 0.4719 0.1147 0.2111 0.1104 0.0345 0.0577
16 0.1859 0.1565 0.3113 0.2971 0.0292 0.0202
17 0.4382 0.1161 0.1588 0.2659 0.0106 0.0103
18 0.2189 0.0986 0.4705 0.1842 0.0068 0.0210
19 0.5605 0.0952 0.1750 0.1290 0.0118 0.0284
20 0.9688 0.0009 0.0062 0.0193 0.0034 0.0015
21 0.9570 0.0011 0.0086 0.0259 0.0053 0.0023
22 0.0974 0.1351 0.1138 0.1967 0.0275 0.4294
23 0.0773 0.4553 0.2893 0.0693 0.0025 0.1064
24 0.0501 0.5513 0.3291 0.0463 0.0032 0.0199
25 0.0320 0.1031 0.6079 0.0883 0.0092 0.1598
26 0.0610 0.0922 0.5103 0.1486 0.0140 0.1737
27 0.1372 0.1804 0.4033 0.1289 0.0240 0.1260
28 0.1451 0.1893 0.4104 0.1232 0.0233 0.1087
29 0.0592 0.1489 0.6621 0.0552 0.0046 0.0698
30 0.1622 0.1454 0.2051 0.1782 0.0198 0.2893
31 0.0948 0.2329 0.2788 0.1109 0.0101 0.2725
32 0.1343 0.0708 0.6260 0.0423 0.0081 0.1185
33 0.0470 0.6641 0.1349 0.0942 0.0012 0.0585
34 0.1008 0.4658 0.2534 0.1039 0.0182 0.0579
35 0.1912 0.0947 0.3054 0.1107 0.0154 0.2825
36 0.2396 0.0436 0.2756 0.2147 0.0082 0.2181
37 0.2280 0.1506 0.0966 0.0826 0.0130 0.4292
38 0.1302 0.1366 0.6025 0.0522 0.0092 0.0692
39 0.2996 0.2297 0.1616 0.0467 0.0254 0.2371
40 0.3018 0.2277 0.3210 0.0372 0.0122 0.1002
41 0.1503 0.0612 0.6426 0.0768 0.0151 0.0540
42 0.1445 0.4280 0.3181 0.0185 0.0136 0.0773
43 0.1383 0.2815 0.4790 0.0425 0.0074 0.0513
44 0.1670 0.1260 0.4504 0.0670 0.0077 0.1820
45 0.0574 0.5532 0.3008 0.0091 0.0458 0.0338
46 0.0153 0.5815 0.2622 0.0207 0.0127 0.1076
47 0.1992 0.0520 0.5762 0.0466 0.0070 0.1190
48 0.2137 0.2188 0.0912 0.0469 0.0110 0.4185
49 0.2072 0.1901 0.1162 0.0318 0.0164 0.4385
50 0.2253 0.0698 0.5845 0.0437 0.0082 0.0687
51 0.2808 0.2617 0.1650 0.0519 0.0152 0.2256
52 0.0871 0.4709 0.3137 0.0781 0.0109 0.0393
53 0.1010 0.0323 0.5049 0.2423 0.0031 0.1163
54 0.1842 0.0459 0.4087 0.2479 0.0227 0.0905
55 0.1559 0.3052 0.2959 0.1940 0.0188 0.0302
56 0.1949 0.1904 0.0872 0.0800 0.0248 0.4226
57 0.1909 0.1738 0.4041 0.0697 0.0128 0.1487
58 0.0945 0.1292 0.3174 0.0895 0.0127 0.3567
59 0.1443 0.0984 0.6992 0.0343 0.0061 0.0178
60 0.1533 0.0644 0.3794 0.0702 0.0133 0.3196
61 0.1553 0.0857 0.3723 0.0485 0.0096 0.3286
62 0.1682 0.0563 0.4866 0.0453 0.0207 0.2228
63 0.0928 0.0266 0.8018 0.0190 0.0020 0.0581
64 0.1560 0.2783 0.4243 0.0917 0.0188 0.0310
65 0.1967 0.2211 0.4036 0.0951 0.0355 0.0482
66 0.1580 0.2428 0.4397 0.1221 0.0055 0.0319
67 0.1266 0.1368 0.4524 0.0380 0.0187 0.2274
68 0.1351 0.0576 0.6006 0.0572 0.0056 0.1438
69 0.0853 0.2429 0.4756 0.1473 0.0104 0.0384
70 0.1072 0.1177 0.6167 0.0183 0.0203 0.1196
71 0.2656 0.1400 0.3308 0.0750 0.0223 0.1663
72 0.3948 0.0765 0.4170 0.0486 0.0297 0.0332
73 0.2382 0.2345 0.4663 0.0424 0.0143 0.0044
74 0.0370 0.2112 0.5225 0.0052 0.0028 0.2213
75 0.1218 0.1993 0.6538 0.0139 0.0033 0.0080
76 0.1868 0.4622 0.3276 0.0161 0.0016 0.0058
77 0.3604 0.1179 0.4348 0.0107 0.0455 0.0308
78 0.2844 0.3274 0.2935 0.0232 0.0348 0.0370
79 0.1824 0.1882 0.5708 0.0126 0.0278 0.0182
80 0.3586 0.1980 0.4062 0.0135 0.0123 0.0114
81 0.2756 0.2375 0.4543 0.0097 0.0053 0.0176
82 0.1843 0.2189 0.4932 0.0085 0.0145 0.0805
83 0.2397 0.2379 0.4958 0.0090 0.0081 0.0094
84 0.1912 0.1315 0.6221 0.0085 0.0142 0.0327
85 0.2495 0.2698 0.3384 0.0108 0.0544 0.0773
86 0.1864 0.3245 0.3245 0.0967 0.0300 0.0379
87 0.1768 0.3381 0.4341 0.0116 0.0237 0.0158
88 0.0707 0.5181 0.2299 0.0696 0.0189 0.0929
89 0.0938 0.5073 0.3486 0.0260 0.0025 0.0219
90 0.1154 0.5376 0.2368 0.0384 0.0278 0.0438
91 0.0988 0.1069 0.1681 0.0746 0.0256 0.5259
92 0.1031 0.0635 0.3435 0.2983 0.0107 0.1809
93 0.1617 0.2974 0.3879 0.0872 0.0050 0.0609
94 0.0784 0.6411 0.2250 0.0302 0.0074 0.0180
95 0.0983 0.3005 0.3799 0.1344 0.0181 0.0687
96 0.0478 0.2317 0.3645 0.0195 0.0048 0.3318
97 0.4131 0.1212 0.1921 0.1876 0.0323 0.0538
98 0.1627 0.1018 0.6533 0.0421 0.0199 0.0201
99 0.2134 0.1444 0.2554 0.0816 0.0158 0.2893
100 0.2256 0.1456 0.2720 0.0232 0.0300 0.3035
101 0.0615 0.1620 0.3271 0.0279 0.0142 0.4072
102 0.0419 0.5654 0.2756 0.0286 0.0230 0.0654
103 0.2128 0.2627 0.3025 0.1175 0.0165 0.0880
104 0.1993 0.0328 0.6045 0.0787 0.0056 0.0793
105 0.2949 0.1077 0.3643 0.0663 0.0198 0.1471
106 0.1333 0.0605 0.1646 0.1807 0.0172 0.4438
107 0.1021 0.4133 0.1892 0.0169 0.0801 0.1984
108 0.0325 0.7222 0.1274 0.0050 0.0656 0.0473
109 0.2365 0.0843 0.6182 0.0174 0.0065 0.0371
110 0.2267 0.0730 0.6406 0.0186 0.0044 0.0367
111 0.2537 0.0492 0.5205 0.0354 0.0211 0.1199
112 0.1379 0.0727 0.5898 0.1091 0.0162 0.0744
113 0.2854 0.2991 0.3086 0.0125 0.0905 0.0040
114 0.1660 0.0530 0.4878 0.1660 0.0076 0.1196
115 0.0974 0.5962 0.2524 0.0252 0.0250 0.0035
116 0.0917 0.0132 0.6772 0.1106 0.0050 0.1022
117 0.1462 0.1736 0.6255 0.0231 0.0214 0.0103
118 0.1547 0.1071 0.5610 0.0630 0.0062 0.1080
119 0.1949 0.1027 0.6099 0.0409 0.0164 0.0352
120 0.5479 0.0165 0.3323 0.0534 0.0090 0.0413
121 0.5430 0.0172 0.3909 0.0252 0.0054 0.0184
122 0.5430 0.0146 0.4163 0.0154 0.0040 0.0071
123 0.0377 0.1648 0.5576 0.0245 0.0135 0.2019
124 0.0360 0.2242 0.5728 0.0123 0.0272 0.1278
125 0.0740 0.2390 0.3586 0.0415 0.0403 0.2466
126 0.5142 0.0224 0.4331 0.0127 0.0041 0.0133
127 0.5205 0.0218 0.4182 0.0190 0.0041 0.0162
128 0.0684 0.4221 0.4092 0.0567 0.0155 0.0283
129 0.0826 0.2976 0.5391 0.0479 0.0133 0.0195
130 0.1785 0.0210 0.7280 0.0341 0.0126 0.0259
131 0.0843 0.0096 0.8384 0.0291 0.0025 0.0363
132 0.0562 0.0114 0.8794 0.0181 0.0043 0.0306
133 0.0479 0.0149 0.8354 0.0569 0.0025 0.0423
134 0.0464 0.4368 0.4651 0.0334 0.0076 0.0108
135 0.0633 0.2815 0.5776 0.0460 0.0152 0.0166
136 0.0919 0.6138 0.2258 0.0227 0.0315 0.0142
137 0.5117 0.0476 0.3923 0.0152 0.0134 0.0195
138 0.4001 0.0321 0.4463 0.0428 0.0112 0.0674
139 0.6167 0.0189 0.3005 0.0413 0.0087 0.0138
140 0.5083 0.2203 0.1445 0.0963 0.0078 0.0229
141 0.3628 0.2067 0.1536 0.2378 0.0106 0.0286
142 0.3052 0.2869 0.2251 0.1293 0.0295 0.0241
143 0.0889 0.0911 0.2325 0.0732 0.0065 0.5078
144 0.0529 0.0585 0.1393 0.0711 0.0036 0.6748
145 0.1974 0.2380 0.3865 0.1064 0.0098 0.0621
146 0.0613 0.3813 0.1042 0.3472 0.0023 0.1035
147 0.0510 0.5522 0.2339 0.1176 0.0018 0.0436
148 0.2468 0.0555 0.5435 0.0311 0.0029 0.1203
149 0.0437 0.0985 0.8247 0.0057 0.0024 0.0249
150 0.0555 0.1311 0.7905 0.0065 0.0027 0.0135
151 0.0601 0.0748 0.3198 0.1252 0.0097 0.4106
152 0.0652 0.3752 0.1639 0.2878 0.0042 0.1034
153 0.0223 0.0350 0.3123 0.0675 0.0063 0.5566
154 0.1399 0.3303 0.2067 0.0293 0.0889 0.2051
155 0.1068 0.4060 0.3262 0.0033 0.0825 0.0751
156 0.1010 0.0837 0.2578 0.1199 0.0383 0.3994
157 0.0961 0.6074 0.1536 0.0953 0.0305 0.0174
158 0.0691 0.0115 0.6870 0.0216 0.0046 0.2063
159 0.0344 0.0076 0.8203 0.0576 0.0026 0.0775
160 0.2190 0.2542 0.4783 0.0320 0.0027 0.0139
161 0.1074 0.3748 0.2576 0.0085 0.0173 0.2345
162 0.2727 0.3875 0.3042 0.0166 0.0072 0.0119
163 0.0901 0.5605 0.2908 0.0319 0.0045 0.0219
164 0.1059 0.1873 0.4187 0.0386 0.0906 0.1589
165 0.2205 0.2556 0.4778 0.0079 0.0135 0.0247
166 0.0533 0.5815 0.1102 0.0130 0.0740 0.1680
167 0.2607 0.2412 0.2820 0.1292 0.0108 0.0759
168 0.2061 0.0807 0.3345 0.2905 0.0302 0.0581
169 0.2004 0.1943 0.3203 0.1825 0.0213 0.0810
170 0.1837 0.1633 0.6265 0.0113 0.0036 0.0117
171 0.2076 0.1721 0.4680 0.0958 0.0131 0.0432
172 0.1072 0.0984 0.7798 0.0052 0.0029 0.0063
173 0.5454 0.0662 0.3010 0.0651 0.0177 0.0048
174 0.1074 0.0883 0.7808 0.0074 0.0028 0.0133
175 0.3640 0.0262 0.0558 0.4324 0.0493 0.0723
176 0.2104 0.3416 0.3870 0.0477 0.0085 0.0049
177 0.1681 0.1004 0.6968 0.0084 0.0033 0.0231
178 0.2220 0.3181 0.3660 0.0699 0.0109 0.0132
179 0.0930 0.2285 0.6309 0.0094 0.0084 0.0300
180 0.2263 0.0880 0.2159 0.1791 0.0260 0.2646
181 0.1345 0.4624 0.3491 0.0181 0.0081 0.0278
182 0.1652 0.3552 0.4026 0.0285 0.0106 0.0380
183 0.1631 0.0591 0.7197 0.0258 0.0032 0.0292
184 0.2325 0.0420 0.4146 0.0616 0.1284 0.1207
185 0.0833 0.1952 0.5918 0.0922 0.0206 0.0168
186 0.2976 0.1656 0.1937 0.1332 0.0659 0.1439
187 0.0288 0.6709 0.2111 0.0373 0.0467 0.0055
188 0.0536 0.5244 0.2401 0.0792 0.0941 0.0087
189 0.2247 0.0982 0.2932 0.3428 0.0083 0.0329
190 0.2286 0.4954 0.2491 0.0084 0.0100 0.0085
191 0.0485 0.0668 0.0648 0.7412 0.0137 0.0648
192 0.4614 0.1440 0.1464 0.1909 0.0332 0.0241
193 0.0547 0.2690 0.5029 0.1332 0.0148 0.0254
194 0.9604 0.0008 0.0061 0.0258 0.0043 0.0026
195 0.9653 0.0008 0.0049 0.0232 0.0037 0.0019
196 0.9536 0.0008 0.0058 0.0319 0.0051 0.0029
197 0.9648 0.0007 0.0063 0.0220 0.0044 0.0017
198 0.9653 0.0009 0.0063 0.0218 0.0037 0.0018
199 0.9419 0.0009 0.0070 0.0427 0.0047 0.0028
200 0.1136 0.1553 0.1349 0.1288 0.0181 0.4492
201 0.4062 0.0390 0.1980 0.2666 0.0493 0.0409
202 0.4070 0.0391 0.1953 0.2668 0.0501 0.0416
203 0.4070 0.0391 0.1953 0.2668 0.0501 0.0416
