time exciting_prob fearful_prob tense_prob sad_prob relaxing_prob neutral_prob
0 0.1888 0.0381 0.2542 0.4189 0.0399 0.0603
1 0.9712 0.0064 0.0179 0.0010 0.0033 0.0003
2 0.9785 0.0031 0.0142 0.0020 0.0018 0.0004
3 0.9702 0.0033 0.0159 0.0071 0.0027 0.0006
4 0.9756 0.0026 0.0179 0.0023 0.0015 0.0002
5 0.2974 0.2012 0.2664 0.1748 0.0358 0.0246
6 0.9395 0.0080 0.0241 0.0088 0.0195 0.0002
7 0.9141 0.0076 0.0352 0.0217 0.0212 0.0005
8 0.8979 0.0065 0.0420 0.0320 0.0211 0.0003
9 0.2256 0.0830 0.1390 0.0156 0.5327 0.0039
10 0.0946 0.0703 0.3860 0.2133 0.2341 0.0016
11 0.1847 0.0735 0.3616 0.3345 0.0439 0.0017
12 0.3423 0.1249 0.3701 0.0290 0.0958 0.0378
13 0.4016 0.3228 0.2324 0.0243 0.0111 0.0079
14 0.5811 0.1469 0.1218 0.0850 0.0402 0.0253
15 0.2773 0.2732 0.1311 0.1907 0.1147 0.0129
16 0.2473 0.0903 0.2148 0.3225 0.0822 0.0427
17 0.1305 0.3518 0.1663 0.3203 0.0211 0.0099
18 0.1759 0.1190 0.3286 0.2642 0.0306 0.0818
19 0.0917 0.3921 0.3740 0.1063 0.0263 0.0095
20 0.2715 0.0569 0.1895 0.0214 0.4546 0.0063
21 0.2842 0.3508 0.2450 0.0443 0.0741 0.0016
22 0.0715 0.0631 0.2273 0.5366 0.0253 0.0761
23 0.0322 0.1685 0.7671 0.0243 0.0011 0.0069
24 0.4395 0.1920 0.1790 0.0950 0.0453 0.0493
25 0.3137 0.4492 0.1317 0.0448 0.0355 0.0251
26 0.3359 0.3059 0.1650 0.0919 0.0289 0.0721
27 0.2288 0.5195 0.1398 0.0221 0.0601 0.0298
28 0.3887 0.0790 0.2888 0.0916 0.1122 0.0397
29 0.3865 0.1884 0.2964 0.0732 0.0465 0.0092
30 0.0474 0.3186 0.4858 0.0133 0.0516 0.0831
31 0.1154 0.3997 0.3472 0.0466 0.0825 0.0088
32 0.2656 0.1254 0.2344 0.2117 0.1561 0.0070
33 0.2488 0.0894 0.2079 0.2627 0.1848 0.0064
34 0.1813 0.0352 0.1538 0.4558 0.1677 0.0063
35 0.1921 0.3618 0.2161 0.1222 0.1045 0.0032
36 0.2227 0.0196 0.1495 0.3970 0.2028 0.0084
37 0.4309 0.0809 0.2939 0.0726 0.1056 0.0162
38 0.0477 0.3608 0.2944 0.1256 0.1600 0.0113
39 0.0517 0.2563 0.5513 0.1310 0.0077 0.0018
40 0.2766 0.2025 0.2224 0.1843 0.0805 0.0336
41 0.4617 0.1547 0.2632 0.0288 0.0578 0.0340
42 0.3384 0.1729 0.2939 0.1000 0.0897 0.0051
43 0.1694 0.1920 0.5918 0.0067 0.0198 0.0204
44 0.1971 0.2034 0.5615 0.0091 0.0191 0.0100
45 0.2537 0.1217 0.5122 0.0836 0.0220 0.0066
46 0.2275 0.0162 0.5293 0.0705 0.0421 0.1144
47 0.1289 0.0609 0.5020 0.2408 0.0199 0.0474
48 0.1849 0.1632 0.5024 0.0494 0.0494 0.0505
49 0.1426 0.0308 0.0689 0.0950 0.6387 0.0240
50 0.3306 0.2036 0.2101 0.0349 0.1929 0.0280
51 0.3601 0.0159 0.2939 0.0593 0.0111 0.2595
52 0.3997 0.1787 0.3286 0.0204 0.0138 0.0589
53 0.3381 0.0511 0.3054 0.0300 0.0100 0.2654
54 0.2849 0.1294 0.3154 0.2168 0.0392 0.0142
55 0.2054 0.2402 0.4929 0.0405 0.0144 0.0066
56 0.2869 0.1196 0.2781 0.1866 0.0931 0.0359
57 0.1080 0.0416 0.3027 0.4407 0.0526 0.0543
58 0.2739 0.1548 0.4209 0.0767 0.0166 0.0574
59 0.6040 0.0721 0.2155 0.0733 0.0208 0.0141
60 0.5449 0.0626 0.2534 0.0656 0.0386 0.0349
61 0.1152 0.0548 0.1975 0.5850 0.0271 0.0203
62 0.2502 0.0653 0.5728 0.0845 0.0164 0.0107
63 0.2195 0.1364 0.5024 0.0795 0.0486 0.0136
64 0.8833 0.0356 0.0676 0.0036 0.0065 0.0032
65 0.9224 0.0399 0.0264 0.0014 0.0093 0.0008
66 0.2323 0.0645 0.2019 0.3005 0.1926 0.0081
67 0.3103 0.0766 0.4585 0.0953 0.0170 0.0423
68 0.3345 0.2061 0.3730 0.0614 0.0233 0.0016
69 0.2603 0.0745 0.5381 0.0613 0.0219 0.0442
70 0.5249 0.0520 0.2008 0.0558 0.0455 0.1208
71 0.0483 0.1315 0.3203 0.4661 0.0206 0.0133
72 0.3875 0.2642 0.1437 0.0913 0.0477 0.0657
73 0.4927 0.1082 0.1600 0.0963 0.1207 0.0220
74 0.2290 0.0575 0.3105 0.3010 0.0315 0.0704
75 0.1747 0.3420 0.3936 0.0781 0.0087 0.0028
76 0.1541 0.1403 0.5293 0.1034 0.0710 0.0021
77 0.2214 0.1096 0.3171 0.2357 0.0730 0.0429
78 0.1393 0.0845 0.2903 0.3669 0.0628 0.0563
79 0.2727 0.0734 0.2445 0.3669 0.0132 0.0292
80 0.1245 0.0282 0.0897 0.7163 0.0195 0.0220
81 0.2607 0.0482 0.4167 0.2129 0.0453 0.0158
82 0.3323 0.1030 0.5107 0.0144 0.0197 0.0201
83 0.3560 0.1875 0.4033 0.0316 0.0166 0.0050
84 0.5630 0.0978 0.2365 0.0310 0.0338 0.0380
85 0.1810 0.4807 0.2167 0.0829 0.0198 0.0188
86 0.0908 0.2688 0.5781 0.0486 0.0085 0.0052
87 0.1964 0.0541 0.3728 0.3091 0.0474 0.0201
88 0.4766 0.0742 0.3174 0.0351 0.0578 0.0391
89 0.6636 0.0338 0.0722 0.0584 0.1267 0.0452
90 0.2158 0.0224 0.1578 0.0425 0.5596 0.0017
91 0.4419 0.0280 0.0756 0.0792 0.3721 0.0031
92 0.2690 0.1498 0.4436 0.0264 0.0959 0.0149
93 0.3782 0.0617 0.2559 0.1902 0.0745 0.0396
94 0.2722 0.0798 0.2722 0.1991 0.0970 0.0798
95 0.2313 0.0679 0.1888 0.0421 0.0825 0.3875
96 0.3303 0.1089 0.4377 0.0635 0.0223 0.0371
97 0.1880 0.5029 0.2451 0.0271 0.0364 0.0005
98 0.3108 0.0823 0.4453 0.0383 0.1058 0.0175
99 0.3381 0.1388 0.1334 0.3176 0.0056 0.0666
100 0.4036 0.2161 0.1617 0.0071 0.1982 0.0134
101 0.1689 0.1357 0.2069 0.4380 0.0251 0.0253
102 0.2280 0.2013 0.4902 0.0080 0.0550 0.0173
103 0.2051 0.0327 0.0535 0.0098 0.6724 0.0267
104 0.4685 0.0827 0.1395 0.0475 0.2588 0.0030
105 0.2795 0.1509 0.2930 0.1037 0.1439 0.0288
106 0.5063 0.1406 0.1697 0.0403 0.1290 0.0140
107 0.1641 0.2542 0.3875 0.0734 0.0558 0.0652
108 0.3220 0.0324 0.1342 0.0568 0.3071 0.1475
109 0.5464 0.0524 0.0608 0.0170 0.3064 0.0169
110 0.3418 0.1995 0.3696 0.0098 0.0318 0.0474
111 0.2185 0.1869 0.2363 0.1049 0.2327 0.0208
112 0.5298 0.1830 0.1163 0.0074 0.1603 0.0033
113 0.4460 0.0712 0.0594 0.0113 0.3877 0.0244
114 0.2500 0.0812 0.2661 0.0652 0.1516 0.1858
115 0.0888 0.2001 0.6665 0.0078 0.0134 0.0235
116 0.1345 0.1206 0.6831 0.0178 0.0170 0.0269
117 0.2303 0.1465 0.2800 0.0490 0.2571 0.0370
118 0.2179 0.3169 0.3025 0.0783 0.0759 0.0084
119 0.2502 0.3757 0.2881 0.0244 0.0554 0.0063
120 0.1261 0.0240 0.4683 0.1805 0.1777 0.0233
121 0.5479 0.1088 0.0930 0.0332 0.1851 0.0319
122 0.3718 0.2988 0.2152 0.0103 0.0985 0.0053
123 0.4546 0.0975 0.1168 0.0483 0.2549 0.0279
124 0.6553 0.1353 0.0853 0.0242 0.0789 0.0212
125 0.4548 0.1055 0.1409 0.0464 0.1971 0.0552
126 0.5728 0.0467 0.0764 0.0695 0.2208 0.0137
127 0.1544 0.2607 0.4722 0.0547 0.0555 0.0026
128 0.1804 0.3215 0.2793 0.1340 0.0384 0.0463
129 0.3325 0.0902 0.3484 0.1595 0.0655 0.0039
130 0.8667 0.0572 0.0445 0.0057 0.0057 0.0202
131 0.1855 0.2617 0.4382 0.0631 0.0276 0.0240
132 0.5479 0.2712 0.1232 0.0264 0.0281 0.0033
133 0.1147 0.2795 0.5386 0.0096 0.0158 0.0415
134 0.3406 0.1273 0.4585 0.0218 0.0140 0.0379
135 0.5195 0.0565 0.0547 0.0547 0.3008 0.0137
136 0.3174 0.2715 0.0754 0.2233 0.0692 0.0433
137 0.4524 0.0528 0.2659 0.1842 0.0313 0.0132
138 0.0790 0.1301 0.2080 0.5396 0.0147 0.0286
139 0.4622 0.0815 0.3008 0.1132 0.0295 0.0129
140 0.0651 0.0785 0.5532 0.2783 0.0215 0.0034
141 0.0880 0.0184 0.1520 0.6206 0.0718 0.0493
142 0.1190 0.2898 0.5088 0.0328 0.0462 0.0037
143 0.1221 0.1384 0.6812 0.0416 0.0139 0.0027
144 0.1525 0.1115 0.3032 0.3772 0.0495 0.0062
145 0.2952 0.0328 0.3450 0.2952 0.0252 0.0069
146 0.4348 0.2021 0.2327 0.0216 0.1001 0.0087
147 0.5127 0.0780 0.1445 0.0098 0.2328 0.0223
148 0.4111 0.0205 0.1584 0.1942 0.2133 0.0026
149 0.7432 0.0269 0.1510 0.0264 0.0379 0.0148
150 0.1715 0.1959 0.5322 0.0677 0.0259 0.0066
151 0.2335 0.1682 0.5142 0.0073 0.0432 0.0339
152 0.4133 0.1311 0.1998 0.2014 0.0525 0.0020
153 0.0440 0.1465 0.2651 0.0373 0.0269 0.4802
154 0.1403 0.3811 0.2461 0.0220 0.0466 0.1639
155 0.4385 0.1327 0.2703 0.0524 0.0688 0.0374
156 0.1842 0.2559 0.4705 0.0098 0.0349 0.0448
157 0.6055 0.0833 0.2544 0.0088 0.0159 0.0323
158 0.3552 0.3037 0.2788 0.0106 0.0227 0.0289
159 0.1613 0.1600 0.3467 0.1025 0.0335 0.1960
160 0.0602 0.3660 0.4700 0.0191 0.0346 0.0499
161 0.1669 0.4260 0.3318 0.0086 0.0336 0.0331
162 0.5610 0.1571 0.1487 0.0219 0.0596 0.0514
163 0.4775 0.1116 0.3230 0.0107 0.0360 0.0411
164 0.4084 0.1503 0.3992 0.0019 0.0208 0.0194
165 0.0658 0.2314 0.3215 0.0712 0.0558 0.2542
166 0.2681 0.0768 0.1434 0.0594 0.4490 0.0033
167 0.3813 0.2368 0.2856 0.0141 0.0363 0.0456
168 0.4978 0.1890 0.2191 0.0096 0.0449 0.0396
169 0.1902 0.2040 0.5679 0.0072 0.0229 0.0082
170 0.0729 0.3425 0.3071 0.0252 0.1509 0.1013
171 0.4978 0.1542 0.1816 0.0769 0.0558 0.0336
172 0.1914 0.1091 0.6377 0.0427 0.0052 0.0139
173 0.4131 0.1721 0.3345 0.0090 0.0372 0.0342
174 0.3564 0.0952 0.1632 0.0216 0.2629 0.1006
175 0.7974 0.0645 0.0610 0.0175 0.0302 0.0293
176 0.3120 0.4102 0.2213 0.0075 0.0327 0.0162
177 0.2332 0.2278 0.4355 0.0092 0.0878 0.0064
178 0.5337 0.1118 0.1577 0.0123 0.0763 0.1084
179 0.1062 0.2000 0.4199 0.0429 0.0416 0.1893
180 0.0733 0.1827 0.7231 0.0051 0.0041 0.0118
181 0.7466 0.0728 0.1059 0.0162 0.0202 0.0384
182 0.1478 0.1008 0.5322 0.0476 0.0855 0.0862
183 0.3889 0.0539 0.2433 0.2018 0.0530 0.0592
184 0.3948 0.1672 0.2529 0.0288 0.0784 0.0778
185 0.1436 0.4563 0.3843 0.0040 0.0084 0.0033
186 0.1256 0.3809 0.4814 0.0029 0.0063 0.0029
187 0.1282 0.3796 0.4578 0.0061 0.0241 0.0042
188 0.1128 0.0839 0.4751 0.2881 0.0318 0.0084
189 0.2583 0.1592 0.4753 0.0826 0.0155 0.0090
190 0.1830 0.2747 0.3064 0.1257 0.0787 0.0316
191 0.4558 0.0575 0.1144 0.1066 0.1390 0.1266
192 0.7056 0.1389 0.1152 0.0208 0.0187 0.0008
193 0.1964 0.0914 0.5093 0.1393 0.0628 0.0007
194 0.7622 0.0917 0.0977 0.0200 0.0040 0.0245
195 0.5029 0.2690 0.2113 0.0074 0.0081 0.0013
196 0.1868 0.0606 0.2515 0.1478 0.3330 0.0203
197 0.5942 0.1575 0.1990 0.0245 0.0101 0.0149
198 0.3687 0.1057 0.3630 0.0667 0.0170 0.0791
199 0.3420 0.2427 0.3613 0.0294 0.0142 0.0102
200 0.5928 0.1865 0.1895 0.0176 0.0097 0.0040
201 0.3843 0.2812 0.1993 0.1034 0.0212 0.0107
202 0.4768 0.2035 0.1283 0.0720 0.0932 0.0261
203 0.2178 0.1833 0.2668 0.1532 0.1764 0.0024
204 0.6724 0.0835 0.2067 0.0154 0.0041 0.0179
205 0.1433 0.2418 0.5938 0.0082 0.0125 0.0005
206 0.5352 0.1261 0.2627 0.0464 0.0290 0.0007
207 0.5552 0.1339 0.1210 0.0174 0.1693 0.0030
208 0.4429 0.1086 0.1832 0.0509 0.2125 0.0018
209 0.2196 0.2488 0.1139 0.2954 0.1104 0.0119
210 0.3462 0.2827 0.1537 0.1273 0.0848 0.0053
211 0.6699 0.1003 0.0921 0.0393 0.0723 0.0262
212 0.7949 0.0399 0.0942 0.0463 0.0151 0.0098
213 0.5894 0.0792 0.2382 0.0557 0.0163 0.0213
214 0.2500 0.1144 0.3665 0.2312 0.0173 0.0205
215 0.8979 0.0797 0.0133 0.0014 0.0038 0.0037
216 0.4216 0.1390 0.4216 0.0071 0.0100 0.0003
217 0.3928 0.1490 0.3335 0.0557 0.0202 0.0488
218 0.3345 0.2318 0.2839 0.0161 0.1281 0.0055
219 0.4019 0.1000 0.2805 0.1826 0.0276 0.0072
220 0.6001 0.0775 0.2123 0.0927 0.0126 0.0050
221 0.2795 0.2246 0.4263 0.0288 0.0299 0.0107
222 0.2573 0.0552 0.4958 0.1700 0.0201 0.0016
223 0.6094 0.0695 0.2661 0.0197 0.0274 0.0080
224 0.4939 0.0728 0.3728 0.0177 0.0236 0.0193
225 0.6138 0.0516 0.1829 0.1247 0.0113 0.0157
226 0.5044 0.1813 0.2700 0.0179 0.0202 0.0064
227 0.4629 0.1049 0.2346 0.0963 0.0919 0.0094
228 0.4648 0.0982 0.3171 0.0494 0.0518 0.0186
229 0.5059 0.2644 0.1761 0.0231 0.0258 0.0048
230 0.0646 0.6318 0.2939 0.0036 0.0051 0.0009
231 0.1820 0.0967 0.5107 0.0982 0.1113 0.0012
232 0.3601 0.0855 0.4661 0.0417 0.0451 0.0017
233 0.6040 0.2499 0.1050 0.0287 0.0110 0.0016
234 0.5005 0.0948 0.3083 0.0786 0.0154 0.0024
235 0.3328 0.1252 0.3174 0.0382 0.1837 0.0027
236 0.2277 0.1349 0.5293 0.0694 0.0357 0.0031
237 0.6396 0.1520 0.1833 0.0063 0.0163 0.0024
238 0.4866 0.0723 0.4004 0.0149 0.0254 0.0004
239 0.6616 0.0991 0.2114 0.0055 0.0163 0.0063
240 0.8628 0.0426 0.0771 0.0043 0.0070 0.0062
241 0.6562 0.0543 0.1971 0.0280 0.0198 0.0443
242 0.6943 0.0561 0.2325 0.0085 0.0019 0.0067
243 0.6021 0.1243 0.1752 0.0916 0.0065 0.0004
244 0.4951 0.0724 0.3948 0.0189 0.0112 0.0076
245 0.5156 0.1674 0.2737 0.0191 0.0115 0.0128
246 0.5039 0.2184 0.2362 0.0118 0.0218 0.0080
247 0.9326 0.0047 0.0180 0.0373 0.0072 0.0001
248 0.8989 0.0020 0.0210 0.0699 0.0081 0.0001
249 0.9146 0.0054 0.0191 0.0470 0.0138 0.0001
250 0.9292 0.0039 0.0215 0.0390 0.0063 0.0001
251 0.8438 0.0022 0.0507 0.0962 0.0068 0.0002
252 0.3955 0.2474 0.0305 0.0574 0.1477 0.1215
253 0.3938 0.2463 0.0308 0.0572 0.1519 0.1201
254 0.5688 0.2297 0.0199 0.0114 0.1405 0.0297
255 0.5698 0.2302 0.0198 0.0114 0.1396 0.0293
256 0.5698 0.2302 0.0198 0.0114 0.1396 0.0293
257 0.5708 0.2307 0.0200 0.0113 0.1388 0.0282
258 0.5708 0.2307 0.0200 0.0113 0.1388 0.0282
259 0.5708 0.2307 0.0200 0.0113 0.1388 0.0282
260 0.5708 0.2307 0.0200 0.0113 0.1388 0.0282
261 0.5708 0.2307 0.0200 0.0113 0.1388 0.0282
