time exciting_prob fearful_prob tense_prob sad_prob relaxing_prob neutral_prob
0 0.1136 0.1553 0.1349 0.1288 0.0181 0.4492
1 0.2405 0.0264 0.0079 0.1136 0.5049 0.1067
2 0.3035 0.0363 0.0071 0.0495 0.5327 0.0710
3 0.1365 0.0235 0.0113 0.1312 0.5703 0.1272
4 0.0214 0.0163 0.0342 0.0047 0.9106 0.0128
5 0.0142 0.0133 0.0155 0.0045 0.9473 0.0055
6 0.0824 0.0217 0.0315 0.0366 0.6846 0.1434
7 0.1010 0.0352 0.0428 0.0090 0.7520 0.0598
8 0.1709 0.0529 0.0814 0.0239 0.5962 0.0746
9 0.2231 0.0426 0.0784 0.0140 0.5791 0.0629
10 0.0319 0.3196 0.4507 0.1271 0.0038 0.0670
11 0.0610 0.3147 0.4761 0.0518 0.0026 0.0938
12 0.2151 0.2362 0.2849 0.0476 0.0141 0.2020
13 0.0740 0.1383 0.7305 0.0432 0.0021 0.0116
14 0.0629 0.1533 0.5186 0.2015 0.0042 0.0596
15 0.3137 0.1360 0.3555 0.1403 0.0067 0.0477
16 0.0407 0.1133 0.4309 0.3804 0.0008 0.0340
17 0.0833 0.0807 0.6299 0.1892 0.0022 0.0146
18 0.1681 0.1567 0.5869 0.0439 0.0326 0.0121
19 0.0480 0.0368 0.8916 0.0101 0.0037 0.0095
20 0.0237 0.0339 0.9316 0.0059 0.0030 0.0019
21 0.0204 0.0596 0.8765 0.0209 0.0034 0.0191
22 0.1060 0.0782 0.6699 0.0299 0.0546 0.0613
23 0.0703 0.2183 0.5933 0.0731 0.0269 0.0182
24 0.2301 0.0379 0.0681 0.4333 0.1750 0.0555
25 0.1798 0.1561 0.2069 0.1812 0.1444 0.1315
26 0.3137 0.1591 0.2561 0.0851 0.1615 0.0244
27 0.2673 0.0834 0.1499 0.3459 0.0854 0.0681
28 0.1262 0.2734 0.3918 0.1195 0.0391 0.0498
29 0.0653 0.1935 0.2544 0.4536 0.0133 0.0199
30 0.7705 0.0224 0.0301 0.1554 0.0113 0.0103
31 0.9443 0.0086 0.0112 0.0262 0.0083 0.0015
32 0.0147 0.0021 0.0230 0.9341 0.0125 0.0137
33 0.1219 0.0074 0.0485 0.7646 0.0355 0.0219
34 0.1650 0.0115 0.0444 0.7280 0.0308 0.0203
35 0.0601 0.0179 0.0134 0.0909 0.7979 0.0198
36 0.2029 0.0173 0.0264 0.2729 0.4570 0.0233
37 0.0224 0.0101 0.0449 0.0336 0.8882 0.0009
38 0.0359 0.0176 0.0365 0.0186 0.8901 0.0012
39 0.0664 0.0250 0.0669 0.1532 0.6250 0.0634
40 0.1538 0.0325 0.1143 0.2006 0.4448 0.0540
41 0.0242 0.0070 0.0369 0.0358 0.8945 0.0014
42 0.0450 0.0060 0.0379 0.0253 0.8833 0.0023
43 0.1455 0.0303 0.0616 0.1188 0.6421 0.0015
44 0.0995 0.0328 0.0236 0.0292 0.8140 0.0008
45 0.0402 0.0144 0.0371 0.0217 0.8857 0.0006
46 0.0397 0.0247 0.0420 0.0298 0.8633 0.0006
47 0.2798 0.0568 0.0600 0.1879 0.3564 0.0591
48 0.1702 0.2255 0.1245 0.1169 0.1411 0.2219
49 0.1931 0.0360 0.0545 0.0598 0.2479 0.4087
50 0.1422 0.0519 0.1676 0.1179 0.1599 0.3604
51 0.1124 0.0556 0.0822 0.0692 0.1610 0.5195
52 0.0988 0.0235 0.1846 0.1211 0.5425 0.0294
53 0.1404 0.0231 0.1201 0.1339 0.2242 0.3584
54 0.0903 0.0200 0.0630 0.1560 0.2783 0.3923
55 0.0996 0.0316 0.0576 0.2279 0.1299 0.4534
56 0.1776 0.0428 0.1230 0.1832 0.1146 0.3586
57 0.1049 0.0431 0.1625 0.2764 0.1001 0.3132
58 0.1666 0.0135 0.3262 0.0294 0.4060 0.0585
59 0.1165 0.0181 0.1951 0.0550 0.5059 0.1094
60 0.1750 0.0634 0.1777 0.3220 0.1121 0.1497
61 0.1803 0.0375 0.0958 0.2927 0.1604 0.2334
62 0.1078 0.0367 0.1923 0.3706 0.1724 0.1203
63 0.1556 0.1250 0.1544 0.1968 0.0930 0.2751
64 0.2771 0.1351 0.1604 0.2446 0.0845 0.0981
65 0.0610 0.0691 0.0264 0.0771 0.6450 0.1212
66 0.1582 0.0820 0.0201 0.0230 0.7090 0.0079
67 0.0565 0.0307 0.2289 0.0535 0.6274 0.0030
68 0.0247 0.0128 0.0749 0.0234 0.8638 0.0003
69 0.0428 0.0294 0.1371 0.0537 0.7354 0.0018
70 0.1906 0.1763 0.1174 0.3215 0.1605 0.0336
71 0.0740 0.1268 0.7070 0.0474 0.0425 0.0021
72 0.3809 0.3579 0.0762 0.0234 0.1564 0.0052
73 0.4146 0.3955 0.0743 0.0241 0.0897 0.0016
74 0.0972 0.0504 0.0306 0.0193 0.8008 0.0019
75 0.1481 0.1858 0.2620 0.1403 0.2620 0.0020
76 0.1243 0.1224 0.0547 0.0984 0.5884 0.0116
77 0.1858 0.1414 0.0589 0.0805 0.4253 0.1083
78 0.0841 0.1168 0.1282 0.5835 0.0569 0.0305
79 0.3137 0.1437 0.0402 0.0563 0.4224 0.0238
80 0.5117 0.2271 0.0822 0.0472 0.1206 0.0112
81 0.2343 0.0286 0.0676 0.5981 0.0239 0.0476
82 0.2494 0.0374 0.1008 0.5200 0.0461 0.0465
83 0.2117 0.0626 0.3923 0.2939 0.0249 0.0146
84 0.1997 0.1484 0.4099 0.1847 0.0467 0.0105
85 0.1776 0.0595 0.1086 0.3022 0.3318 0.0202
86 0.2119 0.0870 0.1799 0.4417 0.0553 0.0242
87 0.1028 0.0729 0.2076 0.3879 0.0453 0.1833
88 0.2515 0.1116 0.1586 0.2068 0.2253 0.0461
89 0.1244 0.1107 0.1455 0.5039 0.0322 0.0836
90 0.0422 0.0391 0.2047 0.6406 0.0077 0.0659
91 0.3474 0.0323 0.1616 0.3264 0.1060 0.0262
92 0.3643 0.0279 0.0533 0.2974 0.1832 0.0740
93 0.4568 0.0558 0.0508 0.2351 0.1554 0.0459
94 0.1453 0.1938 0.1808 0.2910 0.1620 0.0271
95 0.2939 0.2307 0.0984 0.1688 0.1729 0.0351
96 0.0747 0.1311 0.1462 0.2264 0.3733 0.0482
97 0.1438 0.0669 0.0900 0.1735 0.4717 0.0542
98 0.1270 0.3069 0.2076 0.0989 0.2466 0.0132
99 0.1621 0.2050 0.2114 0.2800 0.1344 0.0070
100 0.4871 0.0403 0.1311 0.2566 0.0765 0.0086
101 0.2144 0.3647 0.2546 0.0533 0.1061 0.0070
102 0.1136 0.1553 0.1349 0.1288 0.0181 0.4492
103 0.1903 0.2333 0.1844 0.2058 0.0858 0.1003
104 0.1520 0.0184 0.1174 0.6060 0.0712 0.0350
105 0.1136 0.1553 0.1349 0.1288 0.0181 0.4492
106 0.1401 0.0255 0.0850 0.6484 0.0864 0.0147
107 0.4434 0.1194 0.0494 0.2908 0.0937 0.0033
108 0.1185 0.0340 0.0736 0.0645 0.7041 0.0055
109 0.2325 0.0593 0.1573 0.2456 0.2986 0.0066
110 0.2197 0.0675 0.3979 0.1487 0.1354 0.0309
111 0.1401 0.0837 0.1691 0.3931 0.1691 0.0448
112 0.3794 0.2145 0.1013 0.0339 0.2449 0.0262
113 0.4197 0.0670 0.1121 0.3320 0.0559 0.0133
114 0.1530 0.0554 0.5425 0.1438 0.0845 0.0209
115 0.2622 0.1382 0.0387 0.0763 0.4673 0.0173
116 0.1442 0.0835 0.1215 0.3101 0.0671 0.2737
117 0.1516 0.0751 0.1614 0.3752 0.0448 0.1917
118 0.0043 0.0038 0.0564 0.0076 0.9238 0.0040
119 0.2174 0.0459 0.1517 0.2042 0.3530 0.0276
120 0.0939 0.0822 0.1388 0.4207 0.2019 0.0626
121 0.0772 0.0259 0.2632 0.4619 0.1304 0.0413
122 0.2952 0.0900 0.3503 0.0685 0.1891 0.0070
123 0.5859 0.1267 0.0603 0.1482 0.0751 0.0039
124 0.3616 0.0154 0.0158 0.1847 0.3850 0.0375
125 0.1302 0.0551 0.1071 0.1837 0.5073 0.0167
126 0.2292 0.0536 0.1516 0.2559 0.2499 0.0598
127 0.2705 0.0508 0.0775 0.3237 0.2424 0.0352
128 0.3042 0.0638 0.1239 0.0470 0.4531 0.0079
129 0.1292 0.1608 0.4072 0.1322 0.1685 0.0021
130 0.2993 0.2482 0.0477 0.2622 0.1145 0.0281
131 0.0722 0.0516 0.0229 0.0455 0.7705 0.0375
132 0.2349 0.1083 0.0246 0.0512 0.5332 0.0477
133 0.1771 0.0912 0.0217 0.0473 0.6479 0.0148
134 0.3179 0.0351 0.1661 0.1742 0.2720 0.0348
135 0.2822 0.1273 0.0909 0.1080 0.3682 0.0232
136 0.2949 0.0572 0.0529 0.0643 0.4937 0.0372
137 0.0989 0.1694 0.1832 0.4980 0.0449 0.0054
138 0.3137 0.1589 0.4287 0.0613 0.0369 0.0003
139 0.1284 0.0430 0.0597 0.1433 0.6079 0.0177
140 0.2064 0.1242 0.2866 0.1131 0.2651 0.0046
141 0.1043 0.1191 0.4426 0.1278 0.1747 0.0316
142 0.0699 0.0305 0.1945 0.1134 0.5288 0.0631
143 0.0179 0.0037 0.0268 0.0464 0.9028 0.0025
144 0.0479 0.0443 0.0214 0.1140 0.5352 0.2374
145 0.1512 0.0433 0.0962 0.1742 0.4243 0.1107
146 0.2238 0.2656 0.0444 0.0349 0.4180 0.0134
147 0.2458 0.0540 0.0276 0.0553 0.5166 0.1009
148 0.2085 0.1133 0.0472 0.1561 0.4114 0.0636
149 0.1980 0.1288 0.0134 0.1329 0.4568 0.0701
150 0.1388 0.0259 0.1355 0.1377 0.5532 0.0091
151 0.1749 0.2212 0.1121 0.1907 0.2839 0.0171
152 0.1805 0.0501 0.0735 0.1908 0.4722 0.0329
153 0.3369 0.1102 0.2028 0.1604 0.1775 0.0122
154 0.1047 0.0510 0.3433 0.3950 0.0645 0.0416
155 0.0932 0.0335 0.0291 0.3628 0.4111 0.0703
156 0.1339 0.0950 0.0599 0.0452 0.6387 0.0272
157 0.1578 0.0599 0.0390 0.0463 0.6748 0.0222
158 0.1866 0.2147 0.0430 0.0809 0.4583 0.0166
159 0.2417 0.1782 0.0548 0.0809 0.3923 0.0522
160 0.3071 0.1029 0.0696 0.0997 0.2732 0.1473
161 0.1276 0.3062 0.1901 0.2311 0.0540 0.0912
162 0.1499 0.0975 0.0724 0.1185 0.4990 0.0625
163 0.2352 0.0425 0.0387 0.1761 0.4827 0.0246
164 0.1582 0.0814 0.0908 0.2129 0.4541 0.0025
165 0.1646 0.0241 0.0591 0.0475 0.6982 0.0063
166 0.1683 0.0319 0.1122 0.1185 0.4685 0.1005
167 0.5327 0.1400 0.1757 0.0750 0.0756 0.0010
168 0.3726 0.0942 0.1209 0.2500 0.1603 0.0020
169 0.2202 0.2896 0.0434 0.0271 0.4082 0.0116
170 0.1503 0.2874 0.0773 0.0656 0.3254 0.0940
171 0.2493 0.1727 0.0192 0.0465 0.3599 0.1523
172 0.4595 0.0366 0.1049 0.1390 0.2556 0.0044
173 0.0643 0.0590 0.2426 0.1919 0.4392 0.0033
174 0.3054 0.0348 0.2551 0.1957 0.1824 0.0267
175 0.1300 0.0439 0.0605 0.0316 0.7310 0.0032
176 0.1041 0.1153 0.0217 0.0213 0.6230 0.1144
177 0.1516 0.1042 0.0255 0.1287 0.5679 0.0222
178 0.0174 0.0258 0.0537 0.0142 0.8804 0.0088
179 0.3167 0.0866 0.1112 0.1021 0.3792 0.0043
180 0.1516 0.0667 0.0608 0.6138 0.0857 0.0215
181 0.1599 0.0688 0.1729 0.3896 0.0158 0.1929
182 0.1136 0.1553 0.1349 0.1288 0.0181 0.4492
183 0.3118 0.1320 0.0170 0.2159 0.2408 0.0826
184 0.1770 0.0970 0.1702 0.1326 0.4148 0.0087
185 0.1323 0.0587 0.3599 0.0983 0.3379 0.0128
186 0.4175 0.0822 0.0999 0.2571 0.1377 0.0057
187 0.2467 0.2861 0.1279 0.1461 0.1631 0.0299
188 0.1136 0.1553 0.1349 0.1288 0.0181 0.4492
189 0.4473 0.0413 0.1582 0.2842 0.0514 0.0177
190 0.5386 0.0619 0.0794 0.1655 0.1192 0.0355
191 0.2983 0.1023 0.1597 0.3152 0.0931 0.0312
192 0.2430 0.0967 0.0560 0.0379 0.5610 0.0056
193 0.2205 0.1171 0.2311 0.3086 0.1161 0.0068
194 0.1543 0.0501 0.1495 0.5469 0.0943 0.0050
195 0.4868 0.0453 0.1202 0.1069 0.2299 0.0110
196 0.1065 0.1316 0.1885 0.1798 0.3928 0.0009
197 0.1427 0.0242 0.1604 0.5469 0.0674 0.0585
198 0.2361 0.0468 0.1466 0.3953 0.1598 0.0154
199 0.2932 0.1385 0.2690 0.2301 0.0675 0.0016
200 0.1228 0.0170 0.0434 0.6284 0.1691 0.0193
201 0.1250 0.0142 0.0609 0.7080 0.0669 0.0248
202 0.1460 0.0988 0.3530 0.1567 0.2371 0.0082
203 0.0825 0.0819 0.2333 0.4292 0.1554 0.0177
204 0.3018 0.0272 0.3418 0.2090 0.0751 0.0452
205 0.0331 0.0582 0.2527 0.6064 0.0115 0.0381
206 0.0730 0.0945 0.7788 0.0309 0.0201 0.0028
207 0.1698 0.1333 0.4800 0.0888 0.1122 0.0157
208 0.0288 0.0264 0.3823 0.4470 0.0135 0.1021
209 0.0690 0.0161 0.0505 0.8027 0.0196 0.0422
210 0.1589 0.1059 0.2224 0.2295 0.2705 0.0128
211 0.0938 0.0214 0.2712 0.4990 0.0840 0.0304
212 0.0984 0.0443 0.3516 0.3408 0.1609 0.0041
213 0.0419 0.1375 0.4009 0.3271 0.0840 0.0088
214 0.0503 0.0404 0.4485 0.3896 0.0527 0.0184
215 0.0801 0.0202 0.2954 0.4365 0.1362 0.0316
216 0.2810 0.3086 0.3259 0.0255 0.0338 0.0251
217 0.1322 0.0233 0.3621 0.4299 0.0331 0.0193
218 0.1409 0.0109 0.4407 0.3711 0.0309 0.0056
219 0.0793 0.1027 0.7354 0.0108 0.0679 0.0040
220 0.2208 0.0442 0.3042 0.2426 0.1788 0.0095
221 0.2035 0.0430 0.3953 0.2871 0.0374 0.0338
222 0.1082 0.0380 0.6030 0.1107 0.0755 0.0646
223 0.0688 0.0484 0.6787 0.1638 0.0357 0.0044
224 0.5537 0.1265 0.0444 0.2236 0.0444 0.0077
225 0.1570 0.1582 0.5068 0.1353 0.0319 0.0110
226 0.1033 0.0338 0.5244 0.2556 0.0823 0.0007
227 0.3875 0.0906 0.1995 0.0858 0.2332 0.0034
228 0.0764 0.0285 0.4714 0.3970 0.0195 0.0070
229 0.1011 0.0134 0.0800 0.7017 0.0717 0.0326
230 0.0839 0.0224 0.3293 0.4229 0.0277 0.1138
231 0.1562 0.1357 0.3931 0.3013 0.0061 0.0076
232 0.1914 0.1433 0.4810 0.1378 0.0454 0.0010
233 0.5537 0.1501 0.1840 0.0602 0.0515 0.0005
234 0.3057 0.0836 0.0704 0.4661 0.0611 0.0131
235 0.1120 0.2371 0.4941 0.1060 0.0403 0.0104
236 0.0827 0.0370 0.5308 0.2355 0.1139 0.0001
237 0.1429 0.0634 0.0615 0.4834 0.2469 0.0018
238 0.1307 0.1843 0.1963 0.3525 0.1338 0.0023
239 0.0872 0.0190 0.0204 0.8408 0.0321 0.0005
240 0.2047 0.0555 0.5190 0.1836 0.0314 0.0059
241 0.1122 0.0814 0.4797 0.3000 0.0126 0.0140
242 0.3584 0.0885 0.1393 0.2705 0.1307 0.0126
243 0.2095 0.0782 0.1848 0.4575 0.0659 0.0041
244 0.2083 0.0616 0.1431 0.4841 0.0961 0.0069
245 0.2227 0.0529 0.1707 0.5015 0.0418 0.0104
246 0.3904 0.1059 0.1059 0.0781 0.3113 0.0082
247 0.4297 0.0959 0.2449 0.1221 0.1028 0.0045
248 0.2042 0.1393 0.3264 0.2140 0.1128 0.0033
249 0.3115 0.0537 0.2524 0.1543 0.2175 0.0104
250 0.1183 0.0262 0.1617 0.5737 0.0894 0.0306
251 0.2566 0.1222 0.1251 0.4070 0.0789 0.0100
252 0.2279 0.1279 0.1875 0.3557 0.0965 0.0043
253 0.1630 0.1044 0.5688 0.0872 0.0537 0.0228
254 0.2040 0.0571 0.5288 0.1857 0.0220 0.0023
255 0.3318 0.0734 0.1111 0.2708 0.2108 0.0023
256 0.3018 0.0270 0.1003 0.4531 0.0384 0.0793
257 0.2179 0.0696 0.0908 0.4758 0.1281 0.0176
258 0.4302 0.1354 0.1440 0.2284 0.0573 0.0048
259 0.2781 0.0645 0.0961 0.4309 0.1263 0.0039
260 0.4536 0.0894 0.0475 0.1763 0.1556 0.0776
261 0.2598 0.0877 0.2153 0.3870 0.0181 0.0320
262 0.1726 0.2002 0.1511 0.1686 0.1686 0.1387
263 0.3013 0.0473 0.0504 0.4741 0.1017 0.0251
264 0.3342 0.0283 0.1471 0.3787 0.0958 0.0159
265 0.2321 0.0208 0.0777 0.5830 0.0730 0.0133
266 0.5537 0.0621 0.0499 0.0291 0.3035 0.0014
267 0.1989 0.2271 0.0144 0.0192 0.5361 0.0043
268 0.1704 0.1118 0.0320 0.0553 0.6235 0.0071
269 0.0898 0.1144 0.6636 0.1075 0.0147 0.0100
270 0.2817 0.0378 0.1631 0.4036 0.1036 0.0100
271 0.2886 0.1037 0.0724 0.3169 0.1544 0.0639
272 0.0981 0.0231 0.2793 0.5732 0.0192 0.0069
273 0.1465 0.1808 0.5659 0.0881 0.0173 0.0015
274 0.2081 0.1780 0.0230 0.0660 0.5190 0.0058
275 0.1594 0.0177 0.0759 0.5107 0.1194 0.1166
276 0.3579 0.0298 0.1126 0.4282 0.0657 0.0057
277 0.0829 0.0357 0.0607 0.7568 0.0461 0.0179
278 0.3325 0.1293 0.0226 0.0213 0.4690 0.0253
279 0.0662 0.0274 0.0067 0.0222 0.8657 0.0117
280 0.1442 0.0574 0.0329 0.0257 0.6880 0.0518
281 0.0856 0.1160 0.0202 0.0200 0.7510 0.0074
282 0.0543 0.1158 0.0116 0.0218 0.7910 0.0055
283 0.0477 0.0540 0.0103 0.0762 0.8008 0.0111
284 0.0375 0.0591 0.0072 0.0106 0.8818 0.0040
285 0.1136 0.1553 0.1349 0.1288 0.0181 0.4492
286 0.7192 0.0167 0.2094 0.0453 0.0025 0.0068
287 0.6025 0.0319 0.2935 0.0592 0.0027 0.0103
288 0.1136 0.1553 0.1349 0.1288 0.0181 0.4492
