time exciting_prob fearful_prob tense_prob sad_prob relaxing_prob neutral_prob
0 0.1136 0.1553 0.1349 0.1288 0.0181 0.4492
1 0.4446 0.0552 0.1973 0.2201 0.0592 0.0234
2 0.2266 0.0974 0.3508 0.2412 0.0443 0.0397
3 0.3203 0.1073 0.3154 0.1769 0.0583 0.0218
4 0.3625 0.0784 0.3052 0.1823 0.0475 0.0241
5 0.3306 0.0726 0.3105 0.1854 0.0737 0.0271
6 0.1609 0.0889 0.5117 0.1560 0.0495 0.0332
7 0.7056 0.0756 0.2069 0.0038 0.0078 0.0005
8 0.6479 0.0424 0.2898 0.0109 0.0074 0.0012
9 0.5649 0.0568 0.3677 0.0054 0.0042 0.0009
10 0.4231 0.0168 0.4722 0.0629 0.0129 0.0122
11 0.1781 0.0676 0.3328 0.3655 0.0175 0.0385
12 0.1663 0.0672 0.5122 0.2168 0.0087 0.0289
13 0.5332 0.1126 0.3284 0.0123 0.0127 0.0010
14 0.1969 0.0364 0.2001 0.5439 0.0098 0.0131
15 0.2783 0.0398 0.5195 0.1334 0.0255 0.0033
16 0.3225 0.0522 0.5933 0.0195 0.0116 0.0006
17 0.0746 0.0490 0.5781 0.1631 0.0060 0.1290
18 0.3752 0.3665 0.0647 0.1083 0.0688 0.0165
19 0.2966 0.2440 0.3606 0.0549 0.0325 0.0115
20 0.4465 0.1543 0.2061 0.1461 0.0311 0.0158
21 0.5669 0.0947 0.3130 0.0064 0.0168 0.0023
22 0.5903 0.2423 0.1287 0.0197 0.0112 0.0075
23 0.2045 0.0497 0.2625 0.3940 0.0701 0.0190
24 0.3372 0.0482 0.2930 0.2751 0.0242 0.0221
25 0.5649 0.1724 0.2393 0.0092 0.0117 0.0024
26 0.5176 0.3115 0.0572 0.0290 0.0717 0.0127
27 0.0817 0.4314 0.2345 0.2419 0.0048 0.0056
28 0.3108 0.1199 0.0380 0.3870 0.0263 0.1180
29 0.2365 0.0637 0.2086 0.4348 0.0213 0.0352
30 0.1477 0.0404 0.1454 0.4341 0.0142 0.2183
31 0.4207 0.0324 0.5156 0.0156 0.0132 0.0025
32 0.6172 0.0362 0.3154 0.0163 0.0131 0.0016
33 0.5181 0.0262 0.3760 0.0653 0.0134 0.0013
34 0.2605 0.0415 0.1230 0.5020 0.0586 0.0141
35 0.7568 0.0241 0.1663 0.0298 0.0216 0.0015
36 0.4680 0.0198 0.2930 0.1776 0.0250 0.0166
37 0.3840 0.0445 0.4087 0.1109 0.0431 0.0088
38 0.1722 0.0358 0.1112 0.6206 0.0187 0.0416
39 0.4084 0.1008 0.3748 0.0688 0.0392 0.0081
40 0.1346 0.1943 0.0737 0.5894 0.0050 0.0030
41 0.3633 0.0693 0.2617 0.2169 0.0870 0.0018
42 0.6655 0.0336 0.2194 0.0497 0.0262 0.0058
43 0.4597 0.0253 0.4780 0.0234 0.0103 0.0029
44 0.4436 0.2249 0.1923 0.0596 0.0742 0.0056
45 0.1356 0.0630 0.4517 0.2003 0.0138 0.1356
46 0.1888 0.6387 0.0296 0.1200 0.0224 0.0005
47 0.1656 0.2029 0.2605 0.3506 0.0192 0.0010
48 0.4756 0.1921 0.2952 0.0173 0.0175 0.0024
49 0.5547 0.0402 0.3364 0.0492 0.0172 0.0023
50 0.5669 0.0607 0.2805 0.0607 0.0257 0.0057
51 0.2050 0.3979 0.1420 0.1609 0.0916 0.0026
52 0.5952 0.1101 0.2791 0.0078 0.0064 0.0015
53 0.4604 0.1259 0.2903 0.0695 0.0256 0.0283
54 0.0978 0.1041 0.6895 0.0792 0.0191 0.0103
55 0.7769 0.0717 0.0151 0.0957 0.0143 0.0264
56 0.2668 0.0989 0.4683 0.1174 0.0406 0.0082
57 0.1929 0.1082 0.5283 0.1245 0.0411 0.0049
58 0.4192 0.0500 0.3264 0.1530 0.0482 0.0032
59 0.6436 0.0225 0.2725 0.0341 0.0112 0.0162
60 0.4878 0.0895 0.2234 0.1187 0.0487 0.0319
61 0.4426 0.1259 0.2749 0.0845 0.0421 0.0301
62 0.7505 0.0322 0.1741 0.0332 0.0086 0.0015
63 0.4890 0.0688 0.0632 0.2722 0.0469 0.0598
64 0.6060 0.0989 0.1486 0.0718 0.0530 0.0216
65 0.4221 0.1787 0.1979 0.0739 0.1011 0.0264
66 0.2920 0.1871 0.2366 0.0566 0.2257 0.0019
67 0.2983 0.0882 0.3276 0.1150 0.1572 0.0137
68 0.2491 0.1837 0.3406 0.2098 0.0134 0.0035
69 0.2686 0.2603 0.1981 0.2465 0.0195 0.0070
70 0.3401 0.2776 0.2449 0.0930 0.0258 0.0187
71 0.5581 0.0234 0.2344 0.1561 0.0240 0.0041
72 0.1520 0.1968 0.1121 0.5264 0.0039 0.0087
73 0.3218 0.0443 0.5649 0.0542 0.0057 0.0090
74 0.5376 0.0143 0.2856 0.1317 0.0251 0.0055
75 0.3254 0.0414 0.1798 0.3464 0.0271 0.0798
76 0.6016 0.0297 0.2910 0.0551 0.0177 0.0049
77 0.2319 0.1606 0.2301 0.3169 0.0534 0.0071
78 0.3574 0.1367 0.3865 0.0228 0.0955 0.0013
79 0.4390 0.0927 0.4124 0.0278 0.0178 0.0105
80 0.4250 0.1639 0.3184 0.0145 0.0750 0.0031
81 0.1772 0.0516 0.4744 0.1917 0.0162 0.0891
82 0.2329 0.3931 0.2966 0.0431 0.0323 0.0019
83 0.4668 0.2384 0.2578 0.0335 0.0030 0.0006
84 0.2729 0.1997 0.4260 0.0696 0.0277 0.0040
85 0.2993 0.0143 0.1436 0.5093 0.0184 0.0153
86 0.6548 0.0513 0.1891 0.0663 0.0347 0.0040
87 0.3132 0.1368 0.1161 0.3691 0.0455 0.0191
88 0.2539 0.2900 0.3418 0.0964 0.0161 0.0019
89 0.3198 0.0724 0.4236 0.1499 0.0241 0.0102
90 0.4619 0.0687 0.3406 0.0828 0.0362 0.0098
91 0.3547 0.2020 0.3630 0.0465 0.0330 0.0007
92 0.1082 0.2273 0.4280 0.2169 0.0156 0.0042
93 0.2734 0.0938 0.2776 0.3147 0.0206 0.0200
94 0.4124 0.0162 0.1447 0.3997 0.0102 0.0170
95 0.5972 0.1534 0.0681 0.1122 0.0620 0.0069
96 0.2476 0.2101 0.0904 0.3896 0.0462 0.0162
97 0.1588 0.2854 0.3665 0.1552 0.0294 0.0051
98 0.1272 0.1442 0.4512 0.1970 0.0640 0.0164
99 0.2247 0.0486 0.4685 0.2111 0.0271 0.0201
100 0.1188 0.0732 0.5410 0.1266 0.0077 0.1326
101 0.5732 0.1138 0.1165 0.0872 0.0907 0.0187
102 0.3301 0.1487 0.3513 0.0828 0.0760 0.0113
103 0.1661 0.0179 0.2003 0.5889 0.0157 0.0110
104 0.5596 0.0126 0.1874 0.1995 0.0260 0.0154
105 0.4204 0.0909 0.4580 0.0188 0.0096 0.0022
106 0.2255 0.1090 0.5757 0.0570 0.0280 0.0048
107 0.4050 0.1636 0.3228 0.0791 0.0205 0.0089
108 0.6895 0.0417 0.1827 0.0588 0.0240 0.0032
109 0.4419 0.1539 0.3899 0.0048 0.0090 0.0005
110 0.7812 0.0732 0.0863 0.0263 0.0236 0.0095
111 0.3491 0.0152 0.1810 0.4277 0.0232 0.0039
112 0.5752 0.1089 0.2399 0.0570 0.0175 0.0015
113 0.5596 0.1831 0.2208 0.0195 0.0164 0.0006
114 0.3464 0.1410 0.3279 0.1294 0.0437 0.0116
115 0.6328 0.0612 0.2617 0.0135 0.0303 0.0005
116 0.4102 0.1148 0.1893 0.2374 0.0256 0.0226
117 0.5884 0.0676 0.2612 0.0243 0.0518 0.0065
118 0.3232 0.0360 0.3440 0.2576 0.0185 0.0207
119 0.4058 0.1902 0.2725 0.1017 0.0159 0.0142
120 0.3462 0.2739 0.2380 0.0961 0.0385 0.0071
121 0.0478 0.4905 0.1373 0.3167 0.0037 0.0039
122 0.7354 0.0793 0.1494 0.0149 0.0199 0.0014
123 0.5098 0.0735 0.3940 0.0118 0.0086 0.0020
124 0.6211 0.0479 0.2032 0.0543 0.0569 0.0163
125 0.5669 0.0401 0.2656 0.1008 0.0215 0.0051
126 0.1985 0.0345 0.3223 0.4270 0.0078 0.0100
127 0.0851 0.0604 0.5552 0.2927 0.0038 0.0027
128 0.1530 0.0363 0.6436 0.1627 0.0032 0.0010
129 0.8120 0.0836 0.0194 0.0414 0.0427 0.0010
130 0.1329 0.0885 0.6855 0.0717 0.0079 0.0136
131 0.0547 0.0250 0.6982 0.2130 0.0066 0.0024
132 0.5845 0.1688 0.0773 0.1049 0.0579 0.0064
133 0.9067 0.0524 0.0111 0.0180 0.0101 0.0020
134 0.3840 0.0136 0.3723 0.2089 0.0152 0.0060
135 0.6387 0.0500 0.2620 0.0392 0.0074 0.0028
136 0.4878 0.0479 0.3979 0.0475 0.0128 0.0060
137 0.3672 0.0415 0.2686 0.2949 0.0159 0.0120
138 0.4272 0.0476 0.0737 0.3982 0.0195 0.0337
139 0.7207 0.0439 0.0221 0.1453 0.0587 0.0094
140 0.1667 0.0776 0.5176 0.2245 0.0111 0.0023
141 0.1637 0.0978 0.1945 0.4888 0.0144 0.0408
142 0.5552 0.0435 0.3613 0.0209 0.0145 0.0045
143 0.5435 0.0718 0.3220 0.0450 0.0140 0.0038
144 0.6099 0.0336 0.2996 0.0260 0.0264 0.0049
145 0.7339 0.0792 0.1538 0.0187 0.0140 0.0006
146 0.5767 0.0694 0.2600 0.0536 0.0306 0.0099
147 0.2040 0.0920 0.3364 0.3064 0.0098 0.0516
148 0.6685 0.0346 0.1691 0.0971 0.0270 0.0036
149 0.5845 0.0939 0.1958 0.0829 0.0392 0.0039
150 0.5562 0.1558 0.2412 0.0295 0.0143 0.0030
151 0.2152 0.1057 0.6685 0.0069 0.0037 0.0002
152 0.5029 0.1233 0.2800 0.0539 0.0385 0.0013
153 0.3167 0.0674 0.3506 0.2078 0.0555 0.0019
154 0.6372 0.1675 0.1714 0.0083 0.0153 0.0005
155 0.5571 0.0766 0.2305 0.0848 0.0457 0.0050
156 0.7490 0.0703 0.0759 0.0547 0.0282 0.0219
157 0.3962 0.2922 0.2520 0.0386 0.0102 0.0107
158 0.1348 0.0933 0.1576 0.6089 0.0030 0.0028
159 0.4697 0.2805 0.0693 0.1514 0.0103 0.0186
160 0.4719 0.0206 0.3425 0.1260 0.0304 0.0086
161 0.3755 0.0504 0.1257 0.3640 0.0421 0.0421
162 0.2871 0.2939 0.2476 0.0889 0.0579 0.0245
163 0.5479 0.1632 0.2489 0.0197 0.0197 0.0007
164 0.3892 0.0597 0.3984 0.0869 0.0385 0.0271
165 0.3911 0.0202 0.1543 0.3789 0.0486 0.0069
166 0.5093 0.0231 0.3313 0.1035 0.0270 0.0059
167 0.6338 0.0541 0.0995 0.1830 0.0217 0.0077
168 0.5986 0.0113 0.1743 0.2069 0.0074 0.0013
169 0.2075 0.0093 0.2583 0.5054 0.0112 0.0082
170 0.3228 0.0955 0.3574 0.1525 0.0392 0.0327
171 0.4006 0.0959 0.2449 0.1750 0.0479 0.0356
172 0.3794 0.0505 0.2864 0.2468 0.0334 0.0036
173 0.4653 0.0543 0.3101 0.1262 0.0221 0.0219
174 0.1459 0.0928 0.1760 0.3340 0.0145 0.2368
175 0.0938 0.0419 0.6660 0.1533 0.0214 0.0235
176 0.1957 0.1159 0.3125 0.1313 0.0141 0.2305
177 0.1328 0.0627 0.2294 0.5088 0.0270 0.0392
178 0.4453 0.2169 0.2498 0.0693 0.0178 0.0009
179 0.4326 0.0482 0.1438 0.2175 0.1460 0.0118
180 0.6392 0.0384 0.1068 0.1229 0.0800 0.0130
181 0.2399 0.1064 0.4277 0.1367 0.0656 0.0238
182 0.2654 0.3303 0.3008 0.0574 0.0218 0.0245
183 0.2341 0.0426 0.6670 0.0356 0.0188 0.0019
184 0.5498 0.1050 0.2384 0.0411 0.0608 0.0048
185 0.3379 0.0324 0.5400 0.0760 0.0091 0.0045
186 0.3132 0.0180 0.3662 0.2808 0.0111 0.0106
187 0.5342 0.0421 0.1299 0.1980 0.0920 0.0040
188 0.4363 0.0467 0.4194 0.0788 0.0082 0.0105
189 0.5356 0.0464 0.2433 0.1499 0.0185 0.0062
190 0.4146 0.0132 0.1661 0.3438 0.0565 0.0059
191 0.4253 0.0405 0.2172 0.2500 0.0642 0.0030
192 0.1989 0.1489 0.6172 0.0200 0.0101 0.0047
193 0.5366 0.1537 0.1898 0.0544 0.0174 0.0484
194 0.4480 0.0984 0.1882 0.1466 0.0754 0.0433
195 0.4287 0.0405 0.2443 0.1979 0.0728 0.0157
196 0.4670 0.0383 0.4526 0.0299 0.0039 0.0080
197 0.1433 0.0374 0.2151 0.5850 0.0054 0.0141
198 0.5664 0.0939 0.2871 0.0354 0.0157 0.0016
199 0.2822 0.0847 0.4951 0.1272 0.0048 0.0060
200 0.5537 0.0360 0.3083 0.0883 0.0081 0.0053
201 0.1122 0.0560 0.7666 0.0573 0.0070 0.0011
202 0.2603 0.1438 0.3450 0.1707 0.0521 0.0283
203 0.0496 0.0710 0.6230 0.2478 0.0027 0.0062
204 0.2710 0.1045 0.2585 0.3096 0.0235 0.0329
205 0.2224 0.1110 0.4458 0.1627 0.0166 0.0415
206 0.3755 0.2542 0.2834 0.0496 0.0326 0.0050
207 0.3708 0.0916 0.4336 0.0639 0.0337 0.0065
208 0.6426 0.1033 0.0688 0.1326 0.0232 0.0294
209 0.3130 0.0984 0.2151 0.3179 0.0054 0.0503
210 0.7876 0.0593 0.1368 0.0091 0.0066 0.0006
211 0.6870 0.0460 0.2318 0.0204 0.0105 0.0044
212 0.5566 0.0530 0.3650 0.0168 0.0081 0.0005
213 0.6226 0.2168 0.1367 0.0062 0.0170 0.0006
214 0.2561 0.0238 0.2727 0.4355 0.0072 0.0048
215 0.4146 0.1345 0.3008 0.0755 0.0635 0.0110
216 0.1942 0.0621 0.3804 0.3254 0.0139 0.0241
217 0.5586 0.0817 0.2576 0.0762 0.0227 0.0033
218 0.3384 0.0732 0.5322 0.0480 0.0053 0.0026
219 0.5620 0.1048 0.3008 0.0100 0.0208 0.0015
220 0.3333 0.0414 0.2896 0.3181 0.0095 0.0083
221 0.1691 0.0684 0.0594 0.3525 0.0492 0.3015
222 0.1691 0.0684 0.0594 0.3525 0.0492 0.3015
