time exciting_prob fearful_prob tense_prob sad_prob relaxing_prob neutral_prob
0 0.2722 0.0371 0.0738 0.4084 0.1346 0.0738
1 0.1519 0.0819 0.0900 0.4429 0.1735 0.0599
2 0.5337 0.0145 0.0980 0.2279 0.0757 0.0500
3 0.6260 0.0413 0.0228 0.2130 0.0874 0.0094
4 0.5430 0.0190 0.0279 0.1077 0.2952 0.0074
5 0.4951 0.0073 0.0118 0.0790 0.3857 0.0211
6 0.6523 0.0120 0.0325 0.0447 0.2534 0.0052
7 0.2053 0.0199 0.2477 0.4214 0.0985 0.0071
8 0.0735 0.0288 0.1251 0.5522 0.2063 0.0140
9 0.2448 0.1112 0.2014 0.1736 0.2605 0.0084
10 0.0801 0.0182 0.0997 0.6201 0.1593 0.0226
11 0.0374 0.0126 0.0636 0.5000 0.3774 0.0090
12 0.1639 0.0898 0.0831 0.2330 0.4219 0.0082
13 0.0740 0.0294 0.1300 0.6704 0.0752 0.0210
14 0.5762 0.0074 0.0128 0.1899 0.2135 0.0003
15 0.4768 0.0025 0.0056 0.3030 0.2115 0.0005
16 0.5142 0.0017 0.0061 0.2046 0.2732 0.0004
17 0.5220 0.0028 0.0074 0.2372 0.2299 0.0005
18 0.2350 0.0008 0.0082 0.5337 0.2207 0.0016
19 0.1461 0.0052 0.0019 0.4329 0.4131 0.0008
20 0.1334 0.0569 0.0398 0.1687 0.5933 0.0078
21 0.1704 0.1316 0.0926 0.1930 0.4087 0.0037
22 0.0853 0.0908 0.0840 0.0834 0.6558 0.0009
23 0.0821 0.0522 0.0439 0.0887 0.7314 0.0014
24 0.1813 0.0715 0.0441 0.0693 0.6328 0.0009
25 0.3018 0.0121 0.0525 0.3528 0.2791 0.0017
26 0.3967 0.0028 0.0160 0.2406 0.3420 0.0021
27 0.1688 0.0038 0.0239 0.4448 0.3574 0.0011
28 0.2046 0.0055 0.0207 0.4133 0.3535 0.0022
29 0.2457 0.0070 0.0122 0.2102 0.5244 0.0006
30 0.1156 0.0022 0.0165 0.1997 0.6650 0.0007
31 0.1144 0.0032 0.0028 0.0341 0.8452 0.0006
32 0.0247 0.0105 0.0087 0.0790 0.8760 0.0010
33 0.0883 0.0332 0.0210 0.0437 0.8115 0.0022
34 0.0268 0.0228 0.0080 0.0326 0.9092 0.0007
35 0.1954 0.1282 0.2981 0.3484 0.0262 0.0037
36 0.3999 0.2107 0.2388 0.1239 0.0264 0.0003
37 0.4751 0.2334 0.2279 0.0207 0.0415 0.0013
38 0.3296 0.2393 0.2318 0.1113 0.0759 0.0123
39 0.4368 0.2247 0.2283 0.0446 0.0639 0.0017
40 0.2292 0.1650 0.2700 0.2659 0.0392 0.0305
41 0.0831 0.0851 0.0357 0.2173 0.5723 0.0065
42 0.0739 0.1002 0.0377 0.0850 0.7007 0.0026
43 0.0764 0.0988 0.0355 0.1438 0.6445 0.0011
44 0.0360 0.2058 0.0571 0.0558 0.6436 0.0015
45 0.0459 0.1412 0.0371 0.1626 0.6040 0.0090
46 0.0316 0.3906 0.1249 0.1846 0.2664 0.0018
47 0.1388 0.0527 0.3276 0.3542 0.0251 0.1015
48 0.1729 0.0411 0.3547 0.2720 0.0247 0.1346
49 0.2812 0.0663 0.3965 0.1172 0.0177 0.1210
50 0.3184 0.1381 0.3665 0.0716 0.0448 0.0608
51 0.3813 0.0927 0.2947 0.0613 0.1238 0.0463
52 0.4507 0.0591 0.3245 0.0610 0.0901 0.0147
53 0.0787 0.2749 0.3584 0.0242 0.2622 0.0016
54 0.1689 0.1930 0.2023 0.1276 0.3035 0.0048
55 0.1346 0.3464 0.2656 0.0842 0.1573 0.0119
56 0.3457 0.2375 0.1938 0.0439 0.1765 0.0025
57 0.3306 0.2118 0.2476 0.0332 0.1561 0.0208
58 0.0832 0.2484 0.5020 0.1393 0.0193 0.0080
59 0.6016 0.0568 0.1849 0.0482 0.0765 0.0321
60 0.8311 0.0593 0.0536 0.0134 0.0380 0.0047
61 0.1182 0.1371 0.0252 0.6748 0.0418 0.0026
62 0.1094 0.1669 0.1450 0.5732 0.0043 0.0011
63 0.5435 0.0165 0.1148 0.2546 0.0416 0.0288
64 0.1083 0.0333 0.0247 0.7759 0.0408 0.0168
65 0.0992 0.0561 0.0778 0.6885 0.0413 0.0374
66 0.2839 0.2062 0.1952 0.1921 0.0690 0.0534
67 0.6606 0.0100 0.2146 0.0916 0.0063 0.0168
68 0.1658 0.0624 0.5029 0.1131 0.1140 0.0419
69 0.1362 0.0586 0.1320 0.5732 0.0634 0.0367
70 0.2240 0.0182 0.0197 0.6382 0.0905 0.0093
71 0.5962 0.0281 0.0052 0.2299 0.1394 0.0014
72 0.3318 0.0166 0.0922 0.3760 0.0112 0.1721
73 0.3203 0.1324 0.1927 0.0469 0.2656 0.0420
74 0.1492 0.1267 0.0197 0.7007 0.0021 0.0014
75 0.2756 0.0681 0.0909 0.5483 0.0162 0.0007
76 0.0603 0.0205 0.0147 0.8867 0.0120 0.0059
77 0.1239 0.2091 0.0892 0.5425 0.0328 0.0026
78 0.2000 0.0329 0.1203 0.5479 0.0453 0.0538
79 0.5483 0.0359 0.3101 0.0616 0.0345 0.0094
80 0.2434 0.1089 0.2341 0.3276 0.0436 0.0423
81 0.4624 0.0132 0.2720 0.2020 0.0185 0.0320
82 0.5576 0.0332 0.2915 0.0732 0.0200 0.0243
83 0.2683 0.2122 0.3611 0.1516 0.0057 0.0012
84 0.0507 0.0641 0.2236 0.6470 0.0034 0.0112
85 0.2412 0.2527 0.1619 0.3271 0.0153 0.0019
86 0.2094 0.1353 0.0288 0.6201 0.0012 0.0052
87 0.3347 0.0460 0.2649 0.2908 0.0206 0.0429
88 0.0111 0.4465 0.4536 0.0879 0.0001 0.0009
89 0.7456 0.0773 0.0941 0.0303 0.0458 0.0071
90 0.1808 0.0931 0.0243 0.6982 0.0019 0.0017
91 0.2944 0.2441 0.3362 0.0688 0.0496 0.0068
92 0.3823 0.1271 0.1807 0.2798 0.0250 0.0050
93 0.0177 0.0779 0.0499 0.8374 0.0027 0.0144
94 0.2004 0.1989 0.1356 0.4624 0.0008 0.0020
95 0.2988 0.0579 0.1587 0.3521 0.0699 0.0626
96 0.0551 0.0241 0.0753 0.8354 0.0070 0.0031
97 0.2734 0.0649 0.1407 0.2910 0.2063 0.0237
98 0.1299 0.4395 0.2837 0.0435 0.0893 0.0140
99 0.1203 0.0490 0.2627 0.4070 0.0277 0.1332
100 0.2081 0.0840 0.2935 0.3484 0.0391 0.0269
101 0.1204 0.3098 0.4009 0.1509 0.0132 0.0050
102 0.0985 0.4485 0.3306 0.1041 0.0117 0.0066
103 0.4292 0.2141 0.2771 0.0091 0.0695 0.0008
104 0.2803 0.0875 0.4443 0.0766 0.0809 0.0302
105 0.0430 0.0158 0.8906 0.0367 0.0006 0.0133
106 0.1154 0.0313 0.7407 0.0689 0.0040 0.0396
107 0.3391 0.0793 0.1746 0.2969 0.0912 0.0188
108 0.2712 0.0293 0.2649 0.3123 0.0410 0.0814
109 0.5791 0.0526 0.0888 0.2734 0.0047 0.0014
110 0.4778 0.0444 0.0971 0.3750 0.0040 0.0015
111 0.4614 0.1242 0.2214 0.1088 0.0719 0.0122
112 0.2854 0.2423 0.0979 0.3262 0.0372 0.0111
113 0.2382 0.1226 0.4211 0.1729 0.0222 0.0230
114 0.3867 0.0876 0.3230 0.0817 0.0870 0.0341
115 0.2908 0.1644 0.2546 0.0952 0.1892 0.0058
116 0.2325 0.0380 0.1840 0.4922 0.0069 0.0465
117 0.5635 0.0202 0.2277 0.0812 0.0289 0.0787
118 0.1689 0.0257 0.0762 0.7061 0.0158 0.0074
119 0.3550 0.0699 0.2808 0.2153 0.0305 0.0484
120 0.1581 0.1656 0.5024 0.1428 0.0288 0.0021
121 0.0759 0.2957 0.3455 0.2302 0.0262 0.0266
122 0.2815 0.0363 0.5386 0.0928 0.0058 0.0449
123 0.3071 0.2094 0.3506 0.0951 0.0196 0.0182
124 0.4231 0.2030 0.1130 0.0559 0.2014 0.0034
125 0.2374 0.2266 0.3320 0.1342 0.0219 0.0479
126 0.2257 0.0562 0.3811 0.1786 0.0805 0.0780
127 0.1924 0.0486 0.0753 0.5312 0.0282 0.1242
128 0.4116 0.1255 0.1143 0.0726 0.2678 0.0083
129 0.0339 0.1027 0.1919 0.6592 0.0050 0.0072
130 0.0971 0.1627 0.2441 0.3499 0.0155 0.1307
131 0.3022 0.2372 0.1997 0.0453 0.2126 0.0031
132 0.2462 0.1602 0.4060 0.1666 0.0103 0.0108
133 0.0716 0.1041 0.2617 0.5288 0.0072 0.0263
134 0.4473 0.2375 0.2844 0.0286 0.0014 0.0008
135 0.4075 0.1387 0.2959 0.0834 0.0635 0.0112
136 0.0671 0.2717 0.4622 0.1500 0.0055 0.0437
137 0.4758 0.1656 0.1907 0.0807 0.0801 0.0069
138 0.0405 0.1774 0.6592 0.1182 0.0023 0.0027
139 0.2057 0.0466 0.2482 0.3162 0.0474 0.1360
140 0.3047 0.3508 0.0820 0.0378 0.2195 0.0050
141 0.0563 0.3240 0.4326 0.1531 0.0260 0.0082
142 0.1198 0.2291 0.4963 0.1422 0.0106 0.0019
143 0.2236 0.3601 0.3357 0.0225 0.0570 0.0012
144 0.4116 0.1526 0.4021 0.0166 0.0124 0.0049
145 0.1381 0.0536 0.5723 0.1516 0.0129 0.0716
146 0.4233 0.1923 0.1968 0.1290 0.0403 0.0183
147 0.3647 0.2391 0.1231 0.1569 0.0789 0.0373
148 0.2314 0.0478 0.2771 0.2191 0.1844 0.0402
149 0.1989 0.0661 0.2634 0.4277 0.0269 0.0170
150 0.2961 0.0503 0.1304 0.4880 0.0221 0.0130
151 0.4858 0.1979 0.1692 0.0717 0.0549 0.0205
152 0.5073 0.3076 0.0902 0.0191 0.0703 0.0058
153 0.3818 0.1111 0.4065 0.0659 0.0276 0.0072
154 0.1603 0.0512 0.3042 0.3447 0.0512 0.0885
155 0.7705 0.0154 0.0369 0.1459 0.0296 0.0019
156 0.3206 0.5454 0.0750 0.0473 0.0057 0.0062
157 0.2954 0.1166 0.3296 0.0894 0.1353 0.0337
158 0.1688 0.0437 0.1082 0.6680 0.0055 0.0061
159 0.3872 0.1705 0.1110 0.0485 0.2791 0.0038
160 0.2446 0.1748 0.1259 0.1220 0.3191 0.0137
161 0.5327 0.0462 0.2118 0.1974 0.0058 0.0063
162 0.2769 0.1172 0.2124 0.1788 0.2058 0.0088
163 0.3000 0.1373 0.2886 0.1658 0.1021 0.0062
164 0.1868 0.1560 0.4587 0.1825 0.0112 0.0048
165 0.4495 0.1328 0.2603 0.1110 0.0396 0.0069
166 0.3066 0.2878 0.2424 0.1393 0.0164 0.0074
167 0.2212 0.3823 0.2014 0.1683 0.0212 0.0057
168 0.6914 0.0299 0.1416 0.1155 0.0128 0.0087
169 0.3579 0.0414 0.2054 0.2920 0.0710 0.0323
170 0.2435 0.3032 0.2397 0.1294 0.0698 0.0144
171 0.2764 0.2656 0.1929 0.0216 0.2401 0.0033
172 0.0341 0.0897 0.6948 0.1703 0.0029 0.0080
173 0.5044 0.0843 0.0919 0.2119 0.0750 0.0325
174 0.3357 0.1294 0.3357 0.1586 0.0106 0.0298
175 0.6138 0.1066 0.0774 0.0774 0.0123 0.1126
176 0.2117 0.1304 0.2983 0.3032 0.0213 0.0351
177 0.3389 0.1931 0.2876 0.0508 0.1277 0.0020
178 0.6367 0.0158 0.2473 0.0597 0.0146 0.0261
179 0.1310 0.3000 0.1250 0.4365 0.0057 0.0019
180 0.3105 0.5044 0.0829 0.1000 0.0017 0.0005
181 0.5742 0.1343 0.2249 0.0356 0.0193 0.0119
182 0.6587 0.0108 0.1381 0.1614 0.0125 0.0185
183 0.4116 0.0617 0.4851 0.0251 0.0111 0.0056
184 0.1776 0.1891 0.1832 0.4431 0.0057 0.0012
185 0.3696 0.0728 0.3213 0.1415 0.0161 0.0787
186 0.4121 0.0762 0.2539 0.1287 0.0994 0.0298
187 0.4031 0.1210 0.1102 0.3291 0.0313 0.0054
188 0.4773 0.2456 0.1943 0.0149 0.0661 0.0018
189 0.4248 0.0448 0.1445 0.3748 0.0084 0.0027
190 0.5156 0.1661 0.1635 0.1512 0.0023 0.0012
191 0.2125 0.0623 0.1192 0.5688 0.0339 0.0034
192 0.3823 0.2230 0.1509 0.2319 0.0093 0.0026
193 0.6343 0.1935 0.1259 0.0121 0.0318 0.0023
194 0.4622 0.1466 0.2417 0.0925 0.0377 0.0194
195 0.2686 0.0529 0.2483 0.3584 0.0081 0.0638
196 0.0792 0.3604 0.1411 0.3896 0.0149 0.0148
197 0.3538 0.0439 0.2471 0.2693 0.0277 0.0582
198 0.0471 0.0696 0.1920 0.6499 0.0309 0.0107
199 0.3975 0.2095 0.0859 0.2820 0.0212 0.0040
200 0.7505 0.0836 0.0289 0.1304 0.0031 0.0036
201 0.6411 0.1063 0.0293 0.2001 0.0109 0.0125
202 0.3809 0.1256 0.2830 0.1117 0.0817 0.0171
203 0.3911 0.0252 0.4036 0.0952 0.0199 0.0649
204 0.1229 0.6963 0.1415 0.0363 0.0007 0.0020
205 0.7949 0.0589 0.1163 0.0212 0.0067 0.0021
206 0.4922 0.0606 0.2761 0.1124 0.0371 0.0218
207 0.3245 0.2429 0.1104 0.3120 0.0013 0.0091
208 0.1080 0.1584 0.2695 0.4307 0.0077 0.0259
209 0.1768 0.3176 0.2803 0.0602 0.0407 0.1244
210 0.7197 0.1260 0.0464 0.1028 0.0013 0.0039
211 0.5215 0.3340 0.0336 0.0980 0.0111 0.0018
212 0.6470 0.0205 0.1008 0.1537 0.0282 0.0499
213 0.0806 0.0844 0.5093 0.3088 0.0067 0.0103
214 0.0715 0.5718 0.2498 0.0941 0.0096 0.0035
215 0.0753 0.4368 0.1510 0.2910 0.0423 0.0036
216 0.4932 0.0488 0.2832 0.1296 0.0162 0.0291
217 0.0324 0.0855 0.1187 0.7383 0.0066 0.0182
218 0.2627 0.3562 0.2505 0.0412 0.0416 0.0478
219 0.2690 0.0945 0.4578 0.1301 0.0074 0.0410
220 0.4463 0.2043 0.2209 0.0347 0.0914 0.0025
221 0.0521 0.5693 0.1605 0.1998 0.0021 0.0163
222 0.4607 0.2228 0.1372 0.1694 0.0063 0.0035
223 0.4221 0.0589 0.2041 0.1370 0.0512 0.1267
224 0.6157 0.0952 0.0494 0.2178 0.0050 0.0169
225 0.4202 0.1865 0.2981 0.0582 0.0350 0.0019
226 0.5342 0.1720 0.1085 0.1415 0.0396 0.0045
227 0.1790 0.1862 0.4360 0.1681 0.0224 0.0082
228 0.4958 0.0569 0.2695 0.1512 0.0189 0.0075
229 0.0247 0.0613 0.0775 0.8325 0.0007 0.0031
230 0.2744 0.0438 0.2559 0.2104 0.0603 0.1552
231 0.2563 0.0453 0.3560 0.2045 0.0069 0.1310
232 0.2690 0.1364 0.0460 0.5269 0.0147 0.0070
233 0.3188 0.4160 0.0449 0.2091 0.0072 0.0038
234 0.2759 0.0118 0.1187 0.5444 0.0124 0.0365
235 0.3892 0.0356 0.4307 0.0969 0.0284 0.0194
236 0.4561 0.2367 0.2423 0.0431 0.0070 0.0148
237 0.1538 0.0408 0.4248 0.3633 0.0077 0.0096
238 0.0180 0.0990 0.7910 0.0901 0.0003 0.0016
239 0.2178 0.1417 0.3945 0.2411 0.0038 0.0012
240 0.6421 0.0626 0.1198 0.0583 0.1090 0.0080
241 0.4297 0.1722 0.1486 0.2393 0.0094 0.0008
242 0.6670 0.0430 0.0939 0.1080 0.0797 0.0083
243 0.0551 0.1006 0.0691 0.7725 0.0020 0.0005
244 0.0283 0.0674 0.0517 0.8472 0.0050 0.0005
245 0.1954 0.0464 0.5029 0.1376 0.0569 0.0605
246 0.5894 0.0084 0.1884 0.1826 0.0069 0.0241
247 0.1005 0.3350 0.4368 0.1251 0.0011 0.0016
248 0.0888 0.0660 0.4302 0.3918 0.0052 0.0180
249 0.0087 0.0289 0.0368 0.9204 0.0014 0.0037
250 0.4651 0.0624 0.1849 0.1113 0.1558 0.0206
251 0.3181 0.2556 0.2852 0.1357 0.0002 0.0049
252 0.3958 0.0792 0.1346 0.3604 0.0063 0.0238
253 0.4336 0.2146 0.2375 0.1006 0.0007 0.0128
254 0.5137 0.0352 0.1405 0.2485 0.0425 0.0193
255 0.2566 0.1750 0.1281 0.4231 0.0050 0.0121
256 0.2096 0.0569 0.0867 0.5972 0.0133 0.0367
257 0.4822 0.1248 0.1874 0.0148 0.1874 0.0035
258 0.1235 0.0918 0.1974 0.5537 0.0213 0.0121
259 0.0940 0.0810 0.2678 0.5322 0.0134 0.0115
260 0.2317 0.0505 0.1921 0.5142 0.0099 0.0016
261 0.2438 0.3716 0.2400 0.0970 0.0383 0.0094
262 0.2319 0.2356 0.2732 0.1632 0.0783 0.0177
263 0.8271 0.0281 0.0428 0.0326 0.0648 0.0043
264 0.2881 0.1935 0.2949 0.0826 0.1350 0.0058
265 0.3967 0.2140 0.3088 0.0481 0.0318 0.0004
266 0.5425 0.1720 0.0865 0.0412 0.1554 0.0027
267 0.3130 0.2168 0.2656 0.0869 0.1107 0.0069
268 0.2401 0.2637 0.1295 0.1689 0.1841 0.0134
269 0.5513 0.0832 0.0819 0.1748 0.0988 0.0103
270 0.4443 0.1159 0.1881 0.1987 0.0359 0.0170
271 0.4519 0.2418 0.1742 0.0461 0.0480 0.0380
272 0.4114 0.0330 0.1255 0.3203 0.0836 0.0263
273 0.1411 0.0562 0.0631 0.4888 0.0804 0.1703
274 0.1912 0.0626 0.1466 0.5034 0.0743 0.0220
275 0.1403 0.0459 0.4387 0.3040 0.0208 0.0504
276 0.2625 0.3533 0.1416 0.1804 0.0576 0.0046
277 0.0781 0.4124 0.1641 0.3213 0.0091 0.0151
278 0.2502 0.1628 0.5552 0.0174 0.0053 0.0088
279 0.2314 0.0421 0.4255 0.2622 0.0159 0.0227
280 0.3201 0.0210 0.1169 0.4514 0.0743 0.0162
281 0.0107 0.0164 0.1466 0.6992 0.0145 0.1124
282 0.4026 0.1267 0.3499 0.0642 0.0466 0.0102
283 0.5498 0.0850 0.2808 0.0236 0.0580 0.0030
284 0.1859 0.3640 0.3699 0.0689 0.0102 0.0011
285 0.4460 0.1506 0.1268 0.1628 0.0885 0.0252
286 0.4939 0.1329 0.1278 0.2158 0.0254 0.0041
287 0.0865 0.0576 0.1471 0.6191 0.0684 0.0210
288 0.5137 0.0653 0.1904 0.1239 0.0164 0.0906
289 0.6045 0.0323 0.2405 0.0878 0.0210 0.0140
290 0.4622 0.0737 0.2961 0.0835 0.0565 0.0280
291 0.3196 0.1185 0.1429 0.1166 0.2179 0.0847
292 0.6182 0.0318 0.1379 0.1359 0.0562 0.0199
293 0.4214 0.0598 0.1326 0.2023 0.0175 0.1664
294 0.3069 0.0717 0.2974 0.2427 0.0729 0.0085
295 0.2891 0.1824 0.0924 0.1039 0.3276 0.0047
296 0.5444 0.1047 0.1598 0.0255 0.1636 0.0018
297 0.1305 0.0536 0.0955 0.6841 0.0305 0.0058
298 0.4270 0.0498 0.2180 0.2778 0.0267 0.0008
299 0.6196 0.0550 0.1415 0.0892 0.0723 0.0224
300 0.5679 0.0428 0.1759 0.1110 0.0739 0.0287
301 0.2827 0.1335 0.2418 0.1636 0.0236 0.1549
302 0.3406 0.1633 0.1699 0.1398 0.0388 0.1476
303 0.3550 0.1479 0.0926 0.1991 0.0296 0.1758
