time exciting_prob fearful_prob tense_prob sad_prob relaxing_prob neutral_prob
0 0.1136 0.1553 0.1349 0.1288 0.0181 0.4492
1 0.1136 0.1553 0.1349 0.1288 0.0181 0.4492
2 0.1136 0.1553 0.1349 0.1288 0.0181 0.4492
3 0.2180 0.2712 0.3027 0.0790 0.0178 0.1113
4 0.1192 0.1847 0.3191 0.1289 0.1818 0.0663
5 0.0671 0.0977 0.3105 0.3926 0.0785 0.0535
6 0.0660 0.1271 0.1646 0.4912 0.1271 0.0241
7 0.0221 0.1396 0.2568 0.5029 0.0564 0.0224
8 0.0205 0.1730 0.3284 0.4150 0.0380 0.0253
9 0.0394 0.1923 0.3120 0.3428 0.0615 0.0522
10 0.1136 0.1553 0.1349 0.1288 0.0181 0.4492
11 0.0226 0.1223 0.1779 0.2888 0.3765 0.0119
12 0.0357 0.1403 0.2241 0.2009 0.3872 0.0116
13 0.0357 0.1058 0.2205 0.2170 0.4055 0.0157
14 0.0285 0.1043 0.0920 0.4673 0.2502 0.0576
15 0.0152 0.4380 0.1108 0.1090 0.3105 0.0163
16 0.0190 0.3274 0.0370 0.3948 0.2017 0.0203
17 0.0166 0.2325 0.0265 0.4846 0.2289 0.0110
18 0.0184 0.2876 0.0259 0.3870 0.2661 0.0150
19 0.0229 0.2622 0.0663 0.1616 0.4824 0.0043
20 0.0276 0.5381 0.0964 0.1076 0.2278 0.0025
21 0.0199 0.4641 0.1230 0.0819 0.3091 0.0019
22 0.0204 0.3237 0.0892 0.0668 0.4973 0.0025
23 0.0267 0.6079 0.0688 0.1624 0.1188 0.0152
24 0.0184 0.2505 0.0604 0.2352 0.4260 0.0096
25 0.0180 0.2693 0.0696 0.1938 0.4404 0.0089
26 0.0161 0.1555 0.0559 0.5688 0.1906 0.0130
27 0.0278 0.4419 0.0891 0.2404 0.1814 0.0194
28 0.0225 0.5757 0.0890 0.1295 0.1742 0.0090
29 0.0276 0.4221 0.0799 0.1553 0.2947 0.0205
30 0.0145 0.4851 0.0240 0.2678 0.2054 0.0030
31 0.0340 0.2081 0.0394 0.2251 0.4839 0.0094
32 0.0122 0.4014 0.0265 0.3176 0.2360 0.0064
33 0.0121 0.5327 0.0243 0.2119 0.2152 0.0038
34 0.0291 0.7393 0.0280 0.0553 0.1444 0.0038
35 0.0205 0.7632 0.0657 0.0710 0.0732 0.0064
36 0.0227 0.6284 0.1042 0.1349 0.0949 0.0149
37 0.0347 0.4714 0.1996 0.2092 0.0306 0.0546
38 0.0456 0.4822 0.1888 0.1051 0.0995 0.0787
39 0.0175 0.4934 0.0389 0.2367 0.1993 0.0141
40 0.0177 0.4597 0.2008 0.2347 0.0762 0.0107
41 0.0191 0.1506 0.1788 0.5015 0.1309 0.0191
42 0.0140 0.1755 0.1989 0.5576 0.0423 0.0117
43 0.0237 0.2108 0.0355 0.6699 0.0567 0.0032
44 0.0422 0.4260 0.0690 0.2317 0.2142 0.0168
45 0.0216 0.1152 0.0646 0.4485 0.3440 0.0061
46 0.0120 0.1182 0.0706 0.0663 0.7241 0.0085
47 0.0128 0.1003 0.0618 0.0712 0.7417 0.0124
48 0.0302 0.1252 0.0714 0.1176 0.6260 0.0297
49 0.0663 0.1748 0.0981 0.0550 0.5645 0.0412
50 0.0402 0.2522 0.1707 0.2603 0.2369 0.0399
51 0.0745 0.2091 0.2058 0.2091 0.1019 0.1995
52 0.0090 0.1641 0.0360 0.0865 0.7017 0.0027
53 0.0176 0.4507 0.0578 0.1030 0.3679 0.0029
54 0.0548 0.3689 0.2102 0.1016 0.2576 0.0069
55 0.0816 0.3179 0.3384 0.0677 0.1702 0.0245
56 0.0497 0.2688 0.2524 0.1531 0.2524 0.0235
57 0.0615 0.1836 0.2798 0.2798 0.1204 0.0748
58 0.1053 0.5024 0.1439 0.1331 0.0521 0.0634
59 0.0537 0.3936 0.1200 0.2350 0.1494 0.0485
60 0.0365 0.6782 0.2201 0.0322 0.0280 0.0052
61 0.0120 0.4417 0.1990 0.1346 0.1870 0.0257
62 0.0150 0.1522 0.3123 0.2285 0.2590 0.0329
63 0.0572 0.2729 0.2771 0.2334 0.0489 0.1103
64 0.0445 0.2386 0.2139 0.3262 0.1145 0.0623
65 0.0710 0.3843 0.1505 0.2993 0.0352 0.0598
66 0.0575 0.1025 0.0427 0.5898 0.0414 0.1663
67 0.1255 0.1160 0.4661 0.1636 0.0414 0.0876
68 0.0719 0.2549 0.2590 0.2147 0.0216 0.1780
69 0.1752 0.1752 0.3325 0.1672 0.0385 0.1114
70 0.1858 0.1470 0.2878 0.2041 0.0259 0.1493
71 0.1289 0.1249 0.3240 0.1211 0.0105 0.2905
72 0.0481 0.1084 0.2769 0.1873 0.0657 0.3137
73 0.0401 0.1796 0.2825 0.1714 0.0483 0.2781
74 0.0497 0.1416 0.3345 0.2029 0.0189 0.2524
75 0.1010 0.0706 0.3525 0.2009 0.0208 0.2539
76 0.0140 0.2302 0.3623 0.1583 0.0254 0.2097
77 0.0240 0.1980 0.4678 0.0825 0.0202 0.2075
78 0.0164 0.1481 0.3086 0.0971 0.0213 0.4087
79 0.0500 0.1011 0.2925 0.1127 0.0184 0.4255
80 0.0475 0.0736 0.2413 0.0861 0.0159 0.5356
81 0.0439 0.1232 0.3403 0.1851 0.0164 0.2910
82 0.0395 0.0671 0.3306 0.3154 0.0129 0.2344
83 0.0390 0.1891 0.3882 0.1777 0.0139 0.1921
84 0.0101 0.2004 0.3518 0.2827 0.0061 0.1489
85 0.0946 0.1443 0.1714 0.4805 0.0307 0.0784
86 0.1299 0.1320 0.1981 0.4194 0.0196 0.1011
87 0.0954 0.1958 0.2253 0.1548 0.0527 0.2761
88 0.1935 0.0723 0.1875 0.1210 0.1735 0.2522
89 0.0657 0.1091 0.3633 0.2203 0.0441 0.1975
90 0.0498 0.0975 0.4368 0.3196 0.0102 0.0860
91 0.0782 0.2430 0.4133 0.2393 0.0192 0.0069
92 0.0557 0.1930 0.5166 0.1991 0.0157 0.0200
93 0.0583 0.2844 0.4690 0.1547 0.0109 0.0226
94 0.0269 0.2451 0.4653 0.2130 0.0228 0.0269
95 0.0192 0.2615 0.6172 0.0646 0.0218 0.0156
96 0.0256 0.3140 0.5342 0.0776 0.0318 0.0166
97 0.0487 0.4082 0.4343 0.0767 0.0110 0.0210
98 0.0753 0.1893 0.4988 0.1521 0.0125 0.0718
99 0.1537 0.1854 0.3923 0.2219 0.0298 0.0168
100 0.0550 0.4033 0.4500 0.0819 0.0026 0.0073
101 0.0484 0.5898 0.3108 0.0374 0.0038 0.0101
102 0.0732 0.2363 0.4482 0.2118 0.0143 0.0161
103 0.0741 0.1342 0.4832 0.2546 0.0221 0.0321
104 0.1421 0.2654 0.2306 0.1465 0.0468 0.1687
105 0.0360 0.0523 0.2070 0.6475 0.0030 0.0540
106 0.0074 0.2014 0.2467 0.4539 0.0027 0.0880
107 0.0084 0.1501 0.1729 0.6523 0.0037 0.0125
108 0.1414 0.1267 0.2600 0.4153 0.0220 0.0346
109 0.0539 0.1177 0.2915 0.4805 0.0483 0.0079
110 0.0398 0.0911 0.5581 0.2637 0.0287 0.0188
111 0.0305 0.2068 0.4177 0.2827 0.0130 0.0491
112 0.0886 0.0989 0.2487 0.4717 0.0316 0.0605
113 0.0662 0.0612 0.3691 0.3469 0.0310 0.1256
114 0.0306 0.1191 0.1051 0.2996 0.1415 0.3042
115 0.0497 0.1173 0.3909 0.1965 0.1085 0.1372
116 0.0634 0.1213 0.2957 0.2778 0.1022 0.1396
117 0.0455 0.1075 0.3469 0.1515 0.0948 0.2539
118 0.0709 0.0601 0.3599 0.3276 0.0472 0.1344
119 0.0771 0.1105 0.2910 0.2822 0.0453 0.1938
120 0.0630 0.1466 0.4883 0.2494 0.0102 0.0427
121 0.0377 0.2700 0.4521 0.0462 0.0451 0.1490
122 0.0998 0.1780 0.5269 0.1429 0.0097 0.0426
123 0.1407 0.0815 0.2549 0.1476 0.2471 0.1282
124 0.1345 0.1304 0.3228 0.2361 0.1151 0.0611
125 0.0966 0.0449 0.3167 0.1921 0.3118 0.0378
126 0.1227 0.0657 0.3442 0.3899 0.0584 0.0190
127 0.0180 0.0378 0.0859 0.1804 0.6499 0.0281
128 0.0424 0.1328 0.0787 0.2242 0.4673 0.0545
129 0.0792 0.1337 0.0897 0.2310 0.4214 0.0451
130 0.0188 0.0296 0.0515 0.1274 0.7334 0.0392
131 0.0673 0.0857 0.1976 0.3809 0.2384 0.0301
132 0.0129 0.1600 0.3284 0.2681 0.2257 0.0049
133 0.0050 0.1349 0.2405 0.5679 0.0431 0.0087
134 0.0363 0.0667 0.1226 0.4348 0.2896 0.0500
135 0.0775 0.1349 0.1267 0.3784 0.2444 0.0381
136 0.0668 0.0323 0.3965 0.1482 0.1003 0.2561
137 0.1100 0.0558 0.5903 0.0492 0.1370 0.0576
138 0.0542 0.0285 0.1669 0.2793 0.3940 0.0770
139 0.0495 0.0395 0.3083 0.1041 0.4812 0.0174
140 0.1127 0.0320 0.3525 0.2461 0.0877 0.1691
141 0.1494 0.1003 0.4290 0.1578 0.1459 0.0177
142 0.0410 0.2576 0.1357 0.2308 0.2656 0.0693
143 0.0888 0.0269 0.5698 0.2568 0.0295 0.0279
144 0.1355 0.0708 0.5483 0.2198 0.0099 0.0156
145 0.0642 0.0870 0.4219 0.3496 0.0562 0.0210
146 0.0649 0.0388 0.3884 0.3945 0.0982 0.0151
147 0.0676 0.0506 0.2673 0.1132 0.4841 0.0168
148 0.0704 0.0296 0.4382 0.2007 0.2239 0.0371
149 0.0712 0.0399 0.3191 0.2688 0.2372 0.0638
150 0.0716 0.0276 0.2498 0.4890 0.0528 0.1091
151 0.0711 0.0375 0.1964 0.5771 0.0408 0.0769
152 0.1219 0.0906 0.5054 0.1565 0.0812 0.0445
153 0.0203 0.0667 0.4485 0.1082 0.2808 0.0756
154 0.0319 0.0701 0.5693 0.2062 0.0807 0.0419
155 0.0685 0.0596 0.1835 0.4199 0.2145 0.0538
156 0.1298 0.2791 0.2971 0.1760 0.0554 0.0627
157 0.0654 0.0840 0.3647 0.2842 0.1078 0.0937
158 0.0585 0.0477 0.1042 0.1042 0.6284 0.0567
159 0.1266 0.2188 0.1481 0.2766 0.0844 0.1458
160 0.2126 0.0475 0.3792 0.1157 0.1461 0.0989
161 0.1321 0.0231 0.2668 0.3823 0.0753 0.1203
162 0.1072 0.0153 0.2571 0.4583 0.0329 0.1293
163 0.0470 0.0435 0.1026 0.6094 0.1238 0.0739
164 0.1040 0.0417 0.2151 0.4736 0.0257 0.1400
165 0.0911 0.0575 0.1625 0.5493 0.0225 0.1170
166 0.0701 0.0393 0.1460 0.4788 0.0323 0.2334
167 0.0576 0.0321 0.0764 0.5469 0.0166 0.2708
168 0.0291 0.0151 0.0480 0.8052 0.0139 0.0889
169 0.0516 0.0247 0.1469 0.5371 0.0257 0.2137
170 0.0291 0.0315 0.0699 0.6274 0.0075 0.2345
171 0.0304 0.0334 0.0624 0.6978 0.0113 0.1644
172 0.0452 0.0244 0.1199 0.5996 0.0194 0.1917
173 0.0618 0.0467 0.1361 0.2625 0.0141 0.4788
174 0.0966 0.0609 0.3218 0.2485 0.0198 0.2524
175 0.1266 0.0804 0.2328 0.2808 0.0236 0.2556
176 0.1652 0.0919 0.2898 0.2766 0.0178 0.1588
177 0.1060 0.1027 0.2157 0.3262 0.0199 0.2296
178 0.1415 0.0988 0.2351 0.2297 0.0264 0.2686
179 0.1224 0.0495 0.2803 0.2983 0.0188 0.2306
180 0.2756 0.0796 0.2490 0.2651 0.0252 0.1055
181 0.1116 0.1178 0.4177 0.1810 0.0241 0.1478
182 0.1122 0.1385 0.1752 0.2756 0.0228 0.2756
183 0.0922 0.1508 0.1450 0.2467 0.0120 0.3533
184 0.1664 0.3035 0.1152 0.1914 0.0243 0.1991
185 0.1279 0.2708 0.2013 0.1495 0.0076 0.2428
186 0.0229 0.2703 0.3113 0.1541 0.0029 0.2386
187 0.0373 0.3853 0.2487 0.1656 0.0192 0.1439
188 0.0428 0.4783 0.2480 0.1154 0.0562 0.0594
189 0.0684 0.4360 0.2262 0.1060 0.0184 0.1449
190 0.0902 0.4407 0.2673 0.0440 0.1302 0.0275
191 0.1092 0.1978 0.5210 0.0934 0.0023 0.0762
192 0.0577 0.4685 0.2178 0.1863 0.0115 0.0582
193 0.0490 0.3398 0.4502 0.0517 0.0319 0.0776
194 0.0765 0.4265 0.4265 0.0295 0.0237 0.0175
195 0.1848 0.3347 0.1087 0.1428 0.0707 0.1581
196 0.0919 0.2102 0.3577 0.0462 0.0631 0.2310
197 0.0804 0.1169 0.2896 0.0856 0.1840 0.2438
198 0.0293 0.5229 0.2712 0.0777 0.0162 0.0827
199 0.1290 0.5649 0.2014 0.0385 0.0464 0.0196
200 0.0541 0.1604 0.3789 0.1506 0.0152 0.2408
201 0.0356 0.2866 0.4370 0.0931 0.0069 0.1407
202 0.0344 0.2751 0.4065 0.0914 0.0092 0.1832
203 0.0800 0.4033 0.1681 0.2297 0.0086 0.1102
204 0.0665 0.5151 0.2471 0.1242 0.0168 0.0304
205 0.0602 0.2272 0.2827 0.2615 0.0121 0.1561
206 0.2257 0.2722 0.1552 0.1552 0.0438 0.1481
207 0.0649 0.1968 0.1036 0.1709 0.0064 0.4573
208 0.0767 0.1703 0.3662 0.0496 0.0092 0.3281
209 0.0727 0.1041 0.2240 0.0798 0.0377 0.4817
210 0.0221 0.2529 0.3147 0.1464 0.0031 0.2610
211 0.0325 0.3416 0.2788 0.1744 0.0116 0.1613
212 0.0327 0.2654 0.2739 0.2167 0.0076 0.2036
213 0.0258 0.6152 0.1967 0.0820 0.0157 0.0644
214 0.0171 0.3911 0.2335 0.1581 0.0066 0.1936
215 0.0456 0.5864 0.2026 0.0988 0.0042 0.0623
216 0.0236 0.2361 0.3772 0.2474 0.0025 0.1133
217 0.0419 0.2142 0.3533 0.1921 0.0033 0.1951
218 0.0981 0.2300 0.1722 0.1462 0.0339 0.3193
219 0.0389 0.4744 0.2832 0.1199 0.0024 0.0812
220 0.1268 0.4902 0.2389 0.0276 0.0313 0.0851
221 0.1165 0.4128 0.3423 0.0231 0.0174 0.0879
222 0.0327 0.3921 0.3743 0.1609 0.0239 0.0162
223 0.0325 0.3960 0.4417 0.1152 0.0077 0.0071
224 0.0385 0.2935 0.4075 0.1925 0.0410 0.0269
225 0.0839 0.1165 0.1320 0.1519 0.3879 0.1279
226 0.0447 0.3860 0.3628 0.1488 0.0228 0.0348
227 0.1140 0.1232 0.3196 0.2374 0.1053 0.1005
228 0.0695 0.1802 0.3315 0.2107 0.1448 0.0633
229 0.0551 0.1672 0.4917 0.1476 0.0881 0.0502
230 0.0602 0.2269 0.5034 0.1254 0.0407 0.0433
231 0.0213 0.5078 0.3772 0.0645 0.0060 0.0234
232 0.0568 0.1920 0.5137 0.1472 0.0378 0.0525
233 0.0447 0.2397 0.4844 0.0889 0.0271 0.1151
234 0.0659 0.1532 0.3296 0.3245 0.0659 0.0609
235 0.0614 0.1777 0.3269 0.3762 0.0212 0.0367
236 0.0742 0.3005 0.3149 0.1488 0.0841 0.0772
237 0.0327 0.1355 0.4111 0.2825 0.0547 0.0835
238 0.0358 0.2028 0.4360 0.2484 0.0311 0.0460
239 0.0465 0.2218 0.3716 0.2399 0.0767 0.0437
240 0.2240 0.0470 0.0978 0.2788 0.0905 0.2620
241 0.2240 0.0470 0.0978 0.2788 0.0905 0.2620
242 0.0844 0.5166 0.2365 0.1227 0.0341 0.0058
243 0.0085 0.1479 0.0627 0.7397 0.0249 0.0161
244 0.0078 0.1042 0.0434 0.8193 0.0148 0.0103
245 0.0157 0.3958 0.1929 0.2988 0.0856 0.0112
246 0.0939 0.2551 0.1283 0.3831 0.0984 0.0413
247 0.1753 0.1866 0.2715 0.1647 0.1150 0.0868
248 0.0975 0.1685 0.1440 0.4233 0.0930 0.0736
249 0.0785 0.1274 0.2573 0.1974 0.0476 0.2917
250 0.0242 0.1655 0.5342 0.1531 0.0109 0.1120
251 0.0157 0.2898 0.5586 0.0536 0.0224 0.0598
252 0.0470 0.2661 0.4456 0.1493 0.0500 0.0421
253 0.0615 0.3433 0.2510 0.1866 0.1323 0.0253
254 0.0224 0.5962 0.2686 0.0659 0.0375 0.0096
255 0.0259 0.4517 0.2783 0.1661 0.0574 0.0208
256 0.0340 0.4336 0.3948 0.0998 0.0216 0.0163
257 0.0623 0.4607 0.2109 0.1951 0.0456 0.0252
258 0.0369 0.2522 0.3787 0.1460 0.0258 0.1604
259 0.0189 0.2061 0.1936 0.4868 0.0235 0.0712
260 0.0287 0.3159 0.1588 0.4597 0.0193 0.0177
261 0.0611 0.1897 0.1187 0.6172 0.0036 0.0094
262 0.0721 0.2496 0.1411 0.5288 0.0036 0.0049
263 0.0359 0.1869 0.5757 0.1455 0.0310 0.0249
264 0.0383 0.1587 0.6377 0.1058 0.0380 0.0215
265 0.0305 0.1442 0.6772 0.1022 0.0297 0.0164
266 0.0490 0.1464 0.6162 0.1176 0.0376 0.0329
267 0.0258 0.1910 0.7100 0.0620 0.0052 0.0062
268 0.0079 0.2112 0.7485 0.0256 0.0019 0.0046
269 0.0107 0.2825 0.6670 0.0307 0.0014 0.0075
270 0.0126 0.1782 0.7866 0.0136 0.0024 0.0068
271 0.0296 0.0897 0.2325 0.5938 0.0261 0.0282
