time exciting_prob fearful_prob tense_prob sad_prob relaxing_prob neutral_prob
0 0.1136 0.1553 0.1349 0.1288 0.0181 0.4492
1 0.2120 0.0484 0.0553 0.5088 0.1412 0.0341
2 0.1281 0.0304 0.0457 0.6504 0.1046 0.0409
3 0.2668 0.0820 0.0685 0.4539 0.1037 0.0250
4 0.2489 0.0275 0.1821 0.5107 0.0217 0.0092
5 0.2585 0.0277 0.2014 0.4756 0.0222 0.0144
6 0.4688 0.1365 0.0670 0.1570 0.1583 0.0124
7 0.1450 0.0758 0.3022 0.3535 0.0591 0.0643
8 0.1638 0.1109 0.1050 0.5127 0.0780 0.0296
9 0.0627 0.1049 0.1575 0.5942 0.0431 0.0374
10 0.3843 0.1083 0.1144 0.2367 0.1359 0.0204
11 0.1810 0.2803 0.0848 0.2474 0.1838 0.0225
12 0.2145 0.4758 0.0782 0.0187 0.2095 0.0033
13 0.1282 0.7041 0.1132 0.0125 0.0406 0.0014
14 0.5425 0.0928 0.1182 0.1146 0.0913 0.0409
15 0.3333 0.1929 0.2458 0.0380 0.1650 0.0249
16 0.1542 0.0775 0.3018 0.3877 0.0478 0.0311
17 0.1848 0.6353 0.0944 0.0256 0.0517 0.0081
18 0.0886 0.7651 0.0533 0.0285 0.0563 0.0080
19 0.3943 0.1544 0.1777 0.1923 0.0591 0.0221
20 0.1927 0.3660 0.1958 0.2085 0.0213 0.0157
21 0.1058 0.4248 0.0877 0.3523 0.0145 0.0149
22 0.1152 0.4346 0.3491 0.0786 0.0174 0.0051
23 0.4805 0.3628 0.0527 0.0205 0.0803 0.0033
24 0.1737 0.5972 0.0691 0.0649 0.0908 0.0044
25 0.1478 0.7217 0.0392 0.0243 0.0636 0.0033
26 0.2212 0.3882 0.2468 0.1290 0.0094 0.0053
27 0.1238 0.0864 0.0520 0.3391 0.3904 0.0085
28 0.1256 0.1152 0.0627 0.4055 0.2830 0.0080
29 0.3433 0.1312 0.0888 0.3125 0.1123 0.0120
30 0.2595 0.4592 0.0346 0.0098 0.2327 0.0042
31 0.3909 0.4292 0.0832 0.0489 0.0449 0.0029
32 0.4111 0.3572 0.0507 0.0178 0.1598 0.0034
33 0.3389 0.3782 0.0844 0.0095 0.1843 0.0048
34 0.2407 0.1818 0.1531 0.2644 0.1210 0.0390
35 0.2112 0.0486 0.4265 0.2468 0.0615 0.0053
36 0.1567 0.0350 0.1320 0.5645 0.0852 0.0268
37 0.2712 0.4836 0.0670 0.0416 0.1333 0.0030
38 0.5825 0.0770 0.0262 0.1028 0.1951 0.0165
39 0.1849 0.6870 0.0634 0.0376 0.0195 0.0073
40 0.2303 0.0556 0.0578 0.4800 0.0874 0.0888
41 0.2993 0.1932 0.3237 0.1437 0.0222 0.0178
42 0.4922 0.0896 0.1782 0.2020 0.0174 0.0206
43 0.2898 0.3235 0.2120 0.0857 0.0780 0.0110
44 0.1836 0.2321 0.4138 0.1223 0.0464 0.0019
45 0.5137 0.1119 0.0529 0.1494 0.1616 0.0107
46 0.7197 0.1373 0.0288 0.0446 0.0649 0.0047
47 0.1675 0.0465 0.1840 0.5405 0.0129 0.0487
48 0.5029 0.1194 0.0982 0.2129 0.0569 0.0100
49 0.3552 0.1842 0.1731 0.1786 0.1010 0.0080
50 0.6919 0.0674 0.0256 0.1121 0.0814 0.0214
51 0.4229 0.3533 0.0381 0.0226 0.1580 0.0052
52 0.2098 0.3569 0.1177 0.1852 0.0556 0.0748
53 0.1709 0.4434 0.1907 0.1331 0.0192 0.0429
54 0.0458 0.0677 0.0792 0.5850 0.2086 0.0134
55 0.3374 0.3562 0.0573 0.1261 0.1078 0.0153
56 0.2067 0.4731 0.0437 0.0743 0.1957 0.0065
57 0.3577 0.0994 0.1041 0.3362 0.0850 0.0177
58 0.4771 0.1974 0.2437 0.0635 0.0111 0.0072
59 0.2043 0.3879 0.2583 0.0695 0.0176 0.0623
60 0.1685 0.1879 0.3977 0.1418 0.0707 0.0334
61 0.4333 0.2196 0.0394 0.2047 0.0753 0.0275
62 0.5845 0.0479 0.0692 0.0829 0.2051 0.0106
63 0.1938 0.6660 0.0724 0.0262 0.0394 0.0022
64 0.5361 0.1584 0.1853 0.0977 0.0153 0.0071
65 0.5942 0.1929 0.1445 0.0532 0.0127 0.0025
66 0.2261 0.1733 0.1155 0.3447 0.1309 0.0097
67 0.5142 0.2280 0.0922 0.0669 0.0936 0.0054
68 0.3469 0.4744 0.0721 0.0357 0.0652 0.0056
69 0.3130 0.1433 0.0992 0.2986 0.1411 0.0048
70 0.5474 0.1656 0.0795 0.0356 0.1569 0.0152
71 0.1616 0.3503 0.1019 0.3503 0.0318 0.0041
72 0.1144 0.4670 0.2661 0.1180 0.0224 0.0122
73 0.1571 0.7266 0.0665 0.0351 0.0131 0.0019
74 0.1688 0.1514 0.2656 0.3010 0.0836 0.0298
75 0.5542 0.1915 0.1423 0.0850 0.0104 0.0164
76 0.3445 0.2073 0.0799 0.1993 0.0979 0.0711
77 0.2223 0.2539 0.0292 0.1338 0.3469 0.0138
78 0.0392 0.2329 0.3086 0.3335 0.0330 0.0528
79 0.1285 0.1246 0.2722 0.4282 0.0238 0.0227
80 0.1995 0.7236 0.0222 0.0178 0.0323 0.0045
81 0.6021 0.1396 0.0730 0.0367 0.1418 0.0068
82 0.4453 0.2239 0.1539 0.1515 0.0111 0.0143
83 0.5742 0.1185 0.1779 0.1104 0.0079 0.0113
84 0.1433 0.6787 0.0398 0.1143 0.0133 0.0106
85 0.2605 0.1342 0.0288 0.1053 0.4644 0.0068
86 0.0952 0.1364 0.1953 0.5146 0.0149 0.0436
87 0.2898 0.1083 0.2365 0.3386 0.0103 0.0165
88 0.3362 0.4182 0.0627 0.0532 0.1217 0.0080
89 0.0872 0.0872 0.0988 0.6338 0.0504 0.0425
90 0.2322 0.2844 0.2322 0.2081 0.0206 0.0226
91 0.0865 0.2465 0.3115 0.2927 0.0281 0.0347
92 0.3643 0.3586 0.1483 0.1068 0.0172 0.0048
93 0.2839 0.0239 0.0501 0.5063 0.0880 0.0478
94 0.5073 0.0365 0.0443 0.3076 0.0797 0.0245
95 0.2111 0.2078 0.3535 0.1982 0.0168 0.0126
96 0.4370 0.2163 0.2778 0.0538 0.0086 0.0065
97 0.2739 0.3057 0.0507 0.2739 0.0760 0.0197
98 0.2864 0.2607 0.3855 0.0610 0.0054 0.0010
99 0.3245 0.1848 0.1231 0.1805 0.1696 0.0175
100 0.4912 0.2651 0.0433 0.0796 0.1167 0.0041
101 0.7539 0.0922 0.0148 0.0399 0.0853 0.0140
102 0.3923 0.1661 0.1687 0.0896 0.1741 0.0093
103 0.2993 0.3611 0.1437 0.1404 0.0529 0.0026
104 0.7026 0.0853 0.0347 0.1013 0.0659 0.0100
105 0.7539 0.0922 0.0355 0.0634 0.0464 0.0088
106 0.5288 0.0458 0.1946 0.1469 0.0078 0.0762
107 0.4084 0.4116 0.0612 0.0540 0.0636 0.0013
108 0.3176 0.3328 0.0522 0.1768 0.1064 0.0144
109 0.5347 0.1112 0.1290 0.2062 0.0048 0.0139
110 0.1992 0.2854 0.1504 0.2639 0.0898 0.0116
111 0.7173 0.2170 0.0163 0.0111 0.0380 0.0004
112 0.6094 0.1858 0.1459 0.0500 0.0071 0.0021
113 0.3347 0.1509 0.3735 0.0820 0.0439 0.0148
114 0.4343 0.3955 0.0731 0.0816 0.0145 0.0010
115 0.3811 0.3015 0.2139 0.0781 0.0080 0.0174
116 0.7749 0.0317 0.0296 0.1411 0.0056 0.0173
117 0.5361 0.1942 0.0961 0.0848 0.0829 0.0057
118 0.3523 0.2072 0.1412 0.1588 0.1180 0.0224
119 0.5054 0.0871 0.2386 0.1288 0.0387 0.0015
120 0.6289 0.1076 0.1707 0.0728 0.0142 0.0059
121 0.3208 0.1857 0.2008 0.2072 0.0762 0.0092
122 0.3503 0.2352 0.2729 0.0973 0.0384 0.0056
123 0.2003 0.1421 0.1047 0.2512 0.2937 0.0078
124 0.4519 0.1943 0.0721 0.2185 0.0491 0.0141
125 0.4011 0.0245 0.0193 0.4336 0.0953 0.0262
126 0.4446 0.0641 0.1742 0.2307 0.0767 0.0098
127 0.2152 0.0616 0.0414 0.3333 0.3384 0.0101
128 0.8198 0.0956 0.0512 0.0194 0.0126 0.0012
129 0.2316 0.4790 0.0996 0.1694 0.0161 0.0043
130 0.4160 0.2644 0.2903 0.0189 0.0045 0.0060
131 0.4004 0.0674 0.1362 0.2317 0.1520 0.0125
132 0.2766 0.0844 0.1504 0.2366 0.2404 0.0118
133 0.3091 0.2091 0.1371 0.2445 0.0151 0.0851
134 0.2201 0.0307 0.2827 0.3745 0.0271 0.0651
135 0.3875 0.4460 0.0812 0.0431 0.0378 0.0045
136 0.1594 0.6606 0.0975 0.0241 0.0569 0.0013
137 0.2908 0.4099 0.0776 0.1290 0.0900 0.0028
138 0.2239 0.4814 0.1001 0.0607 0.1326 0.0014
139 0.5039 0.2380 0.1400 0.0933 0.0188 0.0059
140 0.4758 0.2754 0.1166 0.0952 0.0314 0.0058
141 0.2529 0.4043 0.2913 0.0447 0.0036 0.0031
142 0.3340 0.2947 0.2295 0.1136 0.0100 0.0181
143 0.3755 0.0722 0.1516 0.3162 0.0516 0.0331
144 0.4504 0.2449 0.1395 0.1290 0.0206 0.0155
145 0.0989 0.5918 0.1951 0.0297 0.0807 0.0039
146 0.4641 0.1519 0.2227 0.0813 0.0770 0.0032
147 0.0994 0.2578 0.2205 0.3362 0.0519 0.0343
148 0.5903 0.1238 0.0421 0.0739 0.1577 0.0120
149 0.1895 0.0719 0.1954 0.4543 0.0362 0.0526
150 0.2710 0.1804 0.2976 0.2317 0.0112 0.0082
151 0.1908 0.1213 0.1820 0.4722 0.0114 0.0224
152 0.0999 0.1956 0.3889 0.2673 0.0343 0.0138
153 0.2384 0.4893 0.1704 0.0395 0.0448 0.0177
154 0.4058 0.3872 0.0768 0.0399 0.0805 0.0098
155 0.4312 0.4050 0.0325 0.0371 0.0804 0.0136
156 0.1753 0.1808 0.5151 0.1080 0.0144 0.0064
157 0.2334 0.1508 0.4033 0.1906 0.0128 0.0092
158 0.2373 0.1174 0.3911 0.1998 0.0050 0.0493
159 0.1504 0.3782 0.3337 0.1100 0.0246 0.0032
160 0.5752 0.1421 0.1399 0.1064 0.0332 0.0034
161 0.6641 0.1963 0.0892 0.0255 0.0183 0.0067
162 0.7178 0.1505 0.0781 0.0231 0.0251 0.0053
163 0.3376 0.1014 0.4543 0.0778 0.0243 0.0046
164 0.2059 0.1788 0.3447 0.2227 0.0040 0.0438
165 0.4526 0.1317 0.2788 0.1162 0.0119 0.0088
166 0.3840 0.1190 0.4026 0.0683 0.0151 0.0110
167 0.2649 0.3123 0.3220 0.0691 0.0290 0.0027
168 0.3274 0.1780 0.2549 0.2147 0.0112 0.0138
169 0.3135 0.1962 0.2639 0.1786 0.0140 0.0338
170 0.1559 0.0388 0.1293 0.6362 0.0170 0.0228
171 0.2465 0.0576 0.1449 0.5137 0.0122 0.0254
172 0.3582 0.1075 0.3391 0.0831 0.1067 0.0057
173 0.3542 0.1971 0.2869 0.0742 0.0828 0.0049
174 0.3506 0.1580 0.2585 0.1580 0.0696 0.0055
175 0.3394 0.2603 0.1803 0.1393 0.0746 0.0061
176 0.1827 0.4087 0.2222 0.1412 0.0386 0.0067
177 0.1631 0.2688 0.2449 0.2908 0.0302 0.0023
178 0.3245 0.1251 0.2910 0.2338 0.0160 0.0097
179 0.3591 0.1271 0.2014 0.2842 0.0179 0.0103
180 0.4919 0.2847 0.1031 0.0709 0.0417 0.0078
181 0.3604 0.2382 0.1526 0.1108 0.1295 0.0085
182 0.1511 0.4172 0.0760 0.2532 0.0760 0.0265
183 0.1637 0.1490 0.1914 0.4739 0.0107 0.0113
184 0.2043 0.0851 0.3264 0.3530 0.0076 0.0235
185 0.2231 0.2338 0.2063 0.3098 0.0103 0.0167
186 0.1411 0.0308 0.0842 0.6836 0.0241 0.0359
187 0.0834 0.1122 0.2864 0.4368 0.0538 0.0275
188 0.0945 0.0243 0.0848 0.7437 0.0150 0.0376
189 0.1254 0.0221 0.0875 0.6885 0.0211 0.0556
190 0.3550 0.0455 0.0441 0.4929 0.0274 0.0352
191 0.5718 0.0744 0.1600 0.1650 0.0245 0.0044
192 0.6123 0.0835 0.0293 0.2512 0.0103 0.0134
193 0.3389 0.0333 0.1931 0.4089 0.0080 0.0177
194 0.6074 0.0910 0.2131 0.0650 0.0194 0.0042
195 0.7324 0.0754 0.0351 0.1283 0.0275 0.0011
196 0.1952 0.0356 0.2247 0.5225 0.0100 0.0119
197 0.1523 0.0552 0.1754 0.5576 0.0465 0.0131
198 0.5083 0.2021 0.1869 0.0849 0.0141 0.0039
199 0.8003 0.1010 0.0231 0.0368 0.0328 0.0063
200 0.1342 0.0880 0.2355 0.5142 0.0075 0.0206
201 0.1346 0.0108 0.0616 0.7163 0.0340 0.0424
202 0.0733 0.0080 0.0155 0.8389 0.0097 0.0545
203 0.6187 0.2189 0.0825 0.0589 0.0185 0.0025
204 0.6733 0.2382 0.0232 0.0392 0.0255 0.0008
205 0.5312 0.2197 0.1079 0.0719 0.0645 0.0050
206 0.1257 0.0775 0.3064 0.4321 0.0238 0.0344
207 0.5703 0.0895 0.0841 0.2286 0.0167 0.0105
208 0.8418 0.0795 0.0117 0.0534 0.0125 0.0008
209 0.6831 0.1377 0.0869 0.0720 0.0152 0.0053
210 0.7266 0.0556 0.1344 0.0620 0.0179 0.0036
211 0.3970 0.1604 0.2297 0.1721 0.0352 0.0055
212 0.1931 0.0266 0.1481 0.5674 0.0411 0.0236
213 0.6475 0.2383 0.0125 0.0548 0.0448 0.0019
214 0.1918 0.2581 0.2925 0.1979 0.0316 0.0281
215 0.2585 0.2817 0.1260 0.3193 0.0131 0.0013
216 0.5381 0.3066 0.1052 0.0355 0.0141 0.0003
217 0.3875 0.1844 0.2747 0.1219 0.0219 0.0096
218 0.5083 0.3411 0.0552 0.0469 0.0310 0.0177
219 0.7070 0.0623 0.0485 0.1415 0.0363 0.0042
220 0.5732 0.1129 0.0729 0.2125 0.0217 0.0067
221 0.5972 0.0494 0.0861 0.2163 0.0136 0.0373
222 0.6504 0.1998 0.0753 0.0439 0.0273 0.0034
223 0.5078 0.1525 0.0325 0.2068 0.0977 0.0025
224 0.3674 0.0435 0.1310 0.4099 0.0196 0.0283
225 0.3137 0.0292 0.0762 0.5254 0.0234 0.0323
226 0.1320 0.0143 0.0728 0.7471 0.0049 0.0287
227 0.3354 0.0259 0.0491 0.5278 0.0145 0.0476
228 0.4050 0.1198 0.0709 0.3689 0.0178 0.0177
229 0.4216 0.1390 0.0884 0.3132 0.0274 0.0103
230 0.5903 0.0617 0.0371 0.2661 0.0392 0.0056
231 0.1136 0.1553 0.1349 0.1288 0.0181 0.4492
232 0.1136 0.1553 0.1349 0.1288 0.0181 0.4492
233 0.7095 0.1766 0.0250 0.0089 0.0759 0.0040
234 0.7129 0.1747 0.0248 0.0084 0.0751 0.0038
235 0.7109 0.1770 0.0247 0.0084 0.0750 0.0038
236 0.7124 0.1747 0.0250 0.0088 0.0751 0.0040
237 0.6543 0.2686 0.0336 0.0049 0.0347 0.0041
238 0.1136 0.1553 0.1349 0.1288 0.0181 0.4492
