time exciting_prob fearful_prob tense_prob sad_prob relaxing_prob neutral_prob
0 0.1136 0.1553 0.1349 0.1288 0.0181 0.4492
1 0.1875 0.2563 0.3044 0.0886 0.1351 0.0281
2 0.1808 0.3076 0.2981 0.0923 0.0999 0.0213
3 0.1837 0.2434 0.2937 0.1323 0.1097 0.0370
4 0.2185 0.2255 0.3384 0.0773 0.1024 0.0380
5 0.1989 0.0269 0.2893 0.1410 0.3228 0.0213
6 0.1018 0.1190 0.2725 0.1307 0.3391 0.0371
7 0.0997 0.1697 0.4399 0.0361 0.2319 0.0226
8 0.1466 0.0392 0.1421 0.2615 0.0184 0.3923
9 0.1186 0.0983 0.3274 0.0510 0.3828 0.0219
10 0.0994 0.0811 0.3013 0.0683 0.4248 0.0251
11 0.1135 0.0831 0.2944 0.0536 0.4419 0.0134
12 0.0764 0.2883 0.4194 0.1061 0.0922 0.0175
13 0.0529 0.2974 0.3264 0.2209 0.0865 0.0160
14 0.0550 0.2837 0.3643 0.2108 0.0706 0.0159
15 0.2095 0.3564 0.1779 0.0990 0.1429 0.0144
16 0.2025 0.3445 0.1553 0.0906 0.1993 0.0079
17 0.0477 0.0683 0.4968 0.0158 0.3208 0.0508
18 0.1390 0.2556 0.0677 0.0458 0.4851 0.0068
19 0.1819 0.0886 0.3142 0.3191 0.0586 0.0375
20 0.1279 0.0614 0.1952 0.4468 0.1321 0.0367
21 0.0394 0.0772 0.2571 0.5796 0.0089 0.0376
22 0.3081 0.0698 0.1478 0.3035 0.1433 0.0274
23 0.0836 0.0891 0.6577 0.1198 0.0069 0.0427
24 0.3489 0.2915 0.1107 0.1244 0.1187 0.0059
25 0.1573 0.0607 0.5083 0.1284 0.0570 0.0883
26 0.0738 0.2273 0.6377 0.0441 0.0099 0.0073
27 0.1597 0.1263 0.3125 0.3328 0.0430 0.0257
28 0.1415 0.1483 0.3557 0.2771 0.0363 0.0409
29 0.2756 0.2357 0.3271 0.0847 0.0736 0.0034
30 0.0716 0.1827 0.6084 0.0933 0.0036 0.0401
31 0.1131 0.1571 0.3074 0.2671 0.0385 0.1167
32 0.1365 0.1476 0.2358 0.3950 0.0356 0.0494
33 0.0714 0.5527 0.0714 0.2651 0.0164 0.0232
34 0.0417 0.4482 0.3127 0.1782 0.0083 0.0107
35 0.0337 0.3293 0.4573 0.1484 0.0096 0.0214
36 0.0789 0.4683 0.4067 0.0345 0.0020 0.0097
37 0.1333 0.6460 0.1940 0.0218 0.0022 0.0025
38 0.3450 0.1036 0.3789 0.0928 0.0059 0.0740
39 0.1122 0.4043 0.3149 0.1442 0.0061 0.0183
40 0.3398 0.2605 0.2524 0.1183 0.0199 0.0088
41 0.1526 0.3035 0.3081 0.1840 0.0142 0.0377
42 0.2084 0.2117 0.4048 0.1443 0.0253 0.0056
43 0.2113 0.1054 0.4136 0.2510 0.0140 0.0046
44 0.1394 0.3909 0.4226 0.0412 0.0039 0.0020
45 0.7075 0.0674 0.1483 0.0467 0.0142 0.0159
46 0.6001 0.1415 0.1760 0.0585 0.0091 0.0147
47 0.3250 0.2269 0.2869 0.1123 0.0282 0.0208
48 0.2314 0.2314 0.4900 0.0120 0.0176 0.0177
49 0.2122 0.1154 0.2223 0.0956 0.0459 0.3086
50 0.1880 0.1938 0.1969 0.2064 0.0410 0.1738
51 0.2490 0.2097 0.3738 0.0754 0.0178 0.0742
52 0.1677 0.2328 0.2328 0.2153 0.0431 0.1083
53 0.1541 0.2705 0.4255 0.1298 0.0148 0.0054
54 0.3105 0.0918 0.5200 0.0303 0.0013 0.0461
55 0.0920 0.3420 0.4390 0.0995 0.0076 0.0199
56 0.0888 0.4172 0.4172 0.0681 0.0030 0.0058
57 0.0645 0.3330 0.4275 0.1622 0.0099 0.0029
58 0.0409 0.6865 0.2487 0.0209 0.0029 0.0001
59 0.0474 0.2123 0.4937 0.2296 0.0077 0.0095
60 0.0675 0.1113 0.5562 0.2469 0.0103 0.0077
61 0.4282 0.1135 0.3181 0.1025 0.0366 0.0010
62 0.3979 0.1376 0.3098 0.1006 0.0534 0.0006
63 0.4297 0.0406 0.1792 0.2908 0.0568 0.0028
64 0.1272 0.0307 0.5610 0.2001 0.0771 0.0041
65 0.0649 0.1005 0.1820 0.6157 0.0339 0.0029
66 0.2749 0.1404 0.3877 0.1667 0.0292 0.0011
67 0.2622 0.0497 0.3162 0.3262 0.0415 0.0042
68 0.1644 0.1112 0.3479 0.3425 0.0319 0.0019
69 0.2615 0.1538 0.4736 0.1001 0.0084 0.0025
70 0.2317 0.2013 0.1832 0.2883 0.0643 0.0311
71 0.2520 0.0366 0.2993 0.3499 0.0481 0.0141
72 0.1247 0.0418 0.3337 0.4634 0.0336 0.0030
73 0.2404 0.0408 0.1552 0.5249 0.0272 0.0114
74 0.1333 0.1685 0.4509 0.1375 0.0960 0.0139
75 0.1779 0.2549 0.4685 0.0808 0.0153 0.0026
76 0.1661 0.0414 0.3987 0.3408 0.0461 0.0069
77 0.2188 0.0824 0.2944 0.3496 0.0520 0.0030
78 0.1203 0.0334 0.2356 0.5308 0.0101 0.0696
79 0.0775 0.1181 0.1829 0.4121 0.1257 0.0837
80 0.5020 0.1035 0.2262 0.0173 0.1460 0.0053
81 0.2695 0.1089 0.2166 0.2131 0.1196 0.0725
82 0.4148 0.0779 0.0476 0.0925 0.3494 0.0178
83 0.3833 0.0693 0.1294 0.1455 0.2554 0.0172
84 0.1362 0.0789 0.5518 0.1450 0.0764 0.0119
85 0.3369 0.0497 0.0537 0.0290 0.5137 0.0166
86 0.3975 0.0901 0.0908 0.0649 0.3508 0.0059
87 0.2642 0.0405 0.2683 0.1705 0.1843 0.0722
88 0.4106 0.2610 0.1970 0.0560 0.0708 0.0046
89 0.1312 0.2000 0.5972 0.0475 0.0153 0.0089
90 0.4873 0.1311 0.0997 0.0634 0.2179 0.0006
91 0.8013 0.0603 0.0648 0.0065 0.0668 0.0006
92 0.7856 0.0796 0.0606 0.0070 0.0670 0.0002
93 0.2083 0.0385 0.1187 0.1956 0.2937 0.1454
94 0.1858 0.0524 0.1238 0.2206 0.3752 0.0421
95 0.1028 0.0624 0.3762 0.3704 0.0378 0.0501
96 0.3889 0.0854 0.2472 0.1865 0.0841 0.0079
97 0.2124 0.0287 0.1210 0.0658 0.5596 0.0123
98 0.2250 0.0245 0.2285 0.2147 0.2800 0.0273
99 0.2876 0.1199 0.2517 0.1564 0.1481 0.0363
100 0.2317 0.0482 0.3762 0.0936 0.2281 0.0222
101 0.4297 0.0901 0.1013 0.0201 0.3562 0.0026
102 0.1692 0.3582 0.1360 0.0912 0.2423 0.0031
103 0.1715 0.4180 0.0970 0.0519 0.2595 0.0020
104 0.2279 0.0517 0.3215 0.1240 0.2666 0.0084
105 0.0741 0.0266 0.1724 0.0334 0.6924 0.0013
106 0.4829 0.0833 0.2111 0.0161 0.2045 0.0020
107 0.2654 0.3250 0.3569 0.0161 0.0348 0.0019
108 0.3523 0.0971 0.1306 0.0287 0.3870 0.0041
109 0.5200 0.2118 0.1160 0.0552 0.0925 0.0043
110 0.1770 0.1538 0.1885 0.1198 0.3413 0.0197
111 0.1183 0.0723 0.0872 0.0283 0.6914 0.0023
112 0.1122 0.0809 0.4653 0.2490 0.0601 0.0324
113 0.0786 0.0566 0.2136 0.3750 0.2700 0.0062
114 0.2764 0.0322 0.2477 0.2595 0.1134 0.0709
115 0.1135 0.0231 0.1479 0.6528 0.0144 0.0480
116 0.1080 0.1132 0.2435 0.1781 0.3489 0.0083
117 0.1802 0.0711 0.2664 0.1076 0.3640 0.0106
118 0.2615 0.1024 0.2308 0.0977 0.2964 0.0112
119 0.0684 0.0165 0.0613 0.0415 0.8076 0.0047
120 0.1770 0.0357 0.1207 0.0434 0.6133 0.0099
121 0.2932 0.0922 0.2932 0.0614 0.2393 0.0209
122 0.0549 0.1993 0.2944 0.0898 0.3442 0.0171
123 0.3225 0.0953 0.3125 0.1080 0.0708 0.0909
124 0.2051 0.1225 0.4080 0.1263 0.0465 0.0917
125 0.3354 0.0322 0.4177 0.1039 0.0836 0.0271
126 0.1531 0.0813 0.2644 0.1508 0.3345 0.0160
127 0.3340 0.1019 0.2444 0.1003 0.2042 0.0153
128 0.2607 0.1157 0.4365 0.1486 0.0228 0.0158
129 0.2025 0.1190 0.2190 0.0949 0.3418 0.0229
130 0.2424 0.0906 0.3262 0.0964 0.2242 0.0202
131 0.2637 0.1152 0.2556 0.2515 0.0897 0.0245
132 0.2450 0.1440 0.3511 0.1793 0.0753 0.0053
133 0.1996 0.2949 0.3342 0.0858 0.0576 0.0279
134 0.3953 0.0939 0.1243 0.1409 0.2115 0.0343
135 0.1292 0.2649 0.4507 0.1271 0.0111 0.0171
136 0.5088 0.2137 0.1758 0.0603 0.0360 0.0054
137 0.2725 0.0818 0.2089 0.3040 0.0473 0.0857
138 0.2815 0.2244 0.3091 0.0892 0.0906 0.0053
139 0.1573 0.1081 0.2474 0.2289 0.2117 0.0465
140 0.3943 0.3269 0.1750 0.0644 0.0345 0.0049
141 0.1204 0.0237 0.0719 0.6113 0.0079 0.1646
142 0.5059 0.0839 0.2076 0.0788 0.1111 0.0128
143 0.1792 0.2336 0.2690 0.0847 0.2301 0.0034
144 0.0627 0.3784 0.3555 0.1328 0.0648 0.0057
145 0.2212 0.0605 0.2585 0.4131 0.0409 0.0058
146 0.2053 0.0829 0.4414 0.1549 0.0636 0.0519
147 0.1037 0.2179 0.5742 0.0789 0.0117 0.0137
148 0.1305 0.2118 0.4924 0.1065 0.0565 0.0023
149 0.1898 0.5493 0.2362 0.0096 0.0140 0.0011
150 0.1624 0.1133 0.4626 0.1675 0.0791 0.0151
151 0.1624 0.0325 0.3438 0.2986 0.1598 0.0031
152 0.0360 0.0972 0.2405 0.3843 0.2405 0.0013
153 0.1277 0.2832 0.5547 0.0194 0.0144 0.0008
154 0.0641 0.0253 0.1600 0.6533 0.0934 0.0039
155 0.1026 0.0240 0.0751 0.6094 0.0091 0.1801
156 0.2661 0.1772 0.3994 0.1257 0.0264 0.0050
157 0.1565 0.1470 0.4529 0.2074 0.0278 0.0084
158 0.3662 0.1469 0.2786 0.1041 0.1025 0.0015
159 0.2089 0.0920 0.1349 0.4744 0.0799 0.0099
160 0.2494 0.3408 0.3462 0.0278 0.0296 0.0062
161 0.1665 0.2312 0.3638 0.1493 0.0240 0.0652
162 0.0862 0.5361 0.3008 0.0583 0.0139 0.0044
163 0.0914 0.1803 0.5820 0.1068 0.0290 0.0104
164 0.0709 0.2400 0.3660 0.2849 0.0119 0.0265
165 0.0655 0.2472 0.4766 0.1925 0.0121 0.0060
166 0.1635 0.0178 0.4241 0.0703 0.2825 0.0420
167 0.1555 0.0723 0.4431 0.1630 0.1484 0.0177
168 0.0966 0.5732 0.3115 0.0123 0.0050 0.0015
169 0.1245 0.0940 0.3384 0.4211 0.0155 0.0063
170 0.1935 0.2059 0.2334 0.3188 0.0189 0.0294
171 0.1747 0.1802 0.3237 0.2727 0.0390 0.0096
172 0.1395 0.0680 0.3047 0.4646 0.0167 0.0065
173 0.0732 0.3035 0.4924 0.0732 0.0308 0.0269
174 0.0992 0.0903 0.3862 0.3745 0.0108 0.0388
175 0.2537 0.0612 0.2537 0.2830 0.0584 0.0904
176 0.1810 0.1432 0.2893 0.3657 0.0128 0.0078
177 0.0805 0.1481 0.1327 0.5767 0.0234 0.0386
178 0.2457 0.1422 0.3411 0.1826 0.0612 0.0273
179 0.2163 0.2451 0.4370 0.0753 0.0190 0.0072
180 0.1542 0.1830 0.4321 0.1382 0.0740 0.0186
181 0.1213 0.2230 0.5967 0.0429 0.0136 0.0023
182 0.0933 0.2615 0.5200 0.1125 0.0073 0.0051
183 0.0756 0.2220 0.5581 0.1245 0.0140 0.0058
184 0.1388 0.1225 0.2361 0.2218 0.1897 0.0910
185 0.2316 0.2727 0.2949 0.1554 0.0201 0.0252
186 0.1118 0.2258 0.3135 0.2683 0.0374 0.0431
187 0.2440 0.3665 0.1758 0.1552 0.0246 0.0341
188 0.1422 0.5283 0.2827 0.0322 0.0067 0.0077
189 0.1154 0.1787 0.3088 0.3555 0.0235 0.0180
190 0.1237 0.1469 0.6182 0.0864 0.0147 0.0102
191 0.1032 0.1840 0.5664 0.1265 0.0109 0.0090
192 0.0436 0.1241 0.5229 0.0273 0.0502 0.2319
193 0.1458 0.1002 0.1625 0.5005 0.0657 0.0253
194 0.0881 0.2981 0.3325 0.0433 0.2322 0.0058
195 0.0986 0.0308 0.3782 0.0147 0.4089 0.0688
196 0.0765 0.0436 0.2886 0.5225 0.0118 0.0568
197 0.0629 0.0475 0.1967 0.4229 0.1907 0.0795
198 0.0906 0.0493 0.1980 0.4976 0.0264 0.1382
199 0.2170 0.2460 0.2661 0.2311 0.0266 0.0132
200 0.1644 0.0894 0.5649 0.0486 0.1241 0.0087
201 0.3755 0.1426 0.2622 0.0913 0.0734 0.0550
202 0.0842 0.2289 0.1169 0.4480 0.0236 0.0984
203 0.1323 0.1752 0.4336 0.1924 0.0464 0.0200
204 0.3074 0.0244 0.1261 0.4614 0.0329 0.0479
205 0.7871 0.0160 0.0767 0.0876 0.0310 0.0018
206 0.2537 0.1915 0.4250 0.1058 0.0148 0.0092
207 0.3030 0.1897 0.3489 0.1047 0.0379 0.0158
208 0.1754 0.2288 0.3655 0.1477 0.0709 0.0117
209 0.1615 0.0950 0.3584 0.2388 0.1043 0.0421
210 0.2308 0.0773 0.4050 0.1688 0.1057 0.0123
211 0.5942 0.0190 0.1188 0.2185 0.0211 0.0284
212 0.1874 0.0255 0.1019 0.5591 0.0571 0.0689
213 0.1263 0.0511 0.2324 0.4275 0.0345 0.1283
214 0.1976 0.0963 0.5127 0.1359 0.0448 0.0126
215 0.4673 0.0252 0.1382 0.1948 0.0652 0.1093
216 0.3328 0.0655 0.1283 0.2472 0.2050 0.0214
217 0.3027 0.2629 0.2249 0.1204 0.0713 0.0179
218 0.2428 0.0576 0.2583 0.3423 0.0634 0.0355
219 0.1835 0.1451 0.4541 0.1750 0.0345 0.0080
220 0.1268 0.0294 0.1173 0.5259 0.0190 0.1816
221 0.2598 0.2023 0.2517 0.1827 0.0444 0.0589
222 0.4060 0.2878 0.1759 0.0594 0.0700 0.0010
223 0.4031 0.2622 0.1859 0.0781 0.0700 0.0007
224 0.2429 0.1805 0.3118 0.1405 0.1028 0.0214
225 0.2155 0.0402 0.2559 0.0912 0.3901 0.0074
226 0.2101 0.0661 0.1586 0.4734 0.0592 0.0327
227 0.2725 0.1136 0.2190 0.2856 0.0474 0.0618
228 0.4492 0.0831 0.1993 0.1528 0.1127 0.0030
229 0.4551 0.0651 0.2051 0.1714 0.1015 0.0020
230 0.4600 0.0296 0.2791 0.1948 0.0306 0.0058
231 0.1553 0.1844 0.2332 0.2260 0.0723 0.1288
232 0.0971 0.1412 0.5762 0.1066 0.0150 0.0637
233 0.3159 0.1771 0.2920 0.1256 0.0824 0.0069
234 0.5967 0.1037 0.1937 0.0605 0.0334 0.0122
235 0.4033 0.0859 0.3142 0.1394 0.0478 0.0094
236 0.2155 0.4780 0.1553 0.1392 0.0065 0.0055
237 0.0867 0.6821 0.1646 0.0502 0.0072 0.0091
238 0.7212 0.0565 0.0440 0.0197 0.1584 0.0004
239 0.8022 0.0415 0.0460 0.0219 0.0879 0.0005
240 0.2271 0.0343 0.3252 0.3743 0.0348 0.0042
241 0.1061 0.4163 0.3789 0.0490 0.0264 0.0235
242 0.4229 0.3345 0.1556 0.0723 0.0086 0.0060
243 0.2205 0.0864 0.4595 0.1946 0.0218 0.0173
244 0.6655 0.0747 0.1619 0.0634 0.0337 0.0007
245 0.4353 0.0927 0.3496 0.1066 0.0129 0.0028
246 0.3262 0.1277 0.3582 0.1614 0.0112 0.0155
247 0.2822 0.0771 0.4800 0.1272 0.0218 0.0119
248 0.4583 0.0535 0.3076 0.0841 0.0961 0.0005
249 0.2825 0.0476 0.5361 0.0760 0.0376 0.0205
250 0.3101 0.0931 0.4441 0.0967 0.0471 0.0091
251 0.3960 0.1703 0.2186 0.1227 0.0131 0.0792
252 0.3489 0.1838 0.2717 0.1548 0.0247 0.0159
253 0.2041 0.1403 0.4529 0.1615 0.0290 0.0122
254 0.2642 0.1482 0.3501 0.1788 0.0212 0.0375
255 0.1880 0.3918 0.1464 0.2377 0.0147 0.0214
256 0.2979 0.4333 0.2047 0.0331 0.0262 0.0047
257 0.3350 0.2910 0.1836 0.1375 0.0397 0.0132
258 0.2190 0.5591 0.1844 0.0183 0.0126 0.0064
259 0.0475 0.5967 0.2062 0.1439 0.0025 0.0032
260 0.1555 0.2485 0.1004 0.2817 0.0403 0.1736
