time exciting_prob fearful_prob tense_prob sad_prob relaxing_prob neutral_prob
0 0.1136 0.1553 0.1349 0.1288 0.0181 0.4492
1 0.0786 0.0978 0.3389 0.2681 0.0732 0.1434
2 0.0609 0.0439 0.3450 0.2522 0.1192 0.1790
3 0.2137 0.2703 0.3608 0.0850 0.0662 0.0039
4 0.1952 0.0634 0.3218 0.2839 0.1202 0.0153
5 0.4858 0.2482 0.1339 0.0130 0.1182 0.0009
6 0.6084 0.2103 0.0786 0.0118 0.0898 0.0009
7 0.4084 0.3206 0.1899 0.0377 0.0421 0.0014
8 0.0519 0.0528 0.3960 0.4216 0.0079 0.0699
9 0.0197 0.0773 0.0791 0.0437 0.7681 0.0122
10 0.3640 0.0278 0.0728 0.2664 0.1733 0.0957
11 0.1068 0.1790 0.3315 0.3164 0.0283 0.0378
12 0.1840 0.1284 0.0903 0.4482 0.0434 0.1057
13 0.0042 0.0113 0.0079 0.0193 0.9502 0.0070
14 0.1162 0.1017 0.2104 0.0780 0.0042 0.4893
15 0.0574 0.0692 0.0592 0.0494 0.7153 0.0494
16 0.0652 0.0594 0.5054 0.3367 0.0110 0.0222
17 0.1311 0.0860 0.2820 0.4299 0.0248 0.0460
18 0.0269 0.3574 0.2135 0.3806 0.0087 0.0129
19 0.1427 0.2998 0.1981 0.2280 0.1279 0.0036
20 0.1036 0.0814 0.1631 0.3047 0.1967 0.1508
21 0.0623 0.4717 0.1847 0.1061 0.1508 0.0246
22 0.0532 0.3386 0.5166 0.0804 0.0089 0.0022
23 0.2993 0.0668 0.1084 0.0618 0.4565 0.0072
24 0.2208 0.0663 0.0740 0.0529 0.5820 0.0042
25 0.1198 0.5762 0.0693 0.2119 0.0118 0.0109
26 0.0040 0.0103 0.0040 0.0073 0.9727 0.0018
27 0.0052 0.0134 0.0115 0.0116 0.9531 0.0050
28 0.0712 0.0872 0.1138 0.3911 0.1763 0.1605
29 0.1804 0.1310 0.0712 0.3093 0.2317 0.0764
30 0.0938 0.2844 0.0802 0.4204 0.0945 0.0267
31 0.0663 0.0603 0.1719 0.3262 0.3367 0.0387
32 0.1243 0.0924 0.3921 0.2114 0.1224 0.0574
33 0.3682 0.1097 0.0874 0.1030 0.2693 0.0625
34 0.0249 0.1409 0.4692 0.1571 0.1986 0.0094
35 0.0378 0.1666 0.2314 0.2881 0.2350 0.0412
36 0.0660 0.3979 0.1534 0.3623 0.0109 0.0094
37 0.0698 0.4443 0.2234 0.2166 0.0228 0.0230
38 0.0147 0.0217 0.0072 0.0125 0.9385 0.0052
39 0.0375 0.0637 0.0299 0.0408 0.8076 0.0205
40 0.0296 0.1134 0.0963 0.6084 0.0335 0.1188
41 0.0710 0.2988 0.1870 0.1434 0.2942 0.0055
42 0.1020 0.1920 0.4397 0.1300 0.0044 0.1320
43 0.0493 0.0187 0.4751 0.0604 0.0378 0.3586
44 0.0900 0.1556 0.1351 0.0669 0.5518 0.0006
45 0.2244 0.4460 0.2407 0.0313 0.0504 0.0071
46 0.0361 0.0819 0.3069 0.4751 0.0872 0.0128
47 0.0406 0.0670 0.3398 0.4099 0.0467 0.0959
48 0.0568 0.2488 0.1087 0.4946 0.0718 0.0192
49 0.0931 0.3223 0.5112 0.0423 0.0175 0.0137
50 0.1431 0.3379 0.1072 0.1387 0.2571 0.0162
51 0.0978 0.4348 0.3606 0.0626 0.0320 0.0121
52 0.0682 0.0544 0.0102 0.0241 0.8311 0.0120
53 0.3154 0.3806 0.0823 0.1433 0.0693 0.0090
54 0.0589 0.0589 0.2366 0.0768 0.1600 0.4087
55 0.0574 0.3459 0.1559 0.3740 0.0152 0.0514
56 0.3889 0.2452 0.0867 0.1738 0.0960 0.0093
57 0.1493 0.1458 0.5811 0.0622 0.0594 0.0023
58 0.0471 0.8281 0.0764 0.0367 0.0103 0.0016
59 0.1279 0.0336 0.6445 0.1146 0.0372 0.0422
60 0.1306 0.4932 0.0786 0.1665 0.1190 0.0121
61 0.2040 0.3994 0.0399 0.1902 0.1504 0.0162
62 0.1047 0.2019 0.2803 0.3628 0.0251 0.0251
63 0.1122 0.2800 0.1476 0.2490 0.1940 0.0171
64 0.1406 0.2247 0.0930 0.3823 0.1451 0.0141
65 0.1320 0.5298 0.0825 0.1628 0.0839 0.0090
66 0.3755 0.3040 0.0668 0.1517 0.0418 0.0603
67 0.0883 0.0969 0.1305 0.4624 0.0291 0.1927
68 0.0281 0.0464 0.1014 0.7036 0.0160 0.1046
69 0.2435 0.1304 0.4768 0.1168 0.0249 0.0076
70 0.1310 0.0880 0.2817 0.0958 0.3477 0.0559
71 0.1345 0.1973 0.2612 0.1443 0.2271 0.0356
72 0.4851 0.0986 0.0140 0.2310 0.1337 0.0377
73 0.2133 0.0917 0.0302 0.3713 0.2397 0.0535
74 0.1350 0.0711 0.0311 0.6855 0.0497 0.0276
75 0.2319 0.2179 0.4265 0.0952 0.0198 0.0085
76 0.0447 0.1514 0.5625 0.2168 0.0060 0.0188
77 0.1729 0.5283 0.1676 0.1074 0.0200 0.0038
78 0.3779 0.1842 0.0330 0.3086 0.0652 0.0310
79 0.2211 0.1331 0.1776 0.4065 0.0521 0.0097
80 0.0649 0.2393 0.2842 0.3621 0.0446 0.0049
81 0.1996 0.3342 0.1554 0.2316 0.0674 0.0119
82 0.1245 0.1357 0.0940 0.5244 0.0607 0.0607
83 0.0264 0.3640 0.1011 0.4258 0.0219 0.0609
84 0.1013 0.3943 0.3218 0.0203 0.1619 0.0004
85 0.2048 0.2164 0.4270 0.0388 0.1088 0.0042
86 0.1022 0.1672 0.1837 0.0382 0.5073 0.0012
87 0.4021 0.2852 0.0298 0.1285 0.1456 0.0091
88 0.2054 0.3633 0.1650 0.1456 0.0243 0.0963
89 0.2166 0.3542 0.2571 0.0211 0.1477 0.0033
90 0.1722 0.3096 0.1848 0.0193 0.3120 0.0020
91 0.3120 0.1581 0.1130 0.2195 0.1670 0.0306
92 0.1635 0.1584 0.0767 0.2676 0.2893 0.0447
93 0.1923 0.2112 0.1113 0.2230 0.2230 0.0391
94 0.1859 0.4094 0.2705 0.0478 0.0845 0.0019
95 0.2664 0.3262 0.1577 0.0272 0.2190 0.0035
96 0.2754 0.1594 0.1498 0.2196 0.1353 0.0605
97 0.1536 0.1912 0.2593 0.0737 0.3201 0.0023
98 0.2385 0.3994 0.1447 0.0781 0.1370 0.0024
99 0.1268 0.0745 0.0516 0.3699 0.1760 0.2010
100 0.1758 0.2346 0.1091 0.3059 0.0333 0.1412
101 0.2810 0.2788 0.2520 0.0837 0.0956 0.0090
102 0.1842 0.1010 0.2039 0.3259 0.1638 0.0213
103 0.2153 0.1504 0.1539 0.1199 0.3469 0.0137
104 0.0804 0.0744 0.1217 0.1208 0.2365 0.3662
105 0.0836 0.6318 0.1245 0.1335 0.0186 0.0080
106 0.1472 0.2228 0.0950 0.4751 0.0474 0.0124
107 0.0580 0.0668 0.0627 0.5254 0.0466 0.2405
108 0.2074 0.1844 0.1298 0.3669 0.0717 0.0399
109 0.0464 0.0746 0.0833 0.0997 0.5024 0.1936
110 0.0270 0.1201 0.0858 0.1426 0.5137 0.1110
111 0.4724 0.2129 0.0670 0.2080 0.0359 0.0039
112 0.0418 0.3367 0.2791 0.3113 0.0172 0.0138
113 0.0734 0.0818 0.5132 0.1437 0.1554 0.0323
114 0.2642 0.1692 0.0994 0.1287 0.2703 0.0684
115 0.1669 0.2177 0.0572 0.2773 0.2505 0.0306
116 0.2839 0.4165 0.0394 0.1593 0.0770 0.0237
117 0.2527 0.2908 0.0252 0.2000 0.2162 0.0151
118 0.2397 0.2183 0.1987 0.2512 0.0784 0.0136
119 0.4543 0.2267 0.1895 0.0828 0.0403 0.0063
120 0.2556 0.1246 0.1033 0.2764 0.2274 0.0127
121 0.1830 0.2878 0.3499 0.1470 0.0303 0.0020
122 0.1331 0.4165 0.1936 0.2094 0.0435 0.0040
123 0.1465 0.1344 0.5356 0.1660 0.0135 0.0039
124 0.1252 0.1096 0.1131 0.5107 0.1046 0.0364
125 0.1605 0.3142 0.1982 0.2372 0.0735 0.0163
126 0.3142 0.3142 0.0256 0.1111 0.2263 0.0084
127 0.1246 0.1946 0.4854 0.1539 0.0369 0.0045
128 0.1416 0.2505 0.3215 0.2372 0.0277 0.0214
129 0.1169 0.1388 0.1048 0.5620 0.0043 0.0731
130 0.3042 0.2157 0.4224 0.0323 0.0244 0.0011
131 0.1940 0.1475 0.1711 0.2712 0.1821 0.0340
132 0.1737 0.1232 0.0339 0.5566 0.0967 0.0159
133 0.2246 0.1967 0.1709 0.3911 0.0137 0.0029
134 0.2141 0.1818 0.5513 0.0428 0.0086 0.0015
135 0.0391 0.1765 0.3147 0.4167 0.0271 0.0258
136 0.4097 0.2108 0.1832 0.0826 0.1111 0.0027
137 0.0309 0.2751 0.4131 0.2391 0.0096 0.0321
138 0.5659 0.2234 0.1030 0.0265 0.0803 0.0011
139 0.2742 0.2220 0.2764 0.1798 0.0377 0.0101
140 0.0527 0.2891 0.0666 0.4695 0.0882 0.0340
141 0.2559 0.1873 0.3694 0.1026 0.0775 0.0074
142 0.1650 0.2053 0.1479 0.4348 0.0437 0.0031
143 0.1505 0.2388 0.3420 0.2191 0.0474 0.0023
144 0.3037 0.2700 0.1899 0.1180 0.0994 0.0191
145 0.1841 0.1959 0.4451 0.1526 0.0148 0.0075
146 0.1655 0.1775 0.5732 0.0729 0.0070 0.0040
147 0.0579 0.1727 0.6997 0.0635 0.0035 0.0027
148 0.1241 0.3193 0.5225 0.0244 0.0073 0.0021
149 0.1935 0.2351 0.3115 0.2175 0.0372 0.0052
150 0.2444 0.2834 0.3018 0.1506 0.0181 0.0015
151 0.1628 0.3586 0.1949 0.2583 0.0139 0.0114
152 0.1821 0.2064 0.5029 0.0719 0.0297 0.0068
153 0.2998 0.1696 0.2795 0.1832 0.0609 0.0070
154 0.2671 0.4546 0.2322 0.0179 0.0279 0.0003
155 0.2708 0.3423 0.3167 0.0336 0.0336 0.0030
156 0.2257 0.3389 0.3284 0.0948 0.0104 0.0018
157 0.3091 0.4712 0.0493 0.1382 0.0299 0.0025
158 0.3245 0.4946 0.0211 0.0429 0.1139 0.0032
159 0.2776 0.0468 0.3796 0.2001 0.0601 0.0359
160 0.1281 0.2507 0.3193 0.1863 0.0729 0.0429
161 0.1644 0.5269 0.1406 0.1139 0.0490 0.0055
162 0.3896 0.0407 0.1798 0.3081 0.0495 0.0322
163 0.4280 0.2659 0.1703 0.0511 0.0798 0.0050
164 0.1276 0.3132 0.1337 0.2942 0.0096 0.1217
165 0.4363 0.3047 0.1508 0.0356 0.0718 0.0009
166 0.3735 0.2145 0.1805 0.1619 0.0654 0.0042
167 0.1008 0.0750 0.0646 0.7510 0.0017 0.0070
168 0.2179 0.3564 0.2649 0.1104 0.0479 0.0027
169 0.2505 0.2839 0.2448 0.1095 0.1104 0.0008
170 0.4392 0.2859 0.1361 0.0684 0.0695 0.0008
171 0.1512 0.5317 0.2234 0.0324 0.0592 0.0019
172 0.2502 0.2747 0.0728 0.1830 0.1288 0.0906
173 0.1555 0.5918 0.0776 0.1230 0.0505 0.0017
174 0.3120 0.1807 0.0937 0.1820 0.2047 0.0268
175 0.2067 0.4731 0.2361 0.0227 0.0611 0.0004
176 0.2084 0.3357 0.3330 0.0687 0.0515 0.0028
177 0.2109 0.3215 0.1004 0.3293 0.0344 0.0033
178 0.0798 0.4148 0.0575 0.2595 0.1869 0.0016
179 0.1011 0.0412 0.7588 0.0712 0.0191 0.0084
180 0.1469 0.4966 0.0804 0.1930 0.0768 0.0064
181 0.0614 0.2625 0.3118 0.3318 0.0126 0.0201
182 0.1051 0.1136 0.3447 0.3447 0.0858 0.0061
183 0.1079 0.2375 0.4688 0.0329 0.1510 0.0019
184 0.0693 0.2761 0.5757 0.0440 0.0330 0.0020
185 0.2563 0.1775 0.0256 0.4160 0.1191 0.0056
186 0.1133 0.1466 0.6992 0.0218 0.0188 0.0001
187 0.2404 0.1528 0.4526 0.1414 0.0099 0.0030
188 0.1232 0.4800 0.0676 0.1396 0.1836 0.0060
189 0.1993 0.3235 0.4253 0.0435 0.0076 0.0006
190 0.3879 0.2076 0.2905 0.0679 0.0449 0.0008
191 0.0467 0.4502 0.1174 0.2998 0.0323 0.0533
192 0.0789 0.3169 0.0959 0.4265 0.0559 0.0260
193 0.0288 0.6353 0.1061 0.2195 0.0076 0.0027
194 0.3010 0.0631 0.3059 0.2783 0.0380 0.0136
195 0.0223 0.5146 0.4268 0.0302 0.0052 0.0008
196 0.1847 0.0958 0.1655 0.4033 0.1461 0.0047
197 0.1093 0.1128 0.7129 0.0412 0.0236 0.0004
198 0.3293 0.3215 0.1936 0.0845 0.0685 0.0026
199 0.1918 0.4321 0.2727 0.0812 0.0215 0.0006
200 0.1595 0.2285 0.0983 0.4546 0.0423 0.0168
201 0.0795 0.6016 0.1937 0.0937 0.0222 0.0095
202 0.0305 0.0527 0.0616 0.8115 0.0296 0.0140
203 0.0191 0.4026 0.5591 0.0120 0.0049 0.0025
204 0.2979 0.1698 0.2510 0.2129 0.0591 0.0094
205 0.1536 0.6074 0.2131 0.0153 0.0048 0.0058
206 0.3447 0.2297 0.2465 0.0819 0.0746 0.0226
207 0.1267 0.0678 0.5811 0.1718 0.0352 0.0174
208 0.1422 0.1991 0.1798 0.4116 0.0444 0.0229
209 0.0571 0.1050 0.7178 0.1136 0.0044 0.0020
210 0.3481 0.1166 0.2095 0.1096 0.2145 0.0017
211 0.3618 0.2111 0.1593 0.0981 0.1643 0.0053
212 0.2886 0.1984 0.0281 0.0422 0.4402 0.0025
213 0.1238 0.2386 0.1414 0.2969 0.0775 0.1219
214 0.1696 0.3293 0.1473 0.3142 0.0329 0.0067
215 0.3655 0.3076 0.2148 0.0483 0.0630 0.0007
216 0.2496 0.2291 0.3928 0.0417 0.0856 0.0012
217 0.0298 0.3660 0.4414 0.1433 0.0160 0.0034
218 0.4309 0.3103 0.2019 0.0293 0.0265 0.0010
219 0.2074 0.1918 0.5132 0.0594 0.0260 0.0024
220 0.0243 0.0916 0.0847 0.4104 0.3735 0.0157
221 0.0256 0.0509 0.0605 0.2976 0.5562 0.0091
222 0.3762 0.2732 0.1833 0.0525 0.1095 0.0053
223 0.1797 0.5078 0.1675 0.0579 0.0855 0.0016
224 0.2925 0.2207 0.3499 0.0769 0.0549 0.0051
225 0.3887 0.3738 0.0874 0.0164 0.1333 0.0005
226 0.3364 0.1287 0.2206 0.1639 0.1458 0.0047
227 0.3376 0.2671 0.2651 0.0692 0.0582 0.0025
228 0.2277 0.1541 0.3364 0.2057 0.0695 0.0067
229 0.1920 0.5513 0.1580 0.0572 0.0390 0.0023
230 0.4775 0.1757 0.0598 0.2070 0.0779 0.0020
231 0.3074 0.4648 0.1533 0.0547 0.0184 0.0015
232 0.5449 0.2150 0.1124 0.1107 0.0146 0.0025
233 0.4871 0.1290 0.1013 0.2566 0.0244 0.0015
234 0.5718 0.1857 0.0360 0.1469 0.0562 0.0032
235 0.3984 0.2397 0.0157 0.2571 0.0842 0.0049
236 0.3196 0.2979 0.1440 0.1683 0.0691 0.0012
237 0.1897 0.0803 0.0709 0.2803 0.0511 0.3276
