time exciting_prob fearful_prob tense_prob sad_prob relaxing_prob neutral_prob
0 0.1136 0.1553 0.1349 0.1288 0.0181 0.4492
1 0.7461 0.0094 0.0023 0.1338 0.0363 0.0721
2 0.7500 0.0102 0.0021 0.1283 0.0327 0.0766
3 0.8242 0.0090 0.0022 0.0835 0.0382 0.0430
4 0.3511 0.2549 0.1131 0.1038 0.0624 0.1149
5 0.1544 0.0453 0.0629 0.3882 0.0326 0.3167
6 0.6504 0.0209 0.0130 0.2195 0.0513 0.0450
7 0.8833 0.0356 0.0062 0.0367 0.0342 0.0037
8 0.7886 0.0296 0.0109 0.1034 0.0470 0.0207
9 0.2795 0.2795 0.1310 0.0814 0.0707 0.1580
10 0.2808 0.3523 0.1316 0.0544 0.0876 0.0933
11 0.1924 0.1738 0.1242 0.1710 0.0453 0.2932
12 0.5269 0.0719 0.0660 0.1242 0.0110 0.2000
13 0.2612 0.2133 0.3713 0.0925 0.0098 0.0518
14 0.2117 0.0903 0.3103 0.1525 0.0134 0.2218
15 0.1315 0.0836 0.6079 0.1073 0.0039 0.0661
16 0.1008 0.0354 0.3745 0.3105 0.0045 0.1742
17 0.0167 0.0508 0.6040 0.2366 0.0004 0.0912
18 0.0317 0.0636 0.6626 0.1573 0.0010 0.0836
19 0.0187 0.0406 0.5957 0.2262 0.0013 0.1174
20 0.0691 0.0327 0.5146 0.2213 0.0052 0.1570
21 0.0897 0.0552 0.3279 0.4553 0.0223 0.0495
22 0.1636 0.1196 0.2825 0.3572 0.0561 0.0210
23 0.2418 0.2219 0.2939 0.2085 0.0103 0.0234
24 0.1644 0.1384 0.2212 0.4199 0.0329 0.0231
25 0.2263 0.1061 0.1362 0.4944 0.0180 0.0190
26 0.3765 0.1923 0.1594 0.2430 0.0135 0.0155
27 0.3662 0.1208 0.2292 0.2639 0.0114 0.0085
28 0.4548 0.1323 0.1398 0.2234 0.0235 0.0261
29 0.5005 0.1198 0.1326 0.1899 0.0330 0.0245
30 0.3992 0.0798 0.0884 0.3691 0.0184 0.0451
31 0.3225 0.1476 0.1365 0.3625 0.0122 0.0186
32 0.2869 0.1465 0.1273 0.3572 0.0156 0.0666
33 0.2776 0.1464 0.0938 0.3401 0.0254 0.1166
34 0.5903 0.0528 0.0180 0.1718 0.0215 0.1458
35 0.3186 0.1370 0.0768 0.3262 0.0389 0.1026
36 0.2598 0.5332 0.0455 0.1401 0.0197 0.0018
37 0.3240 0.1761 0.2075 0.2227 0.0195 0.0501
38 0.1691 0.2384 0.3208 0.2103 0.0217 0.0398
39 0.1520 0.3193 0.3398 0.1532 0.0206 0.0149
40 0.1543 0.3560 0.2245 0.2297 0.0201 0.0156
41 0.1383 0.2209 0.2625 0.3477 0.0127 0.0181
42 0.1038 0.0916 0.1272 0.4653 0.0610 0.1510
43 0.1765 0.2979 0.1620 0.3120 0.0187 0.0329
44 0.1765 0.1632 0.1487 0.4368 0.0104 0.0645
45 0.0831 0.2878 0.2661 0.2834 0.0149 0.0647
46 0.0834 0.1149 0.1442 0.2002 0.0714 0.3857
47 0.0729 0.0378 0.0966 0.6396 0.0144 0.1384
48 0.0925 0.3203 0.3354 0.2167 0.0101 0.0251
49 0.1265 0.2345 0.2617 0.3577 0.0087 0.0111
50 0.2277 0.2139 0.1830 0.2207 0.0311 0.1238
51 0.3364 0.2240 0.0536 0.2240 0.0344 0.1277
52 0.2559 0.2089 0.0891 0.2681 0.0553 0.1227
53 0.3325 0.1698 0.0649 0.2216 0.0260 0.1851
54 0.2312 0.2480 0.3040 0.1414 0.0647 0.0110
55 0.0465 0.1467 0.5801 0.2037 0.0178 0.0050
56 0.1140 0.3948 0.2549 0.1985 0.0314 0.0064
57 0.2008 0.2539 0.0673 0.3159 0.0780 0.0844
58 0.1523 0.1621 0.0924 0.3542 0.0742 0.1647
59 0.2007 0.2169 0.0704 0.2458 0.0863 0.1798
60 0.0990 0.1311 0.4041 0.3350 0.0077 0.0233
61 0.0947 0.0889 0.3411 0.4243 0.0084 0.0427
62 0.0803 0.0635 0.6221 0.2115 0.0026 0.0200
63 0.1052 0.0746 0.0279 0.2408 0.5347 0.0169
64 0.1129 0.1472 0.0599 0.2881 0.3818 0.0102
65 0.1583 0.1223 0.1909 0.2268 0.2715 0.0302
66 0.2610 0.1849 0.2510 0.1671 0.1242 0.0119
67 0.1829 0.1705 0.3040 0.1843 0.1516 0.0067
68 0.0572 0.0972 0.3669 0.4094 0.0467 0.0226
69 0.1141 0.0778 0.4475 0.2935 0.0147 0.0522
70 0.0760 0.1283 0.4958 0.2573 0.0083 0.0343
71 0.0832 0.0757 0.3728 0.4094 0.0124 0.0463
72 0.0693 0.2515 0.1367 0.2556 0.1899 0.0970
73 0.0521 0.4900 0.1471 0.2622 0.0311 0.0174
74 0.0678 0.0844 0.2405 0.3137 0.0781 0.2156
75 0.0412 0.0701 0.2861 0.3242 0.1230 0.1555
76 0.0541 0.1566 0.2974 0.2666 0.0893 0.1361
77 0.0850 0.0773 0.2152 0.5669 0.0155 0.0401
78 0.1228 0.1359 0.5723 0.1470 0.0074 0.0147
79 0.0604 0.1270 0.5962 0.1906 0.0070 0.0190
80 0.0714 0.2737 0.3770 0.2610 0.0074 0.0096
81 0.1182 0.5464 0.0980 0.1517 0.0493 0.0366
82 0.1445 0.3928 0.0662 0.2537 0.0631 0.0798
83 0.0293 0.2754 0.1406 0.5308 0.0020 0.0217
84 0.0297 0.2773 0.0573 0.6157 0.0018 0.0183
85 0.0480 0.1326 0.0315 0.7754 0.0028 0.0098
86 0.0370 0.4617 0.0340 0.4475 0.0053 0.0147
87 0.0272 0.5596 0.0604 0.3450 0.0030 0.0047
88 0.1462 0.1779 0.2063 0.4102 0.0329 0.0264
89 0.2981 0.2529 0.1365 0.2693 0.0154 0.0277
90 0.2218 0.2612 0.2593 0.2417 0.0036 0.0123
91 0.3293 0.3267 0.2211 0.1103 0.0074 0.0053
92 0.2568 0.2129 0.1271 0.2375 0.0490 0.1166
93 0.2316 0.2108 0.1495 0.3240 0.0233 0.0609
94 0.2123 0.2296 0.2042 0.3188 0.0146 0.0205
95 0.1545 0.0742 0.2671 0.4009 0.0097 0.0938
96 0.1022 0.0582 0.0610 0.7549 0.0109 0.0130
97 0.0854 0.1969 0.0416 0.6665 0.0061 0.0037
98 0.1210 0.0648 0.1003 0.5596 0.1102 0.0439
99 0.0397 0.1375 0.0560 0.7549 0.0059 0.0059
100 0.0674 0.2108 0.0706 0.6294 0.0177 0.0038
101 0.0786 0.1561 0.0570 0.6890 0.0156 0.0036
102 0.0927 0.1161 0.1871 0.5762 0.0136 0.0142
103 0.0804 0.0210 0.0856 0.7627 0.0225 0.0278
104 0.1316 0.2659 0.2988 0.2700 0.0232 0.0104
105 0.1161 0.1099 0.3386 0.3521 0.0448 0.0383
106 0.1877 0.1556 0.1061 0.4719 0.0654 0.0130
107 0.0174 0.1338 0.2120 0.5898 0.0005 0.0462
108 0.2732 0.1749 0.1556 0.3792 0.0128 0.0043
109 0.2722 0.1538 0.2239 0.3362 0.0056 0.0084
110 0.1914 0.2238 0.3281 0.2291 0.0217 0.0058
111 0.1389 0.2102 0.5762 0.0448 0.0287 0.0013
112 0.2495 0.3894 0.0247 0.1064 0.1797 0.0503
113 0.2297 0.6147 0.0788 0.0235 0.0422 0.0110
114 0.1261 0.0439 0.0134 0.5479 0.0605 0.2080
115 0.2317 0.1580 0.0442 0.2976 0.1555 0.1129
116 0.1813 0.0255 0.0451 0.5244 0.1550 0.0688
117 0.1910 0.0671 0.0522 0.5884 0.0822 0.0188
118 0.2499 0.0612 0.0830 0.4595 0.1126 0.0338
119 0.1522 0.1302 0.1865 0.3767 0.0742 0.0802
120 0.0543 0.0748 0.1924 0.6714 0.0033 0.0040
121 0.0320 0.0545 0.1527 0.7402 0.0117 0.0090
122 0.0501 0.0304 0.2109 0.6807 0.0136 0.0144
123 0.0863 0.4629 0.2328 0.1870 0.0259 0.0052
124 0.0493 0.1692 0.1238 0.6094 0.0093 0.0390
125 0.0582 0.2649 0.1290 0.5269 0.0103 0.0109
126 0.1931 0.0994 0.3665 0.2639 0.0301 0.0470
127 0.1248 0.2190 0.4321 0.1995 0.0115 0.0132
128 0.1953 0.1937 0.2979 0.2798 0.0120 0.0216
129 0.3225 0.1838 0.2115 0.2593 0.0150 0.0079
130 0.1552 0.0566 0.1328 0.6138 0.0344 0.0071
131 0.2947 0.0871 0.1425 0.4636 0.0117 0.0003
132 0.1171 0.2122 0.1481 0.3782 0.0594 0.0850
133 0.1328 0.3813 0.2424 0.1887 0.0311 0.0236
134 0.1134 0.2988 0.1743 0.3206 0.0562 0.0368
135 0.1594 0.0468 0.0702 0.5786 0.0801 0.0649
136 0.2020 0.0726 0.0918 0.1514 0.1927 0.2893
137 0.0422 0.0975 0.0873 0.5396 0.0256 0.2079
138 0.0936 0.1763 0.0989 0.5264 0.0833 0.0216
139 0.0718 0.2979 0.3538 0.2629 0.0050 0.0086
140 0.1857 0.0811 0.1827 0.4595 0.0267 0.0641
141 0.1261 0.0522 0.2432 0.5229 0.0152 0.0406
142 0.0774 0.3362 0.1390 0.3992 0.0196 0.0289
143 0.0609 0.5737 0.1833 0.1450 0.0108 0.0262
144 0.1113 0.4539 0.1792 0.2128 0.0122 0.0307
145 0.0692 0.2935 0.1780 0.4438 0.0045 0.0112
146 0.1229 0.1903 0.1437 0.4224 0.0474 0.0734
147 0.0914 0.0594 0.2727 0.5508 0.0095 0.0160
148 0.0523 0.0440 0.3357 0.5366 0.0120 0.0195
149 0.0547 0.0737 0.5195 0.2695 0.0198 0.0630
150 0.1366 0.3079 0.4077 0.1187 0.0159 0.0132
151 0.1720 0.0463 0.3816 0.2388 0.0865 0.0751
152 0.0790 0.1620 0.2935 0.3594 0.0397 0.0665
153 0.1368 0.2942 0.2896 0.1689 0.0484 0.0621
154 0.0767 0.0597 0.1868 0.5488 0.0234 0.1047
155 0.0422 0.0663 0.3069 0.5059 0.0220 0.0568
156 0.0632 0.1802 0.2462 0.4458 0.0477 0.0168
157 0.0529 0.0326 0.1191 0.7300 0.0270 0.0387
158 0.0437 0.0294 0.0138 0.6948 0.0677 0.1503
159 0.3311 0.1412 0.0181 0.0750 0.3723 0.0622
160 0.1859 0.1948 0.0318 0.3755 0.1392 0.0728
161 0.2654 0.1740 0.0312 0.2590 0.1674 0.1031
162 0.0722 0.0402 0.0096 0.6748 0.0456 0.1577
163 0.3984 0.0660 0.0368 0.0969 0.3276 0.0743
164 0.0668 0.1437 0.1707 0.5864 0.0244 0.0079
165 0.1498 0.2394 0.4072 0.1364 0.0624 0.0049
166 0.1414 0.0912 0.3135 0.3608 0.0857 0.0073
167 0.2202 0.4246 0.0540 0.0523 0.2202 0.0289
168 0.2435 0.3252 0.0307 0.1398 0.1366 0.1243
169 0.2815 0.2109 0.0341 0.1103 0.3044 0.0586
170 0.1411 0.2255 0.3660 0.1729 0.0362 0.0583
171 0.0238 0.2637 0.1207 0.5850 0.0011 0.0060
172 0.0145 0.0508 0.0323 0.9004 0.0005 0.0015
173 0.1168 0.1781 0.1149 0.4546 0.0547 0.0809
174 0.0892 0.2542 0.2075 0.3999 0.0260 0.0231
175 0.1512 0.2379 0.0535 0.5034 0.0322 0.0216
176 0.1406 0.2795 0.0309 0.3591 0.0989 0.0908
177 0.1608 0.2471 0.0881 0.1940 0.1986 0.1114
178 0.0839 0.0770 0.0211 0.4756 0.1281 0.2144
179 0.1780 0.1880 0.0687 0.2778 0.2114 0.0760
180 0.1696 0.2029 0.0814 0.2487 0.1593 0.1384
181 0.2561 0.0858 0.4094 0.2058 0.0396 0.0032
182 0.1189 0.0444 0.3606 0.4558 0.0099 0.0103
183 0.0456 0.0478 0.2544 0.6196 0.0165 0.0159
184 0.0858 0.1577 0.0333 0.3933 0.0678 0.2620
185 0.1462 0.2886 0.0224 0.1005 0.3706 0.0718
186 0.2439 0.1975 0.0408 0.1885 0.1562 0.1730
187 0.1136 0.2996 0.4224 0.1448 0.0176 0.0021
188 0.3879 0.1749 0.2317 0.1543 0.0446 0.0065
189 0.1287 0.1602 0.4285 0.2330 0.0220 0.0276
190 0.2085 0.1356 0.3660 0.2253 0.0588 0.0058
191 0.1714 0.3462 0.0917 0.1410 0.0081 0.2417
192 0.1785 0.3083 0.0993 0.0955 0.0196 0.2988
193 0.2825 0.3008 0.1273 0.1853 0.0152 0.0889
194 0.1523 0.0518 0.1014 0.6411 0.0282 0.0251
195 0.1176 0.1022 0.4041 0.2778 0.0808 0.0176
196 0.2842 0.1644 0.3535 0.1301 0.0664 0.0014
197 0.2986 0.1700 0.3381 0.1477 0.0430 0.0024
198 0.1978 0.0858 0.0706 0.3638 0.2703 0.0117
199 0.3677 0.0464 0.1581 0.3145 0.1104 0.0031
200 0.3738 0.0670 0.0975 0.3098 0.1487 0.0030
201 0.0257 0.0970 0.2400 0.6128 0.0203 0.0040
202 0.1798 0.4348 0.0612 0.1515 0.1467 0.0259
203 0.3147 0.2451 0.0247 0.1282 0.2197 0.0676
204 0.1359 0.0584 0.0117 0.2788 0.1370 0.3782
205 0.1073 0.3105 0.3518 0.1525 0.0693 0.0087
206 0.2476 0.1179 0.2253 0.2362 0.0992 0.0737
207 0.0959 0.1998 0.3733 0.2773 0.0096 0.0439
208 0.2200 0.2305 0.2737 0.2200 0.0531 0.0028
209 0.3586 0.1519 0.1616 0.1981 0.1289 0.0009
210 0.1560 0.0198 0.0502 0.6880 0.0687 0.0172
211 0.0677 0.0598 0.0276 0.8193 0.0220 0.0037
212 0.2561 0.1493 0.0627 0.4492 0.0689 0.0137
213 0.1797 0.4624 0.0743 0.2253 0.0335 0.0247
214 0.0257 0.0371 0.1092 0.8071 0.0143 0.0067
215 0.0545 0.0642 0.1902 0.6533 0.0208 0.0168
216 0.2671 0.2081 0.2471 0.2322 0.0312 0.0143
217 0.2573 0.2185 0.1611 0.1598 0.1898 0.0133
218 0.2018 0.2472 0.0403 0.2303 0.1132 0.1672
219 0.2488 0.2212 0.0475 0.1805 0.2212 0.0807
220 0.1410 0.1536 0.0348 0.3127 0.2019 0.1560
221 0.0966 0.5913 0.0369 0.1279 0.0974 0.0497
222 0.0989 0.4575 0.0670 0.2030 0.1428 0.0307
223 0.2094 0.1580 0.0206 0.3533 0.1138 0.1450
224 0.2324 0.0969 0.3545 0.1399 0.1648 0.0117
225 0.1761 0.2174 0.3447 0.1578 0.0928 0.0110
226 0.1409 0.1312 0.3918 0.2571 0.0610 0.0180
227 0.2094 0.1221 0.3975 0.1877 0.0696 0.0138
228 0.2522 0.1077 0.3669 0.1965 0.0585 0.0180
229 0.0239 0.4236 0.0692 0.4727 0.0076 0.0031
230 0.1285 0.5854 0.1991 0.0768 0.0057 0.0044
231 0.2162 0.1139 0.0295 0.5352 0.0252 0.0801
232 0.0376 0.7437 0.1685 0.0400 0.0034 0.0070
233 0.0854 0.4304 0.3301 0.0916 0.0324 0.0302
234 0.0649 0.1533 0.3677 0.3855 0.0130 0.0155
235 0.0637 0.1018 0.4421 0.3499 0.0261 0.0164
236 0.0392 0.2830 0.0739 0.5898 0.0014 0.0127
237 0.0188 0.3123 0.1014 0.5566 0.0026 0.0081
238 0.0605 0.1863 0.4832 0.2668 0.0011 0.0024
239 0.0685 0.1543 0.4465 0.3167 0.0027 0.0114
240 0.0481 0.1051 0.4495 0.3787 0.0011 0.0176
241 0.0233 0.0585 0.0208 0.8589 0.0066 0.0318
242 0.0300 0.2964 0.0278 0.6274 0.0126 0.0061
243 0.0117 0.0715 0.0174 0.8848 0.0057 0.0091
244 0.0407 0.0298 0.0258 0.7793 0.0312 0.0931
245 0.0338 0.3206 0.0282 0.5625 0.0380 0.0170
246 0.0678 0.3782 0.3552 0.1731 0.0042 0.0217
247 0.0781 0.4031 0.3091 0.1761 0.0057 0.0279
248 0.0858 0.4255 0.2881 0.1693 0.0043 0.0270
249 0.0858 0.3938 0.3584 0.1382 0.0040 0.0198
250 0.1163 0.1027 0.3967 0.2683 0.0100 0.1060
251 0.0635 0.1140 0.3857 0.3511 0.0081 0.0778
252 0.1151 0.1598 0.4771 0.1869 0.0075 0.0535
253 0.1613 0.2169 0.4521 0.0948 0.0119 0.0631
254 0.0512 0.2122 0.4155 0.1136 0.0050 0.2025
255 0.0240 0.2686 0.5342 0.0757 0.0030 0.0943
256 0.2466 0.0776 0.3396 0.1192 0.0127 0.2043
257 0.1278 0.1667 0.0643 0.2522 0.2407 0.1483
258 0.1824 0.3076 0.0835 0.1584 0.2098 0.0583
259 0.1587 0.1306 0.0308 0.3413 0.2070 0.1316
260 0.2712 0.3325 0.1429 0.2130 0.0206 0.0197
261 0.4397 0.1952 0.1763 0.1342 0.0486 0.0061
262 0.3638 0.3110 0.1447 0.1042 0.0657 0.0106
263 0.1769 0.3862 0.3127 0.0992 0.0227 0.0021
264 0.1068 0.5908 0.2208 0.0689 0.0123 0.0003
265 0.2460 0.2421 0.0481 0.0919 0.3037 0.0683
266 0.0500 0.3501 0.1890 0.3787 0.0126 0.0196
267 0.2257 0.1829 0.0344 0.1704 0.2766 0.1100
268 0.1931 0.2172 0.0283 0.2725 0.1691 0.1199
269 0.3423 0.2446 0.1519 0.1592 0.0996 0.0025
270 0.3904 0.3113 0.1119 0.1209 0.0642 0.0013
271 0.1891 0.5181 0.1763 0.0880 0.0279 0.0008
272 0.2440 0.4182 0.1677 0.1041 0.0641 0.0018
273 0.3037 0.4285 0.1033 0.1327 0.0303 0.0016
274 0.3384 0.3491 0.1675 0.0925 0.0511 0.0013
275 0.3115 0.3396 0.1566 0.1531 0.0363 0.0028
276 0.2900 0.4424 0.1553 0.0663 0.0456 0.0003
277 0.1632 0.4949 0.2014 0.0997 0.0400 0.0009
278 0.1742 0.4277 0.2168 0.1573 0.0232 0.0006
279 0.0758 0.1484 0.1250 0.1439 0.0201 0.4868
