time exciting_prob fearful_prob tense_prob sad_prob relaxing_prob neutral_prob
0 0.0442 0.0880 0.0966 0.3533 0.4065 0.0115
1 0.0299 0.2710 0.2976 0.3535 0.0286 0.0192
2 0.0990 0.3567 0.3855 0.1312 0.0190 0.0085
3 0.1898 0.2290 0.1133 0.0175 0.4482 0.0021
4 0.2039 0.2007 0.1083 0.2328 0.2421 0.0122
5 0.1340 0.3044 0.1155 0.2371 0.1748 0.0344
6 0.2190 0.5093 0.1705 0.0418 0.0474 0.0124
7 0.2295 0.4092 0.0987 0.1459 0.0927 0.0240
8 0.2446 0.4570 0.1438 0.0521 0.0290 0.0734
9 0.0773 0.3357 0.4377 0.0388 0.0917 0.0188
10 0.0555 0.2585 0.4683 0.0509 0.1342 0.0326
11 0.0889 0.2018 0.3406 0.2491 0.0999 0.0197
12 0.3801 0.2654 0.1345 0.1273 0.0809 0.0117
13 0.3105 0.2085 0.1041 0.3010 0.0743 0.0014
14 0.3303 0.2051 0.1115 0.2891 0.0592 0.0049
15 0.0667 0.8120 0.0607 0.0536 0.0022 0.0050
16 0.1620 0.5928 0.0952 0.1014 0.0091 0.0397
17 0.0721 0.5415 0.0956 0.2329 0.0196 0.0383
18 0.0488 0.0495 0.1082 0.1116 0.5410 0.1411
19 0.1327 0.3184 0.1287 0.0424 0.3579 0.0197
20 0.2482 0.3965 0.1565 0.0086 0.1888 0.0014
21 0.2008 0.2461 0.3062 0.2137 0.0272 0.0060
22 0.3335 0.1588 0.1189 0.3523 0.0310 0.0056
23 0.2233 0.1476 0.2610 0.0350 0.3298 0.0034
24 0.1593 0.2014 0.2467 0.0471 0.3425 0.0029
25 0.1676 0.2805 0.1032 0.3835 0.0469 0.0182
26 0.0619 0.2998 0.3789 0.1270 0.0186 0.1138
27 0.0949 0.3340 0.2090 0.0493 0.2683 0.0445
28 0.1074 0.1885 0.4966 0.1378 0.0462 0.0236
29 0.0760 0.3274 0.2285 0.2114 0.1453 0.0114
30 0.1714 0.4658 0.1586 0.0228 0.1741 0.0072
31 0.0773 0.1560 0.3572 0.2825 0.1142 0.0127
32 0.1727 0.1549 0.3955 0.2361 0.0121 0.0286
33 0.3137 0.3237 0.2522 0.0745 0.0073 0.0287
34 0.2781 0.1465 0.0961 0.2869 0.0889 0.1039
35 0.2029 0.3789 0.1791 0.1077 0.0244 0.1069
36 0.1887 0.4971 0.1447 0.1317 0.0129 0.0247
37 0.2512 0.3462 0.1007 0.2019 0.0491 0.0510
38 0.2524 0.1111 0.2059 0.1211 0.2771 0.0323
39 0.3159 0.1246 0.3184 0.1100 0.1256 0.0055
40 0.2185 0.2400 0.2185 0.1433 0.1455 0.0343
41 0.1108 0.4084 0.2942 0.0738 0.0240 0.0890
42 0.1760 0.6343 0.1494 0.0198 0.0147 0.0059
43 0.1895 0.5791 0.1354 0.0322 0.0150 0.0490
44 0.2285 0.5396 0.1176 0.0582 0.0309 0.0252
45 0.0905 0.4558 0.2556 0.0504 0.1208 0.0269
46 0.1901 0.1626 0.2222 0.2120 0.0231 0.1901
47 0.1315 0.5244 0.1561 0.0462 0.0646 0.0773
48 0.2263 0.6299 0.0664 0.0212 0.0364 0.0198
49 0.1132 0.3198 0.0953 0.0578 0.3948 0.0192
50 0.0687 0.2035 0.0616 0.0172 0.6367 0.0125
51 0.1829 0.4121 0.0941 0.2008 0.0341 0.0762
52 0.2815 0.3396 0.0609 0.1761 0.0409 0.1011
53 0.2329 0.4705 0.1058 0.1083 0.0255 0.0571
54 0.0367 0.0859 0.0309 0.6060 0.0467 0.1937
55 0.4211 0.3518 0.0992 0.0249 0.0330 0.0698
56 0.4409 0.3516 0.1031 0.0300 0.0205 0.0539
57 0.2393 0.4199 0.1311 0.0573 0.0244 0.1281
58 0.2101 0.4243 0.1825 0.0593 0.0335 0.0903
59 0.0913 0.3472 0.2139 0.1339 0.0190 0.1948
60 0.1342 0.4165 0.1332 0.1029 0.0339 0.1792
61 0.1592 0.0290 0.1592 0.4329 0.1832 0.0364
62 0.2406 0.0663 0.2026 0.3557 0.1019 0.0328
63 0.2266 0.1029 0.2489 0.3455 0.0610 0.0152
64 0.1035 0.1874 0.4426 0.2091 0.0442 0.0133
65 0.3818 0.3267 0.1270 0.1028 0.0156 0.0460
66 0.3223 0.5068 0.1014 0.0397 0.0157 0.0142
67 0.3660 0.3494 0.1125 0.1016 0.0251 0.0455
68 0.2090 0.1011 0.2791 0.2834 0.0739 0.0537
69 0.4180 0.1514 0.2418 0.0810 0.0579 0.0499
70 0.2583 0.0781 0.2108 0.2502 0.0879 0.1146
71 0.1693 0.3613 0.2949 0.1393 0.0281 0.0070
72 0.1394 0.3911 0.2335 0.0375 0.1876 0.0108
73 0.1927 0.2255 0.4243 0.0883 0.0671 0.0019
74 0.2360 0.2181 0.3950 0.1022 0.0461 0.0025
75 0.0616 0.1132 0.6514 0.0379 0.1323 0.0035
76 0.1343 0.1683 0.5352 0.0309 0.1222 0.0092
77 0.2612 0.1796 0.2961 0.0468 0.0447 0.1714
78 0.1547 0.1273 0.0681 0.0324 0.4766 0.1409
79 0.1516 0.5376 0.2423 0.0219 0.0333 0.0134
80 0.1669 0.0067 0.0853 0.2883 0.0707 0.3821
81 0.2014 0.4539 0.3120 0.0111 0.0116 0.0099
82 0.2549 0.4915 0.1659 0.0471 0.0198 0.0209
83 0.1984 0.6304 0.1406 0.0097 0.0076 0.0133
84 0.2201 0.5200 0.2068 0.0195 0.0057 0.0280
85 0.4949 0.2266 0.0930 0.1510 0.0038 0.0307
86 0.1954 0.3594 0.2001 0.0901 0.1498 0.0053
87 0.0804 0.1265 0.2554 0.5000 0.0296 0.0083
88 0.0386 0.1017 0.1348 0.6631 0.0540 0.0077
89 0.4402 0.3455 0.0615 0.0224 0.0479 0.0827
90 0.2424 0.5210 0.0496 0.0402 0.0608 0.0858
91 0.2417 0.2271 0.1432 0.1537 0.0954 0.1388
92 0.3733 0.2954 0.1231 0.0309 0.1656 0.0116
93 0.2306 0.1089 0.3303 0.0992 0.0273 0.2035
94 0.3430 0.1725 0.4072 0.0332 0.0126 0.0316
95 0.1841 0.1550 0.4629 0.0580 0.0607 0.0792
96 0.2678 0.0646 0.2764 0.1207 0.0804 0.1899
97 0.6777 0.0660 0.1489 0.0057 0.0714 0.0302
98 0.4116 0.2764 0.0710 0.0092 0.0465 0.1855
99 0.3445 0.4028 0.1732 0.0194 0.0057 0.0545
100 0.3984 0.2915 0.0992 0.0183 0.0835 0.1089
101 0.1416 0.1279 0.4644 0.1907 0.0478 0.0275
102 0.0771 0.1923 0.5830 0.0629 0.0634 0.0216
103 0.1223 0.3884 0.1820 0.1104 0.0436 0.1533
104 0.1183 0.3530 0.0950 0.0764 0.0734 0.2837
105 0.0508 0.3813 0.1565 0.1493 0.0236 0.2385
106 0.1061 0.1021 0.2300 0.2998 0.0096 0.2524
107 0.4573 0.4229 0.0563 0.0130 0.0350 0.0156
108 0.3975 0.3792 0.1221 0.0309 0.0347 0.0356
109 0.3479 0.3943 0.0664 0.0490 0.0497 0.0929
110 0.1844 0.6191 0.1426 0.0306 0.0174 0.0059
111 0.2031 0.2266 0.2732 0.1737 0.0319 0.0916
112 0.2786 0.2808 0.1527 0.1960 0.0427 0.0492
113 0.3457 0.4690 0.0649 0.0214 0.0573 0.0416
114 0.3025 0.3535 0.0901 0.1212 0.0568 0.0759
115 0.3730 0.3850 0.1052 0.0283 0.0211 0.0873
116 0.4512 0.3379 0.1063 0.0228 0.0183 0.0635
117 0.2411 0.1835 0.3169 0.2356 0.0125 0.0104
118 0.1687 0.1294 0.0875 0.4961 0.0280 0.0903
119 0.3430 0.3887 0.0867 0.1185 0.0200 0.0433
120 0.4009 0.3945 0.1223 0.0286 0.0214 0.0324
121 0.4143 0.2269 0.2100 0.0472 0.0855 0.0162
122 0.3179 0.1927 0.1973 0.0616 0.1973 0.0332
123 0.1198 0.1898 0.2021 0.0829 0.3438 0.0616
124 0.1323 0.2673 0.2148 0.0606 0.2251 0.0999
125 0.2627 0.1835 0.0649 0.0860 0.3323 0.0707
126 0.3071 0.0121 0.1724 0.2588 0.1670 0.0827
127 0.5103 0.1567 0.1763 0.0409 0.0718 0.0442
128 0.1967 0.2408 0.2585 0.0723 0.2280 0.0037
129 0.1031 0.0275 0.0105 0.0156 0.8174 0.0257
130 0.1345 0.1838 0.0515 0.0092 0.6074 0.0134
131 0.2549 0.2433 0.3403 0.0353 0.1233 0.0027
132 0.1543 0.0428 0.0156 0.0195 0.7593 0.0084
133 0.1619 0.0989 0.0345 0.0381 0.6553 0.0110
134 0.1832 0.2883 0.2883 0.0350 0.1936 0.0116
135 0.0802 0.0534 0.0436 0.0151 0.7979 0.0100
136 0.0724 0.0271 0.3147 0.4875 0.0258 0.0724
137 0.1232 0.0759 0.0439 0.1938 0.5522 0.0109
138 0.1162 0.1614 0.0811 0.1978 0.4121 0.0315
139 0.0826 0.2246 0.3320 0.0237 0.3320 0.0052
140 0.3408 0.2695 0.0168 0.1598 0.0519 0.1610
141 0.4751 0.2091 0.0369 0.0950 0.0628 0.1210
142 0.4971 0.2275 0.0445 0.0756 0.0575 0.0978
143 0.4824 0.2426 0.0478 0.0701 0.0504 0.1068
144 0.4424 0.2664 0.0196 0.0818 0.0580 0.1318
145 0.4275 0.1768 0.0112 0.1205 0.0606 0.2035
146 0.5483 0.1376 0.0193 0.0665 0.0573 0.1711
147 0.5410 0.2988 0.0234 0.0255 0.0230 0.0883
148 0.7275 0.1410 0.0060 0.0427 0.0583 0.0247
149 0.5933 0.1973 0.0138 0.1023 0.0714 0.0218
150 0.5122 0.3132 0.0161 0.0738 0.0636 0.0210
151 0.6436 0.1888 0.0169 0.0268 0.0516 0.0722
152 0.1135 0.5293 0.1843 0.0979 0.0728 0.0025
153 0.0897 0.1898 0.2476 0.1345 0.3228 0.0157
154 0.1263 0.2323 0.1956 0.1366 0.2983 0.0110
155 0.0781 0.3552 0.3962 0.1247 0.0174 0.0283
156 0.0391 0.4688 0.3376 0.1322 0.0148 0.0072
157 0.0778 0.1754 0.3176 0.2051 0.2019 0.0223
158 0.1974 0.4661 0.0503 0.1315 0.1265 0.0282
159 0.1868 0.1755 0.0911 0.1031 0.2761 0.1675
160 0.0772 0.2491 0.4878 0.1398 0.0356 0.0105
161 0.1213 0.1509 0.6660 0.0214 0.0376 0.0029
162 0.0901 0.3000 0.5264 0.0464 0.0337 0.0035
163 0.1516 0.7065 0.1075 0.0231 0.0088 0.0024
164 0.1848 0.4199 0.2318 0.1130 0.0242 0.0262
165 0.0700 0.4031 0.3787 0.1210 0.0142 0.0133
166 0.2456 0.5532 0.1304 0.0227 0.0261 0.0218
167 0.8291 0.1096 0.0403 0.0051 0.0123 0.0038
168 0.5410 0.3284 0.0444 0.0323 0.0287 0.0251
169 0.3108 0.2942 0.2852 0.0750 0.0232 0.0117
170 0.2825 0.1686 0.1106 0.2869 0.0720 0.0797
171 0.1093 0.1692 0.1830 0.4746 0.0341 0.0299
172 0.1694 0.4751 0.2583 0.0865 0.0070 0.0034
173 0.3931 0.3872 0.1135 0.0244 0.0247 0.0571
174 0.2712 0.4688 0.0629 0.0260 0.0312 0.1396
175 0.1653 0.5547 0.1287 0.0825 0.0143 0.0545
176 0.0892 0.7886 0.0734 0.0155 0.0136 0.0196
177 0.1919 0.5098 0.0706 0.1119 0.0210 0.0950
178 0.2369 0.5015 0.1371 0.0599 0.0205 0.0438
179 0.1068 0.1449 0.1027 0.5176 0.0674 0.0604
180 0.1626 0.3962 0.2854 0.0571 0.0927 0.0062
181 0.3809 0.2659 0.2832 0.0371 0.0305 0.0023
182 0.2808 0.4778 0.1744 0.0508 0.0143 0.0019
183 0.0550 0.1761 0.2883 0.2974 0.0084 0.1748
184 0.1906 0.3848 0.2749 0.1012 0.0156 0.0328
185 0.0906 0.2041 0.4529 0.2207 0.0188 0.0129
186 0.0959 0.3120 0.4685 0.0916 0.0072 0.0246
187 0.1738 0.0625 0.3247 0.3979 0.0094 0.0314
188 0.2135 0.0557 0.1715 0.3574 0.0407 0.1611
189 0.0067 0.6934 0.2937 0.0051 0.0003 0.0010
190 0.0088 0.6343 0.3503 0.0043 0.0002 0.0018
191 0.0594 0.4709 0.4221 0.0336 0.0069 0.0073
192 0.0695 0.4639 0.3557 0.0663 0.0076 0.0372
193 0.0950 0.4788 0.3848 0.0235 0.0105 0.0076
194 0.0469 0.0850 0.1143 0.6274 0.0083 0.1179
195 0.7134 0.1052 0.0501 0.0819 0.0467 0.0030
196 0.7446 0.0737 0.0433 0.0939 0.0414 0.0030
197 0.7676 0.0797 0.0410 0.0645 0.0447 0.0023
198 0.7676 0.0797 0.0410 0.0650 0.0447 0.0023
199 0.6353 0.1671 0.0718 0.0789 0.0416 0.0051
