time exciting_prob fearful_prob tense_prob sad_prob relaxing_prob neutral_prob
0 0.1053 0.0326 0.4231 0.1509 0.0019 0.2861
1 0.1675 0.0570 0.6729 0.0791 0.0049 0.0186
2 0.1854 0.1610 0.5200 0.0656 0.0102 0.0579
3 0.1367 0.1207 0.5845 0.0883 0.0061 0.0636
4 0.1166 0.1204 0.6211 0.0753 0.0077 0.0591
5 0.1377 0.1536 0.5708 0.0875 0.0049 0.0457
6 0.1484 0.1998 0.4646 0.1121 0.0065 0.0685
7 0.0825 0.0632 0.6904 0.0825 0.0052 0.0762
8 0.1232 0.1375 0.4299 0.1140 0.0045 0.1908
9 0.1020 0.0475 0.4717 0.1906 0.0035 0.1847
10 0.0772 0.0447 0.5977 0.1660 0.0037 0.1106
11 0.0904 0.0447 0.6177 0.1467 0.0043 0.0962
12 0.1013 0.0479 0.6504 0.1362 0.0030 0.0614
13 0.1661 0.1056 0.5620 0.1089 0.0327 0.0245
14 0.0612 0.0704 0.6372 0.1826 0.0170 0.0317
15 0.0929 0.1212 0.5962 0.1250 0.0193 0.0453
16 0.2322 0.0430 0.3174 0.2981 0.0416 0.0676
17 0.1472 0.0604 0.4829 0.2505 0.0231 0.0358
18 0.1212 0.0801 0.7197 0.0446 0.0144 0.0198
19 0.2057 0.0642 0.6235 0.0580 0.0188 0.0296
20 0.1656 0.1556 0.5024 0.0944 0.0350 0.0471
21 0.2208 0.2463 0.4463 0.0533 0.0164 0.0169
22 0.1534 0.1534 0.5610 0.0538 0.0293 0.0490
23 0.2510 0.0464 0.4761 0.1006 0.0271 0.0990
24 0.2793 0.0590 0.5381 0.0529 0.0155 0.0550
25 0.0498 0.3198 0.5029 0.0736 0.0269 0.0267
26 0.0268 0.5215 0.1220 0.2881 0.0358 0.0056
27 0.0990 0.2196 0.6357 0.0258 0.0031 0.0168
28 0.0675 0.4233 0.2690 0.1750 0.0175 0.0475
29 0.1208 0.4087 0.2898 0.1109 0.0085 0.0612
30 0.0917 0.6069 0.2529 0.0237 0.0080 0.0166
31 0.1455 0.4697 0.2676 0.0737 0.0056 0.0377
32 0.0886 0.3940 0.3140 0.0996 0.0095 0.0943
33 0.0598 0.5454 0.1285 0.1422 0.0301 0.0941
34 0.0694 0.5332 0.2498 0.1033 0.0223 0.0222
35 0.1119 0.4939 0.3140 0.0287 0.0231 0.0285
36 0.1703 0.2239 0.2874 0.1613 0.0308 0.1266
37 0.0684 0.3364 0.3135 0.1704 0.0150 0.0964
38 0.0513 0.3762 0.4609 0.0439 0.0052 0.0624
39 0.0760 0.2676 0.5532 0.0487 0.0122 0.0420
40 0.0914 0.3503 0.4863 0.0471 0.0013 0.0235
41 0.1350 0.2059 0.6343 0.0132 0.0006 0.0109
42 0.1351 0.0846 0.3562 0.2646 0.0014 0.1581
43 0.0806 0.5640 0.2502 0.0599 0.0064 0.0390
44 0.0647 0.2766 0.4780 0.1154 0.0066 0.0585
45 0.0759 0.4104 0.4167 0.0569 0.0094 0.0307
46 0.0495 0.4084 0.5083 0.0185 0.0046 0.0106
47 0.0169 0.3533 0.1982 0.4004 0.0096 0.0214
48 0.0300 0.5410 0.4019 0.0174 0.0032 0.0067
49 0.0492 0.4773 0.4556 0.0104 0.0029 0.0047
50 0.0504 0.5630 0.3633 0.0134 0.0029 0.0071
51 0.0529 0.5337 0.3784 0.0197 0.0024 0.0126
52 0.1115 0.1031 0.4272 0.2632 0.0013 0.0938
53 0.2134 0.2101 0.4734 0.0592 0.0011 0.0430
54 0.0635 0.3430 0.5312 0.0370 0.0070 0.0183
55 0.0291 0.0699 0.8643 0.0274 0.0008 0.0084
56 0.0815 0.2250 0.2756 0.3828 0.0232 0.0120
57 0.0449 0.7593 0.1669 0.0159 0.0110 0.0019
58 0.1295 0.4485 0.2764 0.1107 0.0215 0.0136
59 0.0291 0.4841 0.4272 0.0440 0.0099 0.0059
60 0.0634 0.3171 0.3706 0.2213 0.0104 0.0172
61 0.1556 0.3853 0.3347 0.0530 0.0139 0.0573
62 0.1578 0.3906 0.3613 0.0576 0.0013 0.0311
63 0.0884 0.2090 0.5591 0.0831 0.0058 0.0545
64 0.1168 0.2100 0.4880 0.0855 0.0121 0.0875
65 0.0443 0.6875 0.2568 0.0068 0.0026 0.0018
66 0.0425 0.6250 0.2954 0.0290 0.0015 0.0064
67 0.0698 0.4478 0.3770 0.0714 0.0025 0.0317
68 0.0508 0.1887 0.5635 0.1746 0.0080 0.0142
69 0.0721 0.1575 0.5586 0.1412 0.0020 0.0688
70 0.0630 0.0499 0.3684 0.2493 0.0039 0.2654
71 0.0547 0.1464 0.3621 0.2734 0.0029 0.1606
72 0.0330 0.0465 0.3660 0.4553 0.0068 0.0925
73 0.1218 0.0504 0.4741 0.2966 0.0363 0.0210
74 0.0434 0.1538 0.3257 0.4451 0.0263 0.0059
75 0.0897 0.3081 0.3518 0.2020 0.0414 0.0069
76 0.0621 0.1826 0.5200 0.1335 0.0856 0.0160
77 0.0599 0.1052 0.5776 0.1604 0.0456 0.0513
78 0.0425 0.2949 0.3042 0.3447 0.0080 0.0058
79 0.0714 0.4617 0.1780 0.2800 0.0061 0.0029
80 0.1495 0.7021 0.1102 0.0209 0.0156 0.0015
81 0.2749 0.4426 0.1934 0.0352 0.0504 0.0034
82 0.3013 0.5083 0.1083 0.0607 0.0155 0.0057
83 0.1484 0.5391 0.2318 0.0559 0.0206 0.0044
84 0.0787 0.3499 0.4187 0.1436 0.0037 0.0058
85 0.0335 0.8433 0.0606 0.0579 0.0017 0.0029
86 0.0625 0.7729 0.1167 0.0413 0.0032 0.0034
87 0.0901 0.5830 0.2467 0.0534 0.0219 0.0051
88 0.0937 0.2776 0.3000 0.2908 0.0037 0.0342
89 0.0438 0.6953 0.1871 0.0642 0.0031 0.0064
90 0.1587 0.6836 0.1125 0.0234 0.0040 0.0177
91 0.0435 0.7192 0.1310 0.0929 0.0013 0.0123
92 0.0526 0.5190 0.2588 0.1498 0.0011 0.0188
93 0.0953 0.4509 0.3511 0.0840 0.0112 0.0075
94 0.1490 0.4346 0.2515 0.1091 0.0099 0.0458
95 0.0949 0.3162 0.3499 0.1947 0.0054 0.0389
96 0.1466 0.2437 0.3628 0.1466 0.0100 0.0903
97 0.0900 0.4326 0.2708 0.1860 0.0072 0.0134
98 0.0673 0.2661 0.3872 0.2423 0.0041 0.0328
99 0.1071 0.5356 0.1766 0.1205 0.0253 0.0348
100 0.0841 0.6616 0.2198 0.0239 0.0044 0.0064
101 0.0642 0.4932 0.2876 0.1436 0.0051 0.0063
102 0.0139 0.7354 0.1268 0.1201 0.0010 0.0028
103 0.0252 0.0478 0.7593 0.1239 0.0012 0.0428
104 0.0432 0.0412 0.2332 0.5864 0.0169 0.0793
105 0.0472 0.3857 0.5112 0.0433 0.0028 0.0099
106 0.0283 0.7173 0.1946 0.0562 0.0018 0.0016
107 0.0340 0.4238 0.5190 0.0161 0.0018 0.0053
108 0.0501 0.6602 0.2627 0.0164 0.0022 0.0082
109 0.2620 0.0964 0.2788 0.2876 0.0026 0.0728
110 0.1416 0.4714 0.2998 0.0590 0.0009 0.0272
111 0.1591 0.2502 0.3213 0.1641 0.0073 0.0980
112 0.0776 0.2837 0.3760 0.2352 0.0048 0.0226
113 0.2311 0.1379 0.3208 0.0994 0.0036 0.2072
114 0.1809 0.0592 0.3772 0.2593 0.0172 0.1064
115 0.0944 0.5601 0.2974 0.0364 0.0066 0.0051
116 0.0153 0.0277 0.4204 0.1896 0.0038 0.3433
117 0.0747 0.4795 0.2488 0.1750 0.0061 0.0160
118 0.0687 0.2306 0.1714 0.4731 0.0025 0.0535
119 0.0804 0.3438 0.1840 0.3774 0.0029 0.0115
120 0.1293 0.4841 0.2981 0.0708 0.0036 0.0141
121 0.0815 0.4729 0.3406 0.0725 0.0060 0.0265
122 0.0739 0.6333 0.2441 0.0315 0.0032 0.0138
123 0.0555 0.8032 0.1232 0.0125 0.0036 0.0020
124 0.1729 0.4146 0.2849 0.1064 0.0036 0.0178
125 0.0692 0.6460 0.1780 0.0697 0.0016 0.0356
126 0.0468 0.6558 0.2321 0.0486 0.0018 0.0148
127 0.0247 0.6069 0.3301 0.0340 0.0009 0.0036
128 0.0347 0.7197 0.2111 0.0295 0.0015 0.0037
129 0.0641 0.6890 0.2238 0.0124 0.0023 0.0084
130 0.0382 0.7261 0.2080 0.0216 0.0012 0.0048
131 0.0572 0.5386 0.3560 0.0347 0.0015 0.0124
132 0.1494 0.0550 0.4531 0.2351 0.0334 0.0740
133 0.0491 0.1537 0.2656 0.4114 0.0327 0.0876
134 0.1351 0.1250 0.6299 0.0478 0.0435 0.0187
135 0.0334 0.0456 0.3367 0.4192 0.0061 0.1591
136 0.1161 0.0811 0.5371 0.0646 0.0064 0.1946
137 0.0913 0.1307 0.3137 0.3394 0.0039 0.1210
138 0.0304 0.7905 0.0922 0.0853 0.0012 0.0006
139 0.0764 0.5552 0.3264 0.0334 0.0027 0.0059
140 0.1456 0.1152 0.3896 0.2290 0.0036 0.1170
141 0.0184 0.1680 0.6641 0.0957 0.0025 0.0512
142 0.0977 0.1274 0.3923 0.1489 0.2236 0.0101
143 0.1687 0.2739 0.2417 0.1661 0.0076 0.1421
144 0.1119 0.1415 0.4712 0.2026 0.0057 0.0668
145 0.1332 0.2230 0.5786 0.0394 0.0115 0.0144
146 0.3010 0.1009 0.4739 0.0579 0.0171 0.0492
147 0.0778 0.1132 0.2847 0.4141 0.0457 0.0645
148 0.0822 0.3860 0.1700 0.2512 0.1015 0.0089
149 0.0521 0.0943 0.4031 0.3140 0.0136 0.1229
150 0.0399 0.2539 0.2832 0.3262 0.0762 0.0205
151 0.0263 0.3572 0.4307 0.1443 0.0241 0.0175
152 0.1125 0.2783 0.2615 0.2135 0.0715 0.0626
153 0.0937 0.0765 0.5225 0.2047 0.0649 0.0376
154 0.0498 0.0302 0.1232 0.6982 0.0388 0.0601
155 0.0724 0.1087 0.6660 0.1053 0.0184 0.0293
156 0.1113 0.0361 0.4199 0.3647 0.0193 0.0486
157 0.0681 0.1881 0.3740 0.3352 0.0117 0.0228
158 0.0873 0.0471 0.3914 0.4648 0.0066 0.0027
159 0.0652 0.0871 0.7178 0.1209 0.0032 0.0056
160 0.0600 0.0833 0.7661 0.0701 0.0063 0.0141
161 0.0573 0.1214 0.6875 0.1140 0.0044 0.0152
162 0.0806 0.0912 0.6743 0.1459 0.0021 0.0060
163 0.0534 0.0522 0.0324 0.6870 0.1697 0.0052
164 0.0967 0.1194 0.0560 0.4370 0.2778 0.0130
165 0.0884 0.1504 0.0520 0.5171 0.1843 0.0080
166 0.0930 0.0551 0.0419 0.6157 0.1848 0.0096
167 0.1057 0.1024 0.0667 0.4771 0.2399 0.0083
168 0.0765 0.0771 0.0697 0.5396 0.2267 0.0104
169 0.0214 0.0344 0.0311 0.8018 0.1052 0.0063
170 0.2047 0.3025 0.1113 0.0880 0.2910 0.0025
171 0.1252 0.3147 0.1282 0.1633 0.2651 0.0034
172 0.1726 0.2181 0.2002 0.2715 0.1302 0.0072
173 0.0709 0.2253 0.1714 0.4377 0.0903 0.0041
174 0.0696 0.4329 0.1832 0.2544 0.0586 0.0013
175 0.0331 0.4858 0.1516 0.2703 0.0571 0.0021
176 0.0612 0.5049 0.1691 0.2294 0.0346 0.0007
177 0.0600 0.3647 0.1569 0.3508 0.0659 0.0015
178 0.0312 0.4800 0.3796 0.0991 0.0044 0.0058
179 0.1029 0.3220 0.1166 0.4265 0.0216 0.0104
180 0.0543 0.3350 0.2017 0.3916 0.0140 0.0034
181 0.0411 0.4929 0.2722 0.1842 0.0045 0.0050
182 0.0577 0.5107 0.3347 0.0808 0.0111 0.0050
183 0.0485 0.1191 0.2947 0.4934 0.0112 0.0331
184 0.0174 0.0536 0.1652 0.5010 0.0031 0.2598
185 0.0114 0.0820 0.2729 0.4866 0.0033 0.1438
186 0.0384 0.0319 0.1362 0.6299 0.0095 0.1543
187 0.0147 0.0618 0.3042 0.4568 0.0021 0.1604
188 0.0590 0.3115 0.5137 0.1011 0.0040 0.0105
189 0.0188 0.2308 0.5283 0.2169 0.0009 0.0042
190 0.0776 0.4612 0.4331 0.0107 0.0015 0.0159
191 0.0447 0.3545 0.5322 0.0368 0.0009 0.0312
192 0.0376 0.3914 0.4299 0.1194 0.0017 0.0200
193 0.0206 0.0842 0.7617 0.0939 0.0005 0.0391
194 0.0314 0.0373 0.8032 0.0547 0.0043 0.0691
195 0.1477 0.0969 0.6831 0.0507 0.0065 0.0153
196 0.0455 0.3162 0.3110 0.2703 0.0155 0.0414
197 0.0569 0.1124 0.3984 0.2654 0.0249 0.1421
198 0.0459 0.2257 0.4351 0.2681 0.0085 0.0169
199 0.0443 0.3145 0.4434 0.1631 0.0112 0.0235
200 0.0886 0.1654 0.6050 0.1191 0.0101 0.0116
201 0.0232 0.0961 0.2166 0.4656 0.0327 0.1660
202 0.0798 0.1135 0.2365 0.4929 0.0739 0.0035
203 0.0470 0.1392 0.2090 0.5508 0.0500 0.0042
204 0.0483 0.1150 0.3831 0.4014 0.0472 0.0050
205 0.0419 0.3044 0.2524 0.3506 0.0464 0.0042
206 0.0333 0.2659 0.2103 0.4592 0.0269 0.0044
207 0.0192 0.0924 0.1409 0.7153 0.0200 0.0119
208 0.0922 0.1052 0.2605 0.4500 0.0839 0.0083
209 0.0507 0.0621 0.2676 0.5405 0.0709 0.0085
210 0.0411 0.0561 0.1959 0.1929 0.5083 0.0059
211 0.0330 0.1273 0.3303 0.4658 0.0282 0.0154
212 0.0908 0.2078 0.4263 0.2318 0.0124 0.0309
213 0.0410 0.3271 0.4336 0.1322 0.0239 0.0423
214 0.0839 0.1667 0.5469 0.1720 0.0082 0.0224
215 0.1382 0.3528 0.3313 0.1426 0.0106 0.0246
216 0.0994 0.5459 0.2578 0.0877 0.0048 0.0045
217 0.0786 0.5498 0.2328 0.1285 0.0054 0.0048
218 0.0371 0.5410 0.2222 0.1885 0.0040 0.0071
219 0.0241 0.7095 0.1595 0.1006 0.0044 0.0022
220 0.0623 0.5781 0.2354 0.1094 0.0121 0.0029
221 0.0536 0.2156 0.2683 0.4353 0.0112 0.0160
222 0.0476 0.1039 0.1825 0.4958 0.0140 0.1560
223 0.1223 0.0429 0.3950 0.2358 0.0085 0.1954
224 0.0546 0.0973 0.4429 0.2408 0.0014 0.1630
225 0.0458 0.6079 0.2534 0.0671 0.0039 0.0221
226 0.0338 0.2739 0.5117 0.1107 0.0014 0.0682
227 0.0444 0.4209 0.3772 0.0932 0.0056 0.0588
228 0.0299 0.3115 0.4749 0.0618 0.0028 0.1191
229 0.0244 0.2690 0.5269 0.1533 0.0022 0.0241
230 0.0297 0.5557 0.1920 0.2142 0.0033 0.0051
231 0.0197 0.1418 0.5439 0.2197 0.0058 0.0692
232 0.0353 0.1150 0.5752 0.1454 0.0068 0.1224
233 0.1085 0.3728 0.1948 0.2856 0.0328 0.0054
234 0.1388 0.3176 0.2717 0.2435 0.0133 0.0150
235 0.0179 0.2064 0.1909 0.5791 0.0028 0.0027
236 0.1032 0.0636 0.4019 0.3228 0.0086 0.1000
237 0.0261 0.7617 0.0569 0.1536 0.0010 0.0009
238 0.0181 0.7632 0.1208 0.0963 0.0007 0.0008
239 0.0125 0.7681 0.0903 0.1273 0.0008 0.0008
