time exciting_prob fearful_prob tense_prob sad_prob relaxing_prob neutral_prob
0 0.1136 0.1553 0.1349 0.1288 0.0181 0.4492
1 0.2301 0.4331 0.1281 0.0981 0.0559 0.0546
2 0.7012 0.0119 0.1873 0.0762 0.0191 0.0044
3 0.6519 0.0143 0.2020 0.0977 0.0259 0.0081
4 0.4307 0.0025 0.5117 0.0522 0.0018 0.0011
5 0.5381 0.0029 0.3755 0.0806 0.0023 0.0008
6 0.4768 0.0032 0.3713 0.1409 0.0062 0.0016
7 0.5581 0.0051 0.3333 0.0940 0.0086 0.0013
8 0.4663 0.1000 0.2418 0.0970 0.0698 0.0251
9 0.1498 0.0753 0.3765 0.3271 0.0264 0.0450
10 0.8101 0.0264 0.0502 0.0183 0.0938 0.0012
11 0.7056 0.0135 0.0715 0.0978 0.1099 0.0016
12 0.8462 0.0142 0.0678 0.0231 0.0485 0.0003
13 0.7822 0.0125 0.1059 0.0528 0.0455 0.0010
14 0.1573 0.0641 0.3660 0.2827 0.1207 0.0092
15 0.4026 0.0844 0.1993 0.2122 0.0942 0.0074
16 0.2810 0.1691 0.3086 0.1368 0.1025 0.0021
17 0.1366 0.1234 0.4619 0.1956 0.0698 0.0129
18 0.1366 0.0535 0.3713 0.1882 0.2306 0.0197
19 0.1125 0.0377 0.6372 0.1179 0.0750 0.0197
20 0.0532 0.0768 0.3608 0.1338 0.3608 0.0143
21 0.1133 0.0823 0.4661 0.1549 0.1812 0.0023
22 0.2345 0.1057 0.3059 0.3010 0.0455 0.0073
23 0.2000 0.1396 0.3679 0.1908 0.0887 0.0130
24 0.3984 0.0232 0.1769 0.3054 0.0640 0.0320
25 0.4167 0.0619 0.3853 0.0847 0.0237 0.0277
26 0.3848 0.1052 0.3118 0.1310 0.0396 0.0277
27 0.2668 0.0432 0.2820 0.1271 0.2393 0.0416
28 0.3850 0.0419 0.1891 0.2142 0.1310 0.0387
29 0.1862 0.0302 0.3167 0.3589 0.0814 0.0266
30 0.2137 0.0170 0.1564 0.2537 0.3259 0.0333
31 0.2559 0.0323 0.0905 0.1208 0.4780 0.0224
32 0.0162 0.0327 0.8843 0.0407 0.0012 0.0247
33 0.0261 0.0526 0.7856 0.0645 0.0024 0.0687
34 0.1731 0.2578 0.3579 0.0850 0.1208 0.0054
35 0.3425 0.3218 0.0915 0.2247 0.0138 0.0055
36 0.3037 0.4214 0.0843 0.1730 0.0137 0.0040
37 0.1959 0.0424 0.0856 0.1411 0.3633 0.1716
38 0.2910 0.0675 0.1292 0.0975 0.2776 0.1375
39 0.1122 0.0714 0.0342 0.3857 0.2198 0.1766
40 0.2805 0.2253 0.0889 0.1838 0.1810 0.0404
41 0.1722 0.2710 0.1383 0.2076 0.1321 0.0789
42 0.1904 0.1085 0.3728 0.1874 0.0928 0.0481
43 0.0779 0.1294 0.4050 0.1649 0.1913 0.0315
44 0.0651 0.1090 0.5449 0.1538 0.0970 0.0300
45 0.1403 0.0435 0.5635 0.1615 0.0219 0.0695
46 0.1814 0.2520 0.1144 0.0459 0.3962 0.0100
47 0.1329 0.3938 0.1934 0.0183 0.2542 0.0074
48 0.1272 0.3625 0.1925 0.0267 0.2693 0.0216
49 0.2456 0.0785 0.4377 0.0651 0.1335 0.0395
50 0.0849 0.2102 0.2255 0.3306 0.1033 0.0455
51 0.1122 0.3250 0.1243 0.2693 0.0945 0.0748
52 0.1766 0.0671 0.5112 0.1106 0.0822 0.0522
53 0.1720 0.1904 0.2903 0.1449 0.1667 0.0355
54 0.1608 0.1487 0.2375 0.2734 0.0983 0.0814
55 0.1221 0.2607 0.5435 0.0153 0.0202 0.0385
56 0.2489 0.2957 0.0827 0.0916 0.2776 0.0035
57 0.1475 0.0319 0.7256 0.0685 0.0141 0.0125
58 0.1838 0.0450 0.4080 0.2676 0.0351 0.0606
59 0.3577 0.2478 0.1246 0.0811 0.1490 0.0398
60 0.4089 0.1732 0.2642 0.0455 0.0851 0.0231
61 0.2769 0.2903 0.1932 0.0648 0.1530 0.0220
62 0.2356 0.1353 0.0765 0.3271 0.1475 0.0783
63 0.1110 0.1403 0.0722 0.4783 0.1018 0.0964
64 0.0441 0.0374 0.1576 0.5762 0.1017 0.0830
65 0.1614 0.2385 0.2009 0.0193 0.3752 0.0045
66 0.1660 0.0539 0.4106 0.2415 0.0225 0.1055
67 0.1947 0.1042 0.3872 0.0980 0.1918 0.0240
68 0.2678 0.0688 0.4214 0.0804 0.1285 0.0330
69 0.2812 0.2058 0.3611 0.0872 0.0387 0.0260
70 0.2649 0.2230 0.3145 0.0795 0.0989 0.0193
71 0.1541 0.0728 0.3726 0.1963 0.1948 0.0093
72 0.2457 0.2053 0.3281 0.1274 0.0817 0.0119
73 0.1650 0.0427 0.2517 0.2517 0.1266 0.1625
74 0.2227 0.0674 0.1875 0.1555 0.1372 0.2297
75 0.1237 0.1050 0.4150 0.1199 0.2292 0.0071
76 0.0423 0.0451 0.7388 0.0743 0.0027 0.0969
77 0.5376 0.0838 0.1963 0.0240 0.1505 0.0076
78 0.0740 0.0533 0.6704 0.0813 0.0028 0.1183
79 0.1396 0.1071 0.2510 0.4333 0.0066 0.0624
80 0.5073 0.0420 0.3101 0.0630 0.0611 0.0167
81 0.2264 0.0989 0.4229 0.2094 0.0384 0.0039
82 0.4978 0.2334 0.1860 0.0422 0.0393 0.0012
83 0.4751 0.0104 0.1183 0.1832 0.1920 0.0210
84 0.5537 0.0167 0.1411 0.1422 0.1160 0.0305
85 0.1714 0.1388 0.4624 0.1989 0.0151 0.0135
86 0.2532 0.0583 0.2739 0.2825 0.0992 0.0330
87 0.2554 0.2457 0.3333 0.1116 0.0484 0.0056
88 0.1559 0.0616 0.2781 0.4109 0.0861 0.0076
89 0.3206 0.1245 0.1550 0.3179 0.0798 0.0023
90 0.1730 0.3838 0.2238 0.1445 0.0693 0.0057
91 0.2247 0.0568 0.5225 0.0997 0.0644 0.0319
92 0.1180 0.2103 0.3928 0.1515 0.0612 0.0662
93 0.2339 0.0164 0.3855 0.0610 0.2910 0.0122
94 0.1576 0.0374 0.1871 0.0941 0.4219 0.1017
95 0.1737 0.1545 0.1157 0.1953 0.2374 0.1232
96 0.1266 0.0705 0.0941 0.1576 0.5127 0.0386
97 0.1534 0.1685 0.4043 0.0991 0.1442 0.0307
98 0.0470 0.1449 0.0550 0.0264 0.7021 0.0248
99 0.0778 0.0173 0.4836 0.1545 0.2394 0.0273
100 0.5537 0.0170 0.1008 0.1914 0.1161 0.0210
101 0.1653 0.0346 0.2810 0.4492 0.0496 0.0204
102 0.0945 0.0848 0.6616 0.1344 0.0200 0.0049
103 0.2786 0.1434 0.2786 0.2119 0.0699 0.0175
104 0.2695 0.1151 0.2654 0.3152 0.0257 0.0093
105 0.1351 0.2771 0.2297 0.0729 0.2729 0.0122
106 0.2759 0.0687 0.3079 0.3176 0.0157 0.0141
107 0.1888 0.3669 0.1934 0.0706 0.1693 0.0108
108 0.1882 0.0189 0.5532 0.2133 0.0189 0.0074
109 0.3962 0.1010 0.2153 0.2402 0.0328 0.0144
110 0.1616 0.1530 0.3643 0.2815 0.0256 0.0142
111 0.4116 0.1367 0.1770 0.0389 0.2345 0.0014
112 0.5698 0.1166 0.1984 0.0526 0.0610 0.0017
113 0.4031 0.0872 0.1471 0.1288 0.2208 0.0131
114 0.2529 0.1559 0.2147 0.2800 0.0828 0.0138
115 0.0983 0.0543 0.1301 0.0416 0.5835 0.0923
116 0.2556 0.0154 0.5083 0.0404 0.1599 0.0203
117 0.1782 0.0969 0.5161 0.1624 0.0149 0.0317
118 0.4194 0.0795 0.3398 0.0813 0.0347 0.0453
119 0.1724 0.1522 0.6064 0.0373 0.0295 0.0021
120 0.1127 0.1338 0.4746 0.1858 0.0912 0.0019
121 0.3403 0.1925 0.2778 0.1621 0.0195 0.0076
122 0.1538 0.0515 0.3308 0.2830 0.1467 0.0343
123 0.2664 0.0935 0.1566 0.1591 0.2705 0.0537
124 0.1381 0.1238 0.6489 0.0549 0.0085 0.0260
125 0.3481 0.0944 0.3245 0.1096 0.1121 0.0112
126 0.2734 0.1022 0.3298 0.2031 0.0391 0.0526
127 0.2529 0.2130 0.3708 0.1071 0.0406 0.0155
128 0.1763 0.0674 0.3562 0.1193 0.0649 0.2159
129 0.3589 0.0846 0.4165 0.0894 0.0295 0.0212
130 0.6118 0.0345 0.1476 0.1243 0.0784 0.0033
131 0.2981 0.0968 0.2632 0.2181 0.1149 0.0090
132 0.3633 0.2786 0.2617 0.0523 0.0431 0.0009
133 0.2661 0.2969 0.3062 0.0608 0.0323 0.0378
134 0.2472 0.1910 0.2454 0.0895 0.1686 0.0583
135 0.0962 0.0192 0.1715 0.0218 0.6782 0.0132
136 0.0456 0.0139 0.1860 0.0323 0.7021 0.0199
137 0.1219 0.1471 0.5464 0.1382 0.0039 0.0425
138 0.0589 0.1731 0.6846 0.0549 0.0065 0.0220
139 0.1798 0.1057 0.2942 0.0963 0.3059 0.0181
140 0.5996 0.0346 0.1470 0.0150 0.1963 0.0073
141 0.0281 0.0313 0.0653 0.0137 0.8472 0.0144
142 0.0855 0.0430 0.2252 0.1525 0.4480 0.0458
143 0.4734 0.2184 0.1367 0.0041 0.1501 0.0172
144 0.5933 0.0803 0.1263 0.0108 0.1768 0.0125
145 0.1385 0.0895 0.0967 0.5742 0.0765 0.0243
146 0.2979 0.0482 0.4724 0.1312 0.0410 0.0092
147 0.1237 0.0933 0.5898 0.1401 0.0427 0.0102
148 0.0889 0.1073 0.2134 0.0671 0.4517 0.0715
149 0.3157 0.0948 0.4890 0.0308 0.0571 0.0124
150 0.2627 0.0741 0.4575 0.0600 0.1332 0.0125
151 0.0713 0.0394 0.7661 0.0271 0.0591 0.0370
152 0.2620 0.2277 0.2025 0.0261 0.2642 0.0177
153 0.2815 0.4192 0.2174 0.0062 0.0746 0.0013
154 0.6274 0.1729 0.0721 0.0407 0.0836 0.0035
155 0.3928 0.2365 0.1562 0.1099 0.0817 0.0229
156 0.0654 0.0429 0.2546 0.5308 0.0741 0.0324
157 0.2252 0.4143 0.0946 0.1523 0.0556 0.0578
158 0.3374 0.4233 0.0587 0.0367 0.1301 0.0137
159 0.1426 0.1775 0.1110 0.3018 0.2388 0.0283
160 0.0853 0.0923 0.2394 0.5068 0.0534 0.0228
161 0.1559 0.4045 0.2034 0.1055 0.0917 0.0391
162 0.2424 0.3237 0.1830 0.1219 0.1200 0.0090
163 0.0814 0.1924 0.3123 0.1697 0.1724 0.0719
164 0.1445 0.0919 0.1664 0.3633 0.0622 0.1716
165 0.2505 0.2142 0.2076 0.1592 0.0638 0.1044
166 0.3516 0.1007 0.3301 0.1177 0.0803 0.0197
167 0.1796 0.2150 0.1031 0.2676 0.2068 0.0280
168 0.0271 0.0992 0.0365 0.0476 0.7803 0.0092
169 0.1216 0.2615 0.1274 0.0939 0.3330 0.0626
170 0.1405 0.1147 0.1833 0.3882 0.0586 0.1147
171 0.3391 0.2500 0.1932 0.1339 0.0441 0.0396
172 0.0469 0.0919 0.2700 0.2964 0.2457 0.0492
173 0.3997 0.0838 0.3843 0.0711 0.0508 0.0102
174 0.4844 0.0760 0.3599 0.0275 0.0437 0.0087
175 0.1033 0.2854 0.1527 0.1731 0.2292 0.0562
176 0.4255 0.0739 0.2622 0.1680 0.0648 0.0058
177 0.4800 0.0983 0.2957 0.0475 0.0730 0.0056
178 0.2888 0.1332 0.4724 0.0239 0.0808 0.0011
179 0.0422 0.0110 0.1111 0.0309 0.7964 0.0086
180 0.2137 0.3015 0.3635 0.0428 0.0750 0.0034
181 0.1013 0.2886 0.2318 0.3120 0.0542 0.0122
182 0.5420 0.1653 0.1802 0.0220 0.0864 0.0041
183 0.2664 0.0872 0.3938 0.0712 0.1654 0.0160
184 0.4221 0.2993 0.1528 0.0051 0.1190 0.0017
185 0.5703 0.0976 0.1609 0.0447 0.1224 0.0042
186 0.5366 0.1074 0.2382 0.0383 0.0761 0.0033
187 0.5303 0.1309 0.2043 0.0387 0.0943 0.0017
188 0.1285 0.1842 0.2766 0.3440 0.0245 0.0421
189 0.0444 0.1677 0.2898 0.1100 0.0699 0.3181
190 0.0919 0.1638 0.4595 0.2039 0.0269 0.0540
191 0.2764 0.0162 0.3359 0.3386 0.0247 0.0083
192 0.5405 0.0731 0.2961 0.0146 0.0737 0.0020
193 0.3425 0.1383 0.2144 0.0453 0.2467 0.0130
194 0.5513 0.0928 0.0764 0.0154 0.2544 0.0101
195 0.2003 0.0875 0.1824 0.3252 0.1007 0.1039
196 0.0551 0.0403 0.0922 0.0501 0.0479 0.7144
197 0.3552 0.0716 0.4634 0.0617 0.0434 0.0045
198 0.1233 0.0960 0.1685 0.3511 0.0514 0.2097
199 0.4692 0.0543 0.3125 0.0809 0.0737 0.0092
200 0.2808 0.3308 0.1915 0.1327 0.0296 0.0346
201 0.1654 0.0545 0.1760 0.4358 0.0563 0.1119
202 0.1630 0.1580 0.4160 0.0643 0.1060 0.0928
203 0.2443 0.1307 0.1528 0.2769 0.0473 0.1481
204 0.1129 0.1566 0.1361 0.1299 0.0181 0.4463
205 0.3052 0.0875 0.5747 0.0167 0.0142 0.0016
206 0.2417 0.0645 0.0931 0.3303 0.2235 0.0468
207 0.1027 0.4531 0.3816 0.0344 0.0246 0.0039
208 0.2358 0.1608 0.5312 0.0391 0.0267 0.0062
209 0.1047 0.1387 0.4106 0.2778 0.0206 0.0475
210 0.1161 0.0933 0.2876 0.1827 0.2659 0.0544
211 0.4961 0.1064 0.1989 0.1016 0.0932 0.0036
212 0.4998 0.0468 0.1205 0.1824 0.1477 0.0027
213 0.1461 0.2467 0.3879 0.1876 0.0277 0.0038
214 0.1023 0.0353 0.0487 0.1089 0.0976 0.6074
215 0.2185 0.1265 0.5366 0.0785 0.0284 0.0117
216 0.2211 0.2194 0.4033 0.0880 0.0604 0.0078
217 0.2837 0.0701 0.3042 0.3066 0.0316 0.0037
218 0.1035 0.1164 0.4031 0.2971 0.0281 0.0517
219 0.2512 0.0351 0.4995 0.1387 0.0656 0.0100
220 0.5508 0.0950 0.1339 0.0372 0.1816 0.0015
221 0.3416 0.0434 0.1227 0.3389 0.1458 0.0079
222 0.1732 0.0235 0.3726 0.4028 0.0213 0.0066
223 0.2700 0.0438 0.5205 0.1041 0.0558 0.0055
224 0.1779 0.2000 0.3679 0.2302 0.0138 0.0104
225 0.0727 0.0451 0.1348 0.2830 0.3691 0.0955
226 0.5327 0.0631 0.2722 0.0113 0.1198 0.0009
227 0.2080 0.0250 0.0923 0.3376 0.2844 0.0526
228 0.5288 0.0682 0.3013 0.0280 0.0704 0.0035
229 0.3215 0.1202 0.4363 0.0740 0.0309 0.0170
230 0.2294 0.0762 0.3135 0.2461 0.1172 0.0175
231 0.1486 0.1619 0.2690 0.3000 0.0397 0.0807
232 0.0091 0.0090 0.0493 0.0165 0.9009 0.0155
233 0.0313 0.0148 0.0763 0.0627 0.7886 0.0264
234 0.5034 0.0351 0.1534 0.1940 0.1063 0.0079
235 0.6509 0.1185 0.1547 0.0061 0.0686 0.0011
236 0.0815 0.2957 0.2957 0.2693 0.0471 0.0107
237 0.0406 0.0246 0.1157 0.7910 0.0198 0.0084
238 0.1798 0.0911 0.4736 0.1770 0.0688 0.0098
239 0.1093 0.0554 0.5728 0.0529 0.1903 0.0196
240 0.3469 0.0357 0.3992 0.1564 0.0402 0.0218
241 0.2693 0.0400 0.1823 0.4800 0.0213 0.0071
242 0.1610 0.1649 0.4309 0.1031 0.1099 0.0300
243 0.2842 0.3914 0.1070 0.0974 0.1104 0.0096
244 0.2294 0.4597 0.0532 0.1010 0.1392 0.0177
245 0.6187 0.0734 0.1257 0.0405 0.1338 0.0077
246 0.6509 0.0967 0.1038 0.0239 0.1204 0.0041
247 0.3513 0.0506 0.1487 0.0968 0.3403 0.0122
248 0.2222 0.0919 0.2576 0.0553 0.3606 0.0125
249 0.2561 0.0706 0.1904 0.1803 0.2815 0.0212
250 0.0463 0.0294 0.1996 0.1554 0.5259 0.0435
251 0.0521 0.0387 0.2445 0.1278 0.5098 0.0274
252 0.0482 0.0264 0.3323 0.1644 0.4199 0.0088
253 0.4795 0.0735 0.2283 0.1569 0.0490 0.0129
254 0.6235 0.1516 0.1704 0.0142 0.0386 0.0016
255 0.5762 0.0978 0.1841 0.0823 0.0579 0.0019
256 0.1683 0.2776 0.1820 0.1908 0.0522 0.1290
257 0.0863 0.6631 0.0744 0.0883 0.0726 0.0155
258 0.0746 0.3760 0.1519 0.0782 0.3115 0.0079
259 0.7627 0.0836 0.0876 0.0195 0.0454 0.0009
260 0.1201 0.2142 0.1776 0.3879 0.0921 0.0082
261 0.4089 0.0562 0.1787 0.2559 0.0920 0.0082
262 0.3335 0.3721 0.0744 0.0301 0.1871 0.0029
263 0.2047 0.3271 0.0975 0.0522 0.3147 0.0038
264 0.2744 0.0727 0.4351 0.1091 0.0884 0.0203
265 0.4031 0.0673 0.3447 0.0638 0.1102 0.0110
266 0.3066 0.0717 0.3757 0.1137 0.1146 0.0177
267 0.1515 0.0127 0.5288 0.2920 0.0069 0.0080
268 0.5649 0.0319 0.2668 0.1184 0.0031 0.0151
269 0.6343 0.0219 0.2228 0.1052 0.0028 0.0129
270 0.7402 0.0363 0.1873 0.0289 0.0032 0.0040
271 0.1133 0.1549 0.1367 0.1284 0.0181 0.4485
