time exciting_prob fearful_prob tense_prob sad_prob relaxing_prob neutral_prob
0 0.0896 0.2803 0.1810 0.3127 0.0247 0.1115
1 0.1542 0.0352 0.4392 0.3528 0.0125 0.0062
2 0.1593 0.0696 0.2976 0.4399 0.0135 0.0199
3 0.1707 0.0497 0.0369 0.7183 0.0012 0.0233
4 0.1534 0.0526 0.3298 0.4170 0.0023 0.0446
5 0.0853 0.0814 0.2712 0.4834 0.0133 0.0654
6 0.0993 0.3157 0.1490 0.2874 0.0308 0.1179
7 0.4316 0.0040 0.0116 0.4890 0.0632 0.0005
8 0.5547 0.0025 0.0116 0.3752 0.0549 0.0009
9 0.2986 0.0269 0.2849 0.3333 0.0380 0.0182
10 0.2703 0.0238 0.1317 0.5127 0.0448 0.0167
11 0.3088 0.0246 0.2191 0.3784 0.0432 0.0258
12 0.3970 0.0235 0.1654 0.3613 0.0326 0.0202
13 0.2448 0.0217 0.1605 0.5264 0.0323 0.0144
14 0.2976 0.0130 0.1061 0.5386 0.0342 0.0106
15 0.1364 0.0173 0.1475 0.6709 0.0239 0.0039
16 0.1262 0.0178 0.1571 0.6719 0.0209 0.0064
17 0.1421 0.1245 0.5039 0.1742 0.0182 0.0371
18 0.2673 0.1633 0.3569 0.1559 0.0280 0.0286
19 0.1733 0.0643 0.2561 0.4497 0.0096 0.0470
20 0.1406 0.0634 0.2754 0.4907 0.0131 0.0169
21 0.1099 0.0548 0.3958 0.4019 0.0215 0.0163
22 0.2603 0.0501 0.0442 0.5020 0.0879 0.0558
23 0.2615 0.0503 0.0495 0.5581 0.0386 0.0420
24 0.2920 0.0351 0.3928 0.2576 0.0134 0.0091
25 0.2406 0.0352 0.4565 0.2026 0.0537 0.0114
26 0.4082 0.0346 0.1929 0.3333 0.0293 0.0018
27 0.3831 0.0305 0.1926 0.3772 0.0144 0.0021
28 0.2002 0.0953 0.0578 0.5029 0.0071 0.1365
29 0.1576 0.0728 0.0374 0.6743 0.0084 0.0496
30 0.3110 0.0762 0.3635 0.2384 0.0084 0.0024
31 0.1659 0.0565 0.3352 0.4238 0.0146 0.0040
32 0.2167 0.0630 0.2961 0.4048 0.0089 0.0105
33 0.3613 0.0334 0.2859 0.2859 0.0143 0.0190
34 0.4626 0.0291 0.2556 0.2220 0.0131 0.0174
35 0.1403 0.0554 0.0281 0.7705 0.0031 0.0029
36 0.0823 0.0727 0.0272 0.8125 0.0030 0.0024
37 0.1023 0.0578 0.1039 0.6567 0.0743 0.0051
38 0.0329 0.0244 0.1241 0.7842 0.0262 0.0083
39 0.3745 0.0767 0.1840 0.3057 0.0343 0.0247
40 0.2610 0.0649 0.1608 0.4473 0.0400 0.0260
41 0.3088 0.0338 0.0768 0.3843 0.0504 0.1459
42 0.2539 0.0405 0.1127 0.3391 0.0622 0.1917
43 0.2732 0.0314 0.1213 0.4368 0.0353 0.1021
44 0.1970 0.0742 0.2395 0.3708 0.0881 0.0302
45 0.2257 0.0750 0.3335 0.2311 0.0994 0.0352
46 0.0763 0.0512 0.0845 0.6699 0.0920 0.0262
47 0.0830 0.0683 0.0837 0.6685 0.0811 0.0156
48 0.3711 0.0822 0.2673 0.2148 0.0468 0.0178
49 0.1866 0.0417 0.0491 0.6416 0.0200 0.0611
50 0.1952 0.0517 0.0501 0.5825 0.0350 0.0853
51 0.1930 0.0245 0.2256 0.4214 0.1083 0.0272
52 0.1338 0.0146 0.0301 0.6484 0.1541 0.0188
53 0.1062 0.0140 0.0923 0.7485 0.0216 0.0172
54 0.1326 0.0911 0.0557 0.5986 0.0267 0.0955
55 0.2769 0.0806 0.1830 0.4124 0.0073 0.0399
56 0.1742 0.0890 0.4380 0.2827 0.0074 0.0085
57 0.1202 0.0352 0.0238 0.5688 0.1997 0.0521
58 0.0699 0.0488 0.0368 0.7754 0.0448 0.0245
59 0.3508 0.0258 0.0302 0.5693 0.0122 0.0115
60 0.4600 0.0541 0.0800 0.3696 0.0201 0.0162
61 0.1539 0.0466 0.0481 0.7065 0.0215 0.0234
62 0.0939 0.1927 0.0761 0.6128 0.0087 0.0157
63 0.1737 0.0853 0.1395 0.5518 0.0147 0.0347
64 0.1053 0.0501 0.1130 0.7085 0.0153 0.0077
65 0.1676 0.0427 0.0265 0.7163 0.0148 0.0320
66 0.1306 0.0612 0.0267 0.7173 0.0120 0.0524
67 0.1508 0.1147 0.0770 0.6152 0.0206 0.0220
68 0.1047 0.0454 0.0241 0.8105 0.0032 0.0120
69 0.4490 0.0073 0.0536 0.4705 0.0140 0.0056
70 0.2539 0.0315 0.2241 0.4456 0.0217 0.0231
71 0.3086 0.0157 0.0805 0.5503 0.0287 0.0160
72 0.1743 0.0417 0.0856 0.5542 0.1256 0.0187
73 0.2095 0.0381 0.0894 0.5024 0.1417 0.0189
74 0.4299 0.0184 0.0226 0.4795 0.0216 0.0279
75 0.5483 0.0254 0.0909 0.3171 0.0057 0.0126
76 0.2979 0.0233 0.0356 0.5835 0.0271 0.0327
77 0.1371 0.0627 0.0227 0.7129 0.0105 0.0541
78 0.1016 0.0682 0.0259 0.7808 0.0112 0.0123
79 0.0211 0.0255 0.0239 0.9263 0.0011 0.0020
80 0.3838 0.0249 0.0626 0.5005 0.0030 0.0253
81 0.2856 0.0396 0.2444 0.3967 0.0096 0.0240
82 0.1370 0.0215 0.3499 0.4707 0.0049 0.0162
83 0.1635 0.0351 0.3799 0.4045 0.0055 0.0115
84 0.1577 0.0296 0.3040 0.4783 0.0053 0.0251
85 0.0809 0.0681 0.6357 0.1214 0.0103 0.0834
86 0.0736 0.0931 0.6260 0.1233 0.0078 0.0760
87 0.0941 0.0580 0.6138 0.1962 0.0086 0.0296
88 0.1326 0.0570 0.1757 0.5581 0.0312 0.0454
89 0.1212 0.1428 0.1509 0.5605 0.0133 0.0114
90 0.1412 0.0480 0.0511 0.7285 0.0173 0.0140
91 0.0393 0.1129 0.0581 0.7363 0.0075 0.0456
92 0.3303 0.0230 0.2654 0.3303 0.0261 0.0251
93 0.3831 0.0121 0.2983 0.2288 0.0495 0.0282
94 0.1268 0.0313 0.0700 0.7295 0.0111 0.0313
95 0.1570 0.0967 0.2510 0.4688 0.0067 0.0198
96 0.1873 0.0428 0.0533 0.6689 0.0124 0.0352
97 0.1613 0.0532 0.0417 0.7227 0.0110 0.0102
98 0.0219 0.0479 0.0291 0.8623 0.0042 0.0348
99 0.0633 0.0613 0.0086 0.8335 0.0080 0.0254
100 0.1160 0.0523 0.3408 0.4309 0.0454 0.0144
101 0.1216 0.0656 0.4590 0.3059 0.0341 0.0138
102 0.1240 0.0446 0.2281 0.5645 0.0206 0.0180
103 0.1118 0.0336 0.4355 0.3667 0.0106 0.0418
104 0.1818 0.0568 0.4160 0.2524 0.0177 0.0752
105 0.3362 0.0496 0.3013 0.2421 0.0156 0.0553
106 0.2042 0.0608 0.3315 0.3420 0.0083 0.0533
107 0.8965 0.0164 0.0367 0.0288 0.0189 0.0025
108 0.8286 0.0252 0.0691 0.0457 0.0268 0.0045
109 0.8628 0.0197 0.0671 0.0312 0.0157 0.0034
110 0.7061 0.0315 0.0699 0.1550 0.0229 0.0149
111 0.5625 0.0186 0.0704 0.3206 0.0181 0.0101
112 0.5693 0.0248 0.1556 0.2373 0.0067 0.0065
113 0.5762 0.0276 0.1266 0.2556 0.0069 0.0069
114 0.5859 0.0170 0.1172 0.2683 0.0091 0.0025
115 0.3042 0.0344 0.0355 0.4785 0.0147 0.1328
116 0.1268 0.0139 0.6543 0.1788 0.0113 0.0149
117 0.1935 0.1506 0.2903 0.2644 0.0563 0.0449
118 0.1862 0.0852 0.3069 0.4065 0.0046 0.0107
119 0.1024 0.1255 0.4246 0.3254 0.0054 0.0167
120 0.1774 0.1163 0.2190 0.4424 0.0415 0.0035
121 0.2942 0.0693 0.3438 0.2720 0.0098 0.0109
122 0.3945 0.0209 0.1242 0.4402 0.0111 0.0089
123 0.3372 0.0129 0.0801 0.5391 0.0125 0.0184
124 0.3186 0.0138 0.2090 0.4290 0.0238 0.0058
125 0.2866 0.0391 0.2610 0.3918 0.0100 0.0112
126 0.4106 0.0230 0.1534 0.3982 0.0097 0.0049
127 0.4163 0.1020 0.1580 0.3044 0.0050 0.0142
128 0.3518 0.0737 0.1040 0.4448 0.0092 0.0163
129 0.2681 0.0154 0.0196 0.6431 0.0138 0.0402
130 0.4324 0.0199 0.0209 0.4062 0.0138 0.1068
131 0.2947 0.0684 0.2405 0.2443 0.0445 0.1075
132 0.3401 0.1194 0.0801 0.3621 0.0266 0.0718
133 0.3945 0.0730 0.1104 0.2710 0.0901 0.0610
134 0.5186 0.1451 0.0730 0.1545 0.0741 0.0347
135 0.2305 0.1055 0.3921 0.1523 0.1031 0.0164
136 0.2820 0.0801 0.3374 0.1671 0.1046 0.0288
137 0.4419 0.0617 0.0716 0.3962 0.0143 0.0143
138 0.3333 0.0646 0.0876 0.4246 0.0263 0.0636
139 0.4856 0.0063 0.0705 0.3723 0.0301 0.0352
140 0.5010 0.0078 0.0647 0.3665 0.0218 0.0383
141 0.7168 0.0125 0.1001 0.1188 0.0184 0.0335
142 0.4973 0.0063 0.0662 0.3811 0.0063 0.0428
143 0.5942 0.0804 0.0637 0.2274 0.0126 0.0215
144 0.4275 0.0275 0.0392 0.4480 0.0220 0.0356
145 0.3318 0.1461 0.1920 0.2544 0.0381 0.0375
146 0.3804 0.0785 0.2554 0.2573 0.0134 0.0152
147 0.2954 0.1353 0.2585 0.1736 0.0367 0.1005
148 0.3181 0.1091 0.1757 0.3550 0.0100 0.0323
149 0.2499 0.0986 0.3284 0.1481 0.0473 0.1277
150 0.3357 0.1116 0.2595 0.1927 0.0417 0.0588
151 0.7051 0.0164 0.0903 0.1549 0.0060 0.0271
152 0.5762 0.0202 0.0492 0.3386 0.0074 0.0085
153 0.7075 0.0141 0.0581 0.1935 0.0088 0.0180
154 0.6245 0.0248 0.0242 0.2974 0.0226 0.0068
155 0.2147 0.0475 0.1204 0.3711 0.0446 0.2017
156 0.2959 0.0822 0.2673 0.2847 0.0161 0.0539
157 0.1837 0.1313 0.4878 0.1141 0.0047 0.0784
158 0.1937 0.1104 0.3508 0.2488 0.0226 0.0735
159 0.4382 0.0136 0.1855 0.3206 0.0199 0.0222
160 0.2903 0.0594 0.0818 0.4900 0.0285 0.0500
161 0.2451 0.0821 0.1646 0.4336 0.0314 0.0433
162 0.0598 0.0689 0.2810 0.5591 0.0106 0.0205
163 0.0627 0.0580 0.3337 0.4856 0.0170 0.0431
164 0.2705 0.1483 0.0653 0.4602 0.0281 0.0274
165 0.3572 0.0737 0.1782 0.3684 0.0068 0.0158
166 0.4973 0.0673 0.1493 0.2683 0.0103 0.0074
167 0.1294 0.0656 0.1489 0.5796 0.0278 0.0487
168 0.1288 0.0638 0.4497 0.2859 0.0663 0.0056
169 0.3171 0.0765 0.0796 0.4688 0.0042 0.0538
170 0.3389 0.0396 0.0710 0.5332 0.0094 0.0079
171 0.5483 0.0796 0.1177 0.2164 0.0136 0.0243
172 0.2729 0.0966 0.1069 0.4502 0.0110 0.0623
173 0.1707 0.1146 0.5176 0.1298 0.0135 0.0541
174 0.2491 0.1141 0.3684 0.1726 0.0343 0.0616
175 0.4973 0.1209 0.0775 0.2683 0.0098 0.0264
176 0.1766 0.1022 0.4951 0.0953 0.0518 0.0790
177 0.4526 0.0768 0.1772 0.2703 0.0094 0.0137
178 0.3188 0.1093 0.1816 0.3613 0.0064 0.0227
179 0.6660 0.0302 0.1365 0.1213 0.0334 0.0124
180 0.5864 0.0599 0.1494 0.1404 0.0412 0.0229
181 0.5742 0.0413 0.1908 0.1440 0.0406 0.0090
182 0.5894 0.0612 0.1587 0.1188 0.0667 0.0050
183 0.3799 0.0385 0.1398 0.3486 0.0760 0.0175
184 0.5581 0.0462 0.1274 0.1538 0.0947 0.0197
185 0.5537 0.0271 0.1108 0.2203 0.0704 0.0175
186 0.5396 0.0790 0.2432 0.0522 0.0660 0.0201
187 0.5693 0.0432 0.2732 0.0718 0.0342 0.0084
188 0.5562 0.0696 0.2264 0.0764 0.0509 0.0206
189 0.5732 0.0581 0.2280 0.0685 0.0619 0.0102
190 0.4531 0.0751 0.2771 0.1318 0.0287 0.0341
191 0.2693 0.0640 0.4512 0.1881 0.0209 0.0065
192 0.4402 0.0696 0.2549 0.1835 0.0429 0.0090
193 0.3618 0.0302 0.1331 0.4099 0.0412 0.0237
194 0.2303 0.0282 0.2822 0.4370 0.0189 0.0033
195 0.1671 0.0316 0.0446 0.7256 0.0228 0.0082
196 0.4272 0.0179 0.0239 0.4766 0.0410 0.0135
197 0.4661 0.0243 0.0437 0.4446 0.0119 0.0094
198 0.1879 0.0654 0.1710 0.5029 0.0054 0.0675
199 0.1171 0.0451 0.3665 0.3779 0.0213 0.0721
200 0.1099 0.0444 0.5498 0.2595 0.0104 0.0261
201 0.4119 0.0108 0.0327 0.5288 0.0083 0.0077
202 0.4248 0.0083 0.0333 0.5205 0.0091 0.0039
203 0.3484 0.0153 0.1312 0.4690 0.0183 0.0178
204 0.3657 0.0079 0.0495 0.5576 0.0103 0.0092
205 0.2308 0.0251 0.0738 0.6577 0.0089 0.0037
206 0.2966 0.0727 0.1638 0.4385 0.0056 0.0225
207 0.2456 0.0404 0.1008 0.5664 0.0184 0.0282
208 0.2817 0.0167 0.0406 0.6450 0.0108 0.0052
209 0.2622 0.0428 0.3472 0.3018 0.0336 0.0126
210 0.1926 0.0465 0.2676 0.4551 0.0273 0.0110
211 0.1741 0.0896 0.3684 0.3152 0.0385 0.0142
212 0.2012 0.1339 0.3669 0.2749 0.0170 0.0060
213 0.2322 0.0211 0.4546 0.1956 0.0235 0.0731
214 0.2076 0.0240 0.4902 0.2280 0.0279 0.0222
215 0.2864 0.0329 0.3794 0.2607 0.0154 0.0252
216 0.2474 0.0305 0.3435 0.3381 0.0081 0.0322
217 0.1133 0.0230 0.4553 0.3601 0.0107 0.0374
218 0.2389 0.0366 0.2175 0.4463 0.0294 0.0313
219 0.2495 0.0247 0.1797 0.4885 0.0150 0.0427
220 0.2059 0.0381 0.3342 0.3787 0.0134 0.0297
221 0.2554 0.0278 0.2399 0.4277 0.0310 0.0184
222 0.4077 0.0185 0.2323 0.2983 0.0213 0.0219
223 0.4121 0.0267 0.1539 0.3525 0.0402 0.0147
224 0.3340 0.0251 0.1963 0.3843 0.0346 0.0257
225 0.2742 0.0291 0.1885 0.4451 0.0383 0.0249
226 0.3228 0.0257 0.1226 0.4771 0.0386 0.0132
