time exciting_prob fearful_prob tense_prob sad_prob relaxing_prob neutral_prob
0 0.1136 0.1553 0.1349 0.1288 0.0181 0.4492
1 0.1169 0.1152 0.1898 0.4211 0.0869 0.0698
2 0.0751 0.1904 0.2407 0.3140 0.1164 0.0633
3 0.0587 0.3706 0.1301 0.1864 0.2450 0.0092
4 0.0657 0.4150 0.1227 0.1798 0.1899 0.0269
5 0.0570 0.4114 0.0977 0.2202 0.2004 0.0133
6 0.0551 0.2734 0.2954 0.3098 0.0518 0.0146
7 0.0330 0.3801 0.1007 0.4375 0.0382 0.0104
8 0.0938 0.2891 0.3540 0.2147 0.0273 0.0211
9 0.0618 0.1340 0.5469 0.2043 0.0432 0.0098
10 0.0550 0.3369 0.3818 0.1642 0.0537 0.0082
11 0.0636 0.0612 0.1422 0.6997 0.0188 0.0145
12 0.0617 0.1209 0.1328 0.6538 0.0207 0.0103
13 0.1086 0.2773 0.2194 0.3701 0.0209 0.0038
14 0.0246 0.1543 0.3762 0.3425 0.0044 0.0981
15 0.0498 0.1252 0.2913 0.4238 0.0094 0.1006
16 0.1110 0.0622 0.0775 0.6587 0.0285 0.0622
17 0.0677 0.2637 0.2118 0.4346 0.0105 0.0119
18 0.0986 0.1327 0.0870 0.6377 0.0338 0.0102
19 0.1847 0.2729 0.1449 0.3450 0.0347 0.0177
20 0.1141 0.2455 0.2739 0.3103 0.0275 0.0286
21 0.0925 0.0940 0.2517 0.5327 0.0144 0.0148
22 0.0314 0.2654 0.3054 0.3301 0.0394 0.0284
23 0.0645 0.4202 0.3594 0.1407 0.0126 0.0027
24 0.0724 0.3943 0.3218 0.1777 0.0306 0.0031
25 0.0865 0.2837 0.4258 0.1803 0.0209 0.0027
26 0.0552 0.2717 0.5664 0.0939 0.0071 0.0054
27 0.0367 0.1086 0.0958 0.7026 0.0370 0.0195
28 0.0886 0.3821 0.2410 0.2013 0.0399 0.0471
29 0.1195 0.2673 0.1647 0.3486 0.0464 0.0535
30 0.0491 0.3281 0.2554 0.2761 0.0327 0.0583
31 0.0230 0.3171 0.1570 0.4543 0.0108 0.0379
32 0.0118 0.1554 0.0819 0.7075 0.0120 0.0316
33 0.0416 0.3945 0.2000 0.2886 0.0279 0.0475
34 0.0552 0.4375 0.3301 0.1622 0.0081 0.0070
35 0.0455 0.4856 0.3782 0.0733 0.0077 0.0097
36 0.0429 0.1936 0.1777 0.4434 0.0231 0.1193
37 0.0266 0.1006 0.1364 0.5654 0.0237 0.1475
38 0.0693 0.1825 0.2236 0.2380 0.0127 0.2739
39 0.0489 0.0452 0.7070 0.1705 0.0148 0.0138
40 0.0373 0.1029 0.1984 0.5391 0.0568 0.0654
41 0.0240 0.2172 0.1470 0.5210 0.0215 0.0694
42 0.0202 0.2988 0.0883 0.5410 0.0188 0.0330
43 0.0609 0.0445 0.1616 0.5381 0.0199 0.1748
44 0.0381 0.2812 0.1360 0.4287 0.0757 0.0405
45 0.0345 0.2355 0.1907 0.4832 0.0339 0.0222
46 0.0381 0.4941 0.1554 0.2603 0.0279 0.0242
47 0.0519 0.2808 0.2515 0.3494 0.0096 0.0570
48 0.0356 0.3655 0.1151 0.4077 0.0172 0.0587
49 0.0556 0.2825 0.3406 0.2166 0.0305 0.0743
50 0.0191 0.1360 0.0906 0.6392 0.0851 0.0301
51 0.0602 0.0862 0.2380 0.4050 0.0100 0.2004
52 0.0351 0.2939 0.2986 0.2803 0.0080 0.0842
53 0.0411 0.3186 0.2224 0.2600 0.0097 0.1482
54 0.0720 0.0698 0.5747 0.2396 0.0186 0.0251
55 0.0380 0.1650 0.7061 0.0607 0.0222 0.0081
56 0.0419 0.4980 0.1804 0.2390 0.0228 0.0179
57 0.0645 0.2050 0.4075 0.1409 0.0071 0.1753
58 0.0571 0.2329 0.3286 0.1902 0.0098 0.1814
59 0.0695 0.1110 0.6001 0.1774 0.0019 0.0399
60 0.0520 0.1615 0.1238 0.5728 0.0262 0.0638
61 0.2294 0.1843 0.1746 0.3210 0.0096 0.0812
62 0.0191 0.1326 0.5244 0.2942 0.0188 0.0109
63 0.0948 0.2072 0.4185 0.2422 0.0103 0.0270
64 0.0476 0.0984 0.1226 0.4697 0.0255 0.2362
65 0.0372 0.2277 0.1978 0.4819 0.0166 0.0389
66 0.0989 0.0944 0.1332 0.3245 0.0629 0.2864
67 0.0692 0.2198 0.2571 0.4172 0.0167 0.0200
68 0.0518 0.2100 0.2825 0.4241 0.0120 0.0197
69 0.0397 0.1686 0.0543 0.6167 0.0183 0.1023
70 0.1467 0.2325 0.3230 0.0804 0.0089 0.2085
71 0.0634 0.2249 0.3481 0.2179 0.0093 0.1364
72 0.0276 0.2764 0.4214 0.1306 0.0072 0.1368
73 0.0651 0.2186 0.1841 0.4927 0.0333 0.0061
74 0.0463 0.4424 0.2856 0.2026 0.0190 0.0040
75 0.0237 0.2869 0.1560 0.5034 0.0055 0.0245
76 0.1080 0.2050 0.2286 0.4338 0.0091 0.0152
77 0.0434 0.1978 0.2137 0.5127 0.0173 0.0150
78 0.0439 0.2430 0.2842 0.3945 0.0139 0.0204
79 0.0427 0.1943 0.2656 0.4380 0.0332 0.0263
80 0.1260 0.0776 0.2178 0.5142 0.0228 0.0416
81 0.1126 0.2498 0.2274 0.3308 0.0301 0.0492
82 0.0424 0.2383 0.3806 0.1074 0.0243 0.2070
83 0.1095 0.1998 0.0951 0.4297 0.0439 0.1221
84 0.1272 0.2180 0.2798 0.3323 0.0364 0.0062
85 0.0464 0.2671 0.2798 0.3650 0.0054 0.0364
86 0.0660 0.1196 0.1713 0.5796 0.0078 0.0556
87 0.0408 0.2600 0.2443 0.3667 0.0133 0.0751
88 0.0551 0.2468 0.1232 0.4575 0.0801 0.0373
89 0.0453 0.0483 0.1659 0.6982 0.0089 0.0332
90 0.0638 0.1373 0.1936 0.5430 0.0076 0.0546
91 0.0750 0.3157 0.3362 0.1600 0.0154 0.0978
92 0.0716 0.3335 0.4705 0.1100 0.0113 0.0030
93 0.0731 0.4045 0.3149 0.1910 0.0101 0.0062
94 0.0495 0.3894 0.3438 0.1929 0.0177 0.0068
95 0.0281 0.4160 0.2644 0.2771 0.0089 0.0056
96 0.0747 0.0901 0.1820 0.5605 0.0165 0.0759
97 0.0782 0.2427 0.2708 0.3530 0.0191 0.0363
98 0.0615 0.1646 0.2357 0.4336 0.0146 0.0901
99 0.0887 0.2649 0.1440 0.4041 0.0066 0.0916
100 0.1041 0.2222 0.1625 0.4702 0.0092 0.0317
101 0.0676 0.1868 0.6221 0.1116 0.0083 0.0036
102 0.0635 0.1622 0.3435 0.3894 0.0307 0.0105
103 0.0668 0.2947 0.4092 0.2157 0.0076 0.0060
104 0.0433 0.3594 0.3652 0.2017 0.0267 0.0038
105 0.0895 0.0650 0.1523 0.4548 0.0131 0.2251
106 0.1083 0.0733 0.2722 0.4419 0.0115 0.0927
107 0.1953 0.2230 0.2932 0.2393 0.0091 0.0400
108 0.0359 0.1176 0.1396 0.5190 0.0394 0.1487
109 0.1001 0.2852 0.1001 0.4417 0.0289 0.0441
110 0.0814 0.3455 0.0887 0.4233 0.0385 0.0226
111 0.0624 0.2078 0.1952 0.4905 0.0352 0.0089
112 0.0828 0.0743 0.2435 0.4548 0.0778 0.0666
113 0.1348 0.1786 0.2056 0.4089 0.0637 0.0085
114 0.0450 0.1323 0.5073 0.2981 0.0150 0.0023
115 0.0762 0.3779 0.3335 0.1208 0.0786 0.0129
116 0.0727 0.2617 0.2072 0.4119 0.0354 0.0110
117 0.0701 0.2125 0.2603 0.2729 0.0187 0.1655
118 0.0665 0.4648 0.3096 0.0747 0.0820 0.0022
119 0.1250 0.3821 0.3169 0.0795 0.0724 0.0240
120 0.0555 0.1495 0.2076 0.5303 0.0158 0.0412
121 0.0220 0.0856 0.1033 0.6733 0.0352 0.0804
122 0.0156 0.1586 0.1537 0.6470 0.0188 0.0062
123 0.0255 0.1826 0.4246 0.3464 0.0035 0.0175
124 0.0151 0.2314 0.1720 0.5381 0.0107 0.0326
125 0.1040 0.2917 0.1197 0.4114 0.0515 0.0218
126 0.0308 0.3721 0.1703 0.2808 0.0282 0.1180
127 0.0440 0.2085 0.2255 0.4277 0.0138 0.0804
128 0.0041 0.0409 0.0328 0.8740 0.0079 0.0403
129 0.0771 0.3147 0.3198 0.2451 0.0180 0.0250
130 0.0576 0.2109 0.5020 0.2092 0.0041 0.0160
131 0.0247 0.3525 0.5903 0.0274 0.0023 0.0026
132 0.0931 0.3008 0.3008 0.2200 0.0461 0.0394
133 0.0914 0.0638 0.2228 0.5342 0.0425 0.0453
134 0.1005 0.1417 0.2690 0.3853 0.0324 0.0713
135 0.0289 0.1910 0.2034 0.5195 0.0034 0.0539
136 0.0651 0.2438 0.2939 0.2438 0.1284 0.0249
137 0.0811 0.0716 0.1218 0.5371 0.0141 0.1744
138 0.0461 0.3103 0.4109 0.1912 0.0401 0.0015
139 0.0230 0.2365 0.4851 0.2328 0.0182 0.0044
140 0.0173 0.1672 0.0867 0.6821 0.0273 0.0191
141 0.0748 0.2269 0.2133 0.2781 0.0766 0.1304
142 0.0503 0.1550 0.2852 0.4556 0.0374 0.0167
143 0.1393 0.3875 0.2522 0.1760 0.0246 0.0207
144 0.0978 0.1092 0.3416 0.3931 0.0477 0.0106
145 0.1396 0.3298 0.2197 0.2510 0.0332 0.0269
146 0.0677 0.3413 0.1771 0.3467 0.0444 0.0227
147 0.0300 0.2186 0.3333 0.4021 0.0027 0.0132
148 0.1349 0.3782 0.2642 0.1199 0.0094 0.0934
149 0.0770 0.3647 0.3169 0.2212 0.0103 0.0098
150 0.0599 0.3447 0.2947 0.2642 0.0113 0.0252
151 0.0439 0.0974 0.3733 0.4363 0.0093 0.0399
152 0.0607 0.2362 0.2438 0.4082 0.0197 0.0315
153 0.0303 0.1226 0.1501 0.6226 0.0284 0.0461
154 0.0241 0.5708 0.2915 0.1039 0.0074 0.0022
155 0.0151 0.2512 0.1000 0.5664 0.0091 0.0583
156 0.1013 0.1737 0.2196 0.3508 0.0286 0.1261
157 0.0485 0.2727 0.1372 0.4429 0.0264 0.0723
158 0.0571 0.0870 0.1414 0.5591 0.0249 0.1307
159 0.1299 0.0996 0.3589 0.3318 0.0092 0.0706
160 0.1343 0.1807 0.1185 0.4910 0.0413 0.0345
161 0.0580 0.2242 0.2010 0.4976 0.0093 0.0098
162 0.0645 0.3457 0.2096 0.3567 0.0171 0.0067
163 0.0688 0.0465 0.1411 0.6626 0.0171 0.0636
164 0.2417 0.0495 0.2494 0.3862 0.0152 0.0579
165 0.0389 0.1917 0.1830 0.2747 0.0102 0.3015
166 0.0609 0.2881 0.4531 0.1693 0.0246 0.0042
167 0.0125 0.2700 0.4055 0.2788 0.0236 0.0095
168 0.0470 0.2947 0.4600 0.1436 0.0528 0.0021
169 0.0872 0.3340 0.2686 0.2903 0.0172 0.0028
170 0.1670 0.1061 0.4197 0.2585 0.0237 0.0250
171 0.0440 0.6577 0.1356 0.1335 0.0037 0.0255
172 0.0521 0.0546 0.2091 0.5864 0.0572 0.0406
173 0.2085 0.0977 0.1573 0.4485 0.0148 0.0732
174 0.0376 0.0853 0.1671 0.6714 0.0115 0.0273
175 0.0597 0.4846 0.3384 0.1000 0.0104 0.0070
176 0.0852 0.0367 0.0951 0.7134 0.0350 0.0344
177 0.0679 0.2644 0.1372 0.4292 0.0752 0.0260
178 0.0489 0.3044 0.3909 0.2158 0.0124 0.0276
179 0.1467 0.1884 0.2534 0.2964 0.0621 0.0531
180 0.0529 0.2371 0.2859 0.3557 0.0187 0.0497
181 0.0703 0.2510 0.3174 0.3076 0.0083 0.0454
182 0.0442 0.7651 0.1119 0.0609 0.0099 0.0081
183 0.0797 0.5845 0.2084 0.1124 0.0124 0.0029
184 0.1104 0.4397 0.4004 0.0412 0.0041 0.0041
185 0.0829 0.5664 0.3127 0.0296 0.0070 0.0012
186 0.2074 0.3289 0.1666 0.2388 0.0393 0.0190
187 0.0286 0.0467 0.0729 0.7603 0.0231 0.0685
188 0.0441 0.0589 0.1359 0.5903 0.0218 0.1492
189 0.0659 0.1556 0.1737 0.5103 0.0314 0.0629
190 0.0503 0.0939 0.1305 0.6372 0.0461 0.0420
191 0.0412 0.0914 0.0859 0.6650 0.0604 0.0563
192 0.0249 0.1359 0.1718 0.4968 0.1445 0.0261
193 0.0444 0.0709 0.0809 0.5620 0.0382 0.2035
194 0.0476 0.2185 0.1573 0.4246 0.0274 0.1245
195 0.0479 0.3003 0.2451 0.3198 0.0243 0.0625
196 0.0209 0.1862 0.1891 0.5386 0.0122 0.0533
197 0.0211 0.1521 0.1670 0.6016 0.0066 0.0518
198 0.0456 0.4636 0.1653 0.2482 0.0328 0.0445
199 0.0277 0.2549 0.1697 0.4761 0.0275 0.0443
200 0.0374 0.3521 0.1855 0.3521 0.0234 0.0495
201 0.0157 0.2456 0.1512 0.5200 0.0024 0.0651
202 0.0137 0.0607 0.0755 0.7505 0.0296 0.0698
203 0.0142 0.0964 0.1127 0.7354 0.0155 0.0260
204 0.0230 0.1396 0.2302 0.5352 0.0250 0.0468
205 0.0295 0.2283 0.2976 0.4263 0.0055 0.0128
206 0.0294 0.4978 0.1803 0.2388 0.0285 0.0252
207 0.0567 0.2260 0.3289 0.3445 0.0303 0.0137
208 0.2695 0.0611 0.1252 0.4109 0.0295 0.1039
209 0.1151 0.2306 0.2654 0.3054 0.0709 0.0128
210 0.0370 0.1509 0.1104 0.6660 0.0075 0.0284
211 0.0501 0.4163 0.2299 0.2194 0.0058 0.0788
212 0.1147 0.1300 0.1682 0.2729 0.0409 0.2729
213 0.0576 0.1517 0.1182 0.6001 0.0220 0.0500
214 0.0170 0.3899 0.1901 0.3496 0.0056 0.0480
215 0.0360 0.1732 0.1505 0.5508 0.0102 0.0793
216 0.0702 0.2266 0.1907 0.3853 0.0098 0.1175
217 0.0254 0.2861 0.1997 0.4644 0.0032 0.0212
218 0.1066 0.0926 0.3281 0.3899 0.0249 0.0579
219 0.0435 0.2732 0.2411 0.2817 0.0119 0.1486
220 0.0351 0.2238 0.1914 0.4888 0.0136 0.0473
221 0.0406 0.2646 0.3044 0.2605 0.0070 0.1230
222 0.0526 0.2356 0.2886 0.3374 0.0195 0.0665
223 0.0627 0.2925 0.1371 0.4424 0.0313 0.0341
224 0.0259 0.1198 0.0672 0.7114 0.0125 0.0631
225 0.0357 0.2294 0.4631 0.1412 0.0058 0.1247
226 0.0276 0.2333 0.4224 0.2949 0.0079 0.0139
227 0.0452 0.2484 0.3613 0.3091 0.0166 0.0193
228 0.0255 0.3442 0.2898 0.0941 0.0060 0.2404
229 0.0430 0.4768 0.1304 0.2593 0.0259 0.0645
230 0.0773 0.1256 0.2103 0.4314 0.0185 0.1368
231 0.0793 0.0466 0.2157 0.4785 0.0146 0.1654
232 0.0365 0.3772 0.2937 0.2305 0.0263 0.0359
233 0.0141 0.4607 0.1519 0.3215 0.0054 0.0463
234 0.0413 0.2162 0.2063 0.2129 0.0037 0.3196
235 0.0695 0.0920 0.2922 0.4124 0.0140 0.1200
236 0.0249 0.0971 0.0576 0.7759 0.0107 0.0336
237 0.0461 0.1030 0.5698 0.2032 0.0446 0.0332
238 0.0498 0.3352 0.2340 0.1740 0.0036 0.2034
239 0.0257 0.1454 0.0635 0.6514 0.0337 0.0803
240 0.1030 0.1522 0.1097 0.4839 0.0610 0.0902
241 0.0707 0.2013 0.1077 0.5386 0.0193 0.0623
242 0.0814 0.1362 0.3218 0.3882 0.0331 0.0393
243 0.1478 0.1326 0.4346 0.1702 0.0083 0.1065
244 0.0244 0.5386 0.1981 0.1951 0.0313 0.0123
245 0.0309 0.0397 0.0999 0.7729 0.0148 0.0416
246 0.0781 0.1720 0.5771 0.1102 0.0292 0.0333
247 0.0365 0.3225 0.3599 0.2434 0.0065 0.0312
248 0.3179 0.1586 0.1160 0.2135 0.1812 0.0128
249 0.0241 0.6069 0.1583 0.1940 0.0057 0.0112
250 0.0521 0.2927 0.3701 0.2505 0.0228 0.0119
251 0.0362 0.2935 0.0526 0.5654 0.0159 0.0362
252 0.0790 0.4011 0.3430 0.1292 0.0096 0.0382
253 0.0206 0.0789 0.0644 0.5063 0.0078 0.3220
254 0.0377 0.2532 0.2167 0.4446 0.0359 0.0120
255 0.0662 0.1899 0.4084 0.2988 0.0052 0.0315
256 0.0490 0.1438 0.1819 0.5601 0.0326 0.0326
257 0.0331 0.6206 0.1342 0.1952 0.0025 0.0145
258 0.1311 0.3618 0.1332 0.2336 0.1251 0.0152
259 0.0511 0.4631 0.3184 0.1479 0.0041 0.0155
260 0.0601 0.1141 0.1293 0.5884 0.0522 0.0560
261 0.0326 0.0541 0.1615 0.7012 0.0250 0.0255
262 0.1367 0.2363 0.3806 0.2069 0.0287 0.0107
263 0.0618 0.1904 0.3789 0.3396 0.0130 0.0164
264 0.0408 0.0466 0.1118 0.7754 0.0026 0.0227
265 0.0463 0.6592 0.2244 0.0638 0.0016 0.0046
266 0.0460 0.5225 0.2627 0.1594 0.0019 0.0073
267 0.0338 0.6240 0.2330 0.1018 0.0019 0.0055
268 0.0278 0.6523 0.2761 0.0371 0.0033 0.0033
269 0.0674 0.4497 0.3342 0.1268 0.0139 0.0080
270 0.1248 0.4858 0.1666 0.1680 0.0393 0.0155
271 0.1008 0.4380 0.1160 0.2052 0.1160 0.0239
272 0.0399 0.2664 0.2313 0.3755 0.0328 0.0541
273 0.0397 0.2014 0.2178 0.5063 0.0160 0.0186
274 0.0885 0.2581 0.3813 0.2386 0.0215 0.0118
275 0.0198 0.2014 0.2178 0.5063 0.0198 0.0350
276 0.1207 0.1389 0.2255 0.4277 0.0274 0.0598
277 0.1752 0.1725 0.0867 0.2888 0.0334 0.2433
278 0.1312 0.2776 0.1006 0.2197 0.0370 0.2339
