time exciting_prob fearful_prob tense_prob sad_prob relaxing_prob neutral_prob
0 0.1136 0.1553 0.1349 0.1288 0.0181 0.4492
1 0.1416 0.3618 0.1156 0.0958 0.0122 0.2729
2 0.1177 0.2131 0.1420 0.2571 0.0286 0.2415
3 0.1025 0.2620 0.1359 0.1772 0.0115 0.3110
4 0.1167 0.4404 0.1476 0.1620 0.0128 0.1204
5 0.0851 0.3555 0.2225 0.1505 0.0415 0.1448
6 0.1039 0.2610 0.0742 0.1234 0.1595 0.2778
7 0.0969 0.2720 0.1346 0.0823 0.1958 0.2185
8 0.0670 0.1038 0.1271 0.2957 0.1969 0.2096
9 0.0941 0.3232 0.1434 0.0837 0.2598 0.0956
10 0.0815 0.4014 0.1141 0.1072 0.2251 0.0709
11 0.2781 0.2323 0.0703 0.0472 0.2035 0.1687
12 0.1459 0.2073 0.0562 0.1470 0.2106 0.2330
13 0.2554 0.3035 0.0804 0.0407 0.2185 0.1016
14 0.2130 0.3076 0.0625 0.0759 0.1659 0.1752
15 0.1758 0.1306 0.0441 0.2559 0.3606 0.0330
16 0.1179 0.1107 0.0417 0.1444 0.5713 0.0140
17 0.1175 0.0974 0.0275 0.0747 0.6763 0.0067
18 0.0902 0.0736 0.0163 0.0960 0.7207 0.0032
19 0.0173 0.0941 0.0548 0.0607 0.7515 0.0218
20 0.0151 0.7349 0.0851 0.1110 0.0485 0.0052
21 0.0197 0.3403 0.1071 0.1970 0.3098 0.0260
22 0.0197 0.3037 0.1550 0.1368 0.3550 0.0298
23 0.1103 0.2354 0.0989 0.3425 0.0929 0.1202
24 0.1323 0.1796 0.1031 0.1648 0.2200 0.2003
25 0.0220 0.0224 0.0311 0.0674 0.8335 0.0235
26 0.0382 0.0348 0.0724 0.0610 0.7788 0.0148
27 0.0528 0.1246 0.1066 0.0667 0.6328 0.0163
28 0.0492 0.0940 0.0726 0.0404 0.7227 0.0213
29 0.1044 0.1803 0.1803 0.3215 0.0304 0.1831
30 0.1310 0.5474 0.0490 0.0591 0.0981 0.1156
31 0.1387 0.3406 0.0766 0.1536 0.1097 0.1809
32 0.2069 0.5044 0.2168 0.0278 0.0153 0.0289
33 0.3022 0.3645 0.1709 0.0513 0.0297 0.0814
34 0.3452 0.3145 0.1877 0.0429 0.0229 0.0866
35 0.3855 0.1879 0.1292 0.0526 0.0183 0.2266
36 0.0580 0.2925 0.0431 0.0668 0.5132 0.0266
37 0.0347 0.1519 0.0347 0.0489 0.7134 0.0166
38 0.4817 0.1744 0.1759 0.0524 0.0374 0.0781
39 0.1760 0.1172 0.0287 0.0928 0.5596 0.0258
40 0.1711 0.1054 0.0605 0.1194 0.5029 0.0406
41 0.0204 0.3340 0.0806 0.1705 0.3555 0.0392
42 0.0258 0.5181 0.0872 0.0958 0.2446 0.0288
43 0.0681 0.2063 0.0273 0.0847 0.5605 0.0530
44 0.0575 0.1423 0.0149 0.0750 0.6377 0.0727
45 0.0587 0.0063 0.0216 0.0625 0.8237 0.0273
46 0.0166 0.0021 0.0045 0.0213 0.9487 0.0068
47 0.0506 0.0224 0.0146 0.1633 0.7095 0.0397
48 0.0590 0.0409 0.0181 0.1288 0.7300 0.0235
49 0.0447 0.3572 0.0291 0.4514 0.1039 0.0138
50 0.0417 0.0377 0.0155 0.1197 0.7686 0.0171
51 0.0350 0.0140 0.0141 0.1021 0.8281 0.0067
52 0.1129 0.0158 0.0331 0.1616 0.6699 0.0067
53 0.0433 0.6768 0.1354 0.1194 0.0106 0.0145
54 0.0466 0.0970 0.0330 0.4282 0.2401 0.1550
55 0.0836 0.0144 0.0186 0.2534 0.6079 0.0221
56 0.2280 0.1450 0.1876 0.0951 0.3396 0.0046
57 0.0446 0.1779 0.0271 0.1417 0.5742 0.0347
58 0.0192 0.8242 0.0427 0.0810 0.0278 0.0050
59 0.1015 0.0487 0.0388 0.0875 0.7212 0.0023
60 0.0882 0.0552 0.0310 0.0854 0.7383 0.0018
61 0.0279 0.2242 0.0349 0.3999 0.2622 0.0508
62 0.0707 0.0145 0.0740 0.1721 0.6602 0.0087
63 0.0757 0.2522 0.0090 0.4639 0.1542 0.0452
64 0.0782 0.0758 0.0283 0.1790 0.6343 0.0043
65 0.2834 0.3816 0.0684 0.0980 0.1201 0.0485
66 0.0389 0.3809 0.0395 0.3159 0.1799 0.0448
67 0.1442 0.4172 0.0720 0.0703 0.1925 0.1039
68 0.1766 0.2935 0.0410 0.0569 0.3403 0.0916
69 0.1068 0.1068 0.0346 0.2368 0.3445 0.1705
70 0.1500 0.1366 0.0175 0.0778 0.5933 0.0249
71 0.0337 0.1699 0.0983 0.0640 0.6265 0.0075
72 0.0262 0.6855 0.0819 0.1554 0.0459 0.0048
73 0.2432 0.1969 0.4404 0.0930 0.0169 0.0096
74 0.4207 0.2454 0.1022 0.1293 0.0742 0.0284
75 0.2593 0.2289 0.2052 0.2399 0.0523 0.0143
76 0.1385 0.1793 0.1213 0.3223 0.0153 0.2231
77 0.2273 0.3083 0.0817 0.2007 0.0386 0.1434
78 0.3171 0.4617 0.1711 0.0239 0.0136 0.0125
79 0.2314 0.6001 0.0838 0.0378 0.0123 0.0344
80 0.2905 0.4753 0.1103 0.0486 0.0154 0.0600
81 0.0322 0.1796 0.0278 0.2915 0.4446 0.0245
82 0.0311 0.1021 0.0248 0.2338 0.5879 0.0204
83 0.0315 0.2810 0.0338 0.2944 0.3389 0.0202
84 0.0548 0.2457 0.0441 0.1757 0.4663 0.0134
85 0.0684 0.3418 0.1947 0.3364 0.0504 0.0085
86 0.0809 0.2781 0.2065 0.3569 0.0574 0.0203
87 0.0716 0.0804 0.0837 0.0496 0.7114 0.0032
88 0.0627 0.0500 0.0793 0.0168 0.7886 0.0028
89 0.1527 0.4893 0.1588 0.1552 0.0152 0.0287
90 0.0957 0.2791 0.0972 0.4126 0.0087 0.1068
91 0.1057 0.5161 0.1586 0.1840 0.0092 0.0267
92 0.1714 0.1942 0.1797 0.2456 0.1610 0.0480
93 0.2285 0.1105 0.1047 0.2737 0.2377 0.0450
94 0.2330 0.1902 0.2642 0.2367 0.0276 0.0485
95 0.1957 0.2551 0.3772 0.1160 0.0305 0.0255
96 0.0219 0.1904 0.0529 0.5259 0.1761 0.0328
97 0.0496 0.4744 0.1010 0.2009 0.1414 0.0328
98 0.0521 0.3115 0.1068 0.2043 0.2625 0.0628
99 0.1547 0.1534 0.0257 0.1323 0.4993 0.0348
100 0.0138 0.0630 0.0263 0.0547 0.8301 0.0119
101 0.1231 0.0345 0.0959 0.2094 0.5264 0.0108
102 0.0673 0.0231 0.0695 0.4600 0.3640 0.0162
103 0.1249 0.2542 0.0643 0.2351 0.0220 0.2996
104 0.3943 0.4006 0.1184 0.0273 0.0196 0.0397
105 0.5835 0.3003 0.0670 0.0115 0.0066 0.0314
106 0.2634 0.5620 0.0677 0.0527 0.0065 0.0476
107 0.1499 0.1633 0.0968 0.3740 0.2065 0.0096
108 0.1005 0.0479 0.0277 0.2336 0.5874 0.0028
109 0.1362 0.0740 0.0342 0.1696 0.5825 0.0034
110 0.6343 0.2261 0.0418 0.0140 0.0155 0.0684
111 0.5215 0.2542 0.0740 0.0199 0.0082 0.1220
112 0.4844 0.2573 0.0829 0.0370 0.0208 0.1177
113 0.2365 0.3181 0.1945 0.1400 0.0672 0.0437
114 0.5811 0.1144 0.0133 0.0207 0.1993 0.0710
115 0.6138 0.3159 0.0396 0.0109 0.0104 0.0093
116 0.5420 0.4092 0.0202 0.0183 0.0064 0.0040
117 0.8105 0.1547 0.0090 0.0107 0.0057 0.0095
118 0.0928 0.4292 0.2949 0.0501 0.1249 0.0079
119 0.5400 0.1583 0.0291 0.0468 0.0736 0.1522
120 0.5967 0.2776 0.0659 0.0307 0.0127 0.0163
121 0.1699 0.3301 0.0265 0.2341 0.1971 0.0423
122 0.1143 0.4775 0.0285 0.1960 0.1743 0.0094
123 0.1028 0.1569 0.3762 0.1428 0.1202 0.1013
124 0.6445 0.2175 0.0381 0.0344 0.0372 0.0281
125 0.4214 0.2186 0.0202 0.0682 0.1575 0.1143
126 0.2783 0.1927 0.1098 0.2380 0.0098 0.1714
127 0.3308 0.1599 0.0305 0.2874 0.0351 0.1562
128 0.4612 0.2932 0.0564 0.0853 0.0111 0.0930
129 0.0677 0.1410 0.1455 0.4082 0.1226 0.1151
130 0.0297 0.0129 0.0205 0.0613 0.8735 0.0022
131 0.0373 0.0154 0.0216 0.1473 0.7720 0.0062
132 0.0520 0.0481 0.0306 0.1371 0.7295 0.0025
133 0.0715 0.1057 0.3257 0.2496 0.1975 0.0499
134 0.1493 0.1470 0.1200 0.0201 0.5591 0.0045
135 0.1293 0.3628 0.2571 0.1941 0.0102 0.0465
136 0.0388 0.0453 0.0490 0.0729 0.7544 0.0397
137 0.0901 0.4233 0.2375 0.0605 0.1765 0.0118
138 0.4785 0.1288 0.0679 0.1426 0.0131 0.1693
139 0.0793 0.1093 0.0679 0.2313 0.4673 0.0449
140 0.0416 0.1166 0.0400 0.1671 0.6211 0.0137
141 0.1218 0.0694 0.1947 0.1718 0.3994 0.0428
142 0.1288 0.0958 0.2407 0.2483 0.1964 0.0900
143 0.2981 0.3652 0.2197 0.0945 0.0048 0.0178
144 0.3618 0.3506 0.1643 0.0789 0.0144 0.0299
145 0.1023 0.1824 0.3149 0.2131 0.1609 0.0263
146 0.0939 0.1838 0.2937 0.2632 0.1080 0.0574
147 0.0188 0.6729 0.0476 0.1989 0.0483 0.0136
148 0.0115 0.7812 0.0646 0.1256 0.0095 0.0073
149 0.0737 0.1273 0.3459 0.2869 0.1313 0.0348
150 0.2761 0.6221 0.0487 0.0307 0.0128 0.0096
151 0.0846 0.0546 0.2688 0.3145 0.2126 0.0649
152 0.0946 0.1215 0.3743 0.2271 0.1489 0.0338
153 0.3967 0.1426 0.3137 0.0580 0.0030 0.0858
154 0.1145 0.0979 0.3696 0.2878 0.0979 0.0323
155 0.1707 0.0599 0.2686 0.4031 0.0690 0.0287
156 0.4319 0.1481 0.0558 0.1237 0.0165 0.2240
157 0.0988 0.1019 0.3140 0.3669 0.1019 0.0165
158 0.0970 0.2917 0.0255 0.3748 0.1974 0.0136
159 0.0521 0.1531 0.4097 0.2729 0.0619 0.0505
160 0.1001 0.1930 0.2808 0.2556 0.1368 0.0335
161 0.0721 0.3157 0.3635 0.0519 0.1771 0.0196
162 0.1567 0.4465 0.1722 0.1791 0.0215 0.0238
163 0.2003 0.2654 0.1443 0.3228 0.0278 0.0395
164 0.0829 0.0667 0.0340 0.1400 0.5986 0.0779
165 0.1105 0.1880 0.3247 0.2097 0.1088 0.0582
166 0.1715 0.1378 0.2496 0.2615 0.1091 0.0704
167 0.1043 0.0825 0.3420 0.4126 0.0099 0.0485
168 0.0763 0.0964 0.1360 0.4749 0.0186 0.1979
169 0.0663 0.0422 0.1279 0.5303 0.0260 0.2075
170 0.4629 0.2070 0.0424 0.1785 0.0540 0.0553
171 0.5767 0.2041 0.0576 0.0424 0.0125 0.1067
172 0.0382 0.1823 0.4656 0.1766 0.1123 0.0251
173 0.1292 0.0624 0.0226 0.3025 0.4761 0.0072
174 0.0867 0.1619 0.0171 0.1952 0.4832 0.0559
175 0.0873 0.0629 0.0471 0.3047 0.4646 0.0337
176 0.0276 0.1173 0.1760 0.5864 0.0628 0.0299
177 0.1050 0.0366 0.0571 0.3389 0.4490 0.0137
178 0.1422 0.1378 0.1274 0.1974 0.3630 0.0320
179 0.0600 0.0573 0.1417 0.5024 0.1908 0.0475
180 0.1770 0.1057 0.2273 0.3105 0.1295 0.0499
181 0.2034 0.0302 0.0479 0.1254 0.5884 0.0045
182 0.1324 0.1235 0.1073 0.4734 0.1573 0.0059
183 0.7344 0.1677 0.0138 0.0182 0.0255 0.0402
184 0.3418 0.4187 0.0438 0.0520 0.0338 0.1100
185 0.4055 0.0395 0.2311 0.1930 0.1285 0.0023
186 0.2761 0.0407 0.2272 0.2634 0.1854 0.0072
187 0.0167 0.0978 0.0115 0.3806 0.4663 0.0269
188 0.0099 0.0047 0.0145 0.0224 0.9385 0.0099
189 0.2393 0.0443 0.0833 0.4333 0.1984 0.0015
190 0.3665 0.0455 0.1447 0.2206 0.2188 0.0041
191 0.1663 0.2534 0.0588 0.2896 0.0119 0.2202
192 0.3057 0.4048 0.0869 0.0682 0.0359 0.0984
193 0.1084 0.6050 0.1076 0.0435 0.0299 0.1059
194 0.1918 0.5093 0.0500 0.0972 0.0806 0.0711
195 0.5801 0.3105 0.0377 0.0189 0.0263 0.0265
196 0.5781 0.2605 0.0746 0.0290 0.0387 0.0190
197 0.4761 0.1071 0.1893 0.1807 0.0403 0.0064
198 0.5967 0.0807 0.1212 0.1619 0.0334 0.0061
199 0.2834 0.0528 0.1553 0.1075 0.3997 0.0014
200 0.0687 0.0869 0.1187 0.0156 0.6729 0.0374
201 0.0705 0.0378 0.1127 0.0562 0.6904 0.0325
202 0.0814 0.0568 0.0741 0.0873 0.5967 0.1037
203 0.4968 0.3960 0.0325 0.0205 0.0171 0.0371
204 0.5801 0.3228 0.0388 0.0167 0.0071 0.0345
205 0.1104 0.1582 0.3245 0.3296 0.0518 0.0254
206 0.0683 0.2808 0.0199 0.2120 0.2944 0.1246
207 0.3418 0.3391 0.1154 0.1339 0.0123 0.0576
208 0.1992 0.1370 0.2257 0.1786 0.2155 0.0441
209 0.4036 0.2861 0.0192 0.0866 0.1342 0.0701
210 0.1281 0.0634 0.1148 0.1184 0.5308 0.0446
211 0.1409 0.1283 0.0881 0.1443 0.4373 0.0611
212 0.1041 0.2457 0.3521 0.1975 0.0626 0.0380
213 0.1187 0.1727 0.0427 0.4480 0.1064 0.1115
214 0.1599 0.6377 0.0570 0.0151 0.1108 0.0194
215 0.1434 0.0173 0.0792 0.5244 0.1785 0.0570
216 0.1066 0.0919 0.2155 0.4421 0.1208 0.0231
217 0.0985 0.0579 0.0480 0.1016 0.6733 0.0206
218 0.0969 0.1812 0.0876 0.0365 0.5894 0.0087
219 0.0623 0.1517 0.1278 0.0366 0.6094 0.0120
220 0.3481 0.2607 0.0364 0.0350 0.2213 0.0982
221 0.2759 0.3459 0.0291 0.0616 0.2454 0.0423
222 0.3201 0.2360 0.0322 0.0709 0.2512 0.0896
223 0.3481 0.2430 0.1087 0.1737 0.0187 0.1078
224 0.3752 0.3472 0.1109 0.0751 0.0149 0.0768
225 0.3091 0.1788 0.2686 0.0865 0.0146 0.1426
226 0.4773 0.2739 0.1501 0.0535 0.0121 0.0330
227 0.2333 0.3906 0.2483 0.0456 0.0083 0.0740
228 0.3186 0.3040 0.2057 0.1317 0.0117 0.0285
229 0.0093 0.7642 0.0455 0.1678 0.0118 0.0012
230 0.0751 0.2423 0.2106 0.1978 0.2241 0.0500
231 0.0165 0.1575 0.0360 0.0704 0.7168 0.0027
232 0.0197 0.0074 0.0016 0.0333 0.9292 0.0085
233 0.1735 0.1351 0.0425 0.2092 0.3972 0.0425
234 0.0913 0.0878 0.0250 0.0825 0.7070 0.0066
235 0.1181 0.1228 0.0315 0.0745 0.6484 0.0047
236 0.1173 0.0706 0.0250 0.0428 0.7412 0.0030
237 0.1437 0.1350 0.0313 0.0653 0.6196 0.0053
238 0.1058 0.1034 0.0197 0.0441 0.7236 0.0034
239 0.3779 0.1552 0.3232 0.0694 0.0096 0.0646
240 0.3982 0.2305 0.2822 0.0407 0.0072 0.0413
241 0.3191 0.1416 0.4570 0.0344 0.0044 0.0435
242 0.0894 0.1321 0.1260 0.1569 0.0202 0.4756
