time exciting_prob fearful_prob tense_prob sad_prob relaxing_prob neutral_prob
0 0.1136 0.1553 0.1349 0.1288 0.0181 0.4492
1 0.1093 0.0299 0.3066 0.4062 0.0260 0.1219
2 0.1329 0.0341 0.3728 0.3728 0.0217 0.0658
3 0.2620 0.1026 0.2329 0.1626 0.0668 0.1731
4 0.2695 0.0483 0.3489 0.1294 0.0869 0.1169
5 0.1677 0.0774 0.2639 0.3665 0.0884 0.0363
6 0.4189 0.0690 0.2664 0.1980 0.0233 0.0244
7 0.1479 0.1285 0.1066 0.2808 0.0843 0.2517
8 0.0777 0.1807 0.3074 0.3945 0.0212 0.0186
9 0.1613 0.2070 0.2617 0.3467 0.0152 0.0080
10 0.1705 0.4287 0.2367 0.0728 0.0268 0.0647
11 0.1669 0.4905 0.0619 0.0266 0.0367 0.2177
12 0.0472 0.8638 0.0640 0.0069 0.0090 0.0092
13 0.0910 0.1477 0.3545 0.2324 0.0592 0.1151
14 0.1227 0.5503 0.2056 0.0331 0.0710 0.0174
15 0.1011 0.3115 0.2583 0.2837 0.0129 0.0328
16 0.1292 0.5879 0.1582 0.0070 0.1005 0.0176
17 0.0558 0.7124 0.1229 0.0262 0.0164 0.0663
18 0.1388 0.5796 0.1853 0.0269 0.0191 0.0503
19 0.1443 0.3054 0.2654 0.2035 0.0327 0.0487
20 0.1439 0.1908 0.2449 0.2864 0.0582 0.0759
21 0.0613 0.8071 0.1059 0.0070 0.0054 0.0133
22 0.0853 0.7598 0.0789 0.0224 0.0100 0.0435
23 0.0147 0.0875 0.6167 0.2378 0.0043 0.0388
24 0.0572 0.4468 0.2883 0.1384 0.0659 0.0034
25 0.1429 0.4009 0.2671 0.1620 0.0219 0.0050
26 0.1147 0.3562 0.3398 0.1581 0.0270 0.0042
27 0.0289 0.4412 0.1598 0.3489 0.0060 0.0152
28 0.0393 0.5908 0.2881 0.0663 0.0115 0.0040
29 0.0500 0.6577 0.1771 0.0667 0.0267 0.0217
30 0.0571 0.7886 0.1218 0.0094 0.0151 0.0082
31 0.0367 0.1951 0.5645 0.1519 0.0505 0.0015
32 0.0437 0.1399 0.4114 0.2961 0.0992 0.0097
33 0.2181 0.2358 0.1365 0.0551 0.3540 0.0003
34 0.2169 0.1785 0.1827 0.1082 0.3132 0.0005
35 0.0291 0.4023 0.4558 0.1083 0.0019 0.0027
36 0.0316 0.2776 0.3196 0.3401 0.0117 0.0193
37 0.0684 0.7129 0.1259 0.0250 0.0279 0.0399
38 0.1514 0.6323 0.1265 0.0145 0.0362 0.0392
39 0.1003 0.1210 0.2644 0.4160 0.0164 0.0819
40 0.0547 0.3916 0.1658 0.3298 0.0450 0.0131
41 0.0413 0.2869 0.1609 0.4656 0.0286 0.0170
42 0.0124 0.6875 0.1442 0.1398 0.0089 0.0071
43 0.0116 0.5796 0.1421 0.2235 0.0284 0.0146
44 0.0090 0.5649 0.0644 0.3269 0.0252 0.0097
45 0.1230 0.6196 0.1340 0.0347 0.0623 0.0262
46 0.1875 0.4863 0.1875 0.0723 0.0415 0.0250
47 0.3213 0.2483 0.1760 0.0504 0.1919 0.0121
48 0.2710 0.3674 0.0595 0.2078 0.0820 0.0123
49 0.2339 0.4724 0.1821 0.0443 0.0605 0.0066
50 0.6919 0.1776 0.0723 0.0367 0.0141 0.0074
51 0.6499 0.0958 0.0623 0.1138 0.0456 0.0326
52 0.1969 0.5352 0.1131 0.0814 0.0419 0.0314
53 0.1410 0.5845 0.1622 0.0687 0.0351 0.0088
54 0.5801 0.2021 0.1016 0.0607 0.0447 0.0105
55 0.5688 0.1891 0.0958 0.0758 0.0525 0.0180
56 0.3323 0.0542 0.3025 0.2754 0.0176 0.0180
57 0.1886 0.1010 0.3284 0.3552 0.0171 0.0097
58 0.0256 0.1261 0.6016 0.2015 0.0043 0.0409
59 0.1581 0.2195 0.2095 0.3677 0.0096 0.0358
60 0.0660 0.4727 0.1738 0.2734 0.0033 0.0106
61 0.1107 0.4180 0.2344 0.2168 0.0053 0.0148
62 0.6841 0.1613 0.0721 0.0508 0.0289 0.0028
63 0.0231 0.8926 0.0721 0.0085 0.0010 0.0026
64 0.1569 0.4868 0.2773 0.0176 0.0406 0.0206
65 0.0283 0.5776 0.1735 0.2092 0.0034 0.0082
66 0.0130 0.2001 0.0771 0.6987 0.0032 0.0080
67 0.0189 0.6074 0.2961 0.0703 0.0056 0.0015
68 0.0306 0.6001 0.3262 0.0296 0.0084 0.0050
69 0.5479 0.1710 0.1204 0.1429 0.0068 0.0109
70 0.6709 0.1521 0.1185 0.0388 0.0179 0.0018
71 0.0633 0.3643 0.3115 0.2542 0.0018 0.0051
72 0.1173 0.2727 0.3188 0.2771 0.0066 0.0072
73 0.0601 0.5356 0.2957 0.0916 0.0034 0.0135
74 0.0770 0.3000 0.4719 0.1311 0.0149 0.0050
75 0.1002 0.1267 0.6533 0.1083 0.0042 0.0070
76 0.2607 0.4836 0.0840 0.0353 0.1096 0.0266
77 0.2495 0.3806 0.0856 0.2457 0.0220 0.0167
78 0.2791 0.1200 0.4060 0.1035 0.0390 0.0524
79 0.5444 0.0588 0.2937 0.0410 0.0461 0.0157
80 0.1179 0.4417 0.2988 0.0919 0.0327 0.0171
81 0.2810 0.0668 0.2122 0.3782 0.0233 0.0386
82 0.2866 0.0543 0.2529 0.3567 0.0258 0.0237
83 0.0410 0.1097 0.2632 0.5659 0.0159 0.0041
84 0.0156 0.0510 0.1132 0.7856 0.0139 0.0209
85 0.0162 0.0447 0.1141 0.7798 0.0327 0.0125
86 0.3198 0.3352 0.2377 0.0874 0.0127 0.0075
87 0.3408 0.4143 0.0977 0.0539 0.0561 0.0374
88 0.1119 0.4602 0.0793 0.2042 0.0529 0.0914
89 0.1148 0.1697 0.2319 0.4470 0.0199 0.0167
90 0.0628 0.3450 0.1906 0.3672 0.0195 0.0150
91 0.1331 0.3562 0.3911 0.0659 0.0533 0.0006
92 0.0464 0.2373 0.2488 0.4434 0.0207 0.0033
93 0.1080 0.1262 0.3623 0.3376 0.0605 0.0052
94 0.0759 0.1046 0.2842 0.4724 0.0450 0.0179
95 0.1455 0.4551 0.2051 0.0939 0.0175 0.0829
96 0.1139 0.0460 0.2954 0.5024 0.0353 0.0068
97 0.0226 0.0443 0.2710 0.6206 0.0233 0.0184
98 0.0588 0.1433 0.5942 0.1899 0.0080 0.0058
99 0.0619 0.2527 0.5786 0.0833 0.0223 0.0012
100 0.3401 0.4167 0.1104 0.0141 0.0820 0.0367
101 0.1749 0.3972 0.1193 0.0509 0.0654 0.1921
102 0.0138 0.0232 0.1006 0.7793 0.0128 0.0703
103 0.0163 0.0439 0.2815 0.6343 0.0035 0.0204
104 0.0727 0.0208 0.3108 0.5122 0.0202 0.0631
105 0.0569 0.0518 0.4548 0.4014 0.0056 0.0293
106 0.1148 0.0982 0.4761 0.1498 0.1364 0.0248
107 0.2251 0.1080 0.2114 0.1465 0.2981 0.0109
108 0.0622 0.4319 0.2422 0.1614 0.0105 0.0919
109 0.0499 0.0671 0.5532 0.1852 0.0093 0.1355
110 0.0319 0.0686 0.5312 0.2756 0.0062 0.0867
111 0.0902 0.0530 0.8105 0.0348 0.0057 0.0057
112 0.0217 0.7700 0.1858 0.0154 0.0021 0.0048
113 0.1098 0.6270 0.1388 0.0677 0.0332 0.0234
114 0.0504 0.1327 0.4854 0.2440 0.0106 0.0768
115 0.0612 0.1799 0.4814 0.1638 0.0257 0.0877
116 0.0845 0.1707 0.6240 0.0957 0.0091 0.0160
117 0.0275 0.1383 0.8213 0.0110 0.0006 0.0012
118 0.0424 0.9194 0.0192 0.0077 0.0049 0.0062
119 0.0599 0.8809 0.0442 0.0078 0.0034 0.0039
120 0.0086 0.8403 0.0482 0.0914 0.0005 0.0108
121 0.0076 0.8691 0.0475 0.0649 0.0003 0.0103
122 0.1270 0.5430 0.1708 0.1310 0.0048 0.0238
123 0.1506 0.4226 0.2949 0.1129 0.0180 0.0009
124 0.1819 0.4756 0.2014 0.1290 0.0117 0.0003
125 0.0107 0.3528 0.1404 0.4749 0.0007 0.0205
126 0.1360 0.4819 0.1565 0.1692 0.0323 0.0240
127 0.0883 0.1099 0.3896 0.3333 0.0123 0.0667
128 0.0405 0.2311 0.5205 0.1199 0.0054 0.0824
129 0.0403 0.4871 0.1877 0.1683 0.0047 0.1121
130 0.0386 0.1324 0.1812 0.4553 0.0056 0.1869
131 0.1742 0.4846 0.2783 0.0267 0.0117 0.0243
132 0.0992 0.1388 0.3435 0.2759 0.0124 0.1304
133 0.1104 0.1250 0.3562 0.3562 0.0277 0.0244
134 0.0715 0.1143 0.5537 0.2458 0.0098 0.0046
135 0.0923 0.1750 0.5830 0.1166 0.0119 0.0209
136 0.1523 0.1366 0.3599 0.2632 0.0073 0.0809
137 0.0557 0.2421 0.4814 0.2070 0.0059 0.0077
138 0.0992 0.1159 0.5034 0.2654 0.0081 0.0079
139 0.1150 0.5747 0.1781 0.0587 0.0440 0.0295
140 0.2123 0.1787 0.2313 0.3064 0.0253 0.0459
141 0.1837 0.0630 0.3889 0.3225 0.0271 0.0146
142 0.0942 0.1415 0.5508 0.1903 0.0063 0.0170
143 0.0197 0.1467 0.4812 0.3206 0.0169 0.0150
144 0.0430 0.1755 0.2253 0.4482 0.0325 0.0755
145 0.0141 0.1154 0.5088 0.3184 0.0027 0.0405
146 0.0384 0.1804 0.1920 0.5386 0.0042 0.0463
147 0.0878 0.3936 0.4675 0.0409 0.0031 0.0070
148 0.1017 0.0721 0.7876 0.0303 0.0024 0.0061
149 0.1360 0.0825 0.5054 0.2074 0.0349 0.0338
150 0.1516 0.1084 0.5459 0.1493 0.0227 0.0219
151 0.0997 0.7603 0.0446 0.0718 0.0090 0.0144
152 0.0235 0.3730 0.1709 0.4163 0.0103 0.0059
153 0.0077 0.6963 0.2561 0.0369 0.0008 0.0020
154 0.1602 0.1199 0.2600 0.2788 0.1772 0.0039
155 0.1405 0.1906 0.1847 0.2646 0.2126 0.0070
156 0.3418 0.1993 0.1918 0.1482 0.1172 0.0018
157 0.0380 0.6382 0.1075 0.1978 0.0058 0.0124
158 0.1077 0.1748 0.2389 0.2465 0.2245 0.0076
159 0.2881 0.1615 0.1360 0.2074 0.2042 0.0027
160 0.3271 0.2712 0.1683 0.1750 0.0256 0.0327
161 0.2834 0.0296 0.2834 0.3813 0.0118 0.0103
162 0.2266 0.1038 0.0577 0.4797 0.0050 0.1271
163 0.2283 0.0826 0.0494 0.4399 0.0045 0.1952
164 0.1631 0.5474 0.1863 0.0385 0.0203 0.0443
165 0.1055 0.6724 0.0815 0.0772 0.0164 0.0472
166 0.1921 0.4397 0.1417 0.2045 0.0074 0.0145
167 0.2961 0.3987 0.1675 0.1207 0.0136 0.0033
168 0.1091 0.1492 0.3110 0.3809 0.0267 0.0231
169 0.1051 0.4424 0.2368 0.1874 0.0020 0.0264
170 0.1689 0.7451 0.0566 0.0230 0.0036 0.0027
171 0.2822 0.5312 0.1080 0.0640 0.0073 0.0071
172 0.4001 0.2563 0.1012 0.0306 0.1804 0.0313
173 0.2124 0.4939 0.2191 0.0183 0.0500 0.0063
174 0.3533 0.2524 0.2429 0.1112 0.0295 0.0105
175 0.3157 0.3521 0.2401 0.0657 0.0218 0.0045
176 0.0983 0.6118 0.1633 0.0665 0.0518 0.0082
177 0.0931 0.6562 0.1282 0.0714 0.0407 0.0104
178 0.1375 0.2732 0.1087 0.1558 0.2649 0.0600
179 0.1063 0.2064 0.5352 0.1079 0.0163 0.0277
180 0.7969 0.0410 0.0867 0.0468 0.0076 0.0211
181 0.0383 0.3015 0.6284 0.0148 0.0064 0.0105
182 0.4761 0.1498 0.1895 0.1365 0.0111 0.0370
183 0.3418 0.0927 0.1360 0.3997 0.0101 0.0196
184 0.1863 0.0707 0.2078 0.4683 0.0161 0.0509
185 0.2281 0.4263 0.2045 0.0894 0.0409 0.0108
186 0.4241 0.4514 0.1023 0.0108 0.0106 0.0009
187 0.0583 0.0214 0.6987 0.2065 0.0071 0.0076
188 0.2305 0.0376 0.5791 0.1409 0.0095 0.0022
189 0.4385 0.3208 0.1515 0.0484 0.0257 0.0152
190 0.5576 0.2551 0.1141 0.0138 0.0527 0.0067
191 0.0763 0.0728 0.7466 0.0920 0.0017 0.0107
192 0.0932 0.0374 0.8179 0.0410 0.0017 0.0086
193 0.0858 0.0318 0.4155 0.4028 0.0048 0.0594
194 0.1318 0.0516 0.3210 0.4746 0.0087 0.0122
195 0.3889 0.1089 0.3225 0.1089 0.0365 0.0343
196 0.1161 0.0354 0.8188 0.0249 0.0025 0.0020
197 0.1880 0.0370 0.7378 0.0284 0.0072 0.0018
198 0.4036 0.0643 0.4907 0.0258 0.0082 0.0074
199 0.6318 0.0698 0.1942 0.0216 0.0720 0.0105
200 0.5308 0.0273 0.1710 0.1532 0.0680 0.0497
201 0.7046 0.1133 0.1489 0.0116 0.0127 0.0089
202 0.5098 0.1077 0.1155 0.1119 0.0147 0.1404
203 0.2007 0.0637 0.6577 0.0688 0.0038 0.0051
204 0.2291 0.1188 0.2477 0.3662 0.0325 0.0056
205 0.2581 0.3088 0.3474 0.0516 0.0270 0.0070
206 0.1166 0.1440 0.5693 0.0982 0.0509 0.0208
207 0.4868 0.1103 0.0989 0.2013 0.0846 0.0181
208 0.5063 0.0839 0.1129 0.2429 0.0141 0.0399
209 0.2296 0.0668 0.3091 0.3728 0.0086 0.0131
210 0.1798 0.1538 0.5942 0.0507 0.0186 0.0031
211 0.2805 0.4343 0.2476 0.0142 0.0188 0.0047
212 0.4968 0.2479 0.2056 0.0207 0.0240 0.0051
213 0.5132 0.1517 0.2834 0.0378 0.0119 0.0020
214 0.0562 0.6631 0.2439 0.0335 0.0015 0.0017
215 0.2263 0.0586 0.2372 0.3372 0.0120 0.1289
216 0.1045 0.0981 0.4985 0.2886 0.0076 0.0029
217 0.1146 0.0613 0.4824 0.3264 0.0095 0.0058
218 0.5322 0.1782 0.1466 0.1197 0.0185 0.0048
219 0.6489 0.1298 0.0463 0.1145 0.0459 0.0149
220 0.2600 0.4290 0.2522 0.0292 0.0209 0.0089
221 0.4973 0.0787 0.1666 0.2156 0.0137 0.0281
222 0.5063 0.0457 0.1175 0.2688 0.0111 0.0505
223 0.1415 0.0459 0.5015 0.2522 0.0066 0.0524
224 0.6392 0.0283 0.1628 0.1019 0.0470 0.0207
225 0.5615 0.0237 0.1252 0.2114 0.0403 0.0379
226 0.1998 0.0135 0.3245 0.4365 0.0084 0.0175
227 0.1077 0.1592 0.2708 0.3167 0.0136 0.1320
228 0.1677 0.2722 0.4348 0.1066 0.0134 0.0052
229 0.1648 0.2847 0.3030 0.2083 0.0100 0.0291
230 0.6348 0.0425 0.1921 0.1086 0.0074 0.0145
231 0.4812 0.0411 0.2291 0.2256 0.0092 0.0139
232 0.2617 0.0549 0.3062 0.3208 0.0128 0.0437
