time exciting_prob fearful_prob tense_prob sad_prob relaxing_prob neutral_prob
0 0.1915 0.4182 0.3413 0.0285 0.0097 0.0107
1 0.1632 0.4102 0.3677 0.0359 0.0079 0.0151
2 0.1489 0.4307 0.3516 0.0423 0.0057 0.0208
3 0.1344 0.3887 0.4138 0.0394 0.0058 0.0179
4 0.1382 0.3875 0.4124 0.0415 0.0057 0.0149
5 0.1421 0.4177 0.3984 0.0280 0.0045 0.0094
6 0.1510 0.4724 0.3350 0.0302 0.0030 0.0082
7 0.1140 0.3738 0.3796 0.1140 0.0034 0.0150
8 0.1277 0.3159 0.4597 0.0844 0.0030 0.0091
9 0.0922 0.4868 0.2264 0.1736 0.0052 0.0157
10 0.0271 0.5967 0.2732 0.0915 0.0020 0.0096
11 0.0772 0.4441 0.3459 0.1141 0.0052 0.0134
12 0.0367 0.6411 0.1896 0.1186 0.0028 0.0112
13 0.0838 0.0964 0.1339 0.5728 0.0074 0.1059
14 0.1132 0.1925 0.1431 0.3486 0.0159 0.1866
15 0.0936 0.0674 0.2212 0.4263 0.0165 0.1749
16 0.0597 0.1598 0.3179 0.4082 0.0184 0.0362
17 0.1315 0.1008 0.1611 0.4519 0.0641 0.0904
18 0.1083 0.0941 0.1871 0.5249 0.0200 0.0657
19 0.0955 0.2220 0.1116 0.5083 0.0349 0.0276
20 0.0362 0.6030 0.2253 0.1245 0.0066 0.0041
21 0.0118 0.1597 0.1622 0.6313 0.0094 0.0253
22 0.0453 0.4163 0.4036 0.0929 0.0027 0.0393
23 0.0764 0.3792 0.2229 0.2646 0.0179 0.0390
24 0.1057 0.2874 0.3157 0.1855 0.0289 0.0767
25 0.0351 0.4766 0.4207 0.0597 0.0014 0.0066
26 0.0406 0.4160 0.5015 0.0331 0.0020 0.0068
27 0.0248 0.4824 0.4749 0.0130 0.0012 0.0038
28 0.0864 0.1042 0.1665 0.3259 0.0107 0.3062
29 0.0167 0.3594 0.5928 0.0226 0.0027 0.0061
30 0.0109 0.3735 0.6064 0.0068 0.0009 0.0012
31 0.0308 0.3108 0.6279 0.0232 0.0017 0.0056
32 0.1247 0.3665 0.1208 0.1931 0.0191 0.1758
33 0.1786 0.1993 0.1058 0.1692 0.0236 0.3235
34 0.2308 0.1958 0.0798 0.1840 0.0156 0.2939
35 0.0490 0.2281 0.4331 0.1520 0.0016 0.1362
36 0.0289 0.1328 0.4563 0.2367 0.0082 0.1370
37 0.0549 0.5288 0.0963 0.2744 0.0107 0.0349
38 0.1907 0.5781 0.0873 0.0654 0.0246 0.0538
39 0.0344 0.2177 0.4397 0.1721 0.0042 0.1320
40 0.0519 0.3955 0.4146 0.1133 0.0037 0.0211
41 0.1571 0.4075 0.3540 0.0454 0.0127 0.0232
42 0.0897 0.0197 0.0984 0.4080 0.0351 0.3491
43 0.0415 0.1035 0.6045 0.1903 0.0043 0.0558
44 0.0623 0.2603 0.4976 0.1146 0.0254 0.0399
45 0.1754 0.1825 0.3032 0.1366 0.1868 0.0154
46 0.0385 0.1080 0.2251 0.5840 0.0044 0.0403
47 0.1165 0.4292 0.3342 0.0996 0.0069 0.0136
48 0.1984 0.2468 0.2588 0.2079 0.0176 0.0707
49 0.0244 0.9297 0.0355 0.0069 0.0024 0.0009
50 0.0383 0.8589 0.0662 0.0231 0.0112 0.0024
51 0.2316 0.3315 0.2427 0.1890 0.0013 0.0039
52 0.0327 0.7935 0.0536 0.1125 0.0023 0.0055
53 0.0424 0.6323 0.2327 0.0710 0.0063 0.0151
54 0.0444 0.3333 0.3081 0.3081 0.0030 0.0030
55 0.2622 0.0800 0.3584 0.2042 0.0252 0.0700
56 0.1356 0.1081 0.3381 0.3127 0.0626 0.0427
57 0.1100 0.0504 0.2188 0.0411 0.5674 0.0125
58 0.0849 0.1514 0.2698 0.1538 0.2917 0.0484
59 0.1116 0.1107 0.2849 0.0804 0.4019 0.0104
60 0.1338 0.1447 0.5503 0.1144 0.0174 0.0392
61 0.3660 0.2615 0.2400 0.0651 0.0441 0.0232
62 0.0726 0.2019 0.6519 0.0259 0.0082 0.0398
63 0.1826 0.1049 0.2917 0.0451 0.2939 0.0817
64 0.1154 0.1075 0.1993 0.0236 0.4973 0.0567
65 0.0971 0.0986 0.3232 0.0408 0.3779 0.0622
66 0.0769 0.1733 0.6147 0.1191 0.0005 0.0156
67 0.0981 0.1580 0.6650 0.0696 0.0004 0.0088
68 0.0905 0.0850 0.2499 0.4968 0.0088 0.0688
69 0.1034 0.4597 0.3259 0.1018 0.0030 0.0062
70 0.0807 0.1630 0.0669 0.5020 0.0180 0.1694
71 0.1028 0.1320 0.1220 0.1094 0.0201 0.5137
72 0.1499 0.3147 0.1014 0.2529 0.0569 0.1242
73 0.1235 0.6226 0.1526 0.0918 0.0035 0.0061
74 0.1241 0.1750 0.1697 0.4834 0.0087 0.0391
75 0.0751 0.1665 0.2620 0.3872 0.0065 0.1026
76 0.2437 0.6030 0.1081 0.0249 0.0143 0.0060
77 0.0246 0.0613 0.8872 0.0219 0.0014 0.0036
78 0.0617 0.1118 0.7886 0.0346 0.0027 0.0007
79 0.0479 0.1302 0.7920 0.0192 0.0085 0.0023
80 0.0748 0.0368 0.8110 0.0259 0.0134 0.0382
81 0.0828 0.2113 0.2017 0.3325 0.0267 0.1453
82 0.0858 0.1460 0.1393 0.5020 0.0328 0.0943
83 0.0617 0.2402 0.1827 0.4561 0.0428 0.0165
84 0.0977 0.1714 0.3203 0.2494 0.0507 0.1107
85 0.1522 0.2249 0.1780 0.3484 0.0307 0.0660
86 0.1318 0.2644 0.3188 0.1816 0.0950 0.0084
87 0.0386 0.1470 0.5635 0.2385 0.0074 0.0052
88 0.0877 0.3208 0.4595 0.0856 0.0064 0.0401
89 0.1478 0.6030 0.1958 0.0296 0.0038 0.0197
90 0.1749 0.0951 0.1450 0.4680 0.0908 0.0262
91 0.1937 0.3398 0.2646 0.1342 0.0526 0.0149
92 0.2063 0.1087 0.5269 0.0747 0.0017 0.0820
93 0.2371 0.2297 0.2905 0.1790 0.0521 0.0116
94 0.3413 0.3013 0.1117 0.2170 0.0120 0.0166
95 0.2795 0.3269 0.1722 0.1998 0.0089 0.0128
96 0.1307 0.0678 0.3286 0.3552 0.0076 0.1100
97 0.0877 0.2155 0.1901 0.4705 0.0128 0.0234
98 0.2120 0.3208 0.1539 0.2810 0.0184 0.0140
99 0.1653 0.0576 0.0885 0.4495 0.1238 0.1154
100 0.0612 0.0715 0.5581 0.0862 0.0177 0.2053
101 0.0828 0.0909 0.0895 0.6719 0.0116 0.0534
102 0.0289 0.1254 0.1488 0.6772 0.0054 0.0142
103 0.0082 0.0430 0.0495 0.8779 0.0026 0.0185
104 0.0944 0.2732 0.2487 0.0460 0.2646 0.0729
105 0.1050 0.2479 0.2876 0.0218 0.1050 0.2329
106 0.0082 0.7627 0.0310 0.1840 0.0009 0.0133
107 0.0189 0.7441 0.1177 0.0835 0.0014 0.0345
108 0.0746 0.2300 0.1605 0.4575 0.0139 0.0634
109 0.1042 0.1414 0.4028 0.0942 0.0092 0.2482
110 0.1051 0.2581 0.2664 0.0333 0.1554 0.1816
111 0.0737 0.1635 0.2532 0.2493 0.0862 0.1741
112 0.0996 0.5825 0.2544 0.0446 0.0035 0.0155
113 0.0761 0.1587 0.3308 0.3577 0.0098 0.0672
114 0.0136 0.5308 0.1301 0.2979 0.0024 0.0250
115 0.1602 0.0885 0.6289 0.1035 0.0090 0.0102
116 0.0749 0.1586 0.1610 0.3254 0.0889 0.1913
117 0.0300 0.6309 0.1954 0.1407 0.0020 0.0012
118 0.0160 0.6333 0.2122 0.1100 0.0032 0.0251
119 0.1161 0.4348 0.3633 0.0575 0.0181 0.0104
120 0.0528 0.3721 0.1503 0.3899 0.0037 0.0312
121 0.3276 0.5571 0.0394 0.0221 0.0144 0.0391
122 0.0468 0.0991 0.0530 0.7319 0.0502 0.0192
123 0.0415 0.2465 0.2043 0.4978 0.0027 0.0072
124 0.1223 0.1301 0.1893 0.4836 0.0233 0.0514
125 0.0336 0.3499 0.5767 0.0240 0.0065 0.0094
126 0.0905 0.3206 0.3157 0.1855 0.0346 0.0532
127 0.0540 0.1401 0.3579 0.3523 0.0272 0.0683
128 0.0325 0.3867 0.1188 0.4380 0.0199 0.0041
129 0.0634 0.5474 0.3269 0.0534 0.0027 0.0062
130 0.0510 0.5479 0.3594 0.0370 0.0014 0.0033
131 0.0279 0.0498 0.1738 0.6455 0.0039 0.0990
132 0.0071 0.7871 0.0804 0.1207 0.0006 0.0039
133 0.0032 0.8193 0.0786 0.0963 0.0003 0.0021
134 0.0631 0.4927 0.3386 0.0693 0.0021 0.0341
135 0.1077 0.1920 0.0966 0.5645 0.0107 0.0285
136 0.0579 0.4084 0.3494 0.1676 0.0038 0.0130
137 0.0228 0.3145 0.6553 0.0036 0.0024 0.0018
138 0.0290 0.3479 0.6011 0.0087 0.0039 0.0096
139 0.0618 0.1287 0.7583 0.0441 0.0016 0.0056
140 0.0170 0.6982 0.0670 0.2130 0.0029 0.0017
141 0.0378 0.0907 0.1320 0.5918 0.0219 0.1260
142 0.0634 0.6113 0.2179 0.0967 0.0022 0.0087
143 0.2341 0.1477 0.3801 0.1824 0.0070 0.0487
144 0.0751 0.1732 0.5952 0.1371 0.0145 0.0047
145 0.0775 0.0554 0.5591 0.2947 0.0065 0.0069
146 0.0170 0.1527 0.5586 0.2556 0.0108 0.0052
147 0.0252 0.7764 0.1084 0.0722 0.0053 0.0124
148 0.0599 0.2174 0.3726 0.3188 0.0258 0.0056
149 0.0840 0.2078 0.4539 0.0453 0.0759 0.1332
150 0.0923 0.1724 0.6816 0.0406 0.0122 0.0008
151 0.0673 0.6685 0.2104 0.0414 0.0065 0.0058
152 0.0653 0.5469 0.2544 0.0996 0.0088 0.0248
153 0.0498 0.3296 0.6064 0.0047 0.0068 0.0028
154 0.0747 0.1166 0.5225 0.0277 0.1373 0.1212
155 0.0679 0.0825 0.2622 0.5552 0.0127 0.0196
156 0.1050 0.1705 0.2025 0.5010 0.0091 0.0116
157 0.0069 0.3059 0.0978 0.5806 0.0020 0.0068
158 0.0052 0.5771 0.0899 0.3237 0.0018 0.0022
159 0.1306 0.0864 0.1600 0.2991 0.0386 0.2854
160 0.0974 0.3347 0.2646 0.2817 0.0028 0.0187
161 0.1241 0.4136 0.3765 0.0675 0.0035 0.0149
162 0.0776 0.6548 0.1230 0.1221 0.0142 0.0085
163 0.0220 0.5464 0.3018 0.1146 0.0072 0.0077
164 0.0425 0.4460 0.2749 0.2244 0.0057 0.0065
165 0.0931 0.2654 0.3921 0.2166 0.0069 0.0261
166 0.0626 0.1896 0.5571 0.1809 0.0033 0.0062
167 0.2629 0.2213 0.2507 0.2375 0.0154 0.0120
168 0.1774 0.0477 0.4600 0.2139 0.0477 0.0533
169 0.0129 0.2042 0.3367 0.4392 0.0031 0.0039
170 0.0107 0.6094 0.1589 0.2173 0.0024 0.0015
171 0.0067 0.6338 0.2900 0.0668 0.0013 0.0015
172 0.1004 0.2029 0.1531 0.4790 0.0160 0.0486
173 0.0738 0.1827 0.2136 0.5044 0.0063 0.0191
174 0.4087 0.1758 0.1504 0.1171 0.0864 0.0617
175 0.0189 0.7080 0.2092 0.0577 0.0038 0.0023
176 0.1021 0.6157 0.2095 0.0486 0.0024 0.0216
177 0.0120 0.6943 0.2720 0.0181 0.0004 0.0034
178 0.0650 0.4109 0.3354 0.0547 0.0861 0.0479
179 0.0538 0.5269 0.3296 0.0281 0.0475 0.0140
180 0.0252 0.2317 0.7139 0.0219 0.0014 0.0060
181 0.0726 0.3689 0.3521 0.1770 0.0076 0.0220
182 0.1309 0.1340 0.4031 0.1077 0.0199 0.2043
183 0.1422 0.2102 0.3105 0.0682 0.0503 0.2185
184 0.0070 0.0567 0.0215 0.8872 0.0012 0.0264
185 0.1091 0.2898 0.5088 0.0371 0.0328 0.0224
186 0.0763 0.2140 0.5596 0.0558 0.0155 0.0787
187 0.0118 0.2717 0.0748 0.6025 0.0132 0.0259
188 0.0906 0.3726 0.4937 0.0375 0.0044 0.0012
189 0.0095 0.0461 0.0258 0.8965 0.0053 0.0169
190 0.0793 0.6191 0.2791 0.0213 0.0009 0.0004
191 0.0781 0.2189 0.6138 0.0381 0.0014 0.0496
192 0.1213 0.1738 0.3003 0.1659 0.0046 0.2339
193 0.1666 0.1318 0.3584 0.2747 0.0180 0.0504
194 0.0885 0.5137 0.2686 0.0690 0.0409 0.0198
195 0.0573 0.5400 0.2114 0.0999 0.0132 0.0784
196 0.0309 0.0765 0.2888 0.4990 0.0049 0.0998
197 0.0700 0.5298 0.2208 0.1011 0.0308 0.0474
198 0.0996 0.2012 0.0921 0.3423 0.0220 0.2427
199 0.0333 0.6001 0.1404 0.2074 0.0107 0.0081
200 0.1177 0.1159 0.4143 0.0754 0.0461 0.2306
201 0.0874 0.3430 0.4009 0.1149 0.0063 0.0475
202 0.0448 0.6089 0.1515 0.1276 0.0085 0.0589
203 0.0208 0.5205 0.4119 0.0086 0.0010 0.0368
204 0.1006 0.1794 0.1333 0.2571 0.0243 0.3052
205 0.1804 0.2466 0.1981 0.2354 0.0643 0.0752
206 0.2986 0.1688 0.1715 0.0365 0.3179 0.0065
207 0.0327 0.1354 0.3738 0.4106 0.0088 0.0388
208 0.0925 0.7871 0.0940 0.0227 0.0028 0.0011
209 0.1724 0.2469 0.2145 0.2798 0.0168 0.0696
210 0.0684 0.4827 0.1404 0.2927 0.0064 0.0095
211 0.0417 0.3896 0.1169 0.4346 0.0074 0.0098
212 0.1245 0.4771 0.3079 0.0630 0.0118 0.0158
213 0.0418 0.4602 0.2705 0.1831 0.0035 0.0409
214 0.0676 0.2612 0.3921 0.1609 0.0024 0.1159
215 0.0301 0.7520 0.1287 0.0637 0.0016 0.0238
216 0.2214 0.5835 0.1725 0.0146 0.0012 0.0067
217 0.1719 0.4600 0.3015 0.0594 0.0032 0.0041
218 0.1031 0.6030 0.2325 0.0385 0.0025 0.0202
219 0.0822 0.5977 0.2959 0.0219 0.0009 0.0012
220 0.1164 0.2705 0.4062 0.1980 0.0032 0.0057
221 0.2759 0.2183 0.2115 0.2435 0.0145 0.0362
222 0.1300 0.3975 0.2688 0.1231 0.0137 0.0670
223 0.1788 0.4126 0.2881 0.0851 0.0099 0.0254
224 0.0891 0.2920 0.4382 0.1515 0.0076 0.0217
225 0.0445 0.6240 0.3137 0.0123 0.0042 0.0012
226 0.0499 0.6567 0.2494 0.0338 0.0078 0.0023
227 0.1880 0.4438 0.2375 0.1232 0.0022 0.0051
228 0.0390 0.2333 0.6963 0.0122 0.0022 0.0172
229 0.0439 0.2468 0.6816 0.0140 0.0017 0.0119
230 0.0352 0.4097 0.5430 0.0083 0.0008 0.0032
231 0.0248 0.2432 0.6924 0.0217 0.0008 0.0169
232 0.0239 0.3176 0.6318 0.0163 0.0008 0.0094
233 0.0304 0.2505 0.6704 0.0304 0.0023 0.0159
234 0.0638 0.3477 0.3215 0.2175 0.0378 0.0117
235 0.1022 0.5273 0.2341 0.1014 0.0261 0.0087
236 0.1093 0.2225 0.2042 0.3787 0.0679 0.0174
237 0.0754 0.5703 0.2341 0.0797 0.0334 0.0071
238 0.0170 0.9443 0.0313 0.0049 0.0013 0.0010
239 0.0069 0.9175 0.0560 0.0176 0.0003 0.0018
240 0.0513 0.3704 0.5562 0.0070 0.0012 0.0141
241 0.0159 0.3003 0.6768 0.0020 0.0002 0.0048
242 0.0275 0.6763 0.2230 0.0446 0.0018 0.0266
243 0.1812 0.0779 0.2151 0.3491 0.0579 0.1188
244 0.1764 0.1037 0.1486 0.3000 0.0413 0.2301
245 0.1764 0.1037 0.1486 0.3000 0.0413 0.2301
246 0.1136 0.1553 0.1349 0.1288 0.0181 0.4492
247 0.1136 0.1553 0.1349 0.1288 0.0181 0.4492
248 0.1136 0.1553 0.1349 0.1288 0.0181 0.4492
249 0.1136 0.1553 0.1349 0.1288 0.0181 0.4492
250 0.1136 0.1553 0.1349 0.1288 0.0181 0.4492
251 0.8428 0.0714 0.0660 0.0038 0.0152 0.0006
252 0.8369 0.0743 0.0676 0.0042 0.0164 0.0007
253 0.8369 0.0743 0.0676 0.0042 0.0164 0.0007
254 0.8369 0.0743 0.0676 0.0042 0.0164 0.0007
255 0.8369 0.0743 0.0676 0.0042 0.0164 0.0007
256 0.8369 0.0743 0.0676 0.0042 0.0164 0.0007
257 0.8340 0.0764 0.0685 0.0039 0.0165 0.0006
258 0.8340 0.0764 0.0685 0.0039 0.0165 0.0006
259 0.8340 0.0764 0.0685 0.0039 0.0165 0.0006
260 0.8340 0.0764 0.0685 0.0039 0.0165 0.0006
