time exciting_prob fearful_prob tense_prob sad_prob relaxing_prob neutral_prob
0 0.4790 0.0900 0.1020 0.2371 0.0509 0.0412
1 0.4819 0.1917 0.0318 0.1154 0.1277 0.0516
2 0.0869 0.1090 0.0469 0.5322 0.0096 0.2151
3 0.1279 0.1427 0.2389 0.3701 0.0367 0.0839
4 0.0632 0.1746 0.3064 0.3367 0.0980 0.0212
5 0.0759 0.1395 0.0501 0.6924 0.0204 0.0217
6 0.1295 0.0667 0.1743 0.4348 0.1798 0.0149
7 0.0910 0.0181 0.0060 0.6318 0.2288 0.0245
8 0.0787 0.0812 0.1339 0.4460 0.0825 0.1775
9 0.2725 0.1059 0.0652 0.2367 0.2139 0.1059
10 0.2620 0.1042 0.2810 0.2499 0.0477 0.0553
11 0.2673 0.1431 0.3274 0.1158 0.0938 0.0526
12 0.4434 0.2391 0.1439 0.0246 0.1021 0.0471
13 0.0795 0.1212 0.0581 0.6758 0.0256 0.0399
14 0.3020 0.0153 0.0936 0.2244 0.2389 0.1259
15 0.0775 0.1494 0.2350 0.4529 0.0199 0.0652
16 0.0561 0.3801 0.2632 0.2234 0.0606 0.0167
17 0.1309 0.2262 0.3140 0.0819 0.2092 0.0378
18 0.0488 0.0657 0.0520 0.0280 0.7637 0.0417
19 0.0826 0.0845 0.0604 0.1111 0.6299 0.0316
20 0.0750 0.1152 0.2720 0.3386 0.0392 0.1599
21 0.0299 0.0711 0.0733 0.2461 0.5210 0.0585
22 0.0701 0.2194 0.1416 0.5181 0.0304 0.0207
23 0.2603 0.1211 0.1735 0.1230 0.2996 0.0226
24 0.1265 0.0626 0.3777 0.2220 0.1676 0.0437
25 0.0994 0.1887 0.5210 0.1172 0.0608 0.0127
26 0.1625 0.0566 0.1914 0.5044 0.0636 0.0215
27 0.1903 0.0965 0.2140 0.3367 0.1448 0.0176
28 0.1335 0.1024 0.2917 0.3923 0.0592 0.0208
29 0.1732 0.0858 0.1963 0.4355 0.0648 0.0445
30 0.0901 0.1261 0.0853 0.4795 0.1521 0.0670
31 0.1172 0.1229 0.2139 0.4822 0.0558 0.0082
32 0.0812 0.1888 0.2388 0.4258 0.0449 0.0205
33 0.0787 0.2749 0.2812 0.1903 0.0576 0.1172
34 0.0883 0.1326 0.2400 0.4849 0.0414 0.0129
35 0.0804 0.0667 0.0566 0.6084 0.1117 0.0762
36 0.0901 0.0391 0.0394 0.7974 0.0219 0.0119
37 0.0557 0.3987 0.3357 0.1315 0.0760 0.0026
38 0.0299 0.0839 0.5820 0.2544 0.0168 0.0328
39 0.1470 0.1844 0.2090 0.2856 0.0768 0.0972
40 0.5435 0.0670 0.1923 0.1122 0.0795 0.0054
41 0.2094 0.0619 0.1630 0.5264 0.0309 0.0087
42 0.1748 0.1748 0.1201 0.4751 0.0452 0.0102
43 0.1295 0.5630 0.1743 0.0500 0.0704 0.0129
44 0.1379 0.3108 0.2007 0.2310 0.1057 0.0141
45 0.1874 0.2058 0.1163 0.3813 0.0520 0.0571
46 0.1626 0.1083 0.4216 0.1412 0.1600 0.0062
47 0.2588 0.1113 0.2249 0.3171 0.0615 0.0266
48 0.1655 0.0513 0.2142 0.4680 0.0958 0.0051
49 0.2386 0.1666 0.0421 0.1692 0.3162 0.0673
50 0.0784 0.0748 0.1114 0.5356 0.0625 0.1376
51 0.2766 0.4319 0.1359 0.0320 0.0325 0.0912
52 0.1101 0.2812 0.1493 0.1746 0.2277 0.0571
53 0.1030 0.1660 0.3149 0.3682 0.0282 0.0197
54 0.0435 0.1902 0.5767 0.1370 0.0392 0.0133
55 0.0514 0.1006 0.1464 0.6562 0.0406 0.0049
56 0.0531 0.3276 0.0984 0.4917 0.0019 0.0273
57 0.0418 0.4817 0.0728 0.2347 0.0799 0.0891
58 0.0681 0.1365 0.2433 0.4839 0.0526 0.0157
59 0.2284 0.0582 0.1582 0.3945 0.1582 0.0026
60 0.1094 0.0776 0.1891 0.2109 0.0595 0.3533
61 0.1584 0.2871 0.1769 0.2343 0.0458 0.0977
62 0.3140 0.1482 0.0296 0.2242 0.2351 0.0489
63 0.2294 0.0536 0.0905 0.4971 0.1277 0.0018
64 0.3213 0.1747 0.0533 0.3877 0.0581 0.0049
65 0.1317 0.1338 0.3416 0.3208 0.0512 0.0208
66 0.1515 0.2152 0.2830 0.2678 0.0768 0.0056
67 0.1637 0.1216 0.0750 0.1757 0.4021 0.0621
68 0.2681 0.1799 0.0704 0.0492 0.3208 0.1117
69 0.3860 0.2133 0.0433 0.0150 0.2915 0.0510
70 0.1571 0.0171 0.0253 0.1063 0.2673 0.4270
71 0.1420 0.1243 0.1633 0.3857 0.1711 0.0135
72 0.1202 0.3450 0.0550 0.4360 0.0302 0.0135
73 0.0638 0.2410 0.0471 0.4502 0.0071 0.1907
74 0.0682 0.1421 0.4807 0.1273 0.0282 0.1536
75 0.1290 0.0538 0.0406 0.2063 0.3823 0.1879
76 0.0437 0.1676 0.2400 0.0437 0.4414 0.0636
77 0.1909 0.2394 0.2214 0.2096 0.0273 0.1113
78 0.2725 0.1732 0.0627 0.2703 0.1425 0.0787
79 0.0861 0.1176 0.0840 0.0498 0.6611 0.0013
80 0.1707 0.0825 0.0567 0.1904 0.1654 0.3342
81 0.2510 0.1547 0.0847 0.2395 0.2588 0.0114
82 0.2583 0.0313 0.1201 0.1542 0.3215 0.1146
83 0.2062 0.2062 0.3047 0.1696 0.0081 0.1053
84 0.2068 0.3774 0.2307 0.0797 0.0527 0.0527
85 0.0969 0.2676 0.1825 0.3279 0.0125 0.1124
86 0.0763 0.1128 0.1693 0.5815 0.0347 0.0252
87 0.0706 0.4094 0.1747 0.3240 0.0147 0.0068
88 0.2722 0.0830 0.3132 0.1930 0.0856 0.0528
89 0.1686 0.0514 0.3625 0.2532 0.1420 0.0225
90 0.1019 0.1655 0.4292 0.1735 0.1192 0.0107
91 0.0690 0.1556 0.3347 0.3096 0.1121 0.0192
92 0.1594 0.0659 0.0718 0.6763 0.0219 0.0047
93 0.6147 0.1846 0.1077 0.0384 0.0264 0.0283
94 0.3325 0.2529 0.1672 0.0803 0.0556 0.1114
95 0.0213 0.1343 0.1096 0.5029 0.2001 0.0316
96 0.1044 0.1775 0.0832 0.0674 0.5176 0.0497
97 0.6470 0.0484 0.0276 0.2380 0.0125 0.0263
98 0.0512 0.0948 0.1172 0.6851 0.0466 0.0054
99 0.2620 0.0979 0.1541 0.0259 0.4253 0.0346
100 0.1274 0.0862 0.5039 0.0810 0.1826 0.0186
101 0.1075 0.1962 0.1718 0.2944 0.2189 0.0112
102 0.2898 0.2966 0.0386 0.1434 0.1423 0.0891
103 0.2179 0.0990 0.3271 0.1864 0.1594 0.0101
104 0.2196 0.1038 0.0560 0.0271 0.5698 0.0241
105 0.2133 0.0621 0.0122 0.2654 0.3462 0.1008
106 0.2386 0.1267 0.2207 0.3286 0.0220 0.0632
107 0.0607 0.1016 0.1411 0.3896 0.2678 0.0392
108 0.3108 0.1295 0.2537 0.2070 0.0836 0.0156
109 0.0842 0.4695 0.1388 0.2324 0.0656 0.0094
110 0.1023 0.1215 0.3354 0.3152 0.0167 0.1089
111 0.1193 0.0929 0.2998 0.2410 0.2159 0.0311
112 0.1509 0.2355 0.1053 0.2264 0.2754 0.0067
113 0.1934 0.3289 0.0452 0.2140 0.1995 0.0193
114 0.0386 0.8647 0.0315 0.0298 0.0349 0.0002
115 0.1437 0.0980 0.0399 0.0541 0.6440 0.0202
116 0.2324 0.0749 0.2150 0.1868 0.2634 0.0275
117 0.0560 0.0157 0.0127 0.1301 0.7378 0.0479
118 0.0688 0.0116 0.0080 0.0549 0.8325 0.0244
119 0.3406 0.2181 0.0547 0.1511 0.2147 0.0208
120 0.0750 0.0496 0.0941 0.4314 0.3308 0.0193
121 0.0521 0.0262 0.0120 0.6855 0.0425 0.1816
122 0.2069 0.0715 0.0259 0.3438 0.2805 0.0715
123 0.1528 0.4355 0.2057 0.1084 0.0717 0.0258
124 0.1974 0.0698 0.2307 0.4050 0.0682 0.0289
125 0.1832 0.1299 0.0344 0.3318 0.0390 0.2815
126 0.3618 0.0713 0.0564 0.1037 0.3452 0.0614
127 0.1207 0.1729 0.0465 0.5669 0.0430 0.0499
128 0.5137 0.0653 0.1137 0.0980 0.1803 0.0290
129 0.1108 0.3870 0.1915 0.2744 0.0170 0.0193
130 0.2666 0.1394 0.1111 0.1790 0.2141 0.0900
131 0.0797 0.3010 0.2871 0.0749 0.2202 0.0371
132 0.0508 0.0818 0.0378 0.1003 0.6436 0.0858
133 0.2411 0.2588 0.2842 0.0887 0.0237 0.1037
134 0.1337 0.2383 0.4382 0.1689 0.0142 0.0066
135 0.1482 0.3394 0.3640 0.0972 0.0331 0.0181
136 0.2054 0.3284 0.2598 0.1730 0.0130 0.0203
137 0.2216 0.0676 0.1646 0.3174 0.1646 0.0645
138 0.2416 0.4307 0.1283 0.0797 0.0407 0.0790
139 0.0981 0.3943 0.2178 0.1923 0.0801 0.0173
140 0.1307 0.2542 0.1963 0.0878 0.2725 0.0585
141 0.2152 0.2119 0.0940 0.0291 0.4348 0.0151
142 0.4971 0.1381 0.0315 0.2854 0.0441 0.0039
143 0.2231 0.1185 0.0482 0.1879 0.3621 0.0601
144 0.0981 0.0752 0.1495 0.6494 0.0214 0.0063
145 0.0650 0.1398 0.1583 0.0703 0.5439 0.0225
146 0.1241 0.1864 0.0332 0.0316 0.5786 0.0460
147 0.1295 0.1422 0.3206 0.1914 0.0220 0.1945
148 0.1831 0.0674 0.2793 0.4258 0.0393 0.0054
149 0.2107 0.0658 0.0258 0.3787 0.2727 0.0463
150 0.2491 0.0841 0.2869 0.3433 0.0342 0.0025
151 0.3220 0.3677 0.0659 0.0820 0.1569 0.0055
152 0.1346 0.6323 0.1090 0.0646 0.0570 0.0025
153 0.1578 0.0757 0.0899 0.2686 0.2644 0.1437
154 0.0477 0.1010 0.0934 0.4060 0.1541 0.1979
155 0.2346 0.0217 0.0528 0.6279 0.0544 0.0085
156 0.0560 0.1984 0.2712 0.3538 0.1030 0.0177
157 0.0742 0.0475 0.0300 0.2510 0.5312 0.0660
158 0.2659 0.3335 0.1266 0.0948 0.1650 0.0144
159 0.4443 0.1283 0.1809 0.0626 0.0407 0.1432
160 0.0759 0.2981 0.0759 0.0514 0.4912 0.0075
161 0.0779 0.3127 0.2289 0.2554 0.0646 0.0606
162 0.1145 0.1181 0.0594 0.1470 0.5459 0.0149
163 0.1471 0.3787 0.3447 0.0845 0.0084 0.0366
164 0.1959 0.1411 0.0646 0.1422 0.3777 0.0786
165 0.0754 0.5190 0.2651 0.0148 0.1233 0.0021
166 0.1034 0.0336 0.0369 0.1459 0.6436 0.0369
167 0.1256 0.0739 0.0508 0.0392 0.7007 0.0096
168 0.2450 0.2112 0.1750 0.1429 0.0350 0.1908
169 0.1781 0.0454 0.3542 0.2133 0.1660 0.0430
170 0.1414 0.1801 0.2009 0.4121 0.0164 0.0492
171 0.0249 0.0101 0.0052 0.0140 0.9419 0.0039
172 0.2751 0.2245 0.1555 0.1147 0.1643 0.0659
173 0.1163 0.0964 0.3066 0.3640 0.0580 0.0585
174 0.0588 0.0911 0.2400 0.1783 0.4019 0.0300
175 0.1732 0.1172 0.4709 0.1505 0.0627 0.0252
176 0.1622 0.0579 0.1187 0.5796 0.0666 0.0149
177 0.2173 0.0964 0.2500 0.3472 0.0734 0.0157
178 0.0277 0.0432 0.0058 0.0189 0.9033 0.0012
179 0.1127 0.1425 0.3064 0.3367 0.0695 0.0323
180 0.0282 0.0340 0.0040 0.0784 0.8433 0.0123
181 0.1866 0.1686 0.0394 0.0370 0.5571 0.0113
182 0.1964 0.2191 0.3816 0.1309 0.0525 0.0195
183 0.1952 0.0826 0.0073 0.0446 0.6553 0.0149
184 0.2500 0.2876 0.1481 0.0627 0.2500 0.0016
185 0.0748 0.1971 0.1571 0.5527 0.0121 0.0060
186 0.3806 0.0523 0.1854 0.2534 0.0661 0.0621
187 0.2183 0.0385 0.0298 0.2632 0.4077 0.0426
188 0.2986 0.1525 0.1501 0.1649 0.2020 0.0320
189 0.3579 0.1931 0.2311 0.0594 0.1370 0.0215
190 0.1376 0.1633 0.1511 0.3540 0.0725 0.1214
191 0.3054 0.2737 0.0660 0.0245 0.3250 0.0054
192 0.2289 0.2380 0.2656 0.1898 0.0315 0.0461
193 0.4021 0.3359 0.1125 0.0636 0.0584 0.0276
194 0.0701 0.0274 0.0321 0.7769 0.0497 0.0438
195 0.1604 0.2042 0.1591 0.0879 0.3420 0.0463
196 0.2172 0.0263 0.1237 0.1092 0.4316 0.0919
197 0.1245 0.1466 0.2307 0.2201 0.0166 0.2615
198 0.1675 0.3896 0.0732 0.0962 0.2382 0.0354
199 0.0460 0.0270 0.0120 0.1004 0.7656 0.0490
200 0.3184 0.0768 0.2722 0.1730 0.1306 0.0291
201 0.0621 0.3357 0.3574 0.1090 0.1090 0.0267
202 0.3618 0.2566 0.0551 0.1644 0.1544 0.0075
203 0.0478 0.3699 0.3938 0.0825 0.0485 0.0576
204 0.4490 0.1931 0.0780 0.1829 0.0912 0.0059
205 0.4790 0.1202 0.0288 0.2109 0.1531 0.0080
206 0.1294 0.1040 0.1008 0.2783 0.0621 0.3254
207 0.0999 0.0053 0.0041 0.8628 0.0170 0.0109
208 0.1345 0.0069 0.0047 0.8242 0.0203 0.0093
209 0.6782 0.2069 0.0420 0.0161 0.0540 0.0028
210 0.7690 0.1337 0.0349 0.0074 0.0548 0.0004
211 0.7690 0.1337 0.0349 0.0073 0.0548 0.0004
212 0.7734 0.1302 0.0340 0.0075 0.0543 0.0004
213 0.7700 0.1403 0.0303 0.0061 0.0532 0.0003
