time exciting_prob fearful_prob tense_prob sad_prob relaxing_prob neutral_prob
0 0.0778 0.1224 0.1047 0.1956 0.0230 0.4766
1 0.3323 0.3000 0.2566 0.0665 0.0260 0.0186
2 0.8550 0.0388 0.0379 0.0468 0.0189 0.0026
3 0.8599 0.0459 0.0425 0.0299 0.0210 0.0005
4 0.8662 0.0411 0.0396 0.0264 0.0260 0.0009
5 0.8354 0.0551 0.0569 0.0293 0.0223 0.0010
6 0.8130 0.0683 0.0642 0.0308 0.0224 0.0014
7 0.4966 0.1625 0.1975 0.1161 0.0218 0.0057
8 0.5693 0.1722 0.1462 0.0915 0.0143 0.0063
9 0.0982 0.3401 0.3049 0.1793 0.0177 0.0596
10 0.8364 0.0218 0.0312 0.0587 0.0491 0.0027
11 0.8628 0.0223 0.0300 0.0324 0.0518 0.0008
12 0.8691 0.0171 0.0291 0.0388 0.0443 0.0018
13 0.9292 0.0095 0.0076 0.0213 0.0318 0.0004
14 0.8667 0.0193 0.0406 0.0256 0.0463 0.0014
15 0.8911 0.0168 0.0291 0.0255 0.0365 0.0010
16 0.1119 0.2108 0.2369 0.3757 0.0183 0.0463
17 0.1105 0.0569 0.2131 0.4878 0.0400 0.0917
18 0.1072 0.0343 0.2695 0.4658 0.0225 0.1007
19 0.0619 0.0679 0.3506 0.3674 0.0106 0.1416
20 0.8574 0.0454 0.0862 0.0058 0.0048 0.0002
21 0.8726 0.0541 0.0627 0.0070 0.0036 0.0001
22 0.8066 0.1017 0.0739 0.0132 0.0042 0.0003
23 0.2061 0.0989 0.2045 0.1819 0.2627 0.0460
24 0.5679 0.0528 0.0493 0.2424 0.0668 0.0207
25 0.4102 0.0981 0.0361 0.4231 0.0288 0.0037
26 0.3850 0.2142 0.0375 0.3398 0.0215 0.0020
27 0.0381 0.0109 0.0068 0.9385 0.0012 0.0043
28 0.0234 0.0087 0.0064 0.9492 0.0012 0.0110
29 0.0596 0.0502 0.0304 0.8486 0.0032 0.0082
30 0.1630 0.1566 0.1350 0.5298 0.0061 0.0093
31 0.2607 0.1558 0.0802 0.4912 0.0033 0.0087
32 0.3425 0.1819 0.0900 0.3760 0.0084 0.0013
33 0.2324 0.1016 0.2133 0.3518 0.0773 0.0237
34 0.3286 0.1317 0.2539 0.2312 0.0173 0.0372
35 0.4858 0.1858 0.1436 0.1528 0.0153 0.0166
36 0.3843 0.2156 0.2661 0.1127 0.0164 0.0049
37 0.2725 0.1873 0.4529 0.0673 0.0161 0.0040
38 0.1831 0.1471 0.3140 0.3289 0.0104 0.0165
39 0.2410 0.1736 0.4646 0.1013 0.0120 0.0077
40 0.3032 0.2361 0.4111 0.0356 0.0131 0.0010
41 0.1052 0.0679 0.6650 0.1506 0.0077 0.0036
42 0.0862 0.0693 0.1975 0.6274 0.0173 0.0021
43 0.0948 0.2401 0.4812 0.1033 0.0236 0.0570
44 0.2607 0.2128 0.2391 0.2646 0.0165 0.0062
45 0.3252 0.1809 0.1064 0.3542 0.0216 0.0117
46 0.2629 0.3027 0.3247 0.0895 0.0164 0.0038
47 0.2703 0.4385 0.2240 0.0515 0.0119 0.0040
48 0.1116 0.4963 0.2964 0.0849 0.0067 0.0039
49 0.1586 0.1197 0.5757 0.1335 0.0070 0.0056
50 0.2275 0.1180 0.5415 0.0898 0.0180 0.0050
51 0.4023 0.2876 0.1246 0.1208 0.0584 0.0065
52 0.3879 0.3369 0.1531 0.0685 0.0428 0.0107
53 0.4309 0.2825 0.1399 0.0661 0.0687 0.0118
54 0.4912 0.2981 0.1633 0.0267 0.0173 0.0034
55 0.2438 0.2476 0.3716 0.0962 0.0216 0.0192
56 0.2708 0.2708 0.3345 0.1004 0.0181 0.0055
57 0.3052 0.2590 0.2549 0.1096 0.0587 0.0128
58 0.1343 0.2844 0.3857 0.1194 0.0180 0.0582
59 0.2896 0.2220 0.2457 0.2069 0.0210 0.0149
60 0.3140 0.2407 0.1309 0.2859 0.0172 0.0113
61 0.2316 0.1721 0.0839 0.3940 0.1020 0.0164
62 0.3628 0.2717 0.1674 0.0896 0.0977 0.0109
63 0.2479 0.2329 0.1527 0.2311 0.1256 0.0098
64 0.2537 0.2401 0.1975 0.2382 0.0374 0.0333
65 0.3274 0.1766 0.2358 0.1333 0.0284 0.0983
66 0.4214 0.3662 0.1515 0.0380 0.0163 0.0066
67 0.3850 0.2487 0.1461 0.1569 0.0167 0.0467
68 0.2551 0.1263 0.0924 0.4768 0.0249 0.0245
69 0.2998 0.1967 0.2372 0.2410 0.0070 0.0183
70 0.4016 0.3328 0.1196 0.1313 0.0062 0.0084
71 0.2206 0.1842 0.2155 0.3235 0.0143 0.0421
72 0.3345 0.1832 0.1361 0.2751 0.0568 0.0145
73 0.2683 0.5591 0.0885 0.0418 0.0372 0.0050
74 0.3293 0.3618 0.1121 0.1212 0.0674 0.0079
75 0.3269 0.3508 0.0696 0.1395 0.1053 0.0078
76 0.3230 0.1411 0.3660 0.1550 0.0139 0.0010
77 0.4382 0.1357 0.2966 0.1099 0.0162 0.0033
78 0.5083 0.2438 0.1207 0.1024 0.0158 0.0090
79 0.4902 0.2505 0.0701 0.1519 0.0260 0.0114
80 0.1399 0.1142 0.3354 0.3801 0.0085 0.0216
81 0.2825 0.1313 0.5112 0.0616 0.0114 0.0019
82 0.2133 0.3713 0.3005 0.0854 0.0163 0.0131
83 0.1355 0.5981 0.1768 0.0687 0.0126 0.0085
84 0.1076 0.2791 0.2140 0.3726 0.0143 0.0123
85 0.1626 0.1285 0.1600 0.4487 0.0255 0.0744
86 0.3804 0.2417 0.2379 0.0836 0.0515 0.0051
87 0.2598 0.1041 0.3284 0.2920 0.0098 0.0059
88 0.3413 0.2119 0.2291 0.1198 0.0933 0.0048
89 0.1262 0.1823 0.3738 0.2452 0.0703 0.0022
90 0.2642 0.2157 0.2834 0.1615 0.0706 0.0044
91 0.2937 0.2695 0.3152 0.0698 0.0243 0.0273
92 0.4492 0.1815 0.0912 0.2009 0.0405 0.0366
93 0.2815 0.3728 0.0701 0.2351 0.0328 0.0076
94 0.2864 0.1593 0.0577 0.4399 0.0419 0.0148
95 0.1389 0.0371 0.4346 0.3660 0.0114 0.0121
96 0.3264 0.1517 0.2444 0.2333 0.0215 0.0227
97 0.2517 0.1368 0.2700 0.2896 0.0349 0.0170
98 0.1934 0.0679 0.1603 0.5015 0.0196 0.0572
99 0.2698 0.1869 0.2827 0.2101 0.0296 0.0208
100 0.3447 0.3530 0.2708 0.0154 0.0141 0.0021
101 0.1132 0.1866 0.1344 0.3892 0.0170 0.1597
102 0.2428 0.2905 0.3215 0.1120 0.0217 0.0114
103 0.2971 0.3474 0.2812 0.0318 0.0355 0.0067
104 0.3308 0.1930 0.1276 0.2039 0.0792 0.0657
105 0.1313 0.1926 0.6074 0.0620 0.0049 0.0017
106 0.3333 0.1855 0.2988 0.1479 0.0182 0.0162
107 0.1180 0.1401 0.5806 0.1161 0.0129 0.0323
108 0.0858 0.1448 0.3528 0.3091 0.0210 0.0865
109 0.1346 0.1929 0.2678 0.2273 0.0139 0.1637
110 0.2964 0.3081 0.1226 0.1783 0.0817 0.0128
111 0.3040 0.2241 0.2725 0.1338 0.0281 0.0374
112 0.3501 0.2522 0.3091 0.0360 0.0333 0.0193
113 0.2297 0.3091 0.2927 0.0452 0.0794 0.0439
114 0.1218 0.2854 0.5127 0.0612 0.0140 0.0048
115 0.0735 0.4866 0.1630 0.2524 0.0072 0.0173
116 0.3271 0.1332 0.2649 0.1738 0.0284 0.0724
117 0.3660 0.1637 0.1826 0.1743 0.0738 0.0395
118 0.2563 0.2686 0.2244 0.1320 0.0541 0.0648
119 0.2286 0.2822 0.2715 0.1851 0.0168 0.0158
120 0.4507 0.1204 0.2017 0.1498 0.0620 0.0154
121 0.3274 0.1055 0.4043 0.1431 0.0176 0.0021
122 0.3083 0.2308 0.3577 0.0843 0.0169 0.0021
123 0.3044 0.3140 0.2644 0.0826 0.0242 0.0104
124 0.2225 0.2522 0.3613 0.1201 0.0283 0.0156
125 0.2932 0.2393 0.1644 0.2213 0.0443 0.0376
126 0.4131 0.3347 0.1086 0.0997 0.0231 0.0207
127 0.3694 0.1589 0.1602 0.2581 0.0212 0.0323
128 0.1848 0.3347 0.3943 0.0396 0.0190 0.0277
129 0.2078 0.0342 0.1921 0.5142 0.0478 0.0040
130 0.1541 0.4026 0.2258 0.1614 0.0129 0.0431
131 0.0608 0.5210 0.2224 0.1425 0.0225 0.0308
132 0.4490 0.2725 0.1704 0.0994 0.0070 0.0016
133 0.1566 0.1182 0.6099 0.0950 0.0138 0.0065
134 0.2903 0.1003 0.4712 0.0899 0.0463 0.0020
135 0.1144 0.0811 0.5088 0.2810 0.0100 0.0048
136 0.1257 0.1678 0.5171 0.1718 0.0136 0.0043
137 0.0991 0.3767 0.2844 0.1088 0.0125 0.1185
138 0.2218 0.4309 0.1636 0.1421 0.0241 0.0175
139 0.1396 0.1487 0.5654 0.1385 0.0055 0.0021
140 0.0677 0.0259 0.0477 0.8516 0.0020 0.0051
141 0.3416 0.2087 0.2040 0.2223 0.0145 0.0090
142 0.4785 0.1903 0.1830 0.1238 0.0137 0.0107
143 0.3318 0.1449 0.2883 0.1461 0.0199 0.0690
144 0.2354 0.2505 0.2795 0.1804 0.0323 0.0219
145 0.1575 0.3467 0.3689 0.1049 0.0171 0.0050
146 0.2341 0.3486 0.2454 0.1431 0.0201 0.0087
147 0.2073 0.3040 0.2791 0.1759 0.0287 0.0050
148 0.2147 0.1534 0.5439 0.0796 0.0052 0.0029
149 0.1973 0.1501 0.5889 0.0602 0.0022 0.0012
150 0.3235 0.0964 0.2969 0.2312 0.0299 0.0220
151 0.3652 0.1302 0.2472 0.1499 0.0681 0.0391
152 0.2673 0.1224 0.3354 0.2235 0.0370 0.0142
153 0.1461 0.1111 0.5513 0.1427 0.0087 0.0399
154 0.1270 0.2837 0.3020 0.2793 0.0060 0.0019
155 0.1114 0.3567 0.4802 0.0203 0.0265 0.0050
156 0.1573 0.5894 0.1840 0.0401 0.0152 0.0143
157 0.2068 0.2151 0.2418 0.2827 0.0171 0.0365
158 0.2385 0.4153 0.2347 0.0898 0.0131 0.0085
159 0.3127 0.3545 0.2761 0.0351 0.0175 0.0040
160 0.3354 0.1597 0.2269 0.2003 0.0345 0.0430
161 0.2457 0.2438 0.1770 0.2896 0.0249 0.0191
162 0.1969 0.2321 0.4268 0.1223 0.0180 0.0039
163 0.2096 0.3171 0.3481 0.1013 0.0155 0.0082
164 0.3628 0.2654 0.2893 0.0296 0.0385 0.0144
165 0.1315 0.0414 0.7563 0.0565 0.0136 0.0008
166 0.1487 0.0464 0.7148 0.0551 0.0340 0.0008
167 0.2173 0.1172 0.5171 0.1318 0.0135 0.0030
168 0.2991 0.1256 0.3362 0.1976 0.0341 0.0074
169 0.0275 0.2551 0.5151 0.1609 0.0014 0.0397
170 0.1036 0.3000 0.4502 0.1310 0.0070 0.0081
171 0.4443 0.1714 0.1957 0.1377 0.0317 0.0192
172 0.4126 0.1775 0.2812 0.0942 0.0252 0.0092
173 0.3367 0.2296 0.2406 0.1505 0.0209 0.0217
174 0.3765 0.1710 0.1486 0.2671 0.0209 0.0159
175 0.3018 0.2705 0.2058 0.1460 0.0358 0.0399
176 0.2283 0.0494 0.2607 0.4038 0.0319 0.0258
177 0.0991 0.4993 0.3274 0.0551 0.0162 0.0028
178 0.3413 0.1716 0.3928 0.0732 0.0123 0.0087
179 0.2908 0.2566 0.0777 0.2430 0.0134 0.1184
180 0.2847 0.0791 0.4551 0.1674 0.0086 0.0051
181 0.3545 0.1151 0.4922 0.0269 0.0104 0.0011
182 0.1344 0.1071 0.4839 0.2216 0.0498 0.0034
183 0.0630 0.2800 0.4951 0.1499 0.0048 0.0072
184 0.1768 0.1500 0.3862 0.2654 0.0178 0.0038
185 0.2551 0.0436 0.1262 0.5483 0.0104 0.0163
186 0.2971 0.0695 0.2878 0.1747 0.1201 0.0508
187 0.2820 0.0814 0.2979 0.2180 0.0615 0.0591
188 0.1071 0.0187 0.5352 0.3245 0.0050 0.0096
189 0.0664 0.0901 0.3911 0.4036 0.0180 0.0306
190 0.1421 0.1367 0.4414 0.2325 0.0398 0.0075
191 0.1080 0.2130 0.5835 0.0655 0.0286 0.0014
192 0.0999 0.0660 0.6460 0.1672 0.0179 0.0028
193 0.0761 0.4280 0.2637 0.1899 0.0245 0.0178
194 0.0622 0.0870 0.6230 0.1757 0.0346 0.0178
195 0.0486 0.1954 0.6162 0.1105 0.0254 0.0038
196 0.1664 0.4282 0.1771 0.1227 0.0603 0.0451
197 0.1181 0.2642 0.1349 0.4028 0.0399 0.0402
198 0.3784 0.1844 0.2925 0.1127 0.0177 0.0143
199 0.3115 0.1259 0.1111 0.4160 0.0159 0.0195
200 0.4248 0.2120 0.2830 0.0641 0.0127 0.0032
201 0.5396 0.2113 0.1970 0.0273 0.0200 0.0049
202 0.3364 0.3582 0.2661 0.0169 0.0142 0.0083
203 0.3943 0.2627 0.2839 0.0290 0.0209 0.0092
204 0.5898 0.1337 0.1237 0.1066 0.0371 0.0092
205 0.2490 0.3005 0.3352 0.0847 0.0185 0.0121
206 0.1011 0.1667 0.3816 0.1483 0.1003 0.1019
207 0.1009 0.2517 0.5410 0.0363 0.0476 0.0225
208 0.0749 0.4482 0.4146 0.0382 0.0202 0.0040
209 0.4282 0.3691 0.1126 0.0627 0.0229 0.0043
210 0.4707 0.1829 0.1190 0.1577 0.0455 0.0242
211 0.3049 0.1395 0.2031 0.2649 0.0596 0.0281
212 0.3901 0.2598 0.2681 0.0411 0.0328 0.0082
213 0.1237 0.2024 0.3086 0.1577 0.0473 0.1602
214 0.3042 0.3643 0.2484 0.0393 0.0283 0.0155
215 0.1543 0.3645 0.2194 0.2094 0.0211 0.0314
216 0.1237 0.1267 0.0728 0.5049 0.0118 0.1602
217 0.2805 0.3254 0.0897 0.2556 0.0127 0.0359
218 0.2371 0.1592 0.0435 0.4863 0.0372 0.0367
219 0.2737 0.4917 0.0754 0.1243 0.0206 0.0143
220 0.2957 0.4836 0.0777 0.1054 0.0239 0.0137
221 0.2131 0.1522 0.0895 0.4304 0.0332 0.0815
222 0.0970 0.2537 0.4888 0.1445 0.0054 0.0106
223 0.1556 0.1984 0.3481 0.2690 0.0119 0.0169
224 0.1233 0.5698 0.2197 0.0714 0.0122 0.0034
225 0.0551 0.3650 0.5190 0.0370 0.0154 0.0085
226 0.1565 0.4060 0.2947 0.1076 0.0296 0.0054
227 0.1527 0.2537 0.4248 0.1049 0.0553 0.0086
228 0.2617 0.3157 0.3308 0.0677 0.0196 0.0044
229 0.2717 0.2593 0.4207 0.0284 0.0154 0.0046
230 0.3176 0.1809 0.2493 0.1837 0.0464 0.0221
231 0.1703 0.3208 0.1813 0.2478 0.0232 0.0566
232 0.1178 0.1388 0.4731 0.2512 0.0030 0.0161
233 0.1249 0.1604 0.5425 0.1155 0.0334 0.0233
234 0.2025 0.3904 0.3088 0.0204 0.0668 0.0111
235 0.2886 0.0742 0.4102 0.1764 0.0329 0.0176
236 0.2269 0.3054 0.2396 0.1941 0.0245 0.0095
237 0.1681 0.2407 0.3447 0.2244 0.0174 0.0045
238 0.1698 0.3948 0.4043 0.0103 0.0074 0.0135
239 0.5186 0.1656 0.1130 0.1656 0.0231 0.0140
240 0.4067 0.1311 0.1952 0.1722 0.0501 0.0446
241 0.2834 0.0806 0.5815 0.0463 0.0058 0.0027
242 0.2639 0.2617 0.4055 0.0589 0.0071 0.0029
243 0.5122 0.2327 0.1411 0.0598 0.0377 0.0166
244 0.5986 0.1501 0.0883 0.1049 0.0440 0.0140
245 0.4478 0.1881 0.1263 0.1560 0.0640 0.0176
246 0.1796 0.1263 0.3833 0.2035 0.0969 0.0104
247 0.2625 0.1735 0.3533 0.0893 0.1120 0.0094
248 0.4146 0.4277 0.0883 0.0374 0.0230 0.0093
249 0.3086 0.3994 0.1425 0.0728 0.0549 0.0220
250 0.2261 0.1426 0.4861 0.1249 0.0157 0.0046
251 0.2274 0.1827 0.4812 0.0883 0.0167 0.0036
252 0.2217 0.1215 0.4956 0.1273 0.0226 0.0113
253 0.1641 0.1003 0.3640 0.3088 0.0452 0.0177
254 0.1375 0.1054 0.6016 0.1261 0.0132 0.0162
255 0.0833 0.1484 0.5869 0.1508 0.0134 0.0174
256 0.0740 0.0695 0.6909 0.1239 0.0129 0.0287
257 0.2072 0.1552 0.1843 0.3259 0.0617 0.0657
258 0.1628 0.3970 0.1904 0.1531 0.0339 0.0628
259 0.1758 0.2384 0.1237 0.2329 0.1481 0.0811
260 0.0878 0.0837 0.2922 0.4187 0.0389 0.0787
261 0.1962 0.1481 0.0677 0.4631 0.0608 0.0641
262 0.2454 0.2131 0.1168 0.2654 0.0322 0.1273
263 0.1509 0.1658 0.3401 0.1848 0.0373 0.1212
264 0.2333 0.0638 0.2261 0.2903 0.0313 0.1554
265 0.0508 0.2744 0.2384 0.3809 0.0100 0.0455
266 0.0585 0.1111 0.2625 0.4978 0.0193 0.0509
267 0.0891 0.1256 0.2136 0.4595 0.0349 0.0774
268 0.0652 0.1317 0.4055 0.3159 0.0175 0.0641
269 0.1136 0.0972 0.2368 0.3611 0.1288 0.0627
270 0.1725 0.0379 0.3274 0.3123 0.0135 0.1365
271 0.0977 0.1489 0.4446 0.2871 0.0078 0.0142
272 0.0385 0.2847 0.5933 0.0766 0.0022 0.0048
273 0.0238 0.3105 0.6084 0.0503 0.0022 0.0049
274 0.0325 0.2307 0.6270 0.0911 0.0074 0.0113
275 0.1661 0.4551 0.1989 0.1056 0.0451 0.0291
276 0.1187 0.0392 0.1648 0.4998 0.0430 0.1345
277 0.4031 0.2124 0.3091 0.0390 0.0248 0.0117
278 0.0959 0.1104 0.0609 0.6108 0.0393 0.0826
279 0.0948 0.0884 0.0580 0.6792 0.0212 0.0584
280 0.2656 0.1688 0.1389 0.3203 0.0440 0.0621
281 0.1853 0.1782 0.1081 0.4807 0.0200 0.0278
282 0.6201 0.0184 0.0400 0.2817 0.0216 0.0179
283 0.8188 0.0051 0.0137 0.0646 0.0941 0.0037
284 0.7197 0.0032 0.0262 0.1384 0.1021 0.0104
285 0.8496 0.0074 0.0120 0.0370 0.0903 0.0037
286 0.1222 0.0880 0.1061 0.3481 0.0284 0.3071
