time exciting_prob fearful_prob tense_prob sad_prob relaxing_prob neutral_prob
0 0.1136 0.1553 0.1349 0.1288 0.0181 0.4492
1 0.1522 0.1114 0.1476 0.2048 0.0356 0.3484
2 0.3347 0.2488 0.2161 0.0582 0.0522 0.0901
3 0.2164 0.1971 0.2415 0.1635 0.0522 0.1293
4 0.2842 0.2080 0.2284 0.1149 0.1062 0.0582
5 0.7466 0.0396 0.0632 0.1163 0.0301 0.0040
6 0.7349 0.0418 0.0623 0.1403 0.0190 0.0017
7 0.7549 0.0464 0.0696 0.0990 0.0277 0.0026
8 0.1578 0.1818 0.5176 0.0599 0.0316 0.0513
9 0.1743 0.2205 0.3992 0.0863 0.0632 0.0566
10 0.3486 0.0416 0.2590 0.2756 0.0293 0.0457
11 0.0765 0.0248 0.1204 0.4614 0.0095 0.3074
12 0.5156 0.0197 0.0515 0.3772 0.0105 0.0257
13 0.4871 0.0260 0.0538 0.4038 0.0089 0.0206
14 0.2483 0.0316 0.3188 0.2369 0.0609 0.1035
15 0.3096 0.0321 0.3000 0.1709 0.0735 0.1139
16 0.1838 0.0953 0.4275 0.1432 0.0518 0.0984
17 0.1829 0.1425 0.5132 0.0481 0.0837 0.0299
18 0.5366 0.0677 0.2418 0.0671 0.0743 0.0127
19 0.5161 0.1064 0.1989 0.0646 0.1016 0.0125
20 0.2155 0.0891 0.4634 0.1705 0.0492 0.0123
21 0.2042 0.1654 0.5552 0.0648 0.0060 0.0044
22 0.1298 0.1018 0.5767 0.1219 0.0421 0.0276
23 0.1216 0.0651 0.5044 0.1179 0.1041 0.0870
24 0.1069 0.0723 0.7075 0.0567 0.0126 0.0439
25 0.2800 0.3101 0.2715 0.1177 0.0097 0.0109
26 0.1022 0.0115 0.1055 0.7212 0.0164 0.0433
27 0.1759 0.2947 0.2520 0.1317 0.1328 0.0130
28 0.0650 0.2693 0.1559 0.3149 0.1941 0.0007
29 0.0946 0.1039 0.4656 0.2869 0.0426 0.0063
30 0.1298 0.1772 0.4934 0.1553 0.0441 0.0002
31 0.1433 0.0561 0.3494 0.4214 0.0187 0.0112
32 0.1671 0.0730 0.4268 0.2888 0.0214 0.0231
33 0.0807 0.1580 0.1967 0.1763 0.1791 0.2094
34 0.0967 0.1301 0.2338 0.2588 0.0316 0.2489
35 0.0410 0.3174 0.4766 0.1476 0.0067 0.0107
36 0.1725 0.2693 0.1986 0.1672 0.1880 0.0043
37 0.1927 0.2272 0.4114 0.1235 0.0401 0.0053
38 0.1112 0.1147 0.2751 0.3071 0.0222 0.1696
39 0.0917 0.1560 0.4045 0.3201 0.0112 0.0167
40 0.2646 0.1086 0.4717 0.1086 0.0309 0.0156
41 0.3359 0.1305 0.2496 0.1885 0.0365 0.0588
42 0.2196 0.0808 0.4299 0.1938 0.0382 0.0376
43 0.2585 0.1130 0.3706 0.1863 0.0290 0.0425
44 0.1171 0.1588 0.2365 0.0744 0.1515 0.2617
45 0.0963 0.0877 0.2346 0.1691 0.1379 0.2744
46 0.0823 0.3662 0.3777 0.0166 0.1479 0.0092
47 0.0907 0.4429 0.2544 0.0082 0.1951 0.0088
48 0.0132 0.4324 0.2581 0.1578 0.0294 0.1093
49 0.0855 0.3894 0.4275 0.0161 0.0682 0.0133
50 0.0670 0.5229 0.3826 0.0058 0.0197 0.0019
51 0.0203 0.2103 0.3928 0.1479 0.0401 0.1885
52 0.0247 0.1161 0.3154 0.3521 0.0721 0.1198
53 0.0886 0.3118 0.3477 0.0623 0.1721 0.0176
54 0.0639 0.1292 0.5610 0.0457 0.1046 0.0959
55 0.1001 0.4180 0.2764 0.0503 0.0779 0.0773
56 0.0926 0.1198 0.6377 0.0602 0.0657 0.0240
57 0.1048 0.1432 0.5664 0.0803 0.0773 0.0280
58 0.0570 0.0986 0.2070 0.3748 0.0050 0.2576
59 0.0436 0.4302 0.2932 0.1030 0.0039 0.1261
60 0.2585 0.1384 0.5308 0.0591 0.0034 0.0098
61 0.1674 0.1523 0.6270 0.0476 0.0032 0.0027
62 0.0841 0.4546 0.3682 0.0676 0.0072 0.0183
63 0.0259 0.1744 0.2206 0.5049 0.0125 0.0617
64 0.1738 0.1534 0.4106 0.2048 0.0288 0.0286
65 0.0740 0.0554 0.4097 0.3044 0.1102 0.0463
66 0.1180 0.2136 0.3662 0.1538 0.1401 0.0082
67 0.0607 0.1975 0.5410 0.1001 0.0863 0.0142
68 0.1331 0.3943 0.3452 0.0339 0.0306 0.0629
69 0.1991 0.2086 0.2742 0.1914 0.0312 0.0955
70 0.2388 0.1027 0.2141 0.1949 0.0576 0.1919
71 0.0902 0.0436 0.3352 0.5190 0.0061 0.0060
72 0.1063 0.0655 0.4993 0.2759 0.0070 0.0461
73 0.0327 0.0911 0.5083 0.2942 0.0657 0.0079
74 0.0730 0.3650 0.4836 0.0264 0.0079 0.0439
75 0.0697 0.0615 0.3950 0.4270 0.0286 0.0182
76 0.1912 0.2003 0.3054 0.2825 0.0124 0.0079
77 0.0690 0.0297 0.4641 0.1483 0.0521 0.2369
78 0.3601 0.2272 0.1974 0.1884 0.0243 0.0028
79 0.2290 0.0883 0.2037 0.4556 0.0171 0.0062
80 0.0544 0.1133 0.6729 0.1304 0.0142 0.0150
81 0.0816 0.2380 0.5576 0.0932 0.0167 0.0125
82 0.1039 0.1159 0.4695 0.1015 0.1714 0.0379
83 0.1190 0.3552 0.4089 0.0217 0.0787 0.0165
84 0.0901 0.1353 0.3193 0.2886 0.0370 0.1300
85 0.0653 0.2793 0.4001 0.1694 0.0609 0.0250
86 0.1653 0.3994 0.3186 0.0673 0.0389 0.0105
87 0.0592 0.2937 0.5444 0.0671 0.0158 0.0195
88 0.1272 0.4138 0.4202 0.0118 0.0232 0.0038
89 0.1230 0.2192 0.4497 0.0988 0.0418 0.0674
90 0.2129 0.3735 0.3074 0.0321 0.0596 0.0145
91 0.0944 0.3975 0.3564 0.1157 0.0163 0.0196
92 0.4077 0.1796 0.2051 0.0961 0.0910 0.0205
93 0.0843 0.1434 0.4314 0.2537 0.0837 0.0034
94 0.1089 0.3008 0.4844 0.0511 0.0472 0.0079
95 0.1831 0.2426 0.2971 0.1918 0.0331 0.0524
96 0.0887 0.0654 0.3401 0.4949 0.0032 0.0076
97 0.2146 0.1105 0.3049 0.1242 0.1985 0.0471
98 0.1034 0.1209 0.5332 0.0496 0.1199 0.0728
99 0.1324 0.1573 0.6079 0.0186 0.0602 0.0234
100 0.1680 0.0336 0.4565 0.2686 0.0260 0.0474
101 0.1071 0.0702 0.2910 0.3247 0.0759 0.1312
102 0.1161 0.0431 0.4890 0.1945 0.0641 0.0933
103 0.3823 0.0729 0.1724 0.2212 0.0685 0.0827
104 0.1512 0.0778 0.2417 0.0925 0.3572 0.0797
105 0.0356 0.1698 0.5312 0.1808 0.0117 0.0708
106 0.0651 0.1930 0.4890 0.1515 0.0203 0.0811
107 0.1801 0.4219 0.3086 0.0131 0.0323 0.0441
108 0.1251 0.1486 0.1710 0.4834 0.0610 0.0108
109 0.0690 0.4829 0.4067 0.0181 0.0148 0.0084
110 0.0566 0.5854 0.3159 0.0229 0.0128 0.0062
111 0.0428 0.4714 0.3093 0.1472 0.0121 0.0172
112 0.2693 0.2048 0.2451 0.1014 0.1096 0.0697
113 0.2474 0.3008 0.1973 0.1489 0.0382 0.0671
114 0.2286 0.2340 0.4075 0.0945 0.0258 0.0094
115 0.1862 0.0807 0.5142 0.1967 0.0180 0.0044
116 0.0556 0.1865 0.2734 0.3403 0.0362 0.1079
117 0.0536 0.1458 0.6636 0.1190 0.0070 0.0108
118 0.0381 0.2729 0.6299 0.0505 0.0025 0.0063
119 0.1158 0.6411 0.1780 0.0214 0.0265 0.0171
120 0.1088 0.1464 0.6260 0.0796 0.0223 0.0170
121 0.1046 0.1292 0.5879 0.0802 0.0605 0.0376
122 0.0676 0.1598 0.4143 0.1142 0.2343 0.0097
123 0.0724 0.2629 0.3916 0.0654 0.2031 0.0046
124 0.1740 0.4763 0.1571 0.1387 0.0223 0.0317
125 0.2107 0.4675 0.1615 0.1035 0.0246 0.0323
126 0.1704 0.1066 0.0699 0.2008 0.0139 0.4385
127 0.4680 0.3560 0.0958 0.0399 0.0146 0.0258
128 0.1938 0.3735 0.1671 0.1021 0.0193 0.1440
129 0.0565 0.0665 0.5234 0.2198 0.1141 0.0198
130 0.1142 0.5713 0.1913 0.0440 0.0325 0.0469
131 0.2021 0.4773 0.1676 0.0693 0.0200 0.0636
132 0.0211 0.1008 0.7002 0.1274 0.0092 0.0414
133 0.1376 0.0665 0.3625 0.3982 0.0203 0.0148
134 0.2241 0.4783 0.1392 0.1101 0.0095 0.0387
135 0.1602 0.2405 0.2878 0.2480 0.0341 0.0294
136 0.1895 0.1487 0.5522 0.0719 0.0219 0.0157
137 0.2732 0.3823 0.1428 0.1342 0.0353 0.0321
138 0.1558 0.3826 0.2451 0.1440 0.0587 0.0137
139 0.1921 0.2954 0.0707 0.3589 0.0159 0.0670
140 0.2126 0.5142 0.1351 0.0685 0.0190 0.0505
141 0.2035 0.1660 0.3328 0.2473 0.0472 0.0032
142 0.2094 0.2466 0.4163 0.0996 0.0091 0.0192
143 0.2185 0.4482 0.1624 0.0693 0.0186 0.0829
144 0.0865 0.3423 0.2883 0.2076 0.0165 0.0586
145 0.1976 0.5415 0.1317 0.0455 0.0190 0.0647
146 0.0638 0.6348 0.1472 0.1394 0.0028 0.0120
147 0.1047 0.3684 0.1741 0.1768 0.0136 0.1622
148 0.0365 0.1064 0.3228 0.2698 0.0704 0.1942
149 0.1520 0.4717 0.1876 0.1005 0.0212 0.0669
150 0.0947 0.2456 0.0992 0.5283 0.0137 0.0186
151 0.0605 0.5107 0.2693 0.0771 0.0115 0.0708
152 0.2483 0.4392 0.0872 0.1191 0.0369 0.0695
153 0.1740 0.4619 0.1488 0.0961 0.0472 0.0720
154 0.1395 0.4365 0.3000 0.0490 0.0114 0.0634
155 0.3535 0.1148 0.2754 0.2283 0.0165 0.0114
156 0.0583 0.2379 0.3328 0.1973 0.0164 0.1572
157 0.2037 0.4556 0.1729 0.0570 0.0287 0.0823
158 0.0651 0.1587 0.5083 0.0876 0.0125 0.1676
159 0.1273 0.1536 0.1987 0.4768 0.0127 0.0307
160 0.0748 0.3679 0.1924 0.1232 0.0133 0.2284
161 0.1411 0.1065 0.3357 0.3745 0.0368 0.0053
162 0.4753 0.1405 0.1484 0.1936 0.0215 0.0207
163 0.2360 0.4014 0.2491 0.0433 0.0698 0.0006
164 0.0798 0.1730 0.3281 0.2598 0.0160 0.1434
165 0.0926 0.2421 0.2239 0.3467 0.0303 0.0646
166 0.0298 0.1218 0.7007 0.1042 0.0196 0.0238
167 0.0472 0.1355 0.5273 0.2612 0.0192 0.0094
168 0.1003 0.4565 0.1591 0.1019 0.0088 0.1733
169 0.0415 0.2316 0.5298 0.1383 0.0172 0.0415
170 0.1510 0.4578 0.1396 0.0923 0.0230 0.1364
171 0.1423 0.4282 0.3962 0.0140 0.0078 0.0113
172 0.4680 0.1230 0.2688 0.0900 0.0378 0.0122
173 0.0681 0.3828 0.3513 0.0828 0.0125 0.1022
174 0.0287 0.3186 0.2332 0.3113 0.0049 0.1035
175 0.1754 0.1597 0.3252 0.2532 0.0450 0.0417
176 0.0747 0.1251 0.2411 0.3323 0.1697 0.0573
177 0.1005 0.0901 0.0944 0.2046 0.0275 0.4832
178 0.2313 0.0390 0.3997 0.1404 0.0149 0.1747
179 0.0807 0.3000 0.1271 0.0908 0.2062 0.1952
180 0.0408 0.1575 0.3281 0.2617 0.0532 0.1587
181 0.1236 0.2239 0.3467 0.1316 0.1066 0.0677
182 0.0435 0.3391 0.3782 0.0927 0.0029 0.1436
183 0.0550 0.5381 0.3115 0.0512 0.0070 0.0372
184 0.0451 0.2537 0.5161 0.1143 0.0617 0.0090
185 0.0554 0.2074 0.5298 0.1360 0.0166 0.0550
186 0.4277 0.0570 0.2805 0.1913 0.0086 0.0351
187 0.3425 0.0951 0.4263 0.1130 0.0134 0.0098
188 0.1864 0.4104 0.3376 0.0319 0.0241 0.0097
189 0.1136 0.1051 0.1530 0.5093 0.0254 0.0935
190 0.2305 0.2673 0.4011 0.0394 0.0307 0.0309
191 0.3811 0.2578 0.2788 0.0418 0.0315 0.0088
192 0.2020 0.4082 0.2595 0.0602 0.0677 0.0024
193 0.1248 0.4224 0.2208 0.1318 0.0328 0.0673
194 0.1444 0.0896 0.2717 0.4551 0.0147 0.0243
195 0.1469 0.0459 0.3721 0.4087 0.0073 0.0191
196 0.1312 0.4104 0.2888 0.0778 0.0610 0.0307
197 0.1663 0.1702 0.5322 0.1082 0.0155 0.0075
198 0.1531 0.3477 0.4131 0.0355 0.0456 0.0050
199 0.1267 0.2104 0.5010 0.1127 0.0346 0.0145
200 0.0373 0.2081 0.3223 0.3596 0.0179 0.0547
201 0.0547 0.5615 0.1796 0.1809 0.0089 0.0141
202 0.0869 0.6270 0.1958 0.0338 0.0221 0.0343
203 0.0521 0.2108 0.5137 0.1904 0.0186 0.0147
204 0.0901 0.5352 0.3535 0.0164 0.0045 0.0003
205 0.0431 0.0549 0.3335 0.5415 0.0131 0.0138
206 0.1550 0.2203 0.5122 0.0721 0.0151 0.0249
207 0.0988 0.2522 0.5728 0.0545 0.0031 0.0188
208 0.1759 0.3364 0.2925 0.0652 0.0448 0.0851
209 0.2062 0.1643 0.2355 0.3479 0.0116 0.0345
210 0.1481 0.5415 0.2788 0.0144 0.0131 0.0040
211 0.1316 0.6328 0.1689 0.0424 0.0085 0.0158
212 0.4448 0.1188 0.3130 0.0720 0.0472 0.0043
213 0.1670 0.4365 0.1907 0.0952 0.0367 0.0741
214 0.1003 0.4785 0.2903 0.1003 0.0168 0.0138
215 0.1382 0.4495 0.2314 0.1259 0.0358 0.0193
216 0.0742 0.3274 0.3325 0.1711 0.0560 0.0388
217 0.0751 0.1517 0.5254 0.2369 0.0074 0.0031
218 0.1997 0.2505 0.2646 0.2335 0.0460 0.0058
219 0.1146 0.4062 0.2463 0.2042 0.0089 0.0198
220 0.1028 0.2544 0.3701 0.1616 0.0260 0.0852
221 0.3469 0.0750 0.3259 0.2257 0.0073 0.0193
222 0.1206 0.1455 0.6675 0.0491 0.0126 0.0049
223 0.0861 0.1088 0.4304 0.3625 0.0108 0.0014
224 0.2585 0.3320 0.2467 0.1300 0.0246 0.0081
225 0.1718 0.3608 0.2104 0.2040 0.0374 0.0156
226 0.1495 0.4397 0.2751 0.0369 0.0886 0.0102
227 0.0673 0.3062 0.4741 0.0891 0.0318 0.0318
228 0.0539 0.3201 0.4622 0.1536 0.0070 0.0033
229 0.1844 0.0428 0.3042 0.2996 0.1505 0.0186
230 0.1093 0.2542 0.3162 0.2664 0.0242 0.0299
231 0.0859 0.0679 0.3318 0.4827 0.0217 0.0099
232 0.1254 0.0322 0.2915 0.4443 0.0772 0.0293
233 0.0864 0.1085 0.5254 0.2642 0.0084 0.0070
234 0.0598 0.1118 0.3965 0.3667 0.0148 0.0504
235 0.0215 0.0227 0.0954 0.8115 0.0047 0.0444
236 0.0626 0.0527 0.2847 0.4768 0.0025 0.1206
237 0.0601 0.0731 0.4272 0.3328 0.0019 0.1047
238 0.0748 0.0945 0.3052 0.4302 0.0024 0.0930
239 0.0554 0.0290 0.1995 0.5259 0.0031 0.1874
240 0.0912 0.0608 0.2292 0.3232 0.0055 0.2898
241 0.0876 0.0476 0.2742 0.4451 0.0120 0.1335
242 0.2157 0.1934 0.2261 0.2903 0.0139 0.0608
243 0.0690 0.1219 0.4900 0.3113 0.0051 0.0027
244 0.0506 0.0991 0.5703 0.2734 0.0041 0.0026
245 0.0685 0.0390 0.2111 0.5825 0.0065 0.0922
246 0.0598 0.1298 0.4121 0.2788 0.0135 0.1058
247 0.0648 0.0782 0.3140 0.3672 0.0297 0.1461
