time exciting_prob fearful_prob tense_prob sad_prob relaxing_prob neutral_prob
0 0.1136 0.1553 0.1349 0.1288 0.0181 0.4492
1 0.1327 0.1368 0.2023 0.4487 0.0091 0.0704
2 0.1099 0.1266 0.2186 0.4214 0.0118 0.1117
3 0.1184 0.0801 0.1029 0.5308 0.0273 0.1406
4 0.3157 0.1217 0.0657 0.4150 0.0738 0.0082
5 0.2216 0.2913 0.1910 0.1823 0.1014 0.0124
6 0.2332 0.2947 0.2106 0.1565 0.0892 0.0159
7 0.0873 0.3096 0.3145 0.2062 0.0214 0.0610
8 0.1215 0.1741 0.0645 0.4958 0.1132 0.0310
9 0.0650 0.4619 0.1986 0.2251 0.0314 0.0181
10 0.0643 0.3530 0.0988 0.4326 0.0358 0.0153
11 0.0376 0.1196 0.0645 0.4512 0.3149 0.0122
12 0.0789 0.2014 0.2144 0.4539 0.0125 0.0390
13 0.2876 0.1917 0.2056 0.1626 0.0143 0.1381
14 0.0742 0.1606 0.5435 0.1821 0.0324 0.0071
15 0.2081 0.0868 0.1344 0.4841 0.0340 0.0526
16 0.0831 0.5464 0.1802 0.1136 0.0442 0.0323
17 0.1274 0.1929 0.1650 0.2086 0.2942 0.0120
18 0.0864 0.0524 0.0812 0.7461 0.0138 0.0201
19 0.2134 0.2185 0.0631 0.4590 0.0368 0.0092
20 0.1554 0.2644 0.1604 0.3728 0.0323 0.0145
21 0.1132 0.3149 0.1823 0.3352 0.0472 0.0072
22 0.0942 0.1155 0.1760 0.3728 0.0120 0.2296
23 0.4082 0.0300 0.0940 0.3774 0.0165 0.0738
24 0.6279 0.0744 0.1001 0.1057 0.0294 0.0626
25 0.0350 0.0685 0.1428 0.6606 0.0106 0.0826
26 0.1542 0.5596 0.1616 0.0813 0.0390 0.0041
27 0.1395 0.5024 0.2111 0.0753 0.0664 0.0055
28 0.2839 0.3789 0.1020 0.1721 0.0316 0.0313
29 0.4180 0.2419 0.0667 0.1742 0.0698 0.0293
30 0.4077 0.2825 0.1007 0.1622 0.0314 0.0156
31 0.2646 0.1532 0.0568 0.4036 0.0412 0.0807
32 0.2700 0.4890 0.1033 0.0651 0.0341 0.0386
33 0.0739 0.1469 0.1108 0.6089 0.0549 0.0048
34 0.0926 0.2363 0.3132 0.3440 0.0087 0.0053
35 0.1379 0.0780 0.0933 0.5762 0.0870 0.0276
36 0.1975 0.3359 0.1074 0.2346 0.1091 0.0154
37 0.1218 0.4282 0.2136 0.1677 0.0414 0.0272
38 0.1026 0.3525 0.1505 0.3162 0.0524 0.0257
39 0.0944 0.2908 0.2095 0.3196 0.0509 0.0347
40 0.0503 0.3411 0.2344 0.3010 0.0053 0.0682
41 0.2661 0.4187 0.1447 0.1403 0.0266 0.0037
42 0.3047 0.2646 0.1764 0.2046 0.0358 0.0138
43 0.1219 0.3040 0.2520 0.2405 0.0504 0.0313
44 0.0933 0.1423 0.1886 0.3259 0.1915 0.0584
45 0.1224 0.2084 0.1987 0.2759 0.1366 0.0579
46 0.1263 0.2891 0.2695 0.2341 0.0241 0.0569
47 0.0685 0.0801 0.1923 0.4265 0.0079 0.2247
48 0.1051 0.0885 0.0885 0.6147 0.0512 0.0520
49 0.0642 0.0673 0.0390 0.7827 0.0161 0.0308
50 0.1107 0.3958 0.1116 0.3230 0.0410 0.0181
51 0.0673 0.5337 0.1719 0.2058 0.0084 0.0129
52 0.0927 0.1136 0.0369 0.6851 0.0311 0.0408
53 0.1440 0.3977 0.0840 0.2932 0.0605 0.0206
54 0.1114 0.0784 0.0514 0.6821 0.0245 0.0522
55 0.1384 0.2281 0.0419 0.4609 0.0936 0.0370
56 0.3350 0.4368 0.0975 0.1096 0.0152 0.0062
57 0.2213 0.4988 0.1792 0.0391 0.0568 0.0049
58 0.0552 0.0578 0.0731 0.7046 0.0241 0.0854
59 0.0495 0.2695 0.5278 0.1356 0.0101 0.0072
60 0.1674 0.6265 0.1234 0.0552 0.0159 0.0116
61 0.0617 0.2661 0.0870 0.3235 0.1481 0.1135
62 0.0630 0.2289 0.1324 0.2917 0.0142 0.2698
63 0.0606 0.1168 0.2759 0.3889 0.0214 0.1365
64 0.0572 0.2522 0.1035 0.2644 0.0233 0.2996
65 0.0655 0.1621 0.0939 0.6025 0.0135 0.0625
66 0.0642 0.0920 0.1011 0.7017 0.0134 0.0278
67 0.1206 0.1410 0.1598 0.3833 0.0145 0.1810
68 0.1544 0.1461 0.2883 0.2795 0.0894 0.0422
69 0.2549 0.3679 0.1354 0.1836 0.0468 0.0116
70 0.1094 0.1862 0.0886 0.2076 0.2729 0.1351
71 0.0841 0.1055 0.4373 0.2981 0.0142 0.0610
72 0.5029 0.1312 0.1365 0.1880 0.0200 0.0214
73 0.1416 0.4944 0.0758 0.1832 0.0900 0.0149
74 0.0632 0.5381 0.0369 0.2502 0.0711 0.0405
75 0.2761 0.3435 0.2379 0.0726 0.0302 0.0398
76 0.0811 0.2222 0.2517 0.3132 0.0251 0.1066
77 0.0694 0.1445 0.1296 0.3606 0.0127 0.2830
78 0.3354 0.2435 0.1313 0.2166 0.0440 0.0291
79 0.0657 0.0824 0.1515 0.5205 0.0257 0.1539
80 0.0837 0.1541 0.1448 0.4529 0.1493 0.0154
81 0.0217 0.1058 0.0979 0.7231 0.0411 0.0103
82 0.0542 0.0525 0.1921 0.6499 0.0117 0.0396
83 0.1289 0.2974 0.1721 0.2795 0.1061 0.0159
84 0.1865 0.0790 0.1698 0.3027 0.0635 0.1985
85 0.1114 0.0754 0.1646 0.3948 0.0490 0.2048
86 0.0995 0.1318 0.1641 0.4192 0.0576 0.1278
87 0.0583 0.2233 0.2693 0.3982 0.0277 0.0232
88 0.1266 0.0667 0.0926 0.6631 0.0392 0.0116
89 0.1664 0.2205 0.4182 0.1664 0.0217 0.0069
90 0.0917 0.2654 0.1168 0.4175 0.0457 0.0630
91 0.1760 0.0988 0.2058 0.4028 0.0673 0.0493
92 0.0425 0.1907 0.1605 0.3242 0.0172 0.2646
93 0.0565 0.1973 0.2201 0.4517 0.0161 0.0583
94 0.1783 0.2495 0.1549 0.2742 0.1116 0.0315
95 0.2410 0.4946 0.1121 0.1310 0.0137 0.0076
96 0.0504 0.2498 0.2744 0.3467 0.0377 0.0411
97 0.1652 0.0837 0.0360 0.4893 0.2172 0.0087
98 0.1350 0.0375 0.0198 0.7646 0.0254 0.0176
99 0.1508 0.1129 0.0367 0.6548 0.0217 0.0229
100 0.0201 0.0271 0.0246 0.3562 0.5605 0.0114
101 0.0403 0.1555 0.0250 0.0475 0.7305 0.0011
102 0.0136 0.0758 0.0231 0.0180 0.8677 0.0016
103 0.0145 0.5103 0.0214 0.4231 0.0248 0.0060
104 0.0707 0.2932 0.0753 0.5103 0.0422 0.0082
105 0.0463 0.0800 0.0851 0.4531 0.3164 0.0191
106 0.0811 0.1552 0.0844 0.4087 0.1931 0.0774
107 0.0423 0.7051 0.1410 0.1000 0.0083 0.0033
108 0.0438 0.1458 0.2366 0.5415 0.0095 0.0231
109 0.0710 0.1436 0.2189 0.5171 0.0207 0.0287
110 0.1763 0.3972 0.0679 0.2605 0.0442 0.0538
111 0.0770 0.4397 0.0966 0.2974 0.0106 0.0788
112 0.2954 0.1791 0.0807 0.3000 0.1021 0.0429
113 0.1013 0.0624 0.1777 0.5562 0.0525 0.0501
114 0.0831 0.1732 0.2856 0.2900 0.0411 0.1267
115 0.1260 0.1427 0.1520 0.5303 0.0077 0.0412
116 0.0216 0.0542 0.0526 0.8613 0.0071 0.0031
117 0.0580 0.3843 0.2190 0.3040 0.0165 0.0181
118 0.0620 0.1194 0.2231 0.4722 0.0450 0.0783
119 0.0801 0.0981 0.1147 0.5649 0.0425 0.0997
120 0.0709 0.2002 0.3513 0.3054 0.0130 0.0592
121 0.0643 0.8398 0.0318 0.0493 0.0093 0.0054
122 0.0560 0.0937 0.1644 0.5479 0.0286 0.1096
123 0.1891 0.2408 0.0879 0.3909 0.0614 0.0299
124 0.1747 0.3696 0.1578 0.2388 0.0381 0.0210
125 0.0516 0.2922 0.1931 0.3037 0.0837 0.0756
126 0.1326 0.2515 0.1326 0.4246 0.0398 0.0192
127 0.2595 0.3386 0.1189 0.2169 0.0602 0.0057
128 0.1035 0.1802 0.2424 0.3936 0.0369 0.0435
129 0.1011 0.1830 0.1145 0.4600 0.0215 0.1200
130 0.0592 0.2715 0.2164 0.3101 0.0158 0.1272
131 0.0626 0.4812 0.2037 0.1400 0.0177 0.0947
132 0.0397 0.1925 0.1243 0.5571 0.0037 0.0828
133 0.1091 0.3750 0.1152 0.3083 0.0438 0.0484
134 0.1371 0.0679 0.2522 0.4639 0.0088 0.0701
135 0.0565 0.0661 0.5200 0.2615 0.0071 0.0889
136 0.1158 0.1105 0.1685 0.5835 0.0051 0.0166
137 0.1882 0.2612 0.1500 0.3892 0.0039 0.0073
138 0.0479 0.2015 0.3025 0.3430 0.0416 0.0634
139 0.1931 0.5371 0.1247 0.1256 0.0089 0.0104
140 0.1218 0.5996 0.1614 0.0878 0.0084 0.0208
141 0.0505 0.2410 0.4099 0.2263 0.0432 0.0292
142 0.1459 0.1843 0.2260 0.2900 0.1370 0.0168
143 0.1013 0.1095 0.0457 0.6709 0.0103 0.0624
144 0.0847 0.0573 0.0591 0.6982 0.0104 0.0901
145 0.1565 0.2386 0.1328 0.4028 0.0079 0.0613
146 0.2163 0.0560 0.2031 0.4507 0.0175 0.0564
147 0.0857 0.0824 0.1527 0.5947 0.0251 0.0594
148 0.0743 0.2360 0.1432 0.3542 0.0447 0.1477
149 0.1786 0.4595 0.1652 0.1041 0.0786 0.0141
150 0.0656 0.3354 0.1432 0.2455 0.1206 0.0896
151 0.1078 0.1863 0.3704 0.2212 0.0192 0.0952
152 0.0613 0.1692 0.2074 0.4458 0.0120 0.1042
153 0.1770 0.2007 0.1899 0.3132 0.1117 0.0075
154 0.2085 0.2418 0.1245 0.2698 0.1367 0.0185
155 0.1063 0.1323 0.2286 0.3889 0.1014 0.0423
156 0.2366 0.3389 0.1227 0.1227 0.1588 0.0200
157 0.1921 0.3850 0.1240 0.1532 0.1351 0.0105
158 0.0632 0.1091 0.1857 0.5718 0.0070 0.0632
159 0.0486 0.1752 0.1204 0.4333 0.1893 0.0332
160 0.0834 0.1046 0.1698 0.4993 0.0243 0.1186
161 0.0790 0.1686 0.1272 0.4653 0.0189 0.1409
162 0.2267 0.0410 0.1442 0.4106 0.0379 0.1396
163 0.1943 0.0621 0.0862 0.5039 0.0238 0.1295
164 0.0966 0.2505 0.1777 0.4468 0.0089 0.0195
165 0.1136 0.1035 0.2124 0.4426 0.0210 0.1068
166 0.1453 0.2844 0.4270 0.0601 0.0809 0.0025
167 0.1182 0.1566 0.2666 0.3643 0.0690 0.0254
168 0.3970 0.1249 0.1240 0.3020 0.0418 0.0103
169 0.0640 0.0945 0.1510 0.4724 0.0241 0.1940
170 0.0515 0.1125 0.1716 0.2205 0.0255 0.4182
171 0.1799 0.0622 0.1691 0.3635 0.0151 0.2103
172 0.2585 0.1921 0.1644 0.3374 0.0314 0.0161
173 0.4236 0.1879 0.1522 0.1851 0.0403 0.0111
174 0.2325 0.4734 0.1525 0.0810 0.0579 0.0027
175 0.2183 0.2288 0.1987 0.2551 0.0896 0.0093
176 0.1929 0.2939 0.1943 0.2255 0.0155 0.0779
177 0.0886 0.0490 0.2159 0.4294 0.0142 0.2029
178 0.0978 0.0876 0.2786 0.2238 0.0465 0.2659
179 0.0972 0.1654 0.2406 0.1654 0.0500 0.2812
180 0.1006 0.2590 0.1499 0.4075 0.0671 0.0157
181 0.4043 0.0895 0.1465 0.2935 0.0269 0.0391
182 0.2032 0.3540 0.2693 0.0578 0.0999 0.0157
183 0.0470 0.1948 0.1802 0.4673 0.0080 0.1027
184 0.2463 0.0831 0.1360 0.4189 0.0957 0.0199
185 0.0903 0.3303 0.2455 0.1687 0.1561 0.0089
186 0.1830 0.5767 0.0528 0.1154 0.0594 0.0126
187 0.2399 0.2437 0.2437 0.2184 0.0491 0.0053
188 0.1798 0.1108 0.0484 0.4592 0.1975 0.0043
189 0.3013 0.3469 0.1338 0.1190 0.0811 0.0180
190 0.3044 0.3940 0.1289 0.1004 0.0634 0.0086
191 0.2217 0.0656 0.2593 0.3542 0.0295 0.0698
192 0.1316 0.1959 0.5806 0.0656 0.0143 0.0121
193 0.2234 0.1852 0.0931 0.4175 0.0640 0.0168
194 0.1620 0.0560 0.0967 0.5479 0.0422 0.0952
195 0.1252 0.3198 0.0790 0.4011 0.0583 0.0166
196 0.1058 0.1058 0.1516 0.5811 0.0255 0.0301
197 0.1006 0.2032 0.2164 0.4441 0.0126 0.0232
198 0.2384 0.1010 0.2172 0.3694 0.0431 0.0310
199 0.2625 0.0846 0.1138 0.4573 0.0723 0.0096
200 0.1078 0.1497 0.2627 0.3589 0.0182 0.1028
201 0.0993 0.1041 0.3257 0.3521 0.0327 0.0862
202 0.0481 0.7017 0.1641 0.0663 0.0103 0.0093
203 0.1157 0.1632 0.1533 0.5269 0.0319 0.0093
204 0.1530 0.0928 0.4939 0.2026 0.0238 0.0339
205 0.1564 0.3469 0.1504 0.1381 0.2056 0.0027
206 0.1666 0.0906 0.2462 0.2424 0.0193 0.2350
207 0.2383 0.1638 0.1379 0.2203 0.0626 0.1771
208 0.1857 0.0704 0.3523 0.2876 0.0303 0.0739
209 0.1382 0.0599 0.2010 0.4749 0.0428 0.0832
210 0.0895 0.4441 0.0676 0.3708 0.0213 0.0067
211 0.2319 0.1104 0.1606 0.2607 0.0691 0.1671
212 0.2695 0.2100 0.2343 0.2416 0.0345 0.0101
213 0.5181 0.0866 0.1240 0.2029 0.0106 0.0577
214 0.0562 0.1228 0.1307 0.6235 0.0516 0.0149
215 0.1377 0.1560 0.3303 0.2493 0.0275 0.0992
216 0.1399 0.0641 0.1489 0.0447 0.5894 0.0132
217 0.2556 0.2808 0.1217 0.2457 0.0798 0.0165
218 0.1514 0.3630 0.1179 0.3359 0.0165 0.0152
219 0.0738 0.3281 0.5078 0.0612 0.0141 0.0150
220 0.0806 0.2583 0.3584 0.2278 0.0268 0.0481
221 0.1009 0.0970 0.2421 0.4739 0.0234 0.0627
222 0.1294 0.4958 0.1824 0.1512 0.0275 0.0137
223 0.1439 0.0582 0.0959 0.5781 0.0479 0.0759
224 0.0869 0.1573 0.1624 0.4924 0.0276 0.0732
225 0.1545 0.0887 0.1343 0.5396 0.0697 0.0131
226 0.0484 0.2876 0.1083 0.3469 0.1857 0.0232
227 0.1113 0.1429 0.2935 0.3948 0.0118 0.0457
228 0.0741 0.0741 0.0534 0.7256 0.0443 0.0288
229 0.1492 0.0544 0.1126 0.6279 0.0335 0.0222
230 0.0646 0.1945 0.2830 0.3809 0.0259 0.0511
231 0.0270 0.4292 0.2371 0.2859 0.0132 0.0076
232 0.3242 0.4131 0.0929 0.0770 0.0833 0.0093
233 0.0454 0.0798 0.1943 0.4180 0.2236 0.0389
234 0.2474 0.0666 0.1549 0.3774 0.0552 0.0984
235 0.0616 0.0925 0.0903 0.6572 0.0883 0.0102
236 0.1057 0.0904 0.3464 0.3574 0.0317 0.0682
237 0.1493 0.1093 0.3472 0.3210 0.0344 0.0389
238 0.1066 0.1562 0.0823 0.5806 0.0411 0.0330
239 0.1393 0.1788 0.1136 0.2191 0.3394 0.0099
240 0.0549 0.1359 0.0811 0.6382 0.0099 0.0799
241 0.1209 0.0558 0.0481 0.6958 0.0093 0.0700
242 0.1757 0.1813 0.1170 0.4485 0.0149 0.0626
243 0.3040 0.1705 0.2900 0.1963 0.0104 0.0287
244 0.0637 0.1136 0.3040 0.3088 0.0393 0.1705
245 0.0606 0.0828 0.0953 0.6826 0.0251 0.0535
246 0.1913 0.1305 0.1433 0.4519 0.0131 0.0698
247 0.0589 0.1588 0.0396 0.3416 0.0259 0.3752
248 0.1675 0.0495 0.2020 0.5239 0.0107 0.0465
249 0.1163 0.0673 0.1425 0.5376 0.0995 0.0366
250 0.0861 0.4106 0.1292 0.3403 0.0044 0.0295
251 0.1038 0.1232 0.3511 0.3511 0.0062 0.0649
252 0.1128 0.1980 0.4749 0.1591 0.0210 0.0341
253 0.1028 0.1044 0.3022 0.4131 0.0226 0.0550
254 0.1144 0.0837 0.2539 0.4055 0.0477 0.0948
255 0.0874 0.1214 0.0388 0.5356 0.0483 0.1686
256 0.1792 0.1290 0.1417 0.5186 0.0067 0.0246
257 0.3137 0.3555 0.1415 0.1229 0.0580 0.0084
258 0.0856 0.1422 0.1025 0.5283 0.0054 0.1357
259 0.1285 0.0756 0.0553 0.6841 0.0276 0.0289
260 0.2223 0.2223 0.1493 0.2991 0.0971 0.0099
261 0.3076 0.0999 0.3596 0.1924 0.0228 0.0179
262 0.0828 0.0923 0.0938 0.5151 0.1986 0.0172
263 0.1733 0.0957 0.0806 0.5771 0.0196 0.0537
264 0.1447 0.1425 0.1208 0.4856 0.0844 0.0222
265 0.0956 0.2479 0.0627 0.4932 0.0202 0.0805
266 0.1226 0.3181 0.0566 0.3806 0.0499 0.0721
267 0.1247 0.0864 0.0793 0.6533 0.0188 0.0374
268 0.1110 0.3611 0.1995 0.1382 0.0899 0.1003
269 0.0798 0.1126 0.1144 0.5127 0.0424 0.1379
270 0.1729 0.1411 0.1676 0.2917 0.1133 0.1133
271 0.1722 0.3821 0.0679 0.1776 0.1593 0.0409
272 0.0497 0.1449 0.3816 0.2279 0.0240 0.1720
273 0.1473 0.1451 0.1892 0.4199 0.0701 0.0284
274 0.1401 0.2328 0.1503 0.3386 0.0484 0.0897
275 0.2158 0.3503 0.1183 0.2544 0.0163 0.0449
276 0.1937 0.5923 0.0959 0.0741 0.0290 0.0152
277 0.1639 0.0722 0.2277 0.4744 0.0244 0.0374
278 0.1786 0.3135 0.1153 0.1814 0.1296 0.0817
279 0.1519 0.3938 0.0800 0.1965 0.1003 0.0775
280 0.2106 0.4707 0.1403 0.0528 0.1059 0.0197
281 0.0808 0.5698 0.0895 0.1547 0.0681 0.0370
282 0.0813 0.4714 0.0550 0.2837 0.0643 0.0442
283 0.0787 0.6851 0.1068 0.0763 0.0262 0.0270
284 0.1285 0.4929 0.1296 0.1316 0.0844 0.0330
285 0.1403 0.0613 0.1414 0.5859 0.0246 0.0466
286 0.1699 0.0620 0.1205 0.5317 0.0188 0.0969
287 0.0919 0.1664 0.3691 0.2786 0.0338 0.0602
288 0.1761 0.2141 0.1383 0.3477 0.1036 0.0202
289 0.0811 0.3333 0.1295 0.3333 0.1198 0.0031
290 0.0700 0.1692 0.1470 0.4600 0.1437 0.0101
291 0.0583 0.1687 0.1206 0.5620 0.0749 0.0156
292 0.0606 0.1454 0.1283 0.6318 0.0269 0.0069
293 0.0766 0.5073 0.2100 0.0809 0.1224 0.0026
294 0.0760 0.3545 0.2051 0.2676 0.0896 0.0072
295 0.0671 0.4583 0.2378 0.1609 0.0709 0.0052
296 0.0674 0.4363 0.2410 0.1250 0.1250 0.0053
297 0.1503 0.0856 0.2186 0.2595 0.0870 0.1990
298 0.2037 0.0672 0.1198 0.2070 0.1057 0.2964
299 0.2386 0.6094 0.0512 0.0246 0.0739 0.0021
300 0.2086 0.6528 0.0536 0.0177 0.0656 0.0018
301 0.2078 0.6504 0.0551 0.0186 0.0664 0.0019
302 0.2097 0.6562 0.0530 0.0138 0.0660 0.0014
