time exciting_prob fearful_prob tense_prob sad_prob relaxing_prob neutral_prob
0 0.1136 0.1553 0.1349 0.1288 0.0181 0.4492
1 0.0950 0.1860 0.0728 0.3586 0.2244 0.0633
2 0.0654 0.2335 0.0643 0.1997 0.3911 0.0460
3 0.1515 0.0738 0.0363 0.3806 0.2874 0.0704
4 0.1410 0.0816 0.0303 0.4412 0.2399 0.0661
5 0.0619 0.1998 0.3618 0.3345 0.0275 0.0146
6 0.0780 0.2120 0.2328 0.3960 0.0223 0.0589
7 0.2144 0.6299 0.0456 0.0375 0.0712 0.0013
8 0.1968 0.6016 0.0337 0.0072 0.1606 0.0005
9 0.0518 0.5396 0.0795 0.0601 0.2432 0.0260
10 0.2246 0.5386 0.0604 0.0058 0.1696 0.0010
11 0.2986 0.5322 0.0527 0.0024 0.1133 0.0006
12 0.2043 0.5469 0.1220 0.0068 0.1191 0.0010
13 0.1547 0.6265 0.1547 0.0038 0.0569 0.0034
14 0.2041 0.5171 0.2241 0.0098 0.0402 0.0047
15 0.2141 0.2705 0.0299 0.1603 0.1803 0.1449
16 0.0954 0.3408 0.0348 0.1284 0.3354 0.0651
17 0.1324 0.2235 0.1283 0.4585 0.0348 0.0225
18 0.2622 0.5684 0.1259 0.0073 0.0352 0.0007
19 0.0838 0.2225 0.4290 0.1628 0.0689 0.0331
20 0.0891 0.0739 0.0704 0.6182 0.0566 0.0919
21 0.2937 0.5571 0.0320 0.0092 0.1039 0.0038
22 0.1508 0.7480 0.0453 0.0076 0.0464 0.0019
23 0.3762 0.4434 0.0735 0.0032 0.1013 0.0025
24 0.1919 0.3501 0.0618 0.0061 0.3787 0.0114
25 0.1904 0.5220 0.0914 0.0060 0.1832 0.0070
26 0.1960 0.6846 0.0398 0.0047 0.0739 0.0011
27 0.1538 0.7935 0.0269 0.0019 0.0230 0.0006
28 0.3560 0.3760 0.0966 0.0209 0.1438 0.0066
29 0.2502 0.4751 0.1566 0.0084 0.1052 0.0043
30 0.2927 0.5176 0.1268 0.0069 0.0537 0.0021
31 0.0400 0.8232 0.0868 0.0413 0.0074 0.0013
32 0.0886 0.6245 0.2408 0.0173 0.0254 0.0031
33 0.1593 0.6704 0.1544 0.0029 0.0116 0.0012
34 0.1381 0.5679 0.2747 0.0061 0.0103 0.0028
35 0.1340 0.2316 0.1383 0.3477 0.0124 0.1361
36 0.0880 0.0997 0.1241 0.5562 0.0223 0.1096
37 0.1119 0.3784 0.4785 0.0024 0.0266 0.0021
38 0.0479 0.2546 0.0840 0.3479 0.0479 0.2178
39 0.0476 0.6167 0.2571 0.0495 0.0251 0.0039
40 0.0219 0.6743 0.0711 0.1815 0.0396 0.0114
41 0.1541 0.3113 0.0927 0.2834 0.0508 0.1076
42 0.0688 0.5854 0.1626 0.0603 0.0941 0.0285
43 0.2190 0.5859 0.0980 0.0375 0.0571 0.0025
44 0.1805 0.6401 0.1395 0.0067 0.0326 0.0007
45 0.2734 0.4543 0.0468 0.1030 0.1194 0.0029
46 0.2285 0.0714 0.0182 0.0131 0.6660 0.0027
47 0.2311 0.0750 0.0259 0.0612 0.5542 0.0524
48 0.4783 0.3904 0.0489 0.0051 0.0763 0.0010
49 0.2440 0.6479 0.0282 0.0012 0.0780 0.0005
50 0.2937 0.5151 0.0293 0.0014 0.1597 0.0009
51 0.2421 0.4453 0.2292 0.0020 0.0786 0.0027
52 0.2441 0.3608 0.2922 0.0516 0.0473 0.0037
53 0.2107 0.6646 0.0964 0.0034 0.0238 0.0013
54 0.3015 0.5547 0.1067 0.0055 0.0306 0.0011
55 0.4399 0.4946 0.0416 0.0048 0.0183 0.0005
56 0.2522 0.5425 0.1340 0.0075 0.0623 0.0014
57 0.2129 0.5352 0.1908 0.0030 0.0498 0.0084
58 0.1821 0.3738 0.3123 0.0072 0.1194 0.0052
59 0.1317 0.5503 0.1109 0.0073 0.1978 0.0022
60 0.2998 0.4001 0.0302 0.0272 0.2317 0.0109
61 0.3577 0.4382 0.1337 0.0417 0.0227 0.0059
62 0.2126 0.6919 0.0770 0.0029 0.0145 0.0013
63 0.2296 0.6289 0.1136 0.0066 0.0178 0.0033
64 0.3169 0.5474 0.0894 0.0048 0.0350 0.0063
65 0.4502 0.3372 0.0412 0.0591 0.0908 0.0217
66 0.4128 0.3503 0.0537 0.0172 0.1592 0.0068
67 0.2374 0.6450 0.0497 0.0040 0.0619 0.0017
68 0.2886 0.5352 0.1203 0.0087 0.0406 0.0069
69 0.4377 0.4482 0.0667 0.0077 0.0327 0.0069
70 0.4192 0.1043 0.0493 0.1299 0.2749 0.0226
71 0.3186 0.3391 0.1639 0.0058 0.1653 0.0073
72 0.5527 0.2822 0.0483 0.0107 0.0983 0.0078
73 0.4270 0.4438 0.1176 0.0032 0.0076 0.0008
74 0.1879 0.6611 0.0847 0.0186 0.0388 0.0091
75 0.2279 0.6440 0.0590 0.0344 0.0215 0.0132
76 0.2820 0.5830 0.0605 0.0135 0.0605 0.0006
77 0.1689 0.7002 0.0646 0.0128 0.0465 0.0070
78 0.1993 0.4424 0.1110 0.0030 0.2405 0.0039
79 0.2900 0.1627 0.0381 0.0033 0.4973 0.0088
80 0.1659 0.5610 0.1333 0.0049 0.1312 0.0038
81 0.1655 0.6548 0.1461 0.0022 0.0294 0.0021
82 0.4712 0.1288 0.0845 0.0865 0.2225 0.0067
83 0.1627 0.2190 0.2190 0.1414 0.1505 0.1075
84 0.0632 0.4460 0.0706 0.3813 0.0308 0.0079
85 0.1882 0.3127 0.0947 0.0044 0.3892 0.0109
86 0.1184 0.4102 0.2488 0.0078 0.2030 0.0119
87 0.2783 0.4446 0.2084 0.0069 0.0565 0.0054
88 0.3262 0.4856 0.0328 0.0193 0.1328 0.0035
89 0.4092 0.3584 0.1542 0.0303 0.0459 0.0021
90 0.5659 0.1635 0.0423 0.0056 0.2166 0.0060
91 0.2483 0.5864 0.0623 0.0168 0.0832 0.0029
92 0.2428 0.6250 0.0981 0.0268 0.0059 0.0014
93 0.1353 0.7490 0.0795 0.0153 0.0200 0.0011
94 0.2534 0.4883 0.1868 0.0267 0.0325 0.0125
95 0.1131 0.4990 0.3650 0.0039 0.0114 0.0078
96 0.2922 0.3286 0.0688 0.0781 0.2294 0.0028
97 0.1633 0.5835 0.1204 0.0403 0.0874 0.0052
98 0.0398 0.7866 0.1178 0.0123 0.0423 0.0013
99 0.2617 0.5122 0.1041 0.0466 0.0575 0.0177
100 0.2189 0.5996 0.0877 0.0208 0.0657 0.0074
101 0.0695 0.7178 0.0934 0.0927 0.0129 0.0135
102 0.2469 0.6606 0.0514 0.0008 0.0394 0.0008
103 0.3547 0.5581 0.0579 0.0012 0.0274 0.0007
104 0.1177 0.3569 0.5151 0.0011 0.0069 0.0020
105 0.0258 0.7554 0.2050 0.0085 0.0050 0.0003
106 0.2896 0.4451 0.0444 0.0360 0.1827 0.0021
107 0.1855 0.2764 0.1434 0.1600 0.1945 0.0401
108 0.1566 0.6699 0.0907 0.0160 0.0643 0.0023
109 0.2120 0.3284 0.1144 0.1552 0.1731 0.0170
110 0.2263 0.6152 0.1484 0.0044 0.0050 0.0005
111 0.2542 0.6489 0.0831 0.0025 0.0113 0.0001
112 0.2291 0.6685 0.0662 0.0078 0.0249 0.0035
113 0.1663 0.7109 0.1179 0.0020 0.0023 0.0008
114 0.1300 0.1439 0.0840 0.0853 0.5518 0.0048
115 0.0656 0.0354 0.0345 0.0480 0.7861 0.0303
116 0.2410 0.6060 0.0696 0.0130 0.0701 0.0004
117 0.2142 0.5425 0.1383 0.0107 0.0936 0.0005
118 0.2214 0.6021 0.0998 0.0071 0.0696 0.0002
119 0.6636 0.1829 0.0733 0.0261 0.0466 0.0075
120 0.6133 0.2722 0.0912 0.0162 0.0044 0.0026
121 0.4678 0.1935 0.1331 0.0204 0.1694 0.0158
122 0.2365 0.4629 0.1066 0.0357 0.1217 0.0368
123 0.1693 0.3447 0.0914 0.1155 0.2483 0.0308
124 0.0607 0.7451 0.1757 0.0068 0.0101 0.0017
125 0.2725 0.4783 0.1381 0.0082 0.1019 0.0010
126 0.2917 0.5122 0.1315 0.0033 0.0607 0.0006
127 0.3040 0.4856 0.0920 0.0405 0.0739 0.0041
128 0.1444 0.7393 0.0507 0.0133 0.0503 0.0022
129 0.1626 0.5811 0.2072 0.0068 0.0405 0.0022
130 0.0395 0.7227 0.0744 0.1467 0.0148 0.0020
131 0.1500 0.3984 0.0457 0.3252 0.0597 0.0211
132 0.1735 0.1531 0.1630 0.4431 0.0418 0.0256
133 0.0867 0.2844 0.1014 0.4915 0.0126 0.0235
134 0.0950 0.5215 0.0563 0.2971 0.0131 0.0168
135 0.1062 0.5352 0.0551 0.2910 0.0094 0.0034
136 0.1342 0.6763 0.0246 0.1395 0.0221 0.0034
137 0.2000 0.2507 0.0853 0.1953 0.2507 0.0180
138 0.1937 0.6011 0.0839 0.0097 0.1078 0.0036
139 0.2095 0.5347 0.1406 0.0164 0.0922 0.0064
140 0.0609 0.3501 0.0819 0.4785 0.0199 0.0086
141 0.1918 0.6045 0.0711 0.0459 0.0858 0.0009
142 0.1053 0.6558 0.1984 0.0217 0.0176 0.0014
143 0.2158 0.5957 0.0865 0.0563 0.0442 0.0013
144 0.0319 0.8027 0.0776 0.0674 0.0198 0.0008
145 0.0706 0.2041 0.1339 0.3933 0.0800 0.1181
146 0.0829 0.1812 0.2986 0.3081 0.0335 0.0955
147 0.0175 0.8218 0.1450 0.0141 0.0010 0.0006
148 0.0476 0.6680 0.2307 0.0499 0.0014 0.0026
149 0.0645 0.7979 0.1150 0.0195 0.0021 0.0009
150 0.0677 0.8247 0.0883 0.0172 0.0017 0.0004
151 0.0814 0.8354 0.0530 0.0260 0.0035 0.0006
152 0.0522 0.8755 0.0534 0.0167 0.0020 0.0004
153 0.0722 0.8140 0.0851 0.0248 0.0032 0.0009
154 0.0698 0.8169 0.0828 0.0258 0.0038 0.0008
155 0.1511 0.7041 0.0888 0.0514 0.0040 0.0006
156 0.1001 0.8062 0.0715 0.0177 0.0040 0.0005
157 0.0781 0.8735 0.0378 0.0017 0.0088 0.0002
158 0.0385 0.9331 0.0228 0.0008 0.0046 0.0001
159 0.2268 0.6313 0.0931 0.0123 0.0340 0.0026
160 0.2134 0.6172 0.0803 0.0027 0.0836 0.0029
161 0.1704 0.7173 0.0594 0.0018 0.0473 0.0037
162 0.2201 0.4275 0.0570 0.0036 0.2893 0.0024
163 0.3298 0.3223 0.0828 0.0026 0.2610 0.0017
164 0.0728 0.3164 0.2107 0.2749 0.1060 0.0194
165 0.0844 0.5947 0.2294 0.0520 0.0313 0.0083
166 0.2465 0.2351 0.1239 0.2174 0.1393 0.0378
167 0.1094 0.0921 0.1694 0.5820 0.0125 0.0347
168 0.0916 0.2266 0.3621 0.2910 0.0104 0.0183
169 0.2109 0.6499 0.0997 0.0082 0.0297 0.0017
170 0.3237 0.4324 0.1603 0.0260 0.0554 0.0021
171 0.5303 0.4099 0.0226 0.0080 0.0256 0.0034
172 0.5293 0.3418 0.0613 0.0274 0.0396 0.0004
173 0.4492 0.4028 0.1084 0.0144 0.0242 0.0008
174 0.4473 0.3621 0.1658 0.0113 0.0132 0.0003
175 0.1273 0.7681 0.0280 0.0076 0.0682 0.0009
176 0.5474 0.3044 0.1279 0.0059 0.0133 0.0012
177 0.1930 0.6899 0.1010 0.0097 0.0048 0.0017
178 0.4434 0.3047 0.1937 0.0053 0.0517 0.0010
179 0.3330 0.4661 0.1235 0.0069 0.0693 0.0011
180 0.4629 0.3989 0.0515 0.0579 0.0265 0.0022
181 0.4019 0.4280 0.1016 0.0289 0.0359 0.0036
182 0.2350 0.3936 0.1182 0.2174 0.0294 0.0064
183 0.1891 0.6807 0.0735 0.0490 0.0073 0.0004
184 0.3423 0.4463 0.0493 0.0206 0.1372 0.0045
185 0.3679 0.4688 0.0719 0.0051 0.0808 0.0056
186 0.0700 0.7827 0.0663 0.0627 0.0166 0.0016
187 0.4995 0.1852 0.1926 0.0065 0.1106 0.0055
188 0.2065 0.4995 0.0822 0.0145 0.1956 0.0018
189 0.3713 0.5361 0.0433 0.0091 0.0365 0.0037
190 0.1686 0.4441 0.0809 0.2822 0.0153 0.0087
191 0.1329 0.4158 0.0832 0.3474 0.0148 0.0058
192 0.2310 0.6323 0.0823 0.0278 0.0230 0.0034
193 0.3718 0.5000 0.0779 0.0119 0.0365 0.0018
194 0.1803 0.6699 0.0872 0.0059 0.0537 0.0032
195 0.2781 0.5073 0.1344 0.0205 0.0472 0.0124
196 0.4243 0.3833 0.0791 0.0249 0.0803 0.0081
197 0.1971 0.5034 0.1926 0.0189 0.0848 0.0030
198 0.0667 0.7334 0.1389 0.0374 0.0107 0.0127
199 0.0885 0.6045 0.1425 0.0980 0.0452 0.0212
200 0.2502 0.5552 0.0663 0.0648 0.0355 0.0283
201 0.1143 0.0891 0.0553 0.2273 0.4592 0.0548
202 0.1433 0.1444 0.0574 0.2783 0.3518 0.0245
203 0.1858 0.1370 0.0851 0.2312 0.3337 0.0272
204 0.1411 0.1914 0.1276 0.2439 0.2659 0.0303
205 0.0859 0.1847 0.0951 0.5688 0.0403 0.0252
206 0.1131 0.1570 0.1364 0.1282 0.0182 0.4473
