time exciting_prob fearful_prob tense_prob sad_prob relaxing_prob neutral_prob
0 0.2896 0.3958 0.0743 0.0646 0.0108 0.1649
1 0.3079 0.1500 0.3125 0.1477 0.0223 0.0597
2 0.6836 0.0743 0.1143 0.0503 0.0368 0.0407
3 0.1682 0.2335 0.4363 0.0936 0.0493 0.0190
4 0.2615 0.2915 0.1188 0.0227 0.2783 0.0273
5 0.1840 0.2362 0.2678 0.2400 0.0218 0.0503
6 0.6411 0.2322 0.0397 0.0373 0.0342 0.0154
7 0.4590 0.3333 0.0984 0.0495 0.0519 0.0080
8 0.3459 0.1597 0.1713 0.1987 0.0803 0.0440
9 0.4832 0.3096 0.1241 0.0385 0.0311 0.0136
10 0.3447 0.3237 0.2483 0.0126 0.0347 0.0360
11 0.5928 0.1194 0.1158 0.0228 0.0446 0.1046
12 0.4597 0.1359 0.1199 0.0199 0.0652 0.1993
13 0.4795 0.1053 0.1202 0.0111 0.0521 0.2318
14 0.2491 0.0687 0.1186 0.0295 0.1511 0.3828
15 0.3818 0.0493 0.1890 0.0489 0.0706 0.2603
16 0.5220 0.2028 0.0832 0.0169 0.1483 0.0270
17 0.1383 0.0604 0.0568 0.0039 0.6548 0.0859
18 0.0741 0.0216 0.0279 0.0053 0.6602 0.2111
19 0.5483 0.0946 0.1097 0.0430 0.0828 0.1215
20 0.2145 0.0759 0.0777 0.0196 0.4399 0.1724
21 0.4788 0.1904 0.1542 0.0445 0.0576 0.0746
22 0.3896 0.2988 0.1295 0.0232 0.1170 0.0420
23 0.3093 0.2372 0.2094 0.0237 0.1555 0.0648
24 0.1693 0.0825 0.4255 0.0632 0.0281 0.2313
25 0.5200 0.2363 0.0761 0.0210 0.0904 0.0561
26 0.2391 0.1300 0.3943 0.1147 0.0753 0.0464
27 0.1752 0.2888 0.1149 0.1105 0.1620 0.1487
28 0.3647 0.1907 0.1362 0.0707 0.0981 0.1395
29 0.0258 0.5649 0.3765 0.0097 0.0046 0.0183
30 0.3386 0.0148 0.0817 0.1033 0.1285 0.3333
31 0.5894 0.1611 0.1133 0.0205 0.0469 0.0688
32 0.4670 0.2172 0.1917 0.0184 0.0411 0.0647
33 0.1167 0.0314 0.0983 0.0111 0.4202 0.3223
34 0.2727 0.1329 0.2058 0.0096 0.2261 0.1530
35 0.1504 0.0642 0.0485 0.0071 0.4932 0.2366
36 0.6113 0.0982 0.0605 0.0385 0.0596 0.1322
37 0.2966 0.3691 0.1227 0.0291 0.1125 0.0699
38 0.1740 0.0681 0.1022 0.4304 0.0742 0.1511
39 0.5605 0.0614 0.0680 0.0564 0.0478 0.2062
40 0.6665 0.0803 0.0681 0.0211 0.0671 0.0968
41 0.3347 0.0422 0.1737 0.1157 0.0517 0.2820
42 0.1896 0.1956 0.2286 0.2322 0.0317 0.1224
43 0.1125 0.4382 0.3521 0.0515 0.0166 0.0289
44 0.1494 0.2708 0.3999 0.1288 0.0219 0.0292
45 0.3025 0.2888 0.3123 0.0345 0.0082 0.0538
46 0.0936 0.4292 0.3672 0.0525 0.0456 0.0120
47 0.4397 0.0853 0.1384 0.0770 0.0833 0.1763
48 0.3171 0.1969 0.1332 0.0615 0.1282 0.1632
49 0.1158 0.3682 0.4172 0.0681 0.0042 0.0263
50 0.2177 0.0112 0.1721 0.2211 0.0355 0.3423
51 0.2583 0.2949 0.3757 0.0334 0.0233 0.0147
52 0.5220 0.1155 0.0445 0.0209 0.0489 0.2484
53 0.2695 0.2305 0.3684 0.0640 0.0143 0.0535
54 0.1274 0.0918 0.2573 0.2573 0.0836 0.1825
55 0.1376 0.1659 0.4304 0.1823 0.0073 0.0765
56 0.3147 0.2910 0.2954 0.0125 0.0163 0.0702
57 0.2520 0.1815 0.2480 0.0716 0.0280 0.2189
58 0.0441 0.0126 0.0824 0.1162 0.0102 0.7344
59 0.0914 0.1372 0.5181 0.1483 0.0270 0.0782
60 0.0658 0.1003 0.5259 0.2262 0.0352 0.0467
61 0.0984 0.2115 0.5400 0.0969 0.0253 0.0278
62 0.0853 0.0840 0.4333 0.3171 0.0206 0.0596
63 0.2446 0.0712 0.3396 0.1506 0.0568 0.1372
64 0.3774 0.0220 0.0437 0.1388 0.0773 0.3408
65 0.1045 0.1544 0.1892 0.0759 0.2546 0.2213
66 0.0373 0.3618 0.3293 0.1005 0.0155 0.1556
67 0.7544 0.0211 0.0425 0.0573 0.0361 0.0887
68 0.2041 0.1101 0.6143 0.0363 0.0215 0.0137
69 0.0613 0.0751 0.3474 0.1298 0.0700 0.3164
70 0.5371 0.0811 0.0863 0.0458 0.0792 0.1703
71 0.2532 0.1169 0.5752 0.0385 0.0119 0.0042
72 0.7998 0.0300 0.0511 0.0374 0.0349 0.0469
73 0.5244 0.1378 0.1335 0.0289 0.0715 0.1040
74 0.6968 0.1278 0.0318 0.0369 0.0505 0.0563
75 0.3484 0.1954 0.1646 0.0373 0.1282 0.1262
76 0.0513 0.2773 0.5264 0.0746 0.0034 0.0669
77 0.6499 0.0853 0.0456 0.0638 0.0467 0.1086
78 0.6528 0.1400 0.0715 0.0693 0.0444 0.0220
79 0.1943 0.3987 0.2534 0.0181 0.0704 0.0651
80 0.1600 0.3606 0.2766 0.0333 0.0488 0.1208
81 0.5078 0.1512 0.1432 0.1031 0.0465 0.0483
82 0.7192 0.0456 0.0139 0.1183 0.0497 0.0533
83 0.0693 0.0343 0.1179 0.0251 0.5708 0.1825
84 0.1650 0.2598 0.3550 0.0106 0.1600 0.0496
85 0.5581 0.1562 0.0540 0.0227 0.1885 0.0203
86 0.7573 0.0891 0.0222 0.0431 0.0566 0.0315
87 0.5459 0.0768 0.0516 0.0549 0.1902 0.0805
88 0.0588 0.0511 0.0527 0.0097 0.6729 0.1549
89 0.2446 0.3093 0.2905 0.0217 0.0701 0.0638
90 0.1742 0.1315 0.1040 0.0089 0.4519 0.1295
91 0.2155 0.1652 0.3184 0.0298 0.1626 0.1083
92 0.2466 0.1183 0.1174 0.3701 0.0517 0.0958
93 0.1415 0.2297 0.2859 0.2369 0.0094 0.0965
94 0.4109 0.0583 0.2067 0.1293 0.0483 0.1465
95 0.0731 0.6318 0.2218 0.0298 0.0282 0.0154
96 0.2437 0.3032 0.3833 0.0161 0.0414 0.0126
97 0.0375 0.0031 0.0201 0.0066 0.5420 0.3906
98 0.3967 0.0648 0.1350 0.0347 0.0648 0.3042
99 0.3398 0.0347 0.0758 0.0944 0.2029 0.2524
100 0.1859 0.1918 0.2424 0.2971 0.0384 0.0445
101 0.5898 0.0626 0.0767 0.1368 0.0721 0.0621
102 0.1660 0.0945 0.5034 0.1293 0.0650 0.0420
103 0.2048 0.2321 0.3540 0.0307 0.0983 0.0802
104 0.1300 0.2773 0.3506 0.1833 0.0111 0.0475
105 0.4758 0.0577 0.1570 0.1029 0.0286 0.1779
106 0.1465 0.2778 0.4407 0.0765 0.0079 0.0506
107 0.4871 0.0724 0.0659 0.1213 0.1301 0.1232
108 0.3599 0.0855 0.2551 0.0376 0.0468 0.2150
109 0.5151 0.0596 0.0938 0.0983 0.0760 0.1571
110 0.3247 0.2957 0.2375 0.0151 0.0938 0.0332
111 0.4167 0.1385 0.2842 0.0867 0.0192 0.0547
112 0.8130 0.0941 0.0780 0.0061 0.0069 0.0018
113 0.2620 0.2422 0.2040 0.0751 0.1516 0.0652
114 0.1368 0.0553 0.4487 0.1189 0.0217 0.2186
115 0.2483 0.2333 0.1693 0.1616 0.0246 0.1628
116 0.3142 0.2795 0.1777 0.1804 0.0390 0.0090
117 0.3975 0.3792 0.1384 0.0564 0.0103 0.0183
118 0.3516 0.1560 0.2695 0.0748 0.0518 0.0961
119 0.2666 0.2666 0.3267 0.0306 0.1013 0.0079
120 0.1989 0.4377 0.2380 0.0565 0.0641 0.0046
121 0.7397 0.0762 0.1152 0.0441 0.0163 0.0084
122 0.3613 0.2483 0.2010 0.0845 0.0740 0.0311
123 0.3772 0.1572 0.2847 0.1304 0.0427 0.0078
124 0.2732 0.0533 0.1682 0.2732 0.0559 0.1763
125 0.4358 0.0763 0.1831 0.1219 0.1259 0.0572
126 0.5493 0.0726 0.3081 0.0330 0.0273 0.0098
127 0.0812 0.0800 0.4392 0.1888 0.0442 0.1666
128 0.3914 0.2546 0.2062 0.0718 0.0505 0.0254
129 0.3613 0.2092 0.3215 0.0432 0.0355 0.0292
130 0.2471 0.0686 0.0686 0.0209 0.5312 0.0635
131 0.1131 0.1570 0.1261 0.2047 0.0719 0.3271
132 0.5361 0.2343 0.1283 0.0443 0.0385 0.0183
133 0.2756 0.1464 0.4578 0.0724 0.0157 0.0321
134 0.5830 0.0930 0.0271 0.0526 0.1130 0.1311
135 0.5518 0.1569 0.0435 0.0685 0.0866 0.0929
136 0.4497 0.3342 0.0865 0.1068 0.0062 0.0168
137 0.4766 0.1420 0.3076 0.0261 0.0203 0.0273
138 0.8589 0.0750 0.0389 0.0129 0.0066 0.0078
139 0.3892 0.2454 0.1987 0.0465 0.0394 0.0809
140 0.6807 0.0517 0.0663 0.0192 0.0180 0.1642
141 0.2717 0.2593 0.3228 0.0410 0.0507 0.0548
142 0.3496 0.1704 0.1992 0.1135 0.0280 0.1390
143 0.1117 0.0223 0.0480 0.0146 0.4851 0.3181
144 0.1155 0.0381 0.0529 0.0091 0.6338 0.1505
145 0.1547 0.0968 0.0999 0.0135 0.5483 0.0868
146 0.3210 0.1003 0.0613 0.0030 0.3933 0.1209
147 0.2520 0.2008 0.2639 0.1576 0.0762 0.0496
148 0.1421 0.0903 0.0869 0.0072 0.6567 0.0167
149 0.5781 0.0735 0.1792 0.1231 0.0314 0.0145
150 0.0697 0.0302 0.0426 0.0077 0.7734 0.0765
151 0.6191 0.0769 0.1136 0.0264 0.0793 0.0845
152 0.1615 0.1425 0.4321 0.1802 0.0320 0.0516
153 0.0171 0.0245 0.2808 0.5581 0.0061 0.1134
154 0.3433 0.1023 0.2098 0.0487 0.2217 0.0742
155 0.3557 0.0845 0.1654 0.0712 0.1299 0.1934
156 0.0945 0.1014 0.4763 0.0397 0.0250 0.2629
157 0.0491 0.0395 0.2271 0.5981 0.0052 0.0809
158 0.0461 0.1008 0.2068 0.5620 0.0150 0.0693
159 0.0957 0.0858 0.4495 0.2947 0.0105 0.0637
160 0.3728 0.1350 0.0921 0.1146 0.1904 0.0950
161 0.1683 0.0670 0.0644 0.0078 0.5269 0.1658
162 0.0915 0.0256 0.0609 0.0130 0.6152 0.1936
163 0.2627 0.0219 0.1061 0.2930 0.0880 0.2283
164 0.1804 0.0701 0.0486 0.0202 0.6396 0.0412
165 0.0695 0.2502 0.4390 0.1888 0.0076 0.0449
166 0.4934 0.0435 0.1577 0.0851 0.1505 0.0699
167 0.0254 0.0590 0.2859 0.4426 0.0055 0.1816
168 0.1343 0.1953 0.3220 0.1953 0.0453 0.1078
169 0.1560 0.3005 0.3354 0.1064 0.0071 0.0946
170 0.1750 0.1497 0.1342 0.0187 0.3943 0.1281
171 0.0527 0.0315 0.4080 0.1782 0.0267 0.3032
172 0.3206 0.2615 0.1914 0.0100 0.0940 0.1226
173 0.0938 0.3147 0.4368 0.1054 0.0092 0.0403
174 0.2595 0.2637 0.1899 0.0798 0.1108 0.0963
175 0.5156 0.2004 0.1489 0.0263 0.0687 0.0398
176 0.0807 0.2976 0.5142 0.0509 0.0082 0.0486
177 0.5977 0.0086 0.0625 0.2416 0.0417 0.0479
178 0.1088 0.0322 0.0556 0.0084 0.6069 0.1880
179 0.6240 0.1448 0.0328 0.0341 0.0871 0.0775
180 0.3145 0.0416 0.0493 0.0022 0.3911 0.2014
181 0.1085 0.0281 0.0316 0.0061 0.7188 0.1069
182 0.0984 0.0635 0.0635 0.0039 0.5752 0.1957
183 0.3228 0.0154 0.0597 0.4412 0.0286 0.1324
184 0.6436 0.0987 0.1339 0.0399 0.0303 0.0536
185 0.4912 0.0665 0.0291 0.0483 0.1292 0.2357
186 0.2462 0.0768 0.0632 0.0049 0.3210 0.2878
187 0.4849 0.0985 0.0761 0.0829 0.1826 0.0750
188 0.0553 0.0194 0.0110 0.0022 0.8716 0.0405
189 0.6704 0.0378 0.0390 0.0701 0.0782 0.1044
190 0.6523 0.1702 0.0461 0.0307 0.0561 0.0447
191 0.3655 0.3225 0.2200 0.0131 0.0330 0.0461
192 0.3206 0.1335 0.0693 0.0933 0.3010 0.0823
193 0.7329 0.0606 0.0527 0.0255 0.1089 0.0197
194 0.7769 0.1019 0.0360 0.0258 0.0489 0.0108
195 0.6147 0.2369 0.0387 0.0214 0.0832 0.0052
196 0.5840 0.0924 0.0468 0.0475 0.1971 0.0322
197 0.5518 0.0894 0.0517 0.0239 0.2449 0.0381
198 0.2651 0.2913 0.1376 0.0457 0.0113 0.2490
199 0.4580 0.2610 0.0867 0.0439 0.0087 0.1418
200 0.2411 0.3735 0.0795 0.1037 0.0115 0.1908
201 0.5029 0.0453 0.3049 0.1140 0.0119 0.0211
202 0.7896 0.0367 0.0350 0.1077 0.0231 0.0080
203 0.1136 0.1553 0.1349 0.1288 0.0181 0.4492
204 0.6436 0.1287 0.0768 0.0405 0.0678 0.0428
205 0.6587 0.1277 0.0728 0.0352 0.0678 0.0378
206 0.7065 0.1153 0.0642 0.0283 0.0575 0.0283
