time exciting_prob fearful_prob tense_prob sad_prob relaxing_prob neutral_prob
0 0.1136 0.1553 0.1349 0.1288 0.0181 0.4492
1 0.0059 0.1208 0.1083 0.6846 0.0257 0.0545
2 0.0113 0.2524 0.2905 0.3730 0.0406 0.0321
3 0.0151 0.2219 0.2219 0.4277 0.0667 0.0465
4 0.0127 0.2869 0.1687 0.3354 0.1687 0.0275
5 0.0196 0.3313 0.2747 0.2207 0.1200 0.0336
6 0.0253 0.2742 0.2917 0.2874 0.0918 0.0298
7 0.0214 0.3789 0.2372 0.2729 0.0521 0.0375
8 0.1194 0.0610 0.0808 0.6255 0.0311 0.0821
9 0.0912 0.1135 0.0857 0.4932 0.0488 0.1677
10 0.0923 0.2213 0.1046 0.3823 0.0498 0.1498
11 0.0820 0.2266 0.0901 0.4507 0.0620 0.0887
12 0.0682 0.1562 0.1357 0.5044 0.0477 0.0876
13 0.0654 0.1281 0.1863 0.5308 0.0326 0.0568
14 0.0914 0.2228 0.1818 0.3789 0.0418 0.0833
15 0.0143 0.1576 0.0818 0.6533 0.0392 0.0536
16 0.0199 0.1296 0.1917 0.6089 0.0161 0.0336
17 0.0088 0.0815 0.1595 0.7261 0.0063 0.0176
18 0.0128 0.0513 0.1906 0.7080 0.0098 0.0275
19 0.0317 0.2290 0.3230 0.3660 0.0101 0.0404
20 0.0385 0.2063 0.2566 0.3401 0.0076 0.1509
21 0.0447 0.1367 0.2805 0.3130 0.0291 0.1959
22 0.0358 0.1591 0.3699 0.3018 0.0153 0.1182
23 0.0724 0.1892 0.2976 0.3481 0.0196 0.0729
24 0.0828 0.2216 0.1283 0.4407 0.0968 0.0298
25 0.0410 0.3486 0.3174 0.2472 0.0295 0.0162
26 0.0318 0.0586 0.2013 0.6299 0.0102 0.0685
27 0.0223 0.0631 0.1295 0.6577 0.0398 0.0876
28 0.0409 0.0590 0.1164 0.6597 0.0435 0.0806
29 0.0183 0.1544 0.1644 0.4910 0.0624 0.1096
30 0.0145 0.0983 0.3274 0.3887 0.0282 0.1429
31 0.0078 0.1594 0.2754 0.4268 0.0211 0.1096
32 0.0208 0.1080 0.1431 0.6118 0.0407 0.0754
33 0.0221 0.0791 0.3831 0.4622 0.0172 0.0362
34 0.0180 0.0837 0.3691 0.4248 0.0360 0.0683
35 0.0288 0.0965 0.3215 0.4604 0.0164 0.0764
36 0.0190 0.1192 0.2092 0.5601 0.0336 0.0590
37 0.0308 0.1481 0.4634 0.3086 0.0202 0.0287
38 0.7803 0.0611 0.0261 0.0241 0.0592 0.0491
39 0.7798 0.0592 0.0267 0.0239 0.0611 0.0491
40 0.7798 0.0592 0.0267 0.0239 0.0611 0.0491
41 0.7798 0.0592 0.0267 0.0239 0.0611 0.0491
42 0.7798 0.0592 0.0267 0.0239 0.0611 0.0491
43 0.1481 0.0580 0.5811 0.1163 0.0571 0.0392
44 0.3628 0.0181 0.0069 0.6074 0.0039 0.0009
45 0.2876 0.0131 0.0047 0.6899 0.0042 0.0007
46 0.3699 0.0193 0.0049 0.6001 0.0049 0.0009
47 0.2111 0.0093 0.0033 0.7720 0.0035 0.0007
48 0.0208 0.0343 0.3306 0.5986 0.0024 0.0130
49 0.0491 0.1326 0.2805 0.4556 0.0215 0.0607
50 0.0234 0.0651 0.1515 0.6680 0.0343 0.0575
51 0.0474 0.1163 0.3813 0.2622 0.0125 0.1802
52 0.0355 0.0872 0.2642 0.3611 0.0151 0.2368
53 0.0795 0.0958 0.1736 0.2751 0.0542 0.3218
54 0.0747 0.1139 0.1984 0.4102 0.0279 0.1750
55 0.0917 0.0969 0.1367 0.2515 0.0430 0.3804
56 0.0551 0.0880 0.1619 0.3428 0.0252 0.3271
57 0.0543 0.1185 0.0771 0.2844 0.0453 0.4204
58 0.0470 0.0864 0.0787 0.3726 0.0812 0.3340
59 0.1092 0.1403 0.1237 0.2661 0.1109 0.2499
60 0.1254 0.1169 0.0947 0.3462 0.0897 0.2271
61 0.1106 0.1252 0.0714 0.2983 0.1896 0.2050
62 0.0999 0.1418 0.0960 0.3738 0.1396 0.1487
63 0.0363 0.0701 0.1394 0.6343 0.1052 0.0147
64 0.0186 0.0522 0.1292 0.7437 0.0406 0.0159
65 0.0273 0.0498 0.1464 0.6558 0.0952 0.0254
66 0.0147 0.0118 0.0835 0.8838 0.0015 0.0047
67 0.0127 0.0233 0.0675 0.8896 0.0011 0.0059
68 0.0197 0.0212 0.1131 0.8354 0.0012 0.0094
69 0.0234 0.0688 0.1676 0.7280 0.0029 0.0092
70 0.0280 0.0687 0.7153 0.1344 0.0136 0.0400
71 0.0332 0.1151 0.7388 0.0731 0.0083 0.0317
72 0.0356 0.1765 0.6255 0.0916 0.0195 0.0514
73 0.1123 0.0772 0.6670 0.1177 0.0136 0.0122
74 0.1448 0.2705 0.5215 0.0474 0.0121 0.0037
75 0.1418 0.3247 0.4653 0.0419 0.0193 0.0068
76 0.1526 0.2678 0.5327 0.0271 0.0152 0.0048
77 0.1473 0.1544 0.4832 0.1777 0.0207 0.0168
78 0.0111 0.1564 0.1469 0.6792 0.0029 0.0037
79 0.0172 0.1593 0.1147 0.7026 0.0016 0.0043
80 0.0130 0.1846 0.0304 0.7651 0.0026 0.0042
81 0.0245 0.2006 0.0469 0.7109 0.0101 0.0070
82 0.0187 0.1174 0.0546 0.8022 0.0053 0.0019
83 0.0304 0.3069 0.1165 0.5303 0.0135 0.0023
84 0.0310 0.1190 0.1814 0.5503 0.0181 0.1002
85 0.0447 0.1549 0.1179 0.4773 0.1074 0.0977
86 0.0565 0.0917 0.1648 0.5078 0.1015 0.0778
87 0.0498 0.0848 0.1753 0.5273 0.1215 0.0410
88 0.0450 0.1462 0.1644 0.5435 0.0233 0.0777
89 0.0173 0.1109 0.1199 0.6792 0.0320 0.0408
90 0.0072 0.1122 0.1214 0.7095 0.0051 0.0446
91 0.0420 0.1989 0.2761 0.3279 0.0108 0.1444
92 0.0211 0.0596 0.7490 0.1594 0.0032 0.0077
93 0.0098 0.1398 0.8042 0.0410 0.0009 0.0040
94 0.0103 0.0980 0.8462 0.0412 0.0007 0.0034
95 0.0125 0.1799 0.7573 0.0451 0.0011 0.0040
96 0.0167 0.0687 0.8501 0.0616 0.0008 0.0022
97 0.1182 0.1694 0.5820 0.0872 0.0328 0.0103
98 0.1282 0.2048 0.5190 0.0923 0.0486 0.0071
99 0.1351 0.1761 0.5020 0.1120 0.0659 0.0090
100 0.1841 0.1798 0.4280 0.0933 0.1065 0.0084
101 0.1577 0.1210 0.4028 0.2903 0.0088 0.0194
102 0.1765 0.1765 0.4302 0.1909 0.0113 0.0145
103 0.1571 0.1431 0.4407 0.2396 0.0098 0.0098
104 0.1968 0.1581 0.4539 0.1749 0.0083 0.0081
105 0.0323 0.0662 0.2277 0.6284 0.0031 0.0421
106 0.0393 0.1578 0.1707 0.5176 0.0512 0.0633
107 0.0217 0.1401 0.1945 0.5630 0.0188 0.0622
108 0.0163 0.0922 0.2710 0.5391 0.0048 0.0765
109 0.0321 0.1461 0.3242 0.3911 0.0505 0.0559
110 0.0767 0.0829 0.7510 0.0792 0.0011 0.0090
111 0.0533 0.0920 0.6489 0.1948 0.0006 0.0102
112 0.0365 0.1065 0.4846 0.3601 0.0016 0.0105
113 0.0076 0.0415 0.8594 0.0684 0.0018 0.0215
114 0.0034 0.0586 0.7593 0.1472 0.0011 0.0304
115 0.0069 0.0466 0.9209 0.0151 0.0004 0.0100
116 0.0116 0.0504 0.9229 0.0093 0.0002 0.0057
117 0.0305 0.1492 0.1370 0.5674 0.0824 0.0333
118 0.0157 0.0475 0.0822 0.8359 0.0131 0.0055
119 0.0120 0.1329 0.0594 0.7358 0.0115 0.0485
120 0.0603 0.5811 0.1588 0.1401 0.0144 0.0452
121 0.0550 0.2175 0.2666 0.3318 0.0146 0.1146
122 0.0533 0.3696 0.1517 0.2074 0.0459 0.1720
123 0.0514 0.1881 0.3101 0.2378 0.0154 0.1971
124 0.0054 0.4094 0.0769 0.4785 0.0191 0.0105
125 0.0093 0.1483 0.0893 0.6860 0.0559 0.0113
126 0.0251 0.0938 0.2778 0.3459 0.2452 0.0120
127 0.0350 0.1862 0.3167 0.3167 0.1147 0.0309
128 0.0215 0.0935 0.2747 0.4822 0.0878 0.0402
129 0.0381 0.0740 0.3645 0.3701 0.1077 0.0456
130 0.0315 0.1326 0.3718 0.3386 0.0721 0.0536
131 0.0208 0.4287 0.4089 0.0508 0.0036 0.0871
132 0.0605 0.3047 0.3733 0.1417 0.0240 0.0959
133 0.0211 0.1143 0.0947 0.7002 0.0066 0.0631
134 0.0189 0.1230 0.3242 0.4866 0.0067 0.0406
135 0.0512 0.0673 0.2559 0.3665 0.0188 0.2404
136 0.0440 0.0670 0.2433 0.4915 0.0090 0.1453
137 0.2559 0.0549 0.1814 0.3994 0.0857 0.0229
138 0.0823 0.0773 0.7681 0.0621 0.0025 0.0076
139 0.0488 0.0354 0.8921 0.0178 0.0010 0.0047
140 0.0349 0.0313 0.8999 0.0205 0.0010 0.0125
141 0.0186 0.1907 0.2336 0.3562 0.1791 0.0219
142 0.0275 0.3354 0.1512 0.2235 0.2454 0.0170
143 0.0351 0.4209 0.1926 0.1572 0.1838 0.0103
144 0.0578 0.1660 0.4175 0.3459 0.0048 0.0079
145 0.0375 0.4189 0.3528 0.1830 0.0041 0.0039
146 0.1997 0.1708 0.2688 0.2228 0.0474 0.0907
147 0.1333 0.1808 0.2715 0.2632 0.0147 0.1365
148 0.1143 0.2135 0.2830 0.2617 0.0133 0.1143
149 0.1724 0.1451 0.2283 0.2979 0.0559 0.1005
150 0.0927 0.1577 0.2368 0.3611 0.0576 0.0942
151 0.1654 0.0489 0.1249 0.3240 0.0279 0.3091
152 0.0798 0.0646 0.0811 0.5806 0.0602 0.1337
153 0.1166 0.0840 0.0930 0.4648 0.0538 0.1877
154 0.0061 0.1617 0.1383 0.6807 0.0048 0.0082
155 0.0058 0.1711 0.0364 0.7793 0.0023 0.0051
156 0.0036 0.1799 0.0434 0.7695 0.0013 0.0021
157 0.0172 0.1140 0.6982 0.1659 0.0025 0.0021
158 0.0221 0.2433 0.6411 0.0854 0.0072 0.0011
159 0.0247 0.4177 0.4883 0.0583 0.0099 0.0011
160 0.0242 0.0756 0.3721 0.5166 0.0098 0.0015
161 0.2079 0.1290 0.3621 0.2449 0.0494 0.0068
162 0.2061 0.0690 0.3167 0.2751 0.1221 0.0114
163 0.2971 0.2445 0.2465 0.1404 0.0618 0.0096
164 0.1514 0.0904 0.1688 0.4773 0.0811 0.0310
165 0.1780 0.0821 0.5229 0.1865 0.0275 0.0028
166 0.1208 0.1198 0.4595 0.2328 0.0437 0.0234
167 0.0621 0.0698 0.3032 0.4695 0.0267 0.0687
168 0.1367 0.1255 0.3306 0.3357 0.0488 0.0227
169 0.0674 0.0707 0.1907 0.6152 0.0367 0.0192
170 0.1389 0.1561 0.1514 0.4519 0.0856 0.0161
171 0.0863 0.1208 0.1033 0.5854 0.0912 0.0130
172 0.0576 0.0818 0.2900 0.5337 0.0333 0.0035
173 0.0474 0.0643 0.4065 0.3267 0.1405 0.0146
174 0.0285 0.0623 0.6909 0.1093 0.0965 0.0126
175 0.0417 0.1092 0.6187 0.1492 0.0705 0.0109
176 0.0323 0.0812 0.6592 0.2174 0.0065 0.0035
177 0.0647 0.0710 0.5503 0.1963 0.0306 0.0871
178 0.0777 0.1078 0.6304 0.0982 0.0153 0.0707
179 0.1462 0.1021 0.4868 0.1736 0.0248 0.0664
180 0.1177 0.1039 0.5615 0.1150 0.0305 0.0714
181 0.1721 0.1249 0.5137 0.1220 0.0266 0.0406
182 0.1776 0.1094 0.5220 0.1156 0.0474 0.0279
183 0.0707 0.0493 0.4607 0.3760 0.0272 0.0159
184 0.0981 0.1982 0.1952 0.4263 0.0509 0.0314
185 0.1165 0.0839 0.3167 0.4607 0.0173 0.0052
186 0.1028 0.1818 0.4941 0.2159 0.0041 0.0011
187 0.1210 0.1542 0.2949 0.4224 0.0048 0.0028
188 0.1958 0.2676 0.1560 0.2915 0.0797 0.0094
189 0.1517 0.0717 0.4126 0.3420 0.0210 0.0010
190 0.0453 0.0337 0.3401 0.5518 0.0131 0.0159
191 0.2437 0.0597 0.5322 0.0424 0.0069 0.1151
192 0.0425 0.2028 0.7134 0.0321 0.0020 0.0074
193 0.0392 0.0414 0.0110 0.7573 0.1217 0.0294
194 0.2240 0.0792 0.0540 0.4971 0.0652 0.0805
195 0.0172 0.1223 0.1986 0.6411 0.0163 0.0045
196 0.0189 0.1283 0.1781 0.6514 0.0189 0.0043
197 0.0202 0.2766 0.5249 0.1677 0.0037 0.0069
198 0.1575 0.2021 0.1217 0.4629 0.0276 0.0282
199 0.0413 0.1105 0.0578 0.7666 0.0123 0.0114
200 0.0230 0.0875 0.1442 0.6987 0.0298 0.0170
201 0.0314 0.2434 0.2759 0.3828 0.0475 0.0189
202 0.0039 0.1133 0.1064 0.7744 0.0000 0.0018
203 0.0052 0.0615 0.0967 0.8354 0.0000 0.0013
204 0.0346 0.0280 0.0688 0.8125 0.0417 0.0141
205 0.0206 0.0395 0.1161 0.7808 0.0354 0.0074
206 0.0048 0.0647 0.9072 0.0153 0.0011 0.0067
207 0.0055 0.0828 0.6831 0.2051 0.0018 0.0220
208 0.0177 0.0456 0.8740 0.0550 0.0016 0.0061
209 0.0255 0.0831 0.8457 0.0363 0.0012 0.0082
210 0.1637 0.1422 0.4053 0.2617 0.0247 0.0025
211 0.1741 0.2271 0.2117 0.3303 0.0430 0.0140
212 0.0077 0.3455 0.1556 0.4795 0.0010 0.0106
213 0.0045 0.2194 0.0638 0.7080 0.0004 0.0038
214 0.0584 0.1564 0.3994 0.3811 0.0031 0.0018
215 0.0181 0.1159 0.3572 0.4958 0.0095 0.0037
216 0.0607 0.1048 0.3228 0.4771 0.0139 0.0206
217 0.0826 0.2209 0.4326 0.2502 0.0088 0.0048
218 0.2118 0.0955 0.3865 0.1929 0.1008 0.0124
219 0.0242 0.1362 0.5557 0.2795 0.0033 0.0011
220 0.0307 0.1724 0.3025 0.4912 0.0022 0.0009
221 0.0106 0.0797 0.1398 0.7676 0.0007 0.0016
222 0.0086 0.1836 0.6821 0.1149 0.0035 0.0076
223 0.0571 0.0392 0.1576 0.6533 0.0174 0.0756
224 0.0390 0.0643 0.0679 0.7593 0.0467 0.0231
225 0.0929 0.2111 0.0505 0.4907 0.1321 0.0228
226 0.0290 0.0734 0.0851 0.6592 0.0537 0.0995
227 0.0380 0.1714 0.5620 0.2036 0.0027 0.0223
228 0.0154 0.0986 0.1758 0.6528 0.0104 0.0469
229 0.0230 0.1150 0.1263 0.6616 0.0075 0.0665
230 0.0185 0.1545 0.2179 0.5830 0.0039 0.0219
231 0.0224 0.2206 0.3933 0.3311 0.0029 0.0298
232 0.0374 0.2087 0.2639 0.4419 0.0137 0.0343
233 0.0437 0.1379 0.0401 0.6377 0.0562 0.0843
234 0.0033 0.0420 0.0420 0.8696 0.0129 0.0302
235 0.0284 0.1158 0.2097 0.4875 0.0828 0.0759
236 0.0289 0.1160 0.1624 0.5664 0.0414 0.0849
237 0.0097 0.0270 0.1104 0.6450 0.0231 0.1848
238 0.0329 0.0490 0.1439 0.5786 0.0326 0.1631
239 0.0162 0.0319 0.0542 0.7603 0.0853 0.0522
240 0.0356 0.0853 0.2213 0.4136 0.1570 0.0873
241 0.0419 0.0685 0.1509 0.2668 0.2688 0.2030
242 0.0241 0.0862 0.0918 0.6323 0.1133 0.0523
243 0.0268 0.0573 0.0624 0.6709 0.1593 0.0235
244 0.0568 0.1776 0.1230 0.3044 0.2605 0.0776
245 0.0329 0.1028 0.1250 0.4868 0.1937 0.0586
246 0.0724 0.0610 0.0959 0.2629 0.3765 0.1311
247 0.0524 0.0711 0.1003 0.2388 0.4529 0.0845
248 0.0427 0.0503 0.0495 0.3716 0.4211 0.0646
249 0.0707 0.0664 0.1130 0.7256 0.0130 0.0115
250 0.1025 0.0863 0.2170 0.5542 0.0325 0.0075
251 0.0965 0.0541 0.2316 0.5640 0.0493 0.0044
252 0.1255 0.0925 0.3464 0.3687 0.0626 0.0042
253 0.1008 0.0761 0.2615 0.5283 0.0315 0.0019
254 0.0424 0.0287 0.0646 0.8247 0.0374 0.0022
255 0.0711 0.0504 0.1051 0.7183 0.0512 0.0038
256 0.8345 0.0248 0.0184 0.0894 0.0252 0.0077
257 0.8345 0.0248 0.0184 0.0894 0.0252 0.0077
258 0.1136 0.1553 0.1349 0.1288 0.0181 0.4492
259 0.9678 0.0067 0.0195 0.0048 0.0012 0.0002
260 0.9668 0.0068 0.0198 0.0051 0.0013 0.0002
261 0.9668 0.0068 0.0198 0.0051 0.0013 0.0002
262 0.9653 0.0070 0.0197 0.0061 0.0014 0.0003
263 0.9653 0.0070 0.0197 0.0061 0.0014 0.0003
264 0.1136 0.1553 0.1349 0.1288 0.0181 0.4492
