time exciting_prob fearful_prob tense_prob sad_prob relaxing_prob neutral_prob
0 0.2393 0.0394 0.1498 0.4265 0.0130 0.1321
1 0.8267 0.0121 0.0838 0.0229 0.0489 0.0058
2 0.8735 0.0081 0.0706 0.0127 0.0328 0.0025
3 0.8833 0.0030 0.0539 0.0385 0.0200 0.0011
4 0.9370 0.0035 0.0287 0.0053 0.0254 0.0002
5 0.4290 0.0800 0.1448 0.1980 0.0372 0.1110
6 0.8022 0.0054 0.0054 0.0056 0.1790 0.0024
7 0.9229 0.0217 0.0081 0.0119 0.0297 0.0057
8 0.2443 0.1172 0.4424 0.1209 0.0069 0.0684
9 0.4727 0.1896 0.1344 0.1283 0.0154 0.0596
10 0.7490 0.0697 0.1272 0.0106 0.0397 0.0036
11 0.4927 0.2152 0.1467 0.0750 0.0220 0.0484
12 0.1672 0.1986 0.4690 0.0620 0.0635 0.0397
13 0.4165 0.0859 0.2373 0.1373 0.0226 0.1005
14 0.4504 0.0659 0.2566 0.1104 0.0419 0.0747
15 0.1228 0.3086 0.1993 0.1902 0.0251 0.1541
16 0.4045 0.0778 0.2695 0.1660 0.0241 0.0583
17 0.2529 0.1071 0.2957 0.1954 0.0551 0.0938
18 0.2656 0.1335 0.2382 0.2290 0.0417 0.0918
19 0.2246 0.0605 0.3589 0.2883 0.0262 0.0415
20 0.4324 0.0512 0.3640 0.1239 0.0121 0.0164
21 0.4822 0.1565 0.1425 0.1119 0.0199 0.0871
22 0.0804 0.2273 0.5713 0.0523 0.0294 0.0392
23 0.2159 0.2354 0.3044 0.1138 0.0604 0.0701
24 0.0445 0.0858 0.6338 0.1415 0.0161 0.0781
25 0.0745 0.2812 0.4092 0.1459 0.0296 0.0594
26 0.2076 0.2927 0.2729 0.0914 0.0685 0.0669
27 0.1371 0.2057 0.2224 0.1602 0.1627 0.1119
28 0.0250 0.1464 0.0502 0.7607 0.0081 0.0094
29 0.0975 0.2131 0.6362 0.0228 0.0223 0.0081
30 0.1824 0.3381 0.3743 0.0583 0.0144 0.0327
31 0.0764 0.1904 0.5957 0.0638 0.0054 0.0684
32 0.0888 0.4653 0.3918 0.0198 0.0125 0.0218
33 0.1849 0.1261 0.4231 0.1697 0.0347 0.0614
34 0.2303 0.0560 0.6260 0.0472 0.0166 0.0237
35 0.2830 0.1316 0.4248 0.0641 0.0637 0.0327
36 0.1888 0.1979 0.4746 0.0459 0.0648 0.0281
37 0.1121 0.3560 0.4329 0.0550 0.0141 0.0299
38 0.1962 0.1083 0.5854 0.0320 0.0315 0.0466
39 0.3550 0.0562 0.3494 0.1337 0.0296 0.0762
40 0.1487 0.0410 0.4797 0.2607 0.0074 0.0624
41 0.1765 0.4233 0.1487 0.0783 0.0742 0.0990
42 0.1353 0.3025 0.3706 0.0859 0.0226 0.0833
43 0.1959 0.2871 0.3491 0.0565 0.0495 0.0616
44 0.1860 0.3044 0.3789 0.0576 0.0242 0.0489
45 0.1004 0.0142 0.3240 0.4160 0.0164 0.1289
46 0.0947 0.0862 0.4517 0.3008 0.0503 0.0163
47 0.3113 0.3418 0.2461 0.0448 0.0459 0.0102
48 0.1853 0.2289 0.4622 0.0616 0.0220 0.0401
49 0.2913 0.0815 0.5527 0.0498 0.0099 0.0146
50 0.3677 0.1849 0.0777 0.2690 0.0551 0.0457
51 0.0876 0.0715 0.2457 0.5449 0.0107 0.0395
52 0.3164 0.0658 0.1449 0.3264 0.0186 0.1278
53 0.3433 0.3125 0.1672 0.0748 0.0237 0.0784
54 0.3076 0.1500 0.3433 0.1215 0.0526 0.0249
55 0.2102 0.1143 0.4963 0.1108 0.0612 0.0073
56 0.2455 0.0298 0.5889 0.1024 0.0291 0.0042
57 0.3257 0.1074 0.2401 0.1812 0.1024 0.0434
58 0.2852 0.2496 0.3105 0.0598 0.0738 0.0211
59 0.0637 0.2876 0.3931 0.1639 0.0346 0.0571
60 0.3848 0.0879 0.3970 0.0812 0.0058 0.0435
61 0.1694 0.2028 0.5098 0.0658 0.0513 0.0011
62 0.2903 0.0995 0.4897 0.1003 0.0191 0.0009
63 0.0642 0.0642 0.4597 0.3870 0.0157 0.0092
64 0.0682 0.0961 0.4658 0.3462 0.0113 0.0123
65 0.3135 0.3259 0.2620 0.0399 0.0383 0.0205
66 0.2534 0.3230 0.3154 0.0208 0.0458 0.0414
67 0.1409 0.0583 0.4880 0.0183 0.2737 0.0208
68 0.1744 0.0728 0.3015 0.0154 0.3994 0.0366
69 0.0433 0.0772 0.4045 0.1159 0.0491 0.3101
70 0.0985 0.3411 0.4849 0.0420 0.0310 0.0026
71 0.4136 0.0881 0.2979 0.1213 0.0209 0.0582
72 0.2186 0.1117 0.4629 0.1009 0.0579 0.0480
73 0.0787 0.2260 0.5464 0.0838 0.0150 0.0500
74 0.1202 0.2952 0.4036 0.0833 0.0286 0.0690
75 0.3374 0.0505 0.5737 0.0168 0.0138 0.0077
76 0.0718 0.1078 0.3120 0.4399 0.0092 0.0591
77 0.2375 0.0376 0.4236 0.2302 0.0133 0.0578
78 0.2028 0.0563 0.4226 0.2299 0.0090 0.0794
79 0.4219 0.1296 0.3286 0.0414 0.0689 0.0094
80 0.1327 0.3782 0.3442 0.0346 0.0363 0.0739
81 0.0335 0.5796 0.3008 0.0491 0.0156 0.0215
82 0.1237 0.0147 0.3579 0.4524 0.0131 0.0380
83 0.0398 0.0933 0.5366 0.2595 0.0557 0.0152
84 0.4072 0.1793 0.1710 0.1232 0.0735 0.0457
85 0.3872 0.0775 0.1858 0.2009 0.0240 0.1247
86 0.1820 0.1533 0.4949 0.1343 0.0224 0.0132
87 0.5620 0.0816 0.2184 0.0816 0.0253 0.0310
88 0.3071 0.1342 0.3096 0.2014 0.0302 0.0175
89 0.3401 0.1606 0.3735 0.0860 0.0321 0.0076
90 0.2289 0.2593 0.3804 0.0749 0.0437 0.0127
91 0.0567 0.2771 0.5596 0.0907 0.0093 0.0063
92 0.1227 0.0594 0.2479 0.4353 0.1327 0.0020
93 0.4329 0.2524 0.1555 0.0723 0.0138 0.0729
94 0.5859 0.1075 0.2620 0.0165 0.0102 0.0180
95 0.1371 0.1259 0.6191 0.0906 0.0240 0.0031
96 0.0689 0.2057 0.5010 0.2057 0.0109 0.0077
97 0.2417 0.1245 0.3984 0.1235 0.0296 0.0823
98 0.1765 0.2910 0.2610 0.1924 0.0180 0.0610
99 0.0723 0.3425 0.5474 0.0186 0.0172 0.0022
100 0.0551 0.3625 0.2651 0.2651 0.0142 0.0379
101 0.1980 0.0594 0.3999 0.1616 0.0116 0.1693
102 0.1836 0.1105 0.6611 0.0293 0.0050 0.0104
103 0.3284 0.0301 0.2439 0.3083 0.0272 0.0622
104 0.1447 0.3286 0.4856 0.0234 0.0166 0.0013
105 0.2844 0.6118 0.0676 0.0232 0.0103 0.0028
106 0.2054 0.0963 0.3550 0.2722 0.0272 0.0438
107 0.2532 0.0543 0.2397 0.3406 0.0074 0.1047
108 0.3350 0.1938 0.2129 0.1353 0.0256 0.0975
109 0.1772 0.0851 0.4387 0.1887 0.0153 0.0949
110 0.2437 0.0883 0.2593 0.3279 0.0583 0.0227
111 0.0613 0.1641 0.6050 0.1565 0.0108 0.0025
112 0.1464 0.6460 0.1895 0.0121 0.0054 0.0009
113 0.3540 0.0406 0.3076 0.2113 0.0146 0.0719
114 0.1715 0.1636 0.3254 0.2004 0.0317 0.1073
115 0.5596 0.1530 0.2058 0.0405 0.0134 0.0276
116 0.2549 0.0953 0.0802 0.4404 0.0309 0.0983
117 0.2847 0.0660 0.4478 0.1324 0.0103 0.0587
118 0.1744 0.4456 0.1447 0.0414 0.0492 0.1447
119 0.2898 0.0488 0.2659 0.2617 0.0941 0.0395
120 0.2932 0.0413 0.3120 0.3096 0.0373 0.0065
121 0.2935 0.1242 0.3594 0.1046 0.0051 0.1131
122 0.1761 0.1036 0.5820 0.0826 0.0117 0.0439
123 0.0360 0.6050 0.3140 0.0313 0.0082 0.0054
124 0.3669 0.1011 0.3420 0.1382 0.0456 0.0063
125 0.1632 0.0173 0.3977 0.3511 0.0078 0.0629
126 0.1555 0.1890 0.6294 0.0189 0.0061 0.0011
127 0.0665 0.0742 0.6113 0.2146 0.0275 0.0059
128 0.0556 0.1047 0.5400 0.2715 0.0188 0.0094
129 0.3538 0.1710 0.2712 0.1242 0.0329 0.0468
130 0.2319 0.0998 0.5396 0.0873 0.0158 0.0258
131 0.2878 0.1774 0.2703 0.1360 0.0176 0.1110
132 0.2937 0.2434 0.3433 0.0483 0.0121 0.0592
133 0.5371 0.0571 0.2598 0.0739 0.0102 0.0617
134 0.3171 0.0573 0.3708 0.1333 0.0082 0.1131
135 0.1516 0.1338 0.5903 0.0608 0.0576 0.0057
136 0.1975 0.3467 0.3928 0.0462 0.0124 0.0043
137 0.0900 0.4192 0.3530 0.1003 0.0347 0.0026
138 0.3970 0.0782 0.4001 0.0966 0.0228 0.0054
139 0.3884 0.1062 0.2015 0.2668 0.0347 0.0022
140 0.2600 0.1101 0.3784 0.1680 0.0145 0.0689
141 0.4973 0.2747 0.1505 0.0294 0.0264 0.0219
142 0.2145 0.1241 0.3706 0.1683 0.0076 0.1148
143 0.4128 0.0609 0.2544 0.2076 0.0079 0.0563
144 0.2444 0.0957 0.1788 0.3816 0.0220 0.0775
145 0.3831 0.1794 0.3125 0.0875 0.0221 0.0154
146 0.2949 0.0782 0.2815 0.1733 0.0214 0.1506
147 0.3037 0.2054 0.0955 0.2517 0.0657 0.0780
148 0.0654 0.0852 0.3479 0.3940 0.0533 0.0542
149 0.3799 0.0991 0.1409 0.2571 0.0305 0.0924
150 0.2368 0.0554 0.2190 0.3501 0.0131 0.1257
151 0.2935 0.2510 0.2181 0.1243 0.0539 0.0592
152 0.4031 0.1393 0.2603 0.1350 0.0375 0.0252
153 0.1416 0.0146 0.1735 0.5688 0.0089 0.0928
154 0.2781 0.0377 0.1421 0.4658 0.0570 0.0192
155 0.0960 0.1282 0.4653 0.1262 0.0157 0.1686
156 0.1545 0.0256 0.2957 0.3147 0.0461 0.1633
157 0.1406 0.1532 0.4573 0.2229 0.0235 0.0025
158 0.5303 0.0319 0.1804 0.1833 0.0125 0.0614
159 0.0873 0.0670 0.7310 0.0409 0.0182 0.0555
160 0.3501 0.2124 0.2225 0.1506 0.0190 0.0452
161 0.2766 0.3083 0.2898 0.0926 0.0320 0.0007
162 0.5596 0.0493 0.2522 0.0717 0.0148 0.0529
163 0.1136 0.0061 0.2332 0.6050 0.0061 0.0363
164 0.2357 0.1821 0.2197 0.0736 0.0475 0.2413
165 0.2820 0.0908 0.5146 0.0887 0.0134 0.0108
166 0.3879 0.0988 0.3730 0.0563 0.0813 0.0027
167 0.1279 0.0264 0.3022 0.5220 0.0173 0.0041
168 0.1126 0.1075 0.3311 0.3062 0.0132 0.1296
169 0.2737 0.2937 0.2473 0.0709 0.1141 0.0003
170 0.0530 0.2981 0.5073 0.1262 0.0143 0.0013
171 0.3694 0.4089 0.0728 0.1127 0.0283 0.0082
172 0.2411 0.1968 0.2300 0.2391 0.0297 0.0634
173 0.0654 0.3979 0.4170 0.0670 0.0275 0.0252
174 0.0939 0.0650 0.3127 0.4275 0.0220 0.0790
175 0.1401 0.1171 0.1614 0.4778 0.0171 0.0864
176 0.3237 0.0858 0.1127 0.4424 0.0128 0.0226
177 0.0643 0.0482 0.7422 0.1290 0.0131 0.0031
178 0.5229 0.2734 0.0815 0.0620 0.0587 0.0011
179 0.3992 0.0377 0.2311 0.2072 0.0122 0.1126
180 0.3108 0.3359 0.1143 0.1033 0.1285 0.0074
181 0.2566 0.2487 0.1157 0.0966 0.2646 0.0179
182 0.3560 0.0746 0.1270 0.3372 0.0138 0.0914
183 0.0930 0.0203 0.3403 0.5107 0.0084 0.0271
184 0.3301 0.0841 0.2434 0.2396 0.0502 0.0526
185 0.3777 0.1798 0.3035 0.0693 0.0354 0.0341
186 0.5376 0.1349 0.1704 0.0884 0.0270 0.0418
187 0.5527 0.1753 0.1940 0.0356 0.0245 0.0181
188 0.1980 0.1471 0.3584 0.1382 0.0285 0.1298
189 0.3979 0.0506 0.2064 0.2529 0.0252 0.0670
190 0.2076 0.1438 0.5181 0.0595 0.0390 0.0321
191 0.2218 0.1206 0.3713 0.1754 0.0404 0.0703
192 0.2345 0.0726 0.5625 0.1091 0.0158 0.0053
193 0.5142 0.1321 0.2246 0.0820 0.0154 0.0316
194 0.3560 0.1694 0.3318 0.0788 0.0623 0.0018
195 0.0127 0.0545 0.8135 0.0590 0.0020 0.0580
196 0.2478 0.1434 0.3550 0.1208 0.0978 0.0352
197 0.2876 0.0575 0.1469 0.4023 0.0296 0.0762
198 0.3911 0.1952 0.2839 0.0690 0.0406 0.0199
199 0.3599 0.1293 0.3125 0.1159 0.0183 0.0640
200 0.1698 0.2214 0.5483 0.0114 0.0479 0.0014
201 0.1065 0.1742 0.5757 0.1179 0.0188 0.0068
202 0.6777 0.0743 0.1866 0.0265 0.0156 0.0194
203 0.2590 0.0491 0.3828 0.2234 0.0078 0.0778
204 0.2612 0.1304 0.2961 0.2532 0.0561 0.0030
205 0.0732 0.0677 0.4419 0.1960 0.0124 0.2087
206 0.0589 0.0473 0.3442 0.2725 0.0090 0.2681
207 0.5376 0.0806 0.1978 0.0956 0.0355 0.0528
208 0.5420 0.1067 0.2312 0.0589 0.0280 0.0333
209 0.4043 0.1047 0.3325 0.0660 0.0122 0.0803
210 0.1324 0.0760 0.2532 0.3921 0.0218 0.1244
211 0.1921 0.1833 0.3096 0.1644 0.0321 0.1184
212 0.2769 0.1403 0.3042 0.0972 0.0201 0.1615
213 0.2502 0.0594 0.2561 0.3530 0.0122 0.0690
214 0.1782 0.0539 0.5576 0.1225 0.0468 0.0410
215 0.1392 0.0536 0.6338 0.1267 0.0318 0.0150
216 0.7368 0.1087 0.0937 0.0256 0.0219 0.0131
217 0.0635 0.1621 0.6514 0.1097 0.0050 0.0086
218 0.5425 0.1360 0.1888 0.0825 0.0120 0.0384
219 0.2627 0.0880 0.4871 0.0795 0.0058 0.0770
220 0.4077 0.0822 0.3801 0.0625 0.0097 0.0578
221 0.4556 0.1444 0.3130 0.0374 0.0274 0.0223
222 0.4006 0.2195 0.2373 0.1061 0.0049 0.0316
223 0.2245 0.1299 0.1790 0.2815 0.0103 0.1748
224 0.3860 0.0983 0.2473 0.2200 0.0153 0.0332
225 0.1758 0.1327 0.2365 0.3440 0.0389 0.0721
226 0.3269 0.1231 0.4946 0.0241 0.0304 0.0008
227 0.3201 0.2019 0.1399 0.2343 0.0503 0.0535
228 0.3599 0.0640 0.4207 0.0910 0.0094 0.0552
229 0.4136 0.1792 0.3677 0.0192 0.0071 0.0133
230 0.1689 0.0441 0.1562 0.5542 0.0119 0.0646
231 0.0678 0.0083 0.0688 0.8257 0.0049 0.0244
232 0.0401 0.3333 0.4924 0.0743 0.0280 0.0317
233 0.4009 0.0675 0.2250 0.2285 0.0670 0.0111
234 0.2152 0.1730 0.5083 0.0688 0.0323 0.0025
235 0.1460 0.0270 0.5684 0.1965 0.0318 0.0301
236 0.3296 0.0624 0.3455 0.1835 0.0109 0.0681
237 0.3943 0.0529 0.1736 0.3320 0.0295 0.0176
238 0.3030 0.0687 0.3125 0.1852 0.0081 0.1224
239 0.4895 0.0247 0.2461 0.2122 0.0133 0.0142
240 0.5098 0.0669 0.2263 0.0989 0.0361 0.0619
241 0.0678 0.0375 0.6338 0.1873 0.0080 0.0657
242 0.3384 0.0531 0.1274 0.2593 0.0531 0.1688
243 0.4670 0.0891 0.2600 0.0870 0.0399 0.0571
244 0.5557 0.1102 0.0893 0.2043 0.0279 0.0128
245 0.3467 0.3413 0.0786 0.1930 0.0096 0.0308
246 0.3540 0.2512 0.1115 0.2396 0.0135 0.0302
247 0.4866 0.0988 0.2427 0.0344 0.1202 0.0173
248 0.2739 0.3330 0.1769 0.1702 0.0208 0.0251
249 0.1942 0.3572 0.2573 0.1410 0.0223 0.0282
250 0.3804 0.0447 0.4885 0.0289 0.0388 0.0186
251 0.1897 0.1081 0.2455 0.2915 0.0186 0.1466
252 0.2397 0.0569 0.1205 0.4143 0.0161 0.1523
253 0.2216 0.0809 0.1940 0.2551 0.0126 0.2358
254 0.3936 0.1019 0.3113 0.0135 0.1705 0.0094
255 0.2883 0.2354 0.4163 0.0161 0.0321 0.0118
256 0.3401 0.2000 0.3975 0.0378 0.0162 0.0085
257 0.0921 0.6392 0.2075 0.0478 0.0102 0.0031
258 0.2369 0.5254 0.1934 0.0250 0.0148 0.0044
259 0.3101 0.0143 0.1622 0.4341 0.0766 0.0028
260 0.0837 0.0607 0.2920 0.5459 0.0091 0.0088
261 0.2260 0.1414 0.3313 0.2057 0.0369 0.0589
262 0.3921 0.0720 0.4805 0.0127 0.0191 0.0237
263 0.1558 0.0486 0.3298 0.3623 0.0213 0.0821
264 0.2319 0.1301 0.4167 0.1241 0.0514 0.0457
265 0.0620 0.2179 0.5830 0.0840 0.0142 0.0388
266 0.4099 0.1021 0.1968 0.1581 0.1281 0.0052
267 0.0668 0.2059 0.3342 0.2261 0.1654 0.0016
268 0.1960 0.2119 0.3386 0.1901 0.0411 0.0222
269 0.2247 0.2178 0.2930 0.1722 0.0564 0.0358
270 0.3691 0.2346 0.2966 0.0688 0.0287 0.0020
271 0.1892 0.2373 0.5264 0.0307 0.0143 0.0019
272 0.6113 0.1014 0.2080 0.0475 0.0120 0.0198
273 0.3188 0.0684 0.4565 0.1172 0.0076 0.0313
274 0.3386 0.0710 0.2383 0.2273 0.0114 0.1134
275 0.3667 0.1050 0.3364 0.1145 0.0093 0.0678
276 0.6362 0.0848 0.1809 0.0397 0.0239 0.0343
277 0.5703 0.1039 0.2200 0.0666 0.0171 0.0220
278 0.2512 0.0433 0.1409 0.4768 0.0088 0.0790
279 0.1136 0.1553 0.1349 0.1288 0.0181 0.4492
280 0.1136 0.1553 0.1349 0.1288 0.0181 0.4492
