time exciting_prob fearful_prob tense_prob sad_prob relaxing_prob neutral_prob
0 0.1136 0.1553 0.1349 0.1288 0.0181 0.4492
1 0.0503 0.2036 0.2615 0.3687 0.0197 0.0962
2 0.0652 0.2581 0.2832 0.3525 0.0201 0.0208
3 0.1204 0.3052 0.3430 0.1301 0.0649 0.0364
4 0.2404 0.3843 0.2747 0.0516 0.0346 0.0147
5 0.1047 0.1866 0.2396 0.3596 0.0141 0.0953
6 0.0424 0.1226 0.5850 0.1456 0.0562 0.0480
7 0.2054 0.1445 0.2222 0.0065 0.4182 0.0031
8 0.0998 0.4509 0.3196 0.0457 0.0564 0.0275
9 0.0732 0.6177 0.1663 0.0767 0.0544 0.0119
10 0.0355 0.3694 0.4597 0.0920 0.0289 0.0145
11 0.0383 0.4417 0.3896 0.0817 0.0269 0.0218
12 0.0367 0.5112 0.3857 0.0309 0.0312 0.0045
13 0.1660 0.1912 0.1015 0.0134 0.5112 0.0164
14 0.1055 0.4375 0.3433 0.0640 0.0335 0.0163
15 0.2164 0.1323 0.1659 0.2198 0.1780 0.0875
16 0.0909 0.4841 0.1740 0.1584 0.0319 0.0606
17 0.0775 0.0642 0.0994 0.5293 0.0157 0.2139
18 0.0472 0.0535 0.1063 0.5151 0.0267 0.2512
19 0.2289 0.1512 0.3601 0.1089 0.1008 0.0499
20 0.2959 0.0137 0.1365 0.3149 0.0309 0.2081
21 0.0735 0.3093 0.3142 0.1906 0.0872 0.0252
22 0.0658 0.3726 0.2191 0.3237 0.0081 0.0106
23 0.0355 0.4131 0.2109 0.3218 0.0037 0.0150
24 0.3235 0.2423 0.1481 0.0627 0.1772 0.0462
25 0.3782 0.2330 0.1247 0.0652 0.1639 0.0349
26 0.2827 0.2698 0.2595 0.0636 0.0985 0.0257
27 0.1975 0.2136 0.3132 0.1117 0.1411 0.0229
28 0.1169 0.2983 0.4209 0.0544 0.1056 0.0038
29 0.0912 0.4851 0.2328 0.1001 0.0856 0.0051
30 0.2336 0.2646 0.2062 0.2195 0.0302 0.0460
31 0.0378 0.0838 0.2622 0.5635 0.0112 0.0415
32 0.1749 0.2773 0.4065 0.0529 0.0740 0.0142
33 0.1337 0.3257 0.3750 0.0744 0.0768 0.0143
34 0.2449 0.4573 0.1395 0.0356 0.0989 0.0239
35 0.1906 0.5386 0.0478 0.0735 0.0066 0.1427
36 0.0294 0.5381 0.3696 0.0470 0.0107 0.0052
37 0.0170 0.6650 0.2563 0.0474 0.0111 0.0028
38 0.0437 0.7686 0.0883 0.0767 0.0122 0.0105
39 0.0454 0.5752 0.2201 0.0556 0.0182 0.0855
40 0.0632 0.6685 0.2007 0.0401 0.0142 0.0134
41 0.0153 0.6309 0.2064 0.1252 0.0075 0.0147
42 0.1965 0.4753 0.2352 0.0633 0.0193 0.0103
43 0.0732 0.2052 0.1958 0.3384 0.0146 0.1729
44 0.0229 0.7871 0.1389 0.0263 0.0032 0.0218
45 0.0667 0.2119 0.0448 0.4629 0.0891 0.1246
46 0.0560 0.3711 0.0539 0.1621 0.0539 0.3030
47 0.0765 0.7729 0.0784 0.0475 0.0164 0.0081
48 0.0419 0.7778 0.0674 0.0735 0.0121 0.0270
49 0.1685 0.3401 0.3977 0.0494 0.0348 0.0095
50 0.0135 0.4658 0.0548 0.4514 0.0053 0.0090
51 0.0414 0.5166 0.1992 0.1744 0.0380 0.0301
52 0.3254 0.3835 0.0856 0.0404 0.1411 0.0238
53 0.3867 0.2720 0.1217 0.0305 0.0897 0.0993
54 0.0777 0.0777 0.4333 0.3169 0.0203 0.0741
55 0.0585 0.0706 0.1517 0.6592 0.0202 0.0396
56 0.0519 0.1526 0.3438 0.3438 0.0249 0.0829
57 0.0759 0.3914 0.3975 0.0713 0.0450 0.0190
58 0.2318 0.5269 0.1373 0.0530 0.0471 0.0041
59 0.1293 0.1254 0.5752 0.1132 0.0367 0.0205
60 0.2678 0.5713 0.0811 0.0386 0.0343 0.0067
61 0.3862 0.4998 0.0458 0.0198 0.0444 0.0041
62 0.2910 0.3271 0.0867 0.0348 0.2015 0.0587
63 0.1826 0.4380 0.1797 0.0380 0.1198 0.0420
64 0.3152 0.2869 0.2035 0.0809 0.0630 0.0506
65 0.2089 0.4250 0.2024 0.0296 0.1109 0.0231
66 0.1960 0.3779 0.3442 0.0103 0.0431 0.0285
67 0.0970 0.5537 0.2308 0.0444 0.0169 0.0570
68 0.3972 0.4607 0.0629 0.0270 0.0435 0.0086
69 0.1327 0.2089 0.3337 0.2189 0.0174 0.0884
70 0.0627 0.2991 0.1576 0.3389 0.0589 0.0830
71 0.0488 0.4280 0.2942 0.1456 0.0325 0.0511
72 0.0131 0.0329 0.0741 0.8481 0.0110 0.0206
73 0.0716 0.3779 0.3335 0.1527 0.0500 0.0143
74 0.1189 0.5542 0.2498 0.0544 0.0174 0.0055
75 0.1649 0.3660 0.3254 0.0804 0.0232 0.0401
76 0.2189 0.4780 0.1962 0.0366 0.0402 0.0301
77 0.1176 0.3564 0.3977 0.0300 0.0148 0.0834
78 0.1443 0.4731 0.3201 0.0227 0.0062 0.0335
79 0.1899 0.3333 0.4417 0.0115 0.0073 0.0163
80 0.1495 0.1617 0.3345 0.2485 0.0318 0.0740
81 0.3306 0.4246 0.1467 0.0346 0.0315 0.0322
82 0.2900 0.3872 0.2461 0.0102 0.0386 0.0278
83 0.1306 0.5498 0.2155 0.0116 0.0762 0.0161
84 0.1479 0.5371 0.1117 0.0395 0.1171 0.0466
85 0.2783 0.2939 0.2344 0.0351 0.0079 0.1501
86 0.1210 0.5015 0.2859 0.0478 0.0147 0.0290
87 0.0772 0.4141 0.3125 0.1672 0.0104 0.0186
88 0.1129 0.0133 0.0997 0.5557 0.0202 0.1981
89 0.0522 0.4475 0.4475 0.0307 0.0161 0.0059
90 0.1599 0.3521 0.2477 0.0579 0.0682 0.1143
91 0.0743 0.5195 0.3303 0.0574 0.0074 0.0113
92 0.0750 0.3806 0.3926 0.0940 0.0121 0.0458
93 0.0989 0.1373 0.3677 0.0629 0.0513 0.2817
94 0.0490 0.0501 0.2646 0.0196 0.0111 0.6055
95 0.4465 0.2094 0.0782 0.0505 0.0770 0.1383
96 0.0588 0.4114 0.5039 0.0085 0.0103 0.0069
97 0.1075 0.5010 0.3232 0.0294 0.0098 0.0291
98 0.0612 0.6138 0.1772 0.1171 0.0182 0.0123
99 0.1387 0.5190 0.1621 0.1055 0.0650 0.0097
100 0.0267 0.6309 0.1698 0.1344 0.0063 0.0317
101 0.1014 0.3540 0.3076 0.0327 0.0151 0.1895
102 0.0766 0.3892 0.3892 0.0221 0.0191 0.1039
103 0.0635 0.4729 0.3101 0.0875 0.0194 0.0468
104 0.1824 0.3008 0.2167 0.0651 0.0045 0.2306
105 0.6279 0.1945 0.1456 0.0038 0.0030 0.0251
106 0.1257 0.1127 0.4390 0.3018 0.0045 0.0164
107 0.0562 0.6040 0.2222 0.0912 0.0057 0.0207
108 0.1060 0.1426 0.3875 0.1517 0.0320 0.1802
109 0.1519 0.3701 0.3940 0.0415 0.0238 0.0186
110 0.0556 0.2473 0.6167 0.0168 0.0053 0.0583
111 0.1035 0.2191 0.5132 0.0684 0.0051 0.0906
112 0.0350 0.2045 0.4194 0.3020 0.0190 0.0201
113 0.0427 0.5713 0.2917 0.0687 0.0029 0.0228
114 0.1050 0.1307 0.3608 0.3552 0.0082 0.0399
115 0.0928 0.1035 0.1554 0.6050 0.0054 0.0381
116 0.2622 0.1565 0.1238 0.4390 0.0048 0.0138
117 0.1002 0.2443 0.1553 0.4636 0.0018 0.0349
118 0.0745 0.1371 0.3186 0.4028 0.0141 0.0528
119 0.2896 0.4700 0.1898 0.0229 0.0190 0.0089
120 0.4141 0.2983 0.2397 0.0195 0.0070 0.0213
121 0.2524 0.3398 0.3193 0.0226 0.0072 0.0586
122 0.0578 0.4915 0.2800 0.1262 0.0034 0.0410
123 0.1537 0.5200 0.1073 0.1049 0.0156 0.0985
124 0.1106 0.3982 0.3569 0.0881 0.0036 0.0426
125 0.1143 0.0626 0.1152 0.5674 0.0059 0.1348
126 0.0945 0.1030 0.0828 0.6875 0.0065 0.0256
127 0.0204 0.2834 0.1339 0.5215 0.0028 0.0381
128 0.0445 0.7021 0.1472 0.0852 0.0031 0.0179
129 0.1350 0.3784 0.2881 0.1720 0.0072 0.0194
130 0.2196 0.3049 0.2489 0.1836 0.0029 0.0400
131 0.0993 0.0715 0.1716 0.6084 0.0030 0.0462
132 0.3252 0.3330 0.3008 0.0345 0.0024 0.0039
133 0.1362 0.4067 0.1891 0.2544 0.0041 0.0094
134 0.0703 0.0737 0.1234 0.5195 0.0097 0.2034
135 0.0939 0.0767 0.0969 0.7046 0.0032 0.0247
136 0.2664 0.2026 0.1448 0.3640 0.0026 0.0196
137 0.3435 0.1926 0.2891 0.1432 0.0072 0.0245
138 0.1796 0.1958 0.5620 0.0255 0.0327 0.0045
139 0.0495 0.3303 0.5361 0.0749 0.0056 0.0033
140 0.3354 0.3330 0.0848 0.2361 0.0025 0.0083
141 0.0857 0.1163 0.1359 0.6094 0.0037 0.0492
142 0.0842 0.1768 0.2454 0.4805 0.0113 0.0019
143 0.0817 0.4314 0.3257 0.1550 0.0032 0.0033
144 0.0497 0.2776 0.3647 0.0356 0.0014 0.2710
145 0.0847 0.5874 0.2627 0.0542 0.0052 0.0055
146 0.0999 0.5190 0.3250 0.0407 0.0086 0.0066
147 0.0851 0.5508 0.3140 0.0387 0.0010 0.0104
148 0.0412 0.4829 0.4397 0.0292 0.0013 0.0055
149 0.0228 0.5142 0.4468 0.0059 0.0004 0.0099
150 0.2761 0.3032 0.3252 0.0731 0.0210 0.0014
151 0.1611 0.3333 0.3926 0.0911 0.0205 0.0014
152 0.0338 0.1942 0.2654 0.4517 0.0063 0.0487
153 0.0277 0.4678 0.4534 0.0387 0.0011 0.0114
154 0.0517 0.3191 0.2372 0.3704 0.0207 0.0009
155 0.0181 0.3755 0.2878 0.3162 0.0018 0.0004
156 0.0847 0.3979 0.1671 0.0316 0.3049 0.0136
157 0.1737 0.2776 0.4233 0.0801 0.0376 0.0076
158 0.1683 0.3508 0.1908 0.1724 0.0759 0.0419
159 0.1539 0.3335 0.1652 0.0544 0.2620 0.0310
160 0.9116 0.0507 0.0259 0.0077 0.0016 0.0023
161 0.9038 0.0665 0.0208 0.0040 0.0017 0.0034
162 0.1519 0.2522 0.2542 0.0180 0.3020 0.0219
163 0.2366 0.1962 0.1277 0.3184 0.0637 0.0575
164 0.1149 0.0983 0.0450 0.1938 0.0044 0.5435
165 0.2939 0.2720 0.2006 0.1974 0.0025 0.0335
166 0.2686 0.4126 0.1681 0.0517 0.0563 0.0428
167 0.5723 0.0662 0.0380 0.2480 0.0549 0.0207
168 0.5776 0.0800 0.0281 0.2407 0.0521 0.0217
169 0.1880 0.2510 0.2822 0.0778 0.1429 0.0582
170 0.2366 0.0756 0.2404 0.2810 0.0207 0.1458
171 0.1267 0.1553 0.1436 0.4563 0.0270 0.0912
172 0.3262 0.2522 0.0421 0.3018 0.0466 0.0311
173 0.0530 0.1559 0.3679 0.2097 0.0254 0.1880
174 0.0499 0.2083 0.4409 0.2361 0.0205 0.0443
175 0.0740 0.0493 0.0865 0.7026 0.0201 0.0674
176 0.1719 0.4319 0.3525 0.0357 0.0073 0.0007
177 0.2269 0.4956 0.1824 0.0861 0.0025 0.0065
178 0.2378 0.3921 0.2781 0.0797 0.0018 0.0108
179 0.1405 0.3818 0.2837 0.0604 0.0150 0.1183
180 0.2021 0.3689 0.2764 0.1108 0.0196 0.0222
181 0.0395 0.4556 0.4556 0.0371 0.0075 0.0045
182 0.0574 0.5039 0.3462 0.0698 0.0105 0.0121
183 0.2490 0.4336 0.1851 0.0655 0.0453 0.0214
184 0.1605 0.3242 0.1967 0.2246 0.0412 0.0525
185 0.3679 0.2451 0.2451 0.0538 0.0708 0.0172
186 0.2756 0.4878 0.1986 0.0269 0.0016 0.0095
187 0.2678 0.4180 0.2678 0.0333 0.0023 0.0110
188 0.1980 0.2445 0.3699 0.1707 0.0139 0.0030
189 0.3157 0.3281 0.2119 0.1316 0.0099 0.0027
190 0.2177 0.4756 0.2061 0.0304 0.0113 0.0591
191 0.2766 0.1814 0.2578 0.2598 0.0112 0.0131
192 0.1643 0.2773 0.4944 0.0355 0.0022 0.0264
193 0.3530 0.0928 0.1904 0.2793 0.0105 0.0740
194 0.1190 0.2156 0.6387 0.0131 0.0019 0.0119
195 0.1617 0.2837 0.4980 0.0181 0.0039 0.0344
196 0.1840 0.3745 0.3687 0.0142 0.0131 0.0454
197 0.1079 0.2197 0.6162 0.0453 0.0020 0.0089
198 0.0674 0.2124 0.6860 0.0168 0.0010 0.0166
199 0.1071 0.5146 0.2888 0.0861 0.0022 0.0011
200 0.1523 0.0625 0.0625 0.7046 0.0091 0.0092
201 0.2922 0.2620 0.1614 0.2041 0.0236 0.0567
202 0.2981 0.2001 0.1836 0.2146 0.0260 0.0778
203 0.3005 0.3516 0.1205 0.1781 0.0140 0.0353
204 0.0854 0.4304 0.3005 0.1559 0.0198 0.0078
205 0.1534 0.3352 0.4236 0.0708 0.0099 0.0070
206 0.0981 0.4263 0.0347 0.4163 0.0035 0.0211
207 0.0837 0.3037 0.0389 0.5205 0.0022 0.0511
208 0.0842 0.6421 0.1284 0.1090 0.0045 0.0317
209 0.0996 0.3477 0.4678 0.0554 0.0288 0.0008
210 0.0606 0.1838 0.3601 0.3772 0.0100 0.0081
211 0.1154 0.2312 0.0349 0.5903 0.0024 0.0259
212 0.2878 0.4324 0.2260 0.0143 0.0270 0.0125
213 0.4456 0.3364 0.0979 0.1075 0.0060 0.0066
214 0.3811 0.2404 0.0934 0.2642 0.0087 0.0123
215 0.2061 0.2998 0.4502 0.0179 0.0155 0.0105
216 0.1833 0.0456 0.0741 0.5474 0.0384 0.1112
217 0.0260 0.3557 0.5684 0.0292 0.0012 0.0195
218 0.2313 0.1760 0.4092 0.1615 0.0176 0.0045
219 0.1035 0.4092 0.3286 0.1229 0.0242 0.0117
220 0.0665 0.4507 0.4368 0.0334 0.0094 0.0033
221 0.1594 0.4612 0.3481 0.0076 0.0078 0.0160
222 0.2180 0.4873 0.2451 0.0182 0.0094 0.0219
223 0.2622 0.3474 0.3474 0.0306 0.0092 0.0031
224 0.3416 0.1886 0.4250 0.0341 0.0099 0.0010
225 0.2128 0.3000 0.4575 0.0190 0.0096 0.0011
226 0.3208 0.1218 0.5049 0.0459 0.0059 0.0010
227 0.1204 0.0789 0.0867 0.3430 0.0282 0.3430
228 0.1204 0.0789 0.0867 0.3430 0.0282 0.3430
