time exciting_prob fearful_prob tense_prob sad_prob relaxing_prob neutral_prob
0 0.0975 0.0128 0.1821 0.6357 0.0204 0.0514
1 0.0798 0.0313 0.3362 0.3870 0.0278 0.1379
2 0.0970 0.0245 0.2327 0.4084 0.0287 0.2086
3 0.2776 0.0518 0.1582 0.3196 0.0282 0.1646
4 0.1340 0.0533 0.2666 0.3318 0.0281 0.1862
5 0.1660 0.0273 0.2571 0.4045 0.0379 0.1072
6 0.2524 0.0795 0.1936 0.3618 0.0240 0.0886
7 0.3816 0.0679 0.2463 0.1603 0.0283 0.1155
8 0.3770 0.0822 0.2148 0.1896 0.0475 0.0889
9 0.2983 0.0583 0.3486 0.1925 0.0251 0.0772
10 0.2556 0.0641 0.2477 0.3230 0.0241 0.0856
11 0.0974 0.1605 0.4434 0.1764 0.0295 0.0929
12 0.4902 0.0914 0.2352 0.0958 0.0467 0.0409
13 0.1026 0.0532 0.2312 0.2834 0.0463 0.2834
14 0.2881 0.2157 0.3164 0.0585 0.0572 0.0643
15 0.1595 0.0692 0.2549 0.2432 0.0587 0.2146
16 0.2539 0.0459 0.2277 0.3525 0.0493 0.0706
17 0.3696 0.0972 0.1577 0.2620 0.0441 0.0695
18 0.2399 0.0597 0.4209 0.1598 0.0499 0.0698
19 0.1066 0.0898 0.4856 0.2404 0.0266 0.0512
20 0.0807 0.0629 0.3914 0.3618 0.0117 0.0915
21 0.1030 0.0730 0.2629 0.4543 0.0213 0.0854
22 0.2452 0.1088 0.2610 0.3149 0.0450 0.0251
23 0.0836 0.0641 0.2169 0.3748 0.0750 0.1855
24 0.1142 0.1356 0.2202 0.4050 0.0519 0.0732
25 0.1226 0.1573 0.3130 0.2986 0.0291 0.0792
26 0.0797 0.2036 0.2418 0.0816 0.0303 0.3630
27 0.0953 0.4270 0.2017 0.0724 0.0201 0.1836
28 0.0497 0.3879 0.4607 0.0415 0.0032 0.0568
29 0.0385 0.0453 0.1104 0.6060 0.0031 0.1968
30 0.2310 0.1771 0.5127 0.0544 0.0098 0.0152
31 0.1073 0.0810 0.3154 0.4312 0.0251 0.0401
32 0.1490 0.2534 0.4448 0.1235 0.0101 0.0188
33 0.0615 0.0615 0.1954 0.1046 0.0204 0.5566
34 0.1548 0.1047 0.3328 0.1897 0.0398 0.1782
35 0.0704 0.1169 0.3657 0.0557 0.2437 0.1477
36 0.1808 0.0502 0.1924 0.3708 0.0249 0.1808
37 0.0704 0.1855 0.5537 0.0383 0.0948 0.0570
38 0.2991 0.0515 0.2639 0.2479 0.1041 0.0335
39 0.1251 0.0847 0.1908 0.4233 0.0620 0.1140
40 0.1376 0.2268 0.2959 0.2065 0.0491 0.0841
41 0.2849 0.0592 0.0947 0.4624 0.0034 0.0954
42 0.2678 0.2988 0.0870 0.3284 0.0029 0.0150
43 0.0299 0.0529 0.1790 0.4160 0.0032 0.3191
44 0.4390 0.1277 0.1873 0.0793 0.0421 0.1248
45 0.3982 0.0620 0.2303 0.2340 0.0382 0.0373
46 0.0199 0.1127 0.6689 0.1614 0.0048 0.0325
47 0.2192 0.0409 0.7080 0.0258 0.0029 0.0033
48 0.0238 0.1653 0.6045 0.1843 0.0042 0.0178
49 0.0298 0.2438 0.5083 0.1841 0.0045 0.0298
50 0.0958 0.0347 0.4097 0.3450 0.0900 0.0246
51 0.0737 0.1055 0.4045 0.1215 0.2416 0.0531
52 0.4045 0.1420 0.2114 0.1635 0.0370 0.0417
53 0.4558 0.1960 0.2598 0.0218 0.0448 0.0218
54 0.1870 0.1100 0.4929 0.1434 0.0417 0.0249
55 0.0677 0.0320 0.1456 0.2556 0.2477 0.2515
56 0.4517 0.1274 0.2004 0.1294 0.0293 0.0616
57 0.3591 0.0833 0.1749 0.2668 0.0559 0.0600
58 0.3662 0.0830 0.4702 0.0441 0.0170 0.0194
59 0.2217 0.0720 0.2673 0.2803 0.0370 0.1215
60 0.0307 0.0916 0.1418 0.0901 0.5879 0.0582
61 0.0643 0.0270 0.1279 0.5825 0.0118 0.1862
62 0.0845 0.1229 0.1934 0.4355 0.0060 0.1577
63 0.0473 0.1075 0.1588 0.1771 0.4668 0.0424
64 0.1085 0.1996 0.3787 0.1129 0.0375 0.1628
65 0.1439 0.0406 0.4036 0.2410 0.0399 0.1310
66 0.0948 0.0622 0.4888 0.2874 0.0085 0.0584
67 0.5420 0.1844 0.1554 0.0663 0.0320 0.0196
68 0.1004 0.0342 0.3191 0.3850 0.0323 0.1289
69 0.0629 0.0238 0.3093 0.4573 0.0432 0.1036
70 0.4761 0.0713 0.1632 0.1671 0.0615 0.0610
71 0.4988 0.1570 0.1820 0.0702 0.0353 0.0568
72 0.3833 0.1366 0.3381 0.0588 0.0574 0.0259
73 0.4270 0.0522 0.4766 0.0359 0.0013 0.0070
74 0.0122 0.0191 0.1050 0.5947 0.1704 0.0986
75 0.0703 0.1672 0.5073 0.2018 0.0298 0.0239
76 0.1675 0.0698 0.5669 0.1082 0.0251 0.0626
77 0.2812 0.1119 0.4495 0.0524 0.0452 0.0599
78 0.2048 0.1113 0.5483 0.0681 0.0219 0.0457
79 0.1131 0.1429 0.6821 0.0243 0.0159 0.0218
80 0.1039 0.0797 0.5615 0.1196 0.0214 0.1141
81 0.2113 0.1954 0.5312 0.0403 0.0072 0.0143
82 0.1564 0.1403 0.6484 0.0383 0.0034 0.0134
83 0.0358 0.0497 0.9097 0.0017 0.0003 0.0025
84 0.2126 0.2448 0.4500 0.0735 0.0063 0.0129
85 0.1039 0.1823 0.6562 0.0263 0.0034 0.0277
86 0.2198 0.1686 0.5029 0.0968 0.0054 0.0064
87 0.1118 0.1627 0.5171 0.1602 0.0054 0.0428
88 0.1180 0.1885 0.4248 0.1885 0.0028 0.0774
89 0.0637 0.2898 0.4854 0.1368 0.0131 0.0111
90 0.0799 0.1719 0.5503 0.1589 0.0222 0.0168
91 0.0710 0.1381 0.4456 0.1801 0.0065 0.1588
92 0.2981 0.1609 0.4338 0.0660 0.0057 0.0353
93 0.0823 0.2805 0.4624 0.0523 0.0785 0.0440
94 0.2576 0.0414 0.1945 0.3750 0.0693 0.0622
95 0.0934 0.0775 0.4321 0.2922 0.0113 0.0934
96 0.0343 0.0978 0.5205 0.1664 0.0383 0.1423
97 0.0313 0.0470 0.8076 0.0763 0.0008 0.0372
98 0.0610 0.0814 0.7544 0.0765 0.0018 0.0250
99 0.1049 0.0536 0.5669 0.1929 0.0141 0.0677
100 0.4209 0.0743 0.1466 0.1926 0.0450 0.1205
101 0.1465 0.0225 0.1106 0.5527 0.0257 0.1420
102 0.0612 0.2310 0.6084 0.0732 0.0111 0.0149
103 0.1940 0.0518 0.1940 0.3250 0.0223 0.2130
104 0.2386 0.0652 0.2367 0.2500 0.1436 0.0657
105 0.0966 0.1832 0.3818 0.2625 0.0258 0.0501
106 0.0757 0.1035 0.4858 0.2600 0.0111 0.0637
107 0.1169 0.0519 0.2363 0.5493 0.0287 0.0168
108 0.1490 0.1537 0.4885 0.1235 0.0148 0.0704
109 0.0804 0.1227 0.4150 0.1960 0.0207 0.1650
110 0.1608 0.2231 0.4370 0.1292 0.0158 0.0342
111 0.0317 0.0553 0.1346 0.2438 0.4211 0.1133
112 0.0997 0.0654 0.6606 0.1311 0.0293 0.0139
113 0.0186 0.0307 0.0947 0.6572 0.0476 0.1512
114 0.0546 0.1271 0.7085 0.0820 0.0176 0.0103
115 0.0363 0.0793 0.6538 0.1654 0.0137 0.0512
116 0.1569 0.0908 0.4541 0.1619 0.0052 0.1311
117 0.0514 0.1880 0.6875 0.0506 0.0029 0.0194
118 0.0525 0.0471 0.4001 0.3066 0.0242 0.1694
119 0.2405 0.0618 0.2559 0.2559 0.0520 0.1338
120 0.0648 0.3069 0.4905 0.1028 0.0132 0.0219
121 0.1541 0.0695 0.5815 0.1666 0.0069 0.0215
122 0.4143 0.1881 0.3489 0.0211 0.0145 0.0132
123 0.1293 0.0483 0.2612 0.2737 0.0179 0.2695
124 0.0478 0.0787 0.5054 0.1919 0.0068 0.1693
125 0.0260 0.1046 0.4990 0.1365 0.0123 0.2214
126 0.1788 0.2603 0.4324 0.0740 0.0090 0.0456
127 0.0116 0.0191 0.0939 0.3276 0.0079 0.5400
128 0.0714 0.2051 0.6514 0.0578 0.0026 0.0116
129 0.1287 0.0328 0.1459 0.5254 0.0169 0.1505
130 0.1527 0.1100 0.4282 0.1650 0.0175 0.1266
131 0.0221 0.0574 0.4590 0.2168 0.0065 0.2382
132 0.0243 0.0692 0.3625 0.3250 0.0057 0.2131
133 0.1940 0.1233 0.2693 0.3567 0.0112 0.0453
134 0.1896 0.1323 0.2081 0.1809 0.0300 0.2590
135 0.1076 0.1298 0.1615 0.3474 0.0258 0.2278
136 0.1392 0.4563 0.2947 0.0346 0.0244 0.0508
137 0.2018 0.3223 0.2358 0.1571 0.0282 0.0547
138 0.1248 0.2057 0.1504 0.2854 0.0280 0.2057
139 0.1206 0.2052 0.1810 0.3279 0.0174 0.1478
140 0.1157 0.0691 0.6870 0.0887 0.0031 0.0364
141 0.1150 0.0578 0.7041 0.0854 0.0031 0.0345
142 0.1320 0.0435 0.6494 0.1239 0.0037 0.0478
143 0.0241 0.0573 0.1396 0.5269 0.0861 0.1659
144 0.1243 0.2081 0.5317 0.0655 0.0443 0.0261
145 0.4966 0.1650 0.2037 0.0738 0.0417 0.0191
146 0.0625 0.1046 0.3376 0.4270 0.0197 0.0486
147 0.1254 0.1714 0.4517 0.1942 0.0094 0.0480
148 0.2218 0.1810 0.5239 0.0569 0.0069 0.0097
149 0.0920 0.0424 0.1360 0.5815 0.0081 0.1403
150 0.1541 0.0268 0.2312 0.4387 0.0185 0.1307
151 0.2477 0.0553 0.1743 0.3467 0.0455 0.1305
152 0.0483 0.0251 0.5889 0.3054 0.0012 0.0312
153 0.3577 0.0744 0.2439 0.2383 0.0098 0.0762
154 0.1008 0.1188 0.7334 0.0325 0.0034 0.0110
155 0.5259 0.1027 0.1111 0.1707 0.0378 0.0521
156 0.0743 0.1689 0.4053 0.2238 0.0023 0.1255
157 0.1146 0.1616 0.6099 0.0740 0.0025 0.0372
158 0.0816 0.1525 0.2515 0.4697 0.0099 0.0348
159 0.0670 0.1157 0.2129 0.1140 0.4233 0.0670
160 0.0603 0.1317 0.2275 0.0705 0.4597 0.0504
161 0.0424 0.0613 0.1641 0.0739 0.6289 0.0294
162 0.0583 0.0767 0.1810 0.1098 0.4695 0.1047
163 0.0894 0.0145 0.0853 0.7251 0.0182 0.0674
164 0.0919 0.0147 0.0978 0.7007 0.0175 0.0774
165 0.1375 0.0376 0.1104 0.6157 0.0324 0.0665
166 0.0280 0.0616 0.1989 0.1501 0.4482 0.1133
167 0.0562 0.0955 0.6528 0.1526 0.0227 0.0203
168 0.0999 0.0166 0.7856 0.0841 0.0056 0.0082
169 0.2269 0.0737 0.5796 0.0483 0.0041 0.0676
170 0.2078 0.1290 0.3618 0.0759 0.0145 0.2111
171 0.0849 0.1478 0.6523 0.0687 0.0013 0.0451
172 0.5142 0.0482 0.2930 0.1184 0.0157 0.0103
173 0.0446 0.2629 0.3887 0.2285 0.0118 0.0634
174 0.0286 0.0969 0.0635 0.7739 0.0040 0.0330
175 0.0589 0.0956 0.6040 0.1390 0.0127 0.0898
176 0.0331 0.1069 0.5869 0.2335 0.0035 0.0358
177 0.0400 0.0381 0.2412 0.5786 0.0063 0.0959
178 0.1394 0.0369 0.1604 0.5513 0.0193 0.0928
179 0.0576 0.0695 0.5820 0.2174 0.0051 0.0684
180 0.0796 0.3271 0.5396 0.0426 0.0045 0.0066
181 0.1526 0.0598 0.5410 0.1285 0.0031 0.1152
182 0.2294 0.0434 0.2725 0.3608 0.0240 0.0699
183 0.0546 0.2061 0.6152 0.0989 0.0125 0.0130
184 0.1254 0.1313 0.6167 0.0502 0.0102 0.0660
185 0.0837 0.0540 0.7173 0.0612 0.0308 0.0532
186 0.1255 0.0245 0.7451 0.0300 0.0229 0.0519
187 0.2666 0.0537 0.4829 0.1289 0.0581 0.0097
188 0.1190 0.0159 0.7178 0.0455 0.0190 0.0831
189 0.1964 0.0366 0.6963 0.0217 0.0242 0.0246
190 0.0819 0.1591 0.5298 0.0845 0.0020 0.1426
191 0.0916 0.1986 0.5073 0.0888 0.0041 0.1097
192 0.1929 0.1624 0.4414 0.1649 0.0108 0.0276
193 0.0859 0.3533 0.3586 0.1776 0.0165 0.0081
194 0.0855 0.0931 0.6621 0.0790 0.0024 0.0778
195 0.2483 0.0942 0.3237 0.1201 0.0558 0.1578
196 0.0525 0.1520 0.6704 0.0839 0.0033 0.0378
197 0.2499 0.0411 0.3691 0.2056 0.0325 0.1017
198 0.3022 0.0358 0.3267 0.1484 0.0638 0.1230
199 0.2358 0.0506 0.3513 0.2097 0.0350 0.1176
200 0.0330 0.0709 0.1987 0.3176 0.1548 0.2252
201 0.0931 0.0275 0.1234 0.3352 0.0163 0.4045
202 0.1124 0.0330 0.2003 0.3628 0.0135 0.2781
203 0.0589 0.0310 0.2328 0.6431 0.0034 0.0310
204 0.1447 0.2040 0.2241 0.3159 0.0891 0.0220
205 0.0173 0.0843 0.1703 0.2478 0.0027 0.4775
206 0.0381 0.1053 0.1709 0.4644 0.0053 0.2159
207 0.0700 0.1136 0.4636 0.2482 0.0042 0.1003
208 0.0527 0.1478 0.3604 0.2118 0.0087 0.2185
209 0.2024 0.2441 0.2122 0.2258 0.0071 0.1083
210 0.0594 0.2581 0.2969 0.2277 0.0134 0.1447
211 0.1110 0.1542 0.6489 0.0613 0.0020 0.0226
212 0.0898 0.1328 0.6533 0.0756 0.0113 0.0369
213 0.2311 0.2072 0.3635 0.1588 0.0104 0.0289
214 0.1305 0.2457 0.2203 0.1082 0.0078 0.2874
215 0.1224 0.1454 0.6411 0.0611 0.0181 0.0118
216 0.0422 0.0740 0.5303 0.2883 0.0020 0.0634
217 0.0572 0.1268 0.7412 0.0533 0.0031 0.0184
218 0.0692 0.1781 0.2360 0.2360 0.0048 0.2759
219 0.0548 0.2007 0.1637 0.1599 0.0092 0.4116
220 0.1326 0.1207 0.0993 0.1217 0.0213 0.5044
221 0.0655 0.1030 0.1954 0.5068 0.0048 0.1243
222 0.1425 0.1075 0.7231 0.0134 0.0007 0.0129
223 0.1534 0.2130 0.3950 0.1420 0.0332 0.0635
224 0.0464 0.0284 0.1619 0.5562 0.0177 0.1893
225 0.3730 0.1230 0.2729 0.1165 0.0464 0.0679
226 0.1118 0.0818 0.3723 0.3135 0.0086 0.1118
227 0.0362 0.0531 0.1216 0.1649 0.0016 0.6226
228 0.2749 0.0734 0.2279 0.2351 0.0695 0.1191
229 0.1610 0.2117 0.3987 0.1169 0.0070 0.1048
230 0.0783 0.1396 0.4578 0.1088 0.0091 0.2064
231 0.0158 0.0365 0.1305 0.4771 0.0017 0.3384
232 0.0522 0.0909 0.3540 0.3027 0.0045 0.1956
233 0.1313 0.2915 0.3923 0.1160 0.0077 0.0611
234 0.1311 0.1533 0.4541 0.1087 0.0475 0.1053
235 0.1019 0.0489 0.2903 0.2859 0.0323 0.2407
236 0.3032 0.0636 0.2476 0.2151 0.1255 0.0451
237 0.0818 0.0553 0.5088 0.2330 0.0224 0.0986
238 0.0502 0.1896 0.4075 0.2396 0.0034 0.1097
239 0.2101 0.0218 0.7051 0.0271 0.0130 0.0228
240 0.2876 0.0673 0.3157 0.1469 0.0540 0.1285
241 0.0717 0.2881 0.5557 0.0706 0.0029 0.0111
242 0.0276 0.1010 0.1425 0.2747 0.0018 0.4526
243 0.2583 0.1495 0.3760 0.0859 0.0323 0.0981
244 0.3679 0.1292 0.2888 0.0771 0.0219 0.1149
245 0.5347 0.2212 0.1777 0.0350 0.0256 0.0058
246 0.0568 0.2335 0.6250 0.0546 0.0021 0.0279
247 0.0440 0.0298 0.1235 0.5537 0.0033 0.2457
248 0.1062 0.1924 0.4836 0.1046 0.0071 0.1062
249 0.0759 0.1130 0.5186 0.0847 0.0080 0.2000
250 0.3040 0.1858 0.2703 0.0995 0.0424 0.0979
251 0.0946 0.0650 0.2759 0.2632 0.0213 0.2803
252 0.0453 0.0555 0.2908 0.4502 0.0098 0.1484
253 0.1381 0.0688 0.3994 0.2104 0.0169 0.1665
254 0.2008 0.0466 0.1843 0.4421 0.0418 0.0844
255 0.1119 0.1102 0.4094 0.2815 0.0113 0.0757
256 0.1431 0.1168 0.3325 0.3223 0.0089 0.0765
257 0.2668 0.0765 0.3481 0.1724 0.0490 0.0873
258 0.0884 0.1153 0.5586 0.1901 0.0352 0.0123
259 0.1134 0.1170 0.6128 0.1326 0.0195 0.0045
260 0.1632 0.0801 0.2230 0.2546 0.0300 0.2489
261 0.3179 0.2456 0.2717 0.0810 0.0380 0.0458
262 0.1454 0.0597 0.4014 0.3379 0.0267 0.0291
263 0.0287 0.0425 0.1506 0.5342 0.0958 0.1483
264 0.0194 0.0308 0.0585 0.5815 0.0920 0.2174
265 0.2566 0.0724 0.5786 0.0577 0.0080 0.0268
266 0.0219 0.1875 0.4863 0.1393 0.0073 0.1578
267 0.0311 0.1934 0.3906 0.1816 0.0272 0.1760
268 0.0353 0.1039 0.8433 0.0103 0.0004 0.0070
269 0.2891 0.0510 0.2571 0.1622 0.0650 0.1754
270 0.1648 0.3354 0.3354 0.1177 0.0049 0.0417
271 0.1584 0.1160 0.3801 0.2825 0.0113 0.0515
272 0.1321 0.1619 0.5562 0.0664 0.0047 0.0789
273 0.3333 0.3464 0.1769 0.1188 0.0024 0.0223
274 0.2917 0.0303 0.1688 0.4114 0.0565 0.0414
275 0.0480 0.0843 0.4700 0.2988 0.0132 0.0856
276 0.2122 0.2788 0.2810 0.1190 0.0289 0.0799
277 0.0549 0.0508 0.4893 0.3469 0.0042 0.0540
278 0.1479 0.0607 0.1991 0.4150 0.0444 0.1327
279 0.2401 0.2576 0.2742 0.1899 0.0143 0.0240
280 0.4509 0.1006 0.2452 0.1055 0.0376 0.0601
281 0.2208 0.3264 0.4060 0.0190 0.0233 0.0045
282 0.1134 0.1189 0.3281 0.2328 0.0138 0.1930
283 0.1423 0.2898 0.2852 0.0444 0.0328 0.2054
284 0.0446 0.0376 0.5103 0.1710 0.0028 0.2336
285 0.0957 0.2296 0.4565 0.1760 0.0142 0.0278
286 0.1231 0.0396 0.1763 0.2605 0.0092 0.3911
287 0.1639 0.1692 0.5049 0.1092 0.0042 0.0485
288 0.1676 0.2186 0.2942 0.2595 0.0056 0.0544
289 0.0939 0.0829 0.4480 0.2983 0.0241 0.0527
290 0.0389 0.0507 0.8579 0.0386 0.0027 0.0114
291 0.3857 0.1376 0.3513 0.0916 0.0093 0.0245
292 0.1113 0.1166 0.6709 0.0582 0.0030 0.0400
293 0.1600 0.1539 0.6528 0.0171 0.0028 0.0131
294 0.2184 0.0374 0.3716 0.2184 0.1133 0.0410
295 0.1098 0.4551 0.3833 0.0251 0.0118 0.0149
296 0.0462 0.0632 0.3809 0.4316 0.0089 0.0693
297 0.0647 0.0850 0.5127 0.2539 0.0062 0.0774
298 0.3674 0.1094 0.1982 0.1982 0.0270 0.0997
299 0.4692 0.0592 0.1823 0.1956 0.0317 0.0620
300 0.1102 0.1268 0.5508 0.1628 0.0038 0.0452
301 0.2054 0.2764 0.4248 0.0710 0.0037 0.0188
302 0.0570 0.1399 0.2201 0.1687 0.0032 0.4111
303 0.0449 0.0795 0.3000 0.3792 0.0028 0.1936
304 0.0186 0.0246 0.1193 0.3911 0.0034 0.4431
305 0.1284 0.0732 0.3438 0.4146 0.0019 0.0383
306 0.0380 0.1017 0.4084 0.3281 0.0408 0.0829
307 0.0646 0.0667 0.6035 0.1959 0.0015 0.0677
308 0.1898 0.1727 0.5620 0.0356 0.0032 0.0365
309 0.0821 0.1671 0.5742 0.1343 0.0013 0.0413
310 0.0775 0.0219 0.2539 0.4187 0.0040 0.2241
311 0.0844 0.2330 0.6636 0.0125 0.0007 0.0057
312 0.0306 0.0643 0.2627 0.2211 0.0017 0.4197
313 0.0307 0.1232 0.2284 0.1451 0.0038 0.4688
314 0.0829 0.3386 0.1433 0.2808 0.0357 0.1188
315 0.1547 0.2472 0.0601 0.4204 0.0095 0.1080
316 0.0392 0.1587 0.0584 0.5713 0.0111 0.1611
317 0.1256 0.1144 0.1691 0.5288 0.0102 0.0516
318 0.0580 0.1368 0.1117 0.6328 0.0257 0.0352
319 0.1501 0.1783 0.2362 0.1840 0.0114 0.2400
320 0.0584 0.1401 0.1492 0.5718 0.0323 0.0484
321 0.0607 0.1914 0.2986 0.1090 0.0070 0.3333
322 0.1049 0.0365 0.2255 0.4277 0.0126 0.1929
323 0.3804 0.2151 0.2036 0.1016 0.0487 0.0507
324 0.0403 0.0742 0.2776 0.3049 0.0027 0.3003
325 0.1177 0.1766 0.3149 0.1609 0.0168 0.2131
326 0.1105 0.1635 0.6465 0.0522 0.0025 0.0251
327 0.0417 0.0433 0.8765 0.0263 0.0022 0.0099
328 0.0169 0.0290 0.1749 0.2467 0.0018 0.5308
329 0.0943 0.1069 0.3450 0.3560 0.0244 0.0734
330 0.0459 0.1137 0.3369 0.2664 0.0055 0.2316
331 0.0979 0.0739 0.4973 0.1145 0.0739 0.1425
332 0.1544 0.0839 0.4536 0.1952 0.0352 0.0776
333 0.0901 0.0464 0.1113 0.6553 0.0148 0.0820
334 0.0867 0.0587 0.8096 0.0361 0.0009 0.0081
335 0.2058 0.1085 0.4785 0.1831 0.0062 0.0180
336 0.1018 0.1163 0.5903 0.1639 0.0182 0.0094
337 0.0463 0.0474 0.8394 0.0554 0.0031 0.0085
338 0.0812 0.0695 0.3530 0.3757 0.0041 0.1164
339 0.0778 0.0991 0.5234 0.2759 0.0058 0.0178
340 0.0198 0.0548 0.1313 0.6270 0.0036 0.1636
341 0.2294 0.1307 0.2056 0.3552 0.0441 0.0349
342 0.2244 0.2427 0.2625 0.1890 0.0643 0.0173
343 0.2517 0.2292 0.2188 0.2155 0.0705 0.0142
344 0.1676 0.2401 0.3547 0.2119 0.0069 0.0188
345 0.0443 0.0547 0.3945 0.1222 0.0079 0.3765
346 0.0733 0.1370 0.0818 0.5171 0.0023 0.1887
347 0.0742 0.0802 0.0582 0.7261 0.0020 0.0596
348 0.1450 0.0268 0.2045 0.5645 0.0285 0.0304
349 0.0659 0.2264 0.5347 0.1037 0.0297 0.0394
350 0.0613 0.1449 0.7241 0.0393 0.0169 0.0133
351 0.1017 0.0580 0.6948 0.0941 0.0037 0.0477
352 0.0240 0.0604 0.1517 0.7241 0.0139 0.0260
353 0.0661 0.1040 0.0904 0.6997 0.0113 0.0284
354 0.0565 0.0332 0.3625 0.4805 0.0043 0.0630
355 0.0286 0.0502 0.1620 0.4402 0.0020 0.3171
356 0.1067 0.0871 0.7124 0.0768 0.0022 0.0150
357 0.1174 0.1383 0.4829 0.1165 0.0129 0.1320
358 0.0802 0.0796 0.3738 0.1233 0.0026 0.3403
359 0.1243 0.2003 0.6362 0.0208 0.0014 0.0167
360 0.0806 0.1238 0.5459 0.1830 0.0058 0.0608
361 0.1307 0.0912 0.0844 0.3135 0.0357 0.3445
362 0.1136 0.1553 0.1349 0.1288 0.0181 0.4492
363 0.1136 0.1553 0.1349 0.1288 0.0181 0.4492
364 0.2651 0.4304 0.0975 0.0334 0.1559 0.0175
365 0.4023 0.2898 0.0956 0.0194 0.1871 0.0057
366 0.3999 0.2925 0.0965 0.0191 0.1860 0.0059
367 0.3989 0.2917 0.0963 0.0188 0.1885 0.0058
368 0.3511 0.3511 0.0931 0.0228 0.1738 0.0079
