time exciting_prob fearful_prob tense_prob sad_prob relaxing_prob neutral_prob
0 0.1136 0.1553 0.1349 0.1288 0.0181 0.4492
1 0.2537 0.0411 0.5044 0.0836 0.1057 0.0116
2 0.3494 0.0341 0.5005 0.0114 0.1016 0.0034
3 0.1239 0.0341 0.0819 0.0107 0.7476 0.0020
4 0.2212 0.1070 0.0457 0.0370 0.5786 0.0108
5 0.4705 0.0428 0.0756 0.0481 0.3579 0.0051
6 0.4399 0.0649 0.0747 0.1045 0.3025 0.0136
7 0.2661 0.0428 0.1516 0.3638 0.1381 0.0378
8 0.0782 0.0226 0.6602 0.0449 0.1776 0.0168
9 0.1542 0.0512 0.2749 0.1309 0.3584 0.0306
10 0.4104 0.0753 0.1793 0.1343 0.1779 0.0228
11 0.3118 0.1147 0.1450 0.1862 0.2078 0.0345
12 0.0696 0.0158 0.0501 0.1833 0.5737 0.1077
13 0.0980 0.0163 0.0613 0.1667 0.5640 0.0935
14 0.0908 0.0123 0.3220 0.0361 0.5225 0.0160
15 0.0725 0.0573 0.4878 0.0249 0.3352 0.0223
16 0.0614 0.0409 0.1862 0.0309 0.6396 0.0409
17 0.0942 0.1268 0.5176 0.0576 0.1964 0.0075
18 0.1405 0.1299 0.3369 0.0981 0.2666 0.0281
19 0.1149 0.0724 0.1223 0.0264 0.6611 0.0031
20 0.1438 0.0550 0.0485 0.0049 0.7476 0.0004
21 0.0565 0.0156 0.0343 0.0426 0.8433 0.0079
22 0.0630 0.0164 0.0241 0.0237 0.8691 0.0034
23 0.1070 0.0573 0.0735 0.1417 0.5874 0.0329
24 0.2637 0.0883 0.1479 0.0856 0.3896 0.0249
25 0.2678 0.1188 0.1295 0.0407 0.4277 0.0155
26 0.3167 0.1052 0.1832 0.0418 0.3369 0.0161
27 0.0594 0.0165 0.1287 0.0647 0.7173 0.0134
28 0.0379 0.0319 0.0535 0.0382 0.8364 0.0020
29 0.1179 0.0404 0.7451 0.0213 0.0704 0.0051
30 0.2191 0.1667 0.1494 0.0349 0.4224 0.0074
31 0.2347 0.1552 0.0775 0.0234 0.5049 0.0043
32 0.0552 0.0150 0.0606 0.0049 0.8638 0.0005
33 0.1906 0.0555 0.0734 0.2998 0.3191 0.0619
34 0.2324 0.0924 0.0961 0.1187 0.4143 0.0461
35 0.2771 0.0558 0.3816 0.0326 0.2502 0.0028
36 0.2407 0.0812 0.2445 0.1027 0.3264 0.0044
37 0.3423 0.1012 0.0757 0.0764 0.3760 0.0285
38 0.0200 0.0157 0.0646 0.0206 0.8779 0.0013
39 0.1213 0.0526 0.0759 0.0416 0.6978 0.0109
40 0.1582 0.1130 0.0916 0.0123 0.6162 0.0089
41 0.0339 0.0361 0.0614 0.0542 0.8086 0.0060
42 0.2815 0.0734 0.2058 0.3501 0.0581 0.0311
43 0.4404 0.0403 0.2146 0.0518 0.2321 0.0209
44 0.2324 0.2939 0.4177 0.0093 0.0423 0.0044
45 0.1456 0.1650 0.1083 0.0710 0.5005 0.0094
46 0.2048 0.0373 0.0551 0.1282 0.5566 0.0179
47 0.1392 0.0481 0.2368 0.3555 0.1248 0.0956
48 0.5420 0.0722 0.1248 0.0585 0.1932 0.0096
49 0.5117 0.0651 0.0767 0.0043 0.3408 0.0017
50 0.1949 0.0152 0.6494 0.0209 0.1183 0.0013
51 0.1825 0.2476 0.2438 0.0626 0.2554 0.0081
52 0.0552 0.1016 0.6030 0.2117 0.0104 0.0182
53 0.1445 0.2808 0.1490 0.0993 0.3059 0.0203
54 0.1614 0.2441 0.1050 0.0285 0.4456 0.0156
55 0.1471 0.1060 0.6699 0.0133 0.0604 0.0036
56 0.2666 0.1331 0.1174 0.1617 0.2666 0.0546
57 0.1123 0.0797 0.2654 0.4373 0.0822 0.0232
58 0.3428 0.3677 0.0944 0.0329 0.1593 0.0030
59 0.0917 0.0903 0.0519 0.0507 0.7104 0.0047
60 0.0396 0.0212 0.0623 0.0287 0.8330 0.0151
61 0.3679 0.1105 0.2590 0.0241 0.2357 0.0027
62 0.3083 0.0955 0.4927 0.0249 0.0767 0.0020
63 0.0426 0.0282 0.0784 0.0200 0.7676 0.0630
64 0.2993 0.4746 0.1459 0.0177 0.0594 0.0030
65 0.0848 0.0518 0.0522 0.1488 0.6567 0.0056
66 0.0477 0.0310 0.0371 0.1017 0.7749 0.0074
67 0.4661 0.0836 0.1913 0.0125 0.2455 0.0012
68 0.2734 0.2112 0.1606 0.0223 0.3271 0.0052
69 0.1218 0.0492 0.1492 0.1161 0.5288 0.0349
70 0.0444 0.0131 0.0386 0.0170 0.8848 0.0024
71 0.1942 0.2455 0.4309 0.0511 0.0737 0.0045
72 0.1969 0.0990 0.0649 0.0030 0.6357 0.0004
73 0.3010 0.0779 0.3105 0.0211 0.2871 0.0024
74 0.0128 0.0117 0.0232 0.0385 0.9043 0.0095
75 0.2729 0.0555 0.0735 0.3242 0.2228 0.0513
76 0.1309 0.0751 0.0988 0.3315 0.3264 0.0372
77 0.1556 0.0345 0.0457 0.4832 0.2429 0.0381
78 0.2361 0.0917 0.0726 0.0395 0.5488 0.0114
79 0.2333 0.1191 0.2644 0.1919 0.1437 0.0478
80 0.1688 0.1274 0.0817 0.0939 0.5117 0.0162
81 0.1526 0.2830 0.2457 0.0993 0.2021 0.0173
82 0.3513 0.2065 0.2233 0.0063 0.2114 0.0013
83 0.2539 0.0662 0.1026 0.1058 0.4387 0.0328
84 0.1853 0.0430 0.0359 0.0828 0.6367 0.0164
85 0.1802 0.0627 0.1566 0.1830 0.4060 0.0113
86 0.1116 0.0737 0.1478 0.2554 0.3835 0.0280
87 0.1500 0.1224 0.5664 0.0842 0.0676 0.0096
88 0.0751 0.0764 0.2314 0.4900 0.0728 0.0541
89 0.1704 0.1118 0.4285 0.0657 0.0333 0.1902
90 0.1790 0.0988 0.6294 0.0281 0.0604 0.0042
91 0.2391 0.1450 0.1998 0.0894 0.3218 0.0050
92 0.0272 0.0323 0.6089 0.0485 0.1772 0.1058
93 0.1278 0.1154 0.4255 0.0500 0.2664 0.0148
94 0.2227 0.2561 0.2227 0.1788 0.0668 0.0529
95 0.1760 0.1816 0.5425 0.0303 0.0663 0.0034
96 0.1687 0.0565 0.0447 0.0676 0.6465 0.0161
97 0.1176 0.1122 0.0808 0.0093 0.6768 0.0037
98 0.2059 0.0886 0.1438 0.2158 0.2905 0.0554
99 0.3313 0.1238 0.1888 0.0751 0.2769 0.0040
100 0.4004 0.1138 0.3193 0.0746 0.0894 0.0024
101 0.5498 0.0492 0.2008 0.0184 0.1744 0.0072
102 0.2646 0.1450 0.3792 0.0117 0.1982 0.0011
103 0.1322 0.1322 0.1475 0.1620 0.4009 0.0254
104 0.3503 0.1818 0.1891 0.0027 0.2751 0.0011
105 0.2135 0.3411 0.1467 0.0462 0.2308 0.0216
106 0.4146 0.1057 0.1315 0.1929 0.1411 0.0143
107 0.2347 0.3062 0.1976 0.1758 0.0481 0.0377
108 0.3823 0.2527 0.1417 0.0182 0.2030 0.0022
109 0.4028 0.1746 0.2106 0.0191 0.1830 0.0100
110 0.2925 0.2313 0.2313 0.0613 0.1760 0.0076
111 0.1195 0.1970 0.2433 0.0670 0.3682 0.0049
112 0.1556 0.0701 0.0258 0.0105 0.7368 0.0012
113 0.1112 0.0482 0.0707 0.0085 0.7598 0.0016
114 0.1593 0.0505 0.2264 0.0100 0.5518 0.0017
115 0.0916 0.0841 0.0909 0.0518 0.6772 0.0044
116 0.1604 0.1220 0.3789 0.1449 0.1642 0.0297
117 0.3459 0.0543 0.5234 0.0298 0.0282 0.0186
118 0.3491 0.1090 0.2327 0.0616 0.2344 0.0131
119 0.1256 0.0508 0.0536 0.0202 0.7456 0.0041
120 0.2529 0.0867 0.0901 0.0173 0.5522 0.0007
121 0.1164 0.2042 0.3066 0.1137 0.1471 0.1119
122 0.1730 0.0817 0.0427 0.0074 0.6948 0.0006
123 0.3030 0.2473 0.0931 0.0111 0.3406 0.0048
124 0.0815 0.0754 0.5029 0.0214 0.3147 0.0039
125 0.1155 0.1438 0.1997 0.2686 0.0988 0.1735
126 0.3052 0.1140 0.4104 0.0182 0.0815 0.0708
127 0.3276 0.1824 0.1187 0.0120 0.3572 0.0020
128 0.3372 0.0586 0.2013 0.1221 0.2544 0.0264
129 0.2983 0.0556 0.3030 0.0556 0.2759 0.0114
130 0.1241 0.0573 0.5967 0.0908 0.1260 0.0054
131 0.2590 0.2302 0.2146 0.0101 0.2800 0.0061
132 0.2391 0.0624 0.2668 0.0373 0.3823 0.0121
133 0.3577 0.0926 0.2203 0.0773 0.2273 0.0247
134 0.3406 0.1106 0.1881 0.0510 0.2869 0.0226
135 0.2219 0.0232 0.0110 0.0265 0.7163 0.0012
136 0.3782 0.1665 0.2876 0.0170 0.1436 0.0074
137 0.3015 0.1237 0.2275 0.0336 0.2969 0.0167
138 0.1103 0.0674 0.2177 0.3093 0.0654 0.2299
139 0.2153 0.0792 0.0856 0.2257 0.3606 0.0335
140 0.2140 0.1201 0.1517 0.0740 0.4258 0.0145
141 0.2108 0.0832 0.6494 0.0344 0.0199 0.0023
142 0.1530 0.2026 0.4495 0.0485 0.1382 0.0082
143 0.0836 0.0139 0.1024 0.0849 0.6274 0.0876
144 0.0710 0.0085 0.0627 0.0528 0.7754 0.0296
145 0.0732 0.0140 0.0374 0.0346 0.8374 0.0036
146 0.2673 0.0809 0.1672 0.4141 0.0146 0.0560
147 0.0900 0.0285 0.0387 0.0504 0.7891 0.0031
148 0.3362 0.1296 0.2700 0.0389 0.2153 0.0100
149 0.1500 0.0861 0.0597 0.0230 0.6724 0.0090
150 0.4351 0.1652 0.0978 0.0137 0.2876 0.0009
151 0.1044 0.0723 0.0735 0.1300 0.5688 0.0509
152 0.1805 0.1290 0.2605 0.3347 0.0406 0.0546
153 0.3020 0.1279 0.1694 0.0886 0.3091 0.0028
154 0.2421 0.2944 0.2944 0.0147 0.1515 0.0031
155 0.0881 0.0151 0.0815 0.0686 0.7378 0.0091
156 0.2144 0.0776 0.0894 0.0776 0.4829 0.0581
157 0.0825 0.0208 0.1218 0.1359 0.6089 0.0299
158 0.2175 0.0299 0.1694 0.3938 0.0226 0.1667
159 0.0300 0.0655 0.3076 0.0486 0.5229 0.0252
160 0.2671 0.0960 0.0686 0.0182 0.5479 0.0021
161 0.1646 0.0982 0.2842 0.1953 0.2112 0.0464
162 0.2900 0.0927 0.1552 0.1626 0.2854 0.0141
163 0.0474 0.0609 0.0845 0.0757 0.6968 0.0347
164 0.0574 0.0703 0.0862 0.0749 0.6992 0.0119
165 0.4573 0.0989 0.1094 0.0067 0.3267 0.0010
166 0.0521 0.0900 0.0832 0.0900 0.6646 0.0201
167 0.0939 0.0803 0.0742 0.0766 0.6514 0.0235
168 0.2524 0.1997 0.2281 0.0186 0.2998 0.0011
169 0.0120 0.0174 0.0374 0.0089 0.9204 0.0036
170 0.0366 0.0800 0.0435 0.0396 0.7954 0.0048
171 0.1960 0.1236 0.3521 0.1422 0.1676 0.0184
172 0.1166 0.1311 0.3147 0.1779 0.2096 0.0502
173 0.2063 0.0840 0.1521 0.4006 0.1364 0.0207
174 0.2323 0.2148 0.2937 0.0720 0.1699 0.0174
175 0.2494 0.1367 0.1958 0.0531 0.3601 0.0049
176 0.1589 0.0800 0.2520 0.3445 0.1553 0.0092
177 0.1541 0.0571 0.0623 0.6436 0.0657 0.0173
178 0.2493 0.1196 0.1243 0.2396 0.2396 0.0275
179 0.3064 0.1093 0.2769 0.0892 0.2106 0.0077
180 0.0901 0.0614 0.1581 0.6060 0.0526 0.0319
181 0.2008 0.1436 0.1692 0.2681 0.1931 0.0251
182 0.1920 0.1495 0.3142 0.0428 0.2905 0.0108
183 0.0866 0.0582 0.5737 0.1581 0.1202 0.0031
184 0.1334 0.0773 0.0848 0.5981 0.0848 0.0215
185 0.1460 0.1426 0.5776 0.0628 0.0679 0.0033
186 0.1691 0.2659 0.2478 0.1650 0.1285 0.0236
187 0.0311 0.0250 0.0680 0.0453 0.8159 0.0147
188 0.1948 0.1278 0.3699 0.1415 0.1448 0.0214
189 0.2494 0.2201 0.1754 0.1868 0.1512 0.0171
190 0.3357 0.1898 0.2069 0.0255 0.2255 0.0166
191 0.2571 0.2866 0.2756 0.0771 0.0815 0.0219
192 0.0740 0.0260 0.0717 0.5913 0.2279 0.0094
193 0.0489 0.1328 0.0793 0.0541 0.6338 0.0512
194 0.2236 0.3660 0.3357 0.0263 0.0440 0.0042
195 0.1959 0.1444 0.4082 0.1783 0.0682 0.0048
196 0.0274 0.0389 0.0107 0.0285 0.8931 0.0013
197 0.2157 0.1415 0.3367 0.0590 0.2123 0.0349
198 0.3635 0.0721 0.0857 0.2810 0.1744 0.0231
199 0.1418 0.1547 0.4509 0.1387 0.0660 0.0479
200 0.1204 0.5654 0.1046 0.1464 0.0282 0.0350
201 0.0759 0.0206 0.7148 0.1343 0.0291 0.0252
202 0.1227 0.0786 0.7456 0.0245 0.0181 0.0106
203 0.0620 0.0917 0.0889 0.1660 0.5708 0.0208
204 0.2328 0.2659 0.1434 0.2421 0.1083 0.0077
205 0.2896 0.1179 0.1742 0.2986 0.1125 0.0072
206 0.2037 0.2006 0.1326 0.3059 0.1198 0.0374
207 0.2494 0.1315 0.3955 0.0848 0.1225 0.0163
208 0.0855 0.0588 0.1304 0.1133 0.5933 0.0186
209 0.2515 0.1074 0.0786 0.2917 0.2495 0.0213
210 0.2947 0.2520 0.1902 0.1042 0.1516 0.0073
211 0.0883 0.1785 0.0699 0.0134 0.6426 0.0075
212 0.1952 0.1373 0.0952 0.4365 0.0880 0.0479
213 0.1070 0.0547 0.0916 0.0568 0.6606 0.0293
214 0.2844 0.0834 0.1282 0.3350 0.1620 0.0070
215 0.2462 0.1085 0.3445 0.1415 0.1459 0.0134
216 0.0620 0.0337 0.0251 0.0797 0.7920 0.0075
217 0.1586 0.0947 0.0939 0.0527 0.5894 0.0110
218 0.1885 0.0744 0.3386 0.2617 0.1217 0.0152
219 0.1053 0.1581 0.0922 0.0242 0.6152 0.0049
220 0.2727 0.2158 0.2075 0.1361 0.1259 0.0418
221 0.0557 0.0499 0.1274 0.0738 0.6787 0.0146
222 0.1949 0.1506 0.3728 0.1816 0.0906 0.0094
223 0.0829 0.0287 0.0842 0.0491 0.7510 0.0042
224 0.3323 0.1984 0.0847 0.1498 0.1984 0.0367
225 0.1285 0.1411 0.2808 0.3899 0.0451 0.0146
226 0.0925 0.0332 0.0253 0.0362 0.8115 0.0013
227 0.1410 0.0869 0.2100 0.4805 0.0356 0.0461
228 0.1172 0.2225 0.1219 0.0459 0.4858 0.0065
229 0.1637 0.1274 0.1235 0.4700 0.0842 0.0312
230 0.0525 0.0355 0.0813 0.0764 0.7476 0.0068
231 0.2534 0.0499 0.3521 0.1943 0.0798 0.0704
232 0.1956 0.0410 0.5571 0.1865 0.0134 0.0065
233 0.3164 0.0533 0.4258 0.1831 0.0159 0.0056
234 0.1366 0.0253 0.4995 0.2983 0.0174 0.0230
