time exciting_prob fearful_prob tense_prob sad_prob relaxing_prob neutral_prob
0 0.0968 0.1263 0.0983 0.2512 0.0261 0.4014
1 0.2583 0.0228 0.2881 0.3586 0.0435 0.0287
2 0.1761 0.0146 0.7896 0.0126 0.0054 0.0017
3 0.1256 0.0062 0.8320 0.0289 0.0046 0.0028
4 0.1617 0.0886 0.2505 0.2795 0.0833 0.1362
5 0.2006 0.0257 0.0557 0.5205 0.0462 0.1515
6 0.1028 0.0529 0.0521 0.5918 0.0115 0.1891
7 0.2620 0.1068 0.0837 0.4529 0.0082 0.0864
8 0.3064 0.1678 0.2462 0.1678 0.0576 0.0541
9 0.2815 0.0170 0.2563 0.4360 0.0063 0.0028
10 0.3372 0.0795 0.0795 0.4753 0.0176 0.0109
11 0.1665 0.0637 0.1458 0.5630 0.0545 0.0066
12 0.1348 0.0677 0.4216 0.3496 0.0200 0.0063
13 0.1836 0.0403 0.2321 0.4836 0.0353 0.0250
14 0.3572 0.0181 0.1560 0.4377 0.0077 0.0234
15 0.4431 0.0852 0.0833 0.3645 0.0140 0.0101
16 0.4863 0.0456 0.2012 0.1761 0.0283 0.0623
17 0.2708 0.0214 0.2061 0.3372 0.0294 0.1351
18 0.1360 0.0524 0.1830 0.5552 0.0643 0.0093
19 0.1721 0.0285 0.1449 0.1616 0.1340 0.3586
20 0.0847 0.0388 0.0649 0.7202 0.0659 0.0256
21 0.3647 0.0479 0.4006 0.1406 0.0217 0.0244
22 0.3708 0.0433 0.4138 0.1312 0.0198 0.0209
23 0.2888 0.0494 0.5786 0.0426 0.0286 0.0118
24 0.1964 0.0372 0.6392 0.1191 0.0016 0.0067
25 0.3545 0.0275 0.5405 0.0651 0.0049 0.0075
26 0.1638 0.0177 0.5991 0.2070 0.0022 0.0103
27 0.1860 0.0604 0.5015 0.1949 0.0078 0.0493
28 0.2185 0.0462 0.5322 0.1514 0.0142 0.0374
29 0.2742 0.2238 0.1255 0.2742 0.0890 0.0136
30 0.4207 0.0924 0.3176 0.1141 0.0535 0.0016
31 0.1309 0.1904 0.2771 0.2996 0.0165 0.0858
32 0.0744 0.3083 0.3440 0.1991 0.0657 0.0085
33 0.1157 0.3762 0.2546 0.1028 0.1321 0.0187
34 0.0728 0.0622 0.8135 0.0455 0.0044 0.0019
35 0.2732 0.0834 0.5654 0.0615 0.0101 0.0066
36 0.1350 0.1191 0.7021 0.0198 0.0210 0.0030
37 0.1187 0.0835 0.5278 0.1234 0.0548 0.0917
38 0.1492 0.0540 0.3523 0.2008 0.2311 0.0126
39 0.0914 0.0859 0.1329 0.4097 0.0116 0.2686
40 0.1797 0.0343 0.1274 0.3518 0.3057 0.0013
41 0.1121 0.2690 0.2690 0.1290 0.1849 0.0359
42 0.2367 0.0622 0.1425 0.3965 0.1307 0.0315
43 0.2952 0.0525 0.1416 0.3730 0.0486 0.0893
44 0.2384 0.0402 0.2700 0.3469 0.0699 0.0346
45 0.1929 0.1161 0.6226 0.0488 0.0140 0.0057
46 0.1219 0.0757 0.7178 0.0536 0.0168 0.0141
47 0.0440 0.1177 0.7671 0.0610 0.0012 0.0089
48 0.3411 0.0289 0.4050 0.1636 0.0335 0.0280
49 0.2362 0.0646 0.3958 0.2476 0.0332 0.0227
50 0.1527 0.1652 0.1033 0.2854 0.0377 0.2559
51 0.2393 0.0664 0.2393 0.3591 0.0718 0.0242
52 0.0470 0.0455 0.1448 0.4600 0.2925 0.0103
53 0.0091 0.0035 0.0070 0.0212 0.9585 0.0007
54 0.0183 0.0233 0.0707 0.0624 0.8223 0.0027
55 0.0186 0.0301 0.1615 0.0618 0.7241 0.0041
56 0.1796 0.0784 0.2035 0.4341 0.0020 0.1023
57 0.0580 0.0208 0.6904 0.1917 0.0306 0.0085
58 0.0956 0.1425 0.5679 0.1277 0.0576 0.0085
59 0.2747 0.0493 0.3997 0.0906 0.1589 0.0270
60 0.0750 0.1075 0.1772 0.4971 0.0030 0.1401
61 0.0533 0.2013 0.6348 0.0559 0.0463 0.0084
62 0.1458 0.1237 0.3723 0.2766 0.0762 0.0052
63 0.0272 0.0638 0.8018 0.0723 0.0266 0.0081
64 0.0715 0.2202 0.2742 0.3777 0.0411 0.0155
65 0.1036 0.1862 0.3118 0.3093 0.0789 0.0100
66 0.1681 0.1542 0.2297 0.4226 0.0094 0.0161
67 0.0747 0.2063 0.4167 0.2412 0.0062 0.0547
68 0.1488 0.0365 0.1039 0.3740 0.2571 0.0797
69 0.1344 0.2491 0.3125 0.1910 0.1089 0.0039
70 0.0074 0.0959 0.0522 0.8286 0.0032 0.0125
71 0.0218 0.0574 0.1235 0.7563 0.0189 0.0221
72 0.0096 0.0261 0.0565 0.8843 0.0099 0.0134
73 0.0599 0.0599 0.5259 0.3140 0.0244 0.0161
74 0.0661 0.1098 0.5620 0.2307 0.0236 0.0077
75 0.0396 0.1299 0.3906 0.4224 0.0106 0.0069
76 0.1490 0.1255 0.1434 0.4888 0.0891 0.0041
77 0.2805 0.1478 0.4177 0.0823 0.0682 0.0034
78 0.6084 0.0360 0.1188 0.0811 0.1503 0.0055
79 0.1583 0.0108 0.4236 0.3198 0.0461 0.0413
80 0.3784 0.0363 0.1746 0.1641 0.2386 0.0081
81 0.5015 0.0800 0.0599 0.1482 0.1554 0.0550
82 0.4062 0.2561 0.1761 0.1155 0.0358 0.0102
83 0.3782 0.1083 0.0812 0.2258 0.2009 0.0055
84 0.4138 0.0464 0.1954 0.0815 0.2529 0.0101
85 0.2271 0.0167 0.2825 0.3862 0.0515 0.0359
86 0.2395 0.0518 0.0324 0.4270 0.1431 0.1063
87 0.6367 0.1345 0.0310 0.1489 0.0348 0.0142
88 0.2230 0.1037 0.1194 0.4006 0.1342 0.0190
89 0.4409 0.0205 0.1324 0.2573 0.1366 0.0122
90 0.4790 0.0328 0.1694 0.1299 0.1694 0.0195
91 0.2281 0.0198 0.2930 0.3022 0.1384 0.0184
92 0.3923 0.1549 0.2825 0.0797 0.0822 0.0083
93 0.4893 0.0705 0.1576 0.0545 0.2206 0.0077
94 0.1613 0.1552 0.1017 0.0593 0.5205 0.0019
95 0.1622 0.0203 0.1345 0.1549 0.4771 0.0511
96 0.1583 0.0681 0.1105 0.2415 0.4043 0.0173
97 0.2803 0.0472 0.1132 0.2891 0.2473 0.0228
98 0.0600 0.0735 0.0393 0.0573 0.7661 0.0040
99 0.1317 0.0622 0.2461 0.2104 0.3364 0.0132
100 0.0666 0.0535 0.1727 0.6943 0.0062 0.0068
101 0.1098 0.0417 0.2986 0.5239 0.0098 0.0162
102 0.2034 0.1896 0.0835 0.4766 0.0423 0.0046
103 0.1556 0.1863 0.1805 0.4197 0.0493 0.0084
104 0.2228 0.0908 0.2605 0.3792 0.0425 0.0044
105 0.0442 0.1110 0.4458 0.3640 0.0285 0.0066
106 0.0736 0.0620 0.1232 0.7095 0.0180 0.0138
107 0.0595 0.1670 0.0952 0.6553 0.0149 0.0081
108 0.0483 0.1063 0.0731 0.7612 0.0080 0.0029
109 0.0357 0.0704 0.7456 0.1256 0.0217 0.0008
110 0.0332 0.0410 0.5312 0.3711 0.0208 0.0025
111 0.0758 0.0833 0.0609 0.7539 0.0161 0.0102
112 0.0864 0.1017 0.0786 0.7065 0.0178 0.0090
113 0.0713 0.0789 0.0551 0.7729 0.0113 0.0106
114 0.2512 0.0394 0.1431 0.3599 0.2050 0.0014
115 0.0279 0.0281 0.2158 0.6968 0.0279 0.0036
116 0.0891 0.0647 0.5996 0.1931 0.0473 0.0060
117 0.1212 0.0564 0.2527 0.1968 0.3677 0.0055
118 0.1696 0.0323 0.1321 0.4331 0.2246 0.0084
119 0.2520 0.1744 0.4055 0.0805 0.0455 0.0421
120 0.3137 0.0571 0.1578 0.2058 0.2642 0.0013
121 0.1475 0.1053 0.2213 0.3823 0.1185 0.0252
122 0.2515 0.0100 0.1729 0.5244 0.0085 0.0327
123 0.0898 0.0213 0.4119 0.3523 0.0354 0.0891
124 0.0906 0.0558 0.1145 0.7124 0.0075 0.0193
125 0.0874 0.0887 0.1658 0.6455 0.0036 0.0089
126 0.0927 0.0562 0.1208 0.6738 0.0481 0.0084
127 0.0376 0.2129 0.2231 0.5107 0.0138 0.0018
128 0.1322 0.0172 0.3296 0.3853 0.0867 0.0490
129 0.1727 0.0343 0.5620 0.1315 0.0616 0.0379
130 0.1250 0.0538 0.1509 0.2908 0.3733 0.0064
131 0.1989 0.0380 0.2184 0.4080 0.1284 0.0083
132 0.1512 0.1115 0.1454 0.4109 0.1597 0.0213
133 0.3276 0.0731 0.0969 0.4207 0.0526 0.0291
134 0.1089 0.1294 0.4375 0.2493 0.0687 0.0062
135 0.1036 0.0712 0.1036 0.6250 0.0467 0.0497
136 0.0649 0.0853 0.5352 0.1685 0.1332 0.0128
137 0.1981 0.0471 0.1920 0.5059 0.0272 0.0299
138 0.1865 0.1699 0.1282 0.4617 0.0243 0.0293
139 0.2588 0.0190 0.2910 0.3401 0.0654 0.0258
140 0.1559 0.0453 0.4475 0.2065 0.0676 0.0771
141 0.1813 0.1198 0.2678 0.2086 0.0721 0.1503
142 0.2996 0.0679 0.0614 0.4941 0.0572 0.0198
143 0.3613 0.2091 0.1415 0.2406 0.0425 0.0051
144 0.4048 0.3628 0.0661 0.1324 0.0284 0.0053
145 0.3230 0.2764 0.1467 0.1943 0.0553 0.0043
146 0.5703 0.0698 0.2083 0.1072 0.0430 0.0015
147 0.2035 0.2343 0.1489 0.3201 0.0767 0.0166
148 0.5054 0.0851 0.1229 0.2463 0.0323 0.0080
149 0.4136 0.2734 0.1793 0.0771 0.0464 0.0103
150 0.3853 0.1544 0.2300 0.1998 0.0297 0.0010
151 0.2649 0.1486 0.3003 0.2394 0.0436 0.0034
152 0.5112 0.1523 0.2673 0.0479 0.0181 0.0031
153 0.5522 0.1750 0.2196 0.0219 0.0295 0.0018
154 0.1182 0.2314 0.2075 0.3420 0.0995 0.0011
155 0.3359 0.0274 0.0933 0.5044 0.0174 0.0218
156 0.2922 0.0155 0.0477 0.5903 0.0421 0.0124
157 0.4661 0.0354 0.1082 0.2720 0.0897 0.0289
158 0.4128 0.0819 0.1996 0.2279 0.0729 0.0050
159 0.5479 0.0388 0.1752 0.1251 0.1088 0.0043
160 0.5640 0.0405 0.1437 0.1666 0.0812 0.0042
161 0.1638 0.0335 0.1771 0.5898 0.0255 0.0101
162 0.4399 0.0443 0.2607 0.0959 0.1521 0.0070
163 0.3938 0.0256 0.1077 0.3477 0.1211 0.0042
164 0.2976 0.1012 0.1982 0.3069 0.0820 0.0141
165 0.2786 0.0602 0.1855 0.4246 0.0417 0.0095
166 0.2277 0.0093 0.1774 0.5547 0.0213 0.0095
167 0.3669 0.0276 0.2242 0.2388 0.1268 0.0156
168 0.0574 0.1178 0.1421 0.6675 0.0012 0.0143
169 0.2313 0.0134 0.3755 0.3064 0.0623 0.0112
170 0.7061 0.0173 0.1125 0.0986 0.0617 0.0040
171 0.1068 0.0481 0.2683 0.4783 0.0489 0.0496
172 0.0620 0.0640 0.4805 0.3801 0.0041 0.0094
173 0.6025 0.0239 0.1622 0.1635 0.0332 0.0146
174 0.3091 0.0235 0.5864 0.0445 0.0270 0.0097
175 0.6143 0.0240 0.0899 0.2107 0.0405 0.0207
176 0.3730 0.0147 0.2930 0.1819 0.1320 0.0054
177 0.3538 0.0464 0.2820 0.2179 0.0702 0.0297
178 0.4365 0.0547 0.0659 0.4165 0.0192 0.0071
179 0.5186 0.0450 0.0742 0.2932 0.0600 0.0089
180 0.2676 0.0385 0.0903 0.5664 0.0317 0.0051
181 0.2561 0.0126 0.0500 0.6240 0.0250 0.0321
182 0.3066 0.0585 0.1604 0.3586 0.1094 0.0064
183 0.2053 0.0401 0.3604 0.3716 0.0195 0.0031
184 0.1775 0.1085 0.3115 0.3586 0.0409 0.0031
185 0.2010 0.0274 0.0913 0.5640 0.0872 0.0292
186 0.4563 0.0202 0.1947 0.2520 0.0536 0.0231
187 0.4509 0.0201 0.2302 0.1453 0.1475 0.0060
188 0.2140 0.1093 0.4392 0.1903 0.0331 0.0141
189 0.1439 0.1193 0.6353 0.0840 0.0073 0.0102
190 0.2203 0.0417 0.5991 0.0970 0.0401 0.0017
191 0.3254 0.0548 0.3574 0.1455 0.1116 0.0053
192 0.2375 0.0596 0.4509 0.1909 0.0556 0.0055
193 0.2108 0.0336 0.4531 0.2542 0.0421 0.0060
194 0.0831 0.0576 0.6636 0.1732 0.0102 0.0123
195 0.0644 0.0222 0.3706 0.5142 0.0143 0.0143
196 0.5527 0.0226 0.0953 0.2844 0.0280 0.0170
197 0.4905 0.0381 0.2729 0.1555 0.0352 0.0075
198 0.3955 0.0257 0.1151 0.3835 0.0726 0.0075
199 0.1907 0.0542 0.4102 0.2817 0.0546 0.0085
200 0.1810 0.0743 0.4922 0.2084 0.0332 0.0108
201 0.1405 0.0266 0.3318 0.4463 0.0361 0.0187
202 0.0928 0.0599 0.5864 0.1818 0.0746 0.0044
203 0.0738 0.0863 0.5454 0.2537 0.0123 0.0285
204 0.1658 0.0629 0.4761 0.2549 0.0359 0.0046
205 0.1450 0.0501 0.3071 0.4539 0.0375 0.0065
206 0.1223 0.0453 0.4072 0.4072 0.0154 0.0025
207 0.1305 0.0597 0.6626 0.0897 0.0362 0.0213
208 0.1334 0.1273 0.3250 0.3740 0.0158 0.0245
209 0.2252 0.0450 0.3545 0.3176 0.0392 0.0185
210 0.1993 0.0763 0.5254 0.1641 0.0202 0.0148
211 0.0686 0.0403 0.8359 0.0502 0.0021 0.0028
212 0.2844 0.0620 0.5396 0.0930 0.0046 0.0166
213 0.1808 0.0373 0.4836 0.2471 0.0182 0.0329
214 0.0101 0.0218 0.9116 0.0514 0.0002 0.0047
215 0.0876 0.0977 0.5200 0.1854 0.0963 0.0127
216 0.2440 0.0147 0.4023 0.2898 0.0291 0.0199
217 0.1429 0.0382 0.4104 0.3147 0.0273 0.0665
218 0.0752 0.0179 0.2793 0.5820 0.0355 0.0101
219 0.0614 0.0231 0.4397 0.2839 0.1696 0.0222
220 0.3333 0.0234 0.3438 0.2118 0.0469 0.0407
221 0.0474 0.0393 0.8022 0.0872 0.0111 0.0130
222 0.1187 0.0656 0.7046 0.0999 0.0035 0.0077
223 0.1415 0.0326 0.4939 0.3091 0.0088 0.0139
224 0.0963 0.0607 0.5854 0.2292 0.0188 0.0096
225 0.3542 0.0245 0.2288 0.3433 0.0223 0.0269
226 0.3826 0.0379 0.2712 0.1984 0.0753 0.0348
227 0.1388 0.0216 0.4844 0.3330 0.0152 0.0070
228 0.0186 0.0204 0.0874 0.8423 0.0267 0.0044
229 0.0943 0.0452 0.3728 0.4714 0.0044 0.0119
230 0.1131 0.6406 0.1671 0.0765 0.0015 0.0009
231 0.1835 0.0840 0.4268 0.2671 0.0228 0.0160
232 0.1068 0.0445 0.2727 0.5508 0.0124 0.0129
233 0.1412 0.0392 0.5854 0.2023 0.0135 0.0184
234 0.1578 0.0179 0.5259 0.2727 0.0170 0.0088
235 0.3535 0.0453 0.4541 0.1281 0.0187 0.0002
236 0.5752 0.0476 0.2454 0.1168 0.0150 0.0002
237 0.0643 0.0355 0.4128 0.4753 0.0082 0.0037
238 0.1348 0.0705 0.4561 0.2944 0.0325 0.0118
239 0.2910 0.0675 0.2820 0.2734 0.0453 0.0406
240 0.3669 0.0745 0.3557 0.1268 0.0628 0.0133
241 0.2354 0.0231 0.5059 0.1077 0.0679 0.0600
242 0.1530 0.0913 0.5015 0.1666 0.0384 0.0493
243 0.1000 0.0473 0.6733 0.1389 0.0149 0.0257
244 0.2280 0.1192 0.5425 0.0301 0.0788 0.0012
245 0.0729 0.0311 0.6401 0.1833 0.0573 0.0152
246 0.1172 0.0249 0.5811 0.1829 0.0739 0.0199
247 0.1190 0.0612 0.5723 0.1901 0.0438 0.0139
248 0.0701 0.0279 0.4099 0.4229 0.0490 0.0201
249 0.2891 0.0115 0.4207 0.1809 0.0443 0.0535
250 0.2294 0.0207 0.3994 0.2206 0.0775 0.0524
251 0.5073 0.0295 0.1097 0.2050 0.1420 0.0067
252 0.5747 0.0367 0.1224 0.0815 0.1794 0.0049
253 0.1527 0.0171 0.5005 0.1930 0.0843 0.0523
254 0.1272 0.0119 0.3247 0.3623 0.1233 0.0506
255 0.1399 0.0125 0.4307 0.3252 0.0583 0.0335
256 0.0841 0.0144 0.5840 0.1808 0.0809 0.0560
257 0.0797 0.0356 0.4341 0.3599 0.0565 0.0340
258 0.2291 0.0940 0.1255 0.4592 0.0280 0.0641
259 0.2539 0.0884 0.1359 0.4253 0.0259 0.0705
260 0.2559 0.1390 0.1946 0.3086 0.0289 0.0732
261 0.1689 0.2830 0.1959 0.2917 0.0178 0.0427
262 0.2323 0.2551 0.1660 0.2098 0.0367 0.0999
263 0.3289 0.2010 0.1641 0.1859 0.0355 0.0845
264 0.2783 0.3105 0.1958 0.1742 0.0227 0.0185
265 0.3735 0.1953 0.1820 0.2062 0.0199 0.0231
266 0.3494 0.0941 0.1434 0.2291 0.0503 0.1337
