time exciting_prob fearful_prob tense_prob sad_prob relaxing_prob neutral_prob
0 0.1136 0.1553 0.1349 0.1288 0.0181 0.4492
1 0.1569 0.0219 0.0568 0.1593 0.6011 0.0041
2 0.2061 0.0019 0.0027 0.0048 0.7837 0.0009
3 0.3352 0.0031 0.0006 0.0038 0.6562 0.0012
4 0.3875 0.0058 0.0041 0.0061 0.5957 0.0010
5 0.1410 0.0518 0.4080 0.3599 0.0198 0.0195
6 0.0616 0.2676 0.2593 0.1225 0.2781 0.0110
7 0.0904 0.0977 0.1826 0.5122 0.0447 0.0726
8 0.0269 0.2532 0.2166 0.4656 0.0307 0.0070
9 0.1231 0.0887 0.1395 0.2864 0.3347 0.0277
10 0.3293 0.0974 0.0718 0.0634 0.4329 0.0055
11 0.1061 0.0729 0.1405 0.2109 0.4465 0.0231
12 0.0662 0.3635 0.4893 0.0549 0.0210 0.0051
13 0.0715 0.2496 0.4380 0.0641 0.1637 0.0131
14 0.2231 0.0736 0.2231 0.3003 0.0990 0.0808
15 0.1460 0.1155 0.2522 0.2644 0.1707 0.0512
16 0.1340 0.0839 0.3533 0.1320 0.1472 0.1495
17 0.2002 0.0909 0.0426 0.1080 0.5439 0.0143
18 0.0764 0.1748 0.4062 0.1803 0.1077 0.0546
19 0.1074 0.2576 0.3108 0.2458 0.0360 0.0424
20 0.1190 0.1017 0.0431 0.1075 0.6138 0.0150
21 0.0334 0.4126 0.4900 0.0550 0.0061 0.0028
22 0.2269 0.1454 0.0530 0.3076 0.2378 0.0293
23 0.0572 0.2446 0.3789 0.1965 0.0872 0.0355
24 0.1259 0.0489 0.1404 0.5469 0.0980 0.0402
25 0.1998 0.1147 0.1819 0.2908 0.1819 0.0309
26 0.2263 0.0989 0.0643 0.3191 0.2466 0.0449
27 0.2871 0.0731 0.0320 0.2612 0.3008 0.0458
28 0.4946 0.1139 0.0266 0.1104 0.2212 0.0331
29 0.0293 0.2896 0.6128 0.0280 0.0276 0.0125
30 0.0732 0.0424 0.1348 0.2186 0.3899 0.1412
31 0.0762 0.0864 0.3418 0.2788 0.0366 0.1801
32 0.2539 0.2788 0.1075 0.0470 0.1370 0.1759
33 0.1470 0.0979 0.1050 0.4634 0.1692 0.0177
34 0.0838 0.0838 0.3640 0.2424 0.1666 0.0594
35 0.0930 0.2161 0.1121 0.0937 0.4434 0.0419
36 0.2234 0.1488 0.0487 0.2512 0.2759 0.0518
37 0.2144 0.2046 0.1593 0.0600 0.3242 0.0375
38 0.2141 0.1996 0.1060 0.0438 0.4094 0.0272
39 0.1827 0.1368 0.1412 0.1479 0.3494 0.0417
40 0.2844 0.0514 0.0340 0.1418 0.4543 0.0340
41 0.3340 0.1349 0.0806 0.1382 0.2856 0.0268
42 0.3433 0.0815 0.1273 0.3079 0.1141 0.0259
43 0.2363 0.1783 0.2515 0.2637 0.0280 0.0421
44 0.3489 0.2306 0.0714 0.0784 0.2573 0.0134
45 0.2421 0.1855 0.0626 0.0646 0.4382 0.0068
46 0.1909 0.1282 0.0443 0.1063 0.5146 0.0155
47 0.0861 0.2471 0.4993 0.1204 0.0293 0.0179
48 0.2969 0.2241 0.3364 0.0336 0.0898 0.0190
49 0.0611 0.0784 0.7983 0.0153 0.0382 0.0087
50 0.1162 0.1246 0.4490 0.2766 0.0236 0.0102
51 0.3738 0.4204 0.0840 0.0506 0.0610 0.0101
52 0.3586 0.1372 0.2043 0.0872 0.2012 0.0114
53 0.2563 0.1667 0.3757 0.0973 0.0988 0.0050
54 0.1444 0.2399 0.4885 0.0484 0.0626 0.0163
55 0.3254 0.2615 0.2678 0.0171 0.1188 0.0093
56 0.3142 0.0859 0.2263 0.0563 0.3142 0.0028
57 0.0803 0.0754 0.2739 0.1169 0.4446 0.0091
58 0.4338 0.1442 0.0258 0.1047 0.2869 0.0045
59 0.4282 0.2498 0.2537 0.0354 0.0265 0.0065
60 0.4475 0.0953 0.0640 0.0703 0.3198 0.0030
61 0.3547 0.0933 0.0523 0.0374 0.4590 0.0035
62 0.3750 0.1799 0.0677 0.1899 0.1785 0.0090
63 0.5122 0.2310 0.0727 0.0715 0.0978 0.0145
64 0.2023 0.2852 0.0774 0.3633 0.0677 0.0041
65 0.1550 0.0817 0.3230 0.3081 0.0963 0.0359
66 0.1226 0.7808 0.0430 0.0371 0.0158 0.0005
67 0.1475 0.5835 0.1251 0.0640 0.0777 0.0023
68 0.2251 0.0790 0.1465 0.3379 0.2050 0.0065
69 0.1758 0.0830 0.6382 0.0459 0.0473 0.0101
70 0.2729 0.3674 0.1012 0.0788 0.1682 0.0115
71 0.2145 0.2469 0.4265 0.0397 0.0670 0.0053
72 0.1592 0.1004 0.1920 0.4329 0.0788 0.0367
73 0.0679 0.3582 0.4973 0.0244 0.0415 0.0107
74 0.2234 0.0875 0.3459 0.2695 0.0560 0.0176
75 0.2905 0.1656 0.2773 0.1260 0.1279 0.0125
76 0.2393 0.1301 0.1570 0.2249 0.2230 0.0258
77 0.2520 0.2294 0.0694 0.2744 0.1718 0.0032
78 0.2759 0.1647 0.2268 0.1355 0.1781 0.0192
79 0.1161 0.1171 0.3691 0.2766 0.1108 0.0102
80 0.1803 0.0826 0.1044 0.2837 0.3396 0.0096
81 0.2140 0.1578 0.1448 0.3501 0.1238 0.0096
82 0.3889 0.2935 0.1711 0.0506 0.0895 0.0064
83 0.2086 0.1368 0.2517 0.2054 0.1813 0.0161
84 0.3369 0.1320 0.2297 0.1102 0.1875 0.0036
85 0.3359 0.1389 0.2069 0.1033 0.2069 0.0080
86 0.3882 0.1593 0.1709 0.1450 0.1231 0.0133
87 0.1884 0.1959 0.0869 0.1702 0.3521 0.0067
88 0.2812 0.0456 0.0384 0.3755 0.2368 0.0224
89 0.4895 0.0825 0.0386 0.0799 0.2969 0.0127
90 0.2776 0.1078 0.0486 0.3538 0.2063 0.0059
91 0.1080 0.0961 0.4878 0.1355 0.1635 0.0091
92 0.2023 0.0843 0.2598 0.2898 0.1227 0.0414
93 0.0848 0.0754 0.1897 0.4998 0.0749 0.0754
94 0.1952 0.1406 0.1095 0.3428 0.1130 0.0989
95 0.3503 0.2028 0.0826 0.1279 0.2059 0.0304
96 0.5620 0.1098 0.0284 0.0869 0.2020 0.0107
97 0.3171 0.2096 0.3826 0.0538 0.0348 0.0021
98 0.3792 0.2372 0.0729 0.1749 0.0974 0.0384
99 0.2507 0.0944 0.2754 0.3071 0.0530 0.0192
100 0.2751 0.1036 0.1320 0.3506 0.0880 0.0509
101 0.2211 0.0605 0.1952 0.4329 0.0674 0.0229
102 0.3145 0.1251 0.1281 0.2264 0.1877 0.0182
103 0.1869 0.2327 0.4485 0.0940 0.0320 0.0060
104 0.3354 0.0835 0.2416 0.1635 0.1660 0.0102
105 0.2993 0.0485 0.4492 0.0613 0.1381 0.0035
106 0.2443 0.2139 0.1190 0.3286 0.0793 0.0148
107 0.4316 0.2188 0.0971 0.1042 0.1390 0.0092
108 0.3013 0.1469 0.1901 0.2598 0.0905 0.0115
109 0.2396 0.1055 0.2183 0.3125 0.0953 0.0286
110 0.2986 0.0630 0.1115 0.3228 0.1942 0.0100
111 0.1672 0.0506 0.3770 0.2512 0.1387 0.0153
112 0.2856 0.1210 0.0369 0.1068 0.4424 0.0073
113 0.2014 0.0464 0.0614 0.5649 0.1086 0.0172
114 0.1792 0.0713 0.1892 0.3914 0.1364 0.0326
115 0.4631 0.1718 0.0524 0.0744 0.2240 0.0144
116 0.2166 0.1168 0.1957 0.1572 0.2869 0.0269
117 0.3667 0.3186 0.0781 0.1191 0.1068 0.0107
118 0.2505 0.3560 0.0659 0.2354 0.0880 0.0045
119 0.2080 0.0419 0.1646 0.4170 0.1533 0.0152
120 0.3647 0.1384 0.2668 0.1029 0.1194 0.0075
121 0.1102 0.3501 0.2522 0.2463 0.0341 0.0072
122 0.1482 0.0825 0.1494 0.2769 0.3340 0.0091
123 0.3938 0.1174 0.1860 0.1230 0.1721 0.0077
124 0.2507 0.4038 0.1157 0.0873 0.1395 0.0027
125 0.1069 0.0788 0.5430 0.2228 0.0318 0.0169
126 0.3074 0.0719 0.4233 0.0307 0.1620 0.0046
127 0.3804 0.1142 0.0282 0.0810 0.3833 0.0128
128 0.1620 0.1608 0.1442 0.4236 0.1038 0.0057
129 0.2632 0.0370 0.1925 0.4138 0.0861 0.0074
130 0.0941 0.3311 0.4185 0.0705 0.0500 0.0360
131 0.4092 0.2074 0.0554 0.1471 0.1680 0.0130
132 0.2340 0.4014 0.2937 0.0305 0.0342 0.0063
133 0.1472 0.0740 0.1361 0.4978 0.0229 0.1220
134 0.1696 0.2524 0.4680 0.0623 0.0080 0.0396
135 0.1012 0.2793 0.5469 0.0482 0.0106 0.0137
136 0.1167 0.1986 0.4075 0.2590 0.0164 0.0019
137 0.0726 0.2306 0.4883 0.1584 0.0153 0.0348
138 0.0690 0.1394 0.3345 0.4099 0.0202 0.0268
139 0.4565 0.0906 0.2225 0.1591 0.0418 0.0294
140 0.2230 0.1300 0.5435 0.0833 0.0138 0.0065
141 0.3647 0.1968 0.3022 0.0866 0.0297 0.0199
142 0.3240 0.1920 0.4570 0.0132 0.0109 0.0029
143 0.2428 0.2334 0.4395 0.0456 0.0294 0.0092
144 0.2079 0.1342 0.4297 0.1353 0.0644 0.0286
145 0.2532 0.0703 0.0889 0.3984 0.1636 0.0255
146 0.1013 0.0707 0.7598 0.0624 0.0032 0.0026
147 0.0243 0.1686 0.6875 0.0307 0.0067 0.0822
148 0.2062 0.2161 0.0573 0.2710 0.2429 0.0065
149 0.1443 0.1466 0.5444 0.1007 0.0616 0.0024
150 0.5264 0.2159 0.0679 0.0701 0.1174 0.0024
151 0.1727 0.2399 0.1124 0.1675 0.2986 0.0089
152 0.0905 0.1218 0.4817 0.1665 0.1162 0.0232
153 0.0521 0.1967 0.5601 0.1052 0.0231 0.0629
154 0.2583 0.1506 0.1405 0.2075 0.2334 0.0096
155 0.3960 0.2788 0.0540 0.0285 0.2402 0.0024
156 0.0985 0.3660 0.2515 0.2678 0.0054 0.0109
157 0.6182 0.0152 0.1946 0.1237 0.0151 0.0333
158 0.2445 0.0690 0.1964 0.2903 0.1788 0.0209
159 0.4087 0.0844 0.1539 0.3284 0.0181 0.0066
160 0.6162 0.0591 0.0692 0.1766 0.0714 0.0073
161 0.3877 0.1076 0.1052 0.0886 0.3091 0.0021
162 0.4387 0.1829 0.0934 0.1528 0.1256 0.0067
163 0.4651 0.2712 0.0783 0.0847 0.0982 0.0026
164 0.0528 0.0481 0.2639 0.5854 0.0191 0.0305
165 0.0349 0.0524 0.1541 0.5635 0.1888 0.0060
166 0.5493 0.1143 0.0738 0.1826 0.0792 0.0009
167 0.0902 0.0834 0.1465 0.5439 0.1333 0.0024
168 0.2354 0.1484 0.4297 0.0770 0.1053 0.0043
169 0.3887 0.2129 0.0591 0.1312 0.2001 0.0081
170 0.2062 0.0419 0.0177 0.6250 0.1021 0.0069
171 0.4883 0.1115 0.0829 0.2739 0.0420 0.0015
172 0.4919 0.0374 0.1377 0.2494 0.0809 0.0027
173 0.3003 0.0901 0.3323 0.1194 0.1533 0.0047
174 0.0927 0.4155 0.3445 0.1339 0.0115 0.0018
175 0.3743 0.3228 0.0784 0.0855 0.1345 0.0046
176 0.5552 0.1309 0.0757 0.1093 0.1278 0.0012
177 0.5396 0.1451 0.1281 0.0834 0.1013 0.0027
178 0.3005 0.3381 0.0731 0.0526 0.2341 0.0014
179 0.2371 0.3503 0.2092 0.0442 0.1567 0.0024
180 0.0748 0.1454 0.3435 0.4016 0.0241 0.0106
181 0.2830 0.0274 0.4382 0.2037 0.0330 0.0148
182 0.1119 0.0402 0.1680 0.6436 0.0276 0.0086
183 0.6455 0.0923 0.0245 0.0730 0.1632 0.0013
184 0.0942 0.1932 0.3235 0.3611 0.0264 0.0017
185 0.2289 0.1284 0.4734 0.1356 0.0300 0.0036
186 0.3159 0.3311 0.0920 0.0831 0.1731 0.0047
187 0.1593 0.1877 0.3320 0.2817 0.0367 0.0025
188 0.1116 0.0911 0.2474 0.4922 0.0392 0.0186
189 0.0450 0.1877 0.3296 0.1533 0.2820 0.0024
190 0.0952 0.2888 0.3123 0.1429 0.1487 0.0123
191 0.1034 0.2559 0.4895 0.1296 0.0156 0.0061
192 0.2749 0.1890 0.0723 0.4094 0.0509 0.0034
193 0.2939 0.2637 0.2400 0.1688 0.0278 0.0057
194 0.3823 0.0644 0.2712 0.1606 0.1157 0.0056
195 0.4236 0.2163 0.1344 0.1499 0.0625 0.0133
196 0.3445 0.3472 0.1603 0.0793 0.0623 0.0065
197 0.2406 0.1173 0.3237 0.2426 0.0717 0.0040
198 0.4504 0.0922 0.0413 0.2507 0.1556 0.0096
199 0.4348 0.2637 0.0371 0.0291 0.2327 0.0025
200 0.4580 0.0490 0.2377 0.2032 0.0416 0.0103
201 0.4600 0.0763 0.2260 0.1093 0.1257 0.0027
202 0.3992 0.2659 0.1180 0.0721 0.1412 0.0037
203 0.0913 0.0972 0.5298 0.1615 0.1003 0.0201
204 0.0969 0.0676 0.3713 0.4272 0.0145 0.0225
205 0.4727 0.0834 0.1711 0.1725 0.0953 0.0050
206 0.0557 0.1649 0.5757 0.1755 0.0101 0.0179
207 0.1385 0.0534 0.0397 0.7256 0.0367 0.0059
208 0.3872 0.3608 0.1296 0.0536 0.0657 0.0029
209 0.1265 0.1742 0.1538 0.4963 0.0398 0.0094
210 0.4358 0.0892 0.0972 0.2837 0.0886 0.0055
211 0.3904 0.2520 0.0942 0.0421 0.2190 0.0023
212 0.2964 0.1456 0.2220 0.1116 0.2185 0.0058
213 0.1321 0.0770 0.4133 0.2795 0.0059 0.0922
214 0.0913 0.0431 0.1964 0.6240 0.0146 0.0306
215 0.0959 0.0828 0.2321 0.5479 0.0037 0.0376
216 0.0651 0.1927 0.2554 0.4019 0.0064 0.0785
217 0.0698 0.0531 0.1215 0.6167 0.0095 0.1293
218 0.1163 0.1447 0.2600 0.4153 0.0089 0.0549
219 0.1580 0.1804 0.5601 0.0396 0.0555 0.0067
220 0.0894 0.1461 0.6250 0.0712 0.0600 0.0082
221 0.1886 0.0798 0.5542 0.0912 0.0540 0.0320
222 0.1412 0.0756 0.0844 0.3184 0.0417 0.3389
