time exciting_prob fearful_prob tense_prob sad_prob relaxing_prob neutral_prob
0 0.1870 0.1017 0.1991 0.3779 0.0357 0.0986
1 0.0272 0.3359 0.5718 0.0175 0.0197 0.0280
2 0.0280 0.2634 0.6523 0.0181 0.0184 0.0200
3 0.0785 0.2362 0.0561 0.2325 0.3894 0.0071
4 0.0789 0.3022 0.0814 0.2507 0.2732 0.0136
5 0.0219 0.3364 0.5815 0.0266 0.0166 0.0170
6 0.0460 0.3240 0.5776 0.0144 0.0292 0.0087
7 0.0281 0.2856 0.2812 0.0150 0.3669 0.0229
8 0.0217 0.2429 0.6812 0.0235 0.0141 0.0165
9 0.0184 0.4785 0.3237 0.0493 0.1068 0.0235
10 0.0195 0.1898 0.3718 0.1245 0.2595 0.0349
11 0.0590 0.2522 0.4290 0.0668 0.1760 0.0169
12 0.0352 0.3167 0.5732 0.0344 0.0367 0.0039
13 0.1061 0.0409 0.1920 0.4905 0.0344 0.1362
14 0.1002 0.0871 0.3286 0.3904 0.0311 0.0627
15 0.2739 0.2307 0.3008 0.1525 0.0215 0.0205
16 0.0338 0.2435 0.6416 0.0090 0.0676 0.0045
17 0.0500 0.3340 0.4783 0.0123 0.1219 0.0036
18 0.0249 0.1049 0.3130 0.3491 0.0296 0.1783
19 0.0825 0.1239 0.2708 0.3877 0.0892 0.0459
20 0.0395 0.4929 0.2991 0.0222 0.1423 0.0039
21 0.0506 0.4341 0.3831 0.0625 0.0650 0.0047
22 0.0939 0.3655 0.2759 0.1454 0.0388 0.0803
23 0.0456 0.1747 0.3474 0.2791 0.0313 0.1219
24 0.1259 0.1566 0.3115 0.1320 0.2389 0.0352
25 0.0844 0.2500 0.3638 0.0734 0.2207 0.0076
26 0.0444 0.2832 0.4316 0.1469 0.0733 0.0207
27 0.0071 0.3892 0.4622 0.0479 0.0924 0.0012
28 0.0479 0.2847 0.1781 0.2551 0.1987 0.0353
29 0.0202 0.2898 0.4089 0.1392 0.0589 0.0831
30 0.0547 0.2001 0.3511 0.1140 0.1908 0.0895
31 0.0781 0.4456 0.3811 0.0173 0.0694 0.0084
32 0.0330 0.4382 0.5122 0.0072 0.0078 0.0013
33 0.0486 0.2817 0.6060 0.0088 0.0513 0.0034
34 0.0284 0.3516 0.5981 0.0076 0.0094 0.0048
35 0.0293 0.4700 0.4700 0.0069 0.0199 0.0041
36 0.0651 0.3181 0.5581 0.0107 0.0320 0.0157
37 0.0432 0.1737 0.1232 0.2734 0.0620 0.3245
38 0.0504 0.1935 0.2262 0.2124 0.1210 0.1965
39 0.2004 0.2698 0.2494 0.1160 0.0371 0.1274
40 0.0484 0.4810 0.4243 0.0208 0.0189 0.0067
41 0.0969 0.3254 0.4277 0.0636 0.0656 0.0206
42 0.0336 0.2294 0.7290 0.0039 0.0030 0.0012
43 0.0300 0.1766 0.7324 0.0433 0.0128 0.0050
44 0.0545 0.1338 0.2620 0.2539 0.2139 0.0818
45 0.0895 0.2937 0.3711 0.1809 0.0450 0.0198
46 0.0928 0.3423 0.2209 0.0648 0.2625 0.0169
47 0.0607 0.2739 0.4517 0.0234 0.1884 0.0019
48 0.0325 0.4927 0.2595 0.0421 0.1305 0.0427
49 0.0395 0.1882 0.1912 0.5039 0.0423 0.0351
50 0.0340 0.1344 0.2590 0.4993 0.0253 0.0479
51 0.0989 0.1331 0.3347 0.2566 0.1532 0.0235
52 0.0284 0.1006 0.2651 0.0370 0.5029 0.0660
53 0.0414 0.0693 0.2830 0.5371 0.0179 0.0515
54 0.1367 0.3545 0.3491 0.1064 0.0430 0.0101
55 0.0652 0.1946 0.4524 0.2499 0.0222 0.0159
56 0.1133 0.1151 0.3716 0.2986 0.0317 0.0698
57 0.0739 0.1719 0.2581 0.3262 0.1339 0.0360
58 0.0475 0.4399 0.3425 0.1166 0.0314 0.0221
59 0.0559 0.1921 0.5474 0.1342 0.0183 0.0521
60 0.0263 0.4148 0.3494 0.1326 0.0105 0.0667
61 0.0243 0.4446 0.4658 0.0257 0.0092 0.0305
62 0.0852 0.3318 0.3477 0.0497 0.1165 0.0690
63 0.0181 0.6836 0.2437 0.0284 0.0124 0.0141
64 0.0647 0.1600 0.3779 0.2681 0.0511 0.0780
65 0.0634 0.4761 0.2932 0.0719 0.0464 0.0490
66 0.0224 0.4236 0.4651 0.0413 0.0337 0.0139
67 0.0764 0.3096 0.3975 0.1212 0.0712 0.0242
68 0.0460 0.2727 0.4788 0.0806 0.0238 0.0980
69 0.0261 0.3152 0.5444 0.0925 0.0118 0.0097
70 0.0234 0.4312 0.5039 0.0099 0.0263 0.0053
71 0.0128 0.3557 0.1707 0.4031 0.0467 0.0110
72 0.0243 0.2306 0.2100 0.0450 0.4805 0.0097
73 0.0197 0.2493 0.1660 0.0754 0.4805 0.0092
74 0.0493 0.2710 0.0367 0.0062 0.6299 0.0068
75 0.0115 0.2389 0.1980 0.1566 0.0306 0.3643
76 0.0430 0.2700 0.4888 0.0291 0.0773 0.0919
77 0.0422 0.2625 0.5557 0.0449 0.0493 0.0456
78 0.0342 0.3169 0.4399 0.1364 0.0443 0.0284
79 0.0522 0.3403 0.3403 0.0916 0.0560 0.1195
80 0.0342 0.2234 0.3301 0.1852 0.1355 0.0917
81 0.0266 0.3420 0.5215 0.0405 0.0145 0.0550
82 0.0660 0.4241 0.1741 0.2571 0.0307 0.0479
83 0.0701 0.1289 0.3506 0.3506 0.0467 0.0533
84 0.0406 0.0757 0.4160 0.3672 0.0794 0.0212
85 0.0602 0.1041 0.4382 0.2537 0.0144 0.1295
86 0.0175 0.1370 0.8135 0.0197 0.0033 0.0090
87 0.0215 0.0769 0.8271 0.0296 0.0075 0.0375
88 0.0042 0.0866 0.9023 0.0040 0.0012 0.0017
89 0.0809 0.0531 0.5278 0.1941 0.0337 0.1106
90 0.0640 0.1912 0.5278 0.1124 0.0507 0.0539
91 0.0215 0.2512 0.4768 0.2252 0.0047 0.0205
92 0.0208 0.3828 0.2844 0.2216 0.0861 0.0042
93 0.0186 0.2664 0.3420 0.2974 0.0628 0.0128
94 0.0184 0.3416 0.4670 0.1447 0.0023 0.0261
95 0.0098 0.2925 0.6694 0.0160 0.0035 0.0088
96 0.0183 0.3979 0.5356 0.0233 0.0135 0.0113
97 0.0116 0.3523 0.5630 0.0511 0.0058 0.0160
98 0.0392 0.3782 0.5674 0.0054 0.0048 0.0048
99 0.0497 0.3823 0.5225 0.0115 0.0193 0.0146
100 0.0339 0.1241 0.0450 0.0295 0.7603 0.0070
101 0.0117 0.5615 0.1377 0.0200 0.2654 0.0037
102 0.0120 0.3203 0.1274 0.0535 0.4807 0.0061
103 0.0232 0.2617 0.1017 0.0118 0.5986 0.0029
104 0.0252 0.2208 0.0775 0.0137 0.6592 0.0035
105 0.0294 0.3416 0.1075 0.0121 0.5049 0.0047
106 0.0573 0.2957 0.0959 0.0206 0.5269 0.0037
107 0.0563 0.2487 0.1202 0.0233 0.5430 0.0084
108 0.0684 0.2947 0.0825 0.0102 0.5420 0.0024
109 0.1166 0.2338 0.0432 0.0391 0.5518 0.0154
110 0.0164 0.1875 0.0546 0.5596 0.0973 0.0845
111 0.0309 0.4543 0.1821 0.1698 0.0081 0.1547
112 0.0889 0.1141 0.2378 0.4175 0.0410 0.1007
113 0.0351 0.3892 0.3953 0.0790 0.0198 0.0815
114 0.0114 0.3770 0.4841 0.0561 0.0126 0.0587
115 0.0282 0.4333 0.2979 0.0482 0.0277 0.1646
116 0.0222 0.2832 0.6797 0.0027 0.0066 0.0058
117 0.0999 0.0502 0.5400 0.1866 0.0218 0.1014
118 0.0816 0.3179 0.3657 0.1098 0.1064 0.0186
119 0.1044 0.0936 0.7476 0.0425 0.0043 0.0077
120 0.1323 0.2888 0.4338 0.1262 0.0071 0.0117
121 0.0081 0.3567 0.5879 0.0410 0.0039 0.0025
122 0.0312 0.3381 0.4695 0.1151 0.0126 0.0337
123 0.0379 0.4016 0.5156 0.0164 0.0202 0.0082
124 0.0309 0.4233 0.5186 0.0023 0.0224 0.0026
125 0.0580 0.2479 0.2991 0.1992 0.0308 0.1652
126 0.0425 0.2563 0.3560 0.2446 0.0093 0.0914
127 0.0243 0.2007 0.3257 0.1664 0.0211 0.2617
128 0.2668 0.0675 0.2546 0.2712 0.0086 0.1311
129 0.1653 0.4529 0.3210 0.0296 0.0193 0.0117
130 0.1322 0.3147 0.4233 0.0887 0.0072 0.0339
131 0.0178 0.1354 0.2529 0.2610 0.0506 0.2822
132 0.0128 0.3701 0.5386 0.0367 0.0076 0.0344
133 0.0589 0.2366 0.4153 0.2404 0.0346 0.0142
134 0.0809 0.1334 0.6621 0.0072 0.1039 0.0122
135 0.1064 0.4880 0.3516 0.0273 0.0234 0.0032
136 0.0684 0.2262 0.6147 0.0336 0.0449 0.0120
137 0.1616 0.1329 0.2010 0.1415 0.3188 0.0442
138 0.1356 0.1958 0.4624 0.0869 0.0592 0.0602
139 0.1151 0.1284 0.3330 0.2253 0.0527 0.1455
140 0.1187 0.0869 0.3176 0.2288 0.0398 0.2083
141 0.0297 0.2910 0.3977 0.1683 0.0173 0.0959
142 0.0842 0.5801 0.1770 0.1090 0.0293 0.0202
143 0.0351 0.2135 0.1611 0.2006 0.3577 0.0320
144 0.0723 0.4863 0.3240 0.0361 0.0207 0.0609
145 0.0388 0.3862 0.3462 0.0676 0.1324 0.0289
146 0.0739 0.4253 0.3159 0.1018 0.0566 0.0266
147 0.0575 0.5410 0.3179 0.0434 0.0338 0.0066
148 0.0271 0.1794 0.3982 0.3005 0.0565 0.0382
149 0.0887 0.4133 0.4133 0.0235 0.0235 0.0376
150 0.0850 0.2089 0.6689 0.0141 0.0184 0.0047
151 0.1160 0.4082 0.4553 0.0093 0.0098 0.0015
152 0.0298 0.1055 0.2822 0.4956 0.0400 0.0468
153 0.1782 0.4883 0.2717 0.0251 0.0325 0.0042
154 0.2908 0.4036 0.1605 0.0735 0.0329 0.0387
155 0.1647 0.3459 0.2377 0.0650 0.1071 0.0797
156 0.0346 0.3838 0.3333 0.1285 0.1116 0.0082
157 0.0865 0.4644 0.2773 0.0546 0.1138 0.0035
158 0.0464 0.4619 0.1866 0.1499 0.1476 0.0076
159 0.1181 0.4563 0.1470 0.0512 0.2189 0.0086
160 0.1406 0.5269 0.1122 0.0132 0.2031 0.0041
161 0.0942 0.1309 0.0393 0.0161 0.7183 0.0012
162 0.0544 0.0636 0.0269 0.0098 0.8447 0.0008
163 0.0640 0.0809 0.0312 0.0125 0.8105 0.0006
164 0.0390 0.0435 0.0237 0.0061 0.8872 0.0004
165 0.0157 0.0544 0.0553 0.0046 0.8652 0.0048
166 0.0251 0.1398 0.0630 0.0077 0.7559 0.0085
167 0.2266 0.1670 0.4102 0.1104 0.0747 0.0112
168 0.1494 0.1361 0.4224 0.1775 0.0958 0.0188
169 0.0464 0.1683 0.3245 0.0376 0.2412 0.1820
170 0.0434 0.0451 0.2477 0.4148 0.2053 0.0437
171 0.0569 0.1752 0.4404 0.1185 0.1158 0.0931
172 0.1120 0.2505 0.3560 0.1531 0.0981 0.0306
173 0.0269 0.2401 0.6133 0.0430 0.0553 0.0216
174 0.0341 0.2812 0.3555 0.0313 0.2368 0.0608
175 0.0453 0.3301 0.3457 0.0999 0.1071 0.0719
176 0.1808 0.1186 0.1595 0.2081 0.1986 0.1344
177 0.0144 0.0989 0.0610 0.7783 0.0041 0.0432
178 0.1152 0.3157 0.3206 0.0383 0.0261 0.1841
179 0.0433 0.2251 0.3950 0.0293 0.3030 0.0042
180 0.0448 0.2103 0.3206 0.0312 0.3867 0.0063
181 0.1493 0.3159 0.2404 0.0647 0.2258 0.0040
182 0.0346 0.3281 0.3547 0.0083 0.2720 0.0020
183 0.0861 0.3826 0.2800 0.0097 0.2394 0.0024
184 0.1825 0.1838 0.4807 0.0687 0.0754 0.0089
185 0.2460 0.1638 0.4668 0.0837 0.0341 0.0055
186 0.1310 0.0638 0.2485 0.4163 0.0336 0.1069
187 0.1370 0.2277 0.4895 0.1136 0.0238 0.0086
188 0.2988 0.1316 0.4084 0.1245 0.0327 0.0041
189 0.0984 0.1205 0.2891 0.3711 0.1007 0.0201
190 0.1647 0.2473 0.2434 0.2715 0.0640 0.0089
191 0.1487 0.2031 0.3511 0.0945 0.1969 0.0058
192 0.1271 0.2062 0.4102 0.1005 0.1462 0.0098
193 0.1686 0.2378 0.4656 0.0703 0.0522 0.0057
194 0.1058 0.0824 0.1947 0.3311 0.0584 0.2275
195 0.1210 0.1964 0.4290 0.2124 0.0321 0.0093
196 0.1298 0.2539 0.4124 0.1067 0.0927 0.0046
197 0.2103 0.2617 0.2203 0.1083 0.1885 0.0108
198 0.2020 0.2761 0.3179 0.1082 0.0743 0.0215
199 0.0609 0.0638 0.2125 0.5513 0.0186 0.0928
200 0.1298 0.1591 0.2971 0.3584 0.0442 0.0117
201 0.1508 0.3093 0.2908 0.1682 0.0475 0.0334
202 0.2120 0.3665 0.2153 0.1017 0.0817 0.0227
203 0.1958 0.1812 0.3716 0.0602 0.1869 0.0045
204 0.1462 0.1879 0.3794 0.1104 0.1606 0.0153
205 0.1682 0.2524 0.4229 0.0866 0.0586 0.0113
206 0.0569 0.2285 0.6211 0.0565 0.0237 0.0132
207 0.0479 0.3301 0.5884 0.0192 0.0113 0.0029
208 0.1892 0.2646 0.3821 0.0952 0.0605 0.0083
209 0.1544 0.2839 0.3821 0.0814 0.0900 0.0083
210 0.1746 0.2461 0.3994 0.1118 0.0562 0.0120
211 0.1354 0.0327 0.1464 0.4873 0.0400 0.1582
212 0.1228 0.2057 0.4353 0.2122 0.0123 0.0117
213 0.1750 0.1724 0.4758 0.1113 0.0615 0.0039
214 0.1533 0.0675 0.3916 0.3455 0.0235 0.0185
215 0.1486 0.1486 0.5649 0.1184 0.0114 0.0084
216 0.0952 0.1281 0.4199 0.3025 0.0153 0.0391
217 0.1047 0.2198 0.5884 0.0635 0.0138 0.0096
218 0.1410 0.1598 0.5405 0.1000 0.0440 0.0147
219 0.1472 0.2371 0.5176 0.0478 0.0463 0.0041
220 0.0727 0.2205 0.6582 0.0313 0.0115 0.0059
221 0.1361 0.2389 0.5303 0.0717 0.0180 0.0051
222 0.1401 0.1915 0.5811 0.0484 0.0296 0.0092
223 0.1749 0.1405 0.4067 0.2177 0.0396 0.0206
