time exciting_prob fearful_prob tense_prob sad_prob relaxing_prob neutral_prob
0 0.2036 0.1274 0.1274 0.4448 0.0158 0.0810
1 0.0488 0.0804 0.2256 0.4629 0.0095 0.1730
2 0.0424 0.1305 0.2438 0.3835 0.0130 0.1869
3 0.0449 0.1240 0.2505 0.4980 0.0142 0.0685
4 0.0554 0.0757 0.2369 0.5864 0.0072 0.0381
5 0.1005 0.0915 0.2954 0.3794 0.0157 0.1175
6 0.2417 0.1913 0.2271 0.3152 0.0136 0.0110
7 0.1119 0.0599 0.6440 0.1680 0.0086 0.0079
8 0.3591 0.0385 0.4006 0.1545 0.0432 0.0040
9 0.2223 0.0496 0.4707 0.2089 0.0452 0.0035
10 0.4062 0.0384 0.1642 0.3699 0.0204 0.0010
11 0.6167 0.0141 0.0809 0.2654 0.0214 0.0014
12 0.7939 0.0732 0.0721 0.0469 0.0128 0.0010
13 0.8408 0.0273 0.0390 0.0634 0.0240 0.0054
14 0.8311 0.0267 0.0447 0.0677 0.0240 0.0057
15 0.7744 0.0380 0.0602 0.0911 0.0271 0.0089
16 0.7681 0.0382 0.0592 0.0947 0.0300 0.0095
17 0.7529 0.0396 0.0711 0.0950 0.0328 0.0086
18 0.1970 0.0353 0.1970 0.4302 0.0132 0.1272
19 0.1527 0.0296 0.0732 0.5586 0.0075 0.1785
20 0.2937 0.0703 0.1302 0.3770 0.0101 0.1187
21 0.1779 0.0509 0.1301 0.4758 0.0083 0.1570
22 0.0292 0.0154 0.0386 0.8657 0.0325 0.0188
23 0.0457 0.0340 0.0686 0.7974 0.0391 0.0151
24 0.0381 0.0701 0.0820 0.6548 0.0943 0.0609
25 0.0399 0.0770 0.0563 0.7080 0.0833 0.0352
26 0.1007 0.0312 0.0748 0.5117 0.2416 0.0401
27 0.0715 0.0641 0.0565 0.2827 0.4377 0.0876
28 0.0677 0.0830 0.0721 0.3838 0.3335 0.0598
29 0.0908 0.0654 0.0801 0.4985 0.1670 0.0981
30 0.0901 0.0930 0.0730 0.3003 0.3857 0.0578
31 0.1090 0.0749 0.2418 0.1335 0.4180 0.0228
32 0.1144 0.0562 0.1539 0.1058 0.5542 0.0154
33 0.1234 0.1023 0.1782 0.0809 0.5034 0.0116
34 0.1053 0.1353 0.4719 0.2449 0.0038 0.0388
35 0.0253 0.2258 0.5859 0.1370 0.0017 0.0242
36 0.1282 0.0494 0.0686 0.6309 0.0854 0.0373
37 0.2847 0.1150 0.1571 0.3625 0.0578 0.0230
38 0.1038 0.1953 0.1251 0.5225 0.0410 0.0122
39 0.0592 0.3687 0.1973 0.1825 0.1714 0.0210
40 0.1002 0.4187 0.1774 0.1470 0.1277 0.0289
41 0.1088 0.1558 0.3916 0.1533 0.1608 0.0297
42 0.1120 0.2466 0.3586 0.1340 0.1310 0.0177
43 0.1357 0.0434 0.1945 0.0612 0.5454 0.0199
44 0.1553 0.1874 0.1788 0.3042 0.1248 0.0497
45 0.1669 0.0604 0.1669 0.0740 0.4902 0.0415
46 0.1605 0.0619 0.2448 0.4329 0.0490 0.0509
47 0.0454 0.0661 0.0798 0.1490 0.1315 0.5283
48 0.0390 0.0980 0.1298 0.1448 0.1565 0.4321
49 0.3723 0.1247 0.1678 0.2008 0.0891 0.0452
50 0.6074 0.1273 0.0766 0.1177 0.0382 0.0330
51 0.6240 0.1787 0.0892 0.0728 0.0220 0.0134
52 0.2080 0.0867 0.2712 0.2113 0.0967 0.1261
53 0.1213 0.0413 0.1821 0.0376 0.3401 0.2776
54 0.1250 0.0149 0.3293 0.4790 0.0154 0.0364
55 0.0309 0.0051 0.0191 0.0319 0.8628 0.0502
56 0.0381 0.0083 0.0078 0.0273 0.8960 0.0226
57 0.1296 0.1127 0.4670 0.2277 0.0067 0.0562
58 0.1006 0.0471 0.2064 0.3403 0.0364 0.2693
59 0.0475 0.0298 0.0714 0.0822 0.2164 0.5527
60 0.0828 0.0938 0.2321 0.0359 0.3376 0.2180
61 0.0538 0.0288 0.1439 0.6152 0.0563 0.1020
62 0.1825 0.0189 0.1741 0.0602 0.4177 0.1466
63 0.0419 0.0283 0.1416 0.0490 0.0311 0.7080
64 0.1050 0.0154 0.0898 0.0445 0.2366 0.5088
65 0.1242 0.0403 0.2549 0.1014 0.0719 0.4072
66 0.0553 0.1368 0.2087 0.3389 0.0926 0.1677
67 0.1229 0.1995 0.2124 0.1068 0.1393 0.2191
68 0.0773 0.2742 0.1378 0.2615 0.1216 0.1274
69 0.1071 0.0498 0.3198 0.0888 0.1195 0.3149
70 0.0465 0.0380 0.0667 0.2808 0.5083 0.0598
71 0.0223 0.0197 0.0817 0.0346 0.1991 0.6426
72 0.0187 0.0225 0.2346 0.0236 0.0427 0.6577
73 0.0846 0.1394 0.1581 0.4944 0.0114 0.1121
74 0.0991 0.0991 0.1159 0.4307 0.0385 0.2166
75 0.1058 0.1010 0.5127 0.0421 0.0313 0.2072
76 0.0738 0.0876 0.3926 0.1884 0.0303 0.2273
77 0.0319 0.0190 0.2886 0.0624 0.0334 0.5649
78 0.1793 0.2568 0.1851 0.2413 0.0564 0.0809
79 0.0696 0.0765 0.6304 0.0216 0.0153 0.1864
80 0.2145 0.0534 0.2079 0.1353 0.1984 0.1908
81 0.1710 0.0922 0.3535 0.1737 0.0526 0.1569
82 0.0456 0.0787 0.5728 0.0935 0.0048 0.2043
83 0.1477 0.0911 0.2986 0.3127 0.0401 0.1098
84 0.1351 0.0513 0.3506 0.0648 0.0192 0.3789
85 0.0223 0.0392 0.3716 0.0606 0.0142 0.4922
86 0.0950 0.1329 0.2389 0.2175 0.1309 0.1846
87 0.0640 0.0692 0.0815 0.2217 0.2512 0.3125
88 0.0800 0.0199 0.0787 0.2010 0.2388 0.3816
89 0.1050 0.0336 0.1328 0.0562 0.0678 0.6045
90 0.6074 0.0620 0.0565 0.1500 0.0676 0.0565
91 0.5498 0.0399 0.0389 0.0627 0.2402 0.0683
92 0.5405 0.0544 0.0611 0.1825 0.1016 0.0597
93 0.1279 0.0153 0.1497 0.0229 0.3821 0.3022
94 0.3379 0.0472 0.1014 0.1583 0.2981 0.0569
95 0.5562 0.0783 0.1139 0.0639 0.1473 0.0403
96 0.5610 0.0724 0.0397 0.0605 0.2179 0.0486
97 0.5132 0.0585 0.0520 0.0831 0.2620 0.0315
98 0.0438 0.3752 0.0812 0.4744 0.0215 0.0040
99 0.5864 0.0550 0.0879 0.1019 0.0787 0.0900
100 0.3757 0.0445 0.1173 0.1137 0.2279 0.1210
101 0.2042 0.0906 0.0764 0.4258 0.1667 0.0363
102 0.2949 0.0363 0.1155 0.2026 0.2903 0.0604
103 0.2129 0.0453 0.2450 0.4578 0.0311 0.0081
104 0.5073 0.1141 0.0616 0.1097 0.2051 0.0020
105 0.2527 0.2062 0.0789 0.3401 0.0880 0.0342
106 0.1527 0.1049 0.1757 0.2517 0.1600 0.1550
107 0.1346 0.0325 0.1065 0.0779 0.6426 0.0061
108 0.1411 0.0310 0.1116 0.1503 0.5581 0.0077
109 0.1376 0.0167 0.1659 0.0539 0.5884 0.0376
110 0.1365 0.0539 0.0317 0.1030 0.6719 0.0032
111 0.0661 0.0612 0.2168 0.6079 0.0232 0.0247
112 0.0511 0.0495 0.2325 0.5493 0.0720 0.0458
113 0.0454 0.1198 0.2418 0.3926 0.1854 0.0150
114 0.1259 0.0242 0.1860 0.0865 0.3699 0.2075
115 0.1277 0.0328 0.3313 0.1589 0.3313 0.0181
116 0.1757 0.0891 0.5005 0.1841 0.0351 0.0156
117 0.1652 0.1412 0.5767 0.0963 0.0160 0.0048
118 0.1317 0.0338 0.1298 0.0448 0.6484 0.0113
119 0.0635 0.0112 0.1081 0.0362 0.7617 0.0191
120 0.1287 0.1084 0.1482 0.0244 0.5010 0.0892
121 0.0671 0.0630 0.3982 0.4304 0.0105 0.0307
122 0.1007 0.1794 0.3406 0.3406 0.0340 0.0046
123 0.1476 0.0235 0.0703 0.0426 0.7041 0.0117
124 0.1061 0.0266 0.0853 0.0403 0.6602 0.0814
125 0.0802 0.0200 0.0510 0.0534 0.7729 0.0226
126 0.1914 0.0175 0.0407 0.0575 0.6782 0.0145
127 0.2798 0.1194 0.2932 0.2096 0.0895 0.0083
128 0.1742 0.0289 0.1974 0.0737 0.3518 0.1742
129 0.2311 0.0421 0.1492 0.1126 0.3469 0.1180
130 0.1467 0.0755 0.1769 0.1160 0.3574 0.1274
131 0.1343 0.1498 0.2756 0.3948 0.0162 0.0295
132 0.0735 0.0262 0.0807 0.0419 0.7661 0.0115
133 0.1506 0.0581 0.4360 0.1268 0.1965 0.0318
134 0.0456 0.0221 0.0177 0.0490 0.8408 0.0246
135 0.0816 0.0630 0.0588 0.0539 0.7388 0.0038
136 0.0497 0.0659 0.2336 0.2527 0.3618 0.0364
137 0.1056 0.0172 0.0476 0.0835 0.7329 0.0132
138 0.1990 0.1959 0.3491 0.1433 0.1016 0.0110
139 0.1243 0.0790 0.4207 0.1224 0.2472 0.0065
140 0.1116 0.1326 0.1074 0.1676 0.4485 0.0325
141 0.0551 0.0479 0.0246 0.0295 0.8350 0.0082
142 0.0947 0.0280 0.0932 0.1974 0.3865 0.2004
143 0.2493 0.0815 0.0499 0.0991 0.4995 0.0206
144 0.0716 0.2703 0.2275 0.2744 0.0673 0.0891
145 0.0240 0.0757 0.1138 0.2859 0.0712 0.4292
146 0.1086 0.1270 0.1052 0.3730 0.0339 0.2524
147 0.0259 0.0407 0.2065 0.2416 0.4045 0.0809
148 0.0635 0.0917 0.1956 0.3325 0.1595 0.1571
149 0.0619 0.0900 0.2908 0.5264 0.0098 0.0212
150 0.1567 0.0907 0.2505 0.2075 0.2352 0.0595
151 0.1238 0.1360 0.3813 0.2009 0.1200 0.0381
152 0.2394 0.0379 0.3884 0.2510 0.0209 0.0624
153 0.2935 0.1302 0.3076 0.1014 0.1365 0.0307
154 0.2214 0.0578 0.4404 0.2471 0.0188 0.0145
155 0.3704 0.0801 0.3704 0.0634 0.1013 0.0146
156 0.3821 0.0880 0.4194 0.0309 0.0764 0.0033
157 0.3425 0.1631 0.2886 0.1311 0.0577 0.0169
158 0.0690 0.0770 0.2502 0.4604 0.0594 0.0839
159 0.0431 0.1119 0.3162 0.4976 0.0010 0.0303
160 0.2561 0.0913 0.2903 0.3289 0.0043 0.0292
161 0.1970 0.0916 0.1794 0.4653 0.0152 0.0514
162 0.1191 0.0942 0.4287 0.3137 0.0366 0.0076
163 0.1965 0.0452 0.2371 0.4226 0.0482 0.0505
164 0.0425 0.0224 0.4429 0.4790 0.0014 0.0118
165 0.1801 0.0919 0.3362 0.3469 0.0193 0.0255
166 0.1211 0.1329 0.5776 0.1183 0.0367 0.0135
167 0.1927 0.0939 0.5576 0.1169 0.0216 0.0168
168 0.2340 0.0671 0.3101 0.3352 0.0168 0.0367
169 0.1881 0.0703 0.1925 0.1635 0.3770 0.0088
170 0.1019 0.1288 0.4287 0.3237 0.0127 0.0042
171 0.2100 0.1215 0.0398 0.2593 0.3687 0.0009
172 0.1562 0.0508 0.2421 0.0850 0.4521 0.0137
173 0.1172 0.0590 0.3904 0.0913 0.3237 0.0183
174 0.0584 0.0492 0.2139 0.0603 0.6089 0.0091
175 0.1055 0.0909 0.4954 0.2490 0.0197 0.0397
176 0.1710 0.0873 0.3003 0.1005 0.3003 0.0406
177 0.0726 0.0773 0.2786 0.0371 0.5122 0.0223
178 0.0816 0.0197 0.2397 0.6221 0.0197 0.0172
179 0.2869 0.0211 0.3379 0.1283 0.2216 0.0044
180 0.3040 0.0299 0.3040 0.0964 0.2620 0.0040
181 0.1741 0.1477 0.1661 0.3984 0.1016 0.0119
182 0.1312 0.1105 0.2491 0.4583 0.0436 0.0072
183 0.1970 0.0731 0.2632 0.3250 0.1272 0.0147
184 0.1285 0.0911 0.3083 0.4348 0.0261 0.0111
185 0.2717 0.0784 0.1824 0.4375 0.0178 0.0122
186 0.3999 0.1238 0.2925 0.1110 0.0459 0.0268
187 0.4717 0.1165 0.1604 0.2061 0.0328 0.0127
188 0.1514 0.0434 0.2896 0.3081 0.1549 0.0527
189 0.2041 0.2350 0.3113 0.1918 0.0493 0.0085
190 0.1886 0.0647 0.3416 0.2205 0.1827 0.0019
191 0.0711 0.0349 0.1816 0.2314 0.4712 0.0097
192 0.1515 0.0750 0.3159 0.3579 0.0884 0.0114
193 0.2189 0.0481 0.4856 0.1993 0.0411 0.0070
194 0.1935 0.0679 0.2389 0.3450 0.1483 0.0065
195 0.0787 0.0504 0.5342 0.1980 0.1210 0.0177
196 0.3950 0.1420 0.1233 0.2651 0.0719 0.0027
197 0.1956 0.1465 0.3486 0.1956 0.0606 0.0534
198 0.1182 0.0935 0.3877 0.1249 0.2644 0.0113
199 0.1840 0.0671 0.4080 0.2827 0.0293 0.0289
200 0.1083 0.0200 0.2087 0.0805 0.5586 0.0238
201 0.0882 0.0760 0.6670 0.1234 0.0385 0.0069
202 0.1106 0.1089 0.4375 0.2512 0.0447 0.0472
203 0.1774 0.2925 0.1859 0.0485 0.2925 0.0032
204 0.1406 0.1833 0.5649 0.0989 0.0067 0.0055
205 0.0221 0.3047 0.5430 0.1193 0.0077 0.0030
206 0.1464 0.1385 0.3855 0.1646 0.1486 0.0165
207 0.2368 0.0459 0.3784 0.1360 0.1948 0.0080
208 0.2469 0.0526 0.5107 0.1006 0.0808 0.0085
209 0.1265 0.2086 0.0863 0.1991 0.3777 0.0019
210 0.2046 0.0894 0.3794 0.2411 0.0654 0.0201
211 0.1953 0.1087 0.2450 0.3765 0.0490 0.0256
212 0.1794 0.2305 0.4304 0.1123 0.0362 0.0111
213 0.4138 0.0665 0.1646 0.2981 0.0070 0.0502
214 0.1526 0.0343 0.4927 0.1550 0.1550 0.0103
215 0.1661 0.1124 0.4307 0.1536 0.1355 0.0016
216 0.1749 0.1165 0.3218 0.2688 0.1078 0.0102
217 0.1980 0.1201 0.3264 0.1775 0.1530 0.0250
218 0.0884 0.0544 0.6040 0.2292 0.0076 0.0163
219 0.0735 0.0820 0.2112 0.3025 0.3271 0.0037
220 0.2532 0.1205 0.3030 0.0475 0.2715 0.0043
221 0.0882 0.0417 0.0565 0.1942 0.6172 0.0023
222 0.1290 0.1037 0.4038 0.1439 0.2062 0.0134
223 0.2157 0.3162 0.2542 0.1278 0.0858 0.0004
224 0.1630 0.1394 0.1003 0.5059 0.0859 0.0058
225 0.1793 0.0765 0.2712 0.2693 0.1698 0.0337
226 0.4075 0.2957 0.1177 0.1122 0.0605 0.0063
227 0.0697 0.0552 0.4172 0.3982 0.0114 0.0483
228 0.0569 0.0587 0.3174 0.5396 0.0071 0.0203
229 0.4055 0.0912 0.2104 0.1588 0.0274 0.1066
230 0.2549 0.0295 0.4268 0.2375 0.0453 0.0060
231 0.3193 0.1331 0.2998 0.1736 0.0334 0.0409
232 0.1295 0.0484 0.4382 0.1827 0.1945 0.0067
233 0.3008 0.2235 0.1648 0.2554 0.0267 0.0289
234 0.1638 0.2040 0.3259 0.2240 0.0328 0.0496
235 0.0380 0.0986 0.4084 0.4417 0.0071 0.0063
236 0.3147 0.0556 0.2180 0.2866 0.1176 0.0073
237 0.1503 0.1400 0.3777 0.2988 0.0259 0.0072
238 0.2522 0.0572 0.2369 0.2708 0.1654 0.0174
239 0.0975 0.2197 0.1558 0.0960 0.4236 0.0075
240 0.0833 0.1461 0.4644 0.2998 0.0020 0.0045
241 0.1827 0.1337 0.5083 0.1316 0.0365 0.0071
242 0.1532 0.0853 0.5024 0.1777 0.0770 0.0047
243 0.1284 0.4019 0.2964 0.1411 0.0056 0.0265
244 0.3262 0.0466 0.1830 0.3364 0.0585 0.0493
245 0.7666 0.0192 0.0422 0.1251 0.0419 0.0050
246 0.2489 0.1510 0.3247 0.0881 0.0479 0.1396
247 0.1442 0.3857 0.3403 0.0406 0.0815 0.0075
248 0.1245 0.4448 0.0779 0.0146 0.3359 0.0022
249 0.3284 0.1677 0.0244 0.0120 0.4631 0.0046
250 0.2773 0.2817 0.0723 0.0372 0.3167 0.0149
251 0.2991 0.2854 0.1127 0.0323 0.2620 0.0085
252 0.3252 0.2803 0.0896 0.0398 0.2573 0.0079
253 0.1582 0.0887 0.0747 0.3247 0.0582 0.2957
254 0.1136 0.1553 0.1349 0.1288 0.0181 0.4492
255 0.8188 0.0368 0.0404 0.0584 0.0267 0.0188
256 0.8115 0.0359 0.0414 0.0611 0.0271 0.0228
257 0.7817 0.0488 0.0492 0.0667 0.0259 0.0274
