time exciting_prob fearful_prob tense_prob sad_prob relaxing_prob neutral_prob
0 0.1136 0.1553 0.1349 0.1288 0.0181 0.4492
1 0.1136 0.1553 0.1349 0.1288 0.0181 0.4492
2 0.0454 0.2742 0.2069 0.4448 0.0035 0.0253
3 0.0343 0.1609 0.1465 0.5889 0.0035 0.0660
4 0.1050 0.2639 0.1901 0.4087 0.0042 0.0282
5 0.0380 0.3894 0.0954 0.4016 0.0013 0.0743
6 0.1567 0.2076 0.3267 0.2354 0.0127 0.0609
7 0.0401 0.1218 0.0739 0.6895 0.0052 0.0693
8 0.2115 0.1015 0.5752 0.0645 0.0143 0.0332
9 0.2435 0.1080 0.4695 0.1366 0.0226 0.0198
10 0.2130 0.0494 0.3567 0.2303 0.0543 0.0960
11 0.1638 0.0857 0.4668 0.1348 0.0335 0.1153
12 0.2678 0.2720 0.2595 0.1478 0.0362 0.0168
13 0.0352 0.4290 0.1003 0.3967 0.0014 0.0375
14 0.0864 0.1093 0.6001 0.0995 0.0262 0.0787
15 0.1102 0.2125 0.4570 0.1630 0.0318 0.0256
16 0.0522 0.0902 0.4172 0.2032 0.0660 0.1711
17 0.0270 0.5684 0.0831 0.1816 0.0030 0.1371
18 0.0559 0.0559 0.4260 0.4004 0.0154 0.0463
19 0.1221 0.1044 0.4827 0.2625 0.0086 0.0198
20 0.1483 0.2227 0.2158 0.2949 0.0025 0.1155
21 0.1659 0.2910 0.3247 0.1252 0.0029 0.0902
22 0.1969 0.2231 0.3679 0.1418 0.0037 0.0665
23 0.0380 0.1652 0.2404 0.5010 0.0137 0.0418
24 0.0264 0.0634 0.2979 0.5742 0.0073 0.0309
25 0.0639 0.0807 0.1937 0.6157 0.0027 0.0432
26 0.0956 0.1759 0.2856 0.3289 0.0122 0.1019
27 0.0911 0.3601 0.3179 0.1840 0.0116 0.0354
28 0.0531 0.0743 0.5039 0.0410 0.0401 0.2874
29 0.4165 0.1139 0.1045 0.2646 0.0482 0.0521
30 0.3218 0.0801 0.1240 0.2930 0.0292 0.1520
31 0.0641 0.1869 0.6172 0.0969 0.0106 0.0241
32 0.1113 0.1343 0.3074 0.1620 0.0569 0.2284
33 0.1247 0.1436 0.1993 0.2642 0.0562 0.2122
34 0.0956 0.0757 0.1993 0.4221 0.0545 0.1528
35 0.0437 0.2435 0.3713 0.2717 0.0102 0.0597
36 0.0773 0.0869 0.2417 0.1942 0.0227 0.3772
37 0.0496 0.0374 0.1625 0.2087 0.0253 0.5166
38 0.2335 0.3398 0.2335 0.0605 0.0989 0.0339
39 0.0859 0.1763 0.6973 0.0240 0.0018 0.0149
40 0.1139 0.1632 0.2266 0.3735 0.0284 0.0944
41 0.0512 0.5088 0.1277 0.1370 0.0864 0.0891
42 0.0585 0.6045 0.0858 0.0637 0.1110 0.0763
43 0.0855 0.0253 0.1868 0.6831 0.0122 0.0073
44 0.0149 0.6602 0.2883 0.0295 0.0037 0.0034
45 0.0587 0.3826 0.2671 0.2356 0.0102 0.0461
46 0.2465 0.0906 0.3215 0.2075 0.0328 0.1011
47 0.0424 0.5811 0.2499 0.0994 0.0081 0.0193
48 0.0702 0.4370 0.2267 0.1292 0.0300 0.1071
49 0.0923 0.4302 0.1365 0.1418 0.0197 0.1793
50 0.0967 0.3535 0.2566 0.1417 0.0577 0.0937
51 0.0634 0.3650 0.3171 0.1343 0.0204 0.0998
52 0.0548 0.4377 0.3464 0.0925 0.0136 0.0548
53 0.0462 0.3110 0.2275 0.2240 0.0396 0.1516
54 0.0545 0.4707 0.2991 0.0793 0.0259 0.0705
55 0.1182 0.0787 0.2277 0.5547 0.0129 0.0077
56 0.0198 0.5796 0.2234 0.1293 0.0273 0.0206
57 0.1337 0.0338 0.5044 0.2830 0.0034 0.0414
58 0.0529 0.4290 0.3088 0.1350 0.0306 0.0438
59 0.0422 0.2671 0.4402 0.1570 0.0159 0.0777
60 0.0712 0.5518 0.0908 0.0559 0.0367 0.1937
61 0.0909 0.3828 0.1282 0.2981 0.0450 0.0551
62 0.0712 0.6055 0.1790 0.0988 0.0321 0.0134
63 0.0520 0.7178 0.1247 0.0500 0.0402 0.0156
64 0.0620 0.2197 0.1738 0.3052 0.0834 0.1559
65 0.0440 0.5933 0.1387 0.1205 0.0253 0.0784
66 0.0609 0.5264 0.0914 0.0701 0.0486 0.2029
67 0.0676 0.4993 0.3030 0.0881 0.0067 0.0353
68 0.0404 0.4146 0.4211 0.0693 0.0149 0.0398
69 0.0812 0.0452 0.6191 0.2174 0.0040 0.0328
70 0.1470 0.1425 0.4458 0.1802 0.0082 0.0763
71 0.0995 0.1980 0.3315 0.1448 0.0054 0.2208
72 0.0606 0.5278 0.0809 0.0984 0.0348 0.1973
73 0.0251 0.3750 0.1256 0.2786 0.0343 0.1613
74 0.1339 0.0663 0.3757 0.3816 0.0161 0.0264
75 0.0573 0.1738 0.3621 0.3977 0.0039 0.0051
76 0.2046 0.3145 0.3193 0.0555 0.0765 0.0295
77 0.2087 0.3811 0.2170 0.0500 0.0716 0.0716
78 0.2336 0.2588 0.2095 0.0922 0.0490 0.1569
79 0.0580 0.7637 0.1256 0.0289 0.0196 0.0043
80 0.0232 0.3389 0.0912 0.2991 0.0688 0.1786
81 0.0218 0.5757 0.1503 0.0715 0.0395 0.1411
82 0.0282 0.8062 0.0444 0.0566 0.0421 0.0225
83 0.0525 0.5303 0.1028 0.1028 0.0449 0.1669
84 0.0762 0.0455 0.4741 0.3159 0.0132 0.0750
85 0.0795 0.1021 0.7197 0.0429 0.0046 0.0513
86 0.0771 0.1498 0.7261 0.0258 0.0045 0.0169
87 0.0865 0.3315 0.1542 0.0576 0.0485 0.3215
88 0.0715 0.6416 0.0491 0.0430 0.0362 0.1584
89 0.0553 0.7285 0.0632 0.0405 0.0305 0.0818
90 0.1027 0.4751 0.1192 0.0806 0.0435 0.1790
91 0.3704 0.2754 0.2930 0.0206 0.0028 0.0378
92 0.0582 0.3171 0.0736 0.0714 0.0110 0.4688
93 0.0765 0.0676 0.3708 0.3540 0.0050 0.1262
94 0.1967 0.1086 0.2335 0.2159 0.0079 0.2372
95 0.2419 0.0327 0.1378 0.4519 0.0641 0.0715
96 0.2129 0.3096 0.0498 0.1087 0.0258 0.2932
97 0.1582 0.4102 0.0659 0.0997 0.0394 0.2266
98 0.1216 0.5894 0.0574 0.1057 0.0579 0.0682
99 0.1519 0.0505 0.1279 0.6396 0.0127 0.0176
100 0.1967 0.0638 0.2159 0.4717 0.0242 0.0275
101 0.1030 0.5610 0.1333 0.0547 0.0235 0.1243
102 0.0287 0.7280 0.1649 0.0424 0.0044 0.0317
103 0.0150 0.0122 0.2006 0.0715 0.0008 0.7002
104 0.0611 0.1315 0.6992 0.0611 0.0015 0.0454
105 0.1387 0.1866 0.6416 0.0136 0.0057 0.0138
106 0.0548 0.1489 0.4114 0.1974 0.0106 0.1769
107 0.0943 0.1329 0.3560 0.2125 0.0139 0.1904
108 0.1364 0.1835 0.1570 0.2430 0.0089 0.2712
109 0.1505 0.2349 0.0477 0.1127 0.0421 0.4121
110 0.1230 0.3818 0.2316 0.0537 0.0116 0.1981
111 0.2212 0.2605 0.1166 0.0600 0.0577 0.2839
112 0.0920 0.1182 0.4189 0.2791 0.0202 0.0717
113 0.0763 0.1163 0.3528 0.3755 0.0199 0.0594
114 0.0235 0.6123 0.1548 0.0510 0.0050 0.1536
115 0.0291 0.7876 0.1412 0.0149 0.0100 0.0170
116 0.1304 0.0953 0.2323 0.4272 0.0117 0.1031
117 0.2394 0.1711 0.1865 0.1046 0.1105 0.1879
118 0.1229 0.0369 0.1371 0.3140 0.0279 0.3613
119 0.1377 0.1234 0.0772 0.3684 0.0195 0.2737
120 0.0637 0.1505 0.4563 0.2443 0.0073 0.0781
121 0.0967 0.1241 0.2079 0.4399 0.0111 0.1203
122 0.0977 0.1041 0.3010 0.3154 0.0230 0.1587
123 0.1221 0.1749 0.3120 0.2754 0.0256 0.0901
124 0.1238 0.1830 0.4189 0.1732 0.0191 0.0818
125 0.2695 0.1294 0.4309 0.1215 0.0340 0.0146
126 0.2020 0.1929 0.3203 0.2615 0.0105 0.0127
127 0.0947 0.0798 0.2827 0.4590 0.0123 0.0715
128 0.0412 0.0347 0.7529 0.0590 0.0088 0.1035
129 0.0135 0.1631 0.7310 0.0712 0.0026 0.0187
130 0.0782 0.1310 0.2646 0.4500 0.0364 0.0399
131 0.2529 0.0692 0.4041 0.2163 0.0142 0.0433
132 0.1654 0.1119 0.0914 0.5425 0.0094 0.0794
133 0.0805 0.3364 0.3962 0.1153 0.0043 0.0673
134 0.0941 0.3662 0.1527 0.2222 0.0383 0.1266
135 0.1044 0.5474 0.1655 0.1086 0.0372 0.0370
136 0.1682 0.2505 0.3118 0.1300 0.0814 0.0581
137 0.2040 0.2725 0.1516 0.2008 0.1083 0.0627
138 0.1722 0.2229 0.1036 0.2729 0.1643 0.0638
139 0.4917 0.1672 0.1465 0.0868 0.0382 0.0697
140 0.2351 0.1288 0.4324 0.0318 0.0481 0.1238
141 0.0691 0.0629 0.5024 0.1462 0.0223 0.1968
142 0.0656 0.0503 0.3953 0.1168 0.0178 0.3542
143 0.1367 0.1989 0.2020 0.1598 0.1782 0.1245
144 0.0875 0.3567 0.3513 0.0239 0.1140 0.0665
145 0.2046 0.3535 0.2161 0.0490 0.0538 0.1231
146 0.1129 0.1094 0.5732 0.0980 0.0160 0.0907
147 0.2280 0.2974 0.2280 0.1735 0.0114 0.0619
148 0.0318 0.1154 0.5293 0.0699 0.0151 0.2385
149 0.0521 0.4033 0.4360 0.0674 0.0082 0.0331
150 0.1556 0.3000 0.2247 0.2839 0.0293 0.0064
151 0.0982 0.3618 0.1683 0.1462 0.0126 0.2128
152 0.0487 0.2379 0.0961 0.2961 0.0060 0.3152
153 0.3354 0.1376 0.4172 0.0861 0.0093 0.0143
154 0.1635 0.1687 0.1115 0.2067 0.0245 0.3252
155 0.1917 0.1528 0.1436 0.0811 0.1050 0.3259
156 0.0147 0.4275 0.5317 0.0210 0.0015 0.0035
157 0.0234 0.6177 0.2659 0.0762 0.0017 0.0151
158 0.1561 0.1274 0.0933 0.1514 0.1198 0.3521
159 0.0438 0.0459 0.1100 0.6431 0.1135 0.0434
160 0.0538 0.0370 0.2212 0.6201 0.0171 0.0509
161 0.1434 0.0727 0.3606 0.2598 0.0225 0.1412
162 0.1298 0.3845 0.2174 0.1288 0.0166 0.1229
163 0.1735 0.2771 0.3291 0.0706 0.0375 0.1120
164 0.0931 0.4077 0.3655 0.0561 0.0249 0.0526
165 0.1859 0.1415 0.1482 0.5132 0.0042 0.0070
166 0.0864 0.0824 0.3635 0.1976 0.0040 0.2661
167 0.0424 0.6582 0.0657 0.1171 0.0150 0.1017
168 0.0824 0.4595 0.0891 0.1515 0.0762 0.1412
169 0.0274 0.4712 0.2949 0.1268 0.0260 0.0537
170 0.0854 0.5654 0.0703 0.0560 0.0719 0.1510
171 0.0340 0.7554 0.0630 0.0815 0.0362 0.0300
172 0.0611 0.1334 0.5703 0.1635 0.0065 0.0650
173 0.0378 0.0456 0.6294 0.2076 0.0076 0.0718
174 0.0471 0.6006 0.1543 0.1155 0.0235 0.0590
175 0.0324 0.5571 0.1547 0.1097 0.0510 0.0953
176 0.1047 0.4441 0.1523 0.0596 0.0569 0.1823
177 0.1113 0.0765 0.3374 0.3535 0.0230 0.0982
178 0.1066 0.0627 0.2365 0.5166 0.0090 0.0688
179 0.0141 0.7842 0.0859 0.0378 0.0250 0.0529
180 0.0277 0.4946 0.2954 0.0771 0.0108 0.0944
181 0.0994 0.2617 0.2103 0.1379 0.1161 0.1744
182 0.1498 0.5479 0.1633 0.0314 0.0686 0.0388
183 0.0707 0.4722 0.1396 0.1087 0.0429 0.1658
184 0.1897 0.3489 0.4275 0.0089 0.0223 0.0025
185 0.0873 0.8154 0.0859 0.0066 0.0042 0.0006
186 0.0737 0.5488 0.0875 0.1726 0.0611 0.0565
187 0.2184 0.0743 0.2051 0.2761 0.0535 0.1727
188 0.1094 0.5557 0.1592 0.0270 0.0166 0.1320
189 0.0696 0.8213 0.0537 0.0309 0.0093 0.0153
190 0.0513 0.5869 0.2861 0.0501 0.0189 0.0066
191 0.1346 0.0374 0.3230 0.4280 0.0151 0.0617
192 0.1008 0.1198 0.2457 0.2656 0.0105 0.2576
193 0.1632 0.1005 0.3977 0.1311 0.0108 0.1968
194 0.0980 0.3420 0.1831 0.1693 0.0558 0.1517
195 0.0872 0.3477 0.2881 0.2012 0.0040 0.0717
196 0.0435 0.1818 0.4500 0.2686 0.0098 0.0463
197 0.0999 0.1243 0.1726 0.5571 0.0097 0.0362
198 0.1005 0.4834 0.0509 0.1475 0.0163 0.2015
199 0.0691 0.4473 0.1054 0.1924 0.0814 0.1046
200 0.0259 0.5327 0.1899 0.1625 0.0097 0.0792
201 0.1775 0.0529 0.1259 0.3938 0.1299 0.1201
202 0.1514 0.2236 0.1715 0.1335 0.0191 0.3010
203 0.0995 0.2661 0.0603 0.1858 0.0244 0.3638
204 0.0380 0.7690 0.1134 0.0143 0.0503 0.0149
205 0.0391 0.6616 0.1971 0.0243 0.0630 0.0150
206 0.1300 0.1833 0.2710 0.3022 0.0266 0.0866
207 0.1476 0.0889 0.3599 0.1925 0.0216 0.1896
208 0.1617 0.1279 0.4465 0.1804 0.0142 0.0690
209 0.0560 0.6821 0.1302 0.0708 0.0072 0.0534
210 0.0476 0.3574 0.1016 0.0836 0.0175 0.3923
211 0.0323 0.0955 0.3232 0.1152 0.0055 0.4282
212 0.0315 0.0767 0.3032 0.3276 0.0286 0.2324
213 0.0756 0.0688 0.1757 0.4556 0.0125 0.2119
214 0.1960 0.0756 0.4556 0.1575 0.0087 0.1066
215 0.1106 0.3459 0.2915 0.2234 0.0128 0.0157
216 0.0454 0.4924 0.1367 0.1526 0.0105 0.1624
217 0.0996 0.5386 0.0958 0.1094 0.0813 0.0752
218 0.0345 0.2654 0.5620 0.0829 0.0182 0.0368
219 0.0720 0.3105 0.1367 0.2201 0.0440 0.2167
220 0.0905 0.2639 0.1042 0.2404 0.0532 0.2479
221 0.1036 0.0973 0.3142 0.2605 0.0121 0.2125
222 0.2454 0.1536 0.2034 0.1971 0.0587 0.1420
223 0.0148 0.2769 0.1460 0.1628 0.0028 0.3967
224 0.0076 0.7446 0.1197 0.0433 0.0062 0.0785
225 0.0328 0.0751 0.1772 0.5459 0.0100 0.1589
226 0.0950 0.4749 0.1666 0.2314 0.0112 0.0210
227 0.0106 0.6826 0.1956 0.0841 0.0200 0.0074
228 0.0779 0.0553 0.2400 0.3438 0.0430 0.2400
229 0.0533 0.5591 0.3137 0.0301 0.0266 0.0170
230 0.1716 0.2054 0.4087 0.1357 0.0215 0.0570
231 0.0792 0.0424 0.2595 0.2438 0.0203 0.3547
232 0.1952 0.0595 0.2710 0.3218 0.0222 0.1300
233 0.0402 0.0478 0.2881 0.2971 0.0107 0.3162
234 0.1566 0.0717 0.1448 0.4602 0.0369 0.1298
235 0.0967 0.1924 0.3171 0.3540 0.0188 0.0209
236 0.0242 0.3452 0.2299 0.2773 0.0334 0.0900
237 0.0368 0.2876 0.4968 0.1401 0.0272 0.0117
238 0.0275 0.7544 0.1582 0.0184 0.0281 0.0133
239 0.2004 0.0557 0.1254 0.4243 0.0146 0.1797
240 0.0650 0.1141 0.4729 0.2148 0.0491 0.0841
241 0.1111 0.0422 0.2141 0.1404 0.0097 0.4824
242 0.1083 0.0856 0.2257 0.3132 0.0269 0.2402
243 0.0168 0.1923 0.2546 0.1807 0.0286 0.3271
244 0.0646 0.1575 0.3606 0.3838 0.0191 0.0145
245 0.0291 0.5361 0.2455 0.1072 0.0395 0.0423
246 0.0456 0.6704 0.1982 0.0422 0.0237 0.0198
247 0.0316 0.6489 0.1802 0.0899 0.0372 0.0124
248 0.0807 0.1250 0.1656 0.5781 0.0141 0.0364
249 0.0257 0.2656 0.1611 0.2534 0.0245 0.2698
250 0.0581 0.3613 0.1137 0.3503 0.0418 0.0746
251 0.0187 0.5869 0.2126 0.1036 0.0497 0.0281
252 0.1735 0.0145 0.1461 0.6348 0.0107 0.0207
253 0.0902 0.1038 0.6162 0.1272 0.0141 0.0483
254 0.1235 0.0602 0.7334 0.0565 0.0035 0.0227
255 0.0637 0.6187 0.1033 0.0762 0.0325 0.1058
256 0.0495 0.5889 0.1234 0.0855 0.0171 0.1356
257 0.1170 0.0732 0.5410 0.1960 0.0119 0.0607
258 0.1604 0.1085 0.4292 0.1875 0.0074 0.1069
259 0.0892 0.1110 0.3997 0.2106 0.0536 0.1360
260 0.2150 0.2781 0.1512 0.2343 0.0803 0.0410
261 0.0441 0.2103 0.6182 0.1025 0.0041 0.0210
262 0.0140 0.0608 0.1002 0.7881 0.0058 0.0310
263 0.0366 0.2561 0.3137 0.3726 0.0149 0.0063
264 0.0179 0.0969 0.1648 0.6831 0.0075 0.0296
265 0.0294 0.5898 0.3467 0.0308 0.0024 0.0012
266 0.1781 0.0895 0.1499 0.4011 0.0510 0.1302
267 0.3254 0.2986 0.1378 0.0671 0.1573 0.0137
268 0.1656 0.1086 0.1417 0.3398 0.1581 0.0859
269 0.1354 0.4763 0.0960 0.1354 0.0645 0.0923
270 0.0406 0.1278 0.6392 0.1642 0.0042 0.0240
271 0.0706 0.1437 0.6338 0.1392 0.0031 0.0098
272 0.2098 0.0835 0.1398 0.3406 0.0601 0.1660
273 0.0845 0.0600 0.2372 0.5264 0.0152 0.0770
274 0.0213 0.8232 0.1262 0.0223 0.0058 0.0011
275 0.1514 0.0612 0.1826 0.3630 0.0038 0.2382
276 0.0677 0.0817 0.2291 0.3386 0.0066 0.2764
277 0.3772 0.1398 0.1477 0.2360 0.0098 0.0896
278 0.0695 0.0851 0.2042 0.4822 0.0048 0.1542
279 0.0343 0.1023 0.1635 0.5278 0.0186 0.1536
280 0.0314 0.0720 0.2847 0.2717 0.0074 0.3328
281 0.0652 0.7881 0.0934 0.0369 0.0035 0.0129
282 0.0635 0.0391 0.1410 0.3276 0.0335 0.3953
283 0.0394 0.0901 0.2095 0.1764 0.0125 0.4722
284 0.1189 0.1161 0.0963 0.3132 0.2402 0.1152
285 0.0987 0.0745 0.4858 0.1815 0.0137 0.1459
286 0.0360 0.0727 0.2008 0.5991 0.0218 0.0694
287 0.1178 0.1714 0.2494 0.2307 0.1315 0.0992
288 0.1467 0.2617 0.2203 0.1798 0.0448 0.1467
289 0.0306 0.1472 0.3877 0.2708 0.0095 0.1543
290 0.0278 0.1466 0.4243 0.2698 0.0118 0.1197
291 0.0629 0.0681 0.3298 0.2778 0.0085 0.2529
292 0.1482 0.0316 0.2642 0.4028 0.0283 0.1248
293 0.0473 0.0466 0.4707 0.1962 0.0098 0.2294
294 0.0101 0.5708 0.2068 0.1942 0.0137 0.0043
295 0.0119 0.6343 0.1964 0.1460 0.0066 0.0049
296 0.1548 0.2891 0.1896 0.3125 0.0255 0.0286
297 0.0483 0.4956 0.1584 0.2341 0.0208 0.0426
298 0.0278 0.7446 0.1466 0.0371 0.0259 0.0178
299 0.0443 0.7383 0.1115 0.0166 0.0362 0.0535
300 0.0246 0.4856 0.3337 0.0562 0.0434 0.0566
301 0.0608 0.2581 0.3872 0.1505 0.0207 0.1228
302 0.0280 0.3860 0.2268 0.2378 0.0110 0.1105
303 0.0231 0.5347 0.2264 0.1709 0.0171 0.0277
304 0.0107 0.7642 0.0733 0.1118 0.0022 0.0378
305 0.0420 0.2739 0.3008 0.3408 0.0051 0.0371
306 0.0377 0.6782 0.1797 0.0962 0.0022 0.0058
307 0.1136 0.1553 0.1349 0.1288 0.0181 0.4492
