time exciting_prob fearful_prob tense_prob sad_prob relaxing_prob neutral_prob
0 0.1136 0.1553 0.1349 0.1288 0.0181 0.4492
1 0.2385 0.2330 0.0642 0.1218 0.3286 0.0139
2 0.7388 0.0251 0.0060 0.0552 0.1675 0.0075
3 0.2147 0.2800 0.1647 0.0277 0.3076 0.0051
4 0.8901 0.0044 0.0029 0.0221 0.0778 0.0027
5 0.1511 0.1726 0.4475 0.0130 0.2002 0.0156
6 0.1738 0.0284 0.0108 0.7432 0.0334 0.0104
7 0.1129 0.2729 0.3396 0.0493 0.2012 0.0240
8 0.4214 0.2383 0.0727 0.0710 0.1798 0.0167
9 0.0828 0.0483 0.0367 0.0192 0.8047 0.0083
10 0.0709 0.0720 0.0117 0.0129 0.8306 0.0022
11 0.1078 0.0446 0.0502 0.0089 0.7847 0.0037
12 0.0621 0.0434 0.0933 0.0167 0.7451 0.0395
13 0.2837 0.2544 0.1720 0.0321 0.2563 0.0017
14 0.0607 0.0444 0.3384 0.1599 0.1245 0.2720
15 0.3918 0.1547 0.0433 0.0297 0.3223 0.0582
16 0.2937 0.0903 0.0345 0.0302 0.5234 0.0275
17 0.3362 0.1691 0.3159 0.0363 0.1379 0.0048
18 0.0501 0.1683 0.0264 0.0216 0.7314 0.0022
19 0.0421 0.0562 0.0218 0.0051 0.8721 0.0030
20 0.0381 0.4397 0.1508 0.0141 0.3533 0.0042
21 0.0822 0.5234 0.0984 0.0230 0.2695 0.0033
22 0.1531 0.4128 0.1965 0.0174 0.2142 0.0058
23 0.0872 0.0880 0.0685 0.0195 0.7305 0.0064
24 0.1653 0.1482 0.1887 0.0149 0.4600 0.0231
25 0.2751 0.3452 0.1230 0.0224 0.2263 0.0079
26 0.0437 0.0276 0.0247 0.0168 0.8843 0.0030
27 0.3364 0.3442 0.1338 0.0119 0.1678 0.0058
28 0.0976 0.0447 0.0065 0.0049 0.8428 0.0033
29 0.1198 0.1730 0.1357 0.0184 0.5454 0.0079
30 0.2140 0.0369 0.0320 0.0358 0.6338 0.0474
31 0.0608 0.0545 0.0831 0.0381 0.7524 0.0111
32 0.0519 0.0417 0.0856 0.0269 0.7812 0.0127
33 0.2246 0.4036 0.1907 0.0493 0.1270 0.0048
34 0.2896 0.0726 0.1389 0.0557 0.4346 0.0087
35 0.0757 0.0452 0.2644 0.0474 0.5425 0.0250
36 0.0089 0.0034 0.0286 0.0173 0.9331 0.0089
37 0.0518 0.0835 0.1283 0.0031 0.7271 0.0064
38 0.4871 0.1658 0.1251 0.0724 0.1440 0.0055
39 0.2771 0.1011 0.2369 0.0328 0.3396 0.0125
40 0.2832 0.1162 0.0580 0.0244 0.4856 0.0328
41 0.3391 0.1027 0.1042 0.1328 0.3113 0.0098
42 0.1299 0.0663 0.4126 0.2705 0.0878 0.0328
43 0.1764 0.4133 0.2527 0.0102 0.1473 0.0002
44 0.0375 0.0678 0.0594 0.0122 0.8198 0.0031
45 0.1761 0.3020 0.1383 0.0943 0.2837 0.0054
46 0.1511 0.2981 0.0778 0.0083 0.4619 0.0028
47 0.0913 0.1371 0.5215 0.1859 0.0466 0.0178
48 0.2917 0.2118 0.3896 0.0338 0.0651 0.0080
49 0.1678 0.0627 0.0336 0.0466 0.6636 0.0255
50 0.2808 0.1246 0.3550 0.0824 0.1504 0.0068
51 0.0714 0.2452 0.4338 0.0815 0.1409 0.0271
52 0.2134 0.2986 0.2534 0.0388 0.1913 0.0045
53 0.1076 0.4028 0.2903 0.0172 0.1816 0.0006
54 0.1262 0.3376 0.4075 0.0087 0.1195 0.0005
55 0.3369 0.0776 0.1708 0.1790 0.2209 0.0150
56 0.1182 0.0384 0.0739 0.0212 0.7354 0.0132
57 0.1086 0.1682 0.0555 0.0207 0.6348 0.0120
58 0.0794 0.1060 0.1019 0.0027 0.7075 0.0024
59 0.3030 0.4375 0.1896 0.0388 0.0286 0.0025
60 0.1726 0.0953 0.3799 0.0556 0.2913 0.0053
61 0.1818 0.3477 0.3760 0.0264 0.0653 0.0028
62 0.3423 0.2563 0.2585 0.0137 0.1183 0.0107
63 0.2411 0.3508 0.3047 0.0619 0.0288 0.0127
64 0.3374 0.3481 0.2196 0.0538 0.0321 0.0087
65 0.2294 0.2139 0.0781 0.0408 0.4287 0.0092
66 0.1152 0.0203 0.3777 0.0261 0.4556 0.0054
67 0.1553 0.0562 0.2642 0.0396 0.4783 0.0066
68 0.1979 0.2878 0.2642 0.0240 0.2242 0.0019
69 0.2068 0.1989 0.1274 0.0232 0.4412 0.0026
70 0.0226 0.0245 0.0351 0.0024 0.9116 0.0036
71 0.0197 0.0251 0.0305 0.0020 0.9199 0.0029
72 0.4937 0.1404 0.1102 0.0331 0.2174 0.0054
73 0.3391 0.1481 0.1034 0.0136 0.3933 0.0025
74 0.1632 0.0718 0.2776 0.1157 0.3003 0.0713
75 0.2377 0.0909 0.2866 0.0223 0.3379 0.0245
76 0.1768 0.1548 0.0848 0.0141 0.5620 0.0075
77 0.1334 0.1912 0.5195 0.1124 0.0241 0.0191
78 0.1279 0.3093 0.3970 0.0177 0.1416 0.0066
79 0.1649 0.0849 0.5986 0.0317 0.0911 0.0287
80 0.0985 0.0570 0.3662 0.1813 0.2363 0.0607
81 0.0902 0.0583 0.4802 0.0583 0.2693 0.0436
82 0.0378 0.0964 0.7822 0.0255 0.0383 0.0200
83 0.1268 0.0706 0.2157 0.0369 0.5093 0.0405
84 0.1788 0.3845 0.1191 0.0070 0.3091 0.0013
85 0.3533 0.1776 0.1967 0.0087 0.2505 0.0131
86 0.0462 0.0491 0.2308 0.0531 0.5894 0.0312
87 0.1697 0.3594 0.4072 0.0052 0.0551 0.0035
88 0.0865 0.1566 0.1519 0.0285 0.5728 0.0035
89 0.0523 0.0552 0.0849 0.0109 0.7930 0.0038
90 0.0962 0.0687 0.6367 0.0962 0.0755 0.0265
91 0.0680 0.0112 0.0350 0.0039 0.8813 0.0004
92 0.1832 0.0387 0.0628 0.0069 0.7075 0.0006
93 0.0653 0.7134 0.2045 0.0099 0.0057 0.0011
94 0.1534 0.0262 0.0309 0.0117 0.7671 0.0107
95 0.3491 0.1549 0.2634 0.0239 0.1825 0.0259
96 0.0818 0.0431 0.3694 0.0637 0.3994 0.0428
97 0.0720 0.0127 0.0200 0.0036 0.8911 0.0006
98 0.2327 0.2118 0.2457 0.0993 0.1255 0.0849
99 0.4431 0.1300 0.2839 0.0180 0.1053 0.0196
100 0.0415 0.0066 0.0226 0.0050 0.9229 0.0012
101 0.1036 0.0130 0.0381 0.0093 0.8340 0.0021
102 0.1940 0.0443 0.1022 0.0107 0.6460 0.0027
103 0.0820 0.0149 0.0163 0.0040 0.8818 0.0011
104 0.1339 0.0717 0.0899 0.0076 0.6963 0.0007
105 0.1726 0.2529 0.3740 0.0219 0.1726 0.0060
106 0.1718 0.2766 0.3840 0.0927 0.0684 0.0064
107 0.2993 0.1415 0.3420 0.0550 0.1542 0.0082
108 0.0993 0.1538 0.4414 0.0444 0.2327 0.0284
109 0.1917 0.1565 0.3694 0.0979 0.1772 0.0071
110 0.3052 0.1865 0.4043 0.0439 0.0560 0.0042
111 0.1050 0.0657 0.2257 0.4150 0.0677 0.1208
112 0.3206 0.1573 0.3521 0.0631 0.0962 0.0109
113 0.1281 0.2842 0.2047 0.0464 0.3169 0.0198
114 0.2201 0.1560 0.3923 0.0569 0.1661 0.0085
115 0.1586 0.4019 0.3518 0.0383 0.0338 0.0157
116 0.1849 0.2284 0.3765 0.0327 0.1658 0.0118
117 0.1559 0.0314 0.5034 0.1038 0.1852 0.0204
118 0.2700 0.0863 0.1703 0.1587 0.2786 0.0360
119 0.0651 0.1573 0.2290 0.2896 0.1456 0.1134
120 0.1953 0.1062 0.2798 0.0461 0.3650 0.0076
121 0.1156 0.0846 0.3093 0.0974 0.3850 0.0081
122 0.0822 0.0743 0.4841 0.0216 0.3176 0.0201
123 0.2947 0.0964 0.1888 0.0722 0.3313 0.0165
124 0.2224 0.0231 0.5171 0.0438 0.1902 0.0034
125 0.1204 0.2303 0.2822 0.0724 0.2822 0.0125
126 0.0497 0.0308 0.1426 0.0533 0.6802 0.0438
127 0.0599 0.1578 0.1483 0.0341 0.5957 0.0038
128 0.1216 0.3774 0.2185 0.1207 0.1444 0.0172
129 0.0720 0.1926 0.4478 0.1896 0.0754 0.0225
130 0.1862 0.0813 0.2793 0.0341 0.3672 0.0517
131 0.1105 0.2214 0.2734 0.0526 0.3350 0.0069
132 0.1819 0.1069 0.2505 0.0212 0.4363 0.0031
133 0.1096 0.0530 0.0860 0.0394 0.7090 0.0032
134 0.1848 0.0600 0.1311 0.2817 0.3245 0.0180
135 0.2009 0.0949 0.0949 0.0825 0.5171 0.0094
136 0.1753 0.0483 0.0531 0.0280 0.6880 0.0072
137 0.2463 0.0590 0.0449 0.0262 0.6191 0.0045
138 0.1075 0.0812 0.1873 0.0222 0.5908 0.0111
139 0.0964 0.0608 0.1947 0.0149 0.6187 0.0147
140 0.1237 0.0667 0.2347 0.0047 0.5630 0.0072
141 0.1045 0.0674 0.2507 0.0058 0.5649 0.0066
142 0.1162 0.0558 0.2499 0.0044 0.5630 0.0105
143 0.0632 0.0242 0.0253 0.0132 0.8716 0.0024
144 0.0243 0.0142 0.0050 0.0022 0.9541 0.0004
145 0.0965 0.0409 0.1694 0.0095 0.6699 0.0138
146 0.1456 0.0626 0.1550 0.0064 0.6226 0.0075
147 0.1440 0.0952 0.1312 0.0067 0.6113 0.0113
148 0.0296 0.0058 0.0108 0.0031 0.9502 0.0004
149 0.0416 0.0090 0.0094 0.0074 0.9321 0.0004
150 0.3298 0.0543 0.2231 0.0450 0.3457 0.0022
151 0.2830 0.2053 0.3777 0.0086 0.1226 0.0030
152 0.0301 0.3611 0.3137 0.0663 0.1963 0.0326
153 0.0491 0.4734 0.2456 0.0171 0.2134 0.0014
154 0.0158 0.1606 0.0701 0.0425 0.7085 0.0024
155 0.0178 0.0382 0.0611 0.0085 0.8701 0.0045
156 0.2671 0.2064 0.3887 0.0123 0.1194 0.0062
157 0.0564 0.0209 0.1122 0.0043 0.8032 0.0028
158 0.0798 0.0738 0.1914 0.0024 0.6479 0.0048
159 0.0938 0.0498 0.1131 0.0032 0.7373 0.0027
160 0.2192 0.0712 0.1506 0.0153 0.5425 0.0012
161 0.2188 0.4385 0.1600 0.0811 0.0994 0.0024
162 0.3855 0.2588 0.1418 0.1185 0.0887 0.0067
163 0.2117 0.3438 0.3657 0.0414 0.0243 0.0131
164 0.1884 0.3804 0.3687 0.0278 0.0259 0.0088
165 0.2556 0.0850 0.2786 0.0242 0.3413 0.0155
166 0.4016 0.0903 0.2003 0.0084 0.2915 0.0079
167 0.3142 0.0758 0.1331 0.0124 0.4609 0.0034
168 0.4851 0.2274 0.2274 0.0199 0.0371 0.0031
169 0.2291 0.1870 0.5288 0.0143 0.0349 0.0060
170 0.0937 0.0894 0.5391 0.2546 0.0146 0.0088
171 0.2673 0.1293 0.1866 0.2114 0.0543 0.1511
172 0.4424 0.2747 0.1393 0.0463 0.0892 0.0080
173 0.1245 0.4211 0.3835 0.0245 0.0317 0.0146
174 0.2061 0.5962 0.1165 0.0302 0.0403 0.0107
175 0.0782 0.2952 0.4036 0.1997 0.0129 0.0104
176 0.1237 0.0240 0.0386 0.0043 0.8071 0.0024
177 0.0710 0.0259 0.3181 0.1433 0.3386 0.1033
178 0.2035 0.1853 0.1674 0.0178 0.4241 0.0018
179 0.1461 0.0782 0.4866 0.0943 0.1847 0.0101
180 0.3545 0.4243 0.0842 0.0300 0.1008 0.0061
181 0.1151 0.1838 0.4275 0.2324 0.0340 0.0074
182 0.1987 0.1377 0.2361 0.2417 0.1754 0.0104
183 0.1606 0.0498 0.1232 0.0133 0.6504 0.0028
184 0.2412 0.1821 0.3621 0.1194 0.0821 0.0131
185 0.0856 0.1100 0.2808 0.3838 0.0090 0.1306
186 0.1172 0.2241 0.3994 0.1887 0.0396 0.0311
187 0.0789 0.3479 0.2976 0.2078 0.0568 0.0113
188 0.4241 0.0917 0.3801 0.0597 0.0407 0.0038
189 0.1425 0.4353 0.3210 0.0598 0.0212 0.0202
190 0.1505 0.1802 0.3696 0.0172 0.2725 0.0100
191 0.1047 0.4512 0.3513 0.0166 0.0671 0.0092
192 0.3022 0.0997 0.3760 0.0127 0.1997 0.0098
193 0.1802 0.1101 0.4158 0.0260 0.2542 0.0140
194 0.2571 0.1168 0.3599 0.0181 0.2396 0.0086
195 0.0399 0.0201 0.0292 0.0146 0.8940 0.0020
196 0.1162 0.0864 0.1515 0.0540 0.5898 0.0019
197 0.0539 0.0703 0.2571 0.0008 0.6167 0.0012
198 0.1366 0.2473 0.1168 0.1796 0.3149 0.0047
199 0.2400 0.3660 0.2185 0.1090 0.0646 0.0020
200 0.1942 0.3572 0.1549 0.2101 0.0630 0.0205
201 0.3613 0.2771 0.3291 0.0159 0.0142 0.0026
202 0.6470 0.1586 0.1586 0.0234 0.0113 0.0014
203 0.1772 0.3552 0.2854 0.0421 0.1370 0.0030
204 0.1770 0.3306 0.2290 0.0351 0.2273 0.0009
205 0.1335 0.4587 0.1649 0.0320 0.2101 0.0007
