time exciting_prob fearful_prob tense_prob sad_prob relaxing_prob neutral_prob
0 0.1136 0.1553 0.1349 0.1288 0.0181 0.4492
1 0.1565 0.0169 0.0942 0.1830 0.0520 0.4973
2 0.2722 0.0399 0.1871 0.2366 0.0402 0.2240
3 0.2239 0.0291 0.1316 0.1337 0.0398 0.4419
4 0.1038 0.0551 0.3679 0.3196 0.0560 0.0975
5 0.0417 0.0671 0.4805 0.3354 0.0251 0.0503
6 0.1074 0.1274 0.5537 0.0761 0.1316 0.0037
7 0.0905 0.2922 0.1401 0.2922 0.1317 0.0532
8 0.6455 0.0908 0.1545 0.0356 0.0713 0.0023
9 0.6265 0.1039 0.1809 0.0225 0.0655 0.0010
10 0.0906 0.1075 0.2922 0.2922 0.0399 0.1774
11 0.1327 0.7007 0.0818 0.0396 0.0357 0.0094
12 0.2546 0.2710 0.3218 0.1174 0.0235 0.0118
13 0.3118 0.0996 0.1012 0.3215 0.1383 0.0277
14 0.1604 0.1020 0.2029 0.1708 0.1193 0.2446
15 0.0291 0.0939 0.0640 0.3103 0.4807 0.0218
16 0.1610 0.4277 0.3306 0.0544 0.0166 0.0098
17 0.0734 0.0872 0.4031 0.3728 0.0172 0.0467
18 0.1486 0.2954 0.3792 0.0460 0.0624 0.0685
19 0.1936 0.4163 0.2729 0.0262 0.0680 0.0228
20 0.0400 0.5830 0.2393 0.1185 0.0135 0.0057
21 0.5410 0.0792 0.0557 0.1189 0.2039 0.0011
22 0.2218 0.1263 0.1675 0.1989 0.2676 0.0179
23 0.2238 0.3928 0.2135 0.1255 0.0371 0.0074
24 0.4297 0.0501 0.0216 0.1863 0.3071 0.0054
25 0.1837 0.1726 0.2396 0.0969 0.2590 0.0479
26 0.0668 0.2683 0.1218 0.0164 0.5254 0.0016
27 0.0464 0.6250 0.1997 0.0629 0.0572 0.0089
28 0.1222 0.4102 0.3193 0.0522 0.0826 0.0135
29 0.0681 0.2234 0.1055 0.5112 0.0611 0.0305
30 0.1901 0.2188 0.2120 0.2329 0.0253 0.1208
31 0.3113 0.0793 0.4934 0.0115 0.1010 0.0035
32 0.0530 0.5967 0.2301 0.0321 0.0827 0.0053
33 0.2849 0.3601 0.2634 0.0374 0.0519 0.0025
34 0.1620 0.1195 0.2180 0.0790 0.4075 0.0140
35 0.4485 0.2382 0.1143 0.0607 0.1295 0.0091
36 0.3579 0.1227 0.3062 0.0333 0.1600 0.0197
37 0.2406 0.2561 0.2993 0.0942 0.0220 0.0878
38 0.1527 0.5166 0.2275 0.0414 0.0240 0.0377
39 0.4917 0.1420 0.2050 0.0388 0.1063 0.0164
40 0.0866 0.4297 0.3242 0.0339 0.0789 0.0467
41 0.2391 0.0643 0.4397 0.1061 0.1165 0.0342
42 0.2808 0.0798 0.3059 0.1306 0.1550 0.0477
43 0.3008 0.1245 0.3601 0.0523 0.1410 0.0215
44 0.3127 0.0889 0.2827 0.0503 0.2455 0.0198
45 0.1101 0.2791 0.2173 0.1459 0.0438 0.2041
46 0.1134 0.5083 0.1899 0.0651 0.0699 0.0536
47 0.1311 0.2230 0.1737 0.1864 0.0482 0.2374
48 0.0424 0.0688 0.1538 0.2617 0.0553 0.4182
49 0.1785 0.1826 0.2637 0.1009 0.1975 0.0767
50 0.0563 0.1484 0.0735 0.0224 0.6973 0.0021
51 0.1624 0.3774 0.1943 0.0037 0.2456 0.0165
52 0.1567 0.2043 0.4065 0.0679 0.0950 0.0695
53 0.1603 0.2622 0.2313 0.1229 0.1051 0.1182
54 0.0794 0.2028 0.1707 0.2949 0.0463 0.2059
55 0.2408 0.4902 0.0943 0.1543 0.0093 0.0111
56 0.1976 0.2256 0.2328 0.1730 0.1295 0.0414
57 0.1960 0.4487 0.2188 0.0549 0.0750 0.0065
58 0.2285 0.2413 0.2981 0.0649 0.1046 0.0625
59 0.3845 0.1035 0.1068 0.0838 0.2812 0.0402
60 0.0569 0.1487 0.4438 0.0748 0.2651 0.0106
61 0.0558 0.2664 0.2925 0.3018 0.0164 0.0673
62 0.0834 0.2378 0.1334 0.2571 0.0650 0.2234
63 0.2893 0.0767 0.2476 0.1489 0.0984 0.1389
64 0.1935 0.2563 0.2192 0.1461 0.1361 0.0486
65 0.4478 0.1971 0.2305 0.0417 0.0720 0.0109
66 0.0778 0.5156 0.2306 0.0141 0.1560 0.0061
67 0.4070 0.2095 0.2128 0.0345 0.1261 0.0103
68 0.0148 0.4648 0.4299 0.0649 0.0029 0.0228
69 0.0352 0.3848 0.4033 0.1309 0.0071 0.0387
70 0.2722 0.1716 0.1189 0.0570 0.3606 0.0199
71 0.0746 0.2487 0.5181 0.0475 0.0770 0.0342
72 0.3745 0.1783 0.2678 0.0511 0.1049 0.0234
73 0.3198 0.2413 0.1752 0.0771 0.1487 0.0379
74 0.0483 0.4478 0.2593 0.1700 0.0111 0.0635
75 0.2961 0.1255 0.2615 0.1197 0.1586 0.0385
76 0.3271 0.1113 0.2375 0.0385 0.2451 0.0403
77 0.0612 0.3958 0.3386 0.1161 0.0055 0.0829
78 0.1064 0.4241 0.2003 0.1254 0.0348 0.1089
79 0.2544 0.0316 0.3118 0.2076 0.0542 0.1405
80 0.3018 0.0980 0.3528 0.1448 0.0402 0.0623
81 0.2610 0.0834 0.4167 0.1251 0.0290 0.0847
82 0.3428 0.2080 0.2129 0.0223 0.2096 0.0044
83 0.1129 0.2209 0.5220 0.0965 0.0344 0.0135
84 0.1270 0.4983 0.1497 0.1183 0.0345 0.0723
85 0.1554 0.0623 0.3613 0.1874 0.1934 0.0402
86 0.3110 0.1414 0.2223 0.0927 0.2258 0.0067
87 0.2375 0.1620 0.3049 0.1671 0.0854 0.0429
88 0.3621 0.0967 0.1364 0.2629 0.0801 0.0620
89 0.4055 0.1600 0.1716 0.0750 0.1827 0.0051
90 0.1985 0.3679 0.2842 0.0730 0.0696 0.0066
91 0.4412 0.2634 0.1410 0.0527 0.1000 0.0018
92 0.2695 0.2869 0.1431 0.1262 0.1635 0.0110
93 0.4253 0.0722 0.2661 0.1317 0.0793 0.0255
94 0.1997 0.1260 0.2029 0.1461 0.2976 0.0277
95 0.4036 0.0789 0.1281 0.1863 0.1569 0.0464
96 0.2563 0.1906 0.1694 0.2262 0.0966 0.0609
97 0.4634 0.1653 0.2009 0.0812 0.0858 0.0034
98 0.3977 0.1620 0.2451 0.1453 0.0345 0.0154
99 0.2399 0.2150 0.4080 0.0606 0.0687 0.0078
100 0.2427 0.2466 0.1890 0.1320 0.1642 0.0256
101 0.2737 0.1660 0.3459 0.0660 0.1387 0.0096
102 0.1879 0.3350 0.2866 0.0413 0.0201 0.1292
103 0.2717 0.3032 0.0641 0.0374 0.0495 0.2739
104 0.3447 0.0210 0.1788 0.3188 0.0914 0.0452
105 0.2200 0.2512 0.2324 0.0569 0.2343 0.0051
106 0.3008 0.3152 0.1178 0.0535 0.1897 0.0228
107 0.1614 0.1842 0.4219 0.1758 0.0267 0.0301
108 0.2302 0.0967 0.1354 0.2910 0.1940 0.0526
109 0.1908 0.0591 0.1194 0.2954 0.1157 0.2196
110 0.3289 0.1493 0.2332 0.0485 0.2242 0.0161
111 0.3035 0.1445 0.3633 0.1033 0.0773 0.0082
112 0.1045 0.2842 0.4832 0.0795 0.0295 0.0192
113 0.2288 0.0896 0.5278 0.0295 0.1160 0.0083
114 0.0762 0.1092 0.7012 0.0121 0.0137 0.0878
115 0.0805 0.0811 0.3694 0.0688 0.0193 0.3811
116 0.1926 0.2825 0.1560 0.1912 0.1023 0.0754
117 0.1083 0.2172 0.3416 0.0421 0.2788 0.0120
118 0.2715 0.1223 0.1725 0.1302 0.2844 0.0191
119 0.1127 0.1218 0.3159 0.2703 0.1516 0.0276
120 0.2389 0.0684 0.1748 0.3503 0.1052 0.0623
121 0.0683 0.2681 0.3335 0.2854 0.0108 0.0341
122 0.3379 0.1344 0.1794 0.1039 0.2323 0.0120
123 0.0439 0.1694 0.2793 0.2793 0.0204 0.2076
124 0.0356 0.0720 0.1500 0.3892 0.0151 0.3381
125 0.2471 0.3596 0.0841 0.1063 0.0665 0.1365
126 0.2102 0.1561 0.1057 0.0811 0.4312 0.0157
127 0.2234 0.1986 0.2651 0.0552 0.2002 0.0574
128 0.1385 0.2588 0.2527 0.1486 0.0457 0.1558
129 0.1819 0.4099 0.1951 0.1221 0.0846 0.0066
130 0.2266 0.1685 0.4368 0.0450 0.0685 0.0547
131 0.3926 0.1456 0.1914 0.1389 0.0911 0.0404
132 0.0806 0.5015 0.3289 0.0425 0.0199 0.0266
133 0.0645 0.2433 0.5312 0.1223 0.0208 0.0178
134 0.2477 0.0570 0.1188 0.3230 0.1326 0.1207
135 0.3843 0.1873 0.3752 0.0181 0.0294 0.0057
136 0.2996 0.2075 0.2544 0.0258 0.2028 0.0099
137 0.1433 0.2185 0.3491 0.1346 0.1456 0.0087
138 0.1356 0.4624 0.1840 0.0368 0.0110 0.1702
139 0.0760 0.3279 0.4275 0.1056 0.0552 0.0076
140 0.4436 0.0771 0.3003 0.0219 0.1533 0.0037
141 0.5146 0.1375 0.2249 0.0081 0.1140 0.0011
142 0.3315 0.1288 0.1654 0.2042 0.1471 0.0231
143 0.3669 0.1318 0.1654 0.1102 0.2090 0.0168
144 0.2600 0.3608 0.1887 0.0177 0.1719 0.0009
145 0.2012 0.2729 0.1472 0.1566 0.2075 0.0146
146 0.3816 0.2686 0.2583 0.0378 0.0497 0.0040
147 0.2700 0.2291 0.3386 0.0267 0.1316 0.0040
148 0.3508 0.2930 0.2212 0.0264 0.1070 0.0016
149 0.2781 0.3684 0.1925 0.0895 0.0601 0.0115
150 0.1472 0.1320 0.6055 0.0752 0.0285 0.0116
151 0.2874 0.1326 0.2786 0.1757 0.1170 0.0089
152 0.3362 0.1718 0.3992 0.0095 0.0762 0.0072
153 0.5391 0.0801 0.2932 0.0042 0.0820 0.0014
154 0.3491 0.0480 0.1207 0.4211 0.0280 0.0330
155 0.3147 0.0923 0.2590 0.2048 0.1054 0.0237
156 0.5332 0.0575 0.2223 0.0485 0.1349 0.0036
157 0.3069 0.1531 0.3760 0.1044 0.0546 0.0049
158 0.1935 0.2028 0.4941 0.0541 0.0497 0.0058
159 0.2422 0.3694 0.2832 0.0336 0.0694 0.0024
160 0.2054 0.3035 0.2988 0.0507 0.1236 0.0178
161 0.1473 0.4868 0.2467 0.0229 0.0915 0.0047
162 0.1636 0.2717 0.1942 0.2117 0.1335 0.0251
163 0.2673 0.0370 0.0938 0.5483 0.0288 0.0247
164 0.6450 0.1250 0.1556 0.0092 0.0595 0.0058
165 0.1860 0.1847 0.3167 0.2092 0.0886 0.0149
166 0.1353 0.1605 0.6401 0.0127 0.0361 0.0155
167 0.3181 0.3494 0.2874 0.0103 0.0343 0.0006
168 0.2394 0.1122 0.3003 0.0196 0.3271 0.0016
169 0.1602 0.0627 0.1277 0.5811 0.0508 0.0174
170 0.2620 0.0949 0.3752 0.1181 0.1163 0.0333
171 0.2607 0.4543 0.1510 0.0190 0.1105 0.0045
172 0.3042 0.2812 0.2278 0.0177 0.1628 0.0063
173 0.2810 0.4219 0.1470 0.0485 0.0964 0.0055
174 0.0820 0.1764 0.4646 0.2095 0.0302 0.0373
175 0.2114 0.0530 0.4546 0.1302 0.0938 0.0569
176 0.1279 0.0852 0.6099 0.0653 0.0879 0.0237
177 0.4941 0.2316 0.0966 0.0176 0.1592 0.0009
178 0.3755 0.0987 0.2025 0.2057 0.0493 0.0684
179 0.4355 0.2539 0.1947 0.0096 0.1035 0.0027
180 0.1980 0.1747 0.3091 0.2406 0.0372 0.0405
181 0.1295 0.6128 0.1526 0.0386 0.0579 0.0086
182 0.1810 0.1225 0.3601 0.1782 0.1116 0.0465
183 0.6777 0.1410 0.0961 0.0480 0.0257 0.0113
184 0.6514 0.1766 0.0671 0.0436 0.0483 0.0129
185 0.0459 0.0878 0.7236 0.0964 0.0177 0.0285
186 0.4414 0.1274 0.1169 0.2085 0.0955 0.0101
187 0.2598 0.1118 0.4219 0.1162 0.0721 0.0181
188 0.5610 0.0765 0.1364 0.1062 0.1130 0.0070
189 0.5630 0.0941 0.0667 0.1246 0.1492 0.0027
190 0.1100 0.0459 0.1237 0.6587 0.0554 0.0064
191 0.3914 0.1792 0.1923 0.0937 0.1384 0.0052
192 0.1232 0.0795 0.2529 0.3679 0.1533 0.0231
193 0.1335 0.1727 0.3716 0.2218 0.0947 0.0057
194 0.4268 0.2015 0.3196 0.0097 0.0353 0.0070
195 0.4211 0.1064 0.3032 0.0791 0.0810 0.0090
196 0.0688 0.1652 0.6235 0.1154 0.0220 0.0051
197 0.2542 0.1051 0.5420 0.0274 0.0643 0.0070
198 0.2427 0.2427 0.1935 0.1721 0.1438 0.0051
199 0.3999 0.0928 0.1948 0.1566 0.1530 0.0029
200 0.1553 0.1067 0.2332 0.2368 0.1003 0.1678
201 0.0673 0.1565 0.2173 0.4124 0.0500 0.0964
202 0.3628 0.0917 0.1016 0.3408 0.0565 0.0465
203 0.0549 0.0402 0.0920 0.6001 0.0463 0.1666
204 0.5024 0.1221 0.1221 0.0525 0.1967 0.0042
205 0.0511 0.1227 0.3037 0.4778 0.0208 0.0238
206 0.6265 0.1030 0.0742 0.1177 0.0714 0.0075
207 0.0419 0.0555 0.5186 0.2954 0.0807 0.0079
208 0.3982 0.1365 0.2018 0.0881 0.1672 0.0083
209 0.3545 0.0395 0.3774 0.1884 0.0259 0.0143
210 0.5645 0.1461 0.1848 0.0309 0.0595 0.0140
211 0.2212 0.0795 0.4907 0.0789 0.1069 0.0229
212 0.3823 0.0930 0.3000 0.1332 0.0853 0.0059
213 0.1064 0.1089 0.7383 0.0245 0.0200 0.0018
214 0.3079 0.0903 0.5156 0.0211 0.0588 0.0061
215 0.0476 0.0597 0.2437 0.2084 0.0195 0.4211
216 0.1016 0.0389 0.4019 0.2053 0.0469 0.2053
217 0.4749 0.1542 0.0920 0.1371 0.1329 0.0088
218 0.2134 0.1649 0.4082 0.1274 0.0552 0.0307
219 0.2827 0.1741 0.4309 0.0570 0.0451 0.0103
220 0.4619 0.1572 0.2034 0.1106 0.0539 0.0129
221 0.3547 0.1826 0.2118 0.0869 0.1490 0.0148
222 0.1792 0.0551 0.0670 0.5605 0.0233 0.1148
223 0.4429 0.0471 0.1708 0.2686 0.0572 0.0134
224 0.2430 0.0211 0.0801 0.4199 0.1096 0.1261
225 0.1722 0.0839 0.4983 0.1497 0.0638 0.0321
226 0.1080 0.3005 0.4238 0.0560 0.0197 0.0917
227 0.3477 0.1847 0.3044 0.0740 0.0833 0.0060
228 0.0382 0.4697 0.1573 0.1098 0.0410 0.1840
229 0.1987 0.0895 0.2360 0.2148 0.2234 0.0376
230 0.0433 0.3303 0.5278 0.0535 0.0051 0.0401
231 0.3062 0.1504 0.3159 0.0673 0.1481 0.0123
232 0.1937 0.1281 0.4197 0.1221 0.1053 0.0311
233 0.0954 0.2849 0.3743 0.1031 0.0236 0.1187
234 0.1108 0.1108 0.1401 0.4316 0.0267 0.1799
235 0.6118 0.1453 0.1214 0.0291 0.0834 0.0093
236 0.0652 0.2539 0.4055 0.2104 0.0383 0.0267
237 0.2029 0.1736 0.2195 0.1395 0.2566 0.0081
238 0.0475 0.3196 0.5107 0.0874 0.0110 0.0235
239 0.1641 0.2747 0.4155 0.0949 0.0415 0.0093
240 0.4016 0.0720 0.1225 0.0715 0.2871 0.0454
241 0.1504 0.3552 0.1381 0.1932 0.0512 0.1118
242 0.2245 0.1761 0.2905 0.0807 0.2175 0.0107
243 0.2339 0.2032 0.4690 0.0379 0.0490 0.0070
244 0.2202 0.0636 0.4180 0.2168 0.0641 0.0174
245 0.1405 0.2045 0.3318 0.1776 0.1300 0.0156
246 0.3252 0.2615 0.1942 0.0862 0.1064 0.0265
247 0.0999 0.2181 0.1063 0.2147 0.2981 0.0630
248 0.1567 0.1077 0.4500 0.0586 0.2228 0.0042
249 0.1981 0.0782 0.2930 0.0509 0.3760 0.0039
250 0.1136 0.1553 0.1349 0.1288 0.0181 0.4492
251 0.1136 0.1553 0.1349 0.1288 0.0181 0.4492
252 0.2988 0.4773 0.0441 0.0166 0.1575 0.0058
253 0.2893 0.4768 0.0433 0.0172 0.1674 0.0060
254 0.3049 0.5190 0.0534 0.0128 0.1054 0.0046
