time exciting_prob fearful_prob tense_prob sad_prob relaxing_prob neutral_prob
0 0.1136 0.1553 0.1349 0.1288 0.0181 0.4492
1 0.1705 0.0956 0.3994 0.2404 0.0408 0.0532
2 0.1206 0.1636 0.2634 0.3279 0.0925 0.0320
3 0.2365 0.3181 0.2328 0.1033 0.1066 0.0026
4 0.1779 0.2469 0.4614 0.0854 0.0150 0.0133
5 0.2324 0.1674 0.3489 0.1868 0.0407 0.0239
6 0.3030 0.4443 0.1897 0.0271 0.0351 0.0007
7 0.2377 0.3301 0.2800 0.0630 0.0867 0.0026
8 0.1995 0.5420 0.1482 0.0369 0.0673 0.0058
9 0.0822 0.1168 0.4141 0.3599 0.0162 0.0109
10 0.1256 0.2070 0.4214 0.0421 0.1975 0.0064
11 0.2527 0.3401 0.1658 0.0314 0.2079 0.0021
12 0.5078 0.0693 0.1560 0.1700 0.0954 0.0016
13 0.3503 0.1052 0.3020 0.0106 0.2316 0.0002
14 0.5498 0.2037 0.1368 0.0544 0.0548 0.0006
15 0.3997 0.2139 0.2993 0.0389 0.0481 0.0002
16 0.2186 0.3867 0.2070 0.1703 0.0086 0.0085
17 0.1588 0.3992 0.3208 0.0986 0.0075 0.0154
18 0.3525 0.4526 0.0627 0.1067 0.0238 0.0015
19 0.2595 0.2495 0.3518 0.1040 0.0330 0.0021
20 0.1155 0.2388 0.4861 0.0339 0.1249 0.0008
21 0.3298 0.3247 0.1558 0.0713 0.1176 0.0011
22 0.3391 0.2664 0.2368 0.0549 0.1019 0.0009
23 0.1434 0.3232 0.3232 0.0632 0.1458 0.0011
24 0.5513 0.1300 0.2061 0.0193 0.0900 0.0033
25 0.5435 0.1544 0.1644 0.0582 0.0770 0.0027
26 0.0708 0.5400 0.2147 0.0938 0.0803 0.0005
27 0.1346 0.3491 0.4211 0.0607 0.0327 0.0014
28 0.3806 0.2764 0.2595 0.0354 0.0473 0.0010
29 0.5010 0.2330 0.1873 0.0303 0.0477 0.0007
30 0.5757 0.1898 0.1769 0.0155 0.0420 0.0004
31 0.5073 0.2590 0.1376 0.0665 0.0291 0.0004
32 0.4023 0.2659 0.1871 0.0941 0.0484 0.0020
33 0.1991 0.4966 0.2678 0.0128 0.0234 0.0001
34 0.4792 0.1497 0.1061 0.1221 0.1221 0.0207
35 0.6577 0.1870 0.0817 0.0253 0.0455 0.0026
36 0.5400 0.1647 0.2181 0.0468 0.0291 0.0013
37 0.4578 0.2607 0.2507 0.0059 0.0244 0.0003
38 0.4187 0.0793 0.2600 0.1199 0.1162 0.0061
39 0.2357 0.3457 0.1046 0.1014 0.2048 0.0079
40 0.1840 0.4734 0.2615 0.0163 0.0636 0.0012
41 0.3789 0.3191 0.1086 0.1270 0.0638 0.0025
42 0.0715 0.2720 0.5000 0.0202 0.1326 0.0036
43 0.2849 0.2052 0.4209 0.0243 0.0635 0.0012
44 0.4260 0.1279 0.3940 0.0198 0.0302 0.0022
45 0.4829 0.0846 0.3562 0.0292 0.0453 0.0019
46 0.0910 0.1477 0.3225 0.4014 0.0263 0.0110
47 0.1919 0.1680 0.3315 0.0576 0.2483 0.0026
48 0.1809 0.1421 0.2612 0.0401 0.3684 0.0073
49 0.4861 0.1382 0.3115 0.0352 0.0283 0.0006
50 0.4292 0.0966 0.4194 0.0229 0.0304 0.0015
51 0.3352 0.1880 0.2822 0.1323 0.0307 0.0317
52 0.3564 0.2754 0.3074 0.0186 0.0379 0.0044
53 0.2494 0.2134 0.4343 0.0206 0.0726 0.0096
54 0.1101 0.1653 0.1759 0.4783 0.0576 0.0130
55 0.4387 0.0805 0.2349 0.0229 0.2206 0.0023
56 0.3218 0.1270 0.3506 0.0183 0.1791 0.0031
57 0.3467 0.1637 0.3547 0.0160 0.1066 0.0123
58 0.2432 0.1698 0.3247 0.0564 0.1909 0.0150
59 0.2072 0.1348 0.4968 0.0786 0.0756 0.0071
60 0.2423 0.3311 0.3337 0.0739 0.0151 0.0038
61 0.0886 0.6699 0.1681 0.0521 0.0123 0.0093
62 0.0776 0.5181 0.1351 0.1921 0.0306 0.0464
63 0.1267 0.5996 0.1588 0.0657 0.0424 0.0069
64 0.5879 0.0696 0.1418 0.0952 0.0771 0.0286
65 0.5161 0.1073 0.2676 0.0656 0.0368 0.0066
66 0.2292 0.1771 0.3809 0.0762 0.0593 0.0774
67 0.2837 0.2625 0.2502 0.1230 0.0554 0.0252
68 0.2184 0.0267 0.6318 0.0875 0.0325 0.0030
69 0.5874 0.1877 0.1310 0.0356 0.0573 0.0013
70 0.2245 0.0900 0.5601 0.0839 0.0378 0.0037
71 0.2438 0.3748 0.2700 0.0363 0.0715 0.0038
72 0.1371 0.2057 0.5293 0.0793 0.0470 0.0016
73 0.0329 0.2030 0.5269 0.2230 0.0108 0.0036
74 0.8188 0.0374 0.0986 0.0190 0.0249 0.0013
75 0.5601 0.0591 0.1112 0.1300 0.1321 0.0075
76 0.1229 0.2444 0.4124 0.0485 0.1653 0.0066
77 0.1156 0.2544 0.3506 0.1531 0.1212 0.0052
78 0.3306 0.1898 0.4277 0.0296 0.0202 0.0021
79 0.5117 0.0803 0.3201 0.0635 0.0213 0.0031
80 0.5957 0.0493 0.1816 0.0425 0.1249 0.0060
81 0.1971 0.0322 0.6987 0.0676 0.0028 0.0014
82 0.5205 0.1226 0.2458 0.0330 0.0767 0.0014
83 0.5278 0.1323 0.1796 0.0147 0.1420 0.0036
84 0.5469 0.1592 0.2012 0.0199 0.0690 0.0040
85 0.1043 0.0950 0.6440 0.0287 0.0988 0.0292
86 0.1881 0.0803 0.5444 0.0038 0.1809 0.0025
87 0.2449 0.1332 0.5103 0.0419 0.0559 0.0138
88 0.4922 0.0531 0.3833 0.0315 0.0388 0.0012
89 0.5029 0.0362 0.3799 0.0433 0.0348 0.0028
90 0.1947 0.1993 0.4856 0.0549 0.0473 0.0180
91 0.4387 0.2559 0.2559 0.0090 0.0396 0.0011
92 0.2096 0.0578 0.3484 0.1204 0.1879 0.0759
93 0.3687 0.1688 0.2871 0.0557 0.0933 0.0263
94 0.2737 0.1007 0.5361 0.0213 0.0495 0.0189
95 0.3088 0.2705 0.3474 0.0246 0.0456 0.0032
96 0.2056 0.1731 0.5586 0.0099 0.0444 0.0084
97 0.1969 0.2249 0.4761 0.0137 0.0847 0.0037
98 0.3892 0.2098 0.2323 0.0115 0.1511 0.0061
99 0.2178 0.0582 0.5474 0.0753 0.0394 0.0619
100 0.6567 0.0397 0.1150 0.0433 0.1409 0.0045
101 0.3879 0.0422 0.4534 0.0794 0.0358 0.0013
102 0.1103 0.2544 0.5142 0.0900 0.0275 0.0037
103 0.1187 0.0531 0.3079 0.2035 0.0407 0.2761
104 0.2612 0.0961 0.4998 0.0401 0.0778 0.0249
105 0.2632 0.1365 0.4172 0.0514 0.0720 0.0597
106 0.5005 0.1346 0.2556 0.0240 0.0786 0.0067
107 0.4834 0.1685 0.1779 0.0124 0.1418 0.0160
108 0.1646 0.1836 0.5312 0.0348 0.0692 0.0167
109 0.4209 0.1160 0.3862 0.0245 0.0465 0.0060
110 0.2229 0.0513 0.6353 0.0729 0.0124 0.0053
111 0.1270 0.0718 0.6865 0.0959 0.0114 0.0074
112 0.2957 0.1908 0.1685 0.0089 0.3123 0.0241
113 0.4722 0.0564 0.4070 0.0144 0.0479 0.0023
114 0.0886 0.3264 0.5298 0.0409 0.0126 0.0016
115 0.1304 0.5488 0.3103 0.0065 0.0033 0.0005
116 0.6123 0.1080 0.1344 0.0578 0.0815 0.0060
117 0.2247 0.1184 0.4539 0.1777 0.0132 0.0119
118 0.4915 0.1293 0.2673 0.0606 0.0447 0.0067
119 0.5454 0.1144 0.2639 0.0395 0.0325 0.0041
120 0.2600 0.1528 0.1902 0.0632 0.3286 0.0053
121 0.1511 0.2847 0.4272 0.0416 0.0889 0.0066
122 0.5479 0.1453 0.1545 0.0282 0.1185 0.0055
123 0.7202 0.1261 0.0538 0.0064 0.0827 0.0108
124 0.7119 0.1227 0.0485 0.0059 0.0898 0.0210
125 0.4387 0.1227 0.2922 0.0452 0.0971 0.0041
126 0.4805 0.0660 0.3984 0.0370 0.0164 0.0015
127 0.5713 0.0963 0.1108 0.1065 0.0786 0.0365
128 0.3425 0.1231 0.3425 0.0759 0.0930 0.0228
129 0.6045 0.0528 0.2295 0.0851 0.0201 0.0079
130 0.7612 0.0518 0.1355 0.0113 0.0388 0.0013
131 0.0422 0.1139 0.6353 0.1998 0.0042 0.0046
132 0.3481 0.0432 0.5063 0.0735 0.0250 0.0037
133 0.4602 0.0920 0.3367 0.0127 0.0980 0.0005
134 0.4160 0.0886 0.3877 0.0378 0.0658 0.0042
135 0.5513 0.0619 0.3215 0.0292 0.0355 0.0007
136 0.1409 0.1140 0.5659 0.1409 0.0373 0.0013
137 0.1364 0.1030 0.7314 0.0208 0.0054 0.0028
138 0.1342 0.1569 0.3535 0.1406 0.2144 0.0007
139 0.1445 0.2119 0.3362 0.0933 0.2136 0.0005
140 0.2094 0.2466 0.3911 0.0361 0.1165 0.0005
141 0.2676 0.0507 0.6221 0.0208 0.0377 0.0010
142 0.4939 0.0980 0.3315 0.0169 0.0590 0.0008
143 0.4001 0.0852 0.3142 0.0643 0.1299 0.0062
144 0.1177 0.1700 0.4409 0.0495 0.2067 0.0151
145 0.1486 0.1212 0.2178 0.1028 0.4067 0.0028
146 0.1696 0.0403 0.6499 0.0685 0.0586 0.0133
147 0.2871 0.0823 0.5078 0.0755 0.0430 0.0043
148 0.1136 0.0812 0.5376 0.0441 0.2173 0.0060
149 0.2817 0.0859 0.5601 0.0350 0.0352 0.0021
150 0.3394 0.1201 0.4324 0.0728 0.0279 0.0075
151 0.3748 0.1389 0.4380 0.0184 0.0261 0.0040
152 0.2505 0.2092 0.5137 0.0126 0.0137 0.0002
153 0.1711 0.2216 0.5356 0.0487 0.0214 0.0015
154 0.3628 0.0726 0.3008 0.1840 0.0779 0.0019
155 0.1445 0.3779 0.1458 0.1613 0.1445 0.0259
156 0.2429 0.0685 0.5825 0.0707 0.0350 0.0004
157 0.5215 0.2025 0.1815 0.0408 0.0452 0.0085
158 0.1603 0.0594 0.5684 0.1506 0.0545 0.0067
159 0.2064 0.0483 0.4270 0.2233 0.0649 0.0302
160 0.1370 0.7461 0.0756 0.0039 0.0371 0.0002
161 0.1312 0.0596 0.1113 0.6509 0.0400 0.0070
162 0.2998 0.1461 0.3318 0.1240 0.0944 0.0039
163 0.2286 0.1910 0.3125 0.2166 0.0461 0.0051
164 0.1772 0.2620 0.4319 0.0857 0.0272 0.0161
165 0.2698 0.1840 0.4277 0.0540 0.0476 0.0170
166 0.6655 0.1013 0.1362 0.0403 0.0555 0.0012
167 0.4231 0.1937 0.2030 0.1311 0.0419 0.0073
168 0.2859 0.0958 0.5176 0.0246 0.0734 0.0025
169 0.4214 0.2764 0.2220 0.0341 0.0434 0.0027
170 0.2428 0.0981 0.2976 0.2281 0.0914 0.0419
171 0.2717 0.1622 0.4692 0.0687 0.0151 0.0131
172 0.1808 0.1047 0.2286 0.4512 0.0340 0.0008
173 0.0704 0.3284 0.3494 0.2478 0.0034 0.0005
174 0.2412 0.3403 0.1364 0.0076 0.2712 0.0033
175 0.5342 0.1965 0.1818 0.0294 0.0572 0.0007
176 0.2423 0.2559 0.3665 0.0716 0.0512 0.0124
177 0.8379 0.0527 0.0570 0.0083 0.0437 0.0005
178 0.2744 0.5288 0.0891 0.0063 0.0994 0.0023
179 0.4055 0.0544 0.4702 0.0414 0.0244 0.0041
180 0.6011 0.0859 0.2607 0.0116 0.0367 0.0038
181 0.3674 0.2095 0.3647 0.0239 0.0314 0.0032
182 0.2747 0.3235 0.1219 0.1010 0.1403 0.0386
183 0.6670 0.0848 0.1838 0.0181 0.0420 0.0042
184 0.3579 0.5010 0.0798 0.0082 0.0492 0.0040
185 0.2393 0.4009 0.0901 0.0075 0.2607 0.0016
186 0.4297 0.1086 0.1777 0.2524 0.0184 0.0132
187 0.4656 0.2306 0.2100 0.0228 0.0698 0.0013
188 0.2019 0.1754 0.3152 0.2183 0.0709 0.0183
189 0.1528 0.1162 0.6587 0.0310 0.0396 0.0019
190 0.3176 0.1334 0.3032 0.0749 0.1598 0.0111
191 0.4453 0.0732 0.4053 0.0276 0.0455 0.0031
192 0.5312 0.0708 0.2377 0.0760 0.0708 0.0133
193 0.3540 0.0983 0.4546 0.0703 0.0156 0.0072
194 0.3157 0.1785 0.2874 0.0897 0.1143 0.0143
195 0.5054 0.1288 0.2091 0.0935 0.0375 0.0258
196 0.0711 0.0470 0.3367 0.5054 0.0196 0.0204
197 0.4446 0.0760 0.2849 0.1598 0.0332 0.0015
198 0.4673 0.1517 0.2903 0.0456 0.0360 0.0090
199 0.4690 0.0416 0.4336 0.0423 0.0117 0.0018
200 0.5996 0.1050 0.1458 0.0705 0.0694 0.0099
201 0.2668 0.1087 0.2607 0.3374 0.0096 0.0165
202 0.2264 0.2095 0.4719 0.0471 0.0409 0.0041
203 0.2201 0.2915 0.3435 0.0354 0.1073 0.0020
204 0.3486 0.2913 0.1621 0.0150 0.1824 0.0005
205 0.2686 0.1519 0.3503 0.1201 0.0996 0.0096
206 0.3716 0.0225 0.2939 0.2437 0.0635 0.0049
207 0.3452 0.2773 0.2998 0.0260 0.0456 0.0061
208 0.2617 0.2007 0.4741 0.0469 0.0154 0.0011
209 0.4814 0.1575 0.2722 0.0354 0.0519 0.0017
210 0.3987 0.0732 0.2739 0.1549 0.0977 0.0017
211 0.3474 0.0452 0.3586 0.1761 0.0533 0.0193
212 0.1184 0.0471 0.3096 0.4365 0.0497 0.0387
213 0.2937 0.1420 0.5112 0.0388 0.0134 0.0008
214 0.5850 0.0698 0.2515 0.0401 0.0523 0.0014
215 0.3008 0.0275 0.4585 0.1741 0.0338 0.0053
216 0.1726 0.1925 0.3596 0.1925 0.0803 0.0024
217 0.1255 0.0786 0.2874 0.4812 0.0193 0.0081
218 0.5903 0.0844 0.2598 0.0182 0.0462 0.0011
219 0.6152 0.1221 0.2194 0.0126 0.0299 0.0006
220 0.5640 0.1566 0.1748 0.0663 0.0349 0.0031
221 0.5146 0.1658 0.2031 0.0230 0.0930 0.0007
222 0.5225 0.1473 0.1891 0.0292 0.1112 0.0009
223 0.4023 0.1277 0.3135 0.0612 0.0884 0.0069
224 0.3794 0.1406 0.3591 0.0501 0.0649 0.0057
225 0.2186 0.0704 0.2021 0.4629 0.0363 0.0097
226 0.2491 0.0938 0.2571 0.3513 0.0426 0.0060
227 0.4531 0.1628 0.2407 0.0409 0.0872 0.0152
228 0.2996 0.0806 0.4094 0.1530 0.0512 0.0063
229 0.4023 0.0824 0.4150 0.0473 0.0508 0.0020
230 0.3574 0.0263 0.3689 0.1812 0.0612 0.0050
231 0.4294 0.0309 0.1655 0.3291 0.0406 0.0045
232 0.5435 0.1122 0.1608 0.0783 0.0975 0.0076
233 0.4302 0.1038 0.2231 0.1407 0.0895 0.0126
234 0.2759 0.0315 0.3381 0.3176 0.0257 0.0110
235 0.4807 0.1115 0.2035 0.1089 0.0816 0.0136
236 0.5342 0.1449 0.2622 0.0321 0.0219 0.0050
237 0.5146 0.1697 0.2301 0.0370 0.0373 0.0113
238 0.5176 0.0845 0.1566 0.0604 0.1788 0.0025
239 0.3252 0.2133 0.2869 0.0522 0.1205 0.0020
240 0.3145 0.2161 0.2668 0.0429 0.1520 0.0077
241 0.6484 0.1381 0.1287 0.0369 0.0218 0.0263
242 0.4888 0.1236 0.2678 0.0566 0.0562 0.0069
243 0.5029 0.1464 0.1583 0.0953 0.0888 0.0081
244 0.4712 0.0421 0.2881 0.1747 0.0220 0.0020
245 0.3186 0.1219 0.5298 0.0132 0.0157 0.0010
246 0.2316 0.2751 0.3142 0.1211 0.0505 0.0076
247 0.2803 0.0917 0.1987 0.3684 0.0514 0.0096
248 0.4053 0.0933 0.2401 0.2152 0.0315 0.0148
249 0.2651 0.0518 0.2001 0.3484 0.0999 0.0348
250 0.5005 0.1785 0.1703 0.1143 0.0349 0.0018
251 0.4541 0.1724 0.1486 0.0615 0.1570 0.0065
252 0.4414 0.2152 0.2273 0.0607 0.0531 0.0022
253 0.2253 0.5405 0.2004 0.0194 0.0103 0.0038
254 0.4634 0.0617 0.2578 0.1678 0.0408 0.0084
255 0.3894 0.0519 0.2085 0.3306 0.0155 0.0040
256 0.3306 0.0709 0.2380 0.2827 0.0732 0.0047
257 0.3948 0.1620 0.3650 0.0327 0.0446 0.0010
258 0.3970 0.1720 0.2749 0.0825 0.0728 0.0008
259 0.3577 0.0677 0.2637 0.2327 0.0682 0.0101
260 0.2004 0.1727 0.4922 0.1073 0.0259 0.0015
261 0.7529 0.0347 0.0845 0.0084 0.1182 0.0013
262 0.6885 0.1031 0.1399 0.0232 0.0437 0.0013
263 0.7324 0.0815 0.0748 0.0226 0.0875 0.0010
264 0.6030 0.0611 0.2379 0.0430 0.0535 0.0014
265 0.1949 0.2012 0.2262 0.0358 0.3369 0.0049
266 0.0910 0.1421 0.4585 0.2737 0.0263 0.0085
267 0.1653 0.2971 0.3813 0.1328 0.0173 0.0062
268 0.1090 0.1294 0.3010 0.4448 0.0119 0.0040
269 0.0955 0.0305 0.1134 0.7397 0.0101 0.0109
270 0.1553 0.0781 0.1528 0.4221 0.0316 0.1602
