time exciting_prob fearful_prob tense_prob sad_prob relaxing_prob neutral_prob
0 0.1693 0.0467 0.2971 0.3877 0.0128 0.0865
1 0.6313 0.0201 0.1243 0.1754 0.0186 0.0300
2 0.8052 0.0163 0.0862 0.0709 0.0178 0.0035
3 0.7495 0.0118 0.1272 0.0888 0.0204 0.0020
4 0.7886 0.0193 0.1191 0.0485 0.0224 0.0022
5 0.5176 0.0085 0.2522 0.1415 0.0706 0.0096
6 0.4680 0.0108 0.2354 0.2142 0.0605 0.0110
7 0.1277 0.0124 0.0580 0.0434 0.7578 0.0006
8 0.0955 0.0072 0.0414 0.0553 0.7998 0.0005
9 0.1072 0.0055 0.0315 0.0251 0.8306 0.0003
10 0.1375 0.0163 0.1582 0.2064 0.4800 0.0016
11 0.3630 0.0687 0.2615 0.2151 0.0374 0.0544
12 0.1659 0.0416 0.3325 0.3950 0.0578 0.0070
13 0.2256 0.1009 0.3777 0.1730 0.1161 0.0067
14 0.1429 0.0373 0.0453 0.5107 0.2568 0.0069
15 0.2218 0.0200 0.1124 0.2435 0.3984 0.0038
16 0.3840 0.0303 0.1887 0.0739 0.3210 0.0021
17 0.2637 0.0259 0.0465 0.2698 0.3896 0.0046
18 0.0824 0.0417 0.1445 0.6582 0.0374 0.0357
19 0.5825 0.0138 0.0277 0.1696 0.1937 0.0125
20 0.7080 0.0135 0.0163 0.0865 0.1708 0.0047
21 0.2925 0.0169 0.0260 0.4158 0.2463 0.0027
22 0.3599 0.0282 0.0544 0.3330 0.2218 0.0028
23 0.5181 0.0412 0.1156 0.2245 0.0943 0.0064
24 0.3647 0.0125 0.1473 0.2930 0.0959 0.0866
25 0.3970 0.0060 0.1289 0.2209 0.0609 0.1862
26 0.4968 0.0149 0.1327 0.1153 0.1504 0.0898
27 0.0654 0.0502 0.1985 0.6509 0.0295 0.0056
28 0.0401 0.5278 0.1973 0.2307 0.0032 0.0007
29 0.0266 0.3018 0.2140 0.4531 0.0039 0.0005
30 0.0330 0.1703 0.2120 0.5762 0.0057 0.0028
31 0.4492 0.0213 0.1692 0.1732 0.1050 0.0818
32 0.5786 0.0490 0.1558 0.0629 0.1071 0.0468
33 0.4631 0.0544 0.1401 0.0455 0.1976 0.0994
34 0.2109 0.0563 0.3479 0.3372 0.0189 0.0288
35 0.1821 0.0359 0.2649 0.4578 0.0498 0.0094
36 0.4077 0.0153 0.0992 0.4478 0.0253 0.0046
37 0.1180 0.0787 0.1614 0.2578 0.3752 0.0088
38 0.1191 0.1210 0.1415 0.5596 0.0521 0.0067
39 0.1564 0.0261 0.0934 0.4524 0.2703 0.0014
40 0.0953 0.0630 0.1080 0.5400 0.1895 0.0044
41 0.2080 0.0569 0.2510 0.3708 0.1096 0.0039
42 0.4856 0.0371 0.1287 0.2206 0.1109 0.0171
43 0.4031 0.0474 0.2124 0.1309 0.2010 0.0054
44 0.4216 0.0617 0.2292 0.0756 0.2072 0.0046
45 0.1726 0.0676 0.2358 0.3828 0.1387 0.0024
46 0.2515 0.0544 0.1959 0.3386 0.1575 0.0022
47 0.1593 0.0390 0.1112 0.3943 0.2930 0.0033
48 0.2133 0.0543 0.1283 0.4658 0.1273 0.0110
49 0.3555 0.0408 0.1277 0.3210 0.1448 0.0101
50 0.1498 0.0591 0.2844 0.2756 0.2214 0.0097
51 0.1973 0.0243 0.4241 0.3103 0.0174 0.0267
52 0.0999 0.0257 0.5317 0.3079 0.0230 0.0119
53 0.1227 0.0532 0.2659 0.5210 0.0289 0.0084
54 0.1675 0.0417 0.0969 0.4924 0.0146 0.1869
55 0.2020 0.2576 0.3518 0.1082 0.0111 0.0693
56 0.1312 0.0923 0.1158 0.5698 0.0117 0.0790
57 0.1575 0.0360 0.0762 0.6230 0.0223 0.0850
58 0.0479 0.0334 0.1699 0.6934 0.0156 0.0397
59 0.1454 0.0351 0.4729 0.3052 0.0127 0.0288
60 0.1094 0.0252 0.1052 0.7480 0.0080 0.0042
61 0.1213 0.0382 0.3826 0.3376 0.0309 0.0895
62 0.1365 0.0340 0.4077 0.3828 0.0104 0.0286
63 0.0652 0.1191 0.0892 0.6963 0.0150 0.0153
64 0.3445 0.1589 0.1802 0.0205 0.2834 0.0126
65 0.3145 0.1166 0.1619 0.0387 0.3618 0.0067
66 0.2032 0.1301 0.1583 0.0271 0.4763 0.0050
67 0.2007 0.1276 0.0891 0.0272 0.5498 0.0059
68 0.2101 0.1411 0.1226 0.0303 0.4924 0.0035
69 0.1816 0.3188 0.3137 0.0242 0.1603 0.0014
70 0.1128 0.1309 0.0851 0.5771 0.0313 0.0627
71 0.1392 0.0864 0.1181 0.5591 0.0455 0.0516
72 0.2002 0.0671 0.1488 0.4512 0.1072 0.0257
73 0.1119 0.0415 0.0872 0.5176 0.0260 0.2158
74 0.4792 0.1569 0.0944 0.0513 0.2126 0.0055
75 0.1364 0.3677 0.2732 0.0654 0.1121 0.0453
76 0.2019 0.0293 0.0499 0.6221 0.0503 0.0468
77 0.2300 0.0347 0.0582 0.5347 0.0952 0.0471
78 0.2698 0.0810 0.1687 0.0621 0.4048 0.0137
79 0.2135 0.1742 0.1016 0.0191 0.4885 0.0030
80 0.0576 0.0633 0.7246 0.1230 0.0270 0.0043
81 0.0415 0.0415 0.7959 0.1052 0.0124 0.0033
82 0.2605 0.1052 0.2666 0.0807 0.2729 0.0141
83 0.1550 0.0312 0.0986 0.5669 0.0274 0.1207
84 0.3762 0.0654 0.1373 0.2178 0.0214 0.1819
85 0.1011 0.0728 0.5728 0.2314 0.0067 0.0150
86 0.0511 0.0933 0.4314 0.4053 0.0088 0.0099
87 0.0578 0.1072 0.5527 0.2612 0.0085 0.0124
88 0.4927 0.0870 0.1400 0.0077 0.2720 0.0006
89 0.3660 0.1066 0.1125 0.0082 0.4053 0.0014
90 0.1006 0.1476 0.4878 0.1910 0.0351 0.0379
91 0.0996 0.1617 0.3450 0.3477 0.0240 0.0219
92 0.2072 0.0637 0.1058 0.0208 0.5996 0.0030
93 0.1781 0.3655 0.1488 0.0367 0.2695 0.0014
94 0.0874 0.0555 0.5029 0.2129 0.0439 0.0975
95 0.1384 0.0644 0.5649 0.1095 0.0624 0.0605
96 0.2251 0.1132 0.4270 0.1080 0.0784 0.0483
97 0.1305 0.0310 0.1550 0.6133 0.0503 0.0200
98 0.1121 0.0193 0.0614 0.7427 0.0254 0.0391
99 0.5479 0.0945 0.1835 0.0132 0.1594 0.0015
100 0.1412 0.0830 0.3992 0.2876 0.0646 0.0244
101 0.1869 0.0630 0.2437 0.3716 0.0588 0.0760
102 0.0989 0.0403 0.3792 0.3618 0.0521 0.0680
103 0.2712 0.1243 0.4043 0.0506 0.1487 0.0009
104 0.3037 0.1381 0.3062 0.0516 0.1992 0.0011
105 0.2451 0.0216 0.0834 0.6064 0.0094 0.0340
106 0.2191 0.0684 0.3669 0.1816 0.0793 0.0845
107 0.2942 0.0448 0.1368 0.2021 0.0278 0.2942
108 0.0419 0.0153 0.5352 0.0959 0.0119 0.3000
109 0.0649 0.0685 0.1439 0.6553 0.0345 0.0331
110 0.1389 0.0291 0.1826 0.4626 0.0084 0.1783
111 0.2644 0.0363 0.2227 0.3450 0.1129 0.0187
112 0.3164 0.0209 0.1530 0.3875 0.0957 0.0266
113 0.1270 0.0740 0.4868 0.2585 0.0456 0.0081
114 0.1179 0.0804 0.5581 0.1812 0.0579 0.0049
115 0.0797 0.0522 0.6118 0.2198 0.0300 0.0064
116 0.3140 0.2192 0.2141 0.0292 0.2091 0.0143
117 0.5317 0.0917 0.1168 0.0324 0.2217 0.0055
118 0.2141 0.0326 0.1604 0.4751 0.0706 0.0474
119 0.3652 0.1464 0.2250 0.1646 0.0670 0.0319
120 0.4468 0.0880 0.0664 0.0297 0.3645 0.0047
121 0.5063 0.1221 0.1240 0.0260 0.2177 0.0040
122 0.0881 0.0742 0.4011 0.3596 0.0312 0.0457
123 0.1367 0.0947 0.3130 0.3630 0.0253 0.0671
124 0.3000 0.0400 0.1877 0.4365 0.0169 0.0187
125 0.0576 0.0800 0.5303 0.3069 0.0132 0.0121
126 0.2703 0.0949 0.3110 0.2854 0.0112 0.0270
127 0.2788 0.0858 0.1118 0.4526 0.0576 0.0133
128 0.2081 0.0391 0.2198 0.4172 0.0367 0.0790
129 0.1226 0.0365 0.3547 0.3660 0.0575 0.0626
130 0.2573 0.1598 0.0816 0.3601 0.0503 0.0910
131 0.2043 0.1361 0.1299 0.3730 0.0288 0.1279
132 0.1660 0.0450 0.1941 0.4478 0.0376 0.1097
133 0.0795 0.0122 0.1373 0.6973 0.0180 0.0555
134 0.2576 0.1664 0.0444 0.4775 0.0421 0.0119
135 0.1315 0.0611 0.1501 0.6030 0.0194 0.0348
136 0.0523 0.0856 0.1715 0.5986 0.0174 0.0749
137 0.2145 0.0990 0.0505 0.5693 0.0482 0.0182
138 0.2654 0.0218 0.1388 0.3687 0.1942 0.0111
139 0.0885 0.0393 0.1816 0.3188 0.0481 0.3237
140 0.1140 0.0083 0.0675 0.7910 0.0090 0.0101
141 0.1675 0.0791 0.4048 0.2456 0.0433 0.0597
142 0.2079 0.0930 0.2932 0.3098 0.0498 0.0464
143 0.2588 0.2979 0.0543 0.3403 0.0162 0.0327
144 0.2512 0.1660 0.0225 0.3684 0.1304 0.0616
145 0.3159 0.0238 0.1917 0.2106 0.1858 0.0722
146 0.4639 0.0231 0.2581 0.0793 0.1482 0.0274
147 0.2054 0.1266 0.3440 0.1600 0.0978 0.0662
148 0.1992 0.0289 0.4856 0.2122 0.0289 0.0452
149 0.1411 0.0261 0.3960 0.3718 0.0229 0.0421
150 0.1680 0.1787 0.0399 0.5132 0.0892 0.0111
151 0.1650 0.1716 0.0817 0.4812 0.0850 0.0155
152 0.1377 0.2004 0.0883 0.4587 0.0883 0.0267
153 0.1324 0.1197 0.0720 0.5117 0.1099 0.0540
154 0.1071 0.0730 0.1332 0.0685 0.6113 0.0071
155 0.3574 0.1742 0.1188 0.0085 0.3384 0.0028
156 0.1976 0.0540 0.3440 0.3606 0.0303 0.0134
157 0.4226 0.0586 0.2299 0.2524 0.0174 0.0190
158 0.1504 0.1479 0.4250 0.1857 0.0603 0.0308
159 0.0690 0.0826 0.1748 0.4980 0.0581 0.1174
160 0.2340 0.0186 0.1635 0.5234 0.0241 0.0365
161 0.3223 0.0262 0.0439 0.5190 0.0129 0.0759
162 0.4116 0.1207 0.2637 0.0933 0.1041 0.0065
163 0.2338 0.0327 0.2031 0.2864 0.1594 0.0847
164 0.1957 0.0510 0.6216 0.0743 0.0312 0.0261
165 0.4702 0.1276 0.2103 0.0933 0.0756 0.0229
166 0.1709 0.1321 0.3850 0.1497 0.0696 0.0929
167 0.0974 0.1156 0.6650 0.0321 0.0344 0.0555
168 0.2220 0.0261 0.1389 0.4626 0.0177 0.1326
169 0.2202 0.1959 0.1378 0.0557 0.3835 0.0067
170 0.1925 0.1431 0.1925 0.1925 0.1647 0.1149
171 0.1656 0.1462 0.2690 0.3000 0.0331 0.0859
172 0.3616 0.1102 0.1996 0.2524 0.0432 0.0331
173 0.6353 0.0426 0.1428 0.0614 0.1005 0.0173
174 0.1609 0.1713 0.3984 0.0660 0.1881 0.0152
175 0.2910 0.0639 0.1451 0.0342 0.4438 0.0219
176 0.3477 0.0776 0.1506 0.0114 0.4062 0.0064
177 0.1274 0.1514 0.6226 0.0804 0.0168 0.0016
178 0.1439 0.1290 0.6011 0.1094 0.0144 0.0023
179 0.2573 0.2219 0.1133 0.0451 0.3545 0.0077
180 0.3860 0.2305 0.1196 0.0257 0.2360 0.0022
181 0.2520 0.0492 0.3086 0.3086 0.0466 0.0352
182 0.4927 0.0553 0.1180 0.2136 0.0750 0.0455
183 0.5688 0.0690 0.1061 0.1289 0.0914 0.0355
184 0.6382 0.0118 0.0824 0.1639 0.0787 0.0249
185 0.2551 0.0803 0.0436 0.5073 0.0822 0.0312
186 0.2437 0.1008 0.0677 0.5449 0.0310 0.0120
187 0.2477 0.1066 0.2053 0.1368 0.0883 0.2152
188 0.1666 0.1318 0.3582 0.1191 0.0995 0.1248
189 0.1177 0.1409 0.5659 0.0514 0.0676 0.0569
190 0.3232 0.0325 0.3496 0.2239 0.0303 0.0405
191 0.2133 0.0437 0.1824 0.3201 0.0822 0.1584
192 0.2191 0.1060 0.0865 0.4785 0.0445 0.0653
193 0.1257 0.3391 0.0637 0.2947 0.1101 0.0668
194 0.1427 0.3218 0.1061 0.2751 0.1111 0.0432
195 0.1288 0.1003 0.3501 0.3340 0.0425 0.0442
196 0.1486 0.0600 0.4795 0.2507 0.0299 0.0314
197 0.1216 0.3333 0.2439 0.0146 0.2830 0.0037
198 0.1951 0.1174 0.0794 0.5259 0.0428 0.0393
199 0.1594 0.0189 0.1087 0.4299 0.0243 0.2588
200 0.1385 0.0097 0.0494 0.4011 0.0216 0.3796
201 0.3066 0.1027 0.1542 0.3848 0.0206 0.0311
202 0.3572 0.0499 0.2593 0.2612 0.0189 0.0535
203 0.4277 0.1245 0.0984 0.0241 0.3179 0.0074
204 0.2935 0.0494 0.1865 0.2800 0.0809 0.1097
205 0.2375 0.0373 0.1312 0.5312 0.0162 0.0464
206 0.5806 0.0338 0.1663 0.0656 0.0862 0.0677
207 0.3489 0.2167 0.0731 0.2825 0.0682 0.0106
208 0.3005 0.0226 0.3005 0.2529 0.0243 0.0991
209 0.4690 0.0367 0.2216 0.2081 0.0176 0.0468
210 0.2954 0.0873 0.2373 0.1998 0.0873 0.0930
211 0.3542 0.0910 0.0842 0.0626 0.3801 0.0280
212 0.0808 0.1849 0.2690 0.4368 0.0117 0.0164
213 0.3608 0.0647 0.1691 0.0196 0.3840 0.0018
214 0.2129 0.2413 0.0874 0.3650 0.0530 0.0403
215 0.1823 0.1233 0.3005 0.2822 0.0923 0.0194
216 0.2260 0.1110 0.3528 0.1680 0.1019 0.0405
217 0.2430 0.1462 0.0880 0.0394 0.4685 0.0147
218 0.1528 0.0793 0.0793 0.0806 0.5591 0.0489
219 0.7173 0.0389 0.0850 0.0369 0.1180 0.0037
220 0.4800 0.0556 0.0569 0.0945 0.3101 0.0030
221 0.4968 0.0488 0.1066 0.0163 0.3311 0.0004
222 0.0937 0.1071 0.5229 0.1984 0.0685 0.0096
223 0.0823 0.0750 0.4739 0.3157 0.0448 0.0086
224 0.0947 0.1143 0.4663 0.2742 0.0392 0.0116
225 0.4055 0.1799 0.1434 0.0272 0.2384 0.0055
226 0.0542 0.1094 0.6597 0.1555 0.0071 0.0139
227 0.0674 0.1192 0.5513 0.2484 0.0056 0.0080
228 0.0534 0.0288 0.4404 0.3074 0.0129 0.1570
229 0.6836 0.0340 0.0803 0.1151 0.0552 0.0320
230 0.7842 0.0252 0.0866 0.0403 0.0400 0.0237
231 0.0955 0.0511 0.0300 0.7690 0.0308 0.0236
232 0.1826 0.0761 0.0310 0.6626 0.0298 0.0179
233 0.5396 0.1213 0.0881 0.0275 0.2113 0.0124
234 0.2262 0.1329 0.1748 0.1860 0.2544 0.0256
235 0.0561 0.2698 0.5625 0.1057 0.0020 0.0040
236 0.1460 0.0712 0.6753 0.0845 0.0193 0.0039
237 0.4092 0.0723 0.1404 0.3394 0.0352 0.0037
238 0.3093 0.0283 0.1331 0.3616 0.0943 0.0735
239 0.3379 0.0539 0.2756 0.2251 0.0592 0.0483
240 0.3440 0.0165 0.0843 0.4702 0.0312 0.0536
241 0.3931 0.0278 0.2617 0.2384 0.0727 0.0063
242 0.5186 0.0416 0.2247 0.1619 0.0479 0.0058
243 0.2455 0.0616 0.3008 0.1345 0.2324 0.0253
244 0.2351 0.1654 0.3586 0.0508 0.1818 0.0083
245 0.2520 0.1414 0.3259 0.0927 0.1718 0.0164
246 0.2556 0.1539 0.3870 0.0593 0.1348 0.0095
247 0.6206 0.0359 0.1122 0.1644 0.0304 0.0364
248 0.5947 0.0627 0.2137 0.0805 0.0369 0.0112
249 0.5757 0.0755 0.2656 0.0646 0.0117 0.0072
250 0.4692 0.0239 0.2018 0.2115 0.0731 0.0205
251 0.4536 0.0248 0.2211 0.2428 0.0425 0.0150
252 0.5781 0.0685 0.1696 0.1212 0.0478 0.0148
253 0.5464 0.0467 0.1603 0.1747 0.0331 0.0387
254 0.5049 0.0323 0.1638 0.2008 0.0135 0.0850
255 0.3042 0.0793 0.1035 0.2993 0.0264 0.1874
256 0.1136 0.1553 0.1349 0.1288 0.0181 0.4492
257 0.1136 0.1553 0.1349 0.1288 0.0181 0.4492
258 0.1136 0.1553 0.1349 0.1288 0.0181 0.4492
259 0.6152 0.1331 0.0609 0.0103 0.1791 0.0015
260 0.6138 0.1307 0.0617 0.0106 0.1815 0.0016
261 0.5894 0.1357 0.0612 0.0141 0.1974 0.0021
