time exciting_prob fearful_prob tense_prob sad_prob relaxing_prob neutral_prob
0 0.2527 0.4365 0.0595 0.1384 0.0321 0.0807
1 0.0527 0.0527 0.7158 0.1548 0.0124 0.0116
2 0.3862 0.0507 0.0392 0.4048 0.1098 0.0091
3 0.3723 0.0389 0.0657 0.4421 0.0695 0.0112
4 0.2766 0.0545 0.1718 0.4026 0.0919 0.0028
5 0.3188 0.0331 0.2603 0.2815 0.0988 0.0073
6 0.1411 0.0216 0.6836 0.1433 0.0085 0.0016
7 0.3215 0.0525 0.5645 0.0152 0.0460 0.0004
8 0.0659 0.0301 0.8403 0.0563 0.0060 0.0013
9 0.2474 0.0127 0.2052 0.5078 0.0257 0.0013
10 0.0940 0.0792 0.7280 0.0699 0.0284 0.0005
11 0.0739 0.1716 0.4595 0.2617 0.0320 0.0014
12 0.0872 0.0944 0.3450 0.4033 0.0604 0.0095
13 0.0606 0.0368 0.3032 0.5405 0.0414 0.0178
14 0.0562 0.1565 0.4973 0.2703 0.0121 0.0077
15 0.0886 0.1351 0.2773 0.4502 0.0375 0.0112
16 0.0485 0.0396 0.1448 0.7241 0.0052 0.0378
17 0.4773 0.0251 0.1637 0.2615 0.0636 0.0088
18 0.3491 0.0469 0.4082 0.1357 0.0565 0.0034
19 0.4736 0.0192 0.2554 0.1663 0.0817 0.0038
20 0.4343 0.0305 0.2634 0.2289 0.0356 0.0074
21 0.1530 0.0734 0.5176 0.2124 0.0366 0.0073
22 0.1182 0.0405 0.6392 0.1591 0.0219 0.0214
23 0.0707 0.0478 0.5918 0.2627 0.0173 0.0096
24 0.3745 0.0119 0.0709 0.3547 0.1854 0.0025
25 0.2791 0.0236 0.0878 0.5210 0.0787 0.0097
26 0.0593 0.1857 0.4741 0.2498 0.0205 0.0107
27 0.1119 0.0679 0.2727 0.4094 0.0262 0.1119
28 0.1417 0.0901 0.2487 0.3975 0.0361 0.0859
29 0.1454 0.0698 0.2397 0.4143 0.1097 0.0211
30 0.1880 0.2651 0.0610 0.1088 0.3679 0.0091
31 0.1758 0.1539 0.1423 0.0303 0.4971 0.0006
32 0.0545 0.0310 0.0095 0.0118 0.8931 0.0001
33 0.0829 0.0376 0.0253 0.0171 0.8369 0.0002
34 0.1652 0.1066 0.0524 0.0173 0.6582 0.0002
35 0.2264 0.0908 0.0974 0.0546 0.5308 0.0002
36 0.0787 0.0706 0.0812 0.0980 0.6694 0.0022
37 0.3267 0.1044 0.0629 0.0415 0.4644 0.0001
38 0.3899 0.1368 0.0837 0.0710 0.3181 0.0003
39 0.3408 0.1089 0.0671 0.0715 0.4111 0.0006
40 0.0397 0.0273 0.0923 0.1837 0.6514 0.0058
41 0.1221 0.0474 0.0318 0.0550 0.7417 0.0019
42 0.0492 0.0106 0.0994 0.7227 0.1161 0.0019
43 0.0367 0.0119 0.0471 0.8540 0.0486 0.0017
44 0.0665 0.0163 0.0591 0.0724 0.7847 0.0010
45 0.0095 0.0179 0.0302 0.6401 0.3022 0.0003
46 0.5381 0.0478 0.0764 0.1229 0.2141 0.0007
47 0.3381 0.0461 0.0518 0.0394 0.5234 0.0009
48 0.1777 0.2732 0.1037 0.2145 0.2301 0.0008
49 0.1158 0.4839 0.0771 0.1880 0.1344 0.0009
50 0.1016 0.0414 0.0621 0.0138 0.7808 0.0003
51 0.1671 0.1879 0.0460 0.1406 0.4578 0.0008
52 0.2566 0.0873 0.0422 0.5347 0.0770 0.0025
53 0.2162 0.1582 0.0634 0.1670 0.3945 0.0007
54 0.1071 0.0461 0.0686 0.0053 0.7729 0.0002
55 0.0751 0.0603 0.0987 0.0073 0.7583 0.0004
56 0.2522 0.1238 0.1448 0.1102 0.3669 0.0021
57 0.4924 0.1064 0.0883 0.0947 0.2168 0.0015
58 0.3333 0.1537 0.1444 0.0779 0.2871 0.0035
59 0.0375 0.0545 0.1259 0.4824 0.2971 0.0026
60 0.1102 0.1028 0.1981 0.4065 0.1803 0.0022
61 0.0599 0.2227 0.2333 0.2644 0.2191 0.0006
62 0.1230 0.0826 0.2045 0.3369 0.2505 0.0025
63 0.1807 0.0923 0.1683 0.2063 0.3508 0.0015
64 0.1609 0.1006 0.1097 0.2358 0.3918 0.0011
65 0.0530 0.0578 0.0526 0.2568 0.5791 0.0008
66 0.1571 0.0930 0.3679 0.1194 0.2610 0.0015
67 0.1130 0.1533 0.3884 0.2047 0.1385 0.0019
68 0.1726 0.2737 0.2416 0.1115 0.1987 0.0020
69 0.0457 0.0573 0.0875 0.6265 0.1823 0.0010
70 0.0616 0.0682 0.0836 0.4021 0.3835 0.0008
71 0.0551 0.6812 0.1520 0.0685 0.0409 0.0024
72 0.0833 0.3733 0.0944 0.1820 0.2646 0.0022
73 0.2045 0.1967 0.1183 0.0746 0.4036 0.0023
74 0.1210 0.1060 0.1210 0.1720 0.4785 0.0015
75 0.0468 0.2180 0.0394 0.0998 0.5928 0.0034
76 0.0512 0.0459 0.6240 0.2727 0.0012 0.0047
77 0.0128 0.2520 0.5859 0.1459 0.0005 0.0027
78 0.1460 0.1361 0.3066 0.3044 0.0886 0.0183
79 0.1001 0.0401 0.3662 0.4629 0.0208 0.0100
80 0.0962 0.0454 0.2418 0.3384 0.2739 0.0044
81 0.1436 0.0528 0.3235 0.3015 0.1731 0.0058
82 0.1614 0.0786 0.4780 0.2598 0.0156 0.0065
83 0.3533 0.1279 0.1532 0.3093 0.0551 0.0010
84 0.3645 0.0649 0.1342 0.3733 0.0609 0.0022
85 0.1600 0.2072 0.5127 0.1171 0.0025 0.0007
86 0.1814 0.1126 0.5586 0.1423 0.0033 0.0015
87 0.2939 0.0427 0.3330 0.2893 0.0365 0.0046
88 0.3538 0.0543 0.4834 0.0821 0.0244 0.0020
89 0.0978 0.0584 0.6182 0.2136 0.0110 0.0011
90 0.2212 0.0342 0.1952 0.5063 0.0381 0.0048
91 0.4180 0.0656 0.2202 0.2037 0.0773 0.0152
92 0.3325 0.0423 0.4336 0.1476 0.0403 0.0038
93 0.0319 0.0490 0.1543 0.7598 0.0048 0.0005
94 0.2898 0.0458 0.2239 0.3870 0.0500 0.0037
95 0.1379 0.0466 0.1857 0.5811 0.0402 0.0086
96 0.3267 0.1472 0.1094 0.0900 0.3215 0.0051
97 0.3845 0.0063 0.2522 0.3289 0.0242 0.0038
98 0.3154 0.0159 0.1769 0.4246 0.0602 0.0070
99 0.2896 0.0420 0.3179 0.3359 0.0078 0.0068
100 0.0892 0.0603 0.7642 0.0806 0.0043 0.0013
101 0.3057 0.2134 0.3687 0.0671 0.0307 0.0142
102 0.4028 0.0717 0.1382 0.3289 0.0567 0.0017
103 0.1737 0.0795 0.5269 0.1892 0.0281 0.0028
104 0.1262 0.0350 0.6714 0.0952 0.0686 0.0035
105 0.2167 0.0651 0.5200 0.1024 0.0876 0.0084
106 0.1548 0.0611 0.4480 0.3176 0.0089 0.0095
107 0.4236 0.1725 0.2357 0.1213 0.0464 0.0005
108 0.2561 0.0262 0.1843 0.5093 0.0185 0.0058
109 0.3003 0.1149 0.3098 0.2266 0.0370 0.0116
110 0.1813 0.0544 0.6279 0.1009 0.0308 0.0049
111 0.3994 0.0683 0.1772 0.3037 0.0500 0.0013
112 0.2820 0.2247 0.3071 0.1724 0.0135 0.0004
113 0.2517 0.0117 0.1256 0.5854 0.0175 0.0082
114 0.1443 0.1141 0.4622 0.2379 0.0391 0.0025
115 0.0139 0.0073 0.0121 0.0585 0.9077 0.0004
116 0.0497 0.0171 0.0649 0.4434 0.4231 0.0020
117 0.1101 0.0292 0.5635 0.2703 0.0257 0.0011
118 0.0930 0.0403 0.7427 0.0959 0.0277 0.0003
119 0.0601 0.0277 0.8496 0.0426 0.0192 0.0009
120 0.0378 0.0304 0.8213 0.0880 0.0189 0.0035
121 0.0492 0.0190 0.8066 0.1058 0.0133 0.0061
122 0.0458 0.0300 0.4587 0.2761 0.1882 0.0012
123 0.0447 0.0424 0.5757 0.2678 0.0656 0.0036
124 0.2542 0.0179 0.1530 0.5137 0.0512 0.0102
125 0.0312 0.1049 0.5586 0.2087 0.0941 0.0025
126 0.0550 0.2905 0.5347 0.0729 0.0464 0.0005
127 0.2306 0.0882 0.3628 0.2654 0.0523 0.0006
128 0.4165 0.0319 0.1332 0.3096 0.1061 0.0028
129 0.4194 0.0951 0.1472 0.3142 0.0214 0.0026
130 0.1412 0.0282 0.1575 0.6528 0.0194 0.0008
131 0.1042 0.1118 0.0964 0.2922 0.3933 0.0019
132 0.1160 0.0984 0.1015 0.2252 0.4585 0.0003
133 0.6318 0.0791 0.1755 0.0962 0.0161 0.0011
134 0.1982 0.0581 0.1174 0.5557 0.0638 0.0065
135 0.2321 0.0237 0.3376 0.2284 0.1594 0.0188
136 0.1941 0.3054 0.3152 0.0748 0.1080 0.0024
137 0.3562 0.1028 0.1792 0.2908 0.0680 0.0030
138 0.3843 0.1248 0.2260 0.1932 0.0695 0.0022
139 0.2524 0.0701 0.3972 0.2605 0.0189 0.0009
140 0.2103 0.0291 0.1799 0.5542 0.0188 0.0077
141 0.2651 0.0660 0.2378 0.3982 0.0265 0.0063
142 0.2467 0.0429 0.3589 0.2246 0.1221 0.0049
143 0.3215 0.0995 0.0921 0.3613 0.1201 0.0054
144 0.3584 0.1760 0.2903 0.1268 0.0459 0.0025
145 0.3872 0.0781 0.3113 0.1705 0.0496 0.0034
146 0.4324 0.0262 0.2388 0.1964 0.1043 0.0021
147 0.2617 0.0856 0.5674 0.0389 0.0444 0.0022
148 0.2749 0.0372 0.2949 0.3477 0.0396 0.0056
149 0.0969 0.0162 0.3176 0.5317 0.0307 0.0066
150 0.2115 0.1741 0.3831 0.1754 0.0535 0.0024
151 0.3889 0.2959 0.1312 0.1420 0.0413 0.0009
152 0.4434 0.0186 0.1384 0.3674 0.0195 0.0127
153 0.3262 0.0934 0.3042 0.1918 0.0825 0.0020
154 0.1874 0.3669 0.1591 0.1859 0.0988 0.0020
155 0.1355 0.2551 0.2035 0.3625 0.0401 0.0032
156 0.3257 0.1626 0.3157 0.0941 0.1010 0.0009
157 0.1639 0.3262 0.3186 0.0898 0.1010 0.0004
158 0.2700 0.0092 0.3635 0.3413 0.0133 0.0026
159 0.2947 0.2747 0.2190 0.0864 0.1248 0.0007
160 0.2073 0.0613 0.1947 0.2878 0.2462 0.0027
161 0.1959 0.0511 0.1490 0.1611 0.4382 0.0045
162 0.3589 0.0776 0.2372 0.2245 0.0859 0.0160
163 0.0814 0.1231 0.1709 0.1508 0.4719 0.0020
164 0.2278 0.0533 0.4221 0.1948 0.0964 0.0056
165 0.3704 0.0505 0.0936 0.4263 0.0555 0.0036
166 0.1122 0.0522 0.4653 0.2693 0.0960 0.0050
167 0.2800 0.1387 0.3274 0.1114 0.1398 0.0026
168 0.3669 0.0294 0.4749 0.0972 0.0290 0.0024
169 0.0752 0.0478 0.3760 0.4753 0.0149 0.0105
170 0.1193 0.1764 0.3562 0.3245 0.0219 0.0019
171 0.1394 0.0886 0.2372 0.5181 0.0138 0.0030
172 0.2302 0.0047 0.4438 0.3003 0.0158 0.0053
173 0.0768 0.0238 0.6631 0.2257 0.0077 0.0028
174 0.2292 0.0617 0.3440 0.3037 0.0398 0.0215
175 0.2935 0.0479 0.3486 0.2340 0.0681 0.0079
176 0.1412 0.0257 0.1771 0.5806 0.0528 0.0227
177 0.1877 0.3296 0.3618 0.0771 0.0425 0.0012
178 0.2386 0.0234 0.1615 0.5547 0.0143 0.0074
179 0.3904 0.0613 0.2009 0.3162 0.0262 0.0051
180 0.1619 0.1086 0.2646 0.4434 0.0207 0.0007
181 0.0530 0.0573 0.1006 0.6880 0.0298 0.0714
182 0.0499 0.1467 0.4246 0.1526 0.2255 0.0009
183 0.0858 0.0176 0.2622 0.2158 0.4160 0.0026
184 0.2053 0.0527 0.4346 0.0531 0.2537 0.0006
185 0.0585 0.0689 0.3784 0.2349 0.2581 0.0013
186 0.0103 0.0042 0.0258 0.0748 0.8828 0.0021
187 0.0244 0.0441 0.3110 0.5903 0.0212 0.0088
188 0.0157 0.0057 0.0332 0.1343 0.8101 0.0012
189 0.0512 0.0906 0.3474 0.4031 0.1003 0.0074
190 0.0147 0.0704 0.2004 0.3804 0.3306 0.0034
191 0.0199 0.0926 0.2328 0.5327 0.1208 0.0010
192 0.2152 0.1368 0.3440 0.2291 0.0710 0.0038
193 0.2061 0.0833 0.1156 0.5645 0.0299 0.0005
194 0.0904 0.1041 0.1207 0.6323 0.0488 0.0038
195 0.3862 0.0797 0.1958 0.3008 0.0338 0.0035
196 0.0314 0.0866 0.6499 0.1982 0.0084 0.0254
197 0.0396 0.1060 0.6006 0.2244 0.0193 0.0103
198 0.1301 0.1595 0.3650 0.3223 0.0183 0.0047
199 0.2045 0.0958 0.3242 0.3506 0.0206 0.0046
200 0.0264 0.0847 0.1332 0.7090 0.0125 0.0342
201 0.2993 0.1528 0.3667 0.1639 0.0168 0.0007
202 0.4448 0.1812 0.1943 0.1335 0.0454 0.0008
203 0.1750 0.0894 0.4006 0.2355 0.0952 0.0044
204 0.2139 0.1093 0.4526 0.1858 0.0372 0.0012
205 0.2654 0.1039 0.2554 0.2825 0.0910 0.0017
206 0.3000 0.0577 0.4434 0.0981 0.0989 0.0020
207 0.0486 0.0148 0.8750 0.0595 0.0013 0.0010
208 0.1674 0.0748 0.3569 0.3860 0.0105 0.0043
209 0.0350 0.0450 0.5786 0.3171 0.0168 0.0076
210 0.1504 0.0598 0.1390 0.6431 0.0058 0.0017
211 0.0438 0.0844 0.3184 0.4780 0.0089 0.0667
212 0.0405 0.2581 0.6001 0.0892 0.0057 0.0067
213 0.0635 0.1039 0.2571 0.5273 0.0447 0.0032
214 0.0403 0.0639 0.3347 0.5522 0.0083 0.0007
215 0.1886 0.4385 0.2440 0.1074 0.0205 0.0011
216 0.1108 0.0948 0.4663 0.2920 0.0327 0.0034
217 0.2605 0.0311 0.3345 0.3452 0.0142 0.0145
218 0.2522 0.0633 0.1846 0.4568 0.0384 0.0050
219 0.2333 0.0668 0.3474 0.3018 0.0331 0.0176
220 0.1108 0.0607 0.7573 0.0411 0.0269 0.0034
221 0.3618 0.0908 0.1982 0.1544 0.1892 0.0057
222 0.3257 0.0515 0.1276 0.1945 0.2898 0.0109
223 0.3701 0.0966 0.4397 0.0758 0.0146 0.0033
224 0.1256 0.1857 0.3635 0.2537 0.0632 0.0083
225 0.0364 0.3511 0.4724 0.1054 0.0332 0.0014
226 0.3069 0.1279 0.4395 0.1129 0.0077 0.0050
227 0.3828 0.1510 0.4270 0.0134 0.0133 0.0125
228 0.5967 0.0350 0.1833 0.1682 0.0146 0.0022
229 0.3523 0.0257 0.1306 0.4282 0.0598 0.0034
230 0.0624 0.0740 0.5918 0.2467 0.0128 0.0125
231 0.4143 0.1294 0.1927 0.2150 0.0444 0.0041
232 0.5918 0.0605 0.1053 0.2144 0.0198 0.0085
233 0.6875 0.0999 0.0426 0.1547 0.0095 0.0059
234 0.4971 0.0558 0.1886 0.2461 0.0092 0.0033
235 0.5073 0.0896 0.2717 0.0953 0.0259 0.0100
236 0.6328 0.0354 0.0652 0.1564 0.1091 0.0010
237 0.5215 0.0663 0.2463 0.1404 0.0181 0.0075
238 0.6855 0.0609 0.0787 0.0950 0.0763 0.0035
239 0.8232 0.0379 0.0334 0.0327 0.0725 0.0004
240 0.0875 0.0468 0.1740 0.5703 0.0176 0.1039
241 0.6079 0.0749 0.0862 0.0947 0.1335 0.0031
242 0.4080 0.1031 0.1345 0.3201 0.0312 0.0032
243 0.3708 0.1672 0.2433 0.1620 0.0560 0.0006
244 0.0959 0.0901 0.4104 0.3298 0.0192 0.0547
245 0.2134 0.0401 0.3630 0.2961 0.0089 0.0785
246 0.2542 0.0935 0.3557 0.2522 0.0393 0.0049
247 0.2603 0.0546 0.1201 0.4714 0.0832 0.0103
248 0.1948 0.0431 0.2173 0.4746 0.0648 0.0053
249 0.0429 0.0983 0.3948 0.4136 0.0464 0.0042
250 0.1047 0.2051 0.4919 0.0896 0.1072 0.0013
251 0.2361 0.0737 0.3228 0.3152 0.0451 0.0071
252 0.2937 0.0249 0.6074 0.0450 0.0271 0.0016
253 0.2069 0.0335 0.4773 0.0677 0.2118 0.0026
254 0.0320 0.0308 0.2460 0.4668 0.2206 0.0038
255 0.1440 0.0450 0.2129 0.3511 0.2450 0.0021
256 0.1759 0.1026 0.2224 0.4492 0.0255 0.0242
257 0.1729 0.0897 0.2219 0.1550 0.2896 0.0709
258 0.1311 0.1271 0.6709 0.0490 0.0115 0.0103
259 0.0676 0.0188 0.1927 0.3203 0.3984 0.0021
260 0.1071 0.0361 0.4688 0.3484 0.0189 0.0209
261 0.1749 0.0529 0.1484 0.4907 0.0701 0.0629
262 0.2240 0.1814 0.3259 0.2040 0.0335 0.0313
263 0.1935 0.2352 0.4429 0.0648 0.0604 0.0031
264 0.4536 0.1028 0.2263 0.1240 0.0281 0.0653
265 0.1500 0.2100 0.3127 0.2717 0.0351 0.0205
266 0.0763 0.0207 0.2903 0.4602 0.1494 0.0034
267 0.0565 0.0469 0.6890 0.1769 0.0126 0.0181
268 0.0743 0.0230 0.0588 0.2255 0.4773 0.1411
269 0.0342 0.0203 0.1353 0.7905 0.0108 0.0091
270 0.0977 0.0583 0.2654 0.1926 0.3684 0.0175
271 0.0562 0.0301 0.4973 0.2947 0.1172 0.0044
272 0.0991 0.1030 0.5615 0.1672 0.0569 0.0124
273 0.0352 0.1076 0.1641 0.5215 0.1693 0.0026
274 0.1831 0.0567 0.1146 0.2042 0.0478 0.3936
275 0.1071 0.3049 0.1194 0.3455 0.0342 0.0887
276 0.1015 0.1782 0.1283 0.1897 0.0310 0.3713
277 0.1136 0.1553 0.1349 0.1288 0.0181 0.4492
