time exciting_prob fearful_prob tense_prob sad_prob relaxing_prob neutral_prob
0 0.1136 0.1553 0.1349 0.1288 0.0181 0.4492
1 0.0526 0.0952 0.1522 0.6611 0.0049 0.0340
2 0.0458 0.2290 0.3494 0.3660 0.0023 0.0075
3 0.0253 0.4280 0.1676 0.3662 0.0013 0.0117
4 0.0263 0.5444 0.3152 0.1089 0.0016 0.0033
5 0.0241 0.3977 0.2129 0.3621 0.0014 0.0019
6 0.0602 0.4448 0.3745 0.0962 0.0018 0.0225
7 0.1697 0.3765 0.1984 0.2079 0.0055 0.0419
8 0.4128 0.2245 0.1681 0.1508 0.0056 0.0381
9 0.3625 0.2612 0.2532 0.0848 0.0039 0.0343
10 0.2991 0.1552 0.1337 0.3362 0.0104 0.0657
11 0.4143 0.1477 0.1133 0.2871 0.0083 0.0293
12 0.4163 0.1804 0.1696 0.2194 0.0039 0.0106
13 0.5259 0.1996 0.1460 0.1155 0.0040 0.0093
14 0.5430 0.0988 0.1383 0.2076 0.0033 0.0092
15 0.6313 0.1272 0.1252 0.1063 0.0030 0.0069
16 0.0259 0.1755 0.4482 0.1675 0.0129 0.1700
17 0.0274 0.2922 0.4670 0.1381 0.0079 0.0673
18 0.0351 0.5581 0.1813 0.0484 0.0119 0.1650
19 0.0329 0.1453 0.2395 0.4688 0.0645 0.0490
20 0.0202 0.2212 0.3218 0.2839 0.0217 0.1310
21 0.0169 0.1576 0.3235 0.2294 0.0128 0.2598
22 0.0178 0.1976 0.3311 0.2659 0.0076 0.1799
23 0.0506 0.2891 0.3599 0.1971 0.0535 0.0498
24 0.0287 0.2554 0.4556 0.1649 0.0043 0.0911
25 0.1346 0.0883 0.0488 0.5898 0.0187 0.1198
26 0.0901 0.0339 0.0345 0.6157 0.0109 0.2146
27 0.0352 0.6050 0.1173 0.1519 0.0428 0.0478
28 0.0172 0.4033 0.3140 0.1506 0.0138 0.1011
29 0.0169 0.2349 0.3694 0.1257 0.0032 0.2500
30 0.0555 0.1299 0.4001 0.3215 0.0035 0.0893
31 0.0543 0.1442 0.2825 0.3569 0.0038 0.1584
32 0.0912 0.3284 0.3440 0.0912 0.0148 0.1306
33 0.0302 0.5303 0.3704 0.0563 0.0050 0.0079
34 0.0138 0.1746 0.6001 0.0979 0.0020 0.1118
35 0.0609 0.1497 0.2195 0.2373 0.0081 0.3245
36 0.0713 0.1968 0.1332 0.2000 0.0252 0.3735
37 0.0334 0.8682 0.0770 0.0169 0.0030 0.0016
38 0.0385 0.2253 0.4209 0.2593 0.0322 0.0236
39 0.0389 0.3386 0.4778 0.0843 0.0051 0.0553
40 0.0332 0.2080 0.2048 0.3376 0.0084 0.2080
41 0.0161 0.4221 0.3088 0.1732 0.0088 0.0711
42 0.1179 0.1422 0.2345 0.1041 0.0088 0.3926
43 0.0413 0.2432 0.4072 0.1924 0.0192 0.0967
44 0.0594 0.1615 0.4531 0.2581 0.0366 0.0313
45 0.1670 0.6255 0.1462 0.0367 0.0091 0.0158
46 0.1486 0.3975 0.2062 0.1833 0.0182 0.0464
47 0.0801 0.7368 0.1157 0.0412 0.0248 0.0015
48 0.0222 0.2257 0.2598 0.3284 0.0086 0.1552
49 0.1429 0.5610 0.1620 0.1054 0.0133 0.0152
50 0.0113 0.6909 0.2278 0.0274 0.0034 0.0393
51 0.0609 0.2191 0.3394 0.2407 0.0965 0.0435
52 0.0495 0.0473 0.6128 0.1599 0.0134 0.1170
53 0.0295 0.5977 0.2303 0.0938 0.0053 0.0433
54 0.0573 0.2395 0.5396 0.0975 0.0098 0.0560
55 0.0397 0.3379 0.2473 0.1283 0.0070 0.2396
56 0.0203 0.5073 0.2018 0.1740 0.0143 0.0822
57 0.0217 0.6699 0.1694 0.0782 0.0187 0.0418
58 0.1776 0.3020 0.2927 0.1951 0.0052 0.0272
59 0.0172 0.4128 0.3450 0.0633 0.0168 0.1449
60 0.0289 0.3694 0.2876 0.1786 0.0148 0.1208
61 0.0299 0.6489 0.2581 0.0421 0.0100 0.0112
62 0.1010 0.4321 0.2581 0.1705 0.0272 0.0112
63 0.0111 0.6304 0.2078 0.1061 0.0054 0.0394
64 0.0257 0.4109 0.2454 0.2654 0.0251 0.0275
65 0.0283 0.4670 0.3752 0.0745 0.0143 0.0408
66 0.0116 0.4395 0.1775 0.2664 0.0055 0.0995
67 0.0188 0.5835 0.2015 0.1282 0.0059 0.0624
68 0.0192 0.0854 0.5312 0.2671 0.0101 0.0867
69 0.0183 0.0991 0.7095 0.1292 0.0026 0.0413
70 0.0271 0.6523 0.0661 0.1455 0.0779 0.0312
71 0.0138 0.2749 0.6191 0.0812 0.0019 0.0089
72 0.0298 0.6841 0.2222 0.0444 0.0040 0.0152
73 0.0073 0.1691 0.7231 0.0455 0.0016 0.0532
74 0.0241 0.2432 0.2394 0.3765 0.0139 0.1030
75 0.0136 0.4189 0.1360 0.3936 0.0094 0.0283
76 0.0101 0.0503 0.2252 0.4844 0.0117 0.2183
77 0.0762 0.4285 0.3286 0.1481 0.0068 0.0117
78 0.0272 0.8008 0.1482 0.0185 0.0019 0.0034
79 0.0494 0.7144 0.1835 0.0122 0.0030 0.0376
80 0.0172 0.1008 0.6172 0.1741 0.0202 0.0704
81 0.1250 0.3452 0.2229 0.2300 0.0237 0.0533
82 0.0311 0.4949 0.1644 0.2162 0.0157 0.0777
83 0.0278 0.1219 0.1693 0.4673 0.0094 0.2042
84 0.0645 0.0433 0.1187 0.6831 0.0208 0.0698
85 0.0169 0.4573 0.3096 0.1937 0.0117 0.0108
86 0.1046 0.2001 0.2935 0.2250 0.0534 0.1233
87 0.0326 0.5508 0.1831 0.1339 0.0159 0.0838
88 0.0301 0.6050 0.1874 0.0935 0.0384 0.0456
89 0.0225 0.5903 0.2329 0.0837 0.0205 0.0500
90 0.0478 0.5381 0.1693 0.1859 0.0432 0.0157
91 0.0125 0.1203 0.3374 0.1722 0.0041 0.3535
92 0.0115 0.1185 0.2732 0.1764 0.0037 0.4167
93 0.0530 0.2715 0.5073 0.1132 0.0114 0.0436
94 0.1091 0.4119 0.1562 0.1562 0.0078 0.1588
95 0.0605 0.2373 0.2373 0.2229 0.0104 0.2318
96 0.0981 0.3145 0.1697 0.1923 0.0128 0.2128
97 0.1443 0.1313 0.1443 0.3152 0.0118 0.2532
98 0.0370 0.2908 0.1021 0.1631 0.0033 0.4038
99 0.0672 0.5537 0.0955 0.1065 0.0095 0.1676
100 0.0123 0.1631 0.3792 0.1061 0.0045 0.3347
101 0.0094 0.1956 0.3542 0.1039 0.0094 0.3276
102 0.0445 0.3584 0.1802 0.3315 0.0121 0.0734
103 0.1311 0.4436 0.2507 0.1375 0.0252 0.0116
104 0.0411 0.5850 0.2852 0.0612 0.0062 0.0211
105 0.0444 0.4626 0.1514 0.2344 0.0904 0.0170
106 0.0226 0.5015 0.2157 0.1382 0.0892 0.0331
107 0.0355 0.3970 0.3730 0.1211 0.0170 0.0563
108 0.0132 0.5825 0.2429 0.1202 0.0060 0.0350
109 0.0114 0.5591 0.2947 0.0806 0.0133 0.0411
110 0.0148 0.0817 0.0836 0.7866 0.0171 0.0161
111 0.0219 0.0942 0.1076 0.7183 0.0408 0.0173
112 0.0069 0.0840 0.0718 0.8091 0.0099 0.0180
113 0.0499 0.4312 0.2964 0.1389 0.0223 0.0612
114 0.0505 0.5059 0.2445 0.1309 0.0214 0.0470
115 0.0869 0.3955 0.2720 0.2052 0.0181 0.0223
116 0.0218 0.7051 0.1335 0.0876 0.0094 0.0427
117 0.0420 0.6025 0.2571 0.0569 0.0235 0.0178
118 0.0139 0.6592 0.2174 0.0740 0.0179 0.0174
119 0.0352 0.4460 0.3264 0.1339 0.0114 0.0470
120 0.1011 0.1219 0.1948 0.4822 0.0155 0.0845
121 0.1436 0.3159 0.2922 0.2104 0.0097 0.0280
122 0.0960 0.4727 0.1909 0.1511 0.0109 0.0784
123 0.1288 0.1554 0.2124 0.3906 0.0205 0.0921
124 0.0602 0.3687 0.1854 0.2783 0.0434 0.0641
125 0.0777 0.5522 0.1510 0.1131 0.0185 0.0874
126 0.0196 0.0735 0.5352 0.1849 0.0047 0.1820
127 0.0117 0.1572 0.7046 0.0671 0.0044 0.0548
128 0.1866 0.3125 0.1344 0.1205 0.0277 0.2181
129 0.1641 0.4060 0.2969 0.0496 0.0217 0.0618
130 0.0462 0.5859 0.3286 0.0188 0.0117 0.0090
131 0.0362 0.7378 0.1333 0.0681 0.0180 0.0068
132 0.0344 0.2925 0.4390 0.1553 0.0366 0.0421
133 0.0479 0.3079 0.4768 0.1388 0.0067 0.0220
134 0.1707 0.3501 0.1733 0.2406 0.0442 0.0212
135 0.0268 0.1484 0.5181 0.2264 0.0171 0.0629
136 0.0152 0.7119 0.1127 0.1539 0.0021 0.0041
137 0.0313 0.4294 0.3848 0.1155 0.0042 0.0347
138 0.0223 0.6323 0.2678 0.0365 0.0232 0.0175
139 0.0229 0.2874 0.3750 0.2203 0.0245 0.0699
140 0.0900 0.2524 0.4033 0.2372 0.0039 0.0132
141 0.0428 0.4456 0.2205 0.2659 0.0065 0.0188
142 0.0342 0.2373 0.4297 0.1005 0.0017 0.1967
143 0.0429 0.2013 0.4609 0.1669 0.0177 0.1103
144 0.0169 0.7168 0.2365 0.0282 0.0011 0.0006
145 0.0351 0.7046 0.1987 0.0430 0.0114 0.0072
146 0.0851 0.3262 0.1277 0.2500 0.0099 0.2009
147 0.0114 0.4236 0.2568 0.0938 0.0498 0.1646
148 0.0172 0.4746 0.3088 0.0516 0.0717 0.0763
149 0.0256 0.1681 0.4292 0.1630 0.0114 0.2028
150 0.0723 0.6548 0.1028 0.1592 0.0060 0.0048
151 0.0146 0.7266 0.1254 0.1047 0.0235 0.0051
152 0.0259 0.2288 0.1926 0.4919 0.0291 0.0317
153 0.0131 0.2676 0.1727 0.4412 0.0054 0.1000
154 0.0944 0.2732 0.4365 0.1594 0.0131 0.0233
155 0.0660 0.1365 0.7437 0.0464 0.0038 0.0037
156 0.0108 0.1909 0.3979 0.0564 0.0037 0.3403
157 0.0118 0.1313 0.6880 0.0961 0.0027 0.0698
158 0.0256 0.3813 0.3696 0.1693 0.0048 0.0493
159 0.0718 0.5229 0.1984 0.1750 0.0140 0.0179
160 0.0304 0.6064 0.2267 0.1006 0.0020 0.0337
161 0.0544 0.5205 0.2365 0.1564 0.0072 0.0249
162 0.0592 0.6069 0.2251 0.0902 0.0039 0.0146
163 0.0188 0.1199 0.5903 0.1565 0.0084 0.1058
164 0.1744 0.2240 0.2311 0.1731 0.0160 0.1814
165 0.0577 0.5967 0.1157 0.2014 0.0094 0.0192
166 0.0569 0.8296 0.0494 0.0430 0.0198 0.0011
167 0.0531 0.4146 0.1783 0.2634 0.0401 0.0503
168 0.0366 0.5371 0.1359 0.1246 0.0278 0.1379
169 0.0236 0.4675 0.1249 0.2837 0.0126 0.0878
170 0.0608 0.1678 0.5010 0.2190 0.0184 0.0328
171 0.1354 0.2413 0.4370 0.0736 0.0784 0.0342
172 0.1958 0.3105 0.3154 0.1169 0.0427 0.0185
173 0.0452 0.1381 0.1589 0.1978 0.0075 0.4526
174 0.0410 0.4238 0.2131 0.0547 0.0063 0.2610
175 0.0796 0.3074 0.4041 0.1836 0.0050 0.0203
176 0.0498 0.1909 0.6069 0.1105 0.0068 0.0350
177 0.0866 0.2976 0.2627 0.2883 0.0038 0.0609
178 0.0319 0.1123 0.3352 0.3625 0.0044 0.1536
179 0.0064 0.1926 0.4141 0.2252 0.0020 0.1597
180 0.1044 0.4866 0.1519 0.1438 0.1052 0.0082
181 0.0255 0.7510 0.0883 0.1082 0.0155 0.0116
182 0.0131 0.3279 0.1598 0.4846 0.0063 0.0081
183 0.0109 0.4888 0.4246 0.0566 0.0005 0.0187
184 0.0450 0.3301 0.4583 0.1608 0.0022 0.0039
185 0.1899 0.2786 0.3013 0.1991 0.0083 0.0229
186 0.0240 0.4414 0.4082 0.0940 0.0032 0.0291
187 0.0261 0.7583 0.1338 0.0554 0.0135 0.0131
188 0.0114 0.7310 0.2195 0.0217 0.0028 0.0135
189 0.0985 0.5083 0.0407 0.2896 0.0269 0.0359
190 0.0134 0.5063 0.3169 0.1343 0.0124 0.0164
191 0.0551 0.1805 0.2046 0.2585 0.0082 0.2930
192 0.0385 0.6406 0.1671 0.0443 0.0123 0.0975
193 0.0425 0.5254 0.0872 0.2769 0.0061 0.0618
194 0.0284 0.1688 0.3203 0.4243 0.0104 0.0476
195 0.0333 0.3633 0.1798 0.3059 0.0121 0.1057
196 0.0208 0.2549 0.4617 0.0895 0.0058 0.1672
197 0.0291 0.2913 0.3005 0.0649 0.0044 0.3101
198 0.0656 0.4209 0.1466 0.2288 0.0611 0.0772
199 0.1188 0.3928 0.2659 0.1703 0.0280 0.0243
200 0.4636 0.1653 0.1903 0.1505 0.0058 0.0244
201 0.3269 0.2046 0.2318 0.2014 0.0024 0.0329
202 0.3591 0.1498 0.1462 0.2754 0.0070 0.0624
203 0.1255 0.1057 0.1490 0.4663 0.0042 0.1490
204 0.1187 0.5151 0.2632 0.0903 0.0010 0.0116
205 0.1342 0.5781 0.1351 0.1428 0.0038 0.0059
206 0.2241 0.0751 0.0716 0.4895 0.0082 0.1317
207 0.1383 0.0894 0.0696 0.2976 0.0464 0.3589
208 0.1383 0.0894 0.0696 0.2976 0.0464 0.3589
