time exciting_prob fearful_prob tense_prob sad_prob relaxing_prob neutral_prob
0 0.1136 0.1553 0.1349 0.1288 0.0181 0.4492
1 0.0851 0.0613 0.1339 0.6694 0.0150 0.0349
2 0.0781 0.0858 0.2480 0.5171 0.0341 0.0369
3 0.0700 0.1554 0.2603 0.4158 0.0520 0.0467
4 0.0684 0.1339 0.2424 0.4897 0.0442 0.0215
5 0.0797 0.0889 0.2493 0.5112 0.0547 0.0161
6 0.0599 0.1707 0.3447 0.3784 0.0254 0.0210
7 0.0278 0.0535 0.0676 0.7861 0.0597 0.0055
8 0.0908 0.0471 0.1202 0.6499 0.0753 0.0168
9 0.0415 0.0695 0.1517 0.6802 0.0456 0.0116
10 0.0148 0.0436 0.1115 0.7734 0.0510 0.0055
11 0.0115 0.0945 0.1195 0.7437 0.0284 0.0027
12 0.0031 0.0104 0.0214 0.9551 0.0091 0.0007
13 0.0169 0.0564 0.1417 0.7202 0.0446 0.0203
14 0.0398 0.2595 0.4700 0.2152 0.0078 0.0077
15 0.0292 0.0873 0.3792 0.4868 0.0093 0.0085
16 0.0617 0.2329 0.4023 0.2898 0.0061 0.0070
17 0.0461 0.3103 0.1713 0.4443 0.0112 0.0168
18 0.0634 0.2046 0.2979 0.4006 0.0135 0.0201
19 0.0198 0.1123 0.7793 0.0703 0.0010 0.0172
20 0.0356 0.3540 0.1547 0.3652 0.0635 0.0269
21 0.0272 0.1539 0.0462 0.7119 0.0386 0.0224
22 0.0429 0.1545 0.6016 0.1451 0.0068 0.0490
23 0.0521 0.2524 0.4980 0.1138 0.0054 0.0782
24 0.0261 0.4021 0.1841 0.3335 0.0138 0.0404
25 0.0594 0.3811 0.2241 0.2969 0.0068 0.0318
26 0.0840 0.5024 0.1475 0.2488 0.0117 0.0054
27 0.0790 0.1262 0.7607 0.0277 0.0014 0.0049
28 0.0333 0.2617 0.6382 0.0562 0.0024 0.0084
29 0.0977 0.2397 0.2494 0.2532 0.0075 0.1525
30 0.0351 0.3076 0.3596 0.2251 0.0024 0.0703
31 0.0109 0.0786 0.5122 0.1099 0.0014 0.2871
32 0.0241 0.1439 0.7031 0.0426 0.0016 0.0847
33 0.0262 0.5103 0.1383 0.2524 0.0017 0.0712
34 0.0396 0.1857 0.6479 0.0786 0.0049 0.0431
35 0.0249 0.1914 0.7227 0.0401 0.0012 0.0199
36 0.0525 0.2817 0.5518 0.0929 0.0018 0.0193
37 0.0352 0.1083 0.3499 0.4707 0.0170 0.0190
38 0.0696 0.2466 0.2317 0.4131 0.0093 0.0299
39 0.0486 0.4263 0.2318 0.2710 0.0016 0.0209
40 0.0471 0.3369 0.2749 0.3115 0.0062 0.0233
41 0.0371 0.3635 0.1144 0.4668 0.0021 0.0162
42 0.1011 0.4258 0.1667 0.2927 0.0033 0.0105
43 0.1796 0.2235 0.1868 0.3542 0.0083 0.0476
44 0.1802 0.4155 0.0477 0.3262 0.0150 0.0153
45 0.0237 0.1111 0.2352 0.6099 0.0100 0.0100
46 0.0916 0.1105 0.0307 0.7095 0.0130 0.0446
47 0.1948 0.1110 0.2207 0.3755 0.0878 0.0101
48 0.3315 0.2856 0.1146 0.2261 0.0161 0.0262
49 0.0174 0.3035 0.6226 0.0536 0.0012 0.0020
50 0.1698 0.0834 0.2673 0.4075 0.0601 0.0119
51 0.1469 0.1757 0.1049 0.5454 0.0059 0.0211
52 0.0679 0.1052 0.4534 0.3318 0.0235 0.0183
53 0.0404 0.0779 0.3381 0.4622 0.0597 0.0216
54 0.0522 0.1487 0.0564 0.6162 0.1071 0.0195
55 0.0933 0.3013 0.2120 0.3691 0.0149 0.0094
56 0.1919 0.5054 0.1019 0.1693 0.0169 0.0146
57 0.1177 0.6025 0.0748 0.1672 0.0119 0.0258
58 0.1148 0.6455 0.0989 0.1203 0.0105 0.0101
59 0.1886 0.0756 0.0744 0.5332 0.0652 0.0632
60 0.1791 0.0900 0.0740 0.5347 0.0669 0.0555
61 0.1692 0.1050 0.2385 0.3210 0.0870 0.0793
62 0.1661 0.1514 0.2827 0.2595 0.0661 0.0743
63 0.1420 0.3713 0.2825 0.1387 0.0426 0.0230
64 0.1504 0.1786 0.3608 0.3037 0.0036 0.0030
65 0.1492 0.1162 0.2744 0.4121 0.0037 0.0445
66 0.1204 0.3823 0.2754 0.2015 0.0008 0.0195
67 0.0969 0.4209 0.4209 0.0583 0.0003 0.0025
68 0.1464 0.1332 0.3403 0.2957 0.0479 0.0367
69 0.1015 0.1635 0.2612 0.4045 0.0309 0.0385
70 0.2524 0.1497 0.0974 0.3674 0.0542 0.0789
71 0.1096 0.3325 0.0483 0.2844 0.0267 0.1985
72 0.1063 0.4800 0.0443 0.1738 0.0359 0.1595
73 0.0572 0.0900 0.5020 0.2998 0.0412 0.0097
74 0.1943 0.0720 0.5449 0.1797 0.0081 0.0009
75 0.1234 0.0803 0.7104 0.0731 0.0111 0.0016
76 0.0539 0.1047 0.7495 0.0725 0.0122 0.0070
77 0.0391 0.2251 0.1047 0.5571 0.0267 0.0472
78 0.0782 0.2300 0.0922 0.4868 0.0643 0.0486
79 0.0436 0.1462 0.0747 0.5742 0.0021 0.1594
80 0.0627 0.2104 0.1492 0.1379 0.0011 0.4385
81 0.0090 0.1069 0.0701 0.7773 0.0250 0.0116
82 0.1978 0.0799 0.5996 0.1118 0.0051 0.0056
83 0.0485 0.0218 0.3870 0.5127 0.0047 0.0251
84 0.0458 0.0379 0.7622 0.1500 0.0020 0.0021
85 0.1851 0.0708 0.6562 0.0686 0.0167 0.0028
86 0.0107 0.1803 0.5059 0.3020 0.0009 0.0002
87 0.0311 0.0659 0.8281 0.0696 0.0044 0.0009
88 0.1006 0.0356 0.8296 0.0269 0.0050 0.0026
89 0.0698 0.0660 0.7681 0.0822 0.0099 0.0042
90 0.0520 0.3811 0.2620 0.1772 0.0019 0.1257
91 0.1061 0.1428 0.1395 0.4573 0.0093 0.1450
92 0.2029 0.0442 0.1508 0.3142 0.0542 0.2335
93 0.0490 0.0264 0.8740 0.0393 0.0054 0.0057
94 0.0573 0.3398 0.5347 0.0649 0.0008 0.0023
95 0.0227 0.1198 0.7568 0.0933 0.0015 0.0060
96 0.0670 0.1312 0.1195 0.6260 0.0192 0.0370
97 0.1321 0.2954 0.1104 0.3374 0.0353 0.0894
98 0.1240 0.2837 0.0914 0.3970 0.0206 0.0833
99 0.0988 0.2124 0.6338 0.0442 0.0011 0.0097
100 0.0965 0.2483 0.1119 0.4497 0.0272 0.0663
101 0.1744 0.1946 0.1458 0.4419 0.0108 0.0328
102 0.1613 0.3496 0.1976 0.2346 0.0119 0.0451
103 0.1332 0.2690 0.5562 0.0329 0.0065 0.0023
104 0.1350 0.3423 0.4604 0.0387 0.0153 0.0083
105 0.0883 0.4180 0.1125 0.2917 0.0045 0.0849
106 0.1342 0.4983 0.0795 0.2111 0.0064 0.0707
107 0.1354 0.0526 0.0560 0.7266 0.0195 0.0100
108 0.0995 0.3445 0.2295 0.2834 0.0008 0.0424
109 0.1204 0.1765 0.1780 0.4763 0.0021 0.0468
110 0.4578 0.2776 0.1364 0.1071 0.0192 0.0018
111 0.4192 0.3369 0.1249 0.1019 0.0145 0.0025
112 0.1416 0.1438 0.0619 0.2644 0.0210 0.3672
113 0.0645 0.3379 0.3079 0.2759 0.0041 0.0098
114 0.0668 0.1201 0.1859 0.5684 0.0126 0.0463
115 0.1698 0.1752 0.5068 0.1407 0.0022 0.0052
116 0.0225 0.0553 0.1456 0.7397 0.0015 0.0354
117 0.0392 0.1829 0.3469 0.3416 0.0025 0.0870
118 0.0332 0.6221 0.1284 0.1206 0.0015 0.0939
119 0.1043 0.1747 0.3264 0.2878 0.0183 0.0885
120 0.2515 0.0704 0.3926 0.1549 0.0153 0.1152
121 0.1786 0.1379 0.5762 0.0716 0.0102 0.0253
122 0.1047 0.1196 0.5356 0.1621 0.0307 0.0472
123 0.2136 0.0327 0.5005 0.1689 0.0225 0.0617
124 0.0576 0.1003 0.1238 0.6592 0.0306 0.0285
125 0.0649 0.1954 0.2549 0.4404 0.0195 0.0247
126 0.1296 0.2155 0.1858 0.3496 0.0396 0.0799
127 0.0696 0.3191 0.0591 0.3616 0.0142 0.1763
128 0.0508 0.1381 0.1100 0.5586 0.0065 0.1359
129 0.0901 0.1204 0.1698 0.5483 0.0258 0.0457
130 0.0782 0.1965 0.2075 0.3728 0.0229 0.1220
131 0.0820 0.2245 0.2708 0.3267 0.0323 0.0638
132 0.1545 0.3350 0.1632 0.2374 0.0450 0.0649
133 0.1099 0.1649 0.0437 0.5039 0.0137 0.1637
134 0.0701 0.0669 0.1982 0.5474 0.0538 0.0638
135 0.0573 0.5112 0.1511 0.2065 0.0201 0.0539
136 0.0882 0.0862 0.3542 0.2416 0.0164 0.2133
137 0.0674 0.3503 0.1155 0.4033 0.0033 0.0599
138 0.0519 0.1134 0.2006 0.4148 0.0042 0.2152
139 0.0436 0.3145 0.2338 0.3677 0.0017 0.0388
140 0.1503 0.2598 0.1083 0.3083 0.0298 0.1434
141 0.0852 0.5059 0.1520 0.1721 0.0222 0.0623
142 0.0847 0.3376 0.1204 0.2910 0.0432 0.1232
143 0.0624 0.1486 0.0840 0.5781 0.0246 0.1021
144 0.1088 0.4766 0.0578 0.2434 0.0119 0.1014
145 0.1205 0.2632 0.0569 0.4172 0.0142 0.1282
146 0.2141 0.2333 0.1320 0.2563 0.0294 0.1350
147 0.4543 0.0578 0.0555 0.3098 0.0551 0.0675
148 0.3860 0.0868 0.1031 0.3076 0.0709 0.0457
149 0.3323 0.0551 0.2356 0.3376 0.0256 0.0138
150 0.3196 0.0471 0.4041 0.1938 0.0177 0.0176
151 0.3459 0.0440 0.4043 0.1713 0.0171 0.0175
152 0.2136 0.1049 0.0553 0.5205 0.0145 0.0912
153 0.1704 0.1731 0.0948 0.5415 0.0038 0.0161
154 0.2343 0.0487 0.1107 0.5532 0.0124 0.0407
155 0.3198 0.3123 0.0291 0.2888 0.0096 0.0403
156 0.4004 0.1069 0.0390 0.2710 0.0117 0.1709
157 0.4397 0.1340 0.0619 0.2952 0.0107 0.0586
158 0.3369 0.1102 0.0550 0.4326 0.0076 0.0576
159 0.1990 0.0298 0.1433 0.1526 0.3130 0.1624
160 0.1727 0.0417 0.1133 0.1810 0.0635 0.4277
161 0.1102 0.0204 0.0590 0.1329 0.0723 0.6050
162 0.1537 0.0476 0.0977 0.3057 0.1421 0.2534
163 0.0494 0.0433 0.0370 0.7041 0.0337 0.1323
164 0.1909 0.1711 0.0620 0.3540 0.0483 0.1738
165 0.0710 0.1009 0.0458 0.5122 0.0261 0.2439
166 0.0977 0.1389 0.0557 0.5244 0.0210 0.1624
167 0.0822 0.0875 0.0472 0.6025 0.0209 0.1597
168 0.0892 0.0442 0.0723 0.6597 0.0174 0.1173
169 0.0566 0.0414 0.0756 0.7397 0.0084 0.0786
170 0.1973 0.0298 0.0682 0.5156 0.0191 0.1700
171 0.0322 0.0300 0.0557 0.7925 0.0019 0.0876
172 0.1392 0.0261 0.1962 0.3040 0.0212 0.3135
173 0.2756 0.0219 0.0784 0.2048 0.0057 0.4136
174 0.1587 0.0441 0.0557 0.5991 0.0247 0.1179
175 0.0677 0.4968 0.0276 0.3523 0.0508 0.0047
176 0.0643 0.4397 0.0256 0.4197 0.0490 0.0018
177 0.0581 0.3760 0.0604 0.4128 0.0893 0.0033
178 0.0776 0.4299 0.0279 0.4102 0.0526 0.0019
179 0.0403 0.1984 0.0271 0.3481 0.3794 0.0065
180 0.0341 0.1746 0.0229 0.4634 0.2991 0.0059
181 0.0243 0.3467 0.0351 0.5205 0.0704 0.0030
182 0.0453 0.1281 0.5391 0.1121 0.0324 0.1428
183 0.0515 0.1082 0.4519 0.0823 0.0383 0.2678
184 0.0446 0.0886 0.3760 0.0820 0.0210 0.3879
185 0.1639 0.1171 0.1588 0.1338 0.0270 0.3994
186 0.1765 0.1140 0.2490 0.0802 0.0291 0.3511
187 0.3879 0.1405 0.2280 0.0943 0.0318 0.1174
188 0.4597 0.2241 0.0320 0.1447 0.0157 0.1237
189 0.4165 0.2954 0.0460 0.1581 0.0144 0.0696
190 0.2126 0.5781 0.0609 0.1212 0.0190 0.0082
191 0.0826 0.6250 0.1508 0.1193 0.0140 0.0083
192 0.0635 0.5396 0.3540 0.0362 0.0038 0.0030
193 0.0724 0.3000 0.4946 0.1121 0.0061 0.0146
194 0.0926 0.2637 0.4851 0.1285 0.0083 0.0217
195 0.0873 0.4431 0.2194 0.1682 0.0146 0.0674
196 0.0865 0.5137 0.1642 0.1616 0.0313 0.0425
197 0.0755 0.6997 0.1422 0.0491 0.0194 0.0141
198 0.1267 0.3997 0.2224 0.2260 0.0124 0.0129
199 0.1263 0.2869 0.2306 0.3354 0.0143 0.0063
200 0.0858 0.5010 0.3499 0.0571 0.0047 0.0015
201 0.0869 0.5278 0.2593 0.1039 0.0133 0.0089
202 0.0345 0.6309 0.1185 0.2113 0.0023 0.0024
203 0.0256 0.8286 0.0639 0.0807 0.0007 0.0003
204 0.0119 0.5283 0.0103 0.4448 0.0011 0.0036
205 0.0135 0.4292 0.0183 0.5259 0.0009 0.0120
206 0.0113 0.3757 0.0129 0.5913 0.0006 0.0083
207 0.0252 0.3145 0.1606 0.4949 0.0035 0.0013
208 0.0446 0.1735 0.1394 0.6348 0.0066 0.0013
209 0.0440 0.4080 0.1115 0.4341 0.0015 0.0009
210 0.0253 0.5669 0.1959 0.2085 0.0027 0.0009
211 0.1272 0.3484 0.3887 0.1071 0.0068 0.0216
212 0.0914 0.5469 0.3066 0.0482 0.0046 0.0022
213 0.0488 0.5991 0.2136 0.1074 0.0094 0.0218
214 0.0606 0.5571 0.2759 0.0854 0.0131 0.0081
215 0.0709 0.7563 0.1142 0.0398 0.0105 0.0085
216 0.0955 0.6626 0.1663 0.0531 0.0048 0.0179
217 0.0500 0.6689 0.2423 0.0272 0.0064 0.0051
218 0.0662 0.6636 0.2258 0.0386 0.0023 0.0033
219 0.0502 0.6260 0.2734 0.0433 0.0028 0.0043
220 0.0778 0.6562 0.2064 0.0534 0.0025 0.0038
221 0.0707 0.6455 0.2301 0.0482 0.0031 0.0025
222 0.1084 0.5054 0.2878 0.0899 0.0030 0.0055
223 0.0839 0.4678 0.3586 0.0839 0.0037 0.0022
224 0.0991 0.6216 0.2114 0.0630 0.0029 0.0020
225 0.0644 0.6504 0.2319 0.0457 0.0038 0.0035
226 0.0550 0.5957 0.2483 0.0899 0.0063 0.0048
227 0.0887 0.4988 0.3220 0.0808 0.0057 0.0039
228 0.0905 0.0528 0.2639 0.1190 0.4705 0.0032
229 0.2433 0.0556 0.3125 0.1097 0.2629 0.0161
230 0.1282 0.0959 0.2015 0.4233 0.1140 0.0370
231 0.1952 0.1112 0.1805 0.3647 0.0859 0.0624
232 0.0986 0.1827 0.2328 0.3992 0.0308 0.0562
233 0.0963 0.3062 0.1704 0.3062 0.0305 0.0905
234 0.2321 0.1312 0.2671 0.2032 0.0697 0.0967
235 0.1581 0.0873 0.0685 0.4541 0.0542 0.1777
236 0.1813 0.1813 0.2135 0.2720 0.0557 0.0963
237 0.1816 0.2157 0.3613 0.1888 0.0321 0.0204
238 0.1531 0.1259 0.4788 0.1965 0.0318 0.0138
239 0.1643 0.0629 0.3589 0.1735 0.1165 0.1240
240 0.2032 0.0790 0.3027 0.2303 0.1063 0.0784
241 0.2585 0.0581 0.1832 0.2905 0.1383 0.0712
242 0.2379 0.0797 0.1072 0.4961 0.0420 0.0371
243 0.1136 0.1553 0.1349 0.1288 0.0181 0.4492
