time exciting_prob fearful_prob tense_prob sad_prob relaxing_prob neutral_prob
0 0.1136 0.1577 0.1349 0.1267 0.0181 0.4492
1 0.0277 0.0746 0.0648 0.3291 0.0172 0.4866
2 0.1086 0.1998 0.2128 0.4297 0.0239 0.0250
3 0.0192 0.0102 0.0048 0.9248 0.0100 0.0311
4 0.0227 0.0114 0.0070 0.9297 0.0057 0.0233
5 0.0656 0.1356 0.0357 0.6680 0.0791 0.0162
6 0.0434 0.0392 0.0113 0.8452 0.0133 0.0477
7 0.0538 0.0370 0.0080 0.8477 0.0060 0.0478
8 0.1494 0.0892 0.0323 0.7017 0.0204 0.0069
9 0.0544 0.3108 0.2170 0.2598 0.0177 0.1401
10 0.0734 0.4565 0.3237 0.0529 0.0563 0.0372
11 0.1267 0.2025 0.3340 0.1918 0.0618 0.0831
12 0.1140 0.3948 0.1545 0.1671 0.1632 0.0064
13 0.0818 0.2749 0.2812 0.1919 0.0463 0.1238
14 0.2094 0.2505 0.2177 0.2045 0.0893 0.0288
15 0.1604 0.1460 0.3091 0.0723 0.0517 0.2603
16 0.1110 0.1307 0.1267 0.0751 0.1002 0.4563
17 0.1599 0.1770 0.0890 0.0507 0.0536 0.4700
18 0.1039 0.2827 0.2915 0.1399 0.0259 0.1561
19 0.0454 0.2004 0.0616 0.5713 0.0132 0.1082
20 0.0925 0.1796 0.0809 0.5981 0.0106 0.0382
21 0.0635 0.3030 0.1014 0.4878 0.0101 0.0342
22 0.0475 0.0881 0.0686 0.7319 0.0085 0.0551
23 0.0701 0.3367 0.2026 0.1641 0.0674 0.1591
24 0.1026 0.4187 0.1993 0.1873 0.0642 0.0278
25 0.0787 0.4897 0.2224 0.1414 0.0648 0.0030
26 0.0881 0.4910 0.1396 0.1893 0.0834 0.0086
27 0.0899 0.2026 0.1720 0.4861 0.0360 0.0134
28 0.0743 0.1501 0.3228 0.3330 0.0472 0.0726
29 0.0547 0.3147 0.1418 0.3767 0.0938 0.0185
30 0.0762 0.4351 0.1469 0.1665 0.1731 0.0023
31 0.1465 0.3225 0.2632 0.2183 0.0138 0.0356
32 0.3071 0.1521 0.1805 0.0901 0.0654 0.2046
33 0.0938 0.3682 0.2377 0.2113 0.0353 0.0539
34 0.0938 0.3767 0.0895 0.3948 0.0123 0.0329
35 0.1116 0.6890 0.1274 0.0527 0.0175 0.0021
36 0.1504 0.4250 0.1246 0.2766 0.0103 0.0130
37 0.0629 0.2125 0.0880 0.6201 0.0060 0.0107
38 0.0994 0.4521 0.1827 0.1799 0.0710 0.0148
39 0.1506 0.2622 0.0728 0.0372 0.0449 0.4324
40 0.1071 0.4302 0.3247 0.0670 0.0177 0.0534
41 0.1147 0.2998 0.2773 0.2177 0.0525 0.0378
42 0.1078 0.2864 0.2374 0.2356 0.0273 0.1053
43 0.1544 0.2281 0.1353 0.1221 0.3535 0.0067
44 0.0585 0.2661 0.0956 0.4973 0.0706 0.0118
45 0.0350 0.0370 0.0157 0.8750 0.0099 0.0273
46 0.0272 0.0255 0.0166 0.8867 0.0072 0.0369
47 0.0390 0.0558 0.0162 0.8594 0.0046 0.0250
48 0.0455 0.2220 0.0744 0.6230 0.0218 0.0133
49 0.2448 0.1202 0.0490 0.4983 0.0364 0.0513
50 0.1909 0.2216 0.0309 0.4875 0.0394 0.0295
51 0.0842 0.1727 0.0167 0.6421 0.0247 0.0597
52 0.0344 0.1875 0.0764 0.4902 0.1555 0.0559
53 0.0235 0.5059 0.1761 0.1329 0.1155 0.0460
54 0.2065 0.2551 0.1431 0.2512 0.0841 0.0601
55 0.1537 0.5161 0.1444 0.0890 0.0743 0.0225
56 0.0535 0.2720 0.1315 0.3279 0.1854 0.0298
57 0.0476 0.1782 0.1598 0.5078 0.0671 0.0395
58 0.0484 0.0371 0.0106 0.8320 0.0062 0.0657
59 0.0367 0.0443 0.0113 0.8491 0.0027 0.0560
60 0.0875 0.2532 0.2164 0.2098 0.0772 0.1559
61 0.1484 0.1556 0.0669 0.4944 0.0207 0.1138
62 0.1382 0.2369 0.0695 0.4976 0.0147 0.0432
63 0.0627 0.3787 0.1003 0.4126 0.0233 0.0226
64 0.0280 0.0844 0.0452 0.8198 0.0073 0.0154
65 0.0594 0.0613 0.0346 0.7236 0.0039 0.1172
66 0.1013 0.2161 0.0573 0.5605 0.0182 0.0467
67 0.1285 0.6230 0.0593 0.1306 0.0504 0.0081
68 0.2104 0.4561 0.0540 0.2040 0.0710 0.0042
69 0.1790 0.4326 0.1068 0.2108 0.0412 0.0297
70 0.0267 0.0584 0.0716 0.8125 0.0152 0.0154
71 0.0731 0.2133 0.1031 0.5532 0.0134 0.0440
72 0.0749 0.3574 0.1422 0.3987 0.0099 0.0168
73 0.2267 0.1766 0.1620 0.2097 0.2180 0.0069
74 0.1505 0.3755 0.1182 0.1918 0.1566 0.0073
75 0.0641 0.3987 0.1840 0.2615 0.0593 0.0325
76 0.0676 0.2937 0.1766 0.3301 0.1039 0.0282
77 0.1533 0.2864 0.0568 0.2095 0.2798 0.0144
78 0.0711 0.0928 0.0119 0.7764 0.0074 0.0402
79 0.1043 0.4937 0.1003 0.1505 0.0988 0.0524
80 0.1437 0.3237 0.1995 0.1201 0.0658 0.1471
81 0.0421 0.1389 0.1305 0.6323 0.0265 0.0296
82 0.1006 0.3125 0.1633 0.3430 0.0376 0.0429
83 0.1042 0.4856 0.0396 0.2991 0.0328 0.0389
84 0.0767 0.6675 0.0731 0.1525 0.0094 0.0211
85 0.0399 0.3315 0.1077 0.4678 0.0085 0.0445
86 0.1406 0.4165 0.1241 0.1921 0.0206 0.1061
87 0.1176 0.1332 0.0982 0.5391 0.0290 0.0827
88 0.0818 0.6045 0.1338 0.1208 0.0549 0.0044
89 0.0140 0.8647 0.0405 0.0739 0.0019 0.0049
90 0.0398 0.0333 0.0106 0.8647 0.0040 0.0477
91 0.2881 0.2903 0.1448 0.1339 0.1393 0.0037
92 0.0143 0.0412 0.0184 0.9082 0.0101 0.0077
93 0.0258 0.0908 0.0231 0.8345 0.0198 0.0060
94 0.0723 0.3396 0.1036 0.3240 0.1289 0.0316
95 0.1002 0.5293 0.1050 0.1370 0.1002 0.0283
96 0.2378 0.3379 0.0953 0.1323 0.1881 0.0085
97 0.1339 0.1027 0.0177 0.7017 0.0099 0.0341
98 0.1370 0.1481 0.0242 0.5996 0.0182 0.0733
99 0.0298 0.0261 0.0287 0.8853 0.0140 0.0161
100 0.0468 0.0777 0.0183 0.8159 0.0104 0.0309
101 0.0394 0.0257 0.0122 0.8105 0.0077 0.1047
102 0.1188 0.5713 0.0480 0.0612 0.0940 0.1065
103 0.1691 0.3184 0.0744 0.0994 0.3335 0.0054
104 0.1052 0.2371 0.1555 0.3503 0.0318 0.1201
105 0.1102 0.1051 0.0242 0.6748 0.0580 0.0276
106 0.0624 0.0724 0.0235 0.7842 0.0290 0.0284
107 0.0541 0.0921 0.5303 0.1642 0.0614 0.0981
108 0.0723 0.4158 0.2683 0.0576 0.1003 0.0858
109 0.0221 0.1302 0.0275 0.7920 0.0198 0.0083
110 0.0305 0.2434 0.0961 0.5659 0.0243 0.0397
111 0.1460 0.4395 0.0832 0.2666 0.0326 0.0323
112 0.0995 0.1329 0.1019 0.5059 0.0127 0.1472
113 0.0382 0.3330 0.0954 0.5078 0.0191 0.0065
114 0.0269 0.1560 0.0848 0.7104 0.0088 0.0131
115 0.1064 0.2434 0.2759 0.0692 0.1987 0.1064
116 0.0804 0.4146 0.1898 0.0414 0.1755 0.0984
117 0.1403 0.0920 0.1307 0.1666 0.0979 0.3726
118 0.0998 0.1835 0.3074 0.2302 0.0634 0.1157
119 0.0718 0.1086 0.1670 0.2355 0.0347 0.3823
120 0.0513 0.0628 0.3972 0.1174 0.0369 0.3345
121 0.0676 0.3684 0.2512 0.1523 0.0903 0.0703
122 0.1708 0.2125 0.2881 0.1681 0.0996 0.0609
123 0.1096 0.2864 0.1570 0.2162 0.1606 0.0702
124 0.1033 0.6895 0.1588 0.0328 0.0148 0.0008
125 0.1250 0.4753 0.1300 0.2211 0.0117 0.0370
126 0.0944 0.2566 0.2710 0.1486 0.2230 0.0063
127 0.0666 0.5405 0.2361 0.0984 0.0345 0.0239
128 0.0361 0.5918 0.3071 0.0182 0.0409 0.0056
129 0.0824 0.3662 0.3606 0.0646 0.1217 0.0044
130 0.0582 0.3296 0.2954 0.2196 0.0801 0.0169
131 0.1176 0.5654 0.1559 0.1333 0.0191 0.0087
132 0.1393 0.4641 0.3044 0.0729 0.0091 0.0103
133 0.0504 0.6426 0.1771 0.0798 0.0448 0.0053
134 0.0882 0.5488 0.1741 0.1313 0.0476 0.0098
135 0.1667 0.4712 0.1846 0.1449 0.0059 0.0268
136 0.2205 0.3086 0.1677 0.1901 0.1050 0.0082
137 0.1284 0.3462 0.1782 0.1421 0.1958 0.0093
138 0.1033 0.4629 0.0786 0.0761 0.2742 0.0051
139 0.0682 0.0986 0.0236 0.7632 0.0138 0.0327
140 0.0294 0.0723 0.0304 0.8472 0.0134 0.0074
141 0.1605 0.3022 0.1383 0.1165 0.2646 0.0180
142 0.0425 0.0217 0.0100 0.7656 0.0070 0.1531
143 0.0977 0.1649 0.0225 0.5845 0.0117 0.1188
144 0.0948 0.2639 0.1527 0.4285 0.0187 0.0414
145 0.0646 0.2808 0.2007 0.3108 0.0167 0.1266
146 0.1647 0.3076 0.1865 0.2322 0.1014 0.0076
147 0.1414 0.5859 0.1118 0.0799 0.0751 0.0062
148 0.0908 0.2487 0.0887 0.5103 0.0171 0.0446
149 0.0382 0.2115 0.0854 0.6313 0.0141 0.0194
150 0.0443 0.1046 0.0406 0.7729 0.0098 0.0279
151 0.0532 0.7290 0.1172 0.0812 0.0157 0.0036
152 0.0603 0.2578 0.1576 0.4817 0.0200 0.0225
153 0.0660 0.4543 0.1385 0.3171 0.0150 0.0089
154 0.1388 0.4412 0.0720 0.1377 0.0159 0.1942
155 0.0449 0.2883 0.2883 0.3169 0.0286 0.0329
156 0.0399 0.1010 0.1360 0.6743 0.0059 0.0428
157 0.0231 0.1185 0.0707 0.7725 0.0060 0.0090
158 0.0362 0.0620 0.1014 0.7729 0.0066 0.0208
159 0.0252 0.1061 0.0951 0.7480 0.0081 0.0176
160 0.1000 0.1610 0.0491 0.6416 0.0078 0.0404
161 0.1625 0.4453 0.0688 0.2517 0.0139 0.0580
162 0.0478 0.6646 0.2352 0.0161 0.0202 0.0159
163 0.0604 0.5464 0.3315 0.0125 0.0246 0.0244
164 0.0390 0.3560 0.3616 0.0316 0.1299 0.0820
165 0.0520 0.5415 0.3037 0.0441 0.0328 0.0259
166 0.0663 0.7837 0.1174 0.0114 0.0193 0.0021
167 0.0783 0.5923 0.1521 0.0429 0.1232 0.0109
168 0.0249 0.8867 0.0585 0.0131 0.0154 0.0016
169 0.0587 0.6665 0.1633 0.0286 0.0714 0.0118
170 0.0802 0.0901 0.0406 0.7549 0.0233 0.0107
171 0.0554 0.1720 0.0366 0.6909 0.0256 0.0195
172 0.0580 0.2278 0.5908 0.0485 0.0054 0.0695
173 0.0464 0.6929 0.2032 0.0282 0.0164 0.0127
174 0.0609 0.6602 0.2111 0.0233 0.0231 0.0214
175 0.0368 0.6475 0.1335 0.1040 0.0447 0.0335
176 0.0951 0.4539 0.2668 0.1417 0.0111 0.0316
177 0.0821 0.3538 0.2197 0.1620 0.0277 0.1545
178 0.0629 0.1364 0.0498 0.7036 0.0300 0.0176
179 0.0318 0.0402 0.0207 0.8735 0.0098 0.0240
180 0.0410 0.0443 0.0257 0.8628 0.0093 0.0168
181 0.1821 0.3350 0.0783 0.0379 0.3623 0.0045
182 0.3545 0.2676 0.0544 0.1598 0.1537 0.0101
183 0.0936 0.2883 0.3215 0.1981 0.0576 0.0409
184 0.1951 0.3318 0.0690 0.1749 0.1936 0.0355
185 0.1556 0.4165 0.0685 0.0471 0.3047 0.0075
186 0.2357 0.4270 0.0874 0.0295 0.2081 0.0123
187 0.0856 0.1515 0.0259 0.6685 0.0128 0.0557
188 0.0771 0.1752 0.0397 0.5879 0.0103 0.1096
189 0.0215 0.0504 0.0281 0.8662 0.0168 0.0170
190 0.0811 0.7573 0.0830 0.0557 0.0220 0.0009
191 0.0104 0.0115 0.0090 0.9604 0.0021 0.0065
192 0.0433 0.0991 0.0175 0.8237 0.0051 0.0114
193 0.0638 0.1670 0.0266 0.7197 0.0109 0.0121
194 0.0407 0.0383 0.0230 0.8643 0.0063 0.0271
195 0.0122 0.0562 0.0315 0.8931 0.0034 0.0036
196 0.0790 0.2065 0.1072 0.5527 0.0166 0.0379
197 0.1109 0.2722 0.1370 0.4250 0.0341 0.0208
198 0.0728 0.0912 0.0434 0.7349 0.0164 0.0414
199 0.0305 0.0557 0.0215 0.8447 0.0156 0.0317
200 0.0563 0.0929 0.0886 0.7085 0.0089 0.0449
201 0.0688 0.0195 0.0105 0.8447 0.0035 0.0532
202 0.0416 0.0193 0.0138 0.8481 0.0149 0.0620
203 0.0769 0.0489 0.0139 0.8076 0.0074 0.0456
204 0.0528 0.1602 0.0689 0.6743 0.0194 0.0242
205 0.1035 0.3728 0.1229 0.3367 0.0339 0.0301
206 0.0297 0.1832 0.0568 0.6753 0.0132 0.0418
207 0.0672 0.3577 0.1217 0.3899 0.0289 0.0346
208 0.0351 0.2115 0.0430 0.6519 0.0228 0.0359
209 0.0488 0.2922 0.0481 0.5630 0.0303 0.0174
210 0.0431 0.2542 0.0668 0.6094 0.0170 0.0095
211 0.0356 0.3228 0.1081 0.5078 0.0123 0.0134
212 0.2119 0.1152 0.1246 0.2637 0.0884 0.1960
