time exciting_prob fearful_prob tense_prob sad_prob relaxing_prob neutral_prob
0 0.2993 0.0459 0.2444 0.3555 0.0111 0.0438
1 0.1188 0.0115 0.0710 0.7280 0.0203 0.0503
2 0.4236 0.0861 0.2693 0.1909 0.0056 0.0248
3 0.5098 0.1951 0.1183 0.1580 0.0079 0.0107
4 0.5728 0.2388 0.1566 0.0262 0.0044 0.0014
5 0.4951 0.0714 0.3855 0.0295 0.0046 0.0139
6 0.6357 0.0990 0.2302 0.0132 0.0028 0.0190
7 0.7427 0.0370 0.2030 0.0115 0.0013 0.0047
8 0.6841 0.0215 0.1538 0.1033 0.0271 0.0103
9 0.5352 0.0268 0.3564 0.0432 0.0324 0.0062
10 0.5854 0.0111 0.3389 0.0185 0.0408 0.0055
11 0.7139 0.0624 0.1682 0.0114 0.0425 0.0016
12 0.8052 0.0202 0.1315 0.0118 0.0289 0.0026
13 0.9170 0.0207 0.0370 0.0186 0.0032 0.0035
14 0.9346 0.0173 0.0317 0.0136 0.0016 0.0012
15 0.9316 0.0123 0.0297 0.0217 0.0019 0.0026
16 0.9653 0.0111 0.0034 0.0184 0.0006 0.0011
17 0.9858 0.0046 0.0027 0.0065 0.0002 0.0003
18 0.9692 0.0091 0.0032 0.0177 0.0003 0.0005
19 0.9390 0.0353 0.0052 0.0195 0.0007 0.0002
20 0.9780 0.0035 0.0027 0.0133 0.0008 0.0016
21 0.9888 0.0022 0.0024 0.0044 0.0008 0.0013
22 0.9800 0.0044 0.0065 0.0058 0.0014 0.0018
23 0.9888 0.0018 0.0058 0.0033 0.0001 0.0002
24 0.9502 0.0026 0.0127 0.0079 0.0259 0.0004
25 0.9546 0.0019 0.0014 0.0010 0.0406 0.0004
26 0.9580 0.0013 0.0005 0.0004 0.0396 0.0001
27 0.9624 0.0015 0.0006 0.0003 0.0353 0.0001
28 0.1401 0.0083 0.0557 0.5718 0.0524 0.1716
29 0.2876 0.0392 0.1017 0.2876 0.0452 0.2385
30 0.2517 0.0392 0.1198 0.2942 0.0437 0.2517
31 0.3447 0.2834 0.1760 0.0262 0.0717 0.0980
32 0.6138 0.1576 0.0694 0.0289 0.0694 0.0608
33 0.2766 0.1189 0.0343 0.0197 0.3662 0.1842
34 0.4695 0.1868 0.1687 0.0862 0.0198 0.0692
35 0.2496 0.3035 0.1624 0.1315 0.0641 0.0890
36 0.1937 0.0609 0.1683 0.5693 0.0038 0.0040
37 0.2910 0.5107 0.1646 0.0219 0.0049 0.0066
38 0.1851 0.0208 0.0960 0.0426 0.0297 0.6260
39 0.3145 0.1321 0.2908 0.2527 0.0078 0.0023
40 0.5615 0.0506 0.0616 0.0198 0.0324 0.2737
41 0.2241 0.3813 0.1425 0.0301 0.0346 0.1873
42 0.4211 0.0238 0.0410 0.0869 0.0779 0.3491
43 0.1906 0.3345 0.3733 0.0358 0.0364 0.0295
44 0.2260 0.4089 0.2156 0.0485 0.0363 0.0647
45 0.4460 0.0701 0.0995 0.0609 0.1093 0.2141
46 0.3450 0.0996 0.0604 0.0323 0.1230 0.3396
47 0.4111 0.2201 0.1622 0.0179 0.1178 0.0709
48 0.5522 0.1096 0.1608 0.0901 0.0625 0.0247
49 0.3740 0.0257 0.0834 0.0468 0.0258 0.4441
50 0.3743 0.0185 0.0693 0.0480 0.0523 0.4377
51 0.0878 0.1917 0.4187 0.0941 0.1829 0.0249
52 0.1138 0.3345 0.1240 0.1155 0.1592 0.1531
53 0.2352 0.3586 0.1495 0.0859 0.1372 0.0334
54 0.2295 0.5420 0.0898 0.0477 0.0528 0.0381
55 0.1716 0.4666 0.2830 0.0598 0.0150 0.0042
56 0.0674 0.1876 0.3093 0.3293 0.0326 0.0735
57 0.0772 0.0828 0.0983 0.4546 0.0112 0.2759
58 0.0695 0.0435 0.0674 0.2013 0.0128 0.6055
59 0.1572 0.0458 0.1064 0.4658 0.0213 0.2035
60 0.2118 0.0641 0.1840 0.2986 0.0687 0.1729
61 0.4390 0.1392 0.0684 0.0287 0.1516 0.1732
62 0.5269 0.1166 0.0231 0.0379 0.1385 0.1570
63 0.2861 0.1605 0.1967 0.0729 0.0311 0.2524
64 0.5186 0.1821 0.0624 0.0208 0.1545 0.0615
65 0.4917 0.2065 0.0931 0.0153 0.1409 0.0526
66 0.2471 0.2590 0.0708 0.1343 0.0840 0.2048
67 0.5171 0.2172 0.0622 0.0383 0.0673 0.0979
68 0.5361 0.3381 0.0371 0.0417 0.0261 0.0206
69 0.6382 0.0805 0.2461 0.0255 0.0061 0.0036
70 0.1528 0.0170 0.0217 0.0504 0.0627 0.6953
71 0.3992 0.1143 0.0627 0.0184 0.0641 0.3413
72 0.5068 0.1364 0.0543 0.0126 0.0615 0.2284
73 0.3726 0.2424 0.2769 0.0151 0.0549 0.0381
74 0.1611 0.2290 0.1526 0.4114 0.0216 0.0241
75 0.1494 0.1542 0.1694 0.3999 0.0258 0.1011
76 0.3284 0.0257 0.0912 0.0710 0.1117 0.3721
77 0.2566 0.0266 0.0609 0.0735 0.0219 0.5605
78 0.6812 0.1605 0.0422 0.0115 0.0384 0.0664
79 0.4070 0.1737 0.1281 0.0186 0.0833 0.1893
80 0.2181 0.1547 0.1753 0.2673 0.0275 0.1571
81 0.0102 0.1692 0.1042 0.3064 0.0043 0.4058
82 0.2720 0.1929 0.0698 0.2219 0.1000 0.1433
83 0.5718 0.0926 0.1217 0.0365 0.0500 0.1276
84 0.2852 0.1099 0.0575 0.0230 0.4084 0.1161
85 0.1245 0.0491 0.0969 0.0261 0.5938 0.1098
86 0.2993 0.0988 0.0673 0.0299 0.0757 0.4290
87 0.4431 0.1804 0.0853 0.0067 0.1951 0.0894
88 0.1675 0.4309 0.2271 0.0882 0.0080 0.0785
89 0.3752 0.0452 0.0234 0.0787 0.1359 0.3416
90 0.5786 0.0482 0.1113 0.0246 0.1194 0.1176
91 0.1440 0.0591 0.0446 0.0771 0.3296 0.3455
92 0.1941 0.0373 0.1150 0.3406 0.2234 0.0895
93 0.2225 0.0668 0.3447 0.2091 0.0858 0.0711
94 0.1692 0.0717 0.5049 0.1947 0.0481 0.0112
95 0.4209 0.0961 0.1754 0.0317 0.1957 0.0803
96 0.2144 0.0551 0.1892 0.3320 0.0644 0.1450
97 0.2202 0.1573 0.2849 0.2052 0.0398 0.0925
98 0.4070 0.2095 0.2411 0.0184 0.1037 0.0204
99 0.3511 0.1261 0.2776 0.0446 0.1251 0.0753
100 0.4397 0.1484 0.2646 0.0419 0.0735 0.0321
101 0.3728 0.0839 0.1875 0.0576 0.2334 0.0648
102 0.6387 0.1287 0.0851 0.0196 0.0844 0.0438
103 0.0978 0.1456 0.3308 0.2220 0.0152 0.1885
104 0.4634 0.0721 0.0540 0.0657 0.1931 0.1516
105 0.3901 0.1704 0.1576 0.0292 0.1576 0.0948
106 0.4087 0.1976 0.2681 0.0100 0.1049 0.0108
107 0.2133 0.1377 0.3435 0.0417 0.2183 0.0457
108 0.2482 0.1278 0.2622 0.0485 0.2581 0.0554
109 0.3088 0.2683 0.0647 0.0346 0.1719 0.1517
110 0.4106 0.2340 0.1105 0.0388 0.0640 0.1420
111 0.4148 0.2988 0.0926 0.0570 0.0523 0.0843
112 0.6655 0.0591 0.1037 0.0129 0.0873 0.0713
113 0.6982 0.0854 0.0790 0.0100 0.0514 0.0759
114 0.6064 0.1071 0.0847 0.0269 0.0610 0.1140
115 0.2339 0.0479 0.1038 0.4302 0.0754 0.1088
116 0.1893 0.0534 0.1096 0.4009 0.0113 0.2356
117 0.2445 0.0845 0.1102 0.1875 0.0090 0.3643
118 0.3164 0.0207 0.3938 0.2141 0.0159 0.0390
119 0.1837 0.0150 0.1647 0.5571 0.0163 0.0635
120 0.2190 0.2642 0.2025 0.0176 0.2405 0.0562
121 0.4221 0.0438 0.0585 0.0485 0.1903 0.2368
122 0.5601 0.0268 0.0509 0.0217 0.0740 0.2666
123 0.3677 0.0479 0.0619 0.0397 0.0397 0.4434
124 0.0572 0.0135 0.0250 0.7959 0.0684 0.0403
125 0.0310 0.0078 0.0270 0.7944 0.0218 0.1180
126 0.3608 0.2189 0.2559 0.0421 0.0598 0.0627
127 0.3901 0.0912 0.1002 0.0204 0.0941 0.3040
128 0.6265 0.1465 0.0543 0.0105 0.0822 0.0803
129 0.1614 0.1144 0.1181 0.5503 0.0318 0.0240
130 0.3281 0.0933 0.1716 0.3547 0.0181 0.0341
131 0.5088 0.0512 0.1691 0.2479 0.0105 0.0125
132 0.2280 0.2372 0.1484 0.0240 0.1847 0.1776
133 0.1389 0.0883 0.1207 0.0160 0.4053 0.2308
134 0.1842 0.0919 0.2988 0.3232 0.0768 0.0251
135 0.0711 0.1678 0.3965 0.2993 0.0141 0.0512
136 0.0612 0.2104 0.5459 0.0870 0.0039 0.0912
137 0.1567 0.1061 0.2194 0.4790 0.0260 0.0129
138 0.2313 0.0470 0.1127 0.0161 0.4673 0.1257
139 0.3267 0.0623 0.0406 0.0272 0.0604 0.4827
140 0.6646 0.0787 0.0369 0.0156 0.0781 0.1259
141 0.6592 0.0781 0.0331 0.0165 0.0580 0.1553
142 0.3589 0.1804 0.0789 0.0279 0.1804 0.1736
143 0.5635 0.2661 0.0745 0.0378 0.0481 0.0101
144 0.2390 0.2126 0.3940 0.1362 0.0123 0.0058
145 0.2793 0.1721 0.3215 0.2028 0.0124 0.0117
146 0.1503 0.0699 0.2617 0.4382 0.0291 0.0507
147 0.4312 0.2272 0.1537 0.0145 0.0602 0.1133
148 0.3870 0.2170 0.1992 0.0178 0.0978 0.0811
149 0.1775 0.0442 0.1426 0.0435 0.2502 0.3420
150 0.4177 0.1661 0.1187 0.0166 0.1410 0.1399
151 0.4099 0.1508 0.1531 0.0165 0.1804 0.0893
152 0.4133 0.0789 0.0551 0.0654 0.1892 0.1982
153 0.2588 0.2649 0.1632 0.0486 0.1251 0.1395
154 0.2776 0.3269 0.2430 0.0216 0.0713 0.0596
155 0.0531 0.0345 0.0351 0.8501 0.0134 0.0140
156 0.2141 0.0205 0.2463 0.4824 0.0068 0.0299
157 0.2612 0.3152 0.2379 0.0140 0.1263 0.0454
158 0.2368 0.1995 0.1101 0.0147 0.3040 0.1349
159 0.5811 0.1504 0.0355 0.0096 0.1801 0.0434
160 0.5576 0.2118 0.0588 0.0128 0.1000 0.0588
161 0.0617 0.0315 0.0504 0.0160 0.6533 0.1871
162 0.0927 0.0913 0.1101 0.0333 0.4636 0.2090
163 0.0657 0.0282 0.0792 0.0667 0.5415 0.2188
164 0.2664 0.2369 0.2925 0.0375 0.1043 0.0623
165 0.2046 0.2281 0.2487 0.0179 0.2646 0.0361
166 0.2693 0.2395 0.2981 0.0097 0.1571 0.0262
167 0.2659 0.1959 0.2874 0.0090 0.1899 0.0519
168 0.2032 0.3430 0.1752 0.0089 0.1821 0.0874
169 0.2554 0.1525 0.2362 0.0087 0.2676 0.0797
170 0.3213 0.1996 0.2749 0.0164 0.1393 0.0485
171 0.2186 0.3035 0.4417 0.0045 0.0095 0.0225
172 0.4302 0.2610 0.1547 0.0065 0.0930 0.0547
173 0.1248 0.0452 0.0442 0.0183 0.7295 0.0381
174 0.1359 0.1493 0.1381 0.0336 0.4971 0.0462
175 0.2004 0.1825 0.1324 0.0849 0.2871 0.1124
176 0.3142 0.0347 0.3792 0.2264 0.0042 0.0412
177 0.3203 0.2134 0.1187 0.0305 0.1537 0.1636
178 0.2461 0.2073 0.2312 0.0215 0.1470 0.1470
179 0.7686 0.1016 0.0836 0.0062 0.0383 0.0019
180 0.7705 0.0818 0.1042 0.0040 0.0381 0.0014
181 0.2100 0.2937 0.3176 0.0322 0.1072 0.0392
182 0.4255 0.2406 0.0485 0.0366 0.1288 0.1201
183 0.5767 0.2294 0.0575 0.0116 0.0762 0.0488
184 0.4514 0.0556 0.1151 0.0362 0.0548 0.2869
185 0.2864 0.1533 0.1658 0.1486 0.0350 0.2112
186 0.3411 0.0365 0.1637 0.4246 0.0211 0.0132
187 0.6011 0.0794 0.1891 0.0313 0.0735 0.0258
188 0.3352 0.0569 0.2002 0.1672 0.0101 0.2303
189 0.1997 0.0529 0.2263 0.3044 0.0229 0.1936
190 0.4871 0.0221 0.1440 0.2568 0.0147 0.0753
191 0.5454 0.0986 0.2136 0.0566 0.0414 0.0444
192 0.6431 0.0265 0.2722 0.0242 0.0140 0.0200
193 0.2610 0.1752 0.1131 0.1738 0.0337 0.2433
194 0.5381 0.0885 0.1482 0.0763 0.0554 0.0935
195 0.1654 0.4788 0.0845 0.2227 0.0156 0.0331
196 0.3984 0.2379 0.1853 0.0164 0.0848 0.0772
197 0.3052 0.1088 0.0665 0.0110 0.4441 0.0645
198 0.3462 0.1324 0.0687 0.1598 0.1016 0.1913
199 0.1244 0.2166 0.1648 0.1168 0.0259 0.3516
200 0.1511 0.1608 0.0596 0.1398 0.0086 0.4802
201 0.2489 0.1698 0.1545 0.2113 0.0139 0.2015
202 0.1512 0.1294 0.0882 0.2573 0.0113 0.3628
203 0.1676 0.0710 0.0773 0.0257 0.6426 0.0158
204 0.3540 0.0353 0.2114 0.2981 0.0135 0.0875
205 0.1437 0.1589 0.3936 0.2878 0.0074 0.0086
206 0.3347 0.1451 0.0724 0.0171 0.3401 0.0908
207 0.2021 0.0710 0.1134 0.0278 0.4775 0.1082
208 0.5713 0.0963 0.0511 0.0544 0.0656 0.1611
209 0.5532 0.1561 0.1024 0.0395 0.0583 0.0903
210 0.1931 0.5723 0.0558 0.1296 0.0266 0.0229
211 0.2186 0.6841 0.0291 0.0346 0.0245 0.0092
212 0.5527 0.2759 0.1031 0.0235 0.0436 0.0009
213 0.2043 0.2012 0.1340 0.3999 0.0428 0.0177
214 0.6421 0.0862 0.0666 0.1284 0.0382 0.0385
215 0.7461 0.0399 0.1017 0.0244 0.0313 0.0566
216 0.7144 0.0730 0.0789 0.0128 0.1121 0.0089
217 0.3328 0.3228 0.1853 0.0267 0.0714 0.0611
218 0.4241 0.2343 0.1377 0.0146 0.1072 0.0822
219 0.1328 0.2878 0.1964 0.3696 0.0050 0.0081
220 0.1973 0.6885 0.0450 0.0511 0.0150 0.0033
221 0.2390 0.4827 0.0907 0.1508 0.0316 0.0053
222 0.1448 0.6191 0.1360 0.0831 0.0144 0.0028
223 0.3306 0.2345 0.3835 0.0333 0.0165 0.0016
224 0.8071 0.0642 0.0781 0.0185 0.0193 0.0126
225 0.8003 0.0646 0.0598 0.0414 0.0222 0.0118
226 0.8267 0.0763 0.0648 0.0139 0.0135 0.0050
227 0.3462 0.0348 0.1315 0.1573 0.0198 0.3103
228 0.2710 0.0801 0.1077 0.4131 0.0740 0.0542
229 0.4336 0.1046 0.4075 0.0340 0.0064 0.0138
230 0.2634 0.1869 0.2515 0.2289 0.0325 0.0368
231 0.4490 0.2832 0.2347 0.0175 0.0117 0.0037
232 0.2476 0.0335 0.1729 0.4771 0.0103 0.0588
233 0.2910 0.0379 0.4233 0.1908 0.0072 0.0498
234 0.3757 0.0449 0.1299 0.4192 0.0147 0.0155
235 0.2603 0.0599 0.1268 0.4937 0.0202 0.0393
236 0.1476 0.0938 0.0895 0.3433 0.0367 0.2891
237 0.1476 0.0938 0.0895 0.3433 0.0367 0.2891
238 0.6279 0.2039 0.0278 0.0140 0.1161 0.0106
239 0.6338 0.2025 0.0276 0.0129 0.1136 0.0096
240 0.6338 0.2025 0.0276 0.0129 0.1136 0.0096
241 0.5815 0.2208 0.0299 0.0134 0.1426 0.0116
242 0.5815 0.2208 0.0299 0.0134 0.1426 0.0116
243 0.5815 0.2208 0.0299 0.0134 0.1426 0.0116
244 0.5815 0.2208 0.0299 0.0134 0.1426 0.0116
245 0.5815 0.2208 0.0299 0.0134 0.1426 0.0116
246 0.5815 0.2208 0.0299 0.0134 0.1426 0.0116
247 0.5815 0.2208 0.0299 0.0134 0.1426 0.0116
