time exciting_prob fearful_prob tense_prob sad_prob relaxing_prob neutral_prob
0 0.1136 0.1553 0.1349 0.1288 0.0181 0.4492
1 0.1242 0.0983 0.1698 0.3123 0.0367 0.2588
2 0.0881 0.3594 0.0714 0.3826 0.0895 0.0091
3 0.0772 0.5488 0.1244 0.1727 0.0395 0.0374
4 0.2014 0.2646 0.2773 0.1605 0.0053 0.0908
5 0.2023 0.2136 0.2920 0.2039 0.0101 0.0780
6 0.0551 0.6660 0.1395 0.1062 0.0271 0.0063
7 0.0987 0.6748 0.0934 0.1076 0.0187 0.0069
8 0.0964 0.5459 0.0949 0.1209 0.0308 0.1110
9 0.0948 0.6235 0.0603 0.1873 0.0213 0.0128
10 0.0634 0.2162 0.2671 0.2754 0.0436 0.1343
11 0.1357 0.0414 0.0197 0.7397 0.0059 0.0575
12 0.2769 0.1145 0.0262 0.5635 0.0084 0.0107
13 0.0534 0.0997 0.1203 0.5830 0.0134 0.1301
14 0.0765 0.2146 0.1242 0.4912 0.0081 0.0854
15 0.0659 0.6548 0.0973 0.1289 0.0309 0.0224
16 0.0901 0.5024 0.2588 0.0997 0.0290 0.0198
17 0.1183 0.2428 0.1920 0.3423 0.0139 0.0907
18 0.0836 0.2698 0.1769 0.3572 0.0143 0.0984
19 0.2021 0.1207 0.1226 0.3835 0.0386 0.1326
20 0.2590 0.0569 0.4763 0.1499 0.0063 0.0518
21 0.1188 0.0855 0.4019 0.2805 0.0368 0.0767
22 0.1011 0.5259 0.0489 0.1383 0.0599 0.1259
23 0.0443 0.1442 0.1376 0.4509 0.0436 0.1794
24 0.0946 0.3354 0.0829 0.2781 0.0835 0.1254
25 0.0395 0.3037 0.2023 0.3389 0.0805 0.0352
26 0.0792 0.3958 0.1346 0.3035 0.0862 0.0009
27 0.0240 0.2010 0.1085 0.6289 0.0372 0.0005
28 0.0409 0.2622 0.1318 0.5098 0.0550 0.0004
29 0.0279 0.2563 0.1438 0.5181 0.0533 0.0008
30 0.0573 0.3425 0.1863 0.3320 0.0690 0.0130
31 0.0787 0.1678 0.2725 0.4026 0.0710 0.0074
32 0.1309 0.0723 0.0706 0.6338 0.0806 0.0119
33 0.1724 0.1096 0.0814 0.5654 0.0551 0.0163
34 0.0462 0.1091 0.0194 0.5762 0.2478 0.0014
35 0.0665 0.1223 0.0183 0.4688 0.3220 0.0023
36 0.0424 0.2089 0.0144 0.5591 0.1732 0.0021
37 0.0541 0.3555 0.2190 0.2581 0.1118 0.0017
38 0.0192 0.4609 0.1428 0.3425 0.0339 0.0006
39 0.0128 0.6270 0.1356 0.1854 0.0385 0.0006
40 0.0601 0.3171 0.0840 0.3538 0.1738 0.0112
41 0.0209 0.1920 0.0463 0.5137 0.2109 0.0160
42 0.1162 0.1665 0.3015 0.3015 0.0603 0.0540
43 0.0313 0.4065 0.2175 0.2625 0.0663 0.0160
44 0.1085 0.2522 0.3557 0.1904 0.0521 0.0412
45 0.1764 0.1998 0.4575 0.0735 0.0119 0.0807
46 0.1525 0.0626 0.1989 0.5078 0.0597 0.0188
47 0.1321 0.1450 0.1696 0.4197 0.1193 0.0141
48 0.0798 0.1169 0.0709 0.5850 0.1198 0.0278
49 0.0519 0.1151 0.0124 0.6079 0.2101 0.0029
50 0.0698 0.1263 0.0205 0.5073 0.2717 0.0043
51 0.0778 0.1794 0.0139 0.5112 0.2130 0.0047
52 0.0856 0.5200 0.0523 0.2418 0.0925 0.0078
53 0.0432 0.0782 0.0224 0.4573 0.3792 0.0196
54 0.0406 0.0847 0.0143 0.1710 0.6816 0.0075
55 0.0527 0.0855 0.1598 0.6675 0.0225 0.0121
56 0.0750 0.0891 0.1190 0.6738 0.0280 0.0148
57 0.0555 0.0505 0.0813 0.7773 0.0262 0.0092
58 0.0291 0.2377 0.0655 0.6362 0.0170 0.0146
59 0.0443 0.2148 0.5977 0.1115 0.0282 0.0036
60 0.1174 0.3242 0.1682 0.3450 0.0061 0.0390
61 0.1890 0.1747 0.1426 0.4602 0.0045 0.0290
62 0.1073 0.1913 0.1388 0.5278 0.0230 0.0116
63 0.0564 0.1046 0.1375 0.6714 0.0189 0.0113
64 0.0624 0.0859 0.1005 0.7197 0.0192 0.0125
65 0.0355 0.0521 0.0685 0.8149 0.0166 0.0121
66 0.0428 0.1566 0.1592 0.5469 0.0684 0.0262
67 0.1002 0.1049 0.1091 0.6528 0.0180 0.0149
68 0.0804 0.2874 0.0933 0.5083 0.0153 0.0156
69 0.0501 0.1984 0.0659 0.5649 0.0619 0.0586
70 0.0654 0.4004 0.0974 0.2883 0.1250 0.0237
71 0.1036 0.2228 0.3562 0.2410 0.0521 0.0244
72 0.0688 0.2365 0.2578 0.2517 0.1827 0.0026
73 0.0604 0.3616 0.1394 0.2484 0.1630 0.0274
74 0.0276 0.6328 0.1346 0.1422 0.0553 0.0076
75 0.1439 0.5264 0.1078 0.1907 0.0043 0.0270
76 0.3855 0.1724 0.0639 0.1697 0.1953 0.0132
77 0.0919 0.1411 0.1550 0.5757 0.0312 0.0049
78 0.0520 0.0700 0.0745 0.7769 0.0188 0.0078
79 0.0653 0.0806 0.1111 0.6860 0.0274 0.0297
80 0.0429 0.0393 0.0753 0.8027 0.0222 0.0176
81 0.0440 0.0462 0.0940 0.7808 0.0186 0.0163
82 0.0793 0.2603 0.1298 0.2333 0.2859 0.0116
83 0.0421 0.5508 0.2260 0.0935 0.0706 0.0172
84 0.0202 0.6089 0.2366 0.1118 0.0222 0.0006
85 0.0595 0.3970 0.3140 0.1681 0.0604 0.0010
86 0.0208 0.1740 0.1583 0.6265 0.0201 0.0006
87 0.0835 0.2654 0.1636 0.3408 0.0111 0.1356
88 0.1780 0.1925 0.2216 0.3708 0.0193 0.0178
89 0.0901 0.2047 0.1954 0.2180 0.2866 0.0052
90 0.0420 0.1023 0.1584 0.3433 0.3486 0.0053
91 0.0782 0.2355 0.1271 0.4910 0.0559 0.0124
92 0.0895 0.4138 0.3076 0.1407 0.0479 0.0004
93 0.1172 0.3445 0.3418 0.0818 0.1144 0.0005
94 0.2168 0.1305 0.1990 0.3035 0.1478 0.0024
95 0.0698 0.2183 0.1572 0.2341 0.3201 0.0007
96 0.0489 0.1761 0.2279 0.1036 0.4429 0.0006
97 0.0528 0.2104 0.2520 0.1118 0.3723 0.0008
98 0.0961 0.3770 0.3433 0.0790 0.0984 0.0061
99 0.0798 0.3083 0.2238 0.0365 0.3467 0.0051
100 0.1277 0.2725 0.1731 0.3872 0.0306 0.0092
101 0.6562 0.1418 0.0443 0.1396 0.0094 0.0087
102 0.3945 0.1451 0.0718 0.3706 0.0099 0.0082
103 0.2837 0.1340 0.1383 0.3530 0.0156 0.0752
104 0.0524 0.7231 0.1392 0.0323 0.0089 0.0441
105 0.2340 0.3982 0.1214 0.1571 0.0440 0.0454
106 0.1824 0.3489 0.1293 0.2612 0.0261 0.0522
107 0.0735 0.1440 0.0555 0.6982 0.0142 0.0146
108 0.0594 0.1667 0.1201 0.6294 0.0161 0.0082
109 0.0793 0.2603 0.1382 0.4976 0.0099 0.0149
110 0.0534 0.0464 0.1570 0.7148 0.0137 0.0148
111 0.1750 0.1685 0.0696 0.3735 0.1953 0.0179
112 0.1656 0.1373 0.0712 0.3704 0.2373 0.0180
113 0.1865 0.5312 0.0382 0.1158 0.1038 0.0245
114 0.2091 0.3530 0.0728 0.2522 0.0972 0.0156
115 0.1946 0.4055 0.1066 0.1626 0.1247 0.0058
116 0.1675 0.3774 0.0947 0.1000 0.2495 0.0109
117 0.1855 0.5327 0.1236 0.1017 0.0507 0.0056
118 0.0983 0.5356 0.2001 0.1453 0.0193 0.0015
119 0.0976 0.7383 0.1072 0.0450 0.0104 0.0018
120 0.1984 0.5186 0.1194 0.0952 0.0665 0.0019
121 0.2039 0.4453 0.1600 0.1276 0.0603 0.0030
122 0.0928 0.4360 0.1555 0.2505 0.0581 0.0072
123 0.2068 0.4446 0.2020 0.0749 0.0656 0.0062
124 0.1915 0.2086 0.1266 0.4417 0.0272 0.0044
125 0.3479 0.1230 0.0764 0.3479 0.0782 0.0266
126 0.3677 0.2047 0.1292 0.1594 0.1232 0.0159
127 0.0546 0.3589 0.3022 0.2467 0.0295 0.0079
128 0.0599 0.4783 0.2834 0.0949 0.0717 0.0117
129 0.0464 0.5312 0.2114 0.1534 0.0450 0.0122
130 0.0789 0.4104 0.3247 0.1251 0.0518 0.0092
131 0.0668 0.4744 0.2788 0.1247 0.0481 0.0071
132 0.0709 0.3054 0.3252 0.2512 0.0348 0.0124
133 0.1084 0.0799 0.0445 0.6797 0.0673 0.0204
134 0.0762 0.3286 0.3262 0.1873 0.0496 0.0320
135 0.1808 0.2651 0.2888 0.1080 0.1418 0.0154
136 0.1770 0.3806 0.1841 0.1001 0.1134 0.0448
137 0.0476 0.3413 0.3413 0.1975 0.0662 0.0063
138 0.0580 0.4705 0.1296 0.2944 0.0455 0.0019
139 0.0304 0.4036 0.3853 0.1696 0.0029 0.0084
140 0.0155 0.4883 0.1206 0.3687 0.0045 0.0025
141 0.0225 0.5117 0.4412 0.0146 0.0023 0.0078
142 0.0399 0.4224 0.3967 0.1278 0.0076 0.0055
143 0.0758 0.4607 0.3879 0.0563 0.0138 0.0054
144 0.0441 0.3933 0.3159 0.2312 0.0045 0.0110
145 0.0843 0.5327 0.1929 0.1689 0.0130 0.0083
146 0.0318 0.3313 0.3696 0.2423 0.0222 0.0029
147 0.1056 0.0932 0.0570 0.5981 0.1107 0.0354
148 0.1246 0.3721 0.0677 0.3386 0.0926 0.0044
149 0.1677 0.4932 0.0884 0.2040 0.0411 0.0056
150 0.2053 0.4082 0.0420 0.2783 0.0631 0.0029
151 0.1526 0.5083 0.1664 0.1152 0.0536 0.0039
152 0.2024 0.3442 0.2422 0.1652 0.0411 0.0049
153 0.1927 0.2656 0.2184 0.2739 0.0433 0.0060
154 0.3345 0.1129 0.1508 0.3533 0.0323 0.0165
155 0.3093 0.2883 0.2175 0.1472 0.0224 0.0153
156 0.1580 0.3345 0.2666 0.2263 0.0060 0.0086
157 0.2349 0.3752 0.1978 0.1565 0.0289 0.0067
158 0.2913 0.3655 0.1511 0.1584 0.0209 0.0128
159 0.3149 0.2935 0.1571 0.1865 0.0342 0.0138
160 0.0759 0.1322 0.2032 0.5610 0.0213 0.0063
161 0.1531 0.2297 0.2583 0.2996 0.0489 0.0104
162 0.1868 0.1454 0.1661 0.4514 0.0351 0.0152
163 0.3127 0.1254 0.0848 0.3032 0.1235 0.0503
164 0.3567 0.1176 0.0895 0.2756 0.1113 0.0494
165 0.0668 0.2559 0.0492 0.6094 0.0095 0.0094
166 0.0695 0.1980 0.0541 0.6440 0.0222 0.0120
167 0.1089 0.3489 0.1572 0.3381 0.0230 0.0239
168 0.0532 0.3633 0.0448 0.0933 0.4314 0.0139
169 0.0596 0.3979 0.0340 0.0778 0.4204 0.0103
170 0.0288 0.5518 0.0384 0.0846 0.2952 0.0013
171 0.0573 0.2046 0.1863 0.5225 0.0209 0.0085
172 0.0206 0.1675 0.0817 0.6626 0.0174 0.0503
173 0.1301 0.1395 0.1395 0.4578 0.1222 0.0108
174 0.1122 0.4167 0.1096 0.2864 0.0644 0.0105
175 0.1199 0.1083 0.0824 0.5674 0.0994 0.0224
176 0.0818 0.0622 0.0477 0.6587 0.1381 0.0115
177 0.1464 0.2321 0.0639 0.3948 0.1343 0.0288
178 0.2532 0.1837 0.1168 0.3174 0.1214 0.0076
179 0.1039 0.0487 0.0606 0.7212 0.0440 0.0214
180 0.1099 0.3105 0.0511 0.4380 0.0804 0.0103
181 0.0764 0.3452 0.0581 0.4866 0.0285 0.0052
182 0.1018 0.2661 0.1564 0.3665 0.0956 0.0136
183 0.1686 0.1940 0.1453 0.3596 0.1168 0.0157
184 0.1364 0.2031 0.1632 0.4070 0.0506 0.0397
185 0.1418 0.1954 0.1608 0.4041 0.0714 0.0267
186 0.1527 0.3992 0.2008 0.1744 0.0622 0.0106
187 0.0710 0.5718 0.2458 0.1017 0.0050 0.0048
188 0.1813 0.5537 0.1456 0.0883 0.0271 0.0038
189 0.0298 0.5796 0.2133 0.1714 0.0040 0.0020
190 0.0463 0.6802 0.1707 0.0825 0.0184 0.0017
191 0.0511 0.2496 0.4519 0.2382 0.0053 0.0038
192 0.1503 0.1152 0.3232 0.2291 0.0365 0.1456
193 0.1659 0.4653 0.1262 0.1986 0.0337 0.0102
194 0.1935 0.4097 0.1721 0.1920 0.0299 0.0028
195 0.0890 0.2457 0.1456 0.4663 0.0278 0.0257
196 0.0900 0.4431 0.2625 0.1405 0.0619 0.0021
197 0.0206 0.2649 0.1417 0.5479 0.0241 0.0011
198 0.3877 0.3816 0.0690 0.0988 0.0594 0.0035
199 0.1505 0.4897 0.0812 0.2173 0.0493 0.0122
200 0.1504 0.5010 0.1704 0.0850 0.0905 0.0025
201 0.1652 0.2520 0.1050 0.3416 0.0668 0.0694
202 0.0908 0.6299 0.0718 0.1722 0.0345 0.0007
203 0.0894 0.6499 0.0846 0.1630 0.0122 0.0011
204 0.1023 0.3201 0.0714 0.4695 0.0340 0.0026
205 0.2291 0.4890 0.0280 0.0963 0.1538 0.0038
206 0.1095 0.1998 0.1193 0.5347 0.0286 0.0078
207 0.0870 0.1246 0.0986 0.6377 0.0395 0.0123
208 0.0115 0.0328 0.0313 0.8862 0.0074 0.0308
209 0.0335 0.0392 0.0911 0.7275 0.0052 0.1032
210 0.0586 0.0937 0.1005 0.6812 0.0509 0.0149
211 0.0363 0.3811 0.2072 0.1691 0.2008 0.0054
212 0.1017 0.3359 0.3308 0.1945 0.0305 0.0067
213 0.0735 0.4070 0.2015 0.2798 0.0095 0.0286
214 0.1353 0.2732 0.4436 0.1261 0.0087 0.0131
215 0.0827 0.5146 0.3271 0.0534 0.0214 0.0005
216 0.0600 0.3398 0.0944 0.3191 0.1735 0.0133
217 0.0864 0.4155 0.1843 0.2443 0.0585 0.0112
218 0.0699 0.7339 0.0786 0.0905 0.0267 0.0003
219 0.0540 0.6631 0.0779 0.1538 0.0507 0.0005
220 0.0948 0.6138 0.1758 0.0971 0.0164 0.0024
221 0.1532 0.4231 0.3120 0.0644 0.0450 0.0023
222 0.1948 0.4221 0.1747 0.1693 0.0190 0.0201
223 0.0620 0.6406 0.1385 0.0443 0.1140 0.0009
224 0.0440 0.7798 0.0760 0.0476 0.0522 0.0001
225 0.1103 0.3142 0.0839 0.0846 0.4067 0.0003
226 0.1366 0.2654 0.1926 0.3655 0.0379 0.0020
227 0.0790 0.2717 0.1942 0.4111 0.0423 0.0017
228 0.0378 0.2683 0.1614 0.4783 0.0536 0.0008
229 0.0702 0.2450 0.2864 0.3098 0.0795 0.0090
230 0.0740 0.4160 0.1694 0.2092 0.1183 0.0131
231 0.0731 0.4302 0.1418 0.2671 0.0468 0.0410
232 0.0536 0.2700 0.0646 0.4314 0.1771 0.0032
233 0.0171 0.3169 0.1342 0.4985 0.0326 0.0008
234 0.0056 0.0945 0.0861 0.8042 0.0087 0.0010
235 0.0720 0.6265 0.0991 0.1781 0.0071 0.0171
236 0.0442 0.3813 0.2107 0.2971 0.0463 0.0204
237 0.1044 0.4192 0.1860 0.1011 0.1803 0.0090
238 0.0496 0.1960 0.4023 0.1930 0.1458 0.0133
239 0.0353 0.5439 0.1910 0.1837 0.0397 0.0061
240 0.0477 0.6738 0.0804 0.0500 0.1479 0.0003
241 0.0331 0.1654 0.1102 0.5957 0.0942 0.0015
242 0.0100 0.1986 0.0847 0.6821 0.0237 0.0008
243 0.0073 0.2278 0.1182 0.6289 0.0173 0.0007
244 0.0652 0.5054 0.1050 0.0927 0.2313 0.0005
245 0.0436 0.4546 0.0687 0.0370 0.3950 0.0010
246 0.0656 0.3662 0.0437 0.0312 0.4927 0.0006
247 0.0722 0.5723 0.0318 0.0408 0.2766 0.0064
248 0.1520 0.3674 0.2487 0.1290 0.0866 0.0161
249 0.0950 0.2644 0.4604 0.1415 0.0334 0.0054
250 0.2229 0.3647 0.3647 0.0306 0.0107 0.0065
251 0.0953 0.4617 0.3887 0.0324 0.0144 0.0076
252 0.0945 0.3625 0.1080 0.2571 0.1753 0.0026
253 0.0557 0.4846 0.3279 0.0918 0.0346 0.0053
254 0.0615 0.4333 0.4233 0.0696 0.0103 0.0020
255 0.0434 0.5293 0.3337 0.0751 0.0174 0.0011
256 0.0233 0.3762 0.0364 0.0256 0.5347 0.0037
257 0.0485 0.4641 0.0415 0.0229 0.4097 0.0134
258 0.0451 0.4817 0.0389 0.0677 0.3579 0.0087
259 0.0311 0.8350 0.0547 0.0542 0.0214 0.0035
260 0.0515 0.2205 0.0333 0.1316 0.5542 0.0090
261 0.0663 0.2727 0.0387 0.0872 0.5254 0.0097
262 0.0398 0.4419 0.0363 0.1296 0.3442 0.0083
263 0.0392 0.3809 0.0480 0.0912 0.4316 0.0092
264 0.0764 0.3533 0.3020 0.2316 0.0299 0.0069
265 0.1461 0.3560 0.2729 0.1876 0.0311 0.0060
266 0.0650 0.4878 0.2164 0.1740 0.0490 0.0079
267 0.1195 0.4204 0.1499 0.2415 0.0615 0.0072
268 0.0365 0.2805 0.0371 0.1422 0.4963 0.0072
269 0.0386 0.2090 0.0336 0.2642 0.4458 0.0090
270 0.0514 0.0534 0.0703 0.7856 0.0213 0.0182
271 0.0521 0.0551 0.0840 0.7842 0.0126 0.0120
272 0.0831 0.1296 0.2460 0.4932 0.0296 0.0187
273 0.0486 0.0852 0.2175 0.5645 0.0493 0.0350
274 0.1838 0.1107 0.1313 0.4919 0.0698 0.0122
275 0.0771 0.0547 0.0853 0.7368 0.0356 0.0106
276 0.0862 0.0503 0.0897 0.7222 0.0325 0.0191
277 0.0573 0.0254 0.0353 0.8486 0.0198 0.0134
278 0.0941 0.0562 0.0710 0.7285 0.0282 0.0220
279 0.0650 0.1559 0.0423 0.5439 0.1823 0.0105
280 0.0950 0.2177 0.1221 0.5303 0.0328 0.0022
281 0.0410 0.0538 0.1354 0.6982 0.0356 0.0361
282 0.0537 0.1578 0.1404 0.6099 0.0105 0.0276
283 0.0300 0.1825 0.1169 0.6367 0.0080 0.0259
284 0.0265 0.1355 0.0909 0.7100 0.0073 0.0300
285 0.0236 0.1445 0.0662 0.7397 0.0049 0.0208
286 0.0097 0.0589 0.0389 0.8726 0.0025 0.0174
287 0.0423 0.1636 0.1399 0.6221 0.0091 0.0232
288 0.0301 0.1564 0.1017 0.6895 0.0063 0.0160
289 0.0476 0.1525 0.0903 0.6782 0.0108 0.0208
290 0.0545 0.2661 0.1370 0.5166 0.0098 0.0159
291 0.0348 0.1223 0.0771 0.7373 0.0080 0.0208
292 0.0298 0.1081 0.0539 0.7866 0.0047 0.0170
293 0.0182 0.0625 0.0709 0.8301 0.0105 0.0081
294 0.1274 0.0401 0.2134 0.5039 0.0836 0.0317
295 0.1136 0.1553 0.1349 0.1288 0.0181 0.4492
