time exciting_prob fearful_prob tense_prob sad_prob relaxing_prob neutral_prob
0 0.1136 0.1553 0.1349 0.1288 0.0181 0.4492
1 0.3237 0.1229 0.1350 0.2859 0.0115 0.1210
2 0.2632 0.0841 0.1595 0.3889 0.0216 0.0828
3 0.1736 0.1021 0.2861 0.3047 0.0214 0.1121
4 0.2305 0.1971 0.3860 0.1072 0.0221 0.0573
5 0.0861 0.2568 0.5654 0.0702 0.0213 0.0003
6 0.0942 0.2725 0.4783 0.1035 0.0508 0.0006
7 0.1117 0.2205 0.6084 0.0341 0.0249 0.0003
8 0.1216 0.2290 0.4448 0.1315 0.0726 0.0004
9 0.2264 0.5874 0.1104 0.0046 0.0712 0.0003
10 0.3188 0.1415 0.2444 0.1964 0.0818 0.0170
11 0.1389 0.3774 0.3081 0.1016 0.0616 0.0122
12 0.0433 0.3855 0.5029 0.0450 0.0133 0.0100
13 0.0510 0.3540 0.5483 0.0233 0.0186 0.0046
14 0.0718 0.2839 0.5737 0.0367 0.0240 0.0096
15 0.0390 0.3760 0.5557 0.0116 0.0155 0.0023
16 0.3682 0.1740 0.3625 0.0552 0.0353 0.0048
17 0.0940 0.2185 0.4924 0.1134 0.0213 0.0602
18 0.0526 0.3738 0.3567 0.1418 0.0514 0.0235
19 0.1192 0.3240 0.5303 0.0165 0.0059 0.0041
20 0.2603 0.1934 0.4673 0.0344 0.0264 0.0184
21 0.0994 0.4316 0.4250 0.0181 0.0205 0.0055
22 0.1267 0.4780 0.3235 0.0274 0.0380 0.0064
23 0.1823 0.5356 0.0822 0.0803 0.0975 0.0221
24 0.2299 0.0629 0.5103 0.0859 0.0292 0.0820
25 0.1863 0.0501 0.5063 0.0595 0.0981 0.0997
26 0.1798 0.1335 0.5122 0.0786 0.0395 0.0565
27 0.0147 0.2908 0.2128 0.0353 0.0030 0.4434
28 0.0098 0.1638 0.2070 0.0188 0.0016 0.5991
29 0.1131 0.1895 0.6113 0.0655 0.0154 0.0050
30 0.1642 0.0935 0.6592 0.0728 0.0053 0.0049
31 0.1799 0.0480 0.1638 0.4182 0.0562 0.1337
32 0.1375 0.3120 0.3591 0.0269 0.0974 0.0670
33 0.1995 0.3499 0.2993 0.0250 0.0722 0.0541
34 0.0778 0.1522 0.5068 0.2357 0.0176 0.0099
35 0.0675 0.1750 0.2979 0.2247 0.0443 0.1908
36 0.2089 0.1493 0.5166 0.0898 0.0336 0.0018
37 0.1870 0.1456 0.6035 0.0230 0.0386 0.0021
38 0.0648 0.1249 0.6445 0.1069 0.0446 0.0145
39 0.0537 0.2192 0.2949 0.0701 0.1655 0.1965
40 0.1201 0.3264 0.2502 0.0851 0.1890 0.0290
41 0.0963 0.3208 0.2274 0.0437 0.3062 0.0058
42 0.1891 0.2544 0.1722 0.0375 0.3425 0.0043
43 0.0973 0.0886 0.5020 0.1372 0.0169 0.1580
44 0.0952 0.0429 0.3706 0.1984 0.1545 0.1384
45 0.0890 0.2476 0.5493 0.0480 0.0491 0.0171
46 0.1993 0.1371 0.4092 0.2025 0.0445 0.0075
47 0.0590 0.2993 0.4858 0.1392 0.0140 0.0026
48 0.0497 0.3193 0.3047 0.2908 0.0314 0.0044
49 0.0822 0.3655 0.4880 0.0518 0.0092 0.0033
50 0.0879 0.2881 0.5386 0.0729 0.0095 0.0032
51 0.1536 0.4109 0.4175 0.0042 0.0127 0.0011
52 0.1812 0.3105 0.4346 0.0078 0.0616 0.0042
53 0.1168 0.2822 0.5439 0.0063 0.0494 0.0013
54 0.0715 0.1337 0.4592 0.1743 0.0211 0.1400
55 0.0955 0.3521 0.2383 0.0637 0.0434 0.2070
56 0.0310 0.1161 0.2742 0.0451 0.0129 0.5205
57 0.0834 0.3274 0.5151 0.0443 0.0241 0.0059
58 0.0869 0.2435 0.5845 0.0472 0.0249 0.0132
59 0.2233 0.1123 0.4583 0.1534 0.0225 0.0302
60 0.2905 0.2563 0.2316 0.1495 0.0260 0.0460
61 0.3699 0.3557 0.2174 0.0131 0.0352 0.0089
62 0.1252 0.3328 0.4619 0.0351 0.0373 0.0077
63 0.1976 0.1614 0.3015 0.2598 0.0603 0.0194
64 0.1122 0.2197 0.1970 0.4204 0.0291 0.0216
65 0.1616 0.2666 0.4360 0.0321 0.0729 0.0309
66 0.0487 0.0457 0.1410 0.1064 0.0166 0.6416
67 0.0623 0.1918 0.6387 0.0728 0.0333 0.0011
68 0.0639 0.1632 0.1632 0.2527 0.0169 0.3401
69 0.0633 0.1617 0.1427 0.2751 0.0149 0.3423
70 0.1683 0.0564 0.7427 0.0076 0.0079 0.0168
71 0.0859 0.1949 0.3318 0.1077 0.2502 0.0294
72 0.2820 0.2356 0.3296 0.0057 0.1353 0.0116
73 0.2493 0.0953 0.2781 0.0578 0.1399 0.1796
74 0.0059 0.1370 0.1814 0.0108 0.0014 0.6636
75 0.0074 0.1165 0.1567 0.0160 0.0011 0.7021
76 0.0319 0.4197 0.4468 0.0595 0.0286 0.0136
77 0.0481 0.0473 0.0553 0.0571 0.0044 0.7881
78 0.0293 0.2910 0.4233 0.2230 0.0243 0.0092
79 0.0378 0.2791 0.5908 0.0673 0.0183 0.0070
80 0.1824 0.4175 0.3079 0.0101 0.0506 0.0317
81 0.1669 0.4944 0.2952 0.0049 0.0252 0.0133
82 0.1592 0.5342 0.2485 0.0035 0.0409 0.0135
83 0.0722 0.4253 0.4746 0.0119 0.0107 0.0054
84 0.2778 0.0998 0.4507 0.1014 0.0475 0.0228
85 0.1598 0.6274 0.1549 0.0444 0.0132 0.0003
86 0.1149 0.4690 0.1940 0.2065 0.0137 0.0019
87 0.0513 0.3882 0.5225 0.0072 0.0160 0.0149
88 0.0842 0.3894 0.4771 0.0124 0.0115 0.0255
89 0.0512 0.6533 0.2642 0.0274 0.0008 0.0030
90 0.0421 0.0566 0.8071 0.0524 0.0143 0.0276
91 0.0600 0.1139 0.7314 0.0538 0.0124 0.0286
92 0.2783 0.3521 0.0985 0.0488 0.2053 0.0171
93 0.2446 0.0928 0.5688 0.0229 0.0355 0.0355
94 0.2219 0.1755 0.5405 0.0184 0.0197 0.0238
95 0.1003 0.1666 0.4639 0.0928 0.1309 0.0456
96 0.0733 0.0617 0.4153 0.1873 0.0144 0.2480
97 0.0910 0.1781 0.2148 0.1454 0.0050 0.3655
98 0.2413 0.1022 0.4800 0.1194 0.0213 0.0359
99 0.2281 0.1450 0.4680 0.1202 0.0153 0.0233
100 0.1277 0.3311 0.4026 0.0296 0.0699 0.0392
101 0.0837 0.1946 0.2700 0.1588 0.0187 0.2744
102 0.0783 0.1938 0.3350 0.1658 0.0239 0.2031
103 0.0328 0.2705 0.5381 0.0825 0.0623 0.0139
104 0.0395 0.0994 0.4893 0.3523 0.0162 0.0033
105 0.2290 0.0925 0.4146 0.2151 0.0424 0.0064
106 0.2306 0.0611 0.5889 0.0651 0.0382 0.0162
107 0.2284 0.0840 0.4910 0.1521 0.0184 0.0260
108 0.1351 0.4033 0.4033 0.0279 0.0212 0.0089
109 0.0906 0.5337 0.3391 0.0108 0.0140 0.0119
110 0.0944 0.0649 0.6060 0.0513 0.1763 0.0074
111 0.0958 0.1068 0.5596 0.0558 0.1761 0.0058
112 0.1844 0.1154 0.3784 0.1874 0.0871 0.0474
113 0.0779 0.4275 0.3833 0.0743 0.0271 0.0098
114 0.1147 0.3792 0.3972 0.0718 0.0314 0.0057
115 0.1393 0.1019 0.1707 0.0100 0.0099 0.5684
116 0.0455 0.0632 0.1296 0.0103 0.0053 0.7461
117 0.0728 0.1110 0.3064 0.0181 0.0392 0.4526
118 0.2439 0.1276 0.4775 0.0386 0.0098 0.1025
119 0.0614 0.2754 0.2932 0.3481 0.0130 0.0090
120 0.0616 0.2917 0.5117 0.1197 0.0113 0.0037
121 0.3889 0.0630 0.2378 0.1196 0.1215 0.0692
122 0.2225 0.1076 0.1448 0.0865 0.3967 0.0418
123 0.1591 0.3613 0.3999 0.0133 0.0478 0.0187
124 0.2181 0.0284 0.6826 0.0271 0.0324 0.0114
125 0.1109 0.1588 0.5210 0.1665 0.0263 0.0166
126 0.0307 0.0138 0.8833 0.0047 0.0026 0.0650
127 0.1083 0.4670 0.3582 0.0580 0.0016 0.0069
128 0.2012 0.1202 0.4753 0.1340 0.0576 0.0117
129 0.0942 0.1482 0.6050 0.1154 0.0159 0.0214
130 0.3323 0.1261 0.3220 0.1893 0.0071 0.0233
131 0.0215 0.1947 0.4319 0.2172 0.0070 0.1277
132 0.0775 0.1772 0.3582 0.2139 0.0168 0.1565
133 0.1121 0.4434 0.2908 0.0393 0.0126 0.1021
134 0.0743 0.5981 0.3008 0.0064 0.0115 0.0089
135 0.1831 0.0812 0.3816 0.2974 0.0233 0.0334
136 0.2322 0.1323 0.4373 0.0655 0.0620 0.0708
137 0.0587 0.1187 0.6831 0.1047 0.0174 0.0174
138 0.0538 0.3455 0.5186 0.0591 0.0183 0.0046
139 0.3059 0.1024 0.2964 0.2534 0.0086 0.0333
140 0.0463 0.1803 0.4534 0.2974 0.0068 0.0158
141 0.0147 0.5679 0.4028 0.0129 0.0010 0.0004
142 0.0576 0.2156 0.5952 0.0414 0.0793 0.0111
143 0.1841 0.2830 0.4629 0.0519 0.0158 0.0024
144 0.1724 0.3428 0.4041 0.0099 0.0670 0.0040
145 0.0793 0.3262 0.5376 0.0070 0.0414 0.0085
146 0.3564 0.1451 0.3855 0.0214 0.0201 0.0713
147 0.2651 0.2433 0.3918 0.0194 0.0172 0.0630
148 0.2242 0.0508 0.5381 0.1163 0.0684 0.0023
149 0.0955 0.0768 0.6431 0.1434 0.0253 0.0161
150 0.0730 0.1213 0.2776 0.0157 0.5107 0.0019
151 0.0543 0.1114 0.8101 0.0182 0.0038 0.0023
152 0.0715 0.1056 0.8052 0.0136 0.0030 0.0012
153 0.1059 0.2661 0.5464 0.0516 0.0262 0.0039
154 0.0875 0.0748 0.7676 0.0461 0.0128 0.0110
155 0.0312 0.2573 0.3745 0.0395 0.0014 0.2961
156 0.0130 0.3206 0.5288 0.0098 0.0005 0.1276
157 0.0495 0.0969 0.2593 0.1455 0.0144 0.4343
158 0.1039 0.0889 0.3572 0.3923 0.0376 0.0201
159 0.0458 0.0346 0.4280 0.4702 0.0127 0.0087
160 0.3162 0.0705 0.2500 0.0580 0.0949 0.2106
161 0.1437 0.1085 0.5684 0.0757 0.0283 0.0757
162 0.1030 0.0676 0.3223 0.4546 0.0185 0.0340
163 0.0988 0.4714 0.2927 0.0764 0.0375 0.0233
164 0.0216 0.2627 0.0471 0.6299 0.0023 0.0364
165 0.0123 0.1191 0.0474 0.8076 0.0018 0.0115
166 0.1057 0.0962 0.3206 0.4312 0.0289 0.0175
167 0.0804 0.0743 0.6626 0.0755 0.0135 0.0939
168 0.0557 0.0492 0.6787 0.2007 0.0090 0.0066
169 0.0767 0.0357 0.2085 0.6626 0.0145 0.0019
170 0.1339 0.1404 0.7017 0.0037 0.0108 0.0095
171 0.4038 0.1046 0.3401 0.1053 0.0443 0.0020
172 0.3364 0.1718 0.3364 0.1208 0.0320 0.0026
173 0.0798 0.2185 0.6421 0.0404 0.0135 0.0056
174 0.0907 0.2126 0.5869 0.0958 0.0097 0.0041
175 0.1538 0.2537 0.4180 0.0850 0.0519 0.0377
176 0.0547 0.0748 0.2415 0.2198 0.0173 0.3918
177 0.0235 0.0184 0.9531 0.0008 0.0013 0.0029
178 0.1087 0.0649 0.6455 0.1271 0.0124 0.0413
179 0.1829 0.3582 0.3235 0.0979 0.0363 0.0013
180 0.0958 0.2524 0.3503 0.2905 0.0091 0.0019
181 0.1464 0.3826 0.2568 0.1301 0.0605 0.0235
182 0.2195 0.4683 0.2566 0.0146 0.0370 0.0039
183 0.6421 0.0503 0.1825 0.0282 0.0374 0.0597
184 0.0977 0.0932 0.6270 0.1378 0.0239 0.0202
185 0.0280 0.1236 0.2964 0.3577 0.0117 0.1826
186 0.0466 0.1504 0.4282 0.3442 0.0210 0.0096
187 0.0701 0.2686 0.5508 0.0628 0.0072 0.0405
188 0.4094 0.1517 0.2225 0.1720 0.0412 0.0030
189 0.2233 0.1534 0.3352 0.2268 0.0081 0.0530
190 0.3372 0.0936 0.3022 0.1569 0.0164 0.0936
191 0.0253 0.4597 0.1127 0.3811 0.0007 0.0204
192 0.2888 0.1558 0.4473 0.0271 0.0126 0.0686
193 0.8145 0.0336 0.0452 0.0563 0.0501 0.0004
194 0.0947 0.1197 0.5366 0.1884 0.0327 0.0280
195 0.1785 0.1082 0.5942 0.0750 0.0414 0.0026
196 0.1882 0.1912 0.4998 0.0427 0.0778 0.0005
197 0.0519 0.1304 0.4146 0.2151 0.1525 0.0356
198 0.2349 0.3696 0.2106 0.0259 0.0333 0.1257
199 0.1261 0.2096 0.3508 0.0675 0.0639 0.1820
200 0.1100 0.0926 0.0843 0.4214 0.2556 0.0360
201 0.1124 0.1073 0.4177 0.1688 0.0682 0.1255
202 0.2585 0.0403 0.4329 0.1342 0.0922 0.0419
203 0.3218 0.1077 0.4263 0.1044 0.0155 0.0244
204 0.1124 0.5884 0.1852 0.0861 0.0141 0.0136
205 0.1384 0.5474 0.1750 0.0853 0.0157 0.0381
206 0.2062 0.1877 0.0680 0.2954 0.0268 0.2161
