time exciting_prob fearful_prob tense_prob sad_prob relaxing_prob neutral_prob
0 0.1136 0.1553 0.1349 0.1288 0.0181 0.4492
1 0.3225 0.1987 0.1700 0.2473 0.0106 0.0507
2 0.2798 0.1807 0.1724 0.3049 0.0078 0.0543
3 0.3582 0.1641 0.1802 0.2520 0.0115 0.0341
4 0.1428 0.4719 0.2566 0.1221 0.0027 0.0041
5 0.1202 0.3970 0.4160 0.0550 0.0027 0.0089
6 0.2244 0.3877 0.3018 0.0775 0.0032 0.0054
7 0.3706 0.1343 0.3074 0.1343 0.0044 0.0490
8 0.2515 0.2151 0.2476 0.2637 0.0046 0.0177
9 0.1184 0.4792 0.2861 0.1045 0.0026 0.0090
10 0.2484 0.3730 0.1996 0.1681 0.0033 0.0076
11 0.1450 0.4067 0.2281 0.2045 0.0042 0.0115
12 0.3245 0.4871 0.0742 0.0937 0.0058 0.0147
13 0.2935 0.1167 0.2549 0.2395 0.0093 0.0861
14 0.2500 0.1127 0.4253 0.1947 0.0038 0.0134
15 0.1641 0.1471 0.5254 0.1530 0.0046 0.0058
16 0.0792 0.0962 0.7451 0.0704 0.0015 0.0077
17 0.1542 0.5298 0.2407 0.0638 0.0042 0.0074
18 0.0781 0.1873 0.2405 0.4421 0.0086 0.0435
19 0.0599 0.3755 0.4746 0.0825 0.0044 0.0029
20 0.0323 0.1470 0.5547 0.2312 0.0082 0.0266
21 0.0498 0.4075 0.4204 0.1132 0.0057 0.0033
22 0.1445 0.3960 0.2598 0.1771 0.0077 0.0150
23 0.0994 0.3779 0.2186 0.2898 0.0083 0.0061
24 0.0591 0.4165 0.3914 0.1086 0.0026 0.0217
25 0.0564 0.4265 0.3591 0.1475 0.0017 0.0089
26 0.0483 0.2454 0.2913 0.4045 0.0027 0.0079
27 0.0115 0.5371 0.2007 0.2496 0.0002 0.0011
28 0.1782 0.1586 0.3303 0.3203 0.0056 0.0070
29 0.1892 0.1290 0.3647 0.3118 0.0030 0.0023
30 0.0425 0.5020 0.3562 0.0740 0.0184 0.0067
31 0.0479 0.6113 0.1765 0.1375 0.0078 0.0193
32 0.0275 0.5620 0.3628 0.0348 0.0085 0.0044
33 0.0374 0.3962 0.5171 0.0249 0.0167 0.0077
34 0.2413 0.2588 0.2549 0.1113 0.0123 0.1213
35 0.2961 0.2201 0.1254 0.3103 0.0045 0.0437
36 0.2225 0.2771 0.1415 0.2903 0.0054 0.0633
37 0.0991 0.4619 0.3770 0.0312 0.0054 0.0255
38 0.0405 0.2462 0.2791 0.3813 0.0136 0.0396
39 0.0303 0.2438 0.4146 0.2939 0.0053 0.0120
40 0.1431 0.2715 0.1896 0.3740 0.0079 0.0139
41 0.0743 0.6426 0.2290 0.0499 0.0009 0.0033
42 0.1024 0.3411 0.4663 0.0756 0.0065 0.0080
43 0.1340 0.4397 0.2585 0.1230 0.0297 0.0152
44 0.1332 0.5474 0.2429 0.0464 0.0222 0.0079
45 0.1071 0.0975 0.7207 0.0265 0.0154 0.0327
46 0.0475 0.1986 0.6611 0.0340 0.0051 0.0534
47 0.0356 0.6460 0.2268 0.0464 0.0052 0.0400
48 0.0956 0.3638 0.2500 0.2090 0.0326 0.0489
49 0.0743 0.2200 0.5796 0.0842 0.0058 0.0362
50 0.1055 0.3325 0.3770 0.1713 0.0025 0.0113
51 0.0878 0.2791 0.5376 0.0864 0.0011 0.0081
52 0.1081 0.4480 0.2474 0.1897 0.0026 0.0042
53 0.0795 0.4832 0.3269 0.1013 0.0032 0.0060
54 0.1870 0.4558 0.1625 0.0912 0.0926 0.0108
55 0.0607 0.4812 0.1538 0.1041 0.1587 0.0417
56 0.1407 0.5698 0.2231 0.0400 0.0175 0.0091
57 0.0525 0.5918 0.1472 0.1951 0.0068 0.0068
58 0.0847 0.5649 0.2319 0.0702 0.0356 0.0127
59 0.0822 0.5078 0.2200 0.1254 0.0483 0.0164
60 0.2313 0.5054 0.1437 0.1035 0.0083 0.0080
61 0.0935 0.5132 0.2791 0.0957 0.0140 0.0044
62 0.0334 0.1085 0.7534 0.0958 0.0046 0.0044
63 0.2056 0.4385 0.2087 0.1447 0.0024 0.0002
64 0.1192 0.6396 0.1146 0.0294 0.0879 0.0093
65 0.0788 0.2585 0.6104 0.0387 0.0058 0.0079
66 0.0190 0.3562 0.3674 0.2411 0.0032 0.0130
67 0.0742 0.2610 0.2491 0.3406 0.0076 0.0676
68 0.2401 0.0738 0.1991 0.4521 0.0083 0.0265
69 0.2620 0.1370 0.3472 0.2122 0.0054 0.0363
70 0.1175 0.1736 0.1231 0.2264 0.0139 0.3452
71 0.1692 0.2539 0.1829 0.3723 0.0086 0.0130
72 0.1664 0.2086 0.5288 0.0641 0.0058 0.0265
73 0.1453 0.1595 0.5312 0.1476 0.0023 0.0142
74 0.2651 0.1909 0.1344 0.2651 0.0258 0.1186
75 0.0458 0.2101 0.6572 0.0621 0.0067 0.0178
76 0.1382 0.2834 0.4392 0.0695 0.0363 0.0333
77 0.2307 0.3081 0.2307 0.1525 0.0327 0.0454
78 0.0144 0.3821 0.5562 0.0270 0.0003 0.0202
79 0.3374 0.2046 0.1486 0.1241 0.1364 0.0490
80 0.0689 0.1732 0.1577 0.5952 0.0017 0.0034
81 0.0648 0.0226 0.0478 0.8149 0.0196 0.0302
82 0.0522 0.6567 0.2654 0.0167 0.0032 0.0058
83 0.0461 0.3511 0.3196 0.2031 0.0101 0.0702
84 0.1066 0.2119 0.1703 0.3413 0.0593 0.1108
85 0.0816 0.0687 0.1501 0.4275 0.2084 0.0635
86 0.1144 0.0948 0.3413 0.2070 0.2274 0.0149
87 0.2700 0.1677 0.1827 0.2039 0.0657 0.1100
88 0.0997 0.2820 0.1157 0.4470 0.0128 0.0429
89 0.0868 0.2844 0.5400 0.0249 0.0214 0.0426
90 0.1326 0.1315 0.6084 0.0918 0.0148 0.0211
91 0.0941 0.1049 0.5083 0.2722 0.0068 0.0137
92 0.0701 0.3342 0.2605 0.2729 0.0156 0.0467
93 0.0456 0.7588 0.1201 0.0533 0.0082 0.0140
94 0.0286 0.4688 0.3708 0.1131 0.0046 0.0142
95 0.1326 0.1456 0.3386 0.2896 0.0544 0.0392
96 0.0288 0.2450 0.3511 0.3679 0.0021 0.0052
97 0.1008 0.1357 0.6274 0.1198 0.0074 0.0089
98 0.2462 0.1517 0.2278 0.3418 0.0199 0.0125
99 0.1426 0.2074 0.5054 0.1035 0.0292 0.0122
100 0.1583 0.2050 0.0828 0.3027 0.2216 0.0295
101 0.4780 0.2944 0.1588 0.0251 0.0377 0.0060
102 0.2627 0.3345 0.1193 0.1791 0.0370 0.0674
103 0.1003 0.0845 0.2026 0.4224 0.0563 0.1339
104 0.1210 0.0701 0.0653 0.5020 0.0529 0.1890
105 0.2013 0.1351 0.1103 0.2908 0.1021 0.1605
106 0.1172 0.0360 0.1653 0.6338 0.0109 0.0369
107 0.1763 0.1094 0.6152 0.0471 0.0493 0.0028
108 0.3779 0.1886 0.0941 0.2257 0.0667 0.0469
109 0.0647 0.0941 0.7061 0.0971 0.0278 0.0101
110 0.3103 0.1941 0.1224 0.2341 0.0687 0.0703
111 0.5249 0.2240 0.1327 0.1058 0.0086 0.0040
112 0.5771 0.2463 0.0690 0.0865 0.0164 0.0046
113 0.4841 0.2416 0.0984 0.0778 0.0939 0.0043
114 0.2391 0.2507 0.1373 0.2546 0.0605 0.0577
115 0.1917 0.3391 0.1328 0.1470 0.1267 0.0627
116 0.1188 0.1274 0.2052 0.4243 0.0480 0.0761
117 0.0790 0.0665 0.8232 0.0076 0.0218 0.0018
118 0.2338 0.1582 0.2015 0.1807 0.1558 0.0702
119 0.3857 0.3918 0.1547 0.0440 0.0204 0.0032
120 0.1733 0.3188 0.4094 0.0336 0.0594 0.0051
121 0.0641 0.1854 0.5537 0.1143 0.0715 0.0109
122 0.3792 0.1763 0.1281 0.1805 0.0664 0.0696
123 0.2810 0.1677 0.4419 0.0986 0.0093 0.0014
124 0.2023 0.2617 0.2681 0.1066 0.0651 0.0963
125 0.6284 0.1873 0.1181 0.0240 0.0105 0.0316
126 0.6782 0.1455 0.1274 0.0203 0.0202 0.0083
127 0.1487 0.2146 0.3855 0.1140 0.0670 0.0702
128 0.2373 0.2411 0.2585 0.1892 0.0347 0.0390
129 0.1615 0.2500 0.3936 0.1403 0.0496 0.0051
130 0.1495 0.1694 0.3477 0.2974 0.0084 0.0275
131 0.0435 0.2211 0.3477 0.3167 0.0079 0.0633
132 0.1074 0.1538 0.2039 0.3838 0.0255 0.1256
133 0.0185 0.6118 0.2673 0.0660 0.0026 0.0337
134 0.1624 0.3254 0.1295 0.1315 0.0129 0.2382
135 0.0138 0.3416 0.1492 0.2499 0.0033 0.2422
136 0.0770 0.6104 0.1155 0.1383 0.0129 0.0460
137 0.0747 0.0610 0.1892 0.3000 0.0130 0.3621
138 0.0657 0.5083 0.2365 0.1049 0.0090 0.0756
139 0.0995 0.1859 0.2041 0.3262 0.0151 0.1692
140 0.0983 0.0909 0.1015 0.1355 0.0121 0.5615
141 0.0183 0.5347 0.1321 0.2449 0.0026 0.0674
142 0.1820 0.0498 0.1879 0.1953 0.0314 0.3538
143 0.1058 0.2852 0.0750 0.1357 0.0144 0.3838
144 0.1010 0.3013 0.2788 0.0280 0.0078 0.2832
145 0.0515 0.4480 0.2554 0.1957 0.0092 0.0404
146 0.1273 0.3833 0.2150 0.1315 0.0146 0.1284
147 0.0908 0.1952 0.2429 0.1833 0.0079 0.2795
148 0.0748 0.2065 0.3459 0.3459 0.0058 0.0209
149 0.1700 0.2051 0.1714 0.3831 0.0104 0.0602
150 0.0681 0.1685 0.2231 0.2129 0.0080 0.3196
151 0.0957 0.2278 0.2313 0.3472 0.0180 0.0800
152 0.0720 0.2871 0.5708 0.0630 0.0041 0.0031
153 0.0846 0.2668 0.4683 0.1520 0.0192 0.0092
154 0.0843 0.0911 0.3494 0.2556 0.0113 0.2085
155 0.0583 0.1987 0.6938 0.0247 0.0036 0.0210
156 0.0538 0.0833 0.7900 0.0439 0.0021 0.0270
157 0.0377 0.1133 0.4019 0.1367 0.0024 0.3081
158 0.0504 0.3137 0.5171 0.0844 0.0196 0.0146
159 0.1920 0.1555 0.3318 0.2428 0.0321 0.0456
160 0.0953 0.2654 0.3101 0.2416 0.0574 0.0302
161 0.2935 0.3711 0.0815 0.1387 0.0351 0.0803
162 0.3848 0.2815 0.0659 0.0546 0.0463 0.1669
163 0.0220 0.4458 0.5210 0.0079 0.0005 0.0026
164 0.0195 0.4431 0.5181 0.0155 0.0002 0.0036
165 0.1331 0.0664 0.1121 0.4944 0.0093 0.1848
166 0.1367 0.0954 0.1133 0.0954 0.0015 0.5576
167 0.1116 0.1782 0.3894 0.2325 0.0247 0.0635
168 0.0577 0.1407 0.2932 0.4614 0.0159 0.0309
169 0.0688 0.0933 0.5898 0.1401 0.0069 0.1009
170 0.0771 0.5269 0.2607 0.0644 0.0049 0.0659
171 0.0816 0.2418 0.4961 0.1107 0.0626 0.0071
172 0.1576 0.1458 0.4561 0.1504 0.0341 0.0562
173 0.1974 0.1537 0.4243 0.1388 0.0175 0.0682
174 0.0243 0.4143 0.3276 0.1987 0.0186 0.0163
175 0.0526 0.3301 0.4441 0.1583 0.0076 0.0073
176 0.1525 0.1537 0.1897 0.4275 0.0275 0.0491
177 0.3350 0.2756 0.0861 0.2163 0.0394 0.0475
178 0.1868 0.2435 0.0924 0.3862 0.0282 0.0630
179 0.0616 0.2378 0.5703 0.1159 0.0088 0.0055
180 0.2202 0.1389 0.3057 0.1974 0.0151 0.1226
181 0.0273 0.4136 0.5225 0.0314 0.0017 0.0035
182 0.0328 0.2788 0.6587 0.0262 0.0004 0.0030
183 0.0064 0.2490 0.0649 0.6768 0.0004 0.0022
184 0.0005 0.0400 0.0042 0.9546 0.0001 0.0004
185 0.0031 0.2839 0.0311 0.6812 0.0004 0.0005
186 0.0006 0.0695 0.0135 0.9155 0.0001 0.0007
187 0.1222 0.4612 0.3882 0.0095 0.0089 0.0101
188 0.0292 0.8267 0.0700 0.0632 0.0030 0.0078
189 0.1180 0.0603 0.2008 0.1857 0.0296 0.4055
190 0.1043 0.2074 0.5640 0.0935 0.0045 0.0266
191 0.1815 0.1267 0.5337 0.0143 0.0257 0.1181
192 0.2061 0.1270 0.4792 0.0299 0.0493 0.1086
193 0.1135 0.2810 0.2854 0.0392 0.0818 0.1992
194 0.1295 0.1812 0.4346 0.0249 0.1869 0.0430
195 0.2367 0.1759 0.3210 0.1665 0.0360 0.0637
196 0.1186 0.2322 0.4583 0.0975 0.0353 0.0583
197 0.0690 0.2429 0.4719 0.1061 0.0180 0.0922
198 0.0844 0.2404 0.5249 0.1228 0.0088 0.0185
199 0.1115 0.2019 0.4077 0.1941 0.0583 0.0265
200 0.3855 0.0735 0.3564 0.1122 0.0482 0.0243
201 0.2935 0.2981 0.3198 0.0419 0.0254 0.0214
202 0.3374 0.1451 0.3481 0.0894 0.0707 0.0090
203 0.1073 0.0720 0.5801 0.1274 0.0227 0.0904
204 0.0721 0.1814 0.1504 0.5674 0.0090 0.0196
205 0.2075 0.2333 0.4226 0.0529 0.0563 0.0274
206 0.1230 0.0347 0.3091 0.3140 0.0100 0.2092
207 0.1017 0.5122 0.2742 0.0767 0.0142 0.0210
208 0.0854 0.1941 0.3860 0.2235 0.0170 0.0939
209 0.2155 0.1639 0.5903 0.0182 0.0097 0.0022
210 0.3398 0.1416 0.2410 0.1053 0.0696 0.1028
211 0.1344 0.6567 0.1523 0.0340 0.0164 0.0061
212 0.1010 0.6689 0.1317 0.0222 0.0047 0.0716
213 0.0770 0.6494 0.0800 0.1329 0.0224 0.0384
214 0.1384 0.0853 0.2954 0.3169 0.0168 0.1473
215 0.1818 0.1102 0.3757 0.1201 0.0062 0.2059
216 0.1058 0.2136 0.5498 0.0632 0.0484 0.0193
217 0.1589 0.2295 0.1615 0.1288 0.0148 0.3064
218 0.0404 0.2615 0.6572 0.0359 0.0019 0.0032
219 0.0483 0.1282 0.3325 0.4009 0.0061 0.0840
220 0.1199 0.1527 0.3496 0.2479 0.0125 0.1171
221 0.1174 0.2727 0.3318 0.2227 0.0103 0.0452
222 0.0863 0.3748 0.4592 0.0259 0.0257 0.0280
223 0.2216 0.2114 0.2888 0.1122 0.0183 0.1476
224 0.3149 0.3274 0.2048 0.0881 0.0416 0.0232
225 0.4001 0.4260 0.0679 0.0529 0.0446 0.0085
226 0.2695 0.5488 0.0835 0.0737 0.0146 0.0097
227 0.4712 0.2042 0.2314 0.0658 0.0132 0.0140
228 0.3179 0.1049 0.1116 0.3130 0.0365 0.1160
229 0.2397 0.3030 0.2217 0.1080 0.0314 0.0961
230 0.2283 0.2078 0.4646 0.0555 0.0400 0.0038
231 0.3191 0.2544 0.2583 0.0717 0.0663 0.0301
232 0.3147 0.1158 0.2510 0.1711 0.0784 0.0692
233 0.1991 0.1456 0.2942 0.2440 0.0312 0.0856
234 0.1444 0.0970 0.2152 0.2477 0.0462 0.2496
235 0.0625 0.4475 0.1571 0.3101 0.0024 0.0206
236 0.2158 0.2996 0.3586 0.0812 0.0256 0.0193
237 0.3005 0.2252 0.1477 0.1674 0.0450 0.1141
238 0.1028 0.3191 0.4641 0.0782 0.0137 0.0220
239 0.0167 0.0269 0.0960 0.8164 0.0367 0.0072
240 0.1931 0.1447 0.4893 0.0496 0.1227 0.0008
241 0.1437 0.1128 0.6143 0.1011 0.0252 0.0029
242 0.1578 0.6440 0.0466 0.0485 0.0478 0.0554
243 0.0644 0.2212 0.1791 0.4756 0.0460 0.0137
244 0.2688 0.1362 0.0240 0.2228 0.0529 0.2952
245 0.4392 0.2124 0.0264 0.1382 0.0958 0.0879
246 0.0068 0.6318 0.3279 0.0298 0.0002 0.0034
247 0.0046 0.5850 0.3547 0.0480 0.0002 0.0073
248 0.2000 0.3535 0.0659 0.0664 0.0997 0.2145
249 0.2502 0.2878 0.0520 0.1093 0.0562 0.2444
250 0.1991 0.3635 0.0519 0.1827 0.0536 0.1492
251 0.0054 0.5708 0.3516 0.0515 0.0008 0.0201
252 0.0304 0.6914 0.2142 0.0193 0.0331 0.0114
253 0.2404 0.1552 0.3665 0.2040 0.0045 0.0294
254 0.2091 0.0921 0.4292 0.2043 0.0077 0.0576
255 0.0208 0.3455 0.5435 0.0334 0.0068 0.0498
256 0.0392 0.2656 0.5366 0.0552 0.0147 0.0889
257 0.0247 0.4302 0.5190 0.0208 0.0012 0.0041
258 0.0274 0.6094 0.3472 0.0133 0.0010 0.0018
259 0.0327 0.0651 0.8574 0.0401 0.0005 0.0040
260 0.0956 0.5591 0.1719 0.1026 0.0035 0.0673
261 0.0530 0.4009 0.4685 0.0718 0.0015 0.0043
262 0.0655 0.4373 0.4106 0.0790 0.0006 0.0070
263 0.0247 0.6118 0.3125 0.0440 0.0005 0.0066
264 0.0301 0.3582 0.4319 0.1614 0.0003 0.0181
265 0.0251 0.6133 0.3386 0.0179 0.0017 0.0033
266 0.4832 0.0880 0.2864 0.1353 0.0030 0.0042
267 0.0379 0.5234 0.3328 0.0725 0.0208 0.0126
268 0.4917 0.0630 0.0616 0.3276 0.0060 0.0502
269 0.0515 0.2235 0.6172 0.0720 0.0111 0.0247
270 0.0700 0.4189 0.0525 0.3613 0.0087 0.0885
271 0.3167 0.2729 0.1736 0.1952 0.0116 0.0299
272 0.1069 0.0734 0.2644 0.5176 0.0136 0.0238
273 0.4629 0.1207 0.1246 0.1991 0.0341 0.0588
274 0.2908 0.1462 0.1384 0.3374 0.0219 0.0654
275 0.1785 0.4150 0.3335 0.0427 0.0232 0.0069
276 0.0443 0.6611 0.0629 0.1608 0.0154 0.0555
277 0.2025 0.3040 0.3782 0.1010 0.0013 0.0130
278 0.5142 0.1077 0.1682 0.1832 0.0207 0.0062
279 0.5967 0.0600 0.0753 0.2179 0.0370 0.0130
280 0.6846 0.0386 0.0441 0.1871 0.0303 0.0155
281 0.7075 0.0463 0.0701 0.1580 0.0147 0.0034
282 0.5532 0.0977 0.1356 0.1898 0.0208 0.0027
283 0.5132 0.0793 0.0964 0.0668 0.0384 0.2058
