time exciting_prob fearful_prob tense_prob sad_prob relaxing_prob neutral_prob
0 0.1136 0.1553 0.1349 0.1288 0.0181 0.4492
1 0.7993 0.0904 0.0843 0.0063 0.0160 0.0036
2 0.8096 0.0814 0.0873 0.0063 0.0100 0.0055
3 0.1136 0.1553 0.1349 0.1288 0.0181 0.4492
4 0.7466 0.1248 0.0270 0.0489 0.0466 0.0062
5 0.3711 0.1686 0.0565 0.1063 0.2673 0.0305
6 0.7017 0.0674 0.0209 0.1219 0.0163 0.0717
7 0.2742 0.2135 0.0327 0.4414 0.0312 0.0069
8 0.6987 0.0178 0.0362 0.0909 0.0040 0.1523
9 0.9224 0.0378 0.0118 0.0107 0.0147 0.0024
10 0.3513 0.0334 0.0106 0.4802 0.0260 0.0983
11 0.2791 0.3696 0.2561 0.0618 0.0281 0.0056
12 0.1625 0.4663 0.1625 0.1826 0.0083 0.0178
13 0.2449 0.2507 0.2393 0.2196 0.0342 0.0114
14 0.1390 0.0941 0.1246 0.5166 0.0182 0.1074
15 0.4177 0.1501 0.1525 0.1688 0.0531 0.0579
16 0.0580 0.2620 0.3965 0.1759 0.0445 0.0632
17 0.0437 0.3059 0.5542 0.0682 0.0276 0.0005
18 0.0871 0.0739 0.1119 0.1392 0.5859 0.0018
19 0.4238 0.3406 0.0367 0.1713 0.0078 0.0197
20 0.0591 0.3914 0.0286 0.0376 0.4797 0.0037
21 0.0122 0.1552 0.3086 0.3337 0.0062 0.1842
22 0.4194 0.1103 0.0951 0.1567 0.0107 0.2076
23 0.6714 0.1333 0.0479 0.0759 0.0054 0.0660
24 0.0827 0.4541 0.1558 0.1521 0.1533 0.0018
25 0.0712 0.4641 0.2228 0.2142 0.0193 0.0084
26 0.0995 0.1603 0.2815 0.2561 0.1996 0.0030
27 0.0555 0.1484 0.3972 0.0944 0.0048 0.2998
28 0.4424 0.1815 0.1787 0.1110 0.0678 0.0185
29 0.0870 0.4417 0.1469 0.2421 0.0744 0.0081
30 0.1213 0.3708 0.3049 0.0340 0.1685 0.0005
31 0.4478 0.1971 0.2050 0.0665 0.0289 0.0547
32 0.4526 0.0466 0.0751 0.3552 0.0058 0.0647
33 0.6206 0.1139 0.0713 0.0990 0.0050 0.0901
34 0.1619 0.1241 0.1300 0.1892 0.3943 0.0004
35 0.0532 0.4812 0.2496 0.0351 0.1716 0.0093
36 0.5322 0.1367 0.1304 0.1598 0.0073 0.0338
37 0.0352 0.0870 0.2520 0.2854 0.3337 0.0069
38 0.3806 0.2053 0.1305 0.1898 0.0278 0.0661
39 0.0126 0.2708 0.1427 0.4753 0.0509 0.0478
40 0.1821 0.1158 0.2549 0.3196 0.0162 0.1113
41 0.1360 0.4670 0.1516 0.1993 0.0389 0.0070
42 0.1633 0.3567 0.1970 0.2285 0.0400 0.0145
43 0.1593 0.3850 0.1086 0.2605 0.0826 0.0039
44 0.2512 0.4275 0.1897 0.0483 0.0671 0.0161
45 0.3687 0.2534 0.2236 0.1040 0.0365 0.0139
46 0.1407 0.1545 0.4688 0.0291 0.1671 0.0397
47 0.1838 0.0977 0.3127 0.3228 0.0687 0.0144
48 0.2886 0.1139 0.2527 0.2468 0.0814 0.0165
49 0.0631 0.5713 0.2382 0.0515 0.0317 0.0441
50 0.0516 0.6543 0.1051 0.1035 0.0493 0.0363
51 0.0566 0.6035 0.2852 0.0257 0.0274 0.0016
52 0.1671 0.3123 0.4009 0.0239 0.0909 0.0049
53 0.1118 0.2832 0.5249 0.0227 0.0536 0.0037
54 0.0853 0.2546 0.5737 0.0108 0.0741 0.0017
55 0.3057 0.0374 0.2052 0.3657 0.0773 0.0087
56 0.1097 0.1168 0.5234 0.2148 0.0166 0.0183
57 0.2046 0.4067 0.3320 0.0239 0.0314 0.0013
58 0.4260 0.0845 0.1240 0.1776 0.1832 0.0047
59 0.2303 0.0334 0.1105 0.5703 0.0498 0.0055
60 0.2428 0.3562 0.3242 0.0501 0.0190 0.0077
61 0.0820 0.0513 0.3096 0.4946 0.0581 0.0046
62 0.1285 0.3521 0.2458 0.2383 0.0287 0.0065
63 0.1097 0.6167 0.1158 0.0975 0.0526 0.0079
64 0.3259 0.1664 0.0496 0.3691 0.0085 0.0804
65 0.3464 0.0726 0.2573 0.2168 0.0359 0.0709
66 0.0958 0.3503 0.4714 0.0164 0.0525 0.0137
67 0.1080 0.1132 0.2673 0.3860 0.0367 0.0889
68 0.0766 0.1334 0.4478 0.1753 0.0345 0.1323
69 0.4688 0.0591 0.0514 0.3765 0.0413 0.0030
70 0.2925 0.0886 0.0478 0.5381 0.0304 0.0026
71 0.1102 0.3020 0.3477 0.2092 0.0154 0.0154
72 0.4841 0.2322 0.1511 0.0314 0.0983 0.0029
73 0.1011 0.2059 0.3066 0.2625 0.0366 0.0872
74 0.2062 0.0586 0.1863 0.3911 0.1300 0.0279
75 0.3367 0.1403 0.2834 0.1459 0.0858 0.0080
76 0.2830 0.0158 0.1562 0.4666 0.0540 0.0242
77 0.0579 0.2052 0.4346 0.1649 0.0049 0.1326
78 0.2211 0.3425 0.3533 0.0521 0.0149 0.0160
79 0.2198 0.3486 0.4043 0.0221 0.0037 0.0014
80 0.0287 0.6689 0.2539 0.0459 0.0006 0.0022
81 0.1567 0.1891 0.6196 0.0277 0.0030 0.0038
82 0.2742 0.3333 0.2964 0.0636 0.0163 0.0163
83 0.0942 0.3640 0.4529 0.0604 0.0118 0.0168
84 0.1605 0.0629 0.5347 0.1907 0.0153 0.0358
85 0.3713 0.1897 0.1838 0.1987 0.0385 0.0179
86 0.1477 0.2673 0.4768 0.0895 0.0093 0.0094
87 0.4893 0.1652 0.0728 0.2441 0.0261 0.0025
88 0.0625 0.1635 0.5034 0.1536 0.0172 0.0999
89 0.0898 0.6582 0.2329 0.0071 0.0011 0.0108
90 0.1604 0.6006 0.1804 0.0399 0.0051 0.0135
91 0.2084 0.3862 0.3462 0.0162 0.0307 0.0121
92 0.3464 0.0503 0.3057 0.2344 0.0574 0.0056
93 0.1620 0.0681 0.1453 0.5566 0.0596 0.0082
94 0.1937 0.0370 0.2063 0.5186 0.0266 0.0179
95 0.7227 0.1625 0.0811 0.0315 0.0020 0.0002
96 0.5542 0.0774 0.0830 0.2764 0.0067 0.0025
97 0.1382 0.0878 0.1654 0.5820 0.0183 0.0084
98 0.2996 0.0173 0.4495 0.1578 0.0679 0.0080
99 0.1498 0.0847 0.2129 0.5186 0.0286 0.0052
100 0.2211 0.0409 0.4983 0.2228 0.0129 0.0042
101 0.1700 0.0714 0.4016 0.3176 0.0332 0.0061
102 0.0403 0.1240 0.5342 0.2839 0.0070 0.0105
103 0.3296 0.1046 0.2162 0.3220 0.0217 0.0060
104 0.2520 0.0781 0.3062 0.3286 0.0294 0.0059
105 0.1213 0.1595 0.4302 0.2734 0.0154 0.0001
106 0.1948 0.0892 0.5093 0.1774 0.0287 0.0007
107 0.1255 0.0970 0.3926 0.3574 0.0218 0.0056
108 0.2249 0.1157 0.4136 0.1475 0.0945 0.0038
109 0.2673 0.1234 0.2571 0.3250 0.0255 0.0016
110 0.0638 0.2109 0.6968 0.0235 0.0046 0.0002
111 0.1334 0.0440 0.5356 0.2532 0.0319 0.0018
112 0.1132 0.0766 0.5073 0.2759 0.0221 0.0050
113 0.1569 0.6812 0.1439 0.0152 0.0021 0.0007
114 0.1434 0.3281 0.3777 0.1390 0.0043 0.0073
115 0.0460 0.1497 0.5830 0.1321 0.0847 0.0046
116 0.3062 0.1527 0.1469 0.3108 0.0141 0.0694
117 0.1786 0.1091 0.4150 0.2639 0.0263 0.0069
118 0.2539 0.1327 0.2275 0.3638 0.0159 0.0063
119 0.4473 0.0938 0.3098 0.1038 0.0423 0.0029
120 0.0687 0.1254 0.5195 0.2634 0.0170 0.0058
121 0.4373 0.1941 0.2216 0.1141 0.0251 0.0079
122 0.1290 0.0685 0.4070 0.3647 0.0297 0.0011
123 0.5005 0.0557 0.1884 0.2238 0.0218 0.0101
124 0.2186 0.2458 0.3838 0.1348 0.0031 0.0140
125 0.2036 0.0330 0.2068 0.5366 0.0153 0.0047
126 0.3472 0.0344 0.1719 0.3936 0.0500 0.0028
127 0.2488 0.2710 0.2776 0.1937 0.0051 0.0039
128 0.1858 0.1267 0.2969 0.2520 0.1338 0.0047
129 0.3733 0.2318 0.1736 0.1907 0.0163 0.0145
130 0.2805 0.0257 0.2325 0.3716 0.0869 0.0026
131 0.2058 0.1328 0.4390 0.1979 0.0222 0.0022
132 0.4834 0.1793 0.2129 0.1030 0.0204 0.0010
133 0.3608 0.2385 0.1470 0.1481 0.1042 0.0014
134 0.2834 0.1042 0.3364 0.1360 0.1381 0.0017
135 0.1945 0.2203 0.2007 0.2498 0.0323 0.1025
136 0.3660 0.2135 0.2363 0.1326 0.0333 0.0185
137 0.5317 0.1560 0.1699 0.1196 0.0090 0.0137
138 0.6626 0.0919 0.1049 0.0817 0.0122 0.0465
139 0.7524 0.0844 0.0648 0.0516 0.0086 0.0381
140 0.8667 0.0406 0.0198 0.0467 0.0092 0.0169
141 0.3503 0.3848 0.1484 0.0718 0.0425 0.0021
142 0.5991 0.1217 0.0919 0.1100 0.0137 0.0637
143 0.2291 0.1600 0.3960 0.1716 0.0041 0.0392
144 0.4329 0.2109 0.1036 0.1804 0.0663 0.0058
145 0.4656 0.3406 0.0743 0.0714 0.0468 0.0011
146 0.5356 0.1766 0.1185 0.0923 0.0188 0.0582
147 0.6533 0.0448 0.0386 0.2275 0.0076 0.0280
148 0.7920 0.1234 0.0134 0.0510 0.0105 0.0097
149 0.1876 0.3911 0.3242 0.0718 0.0057 0.0198
150 0.2747 0.2561 0.2190 0.2073 0.0143 0.0287
151 0.5713 0.1598 0.0247 0.2307 0.0089 0.0046
152 0.6606 0.2588 0.0179 0.0439 0.0153 0.0035
153 0.0760 0.2343 0.3984 0.2781 0.0027 0.0104
154 0.8516 0.0876 0.0149 0.0327 0.0080 0.0052
155 0.0946 0.1925 0.2234 0.2512 0.1302 0.1080
156 0.8208 0.0794 0.0198 0.0643 0.0094 0.0064
157 0.2908 0.5688 0.0525 0.0664 0.0120 0.0093
158 0.2698 0.3330 0.2849 0.0641 0.0469 0.0015
159 0.2010 0.3164 0.3289 0.1035 0.0236 0.0266
160 0.2922 0.1564 0.3870 0.1256 0.0315 0.0073
161 0.4692 0.3655 0.1224 0.0111 0.0312 0.0007
162 0.6733 0.0897 0.0993 0.0897 0.0236 0.0245
163 0.1334 0.4307 0.3684 0.0278 0.0388 0.0009
164 0.2588 0.5186 0.1354 0.0605 0.0258 0.0007
165 0.0926 0.1930 0.2170 0.4629 0.0016 0.0328
166 0.4175 0.2067 0.2397 0.0748 0.0312 0.0302
167 0.3464 0.2400 0.3130 0.0223 0.0738 0.0045
168 0.5229 0.2179 0.1429 0.0930 0.0152 0.0083
169 0.6729 0.1927 0.0458 0.0646 0.0151 0.0087
170 0.4917 0.0616 0.0766 0.3030 0.0269 0.0404
171 0.1698 0.3098 0.3738 0.1140 0.0143 0.0185
172 0.1835 0.1385 0.2668 0.3245 0.0297 0.0568
173 0.6050 0.0781 0.0839 0.1890 0.0180 0.0260
174 0.4351 0.3132 0.1652 0.0325 0.0466 0.0075
175 0.5732 0.1997 0.0648 0.1472 0.0062 0.0088
176 0.7671 0.0790 0.0183 0.0916 0.0255 0.0183
177 0.6011 0.0659 0.0537 0.2625 0.0114 0.0057
178 0.1809 0.2847 0.4995 0.0293 0.0024 0.0035
179 0.1951 0.4326 0.3115 0.0375 0.0189 0.0043
180 0.2281 0.1300 0.3882 0.1619 0.0189 0.0729
181 0.7847 0.1070 0.0453 0.0486 0.0091 0.0052
182 0.5288 0.2722 0.0843 0.0584 0.0523 0.0042
183 0.2656 0.3438 0.1990 0.1611 0.0092 0.0215
184 0.1198 0.3035 0.1702 0.3411 0.0346 0.0310
185 0.2141 0.1471 0.1803 0.3999 0.0339 0.0246
186 0.1558 0.5435 0.1533 0.1232 0.0116 0.0125
187 0.1401 0.0662 0.6689 0.0884 0.0125 0.0240
188 0.3174 0.2454 0.1215 0.0803 0.2341 0.0015
189 0.2393 0.4365 0.1737 0.0600 0.0887 0.0018
190 0.6177 0.0925 0.0646 0.2151 0.0053 0.0051
191 0.2566 0.2908 0.0439 0.3096 0.0901 0.0089
192 0.1182 0.2522 0.2522 0.1681 0.2059 0.0032
193 0.6738 0.2292 0.0255 0.0584 0.0091 0.0039
194 0.3152 0.2435 0.1488 0.2593 0.0124 0.0210
195 0.3718 0.3384 0.1575 0.0869 0.0434 0.0020
196 0.7617 0.0992 0.0583 0.0731 0.0046 0.0029
197 0.6523 0.0897 0.0626 0.1573 0.0160 0.0220
198 0.1136 0.1553 0.1349 0.1288 0.0181 0.4492
199 0.7241 0.0456 0.0248 0.1693 0.0224 0.0136
200 0.7261 0.0446 0.0249 0.1698 0.0208 0.0137
201 0.7261 0.0446 0.0248 0.1698 0.0208 0.0138
202 0.7217 0.0444 0.0251 0.1741 0.0208 0.0142
203 0.7217 0.0444 0.0251 0.1741 0.0208 0.0142
204 0.1136 0.1553 0.1349 0.1288 0.0181 0.4492
