time exciting_prob fearful_prob tense_prob sad_prob relaxing_prob neutral_prob
0 0.1136 0.1553 0.1349 0.1288 0.0181 0.4492
1 0.1090 0.1000 0.3745 0.2534 0.0962 0.0667
2 0.0791 0.2271 0.4807 0.0984 0.0487 0.0661
3 0.1051 0.2463 0.4126 0.1146 0.0493 0.0723
4 0.0776 0.2927 0.4500 0.1020 0.0399 0.0378
5 0.0867 0.5923 0.2356 0.0530 0.0078 0.0246
6 0.0152 0.2230 0.6157 0.1053 0.0158 0.0246
7 0.0179 0.4263 0.3425 0.1951 0.0049 0.0135
8 0.0603 0.2153 0.5166 0.0898 0.0401 0.0780
9 0.0856 0.0561 0.2896 0.3230 0.0205 0.2255
10 0.0383 0.1974 0.4810 0.2380 0.0101 0.0354
11 0.0210 0.1901 0.6431 0.1033 0.0141 0.0287
12 0.0700 0.1591 0.6191 0.1146 0.0164 0.0209
13 0.3269 0.1556 0.4468 0.0563 0.0100 0.0046
14 0.2595 0.2219 0.3835 0.0677 0.0083 0.0593
15 0.1180 0.5806 0.2700 0.0135 0.0008 0.0169
16 0.0671 0.3225 0.4409 0.1244 0.0263 0.0186
17 0.1483 0.1240 0.6860 0.0228 0.0084 0.0106
18 0.0687 0.1024 0.2986 0.4553 0.0152 0.0597
19 0.0542 0.5605 0.2649 0.0989 0.0122 0.0093
20 0.0377 0.0574 0.7446 0.0889 0.0051 0.0661
21 0.0668 0.1965 0.5869 0.0921 0.0166 0.0412
22 0.1017 0.3062 0.4385 0.1276 0.0125 0.0135
23 0.0521 0.2729 0.5513 0.0701 0.0318 0.0217
24 0.0499 0.2917 0.3574 0.2783 0.0078 0.0146
25 0.0646 0.6885 0.1501 0.0461 0.0499 0.0006
26 0.0809 0.2001 0.5972 0.0640 0.0055 0.0522
27 0.1708 0.0679 0.1847 0.4644 0.0505 0.0619
28 0.2294 0.0580 0.1704 0.4353 0.0617 0.0452
29 0.0836 0.4282 0.3132 0.0727 0.0492 0.0532
30 0.0511 0.0588 0.6035 0.1729 0.0296 0.0842
31 0.0509 0.2430 0.6206 0.0741 0.0054 0.0061
32 0.1183 0.3369 0.2666 0.2389 0.0132 0.0262
33 0.1091 0.2700 0.2786 0.2498 0.0323 0.0602
34 0.0530 0.1097 0.4204 0.2322 0.0068 0.1780
35 0.1126 0.2422 0.4741 0.1144 0.0289 0.0278
36 0.1134 0.5044 0.1798 0.0427 0.1170 0.0430
37 0.0980 0.6909 0.1460 0.0111 0.0463 0.0074
38 0.1165 0.4465 0.2998 0.0782 0.0183 0.0409
39 0.2103 0.1266 0.1503 0.4595 0.0080 0.0455
40 0.0699 0.3333 0.3547 0.2185 0.0181 0.0055
41 0.1333 0.3052 0.3301 0.1312 0.0241 0.0760
42 0.1069 0.5264 0.1300 0.1721 0.0038 0.0609
43 0.1188 0.2554 0.3438 0.2151 0.0395 0.0273
44 0.1036 0.4644 0.2485 0.1289 0.0329 0.0217
45 0.2317 0.2485 0.1531 0.2563 0.0478 0.0623
46 0.1833 0.1819 0.3704 0.1749 0.0323 0.0572
47 0.1536 0.2915 0.3005 0.1055 0.1254 0.0235
48 0.1245 0.0437 0.1304 0.6128 0.0588 0.0300
49 0.0448 0.3782 0.2944 0.2024 0.0174 0.0627
50 0.0474 0.4563 0.2810 0.1993 0.0054 0.0105
51 0.1426 0.5015 0.0793 0.1035 0.1437 0.0294
52 0.0760 0.2234 0.1105 0.5034 0.0143 0.0725
53 0.0477 0.2499 0.1026 0.5376 0.0057 0.0566
54 0.0524 0.5542 0.1118 0.1665 0.0141 0.1010
55 0.1559 0.0635 0.3682 0.1334 0.0556 0.2234
56 0.0592 0.1661 0.4243 0.2307 0.0236 0.0961
57 0.1310 0.1372 0.4097 0.2092 0.0323 0.0807
58 0.1230 0.0914 0.3398 0.2646 0.0130 0.1682
59 0.2372 0.3142 0.1906 0.2194 0.0306 0.0082
60 0.2793 0.6196 0.0378 0.0037 0.0482 0.0114
61 0.2115 0.1987 0.2473 0.1511 0.0305 0.1609
62 0.2363 0.5161 0.1625 0.0128 0.0515 0.0206
63 0.0736 0.0446 0.1740 0.4583 0.0119 0.2377
64 0.1724 0.0620 0.1251 0.5479 0.0187 0.0742
65 0.1165 0.7363 0.0501 0.0202 0.0429 0.0337
66 0.2812 0.4639 0.1076 0.0781 0.0529 0.0161
67 0.2163 0.1396 0.2395 0.3325 0.0591 0.0129
68 0.1359 0.0303 0.0768 0.7227 0.0161 0.0182
69 0.1190 0.5293 0.3364 0.0108 0.0022 0.0021
70 0.2240 0.5767 0.1758 0.0144 0.0080 0.0012
71 0.5112 0.2915 0.0583 0.1205 0.0120 0.0063
72 0.0836 0.2720 0.1549 0.4146 0.0123 0.0626
73 0.0501 0.1383 0.2544 0.3423 0.0372 0.1776
74 0.0946 0.3569 0.2148 0.1768 0.0882 0.0687
75 0.1824 0.1714 0.1741 0.2532 0.0156 0.2035
76 0.2034 0.1865 0.0881 0.2693 0.0461 0.2065
77 0.1578 0.4978 0.0604 0.0264 0.2075 0.0500
78 0.1431 0.1431 0.3352 0.1055 0.0790 0.1941
79 0.2915 0.4692 0.0587 0.0183 0.1398 0.0223
80 0.1815 0.3665 0.0912 0.0898 0.1565 0.1144
81 0.0507 0.8447 0.0296 0.0146 0.0458 0.0145
82 0.2988 0.4417 0.1357 0.0699 0.0269 0.0269
83 0.2761 0.1825 0.2717 0.2150 0.0122 0.0423
84 0.0342 0.2164 0.5112 0.1272 0.0039 0.1071
85 0.0303 0.0165 0.2418 0.3689 0.0015 0.3411
86 0.4448 0.2362 0.1284 0.0472 0.1133 0.0298
87 0.4143 0.2019 0.1304 0.2474 0.0054 0.0004
88 0.1059 0.1010 0.4124 0.1947 0.0623 0.1238
89 0.1093 0.2993 0.4563 0.0762 0.0301 0.0289
90 0.3948 0.4912 0.0342 0.0160 0.0137 0.0502
91 0.1702 0.6221 0.0417 0.0829 0.0404 0.0427
92 0.3274 0.5073 0.0660 0.0188 0.0681 0.0126
93 0.1593 0.1013 0.6201 0.0820 0.0173 0.0201
94 0.2646 0.1531 0.3850 0.1555 0.0242 0.0177
95 0.0820 0.1175 0.1848 0.4365 0.0159 0.1631
96 0.1357 0.3230 0.1066 0.2988 0.0626 0.0732
97 0.0645 0.0154 0.3765 0.2469 0.0079 0.2888
98 0.0923 0.1122 0.2469 0.4268 0.0578 0.0639
99 0.1522 0.0591 0.1429 0.4875 0.0582 0.0999
100 0.0716 0.1962 0.0594 0.5996 0.0150 0.0584
101 0.0901 0.6870 0.0916 0.0453 0.0510 0.0350
102 0.2286 0.3770 0.2673 0.1080 0.0117 0.0076
103 0.0737 0.1663 0.3745 0.3574 0.0115 0.0166
104 0.1228 0.2462 0.2581 0.2312 0.0325 0.1093
105 0.2223 0.3110 0.1962 0.0956 0.0964 0.0786
106 0.0479 0.2003 0.2378 0.3628 0.0024 0.1488
107 0.0740 0.1593 0.4397 0.1427 0.0065 0.1776
108 0.0767 0.0300 0.2761 0.0755 0.0094 0.5322
109 0.1219 0.3813 0.0381 0.1191 0.1403 0.1993
110 0.2363 0.1783 0.2069 0.2363 0.0330 0.1091
111 0.2145 0.3296 0.1594 0.1892 0.0193 0.0880
112 0.0679 0.0418 0.2686 0.1155 0.0124 0.4939
113 0.0806 0.0787 0.6045 0.0768 0.0112 0.1482
114 0.0526 0.2395 0.4475 0.0655 0.0854 0.1096
115 0.0354 0.5449 0.1942 0.1466 0.0052 0.0737
116 0.2861 0.4431 0.1749 0.0329 0.0240 0.0390
117 0.2362 0.5581 0.1226 0.0386 0.0181 0.0267
118 0.1624 0.0417 0.4019 0.2849 0.0221 0.0869
119 0.0568 0.1555 0.5645 0.1004 0.0018 0.1211
120 0.0967 0.0998 0.2712 0.4836 0.0029 0.0457
121 0.0661 0.0876 0.3518 0.3154 0.0104 0.1688
122 0.1770 0.0992 0.4810 0.2069 0.0150 0.0210
123 0.1569 0.4573 0.1520 0.0198 0.0189 0.1952
124 0.3132 0.1295 0.2556 0.1855 0.0688 0.0473
125 0.0737 0.1572 0.4016 0.1635 0.0259 0.1782
126 0.0470 0.2424 0.4822 0.1517 0.0033 0.0734
127 0.0590 0.1949 0.2351 0.3877 0.0088 0.1146
128 0.2576 0.4663 0.0499 0.0177 0.2037 0.0048
129 0.1669 0.4131 0.1921 0.1260 0.0367 0.0654
130 0.2086 0.0710 0.2439 0.4021 0.0175 0.0570
131 0.0865 0.3191 0.2407 0.1735 0.0199 0.1604
132 0.1465 0.4917 0.1272 0.0397 0.1055 0.0895
133 0.4685 0.1521 0.1969 0.1385 0.0264 0.0175
134 0.0970 0.0897 0.1116 0.4773 0.0095 0.2151
135 0.1758 0.1814 0.4631 0.1704 0.0047 0.0046
136 0.1521 0.0741 0.4299 0.2820 0.0518 0.0102
137 0.1198 0.0267 0.2783 0.3411 0.0238 0.2102
138 0.1234 0.2002 0.1365 0.2131 0.1431 0.1837
139 0.1786 0.1857 0.0870 0.1976 0.0377 0.3135
140 0.1230 0.0795 0.7305 0.0467 0.0068 0.0133
141 0.1398 0.0539 0.5977 0.1420 0.0172 0.0498
142 0.0457 0.0854 0.7378 0.0938 0.0091 0.0282
143 0.0880 0.1183 0.3118 0.4263 0.0129 0.0428
144 0.1074 0.0798 0.4521 0.2136 0.0068 0.1401
145 0.0512 0.3237 0.5337 0.0858 0.0021 0.0035
146 0.3083 0.1650 0.2764 0.1663 0.0215 0.0626
147 0.1521 0.6978 0.0329 0.0113 0.0952 0.0109
148 0.3147 0.4800 0.0759 0.0337 0.0596 0.0359
149 0.1026 0.7124 0.0858 0.0075 0.0799 0.0121
150 0.0416 0.1956 0.0778 0.3889 0.0329 0.2632
151 0.1978 0.0964 0.2922 0.3210 0.0818 0.0109
152 0.0559 0.1260 0.7720 0.0326 0.0028 0.0108
153 0.1946 0.1492 0.5630 0.0627 0.0202 0.0101
154 0.0287 0.1169 0.6729 0.1755 0.0013 0.0045
155 0.0903 0.1838 0.5400 0.1432 0.0022 0.0404
156 0.0287 0.1578 0.7183 0.0658 0.0009 0.0285
157 0.1820 0.4434 0.2095 0.1005 0.0297 0.0350
158 0.0290 0.0930 0.3977 0.2649 0.0092 0.2063
159 0.1425 0.0492 0.1447 0.6387 0.0142 0.0109
160 0.0504 0.4185 0.2703 0.1033 0.0119 0.1458
161 0.0860 0.1071 0.6260 0.1658 0.0052 0.0100
162 0.1426 0.2727 0.2603 0.1875 0.0177 0.1191
163 0.1449 0.0493 0.2390 0.4065 0.0084 0.1519
164 0.0538 0.0453 0.4038 0.3145 0.0059 0.1765
165 0.0626 0.0677 0.5757 0.2185 0.0343 0.0411
166 0.0386 0.0830 0.5083 0.3035 0.0048 0.0617
167 0.0519 0.6279 0.0933 0.1180 0.0065 0.1025
168 0.0791 0.2939 0.2185 0.2118 0.0265 0.1702
169 0.4253 0.1136 0.1392 0.2559 0.0532 0.0127
170 0.2329 0.3210 0.2620 0.0837 0.0694 0.0310
171 0.0456 0.1238 0.6909 0.0865 0.0160 0.0372
172 0.0769 0.0806 0.6001 0.1530 0.0054 0.0838
173 0.0926 0.1017 0.4927 0.2021 0.0211 0.0897
174 0.1691 0.2810 0.1858 0.1652 0.0485 0.1504
175 0.1306 0.3389 0.1306 0.1704 0.0071 0.2223
176 0.0690 0.1934 0.5342 0.1788 0.0054 0.0193
177 0.0488 0.0608 0.5947 0.2024 0.0019 0.0912
178 0.0679 0.0590 0.4431 0.3396 0.0084 0.0820
179 0.0431 0.0519 0.3547 0.5083 0.0078 0.0341
180 0.0699 0.0210 0.2478 0.5161 0.0185 0.1266
181 0.1500 0.2253 0.4551 0.1324 0.0166 0.0205
182 0.0493 0.1405 0.2141 0.4827 0.0075 0.1060
183 0.1414 0.0818 0.3555 0.3235 0.0108 0.0871
184 0.0518 0.2776 0.5522 0.0560 0.0072 0.0551
185 0.0618 0.0678 0.4492 0.1732 0.0112 0.2367
186 0.0230 0.0641 0.2874 0.5801 0.0026 0.0427
187 0.0279 0.1831 0.3643 0.3586 0.0104 0.0558
188 0.0759 0.1332 0.3401 0.3196 0.0116 0.1194
189 0.2527 0.0827 0.4949 0.0665 0.0248 0.0783
190 0.0830 0.1066 0.3662 0.2678 0.0215 0.1550
191 0.0422 0.1053 0.6870 0.0944 0.0079 0.0634
192 0.0201 0.1093 0.8335 0.0229 0.0012 0.0132
193 0.0789 0.0361 0.3323 0.4541 0.0080 0.0908
194 0.1058 0.2039 0.5205 0.1025 0.0305 0.0368
195 0.0450 0.0867 0.4231 0.3347 0.0675 0.0429
196 0.0506 0.0514 0.5439 0.2957 0.0337 0.0247
197 0.0982 0.1029 0.1594 0.5654 0.0035 0.0707
198 0.1143 0.4214 0.1550 0.1467 0.0798 0.0829
199 0.1704 0.0739 0.1842 0.5249 0.0156 0.0313
200 0.2365 0.0557 0.0458 0.4851 0.0267 0.1503
201 0.0443 0.0731 0.0404 0.7271 0.0324 0.0828
202 0.3613 0.1371 0.3643 0.1035 0.0297 0.0042
203 0.1879 0.6558 0.0827 0.0264 0.0337 0.0136
204 0.0963 0.4214 0.4082 0.0548 0.0141 0.0053
205 0.0563 0.0183 0.4868 0.4036 0.0089 0.0262
206 0.1340 0.0900 0.6055 0.0859 0.0072 0.0776
207 0.1202 0.1449 0.1832 0.4395 0.0109 0.1012
208 0.0836 0.3176 0.4771 0.0709 0.0161 0.0348
209 0.1427 0.1497 0.1121 0.4829 0.0226 0.0900
210 0.4937 0.1437 0.1426 0.1578 0.0604 0.0019
211 0.1234 0.0365 0.5439 0.2065 0.0620 0.0275
212 0.0778 0.0809 0.1158 0.4304 0.0214 0.2737
213 0.1565 0.6538 0.0769 0.0549 0.0260 0.0318
214 0.3074 0.5190 0.0534 0.0186 0.0464 0.0551
215 0.0508 0.1127 0.1829 0.3262 0.0065 0.3210
216 0.2986 0.3035 0.1841 0.1335 0.0186 0.0616
217 0.1682 0.0295 0.6450 0.1121 0.0252 0.0199
218 0.5449 0.2380 0.1057 0.0427 0.0407 0.0280
219 0.1199 0.0205 0.6484 0.1614 0.0124 0.0374
220 0.0740 0.0219 0.5137 0.2583 0.0139 0.1182
221 0.2588 0.0538 0.1807 0.3650 0.0356 0.1062
222 0.3503 0.1340 0.2317 0.2159 0.0190 0.0489
223 0.1548 0.1187 0.5073 0.1896 0.0091 0.0206
224 0.3667 0.0508 0.4783 0.0831 0.0165 0.0046
225 0.0784 0.1824 0.6777 0.0503 0.0043 0.0068
226 0.0515 0.2345 0.6274 0.0495 0.0049 0.0320
227 0.1095 0.2566 0.0894 0.3320 0.1053 0.1070
228 0.0195 0.1534 0.7676 0.0468 0.0018 0.0110
229 0.0273 0.3169 0.6206 0.0223 0.0019 0.0109
230 0.0603 0.0850 0.6904 0.1181 0.0074 0.0389
231 0.1006 0.0098 0.7490 0.1185 0.0134 0.0088
232 0.0178 0.0145 0.9414 0.0199 0.0017 0.0046
233 0.0645 0.0983 0.1323 0.2632 0.0340 0.4077
234 0.1831 0.1248 0.1641 0.3018 0.0283 0.1979
235 0.3228 0.2676 0.1263 0.1882 0.0354 0.0597
236 0.3684 0.3303 0.1000 0.1081 0.0503 0.0430
237 0.0420 0.0602 0.3987 0.3254 0.0317 0.1421
238 0.3379 0.2065 0.2590 0.1088 0.0443 0.0436
239 0.2896 0.1161 0.3440 0.1870 0.0351 0.0282
240 0.0280 0.1898 0.2939 0.3179 0.0203 0.1501
241 0.3728 0.1949 0.1760 0.0899 0.0435 0.1229
242 0.1299 0.0418 0.5059 0.2465 0.0087 0.0674
243 0.0871 0.0878 0.1414 0.5337 0.0090 0.1414
244 0.1473 0.0801 0.2111 0.5063 0.0207 0.0342
245 0.2971 0.1210 0.4568 0.0957 0.0244 0.0050
246 0.0948 0.1058 0.2137 0.3750 0.0098 0.2008
247 0.1989 0.5537 0.1661 0.0239 0.0398 0.0177
248 0.5415 0.2700 0.0540 0.0366 0.0823 0.0157
249 0.1754 0.0239 0.6514 0.1150 0.0102 0.0239
250 0.1711 0.0930 0.2339 0.4724 0.0130 0.0167
251 0.1841 0.1188 0.2805 0.3896 0.0222 0.0048
252 0.2954 0.1656 0.1556 0.3618 0.0155 0.0059
253 0.3479 0.3118 0.2391 0.0908 0.0067 0.0038
254 0.0552 0.2131 0.1234 0.4656 0.0373 0.1055
255 0.0963 0.1564 0.3523 0.2205 0.0184 0.1564
256 0.4404 0.3027 0.1063 0.0461 0.0748 0.0300
257 0.2764 0.3035 0.2988 0.0978 0.0134 0.0101
258 0.2335 0.0922 0.5264 0.0989 0.0314 0.0177
259 0.3064 0.0762 0.5049 0.0441 0.0431 0.0251
260 0.2537 0.0211 0.4316 0.2537 0.0184 0.0215
261 0.1266 0.2136 0.4282 0.1664 0.0143 0.0508
262 0.1127 0.1873 0.5591 0.0805 0.0261 0.0346
263 0.1074 0.2222 0.4282 0.1638 0.0294 0.0488
264 0.1190 0.1857 0.3870 0.2292 0.0194 0.0598
265 0.0989 0.2411 0.4263 0.1631 0.0196 0.0509
266 0.0732 0.1550 0.3691 0.3059 0.0285 0.0682
