time exciting_prob fearful_prob tense_prob sad_prob relaxing_prob neutral_prob
0 0.2050 0.0269 0.0881 0.5312 0.1014 0.0472
1 0.4617 0.0307 0.1333 0.3123 0.0416 0.0204
2 0.6899 0.0205 0.0647 0.0768 0.1379 0.0101
3 0.6045 0.0175 0.0831 0.1403 0.1370 0.0180
4 0.3462 0.1294 0.2417 0.1957 0.0692 0.0178
5 0.5498 0.0092 0.1152 0.2292 0.0905 0.0061
6 0.8271 0.0064 0.0240 0.0070 0.1350 0.0002
7 0.8076 0.0097 0.0442 0.0172 0.1210 0.0003
8 0.7612 0.0163 0.0692 0.0144 0.1385 0.0005
9 0.7905 0.0146 0.0691 0.0115 0.1139 0.0004
10 0.7319 0.0091 0.0649 0.0316 0.1608 0.0016
11 0.2407 0.1111 0.1460 0.3999 0.0653 0.0369
12 0.8530 0.0349 0.0558 0.0197 0.0366 0.0001
13 0.9126 0.0178 0.0340 0.0234 0.0121 0.0000
14 0.9263 0.0168 0.0282 0.0183 0.0103 0.0000
15 0.8779 0.0073 0.0203 0.0677 0.0269 0.0001
16 0.0680 0.1953 0.5269 0.1737 0.0037 0.0326
17 0.0548 0.1990 0.5850 0.1433 0.0033 0.0149
18 0.9102 0.0269 0.0277 0.0180 0.0172 0.0001
19 0.1100 0.0246 0.1843 0.5503 0.0172 0.1136
20 0.2140 0.0541 0.2622 0.3313 0.0520 0.0864
21 0.0888 0.1420 0.6875 0.0630 0.0044 0.0143
22 0.0712 0.4331 0.3943 0.0659 0.0108 0.0248
23 0.1786 0.1638 0.4631 0.1600 0.0285 0.0059
24 0.1997 0.2625 0.3450 0.1669 0.0160 0.0101
25 0.2321 0.1498 0.3650 0.2249 0.0226 0.0057
26 0.2290 0.1943 0.3057 0.0293 0.2382 0.0034
27 0.1686 0.0225 0.2097 0.5439 0.0118 0.0433
28 0.0925 0.2437 0.6128 0.0451 0.0029 0.0031
29 0.0760 0.3918 0.5190 0.0096 0.0017 0.0015
30 0.0793 0.1815 0.6436 0.0825 0.0086 0.0048
31 0.1467 0.3203 0.4661 0.0602 0.0040 0.0026
32 0.1306 0.2256 0.6133 0.0282 0.0014 0.0008
33 0.0597 0.5620 0.2271 0.1313 0.0039 0.0161
34 0.0486 0.4302 0.2610 0.2490 0.0014 0.0098
35 0.3950 0.3276 0.1925 0.0709 0.0094 0.0046
36 0.1968 0.2356 0.3884 0.1332 0.0119 0.0342
37 0.7251 0.1508 0.1005 0.0136 0.0059 0.0041
38 0.3391 0.0481 0.3391 0.2559 0.0099 0.0078
39 0.2242 0.0572 0.4824 0.2208 0.0088 0.0066
40 0.4465 0.2194 0.1183 0.1438 0.0654 0.0065
41 0.3582 0.0392 0.4858 0.0445 0.0700 0.0023
42 0.2120 0.1456 0.1991 0.2120 0.1327 0.0986
43 0.0416 0.1711 0.2957 0.2163 0.2197 0.0555
44 0.0660 0.4106 0.1464 0.2216 0.1243 0.0312
45 0.3184 0.0276 0.0333 0.6138 0.0039 0.0028
46 0.4531 0.0541 0.0717 0.4126 0.0060 0.0024
47 0.1659 0.3682 0.2888 0.1547 0.0166 0.0060
48 0.2126 0.1791 0.1212 0.2410 0.1373 0.1086
49 0.3394 0.0972 0.1288 0.1859 0.1128 0.1360
50 0.1364 0.0497 0.0997 0.4470 0.1029 0.1644
51 0.1702 0.3806 0.0811 0.1295 0.2273 0.0115
52 0.2852 0.3748 0.2419 0.0849 0.0121 0.0012
53 0.0481 0.3445 0.1267 0.4563 0.0045 0.0201
54 0.1758 0.0424 0.2559 0.3184 0.0768 0.1306
55 0.2441 0.1541 0.4421 0.0850 0.0238 0.0508
56 0.0489 0.4001 0.3115 0.2245 0.0086 0.0064
57 0.1074 0.0536 0.0544 0.5166 0.0389 0.2291
58 0.0518 0.1499 0.1699 0.5234 0.0065 0.0983
59 0.0428 0.2424 0.6001 0.0673 0.0155 0.0320
60 0.0786 0.0774 0.1091 0.6382 0.0575 0.0392
61 0.2683 0.2683 0.1732 0.1565 0.0087 0.1248
62 0.1599 0.1624 0.2418 0.2742 0.0056 0.1561
63 0.1849 0.1632 0.4507 0.1509 0.0046 0.0457
64 0.0790 0.3328 0.3892 0.1477 0.0046 0.0468
65 0.0593 0.1929 0.2939 0.3130 0.0103 0.1305
66 0.1132 0.6025 0.2673 0.0061 0.0095 0.0013
67 0.0751 0.1653 0.4634 0.1653 0.0062 0.1248
68 0.0905 0.3750 0.4248 0.0507 0.0034 0.0557
69 0.1586 0.4114 0.3745 0.0276 0.0018 0.0263
70 0.0371 0.0986 0.8384 0.0174 0.0074 0.0010
71 0.0590 0.2245 0.6807 0.0228 0.0114 0.0013
72 0.2343 0.2915 0.1205 0.2961 0.0223 0.0354
73 0.3669 0.2622 0.0958 0.2483 0.0070 0.0196
74 0.2095 0.2430 0.3508 0.1632 0.0250 0.0084
75 0.3057 0.4309 0.0607 0.1048 0.0032 0.0947
76 0.3247 0.2064 0.0840 0.3223 0.0059 0.0569
77 0.2053 0.2805 0.2534 0.1586 0.0036 0.0985
78 0.2175 0.2644 0.3730 0.0981 0.0034 0.0435
79 0.3562 0.3169 0.2373 0.0568 0.0051 0.0277
80 0.3699 0.2581 0.2463 0.0988 0.0222 0.0048
81 0.3953 0.3127 0.2003 0.0656 0.0195 0.0067
82 0.0950 0.0435 0.2705 0.5728 0.0127 0.0054
83 0.0652 0.0891 0.6279 0.1886 0.0280 0.0011
84 0.0743 0.0280 0.4082 0.4771 0.0094 0.0031
85 0.2063 0.0321 0.4578 0.2649 0.0147 0.0243
86 0.2766 0.0320 0.3337 0.3337 0.0149 0.0091
87 0.2109 0.0591 0.4263 0.2177 0.0643 0.0217
88 0.2382 0.2102 0.0863 0.4021 0.0202 0.0430
89 0.1605 0.1581 0.2487 0.3452 0.0490 0.0387
90 0.2366 0.0166 0.5767 0.0805 0.0857 0.0040
91 0.8647 0.0333 0.0267 0.0230 0.0488 0.0036
92 0.0450 0.1500 0.0984 0.6416 0.0483 0.0164
93 0.1813 0.0986 0.3037 0.3606 0.0414 0.0144
94 0.5635 0.0389 0.2173 0.1381 0.0366 0.0057
95 0.1860 0.3586 0.3760 0.0541 0.0248 0.0004
96 0.4641 0.0529 0.0712 0.3818 0.0128 0.0172
97 0.1176 0.3855 0.4509 0.0247 0.0208 0.0005
98 0.5088 0.2559 0.1857 0.0405 0.0061 0.0034
99 0.1670 0.0124 0.1184 0.6709 0.0201 0.0114
100 0.6685 0.0540 0.1638 0.0093 0.1033 0.0014
101 0.4912 0.2529 0.1385 0.1079 0.0063 0.0032
102 0.4705 0.1317 0.2620 0.0231 0.1109 0.0020
103 0.5640 0.1119 0.2444 0.0220 0.0567 0.0011
104 0.5786 0.0881 0.2471 0.0551 0.0246 0.0063
105 0.3767 0.0551 0.1354 0.2671 0.1333 0.0322
106 0.7085 0.0422 0.1907 0.0400 0.0122 0.0063
107 0.2437 0.0238 0.2783 0.3203 0.1107 0.0232
108 0.3506 0.0292 0.4792 0.0718 0.0674 0.0015
109 0.0786 0.4348 0.0617 0.3281 0.0071 0.0897
110 0.0774 0.2898 0.0667 0.4351 0.0034 0.1276
111 0.1427 0.3118 0.4751 0.0623 0.0029 0.0052
112 0.7852 0.0309 0.0703 0.0178 0.0938 0.0022
113 0.6816 0.0534 0.1620 0.0397 0.0620 0.0012
114 0.7344 0.0817 0.0594 0.1041 0.0196 0.0009
115 0.5322 0.1942 0.1598 0.0284 0.0842 0.0012
116 0.4290 0.0618 0.3640 0.0950 0.0449 0.0052
117 0.0593 0.5537 0.2168 0.1636 0.0041 0.0027
118 0.3445 0.0331 0.1075 0.4353 0.0673 0.0124
119 0.4910 0.2014 0.0860 0.1632 0.0534 0.0051
120 0.3472 0.1392 0.1873 0.3186 0.0075 0.0003
121 0.3699 0.1191 0.1517 0.3367 0.0090 0.0135
122 0.0919 0.0612 0.0434 0.7344 0.0360 0.0328
123 0.4878 0.1559 0.2050 0.1177 0.0295 0.0042
124 0.6719 0.0620 0.1420 0.0317 0.0909 0.0014
125 0.2136 0.1515 0.0612 0.5371 0.0229 0.0135
126 0.4385 0.0296 0.1074 0.2966 0.0824 0.0455
127 0.7935 0.0503 0.1316 0.0173 0.0050 0.0025
128 0.4382 0.1368 0.0688 0.1813 0.1492 0.0257
129 0.1876 0.0210 0.0555 0.6245 0.0886 0.0226
130 0.6094 0.0663 0.2664 0.0396 0.0172 0.0012
131 0.6567 0.0535 0.1824 0.0660 0.0385 0.0028
132 0.6479 0.0508 0.1638 0.1109 0.0229 0.0035
133 0.1113 0.0814 0.0171 0.7036 0.0453 0.0413
134 0.6030 0.0785 0.0932 0.0593 0.1512 0.0146
135 0.7349 0.0695 0.0825 0.0247 0.0864 0.0021
136 0.1212 0.0915 0.0217 0.6812 0.0568 0.0275
137 0.3704 0.0914 0.2177 0.1021 0.1212 0.0974
138 0.4795 0.1232 0.1271 0.0916 0.1644 0.0141
139 0.2233 0.0446 0.3301 0.3406 0.0329 0.0286
140 0.2664 0.1339 0.3474 0.1802 0.0643 0.0078
141 0.1492 0.1691 0.4814 0.1527 0.0238 0.0238
142 0.6636 0.0667 0.0934 0.0352 0.1379 0.0033
143 0.0344 0.0536 0.3782 0.5010 0.0184 0.0147
144 0.5020 0.1790 0.3044 0.0035 0.0110 0.0005
145 0.3882 0.1805 0.2263 0.1270 0.0701 0.0079
146 0.3850 0.1069 0.2837 0.0723 0.1484 0.0037
147 0.4563 0.1962 0.2258 0.0805 0.0380 0.0031
148 0.7544 0.0429 0.1176 0.0644 0.0195 0.0011
149 0.0221 0.2018 0.3225 0.4478 0.0025 0.0033
150 0.2644 0.4395 0.0501 0.1818 0.0581 0.0064
151 0.3550 0.1479 0.1276 0.1217 0.2328 0.0152
152 0.6431 0.0500 0.1588 0.1199 0.0119 0.0161
153 0.2725 0.2089 0.0694 0.1704 0.2725 0.0066
154 0.1725 0.2432 0.0443 0.4836 0.0359 0.0204
155 0.6812 0.0311 0.1605 0.0482 0.0752 0.0040
156 0.5200 0.0843 0.0767 0.0357 0.2808 0.0024
157 0.3984 0.0660 0.2781 0.1466 0.1023 0.0085
158 0.1174 0.0396 0.2372 0.5688 0.0334 0.0035
159 0.5479 0.1223 0.1582 0.1558 0.0114 0.0046
160 0.7627 0.0454 0.0544 0.0392 0.0955 0.0030
161 0.3113 0.1019 0.4897 0.0717 0.0180 0.0073
162 0.0969 0.6221 0.2717 0.0087 0.0007 0.0001
163 0.0717 0.0717 0.1980 0.4192 0.0776 0.1616
164 0.6704 0.0367 0.1876 0.0718 0.0224 0.0111
165 0.1721 0.4194 0.0559 0.1981 0.1438 0.0108
166 0.1010 0.4526 0.1228 0.2810 0.0363 0.0063
167 0.7495 0.0578 0.0854 0.0253 0.0784 0.0034
168 0.0338 0.1107 0.1254 0.4587 0.1853 0.0862
169 0.0238 0.0939 0.1624 0.4209 0.1840 0.1151
170 0.4431 0.1997 0.2688 0.0446 0.0256 0.0181
171 0.2312 0.1552 0.0994 0.1962 0.2991 0.0190
172 0.7529 0.0297 0.0421 0.0042 0.1707 0.0004
173 0.3755 0.1093 0.3137 0.1163 0.0663 0.0187
174 0.1678 0.0934 0.0891 0.0333 0.6089 0.0074
175 0.7349 0.0528 0.1002 0.0366 0.0694 0.0061
176 0.2893 0.1274 0.0977 0.0420 0.4312 0.0124
177 0.1401 0.0346 0.0994 0.0315 0.6382 0.0562
178 0.1857 0.0612 0.1010 0.0138 0.6279 0.0102
179 0.1335 0.0476 0.2964 0.5039 0.0106 0.0077
180 0.4192 0.0525 0.2427 0.1011 0.1748 0.0098
181 0.5161 0.1082 0.2537 0.1049 0.0135 0.0034
182 0.6855 0.0445 0.1903 0.0296 0.0489 0.0011
183 0.8066 0.0562 0.0132 0.0608 0.0540 0.0088
184 0.1521 0.2046 0.5737 0.0568 0.0093 0.0033
185 0.3474 0.0256 0.3289 0.2444 0.0378 0.0160
186 0.8027 0.0718 0.0959 0.0045 0.0235 0.0014
187 0.2620 0.0705 0.4026 0.0979 0.0201 0.1470
188 0.2825 0.0298 0.2825 0.3513 0.0498 0.0043
189 0.0912 0.2072 0.4524 0.1135 0.0049 0.1306
190 0.2515 0.1188 0.1490 0.3494 0.0911 0.0401
191 0.2563 0.1803 0.0231 0.4641 0.0276 0.0485
192 0.6719 0.0364 0.0888 0.0605 0.1396 0.0028
193 0.1600 0.0756 0.2852 0.4282 0.0035 0.0477
194 0.5024 0.0859 0.2373 0.1250 0.0471 0.0023
195 0.2957 0.3350 0.2957 0.0506 0.0085 0.0145
196 0.3718 0.0612 0.1434 0.3386 0.0075 0.0773
197 0.4675 0.0746 0.2028 0.2209 0.0292 0.0050
198 0.6040 0.0549 0.2402 0.0166 0.0837 0.0007
199 0.3989 0.0870 0.0986 0.3777 0.0125 0.0251
200 0.2905 0.0034 0.5869 0.1120 0.0070 0.0004
201 0.5205 0.2964 0.0455 0.1065 0.0028 0.0285
202 0.0359 0.3005 0.2612 0.3459 0.0061 0.0502
203 0.4221 0.1932 0.2561 0.1084 0.0168 0.0033
204 0.1456 0.2920 0.3157 0.1492 0.0830 0.0145
205 0.5171 0.0415 0.3667 0.0576 0.0150 0.0018
206 0.2319 0.0530 0.1130 0.5566 0.0324 0.0132
207 0.0342 0.1332 0.3508 0.4507 0.0184 0.0126
208 0.0475 0.3376 0.3323 0.1793 0.0364 0.0670
209 0.1063 0.0578 0.0953 0.6211 0.0300 0.0895
210 0.0797 0.1023 0.2003 0.5981 0.0132 0.0063
211 0.0504 0.5718 0.0933 0.2742 0.0022 0.0082
212 0.0853 0.5698 0.2866 0.0416 0.0114 0.0054
213 0.3652 0.0450 0.1571 0.3770 0.0233 0.0324
214 0.3684 0.4880 0.1187 0.0198 0.0021 0.0028
215 0.5420 0.2642 0.1602 0.0301 0.0006 0.0032
216 0.1342 0.0505 0.5918 0.1791 0.0358 0.0085
217 0.1736 0.0654 0.6104 0.0486 0.0989 0.0032
218 0.3821 0.0591 0.3533 0.1473 0.0169 0.0412
219 0.1608 0.4172 0.3513 0.0547 0.0091 0.0070
220 0.0941 0.3928 0.4451 0.0484 0.0105 0.0090
221 0.2800 0.2491 0.3652 0.0461 0.0565 0.0029
222 0.1948 0.0920 0.5864 0.1011 0.0126 0.0132
223 0.2468 0.4133 0.2318 0.0586 0.0222 0.0273
224 0.2874 0.4739 0.1676 0.0287 0.0232 0.0193
225 0.3787 0.4939 0.0858 0.0276 0.0059 0.0079
226 0.2228 0.1138 0.4431 0.1147 0.0361 0.0696
227 0.2686 0.0585 0.2296 0.2859 0.0757 0.0818
228 0.0345 0.0507 0.8110 0.0791 0.0062 0.0182
229 0.1995 0.1068 0.5254 0.1163 0.0408 0.0111
230 0.1752 0.0635 0.6509 0.0697 0.0123 0.0284
231 0.2759 0.5840 0.0809 0.0368 0.0149 0.0074
232 0.4187 0.0603 0.3667 0.0739 0.0240 0.0562
233 0.0788 0.2644 0.5688 0.0415 0.0074 0.0390
234 0.3816 0.4531 0.1110 0.0533 0.0006 0.0006
235 0.3330 0.4209 0.0862 0.1410 0.0061 0.0131
236 0.0984 0.0362 0.7983 0.0351 0.0275 0.0046
237 0.2352 0.0609 0.5957 0.0757 0.0285 0.0037
238 0.4121 0.1528 0.2104 0.1962 0.0185 0.0098
239 0.5156 0.2035 0.1454 0.1224 0.0097 0.0034
240 0.0705 0.5415 0.0553 0.2639 0.0123 0.0562
241 0.6582 0.0462 0.1118 0.1190 0.0584 0.0063
242 0.4890 0.1743 0.0750 0.1915 0.0462 0.0240
243 0.3508 0.4133 0.0718 0.1104 0.0244 0.0293
244 0.2991 0.1758 0.0662 0.2991 0.0688 0.0912
245 0.2532 0.6572 0.0693 0.0185 0.0005 0.0015
246 0.2310 0.6084 0.0622 0.0876 0.0082 0.0025
247 0.6440 0.0341 0.2463 0.0525 0.0196 0.0035
248 0.6675 0.0368 0.2343 0.0312 0.0298 0.0005
249 0.8423 0.0582 0.0098 0.0765 0.0055 0.0078
250 0.6436 0.0438 0.0224 0.2832 0.0029 0.0044
251 0.1163 0.7412 0.0258 0.1146 0.0012 0.0010
252 0.0137 0.5586 0.0180 0.4087 0.0003 0.0007
253 0.6987 0.1547 0.1080 0.0214 0.0166 0.0006
254 0.5947 0.2639 0.0934 0.0366 0.0104 0.0010
255 0.2417 0.1796 0.0398 0.4243 0.0147 0.1000
256 0.1064 0.0862 0.3518 0.4446 0.0054 0.0057
257 0.1738 0.1499 0.2358 0.4204 0.0036 0.0166
258 0.2350 0.6289 0.0608 0.0459 0.0202 0.0093
259 0.4573 0.1138 0.0807 0.3318 0.0057 0.0108
260 0.6616 0.1740 0.1431 0.0064 0.0146 0.0005
261 0.4326 0.1183 0.0936 0.2927 0.0149 0.0478
262 0.2986 0.5757 0.0773 0.0447 0.0013 0.0022
263 0.3848 0.0252 0.0757 0.4712 0.0250 0.0181
264 0.5552 0.2581 0.0580 0.1027 0.0217 0.0043
265 0.3926 0.3032 0.0823 0.1742 0.0045 0.0434
266 0.1307 0.6851 0.1678 0.0140 0.0006 0.0016
267 0.3325 0.0771 0.1122 0.4475 0.0159 0.0147
268 0.4346 0.0540 0.0211 0.4482 0.0102 0.0320
269 0.6201 0.0729 0.2300 0.0443 0.0169 0.0157
270 0.7710 0.1077 0.0781 0.0174 0.0237 0.0023
271 0.6016 0.1130 0.1683 0.1038 0.0050 0.0082
272 0.3374 0.5474 0.0670 0.0439 0.0016 0.0026
273 0.3171 0.0208 0.3650 0.2629 0.0146 0.0197
274 0.3750 0.1161 0.1479 0.2383 0.0082 0.1144
275 0.0908 0.1863 0.6206 0.0654 0.0028 0.0342
276 0.0753 0.0718 0.5562 0.1670 0.1241 0.0054
277 0.2373 0.1683 0.5518 0.0293 0.0130 0.0002
278 0.5415 0.0217 0.0285 0.4023 0.0024 0.0039
279 0.4546 0.2148 0.1986 0.1132 0.0170 0.0017
280 0.6182 0.1091 0.2517 0.0133 0.0036 0.0042
281 0.4871 0.1157 0.1631 0.1877 0.0209 0.0256
282 0.1041 0.0380 0.4382 0.3809 0.0371 0.0017
283 0.1569 0.3000 0.4648 0.0619 0.0063 0.0100
284 0.3833 0.1399 0.2634 0.1263 0.0103 0.0767
285 0.7207 0.0754 0.0479 0.0145 0.1376 0.0039
286 0.6411 0.0322 0.0365 0.2590 0.0025 0.0284
287 0.2429 0.5649 0.1231 0.0609 0.0060 0.0020
288 0.3281 0.1265 0.3491 0.1929 0.0016 0.0018
289 0.6411 0.1547 0.1205 0.0615 0.0147 0.0073
290 0.3892 0.3953 0.1488 0.0423 0.0185 0.0061
291 0.3140 0.0609 0.3066 0.3018 0.0095 0.0074
292 0.6567 0.0766 0.1741 0.0640 0.0129 0.0156
293 0.5542 0.2274 0.1276 0.0792 0.0089 0.0029
294 0.1971 0.4805 0.0286 0.2869 0.0035 0.0034
295 0.2078 0.0425 0.0497 0.6655 0.0141 0.0202
296 0.3220 0.0471 0.2179 0.3594 0.0075 0.0461
297 0.5415 0.0818 0.0971 0.2639 0.0142 0.0015
298 0.6416 0.0809 0.1106 0.1454 0.0181 0.0035
299 0.6479 0.1901 0.0469 0.0919 0.0220 0.0011
300 0.6230 0.0926 0.1401 0.0368 0.1025 0.0048
301 0.4993 0.0587 0.1686 0.1986 0.0592 0.0156
302 0.1159 0.0931 0.4373 0.2737 0.0443 0.0356
303 0.0560 0.0494 0.2430 0.4988 0.0054 0.1475
304 0.5718 0.0566 0.3132 0.0167 0.0363 0.0056
305 0.6895 0.0622 0.0843 0.1503 0.0044 0.0094
306 0.6045 0.0500 0.1993 0.1200 0.0130 0.0130
307 0.5918 0.0614 0.2128 0.1013 0.0201 0.0126
308 0.2419 0.1357 0.3206 0.2617 0.0038 0.0363
309 0.1307 0.0844 0.7070 0.0562 0.0156 0.0060
310 0.1321 0.3000 0.4231 0.0501 0.0011 0.0937
311 0.1031 0.1942 0.6675 0.0332 0.0009 0.0011
312 0.1594 0.0742 0.7373 0.0165 0.0112 0.0015
313 0.7793 0.0539 0.0881 0.0241 0.0506 0.0039
314 0.0335 0.0637 0.8384 0.0431 0.0069 0.0142
315 0.0923 0.1343 0.7036 0.0514 0.0083 0.0100
316 0.0865 0.1906 0.6968 0.0125 0.0005 0.0130
317 0.0650 0.1633 0.6719 0.0778 0.0037 0.0183
318 0.3203 0.1089 0.2306 0.2271 0.0969 0.0162
319 0.6499 0.0568 0.1439 0.1175 0.0304 0.0013
320 0.0846 0.4099 0.3733 0.1138 0.0044 0.0138
321 0.5303 0.3091 0.1201 0.0331 0.0045 0.0030
322 0.5029 0.2432 0.1765 0.0615 0.0144 0.0014
323 0.5522 0.2064 0.1765 0.0498 0.0133 0.0015
324 0.5806 0.0672 0.1236 0.2037 0.0121 0.0130
325 0.9521 0.0126 0.0139 0.0153 0.0053 0.0007
326 0.8818 0.0316 0.0226 0.0568 0.0066 0.0007
327 0.8521 0.0205 0.0508 0.0688 0.0058 0.0020
328 0.6875 0.1233 0.0888 0.0099 0.0881 0.0022
329 0.2900 0.0369 0.5337 0.1076 0.0162 0.0155
330 0.4189 0.0408 0.4973 0.0285 0.0125 0.0020
331 0.2002 0.2396 0.2358 0.3052 0.0067 0.0124
332 0.0457 0.0753 0.2394 0.5396 0.0135 0.0867
333 0.6851 0.0264 0.0234 0.2561 0.0077 0.0013
334 0.7993 0.0255 0.0185 0.1503 0.0046 0.0017
335 0.4863 0.0084 0.0124 0.4788 0.0094 0.0047
336 0.6792 0.0229 0.1799 0.0768 0.0360 0.0053
337 0.7842 0.0326 0.1281 0.0288 0.0252 0.0013
338 0.6938 0.0210 0.2019 0.0511 0.0305 0.0016
339 0.7451 0.0241 0.1797 0.0298 0.0203 0.0011
340 0.5464 0.0266 0.2207 0.1257 0.0745 0.0063
341 0.2734 0.0302 0.2031 0.4438 0.0271 0.0224
342 0.0210 0.0842 0.2939 0.5078 0.0925 0.0006
343 0.0282 0.0840 0.2981 0.5312 0.0573 0.0013
344 0.0504 0.2386 0.4321 0.1979 0.0787 0.0024
345 0.0933 0.3281 0.4021 0.1117 0.0641 0.0005
346 0.1622 0.1132 0.5708 0.0939 0.0587 0.0013
347 0.1451 0.1292 0.5879 0.0753 0.0615 0.0013
348 0.0836 0.2003 0.1215 0.2035 0.0225 0.3687
