time exciting_prob fearful_prob tense_prob sad_prob relaxing_prob neutral_prob
0 0.2036 0.2271 0.0715 0.2380 0.0398 0.2201
1 0.1902 0.2224 0.3784 0.1084 0.0673 0.0333
2 0.1798 0.2308 0.3521 0.0843 0.1091 0.0441
3 0.7710 0.1164 0.0070 0.0793 0.0250 0.0015
4 0.7729 0.1158 0.0070 0.0778 0.0249 0.0015
5 0.1122 0.1038 0.2164 0.5112 0.0265 0.0300
6 0.1591 0.1437 0.2010 0.4602 0.0190 0.0169
7 0.2524 0.2861 0.2524 0.1362 0.0624 0.0102
8 0.5669 0.0672 0.0357 0.2401 0.0308 0.0593
9 0.8931 0.0562 0.0079 0.0246 0.0113 0.0068
10 0.8955 0.0551 0.0078 0.0240 0.0112 0.0065
11 0.1787 0.0717 0.2947 0.3726 0.0266 0.0558
12 0.0461 0.0523 0.1824 0.6885 0.0101 0.0206
13 0.0536 0.0677 0.2188 0.6230 0.0078 0.0291
14 0.2305 0.3540 0.0367 0.2759 0.0365 0.0665
15 0.2305 0.3540 0.0367 0.2759 0.0365 0.0665
16 0.1483 0.1137 0.1816 0.3394 0.2124 0.0046
17 0.0806 0.1102 0.1935 0.3450 0.2686 0.0021
18 0.1661 0.1714 0.2084 0.3228 0.1294 0.0019
19 0.1477 0.1263 0.1548 0.5078 0.0307 0.0327
20 0.2224 0.1288 0.1787 0.4092 0.0301 0.0308
21 0.1031 0.0731 0.3489 0.4080 0.0191 0.0479
22 0.2035 0.0611 0.2959 0.3516 0.0198 0.0681
23 0.4412 0.0731 0.1727 0.2939 0.0068 0.0123
24 0.5820 0.0865 0.0559 0.2427 0.0098 0.0229
25 0.0905 0.0905 0.5459 0.2620 0.0057 0.0056
26 0.4460 0.2107 0.1693 0.1591 0.0115 0.0035
27 0.1652 0.1117 0.3284 0.3550 0.0062 0.0335
28 0.1010 0.1109 0.3872 0.3259 0.0077 0.0673
29 0.2378 0.1852 0.1852 0.3569 0.0223 0.0127
30 0.2440 0.1083 0.0844 0.5415 0.0096 0.0122
31 0.3086 0.0202 0.2443 0.3608 0.0033 0.0627
32 0.2484 0.0309 0.4033 0.2729 0.0040 0.0406
33 0.4104 0.0959 0.0290 0.4370 0.0081 0.0195
34 0.4751 0.0233 0.0648 0.3701 0.0212 0.0456
35 0.1049 0.1189 0.3035 0.4348 0.0060 0.0317
36 0.1433 0.1650 0.1526 0.5244 0.0110 0.0036
37 0.1455 0.1729 0.1124 0.4346 0.0773 0.0574
38 0.2218 0.2803 0.0946 0.2083 0.1853 0.0097
39 0.2225 0.3213 0.0412 0.1329 0.2622 0.0198
40 0.1365 0.5527 0.0909 0.0592 0.1442 0.0164
41 0.1105 0.3950 0.0895 0.0708 0.2981 0.0359
42 0.2725 0.3313 0.0408 0.3040 0.0344 0.0169
43 0.3242 0.1036 0.0846 0.4067 0.0342 0.0467
44 0.3384 0.0954 0.1169 0.4211 0.0172 0.0110
45 0.4087 0.2598 0.2039 0.0978 0.0278 0.0021
46 0.0318 0.2427 0.0973 0.2209 0.3938 0.0135
47 0.1827 0.0317 0.3108 0.3467 0.0349 0.0933
48 0.2693 0.1671 0.1213 0.2693 0.0645 0.1088
49 0.1880 0.1738 0.0475 0.5107 0.0201 0.0596
50 0.1920 0.1891 0.2839 0.2883 0.0381 0.0085
51 0.1740 0.2305 0.4109 0.1536 0.0251 0.0061
52 0.2720 0.1515 0.2720 0.2477 0.0380 0.0187
53 0.4792 0.2428 0.1967 0.0486 0.0254 0.0073
54 0.1238 0.1093 0.1746 0.2206 0.3210 0.0508
55 0.2632 0.0754 0.2715 0.0953 0.2050 0.0895
56 0.2681 0.2023 0.3135 0.1691 0.0414 0.0058
57 0.4006 0.2247 0.2095 0.1281 0.0304 0.0067
58 0.3625 0.3569 0.0861 0.1536 0.0044 0.0365
59 0.1880 0.4338 0.1398 0.1571 0.0047 0.0766
60 0.3345 0.2837 0.1604 0.1270 0.0872 0.0072
61 0.2441 0.3870 0.1390 0.0971 0.1256 0.0069
62 0.5220 0.2075 0.1438 0.0950 0.0164 0.0155
63 0.2566 0.3647 0.3374 0.0195 0.0173 0.0043
64 0.3062 0.3635 0.3062 0.0202 0.0008 0.0031
65 0.2404 0.1600 0.5854 0.0098 0.0007 0.0036
66 0.0402 0.6284 0.3064 0.0197 0.0011 0.0042
67 0.3257 0.1265 0.2186 0.2808 0.0386 0.0101
68 0.2925 0.2278 0.1085 0.3264 0.0248 0.0201
69 0.2905 0.3044 0.0989 0.2905 0.0113 0.0043
70 0.1151 0.3491 0.3306 0.1782 0.0211 0.0061
71 0.2443 0.1339 0.3210 0.2705 0.0199 0.0104
72 0.4336 0.4614 0.0203 0.0640 0.0203 0.0004
73 0.1354 0.5703 0.1880 0.0731 0.0180 0.0153
74 0.2749 0.2603 0.1182 0.2445 0.0832 0.0189
75 0.1007 0.0917 0.3354 0.2959 0.0343 0.1420
76 0.3274 0.2981 0.0279 0.3074 0.0192 0.0201
77 0.1262 0.3250 0.3198 0.1970 0.0208 0.0113
78 0.3115 0.1707 0.2074 0.2561 0.0478 0.0066
79 0.2822 0.4106 0.1185 0.1646 0.0200 0.0042
80 0.1899 0.3777 0.1914 0.2023 0.0218 0.0167
81 0.1704 0.2620 0.3013 0.1992 0.0459 0.0213
82 0.1565 0.0220 0.0445 0.7012 0.0197 0.0562
83 0.3137 0.0892 0.4290 0.0920 0.0425 0.0336
84 0.2625 0.1460 0.1003 0.4001 0.0201 0.0712
85 0.1365 0.2433 0.2590 0.2471 0.1080 0.0063
86 0.5586 0.1915 0.0392 0.1458 0.0575 0.0075
87 0.1384 0.0753 0.2078 0.4907 0.0486 0.0393
88 0.2306 0.1741 0.2937 0.2341 0.0620 0.0055
89 0.5010 0.0165 0.0181 0.3965 0.0399 0.0280
90 0.3977 0.2844 0.1752 0.0901 0.0167 0.0359
91 0.3154 0.0469 0.1715 0.4177 0.0211 0.0273
92 0.4250 0.0857 0.0571 0.3931 0.0255 0.0138
93 0.1416 0.3506 0.0619 0.4131 0.0292 0.0035
94 0.3523 0.3413 0.1359 0.1306 0.0084 0.0315
95 0.2439 0.1152 0.1346 0.2808 0.2220 0.0036
96 0.4153 0.2944 0.0508 0.1652 0.0710 0.0034
97 0.1434 0.0511 0.2898 0.3496 0.0335 0.1327
98 0.2318 0.1045 0.2546 0.3169 0.0256 0.0664
99 0.1548 0.1115 0.4141 0.2396 0.0298 0.0502
100 0.1217 0.1945 0.0496 0.2274 0.3779 0.0289
101 0.4756 0.0505 0.1130 0.1544 0.1342 0.0724
102 0.3682 0.1925 0.0578 0.3198 0.0322 0.0295
103 0.5737 0.2795 0.0393 0.0873 0.0141 0.0062
104 0.5674 0.2598 0.0366 0.1066 0.0211 0.0086
105 0.1345 0.2761 0.1549 0.3081 0.0200 0.1064
106 0.1914 0.5537 0.0792 0.1433 0.0205 0.0118
107 0.3628 0.0875 0.3152 0.1089 0.0543 0.0714
108 0.4941 0.1876 0.1735 0.0292 0.1052 0.0103
109 0.1667 0.1890 0.4065 0.1980 0.0117 0.0281
110 0.4736 0.2556 0.0359 0.1326 0.0527 0.0495
111 0.2151 0.2761 0.2084 0.2325 0.0484 0.0195
112 0.1907 0.1937 0.2954 0.2527 0.0314 0.0364
113 0.1338 0.1458 0.4023 0.2898 0.0106 0.0177
114 0.1971 0.1377 0.2200 0.4175 0.0156 0.0123
115 0.1735 0.3240 0.2905 0.1289 0.0568 0.0264
116 0.2443 0.3784 0.2332 0.1003 0.0285 0.0154
117 0.3716 0.3601 0.0646 0.1661 0.0320 0.0058
118 0.2397 0.1648 0.1989 0.3657 0.0263 0.0047
119 0.1466 0.1116 0.1388 0.4412 0.0104 0.1514
120 0.2119 0.1227 0.4629 0.1099 0.0096 0.0830
121 0.4824 0.2244 0.1011 0.1201 0.0135 0.0585
122 0.4783 0.1482 0.0994 0.2367 0.0148 0.0227
123 0.4407 0.0902 0.2756 0.1726 0.0144 0.0065
124 0.3796 0.3298 0.1088 0.1570 0.0123 0.0125
125 0.1078 0.1240 0.2111 0.3167 0.0908 0.1497
126 0.1920 0.0966 0.1920 0.4680 0.0206 0.0309
127 0.1372 0.0782 0.6548 0.0988 0.0099 0.0212
128 0.1702 0.2134 0.4050 0.1305 0.0083 0.0726
129 0.2964 0.4380 0.0862 0.1611 0.0170 0.0013
130 0.2761 0.1958 0.2676 0.1549 0.0548 0.0507
131 0.2529 0.1558 0.5068 0.0297 0.0279 0.0267
132 0.2671 0.0248 0.0880 0.5068 0.0212 0.0923
133 0.2688 0.1555 0.3396 0.1906 0.0233 0.0222
134 0.1610 0.1399 0.2783 0.3923 0.0041 0.0243
135 0.3579 0.2172 0.0637 0.3362 0.0090 0.0160
136 0.1108 0.0612 0.4385 0.3208 0.0360 0.0328
137 0.1058 0.1423 0.5718 0.1010 0.0137 0.0652
138 0.5171 0.1257 0.0787 0.2156 0.0102 0.0524
139 0.1118 0.0147 0.0150 0.7290 0.0831 0.0466
140 0.5195 0.1235 0.2324 0.0379 0.0552 0.0312
141 0.1805 0.2030 0.1544 0.1486 0.0337 0.2798
142 0.3372 0.1682 0.0989 0.3506 0.0130 0.0323
143 0.1855 0.5044 0.1885 0.0993 0.0178 0.0046
144 0.3062 0.5542 0.0637 0.0448 0.0280 0.0033
145 0.1555 0.0449 0.0209 0.7134 0.0418 0.0235
146 0.3892 0.1782 0.0472 0.1031 0.2761 0.0061
147 0.2131 0.0514 0.0531 0.5796 0.0195 0.0835
148 0.1479 0.3521 0.1125 0.2308 0.1295 0.0271
149 0.1146 0.4976 0.2622 0.1027 0.0177 0.0052
150 0.2112 0.1451 0.4070 0.1385 0.0814 0.0167
151 0.2720 0.0142 0.0792 0.5498 0.0636 0.0213
152 0.1870 0.0584 0.0113 0.2537 0.2382 0.2517
153 0.1024 0.3926 0.3359 0.1295 0.0162 0.0234
154 0.1619 0.0436 0.0471 0.0614 0.6816 0.0045
155 0.3010 0.0904 0.0933 0.0503 0.4312 0.0340
156 0.1124 0.1178 0.2455 0.4883 0.0163 0.0197
157 0.1135 0.1602 0.3723 0.2900 0.0104 0.0536
158 0.0820 0.0915 0.3245 0.4365 0.0100 0.0555
159 0.2253 0.0737 0.1169 0.2803 0.0234 0.2803
160 0.1030 0.3428 0.3123 0.1385 0.0502 0.0534
161 0.1503 0.4700 0.2477 0.0431 0.0744 0.0145
162 0.1074 0.5762 0.2347 0.0511 0.0272 0.0032
163 0.0994 0.6138 0.1528 0.0941 0.0371 0.0027
164 0.1190 0.3135 0.2292 0.2257 0.0978 0.0149
165 0.3792 0.2429 0.0347 0.2527 0.0753 0.0152
166 0.3362 0.0870 0.0343 0.4521 0.0500 0.0405
167 0.3525 0.0728 0.0524 0.4529 0.0549 0.0144
168 0.3142 0.4573 0.0147 0.1669 0.0323 0.0147
169 0.3826 0.1808 0.1354 0.2590 0.0273 0.0150
170 0.2759 0.1866 0.2891 0.2114 0.0152 0.0219
171 0.2319 0.3914 0.1462 0.0959 0.0707 0.0639
172 0.3772 0.1687 0.0917 0.3176 0.0310 0.0136
173 0.2788 0.1317 0.1144 0.4385 0.0236 0.0129
174 0.0426 0.3684 0.2396 0.2695 0.0635 0.0164
175 0.0591 0.1053 0.5264 0.2449 0.0145 0.0497
176 0.0968 0.0815 0.0416 0.7612 0.0055 0.0132
177 0.1064 0.1433 0.2020 0.5239 0.0191 0.0052
178 0.1508 0.4944 0.1508 0.1763 0.0169 0.0107
179 0.3232 0.5625 0.0441 0.0354 0.0255 0.0092
180 0.0765 0.5146 0.2213 0.1545 0.0217 0.0112
181 0.0935 0.7529 0.0308 0.0363 0.0812 0.0053
182 0.0353 0.3457 0.0686 0.3403 0.0128 0.1970
183 0.1740 0.1293 0.4729 0.1039 0.0216 0.0983
184 0.1472 0.0996 0.0996 0.5913 0.0326 0.0297
185 0.1887 0.2073 0.1918 0.3235 0.0728 0.0159
186 0.1108 0.4451 0.2659 0.1479 0.0238 0.0066
187 0.1228 0.0308 0.0174 0.7642 0.0438 0.0212
188 0.3164 0.1094 0.0886 0.4326 0.0355 0.0174
189 0.2184 0.3408 0.2739 0.1073 0.0465 0.0130
190 0.1407 0.4104 0.2549 0.1343 0.0443 0.0153
191 0.3853 0.4038 0.0345 0.1544 0.0101 0.0121
192 0.1639 0.4121 0.3582 0.0405 0.0129 0.0124
193 0.0533 0.0800 0.2042 0.4324 0.1919 0.0384
194 0.4443 0.0640 0.1635 0.2612 0.0345 0.0327
195 0.1034 0.1843 0.5088 0.1731 0.0078 0.0225
196 0.4165 0.1722 0.1792 0.2030 0.0115 0.0175
197 0.1650 0.1703 0.4851 0.1599 0.0084 0.0113
198 0.6235 0.1267 0.0389 0.1787 0.0204 0.0115
199 0.4492 0.4221 0.0695 0.0399 0.0092 0.0101
200 0.4319 0.1010 0.0489 0.3933 0.0068 0.0180
201 0.1019 0.0281 0.0512 0.7769 0.0086 0.0336
202 0.2659 0.3992 0.0243 0.2291 0.0473 0.0343
203 0.2174 0.1666 0.2208 0.2971 0.0193 0.0787
204 0.2164 0.2935 0.1621 0.1571 0.1647 0.0063
205 0.2756 0.2250 0.1476 0.2888 0.0269 0.0362
206 0.0914 0.1846 0.0209 0.6543 0.0412 0.0075
207 0.2445 0.3115 0.2793 0.1320 0.0212 0.0115
208 0.3118 0.3047 0.2177 0.1260 0.0321 0.0078
209 0.2732 0.1670 0.0241 0.4910 0.0381 0.0066
210 0.3279 0.3772 0.1466 0.0969 0.0427 0.0087
211 0.2698 0.3989 0.2037 0.0918 0.0257 0.0101
212 0.3098 0.0952 0.0397 0.5352 0.0101 0.0100
213 0.0928 0.1763 0.0214 0.3730 0.3318 0.0047
214 0.1602 0.1414 0.1190 0.5088 0.0448 0.0257
215 0.3562 0.0350 0.2264 0.2773 0.0453 0.0595
216 0.3772 0.4209 0.1345 0.0368 0.0267 0.0041
217 0.3479 0.2281 0.0853 0.2883 0.0453 0.0049
218 0.1738 0.0439 0.0703 0.6162 0.0243 0.0714
219 0.2058 0.3726 0.2791 0.1076 0.0281 0.0069
220 0.1591 0.4604 0.2502 0.0980 0.0222 0.0100
221 0.1135 0.4021 0.0343 0.4348 0.0036 0.0116
222 0.3982 0.2651 0.1986 0.1262 0.0074 0.0045
223 0.3103 0.2098 0.2493 0.2067 0.0103 0.0137
224 0.2070 0.2346 0.3257 0.2007 0.0106 0.0213
225 0.1058 0.3364 0.2312 0.2172 0.0762 0.0331
226 0.1198 0.3867 0.2421 0.1490 0.0750 0.0274
227 0.1761 0.2974 0.2749 0.1259 0.1102 0.0154
228 0.5493 0.0276 0.0423 0.3491 0.0218 0.0102
229 0.5049 0.0739 0.0247 0.3750 0.0081 0.0136
230 0.3086 0.1118 0.0504 0.5171 0.0098 0.0024
231 0.3704 0.2930 0.0378 0.2449 0.0467 0.0071
232 0.2308 0.3662 0.0621 0.2764 0.0434 0.0211
233 0.2119 0.0897 0.0289 0.6035 0.0424 0.0234
234 0.2463 0.2463 0.0438 0.4324 0.0190 0.0121
235 0.3191 0.1155 0.0268 0.4941 0.0187 0.0258
236 0.3518 0.1741 0.0557 0.3687 0.0356 0.0142
237 0.0596 0.0176 0.0105 0.8359 0.0173 0.0587
