time exciting_prob fearful_prob tense_prob sad_prob relaxing_prob neutral_prob
0 0.1136 0.1553 0.1349 0.1288 0.0181 0.4492
1 0.2229 0.0239 0.0690 0.2264 0.0144 0.4434
2 0.1719 0.0255 0.1565 0.2581 0.0516 0.3364
3 0.7065 0.0131 0.0799 0.0689 0.0246 0.1067
4 0.5776 0.0136 0.0746 0.1268 0.0497 0.1578
5 0.7148 0.0164 0.0923 0.0808 0.0329 0.0629
6 0.6353 0.0237 0.1697 0.0691 0.0350 0.0670
7 0.1941 0.0322 0.1254 0.1089 0.0117 0.5278
8 0.1416 0.0311 0.0701 0.2815 0.0258 0.4500
9 0.1956 0.3027 0.2737 0.1071 0.0146 0.1063
10 0.2009 0.2878 0.2791 0.1101 0.0129 0.1093
11 0.1615 0.2903 0.3042 0.1360 0.0116 0.0964
12 0.1399 0.4016 0.3279 0.0715 0.0137 0.0454
13 0.2925 0.0851 0.5015 0.0906 0.0231 0.0071
14 0.1666 0.0381 0.2834 0.3474 0.1145 0.0500
15 0.1663 0.0431 0.6475 0.0883 0.0265 0.0282
16 0.2927 0.0886 0.1011 0.4714 0.0442 0.0021
17 0.4646 0.1556 0.0847 0.2247 0.0664 0.0039
18 0.4451 0.2203 0.1412 0.1348 0.0528 0.0058
19 0.3560 0.0256 0.1472 0.4294 0.0288 0.0129
20 0.6436 0.0289 0.0716 0.2206 0.0318 0.0037
21 0.1575 0.0253 0.1017 0.6040 0.0496 0.0622
22 0.3701 0.3044 0.2793 0.0288 0.0053 0.0123
23 0.2642 0.3237 0.2812 0.1043 0.0082 0.0181
24 0.5605 0.1271 0.1184 0.1241 0.0406 0.0293
25 0.4460 0.0412 0.0728 0.3474 0.0489 0.0438
26 0.2976 0.0559 0.1130 0.4331 0.0429 0.0577
27 0.1307 0.2661 0.3364 0.1135 0.0371 0.1162
28 0.0911 0.3518 0.5156 0.0037 0.0261 0.0117
29 0.1281 0.0853 0.3706 0.2145 0.0154 0.1863
30 0.2417 0.2067 0.3743 0.0954 0.0417 0.0404
31 0.1676 0.0380 0.2595 0.2678 0.0305 0.2363
32 0.4131 0.1891 0.2544 0.0396 0.0403 0.0634
33 0.4397 0.1103 0.0989 0.0342 0.3044 0.0125
34 0.4629 0.0811 0.1033 0.0132 0.3359 0.0035
35 0.4580 0.1711 0.1464 0.0166 0.2032 0.0046
36 0.5444 0.0946 0.1345 0.0410 0.1714 0.0140
37 0.5083 0.1367 0.1295 0.0162 0.2053 0.0040
38 0.1250 0.0638 0.2605 0.0974 0.0102 0.4431
39 0.1980 0.1129 0.1201 0.0609 0.0180 0.4902
40 0.1912 0.1196 0.1089 0.0785 0.0134 0.4883
41 0.1840 0.3384 0.4211 0.0084 0.0427 0.0056
42 0.1901 0.1153 0.1564 0.2639 0.1677 0.1066
43 0.4131 0.0936 0.1193 0.0239 0.3425 0.0075
44 0.6226 0.1025 0.0677 0.0062 0.1929 0.0080
45 0.5122 0.1295 0.0688 0.0139 0.2698 0.0059
46 0.3167 0.2109 0.2142 0.0456 0.1804 0.0323
47 0.2078 0.1384 0.2391 0.2751 0.0568 0.0826
48 0.4290 0.3557 0.1339 0.0209 0.0533 0.0074
49 0.1569 0.0614 0.1166 0.0534 0.6060 0.0058
50 0.1888 0.2191 0.2996 0.1278 0.0980 0.0668
51 0.2595 0.2656 0.3835 0.0118 0.0755 0.0039
52 0.0538 0.1709 0.5430 0.0624 0.0120 0.1580
53 0.1115 0.1881 0.5884 0.0417 0.0025 0.0676
54 0.3313 0.0524 0.1238 0.2878 0.0326 0.1719
55 0.6621 0.0992 0.1444 0.0157 0.0640 0.0144
56 0.5830 0.0517 0.2145 0.0937 0.0400 0.0172
57 0.1743 0.2764 0.4778 0.0200 0.0349 0.0166
58 0.4233 0.1533 0.2063 0.1418 0.0410 0.0342
59 0.4702 0.1135 0.1613 0.1217 0.1017 0.0315
60 0.1937 0.1710 0.2488 0.0827 0.0551 0.2488
61 0.5176 0.1360 0.1068 0.0885 0.0928 0.0585
62 0.5767 0.0558 0.1902 0.1287 0.0247 0.0242
63 0.3191 0.0782 0.2524 0.2446 0.0418 0.0638
64 0.7515 0.0566 0.1025 0.0251 0.0515 0.0129
65 0.2839 0.1184 0.0826 0.0936 0.0145 0.4067
66 0.4207 0.1205 0.2323 0.0249 0.1713 0.0302
67 0.4456 0.0850 0.0705 0.0129 0.3782 0.0079
68 0.1415 0.0865 0.0965 0.0865 0.5425 0.0467
69 0.1152 0.1599 0.1216 0.0280 0.5625 0.0126
70 0.0575 0.1562 0.1798 0.0473 0.5454 0.0138
71 0.5029 0.0534 0.1547 0.1765 0.0334 0.0790
72 0.4231 0.0453 0.3853 0.0674 0.0175 0.0614
73 0.6851 0.0414 0.1843 0.0411 0.0159 0.0323
74 0.0529 0.3535 0.3591 0.2014 0.0132 0.0198
75 0.0663 0.3845 0.4092 0.0722 0.0396 0.0283
76 0.3950 0.0848 0.1753 0.0182 0.3054 0.0213
77 0.5854 0.0667 0.0532 0.1135 0.0247 0.1564
78 0.0565 0.0714 0.5796 0.1252 0.1106 0.0569
79 0.2266 0.1176 0.3706 0.1353 0.0765 0.0735
80 0.1560 0.0992 0.3572 0.3252 0.0175 0.0450
81 0.2339 0.0975 0.4651 0.1711 0.0219 0.0104
82 0.3604 0.1798 0.3494 0.0779 0.0263 0.0063
83 0.4194 0.1818 0.2524 0.1094 0.0266 0.0105
84 0.2644 0.2262 0.2371 0.1935 0.0418 0.0369
85 0.1487 0.1022 0.2302 0.2001 0.1158 0.2031
86 0.0938 0.1498 0.4761 0.2510 0.0087 0.0209
87 0.3916 0.0547 0.2375 0.1418 0.0293 0.1451
88 0.2191 0.0638 0.2769 0.2949 0.0466 0.0988
89 0.1775 0.0493 0.2705 0.2502 0.0384 0.2141
90 0.3987 0.1198 0.3464 0.0420 0.0804 0.0126
91 0.4824 0.2465 0.2314 0.0183 0.0147 0.0067
92 0.4844 0.1313 0.2759 0.0343 0.0356 0.0385
93 0.5142 0.1791 0.2605 0.0281 0.0106 0.0077
94 0.2991 0.3013 0.3442 0.0255 0.0157 0.0142
95 0.4287 0.2725 0.2642 0.0146 0.0115 0.0087
96 0.3345 0.0546 0.3909 0.0563 0.0463 0.1174
97 0.3098 0.2375 0.3098 0.0297 0.0241 0.0888
98 0.1500 0.4080 0.2849 0.0829 0.0127 0.0616
99 0.2108 0.3291 0.3167 0.0559 0.0252 0.0623
100 0.2913 0.3125 0.2800 0.0471 0.0191 0.0502
101 0.1034 0.0311 0.0536 0.5420 0.0142 0.2559
102 0.1475 0.4009 0.3484 0.0577 0.0282 0.0175
103 0.1326 0.1945 0.1423 0.3777 0.0511 0.1017
104 0.2142 0.1383 0.1567 0.0206 0.4678 0.0024
105 0.1103 0.1748 0.1832 0.0079 0.5220 0.0018
106 0.1201 0.1591 0.3938 0.0235 0.2881 0.0154
107 0.4255 0.2791 0.0652 0.2058 0.0042 0.0199
108 0.4436 0.3171 0.1122 0.0998 0.0083 0.0189
109 0.1364 0.2798 0.5024 0.0406 0.0216 0.0190
110 0.2690 0.2430 0.3914 0.0381 0.0237 0.0347
111 0.1794 0.2490 0.5356 0.0141 0.0211 0.0008
112 0.3359 0.0532 0.1771 0.3521 0.0411 0.0404
113 0.2101 0.1741 0.3252 0.0293 0.2573 0.0039
114 0.1467 0.0836 0.1975 0.0480 0.5200 0.0039
115 0.0414 0.0188 0.0851 0.0328 0.8198 0.0021
116 0.6152 0.0943 0.2013 0.0139 0.0358 0.0396
117 0.5137 0.0521 0.2446 0.0633 0.0435 0.0826
118 0.2277 0.3696 0.1338 0.0418 0.2106 0.0166
119 0.3159 0.2122 0.2900 0.0652 0.1066 0.0102
120 0.0996 0.2316 0.3879 0.2043 0.0559 0.0207
121 0.1169 0.3804 0.3306 0.0737 0.0709 0.0276
122 0.0598 0.1101 0.0642 0.0134 0.7524 0.0001
123 0.4854 0.0884 0.0837 0.0180 0.2991 0.0255
124 0.2903 0.0442 0.2124 0.1788 0.0102 0.2642
125 0.1257 0.1296 0.2832 0.0210 0.4319 0.0084
126 0.0913 0.1693 0.3064 0.0363 0.3875 0.0092
127 0.1307 0.0405 0.0956 0.0318 0.6958 0.0058
128 0.5957 0.0331 0.0618 0.1155 0.0628 0.1309
129 0.4724 0.1418 0.0908 0.0413 0.2213 0.0324
130 0.3833 0.2020 0.3330 0.0139 0.0535 0.0142
131 0.2485 0.1111 0.3730 0.1270 0.0183 0.1221
132 0.6426 0.1348 0.1469 0.0469 0.0154 0.0135
133 0.3528 0.2522 0.3367 0.0294 0.0194 0.0094
134 0.5830 0.0859 0.1203 0.0279 0.1709 0.0120
135 0.1678 0.1481 0.4089 0.1067 0.1528 0.0157
136 0.1243 0.2285 0.4839 0.0790 0.0645 0.0198
137 0.2959 0.2610 0.3101 0.0815 0.0186 0.0329
138 0.2429 0.1907 0.4038 0.0765 0.0394 0.0467
139 0.3770 0.0630 0.3030 0.0159 0.2251 0.0161
140 0.2644 0.0537 0.1578 0.0112 0.5059 0.0070
141 0.6616 0.0803 0.1420 0.0587 0.0436 0.0134
142 0.6265 0.0348 0.0269 0.0052 0.3027 0.0041
143 0.5850 0.0441 0.0484 0.0143 0.3013 0.0070
144 0.0803 0.0999 0.3655 0.2397 0.0188 0.1957
145 0.1305 0.1729 0.1958 0.0395 0.4414 0.0202
146 0.1090 0.1586 0.0698 0.0202 0.6421 0.0005
147 0.1515 0.1100 0.0750 0.0149 0.6479 0.0004
148 0.6743 0.0775 0.0837 0.0144 0.1436 0.0065
149 0.3867 0.1479 0.3633 0.0247 0.0588 0.0185
150 0.2079 0.2079 0.2430 0.1984 0.0596 0.0833
151 0.0841 0.0881 0.2216 0.0423 0.5571 0.0070
152 0.0832 0.0858 0.2333 0.0628 0.5259 0.0092
153 0.0759 0.0359 0.0233 0.3147 0.5356 0.0145
154 0.1129 0.0546 0.0202 0.0509 0.7593 0.0023
155 0.1591 0.2791 0.3262 0.1448 0.0363 0.0545
156 0.1565 0.0357 0.0705 0.0039 0.7290 0.0043
157 0.3308 0.1401 0.1041 0.0411 0.0205 0.3633
158 0.5215 0.1425 0.1257 0.0477 0.1238 0.0390
159 0.4089 0.3235 0.2056 0.0242 0.0247 0.0131
160 0.3684 0.0447 0.2781 0.1700 0.0420 0.0969
161 0.2654 0.3740 0.0895 0.0578 0.2067 0.0065
162 0.2045 0.4983 0.2246 0.0316 0.0403 0.0008
163 0.4016 0.1205 0.3252 0.0931 0.0491 0.0105
164 0.2539 0.1199 0.2423 0.3064 0.0504 0.0272
165 0.4282 0.1237 0.1527 0.1337 0.0617 0.1001
166 0.3010 0.2272 0.3894 0.0430 0.0330 0.0062
167 0.0801 0.2979 0.2179 0.3271 0.0624 0.0147
168 0.1923 0.2712 0.3271 0.1835 0.0092 0.0167
169 0.2969 0.1704 0.1256 0.0067 0.3994 0.0011
170 0.2401 0.2742 0.2786 0.0263 0.1799 0.0007
171 0.3186 0.2947 0.3611 0.0121 0.0086 0.0051
172 0.4539 0.1644 0.2839 0.0400 0.0439 0.0138
173 0.3074 0.1498 0.3323 0.1582 0.0432 0.0091
174 0.3108 0.2786 0.2700 0.1295 0.0066 0.0044
175 0.1652 0.3110 0.2991 0.1978 0.0154 0.0115
176 0.4644 0.2126 0.2390 0.0358 0.0409 0.0073
177 0.3438 0.1812 0.3333 0.0773 0.0488 0.0158
178 0.1035 0.0399 0.4355 0.2642 0.0301 0.1267
179 0.2112 0.1582 0.3196 0.2734 0.0133 0.0244
180 0.0515 0.8379 0.0811 0.0128 0.0080 0.0085
181 0.4817 0.2008 0.2172 0.0266 0.0110 0.0627
182 0.4851 0.1976 0.2808 0.0066 0.0238 0.0061
183 0.2203 0.2203 0.2496 0.2830 0.0161 0.0109
184 0.2666 0.3423 0.3118 0.0432 0.0275 0.0086
185 0.3953 0.0882 0.2654 0.0302 0.1536 0.0676
186 0.1362 0.0707 0.6011 0.1147 0.0595 0.0181
187 0.1103 0.1012 0.7539 0.0145 0.0154 0.0048
188 0.2874 0.2742 0.2534 0.1346 0.0216 0.0289
189 0.3254 0.3179 0.1116 0.1335 0.0454 0.0661
190 0.3979 0.0991 0.4724 0.0171 0.0091 0.0043
191 0.0844 0.2313 0.6387 0.0290 0.0015 0.0150
192 0.1000 0.6128 0.2400 0.0424 0.0019 0.0029
193 0.6348 0.0973 0.1211 0.0062 0.1361 0.0047
194 0.1153 0.1017 0.1677 0.4558 0.0225 0.1368
195 0.6074 0.1443 0.1941 0.0092 0.0351 0.0100
196 0.0994 0.4121 0.4187 0.0532 0.0047 0.0119
197 0.2090 0.1259 0.3967 0.0800 0.1816 0.0069
198 0.4053 0.0823 0.1575 0.0496 0.2808 0.0245
199 0.4231 0.1147 0.1544 0.0337 0.2605 0.0136
200 0.1249 0.1035 0.4939 0.1329 0.0942 0.0504
201 0.3208 0.1359 0.3523 0.1731 0.0101 0.0077
202 0.4167 0.2546 0.1835 0.1005 0.0400 0.0045
203 0.4414 0.1649 0.0511 0.0575 0.2805 0.0045
204 0.3201 0.0410 0.1796 0.1500 0.2869 0.0225
205 0.4692 0.1141 0.1699 0.0650 0.1713 0.0103
206 0.5688 0.1383 0.2446 0.0114 0.0316 0.0052
207 0.6274 0.0876 0.2053 0.0125 0.0588 0.0081
208 0.3037 0.0328 0.3779 0.2517 0.0069 0.0267
209 0.5566 0.0329 0.1522 0.2284 0.0114 0.0185
210 0.2186 0.0955 0.2764 0.2152 0.0104 0.1841
211 0.2507 0.1406 0.1486 0.1724 0.0125 0.2754
212 0.3201 0.1971 0.1687 0.2532 0.0450 0.0158
213 0.3735 0.2489 0.1013 0.0116 0.2588 0.0059
214 0.3279 0.2554 0.3032 0.0098 0.0947 0.0088
215 0.1437 0.0995 0.4937 0.0576 0.0181 0.1874
216 0.3167 0.1906 0.3423 0.0039 0.1202 0.0264
217 0.1085 0.3291 0.3906 0.1035 0.0290 0.0393
218 0.0776 0.2524 0.5176 0.0794 0.0456 0.0272
219 0.0756 0.0756 0.6323 0.1346 0.0156 0.0662
220 0.0836 0.0476 0.5986 0.1537 0.0303 0.0862
221 0.1833 0.0853 0.0573 0.3218 0.2668 0.0853
222 0.1217 0.0933 0.0891 0.3308 0.0289 0.3362
223 0.3218 0.0501 0.0839 0.2861 0.1406 0.1174
224 0.1821 0.0400 0.1022 0.4370 0.0322 0.2064
225 0.4783 0.0256 0.1267 0.2444 0.0405 0.0844
226 0.3284 0.0401 0.1600 0.2808 0.0333 0.1575
227 0.2179 0.0329 0.1570 0.3428 0.0997 0.1498
228 0.2361 0.0280 0.2397 0.2474 0.0939 0.1548
229 0.2883 0.0319 0.2076 0.1696 0.0981 0.2045
230 0.4292 0.0445 0.1137 0.2563 0.0372 0.1191
231 0.1658 0.1176 0.0660 0.3049 0.0453 0.3003
232 0.9102 0.0173 0.0316 0.0281 0.0104 0.0022
233 0.8955 0.0193 0.0387 0.0324 0.0115 0.0025
234 0.9097 0.0182 0.0353 0.0252 0.0099 0.0021
235 0.9097 0.0182 0.0353 0.0250 0.0099 0.0021
236 0.8979 0.0201 0.0414 0.0280 0.0103 0.0025
237 0.8970 0.0201 0.0420 0.0280 0.0104 0.0025
238 0.8848 0.0160 0.0515 0.0338 0.0106 0.0032
239 0.1249 0.1268 0.0958 0.2334 0.0283 0.3909
