time exciting_prob fearful_prob tense_prob sad_prob relaxing_prob neutral_prob
0 0.1136 0.1553 0.1349 0.1288 0.0181 0.4492
1 0.9238 0.0060 0.0260 0.0326 0.0106 0.0012
2 0.9258 0.0164 0.0257 0.0186 0.0130 0.0006
3 0.9219 0.0283 0.0207 0.0127 0.0159 0.0005
4 0.1726 0.0778 0.3599 0.3542 0.0286 0.0069
5 0.9355 0.0094 0.0045 0.0032 0.0473 0.0000
6 0.9458 0.0056 0.0055 0.0027 0.0406 0.0001
7 0.9165 0.0085 0.0043 0.0091 0.0614 0.0002
8 0.9395 0.0061 0.0030 0.0050 0.0464 0.0000
9 0.1148 0.0258 0.3220 0.4399 0.0741 0.0233
10 0.2029 0.0425 0.2335 0.2094 0.1997 0.1121
11 0.1157 0.0591 0.0275 0.2690 0.5269 0.0019
12 0.0925 0.0307 0.3953 0.0645 0.3599 0.0569
13 0.1536 0.0373 0.1454 0.0547 0.5933 0.0158
14 0.1243 0.1548 0.3542 0.2083 0.1536 0.0051
15 0.2264 0.0435 0.1998 0.2014 0.0915 0.2373
16 0.1068 0.0219 0.0920 0.5093 0.1627 0.1075
17 0.1171 0.3259 0.0185 0.0218 0.5127 0.0040
18 0.1355 0.6318 0.0189 0.0312 0.1782 0.0044
19 0.3289 0.0399 0.3997 0.0711 0.1471 0.0134
20 0.3552 0.0603 0.2056 0.1901 0.1504 0.0386
21 0.2893 0.0829 0.3152 0.1912 0.0954 0.0263
22 0.2893 0.0602 0.1727 0.1838 0.2759 0.0181
23 0.1931 0.0266 0.4089 0.2189 0.1349 0.0177
24 0.1646 0.0640 0.2866 0.2756 0.1954 0.0137
25 0.2457 0.1433 0.1207 0.3357 0.1235 0.0310
26 0.4673 0.0485 0.1426 0.1530 0.1459 0.0428
27 0.1530 0.0663 0.3445 0.3391 0.0504 0.0466
28 0.4600 0.0313 0.1627 0.1505 0.1459 0.0496
29 0.2046 0.0615 0.3120 0.3945 0.0256 0.0018
30 0.1019 0.0653 0.5298 0.2279 0.0361 0.0390
31 0.1731 0.0647 0.3721 0.3389 0.0469 0.0044
32 0.3616 0.0345 0.1138 0.2976 0.1383 0.0542
33 0.1101 0.0381 0.2769 0.5254 0.0405 0.0090
34 0.2556 0.1116 0.3306 0.1335 0.1676 0.0011
35 0.1813 0.0738 0.2274 0.2478 0.2274 0.0424
36 0.1315 0.0351 0.1098 0.4309 0.2654 0.0273
37 0.2213 0.0675 0.0967 0.4910 0.0702 0.0534
38 0.2134 0.0191 0.0592 0.5449 0.0969 0.0666
39 0.1693 0.1182 0.5464 0.1361 0.0240 0.0058
40 0.1617 0.1427 0.5303 0.1260 0.0256 0.0138
41 0.0083 0.1251 0.4233 0.4299 0.0005 0.0128
42 0.4219 0.0331 0.1092 0.2922 0.1359 0.0079
43 0.2024 0.1759 0.3086 0.2520 0.0383 0.0229
44 0.2988 0.1180 0.2086 0.2291 0.1246 0.0208
45 0.2871 0.1421 0.2676 0.1913 0.1064 0.0054
46 0.0834 0.2162 0.2063 0.4436 0.0350 0.0154
47 0.1855 0.1715 0.2534 0.2698 0.0492 0.0704
48 0.1187 0.0810 0.1284 0.0322 0.6318 0.0077
49 0.4058 0.0268 0.0536 0.3582 0.1448 0.0108
50 0.1761 0.3848 0.1230 0.2125 0.0981 0.0053
51 0.2656 0.0458 0.2534 0.1598 0.2573 0.0181
52 0.0667 0.0500 0.3901 0.0898 0.3782 0.0253
53 0.1663 0.0421 0.2496 0.2457 0.2700 0.0263
54 0.2482 0.1788 0.2903 0.2406 0.0301 0.0121
55 0.0737 0.2068 0.4275 0.0969 0.1838 0.0113
56 0.1688 0.0869 0.1989 0.0182 0.5239 0.0031
57 0.1566 0.0306 0.1361 0.1011 0.5552 0.0201
58 0.1940 0.0258 0.6357 0.1272 0.0126 0.0046
59 0.2224 0.1136 0.2520 0.3528 0.0576 0.0016
60 0.2122 0.1732 0.2258 0.3611 0.0196 0.0082
61 0.2306 0.3713 0.2455 0.0461 0.1007 0.0059
62 0.1699 0.0170 0.0803 0.5835 0.0429 0.1063
63 0.1327 0.0267 0.1915 0.1458 0.3992 0.1041
64 0.1182 0.0988 0.2141 0.1803 0.2971 0.0914
65 0.1797 0.1943 0.2917 0.1324 0.1898 0.0120
66 0.1692 0.3525 0.3552 0.0504 0.0668 0.0060
67 0.0667 0.2942 0.2808 0.3284 0.0251 0.0047
68 0.1143 0.2830 0.3806 0.1274 0.0862 0.0084
69 0.0616 0.2593 0.5845 0.0189 0.0630 0.0129
70 0.0602 0.1215 0.6724 0.0192 0.1169 0.0097
71 0.1393 0.1995 0.5596 0.0127 0.0818 0.0073
72 0.1313 0.1234 0.4956 0.2133 0.0327 0.0036
73 0.0186 0.2030 0.7310 0.0195 0.0107 0.0172
74 0.0603 0.2074 0.2190 0.1844 0.3262 0.0027
75 0.1675 0.3774 0.2515 0.0269 0.1755 0.0013
76 0.0347 0.0981 0.0712 0.0638 0.7310 0.0012
77 0.0146 0.2418 0.7222 0.0153 0.0060 0.0002
78 0.0934 0.1218 0.4121 0.2275 0.1135 0.0318
79 0.0603 0.3496 0.2700 0.2766 0.0386 0.0048
80 0.0762 0.1199 0.1539 0.2007 0.4453 0.0040
81 0.1321 0.0894 0.1061 0.0759 0.5874 0.0093
82 0.3381 0.0200 0.0924 0.2083 0.2634 0.0778
83 0.0696 0.4268 0.3271 0.1620 0.0085 0.0058
84 0.0934 0.1565 0.4746 0.2664 0.0067 0.0024
85 0.0404 0.0398 0.0940 0.0616 0.7393 0.0247
86 0.1282 0.1609 0.4106 0.2913 0.0088 0.0002
87 0.0174 0.0094 0.0138 0.0109 0.9482 0.0003
88 0.1113 0.3169 0.5474 0.0176 0.0064 0.0003
89 0.0251 0.0720 0.8770 0.0205 0.0045 0.0012
90 0.1580 0.2688 0.2688 0.2905 0.0113 0.0025
91 0.0610 0.0649 0.0975 0.1140 0.6558 0.0065
92 0.0316 0.0106 0.1051 0.0589 0.7764 0.0174
93 0.2688 0.1462 0.1130 0.2144 0.2507 0.0070
94 0.0837 0.1181 0.2312 0.4458 0.1181 0.0030
95 0.2439 0.2186 0.4314 0.0124 0.0905 0.0031
96 0.1031 0.2344 0.3462 0.0170 0.2961 0.0030
97 0.1128 0.1044 0.6006 0.1566 0.0196 0.0062
98 0.2600 0.0102 0.1705 0.2947 0.2332 0.0313
99 0.3215 0.0442 0.1249 0.3342 0.1555 0.0196
100 0.0759 0.2490 0.4041 0.2032 0.0629 0.0047
101 0.2720 0.1082 0.3179 0.2020 0.0977 0.0022
102 0.3804 0.1048 0.2167 0.1304 0.1561 0.0117
103 0.1187 0.1525 0.2512 0.4446 0.0300 0.0031
104 0.2042 0.2227 0.3728 0.1578 0.0384 0.0040
105 0.1692 0.2661 0.2139 0.1026 0.2461 0.0022
106 0.2435 0.0772 0.4692 0.1622 0.0457 0.0020
107 0.0352 0.2881 0.4258 0.1803 0.0594 0.0114
108 0.0232 0.3545 0.2654 0.1421 0.2134 0.0014
109 0.0571 0.2578 0.4932 0.0870 0.1025 0.0024
110 0.0826 0.1439 0.5918 0.1342 0.0390 0.0086
111 0.0233 0.1382 0.3418 0.4124 0.0812 0.0032
112 0.1062 0.4333 0.2629 0.0534 0.1407 0.0035
113 0.0320 0.0237 0.0487 0.0430 0.8496 0.0028
114 0.0209 0.2869 0.5112 0.1355 0.0348 0.0109
115 0.0730 0.0765 0.4834 0.2627 0.0997 0.0047
116 0.2126 0.0826 0.2264 0.2710 0.1036 0.1036
117 0.0389 0.0941 0.6235 0.1843 0.0270 0.0320
118 0.0701 0.0350 0.1965 0.0352 0.6548 0.0085
119 0.0498 0.0157 0.1376 0.0490 0.7319 0.0158
120 0.0393 0.1952 0.5737 0.1129 0.0712 0.0078
121 0.1289 0.0609 0.5425 0.2028 0.0590 0.0059
122 0.0825 0.1627 0.2089 0.3391 0.1843 0.0225
123 0.1296 0.2766 0.1704 0.1296 0.2786 0.0152
124 0.2072 0.0558 0.2639 0.4150 0.0272 0.0310
125 0.1248 0.1493 0.3638 0.2769 0.0489 0.0363
126 0.0888 0.1333 0.1453 0.5234 0.0881 0.0213
127 0.1298 0.1076 0.5425 0.0935 0.1043 0.0226
128 0.1060 0.1182 0.1720 0.3162 0.2747 0.0130
129 0.1993 0.0541 0.1932 0.4634 0.0799 0.0101
130 0.4319 0.1602 0.3208 0.0147 0.0603 0.0122
131 0.1691 0.1390 0.2479 0.0905 0.3135 0.0402
132 0.3369 0.0246 0.1981 0.3818 0.0456 0.0131
133 0.2230 0.0649 0.3196 0.3621 0.0228 0.0078
134 0.0711 0.1993 0.4895 0.1127 0.1118 0.0155
135 0.0612 0.0850 0.3364 0.4456 0.0524 0.0193
136 0.1733 0.1542 0.2208 0.0254 0.4224 0.0037
137 0.0346 0.2347 0.4971 0.1042 0.1180 0.0113
138 0.0942 0.1035 0.1720 0.4937 0.0972 0.0393
139 0.1024 0.0911 0.2896 0.2849 0.2020 0.0300
140 0.0939 0.1454 0.3228 0.2084 0.2115 0.0181
141 0.3567 0.1407 0.1836 0.1659 0.1365 0.0168
142 0.3616 0.2125 0.2815 0.0845 0.0505 0.0096
143 0.1573 0.0536 0.1561 0.1152 0.4924 0.0253
144 0.2524 0.1013 0.2773 0.3345 0.0277 0.0066
145 0.0746 0.4753 0.3022 0.0701 0.0685 0.0093
146 0.0556 0.0289 0.3406 0.1089 0.4307 0.0353
147 0.1188 0.0167 0.2363 0.1433 0.4485 0.0363
148 0.0974 0.0922 0.3000 0.2301 0.1820 0.0982
149 0.1209 0.2260 0.5952 0.0369 0.0130 0.0079
150 0.1836 0.0759 0.6113 0.1014 0.0243 0.0033
151 0.0661 0.0296 0.1064 0.1624 0.6128 0.0228
152 0.0649 0.0258 0.1105 0.0808 0.7090 0.0088
153 0.0710 0.0296 0.0346 0.0508 0.8071 0.0069
154 0.2356 0.1071 0.4368 0.0777 0.0783 0.0645
155 0.0746 0.0202 0.4226 0.1155 0.3240 0.0432
156 0.0818 0.0532 0.3210 0.0652 0.4597 0.0191
157 0.0690 0.3193 0.4363 0.1417 0.0304 0.0032
158 0.0529 0.2465 0.4463 0.1361 0.1111 0.0072
159 0.1052 0.0965 0.3586 0.2352 0.1761 0.0283
160 0.1138 0.0446 0.1936 0.3733 0.2410 0.0337
161 0.5596 0.0272 0.2158 0.1707 0.0103 0.0163
162 0.5674 0.0360 0.1338 0.2311 0.0263 0.0054
163 0.5195 0.0376 0.1080 0.2803 0.0280 0.0265
164 0.5752 0.0324 0.1809 0.1740 0.0265 0.0111
165 0.6675 0.0440 0.0890 0.0667 0.1099 0.0228
166 0.7500 0.0376 0.0616 0.0606 0.0855 0.0046
167 0.4541 0.0400 0.1261 0.2932 0.0600 0.0268
168 0.2321 0.0219 0.2712 0.2629 0.1194 0.0923
169 0.4705 0.0377 0.1033 0.3608 0.0157 0.0119
170 0.5259 0.0609 0.2043 0.1201 0.0648 0.0240
171 0.0451 0.0267 0.2188 0.0710 0.6333 0.0052
172 0.0557 0.0465 0.0849 0.0229 0.7871 0.0031
173 0.5034 0.1196 0.0896 0.1926 0.0748 0.0197
174 0.3481 0.1451 0.1556 0.1908 0.0959 0.0644
175 0.6211 0.0538 0.0724 0.1765 0.0250 0.0514
176 0.3586 0.0113 0.0604 0.5386 0.0160 0.0154
177 0.3293 0.0517 0.0944 0.4431 0.0221 0.0595
178 0.3853 0.0770 0.0735 0.4231 0.0199 0.0214
179 0.2886 0.0753 0.0457 0.4685 0.0713 0.0506
180 0.5947 0.0187 0.0627 0.2832 0.0310 0.0098
181 0.3774 0.0263 0.0726 0.3545 0.0503 0.1188
182 0.0592 0.3921 0.2493 0.1560 0.1377 0.0059
183 0.1545 0.1281 0.1697 0.0300 0.5146 0.0032
184 0.2549 0.0373 0.0370 0.1122 0.5479 0.0109
185 0.6074 0.0356 0.1234 0.1957 0.0197 0.0182
186 0.0748 0.1205 0.6118 0.0969 0.0687 0.0271
187 0.0421 0.3184 0.5854 0.0111 0.0383 0.0044
188 0.5347 0.0456 0.0958 0.2062 0.1005 0.0173
189 0.4009 0.0624 0.0937 0.3074 0.0634 0.0724
190 0.1820 0.1213 0.3296 0.3401 0.0226 0.0042
191 0.1116 0.0322 0.1676 0.6523 0.0077 0.0284
192 0.1730 0.0225 0.1870 0.4084 0.1757 0.0335
193 0.3494 0.0911 0.1456 0.1943 0.2006 0.0191
194 0.0888 0.1242 0.2734 0.2048 0.2097 0.0991
195 0.1160 0.0338 0.1714 0.5981 0.0715 0.0092
196 0.1979 0.1191 0.1201 0.1680 0.3816 0.0135
197 0.1971 0.1159 0.3276 0.3301 0.0286 0.0006
198 0.3813 0.1541 0.2190 0.0927 0.1493 0.0035
199 0.7061 0.0395 0.0401 0.0607 0.1490 0.0047
200 0.0949 0.0387 0.1042 0.4458 0.2791 0.0372
201 0.1846 0.0886 0.1155 0.4326 0.1748 0.0038
202 0.1765 0.1282 0.2979 0.2302 0.0410 0.1262
203 0.1132 0.0953 0.2935 0.4763 0.0153 0.0064
204 0.1613 0.1613 0.2722 0.3359 0.0584 0.0111
205 0.1417 0.0387 0.0416 0.7251 0.0467 0.0060
206 0.3687 0.1178 0.1868 0.1081 0.1324 0.0862
207 0.0348 0.2551 0.6025 0.0961 0.0110 0.0008
208 0.3281 0.0255 0.1549 0.4556 0.0122 0.0238
209 0.2020 0.0797 0.2634 0.4082 0.0168 0.0298
210 0.3428 0.0814 0.3323 0.2112 0.0128 0.0198
211 0.7769 0.0110 0.0074 0.0590 0.1448 0.0012
212 0.9414 0.0049 0.0043 0.0152 0.0338 0.0002
213 0.8628 0.0083 0.0032 0.0156 0.1097 0.0003
214 0.8345 0.0124 0.0083 0.0381 0.1061 0.0009
215 0.2932 0.1185 0.1407 0.2469 0.1113 0.0894
