time exciting_prob fearful_prob tense_prob sad_prob relaxing_prob neutral_prob
0 0.4250 0.0244 0.0544 0.1704 0.2744 0.0515
1 0.4651 0.0139 0.2844 0.1499 0.0759 0.0108
2 0.4609 0.0199 0.4004 0.0801 0.0356 0.0032
3 0.0981 0.0914 0.2335 0.3452 0.0288 0.2029
4 0.1031 0.1356 0.3357 0.2343 0.0377 0.1537
5 0.2561 0.1136 0.3472 0.1010 0.0668 0.1154
6 0.1844 0.2561 0.3088 0.1371 0.0585 0.0550
7 0.3997 0.0825 0.3755 0.0352 0.0818 0.0252
8 0.3643 0.0892 0.2042 0.0474 0.2244 0.0706
9 0.5190 0.0861 0.2756 0.0790 0.0359 0.0047
10 0.4197 0.1342 0.2449 0.1212 0.0538 0.0262
11 0.1796 0.2869 0.2034 0.1355 0.1243 0.0703
12 0.0703 0.6309 0.1865 0.0861 0.0216 0.0047
13 0.8994 0.0034 0.0043 0.0646 0.0215 0.0070
14 0.8433 0.0043 0.0061 0.0359 0.1080 0.0025
15 0.8813 0.0041 0.0072 0.0399 0.0654 0.0020
16 0.2179 0.0614 0.2488 0.2649 0.1835 0.0237
17 0.2222 0.0830 0.3208 0.1469 0.2120 0.0152
18 0.4780 0.1665 0.1257 0.0485 0.1786 0.0026
19 0.3896 0.1422 0.1855 0.0710 0.2053 0.0061
20 0.4570 0.0493 0.1449 0.1193 0.2194 0.0101
21 0.4072 0.0645 0.2610 0.0909 0.1685 0.0082
22 0.3738 0.0518 0.3857 0.0916 0.0861 0.0110
23 0.4448 0.0444 0.2118 0.1335 0.1501 0.0153
24 0.4373 0.0938 0.3682 0.0226 0.0714 0.0069
25 0.4893 0.0642 0.3665 0.0257 0.0438 0.0106
26 0.3096 0.0422 0.2568 0.3171 0.0670 0.0073
27 0.2627 0.0605 0.3120 0.2467 0.1069 0.0112
28 0.2367 0.0688 0.3286 0.1576 0.1947 0.0136
29 0.2700 0.0575 0.1295 0.3550 0.1785 0.0097
30 0.4807 0.0823 0.3462 0.0177 0.0687 0.0043
31 0.2313 0.0934 0.5728 0.0344 0.0652 0.0030
32 0.4062 0.1239 0.3291 0.0504 0.0839 0.0066
33 0.4485 0.1134 0.3547 0.0386 0.0338 0.0110
34 0.4292 0.1052 0.3450 0.0467 0.0729 0.0012
35 0.4448 0.1378 0.2069 0.0495 0.1586 0.0024
36 0.4534 0.0872 0.2228 0.0807 0.1519 0.0041
37 0.4065 0.0900 0.3069 0.0886 0.1036 0.0042
38 0.3638 0.1058 0.3752 0.0477 0.0994 0.0079
39 0.3799 0.1293 0.2200 0.1344 0.0917 0.0447
40 0.1670 0.0801 0.5146 0.1232 0.0952 0.0199
41 0.3975 0.0376 0.4399 0.0044 0.1166 0.0040
42 0.5083 0.0549 0.3662 0.0028 0.0657 0.0020
43 0.4641 0.0254 0.4497 0.0156 0.0402 0.0049
44 0.4780 0.0249 0.4387 0.0106 0.0441 0.0035
45 0.4617 0.0230 0.4270 0.0300 0.0490 0.0094
46 0.1489 0.0515 0.5708 0.1598 0.0621 0.0069
47 0.2681 0.1962 0.3723 0.0657 0.0864 0.0115
48 0.4639 0.1128 0.2769 0.0318 0.1011 0.0136
49 0.3503 0.1165 0.3616 0.0521 0.1111 0.0086
50 0.3252 0.0597 0.1838 0.0284 0.3862 0.0166
51 0.1472 0.1936 0.5181 0.0609 0.0712 0.0090
52 0.1708 0.1427 0.5220 0.0471 0.1094 0.0079
53 0.1802 0.3936 0.2313 0.0717 0.0489 0.0745
54 0.3064 0.0528 0.1565 0.2922 0.1298 0.0623
55 0.1494 0.1666 0.4028 0.1482 0.0831 0.0497
56 0.1481 0.1144 0.6094 0.0405 0.0751 0.0127
57 0.2957 0.1970 0.3738 0.0307 0.0999 0.0028
58 0.2474 0.2235 0.4517 0.0293 0.0444 0.0037
59 0.1483 0.1761 0.5820 0.0432 0.0442 0.0060
60 0.3562 0.1271 0.4297 0.0471 0.0226 0.0172
61 0.1279 0.1543 0.4226 0.1060 0.1211 0.0679
62 0.1517 0.1182 0.2971 0.1318 0.1628 0.1382
63 0.3411 0.1467 0.3987 0.0330 0.0761 0.0043
64 0.2211 0.1891 0.4980 0.0505 0.0329 0.0084
65 0.1340 0.0648 0.5957 0.1329 0.0467 0.0258
66 0.0699 0.0405 0.1058 0.1447 0.6382 0.0009
67 0.0373 0.0610 0.2096 0.1924 0.4988 0.0009
68 0.1038 0.0834 0.2734 0.1132 0.2164 0.2097
69 0.0901 0.0847 0.1486 0.1281 0.5435 0.0050
70 0.0770 0.0765 0.1892 0.2212 0.4331 0.0029
71 0.1215 0.0620 0.1523 0.0809 0.5796 0.0036
72 0.1101 0.1436 0.6187 0.0571 0.0567 0.0138
73 0.2664 0.1200 0.1448 0.3582 0.0180 0.0927
74 0.3608 0.2207 0.1553 0.1665 0.0204 0.0762
75 0.1877 0.0501 0.1113 0.1582 0.1417 0.3508
76 0.1763 0.1791 0.3425 0.1240 0.0922 0.0859
77 0.1827 0.0287 0.0877 0.1842 0.4595 0.0571
78 0.0989 0.0460 0.1544 0.0419 0.6299 0.0288
79 0.0931 0.0606 0.1089 0.0660 0.6670 0.0042
80 0.1190 0.0504 0.1564 0.1359 0.5088 0.0294
81 0.1633 0.0275 0.1385 0.1836 0.4761 0.0109
82 0.0722 0.0536 0.0576 0.0236 0.7822 0.0108
83 0.1614 0.1118 0.2139 0.1602 0.2991 0.0536
84 0.2181 0.1168 0.2286 0.0861 0.3328 0.0176
85 0.1940 0.0731 0.1780 0.1559 0.3652 0.0340
86 0.0648 0.0375 0.0408 0.0378 0.7827 0.0366
87 0.2727 0.0913 0.2878 0.0751 0.2603 0.0128
88 0.2491 0.0327 0.4727 0.0454 0.1970 0.0031
89 0.1472 0.0752 0.1604 0.0537 0.4866 0.0770
90 0.1401 0.1401 0.4087 0.0508 0.2499 0.0104
91 0.1266 0.0549 0.2808 0.2439 0.1527 0.1412
92 0.0804 0.1074 0.5942 0.1033 0.0994 0.0151
93 0.0786 0.1515 0.5083 0.1434 0.0109 0.1074
94 0.1580 0.1086 0.3452 0.2109 0.1669 0.0103
95 0.2328 0.0876 0.1550 0.0970 0.4248 0.0027
96 0.2374 0.0406 0.6157 0.0795 0.0132 0.0134
97 0.3574 0.0672 0.4116 0.1335 0.0171 0.0130
98 0.4189 0.0711 0.2244 0.1693 0.0995 0.0166
99 0.4600 0.0647 0.2367 0.0793 0.1589 0.0004
100 0.1935 0.2209 0.4497 0.0717 0.0402 0.0240
101 0.3638 0.1602 0.3933 0.0318 0.0438 0.0070
102 0.4089 0.0392 0.3608 0.1083 0.0380 0.0445
103 0.3848 0.0628 0.4429 0.0614 0.0285 0.0196
104 0.0319 0.0079 0.1671 0.7847 0.0065 0.0019
105 0.0348 0.0117 0.1292 0.8159 0.0070 0.0015
106 0.1151 0.0626 0.5488 0.2473 0.0113 0.0150
107 0.1427 0.1044 0.4502 0.2861 0.0050 0.0117
108 0.1974 0.0890 0.5669 0.0977 0.0392 0.0101
109 0.2078 0.0894 0.4907 0.1462 0.0586 0.0072
110 0.4138 0.0403 0.2549 0.2549 0.0327 0.0033
111 0.1392 0.0283 0.3184 0.5010 0.0081 0.0051
112 0.2104 0.0194 0.3159 0.4185 0.0246 0.0112
113 0.4861 0.0728 0.2140 0.1831 0.0360 0.0079
114 0.3523 0.0287 0.3108 0.2874 0.0141 0.0068
115 0.3762 0.0302 0.2754 0.2795 0.0239 0.0148
116 0.3032 0.0592 0.1973 0.4016 0.0200 0.0185
117 0.4167 0.0502 0.2356 0.2507 0.0337 0.0129
118 0.3914 0.0394 0.1232 0.4006 0.0339 0.0115
119 0.2411 0.0358 0.2355 0.3428 0.1353 0.0096
120 0.2864 0.0162 0.0937 0.2162 0.3853 0.0023
121 0.2068 0.0552 0.0548 0.1755 0.4961 0.0115
122 0.1555 0.0501 0.0406 0.2125 0.5181 0.0233
123 0.2590 0.0565 0.1080 0.4692 0.0861 0.0211
124 0.2966 0.0657 0.3633 0.1625 0.0632 0.0488
125 0.3879 0.2125 0.2974 0.0590 0.0336 0.0095
126 0.1329 0.0729 0.0717 0.0409 0.6807 0.0009
127 0.0952 0.1130 0.2300 0.1166 0.4365 0.0087
128 0.3218 0.0199 0.3145 0.3000 0.0204 0.0233
129 0.1259 0.0248 0.0717 0.2208 0.5552 0.0016
130 0.1187 0.0547 0.0917 0.1224 0.6118 0.0007
131 0.5425 0.0537 0.2859 0.0980 0.0156 0.0046
132 0.3916 0.0573 0.3650 0.1251 0.0522 0.0090
133 0.1315 0.2573 0.3179 0.0269 0.2656 0.0007
134 0.1185 0.0370 0.0916 0.0759 0.6763 0.0009
135 0.4219 0.0251 0.0768 0.4121 0.0508 0.0132
136 0.3091 0.0179 0.0858 0.5425 0.0250 0.0199
137 0.3184 0.0308 0.4216 0.1588 0.0338 0.0366
138 0.2177 0.0177 0.4194 0.3267 0.0138 0.0046
139 0.2031 0.0302 0.6064 0.1301 0.0216 0.0084
140 0.1729 0.0303 0.6323 0.1032 0.0519 0.0095
141 0.2168 0.0156 0.5366 0.1490 0.0786 0.0034
142 0.5454 0.0352 0.2136 0.1588 0.0234 0.0234
143 0.2944 0.0363 0.3838 0.2517 0.0121 0.0217
144 0.2915 0.0692 0.3542 0.2473 0.0275 0.0103
145 0.2357 0.0171 0.5742 0.1498 0.0198 0.0033
146 0.2834 0.0258 0.5298 0.1229 0.0281 0.0099
147 0.1155 0.0134 0.7534 0.1020 0.0099 0.0058
148 0.2230 0.0674 0.5264 0.1222 0.0490 0.0118
149 0.2915 0.0606 0.3354 0.2739 0.0359 0.0027
150 0.4343 0.0519 0.2219 0.2084 0.0760 0.0074
151 0.5596 0.0806 0.1191 0.1964 0.0438 0.0006
152 0.2349 0.0405 0.0485 0.2385 0.3525 0.0851
153 0.2040 0.1083 0.4526 0.0549 0.1626 0.0177
154 0.1002 0.0303 0.1787 0.1470 0.5049 0.0386
155 0.0950 0.0533 0.2583 0.0183 0.5732 0.0019
156 0.2058 0.0304 0.6855 0.0057 0.0673 0.0052
157 0.1649 0.0365 0.7451 0.0103 0.0325 0.0106
158 0.3435 0.0320 0.5078 0.0660 0.0327 0.0182
159 0.3591 0.0568 0.5142 0.0509 0.0146 0.0043
160 0.3826 0.0514 0.4949 0.0097 0.0573 0.0042
161 0.2126 0.0981 0.5645 0.0297 0.0873 0.0077
162 0.2386 0.0906 0.5635 0.0067 0.0957 0.0048
163 0.4570 0.0209 0.1669 0.3215 0.0140 0.0198
164 0.4199 0.0347 0.1835 0.3269 0.0196 0.0154
165 0.4604 0.0550 0.0794 0.3643 0.0378 0.0029
166 0.1172 0.0496 0.7759 0.0169 0.0372 0.0031
167 0.3535 0.0568 0.4683 0.0753 0.0326 0.0134
168 0.0629 0.0691 0.2000 0.5698 0.0293 0.0691
169 0.0406 0.0839 0.7778 0.0685 0.0091 0.0201
170 0.3486 0.0888 0.4763 0.0192 0.0583 0.0088
171 0.1880 0.0610 0.5269 0.1262 0.0753 0.0224
172 0.2859 0.0609 0.3728 0.1859 0.0740 0.0207
173 0.3640 0.0258 0.1642 0.3367 0.0950 0.0142
174 0.5840 0.0499 0.1560 0.0848 0.1234 0.0018
175 0.3596 0.1233 0.2866 0.0161 0.2130 0.0014
176 0.2026 0.1680 0.3816 0.0402 0.2010 0.0067
177 0.1093 0.1482 0.2295 0.1267 0.3418 0.0445
178 0.2539 0.0811 0.3552 0.1083 0.1058 0.0956
179 0.2874 0.0883 0.3154 0.0454 0.1179 0.1456
180 0.1439 0.2527 0.4399 0.0619 0.0639 0.0376
181 0.3206 0.0941 0.2070 0.1575 0.2119 0.0089
182 0.2395 0.0730 0.1407 0.0660 0.4761 0.0046
183 0.1694 0.1165 0.3701 0.0752 0.2666 0.0025
184 0.0492 0.0811 0.3135 0.1338 0.4185 0.0040
185 0.3511 0.0413 0.1924 0.3376 0.0686 0.0089
186 0.1373 0.1709 0.1655 0.0664 0.4431 0.0168
187 0.2114 0.1158 0.5273 0.0841 0.0178 0.0433
188 0.1410 0.1378 0.1235 0.1356 0.0876 0.3745
189 0.1611 0.2896 0.2102 0.2576 0.0380 0.0434
190 0.1918 0.1076 0.3726 0.2463 0.0787 0.0030
191 0.1985 0.1533 0.3350 0.0271 0.2842 0.0020
192 0.1465 0.1866 0.5073 0.0157 0.1420 0.0020
193 0.1979 0.0927 0.2661 0.1666 0.2520 0.0246
194 0.0660 0.0457 0.0771 0.0875 0.6665 0.0569
195 0.2300 0.1696 0.3293 0.0248 0.2448 0.0015
196 0.5234 0.0815 0.2434 0.0784 0.0430 0.0305
197 0.2524 0.0486 0.5264 0.0482 0.1147 0.0097
198 0.3608 0.0276 0.1277 0.4219 0.0303 0.0318
199 0.1729 0.0992 0.6270 0.0271 0.0656 0.0081
200 0.1560 0.1598 0.5361 0.0257 0.1160 0.0064
201 0.3293 0.0273 0.1998 0.3792 0.0568 0.0075
202 0.1844 0.0949 0.3784 0.2350 0.0520 0.0554
203 0.5728 0.0618 0.1980 0.0550 0.0769 0.0355
204 0.2415 0.2737 0.2396 0.0391 0.0931 0.1132
205 0.4854 0.0287 0.1515 0.2808 0.0165 0.0371
206 0.3884 0.0286 0.1570 0.3826 0.0175 0.0260
207 0.0845 0.0316 0.1555 0.1020 0.5962 0.0302
208 0.0790 0.0569 0.4409 0.1132 0.2019 0.1080
209 0.1139 0.1166 0.2646 0.0826 0.3674 0.0546
210 0.5430 0.0482 0.1394 0.2263 0.0238 0.0192
211 0.4470 0.0432 0.1683 0.2776 0.0273 0.0364
212 0.1943 0.0598 0.6626 0.0227 0.0499 0.0105
213 0.1793 0.0605 0.6768 0.0258 0.0490 0.0089
214 0.2446 0.0826 0.5776 0.0169 0.0614 0.0168
215 0.2830 0.0150 0.5991 0.0863 0.0133 0.0033
216 0.1897 0.0182 0.6221 0.1367 0.0263 0.0069
217 0.3477 0.0186 0.4534 0.1472 0.0318 0.0015
218 0.2578 0.0154 0.5127 0.1664 0.0451 0.0026
219 0.2637 0.1057 0.2439 0.0856 0.2808 0.0203
220 0.1294 0.1016 0.1206 0.0472 0.5981 0.0029
221 0.1628 0.0745 0.1578 0.0372 0.5640 0.0039
222 0.1437 0.2903 0.2993 0.0372 0.2278 0.0019
223 0.2006 0.1246 0.4021 0.0404 0.2291 0.0033
224 0.1873 0.0249 0.4634 0.2991 0.0175 0.0077
225 0.2996 0.0489 0.5513 0.0770 0.0202 0.0033
226 0.1067 0.0325 0.5679 0.2443 0.0341 0.0147
227 0.1147 0.1669 0.1694 0.1592 0.3506 0.0393
228 0.2029 0.0344 0.2861 0.0852 0.3479 0.0435
229 0.1742 0.0709 0.3228 0.0848 0.3279 0.0194
230 0.1573 0.0798 0.4050 0.1188 0.2253 0.0137
231 0.2617 0.0761 0.1945 0.0392 0.4214 0.0074
232 0.3750 0.0280 0.1771 0.3870 0.0159 0.0169
233 0.5415 0.0511 0.2898 0.0780 0.0305 0.0090
234 0.1327 0.0405 0.2854 0.2311 0.2944 0.0162
235 0.0869 0.0420 0.4211 0.1041 0.3281 0.0177
236 0.4243 0.0276 0.1649 0.3435 0.0307 0.0089
237 0.4656 0.0194 0.2737 0.1912 0.0388 0.0112
238 0.5474 0.0364 0.2886 0.0509 0.0551 0.0216
239 0.0502 0.0082 0.0258 0.0510 0.8623 0.0025
240 0.0710 0.0238 0.1276 0.0662 0.6895 0.0220
241 0.0656 0.0216 0.1573 0.0720 0.6675 0.0158
242 0.1147 0.0801 0.2335 0.1013 0.4294 0.0409
243 0.1166 0.0654 0.1907 0.1241 0.4832 0.0202
244 0.0860 0.0759 0.1908 0.1486 0.4612 0.0376
245 0.4187 0.0389 0.4026 0.1010 0.0204 0.0185
246 0.5317 0.0578 0.1796 0.2051 0.0125 0.0132
247 0.3596 0.0104 0.1344 0.4839 0.0047 0.0069
248 0.5522 0.0304 0.1521 0.2301 0.0260 0.0093
249 0.6470 0.0322 0.1315 0.1675 0.0086 0.0135
250 0.3860 0.0539 0.2651 0.2651 0.0087 0.0209
251 0.1304 0.0518 0.0822 0.0506 0.6831 0.0021
252 0.0560 0.0331 0.0538 0.0347 0.8159 0.0065
253 0.2976 0.0158 0.3704 0.2842 0.0211 0.0109
254 0.3125 0.0175 0.5312 0.0692 0.0192 0.0502
255 0.6372 0.0208 0.1675 0.1143 0.0404 0.0199
256 0.2292 0.0705 0.1025 0.0374 0.5498 0.0102
257 0.2069 0.0897 0.1550 0.0811 0.4592 0.0081
258 0.0692 0.0591 0.3403 0.3005 0.0110 0.2198
259 0.1443 0.0324 0.0640 0.0862 0.6270 0.0461
260 0.0867 0.0655 0.0815 0.1167 0.6113 0.0382
261 0.1187 0.0635 0.2396 0.0760 0.4841 0.0182
262 0.0918 0.0346 0.3835 0.0911 0.3835 0.0157
263 0.1594 0.1765 0.1793 0.1698 0.2671 0.0479
264 0.2345 0.1065 0.3130 0.0598 0.2363 0.0499
265 0.1398 0.1323 0.2115 0.0868 0.3684 0.0611
266 0.0895 0.1633 0.3567 0.0998 0.2649 0.0258
267 0.1470 0.1349 0.2791 0.1035 0.3210 0.0146
268 0.0865 0.1120 0.1981 0.1289 0.4260 0.0482
269 0.0411 0.0750 0.1637 0.3547 0.2942 0.0715
270 0.0829 0.3545 0.1926 0.1782 0.1768 0.0151
271 0.1057 0.0239 0.0282 0.0243 0.8120 0.0060
272 0.1512 0.1234 0.1572 0.0427 0.4919 0.0335
273 0.2449 0.0639 0.0887 0.3508 0.2264 0.0254
274 0.0382 0.0142 0.0319 0.0153 0.8975 0.0029
275 0.0398 0.0153 0.0097 0.0141 0.9199 0.0012
276 0.0828 0.0665 0.0867 0.0742 0.6875 0.0025
277 0.0964 0.0287 0.1871 0.0516 0.6333 0.0029
278 0.0740 0.0281 0.1460 0.1935 0.5513 0.0073
279 0.1307 0.0389 0.1017 0.3579 0.3635 0.0070
