time exciting_prob fearful_prob tense_prob sad_prob relaxing_prob neutral_prob
0 0.1906 0.0237 0.0794 0.5264 0.0859 0.0944
1 0.1467 0.0261 0.0750 0.5894 0.0651 0.0977
2 0.1288 0.0226 0.0712 0.5957 0.0609 0.1210
3 0.1593 0.0311 0.0801 0.4832 0.1013 0.1450
4 0.2061 0.0974 0.1240 0.3911 0.1165 0.0649
5 0.2179 0.0214 0.0675 0.4685 0.1166 0.1079
6 0.1230 0.0453 0.0886 0.5518 0.1121 0.0795
7 0.1871 0.0386 0.0642 0.5332 0.1100 0.0667
8 0.1984 0.0426 0.0713 0.5479 0.1062 0.0339
9 0.1409 0.0194 0.0324 0.4690 0.1547 0.1837
10 0.1733 0.0090 0.0161 0.6240 0.0690 0.1085
11 0.0735 0.0457 0.0701 0.0084 0.7964 0.0058
12 0.1216 0.0779 0.0836 0.0077 0.7056 0.0036
13 0.2759 0.0539 0.0797 0.0072 0.5791 0.0043
14 0.3169 0.0701 0.1086 0.0086 0.4907 0.0048
15 0.2520 0.0328 0.0627 0.0247 0.6138 0.0142
16 0.2693 0.0714 0.0822 0.0054 0.5703 0.0013
17 0.2032 0.0423 0.0490 0.0057 0.6987 0.0011
18 0.2661 0.0858 0.1482 0.0233 0.4670 0.0095
19 0.3071 0.0614 0.2429 0.2429 0.1321 0.0135
20 0.2426 0.0935 0.0432 0.0972 0.3315 0.1919
21 0.4910 0.0814 0.0378 0.2668 0.1086 0.0144
22 0.2505 0.3879 0.2751 0.0065 0.0595 0.0202
23 0.1068 0.4094 0.3394 0.0145 0.1173 0.0127
24 0.0961 0.2849 0.4080 0.0202 0.1675 0.0234
25 0.1171 0.2639 0.3550 0.0227 0.2153 0.0259
26 0.1245 0.0241 0.0346 0.2219 0.5850 0.0101
27 0.0354 0.0301 0.0261 0.0061 0.8999 0.0026
28 0.0362 0.0164 0.0179 0.0017 0.9268 0.0011
29 0.0202 0.0128 0.0165 0.0032 0.9453 0.0021
30 0.0259 0.0291 0.0157 0.0020 0.9263 0.0013
31 0.0436 0.0413 0.0221 0.0014 0.8901 0.0011
32 0.0599 0.0739 0.0512 0.0059 0.8076 0.0016
33 0.1112 0.1848 0.1130 0.0053 0.5825 0.0032
34 0.1018 0.0496 0.0217 0.3499 0.3965 0.0806
35 0.1910 0.0772 0.5361 0.1215 0.0620 0.0123
36 0.0571 0.1285 0.0544 0.0008 0.7573 0.0017
37 0.1163 0.3018 0.1948 0.0012 0.3816 0.0042
38 0.2629 0.3271 0.1440 0.0331 0.1292 0.1038
39 0.3623 0.4509 0.0909 0.0146 0.0649 0.0164
40 0.4026 0.1692 0.1947 0.0311 0.1307 0.0717
41 0.1342 0.1936 0.1833 0.0563 0.3879 0.0446
42 0.1482 0.2140 0.2462 0.0463 0.2925 0.0529
43 0.0985 0.1295 0.3806 0.0469 0.3206 0.0240
44 0.2247 0.0439 0.0137 0.6924 0.0115 0.0139
45 0.3044 0.2076 0.1004 0.0210 0.3643 0.0021
46 0.1320 0.3616 0.3970 0.0036 0.1020 0.0039
47 0.3066 0.1415 0.1654 0.0892 0.2927 0.0045
48 0.4033 0.1094 0.1617 0.1249 0.1951 0.0054
49 0.1941 0.3655 0.2673 0.0166 0.1205 0.0362
50 0.2189 0.3015 0.2578 0.0161 0.1871 0.0185
51 0.3606 0.1991 0.1771 0.0469 0.2087 0.0075
52 0.3313 0.2578 0.1719 0.0225 0.1267 0.0898
53 0.2040 0.4023 0.1576 0.0354 0.1109 0.0898
54 0.1752 0.1880 0.1571 0.0188 0.3979 0.0630
55 0.1260 0.0776 0.2061 0.1428 0.3345 0.1129
56 0.2292 0.1829 0.1626 0.0167 0.3840 0.0246
57 0.3105 0.2896 0.1455 0.0395 0.2085 0.0065
58 0.2913 0.0968 0.2529 0.1823 0.1672 0.0097
59 0.2286 0.1500 0.2532 0.0280 0.3328 0.0076
60 0.1373 0.1736 0.0696 0.0184 0.5967 0.0043
61 0.3767 0.3052 0.1176 0.0258 0.1685 0.0063
62 0.1614 0.1218 0.1153 0.0571 0.5166 0.0276
63 0.1165 0.1508 0.0490 0.0989 0.5688 0.0159
64 0.2217 0.1355 0.3772 0.0822 0.1781 0.0054
65 0.3530 0.1818 0.0928 0.0061 0.3613 0.0048
66 0.2144 0.1095 0.3591 0.2178 0.0853 0.0139
67 0.2220 0.1490 0.1676 0.0532 0.3899 0.0182
68 0.2788 0.0898 0.0688 0.0205 0.5420 0.0002
69 0.5752 0.0889 0.1081 0.0592 0.1661 0.0022
70 0.3430 0.2032 0.1038 0.0142 0.3298 0.0059
71 0.1532 0.2264 0.3320 0.0801 0.1569 0.0513
72 0.1935 0.0415 0.0250 0.7305 0.0052 0.0044
73 0.1293 0.1039 0.1313 0.0175 0.6167 0.0012
74 0.0881 0.1880 0.4512 0.0219 0.1633 0.0875
75 0.2129 0.1140 0.1332 0.0777 0.4578 0.0047
76 0.0516 0.4900 0.4258 0.0074 0.0202 0.0050
77 0.1526 0.3281 0.3928 0.0699 0.0259 0.0305
78 0.2966 0.0693 0.1492 0.1515 0.3308 0.0025
79 0.4209 0.1727 0.1649 0.0042 0.2362 0.0010
80 0.4314 0.1411 0.2169 0.0046 0.2053 0.0008
81 0.4026 0.1516 0.2520 0.0047 0.1887 0.0005
82 0.3811 0.3037 0.2539 0.0175 0.0386 0.0051
83 0.2676 0.2551 0.2343 0.0099 0.2324 0.0008
84 0.5166 0.2329 0.2188 0.0106 0.0204 0.0007
85 0.3494 0.4963 0.1207 0.0131 0.0199 0.0006
86 0.2185 0.3865 0.1226 0.0017 0.2698 0.0007
87 0.1559 0.2529 0.0888 0.0022 0.4993 0.0010
88 0.4617 0.2913 0.1621 0.0269 0.0578 0.0004
89 0.6050 0.1494 0.1653 0.0355 0.0445 0.0006
90 0.4268 0.2031 0.3376 0.0113 0.0197 0.0015
91 0.2810 0.3665 0.3037 0.0156 0.0328 0.0005
92 0.3098 0.3274 0.3098 0.0152 0.0373 0.0004
93 0.5786 0.0748 0.1122 0.0256 0.2015 0.0071
94 0.5210 0.1190 0.1830 0.0452 0.1228 0.0088
95 0.4507 0.0702 0.1087 0.0108 0.3564 0.0032
96 0.5356 0.1272 0.1608 0.0162 0.1583 0.0020
97 0.3977 0.0901 0.2319 0.0316 0.2284 0.0201
98 0.3667 0.1067 0.2189 0.0160 0.2856 0.0063
99 0.2690 0.0867 0.4202 0.0324 0.1793 0.0124
100 0.2832 0.0739 0.3086 0.0067 0.3259 0.0014
101 0.4226 0.1165 0.2352 0.0079 0.2158 0.0021
102 0.0927 0.0913 0.4092 0.1760 0.2295 0.0014
103 0.1066 0.0744 0.5498 0.1600 0.1049 0.0042
104 0.5078 0.0565 0.1179 0.0132 0.2986 0.0060
105 0.5664 0.1116 0.1274 0.0156 0.1755 0.0034
106 0.4624 0.1324 0.1598 0.0163 0.2272 0.0019
107 0.1299 0.0470 0.2279 0.4326 0.1566 0.0059
108 0.1443 0.1432 0.2150 0.0078 0.4883 0.0015
109 0.1522 0.2147 0.2130 0.0054 0.4138 0.0009
110 0.6338 0.1085 0.1360 0.0238 0.0906 0.0072
111 0.4607 0.1483 0.2175 0.0246 0.1394 0.0095
112 0.1628 0.1616 0.2771 0.0129 0.3816 0.0039
113 0.1053 0.1156 0.1643 0.0079 0.6060 0.0010
114 0.2615 0.1315 0.3865 0.0287 0.1798 0.0119
115 0.4385 0.1434 0.1744 0.0180 0.2188 0.0068
116 0.3855 0.1451 0.2776 0.0587 0.1261 0.0069
117 0.3037 0.0544 0.0325 0.0504 0.5586 0.0006
118 0.2474 0.1115 0.1124 0.0269 0.4998 0.0020
119 0.2773 0.2014 0.1532 0.0222 0.1139 0.2318
120 0.3513 0.2097 0.1726 0.0107 0.1224 0.1333
121 0.1599 0.1587 0.0911 0.0234 0.5625 0.0043
122 0.3835 0.1587 0.1008 0.0136 0.3411 0.0021
123 0.3057 0.1357 0.3491 0.0721 0.1305 0.0068
124 0.5234 0.0803 0.3149 0.0134 0.0676 0.0005
125 0.3291 0.1906 0.1790 0.0489 0.2262 0.0262
126 0.4292 0.1707 0.2158 0.0168 0.1519 0.0157
127 0.4409 0.1355 0.2416 0.0565 0.1196 0.0060
128 0.1157 0.0713 0.0644 0.0235 0.7144 0.0104
129 0.2285 0.0874 0.0573 0.0176 0.6069 0.0022
130 0.4705 0.2578 0.2137 0.0249 0.0318 0.0013
131 0.4954 0.0645 0.3052 0.0822 0.0502 0.0025
132 0.3955 0.1263 0.3687 0.0527 0.0511 0.0057
133 0.3088 0.1680 0.4158 0.0341 0.0717 0.0017
134 0.1642 0.0586 0.0446 0.0058 0.7246 0.0023
135 0.4246 0.0667 0.4380 0.0447 0.0251 0.0010
136 0.2054 0.1218 0.1946 0.0169 0.4524 0.0091
137 0.2573 0.1853 0.0984 0.0056 0.4514 0.0020
138 0.0414 0.1400 0.7222 0.0185 0.0715 0.0062
139 0.6084 0.0637 0.2169 0.0276 0.0830 0.0003
140 0.2245 0.0240 0.0136 0.7134 0.0072 0.0174
141 0.0699 0.1126 0.5991 0.0598 0.1379 0.0205
142 0.5620 0.1040 0.1433 0.0392 0.1489 0.0023
143 0.6079 0.1770 0.1116 0.0365 0.0656 0.0012
144 0.4431 0.1069 0.1544 0.0358 0.2585 0.0012
145 0.2812 0.2993 0.2834 0.0093 0.1257 0.0012
146 0.1527 0.2556 0.1180 0.0088 0.4487 0.0163
147 0.2173 0.5093 0.1948 0.0090 0.0594 0.0102
148 0.2241 0.3552 0.3064 0.0125 0.0781 0.0236
149 0.2432 0.4724 0.1149 0.0017 0.1671 0.0009
150 0.2751 0.4683 0.1013 0.0018 0.1532 0.0004
151 0.3496 0.3901 0.0811 0.0024 0.1758 0.0009
152 0.1008 0.4180 0.3630 0.0062 0.0876 0.0241
153 0.1042 0.4219 0.3994 0.0070 0.0328 0.0349
154 0.3867 0.3521 0.1316 0.0044 0.1246 0.0004
155 0.2732 0.3975 0.1013 0.0036 0.2229 0.0018
156 0.3481 0.2712 0.1924 0.0348 0.1510 0.0025
157 0.1841 0.3633 0.2135 0.0584 0.1785 0.0023
158 0.1871 0.1917 0.3208 0.0194 0.2766 0.0043
159 0.3674 0.0958 0.2505 0.1103 0.1669 0.0091
160 0.3367 0.1459 0.1059 0.0283 0.3813 0.0020
161 0.4141 0.1559 0.0828 0.0373 0.3005 0.0093
162 0.1604 0.2883 0.2158 0.0281 0.2905 0.0169
163 0.1385 0.3567 0.2588 0.0159 0.2146 0.0155
164 0.3943 0.2264 0.1364 0.0696 0.1683 0.0049
165 0.1357 0.5449 0.2615 0.0066 0.0392 0.0119
166 0.2426 0.1210 0.4358 0.0734 0.1182 0.0090
167 0.4985 0.2668 0.1923 0.0173 0.0244 0.0006
168 0.3638 0.4744 0.1067 0.0323 0.0220 0.0010
169 0.2341 0.2148 0.1987 0.0174 0.3328 0.0023
170 0.1917 0.0371 0.0149 0.7231 0.0132 0.0199
171 0.0927 0.0392 0.0694 0.0067 0.7881 0.0037
172 0.1169 0.4377 0.3657 0.0161 0.0606 0.0031
173 0.2605 0.1555 0.4500 0.0299 0.0958 0.0082
174 0.3223 0.0620 0.0213 0.5654 0.0147 0.0145
175 0.2152 0.0726 0.0862 0.0284 0.5942 0.0034
176 0.2637 0.0682 0.0646 0.0298 0.5713 0.0021
177 0.2455 0.2759 0.3303 0.1234 0.0197 0.0052
178 0.3770 0.4238 0.0889 0.0450 0.0616 0.0037
179 0.3069 0.0663 0.1846 0.1299 0.3020 0.0103
180 0.3889 0.0991 0.2147 0.0945 0.1896 0.0132
181 0.7144 0.0568 0.0696 0.0771 0.0801 0.0021
182 0.7026 0.1580 0.0419 0.0581 0.0381 0.0014
183 0.8452 0.0492 0.0122 0.0022 0.0891 0.0019
184 0.2886 0.0329 0.0195 0.6401 0.0080 0.0107
185 0.3127 0.3516 0.2084 0.0228 0.0961 0.0083
186 0.3911 0.3118 0.0505 0.0501 0.1862 0.0103
187 0.1438 0.2389 0.1935 0.0110 0.4097 0.0032
188 0.3503 0.2209 0.0936 0.1060 0.2043 0.0250
189 0.1569 0.1231 0.1270 0.0051 0.5874 0.0006
190 0.2512 0.1897 0.1687 0.0063 0.3833 0.0007
191 0.2141 0.0872 0.1860 0.1192 0.3503 0.0432
192 0.3611 0.1154 0.0613 0.0562 0.3997 0.0065
193 0.3811 0.0768 0.0824 0.0870 0.3635 0.0091
194 0.3770 0.1293 0.1571 0.1808 0.1522 0.0038
195 0.2366 0.1515 0.1287 0.1786 0.2703 0.0346
196 0.4187 0.2725 0.1248 0.0383 0.1392 0.0065
197 0.2668 0.1078 0.1670 0.0165 0.4399 0.0019
198 0.4309 0.0583 0.0588 0.0676 0.3772 0.0071
199 0.3657 0.1742 0.1702 0.0709 0.1235 0.0955
200 0.1410 0.0225 0.0423 0.0183 0.7681 0.0079
201 0.2634 0.1755 0.1444 0.0251 0.3894 0.0021
202 0.3757 0.3640 0.1360 0.0405 0.0800 0.0038
203 0.2502 0.1393 0.2815 0.1164 0.1616 0.0508
204 0.0185 0.3955 0.3130 0.1388 0.1245 0.0098
205 0.0149 0.4961 0.2271 0.0269 0.2343 0.0008
206 0.0226 0.4541 0.2979 0.0429 0.1807 0.0019
207 0.0382 0.2939 0.4412 0.1700 0.0535 0.0030
208 0.0417 0.5283 0.2917 0.0357 0.1016 0.0012
209 0.0382 0.2937 0.2593 0.1810 0.2252 0.0024
210 0.0636 0.2808 0.3718 0.2021 0.0756 0.0062
211 0.0659 0.0701 0.0638 0.0198 0.7773 0.0032
212 0.0119 0.3303 0.5034 0.0597 0.0939 0.0008
213 0.0826 0.2795 0.4197 0.0795 0.1362 0.0026
214 0.0553 0.4668 0.3284 0.0652 0.0824 0.0021
215 0.0344 0.3694 0.2499 0.2703 0.0688 0.0073
216 0.0511 0.4697 0.1305 0.0677 0.2805 0.0005
217 0.0471 0.2197 0.3147 0.2267 0.1851 0.0066
218 0.0304 0.1012 0.1183 0.6914 0.0509 0.0077
219 0.0698 0.0656 0.2184 0.4277 0.2117 0.0068
220 0.0846 0.2128 0.1605 0.1395 0.4006 0.0020
221 0.0591 0.1028 0.3940 0.1862 0.2505 0.0073
222 0.0521 0.0806 0.4568 0.3240 0.0554 0.0311
223 0.0415 0.0949 0.2542 0.5132 0.0851 0.0113
224 0.0624 0.1353 0.2448 0.0746 0.4792 0.0036
225 0.0640 0.0476 0.0552 0.0171 0.8115 0.0046
226 0.0649 0.0975 0.4167 0.3621 0.0522 0.0067
227 0.0473 0.1002 0.2367 0.5332 0.0793 0.0030
228 0.1569 0.3000 0.4648 0.0403 0.0364 0.0016
229 0.0409 0.3425 0.1165 0.0217 0.4756 0.0028
230 0.1172 0.1470 0.0913 0.0088 0.6338 0.0020
231 0.0417 0.5854 0.2441 0.0069 0.1126 0.0090
232 0.0876 0.3660 0.1769 0.0086 0.3438 0.0172
233 0.0861 0.2081 0.0828 0.0038 0.6167 0.0026
234 0.0439 0.1416 0.1791 0.5601 0.0609 0.0142
235 0.1185 0.2935 0.4236 0.0309 0.1322 0.0014
236 0.1235 0.1727 0.4080 0.0810 0.2117 0.0030
237 0.0789 0.3792 0.4036 0.0396 0.0966 0.0020
238 0.0735 0.0680 0.3093 0.0887 0.4363 0.0240
239 0.1129 0.0764 0.3425 0.0814 0.3479 0.0390
240 0.0684 0.0663 0.3066 0.0550 0.4602 0.0435
241 0.1161 0.4116 0.2308 0.0087 0.2308 0.0020
242 0.0763 0.4861 0.2157 0.0044 0.2157 0.0018
243 0.0600 0.2773 0.4832 0.0381 0.1406 0.0006
244 0.0701 0.2192 0.1906 0.0124 0.5059 0.0019
245 0.0615 0.1440 0.1486 0.2031 0.3735 0.0691
246 0.0742 0.1881 0.0556 0.0078 0.6719 0.0024
247 0.1064 0.5200 0.2101 0.0200 0.1346 0.0089
248 0.0253 0.1528 0.2441 0.4219 0.1458 0.0102
249 0.0445 0.2104 0.3694 0.0864 0.2876 0.0018
250 0.1591 0.3584 0.3291 0.0331 0.1201 0.0002
251 0.0689 0.0806 0.3040 0.3391 0.1902 0.0173
252 0.2678 0.2786 0.2438 0.0245 0.1841 0.0014
253 0.1890 0.0384 0.1240 0.6006 0.0226 0.0256
254 0.0456 0.0679 0.2191 0.0504 0.6147 0.0023
255 0.0736 0.2250 0.3857 0.0731 0.2413 0.0014
256 0.2289 0.1868 0.1455 0.0182 0.4016 0.0189
257 0.0581 0.1085 0.1628 0.5176 0.1415 0.0113
258 0.0885 0.1719 0.3997 0.0470 0.2925 0.0007
259 0.0587 0.1007 0.2234 0.0625 0.5527 0.0017
260 0.0246 0.0609 0.0393 0.0175 0.8540 0.0037
261 0.1111 0.3372 0.3674 0.1020 0.0807 0.0018
262 0.0877 0.1256 0.1691 0.5811 0.0190 0.0175
263 0.0551 0.0429 0.2017 0.6211 0.0697 0.0094
264 0.0286 0.0925 0.4209 0.4275 0.0210 0.0097
265 0.0699 0.1135 0.4351 0.1758 0.2023 0.0034
266 0.1172 0.1277 0.4973 0.0964 0.1589 0.0022
267 0.0791 0.0430 0.3599 0.4016 0.0282 0.0882
268 0.1963 0.0956 0.2600 0.2683 0.1482 0.0316
269 0.1256 0.1338 0.3389 0.1296 0.2598 0.0122
270 0.1653 0.1209 0.4124 0.1339 0.1653 0.0022
271 0.0533 0.0508 0.2620 0.5996 0.0148 0.0193
272 0.0665 0.1431 0.2715 0.4546 0.0213 0.0430
273 0.0287 0.2766 0.1527 0.5166 0.0188 0.0066
274 0.0360 0.4121 0.2539 0.2539 0.0371 0.0070
275 0.0089 0.3955 0.1714 0.3894 0.0307 0.0040
276 0.0278 0.2024 0.2639 0.4419 0.0553 0.0087
277 0.0055 0.5391 0.2178 0.2283 0.0054 0.0039
278 0.0061 0.4963 0.2308 0.2576 0.0056 0.0038
279 0.1871 0.0898 0.0830 0.2764 0.0504 0.3132
280 0.4766 0.2002 0.0953 0.1243 0.0909 0.0127
281 0.4788 0.1996 0.0943 0.1240 0.0907 0.0127
282 0.6357 0.2451 0.0400 0.0145 0.0630 0.0014
283 0.6357 0.2451 0.0400 0.0145 0.0630 0.0014
284 0.6421 0.2399 0.0404 0.0147 0.0616 0.0014
285 0.6421 0.2399 0.0404 0.0147 0.0616 0.0014
286 0.6421 0.2399 0.0404 0.0147 0.0616 0.0014
287 0.6421 0.2399 0.0404 0.0147 0.0616 0.0014
288 0.6421 0.2399 0.0404 0.0147 0.0616 0.0014
289 0.6421 0.2399 0.0404 0.0147 0.0616 0.0014
