time exciting_prob fearful_prob tense_prob sad_prob relaxing_prob neutral_prob
0 0.1136 0.1553 0.1349 0.1288 0.0181 0.4492
1 0.1136 0.1553 0.1349 0.1288 0.0181 0.4492
2 0.5547 0.1136 0.0306 0.1482 0.1459 0.0070
3 0.4973 0.0949 0.0562 0.1528 0.1759 0.0227
4 0.1901 0.1842 0.5205 0.0804 0.0147 0.0101
5 0.2612 0.1881 0.4805 0.0465 0.0150 0.0087
6 0.1670 0.1606 0.4470 0.1805 0.0246 0.0203
7 0.1493 0.0366 0.1746 0.2661 0.3582 0.0151
8 0.2147 0.0681 0.0999 0.5273 0.0543 0.0359
9 0.1290 0.0582 0.4575 0.2776 0.0670 0.0108
10 0.1373 0.0944 0.3401 0.3914 0.0329 0.0040
11 0.2651 0.2048 0.4106 0.0277 0.0874 0.0043
12 0.0146 0.1064 0.1263 0.5752 0.1754 0.0024
13 0.0424 0.0484 0.5991 0.2346 0.0503 0.0253
14 0.0233 0.0173 0.0285 0.1543 0.7715 0.0050
15 0.0518 0.0867 0.2213 0.5479 0.0696 0.0230
16 0.0797 0.0098 0.2068 0.3462 0.3516 0.0059
17 0.0377 0.1467 0.2036 0.1913 0.4114 0.0094
18 0.0100 0.0835 0.2416 0.5034 0.0078 0.1536
19 0.1048 0.0666 0.3079 0.4275 0.0480 0.0451
20 0.0476 0.1444 0.2101 0.3411 0.2004 0.0565
21 0.0858 0.2224 0.1602 0.2642 0.2642 0.0036
22 0.0500 0.0891 0.1218 0.2422 0.4814 0.0155
23 0.0682 0.0961 0.4111 0.0773 0.3152 0.0322
24 0.0622 0.1857 0.4316 0.0948 0.1915 0.0343
25 0.3821 0.0403 0.2817 0.0770 0.1777 0.0412
26 0.4309 0.0720 0.2019 0.1000 0.1912 0.0040
27 0.4805 0.0687 0.1781 0.0698 0.1987 0.0044
28 0.4644 0.1230 0.1086 0.1384 0.1617 0.0037
29 0.0720 0.0531 0.2084 0.1548 0.1838 0.3279
30 0.1533 0.1021 0.2732 0.1104 0.0747 0.2864
31 0.1766 0.1633 0.2377 0.1195 0.0461 0.2568
32 0.1285 0.1676 0.2556 0.1729 0.0636 0.2118
33 0.1218 0.2539 0.3752 0.1026 0.0303 0.1162
34 0.0747 0.0514 0.5967 0.1792 0.0834 0.0145
35 0.0948 0.0524 0.3062 0.4968 0.0343 0.0157
36 0.0628 0.1310 0.3560 0.3850 0.0419 0.0235
37 0.3044 0.1532 0.3022 0.1362 0.0226 0.0814
38 0.2668 0.0290 0.2430 0.2886 0.0530 0.1194
39 0.2017 0.1038 0.5977 0.0556 0.0273 0.0141
40 0.1581 0.2095 0.0952 0.4299 0.0595 0.0479
41 0.1299 0.0344 0.1164 0.1775 0.3066 0.2351
42 0.1481 0.0804 0.0739 0.1423 0.2832 0.2722
43 0.0469 0.0726 0.1274 0.0454 0.6577 0.0499
44 0.0715 0.1125 0.2739 0.0749 0.3203 0.1467
45 0.0053 0.3333 0.1346 0.5083 0.0049 0.0135
46 0.0075 0.3972 0.2487 0.3093 0.0217 0.0154
47 0.0072 0.2023 0.1390 0.6328 0.0055 0.0131
48 0.3259 0.0818 0.4490 0.0459 0.0864 0.0112
49 0.3064 0.0689 0.3638 0.1918 0.0257 0.0435
50 0.2428 0.0944 0.5303 0.0782 0.0288 0.0254
51 0.2163 0.1176 0.0895 0.2032 0.3679 0.0055
52 0.1798 0.1295 0.0503 0.2069 0.4314 0.0022
53 0.0173 0.0365 0.1465 0.7793 0.0119 0.0084
54 0.0294 0.0762 0.2878 0.5376 0.0313 0.0378
55 0.0991 0.0714 0.2452 0.5483 0.0300 0.0059
56 0.6802 0.0554 0.0482 0.1309 0.0658 0.0195
57 0.1849 0.2710 0.2864 0.1251 0.1290 0.0035
58 0.2250 0.1725 0.2800 0.1571 0.1583 0.0072
59 0.1091 0.0263 0.0469 0.5713 0.2102 0.0360
60 0.0781 0.0488 0.3782 0.4421 0.0261 0.0266
61 0.2236 0.0276 0.1688 0.5200 0.0424 0.0177
62 0.3291 0.0266 0.1654 0.1846 0.0460 0.2484
63 0.1907 0.0304 0.2605 0.3347 0.0155 0.1682
64 0.1351 0.0406 0.5601 0.1708 0.0886 0.0052
65 0.3943 0.0624 0.1619 0.2607 0.0833 0.0375
66 0.4434 0.1005 0.2864 0.1070 0.0264 0.0364
67 0.5479 0.1046 0.1570 0.1046 0.0753 0.0108
68 0.4263 0.1021 0.2283 0.1656 0.0482 0.0295
69 0.3748 0.0890 0.4116 0.0211 0.0925 0.0111
70 0.1449 0.0501 0.5059 0.2175 0.0706 0.0113
71 0.1151 0.0307 0.1016 0.6123 0.0709 0.0693
72 0.0756 0.1050 0.4026 0.3723 0.0272 0.0174
73 0.4358 0.1339 0.2856 0.0418 0.0942 0.0086
74 0.0360 0.0462 0.1198 0.0602 0.6577 0.0798
75 0.0643 0.0604 0.0313 0.0449 0.7705 0.0287
76 0.1748 0.0442 0.1259 0.1060 0.5059 0.0435
77 0.0769 0.0489 0.0886 0.2191 0.5425 0.0242
78 0.0419 0.0347 0.2299 0.6348 0.0482 0.0107
79 0.0319 0.0212 0.3022 0.2505 0.0181 0.3760
80 0.0361 0.0193 0.2544 0.3022 0.0403 0.3477
81 0.4836 0.1780 0.0983 0.0319 0.1595 0.0486
82 0.1616 0.0318 0.2502 0.4604 0.0851 0.0107
83 0.0652 0.3135 0.1026 0.3186 0.1815 0.0185
84 0.0670 0.0702 0.4434 0.2607 0.0192 0.1395
85 0.0859 0.1289 0.4160 0.2446 0.0159 0.1086
86 0.1367 0.0300 0.3228 0.4412 0.0597 0.0094
87 0.1797 0.0184 0.2418 0.5366 0.0155 0.0083
88 0.1959 0.0223 0.4021 0.3281 0.0424 0.0092
89 0.2054 0.0156 0.4629 0.1306 0.1757 0.0099
90 0.4734 0.0862 0.0677 0.0992 0.2101 0.0635
91 0.4211 0.0626 0.1216 0.1335 0.1611 0.1000
92 0.1299 0.1128 0.2042 0.4824 0.0695 0.0012
93 0.1131 0.0468 0.3171 0.3887 0.1096 0.0247
94 0.0782 0.0242 0.0537 0.6650 0.0770 0.1020
95 0.0720 0.0709 0.2288 0.5659 0.0543 0.0080
96 0.6221 0.0338 0.0126 0.1597 0.1160 0.0561
97 0.5605 0.1385 0.1737 0.0551 0.0610 0.0109
98 0.1671 0.0342 0.1261 0.6406 0.0260 0.0062
99 0.5474 0.1952 0.1373 0.0538 0.0605 0.0060
100 0.4795 0.0436 0.0707 0.2507 0.1486 0.0067
101 0.5674 0.0504 0.0683 0.1401 0.1718 0.0021
102 0.1603 0.1816 0.3640 0.2157 0.0541 0.0242
103 0.2345 0.1316 0.4927 0.0593 0.0656 0.0163
104 0.2795 0.1028 0.4194 0.0572 0.1174 0.0237
105 0.4785 0.1591 0.1591 0.0201 0.0878 0.0957
106 0.4360 0.1174 0.1230 0.0435 0.2297 0.0505
107 0.4778 0.1058 0.1539 0.0414 0.1857 0.0354
108 0.2974 0.2751 0.1260 0.0493 0.2446 0.0076
109 0.1763 0.2883 0.1891 0.0419 0.2952 0.0091
110 0.2476 0.1729 0.3716 0.1073 0.0698 0.0310
111 0.1569 0.1406 0.3647 0.1311 0.1497 0.0568
112 0.0972 0.1603 0.5093 0.0781 0.1128 0.0421
113 0.1021 0.2607 0.2649 0.2062 0.0199 0.1462
114 0.3845 0.0580 0.1309 0.1371 0.0294 0.2603
115 0.2581 0.0442 0.1163 0.0290 0.0851 0.4673
116 0.4219 0.1528 0.1843 0.0751 0.1296 0.0363
117 0.5469 0.1707 0.0546 0.0301 0.1566 0.0412
118 0.4121 0.1553 0.2040 0.0459 0.1190 0.0637
119 0.5146 0.0281 0.0814 0.1619 0.1261 0.0880
120 0.3381 0.0487 0.0984 0.0635 0.0910 0.3601
121 0.5254 0.0541 0.1874 0.0920 0.0520 0.0892
122 0.3516 0.1273 0.2341 0.0289 0.2360 0.0223
123 0.4666 0.0994 0.2103 0.0941 0.0876 0.0421
124 0.0712 0.0370 0.4229 0.2817 0.1736 0.0138
125 0.0774 0.0294 0.2786 0.5127 0.0891 0.0130
126 0.0693 0.0303 0.1663 0.6680 0.0593 0.0066
127 0.0984 0.0472 0.2761 0.4482 0.1265 0.0033
128 0.3894 0.1989 0.1345 0.1245 0.0829 0.0698
129 0.3074 0.1780 0.3003 0.0494 0.0802 0.0847
130 0.2224 0.0585 0.0775 0.1470 0.2090 0.2856
131 0.2471 0.0526 0.1387 0.4011 0.0543 0.1063
132 0.1628 0.0942 0.2859 0.3042 0.0599 0.0928
133 0.1891 0.1183 0.1321 0.1876 0.2428 0.1300
134 0.2104 0.2703 0.3691 0.0927 0.0389 0.0187
135 0.0575 0.0434 0.4812 0.3630 0.0116 0.0434
136 0.0314 0.0177 0.1998 0.6250 0.0030 0.1231
137 0.0622 0.0603 0.3110 0.5210 0.0383 0.0073
138 0.0151 0.0743 0.4019 0.4697 0.0034 0.0356
139 0.1138 0.0497 0.4790 0.2861 0.0387 0.0326
140 0.1095 0.0072 0.4985 0.2014 0.1777 0.0056
141 0.1985 0.0730 0.2356 0.0967 0.3123 0.0840
142 0.0965 0.1173 0.2407 0.1460 0.1471 0.2522
143 0.4961 0.1624 0.0889 0.1000 0.0816 0.0709
144 0.0941 0.0971 0.3086 0.1033 0.3086 0.0884
145 0.0326 0.0679 0.5425 0.1964 0.0988 0.0618
146 0.6152 0.0908 0.1891 0.0334 0.0654 0.0062
147 0.2496 0.0933 0.3105 0.2085 0.1116 0.0263
148 0.1787 0.0390 0.2332 0.4709 0.0306 0.0477
149 0.0471 0.2954 0.1848 0.4038 0.0049 0.0639
150 0.0271 0.3467 0.1826 0.3413 0.0062 0.0963
151 0.2605 0.1270 0.1543 0.1111 0.1951 0.1520
152 0.0892 0.0608 0.0695 0.5254 0.0360 0.2190
153 0.0373 0.3542 0.3079 0.2891 0.0035 0.0080
154 0.0186 0.2373 0.1656 0.5518 0.0054 0.0212
155 0.1120 0.2299 0.1876 0.3560 0.0422 0.0723
156 0.0872 0.1102 0.1760 0.5771 0.0262 0.0235
157 0.5088 0.0699 0.2385 0.0756 0.0632 0.0438
158 0.5640 0.0349 0.2107 0.1102 0.0463 0.0339
159 0.3025 0.0922 0.3945 0.1261 0.0321 0.0526
160 0.3254 0.0876 0.3518 0.1400 0.0325 0.0626
161 0.3586 0.0486 0.2974 0.2262 0.0482 0.0209
162 0.4026 0.0956 0.1692 0.2539 0.0694 0.0093
163 0.0378 0.0486 0.3589 0.3022 0.0133 0.2391
164 0.0724 0.0959 0.1709 0.3401 0.1271 0.1937
165 0.1639 0.0964 0.1381 0.3813 0.1127 0.1075
166 0.1594 0.2886 0.1140 0.4072 0.0288 0.0020
167 0.0693 0.2004 0.1216 0.5757 0.0210 0.0121
168 0.0838 0.0580 0.1578 0.5254 0.0290 0.1459
169 0.1406 0.2487 0.4871 0.0331 0.0712 0.0193
170 0.3250 0.0968 0.5073 0.0194 0.0397 0.0118
171 0.0893 0.2043 0.1642 0.1860 0.0244 0.3318
172 0.2467 0.1593 0.2194 0.0680 0.2013 0.1053
173 0.2260 0.1963 0.3162 0.0124 0.2386 0.0107
174 0.0642 0.0445 0.8589 0.0174 0.0115 0.0037
175 0.5098 0.1790 0.1846 0.0470 0.0643 0.0155
176 0.2505 0.1721 0.4160 0.0839 0.0576 0.0199
177 0.1191 0.0445 0.2091 0.5259 0.0872 0.0142
178 0.0285 0.1600 0.5767 0.2087 0.0217 0.0045
179 0.0351 0.0213 0.7861 0.1431 0.0023 0.0123
180 0.4314 0.1170 0.1490 0.2419 0.0225 0.0380
181 0.7061 0.0870 0.1033 0.0455 0.0540 0.0042
182 0.5020 0.0550 0.1426 0.1220 0.1720 0.0066
183 0.3691 0.1295 0.1677 0.2274 0.0335 0.0727
184 0.5264 0.1722 0.0735 0.0186 0.1863 0.0228
185 0.4014 0.2181 0.1442 0.0472 0.1150 0.0742
186 0.1956 0.1621 0.2360 0.3596 0.0072 0.0394
187 0.2163 0.1765 0.3074 0.2113 0.0050 0.0834
188 0.3479 0.1520 0.1951 0.2029 0.0196 0.0826
189 0.3108 0.2458 0.2920 0.0710 0.0269 0.0536
190 0.0724 0.1071 0.3352 0.3857 0.0635 0.0362
191 0.2278 0.0604 0.5254 0.1426 0.0281 0.0157
192 0.2356 0.0967 0.5396 0.0975 0.0176 0.0132
193 0.1221 0.0644 0.6973 0.0887 0.0071 0.0202
194 0.0436 0.0160 0.0494 0.6606 0.0091 0.2213
195 0.0286 0.0177 0.0296 0.8242 0.0046 0.0954
196 0.0744 0.0191 0.0636 0.5244 0.0150 0.3035
197 0.5273 0.1243 0.0939 0.0510 0.1971 0.0060
198 0.2351 0.3613 0.2279 0.1111 0.0369 0.0276
199 0.1925 0.0854 0.2251 0.4441 0.0257 0.0273
200 0.2386 0.1553 0.1815 0.2462 0.0524 0.1257
201 0.0682 0.1107 0.5620 0.2306 0.0189 0.0097
202 0.2086 0.2186 0.1959 0.3333 0.0289 0.0145
203 0.1343 0.0332 0.3350 0.4724 0.0168 0.0083
204 0.0256 0.0936 0.0674 0.7246 0.0101 0.0788
205 0.0238 0.1307 0.1505 0.5679 0.0039 0.1229
206 0.0895 0.1523 0.2673 0.3540 0.0045 0.1323
207 0.1245 0.2117 0.1782 0.2361 0.0059 0.2437
208 0.3252 0.1489 0.3303 0.0597 0.1315 0.0044
209 0.4202 0.2394 0.1440 0.0990 0.0923 0.0052
210 0.1833 0.3821 0.2144 0.1351 0.0753 0.0099
211 0.2245 0.2688 0.1416 0.2390 0.1077 0.0186
212 0.2800 0.2017 0.1534 0.1354 0.2197 0.0097
213 0.1100 0.1692 0.1692 0.1127 0.0070 0.4319
214 0.0840 0.1750 0.3169 0.1078 0.0043 0.3120
215 0.1887 0.0285 0.5376 0.1589 0.0585 0.0276
216 0.2937 0.1409 0.4272 0.0946 0.0295 0.0140
217 0.2230 0.1104 0.4797 0.1301 0.0450 0.0117
218 0.3330 0.0829 0.1754 0.3276 0.0356 0.0454
219 0.4800 0.1014 0.1333 0.2471 0.0190 0.0193
220 0.0512 0.0520 0.2810 0.5674 0.0380 0.0103
221 0.1129 0.0634 0.1183 0.5557 0.1450 0.0048
222 0.1608 0.0522 0.1632 0.1533 0.0337 0.4368
223 0.2108 0.0819 0.1580 0.0764 0.0196 0.4534
224 0.0389 0.0349 0.1718 0.1296 0.0059 0.6187
225 0.0637 0.1084 0.2025 0.1019 0.0061 0.5171
226 0.1041 0.1008 0.6836 0.0876 0.0161 0.0076
227 0.1730 0.1445 0.5327 0.0985 0.0451 0.0063
228 0.1429 0.1646 0.5566 0.0815 0.0464 0.0078
229 0.1131 0.1835 0.6162 0.0514 0.0256 0.0104
230 0.5146 0.1261 0.1533 0.0724 0.1046 0.0288
231 0.1829 0.1423 0.3870 0.1976 0.0289 0.0612
232 0.0632 0.4250 0.2172 0.2744 0.0120 0.0082
233 0.1290 0.4363 0.2263 0.1848 0.0117 0.0118
234 0.5020 0.0735 0.1221 0.1036 0.1655 0.0334
235 0.4712 0.1110 0.0781 0.0872 0.1803 0.0723
236 0.5903 0.0775 0.0637 0.0678 0.1577 0.0428
237 0.4746 0.1577 0.1932 0.0313 0.0251 0.1181
238 0.5220 0.1906 0.1862 0.0186 0.0221 0.0605
239 0.2585 0.0432 0.3022 0.2467 0.1240 0.0252
240 0.3750 0.0927 0.3635 0.0377 0.1218 0.0093
241 0.1522 0.1204 0.4651 0.0649 0.1836 0.0137
242 0.0982 0.1166 0.6870 0.0559 0.0250 0.0172
243 0.2532 0.1334 0.4768 0.1015 0.0213 0.0137
244 0.1268 0.0438 0.1603 0.5015 0.0122 0.1554
245 0.3291 0.0328 0.5513 0.0505 0.0246 0.0117
246 0.6885 0.1056 0.1313 0.0195 0.0060 0.0491
247 0.1121 0.1556 0.1351 0.1290 0.0180 0.4502
