time exciting_prob fearful_prob tense_prob sad_prob relaxing_prob neutral_prob
0 0.1136 0.1553 0.1349 0.1288 0.0181 0.4492
1 0.1337 0.2458 0.2498 0.3108 0.0343 0.0257
2 0.2250 0.1385 0.1131 0.3948 0.0136 0.1149
3 0.1338 0.2788 0.1746 0.3210 0.0202 0.0716
4 0.2095 0.2773 0.1486 0.2527 0.0361 0.0759
5 0.1277 0.2242 0.3755 0.2009 0.0333 0.0384
6 0.1288 0.1248 0.1680 0.4355 0.0123 0.1307
7 0.1121 0.1373 0.1819 0.4868 0.0192 0.0629
8 0.0223 0.6934 0.1725 0.0923 0.0092 0.0104
9 0.0933 0.5762 0.1152 0.2086 0.0060 0.0007
10 0.0533 0.6802 0.0576 0.1964 0.0102 0.0022
11 0.0471 0.5610 0.1261 0.2489 0.0131 0.0037
12 0.0255 0.5713 0.1885 0.1975 0.0146 0.0026
13 0.1160 0.3628 0.1882 0.3057 0.0211 0.0062
14 0.0545 0.5459 0.1614 0.2139 0.0085 0.0159
15 0.0626 0.2676 0.2634 0.3601 0.0046 0.0417
16 0.1864 0.3350 0.1261 0.3147 0.0164 0.0216
17 0.0378 0.2211 0.1028 0.3506 0.0148 0.2729
18 0.1180 0.1676 0.0622 0.6377 0.0078 0.0067
19 0.0801 0.6016 0.1968 0.0981 0.0179 0.0057
20 0.1785 0.0455 0.0562 0.6948 0.0150 0.0098
21 0.2732 0.0551 0.0113 0.5391 0.0258 0.0959
22 0.2886 0.0339 0.0195 0.5967 0.0277 0.0334
23 0.0292 0.6797 0.1493 0.1298 0.0077 0.0042
24 0.0546 0.5874 0.2954 0.0568 0.0038 0.0022
25 0.0285 0.6792 0.1857 0.0864 0.0145 0.0055
26 0.0848 0.7212 0.0809 0.1089 0.0033 0.0007
27 0.0999 0.6987 0.1499 0.0416 0.0092 0.0005
28 0.0738 0.4246 0.1688 0.3057 0.0166 0.0105
29 0.0293 0.4551 0.1133 0.2634 0.0144 0.1245
30 0.1464 0.0888 0.6260 0.0968 0.0052 0.0367
31 0.1674 0.1713 0.5532 0.0778 0.0080 0.0225
32 0.2238 0.2496 0.4966 0.0213 0.0077 0.0010
33 0.2241 0.1858 0.5635 0.0127 0.0090 0.0048
34 0.2296 0.2157 0.5015 0.0290 0.0155 0.0085
35 0.2430 0.1078 0.5830 0.0471 0.0079 0.0108
36 0.3928 0.1885 0.2637 0.1091 0.0349 0.0113
37 0.3203 0.3630 0.2634 0.0317 0.0191 0.0023
38 0.2407 0.4094 0.2583 0.0594 0.0122 0.0201
39 0.1962 0.3694 0.2969 0.0844 0.0272 0.0259
40 0.1830 0.3162 0.2385 0.2106 0.0389 0.0129
41 0.5918 0.2194 0.1310 0.0425 0.0063 0.0091
42 0.7075 0.1681 0.0706 0.0347 0.0170 0.0022
43 0.5918 0.2708 0.0707 0.0415 0.0244 0.0009
44 0.3052 0.1283 0.0778 0.4512 0.0070 0.0305
45 0.2456 0.1367 0.4446 0.1478 0.0202 0.0052
46 0.3225 0.2759 0.1536 0.1465 0.0205 0.0809
47 0.3269 0.3823 0.0316 0.1417 0.0702 0.0471
48 0.1686 0.1409 0.1072 0.4692 0.0293 0.0848
49 0.1914 0.1357 0.5625 0.0593 0.0308 0.0203
50 0.4617 0.3149 0.1387 0.0420 0.0385 0.0045
51 0.0724 0.1968 0.0286 0.5474 0.0086 0.1462
52 0.2401 0.4775 0.1074 0.1562 0.0095 0.0092
53 0.1400 0.4963 0.1134 0.2118 0.0074 0.0310
54 0.3037 0.2155 0.4561 0.0187 0.0038 0.0023
55 0.2271 0.1700 0.3462 0.1675 0.0056 0.0836
56 0.1940 0.0895 0.1621 0.4875 0.0506 0.0162
57 0.0607 0.2052 0.0527 0.6128 0.0320 0.0368
58 0.3792 0.1544 0.1417 0.1923 0.1222 0.0102
59 0.0834 0.1823 0.0249 0.6611 0.0094 0.0388
60 0.2566 0.0989 0.0572 0.5518 0.0231 0.0127
61 0.1826 0.0798 0.0261 0.6733 0.0092 0.0291
62 0.0841 0.0436 0.0436 0.5747 0.0144 0.2396
63 0.1530 0.1102 0.0248 0.6191 0.0105 0.0825
64 0.1376 0.0601 0.0267 0.7153 0.0247 0.0359
65 0.0984 0.3684 0.0855 0.3984 0.0105 0.0385
66 0.0804 0.2966 0.1316 0.4451 0.0108 0.0354
67 0.1236 0.2382 0.0532 0.5327 0.0101 0.0424
68 0.1403 0.2241 0.0369 0.5171 0.0118 0.0699
69 0.1429 0.1185 0.0273 0.6714 0.0112 0.0286
70 0.0983 0.5273 0.1088 0.1158 0.1396 0.0103
71 0.6313 0.1699 0.1205 0.0687 0.0078 0.0021
72 0.3289 0.2424 0.1470 0.2622 0.0102 0.0095
73 0.0366 0.3501 0.3726 0.2225 0.0115 0.0066
74 0.1370 0.2402 0.0267 0.5415 0.0112 0.0434
75 0.2017 0.1671 0.0279 0.4990 0.0097 0.0945
76 0.1340 0.1709 0.0219 0.5303 0.0198 0.1230
77 0.1407 0.1836 0.1022 0.5273 0.0110 0.0353
78 0.0583 0.1367 0.0641 0.5000 0.0371 0.2036
79 0.0581 0.0928 0.0256 0.7412 0.0040 0.0781
80 0.0484 0.1180 0.0123 0.5903 0.0139 0.2172
81 0.0856 0.2136 0.0205 0.5371 0.0251 0.1180
82 0.0992 0.3306 0.0557 0.4448 0.0091 0.0607
83 0.0205 0.3184 0.0247 0.4285 0.0057 0.2024
84 0.0648 0.1495 0.0428 0.5962 0.0493 0.0973
85 0.0355 0.1735 0.0517 0.4194 0.0176 0.3022
86 0.0561 0.2067 0.0630 0.5796 0.0084 0.0862
87 0.1777 0.2976 0.0605 0.3975 0.0165 0.0501
88 0.2771 0.4788 0.0558 0.1506 0.0294 0.0082
89 0.2367 0.2423 0.0831 0.3994 0.0092 0.0294
90 0.1954 0.3223 0.1214 0.3403 0.0047 0.0158
91 0.1318 0.3264 0.0456 0.4602 0.0096 0.0266
92 0.2130 0.1910 0.0275 0.5112 0.0233 0.0340
93 0.1022 0.1272 0.3052 0.3682 0.0353 0.0620
94 0.1877 0.2546 0.0256 0.3562 0.0152 0.1606
95 0.1849 0.0880 0.0997 0.5308 0.0937 0.0029
96 0.2161 0.1251 0.0135 0.5967 0.0406 0.0080
97 0.2559 0.1277 0.0411 0.5010 0.0576 0.0168
98 0.1149 0.1418 0.0192 0.6562 0.0510 0.0168
99 0.4192 0.1128 0.1361 0.2091 0.1035 0.0193
100 0.2754 0.1311 0.0498 0.4910 0.0479 0.0047
101 0.1707 0.2124 0.1136 0.4495 0.0418 0.0120
102 0.0192 0.1431 0.1243 0.2673 0.0322 0.4141
103 0.5449 0.3103 0.0338 0.0803 0.0278 0.0031
104 0.0870 0.1625 0.0343 0.5850 0.0263 0.1049
105 0.0577 0.2952 0.0109 0.5103 0.0176 0.1086
106 0.2444 0.2500 0.1448 0.3391 0.0134 0.0082
107 0.1212 0.1936 0.0997 0.5430 0.0154 0.0270
108 0.1803 0.1949 0.0648 0.5215 0.0347 0.0037
109 0.0168 0.0640 0.1388 0.3176 0.0077 0.4551
110 0.1482 0.6050 0.0217 0.1404 0.0231 0.0618
111 0.0522 0.0373 0.1176 0.6558 0.0200 0.1176
112 0.0318 0.0501 0.1044 0.6294 0.0148 0.1694
113 0.2817 0.3293 0.0623 0.2410 0.0833 0.0025
114 0.2081 0.2571 0.0510 0.4075 0.0645 0.0119
115 0.1497 0.1967 0.0246 0.5518 0.0270 0.0505
116 0.2654 0.1315 0.0917 0.4587 0.0491 0.0035
117 0.2069 0.1378 0.1715 0.4246 0.0462 0.0131
118 0.2006 0.2119 0.0338 0.5122 0.0303 0.0111
119 0.1019 0.5469 0.0358 0.2644 0.0063 0.0449
120 0.1937 0.1013 0.3000 0.3401 0.0177 0.0471
121 0.3291 0.2209 0.3728 0.0563 0.0180 0.0029
122 0.3770 0.2098 0.3276 0.0714 0.0117 0.0025
123 0.3501 0.0878 0.3613 0.1483 0.0240 0.0285
124 0.2922 0.2106 0.4600 0.0222 0.0144 0.0006
125 0.3252 0.1284 0.4958 0.0255 0.0175 0.0075
126 0.3518 0.1410 0.4517 0.0241 0.0280 0.0033
127 0.3906 0.1790 0.3906 0.0206 0.0080 0.0111
128 0.2301 0.0376 0.0735 0.6255 0.0089 0.0246
129 0.4595 0.2786 0.1689 0.0462 0.0333 0.0135
130 0.1002 0.0768 0.0566 0.5332 0.1002 0.1328
131 0.0961 0.0616 0.0430 0.6670 0.1039 0.0282
132 0.0639 0.0644 0.0293 0.3882 0.4331 0.0211
133 0.0580 0.0558 0.0126 0.7407 0.0139 0.1190
134 0.0390 0.1289 0.0123 0.7417 0.0094 0.0690
135 0.0489 0.2349 0.1190 0.3755 0.0431 0.1787
136 0.0441 0.3013 0.0721 0.2764 0.0584 0.2478
137 0.0397 0.3792 0.0497 0.4165 0.0095 0.1053
138 0.1399 0.0507 0.0287 0.6782 0.0687 0.0340
139 0.1099 0.1108 0.0579 0.5244 0.0346 0.1625
140 0.0781 0.1616 0.0775 0.5728 0.0369 0.0728
141 0.0248 0.1185 0.0086 0.7256 0.0068 0.1157
142 0.0666 0.1016 0.0280 0.7163 0.0098 0.0779
143 0.1273 0.2324 0.0174 0.4998 0.0099 0.1133
144 0.1530 0.2622 0.1102 0.3643 0.0550 0.0554
145 0.1271 0.1521 0.1166 0.3945 0.0680 0.1417
146 0.2386 0.3997 0.0489 0.2058 0.0276 0.0793
147 0.0184 0.2245 0.0361 0.6104 0.0032 0.1077
148 0.0883 0.1973 0.1942 0.3923 0.0082 0.1197
149 0.1901 0.0891 0.2944 0.3779 0.0116 0.0368
150 0.2083 0.1388 0.0454 0.5576 0.0253 0.0249
151 0.3599 0.1454 0.0330 0.4143 0.0315 0.0158
152 0.0473 0.2534 0.2783 0.3689 0.0141 0.0380
153 0.0383 0.1797 0.5283 0.1826 0.0091 0.0621
154 0.0667 0.2185 0.0187 0.5806 0.0232 0.0925
155 0.0672 0.1503 0.1503 0.3550 0.0217 0.2556
156 0.0335 0.1785 0.0626 0.3662 0.0259 0.3333
157 0.1777 0.1581 0.0432 0.4434 0.0334 0.1439
158 0.2654 0.0835 0.0790 0.5078 0.0134 0.0511
159 0.1587 0.1479 0.0185 0.6182 0.0223 0.0343
160 0.3479 0.3425 0.0457 0.1509 0.0393 0.0735
161 0.1334 0.0969 0.0277 0.6074 0.0170 0.1177
162 0.1592 0.3850 0.0654 0.3479 0.0115 0.0311
163 0.1469 0.1295 0.0424 0.5718 0.1025 0.0070
164 0.0781 0.2174 0.0375 0.5864 0.0652 0.0155
165 0.2766 0.2347 0.1066 0.3311 0.0466 0.0046
166 0.2013 0.1279 0.0770 0.5557 0.0358 0.0025
167 0.6997 0.1537 0.0276 0.0779 0.0383 0.0026
168 0.3950 0.2454 0.2360 0.0961 0.0175 0.0100
169 0.1857 0.1276 0.5991 0.0733 0.0106 0.0035
170 0.1329 0.1531 0.6860 0.0186 0.0077 0.0019
171 0.2314 0.2705 0.0906 0.2971 0.0563 0.0541
172 0.1981 0.2585 0.0893 0.3423 0.0463 0.0654
173 0.1842 0.4216 0.0823 0.1562 0.0732 0.0823
174 0.2012 0.2666 0.1394 0.3787 0.0073 0.0069
175 0.1324 0.1107 0.0767 0.6465 0.0077 0.0259
176 0.2100 0.0569 0.0499 0.4995 0.0163 0.1674
177 0.1345 0.1512 0.0709 0.5796 0.0257 0.0379
178 0.3853 0.2247 0.3621 0.0190 0.0073 0.0017
179 0.1764 0.2710 0.4683 0.0629 0.0053 0.0163
180 0.1858 0.4744 0.2139 0.0964 0.0178 0.0116
181 0.0393 0.0845 0.0638 0.1846 0.0226 0.6055
182 0.3662 0.1885 0.0368 0.3633 0.0222 0.0232
183 0.3474 0.2502 0.0580 0.3164 0.0136 0.0145
184 0.1172 0.2191 0.0456 0.5508 0.0180 0.0493
185 0.0206 0.0692 0.0720 0.5400 0.0748 0.2234
186 0.2352 0.1708 0.1320 0.4226 0.0081 0.0313
187 0.0981 0.1240 0.1028 0.6011 0.0054 0.0685
188 0.0586 0.2262 0.0361 0.4160 0.0988 0.1642
189 0.0545 0.1565 0.0500 0.3640 0.0871 0.2878
190 0.0577 0.1450 0.0147 0.6201 0.0081 0.1544
191 0.3796 0.1765 0.0304 0.3767 0.0284 0.0085
192 0.1177 0.3008 0.0503 0.4805 0.0152 0.0356
193 0.1587 0.0955 0.0499 0.6035 0.0079 0.0843
194 0.3130 0.1357 0.0699 0.4214 0.0150 0.0451
195 0.2150 0.0737 0.1586 0.4883 0.0388 0.0257
196 0.2952 0.1935 0.0973 0.3789 0.0111 0.0240
197 0.1212 0.5181 0.1907 0.1544 0.0140 0.0015
198 0.2159 0.1906 0.2524 0.3093 0.0266 0.0053
199 0.0765 0.4993 0.0420 0.2590 0.1168 0.0065
200 0.1575 0.4812 0.0779 0.2496 0.0293 0.0046
201 0.2256 0.1842 0.1390 0.3386 0.0076 0.1049
202 0.1035 0.3904 0.0333 0.3726 0.0768 0.0234
203 0.2063 0.0730 0.0696 0.5605 0.0675 0.0228
204 0.1155 0.4360 0.0206 0.3616 0.0482 0.0183
205 0.3594 0.2179 0.0735 0.2146 0.0867 0.0479
206 0.3022 0.1020 0.0563 0.5103 0.0141 0.0153
207 0.2224 0.2500 0.0262 0.4492 0.0090 0.0431
208 0.1794 0.2181 0.0991 0.4172 0.0107 0.0754
209 0.2542 0.3018 0.0585 0.3611 0.0134 0.0113
210 0.3376 0.1924 0.1158 0.3298 0.0155 0.0088
211 0.6094 0.1577 0.0449 0.1746 0.0073 0.0060
212 0.2080 0.1030 0.0748 0.5928 0.0106 0.0109
213 0.1646 0.0675 0.1194 0.6309 0.0129 0.0049
214 0.1292 0.2712 0.1522 0.4202 0.0059 0.0211
215 0.1030 0.1272 0.0771 0.6021 0.0233 0.0675
216 0.1187 0.1986 0.2251 0.3831 0.0216 0.0530
217 0.3167 0.3733 0.2372 0.0533 0.0182 0.0013
218 0.0537 0.4062 0.1616 0.2925 0.0066 0.0793
219 0.2172 0.3752 0.0344 0.1857 0.0131 0.1744
220 0.0773 0.2781 0.0203 0.4883 0.0117 0.1244
221 0.1666 0.2074 0.5864 0.0193 0.0131 0.0073
222 0.0236 0.2153 0.0699 0.1731 0.0173 0.5010
223 0.0879 0.4641 0.0418 0.3115 0.0852 0.0094
224 0.3879 0.0788 0.2390 0.2194 0.0604 0.0144
225 0.3181 0.2021 0.0584 0.3633 0.0389 0.0194
226 0.1931 0.4285 0.0677 0.2722 0.0261 0.0123
227 0.2412 0.2610 0.2489 0.2015 0.0264 0.0209
228 0.0769 0.1393 0.4358 0.3042 0.0201 0.0237
229 0.1667 0.2244 0.4824 0.1093 0.0154 0.0018
230 0.4299 0.2096 0.2712 0.0600 0.0260 0.0032
231 0.0361 0.0787 0.0244 0.6855 0.0336 0.1415
232 0.4814 0.2722 0.0553 0.1638 0.0259 0.0012
233 0.1410 0.0803 0.0324 0.7046 0.0127 0.0289
234 0.2034 0.2571 0.1476 0.3770 0.0091 0.0060
235 0.2329 0.1614 0.0504 0.5210 0.0117 0.0227
236 0.0656 0.1377 0.0314 0.4241 0.0059 0.3354
237 0.1246 0.1914 0.0411 0.5669 0.0188 0.0570
238 0.0195 0.0529 0.5596 0.2124 0.0074 0.1483
239 0.2167 0.3657 0.1098 0.2676 0.0053 0.0351
240 0.0489 0.2279 0.2075 0.4062 0.0142 0.0950
241 0.1242 0.3147 0.0419 0.4578 0.0149 0.0464
242 0.0978 0.2517 0.0430 0.4851 0.0065 0.1161
243 0.0370 0.0731 0.0588 0.6221 0.0133 0.1957
244 0.2576 0.1368 0.0333 0.5005 0.0251 0.0466
245 0.3545 0.4048 0.0651 0.1196 0.0427 0.0134
246 0.1151 0.3130 0.1624 0.3057 0.0535 0.0503
247 0.2281 0.1290 0.5737 0.0586 0.0068 0.0037
248 0.2401 0.3359 0.2874 0.1170 0.0158 0.0036
249 0.3555 0.1339 0.4060 0.0844 0.0159 0.0045
250 0.1597 0.1063 0.4619 0.1956 0.0569 0.0197
251 0.1393 0.1874 0.0311 0.5337 0.0105 0.0980
252 0.0167 0.1098 0.0552 0.2761 0.0103 0.5322
253 0.3948 0.1282 0.2231 0.2250 0.0233 0.0056
254 0.4104 0.0702 0.0564 0.4302 0.0269 0.0059
255 0.2644 0.0701 0.0355 0.5864 0.0191 0.0244
256 0.2795 0.0788 0.0555 0.5386 0.0302 0.0175
257 0.1868 0.1882 0.0977 0.4587 0.0348 0.0338
258 0.0237 0.1498 0.0136 0.6924 0.0039 0.1166
259 0.2296 0.1128 0.0825 0.5425 0.0163 0.0164
260 0.2382 0.1305 0.0631 0.5449 0.0175 0.0056
261 0.0579 0.6372 0.0365 0.1974 0.0139 0.0570
262 0.1714 0.0640 0.2532 0.4658 0.0407 0.0047
263 0.3113 0.1577 0.1127 0.3784 0.0170 0.0231
264 0.2222 0.3960 0.0948 0.2402 0.0278 0.0191
265 0.0961 0.3174 0.0186 0.2454 0.0312 0.2913
266 0.1547 0.2844 0.0198 0.3857 0.0983 0.0569
267 0.1327 0.2054 0.3779 0.2478 0.0242 0.0120
268 0.1594 0.2798 0.0403 0.4041 0.0620 0.0543
269 0.3330 0.3381 0.0317 0.2324 0.0527 0.0120
270 0.1644 0.1835 0.0713 0.5479 0.0307 0.0023
271 0.3086 0.4282 0.1118 0.1368 0.0123 0.0022
272 0.3213 0.0728 0.0663 0.4712 0.0558 0.0127
273 0.1294 0.4731 0.0503 0.2983 0.0064 0.0423
274 0.1080 0.2473 0.4375 0.1597 0.0168 0.0307
275 0.0789 0.1877 0.2230 0.4365 0.0177 0.0559
276 0.0768 0.1033 0.6733 0.1170 0.0041 0.0253
277 0.1251 0.2318 0.4006 0.2128 0.0198 0.0100
278 0.2043 0.2815 0.3215 0.1289 0.0509 0.0131
279 0.3772 0.2003 0.0476 0.3201 0.0370 0.0179
280 0.2490 0.4336 0.0778 0.2233 0.0107 0.0056
281 0.3010 0.2805 0.0167 0.3630 0.0174 0.0211
282 0.4912 0.1292 0.0167 0.3350 0.0214 0.0067
283 0.3191 0.1183 0.0281 0.5098 0.0147 0.0097
284 0.0520 0.0831 0.0956 0.5415 0.0159 0.2120
285 0.0425 0.2839 0.1281 0.4609 0.0201 0.0644
286 0.1410 0.0731 0.1957 0.4844 0.0476 0.0583
287 0.1026 0.0837 0.0662 0.5210 0.0193 0.2073
288 0.1298 0.1774 0.0567 0.4822 0.0091 0.1448
289 0.0257 0.1499 0.0815 0.3379 0.0161 0.3889
290 0.0446 0.1709 0.2161 0.4231 0.0103 0.1353
291 0.2069 0.6274 0.0427 0.0317 0.0330 0.0583
292 0.2098 0.1072 0.0251 0.0247 0.0163 0.6167
