time exciting_prob fearful_prob tense_prob sad_prob relaxing_prob neutral_prob
0 0.1136 0.1553 0.1349 0.1288 0.0181 0.4492
1 0.2104 0.2703 0.3159 0.0818 0.0071 0.1144
2 0.3765 0.3271 0.1683 0.0659 0.0060 0.0560
3 0.4819 0.1917 0.0805 0.0434 0.1602 0.0424
4 0.2004 0.4019 0.2117 0.1356 0.0451 0.0054
5 0.4814 0.2478 0.0798 0.0798 0.0641 0.0469
6 0.2966 0.3960 0.1285 0.0377 0.0837 0.0575
7 0.1019 0.3088 0.4189 0.1182 0.0445 0.0079
8 0.0368 0.4844 0.3984 0.0359 0.0437 0.0010
9 0.1194 0.5791 0.2214 0.0340 0.0429 0.0033
10 0.0222 0.6641 0.2900 0.0059 0.0151 0.0025
11 0.1445 0.2327 0.1841 0.0667 0.3689 0.0030
12 0.0815 0.2734 0.4839 0.0423 0.0861 0.0329
13 0.1050 0.1677 0.2876 0.0575 0.3750 0.0073
14 0.1787 0.3726 0.0554 0.0995 0.2834 0.0103
15 0.1271 0.1556 0.3096 0.2627 0.1193 0.0258
16 0.1207 0.2534 0.3438 0.1152 0.1422 0.0247
17 0.1490 0.2988 0.4116 0.0715 0.0657 0.0032
18 0.0280 0.5376 0.3933 0.0210 0.0190 0.0010
19 0.0662 0.2517 0.4851 0.0411 0.1074 0.0488
20 0.0380 0.2520 0.4932 0.1171 0.0545 0.0455
21 0.0606 0.4375 0.1971 0.1687 0.0984 0.0376
22 0.4165 0.2795 0.0936 0.0324 0.1193 0.0586
23 0.1517 0.2426 0.4126 0.0103 0.1760 0.0068
24 0.1064 0.0427 0.1727 0.4482 0.1624 0.0677
25 0.1315 0.1573 0.2236 0.2871 0.1742 0.0263
26 0.1787 0.1034 0.3135 0.0775 0.3064 0.0207
27 0.4934 0.1553 0.0964 0.0799 0.0971 0.0781
28 0.5166 0.1915 0.0683 0.0524 0.1348 0.0363
29 0.1490 0.3660 0.1929 0.1637 0.0368 0.0918
30 0.2954 0.3823 0.1428 0.0974 0.0605 0.0217
31 0.3074 0.2432 0.3027 0.1030 0.0245 0.0193
32 0.0877 0.2969 0.3259 0.1256 0.1588 0.0050
33 0.1354 0.1429 0.4912 0.0551 0.1620 0.0135
34 0.1797 0.0911 0.2235 0.2068 0.2739 0.0251
35 0.0551 0.3884 0.4688 0.0304 0.0560 0.0014
36 0.0690 0.0393 0.6245 0.1036 0.1211 0.0425
37 0.0483 0.1224 0.5796 0.0635 0.1699 0.0163
38 0.1561 0.1197 0.3081 0.1265 0.2534 0.0362
39 0.2177 0.3762 0.2246 0.0497 0.1270 0.0048
40 0.0795 0.2300 0.4944 0.1053 0.0782 0.0126
41 0.0516 0.6289 0.2010 0.0739 0.0333 0.0113
42 0.0393 0.4824 0.2686 0.1449 0.0449 0.0201
43 0.0624 0.5308 0.3269 0.0297 0.0342 0.0161
44 0.0911 0.3716 0.3333 0.1207 0.0667 0.0168
45 0.0237 0.3147 0.2527 0.3245 0.0573 0.0271
46 0.0859 0.4292 0.2484 0.0764 0.1543 0.0058
47 0.0161 0.7275 0.1610 0.0726 0.0112 0.0116
48 0.0861 0.2551 0.4695 0.0754 0.0939 0.0200
49 0.1094 0.4360 0.2729 0.1383 0.0406 0.0029
50 0.0622 0.1198 0.0963 0.5044 0.0727 0.1445
51 0.0450 0.6108 0.1556 0.0084 0.1644 0.0158
52 0.1830 0.3264 0.3528 0.0995 0.0303 0.0080
53 0.0778 0.3003 0.3796 0.0625 0.1711 0.0087
54 0.0634 0.6978 0.0922 0.0894 0.0403 0.0169
55 0.0616 0.3250 0.4045 0.0130 0.1536 0.0423
56 0.0259 0.5850 0.3083 0.0287 0.0465 0.0053
57 0.0367 0.6260 0.2451 0.0356 0.0522 0.0046
58 0.1868 0.1107 0.2871 0.2399 0.1584 0.0172
59 0.2372 0.1847 0.4868 0.0425 0.0475 0.0014
60 0.0978 0.2722 0.3899 0.1479 0.0837 0.0083
61 0.0031 0.8262 0.1576 0.0126 0.0003 0.0003
62 0.1210 0.2262 0.2175 0.1949 0.2297 0.0106
63 0.1315 0.1501 0.2805 0.0693 0.3628 0.0059
64 0.1654 0.3237 0.3640 0.0296 0.1136 0.0037
65 0.0792 0.2152 0.4702 0.1017 0.1256 0.0081
66 0.0472 0.2551 0.1283 0.4275 0.1410 0.0009
67 0.1102 0.3501 0.1733 0.0812 0.2837 0.0014
68 0.0568 0.3345 0.4431 0.0839 0.0801 0.0018
69 0.1376 0.4512 0.1511 0.0587 0.1925 0.0087
70 0.2407 0.2727 0.3503 0.0638 0.0679 0.0044
71 0.1100 0.2598 0.4023 0.1017 0.1066 0.0197
72 0.0623 0.1426 0.3757 0.0980 0.3066 0.0146
73 0.0591 0.1282 0.5479 0.0808 0.1698 0.0142
74 0.1036 0.3093 0.4465 0.0718 0.0425 0.0262
75 0.1324 0.1031 0.3655 0.1500 0.1409 0.1080
76 0.2151 0.1537 0.1943 0.2020 0.1073 0.1274
77 0.1790 0.2263 0.1935 0.3142 0.0489 0.0381
78 0.1636 0.2634 0.4177 0.0726 0.0343 0.0484
79 0.0053 0.8389 0.1017 0.0310 0.0182 0.0049
80 0.1406 0.3025 0.2128 0.2247 0.0901 0.0293
81 0.1825 0.3252 0.2803 0.0829 0.0969 0.0322
82 0.3042 0.3643 0.1361 0.0825 0.0764 0.0366
83 0.0556 0.2100 0.4731 0.0671 0.1525 0.0417
84 0.1835 0.2111 0.4683 0.0644 0.0718 0.0009
85 0.0297 0.1720 0.6909 0.0851 0.0119 0.0101
86 0.1931 0.4285 0.3110 0.0171 0.0459 0.0045
87 0.1913 0.4734 0.1825 0.0511 0.0823 0.0195
88 0.0534 0.2549 0.2888 0.3706 0.0067 0.0256
89 0.0638 0.1816 0.3613 0.2225 0.1603 0.0104
90 0.0391 0.4075 0.4204 0.0312 0.0895 0.0125
91 0.3435 0.3601 0.1388 0.0511 0.0715 0.0351
92 0.2639 0.3062 0.1901 0.1091 0.0756 0.0553
93 0.0452 0.1471 0.5820 0.1517 0.0652 0.0088
94 0.1858 0.2539 0.4600 0.0787 0.0205 0.0011
95 0.1464 0.1821 0.3708 0.1583 0.1204 0.0219
96 0.0381 0.0734 0.7354 0.0599 0.0435 0.0497
97 0.0673 0.4565 0.3501 0.0402 0.0711 0.0149
98 0.0338 0.3716 0.0855 0.0382 0.4624 0.0087
99 0.0319 0.3171 0.1088 0.0324 0.5068 0.0027
100 0.0636 0.5581 0.2554 0.0135 0.1073 0.0021
101 0.1340 0.1449 0.2446 0.0290 0.4292 0.0183
102 0.0224 0.3120 0.1013 0.0634 0.4985 0.0025
103 0.0255 0.1295 0.0588 0.0455 0.7339 0.0068
104 0.0178 0.3918 0.3352 0.0400 0.2097 0.0055
105 0.0466 0.4707 0.3608 0.0215 0.0964 0.0039
106 0.0695 0.3699 0.3584 0.0405 0.1591 0.0027
107 0.0865 0.4607 0.1495 0.0254 0.2751 0.0027
108 0.0607 0.4277 0.4624 0.0098 0.0310 0.0083
109 0.0141 0.1683 0.0765 0.0075 0.7314 0.0022
110 0.0276 0.2205 0.0199 0.0408 0.6899 0.0015
111 0.0577 0.2688 0.0873 0.0183 0.5601 0.0078
112 0.0394 0.4478 0.1039 0.0110 0.3953 0.0027
113 0.0321 0.3911 0.1112 0.0432 0.4165 0.0059
114 0.0539 0.5234 0.2491 0.0362 0.1323 0.0054
115 0.0181 0.6445 0.2952 0.0195 0.0199 0.0026
116 0.1816 0.3394 0.1460 0.1191 0.1615 0.0525
117 0.1893 0.4009 0.1658 0.1558 0.0867 0.0016
118 0.1350 0.1448 0.1802 0.3875 0.1471 0.0055
119 0.2499 0.3389 0.1247 0.2422 0.0328 0.0116
120 0.2651 0.1185 0.1583 0.1793 0.2568 0.0218
121 0.3220 0.1820 0.1908 0.1879 0.1104 0.0068
122 0.4539 0.0464 0.1520 0.0989 0.2391 0.0097
123 0.4363 0.4468 0.0329 0.0119 0.0712 0.0010
124 0.2661 0.3638 0.1759 0.0850 0.1050 0.0043
125 0.1526 0.1703 0.2345 0.4021 0.0146 0.0259
126 0.1392 0.0757 0.6187 0.1317 0.0120 0.0227
127 0.4678 0.1761 0.1137 0.0800 0.1592 0.0032
128 0.3242 0.2263 0.0770 0.1819 0.1735 0.0172
129 0.1183 0.2448 0.2211 0.3850 0.0222 0.0086
130 0.2264 0.2627 0.2177 0.1384 0.1520 0.0029
131 0.1456 0.1274 0.4888 0.2053 0.0232 0.0098
132 0.2871 0.1943 0.1959 0.1812 0.1265 0.0150
133 0.3411 0.1490 0.1812 0.2438 0.0715 0.0134
134 0.1899 0.2439 0.2964 0.2458 0.0175 0.0063
135 0.2432 0.1938 0.3025 0.2146 0.0426 0.0034
136 0.1511 0.4238 0.2305 0.1500 0.0426 0.0019
137 0.2133 0.2100 0.2869 0.1635 0.1177 0.0087
138 0.4072 0.1453 0.2163 0.1185 0.1038 0.0088
139 0.1184 0.5874 0.1833 0.0670 0.0387 0.0053
140 0.1047 0.0771 0.3857 0.0640 0.3625 0.0059
141 0.1349 0.2294 0.3752 0.0612 0.1772 0.0220
142 0.1226 0.3494 0.4084 0.0401 0.0704 0.0090
143 0.2028 0.2952 0.3730 0.0412 0.0845 0.0033
144 0.3499 0.2423 0.2620 0.0532 0.0905 0.0022
145 0.0398 0.1638 0.6582 0.1100 0.0170 0.0113
146 0.1407 0.3884 0.2932 0.0983 0.0649 0.0143
147 0.1166 0.3452 0.3618 0.0974 0.0654 0.0134
148 0.2052 0.3987 0.1514 0.1729 0.0621 0.0099
149 0.0765 0.1697 0.2249 0.3823 0.0204 0.1261
150 0.1051 0.6958 0.1200 0.0435 0.0336 0.0018
151 0.0801 0.5518 0.1936 0.0525 0.0966 0.0254
152 0.0994 0.4600 0.2856 0.0516 0.0699 0.0336
153 0.0598 0.6895 0.1599 0.0155 0.0607 0.0148
154 0.0693 0.6030 0.2272 0.0407 0.0588 0.0008
155 0.1132 0.5029 0.1711 0.0461 0.1646 0.0019
156 0.1373 0.3730 0.2773 0.0595 0.1461 0.0067
157 0.3022 0.4197 0.1394 0.0505 0.0814 0.0069
158 0.1328 0.4089 0.2559 0.0318 0.1267 0.0438
159 0.1050 0.3931 0.2810 0.1306 0.0786 0.0116
160 0.2179 0.1533 0.2079 0.0783 0.3120 0.0304
161 0.1611 0.4116 0.1587 0.0621 0.1065 0.1000
162 0.1768 0.4841 0.1754 0.0552 0.0828 0.0257
163 0.1209 0.2922 0.3872 0.0441 0.0647 0.0906
164 0.1375 0.2319 0.3455 0.0619 0.0922 0.1311
165 0.0649 0.3027 0.5835 0.0104 0.0297 0.0090
166 0.0834 0.3594 0.4041 0.0385 0.0625 0.0522
167 0.1334 0.4514 0.3176 0.0214 0.0720 0.0041
168 0.0613 0.5259 0.1309 0.0250 0.0892 0.1680
169 0.1562 0.2920 0.1946 0.2876 0.0398 0.0298
170 0.2056 0.2240 0.4153 0.1002 0.0451 0.0100
171 0.3552 0.1917 0.2810 0.1135 0.0566 0.0021
172 0.2094 0.2391 0.4099 0.0846 0.0409 0.0161
173 0.2903 0.2522 0.3162 0.0554 0.0745 0.0115
174 0.2002 0.1233 0.3711 0.2181 0.0635 0.0239
175 0.3149 0.1302 0.4075 0.1105 0.0327 0.0041
176 0.2336 0.2817 0.2710 0.0378 0.1737 0.0019
177 0.1372 0.3369 0.2159 0.1642 0.1310 0.0147
178 0.1935 0.2996 0.2175 0.1531 0.1239 0.0126
179 0.1418 0.3403 0.3123 0.0564 0.1158 0.0332
180 0.0979 0.4634 0.2900 0.0188 0.1058 0.0240
181 0.0984 0.6992 0.1284 0.0259 0.0404 0.0076
182 0.1346 0.3521 0.3467 0.0315 0.1305 0.0045
183 0.2179 0.1908 0.4038 0.0937 0.0801 0.0135
184 0.1301 0.2668 0.4265 0.1498 0.0221 0.0045
185 0.1410 0.3572 0.1897 0.1674 0.1410 0.0038
186 0.3794 0.1984 0.3147 0.0419 0.0587 0.0070
187 0.1589 0.1731 0.3525 0.2073 0.0837 0.0246
188 0.3198 0.3027 0.2180 0.0742 0.0724 0.0128
189 0.0803 0.5845 0.2361 0.0472 0.0487 0.0034
190 0.1796 0.0809 0.2434 0.3860 0.0803 0.0298
191 0.2627 0.2754 0.1261 0.1406 0.0847 0.1104
192 0.1383 0.1831 0.4568 0.1210 0.0936 0.0071
193 0.1696 0.1819 0.4717 0.0577 0.1111 0.0082
194 0.1688 0.2576 0.3179 0.1274 0.1133 0.0150
195 0.1182 0.0858 0.7021 0.0541 0.0086 0.0311
196 0.3340 0.2462 0.2581 0.0711 0.0763 0.0144
197 0.3247 0.1582 0.1054 0.0930 0.2693 0.0494
198 0.1691 0.0811 0.1691 0.4385 0.1208 0.0213
199 0.2203 0.0993 0.3718 0.2039 0.0883 0.0162
200 0.1521 0.1070 0.3914 0.1820 0.1582 0.0092
201 0.1749 0.3093 0.3560 0.0852 0.0595 0.0150
202 0.2759 0.1781 0.2269 0.0882 0.2269 0.0038
203 0.1389 0.1188 0.5757 0.0584 0.1024 0.0055
204 0.2386 0.2010 0.2600 0.1426 0.1360 0.0217
205 0.2201 0.2849 0.2437 0.2019 0.0458 0.0038
206 0.0492 0.8257 0.0544 0.0575 0.0101 0.0031
207 0.2106 0.2224 0.1932 0.2878 0.0812 0.0050
208 0.3384 0.2698 0.1826 0.0480 0.1198 0.0414
209 0.2932 0.4333 0.1908 0.0432 0.0350 0.0046
210 0.0510 0.2798 0.3706 0.1429 0.0275 0.1281
211 0.2783 0.1959 0.3491 0.1305 0.0427 0.0033
212 0.0308 0.5049 0.2499 0.0941 0.0204 0.1002
213 0.0813 0.2998 0.2352 0.2927 0.0486 0.0425
214 0.0604 0.4001 0.1404 0.1860 0.0181 0.1949
215 0.0508 0.1666 0.4392 0.1318 0.0104 0.2010
216 0.0874 0.3796 0.3564 0.0337 0.0167 0.1261
217 0.0560 0.3794 0.2776 0.0873 0.0118 0.1879
218 0.0643 0.1259 0.1111 0.2075 0.0237 0.4675
