time exciting_prob fearful_prob tense_prob sad_prob relaxing_prob neutral_prob
0 0.0939 0.0910 0.3489 0.3831 0.0404 0.0430
1 0.2930 0.0853 0.2355 0.1544 0.1921 0.0396
2 0.1307 0.1050 0.4563 0.1425 0.1528 0.0127
3 0.0368 0.0575 0.0986 0.5410 0.0817 0.1842
4 0.1252 0.1376 0.4204 0.2032 0.0765 0.0370
5 0.0343 0.0835 0.1263 0.5317 0.1597 0.0645
6 0.0518 0.1807 0.1113 0.3884 0.1984 0.0696
7 0.0536 0.1401 0.6187 0.0524 0.1338 0.0017
8 0.2634 0.0531 0.2515 0.3079 0.1187 0.0055
9 0.0833 0.1290 0.2954 0.3245 0.1194 0.0482
10 0.1069 0.4360 0.4226 0.0222 0.0026 0.0097
11 0.0436 0.1451 0.2394 0.4761 0.0230 0.0730
12 0.0555 0.1569 0.5923 0.1241 0.0490 0.0224
13 0.0923 0.1322 0.2357 0.4202 0.1131 0.0063
14 0.0784 0.0260 0.3223 0.2671 0.2935 0.0127
15 0.1242 0.0197 0.2432 0.4543 0.1498 0.0088
16 0.2976 0.0450 0.3704 0.1805 0.1013 0.0051
17 0.1926 0.1254 0.4207 0.1866 0.0656 0.0091
18 0.2114 0.1302 0.3950 0.1536 0.1063 0.0034
19 0.0711 0.1003 0.5591 0.2225 0.0316 0.0153
20 0.2271 0.1868 0.1598 0.3518 0.0540 0.0206
21 0.0238 0.0533 0.6802 0.2107 0.0248 0.0071
22 0.1251 0.0162 0.2196 0.2375 0.3679 0.0337
23 0.1472 0.1694 0.4395 0.1775 0.0643 0.0022
24 0.2849 0.0259 0.1263 0.4695 0.0511 0.0423
25 0.1494 0.1471 0.1802 0.4531 0.0585 0.0117
26 0.0517 0.1383 0.2316 0.5220 0.0486 0.0081
27 0.0925 0.0265 0.1500 0.5664 0.1597 0.0051
28 0.0853 0.0361 0.3589 0.3372 0.1696 0.0132
29 0.1025 0.1338 0.6187 0.1218 0.0165 0.0068
30 0.0811 0.0773 0.6274 0.0890 0.1236 0.0014
31 0.1890 0.1052 0.3818 0.2209 0.0980 0.0052
32 0.2092 0.0880 0.3450 0.1604 0.1906 0.0068
33 0.0754 0.0645 0.7148 0.0754 0.0686 0.0013
34 0.0917 0.1559 0.4656 0.1971 0.0114 0.0784
35 0.1034 0.2600 0.4185 0.1287 0.0699 0.0196
36 0.1210 0.1641 0.4976 0.1119 0.0529 0.0529
37 0.0753 0.0478 0.2467 0.2078 0.4131 0.0093
38 0.0168 0.0612 0.3687 0.5366 0.0112 0.0055
39 0.1888 0.1719 0.2878 0.2462 0.0739 0.0313
40 0.1602 0.0264 0.2681 0.5171 0.0257 0.0027
41 0.1058 0.0265 0.2070 0.6377 0.0166 0.0064
42 0.1109 0.0421 0.4817 0.3523 0.0057 0.0073
43 0.2651 0.0630 0.1866 0.3625 0.1186 0.0042
44 0.0486 0.0930 0.6978 0.1417 0.0129 0.0059
45 0.0649 0.1581 0.5962 0.1656 0.0130 0.0022
46 0.1490 0.0693 0.3154 0.3865 0.0698 0.0099
47 0.1423 0.0941 0.4631 0.1626 0.0934 0.0444
48 0.1921 0.1384 0.5063 0.1260 0.0319 0.0055
49 0.0751 0.1110 0.3813 0.3997 0.0202 0.0125
50 0.2598 0.2637 0.2222 0.0863 0.1515 0.0166
51 0.0660 0.1166 0.3220 0.2432 0.1364 0.1157
52 0.1460 0.0728 0.4531 0.2314 0.0679 0.0290
53 0.2021 0.2896 0.3281 0.1161 0.0548 0.0092
54 0.0696 0.1183 0.3477 0.4465 0.0150 0.0028
55 0.0603 0.1947 0.3582 0.2788 0.0787 0.0294
56 0.0647 0.0598 0.3337 0.5254 0.0147 0.0018
57 0.0738 0.0532 0.4451 0.3989 0.0106 0.0184
58 0.0402 0.0328 0.2242 0.6489 0.0142 0.0396
59 0.1304 0.1205 0.5156 0.1523 0.0561 0.0253
60 0.0593 0.0469 0.3203 0.5366 0.0247 0.0121
61 0.1593 0.0446 0.2668 0.4683 0.0364 0.0244
62 0.1542 0.0435 0.5425 0.2333 0.0180 0.0087
63 0.1964 0.0254 0.2664 0.4641 0.0311 0.0166
64 0.1416 0.1077 0.5386 0.1320 0.0800 0.0003
65 0.0745 0.1100 0.5674 0.2056 0.0292 0.0131
66 0.0901 0.0777 0.4333 0.3376 0.0339 0.0273
67 0.1093 0.0787 0.3525 0.2969 0.1093 0.0533
68 0.0549 0.1470 0.3694 0.2223 0.1801 0.0266
69 0.0895 0.1262 0.5190 0.2415 0.0073 0.0164
70 0.0476 0.0947 0.4585 0.3008 0.0354 0.0630
71 0.1331 0.0409 0.3733 0.1461 0.2646 0.0419
72 0.0856 0.0677 0.6323 0.1389 0.0227 0.0527
73 0.1608 0.1387 0.5747 0.0534 0.0625 0.0101
74 0.1267 0.1470 0.4636 0.2156 0.0389 0.0083
75 0.0472 0.2002 0.6465 0.0645 0.0324 0.0094
76 0.1490 0.0651 0.4592 0.2656 0.0462 0.0148
77 0.2454 0.0359 0.2959 0.3354 0.0709 0.0166
78 0.3481 0.0439 0.3945 0.1848 0.0241 0.0047
79 0.2000 0.0378 0.2607 0.4541 0.0391 0.0084
80 0.0959 0.0981 0.2264 0.0517 0.5103 0.0176
81 0.1843 0.0371 0.3901 0.3723 0.0140 0.0021
82 0.0674 0.2372 0.6250 0.0449 0.0219 0.0035
83 0.1554 0.0533 0.6006 0.1249 0.0576 0.0082
84 0.1284 0.0709 0.3179 0.4277 0.0458 0.0094
85 0.2064 0.3352 0.1780 0.1499 0.0841 0.0464
86 0.2284 0.1104 0.2820 0.3350 0.0353 0.0091
87 0.1405 0.0460 0.6445 0.1165 0.0370 0.0154
88 0.1400 0.1455 0.3774 0.1943 0.1326 0.0102
89 0.0828 0.1851 0.5791 0.0640 0.0397 0.0494
90 0.0965 0.0525 0.5298 0.2465 0.0174 0.0572
91 0.1196 0.1088 0.3101 0.1686 0.2651 0.0277
92 0.3086 0.0831 0.2854 0.2366 0.0750 0.0114
93 0.0931 0.1313 0.3054 0.4375 0.0302 0.0026
94 0.1473 0.0619 0.3533 0.2505 0.1776 0.0093
95 0.0944 0.1736 0.4102 0.2954 0.0108 0.0157
96 0.0541 0.0934 0.3997 0.4058 0.0415 0.0056
97 0.0809 0.1304 0.2252 0.5400 0.0200 0.0034
98 0.1313 0.1215 0.3740 0.2695 0.0961 0.0076
99 0.1115 0.0547 0.3328 0.4692 0.0183 0.0133
100 0.3623 0.1177 0.1006 0.3889 0.0230 0.0075
101 0.0660 0.1282 0.5073 0.2081 0.0881 0.0024
102 0.0789 0.1103 0.5732 0.2142 0.0107 0.0125
103 0.1099 0.1033 0.5498 0.2086 0.0253 0.0032
104 0.1547 0.0681 0.3887 0.3540 0.0324 0.0021
105 0.0998 0.0534 0.2249 0.5396 0.0282 0.0543
106 0.0731 0.0314 0.2323 0.5752 0.0345 0.0535
107 0.0650 0.1465 0.4175 0.2737 0.0247 0.0726
108 0.0355 0.0920 0.2971 0.5215 0.0442 0.0098
109 0.2058 0.0467 0.1964 0.5093 0.0229 0.0187
110 0.0201 0.3264 0.3877 0.2012 0.0372 0.0272
111 0.2820 0.1014 0.3003 0.2063 0.1038 0.0063
112 0.1514 0.2917 0.3577 0.1188 0.0421 0.0383
113 0.1907 0.0195 0.1021 0.6157 0.0685 0.0037
114 0.1385 0.1105 0.3223 0.3948 0.0178 0.0160
115 0.0851 0.0131 0.5293 0.3210 0.0431 0.0085
116 0.0894 0.0486 0.2357 0.6016 0.0167 0.0078
117 0.0898 0.0994 0.1691 0.5371 0.1010 0.0037
118 0.0977 0.2053 0.5200 0.0940 0.0811 0.0017
119 0.2832 0.0978 0.1552 0.1665 0.2898 0.0075
120 0.0530 0.0759 0.3147 0.3247 0.1909 0.0406
121 0.0820 0.1593 0.5347 0.1722 0.0314 0.0207
122 0.1060 0.0372 0.4194 0.4065 0.0073 0.0237
123 0.1074 0.0557 0.3208 0.4248 0.0850 0.0064
124 0.2522 0.0501 0.1460 0.5015 0.0478 0.0022
125 0.2213 0.0675 0.1849 0.3735 0.1343 0.0183
126 0.2205 0.0607 0.3496 0.3157 0.0417 0.0118
127 0.0796 0.0945 0.2571 0.1272 0.4373 0.0044
128 0.2532 0.0261 0.1897 0.4731 0.0515 0.0064
129 0.3560 0.0604 0.2729 0.1655 0.1405 0.0049
130 0.0724 0.1086 0.6450 0.0820 0.0770 0.0151
131 0.2268 0.1132 0.3918 0.2551 0.0113 0.0017
132 0.2400 0.0499 0.3333 0.3230 0.0469 0.0069
133 0.0880 0.1340 0.4536 0.2142 0.1028 0.0073
134 0.0484 0.0330 0.3257 0.5718 0.0106 0.0107
135 0.0546 0.0988 0.3909 0.3970 0.0347 0.0238
136 0.1326 0.0472 0.3894 0.3894 0.0296 0.0117
137 0.1422 0.0798 0.4214 0.2720 0.0744 0.0101
138 0.1346 0.0726 0.1562 0.5898 0.0401 0.0067
139 0.0529 0.0942 0.2903 0.2227 0.3291 0.0109
140 0.1091 0.2365 0.3838 0.0756 0.1676 0.0276
141 0.0992 0.0197 0.0946 0.7441 0.0382 0.0041
142 0.1293 0.0293 0.1635 0.6265 0.0317 0.0198
143 0.1437 0.0183 0.2482 0.5508 0.0287 0.0106
144 0.0519 0.0811 0.4890 0.3362 0.0333 0.0085
145 0.1282 0.0494 0.3123 0.4268 0.0814 0.0020
146 0.1854 0.0156 0.2742 0.4663 0.0523 0.0063
147 0.0544 0.0124 0.3689 0.5366 0.0216 0.0058
148 0.0784 0.0407 0.7676 0.0797 0.0295 0.0041
149 0.1764 0.0137 0.1193 0.6553 0.0321 0.0032
150 0.2656 0.2118 0.2457 0.0918 0.1783 0.0067
151 0.0445 0.0857 0.6636 0.1843 0.0114 0.0106
152 0.1311 0.0675 0.5107 0.2529 0.0269 0.0109
153 0.0304 0.1498 0.6304 0.1545 0.0115 0.0233
154 0.2063 0.1375 0.2671 0.2820 0.1030 0.0042
155 0.3079 0.0472 0.1896 0.3486 0.0976 0.0091
156 0.3184 0.4453 0.1256 0.0431 0.0622 0.0053
157 0.2009 0.0684 0.2041 0.3064 0.2172 0.0032
158 0.1240 0.0409 0.6499 0.1669 0.0073 0.0111
159 0.2152 0.1099 0.3748 0.2328 0.0544 0.0128
160 0.2172 0.0212 0.3362 0.3811 0.0399 0.0045
161 0.1070 0.0299 0.6255 0.1907 0.0179 0.0293
162 0.1693 0.1068 0.3699 0.2925 0.0287 0.0328
163 0.1233 0.1407 0.3123 0.3274 0.0834 0.0129
164 0.1666 0.0618 0.2971 0.4255 0.0474 0.0017
165 0.1192 0.0701 0.6348 0.1249 0.0478 0.0034
166 0.0668 0.0638 0.4495 0.3906 0.0220 0.0072
167 0.0729 0.2352 0.4326 0.1860 0.0695 0.0036
168 0.0925 0.0721 0.2363 0.5669 0.0280 0.0041
169 0.1595 0.1224 0.1080 0.5234 0.0282 0.0587
170 0.1013 0.0742 0.2668 0.4834 0.0339 0.0403
171 0.0588 0.0720 0.7051 0.0939 0.0291 0.0414
172 0.2493 0.0468 0.1560 0.4209 0.1234 0.0036
173 0.1542 0.0806 0.4568 0.2296 0.0599 0.0189
174 0.2185 0.0811 0.3281 0.2764 0.0823 0.0138
175 0.1444 0.1024 0.1274 0.5801 0.0220 0.0234
176 0.2120 0.1390 0.3389 0.2598 0.0338 0.0166
177 0.1676 0.2515 0.3896 0.1433 0.0454 0.0026
178 0.1153 0.2072 0.3362 0.1370 0.1481 0.0562
179 0.1526 0.1207 0.2700 0.2988 0.1179 0.0401
180 0.2131 0.0620 0.4270 0.2114 0.0510 0.0353
181 0.0461 0.0719 0.1149 0.6821 0.0802 0.0051
182 0.3010 0.0791 0.4412 0.1206 0.0561 0.0020
183 0.3367 0.0421 0.3018 0.2664 0.0500 0.0033
184 0.1309 0.1506 0.4224 0.1775 0.1011 0.0176
185 0.1647 0.0436 0.2590 0.4546 0.0416 0.0364
186 0.1427 0.0776 0.3530 0.2837 0.0936 0.0493
187 0.1241 0.1112 0.3481 0.2886 0.0814 0.0467
188 0.0228 0.1140 0.3457 0.4438 0.0582 0.0157
189 0.1288 0.1506 0.3816 0.2426 0.0920 0.0045
190 0.1576 0.1017 0.3811 0.2539 0.0512 0.0545
191 0.0322 0.0939 0.3657 0.4624 0.0427 0.0029
192 0.1066 0.2898 0.3389 0.1338 0.1083 0.0225
193 0.0320 0.0756 0.4629 0.4023 0.0245 0.0027
194 0.0878 0.1494 0.3845 0.3394 0.0334 0.0053
195 0.0415 0.0390 0.6245 0.2177 0.0746 0.0025
196 0.0895 0.0353 0.5791 0.1385 0.1545 0.0032
197 0.1771 0.0523 0.1885 0.5625 0.0124 0.0070
198 0.0897 0.0472 0.2634 0.5239 0.0570 0.0188
199 0.1290 0.1053 0.3735 0.3621 0.0277 0.0023
200 0.7563 0.0081 0.0300 0.1913 0.0129 0.0014
201 0.4902 0.0064 0.0361 0.4534 0.0109 0.0032
202 0.5029 0.0074 0.0461 0.4302 0.0093 0.0040
203 0.1236 0.4314 0.0768 0.2136 0.0166 0.1379
