time exciting_prob fearful_prob tense_prob sad_prob relaxing_prob neutral_prob
0 0.0645 0.0777 0.1779 0.1671 0.4912 0.0216
1 0.1082 0.1676 0.4082 0.2118 0.0829 0.0211
2 0.1078 0.1096 0.3647 0.2507 0.1406 0.0264
3 0.0500 0.1616 0.4062 0.1094 0.2583 0.0145
4 0.1305 0.1743 0.5283 0.0230 0.1389 0.0046
5 0.1172 0.1505 0.5337 0.1190 0.0668 0.0130
6 0.0937 0.3374 0.4758 0.0753 0.0139 0.0036
7 0.0971 0.1917 0.3037 0.1025 0.2832 0.0218
8 0.1515 0.1306 0.3308 0.1423 0.1991 0.0458
9 0.0407 0.1536 0.5117 0.1072 0.1610 0.0259
10 0.0635 0.2084 0.6123 0.0570 0.0472 0.0115
11 0.0756 0.1135 0.2479 0.3442 0.1758 0.0431
12 0.0917 0.2341 0.2781 0.1254 0.2532 0.0175
13 0.0511 0.0855 0.1098 0.1064 0.5938 0.0535
14 0.0483 0.2234 0.1420 0.0388 0.5444 0.0031
15 0.0501 0.3191 0.2194 0.1439 0.1069 0.1605
16 0.0142 0.1017 0.6426 0.0166 0.2222 0.0026
17 0.0083 0.0553 0.3547 0.0278 0.5493 0.0044
18 0.0038 0.0363 0.0988 0.0316 0.8276 0.0020
19 0.0042 0.1022 0.1849 0.0506 0.6558 0.0024
20 0.0056 0.1006 0.1940 0.0317 0.6665 0.0015
21 0.0061 0.1169 0.2720 0.0458 0.5581 0.0013
22 0.0036 0.0724 0.1682 0.0659 0.6865 0.0034
23 0.0044 0.1004 0.2334 0.1461 0.5098 0.0057
24 0.0059 0.0037 0.0432 0.0072 0.9375 0.0024
25 0.0151 0.2234 0.5977 0.0797 0.0611 0.0230
26 0.0114 0.2163 0.6260 0.0370 0.0692 0.0403
27 0.0321 0.1968 0.5518 0.0624 0.1053 0.0517
28 0.0217 0.2502 0.5552 0.0812 0.0405 0.0512
29 0.0157 0.1864 0.6016 0.1005 0.0342 0.0615
30 0.0121 0.2615 0.5283 0.1274 0.0368 0.0335
31 0.0082 0.1666 0.5552 0.1979 0.0313 0.0408
32 0.0100 0.2251 0.5933 0.0766 0.0645 0.0305
33 0.0013 0.0916 0.1087 0.7788 0.0014 0.0183
34 0.0063 0.2212 0.4683 0.2318 0.0099 0.0624
35 0.0101 0.2114 0.2981 0.4011 0.0072 0.0719
36 0.0095 0.3752 0.3469 0.2240 0.0126 0.0318
37 0.0463 0.0800 0.4980 0.1279 0.0051 0.2427
38 0.0322 0.1143 0.3630 0.0236 0.0149 0.4519
39 0.0319 0.0953 0.1499 0.0443 0.6719 0.0065
40 0.0051 0.0431 0.0598 0.0357 0.8521 0.0042
41 0.0012 0.0021 0.0038 0.0013 0.9897 0.0016
42 0.0016 0.0018 0.0035 0.0009 0.9912 0.0009
43 0.0303 0.1433 0.4414 0.2118 0.0798 0.0933
44 0.0801 0.2754 0.4072 0.0506 0.1570 0.0297
45 0.0219 0.3796 0.3511 0.0629 0.0901 0.0945
46 0.0121 0.4675 0.2971 0.1361 0.0623 0.0248
47 0.0110 0.3599 0.3328 0.2512 0.0298 0.0152
48 0.0117 0.0313 0.1641 0.0717 0.7129 0.0083
49 0.0219 0.1222 0.2627 0.1451 0.4399 0.0081
50 0.0106 0.0992 0.1561 0.0236 0.6997 0.0110
51 0.0130 0.0185 0.0579 0.0423 0.8506 0.0178
52 0.0094 0.0180 0.0522 0.0167 0.8965 0.0071
53 0.0180 0.0224 0.0997 0.0159 0.8345 0.0093
54 0.0093 0.0053 0.0588 0.0315 0.8779 0.0174
55 0.0249 0.0385 0.1454 0.0345 0.7383 0.0186
56 0.0244 0.0303 0.1237 0.0566 0.7231 0.0421
57 0.0155 0.0134 0.0507 0.0251 0.8716 0.0236
58 0.0045 0.0035 0.0213 0.0123 0.9351 0.0234
59 0.0135 0.0156 0.0340 0.0261 0.8916 0.0191
60 0.0304 0.2908 0.5103 0.1440 0.0159 0.0084
61 0.0177 0.4609 0.2930 0.1722 0.0309 0.0252
62 0.0314 0.1487 0.3916 0.2734 0.0783 0.0765
63 0.0189 0.2164 0.6167 0.0697 0.0530 0.0255
64 0.0075 0.1763 0.2159 0.4500 0.1394 0.0108
65 0.0146 0.0321 0.0990 0.2000 0.6255 0.0286
66 0.0978 0.2700 0.3992 0.0912 0.0477 0.0941
67 0.0584 0.3464 0.4963 0.0414 0.0447 0.0125
68 0.0295 0.2449 0.4795 0.1631 0.0629 0.0201
69 0.0489 0.1530 0.4094 0.2333 0.0775 0.0781
70 0.0164 0.2448 0.3733 0.3047 0.0347 0.0262
71 0.0190 0.2091 0.3140 0.3906 0.0294 0.0381
72 0.0166 0.1530 0.3340 0.4028 0.0412 0.0524
73 0.0076 0.1687 0.3684 0.4048 0.0153 0.0351
74 0.0089 0.1970 0.3005 0.4304 0.0284 0.0348
75 0.0091 0.1816 0.3091 0.4094 0.0387 0.0521
76 0.0052 0.1232 0.2451 0.5522 0.0309 0.0432
77 0.0163 0.1633 0.4106 0.2233 0.1511 0.0353
78 0.0140 0.1807 0.3271 0.3323 0.1062 0.0397
79 0.0044 0.1450 0.1165 0.6396 0.0729 0.0215
80 0.0047 0.1027 0.1145 0.6094 0.1470 0.0217
81 0.0038 0.0652 0.0824 0.1276 0.7114 0.0094
82 0.0029 0.0155 0.0510 0.0605 0.8354 0.0345
83 0.0051 0.0909 0.1865 0.2285 0.4617 0.0273
84 0.0044 0.0498 0.1088 0.0483 0.7554 0.0332
85 0.0084 0.0178 0.0523 0.0210 0.8989 0.0013
86 0.0074 0.0152 0.0262 0.0180 0.9307 0.0023
87 0.0053 0.0169 0.0363 0.0274 0.9077 0.0064
88 0.0335 0.4309 0.2654 0.2101 0.0296 0.0305
89 0.0134 0.4558 0.2478 0.2678 0.0128 0.0024
90 0.0621 0.2067 0.3228 0.2474 0.1477 0.0134
91 0.0348 0.0367 0.2737 0.6362 0.0158 0.0025
92 0.0525 0.1472 0.5137 0.1567 0.0752 0.0546
93 0.1295 0.1527 0.2988 0.1503 0.2119 0.0566
94 0.0131 0.1569 0.1593 0.0381 0.6206 0.0122
95 0.0100 0.1937 0.1656 0.0600 0.5605 0.0101
96 0.0119 0.1829 0.1163 0.1317 0.5376 0.0197
97 0.0160 0.2421 0.2103 0.0756 0.4385 0.0175
98 0.0163 0.2175 0.1230 0.0513 0.5820 0.0097
99 0.0190 0.2773 0.1383 0.0229 0.5347 0.0079
100 0.0259 0.3176 0.1674 0.0265 0.4551 0.0077
101 0.0109 0.2295 0.1732 0.1248 0.4355 0.0260
102 0.0240 0.2805 0.1255 0.0346 0.5244 0.0111
103 0.0300 0.2529 0.1323 0.0403 0.5356 0.0089
104 0.0180 0.1992 0.1306 0.1083 0.5166 0.0270
105 0.0322 0.1912 0.1488 0.0370 0.5796 0.0112
106 0.0317 0.5400 0.2473 0.1560 0.0053 0.0197
107 0.0343 0.3862 0.2573 0.2827 0.0093 0.0303
108 0.0550 0.3367 0.2834 0.1666 0.1382 0.0201
109 0.0160 0.1954 0.3650 0.2510 0.1570 0.0157
110 0.0039 0.1836 0.2888 0.4075 0.0895 0.0267
111 0.0238 0.3164 0.3477 0.2708 0.0258 0.0156
112 0.0268 0.5679 0.3552 0.0418 0.0066 0.0017
113 0.0188 0.4409 0.3276 0.2019 0.0074 0.0035
114 0.0519 0.3335 0.3606 0.2152 0.0374 0.0015
115 0.0309 0.4688 0.2844 0.2032 0.0115 0.0012
116 0.0213 0.3982 0.4954 0.0766 0.0078 0.0008
117 0.0194 0.3967 0.5093 0.0572 0.0166 0.0006
118 0.0353 0.1332 0.3145 0.2910 0.2031 0.0230
119 0.0211 0.0792 0.3132 0.3550 0.1991 0.0323
120 0.0131 0.0556 0.2825 0.4656 0.1687 0.0145
121 0.0150 0.0911 0.2678 0.3899 0.1991 0.0371
122 0.0203 0.1021 0.2690 0.3245 0.2527 0.0316
123 0.0222 0.1126 0.2620 0.2539 0.3062 0.0434
124 0.0032 0.0421 0.1010 0.2104 0.6284 0.0150
125 0.0086 0.0873 0.3853 0.0212 0.4946 0.0029
126 0.0077 0.1814 0.3232 0.0683 0.4153 0.0041
127 0.0065 0.0804 0.1929 0.0626 0.6523 0.0053
128 0.0028 0.0184 0.0484 0.0289 0.8999 0.0017
129 0.0363 0.1992 0.0798 0.2517 0.3779 0.0549
130 0.0348 0.2067 0.1215 0.3684 0.2131 0.0556
131 0.0229 0.1980 0.2012 0.3877 0.1239 0.0663
132 0.0420 0.1852 0.1633 0.3352 0.2098 0.0645
133 0.0041 0.0242 0.0316 0.0153 0.9224 0.0024
134 0.0054 0.0486 0.0664 0.0517 0.8213 0.0065
135 0.0068 0.0919 0.1010 0.0575 0.7344 0.0082
136 0.0073 0.0871 0.1209 0.1328 0.6436 0.0086
137 0.0485 0.5093 0.3337 0.0837 0.0096 0.0153
138 0.0448 0.4927 0.3633 0.0756 0.0126 0.0109
139 0.0387 0.3450 0.3848 0.1555 0.0288 0.0474
140 0.0402 0.6284 0.2277 0.0603 0.0251 0.0182
141 0.0356 0.5225 0.2864 0.0873 0.0530 0.0152
142 0.0685 0.3818 0.4033 0.0638 0.0685 0.0140
143 0.0345 0.4172 0.3682 0.1168 0.0510 0.0125
144 0.0181 0.0444 0.3438 0.0101 0.5581 0.0255
145 0.0339 0.1545 0.5146 0.0789 0.1779 0.0400
146 0.0102 0.4609 0.2839 0.2177 0.0172 0.0101
147 0.0046 0.1472 0.1011 0.7358 0.0046 0.0067
148 0.0060 0.0902 0.2130 0.3457 0.3403 0.0047
149 0.0087 0.1763 0.1532 0.4363 0.2159 0.0095
150 0.0113 0.2074 0.1591 0.2174 0.3936 0.0112
151 0.0073 0.0614 0.0982 0.0450 0.7842 0.0038
152 0.1080 0.5034 0.2251 0.1196 0.0243 0.0195
153 0.0832 0.5176 0.2333 0.0935 0.0432 0.0292
154 0.0516 0.3162 0.3042 0.2482 0.0254 0.0545
155 0.1666 0.1801 0.2661 0.1436 0.1774 0.0663
156 0.1155 0.2581 0.2463 0.1288 0.2091 0.0421
157 0.1260 0.1935 0.3191 0.1221 0.1920 0.0474
158 0.0864 0.2368 0.3640 0.0934 0.1830 0.0363
159 0.1016 0.2695 0.3545 0.0977 0.1377 0.0392
160 0.0856 0.3254 0.3545 0.0883 0.1142 0.0320
161 0.0829 0.3989 0.2764 0.1161 0.0963 0.0294
162 0.0419 0.3882 0.3071 0.1791 0.0497 0.0339
163 0.0275 0.4045 0.4514 0.0748 0.0081 0.0335
164 0.0219 0.3967 0.4861 0.0757 0.0067 0.0132
165 0.0026 0.0284 0.0235 0.0037 0.9395 0.0021
166 0.0044 0.0587 0.0437 0.0084 0.8770 0.0078
167 0.0030 0.0543 0.0450 0.0100 0.8755 0.0121
168 0.0060 0.2260 0.0885 0.0134 0.6538 0.0124
169 0.0077 0.1146 0.0826 0.0084 0.7715 0.0153
170 0.0040 0.1050 0.0941 0.0207 0.7642 0.0122
171 0.0312 0.2133 0.4377 0.2825 0.0241 0.0111
172 0.0328 0.4351 0.3899 0.1083 0.0217 0.0123
173 0.0093 0.0700 0.1627 0.6851 0.0580 0.0147
174 0.0213 0.1431 0.5073 0.1224 0.1956 0.0104
175 0.0127 0.0975 0.5439 0.2163 0.1122 0.0175
176 0.0091 0.0826 0.3701 0.2142 0.2974 0.0264
177 0.0080 0.0907 0.3645 0.0595 0.4680 0.0093
178 0.0305 0.3835 0.4019 0.1599 0.0105 0.0138
179 0.0160 0.5190 0.3796 0.0630 0.0192 0.0031
180 0.0271 0.0854 0.5928 0.0720 0.0881 0.1344
181 0.0112 0.2015 0.5835 0.1322 0.0373 0.0345
182 0.0222 0.1517 0.5376 0.2073 0.0466 0.0344
183 0.0113 0.2086 0.6040 0.1412 0.0179 0.0171
184 0.0256 0.1249 0.2261 0.3501 0.2407 0.0326
185 0.0213 0.1009 0.1562 0.3928 0.2920 0.0366
186 0.0245 0.0232 0.1169 0.0159 0.8115 0.0081
187 0.0117 0.0244 0.1382 0.0706 0.7471 0.0081
188 0.0202 0.0271 0.1335 0.0210 0.7930 0.0054
189 0.0399 0.1381 0.6587 0.0272 0.1227 0.0137
190 0.0347 0.1310 0.6758 0.0273 0.1138 0.0175
191 0.0132 0.1722 0.4756 0.1520 0.1722 0.0147
192 0.0386 0.1082 0.6680 0.0247 0.1514 0.0093
193 0.0175 0.1356 0.5889 0.0692 0.1824 0.0064
194 0.0310 0.0835 0.6470 0.0465 0.1796 0.0127
195 0.0228 0.1141 0.7212 0.0291 0.1047 0.0084
196 0.0220 0.1042 0.5547 0.0536 0.2500 0.0156
197 0.0523 0.0755 0.2893 0.0743 0.4846 0.0239
198 0.0327 0.0953 0.3352 0.0719 0.4170 0.0479
199 0.0398 0.2896 0.4084 0.0646 0.1813 0.0162
200 0.0136 0.1293 0.4656 0.1313 0.2415 0.0188
201 0.0095 0.0363 0.2328 0.4351 0.2120 0.0744
202 0.0387 0.3218 0.1012 0.4829 0.0237 0.0319
203 0.0216 0.0447 0.1941 0.4443 0.2825 0.0127
204 0.0046 0.0108 0.0878 0.0851 0.7705 0.0408
205 0.0222 0.0463 0.3640 0.0254 0.5381 0.0039
206 0.0178 0.0343 0.1613 0.0126 0.7695 0.0047
207 0.0051 0.0154 0.0667 0.0111 0.8926 0.0089
208 0.0048 0.0207 0.0974 0.0180 0.8413 0.0180
209 0.0064 0.0651 0.1768 0.2035 0.5195 0.0286
210 0.0089 0.2891 0.4204 0.0635 0.1837 0.0345
211 0.0059 0.1145 0.5132 0.0673 0.2664 0.0328
212 0.0081 0.0778 0.2432 0.0479 0.6113 0.0116
213 0.0059 0.1050 0.4155 0.1287 0.3186 0.0264
214 0.0162 0.1304 0.3892 0.2084 0.2115 0.0443
215 0.0100 0.1312 0.5356 0.1442 0.1312 0.0475
216 0.0097 0.1510 0.2822 0.3567 0.1711 0.0291
217 0.0054 0.1244 0.2759 0.4998 0.0578 0.0368
218 0.0309 0.1176 0.4041 0.0620 0.3564 0.0290
219 0.0086 0.1339 0.1060 0.0108 0.7358 0.0050
220 0.0080 0.1300 0.1260 0.0283 0.7026 0.0051
221 0.0088 0.2620 0.2072 0.0227 0.4971 0.0024
222 0.0059 0.0177 0.1101 0.4028 0.4155 0.0481
223 0.0086 0.0400 0.2302 0.2339 0.4302 0.0573
224 0.0083 0.0785 0.3010 0.3518 0.2307 0.0298
225 0.0149 0.0677 0.3496 0.2598 0.2766 0.0315
226 0.0194 0.1404 0.5464 0.0800 0.1888 0.0250
227 0.0043 0.0563 0.1229 0.7769 0.0194 0.0204
228 0.0161 0.2510 0.3652 0.2981 0.0514 0.0183
229 0.0131 0.1173 0.2297 0.2563 0.3503 0.0334
230 0.0052 0.1699 0.2434 0.1344 0.4407 0.0064
231 0.0066 0.2064 0.2302 0.1292 0.4236 0.0041
232 0.0068 0.1403 0.3064 0.1947 0.3472 0.0048
233 0.0039 0.0531 0.1884 0.1197 0.6270 0.0079
234 0.0054 0.1418 0.1793 0.1938 0.4724 0.0070
235 0.0051 0.1562 0.1771 0.3059 0.3467 0.0088
236 0.0045 0.1619 0.2112 0.2079 0.4070 0.0076
237 0.0056 0.2615 0.2656 0.3252 0.1274 0.0147
238 0.0049 0.1975 0.2659 0.2498 0.2742 0.0077
239 0.0036 0.1592 0.1832 0.5557 0.0852 0.0134
240 0.0039 0.1322 0.1261 0.6611 0.0645 0.0123
241 0.1765 0.1038 0.0888 0.3098 0.0388 0.2822
242 0.2522 0.5771 0.0812 0.0481 0.0393 0.0018
243 0.2634 0.5620 0.0767 0.0597 0.0359 0.0024
244 0.2664 0.5552 0.0769 0.0623 0.0366 0.0025
245 0.3215 0.5137 0.0701 0.0638 0.0285 0.0023
246 0.2406 0.4709 0.1163 0.1085 0.0558 0.0079
247 0.1136 0.1553 0.1349 0.1288 0.0181 0.4492
