time exciting_prob fearful_prob tense_prob sad_prob relaxing_prob neutral_prob
0 0.1136 0.1553 0.1349 0.1288 0.0181 0.4492
1 0.1633 0.0288 0.1659 0.4951 0.0218 0.1252
2 0.2456 0.2134 0.2272 0.2418 0.0137 0.0583
3 0.4470 0.0124 0.0422 0.4834 0.0061 0.0089
4 0.6597 0.0254 0.0390 0.2625 0.0038 0.0095
5 0.2371 0.0311 0.0164 0.3730 0.3345 0.0080
6 0.3662 0.0488 0.0210 0.2054 0.3550 0.0035
7 0.4849 0.0704 0.0317 0.1179 0.2939 0.0011
8 0.0636 0.1265 0.2852 0.0374 0.4849 0.0026
9 0.6758 0.0370 0.2264 0.0237 0.0321 0.0048
10 0.7896 0.0246 0.1495 0.0184 0.0137 0.0040
11 0.7969 0.0304 0.1364 0.0129 0.0062 0.0171
12 0.4944 0.2952 0.0696 0.1183 0.0064 0.0163
13 0.5508 0.3843 0.0184 0.0456 0.0007 0.0004
14 0.2605 0.3093 0.3345 0.0758 0.0016 0.0183
15 0.4863 0.2949 0.2028 0.0119 0.0026 0.0015
16 0.2527 0.0669 0.2585 0.1791 0.2161 0.0268
17 0.1675 0.0519 0.3491 0.2380 0.1561 0.0374
18 0.4373 0.0245 0.2065 0.1047 0.1595 0.0676
19 0.2678 0.1016 0.3081 0.1898 0.0444 0.0883
20 0.2358 0.2050 0.4138 0.0923 0.0312 0.0218
21 0.4299 0.0724 0.1710 0.1261 0.1030 0.0975
22 0.0723 0.3501 0.2603 0.1641 0.0663 0.0872
23 0.1044 0.3816 0.4258 0.0679 0.0087 0.0116
24 0.1030 0.1205 0.4512 0.1398 0.0221 0.1635
25 0.2922 0.3235 0.1962 0.0971 0.0217 0.0694
26 0.1344 0.1387 0.4077 0.0924 0.1796 0.0472
27 0.0376 0.0432 0.8159 0.0429 0.0331 0.0275
28 0.1547 0.0888 0.3098 0.1924 0.1752 0.0790
29 0.4797 0.1396 0.2096 0.0577 0.0119 0.1014
30 0.3687 0.1990 0.2255 0.1294 0.0574 0.0200
31 0.3740 0.1635 0.3101 0.0822 0.0237 0.0464
32 0.1893 0.1710 0.2932 0.1658 0.0675 0.1130
33 0.1909 0.2114 0.3623 0.1223 0.0719 0.0410
34 0.1846 0.0474 0.5820 0.1415 0.0276 0.0170
35 0.3032 0.3032 0.2825 0.0621 0.0325 0.0166
36 0.0257 0.1082 0.5942 0.2255 0.0349 0.0117
37 0.2498 0.3633 0.1813 0.1625 0.0034 0.0398
38 0.3823 0.0624 0.3347 0.0577 0.1533 0.0094
39 0.1918 0.0508 0.4973 0.1307 0.0219 0.1075
40 0.1656 0.2668 0.3704 0.1250 0.0347 0.0373
41 0.0397 0.4072 0.2842 0.0388 0.2284 0.0017
42 0.0627 0.1425 0.5771 0.1577 0.0344 0.0257
43 0.1174 0.2625 0.2795 0.0981 0.2354 0.0072
44 0.2783 0.1151 0.3716 0.1444 0.0371 0.0535
45 0.1938 0.0685 0.4648 0.1407 0.0353 0.0967
46 0.2556 0.0363 0.5493 0.0970 0.0519 0.0099
47 0.3821 0.0690 0.3943 0.0936 0.0490 0.0121
48 0.0640 0.1500 0.6885 0.0760 0.0167 0.0047
49 0.2462 0.1627 0.3872 0.0812 0.0806 0.0421
50 0.0688 0.2039 0.3870 0.3108 0.0259 0.0036
51 0.1011 0.2544 0.2209 0.0501 0.3643 0.0092
52 0.0701 0.1210 0.5640 0.1393 0.1019 0.0036
53 0.0455 0.2808 0.2852 0.3604 0.0068 0.0215
54 0.0883 0.1675 0.1345 0.1056 0.4998 0.0044
55 0.0860 0.4365 0.1737 0.0397 0.0172 0.2468
56 0.0718 0.6396 0.0893 0.0268 0.0229 0.1495
57 0.1648 0.0790 0.5078 0.1957 0.0433 0.0095
58 0.0424 0.1960 0.3284 0.3181 0.0166 0.0986
59 0.1399 0.2217 0.2915 0.2343 0.0430 0.0698
60 0.2837 0.1182 0.3291 0.1068 0.1415 0.0209
61 0.0530 0.7153 0.1186 0.0241 0.0197 0.0692
62 0.3713 0.1584 0.2252 0.1169 0.1047 0.0232
63 0.1807 0.0867 0.1779 0.1864 0.3298 0.0385
64 0.2201 0.2100 0.3357 0.1512 0.0417 0.0414
65 0.3479 0.1342 0.1631 0.1251 0.1968 0.0329
66 0.0916 0.1582 0.5967 0.0777 0.0505 0.0252
67 0.1940 0.3767 0.3887 0.0095 0.0254 0.0056
68 0.3667 0.3262 0.1802 0.0885 0.0338 0.0044
69 0.3164 0.0609 0.5601 0.0439 0.0172 0.0017
70 0.2401 0.2291 0.2401 0.1770 0.0704 0.0434
71 0.3586 0.1111 0.4463 0.0422 0.0339 0.0077
72 0.4102 0.0795 0.2908 0.1556 0.0450 0.0187
73 0.1930 0.0553 0.6582 0.0566 0.0323 0.0049
74 0.1775 0.1182 0.1172 0.4639 0.0283 0.0950
75 0.2969 0.3965 0.1481 0.0496 0.0972 0.0118
76 0.0593 0.3806 0.4050 0.0142 0.0499 0.0911
77 0.3748 0.0267 0.1650 0.2637 0.0424 0.1274
78 0.4382 0.0626 0.4084 0.0477 0.0360 0.0070
79 0.1309 0.2483 0.5054 0.0467 0.0567 0.0118
80 0.0636 0.1742 0.2939 0.3384 0.0166 0.1133
81 0.1396 0.0945 0.3247 0.3247 0.0103 0.1063
82 0.1188 0.0274 0.1650 0.5942 0.0118 0.0829
83 0.5415 0.0948 0.2876 0.0448 0.0294 0.0018
84 0.3735 0.1737 0.2776 0.0547 0.1014 0.0189
85 0.4241 0.1926 0.1852 0.0213 0.1398 0.0370
86 0.2026 0.3264 0.2705 0.1542 0.0143 0.0318
87 0.4189 0.2542 0.2522 0.0231 0.0435 0.0084
88 0.1118 0.2559 0.5332 0.0201 0.0722 0.0067
89 0.4451 0.2498 0.2256 0.0247 0.0466 0.0082
90 0.4465 0.0886 0.1655 0.0958 0.1351 0.0685
91 0.2450 0.1632 0.1354 0.3457 0.0582 0.0526
92 0.4741 0.1135 0.2722 0.0473 0.0799 0.0127
93 0.5239 0.1675 0.1478 0.0206 0.1000 0.0398
94 0.4546 0.2303 0.0881 0.0353 0.1895 0.0022
95 0.2595 0.1315 0.3130 0.2457 0.0156 0.0346
96 0.3894 0.0810 0.2344 0.0939 0.0836 0.1178
97 0.2310 0.0646 0.6279 0.0584 0.0171 0.0012
98 0.2006 0.1812 0.3926 0.1663 0.0410 0.0184
99 0.3066 0.0957 0.4822 0.0545 0.0466 0.0143
100 0.3291 0.2625 0.2408 0.0180 0.1416 0.0079
101 0.6367 0.1098 0.1072 0.0401 0.1008 0.0054
102 0.4187 0.1505 0.3525 0.0618 0.0105 0.0059
103 0.2325 0.4482 0.2101 0.0098 0.0607 0.0386
104 0.1444 0.5537 0.2101 0.0303 0.0612 0.0004
105 0.5659 0.0547 0.3274 0.0367 0.0121 0.0033
106 0.2336 0.0482 0.6304 0.0674 0.0182 0.0023
107 0.1354 0.0361 0.6768 0.1407 0.0083 0.0027
108 0.4160 0.0372 0.4465 0.0674 0.0222 0.0106
109 0.5112 0.2081 0.1272 0.0373 0.0539 0.0625
110 0.2666 0.0449 0.5869 0.0712 0.0254 0.0048
111 0.3218 0.0292 0.4131 0.1847 0.0375 0.0138
112 0.2400 0.0469 0.4146 0.2476 0.0447 0.0063
113 0.3081 0.1142 0.5200 0.0472 0.0082 0.0024
114 0.1892 0.2264 0.2391 0.2861 0.0244 0.0347
115 0.4597 0.0864 0.1639 0.0986 0.1075 0.0837
116 0.4473 0.0998 0.1429 0.1659 0.1301 0.0139
117 0.5811 0.1083 0.1392 0.1163 0.0346 0.0204
118 0.3679 0.0591 0.4797 0.0510 0.0391 0.0031
119 0.5337 0.1505 0.1339 0.0865 0.0763 0.0190
120 0.2915 0.0626 0.5278 0.0961 0.0182 0.0039
121 0.2301 0.0271 0.5967 0.1222 0.0183 0.0056
122 0.6348 0.0770 0.1617 0.0559 0.0664 0.0041
123 0.3423 0.0313 0.2407 0.3140 0.0550 0.0168
124 0.4426 0.0892 0.3164 0.0928 0.0512 0.0078
125 0.4719 0.0782 0.3047 0.0591 0.0814 0.0046
126 0.0623 0.6006 0.1495 0.0301 0.0418 0.1155
127 0.1299 0.0412 0.3530 0.2927 0.0966 0.0865
128 0.1631 0.1656 0.3704 0.1221 0.1147 0.0638
129 0.1392 0.0632 0.6187 0.1528 0.0172 0.0088
130 0.1766 0.0353 0.2269 0.3486 0.1302 0.0822
131 0.2477 0.4888 0.1757 0.0421 0.0257 0.0203
132 0.3901 0.0898 0.3901 0.0728 0.0485 0.0085
133 0.1624 0.1124 0.5117 0.0737 0.1016 0.0380
134 0.7559 0.0616 0.0939 0.0506 0.0356 0.0027
135 0.0769 0.0757 0.0825 0.2369 0.5254 0.0023
136 0.2255 0.0565 0.1974 0.3057 0.1016 0.1133
137 0.3252 0.0606 0.3279 0.2399 0.0377 0.0087
138 0.4688 0.0479 0.2798 0.1418 0.0464 0.0154
139 0.2112 0.0334 0.3145 0.2776 0.1176 0.0457
140 0.4478 0.0404 0.3101 0.1344 0.0597 0.0076
141 0.3596 0.0539 0.4011 0.1063 0.0742 0.0051
142 0.0315 0.0271 0.8062 0.1108 0.0162 0.0083
143 0.4619 0.2512 0.2415 0.0280 0.0111 0.0064
144 0.1472 0.0329 0.5347 0.1129 0.0944 0.0782
145 0.1146 0.1094 0.2708 0.3701 0.0623 0.0729
146 0.1521 0.1353 0.4167 0.1658 0.1005 0.0297
147 0.0785 0.1929 0.3518 0.0020 0.3745 0.0002
148 0.0284 0.0587 0.7856 0.1055 0.0094 0.0123
149 0.0374 0.0637 0.0396 0.0136 0.8452 0.0004
150 0.4170 0.0479 0.3594 0.1167 0.0543 0.0046
151 0.0954 0.0511 0.1478 0.0112 0.6938 0.0005
152 0.0804 0.1466 0.6572 0.0327 0.0823 0.0008
153 0.2825 0.0709 0.4175 0.0650 0.1635 0.0007
154 0.2678 0.0641 0.4888 0.0048 0.1743 0.0004
155 0.0956 0.2681 0.1412 0.0727 0.4216 0.0009
156 0.1003 0.0695 0.6099 0.0321 0.1874 0.0009
157 0.1174 0.1580 0.6104 0.0669 0.0439 0.0039
158 0.1644 0.2449 0.2430 0.0675 0.2798 0.0006
159 0.4292 0.1642 0.3115 0.0344 0.0581 0.0027
160 0.4270 0.1387 0.2651 0.0385 0.1293 0.0015
161 0.0996 0.0893 0.0723 0.0027 0.7358 0.0001
162 0.4041 0.1232 0.3323 0.0286 0.1105 0.0014
163 0.1383 0.0629 0.0521 0.1405 0.6055 0.0005
164 0.0972 0.3086 0.0812 0.1172 0.3933 0.0025
165 0.0984 0.2593 0.1660 0.0351 0.4409 0.0004
166 0.5825 0.1111 0.2228 0.0364 0.0460 0.0012
167 0.2286 0.1039 0.3125 0.0063 0.3486 0.0001
168 0.1925 0.1768 0.4917 0.0731 0.0620 0.0039
169 0.2788 0.2944 0.1871 0.0710 0.1677 0.0010
170 0.5337 0.0706 0.3042 0.0474 0.0358 0.0084
171 0.2578 0.1744 0.4150 0.1266 0.0245 0.0017
172 0.5142 0.0497 0.3191 0.0279 0.0886 0.0007
173 0.5371 0.0970 0.3083 0.0211 0.0343 0.0020
174 0.1201 0.1110 0.4358 0.3018 0.0262 0.0051
175 0.3303 0.0611 0.4587 0.0917 0.0548 0.0034
176 0.1215 0.0332 0.0841 0.0112 0.7500 0.0001
177 0.1873 0.3088 0.3843 0.0098 0.1093 0.0005
178 0.0092 0.0090 0.0428 0.0074 0.9307 0.0008
179 0.2283 0.1779 0.1475 0.1232 0.3220 0.0013
180 0.1831 0.1404 0.5137 0.0921 0.0658 0.0050
181 0.2258 0.1873 0.4353 0.0558 0.0949 0.0010
182 0.1226 0.0661 0.3774 0.2986 0.0280 0.1073
183 0.4690 0.0583 0.3052 0.1262 0.0373 0.0038
184 0.1488 0.0232 0.4475 0.1243 0.0239 0.2322
185 0.0665 0.0828 0.5151 0.1895 0.0802 0.0660
186 0.1862 0.1193 0.3760 0.1086 0.0859 0.1240
187 0.2039 0.0524 0.5005 0.1237 0.0444 0.0750
188 0.0701 0.1531 0.4863 0.1904 0.0529 0.0471
189 0.1741 0.0345 0.2288 0.1133 0.4443 0.0049
190 0.1929 0.0360 0.2576 0.1236 0.3777 0.0122
191 0.2311 0.2239 0.3809 0.1359 0.0182 0.0101
192 0.3027 0.0654 0.2932 0.1194 0.1396 0.0796
193 0.3643 0.1240 0.3191 0.0718 0.0859 0.0350
194 0.3022 0.0690 0.1952 0.1005 0.3293 0.0035
195 0.2322 0.0291 0.3174 0.2715 0.1150 0.0348
196 0.2478 0.0897 0.4666 0.1827 0.0082 0.0052
197 0.3901 0.1002 0.3994 0.0647 0.0389 0.0069
198 0.2522 0.0428 0.3162 0.1339 0.0272 0.2278
199 0.0811 0.1246 0.4890 0.1327 0.0346 0.1379
200 0.2512 0.0410 0.4768 0.1726 0.0461 0.0123
201 0.1412 0.0762 0.3110 0.3870 0.0780 0.0066
202 0.2632 0.0938 0.3125 0.2286 0.0720 0.0300
203 0.2571 0.0578 0.6265 0.0213 0.0172 0.0204
204 0.3096 0.0560 0.2266 0.3591 0.0345 0.0141
205 0.0991 0.0547 0.6167 0.1063 0.0314 0.0917
206 0.1515 0.0682 0.5806 0.1676 0.0249 0.0071
207 0.2407 0.2644 0.3816 0.0326 0.0638 0.0170
208 0.2837 0.0819 0.4863 0.0800 0.0390 0.0290
209 0.1271 0.1037 0.5562 0.1462 0.0422 0.0246
210 0.1935 0.0456 0.2644 0.3191 0.0323 0.1449
211 0.0259 0.1704 0.6636 0.1118 0.0115 0.0170
212 0.1454 0.1660 0.5615 0.0307 0.0842 0.0119
213 0.1882 0.0645 0.5796 0.1273 0.0332 0.0070
214 0.3333 0.1090 0.4734 0.0392 0.0424 0.0028
215 0.2715 0.0606 0.5356 0.0660 0.0611 0.0049
216 0.0625 0.2234 0.4692 0.1866 0.0502 0.0078
217 0.1418 0.0923 0.4688 0.1510 0.0551 0.0909
218 0.3230 0.0540 0.4451 0.0985 0.0726 0.0068
219 0.0733 0.1390 0.4631 0.2257 0.0103 0.0884
220 0.0817 0.0451 0.7876 0.0296 0.0374 0.0185
221 0.0618 0.0695 0.6387 0.1392 0.0751 0.0160
222 0.1954 0.0388 0.3027 0.3708 0.0719 0.0203
223 0.4165 0.1736 0.2976 0.0329 0.0770 0.0025
224 0.1534 0.0526 0.6616 0.0273 0.0615 0.0436
225 0.3330 0.0869 0.5361 0.0275 0.0136 0.0029
226 0.5562 0.0713 0.2566 0.0894 0.0201 0.0064
227 0.2491 0.0703 0.4993 0.0736 0.0385 0.0692
228 0.2986 0.0842 0.1610 0.2494 0.0626 0.1443
229 0.2463 0.0399 0.2296 0.1903 0.0296 0.2642
230 0.3831 0.0592 0.3684 0.1196 0.0635 0.0065
231 0.1032 0.0424 0.4148 0.3777 0.0469 0.0151
232 0.0786 0.1526 0.5454 0.1599 0.0476 0.0160
233 0.2402 0.0970 0.4739 0.1357 0.0473 0.0057
234 0.1152 0.1613 0.3108 0.2966 0.1033 0.0129
235 0.2830 0.0651 0.3691 0.2346 0.0354 0.0127
236 0.4575 0.0922 0.3618 0.0155 0.0713 0.0016
237 0.2333 0.0648 0.5298 0.1119 0.0546 0.0055
238 0.0590 0.1019 0.4001 0.3877 0.0276 0.0237
239 0.1177 0.0282 0.3596 0.3652 0.0221 0.1071
240 0.3628 0.1115 0.4622 0.0472 0.0154 0.0008
241 0.3037 0.0927 0.3496 0.1600 0.0837 0.0102
242 0.0642 0.2664 0.5132 0.1238 0.0250 0.0076
243 0.3540 0.1105 0.4272 0.0510 0.0514 0.0058
244 0.3591 0.0184 0.2754 0.1697 0.0429 0.1343
245 0.0928 0.0396 0.4678 0.2749 0.0690 0.0559
246 0.1378 0.1854 0.5000 0.0817 0.0715 0.0234
247 0.1021 0.1037 0.2078 0.4070 0.0356 0.1439
248 0.2461 0.0775 0.5010 0.1172 0.0528 0.0054
249 0.3657 0.0374 0.3862 0.1674 0.0330 0.0105
250 0.5605 0.1497 0.2411 0.0100 0.0367 0.0021
251 0.1788 0.0428 0.4028 0.1774 0.1530 0.0452
252 0.3352 0.2130 0.3379 0.0556 0.0506 0.0077
253 0.1085 0.1405 0.5181 0.1996 0.0290 0.0045
254 0.2935 0.0522 0.5312 0.0803 0.0295 0.0131
255 0.0785 0.1661 0.6572 0.0444 0.0398 0.0142
256 0.1897 0.0317 0.6270 0.1016 0.0423 0.0079
257 0.1262 0.3708 0.4270 0.0376 0.0382 0.0002
258 0.1377 0.0385 0.2983 0.2512 0.0111 0.2632
259 0.3479 0.1193 0.3616 0.0735 0.0951 0.0027
260 0.5698 0.0506 0.3247 0.0359 0.0160 0.0032
261 0.1234 0.0531 0.6772 0.1243 0.0150 0.0069
262 0.1367 0.2849 0.3330 0.0925 0.1432 0.0098
263 0.0671 0.1537 0.5986 0.0656 0.1000 0.0150
264 0.1097 0.0748 0.4304 0.2268 0.0443 0.1140
265 0.3745 0.0767 0.3303 0.1098 0.0984 0.0103
266 0.6943 0.0325 0.1742 0.0732 0.0199 0.0059
267 0.6523 0.0527 0.1783 0.0597 0.0495 0.0076
268 0.5322 0.0379 0.3008 0.0646 0.0454 0.0192
269 0.2422 0.0805 0.4893 0.1010 0.0532 0.0338
270 0.4377 0.0876 0.3303 0.0749 0.0592 0.0101
271 0.1432 0.5039 0.3152 0.0080 0.0195 0.0102
272 0.1142 0.1715 0.2893 0.2761 0.0243 0.1245
273 0.1412 0.4351 0.3184 0.0341 0.0200 0.0511
274 0.3306 0.0289 0.5239 0.0855 0.0280 0.0031
275 0.3696 0.0378 0.4746 0.0745 0.0393 0.0040
276 0.5024 0.0345 0.3792 0.0464 0.0203 0.0172
277 0.1186 0.1547 0.0953 0.3076 0.0350 0.2888
