time exciting_prob fearful_prob tense_prob sad_prob relaxing_prob neutral_prob
0 0.1136 0.1553 0.1349 0.1288 0.0181 0.4492
1 0.0165 0.5991 0.2898 0.0477 0.0330 0.0138
2 0.0221 0.4475 0.1880 0.1793 0.1114 0.0518
3 0.0363 0.3811 0.1136 0.1639 0.2294 0.0756
4 0.0318 0.3188 0.1733 0.2444 0.1680 0.0638
5 0.0170 0.2903 0.1934 0.3140 0.0819 0.1035
6 0.0161 0.3391 0.2480 0.1381 0.1218 0.1370
7 0.0660 0.1938 0.2001 0.2778 0.0654 0.1969
8 0.0564 0.3120 0.1696 0.3479 0.0309 0.0833
9 0.1004 0.4573 0.1567 0.1605 0.0419 0.0833
10 0.1162 0.5332 0.1423 0.0884 0.0477 0.0721
11 0.1393 0.3728 0.0980 0.1680 0.0972 0.1248
12 0.0178 0.4082 0.1688 0.2476 0.0890 0.0687
13 0.1699 0.2825 0.1597 0.1622 0.0476 0.1781
14 0.3081 0.2676 0.1133 0.0693 0.1082 0.1335
15 0.2793 0.0914 0.0728 0.2175 0.0684 0.2708
16 0.2646 0.1300 0.0795 0.1353 0.2336 0.1569
17 0.1835 0.2128 0.2488 0.1251 0.1835 0.0464
18 0.0228 0.3591 0.2908 0.1544 0.0801 0.0930
19 0.2842 0.1375 0.1232 0.2432 0.0724 0.1396
20 0.0770 0.2605 0.2566 0.0859 0.0154 0.3047
21 0.0231 0.4536 0.1461 0.1891 0.1183 0.0696
22 0.0689 0.2500 0.0549 0.2620 0.0405 0.3235
23 0.0636 0.3491 0.0276 0.2101 0.0163 0.3333
24 0.1262 0.3147 0.1054 0.2375 0.0450 0.1711
25 0.1103 0.2390 0.1449 0.2974 0.0679 0.1405
26 0.0650 0.4512 0.0953 0.0574 0.3054 0.0257
27 0.0728 0.4858 0.2332 0.0818 0.0632 0.0632
28 0.0361 0.5654 0.2510 0.0834 0.0256 0.0385
29 0.1028 0.5469 0.2408 0.0456 0.0550 0.0088
30 0.0790 0.5703 0.2198 0.0569 0.0510 0.0232
31 0.1061 0.3879 0.3047 0.0846 0.0685 0.0482
32 0.0374 0.3928 0.2382 0.2382 0.0527 0.0407
33 0.1145 0.4819 0.1050 0.1448 0.1229 0.0308
34 0.0741 0.5562 0.0807 0.1644 0.1005 0.0239
35 0.0754 0.4995 0.1106 0.1753 0.1141 0.0251
36 0.0536 0.2810 0.2139 0.1801 0.0135 0.2578
37 0.0860 0.7427 0.0509 0.0526 0.0159 0.0518
38 0.0775 0.7129 0.0576 0.0618 0.0183 0.0717
39 0.0439 0.7959 0.1329 0.0125 0.0048 0.0103
40 0.0684 0.6431 0.0927 0.1257 0.0283 0.0418
41 0.0632 0.4778 0.0780 0.2310 0.1100 0.0401
42 0.0056 0.1633 0.0861 0.6768 0.0182 0.0498
43 0.1235 0.7104 0.0682 0.0317 0.0557 0.0105
44 0.0312 0.6177 0.1357 0.0940 0.0970 0.0243
45 0.0609 0.2644 0.5688 0.0363 0.0133 0.0563
46 0.4260 0.0958 0.1230 0.2028 0.0813 0.0712
47 0.1670 0.2336 0.4231 0.0493 0.0207 0.1061
48 0.1241 0.1696 0.5474 0.0922 0.0246 0.0422
49 0.2534 0.2915 0.0621 0.2324 0.0162 0.1443
50 0.2438 0.2438 0.1074 0.3254 0.0225 0.0570
51 0.0218 0.4243 0.0666 0.0491 0.2893 0.1489
52 0.0221 0.4109 0.0506 0.0373 0.2590 0.2200
53 0.0214 0.4004 0.0311 0.0387 0.3562 0.1520
54 0.0237 0.3628 0.0518 0.0327 0.3303 0.1987
55 0.0236 0.6729 0.1255 0.0362 0.0876 0.0544
56 0.0390 0.4641 0.3264 0.0233 0.0695 0.0776
57 0.0236 0.6689 0.1163 0.0424 0.0485 0.1002
58 0.0271 0.2323 0.4656 0.1055 0.0835 0.0861
59 0.0370 0.1923 0.3428 0.2469 0.0510 0.1301
60 0.0726 0.2942 0.1009 0.1433 0.1082 0.2808
61 0.0210 0.1390 0.2256 0.0532 0.0836 0.4775
62 0.0294 0.6279 0.3013 0.0133 0.0240 0.0044
63 0.0105 0.7271 0.2474 0.0029 0.0069 0.0050
64 0.0537 0.3289 0.2812 0.1932 0.0481 0.0949
65 0.0665 0.5024 0.3735 0.0409 0.0074 0.0091
66 0.1300 0.2411 0.0989 0.3618 0.1321 0.0361
67 0.0917 0.4841 0.1431 0.1896 0.0742 0.0175
68 0.0568 0.3296 0.3975 0.1139 0.0422 0.0600
69 0.0774 0.4453 0.2498 0.1337 0.0584 0.0354
70 0.0370 0.6880 0.1214 0.1312 0.0186 0.0039
71 0.2301 0.1892 0.0795 0.2230 0.2468 0.0314
72 0.2432 0.1271 0.0538 0.2249 0.2649 0.0860
73 0.1650 0.3308 0.2578 0.0715 0.1337 0.0411
74 0.3586 0.1555 0.1372 0.1875 0.0229 0.1383
75 0.3337 0.2139 0.2172 0.1392 0.0233 0.0728
76 0.0653 0.5137 0.3291 0.0788 0.0092 0.0040
77 0.0509 0.5386 0.3345 0.0674 0.0061 0.0024
78 0.0805 0.5811 0.1771 0.1237 0.0068 0.0310
79 0.1552 0.3210 0.0751 0.2172 0.0584 0.1731
80 0.0848 0.4143 0.2986 0.1324 0.0154 0.0544
81 0.2047 0.2197 0.2610 0.2163 0.0605 0.0379
82 0.1790 0.4194 0.0928 0.2408 0.0347 0.0334
83 0.2861 0.3242 0.2317 0.0378 0.1094 0.0108
84 0.1117 0.6787 0.1246 0.0444 0.0352 0.0053
85 0.1192 0.2666 0.3069 0.1890 0.0422 0.0764
86 0.1274 0.6675 0.1032 0.0527 0.0451 0.0039
87 0.1843 0.5049 0.1110 0.0964 0.0979 0.0054
88 0.0857 0.7642 0.0971 0.0323 0.0187 0.0023
89 0.0800 0.8018 0.0695 0.0244 0.0237 0.0007
90 0.0842 0.7686 0.0791 0.0371 0.0284 0.0026
91 0.1164 0.5728 0.1239 0.0942 0.0900 0.0027
92 0.1372 0.3164 0.1775 0.3264 0.0381 0.0044
93 0.1611 0.7051 0.0626 0.0263 0.0407 0.0042
94 0.1575 0.1082 0.2988 0.2086 0.0792 0.1479
95 0.0862 0.3330 0.2893 0.2118 0.0677 0.0119
96 0.2842 0.1807 0.1475 0.2798 0.0339 0.0741
97 0.1825 0.1160 0.1024 0.5366 0.0561 0.0065
98 0.1455 0.1265 0.3545 0.2986 0.0298 0.0451
99 0.3025 0.1157 0.1805 0.3169 0.0629 0.0214
100 0.1813 0.0528 0.2808 0.2988 0.0451 0.1412
101 0.1549 0.0511 0.2939 0.3601 0.0351 0.1048
102 0.1423 0.0524 0.3809 0.2876 0.0532 0.0837
103 0.1620 0.0938 0.2932 0.3123 0.0342 0.1046
104 0.1261 0.0696 0.1570 0.3481 0.0634 0.2356
105 0.2113 0.1242 0.1185 0.4202 0.0397 0.0861
106 0.1741 0.0703 0.3354 0.2915 0.0410 0.0875
107 0.0867 0.0840 0.4199 0.2712 0.0286 0.1096
108 0.1134 0.1503 0.3838 0.2439 0.0389 0.0699
109 0.0942 0.0346 0.1553 0.6338 0.0301 0.0520
110 0.0742 0.3455 0.3855 0.1301 0.0534 0.0115
111 0.1206 0.6128 0.1432 0.0962 0.0223 0.0051
112 0.0718 0.5269 0.2412 0.1122 0.0406 0.0072
113 0.2452 0.1571 0.0720 0.2034 0.0400 0.2822
114 0.0693 0.0978 0.0963 0.3748 0.0154 0.3467
115 0.0147 0.0483 0.0737 0.0692 0.0023 0.7920
116 0.0468 0.1635 0.0351 0.2003 0.0100 0.5444
117 0.0793 0.4856 0.1109 0.1902 0.0084 0.1257
118 0.0552 0.6079 0.1179 0.1133 0.0849 0.0208
119 0.0392 0.5581 0.1960 0.1025 0.0823 0.0217
120 0.0892 0.5381 0.0950 0.2174 0.0428 0.0174
121 0.0493 0.6294 0.1249 0.1803 0.0082 0.0082
122 0.1007 0.5151 0.0881 0.2083 0.0720 0.0157
123 0.0759 0.6924 0.0814 0.0522 0.0901 0.0080
124 0.0604 0.3669 0.1268 0.3291 0.0712 0.0456
125 0.0511 0.7163 0.1000 0.0876 0.0247 0.0205
126 0.0336 0.6689 0.2040 0.0622 0.0178 0.0138
127 0.0510 0.7090 0.1038 0.0930 0.0235 0.0197
128 0.0501 0.6860 0.1604 0.0563 0.0233 0.0237
129 0.0656 0.5117 0.3057 0.0823 0.0188 0.0157
130 0.1025 0.0905 0.1689 0.4055 0.0739 0.1588
131 0.2145 0.0847 0.3323 0.1807 0.1281 0.0600
132 0.2588 0.3511 0.1087 0.2529 0.0266 0.0020
133 0.2788 0.3418 0.0571 0.2900 0.0289 0.0033
134 0.0677 0.1305 0.3601 0.1729 0.0849 0.1840
135 0.2122 0.3723 0.0878 0.2683 0.0496 0.0099
136 0.1831 0.4568 0.0832 0.2316 0.0399 0.0054
137 0.1298 0.2190 0.2600 0.2074 0.1692 0.0146
138 0.1189 0.0856 0.2086 0.3550 0.1703 0.0617
139 0.2333 0.3237 0.0865 0.2388 0.1102 0.0076
140 0.1305 0.2942 0.2069 0.2220 0.1033 0.0430
141 0.1555 0.1935 0.1803 0.3091 0.0505 0.1111
142 0.1962 0.4456 0.1447 0.1539 0.0540 0.0057
143 0.2035 0.2306 0.0578 0.4622 0.0407 0.0053
144 0.2612 0.1355 0.0984 0.1560 0.2217 0.1273
145 0.0904 0.6729 0.0720 0.1284 0.0315 0.0046
146 0.0858 0.5908 0.1003 0.1747 0.0456 0.0030
147 0.2263 0.3972 0.1321 0.2144 0.0273 0.0027
148 0.2566 0.2505 0.0517 0.3882 0.0493 0.0038
149 0.2483 0.4426 0.1068 0.1578 0.0428 0.0015
150 0.1693 0.5259 0.1361 0.1393 0.0250 0.0046
151 0.0987 0.4060 0.1076 0.3501 0.0217 0.0160
152 0.0551 0.5781 0.1982 0.1241 0.0302 0.0141
153 0.2837 0.1720 0.2465 0.2502 0.0393 0.0082
154 0.3357 0.3955 0.1024 0.0977 0.0635 0.0053
155 0.1304 0.3381 0.4016 0.1107 0.0138 0.0054
156 0.2407 0.4604 0.1438 0.1259 0.0199 0.0092
157 0.2764 0.2440 0.1785 0.2458 0.0395 0.0156
158 0.2605 0.2142 0.3242 0.1655 0.0254 0.0102
159 0.2629 0.3799 0.1105 0.2032 0.0367 0.0066
160 0.2061 0.5386 0.1605 0.0752 0.0146 0.0049
161 0.3489 0.2306 0.2593 0.0925 0.0527 0.0159
162 0.2590 0.5229 0.0828 0.1022 0.0249 0.0082
163 0.0997 0.3000 0.2338 0.3296 0.0273 0.0095
164 0.1605 0.1439 0.2773 0.3347 0.0605 0.0229
165 0.1757 0.2023 0.1538 0.2576 0.1975 0.0129
166 0.0773 0.4521 0.2310 0.1914 0.0287 0.0194
167 0.2874 0.2988 0.1033 0.2402 0.0511 0.0190
168 0.3074 0.2866 0.1451 0.2113 0.0286 0.0211
169 0.1503 0.2239 0.1886 0.3308 0.0941 0.0122
170 0.2382 0.0798 0.1400 0.4888 0.0335 0.0199
171 0.1237 0.2578 0.3389 0.2188 0.0386 0.0222
172 0.0280 0.2172 0.1665 0.3469 0.2385 0.0027
173 0.0471 0.2729 0.3267 0.1592 0.1920 0.0021
174 0.0751 0.3337 0.2854 0.2367 0.0155 0.0536
175 0.0322 0.4734 0.3804 0.0325 0.0616 0.0200
176 0.0334 0.3916 0.2394 0.1149 0.2047 0.0159
177 0.0279 0.1375 0.6558 0.1290 0.0088 0.0413
178 0.0843 0.1562 0.2576 0.1885 0.3059 0.0077
179 0.1179 0.3057 0.4277 0.0823 0.0602 0.0062
180 0.2168 0.0977 0.1769 0.2849 0.1898 0.0338
181 0.3477 0.1846 0.1935 0.1708 0.0988 0.0048
182 0.2113 0.0457 0.1534 0.4580 0.1185 0.0129
183 0.1744 0.0948 0.2089 0.3608 0.0978 0.0632
184 0.3462 0.2695 0.2019 0.1399 0.0171 0.0253
185 0.1104 0.1658 0.2820 0.3884 0.0311 0.0223
186 0.0264 0.1003 0.3611 0.4358 0.0524 0.0240
187 0.0720 0.3547 0.1143 0.1755 0.1729 0.1107
188 0.3347 0.2336 0.2373 0.1683 0.0217 0.0043
189 0.0588 0.0417 0.3230 0.4626 0.0257 0.0883
190 0.1368 0.2537 0.3550 0.2256 0.0178 0.0111
191 0.0634 0.5430 0.3044 0.0788 0.0040 0.0064
192 0.0449 0.5464 0.0885 0.1219 0.1517 0.0466
193 0.0698 0.5239 0.2849 0.0377 0.0779 0.0059
194 0.0751 0.5381 0.1707 0.1641 0.0405 0.0115
195 0.1959 0.4246 0.2069 0.0985 0.0293 0.0447
196 0.2957 0.5190 0.1176 0.0350 0.0200 0.0129
197 0.2068 0.0570 0.2272 0.3865 0.1124 0.0101
198 0.0277 0.0279 0.8159 0.1053 0.0122 0.0112
199 0.4053 0.2169 0.0970 0.1785 0.0511 0.0511
200 0.2715 0.2181 0.2844 0.1476 0.0284 0.0498
201 0.4016 0.0932 0.0939 0.3408 0.0307 0.0395
202 0.2080 0.2888 0.0464 0.2395 0.0686 0.1487
203 0.4041 0.3323 0.1570 0.0370 0.0494 0.0204
204 0.0784 0.1753 0.1039 0.4043 0.0216 0.2164
205 0.0440 0.0778 0.6362 0.0888 0.0191 0.1344
206 0.1523 0.4583 0.2937 0.0457 0.0280 0.0221
207 0.0608 0.4092 0.2993 0.1788 0.0306 0.0212
208 0.5156 0.1099 0.0458 0.2634 0.0420 0.0230
209 0.0233 0.0569 0.7788 0.0629 0.0150 0.0629
210 0.0499 0.1108 0.5991 0.1025 0.0162 0.1217
211 0.1930 0.1677 0.1857 0.3750 0.0251 0.0536
212 0.1078 0.5269 0.1353 0.1724 0.0095 0.0482
213 0.1506 0.3450 0.1230 0.3342 0.0114 0.0358
214 0.1541 0.2106 0.1277 0.3696 0.0481 0.0898
215 0.0665 0.1148 0.6016 0.1521 0.0277 0.0373
216 0.0806 0.2012 0.1890 0.4001 0.1085 0.0206
217 0.1115 0.3079 0.3127 0.2019 0.0332 0.0330
218 0.2317 0.1036 0.1617 0.4329 0.0264 0.0435
219 0.4021 0.1227 0.1771 0.2169 0.0566 0.0245
220 0.4871 0.1569 0.0814 0.2301 0.0319 0.0126
221 0.0840 0.0494 0.2097 0.3198 0.0223 0.3147
222 0.1797 0.1133 0.3687 0.3154 0.0060 0.0168
223 0.6377 0.1915 0.0768 0.0683 0.0177 0.0078
224 0.1223 0.1570 0.0753 0.6304 0.0085 0.0064
225 0.0837 0.6230 0.1434 0.1359 0.0061 0.0078
226 0.2340 0.0766 0.0945 0.5356 0.0206 0.0385
227 0.0880 0.3706 0.1271 0.3823 0.0200 0.0118
228 0.0085 0.8696 0.0760 0.0351 0.0087 0.0024
229 0.0229 0.4570 0.2952 0.1580 0.0283 0.0387
230 0.3408 0.1714 0.0698 0.3657 0.0218 0.0303
231 0.0210 0.3313 0.3367 0.0695 0.0825 0.1591
232 0.0356 0.4009 0.4202 0.1343 0.0076 0.0014
233 0.0656 0.2378 0.2825 0.4045 0.0032 0.0064
234 0.1725 0.1571 0.3223 0.3027 0.0291 0.0162
235 0.2455 0.1661 0.3408 0.1466 0.0499 0.0511
236 0.0956 0.5132 0.2277 0.1298 0.0207 0.0132
237 0.0531 0.2939 0.3438 0.1869 0.0602 0.0621
238 0.0313 0.1318 0.5298 0.2465 0.0142 0.0463
239 0.0934 0.2703 0.4055 0.2087 0.0084 0.0138
240 0.0164 0.2856 0.6538 0.0399 0.0010 0.0032
241 0.0618 0.2856 0.5337 0.0303 0.0594 0.0290
242 0.2285 0.1282 0.0457 0.5073 0.0317 0.0587
243 0.1158 0.5972 0.1880 0.0573 0.0035 0.0382
244 0.0839 0.1362 0.4434 0.3096 0.0095 0.0175
245 0.0591 0.0764 0.1862 0.5737 0.0082 0.0966
246 0.0842 0.1346 0.6323 0.0709 0.0146 0.0631
247 0.0274 0.1335 0.7451 0.0767 0.0075 0.0096
248 0.1658 0.1375 0.2888 0.3430 0.0334 0.0316
249 0.1469 0.1423 0.3691 0.2788 0.0108 0.0520
250 0.1785 0.1152 0.3440 0.2766 0.0320 0.0536
251 0.0977 0.1315 0.5283 0.2068 0.0211 0.0146
252 0.0633 0.2583 0.3699 0.2583 0.0125 0.0381
253 0.0669 0.1231 0.6152 0.1532 0.0036 0.0378
254 0.0170 0.1437 0.6743 0.1101 0.0027 0.0520
255 0.0328 0.0695 0.6489 0.2140 0.0042 0.0306
256 0.4053 0.0911 0.2537 0.2070 0.0247 0.0182
257 0.4006 0.0789 0.1417 0.2546 0.0211 0.1029
258 0.2393 0.1232 0.3765 0.2179 0.0235 0.0196
259 0.1445 0.0774 0.3691 0.3867 0.0092 0.0130
260 0.2094 0.0435 0.1532 0.5781 0.0140 0.0019
261 0.3394 0.1119 0.1904 0.2444 0.1003 0.0136
262 0.2988 0.0773 0.2808 0.2988 0.0338 0.0106
263 0.3708 0.2451 0.2321 0.0983 0.0502 0.0034
264 0.3677 0.3220 0.2000 0.0538 0.0555 0.0012
265 0.1799 0.2498 0.3750 0.1479 0.0278 0.0196
266 0.3130 0.2255 0.1033 0.1899 0.0786 0.0897
