time exciting_prob fearful_prob tense_prob sad_prob relaxing_prob neutral_prob
0 0.1460 0.0658 0.0832 0.2859 0.0521 0.3669
1 0.1222 0.0735 0.2213 0.4988 0.0409 0.0432
2 0.1472 0.0585 0.1495 0.5381 0.0623 0.0442
3 0.0630 0.0307 0.0661 0.7803 0.0310 0.0287
4 0.1847 0.0568 0.1279 0.4099 0.1300 0.0908
5 0.0980 0.0734 0.1201 0.6006 0.0684 0.0393
6 0.0708 0.0475 0.1071 0.7153 0.0286 0.0307
7 0.0662 0.0357 0.0964 0.7578 0.0320 0.0117
8 0.0939 0.0330 0.1081 0.7051 0.0374 0.0228
9 0.1675 0.0749 0.2379 0.4587 0.0365 0.0245
10 0.1091 0.0667 0.1943 0.5806 0.0230 0.0265
11 0.0725 0.0635 0.1465 0.6567 0.0332 0.0277
12 0.0809 0.0917 0.2512 0.5234 0.0368 0.0158
13 0.1193 0.1193 0.3242 0.3616 0.0432 0.0326
14 0.0675 0.1805 0.3884 0.3120 0.0286 0.0230
15 0.1356 0.1377 0.4111 0.2494 0.0427 0.0236
16 0.1240 0.1383 0.4829 0.2142 0.0252 0.0154
17 0.1202 0.0981 0.3269 0.3704 0.0403 0.0439
18 0.0545 0.1172 0.3186 0.4155 0.0381 0.0562
19 0.0701 0.1289 0.3848 0.3342 0.0301 0.0521
20 0.0684 0.1075 0.1403 0.6187 0.0435 0.0217
21 0.0752 0.1240 0.3533 0.3821 0.0370 0.0285
22 0.0703 0.0895 0.5073 0.2891 0.0265 0.0175
23 0.0397 0.4878 0.2452 0.1940 0.0260 0.0072
24 0.0827 0.1473 0.4685 0.2710 0.0248 0.0056
25 0.1421 0.4514 0.2167 0.1366 0.0398 0.0134
26 0.0615 0.4299 0.1121 0.2000 0.0675 0.1290
27 0.0602 0.2617 0.1295 0.3748 0.1276 0.0462
28 0.0674 0.2544 0.3167 0.2625 0.0685 0.0309
29 0.0463 0.3640 0.2313 0.1979 0.1448 0.0159
30 0.0421 0.1962 0.1436 0.4932 0.1171 0.0078
31 0.0407 0.4019 0.0656 0.2085 0.2805 0.0030
32 0.0462 0.0933 0.0354 0.4055 0.3992 0.0205
33 0.0414 0.4045 0.0214 0.0862 0.4443 0.0020
34 0.0311 0.1396 0.0198 0.2734 0.5269 0.0093
35 0.0457 0.2374 0.0342 0.1271 0.5522 0.0036
36 0.0388 0.1636 0.0200 0.2068 0.5620 0.0089
37 0.0453 0.4871 0.2817 0.0577 0.0894 0.0388
38 0.0485 0.4158 0.2903 0.1393 0.0793 0.0266
39 0.0563 0.0735 0.1121 0.6250 0.0159 0.1174
40 0.0179 0.3928 0.2007 0.0557 0.3308 0.0018
41 0.0581 0.5776 0.1299 0.0752 0.1460 0.0132
42 0.0194 0.0592 0.0302 0.1106 0.7681 0.0127
43 0.1024 0.2656 0.3867 0.1562 0.0519 0.0371
44 0.0756 0.1266 0.1960 0.4854 0.0466 0.0699
45 0.0802 0.2064 0.1938 0.4170 0.0660 0.0367
46 0.0506 0.4478 0.2472 0.1365 0.0902 0.0277
47 0.0235 0.1875 0.1003 0.4360 0.2445 0.0082
48 0.0320 0.1899 0.0884 0.2852 0.3838 0.0207
49 0.0148 0.1281 0.1671 0.1301 0.5566 0.0034
50 0.0319 0.0981 0.1406 0.1952 0.5308 0.0037
51 0.0503 0.4888 0.0343 0.1400 0.2830 0.0035
52 0.0678 0.3186 0.0301 0.1011 0.4783 0.0041
53 0.0967 0.1807 0.2047 0.4268 0.0419 0.0494
54 0.1156 0.2998 0.1967 0.1289 0.2159 0.0432
55 0.1161 0.4150 0.2402 0.0768 0.1256 0.0261
56 0.0212 0.0827 0.0361 0.1204 0.7261 0.0137
57 0.0225 0.1326 0.0208 0.0579 0.7627 0.0034
58 0.1597 0.1622 0.1500 0.3655 0.1304 0.0322
59 0.1404 0.1642 0.1831 0.3938 0.0858 0.0328
60 0.1583 0.1333 0.1686 0.4304 0.0479 0.0615
61 0.1194 0.1396 0.2412 0.3916 0.0482 0.0600
62 0.1414 0.1932 0.1349 0.4353 0.0554 0.0399
63 0.0872 0.1965 0.1506 0.5098 0.0268 0.0290
64 0.0503 0.4851 0.1785 0.0704 0.0455 0.1703
65 0.0632 0.1481 0.6738 0.0678 0.0267 0.0202
66 0.0297 0.3047 0.3618 0.1709 0.1311 0.0017
67 0.0213 0.4880 0.0815 0.2133 0.0298 0.1660
68 0.0206 0.5879 0.1509 0.0691 0.0059 0.1658
69 0.0384 0.1459 0.0734 0.3696 0.0466 0.3262
70 0.0236 0.7876 0.0575 0.1189 0.0106 0.0017
71 0.0261 0.2896 0.0593 0.1514 0.4556 0.0182
72 0.0464 0.3167 0.0486 0.0801 0.4905 0.0177
73 0.0864 0.6191 0.1494 0.0838 0.0456 0.0157
74 0.0200 0.4963 0.2742 0.1099 0.0087 0.0911
75 0.0546 0.3215 0.2883 0.2352 0.0367 0.0638
76 0.0612 0.2345 0.0340 0.0862 0.4663 0.1179
77 0.0602 0.1143 0.4119 0.2700 0.0473 0.0963
78 0.0306 0.5342 0.1846 0.0517 0.0084 0.1904
79 0.0457 0.5396 0.2469 0.0881 0.0753 0.0045
80 0.1061 0.2546 0.1833 0.2144 0.1053 0.1362
81 0.0819 0.6699 0.1052 0.0684 0.0537 0.0210
82 0.1260 0.6499 0.1005 0.0609 0.0226 0.0400
83 0.0422 0.7847 0.0629 0.0801 0.0221 0.0081
84 0.0570 0.6426 0.1367 0.0993 0.0451 0.0194
85 0.0191 0.6802 0.1060 0.1774 0.0140 0.0034
86 0.0470 0.1641 0.1219 0.6001 0.0220 0.0449
87 0.0407 0.2654 0.2166 0.3921 0.0461 0.0391
88 0.0664 0.1111 0.1543 0.5474 0.0936 0.0273
89 0.1730 0.4351 0.0360 0.1901 0.1390 0.0269
90 0.0809 0.4175 0.2493 0.1971 0.0404 0.0149
91 0.1440 0.2844 0.1646 0.3484 0.0382 0.0204
92 0.0854 0.4917 0.1431 0.0803 0.1925 0.0072
93 0.0799 0.6738 0.0891 0.0603 0.0919 0.0048
94 0.0834 0.4873 0.2339 0.1079 0.0486 0.0388
95 0.0342 0.4006 0.3882 0.1281 0.0467 0.0022
96 0.1707 0.3906 0.1693 0.0734 0.1119 0.0839
97 0.0253 0.6743 0.2405 0.0431 0.0154 0.0011
98 0.0222 0.7295 0.1816 0.0554 0.0094 0.0017
99 0.0836 0.6128 0.1755 0.0515 0.0693 0.0074
100 0.1552 0.3135 0.2832 0.1470 0.0528 0.0485
101 0.1157 0.2319 0.0230 0.1213 0.4507 0.0573
102 0.0246 0.5386 0.2209 0.1776 0.0202 0.0181
103 0.0164 0.7471 0.2042 0.0201 0.0105 0.0017
104 0.1136 0.2727 0.3611 0.1248 0.1003 0.0274
105 0.1975 0.2402 0.2119 0.1855 0.1295 0.0352
106 0.1462 0.1722 0.2246 0.3120 0.0826 0.0624
107 0.0382 0.3508 0.4873 0.1071 0.0133 0.0034
108 0.1113 0.5308 0.1475 0.1864 0.0190 0.0049
109 0.0536 0.5811 0.1827 0.1638 0.0108 0.0080
110 0.0673 0.2241 0.3418 0.2832 0.0684 0.0153
111 0.0944 0.4905 0.1484 0.2159 0.0429 0.0078
112 0.0293 0.4797 0.2734 0.2031 0.0067 0.0076
113 0.0183 0.1320 0.0717 0.5137 0.0141 0.2502
114 0.0500 0.4893 0.3062 0.1041 0.0455 0.0051
115 0.0379 0.7925 0.0797 0.0388 0.0044 0.0465
116 0.0540 0.2307 0.2917 0.3464 0.0565 0.0208
117 0.0536 0.5161 0.3438 0.0451 0.0389 0.0026
118 0.1451 0.3271 0.3481 0.1005 0.0373 0.0419
119 0.0612 0.3870 0.3159 0.1296 0.0919 0.0143
120 0.0321 0.2319 0.0952 0.1879 0.0196 0.4333
121 0.0144 0.0843 0.0804 0.5161 0.0058 0.2988
122 0.0281 0.2930 0.1892 0.1321 0.3169 0.0409
123 0.0230 0.5068 0.2754 0.0564 0.1241 0.0144
124 0.0434 0.6187 0.2500 0.0240 0.0536 0.0103
125 0.0264 0.5098 0.1875 0.0706 0.0065 0.1996
126 0.0246 0.6143 0.0496 0.0657 0.2368 0.0091
127 0.0602 0.1335 0.1335 0.3574 0.3057 0.0098
128 0.0444 0.3181 0.3494 0.2637 0.0170 0.0077
129 0.0860 0.2374 0.3735 0.2338 0.0538 0.0153
130 0.0947 0.2917 0.3521 0.2135 0.0424 0.0056
131 0.0668 0.6006 0.1720 0.0375 0.0728 0.0504
132 0.0307 0.6782 0.1884 0.0593 0.0146 0.0289
133 0.0690 0.6807 0.0928 0.0936 0.0076 0.0563
134 0.0464 0.6309 0.2800 0.0249 0.0044 0.0132
135 0.0850 0.6426 0.1783 0.0621 0.0139 0.0182
136 0.1429 0.3916 0.2712 0.1353 0.0168 0.0422
137 0.0359 0.3228 0.2083 0.0703 0.0140 0.3489
138 0.0282 0.8442 0.1024 0.0151 0.0091 0.0011
139 0.0256 0.7788 0.1558 0.0284 0.0055 0.0061
140 0.0152 0.2913 0.5278 0.0698 0.0113 0.0848
141 0.0194 0.1493 0.1493 0.2104 0.0259 0.4456
142 0.0166 0.2397 0.1015 0.2512 0.0079 0.3831
143 0.0424 0.3777 0.1367 0.1478 0.0105 0.2849
144 0.0887 0.4199 0.1013 0.2588 0.0997 0.0316
145 0.0285 0.2136 0.5718 0.1316 0.0098 0.0448
146 0.0534 0.4009 0.3884 0.1078 0.0256 0.0239
147 0.0846 0.2046 0.1749 0.1384 0.1656 0.2318
148 0.0188 0.6128 0.2805 0.0616 0.0206 0.0053
149 0.0148 0.7690 0.1274 0.0693 0.0173 0.0023
150 0.0199 0.7725 0.1544 0.0439 0.0073 0.0021
151 0.1282 0.5073 0.2114 0.0875 0.0547 0.0110
152 0.3440 0.2681 0.1017 0.0366 0.2120 0.0377
153 0.0447 0.4409 0.3328 0.1047 0.0561 0.0206
154 0.0452 0.7017 0.1426 0.0449 0.0576 0.0080
155 0.1877 0.4131 0.1281 0.0605 0.1520 0.0586
156 0.0496 0.5210 0.2878 0.1042 0.0238 0.0136
157 0.0213 0.7383 0.1753 0.0518 0.0064 0.0070
158 0.0479 0.4912 0.1865 0.0960 0.0353 0.1429
159 0.1134 0.4775 0.2086 0.0465 0.1255 0.0285
160 0.0544 0.6997 0.1444 0.0823 0.0121 0.0068
161 0.0485 0.5093 0.2561 0.1003 0.0723 0.0133
162 0.0327 0.5361 0.2698 0.0523 0.0661 0.0430
163 0.0419 0.2866 0.3796 0.0796 0.0681 0.1442
164 0.0181 0.8530 0.0618 0.0563 0.0026 0.0080
165 0.0216 0.7720 0.1473 0.0442 0.0033 0.0118
166 0.1123 0.4656 0.2269 0.0748 0.0854 0.0351
167 0.0492 0.2327 0.1479 0.3130 0.0843 0.1729
168 0.0278 0.6279 0.2659 0.0673 0.0088 0.0021
169 0.0786 0.4966 0.2576 0.1033 0.0360 0.0278
170 0.0887 0.4365 0.3296 0.1271 0.0158 0.0022
171 0.0130 0.7256 0.2178 0.0324 0.0096 0.0019
172 0.0637 0.4705 0.2766 0.1153 0.0227 0.0512
173 0.0234 0.1265 0.1226 0.6729 0.0340 0.0206
174 0.0381 0.5962 0.3093 0.0456 0.0080 0.0030
175 0.0315 0.2024 0.0971 0.6045 0.0341 0.0306
176 0.0157 0.5532 0.4048 0.0155 0.0093 0.0013
177 0.0147 0.6494 0.3066 0.0181 0.0042 0.0071
178 0.0176 0.6055 0.3345 0.0114 0.0294 0.0016
179 0.0179 0.4243 0.4810 0.0469 0.0236 0.0062
180 0.0117 0.8472 0.0950 0.0390 0.0038 0.0031
181 0.0191 0.5767 0.1527 0.2404 0.0040 0.0072
182 0.0142 0.5776 0.2524 0.0770 0.0150 0.0638
183 0.0359 0.4211 0.3230 0.1490 0.0117 0.0593
184 0.0162 0.7319 0.2340 0.0083 0.0083 0.0010
185 0.0351 0.2167 0.1378 0.5449 0.0179 0.0476
186 0.0456 0.3267 0.5645 0.0517 0.0108 0.0007
187 0.0321 0.4785 0.4426 0.0318 0.0141 0.0009
188 0.0090 0.9082 0.0590 0.0217 0.0015 0.0005
189 0.0080 0.7739 0.1324 0.0791 0.0021 0.0044
190 0.0124 0.6211 0.3484 0.0124 0.0013 0.0047
191 0.0527 0.2186 0.1841 0.3494 0.0451 0.1503
192 0.0154 0.1362 0.0685 0.7026 0.0384 0.0390
193 0.0143 0.0394 0.0591 0.4233 0.0059 0.4578
194 0.0465 0.2324 0.2252 0.2288 0.0236 0.2435
195 0.0337 0.3196 0.5972 0.0332 0.0135 0.0028
196 0.0438 0.5420 0.1154 0.1903 0.0165 0.0920
197 0.0242 0.5850 0.2764 0.0970 0.0102 0.0071
198 0.0210 0.4111 0.4807 0.0671 0.0069 0.0134
199 0.0168 0.1823 0.1583 0.3796 0.0139 0.2490
200 0.0193 0.6006 0.3020 0.0706 0.0051 0.0022
201 0.0363 0.6694 0.2664 0.0199 0.0062 0.0020
202 0.0426 0.6821 0.0587 0.1698 0.0367 0.0103
203 0.0320 0.4355 0.4424 0.0508 0.0162 0.0231
204 0.0156 0.4304 0.2234 0.2452 0.0045 0.0809
205 0.0294 0.5537 0.2102 0.1295 0.0621 0.0149
206 0.0493 0.4231 0.1907 0.1848 0.0082 0.1439
207 0.0059 0.7500 0.1987 0.0320 0.0024 0.0109
208 0.0130 0.7476 0.0659 0.1320 0.0217 0.0201
209 0.0239 0.4795 0.2374 0.1104 0.1176 0.0311
210 0.0074 0.6670 0.1466 0.1313 0.0175 0.0300
211 0.0352 0.7583 0.1665 0.0204 0.0188 0.0009
212 0.0375 0.3938 0.0782 0.3115 0.1495 0.0294
213 0.0418 0.8726 0.0280 0.0331 0.0231 0.0017
214 0.0575 0.6421 0.1501 0.0970 0.0499 0.0032
215 0.1147 0.4131 0.1982 0.2177 0.0467 0.0096
216 0.0229 0.6294 0.0623 0.1616 0.0193 0.1044
217 0.0331 0.2178 0.2886 0.2468 0.0244 0.1892
218 0.0245 0.5034 0.3052 0.0976 0.0018 0.0676
219 0.1243 0.4336 0.3076 0.0945 0.0314 0.0087
220 0.1132 0.1956 0.3889 0.2434 0.0506 0.0085
221 0.0765 0.6816 0.1212 0.0952 0.0090 0.0168
222 0.0511 0.3413 0.2537 0.2169 0.0247 0.1125
223 0.0357 0.4595 0.3108 0.1469 0.0179 0.0294
224 0.0526 0.1724 0.3220 0.3948 0.0345 0.0237
225 0.0812 0.2313 0.2878 0.1979 0.0349 0.1666
226 0.0397 0.1570 0.1204 0.3123 0.3650 0.0059
227 0.0562 0.1019 0.0481 0.1888 0.5908 0.0142
228 0.0423 0.0953 0.0373 0.1344 0.6821 0.0085
229 0.0372 0.0788 0.0378 0.2263 0.6152 0.0048
230 0.0455 0.2900 0.4026 0.1873 0.0647 0.0100
231 0.0426 0.2959 0.3201 0.1234 0.2131 0.0050
232 0.0453 0.2932 0.2249 0.2888 0.1364 0.0113
233 0.0886 0.5962 0.1416 0.1094 0.0258 0.0384
234 0.0212 0.6592 0.1257 0.0648 0.0074 0.1219
235 0.0367 0.2112 0.1429 0.5562 0.0079 0.0450
236 0.0742 0.2357 0.3887 0.2432 0.0406 0.0176
237 0.0981 0.1790 0.5181 0.1735 0.0196 0.0119
238 0.0823 0.1927 0.2554 0.4080 0.0348 0.0267
239 0.0622 0.1691 0.2578 0.4744 0.0301 0.0064
240 0.0740 0.1060 0.2881 0.4675 0.0366 0.0279
241 0.0818 0.0756 0.2639 0.5088 0.0496 0.0201
242 0.0936 0.0922 0.2976 0.4465 0.0449 0.0252
243 0.0868 0.2098 0.5273 0.1334 0.0245 0.0181
244 0.0697 0.1711 0.3796 0.3457 0.0162 0.0175
245 0.0805 0.1527 0.2810 0.4351 0.0276 0.0232
246 0.0922 0.1028 0.2211 0.5220 0.0372 0.0246
247 0.0984 0.0835 0.2416 0.5117 0.0307 0.0343
248 0.1288 0.0722 0.1680 0.5254 0.0668 0.0390
249 0.0974 0.0712 0.1877 0.5967 0.0266 0.0204
250 0.1964 0.0378 0.1578 0.5098 0.0695 0.0287
251 0.2598 0.0566 0.1704 0.4285 0.0612 0.0236
252 0.0967 0.0457 0.1498 0.6504 0.0457 0.0116
