time exciting_prob fearful_prob tense_prob sad_prob relaxing_prob neutral_prob
0 0.5552 0.3816 0.0233 0.0233 0.0163 0.0004
1 0.6128 0.3333 0.0253 0.0143 0.0139 0.0003
2 0.6133 0.3335 0.0251 0.0142 0.0138 0.0003
3 0.5308 0.3943 0.0224 0.0361 0.0160 0.0005
4 0.5308 0.3943 0.0224 0.0361 0.0160 0.0005
5 0.2034 0.7324 0.0379 0.0213 0.0051 0.0002
6 0.1691 0.7578 0.0328 0.0338 0.0061 0.0003
7 0.1671 0.7607 0.0324 0.0337 0.0060 0.0003
8 0.1136 0.1553 0.1349 0.1288 0.0181 0.4492
9 0.1754 0.2416 0.2019 0.0101 0.3684 0.0026
10 0.2017 0.0778 0.0778 0.2671 0.0867 0.2888
11 0.2478 0.3257 0.0884 0.1991 0.0877 0.0511
12 0.2969 0.3962 0.0642 0.0383 0.1602 0.0441
13 0.2147 0.1547 0.0968 0.1354 0.0498 0.3486
14 0.3232 0.2598 0.2222 0.0699 0.1153 0.0096
15 0.2766 0.5088 0.0871 0.0673 0.0567 0.0033
16 0.1136 0.1553 0.1349 0.1288 0.0181 0.4492
17 0.2651 0.1122 0.3403 0.2632 0.0085 0.0105
18 0.6807 0.0361 0.1111 0.1483 0.0201 0.0039
19 0.0265 0.7559 0.2166 0.0009 0.0005 0.0000
20 0.0911 0.1433 0.1151 0.2476 0.0315 0.3716
21 0.0269 0.1431 0.0394 0.0047 0.7856 0.0003
22 0.1433 0.5449 0.1514 0.0631 0.0933 0.0038
23 0.0682 0.4775 0.1025 0.3035 0.0417 0.0065
24 0.0641 0.6577 0.0933 0.0829 0.0963 0.0058
25 0.0524 0.2681 0.6528 0.0054 0.0197 0.0015
26 0.0216 0.0860 0.5435 0.1820 0.0064 0.1606
27 0.1565 0.2405 0.1191 0.3965 0.0270 0.0603
28 0.2756 0.5879 0.0514 0.0625 0.0067 0.0158
29 0.0790 0.1205 0.2050 0.4841 0.0016 0.1097
30 0.0698 0.0804 0.1898 0.5327 0.0067 0.1207
31 0.5312 0.1864 0.0555 0.1851 0.0152 0.0267
32 0.3389 0.2366 0.0647 0.2991 0.0160 0.0448
33 0.0867 0.1864 0.3826 0.2113 0.0665 0.0665
34 0.0117 0.0536 0.6943 0.2255 0.0023 0.0126
35 0.1136 0.1553 0.1349 0.1288 0.0181 0.4492
36 0.1136 0.1553 0.1349 0.1288 0.0181 0.4492
37 0.1310 0.0929 0.1967 0.5601 0.0141 0.0053
38 0.2283 0.1644 0.0873 0.4399 0.0513 0.0286
39 0.1705 0.1002 0.2404 0.3445 0.1190 0.0255
40 0.1721 0.5962 0.1259 0.0712 0.0309 0.0040
41 0.1438 0.5601 0.1860 0.0270 0.0826 0.0007
42 0.0218 0.0427 0.8843 0.0469 0.0026 0.0015
43 0.3679 0.0494 0.4202 0.1166 0.0324 0.0137
44 0.0304 0.2244 0.1860 0.5381 0.0118 0.0093
45 0.0479 0.0526 0.6934 0.1499 0.0385 0.0176
46 0.1569 0.0281 0.5562 0.2212 0.0045 0.0331
47 0.1849 0.0394 0.5972 0.1658 0.0057 0.0073
48 0.1462 0.2864 0.1062 0.4470 0.0040 0.0100
49 0.0432 0.0337 0.8027 0.1086 0.0038 0.0082
50 0.0583 0.8560 0.0771 0.0038 0.0045 0.0001
51 0.0545 0.7944 0.1307 0.0092 0.0112 0.0001
52 0.2424 0.5771 0.1268 0.0113 0.0421 0.0002
53 0.0997 0.7139 0.1656 0.0067 0.0135 0.0007
54 0.2732 0.4199 0.2000 0.0513 0.0526 0.0030
55 0.1021 0.5742 0.1953 0.0159 0.1121 0.0006
56 0.1594 0.0747 0.1122 0.5786 0.0696 0.0054
57 0.1395 0.7485 0.0853 0.0038 0.0224 0.0006
58 0.3088 0.4639 0.1288 0.0084 0.0899 0.0002
59 0.1986 0.4304 0.1571 0.0280 0.1852 0.0006
60 0.0983 0.5786 0.0901 0.0410 0.1909 0.0010
61 0.0288 0.0350 0.0268 0.8818 0.0242 0.0033
62 0.2339 0.4912 0.1396 0.0050 0.1301 0.0001
63 0.1488 0.6514 0.0510 0.0024 0.1465 0.0000
64 0.2363 0.4592 0.0925 0.0113 0.2006 0.0001
65 0.0703 0.2452 0.0960 0.5273 0.0433 0.0180
66 0.0759 0.1646 0.4473 0.0703 0.2357 0.0061
67 0.1216 0.2307 0.2534 0.1422 0.2418 0.0103
68 0.0776 0.2245 0.1891 0.2076 0.2930 0.0082
69 0.0753 0.2046 0.4541 0.1619 0.0922 0.0119
70 0.0804 0.1326 0.2152 0.2186 0.3494 0.0036
71 0.0724 0.2469 0.1375 0.2357 0.2888 0.0188
72 0.0591 0.1461 0.1193 0.3911 0.2688 0.0155
73 0.1449 0.6343 0.1566 0.0250 0.0393 0.0002
74 0.1884 0.5449 0.0883 0.0157 0.1624 0.0002
75 0.0897 0.7632 0.0926 0.0054 0.0488 0.0002
76 0.2615 0.5039 0.0651 0.0570 0.1124 0.0004
77 0.0677 0.1207 0.0424 0.6572 0.1057 0.0062
78 0.1808 0.5972 0.1312 0.0247 0.0649 0.0010
79 0.2328 0.6279 0.1161 0.0024 0.0203 0.0003
80 0.0909 0.0494 0.1780 0.4404 0.0397 0.2017
81 0.0720 0.3516 0.4241 0.0417 0.1106 0.0002
82 0.1542 0.1472 0.4751 0.0297 0.1935 0.0005
83 0.1241 0.2161 0.3000 0.0375 0.3218 0.0005
84 0.1371 0.1172 0.3501 0.1627 0.2295 0.0035
85 0.1296 0.1403 0.2258 0.0739 0.4285 0.0018
86 0.1377 0.2067 0.3252 0.0602 0.2695 0.0006
87 0.1661 0.2201 0.3572 0.1064 0.1478 0.0023
88 0.1738 0.0670 0.3247 0.1440 0.2866 0.0038
89 0.1235 0.2052 0.4414 0.1090 0.1179 0.0030
90 0.1353 0.2649 0.1849 0.1139 0.2979 0.0033
91 0.1708 0.1951 0.2729 0.0228 0.3369 0.0014
92 0.1438 0.1372 0.4226 0.1102 0.1846 0.0017
93 0.1366 0.1072 0.3713 0.2512 0.1304 0.0035
94 0.1797 0.0602 0.4177 0.2783 0.0611 0.0031
95 0.1415 0.7354 0.0769 0.0037 0.0425 0.0001
96 0.1759 0.6187 0.0622 0.0722 0.0694 0.0017
97 0.0176 0.2463 0.6489 0.0775 0.0047 0.0047
98 0.0490 0.2778 0.4441 0.1442 0.0640 0.0209
99 0.0320 0.2441 0.6533 0.0477 0.0194 0.0031
100 0.0203 0.2820 0.6064 0.0644 0.0228 0.0041
101 0.0276 0.1110 0.6289 0.2107 0.0173 0.0045
102 0.0807 0.2046 0.1923 0.4006 0.0901 0.0316
103 0.0275 0.3276 0.3328 0.2891 0.0138 0.0091
104 0.0606 0.0815 0.4766 0.2847 0.0895 0.0071
105 0.0916 0.2268 0.3513 0.2959 0.0322 0.0023
106 0.0417 0.0822 0.2115 0.6216 0.0128 0.0300
107 0.0459 0.0473 0.2559 0.5586 0.0296 0.0627
108 0.3159 0.5127 0.1118 0.0082 0.0508 0.0004
109 0.0635 0.0635 0.0502 0.7734 0.0450 0.0042
110 0.4246 0.3464 0.1125 0.0108 0.1057 0.0002
111 0.3667 0.3418 0.1517 0.0051 0.1339 0.0008
112 0.3032 0.1661 0.1399 0.0472 0.3411 0.0024
113 0.3364 0.1653 0.2661 0.0123 0.2190 0.0007
114 0.1123 0.5151 0.1971 0.0036 0.1713 0.0004
115 0.2522 0.2313 0.1163 0.0121 0.3875 0.0007
116 0.1209 0.1392 0.3638 0.2922 0.0812 0.0028
117 0.3210 0.2810 0.1759 0.0058 0.2156 0.0006
118 0.2710 0.1450 0.2544 0.0204 0.3069 0.0022
119 0.4094 0.3091 0.1210 0.0084 0.1519 0.0003
120 0.3315 0.1035 0.0942 0.1578 0.2996 0.0132
121 0.3799 0.1837 0.2913 0.0697 0.0742 0.0014
122 0.2144 0.2299 0.4131 0.0127 0.1289 0.0011
123 0.3594 0.1752 0.2588 0.0088 0.1969 0.0008
124 0.4392 0.2174 0.1616 0.0040 0.1775 0.0001
125 0.0735 0.2408 0.3345 0.2563 0.0393 0.0555
126 0.1116 0.2327 0.3081 0.2255 0.0897 0.0325
127 0.1016 0.1974 0.0386 0.0049 0.6572 0.0001
128 0.1497 0.5781 0.0505 0.0019 0.2195 0.0001
129 0.0356 0.5884 0.0999 0.0021 0.2737 0.0001
130 0.0565 0.5615 0.0645 0.0025 0.3149 0.0002
131 0.1188 0.6328 0.0646 0.0024 0.1813 0.0002
132 0.1660 0.4478 0.0447 0.0032 0.3381 0.0002
133 0.1052 0.5557 0.1340 0.0186 0.1862 0.0003
134 0.1636 0.5156 0.1008 0.0081 0.2117 0.0003
135 0.0729 0.6255 0.1070 0.0025 0.1923 0.0001
136 0.0538 0.3708 0.0665 0.0096 0.4990 0.0003
137 0.0974 0.5474 0.0550 0.0098 0.2905 0.0002
138 0.0280 0.5234 0.1647 0.1453 0.1387 0.0001
139 0.0858 0.6802 0.1506 0.0041 0.0793 0.0001
140 0.1368 0.4778 0.0627 0.0019 0.3208 0.0000
141 0.0999 0.3274 0.0784 0.1672 0.3250 0.0022
142 0.1390 0.4351 0.0970 0.0191 0.3083 0.0015
143 0.1691 0.6089 0.0774 0.0024 0.1423 0.0002
144 0.2363 0.4924 0.1561 0.0171 0.0977 0.0003
145 0.1420 0.2715 0.0882 0.0211 0.4766 0.0005
146 0.0413 0.0486 0.0160 0.0321 0.8618 0.0002
147 0.1076 0.1760 0.0590 0.1309 0.5254 0.0011
148 0.1804 0.3911 0.0929 0.0100 0.3242 0.0013
149 0.1565 0.5254 0.0964 0.0122 0.2090 0.0004
150 0.0682 0.3772 0.0578 0.0047 0.4919 0.0002
151 0.0856 0.3362 0.2421 0.0296 0.3059 0.0006
152 0.1471 0.1219 0.1128 0.3999 0.2075 0.0107
153 0.0922 0.0690 0.1193 0.3142 0.4033 0.0021
154 0.2095 0.4368 0.1104 0.0039 0.2393 0.0003
155 0.0331 0.3677 0.1462 0.3853 0.0619 0.0058
156 0.0756 0.1481 0.3037 0.3496 0.0792 0.0438
157 0.0503 0.3408 0.3462 0.1824 0.0630 0.0172
158 0.0996 0.1748 0.2708 0.2881 0.1449 0.0219
159 0.0473 0.1757 0.1207 0.1757 0.4629 0.0177
160 0.0576 0.1404 0.2244 0.1044 0.4604 0.0127
161 0.0330 0.0535 0.0430 0.2325 0.6318 0.0060
162 0.0151 0.1482 0.0638 0.0757 0.6963 0.0009
163 0.0349 0.1638 0.1799 0.1886 0.4316 0.0009
164 0.1106 0.4622 0.0760 0.0286 0.3225 0.0001
165 0.0632 0.0695 0.4253 0.2349 0.1858 0.0212
166 0.0610 0.0874 0.3298 0.2529 0.2610 0.0077
167 0.0764 0.1299 0.1060 0.0723 0.6152 0.0003
168 0.0762 0.0963 0.3062 0.3110 0.1976 0.0127
169 0.0565 0.3574 0.2101 0.2917 0.0588 0.0257
170 0.2172 0.4856 0.0323 0.0220 0.2423 0.0004
171 0.1433 0.6626 0.0265 0.0064 0.1611 0.0001
172 0.1471 0.6338 0.0316 0.0139 0.1733 0.0001
173 0.0942 0.1949 0.0405 0.3240 0.3447 0.0017
174 0.1220 0.3044 0.0474 0.0199 0.5059 0.0005
175 0.1276 0.4153 0.0948 0.0330 0.3284 0.0009
176 0.2861 0.3022 0.0614 0.0073 0.3425 0.0003
177 0.2047 0.3538 0.0605 0.0044 0.3765 0.0002
178 0.1718 0.3159 0.1370 0.0058 0.3694 0.0001
179 0.1823 0.2651 0.0514 0.0867 0.4138 0.0005
180 0.3245 0.3945 0.0436 0.0290 0.2079 0.0003
181 0.0537 0.0431 0.2444 0.5859 0.0537 0.0190
182 0.1484 0.6152 0.1155 0.0088 0.1120 0.0002
183 0.2644 0.4226 0.1102 0.0415 0.1592 0.0020
184 0.1932 0.0972 0.4707 0.1843 0.0520 0.0025
185 0.0659 0.5186 0.1395 0.0789 0.1923 0.0050
186 0.0471 0.2549 0.0660 0.0163 0.6113 0.0042
187 0.0180 0.0587 0.0175 0.0019 0.9033 0.0007
188 0.0521 0.1980 0.0550 0.0028 0.6914 0.0009
189 0.0541 0.1277 0.0717 0.0255 0.7124 0.0087
190 0.1151 0.3774 0.0651 0.0033 0.4380 0.0011
191 0.0352 0.4490 0.0589 0.0067 0.4490 0.0014
192 0.1725 0.3596 0.0809 0.0107 0.3711 0.0053
193 0.2115 0.6074 0.0479 0.0025 0.1304 0.0002
194 0.2366 0.5166 0.1917 0.0057 0.0488 0.0005
195 0.1691 0.6685 0.0978 0.0021 0.0622 0.0004
196 0.3228 0.4241 0.1782 0.0062 0.0682 0.0006
197 0.0493 0.5132 0.2482 0.0160 0.1707 0.0026
198 0.1272 0.3828 0.0630 0.0298 0.3918 0.0054
199 0.0947 0.4377 0.1178 0.0447 0.2983 0.0067
200 0.0191 0.0423 0.0388 0.0646 0.8242 0.0110
201 0.0414 0.1515 0.0528 0.0081 0.7285 0.0177
202 0.0316 0.4507 0.0880 0.0102 0.4167 0.0029
203 0.0422 0.2196 0.1241 0.0419 0.5698 0.0024
204 0.0588 0.2532 0.0816 0.0164 0.5889 0.0010
205 0.0367 0.0391 0.0625 0.2114 0.6411 0.0089
206 0.0326 0.3145 0.1792 0.0450 0.4231 0.0057
207 0.0292 0.2261 0.3367 0.0360 0.3640 0.0078
208 0.1676 0.6177 0.1611 0.0036 0.0492 0.0005
209 0.1263 0.6675 0.1610 0.0040 0.0407 0.0004
210 0.1003 0.6860 0.1519 0.0048 0.0567 0.0005
211 0.2432 0.5146 0.0359 0.0044 0.2015 0.0002
212 0.0244 0.0825 0.0181 0.0066 0.8667 0.0018
213 0.0562 0.2327 0.1143 0.0095 0.5850 0.0022
214 0.0776 0.2625 0.3167 0.0270 0.2839 0.0323
215 0.0265 0.0535 0.1927 0.6938 0.0257 0.0077
216 0.0552 0.1072 0.0506 0.5977 0.1852 0.0039
217 0.1381 0.4421 0.0850 0.0532 0.2810 0.0007
218 0.1422 0.6079 0.1049 0.0715 0.0726 0.0008
219 0.1599 0.5200 0.1840 0.0104 0.1255 0.0003
220 0.1345 0.3228 0.1399 0.1810 0.2200 0.0020
221 0.0409 0.0807 0.0345 0.7422 0.0981 0.0034
222 0.0647 0.3552 0.0986 0.0424 0.4385 0.0006
223 0.1089 0.4238 0.1015 0.1726 0.1910 0.0020
224 0.2236 0.4277 0.0918 0.0103 0.2457 0.0007
225 0.3591 0.3000 0.1710 0.0108 0.1582 0.0008
226 0.2817 0.1750 0.1722 0.0055 0.3647 0.0007
227 0.1740 0.2233 0.3352 0.0975 0.1660 0.0040
228 0.1947 0.2598 0.2725 0.0485 0.2240 0.0006
229 0.0621 0.0917 0.4241 0.3923 0.0263 0.0035
230 0.2039 0.3389 0.1613 0.0238 0.2722 0.0001
231 0.2808 0.3931 0.1650 0.0105 0.1503 0.0003
232 0.0797 0.0245 0.0651 0.7681 0.0583 0.0044
233 0.3130 0.2637 0.1255 0.0171 0.2805 0.0003
234 0.3792 0.1321 0.1982 0.0542 0.2335 0.0030
235 0.1644 0.0901 0.3621 0.2546 0.1232 0.0054
236 0.2191 0.1666 0.1830 0.0052 0.4255 0.0005
237 0.0661 0.1573 0.5757 0.1812 0.0191 0.0004
238 0.1460 0.1995 0.1382 0.2581 0.2561 0.0022
239 0.1006 0.1533 0.2957 0.2776 0.1685 0.0045
240 0.1031 0.5317 0.2251 0.0097 0.1302 0.0002
241 0.0854 0.4727 0.1595 0.0186 0.2632 0.0005
242 0.0950 0.3474 0.4675 0.0740 0.0157 0.0002
243 0.0903 0.0932 0.6074 0.1824 0.0259 0.0006
244 0.1250 0.1981 0.2354 0.3423 0.0974 0.0018
245 0.1544 0.0894 0.2467 0.4832 0.0102 0.0161
246 0.0172 0.0412 0.5776 0.2605 0.0030 0.1004
247 0.1130 0.7432 0.0450 0.0226 0.0753 0.0011
248 0.1411 0.0161 0.0744 0.7280 0.0257 0.0146
249 0.1080 0.6460 0.1488 0.0400 0.0565 0.0006
250 0.1368 0.0607 0.4084 0.3494 0.0240 0.0205
251 0.0556 0.0556 0.7554 0.1214 0.0076 0.0044
252 0.1714 0.1584 0.5117 0.1334 0.0203 0.0049
253 0.1455 0.0607 0.0667 0.6675 0.0583 0.0011
254 0.1368 0.1412 0.1813 0.4854 0.0536 0.0017
255 0.1151 0.0479 0.3713 0.4207 0.0417 0.0033
256 0.1387 0.0640 0.1047 0.6772 0.0141 0.0013
257 0.1230 0.1555 0.3142 0.3616 0.0390 0.0068
258 0.0288 0.1508 0.2125 0.5776 0.0226 0.0076
259 0.1952 0.3293 0.2264 0.2264 0.0201 0.0025
260 0.2198 0.1224 0.0645 0.5273 0.0655 0.0005
261 0.1121 0.1104 0.2732 0.4946 0.0080 0.0016
262 0.3120 0.5474 0.1193 0.0182 0.0032 0.0001
263 0.0923 0.3826 0.2197 0.1185 0.1864 0.0005
264 0.0853 0.0212 0.0533 0.8091 0.0288 0.0024
265 0.1578 0.1603 0.2445 0.3906 0.0321 0.0146
266 0.2422 0.2292 0.2007 0.2222 0.1050 0.0007
267 0.3889 0.2034 0.1149 0.1355 0.1559 0.0015
268 0.2922 0.3582 0.0652 0.2461 0.0323 0.0059
269 0.0641 0.5205 0.1237 0.2498 0.0395 0.0024
270 0.0653 0.4128 0.1543 0.3267 0.0390 0.0019
271 0.0728 0.5464 0.0711 0.0150 0.2925 0.0020
272 0.3240 0.4326 0.0542 0.0387 0.1483 0.0020
273 0.1093 0.1146 0.1566 0.3367 0.0478 0.2351
274 0.1899 0.1295 0.2069 0.3958 0.0395 0.0383
275 0.0671 0.2131 0.1088 0.4954 0.1105 0.0050
276 0.0155 0.8618 0.1185 0.0017 0.0025 0.0001
277 0.0464 0.1113 0.2080 0.5566 0.0260 0.0518
278 0.1597 0.0895 0.2983 0.3655 0.0790 0.0080
279 0.2117 0.3154 0.2272 0.2068 0.0377 0.0014
280 0.0239 0.1595 0.2216 0.5571 0.0348 0.0033
281 0.0580 0.5498 0.2346 0.1083 0.0488 0.0004
282 0.0550 0.1174 0.2428 0.4829 0.0997 0.0021
283 0.0673 0.3237 0.1309 0.0711 0.4060 0.0009
284 0.2200 0.5278 0.0731 0.0527 0.1263 0.0002
285 0.0191 0.3076 0.2433 0.4204 0.0037 0.0061
286 0.1670 0.1251 0.2842 0.3374 0.0847 0.0019
287 0.0573 0.3049 0.3735 0.2000 0.0620 0.0024
288 0.5513 0.0339 0.0590 0.2905 0.0158 0.0493
289 0.1136 0.1553 0.1349 0.1288 0.0181 0.4492
290 0.3386 0.4775 0.0612 0.0303 0.0588 0.0335
291 0.3628 0.4658 0.0548 0.0298 0.0640 0.0227
292 0.3591 0.4683 0.0551 0.0304 0.0639 0.0231
