time exciting_prob fearful_prob tense_prob sad_prob relaxing_prob neutral_prob
0 0.1136 0.1553 0.1349 0.1288 0.0181 0.4492
1 0.5898 0.0549 0.2136 0.1117 0.0073 0.0229
2 0.5547 0.0594 0.3469 0.0129 0.0240 0.0021
3 0.3152 0.0515 0.6172 0.0061 0.0081 0.0019
4 0.4348 0.0523 0.4851 0.0032 0.0238 0.0006
5 0.3186 0.0800 0.5591 0.0109 0.0306 0.0007
6 0.4570 0.2927 0.2352 0.0027 0.0121 0.0004
7 0.4250 0.3135 0.2441 0.0019 0.0145 0.0008
8 0.6123 0.1741 0.1897 0.0017 0.0218 0.0001
9 0.5332 0.2347 0.2024 0.0016 0.0276 0.0003
10 0.4478 0.2378 0.2781 0.0022 0.0337 0.0004
11 0.4734 0.3081 0.1913 0.0034 0.0230 0.0007
12 0.4705 0.1786 0.3362 0.0012 0.0135 0.0002
13 0.1744 0.0477 0.2744 0.4741 0.0171 0.0124
14 0.2659 0.0544 0.3748 0.2742 0.0199 0.0109
15 0.6543 0.1888 0.1060 0.0057 0.0449 0.0005
16 0.3494 0.2656 0.2595 0.1108 0.0122 0.0024
17 0.4690 0.1821 0.2214 0.1071 0.0171 0.0033
18 0.8408 0.0478 0.0981 0.0005 0.0126 0.0003
19 0.8306 0.0616 0.0925 0.0005 0.0145 0.0003
20 0.8159 0.0665 0.0887 0.0012 0.0266 0.0012
21 0.7529 0.1229 0.1146 0.0008 0.0080 0.0007
22 0.5371 0.2137 0.1976 0.0015 0.0492 0.0008
23 0.6035 0.2698 0.0955 0.0018 0.0263 0.0031
24 0.5986 0.2101 0.1478 0.0017 0.0404 0.0013
25 0.4634 0.3418 0.1516 0.0013 0.0405 0.0013
26 0.2510 0.2198 0.4441 0.0502 0.0334 0.0015
27 0.1292 0.2284 0.5923 0.0356 0.0094 0.0052
28 0.1024 0.2495 0.6421 0.0009 0.0048 0.0001
29 0.0797 0.2003 0.6465 0.0382 0.0335 0.0019
30 0.2847 0.3152 0.3599 0.0017 0.0338 0.0047
31 0.3462 0.4143 0.2084 0.0014 0.0282 0.0013
32 0.2507 0.1968 0.5479 0.0003 0.0044 0.0002
33 0.5713 0.2382 0.1663 0.0013 0.0200 0.0032
34 0.3755 0.2260 0.3813 0.0004 0.0156 0.0010
35 0.2683 0.2578 0.4670 0.0007 0.0055 0.0006
36 0.4797 0.2510 0.2112 0.0037 0.0534 0.0010
37 0.2396 0.2512 0.4172 0.0539 0.0257 0.0124
38 0.2369 0.3757 0.3501 0.0117 0.0164 0.0090
39 0.1793 0.2957 0.3767 0.0901 0.0125 0.0457
40 0.3135 0.1481 0.3843 0.0912 0.0039 0.0589
41 0.3979 0.2888 0.2490 0.0091 0.0522 0.0030
42 0.3711 0.2164 0.3857 0.0004 0.0258 0.0005
43 0.1682 0.2883 0.4983 0.0054 0.0396 0.0002
44 0.5591 0.2810 0.0831 0.0088 0.0647 0.0033
45 0.3564 0.2393 0.3650 0.0079 0.0304 0.0011
46 0.3071 0.1581 0.5264 0.0012 0.0067 0.0007
47 0.1853 0.3303 0.4048 0.0090 0.0698 0.0010
48 0.3599 0.3923 0.2235 0.0040 0.0128 0.0075
49 0.2499 0.6738 0.0617 0.0036 0.0053 0.0055
50 0.2452 0.4272 0.2612 0.0095 0.0436 0.0133
51 0.5547 0.0164 0.1541 0.2073 0.0065 0.0612
52 0.5532 0.0225 0.2454 0.1334 0.0043 0.0413
53 0.3923 0.1016 0.4661 0.0041 0.0332 0.0028
54 0.4338 0.0440 0.0797 0.3770 0.0085 0.0569
55 0.1731 0.7231 0.0927 0.0051 0.0048 0.0013
56 0.8169 0.1215 0.0232 0.0065 0.0293 0.0024
57 0.6611 0.1909 0.0486 0.0802 0.0169 0.0023
58 0.7510 0.1550 0.0544 0.0215 0.0166 0.0015
59 0.8276 0.0679 0.0701 0.0023 0.0299 0.0019
60 0.5244 0.1841 0.2291 0.0041 0.0575 0.0007
61 0.5161 0.1742 0.1929 0.0058 0.1073 0.0038
62 0.4478 0.1896 0.2612 0.0245 0.0620 0.0150
63 0.2449 0.0680 0.2195 0.4365 0.0172 0.0140
64 0.2216 0.4878 0.2472 0.0046 0.0342 0.0045
65 0.1121 0.0893 0.2729 0.4465 0.0090 0.0701
66 0.2355 0.1737 0.5737 0.0031 0.0059 0.0079
67 0.5933 0.1674 0.1254 0.0009 0.1124 0.0005
68 0.3281 0.4380 0.2118 0.0062 0.0122 0.0035
69 0.5513 0.0206 0.0820 0.3093 0.0150 0.0215
70 0.5322 0.0507 0.0630 0.2761 0.0315 0.0465
71 0.2463 0.2351 0.4392 0.0076 0.0545 0.0173
72 0.5532 0.1254 0.2893 0.0066 0.0249 0.0004
73 0.2939 0.1796 0.4480 0.0049 0.0731 0.0005
74 0.2688 0.1270 0.1340 0.0619 0.3560 0.0525
75 0.0666 0.1974 0.7217 0.0019 0.0114 0.0010
76 0.1047 0.7495 0.1431 0.0022 0.0006 0.0001
77 0.4202 0.2112 0.2910 0.0024 0.0735 0.0018
78 0.6338 0.1338 0.1932 0.0201 0.0187 0.0006
79 0.2056 0.3062 0.4253 0.0344 0.0274 0.0012
80 0.5391 0.1096 0.2886 0.0094 0.0518 0.0013
81 0.4473 0.2510 0.2756 0.0027 0.0211 0.0025
82 0.1473 0.1193 0.7197 0.0015 0.0115 0.0008
83 0.3145 0.3455 0.2374 0.0058 0.0873 0.0094
84 0.2158 0.3240 0.3530 0.0152 0.0893 0.0025
85 0.5991 0.1379 0.1422 0.0022 0.1161 0.0025
86 0.1959 0.4451 0.3413 0.0018 0.0150 0.0010
87 0.7637 0.0891 0.0462 0.0018 0.0964 0.0027
88 0.6582 0.0898 0.1991 0.0427 0.0091 0.0011
89 0.6270 0.0651 0.2849 0.0105 0.0115 0.0009
90 0.5742 0.2267 0.1140 0.0319 0.0490 0.0042
91 0.6787 0.1389 0.1575 0.0065 0.0161 0.0024
92 0.5928 0.1292 0.1418 0.0324 0.0714 0.0327
93 0.7949 0.0851 0.1068 0.0005 0.0126 0.0001
94 0.5991 0.1237 0.2598 0.0017 0.0154 0.0003
95 0.2627 0.0922 0.2627 0.2336 0.0196 0.1290
96 0.1726 0.4341 0.2323 0.0050 0.1477 0.0083
97 0.7676 0.0939 0.1007 0.0153 0.0179 0.0045
98 0.4653 0.0319 0.1880 0.2822 0.0083 0.0241
99 0.3794 0.2213 0.3220 0.0078 0.0587 0.0107
100 0.5874 0.0735 0.1967 0.0443 0.0664 0.0319
101 0.3264 0.4531 0.1578 0.0088 0.0412 0.0129
102 0.3882 0.1606 0.3943 0.0139 0.0342 0.0086
103 0.1947 0.3262 0.4187 0.0065 0.0374 0.0166
104 0.8159 0.0555 0.1203 0.0042 0.0034 0.0007
105 0.2494 0.2167 0.2915 0.1700 0.0427 0.0298
106 0.1719 0.7290 0.0857 0.0085 0.0033 0.0016
107 0.7178 0.0956 0.1493 0.0161 0.0177 0.0032
108 0.7949 0.0643 0.1329 0.0052 0.0017 0.0008
109 0.2656 0.1812 0.4050 0.0089 0.0932 0.0461
110 0.2251 0.4077 0.3406 0.0054 0.0142 0.0071
111 0.5645 0.1776 0.1791 0.0046 0.0685 0.0057
112 0.5352 0.2080 0.1779 0.0042 0.0629 0.0118
113 0.4646 0.1290 0.2776 0.0605 0.0284 0.0400
114 0.6943 0.1467 0.1274 0.0247 0.0042 0.0025
115 0.1005 0.0432 0.1087 0.6255 0.0475 0.0747
116 0.3079 0.4207 0.2493 0.0024 0.0168 0.0029
117 0.0996 0.0246 0.1567 0.6597 0.0053 0.0541
118 0.5649 0.0517 0.3096 0.0397 0.0199 0.0143
119 0.3401 0.0334 0.5024 0.1113 0.0067 0.0059
120 0.3784 0.2349 0.3784 0.0006 0.0076 0.0003
121 0.3538 0.0551 0.2145 0.3538 0.0050 0.0180
122 0.8125 0.0897 0.0891 0.0008 0.0077 0.0004
123 0.5479 0.0569 0.1737 0.1533 0.0464 0.0217
124 0.5000 0.0761 0.3035 0.1099 0.0059 0.0046
125 0.8091 0.0770 0.0873 0.0035 0.0224 0.0007
126 0.5425 0.1268 0.2664 0.0297 0.0044 0.0301
127 0.6797 0.1505 0.1528 0.0010 0.0155 0.0003
128 0.1305 0.1675 0.3657 0.3228 0.0059 0.0076
129 0.4543 0.0391 0.2064 0.2451 0.0312 0.0237
130 0.4785 0.2261 0.2749 0.0072 0.0124 0.0009
131 0.7139 0.0701 0.2045 0.0010 0.0103 0.0002
132 0.6108 0.1261 0.2507 0.0040 0.0082 0.0003
133 0.6079 0.0519 0.3154 0.0015 0.0232 0.0002
134 0.5542 0.0994 0.3311 0.0007 0.0144 0.0001
135 0.5181 0.0643 0.3672 0.0258 0.0035 0.0212
136 0.2668 0.0789 0.4832 0.1384 0.0014 0.0311
137 0.1681 0.2092 0.5913 0.0146 0.0102 0.0064
138 0.3794 0.2031 0.4038 0.0029 0.0098 0.0009
139 0.1162 0.2788 0.5947 0.0023 0.0073 0.0006
140 0.6553 0.1112 0.2264 0.0007 0.0064 0.0001
141 0.6880 0.0692 0.2378 0.0009 0.0038 0.0000
142 0.7212 0.1420 0.1132 0.0040 0.0179 0.0018
143 0.3896 0.0089 0.0911 0.4851 0.0121 0.0131
144 0.1059 0.0455 0.3472 0.3696 0.0059 0.1257
145 0.2661 0.4124 0.2620 0.0346 0.0079 0.0169
146 0.8267 0.0608 0.0899 0.0029 0.0191 0.0007
147 0.7358 0.1192 0.1183 0.0014 0.0229 0.0024
148 0.6675 0.0720 0.1399 0.0523 0.0112 0.0574
149 0.2759 0.2937 0.2183 0.1700 0.0368 0.0053
150 0.3945 0.2842 0.2566 0.0394 0.0193 0.0060
151 0.8730 0.0435 0.0466 0.0103 0.0209 0.0055
152 0.5635 0.1003 0.3137 0.0073 0.0131 0.0020
153 0.4697 0.1490 0.3333 0.0307 0.0146 0.0026
154 0.7319 0.0625 0.1582 0.0063 0.0400 0.0012
155 0.6025 0.1344 0.2305 0.0018 0.0305 0.0006
156 0.6182 0.1134 0.2576 0.0018 0.0085 0.0006
157 0.3362 0.2170 0.4351 0.0012 0.0102 0.0003
158 0.7778 0.0865 0.1174 0.0032 0.0135 0.0017
159 0.7798 0.1334 0.0737 0.0084 0.0042 0.0003
160 0.7300 0.0150 0.0076 0.2333 0.0012 0.0133
161 0.8315 0.0335 0.0222 0.1049 0.0016 0.0064
162 0.5605 0.0302 0.0981 0.3000 0.0024 0.0088
163 0.5200 0.0354 0.2739 0.1611 0.0020 0.0075
164 0.4062 0.1591 0.2686 0.1339 0.0145 0.0180
165 0.6782 0.1898 0.0849 0.0031 0.0427 0.0010
166 0.5581 0.0925 0.3154 0.0158 0.0153 0.0028
167 0.5532 0.0197 0.0305 0.0698 0.0013 0.3254
168 0.8379 0.0253 0.0287 0.0389 0.0009 0.0682
169 0.7617 0.0312 0.0410 0.1252 0.0019 0.0391
170 0.6279 0.0837 0.0837 0.1691 0.0016 0.0341
171 0.4216 0.1827 0.3606 0.0081 0.0259 0.0011
172 0.8330 0.0980 0.0594 0.0007 0.0089 0.0001
173 0.1676 0.4180 0.2874 0.1207 0.0051 0.0014
174 0.6216 0.1355 0.2288 0.0018 0.0119 0.0003
175 0.9438 0.0072 0.0313 0.0105 0.0018 0.0054
176 0.6660 0.0436 0.2507 0.0179 0.0047 0.0171
177 0.2386 0.0536 0.6538 0.0402 0.0057 0.0082
178 0.3711 0.0388 0.4014 0.0731 0.0050 0.1106
179 0.8042 0.0087 0.0201 0.1333 0.0019 0.0317
180 0.7876 0.0458 0.1359 0.0135 0.0140 0.0031
181 0.6201 0.0204 0.1289 0.0846 0.0211 0.1250
182 0.5269 0.0873 0.3508 0.0103 0.0207 0.0042
183 0.1506 0.0418 0.0988 0.3342 0.2815 0.0928
184 0.5913 0.0094 0.0658 0.2793 0.0096 0.0445
185 0.8003 0.0837 0.0603 0.0033 0.0520 0.0006
186 0.7432 0.1079 0.0945 0.0022 0.0518 0.0005
187 0.5723 0.2277 0.1589 0.0029 0.0380 0.0003
188 0.4404 0.0569 0.2734 0.1970 0.0136 0.0185
189 0.2421 0.0148 0.1664 0.3691 0.0363 0.1716
190 0.2732 0.0230 0.0916 0.4575 0.0573 0.0974
191 0.3347 0.0198 0.0702 0.4368 0.0860 0.0526
