time exciting_prob fearful_prob tense_prob sad_prob relaxing_prob neutral_prob
0 0.0213 0.2173 0.1238 0.5728 0.0562 0.0086
1 0.0152 0.1908 0.0901 0.6353 0.0348 0.0337
2 0.0052 0.2708 0.0323 0.6704 0.0059 0.0153
3 0.0213 0.6118 0.1047 0.2183 0.0101 0.0337
4 0.0355 0.6284 0.1978 0.0850 0.0058 0.0477
5 0.0345 0.7085 0.2095 0.0242 0.0004 0.0229
6 0.0435 0.4128 0.3369 0.1094 0.0022 0.0950
7 0.4116 0.1171 0.0408 0.0646 0.2617 0.1041
8 0.5464 0.0751 0.0341 0.0331 0.2878 0.0236
9 0.2671 0.1864 0.0564 0.0945 0.3003 0.0952
10 0.3328 0.1753 0.0370 0.0535 0.3459 0.0556
11 0.3652 0.0945 0.0247 0.0394 0.4543 0.0219
12 0.0994 0.5503 0.2480 0.0545 0.0066 0.0411
13 0.0892 0.5254 0.3188 0.0390 0.0048 0.0226
14 0.0845 0.5137 0.2705 0.0892 0.0042 0.0381
15 0.0098 0.1105 0.0630 0.7554 0.0049 0.0565
16 0.0178 0.1437 0.0972 0.6440 0.0117 0.0858
17 0.0706 0.6006 0.1669 0.1320 0.0093 0.0206
18 0.5308 0.2111 0.0718 0.0795 0.0696 0.0375
19 0.4331 0.3269 0.0959 0.0453 0.0839 0.0149
20 0.3894 0.3279 0.0903 0.0773 0.0947 0.0203
21 0.2397 0.1648 0.0547 0.2915 0.2341 0.0152
22 0.1964 0.1393 0.0613 0.1172 0.2561 0.2296
23 0.1251 0.0538 0.0529 0.2264 0.3733 0.1683
24 0.1464 0.0960 0.0629 0.2231 0.2651 0.2064
25 0.1210 0.1328 0.0567 0.2174 0.3816 0.0906
26 0.0097 0.1137 0.1137 0.6650 0.0399 0.0581
27 0.0177 0.3574 0.1742 0.4050 0.0113 0.0343
28 0.0933 0.3108 0.3931 0.1401 0.0055 0.0571
29 0.4373 0.0975 0.0440 0.1365 0.1312 0.1534
30 0.2759 0.1837 0.0475 0.2759 0.1323 0.0848
31 0.2542 0.0456 0.0209 0.1591 0.1077 0.4126
32 0.2725 0.1576 0.0818 0.1436 0.0213 0.3235
33 0.3359 0.3521 0.0346 0.0762 0.0171 0.1841
34 0.0641 0.7227 0.1638 0.0346 0.0012 0.0135
35 0.0537 0.6963 0.1932 0.0381 0.0004 0.0186
36 0.1744 0.0261 0.0775 0.5547 0.0632 0.1042
37 0.1383 0.6699 0.1279 0.0306 0.0036 0.0294
38 0.1877 0.3911 0.2029 0.1036 0.0034 0.1112
39 0.2878 0.3418 0.1370 0.0549 0.0159 0.1627
40 0.4595 0.0417 0.0532 0.3311 0.1041 0.0104
41 0.5688 0.1183 0.0180 0.0396 0.2427 0.0127
42 0.2476 0.2939 0.1000 0.1265 0.0720 0.1599
43 0.3000 0.2820 0.0498 0.0759 0.1185 0.1737
44 0.3086 0.5332 0.0562 0.0396 0.0090 0.0536
45 0.1625 0.1295 0.0477 0.2054 0.1316 0.3232
46 0.4944 0.0521 0.0486 0.0807 0.0679 0.2563
47 0.0726 0.0602 0.0365 0.4382 0.3689 0.0234
48 0.4917 0.0861 0.0251 0.0815 0.3030 0.0125
49 0.3799 0.1881 0.0479 0.0976 0.2693 0.0171
50 0.2527 0.1532 0.0534 0.1569 0.0644 0.3193
51 0.1305 0.3491 0.0340 0.0487 0.0166 0.4211
52 0.2664 0.2426 0.1136 0.1019 0.0405 0.2351
53 0.5190 0.1006 0.0226 0.0436 0.2673 0.0468
54 0.2947 0.0378 0.0344 0.0524 0.5337 0.0470
55 0.4683 0.2355 0.0281 0.0159 0.2300 0.0222
56 0.0252 0.1019 0.0212 0.6963 0.0026 0.1530
57 0.0708 0.2568 0.0209 0.4043 0.0057 0.2413
58 0.2216 0.3596 0.1866 0.0687 0.0249 0.1387
59 0.3298 0.2197 0.0432 0.0777 0.0475 0.2820
60 0.3003 0.5698 0.0783 0.0069 0.0079 0.0370
61 0.2908 0.5269 0.0820 0.0214 0.0109 0.0680
62 0.2854 0.0210 0.0431 0.1785 0.3550 0.1171
63 0.1316 0.0126 0.0508 0.5991 0.0259 0.1799
64 0.1945 0.2310 0.2617 0.1689 0.0184 0.1256
65 0.3293 0.2062 0.0475 0.1593 0.0814 0.1763
66 0.3833 0.3491 0.0720 0.0693 0.0447 0.0816
67 0.4998 0.3225 0.0882 0.0531 0.0038 0.0327
68 0.3567 0.0967 0.0176 0.1079 0.2432 0.1780
69 0.3188 0.0706 0.0262 0.1438 0.0958 0.3447
70 0.4534 0.1578 0.0334 0.1085 0.0361 0.2108
71 0.2362 0.0239 0.0883 0.4016 0.1367 0.1133
72 0.1957 0.0626 0.1196 0.2717 0.1609 0.1896
73 0.1273 0.1313 0.0088 0.5796 0.1022 0.0510
74 0.4744 0.2139 0.0170 0.1136 0.0545 0.1267
75 0.6069 0.2164 0.0342 0.0388 0.0518 0.0518
76 0.5288 0.1306 0.0480 0.1757 0.0301 0.0870
77 0.6055 0.0718 0.0328 0.1555 0.0283 0.1060
78 0.6909 0.0609 0.0421 0.0283 0.0198 0.1578
79 0.1740 0.0772 0.0803 0.2651 0.0681 0.3352
80 0.1539 0.0127 0.1276 0.5542 0.0138 0.1379
81 0.1997 0.4001 0.1997 0.0439 0.0058 0.1508
82 0.4658 0.2781 0.1178 0.0345 0.0028 0.1008
83 0.2469 0.3884 0.1582 0.0490 0.0200 0.1375
84 0.1382 0.0728 0.1278 0.4600 0.0812 0.1200
85 0.2159 0.5688 0.0505 0.0196 0.1270 0.0183
86 0.1718 0.5049 0.0242 0.0197 0.2620 0.0174
87 0.3188 0.5015 0.1239 0.0177 0.0262 0.0116
88 0.4373 0.2251 0.0671 0.1196 0.0078 0.1431
89 0.0786 0.4556 0.0940 0.2400 0.0985 0.0335
90 0.2041 0.6187 0.1144 0.0355 0.0050 0.0222
91 0.2004 0.6172 0.0646 0.0797 0.0220 0.0159
92 0.1477 0.5796 0.0939 0.1187 0.0243 0.0362
93 0.2209 0.3787 0.1164 0.2059 0.0279 0.0501
94 0.0603 0.1652 0.1873 0.4089 0.0392 0.1392
95 0.0621 0.2595 0.1649 0.3774 0.0172 0.1188
96 0.1177 0.0104 0.0269 0.0620 0.7676 0.0153
97 0.2783 0.0133 0.0094 0.0149 0.6675 0.0167
98 0.1506 0.0128 0.0101 0.0467 0.7412 0.0387
99 0.3740 0.2651 0.1476 0.0526 0.0472 0.1132
100 0.1331 0.2410 0.2952 0.1270 0.0248 0.1791
101 0.4722 0.3049 0.0501 0.0501 0.0284 0.0944
102 0.2510 0.0625 0.0828 0.3596 0.0796 0.1646
103 0.1360 0.0067 0.0060 0.0285 0.8198 0.0031
104 0.1232 0.0058 0.0039 0.0230 0.8418 0.0022
105 0.6592 0.2386 0.0497 0.0104 0.0299 0.0125
106 0.3398 0.3616 0.1121 0.1212 0.0112 0.0542
107 0.3281 0.1090 0.0267 0.1245 0.2219 0.1898
108 0.5347 0.1750 0.0376 0.0547 0.1113 0.0867
109 0.6230 0.0504 0.0343 0.1901 0.0905 0.0117
110 0.7979 0.1030 0.0211 0.0200 0.0362 0.0219
111 0.3787 0.0384 0.0186 0.2091 0.2369 0.1182
112 0.2998 0.0974 0.0304 0.0559 0.4905 0.0260
113 0.3218 0.0334 0.0425 0.4006 0.0922 0.1095
114 0.2390 0.4607 0.1862 0.0439 0.0179 0.0525
115 0.2322 0.0191 0.0302 0.1344 0.5317 0.0526
116 0.3237 0.3340 0.0844 0.0393 0.1815 0.0372
117 0.7124 0.1947 0.0240 0.0030 0.0652 0.0006
118 0.6055 0.0215 0.0585 0.0900 0.2158 0.0088
119 0.0076 0.0012 0.0002 0.0050 0.9849 0.0009
120 0.2698 0.3411 0.0149 0.0383 0.3057 0.0303
121 0.4397 0.3269 0.0270 0.0256 0.0900 0.0908
122 0.1758 0.0240 0.0310 0.1930 0.4087 0.1677
123 0.2471 0.0881 0.0703 0.1167 0.1185 0.3594
124 0.5210 0.2366 0.0341 0.0441 0.1412 0.0231
125 0.5010 0.3665 0.0246 0.0331 0.0313 0.0438
126 0.4648 0.1792 0.0373 0.1292 0.0834 0.1062
127 0.1453 0.0697 0.0494 0.3596 0.1131 0.2629
128 0.5698 0.2489 0.0413 0.0569 0.0538 0.0295
129 0.6948 0.2401 0.0151 0.0035 0.0377 0.0086
130 0.6782 0.0365 0.0045 0.0010 0.2783 0.0018
131 0.4119 0.0492 0.0104 0.0484 0.4119 0.0683
132 0.2747 0.0580 0.0126 0.0623 0.4124 0.1802
133 0.2505 0.0198 0.0156 0.1472 0.4128 0.1543
134 0.1862 0.1279 0.0718 0.1952 0.2546 0.1643
135 0.3298 0.1510 0.0265 0.2130 0.1442 0.1354
136 0.3567 0.1022 0.0426 0.2489 0.0759 0.1738
137 0.3455 0.2000 0.0364 0.1417 0.2374 0.0391
138 0.0270 0.0412 0.0490 0.5967 0.2030 0.0833
139 0.6909 0.1191 0.0215 0.0278 0.1219 0.0188
140 0.1351 0.1155 0.0220 0.2952 0.1508 0.2815
141 0.4487 0.2659 0.0114 0.0739 0.1456 0.0544
142 0.1838 0.2397 0.0168 0.1205 0.2551 0.1838
143 0.3105 0.5986 0.0243 0.0103 0.0293 0.0267
144 0.2856 0.5771 0.0585 0.0236 0.0181 0.0372
145 0.6011 0.1656 0.0281 0.0614 0.0846 0.0591
146 0.5840 0.1925 0.0903 0.0391 0.0255 0.0687
147 0.8081 0.1460 0.0093 0.0042 0.0276 0.0047
148 0.2725 0.0084 0.0153 0.1370 0.0251 0.5420
149 0.2888 0.3826 0.0337 0.0180 0.2412 0.0359
150 0.1241 0.0204 0.0027 0.0134 0.8345 0.0048
151 0.1399 0.1769 0.0199 0.2068 0.3518 0.1048
152 0.1136 0.1553 0.1349 0.1288 0.0181 0.4492
153 0.9146 0.0315 0.0095 0.0217 0.0227 0.0003
154 0.8643 0.0365 0.0129 0.0626 0.0227 0.0008
155 0.8643 0.0365 0.0129 0.0626 0.0227 0.0008
