time exciting_prob fearful_prob tense_prob sad_prob relaxing_prob neutral_prob
0 0.1136 0.1553 0.1349 0.1288 0.0181 0.4492
1 0.9233 0.0207 0.0161 0.0112 0.0283 0.0001
2 0.8999 0.0190 0.0240 0.0325 0.0244 0.0004
3 0.9282 0.0129 0.0180 0.0193 0.0213 0.0003
4 0.9229 0.0120 0.0173 0.0258 0.0217 0.0003
5 0.8735 0.0127 0.0227 0.0418 0.0493 0.0000
6 0.1494 0.1875 0.1949 0.4192 0.0422 0.0067
7 0.1433 0.2255 0.0566 0.5366 0.0335 0.0044
8 0.2086 0.2421 0.1798 0.2576 0.1099 0.0019
9 0.3379 0.0447 0.1986 0.0834 0.3328 0.0027
10 0.6616 0.0620 0.0895 0.0284 0.1534 0.0051
11 0.3652 0.3828 0.0502 0.0931 0.0771 0.0317
12 0.6440 0.0964 0.0529 0.0964 0.1051 0.0052
13 0.5635 0.0550 0.1019 0.0193 0.2581 0.0021
14 0.2725 0.1018 0.1349 0.4155 0.0481 0.0272
15 0.2534 0.1143 0.0911 0.2219 0.3130 0.0062
16 0.8076 0.0757 0.0174 0.0537 0.0456 0.0001
17 0.8877 0.0618 0.0110 0.0139 0.0256 0.0000
18 0.5278 0.1055 0.0953 0.1106 0.1548 0.0060
19 0.3911 0.1202 0.0664 0.2524 0.1617 0.0081
20 0.0742 0.6826 0.1465 0.0809 0.0114 0.0047
21 0.0379 0.6519 0.2117 0.0889 0.0051 0.0045
22 0.1055 0.2064 0.0975 0.3567 0.1909 0.0429
23 0.1401 0.2170 0.1066 0.3635 0.1050 0.0677
24 0.0831 0.2766 0.1277 0.1731 0.3389 0.0005
25 0.2101 0.3862 0.1197 0.2184 0.0597 0.0059
26 0.2134 0.3774 0.1116 0.1367 0.1489 0.0121
27 0.0607 0.4414 0.3958 0.0602 0.0346 0.0074
28 0.4333 0.3647 0.0198 0.1697 0.0083 0.0042
29 0.8232 0.1141 0.0148 0.0337 0.0124 0.0018
30 0.0775 0.0825 0.3999 0.3586 0.0500 0.0313
31 0.3396 0.2563 0.2244 0.1019 0.0663 0.0116
32 0.2527 0.1937 0.0997 0.4297 0.0171 0.0072
33 0.6064 0.2301 0.1194 0.0279 0.0146 0.0016
34 0.2805 0.0269 0.6030 0.0641 0.0215 0.0040
35 0.1975 0.0274 0.7168 0.0365 0.0188 0.0031
36 0.2422 0.3235 0.1978 0.0612 0.1691 0.0063
37 0.3022 0.1569 0.2211 0.0634 0.2467 0.0098
38 0.1923 0.2954 0.2732 0.1670 0.0432 0.0290
39 0.5161 0.1445 0.2037 0.0395 0.0476 0.0484
40 0.1776 0.0288 0.5732 0.1320 0.0729 0.0155
41 0.4666 0.1730 0.1400 0.1236 0.0465 0.0503
42 0.5010 0.3159 0.0844 0.0554 0.0249 0.0182
43 0.3059 0.0651 0.2617 0.3413 0.0130 0.0128
44 0.3857 0.2715 0.2001 0.0731 0.0645 0.0053
45 0.7114 0.0836 0.0804 0.0963 0.0227 0.0056
46 0.8140 0.0613 0.0563 0.0558 0.0115 0.0010
47 0.1689 0.0267 0.0631 0.5991 0.1057 0.0365
48 0.1379 0.1857 0.0414 0.1227 0.5049 0.0075
49 0.0847 0.0573 0.0080 0.1194 0.7261 0.0046
50 0.0698 0.5977 0.1097 0.1536 0.0611 0.0083
51 0.3359 0.1599 0.3413 0.0897 0.0540 0.0191
52 0.4187 0.2900 0.0972 0.0381 0.1482 0.0079
53 0.4885 0.2456 0.0767 0.0570 0.1216 0.0105
54 0.5464 0.2260 0.1042 0.0154 0.1051 0.0030
55 0.6875 0.1262 0.0748 0.0216 0.0605 0.0295
56 0.6069 0.1559 0.0945 0.0206 0.1055 0.0166
57 0.5474 0.1165 0.1555 0.0161 0.0649 0.0997
58 0.4238 0.0875 0.2322 0.0423 0.1055 0.1088
59 0.3494 0.1082 0.2617 0.0553 0.0579 0.1676
60 0.1443 0.3303 0.1687 0.1853 0.0480 0.1234
61 0.0739 0.2025 0.1010 0.0142 0.6045 0.0040
62 0.4341 0.1344 0.0149 0.1866 0.2269 0.0031
63 0.3909 0.1669 0.0202 0.0648 0.3560 0.0012
64 0.3992 0.1857 0.0231 0.0811 0.3086 0.0023
65 0.1566 0.1248 0.0103 0.0485 0.6592 0.0006
66 0.2097 0.1821 0.0159 0.0353 0.5566 0.0001
67 0.2177 0.0685 0.0141 0.0186 0.6807 0.0004
68 0.3708 0.2321 0.0135 0.1006 0.2822 0.0009
69 0.3320 0.1321 0.0100 0.1045 0.4199 0.0015
70 0.7046 0.1304 0.0640 0.0626 0.0241 0.0142
71 0.5708 0.1942 0.0829 0.0374 0.1072 0.0076
72 0.3130 0.2236 0.1598 0.1345 0.1274 0.0417
73 0.4917 0.2018 0.0611 0.0882 0.1420 0.0151
74 0.5859 0.1774 0.0637 0.0512 0.1110 0.0107
75 0.3704 0.1819 0.0517 0.0707 0.3193 0.0059
76 0.1208 0.6133 0.0970 0.1600 0.0056 0.0030
77 0.1158 0.1938 0.3623 0.1272 0.1969 0.0039
78 0.3052 0.1122 0.1633 0.2032 0.2081 0.0080
79 0.2969 0.1190 0.1058 0.2072 0.2479 0.0232
80 0.2539 0.0576 0.0617 0.1786 0.4387 0.0095
81 0.2303 0.0660 0.0518 0.2471 0.3796 0.0250
82 0.0080 0.7842 0.1450 0.0551 0.0022 0.0055
83 0.3064 0.1759 0.0964 0.1505 0.2620 0.0087
84 0.2305 0.1660 0.1159 0.2781 0.1926 0.0168
85 0.0684 0.0377 0.0434 0.2008 0.6284 0.0213
86 0.0652 0.0695 0.0162 0.0516 0.7822 0.0151
87 0.1265 0.5620 0.2068 0.0932 0.0089 0.0023
88 0.0497 0.4495 0.4094 0.0679 0.0135 0.0101
89 0.0267 0.0213 0.0174 0.0163 0.9116 0.0069
90 0.1437 0.1288 0.0393 0.1350 0.5342 0.0191
91 0.3467 0.1492 0.0108 0.2517 0.2401 0.0015
92 0.4082 0.2037 0.0108 0.0849 0.2917 0.0005
93 0.0630 0.0476 0.0401 0.0910 0.7324 0.0259
94 0.0376 0.0208 0.0082 0.0182 0.9033 0.0119
95 0.3398 0.1086 0.0901 0.4102 0.0467 0.0045
96 0.2854 0.1772 0.0571 0.2499 0.1976 0.0328
97 0.0440 0.0150 0.0112 0.0620 0.8428 0.0251
98 0.0858 0.0375 0.0197 0.0512 0.7822 0.0234
99 0.0086 0.0071 0.0127 0.0345 0.9326 0.0044
100 0.0925 0.0465 0.0570 0.6226 0.1703 0.0110
101 0.5532 0.1345 0.0784 0.1957 0.0330 0.0052
102 0.6191 0.0812 0.1309 0.0618 0.0942 0.0126
103 0.8906 0.0253 0.0592 0.0078 0.0164 0.0007
104 0.6436 0.1018 0.0571 0.1228 0.0733 0.0015
105 0.1198 0.0293 0.0236 0.0129 0.8120 0.0024
106 0.2673 0.0881 0.0514 0.0131 0.5791 0.0009
107 0.3733 0.2751 0.2317 0.0137 0.1013 0.0049
108 0.4067 0.2585 0.1532 0.0224 0.1544 0.0045
109 0.2288 0.1293 0.2067 0.3713 0.0565 0.0076
110 0.2202 0.1151 0.1125 0.0817 0.4448 0.0257
111 0.2202 0.1573 0.2219 0.1216 0.1927 0.0862
112 0.1566 0.0734 0.0658 0.0170 0.6855 0.0015
113 0.1808 0.1545 0.2339 0.2957 0.0901 0.0450
114 0.2710 0.1544 0.2544 0.1362 0.1709 0.0131
115 0.2292 0.2478 0.2153 0.2039 0.0553 0.0484
116 0.0834 0.2532 0.3921 0.2164 0.0356 0.0194
117 0.1749 0.1497 0.0853 0.2078 0.3733 0.0089
118 0.6460 0.0822 0.0582 0.0945 0.1168 0.0023
119 0.3425 0.1086 0.1682 0.0361 0.3425 0.0018
120 0.1407 0.2048 0.1893 0.0753 0.3826 0.0072
121 0.1683 0.2627 0.3000 0.1353 0.1222 0.0112
122 0.2117 0.3081 0.2325 0.1812 0.0611 0.0054
123 0.4036 0.0894 0.3562 0.1112 0.0378 0.0017
124 0.3376 0.0510 0.1113 0.4302 0.0681 0.0017
125 0.2201 0.1015 0.1754 0.3831 0.1141 0.0057
126 0.4541 0.1671 0.1893 0.0742 0.1140 0.0014
127 0.2408 0.1981 0.2815 0.1997 0.0752 0.0046
128 0.0682 0.0869 0.2271 0.5117 0.0947 0.0115
129 0.0670 0.4204 0.3174 0.1322 0.0582 0.0049
130 0.1061 0.1078 0.1998 0.4165 0.1331 0.0367
131 0.1738 0.2163 0.2693 0.1522 0.1752 0.0131
132 0.2585 0.2109 0.2708 0.1310 0.1061 0.0228
133 0.2096 0.0385 0.0460 0.5786 0.0916 0.0359
134 0.3584 0.2812 0.1146 0.0920 0.1517 0.0020
135 0.2957 0.1131 0.0938 0.2910 0.1851 0.0213
136 0.1189 0.2153 0.4778 0.0955 0.0710 0.0215
137 0.3103 0.3462 0.1388 0.0587 0.1323 0.0138
138 0.1191 0.3164 0.2141 0.2542 0.0832 0.0130
139 0.1908 0.2063 0.2129 0.1710 0.1683 0.0506
140 0.1259 0.2666 0.1890 0.0839 0.3164 0.0183
141 0.1979 0.1267 0.1979 0.3843 0.0858 0.0076
142 0.5566 0.1158 0.0742 0.1865 0.0490 0.0176
143 0.3748 0.1099 0.2152 0.1587 0.1411 0.0004
144 0.4407 0.0731 0.2050 0.1323 0.1465 0.0025
145 0.0768 0.3665 0.5332 0.0128 0.0036 0.0074
146 0.5957 0.2091 0.0712 0.0832 0.0363 0.0044
147 0.4094 0.1846 0.0558 0.2583 0.0838 0.0082
148 0.3757 0.3787 0.0769 0.1182 0.0390 0.0114
149 0.3098 0.0591 0.0130 0.5879 0.0192 0.0111
150 0.1376 0.0098 0.0601 0.1851 0.5977 0.0099
151 0.1366 0.0119 0.0692 0.1837 0.5933 0.0055
152 0.1126 0.0136 0.0978 0.1516 0.6187 0.0059
153 0.7148 0.0591 0.0754 0.1282 0.0194 0.0028
154 0.5244 0.2556 0.0883 0.1008 0.0287 0.0023
155 0.2213 0.0930 0.2128 0.4265 0.0446 0.0019
156 0.3228 0.0121 0.1489 0.1244 0.3892 0.0026
157 0.4128 0.1790 0.2227 0.1211 0.0568 0.0077
158 0.3096 0.0230 0.0364 0.2030 0.4231 0.0048
159 0.3289 0.1680 0.1578 0.2771 0.0604 0.0079
160 0.0622 0.0175 0.0508 0.8325 0.0070 0.0299
161 0.4041 0.1122 0.1271 0.2196 0.1354 0.0018
162 0.5786 0.1070 0.1185 0.0422 0.1533 0.0004
163 0.3413 0.0320 0.0285 0.2023 0.3108 0.0850
164 0.3936 0.0906 0.0812 0.2140 0.1918 0.0290
165 0.1627 0.1528 0.1815 0.4421 0.0536 0.0071
166 0.0519 0.0417 0.3132 0.5581 0.0169 0.0179
167 0.4775 0.0738 0.1041 0.0756 0.2678 0.0013
168 0.1215 0.1610 0.2133 0.4658 0.0073 0.0312
169 0.0111 0.0306 0.0438 0.9082 0.0041 0.0023
170 0.1841 0.0925 0.2438 0.3777 0.0842 0.0178
171 0.2563 0.3066 0.3757 0.0456 0.0129 0.0028
172 0.1696 0.1863 0.4683 0.1486 0.0177 0.0096
173 0.1346 0.5239 0.2085 0.1032 0.0105 0.0191
174 0.0716 0.5723 0.3469 0.0090 0.0002 0.0001
175 0.1853 0.0588 0.1648 0.2698 0.2986 0.0228
176 0.2515 0.1225 0.1512 0.1942 0.2052 0.0755
177 0.2410 0.1416 0.1174 0.2281 0.2211 0.0509
178 0.0746 0.2427 0.3318 0.2996 0.0277 0.0237
179 0.2087 0.2072 0.0837 0.1799 0.2205 0.1002
180 0.3169 0.2668 0.2030 0.0853 0.0959 0.0319
181 0.2896 0.1826 0.1562 0.1188 0.2102 0.0424
182 0.0815 0.4302 0.2197 0.2249 0.0136 0.0302
183 0.0532 0.4592 0.2942 0.1538 0.0232 0.0162
184 0.2432 0.0998 0.0895 0.2231 0.2568 0.0874
185 0.1420 0.1476 0.2268 0.1453 0.3198 0.0186
186 0.1375 0.0707 0.2179 0.1545 0.3884 0.0309
187 0.0507 0.1025 0.1515 0.5991 0.0850 0.0115
188 0.1461 0.3140 0.1890 0.2644 0.0782 0.0082
189 0.6211 0.0490 0.0479 0.0286 0.2529 0.0004
190 0.1909 0.0930 0.1407 0.3457 0.2285 0.0011
191 0.1671 0.1038 0.1558 0.1533 0.4170 0.0030
192 0.5815 0.2295 0.0618 0.0428 0.0831 0.0012
193 0.5146 0.2671 0.0482 0.1130 0.0547 0.0024
194 0.3699 0.1747 0.0886 0.3115 0.0358 0.0196
195 0.4216 0.2056 0.0774 0.1771 0.1066 0.0115
196 0.3193 0.2930 0.2688 0.1036 0.0107 0.0046
197 0.5449 0.1958 0.1107 0.1073 0.0338 0.0075
198 0.6299 0.0915 0.1156 0.1405 0.0212 0.0012
199 0.3547 0.0173 0.0473 0.5757 0.0031 0.0016
200 0.5488 0.0162 0.0461 0.3833 0.0042 0.0013
201 0.5771 0.0235 0.0387 0.3555 0.0041 0.0011
