time exciting_prob fearful_prob tense_prob sad_prob relaxing_prob neutral_prob
0 0.1136 0.1553 0.1349 0.1288 0.0181 0.4492
1 0.0875 0.0218 0.0076 0.8765 0.0053 0.0016
2 0.1407 0.0179 0.0069 0.8291 0.0045 0.0010
3 0.1816 0.0248 0.0096 0.7769 0.0062 0.0011
4 0.0315 0.0056 0.0032 0.9561 0.0019 0.0016
5 0.1136 0.1553 0.1349 0.1288 0.0181 0.4492
6 0.0183 0.3845 0.4568 0.0942 0.0092 0.0369
7 0.0268 0.1917 0.3933 0.0793 0.1317 0.1772
8 0.0442 0.1733 0.4639 0.0723 0.1027 0.1437
9 0.0461 0.2034 0.4802 0.0596 0.0875 0.1234
10 0.0018 0.0372 0.0516 0.9014 0.0019 0.0063
11 0.0026 0.1246 0.0792 0.7871 0.0029 0.0034
12 0.0445 0.2330 0.2041 0.1577 0.0054 0.3555
13 0.0288 0.1595 0.3123 0.1385 0.0068 0.3540
14 0.0259 0.1334 0.4177 0.0992 0.0037 0.3201
15 0.0285 0.1459 0.4565 0.0618 0.0031 0.3042
16 0.0355 0.1403 0.4458 0.0652 0.0070 0.3064
17 0.0332 0.3223 0.3538 0.0665 0.0064 0.2180
18 0.0341 0.2563 0.3616 0.0943 0.0089 0.2446
19 0.0456 0.2883 0.3760 0.0859 0.0089 0.1951
20 0.0363 0.2424 0.3936 0.1027 0.0177 0.2074
21 0.0430 0.2396 0.4546 0.0953 0.0127 0.1547
22 0.0398 0.2556 0.4348 0.0553 0.0090 0.2054
23 0.0731 0.2289 0.2324 0.0992 0.0174 0.3489
24 0.0586 0.1619 0.2449 0.0908 0.0107 0.4331
25 0.1011 0.2749 0.2262 0.0958 0.0160 0.2859
26 0.1049 0.2876 0.2808 0.1083 0.0113 0.2070
27 0.0856 0.1169 0.0792 0.3081 0.0206 0.3896
28 0.0084 0.4626 0.1368 0.3230 0.0013 0.0677
29 0.0039 0.5220 0.1862 0.2466 0.0006 0.0409
30 0.0060 0.5537 0.1179 0.2920 0.0009 0.0294
31 0.1545 0.1054 0.5742 0.1385 0.0208 0.0063
32 0.1256 0.1799 0.5542 0.1041 0.0343 0.0019
33 0.1615 0.1602 0.3933 0.2462 0.0341 0.0046
34 0.1803 0.0701 0.0980 0.6099 0.0235 0.0183
35 0.0437 0.0797 0.7441 0.0809 0.0420 0.0095
36 0.0432 0.1520 0.5142 0.2467 0.0173 0.0266
37 0.2378 0.1713 0.1313 0.4109 0.0143 0.0345
38 0.0427 0.3601 0.4082 0.1466 0.0335 0.0089
39 0.0598 0.0305 0.4775 0.3083 0.1001 0.0236
40 0.0582 0.0419 0.6060 0.1792 0.0974 0.0173
41 0.0656 0.0506 0.4768 0.3030 0.0754 0.0286
42 0.0925 0.1073 0.4553 0.2676 0.0548 0.0225
43 0.0885 0.1298 0.2106 0.2350 0.3262 0.0100
44 0.0406 0.0712 0.2125 0.5869 0.0250 0.0638
45 0.0529 0.4229 0.1384 0.3047 0.0685 0.0127
46 0.0661 0.2084 0.1367 0.5405 0.0293 0.0189
47 0.0671 0.0332 0.0476 0.3923 0.4517 0.0081
48 0.1494 0.0832 0.1259 0.4463 0.0336 0.1616
49 0.0358 0.2585 0.5059 0.1472 0.0049 0.0475
50 0.0811 0.2517 0.4216 0.1786 0.0119 0.0549
51 0.0190 0.2124 0.5098 0.2091 0.0026 0.0474
52 0.0259 0.2036 0.5200 0.1661 0.0034 0.0810
53 0.0450 0.2268 0.4583 0.2097 0.0068 0.0534
54 0.0559 0.1580 0.3091 0.4429 0.0195 0.0147
55 0.0350 0.1340 0.2390 0.5303 0.0256 0.0361
56 0.0407 0.0862 0.2698 0.5117 0.0164 0.0749
57 0.0113 0.0500 0.2107 0.6802 0.0133 0.0344
58 0.0240 0.1886 0.2744 0.4666 0.0282 0.0182
59 0.1851 0.1608 0.1418 0.4370 0.0232 0.0522
60 0.2156 0.1035 0.0424 0.6240 0.0053 0.0093
61 0.2764 0.1108 0.0677 0.5244 0.0065 0.0144
62 0.2275 0.1180 0.1600 0.4561 0.0035 0.0349
63 0.3701 0.1094 0.0707 0.4329 0.0054 0.0114
64 0.0881 0.2147 0.1385 0.4836 0.0560 0.0189
65 0.0614 0.1438 0.0820 0.6860 0.0070 0.0196
66 0.0789 0.0916 0.1836 0.5923 0.0419 0.0116
67 0.1187 0.1523 0.3005 0.3599 0.0359 0.0327
68 0.0825 0.0493 0.1426 0.5820 0.0147 0.1289
69 0.1478 0.1573 0.2020 0.3230 0.0491 0.1207
70 0.1294 0.2380 0.2573 0.2615 0.0303 0.0836
71 0.0385 0.1047 0.2286 0.4407 0.0226 0.1647
72 0.0378 0.0722 0.1873 0.5859 0.0445 0.0722
73 0.1946 0.1915 0.2440 0.2854 0.0716 0.0128
74 0.0480 0.0451 0.4146 0.1265 0.2085 0.1573
75 0.0454 0.0592 0.3923 0.1024 0.1512 0.2494
76 0.0104 0.0613 0.0390 0.2463 0.6191 0.0236
77 0.0414 0.1124 0.3984 0.3518 0.0320 0.0640
78 0.1794 0.3828 0.1583 0.2651 0.0097 0.0047
79 0.0702 0.0522 0.1683 0.0321 0.4436 0.2338
80 0.0845 0.0858 0.0973 0.0482 0.2996 0.3848
81 0.0911 0.1099 0.1478 0.0424 0.4277 0.1812
82 0.0938 0.1547 0.2452 0.2959 0.0686 0.1420
83 0.0791 0.1422 0.2871 0.2698 0.0305 0.1913
84 0.0742 0.1522 0.3433 0.2891 0.0391 0.1022
85 0.0022 0.1019 0.1210 0.7651 0.0012 0.0086
86 0.0018 0.0298 0.0492 0.9141 0.0015 0.0035
87 0.0006 0.0354 0.0332 0.9268 0.0004 0.0033
88 0.0008 0.0331 0.0506 0.9102 0.0004 0.0047
89 0.1423 0.1600 0.3550 0.2576 0.0090 0.0762
90 0.0822 0.1868 0.4111 0.2100 0.0078 0.1023
91 0.0473 0.1306 0.4929 0.2240 0.0034 0.1017
92 0.0999 0.1334 0.4141 0.1896 0.0070 0.1560
93 0.0795 0.1428 0.4297 0.2908 0.0046 0.0526
94 0.0565 0.1323 0.3076 0.3770 0.0050 0.1215
95 0.0388 0.0284 0.3054 0.0243 0.0917 0.5112
96 0.0307 0.0195 0.3003 0.0154 0.0640 0.5698
97 0.0071 0.0808 0.1311 0.7090 0.0028 0.0691
98 0.0262 0.1020 0.3093 0.4363 0.0071 0.1193
99 0.0170 0.2169 0.2576 0.4739 0.0049 0.0298
100 0.0655 0.2981 0.3274 0.2549 0.0085 0.0457
101 0.0812 0.2351 0.2749 0.2834 0.0116 0.1136
102 0.0554 0.2581 0.3015 0.3582 0.0071 0.0197
103 0.0693 0.2739 0.3008 0.3057 0.0149 0.0354
104 0.0534 0.1864 0.3826 0.3271 0.0230 0.0275
105 0.0912 0.1814 0.4150 0.2517 0.0481 0.0125
106 0.0908 0.1863 0.2842 0.4006 0.0266 0.0115
107 0.0360 0.0978 0.1515 0.6479 0.0477 0.0194
108 0.0360 0.2786 0.2966 0.3359 0.0349 0.0181
109 0.1191 0.1963 0.0987 0.5254 0.0463 0.0142
110 0.2170 0.0933 0.0774 0.6040 0.0056 0.0028
111 0.1494 0.1340 0.1060 0.6050 0.0048 0.0007
112 0.2983 0.1809 0.1159 0.3743 0.0280 0.0026
113 0.2030 0.2908 0.0789 0.3706 0.0513 0.0055
114 0.0578 0.2981 0.2888 0.2844 0.0322 0.0388
115 0.1910 0.3799 0.1465 0.2610 0.0079 0.0137
116 0.1085 0.2996 0.2502 0.3237 0.0098 0.0082
117 0.1107 0.1031 0.2456 0.5200 0.0175 0.0032
118 0.0888 0.1365 0.1385 0.4404 0.0655 0.1302
119 0.0271 0.1792 0.0394 0.6924 0.0201 0.0419
120 0.1252 0.1006 0.0475 0.5439 0.0241 0.1583
121 0.0938 0.2629 0.1698 0.3796 0.0147 0.0790
122 0.0547 0.1851 0.1063 0.5791 0.0164 0.0587
123 0.0405 0.0536 0.3782 0.5010 0.0077 0.0191
124 0.1078 0.2588 0.5068 0.1013 0.0176 0.0078
125 0.1162 0.1296 0.5898 0.1469 0.0164 0.0009
126 0.1591 0.3787 0.2279 0.1919 0.0352 0.0074
127 0.0750 0.1785 0.4382 0.2421 0.0274 0.0389
128 0.0563 0.1654 0.3342 0.3557 0.0474 0.0412
129 0.1973 0.1989 0.2915 0.2399 0.0519 0.0206
130 0.0186 0.6875 0.0748 0.1940 0.0145 0.0105
131 0.1050 0.3389 0.1992 0.2681 0.0267 0.0622
132 0.1023 0.1254 0.1622 0.5840 0.0210 0.0049
133 0.1547 0.0687 0.0606 0.5151 0.0725 0.1283
134 0.1030 0.1322 0.2888 0.4202 0.0088 0.0471
135 0.1292 0.1251 0.2096 0.5024 0.0075 0.0260
136 0.1658 0.1021 0.2488 0.4231 0.0143 0.0460
137 0.1472 0.1239 0.3115 0.3757 0.0202 0.0214
138 0.2605 0.2211 0.3533 0.1438 0.0193 0.0020
139 0.4656 0.3054 0.1366 0.0790 0.0121 0.0014
140 0.2786 0.0744 0.1550 0.4592 0.0265 0.0063
141 0.0473 0.3130 0.2805 0.3333 0.0149 0.0110
142 0.0732 0.0883 0.4417 0.3281 0.0570 0.0116
143 0.0512 0.2123 0.4287 0.2561 0.0392 0.0126
144 0.0704 0.1216 0.4519 0.3154 0.0169 0.0236
145 0.1252 0.2018 0.1088 0.4238 0.0822 0.0583
146 0.0746 0.1129 0.2974 0.4824 0.0195 0.0134
147 0.0904 0.3467 0.2345 0.3010 0.0232 0.0041
148 0.0570 0.1943 0.0621 0.6079 0.0709 0.0075
149 0.1141 0.2494 0.1610 0.4175 0.0535 0.0044
150 0.0345 0.0930 0.0505 0.7661 0.0494 0.0065
151 0.0457 0.1224 0.3489 0.4622 0.0106 0.0102
152 0.0768 0.0830 0.3606 0.4705 0.0063 0.0029
153 0.2192 0.1268 0.3789 0.2644 0.0080 0.0026
154 0.0213 0.2458 0.4453 0.2498 0.0097 0.0280
155 0.0162 0.1865 0.3767 0.3948 0.0019 0.0239
156 0.0126 0.0377 0.0850 0.8452 0.0068 0.0123
157 0.0444 0.1187 0.1501 0.6729 0.0034 0.0107
158 0.0526 0.0894 0.3120 0.4910 0.0378 0.0173
159 0.0728 0.1092 0.4817 0.3062 0.0162 0.0140
160 0.0448 0.0800 0.2925 0.5132 0.0421 0.0276
161 0.0414 0.1199 0.5210 0.2876 0.0218 0.0084
162 0.0569 0.0840 0.4912 0.3325 0.0085 0.0269
163 0.0421 0.0995 0.4600 0.3472 0.0331 0.0180
164 0.0273 0.3979 0.3298 0.1793 0.0569 0.0087
165 0.0532 0.2852 0.2637 0.3838 0.0077 0.0065
166 0.0519 0.2593 0.3833 0.2986 0.0037 0.0033
167 0.2573 0.3772 0.0984 0.2493 0.0170 0.0009
168 0.3496 0.3496 0.1306 0.1527 0.0151 0.0023
169 0.0293 0.2668 0.5737 0.1184 0.0061 0.0054
170 0.0737 0.1160 0.4919 0.2893 0.0128 0.0163
171 0.1119 0.2058 0.4060 0.2502 0.0148 0.0113
172 0.0594 0.0558 0.4121 0.3811 0.0115 0.0799
173 0.0316 0.3452 0.1968 0.3853 0.0101 0.0311
174 0.1105 0.1214 0.3403 0.3457 0.0471 0.0348
175 0.0184 0.2502 0.1693 0.4976 0.0024 0.0623
176 0.0220 0.1447 0.5718 0.1276 0.0042 0.1296
177 0.0558 0.2460 0.2539 0.4185 0.0120 0.0140
178 0.0701 0.0724 0.3853 0.4231 0.0199 0.0293
179 0.0261 0.0391 0.4407 0.2981 0.0436 0.1523
180 0.0994 0.1858 0.4600 0.1801 0.0418 0.0331
181 0.0070 0.1447 0.1493 0.6904 0.0044 0.0045
182 0.1422 0.1188 0.0208 0.3574 0.3574 0.0035
183 0.0407 0.0401 0.0129 0.8057 0.0977 0.0029
184 0.1208 0.1307 0.0259 0.3184 0.4026 0.0015
185 0.0277 0.0967 0.4404 0.2671 0.0551 0.1131
186 0.0264 0.0881 0.4912 0.2284 0.0675 0.0983
187 0.0284 0.1294 0.5366 0.1514 0.0693 0.0849
188 0.0398 0.0451 0.2153 0.0296 0.5947 0.0756
189 0.0411 0.0898 0.3665 0.0667 0.3389 0.0971
190 0.0348 0.0848 0.4045 0.0601 0.3149 0.1007
191 0.0463 0.4749 0.1182 0.3264 0.0145 0.0199
192 0.0316 0.0297 0.3850 0.0758 0.0746 0.4033
193 0.0253 0.0528 0.3440 0.0941 0.0817 0.4021
194 0.0272 0.0318 0.2620 0.0463 0.0421 0.5903
195 0.0211 0.0368 0.3599 0.0709 0.0195 0.4919
196 0.1818 0.1604 0.4033 0.1681 0.0088 0.0776
197 0.0274 0.0205 0.4358 0.0668 0.0270 0.4224
198 0.0411 0.2600 0.4634 0.0247 0.1050 0.1058
199 0.0345 0.1130 0.3916 0.0707 0.0853 0.3049
200 0.0331 0.1338 0.4121 0.0705 0.0884 0.2620
201 0.0443 0.4009 0.4834 0.0543 0.0133 0.0038
202 0.0288 0.2429 0.6709 0.0478 0.0070 0.0027
203 0.0517 0.1697 0.6709 0.0915 0.0065 0.0096
204 0.0591 0.2197 0.5522 0.1418 0.0125 0.0145
205 0.0322 0.1573 0.2939 0.3330 0.0081 0.1755
206 0.0333 0.2421 0.2786 0.3413 0.0084 0.0963
207 0.0199 0.2253 0.4211 0.2437 0.0058 0.0842
208 0.0433 0.2493 0.4443 0.2343 0.0100 0.0188
209 0.0862 0.2656 0.2783 0.3254 0.0171 0.0273
210 0.0961 0.2737 0.1766 0.3860 0.0426 0.0251
211 0.0346 0.2172 0.4817 0.1050 0.0112 0.1504
212 0.0614 0.4331 0.4133 0.0551 0.0052 0.0319
213 0.0490 0.4509 0.2451 0.1969 0.0059 0.0522
214 0.1476 0.1865 0.0931 0.4336 0.0168 0.1223
215 0.0726 0.3689 0.2617 0.2576 0.0055 0.0338
216 0.1594 0.2510 0.1924 0.2888 0.0154 0.0930
217 0.1082 0.5581 0.1959 0.0911 0.0041 0.0424
218 0.0938 0.5522 0.1908 0.1223 0.0045 0.0364
219 0.1263 0.4917 0.1740 0.1500 0.0036 0.0543
220 0.1322 0.4333 0.1685 0.2469 0.0031 0.0159
221 0.1304 0.1610 0.2493 0.4175 0.0031 0.0388
222 0.1147 0.1617 0.3616 0.2998 0.0036 0.0586
223 0.2219 0.2272 0.1898 0.1444 0.0066 0.2101
224 0.1990 0.3130 0.2761 0.0890 0.0078 0.1151
225 0.1663 0.2400 0.2595 0.2152 0.0056 0.1134
226 0.2034 0.1852 0.2002 0.2571 0.0102 0.1442
227 0.0462 0.2206 0.2788 0.3752 0.0068 0.0722
228 0.1611 0.1294 0.2917 0.2917 0.0025 0.1235
229 0.1342 0.2527 0.2773 0.2264 0.0041 0.1053
230 0.0807 0.4941 0.2524 0.1147 0.0025 0.0555
231 0.0623 0.2969 0.4253 0.2073 0.0024 0.0057
232 0.0445 0.1814 0.6333 0.1327 0.0027 0.0057
233 0.0428 0.0408 0.0473 0.8584 0.0031 0.0075
234 0.1991 0.2186 0.2291 0.3386 0.0089 0.0056
235 0.3901 0.0986 0.2155 0.2725 0.0175 0.0058
236 0.0194 0.1159 0.1660 0.0726 0.6172 0.0091
237 0.1841 0.3958 0.1869 0.1990 0.0008 0.0335
238 0.2148 0.3030 0.1824 0.2378 0.0011 0.0611
239 0.0226 0.1230 0.1310 0.0973 0.6152 0.0112
240 0.2720 0.0430 0.1550 0.5244 0.0031 0.0026
241 0.1328 0.0781 0.2122 0.5591 0.0056 0.0125
242 0.0408 0.1527 0.5166 0.2810 0.0069 0.0020
243 0.0122 0.0465 0.0386 0.0444 0.8125 0.0458
244 0.0302 0.1323 0.1262 0.1431 0.1063 0.4619
245 0.0860 0.1556 0.3347 0.3975 0.0199 0.0061
246 0.0892 0.2174 0.3474 0.2971 0.0415 0.0076
247 0.0295 0.1807 0.0937 0.0923 0.5649 0.0388
248 0.0373 0.2673 0.1477 0.0889 0.4478 0.0109
249 0.0280 0.4316 0.1492 0.0651 0.3059 0.0202
250 0.0512 0.1084 0.1505 0.4155 0.0224 0.2520
251 0.0516 0.1145 0.1888 0.4060 0.0079 0.2313
252 0.0550 0.1438 0.2996 0.2262 0.0068 0.2686
253 0.0881 0.1852 0.2532 0.2590 0.0204 0.1941
254 0.0344 0.3643 0.3757 0.1043 0.0508 0.0706
255 0.0210 0.2408 0.4033 0.1965 0.0425 0.0958
256 0.0177 0.3000 0.4297 0.1683 0.0204 0.0638
257 0.0249 0.2617 0.4248 0.1689 0.0217 0.0978
258 0.2407 0.2666 0.2583 0.2125 0.0022 0.0198
259 0.0512 0.3784 0.0871 0.4028 0.0657 0.0147
260 0.0472 0.4922 0.1263 0.2325 0.0687 0.0330
261 0.0454 0.1490 0.2827 0.1107 0.3926 0.0195
262 0.0428 0.2944 0.1871 0.1576 0.2681 0.0500
263 0.0429 0.2729 0.1103 0.1138 0.4363 0.0237
264 0.0600 0.1819 0.1351 0.1193 0.4868 0.0169
265 0.0473 0.1653 0.1392 0.0884 0.5420 0.0181
266 0.0606 0.3657 0.3774 0.1324 0.0253 0.0385
267 0.0118 0.0818 0.0700 0.7412 0.0219 0.0734
268 0.0412 0.1136 0.0831 0.6436 0.0466 0.0717
269 0.1157 0.2710 0.2318 0.0293 0.3374 0.0148
270 0.1250 0.2795 0.1952 0.0486 0.3372 0.0146
271 0.0872 0.3091 0.3342 0.0604 0.1846 0.0246
272 0.0908 0.2112 0.4006 0.0894 0.1521 0.0559
273 0.1161 0.1611 0.3689 0.0743 0.2457 0.0338
274 0.0152 0.1826 0.0704 0.6787 0.0103 0.0427
275 0.0233 0.0831 0.0806 0.7764 0.0040 0.0328
276 0.0185 0.0423 0.0708 0.8359 0.0073 0.0252
277 0.0565 0.5195 0.2035 0.0778 0.0882 0.0544
278 0.0559 0.4946 0.1848 0.0814 0.0894 0.0937
279 0.0696 0.5391 0.1953 0.1232 0.0370 0.0356
280 0.1475 0.2842 0.2546 0.2932 0.0090 0.0115
281 0.0513 0.1004 0.1484 0.6650 0.0130 0.0217
282 0.0557 0.2915 0.2134 0.3745 0.0296 0.0354
283 0.0471 0.3879 0.1495 0.3760 0.0297 0.0097
284 0.0239 0.4199 0.0908 0.4333 0.0268 0.0053
285 0.0161 0.2849 0.0636 0.6128 0.0179 0.0047
286 0.0308 0.2502 0.0800 0.6094 0.0193 0.0103
287 0.0406 0.1104 0.3975 0.3853 0.0564 0.0097
288 0.0353 0.2178 0.2585 0.4612 0.0130 0.0141
289 0.1998 0.0887 0.6157 0.0929 0.0007 0.0024
290 0.0878 0.2949 0.3669 0.1903 0.0113 0.0489
291 0.0817 0.2966 0.4316 0.1600 0.0064 0.0234
292 0.0736 0.0945 0.2651 0.5029 0.0109 0.0530
293 0.0267 0.1126 0.4666 0.3691 0.0150 0.0098
294 0.2294 0.1652 0.4634 0.1296 0.0009 0.0116
295 0.4104 0.1953 0.1938 0.1779 0.0057 0.0168
296 0.0509 0.4001 0.2043 0.3267 0.0081 0.0100
297 0.0547 0.2693 0.1583 0.4580 0.0167 0.0429
298 0.0444 0.1207 0.1960 0.6035 0.0310 0.0041
299 0.0680 0.1863 0.2842 0.3120 0.0066 0.1428
300 0.0292 0.1857 0.2347 0.4526 0.0029 0.0948
301 0.0178 0.0812 0.2350 0.5464 0.0052 0.1145
302 0.0184 0.2690 0.3977 0.2732 0.0169 0.0246
303 0.0850 0.2832 0.3311 0.1829 0.0215 0.0964
304 0.1066 0.2556 0.1599 0.3035 0.0068 0.1676
305 0.0659 0.3296 0.3455 0.2195 0.0065 0.0331
306 0.0484 0.1688 0.1537 0.5283 0.0046 0.0962
307 0.1290 0.1877 0.2449 0.3242 0.0072 0.1069
308 0.0840 0.1893 0.1343 0.4990 0.0081 0.0853
309 0.0368 0.1781 0.1015 0.1500 0.5073 0.0261
310 0.1097 0.0479 0.1224 0.6938 0.0228 0.0032
311 0.0854 0.1597 0.4475 0.1283 0.0881 0.0909
312 0.0131 0.0974 0.0254 0.8545 0.0026 0.0071
313 0.0681 0.1313 0.0875 0.5889 0.1159 0.0084
314 0.0654 0.1836 0.3220 0.3948 0.0052 0.0290
315 0.0724 0.1521 0.4006 0.3481 0.0049 0.0219
316 0.0609 0.0707 0.2754 0.5225 0.0062 0.0644
317 0.0584 0.1771 0.0473 0.7007 0.0023 0.0144
318 0.0848 0.1442 0.1442 0.5884 0.0282 0.0104
319 0.0187 0.0462 0.4053 0.1357 0.2917 0.1024
320 0.0501 0.0887 0.6250 0.2264 0.0068 0.0027
321 0.0178 0.2004 0.5278 0.2036 0.0026 0.0476
322 0.0269 0.3735 0.4167 0.1251 0.0258 0.0319
323 0.0468 0.1609 0.4583 0.2822 0.0030 0.0487
324 0.0615 0.1711 0.3513 0.3101 0.0030 0.1030
325 0.0830 0.1564 0.3184 0.3550 0.0049 0.0824
326 0.0865 0.1415 0.2834 0.3528 0.0080 0.1278
327 0.1092 0.2349 0.2703 0.3088 0.0047 0.0722
328 0.0433 0.1465 0.3857 0.2340 0.0025 0.1880
329 0.0933 0.1600 0.2681 0.2808 0.0062 0.1915
330 0.0507 0.1912 0.4958 0.1714 0.0061 0.0848
331 0.1326 0.0850 0.2852 0.1389 0.0641 0.2942
332 0.0285 0.2072 0.5542 0.1058 0.0035 0.1010
333 0.0781 0.1392 0.4424 0.1190 0.0059 0.2156
334 0.0602 0.1256 0.4966 0.0863 0.0075 0.2239
335 0.0343 0.1357 0.3809 0.0584 0.0040 0.3867
336 0.0148 0.0488 0.4023 0.0544 0.0020 0.4778
337 0.0264 0.1279 0.4829 0.0559 0.0044 0.3022
338 0.0071 0.4885 0.2382 0.1943 0.0026 0.0693
339 0.0045 0.4900 0.1239 0.3369 0.0012 0.0435
340 0.0054 0.6631 0.1930 0.1226 0.0005 0.0155
341 0.0025 0.6978 0.1606 0.1232 0.0003 0.0158
342 0.0029 0.6709 0.1864 0.1261 0.0005 0.0131
343 0.0342 0.2303 0.6357 0.0564 0.0031 0.0400
344 0.0143 0.2268 0.4954 0.1534 0.0126 0.0975
345 0.0665 0.1159 0.4443 0.0760 0.0150 0.2825
346 0.0648 0.2262 0.4570 0.1383 0.0077 0.1060
347 0.0313 0.0673 0.6582 0.1799 0.0066 0.0566
348 0.0356 0.2534 0.6367 0.0444 0.0061 0.0237
349 0.0215 0.2581 0.6909 0.0122 0.0021 0.0154
350 0.0910 0.1957 0.5752 0.0423 0.0020 0.0939
351 0.1490 0.3804 0.3518 0.0709 0.0148 0.0330
352 0.0536 0.2367 0.4219 0.1317 0.0057 0.1504
353 0.0450 0.2673 0.3596 0.1205 0.0087 0.1986
354 0.0228 0.4331 0.4070 0.0789 0.0053 0.0529
355 0.0174 0.1837 0.5483 0.0708 0.0070 0.1726
356 0.0193 0.1887 0.4253 0.0684 0.0103 0.2878
357 0.0686 0.1149 0.5566 0.0429 0.0055 0.2113
358 0.1367 0.0755 0.3181 0.1049 0.0156 0.3494
359 0.1058 0.2008 0.5288 0.0805 0.0102 0.0739
360 0.0348 0.0737 0.7988 0.0626 0.0011 0.0289
361 0.0088 0.0562 0.8936 0.0154 0.0003 0.0257
362 0.0267 0.1255 0.6426 0.1008 0.0036 0.1008
363 0.0398 0.0842 0.6221 0.1624 0.0047 0.0869
364 0.0398 0.1648 0.4844 0.1187 0.0083 0.1838
365 0.0341 0.1146 0.6196 0.0717 0.0281 0.1320
366 0.1035 0.2881 0.4900 0.0276 0.0062 0.0845
367 0.0351 0.1490 0.5894 0.0612 0.0068 0.1586
368 0.0350 0.2590 0.2285 0.4688 0.0017 0.0070
369 0.0576 0.0618 0.6289 0.0734 0.0217 0.1566
370 0.0374 0.0483 0.3127 0.0461 0.0062 0.5493
371 0.0191 0.0369 0.2297 0.1761 0.0040 0.5342
372 0.0381 0.2407 0.4094 0.2644 0.0258 0.0215
373 0.0977 0.0593 0.7446 0.0069 0.0128 0.0785
374 0.0548 0.0612 0.5122 0.0947 0.0030 0.2742
375 0.0411 0.0955 0.7515 0.0466 0.0016 0.0637
376 0.0249 0.1226 0.7168 0.0925 0.0039 0.0395
377 0.0321 0.1191 0.3557 0.2949 0.0195 0.1788
378 0.0180 0.0919 0.4741 0.1917 0.0038 0.2206
379 0.0258 0.0565 0.5615 0.1071 0.0039 0.2452
380 0.2488 0.1864 0.4871 0.0364 0.0084 0.0329
381 0.0348 0.0720 0.5752 0.1151 0.0041 0.1989
382 0.0541 0.2661 0.5635 0.0878 0.0042 0.0242
383 0.0659 0.3733 0.4231 0.0517 0.0076 0.0782
384 0.0543 0.1753 0.5400 0.1030 0.0051 0.1224
385 0.0341 0.1642 0.4192 0.0576 0.0036 0.3213
386 0.1519 0.1219 0.4224 0.0679 0.0098 0.2261
387 0.0653 0.2124 0.4429 0.0806 0.0054 0.1935
388 0.0685 0.2284 0.5562 0.0997 0.0057 0.0413
389 0.0223 0.0560 0.7607 0.0790 0.0017 0.0802
390 0.1047 0.2018 0.5234 0.0211 0.0322 0.1168
391 0.0397 0.2047 0.4009 0.2180 0.0429 0.0938
392 0.0707 0.0741 0.3535 0.1029 0.0105 0.3882
393 0.0247 0.1379 0.6577 0.0622 0.0031 0.1143
394 0.0748 0.2375 0.5698 0.0291 0.0091 0.0796
395 0.0871 0.1932 0.4495 0.0360 0.0151 0.2190
396 0.0270 0.1460 0.4224 0.1350 0.0094 0.2603
397 0.1245 0.0849 0.1884 0.0836 0.0066 0.5122
398 0.0232 0.1039 0.3250 0.1022 0.0084 0.4373
399 0.0438 0.4421 0.2206 0.1180 0.0603 0.1153
400 0.0357 0.2559 0.3665 0.2681 0.0062 0.0678
401 0.0502 0.2413 0.3511 0.1765 0.0057 0.1752
402 0.0116 0.0399 0.4641 0.2996 0.0113 0.1735
403 0.0135 0.1158 0.4441 0.2737 0.0086 0.1442
404 0.0534 0.1375 0.3000 0.1176 0.2954 0.0959
405 0.0247 0.1317 0.3110 0.2620 0.1946 0.0762
406 0.0267 0.0414 0.1255 0.2418 0.0836 0.4810
407 0.0511 0.0919 0.5806 0.0617 0.1108 0.1041
408 0.0349 0.1381 0.4456 0.0850 0.0891 0.2073
409 0.0626 0.2291 0.3547 0.0667 0.1433 0.1433
410 0.0344 0.4495 0.2812 0.0508 0.0878 0.0964
411 0.0497 0.1229 0.2010 0.1110 0.3816 0.1339
412 0.0886 0.2245 0.2427 0.0832 0.1890 0.1721
413 0.0456 0.1289 0.2485 0.1230 0.2605 0.1935
414 0.0288 0.0475 0.2395 0.0828 0.2888 0.3125
415 0.0207 0.1791 0.3293 0.0915 0.2688 0.1104
416 0.0334 0.0604 0.2815 0.0463 0.4497 0.1288
417 0.0335 0.0552 0.0816 0.0503 0.0291 0.7505
418 0.0235 0.4226 0.2485 0.0403 0.0127 0.2524
419 0.0233 0.0740 0.5552 0.0256 0.0107 0.3113
420 0.0203 0.1389 0.6426 0.0274 0.0059 0.1650
421 0.0107 0.0520 0.6641 0.1873 0.0015 0.0844
422 0.0353 0.0959 0.5825 0.2178 0.0031 0.0654
423 0.0266 0.0989 0.5142 0.1130 0.0041 0.2429
424 0.0114 0.1339 0.7827 0.0466 0.0004 0.0248
425 0.0284 0.1031 0.6172 0.1097 0.0018 0.1399
426 0.0175 0.0435 0.0972 0.0585 0.0073 0.7759
427 0.0468 0.1365 0.7207 0.0587 0.0061 0.0314
428 0.0446 0.0475 0.2063 0.0376 0.0670 0.5972
429 0.0518 0.0803 0.3833 0.0731 0.0161 0.3953
430 0.0452 0.0432 0.6650 0.0229 0.0114 0.2125
431 0.0175 0.0617 0.1306 0.0261 0.0238 0.7402
432 0.0150 0.0478 0.6191 0.0299 0.0176 0.2705
433 0.0230 0.1130 0.4614 0.1407 0.0071 0.2549
434 0.0418 0.1508 0.2952 0.0623 0.0072 0.4429
435 0.0489 0.1653 0.5420 0.0421 0.0627 0.1392
436 0.0138 0.2220 0.2053 0.0575 0.0089 0.4927
437 0.0436 0.0569 0.2932 0.5146 0.0197 0.0719
438 0.0851 0.1349 0.1979 0.2224 0.0336 0.3262
439 0.0627 0.0798 0.3870 0.2205 0.0154 0.2347
440 0.0503 0.0265 0.1975 0.0593 0.0190 0.6475
441 0.0144 0.0178 0.1010 0.0159 0.0181 0.8325
442 0.0394 0.1364 0.4758 0.0982 0.0518 0.1984
443 0.0184 0.1356 0.4377 0.2418 0.0199 0.1466
444 0.0557 0.0557 0.3208 0.0310 0.0242 0.5127
445 0.0244 0.0297 0.2352 0.0550 0.0643 0.5913
446 0.0371 0.2595 0.6128 0.0440 0.0057 0.0410
447 0.0371 0.1294 0.5200 0.2615 0.0019 0.0503
448 0.0631 0.2086 0.4214 0.2808 0.0040 0.0222
449 0.0273 0.1396 0.3623 0.4370 0.0151 0.0186
450 0.0151 0.2095 0.5605 0.1937 0.0135 0.0079
451 0.0143 0.3323 0.3171 0.2469 0.0295 0.0600
452 0.0314 0.1089 0.3149 0.4880 0.0020 0.0547
453 0.0169 0.1680 0.1482 0.6240 0.0019 0.0411
454 0.0223 0.1476 0.3030 0.4272 0.0016 0.0983
455 0.0143 0.1175 0.7314 0.0271 0.0012 0.1087
456 0.0228 0.2727 0.3787 0.2644 0.0072 0.0541
457 0.0318 0.2224 0.3552 0.3445 0.0233 0.0229
458 0.0424 0.1025 0.3206 0.4382 0.0014 0.0948
459 0.0137 0.1678 0.1458 0.5679 0.0016 0.1034
460 0.0278 0.2869 0.3984 0.2271 0.0016 0.0583
461 0.0149 0.3608 0.5332 0.0627 0.0021 0.0263
462 0.0192 0.2571 0.5444 0.0565 0.0016 0.1215
463 0.0170 0.2490 0.5356 0.0916 0.0013 0.1055
464 0.0132 0.2278 0.6001 0.1164 0.0009 0.0415
465 0.0150 0.2681 0.5166 0.1458 0.0014 0.0532
466 0.0172 0.4329 0.4329 0.0826 0.0014 0.0329
467 0.0164 0.4512 0.4878 0.0334 0.0019 0.0091
468 0.0249 0.2683 0.4858 0.0858 0.0025 0.1328
469 0.0163 0.2004 0.4114 0.1160 0.0024 0.2534
470 0.0153 0.3801 0.3743 0.1334 0.0049 0.0917
471 0.0111 0.1655 0.3345 0.3345 0.0014 0.1531
472 0.0256 0.1270 0.3093 0.4792 0.0031 0.0559
473 0.0079 0.0815 0.1924 0.6611 0.0009 0.0560
474 0.0424 0.1870 0.3494 0.1930 0.0063 0.2220
475 0.0601 0.3542 0.4141 0.1187 0.0049 0.0479
476 0.0305 0.0970 0.5850 0.2400 0.0080 0.0398
477 0.0513 0.1619 0.4133 0.3218 0.0058 0.0460
478 0.0226 0.3760 0.3879 0.1617 0.0033 0.0486
479 0.0136 0.2759 0.3030 0.3030 0.0017 0.1030
480 0.0231 0.1594 0.3025 0.3428 0.0078 0.1644
481 0.0223 0.2034 0.2869 0.2612 0.0197 0.2067
482 0.0169 0.2522 0.4937 0.1577 0.0051 0.0745
483 0.0090 0.2700 0.2537 0.2917 0.0014 0.1743
484 0.0121 0.2292 0.2517 0.3721 0.0023 0.1327
485 0.0119 0.2107 0.3420 0.3264 0.0015 0.1076
486 0.0114 0.3513 0.5190 0.0630 0.0037 0.0514
487 0.0185 0.3196 0.3855 0.0847 0.0036 0.1880
488 0.0199 0.3242 0.3972 0.0638 0.0043 0.1906
489 0.0172 0.2761 0.5078 0.0588 0.0030 0.1367
490 0.0188 0.3433 0.4014 0.0924 0.0033 0.1409
491 0.0068 0.2168 0.6177 0.0876 0.0016 0.0693
492 0.0156 0.3516 0.4958 0.0903 0.0011 0.0457
493 0.1136 0.1553 0.1349 0.1288 0.0181 0.4492
494 0.1136 0.1553 0.1349 0.1288 0.0181 0.4492
495 0.7056 0.1703 0.0688 0.0045 0.0503 0.0003
496 0.6919 0.1696 0.0764 0.0068 0.0551 0.0003
497 0.6919 0.1696 0.0764 0.0067 0.0551 0.0003
498 0.6919 0.1696 0.0776 0.0064 0.0542 0.0003
499 0.6919 0.1696 0.0776 0.0064 0.0542 0.0003
