time exciting_prob fearful_prob tense_prob sad_prob relaxing_prob neutral_prob
0 0.3411 0.0540 0.0284 0.1444 0.0073 0.4246
1 0.0651 0.0216 0.0128 0.0499 0.7329 0.1178
2 0.1356 0.0977 0.0195 0.0392 0.6475 0.0607
3 0.1093 0.1505 0.0250 0.0550 0.5640 0.0964
4 0.1174 0.0679 0.0170 0.0334 0.7300 0.0341
5 0.0586 0.0196 0.0309 0.1281 0.5737 0.1892
6 0.0815 0.0498 0.0134 0.0748 0.7095 0.0714
7 0.1279 0.0555 0.0576 0.1427 0.6104 0.0062
8 0.1794 0.0420 0.0245 0.1047 0.6362 0.0130
9 0.1125 0.0398 0.0259 0.1033 0.7168 0.0015
10 0.4431 0.1013 0.1279 0.0746 0.2487 0.0043
11 0.3074 0.1241 0.0691 0.0742 0.3003 0.1251
12 0.0643 0.1631 0.1709 0.0807 0.4792 0.0419
13 0.2104 0.3992 0.2137 0.1218 0.0330 0.0218
14 0.0901 0.0833 0.2128 0.5103 0.0505 0.0529
15 0.1918 0.3088 0.3313 0.1019 0.0463 0.0197
16 0.2800 0.0394 0.2844 0.0983 0.1282 0.1698
17 0.0709 0.1032 0.1305 0.6836 0.0019 0.0097
18 0.1103 0.0237 0.0922 0.7139 0.0037 0.0563
19 0.0497 0.0449 0.1949 0.6807 0.0068 0.0231
20 0.1208 0.3499 0.3015 0.1947 0.0138 0.0194
21 0.0399 0.0509 0.1427 0.5386 0.0422 0.1860
22 0.1323 0.5034 0.1925 0.0714 0.0578 0.0426
23 0.1635 0.2493 0.0620 0.2473 0.1454 0.1324
24 0.0429 0.0605 0.1953 0.6406 0.0105 0.0502
25 0.0977 0.0430 0.0947 0.7334 0.0119 0.0192
26 0.0684 0.0689 0.0775 0.6284 0.0270 0.1298
27 0.1356 0.3804 0.2019 0.1324 0.0417 0.1081
28 0.0811 0.5581 0.1295 0.1152 0.0424 0.0738
29 0.1346 0.3179 0.4414 0.0218 0.0303 0.0540
30 0.1506 0.0723 0.1903 0.4861 0.0928 0.0080
31 0.2617 0.1689 0.1357 0.1390 0.2808 0.0139
32 0.0479 0.0923 0.3225 0.0703 0.1956 0.2715
33 0.1166 0.0783 0.0820 0.1893 0.4612 0.0724
34 0.0685 0.1428 0.2842 0.0501 0.4199 0.0345
35 0.0454 0.0918 0.2202 0.5620 0.0377 0.0427
36 0.0060 0.0270 0.1329 0.6646 0.0445 0.1249
37 0.0330 0.3228 0.3601 0.1742 0.0338 0.0761
38 0.0282 0.2764 0.5083 0.1161 0.0169 0.0544
39 0.0144 0.3735 0.4578 0.1157 0.0092 0.0293
40 0.0282 0.3601 0.2761 0.2849 0.0386 0.0119
41 0.0550 0.1201 0.2622 0.4749 0.0193 0.0684
42 0.1152 0.0527 0.3035 0.4280 0.0238 0.0767
43 0.0445 0.5381 0.3584 0.0421 0.0092 0.0080
44 0.0690 0.4644 0.3850 0.0419 0.0344 0.0053
45 0.0627 0.4670 0.4526 0.0059 0.0071 0.0047
46 0.0508 0.4668 0.4595 0.0065 0.0123 0.0042
47 0.3105 0.4961 0.1663 0.0220 0.0045 0.0006
48 0.4080 0.4695 0.1024 0.0154 0.0045 0.0004
49 0.4827 0.3530 0.1309 0.0262 0.0066 0.0006
50 0.4583 0.3625 0.1511 0.0198 0.0081 0.0003
51 0.1083 0.4285 0.4351 0.0154 0.0058 0.0070
52 0.0457 0.4514 0.4375 0.0379 0.0124 0.0152
53 0.5093 0.3669 0.1043 0.0149 0.0043 0.0003
54 0.6528 0.2119 0.0829 0.0480 0.0041 0.0004
55 0.5742 0.3169 0.0887 0.0164 0.0036 0.0003
56 0.5190 0.3403 0.1054 0.0321 0.0030 0.0003
57 0.4705 0.3899 0.1033 0.0325 0.0037 0.0002
58 0.0858 0.5908 0.2834 0.0272 0.0044 0.0083
59 0.0482 0.5264 0.3142 0.0936 0.0061 0.0118
60 0.1821 0.4299 0.1271 0.2527 0.0045 0.0035
61 0.1860 0.2542 0.1980 0.3474 0.0051 0.0093
62 0.3835 0.1549 0.1573 0.2477 0.0289 0.0276
63 0.0275 0.0754 0.0551 0.8232 0.0120 0.0070
64 0.0720 0.1987 0.0822 0.6265 0.0150 0.0058
65 0.0867 0.1431 0.1322 0.6211 0.0059 0.0109
66 0.1682 0.6250 0.1876 0.0124 0.0043 0.0025
67 0.2947 0.0678 0.0549 0.5503 0.0255 0.0067
68 0.2478 0.0732 0.0508 0.5898 0.0242 0.0141
69 0.1245 0.0593 0.0636 0.7056 0.0218 0.0253
70 0.3015 0.5415 0.0898 0.0455 0.0050 0.0167
71 0.2891 0.5317 0.0854 0.0784 0.0053 0.0101
72 0.5518 0.3096 0.0475 0.0807 0.0046 0.0061
73 0.0955 0.5493 0.1959 0.0970 0.0085 0.0536
74 0.4272 0.1837 0.1323 0.2434 0.0053 0.0079
75 0.5400 0.2673 0.1047 0.0771 0.0080 0.0030
76 0.3525 0.3499 0.1219 0.1553 0.0109 0.0094
77 0.1844 0.6143 0.1043 0.0845 0.0102 0.0020
78 0.1038 0.4438 0.4104 0.0309 0.0030 0.0079
79 0.2888 0.4011 0.1282 0.1752 0.0027 0.0040
80 0.1819 0.6152 0.1103 0.0659 0.0137 0.0131
81 0.0292 0.0572 0.0690 0.8408 0.0030 0.0005
82 0.0174 0.0540 0.0824 0.8452 0.0006 0.0002
83 0.3613 0.4358 0.1578 0.0318 0.0062 0.0070
84 0.0603 0.8389 0.0878 0.0101 0.0016 0.0013
85 0.0071 0.8911 0.0803 0.0194 0.0005 0.0015
86 0.4194 0.2544 0.2466 0.0619 0.0123 0.0054
87 0.3125 0.4338 0.2114 0.0269 0.0120 0.0033
88 0.0331 0.8330 0.1051 0.0174 0.0114 0.0000
89 0.0841 0.7554 0.1302 0.0214 0.0089 0.0000
90 0.0296 0.7295 0.0763 0.1530 0.0044 0.0070
91 0.1102 0.6543 0.1164 0.0572 0.0618 0.0001
92 0.0307 0.5156 0.4143 0.0330 0.0024 0.0038
93 0.5781 0.1921 0.1532 0.0364 0.0217 0.0187
94 0.3875 0.3367 0.2026 0.0151 0.0537 0.0043
95 0.2247 0.4683 0.1631 0.1013 0.0104 0.0321
96 0.2449 0.4946 0.1373 0.0847 0.0144 0.0241
97 0.4954 0.3005 0.1420 0.0494 0.0087 0.0040
98 0.3152 0.1169 0.3516 0.1912 0.0170 0.0082
99 0.0834 0.8042 0.0861 0.0159 0.0076 0.0025
100 0.0787 0.6802 0.1542 0.0623 0.0053 0.0191
101 0.0282 0.5674 0.2329 0.1504 0.0046 0.0165
102 0.2170 0.2700 0.0891 0.3579 0.0107 0.0553
103 0.1750 0.5649 0.1212 0.1096 0.0068 0.0224
104 0.0472 0.4768 0.3713 0.0854 0.0132 0.0061
105 0.2184 0.3657 0.2019 0.1868 0.0100 0.0172
106 0.1780 0.3223 0.1954 0.2549 0.0329 0.0166
107 0.6660 0.1697 0.0789 0.0457 0.0045 0.0353
108 0.6934 0.1158 0.0655 0.0848 0.0083 0.0324
109 0.7651 0.0872 0.0609 0.0740 0.0033 0.0097
110 0.1375 0.3455 0.3455 0.1038 0.0155 0.0522
111 0.1479 0.3389 0.3442 0.1083 0.0349 0.0259
112 0.2386 0.4600 0.2539 0.0231 0.0135 0.0108
113 0.3462 0.2871 0.0692 0.2573 0.0183 0.0220
114 0.2319 0.2668 0.1113 0.2627 0.0141 0.1130
115 0.1254 0.7051 0.0992 0.0465 0.0040 0.0200
116 0.1042 0.6289 0.1948 0.0474 0.0037 0.0212
117 0.0196 0.5688 0.3972 0.0054 0.0043 0.0046
118 0.0218 0.3625 0.4512 0.0433 0.0159 0.1055
119 0.0193 0.3977 0.1737 0.3794 0.0108 0.0190
120 0.0198 0.5889 0.1660 0.2133 0.0031 0.0091
121 0.0974 0.4539 0.2355 0.0989 0.0020 0.1121
122 0.1689 0.4248 0.2786 0.0836 0.0151 0.0289
123 0.0573 0.1395 0.0859 0.6060 0.0353 0.0759
124 0.2416 0.2018 0.1699 0.2737 0.0510 0.0620
125 0.0569 0.6113 0.1985 0.1282 0.0019 0.0032
126 0.0639 0.6821 0.1558 0.0938 0.0022 0.0024
127 0.1222 0.5649 0.2145 0.0930 0.0025 0.0028
128 0.1229 0.0928 0.1136 0.6240 0.0355 0.0111
129 0.1906 0.1555 0.3093 0.3093 0.0288 0.0064
130 0.2428 0.0951 0.1669 0.4194 0.0568 0.0190
131 0.0589 0.8193 0.0336 0.0612 0.0093 0.0174
132 0.1765 0.7148 0.0665 0.0177 0.0098 0.0147
133 0.1371 0.7295 0.0769 0.0435 0.0048 0.0082
134 0.2537 0.6372 0.0579 0.0271 0.0118 0.0122
135 0.1453 0.1895 0.0406 0.4690 0.0125 0.1431
136 0.0617 0.4561 0.4026 0.0504 0.0224 0.0068
137 0.0991 0.5439 0.1123 0.0510 0.0111 0.1823
138 0.0414 0.8584 0.0864 0.0033 0.0080 0.0024
139 0.0811 0.3362 0.0683 0.4741 0.0147 0.0255
140 0.0652 0.5210 0.0470 0.3110 0.0115 0.0441
141 0.0660 0.8101 0.0938 0.0126 0.0085 0.0089
142 0.0325 0.8774 0.0767 0.0050 0.0044 0.0039
143 0.0297 0.4983 0.2076 0.2142 0.0258 0.0244
144 0.4199 0.1497 0.0453 0.2030 0.0288 0.1533
145 0.0614 0.6396 0.0375 0.2391 0.0070 0.0152
146 0.0227 0.0194 0.0646 0.8784 0.0069 0.0081
147 0.0433 0.0203 0.2737 0.6367 0.0089 0.0171
148 0.1226 0.6836 0.1033 0.0548 0.0161 0.0194
149 0.0920 0.5093 0.0711 0.2444 0.0296 0.0537
150 0.0984 0.5659 0.1323 0.1648 0.0129 0.0255
151 0.0498 0.0903 0.0293 0.3005 0.0106 0.5195
152 0.0336 0.4902 0.4395 0.0277 0.0034 0.0056
153 0.0645 0.2018 0.1896 0.4014 0.0330 0.1097
154 0.0495 0.6890 0.0427 0.2134 0.0024 0.0030
155 0.0263 0.8833 0.0289 0.0574 0.0017 0.0022
156 0.0229 0.8384 0.0627 0.0553 0.0013 0.0194
157 0.0081 0.8115 0.0414 0.1324 0.0062 0.0003
158 0.0069 0.7749 0.0667 0.1433 0.0078 0.0003
159 0.1236 0.2742 0.2135 0.1357 0.0033 0.2496
160 0.1060 0.2881 0.1519 0.1299 0.0029 0.3213
161 0.1447 0.3811 0.1772 0.2277 0.0296 0.0396
162 0.0258 0.7969 0.0982 0.0654 0.0078 0.0060
163 0.0623 0.2349 0.1639 0.4973 0.0411 0.0004
164 0.0570 0.3179 0.1478 0.4412 0.0354 0.0009
165 0.0251 0.4961 0.1943 0.0259 0.0012 0.2573
166 0.0233 0.4456 0.1829 0.0408 0.0013 0.3062
167 0.3140 0.4326 0.1531 0.0363 0.0127 0.0513
168 0.1227 0.6377 0.1758 0.0398 0.0062 0.0177
169 0.0215 0.1439 0.4944 0.2905 0.0043 0.0453
170 0.0178 0.2573 0.5283 0.1742 0.0019 0.0205
171 0.0624 0.1439 0.3193 0.2161 0.0059 0.2524
172 0.1152 0.4280 0.3081 0.0911 0.0097 0.0480
173 0.1702 0.3547 0.3035 0.1032 0.0114 0.0570
174 0.0529 0.2686 0.3140 0.2445 0.0101 0.1102
175 0.0708 0.2800 0.3125 0.1986 0.0120 0.1262
176 0.0161 0.5732 0.1832 0.0318 0.0006 0.1951
177 0.0532 0.4856 0.3445 0.0733 0.0349 0.0086
178 0.0268 0.6753 0.1020 0.0865 0.0025 0.1069
179 0.0228 0.5571 0.0983 0.3030 0.0038 0.0150
180 0.1061 0.6709 0.1594 0.0426 0.0144 0.0065
181 0.0626 0.4514 0.1609 0.3008 0.0056 0.0189
182 0.0638 0.4292 0.1437 0.2949 0.0369 0.0316
183 0.0911 0.4019 0.1245 0.2939 0.0540 0.0348
184 0.0433 0.4238 0.0510 0.4727 0.0034 0.0059
185 0.0348 0.3745 0.0726 0.5039 0.0049 0.0094
186 0.0465 0.8311 0.0631 0.0552 0.0020 0.0021
187 0.1016 0.7808 0.0786 0.0291 0.0086 0.0012
188 0.0642 0.8071 0.0994 0.0139 0.0080 0.0075
189 0.0586 0.8345 0.0936 0.0103 0.0009 0.0020
190 0.0403 0.7095 0.0991 0.0975 0.0033 0.0506
191 0.2668 0.3535 0.1462 0.1631 0.0151 0.0555
192 0.0610 0.8691 0.0539 0.0112 0.0015 0.0033
193 0.0999 0.8237 0.0597 0.0119 0.0014 0.0033
194 0.0891 0.8188 0.0622 0.0236 0.0013 0.0052
195 0.3625 0.1726 0.2612 0.1500 0.0373 0.0162
196 0.2476 0.3955 0.1433 0.1356 0.0515 0.0265
197 0.3345 0.1819 0.1103 0.1543 0.1112 0.1078
198 0.0881 0.2180 0.1954 0.4009 0.0840 0.0136
199 0.0837 0.5371 0.1075 0.2205 0.0441 0.0069
200 0.5688 0.2666 0.0217 0.0563 0.0331 0.0537
201 0.5815 0.2856 0.0276 0.0278 0.0381 0.0396
202 0.5527 0.2913 0.0385 0.0394 0.0413 0.0370
203 0.4131 0.3850 0.0342 0.0463 0.0643 0.0572
204 0.1926 0.0454 0.0191 0.1263 0.4209 0.1957
205 0.2323 0.0815 0.0213 0.0737 0.4619 0.1293
206 0.2037 0.2595 0.1295 0.0588 0.2037 0.1445
207 0.2245 0.3423 0.0980 0.0432 0.2563 0.0358
208 0.2076 0.1331 0.1340 0.4534 0.0313 0.0406
209 0.2383 0.0437 0.1401 0.1946 0.2578 0.1256
210 0.0560 0.2433 0.2844 0.3889 0.0034 0.0239
211 0.0760 0.2417 0.1853 0.2781 0.1107 0.1081
212 0.0521 0.2228 0.6104 0.0740 0.0132 0.0275
213 0.1859 0.1035 0.5093 0.1019 0.0496 0.0500
214 0.1522 0.3325 0.4011 0.0514 0.0539 0.0088
215 0.3518 0.1624 0.2761 0.0480 0.1294 0.0325
216 0.4656 0.2571 0.1635 0.0150 0.0917 0.0075
217 0.0992 0.4377 0.3687 0.0726 0.0045 0.0172
218 0.0724 0.5928 0.3123 0.0172 0.0022 0.0031
219 0.3069 0.3398 0.0886 0.0425 0.1394 0.0826
220 0.3091 0.3237 0.0421 0.0638 0.1874 0.0740
221 0.5449 0.1974 0.0365 0.0171 0.1812 0.0228
222 0.5161 0.2457 0.0307 0.0239 0.1742 0.0094
223 0.2292 0.1338 0.0360 0.5332 0.0667 0.0012
224 0.3369 0.3909 0.0372 0.2012 0.0316 0.0024
225 0.2622 0.1146 0.0500 0.5098 0.0576 0.0058
226 0.2832 0.1458 0.0481 0.4561 0.0608 0.0060
227 0.0753 0.4509 0.2568 0.1793 0.0282 0.0094
228 0.1534 0.3982 0.0565 0.1925 0.1986 0.0008
229 0.3853 0.4099 0.0542 0.0486 0.0989 0.0032
230 0.1844 0.6904 0.0524 0.0402 0.0318 0.0005
231 0.2778 0.2510 0.0510 0.0113 0.3979 0.0108
232 0.1744 0.6431 0.0762 0.0112 0.0920 0.0029
233 0.2578 0.3499 0.0520 0.0204 0.3135 0.0065
234 0.3503 0.0613 0.0995 0.4497 0.0254 0.0137
235 0.2925 0.0554 0.0980 0.5054 0.0316 0.0174
236 0.2081 0.6021 0.0506 0.0945 0.0416 0.0031
237 0.1421 0.6372 0.0265 0.1432 0.0451 0.0061
238 0.0464 0.3398 0.1556 0.4434 0.0089 0.0058
239 0.1060 0.5386 0.1920 0.0685 0.0928 0.0022
240 0.1163 0.3474 0.3018 0.1415 0.0845 0.0086
241 0.0967 0.5786 0.1863 0.0840 0.0490 0.0057
242 0.4683 0.2646 0.0674 0.0113 0.1569 0.0316
243 0.0470 0.2024 0.5171 0.1425 0.0756 0.0156
244 0.1259 0.1694 0.2108 0.3701 0.0595 0.0643
245 0.1508 0.3672 0.1906 0.2371 0.0231 0.0313
246 0.4185 0.4524 0.0318 0.0598 0.0330 0.0047
247 0.3303 0.5664 0.0211 0.0570 0.0215 0.0035
248 0.2098 0.6074 0.0362 0.0464 0.0909 0.0093
249 0.2113 0.5654 0.0610 0.0827 0.0736 0.0061
250 0.1768 0.2673 0.0475 0.0968 0.3831 0.0286
251 0.0967 0.4202 0.1685 0.1924 0.0828 0.0394
252 0.0601 0.3301 0.0861 0.2065 0.2959 0.0213
253 0.0829 0.4771 0.1024 0.1031 0.2253 0.0093
254 0.0627 0.4255 0.1448 0.3472 0.0187 0.0011
255 0.1736 0.3792 0.1805 0.2448 0.0202 0.0018
256 0.0540 0.4382 0.3157 0.1009 0.0870 0.0044
257 0.1327 0.3550 0.3083 0.0817 0.1117 0.0106
258 0.2371 0.3940 0.1495 0.0425 0.1567 0.0201
259 0.2185 0.3833 0.1265 0.1346 0.1169 0.0202
260 0.1841 0.4663 0.1575 0.1170 0.0667 0.0085
261 0.5347 0.2886 0.0460 0.0967 0.0192 0.0147
262 0.5107 0.4136 0.0397 0.0103 0.0217 0.0041
263 0.6978 0.2566 0.0136 0.0118 0.0154 0.0047
264 0.6143 0.2727 0.0320 0.0366 0.0231 0.0212
265 0.5151 0.3379 0.0454 0.0681 0.0194 0.0141
266 0.2271 0.0896 0.0203 0.6172 0.0138 0.0320
267 0.1748 0.1077 0.0568 0.6294 0.0129 0.0184
268 0.1324 0.0527 0.0869 0.2717 0.0351 0.4209
269 0.3411 0.0540 0.0284 0.1444 0.0073 0.4246
270 0.3411 0.0540 0.0284 0.1444 0.0073 0.4246
271 0.7612 0.1343 0.0510 0.0164 0.0267 0.0106
272 0.7690 0.1316 0.0484 0.0148 0.0267 0.0097
273 0.7715 0.1300 0.0478 0.0150 0.0258 0.0098
274 0.7773 0.1249 0.0467 0.0159 0.0252 0.0100
275 0.7773 0.1249 0.0467 0.0159 0.0252 0.0100
276 0.3406 0.0531 0.0284 0.1465 0.0073 0.4241
