time exciting_prob fearful_prob tense_prob sad_prob relaxing_prob neutral_prob
0 0.2590 0.2800 0.1132 0.1925 0.0365 0.1186
1 0.0219 0.0659 0.0901 0.7549 0.0419 0.0254
2 0.0108 0.0540 0.1057 0.7930 0.0315 0.0051
3 0.0088 0.1208 0.1002 0.7515 0.0171 0.0016
4 0.0398 0.0889 0.0086 0.7744 0.0869 0.0013
5 0.0225 0.5703 0.0457 0.1105 0.2358 0.0152
6 0.2135 0.0726 0.1161 0.2656 0.2345 0.0977
7 0.1172 0.1903 0.5420 0.1019 0.0301 0.0185
8 0.0749 0.3601 0.0291 0.3774 0.1421 0.0164
9 0.1251 0.0413 0.3296 0.2908 0.0759 0.1373
10 0.2117 0.1897 0.1636 0.0682 0.2435 0.1234
11 0.0201 0.1553 0.2769 0.4934 0.0169 0.0375
12 0.0328 0.0934 0.6689 0.1665 0.0117 0.0268
13 0.0292 0.1384 0.6108 0.0981 0.0070 0.1166
14 0.0573 0.2690 0.3350 0.2954 0.0058 0.0376
15 0.1063 0.4302 0.2267 0.0640 0.1608 0.0121
16 0.0061 0.1685 0.0991 0.6982 0.0084 0.0197
17 0.0040 0.1080 0.1115 0.7500 0.0133 0.0133
18 0.2494 0.1315 0.1561 0.3203 0.0797 0.0630
19 0.0634 0.1279 0.3167 0.3940 0.0153 0.0826
20 0.1477 0.2435 0.1897 0.3801 0.0255 0.0135
21 0.1168 0.2133 0.1560 0.4656 0.0286 0.0197
22 0.0124 0.2622 0.0851 0.6294 0.0068 0.0041
23 0.1177 0.6460 0.0213 0.1354 0.0790 0.0006
24 0.0512 0.2947 0.3667 0.2190 0.0496 0.0188
25 0.0360 0.2502 0.4126 0.2463 0.0449 0.0098
26 0.0947 0.4053 0.0856 0.2457 0.1625 0.0063
27 0.0541 0.6289 0.0524 0.2295 0.0341 0.0010
28 0.0795 0.1605 0.2952 0.4431 0.0088 0.0130
29 0.1149 0.1765 0.3621 0.1969 0.1054 0.0443
30 0.1046 0.4839 0.1970 0.1243 0.0895 0.0008
31 0.0392 0.1033 0.1841 0.4851 0.1266 0.0617
32 0.0977 0.1610 0.3804 0.2133 0.0903 0.0574
33 0.0543 0.1263 0.2051 0.4409 0.1047 0.0687
34 0.1188 0.3660 0.2438 0.1650 0.0646 0.0417
35 0.0190 0.1820 0.0506 0.7314 0.0133 0.0036
36 0.0342 0.1262 0.2433 0.2715 0.0219 0.3027
37 0.0363 0.5469 0.0533 0.3530 0.0101 0.0007
38 0.0287 0.2371 0.3240 0.3672 0.0161 0.0270
39 0.0849 0.4736 0.1467 0.1537 0.1284 0.0127
40 0.0184 0.3425 0.0664 0.5645 0.0075 0.0006
41 0.0072 0.4426 0.0166 0.5259 0.0072 0.0007
42 0.0524 0.3162 0.1774 0.4058 0.0316 0.0168
43 0.0353 0.1968 0.1533 0.5874 0.0084 0.0186
44 0.0545 0.2878 0.1277 0.5132 0.0157 0.0012
45 0.0694 0.1842 0.0884 0.5854 0.0617 0.0110
46 0.0762 0.4058 0.1843 0.2683 0.0622 0.0031
47 0.0411 0.3667 0.1705 0.3137 0.0987 0.0094
48 0.0480 0.6685 0.1400 0.1066 0.0253 0.0118
49 0.0341 0.3416 0.3931 0.1638 0.0544 0.0132
50 0.0410 0.1223 0.2214 0.4268 0.0314 0.1570
51 0.1042 0.1979 0.2462 0.3813 0.0164 0.0541
52 0.1361 0.0728 0.6489 0.0950 0.0055 0.0415
53 0.0227 0.2512 0.1622 0.2184 0.0423 0.3032
54 0.3081 0.1637 0.2006 0.2783 0.0173 0.0320
55 0.1968 0.1046 0.5693 0.1176 0.0080 0.0036
56 0.1680 0.1903 0.5132 0.1043 0.0166 0.0075
57 0.1652 0.0857 0.5854 0.0298 0.0165 0.1171
58 0.3367 0.2705 0.2644 0.0643 0.0449 0.0193
59 0.2063 0.1104 0.4167 0.2338 0.0164 0.0165
60 0.0592 0.0714 0.2234 0.5444 0.0267 0.0748
61 0.0482 0.1036 0.6553 0.0846 0.0032 0.1053
62 0.1938 0.0681 0.4368 0.0834 0.0302 0.1879
63 0.2698 0.1090 0.3630 0.1478 0.0269 0.0836
64 0.1224 0.2361 0.5620 0.0457 0.0307 0.0032
65 0.1948 0.3237 0.2642 0.1415 0.0740 0.0019
66 0.0589 0.1153 0.4929 0.2944 0.0121 0.0265
67 0.0422 0.3169 0.1046 0.4988 0.0337 0.0039
68 0.1564 0.3311 0.0566 0.3933 0.0584 0.0040
69 0.1655 0.2013 0.0820 0.3345 0.2159 0.0010
70 0.2258 0.3162 0.1093 0.1505 0.1978 0.0006
71 0.0169 0.0357 0.0699 0.8003 0.0699 0.0075
72 0.0084 0.1823 0.1006 0.6260 0.0796 0.0029
73 0.0825 0.3088 0.1382 0.1979 0.2642 0.0082
74 0.1085 0.3669 0.3289 0.0928 0.0965 0.0063
75 0.1112 0.1749 0.5225 0.1021 0.0789 0.0108
76 0.1100 0.3416 0.0368 0.0856 0.4119 0.0142
77 0.2034 0.5615 0.0230 0.1132 0.0953 0.0039
78 0.1022 0.2649 0.0990 0.3511 0.1375 0.0453
79 0.0259 0.7280 0.0761 0.1389 0.0271 0.0040
80 0.1030 0.0708 0.2250 0.5312 0.0416 0.0282
81 0.1757 0.2764 0.1479 0.2186 0.1676 0.0137
82 0.1070 0.5352 0.1232 0.1194 0.1005 0.0151
83 0.0623 0.4861 0.3845 0.0493 0.0156 0.0024
84 0.0370 0.5483 0.1431 0.2358 0.0191 0.0168
85 0.0348 0.4961 0.3105 0.1160 0.0145 0.0280
86 0.0278 0.6216 0.2148 0.1089 0.0142 0.0125
87 0.1299 0.3672 0.1372 0.2092 0.1299 0.0264
88 0.0504 0.3472 0.0878 0.3040 0.1962 0.0147
89 0.0347 0.1394 0.1936 0.5430 0.0490 0.0406
90 0.0321 0.7544 0.0605 0.1029 0.0471 0.0027
91 0.0687 0.4917 0.1080 0.2803 0.0345 0.0168
92 0.0337 0.5972 0.2490 0.1006 0.0120 0.0073
93 0.0793 0.4895 0.2385 0.0851 0.0477 0.0598
94 0.0072 0.1781 0.2435 0.5488 0.0191 0.0034
95 0.0096 0.1600 0.4150 0.3838 0.0296 0.0020
96 0.0115 0.2986 0.3491 0.3081 0.0310 0.0014
97 0.1615 0.2041 0.4390 0.1145 0.0035 0.0775
98 0.0493 0.0853 0.1696 0.5303 0.0060 0.1593
99 0.1271 0.3591 0.3647 0.1029 0.0084 0.0378
100 0.2217 0.2397 0.3655 0.0931 0.0061 0.0737
101 0.1656 0.2373 0.2649 0.1290 0.0064 0.1968
102 0.1536 0.4622 0.2937 0.0433 0.0157 0.0317
103 0.0989 0.2393 0.2754 0.2546 0.0125 0.1193
104 0.0965 0.4824 0.1667 0.2107 0.0301 0.0137
105 0.0733 0.0657 0.0473 0.6436 0.0049 0.1653
106 0.1992 0.3442 0.1017 0.1359 0.0067 0.2122
107 0.1672 0.3125 0.2891 0.1323 0.0067 0.0923
108 0.0497 0.3914 0.4946 0.0573 0.0063 0.0008
109 0.0601 0.1971 0.6987 0.0332 0.0058 0.0050
110 0.0770 0.4004 0.4229 0.0922 0.0040 0.0039
111 0.0995 0.4709 0.2139 0.1565 0.0333 0.0260
112 0.0522 0.3298 0.1766 0.4304 0.0021 0.0088
113 0.0468 0.3770 0.1097 0.3770 0.0045 0.0848
114 0.0852 0.4829 0.2390 0.1147 0.0030 0.0752
115 0.1343 0.2214 0.4136 0.1079 0.0089 0.1140
116 0.2394 0.2607 0.3428 0.1157 0.0246 0.0165
117 0.2957 0.1685 0.2529 0.1725 0.0446 0.0660
118 0.0860 0.0419 0.4951 0.1582 0.0059 0.2129
119 0.0593 0.0761 0.5894 0.0761 0.0050 0.1943
120 0.1381 0.0612 0.5996 0.0750 0.0101 0.1162
121 0.0335 0.3035 0.3438 0.2515 0.0012 0.0667
122 0.0316 0.5356 0.1823 0.2163 0.0013 0.0329
123 0.0386 0.3958 0.1783 0.3547 0.0014 0.0312
124 0.0629 0.1863 0.1593 0.5308 0.0005 0.0605
125 0.3269 0.2144 0.1300 0.1819 0.0339 0.1130
126 0.1998 0.2954 0.1450 0.2710 0.0192 0.0696
127 0.1832 0.2227 0.4534 0.1268 0.0055 0.0084
128 0.0843 0.5371 0.3013 0.0480 0.0276 0.0020
129 0.0225 0.2781 0.1443 0.5112 0.0034 0.0404
130 0.2240 0.2578 0.2744 0.1469 0.0721 0.0247
131 0.0905 0.2766 0.1614 0.2404 0.2258 0.0052
132 0.0998 0.2957 0.5610 0.0214 0.0042 0.0178
133 0.0386 0.1755 0.4414 0.2986 0.0049 0.0410
134 0.1326 0.1650 0.6631 0.0162 0.0057 0.0174
135 0.1176 0.1311 0.7090 0.0173 0.0070 0.0182
136 0.1141 0.1072 0.6069 0.0498 0.0042 0.1177
137 0.1165 0.2246 0.5264 0.0685 0.0058 0.0581
138 0.1650 0.6631 0.1368 0.0310 0.0026 0.0017
139 0.0991 0.0931 0.2098 0.1852 0.0329 0.3799
140 0.0671 0.1177 0.6367 0.0465 0.0049 0.1273
141 0.0379 0.5024 0.2301 0.2095 0.0055 0.0144
142 0.2104 0.1256 0.4817 0.0508 0.1144 0.0170
143 0.0345 0.2610 0.6260 0.0730 0.0024 0.0034
144 0.0769 0.1542 0.2542 0.4255 0.0508 0.0384
145 0.2737 0.1252 0.3513 0.2233 0.0013 0.0253
146 0.5576 0.0401 0.3228 0.0401 0.0004 0.0392
147 0.1494 0.4460 0.2426 0.1093 0.0153 0.0375
148 0.4980 0.1920 0.0914 0.0740 0.0299 0.1146
149 0.0687 0.0803 0.7041 0.0999 0.0060 0.0410
150 0.0778 0.0999 0.3542 0.2937 0.0398 0.1345
151 0.0331 0.2817 0.3618 0.2566 0.0021 0.0649
152 0.0362 0.1958 0.4016 0.2986 0.0234 0.0444
153 0.0694 0.0905 0.6479 0.1539 0.0039 0.0341
154 0.2686 0.1831 0.1350 0.1935 0.1996 0.0202
155 0.0814 0.1593 0.2111 0.2507 0.0044 0.2930
156 0.0407 0.0749 0.3745 0.1715 0.0027 0.3357
157 0.0679 0.2859 0.1846 0.3613 0.0914 0.0088
158 0.2396 0.2472 0.2433 0.1047 0.1323 0.0329
159 0.1304 0.0561 0.4697 0.2474 0.0720 0.0243
160 0.1122 0.2756 0.4204 0.1711 0.0161 0.0045
161 0.1609 0.0640 0.3005 0.2913 0.1660 0.0172
162 0.7861 0.0322 0.0208 0.0616 0.0007 0.0984
163 0.1094 0.2076 0.2317 0.2317 0.0184 0.2013
164 0.4893 0.2103 0.0768 0.0986 0.0346 0.0905
165 0.3291 0.1681 0.2837 0.0752 0.0334 0.1103
166 0.0851 0.3999 0.4255 0.0485 0.0260 0.0150
167 0.0875 0.1511 0.5977 0.0534 0.0050 0.1055
168 0.0726 0.0876 0.5044 0.1914 0.0104 0.1337
169 0.2290 0.3130 0.2400 0.1958 0.0156 0.0068
170 0.0756 0.1412 0.2722 0.2722 0.0232 0.2153
171 0.0681 0.0681 0.2571 0.2693 0.0073 0.3301
172 0.0787 0.1128 0.3530 0.2426 0.0055 0.2075
173 0.0945 0.4724 0.3918 0.0256 0.0031 0.0125
174 0.1072 0.0835 0.6567 0.1177 0.0057 0.0293
175 0.1065 0.1134 0.6035 0.0761 0.0093 0.0911
176 0.0399 0.1603 0.2406 0.4495 0.0399 0.0700
177 0.1021 0.3071 0.4910 0.0853 0.0097 0.0049
178 0.0531 0.5752 0.1523 0.1674 0.0343 0.0179
179 0.0198 0.3562 0.2230 0.3401 0.0391 0.0219
180 0.0408 0.7891 0.0684 0.0800 0.0196 0.0023
181 0.0453 0.3091 0.2771 0.0372 0.0020 0.3291
182 0.0999 0.3708 0.2113 0.2048 0.0543 0.0587
183 0.2695 0.3408 0.0510 0.2803 0.0495 0.0090
184 0.2925 0.4822 0.0308 0.1482 0.0412 0.0052
185 0.1327 0.1434 0.1504 0.4929 0.0238 0.0566
186 0.2732 0.1644 0.0403 0.3428 0.0490 0.1301
187 0.0901 0.1439 0.4165 0.2527 0.0211 0.0759
188 0.0378 0.2142 0.2751 0.4260 0.0149 0.0318
189 0.0550 0.2012 0.5381 0.1591 0.0044 0.0421
190 0.2461 0.1902 0.3752 0.1639 0.0082 0.0162
191 0.1186 0.1647 0.5068 0.1547 0.0060 0.0490
192 0.0582 0.2095 0.4504 0.2162 0.0522 0.0135
193 0.1664 0.4487 0.2222 0.1458 0.0043 0.0127
194 0.0905 0.1401 0.1126 0.2703 0.0056 0.3809
195 0.1129 0.0936 0.5137 0.1519 0.0116 0.1165
196 0.3206 0.3633 0.1368 0.1650 0.0036 0.0109
197 0.3491 0.2118 0.1455 0.1840 0.0032 0.1064
198 0.4980 0.1721 0.1012 0.1461 0.0103 0.0723
199 0.2810 0.2155 0.3208 0.1370 0.0117 0.0341
200 0.0487 0.5493 0.3438 0.0511 0.0011 0.0061
201 0.0261 0.4409 0.3542 0.1324 0.0005 0.0457
202 0.0580 0.6045 0.1414 0.1528 0.0007 0.0424
203 0.0165 0.5332 0.3721 0.0756 0.0006 0.0022
204 0.0227 0.6948 0.2595 0.0205 0.0009 0.0016
205 0.0150 0.4346 0.4482 0.0955 0.0025 0.0043
206 0.0094 0.4014 0.4014 0.1838 0.0016 0.0022
207 0.0619 0.0845 0.3191 0.3450 0.0794 0.1102
208 0.0315 0.1296 0.3811 0.3994 0.0371 0.0213
209 0.0065 0.5386 0.0463 0.4001 0.0079 0.0006
210 0.0037 0.6406 0.0443 0.3074 0.0033 0.0005
211 0.0111 0.4697 0.1411 0.3384 0.0380 0.0016
212 0.0074 0.5430 0.1555 0.2905 0.0029 0.0007
213 0.0084 0.4148 0.2118 0.3604 0.0040 0.0005
214 0.0091 0.3623 0.1909 0.4302 0.0050 0.0024
215 0.0040 0.1421 0.1443 0.6992 0.0076 0.0028
216 0.0043 0.2006 0.1357 0.6475 0.0099 0.0021
217 0.0249 0.1700 0.3384 0.3955 0.0503 0.0210
218 0.0335 0.0986 0.3083 0.4282 0.0626 0.0688
219 0.0885 0.0528 0.2025 0.3843 0.0197 0.2520
220 0.3611 0.2520 0.1067 0.0428 0.1307 0.1067
221 0.3584 0.2502 0.1060 0.0442 0.1318 0.1093
222 0.4917 0.2983 0.0760 0.0089 0.1097 0.0152
