time exciting_prob fearful_prob tense_prob sad_prob relaxing_prob neutral_prob
0 0.1667 0.1003 0.2837 0.2012 0.0439 0.2043
1 0.1004 0.1819 0.1936 0.3730 0.0381 0.1129
2 0.1063 0.1925 0.1956 0.3889 0.0251 0.0917
3 0.4250 0.2788 0.1154 0.1504 0.0210 0.0092
4 0.2742 0.2291 0.1785 0.2496 0.0151 0.0536
5 0.1938 0.1849 0.2450 0.3003 0.0095 0.0665
6 0.3113 0.2009 0.1425 0.2922 0.0220 0.0311
7 0.1232 0.1879 0.2000 0.4507 0.0111 0.0273
8 0.5898 0.3157 0.0515 0.0323 0.0105 0.0004
9 0.3840 0.4285 0.0774 0.0956 0.0134 0.0011
10 0.1409 0.3655 0.2593 0.2083 0.0195 0.0066
11 0.3677 0.1908 0.1176 0.2954 0.0163 0.0122
12 0.1887 0.1277 0.1381 0.4971 0.0207 0.0278
13 0.3169 0.0629 0.0525 0.4832 0.0361 0.0486
14 0.0726 0.0737 0.0433 0.7212 0.0081 0.0809
15 0.1137 0.1085 0.1268 0.6147 0.0108 0.0252
16 0.1241 0.0922 0.0464 0.6919 0.0081 0.0373
17 0.1228 0.3904 0.1002 0.3445 0.0148 0.0274
18 0.0489 0.1084 0.1328 0.6743 0.0081 0.0274
19 0.2876 0.1050 0.0804 0.4814 0.0190 0.0265
20 0.0693 0.5083 0.1703 0.2053 0.0407 0.0061
21 0.0773 0.3381 0.1700 0.3435 0.0621 0.0088
22 0.0765 0.0881 0.1865 0.6211 0.0163 0.0114
23 0.0467 0.1903 0.2444 0.5015 0.0088 0.0082
24 0.3640 0.0872 0.2244 0.2351 0.0567 0.0326
25 0.0917 0.2532 0.3201 0.2869 0.0376 0.0107
26 0.2424 0.3499 0.2090 0.1553 0.0129 0.0306
27 0.1064 0.0939 0.0646 0.6523 0.0108 0.0720
28 0.2186 0.1870 0.0515 0.4629 0.0285 0.0515
29 0.1432 0.1782 0.1284 0.4922 0.0362 0.0216
30 0.2157 0.2406 0.1482 0.3613 0.0127 0.0215
31 0.2537 0.4595 0.0798 0.1915 0.0129 0.0026
32 0.2043 0.1404 0.2352 0.2427 0.0628 0.1146
33 0.0337 0.1271 0.4167 0.4104 0.0062 0.0059
34 0.3081 0.3601 0.0897 0.1729 0.0213 0.0480
35 0.2581 0.4822 0.0964 0.1257 0.0154 0.0222
36 0.3284 0.3059 0.1379 0.2153 0.0117 0.0008
37 0.0872 0.1733 0.2444 0.4785 0.0127 0.0039
38 0.1604 0.0893 0.0347 0.6650 0.0238 0.0266
39 0.0941 0.6738 0.0994 0.1117 0.0063 0.0150
40 0.1769 0.3357 0.3010 0.1825 0.0027 0.0011
41 0.1422 0.3411 0.3521 0.1611 0.0015 0.0020
42 0.0080 0.4316 0.1857 0.3691 0.0021 0.0033
43 0.0145 0.5659 0.2981 0.1014 0.0168 0.0034
44 0.0641 0.4561 0.1665 0.2681 0.0441 0.0011
45 0.0371 0.4551 0.1016 0.3601 0.0454 0.0008
46 0.0982 0.6509 0.1807 0.0359 0.0342 0.0004
47 0.0350 0.3508 0.1864 0.4102 0.0050 0.0125
48 0.0224 0.6001 0.2542 0.1146 0.0024 0.0063
49 0.0040 0.2681 0.0323 0.6953 0.0001 0.0005
50 0.0046 0.4854 0.0667 0.4419 0.0004 0.0009
51 0.0039 0.3481 0.0262 0.6206 0.0001 0.0006
52 0.0052 0.4617 0.0551 0.4763 0.0002 0.0015
53 0.0089 0.2361 0.0687 0.6831 0.0003 0.0027
54 0.0538 0.0990 0.2031 0.6064 0.0084 0.0293
55 0.2273 0.4314 0.1611 0.1703 0.0049 0.0050
56 0.3328 0.1420 0.2050 0.2983 0.0174 0.0046
57 0.1066 0.0856 0.1575 0.6133 0.0217 0.0156
58 0.2195 0.1656 0.0271 0.5693 0.0123 0.0062
59 0.2382 0.1389 0.0161 0.5801 0.0140 0.0126
60 0.2053 0.4773 0.0767 0.1688 0.0227 0.0491
61 0.2747 0.3665 0.2056 0.1436 0.0082 0.0015
62 0.2075 0.1299 0.2174 0.3938 0.0163 0.0352
63 0.0873 0.6304 0.0814 0.1321 0.0159 0.0530
64 0.1910 0.0611 0.0479 0.6772 0.0083 0.0144
65 0.1792 0.4834 0.0403 0.2000 0.0337 0.0634
66 0.4363 0.2905 0.0334 0.1982 0.0372 0.0043
67 0.2517 0.1689 0.0469 0.4775 0.0249 0.0298
68 0.1578 0.1230 0.1268 0.5513 0.0196 0.0215
69 0.2404 0.1653 0.2766 0.2993 0.0151 0.0033
70 0.3237 0.2424 0.0201 0.3289 0.0428 0.0421
71 0.3728 0.2225 0.0988 0.2483 0.0541 0.0036
72 0.1808 0.1322 0.3596 0.2285 0.0265 0.0724
73 0.1058 0.1447 0.3159 0.4250 0.0071 0.0017
74 0.1813 0.1757 0.2598 0.3284 0.0140 0.0411
75 0.1754 0.0816 0.1622 0.5576 0.0096 0.0134
76 0.0524 0.3694 0.1829 0.3750 0.0074 0.0130
77 0.1996 0.1191 0.3091 0.2949 0.0432 0.0341
78 0.0574 0.3831 0.3950 0.1548 0.0006 0.0092
79 0.1188 0.2476 0.3987 0.2151 0.0022 0.0178
80 0.0735 0.2374 0.3481 0.3071 0.0029 0.0309
81 0.0460 0.1569 0.1877 0.5830 0.0068 0.0195
82 0.0206 0.0513 0.2030 0.7085 0.0026 0.0143
83 0.0251 0.1465 0.3406 0.3459 0.0025 0.1398
84 0.0099 0.1531 0.1555 0.4863 0.0017 0.1935
85 0.0296 0.0986 0.1082 0.7280 0.0091 0.0263
86 0.0227 0.1481 0.1552 0.6431 0.0113 0.0194
87 0.0379 0.2166 0.2133 0.4175 0.0556 0.0592
88 0.0109 0.1521 0.1013 0.7036 0.0078 0.0243
89 0.0435 0.0663 0.2279 0.4902 0.0740 0.0980
90 0.0284 0.0991 0.2341 0.5884 0.0097 0.0401
91 0.0118 0.2671 0.2249 0.3948 0.0018 0.0998
92 0.0089 0.0743 0.1226 0.7168 0.0042 0.0732
93 0.0126 0.1063 0.1429 0.6309 0.0075 0.0998
94 0.0353 0.1251 0.5107 0.2776 0.0107 0.0406
95 0.0318 0.1372 0.5957 0.1761 0.0341 0.0248
96 0.0113 0.2925 0.2107 0.3875 0.0031 0.0950
97 0.0174 0.1403 0.0878 0.6802 0.0072 0.0673
98 0.0189 0.0914 0.2729 0.5688 0.0180 0.0301
99 0.0593 0.3035 0.3491 0.2761 0.0090 0.0030
100 0.0468 0.1941 0.5615 0.1941 0.0016 0.0019
101 0.4690 0.2358 0.0573 0.1925 0.0197 0.0257
102 0.5083 0.2556 0.0897 0.1188 0.0173 0.0103
103 0.2183 0.2324 0.0483 0.4209 0.0660 0.0141
104 0.1971 0.3149 0.3201 0.1039 0.0454 0.0185
105 0.2537 0.2537 0.2830 0.1514 0.0421 0.0165
106 0.1295 0.0672 0.2964 0.4963 0.0098 0.0007
107 0.1566 0.3066 0.2793 0.1803 0.0349 0.0422
108 0.1577 0.2089 0.0369 0.5503 0.0328 0.0135
109 0.0541 0.1449 0.2314 0.5381 0.0126 0.0188
110 0.0420 0.3125 0.4839 0.1583 0.0030 0.0002
111 0.0294 0.4155 0.4287 0.1190 0.0052 0.0022
112 0.0249 0.4026 0.3552 0.2120 0.0023 0.0030
113 0.0521 0.1251 0.4609 0.2144 0.1417 0.0056
114 0.0349 0.1459 0.4028 0.3669 0.0431 0.0063
115 0.0373 0.3674 0.2229 0.2732 0.0936 0.0057
116 0.1098 0.2474 0.3892 0.1598 0.0374 0.0565
117 0.0549 0.0905 0.5371 0.2136 0.0215 0.0824
118 0.0817 0.1306 0.6841 0.0699 0.0261 0.0075
119 0.0181 0.1868 0.3079 0.4768 0.0092 0.0011
120 0.0218 0.0862 0.1400 0.5625 0.1826 0.0070
121 0.0251 0.1947 0.2385 0.4895 0.0421 0.0102
122 0.0170 0.1860 0.1642 0.6196 0.0116 0.0014
123 0.1704 0.2120 0.0744 0.4631 0.0208 0.0593
124 0.0939 0.1455 0.1501 0.5239 0.0108 0.0755
125 0.1740 0.0560 0.1252 0.6167 0.0087 0.0195
126 0.2993 0.4219 0.1034 0.1349 0.0264 0.0142
127 0.0915 0.1998 0.3347 0.3508 0.0036 0.0195
128 0.1909 0.3005 0.1177 0.2734 0.0300 0.0874
129 0.0985 0.5083 0.1074 0.2477 0.0174 0.0208
130 0.4460 0.3474 0.1068 0.0812 0.0174 0.0011
131 0.2886 0.0827 0.0450 0.5391 0.0226 0.0217
132 0.0760 0.0376 0.2532 0.6074 0.0159 0.0100
133 0.0970 0.2988 0.1315 0.4148 0.0218 0.0362
134 0.2257 0.0970 0.3232 0.3132 0.0133 0.0274
135 0.1831 0.6855 0.0412 0.0585 0.0262 0.0054
136 0.0957 0.0658 0.4861 0.3140 0.0062 0.0323
137 0.2849 0.1990 0.4146 0.0661 0.0335 0.0017
138 0.2778 0.3406 0.0875 0.2198 0.0249 0.0494
139 0.3315 0.1788 0.0613 0.2705 0.1404 0.0174
140 0.5894 0.2068 0.0732 0.0925 0.0377 0.0008
141 0.0756 0.1962 0.4026 0.3086 0.0018 0.0152
142 0.0388 0.0991 0.7207 0.1292 0.0063 0.0060
143 0.0373 0.1522 0.7490 0.0526 0.0047 0.0043
144 0.1537 0.0962 0.2036 0.5039 0.0142 0.0282
145 0.0961 0.1006 0.1072 0.6670 0.0121 0.0172
146 0.0529 0.1630 0.6348 0.1416 0.0019 0.0058
147 0.0625 0.1621 0.4475 0.2759 0.0117 0.0403
148 0.0191 0.3469 0.3308 0.2537 0.0036 0.0458
149 0.0692 0.4109 0.2915 0.1523 0.0178 0.0583
150 0.0386 0.2382 0.2118 0.4246 0.0119 0.0750
151 0.0271 0.2473 0.1809 0.4919 0.0041 0.0487
152 0.0762 0.1058 0.3362 0.2832 0.0540 0.1447
153 0.0329 0.1968 0.1606 0.5786 0.0130 0.0182
154 0.0368 0.2595 0.0856 0.5322 0.0078 0.0779
155 0.1273 0.2003 0.2612 0.2871 0.0293 0.0947
156 0.1100 0.1901 0.1652 0.4490 0.0389 0.0469
157 0.0635 0.2084 0.1133 0.5239 0.0483 0.0427
158 0.0036 0.0464 0.0923 0.7607 0.0002 0.0967
159 0.0054 0.1110 0.0313 0.8462 0.0006 0.0053
160 0.0544 0.0962 0.5366 0.3010 0.0036 0.0085
161 0.1718 0.1541 0.1181 0.5293 0.0155 0.0114
162 0.1552 0.0884 0.3496 0.3721 0.0222 0.0125
163 0.5117 0.1356 0.0726 0.2656 0.0096 0.0048
164 0.4358 0.3906 0.0599 0.0892 0.0229 0.0016
165 0.2443 0.2258 0.1815 0.3337 0.0056 0.0090
166 0.3772 0.0947 0.0698 0.3127 0.1273 0.0181
167 0.1688 0.1783 0.0511 0.5322 0.0315 0.0380
168 0.1354 0.0475 0.1533 0.6357 0.0112 0.0168
169 0.1103 0.2371 0.1202 0.5098 0.0065 0.0161
170 0.0759 0.1765 0.4233 0.2776 0.0348 0.0120
171 0.0563 0.5820 0.0740 0.2316 0.0220 0.0339
172 0.2244 0.5015 0.1788 0.0508 0.0399 0.0043
173 0.1375 0.8032 0.0373 0.0077 0.0038 0.0106
174 0.2239 0.0786 0.0325 0.6377 0.0129 0.0144
175 0.1464 0.0547 0.2693 0.4370 0.0345 0.0582
176 0.2915 0.0468 0.1853 0.4375 0.0153 0.0236
177 0.5718 0.1423 0.1207 0.1390 0.0242 0.0023
178 0.3386 0.1057 0.0876 0.3494 0.1008 0.0181
179 0.2195 0.3911 0.0497 0.3120 0.0207 0.0070
180 0.0913 0.3018 0.1059 0.4060 0.0236 0.0717
181 0.2299 0.0505 0.2029 0.4229 0.0375 0.0563
182 0.2935 0.1646 0.0429 0.3887 0.0450 0.0655
183 0.2499 0.2240 0.0459 0.4250 0.0402 0.0151
184 0.5469 0.1155 0.0493 0.2465 0.0215 0.0204
185 0.1708 0.0988 0.1119 0.5342 0.0347 0.0497
186 0.1143 0.1490 0.1400 0.5713 0.0085 0.0168
187 0.2996 0.1934 0.0787 0.4094 0.0072 0.0118
188 0.0367 0.7192 0.1036 0.0299 0.1086 0.0019
189 0.0244 0.8140 0.1329 0.0113 0.0150 0.0024
190 0.0320 0.0856 0.0121 0.8584 0.0107 0.0012
191 0.0668 0.2043 0.0219 0.6914 0.0150 0.0006
192 0.1277 0.3872 0.0138 0.4597 0.0109 0.0009
193 0.1133 0.3713 0.0133 0.4919 0.0089 0.0011
194 0.1133 0.3745 0.0139 0.4885 0.0088 0.0011
195 0.1227 0.3962 0.0145 0.4561 0.0097 0.0010
196 0.0460 0.2061 0.1936 0.4790 0.0052 0.0701
197 0.0184 0.5635 0.3994 0.0134 0.0012 0.0043
198 0.0090 0.8076 0.1667 0.0098 0.0011 0.0056
199 0.1852 0.3828 0.3174 0.0983 0.0153 0.0010
200 0.0887 0.3428 0.2888 0.2629 0.0052 0.0116
201 0.0414 0.5000 0.3130 0.1324 0.0035 0.0098
202 0.0448 0.4089 0.1181 0.4155 0.0074 0.0052
203 0.0286 0.1398 0.0547 0.7676 0.0018 0.0076
204 0.0544 0.3037 0.0508 0.5854 0.0040 0.0020
205 0.0403 0.2959 0.0630 0.5884 0.0076 0.0047
206 0.0245 0.0416 0.0487 0.8760 0.0023 0.0068
207 0.0134 0.0453 0.0214 0.9097 0.0037 0.0063
208 0.0168 0.0443 0.0257 0.9048 0.0029 0.0055
209 0.0307 0.0479 0.0381 0.8755 0.0050 0.0030
210 0.0469 0.0798 0.0351 0.8315 0.0027 0.0038
211 0.0230 0.0354 0.0241 0.9121 0.0019 0.0034
212 0.0349 0.0515 0.0218 0.8848 0.0021 0.0052
213 0.0296 0.0445 0.0369 0.8804 0.0066 0.0022
214 0.1357 0.1869 0.0229 0.6128 0.0389 0.0028
215 0.1608 0.2979 0.0231 0.4797 0.0334 0.0050
216 0.0859 0.1340 0.0201 0.7480 0.0055 0.0065
217 0.0590 0.0914 0.0066 0.8335 0.0047 0.0046
218 0.0434 0.0289 0.0065 0.9141 0.0051 0.0022
219 0.1639 0.3694 0.0411 0.4058 0.0138 0.0060
220 0.1642 0.1340 0.0202 0.5913 0.0819 0.0083
221 0.1641 0.2881 0.0139 0.4639 0.0512 0.0188
222 0.0549 0.2424 0.0287 0.6191 0.0396 0.0153
223 0.1110 0.1517 0.0316 0.6099 0.0920 0.0040
224 0.0624 0.3167 0.0229 0.5264 0.0664 0.0052
225 0.0516 0.3135 0.0217 0.5679 0.0418 0.0039
226 0.0618 0.1641 0.0143 0.7412 0.0121 0.0065
227 0.0857 0.2122 0.0208 0.6636 0.0125 0.0051
228 0.0704 0.2021 0.0462 0.6680 0.0060 0.0070
229 0.1074 0.1001 0.0193 0.7515 0.0161 0.0057
230 0.2249 0.2015 0.0203 0.5352 0.0133 0.0051
231 0.1311 0.2430 0.0183 0.5923 0.0123 0.0031
232 0.0510 0.0105 0.0147 0.9043 0.0067 0.0130
233 0.1851 0.0945 0.0573 0.3003 0.0670 0.2957
234 0.1136 0.1553 0.1349 0.1288 0.0181 0.4492
235 0.1136 0.1553 0.1349 0.1288 0.0181 0.4492
