time exciting_prob fearful_prob tense_prob sad_prob relaxing_prob neutral_prob
0 0.0603 0.1296 0.1772 0.0441 0.5630 0.0255
1 0.1917 0.1381 0.2172 0.0346 0.3811 0.0372
2 0.1191 0.0264 0.2812 0.4155 0.0164 0.1414
3 0.0274 0.0274 0.3555 0.0311 0.5254 0.0336
4 0.1284 0.4771 0.2986 0.0385 0.0430 0.0144
5 0.5830 0.0217 0.2690 0.0952 0.0175 0.0132
6 0.2006 0.0919 0.0843 0.0099 0.6084 0.0050
7 0.0986 0.2944 0.4353 0.1171 0.0116 0.0428
8 0.0862 0.3354 0.2915 0.1313 0.1313 0.0241
9 0.6714 0.0686 0.1140 0.1176 0.0208 0.0076
10 0.5771 0.1666 0.1182 0.0123 0.1182 0.0078
11 0.2367 0.1100 0.3667 0.0844 0.1705 0.0318
12 0.3054 0.1910 0.4443 0.0121 0.0407 0.0064
13 0.1753 0.1072 0.4373 0.0483 0.2131 0.0188
14 0.1780 0.0615 0.1865 0.0551 0.5151 0.0036
15 0.0808 0.1418 0.1608 0.0610 0.5439 0.0117
16 0.1516 0.1359 0.5903 0.0380 0.0571 0.0270
17 0.2192 0.0988 0.3240 0.0886 0.2092 0.0599
18 0.4155 0.1815 0.2561 0.0169 0.1181 0.0119
19 0.1580 0.3730 0.3616 0.0690 0.0186 0.0198
20 0.2693 0.1418 0.2866 0.0821 0.2130 0.0072
21 0.7153 0.0778 0.0961 0.0195 0.0687 0.0228
22 0.7432 0.0789 0.0923 0.0284 0.0262 0.0312
23 0.1129 0.1860 0.3115 0.0478 0.0581 0.2837
24 0.2937 0.0969 0.4016 0.0320 0.0454 0.1304
25 0.3955 0.1345 0.3545 0.0732 0.0202 0.0221
26 0.1842 0.2292 0.4023 0.0315 0.1041 0.0488
27 0.2172 0.0978 0.5542 0.0253 0.0508 0.0545
28 0.1140 0.0959 0.1021 0.0079 0.6660 0.0140
29 0.2874 0.0407 0.1057 0.0682 0.4519 0.0462
30 0.1118 0.0341 0.0647 0.0153 0.7642 0.0100
31 0.0889 0.1974 0.3203 0.2036 0.1421 0.0476
32 0.2108 0.0198 0.1405 0.0471 0.5469 0.0350
33 0.1941 0.0709 0.1355 0.0556 0.4585 0.0854
34 0.2294 0.2367 0.2520 0.0884 0.1247 0.0688
35 0.1710 0.0795 0.4233 0.0930 0.1683 0.0649
36 0.1488 0.0992 0.4805 0.1159 0.1443 0.0113
37 0.0944 0.1462 0.3506 0.3506 0.0337 0.0244
38 0.0534 0.2979 0.4470 0.1497 0.0230 0.0293
39 0.2339 0.0759 0.5791 0.0660 0.0224 0.0228
40 0.4590 0.0755 0.2742 0.0798 0.0862 0.0253
41 0.2688 0.1819 0.3674 0.0350 0.0295 0.1174
42 0.3423 0.0690 0.2209 0.0776 0.1981 0.0921
43 0.3237 0.2261 0.2834 0.0463 0.0757 0.0445
44 0.4001 0.1260 0.1669 0.0412 0.1721 0.0936
45 0.3643 0.0674 0.2465 0.0467 0.0712 0.2042
46 0.2947 0.0580 0.4634 0.0580 0.0812 0.0448
47 0.3789 0.0474 0.3191 0.0893 0.0845 0.0807
48 0.3762 0.0801 0.2546 0.0670 0.1749 0.0471
49 0.5967 0.1311 0.1509 0.0273 0.0634 0.0307
50 0.2482 0.0331 0.2900 0.1392 0.0336 0.2561
51 0.1407 0.0273 0.4912 0.1185 0.0356 0.1865
52 0.1598 0.0108 0.1206 0.1868 0.0221 0.5000
53 0.1981 0.1147 0.1708 0.1138 0.0381 0.3645
54 0.1100 0.0799 0.3159 0.1338 0.0187 0.3416
55 0.1026 0.2539 0.5903 0.0106 0.0233 0.0191
56 0.3816 0.0238 0.2881 0.1404 0.0643 0.1019
57 0.2405 0.0140 0.5015 0.0489 0.0562 0.1392
58 0.1964 0.0244 0.1191 0.1119 0.0140 0.5342
59 0.1647 0.1376 0.3274 0.1609 0.0228 0.1866
60 0.1544 0.4197 0.2886 0.0113 0.0764 0.0497
61 0.2805 0.0335 0.1057 0.0925 0.0325 0.4553
62 0.1168 0.0368 0.2847 0.1224 0.1064 0.3328
63 0.4519 0.0249 0.3154 0.0368 0.0993 0.0715
64 0.2350 0.0508 0.4976 0.0995 0.0360 0.0812
65 0.1306 0.1827 0.4487 0.1199 0.0323 0.0856
66 0.1578 0.1680 0.4937 0.0331 0.1163 0.0311
67 0.2058 0.0914 0.2026 0.1268 0.0176 0.3557
68 0.2173 0.1163 0.4746 0.0787 0.0864 0.0266
69 0.2632 0.0118 0.2756 0.0345 0.0379 0.3770
70 0.2986 0.0116 0.2515 0.0398 0.0385 0.3601
71 0.0911 0.0109 0.2401 0.0230 0.0677 0.5669
72 0.1793 0.2063 0.3794 0.1375 0.0518 0.0457
73 0.1730 0.0163 0.3035 0.0411 0.3035 0.1625
74 0.2512 0.0230 0.1726 0.0271 0.0569 0.4692
75 0.2905 0.1495 0.3293 0.0336 0.0669 0.1300
76 0.1385 0.0171 0.1724 0.0151 0.0827 0.5742
77 0.2351 0.0202 0.3066 0.0516 0.1027 0.2837
78 0.2423 0.4387 0.2969 0.0102 0.0104 0.0014
79 0.2644 0.0073 0.1136 0.0504 0.0781 0.4861
80 0.1107 0.0053 0.2202 0.0136 0.0876 0.5625
81 0.2722 0.0380 0.2056 0.0431 0.1600 0.2810
82 0.0578 0.2114 0.2147 0.2844 0.0720 0.1595
83 0.1168 0.3328 0.4841 0.0118 0.0483 0.0060
84 0.1641 0.0344 0.2542 0.0222 0.3638 0.1615
85 0.1420 0.0218 0.1740 0.0134 0.4802 0.1686
86 0.2257 0.0562 0.2402 0.0368 0.1931 0.2479
87 0.1146 0.0763 0.2208 0.0643 0.1542 0.3699
88 0.1523 0.0171 0.1674 0.1168 0.1866 0.3599
89 0.1959 0.0721 0.3777 0.0325 0.0779 0.2439
90 0.0865 0.0244 0.3115 0.0150 0.4326 0.1299
91 0.3125 0.0465 0.2759 0.0882 0.0687 0.2083
92 0.4060 0.2009 0.3528 0.0038 0.0168 0.0197
93 0.1247 0.0380 0.3962 0.0220 0.1931 0.2258
94 0.1705 0.1267 0.2025 0.1154 0.3286 0.0562
95 0.2207 0.0906 0.4746 0.0470 0.0435 0.1238
96 0.3093 0.0591 0.2264 0.0384 0.3093 0.0573
97 0.4043 0.2034 0.2131 0.0114 0.1355 0.0324
98 0.4592 0.0083 0.0762 0.0371 0.0726 0.3467
99 0.2798 0.0147 0.1429 0.0248 0.0765 0.4612
100 0.2396 0.0085 0.2286 0.0356 0.1986 0.2891
101 0.2089 0.0084 0.2024 0.0234 0.1481 0.4089
102 0.2223 0.0093 0.1678 0.0657 0.0927 0.4421
103 0.1982 0.0577 0.3645 0.1696 0.1749 0.0350
104 0.2306 0.0251 0.2783 0.0142 0.1215 0.3303
105 0.1912 0.0134 0.2068 0.0263 0.1178 0.4446
106 0.0548 0.0354 0.3154 0.1073 0.0947 0.3926
107 0.2664 0.0129 0.1182 0.0781 0.0497 0.4749
108 0.1794 0.0076 0.0483 0.0228 0.0211 0.7207
109 0.3184 0.0283 0.1731 0.0627 0.0455 0.3721
110 0.2546 0.0091 0.2356 0.0416 0.0457 0.4133
111 0.3582 0.1026 0.2189 0.1144 0.0187 0.1873
112 0.1917 0.0481 0.2257 0.1017 0.0143 0.4185
113 0.1826 0.0087 0.1179 0.1090 0.0194 0.5625
114 0.4502 0.0581 0.1631 0.0399 0.1556 0.1331
115 0.3157 0.0465 0.1945 0.0424 0.1514 0.2496
116 0.4143 0.0848 0.1000 0.0236 0.0835 0.2937
117 0.1145 0.0745 0.4187 0.2520 0.0063 0.1339
118 0.0780 0.0278 0.2024 0.0136 0.4561 0.2223
119 0.2063 0.0114 0.2864 0.1140 0.0522 0.3298
120 0.0821 0.0446 0.6460 0.0400 0.0136 0.1738
121 0.3176 0.1648 0.2847 0.0368 0.0597 0.1366
122 0.2021 0.0171 0.3132 0.1841 0.0071 0.2764
123 0.2417 0.1561 0.3462 0.0507 0.0480 0.1573
124 0.0482 0.0270 0.6973 0.0886 0.0059 0.1331
125 0.2169 0.0462 0.1276 0.4053 0.0662 0.1379
126 0.0776 0.0150 0.2428 0.3267 0.0355 0.3022
127 0.3040 0.0473 0.4561 0.0396 0.0745 0.0787
128 0.4143 0.1675 0.2573 0.0296 0.0621 0.0693
129 0.3352 0.1659 0.3979 0.0213 0.0615 0.0181
130 0.3208 0.1017 0.5288 0.0159 0.0225 0.0099
131 0.3105 0.0192 0.1913 0.1586 0.0147 0.3057
132 0.1984 0.0324 0.4006 0.2842 0.0367 0.0479
133 0.2615 0.0086 0.2343 0.0773 0.1315 0.2871
134 0.1781 0.1243 0.5356 0.0433 0.0433 0.0754
135 0.3176 0.0109 0.2183 0.2217 0.0479 0.1837
136 0.1796 0.0291 0.2455 0.2915 0.0377 0.2167
137 0.3052 0.0249 0.2778 0.1030 0.0587 0.2303
138 0.3228 0.1081 0.4048 0.0947 0.0152 0.0544
139 0.2493 0.0185 0.2493 0.1852 0.0284 0.2695
140 0.2313 0.0229 0.1060 0.2313 0.0148 0.3936
141 0.1382 0.0066 0.0485 0.1128 0.0240 0.6699
142 0.3184 0.0124 0.1436 0.1602 0.1135 0.2520
143 0.2328 0.0296 0.1100 0.1327 0.0667 0.4282
144 0.1384 0.1342 0.5830 0.0867 0.0266 0.0311
145 0.1121 0.2776 0.4646 0.0586 0.0361 0.0509
146 0.2373 0.0847 0.3914 0.0674 0.0509 0.1683
147 0.3064 0.0110 0.1859 0.2139 0.0787 0.2041
148 0.4082 0.0389 0.0993 0.0947 0.0890 0.2698
149 0.2878 0.0256 0.1278 0.1278 0.0728 0.3584
150 0.3706 0.0342 0.1364 0.0457 0.0649 0.3481
151 0.1688 0.0119 0.1142 0.0602 0.0557 0.5894
152 0.0417 0.0013 0.0362 0.0194 0.8779 0.0234
153 0.2373 0.0347 0.1605 0.0375 0.4231 0.1069
154 0.1442 0.0367 0.1711 0.0348 0.4800 0.1333
155 0.2888 0.1282 0.3767 0.0362 0.0551 0.1149
156 0.2839 0.0344 0.1862 0.0361 0.3701 0.0893
157 0.3374 0.1203 0.2393 0.0435 0.1722 0.0873
158 0.0988 0.1085 0.4568 0.1761 0.0369 0.1229
159 0.0908 0.0518 0.5649 0.1185 0.0801 0.0937
160 0.1135 0.0553 0.0844 0.5854 0.0744 0.0870
161 0.1912 0.1039 0.4731 0.0726 0.0483 0.1107
162 0.2389 0.0119 0.0285 0.1427 0.1028 0.4751
163 0.2898 0.0627 0.2023 0.1504 0.0392 0.2556
164 0.0427 0.0016 0.0365 0.0165 0.8711 0.0317
165 0.5356 0.1523 0.1366 0.0298 0.1063 0.0391
166 0.1860 0.0100 0.0788 0.1340 0.2544 0.3369
167 0.5112 0.0245 0.0547 0.0975 0.2098 0.1022
168 0.0989 0.0056 0.0701 0.0370 0.6655 0.1231
169 0.2219 0.0234 0.0984 0.0404 0.4482 0.1675
170 0.3823 0.0789 0.3564 0.0416 0.0184 0.1222
171 0.3623 0.0059 0.2778 0.0916 0.0426 0.2197
172 0.1675 0.0954 0.6079 0.0621 0.0225 0.0447
173 0.3877 0.0065 0.1383 0.0865 0.0334 0.3477
174 0.2817 0.1174 0.4944 0.0288 0.0529 0.0246
175 0.2328 0.0243 0.3896 0.0986 0.0870 0.1676
176 0.4209 0.0579 0.2361 0.0646 0.0249 0.1957
177 0.0939 0.0939 0.1989 0.1477 0.3657 0.1000
178 0.2615 0.1444 0.3545 0.0424 0.0424 0.1549
179 0.4033 0.1077 0.3940 0.0130 0.0387 0.0432
180 0.2185 0.1501 0.5713 0.0145 0.0330 0.0125
181 0.2021 0.0626 0.4485 0.1305 0.0677 0.0883
182 0.1013 0.0894 0.7603 0.0119 0.0254 0.0115
183 0.1008 0.1501 0.5757 0.0515 0.0349 0.0869
184 0.1000 0.1187 0.5322 0.0407 0.1573 0.0511
185 0.3596 0.0931 0.2549 0.1022 0.0822 0.1080
186 0.1426 0.2542 0.5054 0.0129 0.0463 0.0384
187 0.4336 0.1453 0.3027 0.0120 0.0362 0.0703
188 0.1683 0.0860 0.4949 0.0847 0.1311 0.0350
189 0.1458 0.0473 0.1813 0.6133 0.0050 0.0073
190 0.2040 0.0202 0.0558 0.3210 0.0058 0.3933
191 0.0729 0.0098 0.0311 0.1036 0.0054 0.7773
192 0.1960 0.0263 0.0317 0.1217 0.0061 0.6182
193 0.0890 0.1143 0.6997 0.0172 0.0661 0.0135
194 0.3914 0.0394 0.1241 0.0880 0.3071 0.0501
195 0.0942 0.0399 0.0529 0.0865 0.0082 0.7183
196 0.1315 0.0065 0.0661 0.1107 0.0074 0.6777
197 0.3816 0.1318 0.3018 0.1060 0.0638 0.0150
198 0.0679 0.0292 0.2227 0.1460 0.3970 0.1372
199 0.2505 0.2354 0.3616 0.0085 0.1103 0.0336
200 0.2461 0.0612 0.1180 0.2104 0.2385 0.1257
201 0.2407 0.0623 0.0533 0.1094 0.4788 0.0554
202 0.1326 0.0070 0.2556 0.0698 0.2220 0.3130
203 0.1924 0.0035 0.1895 0.0314 0.0265 0.5566
204 0.0682 0.3521 0.4963 0.0441 0.0161 0.0232
205 0.1877 0.1121 0.1121 0.0211 0.5474 0.0196
206 0.2043 0.0111 0.2974 0.0422 0.1028 0.3423
207 0.1349 0.0120 0.1731 0.0118 0.1902 0.4780
208 0.0827 0.0163 0.2112 0.0237 0.2047 0.4614
209 0.0527 0.0085 0.1225 0.2717 0.3772 0.1674
210 0.1989 0.1501 0.4019 0.0671 0.1367 0.0454
211 0.2390 0.1495 0.5386 0.0184 0.0258 0.0285
212 0.1903 0.1934 0.5093 0.0266 0.0274 0.0529
213 0.1346 0.1549 0.0940 0.2761 0.0417 0.2986
214 0.1346 0.1549 0.0940 0.2761 0.0417 0.2986
215 0.6353 0.0394 0.0266 0.0619 0.0273 0.2095
216 0.6416 0.0391 0.0265 0.0606 0.0271 0.2051
217 0.6392 0.0393 0.0264 0.0604 0.0272 0.2075
218 0.6387 0.0399 0.0266 0.0603 0.0274 0.2073
219 0.6387 0.0399 0.0266 0.0603 0.0274 0.2073
220 0.6338 0.0390 0.0268 0.0608 0.0272 0.2123
221 0.6343 0.0390 0.0268 0.0609 0.0268 0.2124
222 0.6343 0.0390 0.0268 0.0609 0.0268 0.2124
223 0.6357 0.0394 0.0267 0.0610 0.0273 0.2097
224 0.6357 0.0394 0.0267 0.0610 0.0273 0.2097
