time exciting_prob fearful_prob tense_prob sad_prob relaxing_prob neutral_prob
0 0.1136 0.1553 0.1349 0.1288 0.0181 0.4492
1 0.5327 0.0244 0.1152 0.2365 0.0466 0.0444
2 0.5449 0.0267 0.1514 0.1974 0.0303 0.0491
3 0.0708 0.0397 0.1387 0.7153 0.0226 0.0131
4 0.2666 0.0471 0.3643 0.2012 0.0422 0.0788
5 0.1749 0.0981 0.3372 0.1384 0.0707 0.1805
6 0.0691 0.1213 0.2820 0.2527 0.1820 0.0930
7 0.2061 0.2334 0.2263 0.0950 0.0130 0.2263
8 0.0836 0.4590 0.1422 0.2656 0.0200 0.0298
9 0.0620 0.2432 0.1453 0.4688 0.0468 0.0340
10 0.1246 0.0870 0.3440 0.3960 0.0158 0.0327
11 0.0655 0.1431 0.4692 0.2590 0.0552 0.0078
12 0.0233 0.2646 0.4033 0.2729 0.0217 0.0141
13 0.1089 0.0709 0.4961 0.2654 0.0289 0.0298
14 0.0925 0.0223 0.0842 0.1810 0.1432 0.4768
15 0.1175 0.0497 0.1021 0.2373 0.1791 0.3145
16 0.1304 0.0480 0.1187 0.1573 0.1624 0.3833
17 0.1230 0.0452 0.1174 0.1761 0.1350 0.4033
18 0.1003 0.0431 0.1267 0.1678 0.1528 0.4092
19 0.2466 0.0542 0.3818 0.2280 0.0250 0.0643
20 0.1036 0.2448 0.4099 0.1290 0.0538 0.0591
21 0.0885 0.1248 0.5337 0.1459 0.0266 0.0806
22 0.0844 0.2223 0.4707 0.1652 0.0170 0.0405
23 0.0547 0.2305 0.3801 0.2612 0.0188 0.0547
24 0.2018 0.0676 0.4768 0.1838 0.0310 0.0391
25 0.1323 0.0510 0.2937 0.4546 0.0230 0.0454
26 0.1176 0.0930 0.1453 0.6021 0.0218 0.0204
27 0.2241 0.1298 0.1505 0.4492 0.0375 0.0088
28 0.2583 0.2793 0.2369 0.1996 0.0229 0.0032
29 0.2189 0.1171 0.5415 0.0540 0.0313 0.0371
30 0.1222 0.2932 0.3647 0.1281 0.0600 0.0316
31 0.0668 0.3235 0.1066 0.3496 0.1414 0.0122
32 0.2241 0.2423 0.1172 0.3364 0.0608 0.0193
33 0.3042 0.1995 0.2332 0.2483 0.0083 0.0066
34 0.1993 0.1228 0.2766 0.3608 0.0184 0.0220
35 0.1211 0.0819 0.3091 0.1604 0.1309 0.1965
36 0.1187 0.0552 0.3276 0.1648 0.1015 0.2323
37 0.0919 0.1337 0.0726 0.6372 0.0476 0.0169
38 0.1542 0.1043 0.1182 0.5552 0.0224 0.0456
39 0.0587 0.1583 0.2233 0.4727 0.0209 0.0660
40 0.2998 0.1875 0.1721 0.3093 0.0290 0.0024
41 0.2839 0.0586 0.2355 0.3320 0.0501 0.0397
42 0.2024 0.0927 0.4153 0.1704 0.0310 0.0884
43 0.3789 0.0845 0.1847 0.2974 0.0409 0.0137
44 0.4158 0.1309 0.2107 0.1816 0.0452 0.0157
45 0.2832 0.0751 0.0942 0.5132 0.0280 0.0064
46 0.2440 0.3416 0.0477 0.2920 0.0549 0.0199
47 0.1024 0.2052 0.1433 0.4846 0.0097 0.0548
48 0.1896 0.1302 0.0565 0.5659 0.0265 0.0312
49 0.5767 0.0107 0.0956 0.2294 0.0032 0.0844
50 0.0608 0.2581 0.0787 0.4458 0.0357 0.1209
51 0.2532 0.2510 0.0479 0.3857 0.0251 0.0370
52 0.2515 0.2534 0.0889 0.3438 0.0444 0.0182
53 0.1904 0.1981 0.0740 0.4980 0.0219 0.0176
54 0.4622 0.2493 0.0454 0.2083 0.0181 0.0170
55 0.0929 0.3506 0.0493 0.3479 0.0643 0.0951
56 0.1564 0.6040 0.0301 0.1180 0.0850 0.0063
57 0.0854 0.6411 0.0510 0.1195 0.0736 0.0293
58 0.1573 0.2917 0.0444 0.4380 0.0491 0.0195
59 0.0646 0.1730 0.0721 0.6328 0.0368 0.0208
60 0.0529 0.0929 0.0432 0.5264 0.1906 0.0944
61 0.0871 0.5996 0.0299 0.1873 0.0912 0.0047
62 0.0469 0.1960 0.0229 0.5327 0.0948 0.1066
63 0.1692 0.2350 0.1948 0.2856 0.0144 0.1010
64 0.1027 0.2075 0.1361 0.4902 0.0179 0.0456
65 0.1659 0.1940 0.1583 0.3352 0.0319 0.1149
66 0.0903 0.1755 0.1958 0.4624 0.0651 0.0107
67 0.1554 0.3557 0.1760 0.2561 0.0231 0.0336
68 0.1799 0.1516 0.3362 0.2479 0.0377 0.0466
69 0.1390 0.1379 0.0508 0.6187 0.0276 0.0261
70 0.1130 0.3047 0.0542 0.4365 0.0747 0.0168
71 0.1077 0.6196 0.0581 0.1240 0.0845 0.0062
72 0.0395 0.2961 0.0544 0.5117 0.0661 0.0320
73 0.0661 0.4177 0.0797 0.3306 0.0862 0.0197
74 0.1055 0.3540 0.0420 0.4075 0.0748 0.0162
75 0.1846 0.4426 0.0525 0.2708 0.0474 0.0022
76 0.1016 0.3206 0.1663 0.3281 0.0667 0.0170
77 0.1059 0.1059 0.0399 0.5952 0.1118 0.0415
78 0.0159 0.5952 0.2057 0.1653 0.0112 0.0068
79 0.0098 0.5439 0.3098 0.1272 0.0062 0.0030
80 0.1044 0.6914 0.0618 0.1361 0.0059 0.0006
81 0.0662 0.0739 0.2072 0.5903 0.0451 0.0175
82 0.0625 0.2844 0.0583 0.4075 0.0420 0.1453
83 0.0633 0.3845 0.1949 0.2407 0.0764 0.0402
84 0.0137 0.4890 0.1190 0.2311 0.1327 0.0145
85 0.0147 0.6064 0.1418 0.1354 0.0860 0.0155
86 0.0861 0.1022 0.0506 0.6880 0.0348 0.0382
87 0.1017 0.0824 0.1306 0.6040 0.0469 0.0343
88 0.0231 0.5415 0.1247 0.2056 0.0520 0.0532
89 0.0244 0.6606 0.0373 0.1864 0.0498 0.0413
90 0.0309 0.4612 0.0586 0.2178 0.1509 0.0807
91 0.0902 0.3918 0.0312 0.3123 0.0938 0.0808
92 0.1236 0.5410 0.0374 0.2401 0.0289 0.0289
93 0.0801 0.3616 0.0369 0.4465 0.0497 0.0252
94 0.0481 0.1110 0.0637 0.4934 0.2559 0.0280
95 0.0756 0.4634 0.0173 0.1652 0.2639 0.0145
96 0.1120 0.6201 0.0364 0.1669 0.0590 0.0058
97 0.0581 0.5381 0.0311 0.1019 0.2664 0.0043
98 0.3235 0.0627 0.5171 0.0637 0.0182 0.0146
99 0.0424 0.2347 0.0941 0.3665 0.2366 0.0255
100 0.2421 0.1730 0.0363 0.4053 0.0817 0.0617
101 0.2881 0.3420 0.0123 0.2705 0.0652 0.0219
102 0.1486 0.3855 0.0271 0.3428 0.0783 0.0179
103 0.1476 0.5933 0.0282 0.1097 0.0895 0.0319
104 0.1199 0.6230 0.0270 0.1033 0.1108 0.0157
105 0.1074 0.3308 0.0465 0.1379 0.3521 0.0253
106 0.0389 0.1317 0.0411 0.6089 0.1025 0.0768
107 0.0442 0.2448 0.0347 0.5430 0.0866 0.0467
108 0.0156 0.6851 0.0927 0.1653 0.0217 0.0194
109 0.1313 0.2847 0.0620 0.4373 0.0671 0.0178
110 0.1534 0.1487 0.0999 0.5439 0.0423 0.0117
111 0.0371 0.2421 0.0102 0.1771 0.4927 0.0408
112 0.1263 0.6074 0.0230 0.1324 0.1039 0.0067
113 0.1255 0.6035 0.0682 0.0743 0.1216 0.0071
114 0.2771 0.5020 0.0456 0.0845 0.0886 0.0024
115 0.0367 0.1921 0.0880 0.5474 0.0701 0.0659
116 0.0553 0.3181 0.1456 0.3604 0.0883 0.0322
117 0.1844 0.2812 0.0763 0.4155 0.0326 0.0101
118 0.0724 0.3120 0.0582 0.4297 0.0866 0.0412
119 0.0823 0.3228 0.0110 0.3657 0.2020 0.0162
120 0.1144 0.2517 0.0072 0.4595 0.1296 0.0377
121 0.1703 0.3960 0.0238 0.2054 0.1827 0.0218
122 0.1191 0.1918 0.0695 0.4937 0.0787 0.0474
123 0.1009 0.1357 0.1057 0.6274 0.0149 0.0151
124 0.0481 0.2136 0.0850 0.4741 0.1180 0.0612
125 0.0685 0.1184 0.0840 0.3975 0.2668 0.0649
126 0.0960 0.4688 0.0983 0.2712 0.0457 0.0198
127 0.1714 0.4807 0.0245 0.1598 0.1501 0.0133
128 0.0706 0.2109 0.0845 0.5220 0.0501 0.0619
129 0.1205 0.1187 0.6216 0.0822 0.0172 0.0397
130 0.1151 0.4380 0.1797 0.1389 0.0904 0.0380
131 0.0745 0.4153 0.0857 0.3015 0.0905 0.0328
132 0.1129 0.0478 0.0272 0.7246 0.0439 0.0435
133 0.2205 0.2329 0.0830 0.3750 0.0762 0.0123
134 0.2010 0.0964 0.2010 0.4675 0.0215 0.0125
135 0.0923 0.4304 0.0909 0.2549 0.1022 0.0293
136 0.1653 0.5132 0.0151 0.2041 0.0751 0.0270
137 0.0796 0.7666 0.0290 0.0724 0.0340 0.0182
138 0.0964 0.4424 0.0227 0.2664 0.0567 0.1154
139 0.0938 0.7207 0.0178 0.0778 0.0487 0.0410
140 0.0294 0.1306 0.0417 0.6636 0.0544 0.0804
141 0.1501 0.3179 0.0300 0.3127 0.1501 0.0392
142 0.1425 0.2462 0.1979 0.3784 0.0222 0.0127
143 0.0802 0.2754 0.0624 0.3025 0.1353 0.1440
144 0.0377 0.2311 0.0296 0.4524 0.0607 0.1886
145 0.0511 0.2595 0.0507 0.3716 0.0552 0.2118
146 0.1776 0.6499 0.0409 0.0591 0.0614 0.0111
147 0.0951 0.3020 0.0568 0.4753 0.0279 0.0428
148 0.1193 0.4067 0.1240 0.2281 0.0997 0.0221
149 0.0733 0.5132 0.0757 0.1639 0.1528 0.0212
150 0.0843 0.5942 0.0553 0.1171 0.1306 0.0184
151 0.1174 0.3345 0.0246 0.2908 0.1921 0.0406
152 0.1404 0.4978 0.0900 0.1846 0.0525 0.0349
153 0.0962 0.1943 0.0389 0.3254 0.2849 0.0602
154 0.2386 0.1307 0.0558 0.3726 0.1589 0.0435
155 0.2053 0.1091 0.1116 0.4280 0.1125 0.0335
156 0.1081 0.2654 0.0317 0.3862 0.1741 0.0343
157 0.1332 0.6060 0.0309 0.0982 0.0867 0.0450
158 0.0961 0.1989 0.1187 0.4343 0.0651 0.0869
159 0.0496 0.3782 0.2056 0.2520 0.0603 0.0545
160 0.1112 0.1952 0.0177 0.4539 0.1643 0.0577
161 0.0713 0.3511 0.0275 0.3196 0.1671 0.0634
162 0.0618 0.1641 0.0418 0.6001 0.0956 0.0369
163 0.0808 0.2339 0.2233 0.3567 0.0930 0.0123
164 0.0078 0.0164 0.0427 0.8984 0.0271 0.0078
165 0.0569 0.2375 0.1213 0.4797 0.0873 0.0172
166 0.0692 0.5195 0.1768 0.2100 0.0179 0.0065
167 0.0755 0.2476 0.1284 0.5322 0.0110 0.0050
168 0.0960 0.1071 0.0282 0.7261 0.0379 0.0048
169 0.1438 0.3760 0.0586 0.2998 0.1120 0.0098
170 0.0920 0.2500 0.0920 0.4390 0.0392 0.0878
171 0.1421 0.4277 0.0561 0.2615 0.0855 0.0271
172 0.1805 0.4165 0.0406 0.2393 0.0422 0.0807
173 0.0778 0.4617 0.0625 0.2866 0.0356 0.0759
174 0.0955 0.5850 0.1033 0.1152 0.0767 0.0242
175 0.1742 0.6128 0.0473 0.0458 0.1099 0.0098
176 0.1664 0.5083 0.0519 0.0837 0.1423 0.0473
177 0.0913 0.1654 0.0576 0.4861 0.1816 0.0180
178 0.0959 0.3618 0.0397 0.3562 0.0930 0.0534
179 0.1519 0.2708 0.1735 0.3240 0.0550 0.0248
180 0.2424 0.2856 0.0920 0.2925 0.0864 0.0010
181 0.0936 0.3530 0.1890 0.2625 0.0900 0.0121
182 0.0994 0.2461 0.2206 0.3994 0.0231 0.0112
183 0.1620 0.4009 0.0854 0.3171 0.0267 0.0078
184 0.1328 0.4089 0.1815 0.2480 0.0236 0.0050
185 0.0570 0.1561 0.1057 0.6079 0.0626 0.0106
186 0.1892 0.2468 0.1130 0.3071 0.0820 0.0619
187 0.1914 0.5244 0.1256 0.0544 0.0792 0.0249
188 0.1696 0.2111 0.0846 0.3882 0.0605 0.0859
189 0.2939 0.1064 0.2437 0.2052 0.0182 0.1324
190 0.2393 0.1863 0.3945 0.1222 0.0128 0.0450
191 0.0894 0.5063 0.0206 0.2886 0.0639 0.0309
192 0.1354 0.5190 0.0423 0.2080 0.0670 0.0286
193 0.1621 0.4653 0.1105 0.1499 0.0888 0.0233
194 0.2252 0.4551 0.1072 0.1410 0.0548 0.0167
195 0.1407 0.0577 0.2079 0.4136 0.0416 0.1385
196 0.1433 0.2400 0.3894 0.1840 0.0340 0.0092
197 0.0862 0.1884 0.1549 0.4114 0.1226 0.0365
198 0.0717 0.2058 0.0445 0.4822 0.1553 0.0405
199 0.1123 0.4690 0.0681 0.2340 0.1022 0.0143
200 0.0511 0.2761 0.0817 0.3718 0.1160 0.1032
201 0.1117 0.1306 0.1814 0.4778 0.0181 0.0804
202 0.0415 0.2974 0.0701 0.5557 0.0226 0.0130
203 0.0466 0.1843 0.0662 0.6689 0.0278 0.0059
204 0.1769 0.1489 0.1825 0.4658 0.0091 0.0168
205 0.2484 0.1320 0.1748 0.4160 0.0187 0.0103
206 0.2076 0.2563 0.0172 0.4326 0.0311 0.0550
207 0.1095 0.0591 0.0659 0.6816 0.0605 0.0235
208 0.1427 0.1044 0.0252 0.6758 0.0378 0.0141
209 0.6123 0.0910 0.1838 0.1031 0.0053 0.0047
210 0.5806 0.0536 0.0884 0.2578 0.0039 0.0156
211 0.2148 0.0587 0.0640 0.6216 0.0033 0.0373
212 0.0553 0.1843 0.0912 0.5332 0.0787 0.0571
213 0.0529 0.5425 0.1137 0.1220 0.1506 0.0181
214 0.0856 0.1755 0.0726 0.5039 0.1226 0.0398
215 0.0854 0.5439 0.1487 0.1725 0.0468 0.0029
216 0.1647 0.2360 0.0367 0.4841 0.0597 0.0188
217 0.1608 0.3049 0.0808 0.2489 0.1879 0.0167
218 0.0709 0.4343 0.0687 0.2271 0.1700 0.0291
219 0.0763 0.0980 0.1182 0.4976 0.0627 0.1471
220 0.1129 0.1449 0.0996 0.5425 0.0813 0.0186
221 0.1017 0.3962 0.1901 0.2275 0.0434 0.0411
222 0.1313 0.5400 0.1377 0.0692 0.1150 0.0067
223 0.3164 0.1239 0.0858 0.4678 0.0037 0.0023
224 0.4631 0.0744 0.0941 0.3159 0.0473 0.0052
225 0.3523 0.1434 0.1613 0.3257 0.0102 0.0070
226 0.0752 0.0658 0.1875 0.5864 0.0558 0.0290
227 0.0841 0.6167 0.1571 0.0454 0.0938 0.0029
228 0.1599 0.2783 0.0688 0.4246 0.0566 0.0118
229 0.2185 0.5000 0.0561 0.1624 0.0487 0.0142
230 0.1539 0.3364 0.0745 0.3752 0.0199 0.0402
231 0.0558 0.0613 0.0493 0.1219 0.0105 0.7012
232 0.2568 0.1158 0.0692 0.3567 0.1849 0.0167
233 0.1490 0.4116 0.0544 0.3181 0.0351 0.0315
234 0.1281 0.2568 0.2338 0.1779 0.1835 0.0201
235 0.0766 0.2268 0.0681 0.5444 0.0518 0.0324
236 0.0662 0.7700 0.0411 0.0280 0.0884 0.0060
237 0.0787 0.7705 0.0290 0.0445 0.0717 0.0057
238 0.1290 0.1877 0.2605 0.3562 0.0403 0.0262
239 0.1353 0.1908 0.0629 0.5522 0.0203 0.0388
240 0.0687 0.2324 0.1064 0.4844 0.0579 0.0503
241 0.0821 0.0659 0.1140 0.2266 0.0243 0.4873
242 0.0848 0.2571 0.3569 0.2378 0.0149 0.0483
243 0.1143 0.0540 0.0245 0.7334 0.0574 0.0165
244 0.0832 0.5469 0.1278 0.0706 0.1667 0.0050
245 0.1292 0.5312 0.0370 0.1113 0.1807 0.0107
246 0.1003 0.5640 0.0326 0.1210 0.1603 0.0217
247 0.1118 0.5767 0.0272 0.0799 0.1541 0.0504
248 0.0511 0.1489 0.0875 0.6367 0.0218 0.0539
249 0.0379 0.1364 0.0514 0.7373 0.0154 0.0219
250 0.0824 0.1772 0.2876 0.3525 0.0705 0.0296
251 0.3250 0.4373 0.1609 0.0725 0.0027 0.0018
252 0.1326 0.5000 0.0641 0.2069 0.0561 0.0401
253 0.1488 0.3354 0.0282 0.4141 0.0502 0.0234
254 0.0812 0.1146 0.6909 0.0604 0.0316 0.0215
255 0.1460 0.1693 0.1249 0.5059 0.0290 0.0252
256 0.1957 0.3833 0.0194 0.2739 0.1031 0.0247
257 0.4116 0.0117 0.0557 0.3928 0.0122 0.1161
258 0.0986 0.2922 0.4185 0.1576 0.0236 0.0096
259 0.3257 0.2830 0.0721 0.2742 0.0218 0.0234
260 0.0934 0.2561 0.0477 0.5254 0.0405 0.0369
261 0.0765 0.6929 0.1252 0.0660 0.0334 0.0059
262 0.0345 0.6982 0.0582 0.1533 0.0235 0.0324
263 0.0145 0.5400 0.0394 0.3655 0.0300 0.0105
264 0.1533 0.1053 0.3975 0.2301 0.0264 0.0873
265 0.0370 0.2585 0.1451 0.5391 0.0172 0.0030
266 0.0521 0.2949 0.2727 0.3240 0.0425 0.0138
267 0.0622 0.1829 0.1025 0.5459 0.0716 0.0349
268 0.2886 0.0034 0.0534 0.5391 0.0057 0.1096
269 0.3247 0.0916 0.3738 0.1570 0.0138 0.0391
270 0.2732 0.0619 0.0649 0.5786 0.0108 0.0108
271 0.3574 0.2595 0.0947 0.2698 0.0101 0.0084
272 0.2109 0.1077 0.0590 0.5918 0.0123 0.0184
273 0.2300 0.1631 0.0776 0.4573 0.0609 0.0112
274 0.0875 0.2235 0.0457 0.5278 0.0882 0.0273
275 0.0989 0.4866 0.0801 0.1935 0.1240 0.0170
276 0.0646 0.2964 0.0503 0.4736 0.0856 0.0294
277 0.1027 0.5098 0.0819 0.2075 0.0751 0.0231
278 0.1403 0.3933 0.0781 0.2661 0.1163 0.0061
279 0.0808 0.3074 0.0759 0.4834 0.0361 0.0165
280 0.0751 0.1504 0.0438 0.6899 0.0117 0.0289
281 0.0533 0.4221 0.0599 0.3967 0.0352 0.0328
282 0.0506 0.4307 0.1072 0.3513 0.0211 0.0391
283 0.0394 0.1699 0.0454 0.6562 0.0329 0.0560
284 0.1196 0.3176 0.0767 0.4275 0.0388 0.0197
285 0.1248 0.3997 0.0668 0.3584 0.0194 0.0308
286 0.0829 0.2554 0.1254 0.2827 0.2084 0.0454
287 0.0787 0.1692 0.2041 0.4600 0.0270 0.0613
288 0.0491 0.2378 0.2493 0.3542 0.0317 0.0778
289 0.0944 0.1777 0.2732 0.3562 0.0701 0.0283
290 0.0652 0.1219 0.2947 0.4355 0.0734 0.0091
291 0.0687 0.4338 0.1097 0.2869 0.0917 0.0092
292 0.1043 0.6694 0.0425 0.1278 0.0222 0.0336
293 0.0730 0.3511 0.0645 0.4236 0.0329 0.0551
294 0.0887 0.4067 0.0638 0.3372 0.0361 0.0674
295 0.1718 0.1127 0.1887 0.3694 0.0824 0.0751
