time exciting_prob fearful_prob tense_prob sad_prob relaxing_prob neutral_prob
0 0.1136 0.1553 0.1349 0.1288 0.0181 0.4492
1 0.7437 0.0072 0.0370 0.0547 0.1559 0.0017
2 0.2095 0.1087 0.1619 0.1462 0.3591 0.0146
3 0.4475 0.0041 0.0226 0.0337 0.4915 0.0008
4 0.5381 0.0037 0.0163 0.0256 0.4160 0.0004
5 0.5146 0.0027 0.0112 0.0235 0.4473 0.0005
6 0.8037 0.0124 0.0144 0.0902 0.0765 0.0026
7 0.8623 0.0152 0.0121 0.0494 0.0605 0.0007
8 0.5557 0.0794 0.1351 0.1682 0.0614 0.0002
9 0.4744 0.0684 0.1873 0.2189 0.0508 0.0002
10 0.4402 0.0736 0.1969 0.2339 0.0551 0.0003
11 0.1234 0.1072 0.2651 0.4045 0.0327 0.0671
12 0.1578 0.1268 0.2406 0.3557 0.0445 0.0745
13 0.1429 0.3323 0.2468 0.1864 0.0514 0.0403
14 0.3459 0.0574 0.1105 0.2234 0.2378 0.0251
15 0.3186 0.0387 0.0972 0.0278 0.5093 0.0084
16 0.3049 0.0821 0.1122 0.0297 0.4438 0.0273
17 0.3547 0.0531 0.1245 0.0136 0.4485 0.0056
18 0.1000 0.2534 0.1072 0.0561 0.4622 0.0211
19 0.2241 0.2277 0.0392 0.0452 0.4526 0.0112
20 0.2310 0.1771 0.0693 0.1515 0.3413 0.0296
21 0.1743 0.1975 0.0850 0.0767 0.4248 0.0417
22 0.2108 0.2837 0.0935 0.1201 0.2708 0.0214
23 0.0851 0.0537 0.0972 0.1268 0.6338 0.0033
24 0.2394 0.1807 0.1204 0.2213 0.2356 0.0026
25 0.2993 0.3367 0.1733 0.1482 0.0372 0.0052
26 0.2769 0.2900 0.1627 0.1918 0.0739 0.0046
27 0.2372 0.3318 0.1416 0.1416 0.1340 0.0138
28 0.2925 0.0387 0.1035 0.2073 0.2661 0.0920
29 0.3826 0.0765 0.1510 0.1658 0.1396 0.0847
30 0.3633 0.0291 0.0862 0.2152 0.2186 0.0876
31 0.2588 0.1105 0.3855 0.1498 0.0753 0.0201
32 0.7773 0.0135 0.1173 0.0110 0.0806 0.0004
33 0.0901 0.1213 0.1311 0.6255 0.0052 0.0268
34 0.3740 0.1080 0.2002 0.2472 0.0560 0.0144
35 0.4609 0.0789 0.0908 0.3096 0.0486 0.0114
36 0.4390 0.0769 0.1035 0.2747 0.0695 0.0363
37 0.0457 0.0615 0.1282 0.5928 0.1647 0.0070
38 0.0331 0.0475 0.7310 0.1373 0.0432 0.0081
39 0.3206 0.1479 0.0710 0.0289 0.4280 0.0037
40 0.1038 0.1364 0.3455 0.2629 0.1418 0.0097
41 0.0400 0.0306 0.3320 0.4756 0.1013 0.0206
42 0.2323 0.0924 0.1263 0.0754 0.3953 0.0784
43 0.1176 0.0300 0.1487 0.5107 0.1793 0.0136
44 0.0577 0.0764 0.1920 0.5059 0.0826 0.0852
45 0.0637 0.1359 0.2385 0.3582 0.1392 0.0647
46 0.0460 0.0406 0.5098 0.1965 0.1951 0.0119
47 0.0656 0.0587 0.2323 0.5747 0.0578 0.0107
48 0.0634 0.1094 0.2211 0.5732 0.0231 0.0096
49 0.0651 0.1537 0.4448 0.2168 0.0469 0.0726
50 0.1085 0.2125 0.3450 0.2563 0.0509 0.0268
51 0.0838 0.0558 0.2705 0.3875 0.1591 0.0435
52 0.0820 0.0951 0.4607 0.2335 0.0729 0.0559
53 0.0365 0.0476 0.4148 0.3777 0.1016 0.0220
54 0.0397 0.0216 0.2129 0.6455 0.0564 0.0237
55 0.0499 0.0726 0.3923 0.3516 0.0961 0.0376
56 0.0940 0.0646 0.1216 0.4888 0.1065 0.1245
57 0.0635 0.0556 0.2218 0.4480 0.1661 0.0450
58 0.0990 0.1582 0.5698 0.1510 0.0098 0.0122
59 0.4551 0.1796 0.1536 0.1477 0.0417 0.0223
60 0.4868 0.1028 0.1722 0.1394 0.0966 0.0021
61 0.4937 0.1459 0.1566 0.0950 0.0858 0.0231
62 0.3582 0.1172 0.1541 0.2189 0.1163 0.0355
63 0.0474 0.0712 0.3999 0.3315 0.1361 0.0138
64 0.1091 0.1009 0.3035 0.1246 0.3386 0.0232
65 0.0933 0.1226 0.2659 0.0682 0.4382 0.0118
66 0.2546 0.2391 0.1722 0.2212 0.0901 0.0228
67 0.4612 0.1406 0.0747 0.2954 0.0107 0.0175
68 0.3208 0.2365 0.2086 0.1143 0.1001 0.0197
69 0.2637 0.1549 0.2515 0.1898 0.1305 0.0097
70 0.1013 0.1343 0.1632 0.1750 0.3826 0.0436
71 0.4424 0.0303 0.1541 0.0787 0.2482 0.0463
72 0.4221 0.0851 0.3313 0.0576 0.0871 0.0169
73 0.1301 0.1429 0.0998 0.1620 0.3948 0.0703
74 0.1027 0.2856 0.2123 0.0825 0.2661 0.0508
75 0.2610 0.0307 0.3247 0.0587 0.2756 0.0494
76 0.3027 0.0670 0.2866 0.0350 0.2756 0.0329
77 0.4451 0.0602 0.2517 0.0876 0.1025 0.0528
78 0.4473 0.0498 0.1204 0.2394 0.1204 0.0230
79 0.3621 0.0397 0.1096 0.4578 0.0182 0.0126
80 0.3384 0.4050 0.1048 0.1410 0.0044 0.0065
81 0.0829 0.0523 0.2325 0.5322 0.0033 0.0969
82 0.0753 0.2339 0.4104 0.0605 0.1793 0.0406
83 0.0751 0.0604 0.0114 0.8203 0.0074 0.0256
84 0.0454 0.0737 0.1124 0.5278 0.2343 0.0064
85 0.1539 0.0160 0.1135 0.5498 0.0768 0.0898
86 0.1052 0.1289 0.0966 0.6396 0.0059 0.0240
87 0.1050 0.1786 0.1370 0.1871 0.3608 0.0315
88 0.1232 0.1037 0.1556 0.5693 0.0286 0.0195
89 0.0938 0.1038 0.1204 0.6406 0.0239 0.0173
90 0.0693 0.1048 0.0461 0.7446 0.0115 0.0237
91 0.2727 0.2993 0.0274 0.2903 0.0885 0.0219
92 0.2947 0.0994 0.1772 0.0812 0.3391 0.0085
93 0.0255 0.0388 0.0515 0.8706 0.0045 0.0091
94 0.0384 0.0632 0.1248 0.7407 0.0210 0.0119
95 0.0437 0.0434 0.1899 0.6948 0.0213 0.0069
96 0.1335 0.0811 0.2037 0.4924 0.0743 0.0148
97 0.3088 0.0399 0.0496 0.3113 0.2041 0.0864
98 0.0709 0.0211 0.1869 0.6943 0.0215 0.0050
99 0.0607 0.0588 0.1841 0.6733 0.0205 0.0026
100 0.1558 0.0453 0.0975 0.6455 0.0217 0.0342
101 0.2744 0.0775 0.3579 0.1180 0.1227 0.0492
102 0.1855 0.0437 0.2069 0.5283 0.0138 0.0216
103 0.0934 0.0673 0.0500 0.7231 0.0032 0.0627
104 0.1395 0.0735 0.0475 0.6455 0.0059 0.0880
105 0.1598 0.0829 0.2255 0.1927 0.1064 0.2325
106 0.2456 0.3716 0.1133 0.0704 0.1514 0.0476
107 0.2542 0.2878 0.1482 0.0652 0.1995 0.0452
108 0.3176 0.2003 0.1768 0.0784 0.1674 0.0597
109 0.2632 0.2612 0.2148 0.0984 0.1141 0.0483
110 0.1262 0.4172 0.1420 0.1781 0.0790 0.0574
111 0.2129 0.2196 0.1752 0.0670 0.0783 0.2469
112 0.1451 0.1582 0.2754 0.1385 0.1451 0.1375
113 0.1399 0.2068 0.2761 0.1882 0.1124 0.0767
114 0.1620 0.1533 0.2507 0.1807 0.1724 0.0808
115 0.0554 0.0825 0.1219 0.7124 0.0044 0.0234
116 0.0779 0.2020 0.0565 0.6421 0.0014 0.0203
117 0.5747 0.0725 0.0736 0.1633 0.0968 0.0192
118 0.6050 0.0442 0.0872 0.1360 0.1182 0.0095
119 0.1298 0.0751 0.1238 0.5859 0.0528 0.0328
120 0.1070 0.2468 0.2795 0.2161 0.1300 0.0204
121 0.0831 0.1641 0.2947 0.3638 0.0751 0.0193
122 0.1052 0.0489 0.1472 0.5962 0.0446 0.0581
123 0.3062 0.0891 0.0948 0.4817 0.0202 0.0080
124 0.1342 0.2390 0.3760 0.2177 0.0159 0.0172
125 0.0871 0.0363 0.2008 0.0396 0.6284 0.0078
126 0.2183 0.1273 0.3831 0.0676 0.1781 0.0259
127 0.1736 0.1921 0.2524 0.3118 0.0186 0.0513
128 0.2942 0.1650 0.4282 0.0744 0.0236 0.0145
129 0.1318 0.4192 0.1011 0.3164 0.0028 0.0287
130 0.1604 0.4568 0.1299 0.2369 0.0012 0.0148
131 0.1681 0.0943 0.5645 0.1155 0.0292 0.0283
132 0.0601 0.1740 0.3301 0.2737 0.0247 0.1376
133 0.3711 0.1047 0.4304 0.0731 0.0183 0.0022
134 0.4961 0.0661 0.3081 0.0737 0.0484 0.0077
135 0.4150 0.0580 0.2205 0.2365 0.0622 0.0080
136 0.0948 0.1613 0.3059 0.1885 0.0360 0.2136
137 0.1570 0.1808 0.4170 0.0423 0.0578 0.1453
138 0.1499 0.1925 0.3711 0.0475 0.0307 0.2081
139 0.3340 0.0751 0.3875 0.0554 0.1426 0.0055
140 0.4312 0.0836 0.3438 0.0773 0.0597 0.0045
141 0.1517 0.1259 0.4897 0.1426 0.0489 0.0412
142 0.1780 0.0419 0.1570 0.4072 0.1096 0.1063
143 0.3518 0.1090 0.2168 0.2595 0.0377 0.0253
144 0.2537 0.1189 0.1716 0.4053 0.0075 0.0431
145 0.2201 0.2052 0.1958 0.3357 0.0100 0.0332
146 0.1483 0.2059 0.1981 0.3369 0.0126 0.0981
147 0.1851 0.1232 0.2734 0.1453 0.1545 0.1185
148 0.2722 0.1002 0.2056 0.3901 0.0253 0.0066
149 0.2759 0.0510 0.2217 0.4077 0.0145 0.0291
150 0.3965 0.1528 0.1577 0.0632 0.1888 0.0408
151 0.1561 0.1754 0.1008 0.0437 0.5200 0.0042
152 0.1273 0.1243 0.0991 0.1014 0.5234 0.0245
153 0.1748 0.1027 0.1094 0.0679 0.5220 0.0235
154 0.1740 0.1583 0.1047 0.3274 0.2198 0.0157
155 0.2512 0.2200 0.1660 0.1097 0.2491 0.0040
156 0.2673 0.0376 0.2164 0.1022 0.3652 0.0111
157 0.3445 0.1517 0.2664 0.0700 0.1653 0.0022
158 0.2874 0.0732 0.1236 0.0515 0.4592 0.0049
159 0.1989 0.0574 0.0499 0.5845 0.1032 0.0060
160 0.2258 0.0787 0.1746 0.0657 0.4492 0.0062
161 0.1707 0.0493 0.1404 0.4031 0.0942 0.1426
162 0.2213 0.0345 0.2668 0.2842 0.0591 0.1342
163 0.2615 0.0424 0.3989 0.0985 0.0963 0.1024
164 0.1913 0.0291 0.2456 0.3357 0.1107 0.0876
165 0.2568 0.0329 0.3796 0.1418 0.1022 0.0867
166 0.2427 0.0285 0.3757 0.1426 0.0865 0.1239
167 0.1547 0.0605 0.1453 0.6211 0.0019 0.0166
168 0.2433 0.0923 0.0569 0.5835 0.0162 0.0078
169 0.3599 0.1477 0.1866 0.1205 0.1150 0.0703
170 0.1500 0.1768 0.3516 0.1882 0.0491 0.0842
171 0.1836 0.0203 0.5396 0.1167 0.0645 0.0754
172 0.3728 0.1694 0.2905 0.0326 0.1329 0.0017
173 0.3159 0.2347 0.1539 0.0145 0.2788 0.0020
174 0.1736 0.4197 0.1892 0.0915 0.1231 0.0028
175 0.3494 0.1256 0.2239 0.0310 0.2678 0.0022
176 0.2812 0.1318 0.2242 0.1339 0.2157 0.0130
177 0.2275 0.0360 0.4744 0.1917 0.0244 0.0462
178 0.5864 0.0546 0.1102 0.0256 0.1996 0.0237
179 0.0701 0.3728 0.4292 0.0900 0.0235 0.0143
180 0.2197 0.0379 0.4204 0.0197 0.2844 0.0179
181 0.2406 0.0558 0.3394 0.3188 0.0281 0.0173
182 0.3679 0.0724 0.2957 0.1194 0.1375 0.0069
183 0.1135 0.2054 0.2328 0.2598 0.1600 0.0285
184 0.1126 0.0978 0.6089 0.0824 0.0870 0.0115
185 0.2087 0.0641 0.3386 0.0048 0.3809 0.0027
186 0.1299 0.0609 0.4712 0.0086 0.3188 0.0105
187 0.1816 0.3501 0.1816 0.1760 0.1011 0.0096
188 0.0988 0.0852 0.7832 0.0147 0.0146 0.0035
189 0.3613 0.1554 0.3066 0.0745 0.0781 0.0242
190 0.1003 0.2856 0.3447 0.2123 0.0111 0.0459
191 0.4204 0.0867 0.2490 0.0534 0.0736 0.1168
192 0.4321 0.0470 0.2330 0.1963 0.0598 0.0318
193 0.4519 0.0755 0.2964 0.0779 0.0829 0.0155
194 0.0831 0.4636 0.3501 0.0637 0.0341 0.0052
195 0.1014 0.5234 0.3223 0.0284 0.0211 0.0034
196 0.2386 0.3640 0.3018 0.0545 0.0355 0.0058
197 0.1312 0.2129 0.5698 0.0332 0.0406 0.0123
198 0.1439 0.0345 0.0501 0.0329 0.7363 0.0021
199 0.1537 0.0177 0.0407 0.0773 0.6992 0.0113
200 0.1846 0.0497 0.0326 0.3586 0.3503 0.0242
201 0.4709 0.1127 0.0399 0.0474 0.3113 0.0178
202 0.1602 0.1815 0.1425 0.4744 0.0091 0.0323
203 0.1521 0.3914 0.3025 0.1185 0.0098 0.0258
204 0.1790 0.1761 0.2603 0.2644 0.0757 0.0445
205 0.1691 0.0756 0.0799 0.6187 0.0023 0.0545
206 0.3411 0.0447 0.2344 0.0925 0.2783 0.0088
207 0.2181 0.0506 0.1925 0.5229 0.0046 0.0111
208 0.2115 0.0687 0.0754 0.3892 0.2473 0.0078
209 0.0821 0.1632 0.0702 0.6660 0.0047 0.0137
210 0.1411 0.0191 0.1134 0.4700 0.2477 0.0085
211 0.0620 0.0938 0.1354 0.6660 0.0029 0.0400
212 0.5029 0.0686 0.1322 0.1054 0.1893 0.0017
213 0.2163 0.0923 0.2629 0.3538 0.0654 0.0093
214 0.1412 0.0836 0.3928 0.3108 0.0651 0.0064
215 0.1168 0.2472 0.2286 0.3711 0.0015 0.0348
216 0.1276 0.1959 0.2678 0.2678 0.1265 0.0143
217 0.1036 0.2668 0.2429 0.0741 0.3071 0.0056
218 0.0343 0.4116 0.1025 0.4248 0.0039 0.0229
219 0.0474 0.0663 0.0347 0.0303 0.8203 0.0008
220 0.0648 0.0493 0.0331 0.0304 0.8208 0.0019
221 0.3484 0.1375 0.0610 0.0376 0.4072 0.0082
222 0.1927 0.0368 0.2698 0.0327 0.4517 0.0164
223 0.3384 0.0362 0.2085 0.3716 0.0166 0.0287
224 0.3108 0.0414 0.3467 0.2382 0.0132 0.0499
225 0.3521 0.0359 0.2202 0.3306 0.0531 0.0080
226 0.1055 0.1954 0.1204 0.5396 0.0037 0.0353
227 0.1186 0.1866 0.1283 0.4917 0.0068 0.0681
228 0.4380 0.1898 0.1742 0.1561 0.0216 0.0202
229 0.0930 0.0881 0.1038 0.4507 0.2412 0.0231
230 0.1781 0.3379 0.0854 0.2131 0.1726 0.0128
231 0.3428 0.2932 0.0624 0.2712 0.0108 0.0196
232 0.1786 0.1266 0.1306 0.0516 0.4932 0.0194
233 0.1263 0.2148 0.1355 0.0842 0.4272 0.0118
234 0.2074 0.3726 0.0425 0.0717 0.2925 0.0134
235 0.2146 0.2776 0.0881 0.0847 0.3298 0.0053
236 0.3618 0.0517 0.1005 0.4197 0.0619 0.0042
237 0.1182 0.0906 0.0197 0.0590 0.6963 0.0163
238 0.1262 0.0506 0.0146 0.1453 0.6460 0.0171
239 0.0789 0.0482 0.0198 0.0510 0.7974 0.0047
240 0.2256 0.1515 0.2808 0.2786 0.0040 0.0598
241 0.0851 0.2316 0.3816 0.2075 0.0096 0.0845
242 0.1737 0.1658 0.3269 0.2776 0.0141 0.0419
243 0.1692 0.1481 0.3286 0.3262 0.0095 0.0185
244 0.1687 0.1377 0.4243 0.1868 0.0070 0.0755
245 0.1799 0.1827 0.4814 0.1401 0.0033 0.0124
246 0.1318 0.0209 0.0428 0.7832 0.0117 0.0096
247 0.1598 0.2253 0.1586 0.0932 0.3574 0.0056
248 0.1752 0.1865 0.1646 0.1476 0.3074 0.0188
249 0.3032 0.1399 0.1151 0.4111 0.0090 0.0216
250 0.1250 0.0782 0.1086 0.6152 0.0092 0.0638
251 0.1675 0.1324 0.1099 0.0932 0.4922 0.0047
252 0.3257 0.0352 0.0756 0.0232 0.5371 0.0032
253 0.5474 0.0846 0.0542 0.0172 0.2930 0.0035
254 0.4973 0.0438 0.3088 0.0663 0.0818 0.0021
255 0.7544 0.0403 0.1364 0.0568 0.0108 0.0015
256 0.0900 0.2952 0.4163 0.0958 0.0758 0.0268
257 0.1338 0.4705 0.2991 0.0315 0.0536 0.0115
258 0.0773 0.2052 0.0447 0.0080 0.6626 0.0023
259 0.0836 0.2554 0.0263 0.0108 0.6221 0.0021
260 0.2493 0.2803 0.0682 0.0437 0.3489 0.0098
261 0.1384 0.3193 0.0324 0.0691 0.4365 0.0042
262 0.0502 0.1659 0.0822 0.0953 0.5977 0.0089
263 0.2466 0.1174 0.0272 0.1086 0.4905 0.0098
264 0.3044 0.1438 0.0195 0.0467 0.4827 0.0030
265 0.3301 0.1022 0.0742 0.2377 0.2452 0.0106
266 0.1587 0.0151 0.0779 0.0507 0.6841 0.0133
267 0.1464 0.0123 0.0620 0.0479 0.7261 0.0057
268 0.0704 0.0421 0.1976 0.5542 0.0408 0.0948
269 0.0667 0.2764 0.2637 0.0993 0.2852 0.0088
270 0.4783 0.1075 0.2581 0.0627 0.0858 0.0076
271 0.4253 0.0762 0.2744 0.1704 0.0441 0.0095
272 0.0646 0.1065 0.5493 0.2053 0.0656 0.0085
273 0.8843 0.0427 0.0392 0.0167 0.0158 0.0011
274 0.5991 0.0532 0.0515 0.2274 0.0496 0.0193
275 0.4333 0.0379 0.1005 0.1908 0.2196 0.0179
276 0.3147 0.0998 0.4202 0.0895 0.0707 0.0051
277 0.0961 0.2019 0.2150 0.3381 0.1334 0.0153
278 0.1121 0.2690 0.2179 0.2338 0.1462 0.0211
279 0.0998 0.0718 0.2249 0.4473 0.1046 0.0518
280 0.1136 0.1553 0.1349 0.1288 0.0181 0.4492
281 0.1136 0.1553 0.1349 0.1288 0.0181 0.4492
282 0.1136 0.1553 0.1349 0.1288 0.0181 0.4492
