time exciting_prob fearful_prob tense_prob sad_prob relaxing_prob neutral_prob
0 0.1136 0.1553 0.1349 0.1288 0.0181 0.4492
1 0.0528 0.5767 0.1705 0.1692 0.0061 0.0247
2 0.0431 0.6792 0.1091 0.1552 0.0030 0.0106
3 0.0719 0.6309 0.1620 0.1242 0.0048 0.0063
4 0.1169 0.1107 0.5283 0.1040 0.0359 0.1040
5 0.1317 0.2024 0.4319 0.1127 0.0459 0.0756
6 0.0189 0.3674 0.2029 0.3972 0.0014 0.0120
7 0.0753 0.1631 0.5688 0.1147 0.0233 0.0546
8 0.1674 0.2034 0.4307 0.0592 0.0703 0.0692
9 0.0748 0.1971 0.5278 0.0671 0.0666 0.0666
10 0.0170 0.3340 0.3340 0.2996 0.0103 0.0050
11 0.0248 0.1382 0.6489 0.1591 0.0110 0.0179
12 0.0344 0.1541 0.6689 0.0637 0.0116 0.0673
13 0.0210 0.2269 0.5615 0.0790 0.0091 0.1023
14 0.0252 0.1027 0.4531 0.3420 0.0098 0.0673
15 0.0282 0.1141 0.7676 0.0286 0.0078 0.0535
16 0.0781 0.1247 0.6636 0.0884 0.0101 0.0349
17 0.0389 0.1236 0.7222 0.0836 0.0200 0.0115
18 0.0741 0.0867 0.4265 0.3323 0.0319 0.0486
19 0.2273 0.0531 0.0933 0.3059 0.0823 0.2382
20 0.0584 0.5327 0.2327 0.1479 0.0265 0.0018
21 0.0409 0.0908 0.6206 0.2079 0.0052 0.0345
22 0.0467 0.1804 0.1617 0.5557 0.0202 0.0350
23 0.0464 0.2163 0.1332 0.5698 0.0164 0.0179
24 0.0239 0.1343 0.2981 0.4268 0.0247 0.0923
25 0.0465 0.4143 0.4551 0.0676 0.0158 0.0005
26 0.1062 0.3977 0.3564 0.1261 0.0127 0.0007
27 0.1054 0.3796 0.3796 0.1038 0.0307 0.0009
28 0.1248 0.4460 0.1707 0.1844 0.0648 0.0093
29 0.0439 0.4834 0.2179 0.0113 0.2430 0.0004
30 0.2076 0.3879 0.2771 0.0628 0.0614 0.0032
31 0.2786 0.4382 0.2220 0.0167 0.0424 0.0023
32 0.0840 0.5142 0.3145 0.0457 0.0361 0.0056
33 0.0485 0.2925 0.5728 0.0313 0.0074 0.0474
34 0.1030 0.0909 0.2048 0.3223 0.0895 0.1895
35 0.0696 0.7490 0.1498 0.0185 0.0111 0.0021
36 0.3345 0.2544 0.1567 0.0449 0.2043 0.0052
37 0.4287 0.1403 0.1298 0.0238 0.2769 0.0008
38 0.0367 0.4827 0.3879 0.0246 0.0674 0.0008
39 0.3530 0.1592 0.1935 0.1279 0.1495 0.0169
40 0.3530 0.2026 0.2388 0.0658 0.1137 0.0262
41 0.3635 0.0971 0.2578 0.0818 0.1691 0.0305
42 0.2742 0.1401 0.4890 0.0523 0.0417 0.0027
43 0.5835 0.0853 0.1271 0.0654 0.0901 0.0486
44 0.2277 0.1627 0.3313 0.1627 0.0627 0.0528
45 0.1316 0.2576 0.1975 0.3867 0.0111 0.0152
46 0.4473 0.1938 0.1864 0.1407 0.0212 0.0105
47 0.0333 0.2073 0.4670 0.2462 0.0160 0.0301
48 0.3508 0.2266 0.3591 0.0116 0.0293 0.0224
49 0.5591 0.1962 0.1759 0.0553 0.0109 0.0028
50 0.7720 0.0413 0.0595 0.1139 0.0123 0.0008
51 0.1299 0.5215 0.2727 0.0576 0.0084 0.0097
52 0.0993 0.0773 0.1295 0.5044 0.0836 0.1057
53 0.0591 0.1765 0.2230 0.1087 0.0027 0.4299
54 0.1512 0.4016 0.4080 0.0317 0.0047 0.0027
55 0.2610 0.2047 0.4688 0.0286 0.0052 0.0319
56 0.4407 0.2959 0.0640 0.1263 0.0671 0.0060
57 0.1929 0.4246 0.2457 0.1024 0.0054 0.0289
58 0.2456 0.0565 0.1825 0.1040 0.0063 0.4050
59 0.1311 0.1038 0.1140 0.5229 0.0894 0.0391
60 0.1583 0.1511 0.3406 0.2198 0.0822 0.0479
61 0.0675 0.0840 0.5522 0.2413 0.0206 0.0342
62 0.0941 0.4668 0.2810 0.0774 0.0721 0.0086
63 0.5195 0.1622 0.0472 0.0797 0.1838 0.0074
64 0.6284 0.0545 0.0084 0.3040 0.0044 0.0000
65 0.7363 0.0415 0.0047 0.2126 0.0046 0.0000
66 0.1146 0.2563 0.2837 0.0633 0.2815 0.0008
67 0.4629 0.3521 0.0926 0.0351 0.0536 0.0038
68 0.5625 0.2896 0.0338 0.0811 0.0315 0.0017
69 0.4602 0.3906 0.0311 0.0567 0.0599 0.0016
70 0.3130 0.1611 0.0767 0.0461 0.3926 0.0107
71 0.1244 0.3545 0.3201 0.0579 0.1334 0.0097
72 0.1667 0.3315 0.4226 0.0187 0.0501 0.0103
73 0.0216 0.4734 0.3984 0.0862 0.0135 0.0069
74 0.1051 0.4822 0.2369 0.0757 0.0972 0.0028
75 0.1378 0.2362 0.3601 0.0280 0.2344 0.0036
76 0.1884 0.4961 0.0392 0.0597 0.2036 0.0129
77 0.3081 0.2783 0.0535 0.0189 0.3357 0.0056
78 0.7310 0.1533 0.0718 0.0168 0.0239 0.0031
79 0.2179 0.0990 0.1194 0.1053 0.4133 0.0450
80 0.1046 0.4575 0.3145 0.0426 0.0783 0.0025
81 0.0287 0.0811 0.0305 0.0081 0.8516 0.0001
82 0.5947 0.3062 0.0434 0.0181 0.0325 0.0053
83 0.0651 0.4414 0.1422 0.0374 0.3130 0.0008
84 0.1033 0.0333 0.0455 0.1469 0.0026 0.6685
85 0.1002 0.6689 0.2104 0.0066 0.0041 0.0100
86 0.1226 0.3333 0.3279 0.1514 0.0561 0.0089
87 0.1395 0.3733 0.2646 0.0326 0.1833 0.0066
88 0.0842 0.2869 0.1263 0.0447 0.4514 0.0063
89 0.0649 0.1697 0.1984 0.4133 0.0426 0.1113
90 0.6421 0.2477 0.0566 0.0296 0.0188 0.0051
91 0.4282 0.2328 0.1117 0.1885 0.0247 0.0141
92 0.1097 0.4172 0.2673 0.1047 0.0889 0.0120
93 0.3137 0.2225 0.0485 0.0086 0.4060 0.0006
94 0.2820 0.4951 0.1251 0.0432 0.0373 0.0172
95 0.1250 0.2228 0.0795 0.0740 0.4792 0.0195
96 0.3779 0.2039 0.0377 0.0196 0.3606 0.0005
97 0.3862 0.1714 0.2573 0.0523 0.0932 0.0395
98 0.0944 0.4907 0.1497 0.1892 0.0724 0.0037
99 0.2761 0.5156 0.1378 0.0263 0.0249 0.0191
100 0.3601 0.1927 0.1304 0.0984 0.1840 0.0343
101 0.1594 0.3977 0.2015 0.1396 0.0675 0.0342
102 0.3284 0.1703 0.3335 0.0144 0.1503 0.0031
103 0.3591 0.3401 0.0329 0.0314 0.2338 0.0026
104 0.2515 0.5801 0.1345 0.0131 0.0102 0.0106
105 0.2456 0.5278 0.1345 0.0249 0.0515 0.0155
106 0.4592 0.3577 0.0437 0.0817 0.0548 0.0029
107 0.2539 0.2462 0.1746 0.0949 0.1339 0.0964
108 0.2216 0.5396 0.0359 0.0587 0.1407 0.0034
109 0.2964 0.5283 0.1016 0.0227 0.0203 0.0305
110 0.1597 0.5933 0.1097 0.0401 0.0337 0.0635
111 0.1512 0.6670 0.1293 0.0200 0.0245 0.0078
112 0.2451 0.6309 0.0759 0.0119 0.0293 0.0068
113 0.1060 0.5464 0.2581 0.0405 0.0466 0.0023
114 0.3818 0.1642 0.1405 0.0262 0.2815 0.0058
115 0.1191 0.1437 0.3557 0.1288 0.1707 0.0819
116 0.0771 0.0262 0.7095 0.0359 0.1333 0.0180
117 0.2527 0.4792 0.1581 0.0342 0.0083 0.0674
118 0.2344 0.6079 0.1107 0.0133 0.0228 0.0110
119 0.2788 0.5332 0.1227 0.0160 0.0428 0.0066
120 0.1553 0.3235 0.1328 0.2500 0.0662 0.0722
121 0.0719 0.7979 0.0840 0.0364 0.0098 0.0001
122 0.2603 0.3340 0.1874 0.1948 0.0205 0.0030
123 0.5840 0.2360 0.1454 0.0261 0.0079 0.0006
124 0.5190 0.2510 0.1660 0.0269 0.0367 0.0001
125 0.4062 0.3396 0.1340 0.0965 0.0206 0.0030
126 0.3342 0.4392 0.1259 0.0806 0.0191 0.0011
127 0.1858 0.4670 0.3064 0.0306 0.0100 0.0001
128 0.0164 0.1447 0.0418 0.7700 0.0038 0.0236
129 0.3572 0.3713 0.2117 0.0152 0.0356 0.0089
130 0.2988 0.2477 0.0327 0.0444 0.3718 0.0046
131 0.2217 0.5234 0.1781 0.0253 0.0495 0.0019
132 0.4158 0.3289 0.1803 0.0384 0.0328 0.0038
133 0.4453 0.3523 0.1492 0.0424 0.0083 0.0026
134 0.1155 0.5957 0.1641 0.0438 0.0156 0.0653
135 0.5356 0.3433 0.0909 0.0137 0.0162 0.0002
136 0.2108 0.3877 0.2369 0.0432 0.1068 0.0147
137 0.1820 0.1697 0.5435 0.0724 0.0252 0.0071
138 0.5801 0.2255 0.0247 0.1152 0.0507 0.0038
139 0.4480 0.4958 0.0284 0.0175 0.0099 0.0002
140 0.1902 0.3442 0.3499 0.0818 0.0320 0.0019
141 0.1527 0.2170 0.4385 0.0912 0.0792 0.0212
142 0.6328 0.0071 0.0119 0.3232 0.0236 0.0016
143 0.1252 0.2032 0.3098 0.3403 0.0198 0.0016
144 0.2479 0.5630 0.1527 0.0234 0.0121 0.0006
145 0.1595 0.2017 0.1752 0.2529 0.1909 0.0197
146 0.3008 0.1610 0.3516 0.0731 0.1124 0.0011
147 0.0858 0.3340 0.1802 0.3755 0.0215 0.0030
148 0.1256 0.1083 0.2170 0.4741 0.0524 0.0225
149 0.1910 0.4204 0.1837 0.1158 0.0868 0.0021
150 0.1476 0.5190 0.2285 0.0443 0.0582 0.0024
151 0.4187 0.2367 0.1481 0.0942 0.1018 0.0006
152 0.3223 0.0847 0.1149 0.4651 0.0125 0.0007
153 0.1583 0.0394 0.2098 0.5791 0.0117 0.0014
154 0.1012 0.6396 0.1721 0.0638 0.0209 0.0023
155 0.2468 0.2607 0.3564 0.0685 0.0629 0.0047
156 0.0739 0.6484 0.2385 0.0207 0.0184 0.0002
157 0.1538 0.4773 0.1170 0.2438 0.0080 0.0000
158 0.2563 0.0794 0.1120 0.5425 0.0060 0.0035
159 0.3782 0.1626 0.1744 0.2681 0.0145 0.0020
160 0.0971 0.0627 0.4631 0.3037 0.0688 0.0045
161 0.3169 0.0807 0.4133 0.1509 0.0361 0.0019
162 0.0144 0.0817 0.6431 0.2517 0.0069 0.0024
163 0.1225 0.1466 0.2534 0.2615 0.2101 0.0060
164 0.2922 0.0622 0.3472 0.2703 0.0262 0.0018
165 0.6118 0.1852 0.1660 0.0181 0.0162 0.0028
166 0.1608 0.0975 0.6558 0.0703 0.0139 0.0016
167 0.2465 0.3115 0.3643 0.0297 0.0432 0.0048
168 0.2124 0.0711 0.4495 0.2522 0.0088 0.0060
169 0.0581 0.1484 0.5181 0.1906 0.0663 0.0186
170 0.0919 0.1305 0.4214 0.2988 0.0523 0.0051
171 0.0712 0.0770 0.4868 0.3093 0.0425 0.0132
172 0.2114 0.1940 0.1851 0.0596 0.3459 0.0040
173 0.6504 0.1582 0.0730 0.0151 0.0894 0.0139
174 0.2365 0.0986 0.1091 0.0503 0.5005 0.0051
175 0.1582 0.0342 0.0901 0.3735 0.3245 0.0193
176 0.4492 0.1993 0.2922 0.0346 0.0236 0.0009
177 0.0348 0.1206 0.6519 0.1345 0.0540 0.0039
178 0.2260 0.1298 0.4424 0.0734 0.1257 0.0026
179 0.3113 0.2139 0.1858 0.1209 0.0545 0.1136
180 0.3438 0.1959 0.3521 0.0779 0.0296 0.0007
181 0.0892 0.0481 0.0995 0.0449 0.7129 0.0055
182 0.2111 0.0288 0.6709 0.0629 0.0054 0.0209
183 0.1322 0.0937 0.1222 0.0475 0.6016 0.0028
184 0.2123 0.0858 0.1248 0.0500 0.5254 0.0015
185 0.1071 0.0909 0.2510 0.1063 0.4438 0.0008
186 0.0333 0.2622 0.2622 0.3936 0.0424 0.0064
187 0.2321 0.1685 0.4104 0.1487 0.0376 0.0029
188 0.3992 0.3181 0.1743 0.0298 0.0120 0.0667
189 0.7896 0.0460 0.0958 0.0550 0.0121 0.0018
190 0.4646 0.1061 0.2839 0.1271 0.0157 0.0025
191 0.3215 0.3423 0.1138 0.1028 0.0893 0.0302
192 0.4575 0.1984 0.2079 0.0248 0.1113 0.0002
193 0.4971 0.2876 0.1539 0.0177 0.0434 0.0004
194 0.6187 0.1277 0.2122 0.0247 0.0155 0.0012
195 0.4514 0.3831 0.1000 0.0539 0.0105 0.0010
196 0.0925 0.6270 0.2343 0.0161 0.0099 0.0205
197 0.1069 0.3218 0.3267 0.1749 0.0679 0.0019
198 0.1122 0.5972 0.1737 0.0916 0.0244 0.0011
199 0.0988 0.5425 0.2445 0.0406 0.0712 0.0023
200 0.0146 0.6001 0.3528 0.0274 0.0039 0.0013
201 0.1248 0.0485 0.1678 0.5859 0.0473 0.0257
202 0.0586 0.2430 0.5063 0.1384 0.0090 0.0443
203 0.4324 0.2465 0.0879 0.0950 0.1329 0.0053
204 0.6660 0.1752 0.0560 0.0195 0.0591 0.0241
205 0.1625 0.4590 0.1562 0.1170 0.0876 0.0177
206 0.2178 0.5186 0.1311 0.0342 0.0517 0.0468
207 0.3245 0.2954 0.0952 0.0880 0.1632 0.0337
208 0.5615 0.2510 0.0606 0.0291 0.0847 0.0133
209 0.1793 0.2888 0.4336 0.0158 0.0821 0.0005
210 0.1783 0.4771 0.0862 0.0671 0.1840 0.0072
211 0.4180 0.1990 0.1235 0.0677 0.1611 0.0307
212 0.5195 0.2634 0.0816 0.1254 0.0097 0.0003
213 0.5425 0.2542 0.0326 0.0452 0.1102 0.0153
214 0.2185 0.0869 0.0911 0.1389 0.3958 0.0688
215 0.2764 0.2274 0.1171 0.0863 0.2852 0.0077
216 0.1339 0.5952 0.2090 0.0220 0.0287 0.0109
217 0.4438 0.1487 0.3826 0.0135 0.0086 0.0027
218 0.2866 0.1233 0.4336 0.0909 0.0635 0.0021
219 0.1949 0.3584 0.2771 0.0988 0.0512 0.0196
220 0.1316 0.2556 0.3469 0.2136 0.0438 0.0084
221 0.1492 0.3110 0.2422 0.0323 0.2539 0.0116
222 0.0852 0.1804 0.1681 0.2446 0.3118 0.0099
223 0.3367 0.3091 0.3091 0.0204 0.0231 0.0018
224 0.1195 0.3171 0.4653 0.0703 0.0146 0.0132
225 0.0850 0.1639 0.4253 0.1075 0.2155 0.0028
226 0.3423 0.2427 0.0966 0.2996 0.0181 0.0008
227 0.3987 0.4177 0.1356 0.0185 0.0284 0.0012
228 0.3484 0.3679 0.2080 0.0231 0.0498 0.0030
229 0.1588 0.3694 0.2347 0.1401 0.0799 0.0170
230 0.3977 0.3650 0.1752 0.0176 0.0423 0.0022
231 0.0840 0.3708 0.3594 0.1464 0.0356 0.0037
232 0.1279 0.1775 0.6343 0.0375 0.0226 0.0001
233 0.1065 0.4519 0.3105 0.0856 0.0398 0.0058
234 0.2991 0.3635 0.2681 0.0178 0.0511 0.0004
235 0.3018 0.3965 0.2620 0.0107 0.0278 0.0013
236 0.1000 0.1663 0.0911 0.0662 0.5757 0.0006
237 0.2081 0.1487 0.1880 0.4438 0.0094 0.0019
238 0.0695 0.3669 0.4221 0.0845 0.0470 0.0100
239 0.4968 0.2460 0.1144 0.0402 0.0948 0.0080
240 0.3711 0.2050 0.3684 0.0154 0.0382 0.0018
241 0.1748 0.4062 0.3613 0.0248 0.0217 0.0111
242 0.3840 0.2681 0.2900 0.0042 0.0528 0.0009
243 0.1573 0.3057 0.3384 0.0947 0.0984 0.0053
244 0.2416 0.1809 0.4805 0.0518 0.0348 0.0105
245 0.3193 0.1848 0.2908 0.1520 0.0319 0.0212
246 0.1617 0.4001 0.4065 0.0164 0.0124 0.0028
247 0.2401 0.5005 0.2256 0.0121 0.0211 0.0007
248 0.2251 0.1647 0.3711 0.1334 0.0742 0.0314
249 0.5000 0.1367 0.1478 0.0099 0.2052 0.0004
250 0.1562 0.1798 0.4592 0.1179 0.0850 0.0019
251 0.2585 0.4719 0.1532 0.0573 0.0586 0.0006
252 0.1144 0.3184 0.3750 0.1871 0.0042 0.0009
253 0.1476 0.3540 0.4075 0.0650 0.0146 0.0113
254 0.0992 0.3601 0.4414 0.0626 0.0211 0.0155
255 0.1830 0.3367 0.3391 0.0831 0.0576 0.0006
256 0.5176 0.1329 0.0609 0.2769 0.0116 0.0002
257 0.2891 0.2341 0.3005 0.1252 0.0450 0.0059
258 0.4797 0.1835 0.2820 0.0079 0.0460 0.0010
259 0.5386 0.2485 0.0475 0.1495 0.0139 0.0018
260 0.4319 0.3337 0.1978 0.0213 0.0152 0.0001
261 0.3538 0.1242 0.4404 0.0233 0.0551 0.0032
262 0.5024 0.3647 0.0814 0.0353 0.0158 0.0003
263 0.4663 0.3689 0.1065 0.0404 0.0171 0.0010
264 0.1913 0.1197 0.3833 0.2134 0.0917 0.0007
265 0.2551 0.2803 0.4014 0.0161 0.0436 0.0035
266 0.5718 0.1743 0.1066 0.0125 0.1348 0.0002
267 0.6167 0.1195 0.1595 0.0137 0.0902 0.0005
268 0.2632 0.3276 0.0382 0.0211 0.3486 0.0013
269 0.4045 0.3542 0.0314 0.0146 0.1941 0.0013
270 0.4102 0.4399 0.0887 0.0367 0.0217 0.0027
271 0.3743 0.0457 0.0931 0.1687 0.1610 0.1572
272 0.2922 0.4287 0.1034 0.0603 0.0787 0.0366
273 0.3540 0.4546 0.1224 0.0179 0.0376 0.0133
274 0.1407 0.1658 0.4651 0.1533 0.0241 0.0510
275 0.5693 0.2393 0.0741 0.0214 0.0952 0.0007
276 0.5400 0.1609 0.1159 0.1377 0.0367 0.0087
277 0.5894 0.0970 0.0557 0.2290 0.0273 0.0017
278 0.5967 0.2014 0.0735 0.1045 0.0230 0.0008
279 0.4429 0.2859 0.2389 0.0056 0.0268 0.0001
280 0.5591 0.1360 0.2705 0.0160 0.0165 0.0020
281 0.0541 0.2903 0.3367 0.0567 0.2581 0.0043
282 0.3408 0.3252 0.2473 0.0374 0.0457 0.0037
283 0.0531 0.5796 0.2493 0.0803 0.0367 0.0011
284 0.0861 0.6265 0.2378 0.0163 0.0332 0.0002
285 0.4009 0.2163 0.3171 0.0269 0.0370 0.0019
286 0.3093 0.2930 0.2467 0.0866 0.0546 0.0096
287 0.3823 0.3823 0.1968 0.0160 0.0217 0.0007
288 0.5894 0.2186 0.0480 0.0232 0.1170 0.0036
289 0.4888 0.2152 0.2327 0.0064 0.0557 0.0013
290 0.2617 0.2137 0.1758 0.0118 0.3311 0.0059
291 0.4729 0.3005 0.0655 0.1088 0.0464 0.0059
292 0.2893 0.1197 0.3384 0.1661 0.0791 0.0074
293 0.1633 0.2590 0.5439 0.0059 0.0269 0.0010
294 0.5562 0.1095 0.2688 0.0277 0.0373 0.0008
295 0.5024 0.2063 0.1737 0.0231 0.0930 0.0013
296 0.3953 0.2455 0.2551 0.0273 0.0749 0.0018
297 0.3262 0.5771 0.0369 0.0283 0.0316 0.0002
298 0.6987 0.0931 0.1150 0.0099 0.0828 0.0002
299 0.5938 0.1549 0.1378 0.0386 0.0743 0.0003
300 0.6299 0.1417 0.1428 0.0145 0.0707 0.0002
301 0.9136 0.0243 0.0301 0.0093 0.0222 0.0006
302 0.8394 0.0247 0.1218 0.0031 0.0105 0.0007
303 0.3857 0.0692 0.0784 0.2778 0.0534 0.1354
304 0.7095 0.2181 0.0076 0.0359 0.0226 0.0061
305 0.5400 0.3599 0.0083 0.0373 0.0317 0.0226
306 0.7734 0.0587 0.0024 0.1387 0.0198 0.0072
307 0.5469 0.0133 0.0007 0.4326 0.0027 0.0038
308 0.5059 0.1669 0.1748 0.1240 0.0159 0.0125
309 0.5034 0.1660 0.1766 0.1252 0.0161 0.0127
310 0.6118 0.1986 0.1522 0.0260 0.0093 0.0021
311 0.6118 0.1986 0.1522 0.0260 0.0093 0.0021
312 0.6118 0.1986 0.1522 0.0260 0.0093 0.0021
313 0.6118 0.1986 0.1522 0.0260 0.0093 0.0021
314 0.6118 0.1986 0.1522 0.0260 0.0093 0.0021
315 0.6133 0.1991 0.1503 0.0257 0.0093 0.0020
316 0.6157 0.1968 0.1509 0.0256 0.0092 0.0020
317 0.6157 0.1968 0.1509 0.0256 0.0092 0.0020
