time exciting_prob fearful_prob tense_prob sad_prob relaxing_prob neutral_prob
0 0.0439 0.1998 0.2195 0.4434 0.0062 0.0873
1 0.2322 0.2715 0.1633 0.0243 0.2017 0.1071
2 0.0396 0.7822 0.1666 0.0022 0.0070 0.0023
3 0.1455 0.3955 0.2915 0.0060 0.1367 0.0247
4 0.1750 0.0908 0.3647 0.2355 0.1241 0.0097
5 0.2284 0.0881 0.4009 0.2214 0.0534 0.0078
6 0.1534 0.0565 0.3052 0.3301 0.1333 0.0216
7 0.0819 0.6963 0.1874 0.0091 0.0193 0.0059
8 0.3152 0.0293 0.4446 0.1356 0.0687 0.0067
9 0.1311 0.6157 0.1953 0.0028 0.0416 0.0136
10 0.2822 0.4692 0.1852 0.0031 0.0416 0.0186
11 0.6104 0.0997 0.1804 0.0542 0.0521 0.0030
12 0.6367 0.0487 0.2551 0.0201 0.0382 0.0010
13 0.2238 0.4629 0.1422 0.0082 0.1152 0.0476
14 0.2922 0.4219 0.0934 0.0045 0.1652 0.0229
15 0.3076 0.0803 0.2434 0.2673 0.0314 0.0698
16 0.2563 0.2708 0.3560 0.0043 0.1061 0.0064
17 0.4070 0.1222 0.3762 0.0394 0.0497 0.0055
18 0.2191 0.5864 0.1309 0.0015 0.0525 0.0097
19 0.3123 0.1046 0.3767 0.1453 0.0560 0.0051
20 0.2363 0.2595 0.2964 0.0213 0.1770 0.0096
21 0.3396 0.0690 0.4360 0.0563 0.0695 0.0294
22 0.1260 0.4680 0.2045 0.0595 0.1362 0.0057
23 0.0631 0.5005 0.3386 0.0068 0.0672 0.0240
24 0.0534 0.6611 0.2712 0.0015 0.0066 0.0062
25 0.1844 0.1995 0.4158 0.0545 0.0806 0.0652
26 0.3330 0.1729 0.3657 0.0293 0.0955 0.0035
27 0.3972 0.2045 0.1270 0.0054 0.2335 0.0326
28 0.0924 0.2959 0.3921 0.1097 0.0086 0.1014
29 0.0551 0.4651 0.3567 0.0724 0.0193 0.0312
30 0.1713 0.6616 0.1377 0.0015 0.0185 0.0093
31 0.4165 0.3269 0.1461 0.0020 0.1013 0.0074
32 0.1405 0.2158 0.6196 0.0041 0.0114 0.0085
33 0.4702 0.2169 0.2119 0.0017 0.0911 0.0081
34 0.4592 0.2102 0.2152 0.0122 0.0786 0.0247
35 0.3760 0.2793 0.2262 0.0093 0.0958 0.0135
36 0.0950 0.4260 0.2974 0.0207 0.1372 0.0237
37 0.1840 0.4556 0.2939 0.0044 0.0540 0.0081
38 0.3103 0.2435 0.2455 0.0079 0.1796 0.0132
39 0.0900 0.4792 0.3789 0.0144 0.0224 0.0150
40 0.1504 0.5249 0.2404 0.0303 0.0352 0.0185
41 0.1166 0.1212 0.6152 0.0801 0.0525 0.0141
42 0.3665 0.2170 0.2898 0.0130 0.0956 0.0181
43 0.2330 0.3364 0.3525 0.0073 0.0558 0.0147
44 0.1824 0.3599 0.2737 0.0216 0.1421 0.0203
45 0.4014 0.2695 0.2050 0.0040 0.1097 0.0105
46 0.1526 0.2656 0.5200 0.0218 0.0346 0.0053
47 0.5640 0.2881 0.0832 0.0055 0.0512 0.0079
48 0.2247 0.6816 0.0526 0.0036 0.0273 0.0103
49 0.5635 0.2332 0.0734 0.0086 0.1163 0.0051
50 0.4863 0.3240 0.0879 0.0112 0.0813 0.0093
51 0.4578 0.2527 0.2301 0.0241 0.0279 0.0075
52 0.4399 0.2393 0.2649 0.0342 0.0133 0.0084
53 0.1370 0.1306 0.4780 0.1992 0.0452 0.0100
54 0.1354 0.4578 0.2957 0.0783 0.0302 0.0026
55 0.1963 0.1772 0.2620 0.1127 0.0799 0.1719
56 0.4229 0.2212 0.2046 0.0075 0.1342 0.0097
57 0.2898 0.1799 0.3416 0.0360 0.1058 0.0469
58 0.2502 0.0973 0.2666 0.1748 0.0674 0.1438
59 0.4583 0.3740 0.1072 0.0150 0.0359 0.0096
60 0.1304 0.1781 0.3127 0.2019 0.1072 0.0698
61 0.1973 0.0797 0.3572 0.2961 0.0255 0.0440
62 0.2194 0.5181 0.2246 0.0193 0.0107 0.0080
63 0.3167 0.4644 0.1847 0.0150 0.0145 0.0046
64 0.4504 0.3677 0.1281 0.0162 0.0300 0.0076
65 0.4146 0.4246 0.1284 0.0092 0.0177 0.0056
66 0.4434 0.1907 0.2178 0.0691 0.0696 0.0093
67 0.3511 0.3352 0.1970 0.0353 0.0703 0.0112
68 0.1472 0.1299 0.3701 0.2280 0.1028 0.0220
69 0.1242 0.1571 0.2981 0.3826 0.0122 0.0258
70 0.4746 0.3237 0.1145 0.0481 0.0262 0.0130
71 0.2070 0.1337 0.3308 0.2617 0.0480 0.0187
72 0.2771 0.4604 0.1775 0.0306 0.0355 0.0190
73 0.3484 0.4836 0.1157 0.0160 0.0312 0.0052
74 0.3684 0.2115 0.1824 0.1141 0.0583 0.0655
75 0.3242 0.2043 0.3503 0.0770 0.0238 0.0202
76 0.3494 0.3308 0.1991 0.0584 0.0492 0.0130
77 0.3171 0.3428 0.1510 0.0506 0.1343 0.0043
78 0.1049 0.2496 0.2152 0.0165 0.4116 0.0021
79 0.2147 0.1511 0.1794 0.0056 0.4475 0.0016
80 0.0547 0.0200 0.0854 0.0031 0.8354 0.0012
81 0.1826 0.4888 0.1841 0.0102 0.1335 0.0009
82 0.0789 0.0153 0.1281 0.0103 0.7603 0.0074
83 0.2083 0.3252 0.3127 0.0088 0.1432 0.0021
84 0.1187 0.0823 0.5620 0.1421 0.0939 0.0009
85 0.0403 0.0065 0.0400 0.0061 0.9038 0.0031
86 0.0543 0.0110 0.0645 0.0162 0.8433 0.0109
87 0.4160 0.0648 0.2563 0.0833 0.1748 0.0047
88 0.1021 0.1250 0.4197 0.0173 0.3320 0.0041
89 0.4512 0.0945 0.1808 0.0085 0.2610 0.0039
90 0.5542 0.0792 0.1813 0.0040 0.1799 0.0014
91 0.5811 0.0451 0.1492 0.0031 0.2205 0.0011
92 0.0859 0.0244 0.1281 0.0222 0.7251 0.0143
93 0.3518 0.1422 0.2576 0.0287 0.2185 0.0013
94 0.2957 0.1765 0.3196 0.0018 0.2064 0.0001
95 0.3406 0.1187 0.3799 0.0023 0.1584 0.0001
96 0.1957 0.0946 0.2695 0.0060 0.4307 0.0034
97 0.1051 0.0341 0.0812 0.0025 0.7769 0.0003
98 0.1315 0.0932 0.2253 0.0043 0.5449 0.0010
99 0.3152 0.1377 0.1225 0.0022 0.4209 0.0013
100 0.1003 0.0478 0.4863 0.3240 0.0186 0.0231
101 0.2534 0.0823 0.2964 0.0077 0.3574 0.0027
102 0.2311 0.1266 0.3579 0.0269 0.2556 0.0019
103 0.2458 0.1316 0.2186 0.0083 0.3928 0.0027
104 0.0924 0.5444 0.2825 0.0032 0.0760 0.0016
105 0.2162 0.1737 0.4436 0.0100 0.1558 0.0007
106 0.0357 0.3081 0.0992 0.0303 0.5239 0.0026
107 0.5415 0.0162 0.1171 0.2153 0.0421 0.0677
108 0.3376 0.0204 0.0867 0.4336 0.0443 0.0771
109 0.2308 0.1943 0.3748 0.0157 0.1770 0.0075
110 0.7192 0.0217 0.1036 0.0900 0.0629 0.0023
111 0.2756 0.3950 0.1409 0.0143 0.1713 0.0029
112 0.3406 0.3655 0.0868 0.0049 0.2003 0.0019
113 0.3826 0.1223 0.1632 0.0038 0.3247 0.0036
114 0.1851 0.2800 0.2957 0.0068 0.2268 0.0055
115 0.2576 0.1677 0.4629 0.0048 0.1001 0.0068
116 0.4358 0.1298 0.2502 0.0073 0.1641 0.0129
117 0.1361 0.0599 0.0746 0.0029 0.7246 0.0018
118 0.1447 0.2559 0.1083 0.0041 0.4819 0.0050
119 0.3906 0.1220 0.2108 0.0073 0.2603 0.0090
120 0.2261 0.0845 0.2522 0.0151 0.3967 0.0254
121 0.0889 0.0506 0.3569 0.3301 0.1196 0.0539
122 0.0570 0.3438 0.5239 0.0255 0.0234 0.0263
123 0.2866 0.1140 0.3352 0.2001 0.0233 0.0406
124 0.2493 0.0737 0.3625 0.2200 0.0232 0.0714
125 0.4312 0.1974 0.1624 0.0876 0.0933 0.0280
126 0.2284 0.2649 0.3855 0.0464 0.0502 0.0246
127 0.5518 0.2229 0.0981 0.0478 0.0542 0.0254
128 0.3093 0.0297 0.4790 0.1508 0.0252 0.0061
129 0.2715 0.2303 0.4075 0.0601 0.0258 0.0049
130 0.2703 0.3872 0.2876 0.0157 0.0285 0.0107
131 0.1683 0.2336 0.4365 0.1070 0.0264 0.0281
132 0.5693 0.2161 0.0664 0.0057 0.1373 0.0055
133 0.2703 0.4636 0.1918 0.0112 0.0512 0.0120
134 0.2225 0.4358 0.2426 0.0369 0.0438 0.0186
135 0.3337 0.2349 0.3364 0.0063 0.0851 0.0035
136 0.2920 0.2498 0.2942 0.1049 0.0220 0.0371
137 0.2460 0.3037 0.2854 0.0956 0.0352 0.0341
138 0.1017 0.0941 0.3840 0.2681 0.1135 0.0383
139 0.2283 0.2429 0.3677 0.0284 0.1281 0.0048
140 0.2932 0.4541 0.1301 0.0047 0.1149 0.0029
141 0.1168 0.3149 0.2115 0.1344 0.2065 0.0157
142 0.0784 0.4727 0.2250 0.0475 0.1686 0.0078
143 0.2416 0.3030 0.3076 0.0903 0.0359 0.0216
144 0.0456 0.6104 0.2625 0.0135 0.0653 0.0030
145 0.1698 0.2097 0.3857 0.0790 0.1511 0.0046
146 0.1396 0.5312 0.1821 0.0071 0.1343 0.0054
147 0.0759 0.3147 0.2197 0.0582 0.3196 0.0117
148 0.0757 0.5425 0.3318 0.0270 0.0180 0.0050
149 0.2025 0.2406 0.4355 0.0294 0.0899 0.0020
150 0.1091 0.2308 0.3359 0.1467 0.1490 0.0284
151 0.1729 0.3281 0.3660 0.0271 0.1032 0.0027
152 0.1115 0.7046 0.1234 0.0175 0.0376 0.0054
153 0.2023 0.2458 0.3308 0.0528 0.1664 0.0018
154 0.1930 0.3748 0.3633 0.0414 0.0117 0.0158
155 0.1175 0.1166 0.3975 0.0551 0.2908 0.0228
156 0.1849 0.2230 0.2776 0.0559 0.2507 0.0079
157 0.2959 0.2268 0.2130 0.0179 0.2415 0.0051
158 0.0731 0.6514 0.2181 0.0201 0.0216 0.0156
159 0.2549 0.1686 0.2778 0.0875 0.2032 0.0079
160 0.2460 0.1976 0.2703 0.0694 0.2056 0.0112
161 0.2070 0.2942 0.2383 0.0434 0.2136 0.0035
162 0.0244 0.5698 0.3621 0.0342 0.0072 0.0024
163 0.1499 0.2959 0.3052 0.0815 0.1621 0.0056
164 0.3027 0.2979 0.1738 0.0079 0.2163 0.0014
165 0.2267 0.3826 0.1835 0.0624 0.1261 0.0188
166 0.2372 0.2773 0.1847 0.1555 0.1427 0.0027
167 0.1484 0.3193 0.3562 0.1270 0.0373 0.0118
168 0.2240 0.1744 0.1638 0.2788 0.1564 0.0027
169 0.4272 0.1304 0.1674 0.1243 0.1443 0.0064
170 0.1929 0.0897 0.2515 0.1562 0.2852 0.0245
171 0.3762 0.0936 0.2144 0.0759 0.2281 0.0117
172 0.3926 0.2495 0.1755 0.0338 0.1410 0.0077
173 0.3721 0.0598 0.1652 0.1786 0.2087 0.0155
174 0.1678 0.2089 0.2683 0.0751 0.2766 0.0032
175 0.1242 0.1821 0.2588 0.2113 0.1725 0.0510
176 0.1825 0.2134 0.3804 0.1477 0.0427 0.0335
177 0.1802 0.1163 0.4390 0.0580 0.1979 0.0087
178 0.2690 0.1045 0.2162 0.2488 0.1417 0.0198
179 0.0963 0.3335 0.3086 0.2056 0.0484 0.0076
180 0.1218 0.3811 0.1267 0.0227 0.3418 0.0059
181 0.4429 0.0674 0.2371 0.1847 0.0513 0.0166
182 0.3955 0.2761 0.1702 0.0280 0.1255 0.0048
183 0.2925 0.2350 0.3813 0.0435 0.0441 0.0037
184 0.1268 0.2524 0.5220 0.0285 0.0432 0.0272
185 0.2834 0.2622 0.2463 0.0920 0.0892 0.0268
186 0.1268 0.4531 0.2483 0.0825 0.0700 0.0194
187 0.0534 0.7666 0.1375 0.0059 0.0342 0.0024
188 0.1863 0.3792 0.3562 0.0217 0.0425 0.0140
189 0.1592 0.1279 0.4534 0.1592 0.0907 0.0096
190 0.2094 0.1605 0.3293 0.1936 0.0886 0.0187
191 0.2330 0.4287 0.2725 0.0131 0.0500 0.0028
192 0.0856 0.4282 0.3037 0.1218 0.0462 0.0144
193 0.0317 0.6875 0.2164 0.0429 0.0197 0.0016
194 0.2532 0.4514 0.2051 0.0391 0.0312 0.0200
195 0.1892 0.1384 0.5391 0.0936 0.0323 0.0075
196 0.2595 0.2496 0.3521 0.0540 0.0767 0.0081
197 0.1780 0.3918 0.1837 0.0039 0.2415 0.0011
198 0.1326 0.3838 0.3083 0.0451 0.1099 0.0203
199 0.0746 0.5596 0.1818 0.1085 0.0470 0.0283
200 0.1180 0.4248 0.1930 0.0484 0.1842 0.0315
201 0.0524 0.6685 0.2170 0.0175 0.0380 0.0066
202 0.1519 0.3315 0.2108 0.0220 0.2625 0.0214
203 0.1707 0.1003 0.0770 0.2996 0.0529 0.2996
204 0.4929 0.3335 0.0504 0.0213 0.0963 0.0056
205 0.4961 0.3306 0.0507 0.0211 0.0962 0.0055
206 0.4905 0.3372 0.0501 0.0211 0.0958 0.0054
207 0.4937 0.3340 0.0504 0.0210 0.0957 0.0054
208 0.4937 0.3340 0.0504 0.0210 0.0957 0.0054
209 0.4937 0.3340 0.0504 0.0210 0.0957 0.0054
210 0.5093 0.3289 0.0455 0.0187 0.0934 0.0044
211 0.5093 0.3289 0.0455 0.0187 0.0934 0.0044
212 0.5093 0.3289 0.0455 0.0187 0.0934 0.0044
213 0.5093 0.3289 0.0455 0.0187 0.0934 0.0044
214 0.5093 0.3289 0.0455 0.0187 0.0934 0.0044
215 0.5093 0.3289 0.0452 0.0187 0.0935 0.0043
216 0.5098 0.3291 0.0452 0.0190 0.0928 0.0044
217 0.5098 0.3291 0.0452 0.0190 0.0928 0.0044
218 0.3101 0.3513 0.0483 0.0692 0.1149 0.1063
