time exciting_prob fearful_prob tense_prob sad_prob relaxing_prob neutral_prob
0 0.1136 0.1553 0.1349 0.1288 0.0181 0.4492
1 0.1136 0.1553 0.1349 0.1288 0.0181 0.4492
2 0.0661 0.0749 0.7686 0.0810 0.0075 0.0020
3 0.0638 0.0554 0.8271 0.0467 0.0055 0.0013
4 0.0842 0.2341 0.1660 0.3801 0.1313 0.0041
5 0.1305 0.3745 0.1245 0.2344 0.1324 0.0036
6 0.0211 0.0645 0.4075 0.4011 0.1047 0.0010
7 0.0476 0.0621 0.7808 0.1024 0.0048 0.0021
8 0.0418 0.0405 0.7646 0.1459 0.0051 0.0021
9 0.0362 0.0561 0.7861 0.1151 0.0041 0.0023
10 0.0763 0.1318 0.2971 0.4460 0.0425 0.0061
11 0.0736 0.3147 0.1582 0.3196 0.1232 0.0104
12 0.1096 0.2629 0.1475 0.4072 0.0624 0.0104
13 0.0885 0.5420 0.1707 0.1578 0.0375 0.0034
14 0.0953 0.5747 0.1262 0.1699 0.0317 0.0022
15 0.0251 0.1188 0.5410 0.3035 0.0085 0.0033
16 0.0301 0.1003 0.1846 0.6646 0.0156 0.0047
17 0.0440 0.2305 0.2695 0.4045 0.0506 0.0010
18 0.0331 0.3318 0.1111 0.4604 0.0529 0.0106
19 0.0770 0.1210 0.3396 0.4160 0.0435 0.0030
20 0.0341 0.0781 0.2444 0.5679 0.0711 0.0043
21 0.0545 0.1019 0.3445 0.4785 0.0174 0.0031
22 0.1167 0.1407 0.5229 0.1895 0.0197 0.0104
23 0.0386 0.2006 0.1091 0.6084 0.0315 0.0120
24 0.0241 0.0815 0.1699 0.7153 0.0046 0.0044
25 0.0235 0.0615 0.3430 0.5566 0.0116 0.0039
26 0.0654 0.5225 0.1497 0.2468 0.0119 0.0037
27 0.0172 0.1147 0.4133 0.4331 0.0125 0.0091
28 0.0193 0.1462 0.3245 0.4949 0.0080 0.0072
29 0.0297 0.0999 0.3223 0.5151 0.0082 0.0249
30 0.0301 0.1051 0.4636 0.3784 0.0095 0.0134
31 0.0555 0.1292 0.5439 0.2339 0.0254 0.0121
32 0.2002 0.0692 0.1713 0.3513 0.0809 0.1272
33 0.0233 0.2047 0.0827 0.4265 0.2507 0.0120
34 0.0183 0.0618 0.0900 0.2124 0.5864 0.0311
35 0.0281 0.0158 0.0233 0.5923 0.3271 0.0135
36 0.0254 0.0452 0.1788 0.5508 0.1964 0.0033
37 0.0765 0.1323 0.1262 0.3076 0.3379 0.0195
38 0.0597 0.4346 0.2325 0.2325 0.0395 0.0012
39 0.4329 0.2428 0.1819 0.1250 0.0108 0.0066
40 0.0353 0.3735 0.2266 0.2864 0.0189 0.0591
41 0.0133 0.1495 0.1472 0.6196 0.0355 0.0349
42 0.0157 0.4243 0.4111 0.1273 0.0147 0.0068
43 0.0153 0.2935 0.3596 0.3223 0.0081 0.0012
44 0.1505 0.4937 0.1802 0.0972 0.0618 0.0165
45 0.0605 0.0264 0.5396 0.2250 0.1185 0.0300
46 0.0103 0.1090 0.3806 0.4885 0.0041 0.0074
47 0.0151 0.1587 0.5044 0.3154 0.0036 0.0028
48 0.0196 0.2708 0.5645 0.1405 0.0005 0.0044
49 0.0172 0.1705 0.7178 0.0884 0.0010 0.0050
50 0.0215 0.3035 0.6035 0.0677 0.0003 0.0036
51 0.0134 0.2793 0.6494 0.0550 0.0003 0.0027
52 0.0181 0.2786 0.6274 0.0738 0.0003 0.0016
53 0.0815 0.3828 0.1925 0.3125 0.0249 0.0060
54 0.0729 0.2625 0.2666 0.3645 0.0237 0.0096
55 0.0257 0.2252 0.6221 0.1115 0.0092 0.0063
56 0.0350 0.2113 0.6113 0.1261 0.0076 0.0086
57 0.0226 0.2971 0.5381 0.1278 0.0102 0.0044
58 0.0161 0.4558 0.3960 0.1266 0.0032 0.0023
59 0.0170 0.3867 0.3362 0.2498 0.0053 0.0051
60 0.0227 0.2871 0.2494 0.4177 0.0136 0.0095
61 0.0961 0.1489 0.4731 0.2532 0.0038 0.0249
62 0.0734 0.1948 0.3875 0.3213 0.0059 0.0172
63 0.0975 0.0990 0.5269 0.2064 0.0072 0.0629
64 0.0502 0.0692 0.6460 0.2065 0.0049 0.0230
65 0.0596 0.0639 0.6406 0.1864 0.0104 0.0391
66 0.0479 0.0923 0.6719 0.1647 0.0066 0.0167
67 0.0492 0.0642 0.6797 0.1801 0.0051 0.0217
68 0.0520 0.2172 0.5132 0.2073 0.0013 0.0092
69 0.1192 0.0493 0.3909 0.3044 0.0189 0.1174
70 0.0163 0.1346 0.6528 0.1930 0.0006 0.0027
71 0.0305 0.0405 0.4419 0.4023 0.0069 0.0780
72 0.2244 0.0782 0.4001 0.2544 0.0152 0.0279
73 0.0148 0.1102 0.3088 0.5596 0.0046 0.0021
74 0.0164 0.1159 0.6265 0.2269 0.0108 0.0035
75 0.0090 0.1760 0.4937 0.3137 0.0041 0.0035
76 0.0490 0.1022 0.5610 0.2734 0.0130 0.0011
77 0.0273 0.1023 0.4958 0.3354 0.0162 0.0228
78 0.1331 0.2646 0.1289 0.4431 0.0159 0.0144
79 0.0909 0.3711 0.4338 0.0895 0.0052 0.0097
80 0.0980 0.1182 0.0613 0.6909 0.0250 0.0069
81 0.2502 0.2041 0.1692 0.3696 0.0048 0.0021
82 0.0864 0.1653 0.2812 0.4495 0.0126 0.0051
83 0.1193 0.1472 0.5059 0.2076 0.0074 0.0125
84 0.0851 0.4497 0.1035 0.3557 0.0041 0.0019
85 0.1471 0.2107 0.2993 0.3042 0.0290 0.0097
86 0.1339 0.2900 0.2769 0.2443 0.0493 0.0057
87 0.0955 0.3230 0.3333 0.2152 0.0320 0.0008
88 0.2004 0.4482 0.1432 0.1501 0.0540 0.0041
89 0.0034 0.1550 0.0756 0.7627 0.0014 0.0017
90 0.2107 0.3264 0.1164 0.3315 0.0140 0.0010
91 0.3552 0.2661 0.3015 0.0705 0.0013 0.0051
92 0.2781 0.3572 0.3008 0.0611 0.0008 0.0022
93 0.3054 0.3921 0.2341 0.0655 0.0013 0.0018
94 0.0310 0.0627 0.5415 0.3494 0.0103 0.0053
95 0.1880 0.3857 0.2913 0.1282 0.0058 0.0011
96 0.0500 0.0557 0.2274 0.6084 0.0532 0.0053
97 0.0520 0.2041 0.2581 0.4673 0.0143 0.0042
98 0.0591 0.3853 0.3242 0.2300 0.0009 0.0006
99 0.0551 0.0390 0.4468 0.4133 0.0373 0.0086
100 0.3120 0.1619 0.3374 0.1696 0.0171 0.0023
101 0.3384 0.2515 0.3716 0.0146 0.0234 0.0008
102 0.0492 0.1108 0.1587 0.6377 0.0343 0.0095
103 0.0948 0.4116 0.0836 0.3689 0.0259 0.0150
104 0.4277 0.0969 0.0621 0.3491 0.0476 0.0167
105 0.5542 0.2275 0.1002 0.0459 0.0694 0.0026
106 0.2120 0.4316 0.0484 0.2898 0.0177 0.0003
107 0.3215 0.3369 0.1694 0.1472 0.0131 0.0120
108 0.0171 0.2451 0.0670 0.6162 0.0475 0.0069
109 0.1577 0.1553 0.0668 0.5093 0.1035 0.0075
110 0.0484 0.0774 0.2170 0.6279 0.0231 0.0060
111 0.1337 0.1771 0.1180 0.4521 0.1143 0.0047
112 0.1415 0.6489 0.0673 0.1191 0.0215 0.0018
113 0.0651 0.1512 0.2344 0.5283 0.0107 0.0105
114 0.0651 0.1798 0.2874 0.4380 0.0135 0.0163
115 0.0896 0.1224 0.2759 0.4768 0.0223 0.0129
116 0.0829 0.1899 0.3281 0.2808 0.1099 0.0084
117 0.0757 0.1460 0.2261 0.3787 0.1654 0.0080
118 0.0139 0.0700 0.1267 0.7642 0.0162 0.0090
119 0.0070 0.0478 0.1278 0.7954 0.0135 0.0083
120 0.0140 0.2152 0.4485 0.3181 0.0010 0.0032
121 0.0121 0.3220 0.4202 0.2432 0.0009 0.0017
122 0.0084 0.5889 0.3054 0.0961 0.0005 0.0005
123 0.0164 0.0943 0.7534 0.1192 0.0054 0.0114
124 0.0187 0.2627 0.6606 0.0457 0.0052 0.0070
125 0.0388 0.0724 0.3455 0.5186 0.0126 0.0121
126 0.0470 0.0745 0.3391 0.5093 0.0174 0.0126
127 0.0787 0.1602 0.3726 0.3667 0.0177 0.0043
128 0.1021 0.1764 0.4434 0.2607 0.0151 0.0024
129 0.1184 0.2751 0.4539 0.0577 0.0334 0.0614
130 0.0607 0.0430 0.0330 0.5576 0.2849 0.0206
131 0.0340 0.0494 0.1895 0.6929 0.0203 0.0140
132 0.0207 0.1565 0.0837 0.7124 0.0191 0.0077
133 0.1042 0.2499 0.1857 0.4524 0.0064 0.0015
134 0.0284 0.3386 0.3438 0.2678 0.0050 0.0165
135 0.0451 0.3604 0.4348 0.1368 0.0208 0.0022
136 0.1265 0.0465 0.3081 0.5000 0.0166 0.0021
137 0.3647 0.2886 0.0741 0.2449 0.0252 0.0027
138 0.0876 0.2849 0.1869 0.4277 0.0110 0.0020
139 0.0473 0.1843 0.3667 0.3445 0.0536 0.0037
140 0.0344 0.6001 0.1517 0.2010 0.0107 0.0019
141 0.1239 0.0233 0.1566 0.6597 0.0281 0.0086
142 0.0544 0.4412 0.1782 0.3228 0.0019 0.0016
143 0.0986 0.2808 0.2222 0.3899 0.0067 0.0019
144 0.0677 0.1161 0.3718 0.4019 0.0365 0.0060
145 0.0516 0.1918 0.4819 0.2350 0.0208 0.0188
146 0.2037 0.1573 0.4180 0.0698 0.1478 0.0032
147 0.1560 0.2417 0.3008 0.2201 0.0749 0.0064
148 0.0734 0.3789 0.3142 0.2262 0.0031 0.0043
149 0.1067 0.0768 0.2329 0.5679 0.0081 0.0078
150 0.2352 0.2708 0.1906 0.2927 0.0059 0.0047
151 0.0041 0.5703 0.3569 0.0620 0.0056 0.0008
152 0.0707 0.4832 0.2883 0.1300 0.0122 0.0157
153 0.0259 0.1031 0.7617 0.0969 0.0105 0.0017
154 0.0878 0.3213 0.2141 0.3699 0.0061 0.0008
155 0.0557 0.1024 0.2068 0.5894 0.0253 0.0206
156 0.2422 0.2499 0.3931 0.0371 0.0608 0.0170
157 0.0292 0.1405 0.5918 0.1952 0.0195 0.0239
158 0.0593 0.0785 0.3804 0.4519 0.0223 0.0076
159 0.2588 0.3481 0.1185 0.2712 0.0019 0.0014
160 0.0715 0.5532 0.1421 0.2307 0.0013 0.0011
161 0.2949 0.4639 0.1229 0.1137 0.0027 0.0019
162 0.1004 0.1289 0.1250 0.5869 0.0529 0.0058
163 0.0475 0.0521 0.1862 0.6919 0.0107 0.0117
164 0.0230 0.1106 0.1853 0.6367 0.0083 0.0362
165 0.0123 0.0512 0.2122 0.7065 0.0128 0.0047
166 0.1049 0.0792 0.5850 0.1812 0.0488 0.0014
167 0.1058 0.1091 0.4153 0.3389 0.0126 0.0184
168 0.0382 0.0454 0.3569 0.5439 0.0109 0.0045
169 0.0272 0.0710 0.3840 0.4780 0.0374 0.0024
170 0.0823 0.0389 0.6177 0.2345 0.0215 0.0052
171 0.1434 0.0926 0.5586 0.1930 0.0060 0.0067
172 0.0823 0.0810 0.5986 0.2134 0.0020 0.0228
173 0.0163 0.0286 0.1597 0.7861 0.0071 0.0021
174 0.2920 0.1886 0.4055 0.1058 0.0067 0.0015
175 0.0400 0.0881 0.5659 0.2981 0.0036 0.0043
176 0.0280 0.0743 0.5000 0.3896 0.0023 0.0056
177 0.2173 0.1494 0.1059 0.4529 0.0599 0.0146
178 0.2207 0.1641 0.1339 0.4124 0.0567 0.0125
179 0.0493 0.0623 0.4124 0.4529 0.0077 0.0154
180 0.2301 0.1086 0.2264 0.3677 0.0446 0.0226
181 0.1044 0.0319 0.5474 0.3022 0.0066 0.0077
182 0.0498 0.0376 0.6982 0.2032 0.0028 0.0084
183 0.0920 0.0740 0.3640 0.2664 0.1979 0.0057
184 0.0869 0.2849 0.4148 0.1367 0.0715 0.0051
185 0.0774 0.4453 0.2537 0.0857 0.1338 0.0040
186 0.0345 0.1711 0.0874 0.3738 0.3003 0.0327
187 0.0419 0.2910 0.1194 0.3455 0.1765 0.0258
188 0.0662 0.1108 0.4246 0.3748 0.0187 0.0051
189 0.2617 0.2054 0.1469 0.3416 0.0320 0.0123
190 0.2939 0.2399 0.1455 0.2554 0.0507 0.0149
191 0.1266 0.3284 0.3037 0.2087 0.0170 0.0154
192 0.0708 0.2434 0.0803 0.4766 0.1088 0.0201
193 0.0848 0.3103 0.2532 0.2455 0.1024 0.0037
194 0.0171 0.1222 0.4470 0.4070 0.0037 0.0029
195 0.0156 0.1302 0.4407 0.4075 0.0023 0.0038
196 0.0186 0.1377 0.2869 0.5532 0.0022 0.0015
197 0.0886 0.4062 0.1339 0.3369 0.0334 0.0011
198 0.0995 0.0800 0.4529 0.3262 0.0318 0.0098
199 0.2517 0.2991 0.1144 0.2460 0.0877 0.0013
200 0.2476 0.3774 0.2272 0.1389 0.0077 0.0011
201 0.0249 0.5806 0.2169 0.1743 0.0011 0.0022
202 0.0124 0.6455 0.0538 0.2864 0.0005 0.0014
203 0.0267 0.0583 0.2379 0.6367 0.0382 0.0023
204 0.0455 0.4419 0.2598 0.2402 0.0073 0.0052
205 0.0530 0.0556 0.4170 0.4580 0.0109 0.0055
206 0.0190 0.0500 0.2581 0.6592 0.0036 0.0101
207 0.1182 0.0763 0.1277 0.6094 0.0663 0.0021
208 0.0889 0.1466 0.4377 0.2871 0.0221 0.0176
209 0.0412 0.0627 0.1654 0.7070 0.0132 0.0102
210 0.0317 0.1302 0.2323 0.5659 0.0100 0.0298
211 0.0214 0.1720 0.2279 0.5298 0.0156 0.0334
212 0.0244 0.0765 0.2318 0.5562 0.0577 0.0534
213 0.1207 0.3359 0.1198 0.2656 0.1501 0.0079
214 0.0526 0.0655 0.4766 0.3889 0.0142 0.0023
215 0.0801 0.5186 0.0814 0.3000 0.0175 0.0022
216 0.0428 0.2729 0.1935 0.4500 0.0339 0.0071
217 0.0997 0.0493 0.2046 0.6011 0.0416 0.0037
218 0.0568 0.0576 0.3167 0.5469 0.0196 0.0025
219 0.0129 0.3486 0.1647 0.4692 0.0013 0.0032
220 0.0642 0.1459 0.3113 0.4424 0.0292 0.0073
221 0.1436 0.2139 0.1425 0.4856 0.0047 0.0098
222 0.1466 0.4412 0.2595 0.1489 0.0028 0.0009
223 0.0673 0.0558 0.6484 0.2139 0.0094 0.0051
224 0.0818 0.0806 0.6855 0.1393 0.0095 0.0034
225 0.0502 0.0423 0.6821 0.2113 0.0100 0.0041
226 0.0435 0.0634 0.7251 0.1619 0.0036 0.0025
227 0.0999 0.6514 0.1234 0.1047 0.0194 0.0016
228 0.0841 0.5234 0.2251 0.1499 0.0133 0.0041
229 0.1172 0.2190 0.3137 0.2993 0.0344 0.0164
230 0.1299 0.2949 0.2262 0.3188 0.0210 0.0090
231 0.0324 0.1175 0.3047 0.5186 0.0209 0.0059
232 0.0245 0.1000 0.2252 0.5752 0.0743 0.0009
233 0.0235 0.0482 0.4651 0.3401 0.1213 0.0018
234 0.0440 0.1796 0.3054 0.4585 0.0075 0.0051
235 0.0267 0.0583 0.3865 0.4961 0.0221 0.0101
236 0.0151 0.0753 0.4331 0.4609 0.0062 0.0096
237 0.0211 0.1179 0.5713 0.2742 0.0044 0.0108
238 0.0293 0.1373 0.5264 0.2908 0.0055 0.0106
239 0.1198 0.4890 0.2700 0.1143 0.0061 0.0007
240 0.0908 0.3167 0.1749 0.3533 0.0605 0.0037
241 0.0413 0.3599 0.3542 0.2183 0.0205 0.0059
242 0.0356 0.2712 0.4473 0.2321 0.0085 0.0052
243 0.0041 0.7979 0.0329 0.1647 0.0001 0.0001
244 0.0341 0.4226 0.3044 0.2297 0.0084 0.0009
245 0.0143 0.3918 0.1534 0.4373 0.0021 0.0010
246 0.0037 0.1750 0.0212 0.7969 0.0005 0.0025
247 0.0271 0.2627 0.3481 0.3120 0.0479 0.0024
248 0.0241 0.5107 0.2196 0.2338 0.0089 0.0032
249 0.0980 0.0788 0.2012 0.4751 0.1340 0.0131
250 0.0479 0.0696 0.3535 0.4985 0.0073 0.0233
251 0.0060 0.1794 0.0822 0.7212 0.0076 0.0036
252 0.0178 0.2004 0.1057 0.6372 0.0186 0.0205
253 0.0109 0.0914 0.1604 0.7188 0.0159 0.0028
254 0.0258 0.4673 0.1318 0.2140 0.1565 0.0045
255 0.1613 0.0891 0.1664 0.2874 0.0500 0.2458
256 0.1136 0.1553 0.1349 0.1288 0.0181 0.4492
257 0.1136 0.1553 0.1349 0.1288 0.0181 0.4492
258 0.1136 0.1553 0.1349 0.1288 0.0181 0.4492
259 0.2688 0.2815 0.1351 0.1818 0.0604 0.0723
260 0.2625 0.2927 0.1372 0.1694 0.0659 0.0723
261 0.2625 0.2927 0.1372 0.1694 0.0659 0.0723
262 0.1136 0.1553 0.1349 0.1288 0.0181 0.4492
