time exciting_prob fearful_prob tense_prob sad_prob relaxing_prob neutral_prob
0 0.1136 0.1553 0.1349 0.1288 0.0181 0.4492
1 0.0635 0.2399 0.3955 0.2615 0.0200 0.0198
2 0.0572 0.2905 0.4792 0.1174 0.0442 0.0114
3 0.0522 0.3713 0.4478 0.0946 0.0263 0.0079
4 0.0496 0.3113 0.4563 0.1493 0.0224 0.0112
5 0.0388 0.0982 0.2798 0.4985 0.0242 0.0605
6 0.0682 0.2637 0.2805 0.2720 0.0804 0.0354
7 0.0825 0.1298 0.1747 0.4124 0.1888 0.0118
8 0.1088 0.3325 0.2888 0.1633 0.0203 0.0861
9 0.1139 0.3401 0.3562 0.1417 0.0271 0.0211
10 0.1226 0.1526 0.3958 0.2400 0.0346 0.0544
11 0.2450 0.0930 0.1594 0.3196 0.0297 0.1533
12 0.0930 0.0703 0.1969 0.3738 0.0394 0.2267
13 0.1460 0.0396 0.1904 0.1085 0.0136 0.5020
14 0.1456 0.1515 0.3386 0.1743 0.0223 0.1676
15 0.0983 0.3540 0.2981 0.1418 0.0176 0.0902
16 0.1849 0.0736 0.0759 0.5186 0.0254 0.1213
17 0.1064 0.1525 0.0984 0.1897 0.2133 0.2397
18 0.1344 0.2251 0.1726 0.1686 0.1420 0.1572
19 0.1210 0.2012 0.1818 0.2407 0.1192 0.1361
20 0.0738 0.2986 0.1335 0.2457 0.0767 0.1715
21 0.0739 0.3391 0.1136 0.2405 0.0913 0.1414
22 0.0572 0.3560 0.0859 0.2927 0.1028 0.1052
23 0.0781 0.2771 0.1404 0.2949 0.1309 0.0787
24 0.0971 0.2206 0.2277 0.2024 0.1678 0.0844
25 0.1075 0.2172 0.2385 0.2900 0.0751 0.0717
26 0.0837 0.3259 0.1786 0.2639 0.0912 0.0566
27 0.0881 0.3147 0.2231 0.2394 0.0681 0.0665
28 0.0884 0.4563 0.2189 0.1349 0.0266 0.0751
29 0.0786 0.4084 0.1676 0.2291 0.0598 0.0566
30 0.0724 0.3535 0.1892 0.2373 0.0887 0.0591
31 0.0819 0.4128 0.1506 0.2297 0.0478 0.0770
32 0.1227 0.4778 0.1246 0.1677 0.0672 0.0401
33 0.1318 0.4460 0.1918 0.1278 0.0533 0.0493
34 0.1166 0.5029 0.1646 0.0909 0.0692 0.0560
35 0.1315 0.4485 0.1624 0.1357 0.0583 0.0636
36 0.1421 0.4377 0.1549 0.1008 0.1016 0.0630
37 0.1016 0.4080 0.2235 0.1205 0.0548 0.0917
38 0.0948 0.4668 0.1771 0.0830 0.0612 0.1171
39 0.0964 0.4668 0.1436 0.1190 0.1277 0.0466
40 0.1121 0.4756 0.1683 0.0901 0.1104 0.0435
41 0.0884 0.4634 0.2241 0.1328 0.0428 0.0485
42 0.0490 0.6069 0.2490 0.0605 0.0088 0.0257
43 0.0645 0.5791 0.1282 0.1780 0.0136 0.0364
44 0.0547 0.6255 0.1558 0.1364 0.0116 0.0162
45 0.0761 0.4626 0.2290 0.1884 0.0317 0.0122
46 0.0386 0.4346 0.3081 0.1729 0.0095 0.0362
47 0.0320 0.8008 0.1135 0.0247 0.0229 0.0062
48 0.0401 0.7812 0.1025 0.0427 0.0245 0.0090
49 0.0153 0.7915 0.1272 0.0530 0.0040 0.0091
50 0.0318 0.7124 0.1093 0.1190 0.0066 0.0210
51 0.0432 0.6807 0.0623 0.1506 0.0093 0.0541
52 0.0225 0.8301 0.1014 0.0348 0.0043 0.0072
53 0.0475 0.6309 0.2231 0.0724 0.0100 0.0162
54 0.0438 0.7520 0.0603 0.0824 0.0122 0.0496
55 0.0451 0.7329 0.0602 0.0925 0.0131 0.0561
56 0.1218 0.3582 0.2661 0.1589 0.0227 0.0722
57 0.0358 0.3792 0.0624 0.4070 0.0297 0.0859
58 0.0544 0.3335 0.1161 0.2401 0.1091 0.1469
59 0.0342 0.3481 0.0542 0.2776 0.1764 0.1096
60 0.1006 0.3074 0.0952 0.2712 0.1595 0.0660
61 0.0641 0.2698 0.0704 0.4888 0.0672 0.0398
62 0.0299 0.1494 0.0372 0.6592 0.0508 0.0734
63 0.0366 0.0787 0.0256 0.7832 0.0219 0.0541
64 0.0427 0.2437 0.0125 0.6372 0.0395 0.0247
65 0.0449 0.4399 0.0168 0.4719 0.0148 0.0117
66 0.0532 0.3494 0.0269 0.5410 0.0197 0.0096
67 0.0596 0.6670 0.0416 0.1809 0.0400 0.0110
68 0.0602 0.5234 0.0630 0.2288 0.0760 0.0483
69 0.1674 0.3687 0.0760 0.2019 0.1410 0.0451
70 0.1975 0.3928 0.0850 0.2119 0.0933 0.0194
71 0.0908 0.3975 0.1194 0.2230 0.1251 0.0443
72 0.0979 0.3364 0.1481 0.2703 0.1327 0.0147
73 0.1153 0.4971 0.0978 0.1447 0.1247 0.0205
74 0.1471 0.5215 0.1329 0.0914 0.1003 0.0066
75 0.1655 0.5142 0.0900 0.1036 0.1156 0.0113
76 0.0856 0.3867 0.2239 0.1885 0.0667 0.0484
77 0.1204 0.2549 0.2452 0.1633 0.1177 0.0983
78 0.1287 0.2479 0.2087 0.1652 0.1287 0.1208
79 0.0941 0.4702 0.2070 0.1082 0.0421 0.0786
80 0.0330 0.7695 0.1217 0.0431 0.0165 0.0163
81 0.0168 0.7393 0.1125 0.0925 0.0075 0.0315
82 0.0222 0.6538 0.1403 0.1238 0.0125 0.0477
83 0.0280 0.6631 0.1588 0.1198 0.0162 0.0140
84 0.0164 0.8086 0.0442 0.1028 0.0210 0.0070
85 0.0144 0.7202 0.0790 0.1333 0.0423 0.0108
86 0.0192 0.7778 0.0746 0.0936 0.0246 0.0099
87 0.0571 0.5205 0.1423 0.1731 0.0536 0.0532
88 0.1390 0.2539 0.0727 0.1379 0.1504 0.2460
89 0.1124 0.2150 0.0693 0.1263 0.2236 0.2534
90 0.1188 0.2308 0.0843 0.0786 0.1326 0.3547
91 0.0746 0.1270 0.0845 0.3789 0.0865 0.2485
92 0.1431 0.1970 0.1511 0.3887 0.0373 0.0828
93 0.0547 0.1421 0.1941 0.2416 0.0423 0.3252
94 0.0788 0.1174 0.2389 0.1776 0.0258 0.3616
95 0.1044 0.2211 0.2625 0.1891 0.0453 0.1776
96 0.1126 0.3108 0.2087 0.1626 0.0756 0.1296
97 0.0869 0.2695 0.3381 0.0809 0.0611 0.1635
98 0.0959 0.2321 0.2549 0.1014 0.0945 0.2214
99 0.0757 0.3877 0.2042 0.1102 0.0872 0.1350
100 0.0920 0.2208 0.2444 0.1003 0.0864 0.2561
101 0.0647 0.2089 0.2294 0.1118 0.0694 0.3159
102 0.1221 0.2524 0.1736 0.1383 0.0591 0.2544
103 0.0315 0.5166 0.1445 0.1613 0.0213 0.1246
104 0.0255 0.3228 0.1133 0.3894 0.0157 0.1335
105 0.0195 0.4478 0.1609 0.1686 0.0076 0.1956
106 0.0464 0.6826 0.1794 0.0487 0.0334 0.0094
107 0.0956 0.1577 0.1328 0.3782 0.0363 0.1993
108 0.1121 0.1555 0.1351 0.1289 0.0181 0.4502
109 0.2091 0.3613 0.2261 0.1191 0.0396 0.0449
110 0.0799 0.5767 0.2366 0.0278 0.0346 0.0445
111 0.1333 0.3049 0.1685 0.0854 0.0916 0.2163
112 0.0951 0.4465 0.1508 0.1819 0.0187 0.1069
113 0.0764 0.5562 0.1156 0.1221 0.0169 0.1130
114 0.0898 0.5542 0.1758 0.0963 0.0287 0.0553
115 0.0899 0.5508 0.1154 0.1154 0.0306 0.0980
116 0.1440 0.2469 0.0410 0.1835 0.1451 0.2394
117 0.2947 0.3582 0.0441 0.1328 0.0964 0.0739
118 0.2495 0.3687 0.0849 0.0918 0.1284 0.0767
119 0.1026 0.6284 0.1298 0.0352 0.0622 0.0418
120 0.2230 0.4233 0.0707 0.1046 0.0432 0.1353
121 0.3647 0.3562 0.0846 0.0901 0.0534 0.0509
122 0.3848 0.2125 0.1120 0.0958 0.0813 0.1137
123 0.2345 0.2942 0.0767 0.1170 0.2186 0.0588
124 0.1934 0.3757 0.0712 0.0706 0.1530 0.1361
125 0.1520 0.4431 0.0922 0.0886 0.1951 0.0292
126 0.1525 0.3384 0.0749 0.0785 0.2961 0.0597
127 0.0828 0.5659 0.0620 0.0288 0.2491 0.0115
128 0.1626 0.3337 0.0657 0.0864 0.3284 0.0232
129 0.1921 0.2229 0.0997 0.0390 0.4263 0.0199
130 0.2069 0.1854 0.0779 0.2006 0.2698 0.0593
131 0.0507 0.0671 0.1169 0.4448 0.0099 0.3105
132 0.0518 0.1868 0.1244 0.3054 0.0115 0.3201
133 0.0610 0.3511 0.1343 0.3679 0.0049 0.0808
134 0.0629 0.0847 0.0847 0.5522 0.0057 0.2096
135 0.0572 0.0554 0.0942 0.6855 0.0258 0.0818
136 0.0529 0.5781 0.1439 0.1656 0.0168 0.0425
137 0.0703 0.4993 0.0243 0.3005 0.0610 0.0446
138 0.1411 0.4314 0.0948 0.1914 0.1066 0.0346
139 0.0871 0.4856 0.1050 0.1801 0.1026 0.0396
140 0.0710 0.3931 0.1010 0.3389 0.0414 0.0545
141 0.0870 0.3633 0.1255 0.3083 0.0392 0.0767
142 0.0840 0.5649 0.1364 0.1353 0.0490 0.0302
143 0.0609 0.2296 0.0554 0.4785 0.0728 0.1027
144 0.0844 0.5498 0.0986 0.1946 0.0232 0.0492
145 0.0743 0.5200 0.1008 0.2185 0.0253 0.0607
146 0.1010 0.4973 0.0705 0.1759 0.1238 0.0315
147 0.0938 0.4839 0.1262 0.2164 0.0265 0.0530
148 0.0879 0.3474 0.1019 0.2903 0.1011 0.0712
149 0.0728 0.4285 0.0831 0.2876 0.0540 0.0739
150 0.0647 0.4285 0.0979 0.2922 0.0812 0.0355
151 0.0583 0.3179 0.1099 0.3716 0.0499 0.0925
152 0.1174 0.2177 0.2177 0.3267 0.0813 0.0393
153 0.0291 0.5928 0.1836 0.1583 0.0206 0.0158
154 0.0581 0.2428 0.1981 0.3940 0.0893 0.0177
155 0.0578 0.5273 0.2491 0.1234 0.0295 0.0127
156 0.1268 0.4224 0.1318 0.2174 0.0504 0.0512
157 0.0597 0.5933 0.2269 0.0502 0.0601 0.0100
158 0.0930 0.2113 0.1893 0.1440 0.2910 0.0713
159 0.0635 0.4653 0.1243 0.0660 0.2693 0.0118
160 0.0696 0.4573 0.2410 0.0364 0.1805 0.0153
161 0.0669 0.5347 0.2142 0.0605 0.1061 0.0177
162 0.0862 0.4211 0.2634 0.1514 0.0677 0.0101
163 0.0795 0.5601 0.2263 0.1005 0.0242 0.0092
164 0.0424 0.5005 0.2006 0.2102 0.0371 0.0095
165 0.0488 0.3157 0.3467 0.2007 0.0750 0.0133
166 0.0381 0.3555 0.3667 0.1307 0.0964 0.0124
167 0.0540 0.5498 0.2477 0.0985 0.0194 0.0308
168 0.0820 0.3975 0.2195 0.1682 0.0989 0.0339
169 0.0742 0.4509 0.1571 0.2395 0.0314 0.0468
170 0.1148 0.3945 0.1332 0.2145 0.1194 0.0237
171 0.0537 0.1888 0.2749 0.3875 0.0375 0.0576
172 0.0551 0.3096 0.2266 0.2954 0.0680 0.0453
173 0.0291 0.4238 0.2433 0.1986 0.0909 0.0144
174 0.0326 0.4468 0.3169 0.0690 0.1250 0.0097
175 0.0515 0.2893 0.4844 0.0855 0.0797 0.0099
176 0.0627 0.3188 0.4785 0.0851 0.0489 0.0060
177 0.0464 0.3770 0.1647 0.3486 0.0472 0.0164
178 0.0493 0.3640 0.0995 0.4126 0.0520 0.0226
179 0.0709 0.2891 0.1215 0.4241 0.0709 0.0237
180 0.1266 0.3899 0.2086 0.2188 0.0444 0.0118
181 0.1189 0.3960 0.2086 0.2023 0.0477 0.0265
182 0.0901 0.4236 0.3247 0.1105 0.0376 0.0135
183 0.0417 0.3833 0.4624 0.0848 0.0097 0.0181
184 0.0928 0.4639 0.1641 0.2140 0.0316 0.0338
185 0.1187 0.3125 0.1881 0.2571 0.0539 0.0698
186 0.1058 0.3579 0.3013 0.1180 0.0152 0.1017
187 0.0574 0.6465 0.1511 0.0917 0.0289 0.0245
188 0.1388 0.3276 0.0875 0.2759 0.0178 0.1523
189 0.1230 0.1906 0.1086 0.2905 0.0387 0.2485
190 0.1617 0.4829 0.1617 0.0367 0.1129 0.0442
191 0.1136 0.1577 0.1163 0.0318 0.5254 0.0554
192 0.1801 0.1403 0.1127 0.0384 0.4819 0.0466
193 0.2039 0.3062 0.0970 0.0519 0.2744 0.0667
194 0.2710 0.2159 0.0886 0.0789 0.3118 0.0339
195 0.1973 0.3630 0.0897 0.1169 0.1624 0.0709
196 0.2231 0.3430 0.1096 0.1322 0.1510 0.0410
197 0.1736 0.3535 0.1484 0.0741 0.1617 0.0887
198 0.2788 0.2969 0.1154 0.1163 0.1678 0.0247
199 0.2023 0.3467 0.1841 0.0500 0.1730 0.0441
200 0.2108 0.3447 0.1052 0.0550 0.2542 0.0301
201 0.2324 0.4111 0.1072 0.0480 0.1782 0.0228
202 0.1473 0.3704 0.0894 0.0486 0.3293 0.0148
203 0.1143 0.2852 0.0593 0.0363 0.4812 0.0240
204 0.1798 0.2576 0.0850 0.0699 0.3777 0.0300
205 0.1226 0.3306 0.1255 0.0636 0.3130 0.0447
206 0.1544 0.2094 0.1428 0.1384 0.2505 0.1045
207 0.0916 0.3569 0.0778 0.0771 0.3223 0.0742
208 0.1945 0.3010 0.1650 0.1337 0.1479 0.0579
209 0.1243 0.2715 0.1355 0.2491 0.0635 0.1559
210 0.2321 0.3098 0.2651 0.0724 0.0337 0.0867
211 0.1622 0.1853 0.1477 0.2343 0.0635 0.2068
212 0.1482 0.2705 0.1859 0.2140 0.0485 0.1328
213 0.0767 0.1597 0.1031 0.4341 0.0338 0.1926
214 0.0892 0.0935 0.0800 0.4749 0.0121 0.2502
215 0.0762 0.0864 0.1639 0.2969 0.0184 0.3582
216 0.2434 0.3652 0.1022 0.2233 0.0353 0.0305
217 0.0791 0.2343 0.2051 0.4016 0.0414 0.0385
218 0.0685 0.1138 0.2028 0.4226 0.0950 0.0973
219 0.0522 0.1054 0.1685 0.5107 0.0724 0.0909
220 0.0476 0.0791 0.1549 0.5845 0.0651 0.0687
221 0.0591 0.1281 0.1311 0.5308 0.1147 0.0364
222 0.1134 0.2852 0.1959 0.3254 0.0621 0.0179
223 0.0697 0.4954 0.1941 0.1740 0.0420 0.0249
224 0.0715 0.3413 0.1959 0.3230 0.0602 0.0080
225 0.0536 0.3630 0.2053 0.2037 0.1611 0.0131
226 0.0513 0.3589 0.1406 0.3372 0.0944 0.0176
227 0.1464 0.2549 0.2610 0.2413 0.0834 0.0133
228 0.1084 0.1760 0.1482 0.4287 0.0268 0.1119
