time exciting_prob fearful_prob tense_prob sad_prob relaxing_prob neutral_prob
0 0.1979 0.1360 0.2539 0.3064 0.0508 0.0549
1 0.7651 0.0372 0.1460 0.0277 0.0220 0.0018
2 0.9092 0.0060 0.0393 0.0106 0.0350 0.0000
3 0.9019 0.0065 0.0390 0.0051 0.0474 0.0001
4 0.1373 0.1028 0.1952 0.2839 0.2668 0.0139
5 0.0565 0.0288 0.1224 0.4546 0.3076 0.0302
6 0.1215 0.1560 0.3687 0.1501 0.1838 0.0198
7 0.0311 0.2025 0.3784 0.3667 0.0020 0.0191
8 0.0298 0.2085 0.4414 0.3081 0.0023 0.0099
9 0.0146 0.0820 0.1086 0.4871 0.2954 0.0123
10 0.0113 0.1071 0.1214 0.6362 0.0847 0.0394
11 0.0564 0.1005 0.2773 0.5024 0.0353 0.0281
12 0.1069 0.2771 0.2059 0.3672 0.0361 0.0067
13 0.0289 0.0413 0.0491 0.4656 0.3860 0.0291
14 0.0677 0.2805 0.2637 0.3547 0.0127 0.0206
15 0.0397 0.3223 0.2935 0.3171 0.0051 0.0224
16 0.0356 0.2825 0.1740 0.4585 0.0100 0.0394
17 0.0368 0.2739 0.0257 0.6270 0.0267 0.0103
18 0.0870 0.0315 0.0986 0.5088 0.2188 0.0553
19 0.0182 0.0380 0.0362 0.8115 0.0646 0.0315
20 0.0522 0.0650 0.0426 0.6772 0.1376 0.0253
21 0.0858 0.1370 0.1843 0.4421 0.1228 0.0278
22 0.0652 0.2025 0.5503 0.1228 0.0328 0.0262
23 0.0568 0.1078 0.0867 0.6304 0.0982 0.0201
24 0.0790 0.1323 0.1047 0.3655 0.2847 0.0337
25 0.1704 0.0598 0.0884 0.4187 0.2385 0.0242
26 0.0924 0.2397 0.1244 0.3713 0.1572 0.0150
27 0.0214 0.0847 0.1510 0.6982 0.0376 0.0069
28 0.0226 0.0764 0.0752 0.7959 0.0222 0.0076
29 0.0231 0.5288 0.1857 0.2460 0.0107 0.0058
30 0.0569 0.4170 0.1608 0.3098 0.0400 0.0157
31 0.0478 0.2625 0.2175 0.4065 0.0456 0.0202
32 0.0864 0.3752 0.1830 0.2539 0.0642 0.0372
33 0.0201 0.6406 0.2932 0.0337 0.0044 0.0078
34 0.0816 0.3252 0.3516 0.2100 0.0101 0.0215
35 0.0588 0.1151 0.2849 0.5000 0.0096 0.0315
36 0.0364 0.3706 0.3120 0.2712 0.0029 0.0069
37 0.0936 0.1279 0.4004 0.3479 0.0081 0.0222
38 0.0589 0.2722 0.5010 0.1287 0.0139 0.0255
39 0.0223 0.0786 0.0715 0.8184 0.0039 0.0052
40 0.0842 0.3987 0.2307 0.2380 0.0437 0.0049
41 0.0198 0.1130 0.1805 0.6606 0.0241 0.0019
42 0.0431 0.4084 0.3779 0.1368 0.0090 0.0247
43 0.0209 0.3188 0.4861 0.1654 0.0016 0.0073
44 0.0677 0.0970 0.1625 0.6226 0.0165 0.0338
45 0.1053 0.0930 0.2411 0.5269 0.0182 0.0157
46 0.1081 0.2051 0.2593 0.3545 0.0166 0.0565
47 0.0147 0.3398 0.5430 0.0833 0.0004 0.0186
48 0.0170 0.1058 0.1664 0.6685 0.0060 0.0366
49 0.0240 0.0623 0.6006 0.2280 0.0097 0.0752
50 0.0240 0.1982 0.1892 0.5474 0.0027 0.0384
51 0.0077 0.2617 0.0557 0.6685 0.0005 0.0059
52 0.0420 0.2781 0.3252 0.3152 0.0376 0.0019
53 0.0292 0.5908 0.1591 0.2075 0.0086 0.0047
54 0.0283 0.4197 0.1804 0.3533 0.0107 0.0075
55 0.0309 0.3020 0.5298 0.1201 0.0125 0.0047
56 0.0434 0.6279 0.1492 0.1587 0.0133 0.0075
57 0.0780 0.2089 0.2944 0.2598 0.1552 0.0036
58 0.0657 0.2023 0.5498 0.1227 0.0035 0.0562
59 0.0315 0.3440 0.4851 0.1208 0.0021 0.0163
60 0.1180 0.1277 0.3694 0.3210 0.0055 0.0584
61 0.1036 0.0599 0.2334 0.5020 0.0242 0.0770
62 0.0278 0.2993 0.4224 0.2026 0.0019 0.0459
63 0.0707 0.2708 0.1862 0.4536 0.0017 0.0172
64 0.1353 0.5435 0.2063 0.0901 0.0098 0.0148
65 0.1404 0.4192 0.3816 0.0418 0.0076 0.0093
66 0.0833 0.2126 0.3193 0.2487 0.1021 0.0342
67 0.2617 0.1827 0.1886 0.3159 0.0255 0.0255
68 0.2571 0.0975 0.1766 0.4238 0.0197 0.0255
69 0.1140 0.1440 0.3796 0.2339 0.0144 0.1140
70 0.1490 0.1469 0.1469 0.4812 0.0462 0.0298
71 0.2285 0.2712 0.1725 0.2321 0.0895 0.0063
72 0.1213 0.1606 0.1462 0.4797 0.0471 0.0450
73 0.1066 0.0948 0.1915 0.5288 0.0441 0.0343
74 0.0745 0.0756 0.0857 0.6533 0.0733 0.0374
75 0.1364 0.1451 0.1793 0.4104 0.0938 0.0350
76 0.1062 0.1683 0.2301 0.3735 0.0894 0.0324
77 0.0841 0.1262 0.1409 0.5571 0.0479 0.0436
78 0.0614 0.2109 0.1833 0.4263 0.0199 0.0981
79 0.2944 0.2056 0.1786 0.2441 0.0354 0.0418
80 0.4214 0.1479 0.0978 0.2037 0.0704 0.0588
81 0.1938 0.1864 0.1909 0.3376 0.0226 0.0686
82 0.1141 0.0208 0.1334 0.5796 0.0205 0.1313
83 0.0151 0.2218 0.0616 0.6729 0.0024 0.0263
84 0.0165 0.1976 0.0750 0.6792 0.0015 0.0303
85 0.0505 0.1709 0.1495 0.5601 0.0099 0.0591
86 0.0405 0.1565 0.0898 0.6587 0.0121 0.0424
87 0.0912 0.0392 0.0733 0.6431 0.0227 0.1306
88 0.0743 0.3130 0.1207 0.3716 0.0141 0.1064
89 0.0276 0.5620 0.3254 0.0365 0.0066 0.0417
90 0.0380 0.3723 0.5088 0.0294 0.0160 0.0355
91 0.0795 0.2129 0.2820 0.3455 0.0176 0.0624
92 0.0459 0.4058 0.3210 0.1163 0.1026 0.0084
93 0.0356 0.3125 0.1387 0.4546 0.0054 0.0534
94 0.2239 0.1135 0.2222 0.3132 0.0421 0.0850
95 0.0291 0.1499 0.0714 0.7207 0.0155 0.0135
96 0.3582 0.2747 0.2969 0.0445 0.0231 0.0025
97 0.1133 0.3081 0.2052 0.2634 0.0519 0.0579
98 0.1682 0.1320 0.4753 0.0958 0.0387 0.0900
99 0.0385 0.3174 0.5400 0.0535 0.0121 0.0385
100 0.1736 0.2817 0.4229 0.0746 0.0393 0.0077
101 0.2642 0.1680 0.2406 0.1591 0.0717 0.0964
102 0.0609 0.0865 0.2142 0.4607 0.0435 0.1340
103 0.3484 0.1140 0.3430 0.1752 0.0135 0.0059
104 0.3823 0.1005 0.3943 0.0901 0.0290 0.0038
105 0.0459 0.4155 0.1110 0.3965 0.0174 0.0137
106 0.1814 0.1871 0.2402 0.3552 0.0171 0.0190
107 0.4414 0.1090 0.3035 0.0904 0.0298 0.0259
108 0.0508 0.4185 0.4597 0.0558 0.0037 0.0117
109 0.1028 0.3396 0.2228 0.2563 0.0316 0.0467
110 0.2512 0.1015 0.0748 0.3489 0.0882 0.1355
111 0.2820 0.0853 0.1122 0.2776 0.0930 0.1498
112 0.3357 0.1741 0.2167 0.1421 0.1197 0.0118
113 0.1375 0.2471 0.1333 0.3484 0.0778 0.0560
114 0.1304 0.3435 0.1755 0.1116 0.2253 0.0136
115 0.3254 0.0737 0.1335 0.2961 0.0889 0.0823
116 0.1499 0.1646 0.2433 0.3325 0.0731 0.0367
117 0.2245 0.1667 0.1361 0.3477 0.0418 0.0832
118 0.4263 0.1406 0.1532 0.1373 0.1231 0.0195
119 0.2646 0.0623 0.1372 0.3911 0.0981 0.0467
120 0.2043 0.2974 0.1578 0.2209 0.0712 0.0485
121 0.5186 0.1053 0.1113 0.1375 0.0713 0.0560
122 0.3389 0.2722 0.1348 0.1017 0.0484 0.1041
123 0.2734 0.1272 0.2377 0.2163 0.0847 0.0605
124 0.1970 0.2415 0.2198 0.2377 0.0578 0.0461
125 0.1599 0.0792 0.2151 0.4626 0.0440 0.0392
126 0.1930 0.1434 0.2478 0.3386 0.0414 0.0357
127 0.2023 0.0956 0.0520 0.4778 0.0919 0.0804
128 0.2139 0.1639 0.0647 0.4526 0.0994 0.0055
129 0.1542 0.0673 0.0463 0.5464 0.1615 0.0242
130 0.1631 0.1332 0.0419 0.5103 0.1332 0.0183
131 0.1686 0.0348 0.1007 0.2571 0.4109 0.0280
132 0.2595 0.1206 0.1324 0.2595 0.2151 0.0130
133 0.5220 0.1416 0.1519 0.1268 0.0439 0.0140
134 0.5742 0.1752 0.0998 0.1030 0.0297 0.0180
135 0.1043 0.5381 0.2042 0.1043 0.0027 0.0466
136 0.0938 0.3225 0.3174 0.1726 0.0498 0.0440
137 0.2125 0.5137 0.0973 0.0489 0.1129 0.0146
138 0.1022 0.0582 0.2197 0.5190 0.0094 0.0916
139 0.0809 0.2164 0.2959 0.1105 0.0095 0.2869
140 0.1023 0.2737 0.5796 0.0282 0.0025 0.0137
141 0.1569 0.4470 0.3428 0.0279 0.0073 0.0183
142 0.0588 0.2037 0.0682 0.5850 0.0612 0.0232
143 0.0310 0.0410 0.0202 0.8779 0.0230 0.0071
144 0.2328 0.2598 0.2808 0.2023 0.0197 0.0049
145 0.1143 0.1729 0.1455 0.3574 0.0804 0.1295
146 0.0555 0.1418 0.2196 0.4578 0.0419 0.0834
147 0.0712 0.1630 0.3345 0.3730 0.0367 0.0215
148 0.1832 0.1449 0.3118 0.2793 0.0159 0.0648
149 0.0319 0.3069 0.2142 0.4131 0.0089 0.0250
150 0.0260 0.3120 0.2014 0.4399 0.0088 0.0117
151 0.0197 0.2250 0.2756 0.4546 0.0095 0.0157
152 0.0892 0.1666 0.2106 0.3262 0.0964 0.1110
153 0.1025 0.3157 0.2517 0.1990 0.0829 0.0484
154 0.8052 0.0693 0.0523 0.0561 0.0088 0.0087
155 0.0640 0.2573 0.2983 0.3201 0.0185 0.0417
156 0.1403 0.3313 0.2443 0.2332 0.0268 0.0242
157 0.0581 0.2996 0.4570 0.1192 0.0042 0.0618
158 0.7163 0.0925 0.1466 0.0303 0.0040 0.0105
159 0.7930 0.0557 0.1216 0.0184 0.0104 0.0009
160 0.6484 0.0906 0.2172 0.0294 0.0120 0.0024
161 0.2908 0.0680 0.6060 0.0264 0.0055 0.0034
162 0.0598 0.1444 0.1216 0.5366 0.0786 0.0588
163 0.0948 0.1276 0.1691 0.4741 0.0270 0.1075
164 0.0624 0.1593 0.2467 0.3762 0.0172 0.1384
165 0.5034 0.0953 0.2651 0.0697 0.0218 0.0447
166 0.1835 0.0901 0.1148 0.5479 0.0242 0.0397
167 0.8350 0.0391 0.0547 0.0547 0.0089 0.0078
168 0.6338 0.0256 0.1093 0.2026 0.0072 0.0215
169 0.6392 0.0950 0.1426 0.1027 0.0160 0.0044
170 0.5312 0.1354 0.1271 0.1582 0.0340 0.0143
171 0.5117 0.2185 0.0458 0.1611 0.0247 0.0380
172 0.7007 0.1109 0.0325 0.1135 0.0303 0.0120
173 0.6929 0.0464 0.1054 0.1252 0.0183 0.0118
174 0.7549 0.0691 0.1140 0.0406 0.0189 0.0028
175 0.6675 0.0992 0.1410 0.0491 0.0096 0.0335
176 0.7510 0.0656 0.0612 0.0978 0.0132 0.0111
177 0.6094 0.1119 0.0851 0.1565 0.0174 0.0196
178 0.4377 0.1377 0.1356 0.2201 0.0379 0.0310
179 0.4028 0.2156 0.1666 0.1448 0.0341 0.0363
180 0.1802 0.1887 0.2241 0.3162 0.0070 0.0837
181 0.5615 0.1064 0.0835 0.2115 0.0218 0.0151
182 0.0723 0.0866 0.1405 0.5264 0.1605 0.0137
183 0.4453 0.1041 0.2346 0.1576 0.0424 0.0160
184 0.2291 0.1899 0.2439 0.2021 0.1265 0.0085
185 0.0829 0.0849 0.1729 0.4773 0.1490 0.0330
186 0.0493 0.0529 0.0627 0.7354 0.0851 0.0146
187 0.4814 0.1827 0.1626 0.1091 0.0598 0.0043
188 0.0161 0.2119 0.0363 0.6631 0.0048 0.0677
189 0.1875 0.0358 0.3291 0.4160 0.0256 0.0060
190 0.2344 0.1082 0.2382 0.3574 0.0424 0.0195
191 0.2715 0.0569 0.2216 0.2216 0.1780 0.0506
192 0.1587 0.2742 0.3928 0.1082 0.0462 0.0199
193 0.0489 0.0308 0.1459 0.3638 0.3696 0.0411
194 0.2269 0.0461 0.2166 0.4585 0.0337 0.0182
195 0.2058 0.2622 0.3066 0.1888 0.0296 0.0068
196 0.0858 0.0541 0.0318 0.7407 0.0524 0.0355
197 0.0105 0.0996 0.1299 0.6099 0.0028 0.1472
198 0.0687 0.4551 0.1244 0.2759 0.0548 0.0211
199 0.2472 0.1781 0.2081 0.2396 0.1123 0.0147
200 0.0707 0.1544 0.0801 0.6499 0.0115 0.0334
201 0.1066 0.1208 0.2054 0.5332 0.0140 0.0202
202 0.1165 0.0981 0.2045 0.4983 0.0555 0.0272
203 0.1193 0.1791 0.3044 0.3674 0.0045 0.0254
204 0.2317 0.2245 0.1604 0.3477 0.0060 0.0297
205 0.2000 0.0281 0.1271 0.6157 0.0115 0.0175
206 0.1360 0.0858 0.0124 0.7524 0.0087 0.0047
207 0.1165 0.0740 0.0319 0.7715 0.0038 0.0021
208 0.2272 0.1335 0.0388 0.5938 0.0036 0.0029
209 0.2188 0.0251 0.0844 0.6138 0.0213 0.0368
210 0.2856 0.0520 0.1371 0.4897 0.0145 0.0210
211 0.5811 0.1237 0.1887 0.0898 0.0085 0.0082
212 0.4089 0.3210 0.0567 0.1947 0.0143 0.0042
213 0.0549 0.0673 0.2661 0.4673 0.0281 0.1163
214 0.5542 0.1445 0.0315 0.2222 0.0383 0.0095
215 0.2715 0.1971 0.2098 0.2891 0.0090 0.0234
216 0.1169 0.1810 0.3127 0.3716 0.0053 0.0125
217 0.3271 0.1130 0.1750 0.3374 0.0327 0.0146
218 0.2910 0.3298 0.1365 0.2130 0.0089 0.0206
219 0.2224 0.4636 0.1517 0.1541 0.0019 0.0064
220 0.2389 0.4570 0.2316 0.0659 0.0032 0.0035
221 0.0699 0.6328 0.2292 0.0637 0.0005 0.0040
222 0.0969 0.0275 0.1432 0.6938 0.0108 0.0280
223 0.4907 0.2247 0.1130 0.1569 0.0138 0.0009
224 0.4001 0.3701 0.0800 0.1438 0.0020 0.0038
225 0.1385 0.2214 0.0759 0.4912 0.0070 0.0660
226 0.3003 0.1533 0.0464 0.4614 0.0100 0.0286
227 0.2546 0.2430 0.1037 0.3853 0.0069 0.0065
228 0.1044 0.0943 0.0202 0.7773 0.0021 0.0017
229 0.4021 0.2006 0.0636 0.3154 0.0122 0.0061
230 0.0838 0.5952 0.0864 0.1371 0.0166 0.0806
