time exciting_prob fearful_prob tense_prob sad_prob relaxing_prob neutral_prob
0 0.1284 0.1525 0.2554 0.3955 0.0315 0.0368
1 0.9580 0.0056 0.0011 0.0196 0.0151 0.0008
2 0.9663 0.0041 0.0010 0.0166 0.0114 0.0007
3 0.4021 0.1783 0.1433 0.1990 0.0484 0.0289
4 0.1659 0.0630 0.3457 0.2268 0.0931 0.1055
5 0.2061 0.0679 0.0950 0.0260 0.5513 0.0537
6 0.1915 0.0508 0.1771 0.0850 0.1799 0.3157
7 0.3962 0.1256 0.0798 0.1276 0.1401 0.1306
8 0.1117 0.1527 0.1327 0.3721 0.1100 0.1208
9 0.1738 0.0649 0.0821 0.2130 0.1038 0.3623
10 0.4346 0.0499 0.0305 0.1770 0.2118 0.0962
11 0.5464 0.0825 0.0711 0.0781 0.1666 0.0554
12 0.2291 0.0123 0.1650 0.0553 0.5244 0.0135
13 0.1218 0.0641 0.1469 0.0934 0.5288 0.0448
14 0.2927 0.0618 0.0712 0.0653 0.0900 0.4192
15 0.1654 0.3906 0.2124 0.0958 0.1102 0.0256
16 0.1129 0.0894 0.2930 0.4907 0.0096 0.0045
17 0.2935 0.1836 0.4041 0.0605 0.0573 0.0011
18 0.2034 0.1304 0.4841 0.0991 0.0815 0.0013
19 0.3831 0.2416 0.1713 0.1345 0.0506 0.0189
20 0.4084 0.2152 0.1057 0.1990 0.0536 0.0181
21 0.2954 0.2229 0.1241 0.2566 0.0880 0.0130
22 0.4216 0.0941 0.0580 0.0575 0.0963 0.2722
23 0.1852 0.0895 0.4307 0.1910 0.0903 0.0134
24 0.1754 0.0450 0.2715 0.0903 0.4141 0.0036
25 0.4558 0.2086 0.1025 0.1057 0.1171 0.0103
26 0.5996 0.1505 0.0532 0.0979 0.0851 0.0136
27 0.3804 0.1016 0.0737 0.2004 0.1882 0.0557
28 0.3252 0.0587 0.0784 0.1768 0.0650 0.2959
29 0.2327 0.0786 0.3660 0.0444 0.0527 0.2256
30 0.2896 0.0761 0.0883 0.3896 0.1001 0.0562
31 0.2261 0.0832 0.1875 0.0233 0.4031 0.0769
32 0.1752 0.0494 0.1301 0.0209 0.5654 0.0591
33 0.2673 0.0809 0.1896 0.0561 0.2512 0.1548
34 0.5430 0.1450 0.0859 0.0609 0.1394 0.0258
35 0.5552 0.1349 0.0452 0.0980 0.1371 0.0299
36 0.0975 0.1375 0.1333 0.4104 0.1582 0.0629
37 0.1445 0.1503 0.1009 0.5044 0.0897 0.0102
38 0.1665 0.0276 0.1219 0.0799 0.1145 0.4895
39 0.2910 0.0262 0.0702 0.2338 0.1140 0.2649
40 0.0839 0.2161 0.6499 0.0390 0.0086 0.0025
41 0.1611 0.0548 0.0181 0.6895 0.0247 0.0519
42 0.3066 0.1816 0.0851 0.3816 0.0442 0.0009
43 0.2046 0.2449 0.0944 0.3452 0.1086 0.0022
44 0.2534 0.3657 0.1160 0.2004 0.0630 0.0014
45 0.0389 0.1317 0.2661 0.5459 0.0094 0.0077
46 0.0695 0.1589 0.1639 0.4124 0.1947 0.0006
47 0.2952 0.1069 0.1736 0.2126 0.1791 0.0326
48 0.3210 0.1298 0.0637 0.1228 0.2025 0.1602
49 0.1746 0.0584 0.4819 0.2040 0.0775 0.0037
50 0.1159 0.2183 0.5361 0.0924 0.0291 0.0082
51 0.0392 0.1207 0.4626 0.2515 0.1179 0.0080
52 0.2908 0.1569 0.2411 0.2773 0.0286 0.0053
53 0.2417 0.2417 0.2035 0.2739 0.0320 0.0074
54 0.2786 0.1265 0.3577 0.1663 0.0682 0.0029
55 0.0924 0.0499 0.1398 0.4805 0.1740 0.0635
56 0.1349 0.0805 0.1414 0.3135 0.2639 0.0657
57 0.5732 0.0723 0.0233 0.1211 0.1981 0.0121
58 0.2281 0.0586 0.1300 0.1260 0.2144 0.2429
59 0.1876 0.1193 0.1174 0.5601 0.0115 0.0041
60 0.1183 0.0633 0.4500 0.3503 0.0101 0.0080
61 0.2217 0.0209 0.0362 0.6934 0.0125 0.0152
62 0.2314 0.1164 0.3394 0.2406 0.0700 0.0022
63 0.3105 0.1433 0.2534 0.0263 0.0897 0.1769
64 0.5474 0.1175 0.0304 0.1121 0.1450 0.0475
65 0.0462 0.1886 0.3811 0.3208 0.0584 0.0048
66 0.0620 0.1713 0.3149 0.2491 0.1971 0.0055
67 0.4297 0.3320 0.1384 0.0490 0.0509 0.0001
68 0.3271 0.2017 0.2866 0.1725 0.0119 0.0002
69 0.0153 0.0033 0.0139 0.0067 0.9443 0.0168
70 0.1255 0.2308 0.3989 0.1274 0.0682 0.0491
71 0.4351 0.4023 0.0575 0.0431 0.0459 0.0161
72 0.1046 0.0356 0.0909 0.0605 0.5742 0.1343
73 0.1472 0.0323 0.0740 0.0740 0.5059 0.1667
74 0.1486 0.0337 0.0930 0.0547 0.4504 0.2196
75 0.2356 0.0502 0.0718 0.0364 0.1148 0.4912
76 0.1818 0.0542 0.1279 0.5776 0.0347 0.0237
77 0.1610 0.0588 0.1284 0.6270 0.0116 0.0134
78 0.1498 0.1223 0.2214 0.0356 0.1385 0.3323
79 0.1401 0.1931 0.3337 0.0242 0.0831 0.2258
80 0.4307 0.1941 0.2397 0.0472 0.0842 0.0042
81 0.2549 0.2395 0.2510 0.0194 0.1925 0.0426
82 0.1279 0.1028 0.0242 0.1920 0.5474 0.0058
83 0.1181 0.2367 0.4856 0.1110 0.0473 0.0012
84 0.0562 0.0294 0.0496 0.5723 0.2832 0.0095
85 0.3638 0.1978 0.3159 0.0632 0.0512 0.0082
86 0.1835 0.0776 0.6504 0.0801 0.0061 0.0024
87 0.0493 0.1605 0.3193 0.4365 0.0279 0.0063
88 0.4836 0.1893 0.1646 0.0180 0.0881 0.0564
89 0.0502 0.1224 0.3652 0.4478 0.0089 0.0055
90 0.1318 0.1128 0.5464 0.1693 0.0169 0.0226
91 0.0687 0.1263 0.4275 0.3489 0.0267 0.0017
92 0.1620 0.0854 0.1807 0.5396 0.0316 0.0008
93 0.0465 0.0404 0.1838 0.7046 0.0211 0.0034
94 0.1500 0.0552 0.1064 0.4551 0.1727 0.0606
95 0.1267 0.0320 0.0831 0.4221 0.2856 0.0504
96 0.2437 0.0849 0.3894 0.2676 0.0104 0.0040
97 0.3181 0.1885 0.2186 0.2458 0.0213 0.0075
98 0.2004 0.2271 0.3745 0.1727 0.0191 0.0063
99 0.2219 0.1048 0.1197 0.4697 0.0597 0.0241
100 0.4272 0.0760 0.2269 0.2217 0.0417 0.0064
101 0.1592 0.0690 0.0776 0.6699 0.0112 0.0130
102 0.2478 0.0863 0.2070 0.4084 0.0341 0.0163
103 0.0976 0.1713 0.2065 0.2737 0.0797 0.1713
104 0.2096 0.2096 0.0944 0.1849 0.1251 0.1764
105 0.2159 0.1012 0.2974 0.3069 0.0614 0.0170
106 0.2332 0.5908 0.1318 0.0125 0.0231 0.0087
107 0.1410 0.0443 0.2983 0.4548 0.0443 0.0171
108 0.2103 0.1625 0.2874 0.1743 0.1587 0.0066
109 0.1664 0.1379 0.1379 0.3335 0.2203 0.0041
110 0.3770 0.0939 0.1304 0.0506 0.2050 0.1431
111 0.2532 0.0170 0.1971 0.3149 0.2002 0.0176
112 0.1937 0.0582 0.3320 0.3220 0.0840 0.0101
113 0.2499 0.0222 0.0445 0.3159 0.3362 0.0313
114 0.5645 0.0256 0.0493 0.1775 0.1630 0.0204
115 0.2620 0.0673 0.1256 0.4385 0.0622 0.0445
116 0.0795 0.0782 0.4790 0.2729 0.0872 0.0030
117 0.0526 0.0583 0.2695 0.4805 0.1355 0.0036
118 0.2456 0.1537 0.1973 0.1769 0.2201 0.0064
119 0.1139 0.0353 0.0807 0.0649 0.5967 0.1086
120 0.3501 0.2058 0.2058 0.0339 0.1733 0.0308
121 0.0431 0.0111 0.0363 0.5942 0.3083 0.0069
122 0.1057 0.0158 0.0448 0.2135 0.6177 0.0023
123 0.3838 0.0877 0.0584 0.4385 0.0285 0.0032
124 0.2344 0.2344 0.1812 0.3105 0.0354 0.0042
125 0.2698 0.2739 0.1501 0.1869 0.1188 0.0005
126 0.2671 0.2888 0.2180 0.0587 0.1396 0.0279
127 0.5884 0.0790 0.0815 0.1609 0.0861 0.0041
128 0.1659 0.0748 0.1158 0.2097 0.4302 0.0036
129 0.3123 0.0983 0.2510 0.2844 0.0397 0.0146
130 0.2080 0.0640 0.1429 0.5229 0.0416 0.0204
131 0.2944 0.0325 0.0341 0.3721 0.1481 0.1190
132 0.0301 0.1370 0.3391 0.4492 0.0438 0.0009
133 0.1980 0.0155 0.0763 0.2140 0.4824 0.0139
134 0.2063 0.1332 0.1223 0.1464 0.3855 0.0063
135 0.0967 0.0731 0.4839 0.2935 0.0359 0.0171
136 0.1769 0.0574 0.1714 0.3105 0.2783 0.0056
137 0.1153 0.2539 0.1010 0.3389 0.1786 0.0124
138 0.1646 0.0131 0.2798 0.0753 0.4543 0.0129
139 0.0526 0.0522 0.2937 0.2654 0.3354 0.0008
140 0.0640 0.0453 0.3101 0.2097 0.3682 0.0028
141 0.0405 0.0344 0.0844 0.6846 0.1552 0.0011
142 0.0677 0.1600 0.4087 0.1871 0.1703 0.0062
143 0.0810 0.0667 0.5986 0.1770 0.0704 0.0063
144 0.0553 0.2037 0.0750 0.0480 0.6177 0.0002
145 0.0922 0.1174 0.1260 0.5513 0.1120 0.0012
146 0.0518 0.0635 0.0368 0.5117 0.3354 0.0008
147 0.0859 0.1104 0.4792 0.3145 0.0055 0.0046
148 0.0631 0.0540 0.0791 0.0519 0.7510 0.0011
149 0.2106 0.4636 0.1318 0.0745 0.1191 0.0006
150 0.1577 0.2090 0.3843 0.2123 0.0320 0.0048
151 0.1222 0.0814 0.2627 0.4758 0.0182 0.0397
152 0.0927 0.0688 0.3389 0.4282 0.0161 0.0553
153 0.0796 0.0681 0.1608 0.6167 0.0630 0.0120
154 0.0918 0.0343 0.2964 0.5039 0.0651 0.0084
155 0.2166 0.2269 0.3684 0.1488 0.0152 0.0241
156 0.0968 0.1014 0.2083 0.5840 0.0040 0.0056
157 0.1337 0.1611 0.2308 0.4592 0.0062 0.0089
158 0.2947 0.1678 0.1787 0.1163 0.1602 0.0825
159 0.3586 0.0613 0.0594 0.1831 0.2075 0.1299
160 0.3147 0.3247 0.1672 0.0362 0.0596 0.0975
161 0.1710 0.0974 0.4365 0.0624 0.1656 0.0670
162 0.3831 0.0725 0.0889 0.1263 0.2286 0.1007
163 0.3030 0.3572 0.1512 0.0440 0.0903 0.0544
164 0.0751 0.0492 0.2922 0.5376 0.0280 0.0180
165 0.0280 0.1295 0.4119 0.3577 0.0088 0.0641
166 0.4875 0.0854 0.2451 0.0796 0.0095 0.0930
167 0.3035 0.0583 0.0869 0.5283 0.0148 0.0082
168 0.2041 0.1565 0.0396 0.5859 0.0091 0.0048
169 0.0381 0.0114 0.5679 0.0459 0.0278 0.3088
170 0.1937 0.1497 0.2690 0.1486 0.0453 0.1937
171 0.1332 0.2213 0.1113 0.4722 0.0615 0.0004
172 0.3186 0.1505 0.3555 0.1059 0.0358 0.0336
173 0.5308 0.0654 0.1863 0.1923 0.0184 0.0068
174 0.2095 0.0316 0.0509 0.6450 0.0091 0.0538
175 0.1111 0.2793 0.3069 0.2837 0.0184 0.0004
176 0.1715 0.2456 0.3745 0.0430 0.0588 0.1065
177 0.2949 0.2059 0.1875 0.0628 0.1566 0.0921
178 0.1835 0.0464 0.4199 0.1923 0.0256 0.1322
179 0.3206 0.0544 0.0870 0.0891 0.3633 0.0856
180 0.2284 0.1671 0.4951 0.0748 0.0337 0.0010
181 0.1427 0.0272 0.1981 0.4902 0.1405 0.0013
182 0.1342 0.0391 0.1384 0.6401 0.0345 0.0137
183 0.1271 0.0724 0.1086 0.6060 0.0747 0.0111
184 0.1287 0.0341 0.2122 0.0512 0.4934 0.0805
185 0.3250 0.2632 0.1132 0.0345 0.2234 0.0407
186 0.2515 0.0282 0.1898 0.3896 0.0940 0.0469
187 0.1190 0.1627 0.4221 0.2600 0.0285 0.0077
188 0.0202 0.0548 0.8184 0.0811 0.0173 0.0084
189 0.4062 0.0442 0.1860 0.3477 0.0029 0.0130
190 0.1924 0.1149 0.2935 0.2756 0.0960 0.0277
191 0.1863 0.0233 0.1222 0.6304 0.0075 0.0304
192 0.0291 0.0744 0.4851 0.1841 0.1730 0.0544
193 0.0385 0.1821 0.6357 0.1418 0.0005 0.0014
194 0.0167 0.0524 0.5205 0.2830 0.1161 0.0111
195 0.1602 0.0328 0.1436 0.6533 0.0095 0.0008
196 0.2834 0.0632 0.2483 0.3669 0.0045 0.0336
197 0.2479 0.0986 0.1458 0.4705 0.0141 0.0232
198 0.2671 0.0522 0.1570 0.4268 0.0295 0.0675
199 0.2939 0.1477 0.1124 0.0626 0.2052 0.1782
200 0.2566 0.1819 0.4099 0.1342 0.0160 0.0014
201 0.1528 0.1589 0.4287 0.2424 0.0157 0.0013
202 0.1552 0.2920 0.3013 0.2402 0.0087 0.0026
203 0.1818 0.0832 0.3586 0.3420 0.0316 0.0028
204 0.4871 0.2527 0.0724 0.1342 0.0457 0.0082
205 0.3669 0.2482 0.1349 0.0878 0.0980 0.0643
206 0.0956 0.0870 0.2991 0.3723 0.1307 0.0152
207 0.2013 0.1543 0.5303 0.0758 0.0334 0.0050
208 0.1381 0.3752 0.4058 0.0710 0.0065 0.0033
209 0.1415 0.3936 0.3018 0.1328 0.0187 0.0117
210 0.0232 0.0484 0.8579 0.0693 0.0011 0.0003
211 0.0894 0.1750 0.5830 0.1113 0.0356 0.0060
212 0.0140 0.0321 0.9243 0.0288 0.0007 0.0002
213 0.0247 0.1572 0.7861 0.0310 0.0007 0.0005
214 0.0243 0.1142 0.3687 0.4587 0.0332 0.0007
215 0.0312 0.0271 0.0772 0.7324 0.1313 0.0006
216 0.0137 0.0158 0.1184 0.7256 0.1203 0.0063
217 0.1254 0.0626 0.0869 0.0503 0.3923 0.2825
218 0.2778 0.0895 0.3198 0.1954 0.1158 0.0016
219 0.3552 0.1307 0.1267 0.2122 0.1731 0.0021
220 0.4714 0.0659 0.0633 0.1340 0.1506 0.1146
221 0.1296 0.0477 0.2137 0.5459 0.0520 0.0111
222 0.0447 0.2695 0.3625 0.2612 0.0561 0.0059
223 0.6680 0.1688 0.0333 0.0602 0.0612 0.0085
224 0.3313 0.1426 0.1448 0.0838 0.2971 0.0005
225 0.0514 0.2754 0.1311 0.1984 0.3428 0.0009
226 0.1029 0.0696 0.4102 0.3145 0.0826 0.0203
227 0.0597 0.0312 0.0407 0.1599 0.7051 0.0031
228 0.0807 0.0449 0.1416 0.4500 0.2815 0.0014
229 0.1196 0.0312 0.2571 0.1536 0.4307 0.0078
230 0.0534 0.0200 0.1620 0.7490 0.0083 0.0075
231 0.1344 0.2654 0.4207 0.1443 0.0312 0.0041
232 0.0518 0.0735 0.6660 0.1737 0.0266 0.0082
233 0.1588 0.3992 0.1962 0.1931 0.0511 0.0015
234 0.1188 0.1226 0.2236 0.5039 0.0298 0.0013
235 0.1471 0.1164 0.3999 0.0832 0.2108 0.0425
236 0.1176 0.1071 0.4722 0.1157 0.1486 0.0388
237 0.1158 0.1880 0.4580 0.2032 0.0305 0.0044
238 0.0395 0.0823 0.3809 0.4521 0.0211 0.0240
239 0.5171 0.1732 0.0662 0.0496 0.1577 0.0363
240 0.6357 0.0998 0.0342 0.0518 0.1620 0.0167
241 0.6235 0.1403 0.0236 0.0571 0.1403 0.0154
242 0.4817 0.1109 0.0396 0.0792 0.2639 0.0247
243 0.2203 0.1091 0.1587 0.2576 0.0905 0.1638
244 0.2203 0.1091 0.1587 0.2576 0.0905 0.1638
245 0.4885 0.1008 0.0325 0.0761 0.1197 0.1825
246 0.4915 0.1022 0.0324 0.0748 0.1185 0.1808
247 0.4915 0.1022 0.0324 0.0748 0.1185 0.1808
248 0.4915 0.1022 0.0324 0.0748 0.1185 0.1808
249 0.4915 0.1022 0.0324 0.0748 0.1185 0.1808
250 0.4915 0.1022 0.0324 0.0748 0.1185 0.1808
251 0.4915 0.1022 0.0324 0.0748 0.1185 0.1808
252 0.4915 0.1022 0.0324 0.0748 0.1185 0.1808
253 0.4915 0.1022 0.0324 0.0748 0.1185 0.1808
254 0.4915 0.1022 0.0324 0.0748 0.1185 0.1808
