time exciting_prob fearful_prob tense_prob sad_prob relaxing_prob neutral_prob
0 0.1136 0.1553 0.1349 0.1288 0.0181 0.4492
1 0.0205 0.0281 0.5381 0.2502 0.1471 0.0157
2 0.1464 0.1487 0.4580 0.1851 0.0573 0.0048
3 0.0321 0.0973 0.1875 0.2603 0.4160 0.0067
4 0.0961 0.0556 0.2305 0.5273 0.0284 0.0620
5 0.0885 0.0678 0.2123 0.5015 0.0375 0.0927
6 0.0791 0.0896 0.2289 0.4771 0.0300 0.0954
7 0.1086 0.0770 0.2732 0.4365 0.0564 0.0482
8 0.0605 0.0685 0.3821 0.4609 0.0060 0.0219
9 0.0072 0.1471 0.1542 0.6289 0.0212 0.0412
10 0.0292 0.0873 0.2817 0.5347 0.0054 0.0619
11 0.1003 0.1051 0.4255 0.1043 0.1816 0.0831
12 0.0582 0.0789 0.4009 0.1157 0.1510 0.1953
13 0.0062 0.3389 0.1771 0.4153 0.0323 0.0303
14 0.0181 0.1926 0.2803 0.4919 0.0145 0.0027
15 0.0171 0.4348 0.4592 0.0540 0.0148 0.0200
16 0.0217 0.4187 0.4458 0.0689 0.0234 0.0215
17 0.2100 0.4048 0.2915 0.0194 0.0687 0.0058
18 0.0709 0.4111 0.4807 0.0220 0.0123 0.0029
19 0.0246 0.1194 0.3245 0.4871 0.0051 0.0394
20 0.0095 0.3079 0.3079 0.3545 0.0058 0.0144
21 0.0093 0.3926 0.4246 0.1467 0.0101 0.0166
22 0.0118 0.4846 0.3438 0.1151 0.0354 0.0094
23 0.0141 0.4561 0.3335 0.1677 0.0121 0.0166
24 0.1528 0.2122 0.4707 0.0964 0.0481 0.0197
25 0.0061 0.3970 0.2729 0.2996 0.0090 0.0155
26 0.0061 0.2883 0.2013 0.4680 0.0172 0.0190
27 0.0392 0.4971 0.1718 0.1978 0.0688 0.0253
28 0.0376 0.0583 0.3406 0.5034 0.0192 0.0407
29 0.0030 0.0704 0.1974 0.6890 0.0027 0.0377
30 0.0623 0.1680 0.4155 0.2642 0.0652 0.0248
31 0.0958 0.1862 0.4502 0.0387 0.2194 0.0098
32 0.0933 0.3132 0.2920 0.2135 0.0374 0.0507
33 0.0423 0.1752 0.1865 0.3052 0.1545 0.1365
34 0.1942 0.2983 0.3892 0.0507 0.0651 0.0025
35 0.0611 0.1881 0.2491 0.1910 0.2781 0.0327
36 0.1400 0.2135 0.3105 0.1091 0.2135 0.0132
37 0.0225 0.2117 0.1797 0.5620 0.0103 0.0139
38 0.0309 0.4399 0.3120 0.1892 0.0231 0.0050
39 0.0353 0.6450 0.2527 0.0319 0.0345 0.0007
40 0.0077 0.2859 0.2091 0.4788 0.0059 0.0127
41 0.0481 0.1814 0.3962 0.3284 0.0421 0.0039
42 0.0391 0.1672 0.4766 0.2847 0.0280 0.0045
43 0.0285 0.2581 0.6289 0.0717 0.0102 0.0027
44 0.0110 0.3967 0.4785 0.0734 0.0390 0.0015
45 0.0360 0.4712 0.2644 0.1437 0.0775 0.0073
46 0.0337 0.2825 0.5703 0.0569 0.0535 0.0031
47 0.1039 0.1674 0.5239 0.1754 0.0259 0.0036
48 0.1649 0.1649 0.0635 0.4277 0.0424 0.1367
49 0.2118 0.4277 0.1929 0.0476 0.1116 0.0083
50 0.0137 0.5063 0.4133 0.0498 0.0158 0.0008
51 0.0166 0.0270 0.0418 0.8672 0.0111 0.0363
52 0.0611 0.0206 0.2100 0.6367 0.0692 0.0026
53 0.0450 0.2668 0.4758 0.1322 0.0696 0.0104
54 0.0577 0.2773 0.3972 0.0915 0.1656 0.0105
55 0.0815 0.2234 0.4805 0.1344 0.0766 0.0036
56 0.0284 0.0952 0.6016 0.0997 0.0801 0.0952
57 0.0276 0.1445 0.3157 0.1613 0.3259 0.0249
58 0.0335 0.1812 0.5493 0.0392 0.1898 0.0070
59 0.1637 0.3206 0.3748 0.0607 0.0374 0.0430
60 0.0333 0.1208 0.4153 0.2024 0.1931 0.0352
61 0.0108 0.1122 0.6558 0.1354 0.0486 0.0373
62 0.0689 0.0806 0.4028 0.3784 0.0124 0.0571
63 0.0265 0.0895 0.2360 0.0502 0.5747 0.0228
64 0.0737 0.0273 0.2693 0.3459 0.0267 0.2571
65 0.3320 0.0718 0.5303 0.0364 0.0177 0.0117
66 0.4907 0.1722 0.2144 0.0707 0.0442 0.0079
67 0.0466 0.0739 0.0488 0.0052 0.8188 0.0066
68 0.0357 0.0657 0.2639 0.3184 0.2854 0.0306
69 0.0669 0.1044 0.3142 0.0364 0.4717 0.0062
70 0.0778 0.1301 0.3538 0.3594 0.0635 0.0153
71 0.0250 0.1619 0.0952 0.0033 0.7144 0.0005
72 0.0154 0.0546 0.6250 0.2229 0.0306 0.0513
73 0.0288 0.1158 0.8169 0.0112 0.0269 0.0005
74 0.0241 0.1633 0.6982 0.0453 0.0670 0.0018
75 0.0972 0.0819 0.3020 0.0764 0.4324 0.0102
76 0.1411 0.1869 0.3806 0.0743 0.2037 0.0132
77 0.0684 0.0643 0.1641 0.4673 0.1830 0.0529
78 0.0581 0.0316 0.1461 0.1655 0.5776 0.0210
79 0.0830 0.0897 0.3494 0.3721 0.0804 0.0253
80 0.1698 0.2284 0.2671 0.2357 0.0777 0.0214
81 0.3479 0.2229 0.2668 0.0120 0.1362 0.0139
82 0.0482 0.3757 0.2971 0.2141 0.0618 0.0030
83 0.0518 0.1570 0.3884 0.2629 0.0840 0.0560
84 0.0370 0.5229 0.1985 0.1204 0.1149 0.0063
85 0.0206 0.0928 0.2905 0.0428 0.5425 0.0107
86 0.0748 0.0784 0.3860 0.3982 0.0111 0.0514
87 0.1881 0.1454 0.3984 0.1584 0.0228 0.0869
88 0.3132 0.2310 0.2383 0.1091 0.0466 0.0617
89 0.3030 0.1559 0.3030 0.0514 0.1621 0.0249
90 0.2871 0.1727 0.3279 0.0307 0.1098 0.0720
91 0.2756 0.2568 0.3484 0.0436 0.0461 0.0295
92 0.3792 0.0814 0.2527 0.1332 0.1241 0.0295
93 0.1960 0.2966 0.3469 0.0434 0.0402 0.0768
94 0.2573 0.2117 0.4111 0.0124 0.0903 0.0172
95 0.2494 0.2134 0.1478 0.1989 0.0611 0.1294
96 0.0982 0.2798 0.3247 0.1062 0.0569 0.1343
97 0.1982 0.2299 0.3093 0.0442 0.1921 0.0262
98 0.1208 0.0647 0.2722 0.3135 0.0417 0.1871
99 0.1660 0.0946 0.4880 0.1584 0.0243 0.0687
100 0.2703 0.1154 0.5210 0.0318 0.0360 0.0257
101 0.1167 0.0502 0.4839 0.3430 0.0032 0.0031
102 0.0721 0.1526 0.7275 0.0392 0.0064 0.0021
103 0.4612 0.2976 0.1697 0.0182 0.0446 0.0089
104 0.1644 0.2430 0.3145 0.0279 0.2468 0.0034
105 0.0843 0.1930 0.2722 0.3494 0.0756 0.0255
106 0.1371 0.1591 0.3755 0.1979 0.1154 0.0149
107 0.2493 0.2634 0.3303 0.0382 0.0748 0.0440
108 0.1072 0.2133 0.4998 0.0320 0.1215 0.0263
109 0.2869 0.2252 0.3079 0.0790 0.0370 0.0640
110 0.3086 0.2422 0.3015 0.0242 0.0756 0.0481
111 0.1111 0.0674 0.5913 0.1890 0.0240 0.0170
112 0.1210 0.0445 0.3137 0.2561 0.0124 0.2522
113 0.1016 0.1099 0.4556 0.2515 0.0602 0.0211
114 0.1466 0.0784 0.1897 0.1443 0.3984 0.0427
115 0.1182 0.0935 0.3018 0.2622 0.0235 0.2010
116 0.3154 0.1467 0.2896 0.1125 0.0911 0.0447
117 0.0709 0.2896 0.5327 0.0255 0.0792 0.0024
118 0.0815 0.4011 0.3948 0.0681 0.0510 0.0036
119 0.1256 0.1814 0.3931 0.1731 0.0500 0.0768
120 0.2203 0.0632 0.1423 0.2700 0.0211 0.2830
121 0.1118 0.2898 0.4524 0.1161 0.0058 0.0242
122 0.1240 0.0521 0.2466 0.3589 0.0435 0.1749
123 0.3345 0.0966 0.2625 0.0375 0.1818 0.0872
124 0.0994 0.0831 0.3418 0.0285 0.4456 0.0016
125 0.1633 0.2303 0.2651 0.2452 0.0426 0.0534
126 0.5210 0.0892 0.3162 0.0046 0.0668 0.0021
127 0.5859 0.0806 0.2260 0.0073 0.0972 0.0028
128 0.0634 0.0457 0.5742 0.2932 0.0031 0.0206
129 0.1108 0.0993 0.5205 0.2102 0.0040 0.0553
130 0.0908 0.1777 0.4983 0.0974 0.1028 0.0329
131 0.1353 0.1683 0.4299 0.1301 0.1194 0.0172
132 0.1047 0.0379 0.0587 0.7271 0.0188 0.0527
133 0.5122 0.2021 0.0817 0.1456 0.0280 0.0305
134 0.0860 0.1176 0.5396 0.2469 0.0049 0.0050
135 0.3679 0.1272 0.4202 0.0376 0.0081 0.0391
136 0.0144 0.4006 0.2585 0.0887 0.2247 0.0130
137 0.0854 0.3027 0.4690 0.0385 0.0784 0.0260
138 0.2424 0.1393 0.2482 0.1760 0.0906 0.1035
139 0.0505 0.0479 0.3120 0.0370 0.5479 0.0050
140 0.0787 0.1591 0.4392 0.0308 0.2881 0.0042
141 0.0544 0.2537 0.2920 0.2876 0.1041 0.0081
142 0.0670 0.3298 0.2032 0.2268 0.1633 0.0097
143 0.0941 0.3962 0.2087 0.1135 0.1758 0.0118
144 0.0988 0.1279 0.5913 0.1616 0.0126 0.0077
145 0.0551 0.0901 0.4797 0.2776 0.0713 0.0260
146 0.0704 0.0876 0.2239 0.4595 0.0710 0.0876
147 0.1084 0.1746 0.4783 0.1163 0.0800 0.0424
148 0.1353 0.1952 0.5264 0.0350 0.0930 0.0149
149 0.1348 0.2292 0.3838 0.0699 0.1689 0.0133
150 0.0817 0.1017 0.5713 0.0257 0.2070 0.0124
151 0.0773 0.2418 0.3547 0.0588 0.2515 0.0159
152 0.1075 0.1653 0.2812 0.0623 0.3611 0.0227
153 0.0302 0.2798 0.5737 0.0026 0.1130 0.0007
154 0.0660 0.2133 0.1399 0.4309 0.0791 0.0709
155 0.2937 0.4048 0.2271 0.0223 0.0483 0.0039
156 0.2886 0.2030 0.3000 0.0707 0.1212 0.0167
157 0.2576 0.2656 0.3059 0.1400 0.0166 0.0144
158 0.0328 0.0442 0.1615 0.6489 0.0050 0.1076
159 0.0723 0.0718 0.5181 0.3240 0.0020 0.0120
160 0.2252 0.1432 0.3252 0.2252 0.0491 0.0320
161 0.0274 0.1945 0.7222 0.0424 0.0091 0.0044
162 0.0618 0.3423 0.5645 0.0153 0.0027 0.0137
163 0.1923 0.1406 0.3735 0.1428 0.0453 0.1053
164 0.4060 0.2057 0.2482 0.0504 0.0627 0.0270
165 0.0891 0.1091 0.5371 0.1638 0.0994 0.0013
166 0.1682 0.2029 0.3560 0.0102 0.2585 0.0042
167 0.0565 0.1741 0.5845 0.0267 0.1366 0.0216
168 0.0280 0.1729 0.6729 0.0829 0.0243 0.0191
169 0.0984 0.3435 0.4480 0.0704 0.0249 0.0146
170 0.1103 0.3293 0.4294 0.0981 0.0139 0.0189
171 0.0641 0.2152 0.4927 0.2152 0.0078 0.0049
172 0.0659 0.2030 0.3677 0.0378 0.3245 0.0010
173 0.0418 0.3997 0.3262 0.1027 0.1119 0.0176
174 0.0133 0.0272 0.0333 0.0533 0.8599 0.0131
175 0.0065 0.4604 0.2927 0.2279 0.0080 0.0047
176 0.0065 0.4829 0.3943 0.1013 0.0125 0.0026
177 0.0475 0.2549 0.5439 0.0322 0.1186 0.0026
178 0.2371 0.1669 0.2998 0.1748 0.1129 0.0087
179 0.1876 0.1405 0.3589 0.0467 0.2544 0.0117
180 0.0753 0.1384 0.5264 0.1644 0.0735 0.0219
181 0.0901 0.3508 0.3401 0.1533 0.0400 0.0256
182 0.2280 0.1362 0.5469 0.0669 0.0212 0.0005
183 0.1575 0.1676 0.5498 0.0993 0.0245 0.0014
184 0.0764 0.1289 0.2793 0.0826 0.4258 0.0070
185 0.0619 0.1078 0.1819 0.2161 0.4197 0.0127
186 0.1914 0.2039 0.2896 0.0843 0.2239 0.0069
187 0.0420 0.2034 0.3921 0.1536 0.1740 0.0351
188 0.1316 0.2203 0.3059 0.0672 0.2576 0.0175
189 0.1411 0.3865 0.2069 0.0715 0.1913 0.0028
190 0.0447 0.4480 0.3381 0.1500 0.0172 0.0018
191 0.0573 0.3196 0.2732 0.2864 0.0629 0.0007
192 0.0402 0.3015 0.4253 0.1719 0.0598 0.0013
193 0.1016 0.0792 0.2986 0.4485 0.0626 0.0095
194 0.1259 0.0516 0.1980 0.4900 0.0838 0.0508
195 0.1527 0.0598 0.1135 0.5674 0.0870 0.0194
196 0.0366 0.1693 0.2174 0.4978 0.0366 0.0421
197 0.0767 0.1142 0.4019 0.0120 0.3894 0.0059
198 0.0776 0.1604 0.2316 0.1519 0.3701 0.0086
199 0.0138 0.4282 0.0897 0.3838 0.0715 0.0130
200 0.0843 0.0616 0.2290 0.5327 0.0804 0.0120
201 0.2744 0.1127 0.3015 0.2172 0.0438 0.0504
202 0.1259 0.0537 0.1129 0.5469 0.1472 0.0136
203 0.0747 0.1396 0.2690 0.4436 0.0681 0.0047
204 0.1276 0.3870 0.3750 0.0434 0.0584 0.0086
205 0.0935 0.3394 0.1566 0.2075 0.1680 0.0349
206 0.0383 0.1729 0.2676 0.3179 0.1927 0.0106
207 0.0288 0.0989 0.1968 0.6353 0.0275 0.0131
208 0.1564 0.2681 0.3840 0.1423 0.0231 0.0261
209 0.0795 0.1290 0.3245 0.2095 0.2527 0.0046
210 0.0156 0.2191 0.0957 0.0851 0.5771 0.0070
211 0.1794 0.0660 0.2034 0.4656 0.0611 0.0245
212 0.1473 0.1439 0.2710 0.2128 0.2178 0.0071
213 0.1256 0.1664 0.4419 0.1033 0.1412 0.0217
214 0.0366 0.0684 0.0995 0.6904 0.0524 0.0524
215 0.0933 0.2576 0.1842 0.3440 0.1189 0.0019
216 0.0522 0.1333 0.2693 0.4875 0.0426 0.0150
217 0.0551 0.0479 0.2146 0.5923 0.0391 0.0510
218 0.0621 0.1274 0.4734 0.3254 0.0046 0.0070
219 0.1255 0.1884 0.1812 0.0349 0.4626 0.0074
220 0.1284 0.1898 0.3279 0.1688 0.1840 0.0010
221 0.0859 0.1461 0.3850 0.3193 0.0563 0.0073
222 0.0676 0.0923 0.4141 0.3328 0.0854 0.0079
223 0.0452 0.0844 0.2156 0.5420 0.0520 0.0608
224 0.2800 0.2181 0.2693 0.1621 0.0606 0.0098
225 0.0439 0.1372 0.2125 0.5259 0.0563 0.0240
226 0.1658 0.1658 0.5518 0.0361 0.0494 0.0311
227 0.1129 0.0752 0.4329 0.3645 0.0115 0.0030
228 0.0436 0.1465 0.4653 0.1713 0.1686 0.0048
229 0.0286 0.2183 0.5405 0.0803 0.1304 0.0021
230 0.1326 0.3105 0.4519 0.0661 0.0282 0.0109
231 0.1351 0.1790 0.4429 0.1655 0.0746 0.0029
232 0.1464 0.0530 0.2375 0.3977 0.1582 0.0072
233 0.0762 0.0775 0.3933 0.4187 0.0251 0.0090
234 0.0431 0.0589 0.0677 0.7515 0.0473 0.0315
235 0.0878 0.1565 0.4709 0.0980 0.1627 0.0242
236 0.2268 0.0976 0.3005 0.2632 0.0822 0.0298
237 0.0433 0.1080 0.6265 0.0671 0.1536 0.0014
238 0.0471 0.2568 0.5522 0.0155 0.1233 0.0047
239 0.0598 0.3337 0.5254 0.0352 0.0445 0.0015
240 0.1133 0.2917 0.2637 0.1411 0.0365 0.1537
241 0.2766 0.2009 0.3694 0.0323 0.0589 0.0617
242 0.1467 0.1562 0.3748 0.1855 0.1065 0.0303
243 0.0903 0.3743 0.1957 0.1039 0.2271 0.0087
244 0.1320 0.0980 0.2175 0.4604 0.0706 0.0215
245 0.0517 0.1373 0.1643 0.0058 0.6401 0.0009
246 0.3059 0.1125 0.1357 0.1743 0.2556 0.0158
247 0.0627 0.1154 0.3042 0.1482 0.3611 0.0084
248 0.3113 0.2386 0.2386 0.0806 0.1288 0.0021
249 0.0920 0.1404 0.2279 0.4675 0.0344 0.0378
250 0.1832 0.1147 0.3730 0.2644 0.0460 0.0186
251 0.1282 0.1223 0.2568 0.2412 0.2196 0.0319
252 0.1713 0.3953 0.3328 0.0671 0.0332 0.0004
253 0.0335 0.0941 0.6738 0.0699 0.1208 0.0082
254 0.1067 0.4600 0.2788 0.0383 0.0979 0.0182
255 0.0850 0.4597 0.3311 0.0109 0.1092 0.0039
256 0.0996 0.0958 0.1721 0.6006 0.0299 0.0021
257 0.1454 0.2435 0.4077 0.1674 0.0269 0.0090
258 0.1881 0.3005 0.2200 0.2571 0.0241 0.0100
259 0.1855 0.0469 0.2537 0.4595 0.0371 0.0173
260 0.1467 0.0993 0.2700 0.4314 0.0417 0.0111
261 0.0293 0.3081 0.2761 0.2325 0.1478 0.0062
262 0.0767 0.0767 0.1742 0.2307 0.4177 0.0239
263 0.1136 0.1553 0.1349 0.1288 0.0181 0.4492
264 0.1136 0.1553 0.1349 0.1288 0.0181 0.4492
