time exciting_prob fearful_prob tense_prob sad_prob relaxing_prob neutral_prob
0 0.1136 0.1553 0.1349 0.1288 0.0181 0.4492
1 0.0399 0.2408 0.4033 0.2028 0.0794 0.0336
2 0.0772 0.1727 0.2288 0.4844 0.0063 0.0307
3 0.0872 0.4163 0.2708 0.1776 0.0055 0.0425
4 0.0580 0.4089 0.4707 0.0374 0.0177 0.0072
5 0.0269 0.3325 0.6118 0.0159 0.0083 0.0046
6 0.0487 0.1410 0.3228 0.2289 0.0110 0.2476
7 0.0377 0.1702 0.4485 0.2053 0.0215 0.1169
8 0.1151 0.5576 0.2218 0.0855 0.0178 0.0024
9 0.0610 0.3948 0.1836 0.3428 0.0143 0.0037
10 0.0467 0.3315 0.5640 0.0396 0.0075 0.0107
11 0.0966 0.2952 0.2446 0.2905 0.0226 0.0505
12 0.1556 0.1508 0.5601 0.0900 0.0183 0.0250
13 0.1427 0.2544 0.4329 0.0966 0.0139 0.0595
14 0.1394 0.2729 0.2334 0.2949 0.0053 0.0541
15 0.1602 0.1704 0.1287 0.5249 0.0023 0.0134
16 0.2228 0.4717 0.2566 0.0439 0.0021 0.0029
17 0.3008 0.2961 0.0992 0.2781 0.0063 0.0197
18 0.2642 0.1802 0.3394 0.1448 0.0037 0.0679
19 0.2827 0.1741 0.4177 0.0969 0.0034 0.0253
20 0.0942 0.0988 0.2026 0.4785 0.0140 0.1119
21 0.0261 0.4385 0.5044 0.0229 0.0009 0.0072
22 0.0154 0.6401 0.2668 0.0586 0.0003 0.0190
23 0.1058 0.4421 0.3496 0.0673 0.0024 0.0328
24 0.0814 0.2078 0.5737 0.1202 0.0004 0.0168
25 0.0475 0.2080 0.4761 0.2284 0.0022 0.0379
26 0.0421 0.0485 0.2876 0.5996 0.0011 0.0212
27 0.0918 0.1826 0.6680 0.0430 0.0014 0.0131
28 0.1203 0.2247 0.2507 0.3220 0.0173 0.0649
29 0.3152 0.2493 0.2737 0.0809 0.0295 0.0514
30 0.1908 0.1836 0.3484 0.1658 0.0101 0.1014
31 0.1056 0.1882 0.1796 0.4243 0.0092 0.0932
32 0.1331 0.2625 0.2839 0.2839 0.0061 0.0306
33 0.1976 0.4421 0.2189 0.0994 0.0149 0.0272
34 0.1935 0.4395 0.2708 0.0663 0.0061 0.0238
35 0.3398 0.3096 0.1605 0.1202 0.0092 0.0605
36 0.0680 0.6924 0.2030 0.0329 0.0008 0.0031
37 0.0448 0.6182 0.2203 0.1049 0.0010 0.0111
38 0.0794 0.3909 0.4939 0.0130 0.0146 0.0083
39 0.0963 0.5210 0.3469 0.0077 0.0090 0.0193
40 0.1107 0.3687 0.4961 0.0097 0.0072 0.0079
41 0.0835 0.5361 0.3569 0.0075 0.0041 0.0119
42 0.0419 0.5610 0.3796 0.0055 0.0030 0.0089
43 0.1376 0.1823 0.4441 0.1865 0.0200 0.0297
44 0.1401 0.0589 0.2440 0.3838 0.0285 0.1445
45 0.2649 0.2146 0.3855 0.1088 0.0108 0.0154
46 0.1212 0.0591 0.3618 0.2732 0.0214 0.1631
47 0.1935 0.0746 0.1289 0.3789 0.0149 0.2092
48 0.1801 0.1931 0.1691 0.2258 0.0061 0.2258
49 0.1031 0.5708 0.2494 0.0401 0.0131 0.0234
50 0.0453 0.3003 0.6255 0.0157 0.0076 0.0055
51 0.0967 0.3376 0.4761 0.0096 0.0114 0.0686
52 0.1554 0.1616 0.4497 0.0851 0.0361 0.1119
53 0.0995 0.4934 0.2900 0.0627 0.0065 0.0477
54 0.1077 0.5557 0.2013 0.0951 0.0114 0.0288
55 0.2659 0.2988 0.1180 0.1975 0.0090 0.1108
56 0.1600 0.5991 0.1550 0.0683 0.0083 0.0092
57 0.0902 0.4407 0.3030 0.0708 0.0126 0.0828
58 0.0362 0.4109 0.1796 0.0720 0.0053 0.2961
59 0.0523 0.2151 0.2761 0.0693 0.0040 0.3833
60 0.0797 0.1501 0.1598 0.1324 0.0009 0.4771
61 0.0584 0.4888 0.3989 0.0197 0.0130 0.0213
62 0.0298 0.4697 0.4343 0.0307 0.0059 0.0296
63 0.0751 0.0357 0.0710 0.7759 0.0035 0.0386
64 0.1438 0.1250 0.1555 0.5430 0.0047 0.0281
65 0.0392 0.0869 0.3491 0.1501 0.0144 0.3601
66 0.0205 0.3638 0.5049 0.0462 0.0077 0.0567
67 0.0224 0.3022 0.5474 0.0329 0.0060 0.0894
68 0.0828 0.1185 0.4404 0.2981 0.0286 0.0316
69 0.2001 0.1149 0.4043 0.2001 0.0171 0.0635
70 0.2800 0.2250 0.1672 0.2800 0.0029 0.0450
71 0.1938 0.1194 0.2649 0.3457 0.0059 0.0702
72 0.1622 0.4512 0.1768 0.2034 0.0017 0.0047
73 0.0630 0.5039 0.2343 0.1853 0.0030 0.0104
74 0.0855 0.1115 0.4551 0.1754 0.0126 0.1598
75 0.2153 0.2499 0.3809 0.0824 0.0428 0.0287
76 0.0587 0.4009 0.4761 0.0490 0.0030 0.0124
77 0.1813 0.0970 0.3838 0.2722 0.0251 0.0408
78 0.0143 0.6802 0.2705 0.0336 0.0005 0.0010
79 0.0374 0.5625 0.3748 0.0170 0.0053 0.0030
80 0.1638 0.1379 0.3635 0.2966 0.0111 0.0270
81 0.0092 0.3892 0.1782 0.4209 0.0005 0.0022
82 0.0604 0.1580 0.4941 0.2446 0.0238 0.0189
83 0.0085 0.1323 0.0578 0.7979 0.0009 0.0026
84 0.0392 0.4214 0.4348 0.0721 0.0187 0.0139
85 0.0795 0.1157 0.6978 0.0649 0.0099 0.0324
86 0.0511 0.1537 0.6777 0.0371 0.0105 0.0698
87 0.0975 0.2393 0.4648 0.1671 0.0091 0.0223
88 0.0648 0.2686 0.5776 0.0537 0.0096 0.0258
89 0.1367 0.0755 0.3230 0.1207 0.2290 0.1152
90 0.1628 0.0658 0.4641 0.1415 0.1019 0.0638
91 0.1147 0.2668 0.5063 0.0605 0.0128 0.0390
92 0.0356 0.1486 0.6655 0.0782 0.0204 0.0517
93 0.0158 0.0249 0.8115 0.0437 0.0010 0.1031
94 0.0286 0.2510 0.5654 0.0707 0.0018 0.0827
95 0.0430 0.3054 0.6074 0.0083 0.0009 0.0351
96 0.0357 0.3835 0.4924 0.0383 0.0030 0.0472
97 0.1729 0.3411 0.3894 0.0767 0.0056 0.0145
98 0.4583 0.1910 0.2050 0.0376 0.0205 0.0875
99 0.2030 0.3914 0.1096 0.2754 0.0180 0.0027
100 0.1414 0.3499 0.1459 0.3237 0.0372 0.0020
101 0.0239 0.2671 0.5068 0.1475 0.0061 0.0486
102 0.0257 0.3440 0.5005 0.1033 0.0062 0.0205
103 0.0598 0.2578 0.6089 0.0594 0.0041 0.0097
104 0.0791 0.2151 0.5620 0.1169 0.0041 0.0225
105 0.0100 0.4873 0.4873 0.0100 0.0009 0.0044
106 0.0376 0.7046 0.2473 0.0057 0.0011 0.0034
107 0.0226 0.3669 0.5864 0.0061 0.0038 0.0145
108 0.0350 0.4866 0.4644 0.0051 0.0013 0.0075
109 0.0971 0.1218 0.4817 0.2744 0.0070 0.0180
110 0.2856 0.1209 0.3994 0.1317 0.0455 0.0168
111 0.1672 0.1409 0.3223 0.2590 0.0145 0.0960
112 0.0854 0.3274 0.5151 0.0583 0.0103 0.0033
113 0.0536 0.0519 0.7935 0.0919 0.0042 0.0049
114 0.1104 0.1606 0.5830 0.1176 0.0133 0.0151
115 0.2169 0.3257 0.4314 0.0076 0.0169 0.0017
116 0.1082 0.3438 0.4771 0.0611 0.0070 0.0029
117 0.1465 0.2571 0.5273 0.0635 0.0009 0.0044
118 0.0853 0.3452 0.5518 0.0088 0.0082 0.0010
119 0.0482 0.4397 0.4905 0.0155 0.0038 0.0021
120 0.0986 0.0911 0.7114 0.0667 0.0117 0.0205
121 0.0759 0.2866 0.3147 0.2957 0.0058 0.0211
122 0.2156 0.3555 0.3289 0.0913 0.0039 0.0048
123 0.2418 0.2656 0.4346 0.0113 0.0424 0.0044
124 0.2622 0.2010 0.5171 0.0068 0.0103 0.0025
125 0.2146 0.2690 0.4333 0.0582 0.0221 0.0027
126 0.3010 0.2678 0.3806 0.0298 0.0194 0.0011
127 0.1163 0.3755 0.4976 0.0074 0.0021 0.0011
128 0.1576 0.1481 0.4023 0.2188 0.0091 0.0641
129 0.3337 0.2661 0.1705 0.0964 0.1298 0.0035
130 0.2039 0.1469 0.4890 0.1198 0.0269 0.0137
131 0.2998 0.2159 0.3191 0.1508 0.0116 0.0027
132 0.1109 0.2788 0.4055 0.1871 0.0065 0.0112
133 0.2185 0.1663 0.4812 0.1216 0.0035 0.0089
134 0.1027 0.1154 0.7124 0.0215 0.0039 0.0438
135 0.1804 0.0501 0.6914 0.0449 0.0031 0.0299
136 0.3943 0.1138 0.3506 0.0718 0.0581 0.0114
137 0.0839 0.2390 0.3940 0.1997 0.0148 0.0685
138 0.0903 0.3630 0.4312 0.0797 0.0074 0.0284
139 0.1727 0.2252 0.2937 0.2847 0.0082 0.0152
140 0.0217 0.0311 0.8159 0.0200 0.0009 0.1104
141 0.0954 0.2761 0.3079 0.0896 0.2218 0.0092
142 0.0812 0.5210 0.3582 0.0285 0.0086 0.0025
143 0.1216 0.2253 0.5366 0.0236 0.0548 0.0383
144 0.0947 0.2593 0.5664 0.0174 0.0401 0.0223
145 0.1146 0.1592 0.5220 0.1818 0.0054 0.0173
146 0.2917 0.2964 0.3491 0.0401 0.0206 0.0020
147 0.0528 0.4150 0.4487 0.0798 0.0023 0.0015
148 0.0494 0.1078 0.8223 0.0154 0.0015 0.0038
149 0.2676 0.2101 0.3630 0.1040 0.0056 0.0499
150 0.1530 0.3188 0.5015 0.0197 0.0029 0.0042
151 0.1383 0.3506 0.4536 0.0342 0.0202 0.0031
152 0.0190 0.3186 0.5591 0.0781 0.0061 0.0191
153 0.1936 0.5605 0.1682 0.0399 0.0052 0.0326
154 0.0848 0.4587 0.3203 0.0693 0.0646 0.0022
155 0.0384 0.5552 0.3640 0.0160 0.0110 0.0157
156 0.1199 0.6235 0.2223 0.0076 0.0199 0.0068
157 0.1848 0.0753 0.5693 0.0997 0.0041 0.0670
158 0.1047 0.2002 0.5190 0.1420 0.0118 0.0221
159 0.1594 0.2301 0.4946 0.1013 0.0096 0.0050
160 0.0821 0.0634 0.5566 0.1301 0.1545 0.0133
161 0.0939 0.0601 0.5615 0.0681 0.2034 0.0128
162 0.0408 0.1288 0.5547 0.0202 0.2542 0.0013
163 0.0135 0.4575 0.2373 0.2864 0.0015 0.0037
164 0.0082 0.4526 0.2539 0.2832 0.0002 0.0020
165 0.2345 0.2185 0.4963 0.0340 0.0146 0.0020
166 0.0336 0.1993 0.7407 0.0032 0.0156 0.0079
167 0.1615 0.3315 0.1201 0.0242 0.2463 0.1163
168 0.1510 0.3098 0.1213 0.0681 0.2375 0.1122
169 0.1405 0.2905 0.4717 0.0820 0.0109 0.0042
170 0.0679 0.3420 0.4976 0.0745 0.0060 0.0119
171 0.0935 0.1003 0.5381 0.2075 0.0512 0.0093
172 0.1696 0.0989 0.2795 0.3535 0.0542 0.0443
173 0.1292 0.2147 0.5654 0.0514 0.0367 0.0025
174 0.1256 0.1786 0.4316 0.2170 0.0374 0.0095
175 0.1559 0.1464 0.5151 0.1030 0.0765 0.0033
176 0.1278 0.1963 0.4321 0.1802 0.0603 0.0032
177 0.0695 0.3611 0.5171 0.0127 0.0374 0.0022
178 0.0349 0.1626 0.3040 0.4932 0.0048 0.0006
179 0.0721 0.2053 0.4280 0.2786 0.0152 0.0008
180 0.0476 0.1089 0.7217 0.0640 0.0561 0.0016
181 0.1324 0.2939 0.5039 0.0611 0.0070 0.0018
182 0.1394 0.3643 0.4226 0.0638 0.0032 0.0066
183 0.1414 0.3694 0.3840 0.0488 0.0374 0.0188
184 0.0690 0.0669 0.1270 0.0746 0.6250 0.0375
185 0.1141 0.0354 0.0626 0.2252 0.4919 0.0709
186 0.0606 0.0910 0.6270 0.1098 0.0939 0.0177
187 0.3340 0.1043 0.0899 0.3936 0.0318 0.0463
188 0.0499 0.4053 0.5122 0.0146 0.0171 0.0008
189 0.0479 0.2450 0.6870 0.0104 0.0077 0.0018
190 0.1053 0.1121 0.4199 0.3320 0.0163 0.0143
191 0.4243 0.0465 0.1973 0.2455 0.0583 0.0282
192 0.3933 0.1614 0.2832 0.0757 0.0532 0.0331
193 0.1682 0.1735 0.3789 0.2563 0.0079 0.0150
194 0.2573 0.1273 0.3545 0.2235 0.0131 0.0243
195 0.2959 0.1633 0.3889 0.1233 0.0122 0.0166
196 0.4946 0.3269 0.1364 0.0184 0.0130 0.0107
197 0.3066 0.3474 0.2603 0.0372 0.0378 0.0109
198 0.1744 0.3086 0.4597 0.0231 0.0272 0.0070
199 0.4099 0.1147 0.3479 0.0735 0.0493 0.0048
200 0.5479 0.0808 0.2374 0.0573 0.0555 0.0211
201 0.2422 0.0934 0.1469 0.4597 0.0283 0.0296
202 0.4998 0.1205 0.2379 0.0472 0.0731 0.0215
203 0.1197 0.2939 0.4626 0.1099 0.0087 0.0051
204 0.3867 0.1180 0.1716 0.2188 0.0750 0.0298
205 0.2487 0.0283 0.2161 0.4297 0.0517 0.0256
206 0.1945 0.2659 0.1689 0.3386 0.0177 0.0146
207 0.2136 0.2023 0.2136 0.3257 0.0315 0.0131
208 0.2905 0.1617 0.3730 0.0525 0.1103 0.0119
209 0.0837 0.1553 0.7349 0.0164 0.0091 0.0008
210 0.0195 0.2179 0.2112 0.5479 0.0018 0.0018
211 0.0212 0.3245 0.3000 0.3455 0.0048 0.0041
212 0.3682 0.1970 0.1022 0.2715 0.0359 0.0254
213 0.2576 0.3035 0.2917 0.0194 0.1099 0.0181
214 0.3901 0.0870 0.0739 0.4153 0.0138 0.0199
215 0.1188 0.0743 0.6177 0.1561 0.0133 0.0200
216 0.1412 0.1083 0.4631 0.2024 0.0532 0.0318
217 0.0680 0.1484 0.4756 0.2246 0.0314 0.0521
218 0.2201 0.1973 0.0969 0.4243 0.0050 0.0565
219 0.1707 0.1068 0.3728 0.3140 0.0240 0.0119
220 0.3442 0.1199 0.3442 0.1127 0.0115 0.0673
221 0.3279 0.2893 0.2515 0.0855 0.0188 0.0271
222 0.2612 0.2198 0.3950 0.0999 0.0144 0.0096
223 0.1342 0.3191 0.4536 0.0649 0.0177 0.0104
224 0.2703 0.2791 0.3162 0.0164 0.0956 0.0225
225 0.1713 0.0692 0.2571 0.4441 0.0218 0.0367
226 0.1175 0.0453 0.1835 0.5830 0.0295 0.0413
227 0.1903 0.0627 0.2208 0.4255 0.0935 0.0069
228 0.0472 0.1244 0.2593 0.5400 0.0211 0.0078
229 0.0396 0.0678 0.1370 0.7290 0.0225 0.0044
230 0.0512 0.1101 0.2443 0.5010 0.0757 0.0176
231 0.1137 0.2059 0.3091 0.3044 0.0270 0.0399
232 0.2961 0.0433 0.2532 0.3462 0.0127 0.0483
233 0.1360 0.1816 0.5425 0.0700 0.0088 0.0613
234 0.0706 0.3113 0.5767 0.0266 0.0093 0.0057
235 0.2854 0.3608 0.1110 0.1218 0.1083 0.0124
236 0.3408 0.3743 0.2289 0.0130 0.0330 0.0100
237 0.2042 0.0812 0.1350 0.4529 0.0148 0.1119
238 0.3069 0.1061 0.1342 0.3911 0.0165 0.0453
239 0.3582 0.2812 0.2106 0.0328 0.0627 0.0545
240 0.1350 0.1299 0.4226 0.2793 0.0100 0.0231
241 0.1458 0.6279 0.0919 0.1025 0.0208 0.0111
242 0.0464 0.5698 0.2268 0.0938 0.0479 0.0151
243 0.0535 0.5659 0.3079 0.0359 0.0104 0.0263
244 0.0544 0.5449 0.3203 0.0307 0.0043 0.0454
245 0.0308 0.5420 0.3289 0.0272 0.0030 0.0679
246 0.0441 0.3840 0.4421 0.0303 0.0045 0.0948
247 0.0353 0.4990 0.3948 0.0212 0.0034 0.0464
248 0.0311 0.4492 0.3667 0.0289 0.0034 0.1209
249 0.1429 0.1343 0.0854 0.2888 0.0362 0.3123
250 0.1429 0.1343 0.0854 0.2888 0.0362 0.3123
251 0.1429 0.1343 0.0854 0.2888 0.0362 0.3123
