time exciting_prob fearful_prob tense_prob sad_prob relaxing_prob neutral_prob
0 0.1482 0.1228 0.0733 0.2642 0.0363 0.3555
1 0.4468 0.1147 0.0551 0.0161 0.3647 0.0024
2 0.2830 0.1306 0.0891 0.0386 0.4558 0.0029
3 0.1415 0.0826 0.0668 0.0690 0.6343 0.0058
4 0.2072 0.1434 0.0566 0.0151 0.5762 0.0014
5 0.2910 0.0938 0.0828 0.2712 0.1738 0.0874
6 0.2927 0.2297 0.1483 0.1449 0.1693 0.0152
7 0.2673 0.2183 0.2803 0.1926 0.0277 0.0138
8 0.2590 0.0868 0.1168 0.3079 0.1334 0.0961
9 0.1624 0.0962 0.1197 0.5366 0.0579 0.0273
10 0.3713 0.1443 0.2593 0.0660 0.1168 0.0423
11 0.1804 0.0533 0.0412 0.4329 0.2076 0.0845
12 0.2458 0.0484 0.0185 0.0125 0.6733 0.0013
13 0.2035 0.0854 0.0889 0.3252 0.2612 0.0359
14 0.4055 0.2479 0.1801 0.0549 0.0608 0.0508
15 0.2435 0.1047 0.1355 0.3276 0.1273 0.0611
16 0.1587 0.2615 0.3306 0.1611 0.0515 0.0365
17 0.1053 0.5518 0.1805 0.0735 0.0649 0.0242
18 0.0972 0.3904 0.1993 0.2073 0.0632 0.0428
19 0.0453 0.6445 0.2815 0.0134 0.0094 0.0058
20 0.3447 0.2208 0.2971 0.0604 0.0521 0.0248
21 0.0679 0.0352 0.1372 0.6650 0.0619 0.0326
22 0.2191 0.5137 0.1085 0.0459 0.1068 0.0061
23 0.3345 0.4646 0.0873 0.0358 0.0577 0.0201
24 0.3459 0.3379 0.1823 0.0416 0.0606 0.0317
25 0.2654 0.2654 0.3545 0.0197 0.0570 0.0379
26 0.1294 0.6123 0.1455 0.0451 0.0552 0.0124
27 0.1119 0.3315 0.1542 0.0418 0.3367 0.0238
28 0.0751 0.3752 0.1018 0.0289 0.4121 0.0069
29 0.1067 0.4707 0.2480 0.1058 0.0301 0.0386
30 0.1345 0.0626 0.2474 0.4209 0.0175 0.1169
31 0.3079 0.2455 0.3103 0.0651 0.0259 0.0454
32 0.2769 0.1746 0.3752 0.0549 0.0558 0.0627
33 0.2455 0.2717 0.3079 0.0896 0.0257 0.0597
34 0.3054 0.2100 0.1410 0.1047 0.2361 0.0027
35 0.0601 0.1322 0.2017 0.5483 0.0340 0.0239
36 0.1351 0.1967 0.2126 0.3293 0.0086 0.1174
37 0.1161 0.0940 0.2037 0.4246 0.0849 0.0767
38 0.0983 0.2375 0.3350 0.2231 0.0479 0.0582
39 0.3706 0.0998 0.2864 0.1271 0.1038 0.0123
40 0.2025 0.2057 0.3286 0.1844 0.0594 0.0193
41 0.2206 0.1218 0.3040 0.2024 0.1458 0.0055
42 0.2483 0.0689 0.1003 0.4031 0.1329 0.0467
43 0.1315 0.3279 0.1741 0.2717 0.0327 0.0621
44 0.0446 0.7793 0.1282 0.0284 0.0043 0.0151
45 0.1404 0.6240 0.0920 0.1011 0.0258 0.0165
46 0.2358 0.0714 0.3027 0.2433 0.0861 0.0606
47 0.0797 0.5488 0.1388 0.1810 0.0239 0.0278
48 0.5630 0.2222 0.1266 0.0349 0.0431 0.0103
49 0.3901 0.3064 0.1627 0.0553 0.0594 0.0261
50 0.1569 0.0475 0.4983 0.2391 0.0275 0.0309
51 0.1744 0.1091 0.4631 0.2054 0.0308 0.0171
52 0.0668 0.4126 0.3787 0.1068 0.0201 0.0149
53 0.1279 0.1320 0.5645 0.1129 0.0238 0.0390
54 0.1497 0.5562 0.1619 0.0887 0.0397 0.0037
55 0.0857 0.1083 0.4216 0.2681 0.0129 0.1033
56 0.3416 0.3635 0.1108 0.0756 0.0341 0.0745
57 0.1016 0.2827 0.3865 0.1898 0.0293 0.0098
58 0.1691 0.1083 0.0739 0.3208 0.2876 0.0402
59 0.0933 0.6782 0.1514 0.0488 0.0230 0.0052
60 0.2040 0.1915 0.1814 0.3523 0.0224 0.0484
61 0.2527 0.1112 0.1998 0.3398 0.0229 0.0735
62 0.3269 0.2355 0.1619 0.0490 0.2178 0.0090
63 0.4170 0.0998 0.3403 0.0975 0.0379 0.0075
64 0.1490 0.0374 0.4736 0.3203 0.0059 0.0138
65 0.3838 0.0773 0.0636 0.1562 0.3132 0.0060
66 0.1733 0.0412 0.2158 0.4094 0.1249 0.0352
67 0.4373 0.2358 0.0681 0.1080 0.1293 0.0216
68 0.1375 0.0894 0.2798 0.3765 0.0461 0.0707
69 0.1338 0.0473 0.1381 0.5811 0.0576 0.0421
70 0.3943 0.2300 0.1968 0.1250 0.0475 0.0064
71 0.1792 0.2230 0.2820 0.1486 0.1148 0.0526
72 0.3018 0.2542 0.2463 0.1693 0.0264 0.0020
73 0.2365 0.0492 0.1296 0.4778 0.0677 0.0392
74 0.3101 0.1941 0.0822 0.1726 0.1971 0.0440
75 0.0866 0.2448 0.3118 0.2839 0.0486 0.0242
76 0.3511 0.2214 0.1030 0.1343 0.1453 0.0450
77 0.5029 0.1672 0.1865 0.1168 0.0251 0.0013
78 0.2734 0.4170 0.1365 0.1006 0.0406 0.0319
79 0.0963 0.2291 0.3083 0.0970 0.0963 0.1730
80 0.1000 0.1116 0.4082 0.3130 0.0247 0.0427
81 0.0770 0.0981 0.4329 0.3269 0.0538 0.0114
82 0.2256 0.1125 0.2478 0.3232 0.0398 0.0511
83 0.1705 0.1163 0.0781 0.4895 0.1042 0.0414
84 0.0554 0.3140 0.3091 0.0899 0.0663 0.1654
85 0.1218 0.0441 0.2460 0.5127 0.0242 0.0515
86 0.0678 0.0733 0.1639 0.6484 0.0253 0.0215
87 0.4417 0.1117 0.1915 0.1625 0.0870 0.0056
88 0.0598 0.0236 0.2515 0.6426 0.0135 0.0092
89 0.0945 0.0490 0.4106 0.3918 0.0436 0.0106
90 0.2729 0.1146 0.2389 0.2666 0.1011 0.0060
91 0.0930 0.0691 0.2649 0.4575 0.0284 0.0873
92 0.1757 0.1899 0.1575 0.2852 0.0862 0.1057
93 0.0673 0.1677 0.5332 0.1842 0.0068 0.0408
94 0.2324 0.1324 0.4480 0.1142 0.0515 0.0215
95 0.1824 0.0660 0.5444 0.1106 0.0828 0.0138
96 0.1350 0.3699 0.2705 0.1542 0.0609 0.0096
97 0.1092 0.3337 0.1746 0.1653 0.0508 0.1665
98 0.3469 0.2258 0.2922 0.0612 0.0414 0.0323
99 0.2325 0.1489 0.2534 0.1769 0.1040 0.0842
100 0.2737 0.1488 0.3125 0.1168 0.1055 0.0426
101 0.1481 0.1162 0.1527 0.2898 0.1002 0.1931
102 0.0539 0.1940 0.6562 0.0736 0.0197 0.0029
103 0.1805 0.0538 0.3733 0.3506 0.0356 0.0062
104 0.1057 0.1991 0.3662 0.0955 0.1295 0.1041
105 0.1544 0.0997 0.2607 0.3914 0.0629 0.0309
106 0.3254 0.1315 0.4414 0.0786 0.0210 0.0021
107 0.1030 0.3098 0.4202 0.0748 0.0151 0.0771
108 0.0416 0.0828 0.1354 0.5884 0.0206 0.1312
109 0.1261 0.2196 0.2179 0.1322 0.1486 0.1558
110 0.0893 0.2028 0.2142 0.0928 0.0559 0.3450
111 0.1802 0.1191 0.2224 0.1482 0.2260 0.1042
112 0.4053 0.1422 0.1188 0.1703 0.1587 0.0048
113 0.3955 0.0227 0.1016 0.3657 0.0842 0.0305
114 0.3950 0.1149 0.1097 0.2610 0.1123 0.0071
115 0.1772 0.1718 0.2832 0.2661 0.0898 0.0121
116 0.1279 0.0493 0.0718 0.5645 0.0663 0.1202
117 0.4158 0.1733 0.1371 0.0942 0.1747 0.0050
118 0.2351 0.1483 0.2351 0.3501 0.0205 0.0108
119 0.0393 0.1709 0.5347 0.2299 0.0042 0.0212
120 0.3315 0.0585 0.1043 0.3447 0.0988 0.0623
121 0.1414 0.0125 0.1287 0.6045 0.0190 0.0941
122 0.0891 0.0249 0.3013 0.4739 0.0117 0.0993
123 0.0526 0.0162 0.1046 0.7852 0.0214 0.0201
124 0.1674 0.0565 0.2532 0.3433 0.1377 0.0420
125 0.4814 0.2559 0.1691 0.0368 0.0080 0.0488
126 0.6006 0.1803 0.1309 0.0369 0.0355 0.0160
127 0.4658 0.1047 0.1235 0.1853 0.0267 0.0939
128 0.3757 0.0839 0.1506 0.3530 0.0142 0.0226
129 0.4653 0.1168 0.1808 0.0760 0.0931 0.0681
130 0.5728 0.1449 0.2091 0.0378 0.0297 0.0056
131 0.2205 0.0891 0.2239 0.3809 0.0405 0.0451
132 0.2649 0.1062 0.2754 0.2196 0.1261 0.0075
133 0.4050 0.1769 0.2573 0.0904 0.0269 0.0434
134 0.2637 0.2874 0.1812 0.0977 0.0407 0.1295
135 0.2219 0.0343 0.1702 0.5239 0.0284 0.0211
136 0.5171 0.1182 0.0871 0.1859 0.0303 0.0613
137 0.3975 0.0770 0.1203 0.1907 0.2078 0.0067
138 0.0590 0.0831 0.1934 0.6338 0.0191 0.0114
139 0.3850 0.0555 0.1086 0.4036 0.0323 0.0148
140 0.4578 0.1606 0.1893 0.1697 0.0157 0.0069
141 0.3086 0.1541 0.0259 0.3933 0.1163 0.0018
142 0.5166 0.0739 0.1189 0.2517 0.0174 0.0215
143 0.2561 0.0825 0.3018 0.2661 0.0648 0.0289
144 0.1582 0.0506 0.0789 0.6162 0.0620 0.0342
145 0.4397 0.1260 0.1240 0.2194 0.0735 0.0176
146 0.5376 0.1653 0.0799 0.0325 0.1759 0.0089
147 0.1740 0.1055 0.3860 0.2612 0.0543 0.0191
148 0.2539 0.2106 0.2009 0.1067 0.2122 0.0156
149 0.5811 0.1002 0.0637 0.0683 0.1772 0.0095
150 0.1914 0.0536 0.1914 0.5283 0.0087 0.0267
151 0.2181 0.0983 0.0725 0.4995 0.0815 0.0300
152 0.4443 0.1047 0.1168 0.1344 0.1597 0.0401
153 0.2330 0.1459 0.2025 0.3499 0.0598 0.0090
154 0.2064 0.1909 0.4041 0.1582 0.0312 0.0093
155 0.4170 0.1063 0.0999 0.3298 0.0370 0.0098
156 0.2759 0.3030 0.1512 0.1089 0.1548 0.0061
157 0.3508 0.2908 0.2338 0.0665 0.0337 0.0244
158 0.1490 0.0743 0.2036 0.4963 0.0132 0.0636
159 0.5337 0.1414 0.2277 0.0728 0.0227 0.0020
160 0.2009 0.0227 0.1042 0.6289 0.0290 0.0142
161 0.3821 0.2708 0.1086 0.0453 0.1736 0.0198
162 0.1801 0.1744 0.5903 0.0441 0.0064 0.0047
163 0.5386 0.1309 0.0826 0.1230 0.0921 0.0331
164 0.3008 0.0976 0.4109 0.1366 0.0495 0.0046
165 0.3733 0.1260 0.1892 0.2817 0.0221 0.0077
166 0.1935 0.2727 0.2209 0.2244 0.0668 0.0215
167 0.4785 0.1298 0.0648 0.1802 0.1136 0.0331
168 0.0604 0.1182 0.2351 0.4900 0.0212 0.0751
169 0.0820 0.1790 0.3911 0.3093 0.0221 0.0166
170 0.1653 0.0642 0.1110 0.5420 0.0459 0.0717
171 0.0677 0.0688 0.2152 0.5005 0.0398 0.1082
172 0.2776 0.1375 0.2266 0.2374 0.1038 0.0171
173 0.0864 0.4495 0.3340 0.1154 0.0120 0.0027
174 0.5010 0.1042 0.1843 0.0825 0.1163 0.0114
175 0.2810 0.3088 0.2683 0.0378 0.0438 0.0603
176 0.2023 0.1025 0.5498 0.1057 0.0365 0.0034
177 0.3088 0.1577 0.2727 0.1565 0.0706 0.0336
178 0.2463 0.2225 0.1775 0.1517 0.1788 0.0229
179 0.2395 0.1780 0.2164 0.2198 0.1105 0.0356
180 0.1545 0.1213 0.5146 0.1545 0.0353 0.0193
181 0.4893 0.1786 0.2122 0.0418 0.0575 0.0207
182 0.3828 0.1322 0.2081 0.1766 0.0796 0.0208
183 0.5459 0.2766 0.0837 0.0227 0.0699 0.0012
184 0.4219 0.3086 0.1414 0.0768 0.0270 0.0242
185 0.4956 0.3079 0.1080 0.0162 0.0293 0.0430
186 0.2056 0.1348 0.3062 0.1886 0.1436 0.0213
187 0.5776 0.1694 0.1230 0.0936 0.0326 0.0040
188 0.1332 0.4399 0.2355 0.1290 0.0107 0.0517
189 0.1730 0.4053 0.2678 0.0575 0.0285 0.0677
190 0.1164 0.2059 0.2124 0.1761 0.0349 0.2542
191 0.1088 0.0676 0.0573 0.1431 0.0530 0.5703
192 0.2913 0.1185 0.3738 0.1167 0.0983 0.0014
193 0.5820 0.1890 0.1289 0.0173 0.0746 0.0080
194 0.0476 0.3464 0.5039 0.0773 0.0174 0.0074
195 0.2783 0.0515 0.1245 0.3774 0.1636 0.0048
196 0.2600 0.1516 0.0722 0.1666 0.3445 0.0051
197 0.2267 0.1464 0.3457 0.2064 0.0450 0.0300
198 0.0740 0.3848 0.4570 0.0482 0.0217 0.0144
199 0.4285 0.0857 0.2072 0.2240 0.0434 0.0112
200 0.2100 0.4622 0.1868 0.0284 0.0151 0.0977
201 0.7051 0.0829 0.0661 0.0166 0.1265 0.0026
202 0.1903 0.2058 0.2600 0.1426 0.1680 0.0333
203 0.3940 0.1669 0.3398 0.0463 0.0460 0.0070
204 0.2294 0.1458 0.5049 0.0750 0.0346 0.0104
205 0.0374 0.2515 0.5405 0.1525 0.0071 0.0110
206 0.3240 0.1394 0.1449 0.2245 0.1592 0.0080
207 0.3286 0.1338 0.0481 0.1208 0.3499 0.0190
208 0.2173 0.0964 0.0562 0.4600 0.1154 0.0545
209 0.2035 0.0939 0.0235 0.5752 0.0854 0.0186
210 0.4880 0.1366 0.1064 0.1973 0.0249 0.0468
211 0.3481 0.2063 0.0498 0.0759 0.3147 0.0051
212 0.5161 0.2476 0.0709 0.0548 0.0992 0.0113
213 0.6772 0.1063 0.1243 0.0526 0.0260 0.0137
214 0.2146 0.2756 0.1595 0.1909 0.1534 0.0060
215 0.5469 0.1495 0.0393 0.1580 0.0951 0.0110
216 0.1215 0.1782 0.1622 0.4111 0.0743 0.0527
217 0.2979 0.0619 0.2546 0.3535 0.0239 0.0081
218 0.4980 0.1183 0.0900 0.1832 0.0546 0.0559
219 0.1846 0.0936 0.0980 0.3503 0.0800 0.1935
220 0.1185 0.1053 0.2712 0.4136 0.0873 0.0042
221 0.5122 0.1638 0.1017 0.0699 0.0414 0.1108
222 0.1068 0.1257 0.2350 0.4253 0.0496 0.0576
223 0.1283 0.1097 0.0157 0.6074 0.1254 0.0134
224 0.3000 0.1750 0.0226 0.2932 0.2031 0.0059
225 0.3337 0.2207 0.1692 0.0927 0.1541 0.0296
226 0.2462 0.1154 0.0851 0.2812 0.2207 0.0516
227 0.2888 0.1113 0.3025 0.2213 0.0214 0.0547
228 0.2279 0.1846 0.3728 0.1616 0.0045 0.0485
229 0.1163 0.1360 0.1010 0.1887 0.4529 0.0052
230 0.4351 0.1390 0.0544 0.2087 0.1515 0.0111
231 0.3015 0.1932 0.0421 0.1392 0.3210 0.0029
232 0.3306 0.0992 0.1974 0.3357 0.0110 0.0261
233 0.4924 0.0779 0.1008 0.1637 0.1315 0.0335
234 0.4065 0.1472 0.0989 0.2029 0.1240 0.0206
235 0.4941 0.1394 0.1320 0.0439 0.1735 0.0172
236 0.1456 0.1049 0.4558 0.2402 0.0374 0.0160
237 0.4246 0.1170 0.1422 0.0523 0.2439 0.0199
238 0.1980 0.1278 0.3877 0.1980 0.0590 0.0297
239 0.1072 0.0992 0.2417 0.1853 0.0611 0.3054
240 0.1432 0.1674 0.1866 0.1377 0.2937 0.0714
241 0.5176 0.0775 0.0800 0.0567 0.2426 0.0256
242 0.4324 0.1642 0.2542 0.0349 0.1027 0.0114
243 0.2334 0.2603 0.1340 0.1077 0.2625 0.0021
244 0.5732 0.2410 0.1320 0.0221 0.0292 0.0023
245 0.5747 0.1431 0.1608 0.0645 0.0514 0.0058
246 0.3257 0.0677 0.1255 0.4382 0.0368 0.0062
247 0.5229 0.1738 0.1499 0.0931 0.0547 0.0054
248 0.6079 0.1526 0.1274 0.0296 0.0773 0.0050
249 0.2566 0.0807 0.3245 0.2607 0.0206 0.0568
250 0.2010 0.0812 0.1361 0.4675 0.0047 0.1093
251 0.0485 0.1349 0.4221 0.2482 0.1414 0.0051
252 0.2092 0.1981 0.2883 0.1920 0.0820 0.0304
253 0.0679 0.0657 0.5093 0.2600 0.0435 0.0537
254 0.0550 0.0541 0.4194 0.3877 0.0344 0.0493
255 0.1110 0.0892 0.3755 0.2278 0.1059 0.0906
256 0.2847 0.3684 0.1714 0.0522 0.1215 0.0018
257 0.1437 0.3042 0.3557 0.1155 0.0745 0.0065
258 0.1959 0.0955 0.3230 0.1730 0.2053 0.0072
259 0.4685 0.2568 0.1893 0.0079 0.0771 0.0005
260 0.6597 0.1654 0.0521 0.0215 0.1011 0.0004
261 0.6172 0.1622 0.0651 0.0324 0.1225 0.0006
262 0.6191 0.1603 0.0695 0.0313 0.1191 0.0006
263 0.6265 0.1595 0.0630 0.0302 0.1205 0.0005
264 0.4358 0.0668 0.1043 0.3237 0.0585 0.0109
265 0.0858 0.1050 0.0818 0.2900 0.0217 0.4155
266 0.0839 0.1240 0.0980 0.2927 0.0256 0.3757
