time exciting_prob fearful_prob tense_prob sad_prob relaxing_prob neutral_prob
0 0.1136 0.1553 0.1349 0.1288 0.0181 0.4492
1 0.0372 0.3264 0.1164 0.4751 0.0439 0.0010
2 0.0334 0.4570 0.1270 0.3503 0.0318 0.0005
3 0.0068 0.0762 0.0500 0.8579 0.0074 0.0017
4 0.0742 0.1594 0.3650 0.1924 0.0446 0.1646
5 0.0740 0.0950 0.3020 0.3369 0.0449 0.1472
6 0.0364 0.3618 0.1605 0.3911 0.0403 0.0100
7 0.1361 0.1229 0.2925 0.1667 0.2174 0.0643
8 0.2018 0.2822 0.3889 0.0498 0.0487 0.0284
9 0.0847 0.1631 0.4434 0.2649 0.0370 0.0069
10 0.0824 0.2311 0.2539 0.3311 0.0455 0.0562
11 0.0790 0.2164 0.1354 0.4727 0.0569 0.0397
12 0.0365 0.2004 0.0704 0.3254 0.2134 0.1537
13 0.0500 0.2170 0.1180 0.4316 0.1771 0.0062
14 0.0957 0.1577 0.1459 0.3967 0.1963 0.0077
15 0.0514 0.1851 0.2032 0.1909 0.0342 0.3352
16 0.0256 0.4126 0.5298 0.0215 0.0090 0.0017
17 0.0342 0.3945 0.0596 0.4072 0.0502 0.0543
18 0.0198 0.0723 0.0220 0.8535 0.0183 0.0142
19 0.0341 0.0912 0.0781 0.5767 0.2156 0.0041
20 0.0626 0.1941 0.1853 0.1741 0.3801 0.0039
21 0.0373 0.1880 0.0874 0.5610 0.1232 0.0030
22 0.0332 0.3203 0.1124 0.3865 0.1444 0.0032
23 0.0193 0.2529 0.0696 0.5269 0.1292 0.0020
24 0.0400 0.2430 0.2112 0.3271 0.1750 0.0035
25 0.0396 0.4258 0.1831 0.2108 0.1383 0.0023
26 0.0459 0.3140 0.1506 0.2727 0.2124 0.0046
27 0.0391 0.3540 0.1753 0.1186 0.3076 0.0052
28 0.0327 0.4167 0.2690 0.0874 0.1908 0.0032
29 0.0287 0.4937 0.2993 0.0831 0.0913 0.0038
30 0.0367 0.1141 0.3101 0.4172 0.0241 0.0976
31 0.0961 0.1598 0.2676 0.3330 0.0320 0.1115
32 0.0676 0.1178 0.2573 0.3201 0.0305 0.2067
33 0.0490 0.3735 0.3347 0.1556 0.0735 0.0135
34 0.0548 0.4050 0.2871 0.1537 0.0693 0.0300
35 0.0981 0.3318 0.1890 0.3020 0.0463 0.0328
36 0.1192 0.4714 0.2484 0.0928 0.0550 0.0130
37 0.1583 0.3711 0.1293 0.2510 0.0736 0.0168
38 0.1273 0.3079 0.1675 0.2893 0.0626 0.0454
39 0.0583 0.0641 0.4114 0.4243 0.0365 0.0053
40 0.0166 0.1414 0.2725 0.5420 0.0210 0.0066
41 0.0198 0.1006 0.6255 0.2375 0.0087 0.0078
42 0.0220 0.1990 0.5161 0.2256 0.0081 0.0291
43 0.0118 0.4583 0.2612 0.2491 0.0057 0.0138
44 0.3030 0.3772 0.1263 0.1674 0.0159 0.0102
45 0.3511 0.4722 0.1113 0.0502 0.0108 0.0045
46 0.0110 0.1104 0.0989 0.7666 0.0090 0.0042
47 0.0100 0.3171 0.3887 0.2588 0.0159 0.0094
48 0.0234 0.1115 0.1080 0.7495 0.0038 0.0038
49 0.0787 0.1996 0.2227 0.4292 0.0594 0.0105
50 0.0752 0.3044 0.2227 0.2905 0.0950 0.0124
51 0.0414 0.3364 0.1947 0.3159 0.0837 0.0278
52 0.0451 0.3083 0.2328 0.3181 0.0641 0.0312
53 0.0158 0.1028 0.0866 0.2355 0.5308 0.0288
54 0.0279 0.3245 0.1953 0.1113 0.3196 0.0214
55 0.0271 0.1945 0.1256 0.0710 0.5718 0.0103
56 0.0301 0.2312 0.2385 0.3062 0.1691 0.0249
57 0.0634 0.2144 0.2886 0.3120 0.0378 0.0840
58 0.0406 0.6548 0.1567 0.0663 0.0788 0.0029
59 0.0161 0.1837 0.3225 0.4409 0.0084 0.0284
60 0.0162 0.2375 0.1659 0.5610 0.0025 0.0169
61 0.0242 0.4639 0.2225 0.2406 0.0122 0.0366
62 0.0186 0.6758 0.1532 0.1130 0.0248 0.0146
63 0.0178 0.6001 0.1471 0.2042 0.0214 0.0093
64 0.0605 0.2144 0.3821 0.2976 0.0165 0.0288
65 0.0605 0.1780 0.3652 0.3540 0.0230 0.0195
66 0.0293 0.0543 0.0560 0.0162 0.8423 0.0022
67 0.0509 0.0624 0.1270 0.0859 0.6602 0.0137
68 0.0551 0.0559 0.1148 0.1792 0.5693 0.0256
69 0.0607 0.1715 0.1854 0.0552 0.5200 0.0071
70 0.0602 0.2474 0.2656 0.0823 0.3279 0.0167
71 0.0888 0.1122 0.3198 0.2693 0.0635 0.1464
72 0.0367 0.1096 0.1969 0.3916 0.0419 0.2231
73 0.0269 0.1115 0.1548 0.4622 0.0192 0.2252
74 0.0434 0.1295 0.2656 0.4180 0.0276 0.1160
75 0.0341 0.1542 0.0900 0.4128 0.2244 0.0845
76 0.0668 0.1564 0.1401 0.4670 0.1127 0.0571
77 0.0676 0.1098 0.1366 0.4919 0.1000 0.0939
78 0.0633 0.1693 0.1076 0.3420 0.1404 0.1775
79 0.0691 0.0681 0.0847 0.3296 0.3196 0.1290
80 0.1044 0.2625 0.1221 0.1721 0.2793 0.0595
81 0.0728 0.2191 0.0706 0.3967 0.1288 0.1119
82 0.0745 0.1787 0.1963 0.3667 0.0421 0.1415
83 0.0313 0.4500 0.0770 0.1249 0.2605 0.0563
84 0.0675 0.4473 0.0959 0.0457 0.3171 0.0264
85 0.0312 0.2537 0.1161 0.0496 0.5205 0.0291
86 0.0236 0.3965 0.0700 0.0204 0.4783 0.0111
87 0.0354 0.2991 0.0608 0.0368 0.5332 0.0349
88 0.0260 0.2693 0.0565 0.0243 0.6069 0.0171
89 0.0433 0.2532 0.0635 0.0514 0.5703 0.0182
90 0.0518 0.3621 0.0436 0.0446 0.4871 0.0108
91 0.0328 0.2089 0.0492 0.1962 0.4597 0.0532
92 0.0264 0.1821 0.0802 0.1088 0.5928 0.0097
93 0.0170 0.1919 0.0563 0.1003 0.6294 0.0050
94 0.0111 0.2402 0.1010 0.1153 0.5249 0.0077
95 0.0215 0.4812 0.0963 0.1599 0.2102 0.0310
96 0.0665 0.2910 0.1851 0.0754 0.3738 0.0082
97 0.0127 0.2316 0.1592 0.4192 0.1721 0.0052
98 0.0147 0.4656 0.1609 0.1055 0.2493 0.0040
99 0.0490 0.2908 0.2487 0.3347 0.0429 0.0342
100 0.2299 0.1804 0.4465 0.0723 0.0339 0.0370
101 0.0617 0.3723 0.3389 0.1652 0.0242 0.0377
102 0.0759 0.0975 0.2649 0.4299 0.0214 0.1104
103 0.0274 0.0948 0.3362 0.4817 0.0098 0.0500
104 0.0531 0.2006 0.3411 0.2742 0.0421 0.0890
105 0.0347 0.1448 0.6694 0.1182 0.0104 0.0226
106 0.0478 0.5464 0.0988 0.2075 0.0508 0.0485
107 0.1267 0.5947 0.0818 0.1237 0.0549 0.0181
108 0.0849 0.5000 0.1489 0.1636 0.0767 0.0259
109 0.0975 0.3738 0.1475 0.2080 0.1063 0.0670
110 0.0664 0.3943 0.2111 0.2411 0.0378 0.0493
111 0.0801 0.5513 0.1484 0.1643 0.0442 0.0117
112 0.0588 0.4446 0.1661 0.2019 0.0947 0.0340
113 0.0993 0.4519 0.1929 0.1599 0.0726 0.0232
114 0.0363 0.1801 0.1801 0.5049 0.0405 0.0580
115 0.0423 0.4841 0.1866 0.2083 0.0483 0.0302
116 0.0737 0.2676 0.2515 0.3130 0.0636 0.0305
117 0.0337 0.4004 0.1921 0.3269 0.0171 0.0299
118 0.0204 0.5605 0.0337 0.3621 0.0086 0.0146
119 0.0481 0.6963 0.0980 0.0950 0.0363 0.0266
120 0.0367 0.7676 0.0615 0.0766 0.0367 0.0209
121 0.0312 0.6626 0.1226 0.0876 0.0484 0.0476
122 0.0402 0.5913 0.1036 0.0928 0.1472 0.0250
123 0.0858 0.6050 0.0928 0.0942 0.0957 0.0266
124 0.0542 0.6294 0.1310 0.0872 0.0590 0.0390
125 0.0692 0.5791 0.1243 0.0748 0.1252 0.0273
126 0.0081 0.4731 0.2961 0.2100 0.0038 0.0087
127 0.0413 0.3296 0.4297 0.1737 0.0163 0.0095
128 0.0594 0.1831 0.5132 0.1888 0.0060 0.0493
129 0.0390 0.2484 0.2859 0.3728 0.0279 0.0260
130 0.0363 0.0537 0.3091 0.5684 0.0177 0.0146
131 0.0364 0.0916 0.4800 0.3738 0.0099 0.0081
132 0.1083 0.1296 0.0431 0.5674 0.0978 0.0536
133 0.1021 0.1606 0.0279 0.6660 0.0143 0.0293
134 0.0758 0.2668 0.0801 0.4197 0.0326 0.1250
135 0.0848 0.5576 0.1897 0.1177 0.0465 0.0038
136 0.0526 0.3918 0.2340 0.2610 0.0353 0.0252
137 0.0792 0.1246 0.0544 0.5249 0.0210 0.1960
138 0.0378 0.1438 0.0776 0.4644 0.0638 0.2125
139 0.0641 0.0414 0.0451 0.3206 0.0086 0.5200
140 0.1935 0.3423 0.2227 0.0943 0.1320 0.0154
141 0.1692 0.4707 0.2057 0.0473 0.0972 0.0100
142 0.0946 0.4805 0.1610 0.0766 0.1572 0.0300
143 0.1007 0.4958 0.1512 0.0565 0.1548 0.0410
144 0.0873 0.4507 0.1724 0.0702 0.1864 0.0329
145 0.0988 0.4824 0.1530 0.0493 0.1996 0.0169
146 0.1406 0.4006 0.2449 0.0944 0.0741 0.0453
147 0.0740 0.5864 0.1154 0.0679 0.1085 0.0481
148 0.0802 0.3484 0.2690 0.1924 0.0624 0.0475
149 0.0788 0.4568 0.1604 0.1818 0.0585 0.0638
150 0.0685 0.3945 0.3171 0.1671 0.0275 0.0252
151 0.0889 0.6074 0.1768 0.0855 0.0332 0.0081
152 0.1185 0.4724 0.3247 0.0217 0.0605 0.0023
153 0.1989 0.4080 0.3008 0.0395 0.0465 0.0066
154 0.1196 0.5361 0.2378 0.0454 0.0518 0.0095
155 0.1443 0.1636 0.2532 0.2961 0.0773 0.0656
156 0.0509 0.1020 0.0590 0.7246 0.0156 0.0478
157 0.0337 0.1451 0.3025 0.3271 0.0416 0.1498
158 0.0894 0.0826 0.0605 0.5825 0.0355 0.1495
159 0.0743 0.2576 0.1274 0.4180 0.0335 0.0890
160 0.0714 0.2632 0.0379 0.4338 0.0909 0.1030
161 0.0329 0.1168 0.0413 0.6826 0.0578 0.0687
162 0.0682 0.3894 0.1024 0.2805 0.0715 0.0883
163 0.0401 0.3958 0.1575 0.1990 0.0149 0.1929
164 0.0851 0.3140 0.2859 0.2091 0.0787 0.0272
165 0.0795 0.1724 0.4009 0.1953 0.1498 0.0020
166 0.0313 0.3525 0.2277 0.3113 0.0251 0.0520
167 0.1003 0.1844 0.5298 0.1437 0.0219 0.0199
168 0.1561 0.1526 0.3438 0.2255 0.0213 0.1008
169 0.1053 0.4297 0.1736 0.1656 0.0609 0.0649
170 0.0858 0.6440 0.1248 0.0942 0.0222 0.0290
171 0.0918 0.6323 0.1422 0.0612 0.0476 0.0251
172 0.0843 0.5757 0.2152 0.0667 0.0417 0.0163
173 0.0801 0.5303 0.2245 0.1331 0.0256 0.0065
174 0.0760 0.7388 0.1366 0.0182 0.0261 0.0044
175 0.1592 0.4863 0.2141 0.0943 0.0220 0.0240
176 0.0995 0.4358 0.2278 0.1318 0.0123 0.0928
177 0.0612 0.7578 0.1118 0.0571 0.0038 0.0085
178 0.0961 0.1387 0.2937 0.2983 0.1283 0.0450
179 0.1053 0.3000 0.2449 0.1212 0.1606 0.0680
180 0.2383 0.0704 0.2383 0.1108 0.0458 0.2964
181 0.2458 0.1074 0.2659 0.1515 0.0441 0.1855
182 0.0372 0.0595 0.3643 0.4604 0.0170 0.0614
183 0.0914 0.0845 0.2563 0.5020 0.0217 0.0439
184 0.0816 0.3225 0.1064 0.2847 0.0120 0.1926
185 0.1666 0.4290 0.1229 0.1888 0.0244 0.0684
186 0.0760 0.1039 0.2341 0.3860 0.0556 0.1443
187 0.1151 0.3303 0.2218 0.1064 0.1141 0.1124
188 0.0626 0.1797 0.1598 0.1090 0.3955 0.0933
189 0.0163 0.2729 0.0326 0.5962 0.0609 0.0214
190 0.0262 0.6543 0.0965 0.0965 0.1249 0.0016
191 0.1327 0.0657 0.0756 0.6636 0.0257 0.0368
192 0.1250 0.1555 0.0886 0.4644 0.0290 0.1373
193 0.0227 0.1065 0.1729 0.6421 0.0386 0.0171
194 0.0217 0.2350 0.2424 0.4822 0.0157 0.0029
195 0.0982 0.1185 0.3481 0.3765 0.0069 0.0518
196 0.0204 0.4500 0.2905 0.1708 0.0126 0.0559
197 0.0144 0.1996 0.5869 0.1875 0.0040 0.0077
198 0.0359 0.1038 0.5791 0.2610 0.0100 0.0104
199 0.0739 0.3213 0.2242 0.3018 0.0558 0.0231
200 0.0230 0.4072 0.5068 0.0385 0.0070 0.0175
201 0.0206 0.1838 0.0437 0.5576 0.0487 0.1455
202 0.0291 0.2422 0.0566 0.5049 0.0315 0.1359
203 0.0453 0.3247 0.0902 0.4727 0.0200 0.0471
204 0.0260 0.1831 0.3420 0.3699 0.0632 0.0160
205 0.0200 0.1477 0.0778 0.6621 0.0597 0.0330
206 0.2222 0.2944 0.1703 0.2440 0.0139 0.0553
207 0.0548 0.4312 0.1503 0.2037 0.1315 0.0284
208 0.0609 0.1631 0.5518 0.2094 0.0049 0.0101
209 0.0802 0.1594 0.2507 0.4473 0.0295 0.0329
210 0.0406 0.3298 0.3247 0.2197 0.0498 0.0353
211 0.0885 0.1591 0.1859 0.1874 0.2600 0.1191
212 0.1047 0.4512 0.1956 0.1168 0.1123 0.0197
213 0.2416 0.1781 0.0417 0.4241 0.0223 0.0924
214 0.0126 0.3125 0.1699 0.0854 0.4138 0.0058
215 0.0158 0.3271 0.1924 0.0895 0.3708 0.0045
216 0.1492 0.0652 0.1144 0.4595 0.0532 0.1588
217 0.0512 0.7407 0.1349 0.0215 0.0396 0.0121
218 0.0452 0.7578 0.1564 0.0141 0.0199 0.0067
219 0.0713 0.7202 0.1685 0.0110 0.0241 0.0050
220 0.0296 0.5542 0.2537 0.1125 0.0320 0.0181
221 0.0461 0.2147 0.1224 0.4546 0.0214 0.1409
222 0.0283 0.4224 0.1210 0.3240 0.0769 0.0274
223 0.0446 0.4299 0.1545 0.2230 0.0887 0.0591
224 0.0591 0.4402 0.1343 0.1683 0.1620 0.0361
225 0.0536 0.6377 0.0804 0.1025 0.1161 0.0095
226 0.0127 0.7280 0.0651 0.0786 0.0856 0.0300
227 0.0159 0.7563 0.0760 0.0374 0.1048 0.0094
228 0.0178 0.6685 0.0948 0.0768 0.1276 0.0148
229 0.0316 0.4905 0.0634 0.1580 0.2390 0.0176
230 0.0275 0.5522 0.0555 0.1632 0.1893 0.0123
231 0.0384 0.5649 0.0846 0.1384 0.1682 0.0056
232 0.0425 0.6655 0.0908 0.0873 0.1069 0.0069
233 0.0416 0.6357 0.0676 0.0975 0.1453 0.0121
234 0.0654 0.5264 0.0840 0.0729 0.2301 0.0211
235 0.0403 0.5229 0.0874 0.1272 0.2017 0.0206
236 0.0472 0.4111 0.3203 0.0848 0.1197 0.0167
237 0.0452 0.3667 0.2189 0.1403 0.1516 0.0775
238 0.0665 0.2047 0.1429 0.2450 0.2734 0.0675
239 0.2964 0.1265 0.0721 0.3359 0.0492 0.1198
240 0.0066 0.4666 0.5122 0.0081 0.0062 0.0002
241 0.0063 0.4163 0.5347 0.0352 0.0068 0.0008
242 0.0072 0.4827 0.4827 0.0057 0.0212 0.0005
243 0.0094 0.3684 0.5796 0.0278 0.0127 0.0020
244 0.0532 0.2330 0.6235 0.0688 0.0129 0.0085
245 0.0783 0.3147 0.1332 0.0691 0.3916 0.0131
246 0.0578 0.1204 0.4990 0.2671 0.0364 0.0192
247 0.0308 0.3782 0.4634 0.0912 0.0251 0.0112
248 0.0446 0.3025 0.2112 0.4136 0.0193 0.0089
249 0.0181 0.1910 0.5195 0.2532 0.0070 0.0115
250 0.0215 0.2172 0.3933 0.3364 0.0065 0.0251
251 0.0602 0.2021 0.0870 0.4775 0.0082 0.1650
252 0.0405 0.4287 0.1528 0.1615 0.1553 0.0613
253 0.0680 0.2212 0.2126 0.0936 0.3911 0.0134
254 0.1536 0.0882 0.2150 0.4768 0.0221 0.0443
255 0.1512 0.1488 0.1781 0.4375 0.0232 0.0611
256 0.0728 0.3364 0.4456 0.1075 0.0029 0.0349
257 0.1109 0.4856 0.1829 0.0905 0.0898 0.0405
258 0.0513 0.2668 0.1147 0.2585 0.1777 0.1310
259 0.0479 0.2756 0.2048 0.2935 0.0895 0.0888
260 0.0256 0.0533 0.7710 0.1060 0.0344 0.0097
261 0.1274 0.1024 0.3010 0.2168 0.0767 0.1755
262 0.1970 0.3250 0.2303 0.1323 0.0975 0.0179
263 0.0533 0.2484 0.1604 0.4226 0.0166 0.0988
264 0.1244 0.3408 0.1421 0.2825 0.0110 0.0992
265 0.0346 0.0626 0.1898 0.6626 0.0093 0.0410
266 0.0576 0.2009 0.4187 0.2139 0.1059 0.0030
267 0.0229 0.6948 0.2021 0.0566 0.0100 0.0136
268 0.0336 0.4534 0.3315 0.1299 0.0129 0.0387
269 0.0478 0.2175 0.1919 0.4463 0.0248 0.0717
270 0.0588 0.1943 0.1326 0.2495 0.0073 0.3574
271 0.1290 0.3911 0.1165 0.2646 0.0206 0.0782
272 0.0919 0.2327 0.1479 0.4280 0.0253 0.0743
273 0.1191 0.2771 0.1506 0.3115 0.0088 0.1329
274 0.0208 0.4053 0.0843 0.4180 0.0202 0.0515
275 0.0320 0.5371 0.1058 0.2274 0.0222 0.0756
276 0.0745 0.2482 0.4221 0.2025 0.0231 0.0296
277 0.0739 0.5420 0.1200 0.1627 0.0181 0.0831
278 0.0592 0.6367 0.1410 0.1245 0.0263 0.0122
279 0.0315 0.0504 0.0667 0.8130 0.0079 0.0305
280 0.0455 0.2856 0.2600 0.2520 0.0452 0.1118
281 0.0803 0.4048 0.2167 0.1797 0.0223 0.0961
282 0.0405 0.1705 0.1050 0.6538 0.0160 0.0143
283 0.0384 0.2947 0.4424 0.1328 0.0599 0.0318
284 0.1144 0.4150 0.3440 0.0593 0.0374 0.0298
285 0.0913 0.2791 0.2314 0.2925 0.0627 0.0428
286 0.0583 0.6265 0.1726 0.1141 0.0148 0.0136
287 0.0413 0.2233 0.4106 0.3098 0.0052 0.0098
288 0.0328 0.1860 0.5728 0.1426 0.0558 0.0098
289 0.0590 0.2299 0.2771 0.3450 0.0782 0.0108
290 0.0526 0.5396 0.1213 0.2507 0.0254 0.0106
291 0.0327 0.7383 0.1387 0.0461 0.0423 0.0021
292 0.0221 0.2451 0.1821 0.4302 0.1105 0.0099
293 0.0266 0.4937 0.1844 0.1705 0.1191 0.0057
294 0.1214 0.1766 0.2452 0.2610 0.1488 0.0468
295 0.0852 0.5259 0.2061 0.0533 0.1147 0.0147
296 0.0936 0.2505 0.3762 0.0478 0.2111 0.0207
297 0.0517 0.3428 0.4685 0.1013 0.0217 0.0141
298 0.0514 0.3594 0.2549 0.2510 0.0362 0.0471
299 0.0823 0.1143 0.2742 0.4663 0.0317 0.0312
300 0.2817 0.1790 0.1289 0.2773 0.0568 0.0764
301 0.1136 0.1553 0.1349 0.1288 0.0181 0.4492
