time exciting_prob fearful_prob tense_prob sad_prob relaxing_prob neutral_prob
0 0.1136 0.1553 0.1349 0.1288 0.0181 0.4492
1 0.1136 0.1553 0.1349 0.1288 0.0181 0.4492
2 0.2422 0.3416 0.3015 0.1010 0.0088 0.0050
3 0.2761 0.1048 0.3279 0.2474 0.0221 0.0216
4 0.4973 0.1947 0.1932 0.1050 0.0092 0.0004
5 0.4380 0.1422 0.3574 0.0548 0.0066 0.0012
6 0.4504 0.1486 0.2864 0.1070 0.0067 0.0012
7 0.1613 0.2576 0.1401 0.2498 0.1813 0.0099
8 0.3037 0.2222 0.1256 0.1587 0.1730 0.0170
9 0.3279 0.1727 0.1700 0.2052 0.0869 0.0374
10 0.3230 0.4414 0.1561 0.0662 0.0083 0.0049
11 0.1862 0.1112 0.1520 0.4983 0.0352 0.0170
12 0.0858 0.3113 0.2747 0.2581 0.0673 0.0031
13 0.0692 0.1823 0.1924 0.4915 0.0569 0.0079
14 0.0597 0.1400 0.3254 0.4312 0.0322 0.0114
15 0.0723 0.3447 0.3164 0.1733 0.0914 0.0019
16 0.0593 0.1613 0.1492 0.4968 0.1237 0.0098
17 0.3298 0.2321 0.1864 0.1440 0.0353 0.0724
18 0.1851 0.3770 0.2268 0.1547 0.0192 0.0373
19 0.1328 0.3113 0.1426 0.2769 0.0219 0.1145
20 0.2164 0.3711 0.1726 0.1499 0.0203 0.0697
21 0.1063 0.2452 0.1080 0.3799 0.0176 0.1431
22 0.2627 0.3794 0.1251 0.1683 0.0268 0.0376
23 0.1764 0.3425 0.0880 0.2336 0.0381 0.1212
24 0.5020 0.2751 0.0342 0.0866 0.0914 0.0104
25 0.6094 0.1627 0.0393 0.0906 0.0734 0.0246
26 0.0390 0.0839 0.0764 0.7534 0.0396 0.0077
27 0.0493 0.1192 0.0517 0.7534 0.0195 0.0072
28 0.1888 0.5337 0.1248 0.0812 0.0278 0.0438
29 0.1208 0.4814 0.1041 0.1613 0.0116 0.1208
30 0.0822 0.3740 0.1398 0.3352 0.0161 0.0530
31 0.0958 0.2487 0.0568 0.4036 0.0229 0.1722
32 0.1061 0.3704 0.1406 0.2507 0.0309 0.1013
33 0.1531 0.1472 0.0563 0.5059 0.1260 0.0113
34 0.1561 0.2307 0.0593 0.4661 0.0715 0.0163
35 0.1504 0.1287 0.1190 0.4353 0.1100 0.0566
36 0.0721 0.1652 0.1327 0.4558 0.1189 0.0553
37 0.1188 0.1913 0.0876 0.5039 0.0732 0.0253
38 0.0844 0.3811 0.1576 0.3159 0.0405 0.0207
39 0.0869 0.0869 0.0427 0.6675 0.0570 0.0592
40 0.3757 0.1949 0.1043 0.1426 0.1372 0.0452
41 0.2974 0.2485 0.1405 0.1086 0.1450 0.0600
42 0.4146 0.1388 0.0616 0.0911 0.1715 0.1226
43 0.3130 0.2134 0.0351 0.3306 0.0810 0.0271
44 0.3125 0.2415 0.1014 0.2452 0.0834 0.0161
45 0.1812 0.2457 0.1490 0.3359 0.0092 0.0792
46 0.1859 0.1948 0.0972 0.3499 0.0169 0.1553
47 0.2130 0.2471 0.0530 0.3052 0.0105 0.1711
48 0.0883 0.2085 0.0767 0.4553 0.0064 0.1649
49 0.1103 0.3318 0.1165 0.3879 0.0290 0.0242
50 0.0644 0.2468 0.1175 0.5146 0.0226 0.0342
51 0.1401 0.3259 0.1469 0.2991 0.0374 0.0508
52 0.1079 0.4507 0.0675 0.3074 0.0212 0.0453
53 0.1021 0.4231 0.1138 0.2839 0.0161 0.0609
54 0.1438 0.3345 0.1221 0.2883 0.0084 0.1028
55 0.4197 0.3850 0.0384 0.0795 0.0141 0.0634
56 0.2734 0.4370 0.1030 0.1071 0.0137 0.0660
57 0.2839 0.1696 0.0770 0.2585 0.0111 0.1998
58 0.1465 0.2454 0.1420 0.3921 0.0197 0.0543
59 0.2474 0.5156 0.0911 0.1064 0.0327 0.0065
60 0.2279 0.0384 0.1111 0.3066 0.0276 0.2881
61 0.1868 0.1926 0.1548 0.3801 0.0189 0.0666
62 0.0933 0.0704 0.0414 0.7451 0.0087 0.0414
63 0.0739 0.1730 0.0441 0.5762 0.0053 0.1276
64 0.1315 0.1255 0.1057 0.2917 0.0153 0.3306
65 0.1262 0.1243 0.3076 0.2357 0.0364 0.1698
66 0.4519 0.1990 0.0682 0.1514 0.0117 0.1179
67 0.3679 0.3623 0.0587 0.1158 0.0071 0.0881
68 0.0810 0.1057 0.1207 0.6128 0.0444 0.0354
69 0.0367 0.1940 0.0601 0.6665 0.0197 0.0228
70 0.1125 0.1207 0.0756 0.6133 0.0462 0.0317
71 0.2349 0.3638 0.1067 0.2258 0.0170 0.0520
72 0.0282 0.1896 0.0464 0.7153 0.0019 0.0186
73 0.1481 0.2659 0.1527 0.3442 0.0147 0.0745
74 0.2949 0.2996 0.2227 0.0794 0.0806 0.0228
75 0.3955 0.1598 0.0444 0.2634 0.1048 0.0322
76 0.2012 0.0914 0.0250 0.5913 0.0316 0.0595
77 0.4661 0.0977 0.0371 0.2676 0.0332 0.0984
78 0.0461 0.0414 0.1142 0.4807 0.0072 0.3103
79 0.0906 0.0769 0.0504 0.7241 0.0183 0.0399
80 0.1997 0.3093 0.1416 0.2280 0.0406 0.0807
81 0.3538 0.2471 0.1251 0.1633 0.0219 0.0887
82 0.1625 0.2786 0.2239 0.1870 0.1135 0.0346
83 0.2556 0.2383 0.1009 0.2700 0.0891 0.0462
84 0.2111 0.3455 0.0350 0.1271 0.1907 0.0908
85 0.4126 0.0695 0.0323 0.3530 0.0581 0.0746
86 0.3003 0.0461 0.0345 0.4075 0.0686 0.1431
87 0.4470 0.0908 0.0675 0.2412 0.0982 0.0551
88 0.2515 0.1840 0.0962 0.2289 0.1927 0.0469
89 0.2710 0.2751 0.1670 0.1593 0.0915 0.0361
90 0.1827 0.4666 0.0662 0.1613 0.0343 0.0891
91 0.2275 0.2922 0.0318 0.2422 0.0371 0.1691
92 0.1715 0.3574 0.0856 0.1884 0.0161 0.1812
93 0.1809 0.1560 0.0731 0.2937 0.0203 0.2759
94 0.1975 0.0156 0.0139 0.4666 0.0448 0.2617
95 0.7598 0.0446 0.0170 0.0746 0.0663 0.0378
96 0.4961 0.0484 0.0273 0.1755 0.2344 0.0184
97 0.3691 0.1091 0.0338 0.3840 0.0584 0.0455
98 0.4758 0.1343 0.0237 0.3096 0.0413 0.0153
99 0.4355 0.0920 0.0508 0.3042 0.1027 0.0148
100 0.1741 0.1927 0.4622 0.1304 0.0365 0.0041
101 0.0842 0.2131 0.1488 0.4656 0.0109 0.0772
102 0.1757 0.5161 0.0593 0.1899 0.0026 0.0562
103 0.2231 0.3564 0.1793 0.1375 0.0691 0.0345
104 0.2241 0.3582 0.1505 0.1844 0.0431 0.0396
105 0.1346 0.2573 0.0499 0.4734 0.0661 0.0185
106 0.1021 0.1670 0.0707 0.6016 0.0345 0.0244
107 0.3069 0.4260 0.1165 0.0966 0.0115 0.0428
108 0.2283 0.4399 0.1581 0.1045 0.0090 0.0600
109 0.0485 0.0831 0.0381 0.8008 0.0160 0.0137
110 0.3865 0.1854 0.1235 0.1958 0.0112 0.0977
111 0.3225 0.4016 0.1489 0.0556 0.0126 0.0587
112 0.1248 0.4712 0.1591 0.1964 0.0068 0.0418
113 0.2803 0.1055 0.0417 0.1971 0.0213 0.3542
114 0.4141 0.2472 0.1215 0.0640 0.0280 0.1252
115 0.0496 0.1002 0.0180 0.6953 0.0811 0.0558
116 0.1646 0.3149 0.0539 0.3682 0.0573 0.0413
117 0.1522 0.3250 0.0288 0.3652 0.1168 0.0121
118 0.2441 0.3752 0.1058 0.1718 0.0200 0.0831
119 0.1672 0.2452 0.0861 0.0854 0.0243 0.3918
120 0.2795 0.2729 0.1862 0.0801 0.0116 0.1696
121 0.1896 0.5234 0.0592 0.1168 0.0551 0.0560
122 0.1578 0.2351 0.0474 0.4426 0.1128 0.0041
123 0.2336 0.2178 0.0321 0.4099 0.0936 0.0130
124 0.1475 0.1498 0.0670 0.4333 0.1849 0.0173
125 0.1661 0.2615 0.1897 0.2437 0.0239 0.1151
126 0.2954 0.2864 0.1078 0.1820 0.0163 0.1121
127 0.4250 0.2347 0.0580 0.1287 0.0145 0.1390
128 0.0638 0.0819 0.0537 0.7188 0.0618 0.0202
129 0.3027 0.1038 0.0815 0.3379 0.0601 0.1140
130 0.1843 0.2258 0.0349 0.2766 0.0205 0.2578
131 0.4922 0.2515 0.0511 0.0883 0.0348 0.0823
132 0.0625 0.1926 0.0413 0.6880 0.0087 0.0067
133 0.2031 0.0765 0.1301 0.3484 0.0171 0.2249
134 0.1327 0.0884 0.0817 0.4487 0.0156 0.2328
135 0.3938 0.3140 0.0217 0.1404 0.1211 0.0089
136 0.2656 0.2595 0.0548 0.2185 0.1914 0.0100
137 0.2484 0.1052 0.1818 0.4160 0.0235 0.0254
138 0.2368 0.3611 0.1627 0.1589 0.0781 0.0023
139 0.1027 0.0728 0.0878 0.6289 0.0281 0.0800
140 0.3396 0.2544 0.0712 0.2996 0.0158 0.0195
141 0.3381 0.0954 0.1782 0.2512 0.0626 0.0743
142 0.2223 0.0360 0.0884 0.5171 0.0280 0.1083
143 0.1110 0.4092 0.1172 0.3262 0.0088 0.0274
144 0.1978 0.2559 0.0733 0.2810 0.0149 0.1772
145 0.1622 0.1674 0.0565 0.3381 0.0081 0.2676
146 0.1838 0.1796 0.0259 0.4375 0.1089 0.0645
147 0.2109 0.3369 0.0820 0.2644 0.0833 0.0224
148 0.0060 0.0648 0.0142 0.9087 0.0003 0.0057
149 0.2651 0.0938 0.1385 0.1158 0.0569 0.3298
150 0.2852 0.1057 0.0738 0.2808 0.0492 0.2054
151 0.3108 0.1434 0.0721 0.2383 0.0285 0.2070
152 0.3447 0.3240 0.2191 0.0886 0.0093 0.0143
153 0.3342 0.3240 0.1350 0.1788 0.0118 0.0163
154 0.2695 0.2673 0.0601 0.2434 0.0188 0.1409
155 0.2769 0.4634 0.1858 0.0613 0.0112 0.0015
156 0.0941 0.1677 0.2023 0.3960 0.0544 0.0856
157 0.1349 0.1844 0.1298 0.4495 0.0728 0.0287
158 0.2537 0.2920 0.0496 0.2896 0.0993 0.0161
159 0.4380 0.2037 0.0767 0.2102 0.0074 0.0641
160 0.2954 0.4539 0.1373 0.0690 0.0048 0.0396
161 0.1176 0.6162 0.1583 0.0960 0.0056 0.0061
162 0.0851 0.2297 0.0690 0.5776 0.0233 0.0155
163 0.0565 0.3052 0.0565 0.5698 0.0062 0.0057
164 0.1591 0.2542 0.0628 0.4675 0.0405 0.0157
165 0.3838 0.3257 0.1002 0.1296 0.0469 0.0138
166 0.4373 0.2234 0.1283 0.1597 0.0410 0.0105
167 0.5161 0.1929 0.1478 0.1016 0.0287 0.0128
168 0.3247 0.3567 0.0208 0.1608 0.1214 0.0155
169 0.2272 0.3745 0.0202 0.2676 0.0955 0.0151
170 0.1725 0.3403 0.0990 0.3247 0.0555 0.0081
171 0.1451 0.1835 0.0242 0.5435 0.0922 0.0116
172 0.1392 0.1481 0.0129 0.5903 0.0941 0.0154
173 0.2588 0.3025 0.0228 0.3120 0.0820 0.0221
174 0.0775 0.2881 0.0157 0.5684 0.0360 0.0142
175 0.2808 0.1703 0.3083 0.1827 0.0259 0.0318
176 0.2271 0.2827 0.1797 0.2698 0.0343 0.0068
177 0.2013 0.0908 0.3701 0.3118 0.0113 0.0147
178 0.1351 0.1484 0.1891 0.5098 0.0127 0.0049
179 0.2271 0.3103 0.1741 0.1444 0.0177 0.1263
180 0.0734 0.0872 0.1554 0.3140 0.0196 0.3503
181 0.1588 0.1033 0.2072 0.3284 0.0357 0.1665
182 0.4106 0.2147 0.0945 0.1204 0.0275 0.1322
183 0.2744 0.3208 0.1010 0.2517 0.0131 0.0389
184 0.4312 0.3035 0.1422 0.0804 0.0083 0.0346
185 0.0898 0.6484 0.2386 0.0112 0.0034 0.0084
186 0.2705 0.1680 0.1788 0.1371 0.0892 0.1565
187 0.2444 0.1154 0.3784 0.0769 0.1210 0.0638
188 0.4143 0.0414 0.0703 0.4207 0.0343 0.0191
189 0.1947 0.2922 0.1163 0.3582 0.0210 0.0175
190 0.0540 0.0516 0.0366 0.7822 0.0349 0.0408
191 0.3330 0.0565 0.0666 0.4551 0.0370 0.0518
192 0.5596 0.0851 0.0308 0.2297 0.0628 0.0318
193 0.3711 0.0692 0.0440 0.4407 0.0620 0.0132
194 0.2271 0.2494 0.1769 0.2201 0.0186 0.1081
195 0.2822 0.4653 0.0731 0.1418 0.0159 0.0218
196 0.1685 0.4268 0.0681 0.2734 0.0195 0.0436
197 0.2727 0.0505 0.0729 0.4360 0.0349 0.1329
198 0.5503 0.1858 0.1267 0.0652 0.0576 0.0143
199 0.6094 0.1680 0.1035 0.0252 0.0793 0.0147
200 0.3809 0.1744 0.2072 0.1458 0.0603 0.0315
201 0.2805 0.1024 0.2020 0.2438 0.0588 0.1125
202 0.7085 0.0577 0.0169 0.0600 0.1533 0.0034
203 0.3625 0.1195 0.0260 0.1571 0.2935 0.0413
204 0.2252 0.3435 0.3772 0.0351 0.0029 0.0163
205 0.5786 0.1510 0.2356 0.0319 0.0023 0.0005
206 0.1328 0.0341 0.1349 0.6338 0.0090 0.0554
207 0.4104 0.1054 0.2267 0.2489 0.0032 0.0055
208 0.0710 0.0607 0.1171 0.6948 0.0125 0.0437
209 0.0822 0.1072 0.1355 0.6069 0.0175 0.0506
210 0.3853 0.2468 0.0789 0.2412 0.0309 0.0168
211 0.3228 0.2676 0.0626 0.2654 0.0671 0.0147
212 0.4509 0.1262 0.0502 0.1633 0.1038 0.1055
213 0.3408 0.1489 0.0423 0.2939 0.1008 0.0732
214 0.1210 0.4189 0.0378 0.3813 0.0358 0.0052
215 0.2386 0.2522 0.0769 0.3555 0.0627 0.0141
216 0.1471 0.4028 0.1278 0.2522 0.0107 0.0594
217 0.3838 0.1108 0.0444 0.3440 0.0508 0.0662
218 0.3574 0.0682 0.0343 0.3804 0.0883 0.0715
219 0.1409 0.0502 0.1115 0.5400 0.0100 0.1476
