time exciting_prob fearful_prob tense_prob sad_prob relaxing_prob neutral_prob
0 0.1136 0.1553 0.1349 0.1288 0.0181 0.4492
1 0.3840 0.0032 0.0187 0.5679 0.0180 0.0082
2 0.7202 0.0034 0.0125 0.2412 0.0162 0.0065
3 0.6084 0.0031 0.0138 0.3467 0.0131 0.0152
4 0.7759 0.0073 0.0512 0.0512 0.1092 0.0054
5 0.6309 0.0023 0.0197 0.0967 0.2489 0.0016
6 0.8164 0.0023 0.0081 0.0403 0.1322 0.0006
7 0.8174 0.0036 0.0153 0.0353 0.1273 0.0011
8 0.6602 0.0048 0.0256 0.0521 0.2544 0.0029
9 0.0623 0.0533 0.6958 0.0851 0.0127 0.0906
10 0.0906 0.0627 0.6436 0.1248 0.0126 0.0657
11 0.2208 0.0920 0.1219 0.4712 0.0674 0.0266
12 0.5215 0.0238 0.2664 0.1448 0.0069 0.0366
13 0.3059 0.2346 0.1445 0.0672 0.1550 0.0926
14 0.4871 0.2195 0.1722 0.0358 0.0329 0.0526
15 0.1506 0.1506 0.3970 0.1415 0.0638 0.0965
16 0.1371 0.0459 0.6748 0.0258 0.0504 0.0658
17 0.1530 0.0393 0.2522 0.1003 0.1415 0.3137
18 0.0736 0.5352 0.2910 0.0867 0.0063 0.0071
19 0.2291 0.1637 0.2346 0.1664 0.0715 0.1346
20 0.1501 0.1346 0.5283 0.1169 0.0377 0.0325
21 0.1071 0.1522 0.4990 0.1821 0.0394 0.0203
22 0.0758 0.1427 0.3616 0.3118 0.0393 0.0690
23 0.0723 0.8208 0.0674 0.0217 0.0032 0.0148
24 0.3289 0.1201 0.3555 0.0892 0.0964 0.0099
25 0.1400 0.2273 0.2942 0.2419 0.0656 0.0310
26 0.0584 0.1481 0.3037 0.4353 0.0117 0.0428
27 0.1439 0.1231 0.1907 0.0370 0.0106 0.4946
28 0.1737 0.3245 0.4646 0.0167 0.0024 0.0182
29 0.4495 0.0913 0.3137 0.0520 0.0098 0.0838
30 0.2729 0.1847 0.3020 0.1438 0.0501 0.0463
31 0.2646 0.1617 0.2280 0.2646 0.0746 0.0064
32 0.0688 0.0699 0.1757 0.2517 0.0320 0.4021
33 0.1648 0.1064 0.1754 0.2937 0.0271 0.2324
34 0.0703 0.0277 0.0821 0.0916 0.0078 0.7207
35 0.0884 0.0667 0.0912 0.2681 0.0079 0.4778
36 0.0522 0.0164 0.0394 0.6074 0.0021 0.2825
37 0.0515 0.0351 0.2419 0.3989 0.0069 0.2656
38 0.0253 0.0263 0.0743 0.4214 0.0042 0.4485
39 0.0768 0.0185 0.1017 0.4419 0.0223 0.3389
40 0.0558 0.0352 0.0328 0.4568 0.0347 0.3848
41 0.0707 0.0217 0.0569 0.2249 0.0050 0.6206
42 0.0963 0.1153 0.2205 0.4817 0.0265 0.0598
43 0.4937 0.0728 0.1051 0.1680 0.1163 0.0442
44 0.0684 0.1803 0.1554 0.2705 0.1210 0.2042
45 0.0676 0.1324 0.1388 0.4919 0.0348 0.1345
46 0.0872 0.1382 0.3503 0.3477 0.0279 0.0489
47 0.2433 0.0302 0.2198 0.3005 0.1302 0.0760
48 0.0935 0.1309 0.1068 0.3613 0.0668 0.2407
49 0.0878 0.1775 0.1449 0.3394 0.0347 0.2157
50 0.0442 0.0097 0.0309 0.2625 0.0129 0.6396
51 0.1569 0.0347 0.0746 0.3589 0.0429 0.3320
52 0.0866 0.0696 0.1095 0.1833 0.0034 0.5474
53 0.1693 0.2158 0.2465 0.1720 0.0361 0.1604
54 0.3596 0.3889 0.1376 0.0526 0.0104 0.0510
55 0.5464 0.1553 0.1172 0.1339 0.0204 0.0268
56 0.3052 0.1880 0.3274 0.1014 0.0213 0.0569
57 0.0776 0.2092 0.4680 0.2228 0.0067 0.0156
58 0.2408 0.2317 0.4097 0.0696 0.0260 0.0222
59 0.1170 0.4592 0.2556 0.1217 0.0211 0.0253
60 0.4797 0.0938 0.1122 0.2319 0.0290 0.0534
61 0.3152 0.1124 0.2915 0.2183 0.0522 0.0105
62 0.2983 0.1572 0.1824 0.3054 0.0374 0.0192
63 0.0534 0.0045 0.0135 0.3950 0.0023 0.5312
64 0.0598 0.0462 0.1368 0.3469 0.0048 0.4055
65 0.1100 0.1600 0.2966 0.1976 0.0667 0.1691
66 0.0710 0.1392 0.2385 0.1287 0.0811 0.3416
67 0.2917 0.0616 0.2272 0.3081 0.0677 0.0437
68 0.0315 0.0172 0.3574 0.4309 0.0273 0.1356
69 0.1309 0.1146 0.5298 0.1259 0.0204 0.0782
70 0.0964 0.1338 0.4219 0.2206 0.0270 0.1002
71 0.3386 0.0271 0.0411 0.4663 0.1198 0.0071
72 0.3284 0.0244 0.1704 0.4595 0.0113 0.0059
73 0.4075 0.0332 0.0697 0.4204 0.0578 0.0112
74 0.0596 0.0037 0.0284 0.6021 0.0079 0.2981
75 0.4250 0.0106 0.0377 0.5049 0.0157 0.0060
76 0.1582 0.0522 0.3145 0.3621 0.0901 0.0230
77 0.2228 0.0776 0.1891 0.3643 0.1028 0.0435
78 0.1298 0.1381 0.0972 0.5815 0.0316 0.0220
79 0.1783 0.1082 0.3547 0.2438 0.0607 0.0544
80 0.2412 0.1213 0.3196 0.1332 0.0081 0.1765
81 0.0767 0.1133 0.0836 0.6890 0.0177 0.0199
82 0.2185 0.0291 0.1265 0.5327 0.0536 0.0398
83 0.2681 0.0118 0.2661 0.2240 0.0276 0.2024
84 0.0688 0.0083 0.0365 0.8647 0.0125 0.0090
85 0.0142 0.0180 0.0285 0.9014 0.0047 0.0331
86 0.2433 0.0625 0.4617 0.1571 0.0625 0.0129
87 0.2937 0.0461 0.2717 0.3381 0.0388 0.0117
88 0.1328 0.0287 0.5679 0.2367 0.0143 0.0196
89 0.3345 0.0475 0.0538 0.4944 0.0643 0.0056
90 0.0634 0.0243 0.0348 0.8486 0.0180 0.0110
91 0.0831 0.0567 0.0806 0.7407 0.0162 0.0227
92 0.1768 0.0394 0.0522 0.7046 0.0136 0.0133
93 0.3628 0.0343 0.0715 0.4844 0.0325 0.0145
94 0.2576 0.0205 0.2070 0.2273 0.0870 0.2006
95 0.0765 0.0382 0.0526 0.8037 0.0180 0.0112
96 0.0937 0.4263 0.3320 0.1104 0.0316 0.0059
97 0.2722 0.0208 0.1899 0.4666 0.0417 0.0088
98 0.4553 0.0107 0.2151 0.1675 0.0698 0.0816
99 0.3254 0.0773 0.0488 0.4246 0.0992 0.0247
100 0.0610 0.0801 0.0453 0.7783 0.0176 0.0176
101 0.2399 0.1064 0.2117 0.4177 0.0072 0.0168
102 0.4927 0.0217 0.0282 0.4053 0.0298 0.0223
103 0.3274 0.0494 0.2433 0.3623 0.0105 0.0070
104 0.1761 0.1642 0.1875 0.2524 0.1146 0.1052
105 0.1107 0.1700 0.2218 0.3435 0.0317 0.1224
106 0.1038 0.0760 0.3711 0.3005 0.0185 0.1302
107 0.1594 0.1750 0.1096 0.5063 0.0400 0.0096
108 0.4158 0.0858 0.1747 0.1554 0.1591 0.0093
109 0.0974 0.1722 0.1240 0.3398 0.1193 0.1473
110 0.0768 0.0721 0.1083 0.5088 0.0046 0.2294
111 0.0951 0.0174 0.0399 0.4536 0.0517 0.3423
112 0.0497 0.0757 0.2191 0.4937 0.0089 0.1530
113 0.1026 0.0898 0.2725 0.4563 0.0328 0.0459
114 0.0502 0.0535 0.3352 0.5273 0.0076 0.0260
115 0.4004 0.1310 0.0776 0.2094 0.0866 0.0951
116 0.3218 0.2864 0.1157 0.0659 0.1923 0.0180
117 0.2389 0.1129 0.5137 0.0529 0.0363 0.0453
118 0.1177 0.5747 0.2415 0.0556 0.0079 0.0025
119 0.3994 0.1857 0.2788 0.0919 0.0418 0.0024
120 0.3247 0.0192 0.0173 0.6113 0.0243 0.0031
121 0.2720 0.4961 0.1636 0.0213 0.0133 0.0338
122 0.4419 0.3013 0.1227 0.0315 0.0603 0.0424
123 0.0559 0.1281 0.6011 0.0922 0.1166 0.0060
124 0.0300 0.2203 0.4663 0.1798 0.0933 0.0102
125 0.3628 0.0420 0.0552 0.4844 0.0430 0.0124
126 0.2416 0.1159 0.3572 0.1055 0.0910 0.0889
127 0.1300 0.2178 0.1157 0.2046 0.0388 0.2932
128 0.5469 0.0288 0.0958 0.2466 0.0729 0.0090
129 0.1220 0.0928 0.3643 0.2686 0.0684 0.0839
130 0.1564 0.0267 0.1227 0.6533 0.0244 0.0167
131 0.4551 0.0791 0.2437 0.1512 0.0548 0.0162
132 0.1255 0.2006 0.2419 0.1226 0.0351 0.2742
133 0.1635 0.0327 0.2673 0.3599 0.0842 0.0924
134 0.4326 0.2465 0.1438 0.0585 0.0746 0.0442
135 0.1046 0.0675 0.2095 0.3884 0.1311 0.0989
136 0.2443 0.1118 0.2725 0.2900 0.0603 0.0212
137 0.4465 0.0563 0.1321 0.3142 0.0273 0.0235
138 0.3062 0.1296 0.0877 0.1109 0.0421 0.3235
139 0.3887 0.2734 0.1213 0.0605 0.0143 0.1418
140 0.3787 0.0412 0.3213 0.1137 0.1309 0.0143
141 0.0927 0.0466 0.2405 0.5420 0.0311 0.0470
142 0.1407 0.0596 0.5396 0.0410 0.0108 0.2081
143 0.1422 0.1562 0.3689 0.2308 0.0351 0.0667
144 0.1072 0.4109 0.3625 0.0854 0.0109 0.0230
145 0.2959 0.0708 0.0945 0.4546 0.0400 0.0443
146 0.1664 0.3132 0.3083 0.1423 0.0245 0.0451
147 0.1763 0.1832 0.4131 0.1061 0.1069 0.0146
148 0.5039 0.0480 0.2325 0.0682 0.1284 0.0186
149 0.3210 0.2224 0.1641 0.0477 0.2207 0.0240
150 0.1831 0.0279 0.1680 0.5684 0.0402 0.0124
151 0.3123 0.1243 0.2778 0.2180 0.0436 0.0239
152 0.2191 0.0537 0.5640 0.0412 0.1110 0.0110
153 0.0984 0.2654 0.2217 0.3921 0.0051 0.0175
154 0.1433 0.0241 0.3718 0.4148 0.0194 0.0265
155 0.0907 0.0244 0.2427 0.5557 0.0160 0.0706
156 0.1239 0.0188 0.1146 0.6909 0.0168 0.0349
157 0.1479 0.0357 0.0688 0.6089 0.0677 0.0710
158 0.0731 0.0881 0.4336 0.3403 0.0239 0.0410
159 0.1311 0.0364 0.2046 0.5103 0.0610 0.0564
160 0.1241 0.0529 0.7085 0.0482 0.0047 0.0614
161 0.4644 0.0654 0.1921 0.2211 0.0456 0.0114
162 0.0779 0.0098 0.0985 0.7510 0.0103 0.0527
163 0.1689 0.0792 0.1456 0.4417 0.1295 0.0349
164 0.2476 0.0357 0.3230 0.3281 0.0410 0.0247
165 0.1665 0.2559 0.4893 0.0612 0.0138 0.0134
166 0.1298 0.2312 0.5337 0.0722 0.0272 0.0062
167 0.2593 0.0766 0.0760 0.4622 0.0620 0.0640
168 0.1116 0.0540 0.2085 0.5986 0.0112 0.0161
169 0.0991 0.0645 0.1971 0.5884 0.0091 0.0417
170 0.1205 0.0665 0.2396 0.5151 0.0139 0.0440
171 0.1328 0.0627 0.0739 0.6387 0.0405 0.0512
172 0.2590 0.0265 0.2491 0.3950 0.0464 0.0237
173 0.0976 0.1224 0.1512 0.2551 0.0407 0.3328
174 0.2159 0.1147 0.2688 0.2410 0.0347 0.1250
175 0.4043 0.0228 0.0307 0.4690 0.0337 0.0397
176 0.5400 0.0620 0.1177 0.1971 0.0506 0.0322
177 0.4358 0.0942 0.1554 0.1554 0.0449 0.1146
178 0.4207 0.0468 0.0976 0.2067 0.0515 0.1768
179 0.4910 0.1938 0.1021 0.1241 0.0591 0.0297
180 0.5024 0.1764 0.1509 0.0860 0.0644 0.0198
181 0.1221 0.3269 0.2546 0.2585 0.0088 0.0292
182 0.5352 0.1046 0.0873 0.2096 0.0573 0.0060
183 0.0535 0.7563 0.1422 0.0414 0.0033 0.0030
184 0.0480 0.7168 0.1990 0.0249 0.0053 0.0061
185 0.2029 0.0304 0.0943 0.6055 0.0609 0.0060
186 0.2854 0.0884 0.1930 0.3992 0.0253 0.0088
187 0.5718 0.0622 0.1704 0.0870 0.0956 0.0128
188 0.2374 0.0135 0.1232 0.5522 0.0577 0.0162
189 0.0841 0.0640 0.3250 0.4512 0.0126 0.0630
190 0.0480 0.1000 0.4480 0.3833 0.0092 0.0115
191 0.3962 0.1083 0.2404 0.1247 0.0964 0.0338
192 0.0754 0.0437 0.4341 0.3772 0.0479 0.0216
193 0.0940 0.2325 0.3926 0.2036 0.0552 0.0220
194 0.2275 0.0462 0.0580 0.2240 0.0193 0.4250
195 0.0545 0.0341 0.2903 0.4358 0.0372 0.1482
196 0.2488 0.0479 0.2112 0.4299 0.0471 0.0151
197 0.0927 0.1026 0.3337 0.3694 0.0496 0.0520
198 0.2734 0.1071 0.3826 0.0967 0.0560 0.0840
199 0.0812 0.1259 0.0958 0.2727 0.0769 0.3474
200 0.3298 0.3428 0.1953 0.0339 0.0413 0.0569
201 0.4578 0.2338 0.1343 0.1407 0.0120 0.0216
202 0.2385 0.0399 0.0405 0.6284 0.0431 0.0096
203 0.2153 0.0301 0.0536 0.6792 0.0152 0.0065
204 0.1497 0.0860 0.4399 0.2842 0.0203 0.0199
205 0.3381 0.0939 0.2166 0.2416 0.0709 0.0391
206 0.0507 0.2218 0.1206 0.5664 0.0293 0.0110
207 0.1725 0.2146 0.2413 0.2712 0.0765 0.0237
208 0.1846 0.0409 0.1438 0.4395 0.1831 0.0083
209 0.1407 0.1312 0.0828 0.5698 0.0560 0.0195
210 0.2488 0.0113 0.0490 0.6553 0.0256 0.0099
211 0.1613 0.0245 0.0434 0.1945 0.0395 0.5371
212 0.1251 0.0273 0.0337 0.1271 0.0311 0.6558
213 0.5840 0.0275 0.0447 0.3274 0.0080 0.0086
214 0.2888 0.0239 0.1570 0.4302 0.0605 0.0397
215 0.4309 0.0574 0.1661 0.2915 0.0398 0.0143
216 0.2427 0.0505 0.1077 0.5181 0.0497 0.0316
217 0.2006 0.0693 0.1826 0.4736 0.0257 0.0484
218 0.6865 0.0564 0.0412 0.1174 0.0701 0.0283
219 0.7769 0.0769 0.0415 0.0481 0.0428 0.0138
220 0.8296 0.0945 0.0219 0.0139 0.0295 0.0103
221 0.7944 0.0728 0.0441 0.0455 0.0251 0.0178
222 0.7295 0.0793 0.0722 0.0745 0.0328 0.0117
223 0.7856 0.0543 0.0578 0.0665 0.0251 0.0109
224 0.7837 0.0550 0.0586 0.0663 0.0254 0.0111
225 0.6963 0.0899 0.0757 0.0818 0.0421 0.0142
