time exciting_prob fearful_prob tense_prob sad_prob relaxing_prob neutral_prob
0 0.1136 0.1553 0.1349 0.1288 0.0181 0.4492
1 0.1157 0.1737 0.1022 0.3796 0.0288 0.2000
2 0.0076 0.7139 0.2247 0.0390 0.0036 0.0109
3 0.0102 0.4749 0.4604 0.0355 0.0015 0.0176
4 0.0073 0.4893 0.3811 0.0891 0.0018 0.0313
5 0.0182 0.2620 0.6187 0.0787 0.0016 0.0208
6 0.0130 0.5488 0.3772 0.0510 0.0020 0.0081
7 0.0088 0.4980 0.4329 0.0471 0.0011 0.0122
8 0.0440 0.3027 0.2715 0.1186 0.0043 0.2590
9 0.0698 0.3103 0.2235 0.1675 0.0088 0.2201
10 0.0112 0.4653 0.4172 0.0875 0.0008 0.0179
11 0.0350 0.4988 0.3481 0.0634 0.0033 0.0514
12 0.0474 0.4978 0.2388 0.0995 0.0123 0.1043
13 0.0355 0.6338 0.2296 0.0533 0.0105 0.0372
14 0.0237 0.1791 0.7085 0.0393 0.0024 0.0471
15 0.0460 0.2045 0.6299 0.0764 0.0299 0.0136
16 0.0342 0.1028 0.7363 0.0740 0.0235 0.0290
17 0.0433 0.1559 0.5703 0.1272 0.0461 0.0573
18 0.0219 0.1654 0.6543 0.0845 0.0139 0.0599
19 0.0323 0.2328 0.5762 0.1134 0.0169 0.0287
20 0.0299 0.3972 0.4500 0.0958 0.0044 0.0228
21 0.0304 0.4399 0.4263 0.0776 0.0051 0.0207
22 0.0443 0.4407 0.3889 0.1114 0.0029 0.0119
23 0.0260 0.6494 0.2280 0.0872 0.0016 0.0078
24 0.0201 0.5923 0.1779 0.1835 0.0034 0.0226
25 0.0626 0.1649 0.5493 0.1514 0.0182 0.0536
26 0.0295 0.1508 0.5962 0.1736 0.0254 0.0244
27 0.0724 0.1643 0.7026 0.0464 0.0092 0.0048
28 0.0493 0.3213 0.5640 0.0320 0.0066 0.0270
29 0.0283 0.4863 0.3970 0.0572 0.0099 0.0214
30 0.0213 0.5415 0.1871 0.1392 0.0007 0.1100
31 0.0346 0.3547 0.4021 0.1033 0.0020 0.1033
32 0.0453 0.2179 0.1569 0.2015 0.0050 0.3735
33 0.0492 0.4246 0.2964 0.1637 0.0030 0.0631
34 0.0090 0.3723 0.5420 0.0608 0.0006 0.0154
35 0.0149 0.2678 0.4558 0.1550 0.0108 0.0955
36 0.0072 0.4705 0.3389 0.1527 0.0003 0.0305
37 0.0163 0.3535 0.4758 0.0880 0.0030 0.0634
38 0.0096 0.2952 0.4790 0.1331 0.0011 0.0820
39 0.0068 0.5425 0.2815 0.1394 0.0004 0.0292
40 0.0102 0.4241 0.2739 0.2455 0.0010 0.0454
41 0.0489 0.2192 0.5430 0.0674 0.0139 0.1077
42 0.0431 0.2186 0.5083 0.1170 0.0473 0.0657
43 0.0219 0.6108 0.2046 0.0435 0.0007 0.1184
44 0.0305 0.3208 0.1718 0.2539 0.0025 0.2205
45 0.0206 0.1592 0.6494 0.0493 0.0034 0.1183
46 0.0326 0.1146 0.2244 0.4258 0.0017 0.2010
47 0.0620 0.5571 0.3225 0.0430 0.0044 0.0111
48 0.0606 0.4443 0.3743 0.0666 0.0038 0.0503
49 0.0324 0.2268 0.3250 0.2778 0.0088 0.1293
50 0.0251 0.1162 0.3579 0.0473 0.0147 0.4387
51 0.0232 0.2440 0.3135 0.0598 0.0044 0.3552
52 0.1935 0.2998 0.3140 0.0663 0.0108 0.1155
53 0.0215 0.2343 0.4446 0.2100 0.0102 0.0797
54 0.0285 0.3469 0.1915 0.2384 0.0308 0.1638
55 0.0249 0.3308 0.3467 0.1771 0.0146 0.1058
56 0.0173 0.2095 0.5874 0.0759 0.0046 0.1053
57 0.0148 0.2676 0.6128 0.0371 0.0070 0.0607
58 0.0114 0.2142 0.6299 0.0638 0.0159 0.0648
59 0.0104 0.2644 0.5962 0.0648 0.0063 0.0581
60 0.0088 0.2598 0.6138 0.0562 0.0071 0.0545
61 0.0148 0.4495 0.3845 0.0679 0.0172 0.0663
62 0.0067 0.1670 0.5562 0.1029 0.0104 0.1569
63 0.0336 0.1362 0.4829 0.2013 0.0966 0.0493
64 0.0258 0.0931 0.5439 0.0917 0.0322 0.2131
65 0.0355 0.1461 0.3850 0.1193 0.1656 0.1484
66 0.0182 0.2223 0.5420 0.1553 0.0104 0.0520
67 0.1289 0.5298 0.1875 0.1019 0.0177 0.0341
68 0.0933 0.5493 0.2238 0.1000 0.0142 0.0192
69 0.0959 0.3374 0.1533 0.2690 0.0103 0.1342
70 0.0192 0.1968 0.1462 0.5874 0.0042 0.0460
71 0.0154 0.1443 0.3862 0.3572 0.0024 0.0946
72 0.0187 0.1664 0.7939 0.0100 0.0072 0.0040
73 0.0305 0.1327 0.1550 0.1434 0.0055 0.5327
74 0.0488 0.2498 0.2007 0.1066 0.0074 0.3867
75 0.0404 0.1099 0.1943 0.0829 0.0057 0.5669
76 0.0688 0.3108 0.3157 0.1826 0.0035 0.1188
77 0.0534 0.2546 0.2566 0.1406 0.0107 0.2842
78 0.0497 0.4065 0.2930 0.0399 0.0233 0.1876
79 0.0298 0.5005 0.1870 0.0274 0.1899 0.0656
80 0.0510 0.1071 0.1880 0.1333 0.0403 0.4802
81 0.0486 0.1194 0.4800 0.1793 0.0307 0.1418
82 0.0195 0.1077 0.4324 0.2208 0.0276 0.1919
83 0.0388 0.0506 0.5654 0.2113 0.0223 0.1114
84 0.0161 0.1560 0.2915 0.0903 0.0015 0.4446
85 0.0740 0.2333 0.2644 0.0643 0.0082 0.3557
86 0.0158 0.5439 0.1738 0.2610 0.0011 0.0042
87 0.0149 0.5684 0.1904 0.2191 0.0011 0.0061
88 0.0103 0.0880 0.4683 0.0833 0.0130 0.3372
89 0.0066 0.0530 0.1333 0.1880 0.0122 0.6069
90 0.0119 0.2184 0.4624 0.0889 0.0133 0.2052
91 0.0110 0.0997 0.5737 0.1427 0.0347 0.1383
92 0.0190 0.1251 0.5786 0.1290 0.0309 0.1175
93 0.0605 0.6553 0.1251 0.1261 0.0038 0.0293
94 0.0514 0.1938 0.2321 0.1671 0.0018 0.3538
95 0.0387 0.1085 0.1761 0.2108 0.0019 0.4641
96 0.0151 0.5039 0.2382 0.1742 0.0018 0.0667
97 0.0215 0.0418 0.0927 0.4783 0.1018 0.2642
98 0.0207 0.1201 0.1278 0.3066 0.2581 0.1666
99 0.0535 0.6025 0.1187 0.1956 0.0271 0.0027
100 0.0305 0.5674 0.2402 0.1458 0.0010 0.0151
101 0.0352 0.0851 0.2042 0.3113 0.0057 0.3584
102 0.0403 0.1509 0.2336 0.2566 0.0776 0.2411
103 0.0186 0.0565 0.1226 0.2085 0.0444 0.5493
104 0.0072 0.7847 0.1671 0.0367 0.0003 0.0041
105 0.0080 0.0409 0.1531 0.3616 0.0073 0.4292
106 0.0054 0.0468 0.2034 0.2234 0.0098 0.5112
107 0.0544 0.1687 0.1926 0.5361 0.0468 0.0014
108 0.0244 0.0898 0.1691 0.6479 0.0683 0.0004
109 0.0193 0.4973 0.2834 0.1774 0.0044 0.0184
110 0.0356 0.1683 0.4504 0.1087 0.0860 0.1509
111 0.0241 0.2490 0.4236 0.1177 0.0543 0.1312
112 0.0549 0.3284 0.2854 0.1799 0.0079 0.1434
113 0.0613 0.2903 0.3728 0.1404 0.0101 0.1249
114 0.0301 0.2106 0.3364 0.1267 0.0038 0.2922
115 0.0209 0.2094 0.3450 0.1174 0.2228 0.0845
116 0.0429 0.4465 0.2354 0.2177 0.0050 0.0525
117 0.0499 0.4592 0.2576 0.1770 0.0173 0.0389
118 0.0045 0.0787 0.1830 0.5464 0.0428 0.1448
119 0.0009 0.0610 0.1608 0.7319 0.0047 0.0406
120 0.0703 0.2737 0.3406 0.1740 0.0031 0.1387
121 0.0019 0.1124 0.1160 0.7329 0.0061 0.0307
122 0.0022 0.1653 0.1154 0.6851 0.0054 0.0266
123 0.0300 0.1838 0.2593 0.0917 0.0010 0.4341
124 0.0583 0.2634 0.4919 0.1525 0.0077 0.0263
125 0.0113 0.1606 0.0659 0.1213 0.0055 0.6353
126 0.0135 0.1010 0.0408 0.1162 0.0169 0.7119
127 0.0202 0.1246 0.1346 0.2255 0.0177 0.4775
128 0.0141 0.3704 0.0525 0.3943 0.0406 0.1281
129 0.0224 0.8037 0.0610 0.0901 0.0085 0.0143
130 0.0253 0.8364 0.0436 0.0854 0.0068 0.0023
131 0.0238 0.1803 0.2314 0.4900 0.0220 0.0525
132 0.0108 0.2079 0.1984 0.5063 0.0120 0.0644
133 0.0433 0.2893 0.2115 0.3831 0.0430 0.0298
134 0.0217 0.4949 0.0834 0.3735 0.0059 0.0204
135 0.0166 0.1538 0.0363 0.7690 0.0157 0.0085
136 0.0204 0.2974 0.0537 0.0845 0.0141 0.5298
137 0.0137 0.0640 0.1039 0.0903 0.0072 0.7212
138 0.0287 0.1210 0.2903 0.4497 0.0034 0.1068
139 0.0560 0.5742 0.2756 0.0475 0.0068 0.0397
140 0.0146 0.0917 0.8301 0.0359 0.0159 0.0119
141 0.0249 0.0849 0.1197 0.2961 0.0155 0.4587
142 0.0807 0.1373 0.1417 0.5181 0.0299 0.0922
143 0.0416 0.1451 0.1385 0.3650 0.0342 0.2754
144 0.0096 0.7305 0.1121 0.1193 0.0014 0.0270
145 0.0135 0.6680 0.1974 0.0992 0.0020 0.0200
146 0.0185 0.0443 0.0644 0.1322 0.0035 0.7373
147 0.0430 0.2198 0.1283 0.1063 0.0225 0.4802
148 0.0084 0.6606 0.0517 0.2546 0.0152 0.0093
149 0.0105 0.7866 0.0969 0.0816 0.0021 0.0223
150 0.0170 0.1432 0.2676 0.4016 0.0035 0.1674
151 0.0513 0.2246 0.2585 0.1138 0.0038 0.3479
152 0.0286 0.1221 0.2998 0.1165 0.0032 0.4297
153 0.1785 0.1266 0.1208 0.1575 0.0081 0.4084
154 0.0236 0.5630 0.1915 0.1337 0.0383 0.0500
155 0.1533 0.2754 0.0735 0.2932 0.0967 0.1078
156 0.0110 0.2952 0.4229 0.0807 0.0139 0.1763
157 0.0140 0.4634 0.3608 0.0435 0.0098 0.1084
158 0.0614 0.1353 0.2842 0.2318 0.0033 0.2842
159 0.0226 0.2200 0.6670 0.0345 0.0145 0.0413
160 0.0286 0.1243 0.1986 0.5234 0.0219 0.1031
161 0.0177 0.5000 0.2515 0.1990 0.0054 0.0265
162 0.0320 0.2153 0.3386 0.1730 0.0008 0.2402
163 0.0389 0.5635 0.2173 0.1639 0.0028 0.0136
164 0.0635 0.1302 0.3125 0.4204 0.0081 0.0655
165 0.0542 0.1331 0.1556 0.2410 0.0189 0.3972
166 0.0704 0.1170 0.1813 0.3960 0.0098 0.2256
167 0.0308 0.4387 0.2009 0.3110 0.0016 0.0168
168 0.0415 0.0638 0.3191 0.3730 0.0057 0.1967
169 0.0463 0.1372 0.2335 0.2335 0.0097 0.3396
170 0.2026 0.3394 0.1628 0.2603 0.0217 0.0133
171 0.1621 0.2935 0.2114 0.2632 0.0300 0.0397
172 0.0486 0.1362 0.1078 0.6450 0.0084 0.0542
173 0.0166 0.0855 0.0882 0.2893 0.0049 0.5156
174 0.0308 0.4849 0.1676 0.2942 0.0016 0.0211
175 0.0268 0.1843 0.1247 0.1458 0.0095 0.5088
176 0.1188 0.1526 0.3230 0.3333 0.0124 0.0598
177 0.0188 0.2241 0.0408 0.6797 0.0022 0.0344
178 0.0267 0.2742 0.0454 0.6084 0.0021 0.0434
179 0.0831 0.3210 0.0858 0.1505 0.0333 0.3262
180 0.0464 0.5068 0.0696 0.3650 0.0071 0.0053
181 0.0831 0.3162 0.1772 0.3364 0.0355 0.0516
182 0.0183 0.1644 0.4910 0.1750 0.0104 0.1406
183 0.0160 0.2391 0.0707 0.3320 0.0204 0.3218
184 0.0232 0.1942 0.2534 0.3804 0.0133 0.1356
185 0.0273 0.1055 0.3225 0.3892 0.0006 0.1548
186 0.0359 0.1315 0.3926 0.1422 0.0014 0.2964
187 0.0223 0.1713 0.5034 0.2131 0.0055 0.0848
188 0.0279 0.0555 0.1968 0.6763 0.0126 0.0311
189 0.0357 0.1307 0.1267 0.1614 0.0079 0.5376
190 0.0164 0.1635 0.2133 0.1039 0.0072 0.4956
191 0.0185 0.0527 0.7046 0.0666 0.0273 0.1304
192 0.0971 0.2422 0.3579 0.2703 0.0147 0.0178
193 0.0262 0.4604 0.2389 0.2583 0.0027 0.0133
194 0.0359 0.2549 0.1646 0.3948 0.0114 0.1385
195 0.0530 0.1794 0.2571 0.2651 0.0077 0.2377
196 0.1198 0.1009 0.0823 0.4248 0.0020 0.2700
197 0.0568 0.1221 0.2245 0.3818 0.0040 0.2109
198 0.0684 0.1110 0.1381 0.4895 0.0185 0.1746
199 0.1534 0.2913 0.2305 0.1881 0.0144 0.1224
200 0.0475 0.1908 0.1683 0.5107 0.0104 0.0724
201 0.1180 0.1744 0.1665 0.4456 0.0143 0.0811
202 0.0458 0.0602 0.1489 0.5981 0.0310 0.1160
203 0.0540 0.1285 0.2598 0.3960 0.0203 0.1412
204 0.0637 0.2025 0.3364 0.1918 0.0197 0.1858
205 0.1523 0.1727 0.1263 0.3892 0.0046 0.1548
206 0.0316 0.0228 0.1311 0.7085 0.0037 0.1021
207 0.0978 0.1538 0.1587 0.3928 0.0082 0.1885
208 0.3191 0.3142 0.1193 0.1967 0.0432 0.0077
209 0.0156 0.0700 0.1339 0.4602 0.0040 0.3164
210 0.0289 0.0459 0.1814 0.3960 0.0090 0.3389
211 0.0641 0.2744 0.3110 0.1786 0.0272 0.1447
212 0.0111 0.1013 0.1473 0.6812 0.0244 0.0345
213 0.0117 0.3906 0.2058 0.3557 0.0095 0.0268
214 0.0352 0.2263 0.0795 0.6250 0.0018 0.0321
215 0.1395 0.1175 0.0331 0.6353 0.0104 0.0644
216 0.0236 0.0775 0.2791 0.2010 0.0063 0.4124
217 0.0336 0.0800 0.2837 0.1173 0.0031 0.4824
218 0.1550 0.1327 0.3232 0.3550 0.0072 0.0269
219 0.0961 0.1409 0.2715 0.4014 0.0028 0.0875
220 0.0641 0.1190 0.3606 0.3960 0.0082 0.0520
221 0.0675 0.1029 0.0542 0.7256 0.0065 0.0432
222 0.0240 0.0659 0.2246 0.5063 0.0072 0.1722
223 0.0346 0.0705 0.0774 0.2120 0.0106 0.5947
224 0.0175 0.0687 0.0969 0.2083 0.0059 0.6025
225 0.0252 0.0927 0.0500 0.1068 0.0127 0.7124
226 0.0237 0.0309 0.0685 0.4331 0.0039 0.4399
227 0.0979 0.2122 0.0662 0.5171 0.0131 0.0934
228 0.1498 0.2047 0.1053 0.3706 0.0176 0.1521
229 0.0601 0.1895 0.2233 0.1272 0.0141 0.3857
230 0.0370 0.0916 0.0639 0.7666 0.0047 0.0364
231 0.0880 0.1340 0.1279 0.5469 0.0229 0.0801
232 0.0370 0.1737 0.1849 0.5435 0.0175 0.0432
233 0.0528 0.2025 0.4707 0.2443 0.0188 0.0108
234 0.0472 0.2590 0.2434 0.4407 0.0080 0.0017
235 0.0143 0.1099 0.1048 0.5986 0.0440 0.1284
236 0.0093 0.0451 0.0451 0.7632 0.0069 0.1305
237 0.0465 0.2308 0.3059 0.2659 0.0019 0.1490
238 0.1860 0.0648 0.0663 0.4260 0.0024 0.2544
239 0.0417 0.0392 0.1715 0.5845 0.0548 0.1082
240 0.0276 0.1094 0.3264 0.4900 0.0078 0.0387
241 0.0085 0.6216 0.1987 0.1523 0.0004 0.0182
242 0.0058 0.0452 0.5332 0.2520 0.0010 0.1627
243 0.0611 0.7866 0.0842 0.0630 0.0007 0.0045
244 0.0875 0.3740 0.2323 0.2781 0.0085 0.0197
245 0.0307 0.2380 0.3203 0.3987 0.0019 0.0105
246 0.0209 0.0958 0.4536 0.1230 0.0044 0.3022
247 0.0135 0.2264 0.4871 0.1683 0.0026 0.1021
248 0.1569 0.3145 0.2229 0.2627 0.0212 0.0221
249 0.0702 0.3481 0.1140 0.4541 0.0022 0.0112
250 0.0391 0.4612 0.2111 0.2145 0.0014 0.0729
251 0.0035 0.1531 0.5601 0.2194 0.0011 0.0629
252 0.0037 0.0809 0.4656 0.3982 0.0012 0.0506
253 0.0140 0.3730 0.2159 0.3506 0.0003 0.0460
254 0.0202 0.6274 0.3057 0.0454 0.0001 0.0012
255 0.0624 0.2566 0.3000 0.3452 0.0030 0.0326
256 0.0289 0.1196 0.6777 0.1610 0.0016 0.0112
257 0.0486 0.1261 0.1429 0.6406 0.0032 0.0385
258 0.0527 0.3059 0.3574 0.2615 0.0012 0.0211
259 0.0262 0.0923 0.1387 0.1387 0.0021 0.6021
260 0.0392 0.1716 0.5454 0.1316 0.0715 0.0408
261 0.0587 0.2416 0.4307 0.2416 0.0020 0.0255
262 0.0659 0.6104 0.1472 0.1694 0.0041 0.0033
263 0.0587 0.4802 0.1621 0.2529 0.0022 0.0440
264 0.0146 0.0640 0.0332 0.8696 0.0065 0.0122
265 0.0338 0.1274 0.2534 0.5449 0.0310 0.0092
266 0.0322 0.2004 0.3154 0.3987 0.0019 0.0515
267 0.0481 0.0768 0.1993 0.6235 0.0316 0.0204
268 0.1248 0.1191 0.4495 0.2727 0.0020 0.0320
269 0.1288 0.3699 0.2279 0.2369 0.0012 0.0352
270 0.0503 0.3774 0.2939 0.2438 0.0026 0.0317
271 0.0260 0.4204 0.3484 0.1865 0.0023 0.0162
272 0.0064 0.0837 0.4453 0.2832 0.0016 0.1799
273 0.0204 0.4255 0.2664 0.2542 0.0005 0.0333
274 0.0974 0.1353 0.1632 0.5186 0.0165 0.0691
275 0.0909 0.2394 0.3323 0.1251 0.0025 0.2096
276 0.0220 0.2593 0.1598 0.5405 0.0019 0.0166
277 0.0092 0.1682 0.5024 0.1967 0.0044 0.1193
278 0.0065 0.0544 0.4419 0.3232 0.0035 0.1704
279 0.0066 0.1750 0.5918 0.1805 0.0023 0.0435
280 0.0877 0.2788 0.1515 0.3184 0.0024 0.1614
281 0.0085 0.1686 0.6772 0.1039 0.0016 0.0400
282 0.0062 0.1927 0.6421 0.0969 0.0016 0.0606
283 0.0462 0.1368 0.1650 0.2944 0.0025 0.3550
284 0.0825 0.0435 0.1381 0.6689 0.0185 0.0485
285 0.0492 0.2039 0.2920 0.3931 0.0135 0.0484
286 0.0164 0.0707 0.1777 0.6812 0.0022 0.0517
287 0.0292 0.5181 0.3342 0.1069 0.0056 0.0061
288 0.0110 0.4722 0.2162 0.2411 0.0054 0.0542
289 0.0067 0.0429 0.2798 0.4006 0.0029 0.2668
290 0.0205 0.2810 0.3499 0.2993 0.0056 0.0438
291 0.0166 0.3027 0.3767 0.2250 0.0059 0.0731
292 0.0136 0.1362 0.3120 0.4331 0.0037 0.1013
293 0.0040 0.1501 0.4080 0.3601 0.0022 0.0755
294 0.0531 0.0962 0.4810 0.3010 0.0048 0.0641
295 0.0305 0.1423 0.3013 0.4966 0.0022 0.0269
296 0.0271 0.6206 0.2393 0.1062 0.0018 0.0050
297 0.0514 0.0713 0.0975 0.5269 0.0157 0.2374
298 0.0439 0.1510 0.2267 0.2302 0.0026 0.3457
299 0.1261 0.1222 0.0853 0.5562 0.0165 0.0937
300 0.0200 0.5923 0.2712 0.0286 0.0023 0.0853
301 0.0546 0.2244 0.3020 0.0906 0.0493 0.2793
302 0.0200 0.0488 0.5669 0.3179 0.0186 0.0278
303 0.0198 0.0807 0.5269 0.2954 0.0268 0.0505
304 0.0434 0.5986 0.1490 0.1798 0.0238 0.0051
305 0.0237 0.3120 0.2391 0.3120 0.0137 0.0997
306 0.0721 0.0817 0.1652 0.5249 0.0151 0.1412
307 0.0340 0.1105 0.1583 0.3857 0.0017 0.3098
308 0.1273 0.6987 0.0213 0.0373 0.1115 0.0039
309 0.0848 0.5234 0.0367 0.2847 0.0245 0.0461
310 0.0496 0.3809 0.2040 0.1576 0.1108 0.0971
311 0.0377 0.5283 0.2168 0.1943 0.0173 0.0054
312 0.0508 0.3315 0.1259 0.4675 0.0159 0.0082
313 0.1085 0.2883 0.0690 0.5137 0.0134 0.0070
314 0.1415 0.5957 0.1019 0.1483 0.0091 0.0035
315 0.1279 0.4463 0.3164 0.0813 0.0244 0.0037
316 0.0703 0.6885 0.0656 0.1523 0.0198 0.0035
317 0.0226 0.2002 0.1376 0.4238 0.1376 0.0784
318 0.0198 0.0758 0.0820 0.1936 0.0229 0.6060
319 0.0907 0.0764 0.0936 0.5820 0.0099 0.1472
320 0.0609 0.2281 0.2211 0.1394 0.0106 0.3398
321 0.0536 0.0536 0.1899 0.4148 0.0073 0.2808
322 0.0253 0.0708 0.1476 0.4407 0.0128 0.3030
323 0.0524 0.2056 0.3086 0.2257 0.1962 0.0117
324 0.0415 0.7080 0.1592 0.0533 0.0304 0.0075
325 0.0814 0.3345 0.1497 0.3069 0.1165 0.0111
326 0.1759 0.5337 0.0466 0.1448 0.0942 0.0050
327 0.0476 0.3984 0.0345 0.4734 0.0320 0.0141
328 0.0596 0.1851 0.1909 0.3979 0.1464 0.0203
329 0.0355 0.7300 0.1531 0.0513 0.0193 0.0107
330 0.0276 0.1663 0.0565 0.1537 0.0066 0.5894
331 0.0226 0.0967 0.0446 0.0901 0.0092 0.7368
332 0.0381 0.0770 0.0599 0.2815 0.0093 0.5342
333 0.0403 0.4836 0.1851 0.0587 0.0243 0.2080
334 0.0585 0.3088 0.2769 0.2900 0.0089 0.0571
335 0.0489 0.4287 0.3552 0.1287 0.0091 0.0294
336 0.0145 0.2152 0.6523 0.0469 0.0133 0.0575
337 0.0190 0.2603 0.2191 0.2333 0.0558 0.2124
338 0.0842 0.4553 0.0856 0.2761 0.0869 0.0119
339 0.1083 0.5723 0.0357 0.1576 0.1163 0.0098
340 0.0367 0.3481 0.0998 0.4268 0.0644 0.0243
341 0.0447 0.1549 0.5938 0.0798 0.0096 0.1169
342 0.0275 0.2028 0.2998 0.1174 0.0023 0.3503
343 0.0170 0.0658 0.7300 0.0832 0.0679 0.0363
344 0.0626 0.1205 0.6777 0.0208 0.0645 0.0539
345 0.0687 0.1838 0.2803 0.3489 0.0465 0.0720
346 0.0290 0.1364 0.6206 0.1029 0.0098 0.1013
347 0.0361 0.1185 0.5479 0.1113 0.0115 0.1750
348 0.0315 0.2101 0.4380 0.1663 0.0030 0.1514
349 0.0498 0.2571 0.4800 0.0771 0.0047 0.1312
350 0.0396 0.2482 0.3137 0.0594 0.0053 0.3340
351 0.0391 0.2529 0.5273 0.0479 0.0063 0.1262
352 0.0438 0.3013 0.2703 0.1370 0.0204 0.2275
353 0.0297 0.3914 0.3000 0.1373 0.0064 0.1353
354 0.0294 0.2125 0.6245 0.0403 0.0132 0.0800
355 0.0439 0.1923 0.4199 0.1113 0.0078 0.2249
356 0.1237 0.2944 0.3691 0.1434 0.0149 0.0544
357 0.0502 0.1685 0.5786 0.0908 0.0167 0.0952
358 0.0602 0.2052 0.2849 0.1611 0.0123 0.2761
359 0.0940 0.1456 0.3521 0.1255 0.0131 0.2698
360 0.0423 0.2474 0.4143 0.1056 0.0228 0.1675
361 0.0314 0.1558 0.6455 0.0654 0.0314 0.0702
362 0.0424 0.0824 0.6479 0.0891 0.0594 0.0786
363 0.0221 0.0925 0.6724 0.0869 0.0163 0.1098
364 0.0099 0.1077 0.7837 0.0319 0.0150 0.0517
365 0.0819 0.3848 0.3240 0.1790 0.0017 0.0287
366 0.0278 0.4446 0.4807 0.0271 0.0059 0.0137
367 0.0639 0.3508 0.4299 0.0901 0.0087 0.0564
368 0.1089 0.1686 0.1177 0.2415 0.0332 0.3301
