time exciting_prob fearful_prob tense_prob sad_prob relaxing_prob neutral_prob
0 0.1095 0.1569 0.1384 0.1300 0.0183 0.4468
1 0.0681 0.2910 0.2451 0.3350 0.0322 0.0286
2 0.1445 0.1237 0.2920 0.3579 0.0557 0.0261
3 0.2285 0.2844 0.2588 0.0967 0.1113 0.0203
4 0.1005 0.1104 0.2607 0.4102 0.0573 0.0610
5 0.0133 0.2615 0.5449 0.1024 0.0142 0.0640
6 0.0081 0.3147 0.6162 0.0293 0.0124 0.0197
7 0.1594 0.0975 0.3650 0.1087 0.2015 0.0681
8 0.2795 0.3762 0.2795 0.0252 0.0353 0.0041
9 0.1117 0.1813 0.3083 0.3232 0.0693 0.0061
10 0.0050 0.2474 0.6831 0.0377 0.0118 0.0150
11 0.0320 0.6797 0.1209 0.0871 0.0684 0.0118
12 0.0644 0.2095 0.1212 0.5518 0.0464 0.0066
13 0.0097 0.1276 0.0699 0.7227 0.0371 0.0330
14 0.0702 0.1509 0.3350 0.3735 0.0482 0.0223
15 0.2046 0.0795 0.3320 0.0951 0.2710 0.0179
16 0.1722 0.0833 0.2126 0.4297 0.0866 0.0156
17 0.0214 0.2244 0.2484 0.0674 0.4226 0.0160
18 0.0561 0.1898 0.4412 0.1501 0.1501 0.0127
19 0.0305 0.2366 0.1306 0.5674 0.0224 0.0123
20 0.0188 0.3660 0.1188 0.4773 0.0092 0.0097
21 0.0704 0.4180 0.4180 0.0651 0.0247 0.0036
22 0.1409 0.2416 0.5278 0.0356 0.0506 0.0036
23 0.2944 0.0941 0.1946 0.0405 0.3665 0.0100
24 0.2778 0.0960 0.1954 0.0483 0.3738 0.0085
25 0.1117 0.0843 0.5674 0.1171 0.0203 0.0994
26 0.0801 0.1290 0.2283 0.4985 0.0381 0.0260
27 0.1086 0.1736 0.3269 0.2507 0.1061 0.0342
28 0.0320 0.2534 0.1514 0.5117 0.0447 0.0067
29 0.0455 0.4023 0.1436 0.3665 0.0389 0.0032
30 0.2610 0.3125 0.1214 0.2491 0.0300 0.0260
31 0.2054 0.1316 0.1492 0.4775 0.0157 0.0205
32 0.0515 0.3806 0.3308 0.1134 0.1189 0.0046
33 0.0378 0.3904 0.2312 0.1541 0.1830 0.0037
34 0.0335 0.4241 0.2035 0.1609 0.1727 0.0054
35 0.1449 0.1361 0.5913 0.0746 0.0390 0.0141
36 0.0149 0.1050 0.1067 0.5332 0.1349 0.1050
37 0.0169 0.1227 0.0627 0.5327 0.1600 0.1049
38 0.1382 0.2368 0.4709 0.0524 0.0567 0.0449
39 0.1179 0.4346 0.3333 0.0519 0.0484 0.0139
40 0.1153 0.2854 0.4421 0.0608 0.0799 0.0166
41 0.1969 0.3171 0.3147 0.0765 0.0730 0.0219
42 0.0496 0.4382 0.1236 0.3521 0.0106 0.0259
43 0.0535 0.3030 0.1273 0.4768 0.0102 0.0291
44 0.1150 0.3008 0.1500 0.3542 0.0476 0.0324
45 0.0947 0.4700 0.1316 0.2678 0.0229 0.0129
46 0.1509 0.3823 0.1892 0.2178 0.0482 0.0115
47 0.2003 0.3008 0.2739 0.1081 0.1115 0.0055
48 0.1769 0.3381 0.1687 0.1263 0.1838 0.0059
49 0.1153 0.3159 0.2810 0.0927 0.1814 0.0138
50 0.0732 0.4890 0.1049 0.0317 0.2786 0.0225
51 0.1808 0.1071 0.3198 0.1659 0.1038 0.1224
52 0.1721 0.3291 0.2708 0.1221 0.0973 0.0085
53 0.3809 0.4023 0.0699 0.0500 0.0762 0.0207
54 0.0496 0.6235 0.1814 0.0405 0.0927 0.0123
55 0.0293 0.7197 0.1820 0.0152 0.0464 0.0075
56 0.0851 0.1309 0.3289 0.3042 0.0757 0.0751
57 0.1667 0.1019 0.3140 0.2644 0.0581 0.0950
58 0.1624 0.4482 0.0890 0.0631 0.2272 0.0101
59 0.0793 0.5015 0.0818 0.1051 0.2140 0.0184
60 0.1829 0.3872 0.0898 0.1436 0.1772 0.0194
61 0.0885 0.0599 0.3213 0.2834 0.0242 0.2225
62 0.0413 0.0707 0.6260 0.2001 0.0300 0.0321
63 0.1138 0.4868 0.0826 0.0833 0.2046 0.0288
64 0.1097 0.4768 0.1055 0.0882 0.1971 0.0226
65 0.0349 0.4124 0.0906 0.1136 0.2559 0.0927
66 0.0310 0.5249 0.1171 0.0956 0.1552 0.0762
67 0.0464 0.5933 0.0611 0.0725 0.1713 0.0556
68 0.0864 0.5288 0.2137 0.0864 0.0768 0.0077
69 0.0119 0.1921 0.2930 0.3821 0.0997 0.0214
70 0.0942 0.4287 0.3040 0.1482 0.0181 0.0067
71 0.0377 0.7061 0.1017 0.0285 0.1256 0.0006
72 0.0489 0.3286 0.1144 0.1505 0.3210 0.0366
73 0.0147 0.2108 0.0412 0.0240 0.7021 0.0069
74 0.1421 0.2849 0.1958 0.1840 0.1825 0.0109
75 0.0936 0.1221 0.3645 0.2795 0.0846 0.0555
76 0.1154 0.1318 0.4290 0.2157 0.0658 0.0424
77 0.0748 0.1302 0.3889 0.2844 0.0815 0.0400
78 0.1000 0.1205 0.4375 0.0961 0.0531 0.1926
79 0.1470 0.2139 0.2520 0.1705 0.1317 0.0851
80 0.0679 0.4788 0.2043 0.1019 0.1405 0.0065
81 0.0486 0.4792 0.1036 0.0685 0.2930 0.0073
82 0.0803 0.0961 0.6514 0.0917 0.0385 0.0420
83 0.0685 0.1004 0.7026 0.0555 0.0121 0.0609
84 0.0124 0.5273 0.1726 0.0569 0.2234 0.0071
85 0.0178 0.3076 0.1621 0.0650 0.4338 0.0138
86 0.0056 0.1432 0.0503 0.0552 0.7388 0.0068
87 0.0510 0.6357 0.2015 0.0490 0.0587 0.0043
88 0.0869 0.6729 0.0911 0.0495 0.0862 0.0135
89 0.0961 0.5620 0.0682 0.0651 0.1853 0.0232
90 0.0390 0.2352 0.0460 0.0301 0.6494 0.0002
91 0.0328 0.3413 0.0515 0.0113 0.5630 0.0001
92 0.0941 0.5010 0.1677 0.0488 0.1857 0.0028
93 0.0682 0.5078 0.0621 0.0588 0.3032 0.0002
94 0.0912 0.3840 0.1886 0.0421 0.2898 0.0041
95 0.0307 0.1140 0.0297 0.0243 0.7974 0.0038
96 0.0893 0.4607 0.0474 0.0304 0.3672 0.0051
97 0.0898 0.4058 0.0584 0.0164 0.4250 0.0046
98 0.0398 0.2133 0.0606 0.0903 0.5840 0.0119
99 0.0471 0.3484 0.0654 0.0337 0.4990 0.0064
100 0.0316 0.6440 0.0517 0.0266 0.2445 0.0015
101 0.0583 0.3630 0.1587 0.2290 0.1538 0.0371
102 0.0480 0.4346 0.2380 0.0437 0.2168 0.0189
103 0.0929 0.5024 0.1166 0.0820 0.1736 0.0326
104 0.0535 0.1195 0.4475 0.1387 0.0391 0.2018
105 0.0934 0.1747 0.3967 0.1328 0.0599 0.1426
106 0.0316 0.4941 0.0740 0.0195 0.3760 0.0047
107 0.0157 0.2203 0.0476 0.0193 0.6948 0.0023
108 0.2061 0.3940 0.1748 0.0381 0.1818 0.0052
109 0.1447 0.3040 0.0793 0.0745 0.3813 0.0164
110 0.0814 0.6709 0.1095 0.0490 0.0846 0.0049
111 0.0258 0.1891 0.1310 0.0707 0.5562 0.0275
112 0.0975 0.2451 0.0895 0.0629 0.4951 0.0100
113 0.0328 0.5586 0.1744 0.0705 0.1576 0.0060
114 0.0407 0.5625 0.2203 0.0811 0.0876 0.0077
115 0.1208 0.3037 0.2498 0.0166 0.3083 0.0007
116 0.2581 0.2834 0.0806 0.0435 0.3340 0.0005
117 0.1017 0.5161 0.1025 0.0836 0.1730 0.0230
118 0.2830 0.3838 0.1515 0.0804 0.0786 0.0227
119 0.1920 0.3372 0.1920 0.1847 0.0600 0.0342
120 0.0653 0.0695 0.2463 0.4258 0.0653 0.1278
121 0.0718 0.3022 0.0930 0.0901 0.4265 0.0164
122 0.0531 0.4731 0.1215 0.0241 0.3201 0.0079
123 0.0415 0.2522 0.1102 0.0658 0.5220 0.0084
124 0.0598 0.3611 0.2642 0.2330 0.0562 0.0257
125 0.0518 0.6216 0.1536 0.0620 0.0881 0.0228
126 0.1338 0.3552 0.2294 0.1504 0.1100 0.0213
127 0.1105 0.4915 0.1571 0.0895 0.1420 0.0094
128 0.1130 0.3647 0.1736 0.1968 0.1281 0.0239
129 0.0914 0.5093 0.2296 0.0425 0.1210 0.0061
130 0.0766 0.5278 0.1055 0.0468 0.2288 0.0147
131 0.1060 0.3367 0.1210 0.0717 0.3613 0.0034
132 0.1037 0.5264 0.1581 0.1121 0.0573 0.0422
133 0.0625 0.5029 0.1223 0.0471 0.2471 0.0180
134 0.0324 0.7603 0.1450 0.0168 0.0361 0.0095
135 0.1034 0.6641 0.1010 0.0162 0.1050 0.0104
136 0.2397 0.3599 0.2379 0.0924 0.0561 0.0140
137 0.0961 0.3542 0.1488 0.0556 0.3406 0.0046
138 0.0438 0.4216 0.0562 0.0074 0.4668 0.0044
139 0.0831 0.7012 0.0477 0.0067 0.1602 0.0009
140 0.0524 0.6743 0.0473 0.0584 0.1528 0.0148
141 0.0490 0.6162 0.0696 0.1071 0.1475 0.0108
142 0.1348 0.4739 0.0955 0.0627 0.2153 0.0178
143 0.1598 0.6128 0.0682 0.0315 0.1197 0.0083
144 0.2239 0.4629 0.0580 0.0357 0.2103 0.0093
145 0.1017 0.1931 0.2722 0.1638 0.2347 0.0343
146 0.0627 0.3606 0.1434 0.0905 0.3184 0.0244
147 0.0878 0.2542 0.5684 0.0663 0.0090 0.0147
148 0.0561 0.2438 0.0817 0.1688 0.4277 0.0218
149 0.0750 0.8120 0.0430 0.0211 0.0417 0.0071
150 0.0512 0.6646 0.1680 0.0489 0.0533 0.0140
151 0.0522 0.5073 0.1345 0.0671 0.2306 0.0080
152 0.0263 0.6880 0.0635 0.0961 0.1097 0.0162
153 0.0071 0.5146 0.3171 0.1385 0.0109 0.0117
154 0.0204 0.7295 0.1565 0.0213 0.0264 0.0459
155 0.0116 0.4226 0.1818 0.3557 0.0135 0.0148
156 0.0745 0.3286 0.1190 0.3933 0.0812 0.0033
157 0.0282 0.3459 0.0881 0.0983 0.4304 0.0089
158 0.1100 0.6235 0.1652 0.0721 0.0244 0.0049
159 0.1711 0.3708 0.1671 0.2064 0.0821 0.0025
160 0.1106 0.2323 0.2416 0.2983 0.0969 0.0203
161 0.1125 0.2496 0.3896 0.1143 0.1226 0.0112
162 0.0307 0.4197 0.2429 0.1722 0.1053 0.0290
163 0.0321 0.6055 0.1630 0.0718 0.1012 0.0264
164 0.0282 0.2920 0.4248 0.1357 0.1143 0.0049
165 0.1038 0.2510 0.4993 0.0916 0.0367 0.0175
166 0.1619 0.3677 0.3794 0.0319 0.0497 0.0095
167 0.2269 0.2737 0.2360 0.0731 0.1809 0.0093
168 0.0337 0.5884 0.0592 0.1454 0.1536 0.0195
169 0.1320 0.0997 0.0285 0.0559 0.6812 0.0029
170 0.1914 0.1650 0.0466 0.0398 0.5542 0.0031
171 0.5503 0.1199 0.0642 0.0492 0.2106 0.0057
172 0.1608 0.2339 0.3567 0.1711 0.0439 0.0334
173 0.0644 0.1429 0.6113 0.0938 0.0208 0.0670
174 0.0986 0.0948 0.4631 0.2810 0.0274 0.0352
175 0.0784 0.2983 0.1741 0.1942 0.2361 0.0189
176 0.2539 0.2681 0.1227 0.0786 0.2661 0.0106
177 0.0634 0.3423 0.3318 0.2013 0.0166 0.0446
178 0.0486 0.1508 0.5645 0.2076 0.0146 0.0142
179 0.1676 0.5205 0.1433 0.1207 0.0427 0.0052
180 0.0797 0.4077 0.4143 0.0766 0.0201 0.0015
181 0.1144 0.6382 0.0710 0.0857 0.0864 0.0041
182 0.2285 0.4407 0.1753 0.1431 0.0093 0.0033
183 0.1378 0.1975 0.4246 0.2203 0.0150 0.0048
184 0.0693 0.6738 0.0232 0.2170 0.0142 0.0025
185 0.2532 0.5317 0.0854 0.0731 0.0200 0.0367
186 0.0743 0.1523 0.3354 0.3982 0.0259 0.0138
187 0.0618 0.1541 0.5171 0.2041 0.0405 0.0222
188 0.0676 0.1039 0.7739 0.0407 0.0069 0.0069
189 0.0800 0.3845 0.3999 0.1137 0.0199 0.0019
190 0.0046 0.0187 0.9526 0.0105 0.0006 0.0131
191 0.0066 0.1117 0.8384 0.0352 0.0038 0.0043
192 0.0600 0.0290 0.0944 0.7900 0.0217 0.0051
193 0.0195 0.4409 0.1674 0.2893 0.0772 0.0056
194 0.0065 0.1682 0.7778 0.0361 0.0066 0.0047
195 0.0705 0.6045 0.1414 0.0540 0.1228 0.0070
196 0.1257 0.1238 0.5171 0.1614 0.0188 0.0532
197 0.1349 0.2581 0.0942 0.3472 0.1026 0.0632
198 0.3428 0.2546 0.1764 0.1037 0.1157 0.0069
199 0.2827 0.3357 0.1008 0.1974 0.0767 0.0065
200 0.2163 0.4473 0.1271 0.0329 0.1632 0.0133
201 0.1974 0.4482 0.0737 0.1422 0.1151 0.0234
202 0.2195 0.2908 0.0894 0.1998 0.1791 0.0216
203 0.2976 0.1847 0.1300 0.1847 0.1655 0.0375
204 0.1130 0.1332 0.0820 0.4758 0.0922 0.1037
205 0.1504 0.4250 0.0632 0.0562 0.2966 0.0087
206 0.0597 0.4443 0.1768 0.0731 0.2378 0.0084
207 0.0773 0.4412 0.1610 0.1031 0.2004 0.0168
208 0.0667 0.0856 0.0699 0.3777 0.3662 0.0341
209 0.0415 0.8394 0.0844 0.0032 0.0308 0.0008
210 0.0745 0.3694 0.1327 0.1814 0.2292 0.0128
211 0.0865 0.3420 0.0485 0.0290 0.4863 0.0076
212 0.1130 0.5269 0.0559 0.0302 0.2690 0.0051
213 0.2039 0.4119 0.0363 0.0105 0.3362 0.0015
214 0.3235 0.4285 0.0818 0.0174 0.1381 0.0108
215 0.1588 0.2944 0.1718 0.1199 0.2404 0.0147
216 0.2935 0.3567 0.1333 0.0388 0.1672 0.0106
217 0.0358 0.7720 0.1222 0.0412 0.0231 0.0055
218 0.0726 0.3892 0.1927 0.0597 0.2783 0.0075
219 0.0598 0.3013 0.0762 0.0986 0.4521 0.0122
220 0.1434 0.1434 0.1456 0.1716 0.3577 0.0380
221 0.1816 0.3757 0.1680 0.0508 0.2174 0.0064
222 0.1353 0.1473 0.0801 0.1921 0.4263 0.0187
223 0.1704 0.2944 0.0824 0.0249 0.4250 0.0026
224 0.1450 0.0559 0.1749 0.4983 0.0853 0.0406
225 0.1569 0.1805 0.5024 0.0951 0.0384 0.0268
226 0.1274 0.1073 0.4412 0.1610 0.0661 0.0969
227 0.0211 0.7681 0.0726 0.0515 0.0767 0.0103
228 0.0197 0.6387 0.0928 0.1172 0.1248 0.0066
229 0.1077 0.2839 0.2125 0.3318 0.0542 0.0099
230 0.1410 0.3545 0.2917 0.1501 0.0561 0.0064
231 0.1611 0.2634 0.2554 0.1455 0.1514 0.0232
232 0.0739 0.4089 0.3416 0.0233 0.1163 0.0360
233 0.1206 0.4807 0.2739 0.0144 0.1031 0.0070
234 0.2045 0.1174 0.2524 0.3533 0.0415 0.0309
235 0.1602 0.0700 0.6484 0.0627 0.0249 0.0336
236 0.1681 0.1461 0.4607 0.1416 0.0659 0.0177
237 0.2340 0.3889 0.2002 0.0999 0.0660 0.0112
238 0.1615 0.0892 0.1680 0.5132 0.0516 0.0164
239 0.0900 0.0513 0.0872 0.7305 0.0153 0.0260
240 0.1304 0.3892 0.1572 0.0150 0.3030 0.0053
241 0.0791 0.2803 0.1169 0.0117 0.5078 0.0043
242 0.0628 0.3909 0.0845 0.3020 0.1320 0.0277
243 0.0945 0.3594 0.3098 0.1407 0.0853 0.0105
244 0.1517 0.4189 0.1110 0.0489 0.2561 0.0136
245 0.1622 0.3921 0.1971 0.1409 0.0917 0.0159
246 0.1396 0.4761 0.1185 0.0686 0.1429 0.0543
247 0.1231 0.3914 0.1439 0.1619 0.1750 0.0048
248 0.1377 0.1008 0.3601 0.1432 0.0515 0.2068
249 0.1672 0.0923 0.3596 0.1522 0.0450 0.1836
250 0.0791 0.2532 0.4175 0.1187 0.0298 0.1016
251 0.0921 0.1173 0.4568 0.2141 0.0633 0.0563
252 0.1757 0.2830 0.3206 0.1049 0.0933 0.0229
253 0.1876 0.3118 0.3701 0.0734 0.0463 0.0108
254 0.1630 0.2043 0.3818 0.1351 0.0966 0.0192
255 0.1353 0.2607 0.3196 0.1475 0.1104 0.0264
256 0.1199 0.4929 0.2703 0.0524 0.0589 0.0057
257 0.0941 0.3286 0.0745 0.3525 0.1247 0.0255
258 0.0833 0.4099 0.1967 0.2710 0.0198 0.0193
259 0.1984 0.2842 0.0747 0.2468 0.1864 0.0095
260 0.1240 0.3167 0.3267 0.1508 0.0701 0.0117
261 0.0446 0.0591 0.7373 0.0555 0.0094 0.0938
262 0.0501 0.1077 0.7598 0.0415 0.0145 0.0264
263 0.0724 0.4990 0.1545 0.1909 0.0681 0.0151
264 0.0292 0.0493 0.0393 0.7891 0.0746 0.0184
265 0.0831 0.1964 0.3188 0.0481 0.3501 0.0035
266 0.0886 0.4001 0.4128 0.0452 0.0513 0.0021
267 0.3113 0.2747 0.2207 0.1219 0.0618 0.0095
268 0.1935 0.3167 0.2605 0.1630 0.0623 0.0043
269 0.1909 0.2285 0.3513 0.1698 0.0530 0.0064
270 0.1113 0.2866 0.2180 0.3403 0.0309 0.0130
271 0.0784 0.1622 0.2512 0.2759 0.1726 0.0597
272 0.1263 0.1987 0.1243 0.0620 0.4841 0.0045
273 0.0625 0.1659 0.3857 0.3149 0.0159 0.0551
274 0.0814 0.0659 0.7539 0.0529 0.0112 0.0347
275 0.1097 0.1205 0.6724 0.0587 0.0128 0.0259
276 0.1107 0.1151 0.5620 0.1216 0.0398 0.0507
277 0.0559 0.3535 0.3218 0.2111 0.0509 0.0066
278 0.4805 0.2717 0.1304 0.0420 0.0676 0.0078
279 0.2112 0.1849 0.0439 0.0413 0.5107 0.0082
280 0.3635 0.2172 0.0850 0.1626 0.1552 0.0165
281 0.1790 0.2427 0.4326 0.0690 0.0576 0.0191
