time exciting_prob fearful_prob tense_prob sad_prob relaxing_prob neutral_prob
0 0.1136 0.1553 0.1349 0.1288 0.0181 0.4492
1 0.0811 0.1400 0.1587 0.3633 0.0593 0.1975
2 0.1257 0.1414 0.1917 0.3015 0.0481 0.1917
3 0.1042 0.1588 0.2384 0.3311 0.0338 0.1338
4 0.0771 0.1880 0.2395 0.3325 0.0286 0.1343
5 0.0507 0.1810 0.1957 0.4209 0.0213 0.1304
6 0.0693 0.1755 0.1151 0.4551 0.0726 0.1124
7 0.0729 0.2583 0.1438 0.4126 0.0361 0.0764
8 0.0756 0.3779 0.1758 0.2852 0.0386 0.0469
9 0.8931 0.0396 0.0014 0.0078 0.0504 0.0078
10 0.8931 0.0396 0.0014 0.0078 0.0504 0.0078
11 0.0756 0.6636 0.1504 0.0253 0.0043 0.0805
12 0.0848 0.6777 0.1610 0.0188 0.0047 0.0527
13 0.1290 0.0490 0.1968 0.4949 0.0482 0.0820
14 0.1528 0.0545 0.1902 0.4707 0.0536 0.0781
15 0.1494 0.0442 0.1918 0.4673 0.0567 0.0906
16 0.0615 0.6870 0.1683 0.0250 0.0037 0.0542
17 0.1035 0.5635 0.1307 0.0196 0.0053 0.1774
18 0.1719 0.6338 0.1238 0.0287 0.0081 0.0336
19 0.0761 0.6323 0.1422 0.0607 0.0037 0.0849
20 0.0454 0.0338 0.2576 0.4246 0.0218 0.2168
21 0.0267 0.0302 0.3569 0.3005 0.0122 0.2737
22 0.0252 0.0290 0.3535 0.3218 0.0119 0.2585
23 0.1907 0.6060 0.1486 0.0138 0.0026 0.0381
24 0.0457 0.6929 0.1545 0.0321 0.0025 0.0724
25 0.0629 0.7090 0.1582 0.0167 0.0041 0.0490
26 0.0435 0.0092 0.4128 0.4260 0.0072 0.1012
27 0.0297 0.0078 0.3347 0.5024 0.0060 0.1193
28 0.0417 0.0096 0.4150 0.3899 0.0068 0.1368
29 0.1519 0.6494 0.1340 0.0238 0.0020 0.0390
30 0.2238 0.5366 0.0792 0.0743 0.0105 0.0756
31 0.2810 0.4187 0.1257 0.0276 0.0057 0.1414
32 0.1953 0.5566 0.0894 0.0319 0.0045 0.1223
33 0.1288 0.2683 0.1733 0.3904 0.0188 0.0202
34 0.1109 0.3210 0.1858 0.3364 0.0212 0.0247
35 0.0451 0.1207 0.5410 0.2400 0.0357 0.0175
36 0.0417 0.1492 0.3992 0.3635 0.0242 0.0223
37 0.0414 0.0927 0.7065 0.1050 0.0038 0.0504
38 0.0354 0.0911 0.2676 0.5581 0.0029 0.0451
39 0.0240 0.0613 0.1993 0.6851 0.0039 0.0266
40 0.0992 0.0420 0.5532 0.1974 0.0365 0.0715
41 0.2031 0.0342 0.3916 0.1969 0.1006 0.0735
42 0.1031 0.4771 0.1675 0.0848 0.0053 0.1622
43 0.2720 0.4277 0.1133 0.0362 0.0086 0.1422
44 0.0791 0.2871 0.1188 0.1265 0.0140 0.3745
45 0.1075 0.3259 0.1237 0.1237 0.0081 0.3110
46 0.0317 0.1525 0.1838 0.6221 0.0076 0.0025
47 0.0809 0.4441 0.2866 0.1711 0.0121 0.0051
48 0.0280 0.5200 0.4377 0.0120 0.0014 0.0010
49 0.0348 0.4172 0.5273 0.0171 0.0025 0.0008
50 0.1830 0.3667 0.3726 0.0369 0.0363 0.0046
51 0.0556 0.2050 0.3174 0.4075 0.0072 0.0073
52 0.0797 0.2847 0.3435 0.2761 0.0103 0.0057
53 0.0862 0.2595 0.3955 0.2437 0.0088 0.0063
54 0.0657 0.4355 0.2295 0.2405 0.0274 0.0013
55 0.0188 0.1232 0.1252 0.7202 0.0076 0.0047
56 0.1423 0.3337 0.1677 0.0756 0.0040 0.2766
57 0.1401 0.7578 0.0481 0.0263 0.0040 0.0238
58 0.2041 0.6001 0.0763 0.0516 0.0042 0.0637
59 0.0448 0.0523 0.1490 0.6787 0.0070 0.0682
60 0.1039 0.0202 0.2133 0.5117 0.0044 0.1466
61 0.1170 0.0109 0.3035 0.4487 0.0065 0.1134
62 0.1194 0.0153 0.2490 0.5269 0.0071 0.0821
63 0.0956 0.0428 0.2155 0.4421 0.0110 0.1931
64 0.0843 0.4966 0.1143 0.1827 0.0112 0.1108
65 0.2534 0.3228 0.1142 0.0822 0.0075 0.2201
66 0.1052 0.4292 0.1174 0.1146 0.0037 0.2297
67 0.0493 0.6807 0.1229 0.0770 0.0014 0.0690
68 0.0485 0.0328 0.8599 0.0384 0.0026 0.0181
69 0.0355 0.0567 0.8208 0.0706 0.0027 0.0139
70 0.0248 0.0644 0.7847 0.0867 0.0060 0.0334
71 0.0881 0.5312 0.1292 0.0881 0.0089 0.1545
72 0.2292 0.4316 0.0941 0.0919 0.0132 0.1401
73 0.2622 0.5171 0.0448 0.0594 0.0585 0.0580
74 0.1152 0.0616 0.7871 0.0287 0.0018 0.0057
75 0.0560 0.0560 0.8364 0.0295 0.0028 0.0191
76 0.0735 0.0680 0.8550 0.0021 0.0006 0.0007
77 0.0794 0.0412 0.8667 0.0085 0.0007 0.0033
78 0.0668 0.8130 0.0710 0.0224 0.0047 0.0220
79 0.0446 0.7319 0.1418 0.0426 0.0028 0.0362
80 0.0324 0.4438 0.1658 0.2302 0.0027 0.1251
81 0.0986 0.7231 0.1256 0.0129 0.0082 0.0315
82 0.0532 0.7285 0.1527 0.0234 0.0030 0.0392
83 0.0883 0.6035 0.2290 0.0205 0.0049 0.0540
84 0.0429 0.7437 0.1609 0.0158 0.0035 0.0332
85 0.0328 0.0705 0.3523 0.4817 0.0052 0.0575
86 0.0266 0.0572 0.2522 0.6143 0.0059 0.0438
87 0.0380 0.0504 0.2808 0.5498 0.0078 0.0732
88 0.0381 0.0474 0.4934 0.1505 0.2332 0.0375
89 0.0373 0.0429 0.4839 0.1725 0.2285 0.0348
90 0.0439 0.7363 0.1694 0.0107 0.0021 0.0378
91 0.1196 0.5527 0.1687 0.0495 0.0094 0.0999
92 0.1880 0.5483 0.1895 0.0214 0.0073 0.0457
93 0.1016 0.5894 0.1825 0.0388 0.0043 0.0836
94 0.0615 0.6719 0.1895 0.0251 0.0039 0.0483
95 0.1049 0.1703 0.2556 0.4216 0.0199 0.0276
96 0.1160 0.1356 0.1769 0.5195 0.0345 0.0174
97 0.0688 0.0804 0.4419 0.3442 0.0458 0.0188
98 0.0540 0.3550 0.4419 0.1227 0.0203 0.0061
99 0.0942 0.0428 0.1349 0.4709 0.0242 0.2330
100 0.0990 0.1194 0.3196 0.2527 0.0302 0.1792
101 0.1299 0.1052 0.1543 0.4226 0.0509 0.1372
102 0.0635 0.3713 0.3486 0.2018 0.0088 0.0059
103 0.0239 0.1167 0.3484 0.4617 0.0286 0.0206
104 0.0386 0.1423 0.4524 0.3015 0.0431 0.0220
105 0.0266 0.1050 0.5010 0.2559 0.0172 0.0942
106 0.0410 0.2632 0.4915 0.1726 0.0178 0.0141
107 0.0343 0.1927 0.4771 0.2805 0.0062 0.0093
108 0.0731 0.7383 0.1224 0.0081 0.0060 0.0522
109 0.3716 0.2117 0.0984 0.0325 0.0120 0.2739
110 0.3120 0.3401 0.0639 0.0619 0.0109 0.2112
111 0.2260 0.2600 0.0603 0.0283 0.0097 0.4155
112 0.0836 0.0992 0.3745 0.4114 0.0147 0.0167
113 0.0050 0.1543 0.1028 0.7246 0.0108 0.0024
114 0.0055 0.1400 0.2007 0.6377 0.0132 0.0029
115 0.0053 0.2238 0.2102 0.5366 0.0211 0.0029
116 0.0562 0.7183 0.1578 0.0180 0.0027 0.0470
117 0.0447 0.7676 0.1196 0.0295 0.0026 0.0359
118 0.0800 0.6699 0.1567 0.0248 0.0066 0.0618
119 0.0456 0.0525 0.6499 0.1405 0.0023 0.1094
120 0.0353 0.0601 0.8042 0.0498 0.0014 0.0491
121 0.0166 0.0263 0.9282 0.0119 0.0007 0.0163
122 0.0449 0.0497 0.8677 0.0219 0.0019 0.0140
123 0.0734 0.0418 0.4226 0.2686 0.1309 0.0628
124 0.0784 0.0388 0.4373 0.2913 0.0875 0.0670
125 0.0794 0.0341 0.4097 0.2771 0.1069 0.0928
126 0.0523 0.0574 0.2418 0.3254 0.2917 0.0312
127 0.1123 0.6416 0.1454 0.0330 0.0055 0.0625
128 0.1061 0.6704 0.1300 0.0173 0.0040 0.0723
129 0.0482 0.7832 0.1259 0.0205 0.0021 0.0202
130 0.0412 0.7588 0.1566 0.0198 0.0022 0.0212
131 0.0140 0.0558 0.8604 0.0425 0.0003 0.0272
132 0.1390 0.0884 0.2766 0.3901 0.0242 0.0817
133 0.0844 0.5415 0.1412 0.0383 0.0102 0.1843
134 0.1014 0.7383 0.0895 0.0083 0.0091 0.0535
135 0.3281 0.4924 0.0544 0.0120 0.0184 0.0947
136 0.0263 0.1718 0.7012 0.0837 0.0062 0.0110
137 0.3020 0.0701 0.3816 0.1471 0.0355 0.0638
138 0.3325 0.2844 0.0841 0.0267 0.0051 0.2671
139 0.2949 0.3450 0.0757 0.0339 0.0134 0.2371
140 0.3311 0.4250 0.0905 0.0688 0.0111 0.0733
141 0.2751 0.4263 0.1028 0.0533 0.0143 0.1281
142 0.2258 0.4634 0.1190 0.0155 0.0236 0.1528
143 0.2308 0.5122 0.1346 0.0424 0.0267 0.0536
144 0.4634 0.3469 0.0566 0.0374 0.0268 0.0688
145 0.5142 0.2998 0.0752 0.0329 0.0187 0.0595
146 0.2603 0.3394 0.1077 0.0935 0.0160 0.1831
147 0.2549 0.5312 0.0975 0.0487 0.0109 0.0565
148 0.3972 0.3242 0.0900 0.0546 0.0192 0.1147
149 0.3076 0.3174 0.0881 0.0649 0.0189 0.2032
150 0.3181 0.3777 0.0940 0.0721 0.0165 0.1216
151 0.4009 0.4473 0.0400 0.0252 0.0334 0.0530
152 0.2764 0.4487 0.0817 0.0504 0.0090 0.1337
153 0.2852 0.3494 0.0970 0.0651 0.0149 0.1885
154 0.1899 0.3838 0.1001 0.0434 0.0191 0.2637
155 0.1510 0.5107 0.1766 0.0429 0.0254 0.0931
156 0.2106 0.5215 0.1068 0.0184 0.0220 0.1210
157 0.2251 0.5571 0.0771 0.0249 0.0235 0.0923
158 0.1946 0.4119 0.1276 0.0608 0.0386 0.1665
159 0.1525 0.2554 0.1265 0.0897 0.0911 0.2849
160 0.1469 0.3579 0.1771 0.1469 0.0101 0.1613
161 0.1807 0.3323 0.1232 0.0894 0.0117 0.2627
162 0.3625 0.2305 0.0514 0.0778 0.0124 0.2654
163 0.4111 0.2271 0.0687 0.0606 0.0070 0.2253
164 0.2827 0.2202 0.0401 0.0548 0.0218 0.3804
165 0.0489 0.2725 0.4563 0.1932 0.0188 0.0102
166 0.0495 0.2673 0.6313 0.0423 0.0061 0.0033
167 0.1245 0.3057 0.2534 0.2437 0.0640 0.0089
168 0.1086 0.2773 0.2159 0.2905 0.0966 0.0110
169 0.1306 0.2072 0.2810 0.2898 0.0792 0.0122
170 0.2050 0.2803 0.0909 0.1660 0.0105 0.2473
171 0.4165 0.2839 0.0691 0.0375 0.0108 0.1820
172 0.3508 0.3677 0.0847 0.0510 0.0281 0.1176
173 0.2050 0.2803 0.0976 0.0436 0.0139 0.3596
174 0.3438 0.4211 0.0876 0.0307 0.0134 0.1032
175 0.0291 0.0731 0.1700 0.7046 0.0066 0.0166
176 0.0647 0.1932 0.4092 0.2900 0.0098 0.0331
177 0.1017 0.1306 0.6138 0.1266 0.0075 0.0199
178 0.0939 0.1432 0.6519 0.0816 0.0079 0.0216
179 0.0939 0.1432 0.6831 0.0552 0.0082 0.0161
180 0.0731 0.1282 0.7153 0.0615 0.0115 0.0106
181 0.0544 0.2101 0.4663 0.2344 0.0163 0.0185
182 0.0657 0.0844 0.7764 0.0554 0.0045 0.0135
183 0.0723 0.1831 0.3875 0.2749 0.0706 0.0118
184 0.0084 0.2402 0.1189 0.6230 0.0066 0.0029
185 0.0059 0.2474 0.0911 0.6421 0.0097 0.0041
186 0.0088 0.1449 0.0921 0.7358 0.0119 0.0067
187 0.0144 0.1678 0.1228 0.6743 0.0143 0.0064
188 0.0378 0.4038 0.5186 0.0358 0.0026 0.0013
189 0.0219 0.3425 0.6108 0.0221 0.0012 0.0014
190 0.3799 0.3054 0.0917 0.0243 0.0261 0.1726
191 0.2678 0.4346 0.0671 0.0682 0.0122 0.1501
192 0.0726 0.1537 0.1973 0.3103 0.0317 0.2343
193 0.0684 0.0988 0.2125 0.2371 0.0541 0.3291
194 0.1005 0.1364 0.1697 0.3120 0.0833 0.1984
195 0.0776 0.1804 0.1555 0.3533 0.0663 0.1669
196 0.0743 0.6128 0.1573 0.0291 0.0056 0.1207
197 0.0557 0.7217 0.1466 0.0251 0.0032 0.0476
198 0.0424 0.7295 0.1653 0.0217 0.0024 0.0387
199 0.0300 0.8374 0.0955 0.0238 0.0043 0.0091
200 0.1136 0.1553 0.1349 0.1288 0.0181 0.4492
