time exciting_prob fearful_prob tense_prob sad_prob relaxing_prob neutral_prob
0 0.1136 0.1553 0.1349 0.1288 0.0181 0.4492
1 0.0166 0.1776 0.1643 0.6201 0.0064 0.0150
2 0.0200 0.2096 0.2129 0.5352 0.0127 0.0094
3 0.0409 0.6494 0.0781 0.1667 0.0525 0.0125
4 0.0720 0.5073 0.0902 0.2198 0.0968 0.0141
5 0.0197 0.6724 0.1133 0.1224 0.0606 0.0116
6 0.0112 0.7578 0.0477 0.1613 0.0125 0.0096
7 0.0145 0.8174 0.0450 0.1039 0.0121 0.0072
8 0.0118 0.2708 0.3477 0.3267 0.0114 0.0316
9 0.0091 0.4875 0.2413 0.2375 0.0143 0.0103
10 0.0066 0.0589 0.1118 0.6738 0.0941 0.0549
11 0.1101 0.1050 0.4492 0.2443 0.0178 0.0734
12 0.0434 0.3130 0.5620 0.0636 0.0041 0.0139
13 0.0273 0.2939 0.5752 0.0947 0.0045 0.0043
14 0.0328 0.0851 0.7954 0.0387 0.0202 0.0276
15 0.0222 0.2185 0.5161 0.2053 0.0333 0.0046
16 0.0244 0.1918 0.6001 0.1830 0.0003 0.0007
17 0.0222 0.2617 0.5898 0.1256 0.0003 0.0003
18 0.0213 0.2703 0.5459 0.1614 0.0002 0.0006
19 0.0372 0.4421 0.2189 0.2947 0.0050 0.0020
20 0.0678 0.2240 0.3062 0.3811 0.0080 0.0129
21 0.0146 0.3564 0.5693 0.0443 0.0135 0.0017
22 0.0141 0.3352 0.5703 0.0569 0.0176 0.0057
23 0.0668 0.0733 0.0647 0.4563 0.1267 0.2122
24 0.0819 0.3369 0.0425 0.0459 0.4531 0.0396
25 0.0314 0.5737 0.0453 0.2932 0.0505 0.0056
26 0.1109 0.3962 0.2559 0.0231 0.1871 0.0270
27 0.0491 0.0530 0.2065 0.6362 0.0144 0.0407
28 0.0193 0.2076 0.4717 0.2335 0.0129 0.0550
29 0.0469 0.4700 0.4417 0.0383 0.0027 0.0005
30 0.0234 0.1715 0.4961 0.2698 0.0040 0.0351
31 0.0508 0.2059 0.4568 0.2124 0.0024 0.0717
32 0.0074 0.0996 0.3423 0.5469 0.0002 0.0033
33 0.0145 0.1401 0.5376 0.3015 0.0006 0.0058
34 0.0327 0.1332 0.0916 0.6353 0.0639 0.0432
35 0.0219 0.3223 0.0530 0.5654 0.0312 0.0059
36 0.0505 0.0873 0.1906 0.5513 0.0116 0.1086
37 0.0523 0.1108 0.3633 0.2617 0.0015 0.2103
38 0.0289 0.0889 0.5239 0.1142 0.0040 0.2399
39 0.0185 0.1924 0.4204 0.3596 0.0036 0.0057
40 0.0320 0.1575 0.6733 0.1285 0.0028 0.0058
41 0.0254 0.4834 0.1864 0.2754 0.0165 0.0130
42 0.0279 0.2844 0.1223 0.5151 0.0175 0.0327
43 0.0869 0.3657 0.3833 0.0430 0.0869 0.0340
44 0.1301 0.0922 0.1364 0.5225 0.0173 0.1013
45 0.0763 0.1027 0.1182 0.5640 0.0132 0.1259
46 0.0487 0.0676 0.5317 0.1674 0.0035 0.1809
47 0.0317 0.1400 0.1798 0.2419 0.0077 0.3989
48 0.0454 0.2554 0.4275 0.1512 0.0063 0.1142
49 0.0698 0.6074 0.0447 0.2217 0.0539 0.0025
50 0.0294 0.5640 0.0285 0.3672 0.0094 0.0013
51 0.0099 0.2432 0.3650 0.3594 0.0017 0.0211
52 0.0544 0.0721 0.1599 0.6035 0.0677 0.0424
53 0.0119 0.0806 0.0412 0.8530 0.0037 0.0098
54 0.0476 0.3835 0.2849 0.2637 0.0017 0.0186
55 0.0332 0.6987 0.0867 0.1487 0.0300 0.0027
56 0.0369 0.6909 0.0980 0.1393 0.0313 0.0037
57 0.1076 0.4290 0.3340 0.0512 0.0524 0.0260
58 0.0218 0.0528 0.0837 0.7817 0.0008 0.0593
59 0.0241 0.2449 0.5737 0.1281 0.0183 0.0108
60 0.0310 0.1622 0.4622 0.1064 0.0457 0.1926
61 0.0184 0.2971 0.5215 0.1085 0.0160 0.0384
62 0.0554 0.2227 0.1393 0.5020 0.0467 0.0341
63 0.0122 0.0843 0.1411 0.6841 0.0255 0.0527
64 0.0207 0.4326 0.2793 0.1748 0.0525 0.0402
65 0.0132 0.5552 0.1747 0.1859 0.0627 0.0084
66 0.0134 0.4553 0.4482 0.0688 0.0100 0.0041
67 0.0284 0.0649 0.3650 0.4009 0.0676 0.0730
68 0.0260 0.1114 0.4441 0.2017 0.1487 0.0681
69 0.0131 0.5142 0.1250 0.2318 0.0795 0.0364
70 0.0695 0.2925 0.5132 0.0550 0.0554 0.0143
71 0.0196 0.2159 0.6865 0.0399 0.0306 0.0076
72 0.0347 0.6450 0.1509 0.1486 0.0094 0.0112
73 0.0222 0.4666 0.4248 0.0374 0.0408 0.0083
74 0.0444 0.2418 0.3306 0.3057 0.0401 0.0374
75 0.0333 0.1018 0.3235 0.2900 0.1414 0.1100
76 0.0470 0.1592 0.4192 0.1383 0.1044 0.1320
77 0.0279 0.8481 0.0966 0.0182 0.0073 0.0020
78 0.0206 0.9238 0.0456 0.0077 0.0019 0.0005
79 0.0295 0.2839 0.2014 0.4683 0.0012 0.0158
80 0.0150 0.4050 0.1797 0.3926 0.0003 0.0074
81 0.0630 0.0992 0.3516 0.2695 0.0556 0.1610
82 0.0608 0.0906 0.0296 0.4973 0.2622 0.0594
83 0.0299 0.2281 0.5220 0.0577 0.1508 0.0113
84 0.0503 0.2615 0.3518 0.0720 0.2534 0.0113
85 0.0388 0.2634 0.1868 0.4922 0.0013 0.0176
86 0.0157 0.3916 0.2000 0.3794 0.0006 0.0127
87 0.0537 0.5054 0.1085 0.3240 0.0031 0.0053
88 0.0286 0.1648 0.0616 0.6938 0.0302 0.0210
89 0.0060 0.0750 0.1467 0.7690 0.0005 0.0030
90 0.1616 0.1183 0.3760 0.2749 0.0277 0.0415
91 0.0095 0.0448 0.7344 0.0354 0.0015 0.1744
92 0.0603 0.0864 0.6382 0.1144 0.0112 0.0892
93 0.0402 0.3992 0.1359 0.3691 0.0455 0.0102
94 0.0425 0.2859 0.2058 0.4358 0.0242 0.0059
95 0.1658 0.2712 0.1968 0.2932 0.0256 0.0475
96 0.0243 0.3799 0.3625 0.0714 0.1523 0.0094
97 0.0222 0.1689 0.7339 0.0536 0.0095 0.0119
98 0.0247 0.0472 0.1107 0.7681 0.0074 0.0417
99 0.0498 0.3379 0.1088 0.4407 0.0461 0.0167
100 0.0127 0.7432 0.1969 0.0432 0.0004 0.0038
101 0.0400 0.5317 0.2034 0.2131 0.0019 0.0101
102 0.0125 0.7007 0.1886 0.0941 0.0004 0.0038
103 0.0243 0.0136 0.0203 0.8574 0.0287 0.0557
104 0.1165 0.3506 0.0776 0.2708 0.1300 0.0546
105 0.0104 0.2952 0.0372 0.6445 0.0007 0.0120
106 0.0231 0.1664 0.0978 0.6685 0.0083 0.0360
107 0.0176 0.4709 0.0441 0.4636 0.0018 0.0021
108 0.0352 0.2153 0.7227 0.0132 0.0087 0.0048
109 0.0357 0.0939 0.3545 0.3660 0.0215 0.1284
110 0.1069 0.2883 0.3242 0.2078 0.0442 0.0283
111 0.0246 0.1510 0.5566 0.0796 0.0045 0.1836
112 0.0197 0.2150 0.3833 0.1700 0.0083 0.2036
113 0.0290 0.1724 0.4722 0.1451 0.0102 0.1710
114 0.0136 0.4285 0.4631 0.0652 0.0030 0.0267
115 0.0252 0.4001 0.3877 0.1329 0.0044 0.0497
116 0.0613 0.3210 0.4458 0.1267 0.0303 0.0149
117 0.0422 0.1004 0.4604 0.1906 0.0533 0.1531
118 0.0132 0.2189 0.5630 0.1458 0.0057 0.0532
119 0.0170 0.1409 0.8042 0.0277 0.0045 0.0060
120 0.0168 0.1407 0.7261 0.0250 0.0075 0.0840
121 0.0307 0.1685 0.7432 0.0370 0.0100 0.0108
122 0.0583 0.3491 0.5449 0.0177 0.0223 0.0073
123 0.0575 0.2135 0.3413 0.2700 0.0053 0.1125
124 0.0461 0.1442 0.2822 0.4238 0.0045 0.0991
125 0.0195 0.1364 0.8096 0.0216 0.0046 0.0083
126 0.0698 0.1812 0.7109 0.0265 0.0080 0.0038
127 0.1021 0.4231 0.3096 0.0952 0.0649 0.0052
128 0.0521 0.4827 0.2952 0.0712 0.0966 0.0023
129 0.0193 0.0438 0.6094 0.1801 0.0052 0.1425
130 0.0115 0.4297 0.4868 0.0534 0.0050 0.0135
131 0.0627 0.2598 0.1266 0.3608 0.1576 0.0325
132 0.0809 0.4109 0.1476 0.2234 0.0875 0.0498
133 0.0191 0.0797 0.1273 0.6367 0.1055 0.0320
134 0.0196 0.0820 0.1353 0.6655 0.0782 0.0192
135 0.0204 0.2113 0.5479 0.1954 0.0066 0.0183
136 0.0049 0.0966 0.8604 0.0272 0.0041 0.0066
137 0.0443 0.1880 0.4268 0.1558 0.0192 0.1659
138 0.0104 0.5405 0.4080 0.0286 0.0072 0.0053
139 0.0632 0.2386 0.2462 0.2969 0.0080 0.1470
140 0.0227 0.1576 0.7349 0.0612 0.0102 0.0136
141 0.1516 0.1127 0.1978 0.4526 0.0182 0.0673
142 0.0109 0.1011 0.8335 0.0246 0.0060 0.0240
143 0.0174 0.0749 0.7925 0.0469 0.0056 0.0626
144 0.0353 0.2612 0.5708 0.0991 0.0159 0.0178
145 0.0918 0.3865 0.2595 0.1913 0.0232 0.0476
146 0.0323 0.2291 0.7168 0.0135 0.0041 0.0041
147 0.0344 0.2793 0.5645 0.0537 0.0604 0.0079
148 0.0323 0.2386 0.6904 0.0213 0.0137 0.0036
149 0.0735 0.1213 0.7368 0.0281 0.0146 0.0254
150 0.0579 0.1757 0.5757 0.1245 0.0118 0.0544
151 0.0043 0.9360 0.0377 0.0144 0.0063 0.0014
152 0.0091 0.8369 0.0651 0.0465 0.0401 0.0022
153 0.0486 0.0378 0.7593 0.0463 0.0020 0.1060
154 0.0067 0.7896 0.1790 0.0233 0.0010 0.0005
155 0.0089 0.7383 0.2434 0.0084 0.0009 0.0004
156 0.0645 0.1089 0.5444 0.0671 0.1560 0.0592
157 0.0362 0.1234 0.6167 0.0946 0.0454 0.0835
158 0.0472 0.0778 0.0440 0.1584 0.5156 0.1572
159 0.0226 0.1429 0.1166 0.4473 0.1620 0.1087
160 0.0482 0.1724 0.3347 0.2046 0.0256 0.2145
161 0.0754 0.3862 0.4111 0.0869 0.0067 0.0338
162 0.0475 0.2452 0.4766 0.0797 0.0909 0.0601
163 0.0579 0.1169 0.3330 0.4553 0.0078 0.0291
164 0.0299 0.4829 0.4131 0.0586 0.0098 0.0058
165 0.0854 0.2250 0.3484 0.2610 0.0203 0.0601
166 0.0233 0.3096 0.0353 0.5874 0.0087 0.0358
167 0.0084 0.2891 0.0353 0.6514 0.0071 0.0086
168 0.0245 0.0742 0.5234 0.2844 0.0182 0.0754
169 0.0677 0.1306 0.4932 0.1066 0.1135 0.0884
170 0.0284 0.1194 0.5029 0.0908 0.0193 0.2394
171 0.1338 0.0751 0.0637 0.2900 0.3782 0.0594
172 0.0211 0.1226 0.0377 0.0842 0.7051 0.0293
173 0.0048 0.6504 0.0937 0.2429 0.0006 0.0078
174 0.0091 0.6528 0.2023 0.1266 0.0012 0.0080
175 0.0272 0.5591 0.2258 0.1653 0.0125 0.0102
176 0.0167 0.0978 0.3748 0.4812 0.0092 0.0202
177 0.0109 0.1678 0.0148 0.8008 0.0028 0.0029
178 0.0627 0.4458 0.0949 0.3313 0.0393 0.0258
179 0.0068 0.3557 0.0668 0.5688 0.0008 0.0011
180 0.0190 0.4363 0.1394 0.3730 0.0012 0.0311
181 0.1149 0.1582 0.0361 0.1140 0.4990 0.0778
182 0.0360 0.2422 0.0424 0.0768 0.5996 0.0030
183 0.0479 0.3428 0.5024 0.0600 0.0279 0.0190
184 0.0572 0.2861 0.2029 0.2354 0.0944 0.1240
185 0.0877 0.5088 0.2659 0.0830 0.0301 0.0246
186 0.1163 0.1830 0.4324 0.2388 0.0150 0.0146
187 0.2091 0.1085 0.3042 0.3140 0.0563 0.0079
188 0.1901 0.1434 0.4890 0.0804 0.0912 0.0060
189 0.2432 0.3594 0.3323 0.0482 0.0149 0.0021
190 0.1753 0.1808 0.2693 0.3274 0.0382 0.0091
191 0.1007 0.2286 0.3711 0.2493 0.0200 0.0302
192 0.1912 0.1700 0.4998 0.0947 0.0147 0.0296
193 0.0688 0.4485 0.2345 0.1676 0.0225 0.0579
194 0.1422 0.1265 0.3835 0.1898 0.1478 0.0100
195 0.3694 0.1481 0.1902 0.2294 0.0553 0.0077
196 0.0991 0.1713 0.3889 0.3005 0.0379 0.0020
197 0.1268 0.1289 0.4788 0.1935 0.0482 0.0238
198 0.1288 0.5464 0.2600 0.0520 0.0116 0.0012
199 0.2793 0.1862 0.3503 0.1519 0.0231 0.0090
200 0.1226 0.0897 0.2595 0.4624 0.0103 0.0557
201 0.0391 0.0771 0.3484 0.4136 0.0736 0.0482
202 0.2162 0.1451 0.4575 0.1232 0.0087 0.0494
203 0.1555 0.2905 0.2125 0.2905 0.0428 0.0080
204 0.0828 0.1115 0.4768 0.2937 0.0097 0.0255
205 0.1327 0.2598 0.3232 0.2537 0.0187 0.0120
206 0.3428 0.3650 0.2266 0.0309 0.0337 0.0012
207 0.1036 0.1877 0.4197 0.2281 0.0140 0.0467
208 0.1014 0.0560 0.4407 0.3379 0.0269 0.0373
209 0.0180 0.1061 0.2930 0.4983 0.0172 0.0674
210 0.0311 0.1279 0.4905 0.2837 0.0233 0.0435
211 0.0327 0.0841 0.4802 0.2913 0.0111 0.1006
212 0.0294 0.2666 0.6196 0.0478 0.0109 0.0256
213 0.0146 0.2140 0.1615 0.4060 0.0151 0.1888
214 0.0150 0.3894 0.3894 0.1206 0.0127 0.0731
215 0.0435 0.1459 0.5420 0.1035 0.0125 0.1528
216 0.0396 0.2661 0.5547 0.0608 0.0080 0.0706
217 0.0330 0.2402 0.5415 0.1327 0.0203 0.0323
218 0.0226 0.4258 0.3115 0.2042 0.0019 0.0341
219 0.0161 0.1261 0.2014 0.5918 0.0039 0.0605
220 0.0340 0.2358 0.0275 0.6611 0.0089 0.0324
221 0.0393 0.6055 0.0806 0.2262 0.0344 0.0141
222 0.0340 0.0962 0.3745 0.4885 0.0036 0.0031
223 0.0085 0.6772 0.1583 0.1534 0.0003 0.0022
224 0.0095 0.5991 0.1058 0.2830 0.0006 0.0021
225 0.0249 0.2479 0.1564 0.5586 0.0024 0.0098
226 0.0287 0.3691 0.0870 0.5044 0.0040 0.0067
227 0.0210 0.3157 0.0589 0.5898 0.0027 0.0117
228 0.1377 0.2532 0.1687 0.3684 0.0645 0.0076
229 0.0334 0.1583 0.4580 0.3027 0.0216 0.0260
230 0.0177 0.1554 0.5176 0.2859 0.0079 0.0156
231 0.0349 0.2744 0.4524 0.2087 0.0181 0.0117
232 0.0533 0.2683 0.2224 0.2260 0.1127 0.1172
233 0.0145 0.1317 0.0549 0.7695 0.0174 0.0119
234 0.2517 0.3157 0.1870 0.1841 0.0484 0.0133
235 0.2727 0.0399 0.3557 0.2834 0.0381 0.0101
236 0.0586 0.3191 0.2109 0.3267 0.0467 0.0381
237 0.4485 0.1841 0.2202 0.1161 0.0227 0.0085
238 0.2246 0.3245 0.1556 0.2355 0.0559 0.0040
239 0.0708 0.2629 0.2432 0.2080 0.0439 0.1711
240 0.0481 0.4353 0.4563 0.0344 0.0205 0.0054
241 0.0757 0.3499 0.3286 0.1732 0.0470 0.0257
242 0.0134 0.1569 0.0124 0.7847 0.0055 0.0273
243 0.1455 0.3357 0.0875 0.2379 0.1700 0.0234
244 0.8511 0.0444 0.0067 0.0911 0.0062 0.0006
245 0.0345 0.2130 0.0625 0.6460 0.0117 0.0322
246 0.0415 0.5474 0.0521 0.2883 0.0229 0.0478
247 0.0884 0.4968 0.2639 0.1050 0.0116 0.0343
248 0.1130 0.6064 0.2145 0.0385 0.0262 0.0014
249 0.1277 0.3638 0.2294 0.2404 0.0099 0.0289
250 0.0048 0.4944 0.0342 0.4644 0.0000 0.0024
251 0.0104 0.5581 0.0282 0.4021 0.0000 0.0010
252 0.0120 0.0582 0.0208 0.8970 0.0003 0.0119
253 0.0201 0.3218 0.0595 0.5918 0.0003 0.0063
254 0.0164 0.6899 0.0603 0.2294 0.0002 0.0037
255 0.0540 0.2991 0.4631 0.1564 0.0127 0.0149
256 0.0272 0.4353 0.2725 0.2600 0.0014 0.0039
257 0.0856 0.1091 0.0365 0.2742 0.3989 0.0955
258 0.0353 0.5835 0.3123 0.0297 0.0295 0.0097
259 0.1340 0.4097 0.3616 0.0258 0.0669 0.0021
260 0.2573 0.2217 0.3030 0.0953 0.0743 0.0483
261 0.1368 0.5898 0.0762 0.1049 0.0579 0.0346
262 0.1497 0.5347 0.1020 0.1342 0.0559 0.0238
263 0.0306 0.1874 0.1085 0.5864 0.0149 0.0723
264 0.0825 0.1339 0.1127 0.2009 0.0240 0.4458
