time exciting_prob fearful_prob tense_prob sad_prob relaxing_prob neutral_prob
0 0.1136 0.1553 0.1349 0.1288 0.0181 0.4492
1 0.1595 0.2588 0.3274 0.1924 0.0046 0.0573
2 0.2180 0.3540 0.2321 0.1547 0.0049 0.0364
3 0.1359 0.3579 0.2274 0.2460 0.0056 0.0274
4 0.2515 0.1074 0.1898 0.3835 0.0075 0.0602
5 0.1637 0.1091 0.3010 0.2964 0.0041 0.1255
6 0.0475 0.0660 0.3682 0.4727 0.0055 0.0400
7 0.0906 0.1238 0.6904 0.0864 0.0006 0.0081
8 0.0760 0.0561 0.8369 0.0236 0.0010 0.0064
9 0.0258 0.0555 0.9106 0.0078 0.0000 0.0002
10 0.2764 0.1479 0.2328 0.3335 0.0068 0.0025
11 0.2671 0.1149 0.4202 0.1893 0.0047 0.0040
12 0.4648 0.1332 0.1510 0.2412 0.0073 0.0024
13 0.1054 0.0901 0.3350 0.4041 0.0364 0.0288
14 0.2104 0.1493 0.5723 0.0280 0.0079 0.0323
15 0.1209 0.2725 0.3499 0.1705 0.0289 0.0571
16 0.0355 0.2312 0.2241 0.4387 0.0175 0.0528
17 0.1288 0.3555 0.3188 0.1578 0.0173 0.0219
18 0.2896 0.3574 0.1770 0.1663 0.0041 0.0056
19 0.2030 0.0746 0.1270 0.5781 0.0043 0.0129
20 0.1115 0.0430 0.4077 0.3953 0.0046 0.0379
21 0.1105 0.1354 0.4839 0.2590 0.0034 0.0077
22 0.0700 0.0627 0.3445 0.5015 0.0043 0.0172
23 0.0645 0.0766 0.8232 0.0307 0.0003 0.0047
24 0.2585 0.2159 0.1669 0.1876 0.0478 0.1230
25 0.0371 0.5630 0.3691 0.0092 0.0056 0.0160
26 0.0670 0.4912 0.3887 0.0348 0.0106 0.0076
27 0.0501 0.4788 0.3557 0.0638 0.0264 0.0252
28 0.0374 0.1357 0.3157 0.3809 0.0158 0.1144
29 0.0149 0.1610 0.3987 0.2036 0.0018 0.2201
30 0.0726 0.0440 0.1294 0.4114 0.0120 0.3306
31 0.1046 0.1865 0.3325 0.2048 0.0147 0.1570
32 0.0824 0.2810 0.1992 0.3286 0.0093 0.0994
33 0.1189 0.1001 0.4084 0.3604 0.0059 0.0062
34 0.0337 0.0754 0.2018 0.6719 0.0011 0.0161
35 0.0997 0.0446 0.5063 0.3323 0.0023 0.0146
36 0.2654 0.0539 0.5488 0.1234 0.0038 0.0049
37 0.0706 0.2211 0.0907 0.5913 0.0040 0.0221
38 0.0083 0.8291 0.1375 0.0246 0.0000 0.0004
39 0.1263 0.1622 0.5073 0.1647 0.0228 0.0166
40 0.0661 0.0875 0.7803 0.0539 0.0085 0.0038
41 0.0466 0.5127 0.3259 0.0774 0.0067 0.0308
42 0.0569 0.4766 0.4014 0.0261 0.0063 0.0327
43 0.1279 0.3643 0.3423 0.1372 0.0164 0.0118
44 0.0682 0.1478 0.6123 0.1116 0.0325 0.0275
45 0.2561 0.2296 0.3289 0.1506 0.0160 0.0187
46 0.0234 0.0067 0.2344 0.0977 0.0008 0.6372
47 0.0817 0.0940 0.6426 0.1265 0.0049 0.0503
48 0.2617 0.1066 0.2764 0.1625 0.0200 0.1730
49 0.0238 0.0424 0.2854 0.5088 0.0191 0.1208
50 0.2140 0.2971 0.3640 0.0865 0.0031 0.0352
51 0.1458 0.1153 0.0905 0.5049 0.0352 0.1083
52 0.0219 0.0653 0.7832 0.1239 0.0015 0.0042
53 0.0507 0.0531 0.8574 0.0359 0.0012 0.0014
54 0.0441 0.1541 0.4973 0.2747 0.0057 0.0244
55 0.0350 0.0867 0.4685 0.2588 0.0038 0.1475
56 0.0573 0.0376 0.7671 0.0640 0.0017 0.0724
57 0.0798 0.0919 0.7876 0.0267 0.0035 0.0105
58 0.0640 0.0692 0.6992 0.1106 0.0041 0.0531
59 0.0418 0.2832 0.3525 0.2900 0.0089 0.0236
60 0.0281 0.3025 0.1670 0.4758 0.0079 0.0187
61 0.1236 0.0607 0.4888 0.2308 0.0077 0.0883
62 0.0468 0.4651 0.3567 0.1176 0.0029 0.0110
63 0.0689 0.1298 0.6694 0.1110 0.0014 0.0197
64 0.1322 0.1475 0.1807 0.5225 0.0071 0.0101
65 0.0402 0.1693 0.2542 0.5054 0.0045 0.0264
66 0.1500 0.1388 0.1168 0.2759 0.0058 0.3127
67 0.1100 0.0637 0.0905 0.5811 0.0143 0.1403
68 0.0945 0.1176 0.5610 0.1711 0.0142 0.0413
69 0.0501 0.0450 0.1497 0.6816 0.0122 0.0614
70 0.1764 0.2710 0.2195 0.2449 0.0135 0.0747
71 0.3501 0.2561 0.1448 0.0920 0.0283 0.1288
72 0.2676 0.4377 0.1255 0.0925 0.0182 0.0583
73 0.0795 0.1260 0.2795 0.4468 0.0221 0.0460
74 0.3923 0.0588 0.1206 0.3489 0.0225 0.0569
75 0.2299 0.4641 0.1383 0.0886 0.0290 0.0501
76 0.0569 0.0334 0.5747 0.2935 0.0148 0.0269
77 0.0889 0.0809 0.3684 0.3743 0.0065 0.0809
78 0.1394 0.0852 0.1094 0.5386 0.0228 0.1044
79 0.1301 0.1063 0.1046 0.2302 0.0117 0.4170
80 0.0335 0.2115 0.2717 0.4409 0.0084 0.0340
81 0.0676 0.0815 0.7207 0.1131 0.0028 0.0145
82 0.1461 0.1473 0.4036 0.2646 0.0065 0.0319
83 0.0685 0.1165 0.0740 0.5059 0.0070 0.2280
84 0.0925 0.1388 0.6123 0.1188 0.0129 0.0245
85 0.1429 0.1522 0.1985 0.2357 0.0155 0.2549
86 0.1221 0.0228 0.0981 0.2751 0.0064 0.4753
87 0.0501 0.0422 0.0845 0.4292 0.0153 0.3787
88 0.0385 0.2712 0.5654 0.1131 0.0090 0.0028
89 0.1512 0.1809 0.3892 0.2435 0.0045 0.0307
90 0.0709 0.2083 0.1366 0.1866 0.0023 0.3953
91 0.1493 0.1425 0.1553 0.3210 0.0181 0.2139
92 0.0411 0.1266 0.3232 0.3335 0.0688 0.1066
93 0.0238 0.0767 0.6221 0.1410 0.0282 0.1082
94 0.0461 0.0307 0.8169 0.0539 0.0110 0.0413
95 0.2432 0.2196 0.3350 0.0853 0.0596 0.0573
96 0.0938 0.4917 0.2286 0.1355 0.0143 0.0362
97 0.0254 0.0916 0.3738 0.3738 0.0297 0.1055
98 0.0273 0.1622 0.4995 0.2360 0.0084 0.0666
99 0.0875 0.2737 0.4238 0.1713 0.0030 0.0410
100 0.0662 0.4492 0.2944 0.1705 0.0065 0.0131
101 0.0908 0.2247 0.4758 0.1893 0.0087 0.0106
102 0.0493 0.3818 0.4604 0.0996 0.0011 0.0077
103 0.3037 0.0768 0.2498 0.3440 0.0139 0.0118
104 0.3733 0.3562 0.1497 0.0336 0.0493 0.0381
105 0.2224 0.2642 0.3340 0.1110 0.0341 0.0344
106 0.3049 0.1453 0.2413 0.0874 0.0403 0.1808
107 0.2382 0.1675 0.2849 0.0955 0.0761 0.1378
108 0.1312 0.2610 0.2778 0.2959 0.0045 0.0295
109 0.1019 0.5015 0.3088 0.0825 0.0014 0.0040
110 0.0485 0.4192 0.2749 0.2141 0.0030 0.0405
111 0.0623 0.3191 0.3911 0.1580 0.0040 0.0654
112 0.0359 0.1866 0.5928 0.1621 0.0163 0.0061
113 0.0735 0.3345 0.1508 0.3911 0.0155 0.0345
114 0.1048 0.2117 0.2676 0.2986 0.0110 0.1064
115 0.0805 0.3037 0.5332 0.0637 0.0031 0.0159
116 0.0840 0.1954 0.1672 0.4475 0.0373 0.0686
117 0.0707 0.1835 0.2469 0.2393 0.0088 0.2507
118 0.0951 0.2355 0.4609 0.1749 0.0084 0.0252
119 0.0560 0.2146 0.6113 0.0938 0.0029 0.0216
120 0.1283 0.1205 0.2937 0.3276 0.0343 0.0954
121 0.2472 0.1158 0.3770 0.2395 0.0051 0.0156
122 0.0730 0.0171 0.0895 0.7373 0.0216 0.0615
123 0.2120 0.4854 0.1744 0.0756 0.0092 0.0434
124 0.0944 0.0256 0.2546 0.5181 0.0144 0.0929
125 0.1697 0.0277 0.1570 0.3591 0.0753 0.2112
126 0.1632 0.1062 0.3003 0.1251 0.0120 0.2932
127 0.0333 0.0371 0.1126 0.7231 0.0267 0.0673
128 0.0238 0.1804 0.6299 0.1592 0.0020 0.0048
129 0.0397 0.1213 0.6157 0.1820 0.0037 0.0376
130 0.0601 0.0991 0.7793 0.0479 0.0009 0.0130
131 0.0441 0.1127 0.2581 0.5293 0.0219 0.0338
132 0.1581 0.1656 0.2373 0.1877 0.0801 0.1709
133 0.3506 0.0573 0.4502 0.1260 0.0108 0.0051
134 0.1809 0.0953 0.3982 0.2935 0.0104 0.0218
135 0.0837 0.0371 0.2537 0.5630 0.0156 0.0469
136 0.2212 0.3120 0.2178 0.1791 0.0047 0.0654
137 0.1099 0.2942 0.4417 0.1285 0.0022 0.0234
138 0.0473 0.0994 0.5288 0.2617 0.0007 0.0622
139 0.3120 0.0364 0.4199 0.2047 0.0133 0.0135
140 0.2795 0.0521 0.1921 0.4067 0.0192 0.0501
141 0.0348 0.1698 0.6211 0.1080 0.0085 0.0578
142 0.1066 0.0824 0.4634 0.2944 0.0204 0.0328
143 0.0611 0.2164 0.6465 0.0620 0.0049 0.0092
144 0.0140 0.3987 0.5537 0.0269 0.0004 0.0063
145 0.1830 0.0684 0.4058 0.2661 0.0028 0.0739
146 0.0847 0.0959 0.2062 0.2842 0.0172 0.3120
147 0.0447 0.0999 0.3950 0.4407 0.0128 0.0069
148 0.1270 0.6650 0.1631 0.0358 0.0055 0.0034
149 0.0606 0.7271 0.1151 0.0842 0.0097 0.0034
150 0.1788 0.0283 0.4358 0.3240 0.0285 0.0046
151 0.1021 0.0783 0.2568 0.4797 0.0475 0.0356
152 0.1384 0.2246 0.2144 0.3943 0.0093 0.0189
153 0.0986 0.0884 0.6426 0.1100 0.0398 0.0205
154 0.0907 0.2043 0.6494 0.0321 0.0183 0.0049
155 0.1136 0.2330 0.2480 0.2559 0.0124 0.1370
156 0.2900 0.1653 0.0837 0.3608 0.0313 0.0688
157 0.0740 0.1044 0.7710 0.0390 0.0110 0.0005
158 0.0366 0.2295 0.6958 0.0331 0.0039 0.0009
159 0.1193 0.1384 0.6709 0.0321 0.0222 0.0171
160 0.1171 0.2189 0.5767 0.0308 0.0383 0.0182
161 0.1192 0.2158 0.2158 0.2859 0.1566 0.0067
162 0.0342 0.0782 0.8677 0.0113 0.0055 0.0031
163 0.0482 0.1396 0.8032 0.0047 0.0031 0.0008
164 0.0969 0.2417 0.5801 0.0640 0.0132 0.0043
165 0.1102 0.0336 0.0554 0.6646 0.0117 0.1248
166 0.0440 0.0874 0.1055 0.7095 0.0388 0.0148
167 0.0751 0.0673 0.2502 0.5132 0.0129 0.0812
168 0.1235 0.2084 0.3601 0.1537 0.1512 0.0030
169 0.1098 0.5620 0.1334 0.1056 0.0574 0.0320
170 0.1793 0.2568 0.1711 0.1938 0.0137 0.1851
171 0.1107 0.1942 0.2271 0.3923 0.0117 0.0640
172 0.0142 0.0730 0.7974 0.0172 0.0881 0.0101
173 0.1884 0.2362 0.3955 0.0616 0.1169 0.0013
174 0.0465 0.0984 0.0709 0.5488 0.0203 0.2150
175 0.1059 0.2312 0.3472 0.2500 0.0608 0.0048
176 0.1804 0.0981 0.0555 0.2627 0.0273 0.3762
177 0.0270 0.1174 0.4573 0.3142 0.0505 0.0336
178 0.1898 0.1929 0.1008 0.4148 0.0862 0.0155
179 0.1036 0.0807 0.1005 0.6250 0.0056 0.0846
180 0.1115 0.1151 0.3127 0.3276 0.0495 0.0835
181 0.0893 0.0663 0.3940 0.4001 0.0215 0.0288
182 0.0400 0.5308 0.2195 0.2030 0.0060 0.0007
183 0.0829 0.1389 0.7056 0.0667 0.0042 0.0016
184 0.1078 0.1923 0.6709 0.0201 0.0073 0.0014
185 0.1248 0.1504 0.6851 0.0313 0.0078 0.0009
186 0.1510 0.1685 0.5879 0.0670 0.0216 0.0043
187 0.0272 0.0598 0.7881 0.1135 0.0085 0.0032
188 0.0245 0.0185 0.9194 0.0315 0.0041 0.0020
189 0.0435 0.0751 0.8599 0.0159 0.0045 0.0008
190 0.0311 0.0299 0.9160 0.0161 0.0054 0.0014
191 0.1833 0.1353 0.1202 0.4297 0.0102 0.1212
192 0.0507 0.1444 0.2827 0.4963 0.0058 0.0199
193 0.3315 0.1318 0.3164 0.1747 0.0205 0.0252
194 0.2686 0.2859 0.1299 0.2075 0.0746 0.0334
195 0.0359 0.1332 0.8159 0.0131 0.0013 0.0007
196 0.0793 0.3337 0.3608 0.1993 0.0081 0.0185
197 0.0415 0.2142 0.5557 0.1617 0.0079 0.0187
198 0.0665 0.0139 0.0255 0.4512 0.0055 0.4373
199 0.0608 0.1201 0.2278 0.5381 0.0088 0.0445
200 0.0631 0.7690 0.1207 0.0434 0.0026 0.0010
201 0.0560 0.4438 0.4875 0.0113 0.0005 0.0009
202 0.0854 0.0319 0.1243 0.6167 0.0417 0.0999
203 0.0607 0.1189 0.1842 0.4702 0.0083 0.1575
204 0.2744 0.0612 0.0516 0.5723 0.0093 0.0313
205 0.1035 0.5098 0.2369 0.1044 0.0238 0.0217
206 0.1616 0.2244 0.1110 0.4324 0.0233 0.0474
207 0.1602 0.1163 0.1208 0.4353 0.0357 0.1317
208 0.1001 0.2517 0.3550 0.1960 0.0033 0.0941
209 0.2125 0.3672 0.1580 0.2408 0.0116 0.0099
210 0.2220 0.4626 0.1236 0.1812 0.0053 0.0053
211 0.0989 0.7080 0.0807 0.1036 0.0053 0.0037
212 0.1121 0.1876 0.2817 0.3972 0.0095 0.0120
213 0.0776 0.2014 0.2507 0.4265 0.0248 0.0190
214 0.1109 0.1814 0.3496 0.2944 0.0536 0.0099
215 0.1415 0.2727 0.4785 0.0745 0.0149 0.0180
216 0.0975 0.2130 0.5190 0.1398 0.0225 0.0081
217 0.0299 0.0613 0.1979 0.6289 0.0036 0.0787
218 0.0603 0.0238 0.0912 0.7520 0.0080 0.0647
219 0.2362 0.5752 0.1549 0.0289 0.0018 0.0029
220 0.2009 0.2312 0.4670 0.0793 0.0025 0.0190
221 0.1234 0.1584 0.6777 0.0320 0.0010 0.0075
222 0.1818 0.0886 0.1309 0.3291 0.0505 0.2192
223 0.1136 0.1553 0.1349 0.1288 0.0181 0.4492
224 0.1136 0.1553 0.1349 0.1288 0.0181 0.4492
225 0.9531 0.0039 0.0012 0.0079 0.0235 0.0103
226 0.9507 0.0038 0.0012 0.0084 0.0247 0.0110
227 0.9360 0.0043 0.0015 0.0125 0.0278 0.0180
228 0.9365 0.0043 0.0015 0.0124 0.0276 0.0180
229 0.9497 0.0043 0.0013 0.0101 0.0215 0.0130
230 0.9502 0.0042 0.0013 0.0099 0.0213 0.0128
231 0.9404 0.0041 0.0013 0.0137 0.0234 0.0171
232 0.9575 0.0041 0.0011 0.0077 0.0205 0.0092
233 0.9570 0.0041 0.0011 0.0078 0.0205 0.0093
234 0.9521 0.0090 0.0015 0.0050 0.0264 0.0057
235 0.1136 0.1553 0.1349 0.1288 0.0181 0.4492
