time exciting_prob fearful_prob tense_prob sad_prob relaxing_prob neutral_prob
0 0.1136 0.1553 0.1349 0.1288 0.0181 0.4492
1 0.1680 0.0942 0.0793 0.3186 0.0452 0.2947
2 0.0534 0.0596 0.2546 0.4988 0.0324 0.1013
3 0.0691 0.1332 0.3853 0.2488 0.0152 0.1486
4 0.0767 0.1411 0.4775 0.2053 0.0111 0.0883
5 0.2484 0.1735 0.3613 0.1268 0.0701 0.0198
6 0.1243 0.1409 0.0601 0.5747 0.0861 0.0139
7 0.1915 0.2744 0.0627 0.3308 0.1316 0.0091
8 0.2712 0.4136 0.0742 0.1724 0.0582 0.0105
9 0.2920 0.2559 0.0377 0.3606 0.0515 0.0023
10 0.2499 0.5166 0.0473 0.1576 0.0193 0.0090
11 0.1582 0.6113 0.0724 0.1176 0.0302 0.0104
12 0.2052 0.6172 0.0561 0.0939 0.0228 0.0045
13 0.0908 0.3293 0.0936 0.1619 0.2908 0.0337
14 0.3196 0.4797 0.1396 0.0370 0.0096 0.0146
15 0.2100 0.6123 0.1169 0.0322 0.0110 0.0175
16 0.3538 0.0765 0.2146 0.2756 0.0406 0.0388
17 0.3748 0.2070 0.2070 0.1730 0.0301 0.0082
18 0.0958 0.2029 0.1847 0.3972 0.0795 0.0399
19 0.3123 0.1451 0.2588 0.2469 0.0129 0.0239
20 0.0646 0.2150 0.1622 0.5322 0.0123 0.0138
21 0.1495 0.1111 0.1279 0.5557 0.0112 0.0449
22 0.2046 0.6602 0.0546 0.0634 0.0140 0.0032
23 0.4207 0.4143 0.1080 0.0376 0.0141 0.0053
24 0.2045 0.1497 0.1520 0.3589 0.0422 0.0929
25 0.0445 0.1718 0.1718 0.5630 0.0308 0.0180
26 0.0637 0.4153 0.1917 0.2832 0.0445 0.0016
27 0.2272 0.2102 0.1179 0.2238 0.0612 0.1599
28 0.2598 0.2153 0.1074 0.1771 0.2070 0.0335
29 0.0284 0.1160 0.0414 0.7568 0.0155 0.0420
30 0.1145 0.4934 0.1692 0.1470 0.0739 0.0019
31 0.0975 0.1558 0.0327 0.6455 0.0591 0.0092
32 0.1918 0.1011 0.2242 0.3313 0.1110 0.0405
33 0.1279 0.2729 0.1279 0.1174 0.3479 0.0059
34 0.1599 0.3132 0.2808 0.2053 0.0374 0.0035
35 0.2998 0.2773 0.0770 0.2883 0.0551 0.0022
36 0.1544 0.1594 0.0475 0.5479 0.0685 0.0224
37 0.2360 0.1283 0.0356 0.4995 0.0665 0.0342
38 0.1653 0.2368 0.1003 0.4355 0.0260 0.0360
39 0.2177 0.1818 0.0936 0.4500 0.0189 0.0381
40 0.0800 0.1519 0.0471 0.6914 0.0228 0.0068
41 0.1841 0.0441 0.2517 0.3960 0.0626 0.0617
42 0.4319 0.0549 0.0864 0.3418 0.0242 0.0608
43 0.2474 0.1016 0.1410 0.4412 0.0126 0.0561
44 0.0695 0.0920 0.0467 0.5771 0.0412 0.1733
45 0.2179 0.3049 0.1140 0.1418 0.2129 0.0084
46 0.0958 0.4126 0.2583 0.1761 0.0442 0.0132
47 0.0575 0.2054 0.1074 0.3931 0.2153 0.0212
48 0.2246 0.2566 0.0853 0.1833 0.2428 0.0075
49 0.3354 0.4341 0.0499 0.0687 0.1089 0.0028
50 0.0549 0.1677 0.1218 0.2639 0.3062 0.0857
51 0.2563 0.1519 0.0328 0.4097 0.1361 0.0133
52 0.4685 0.1893 0.0329 0.2179 0.0795 0.0119
53 0.1099 0.6372 0.0911 0.0842 0.0773 0.0004
54 0.1412 0.5718 0.1126 0.1058 0.0677 0.0009
55 0.2479 0.4854 0.0512 0.1665 0.0374 0.0115
56 0.1028 0.2930 0.0372 0.4680 0.0685 0.0304
57 0.3147 0.5029 0.0252 0.1071 0.0397 0.0103
58 0.8110 0.0645 0.0404 0.0157 0.0671 0.0011
59 0.2433 0.0840 0.1131 0.5356 0.0158 0.0083
60 0.2896 0.1099 0.0726 0.4812 0.0327 0.0138
61 0.1965 0.3672 0.1681 0.1790 0.0369 0.0525
62 0.1189 0.3633 0.0941 0.3308 0.0779 0.0150
63 0.0842 0.2006 0.0955 0.5078 0.0732 0.0386
64 0.1833 0.3879 0.0648 0.2817 0.0752 0.0069
65 0.0394 0.1261 0.0184 0.7256 0.0464 0.0443
66 0.1505 0.4600 0.0352 0.1843 0.1459 0.0242
67 0.0461 0.1123 0.0249 0.6987 0.1006 0.0175
68 0.1622 0.1852 0.0552 0.4622 0.1124 0.0230
69 0.1421 0.3804 0.0540 0.3057 0.1098 0.0082
70 0.0798 0.1276 0.0227 0.7344 0.0187 0.0169
71 0.2208 0.2426 0.0459 0.4031 0.0638 0.0240
72 0.2017 0.2671 0.0185 0.4475 0.0406 0.0245
73 0.1522 0.3274 0.1105 0.2673 0.0975 0.0450
74 0.0637 0.4426 0.0745 0.3784 0.0250 0.0157
75 0.1986 0.2935 0.0273 0.3740 0.0828 0.0237
76 0.0376 0.1499 0.0784 0.6611 0.0665 0.0062
77 0.1398 0.3462 0.0709 0.3801 0.0522 0.0109
78 0.1742 0.3203 0.1031 0.2362 0.1421 0.0241
79 0.2366 0.3362 0.0524 0.3013 0.0683 0.0052
80 0.0298 0.7505 0.0236 0.1273 0.0621 0.0070
81 0.0213 0.8867 0.0466 0.0320 0.0080 0.0054
82 0.2389 0.1996 0.0266 0.4790 0.0517 0.0043
83 0.3262 0.1887 0.0599 0.3313 0.0927 0.0012
84 0.2039 0.3838 0.0451 0.2764 0.0817 0.0092
85 0.2010 0.4602 0.1309 0.1667 0.0344 0.0067
86 0.1693 0.2644 0.0442 0.3140 0.1995 0.0088
87 0.1037 0.1086 0.1138 0.6353 0.0153 0.0235
88 0.1669 0.3291 0.0764 0.3789 0.0248 0.0238
89 0.1477 0.5576 0.0917 0.1168 0.0828 0.0035
90 0.0752 0.1472 0.0839 0.6299 0.0347 0.0292
91 0.0784 0.3862 0.2100 0.2803 0.0423 0.0028
92 0.2196 0.2756 0.0193 0.4104 0.0547 0.0204
93 0.1010 0.7461 0.0082 0.0831 0.0516 0.0099
94 0.0795 0.4333 0.0190 0.4136 0.0388 0.0159
95 0.1396 0.0736 0.0302 0.7095 0.0370 0.0101
96 0.1052 0.0533 0.0107 0.7891 0.0323 0.0093
97 0.3115 0.0965 0.0294 0.4978 0.0485 0.0163
98 0.2546 0.3096 0.1923 0.2178 0.0216 0.0041
99 0.2140 0.3088 0.2332 0.2224 0.0194 0.0021
100 0.0715 0.1197 0.0202 0.7686 0.0140 0.0063
101 0.1387 0.4475 0.0239 0.2651 0.0975 0.0271
102 0.1949 0.4326 0.0432 0.2227 0.0757 0.0309
103 0.1255 0.2135 0.0883 0.5122 0.0404 0.0199
104 0.0965 0.0921 0.0199 0.6392 0.1183 0.0339
105 0.1902 0.4253 0.1058 0.2155 0.0613 0.0019
106 0.2756 0.2321 0.0237 0.3979 0.0591 0.0116
107 0.1244 0.2825 0.0203 0.5317 0.0310 0.0100
108 0.0500 0.5591 0.0303 0.2769 0.0346 0.0492
109 0.0500 0.1553 0.0558 0.6958 0.0244 0.0190
110 0.1493 0.0424 0.0141 0.7700 0.0187 0.0054
111 0.3208 0.1785 0.0739 0.2988 0.1117 0.0163
112 0.0648 0.1278 0.0418 0.6753 0.0806 0.0096
113 0.2126 0.2817 0.1005 0.2976 0.0685 0.0390
114 0.2722 0.1100 0.0148 0.4351 0.1075 0.0603
115 0.2402 0.2239 0.0496 0.3440 0.0919 0.0504
116 0.2186 0.1389 0.0308 0.4927 0.0602 0.0588
117 0.1685 0.3247 0.0192 0.3147 0.0959 0.0771
118 0.1611 0.5942 0.0488 0.1074 0.0829 0.0055
119 0.0906 0.0455 0.0500 0.7466 0.0159 0.0516
120 0.1641 0.4897 0.0318 0.1628 0.1318 0.0197
121 0.2426 0.4531 0.0187 0.1667 0.1102 0.0086
122 0.2432 0.1570 0.0639 0.4136 0.0724 0.0498
123 0.1249 0.2013 0.0099 0.5601 0.0695 0.0344
124 0.0581 0.4363 0.2487 0.2161 0.0314 0.0095
125 0.0238 0.7998 0.0401 0.1125 0.0137 0.0100
126 0.1094 0.6104 0.0425 0.1904 0.0435 0.0040
127 0.0800 0.3728 0.0684 0.3669 0.0965 0.0154
128 0.0848 0.6880 0.0514 0.1293 0.0310 0.0153
129 0.1588 0.4387 0.0721 0.1381 0.1871 0.0051
130 0.1150 0.6724 0.0362 0.1454 0.0257 0.0054
131 0.0709 0.4810 0.0362 0.3630 0.0317 0.0171
132 0.1707 0.4531 0.0260 0.3164 0.0296 0.0043
133 0.2072 0.3840 0.0948 0.2661 0.0452 0.0027
134 0.2257 0.2766 0.0469 0.4285 0.0174 0.0050
135 0.0602 0.1007 0.0797 0.6885 0.0284 0.0427
136 0.2048 0.6064 0.0286 0.0730 0.0828 0.0042
137 0.1923 0.4795 0.0350 0.2014 0.0833 0.0086
138 0.1063 0.7378 0.0606 0.0273 0.0665 0.0013
139 0.1849 0.1429 0.0526 0.5146 0.0634 0.0413
140 0.0331 0.1166 0.0182 0.7485 0.0293 0.0542
141 0.0844 0.4187 0.0524 0.3638 0.0699 0.0110
142 0.0703 0.7495 0.0277 0.1055 0.0394 0.0075
143 0.1519 0.3240 0.0568 0.3093 0.0907 0.0674
144 0.1654 0.3164 0.0358 0.3264 0.0746 0.0812
145 0.3994 0.2788 0.0229 0.1731 0.1199 0.0060
146 0.1000 0.1335 0.0267 0.6470 0.0656 0.0271
147 0.3533 0.4065 0.0586 0.1519 0.0183 0.0116
148 0.2844 0.2693 0.0703 0.2081 0.1608 0.0071
149 0.3032 0.1943 0.0228 0.4177 0.0430 0.0186
150 0.1240 0.5776 0.0513 0.1519 0.0832 0.0121
151 0.3926 0.1478 0.0515 0.1755 0.2272 0.0056
152 0.1521 0.4333 0.0555 0.3145 0.0334 0.0111
153 0.1917 0.4526 0.0780 0.1010 0.1744 0.0023
154 0.0888 0.0784 0.0179 0.7554 0.0490 0.0104
155 0.2212 0.2585 0.0409 0.4231 0.0432 0.0132
156 0.0561 0.0437 0.0203 0.8369 0.0075 0.0356
157 0.3591 0.3320 0.0337 0.1184 0.1544 0.0024
158 0.1831 0.4126 0.0168 0.3066 0.0418 0.0390
159 0.1935 0.2352 0.0372 0.4500 0.0471 0.0372
160 0.5298 0.1641 0.1102 0.1654 0.0290 0.0016
161 0.5283 0.0203 0.0243 0.3926 0.0187 0.0156
162 0.2542 0.4900 0.0618 0.1860 0.0060 0.0020
163 0.4097 0.3191 0.0396 0.1891 0.0384 0.0042
164 0.1514 0.4448 0.0305 0.1326 0.1884 0.0523
165 0.2871 0.6523 0.0205 0.0303 0.0072 0.0024
166 0.2888 0.5439 0.0450 0.0854 0.0319 0.0049
167 0.3674 0.5386 0.0321 0.0375 0.0195 0.0048
168 0.1116 0.6226 0.0195 0.1024 0.0992 0.0447
169 0.1075 0.7886 0.0231 0.0266 0.0287 0.0255
170 0.3318 0.5688 0.0344 0.0453 0.0181 0.0014
171 0.2043 0.6807 0.0316 0.0701 0.0086 0.0046
172 0.1125 0.7510 0.0340 0.0565 0.0303 0.0159
173 0.2167 0.0332 0.1142 0.5889 0.0115 0.0354
174 0.1620 0.6021 0.0665 0.0854 0.0765 0.0078
175 0.0410 0.2734 0.0551 0.4233 0.1113 0.0959
176 0.5459 0.2744 0.0392 0.1256 0.0113 0.0035
177 0.4814 0.1180 0.0132 0.3635 0.0151 0.0088
178 0.2426 0.2279 0.0497 0.4675 0.0085 0.0039
179 0.3335 0.3550 0.0693 0.2365 0.0045 0.0014
180 0.1183 0.2263 0.0690 0.4792 0.0669 0.0403
181 0.1753 0.4880 0.0790 0.2305 0.0161 0.0111
182 0.2306 0.1254 0.1477 0.4731 0.0135 0.0096
183 0.2061 0.6294 0.0418 0.1004 0.0183 0.0039
184 0.1895 0.2715 0.2130 0.2959 0.0132 0.0171
185 0.3892 0.2067 0.1674 0.1674 0.0645 0.0049
186 0.1908 0.3220 0.0394 0.4233 0.0231 0.0015
187 0.2888 0.0232 0.0190 0.6509 0.0148 0.0034
188 0.0667 0.1025 0.2786 0.4055 0.0978 0.0488
189 0.1740 0.1114 0.2778 0.2822 0.1302 0.0243
190 0.3052 0.1924 0.1301 0.3098 0.0555 0.0070
191 0.1038 0.1272 0.0697 0.6509 0.0403 0.0081
192 0.1387 0.3740 0.0188 0.0583 0.4077 0.0024
193 0.1720 0.2727 0.0627 0.2157 0.2683 0.0085
194 0.1493 0.2404 0.1136 0.3638 0.1296 0.0033
195 0.5078 0.1197 0.0903 0.2615 0.0109 0.0098
196 0.5342 0.1790 0.0788 0.0628 0.1438 0.0017
197 0.6138 0.2385 0.0402 0.0799 0.0268 0.0007
198 0.7500 0.1926 0.0225 0.0232 0.0107 0.0011
199 0.6367 0.0548 0.0767 0.2150 0.0162 0.0005
200 0.2939 0.4810 0.0282 0.1501 0.0414 0.0052
201 0.2632 0.1476 0.0938 0.4407 0.0188 0.0362
202 0.3218 0.1351 0.0088 0.4944 0.0095 0.0304
203 0.2583 0.3342 0.0133 0.3557 0.0237 0.0147
204 0.2032 0.0578 0.0931 0.5977 0.0247 0.0237
205 0.4792 0.3071 0.0314 0.0997 0.0795 0.0033
206 0.6479 0.2922 0.0065 0.0231 0.0231 0.0071
207 0.2930 0.2045 0.0789 0.4036 0.0078 0.0124
208 0.8164 0.1522 0.0088 0.0075 0.0122 0.0028
209 0.3857 0.3076 0.0280 0.2358 0.0322 0.0107
210 0.1890 0.0958 0.2705 0.3999 0.0290 0.0159
211 0.4753 0.1567 0.0266 0.2708 0.0336 0.0369
212 0.5977 0.1398 0.0255 0.2098 0.0179 0.0091
213 0.5889 0.2218 0.0205 0.1500 0.0158 0.0030
214 0.4314 0.0444 0.0389 0.4451 0.0166 0.0238
215 0.0640 0.1322 0.0356 0.6875 0.0373 0.0436
216 0.1476 0.4727 0.0655 0.2651 0.0388 0.0101
217 0.5161 0.0992 0.1411 0.2101 0.0245 0.0091
218 0.0889 0.1700 0.0527 0.6724 0.0048 0.0112
219 0.0869 0.2830 0.0829 0.5200 0.0048 0.0222
220 0.5840 0.0848 0.0075 0.3079 0.0065 0.0092
221 0.2729 0.2505 0.0163 0.4500 0.0073 0.0032
222 0.3247 0.4370 0.0245 0.1659 0.0475 0.0004
223 0.3599 0.0737 0.0556 0.4478 0.0200 0.0430
224 0.5415 0.1390 0.0405 0.2578 0.0025 0.0188
225 0.2217 0.2323 0.0506 0.4768 0.0024 0.0162
226 0.1483 0.7075 0.0102 0.1076 0.0254 0.0012
227 0.2142 0.1270 0.0161 0.6250 0.0129 0.0051
228 0.4233 0.1343 0.1671 0.2357 0.0385 0.0010
229 0.1473 0.1508 0.1555 0.4905 0.0214 0.0345
230 0.3264 0.0728 0.0113 0.5640 0.0112 0.0145
231 0.2722 0.2136 0.0863 0.3748 0.0104 0.0427
232 0.0734 0.2727 0.1628 0.3784 0.0474 0.0652
233 0.4644 0.3291 0.0350 0.1416 0.0266 0.0034
234 0.4314 0.3718 0.0431 0.1188 0.0071 0.0278
235 0.3423 0.1183 0.0180 0.4902 0.0127 0.0184
236 0.5024 0.2468 0.0867 0.1185 0.0297 0.0157
237 0.4543 0.2588 0.0319 0.2375 0.0167 0.0006
238 0.5879 0.2549 0.0146 0.1194 0.0212 0.0020
239 0.7544 0.1737 0.0127 0.0397 0.0149 0.0045
240 0.4128 0.1904 0.2524 0.1201 0.0099 0.0144
241 0.1890 0.1085 0.0471 0.5688 0.0418 0.0449
242 0.4968 0.0589 0.0699 0.3108 0.0566 0.0070
243 0.2440 0.0185 0.0414 0.6738 0.0149 0.0074
244 0.4480 0.0476 0.2455 0.2399 0.0151 0.0040
245 0.4062 0.0369 0.2793 0.2583 0.0150 0.0042
246 0.3599 0.0578 0.1925 0.3542 0.0312 0.0045
247 0.1711 0.0322 0.3003 0.4370 0.0233 0.0359
248 0.1136 0.1553 0.1349 0.1288 0.0181 0.4492
