time exciting_prob fearful_prob tense_prob sad_prob relaxing_prob neutral_prob
0 0.1136 0.1553 0.1349 0.1288 0.0181 0.4492
1 0.1052 0.1289 0.2028 0.3672 0.1289 0.0669
2 0.1958 0.1688 0.1840 0.2893 0.0918 0.0704
3 0.1836 0.0802 0.1522 0.4543 0.0403 0.0895
4 0.1366 0.1234 0.2983 0.2150 0.1399 0.0869
5 0.4619 0.3625 0.0945 0.0611 0.0133 0.0067
6 0.2961 0.4048 0.1548 0.1215 0.0145 0.0084
7 0.0973 0.4570 0.2729 0.1580 0.0063 0.0087
8 0.2189 0.4971 0.0805 0.1801 0.0113 0.0121
9 0.8052 0.1124 0.0131 0.0454 0.0186 0.0052
10 0.9312 0.0350 0.0175 0.0024 0.0138 0.0001
11 0.9604 0.0133 0.0161 0.0033 0.0068 0.0001
12 0.4050 0.1549 0.4243 0.0107 0.0027 0.0024
13 0.1094 0.6011 0.2817 0.0046 0.0032 0.0003
14 0.9292 0.0520 0.0156 0.0017 0.0016 0.0000
15 0.1831 0.5728 0.2369 0.0045 0.0024 0.0001
16 0.6504 0.0959 0.2430 0.0087 0.0017 0.0002
17 0.0652 0.1760 0.2091 0.5254 0.0063 0.0177
18 0.0392 0.2661 0.1801 0.4744 0.0352 0.0051
19 0.0183 0.0649 0.7788 0.0901 0.0076 0.0400
20 0.0330 0.2310 0.6948 0.0398 0.0009 0.0006
21 0.0515 0.3713 0.5576 0.0170 0.0019 0.0009
22 0.1357 0.6035 0.2496 0.0045 0.0051 0.0014
23 0.1345 0.5532 0.1958 0.0810 0.0261 0.0093
24 0.0843 0.2942 0.1285 0.3547 0.0195 0.1188
25 0.3567 0.2231 0.0960 0.2285 0.0834 0.0124
26 0.2216 0.3030 0.1031 0.2759 0.0917 0.0049
27 0.4783 0.3064 0.1993 0.0093 0.0052 0.0015
28 0.3826 0.4404 0.1533 0.0072 0.0144 0.0021
29 0.4421 0.1516 0.0143 0.1759 0.0199 0.1962
30 0.0553 0.3284 0.6084 0.0051 0.0017 0.0012
31 0.1351 0.2908 0.5181 0.0521 0.0013 0.0025
32 0.5518 0.4004 0.0446 0.0015 0.0016 0.0001
33 0.3335 0.3992 0.2499 0.0127 0.0021 0.0026
34 0.1238 0.2241 0.5996 0.0418 0.0058 0.0048
35 0.3682 0.0650 0.0681 0.2869 0.0084 0.2034
36 0.0830 0.1564 0.2700 0.2920 0.0038 0.1946
37 0.0724 0.1353 0.3914 0.2649 0.0027 0.1332
38 0.0823 0.0641 0.0836 0.1914 0.0069 0.5718
39 0.3916 0.3796 0.0591 0.1364 0.0206 0.0128
40 0.1140 0.1343 0.1087 0.4541 0.0629 0.1261
41 0.1926 0.2891 0.1584 0.1941 0.1622 0.0036
42 0.0786 0.5713 0.2678 0.0259 0.0553 0.0011
43 0.1027 0.2424 0.4565 0.1201 0.0728 0.0054
44 0.0370 0.0997 0.8091 0.0266 0.0260 0.0018
45 0.0817 0.1227 0.6841 0.0213 0.0897 0.0005
46 0.0806 0.2793 0.5425 0.0205 0.0770 0.0002
47 0.1070 0.1021 0.2776 0.4167 0.0634 0.0331
48 0.2266 0.1037 0.3025 0.1509 0.1953 0.0211
49 0.0298 0.2238 0.6475 0.0963 0.0017 0.0010
50 0.1987 0.4583 0.1699 0.1660 0.0065 0.0005
51 0.1685 0.5190 0.2778 0.0271 0.0073 0.0003
52 0.4043 0.1559 0.0875 0.2866 0.0295 0.0362
53 0.1923 0.2710 0.3481 0.1724 0.0084 0.0078
54 0.3770 0.2590 0.1141 0.1956 0.0539 0.0004
55 0.2164 0.4172 0.1047 0.1713 0.0881 0.0023
56 0.2034 0.3354 0.3149 0.0999 0.0420 0.0043
57 0.8096 0.0314 0.0468 0.1046 0.0059 0.0018
58 0.9526 0.0252 0.0069 0.0072 0.0076 0.0002
59 0.0667 0.2136 0.5454 0.1492 0.0109 0.0141
60 0.0656 0.3521 0.5449 0.0249 0.0112 0.0011
61 0.0613 0.5337 0.3904 0.0066 0.0077 0.0003
62 0.0780 0.4705 0.4419 0.0035 0.0060 0.0002
63 0.2255 0.5894 0.0503 0.0421 0.0911 0.0015
64 0.1005 0.5825 0.0966 0.0873 0.1290 0.0041
65 0.1074 0.5942 0.1785 0.0484 0.0704 0.0008
66 0.0843 0.6035 0.2037 0.0296 0.0786 0.0003
67 0.1083 0.6279 0.1539 0.0259 0.0837 0.0004
68 0.0854 0.0565 0.1987 0.5752 0.0784 0.0058
69 0.0912 0.0934 0.4631 0.2170 0.1327 0.0024
70 0.0352 0.0799 0.8320 0.0484 0.0030 0.0013
71 0.1484 0.2094 0.3701 0.2563 0.0096 0.0060
72 0.0793 0.1200 0.7236 0.0734 0.0027 0.0013
73 0.1458 0.2366 0.5498 0.0125 0.0308 0.0245
74 0.2981 0.0742 0.2322 0.1851 0.1396 0.0708
75 0.5498 0.1379 0.2832 0.0170 0.0109 0.0011
76 0.1289 0.3530 0.1361 0.0996 0.2815 0.0008
77 0.0787 0.7295 0.1191 0.0123 0.0603 0.0002
78 0.0898 0.6138 0.1759 0.0041 0.1163 0.0001
79 0.0817 0.6675 0.1367 0.0241 0.0897 0.0002
80 0.0840 0.6558 0.1582 0.0388 0.0624 0.0006
81 0.2856 0.0500 0.5728 0.0096 0.0800 0.0019
82 0.1833 0.0456 0.2126 0.0114 0.5386 0.0082
83 0.0211 0.2068 0.7686 0.0030 0.0003 0.0003
84 0.0971 0.2499 0.6431 0.0026 0.0072 0.0002
85 0.1801 0.0311 0.7124 0.0346 0.0173 0.0246
86 0.3555 0.1666 0.4746 0.0017 0.0013 0.0002
87 0.0781 0.0418 0.6963 0.0878 0.0700 0.0262
88 0.6392 0.0339 0.1415 0.0581 0.1164 0.0108
89 0.6558 0.0432 0.1242 0.0560 0.0765 0.0443
90 0.0490 0.7534 0.0820 0.0996 0.0154 0.0005
91 0.0494 0.2181 0.1080 0.5928 0.0146 0.0170
92 0.1744 0.2578 0.2040 0.3110 0.0462 0.0064
93 0.3342 0.3140 0.1667 0.1019 0.0812 0.0022
94 0.1030 0.4546 0.4407 0.0015 0.0003 0.0000
95 0.0809 0.3889 0.2286 0.2590 0.0307 0.0117
96 0.1222 0.5649 0.2338 0.0339 0.0439 0.0010
97 0.1896 0.4238 0.3174 0.0483 0.0198 0.0010
98 0.4324 0.2583 0.3018 0.0026 0.0045 0.0005
99 0.3992 0.1814 0.4150 0.0015 0.0020 0.0007
100 0.3638 0.1403 0.3752 0.0891 0.0113 0.0205
101 0.2312 0.0979 0.3933 0.2462 0.0067 0.0246
102 0.3928 0.2920 0.3059 0.0025 0.0058 0.0010
103 0.0953 0.2003 0.5889 0.0924 0.0020 0.0211
104 0.2333 0.3447 0.4094 0.0032 0.0070 0.0022
105 0.3176 0.2417 0.4275 0.0032 0.0073 0.0027
106 0.0345 0.2527 0.6602 0.0334 0.0062 0.0132
107 0.0809 0.1355 0.4512 0.2913 0.0100 0.0309
108 0.1061 0.5688 0.3069 0.0132 0.0022 0.0027
109 0.3411 0.2135 0.4312 0.0038 0.0059 0.0044
110 0.1836 0.1780 0.5747 0.0221 0.0200 0.0218
111 0.0802 0.1558 0.5791 0.1608 0.0015 0.0228
112 0.3733 0.3071 0.3000 0.0029 0.0121 0.0043
113 0.1074 0.3494 0.5083 0.0269 0.0043 0.0039
114 0.1231 0.0859 0.4907 0.0600 0.0192 0.2212
115 0.0363 0.1348 0.6685 0.0298 0.0062 0.1246
116 0.0441 0.2102 0.5454 0.0786 0.0103 0.1116
117 0.2629 0.2180 0.5029 0.0042 0.0089 0.0029
118 0.3848 0.2446 0.3560 0.0027 0.0107 0.0011
119 0.4470 0.2301 0.3049 0.0029 0.0122 0.0027
120 0.4854 0.2539 0.0971 0.1492 0.0139 0.0005
121 0.0129 0.2524 0.6650 0.0399 0.0015 0.0281
122 0.0125 0.1853 0.6675 0.0875 0.0004 0.0468
123 0.4209 0.2184 0.3103 0.0064 0.0414 0.0026
124 0.0452 0.2725 0.5166 0.1392 0.0006 0.0259
125 0.0208 0.2256 0.5498 0.1526 0.0002 0.0511
126 0.2522 0.1732 0.3813 0.1589 0.0056 0.0287
127 0.4014 0.3831 0.1971 0.0019 0.0159 0.0005
128 0.3323 0.1953 0.3074 0.1451 0.0195 0.0003
129 0.0800 0.6392 0.2388 0.0276 0.0047 0.0098
130 0.2264 0.1556 0.4165 0.1520 0.0356 0.0140
131 0.0370 0.1187 0.7046 0.1205 0.0010 0.0183
132 0.5488 0.0961 0.2454 0.0472 0.0221 0.0407
133 0.0267 0.6670 0.1283 0.1687 0.0030 0.0063
134 0.1677 0.4216 0.2170 0.1842 0.0011 0.0085
135 0.4731 0.3008 0.2084 0.0038 0.0127 0.0011
136 0.0459 0.5864 0.3530 0.0133 0.0008 0.0005
137 0.1799 0.5288 0.2366 0.0444 0.0075 0.0027
138 0.1176 0.7314 0.1451 0.0028 0.0028 0.0000
139 0.0123 0.3701 0.6006 0.0164 0.0002 0.0004
140 0.0346 0.5854 0.2944 0.0786 0.0022 0.0048
141 0.1259 0.6963 0.1448 0.0290 0.0022 0.0019
142 0.1869 0.6626 0.1444 0.0043 0.0017 0.0002
143 0.0588 0.1914 0.7227 0.0084 0.0132 0.0056
144 0.1214 0.5977 0.2340 0.0208 0.0164 0.0097
145 0.2783 0.1769 0.5117 0.0078 0.0218 0.0036
146 0.7510 0.0856 0.1049 0.0049 0.0532 0.0004
147 0.0534 0.6460 0.2913 0.0070 0.0021 0.0002
148 0.3311 0.4216 0.2366 0.0014 0.0069 0.0025
149 0.3218 0.3943 0.2524 0.0075 0.0105 0.0136
150 0.1836 0.5273 0.1793 0.0731 0.0155 0.0213
151 0.1321 0.6255 0.1241 0.0967 0.0175 0.0043
152 0.1304 0.2939 0.3008 0.2494 0.0085 0.0170
153 0.3455 0.1332 0.4646 0.0284 0.0199 0.0085
154 0.0957 0.3447 0.5298 0.0146 0.0084 0.0070
155 0.2129 0.1545 0.5698 0.0348 0.0212 0.0068
156 0.2822 0.1956 0.5151 0.0017 0.0037 0.0014
157 0.1981 0.2666 0.3093 0.0794 0.0432 0.1036
158 0.3152 0.2399 0.3152 0.0848 0.0276 0.0171
159 0.3284 0.1479 0.3899 0.0566 0.0315 0.0458
160 0.0304 0.4126 0.5381 0.0107 0.0060 0.0019
161 0.3857 0.1986 0.3979 0.0041 0.0116 0.0020
162 0.2250 0.3027 0.4546 0.0060 0.0061 0.0055
163 0.2051 0.2571 0.5034 0.0143 0.0122 0.0078
164 0.0142 0.5791 0.2822 0.0687 0.0038 0.0518
165 0.0090 0.5791 0.3149 0.0703 0.0022 0.0243
166 0.2693 0.1647 0.5571 0.0039 0.0037 0.0013
167 0.3240 0.1694 0.5020 0.0012 0.0034 0.0004
168 0.3433 0.2695 0.3799 0.0017 0.0051 0.0006
169 0.2717 0.1304 0.5444 0.0230 0.0157 0.0150
170 0.2607 0.1332 0.5698 0.0107 0.0239 0.0016
171 0.2056 0.3469 0.3579 0.0102 0.0792 0.0004
172 0.1121 0.2300 0.3882 0.0165 0.2527 0.0006
173 0.0822 0.1124 0.6992 0.0113 0.0947 0.0001
174 0.0668 0.1329 0.7651 0.0017 0.0336 0.0001
175 0.1744 0.1010 0.3086 0.3337 0.0200 0.0622
176 0.0782 0.1069 0.6860 0.0509 0.0758 0.0021
177 0.0403 0.1105 0.1940 0.5273 0.1233 0.0049
178 0.1798 0.2152 0.5757 0.0042 0.0249 0.0001
179 0.1555 0.1103 0.6807 0.0342 0.0186 0.0006
180 0.0305 0.0579 0.4084 0.4414 0.0598 0.0020
181 0.0302 0.1087 0.5186 0.2910 0.0506 0.0008
182 0.1243 0.3918 0.2869 0.1647 0.0159 0.0164
183 0.1586 0.1215 0.5488 0.1098 0.0461 0.0150
184 0.2620 0.2854 0.3965 0.0067 0.0488 0.0006
185 0.6304 0.1096 0.1849 0.0416 0.0224 0.0108
186 0.3813 0.3499 0.2500 0.0052 0.0135 0.0001
187 0.5449 0.2783 0.0954 0.0583 0.0230 0.0003
188 0.7803 0.0345 0.1537 0.0203 0.0108 0.0002
189 0.1803 0.0879 0.3699 0.2727 0.0369 0.0521
190 0.1927 0.0345 0.5156 0.1432 0.0407 0.0731
191 0.6284 0.1237 0.1917 0.0336 0.0210 0.0017
192 0.1758 0.0637 0.5088 0.2188 0.0310 0.0022
193 0.7197 0.1175 0.1175 0.0117 0.0331 0.0005
194 0.4646 0.1848 0.1184 0.2230 0.0088 0.0003
195 0.4124 0.3040 0.2622 0.0121 0.0092 0.0002
196 0.7261 0.1659 0.0874 0.0143 0.0061 0.0001
197 0.1152 0.1677 0.2830 0.4023 0.0197 0.0121
198 0.1777 0.2690 0.3145 0.2230 0.0101 0.0057
199 0.6880 0.1560 0.1215 0.0070 0.0269 0.0005
200 0.0994 0.0515 0.5630 0.2310 0.0167 0.0386
201 0.2607 0.0538 0.3738 0.1385 0.0173 0.1558
202 0.4744 0.2991 0.2089 0.0127 0.0048 0.0002
203 0.1024 0.0855 0.3862 0.3923 0.0055 0.0280
204 0.4849 0.2152 0.0786 0.1216 0.0225 0.0773
205 0.4543 0.2064 0.3049 0.0138 0.0168 0.0036
206 0.0870 0.3335 0.4119 0.1562 0.0045 0.0070
207 0.6758 0.1373 0.1260 0.0486 0.0098 0.0023
208 0.8945 0.0285 0.0393 0.0160 0.0201 0.0016
209 0.1478 0.2495 0.5894 0.0070 0.0048 0.0017
210 0.4424 0.1903 0.3210 0.0099 0.0336 0.0028
211 0.2939 0.3176 0.3303 0.0385 0.0138 0.0057
212 0.1377 0.3545 0.4695 0.0320 0.0036 0.0029
213 0.1066 0.3311 0.4778 0.0318 0.0386 0.0143
214 0.2419 0.2477 0.2086 0.0651 0.0553 0.1813
215 0.5845 0.1254 0.2676 0.0102 0.0110 0.0016
216 0.6553 0.2410 0.0833 0.0126 0.0076 0.0004
217 0.0271 0.0901 0.8291 0.0149 0.0073 0.0316
218 0.2119 0.1152 0.4084 0.0779 0.0732 0.1134
219 0.1299 0.1383 0.4717 0.0659 0.0663 0.1279
220 0.5747 0.2590 0.1442 0.0111 0.0105 0.0004
221 0.9824 0.0068 0.0040 0.0035 0.0034 0.0001
222 0.9199 0.0203 0.0317 0.0080 0.0192 0.0009
223 0.8042 0.0676 0.1063 0.0130 0.0081 0.0008
224 0.5024 0.0147 0.0184 0.4038 0.0475 0.0129
225 0.2629 0.1498 0.1185 0.2048 0.0654 0.1985
