time exciting_prob fearful_prob tense_prob sad_prob relaxing_prob neutral_prob
0 0.1136 0.1553 0.1349 0.1288 0.0181 0.4492
1 0.0536 0.0652 0.6436 0.0652 0.1577 0.0149
2 0.1011 0.0613 0.4709 0.0734 0.2856 0.0077
3 0.1842 0.5674 0.1379 0.0207 0.0122 0.0774
4 0.1758 0.1871 0.4780 0.0667 0.0185 0.0739
5 0.1707 0.2175 0.1393 0.0892 0.0717 0.3115
6 0.1384 0.3071 0.1532 0.0685 0.0373 0.2954
7 0.3364 0.1135 0.3364 0.1092 0.0448 0.0598
8 0.1238 0.1119 0.7070 0.0320 0.0093 0.0160
9 0.1394 0.1709 0.5869 0.0505 0.0268 0.0252
10 0.1443 0.1466 0.5889 0.0917 0.0085 0.0198
11 0.1439 0.0614 0.3047 0.4067 0.0221 0.0614
12 0.1909 0.2693 0.1633 0.0591 0.1487 0.1686
13 0.0872 0.2369 0.3640 0.2463 0.0227 0.0428
14 0.0283 0.0424 0.5288 0.2922 0.0948 0.0132
15 0.0537 0.0428 0.5601 0.1416 0.1935 0.0086
16 0.2053 0.1959 0.1729 0.0755 0.1514 0.1990
17 0.1577 0.3555 0.1163 0.1257 0.1209 0.1238
18 0.1157 0.4070 0.2014 0.0436 0.1764 0.0559
19 0.1609 0.3225 0.2983 0.0332 0.1741 0.0109
20 0.1365 0.1442 0.2032 0.0471 0.4509 0.0180
21 0.1718 0.1515 0.5630 0.0383 0.0386 0.0368
22 0.0896 0.6670 0.0903 0.0337 0.0611 0.0583
23 0.0498 0.0610 0.0582 0.1312 0.1559 0.5439
24 0.2014 0.1619 0.1300 0.0439 0.3647 0.0981
25 0.2045 0.2710 0.0456 0.0712 0.2229 0.1848
26 0.0539 0.0539 0.7681 0.0150 0.1072 0.0019
27 0.1190 0.3362 0.1208 0.0727 0.1359 0.2155
28 0.0790 0.3379 0.3379 0.1753 0.0436 0.0265
29 0.1261 0.0840 0.1937 0.4504 0.0356 0.1104
30 0.0508 0.2793 0.3728 0.2625 0.0057 0.0290
31 0.1326 0.1125 0.0598 0.2086 0.0843 0.4021
32 0.1512 0.1838 0.1151 0.1548 0.0569 0.3381
33 0.3010 0.0842 0.3203 0.1663 0.0491 0.0791
34 0.1570 0.1140 0.5186 0.1122 0.0353 0.0629
35 0.0666 0.1235 0.0829 0.0804 0.1466 0.5000
36 0.0972 0.2369 0.1934 0.1437 0.1733 0.1554
37 0.2057 0.2122 0.3608 0.0255 0.1732 0.0225
38 0.0352 0.3315 0.2642 0.2812 0.0097 0.0781
39 0.1296 0.2786 0.2681 0.1976 0.0328 0.0933
40 0.0453 0.0861 0.0975 0.1088 0.0834 0.5791
41 0.0837 0.1716 0.0891 0.1227 0.1401 0.3928
42 0.0424 0.2852 0.2852 0.3059 0.0084 0.0727
43 0.1317 0.1931 0.6431 0.0105 0.0140 0.0074
44 0.1604 0.1309 0.2334 0.1268 0.1580 0.1904
45 0.1195 0.0286 0.0348 0.1659 0.1711 0.4800
46 0.0730 0.7490 0.1570 0.0086 0.0073 0.0049
47 0.0685 0.3423 0.4753 0.0659 0.0229 0.0250
48 0.1847 0.0908 0.6152 0.0099 0.0859 0.0134
49 0.7314 0.0522 0.1582 0.0450 0.0089 0.0046
50 0.0684 0.0642 0.0558 0.3210 0.1692 0.3210
51 0.1282 0.0605 0.6611 0.1006 0.0450 0.0048
52 0.0627 0.1903 0.0554 0.2642 0.0549 0.3726
53 0.0799 0.3062 0.0750 0.1058 0.0750 0.3579
54 0.0941 0.0705 0.2722 0.5088 0.0102 0.0444
55 0.1985 0.0416 0.5229 0.1301 0.0789 0.0281
56 0.0715 0.1041 0.3867 0.3928 0.0272 0.0174
57 0.0748 0.1686 0.0834 0.1283 0.0902 0.4546
58 0.4231 0.1848 0.1710 0.1271 0.0741 0.0198
59 0.1973 0.0332 0.2825 0.3984 0.0454 0.0433
60 0.0827 0.2468 0.1658 0.0639 0.1697 0.2712
61 0.1310 0.1129 0.5645 0.0339 0.0326 0.1250
62 0.2109 0.0412 0.2927 0.3369 0.0309 0.0872
63 0.0468 0.0582 0.0901 0.1005 0.0887 0.6157
64 0.0934 0.1027 0.0751 0.0775 0.1615 0.4897
65 0.1102 0.1102 0.1211 0.1094 0.1361 0.4128
66 0.0297 0.2194 0.1555 0.5430 0.0217 0.0306
67 0.0601 0.0797 0.4656 0.3684 0.0189 0.0073
68 0.1205 0.0861 0.4583 0.1686 0.0861 0.0803
69 0.0639 0.1406 0.7485 0.0176 0.0089 0.0204
70 0.1769 0.1727 0.2184 0.1064 0.1742 0.1512
71 0.0945 0.0841 0.6465 0.0312 0.1214 0.0225
72 0.2037 0.2764 0.1170 0.0465 0.2659 0.0905
73 0.0674 0.0387 0.0328 0.1415 0.2407 0.4788
74 0.0734 0.0728 0.0313 0.1436 0.1932 0.4858
75 0.1603 0.2583 0.3640 0.0294 0.1654 0.0226
76 0.5137 0.1004 0.1506 0.1120 0.0966 0.0266
77 0.1942 0.2761 0.4146 0.0484 0.0458 0.0210
78 0.1276 0.1703 0.5806 0.0234 0.0194 0.0786
79 0.2463 0.2042 0.4822 0.0184 0.0402 0.0086
80 0.0947 0.0760 0.1024 0.1797 0.2417 0.3057
81 0.0676 0.0569 0.5400 0.2937 0.0163 0.0253
82 0.0596 0.1105 0.0391 0.1925 0.0991 0.4993
83 0.0399 0.7417 0.0550 0.0517 0.0238 0.0879
84 0.4817 0.0622 0.1677 0.0673 0.2189 0.0022
85 0.6548 0.1069 0.0936 0.0306 0.1028 0.0111
86 0.5889 0.1926 0.0714 0.0335 0.0803 0.0335
87 0.1198 0.1664 0.2700 0.0811 0.2617 0.1009
88 0.0776 0.1036 0.1351 0.0928 0.1120 0.4790
89 0.1043 0.1288 0.6001 0.1448 0.0124 0.0093
90 0.4290 0.1229 0.2856 0.0728 0.0632 0.0266
91 0.6318 0.0518 0.2100 0.0656 0.0253 0.0156
92 0.5127 0.0162 0.1256 0.2991 0.0185 0.0280
93 0.5776 0.0859 0.0951 0.0845 0.1438 0.0129
94 0.2854 0.1180 0.1075 0.1092 0.1626 0.2172
95 0.2316 0.1580 0.1020 0.1681 0.0958 0.2446
96 0.2563 0.1450 0.4036 0.0669 0.0951 0.0331
97 0.2974 0.1361 0.2427 0.1329 0.1554 0.0355
98 0.0597 0.1421 0.0836 0.2100 0.0602 0.4446
99 0.1705 0.3340 0.3696 0.0240 0.0757 0.0262
100 0.1758 0.3608 0.0978 0.0462 0.1814 0.1379
101 0.1194 0.0233 0.2910 0.5029 0.0327 0.0307
102 0.0690 0.1221 0.4297 0.3293 0.0135 0.0364
103 0.0521 0.2795 0.2194 0.3789 0.0164 0.0537
104 0.0616 0.1433 0.5122 0.2382 0.0071 0.0377
105 0.1263 0.0924 0.2891 0.3953 0.0203 0.0766
106 0.1781 0.3433 0.1674 0.1957 0.0784 0.0370
107 0.1238 0.1888 0.2462 0.1859 0.0913 0.1641
108 0.1013 0.1384 0.6104 0.0614 0.0746 0.0138
109 0.2333 0.3503 0.3447 0.0070 0.0554 0.0093
110 0.1202 0.1617 0.6704 0.0228 0.0163 0.0090
111 0.0994 0.3362 0.3496 0.0508 0.1338 0.0303
112 0.1249 0.3669 0.2925 0.0459 0.0957 0.0740
113 0.0870 0.1118 0.7231 0.0118 0.0598 0.0063
114 0.1471 0.1068 0.5342 0.0764 0.1060 0.0297
115 0.0899 0.6099 0.1339 0.0684 0.0638 0.0344
116 0.0607 0.4148 0.2135 0.1107 0.0548 0.1456
117 0.1333 0.1407 0.1079 0.3767 0.0983 0.1429
118 0.1205 0.2217 0.1987 0.1263 0.0910 0.2416
119 0.1853 0.2551 0.1031 0.0450 0.3516 0.0597
120 0.2317 0.0299 0.1777 0.2487 0.1936 0.1183
121 0.1809 0.0842 0.3101 0.2847 0.0498 0.0903
122 0.1864 0.2213 0.4541 0.0460 0.0596 0.0327
123 0.2227 0.1288 0.2388 0.1846 0.1681 0.0572
124 0.2197 0.1385 0.3979 0.0373 0.1969 0.0097
125 0.1266 0.0405 0.6235 0.1370 0.0346 0.0380
126 0.0673 0.0244 0.8193 0.0448 0.0173 0.0270
127 0.1406 0.0951 0.0160 0.1670 0.0591 0.5225
128 0.1116 0.2805 0.1410 0.1624 0.0472 0.2573
129 0.2468 0.0624 0.4949 0.1096 0.0568 0.0295
130 0.0813 0.1165 0.6396 0.0966 0.0453 0.0210
131 0.7412 0.0500 0.1027 0.0326 0.0717 0.0017
132 0.1627 0.2278 0.2090 0.1136 0.1163 0.1705
133 0.1351 0.0853 0.0833 0.1520 0.2300 0.3142
134 0.1556 0.0388 0.3765 0.3071 0.0685 0.0534
135 0.0795 0.2061 0.4431 0.1405 0.0776 0.0533
136 0.0654 0.4202 0.4336 0.0475 0.0288 0.0046
137 0.1406 0.0391 0.6108 0.1290 0.0568 0.0235
138 0.1794 0.0569 0.1476 0.5356 0.0209 0.0592
139 0.0457 0.0753 0.0826 0.5186 0.0989 0.1792
140 0.1957 0.1047 0.1648 0.2593 0.1031 0.1726
141 0.0914 0.0470 0.3115 0.4534 0.0276 0.0690
142 0.2003 0.1215 0.5444 0.0621 0.0365 0.0351
143 0.2046 0.2411 0.4265 0.0413 0.0670 0.0195
144 0.0947 0.0162 0.6172 0.2201 0.0365 0.0151
145 0.1111 0.0135 0.3845 0.3906 0.0500 0.0500
146 0.0934 0.1470 0.1118 0.1528 0.0793 0.4155
147 0.3667 0.0068 0.0705 0.4563 0.0270 0.0728
148 0.1140 0.3484 0.2001 0.1030 0.0312 0.2032
149 0.1479 0.0274 0.1276 0.6274 0.0121 0.0575
150 0.2434 0.0385 0.5659 0.1006 0.0191 0.0324
151 0.1398 0.0239 0.1453 0.5659 0.0271 0.0983
152 0.0500 0.0485 0.7588 0.1278 0.0111 0.0035
153 0.0188 0.2444 0.2483 0.4565 0.0256 0.0064
154 0.1499 0.0961 0.4238 0.2913 0.0147 0.0241
155 0.1368 0.2830 0.1274 0.0503 0.2656 0.1368
156 0.0930 0.1261 0.1354 0.1071 0.2607 0.2776
157 0.0693 0.1661 0.1377 0.0743 0.1216 0.4309
158 0.3406 0.0319 0.3005 0.1852 0.0731 0.0687
159 0.1141 0.1511 0.6167 0.0472 0.0574 0.0135
160 0.2769 0.1268 0.3315 0.2208 0.0290 0.0150
161 0.0696 0.1183 0.2111 0.1593 0.1749 0.2668
162 0.0844 0.1118 0.5591 0.1932 0.0185 0.0331
163 0.0456 0.1427 0.1721 0.1094 0.0839 0.4463
164 0.1365 0.0841 0.0578 0.3540 0.1046 0.2629
165 0.0701 0.0943 0.0418 0.1630 0.0533 0.5776
166 0.2854 0.2274 0.2681 0.0963 0.0994 0.0236
167 0.0724 0.0387 0.5605 0.0649 0.1791 0.0846
168 0.2500 0.0276 0.2520 0.3904 0.0576 0.0225
169 0.1115 0.1726 0.1572 0.1726 0.1572 0.2288
170 0.1614 0.1247 0.1199 0.5010 0.0197 0.0733
171 0.0904 0.1099 0.1216 0.1433 0.1235 0.4114
172 0.0688 0.1346 0.1368 0.1433 0.2401 0.2764
173 0.0820 0.0221 0.2688 0.5825 0.0107 0.0341
174 0.0917 0.0597 0.4375 0.3657 0.0332 0.0121
175 0.0768 0.0095 0.6631 0.1758 0.0194 0.0553
176 0.0900 0.1735 0.4360 0.1044 0.0633 0.1329
177 0.2849 0.2184 0.3833 0.0410 0.0602 0.0123
178 0.0709 0.0123 0.6831 0.1838 0.0273 0.0223
179 0.2329 0.2240 0.4353 0.0287 0.0622 0.0169
180 0.1140 0.1122 0.7095 0.0209 0.0342 0.0094
181 0.0443 0.2693 0.2693 0.1659 0.0348 0.2164
182 0.1093 0.1425 0.0934 0.0898 0.0678 0.4973
183 0.0922 0.0900 0.3879 0.0237 0.4004 0.0057
184 0.1218 0.0222 0.4524 0.2499 0.0673 0.0864
185 0.0948 0.0289 0.5205 0.0750 0.0149 0.2659
186 0.0128 0.6636 0.2766 0.0233 0.0075 0.0161
187 0.0558 0.4495 0.3237 0.0643 0.0878 0.0188
188 0.2114 0.0309 0.3198 0.2181 0.0778 0.1420
189 0.1978 0.2277 0.1787 0.0418 0.2405 0.1136
190 0.1052 0.1669 0.1211 0.0813 0.2505 0.2751
191 0.3074 0.3123 0.2489 0.0464 0.0596 0.0254
192 0.1422 0.1663 0.4851 0.0905 0.0830 0.0330
193 0.1871 0.4561 0.1744 0.0227 0.0919 0.0678
194 0.1799 0.3899 0.2291 0.0641 0.0444 0.0926
195 0.1136 0.1553 0.1349 0.1288 0.0181 0.4492
