time exciting_prob fearful_prob tense_prob sad_prob relaxing_prob neutral_prob
0 0.2037 0.0933 0.1255 0.2920 0.0850 0.2006
1 0.1774 0.0775 0.0995 0.2500 0.0642 0.3313
2 0.1898 0.1411 0.1226 0.2400 0.0667 0.2400
3 0.1100 0.0481 0.1118 0.4934 0.0037 0.2330
4 0.1530 0.1530 0.2927 0.2010 0.0242 0.1761
5 0.1025 0.1676 0.2700 0.0919 0.0130 0.3550
6 0.0786 0.1179 0.2308 0.1526 0.0119 0.4082
7 0.1456 0.1445 0.2917 0.1074 0.0211 0.2896
8 0.0858 0.1666 0.1759 0.0972 0.0147 0.4600
9 0.1031 0.3005 0.3489 0.0611 0.0178 0.1687
10 0.0809 0.1302 0.2234 0.1088 0.0125 0.4441
11 0.1154 0.1414 0.2925 0.1482 0.0191 0.2834
12 0.1732 0.2854 0.4597 0.0177 0.0123 0.0516
13 0.1725 0.2671 0.4617 0.0157 0.0245 0.0587
14 0.1288 0.2791 0.4934 0.0138 0.0122 0.0728
15 0.1586 0.2827 0.5117 0.0110 0.0109 0.0249
16 0.1176 0.1893 0.3350 0.1271 0.0248 0.2063
17 0.1979 0.2173 0.3813 0.0384 0.0226 0.1426
18 0.1089 0.0862 0.4048 0.3057 0.0263 0.0682
19 0.1392 0.0898 0.3843 0.2642 0.0225 0.1002
20 0.1885 0.0327 0.3206 0.2786 0.0182 0.1613
21 0.1598 0.0984 0.4412 0.1810 0.0130 0.1064
22 0.1755 0.0602 0.2327 0.3718 0.0273 0.1326
23 0.1587 0.0232 0.2239 0.4739 0.0285 0.0919
24 0.1451 0.0391 0.2976 0.3765 0.0339 0.1078
25 0.1034 0.0473 0.2295 0.2947 0.0116 0.3137
26 0.3455 0.0370 0.2128 0.2690 0.0498 0.0860
27 0.1087 0.1510 0.3428 0.1364 0.0083 0.2529
28 0.1793 0.1725 0.3247 0.1849 0.0264 0.1122
29 0.2206 0.1370 0.1917 0.1962 0.0144 0.2404
30 0.1849 0.1475 0.2338 0.2079 0.0307 0.1953
31 0.0760 0.0616 0.3328 0.1941 0.0131 0.3225
32 0.0884 0.1539 0.3901 0.1600 0.0129 0.1946
33 0.1368 0.1180 0.3059 0.1625 0.0151 0.2617
34 0.1478 0.0883 0.2783 0.1990 0.0186 0.2678
35 0.1304 0.0778 0.2435 0.2551 0.0130 0.2803
36 0.1418 0.0860 0.1724 0.3171 0.0198 0.2629
37 0.1572 0.0976 0.2869 0.2937 0.0146 0.1500
38 0.1727 0.0552 0.2474 0.4275 0.0198 0.0773
39 0.1919 0.0695 0.2371 0.3240 0.0196 0.1578
40 0.1552 0.1033 0.1901 0.2922 0.0227 0.2366
41 0.1914 0.0970 0.2070 0.3108 0.0141 0.1798
42 0.2529 0.1194 0.3738 0.1364 0.0089 0.1088
43 0.1954 0.1851 0.2844 0.1547 0.0171 0.1633
44 0.1948 0.2208 0.3728 0.0512 0.0086 0.1517
45 0.2935 0.1620 0.3003 0.1418 0.0197 0.0828
46 0.1067 0.2368 0.3726 0.0695 0.0089 0.2057
47 0.0688 0.1074 0.3867 0.0562 0.0059 0.3750
48 0.0905 0.1285 0.3013 0.0792 0.0074 0.3931
49 0.1190 0.1801 0.2661 0.2462 0.0055 0.1830
50 0.0682 0.2151 0.2676 0.1702 0.0111 0.2676
51 0.1418 0.1271 0.3147 0.2529 0.0149 0.1487
52 0.1681 0.0474 0.3560 0.2996 0.0285 0.1004
53 0.0766 0.2593 0.3276 0.1039 0.0110 0.2217
54 0.0852 0.1748 0.3115 0.1860 0.0163 0.2262
55 0.0820 0.1670 0.4297 0.0776 0.0102 0.2336
56 0.0774 0.0934 0.3811 0.1153 0.0094 0.3235
57 0.0789 0.1969 0.3511 0.1271 0.0140 0.2321
58 0.1266 0.0699 0.4116 0.1207 0.0310 0.2401
59 0.0883 0.0527 0.1943 0.3926 0.0087 0.2634
60 0.0798 0.0710 0.1857 0.3442 0.0108 0.3086
61 0.1282 0.0923 0.2690 0.1879 0.0450 0.2776
62 0.1741 0.2435 0.3984 0.0726 0.0515 0.0602
63 0.1781 0.1420 0.2915 0.1039 0.1713 0.1132
64 0.2043 0.2903 0.3115 0.0489 0.0858 0.0590
65 0.0825 0.2090 0.3999 0.1482 0.0168 0.1437
66 0.0869 0.1388 0.3772 0.1432 0.0064 0.2474
67 0.1266 0.0657 0.2223 0.2598 0.0096 0.3159
68 0.1383 0.1260 0.2708 0.1891 0.0133 0.2625
69 0.1019 0.1371 0.2406 0.1667 0.0169 0.3367
70 0.1324 0.1512 0.3203 0.1016 0.0184 0.2761
71 0.1192 0.2028 0.3530 0.0879 0.0107 0.2262
72 0.1230 0.2524 0.3789 0.0449 0.0104 0.1906
73 0.1212 0.2300 0.3677 0.0609 0.0091 0.2111
74 0.1100 0.3899 0.2328 0.0779 0.0178 0.1716
75 0.2029 0.2839 0.2448 0.1020 0.0292 0.1373
76 0.2369 0.2856 0.3474 0.0493 0.0204 0.0604
77 0.1414 0.2223 0.3418 0.0905 0.0169 0.1873
78 0.1794 0.2632 0.3770 0.0569 0.0078 0.1158
79 0.1418 0.0916 0.2048 0.1522 0.0267 0.3828
80 0.2201 0.0803 0.4243 0.0552 0.0487 0.1714
81 0.1301 0.0945 0.3511 0.2302 0.0204 0.1737
82 0.1919 0.1530 0.3613 0.1426 0.0301 0.1210
83 0.1137 0.0658 0.3787 0.1816 0.0157 0.2445
84 0.0967 0.1440 0.4233 0.1070 0.0095 0.2196
85 0.1205 0.0923 0.3711 0.1865 0.0214 0.2081
86 0.1693 0.0800 0.2683 0.2522 0.0194 0.2107
87 0.1147 0.0801 0.2729 0.2688 0.0207 0.2428
88 0.1365 0.1409 0.2340 0.2131 0.0185 0.2571
89 0.1019 0.1482 0.3816 0.0988 0.0115 0.2581
90 0.0938 0.2866 0.2866 0.0707 0.0135 0.2489
91 0.1260 0.2229 0.5474 0.0309 0.0122 0.0605
92 0.2800 0.2529 0.3594 0.0269 0.0388 0.0419
93 0.2314 0.2445 0.3613 0.0638 0.0512 0.0478
94 0.1749 0.1044 0.2952 0.2045 0.0164 0.2045
95 0.1508 0.2688 0.4644 0.0412 0.0238 0.0513
96 0.3127 0.2825 0.3489 0.0206 0.0267 0.0085
97 0.2896 0.3132 0.3281 0.0191 0.0343 0.0157
98 0.1892 0.0930 0.3591 0.1833 0.0391 0.1364
99 0.1797 0.1467 0.5322 0.0401 0.0188 0.0823
100 0.1498 0.2489 0.3887 0.1375 0.0132 0.0620
101 0.1131 0.0777 0.2321 0.4473 0.0168 0.1131
102 0.1123 0.1597 0.3569 0.2454 0.0305 0.0953
103 0.2219 0.0476 0.1959 0.4148 0.0229 0.0970
104 0.2007 0.2153 0.3606 0.1180 0.0177 0.0877
105 0.1359 0.1718 0.3389 0.0927 0.0128 0.2479
106 0.2092 0.1860 0.4033 0.0679 0.0142 0.1192
107 0.2214 0.3738 0.3076 0.0340 0.0168 0.0464
108 0.1891 0.1183 0.3372 0.1776 0.0084 0.1696
109 0.1393 0.1890 0.4031 0.0950 0.0183 0.1554
110 0.1202 0.2546 0.4985 0.0311 0.0136 0.0820
111 0.1437 0.1119 0.3042 0.2642 0.0135 0.1627
112 0.0504 0.4629 0.3928 0.0094 0.0051 0.0792
113 0.0684 0.1759 0.3064 0.0837 0.0073 0.3582
114 0.1045 0.2264 0.3320 0.0759 0.0026 0.2585
115 0.0867 0.1354 0.2197 0.1685 0.0038 0.3857
116 0.0980 0.0980 0.2500 0.2878 0.0082 0.2581
117 0.0352 0.2174 0.3137 0.0980 0.0015 0.3340
118 0.0859 0.1848 0.3911 0.1174 0.0047 0.2161
119 0.3032 0.0829 0.2150 0.1205 0.0068 0.2717
120 0.1349 0.2812 0.3018 0.1553 0.0105 0.1163
121 0.1423 0.1359 0.3337 0.2559 0.0151 0.1171
122 0.1989 0.1501 0.2939 0.2020 0.0354 0.1197
123 0.2327 0.2069 0.4148 0.0414 0.0421 0.0621
124 0.2008 0.2137 0.3962 0.0857 0.0280 0.0756
125 0.1588 0.1992 0.4250 0.1190 0.0448 0.0532
126 0.1394 0.2245 0.4753 0.0674 0.0396 0.0537
127 0.1259 0.2903 0.4863 0.0242 0.0161 0.0572
128 0.2202 0.1455 0.2595 0.1598 0.0395 0.1755
129 0.2595 0.0869 0.2849 0.2117 0.0346 0.1226
130 0.1940 0.0991 0.3979 0.1214 0.0423 0.1453
131 0.1704 0.2991 0.3752 0.0477 0.0386 0.0688
132 0.2078 0.1157 0.2839 0.2062 0.0321 0.1544
133 0.1615 0.0872 0.2278 0.3967 0.0425 0.0845
134 0.1307 0.1602 0.4424 0.1802 0.0257 0.0608
135 0.1021 0.1967 0.5688 0.0486 0.0147 0.0690
136 0.2595 0.2202 0.3718 0.0185 0.0862 0.0437
137 0.1559 0.0697 0.3796 0.2032 0.0256 0.1659
138 0.1365 0.0530 0.2590 0.2433 0.0327 0.2756
139 0.1168 0.0991 0.3054 0.2035 0.0374 0.2378
140 0.1976 0.1306 0.3870 0.1208 0.0315 0.1327
141 0.1534 0.0439 0.4875 0.1851 0.0439 0.0861
142 0.1877 0.0522 0.3621 0.1937 0.0486 0.1556
143 0.1223 0.0518 0.2629 0.3123 0.0359 0.2147
144 0.1207 0.0241 0.2595 0.4927 0.0257 0.0773
145 0.1058 0.0927 0.3337 0.3040 0.0191 0.1447
146 0.1495 0.0813 0.3167 0.2625 0.0180 0.1721
147 0.1497 0.2729 0.4573 0.0456 0.0131 0.0614
148 0.0931 0.2002 0.4766 0.0938 0.0356 0.1006
149 0.1252 0.0645 0.2800 0.3767 0.0273 0.1262
150 0.1232 0.0634 0.3401 0.2374 0.0297 0.2063
151 0.1060 0.0474 0.5386 0.1804 0.0581 0.0695
152 0.0950 0.0643 0.4463 0.3115 0.0177 0.0653
153 0.1603 0.0878 0.3394 0.2157 0.0183 0.1788
154 0.1681 0.0497 0.3188 0.2244 0.0129 0.2262
155 0.1526 0.0646 0.3660 0.2852 0.0092 0.1226
156 0.1914 0.0455 0.2874 0.3257 0.0163 0.1337
157 0.1354 0.0555 0.2864 0.4167 0.0262 0.0795
158 0.1223 0.0778 0.3352 0.2913 0.0237 0.1499
159 0.1294 0.0836 0.3303 0.1410 0.0330 0.2827
160 0.1044 0.3560 0.4226 0.0628 0.0141 0.0403
161 0.1708 0.2883 0.4128 0.0659 0.0196 0.0425
162 0.1099 0.3867 0.3867 0.0401 0.0142 0.0622
163 0.0764 0.3291 0.5220 0.0270 0.0092 0.0363
164 0.1344 0.3298 0.3247 0.0218 0.0219 0.1672
165 0.2098 0.0430 0.2034 0.3149 0.0158 0.2131
166 0.1187 0.1116 0.1116 0.1610 0.0126 0.4846
167 0.1749 0.0814 0.2178 0.2300 0.0314 0.2646
168 0.1470 0.1190 0.2810 0.2073 0.0181 0.2277
169 0.1660 0.0848 0.2200 0.3801 0.0219 0.1273
170 0.0886 0.0900 0.0794 0.6548 0.0246 0.0628
171 0.0418 0.1163 0.6538 0.0137 0.0053 0.1692
172 0.0614 0.0880 0.1593 0.5649 0.0281 0.0981
173 0.0901 0.0645 0.2629 0.4202 0.0146 0.1476
174 0.0919 0.1368 0.2920 0.1930 0.0139 0.2722
175 0.0779 0.1064 0.1661 0.4146 0.0095 0.2253
176 0.2227 0.0907 0.3240 0.2297 0.0209 0.1120
177 0.0652 0.2461 0.4253 0.0684 0.0093 0.1858
178 0.0765 0.0815 0.3123 0.2756 0.0071 0.2471
179 0.1035 0.2522 0.3503 0.1426 0.0054 0.1460
180 0.0790 0.1647 0.5073 0.1522 0.0103 0.0867
181 0.0905 0.2120 0.3840 0.1066 0.0166 0.1901
182 0.1203 0.0982 0.4199 0.2178 0.0075 0.1364
183 0.0728 0.1448 0.4028 0.0898 0.0087 0.2812
184 0.1298 0.0818 0.2156 0.1787 0.0099 0.3843
185 0.0379 0.2649 0.4507 0.0243 0.0026 0.2196
186 0.1194 0.1232 0.3455 0.2649 0.0403 0.1070
187 0.0393 0.1288 0.5957 0.0554 0.0047 0.1761
188 0.1008 0.1489 0.3306 0.1235 0.0092 0.2871
189 0.0875 0.2324 0.3079 0.0703 0.0128 0.2891
190 0.0627 0.2744 0.4744 0.0126 0.0181 0.1576
191 0.0451 0.3335 0.4929 0.0166 0.0044 0.1074
192 0.0542 0.2710 0.3762 0.0120 0.0113 0.2754
193 0.0601 0.4404 0.3650 0.0095 0.0109 0.1140
194 0.0594 0.4783 0.2856 0.0159 0.0139 0.1470
195 0.0479 0.4614 0.3376 0.0167 0.0223 0.1140
196 0.0823 0.2783 0.2554 0.0507 0.0206 0.3127
197 0.1709 0.5347 0.1683 0.0084 0.0356 0.0820
198 0.1533 0.1937 0.2566 0.1121 0.0275 0.2566
