time exciting_prob fearful_prob tense_prob sad_prob relaxing_prob neutral_prob
0 0.1136 0.1553 0.1349 0.1288 0.0181 0.4492
1 0.1294 0.0377 0.2654 0.4731 0.0592 0.0351
2 0.1863 0.0600 0.1892 0.4832 0.0729 0.0082
3 0.1544 0.0347 0.1078 0.5825 0.1028 0.0176
4 0.2710 0.0915 0.1129 0.3167 0.1876 0.0202
5 0.2349 0.0414 0.0891 0.3472 0.2661 0.0213
6 0.0591 0.0406 0.2377 0.1055 0.5112 0.0461
7 0.3108 0.2617 0.1065 0.1326 0.1625 0.0261
8 0.2292 0.2460 0.1066 0.1638 0.2292 0.0251
9 0.2510 0.0909 0.2632 0.2844 0.0416 0.0687
10 0.2976 0.0654 0.1644 0.3943 0.0577 0.0204
11 0.3042 0.0806 0.1577 0.3088 0.1371 0.0116
12 0.2981 0.0640 0.0714 0.2512 0.3125 0.0028
13 0.3042 0.0943 0.1506 0.3115 0.0839 0.0554
14 0.5308 0.0753 0.1241 0.1385 0.1157 0.0153
15 0.1938 0.1204 0.0847 0.2451 0.3074 0.0486
16 0.0642 0.0360 0.1665 0.6484 0.0662 0.0187
17 0.2051 0.1205 0.3079 0.0338 0.3176 0.0152
18 0.1968 0.1221 0.2754 0.0064 0.3943 0.0051
19 0.1920 0.2544 0.1951 0.0158 0.3118 0.0309
20 0.0963 0.0570 0.1742 0.2698 0.3464 0.0561
21 0.1766 0.0454 0.1940 0.0968 0.4727 0.0145
22 0.1639 0.0662 0.6284 0.0050 0.1338 0.0027
23 0.2430 0.1301 0.3120 0.0068 0.3074 0.0006
24 0.1625 0.0424 0.0368 0.0090 0.7456 0.0039
25 0.2534 0.1151 0.1443 0.0932 0.3743 0.0197
26 0.1439 0.0153 0.1104 0.1037 0.5693 0.0573
27 0.1659 0.0394 0.0530 0.0185 0.7153 0.0079
28 0.1250 0.0951 0.3452 0.0206 0.4036 0.0105
29 0.2908 0.1819 0.2062 0.0171 0.2318 0.0724
30 0.2227 0.3044 0.2158 0.0623 0.1630 0.0318
31 0.1896 0.3860 0.2378 0.0461 0.1072 0.0334
32 0.1194 0.3855 0.3171 0.0200 0.1343 0.0237
33 0.1084 0.1248 0.3162 0.0545 0.3696 0.0266
34 0.3452 0.1321 0.1749 0.0339 0.2111 0.1028
35 0.3757 0.1340 0.3530 0.0142 0.0950 0.0279
36 0.2371 0.1604 0.2583 0.0525 0.1935 0.0981
37 0.3413 0.0500 0.1198 0.0061 0.4814 0.0015
38 0.1403 0.0987 0.2993 0.0598 0.3843 0.0177
39 0.0560 0.0271 0.0854 0.0068 0.8228 0.0018
40 0.0541 0.0516 0.0793 0.0162 0.7949 0.0040
41 0.2454 0.2183 0.2065 0.0324 0.2737 0.0237
42 0.1742 0.1525 0.2134 0.0836 0.1663 0.2101
43 0.1615 0.3340 0.2747 0.0141 0.0344 0.1815
44 0.1638 0.1915 0.1691 0.4185 0.0377 0.0194
45 0.0833 0.1270 0.3450 0.3396 0.0619 0.0432
46 0.1536 0.0507 0.2133 0.4658 0.0602 0.0565
47 0.2000 0.2668 0.3884 0.0242 0.0184 0.1021
48 0.2844 0.2866 0.2844 0.0329 0.0676 0.0440
49 0.1361 0.2837 0.2244 0.0893 0.0258 0.2407
50 0.0983 0.1632 0.4651 0.0373 0.2163 0.0198
51 0.3604 0.1959 0.2656 0.0462 0.1074 0.0247
52 0.2998 0.0538 0.3142 0.1310 0.1631 0.0381
53 0.2043 0.0501 0.2043 0.4326 0.0309 0.0776
54 0.2178 0.1439 0.2468 0.1395 0.0795 0.1724
55 0.3428 0.1241 0.1395 0.0342 0.2732 0.0860
56 0.1153 0.2294 0.1857 0.0870 0.0716 0.3110
57 0.1329 0.4160 0.3042 0.0274 0.0674 0.0521
58 0.0466 0.0089 0.0093 0.0160 0.9141 0.0052
59 0.0897 0.0143 0.0255 0.0040 0.8647 0.0016
60 0.1440 0.0277 0.0530 0.0403 0.7197 0.0151
61 0.1399 0.3279 0.2474 0.0181 0.2362 0.0305
62 0.2786 0.0511 0.1117 0.0155 0.5371 0.0063
63 0.1006 0.0118 0.0160 0.0015 0.8691 0.0010
64 0.0277 0.0049 0.0057 0.0007 0.9604 0.0006
65 0.0818 0.1719 0.3696 0.1627 0.1918 0.0222
66 0.1449 0.2012 0.3342 0.0648 0.2484 0.0063
67 0.0338 0.0606 0.1549 0.0388 0.7051 0.0069
68 0.1628 0.2141 0.4031 0.0366 0.0504 0.1329
69 0.1023 0.1584 0.6025 0.0263 0.0142 0.0961
70 0.1963 0.2190 0.0648 0.2856 0.2295 0.0047
71 0.1729 0.1284 0.5039 0.0263 0.1549 0.0135
72 0.1863 0.2605 0.3975 0.0161 0.1373 0.0023
73 0.3279 0.1016 0.4277 0.0092 0.1315 0.0022
74 0.1718 0.2639 0.4353 0.0080 0.1171 0.0039
75 0.1098 0.1661 0.1064 0.3276 0.2759 0.0141
76 0.1503 0.1663 0.3130 0.0548 0.1689 0.1467
77 0.0981 0.4294 0.0685 0.1748 0.2228 0.0064
78 0.0620 0.6260 0.1022 0.1510 0.0547 0.0043
79 0.1065 0.0767 0.0527 0.5039 0.2418 0.0181
80 0.0656 0.1294 0.0175 0.6079 0.1661 0.0134
81 0.1974 0.2438 0.1326 0.2238 0.1943 0.0082
82 0.2620 0.1481 0.0793 0.1772 0.3110 0.0224
83 0.2639 0.0402 0.1075 0.0190 0.5674 0.0019
84 0.2095 0.0789 0.2649 0.0211 0.4231 0.0026
85 0.3301 0.2233 0.2529 0.1387 0.0514 0.0036
86 0.2488 0.2301 0.1737 0.2607 0.0765 0.0102
87 0.0451 0.2964 0.3308 0.2169 0.1082 0.0025
88 0.1892 0.2646 0.1656 0.0432 0.3347 0.0025
89 0.0298 0.7759 0.0580 0.0792 0.0532 0.0040
90 0.0838 0.6694 0.0781 0.1172 0.0449 0.0066
91 0.1672 0.1006 0.0822 0.0703 0.5610 0.0186
92 0.2064 0.1582 0.0654 0.2568 0.3098 0.0031
93 0.1145 0.1447 0.5459 0.0520 0.1002 0.0424
94 0.1475 0.1353 0.2649 0.0742 0.3350 0.0432
95 0.0912 0.1100 0.5083 0.1208 0.1285 0.0411
96 0.1149 0.0551 0.2671 0.5229 0.0167 0.0235
97 0.3154 0.1561 0.3032 0.0142 0.2036 0.0072
98 0.3547 0.1315 0.3230 0.0473 0.1125 0.0310
99 0.1038 0.0901 0.5786 0.0771 0.1213 0.0288
100 0.1609 0.0714 0.3379 0.2234 0.1132 0.0931
101 0.1460 0.0851 0.3906 0.0763 0.2225 0.0793
102 0.2959 0.0731 0.1837 0.1224 0.2217 0.1031
103 0.5771 0.0262 0.0886 0.2407 0.0435 0.0238
104 0.2161 0.1417 0.3347 0.0644 0.2212 0.0221
105 0.1200 0.0567 0.1145 0.0068 0.6958 0.0060
106 0.3420 0.0533 0.0717 0.0190 0.4714 0.0425
107 0.1581 0.1166 0.4165 0.0595 0.1952 0.0542
108 0.1447 0.1401 0.6284 0.0103 0.0662 0.0103
109 0.1213 0.0530 0.0468 0.4875 0.2130 0.0784
110 0.1935 0.0604 0.1996 0.3557 0.1102 0.0806
111 0.3533 0.1761 0.1004 0.0628 0.2883 0.0192
112 0.4312 0.1378 0.0904 0.1526 0.1755 0.0125
113 0.3650 0.0730 0.0645 0.1620 0.3027 0.0329
114 0.1587 0.0963 0.4280 0.0193 0.2598 0.0380
115 0.1639 0.1504 0.0589 0.0318 0.5718 0.0231
116 0.0470 0.1118 0.0694 0.0485 0.6958 0.0276
117 0.1006 0.0195 0.0280 0.0145 0.8296 0.0075
118 0.0320 0.0383 0.1359 0.1277 0.6479 0.0180
119 0.0223 0.0052 0.0245 0.0052 0.9419 0.0007
120 0.0394 0.0173 0.0468 0.0120 0.8833 0.0012
121 0.0135 0.0109 0.0091 0.0027 0.9619 0.0020
122 0.0624 0.1508 0.5693 0.0529 0.1532 0.0115
123 0.1292 0.0556 0.3511 0.3567 0.0591 0.0483
124 0.0906 0.1067 0.6387 0.0188 0.1110 0.0344
125 0.0902 0.1233 0.4727 0.0670 0.2097 0.0370
126 0.1320 0.1554 0.5957 0.0138 0.0965 0.0066
127 0.0965 0.1060 0.6597 0.0554 0.0633 0.0193
128 0.1907 0.0577 0.1147 0.0370 0.5430 0.0568
129 0.1025 0.1434 0.6089 0.0199 0.1083 0.0171
130 0.0724 0.0460 0.0713 0.0569 0.7427 0.0105
131 0.1506 0.1278 0.1591 0.0512 0.4863 0.0250
132 0.1379 0.1057 0.3386 0.1899 0.2119 0.0158
133 0.0430 0.0615 0.2251 0.2434 0.4011 0.0258
134 0.0175 0.0112 0.0282 0.0074 0.9346 0.0013
135 0.0210 0.0191 0.0130 0.0032 0.9434 0.0004
136 0.1882 0.0836 0.2739 0.1489 0.1048 0.2004
137 0.6626 0.1840 0.0817 0.0230 0.0469 0.0020
138 0.2817 0.2625 0.2281 0.0936 0.1260 0.0081
139 0.4797 0.1385 0.0624 0.0629 0.2529 0.0035
140 0.3513 0.1781 0.1766 0.0475 0.2415 0.0049
141 0.1287 0.0618 0.1067 0.5859 0.1084 0.0085
142 0.4473 0.2629 0.0547 0.0938 0.1242 0.0169
143 0.4314 0.3464 0.0823 0.0804 0.0536 0.0059
144 0.4165 0.2062 0.1353 0.1086 0.1147 0.0187
145 0.2201 0.2253 0.1082 0.3254 0.1032 0.0178
146 0.0977 0.2576 0.4448 0.1514 0.0427 0.0058
147 0.2686 0.2175 0.1268 0.0914 0.2729 0.0228
148 0.2401 0.3257 0.1256 0.0593 0.2365 0.0129
149 0.3772 0.2379 0.1168 0.1081 0.1523 0.0076
150 0.1072 0.2493 0.6074 0.0097 0.0239 0.0025
151 0.2913 0.1987 0.2891 0.0400 0.1753 0.0056
152 0.2058 0.1483 0.2644 0.0838 0.2859 0.0119
153 0.3162 0.1110 0.1209 0.2423 0.1470 0.0627
154 0.3123 0.3220 0.1893 0.1332 0.0373 0.0059
155 0.1198 0.0993 0.4663 0.0631 0.2273 0.0243
156 0.2156 0.0608 0.0806 0.0268 0.6045 0.0119
157 0.3877 0.0788 0.0865 0.0770 0.3586 0.0113
158 0.2284 0.2249 0.2113 0.1487 0.1545 0.0321
159 0.1602 0.2683 0.3555 0.0246 0.1858 0.0057
160 0.3394 0.2026 0.2859 0.0077 0.1591 0.0053
161 0.1600 0.1127 0.2598 0.0103 0.4490 0.0081
162 0.0767 0.3928 0.4053 0.0616 0.0616 0.0020
163 0.2966 0.2637 0.1827 0.0380 0.2039 0.0152
164 0.1362 0.1643 0.2668 0.0306 0.3943 0.0077
165 0.1521 0.3823 0.3169 0.0103 0.1353 0.0031
166 0.1260 0.1670 0.3269 0.1497 0.1892 0.0412
167 0.3215 0.3066 0.3066 0.0099 0.0439 0.0114
168 0.3958 0.1689 0.3281 0.0114 0.0925 0.0032
169 0.1575 0.0863 0.1285 0.0856 0.4851 0.0570
170 0.2062 0.1682 0.2030 0.0936 0.2161 0.1130
171 0.1869 0.1188 0.2382 0.1207 0.2576 0.0779
172 0.2593 0.0531 0.0791 0.0420 0.5576 0.0087
173 0.0741 0.0233 0.0505 0.0696 0.7197 0.0624
174 0.1998 0.1509 0.1005 0.1709 0.2908 0.0873
175 0.1044 0.0659 0.2092 0.0586 0.5430 0.0190
176 0.1040 0.0437 0.1255 0.0357 0.6782 0.0129
177 0.1783 0.1489 0.2272 0.0579 0.3804 0.0072
178 0.3391 0.2277 0.2057 0.0287 0.1917 0.0072
179 0.3020 0.2227 0.1707 0.0537 0.2389 0.0121
180 0.0787 0.1482 0.7183 0.0133 0.0369 0.0046
181 0.1251 0.1148 0.4436 0.0076 0.3049 0.0042
182 0.1265 0.0677 0.3547 0.3230 0.0925 0.0354
183 0.1356 0.1824 0.0760 0.0074 0.5981 0.0004
184 0.0903 0.1039 0.0391 0.0046 0.7617 0.0003
185 0.3315 0.0497 0.0252 0.0452 0.5381 0.0100
186 0.1876 0.1138 0.2159 0.3789 0.0679 0.0358
187 0.2935 0.1671 0.0778 0.1671 0.2888 0.0057
188 0.1614 0.2139 0.1978 0.3364 0.0757 0.0148
189 0.3809 0.0383 0.1664 0.2920 0.1144 0.0078
190 0.3247 0.3979 0.0998 0.0057 0.1646 0.0073
191 0.2913 0.1740 0.0731 0.0030 0.4548 0.0039
192 0.1437 0.1068 0.4858 0.1602 0.0858 0.0178
193 0.0909 0.1014 0.5566 0.1545 0.0854 0.0112
194 0.1112 0.1061 0.0718 0.3821 0.2930 0.0358
195 0.1453 0.2216 0.1453 0.0213 0.4617 0.0048
196 0.2306 0.0726 0.2379 0.3801 0.0320 0.0468
197 0.2996 0.1372 0.2408 0.2227 0.0764 0.0233
198 0.3872 0.1963 0.1403 0.0374 0.2367 0.0020
199 0.2385 0.2947 0.1553 0.2155 0.0878 0.0084
200 0.4983 0.1165 0.2045 0.0559 0.1165 0.0084
201 0.2629 0.0742 0.1864 0.2798 0.0518 0.1451
202 0.3184 0.2422 0.1108 0.2153 0.0688 0.0444
203 0.3357 0.2893 0.1661 0.0437 0.1549 0.0103
204 0.4258 0.3020 0.1182 0.0347 0.1182 0.0010
205 0.2186 0.2920 0.2239 0.1600 0.0830 0.0225
206 0.5962 0.0929 0.1221 0.0352 0.1495 0.0041
207 0.3853 0.1417 0.3618 0.0614 0.0467 0.0032
208 0.3672 0.2949 0.1667 0.0352 0.1350 0.0007
209 0.1481 0.2089 0.5171 0.0768 0.0466 0.0027
210 0.0234 0.0515 0.0823 0.1198 0.6685 0.0544
211 0.0189 0.0945 0.0487 0.0379 0.7852 0.0146
212 0.0216 0.0186 0.0151 0.0151 0.9248 0.0049
213 0.0350 0.0534 0.0771 0.0042 0.8286 0.0015
214 0.5952 0.0599 0.0825 0.0274 0.2295 0.0056
215 0.5962 0.1052 0.0740 0.0229 0.1981 0.0035
216 0.2920 0.0693 0.2170 0.1664 0.2239 0.0312
217 0.2275 0.1359 0.3469 0.1947 0.0831 0.0118
218 0.3313 0.0845 0.1459 0.0328 0.4028 0.0026
219 0.3835 0.1389 0.1444 0.2004 0.1207 0.0121
220 0.3298 0.2129 0.1271 0.0887 0.2163 0.0252
221 0.5464 0.0800 0.0800 0.0274 0.2603 0.0058
222 0.3398 0.1121 0.2229 0.1722 0.1405 0.0126
223 0.3821 0.2126 0.3425 0.0152 0.0453 0.0023
224 0.1614 0.1829 0.3552 0.1237 0.1731 0.0039
225 0.2771 0.1748 0.1761 0.2505 0.0800 0.0415
226 0.1484 0.1862 0.4431 0.0614 0.1495 0.0113
227 0.1576 0.2023 0.5005 0.0469 0.0792 0.0133
228 0.2050 0.1925 0.4204 0.0403 0.1333 0.0084
229 0.2128 0.1792 0.4038 0.0497 0.1473 0.0073
230 0.2876 0.1799 0.1588 0.0857 0.2499 0.0380
231 0.1869 0.1305 0.1598 0.2720 0.1913 0.0597
232 0.2124 0.1494 0.3906 0.0541 0.1904 0.0031
233 0.1801 0.1576 0.3752 0.2206 0.0414 0.0251
234 0.1953 0.0582 0.2319 0.3591 0.1451 0.0102
235 0.2832 0.1050 0.1541 0.3159 0.0818 0.0598
236 0.1793 0.1632 0.3916 0.1014 0.1354 0.0290
237 0.2029 0.1279 0.1138 0.0729 0.4717 0.0108
238 0.3679 0.1909 0.1698 0.0232 0.2395 0.0086
239 0.2563 0.0819 0.3420 0.0432 0.2686 0.0080
240 0.4692 0.0475 0.0881 0.0351 0.3542 0.0059
241 0.3176 0.2201 0.2417 0.0954 0.1098 0.0153
242 0.2312 0.2104 0.1801 0.2539 0.0971 0.0272
243 0.1066 0.2598 0.4558 0.0612 0.1117 0.0050
244 0.1208 0.3840 0.2969 0.0111 0.1857 0.0016
245 0.1964 0.2747 0.3367 0.0262 0.1628 0.0033
246 0.2205 0.4524 0.2383 0.0114 0.0750 0.0026
247 0.3811 0.2876 0.1962 0.0227 0.1083 0.0040
248 0.4299 0.2301 0.2030 0.0177 0.1175 0.0018
249 0.3616 0.2708 0.2142 0.0201 0.1289 0.0045
250 0.1049 0.1066 0.1458 0.5762 0.0310 0.0354
251 0.1935 0.1761 0.1555 0.2524 0.0435 0.1790
