time exciting_prob fearful_prob tense_prob sad_prob relaxing_prob neutral_prob
0 0.1136 0.1553 0.1349 0.1288 0.0181 0.4492
1 0.7173 0.0553 0.0955 0.0688 0.0511 0.0121
2 0.3862 0.2435 0.1536 0.1234 0.0698 0.0234
3 0.2139 0.0623 0.6538 0.0249 0.0360 0.0091
4 0.6089 0.0831 0.1381 0.0678 0.0948 0.0073
5 0.6562 0.0670 0.0610 0.1272 0.0714 0.0172
6 0.3398 0.2566 0.1998 0.0429 0.1462 0.0146
7 0.3325 0.3149 0.2081 0.0620 0.0342 0.0483
8 0.3218 0.0922 0.3481 0.1619 0.0568 0.0192
9 0.3223 0.0796 0.4011 0.1097 0.0719 0.0154
10 0.3147 0.0446 0.2715 0.2529 0.0840 0.0322
11 0.2859 0.4224 0.1578 0.0900 0.0304 0.0136
12 0.4209 0.3303 0.0947 0.0519 0.0862 0.0159
13 0.5166 0.1306 0.0870 0.0926 0.1492 0.0242
14 0.6245 0.1309 0.1077 0.0281 0.1027 0.0060
15 0.3943 0.1384 0.1332 0.1722 0.0189 0.1428
16 0.6538 0.2190 0.0421 0.0396 0.0320 0.0135
17 0.6548 0.1891 0.0764 0.0252 0.0471 0.0072
18 0.6533 0.2008 0.0325 0.0673 0.0289 0.0173
19 0.3176 0.0848 0.0611 0.0767 0.4587 0.0011
20 0.4680 0.0936 0.1981 0.0378 0.2013 0.0011
21 0.6440 0.1094 0.0554 0.0943 0.0770 0.0198
22 0.4875 0.3857 0.0821 0.0197 0.0193 0.0058
23 0.4543 0.3796 0.1096 0.0264 0.0258 0.0040
24 0.6089 0.2421 0.0341 0.0672 0.0363 0.0117
25 0.6079 0.2219 0.0626 0.0430 0.0570 0.0072
26 0.1647 0.7266 0.0790 0.0175 0.0075 0.0044
27 0.5571 0.3459 0.0426 0.0253 0.0208 0.0083
28 0.4590 0.1812 0.1107 0.0371 0.0977 0.1143
29 0.3933 0.5464 0.0289 0.0157 0.0102 0.0054
30 0.5024 0.1157 0.1130 0.1892 0.0316 0.0482
31 0.3643 0.3906 0.1329 0.0764 0.0176 0.0183
32 0.4897 0.3584 0.0913 0.0399 0.0102 0.0106
33 0.3901 0.3901 0.1171 0.0544 0.0255 0.0229
34 0.0908 0.1157 0.7427 0.0269 0.0168 0.0069
35 0.2219 0.0476 0.0210 0.0144 0.6943 0.0006
36 0.2922 0.0554 0.0181 0.0825 0.5503 0.0013
37 0.4561 0.3135 0.0728 0.0647 0.0190 0.0739
38 0.4490 0.3665 0.1392 0.0150 0.0196 0.0107
39 0.2983 0.5195 0.1024 0.0354 0.0159 0.0282
40 0.5073 0.1609 0.1971 0.0720 0.0531 0.0094
41 0.4265 0.2247 0.2179 0.0696 0.0513 0.0099
42 0.4424 0.1317 0.1459 0.1801 0.0706 0.0294
43 0.2842 0.2430 0.3884 0.0513 0.0204 0.0128
44 0.3420 0.1318 0.1802 0.2314 0.0711 0.0435
45 0.4453 0.1703 0.1550 0.1100 0.0933 0.0261
46 0.5396 0.2180 0.0796 0.1376 0.0121 0.0131
47 0.5166 0.2366 0.0739 0.1135 0.0500 0.0095
48 0.3171 0.5649 0.0510 0.0321 0.0064 0.0284
49 0.3306 0.5493 0.0636 0.0332 0.0045 0.0189
50 0.3291 0.0590 0.1965 0.2583 0.0210 0.1361
51 0.4158 0.4749 0.0684 0.0179 0.0163 0.0067
52 0.3943 0.4263 0.0758 0.0446 0.0446 0.0145
53 0.4922 0.2052 0.1000 0.1586 0.0371 0.0070
54 0.6489 0.1298 0.1163 0.0355 0.0689 0.0008
55 0.5845 0.1345 0.1537 0.0237 0.0969 0.0066
56 0.6069 0.3198 0.0526 0.0117 0.0038 0.0055
57 0.2761 0.2418 0.1898 0.1783 0.0491 0.0646
58 0.5791 0.1752 0.1633 0.0260 0.0506 0.0059
59 0.5576 0.2473 0.0754 0.0370 0.0803 0.0025
60 0.5283 0.2307 0.0565 0.0454 0.1346 0.0045
61 0.4021 0.2135 0.0480 0.2383 0.0762 0.0220
62 0.7300 0.1448 0.0114 0.0613 0.0227 0.0299
63 0.4434 0.4539 0.0370 0.0250 0.0148 0.0260
64 0.5415 0.3525 0.0441 0.0202 0.0175 0.0240
65 0.5093 0.1903 0.0470 0.1350 0.0972 0.0210
66 0.5288 0.1564 0.1677 0.0511 0.0798 0.0160
67 0.4407 0.2715 0.1511 0.0709 0.0531 0.0126
68 0.4922 0.1324 0.1514 0.1356 0.0523 0.0359
69 0.4412 0.4731 0.0491 0.0162 0.0122 0.0083
70 0.3755 0.2242 0.0865 0.1948 0.0283 0.0906
71 0.3132 0.5942 0.0588 0.0044 0.0272 0.0021
72 0.3120 0.6206 0.0457 0.0056 0.0143 0.0018
73 0.3049 0.3196 0.3455 0.0036 0.0248 0.0015
74 0.3464 0.3989 0.2345 0.0034 0.0148 0.0020
75 0.0690 0.7476 0.1495 0.0195 0.0134 0.0013
76 0.4690 0.4546 0.0332 0.0179 0.0201 0.0053
77 0.6885 0.1410 0.0946 0.0236 0.0433 0.0092
78 0.4072 0.4834 0.0730 0.0086 0.0237 0.0041
79 0.5640 0.3420 0.0262 0.0073 0.0554 0.0054
80 0.1002 0.5854 0.2681 0.0242 0.0191 0.0028
81 0.2137 0.5723 0.1704 0.0102 0.0283 0.0053
82 0.3643 0.4751 0.1164 0.0146 0.0220 0.0077
83 0.3511 0.4990 0.1140 0.0168 0.0131 0.0061
84 0.3025 0.5435 0.1140 0.0206 0.0112 0.0080
85 0.5889 0.1898 0.1444 0.0535 0.0120 0.0112
86 0.4597 0.3442 0.1349 0.0278 0.0191 0.0142
87 0.3457 0.4336 0.1429 0.0382 0.0302 0.0094
88 0.4414 0.4626 0.0341 0.0063 0.0515 0.0039
89 0.2500 0.4819 0.0567 0.0054 0.2040 0.0021
90 0.6353 0.2014 0.0966 0.0321 0.0248 0.0100
91 0.1202 0.6650 0.1847 0.0184 0.0031 0.0086
92 0.0567 0.9072 0.0185 0.0141 0.0019 0.0015
93 0.3982 0.3740 0.1254 0.0109 0.0882 0.0033
94 0.2524 0.4573 0.1279 0.0082 0.1520 0.0021
95 0.2045 0.5825 0.1776 0.0083 0.0248 0.0026
96 0.2939 0.4771 0.2020 0.0102 0.0155 0.0015
97 0.3848 0.4292 0.0996 0.0304 0.0485 0.0076
98 0.4189 0.4822 0.0673 0.0092 0.0176 0.0049
99 0.4790 0.4163 0.0432 0.0061 0.0525 0.0028
100 0.1884 0.2419 0.2006 0.2576 0.0247 0.0869
101 0.1594 0.0718 0.1281 0.5146 0.0157 0.1104
102 0.1619 0.5518 0.2449 0.0135 0.0264 0.0013
103 0.1890 0.7246 0.0537 0.0084 0.0204 0.0041
104 0.5518 0.3093 0.0696 0.0248 0.0422 0.0025
105 0.4670 0.3872 0.0438 0.0512 0.0119 0.0389
106 0.3557 0.3042 0.2075 0.0886 0.0112 0.0328
107 0.5278 0.1700 0.0407 0.1853 0.0153 0.0606
108 0.6572 0.1648 0.0423 0.0495 0.0154 0.0709
109 0.4578 0.3403 0.1030 0.0327 0.0071 0.0591
110 0.4041 0.2017 0.1204 0.1149 0.0235 0.1354
111 0.5840 0.2612 0.0376 0.0253 0.0225 0.0692
112 0.4031 0.3140 0.0501 0.0393 0.0344 0.1591
113 0.3582 0.1815 0.0837 0.1200 0.0270 0.2295
114 0.5293 0.1731 0.0647 0.1564 0.0153 0.0612
115 0.5757 0.1537 0.0667 0.0491 0.0810 0.0738
116 0.7134 0.0872 0.0460 0.0865 0.0334 0.0336
117 0.4338 0.1140 0.0178 0.1910 0.0094 0.2340
118 0.2915 0.4768 0.1304 0.0293 0.0241 0.0479
119 0.3069 0.4644 0.1450 0.0165 0.0619 0.0054
120 0.5117 0.3660 0.0424 0.0117 0.0380 0.0303
121 0.5488 0.2869 0.0502 0.0203 0.0168 0.0772
122 0.5625 0.2637 0.0325 0.0269 0.0165 0.0978
123 0.1832 0.2605 0.1847 0.2646 0.0446 0.0623
124 0.2676 0.2554 0.2343 0.1797 0.0317 0.0315
125 0.3035 0.1959 0.1456 0.1346 0.0677 0.1526
126 0.7842 0.1281 0.0158 0.0387 0.0039 0.0295
127 0.8228 0.1105 0.0146 0.0192 0.0026 0.0302
128 0.4626 0.4116 0.0451 0.0113 0.0190 0.0503
129 0.4524 0.3496 0.0500 0.0441 0.0278 0.0762
130 0.3430 0.1080 0.1168 0.2395 0.0161 0.1766
131 0.2861 0.6499 0.0497 0.0058 0.0074 0.0006
132 0.5371 0.4055 0.0267 0.0105 0.0156 0.0045
133 0.4119 0.5371 0.0253 0.0099 0.0115 0.0042
134 0.2583 0.2505 0.4163 0.0214 0.0505 0.0032
135 0.4709 0.3784 0.0594 0.0360 0.0541 0.0010
136 0.2676 0.5493 0.0698 0.0203 0.0791 0.0140
137 0.1136 0.7583 0.0558 0.0463 0.0201 0.0057
138 0.3237 0.5957 0.0384 0.0177 0.0187 0.0057
139 0.3679 0.5269 0.0284 0.0382 0.0180 0.0204
140 0.2205 0.1539 0.2422 0.1976 0.0402 0.1458
141 0.3132 0.5991 0.0267 0.0177 0.0193 0.0238
142 0.3359 0.5806 0.0327 0.0274 0.0157 0.0078
143 0.3730 0.1891 0.1617 0.1862 0.0752 0.0148
144 0.1060 0.7134 0.0839 0.0623 0.0313 0.0031
145 0.0779 0.4661 0.2418 0.1099 0.0962 0.0082
146 0.3618 0.4539 0.1013 0.0517 0.0279 0.0035
147 0.4417 0.4775 0.0448 0.0158 0.0155 0.0046
148 0.4797 0.4651 0.0370 0.0072 0.0064 0.0045
149 0.2471 0.7148 0.0151 0.0055 0.0120 0.0055
150 0.5693 0.2773 0.0974 0.0177 0.0311 0.0070
151 0.6455 0.1779 0.0923 0.0406 0.0373 0.0063
152 0.6152 0.1310 0.1183 0.1077 0.0093 0.0187
153 0.2367 0.4858 0.1627 0.0441 0.0079 0.0627
154 0.2458 0.5586 0.1001 0.0200 0.0110 0.0646
155 0.3755 0.1693 0.3137 0.0899 0.0125 0.0390
156 0.4426 0.4749 0.0609 0.0119 0.0045 0.0052
157 0.6309 0.1176 0.1440 0.0634 0.0264 0.0177
158 0.4189 0.2058 0.1542 0.1553 0.0154 0.0504
159 0.5156 0.1345 0.1196 0.1989 0.0100 0.0215
160 0.4805 0.2288 0.2252 0.0255 0.0108 0.0293
161 0.3840 0.3782 0.1002 0.0481 0.0024 0.0870
162 0.5586 0.3184 0.0805 0.0162 0.0052 0.0210
163 0.3984 0.0931 0.0910 0.1273 0.0097 0.2803
164 0.4375 0.2397 0.0791 0.0977 0.0335 0.1124
165 0.3767 0.1292 0.1418 0.2549 0.0345 0.0629
166 0.6079 0.1783 0.0544 0.1143 0.0075 0.0377
167 0.5205 0.2421 0.1217 0.0721 0.0169 0.0269
168 0.2393 0.6304 0.0887 0.0078 0.0052 0.0286
169 0.3113 0.5815 0.0470 0.0176 0.0127 0.0299
170 0.3503 0.1028 0.4863 0.0256 0.0254 0.0095
171 0.2454 0.2434 0.3101 0.1064 0.0186 0.0760
172 0.3232 0.3259 0.1814 0.0330 0.0323 0.1041
173 0.4563 0.2241 0.1228 0.1084 0.0122 0.0762
174 0.4846 0.2344 0.1410 0.0947 0.0155 0.0298
175 0.5029 0.0697 0.2250 0.1213 0.0681 0.0129
176 0.6094 0.2190 0.0844 0.0524 0.0077 0.0270
177 0.6235 0.2461 0.0441 0.0280 0.0366 0.0217
178 0.5322 0.2739 0.1235 0.0451 0.0139 0.0114
179 0.4990 0.2357 0.1821 0.0714 0.0115 0.0004
180 0.4502 0.3674 0.0989 0.0375 0.0399 0.0060
181 0.4382 0.3867 0.0780 0.0338 0.0069 0.0562
182 0.5664 0.2271 0.0709 0.0338 0.0925 0.0094
183 0.2417 0.1225 0.1421 0.4446 0.0382 0.0107
184 0.4153 0.1306 0.0652 0.3442 0.0405 0.0044
185 0.5220 0.1832 0.0604 0.1044 0.0183 0.1120
186 0.5811 0.1050 0.1218 0.1208 0.0282 0.0434
187 0.5576 0.1702 0.1610 0.0656 0.0388 0.0066
188 0.5317 0.1740 0.0835 0.1023 0.0397 0.0687
189 0.5454 0.2598 0.0941 0.0148 0.0622 0.0238
190 0.5166 0.3181 0.0523 0.0688 0.0431 0.0011
191 0.3086 0.2189 0.2578 0.0668 0.0934 0.0545
192 0.5186 0.3943 0.0381 0.0203 0.0104 0.0184
193 0.4304 0.3101 0.1956 0.0353 0.0183 0.0104
194 0.3391 0.3667 0.2703 0.0110 0.0116 0.0012
195 0.2534 0.1378 0.1525 0.3333 0.0962 0.0269
196 0.7188 0.1628 0.0452 0.0316 0.0381 0.0035
197 0.2727 0.1068 0.5298 0.0728 0.0169 0.0014
198 0.4885 0.2135 0.2273 0.0351 0.0236 0.0119
199 0.4280 0.4775 0.0579 0.0135 0.0091 0.0138
200 0.4961 0.3435 0.1107 0.0104 0.0097 0.0296
201 0.2095 0.1533 0.0901 0.2649 0.0295 0.2527
202 0.4243 0.2068 0.0630 0.2004 0.0737 0.0317
203 0.4375 0.2133 0.0611 0.1853 0.0737 0.0291
204 0.4180 0.2134 0.0704 0.1884 0.0737 0.0362
205 0.4111 0.2067 0.0760 0.1942 0.0737 0.0382
206 0.4680 0.2211 0.0659 0.1427 0.0839 0.0186
