time exciting_prob fearful_prob tense_prob sad_prob relaxing_prob neutral_prob
0 0.4250 0.0274 0.1401 0.2347 0.1162 0.0566
1 0.1136 0.1553 0.1349 0.1288 0.0181 0.4492
2 0.0821 0.0353 0.0975 0.6562 0.1022 0.0269
3 0.0916 0.0350 0.2128 0.5269 0.0659 0.0680
4 0.2009 0.0717 0.2139 0.3997 0.0927 0.0213
5 0.1610 0.2825 0.1782 0.2737 0.0472 0.0574
6 0.2198 0.4475 0.2002 0.0875 0.0307 0.0143
7 0.0461 0.0999 0.2593 0.5576 0.0149 0.0225
8 0.1155 0.1603 0.7017 0.0065 0.0117 0.0041
9 0.1639 0.1190 0.0524 0.5591 0.0825 0.0233
10 0.2886 0.1952 0.1078 0.3071 0.0922 0.0090
11 0.1256 0.1153 0.4055 0.2969 0.0360 0.0207
12 0.1243 0.1224 0.3740 0.3352 0.0295 0.0144
13 0.2534 0.2219 0.1444 0.1663 0.1501 0.0636
14 0.1508 0.1221 0.1351 0.2883 0.1555 0.1484
15 0.1909 0.0526 0.1140 0.5610 0.0625 0.0189
16 0.4299 0.1969 0.1835 0.0873 0.0975 0.0047
17 0.2791 0.1371 0.2313 0.2520 0.0871 0.0136
18 0.2612 0.1344 0.0778 0.0089 0.5112 0.0063
19 0.3306 0.1188 0.1389 0.0698 0.3081 0.0338
20 0.0995 0.4392 0.2158 0.1129 0.0525 0.0800
21 0.1488 0.1838 0.2737 0.1987 0.1323 0.0625
22 0.0884 0.1857 0.3723 0.2404 0.0492 0.0641
23 0.4524 0.1276 0.2681 0.0259 0.1227 0.0035
24 0.1074 0.0963 0.1074 0.3359 0.0272 0.3257
25 0.3157 0.1285 0.3718 0.0335 0.1276 0.0230
26 0.3159 0.3135 0.2620 0.0236 0.0739 0.0112
27 0.2454 0.3516 0.2959 0.0351 0.0597 0.0123
28 0.3210 0.1995 0.3088 0.0328 0.1229 0.0149
29 0.2512 0.2083 0.2360 0.1941 0.1015 0.0088
30 0.0878 0.1720 0.5508 0.1578 0.0264 0.0051
31 0.2130 0.1204 0.3796 0.2303 0.0214 0.0350
32 0.1663 0.1433 0.4180 0.1295 0.0704 0.0726
33 0.1520 0.2354 0.4263 0.0591 0.0609 0.0664
34 0.2307 0.3687 0.3130 0.0377 0.0340 0.0158
35 0.2068 0.4048 0.3008 0.0515 0.0310 0.0049
36 0.2239 0.1208 0.1296 0.4524 0.0421 0.0313
37 0.1865 0.2250 0.1698 0.3247 0.0475 0.0464
38 0.3547 0.2037 0.2659 0.1357 0.0341 0.0059
39 0.3293 0.0887 0.1805 0.3589 0.0306 0.0118
40 0.1715 0.2135 0.4485 0.0441 0.1134 0.0089
41 0.3276 0.2114 0.2305 0.1047 0.0991 0.0267
42 0.3911 0.2428 0.1763 0.0378 0.1183 0.0336
43 0.2091 0.2296 0.4290 0.0585 0.0581 0.0156
44 0.4224 0.1904 0.1530 0.0921 0.1372 0.0049
45 0.3210 0.2581 0.0613 0.0459 0.3113 0.0023
46 0.1172 0.1277 0.3472 0.2947 0.0431 0.0700
47 0.2373 0.1921 0.2864 0.1395 0.1290 0.0157
48 0.3757 0.1818 0.1068 0.1860 0.1259 0.0237
49 0.1401 0.1423 0.1718 0.3416 0.1218 0.0824
50 0.1624 0.3777 0.1599 0.1573 0.1125 0.0303
51 0.2407 0.1554 0.4604 0.0533 0.0653 0.0248
52 0.5005 0.1730 0.1743 0.0993 0.0368 0.0162
53 0.1678 0.1172 0.1873 0.4321 0.0459 0.0496
54 0.1329 0.0533 0.3240 0.4568 0.0166 0.0164
55 0.1455 0.1755 0.3955 0.2456 0.0227 0.0153
56 0.1611 0.1216 0.3689 0.2742 0.0575 0.0167
57 0.4773 0.1783 0.2102 0.0303 0.1016 0.0023
58 0.3594 0.2651 0.2080 0.0828 0.0808 0.0038
59 0.1887 0.1209 0.1918 0.3418 0.1084 0.0485
60 0.1394 0.1819 0.3318 0.1077 0.2354 0.0039
61 0.0203 0.4211 0.4211 0.1295 0.0054 0.0024
62 0.0931 0.2800 0.2081 0.3889 0.0257 0.0040
63 0.1708 0.2708 0.1259 0.2124 0.1980 0.0222
64 0.1328 0.1328 0.0865 0.5957 0.0449 0.0074
65 0.2446 0.2905 0.2881 0.0980 0.0609 0.0179
66 0.1718 0.1425 0.2258 0.3525 0.0850 0.0225
67 0.2693 0.2888 0.1583 0.0742 0.2017 0.0076
68 0.2407 0.1471 0.2192 0.1748 0.2091 0.0090
69 0.1207 0.0869 0.1840 0.3835 0.0985 0.1265
70 0.1126 0.0994 0.1976 0.2832 0.1691 0.1381
71 0.2360 0.0889 0.5615 0.0875 0.0192 0.0067
72 0.4038 0.1157 0.2212 0.1833 0.0393 0.0367
73 0.1638 0.2240 0.5503 0.0310 0.0285 0.0025
74 0.2228 0.2448 0.2729 0.2029 0.0525 0.0040
75 0.1451 0.1619 0.2178 0.4133 0.0534 0.0085
76 0.1108 0.1390 0.2054 0.5005 0.0333 0.0107
77 0.3010 0.2085 0.2419 0.1125 0.1305 0.0056
78 0.2214 0.2302 0.3403 0.0815 0.1204 0.0062
79 0.2407 0.3701 0.2192 0.0576 0.1052 0.0072
80 0.2302 0.0416 0.5312 0.1322 0.0446 0.0201
81 0.1276 0.0570 0.3386 0.4084 0.0540 0.0142
82 0.1831 0.1591 0.1437 0.2445 0.2407 0.0290
83 0.1545 0.1711 0.4990 0.1272 0.0364 0.0116
84 0.1067 0.0431 0.2156 0.5859 0.0296 0.0191
85 0.0699 0.2383 0.1357 0.2966 0.0905 0.1689
86 0.3374 0.3943 0.1113 0.0494 0.1053 0.0024
87 0.2788 0.2461 0.2349 0.0927 0.1403 0.0074
88 0.2183 0.4077 0.2825 0.0362 0.0472 0.0082
89 0.1976 0.0598 0.0898 0.5806 0.0584 0.0137
90 0.1372 0.1819 0.2446 0.3560 0.0723 0.0079
91 0.1573 0.1432 0.1501 0.4482 0.0917 0.0094
92 0.3364 0.1932 0.2856 0.1042 0.0642 0.0164
93 0.2424 0.2581 0.3042 0.1328 0.0281 0.0344
94 0.1936 0.2109 0.2688 0.1696 0.1439 0.0132
95 0.2002 0.2888 0.3889 0.0828 0.0364 0.0029
96 0.3418 0.1018 0.3445 0.1541 0.0562 0.0017
97 0.1935 0.0723 0.2815 0.1761 0.2371 0.0393
98 0.4609 0.1202 0.2751 0.0908 0.0412 0.0116
99 0.1263 0.1882 0.4111 0.2100 0.0437 0.0205
100 0.1462 0.2668 0.2776 0.1892 0.0908 0.0293
101 0.1108 0.2458 0.5762 0.0310 0.0238 0.0122
102 0.0591 0.1792 0.2607 0.4722 0.0160 0.0126
103 0.3271 0.2471 0.2113 0.1185 0.0821 0.0138
104 0.2476 0.2573 0.3306 0.0903 0.0693 0.0051
105 0.1395 0.1078 0.3169 0.3882 0.0334 0.0145
106 0.1180 0.1492 0.5127 0.1337 0.0662 0.0205
107 0.2815 0.1438 0.1483 0.3396 0.0648 0.0222
108 0.2379 0.3684 0.2493 0.0465 0.0903 0.0077
109 0.1699 0.2593 0.2269 0.1500 0.0450 0.1488
110 0.0873 0.1581 0.2355 0.2300 0.0664 0.2229
111 0.1249 0.2505 0.4326 0.0966 0.0695 0.0258
112 0.0755 0.3689 0.4246 0.0458 0.0651 0.0202
113 0.0465 0.0461 0.6938 0.1989 0.0094 0.0051
114 0.1796 0.0388 0.6270 0.1377 0.0147 0.0022
115 0.1616 0.3420 0.4751 0.0113 0.0092 0.0006
116 0.1432 0.2632 0.4729 0.0645 0.0487 0.0074
117 0.2190 0.1963 0.5420 0.0272 0.0142 0.0014
118 0.1022 0.1570 0.3123 0.3484 0.0634 0.0169
119 0.1384 0.0859 0.6201 0.1036 0.0295 0.0222
120 0.1392 0.3843 0.3611 0.0459 0.0608 0.0088
121 0.0623 0.4458 0.4321 0.0185 0.0134 0.0281
122 0.5093 0.2423 0.0428 0.0421 0.1614 0.0023
123 0.3792 0.1819 0.2751 0.0501 0.1086 0.0050
124 0.5020 0.1790 0.1299 0.0614 0.1147 0.0130
125 0.4556 0.1742 0.1637 0.0544 0.1444 0.0078
126 0.3433 0.4407 0.0760 0.0188 0.1196 0.0016
127 0.2463 0.5420 0.1404 0.0256 0.0402 0.0054
128 0.1880 0.3198 0.1780 0.1823 0.1252 0.0068
129 0.1013 0.0464 0.2246 0.5063 0.0429 0.0789
130 0.0651 0.0933 0.1025 0.2874 0.0267 0.4248
131 0.2683 0.1627 0.2155 0.0920 0.1614 0.1002
132 0.1064 0.1040 0.0737 0.1624 0.5488 0.0045
133 0.0889 0.3201 0.3569 0.1014 0.0703 0.0625
134 0.0862 0.2717 0.3228 0.1421 0.0651 0.1124
135 0.0544 0.0363 0.1348 0.6738 0.0480 0.0528
136 0.3035 0.4451 0.1650 0.0276 0.0434 0.0152
137 0.1362 0.6401 0.1777 0.0120 0.0202 0.0138
138 0.2028 0.2158 0.3264 0.1748 0.0775 0.0028
139 0.0594 0.1003 0.3997 0.4189 0.0181 0.0035
140 0.4546 0.1880 0.1233 0.0547 0.1766 0.0029
141 0.4197 0.1696 0.1656 0.0482 0.1937 0.0031
142 0.2278 0.1788 0.3394 0.1680 0.0757 0.0106
143 0.0892 0.2351 0.5254 0.1173 0.0202 0.0126
144 0.3174 0.2715 0.2032 0.1167 0.0731 0.0183
145 0.0794 0.4463 0.3530 0.0541 0.0158 0.0513
146 0.3003 0.1851 0.2693 0.0861 0.1464 0.0128
147 0.0877 0.0371 0.6899 0.1588 0.0197 0.0066
148 0.1643 0.2194 0.5737 0.0304 0.0096 0.0027
149 0.2108 0.1460 0.4978 0.1268 0.0108 0.0075
150 0.2720 0.1869 0.0918 0.0750 0.3689 0.0056
151 0.4851 0.2598 0.1001 0.0424 0.1108 0.0017
152 0.2556 0.1389 0.3958 0.1826 0.0215 0.0054
153 0.0728 0.1218 0.1058 0.2500 0.0244 0.4253
154 0.1458 0.2598 0.3992 0.1348 0.0575 0.0029
155 0.1024 0.3279 0.4922 0.0345 0.0234 0.0195
156 0.1804 0.1438 0.3191 0.1174 0.2045 0.0347
157 0.2408 0.2793 0.2974 0.0509 0.1270 0.0045
158 0.1998 0.1332 0.1848 0.3762 0.0901 0.0158
159 0.1841 0.4414 0.1870 0.1729 0.0123 0.0022
160 0.1652 0.3284 0.4216 0.0357 0.0441 0.0050
161 0.3318 0.2688 0.1605 0.0187 0.2177 0.0025
162 0.3203 0.2418 0.2184 0.0261 0.1898 0.0037
163 0.1870 0.1285 0.2517 0.4150 0.0150 0.0027
164 0.1107 0.2827 0.4553 0.1107 0.0184 0.0221
165 0.1669 0.2505 0.4131 0.1138 0.0464 0.0093
166 0.1621 0.1794 0.4441 0.1726 0.0267 0.0152
167 0.1652 0.1758 0.3442 0.2153 0.0500 0.0496
168 0.3518 0.1422 0.1016 0.2325 0.1637 0.0081
169 0.3608 0.2479 0.2766 0.0396 0.0683 0.0069
170 0.1617 0.1593 0.1331 0.3479 0.1777 0.0202
171 0.1761 0.2262 0.1630 0.1667 0.2603 0.0076
172 0.1805 0.5308 0.1509 0.0497 0.0746 0.0136
173 0.2147 0.4546 0.1595 0.0370 0.1177 0.0164
174 0.3799 0.3569 0.1910 0.0158 0.0510 0.0055
175 0.1252 0.3740 0.2959 0.1711 0.0219 0.0119
176 0.1227 0.5415 0.2744 0.0360 0.0199 0.0054
177 0.3206 0.2203 0.2852 0.0632 0.1041 0.0065
178 0.3323 0.2000 0.2888 0.0685 0.1021 0.0083
179 0.2661 0.0360 0.1759 0.4456 0.0622 0.0141
180 0.4094 0.1128 0.1874 0.1309 0.1530 0.0067
181 0.3442 0.1786 0.2620 0.0673 0.1317 0.0162
182 0.2888 0.2322 0.1659 0.1354 0.1487 0.0288
183 0.3218 0.2688 0.1791 0.0951 0.1165 0.0189
184 0.2233 0.1431 0.3198 0.2571 0.0400 0.0167
185 0.2522 0.1628 0.1268 0.3557 0.0819 0.0202
186 0.3625 0.1047 0.2050 0.2018 0.1072 0.0189
187 0.1865 0.2113 0.1698 0.2250 0.1836 0.0239
188 0.1469 0.2039 0.4929 0.1256 0.0187 0.0122
189 0.6123 0.1548 0.0543 0.0687 0.1039 0.0061
190 0.5898 0.1445 0.0732 0.0716 0.1144 0.0062
191 0.2120 0.0571 0.1786 0.3992 0.1237 0.0294
192 0.1825 0.0199 0.2573 0.4448 0.0303 0.0651
193 0.0815 0.0457 0.3889 0.4204 0.0131 0.0502
194 0.3901 0.1190 0.1539 0.0466 0.2876 0.0027
195 0.3687 0.2290 0.0810 0.0166 0.3032 0.0014
196 0.2656 0.1897 0.2437 0.0579 0.2344 0.0089
197 0.1136 0.1553 0.1349 0.1288 0.0181 0.4492
