time exciting_prob fearful_prob tense_prob sad_prob relaxing_prob neutral_prob
0 0.1136 0.1553 0.1349 0.1288 0.0181 0.4492
1 0.1589 0.1010 0.4253 0.2878 0.0137 0.0135
2 0.7383 0.0397 0.1809 0.0317 0.0089 0.0004
3 0.6035 0.0804 0.2637 0.0480 0.0037 0.0004
4 0.3188 0.0384 0.3447 0.2683 0.0194 0.0103
5 0.1919 0.1616 0.3643 0.2279 0.0384 0.0161
6 0.2727 0.1350 0.2812 0.2686 0.0219 0.0207
7 0.2032 0.1088 0.5522 0.0821 0.0131 0.0403
8 0.1119 0.1309 0.5864 0.1483 0.0073 0.0153
9 0.1162 0.4250 0.4319 0.0218 0.0023 0.0027
10 0.1549 0.0495 0.1729 0.5845 0.0232 0.0150
11 0.1472 0.1949 0.5137 0.0879 0.0384 0.0180
12 0.7808 0.0584 0.0427 0.0111 0.1065 0.0003
13 0.7852 0.0759 0.0397 0.0095 0.0895 0.0003
14 0.2024 0.1458 0.5674 0.0445 0.0294 0.0106
15 0.5967 0.0989 0.1321 0.1310 0.0266 0.0149
16 0.4658 0.0848 0.1196 0.3008 0.0213 0.0075
17 0.3118 0.1129 0.4397 0.0866 0.0422 0.0068
18 0.2590 0.1895 0.4915 0.0420 0.0137 0.0044
19 0.4456 0.0662 0.3062 0.1208 0.0473 0.0137
20 0.0719 0.2251 0.3486 0.3125 0.0309 0.0111
21 0.1225 0.2803 0.4341 0.1205 0.0251 0.0174
22 0.1371 0.0844 0.3667 0.3843 0.0034 0.0242
23 0.1984 0.0853 0.3765 0.3220 0.0032 0.0147
24 0.0880 0.3120 0.5479 0.0378 0.0111 0.0034
25 0.1209 0.4155 0.3237 0.0837 0.0489 0.0073
26 0.0904 0.0411 0.5894 0.2457 0.0148 0.0186
27 0.1621 0.0596 0.4993 0.2510 0.0148 0.0131
28 0.1213 0.0916 0.3621 0.3401 0.0258 0.0591
29 0.1356 0.0749 0.3574 0.3630 0.0243 0.0447
30 0.2095 0.1139 0.2864 0.3296 0.0329 0.0277
31 0.1420 0.0822 0.4109 0.2959 0.0343 0.0348
32 0.1127 0.0236 0.4060 0.4253 0.0153 0.0172
33 0.1221 0.0752 0.4326 0.3369 0.0037 0.0294
34 0.1569 0.0867 0.5562 0.1807 0.0051 0.0144
35 0.2307 0.1160 0.4114 0.1797 0.0345 0.0278
36 0.1570 0.1185 0.4988 0.1779 0.0348 0.0130
37 0.2421 0.2830 0.3809 0.0693 0.0222 0.0024
38 0.1174 0.0859 0.4941 0.2524 0.0387 0.0117
39 0.1292 0.0887 0.5522 0.1685 0.0461 0.0153
40 0.1682 0.0460 0.4297 0.2954 0.0302 0.0306
41 0.0959 0.1608 0.6660 0.0482 0.0279 0.0010
42 0.0751 0.1426 0.5771 0.0366 0.1680 0.0003
43 0.0486 0.1157 0.5781 0.1682 0.0887 0.0006
44 0.1056 0.1455 0.3279 0.3716 0.0472 0.0024
45 0.0423 0.3054 0.0714 0.5356 0.0447 0.0005
46 0.0359 0.3494 0.1000 0.4924 0.0213 0.0009
47 0.0858 0.3391 0.3391 0.2156 0.0187 0.0017
48 0.1667 0.2108 0.4326 0.1616 0.0136 0.0147
49 0.1326 0.3335 0.5083 0.0160 0.0021 0.0075
50 0.1414 0.2991 0.5249 0.0200 0.0089 0.0056
51 0.1777 0.2930 0.4983 0.0222 0.0060 0.0028
52 0.1316 0.3306 0.5200 0.0100 0.0036 0.0040
53 0.0436 0.5151 0.3484 0.0854 0.0063 0.0013
54 0.1987 0.4731 0.3008 0.0144 0.0108 0.0021
55 0.0202 0.0390 0.9009 0.0270 0.0110 0.0020
56 0.1362 0.3022 0.5220 0.0306 0.0069 0.0018
57 0.1132 0.1753 0.6768 0.0256 0.0073 0.0016
58 0.1572 0.2491 0.5073 0.0665 0.0181 0.0017
59 0.1472 0.0996 0.7134 0.0306 0.0076 0.0016
60 0.0908 0.1013 0.7847 0.0112 0.0108 0.0010
61 0.1077 0.1329 0.7134 0.0268 0.0186 0.0006
62 0.0989 0.0974 0.7598 0.0375 0.0050 0.0018
63 0.1710 0.0975 0.6558 0.0551 0.0175 0.0032
64 0.1079 0.0759 0.6821 0.1105 0.0178 0.0057
65 0.3213 0.2463 0.2747 0.1085 0.0425 0.0068
66 0.4312 0.0737 0.3057 0.1467 0.0255 0.0172
67 0.1780 0.1954 0.5151 0.0601 0.0133 0.0382
68 0.0525 0.0577 0.7598 0.1095 0.0127 0.0076
69 0.1140 0.0406 0.6309 0.1807 0.0211 0.0130
70 0.5103 0.0429 0.3972 0.0471 0.0018 0.0009
71 0.2771 0.2227 0.3970 0.0782 0.0191 0.0058
72 0.1890 0.0250 0.5020 0.2522 0.0210 0.0110
73 0.1633 0.1272 0.4580 0.1969 0.0159 0.0388
74 0.1604 0.1003 0.4226 0.2297 0.0191 0.0679
75 0.3501 0.1494 0.3726 0.1035 0.0100 0.0145
76 0.1107 0.1031 0.3772 0.3657 0.0174 0.0259
77 0.2295 0.0831 0.3784 0.2642 0.0212 0.0236
78 0.2869 0.0476 0.5117 0.1377 0.0061 0.0102
79 0.0670 0.0230 0.5029 0.3247 0.0307 0.0514
80 0.3491 0.2272 0.3547 0.0401 0.0015 0.0273
81 0.1720 0.1831 0.5552 0.0344 0.0141 0.0412
82 0.1081 0.0698 0.5576 0.1169 0.0749 0.0726
83 0.2386 0.0799 0.4387 0.2207 0.0081 0.0139
84 0.1838 0.1987 0.4844 0.0587 0.0552 0.0191
85 0.1052 0.1156 0.5181 0.1997 0.0248 0.0367
86 0.0531 0.0918 0.3745 0.4517 0.0228 0.0061
87 0.0427 0.0389 0.3547 0.5083 0.0417 0.0135
88 0.0300 0.0100 0.1957 0.7500 0.0093 0.0051
89 0.2032 0.1312 0.5703 0.0569 0.0197 0.0188
90 0.0994 0.1109 0.3994 0.3582 0.0148 0.0174
91 0.3938 0.1949 0.3757 0.0229 0.0105 0.0023
92 0.2927 0.3879 0.3020 0.0095 0.0030 0.0046
93 0.1296 0.1042 0.3870 0.3416 0.0071 0.0305
94 0.1052 0.1531 0.1289 0.5098 0.0250 0.0782
95 0.3259 0.0956 0.4597 0.1026 0.0080 0.0080
96 0.1387 0.0230 0.2847 0.5234 0.0265 0.0038
97 0.0870 0.0756 0.7754 0.0312 0.0253 0.0054
98 0.4062 0.0452 0.4675 0.0618 0.0147 0.0044
99 0.2024 0.0688 0.6138 0.0978 0.0119 0.0054
100 0.5298 0.0700 0.3447 0.0108 0.0333 0.0116
101 0.3345 0.0624 0.4792 0.0429 0.0288 0.0521
102 0.2549 0.0482 0.1938 0.3323 0.0197 0.1510
103 0.1421 0.0862 0.0382 0.6675 0.0382 0.0280
104 0.0839 0.1166 0.5308 0.2391 0.0099 0.0198
105 0.1514 0.0213 0.4177 0.3987 0.0053 0.0056
106 0.1553 0.0227 0.4028 0.4028 0.0066 0.0098
107 0.2284 0.0498 0.2671 0.4336 0.0168 0.0044
108 0.1582 0.0930 0.5107 0.1968 0.0127 0.0288
109 0.2097 0.0573 0.3738 0.3003 0.0078 0.0510
110 0.5269 0.1232 0.1953 0.0747 0.0329 0.0471
111 0.1500 0.0307 0.3381 0.4551 0.0052 0.0206
112 0.2113 0.0342 0.5396 0.1924 0.0106 0.0117
113 0.1431 0.0142 0.6719 0.1571 0.0067 0.0068
114 0.1376 0.0861 0.6069 0.1420 0.0112 0.0159
115 0.3030 0.1344 0.2673 0.2251 0.0218 0.0483
116 0.5527 0.1442 0.1880 0.0828 0.0226 0.0097
117 0.3953 0.1399 0.2416 0.1971 0.0082 0.0179
118 0.2649 0.0703 0.1545 0.3457 0.0591 0.1054
119 0.3398 0.2317 0.2299 0.1580 0.0235 0.0172
120 0.0567 0.0418 0.1239 0.5259 0.2191 0.0326
121 0.3579 0.1576 0.3496 0.1100 0.0231 0.0020
122 0.4907 0.0997 0.3762 0.0209 0.0077 0.0047
123 0.5107 0.1204 0.2510 0.0223 0.0719 0.0235
124 0.6465 0.2051 0.1293 0.0095 0.0090 0.0005
125 0.1174 0.0195 0.2246 0.5063 0.0083 0.1240
126 0.2690 0.0551 0.3679 0.2734 0.0047 0.0300
127 0.5479 0.0587 0.2374 0.0873 0.0446 0.0241
128 0.4382 0.0593 0.1960 0.1885 0.0276 0.0905
129 0.7417 0.0740 0.1748 0.0029 0.0059 0.0005
130 0.1621 0.0436 0.3301 0.3799 0.0211 0.0630
131 0.7339 0.0876 0.1526 0.0091 0.0152 0.0018
132 0.3235 0.0986 0.3665 0.1118 0.0092 0.0905
133 0.3787 0.0418 0.5093 0.0306 0.0258 0.0138
134 0.5898 0.1348 0.2087 0.0265 0.0301 0.0100
135 0.2461 0.1481 0.4971 0.0831 0.0233 0.0025
136 0.3459 0.1420 0.4727 0.0286 0.0104 0.0005
137 0.1377 0.0779 0.6572 0.1016 0.0185 0.0073
138 0.2412 0.2146 0.4268 0.0753 0.0316 0.0106
139 0.3689 0.1217 0.3467 0.0919 0.0557 0.0151
140 0.1910 0.2869 0.4373 0.0630 0.0127 0.0091
141 0.3210 0.1829 0.3694 0.0728 0.0477 0.0062
142 0.2197 0.1292 0.5566 0.0790 0.0132 0.0020
143 0.2688 0.1605 0.4099 0.1270 0.0121 0.0219
144 0.2319 0.1029 0.4136 0.2079 0.0125 0.0311
145 0.1057 0.0469 0.4927 0.2595 0.0593 0.0359
146 0.3057 0.1913 0.4590 0.0202 0.0094 0.0146
147 0.3418 0.1238 0.4526 0.0459 0.0071 0.0289
148 0.2786 0.3010 0.3806 0.0218 0.0142 0.0036
149 0.0283 0.0166 0.1528 0.7759 0.0057 0.0208
150 0.1237 0.0325 0.4670 0.3062 0.0576 0.0129
151 0.1083 0.0688 0.6846 0.0884 0.0073 0.0424
152 0.4412 0.0385 0.1840 0.2805 0.0437 0.0122
153 0.2605 0.1193 0.5264 0.0533 0.0250 0.0155
154 0.4653 0.1293 0.2822 0.0888 0.0218 0.0125
155 0.1964 0.1578 0.3613 0.1816 0.0381 0.0648
156 0.2505 0.1544 0.4609 0.0974 0.0189 0.0179
157 0.2590 0.0204 0.2532 0.3301 0.0141 0.1234
158 0.3760 0.0272 0.4033 0.1438 0.0201 0.0297
159 0.4014 0.0560 0.5073 0.0185 0.0109 0.0060
160 0.2517 0.0257 0.6426 0.0532 0.0103 0.0163
161 0.1422 0.1315 0.6475 0.0726 0.0014 0.0049
162 0.1436 0.0700 0.6235 0.1459 0.0101 0.0067
163 0.1218 0.1033 0.4216 0.2578 0.0667 0.0289
164 0.1006 0.1851 0.5190 0.1213 0.0649 0.0092
165 0.0415 0.1383 0.3879 0.3369 0.0623 0.0329
166 0.4575 0.0659 0.3853 0.0634 0.0171 0.0111
167 0.3357 0.1207 0.4661 0.0346 0.0365 0.0065
168 0.1002 0.1144 0.5996 0.1576 0.0266 0.0018
169 0.6147 0.0757 0.2603 0.0336 0.0123 0.0034
170 0.3386 0.3333 0.3181 0.0037 0.0050 0.0014
171 0.3721 0.1423 0.4055 0.0236 0.0154 0.0411
172 0.2413 0.0324 0.3979 0.2413 0.0104 0.0765
173 0.2416 0.0703 0.3489 0.2847 0.0211 0.0335
174 0.1517 0.0594 0.5093 0.2522 0.0177 0.0094
175 0.2827 0.3130 0.3081 0.0656 0.0139 0.0168
176 0.3201 0.1824 0.3152 0.1454 0.0189 0.0179
177 0.2285 0.3948 0.3484 0.0145 0.0083 0.0053
178 0.1205 0.0841 0.6265 0.1273 0.0144 0.0271
179 0.3342 0.1566 0.4426 0.0493 0.0056 0.0116
180 0.1173 0.2664 0.4192 0.1788 0.0079 0.0103
181 0.3813 0.1307 0.3726 0.0781 0.0159 0.0215
182 0.7271 0.0698 0.1610 0.0154 0.0215 0.0053
183 0.6855 0.0384 0.2444 0.0276 0.0015 0.0027
184 0.3926 0.0817 0.3865 0.0810 0.0205 0.0377
185 0.5488 0.0479 0.3542 0.0298 0.0118 0.0076
186 0.4980 0.0654 0.3022 0.1094 0.0068 0.0181
187 0.4084 0.0602 0.4558 0.0631 0.0064 0.0060
188 0.3762 0.1300 0.1982 0.2300 0.0460 0.0195
189 0.3027 0.1713 0.3596 0.0556 0.0601 0.0506
190 0.3145 0.0514 0.5352 0.0691 0.0132 0.0167
191 0.6069 0.0867 0.2822 0.0084 0.0122 0.0036
192 0.3486 0.1177 0.3174 0.1464 0.0298 0.0403
193 0.1798 0.2700 0.3689 0.1400 0.0188 0.0223
194 0.2490 0.0269 0.4404 0.2568 0.0146 0.0121
195 0.1688 0.0527 0.5752 0.1868 0.0059 0.0104
196 0.5625 0.1650 0.2457 0.0075 0.0170 0.0022
197 0.3381 0.1489 0.4016 0.0784 0.0208 0.0122
198 0.4795 0.1619 0.2690 0.0605 0.0148 0.0143
199 0.0700 0.1154 0.2725 0.4636 0.0346 0.0438
200 0.0536 0.2878 0.5903 0.0399 0.0231 0.0052
201 0.0851 0.1934 0.5684 0.1229 0.0163 0.0141
202 0.1317 0.1692 0.5376 0.1470 0.0105 0.0042
203 0.0292 0.1531 0.7075 0.1036 0.0051 0.0014
204 0.0486 0.2588 0.6206 0.0634 0.0078 0.0008
205 0.1255 0.0359 0.1914 0.5537 0.0195 0.0738
206 0.0744 0.0310 0.8516 0.0298 0.0108 0.0021
207 0.0668 0.0893 0.6543 0.1761 0.0109 0.0023
208 0.0608 0.1654 0.6143 0.1505 0.0074 0.0015
209 0.0562 0.1370 0.4707 0.3186 0.0153 0.0021
210 0.0225 0.3582 0.5811 0.0308 0.0056 0.0017
211 0.3689 0.2678 0.2477 0.0890 0.0136 0.0131
212 0.4590 0.0890 0.3254 0.0289 0.0856 0.0121
213 0.6504 0.1417 0.1644 0.0045 0.0364 0.0025
214 0.5605 0.1697 0.2566 0.0049 0.0063 0.0020
215 0.3833 0.0340 0.2020 0.2634 0.0055 0.1116
216 0.0529 0.0989 0.4502 0.3911 0.0051 0.0017
217 0.0229 0.3384 0.3777 0.2515 0.0064 0.0031
218 0.0323 0.0482 0.8740 0.0378 0.0068 0.0007
219 0.0100 0.0270 0.9531 0.0083 0.0012 0.0002
220 0.0063 0.0174 0.9658 0.0096 0.0007 0.0004
221 0.0145 0.0197 0.9468 0.0179 0.0010 0.0004
222 0.0332 0.1769 0.4309 0.3462 0.0092 0.0036
223 0.0815 0.0379 0.1571 0.6216 0.0204 0.0815
224 0.2866 0.1940 0.3623 0.0945 0.0510 0.0114
225 0.3875 0.0950 0.2208 0.1948 0.0865 0.0154
226 0.4121 0.1317 0.2969 0.0774 0.0762 0.0059
227 0.5068 0.1429 0.2357 0.0288 0.0834 0.0024
228 0.3904 0.2057 0.2947 0.0524 0.0541 0.0029
