time exciting_prob fearful_prob tense_prob sad_prob relaxing_prob neutral_prob
0 0.1136 0.1553 0.1349 0.1288 0.0181 0.4492
1 0.1272 0.6167 0.1105 0.0975 0.0181 0.0300
2 0.0594 0.4387 0.3311 0.0652 0.1026 0.0030
3 0.0430 0.5747 0.0953 0.2323 0.0491 0.0055
4 0.0899 0.3640 0.1437 0.2463 0.1506 0.0053
5 0.0156 0.0450 0.0092 0.8906 0.0324 0.0074
6 0.3040 0.1200 0.0387 0.1059 0.4060 0.0254
7 0.0371 0.0428 0.2539 0.3811 0.0065 0.2788
8 0.0313 0.2156 0.4424 0.2522 0.0014 0.0571
9 0.0261 0.1066 0.7397 0.0970 0.0024 0.0278
10 0.0277 0.1982 0.4683 0.1921 0.0075 0.1061
11 0.0462 0.1295 0.4314 0.3206 0.0104 0.0621
12 0.0146 0.0480 0.5078 0.3279 0.0014 0.1000
13 0.0206 0.3035 0.5669 0.0804 0.0033 0.0255
14 0.0191 0.2104 0.5547 0.1109 0.0086 0.0964
15 0.0208 0.0765 0.0526 0.6064 0.2266 0.0171
16 0.0487 0.2323 0.2051 0.4409 0.0223 0.0507
17 0.0721 0.2988 0.1676 0.3896 0.0077 0.0641
18 0.0771 0.3914 0.2449 0.2195 0.0246 0.0425
19 0.0622 0.3550 0.2087 0.2942 0.0105 0.0693
20 0.0308 0.3748 0.3105 0.1689 0.0955 0.0195
21 0.0226 0.3018 0.1707 0.3699 0.0899 0.0452
22 0.0283 0.4036 0.2485 0.2625 0.0266 0.0304
23 0.0300 0.1606 0.3025 0.3594 0.0840 0.0634
24 0.0222 0.2275 0.3723 0.3086 0.0369 0.0325
25 0.0256 0.1965 0.2949 0.3503 0.0826 0.0501
26 0.0234 0.1947 0.3259 0.3694 0.0473 0.0392
27 0.0195 0.0815 0.1242 0.6309 0.1223 0.0216
28 0.0887 0.2283 0.1750 0.4470 0.0293 0.0319
29 0.0325 0.0523 0.1610 0.7329 0.0085 0.0128
30 0.0851 0.1904 0.2603 0.4094 0.0135 0.0412
31 0.0567 0.1093 0.3699 0.3936 0.0043 0.0663
32 0.0316 0.4221 0.0844 0.3667 0.0825 0.0126
33 0.0373 0.0937 0.3706 0.3945 0.0201 0.0840
34 0.0806 0.1708 0.5098 0.0794 0.0375 0.1220
35 0.0966 0.1053 0.3320 0.2795 0.0915 0.0951
36 0.1271 0.1737 0.1737 0.1807 0.1750 0.1697
37 0.0202 0.4353 0.2600 0.2404 0.0325 0.0116
38 0.0093 0.1528 0.4287 0.2190 0.0594 0.1307
39 0.0681 0.0649 0.3198 0.4509 0.0045 0.0916
40 0.2135 0.2874 0.1411 0.3179 0.0215 0.0187
41 0.0523 0.0737 0.3923 0.2783 0.0031 0.2004
42 0.0258 0.0358 0.4426 0.1934 0.0032 0.2993
43 0.0405 0.2578 0.3257 0.2421 0.0064 0.1276
44 0.0520 0.1653 0.5508 0.1257 0.0084 0.0980
45 0.1687 0.0977 0.3923 0.2532 0.0115 0.0767
46 0.1227 0.1576 0.1871 0.3962 0.0363 0.1002
47 0.0471 0.4136 0.3271 0.0742 0.0367 0.1013
48 0.0933 0.0327 0.4180 0.3521 0.0255 0.0786
49 0.1368 0.5542 0.1613 0.0926 0.0414 0.0137
50 0.2308 0.0289 0.3206 0.3577 0.0414 0.0207
51 0.1061 0.3535 0.3425 0.0412 0.0356 0.1212
52 0.3203 0.0150 0.2456 0.3306 0.0223 0.0661
53 0.1511 0.2034 0.3655 0.1971 0.0334 0.0495
54 0.0777 0.5269 0.3621 0.0125 0.0155 0.0057
55 0.0423 0.2756 0.1343 0.4336 0.0137 0.1006
56 0.0657 0.1458 0.6230 0.0884 0.0082 0.0688
57 0.0504 0.0627 0.2292 0.6040 0.0085 0.0451
58 0.1700 0.3381 0.3772 0.0731 0.0216 0.0198
59 0.0280 0.1256 0.1379 0.6582 0.0035 0.0469
60 0.1158 0.1054 0.6558 0.0874 0.0085 0.0271
61 0.0187 0.1733 0.3557 0.4158 0.0035 0.0331
62 0.0365 0.3354 0.2252 0.3516 0.0076 0.0437
63 0.1008 0.6274 0.1411 0.0811 0.0178 0.0317
64 0.0695 0.2295 0.1553 0.4783 0.0080 0.0594
65 0.0298 0.1610 0.6572 0.1254 0.0061 0.0208
66 0.0165 0.2874 0.6475 0.0357 0.0026 0.0106
67 0.1813 0.1368 0.4348 0.1991 0.0156 0.0325
68 0.1830 0.1641 0.4321 0.1493 0.0078 0.0637
69 0.0413 0.1113 0.3650 0.4333 0.0040 0.0450
70 0.2111 0.4102 0.1848 0.0952 0.0163 0.0826
71 0.0161 0.0778 0.4768 0.0842 0.0015 0.3435
72 0.0149 0.2015 0.7256 0.0381 0.0015 0.0183
73 0.0143 0.1705 0.1787 0.5767 0.0062 0.0536
74 0.1060 0.3142 0.3879 0.1155 0.0164 0.0600
75 0.0775 0.1382 0.6494 0.1146 0.0046 0.0159
76 0.0143 0.6934 0.2323 0.0543 0.0021 0.0037
77 0.2705 0.1803 0.3613 0.1111 0.0663 0.0104
78 0.0487 0.0223 0.6123 0.1525 0.0315 0.1324
79 0.0606 0.2361 0.4768 0.0574 0.1525 0.0166
80 0.1937 0.2145 0.1968 0.2546 0.1157 0.0246
81 0.1160 0.4446 0.3179 0.0992 0.0124 0.0100
82 0.0276 0.2725 0.3667 0.2520 0.0058 0.0756
83 0.1357 0.1943 0.3748 0.2698 0.0044 0.0210
84 0.2957 0.1725 0.4104 0.0808 0.0193 0.0213
85 0.2249 0.0605 0.2357 0.4202 0.0252 0.0334
86 0.0458 0.1785 0.2852 0.4150 0.0105 0.0651
87 0.1427 0.1094 0.1721 0.4065 0.0396 0.1299
88 0.1569 0.2527 0.5146 0.0230 0.0187 0.0342
89 0.2101 0.4114 0.1315 0.1661 0.0458 0.0351
90 0.0490 0.3647 0.3882 0.1791 0.0060 0.0130
91 0.1493 0.0762 0.2969 0.2878 0.1772 0.0125
92 0.1124 0.1586 0.4661 0.1797 0.0401 0.0433
93 0.1046 0.0881 0.1453 0.5654 0.0138 0.0828
94 0.0356 0.0909 0.6021 0.1282 0.0815 0.0615
95 0.0108 0.0367 0.1543 0.2927 0.4607 0.0449
96 0.0079 0.0715 0.2236 0.2307 0.3926 0.0737
97 0.1871 0.0694 0.3550 0.3135 0.0646 0.0104
98 0.1167 0.1105 0.7095 0.0132 0.0475 0.0028
99 0.0224 0.4617 0.1711 0.2693 0.0064 0.0692
100 0.3403 0.0778 0.4236 0.0975 0.0324 0.0282
101 0.0873 0.0923 0.6816 0.0314 0.0952 0.0120
102 0.1265 0.1169 0.5405 0.0607 0.0955 0.0597
103 0.0477 0.0657 0.2559 0.4780 0.0092 0.1436
104 0.0128 0.1260 0.7139 0.0900 0.0012 0.0563
105 0.0942 0.1371 0.1888 0.4822 0.0256 0.0722
106 0.1190 0.4058 0.4458 0.0219 0.0066 0.0010
107 0.0194 0.1813 0.5942 0.1246 0.0047 0.0756
108 0.0551 0.1440 0.4236 0.3147 0.0120 0.0506
109 0.0864 0.2312 0.4744 0.1665 0.0135 0.0280
110 0.0931 0.0848 0.6562 0.1123 0.0203 0.0332
111 0.1305 0.1108 0.1625 0.4214 0.1490 0.0257
112 0.1354 0.2432 0.3003 0.1765 0.1194 0.0254
113 0.0900 0.2354 0.5303 0.0908 0.0201 0.0334
114 0.2050 0.2759 0.4619 0.0391 0.0144 0.0038
115 0.0094 0.1602 0.1191 0.6743 0.0042 0.0326
116 0.1373 0.1290 0.3345 0.2335 0.1416 0.0240
117 0.2269 0.2825 0.2737 0.1674 0.0410 0.0087
118 0.0291 0.2167 0.6938 0.0407 0.0043 0.0154
119 0.3149 0.4729 0.0772 0.0797 0.0286 0.0267
120 0.0807 0.1749 0.7251 0.0112 0.0055 0.0023
121 0.0422 0.1593 0.7715 0.0219 0.0027 0.0023
122 0.0770 0.0806 0.6968 0.1351 0.0067 0.0039
123 0.0590 0.1506 0.7412 0.0412 0.0045 0.0035
124 0.0363 0.1772 0.7012 0.0541 0.0051 0.0261
125 0.0172 0.1803 0.7471 0.0250 0.0019 0.0285
126 0.0525 0.1094 0.4260 0.3020 0.0166 0.0936
127 0.0328 0.2258 0.5679 0.1528 0.0090 0.0119
128 0.0591 0.1167 0.2471 0.5396 0.0180 0.0193
129 0.0581 0.4194 0.4194 0.0943 0.0048 0.0041
130 0.1089 0.4272 0.2847 0.1159 0.0205 0.0430
131 0.0467 0.0735 0.1819 0.6152 0.0067 0.0758
132 0.1329 0.2444 0.4426 0.1483 0.0235 0.0083
133 0.0316 0.2197 0.2822 0.1633 0.0076 0.2957
134 0.0449 0.2646 0.1438 0.3450 0.0050 0.1967
135 0.0112 0.0927 0.0781 0.1459 0.0082 0.6641
136 0.1361 0.0638 0.2881 0.2666 0.2141 0.0313
137 0.2137 0.0934 0.2404 0.3750 0.0710 0.0065
138 0.1307 0.0442 0.2332 0.4937 0.0657 0.0326
139 0.1267 0.1267 0.4219 0.2441 0.0733 0.0073
140 0.2235 0.0646 0.3801 0.1897 0.1366 0.0053
141 0.1251 0.0859 0.4399 0.2111 0.1184 0.0195
142 0.0247 0.2294 0.2122 0.3608 0.0024 0.1704
143 0.1782 0.0849 0.5405 0.1294 0.0544 0.0124
144 0.0077 0.0562 0.2678 0.4084 0.0039 0.2556
145 0.0636 0.0925 0.2720 0.4277 0.0118 0.1324
146 0.2399 0.1675 0.3438 0.0720 0.1624 0.0145
147 0.2136 0.2346 0.3750 0.0544 0.1171 0.0053
148 0.0900 0.0629 0.6348 0.1508 0.0375 0.0239
149 0.1182 0.1995 0.5591 0.0885 0.0270 0.0076
150 0.0388 0.1533 0.4722 0.3098 0.0083 0.0177
151 0.0207 0.2330 0.5415 0.1759 0.0111 0.0177
152 0.0455 0.1144 0.2500 0.3933 0.0022 0.1947
153 0.1186 0.1442 0.3828 0.2251 0.0135 0.1158
154 0.1610 0.1824 0.3276 0.2512 0.0170 0.0606
155 0.2050 0.1293 0.3892 0.0737 0.1957 0.0074
156 0.0134 0.1608 0.7554 0.0332 0.0042 0.0332
157 0.0185 0.2053 0.7056 0.0570 0.0022 0.0117
158 0.0768 0.0473 0.2944 0.4351 0.0970 0.0496
159 0.0994 0.1277 0.4351 0.1718 0.1306 0.0354
160 0.1170 0.2273 0.4663 0.0738 0.1065 0.0089
161 0.0035 0.0468 0.1354 0.3149 0.0041 0.4954
162 0.0687 0.1595 0.6826 0.0204 0.0671 0.0017
163 0.0346 0.0726 0.0940 0.2849 0.0058 0.5078
164 0.0559 0.0867 0.5225 0.2668 0.0024 0.0654
165 0.0913 0.0399 0.4495 0.3726 0.0174 0.0292
166 0.0870 0.1575 0.4417 0.2764 0.0184 0.0193
167 0.0569 0.0284 0.7734 0.1205 0.0142 0.0063
168 0.1555 0.2544 0.2335 0.2817 0.0158 0.0591
169 0.0615 0.1272 0.3274 0.3540 0.0076 0.1223
170 0.0480 0.3689 0.4180 0.1207 0.0245 0.0199
171 0.1310 0.1847 0.5181 0.0826 0.0614 0.0222
172 0.0699 0.2405 0.6138 0.0536 0.0036 0.0184
173 0.0994 0.1801 0.3811 0.2441 0.0355 0.0598
174 0.1543 0.2466 0.5098 0.0363 0.0415 0.0115
175 0.1622 0.1572 0.2252 0.4014 0.0322 0.0218
176 0.0767 0.2554 0.6318 0.0220 0.0093 0.0050
177 0.0666 0.2827 0.2134 0.1501 0.0133 0.2739
178 0.0743 0.5405 0.3179 0.0635 0.0019 0.0017
179 0.1719 0.3784 0.2462 0.1298 0.0308 0.0431
180 0.1835 0.3677 0.2507 0.1697 0.0159 0.0124
181 0.0607 0.2291 0.2786 0.3718 0.0091 0.0507
182 0.0494 0.2776 0.4507 0.0675 0.1486 0.0062
183 0.1210 0.4602 0.2388 0.0769 0.0872 0.0157
184 0.1250 0.0375 0.2605 0.4717 0.0782 0.0270
185 0.1151 0.0969 0.4697 0.2761 0.0357 0.0064
186 0.0297 0.0814 0.1362 0.3762 0.0062 0.3704
187 0.0634 0.3706 0.4333 0.1005 0.0209 0.0110
188 0.1327 0.1814 0.6040 0.0462 0.0298 0.0059
189 0.2856 0.2769 0.2727 0.0529 0.1003 0.0115
190 0.0190 0.0741 0.3647 0.4399 0.0043 0.0981
191 0.1000 0.1825 0.3804 0.2871 0.0230 0.0269
192 0.0581 0.2078 0.3218 0.2585 0.0299 0.1240
193 0.0457 0.1987 0.3276 0.2759 0.0017 0.1500
194 0.0369 0.1239 0.8081 0.0264 0.0028 0.0020
195 0.1472 0.1542 0.6196 0.0378 0.0326 0.0087
196 0.0953 0.3030 0.1432 0.3628 0.0221 0.0737
197 0.1248 0.4937 0.2856 0.0627 0.0065 0.0266
198 0.0577 0.0577 0.1473 0.6709 0.0124 0.0542
199 0.0297 0.4402 0.2145 0.2754 0.0108 0.0295
200 0.0699 0.1276 0.3389 0.4216 0.0076 0.0343
201 0.0788 0.3044 0.3972 0.1891 0.0057 0.0248
202 0.0052 0.4653 0.0802 0.4370 0.0024 0.0099
203 0.0625 0.1014 0.2510 0.4690 0.0206 0.0953
204 0.0182 0.2878 0.5635 0.0673 0.0096 0.0536
205 0.0033 0.2310 0.1401 0.6084 0.0020 0.0151
206 0.0247 0.6323 0.2849 0.0499 0.0037 0.0044
207 0.0621 0.1226 0.3333 0.4346 0.0395 0.0080
208 0.0467 0.2125 0.3242 0.3450 0.0121 0.0595
209 0.0637 0.2072 0.1401 0.5127 0.0622 0.0143
210 0.1174 0.4497 0.1415 0.1495 0.1372 0.0046
211 0.0657 0.3748 0.4314 0.0863 0.0093 0.0325
212 0.0173 0.3843 0.2295 0.2947 0.0536 0.0207
213 0.1034 0.1328 0.4563 0.2725 0.0070 0.0283
214 0.1281 0.0559 0.5737 0.2111 0.0072 0.0242
215 0.1445 0.3257 0.3838 0.1066 0.0095 0.0301
216 0.0643 0.2883 0.4678 0.1260 0.0352 0.0184
217 0.0212 0.2301 0.6157 0.1213 0.0006 0.0108
218 0.0821 0.3735 0.4104 0.0887 0.0216 0.0237
219 0.1042 0.2074 0.2834 0.3472 0.0193 0.0384
220 0.1646 0.2180 0.2080 0.3220 0.0510 0.0364
221 0.0429 0.2429 0.4038 0.0108 0.2886 0.0112
222 0.0544 0.2325 0.3689 0.0056 0.3333 0.0055
223 0.0592 0.2651 0.2913 0.2822 0.0085 0.0938
224 0.0719 0.2356 0.4473 0.1475 0.0189 0.0789
225 0.0487 0.4617 0.4270 0.0457 0.0054 0.0114
226 0.0840 0.2957 0.4104 0.1685 0.0185 0.0230
227 0.0759 0.1232 0.5518 0.1877 0.0439 0.0173
228 0.0627 0.2421 0.2346 0.1074 0.3257 0.0274
229 0.0414 0.4377 0.3438 0.1598 0.0045 0.0129
230 0.1190 0.2402 0.3665 0.1390 0.0335 0.1017
231 0.0850 0.0584 0.5542 0.2421 0.0272 0.0333
232 0.0188 0.3203 0.3057 0.2961 0.0027 0.0565
233 0.0919 0.1316 0.4666 0.2744 0.0156 0.0199
234 0.0880 0.3972 0.4294 0.0474 0.0347 0.0034
235 0.0199 0.2125 0.5869 0.1472 0.0040 0.0294
236 0.0941 0.1962 0.6738 0.0267 0.0031 0.0060
237 0.1121 0.2391 0.4756 0.1260 0.0345 0.0128
238 0.0727 0.4182 0.4053 0.0762 0.0032 0.0245
239 0.1134 0.0519 0.4556 0.2942 0.0253 0.0598
240 0.0385 0.1428 0.3481 0.4133 0.0237 0.0334
241 0.2852 0.2169 0.3206 0.0693 0.1025 0.0055
242 0.0745 0.2991 0.2188 0.2292 0.0027 0.1758
243 0.1313 0.1489 0.6885 0.0220 0.0018 0.0076
244 0.1805 0.1300 0.6606 0.0193 0.0047 0.0049
245 0.0363 0.5645 0.1655 0.1708 0.0099 0.0533
246 0.0719 0.1970 0.1204 0.4475 0.0319 0.1312
247 0.1611 0.2307 0.5117 0.0823 0.0041 0.0099
248 0.1647 0.2512 0.4692 0.0953 0.0083 0.0114
249 0.0832 0.5386 0.1174 0.1592 0.0659 0.0361
250 0.1418 0.1510 0.3564 0.2910 0.0345 0.0252
251 0.1136 0.1553 0.1349 0.1288 0.0181 0.4492
