time exciting_prob fearful_prob tense_prob sad_prob relaxing_prob neutral_prob
0 0.1145 0.1200 0.1917 0.3525 0.0234 0.1978
1 0.2686 0.3728 0.1680 0.1011 0.0740 0.0157
2 0.3533 0.2883 0.1936 0.1174 0.0393 0.0078
3 0.0939 0.4077 0.2673 0.1866 0.0362 0.0083
4 0.3074 0.2607 0.1924 0.1807 0.0506 0.0082
5 0.0533 0.3215 0.4194 0.1832 0.0187 0.0035
6 0.0714 0.1344 0.4236 0.3250 0.0400 0.0058
7 0.0150 0.2352 0.4607 0.2109 0.0076 0.0706
8 0.0676 0.1432 0.2435 0.4551 0.0251 0.0656
9 0.0623 0.2856 0.3784 0.2482 0.0217 0.0037
10 0.0945 0.5879 0.2734 0.0166 0.0256 0.0017
11 0.1169 0.3489 0.4551 0.0261 0.0503 0.0029
12 0.0630 0.2361 0.5752 0.0096 0.1151 0.0008
13 0.0784 0.2181 0.5571 0.0085 0.1365 0.0016
14 0.3740 0.1809 0.2396 0.0703 0.1344 0.0007
15 0.4468 0.3320 0.1709 0.0396 0.0077 0.0030
16 0.0363 0.3037 0.6230 0.0166 0.0191 0.0012
17 0.0872 0.0818 0.1309 0.5771 0.0474 0.0757
18 0.2573 0.1377 0.5361 0.0458 0.0174 0.0055
19 0.0789 0.2798 0.5146 0.0776 0.0342 0.0152
20 0.2668 0.2373 0.3047 0.1069 0.0643 0.0201
21 0.0448 0.0508 0.7939 0.0673 0.0052 0.0380
22 0.0601 0.1131 0.7148 0.0854 0.0085 0.0180
23 0.0492 0.3718 0.2764 0.1785 0.1143 0.0099
24 0.2454 0.3301 0.2493 0.1409 0.0154 0.0189
25 0.0225 0.4182 0.3208 0.1091 0.1058 0.0236
26 0.0979 0.3813 0.2500 0.2349 0.0201 0.0157
27 0.0786 0.2786 0.3635 0.1842 0.0884 0.0067
28 0.0679 0.1459 0.6240 0.1459 0.0151 0.0010
29 0.0890 0.0947 0.3867 0.3577 0.0704 0.0016
30 0.0565 0.1008 0.6177 0.2102 0.0101 0.0046
31 0.0980 0.1720 0.6543 0.0599 0.0133 0.0028
32 0.2522 0.1318 0.3447 0.1760 0.0942 0.0010
33 0.2245 0.0638 0.4001 0.1803 0.1259 0.0053
34 0.0081 0.3547 0.5942 0.0181 0.0240 0.0008
35 0.0052 0.5029 0.3916 0.0901 0.0097 0.0005
36 0.1144 0.2876 0.3416 0.1277 0.1277 0.0012
37 0.0680 0.2047 0.3169 0.3169 0.0880 0.0053
38 0.0562 0.1075 0.2500 0.4456 0.1317 0.0089
39 0.1066 0.0688 0.2155 0.4219 0.0545 0.1327
40 0.1425 0.2172 0.2747 0.2139 0.0642 0.0878
41 0.1394 0.2837 0.3215 0.1310 0.0643 0.0600
42 0.0612 0.0704 0.1663 0.6079 0.0565 0.0377
43 0.0588 0.2512 0.1016 0.1648 0.4209 0.0027
44 0.0415 0.2622 0.1802 0.3584 0.1471 0.0108
45 0.1410 0.2476 0.0890 0.3279 0.0189 0.1755
46 0.0938 0.0670 0.0147 0.7036 0.1105 0.0105
47 0.0814 0.0568 0.0103 0.7197 0.1193 0.0124
48 0.0843 0.0637 0.0109 0.6948 0.1327 0.0134
49 0.2649 0.1203 0.0801 0.1261 0.3765 0.0321
50 0.1803 0.1119 0.1102 0.0256 0.5425 0.0294
51 0.1802 0.4976 0.2483 0.0132 0.0604 0.0004
52 0.4265 0.1231 0.1231 0.0207 0.3025 0.0042
53 0.2874 0.1743 0.1870 0.0338 0.3132 0.0045
54 0.2581 0.0972 0.0987 0.1436 0.3667 0.0360
55 0.1879 0.3220 0.3220 0.1046 0.0551 0.0085
56 0.1003 0.0700 0.0684 0.0567 0.6963 0.0083
57 0.0636 0.4417 0.0721 0.3989 0.0145 0.0092
58 0.0241 0.0611 0.3149 0.0088 0.5884 0.0024
59 0.0203 0.1166 0.3269 0.0113 0.5225 0.0024
60 0.1948 0.1382 0.2091 0.0673 0.3669 0.0236
61 0.2252 0.1254 0.2847 0.0206 0.3252 0.0188
62 0.1608 0.4617 0.2549 0.0565 0.0620 0.0042
63 0.1595 0.4690 0.0888 0.2671 0.0085 0.0070
64 0.2354 0.0467 0.1077 0.0064 0.5962 0.0075
65 0.1289 0.2389 0.1183 0.1036 0.3616 0.0489
66 0.2084 0.2986 0.0911 0.0523 0.3228 0.0269
67 0.3911 0.2229 0.2817 0.0207 0.0826 0.0009
68 0.2383 0.4966 0.1390 0.0431 0.0811 0.0020
69 0.2825 0.4958 0.0676 0.0293 0.1234 0.0013
70 0.1830 0.2330 0.2241 0.0906 0.1801 0.0892
71 0.1317 0.0781 0.0603 0.0085 0.7124 0.0090
72 0.2097 0.1088 0.2197 0.2693 0.1909 0.0017
73 0.0422 0.1567 0.4326 0.0196 0.3477 0.0010
74 0.0406 0.1486 0.4795 0.0151 0.3145 0.0018
75 0.0251 0.2915 0.5034 0.0503 0.1273 0.0023
76 0.4326 0.1803 0.1531 0.0062 0.2244 0.0036
77 0.4758 0.1451 0.1212 0.0118 0.2393 0.0068
78 0.2629 0.1431 0.1499 0.1986 0.2413 0.0041
79 0.2166 0.3054 0.2098 0.0514 0.2131 0.0038
80 0.3237 0.1163 0.3845 0.0062 0.1680 0.0011
81 0.1096 0.2147 0.3511 0.0271 0.2888 0.0085
82 0.1083 0.2328 0.2944 0.0357 0.3181 0.0106
83 0.0641 0.1490 0.3203 0.2101 0.2534 0.0029
84 0.0447 0.3301 0.2529 0.0848 0.2866 0.0008
85 0.0971 0.1447 0.2661 0.2072 0.2832 0.0018
86 0.0621 0.0320 0.0876 0.0080 0.8052 0.0050
87 0.0860 0.1062 0.4368 0.0288 0.3401 0.0021
88 0.1427 0.1450 0.2229 0.1028 0.3674 0.0192
89 0.2042 0.2091 0.3447 0.0470 0.1874 0.0076
90 0.1008 0.4924 0.3835 0.0116 0.0106 0.0008
91 0.0572 0.3970 0.5342 0.0057 0.0054 0.0005
92 0.1449 0.3267 0.2466 0.1211 0.1567 0.0040
93 0.0630 0.2068 0.6675 0.0312 0.0124 0.0188
94 0.0642 0.3159 0.4971 0.0870 0.0325 0.0034
95 0.0267 0.0397 0.0924 0.0032 0.8364 0.0016
96 0.0154 0.0393 0.0949 0.0034 0.8462 0.0010
97 0.0165 0.1027 0.7124 0.0064 0.1541 0.0077
98 0.0619 0.3452 0.3218 0.0212 0.2487 0.0013
99 0.0698 0.3955 0.5000 0.0188 0.0139 0.0020
100 0.0728 0.0467 0.4531 0.0572 0.3420 0.0283
101 0.2345 0.2920 0.2874 0.0424 0.1389 0.0048
102 0.2452 0.4583 0.1766 0.0105 0.1088 0.0005
103 0.0073 0.0637 0.0857 0.0037 0.8389 0.0007
104 0.0114 0.0652 0.1257 0.0023 0.7944 0.0009
105 0.1534 0.2250 0.3979 0.0091 0.2080 0.0065
106 0.1826 0.0993 0.1813 0.0325 0.4592 0.0451
107 0.0345 0.1301 0.6606 0.0385 0.0867 0.0498
108 0.0207 0.1199 0.7461 0.0253 0.0662 0.0218
109 0.0401 0.1881 0.6670 0.0131 0.0861 0.0054
110 0.0275 0.1970 0.6665 0.0573 0.0461 0.0055
111 0.1047 0.3711 0.2183 0.2434 0.0539 0.0085
112 0.0294 0.4062 0.2010 0.3367 0.0187 0.0078
113 0.0867 0.5352 0.3003 0.0526 0.0154 0.0096
114 0.0970 0.6177 0.1715 0.0414 0.0704 0.0019
115 0.1631 0.2263 0.2585 0.0222 0.3242 0.0057
116 0.1240 0.0634 0.1461 0.0122 0.6445 0.0096
117 0.1844 0.1238 0.3613 0.0421 0.2749 0.0135
118 0.3315 0.1035 0.3213 0.0199 0.2157 0.0080
119 0.0393 0.2010 0.7129 0.0224 0.0240 0.0005
120 0.0573 0.1418 0.6875 0.0045 0.1071 0.0019
121 0.3228 0.0862 0.2051 0.0257 0.3489 0.0116
122 0.0540 0.2942 0.0836 0.4380 0.1207 0.0096
123 0.2036 0.1206 0.4482 0.0630 0.1206 0.0440
124 0.3416 0.1691 0.2944 0.0057 0.1678 0.0213
125 0.1460 0.1427 0.2141 0.0181 0.4751 0.0040
126 0.0196 0.1543 0.1299 0.0149 0.6807 0.0005
127 0.3674 0.3142 0.0974 0.0782 0.1351 0.0077
128 0.1949 0.5381 0.1340 0.0613 0.0604 0.0111
129 0.0706 0.1119 0.2812 0.0086 0.5176 0.0101
130 0.0531 0.1099 0.0410 0.7866 0.0061 0.0033
131 0.1732 0.2277 0.0485 0.3784 0.0831 0.0892
132 0.1852 0.2571 0.0565 0.4014 0.0615 0.0385
133 0.0989 0.7085 0.0165 0.0087 0.1670 0.0003
134 0.1063 0.7856 0.0327 0.0179 0.0565 0.0010
135 0.0613 0.0751 0.5464 0.0313 0.2791 0.0070
136 0.2476 0.5000 0.1024 0.0220 0.1255 0.0025
137 0.3914 0.3193 0.0685 0.0237 0.1697 0.0273
138 0.0199 0.2388 0.4749 0.0085 0.2388 0.0191
139 0.0841 0.4956 0.0611 0.0394 0.3174 0.0023
140 0.1126 0.5166 0.0699 0.0211 0.2786 0.0011
141 0.0091 0.6279 0.3013 0.0417 0.0182 0.0014
142 0.0627 0.2386 0.4600 0.0213 0.2073 0.0102
143 0.2297 0.4426 0.1229 0.0107 0.1919 0.0020
144 0.1252 0.0650 0.3623 0.1272 0.2822 0.0379
145 0.1675 0.1624 0.2534 0.1636 0.2515 0.0016
146 0.1548 0.2416 0.3950 0.0454 0.1621 0.0011
147 0.4246 0.1514 0.1812 0.0312 0.2021 0.0096
148 0.0532 0.3777 0.4214 0.0179 0.1285 0.0013
149 0.1078 0.0916 0.2732 0.0235 0.4949 0.0089
150 0.0284 0.1498 0.6929 0.0324 0.0938 0.0030
151 0.2151 0.2698 0.2615 0.2052 0.0434 0.0050
152 0.1113 0.1521 0.1301 0.5146 0.0847 0.0070
153 0.1254 0.0939 0.2937 0.0433 0.4341 0.0098
154 0.1179 0.3518 0.2739 0.0842 0.1661 0.0059
155 0.1581 0.2817 0.1556 0.2998 0.0951 0.0096
156 0.2430 0.1644 0.1271 0.2842 0.1765 0.0046
157 0.0118 0.0476 0.0693 0.0130 0.8569 0.0011
158 0.0075 0.0247 0.0359 0.0045 0.9268 0.0004
159 0.0494 0.2415 0.3569 0.0778 0.2651 0.0091
160 0.0950 0.2208 0.3420 0.0073 0.3315 0.0031
161 0.0291 0.1609 0.2781 0.0991 0.4304 0.0025
162 0.0159 0.0696 0.1683 0.0027 0.7427 0.0010
163 0.0083 0.0162 0.0526 0.0037 0.9189 0.0003
164 0.0453 0.0685 0.1417 0.0122 0.7310 0.0012
165 0.0815 0.3770 0.4441 0.0650 0.0286 0.0037
166 0.0798 0.2656 0.4963 0.0414 0.1074 0.0095
167 0.0492 0.3960 0.2054 0.3132 0.0296 0.0065
168 0.1181 0.2766 0.2443 0.3064 0.0366 0.0181
169 0.1210 0.1720 0.4604 0.0096 0.2352 0.0016
170 0.1616 0.1694 0.4941 0.0090 0.1642 0.0017
171 0.1174 0.1351 0.5962 0.0555 0.0807 0.0154
172 0.1526 0.3806 0.3867 0.0646 0.0106 0.0047
173 0.1177 0.3052 0.4954 0.0429 0.0342 0.0046
174 0.1132 0.2981 0.5229 0.0334 0.0307 0.0015
175 0.0211 0.2229 0.5874 0.1484 0.0032 0.0172
176 0.0945 0.1910 0.6216 0.0191 0.0610 0.0130
177 0.1260 0.1920 0.5513 0.0375 0.0907 0.0023
178 0.1362 0.4397 0.3372 0.0336 0.0521 0.0013
179 0.2094 0.2585 0.4756 0.0239 0.0297 0.0029
180 0.2734 0.1865 0.3403 0.1765 0.0197 0.0036
181 0.1716 0.2152 0.4851 0.1108 0.0152 0.0020
182 0.1294 0.1526 0.5757 0.1107 0.0291 0.0025
183 0.1375 0.3098 0.3796 0.1333 0.0049 0.0348
184 0.1162 0.2559 0.4856 0.0622 0.0716 0.0086
185 0.1974 0.3491 0.4211 0.0160 0.0132 0.0030
186 0.1350 0.4785 0.3188 0.0204 0.0425 0.0050
187 0.3745 0.2118 0.3745 0.0109 0.0249 0.0034
188 0.2864 0.1722 0.4683 0.0412 0.0262 0.0057
189 0.0584 0.2291 0.6226 0.0710 0.0166 0.0021
190 0.0893 0.5869 0.2905 0.0184 0.0105 0.0044
191 0.1774 0.1888 0.3420 0.1888 0.0988 0.0042
192 0.1416 0.1069 0.6055 0.0782 0.0393 0.0288
193 0.1367 0.4019 0.4146 0.0063 0.0386 0.0018
194 0.1838 0.1609 0.3831 0.1097 0.1584 0.0040
195 0.1063 0.1499 0.6509 0.0332 0.0534 0.0061
196 0.2386 0.3474 0.2925 0.0995 0.0201 0.0020
197 0.0729 0.2776 0.5474 0.0713 0.0186 0.0122
198 0.1525 0.2534 0.5039 0.0395 0.0484 0.0023
199 0.1105 0.1924 0.6162 0.0660 0.0139 0.0008
200 0.1525 0.1754 0.5708 0.0539 0.0320 0.0153
201 0.1704 0.2258 0.3442 0.1307 0.1135 0.0152
202 0.1553 0.4287 0.3340 0.0504 0.0248 0.0067
203 0.2344 0.2101 0.3926 0.0225 0.1389 0.0017
204 0.0906 0.1641 0.3313 0.3528 0.0477 0.0136
205 0.0620 0.1895 0.3767 0.0112 0.3596 0.0010
206 0.1436 0.2725 0.4934 0.0231 0.0623 0.0052
207 0.0630 0.1636 0.2417 0.4309 0.0269 0.0737
208 0.0556 0.2233 0.5791 0.1234 0.0148 0.0037
209 0.1543 0.1891 0.5645 0.0323 0.0577 0.0019
210 0.1321 0.2468 0.4102 0.0464 0.1569 0.0077
211 0.1754 0.2893 0.4409 0.0388 0.0539 0.0016
212 0.3342 0.2028 0.2209 0.0046 0.2334 0.0039
213 0.0535 0.2067 0.7100 0.0132 0.0149 0.0018
214 0.0191 0.3657 0.5576 0.0348 0.0159 0.0065
215 0.0982 0.2047 0.3591 0.2507 0.0685 0.0186
216 0.0578 0.1114 0.7266 0.0097 0.0916 0.0032
217 0.0779 0.1152 0.6475 0.1161 0.0280 0.0151
218 0.0701 0.1904 0.5776 0.0648 0.0832 0.0140
219 0.0652 0.1946 0.6089 0.0448 0.0780 0.0086
220 0.1823 0.3250 0.3979 0.0295 0.0630 0.0024
221 0.1603 0.2812 0.4565 0.0500 0.0485 0.0032
222 0.0316 0.5103 0.4099 0.0196 0.0186 0.0099
223 0.2380 0.1884 0.4519 0.0236 0.0856 0.0126
224 0.2284 0.2319 0.4265 0.0834 0.0262 0.0035
225 0.0346 0.0955 0.4414 0.1326 0.2118 0.0842
226 0.0729 0.2108 0.3940 0.0316 0.2837 0.0069
227 0.0437 0.1730 0.6230 0.1390 0.0127 0.0084
228 0.0388 0.2588 0.6206 0.0339 0.0235 0.0246
229 0.0275 0.1632 0.7314 0.0482 0.0148 0.0145
230 0.0748 0.4583 0.3005 0.1195 0.0345 0.0124
231 0.0754 0.3298 0.4302 0.0192 0.1385 0.0066
232 0.0549 0.3015 0.5293 0.0452 0.0612 0.0079
233 0.0779 0.3154 0.5283 0.0177 0.0588 0.0022
234 0.1759 0.2725 0.1931 0.3184 0.0352 0.0049
235 0.0863 0.1357 0.2007 0.4451 0.0312 0.1009
236 0.1367 0.1265 0.4553 0.2438 0.0343 0.0034
237 0.2185 0.1742 0.5322 0.0312 0.0424 0.0015
238 0.2152 0.1599 0.4521 0.0182 0.1526 0.0017
239 0.1661 0.1926 0.4919 0.0138 0.1334 0.0019
240 0.0842 0.3127 0.5078 0.0666 0.0257 0.0030
241 0.1582 0.2468 0.4758 0.0610 0.0453 0.0128
242 0.1689 0.2656 0.5122 0.0182 0.0327 0.0021
243 0.2979 0.3621 0.2112 0.0345 0.0847 0.0100
244 0.1310 0.3879 0.3760 0.0148 0.0900 0.0002
245 0.1099 0.6177 0.2457 0.0060 0.0203 0.0002
246 0.0160 0.6060 0.2373 0.0064 0.1331 0.0014
247 0.0058 0.0490 0.0619 0.0015 0.8809 0.0008
248 0.0072 0.0223 0.0361 0.0006 0.9321 0.0017
249 0.0433 0.2001 0.7095 0.0116 0.0353 0.0004
250 0.0897 0.2477 0.6377 0.0073 0.0177 0.0001
251 0.0154 0.4006 0.5737 0.0076 0.0013 0.0015
252 0.0153 0.6313 0.0803 0.0239 0.2472 0.0022
253 0.0283 0.1392 0.0728 0.0050 0.7524 0.0024
254 0.0159 0.0943 0.0723 0.0145 0.7896 0.0138
255 0.0544 0.2438 0.6626 0.0300 0.0064 0.0030
256 0.0325 0.2966 0.1886 0.0099 0.4668 0.0054
257 0.1622 0.1810 0.5078 0.0611 0.0692 0.0188
258 0.1245 0.2271 0.5889 0.0330 0.0218 0.0047
259 0.0287 0.1860 0.7246 0.0092 0.0347 0.0169
260 0.0434 0.2874 0.6182 0.0072 0.0325 0.0114
261 0.0218 0.5005 0.1527 0.0181 0.3037 0.0033
262 0.0387 0.3562 0.5264 0.0577 0.0184 0.0026
263 0.0528 0.2900 0.6436 0.0099 0.0035 0.0003
264 0.0432 0.3621 0.5605 0.0121 0.0211 0.0010
265 0.0126 0.0787 0.0812 0.0065 0.8203 0.0005
266 0.0244 0.2947 0.1553 0.0157 0.5093 0.0009
267 0.1052 0.2505 0.6099 0.0054 0.0281 0.0009
268 0.0267 0.6611 0.1429 0.0379 0.1301 0.0013
269 0.0771 0.1852 0.7207 0.0085 0.0080 0.0003
270 0.0259 0.4480 0.1304 0.0113 0.3657 0.0188
271 0.0581 0.3970 0.4568 0.0695 0.0164 0.0023
272 0.0083 0.2815 0.6650 0.0079 0.0369 0.0005
273 0.0379 0.5566 0.3220 0.0624 0.0173 0.0040
274 0.0167 0.4883 0.3152 0.1489 0.0267 0.0042
275 0.0562 0.2386 0.6904 0.0069 0.0053 0.0025
276 0.0602 0.1367 0.7749 0.0085 0.0191 0.0007
277 0.0652 0.3928 0.5127 0.0111 0.0174 0.0010
278 0.1031 0.4243 0.4243 0.0042 0.0437 0.0003
279 0.0593 0.4487 0.4487 0.0068 0.0338 0.0026
280 0.0367 0.3484 0.5654 0.0085 0.0388 0.0024
281 0.0609 0.3342 0.5601 0.0288 0.0148 0.0014
282 0.0493 0.4683 0.4197 0.0084 0.0525 0.0017
283 0.0158 0.7310 0.1556 0.0680 0.0104 0.0192
284 0.0767 0.5405 0.3657 0.0088 0.0053 0.0027
285 0.0500 0.4351 0.5010 0.0041 0.0098 0.0002
286 0.1192 0.3848 0.4226 0.0103 0.0623 0.0009
287 0.0378 0.3164 0.6006 0.0057 0.0378 0.0019
288 0.2113 0.1242 0.4136 0.0789 0.1698 0.0022
289 0.0695 0.3936 0.4976 0.0248 0.0137 0.0011
290 0.0104 0.5269 0.2196 0.2338 0.0088 0.0005
291 0.0433 0.6113 0.2357 0.0518 0.0573 0.0003
292 0.1066 0.3606 0.4282 0.0162 0.0441 0.0444
293 0.0394 0.2629 0.3650 0.0930 0.1213 0.1185
294 0.0558 0.2522 0.4395 0.1720 0.0794 0.0010
295 0.0257 0.2703 0.5459 0.1127 0.0025 0.0428
296 0.0607 0.3208 0.5806 0.0261 0.0103 0.0013
297 0.0046 0.0211 0.0159 0.0026 0.9551 0.0006
298 0.0071 0.0494 0.0171 0.0076 0.9185 0.0006
299 0.1426 0.3115 0.4395 0.0623 0.0349 0.0092
300 0.2416 0.3008 0.3921 0.0305 0.0340 0.0011
301 0.1470 0.1256 0.2725 0.3496 0.0793 0.0261
302 0.0726 0.5034 0.3303 0.0784 0.0105 0.0047
303 0.1242 0.4836 0.3594 0.0243 0.0067 0.0017
304 0.1266 0.7007 0.1379 0.0231 0.0105 0.0011
305 0.0207 0.5586 0.1814 0.0448 0.1930 0.0015
306 0.0258 0.8027 0.1036 0.0638 0.0025 0.0015
307 0.1016 0.2515 0.2717 0.3127 0.0407 0.0216
308 0.0534 0.2627 0.3374 0.3022 0.0240 0.0202
309 0.1310 0.3733 0.4099 0.0393 0.0453 0.0011
310 0.0156 0.7085 0.1331 0.0746 0.0669 0.0014
311 0.0263 0.6216 0.1547 0.0720 0.1243 0.0012
312 0.0746 0.5181 0.1094 0.1763 0.1202 0.0015
313 0.1102 0.2996 0.5342 0.0073 0.0474 0.0013
314 0.0349 0.5542 0.1256 0.0303 0.2537 0.0012
315 0.0550 0.3757 0.1949 0.2075 0.1210 0.0456
316 0.0540 0.1649 0.4697 0.0836 0.2151 0.0129
317 0.0416 0.4407 0.1896 0.0247 0.3030 0.0007
318 0.0523 0.3928 0.1379 0.0515 0.3633 0.0021
319 0.0428 0.1201 0.2666 0.0058 0.5640 0.0005
320 0.0523 0.1489 0.5117 0.0167 0.2698 0.0003
321 0.0776 0.2014 0.6602 0.0429 0.0119 0.0059
322 0.0077 0.1050 0.8799 0.0040 0.0019 0.0017
323 0.0182 0.1428 0.8091 0.0160 0.0035 0.0106
324 0.0200 0.1573 0.7993 0.0128 0.0033 0.0074
325 0.0192 0.1233 0.8169 0.0203 0.0063 0.0143
326 0.0079 0.3120 0.6499 0.0209 0.0090 0.0002
327 0.0152 0.2593 0.7046 0.0099 0.0092 0.0019
328 0.1082 0.1526 0.1099 0.2515 0.0340 0.3438
329 0.6899 0.1034 0.0167 0.1516 0.0349 0.0032
330 0.7002 0.0994 0.0162 0.1469 0.0335 0.0037
331 0.7031 0.0997 0.0158 0.1439 0.0339 0.0035
332 0.7031 0.0997 0.0158 0.1439 0.0339 0.0035
333 0.7031 0.0997 0.0158 0.1439 0.0339 0.0035
334 0.1136 0.1553 0.1349 0.1288 0.0181 0.4492
335 0.1136 0.1553 0.1349 0.1288 0.0181 0.4492
336 0.1136 0.1553 0.1349 0.1288 0.0181 0.4492
337 0.1136 0.1553 0.1349 0.1288 0.0181 0.4492
338 0.1136 0.1553 0.1349 0.1288 0.0181 0.4492
339 0.1136 0.1553 0.1349 0.1288 0.0181 0.4492
