time exciting_prob fearful_prob tense_prob sad_prob relaxing_prob neutral_prob
0 0.1136 0.1553 0.1349 0.1288 0.0181 0.4492
1 0.2925 0.0942 0.3584 0.1654 0.0333 0.0562
2 0.2805 0.0933 0.4277 0.1216 0.0276 0.0491
3 0.1454 0.2493 0.2397 0.1810 0.1215 0.0630
4 0.1105 0.4302 0.3098 0.1105 0.0237 0.0155
5 0.1172 0.5093 0.1654 0.1666 0.0143 0.0270
6 0.3674 0.3093 0.0629 0.1763 0.0501 0.0339
7 0.3872 0.3472 0.0994 0.1144 0.0405 0.0112
8 0.2805 0.2219 0.0593 0.3774 0.0271 0.0338
9 0.0432 0.2411 0.2488 0.3296 0.0042 0.1332
10 0.0574 0.3462 0.2781 0.2612 0.0017 0.0552
11 0.0704 0.0565 0.4587 0.3462 0.0317 0.0365
12 0.1619 0.1451 0.0982 0.5649 0.0075 0.0223
13 0.1096 0.4041 0.2375 0.2080 0.0198 0.0209
14 0.0808 0.4436 0.2301 0.2230 0.0124 0.0100
15 0.0540 0.2830 0.1057 0.5283 0.0076 0.0213
16 0.1279 0.6152 0.1310 0.0776 0.0161 0.0323
17 0.1667 0.5215 0.1775 0.0793 0.0299 0.0250
18 0.1237 0.2039 0.0884 0.4524 0.0251 0.1066
19 0.0735 0.2302 0.4873 0.1938 0.0054 0.0097
20 0.0739 0.2274 0.4351 0.2537 0.0048 0.0052
21 0.0695 0.2106 0.6284 0.0787 0.0008 0.0120
22 0.0405 0.1349 0.7759 0.0431 0.0005 0.0052
23 0.0271 0.2067 0.4377 0.3008 0.0029 0.0249
24 0.0298 0.5757 0.2849 0.0985 0.0024 0.0085
25 0.1180 0.2023 0.3606 0.2517 0.0125 0.0549
26 0.0932 0.2761 0.4482 0.1573 0.0087 0.0166
27 0.0510 0.3274 0.5571 0.0506 0.0007 0.0133
28 0.0320 0.4563 0.4707 0.0369 0.0005 0.0037
29 0.0279 0.4836 0.4072 0.0789 0.0003 0.0020
30 0.0516 0.0428 0.4456 0.3015 0.0184 0.1403
31 0.1890 0.0851 0.0648 0.5820 0.0347 0.0445
32 0.0666 0.2218 0.1225 0.5488 0.0300 0.0101
33 0.0916 0.1595 0.0502 0.6719 0.0096 0.0171
34 0.0751 0.1018 0.6143 0.1459 0.0177 0.0455
35 0.0959 0.2449 0.5781 0.0634 0.0084 0.0093
36 0.0697 0.2413 0.5698 0.0901 0.0203 0.0087
37 0.3752 0.2206 0.0757 0.2581 0.0481 0.0224
38 0.4001 0.3020 0.0943 0.1259 0.0618 0.0160
39 0.1467 0.4924 0.1389 0.1315 0.0484 0.0420
40 0.0543 0.1620 0.2979 0.4473 0.0083 0.0304
41 0.1309 0.3289 0.3906 0.1052 0.0387 0.0058
42 0.0597 0.3601 0.5405 0.0298 0.0053 0.0043
43 0.1346 0.3279 0.4553 0.0667 0.0035 0.0119
44 0.0202 0.0576 0.4126 0.4324 0.0008 0.0764
45 0.1373 0.3347 0.4038 0.1193 0.0015 0.0034
46 0.0500 0.2136 0.5371 0.1915 0.0008 0.0069
47 0.3889 0.2286 0.0953 0.1809 0.0924 0.0138
48 0.0705 0.1075 0.1359 0.5376 0.0061 0.1425
49 0.0209 0.1261 0.6606 0.1779 0.0004 0.0143
50 0.0778 0.3352 0.4580 0.0802 0.0457 0.0031
51 0.0654 0.2773 0.3093 0.3142 0.0106 0.0229
52 0.1587 0.1161 0.6372 0.0651 0.0091 0.0138
53 0.1691 0.1516 0.6187 0.0421 0.0100 0.0087
54 0.1426 0.1802 0.4822 0.1680 0.0190 0.0080
55 0.0498 0.0181 0.2452 0.6167 0.0093 0.0610
56 0.0500 0.0716 0.2072 0.4121 0.0170 0.2422
57 0.1421 0.1444 0.2915 0.2494 0.0089 0.1636
58 0.1621 0.3328 0.4077 0.0766 0.0039 0.0170
59 0.0347 0.2727 0.6440 0.0459 0.0023 0.0007
60 0.0358 0.2815 0.5962 0.0723 0.0019 0.0124
61 0.1562 0.1389 0.5625 0.0732 0.0073 0.0617
62 0.0627 0.1182 0.7236 0.0463 0.0038 0.0452
63 0.0443 0.2252 0.6123 0.1064 0.0009 0.0108
64 0.0524 0.5293 0.3813 0.0338 0.0018 0.0014
65 0.0381 0.3787 0.4788 0.0988 0.0021 0.0037
66 0.1675 0.2593 0.1989 0.3032 0.0359 0.0351
67 0.0359 0.0389 0.5806 0.2830 0.0128 0.0492
68 0.0278 0.0781 0.8394 0.0489 0.0019 0.0038
69 0.0451 0.0869 0.7510 0.0970 0.0060 0.0141
70 0.0136 0.2810 0.6738 0.0303 0.0003 0.0009
71 0.0439 0.0820 0.2410 0.5601 0.0060 0.0669
72 0.0292 0.1580 0.5181 0.2815 0.0023 0.0110
73 0.0217 0.1788 0.6050 0.1788 0.0011 0.0147
74 0.0482 0.7485 0.1061 0.0908 0.0010 0.0055
75 0.0618 0.6440 0.2058 0.0800 0.0025 0.0061
76 0.0403 0.4006 0.4907 0.0586 0.0086 0.0011
77 0.0890 0.2893 0.4624 0.1294 0.0213 0.0084
78 0.0237 0.2588 0.5928 0.1167 0.0025 0.0056
79 0.0500 0.2208 0.3315 0.3584 0.0052 0.0339
80 0.0512 0.2856 0.5254 0.1210 0.0027 0.0140
81 0.0293 0.1355 0.4241 0.3201 0.0034 0.0875
82 0.0789 0.1147 0.5474 0.1982 0.0011 0.0595
83 0.0886 0.1876 0.6348 0.0590 0.0008 0.0292
84 0.0187 0.6548 0.2262 0.0973 0.0004 0.0026
85 0.0597 0.1132 0.8105 0.0094 0.0033 0.0038
86 0.0214 0.1340 0.8213 0.0210 0.0005 0.0018
87 0.0582 0.3914 0.4949 0.0436 0.0061 0.0058
88 0.0350 0.2358 0.2935 0.3484 0.0018 0.0854
89 0.0351 0.3662 0.4775 0.1033 0.0009 0.0171
90 0.0134 0.1373 0.7422 0.0959 0.0002 0.0109
91 0.0330 0.2637 0.5762 0.1017 0.0006 0.0251
92 0.1019 0.1085 0.4094 0.2727 0.0292 0.0781
93 0.0531 0.2434 0.6025 0.0778 0.0006 0.0225
94 0.0428 0.2390 0.6597 0.0501 0.0019 0.0065
95 0.0590 0.2028 0.3044 0.4033 0.0052 0.0252
96 0.0999 0.1621 0.1926 0.4841 0.0078 0.0535
97 0.0735 0.2281 0.4197 0.2428 0.0125 0.0235
98 0.0667 0.3081 0.3279 0.2476 0.0146 0.0351
99 0.0229 0.5093 0.2057 0.2332 0.0093 0.0199
100 0.0202 0.5864 0.3613 0.0220 0.0014 0.0082
101 0.1808 0.0436 0.3652 0.3430 0.0068 0.0605
102 0.0875 0.2781 0.3149 0.2822 0.0219 0.0153
103 0.0815 0.3379 0.3887 0.1547 0.0322 0.0051
104 0.1065 0.2720 0.4084 0.1841 0.0049 0.0241
105 0.0497 0.2859 0.6050 0.0554 0.0013 0.0028
106 0.1017 0.3550 0.4021 0.1227 0.0021 0.0165
107 0.1475 0.2842 0.4834 0.0802 0.0018 0.0029
108 0.0330 0.2052 0.6421 0.1169 0.0003 0.0024
109 0.0514 0.0426 0.6558 0.2031 0.0023 0.0446
110 0.0478 0.0493 0.7241 0.1382 0.0034 0.0372
111 0.0668 0.4785 0.2993 0.1437 0.0027 0.0090
112 0.0359 0.1432 0.7988 0.0205 0.0002 0.0015
113 0.0208 0.0506 0.1740 0.7324 0.0121 0.0101
114 0.0701 0.0581 0.5605 0.2605 0.0048 0.0460
115 0.0706 0.0980 0.7129 0.1060 0.0016 0.0110
116 0.0629 0.0439 0.3455 0.5024 0.0039 0.0413
117 0.0649 0.0916 0.2031 0.4949 0.0039 0.1417
118 0.0624 0.1671 0.5229 0.1646 0.0040 0.0789
119 0.0385 0.6611 0.2357 0.0578 0.0031 0.0039
120 0.0727 0.1886 0.6899 0.0427 0.0008 0.0055
121 0.0592 0.1252 0.2822 0.4441 0.0031 0.0861
122 0.0374 0.0479 0.6123 0.2435 0.0097 0.0495
123 0.0362 0.0443 0.6719 0.2214 0.0015 0.0249
124 0.0471 0.0717 0.2505 0.6006 0.0050 0.0252
125 0.0564 0.1194 0.4651 0.3247 0.0065 0.0279
126 0.0647 0.2441 0.5952 0.0871 0.0006 0.0084
127 0.0125 0.4551 0.2397 0.2893 0.0012 0.0022
128 0.0183 0.6060 0.2646 0.1086 0.0010 0.0013
129 0.0417 0.0709 0.8496 0.0263 0.0020 0.0095
130 0.0482 0.0600 0.8418 0.0293 0.0014 0.0192
131 0.0366 0.6187 0.1042 0.2275 0.0069 0.0064
132 0.0496 0.3838 0.3662 0.1600 0.0341 0.0062
133 0.1652 0.2639 0.1731 0.3721 0.0133 0.0124
134 0.0576 0.3015 0.5635 0.0612 0.0017 0.0147
135 0.0631 0.2920 0.5898 0.0448 0.0023 0.0083
136 0.0519 0.3132 0.6035 0.0251 0.0008 0.0053
137 0.0356 0.1726 0.7271 0.0535 0.0008 0.0105
138 0.0512 0.2123 0.6338 0.0818 0.0024 0.0183
139 0.0579 0.3230 0.5405 0.0720 0.0010 0.0054
140 0.0369 0.3613 0.5015 0.0942 0.0020 0.0042
141 0.0392 0.3716 0.4346 0.1410 0.0008 0.0129
142 0.0453 0.3242 0.4868 0.1290 0.0010 0.0138
143 0.0903 0.3008 0.5449 0.0437 0.0019 0.0186
144 0.0726 0.4585 0.4241 0.0359 0.0038 0.0051
145 0.0848 0.5752 0.3127 0.0185 0.0041 0.0049
146 0.0573 0.2377 0.5356 0.1158 0.0022 0.0514
147 0.0252 0.1954 0.7612 0.0155 0.0005 0.0022
148 0.1013 0.2430 0.6206 0.0219 0.0066 0.0067
149 0.1425 0.4058 0.3694 0.0678 0.0072 0.0075
150 0.0364 0.2729 0.2334 0.4500 0.0030 0.0043
151 0.1188 0.0410 0.1755 0.4553 0.0074 0.2020
152 0.0519 0.0856 0.2365 0.5498 0.0052 0.0710
153 0.0214 0.2627 0.5649 0.1406 0.0006 0.0100
154 0.0583 0.1376 0.2131 0.5273 0.0267 0.0367
155 0.0714 0.2267 0.3403 0.3403 0.0109 0.0105
156 0.0355 0.3755 0.5381 0.0463 0.0030 0.0017
157 0.0986 0.1915 0.3994 0.2703 0.0075 0.0328
158 0.0748 0.1766 0.3513 0.3799 0.0051 0.0125
159 0.0607 0.2118 0.6523 0.0536 0.0052 0.0165
160 0.0558 0.1426 0.6289 0.1382 0.0042 0.0303
161 0.0446 0.2487 0.6655 0.0367 0.0023 0.0023
162 0.0605 0.2666 0.6396 0.0290 0.0028 0.0013
163 0.1429 0.0416 0.1242 0.6021 0.0117 0.0777
164 0.1577 0.0210 0.0857 0.6743 0.0061 0.0553
165 0.0405 0.0580 0.0647 0.7402 0.0571 0.0392
166 0.0266 0.2029 0.2159 0.4363 0.1121 0.0062
167 0.1547 0.1030 0.0854 0.3486 0.0367 0.2715
168 0.1081 0.0340 0.1754 0.4622 0.0119 0.2084
169 0.1517 0.2661 0.5015 0.0603 0.0035 0.0170
170 0.1306 0.0274 0.1017 0.5586 0.0136 0.1678
171 0.0724 0.0433 0.2957 0.4507 0.0026 0.1354
172 0.0514 0.0748 0.1159 0.2341 0.5112 0.0122
173 0.0608 0.1815 0.1815 0.4219 0.1307 0.0236
174 0.0698 0.0666 0.2115 0.2717 0.3542 0.0261
175 0.0351 0.1549 0.0519 0.4924 0.2515 0.0141
176 0.0474 0.2856 0.0466 0.3669 0.2483 0.0051
177 0.1875 0.5688 0.1405 0.0187 0.0776 0.0069
178 0.2568 0.3916 0.1251 0.0494 0.1685 0.0085
179 0.1255 0.7168 0.0804 0.0341 0.0300 0.0131
180 0.1387 0.5659 0.1837 0.0725 0.0243 0.0148
181 0.0901 0.1301 0.1697 0.3826 0.2249 0.0026
182 0.0558 0.0877 0.1348 0.1083 0.6089 0.0044
183 0.0736 0.5791 0.2866 0.0573 0.0028 0.0008
184 0.1135 0.2479 0.4087 0.0455 0.1799 0.0044
185 0.1536 0.1500 0.1609 0.3772 0.0300 0.1283
186 0.1444 0.6426 0.1490 0.0257 0.0343 0.0040
187 0.0841 0.4106 0.1409 0.3005 0.0530 0.0109
188 0.2012 0.2583 0.1775 0.3066 0.0390 0.0174
189 0.2418 0.4146 0.1315 0.1714 0.0291 0.0118
190 0.4280 0.2118 0.0721 0.0495 0.2327 0.0061
191 0.1089 0.5356 0.1571 0.1536 0.0340 0.0106
192 0.0512 0.6289 0.0885 0.2278 0.0018 0.0016
193 0.0615 0.6875 0.1780 0.0573 0.0129 0.0025
194 0.3662 0.0360 0.1842 0.3037 0.0683 0.0417
195 0.3213 0.0452 0.1830 0.3367 0.0763 0.0378
196 0.2250 0.4580 0.1292 0.1204 0.0534 0.0138
197 0.2073 0.2405 0.2123 0.1392 0.1963 0.0045
198 0.0804 0.4771 0.2289 0.1840 0.0282 0.0014
199 0.1072 0.2825 0.1443 0.2100 0.2532 0.0029
200 0.0842 0.2761 0.2118 0.3955 0.0123 0.0199
201 0.1407 0.2864 0.1893 0.2954 0.0801 0.0079
202 0.1047 0.2632 0.4917 0.0931 0.0426 0.0046
203 0.2812 0.2993 0.0950 0.2278 0.0740 0.0226
204 0.0203 0.7031 0.2212 0.0534 0.0005 0.0015
205 0.0569 0.6416 0.2218 0.0767 0.0007 0.0021
206 0.2627 0.0297 0.3218 0.2930 0.0453 0.0478
207 0.1794 0.0201 0.2571 0.4238 0.0126 0.1071
208 0.1327 0.0338 0.4282 0.3335 0.0106 0.0612
209 0.4575 0.1820 0.2000 0.0937 0.0268 0.0400
210 0.7544 0.1104 0.0833 0.0324 0.0098 0.0099
211 0.7437 0.0198 0.2163 0.0117 0.0027 0.0061
212 0.6450 0.0224 0.2732 0.0266 0.0029 0.0297
213 0.1671 0.0361 0.2319 0.3481 0.0053 0.2112
214 0.1136 0.1553 0.1349 0.1288 0.0181 0.4492
