time exciting_prob fearful_prob tense_prob sad_prob relaxing_prob neutral_prob
0 0.2688 0.1095 0.0826 0.2688 0.0254 0.2448
1 0.6914 0.0058 0.0614 0.1240 0.0062 0.1111
2 0.2460 0.0956 0.0891 0.1917 0.0253 0.3523
3 0.7173 0.0363 0.0617 0.1010 0.0130 0.0705
4 0.2386 0.1181 0.1059 0.2073 0.0285 0.3015
5 0.5894 0.0239 0.0298 0.2134 0.0060 0.1378
6 0.4966 0.0247 0.0255 0.2135 0.0052 0.2345
7 0.8447 0.0039 0.0026 0.1295 0.0089 0.0101
8 0.8916 0.0031 0.0021 0.0810 0.0084 0.0136
9 0.1821 0.0874 0.0560 0.0742 0.0124 0.5879
10 0.2476 0.1065 0.1065 0.1649 0.0199 0.3547
11 0.3398 0.1052 0.0795 0.1655 0.0148 0.2952
12 0.2502 0.1068 0.0728 0.0838 0.0116 0.4749
13 0.3547 0.0925 0.0869 0.1198 0.0129 0.3333
14 0.1862 0.0795 0.0586 0.0624 0.0123 0.6011
15 0.0524 0.0964 0.0919 0.5127 0.0190 0.2275
16 0.0728 0.0390 0.0478 0.7710 0.0154 0.0541
17 0.0292 0.0459 0.0971 0.2766 0.0098 0.5415
18 0.0294 0.0147 0.1393 0.1874 0.5054 0.1238
19 0.0562 0.0338 0.1236 0.1116 0.6377 0.0374
20 0.0451 0.0476 0.1573 0.1411 0.5581 0.0507
21 0.0705 0.2441 0.4055 0.1527 0.1109 0.0162
22 0.0811 0.1785 0.2808 0.3181 0.1208 0.0207
23 0.0978 0.0817 0.1357 0.5127 0.1327 0.0395
24 0.1405 0.1875 0.0907 0.2998 0.0170 0.2644
25 0.0188 0.0328 0.1843 0.3901 0.3286 0.0455
26 0.0936 0.0586 0.0415 0.4431 0.0387 0.3242
27 0.0585 0.2996 0.1052 0.2949 0.0120 0.2297
28 0.0931 0.2759 0.1726 0.3655 0.0046 0.0882
29 0.0572 0.1155 0.2905 0.3970 0.0045 0.1351
30 0.0423 0.0091 0.0645 0.1167 0.7202 0.0471
31 0.0913 0.1470 0.1381 0.2661 0.0363 0.3210
32 0.0928 0.2074 0.1948 0.4189 0.0034 0.0825
33 0.0686 0.1880 0.0778 0.4172 0.0145 0.2340
34 0.1852 0.0650 0.0440 0.3101 0.0100 0.3857
35 0.0413 0.0293 0.5522 0.0379 0.3350 0.0042
36 0.0355 0.0349 0.4255 0.0424 0.4529 0.0086
37 0.1057 0.1729 0.1040 0.3279 0.0135 0.2761
38 0.0277 0.0542 0.0435 0.2354 0.0093 0.6299
39 0.0286 0.0475 0.4106 0.1131 0.3147 0.0854
40 0.1539 0.0380 0.0978 0.2008 0.0125 0.4968
41 0.0493 0.0981 0.1020 0.5645 0.0467 0.1394
42 0.0812 0.1554 0.1733 0.4602 0.0745 0.0554
43 0.0580 0.1423 0.1503 0.4282 0.0637 0.1576
44 0.0984 0.0314 0.0815 0.6216 0.0656 0.1015
45 0.1318 0.1172 0.0957 0.3816 0.0156 0.2581
46 0.0723 0.2141 0.0740 0.4900 0.0155 0.1340
47 0.1506 0.0711 0.1693 0.4976 0.0585 0.0529
48 0.0916 0.0809 0.1559 0.5112 0.0809 0.0796
49 0.1044 0.0321 0.0853 0.6396 0.0387 0.0997
50 0.1764 0.3323 0.1046 0.2886 0.0279 0.0702
51 0.0585 0.0751 0.2314 0.5913 0.0274 0.0163
52 0.0769 0.1182 0.2522 0.3967 0.0604 0.0957
53 0.0993 0.1306 0.2659 0.4053 0.0383 0.0607
54 0.3142 0.0707 0.0782 0.2605 0.0352 0.2410
55 0.0638 0.2029 0.2355 0.2505 0.1212 0.1260
56 0.0683 0.1625 0.2478 0.4248 0.0386 0.0580
57 0.0423 0.0983 0.1168 0.5483 0.0895 0.1047
58 0.0826 0.1331 0.0820 0.5869 0.0634 0.0521
59 0.0913 0.1278 0.1027 0.5337 0.0695 0.0751
60 0.0256 0.0665 0.4614 0.3271 0.0027 0.1166
61 0.0327 0.0809 0.4172 0.2822 0.0047 0.1823
62 0.0443 0.0731 0.4990 0.1725 0.0030 0.2080
63 0.0343 0.0662 0.4521 0.2458 0.0040 0.1975
64 0.0356 0.0655 0.3596 0.3887 0.0032 0.1476
65 0.0431 0.0627 0.4426 0.2856 0.0031 0.1628
66 0.0425 0.0648 0.3967 0.1350 0.0055 0.3557
67 0.0650 0.0889 0.3625 0.1740 0.0042 0.3054
68 0.0773 0.0786 0.5283 0.1315 0.0073 0.1770
69 0.0663 0.0764 0.3530 0.1803 0.0076 0.3164
70 0.1015 0.0743 0.3772 0.1477 0.0058 0.2937
71 0.0714 0.0640 0.4512 0.1609 0.0075 0.2452
72 0.0318 0.1379 0.3931 0.2788 0.0044 0.1539
73 0.0553 0.1526 0.3777 0.2401 0.0041 0.1703
74 0.0658 0.0958 0.4788 0.2484 0.0044 0.1068
75 0.1194 0.0578 0.3855 0.3679 0.0394 0.0300
76 0.0881 0.0888 0.1881 0.4802 0.0305 0.1243
77 0.1011 0.0695 0.5908 0.1425 0.0285 0.0679
78 0.1321 0.1439 0.3169 0.2246 0.0221 0.1605
79 0.1138 0.0609 0.3940 0.2708 0.0254 0.1351
80 0.0693 0.0469 0.5454 0.2617 0.0253 0.0515
81 0.0790 0.0534 0.3003 0.3352 0.1088 0.1233
82 0.0659 0.0482 0.1592 0.5913 0.0800 0.0555
83 0.1643 0.2109 0.1543 0.2976 0.0148 0.1580
84 0.1066 0.1516 0.0971 0.3870 0.0038 0.2539
85 0.1506 0.0467 0.3315 0.2544 0.1164 0.1003
86 0.1146 0.0541 0.3584 0.2664 0.0900 0.1164
87 0.0381 0.0957 0.2947 0.3669 0.0052 0.1995
88 0.1194 0.0506 0.2303 0.4170 0.0874 0.0953
89 0.0964 0.0470 0.2090 0.5171 0.0599 0.0706
90 0.0391 0.0216 0.1047 0.4207 0.3433 0.0708
91 0.0364 0.0975 0.5786 0.1879 0.0337 0.0659
92 0.0486 0.0680 0.6060 0.1709 0.0453 0.0614
93 0.0313 0.0751 0.6143 0.1844 0.0318 0.0632
94 0.0389 0.0544 0.6528 0.1676 0.0383 0.0480
95 0.0533 0.0415 0.6045 0.2156 0.0294 0.0558
96 0.0328 0.1758 0.4929 0.1626 0.0341 0.1017
97 0.0406 0.1021 0.5693 0.1631 0.0505 0.0746
98 0.0260 0.0916 0.6255 0.1311 0.0370 0.0887
99 0.0237 0.1373 0.5103 0.1631 0.0551 0.1104
100 0.0252 0.1299 0.4824 0.2042 0.0344 0.1239
101 0.0211 0.1251 0.4368 0.2338 0.0348 0.1486
102 0.0291 0.1326 0.3547 0.2085 0.0274 0.2477
103 0.0277 0.2159 0.3398 0.2335 0.0275 0.1555
104 0.1698 0.0284 0.5835 0.1149 0.0045 0.0991
105 0.3076 0.0596 0.4075 0.1243 0.0141 0.0868
106 0.0472 0.0506 0.3274 0.3328 0.0024 0.2396
107 0.0453 0.0275 0.8022 0.0591 0.0009 0.0648
108 0.1238 0.0689 0.4255 0.2350 0.0019 0.1448
109 0.0456 0.0439 0.6348 0.1682 0.0069 0.1005
110 0.1564 0.0251 0.5718 0.1100 0.0090 0.1276
111 0.0844 0.0278 0.4897 0.1163 0.0197 0.2620
112 0.0994 0.0657 0.1171 0.5903 0.0167 0.1109
113 0.0651 0.0411 0.3384 0.4148 0.0602 0.0804
114 0.0478 0.0276 0.3877 0.1693 0.0035 0.3643
115 0.0590 0.0262 0.3503 0.1936 0.0035 0.3672
116 0.0589 0.0335 0.4285 0.1704 0.0051 0.3037
117 0.0351 0.1686 0.4875 0.1442 0.0204 0.1442
118 0.0158 0.2021 0.5669 0.1245 0.0098 0.0810
119 0.0087 0.2257 0.5332 0.1348 0.0049 0.0927
120 0.0083 0.1071 0.6660 0.1558 0.0026 0.0601
121 0.0137 0.1129 0.7246 0.1340 0.0023 0.0124
122 0.0122 0.0770 0.8281 0.0638 0.0016 0.0173
123 0.0040 0.2169 0.7573 0.0158 0.0010 0.0051
124 0.0140 0.0722 0.5771 0.2903 0.0149 0.0316
125 0.0111 0.4487 0.3779 0.0744 0.0042 0.0837
126 0.0099 0.0463 0.6294 0.2542 0.0069 0.0533
127 0.1611 0.2118 0.2764 0.1514 0.1742 0.0251
128 0.1199 0.2330 0.3638 0.1360 0.1084 0.0389
129 0.0255 0.0240 0.1915 0.3108 0.0673 0.3809
130 0.0396 0.0088 0.1287 0.2681 0.0986 0.4563
131 0.0222 0.0084 0.0290 0.4502 0.0538 0.4363
132 0.1333 0.0645 0.2734 0.2197 0.0223 0.2866
133 0.2194 0.1069 0.5020 0.0467 0.0770 0.0478
134 0.0417 0.0151 0.1081 0.5664 0.1674 0.1015
135 0.0272 0.0521 0.4094 0.2771 0.0497 0.1846
136 0.0378 0.0739 0.4321 0.2140 0.0316 0.2106
137 0.1362 0.0643 0.2263 0.4792 0.0361 0.0577
138 0.1387 0.0999 0.2551 0.4272 0.0257 0.0535
139 0.0723 0.0757 0.2727 0.4788 0.0500 0.0504
140 0.0717 0.1181 0.3582 0.3997 0.0415 0.0110
141 0.0578 0.0999 0.2017 0.5747 0.0291 0.0370
142 0.1050 0.0858 0.0549 0.6641 0.0255 0.0647
143 0.0602 0.0522 0.2269 0.6367 0.0133 0.0109
144 0.0120 0.0358 0.3557 0.2903 0.0068 0.2996
145 0.0222 0.0312 0.5449 0.1198 0.0032 0.2786
146 0.0250 0.0375 0.2751 0.4197 0.0072 0.2354
147 0.0352 0.0155 0.4866 0.0859 0.0037 0.3730
148 0.0546 0.1968 0.1581 0.1892 0.0132 0.3882
149 0.0549 0.0259 0.1664 0.3013 0.0061 0.4453
150 0.0249 0.0208 0.2396 0.1647 0.0100 0.5400
151 0.0278 0.0320 0.3232 0.1337 0.0055 0.4778
152 0.1835 0.0691 0.3025 0.3120 0.0629 0.0702
153 0.1497 0.0807 0.3120 0.2932 0.0915 0.0729
154 0.1032 0.1048 0.2253 0.1478 0.3306 0.0883
155 0.0156 0.0458 0.2363 0.4629 0.0030 0.2363
156 0.0279 0.0983 0.2715 0.3540 0.0052 0.2433
157 0.0260 0.0353 0.5835 0.2180 0.0049 0.1322
158 0.0649 0.0412 0.6348 0.1907 0.0078 0.0605
159 0.0585 0.0323 0.0695 0.7466 0.0762 0.0170
160 0.1080 0.1071 0.2571 0.3430 0.1409 0.0440
161 0.0199 0.0372 0.3477 0.4260 0.0024 0.1669
162 0.5020 0.0478 0.0776 0.2749 0.0679 0.0301
163 0.0781 0.0722 0.5015 0.1963 0.0040 0.1482
164 0.2437 0.0359 0.1755 0.3491 0.0149 0.1810
165 0.0712 0.0668 0.4094 0.1460 0.0070 0.2996
166 0.1525 0.1133 0.1624 0.4697 0.0732 0.0289
167 0.1097 0.1015 0.2269 0.3684 0.1072 0.0861
168 0.0218 0.0342 0.5190 0.2197 0.0020 0.2032
169 0.1445 0.0904 0.3386 0.2576 0.0616 0.1074
170 0.0702 0.0453 0.5737 0.0494 0.0025 0.2588
171 0.0718 0.0643 0.3269 0.4829 0.0235 0.0306
172 0.0052 0.0290 0.2522 0.5425 0.0029 0.1681
173 0.1213 0.0221 0.1558 0.4951 0.0784 0.1272
174 0.0823 0.1161 0.1125 0.3257 0.0112 0.3521
175 0.1003 0.2262 0.5776 0.0393 0.0046 0.0521
176 0.1782 0.2019 0.4080 0.0561 0.0082 0.1477
177 0.0062 0.0283 0.2544 0.3818 0.0129 0.3164
178 0.0629 0.0660 0.2064 0.5610 0.0254 0.0783
179 0.0294 0.0739 0.2966 0.4666 0.0193 0.1143
180 0.0793 0.1415 0.2261 0.2026 0.0690 0.2815
181 0.0574 0.1022 0.2034 0.1910 0.0660 0.3799
182 0.0822 0.0606 0.1635 0.1500 0.0556 0.4880
183 0.0552 0.0667 0.4482 0.2151 0.0188 0.1959
