time exciting_prob fearful_prob tense_prob sad_prob relaxing_prob neutral_prob
0 0.1136 0.1553 0.1349 0.1288 0.0181 0.4492
1 0.0407 0.0377 0.0175 0.8711 0.0065 0.0263
2 0.0895 0.0510 0.0436 0.7378 0.0163 0.0615
3 0.1493 0.0695 0.0346 0.6797 0.0236 0.0431
4 0.1472 0.0907 0.0415 0.6494 0.0285 0.0425
5 0.0845 0.1472 0.1630 0.3091 0.0058 0.2905
6 0.0734 0.0638 0.1393 0.3967 0.0078 0.3188
7 0.0710 0.0805 0.2479 0.3286 0.0080 0.2639
8 0.0234 0.2020 0.3833 0.3357 0.0023 0.0531
9 0.0486 0.2338 0.3455 0.3196 0.0022 0.0505
10 0.0563 0.1694 0.2484 0.4714 0.0037 0.0509
11 0.0269 0.1638 0.2458 0.5327 0.0015 0.0289
12 0.1208 0.1677 0.1871 0.5088 0.0013 0.0143
13 0.0741 0.1406 0.2690 0.5024 0.0007 0.0129
14 0.0900 0.0894 0.1461 0.6548 0.0009 0.0187
15 0.0899 0.0529 0.1035 0.7412 0.0008 0.0116
16 0.0255 0.1160 0.0809 0.7441 0.0028 0.0305
17 0.0112 0.5107 0.3511 0.0959 0.0005 0.0307
18 0.0497 0.1102 0.1604 0.6543 0.0030 0.0224
19 0.0395 0.0897 0.2942 0.5674 0.0011 0.0081
20 0.0973 0.0872 0.1935 0.5342 0.0262 0.0618
21 0.0319 0.0518 0.0314 0.8105 0.0022 0.0720
22 0.0295 0.0578 0.0273 0.7861 0.0024 0.0969
23 0.1947 0.0612 0.2500 0.1528 0.0536 0.2876
24 0.1251 0.1185 0.1451 0.4009 0.1594 0.0510
25 0.0784 0.1215 0.2131 0.4805 0.0835 0.0230
26 0.0417 0.0430 0.1324 0.6123 0.0656 0.1048
27 0.0433 0.0354 0.1421 0.5361 0.1853 0.0574
28 0.0654 0.0299 0.0997 0.5649 0.1805 0.0595
29 0.0648 0.0706 0.1449 0.4941 0.1803 0.0453
30 0.0443 0.0984 0.3542 0.4622 0.0153 0.0257
31 0.1213 0.0742 0.3887 0.3223 0.0135 0.0802
32 0.1420 0.0247 0.0784 0.3682 0.0569 0.3301
33 0.0333 0.1931 0.3606 0.3665 0.0067 0.0399
34 0.0895 0.1571 0.2715 0.4075 0.0038 0.0708
35 0.0190 0.0646 0.2942 0.4558 0.1066 0.0598
36 0.0495 0.0487 0.1399 0.6890 0.0503 0.0227
37 0.0462 0.0308 0.1516 0.4854 0.1379 0.1481
38 0.0576 0.0509 0.0893 0.5425 0.2427 0.0168
39 0.0629 0.0273 0.0916 0.6108 0.1301 0.0771
40 0.1399 0.0547 0.1512 0.4480 0.1007 0.1055
41 0.0411 0.0508 0.0919 0.3523 0.4524 0.0118
42 0.0145 0.0235 0.0412 0.2769 0.6338 0.0100
43 0.0400 0.0138 0.0410 0.3174 0.5659 0.0218
44 0.0430 0.0575 0.1107 0.4663 0.2917 0.0307
45 0.0172 0.0269 0.0219 0.1893 0.7256 0.0189
46 0.0223 0.0368 0.0261 0.2023 0.6948 0.0174
47 0.0157 0.0645 0.0896 0.2397 0.5845 0.0061
48 0.0053 0.0528 0.0792 0.4558 0.4023 0.0044
49 0.0633 0.0403 0.1060 0.4128 0.3645 0.0131
50 0.0961 0.0348 0.0911 0.4309 0.3152 0.0317
51 0.0630 0.0708 0.2529 0.5273 0.0322 0.0539
52 0.0566 0.0523 0.2310 0.4739 0.0744 0.1117
53 0.0943 0.0214 0.1155 0.4429 0.2905 0.0352
54 0.0130 0.0341 0.0920 0.1718 0.6797 0.0096
55 0.0338 0.0557 0.2136 0.4055 0.2617 0.0296
56 0.1493 0.0508 0.1577 0.5591 0.0448 0.0381
57 0.3477 0.0776 0.1592 0.4062 0.0002 0.0093
58 0.3706 0.0894 0.1952 0.3374 0.0001 0.0075
59 0.0596 0.0644 0.2629 0.5566 0.0171 0.0397
60 0.0285 0.1011 0.1775 0.6699 0.0089 0.0143
61 0.0178 0.3669 0.1154 0.4861 0.0048 0.0090
62 0.0183 0.1373 0.3479 0.4680 0.0092 0.0193
63 0.2400 0.0488 0.1841 0.2656 0.0039 0.2576
64 0.0476 0.0289 0.0760 0.6367 0.1661 0.0444
65 0.0315 0.0332 0.2003 0.5117 0.1687 0.0548
66 0.0361 0.0674 0.1461 0.5430 0.1906 0.0170
67 0.0484 0.0503 0.0651 0.8247 0.0005 0.0110
68 0.0909 0.2181 0.3076 0.3740 0.0021 0.0071
69 0.1008 0.2476 0.1356 0.4587 0.0216 0.0356
70 0.0317 0.0704 0.0323 0.8188 0.0089 0.0380
71 0.0083 0.1248 0.1228 0.7290 0.0122 0.0029
72 0.2336 0.0342 0.0564 0.5693 0.0595 0.0468
73 0.3755 0.0260 0.0405 0.3997 0.0627 0.0957
74 0.1835 0.0827 0.4985 0.2247 0.0027 0.0079
75 0.0080 0.1129 0.1405 0.7026 0.0084 0.0277
76 0.3640 0.1035 0.0459 0.1720 0.0266 0.2881
77 0.2688 0.4099 0.1130 0.0820 0.0097 0.1165
78 0.0628 0.0452 0.2484 0.4788 0.0907 0.0740
79 0.0266 0.1791 0.4033 0.3242 0.0142 0.0525
80 0.0314 0.0997 0.1696 0.6812 0.0043 0.0140
81 0.1050 0.2222 0.3779 0.1785 0.0280 0.0884
82 0.0050 0.0995 0.1201 0.7710 0.0009 0.0033
83 0.0640 0.0162 0.2018 0.5791 0.0828 0.0560
84 0.1215 0.0215 0.1273 0.4998 0.1768 0.0531
85 0.0265 0.1838 0.2435 0.5322 0.0068 0.0072
86 0.0683 0.1915 0.1359 0.5205 0.0646 0.0190
87 0.1193 0.4644 0.0460 0.3616 0.0059 0.0030
88 0.0848 0.0640 0.1768 0.6465 0.0068 0.0210
89 0.0281 0.1229 0.3237 0.4158 0.0658 0.0438
90 0.0029 0.0357 0.0386 0.9058 0.0131 0.0040
91 0.0154 0.0737 0.0106 0.8975 0.0015 0.0014
92 0.0309 0.1724 0.1835 0.5923 0.0086 0.0123
93 0.0080 0.1973 0.2739 0.5200 0.0007 0.0004
94 0.0206 0.2034 0.5361 0.2378 0.0019 0.0003
95 0.0344 0.1539 0.3811 0.4185 0.0115 0.0006
96 0.0211 0.1041 0.7451 0.1255 0.0037 0.0004
97 0.0681 0.0432 0.1053 0.0702 0.7090 0.0043
98 0.0183 0.0242 0.0974 0.8032 0.0446 0.0124
99 0.1785 0.0238 0.0368 0.6948 0.0330 0.0330
100 0.0551 0.0635 0.2180 0.1595 0.4912 0.0126
101 0.0470 0.0541 0.2009 0.2500 0.4390 0.0090
102 0.0236 0.0663 0.2500 0.6489 0.0056 0.0057
103 0.0531 0.0263 0.0187 0.7808 0.0511 0.0699
104 0.2246 0.1342 0.3647 0.2318 0.0387 0.0060
105 0.1722 0.0486 0.1497 0.5142 0.0403 0.0753
106 0.0296 0.0761 0.3105 0.4888 0.0427 0.0523
107 0.0231 0.0242 0.0771 0.6978 0.0081 0.1697
108 0.1423 0.0310 0.0622 0.7114 0.0287 0.0244
109 0.0567 0.0878 0.2244 0.5640 0.0172 0.0500
110 0.0983 0.0686 0.2250 0.5928 0.0056 0.0096
111 0.2156 0.0516 0.0459 0.6641 0.0160 0.0068
112 0.1119 0.0402 0.2445 0.5513 0.0384 0.0138
113 0.2883 0.0581 0.1484 0.4397 0.0467 0.0184
114 0.0336 0.3044 0.1681 0.4863 0.0035 0.0040
115 0.0314 0.4946 0.1921 0.2773 0.0022 0.0022
116 0.0499 0.1115 0.0410 0.7803 0.0110 0.0064
117 0.0649 0.1022 0.3003 0.4653 0.0340 0.0332
118 0.1538 0.1285 0.0424 0.6631 0.0067 0.0053
119 0.0243 0.0867 0.2179 0.6016 0.0128 0.0568
120 0.0840 0.0983 0.0923 0.6211 0.0436 0.0605
121 0.1942 0.2494 0.0531 0.4143 0.0417 0.0472
122 0.0669 0.6201 0.0304 0.2625 0.0122 0.0079
123 0.1890 0.1788 0.0297 0.4158 0.1182 0.0684
124 0.1636 0.2052 0.0371 0.4312 0.0969 0.0661
125 0.2974 0.0204 0.1642 0.4226 0.0160 0.0794
126 0.2217 0.0220 0.1488 0.4958 0.0086 0.1031
127 0.1310 0.0275 0.1165 0.6650 0.0268 0.0331
128 0.2405 0.0378 0.1653 0.4526 0.0338 0.0699
129 0.2145 0.0482 0.2283 0.4436 0.0309 0.0345
130 0.3489 0.0379 0.1454 0.3713 0.0539 0.0426
131 0.2379 0.0368 0.1687 0.4243 0.0420 0.0903
132 0.2888 0.0783 0.2213 0.3298 0.0443 0.0376
133 0.2332 0.0123 0.0627 0.4529 0.0250 0.2140
134 0.1030 0.0834 0.2216 0.5571 0.0182 0.0166
135 0.2246 0.0252 0.0900 0.5474 0.0215 0.0914
136 0.1835 0.0356 0.1261 0.5068 0.0350 0.1130
137 0.2413 0.0319 0.1344 0.5112 0.0403 0.0410
138 0.2021 0.0101 0.0473 0.5493 0.0166 0.1743
139 0.0228 0.0538 0.0690 0.7778 0.0513 0.0250
140 0.0316 0.0609 0.0770 0.7080 0.0156 0.1069
141 0.0751 0.0478 0.6489 0.1448 0.0190 0.0643
142 0.0801 0.0659 0.0886 0.6250 0.0432 0.0974
143 0.0799 0.0678 0.2041 0.5293 0.0396 0.0793
144 0.0424 0.0668 0.4563 0.3337 0.0240 0.0768
145 0.0895 0.0327 0.3887 0.3887 0.0675 0.0332
146 0.0656 0.1065 0.2202 0.4114 0.1490 0.0472
147 0.1299 0.0623 0.2059 0.5386 0.0285 0.0350
148 0.0054 0.0304 0.0206 0.9307 0.0097 0.0033
149 0.0139 0.0948 0.1445 0.6792 0.0215 0.0462
150 0.0299 0.0613 0.0558 0.7954 0.0456 0.0122
151 0.2379 0.0324 0.1824 0.3252 0.1610 0.0611
152 0.1006 0.0522 0.2489 0.5269 0.0564 0.0151
153 0.0214 0.1949 0.4534 0.2708 0.0220 0.0375
154 0.0829 0.0523 0.1367 0.6323 0.0817 0.0141
155 0.0389 0.0421 0.2786 0.5044 0.0540 0.0823
156 0.1677 0.0368 0.1552 0.4854 0.0451 0.1100
157 0.0267 0.0286 0.0923 0.1752 0.0160 0.6611
158 0.0077 0.1689 0.1357 0.6685 0.0109 0.0083
159 0.0727 0.0589 0.1317 0.6279 0.0612 0.0473
160 0.1110 0.1110 0.1403 0.4565 0.0920 0.0892
161 0.1720 0.0734 0.1554 0.4258 0.0674 0.1060
162 0.0917 0.0354 0.0969 0.6938 0.0515 0.0307
163 0.4675 0.0240 0.1146 0.3164 0.0648 0.0130
164 0.4849 0.0220 0.0641 0.3438 0.0687 0.0167
165 0.4446 0.0259 0.0682 0.3953 0.0499 0.0162
166 0.3674 0.0189 0.0623 0.4829 0.0546 0.0140
167 0.0219 0.0554 0.0768 0.1815 0.0208 0.6436
168 0.1737 0.0490 0.1096 0.3765 0.0304 0.2607
169 0.0588 0.0163 0.0869 0.4143 0.0157 0.4080
170 0.0281 0.0878 0.1693 0.3213 0.0405 0.3528
171 0.0893 0.0973 0.3115 0.3877 0.0183 0.0958
172 0.0801 0.0801 0.1605 0.3972 0.0412 0.2410
173 0.0327 0.1333 0.4761 0.2146 0.0510 0.0923
174 0.0119 0.0590 0.5771 0.2727 0.0025 0.0769
175 0.0259 0.0477 0.1338 0.4121 0.0642 0.3162
176 0.0327 0.0894 0.2629 0.3884 0.1062 0.1204
177 0.1120 0.0449 0.1340 0.4717 0.0214 0.2159
178 0.0443 0.0568 0.2144 0.2546 0.0595 0.3704
179 0.0363 0.0455 0.1328 0.6045 0.0047 0.1759
180 0.0157 0.0720 0.2362 0.3716 0.0057 0.2986
181 0.0337 0.1106 0.5361 0.1796 0.0167 0.1234
182 0.0299 0.2507 0.2930 0.3589 0.0400 0.0275
183 0.0345 0.0456 0.0880 0.8213 0.0052 0.0054
184 0.0526 0.0595 0.3025 0.3823 0.0361 0.1670
185 0.1050 0.0745 0.1932 0.4636 0.0554 0.1084
186 0.0673 0.0800 0.1888 0.6592 0.0027 0.0023
187 0.2534 0.3862 0.1124 0.2380 0.0014 0.0086
188 0.2448 0.0619 0.2952 0.1722 0.1156 0.1103
189 0.1390 0.1041 0.2186 0.3037 0.0912 0.1434
190 0.0158 0.0570 0.1187 0.7866 0.0164 0.0055
191 0.0693 0.0408 0.1743 0.6895 0.0101 0.0158
192 0.0831 0.0301 0.2559 0.4219 0.0462 0.1627
193 0.1221 0.0155 0.1520 0.3218 0.1260 0.2627
194 0.0424 0.0732 0.2986 0.5161 0.0052 0.0646
195 0.0812 0.0294 0.0549 0.3582 0.0018 0.4746
196 0.0592 0.0164 0.0312 0.5117 0.0015 0.3801
197 0.0580 0.0690 0.1616 0.2971 0.0558 0.3584
198 0.0425 0.0974 0.3245 0.4365 0.0172 0.0820
199 0.1201 0.0965 0.2010 0.5054 0.0174 0.0594
200 0.0274 0.2296 0.4028 0.2903 0.0106 0.0393
201 0.0951 0.1362 0.3704 0.2976 0.0311 0.0696
202 0.0845 0.0266 0.0445 0.8271 0.0031 0.0142
203 0.0318 0.0484 0.1180 0.7939 0.0012 0.0066
204 0.1937 0.0419 0.0591 0.6870 0.0017 0.0167
205 0.0722 0.0545 0.1815 0.6240 0.0268 0.0411
206 0.0840 0.0730 0.2712 0.4834 0.0198 0.0685
207 0.0398 0.0341 0.1758 0.6948 0.0318 0.0236
208 0.0397 0.0432 0.2820 0.6162 0.0034 0.0155
209 0.1327 0.0926 0.1870 0.2257 0.0941 0.2681
210 0.1268 0.0700 0.0957 0.2683 0.1051 0.3340
211 0.0121 0.0422 0.1260 0.7715 0.0129 0.0355
212 0.0244 0.0229 0.0657 0.6841 0.0617 0.1412
213 0.0221 0.1203 0.2627 0.4910 0.0385 0.0654
214 0.0188 0.0692 0.3513 0.5190 0.0127 0.0288
215 0.0421 0.0706 0.2058 0.4426 0.1760 0.0628
216 0.0418 0.0751 0.2139 0.4255 0.1068 0.1371
217 0.0516 0.0344 0.1830 0.5723 0.0825 0.0762
218 0.0365 0.0461 0.2133 0.4731 0.0676 0.1635
219 0.0531 0.0565 0.2050 0.4272 0.0828 0.1753
220 0.2020 0.1116 0.1501 0.2437 0.0709 0.2218
221 0.2020 0.1116 0.1501 0.2437 0.0709 0.2218
222 0.0164 0.0858 0.2157 0.6748 0.0022 0.0052
223 0.0721 0.1306 0.1827 0.6035 0.0043 0.0066
224 0.0401 0.0632 0.0948 0.7939 0.0038 0.0044
225 0.0602 0.0772 0.1055 0.7441 0.0074 0.0055
226 0.0460 0.2266 0.4233 0.2546 0.0193 0.0302
227 0.0253 0.3718 0.2327 0.3130 0.0374 0.0197
228 0.0119 0.3105 0.1688 0.4810 0.0211 0.0066
229 0.0157 0.3411 0.2917 0.3105 0.0032 0.0377
230 0.0226 0.2378 0.2269 0.4729 0.0061 0.0337
231 0.0486 0.3589 0.2563 0.2390 0.0093 0.0880
232 0.0342 0.2216 0.5840 0.1302 0.0030 0.0271
233 0.0378 0.0956 0.2600 0.3965 0.0045 0.2057
234 0.0941 0.1786 0.2241 0.2441 0.0278 0.2312
235 0.0641 0.2874 0.2421 0.2920 0.0069 0.1074
236 0.0487 0.1700 0.3860 0.3354 0.0099 0.0499
237 0.0277 0.3149 0.3052 0.2651 0.0017 0.0854
238 0.0935 0.1761 0.2502 0.3906 0.0130 0.0764
239 0.0317 0.2273 0.4451 0.2617 0.0008 0.0333
240 0.0706 0.1748 0.3423 0.3818 0.0011 0.0292
241 0.0524 0.1802 0.1979 0.5547 0.0004 0.0142
242 0.0470 0.1519 0.2351 0.5469 0.0012 0.0181
243 0.0414 0.1199 0.2172 0.5903 0.0013 0.0301
244 0.0365 0.0772 0.1794 0.5112 0.0074 0.1881
245 0.1199 0.0662 0.0739 0.2966 0.0377 0.4055
246 0.1199 0.0662 0.0739 0.2966 0.0377 0.4055
