time exciting_prob fearful_prob tense_prob sad_prob relaxing_prob neutral_prob
0 0.2393 0.1241 0.2014 0.2393 0.0596 0.1364
1 0.0037 0.9570 0.0349 0.0026 0.0017 0.0001
2 0.0043 0.9512 0.0392 0.0032 0.0019 0.0002
3 0.0038 0.9468 0.0436 0.0037 0.0018 0.0002
4 0.0037 0.9541 0.0379 0.0027 0.0015 0.0002
5 0.0040 0.9531 0.0378 0.0033 0.0018 0.0002
6 0.0045 0.9507 0.0396 0.0035 0.0015 0.0002
7 0.0044 0.9497 0.0408 0.0033 0.0016 0.0002
8 0.0037 0.9575 0.0349 0.0022 0.0016 0.0002
9 0.0035 0.9580 0.0349 0.0024 0.0012 0.0002
10 0.2260 0.1050 0.1371 0.2769 0.0898 0.1653
11 0.1722 0.1113 0.1300 0.4199 0.0345 0.1321
12 0.2898 0.3232 0.0805 0.1677 0.1379 0.0006
13 0.2861 0.2688 0.0974 0.2524 0.0944 0.0010
14 0.5122 0.2830 0.0612 0.0401 0.1033 0.0002
15 0.4922 0.3279 0.0666 0.0236 0.0897 0.0002
16 0.4990 0.3323 0.0605 0.0314 0.0765 0.0003
17 0.4639 0.3611 0.0618 0.0349 0.0781 0.0002
18 0.4641 0.3240 0.0599 0.0412 0.1102 0.0003
19 0.3625 0.4045 0.0903 0.0221 0.1196 0.0011
20 0.4514 0.1334 0.0552 0.2532 0.0379 0.0687
21 0.3362 0.1144 0.1564 0.1946 0.0540 0.1445
22 0.0808 0.1545 0.4912 0.2432 0.0208 0.0094
23 0.1565 0.3186 0.3528 0.1436 0.0168 0.0119
24 0.0929 0.3242 0.3792 0.1631 0.0182 0.0224
25 0.0354 0.2311 0.6182 0.0978 0.0034 0.0140
26 0.0568 0.4102 0.3621 0.1451 0.0196 0.0061
27 0.0461 0.3081 0.4551 0.1478 0.0332 0.0097
28 0.0307 0.4761 0.2888 0.1752 0.0208 0.0085
29 0.0377 0.3442 0.3840 0.1704 0.0455 0.0181
30 0.0880 0.1544 0.2627 0.4133 0.0457 0.0361
31 0.0525 0.1721 0.3267 0.3938 0.0321 0.0229
32 0.0567 0.1163 0.2242 0.5054 0.0567 0.0408
33 0.0581 0.0832 0.1935 0.5957 0.0339 0.0355
34 0.0637 0.1705 0.3611 0.3286 0.0264 0.0496
35 0.0673 0.4355 0.3611 0.1042 0.0142 0.0178
36 0.0818 0.5547 0.2947 0.0528 0.0050 0.0107
37 0.0749 0.4243 0.4412 0.0454 0.0046 0.0097
38 0.1052 0.5181 0.3242 0.0403 0.0041 0.0084
39 0.0898 0.4490 0.4282 0.0215 0.0042 0.0073
40 0.0931 0.4209 0.3628 0.1007 0.0056 0.0170
41 0.1080 0.5747 0.2571 0.0464 0.0048 0.0087
42 0.1131 0.4990 0.3123 0.0620 0.0104 0.0034
43 0.1099 0.5410 0.2720 0.0641 0.0095 0.0038
44 0.0983 0.5356 0.2693 0.0754 0.0179 0.0032
45 0.0576 0.3503 0.2793 0.1578 0.1543 0.0006
46 0.0510 0.2910 0.1893 0.2629 0.2047 0.0010
47 0.0646 0.2455 0.1443 0.1206 0.4243 0.0008
48 0.0213 0.6177 0.2874 0.0368 0.0291 0.0079
49 0.0284 0.6406 0.2356 0.0382 0.0502 0.0072
50 0.1990 0.3804 0.0890 0.1411 0.1869 0.0038
51 0.1737 0.4575 0.0591 0.2095 0.0967 0.0035
52 0.2542 0.3188 0.0550 0.2124 0.1382 0.0212
53 0.0217 0.6240 0.1859 0.0913 0.0740 0.0029
54 0.0404 0.4519 0.3521 0.0583 0.0566 0.0407
55 0.0412 0.3853 0.3762 0.0509 0.1104 0.0361
56 0.0301 0.6191 0.2683 0.0445 0.0276 0.0103
57 0.0639 0.4504 0.2000 0.1046 0.1582 0.0230
58 0.1085 0.5513 0.1761 0.0706 0.0746 0.0190
59 0.0323 0.1859 0.1210 0.5054 0.0161 0.1393
60 0.1214 0.4407 0.1499 0.1851 0.0228 0.0803
61 0.1372 0.2905 0.1361 0.2905 0.0119 0.1340
62 0.0451 0.2576 0.1265 0.4312 0.0333 0.1065
63 0.1061 0.5264 0.0789 0.2299 0.0244 0.0345
64 0.1448 0.4321 0.0898 0.3088 0.0184 0.0062
65 0.0671 0.5239 0.1454 0.2379 0.0223 0.0035
66 0.0436 0.5391 0.0937 0.2886 0.0302 0.0046
67 0.0136 0.5840 0.0714 0.2913 0.0394 0.0003
68 0.0337 0.6772 0.1283 0.1186 0.0420 0.0003
69 0.0246 0.3821 0.0981 0.4646 0.0304 0.0002
70 0.0373 0.5874 0.1332 0.2111 0.0307 0.0003
71 0.0419 0.4502 0.1722 0.2605 0.0746 0.0003
72 0.0332 0.6562 0.1547 0.1080 0.0472 0.0004
73 0.0202 0.6753 0.1279 0.1299 0.0463 0.0002
74 0.0108 0.7788 0.1533 0.0307 0.0264 0.0002
75 0.0278 0.7881 0.1481 0.0181 0.0086 0.0093
76 0.0533 0.7583 0.1425 0.0202 0.0147 0.0110
77 0.0226 0.8535 0.0751 0.0244 0.0235 0.0010
78 0.0142 0.8833 0.0660 0.0239 0.0119 0.0007
79 0.1592 0.5913 0.1761 0.0231 0.0270 0.0231
80 0.1039 0.7271 0.1115 0.0159 0.0317 0.0096
81 0.0170 0.8408 0.0886 0.0288 0.0240 0.0007
82 0.0145 0.8384 0.1199 0.0155 0.0111 0.0005
83 0.0197 0.8394 0.0964 0.0238 0.0194 0.0010
84 0.0173 0.8535 0.0943 0.0196 0.0148 0.0004
85 0.0788 0.5962 0.2299 0.0399 0.0250 0.0302
86 0.2084 0.4844 0.1124 0.0754 0.0666 0.0527
87 0.0170 0.8457 0.0948 0.0162 0.0259 0.0004
88 0.0127 0.8096 0.0908 0.0300 0.0564 0.0006
89 0.0112 0.8398 0.1051 0.0250 0.0186 0.0005
90 0.0063 0.8779 0.1000 0.0070 0.0085 0.0002
91 0.0114 0.8726 0.0850 0.0127 0.0180 0.0003
92 0.0241 0.7612 0.0867 0.0213 0.1055 0.0012
93 0.0289 0.5659 0.3030 0.0376 0.0407 0.0239
94 0.0190 0.7998 0.1600 0.0115 0.0049 0.0046
95 0.1172 0.5903 0.1565 0.0775 0.0215 0.0369
96 0.0609 0.6201 0.0776 0.0425 0.1981 0.0009
97 0.0836 0.3467 0.1266 0.4182 0.0139 0.0111
98 0.0363 0.4485 0.0823 0.4246 0.0068 0.0015
99 0.0799 0.4973 0.0580 0.3472 0.0172 0.0005
100 0.0552 0.7622 0.0726 0.0992 0.0106 0.0003
101 0.0458 0.7217 0.0715 0.1263 0.0345 0.0001
102 0.0748 0.7500 0.0809 0.0640 0.0300 0.0001
103 0.1168 0.6313 0.1106 0.1124 0.0286 0.0001
104 0.0611 0.8047 0.0491 0.0655 0.0198 0.0000
105 0.1593 0.5918 0.0764 0.0295 0.1230 0.0201
106 0.3030 0.4878 0.1168 0.0587 0.0201 0.0136
107 0.1366 0.6216 0.0345 0.0245 0.1809 0.0016
108 0.0950 0.5776 0.2446 0.0164 0.0559 0.0105
109 0.1427 0.6104 0.1394 0.0285 0.0663 0.0126
110 0.2837 0.5464 0.0806 0.0256 0.0581 0.0056
111 0.0459 0.7822 0.0825 0.0318 0.0558 0.0020
112 0.2778 0.5107 0.1223 0.0282 0.0479 0.0129
113 0.0139 0.7871 0.1757 0.0115 0.0112 0.0007
114 0.0096 0.8320 0.1379 0.0115 0.0082 0.0006
115 0.0106 0.8325 0.1359 0.0107 0.0096 0.0008
116 0.0167 0.8364 0.1196 0.0083 0.0185 0.0005
117 0.0170 0.8384 0.1152 0.0106 0.0187 0.0003
118 0.0598 0.5044 0.1827 0.1527 0.0798 0.0203
119 0.1042 0.6797 0.1471 0.0212 0.0260 0.0217
120 0.0106 0.8125 0.1503 0.0157 0.0105 0.0005
121 0.0179 0.7378 0.2064 0.0132 0.0237 0.0009
122 0.0178 0.8311 0.1108 0.0146 0.0249 0.0007
123 0.0323 0.7700 0.1248 0.0485 0.0102 0.0142
124 0.1009 0.7056 0.1207 0.0308 0.0169 0.0251
125 0.0825 0.6045 0.1759 0.0812 0.0331 0.0229
126 0.0116 0.8726 0.0964 0.0091 0.0096 0.0005
127 0.0110 0.8457 0.1154 0.0143 0.0134 0.0005
128 0.0251 0.7690 0.1445 0.0398 0.0162 0.0053
129 0.0417 0.7222 0.1514 0.0374 0.0368 0.0105
130 0.0359 0.7275 0.1561 0.0371 0.0293 0.0137
131 0.3025 0.1300 0.2264 0.2710 0.0406 0.0295
132 0.3110 0.1092 0.1801 0.2991 0.0399 0.0608
133 0.2424 0.0787 0.1448 0.4124 0.0474 0.0745
134 0.2261 0.0728 0.1628 0.4092 0.0585 0.0706
135 0.0133 0.8784 0.0732 0.0105 0.0240 0.0003
136 0.0034 0.9409 0.0499 0.0024 0.0034 0.0001
137 0.0289 0.7690 0.1770 0.0167 0.0057 0.0024
138 0.0042 0.9219 0.0711 0.0022 0.0002 0.0003
139 0.0081 0.9121 0.0640 0.0076 0.0077 0.0003
140 0.0038 0.9243 0.0670 0.0035 0.0014 0.0002
141 0.0638 0.6338 0.0270 0.1339 0.1404 0.0009
142 0.0136 0.8145 0.0965 0.0668 0.0057 0.0028
143 0.0151 0.8462 0.0689 0.0585 0.0094 0.0019
144 0.0095 0.8696 0.0961 0.0094 0.0152 0.0003
145 0.0304 0.8809 0.0819 0.0061 0.0004 0.0003
146 0.0348 0.1272 0.1940 0.6069 0.0162 0.0208
147 0.0074 0.9067 0.0637 0.0185 0.0033 0.0004
148 0.0050 0.9248 0.0670 0.0025 0.0003 0.0005
149 0.0139 0.6333 0.1190 0.1993 0.0301 0.0043
150 0.0086 0.8735 0.0980 0.0089 0.0099 0.0014
151 0.0217 0.9028 0.0422 0.0149 0.0143 0.0040
152 0.0231 0.8721 0.0756 0.0139 0.0115 0.0038
153 0.0153 0.8960 0.0514 0.0206 0.0140 0.0025
154 0.0039 0.9253 0.0692 0.0016 0.0001 0.0001
155 0.0187 0.6680 0.2135 0.0863 0.0098 0.0036
156 0.0221 0.5557 0.2391 0.1593 0.0145 0.0092
157 0.0819 0.5820 0.1449 0.1249 0.0165 0.0497
158 0.1065 0.2457 0.0710 0.5083 0.0305 0.0380
159 0.0367 0.5884 0.1910 0.1465 0.0228 0.0145
160 0.0201 0.8096 0.0853 0.0765 0.0068 0.0018
161 0.0157 0.7725 0.0591 0.1251 0.0262 0.0017
162 0.0112 0.8340 0.0618 0.0813 0.0115 0.0003
163 0.0600 0.6655 0.0286 0.2281 0.0152 0.0025
164 0.0472 0.7622 0.0461 0.1115 0.0237 0.0094
165 0.0232 0.7334 0.1197 0.0962 0.0171 0.0105
166 0.0213 0.6724 0.1224 0.1500 0.0163 0.0175
167 0.0112 0.7705 0.1339 0.0452 0.0338 0.0053
168 0.0190 0.6304 0.1475 0.1594 0.0297 0.0137
169 0.0012 0.9517 0.0452 0.0017 0.0001 0.0001
170 0.0011 0.9409 0.0556 0.0020 0.0001 0.0002
171 0.0573 0.8423 0.0367 0.0555 0.0075 0.0007
172 0.0295 0.9102 0.0252 0.0293 0.0057 0.0004
173 0.0014 0.9531 0.0425 0.0029 0.0001 0.0001
174 0.0132 0.8818 0.1005 0.0039 0.0003 0.0004
175 0.0436 0.8091 0.0801 0.0614 0.0052 0.0004
176 0.0494 0.8428 0.0388 0.0578 0.0109 0.0003
177 0.0060 0.9507 0.0418 0.0006 0.0002 0.0007
178 0.0215 0.8745 0.1012 0.0019 0.0003 0.0007
179 0.0607 0.1813 0.1929 0.5161 0.0389 0.0100
180 0.0372 0.8813 0.0490 0.0275 0.0051 0.0002
181 0.0457 0.8169 0.0574 0.0687 0.0097 0.0014
182 0.1085 0.5469 0.2389 0.0806 0.0231 0.0022
183 0.0628 0.7529 0.0988 0.0580 0.0214 0.0061
184 0.0236 0.4382 0.0312 0.4666 0.0058 0.0346
185 0.0542 0.4470 0.2411 0.2213 0.0177 0.0186
186 0.0263 0.1731 0.4929 0.2188 0.0090 0.0798
187 0.0507 0.7617 0.0803 0.0961 0.0087 0.0023
188 0.0468 0.7212 0.1345 0.0835 0.0119 0.0018
189 0.0419 0.7373 0.1006 0.1054 0.0101 0.0045
190 0.0945 0.3149 0.2737 0.2454 0.0518 0.0197
191 0.1444 0.5713 0.1444 0.1142 0.0159 0.0100
192 0.0468 0.5190 0.0881 0.3052 0.0365 0.0042
193 0.1322 0.5107 0.2064 0.1407 0.0086 0.0010
194 0.0911 0.4348 0.3662 0.0978 0.0070 0.0030
195 0.0721 0.6577 0.1235 0.1335 0.0115 0.0017
196 0.1016 0.4885 0.3154 0.0798 0.0092 0.0053
197 0.0834 0.6772 0.0848 0.1398 0.0094 0.0053
198 0.0623 0.2791 0.2502 0.3699 0.0210 0.0176
199 0.0544 0.1758 0.2478 0.4929 0.0190 0.0101
200 0.0482 0.5259 0.1155 0.2952 0.0061 0.0090
201 0.0599 0.2769 0.2406 0.3447 0.0188 0.0590
202 0.1102 0.2140 0.1483 0.4749 0.0360 0.0166
203 0.0748 0.7549 0.1071 0.0510 0.0079 0.0042
204 0.0232 0.7158 0.1097 0.1410 0.0028 0.0076
205 0.0224 0.7349 0.1858 0.0492 0.0037 0.0042
206 0.0462 0.3840 0.1626 0.3840 0.0125 0.0106
207 0.0311 0.8594 0.0618 0.0399 0.0067 0.0009
208 0.0541 0.7466 0.1277 0.0632 0.0071 0.0011
209 0.0974 0.6812 0.0685 0.1450 0.0056 0.0022
210 0.0458 0.4558 0.2257 0.2639 0.0057 0.0031
211 0.0948 0.2072 0.2137 0.4058 0.0584 0.0200
212 0.0489 0.5869 0.1996 0.1580 0.0017 0.0052
213 0.0382 0.8291 0.0577 0.0639 0.0098 0.0015
214 0.0598 0.7056 0.0738 0.1478 0.0065 0.0065
215 0.0514 0.3977 0.0975 0.4299 0.0171 0.0063
216 0.0223 0.5942 0.2637 0.0349 0.0810 0.0042
217 0.0358 0.8530 0.0668 0.0316 0.0120 0.0006
218 0.0389 0.8662 0.0706 0.0138 0.0098 0.0009
219 0.0051 0.8916 0.0947 0.0040 0.0042 0.0002
220 0.0051 0.8945 0.0921 0.0059 0.0021 0.0004
221 0.0320 0.8926 0.0575 0.0098 0.0072 0.0007
222 0.0541 0.5513 0.2192 0.1604 0.0106 0.0047
223 0.0478 0.5469 0.3477 0.0412 0.0132 0.0029
224 0.0479 0.4727 0.4043 0.0490 0.0247 0.0012
225 0.0474 0.7651 0.1531 0.0246 0.0091 0.0007
226 0.0532 0.5767 0.2947 0.0642 0.0046 0.0065
227 0.1201 0.5596 0.1654 0.1259 0.0193 0.0099
228 0.0053 0.3440 0.1389 0.5083 0.0011 0.0023
229 0.0456 0.2773 0.4431 0.1876 0.0321 0.0142
230 0.2153 0.0242 0.6685 0.0346 0.0124 0.0448
231 0.4136 0.1322 0.1658 0.1166 0.0649 0.1071
232 0.4395 0.0900 0.1310 0.1270 0.0418 0.1708
233 0.0224 0.3589 0.5825 0.0292 0.0039 0.0029
234 0.0120 0.4102 0.2264 0.3455 0.0046 0.0015
235 0.0142 0.5938 0.3657 0.0223 0.0019 0.0022
236 0.2411 0.1849 0.2566 0.1820 0.0486 0.0867
237 0.1252 0.2529 0.3433 0.0953 0.0198 0.1633
238 0.1084 0.1787 0.4255 0.1051 0.0474 0.1349
239 0.0343 0.5327 0.3467 0.0744 0.0057 0.0058
240 0.0690 0.3213 0.3447 0.2043 0.0428 0.0177
241 0.0136 0.5649 0.3882 0.0295 0.0018 0.0022
242 0.0471 0.1752 0.5146 0.2249 0.0288 0.0094
243 0.0614 0.2930 0.5557 0.0629 0.0238 0.0032
244 0.1399 0.0191 0.6367 0.0404 0.0569 0.1072
245 0.1522 0.0332 0.6660 0.0314 0.0446 0.0724
246 0.1838 0.2961 0.2915 0.1115 0.0216 0.0954
247 0.4766 0.1465 0.2018 0.0760 0.0226 0.0766
248 0.0793 0.2091 0.4675 0.1859 0.0520 0.0062
249 0.0755 0.4736 0.2786 0.1367 0.0280 0.0076
250 0.0756 0.3606 0.4282 0.1180 0.0099 0.0078
251 0.0206 0.3650 0.5479 0.0587 0.0071 0.0011
252 0.0326 0.5142 0.4006 0.0432 0.0051 0.0042
253 0.5278 0.0797 0.2551 0.0737 0.0620 0.0016
254 0.6401 0.0846 0.1820 0.0509 0.0412 0.0011
255 0.6479 0.0704 0.2153 0.0265 0.0392 0.0007
256 0.4094 0.1707 0.3188 0.0604 0.0399 0.0007
257 0.2808 0.1412 0.4150 0.1198 0.0424 0.0009
258 0.2849 0.3660 0.2698 0.0535 0.0227 0.0033
259 0.2426 0.5259 0.1318 0.0489 0.0493 0.0017
260 0.2500 0.4934 0.1678 0.0344 0.0532 0.0013
261 0.2974 0.4463 0.1935 0.0262 0.0352 0.0015
262 0.2917 0.4661 0.2004 0.0128 0.0280 0.0008
263 0.1613 0.7061 0.0863 0.0100 0.0360 0.0003
264 0.1765 0.5742 0.1750 0.0281 0.0446 0.0015
265 0.2566 0.6060 0.0915 0.0129 0.0329 0.0003
266 0.2734 0.5312 0.1582 0.0070 0.0302 0.0002
267 0.0716 0.3635 0.4817 0.0617 0.0141 0.0075
268 0.0727 0.5010 0.3013 0.1058 0.0098 0.0095
269 0.0660 0.3403 0.5356 0.0362 0.0206 0.0015
270 0.0702 0.5146 0.3855 0.0122 0.0168 0.0004
271 0.0981 0.3821 0.4065 0.0820 0.0113 0.0201
272 0.1603 0.2834 0.3997 0.1110 0.0333 0.0124
273 0.1024 0.4448 0.3010 0.1198 0.0213 0.0105
274 0.1179 0.3206 0.4148 0.1198 0.0132 0.0135
275 0.2169 0.3494 0.2764 0.0527 0.1041 0.0006
276 0.1240 0.5430 0.2335 0.0264 0.0723 0.0006
277 0.3750 0.4382 0.1033 0.0120 0.0704 0.0010
278 0.3293 0.2688 0.1300 0.1342 0.1351 0.0026
279 0.0103 0.6855 0.2727 0.0276 0.0022 0.0015
280 0.0332 0.5317 0.3030 0.1158 0.0114 0.0050
281 0.0810 0.4050 0.4380 0.0661 0.0072 0.0028
282 0.0179 0.8979 0.0626 0.0182 0.0032 0.0002
283 0.0415 0.4939 0.3787 0.0679 0.0176 0.0004
284 0.0489 0.6289 0.2903 0.0274 0.0044 0.0002
285 0.0580 0.4932 0.3994 0.0363 0.0120 0.0010
286 0.0407 0.5078 0.3657 0.0754 0.0089 0.0017
287 0.0622 0.5332 0.2922 0.1002 0.0114 0.0010
288 0.0418 0.4360 0.3345 0.1735 0.0118 0.0024
289 0.0920 0.4639 0.2971 0.1318 0.0147 0.0006
290 0.0706 0.3113 0.4529 0.1505 0.0146 0.0004
291 0.0809 0.5151 0.3433 0.0547 0.0044 0.0016
292 0.0413 0.5649 0.3000 0.0847 0.0085 0.0002
293 0.0216 0.4617 0.3325 0.1726 0.0092 0.0023
294 0.0145 0.4568 0.5015 0.0256 0.0014 0.0002
295 0.0189 0.6611 0.2610 0.0494 0.0071 0.0025
296 0.0254 0.6963 0.2295 0.0405 0.0079 0.0006
297 0.1110 0.5503 0.1902 0.1298 0.0176 0.0011
298 0.0484 0.6782 0.1742 0.0829 0.0158 0.0003
299 0.1401 0.5898 0.1538 0.0994 0.0162 0.0007
300 0.1098 0.5078 0.2825 0.0676 0.0317 0.0006
301 0.1287 0.4253 0.3933 0.0402 0.0123 0.0004
302 0.0486 0.6606 0.2195 0.0573 0.0138 0.0002
303 0.0548 0.2023 0.2988 0.3899 0.0528 0.0016
304 0.1421 0.4585 0.1597 0.1973 0.0417 0.0007
305 0.1445 0.5542 0.2256 0.0549 0.0196 0.0014
306 0.1165 0.6973 0.1250 0.0353 0.0256 0.0002
307 0.0861 0.3325 0.4072 0.1418 0.0314 0.0009
308 0.1423 0.3901 0.4216 0.0310 0.0142 0.0007
309 0.0302 0.8423 0.1054 0.0159 0.0053 0.0009
310 0.0987 0.7236 0.1349 0.0285 0.0142 0.0003
311 0.0085 0.8735 0.1102 0.0067 0.0010 0.0000
312 0.0291 0.7393 0.1599 0.0631 0.0086 0.0001
313 0.1586 0.4883 0.2593 0.0726 0.0210 0.0002
314 0.0431 0.4783 0.3965 0.0452 0.0106 0.0266
315 0.1191 0.6592 0.1404 0.0428 0.0299 0.0084
316 0.1015 0.5527 0.2305 0.0875 0.0265 0.0012
317 0.0670 0.5347 0.2908 0.0880 0.0180 0.0016
318 0.0573 0.4724 0.4104 0.0198 0.0397 0.0003
319 0.0720 0.6074 0.2739 0.0261 0.0147 0.0057
320 0.1567 0.6812 0.1086 0.0446 0.0084 0.0007
321 0.0486 0.8145 0.1004 0.0277 0.0085 0.0002
322 0.0542 0.7139 0.0981 0.0764 0.0564 0.0010
323 0.0912 0.5811 0.2786 0.0366 0.0122 0.0005
324 0.1196 0.6519 0.1205 0.0855 0.0203 0.0022
325 0.0380 0.7285 0.2007 0.0196 0.0122 0.0010
326 0.0446 0.6060 0.2429 0.0901 0.0134 0.0032
327 0.0295 0.7842 0.1644 0.0186 0.0026 0.0006
328 0.0378 0.5723 0.2620 0.1042 0.0229 0.0007
329 0.1604 0.5342 0.2108 0.0599 0.0341 0.0004
330 0.0323 0.5767 0.3442 0.0414 0.0051 0.0005
331 0.1466 0.5708 0.2325 0.0343 0.0152 0.0003
332 0.0708 0.3486 0.4993 0.0731 0.0080 0.0003
333 0.0266 0.6250 0.2373 0.0887 0.0221 0.0003
334 0.0236 0.7178 0.2385 0.0107 0.0092 0.0001
335 0.0955 0.5283 0.3438 0.0194 0.0128 0.0003
336 0.0600 0.4949 0.2798 0.1292 0.0345 0.0016
337 0.0306 0.3933 0.4670 0.1010 0.0073 0.0007
338 0.0302 0.5659 0.2358 0.1547 0.0121 0.0012
339 0.1826 0.4663 0.2595 0.0682 0.0225 0.0008
340 0.0190 0.6636 0.2944 0.0208 0.0017 0.0004
341 0.0227 0.7686 0.1715 0.0315 0.0044 0.0011
342 0.0399 0.6963 0.2157 0.0456 0.0022 0.0006
343 0.0461 0.7051 0.1884 0.0511 0.0092 0.0002
344 0.0303 0.8667 0.0928 0.0083 0.0020 0.0001
345 0.0484 0.8442 0.0876 0.0178 0.0019 0.0000
346 0.1198 0.6274 0.1959 0.0327 0.0218 0.0020
347 0.0200 0.6426 0.2220 0.0842 0.0289 0.0025
348 0.0091 0.6724 0.3032 0.0135 0.0012 0.0006
349 0.0179 0.6963 0.2815 0.0035 0.0006 0.0001
350 0.0154 0.6621 0.2759 0.0450 0.0016 0.0001
351 0.0537 0.3726 0.2642 0.2903 0.0183 0.0010
352 0.0081 0.8018 0.1875 0.0015 0.0010 0.0000
353 0.0459 0.4822 0.4189 0.0456 0.0063 0.0009
354 0.1111 0.5474 0.2263 0.0974 0.0176 0.0005
355 0.0130 0.4287 0.5171 0.0386 0.0025 0.0002
356 0.0219 0.5610 0.3567 0.0569 0.0022 0.0015
357 0.0060 0.8120 0.1785 0.0031 0.0003 0.0001
358 0.0584 0.5410 0.3521 0.0360 0.0121 0.0004
359 0.1270 0.4399 0.3821 0.0425 0.0020 0.0064
360 0.0233 0.6060 0.3452 0.0229 0.0015 0.0014
361 0.0493 0.4565 0.4092 0.0769 0.0069 0.0010
362 0.0989 0.4946 0.3293 0.0595 0.0172 0.0004
363 0.1990 0.3105 0.2917 0.1367 0.0597 0.0024
364 0.1065 0.4963 0.2554 0.1152 0.0247 0.0018
365 0.0543 0.6719 0.2286 0.0397 0.0049 0.0004
366 0.0956 0.6792 0.0817 0.1083 0.0349 0.0003
367 0.1199 0.4153 0.3337 0.1002 0.0303 0.0006
368 0.1094 0.6914 0.0996 0.0600 0.0393 0.0002
369 0.1581 0.4795 0.1556 0.0959 0.1104 0.0005
370 0.1381 0.5171 0.2683 0.0392 0.0366 0.0007
371 0.1111 0.4644 0.3167 0.0776 0.0297 0.0007
372 0.1310 0.5557 0.1749 0.0853 0.0517 0.0012
373 0.0119 0.6226 0.3491 0.0146 0.0017 0.0003
374 0.0349 0.3696 0.2922 0.2832 0.0190 0.0010
375 0.0598 0.3257 0.5947 0.0180 0.0017 0.0002
376 0.0614 0.3218 0.3618 0.2411 0.0130 0.0009
377 0.0230 0.1909 0.7095 0.0719 0.0037 0.0011
378 0.0894 0.4756 0.3479 0.0619 0.0235 0.0018
379 0.2281 0.3071 0.1353 0.2546 0.0718 0.0031
380 0.0746 0.4946 0.2264 0.0937 0.1086 0.0019
381 0.1991 0.5718 0.1575 0.0651 0.0062 0.0004
382 0.1354 0.3196 0.3271 0.2113 0.0044 0.0021
383 0.0586 0.3508 0.4795 0.1061 0.0046 0.0004
384 0.1102 0.3188 0.2091 0.2996 0.0563 0.0062
385 0.0935 0.2261 0.3557 0.3042 0.0195 0.0011
386 0.0869 0.4919 0.2803 0.1273 0.0123 0.0011
387 0.0822 0.5791 0.1196 0.1896 0.0273 0.0021
388 0.0913 0.3213 0.0942 0.3999 0.0928 0.0006
389 0.0788 0.1201 0.0301 0.6914 0.0740 0.0057
390 0.1294 0.3179 0.0602 0.3411 0.1467 0.0048
391 0.1510 0.4990 0.0426 0.1780 0.1272 0.0021
392 0.0892 0.4290 0.0418 0.3162 0.1191 0.0048
393 0.1270 0.6348 0.0600 0.0679 0.1086 0.0018
394 0.0617 0.6685 0.0657 0.0330 0.1704 0.0006
395 0.0781 0.3752 0.2189 0.1002 0.2258 0.0017
396 0.0754 0.4692 0.1141 0.0895 0.2512 0.0008
397 0.0901 0.6768 0.0736 0.0960 0.0578 0.0056
398 0.1649 0.3833 0.1598 0.2362 0.0507 0.0049
399 0.0986 0.5498 0.1676 0.1389 0.0408 0.0044
400 0.1252 0.5527 0.1536 0.1007 0.0625 0.0052
401 0.0980 0.5254 0.2157 0.1027 0.0554 0.0027
402 0.0979 0.6138 0.1381 0.0987 0.0489 0.0026
403 0.0875 0.6772 0.1080 0.0815 0.0404 0.0051
404 0.0888 0.4653 0.2339 0.1354 0.0610 0.0157
405 0.0973 0.4978 0.1111 0.1980 0.0914 0.0044
406 0.1285 0.4148 0.0811 0.3083 0.0602 0.0072
407 0.0511 0.5122 0.0662 0.2496 0.1179 0.0029
408 0.1626 0.3811 0.2072 0.2040 0.0434 0.0017
409 0.0561 0.6465 0.1106 0.1560 0.0280 0.0030
410 0.0542 0.5269 0.1439 0.2301 0.0426 0.0026
411 0.0832 0.4751 0.1554 0.2192 0.0633 0.0039
412 0.0931 0.3743 0.3054 0.2098 0.0097 0.0078
413 0.1592 0.3757 0.1495 0.2793 0.0331 0.0032
414 0.1920 0.3142 0.0758 0.3730 0.0422 0.0027
415 0.1882 0.2676 0.0910 0.3801 0.0720 0.0011
416 0.1261 0.4302 0.0530 0.3457 0.0436 0.0016
417 0.1940 0.3174 0.0655 0.3708 0.0510 0.0014
418 0.1796 0.2915 0.0611 0.4045 0.0616 0.0017
419 0.1437 0.2444 0.0477 0.4937 0.0695 0.0013
420 0.1392 0.2542 0.0885 0.4355 0.0818 0.0008
421 0.1099 0.3809 0.0469 0.3013 0.1599 0.0013
422 0.2207 0.4221 0.1459 0.1436 0.0662 0.0017
423 0.1492 0.4558 0.0970 0.1785 0.1180 0.0014
424 0.1087 0.5269 0.1096 0.1594 0.0944 0.0011
425 0.0840 0.6709 0.1750 0.0450 0.0246 0.0005
426 0.0678 0.7344 0.1266 0.0470 0.0236 0.0005
427 0.1331 0.5962 0.1804 0.0643 0.0256 0.0006
428 0.0576 0.3875 0.1101 0.4060 0.0306 0.0084
429 0.0479 0.2888 0.1752 0.4614 0.0195 0.0072
430 0.0862 0.4180 0.2382 0.2308 0.0162 0.0108
431 0.0698 0.6079 0.1974 0.1099 0.0119 0.0030
432 0.0303 0.8115 0.0823 0.0626 0.0108 0.0023
433 0.0478 0.7017 0.0775 0.1517 0.0174 0.0039
434 0.0325 0.7939 0.0519 0.0863 0.0346 0.0009
435 0.0353 0.7598 0.0609 0.1053 0.0358 0.0028
436 0.0874 0.2864 0.2129 0.3735 0.0337 0.0059
437 0.1078 0.4719 0.2607 0.0989 0.0568 0.0039
438 0.0466 0.6338 0.0673 0.1603 0.0906 0.0015
439 0.0605 0.3000 0.3398 0.2449 0.0390 0.0158
440 0.0739 0.6338 0.0864 0.1759 0.0246 0.0055
441 0.1735 0.5918 0.1260 0.0951 0.0104 0.0035
442 0.1351 0.6011 0.1461 0.0894 0.0260 0.0024
443 0.1281 0.4167 0.2000 0.2301 0.0186 0.0065
444 0.2130 0.3857 0.1343 0.2285 0.0329 0.0056
445 0.1407 0.5566 0.1261 0.1354 0.0376 0.0037
446 0.1537 0.5410 0.1032 0.1637 0.0327 0.0058
447 0.0857 0.3750 0.4055 0.1144 0.0087 0.0107
448 0.1185 0.3855 0.3350 0.1462 0.0107 0.0042
449 0.0908 0.3455 0.3401 0.1969 0.0182 0.0085
450 0.0715 0.3176 0.4551 0.1345 0.0141 0.0071
451 0.0581 0.4329 0.2045 0.2428 0.0590 0.0028
452 0.1207 0.5244 0.2678 0.0721 0.0129 0.0021
453 0.1182 0.4785 0.2769 0.1035 0.0201 0.0028
454 0.0358 0.7954 0.0613 0.0663 0.0402 0.0008
455 0.0377 0.8257 0.0368 0.0408 0.0589 0.0004
456 0.0272 0.7827 0.0504 0.0500 0.0892 0.0006
457 0.0255 0.8364 0.0556 0.0245 0.0578 0.0003
458 0.0797 0.6836 0.1742 0.0420 0.0167 0.0040
459 0.1105 0.5190 0.3147 0.0364 0.0116 0.0079
460 0.1403 0.5635 0.2277 0.0408 0.0148 0.0128
461 0.1421 0.5278 0.2133 0.0977 0.0124 0.0067
462 0.0770 0.7412 0.1350 0.0418 0.0035 0.0012
463 0.1729 0.6226 0.1143 0.0726 0.0091 0.0087
464 0.0702 0.3945 0.3823 0.1290 0.0083 0.0157
465 0.0553 0.7285 0.1481 0.0594 0.0066 0.0020
466 0.1171 0.4929 0.3083 0.0715 0.0058 0.0042
467 0.0354 0.8647 0.0631 0.0200 0.0160 0.0010
468 0.0363 0.8857 0.0553 0.0138 0.0078 0.0009
469 0.1353 0.6553 0.1406 0.0555 0.0106 0.0029
470 0.0963 0.4214 0.3662 0.0836 0.0174 0.0151
471 0.1016 0.6226 0.1959 0.0579 0.0177 0.0045
472 0.0890 0.6787 0.1650 0.0612 0.0055 0.0008
473 0.0712 0.8208 0.0729 0.0334 0.0014 0.0001
474 0.0895 0.8164 0.0759 0.0168 0.0014 0.0001
475 0.0397 0.7915 0.1523 0.0147 0.0015 0.0000
476 0.0851 0.2502 0.6099 0.0474 0.0055 0.0021
477 0.0853 0.3884 0.4541 0.0610 0.0059 0.0056
478 0.0600 0.6016 0.2488 0.0765 0.0123 0.0011
479 0.0115 0.7539 0.1998 0.0323 0.0016 0.0008
480 0.0181 0.6489 0.2749 0.0563 0.0012 0.0005
481 0.0375 0.8872 0.0470 0.0127 0.0153 0.0003
482 0.0238 0.6196 0.2749 0.0788 0.0023 0.0004
483 0.0246 0.6865 0.2566 0.0297 0.0019 0.0009
484 0.0239 0.8027 0.1417 0.0270 0.0042 0.0006
485 0.0394 0.8481 0.0777 0.0244 0.0100 0.0002
486 0.0509 0.7090 0.1013 0.1290 0.0092 0.0006
487 0.0536 0.6792 0.1886 0.0683 0.0098 0.0007
488 0.1069 0.2390 0.4004 0.2317 0.0209 0.0013
489 0.0654 0.5225 0.2546 0.1439 0.0122 0.0015
490 0.0710 0.2054 0.6680 0.0480 0.0060 0.0014
491 0.0798 0.4453 0.4316 0.0357 0.0049 0.0024
492 0.0246 0.7300 0.0845 0.1483 0.0082 0.0041
493 0.0310 0.8589 0.0310 0.0459 0.0323 0.0011
494 0.0403 0.7603 0.0367 0.1281 0.0316 0.0031
495 0.0251 0.7993 0.1549 0.0178 0.0031 0.0001
496 0.0210 0.8320 0.1091 0.0333 0.0046 0.0001
497 0.0574 0.1124 0.2783 0.4734 0.0371 0.0414
498 0.0385 0.6406 0.1659 0.1418 0.0125 0.0006
499 0.0325 0.6235 0.2024 0.1317 0.0099 0.0001
500 0.0086 0.7466 0.1678 0.0623 0.0144 0.0002
501 0.0230 0.8486 0.0860 0.0342 0.0068 0.0015
502 0.0097 0.6841 0.2942 0.0104 0.0006 0.0009
503 0.0064 0.7388 0.2437 0.0095 0.0004 0.0012
504 0.0057 0.2480 0.7290 0.0108 0.0008 0.0057
505 0.0074 0.8994 0.0536 0.0368 0.0023 0.0004
506 0.0057 0.8735 0.1182 0.0021 0.0002 0.0002
507 0.0069 0.8726 0.1172 0.0022 0.0008 0.0004
508 0.0237 0.8174 0.1334 0.0241 0.0008 0.0003
509 0.0238 0.7949 0.1425 0.0378 0.0009 0.0004
510 0.0154 0.8960 0.0724 0.0151 0.0007 0.0002
511 0.0290 0.7251 0.1891 0.0533 0.0029 0.0006
512 0.0255 0.8628 0.0736 0.0300 0.0083 0.0001
513 0.0114 0.8696 0.1105 0.0083 0.0003 0.0001
514 0.0120 0.8091 0.1138 0.0568 0.0079 0.0003
515 0.0693 0.6890 0.1421 0.0855 0.0142 0.0002
516 0.1157 0.5874 0.1086 0.1792 0.0073 0.0018
517 0.0394 0.4802 0.3513 0.1252 0.0029 0.0009
518 0.1059 0.5859 0.1666 0.1288 0.0110 0.0015
519 0.0563 0.7656 0.1497 0.0217 0.0064 0.0002
520 0.0383 0.5942 0.3130 0.0447 0.0095 0.0005
521 0.0641 0.4453 0.3870 0.0864 0.0161 0.0010
522 0.0327 0.5356 0.3513 0.0720 0.0077 0.0004
523 0.0572 0.4980 0.2905 0.1484 0.0051 0.0008
524 0.0939 0.4810 0.2272 0.1742 0.0208 0.0031
525 0.0406 0.6509 0.2489 0.0564 0.0030 0.0004
526 0.0365 0.6895 0.2273 0.0389 0.0071 0.0007
527 0.0748 0.5884 0.3005 0.0286 0.0078 0.0002
528 0.0463 0.7769 0.1517 0.0184 0.0066 0.0002
529 0.0381 0.8687 0.0753 0.0157 0.0023 0.0001
530 0.0578 0.7974 0.1282 0.0151 0.0016 0.0001
531 0.1439 0.1791 0.0659 0.5962 0.0103 0.0046
532 0.0617 0.3638 0.3286 0.2040 0.0408 0.0011
533 0.0406 0.7974 0.0587 0.1006 0.0021 0.0006
534 0.0592 0.6313 0.1055 0.1987 0.0042 0.0007
535 0.1112 0.3425 0.2111 0.3120 0.0183 0.0048
536 0.0536 0.5996 0.2422 0.0844 0.0194 0.0010
537 0.0348 0.7505 0.1090 0.1016 0.0030 0.0009
538 0.1337 0.3960 0.3284 0.1171 0.0231 0.0019
539 0.0649 0.3003 0.5439 0.0802 0.0075 0.0034
540 0.0671 0.2272 0.3630 0.2827 0.0320 0.0280
541 0.0503 0.6782 0.1410 0.1255 0.0044 0.0008
542 0.0580 0.7827 0.0594 0.0935 0.0057 0.0005
543 0.0679 0.1449 0.3240 0.4226 0.0369 0.0034
544 0.0658 0.4463 0.1875 0.2903 0.0090 0.0012
545 0.0506 0.7920 0.0687 0.0748 0.0129 0.0011
546 0.0554 0.6489 0.1720 0.1128 0.0098 0.0009
547 0.0233 0.6553 0.1462 0.1710 0.0031 0.0009
548 0.0191 0.8496 0.0909 0.0300 0.0100 0.0002
549 0.0857 0.0323 0.1504 0.7065 0.0159 0.0093
550 0.0725 0.5796 0.0976 0.2002 0.0420 0.0082
551 0.0798 0.2222 0.5166 0.1368 0.0043 0.0404
552 0.1060 0.2333 0.1667 0.4712 0.0100 0.0128
553 0.1044 0.3879 0.2708 0.2177 0.0169 0.0023
554 0.1265 0.4309 0.2184 0.2004 0.0228 0.0008
555 0.0417 0.6777 0.2051 0.0547 0.0192 0.0018
556 0.0555 0.5264 0.3618 0.0435 0.0120 0.0010
557 0.0652 0.6284 0.2441 0.0441 0.0178 0.0002
558 0.0647 0.4597 0.1602 0.2947 0.0178 0.0029
559 0.0707 0.3853 0.4297 0.1086 0.0036 0.0021
560 0.0820 0.4910 0.3650 0.0568 0.0037 0.0015
561 0.0770 0.2109 0.4607 0.1655 0.0782 0.0077
562 0.0981 0.3853 0.2954 0.1892 0.0311 0.0011
563 0.0641 0.7334 0.1624 0.0243 0.0155 0.0003
564 0.0296 0.8711 0.0890 0.0080 0.0021 0.0001
565 0.1204 0.6772 0.1114 0.0650 0.0258 0.0002
566 0.0168 0.8467 0.1093 0.0233 0.0039 0.0002
567 0.0878 0.3784 0.2581 0.2559 0.0182 0.0017
568 0.0616 0.5410 0.2496 0.1246 0.0223 0.0009
569 0.0662 0.6372 0.1478 0.1346 0.0109 0.0030
570 0.0088 0.9458 0.0149 0.0209 0.0066 0.0028
571 0.0406 0.6714 0.2450 0.0295 0.0131 0.0005
572 0.0410 0.6362 0.2065 0.0968 0.0186 0.0009
573 0.0360 0.7402 0.1857 0.0313 0.0062 0.0005
574 0.0410 0.6177 0.2827 0.0395 0.0188 0.0003
575 0.0537 0.2708 0.5020 0.1340 0.0384 0.0015
576 0.1205 0.3599 0.3655 0.1252 0.0151 0.0139
577 0.1567 0.1776 0.5601 0.0958 0.0072 0.0028
578 0.0695 0.5098 0.3728 0.0387 0.0086 0.0008
579 0.0515 0.6172 0.2759 0.0447 0.0094 0.0015
580 0.0229 0.4316 0.3809 0.1600 0.0014 0.0030
581 0.0443 0.3767 0.1547 0.4138 0.0034 0.0072
582 0.1028 0.7192 0.1300 0.0390 0.0080 0.0010
583 0.1317 0.6479 0.1348 0.0805 0.0039 0.0010
584 0.1428 0.3193 0.3975 0.1232 0.0066 0.0104
585 0.0947 0.7222 0.1400 0.0315 0.0106 0.0008
586 0.2397 0.2148 0.4341 0.0992 0.0097 0.0025
587 0.1472 0.4788 0.3044 0.0537 0.0136 0.0023
588 0.0305 0.5713 0.3689 0.0259 0.0019 0.0014
589 0.0782 0.6865 0.1847 0.0435 0.0054 0.0017
590 0.0746 0.6099 0.1519 0.1472 0.0149 0.0015
591 0.0771 0.3049 0.1509 0.4038 0.0468 0.0167
592 0.0781 0.2578 0.1181 0.4895 0.0434 0.0130
593 0.0712 0.5913 0.2389 0.0701 0.0231 0.0054
594 0.1364 0.2754 0.2393 0.3323 0.0127 0.0042
595 0.1510 0.2778 0.1970 0.3247 0.0394 0.0101
596 0.0565 0.4805 0.0597 0.3542 0.0407 0.0084
597 0.0363 0.4216 0.3442 0.1930 0.0043 0.0006
598 0.1199 0.4929 0.1091 0.2440 0.0278 0.0063
599 0.0654 0.7026 0.1862 0.0396 0.0058 0.0004
600 0.0664 0.5303 0.3167 0.0770 0.0087 0.0009
601 0.0833 0.4756 0.3677 0.0406 0.0307 0.0022
602 0.0786 0.5586 0.2786 0.0688 0.0134 0.0021
603 0.0566 0.2366 0.6533 0.0421 0.0081 0.0034
604 0.1224 0.3857 0.3857 0.0834 0.0179 0.0047
605 0.0872 0.2158 0.5645 0.1120 0.0142 0.0065
606 0.1519 0.3877 0.3213 0.1077 0.0306 0.0009
607 0.0783 0.3120 0.3374 0.2668 0.0043 0.0011
608 0.1422 0.4773 0.1688 0.2020 0.0051 0.0047
609 0.0424 0.8506 0.0869 0.0178 0.0020 0.0003
610 0.0253 0.8301 0.1334 0.0084 0.0029 0.0001
611 0.0933 0.4963 0.3254 0.0786 0.0061 0.0002
612 0.0739 0.5293 0.2542 0.1298 0.0094 0.0034
613 0.1447 0.2969 0.2385 0.2922 0.0063 0.0213
614 0.0137 0.2213 0.4199 0.3323 0.0127 0.0003
615 0.1316 0.2764 0.3496 0.2239 0.0163 0.0022
616 0.0755 0.8638 0.0447 0.0118 0.0042 0.0001
617 0.0833 0.8403 0.0529 0.0195 0.0035 0.0004
618 0.1199 0.7119 0.1228 0.0336 0.0102 0.0014
619 0.0944 0.5146 0.2031 0.1710 0.0147 0.0023
620 0.0796 0.7554 0.1047 0.0526 0.0071 0.0007
621 0.0902 0.7495 0.1158 0.0267 0.0172 0.0004
622 0.1602 0.5723 0.2275 0.0336 0.0063 0.0003
623 0.0632 0.1613 0.4524 0.3062 0.0141 0.0029
624 0.0834 0.7432 0.1176 0.0457 0.0095 0.0007
625 0.0969 0.5034 0.1973 0.1796 0.0163 0.0064
626 0.0378 0.8008 0.1172 0.0411 0.0027 0.0002
627 0.0886 0.3093 0.4099 0.1848 0.0063 0.0010
628 0.0596 0.6211 0.2529 0.0498 0.0160 0.0008
629 0.0504 0.7173 0.1588 0.0632 0.0093 0.0010
630 0.0521 0.4395 0.4678 0.0323 0.0073 0.0012
631 0.0254 0.4756 0.4907 0.0069 0.0012 0.0003
632 0.1722 0.2264 0.2126 0.3674 0.0141 0.0070
633 0.1272 0.2130 0.3403 0.2913 0.0218 0.0065
634 0.0476 0.7393 0.1929 0.0141 0.0058 0.0003
635 0.0704 0.7061 0.1379 0.0575 0.0245 0.0036
636 0.0415 0.7705 0.1565 0.0135 0.0180 0.0002
637 0.0739 0.6582 0.1915 0.0459 0.0301 0.0004
638 0.0448 0.8130 0.1218 0.0068 0.0132 0.0002
639 0.0112 0.8979 0.0693 0.0195 0.0019 0.0001
640 0.0097 0.9473 0.0319 0.0102 0.0006 0.0001
641 0.0112 0.9404 0.0359 0.0115 0.0011 0.0000
642 0.0198 0.5273 0.2651 0.1633 0.0213 0.0030
643 0.0899 0.2769 0.2522 0.3340 0.0313 0.0157
644 0.0589 0.8066 0.1091 0.0207 0.0041 0.0007
645 0.0775 0.5913 0.2664 0.0550 0.0039 0.0060
646 0.0609 0.6104 0.2245 0.0852 0.0128 0.0066
647 0.0526 0.5317 0.1571 0.2358 0.0176 0.0053
648 0.0679 0.4568 0.1761 0.2563 0.0283 0.0145
649 0.1416 0.4465 0.3372 0.0533 0.0201 0.0012
650 0.1225 0.5981 0.2068 0.0480 0.0230 0.0013
651 0.0945 0.6162 0.1938 0.0783 0.0151 0.0023
652 0.0878 0.5811 0.2922 0.0294 0.0088 0.0006
653 0.0986 0.5586 0.2329 0.0912 0.0122 0.0063
654 0.0563 0.6250 0.1461 0.1331 0.0306 0.0087
655 0.1196 0.5703 0.1007 0.1881 0.0130 0.0082
656 0.0991 0.4839 0.2285 0.1620 0.0209 0.0057
657 0.0879 0.3213 0.2314 0.3213 0.0166 0.0212
658 0.0603 0.4189 0.2834 0.2173 0.0126 0.0075
659 0.0653 0.5259 0.0972 0.2445 0.0628 0.0044
660 0.1092 0.5293 0.2461 0.0920 0.0210 0.0025
661 0.0670 0.2529 0.1054 0.5190 0.0547 0.0011
662 0.0903 0.6367 0.1501 0.0917 0.0289 0.0021
663 0.1294 0.5713 0.1573 0.1197 0.0211 0.0013
664 0.0407 0.6123 0.1115 0.1866 0.0468 0.0022
665 0.1528 0.1902 0.2329 0.4026 0.0121 0.0095
666 0.0842 0.6079 0.1389 0.1245 0.0427 0.0017
667 0.0801 0.6011 0.1804 0.1094 0.0212 0.0080
668 0.0866 0.7251 0.1044 0.0664 0.0154 0.0021
669 0.0763 0.4529 0.1947 0.2423 0.0289 0.0049
670 0.1039 0.4585 0.2737 0.1387 0.0247 0.0006
671 0.1477 0.5444 0.1881 0.0748 0.0447 0.0003
672 0.0598 0.5542 0.1665 0.0673 0.1516 0.0006
673 0.0511 0.6787 0.1348 0.0073 0.1276 0.0006
674 0.1213 0.1849 0.3855 0.2866 0.0162 0.0055
675 0.0042 0.8350 0.1113 0.0429 0.0054 0.0012
676 0.0684 0.4937 0.2600 0.1553 0.0191 0.0034
677 0.1320 0.3093 0.4573 0.0746 0.0229 0.0039
678 0.0061 0.8081 0.1592 0.0139 0.0108 0.0019
679 0.0730 0.4136 0.2510 0.2180 0.0388 0.0056
680 0.0533 0.8018 0.0679 0.0378 0.0387 0.0005
681 0.0334 0.7539 0.1532 0.0295 0.0279 0.0022
682 0.0506 0.3403 0.1608 0.3916 0.0329 0.0239
683 0.0439 0.6875 0.1418 0.0730 0.0534 0.0002
684 0.0839 0.5220 0.2466 0.1240 0.0161 0.0075
685 0.1071 0.6562 0.1740 0.0475 0.0117 0.0033
686 0.0813 0.5469 0.2751 0.0839 0.0106 0.0023
687 0.0717 0.4460 0.2207 0.2350 0.0212 0.0054
688 0.0821 0.2197 0.2130 0.4370 0.0151 0.0332
689 0.0959 0.5435 0.1848 0.1556 0.0155 0.0047
690 0.0709 0.4307 0.2612 0.2003 0.0295 0.0072
691 0.0252 0.7729 0.1185 0.0551 0.0271 0.0014
692 0.0227 0.8730 0.0892 0.0120 0.0032 0.0001
693 0.0080 0.9194 0.0570 0.0140 0.0015 0.0002
694 0.0074 0.8594 0.1075 0.0199 0.0057 0.0003
695 0.0131 0.9189 0.0535 0.0133 0.0009 0.0001
696 0.0341 0.7700 0.1010 0.0898 0.0046 0.0003
697 0.0005 0.9375 0.0572 0.0046 0.0000 0.0001
698 0.0307 0.8843 0.0651 0.0135 0.0061 0.0001
699 0.0351 0.8843 0.0574 0.0167 0.0062 0.0001
700 0.0415 0.8608 0.0758 0.0142 0.0072 0.0002
701 0.0012 0.9570 0.0408 0.0006 0.0001 0.0003
702 0.0117 0.9521 0.0187 0.0141 0.0032 0.0002
703 0.0084 0.8809 0.0339 0.0740 0.0025 0.0004
704 0.0193 0.6240 0.1787 0.1603 0.0147 0.0031
705 0.0047 0.9116 0.0809 0.0022 0.0002 0.0002
706 0.0181 0.7495 0.1597 0.0640 0.0062 0.0024
707 0.1617 0.6299 0.0922 0.0564 0.0568 0.0029
708 0.0010 0.7217 0.2739 0.0027 0.0002 0.0004
709 0.0669 0.7778 0.0604 0.0801 0.0096 0.0054
710 0.0804 0.6890 0.1478 0.0597 0.0223 0.0008
711 0.0571 0.5952 0.1759 0.0114 0.1577 0.0025
712 0.1130 0.3914 0.1166 0.1606 0.2179 0.0004
713 0.0055 0.5776 0.2949 0.1111 0.0103 0.0004
714 0.0460 0.2861 0.1260 0.4980 0.0432 0.0007
715 0.0665 0.3403 0.2756 0.2568 0.0605 0.0004
716 0.0815 0.7983 0.0601 0.0289 0.0298 0.0015
717 0.0237 0.9248 0.0406 0.0050 0.0050 0.0007
718 0.0203 0.9321 0.0394 0.0032 0.0047 0.0003
719 0.0273 0.9248 0.0373 0.0037 0.0067 0.0004
720 0.0259 0.9141 0.0452 0.0062 0.0080 0.0006
721 0.0198 0.9102 0.0587 0.0053 0.0057 0.0004
722 0.0340 0.8369 0.0947 0.0167 0.0159 0.0017
723 0.0399 0.8608 0.0707 0.0140 0.0135 0.0008
724 0.2070 0.6084 0.1033 0.0163 0.0646 0.0004
725 0.1991 0.6035 0.1066 0.0325 0.0575 0.0009
726 0.2240 0.5630 0.1237 0.0217 0.0667 0.0010
727 0.2335 0.5645 0.1044 0.0161 0.0813 0.0001
728 0.2286 0.6118 0.1262 0.0078 0.0257 0.0001
729 0.3506 0.4644 0.1331 0.0199 0.0319 0.0001
730 0.3298 0.4797 0.1510 0.0165 0.0230 0.0000
731 0.3071 0.4468 0.1644 0.0443 0.0373 0.0001
732 0.2581 0.5547 0.1339 0.0238 0.0294 0.0001
733 0.0824 0.7007 0.0934 0.0603 0.0549 0.0081
734 0.4417 0.3662 0.1074 0.0296 0.0549 0.0002
735 0.4795 0.3193 0.0873 0.0475 0.0659 0.0004
736 0.4309 0.3516 0.0767 0.0621 0.0779 0.0009
737 0.4717 0.3191 0.0893 0.0406 0.0788 0.0005
738 0.1707 0.6050 0.0690 0.0418 0.1093 0.0041
739 0.1420 0.6460 0.0765 0.0340 0.0983 0.0031
740 0.1360 0.6904 0.0745 0.0248 0.0728 0.0015
741 0.0746 0.8276 0.0577 0.0144 0.0250 0.0005
742 0.0109 0.5791 0.2822 0.1243 0.0007 0.0027
743 0.7720 0.1053 0.0577 0.0538 0.0111 0.0002
744 0.8984 0.0641 0.0135 0.0191 0.0048 0.0001
745 0.8188 0.1049 0.0401 0.0267 0.0092 0.0002
746 0.9067 0.0492 0.0158 0.0227 0.0054 0.0003
747 0.8901 0.0494 0.0235 0.0280 0.0086 0.0004
748 0.9180 0.0400 0.0172 0.0173 0.0066 0.0006
749 0.9155 0.0268 0.0212 0.0279 0.0070 0.0016
750 0.7935 0.0792 0.0354 0.0792 0.0095 0.0030
751 0.8691 0.0675 0.0406 0.0203 0.0020 0.0006
752 0.6582 0.1901 0.0830 0.0508 0.0157 0.0023
753 0.6846 0.1127 0.0247 0.1338 0.0386 0.0054
754 0.5679 0.0927 0.0421 0.2441 0.0477 0.0056
755 0.5928 0.1140 0.0510 0.2164 0.0223 0.0034
756 0.6860 0.1268 0.0336 0.1350 0.0165 0.0021
757 0.6050 0.2947 0.0331 0.0485 0.0170 0.0018
758 0.6353 0.1833 0.0873 0.0542 0.0393 0.0007
759 0.5571 0.2981 0.0983 0.0170 0.0295 0.0002
760 0.6401 0.2690 0.0586 0.0090 0.0230 0.0001
761 0.7061 0.1588 0.0905 0.0211 0.0232 0.0003
762 0.6694 0.1318 0.1110 0.0520 0.0352 0.0007
763 0.5107 0.4507 0.0217 0.0050 0.0115 0.0003
764 0.4778 0.4854 0.0244 0.0052 0.0073 0.0003
765 0.5762 0.3779 0.0247 0.0056 0.0149 0.0003
766 0.6055 0.3503 0.0215 0.0093 0.0130 0.0004
767 0.4790 0.3909 0.0922 0.0224 0.0144 0.0011
768 0.1317 0.1829 0.2137 0.4453 0.0084 0.0180
769 0.9077 0.0648 0.0061 0.0132 0.0069 0.0012
770 0.9175 0.0582 0.0026 0.0176 0.0034 0.0006
771 0.8818 0.0952 0.0058 0.0134 0.0036 0.0005
772 0.9141 0.0580 0.0034 0.0199 0.0042 0.0004
773 0.9077 0.0576 0.0025 0.0272 0.0037 0.0015
774 0.8721 0.0280 0.0045 0.0844 0.0067 0.0043
775 0.0521 0.1373 0.0859 0.5967 0.0175 0.1104
776 0.7480 0.0649 0.0690 0.1121 0.0050 0.0010
777 0.8804 0.0613 0.0103 0.0422 0.0053 0.0003
778 0.9121 0.0480 0.0123 0.0234 0.0042 0.0001
779 0.8369 0.0882 0.0472 0.0164 0.0109 0.0002
780 0.0294 0.9570 0.0115 0.0009 0.0012 0.0000
781 0.0730 0.8896 0.0190 0.0155 0.0026 0.0001
782 0.0585 0.9155 0.0193 0.0038 0.0027 0.0001
783 0.0531 0.8975 0.0420 0.0058 0.0016 0.0001
784 0.5425 0.2124 0.0812 0.1003 0.0633 0.0005
785 0.5874 0.2488 0.0735 0.0479 0.0416 0.0006
786 0.4199 0.4834 0.0391 0.0226 0.0348 0.0002
787 0.5605 0.3508 0.0435 0.0161 0.0290 0.0001
788 0.5742 0.2712 0.0945 0.0193 0.0403 0.0000
789 0.6201 0.2246 0.0997 0.0183 0.0372 0.0001
790 0.6250 0.2817 0.0696 0.0036 0.0199 0.0000
791 0.6582 0.1730 0.0804 0.0222 0.0662 0.0002
792 0.6851 0.1746 0.0739 0.0210 0.0455 0.0002
793 0.6680 0.1503 0.0636 0.0455 0.0721 0.0004
794 0.6851 0.1035 0.1101 0.0567 0.0445 0.0003
795 0.0940 0.3083 0.2678 0.3035 0.0192 0.0072
796 0.0366 0.6182 0.0762 0.2346 0.0298 0.0045
797 0.0608 0.5674 0.0739 0.2598 0.0349 0.0031
798 0.0640 0.5073 0.1047 0.2983 0.0237 0.0018
799 0.0649 0.5312 0.0861 0.2712 0.0439 0.0024
800 0.2146 0.4473 0.3123 0.0168 0.0065 0.0025
801 0.2700 0.2966 0.4116 0.0130 0.0068 0.0019
802 0.2273 0.3359 0.4053 0.0205 0.0064 0.0047
803 0.3379 0.2715 0.3596 0.0195 0.0085 0.0028
804 0.2915 0.3250 0.3684 0.0097 0.0037 0.0018
805 0.2766 0.3496 0.3606 0.0073 0.0033 0.0028
806 0.3022 0.3704 0.3071 0.0091 0.0068 0.0042
807 0.2482 0.3286 0.4092 0.0076 0.0041 0.0024
808 0.2603 0.3342 0.3848 0.0109 0.0056 0.0040
809 0.5840 0.1431 0.1986 0.0510 0.0185 0.0050
810 0.5977 0.1312 0.1940 0.0583 0.0127 0.0061
811 0.6523 0.1324 0.1489 0.0451 0.0164 0.0048
812 0.5942 0.1188 0.1945 0.0688 0.0166 0.0071
813 0.5586 0.1368 0.2186 0.0677 0.0148 0.0036
814 0.5239 0.1586 0.2219 0.0704 0.0199 0.0054
815 0.6201 0.0752 0.2194 0.0679 0.0137 0.0039
816 0.0807 0.6157 0.1053 0.1428 0.0546 0.0010
817 0.0166 0.8188 0.0933 0.0662 0.0044 0.0007
818 0.0150 0.9419 0.0249 0.0105 0.0075 0.0002
819 0.0165 0.9272 0.0327 0.0143 0.0092 0.0002
820 0.0129 0.9365 0.0303 0.0127 0.0074 0.0002
821 0.2047 0.1451 0.1698 0.3271 0.0753 0.0777
