time exciting_prob fearful_prob tense_prob sad_prob relaxing_prob neutral_prob
0 0.1136 0.1553 0.1349 0.1288 0.0181 0.4492
1 0.1963 0.0445 0.0858 0.5679 0.0262 0.0793
2 0.2362 0.0276 0.1000 0.4346 0.0261 0.1755
3 0.3562 0.0319 0.1310 0.2732 0.0546 0.1532
4 0.3718 0.0488 0.1990 0.2637 0.0305 0.0862
5 0.1907 0.0226 0.0735 0.6450 0.0143 0.0538
6 0.2700 0.0315 0.2874 0.3013 0.0325 0.0773
7 0.2974 0.0460 0.1720 0.3369 0.0297 0.1182
8 0.3105 0.0621 0.1467 0.3745 0.0225 0.0836
9 0.2246 0.0568 0.1340 0.5474 0.0148 0.0226
10 0.1556 0.0846 0.6060 0.1395 0.0111 0.0034
11 0.4858 0.0463 0.1210 0.3186 0.0122 0.0160
12 0.1963 0.1051 0.4158 0.2225 0.0196 0.0408
13 0.3335 0.0200 0.5854 0.0061 0.0544 0.0006
14 0.3025 0.0801 0.1113 0.4331 0.0409 0.0321
15 0.6367 0.0189 0.1089 0.2133 0.0114 0.0109
16 0.3679 0.2529 0.2394 0.0345 0.0983 0.0070
17 0.2671 0.2285 0.3171 0.0506 0.1292 0.0073
18 0.3042 0.1904 0.1361 0.0146 0.3240 0.0308
19 0.1567 0.3191 0.3450 0.0277 0.0130 0.1383
20 0.0966 0.2751 0.3533 0.0478 0.2211 0.0060
21 0.3865 0.1245 0.2118 0.1825 0.0661 0.0287
22 0.1411 0.3806 0.4380 0.0146 0.0116 0.0142
23 0.1151 0.5405 0.2252 0.0472 0.0682 0.0040
24 0.7866 0.0507 0.0791 0.0146 0.0677 0.0011
25 0.5200 0.0437 0.0424 0.3306 0.0540 0.0093
26 0.4751 0.0367 0.0467 0.4001 0.0309 0.0104
27 0.5034 0.1006 0.2034 0.1186 0.0640 0.0100
28 0.3594 0.5312 0.0464 0.0097 0.0110 0.0423
29 0.2286 0.1956 0.1344 0.2778 0.1398 0.0239
30 0.5039 0.0962 0.2964 0.0849 0.0158 0.0025
31 0.5107 0.1608 0.0777 0.0252 0.2214 0.0042
32 0.6011 0.0839 0.0493 0.0586 0.1544 0.0525
33 0.2839 0.1892 0.4468 0.0475 0.0302 0.0025
34 0.6196 0.1146 0.0723 0.1137 0.0643 0.0157
35 0.6021 0.1079 0.1559 0.1176 0.0158 0.0008
36 0.6899 0.0589 0.1539 0.0059 0.0850 0.0064
37 0.4343 0.2573 0.2201 0.0156 0.0682 0.0046
38 0.5840 0.0946 0.1648 0.0172 0.1366 0.0026
39 0.7622 0.0359 0.0842 0.0404 0.0656 0.0115
40 0.0706 0.2462 0.3696 0.2747 0.0186 0.0202
41 0.0505 0.1581 0.1968 0.5518 0.0084 0.0342
42 0.0603 0.0612 0.5049 0.3159 0.0122 0.0455
43 0.5747 0.1055 0.1896 0.0300 0.0687 0.0317
44 0.6680 0.0786 0.1770 0.0158 0.0566 0.0039
45 0.5762 0.0612 0.2964 0.0094 0.0536 0.0034
46 0.2395 0.2610 0.0475 0.4072 0.0103 0.0345
47 0.1002 0.6387 0.1627 0.0913 0.0028 0.0044
48 0.1069 0.3142 0.5347 0.0268 0.0146 0.0029
49 0.1655 0.2428 0.4753 0.0795 0.0256 0.0112
50 0.6245 0.0422 0.2502 0.0489 0.0135 0.0206
51 0.5239 0.1926 0.1023 0.0790 0.0616 0.0407
52 0.2456 0.2219 0.1433 0.0656 0.2698 0.0540
53 0.2554 0.2915 0.0816 0.0947 0.2036 0.0732
54 0.0797 0.4075 0.4204 0.0382 0.0221 0.0319
55 0.2047 0.6064 0.0990 0.0691 0.0182 0.0025
56 0.0970 0.2203 0.1562 0.4966 0.0078 0.0218
57 0.1312 0.2358 0.3325 0.2286 0.0241 0.0475
58 0.1571 0.0464 0.3652 0.3484 0.0213 0.0615
59 0.4556 0.0779 0.2830 0.1016 0.0738 0.0082
60 0.0643 0.1449 0.5640 0.1642 0.0268 0.0358
61 0.2881 0.1155 0.2352 0.2881 0.0120 0.0609
62 0.3499 0.2057 0.1448 0.1979 0.0594 0.0424
63 0.3572 0.1355 0.2759 0.1178 0.1047 0.0088
64 0.3801 0.0635 0.0903 0.0413 0.4045 0.0203
65 0.6147 0.0679 0.1415 0.0366 0.0980 0.0412
66 0.5889 0.0910 0.1572 0.0561 0.0991 0.0080
67 0.6333 0.1287 0.0677 0.0296 0.1317 0.0092
68 0.5869 0.0813 0.2061 0.0229 0.0981 0.0047
69 0.3589 0.2194 0.1174 0.1300 0.1450 0.0294
70 0.7988 0.0671 0.0472 0.0368 0.0487 0.0015
71 0.5303 0.0872 0.1617 0.0264 0.1804 0.0139
72 0.3665 0.1718 0.1050 0.1425 0.1704 0.0438
73 0.5068 0.1376 0.1571 0.0230 0.1672 0.0081
74 0.5757 0.0721 0.1335 0.0287 0.1637 0.0263
75 0.4031 0.0995 0.1060 0.0384 0.3447 0.0081
76 0.6387 0.0516 0.0197 0.0061 0.2791 0.0050
77 0.5713 0.1041 0.1346 0.0053 0.1798 0.0048
78 0.4785 0.0585 0.0421 0.0301 0.3845 0.0060
79 0.1401 0.1247 0.7173 0.0089 0.0057 0.0031
80 0.6006 0.1449 0.0752 0.1165 0.0581 0.0047
81 0.4524 0.0739 0.1539 0.0102 0.2944 0.0154
82 0.5508 0.0745 0.0838 0.0170 0.2600 0.0140
83 0.5928 0.1122 0.1522 0.0429 0.0847 0.0154
84 0.6592 0.1641 0.1093 0.0369 0.0250 0.0054
85 0.5854 0.0677 0.0444 0.0612 0.2329 0.0082
86 0.7354 0.0516 0.1051 0.0402 0.0613 0.0063
87 0.5664 0.1254 0.1523 0.0280 0.0969 0.0312
88 0.3374 0.1251 0.4758 0.0111 0.0422 0.0082
89 0.4932 0.1218 0.1287 0.0762 0.1171 0.0632
90 0.4124 0.0740 0.0818 0.0452 0.3813 0.0051
91 0.1594 0.3074 0.3794 0.0675 0.0582 0.0281
92 0.2769 0.2925 0.2812 0.0338 0.0734 0.0421
93 0.3694 0.1947 0.2539 0.1163 0.0481 0.0177
94 0.2681 0.3362 0.1327 0.0927 0.0267 0.1436
95 0.0588 0.0969 0.7866 0.0118 0.0368 0.0093
96 0.1558 0.3564 0.3823 0.0713 0.0182 0.0159
97 0.0655 0.1055 0.3171 0.4138 0.0035 0.0945
98 0.7441 0.0597 0.0829 0.0142 0.0977 0.0013
99 0.1637 0.2852 0.2659 0.1650 0.0146 0.1057
100 0.5806 0.1305 0.1025 0.0289 0.1108 0.0469
101 0.2646 0.2446 0.2428 0.0746 0.1617 0.0116
102 0.2610 0.0916 0.0960 0.2017 0.1620 0.1879
103 0.1467 0.0574 0.4114 0.3105 0.0127 0.0612
104 0.0798 0.1188 0.5083 0.2556 0.0100 0.0276
105 0.1332 0.0419 0.2231 0.4797 0.0260 0.0959
106 0.1509 0.0311 0.1053 0.5874 0.0353 0.0901
107 0.5107 0.0790 0.1262 0.1559 0.1213 0.0067
108 0.4624 0.1388 0.0480 0.0040 0.3462 0.0006
109 0.4844 0.2825 0.1254 0.0192 0.0869 0.0017
110 0.3174 0.3201 0.1302 0.0353 0.1941 0.0028
111 0.2512 0.2035 0.2288 0.0255 0.2893 0.0018
112 0.2489 0.2284 0.2776 0.0416 0.2015 0.0018
113 0.4133 0.1300 0.1532 0.0093 0.2930 0.0012
114 0.1576 0.1960 0.4150 0.0912 0.1359 0.0042
115 0.6025 0.1499 0.1097 0.0828 0.0251 0.0302
116 0.3037 0.1704 0.1842 0.0571 0.1552 0.1296
117 0.1658 0.1311 0.3677 0.2488 0.0707 0.0160
118 0.1383 0.2126 0.4163 0.1497 0.0801 0.0031
119 0.1675 0.1024 0.6221 0.0284 0.0715 0.0080
120 0.2827 0.0791 0.4312 0.0755 0.1188 0.0129
121 0.4126 0.0648 0.1449 0.0839 0.2622 0.0316
122 0.6621 0.1432 0.0773 0.0561 0.0588 0.0024
123 0.3308 0.0211 0.3523 0.2421 0.0243 0.0294
124 0.2084 0.4587 0.0961 0.0947 0.1334 0.0087
125 0.2803 0.4766 0.0803 0.1323 0.0174 0.0133
126 0.4231 0.2817 0.1395 0.0279 0.0753 0.0525
127 0.1621 0.2251 0.5195 0.0130 0.0714 0.0089
128 0.1592 0.0695 0.1832 0.5059 0.0299 0.0525
129 0.1809 0.1781 0.3770 0.1726 0.0185 0.0731
130 0.3901 0.1731 0.1704 0.1962 0.0477 0.0224
131 0.6006 0.1733 0.0928 0.0648 0.0585 0.0099
132 0.5718 0.0532 0.0562 0.0236 0.2942 0.0012
133 0.3835 0.0767 0.4519 0.0377 0.0414 0.0090
134 0.3777 0.0823 0.4775 0.0101 0.0404 0.0120
135 0.1364 0.2432 0.0827 0.5146 0.0097 0.0133
136 0.2996 0.3091 0.2227 0.1102 0.0405 0.0180
137 0.2228 0.3191 0.2061 0.1891 0.0264 0.0364
138 0.1235 0.3464 0.2380 0.2325 0.0072 0.0523
139 0.1313 0.1024 0.1324 0.4695 0.0118 0.1525
140 0.3430 0.0960 0.1582 0.2231 0.1301 0.0494
141 0.7637 0.0710 0.1296 0.0037 0.0296 0.0023
142 0.6885 0.0671 0.1586 0.0091 0.0704 0.0062
143 0.4309 0.4517 0.0635 0.0245 0.0136 0.0158
144 0.4961 0.1235 0.1586 0.0472 0.1727 0.0019
145 0.0936 0.4033 0.4429 0.0302 0.0190 0.0109
146 0.1627 0.1307 0.3723 0.2349 0.0716 0.0278
147 0.3977 0.1417 0.1820 0.0586 0.2112 0.0088
148 0.4888 0.0993 0.0918 0.0177 0.3010 0.0015
149 0.1438 0.2708 0.4194 0.0852 0.0195 0.0614
150 0.5464 0.1210 0.0739 0.1219 0.1219 0.0149
151 0.1415 0.4824 0.2174 0.0156 0.0921 0.0508
152 0.1516 0.1993 0.2769 0.0594 0.1993 0.1136
153 0.1981 0.4573 0.2751 0.0092 0.0563 0.0040
154 0.4043 0.1387 0.1243 0.0457 0.1740 0.1132
155 0.2407 0.0950 0.3264 0.0950 0.0825 0.1603
156 0.2297 0.2389 0.2708 0.0921 0.1249 0.0438
157 0.2463 0.0599 0.1318 0.0832 0.4531 0.0256
158 0.1482 0.3115 0.3640 0.0197 0.1329 0.0236
159 0.2330 0.4026 0.2661 0.0121 0.0722 0.0138
160 0.1100 0.5586 0.2766 0.0251 0.0144 0.0151
161 0.3271 0.3916 0.1149 0.1105 0.0506 0.0053
162 0.3430 0.1364 0.3271 0.1242 0.0342 0.0350
163 0.2998 0.2930 0.2335 0.0801 0.0604 0.0334
164 0.4692 0.3684 0.0602 0.0640 0.0376 0.0005
165 0.1985 0.2844 0.1167 0.3027 0.0676 0.0302
166 0.3193 0.5186 0.0707 0.0373 0.0342 0.0199
167 0.4658 0.1072 0.1196 0.0515 0.2417 0.0143
168 0.2861 0.2839 0.1138 0.1061 0.0250 0.1848
169 0.2825 0.3008 0.4048 0.0040 0.0076 0.0002
170 0.1993 0.3840 0.3235 0.0424 0.0296 0.0210
171 0.0682 0.5078 0.3599 0.0461 0.0097 0.0084
172 0.6812 0.0997 0.0936 0.0309 0.0866 0.0082
173 0.6689 0.1135 0.1401 0.0366 0.0310 0.0098
174 0.1702 0.1000 0.2893 0.3716 0.0465 0.0225
175 0.5645 0.0735 0.1682 0.0770 0.1069 0.0097
176 0.4175 0.1072 0.3030 0.0450 0.1168 0.0104
177 0.3240 0.1904 0.2522 0.1542 0.0375 0.0418
178 0.2742 0.1799 0.2274 0.2239 0.0225 0.0721
179 0.3276 0.2115 0.0822 0.3462 0.0122 0.0203
180 0.7061 0.1217 0.0580 0.0786 0.0197 0.0160
181 0.3862 0.3772 0.0748 0.1064 0.0518 0.0036
182 0.4297 0.1300 0.1544 0.1069 0.0490 0.1300
183 0.5298 0.2175 0.1761 0.0246 0.0505 0.0013
184 0.5938 0.0325 0.1714 0.1056 0.0803 0.0164
185 0.4331 0.1936 0.1362 0.0908 0.1362 0.0100
186 0.3855 0.0771 0.1908 0.1765 0.1375 0.0327
187 0.3708 0.1808 0.3652 0.0502 0.0228 0.0101
188 0.2014 0.3455 0.2668 0.1373 0.0022 0.0468
189 0.6953 0.0780 0.1327 0.0444 0.0431 0.0068
190 0.6929 0.1088 0.1407 0.0125 0.0429 0.0020
191 0.8076 0.1182 0.0415 0.0082 0.0207 0.0038
192 0.3601 0.3660 0.0667 0.1840 0.0110 0.0124
193 0.4304 0.1149 0.1794 0.1621 0.1105 0.0028
194 0.5371 0.1962 0.0837 0.0242 0.1576 0.0011
195 0.0848 0.3625 0.4880 0.0385 0.0223 0.0038
196 0.1234 0.3682 0.4729 0.0194 0.0039 0.0122
197 0.6006 0.1748 0.0445 0.1426 0.0297 0.0080
198 0.1167 0.3679 0.3403 0.1407 0.0032 0.0312
199 0.1183 0.0879 0.7715 0.0145 0.0068 0.0011
200 0.2898 0.1392 0.5088 0.0320 0.0152 0.0149
201 0.5522 0.1752 0.1312 0.0670 0.0235 0.0510
202 0.2969 0.0994 0.0722 0.2854 0.2189 0.0272
203 0.6099 0.0965 0.1591 0.0250 0.0935 0.0161
204 0.7485 0.0316 0.0160 0.0353 0.0364 0.1321
205 0.2996 0.1720 0.1129 0.1761 0.2124 0.0270
206 0.2123 0.2683 0.3088 0.1874 0.0088 0.0141
207 0.7764 0.0864 0.0906 0.0366 0.0098 0.0004
208 0.8643 0.0404 0.0380 0.0374 0.0195 0.0002
209 0.4077 0.0348 0.4272 0.0645 0.0535 0.0125
210 0.3613 0.3091 0.1733 0.0114 0.1382 0.0067
211 0.5703 0.1465 0.0676 0.0587 0.1523 0.0047
212 0.4905 0.0586 0.2467 0.0493 0.1036 0.0513
213 0.4688 0.2080 0.1671 0.0443 0.1054 0.0062
214 0.3901 0.2578 0.2422 0.0240 0.0805 0.0053
215 0.4836 0.1594 0.1582 0.1698 0.0144 0.0145
216 0.5352 0.1130 0.1510 0.0329 0.1475 0.0204
217 0.1720 0.0935 0.6494 0.0529 0.0224 0.0099
218 0.4163 0.2505 0.2194 0.0471 0.0529 0.0137
219 0.2124 0.2463 0.2705 0.2261 0.0113 0.0334
220 0.2749 0.2261 0.2351 0.0745 0.1530 0.0366
221 0.4670 0.0549 0.2854 0.0323 0.1208 0.0396
222 0.1345 0.2150 0.0810 0.0704 0.4961 0.0030
223 0.1421 0.4243 0.1783 0.0305 0.2168 0.0080
224 0.4250 0.2103 0.2136 0.0710 0.0744 0.0056
225 0.4058 0.1873 0.1653 0.0891 0.1228 0.0299
226 0.3318 0.1567 0.0907 0.2141 0.1102 0.0966
227 0.1862 0.1497 0.4829 0.1260 0.0422 0.0131
228 0.0880 0.3765 0.4910 0.0104 0.0314 0.0027
229 0.0589 0.1349 0.3286 0.4424 0.0142 0.0209
230 0.2126 0.4717 0.0989 0.0406 0.1605 0.0158
231 0.4426 0.2642 0.2296 0.0308 0.0215 0.0113
232 0.6396 0.1544 0.1036 0.0195 0.0674 0.0152
233 0.2646 0.5347 0.1300 0.0329 0.0329 0.0049
234 0.6831 0.1324 0.0511 0.0106 0.1215 0.0012
235 0.5894 0.1813 0.1316 0.0069 0.0870 0.0038
236 0.3237 0.2058 0.3394 0.0188 0.1110 0.0013
237 0.1725 0.1571 0.4915 0.1185 0.0547 0.0058
238 0.3794 0.1631 0.2776 0.1321 0.0367 0.0113
239 0.5884 0.1465 0.1609 0.0945 0.0060 0.0037
240 0.1144 0.1915 0.5049 0.1799 0.0051 0.0042
241 0.6011 0.0148 0.2211 0.1520 0.0017 0.0094
242 0.4006 0.0826 0.1982 0.2710 0.0268 0.0206
243 0.3669 0.0512 0.1003 0.3613 0.0328 0.0872
244 0.7671 0.0413 0.0446 0.1376 0.0073 0.0022
245 0.5825 0.0555 0.0412 0.2466 0.0638 0.0107
246 0.3835 0.0499 0.0940 0.4346 0.0123 0.0259
247 0.2483 0.0711 0.1934 0.4426 0.0066 0.0381
248 0.1453 0.0615 0.0983 0.3484 0.0345 0.3123
