time exciting_prob fearful_prob tense_prob sad_prob relaxing_prob neutral_prob
0 0.1465 0.0976 0.2340 0.4373 0.0407 0.0440
1 0.1570 0.1148 0.2798 0.3884 0.0297 0.0302
2 0.1562 0.0469 0.6377 0.1198 0.0199 0.0196
3 0.1017 0.0417 0.7871 0.0480 0.0078 0.0134
4 0.0746 0.0316 0.7305 0.1289 0.0083 0.0262
5 0.0811 0.1423 0.3928 0.3359 0.0128 0.0349
6 0.0696 0.1166 0.3650 0.3884 0.0145 0.0457
7 0.2174 0.2791 0.3528 0.1110 0.0260 0.0136
8 0.1553 0.2443 0.4287 0.1209 0.0318 0.0193
9 0.1436 0.1931 0.4353 0.1504 0.0338 0.0438
10 0.1405 0.0746 0.3940 0.1920 0.1165 0.0826
11 0.1074 0.1256 0.3748 0.2700 0.0682 0.0540
12 0.0690 0.0958 0.6753 0.1036 0.0228 0.0336
13 0.2131 0.2098 0.4238 0.0917 0.0033 0.0583
14 0.3877 0.0474 0.4902 0.0460 0.0020 0.0268
15 0.0445 0.1034 0.4631 0.2479 0.0792 0.0617
16 0.0660 0.1453 0.5483 0.0923 0.1242 0.0241
17 0.0560 0.0416 0.3650 0.3591 0.0286 0.1498
18 0.1320 0.1543 0.2544 0.2927 0.0344 0.1320
19 0.1653 0.2367 0.2330 0.2683 0.0470 0.0496
20 0.2223 0.3086 0.3284 0.0677 0.0688 0.0041
21 0.0567 0.2542 0.6006 0.0585 0.0177 0.0125
22 0.0556 0.2571 0.6074 0.0556 0.0133 0.0112
23 0.3850 0.0204 0.1230 0.1555 0.2125 0.1036
24 0.0734 0.0258 0.1505 0.3088 0.3726 0.0689
25 0.0638 0.0467 0.2949 0.2771 0.2157 0.1019
26 0.2355 0.1005 0.2546 0.1521 0.1121 0.1451
27 0.0807 0.0820 0.2690 0.0771 0.4504 0.0406
28 0.0629 0.0853 0.3511 0.0461 0.2607 0.1938
29 0.0300 0.1089 0.3152 0.3743 0.0772 0.0946
30 0.0399 0.1201 0.1920 0.4902 0.0685 0.0893
31 0.0622 0.1600 0.3059 0.0417 0.4182 0.0120
32 0.1448 0.1219 0.5547 0.1042 0.0090 0.0652
33 0.2773 0.1907 0.3618 0.1121 0.0125 0.0456
34 0.1887 0.2312 0.3933 0.0964 0.0105 0.0799
35 0.0623 0.1470 0.4529 0.2705 0.0384 0.0292
36 0.0145 0.0687 0.1548 0.6416 0.0779 0.0423
37 0.0391 0.0777 0.2668 0.5649 0.0385 0.0129
38 0.1909 0.0394 0.4041 0.0564 0.2734 0.0359
39 0.0803 0.1205 0.7271 0.0527 0.0118 0.0076
40 0.1005 0.1351 0.6865 0.0419 0.0093 0.0268
41 0.3838 0.1677 0.2876 0.1266 0.0188 0.0156
42 0.2037 0.1959 0.0127 0.5449 0.0030 0.0395
43 0.1050 0.3472 0.2040 0.2788 0.0418 0.0233
44 0.0614 0.0900 0.3943 0.3762 0.0329 0.0453
45 0.0396 0.0521 0.1249 0.1995 0.5508 0.0331
46 0.0502 0.0486 0.1453 0.2844 0.4546 0.0170
47 0.0807 0.1270 0.5688 0.1631 0.0350 0.0252
48 0.0780 0.0438 0.3662 0.4705 0.0296 0.0120
49 0.0204 0.0624 0.0923 0.4202 0.3826 0.0221
50 0.0244 0.0533 0.0906 0.3696 0.4390 0.0233
51 0.0121 0.0308 0.0491 0.5537 0.3206 0.0338
52 0.1959 0.0488 0.2942 0.4148 0.0149 0.0315
53 0.1014 0.0535 0.2434 0.5747 0.0062 0.0206
54 0.1346 0.0287 0.6836 0.1133 0.0098 0.0300
55 0.0505 0.2932 0.5308 0.0497 0.0475 0.0284
56 0.1147 0.3455 0.3794 0.0685 0.0789 0.0132
57 0.1796 0.0977 0.5620 0.1377 0.0056 0.0174
58 0.0719 0.2712 0.3430 0.2549 0.0457 0.0132
59 0.1587 0.2917 0.3689 0.0588 0.1099 0.0118
60 0.1149 0.1282 0.2671 0.3025 0.1724 0.0149
61 0.1288 0.1035 0.2812 0.4424 0.0153 0.0289
62 0.0733 0.1873 0.4856 0.2089 0.0227 0.0224
63 0.0398 0.2961 0.4958 0.1356 0.0101 0.0227
64 0.2522 0.1980 0.3557 0.0137 0.1288 0.0516
65 0.1176 0.4167 0.3196 0.0182 0.0587 0.0691
66 0.1399 0.2986 0.3601 0.0531 0.0461 0.1024
67 0.1111 0.2646 0.4099 0.1495 0.0370 0.0279
68 0.1310 0.2194 0.3193 0.2300 0.0375 0.0629
69 0.1899 0.0926 0.1650 0.4148 0.0327 0.1049
70 0.1105 0.1194 0.3350 0.3855 0.0122 0.0373
71 0.0320 0.0245 0.0830 0.7280 0.1082 0.0242
72 0.0248 0.0206 0.1185 0.7725 0.0391 0.0244
73 0.1504 0.1639 0.3311 0.1902 0.0231 0.1414
74 0.4871 0.2212 0.1644 0.0664 0.0072 0.0538
75 0.0329 0.0309 0.5747 0.3125 0.0045 0.0443
76 0.1696 0.0501 0.2839 0.3645 0.0517 0.0801
77 0.0665 0.1114 0.4543 0.2510 0.0137 0.1030
78 0.0560 0.0999 0.3682 0.3625 0.0061 0.1072
79 0.0665 0.1431 0.3652 0.2800 0.0088 0.1365
80 0.0820 0.3452 0.3398 0.1395 0.0304 0.0629
81 0.0859 0.1121 0.3616 0.3191 0.0563 0.0648
82 0.0347 0.1906 0.2905 0.3506 0.0180 0.1156
83 0.0262 0.3582 0.4060 0.1403 0.0077 0.0618
84 0.0671 0.1055 0.2959 0.4729 0.0166 0.0420
85 0.0720 0.2019 0.4080 0.2217 0.0552 0.0414
86 0.0772 0.0822 0.5527 0.2034 0.0483 0.0359
87 0.0767 0.1443 0.5405 0.1674 0.0503 0.0210
88 0.1218 0.2832 0.2578 0.2072 0.0678 0.0622
89 0.0436 0.0666 0.2003 0.6362 0.0136 0.0394
90 0.0537 0.4290 0.4424 0.0424 0.0081 0.0244
91 0.0190 0.1152 0.4282 0.2639 0.0086 0.1650
92 0.0285 0.0299 0.1980 0.4824 0.0148 0.2463
93 0.0277 0.1880 0.1851 0.5190 0.0075 0.0725
94 0.0424 0.5679 0.3667 0.0156 0.0031 0.0045
95 0.0643 0.1201 0.6099 0.1278 0.0226 0.0554
96 0.0589 0.0804 0.4487 0.1677 0.1456 0.0986
97 0.0327 0.1141 0.2098 0.3982 0.1312 0.1141
98 0.0086 0.2191 0.4355 0.2090 0.0029 0.1248
99 0.0158 0.2031 0.4104 0.3147 0.0063 0.0498
100 0.0044 0.0172 0.0546 0.2124 0.0258 0.6855
101 0.0117 0.0497 0.1578 0.1437 0.1733 0.4639
102 0.0077 0.0298 0.0584 0.2498 0.0165 0.6377
103 0.0091 0.0595 0.1095 0.3591 0.0866 0.3762
104 0.0871 0.1902 0.3040 0.3499 0.0185 0.0504
105 0.0729 0.2710 0.2976 0.1593 0.1593 0.0397
106 0.0608 0.2054 0.3550 0.1677 0.1266 0.0844
107 0.0247 0.0365 0.0963 0.2964 0.0798 0.4663
108 0.0118 0.0248 0.0502 0.5068 0.2394 0.1671
109 0.0287 0.3818 0.4827 0.0706 0.0067 0.0297
110 0.0156 0.2085 0.5083 0.0842 0.0051 0.1783
111 0.0315 0.0883 0.1703 0.2327 0.2256 0.2517
112 0.0367 0.0494 0.1498 0.3538 0.1475 0.2629
113 0.0109 0.0360 0.0980 0.4255 0.0541 0.3755
114 0.0110 0.0715 0.1074 0.3059 0.0862 0.4180
115 0.0438 0.2008 0.6284 0.0473 0.0166 0.0632
116 0.0919 0.3135 0.5332 0.0343 0.0106 0.0167
117 0.1864 0.2000 0.2266 0.1261 0.0379 0.2230
118 0.2517 0.1991 0.1885 0.1515 0.0310 0.1785
119 0.0721 0.2440 0.1731 0.4561 0.0123 0.0424
120 0.2214 0.1262 0.2756 0.0960 0.0239 0.2568
121 0.1249 0.5381 0.1667 0.1437 0.0090 0.0176
122 0.1523 0.0924 0.3008 0.1622 0.0635 0.2288
123 0.1868 0.2379 0.3572 0.1115 0.0365 0.0703
124 0.1725 0.5151 0.2017 0.0058 0.0223 0.0828
125 0.1233 0.6021 0.2340 0.0054 0.0028 0.0324
126 0.0576 0.0812 0.1043 0.6802 0.0366 0.0402
127 0.0158 0.0502 0.1697 0.3374 0.0068 0.4199
128 0.3792 0.2144 0.2449 0.0207 0.0321 0.1086
129 0.2808 0.1676 0.3132 0.0484 0.0312 0.1587
130 0.1086 0.1281 0.3096 0.0186 0.0155 0.4197
131 0.1403 0.0837 0.3525 0.2089 0.1307 0.0837
132 0.1544 0.1683 0.5103 0.0959 0.0385 0.0324
133 0.2048 0.3376 0.1766 0.0703 0.0461 0.1646
134 0.1943 0.3411 0.3105 0.1073 0.0271 0.0197
135 0.2666 0.2045 0.3372 0.0396 0.0148 0.1373
136 0.1222 0.0753 0.2046 0.5142 0.0161 0.0674
137 0.3640 0.0800 0.1859 0.3115 0.0164 0.0421
138 0.2795 0.1863 0.1166 0.3647 0.0275 0.0254
139 0.1539 0.1614 0.4387 0.2137 0.0171 0.0150
140 0.2710 0.2229 0.3398 0.0670 0.0179 0.0814
141 0.3491 0.2742 0.2964 0.0210 0.0343 0.0251
142 0.0233 0.0958 0.1102 0.4641 0.0734 0.2333
143 0.0212 0.1653 0.4709 0.2856 0.0064 0.0504
144 0.2283 0.1342 0.4199 0.0214 0.0713 0.1251
145 0.1613 0.1401 0.4451 0.0232 0.0715 0.1587
146 0.0587 0.1454 0.1621 0.5571 0.0241 0.0526
147 0.1076 0.2426 0.3640 0.1919 0.0199 0.0740
148 0.0531 0.3328 0.2593 0.2252 0.0365 0.0931
149 0.0418 0.1086 0.2861 0.4717 0.0061 0.0859
150 0.0095 0.1654 0.2727 0.4937 0.0074 0.0512
151 0.1511 0.1272 0.3352 0.3005 0.0100 0.0760
152 0.0604 0.1472 0.3240 0.0928 0.0082 0.3672
153 0.0369 0.0297 0.1239 0.4900 0.0032 0.3164
154 0.1339 0.3669 0.3501 0.0851 0.0061 0.0580
155 0.2629 0.1006 0.1940 0.2568 0.0049 0.1808
156 0.2048 0.0348 0.1940 0.2981 0.0114 0.2568
157 0.1326 0.1091 0.2345 0.2021 0.0411 0.2808
158 0.1383 0.0568 0.1077 0.3760 0.0048 0.3167
159 0.2527 0.1544 0.3245 0.1406 0.0538 0.0741
160 0.0205 0.0950 0.2208 0.3474 0.0050 0.3113
161 0.0171 0.1744 0.2539 0.4121 0.0066 0.1359
162 0.0704 0.1915 0.4055 0.2537 0.0147 0.0641
163 0.0087 0.5566 0.3484 0.0605 0.0010 0.0248
164 0.0522 0.1254 0.1824 0.6074 0.0020 0.0307
165 0.4790 0.0643 0.0600 0.2211 0.0114 0.1643
166 0.4275 0.0720 0.0698 0.3276 0.0098 0.0932
167 0.0443 0.0157 0.1115 0.4141 0.0066 0.4077
168 0.1282 0.1113 0.2471 0.1865 0.0514 0.2756
169 0.1177 0.2164 0.2097 0.3101 0.0573 0.0888
170 0.0829 0.2118 0.4553 0.0897 0.1133 0.0469
171 0.0289 0.0933 0.1770 0.2576 0.1975 0.2457
172 0.0214 0.0770 0.1580 0.4790 0.0859 0.1790
173 0.0352 0.2646 0.3396 0.2688 0.0172 0.0746
174 0.0617 0.0774 0.2274 0.4248 0.0792 0.1295
175 0.1130 0.0190 0.2842 0.2015 0.0982 0.2842
176 0.0443 0.0707 0.1892 0.5649 0.0086 0.1222
177 0.0600 0.1121 0.3242 0.4099 0.0105 0.0833
178 0.0289 0.1002 0.2480 0.1705 0.0496 0.4026
179 0.1636 0.1377 0.2306 0.2417 0.0703 0.1560
180 0.0635 0.0465 0.3276 0.2474 0.0635 0.2512
181 0.0588 0.0519 0.1636 0.2827 0.1974 0.2456
182 0.0473 0.2656 0.5205 0.1216 0.0155 0.0296
183 0.0440 0.0148 0.1715 0.5986 0.0221 0.1490
184 0.1190 0.1962 0.4856 0.1704 0.0106 0.0184
185 0.0217 0.1603 0.3669 0.1654 0.0045 0.2812
186 0.2404 0.2170 0.3232 0.0627 0.0259 0.1306
187 0.1979 0.1589 0.3340 0.0871 0.0405 0.1815
188 0.3726 0.2949 0.2261 0.0378 0.0402 0.0285
189 0.0581 0.2524 0.2125 0.4429 0.0093 0.0246
190 0.0202 0.0567 0.1860 0.6392 0.0084 0.0893
191 0.2932 0.2671 0.2549 0.1140 0.0534 0.0175
192 0.0921 0.1320 0.4751 0.2466 0.0082 0.0460
193 0.1390 0.0617 0.4351 0.2598 0.0608 0.0434
194 0.1658 0.3003 0.2064 0.2649 0.0066 0.0560
195 0.3743 0.0743 0.1741 0.0606 0.0772 0.2397
196 0.1471 0.0516 0.4824 0.2664 0.0304 0.0220
197 0.0475 0.2032 0.4763 0.1698 0.0265 0.0765
198 0.1893 0.3538 0.3074 0.0281 0.0217 0.0998
199 0.1536 0.4048 0.4111 0.0053 0.0076 0.0178
200 0.0878 0.2664 0.4749 0.1299 0.0092 0.0318
201 0.2688 0.2666 0.3879 0.0207 0.0195 0.0364
202 0.0836 0.1108 0.4812 0.2783 0.0123 0.0338
203 0.2163 0.1487 0.4951 0.0596 0.0560 0.0245
204 0.0720 0.0803 0.3655 0.2937 0.0237 0.1648
205 0.1312 0.1793 0.6357 0.0324 0.0098 0.0115
206 0.0900 0.1383 0.4099 0.2126 0.0290 0.1202
207 0.1185 0.1606 0.3247 0.1545 0.0479 0.1938
208 0.0797 0.0630 0.2493 0.5703 0.0078 0.0298
209 0.3147 0.3350 0.1096 0.2162 0.0152 0.0095
210 0.4797 0.2321 0.1429 0.1131 0.0189 0.0132
211 0.0272 0.0179 0.1033 0.5942 0.0015 0.2556
212 0.0391 0.2532 0.3516 0.2003 0.0223 0.1334
213 0.1323 0.0731 0.3542 0.2473 0.0359 0.1572
214 0.0290 0.2690 0.6060 0.0513 0.0055 0.0391
215 0.1687 0.3984 0.2781 0.0345 0.1107 0.0095
216 0.2416 0.3408 0.3054 0.0515 0.0295 0.0312
217 0.0530 0.3000 0.3508 0.2095 0.0120 0.0747
218 0.3359 0.0986 0.2458 0.0371 0.2458 0.0365
219 0.1859 0.1360 0.5728 0.0306 0.0463 0.0287
220 0.0215 0.2042 0.1693 0.5464 0.0246 0.0341
221 0.2307 0.1636 0.2615 0.2871 0.0110 0.0461
222 0.2861 0.3506 0.2159 0.1250 0.0147 0.0076
223 0.1356 0.1356 0.1943 0.4961 0.0114 0.0269
224 0.1945 0.1575 0.0672 0.4214 0.0427 0.1170
225 0.0791 0.0414 0.0641 0.6421 0.0060 0.1675
226 0.0467 0.0242 0.0297 0.8149 0.0021 0.0826
227 0.0688 0.1033 0.0291 0.6230 0.0055 0.1703
228 0.3020 0.3938 0.1183 0.1592 0.0233 0.0034
229 0.0495 0.1099 0.1526 0.3660 0.0040 0.3179
230 0.0572 0.0449 0.0807 0.5962 0.0053 0.2159
231 0.0760 0.0426 0.0815 0.6367 0.0048 0.1584
232 0.0248 0.3613 0.3848 0.1393 0.0079 0.0819
233 0.0390 0.0668 0.0763 0.1705 0.0038 0.6436
234 0.0495 0.0760 0.0773 0.5488 0.0046 0.2437
235 0.0302 0.0454 0.1609 0.5791 0.0284 0.1559
236 0.0313 0.2625 0.3477 0.1890 0.0080 0.1616
237 0.2140 0.5215 0.1051 0.0972 0.0336 0.0289
238 0.3289 0.0331 0.1426 0.3528 0.0090 0.1339
239 0.5693 0.2505 0.0270 0.0853 0.0486 0.0195
240 0.0284 0.0235 0.0916 0.8159 0.0075 0.0331
241 0.0592 0.1055 0.3101 0.4729 0.0322 0.0203
242 0.0283 0.0723 0.0256 0.8667 0.0010 0.0064
243 0.0999 0.0468 0.0565 0.7383 0.0056 0.0531
244 0.0525 0.3450 0.1790 0.2729 0.0114 0.1394
245 0.0427 0.3523 0.4668 0.0667 0.0175 0.0540
246 0.0444 0.1758 0.3694 0.1600 0.0044 0.2460
247 0.0100 0.1837 0.3223 0.3223 0.0094 0.1522
248 0.1467 0.0574 0.1490 0.5625 0.0194 0.0651
249 0.1508 0.0446 0.1270 0.5869 0.0116 0.0794
250 0.0194 0.0249 0.2673 0.5571 0.0012 0.1302
251 0.0472 0.1675 0.4998 0.1525 0.0179 0.1151
252 0.0131 0.0323 0.1043 0.3999 0.2042 0.2463
253 0.0122 0.0440 0.0903 0.5039 0.1294 0.2201
254 0.1122 0.0610 0.6562 0.1233 0.0091 0.0382
255 0.1493 0.0632 0.5547 0.2008 0.0048 0.0274
256 0.1139 0.0241 0.7783 0.0619 0.0047 0.0171
257 0.0246 0.3418 0.3933 0.1830 0.0023 0.0549
258 0.1340 0.0696 0.2583 0.2927 0.0590 0.1862
259 0.1855 0.0575 0.3108 0.1915 0.0856 0.1689
260 0.0673 0.1298 0.2173 0.5293 0.0178 0.0384
261 0.0306 0.0210 0.0712 0.6968 0.0628 0.1174
262 0.1697 0.0226 0.2627 0.3220 0.0277 0.1953
263 0.1564 0.0188 0.1614 0.5049 0.0289 0.1296
264 0.0990 0.0337 0.3049 0.4302 0.0250 0.1071
265 0.0559 0.0238 0.1667 0.5913 0.0173 0.1449
266 0.0782 0.1682 0.6055 0.1394 0.0054 0.0031
267 0.0179 0.1249 0.3787 0.4158 0.0048 0.0581
268 0.1153 0.1576 0.4856 0.0780 0.0500 0.1135
269 0.1168 0.1080 0.2632 0.2673 0.0828 0.1621
270 0.0207 0.0317 0.0631 0.8716 0.0082 0.0049
271 0.0760 0.0397 0.1672 0.6719 0.0195 0.0258
272 0.1284 0.1064 0.2676 0.4343 0.0257 0.0374
273 0.0888 0.1647 0.2147 0.2286 0.2891 0.0142
274 0.0148 0.0669 0.1996 0.6543 0.0033 0.0609
275 0.0311 0.2247 0.2754 0.4070 0.0162 0.0457
276 0.0745 0.5723 0.2207 0.0684 0.0311 0.0331
277 0.1113 0.2756 0.3650 0.1375 0.0828 0.0277
278 0.1719 0.0533 0.2278 0.4529 0.0449 0.0493
279 0.2174 0.0851 0.3188 0.1268 0.1035 0.1483
280 0.1971 0.0420 0.4514 0.1768 0.0335 0.0992
281 0.0267 0.2440 0.5586 0.1327 0.0123 0.0257
282 0.0539 0.0945 0.2130 0.5610 0.0115 0.0660
283 0.0646 0.0181 0.1552 0.7285 0.0079 0.0257
284 0.1062 0.1750 0.5308 0.0952 0.0514 0.0413
285 0.1047 0.0342 0.1925 0.6514 0.0077 0.0097
286 0.2413 0.0350 0.4651 0.2375 0.0085 0.0124
287 0.0048 0.0225 0.0762 0.8579 0.0024 0.0360
288 0.3025 0.0873 0.2145 0.3650 0.0171 0.0136
289 0.0376 0.0321 0.0859 0.8154 0.0140 0.0147
290 0.1841 0.1016 0.2556 0.4148 0.0225 0.0215
291 0.0303 0.3545 0.2849 0.2554 0.0200 0.0552
292 0.0345 0.0314 0.2183 0.6216 0.0031 0.0910
293 0.1175 0.0412 0.1070 0.7085 0.0049 0.0209
294 0.1896 0.0253 0.1263 0.6118 0.0200 0.0269
295 0.0649 0.0983 0.3376 0.4011 0.0112 0.0867
296 0.1979 0.0222 0.1360 0.6001 0.0266 0.0173
297 0.0920 0.0851 0.3162 0.3997 0.0124 0.0949
298 0.2019 0.0437 0.1324 0.5488 0.0443 0.0289
299 0.0450 0.0789 0.5566 0.2393 0.0062 0.0742
300 0.1251 0.0959 0.2095 0.4722 0.0702 0.0271
301 0.0502 0.5977 0.1055 0.2378 0.0049 0.0037
302 0.1193 0.2411 0.2776 0.2566 0.0125 0.0930
303 0.1672 0.2017 0.3027 0.1865 0.0803 0.0615
304 0.0622 0.1002 0.4219 0.3496 0.0098 0.0562
305 0.1881 0.0748 0.2269 0.4175 0.0620 0.0307
306 0.1731 0.1033 0.2292 0.4282 0.0196 0.0466
307 0.1951 0.0996 0.2012 0.3940 0.0301 0.0800
308 0.0133 0.0289 0.1010 0.8071 0.0067 0.0428
309 0.2333 0.2058 0.1747 0.3091 0.0313 0.0459
310 0.1492 0.1757 0.4521 0.0891 0.0677 0.0662
311 0.1267 0.1873 0.4219 0.0877 0.0088 0.1678
312 0.3752 0.2122 0.1931 0.0762 0.0224 0.1208
313 0.0890 0.1561 0.2656 0.3306 0.0291 0.1295
314 0.1705 0.0689 0.0618 0.3237 0.0250 0.3501
315 0.5122 0.2496 0.1017 0.0395 0.0933 0.0037
316 0.5547 0.2206 0.0850 0.0142 0.1237 0.0020
317 0.5293 0.2349 0.0851 0.0150 0.1338 0.0020
318 0.2152 0.2119 0.0656 0.2477 0.0305 0.2291
