time exciting_prob fearful_prob tense_prob sad_prob relaxing_prob neutral_prob
0 0.2042 0.1060 0.1830 0.2878 0.0695 0.1494
1 0.0578 0.2551 0.0854 0.3486 0.1499 0.1031
2 0.0478 0.2563 0.0643 0.3789 0.1438 0.1086
3 0.0847 0.1213 0.1418 0.4951 0.0450 0.1122
4 0.0840 0.1078 0.1029 0.4985 0.0937 0.1130
5 0.0028 0.0438 0.0171 0.9209 0.0095 0.0057
6 0.0033 0.0475 0.0211 0.9111 0.0100 0.0068
7 0.0031 0.0541 0.0264 0.9014 0.0086 0.0067
8 0.0158 0.0842 0.0911 0.1675 0.6323 0.0092
9 0.0159 0.2505 0.1891 0.1077 0.4194 0.0172
10 0.0482 0.0555 0.0475 0.1053 0.0242 0.7192
11 0.0370 0.3145 0.1632 0.2649 0.0547 0.1658
12 0.0489 0.2683 0.2295 0.1482 0.0411 0.2642
13 0.0319 0.1451 0.3428 0.1544 0.0139 0.3120
14 0.0196 0.2566 0.0391 0.0747 0.5967 0.0132
15 0.0153 0.1844 0.0387 0.0927 0.6538 0.0151
16 0.0317 0.3953 0.0645 0.0376 0.4548 0.0159
17 0.0295 0.3733 0.0538 0.0735 0.4363 0.0337
18 0.0178 0.0526 0.0135 0.1204 0.7729 0.0228
19 0.0028 0.0626 0.0156 0.9048 0.0074 0.0068
20 0.0059 0.1782 0.0351 0.7622 0.0135 0.0047
21 0.0118 0.1672 0.0450 0.7490 0.0248 0.0019
22 0.0370 0.3250 0.0828 0.3682 0.1168 0.0703
23 0.0327 0.5278 0.0682 0.1687 0.1263 0.0760
24 0.0143 0.4119 0.1423 0.2578 0.0780 0.0956
25 0.0262 0.7183 0.1371 0.0711 0.0240 0.0233
26 0.0412 0.0690 0.1155 0.6245 0.0268 0.1230
27 0.1477 0.2305 0.2673 0.1511 0.0498 0.1536
28 0.0737 0.1465 0.2234 0.4172 0.0251 0.1141
29 0.0374 0.2118 0.1207 0.5000 0.0362 0.0939
30 0.0493 0.2502 0.1693 0.4321 0.0264 0.0728
31 0.0094 0.0343 0.0606 0.7861 0.0143 0.0953
32 0.0072 0.0287 0.0496 0.8652 0.0076 0.0417
33 0.0370 0.4470 0.0847 0.1923 0.0847 0.1544
34 0.0427 0.6475 0.0925 0.0631 0.0574 0.0970
35 0.0487 0.4441 0.1880 0.1149 0.0895 0.1149
36 0.0389 0.2969 0.1339 0.2791 0.0739 0.1774
37 0.0688 0.0804 0.0612 0.4019 0.3718 0.0161
38 0.0692 0.5190 0.0821 0.1195 0.1766 0.0337
39 0.0461 0.4802 0.1105 0.0640 0.2693 0.0300
40 0.0400 0.4539 0.0853 0.0814 0.3120 0.0275
41 0.0597 0.1345 0.0359 0.1840 0.4209 0.1649
42 0.0865 0.2625 0.0586 0.1567 0.3760 0.0599
43 0.0938 0.2250 0.0483 0.1595 0.4336 0.0400
44 0.0168 0.8491 0.0938 0.0157 0.0147 0.0097
45 0.0458 0.7563 0.1039 0.0398 0.0368 0.0175
46 0.0412 0.6299 0.1279 0.1221 0.0600 0.0192
47 0.0851 0.4158 0.0637 0.0157 0.3669 0.0529
48 0.0352 0.0971 0.0532 0.6533 0.0793 0.0818
49 0.0575 0.1599 0.1016 0.5327 0.0699 0.0786
50 0.0194 0.2900 0.0972 0.0357 0.5503 0.0071
51 0.0314 0.4473 0.1985 0.0436 0.2629 0.0162
52 0.0355 0.6650 0.1484 0.0381 0.0958 0.0172
53 0.0238 0.7407 0.1530 0.0316 0.0438 0.0070
54 0.0403 0.2693 0.1823 0.0960 0.3979 0.0141
55 0.1277 0.6641 0.1181 0.0289 0.0294 0.0320
56 0.0588 0.2253 0.5078 0.1345 0.0265 0.0472
57 0.0334 0.1542 0.7129 0.0500 0.0229 0.0266
58 0.0267 0.1757 0.6528 0.0656 0.0257 0.0536
59 0.0269 0.0665 0.0483 0.1214 0.7319 0.0050
60 0.0314 0.0759 0.0403 0.0747 0.7666 0.0109
61 0.0269 0.1558 0.0615 0.5698 0.1737 0.0124
62 0.0312 0.2396 0.0754 0.4341 0.2115 0.0083
63 0.0261 0.3630 0.1073 0.4177 0.0823 0.0036
64 0.0403 0.3225 0.0881 0.2510 0.2935 0.0045
65 0.0262 0.3452 0.0929 0.3452 0.1848 0.0058
66 0.0179 0.2030 0.1231 0.2605 0.3853 0.0103
67 0.0361 0.2668 0.1619 0.1892 0.3425 0.0036
68 0.0297 0.2754 0.1223 0.3594 0.2047 0.0085
69 0.0292 0.2426 0.0563 0.0787 0.5820 0.0113
70 0.0455 0.4390 0.1075 0.0906 0.2925 0.0250
71 0.0236 0.7524 0.1627 0.0149 0.0236 0.0229
72 0.0613 0.6748 0.1963 0.0116 0.0326 0.0236
73 0.1265 0.5845 0.2399 0.0276 0.0135 0.0080
74 0.1036 0.7305 0.1416 0.0092 0.0146 0.0007
75 0.0566 0.1198 0.0395 0.1316 0.6182 0.0343
76 0.0420 0.1466 0.0737 0.0280 0.6777 0.0317
77 0.0488 0.1704 0.0805 0.0231 0.6533 0.0238
78 0.0420 0.1711 0.0714 0.0784 0.6069 0.0302
79 0.0338 0.4050 0.1040 0.1561 0.2534 0.0476
80 0.0522 0.3435 0.1205 0.0842 0.3953 0.0044
81 0.0624 0.3350 0.1176 0.0569 0.4233 0.0047
82 0.0696 0.2712 0.0802 0.0345 0.5396 0.0050
83 0.0828 0.1986 0.0514 0.0225 0.6216 0.0233
84 0.0582 0.1807 0.0681 0.0373 0.6509 0.0050
85 0.0379 0.1895 0.0640 0.1954 0.4614 0.0518
86 0.0369 0.1963 0.0571 0.1844 0.4934 0.0318
87 0.0280 0.3208 0.2659 0.2311 0.1379 0.0163
88 0.0541 0.1471 0.0516 0.3584 0.0728 0.3162
89 0.0526 0.1647 0.0868 0.1753 0.0868 0.4338
90 0.0088 0.9272 0.0145 0.0377 0.0098 0.0018
91 0.0120 0.7798 0.0312 0.0394 0.1334 0.0041
92 0.0117 0.8369 0.0430 0.0269 0.0803 0.0011
93 0.0345 0.6162 0.1252 0.0754 0.0582 0.0902
94 0.0210 0.3665 0.1731 0.1436 0.0276 0.2681
95 0.0323 0.3972 0.1967 0.1230 0.0572 0.1936
96 0.0396 0.4292 0.1935 0.1192 0.0701 0.1483
97 0.0235 0.4109 0.1106 0.0946 0.0454 0.3149
98 0.0268 0.4036 0.1175 0.1683 0.0311 0.2527
99 0.0502 0.3074 0.0867 0.3271 0.2145 0.0143
100 0.0271 0.2761 0.0977 0.2253 0.3657 0.0081
101 0.0349 0.3442 0.2023 0.2222 0.1842 0.0122
102 0.0265 0.0732 0.1016 0.2152 0.5669 0.0166
103 0.0615 0.4333 0.1104 0.3428 0.0101 0.0419
104 0.0292 0.3811 0.3752 0.1564 0.0149 0.0434
105 0.0403 0.1321 0.1028 0.3425 0.3022 0.0801
106 0.0194 0.3005 0.1039 0.1106 0.4441 0.0214
107 0.0162 0.0724 0.1021 0.0582 0.7310 0.0201
108 0.0958 0.3291 0.1438 0.3970 0.0146 0.0199
109 0.0524 0.5415 0.2852 0.0240 0.0780 0.0191
110 0.0677 0.6685 0.1337 0.0171 0.1049 0.0080
111 0.0459 0.6851 0.1843 0.0064 0.0699 0.0086
112 0.0388 0.6611 0.2214 0.0146 0.0400 0.0243
113 0.0299 0.2092 0.0833 0.6445 0.0148 0.0183
114 0.1628 0.2949 0.3240 0.0865 0.0812 0.0504
115 0.1625 0.3899 0.2598 0.0721 0.0836 0.0323
116 0.1510 0.3794 0.2649 0.0840 0.0783 0.0422
117 0.0362 0.1647 0.0754 0.2323 0.4548 0.0367
118 0.0542 0.1449 0.0393 0.0839 0.6597 0.0180
119 0.1385 0.3049 0.3796 0.0195 0.0894 0.0681
120 0.0287 0.1042 0.0331 0.0103 0.8198 0.0036
121 0.0246 0.0753 0.0361 0.0119 0.8477 0.0043
122 0.0330 0.2764 0.1703 0.4629 0.0079 0.0496
123 0.0681 0.3049 0.2489 0.3298 0.0113 0.0370
124 0.0234 0.1196 0.0660 0.1234 0.6172 0.0506
125 0.0299 0.1078 0.0542 0.1078 0.6709 0.0293
126 0.0506 0.5981 0.1141 0.0714 0.1584 0.0074
127 0.0455 0.6636 0.1266 0.0247 0.1368 0.0030
128 0.0388 0.2717 0.0791 0.1624 0.4209 0.0269
129 0.0303 0.3286 0.1349 0.0941 0.3901 0.0220
130 0.0334 0.2390 0.0789 0.0664 0.5737 0.0088
131 0.0334 0.5303 0.1383 0.0428 0.2505 0.0045
132 0.1348 0.3779 0.3335 0.0528 0.0558 0.0451
133 0.0147 0.0311 0.0262 0.8530 0.0177 0.0572
134 0.0176 0.0703 0.1823 0.6768 0.0046 0.0483
135 0.0202 0.0270 0.0554 0.8013 0.0181 0.0781
136 0.0376 0.3076 0.0778 0.1243 0.4407 0.0118
137 0.0477 0.4417 0.0856 0.0532 0.3606 0.0114
138 0.0071 0.8457 0.0414 0.0920 0.0102 0.0035
139 0.0133 0.7549 0.0498 0.1633 0.0153 0.0033
140 0.0405 0.1163 0.0541 0.0757 0.7017 0.0116
141 0.0813 0.2905 0.2092 0.0623 0.3093 0.0474
142 0.1176 0.3003 0.3457 0.0596 0.1333 0.0436
143 0.0687 0.1499 0.2551 0.1866 0.1283 0.2114
144 0.1180 0.2329 0.1199 0.0877 0.4185 0.0231
145 0.0346 0.5503 0.2559 0.0481 0.0905 0.0205
146 0.0356 0.5796 0.1635 0.0784 0.1334 0.0095
147 0.0233 0.2208 0.0775 0.0851 0.5908 0.0021
148 0.0379 0.3650 0.0967 0.0526 0.4470 0.0008
149 0.0306 0.3262 0.0799 0.0492 0.5132 0.0012
150 0.0384 0.2485 0.0669 0.0486 0.5962 0.0014
151 0.0363 0.4290 0.0858 0.1210 0.3237 0.0040
152 0.0308 0.4187 0.1110 0.0825 0.3525 0.0044
153 0.0387 0.3584 0.0838 0.0623 0.4531 0.0035
154 0.0342 0.2197 0.1105 0.1909 0.4370 0.0076
155 0.0302 0.2323 0.1080 0.0423 0.5840 0.0034
156 0.0337 0.2976 0.1260 0.0464 0.4832 0.0133
157 0.0368 0.2783 0.1489 0.0785 0.4517 0.0060
158 0.0353 0.2817 0.1138 0.0591 0.5024 0.0078
159 0.0223 0.1390 0.0817 0.4417 0.2764 0.0389
160 0.1212 0.5181 0.0795 0.0273 0.2448 0.0093
161 0.0508 0.7822 0.0695 0.0146 0.0799 0.0029
162 0.1331 0.5513 0.0370 0.0149 0.2605 0.0032
163 0.0437 0.5801 0.0499 0.0259 0.2964 0.0040
164 0.0288 0.2798 0.0881 0.0569 0.5396 0.0070
165 0.0281 0.2703 0.0558 0.0613 0.5815 0.0031
166 0.0377 0.5239 0.0677 0.1032 0.0621 0.2052
167 0.1870 0.5283 0.0798 0.0271 0.1265 0.0511
168 0.2189 0.5088 0.0919 0.0236 0.0612 0.0956
169 0.0931 0.3301 0.0731 0.1063 0.2303 0.1672
170 0.0646 0.4885 0.1715 0.1305 0.0984 0.0465
171 0.0378 0.6284 0.2041 0.0884 0.0331 0.0081
172 0.0354 0.5942 0.2477 0.1049 0.0105 0.0073
173 0.0318 0.0674 0.0609 0.0813 0.7358 0.0226
174 0.0418 0.1831 0.1426 0.0812 0.5381 0.0132
175 0.0331 0.0753 0.0494 0.0314 0.7842 0.0264
176 0.0469 0.3604 0.0925 0.1575 0.3333 0.0094
177 0.0380 0.5723 0.0728 0.1470 0.1665 0.0036
178 0.0389 0.2659 0.0504 0.0389 0.5991 0.0068
179 0.0394 0.4949 0.1683 0.1486 0.0629 0.0860
180 0.0510 0.6768 0.1440 0.0649 0.0254 0.0379
181 0.0449 0.7246 0.1240 0.0367 0.0224 0.0474
182 0.0839 0.3320 0.1405 0.0215 0.4197 0.0025
183 0.0398 0.5239 0.2637 0.0398 0.1284 0.0043
184 0.0600 0.2410 0.2729 0.0364 0.3850 0.0047
185 0.0751 0.3020 0.3757 0.0106 0.2351 0.0013
186 0.0662 0.2170 0.1401 0.0044 0.5718 0.0006
187 0.0540 0.2310 0.1161 0.1108 0.4814 0.0067
188 0.0480 0.1125 0.0199 0.6890 0.0667 0.0641
189 0.1025 0.1538 0.0327 0.6084 0.0641 0.0383
190 0.0290 0.7021 0.1748 0.0706 0.0097 0.0138
191 0.0168 0.8301 0.1234 0.0237 0.0023 0.0038
192 0.0638 0.1788 0.1483 0.4158 0.0378 0.1554
193 0.0749 0.2917 0.2573 0.1688 0.0939 0.1133
194 0.0291 0.0507 0.1377 0.6782 0.0141 0.0903
195 0.0439 0.0807 0.1271 0.5786 0.0446 0.1251
196 0.0723 0.2314 0.2705 0.1043 0.0712 0.2502
197 0.0259 0.3254 0.2380 0.2534 0.0151 0.1422
198 0.0367 0.0479 0.0828 0.7153 0.0128 0.1047
199 0.0800 0.0643 0.0865 0.6909 0.0281 0.0500
200 0.0685 0.2212 0.1569 0.4683 0.0497 0.0356
201 0.0446 0.8413 0.0345 0.0250 0.0361 0.0184
202 0.0226 0.8677 0.0336 0.0240 0.0358 0.0164
203 0.0546 0.2998 0.1230 0.1818 0.3191 0.0219
204 0.0504 0.2458 0.1337 0.1445 0.0386 0.3870
205 0.0581 0.0321 0.0658 0.7300 0.0107 0.1035
206 0.0652 0.0799 0.2040 0.5723 0.0061 0.0728
207 0.0189 0.1300 0.0753 0.0464 0.7251 0.0042
208 0.0366 0.2561 0.2058 0.0690 0.4158 0.0166
209 0.0659 0.1643 0.1427 0.5825 0.0135 0.0311
210 0.0264 0.1300 0.1891 0.4131 0.0306 0.2109
211 0.0227 0.1445 0.1276 0.5630 0.0109 0.1316
212 0.0829 0.0472 0.0677 0.5078 0.2761 0.0182
213 0.0203 0.1290 0.0659 0.1462 0.6157 0.0228
214 0.0305 0.1990 0.0897 0.1959 0.4700 0.0150
215 0.0509 0.0922 0.0385 0.5391 0.2668 0.0126
216 0.0088 0.0999 0.0924 0.7739 0.0038 0.0213
217 0.0159 0.0340 0.0423 0.8110 0.0125 0.0842
218 0.0414 0.3550 0.1179 0.2053 0.0548 0.2256
219 0.0486 0.2336 0.2449 0.4038 0.0167 0.0526
220 0.0559 0.0765 0.1593 0.5142 0.0295 0.1644
221 0.0435 0.1018 0.1993 0.3667 0.0161 0.2725
222 0.0545 0.3638 0.0837 0.0357 0.4458 0.0164
223 0.0266 0.2991 0.0612 0.0287 0.5767 0.0078
224 0.0336 0.4219 0.1814 0.1871 0.0678 0.1083
225 0.0457 0.5654 0.1779 0.0881 0.0615 0.0615
226 0.0249 0.2438 0.0667 0.2151 0.3774 0.0721
227 0.0178 0.5327 0.1326 0.1346 0.1703 0.0120
228 0.0317 0.1971 0.0574 0.5527 0.1488 0.0123
229 0.0497 0.0957 0.0456 0.0717 0.7354 0.0018
230 0.0422 0.1166 0.0741 0.0614 0.7031 0.0028
231 0.0632 0.0750 0.0584 0.3015 0.4744 0.0276
232 0.0509 0.0776 0.0453 0.4751 0.0717 0.2793
233 0.0923 0.0510 0.0264 0.6309 0.0450 0.1545
234 0.0059 0.5874 0.0214 0.2773 0.1037 0.0042
235 0.0073 0.5503 0.0160 0.3723 0.0481 0.0060
236 0.0040 0.7969 0.0175 0.1697 0.0085 0.0036
237 0.0931 0.2571 0.1740 0.2532 0.1141 0.1088
238 0.0581 0.6250 0.1230 0.1212 0.0425 0.0302
239 0.0312 0.0681 0.0426 0.5977 0.1159 0.1443
240 0.0479 0.1710 0.0880 0.4722 0.1395 0.0814
241 0.0770 0.3882 0.2507 0.0853 0.1670 0.0319
242 0.0431 0.3015 0.3313 0.0934 0.2009 0.0299
243 0.0350 0.4758 0.2393 0.0840 0.1364 0.0297
244 0.0429 0.4580 0.2913 0.0475 0.1272 0.0332
245 0.0074 0.8950 0.0399 0.0482 0.0089 0.0007
246 0.0111 0.2656 0.0548 0.6372 0.0247 0.0065
247 0.0150 0.7734 0.0337 0.1344 0.0423 0.0011
248 0.0177 0.8057 0.0414 0.1041 0.0296 0.0015
249 0.0076 0.9258 0.0280 0.0117 0.0259 0.0010
250 0.0166 0.8794 0.0315 0.0234 0.0445 0.0045
251 0.0154 0.8696 0.0337 0.0228 0.0565 0.0020
252 0.0297 0.4541 0.2213 0.1737 0.0339 0.0873
253 0.0425 0.3000 0.0930 0.4297 0.0201 0.1147
254 0.0231 0.4463 0.1044 0.2708 0.1382 0.0174
255 0.0435 0.4609 0.1406 0.0581 0.2930 0.0037
256 0.0389 0.4773 0.0856 0.0911 0.3032 0.0039
257 0.0550 0.4060 0.1566 0.1517 0.2278 0.0029
258 0.0701 0.3450 0.1604 0.1580 0.2644 0.0023
259 0.0711 0.3906 0.1506 0.0679 0.3188 0.0010
260 0.0790 0.4202 0.1343 0.1046 0.2590 0.0029
261 0.0572 0.3967 0.2058 0.1248 0.2124 0.0031
262 0.0403 0.3250 0.1608 0.3352 0.1293 0.0096
263 0.0444 0.3333 0.1812 0.2988 0.1316 0.0108
264 0.0619 0.5063 0.2839 0.1028 0.0319 0.0133
265 0.0908 0.1343 0.2394 0.4910 0.0204 0.0241
266 0.0979 0.1127 0.3872 0.3525 0.0153 0.0344
267 0.1113 0.1222 0.3647 0.3535 0.0126 0.0356
268 0.1428 0.2179 0.3647 0.2179 0.0169 0.0397
269 0.1273 0.1254 0.2201 0.4175 0.0300 0.0797
270 0.2285 0.1132 0.1571 0.2358 0.0605 0.2048
271 0.1292 0.0990 0.1292 0.2267 0.0649 0.3511
