time exciting_prob fearful_prob tense_prob sad_prob relaxing_prob neutral_prob
0 0.1136 0.1553 0.1349 0.1288 0.0181 0.4492
1 0.1768 0.0332 0.1686 0.3354 0.0166 0.2695
2 0.1929 0.0351 0.1016 0.2805 0.0124 0.3774
3 0.3450 0.0757 0.4033 0.0668 0.0193 0.0900
4 0.3987 0.0424 0.3926 0.0437 0.0343 0.0883
5 0.3706 0.0789 0.3823 0.0820 0.0242 0.0619
6 0.2507 0.0361 0.4399 0.1777 0.0059 0.0894
7 0.7637 0.0296 0.0673 0.0349 0.1033 0.0012
8 0.7114 0.0177 0.0657 0.0732 0.1295 0.0024
9 0.3621 0.0209 0.0881 0.4651 0.0538 0.0100
10 0.1293 0.0109 0.5615 0.2913 0.0056 0.0018
11 0.1517 0.0146 0.5591 0.2683 0.0042 0.0018
12 0.1548 0.0181 0.5488 0.2717 0.0045 0.0019
13 0.2150 0.0216 0.5322 0.2252 0.0047 0.0015
14 0.0675 0.0106 0.6606 0.2588 0.0015 0.0007
15 0.0553 0.0575 0.1010 0.7759 0.0068 0.0035
16 0.0870 0.0444 0.1306 0.7285 0.0077 0.0016
17 0.0805 0.0402 0.1042 0.7578 0.0115 0.0057
18 0.0737 0.1116 0.2515 0.4771 0.0300 0.0561
19 0.4128 0.2583 0.0224 0.1996 0.1020 0.0048
20 0.4277 0.2739 0.0377 0.1304 0.1216 0.0088
21 0.2163 0.3767 0.0490 0.1499 0.2001 0.0079
22 0.1333 0.0784 0.5791 0.1659 0.0131 0.0300
23 0.2776 0.2394 0.1062 0.3564 0.0164 0.0038
24 0.2686 0.4097 0.1427 0.1735 0.0035 0.0021
25 0.1001 0.2517 0.4849 0.1526 0.0079 0.0028
26 0.2163 0.0713 0.3298 0.3298 0.0159 0.0370
27 0.0542 0.0685 0.4004 0.4065 0.0061 0.0643
28 0.0782 0.0347 0.2998 0.5688 0.0052 0.0132
29 0.0814 0.1045 0.3945 0.3945 0.0061 0.0190
30 0.2812 0.1068 0.2369 0.3501 0.0117 0.0132
31 0.1604 0.0445 0.3970 0.3450 0.0250 0.0283
32 0.1542 0.1259 0.3289 0.3613 0.0173 0.0125
33 0.3782 0.2461 0.0979 0.2539 0.0170 0.0070
34 0.1628 0.1616 0.4226 0.2445 0.0038 0.0047
35 0.1469 0.1857 0.2170 0.4185 0.0108 0.0212
36 0.0826 0.0800 0.2316 0.5381 0.0090 0.0585
37 0.1643 0.1078 0.0833 0.2883 0.3372 0.0190
38 0.2496 0.3105 0.0612 0.1082 0.2617 0.0087
39 0.2749 0.4031 0.1201 0.0818 0.1155 0.0048
40 0.4077 0.1205 0.0602 0.0828 0.3276 0.0009
41 0.1113 0.2471 0.1498 0.4009 0.0753 0.0154
42 0.0983 0.4839 0.1344 0.2549 0.0157 0.0129
43 0.1705 0.4355 0.0987 0.2559 0.0333 0.0061
44 0.2854 0.1414 0.0891 0.2991 0.1786 0.0064
45 0.1887 0.1978 0.1172 0.3210 0.1639 0.0112
46 0.1603 0.2444 0.1059 0.2090 0.2725 0.0080
47 0.1724 0.1671 0.0860 0.2267 0.3350 0.0129
48 0.2467 0.2710 0.1351 0.1951 0.1461 0.0060
49 0.1997 0.0886 0.2094 0.4099 0.0344 0.0581
50 0.4844 0.1537 0.0491 0.1225 0.1754 0.0149
51 0.1211 0.0764 0.3701 0.3020 0.0313 0.0989
52 0.1161 0.0149 0.1057 0.5625 0.0123 0.1885
53 0.6992 0.0731 0.0869 0.1133 0.0062 0.0213
54 0.0758 0.0326 0.5347 0.3093 0.0033 0.0446
55 0.5454 0.0263 0.1637 0.1945 0.0031 0.0672
56 0.3347 0.0997 0.3674 0.1763 0.0155 0.0064
57 0.3911 0.2263 0.3167 0.0425 0.0207 0.0026
58 0.6460 0.0640 0.1713 0.0367 0.0725 0.0093
59 0.5117 0.0704 0.3252 0.0223 0.0646 0.0057
60 0.1313 0.4241 0.2612 0.1399 0.0117 0.0317
61 0.1813 0.0392 0.3181 0.3550 0.0912 0.0151
62 0.2988 0.1575 0.3467 0.1638 0.0169 0.0161
63 0.0319 0.0748 0.4373 0.1006 0.3513 0.0040
64 0.1689 0.0102 0.3464 0.3306 0.1400 0.0036
65 0.0949 0.0264 0.2073 0.4895 0.1666 0.0153
66 0.5332 0.0934 0.1992 0.1602 0.0012 0.0128
67 0.4927 0.1066 0.2942 0.0994 0.0010 0.0061
68 0.3394 0.0787 0.4709 0.0838 0.0082 0.0190
69 0.5391 0.1395 0.2668 0.0302 0.0108 0.0137
70 0.4431 0.0696 0.4644 0.0154 0.0046 0.0031
71 0.2588 0.1364 0.4399 0.1521 0.0043 0.0085
72 0.4355 0.1603 0.2856 0.1102 0.0015 0.0067
73 0.5757 0.1501 0.0284 0.1825 0.0430 0.0203
74 0.1530 0.3445 0.2856 0.2074 0.0030 0.0066
75 0.1455 0.3228 0.3774 0.0869 0.0417 0.0257
76 0.4819 0.2172 0.2788 0.0201 0.0008 0.0011
77 0.5229 0.2017 0.2080 0.0645 0.0015 0.0012
78 0.4126 0.2705 0.1934 0.1119 0.0093 0.0023
79 0.1193 0.0795 0.1968 0.4038 0.0242 0.1764
80 0.1897 0.1151 0.6621 0.0269 0.0019 0.0046
81 0.2289 0.1040 0.6318 0.0210 0.0014 0.0126
82 0.6094 0.1830 0.0787 0.1191 0.0020 0.0080
83 0.5923 0.1078 0.0789 0.1953 0.0019 0.0239
84 0.3357 0.0368 0.0651 0.5117 0.0078 0.0427
85 0.5093 0.1577 0.1267 0.1759 0.0102 0.0202
86 0.2230 0.0880 0.3735 0.2776 0.0081 0.0297
87 0.6968 0.0181 0.1604 0.1155 0.0043 0.0047
88 0.3232 0.1813 0.1813 0.3037 0.0041 0.0063
89 0.1530 0.0235 0.2727 0.4495 0.0209 0.0806
90 0.4731 0.1768 0.1660 0.1713 0.0093 0.0035
91 0.7109 0.0072 0.1090 0.1688 0.0017 0.0024
92 0.3457 0.0703 0.1793 0.3796 0.0041 0.0209
93 0.1476 0.0640 0.2050 0.3540 0.0078 0.2216
94 0.1370 0.0383 0.1287 0.6846 0.0075 0.0038
95 0.3240 0.1519 0.3240 0.1733 0.0112 0.0159
96 0.4609 0.0159 0.0997 0.4067 0.0076 0.0091
97 0.3120 0.0675 0.2213 0.3535 0.0228 0.0228
98 0.1835 0.1029 0.1750 0.5225 0.0072 0.0088
99 0.1617 0.0922 0.1202 0.6104 0.0066 0.0089
100 0.2898 0.0884 0.2766 0.3232 0.0112 0.0106
101 0.3237 0.2856 0.0706 0.2856 0.0188 0.0156
102 0.3281 0.2400 0.1637 0.2477 0.0108 0.0098
103 0.2520 0.0129 0.0806 0.6338 0.0050 0.0157
104 0.3682 0.0714 0.1442 0.3799 0.0050 0.0317
105 0.4253 0.0762 0.1541 0.3210 0.0156 0.0077
106 0.1136 0.0972 0.3784 0.3445 0.0168 0.0496
107 0.6851 0.0837 0.0972 0.1172 0.0075 0.0095
108 0.5137 0.1681 0.1804 0.1202 0.0122 0.0053
109 0.3853 0.0260 0.0951 0.4719 0.0110 0.0108
110 0.2130 0.0665 0.2866 0.3918 0.0243 0.0176
111 0.2018 0.0209 0.0999 0.6216 0.0156 0.0403
112 0.4712 0.0085 0.1102 0.3501 0.0135 0.0467
113 0.1135 0.1025 0.0994 0.6685 0.0150 0.0014
114 0.3442 0.0721 0.0756 0.5010 0.0038 0.0035
115 0.5303 0.1103 0.0914 0.2354 0.0063 0.0262
116 0.5596 0.1831 0.2483 0.0069 0.0019 0.0003
117 0.4331 0.0235 0.1184 0.3884 0.0163 0.0203
118 0.1083 0.1066 0.4705 0.2944 0.0061 0.0141
119 0.5767 0.1576 0.1306 0.1227 0.0094 0.0031
120 0.4685 0.0514 0.2469 0.2145 0.0115 0.0073
121 0.5103 0.1121 0.1193 0.2300 0.0258 0.0025
122 0.2367 0.0678 0.1801 0.4973 0.0126 0.0054
123 0.5811 0.0199 0.0994 0.2920 0.0045 0.0032
124 0.5239 0.1974 0.1216 0.1410 0.0136 0.0023
125 0.7554 0.1177 0.0731 0.0457 0.0065 0.0018
126 0.2734 0.0150 0.0736 0.5972 0.0324 0.0083
127 0.3516 0.0249 0.1159 0.4956 0.0044 0.0078
128 0.1243 0.1014 0.3076 0.4475 0.0061 0.0129
129 0.4270 0.1698 0.1014 0.2433 0.0044 0.0543
130 0.2041 0.2106 0.1565 0.3162 0.0053 0.1075
131 0.4639 0.1119 0.2026 0.1904 0.0045 0.0266
132 0.2847 0.0954 0.3953 0.1926 0.0069 0.0251
133 0.4504 0.0600 0.1968 0.2649 0.0084 0.0193
134 0.4980 0.0199 0.1221 0.3118 0.0036 0.0446
135 0.4629 0.0138 0.0557 0.4487 0.0092 0.0096
136 0.3652 0.0288 0.3770 0.2147 0.0045 0.0097
137 0.5073 0.0902 0.2396 0.1442 0.0104 0.0084
138 0.4224 0.0339 0.1437 0.3669 0.0100 0.0231
139 0.2957 0.0203 0.1908 0.4651 0.0072 0.0211
140 0.4568 0.0246 0.1460 0.3503 0.0114 0.0108
141 0.5073 0.0397 0.1523 0.2759 0.0046 0.0200
142 0.0984 0.0896 0.0298 0.7739 0.0071 0.0010
143 0.0718 0.0237 0.0685 0.8086 0.0072 0.0206
144 0.3174 0.1168 0.1499 0.3486 0.0066 0.0606
145 0.2693 0.0286 0.0650 0.6167 0.0046 0.0158
146 0.2598 0.0970 0.1135 0.4851 0.0084 0.0363
147 0.1865 0.0457 0.2357 0.4915 0.0129 0.0277
148 0.2783 0.0440 0.1125 0.5122 0.0110 0.0420
149 0.2013 0.0403 0.2390 0.4680 0.0180 0.0334
150 0.1625 0.0374 0.3604 0.3896 0.0103 0.0398
151 0.0975 0.0959 0.2732 0.4368 0.0078 0.0887
152 0.0269 0.2478 0.3232 0.3838 0.0154 0.0027
153 0.1364 0.0569 0.1752 0.5654 0.0334 0.0329
154 0.1522 0.0394 0.1595 0.6118 0.0114 0.0258
155 0.1214 0.0650 0.3513 0.3857 0.0279 0.0487
156 0.1741 0.0816 0.4807 0.1973 0.0221 0.0443
157 0.3645 0.0390 0.3022 0.2317 0.0258 0.0367
158 0.2932 0.1301 0.2113 0.3027 0.0162 0.0464
159 0.2581 0.0229 0.2463 0.4324 0.0173 0.0229
160 0.5293 0.0301 0.1403 0.2173 0.0135 0.0695
161 0.4385 0.0238 0.1946 0.2876 0.0305 0.0249
162 0.4304 0.0379 0.0917 0.4109 0.0219 0.0072
163 0.3020 0.0418 0.2881 0.3267 0.0152 0.0262
164 0.1552 0.0549 0.3779 0.3442 0.0151 0.0528
165 0.2554 0.0583 0.2053 0.4414 0.0139 0.0257
166 0.2325 0.0897 0.1573 0.4624 0.0495 0.0085
167 0.4299 0.0610 0.0908 0.3735 0.0192 0.0254
168 0.3508 0.0356 0.1820 0.3916 0.0192 0.0208
169 0.3442 0.0421 0.2854 0.2810 0.0190 0.0280
170 0.3513 0.0475 0.3301 0.2198 0.0206 0.0307
171 0.2273 0.0398 0.3521 0.2742 0.0374 0.0693
172 0.1874 0.0318 0.4355 0.3186 0.0136 0.0132
173 0.4150 0.0481 0.1576 0.3606 0.0088 0.0099
174 0.0864 0.0799 0.0949 0.5996 0.0112 0.1277
175 0.2927 0.0619 0.2466 0.3267 0.0555 0.0166
176 0.3440 0.0540 0.1785 0.3606 0.0341 0.0287
177 0.3936 0.0585 0.1641 0.3584 0.0181 0.0074
178 0.3215 0.0542 0.1951 0.3760 0.0152 0.0381
179 0.4270 0.0778 0.3076 0.1595 0.0129 0.0151
180 0.3206 0.1108 0.3523 0.1638 0.0145 0.0380
181 0.3105 0.0962 0.3359 0.2102 0.0155 0.0317
182 0.2607 0.1820 0.1937 0.3401 0.0115 0.0120
183 0.3621 0.1924 0.2266 0.1908 0.0065 0.0216
184 0.5801 0.0984 0.1525 0.1598 0.0074 0.0020
185 0.4641 0.1138 0.1531 0.2524 0.0109 0.0057
186 0.6030 0.1754 0.1151 0.0925 0.0119 0.0022
187 0.3982 0.1794 0.2251 0.1852 0.0069 0.0055
188 0.2822 0.0999 0.1177 0.4727 0.0089 0.0186
189 0.4822 0.0871 0.2834 0.1042 0.0082 0.0349
190 0.4446 0.0569 0.2201 0.2455 0.0131 0.0198
191 0.4817 0.0318 0.2347 0.2275 0.0085 0.0157
192 0.1899 0.0699 0.1991 0.5005 0.0112 0.0294
193 0.2058 0.0545 0.3140 0.3669 0.0181 0.0405
194 0.1965 0.1350 0.2771 0.3396 0.0158 0.0361
195 0.1246 0.0744 0.2678 0.4851 0.0102 0.0377
196 0.1788 0.0452 0.1415 0.5952 0.0183 0.0209
197 0.3918 0.1851 0.2032 0.2032 0.0123 0.0043
198 0.2537 0.0876 0.0926 0.5542 0.0087 0.0034
199 0.3423 0.1495 0.1804 0.2837 0.0219 0.0220
200 0.0625 0.1431 0.5317 0.2434 0.0086 0.0106
201 0.2278 0.2140 0.2502 0.2925 0.0043 0.0113
202 0.3972 0.0659 0.2861 0.2372 0.0096 0.0041
203 0.4500 0.0794 0.1394 0.3142 0.0142 0.0027
204 0.3601 0.0527 0.1345 0.4209 0.0110 0.0208
205 0.1938 0.1582 0.1793 0.4302 0.0111 0.0275
206 0.3672 0.0921 0.1069 0.3970 0.0134 0.0235
207 0.2094 0.3269 0.1508 0.2161 0.0555 0.0415
208 0.0635 0.2322 0.0676 0.6313 0.0019 0.0038
209 0.2964 0.0447 0.1467 0.4963 0.0035 0.0122
210 0.3037 0.0492 0.1814 0.4282 0.0170 0.0204
211 0.2869 0.0953 0.2695 0.2869 0.0282 0.0332
212 0.2781 0.0578 0.1660 0.4307 0.0060 0.0616
213 0.2382 0.0612 0.0738 0.5986 0.0032 0.0251
214 0.1149 0.1499 0.3223 0.3274 0.0152 0.0703
215 0.2988 0.1550 0.2327 0.2720 0.0135 0.0280
216 0.2482 0.0734 0.2520 0.3040 0.0088 0.1136
217 0.1000 0.2781 0.2306 0.3303 0.0069 0.0539
218 0.1100 0.0249 0.1842 0.5586 0.0142 0.1083
219 0.4639 0.0988 0.2244 0.1919 0.0149 0.0063
220 0.1445 0.1357 0.3059 0.2457 0.0191 0.1490
221 0.3191 0.2998 0.2334 0.1230 0.0072 0.0177
222 0.0869 0.1324 0.3955 0.2986 0.0038 0.0829
223 0.2654 0.1124 0.1399 0.4111 0.0104 0.0606
224 0.1301 0.0686 0.1620 0.5830 0.0197 0.0364
225 0.3589 0.0577 0.0764 0.4680 0.0020 0.0370
226 0.0403 0.1272 0.3352 0.4373 0.0085 0.0514
227 0.6670 0.0725 0.1177 0.1215 0.0159 0.0053
228 0.4312 0.0263 0.1466 0.3865 0.0030 0.0066
229 0.3708 0.0998 0.1807 0.2712 0.0353 0.0422
230 0.3372 0.0471 0.1012 0.4536 0.0046 0.0563
231 0.2664 0.1238 0.0892 0.4976 0.0068 0.0161
232 0.0630 0.2097 0.3511 0.2734 0.0587 0.0439
233 0.2017 0.2146 0.1646 0.3594 0.0028 0.0569
234 0.4436 0.2000 0.1969 0.1292 0.0177 0.0128
235 0.1794 0.1738 0.1711 0.4236 0.0137 0.0382
236 0.4102 0.1486 0.1053 0.3196 0.0096 0.0068
237 0.3901 0.1412 0.2087 0.2366 0.0107 0.0126
238 0.3423 0.0375 0.0981 0.4980 0.0110 0.0132
239 0.5615 0.0277 0.0848 0.3101 0.0080 0.0078
240 0.5190 0.0547 0.2415 0.1660 0.0128 0.0057
241 0.3018 0.0529 0.0988 0.4529 0.0106 0.0831
242 0.4321 0.0884 0.1470 0.3064 0.0105 0.0156
243 0.2563 0.2410 0.2729 0.2029 0.0221 0.0047
244 0.3059 0.1943 0.3206 0.1400 0.0148 0.0245
245 0.5659 0.1420 0.0991 0.1409 0.0367 0.0154
246 0.2629 0.0840 0.2629 0.3650 0.0173 0.0081
247 0.1418 0.1376 0.3298 0.3623 0.0086 0.0197
248 0.2537 0.0905 0.5122 0.1025 0.0077 0.0335
249 0.3831 0.0208 0.1064 0.4766 0.0058 0.0074
250 0.5107 0.0620 0.0610 0.3350 0.0053 0.0262
251 0.0615 0.0814 0.1282 0.5742 0.0286 0.1261
252 0.2834 0.3611 0.1459 0.1517 0.0105 0.0474
253 0.3777 0.0817 0.1170 0.3958 0.0059 0.0218
254 0.3716 0.1187 0.0848 0.4016 0.0107 0.0125
255 0.4463 0.0965 0.1449 0.2927 0.0146 0.0050
256 0.2310 0.0617 0.1074 0.5806 0.0042 0.0150
257 0.2285 0.0457 0.1088 0.5928 0.0120 0.0122
258 0.2966 0.2054 0.1515 0.2637 0.0220 0.0607
259 0.3643 0.0363 0.1120 0.4534 0.0098 0.0242
260 0.6841 0.0267 0.0404 0.2255 0.0188 0.0046
261 0.6953 0.0963 0.0641 0.1306 0.0116 0.0020
262 0.2283 0.0167 0.0741 0.6504 0.0120 0.0186
263 0.3948 0.2756 0.1131 0.1985 0.0124 0.0058
264 0.3362 0.1153 0.1613 0.3750 0.0082 0.0041
265 0.3762 0.0581 0.1544 0.4004 0.0071 0.0037
266 0.4319 0.0448 0.1704 0.3208 0.0191 0.0130
267 0.3843 0.0246 0.0733 0.4783 0.0213 0.0184
268 0.2122 0.0333 0.1528 0.5679 0.0193 0.0149
269 0.2764 0.0548 0.1599 0.4702 0.0152 0.0234
270 0.2114 0.1063 0.1387 0.5073 0.0104 0.0260
271 0.3132 0.1082 0.1625 0.3662 0.0076 0.0424
272 0.1653 0.4287 0.1759 0.2189 0.0106 0.0008
273 0.2849 0.0862 0.0882 0.5322 0.0058 0.0029
274 0.4365 0.1301 0.0654 0.3455 0.0164 0.0061
275 0.0515 0.0863 0.1125 0.6895 0.0063 0.0540
276 0.2659 0.0891 0.2419 0.3867 0.0059 0.0106
277 0.1487 0.0640 0.1633 0.4724 0.0142 0.1375
278 0.2317 0.5142 0.1951 0.0505 0.0074 0.0013
279 0.3318 0.0428 0.0266 0.5469 0.0381 0.0137
280 0.3213 0.0554 0.0648 0.5215 0.0124 0.0246
281 0.1257 0.0341 0.0485 0.6489 0.0047 0.1382
282 0.1161 0.0230 0.1715 0.5449 0.0064 0.1378
283 0.2766 0.0238 0.1528 0.4934 0.0131 0.0402
284 0.1801 0.0912 0.1772 0.5132 0.0118 0.0266
285 0.0475 0.1969 0.2527 0.3049 0.0130 0.1849
286 0.0890 0.0507 0.0726 0.7451 0.0046 0.0377
287 0.0214 0.0254 0.0554 0.8140 0.0044 0.0793
288 0.1332 0.1005 0.3193 0.4102 0.0153 0.0217
289 0.1930 0.0744 0.2479 0.4087 0.0123 0.0637
290 0.1449 0.0663 0.3879 0.2883 0.0098 0.1028
291 0.1898 0.1198 0.3035 0.3281 0.0098 0.0491
292 0.2356 0.0538 0.0789 0.5923 0.0112 0.0281
293 0.3232 0.0607 0.0933 0.4927 0.0100 0.0200
294 0.2769 0.0545 0.0757 0.5254 0.0041 0.0637
295 0.4824 0.0366 0.0865 0.3584 0.0047 0.0313
296 0.2759 0.0561 0.1500 0.3892 0.0120 0.1168
297 0.1837 0.0551 0.1808 0.4475 0.0178 0.1149
298 0.0505 0.0141 0.0400 0.8682 0.0018 0.0254
299 0.0506 0.0809 0.1766 0.6069 0.0030 0.0821
300 0.0649 0.1605 0.2264 0.4365 0.0129 0.0989
301 0.3052 0.0582 0.1418 0.3918 0.0039 0.0991
302 0.1014 0.0487 0.0430 0.7495 0.0063 0.0510
303 0.1142 0.0726 0.2236 0.4587 0.0074 0.1235
304 0.1278 0.0980 0.1449 0.5820 0.0039 0.0435
305 0.3606 0.0291 0.1327 0.4419 0.0022 0.0335
306 0.4197 0.0384 0.1221 0.3943 0.0037 0.0217
307 0.1748 0.0505 0.2142 0.4980 0.0120 0.0505
308 0.0772 0.0822 0.3301 0.4238 0.0176 0.0692
309 0.1453 0.1343 0.2146 0.3538 0.0157 0.1364
310 0.0788 0.0576 0.1240 0.5820 0.0409 0.1165
311 0.1891 0.1260 0.3940 0.2280 0.0056 0.0572
312 0.1760 0.0418 0.2727 0.3613 0.0023 0.1460
313 0.1248 0.0668 0.3186 0.4492 0.0127 0.0278
314 0.2203 0.0876 0.2617 0.3928 0.0083 0.0294
315 0.3552 0.3442 0.1704 0.1190 0.0040 0.0069
316 0.2598 0.1256 0.2401 0.2722 0.0120 0.0905
317 0.3643 0.0826 0.3530 0.0950 0.0142 0.0907
318 0.0493 0.0826 0.3533 0.4609 0.0037 0.0501
319 0.0410 0.0596 0.5146 0.2080 0.0148 0.1620
320 0.2235 0.1115 0.5532 0.0779 0.0179 0.0159
321 0.1847 0.1020 0.6445 0.0460 0.0085 0.0140
322 0.1516 0.1237 0.3994 0.2620 0.0320 0.0315
323 0.0589 0.2925 0.3528 0.1182 0.0164 0.1615
324 0.0622 0.3582 0.4187 0.0508 0.0168 0.0934
325 0.1152 0.0484 0.0437 0.7397 0.0155 0.0374
326 0.2153 0.1327 0.0817 0.5049 0.0242 0.0414
327 0.2690 0.1232 0.0820 0.4612 0.0211 0.0436
328 0.0932 0.0611 0.5195 0.2133 0.0166 0.0961
329 0.2695 0.0671 0.3008 0.2003 0.0692 0.0931
330 0.4141 0.1572 0.2632 0.0772 0.0655 0.0228
331 0.4365 0.0614 0.3618 0.0867 0.0162 0.0373
332 0.9268 0.0151 0.0189 0.0338 0.0039 0.0015
333 0.9263 0.0152 0.0191 0.0340 0.0040 0.0015
334 0.9268 0.0151 0.0191 0.0335 0.0040 0.0016
