time exciting_prob fearful_prob tense_prob sad_prob relaxing_prob neutral_prob
0 0.1136 0.1553 0.1349 0.1288 0.0181 0.4492
1 0.1021 0.0959 0.0990 0.5879 0.0808 0.0345
2 0.0805 0.0637 0.1135 0.6333 0.0594 0.0496
3 0.0858 0.1299 0.1259 0.5054 0.0845 0.0684
4 0.0587 0.0447 0.0939 0.6934 0.0385 0.0709
5 0.0706 0.0609 0.1616 0.6196 0.0474 0.0399
6 0.0801 0.0654 0.0839 0.6108 0.1078 0.0521
7 0.0670 0.0413 0.0808 0.6768 0.0681 0.0660
8 0.0534 0.0443 0.0634 0.7144 0.0479 0.0765
9 0.0475 0.0475 0.0564 0.7197 0.0591 0.0701
10 0.0503 0.0380 0.0495 0.7627 0.0386 0.0607
11 0.0508 0.0402 0.0470 0.7827 0.0349 0.0442
12 0.0567 0.0441 0.0622 0.7349 0.0428 0.0594
13 0.0721 0.0710 0.1414 0.6138 0.0328 0.0688
14 0.1039 0.1252 0.2305 0.4656 0.0443 0.0305
15 0.1019 0.4429 0.1721 0.2484 0.0321 0.0027
16 0.0401 0.5166 0.0856 0.3386 0.0140 0.0051
17 0.0966 0.5737 0.1147 0.1777 0.0306 0.0066
18 0.1108 0.5630 0.1771 0.1189 0.0194 0.0108
19 0.0653 0.4607 0.1472 0.2751 0.0422 0.0096
20 0.0529 0.4163 0.2335 0.2448 0.0367 0.0158
21 0.0296 0.3411 0.0932 0.4883 0.0144 0.0335
22 0.0140 0.6206 0.0718 0.2627 0.0221 0.0086
23 0.0121 0.8516 0.0768 0.0294 0.0272 0.0029
24 0.0283 0.5874 0.0959 0.2410 0.0295 0.0180
25 0.0087 0.7681 0.0499 0.1421 0.0282 0.0029
26 0.0076 0.9067 0.0380 0.0380 0.0090 0.0008
27 0.0399 0.7769 0.0222 0.1076 0.0504 0.0032
28 0.0219 0.6245 0.0406 0.2815 0.0173 0.0140
29 0.0656 0.7563 0.0503 0.0977 0.0225 0.0075
30 0.0822 0.7612 0.0530 0.0841 0.0128 0.0067
31 0.0341 0.4856 0.0756 0.3665 0.0147 0.0236
32 0.0223 0.7500 0.0681 0.1334 0.0206 0.0057
33 0.0721 0.7119 0.0594 0.1091 0.0200 0.0276
34 0.1121 0.4331 0.0680 0.2646 0.0551 0.0670
35 0.0825 0.3040 0.0892 0.0739 0.4287 0.0215
36 0.0387 0.4602 0.1415 0.2010 0.1239 0.0347
37 0.0429 0.4397 0.0887 0.0406 0.3821 0.0059
38 0.0584 0.2222 0.1799 0.1152 0.4150 0.0092
39 0.0165 0.3337 0.4934 0.0781 0.0756 0.0027
40 0.0363 0.4666 0.1296 0.0786 0.2876 0.0014
41 0.0540 0.3108 0.3157 0.2007 0.1161 0.0028
42 0.0355 0.5415 0.1208 0.1962 0.1026 0.0032
43 0.0174 0.4192 0.0482 0.4751 0.0160 0.0240
44 0.0522 0.6562 0.0491 0.1881 0.0249 0.0293
45 0.0193 0.7114 0.0519 0.1539 0.0330 0.0303
46 0.0098 0.1844 0.1102 0.6538 0.0058 0.0358
47 0.0594 0.3906 0.1680 0.2445 0.0950 0.0425
48 0.0212 0.6016 0.1130 0.2128 0.0108 0.0409
49 0.0475 0.4761 0.0783 0.2932 0.0665 0.0385
50 0.0254 0.7832 0.0623 0.0501 0.0525 0.0264
51 0.0238 0.4189 0.0199 0.4602 0.0604 0.0168
52 0.0522 0.1809 0.0295 0.5747 0.0483 0.1141
53 0.0647 0.3184 0.0122 0.4419 0.1390 0.0236
54 0.0370 0.1055 0.0091 0.7671 0.0583 0.0230
55 0.0569 0.3171 0.0108 0.4688 0.1364 0.0102
56 0.0691 0.2864 0.0131 0.3853 0.2111 0.0353
57 0.0630 0.5190 0.0171 0.1312 0.2571 0.0126
58 0.0638 0.4001 0.0127 0.3586 0.1554 0.0095
59 0.0570 0.5991 0.0205 0.2637 0.0480 0.0119
60 0.0585 0.5420 0.0242 0.2090 0.1471 0.0190
61 0.0473 0.5410 0.0274 0.2439 0.0636 0.0767
62 0.0379 0.1477 0.0131 0.6724 0.0910 0.0379
63 0.0318 0.1227 0.0132 0.7061 0.0745 0.0516
64 0.0386 0.1118 0.0229 0.0762 0.7461 0.0044
65 0.0635 0.0917 0.0133 0.0931 0.7324 0.0057
66 0.0421 0.0891 0.0325 0.1154 0.7178 0.0033
67 0.0815 0.5483 0.0961 0.0895 0.1837 0.0008
68 0.0767 0.4275 0.0407 0.3103 0.1432 0.0014
69 0.1190 0.7178 0.0608 0.0722 0.0292 0.0011
70 0.1432 0.6519 0.0616 0.0875 0.0548 0.0011
71 0.1367 0.5117 0.1082 0.1727 0.0698 0.0008
72 0.1069 0.5688 0.0623 0.1708 0.0886 0.0024
73 0.0548 0.6680 0.0458 0.1783 0.0515 0.0017
74 0.0350 0.5439 0.0854 0.2778 0.0286 0.0295
75 0.0434 0.7119 0.1181 0.1127 0.0066 0.0071
76 0.0256 0.6050 0.1136 0.2296 0.0106 0.0159
77 0.0236 0.2512 0.1454 0.5488 0.0176 0.0133
78 0.0585 0.5259 0.0950 0.2771 0.0321 0.0114
79 0.0374 0.8052 0.0552 0.0816 0.0188 0.0020
80 0.0515 0.5156 0.0661 0.3179 0.0451 0.0038
81 0.0383 0.5083 0.0646 0.3181 0.0656 0.0053
82 0.1080 0.2251 0.0868 0.4548 0.1150 0.0104
83 0.0462 0.4963 0.2037 0.2273 0.0125 0.0139
84 0.0292 0.3552 0.2367 0.3337 0.0308 0.0143
85 0.0196 0.1390 0.0540 0.2120 0.5332 0.0424
86 0.0332 0.1006 0.0691 0.5029 0.1969 0.0975
87 0.0376 0.2002 0.0903 0.3406 0.2491 0.0822
88 0.0378 0.0764 0.1111 0.5386 0.1495 0.0865
89 0.0583 0.0932 0.1913 0.4885 0.0433 0.1255
90 0.0367 0.8291 0.0260 0.0629 0.0226 0.0226
91 0.0433 0.6826 0.0226 0.1910 0.0235 0.0367
92 0.0539 0.6362 0.0198 0.1880 0.0583 0.0440
93 0.0209 0.8618 0.0311 0.0538 0.0180 0.0145
94 0.0174 0.8374 0.0392 0.0597 0.0192 0.0271
95 0.0214 0.7729 0.0582 0.1158 0.0271 0.0046
96 0.0876 0.6274 0.0170 0.2006 0.0427 0.0245
97 0.0436 0.7148 0.0166 0.1233 0.0991 0.0025
98 0.0251 0.7559 0.0404 0.1031 0.0720 0.0034
99 0.0562 0.2329 0.1600 0.0500 0.4705 0.0303
100 0.0606 0.2634 0.2307 0.0484 0.3716 0.0253
101 0.0826 0.3562 0.2078 0.0425 0.2883 0.0224
102 0.0177 0.7534 0.0525 0.0907 0.0788 0.0070
103 0.0695 0.6748 0.0448 0.1318 0.0576 0.0217
104 0.0663 0.5728 0.0845 0.1393 0.0652 0.0722
105 0.0294 0.6597 0.0893 0.1592 0.0281 0.0344
106 0.0317 0.1740 0.2695 0.4656 0.0413 0.0181
107 0.1184 0.3169 0.1290 0.0807 0.3508 0.0040
108 0.1401 0.2056 0.1771 0.0786 0.3899 0.0086
109 0.0622 0.5083 0.1041 0.2205 0.1017 0.0030
110 0.0337 0.7910 0.0192 0.1271 0.0183 0.0107
111 0.0385 0.7256 0.0381 0.1417 0.0184 0.0376
112 0.0280 0.7451 0.0386 0.1663 0.0174 0.0048
113 0.0637 0.4314 0.1664 0.2576 0.0466 0.0343
114 0.1978 0.4709 0.1127 0.0949 0.0504 0.0734
115 0.1486 0.4231 0.1833 0.1086 0.0997 0.0367
116 0.0158 0.3435 0.0162 0.0171 0.6030 0.0042
117 0.0347 0.0988 0.0244 0.0326 0.8022 0.0074
118 0.0720 0.4768 0.0430 0.0454 0.3381 0.0249
119 0.0911 0.4050 0.0829 0.0651 0.3359 0.0199
120 0.0512 0.1787 0.0477 0.0481 0.6533 0.0208
121 0.0229 0.1538 0.0291 0.0245 0.7227 0.0469
122 0.0529 0.2607 0.0624 0.4946 0.1036 0.0258
123 0.0720 0.2491 0.0447 0.4109 0.2131 0.0103
124 0.0320 0.3008 0.0480 0.2306 0.3801 0.0084
125 0.0570 0.3894 0.0732 0.1525 0.2698 0.0583
126 0.0698 0.2534 0.0389 0.1335 0.4519 0.0523
127 0.0394 0.2979 0.0091 0.4990 0.1333 0.0214
128 0.0190 0.1026 0.0261 0.8071 0.0125 0.0328
129 0.0224 0.8213 0.0475 0.0789 0.0108 0.0190
130 0.0392 0.7822 0.0462 0.0831 0.0247 0.0246
131 0.0580 0.6089 0.0438 0.2170 0.0504 0.0220
132 0.0250 0.4041 0.1582 0.2231 0.1738 0.0155
133 0.0432 0.2524 0.1192 0.1681 0.3789 0.0384
134 0.0674 0.2585 0.0222 0.1605 0.4536 0.0375
135 0.0713 0.1953 0.0284 0.2430 0.4006 0.0614
136 0.0317 0.3486 0.0293 0.3076 0.2715 0.0111
137 0.0544 0.4700 0.0310 0.3630 0.0798 0.0017
138 0.0373 0.5698 0.0821 0.2715 0.0348 0.0044
139 0.0409 0.2603 0.2903 0.3557 0.0344 0.0186
140 0.0253 0.2223 0.4854 0.1576 0.1017 0.0077
141 0.0164 0.1510 0.3457 0.2413 0.2130 0.0327
142 0.0565 0.0991 0.3005 0.3860 0.1465 0.0113
143 0.0076 0.1278 0.2791 0.5298 0.0508 0.0053
144 0.0240 0.1962 0.3667 0.2480 0.1553 0.0099
145 0.0327 0.2136 0.5542 0.1664 0.0312 0.0020
146 0.0171 0.2356 0.6816 0.0439 0.0180 0.0037
147 0.0423 0.1387 0.4766 0.2632 0.0291 0.0502
148 0.0310 0.1730 0.4558 0.2478 0.0792 0.0132
149 0.0094 0.0660 0.0917 0.0394 0.7915 0.0018
150 0.0143 0.0942 0.0489 0.0156 0.8267 0.0004
151 0.0214 0.1760 0.0740 0.0831 0.6440 0.0016
152 0.0296 0.0668 0.0452 0.1436 0.7070 0.0079
153 0.0272 0.1348 0.0756 0.1171 0.6431 0.0021
154 0.0251 0.1265 0.2325 0.2515 0.3547 0.0098
155 0.0433 0.2676 0.3127 0.2288 0.1244 0.0234
156 0.0448 0.2349 0.2747 0.2277 0.0905 0.1277
157 0.0236 0.2788 0.3582 0.2040 0.0949 0.0405
158 0.0282 0.1536 0.1056 0.2100 0.4958 0.0067
159 0.0160 0.0776 0.1497 0.1166 0.6304 0.0099
160 0.0121 0.2700 0.1368 0.0441 0.5327 0.0042
161 0.0409 0.1835 0.1569 0.1148 0.4988 0.0052
162 0.0477 0.3811 0.1381 0.1018 0.3259 0.0054
163 0.0227 0.2424 0.1747 0.0800 0.4785 0.0019
164 0.0127 0.8008 0.1653 0.0162 0.0034 0.0014
165 0.0049 0.8228 0.1453 0.0233 0.0018 0.0021
166 0.0036 0.7690 0.2203 0.0056 0.0007 0.0006
167 0.0595 0.3167 0.1776 0.4001 0.0111 0.0350
168 0.0829 0.7803 0.0213 0.0842 0.0155 0.0158
169 0.0387 0.2664 0.0428 0.5815 0.0188 0.0516
170 0.0239 0.3733 0.0439 0.5430 0.0038 0.0123
171 0.0728 0.6094 0.0481 0.1995 0.0489 0.0213
172 0.0676 0.4375 0.3516 0.0861 0.0340 0.0232
173 0.0905 0.4819 0.2639 0.0949 0.0540 0.0147
174 0.2578 0.0811 0.0558 0.4597 0.0159 0.1296
175 0.3359 0.1550 0.0786 0.3494 0.0138 0.0672
176 0.1389 0.3035 0.4348 0.0756 0.0357 0.0116
177 0.1796 0.0650 0.3743 0.3103 0.0348 0.0362
178 0.1354 0.4302 0.1685 0.2163 0.0370 0.0126
179 0.0282 0.2874 0.0424 0.5713 0.0476 0.0232
180 0.0981 0.7715 0.0196 0.0701 0.0212 0.0198
181 0.0401 0.5498 0.0532 0.2808 0.0259 0.0503
182 0.0576 0.6387 0.0355 0.2385 0.0107 0.0193
183 0.0475 0.2908 0.0419 0.5181 0.0529 0.0490
184 0.0223 0.2920 0.2920 0.3157 0.0185 0.0593
185 0.0118 0.5459 0.1691 0.1576 0.1002 0.0155
186 0.0166 0.4189 0.1360 0.1654 0.2406 0.0224
187 0.0185 0.6128 0.2118 0.0969 0.0303 0.0298
188 0.0117 0.5557 0.3586 0.0471 0.0059 0.0210
189 0.0146 0.7329 0.1882 0.0569 0.0032 0.0043
190 0.0565 0.6943 0.0767 0.1624 0.0058 0.0040
191 0.0639 0.7314 0.0422 0.1451 0.0100 0.0072
192 0.0275 0.2046 0.0981 0.4265 0.2355 0.0078
193 0.1525 0.2399 0.0754 0.1754 0.3176 0.0392
194 0.3142 0.1818 0.0788 0.1077 0.3069 0.0107
195 0.2075 0.1996 0.0980 0.3701 0.1077 0.0170
196 0.2771 0.0839 0.3093 0.2484 0.0482 0.0331
197 0.3245 0.1863 0.1670 0.1184 0.1805 0.0231
198 0.0442 0.6147 0.2262 0.0422 0.0658 0.0068
199 0.0560 0.4875 0.2957 0.1088 0.0314 0.0206
200 0.0498 0.6768 0.1312 0.1105 0.0198 0.0121
201 0.0225 0.3364 0.1059 0.4744 0.0452 0.0155
202 0.0551 0.5479 0.1005 0.2411 0.0290 0.0266
203 0.0355 0.5732 0.0486 0.3215 0.0129 0.0082
204 0.0743 0.7217 0.0354 0.1304 0.0056 0.0327
205 0.0263 0.7754 0.0523 0.1091 0.0236 0.0133
206 0.0728 0.6743 0.0428 0.1627 0.0255 0.0217
207 0.0375 0.6919 0.0355 0.1862 0.0256 0.0233
208 0.0487 0.7563 0.0666 0.0495 0.0760 0.0029
209 0.0311 0.2195 0.0741 0.3677 0.1937 0.1139
210 0.0542 0.2334 0.1416 0.4294 0.0958 0.0456
211 0.1020 0.0701 0.1069 0.3972 0.1211 0.2029
212 0.0717 0.5298 0.0279 0.2192 0.1404 0.0109
213 0.0518 0.7319 0.0362 0.1080 0.0079 0.0640
214 0.1423 0.5542 0.0744 0.1716 0.0234 0.0343
215 0.0952 0.4268 0.0400 0.3003 0.1087 0.0293
216 0.0337 0.6123 0.0359 0.2551 0.0526 0.0105
217 0.0433 0.5034 0.0450 0.3250 0.0687 0.0147
218 0.0954 0.3599 0.0282 0.4480 0.0565 0.0119
219 0.0556 0.3623 0.0426 0.4270 0.0815 0.0309
220 0.0367 0.6919 0.0521 0.1428 0.0718 0.0046
221 0.0330 0.2236 0.0234 0.6890 0.0191 0.0119
222 0.0111 0.5293 0.0684 0.3813 0.0079 0.0020
223 0.0553 0.1743 0.1041 0.6177 0.0269 0.0216
224 0.0339 0.0922 0.0997 0.6201 0.0559 0.0981
225 0.0972 0.0438 0.0648 0.7183 0.0358 0.0399
226 0.0902 0.0348 0.0902 0.7207 0.0293 0.0348
227 0.1169 0.0430 0.0720 0.6221 0.0910 0.0552
228 0.1565 0.0421 0.0739 0.5728 0.1093 0.0456
229 0.0242 0.0257 0.0220 0.8926 0.0194 0.0161
230 0.1213 0.1332 0.0998 0.5610 0.0582 0.0266
231 0.4180 0.0925 0.0488 0.3806 0.0346 0.0257
232 0.2810 0.0877 0.0448 0.5088 0.0470 0.0308
233 0.1796 0.3462 0.1971 0.2341 0.0140 0.0291
234 0.0360 0.2703 0.0259 0.6235 0.0202 0.0244
235 0.0986 0.4817 0.0438 0.2422 0.1033 0.0305
236 0.0533 0.3560 0.0482 0.4229 0.0852 0.0344
237 0.0569 0.4072 0.0629 0.3594 0.1006 0.0128
238 0.0534 0.0990 0.0439 0.7666 0.0243 0.0128
239 0.2478 0.0941 0.0570 0.5586 0.0294 0.0133
240 0.1906 0.1174 0.0609 0.5825 0.0288 0.0198
241 0.4805 0.1768 0.0737 0.1897 0.0698 0.0095
242 0.2070 0.0898 0.0380 0.6084 0.0363 0.0203
243 0.0558 0.0500 0.0594 0.7583 0.0594 0.0172
244 0.0128 0.1349 0.0545 0.7295 0.0392 0.0292
245 0.0323 0.5327 0.1346 0.1841 0.0773 0.0389
246 0.0270 0.5347 0.0989 0.2524 0.0581 0.0290
247 0.0213 0.4187 0.1218 0.3313 0.0728 0.0341
248 0.0225 0.4087 0.0912 0.3132 0.1348 0.0296
249 0.0315 0.3582 0.0668 0.3582 0.1564 0.0292
250 0.0088 0.5430 0.0670 0.2688 0.1069 0.0053
251 0.0141 0.1827 0.0850 0.5991 0.1057 0.0134
252 0.0118 0.2065 0.0665 0.2002 0.5034 0.0115
253 0.0174 0.3494 0.0631 0.2852 0.2722 0.0128
254 0.0087 0.2776 0.0789 0.4041 0.2231 0.0076
255 0.0112 0.6201 0.1951 0.1111 0.0568 0.0057
256 0.0200 0.4382 0.0203 0.1337 0.3867 0.0009
257 0.0259 0.5200 0.0540 0.0933 0.3059 0.0008
258 0.0135 0.4883 0.0332 0.1942 0.2698 0.0009
259 0.0487 0.2051 0.0784 0.5488 0.1150 0.0041
260 0.0278 0.3064 0.0717 0.3162 0.2769 0.0012
261 0.0357 0.3203 0.0932 0.3130 0.2362 0.0017
262 0.0289 0.2598 0.1161 0.4023 0.1901 0.0027
263 0.0274 0.2422 0.1171 0.4453 0.1664 0.0015
264 0.0143 0.5439 0.0808 0.2451 0.1140 0.0022
265 0.0492 0.2830 0.1357 0.3523 0.1691 0.0107
266 0.2737 0.0539 0.1132 0.2673 0.1837 0.1080
267 0.2974 0.0633 0.0643 0.2927 0.1351 0.1472
268 0.1339 0.1102 0.2107 0.3474 0.0415 0.1565
269 0.0989 0.0250 0.0610 0.6304 0.0350 0.1497
270 0.0768 0.0399 0.0699 0.5767 0.0492 0.1873
271 0.1627 0.0512 0.1190 0.4492 0.0892 0.1287
272 0.1193 0.0654 0.1462 0.4646 0.0795 0.1250
273 0.0326 0.3557 0.2686 0.3091 0.0205 0.0138
274 0.0330 0.5195 0.2100 0.2100 0.0251 0.0024
275 0.0481 0.6235 0.1403 0.1359 0.0500 0.0022
276 0.0527 0.4409 0.1477 0.3225 0.0332 0.0030
277 0.0673 0.5054 0.1288 0.2581 0.0366 0.0038
278 0.1195 0.3457 0.1752 0.3247 0.0302 0.0045
279 0.0947 0.3833 0.1624 0.3228 0.0298 0.0071
280 0.0516 0.4526 0.1589 0.3062 0.0242 0.0065
281 0.0492 0.2876 0.2786 0.3635 0.0111 0.0101
282 0.0547 0.2913 0.2452 0.3799 0.0144 0.0144
283 0.0372 0.2603 0.2483 0.4224 0.0231 0.0090
284 0.0487 0.4583 0.1881 0.2825 0.0146 0.0078
285 0.0922 0.4128 0.2428 0.2245 0.0202 0.0074
286 0.0878 0.3313 0.2350 0.3162 0.0204 0.0094
287 0.0785 0.4380 0.2615 0.1943 0.0216 0.0061
288 0.1044 0.3215 0.2625 0.2708 0.0285 0.0120
289 0.1361 0.2625 0.1694 0.3701 0.0390 0.0231
290 0.0880 0.2627 0.1953 0.3884 0.0397 0.0260
291 0.1400 0.2308 0.1688 0.3357 0.1099 0.0148
292 0.0817 0.1599 0.2053 0.4417 0.0925 0.0190
293 0.0938 0.1866 0.1499 0.4917 0.0606 0.0175
294 0.1113 0.1594 0.3025 0.3823 0.0196 0.0248
295 0.0997 0.1241 0.2668 0.4832 0.0154 0.0110
296 0.1233 0.1365 0.2671 0.4270 0.0297 0.0164
297 0.1105 0.1006 0.2339 0.5107 0.0148 0.0295
298 0.0655 0.0518 0.1409 0.7041 0.0200 0.0178
299 0.0812 0.0613 0.1382 0.6694 0.0194 0.0303
300 0.1237 0.0762 0.1317 0.5635 0.0642 0.0408
