time exciting_prob fearful_prob tense_prob sad_prob relaxing_prob neutral_prob
0 0.1110 0.1566 0.1382 0.1298 0.0183 0.4460
1 0.0576 0.4500 0.4500 0.0387 0.0032 0.0006
2 0.0558 0.3875 0.4531 0.0935 0.0063 0.0039
3 0.0612 0.5537 0.3057 0.0698 0.0081 0.0017
4 0.0567 0.5771 0.3140 0.0428 0.0088 0.0004
5 0.0500 0.4819 0.3696 0.0898 0.0071 0.0015
6 0.0719 0.3652 0.3430 0.2147 0.0037 0.0013
7 0.0400 0.0446 0.7788 0.0482 0.0029 0.0854
8 0.0837 0.1083 0.6533 0.1348 0.0033 0.0166
9 0.0372 0.1427 0.7832 0.0304 0.0055 0.0010
10 0.1622 0.1957 0.5239 0.0451 0.0703 0.0028
11 0.0586 0.1805 0.6450 0.0833 0.0299 0.0023
12 0.0986 0.1917 0.6689 0.0181 0.0213 0.0015
13 0.0359 0.2783 0.6274 0.0515 0.0038 0.0028
14 0.0427 0.2070 0.6279 0.1125 0.0040 0.0058
15 0.0641 0.2257 0.5947 0.1092 0.0022 0.0039
16 0.0789 0.2112 0.5396 0.1658 0.0036 0.0012
17 0.0531 0.2695 0.5361 0.1273 0.0028 0.0111
18 0.0417 0.0986 0.5498 0.2988 0.0034 0.0078
19 0.0631 0.2290 0.4849 0.2085 0.0114 0.0032
20 0.0346 0.1649 0.7056 0.0698 0.0238 0.0014
21 0.0216 0.2375 0.6768 0.0543 0.0091 0.0009
22 0.0499 0.0932 0.5620 0.2698 0.0098 0.0151
23 0.0531 0.0903 0.5796 0.2416 0.0214 0.0142
24 0.0615 0.1079 0.8037 0.0101 0.0148 0.0020
25 0.0390 0.1760 0.7471 0.0039 0.0299 0.0043
26 0.1294 0.0434 0.6572 0.0368 0.0232 0.1099
27 0.0894 0.0696 0.3218 0.3218 0.0826 0.1147
28 0.1829 0.0567 0.3313 0.2810 0.0906 0.0576
29 0.0392 0.1048 0.8179 0.0140 0.0163 0.0080
30 0.1168 0.0295 0.5747 0.1794 0.0766 0.0230
31 0.1030 0.0731 0.5928 0.1149 0.0975 0.0189
32 0.0496 0.2480 0.6284 0.0204 0.0306 0.0227
33 0.1608 0.1354 0.5312 0.0649 0.0834 0.0241
34 0.0421 0.1257 0.4026 0.3965 0.0082 0.0248
35 0.3093 0.0782 0.4194 0.0270 0.1351 0.0311
36 0.1155 0.1138 0.4827 0.1592 0.0758 0.0529
37 0.0939 0.1178 0.4551 0.0267 0.2739 0.0327
38 0.0494 0.0573 0.7729 0.0436 0.0093 0.0675
39 0.0115 0.1183 0.8213 0.0133 0.0032 0.0321
40 0.0273 0.0984 0.8574 0.0036 0.0051 0.0081
41 0.0106 0.0365 0.8989 0.0349 0.0065 0.0125
42 0.0151 0.0273 0.9170 0.0204 0.0044 0.0159
43 0.0186 0.0292 0.9155 0.0193 0.0061 0.0111
44 0.0246 0.0378 0.8750 0.0260 0.0133 0.0231
45 0.0533 0.0520 0.8398 0.0248 0.0195 0.0105
46 0.0219 0.0554 0.8936 0.0147 0.0100 0.0046
47 0.0181 0.0721 0.8921 0.0035 0.0081 0.0062
48 0.0470 0.1026 0.8135 0.0138 0.0193 0.0039
49 0.0197 0.0260 0.8662 0.0717 0.0088 0.0075
50 0.0472 0.1294 0.7744 0.0221 0.0184 0.0082
51 0.0535 0.1910 0.6987 0.0345 0.0091 0.0130
52 0.0617 0.1490 0.7456 0.0144 0.0213 0.0081
53 0.0741 0.0555 0.6978 0.1251 0.0151 0.0324
54 0.0739 0.0824 0.6636 0.0948 0.0164 0.0688
55 0.0517 0.3020 0.4258 0.1361 0.0618 0.0226
56 0.0317 0.2893 0.4143 0.2084 0.0427 0.0137
57 0.0556 0.0977 0.6416 0.1106 0.0450 0.0495
58 0.0381 0.0633 0.8276 0.0399 0.0144 0.0166
59 0.0502 0.2080 0.5312 0.0686 0.1213 0.0208
60 0.1287 0.3040 0.4250 0.0355 0.0941 0.0127
61 0.3088 0.1136 0.3782 0.0448 0.1199 0.0346
62 0.2001 0.3198 0.3403 0.0461 0.0670 0.0267
63 0.0711 0.1471 0.4973 0.0207 0.2278 0.0360
64 0.0459 0.2224 0.6284 0.0418 0.0445 0.0169
65 0.0422 0.1340 0.6548 0.0270 0.1405 0.0018
66 0.1094 0.2428 0.4680 0.0446 0.1290 0.0060
67 0.0666 0.2306 0.4805 0.0305 0.1897 0.0023
68 0.0806 0.3391 0.5132 0.0246 0.0408 0.0020
69 0.1279 0.3318 0.4790 0.0204 0.0378 0.0030
70 0.0989 0.3972 0.4570 0.0119 0.0331 0.0019
71 0.0305 0.1306 0.1962 0.5210 0.0683 0.0536
72 0.1324 0.0932 0.2615 0.3105 0.0269 0.1755
73 0.0971 0.2539 0.3665 0.1946 0.0608 0.0272
74 0.1004 0.2262 0.5137 0.1077 0.0051 0.0467
75 0.1730 0.1564 0.2120 0.2421 0.0627 0.1539
76 0.4485 0.1870 0.2021 0.0223 0.1389 0.0012
77 0.4714 0.1708 0.1790 0.0081 0.1694 0.0015
78 0.3818 0.2881 0.2644 0.0042 0.0599 0.0014
79 0.0446 0.2129 0.3916 0.2842 0.0587 0.0082
80 0.0502 0.2671 0.3977 0.2671 0.0163 0.0018
81 0.2107 0.4495 0.2683 0.0080 0.0590 0.0045
82 0.5142 0.2646 0.1289 0.0038 0.0853 0.0034
83 0.3152 0.3176 0.2532 0.0051 0.1055 0.0034
84 0.3945 0.3049 0.2095 0.0033 0.0860 0.0018
85 0.3108 0.2637 0.1515 0.0462 0.2086 0.0193
86 0.2277 0.0684 0.1287 0.0259 0.5171 0.0323
87 0.3655 0.1132 0.1794 0.0410 0.2695 0.0314
88 0.2081 0.0703 0.1465 0.0742 0.4766 0.0243
89 0.1523 0.1713 0.1214 0.0074 0.5356 0.0119
90 0.1710 0.3374 0.3245 0.0058 0.1533 0.0081
91 0.1975 0.1009 0.0477 0.0071 0.6328 0.0140
92 0.3406 0.2269 0.1366 0.0105 0.2632 0.0221
93 0.2424 0.1360 0.0781 0.0168 0.5015 0.0255
94 0.1906 0.1183 0.1146 0.0387 0.5220 0.0160
95 0.0798 0.1886 0.1171 0.1785 0.4119 0.0242
96 0.2079 0.2283 0.2710 0.1251 0.1232 0.0446
97 0.1725 0.1583 0.4336 0.1571 0.0526 0.0258
98 0.1609 0.0200 0.4441 0.0565 0.0226 0.2959
99 0.1323 0.0286 0.6616 0.0385 0.0123 0.1263
100 0.1052 0.0336 0.6548 0.0591 0.0120 0.1351
101 0.2267 0.2712 0.1385 0.0403 0.2888 0.0345
102 0.2290 0.2720 0.1099 0.0325 0.3230 0.0335
103 0.2147 0.1851 0.0815 0.0551 0.4404 0.0232
104 0.2366 0.0971 0.0964 0.1199 0.4285 0.0215
105 0.2395 0.0960 0.1836 0.0419 0.4236 0.0153
106 0.0964 0.1058 0.0837 0.0431 0.6636 0.0073
107 0.1952 0.0735 0.0997 0.0214 0.6016 0.0088
108 0.0905 0.3159 0.4817 0.0173 0.0657 0.0291
109 0.1376 0.2737 0.3030 0.0367 0.1072 0.1420
110 0.1376 0.1196 0.0407 0.0267 0.5444 0.1313
111 0.1562 0.0488 0.0236 0.0169 0.5762 0.1785
112 0.4258 0.2371 0.1642 0.0202 0.1438 0.0088
113 0.2981 0.2759 0.2268 0.0754 0.1097 0.0142
114 0.1509 0.1037 0.4102 0.1194 0.1406 0.0753
115 0.2188 0.3059 0.1960 0.0804 0.0272 0.1716
116 0.7095 0.0645 0.0351 0.0063 0.1647 0.0198
117 0.3206 0.1676 0.2119 0.0125 0.2556 0.0317
118 0.4404 0.2032 0.1725 0.0061 0.1608 0.0171
119 0.2605 0.1696 0.2466 0.0150 0.3022 0.0062
120 0.5005 0.0869 0.0447 0.0048 0.3574 0.0056
121 0.4900 0.0879 0.0402 0.0117 0.3557 0.0143
122 0.3855 0.3049 0.1632 0.0213 0.1122 0.0127
123 0.3250 0.3542 0.1293 0.0176 0.1686 0.0051
124 0.4751 0.1460 0.1094 0.0052 0.2408 0.0235
125 0.1017 0.2239 0.0933 0.0039 0.5674 0.0098
126 0.0802 0.2302 0.0930 0.0053 0.5835 0.0079
127 0.1195 0.0748 0.0596 0.0021 0.7378 0.0062
128 0.0900 0.1833 0.1005 0.0053 0.6060 0.0152
129 0.1727 0.2020 0.0743 0.0040 0.5449 0.0023
130 0.0790 0.2198 0.2164 0.0091 0.4727 0.0029
131 0.1444 0.2515 0.1526 0.0075 0.4414 0.0026
132 0.1693 0.3696 0.1268 0.0082 0.3237 0.0022
133 0.1539 0.5898 0.1469 0.0227 0.0844 0.0021
134 0.1399 0.5986 0.2004 0.0211 0.0343 0.0058
135 0.1267 0.5679 0.2385 0.0405 0.0169 0.0095
136 0.0543 0.0953 0.7324 0.0848 0.0312 0.0017
137 0.2153 0.1901 0.1886 0.0488 0.3442 0.0129
138 0.2212 0.3533 0.1722 0.0091 0.2429 0.0013
139 0.2170 0.0575 0.1842 0.0144 0.5010 0.0259
140 0.3635 0.3870 0.1118 0.0180 0.1190 0.0009
141 0.0947 0.1124 0.7271 0.0166 0.0480 0.0012
142 0.1848 0.0707 0.5474 0.0600 0.0582 0.0789
143 0.2017 0.4043 0.3596 0.0100 0.0223 0.0021
144 0.3701 0.1580 0.3789 0.0149 0.0752 0.0027
145 0.5767 0.2747 0.0942 0.0090 0.0424 0.0029
146 0.1033 0.1743 0.1143 0.0338 0.2383 0.3359
147 0.1377 0.1882 0.2961 0.0527 0.1797 0.1455
148 0.1871 0.1976 0.0504 0.0608 0.2639 0.2402
149 0.1807 0.1821 0.0373 0.0498 0.2932 0.2568
150 0.1171 0.1992 0.0699 0.0462 0.4668 0.1010
151 0.2111 0.1892 0.2264 0.0707 0.2230 0.0795
152 0.1782 0.0451 0.6270 0.0503 0.0210 0.0785
153 0.1125 0.0593 0.5044 0.1266 0.0056 0.1915
154 0.0322 0.3601 0.4480 0.1294 0.0105 0.0198
155 0.0348 0.0491 0.6772 0.0170 0.0583 0.1635
156 0.2075 0.2209 0.2708 0.0117 0.2583 0.0309
157 0.2125 0.2209 0.4160 0.0572 0.0361 0.0572
158 0.0996 0.3242 0.5264 0.0233 0.0184 0.0084
159 0.1493 0.3499 0.2725 0.1760 0.0378 0.0144
160 0.3743 0.3354 0.2252 0.0454 0.0182 0.0012
161 0.5010 0.2479 0.1626 0.0520 0.0341 0.0025
162 0.4861 0.2705 0.1707 0.0418 0.0294 0.0015
163 0.2520 0.3931 0.3062 0.0063 0.0247 0.0178
164 0.3364 0.2385 0.2137 0.0857 0.0756 0.0500
165 0.3337 0.1154 0.3638 0.0438 0.0979 0.0455
166 0.2871 0.3154 0.1854 0.0132 0.1197 0.0791
167 0.2369 0.3188 0.3289 0.0036 0.0825 0.0292
168 0.5620 0.0676 0.1399 0.2004 0.0282 0.0017
169 0.2151 0.0437 0.5161 0.1367 0.0503 0.0383
170 0.1683 0.3647 0.4231 0.0138 0.0216 0.0086
171 0.0641 0.2119 0.5244 0.1368 0.0043 0.0584
172 0.0310 0.2474 0.6421 0.0579 0.0029 0.0189
173 0.2106 0.3755 0.3472 0.0076 0.0536 0.0055
174 0.1138 0.3789 0.3972 0.0859 0.0173 0.0068
175 0.5234 0.1809 0.2715 0.0166 0.0038 0.0039
176 0.0454 0.0507 0.1674 0.3953 0.0284 0.3127
177 0.2097 0.3171 0.3826 0.0076 0.0610 0.0218
178 0.1100 0.2460 0.5811 0.0045 0.0411 0.0174
179 0.0704 0.2739 0.5664 0.0059 0.0671 0.0159
180 0.0673 0.1654 0.4094 0.1733 0.0113 0.1733
181 0.0612 0.2896 0.4214 0.1285 0.0068 0.0925
182 0.1054 0.4949 0.2568 0.1271 0.0135 0.0023
183 0.2009 0.1801 0.5903 0.0095 0.0121 0.0071
184 0.2620 0.1814 0.4929 0.0151 0.0145 0.0341
185 0.3862 0.4919 0.1056 0.0045 0.0052 0.0065
186 0.2622 0.4358 0.2793 0.0113 0.0048 0.0067
187 0.0831 0.5420 0.3608 0.0098 0.0019 0.0025
188 0.0438 0.3235 0.5859 0.0049 0.0418 0.0001
189 0.1649 0.2783 0.4924 0.0182 0.0451 0.0008
190 0.0318 0.0949 0.8657 0.0034 0.0022 0.0018
191 0.0826 0.1061 0.7900 0.0142 0.0037 0.0034
192 0.1606 0.1907 0.3975 0.0981 0.0729 0.0801
193 0.1591 0.3699 0.4158 0.0463 0.0068 0.0023
194 0.2208 0.3967 0.2622 0.0470 0.0306 0.0428
195 0.2468 0.1321 0.4133 0.0634 0.0266 0.1176
196 0.2323 0.3303 0.3921 0.0146 0.0291 0.0016
197 0.5278 0.1824 0.1987 0.0597 0.0210 0.0105
198 0.7559 0.0822 0.1263 0.0221 0.0103 0.0034
199 0.2900 0.3135 0.3499 0.0150 0.0255 0.0061
200 0.0439 0.1656 0.5781 0.1028 0.0187 0.0908
201 0.2512 0.0939 0.2869 0.0340 0.0999 0.2341
202 0.2299 0.1763 0.5430 0.0323 0.0159 0.0026
203 0.1422 0.0985 0.5986 0.1295 0.0227 0.0082
204 0.1592 0.1069 0.6753 0.0022 0.0563 0.0002
205 0.4199 0.0937 0.2954 0.0517 0.0464 0.0930
206 0.6841 0.1434 0.1161 0.0251 0.0285 0.0026
207 0.1443 0.2084 0.5981 0.0218 0.0114 0.0159
208 0.3787 0.0906 0.5093 0.0012 0.0197 0.0004
209 0.3994 0.1843 0.3665 0.0303 0.0086 0.0109
210 0.4817 0.1786 0.2294 0.0278 0.0780 0.0045
211 0.3201 0.4409 0.1957 0.0221 0.0163 0.0049
212 0.5615 0.0984 0.2695 0.0447 0.0203 0.0056
213 0.0848 0.2379 0.6465 0.0227 0.0010 0.0070
214 0.6445 0.1351 0.1472 0.0068 0.0653 0.0011
215 0.0729 0.2030 0.6108 0.0542 0.0184 0.0406
216 0.1130 0.2046 0.6401 0.0164 0.0176 0.0085
217 0.3091 0.4324 0.1890 0.0321 0.0290 0.0086
218 0.0312 0.1991 0.7061 0.0544 0.0061 0.0031
219 0.1764 0.1353 0.6763 0.0083 0.0023 0.0013
220 0.3384 0.0709 0.4663 0.0495 0.0721 0.0027
221 0.0260 0.1172 0.5591 0.2332 0.0037 0.0608
222 0.0120 0.1495 0.6597 0.1183 0.0016 0.0590
223 0.2017 0.0538 0.7095 0.0132 0.0211 0.0010
224 0.0743 0.2363 0.5850 0.0933 0.0017 0.0096
225 0.0652 0.3555 0.3813 0.0242 0.1732 0.0007
226 0.4282 0.1527 0.1716 0.0135 0.2311 0.0029
227 0.2499 0.1527 0.3015 0.0164 0.2744 0.0052
228 0.1543 0.0839 0.6396 0.0375 0.0226 0.0623
229 0.0557 0.7632 0.1285 0.0455 0.0038 0.0031
230 0.0233 0.0690 0.5869 0.1604 0.0145 0.1461
231 0.4172 0.1583 0.0526 0.3352 0.0060 0.0307
232 0.5273 0.0975 0.0991 0.2629 0.0061 0.0072
233 0.5259 0.1289 0.0764 0.2583 0.0044 0.0060
234 0.3298 0.0610 0.0286 0.4873 0.0093 0.0840
235 0.4778 0.0469 0.0448 0.2722 0.0054 0.1527
236 0.0854 0.1055 0.6367 0.0869 0.0835 0.0021
237 0.4932 0.1118 0.1370 0.0278 0.0728 0.1576
238 0.4136 0.2412 0.2000 0.0147 0.0753 0.0551
239 0.0906 0.1011 0.6699 0.0965 0.0318 0.0102
240 0.0339 0.0323 0.8740 0.0179 0.0124 0.0297
241 0.0559 0.0952 0.7603 0.0117 0.0741 0.0031
242 0.0282 0.2651 0.5742 0.0373 0.0854 0.0097
243 0.0206 0.2095 0.6660 0.0644 0.0288 0.0109
244 0.0208 0.1582 0.4834 0.2754 0.0231 0.0391
245 0.0373 0.2910 0.5029 0.0759 0.0854 0.0072
246 0.1070 0.1428 0.5024 0.0281 0.1984 0.0212
247 0.3306 0.2399 0.3833 0.0188 0.0232 0.0044
248 0.2323 0.2341 0.4143 0.0472 0.0110 0.0611
249 0.3052 0.1686 0.4106 0.0416 0.0340 0.0400
250 0.1274 0.3955 0.4448 0.0104 0.0199 0.0020
251 0.2474 0.2437 0.4209 0.0374 0.0210 0.0298
252 0.0934 0.3840 0.5166 0.0022 0.0035 0.0001
253 0.0597 0.3545 0.5757 0.0043 0.0052 0.0008
254 0.0754 0.2756 0.6118 0.0138 0.0135 0.0097
255 0.4221 0.2747 0.2620 0.0023 0.0316 0.0075
256 0.1406 0.2976 0.5347 0.0114 0.0134 0.0020
257 0.1584 0.2676 0.5405 0.0188 0.0099 0.0050
258 0.0806 0.1667 0.7471 0.0029 0.0020 0.0006
259 0.0952 0.0981 0.7251 0.0634 0.0076 0.0104
260 0.1812 0.4114 0.3518 0.0267 0.0082 0.0206
261 0.4424 0.1666 0.3210 0.0366 0.0260 0.0073
262 0.1487 0.2715 0.5566 0.0167 0.0046 0.0018
263 0.1698 0.1333 0.6562 0.0156 0.0198 0.0052
264 0.0898 0.2155 0.6792 0.0022 0.0063 0.0069
265 0.0754 0.2491 0.6670 0.0038 0.0035 0.0012
266 0.0898 0.2559 0.6431 0.0045 0.0050 0.0017
267 0.0486 0.2031 0.7314 0.0119 0.0029 0.0022
268 0.4929 0.1423 0.3208 0.0027 0.0366 0.0045
269 0.0311 0.1498 0.7969 0.0147 0.0020 0.0054
270 0.1250 0.3320 0.5386 0.0014 0.0019 0.0009
271 0.0821 0.0923 0.8101 0.0045 0.0073 0.0037
272 0.2524 0.1372 0.5913 0.0033 0.0118 0.0041
273 0.0580 0.5898 0.3467 0.0033 0.0018 0.0005
274 0.0864 0.2040 0.6533 0.0238 0.0154 0.0174
275 0.1582 0.2842 0.4797 0.0309 0.0082 0.0388
276 0.1425 0.2241 0.5547 0.0181 0.0325 0.0283
277 0.0372 0.2773 0.6650 0.0138 0.0043 0.0021
278 0.1753 0.1409 0.6313 0.0188 0.0186 0.0151
279 0.0707 0.1892 0.7197 0.0091 0.0057 0.0058
280 0.5078 0.0698 0.3228 0.0293 0.0356 0.0345
281 0.2656 0.2272 0.4553 0.0089 0.0245 0.0186
282 0.3723 0.1704 0.4055 0.0087 0.0244 0.0187
283 0.1154 0.2522 0.4822 0.0177 0.0199 0.1127
284 0.1320 0.2664 0.5215 0.0599 0.0063 0.0137
285 0.1052 0.4717 0.4033 0.0090 0.0028 0.0080
286 0.1282 0.3198 0.5483 0.0013 0.0012 0.0010
287 0.0511 0.1197 0.8247 0.0024 0.0006 0.0016
288 0.1876 0.2467 0.5347 0.0072 0.0089 0.0150
289 0.2693 0.2798 0.3403 0.0216 0.0783 0.0108
290 0.3093 0.3242 0.3369 0.0106 0.0168 0.0023
291 0.2012 0.0943 0.5552 0.0819 0.0195 0.0478
292 0.0898 0.1026 0.7700 0.0262 0.0042 0.0071
293 0.6177 0.2168 0.1057 0.0032 0.0398 0.0167
294 0.3145 0.3853 0.2546 0.0030 0.0171 0.0254
295 0.1882 0.3203 0.4658 0.0198 0.0052 0.0006
296 0.2598 0.3811 0.3416 0.0096 0.0027 0.0053
297 0.1714 0.3462 0.3687 0.0354 0.0755 0.0028
298 0.1261 0.2432 0.6064 0.0089 0.0022 0.0131
299 0.0605 0.1595 0.7495 0.0108 0.0017 0.0182
300 0.0517 0.1461 0.7959 0.0015 0.0037 0.0010
301 0.2693 0.2001 0.5107 0.0034 0.0094 0.0073
302 0.0941 0.2294 0.6636 0.0065 0.0057 0.0006
303 0.1119 0.0812 0.7886 0.0077 0.0033 0.0072
304 0.1052 0.0958 0.7837 0.0088 0.0019 0.0047
305 0.4309 0.1525 0.3687 0.0210 0.0062 0.0208
306 0.1998 0.2607 0.3481 0.1373 0.0076 0.0464
307 0.1110 0.1566 0.1382 0.1298 0.0183 0.4460
308 0.1110 0.1566 0.1382 0.1298 0.0183 0.4460
