time exciting_prob fearful_prob tense_prob sad_prob relaxing_prob neutral_prob
0 0.1110 0.1566 0.1382 0.1298 0.0183 0.4460
1 0.0311 0.0638 0.0690 0.0807 0.7539 0.0013
2 0.0153 0.0257 0.0125 0.0198 0.9263 0.0003
3 0.0106 0.0259 0.0083 0.0199 0.9346 0.0009
4 0.0089 0.0113 0.0083 0.0047 0.9663 0.0006
5 0.0055 0.0257 0.0157 0.0044 0.9482 0.0007
6 0.0977 0.3491 0.3955 0.0213 0.1235 0.0128
7 0.1923 0.3000 0.3269 0.0286 0.1373 0.0148
8 0.0314 0.1569 0.2046 0.1250 0.4795 0.0028
9 0.1158 0.4268 0.1333 0.0895 0.2321 0.0027
10 0.0217 0.5264 0.2908 0.0538 0.1036 0.0039
11 0.0331 0.4753 0.3701 0.0339 0.0685 0.0192
12 0.0628 0.0679 0.5342 0.2407 0.0638 0.0306
13 0.2043 0.4001 0.2227 0.0390 0.1310 0.0028
14 0.1688 0.3521 0.3035 0.0389 0.1346 0.0023
15 0.0423 0.0834 0.2216 0.3950 0.2050 0.0526
16 0.0096 0.3484 0.5068 0.0686 0.0416 0.0247
17 0.0986 0.3718 0.4280 0.0106 0.0883 0.0025
18 0.1660 0.4207 0.3252 0.0210 0.0611 0.0061
19 0.1659 0.0490 0.2164 0.1534 0.3625 0.0526
20 0.1438 0.1819 0.1438 0.0497 0.4465 0.0342
21 0.0565 0.0772 0.2452 0.4878 0.0118 0.1214
22 0.2866 0.1711 0.0815 0.2981 0.1243 0.0382
23 0.1096 0.1261 0.1923 0.3071 0.2213 0.0436
24 0.1433 0.0970 0.2808 0.2186 0.2477 0.0127
25 0.2456 0.3411 0.0161 0.0132 0.3804 0.0038
26 0.2137 0.4456 0.0352 0.0102 0.2766 0.0187
27 0.1613 0.2292 0.0169 0.0247 0.4150 0.1527
28 0.1072 0.0514 0.0946 0.2913 0.4238 0.0317
29 0.0917 0.6172 0.0574 0.0163 0.1597 0.0578
30 0.0403 0.0479 0.0801 0.5923 0.1428 0.0967
31 0.2006 0.2761 0.2554 0.0377 0.2101 0.0200
32 0.1830 0.4937 0.2278 0.0283 0.0580 0.0092
33 0.3843 0.1859 0.1948 0.0438 0.1732 0.0180
34 0.1445 0.1492 0.5044 0.1743 0.0196 0.0080
35 0.0911 0.3308 0.0621 0.0617 0.4116 0.0427
36 0.0640 0.3354 0.1882 0.3801 0.0172 0.0150
37 0.1813 0.4417 0.0955 0.1770 0.0955 0.0092
38 0.1141 0.5034 0.2115 0.0822 0.0778 0.0110
39 0.1019 0.6050 0.2812 0.0074 0.0034 0.0009
40 0.2150 0.1500 0.1169 0.4016 0.0842 0.0322
41 0.1387 0.2800 0.5400 0.0168 0.0132 0.0114
42 0.2830 0.4888 0.1152 0.0404 0.0424 0.0303
43 0.3345 0.3142 0.1165 0.0309 0.1997 0.0041
44 0.1534 0.3860 0.1523 0.0232 0.2822 0.0029
45 0.1117 0.0912 0.2222 0.2898 0.0830 0.2023
46 0.0574 0.0977 0.2573 0.2917 0.0343 0.2615
47 0.0274 0.3416 0.4385 0.1237 0.0276 0.0411
48 0.1774 0.2664 0.3528 0.0657 0.1318 0.0061
49 0.0767 0.4084 0.1346 0.1305 0.2256 0.0241
50 0.0588 0.1884 0.0829 0.0698 0.5942 0.0060
51 0.0756 0.2808 0.4705 0.1135 0.0496 0.0101
52 0.0613 0.4287 0.4155 0.0684 0.0054 0.0205
53 0.0264 0.7842 0.1644 0.0165 0.0052 0.0033
54 0.0920 0.5508 0.3289 0.0111 0.0103 0.0073
55 0.0656 0.5986 0.2786 0.0389 0.0161 0.0021
56 0.1392 0.4490 0.2681 0.0571 0.0603 0.0263
57 0.1000 0.4697 0.2399 0.0487 0.1151 0.0267
58 0.0771 0.2954 0.2000 0.1792 0.0901 0.1582
59 0.2673 0.3921 0.0583 0.0061 0.2715 0.0047
60 0.2004 0.4846 0.0715 0.0330 0.1958 0.0146
61 0.1781 0.0687 0.7383 0.0059 0.0055 0.0038
62 0.0903 0.6074 0.2632 0.0056 0.0317 0.0018
63 0.3127 0.1741 0.3545 0.0544 0.1024 0.0019
64 0.3960 0.0602 0.2274 0.0368 0.2700 0.0095
65 0.1283 0.2715 0.3889 0.1323 0.0720 0.0070
66 0.2156 0.3875 0.0262 0.0242 0.2971 0.0496
67 0.0573 0.0446 0.4651 0.3977 0.0097 0.0254
68 0.0581 0.2408 0.5913 0.1044 0.0028 0.0024
69 0.1053 0.5513 0.1532 0.1763 0.0058 0.0081
70 0.2827 0.1040 0.4446 0.0810 0.0704 0.0174
71 0.2488 0.1332 0.3401 0.2230 0.0429 0.0121
72 0.2285 0.1453 0.3430 0.1865 0.0874 0.0092
73 0.2559 0.1317 0.3040 0.1528 0.0642 0.0912
74 0.2482 0.4124 0.1732 0.0679 0.0800 0.0183
75 0.1880 0.2734 0.2910 0.1659 0.0539 0.0277
76 0.0499 0.3862 0.4111 0.0992 0.0427 0.0110
77 0.1427 0.0859 0.2142 0.3215 0.2316 0.0042
78 0.0667 0.2766 0.2054 0.1677 0.2766 0.0071
79 0.0558 0.2137 0.4385 0.2384 0.0421 0.0115
80 0.0875 0.3301 0.3406 0.1740 0.0650 0.0032
81 0.0485 0.3369 0.1427 0.4062 0.0425 0.0231
82 0.0403 0.5269 0.2866 0.1006 0.0433 0.0023
83 0.1985 0.2510 0.4268 0.0952 0.0226 0.0059
84 0.1854 0.1255 0.0947 0.4380 0.0904 0.0661
85 0.2537 0.3181 0.1899 0.0926 0.1246 0.0211
86 0.1188 0.3333 0.3440 0.0955 0.1065 0.0020
87 0.1104 0.1462 0.1261 0.3323 0.2629 0.0221
88 0.0102 0.0355 0.0129 0.3311 0.6089 0.0011
89 0.0602 0.7114 0.1885 0.0068 0.0315 0.0017
90 0.2617 0.3035 0.1346 0.0715 0.2169 0.0119
91 0.2561 0.3843 0.0885 0.2190 0.0360 0.0161
92 0.3025 0.3823 0.0696 0.1606 0.0081 0.0770
93 0.1486 0.5068 0.1440 0.1232 0.0670 0.0104
94 0.0994 0.6133 0.0532 0.1237 0.1066 0.0040
95 0.1898 0.4885 0.2698 0.0149 0.0310 0.0060
96 0.2642 0.2122 0.1614 0.0728 0.2878 0.0018
97 0.2333 0.3342 0.1720 0.0980 0.1531 0.0093
98 0.0610 0.5884 0.2032 0.0923 0.0494 0.0058
99 0.2064 0.1685 0.2910 0.2756 0.0514 0.0072
100 0.2153 0.3494 0.1562 0.1870 0.0704 0.0215
101 0.0964 0.3113 0.0528 0.4600 0.0580 0.0217
102 0.2367 0.1136 0.1858 0.2241 0.2295 0.0102
103 0.3413 0.1625 0.2896 0.1285 0.0566 0.0216
104 0.1683 0.6206 0.0620 0.0321 0.0573 0.0596
105 0.0778 0.2803 0.3486 0.2715 0.0170 0.0049
106 0.2764 0.2764 0.1649 0.1285 0.0970 0.0570
107 0.3967 0.2834 0.0326 0.0358 0.2242 0.0274
108 0.1803 0.1404 0.4602 0.1426 0.0306 0.0459
109 0.2218 0.1466 0.1141 0.1989 0.2761 0.0427
110 0.1469 0.2722 0.1237 0.1652 0.2681 0.0242
111 0.2161 0.6157 0.0193 0.0501 0.0659 0.0329
112 0.6372 0.1929 0.1367 0.0101 0.0202 0.0028
113 0.6641 0.1932 0.0787 0.0215 0.0396 0.0030
114 0.1545 0.3147 0.0453 0.0164 0.4268 0.0423
115 0.0525 0.2561 0.4094 0.2227 0.0294 0.0299
116 0.0826 0.4944 0.2773 0.1103 0.0254 0.0102
117 0.1080 0.1453 0.0307 0.5928 0.0697 0.0534
118 0.0677 0.3154 0.2534 0.1770 0.1562 0.0300
119 0.2385 0.4456 0.1042 0.0455 0.0994 0.0668
120 0.1017 0.2764 0.0193 0.0305 0.5005 0.0715
121 0.1864 0.1849 0.0123 0.0193 0.5742 0.0230
122 0.1477 0.1366 0.0137 0.0175 0.6777 0.0069
123 0.1920 0.5264 0.1310 0.0517 0.0922 0.0070
124 0.1439 0.7192 0.0406 0.0224 0.0581 0.0155
125 0.1382 0.4712 0.1604 0.1329 0.0537 0.0435
126 0.7915 0.0660 0.0875 0.0403 0.0127 0.0019
127 0.2310 0.2383 0.3157 0.1538 0.0291 0.0320
128 0.4958 0.2673 0.1987 0.0115 0.0245 0.0021
129 0.0437 0.0511 0.0026 0.0065 0.8853 0.0109
130 0.0105 0.0058 0.0005 0.0054 0.9756 0.0020
131 0.7798 0.1205 0.0370 0.0100 0.0401 0.0125
132 0.1469 0.2205 0.1744 0.2832 0.1218 0.0532
133 0.2998 0.3293 0.0701 0.0740 0.2142 0.0124
134 0.1378 0.4380 0.0593 0.0574 0.2698 0.0377
135 0.3240 0.1299 0.0757 0.0769 0.3091 0.0845
136 0.1606 0.3735 0.1241 0.0193 0.2864 0.0359
137 0.2734 0.3147 0.0353 0.0620 0.3027 0.0120
138 0.1797 0.2052 0.0345 0.0317 0.5405 0.0083
139 0.2272 0.1854 0.0215 0.0215 0.5405 0.0037
140 0.3103 0.4275 0.0931 0.0189 0.0743 0.0760
141 0.2837 0.1748 0.2043 0.2092 0.0996 0.0281
142 0.1757 0.2238 0.1975 0.2308 0.1575 0.0148
143 0.0821 0.7036 0.0771 0.0081 0.0952 0.0337
144 0.0197 0.4050 0.0274 0.5122 0.0080 0.0278
145 0.2300 0.2507 0.0409 0.1764 0.2195 0.0826
146 0.0372 0.8525 0.0463 0.0115 0.0435 0.0091
147 0.0779 0.8120 0.0557 0.0207 0.0287 0.0048
148 0.1617 0.5913 0.0347 0.0659 0.1416 0.0048
149 0.0290 0.4294 0.5020 0.0238 0.0134 0.0023
150 0.0966 0.4397 0.2317 0.0355 0.1630 0.0336
151 0.2194 0.1290 0.1212 0.2688 0.2229 0.0387
152 0.1689 0.2186 0.0327 0.0191 0.5498 0.0110
153 0.2319 0.3347 0.1710 0.0241 0.2128 0.0254
154 0.1981 0.3877 0.0907 0.0336 0.1460 0.1438
155 0.1460 0.3845 0.1934 0.1641 0.0541 0.0580
156 0.1981 0.1394 0.0482 0.1483 0.0690 0.3970
157 0.0280 0.0303 0.0202 0.5903 0.2832 0.0477
158 0.0705 0.5376 0.1993 0.1218 0.0541 0.0166
159 0.2717 0.4375 0.0924 0.0587 0.1244 0.0153
160 0.1539 0.6333 0.0824 0.0294 0.0540 0.0470
161 0.2046 0.4756 0.1231 0.0324 0.1581 0.0063
162 0.1102 0.4709 0.2462 0.0500 0.1043 0.0183
163 0.1186 0.2147 0.1659 0.1302 0.3076 0.0630
164 0.3477 0.0879 0.1094 0.3020 0.0489 0.1044
165 0.4597 0.1614 0.0540 0.1296 0.1458 0.0496
166 0.2590 0.0625 0.0273 0.3542 0.1132 0.1837
167 0.2407 0.0865 0.0470 0.3728 0.0653 0.1875
168 0.3171 0.0719 0.0828 0.2935 0.1453 0.0895
169 0.1572 0.0436 0.4766 0.0983 0.1500 0.0742
170 0.1799 0.0434 0.1091 0.4453 0.1276 0.0948
171 0.2003 0.0282 0.1796 0.4958 0.0388 0.0574
172 0.1357 0.2458 0.1337 0.0704 0.3635 0.0508
173 0.2681 0.3389 0.1704 0.0793 0.0844 0.0589
174 0.2332 0.4158 0.2406 0.0235 0.0711 0.0160
175 0.2289 0.3865 0.1610 0.0374 0.1782 0.0080
176 0.1697 0.0777 0.4136 0.1724 0.0867 0.0801
177 0.2241 0.4121 0.1801 0.1075 0.0642 0.0121
178 0.1201 0.2158 0.2522 0.0497 0.2563 0.1060
179 0.1461 0.3789 0.2029 0.0770 0.1655 0.0294
180 0.3872 0.2991 0.1539 0.0694 0.0684 0.0220
181 0.0756 0.0399 0.5010 0.0197 0.3040 0.0598
182 0.3403 0.0759 0.3352 0.0252 0.1418 0.0815
183 0.0646 0.2476 0.2986 0.0817 0.1207 0.1869
184 0.3823 0.2112 0.0777 0.0730 0.1923 0.0634
185 0.4932 0.1843 0.0338 0.2189 0.0617 0.0082
186 0.3701 0.3191 0.0590 0.0936 0.1383 0.0198
187 0.3320 0.1967 0.2029 0.0226 0.2429 0.0030
188 0.1021 0.2283 0.3884 0.2319 0.0361 0.0133
189 0.1562 0.1433 0.1315 0.1456 0.4148 0.0086
190 0.1142 0.2235 0.1115 0.3892 0.1366 0.0249
191 0.0165 0.7812 0.0683 0.1295 0.0026 0.0018
192 0.1198 0.3926 0.1550 0.2827 0.0444 0.0054
193 0.1262 0.1895 0.2216 0.3027 0.1522 0.0076
194 0.0434 0.0798 0.2344 0.3689 0.0280 0.2457
195 0.0692 0.0316 0.2064 0.1793 0.5029 0.0106
196 0.0621 0.0253 0.4731 0.2271 0.2067 0.0058
197 0.2913 0.3433 0.2673 0.0502 0.0257 0.0225
198 0.4607 0.1696 0.2708 0.0629 0.0186 0.0175
199 0.6377 0.1276 0.1515 0.0473 0.0278 0.0078
200 0.1315 0.1942 0.3252 0.2235 0.1142 0.0113
201 0.0942 0.4290 0.2261 0.1874 0.0554 0.0079
202 0.2494 0.3628 0.1345 0.0247 0.2117 0.0170
203 0.1497 0.2076 0.4983 0.0614 0.0826 0.0005
204 0.0307 0.2266 0.1879 0.5186 0.0132 0.0231
205 0.0693 0.2827 0.4312 0.1561 0.0515 0.0092
206 0.1982 0.4197 0.0826 0.0546 0.2335 0.0114
207 0.0558 0.7881 0.0978 0.0357 0.0079 0.0148
208 0.3210 0.2312 0.1873 0.1034 0.1403 0.0171
209 0.1990 0.2102 0.1316 0.1099 0.3386 0.0107
210 0.0242 0.1626 0.3901 0.3665 0.0473 0.0092
211 0.0605 0.2668 0.1953 0.2546 0.1835 0.0391
212 0.1038 0.5151 0.1821 0.0267 0.1685 0.0040
213 0.2639 0.3608 0.1181 0.0164 0.2385 0.0021
214 0.0770 0.1310 0.1981 0.2045 0.3760 0.0135
215 0.0960 0.2002 0.2571 0.0803 0.3596 0.0070
216 0.1255 0.2988 0.0750 0.0143 0.4700 0.0166
217 0.1299 0.0752 0.2209 0.1860 0.3643 0.0235
218 0.2664 0.0757 0.1980 0.0751 0.3757 0.0090
219 0.0524 0.0878 0.4460 0.1060 0.2971 0.0107
220 0.1108 0.0421 0.2382 0.0933 0.5044 0.0116
221 0.1108 0.5498 0.0762 0.0383 0.2119 0.0131
222 0.1898 0.0298 0.0346 0.2020 0.4771 0.0667
223 0.2245 0.0734 0.3118 0.1804 0.1890 0.0210
224 0.0719 0.0288 0.0382 0.0803 0.7734 0.0076
225 0.0292 0.5859 0.2600 0.0392 0.0793 0.0065
226 0.1499 0.1385 0.0736 0.0245 0.6069 0.0067
227 0.0678 0.5859 0.2900 0.0084 0.0452 0.0028
228 0.0424 0.5371 0.3662 0.0073 0.0455 0.0017
229 0.0252 0.5605 0.3914 0.0024 0.0189 0.0013
230 0.1793 0.1849 0.0945 0.4651 0.0724 0.0038
231 0.2413 0.1793 0.0867 0.4170 0.0742 0.0013
