time exciting_prob fearful_prob tense_prob sad_prob relaxing_prob neutral_prob
0 0.1525 0.0544 0.1598 0.4624 0.0709 0.1000
1 0.1209 0.0763 0.3784 0.3843 0.0285 0.0116
2 0.2600 0.2122 0.4421 0.0315 0.0528 0.0012
3 0.1151 0.1854 0.5938 0.0925 0.0046 0.0084
4 0.1123 0.2286 0.5034 0.0945 0.0606 0.0008
5 0.5166 0.0912 0.0377 0.1066 0.2137 0.0341
6 0.6729 0.0058 0.2324 0.0407 0.0008 0.0476
7 0.2673 0.2693 0.3828 0.0681 0.0109 0.0016
8 0.1073 0.4019 0.4050 0.0616 0.0195 0.0046
9 0.0465 0.2036 0.3381 0.2634 0.0105 0.1377
10 0.2108 0.0609 0.5732 0.1270 0.0131 0.0152
11 0.1666 0.1404 0.4897 0.1517 0.0474 0.0042
12 0.1538 0.1090 0.5283 0.0451 0.0051 0.1587
13 0.1153 0.1718 0.4490 0.2189 0.0100 0.0352
14 0.2002 0.0385 0.1511 0.5659 0.0365 0.0076
15 0.4509 0.0960 0.2510 0.1608 0.0345 0.0067
16 0.4775 0.1855 0.0536 0.0527 0.2136 0.0170
17 0.4810 0.1274 0.0955 0.1455 0.1124 0.0383
18 0.4963 0.1057 0.2152 0.1161 0.0115 0.0553
19 0.5571 0.1159 0.2252 0.0543 0.0130 0.0343
20 0.2208 0.1980 0.4126 0.0838 0.0652 0.0196
21 0.6274 0.0890 0.1125 0.0744 0.0940 0.0024
22 0.6611 0.2064 0.1158 0.0106 0.0043 0.0020
23 0.5151 0.2957 0.1620 0.0089 0.0175 0.0009
24 0.5991 0.1423 0.0811 0.0263 0.1479 0.0032
25 0.3110 0.0878 0.4597 0.0694 0.0247 0.0473
26 0.3906 0.0928 0.2947 0.1309 0.0106 0.0806
27 0.2245 0.0586 0.2583 0.3586 0.0546 0.0453
28 0.1711 0.1836 0.3350 0.1780 0.0777 0.0547
29 0.5396 0.1096 0.1582 0.1698 0.0091 0.0138
30 0.6382 0.0622 0.0622 0.0411 0.1901 0.0065
31 0.6880 0.0848 0.0552 0.0275 0.1398 0.0047
32 0.5308 0.1231 0.1473 0.1406 0.0573 0.0012
33 0.3333 0.0491 0.1929 0.3958 0.0243 0.0048
34 0.1659 0.0960 0.6929 0.0254 0.0159 0.0037
35 0.3804 0.2417 0.1727 0.1561 0.0476 0.0015
36 0.4583 0.1038 0.1476 0.1713 0.0771 0.0420
37 0.3799 0.0650 0.4512 0.0737 0.0135 0.0168
38 0.6938 0.1610 0.0790 0.0472 0.0063 0.0126
39 0.2167 0.0896 0.4377 0.1304 0.1064 0.0192
40 0.3901 0.1401 0.2788 0.1002 0.0818 0.0091
41 0.7319 0.0895 0.0655 0.0204 0.0895 0.0031
42 0.3936 0.0800 0.1566 0.0366 0.3315 0.0018
43 0.4377 0.0809 0.3572 0.1024 0.0043 0.0176
44 0.2900 0.0182 0.5171 0.1425 0.0111 0.0215
45 0.5396 0.0356 0.3708 0.0453 0.0046 0.0038
46 0.3213 0.0428 0.5552 0.0459 0.0113 0.0235
47 0.1190 0.4385 0.3159 0.0617 0.0594 0.0056
48 0.1271 0.0718 0.6768 0.0930 0.0158 0.0157
49 0.3994 0.0589 0.0383 0.3015 0.0627 0.1392
50 0.0422 0.4902 0.2881 0.1146 0.0152 0.0497
51 0.0334 0.2795 0.5474 0.0432 0.0846 0.0116
52 0.2600 0.0242 0.0418 0.5254 0.1051 0.0435
53 0.6011 0.0735 0.0839 0.1592 0.0729 0.0096
54 0.3193 0.0814 0.1968 0.2161 0.0997 0.0866
55 0.0902 0.3352 0.2529 0.1970 0.0494 0.0754
56 0.6182 0.0544 0.0308 0.0346 0.2383 0.0238
57 0.4355 0.1219 0.0585 0.1541 0.1437 0.0864
58 0.1876 0.1643 0.0826 0.3047 0.0482 0.2126
59 0.3630 0.1356 0.2494 0.1989 0.0115 0.0417
60 0.4355 0.1219 0.3186 0.0878 0.0168 0.0194
61 0.1021 0.0908 0.1251 0.4795 0.0367 0.1658
62 0.1117 0.4023 0.4702 0.0121 0.0037 0.0000
63 0.4707 0.1482 0.3445 0.0193 0.0170 0.0003
64 0.2185 0.0897 0.2382 0.3574 0.0447 0.0515
65 0.0563 0.1289 0.7534 0.0412 0.0074 0.0126
66 0.5625 0.1501 0.1255 0.0849 0.0732 0.0038
67 0.0448 0.0341 0.9141 0.0022 0.0021 0.0024
68 0.2700 0.1189 0.1296 0.3779 0.0780 0.0255
69 0.1151 0.2362 0.4773 0.0947 0.0495 0.0271
70 0.2385 0.1470 0.3311 0.2312 0.0132 0.0389
71 0.0861 0.2800 0.4875 0.1122 0.0185 0.0157
72 0.2358 0.0416 0.0854 0.2651 0.0569 0.3149
73 0.1158 0.1794 0.0895 0.4841 0.0592 0.0720
74 0.0352 0.3015 0.6582 0.0023 0.0015 0.0013
75 0.3457 0.0615 0.0350 0.3403 0.1909 0.0267
76 0.0670 0.1131 0.6113 0.1301 0.0219 0.0564
77 0.0724 0.2213 0.4834 0.1737 0.0203 0.0288
78 0.6123 0.1089 0.0646 0.1098 0.0992 0.0049
79 0.2217 0.0834 0.2360 0.3889 0.0247 0.0454
80 0.3054 0.1283 0.2288 0.2717 0.0310 0.0348
81 0.0782 0.0490 0.5776 0.2605 0.0030 0.0316
82 0.5903 0.0617 0.0678 0.1858 0.0850 0.0094
83 0.5249 0.1237 0.1436 0.0220 0.1731 0.0126
84 0.0960 0.0410 0.6875 0.1006 0.0178 0.0573
85 0.1692 0.2156 0.4221 0.1392 0.0463 0.0075
86 0.0882 0.2435 0.5752 0.0772 0.0042 0.0118
87 0.0897 0.1065 0.5161 0.2761 0.0025 0.0090
88 0.3059 0.1975 0.3989 0.0458 0.0507 0.0011
89 0.5664 0.1727 0.1399 0.0784 0.0414 0.0013
90 0.4319 0.2104 0.0978 0.0336 0.2223 0.0041
91 0.2211 0.2583 0.4360 0.0568 0.0166 0.0110
92 0.1234 0.4766 0.3406 0.0531 0.0042 0.0020
93 0.3330 0.0969 0.4080 0.0253 0.1356 0.0014
94 0.2239 0.0677 0.4182 0.2659 0.0142 0.0099
95 0.4336 0.1167 0.3052 0.1030 0.0403 0.0011
96 0.1183 0.0240 0.1593 0.6011 0.0035 0.0936
97 0.4307 0.1150 0.3459 0.0848 0.0213 0.0025
98 0.5244 0.1433 0.1422 0.0993 0.0897 0.0010
99 0.3142 0.0623 0.3909 0.1761 0.0509 0.0056
100 0.2874 0.0926 0.1246 0.4417 0.0064 0.0473
101 0.7412 0.0793 0.0845 0.0387 0.0508 0.0054
102 0.1552 0.0870 0.0864 0.4597 0.0891 0.1227
103 0.7344 0.1075 0.0721 0.0261 0.0594 0.0003
104 0.4390 0.1948 0.1517 0.1844 0.0183 0.0119
105 0.4050 0.2134 0.3010 0.0677 0.0054 0.0077
106 0.1169 0.2324 0.1525 0.4846 0.0132 0.0004
107 0.3660 0.2805 0.2827 0.0557 0.0150 0.0000
108 0.4231 0.1121 0.1848 0.0275 0.2507 0.0019
109 0.4624 0.1702 0.0842 0.0282 0.2307 0.0241
110 0.3423 0.1567 0.2666 0.1077 0.1061 0.0206
111 0.4441 0.2081 0.2034 0.0288 0.1105 0.0050
112 0.2340 0.0660 0.3513 0.1534 0.1149 0.0803
113 0.1851 0.1559 0.5112 0.0359 0.0923 0.0197
114 0.2744 0.3013 0.3335 0.0071 0.0811 0.0025
115 0.5542 0.1503 0.2402 0.0076 0.0462 0.0016
116 0.3779 0.1842 0.3633 0.0401 0.0330 0.0015
117 0.0304 0.3093 0.5962 0.0471 0.0048 0.0120
118 0.7349 0.1093 0.0871 0.0199 0.0445 0.0045
119 0.2830 0.2421 0.3083 0.0386 0.1266 0.0016
120 0.1302 0.3623 0.4546 0.0514 0.0002 0.0013
121 0.6875 0.1823 0.1167 0.0101 0.0029 0.0004
122 0.4187 0.1932 0.3364 0.0109 0.0338 0.0068
123 0.5244 0.2086 0.1337 0.0335 0.0850 0.0148
124 0.1768 0.1622 0.1838 0.0992 0.0151 0.3628
125 0.3081 0.2615 0.3411 0.0287 0.0552 0.0053
126 0.4307 0.2034 0.2571 0.0423 0.0650 0.0016
127 0.2666 0.2883 0.3218 0.0782 0.0396 0.0054
128 0.5269 0.0468 0.0742 0.1938 0.1281 0.0304
129 0.1245 0.2037 0.4626 0.1008 0.0985 0.0097
130 0.7612 0.1343 0.0630 0.0106 0.0304 0.0006
131 0.2734 0.3948 0.2197 0.0314 0.0707 0.0101
132 0.2522 0.1934 0.4324 0.0599 0.0604 0.0016
133 0.1348 0.2329 0.4353 0.1871 0.0082 0.0017
134 0.3640 0.1641 0.3845 0.0270 0.0537 0.0067
135 0.4727 0.1534 0.2114 0.0569 0.0854 0.0203
136 0.3369 0.2625 0.1372 0.1004 0.1617 0.0012
137 0.4963 0.2656 0.1024 0.0289 0.0970 0.0098
138 0.1888 0.3501 0.3936 0.0623 0.0036 0.0014
139 0.0900 0.0859 0.5874 0.1484 0.0204 0.0680
140 0.3257 0.1490 0.3333 0.1198 0.0152 0.0570
141 0.3916 0.2866 0.1185 0.0790 0.1194 0.0048
142 0.2404 0.1401 0.0721 0.5166 0.0043 0.0263
143 0.5586 0.0673 0.0251 0.0986 0.2365 0.0140
144 0.3606 0.0289 0.0421 0.4216 0.1144 0.0325
145 0.4321 0.2834 0.2207 0.0421 0.0015 0.0204
146 0.0478 0.1231 0.7192 0.1053 0.0037 0.0007
147 0.3799 0.2358 0.2756 0.0660 0.0403 0.0023
148 0.6289 0.1802 0.1259 0.0321 0.0248 0.0080
149 0.4702 0.1503 0.2291 0.1217 0.0088 0.0200
150 0.2910 0.1594 0.3350 0.1737 0.0379 0.0030
151 0.2537 0.3521 0.3691 0.0200 0.0040 0.0011
152 0.7573 0.1143 0.0458 0.0289 0.0527 0.0011
153 0.7471 0.0906 0.0212 0.0212 0.1182 0.0018
154 0.3655 0.2847 0.2416 0.0924 0.0089 0.0069
155 0.3652 0.2693 0.1851 0.1499 0.0173 0.0131
156 0.2686 0.1019 0.4497 0.1471 0.0183 0.0143
157 0.2452 0.3623 0.2693 0.1071 0.0137 0.0022
158 0.5767 0.1348 0.1614 0.0536 0.0667 0.0069
159 0.4880 0.1141 0.1254 0.1956 0.0583 0.0188
160 0.3379 0.0809 0.2065 0.2759 0.0703 0.0284
161 0.3606 0.2942 0.3335 0.0077 0.0018 0.0023
162 0.1885 0.0870 0.4521 0.1637 0.0856 0.0230
163 0.7339 0.0993 0.0836 0.0191 0.0598 0.0045
164 0.5879 0.1464 0.1194 0.1014 0.0307 0.0143
165 0.1924 0.1440 0.6406 0.0113 0.0099 0.0019
166 0.1136 0.1787 0.4155 0.1993 0.0080 0.0851
167 0.2773 0.1290 0.5562 0.0240 0.0073 0.0064
168 0.1533 0.2979 0.4470 0.0702 0.0059 0.0258
169 0.1309 0.0604 0.2625 0.3315 0.1372 0.0776
170 0.3367 0.1844 0.2388 0.1859 0.0481 0.0061
171 0.0947 0.0661 0.8052 0.0325 0.0010 0.0004
172 0.1832 0.1036 0.4641 0.2352 0.0098 0.0040
173 0.1294 0.2595 0.5366 0.0335 0.0359 0.0053
174 0.1493 0.0878 0.1902 0.4600 0.0987 0.0140
175 0.2273 0.3386 0.2742 0.1467 0.0095 0.0037
176 0.3369 0.2159 0.3318 0.0486 0.0619 0.0050
177 0.2542 0.2949 0.2561 0.1448 0.0445 0.0055
178 0.3491 0.2720 0.2576 0.0977 0.0202 0.0035
179 0.3804 0.1854 0.3357 0.0693 0.0249 0.0043
180 0.1592 0.2076 0.4941 0.0559 0.0604 0.0228
181 0.1805 0.3562 0.3853 0.0559 0.0144 0.0079
182 0.2744 0.1412 0.3259 0.1917 0.0540 0.0126
183 0.4814 0.1901 0.2153 0.0774 0.0328 0.0028
184 0.0511 0.2039 0.3691 0.3469 0.0126 0.0163
185 0.3918 0.1924 0.3376 0.0564 0.0193 0.0023
186 0.4033 0.1630 0.2771 0.1340 0.0172 0.0053
187 0.6274 0.2070 0.0926 0.0411 0.0294 0.0024
188 0.1365 0.2002 0.5151 0.0983 0.0104 0.0394
189 0.1832 0.0233 0.5303 0.2465 0.0065 0.0105
190 0.1351 0.0147 0.8022 0.0387 0.0053 0.0038
191 0.4758 0.1581 0.0908 0.0339 0.2356 0.0058
192 0.3425 0.1310 0.0680 0.1260 0.3269 0.0058
193 0.3018 0.2661 0.1692 0.1859 0.0270 0.0500
194 0.5386 0.1694 0.1438 0.1383 0.0030 0.0072
195 0.3779 0.2498 0.1650 0.0856 0.1189 0.0028
196 0.4172 0.0337 0.5356 0.0090 0.0018 0.0024
197 0.1561 0.0755 0.3630 0.3411 0.0540 0.0105
198 0.1128 0.2522 0.3530 0.2333 0.0418 0.0069
199 0.3311 0.1017 0.5415 0.0234 0.0021 0.0002
200 0.2830 0.1960 0.2328 0.2617 0.0211 0.0051
201 0.3931 0.1731 0.1691 0.1401 0.1171 0.0074
202 0.2974 0.1803 0.4751 0.0415 0.0041 0.0016
203 0.0525 0.0493 0.3704 0.4756 0.0050 0.0471
204 0.3137 0.2368 0.1229 0.2296 0.0851 0.0118
205 0.3159 0.1162 0.1678 0.3135 0.0637 0.0229
206 0.2698 0.1098 0.3057 0.2961 0.0129 0.0057
207 0.0586 0.0453 0.7476 0.1201 0.0027 0.0258
208 0.7705 0.0533 0.0268 0.1268 0.0127 0.0098
209 0.2791 0.1747 0.1888 0.3042 0.0313 0.0217
210 0.3032 0.1206 0.1741 0.2871 0.0651 0.0499
211 0.2639 0.2089 0.3931 0.0948 0.0038 0.0354
212 0.1095 0.0929 0.7842 0.0076 0.0053 0.0006
213 0.0195 0.0476 0.7212 0.1881 0.0043 0.0192
214 0.2026 0.0408 0.4355 0.2522 0.0219 0.0470
215 0.2363 0.0636 0.2290 0.3281 0.0166 0.1265
216 0.4209 0.1254 0.2362 0.1898 0.0161 0.0116
217 0.6943 0.0335 0.1326 0.1188 0.0161 0.0045
218 0.2032 0.1865 0.4106 0.1149 0.0760 0.0086
219 0.0203 0.0992 0.8564 0.0226 0.0007 0.0005
220 0.6079 0.1958 0.1797 0.0088 0.0014 0.0066
221 0.1152 0.0499 0.7930 0.0162 0.0202 0.0055
222 0.1111 0.0105 0.1721 0.6807 0.0094 0.0163
223 0.2048 0.3027 0.2377 0.1940 0.0539 0.0068
224 0.3933 0.0964 0.3582 0.0197 0.1267 0.0058
225 0.2152 0.0206 0.1305 0.6128 0.0135 0.0072
226 0.5967 0.0707 0.1311 0.1937 0.0056 0.0019
227 0.1707 0.0928 0.6748 0.0489 0.0102 0.0028
228 0.1415 0.0264 0.1268 0.6802 0.0212 0.0040
229 0.7036 0.0639 0.1176 0.0827 0.0316 0.0006
230 0.4331 0.0866 0.1556 0.2527 0.0649 0.0071
231 0.3030 0.0945 0.2131 0.3005 0.0834 0.0055
232 0.4099 0.2263 0.0880 0.0958 0.1791 0.0010
233 0.5449 0.0371 0.3804 0.0315 0.0037 0.0027
234 0.3230 0.0229 0.2086 0.4021 0.0155 0.0280
235 0.1194 0.3564 0.2283 0.2063 0.0221 0.0675
236 0.0718 0.3730 0.2905 0.0707 0.0063 0.1876
237 0.1993 0.0844 0.0818 0.2810 0.0678 0.2856
238 0.1136 0.1553 0.1349 0.1288 0.0181 0.4492
239 0.1136 0.1553 0.1349 0.1288 0.0181 0.4492
240 0.1136 0.1553 0.1349 0.1288 0.0181 0.4492
241 0.7422 0.1069 0.0409 0.0859 0.0201 0.0037
242 0.7915 0.0703 0.0394 0.0809 0.0162 0.0018
243 0.7905 0.0702 0.0400 0.0808 0.0165 0.0018
244 0.7905 0.0702 0.0400 0.0808 0.0165 0.0018
245 0.7925 0.0692 0.0395 0.0809 0.0163 0.0018
