time exciting_prob fearful_prob tense_prob sad_prob relaxing_prob neutral_prob
0 0.1136 0.1553 0.1349 0.1288 0.0181 0.4492
1 0.0439 0.1405 0.3320 0.4131 0.0624 0.0082
2 0.1127 0.1516 0.1887 0.4819 0.0190 0.0462
3 0.0384 0.1027 0.4126 0.3999 0.0090 0.0372
4 0.0938 0.1407 0.2214 0.4614 0.0373 0.0453
5 0.1240 0.1279 0.2281 0.4753 0.0281 0.0164
6 0.1080 0.0867 0.1808 0.5654 0.0279 0.0309
7 0.1300 0.0577 0.2666 0.4753 0.0260 0.0442
8 0.1738 0.2394 0.1879 0.3708 0.0163 0.0118
9 0.3347 0.1373 0.3452 0.1384 0.0358 0.0086
10 0.1111 0.0695 0.1567 0.6006 0.0509 0.0110
11 0.0608 0.0536 0.0844 0.4778 0.0335 0.2898
12 0.0659 0.0403 0.0542 0.4502 0.0331 0.3562
13 0.1133 0.0767 0.1031 0.5195 0.0539 0.1334
14 0.0740 0.0781 0.1146 0.6699 0.0369 0.0266
15 0.1014 0.1671 0.1140 0.3767 0.0246 0.2163
16 0.1075 0.1541 0.0927 0.4421 0.0303 0.1732
17 0.0763 0.2314 0.0728 0.3906 0.0262 0.2026
18 0.1046 0.1062 0.1498 0.5312 0.0189 0.0894
19 0.0604 0.1019 0.1230 0.6543 0.0204 0.0399
20 0.0781 0.0699 0.1425 0.6045 0.0369 0.0684
21 0.1503 0.1515 0.0863 0.4382 0.0593 0.1143
22 0.1370 0.2404 0.0824 0.3723 0.0562 0.1118
23 0.0429 0.0331 0.0186 0.5386 0.0133 0.3533
24 0.0518 0.0778 0.0237 0.4141 0.0247 0.4077
25 0.0336 0.1257 0.1092 0.4387 0.0140 0.2788
26 0.1151 0.1700 0.1334 0.4658 0.0116 0.1039
27 0.2781 0.2695 0.0760 0.2454 0.0095 0.1215
28 0.3518 0.1133 0.0237 0.3833 0.0064 0.1215
29 0.2295 0.3813 0.0166 0.1979 0.0120 0.1627
30 0.2174 0.4224 0.0283 0.1210 0.0132 0.1979
31 0.3828 0.3948 0.0314 0.1243 0.0116 0.0551
32 0.1567 0.0542 0.0105 0.5137 0.0220 0.2427
33 0.0366 0.1277 0.1565 0.5293 0.0028 0.1470
34 0.0338 0.1732 0.1154 0.4934 0.0027 0.1815
35 0.0397 0.3853 0.2264 0.2468 0.0013 0.1005
36 0.0363 0.2664 0.1720 0.3369 0.0023 0.1860
37 0.0845 0.1416 0.2603 0.3730 0.0056 0.1350
38 0.2996 0.3501 0.0341 0.2561 0.0077 0.0525
39 0.0886 0.4033 0.0201 0.1060 0.0061 0.3760
40 0.0235 0.1219 0.0279 0.4602 0.0025 0.3640
41 0.0184 0.1450 0.0281 0.6011 0.0030 0.2045
42 0.0429 0.0853 0.2549 0.5742 0.0061 0.0367
43 0.1791 0.4163 0.1696 0.1997 0.0075 0.0279
44 0.0617 0.4385 0.1504 0.2920 0.0026 0.0549
45 0.0524 0.2140 0.1746 0.3696 0.0092 0.1802
46 0.0471 0.3733 0.0406 0.3479 0.0036 0.1876
47 0.0834 0.4800 0.0530 0.3003 0.0109 0.0724
48 0.0529 0.4678 0.0893 0.2708 0.0081 0.1111
49 0.0591 0.3855 0.0228 0.3855 0.0089 0.1385
50 0.0574 0.2737 0.0547 0.5659 0.0191 0.0293
51 0.0860 0.4541 0.0353 0.3765 0.0314 0.0168
52 0.0591 0.3428 0.0266 0.5146 0.0173 0.0397
53 0.1038 0.1954 0.0279 0.6260 0.0143 0.0324
54 0.2252 0.1560 0.0259 0.5615 0.0113 0.0200
55 0.3770 0.3005 0.0991 0.2002 0.0133 0.0099
56 0.1880 0.3247 0.0703 0.3511 0.0295 0.0364
57 0.3591 0.2111 0.0228 0.2690 0.0177 0.1203
58 0.1270 0.1748 0.1604 0.2708 0.0087 0.2583
59 0.1201 0.3787 0.1393 0.2708 0.0113 0.0800
60 0.0388 0.1464 0.0938 0.5396 0.0050 0.1765
61 0.1271 0.0930 0.2000 0.4575 0.0058 0.1166
62 0.1366 0.1124 0.0992 0.5532 0.0110 0.0875
63 0.2319 0.4988 0.0279 0.1644 0.0443 0.0327
64 0.0962 0.2456 0.0325 0.5078 0.0282 0.0897
65 0.0779 0.2380 0.0561 0.5405 0.0257 0.0616
66 0.0983 0.4800 0.0359 0.2629 0.0697 0.0530
67 0.1605 0.4646 0.0273 0.2524 0.0509 0.0442
68 0.1182 0.4976 0.0409 0.2925 0.0405 0.0102
69 0.3503 0.4360 0.0489 0.1174 0.0396 0.0076
70 0.1139 0.5562 0.0162 0.2566 0.0381 0.0189
71 0.1554 0.2793 0.0355 0.4568 0.0369 0.0361
72 0.1710 0.1429 0.0167 0.5225 0.0094 0.1375
73 0.3853 0.1271 0.0180 0.3481 0.0147 0.1070
74 0.1638 0.0941 0.0191 0.6084 0.0036 0.1108
75 0.1587 0.1550 0.0817 0.4116 0.0130 0.1798
76 0.1567 0.0879 0.0318 0.5645 0.0036 0.1555
77 0.2191 0.5015 0.0800 0.1554 0.0062 0.0378
78 0.1698 0.2433 0.1672 0.3174 0.0085 0.0938
79 0.0404 0.1357 0.1133 0.4849 0.0055 0.2202
80 0.0656 0.1015 0.1868 0.5239 0.0037 0.1187
81 0.0843 0.1246 0.0662 0.5942 0.0098 0.1207
82 0.1178 0.3252 0.3303 0.1443 0.0132 0.0692
83 0.1744 0.1296 0.0617 0.4456 0.0142 0.1744
84 0.0578 0.1176 0.1808 0.3887 0.0158 0.2394
85 0.0729 0.2245 0.1461 0.3818 0.0077 0.1669
86 0.3484 0.2649 0.0998 0.2284 0.0059 0.0526
87 0.1776 0.2013 0.0367 0.4829 0.0078 0.0936
88 0.4546 0.3484 0.0400 0.1132 0.0119 0.0319
89 0.1631 0.0873 0.0886 0.6348 0.0212 0.0049
90 0.1111 0.0951 0.2708 0.4980 0.0077 0.0172
91 0.0504 0.2170 0.1401 0.2854 0.0010 0.3062
92 0.1810 0.1031 0.1116 0.5845 0.0083 0.0113
93 0.1835 0.1029 0.1194 0.5186 0.0052 0.0707
94 0.0407 0.1367 0.1478 0.4773 0.0014 0.1959
95 0.0926 0.0817 0.1550 0.4700 0.0047 0.1959
96 0.1367 0.1898 0.2986 0.3130 0.0041 0.0579
97 0.1328 0.1963 0.1392 0.5132 0.0135 0.0053
98 0.1877 0.2264 0.1907 0.3142 0.0039 0.0770
99 0.1561 0.3572 0.1610 0.2593 0.0036 0.0626
100 0.1005 0.3591 0.1820 0.2212 0.0009 0.1364
101 0.1278 0.1307 0.1288 0.5771 0.0154 0.0202
102 0.0574 0.1782 0.0992 0.6270 0.0137 0.0245
103 0.0837 0.1425 0.1614 0.4600 0.0032 0.1493
104 0.0943 0.1846 0.2075 0.4031 0.0027 0.1077
105 0.1444 0.1624 0.2942 0.3718 0.0210 0.0063
106 0.0872 0.1655 0.2625 0.4363 0.0040 0.0446
107 0.1111 0.2408 0.0893 0.4097 0.0008 0.1483
108 0.0585 0.1721 0.1268 0.5425 0.0331 0.0668
109 0.0632 0.1298 0.2622 0.4390 0.0186 0.0872
110 0.0779 0.1548 0.2084 0.4998 0.0133 0.0458
111 0.0231 0.0908 0.0649 0.4331 0.0292 0.3589
112 0.0950 0.2334 0.2192 0.3291 0.0701 0.0529
113 0.0597 0.1274 0.1151 0.4343 0.0519 0.2117
114 0.1084 0.1680 0.1603 0.4155 0.0648 0.0831
115 0.0362 0.1315 0.0883 0.4883 0.0440 0.2117
116 0.1223 0.2394 0.3323 0.2179 0.0460 0.0422
117 0.0834 0.2047 0.2214 0.3594 0.0367 0.0945
118 0.2014 0.1113 0.1342 0.4685 0.0639 0.0207
119 0.0775 0.4287 0.0287 0.4187 0.0148 0.0318
120 0.1503 0.6230 0.0154 0.1743 0.0267 0.0102
121 0.0768 0.7285 0.0349 0.1198 0.0298 0.0104
122 0.2563 0.4753 0.0489 0.1289 0.0409 0.0497
123 0.1923 0.3025 0.0279 0.3025 0.0860 0.0887
124 0.1693 0.3501 0.0424 0.3555 0.0360 0.0466
125 0.1093 0.4495 0.0141 0.3787 0.0258 0.0227
126 0.1212 0.5103 0.1086 0.2078 0.0288 0.0237
127 0.1505 0.1360 0.2925 0.3755 0.0104 0.0352
128 0.0571 0.0695 0.2878 0.4673 0.0109 0.1075
129 0.0278 0.1987 0.1700 0.5034 0.0110 0.0889
130 0.0668 0.1541 0.2089 0.4856 0.0125 0.0722
131 0.0964 0.0864 0.2878 0.4253 0.0178 0.0864
132 0.0309 0.2891 0.1442 0.4766 0.0061 0.0531
133 0.1251 0.1281 0.1656 0.3794 0.0425 0.1593
134 0.0948 0.2384 0.0305 0.5542 0.0213 0.0607
135 0.1611 0.2345 0.1265 0.3958 0.0363 0.0458
136 0.0896 0.0848 0.0621 0.7275 0.0228 0.0132
137 0.1249 0.2059 0.0599 0.5776 0.0090 0.0224
138 0.0831 0.3816 0.1163 0.3755 0.0114 0.0320
139 0.0524 0.2120 0.0667 0.4854 0.0156 0.1677
140 0.1001 0.0823 0.0580 0.6426 0.0511 0.0657
141 0.0948 0.1066 0.0986 0.6689 0.0120 0.0191
142 0.0787 0.1248 0.3843 0.4026 0.0059 0.0037
143 0.0341 0.0637 0.1238 0.7583 0.0172 0.0032
144 0.0379 0.0640 0.1597 0.6724 0.0620 0.0042
145 0.0406 0.5518 0.1644 0.1710 0.0680 0.0040
146 0.1589 0.3813 0.1228 0.2295 0.0637 0.0438
147 0.0815 0.3125 0.2323 0.3276 0.0104 0.0356
148 0.0947 0.2271 0.1324 0.3923 0.0251 0.1284
149 0.1730 0.1785 0.0993 0.5122 0.0026 0.0343
150 0.1329 0.2141 0.1831 0.3787 0.0244 0.0668
151 0.1425 0.4387 0.1181 0.2405 0.0098 0.0504
152 0.0870 0.0733 0.0536 0.7065 0.0075 0.0721
153 0.0760 0.2114 0.0803 0.5703 0.0178 0.0443
154 0.0742 0.2147 0.1647 0.4763 0.0075 0.0625
155 0.1055 0.1252 0.1158 0.5034 0.0081 0.1420
156 0.1547 0.3223 0.0736 0.3379 0.0085 0.1030
157 0.1383 0.1331 0.0138 0.6104 0.0093 0.0951
158 0.1636 0.1284 0.0703 0.5278 0.0275 0.0822
159 0.1733 0.0769 0.0372 0.6289 0.0102 0.0734
160 0.1263 0.1293 0.1500 0.3655 0.0106 0.2183
161 0.0754 0.1399 0.0791 0.6318 0.0051 0.0687
162 0.0773 0.4080 0.2150 0.2036 0.0903 0.0059
163 0.1061 0.1605 0.3093 0.3674 0.0406 0.0161
164 0.0958 0.1605 0.0776 0.6055 0.0079 0.0525
165 0.0911 0.2678 0.0484 0.5005 0.0032 0.0890
166 0.1560 0.2035 0.1098 0.4622 0.0059 0.0626
167 0.3538 0.3074 0.0686 0.2000 0.0164 0.0538
168 0.3127 0.2654 0.0535 0.3303 0.0120 0.0263
169 0.0742 0.1738 0.1252 0.5928 0.0135 0.0208
170 0.0920 0.1085 0.0516 0.7183 0.0136 0.0161
171 0.1078 0.1078 0.1593 0.5874 0.0146 0.0233
172 0.0705 0.5991 0.0473 0.2440 0.0055 0.0333
173 0.1818 0.2389 0.0723 0.4790 0.0187 0.0094
174 0.0773 0.2827 0.0698 0.5366 0.0164 0.0174
175 0.1064 0.4919 0.0417 0.2825 0.0225 0.0552
176 0.2283 0.1281 0.0847 0.5063 0.0208 0.0316
177 0.1484 0.4500 0.0550 0.3093 0.0275 0.0097
178 0.1803 0.3066 0.0378 0.4158 0.0537 0.0057
179 0.1204 0.4402 0.0959 0.3074 0.0260 0.0101
180 0.3401 0.3071 0.0771 0.2319 0.0370 0.0067
181 0.0273 0.2507 0.4070 0.2886 0.0147 0.0115
182 0.0685 0.0654 0.2430 0.6113 0.0072 0.0046
183 0.1294 0.1537 0.2201 0.4810 0.0074 0.0085
184 0.1281 0.2754 0.2014 0.3884 0.0020 0.0047
185 0.0724 0.1104 0.3049 0.4949 0.0115 0.0060
186 0.1130 0.1545 0.3074 0.4072 0.0104 0.0075
187 0.1570 0.2754 0.1498 0.3855 0.0288 0.0035
188 0.1512 0.0829 0.0687 0.6318 0.0332 0.0320
189 0.1187 0.1609 0.0703 0.4919 0.0047 0.1536
190 0.2247 0.3169 0.1710 0.2283 0.0021 0.0568
191 0.2318 0.2144 0.2078 0.2607 0.0100 0.0753
192 0.0771 0.4202 0.1738 0.2231 0.0042 0.1014
193 0.0952 0.0952 0.2079 0.5649 0.0079 0.0288
194 0.1114 0.2339 0.2064 0.4370 0.0066 0.0045
195 0.1333 0.2233 0.3250 0.2778 0.0049 0.0356
196 0.1120 0.1617 0.1299 0.3850 0.0102 0.2013
197 0.1284 0.2400 0.2656 0.2698 0.0022 0.0940
198 0.1289 0.2244 0.1775 0.3818 0.0016 0.0859
199 0.1412 0.1564 0.1042 0.2969 0.0023 0.2991
200 0.2849 0.1305 0.0651 0.4211 0.0057 0.0925
201 0.1267 0.0448 0.0445 0.3496 0.0026 0.4319
202 0.3147 0.2129 0.0649 0.2776 0.0067 0.1232
203 0.1832 0.4717 0.0568 0.2177 0.0126 0.0581
204 0.1664 0.6084 0.0473 0.1434 0.0083 0.0261
205 0.1965 0.3879 0.0533 0.3044 0.0161 0.0415
206 0.3804 0.3630 0.0687 0.1410 0.0149 0.0320
207 0.1448 0.3474 0.0599 0.3555 0.0061 0.0864
208 0.0746 0.1028 0.0474 0.6396 0.0375 0.0981
209 0.1379 0.3960 0.1135 0.3184 0.0261 0.0080
210 0.1028 0.4465 0.1260 0.3022 0.0158 0.0066
211 0.3669 0.1831 0.0378 0.3557 0.0396 0.0170
212 0.0932 0.3330 0.0351 0.5078 0.0253 0.0058
213 0.1339 0.2749 0.0485 0.5132 0.0082 0.0212
214 0.1359 0.1705 0.0496 0.5811 0.0091 0.0536
215 0.0519 0.0626 0.0593 0.8184 0.0040 0.0036
216 0.1331 0.2668 0.0826 0.4983 0.0095 0.0097
217 0.0922 0.0696 0.0435 0.7144 0.0279 0.0526
218 0.0798 0.1613 0.0294 0.7002 0.0243 0.0050
219 0.1285 0.1152 0.1677 0.5498 0.0285 0.0101
220 0.0545 0.1539 0.0240 0.7578 0.0059 0.0037
221 0.1183 0.2111 0.1193 0.5142 0.0309 0.0062
222 0.1039 0.0791 0.0947 0.6938 0.0147 0.0136
223 0.1492 0.0844 0.0544 0.6685 0.0193 0.0244
224 0.1681 0.1790 0.0893 0.5181 0.0403 0.0054
225 0.0938 0.3567 0.0692 0.4106 0.0483 0.0214
226 0.0729 0.3818 0.0576 0.4680 0.0131 0.0065
227 0.0660 0.4880 0.0269 0.3921 0.0239 0.0032
228 0.0893 0.5059 0.0428 0.3164 0.0336 0.0120
229 0.0672 0.5493 0.0441 0.3059 0.0210 0.0123
230 0.3066 0.3264 0.0865 0.2388 0.0375 0.0044
231 0.2854 0.3037 0.0745 0.2441 0.0545 0.0377
232 0.1024 0.4114 0.0305 0.3657 0.0515 0.0385
233 0.1006 0.4617 0.0245 0.3625 0.0271 0.0235
234 0.1564 0.3608 0.0408 0.3552 0.0762 0.0107
235 0.1472 0.3938 0.0334 0.3091 0.0770 0.0396
236 0.1013 0.3269 0.0546 0.4502 0.0262 0.0409
237 0.1066 0.2898 0.1368 0.2498 0.0386 0.1785
238 0.0809 0.2959 0.0754 0.2081 0.0124 0.3274
239 0.0901 0.1113 0.0874 0.2776 0.0100 0.4233
240 0.1769 0.0592 0.0523 0.4446 0.0365 0.2306
241 0.0947 0.2474 0.2218 0.2698 0.0185 0.1478
242 0.0602 0.1700 0.1315 0.4343 0.0228 0.1810
243 0.0968 0.2251 0.1453 0.3918 0.0175 0.1234
244 0.1663 0.2345 0.2382 0.2272 0.0523 0.0817
245 0.2617 0.1743 0.1337 0.3809 0.0276 0.0220
246 0.1107 0.2534 0.1624 0.3987 0.0298 0.0451
247 0.3047 0.2908 0.1428 0.1877 0.0288 0.0453
248 0.1186 0.3433 0.1072 0.3301 0.0645 0.0365
249 0.0866 0.4468 0.0922 0.3372 0.0161 0.0212
250 0.1786 0.3960 0.0641 0.2854 0.0247 0.0511
251 0.4763 0.1558 0.0256 0.2910 0.0353 0.0159
252 0.0945 0.2432 0.0446 0.4836 0.0654 0.0686
253 0.1605 0.0546 0.0989 0.3142 0.0425 0.3293
