time exciting_prob fearful_prob tense_prob sad_prob relaxing_prob neutral_prob
0 0.1136 0.1553 0.1349 0.1288 0.0181 0.4492
1 0.1123 0.0302 0.0573 0.7437 0.0089 0.0475
2 0.1145 0.0136 0.0485 0.7700 0.0131 0.0402
3 0.2158 0.0138 0.0399 0.6860 0.0136 0.0309
4 0.0666 0.0060 0.0143 0.8906 0.0060 0.0166
5 0.2666 0.0478 0.1111 0.5137 0.0222 0.0384
6 0.3020 0.0973 0.0729 0.4429 0.0643 0.0207
7 0.2700 0.0480 0.0441 0.5630 0.0488 0.0263
8 0.2274 0.0455 0.0437 0.6279 0.0414 0.0141
9 0.1854 0.0536 0.1170 0.5366 0.0970 0.0103
10 0.1041 0.0121 0.0557 0.7002 0.1041 0.0240
11 0.1372 0.0219 0.0563 0.6860 0.0794 0.0192
12 0.4600 0.2349 0.1447 0.0942 0.0408 0.0255
13 0.3591 0.0403 0.1175 0.3945 0.0262 0.0624
14 0.5015 0.0236 0.0485 0.3289 0.0627 0.0349
15 0.0605 0.0198 0.1453 0.6929 0.0295 0.0518
16 0.6372 0.0374 0.0332 0.0611 0.1116 0.1197
17 0.4619 0.0261 0.2115 0.1956 0.0526 0.0522
18 0.2087 0.0217 0.1652 0.5088 0.0566 0.0392
19 0.3403 0.0252 0.1242 0.3457 0.1272 0.0376
20 0.1667 0.0776 0.2666 0.2583 0.1592 0.0717
21 0.2251 0.1866 0.1476 0.3540 0.0430 0.0436
22 0.2142 0.1951 0.2211 0.2708 0.0723 0.0266
23 0.1381 0.0414 0.2312 0.3635 0.1381 0.0877
24 0.4214 0.0631 0.2053 0.1368 0.0488 0.1246
25 0.9243 0.0039 0.0108 0.0165 0.0443 0.0001
26 0.8735 0.0025 0.0109 0.0336 0.0793 0.0002
27 0.9351 0.0016 0.0049 0.0059 0.0524 0.0000
28 0.8994 0.0017 0.0051 0.0207 0.0732 0.0001
29 0.8765 0.0033 0.0140 0.0397 0.0660 0.0002
30 0.6875 0.0101 0.0708 0.1698 0.0601 0.0018
31 0.1895 0.0854 0.2844 0.3948 0.0091 0.0367
32 0.2266 0.0582 0.0111 0.6870 0.0144 0.0029
33 0.0620 0.0191 0.0067 0.8975 0.0066 0.0080
34 0.1478 0.0395 0.0091 0.7935 0.0065 0.0038
35 0.2910 0.1451 0.0502 0.4910 0.0203 0.0025
36 0.3018 0.0995 0.2107 0.3699 0.0136 0.0047
37 0.2283 0.1203 0.4399 0.1805 0.0216 0.0094
38 0.2191 0.0673 0.3611 0.2903 0.0341 0.0281
39 0.3315 0.0812 0.4675 0.0745 0.0363 0.0088
40 0.3147 0.1223 0.3708 0.1079 0.0703 0.0140
41 0.1075 0.0153 0.3638 0.4819 0.0188 0.0125
42 0.0736 0.0255 0.1547 0.7378 0.0049 0.0035
43 0.0828 0.0141 0.1244 0.7617 0.0114 0.0055
44 0.1877 0.1696 0.3479 0.2507 0.0393 0.0046
45 0.0927 0.0585 0.7642 0.0757 0.0047 0.0043
46 0.0667 0.0780 0.1626 0.2008 0.4856 0.0063
47 0.1396 0.1014 0.2302 0.5029 0.0088 0.0169
48 0.1412 0.1083 0.3992 0.3257 0.0150 0.0108
49 0.2274 0.0305 0.0651 0.6479 0.0203 0.0088
50 0.2208 0.0520 0.1085 0.6050 0.0089 0.0050
51 0.2252 0.0216 0.1399 0.5981 0.0116 0.0036
52 0.1216 0.0430 0.3057 0.4380 0.0535 0.0383
53 0.0710 0.0448 0.2040 0.5996 0.0508 0.0296
54 0.4744 0.1058 0.1528 0.2480 0.0153 0.0037
55 0.2008 0.4597 0.0459 0.2620 0.0298 0.0017
56 0.0482 0.0959 0.3650 0.4470 0.0326 0.0113
57 0.0684 0.1191 0.3586 0.3999 0.0336 0.0202
58 0.4387 0.0264 0.0898 0.4321 0.0084 0.0046
59 0.3955 0.1444 0.2325 0.2167 0.0085 0.0024
60 0.0444 0.1001 0.5806 0.2421 0.0169 0.0160
61 0.0097 0.0222 0.0584 0.8066 0.0963 0.0069
62 0.0939 0.0992 0.5889 0.1942 0.0099 0.0140
63 0.4351 0.0205 0.0203 0.5005 0.0188 0.0047
64 0.5947 0.0545 0.1436 0.1135 0.0927 0.0009
65 0.0801 0.1521 0.0814 0.6016 0.0173 0.0675
66 0.4604 0.2859 0.1211 0.0550 0.0729 0.0046
67 0.0644 0.0624 0.4006 0.3271 0.0132 0.1322
68 0.1736 0.1138 0.1231 0.5024 0.0381 0.0490
69 0.2959 0.1584 0.1215 0.3569 0.0367 0.0305
70 0.3643 0.1165 0.1120 0.3586 0.0299 0.0186
71 0.4478 0.1376 0.0924 0.2002 0.0889 0.0332
72 0.0688 0.1975 0.1885 0.4182 0.0798 0.0473
73 0.0364 0.0513 0.0590 0.8408 0.0068 0.0058
74 0.1300 0.0814 0.1183 0.4905 0.0568 0.1230
75 0.1260 0.1497 0.2355 0.4331 0.0077 0.0482
76 0.0723 0.2175 0.0712 0.5137 0.0428 0.0826
77 0.0390 0.1776 0.1833 0.4163 0.0129 0.1709
78 0.0510 0.0681 0.0596 0.6357 0.1793 0.0063
79 0.1812 0.0566 0.0389 0.0993 0.6177 0.0063
80 0.1821 0.0332 0.0247 0.0214 0.7378 0.0010
81 0.2771 0.0879 0.0285 0.0776 0.5220 0.0072
82 0.3904 0.1190 0.0415 0.3064 0.1370 0.0058
83 0.1390 0.2257 0.0540 0.4668 0.0898 0.0246
84 0.2291 0.1226 0.0876 0.2852 0.2720 0.0035
85 0.0616 0.0191 0.0138 0.1400 0.7632 0.0024
86 0.1440 0.1510 0.0514 0.1821 0.4614 0.0101
87 0.0949 0.1470 0.2520 0.3445 0.0751 0.0864
88 0.1885 0.1490 0.0978 0.3108 0.0626 0.1914
89 0.2966 0.0817 0.0699 0.5205 0.0117 0.0196
90 0.1896 0.0298 0.0454 0.5571 0.0134 0.1647
91 0.2074 0.0311 0.0812 0.5728 0.0387 0.0689
92 0.3213 0.0599 0.0384 0.4028 0.0632 0.1145
93 0.2169 0.0651 0.0593 0.5713 0.0473 0.0398
94 0.2245 0.0623 0.0425 0.5557 0.0706 0.0446
95 0.1287 0.0122 0.0386 0.7402 0.0154 0.0652
96 0.1986 0.0137 0.0464 0.6772 0.0141 0.0498
97 0.1766 0.0742 0.0815 0.5439 0.0239 0.0999
98 0.3450 0.0281 0.0685 0.4714 0.0220 0.0648
99 0.4290 0.0618 0.1128 0.3557 0.0204 0.0202
100 0.2396 0.0322 0.0436 0.5527 0.0665 0.0650
101 0.2318 0.0573 0.1544 0.3398 0.0944 0.1221
102 0.5488 0.2474 0.0556 0.1048 0.0280 0.0152
103 0.3384 0.2437 0.1367 0.2325 0.0293 0.0194
104 0.3958 0.2615 0.0955 0.2102 0.0216 0.0153
105 0.2695 0.1910 0.0606 0.4077 0.0166 0.0547
106 0.3643 0.1804 0.2316 0.1405 0.0521 0.0311
107 0.3081 0.2634 0.1151 0.1335 0.1056 0.0743
108 0.0551 0.1113 0.4685 0.2111 0.0068 0.1473
109 0.1656 0.2014 0.1777 0.3242 0.1165 0.0145
110 0.1831 0.1519 0.1519 0.3530 0.1531 0.0070
111 0.0645 0.2050 0.2759 0.4272 0.0034 0.0243
112 0.3279 0.3203 0.1169 0.1624 0.0531 0.0192
113 0.1866 0.4077 0.0842 0.2454 0.0616 0.0144
114 0.3535 0.0873 0.0629 0.4133 0.0595 0.0235
115 0.1775 0.0512 0.0421 0.5015 0.1278 0.0995
116 0.1969 0.0887 0.0573 0.5835 0.0461 0.0277
117 0.0229 0.0729 0.0586 0.7476 0.0509 0.0471
118 0.1427 0.1775 0.2279 0.3530 0.0740 0.0248
119 0.0977 0.3572 0.1636 0.3152 0.0107 0.0556
120 0.0573 0.3003 0.1418 0.4653 0.0060 0.0291
121 0.0728 0.1888 0.1339 0.5552 0.0038 0.0456
122 0.2776 0.1232 0.0771 0.4949 0.0132 0.0143
123 0.2202 0.1742 0.2783 0.2827 0.0213 0.0230
124 0.1631 0.1021 0.3591 0.2283 0.0981 0.0493
125 0.0759 0.0998 0.3948 0.3767 0.0093 0.0436
126 0.1133 0.2202 0.2419 0.3206 0.0056 0.0985
127 0.0864 0.1918 0.2947 0.3726 0.0051 0.0493
128 0.1067 0.2559 0.1425 0.1564 0.3259 0.0125
129 0.1632 0.0300 0.0894 0.5742 0.0275 0.1157
130 0.1649 0.0557 0.1611 0.4019 0.0732 0.1433
131 0.1873 0.0608 0.0757 0.4709 0.0757 0.1298
132 0.1313 0.1559 0.0635 0.4656 0.0327 0.1511
133 0.4646 0.0770 0.0674 0.2976 0.0375 0.0559
134 0.1620 0.0596 0.0747 0.6206 0.0185 0.0644
135 0.2412 0.0568 0.0974 0.4504 0.0453 0.1087
136 0.2313 0.0541 0.0418 0.5908 0.0431 0.0390
137 0.1437 0.1760 0.1414 0.3965 0.1371 0.0053
138 0.0565 0.1635 0.1741 0.5532 0.0395 0.0133
139 0.0842 0.1489 0.1160 0.5801 0.0282 0.0427
140 0.1263 0.2098 0.1064 0.4619 0.0335 0.0620
141 0.0043 0.0460 0.0406 0.8955 0.0011 0.0124
142 0.0025 0.0379 0.0203 0.9336 0.0004 0.0052
143 0.0070 0.0822 0.0228 0.8838 0.0009 0.0036
144 0.0048 0.0826 0.0199 0.8882 0.0010 0.0036
145 0.0130 0.0919 0.0396 0.8452 0.0043 0.0059
146 0.0163 0.0605 0.0319 0.8760 0.0117 0.0038
147 0.4192 0.0358 0.2141 0.0746 0.2445 0.0117
148 0.4692 0.0307 0.1674 0.0842 0.2360 0.0124
149 0.4712 0.0256 0.1693 0.1249 0.1890 0.0199
150 0.5405 0.0278 0.1854 0.0962 0.1356 0.0144
151 0.5103 0.0252 0.1532 0.1394 0.1495 0.0226
152 0.4180 0.1663 0.2419 0.1134 0.0540 0.0065
153 0.3184 0.1118 0.2559 0.1718 0.0948 0.0477
154 0.4097 0.1004 0.2142 0.1351 0.1230 0.0176
155 0.3950 0.0888 0.2935 0.0765 0.1177 0.0286
156 0.1970 0.0660 0.3567 0.2164 0.0999 0.0640
157 0.2159 0.0826 0.2013 0.3704 0.1069 0.0229
158 0.1609 0.0539 0.5703 0.1713 0.0173 0.0265
159 0.0660 0.0916 0.6406 0.1808 0.0061 0.0147
160 0.3088 0.0757 0.1068 0.4158 0.0652 0.0276
161 0.2076 0.0497 0.1240 0.5732 0.0344 0.0108
162 0.0802 0.0860 0.4104 0.2568 0.0587 0.1079
163 0.0666 0.0767 0.2551 0.5664 0.0090 0.0263
164 0.1202 0.1580 0.3909 0.3044 0.0096 0.0169
165 0.3569 0.0307 0.2323 0.3079 0.0135 0.0587
166 0.1147 0.1061 0.6709 0.0901 0.0087 0.0096
167 0.2610 0.0423 0.2214 0.4202 0.0464 0.0087
168 0.2366 0.0830 0.2788 0.3416 0.0441 0.0161
169 0.1602 0.1381 0.2024 0.4026 0.0608 0.0360
170 0.0571 0.1787 0.2277 0.4026 0.0812 0.0528
171 0.0450 0.0916 0.3567 0.3979 0.0676 0.0413
172 0.0300 0.1499 0.2286 0.4839 0.0356 0.0720
173 0.1294 0.0305 0.0810 0.6782 0.0484 0.0325
174 0.3530 0.0546 0.0517 0.4788 0.0428 0.0191
175 0.1238 0.0528 0.0598 0.6138 0.0352 0.1144
176 0.0587 0.0426 0.3325 0.4268 0.0246 0.1149
177 0.5220 0.0845 0.0456 0.2544 0.0740 0.0195
178 0.2451 0.0471 0.0471 0.5566 0.0486 0.0551
179 0.3086 0.0386 0.0520 0.4932 0.0294 0.0781
180 0.2241 0.1296 0.4597 0.1067 0.0684 0.0114
181 0.0431 0.2681 0.2480 0.3235 0.0280 0.0891
182 0.2367 0.2944 0.2275 0.2040 0.0204 0.0169
183 0.2539 0.2240 0.1287 0.3337 0.0408 0.0190
184 0.3643 0.0819 0.1904 0.3318 0.0272 0.0044
185 0.5049 0.2683 0.1298 0.0806 0.0159 0.0005
186 0.3281 0.1538 0.2720 0.2203 0.0174 0.0083
187 0.0755 0.0869 0.1478 0.5405 0.0287 0.1206
188 0.0224 0.2125 0.4097 0.3044 0.0297 0.0212
189 0.0204 0.0952 0.1013 0.7598 0.0199 0.0033
190 0.0792 0.1389 0.5044 0.2203 0.0519 0.0053
191 0.1191 0.2207 0.4563 0.1381 0.0599 0.0059
192 0.2167 0.0803 0.1584 0.4016 0.1056 0.0374
193 0.1833 0.0501 0.0680 0.5474 0.0922 0.0591
194 0.1869 0.1367 0.3057 0.2986 0.0216 0.0503
195 0.2722 0.0580 0.1009 0.4968 0.0245 0.0477
196 0.4534 0.1052 0.1086 0.2686 0.0260 0.0381
197 0.1173 0.0463 0.0390 0.7300 0.0355 0.0318
198 0.1740 0.0671 0.0569 0.6313 0.0293 0.0416
199 0.1044 0.0399 0.0701 0.7026 0.0228 0.0600
200 0.0962 0.0150 0.0565 0.7930 0.0213 0.0178
201 0.0972 0.0637 0.2664 0.5054 0.0524 0.0150
202 0.0930 0.0952 0.6108 0.1439 0.0450 0.0122
203 0.0760 0.0602 0.6831 0.1388 0.0247 0.0171
204 0.0738 0.0849 0.3835 0.3206 0.0575 0.0798
205 0.0539 0.1442 0.3979 0.3003 0.0302 0.0736
206 0.0659 0.1078 0.5737 0.1696 0.0464 0.0370
207 0.0703 0.0842 0.5073 0.1971 0.1313 0.0096
208 0.0895 0.1986 0.4995 0.1293 0.0742 0.0089
209 0.0362 0.0889 0.3984 0.2306 0.0221 0.2235
210 0.0507 0.0876 0.7627 0.0732 0.0139 0.0119
211 0.0352 0.0432 0.3645 0.4680 0.0355 0.0533
212 0.0333 0.0734 0.7891 0.0734 0.0183 0.0126
213 0.0259 0.0836 0.6675 0.1882 0.0216 0.0132
214 0.0221 0.0685 0.7144 0.1545 0.0219 0.0184
215 0.1265 0.1389 0.1870 0.4700 0.0455 0.0320
216 0.2062 0.0387 0.1439 0.4832 0.0435 0.0846
217 0.1525 0.0574 0.1477 0.5405 0.0693 0.0327
218 0.1174 0.0122 0.0453 0.7534 0.0309 0.0409
219 0.1157 0.0177 0.0490 0.7544 0.0241 0.0391
220 0.2073 0.0421 0.0328 0.5996 0.0657 0.0524
221 0.1002 0.0799 0.1705 0.5591 0.0306 0.0598
222 0.1219 0.0478 0.3474 0.4392 0.0132 0.0306
223 0.0235 0.0145 0.1376 0.4580 0.3457 0.0208
224 0.0327 0.0842 0.3252 0.2959 0.2454 0.0167
225 0.0678 0.0617 0.3037 0.4023 0.1527 0.0115
226 0.1748 0.1182 0.3530 0.3020 0.0195 0.0326
227 0.0706 0.0408 0.5815 0.2139 0.0043 0.0892
228 0.0928 0.0339 0.2727 0.5508 0.0256 0.0244
229 0.0386 0.2056 0.2170 0.4741 0.0225 0.0421
230 0.0619 0.2211 0.6299 0.0533 0.0154 0.0184
231 0.1318 0.0320 0.3582 0.2925 0.0892 0.0964
232 0.2019 0.0620 0.4207 0.1609 0.0656 0.0889
233 0.0872 0.0442 0.7300 0.0872 0.0336 0.0179
234 0.1335 0.0552 0.4924 0.2118 0.0693 0.0377
235 0.2056 0.0617 0.4634 0.1992 0.0366 0.0336
236 0.2461 0.0673 0.4319 0.1801 0.0516 0.0231
237 0.1161 0.2346 0.1456 0.4053 0.0823 0.0160
238 0.0283 0.2710 0.4434 0.2126 0.0048 0.0399
239 0.1748 0.2771 0.2125 0.2666 0.0159 0.0529
240 0.2477 0.1422 0.2988 0.2419 0.0536 0.0157
241 0.3047 0.1251 0.2566 0.2301 0.0664 0.0169
242 0.1273 0.0423 0.1942 0.5708 0.0203 0.0450
243 0.3630 0.1008 0.2438 0.2290 0.0437 0.0195
244 0.0853 0.0334 0.4832 0.3535 0.0108 0.0339
245 0.0929 0.1709 0.4717 0.2194 0.0224 0.0228
246 0.1080 0.2148 0.1971 0.3892 0.0356 0.0552
247 0.2390 0.0238 0.0390 0.6299 0.0133 0.0550
248 0.1632 0.0199 0.0416 0.7090 0.0337 0.0329
249 0.2212 0.0391 0.0664 0.5923 0.0244 0.0568
250 0.2559 0.0481 0.0452 0.5859 0.0259 0.0389
251 0.1830 0.0516 0.0341 0.6191 0.0418 0.0706
252 0.1840 0.0267 0.0535 0.6030 0.0579 0.0749
253 0.1964 0.0580 0.0537 0.5464 0.0563 0.0892
254 0.1334 0.0317 0.0494 0.6465 0.0737 0.0655
255 0.3865 0.0172 0.0229 0.4849 0.0661 0.0225
256 0.3352 0.0348 0.0353 0.5190 0.0430 0.0324
257 0.1071 0.1633 0.0587 0.6162 0.0312 0.0235
258 0.0393 0.0706 0.0333 0.8398 0.0054 0.0115
259 0.2700 0.0202 0.0715 0.4927 0.0557 0.0897
260 0.2025 0.0386 0.0825 0.5459 0.1018 0.0285
261 0.2262 0.0794 0.3728 0.3042 0.0130 0.0043
262 0.0945 0.1396 0.1251 0.5879 0.0098 0.0432
263 0.1031 0.1055 0.5884 0.1726 0.0075 0.0226
264 0.0436 0.0737 0.3740 0.4478 0.0030 0.0578
265 0.0784 0.0565 0.4802 0.3569 0.0117 0.0162
266 0.0765 0.0426 0.4758 0.3621 0.0187 0.0244
267 0.0537 0.0558 0.1979 0.6489 0.0285 0.0151
268 0.1198 0.0904 0.2534 0.4810 0.0371 0.0182
269 0.2646 0.1174 0.1936 0.3533 0.0595 0.0114
270 0.0896 0.0535 0.1674 0.6313 0.0201 0.0379
271 0.0703 0.0670 0.3052 0.4951 0.0288 0.0337
272 0.2252 0.2961 0.0676 0.2117 0.1810 0.0183
273 0.0518 0.0895 0.3652 0.3950 0.0436 0.0547
274 0.1004 0.2563 0.0966 0.4866 0.0428 0.0172
275 0.1676 0.1514 0.0743 0.5713 0.0251 0.0104
276 0.1498 0.2756 0.2629 0.2588 0.0446 0.0082
277 0.1102 0.2279 0.1350 0.4978 0.0141 0.0149
278 0.2109 0.0794 0.0460 0.4866 0.0229 0.1543
279 0.1002 0.0383 0.1208 0.3208 0.0267 0.3931
280 0.0663 0.1669 0.1044 0.6011 0.0297 0.0318
281 0.0760 0.1254 0.1409 0.5361 0.0635 0.0583
282 0.3333 0.3306 0.1285 0.1170 0.0584 0.0322
283 0.2080 0.2649 0.1498 0.3123 0.0450 0.0200
284 0.0281 0.2208 0.0500 0.6909 0.0048 0.0054
285 0.0462 0.1675 0.0476 0.7163 0.0143 0.0080
286 0.1738 0.2413 0.3147 0.2097 0.0514 0.0091
287 0.3115 0.1903 0.3018 0.1238 0.0489 0.0236
288 0.1178 0.1512 0.3745 0.3152 0.0273 0.0139
289 0.0646 0.0447 0.0519 0.4849 0.0310 0.3230
290 0.1617 0.0764 0.1340 0.3789 0.0099 0.2390
291 0.1627 0.0642 0.1035 0.3843 0.2444 0.0408
292 0.0499 0.7563 0.1443 0.0440 0.0024 0.0032
293 0.0461 0.6826 0.1925 0.0742 0.0014 0.0031
294 0.7661 0.0286 0.0674 0.1121 0.0256 0.0004
295 0.8472 0.0122 0.0318 0.0872 0.0212 0.0004
296 0.8765 0.0079 0.0146 0.0725 0.0284 0.0002
297 0.8350 0.0067 0.0233 0.1112 0.0237 0.0003
298 0.8184 0.0247 0.0330 0.0507 0.0726 0.0008
299 0.7954 0.0131 0.0384 0.0663 0.0858 0.0013
300 0.0983 0.1646 0.1407 0.1431 0.0197 0.4336
