time exciting_prob fearful_prob tense_prob sad_prob relaxing_prob neutral_prob
0 0.0903 0.1177 0.1055 0.2100 0.0251 0.4514
1 0.6670 0.1941 0.0626 0.0282 0.0440 0.0041
2 0.7319 0.1511 0.0265 0.0075 0.0822 0.0007
3 0.6821 0.1807 0.0293 0.0103 0.0967 0.0011
4 0.6914 0.1846 0.0246 0.0074 0.0914 0.0008
5 0.6807 0.1506 0.0363 0.0285 0.1011 0.0029
6 0.7324 0.1547 0.0298 0.0114 0.0703 0.0017
7 0.5737 0.2449 0.0922 0.0347 0.0490 0.0056
8 0.1891 0.2280 0.2427 0.3020 0.0061 0.0321
9 0.1827 0.4385 0.2311 0.1306 0.0054 0.0118
10 0.2240 0.1190 0.3870 0.2499 0.0032 0.0171
11 0.3884 0.1908 0.3647 0.0475 0.0042 0.0045
12 0.1357 0.4050 0.3254 0.1285 0.0020 0.0032
13 0.1181 0.2703 0.5547 0.0452 0.0037 0.0079
14 0.0940 0.5625 0.3059 0.0320 0.0026 0.0031
15 0.1469 0.2137 0.4597 0.1564 0.0018 0.0215
16 0.1881 0.0939 0.5195 0.1925 0.0023 0.0038
17 0.1233 0.1970 0.3740 0.2981 0.0031 0.0044
18 0.1016 0.1225 0.4622 0.2847 0.0108 0.0182
19 0.0813 0.1165 0.4194 0.3589 0.0109 0.0131
20 0.1090 0.0797 0.6270 0.1661 0.0124 0.0055
21 0.2367 0.1772 0.4819 0.0956 0.0071 0.0015
22 0.1840 0.1869 0.4277 0.1611 0.0074 0.0330
23 0.0909 0.1753 0.3076 0.3950 0.0093 0.0218
24 0.1090 0.1782 0.2476 0.4482 0.0081 0.0089
25 0.1750 0.0981 0.4985 0.2046 0.0155 0.0081
26 0.0627 0.1415 0.5864 0.1733 0.0089 0.0272
27 0.1055 0.3054 0.4956 0.0772 0.0019 0.0144
28 0.0781 0.2009 0.4526 0.2312 0.0009 0.0363
29 0.0942 0.3965 0.3499 0.1349 0.0087 0.0159
30 0.0773 0.1714 0.6572 0.0519 0.0020 0.0404
31 0.0580 0.1227 0.7759 0.0231 0.0008 0.0196
32 0.0739 0.1564 0.4187 0.3015 0.0019 0.0477
33 0.0464 0.2756 0.4763 0.1780 0.0013 0.0221
34 0.0434 0.2944 0.4490 0.1814 0.0009 0.0310
35 0.0969 0.1016 0.3032 0.3716 0.0062 0.1206
36 0.0760 0.1768 0.3860 0.2571 0.0050 0.0991
37 0.0112 0.1588 0.6182 0.1744 0.0007 0.0366
38 0.0270 0.2347 0.6479 0.0652 0.0011 0.0240
39 0.0255 0.1047 0.5400 0.2360 0.0013 0.0924
40 0.2996 0.3140 0.2644 0.1085 0.0038 0.0099
41 0.1938 0.3350 0.3738 0.0840 0.0038 0.0094
42 0.2244 0.2542 0.2664 0.2042 0.0049 0.0459
43 0.2974 0.3701 0.2354 0.0813 0.0022 0.0135
44 0.0565 0.4763 0.2471 0.2017 0.0036 0.0148
45 0.0445 0.2749 0.1948 0.4602 0.0111 0.0146
46 0.1219 0.0865 0.2424 0.3113 0.0204 0.2174
47 0.0442 0.1394 0.4753 0.2029 0.0092 0.1289
48 0.0639 0.1737 0.4758 0.2319 0.0091 0.0453
49 0.0252 0.4258 0.4062 0.1043 0.0020 0.0366
50 0.1868 0.2849 0.1525 0.2761 0.0200 0.0797
51 0.1566 0.1948 0.2881 0.2791 0.0161 0.0652
52 0.1953 0.2507 0.2649 0.2196 0.0273 0.0422
53 0.0892 0.0787 0.1692 0.4673 0.0264 0.1692
54 0.1664 0.1317 0.1718 0.2876 0.0598 0.1827
55 0.0731 0.2377 0.4800 0.1583 0.0046 0.0464
56 0.0465 0.1975 0.3413 0.3359 0.0132 0.0656
57 0.0329 0.2432 0.1893 0.4834 0.0115 0.0397
58 0.3279 0.3035 0.1411 0.2085 0.0058 0.0133
59 0.2864 0.4299 0.1139 0.1462 0.0061 0.0175
60 0.0702 0.2798 0.2588 0.3123 0.0281 0.0510
61 0.0348 0.4846 0.2554 0.1989 0.0050 0.0213
62 0.1666 0.0775 0.2925 0.4187 0.0233 0.0215
63 0.1545 0.0391 0.2979 0.3826 0.0518 0.0742
64 0.0877 0.1025 0.3013 0.4890 0.0043 0.0151
65 0.0806 0.1136 0.1873 0.5952 0.0150 0.0084
66 0.1544 0.2839 0.4907 0.0595 0.0057 0.0056
67 0.1026 0.2009 0.2139 0.4529 0.0202 0.0096
68 0.1265 0.2020 0.4626 0.1929 0.0049 0.0112
69 0.0368 0.3335 0.4702 0.1285 0.0027 0.0282
70 0.0383 0.1040 0.2307 0.5537 0.0574 0.0159
71 0.0962 0.1160 0.3574 0.3865 0.0307 0.0130
72 0.0850 0.1587 0.3806 0.3308 0.0220 0.0229
73 0.1262 0.1865 0.2715 0.3950 0.0156 0.0053
74 0.1725 0.1385 0.2712 0.3887 0.0221 0.0071
75 0.0524 0.3750 0.3469 0.2170 0.0024 0.0061
76 0.0726 0.2167 0.4587 0.2343 0.0024 0.0153
77 0.0585 0.1219 0.5049 0.2922 0.0021 0.0202
78 0.0607 0.1324 0.4846 0.2849 0.0059 0.0315
79 0.1183 0.1721 0.5645 0.1320 0.0051 0.0079
80 0.0931 0.1796 0.5278 0.1824 0.0028 0.0145
81 0.1812 0.1525 0.3657 0.2893 0.0061 0.0051
82 0.1318 0.1093 0.2010 0.4602 0.0435 0.0541
83 0.0739 0.1479 0.1930 0.5410 0.0157 0.0282
84 0.0505 0.0928 0.2952 0.5259 0.0103 0.0254
85 0.0986 0.0804 0.5415 0.2188 0.0151 0.0458
86 0.0612 0.2308 0.4888 0.1899 0.0026 0.0267
87 0.1328 0.3965 0.3088 0.1459 0.0122 0.0041
88 0.0542 0.1776 0.2505 0.4751 0.0096 0.0331
89 0.0846 0.1791 0.2062 0.5024 0.0101 0.0177
90 0.1267 0.2854 0.2024 0.2944 0.0745 0.0164
91 0.0575 0.0401 0.2239 0.2136 0.0128 0.4521
92 0.2085 0.0434 0.3547 0.3718 0.0125 0.0091
93 0.1970 0.0596 0.3770 0.3486 0.0139 0.0039
94 0.2747 0.0858 0.4124 0.2173 0.0063 0.0034
95 0.3997 0.1145 0.0763 0.3784 0.0290 0.0021
96 0.2200 0.0828 0.2051 0.4805 0.0064 0.0052
97 0.1406 0.1558 0.2393 0.4333 0.0235 0.0075
98 0.3132 0.0220 0.0257 0.4700 0.1587 0.0105
99 0.1964 0.0177 0.0885 0.6440 0.0424 0.0112
100 0.1362 0.0568 0.2546 0.5308 0.0176 0.0042
101 0.0703 0.0491 0.2654 0.6074 0.0056 0.0023
102 0.2092 0.0879 0.1230 0.5137 0.0339 0.0323
103 0.1250 0.0244 0.0859 0.7305 0.0209 0.0132
104 0.1224 0.1031 0.0895 0.6216 0.0472 0.0162
105 0.3879 0.0820 0.2372 0.2159 0.0746 0.0025
106 0.0827 0.0534 0.2469 0.5835 0.0327 0.0009
107 0.2805 0.0743 0.2085 0.4019 0.0236 0.0113
108 0.2603 0.0751 0.0445 0.5684 0.0474 0.0047
109 0.1626 0.1370 0.3840 0.2639 0.0313 0.0210
110 0.4868 0.0981 0.2666 0.0866 0.0605 0.0014
111 0.3530 0.0746 0.3267 0.1405 0.1012 0.0041
112 0.1246 0.0225 0.3132 0.5083 0.0222 0.0089
113 0.4805 0.0855 0.0815 0.3225 0.0267 0.0031
114 0.3230 0.1549 0.1467 0.2896 0.0755 0.0105
115 0.1417 0.0880 0.3000 0.3975 0.0482 0.0244
116 0.5210 0.0699 0.1412 0.1901 0.0688 0.0090
117 0.3611 0.0717 0.1565 0.2642 0.1219 0.0246
118 0.3750 0.0427 0.1503 0.3257 0.0837 0.0225
119 0.1866 0.1432 0.1150 0.5156 0.0312 0.0085
120 0.1302 0.1454 0.1726 0.4917 0.0569 0.0033
121 0.1755 0.0842 0.0939 0.5801 0.0611 0.0051
122 0.2383 0.2205 0.1276 0.2898 0.0905 0.0335
123 0.0684 0.1060 0.2262 0.5684 0.0124 0.0184
124 0.1655 0.0513 0.2092 0.5259 0.0206 0.0275
125 0.1951 0.0628 0.4194 0.2793 0.0186 0.0248
126 0.5605 0.2128 0.1028 0.1104 0.0128 0.0008
127 0.4238 0.3352 0.1454 0.0841 0.0104 0.0011
128 0.1514 0.0507 0.0465 0.7393 0.0074 0.0046
129 0.2189 0.0399 0.0837 0.6187 0.0138 0.0251
130 0.5708 0.0565 0.1215 0.1882 0.0621 0.0007
131 0.1127 0.1381 0.3997 0.3210 0.0054 0.0231
132 0.1667 0.0668 0.2465 0.4675 0.0344 0.0180
133 0.1938 0.1232 0.0923 0.5742 0.0072 0.0092
134 0.1943 0.1125 0.2236 0.3865 0.0133 0.0698
135 0.1854 0.1636 0.1356 0.3865 0.0749 0.0540
136 0.1367 0.1782 0.2218 0.3716 0.0583 0.0335
137 0.1914 0.3308 0.3257 0.1337 0.0066 0.0118
138 0.2795 0.1165 0.2795 0.2927 0.0085 0.0233
139 0.3523 0.0971 0.2240 0.2966 0.0174 0.0124
140 0.4683 0.0997 0.0997 0.2467 0.0486 0.0370
141 0.3621 0.1322 0.2864 0.1486 0.0400 0.0309
142 0.0305 0.1000 0.2678 0.5581 0.0044 0.0392
143 0.2010 0.3420 0.2705 0.1259 0.0306 0.0299
144 0.1703 0.0926 0.3960 0.2988 0.0208 0.0217
145 0.1052 0.0331 0.2262 0.5098 0.0301 0.0958
146 0.1114 0.0573 0.1453 0.4839 0.1672 0.0348
147 0.1092 0.0733 0.1493 0.3694 0.2878 0.0110
148 0.2377 0.2064 0.2395 0.1534 0.1583 0.0047
149 0.1337 0.2876 0.2832 0.2056 0.0877 0.0024
150 0.2766 0.4187 0.1626 0.0812 0.0571 0.0039
151 0.0673 0.0663 0.2173 0.5054 0.0122 0.1318
152 0.0654 0.0559 0.2013 0.5220 0.0128 0.1427
153 0.0791 0.2084 0.3381 0.3127 0.0330 0.0286
154 0.0723 0.2881 0.2971 0.2749 0.0292 0.0387
155 0.0959 0.1487 0.2197 0.4438 0.0290 0.0629
156 0.1346 0.1959 0.3132 0.2720 0.0383 0.0458
157 0.0363 0.2021 0.0651 0.4485 0.2021 0.0458
158 0.0446 0.1272 0.0736 0.5610 0.1232 0.0703
159 0.0901 0.1619 0.2468 0.1364 0.0058 0.3591
160 0.0014 0.0097 0.0157 0.9585 0.0046 0.0100
161 0.0770 0.0268 0.2262 0.4788 0.0206 0.1708
162 0.0563 0.0782 0.7651 0.0770 0.0038 0.0196
163 0.1486 0.2336 0.0526 0.4946 0.0118 0.0586
164 0.0776 0.0707 0.6011 0.1094 0.0094 0.1320
165 0.0581 0.3242 0.3452 0.1416 0.0039 0.1270
166 0.0740 0.0396 0.4397 0.4329 0.0062 0.0074
167 0.0360 0.2878 0.4897 0.1517 0.0095 0.0253
168 0.0688 0.3962 0.4353 0.0818 0.0084 0.0093
169 0.0463 0.4529 0.3933 0.0920 0.0047 0.0109
170 0.0450 0.1167 0.4336 0.3123 0.0041 0.0881
171 0.1279 0.0752 0.2974 0.4001 0.0101 0.0893
172 0.0312 0.3748 0.4888 0.1008 0.0017 0.0028
173 0.0978 0.0762 0.6792 0.0652 0.0028 0.0786
174 0.1230 0.0782 0.5869 0.1138 0.0026 0.0958
175 0.0513 0.1201 0.4326 0.3477 0.0099 0.0384
176 0.0684 0.2140 0.4189 0.2107 0.0079 0.0800
177 0.1603 0.2157 0.2107 0.3696 0.0338 0.0098
178 0.1782 0.2676 0.3716 0.1549 0.0146 0.0131
179 0.1016 0.2634 0.3547 0.2325 0.0097 0.0380
180 0.0406 0.2164 0.4304 0.2130 0.0021 0.0975
181 0.0549 0.1181 0.2747 0.3811 0.0074 0.1639
182 0.0641 0.0462 0.2345 0.6084 0.0063 0.0407
183 0.1112 0.0233 0.2795 0.5474 0.0071 0.0316
184 0.0521 0.0283 0.3787 0.5176 0.0016 0.0219
185 0.1737 0.0664 0.0894 0.6401 0.0131 0.0172
186 0.1959 0.0193 0.0856 0.6631 0.0109 0.0253
187 0.2717 0.0720 0.2150 0.4143 0.0068 0.0203
188 0.1555 0.1981 0.3020 0.3372 0.0029 0.0043
189 0.1047 0.0578 0.1355 0.6460 0.0164 0.0394
190 0.1436 0.0870 0.2024 0.5249 0.0173 0.0249
191 0.1915 0.1718 0.2311 0.3635 0.0247 0.0173
192 0.2676 0.0312 0.1008 0.5845 0.0108 0.0052
193 0.0877 0.0824 0.4597 0.3110 0.0043 0.0549
194 0.1649 0.0611 0.0592 0.6943 0.0032 0.0175
195 0.1421 0.0388 0.1769 0.6270 0.0041 0.0111
196 0.2788 0.0323 0.1423 0.5288 0.0143 0.0034
197 0.2004 0.0223 0.1586 0.6079 0.0077 0.0031
198 0.0626 0.1433 0.5322 0.2118 0.0215 0.0287
199 0.4058 0.0891 0.1154 0.3723 0.0157 0.0016
200 0.3262 0.0285 0.1027 0.5215 0.0084 0.0130
201 0.3821 0.0712 0.0826 0.4536 0.0060 0.0045
202 0.1893 0.0450 0.0952 0.6401 0.0079 0.0224
203 0.3650 0.0569 0.2629 0.2888 0.0179 0.0085
204 0.1283 0.2717 0.2551 0.3127 0.0065 0.0257
205 0.0300 0.2593 0.4014 0.2673 0.0020 0.0401
206 0.0972 0.1774 0.4785 0.1530 0.0041 0.0899
207 0.1486 0.1569 0.4575 0.1722 0.0110 0.0538
208 0.0949 0.1277 0.2703 0.3418 0.0088 0.1565
209 0.0173 0.2174 0.3696 0.3313 0.0010 0.0632
210 0.1448 0.4973 0.2423 0.0594 0.0054 0.0508
211 0.1040 0.1797 0.1467 0.3987 0.0454 0.1255
212 0.0736 0.0538 0.1251 0.6260 0.0146 0.1071
213 0.1414 0.1392 0.1963 0.4709 0.0093 0.0428
214 0.0593 0.1216 0.3630 0.4246 0.0062 0.0253
215 0.0759 0.2129 0.4038 0.2864 0.0034 0.0176
216 0.1625 0.1346 0.3835 0.3035 0.0096 0.0062
217 0.1541 0.1425 0.6001 0.0864 0.0045 0.0126
218 0.1642 0.0718 0.5386 0.2109 0.0034 0.0112
219 0.0928 0.1059 0.5132 0.2542 0.0017 0.0323
220 0.1271 0.1440 0.5518 0.1462 0.0041 0.0266
221 0.0703 0.1334 0.4956 0.2869 0.0030 0.0109
222 0.1541 0.0516 0.1257 0.3472 0.0289 0.2925
