time exciting_prob fearful_prob tense_prob sad_prob relaxing_prob neutral_prob
0 0.8169 0.0071 0.0098 0.0547 0.0307 0.0809
1 0.8857 0.0106 0.0087 0.0240 0.0285 0.0424
2 0.8438 0.0162 0.0166 0.0451 0.0161 0.0621
3 0.8716 0.0141 0.0150 0.0298 0.0075 0.0621
4 0.9102 0.0304 0.0116 0.0450 0.0021 0.0008
5 0.9443 0.0193 0.0096 0.0256 0.0012 0.0003
6 0.3352 0.1105 0.1233 0.3149 0.0840 0.0322
7 0.4307 0.0924 0.0790 0.2915 0.0305 0.0760
8 0.1227 0.1287 0.3442 0.2810 0.0200 0.1033
9 0.1737 0.1938 0.0901 0.3735 0.0675 0.1013
10 0.2031 0.2732 0.0753 0.3245 0.1053 0.0184
11 0.5776 0.0109 0.1061 0.0729 0.0095 0.2228
12 0.4075 0.0760 0.0539 0.2844 0.1039 0.0742
13 0.3013 0.2039 0.1100 0.1348 0.0557 0.1945
14 0.6978 0.0228 0.0304 0.0482 0.0378 0.1631
15 0.6733 0.0495 0.0327 0.0383 0.0401 0.1663
16 0.4397 0.0425 0.0238 0.0664 0.0456 0.3821
17 0.7007 0.0360 0.0109 0.0135 0.1180 0.1208
18 0.3745 0.0146 0.1008 0.0682 0.0303 0.4114
19 0.4146 0.0202 0.1624 0.0602 0.0876 0.2554
20 0.3176 0.0263 0.0766 0.0495 0.0457 0.4844
21 0.3484 0.1006 0.0854 0.0771 0.0176 0.3708
22 0.4658 0.1215 0.1768 0.0597 0.0398 0.1366
23 0.2510 0.0154 0.0802 0.3708 0.2357 0.0471
24 0.3140 0.0339 0.1329 0.2524 0.1860 0.0806
25 0.2046 0.0741 0.1300 0.1936 0.3562 0.0416
26 0.2710 0.0690 0.0149 0.0638 0.0670 0.5142
27 0.4119 0.0662 0.0217 0.1017 0.0727 0.3259
28 0.2061 0.0384 0.2729 0.3850 0.0624 0.0350
29 0.2849 0.0876 0.2495 0.2554 0.0557 0.0667
30 0.3586 0.1506 0.0449 0.0294 0.2583 0.1580
31 0.1840 0.1188 0.1466 0.2036 0.1715 0.1755
32 0.4363 0.0412 0.0638 0.0513 0.0224 0.3850
33 0.4072 0.0778 0.1054 0.0397 0.0160 0.3538
34 0.3762 0.0387 0.0718 0.0591 0.0345 0.4197
35 0.2617 0.0459 0.0584 0.1600 0.0249 0.4490
36 0.6479 0.0148 0.0424 0.0857 0.0082 0.2008
37 0.1054 0.0104 0.0345 0.1204 0.0258 0.7036
38 0.3003 0.1620 0.3323 0.0353 0.0239 0.1464
39 0.2426 0.2925 0.3640 0.0303 0.0333 0.0372
40 0.4995 0.0946 0.0984 0.2098 0.0835 0.0142
41 0.2822 0.0027 0.0085 0.1941 0.0322 0.4802
42 0.6553 0.0083 0.0066 0.1520 0.0224 0.1556
43 0.5010 0.0166 0.0213 0.2832 0.0355 0.1425
44 0.1051 0.0572 0.1578 0.5957 0.0432 0.0412
45 0.3303 0.1421 0.1366 0.3354 0.0430 0.0125
46 0.3430 0.0809 0.1223 0.0983 0.2395 0.1158
47 0.3376 0.0605 0.1375 0.0665 0.3298 0.0681
48 0.2927 0.1519 0.1155 0.3369 0.0928 0.0105
49 0.2163 0.0895 0.0660 0.3247 0.1113 0.1924
50 0.3677 0.2230 0.1792 0.1013 0.0551 0.0735
51 0.1631 0.3911 0.1643 0.1580 0.0306 0.0929
52 0.3477 0.2903 0.0674 0.1506 0.0653 0.0788
53 0.3325 0.2050 0.2081 0.1302 0.0265 0.0975
54 0.3699 0.1554 0.2903 0.1191 0.0240 0.0415
55 0.1941 0.1957 0.0737 0.4585 0.0320 0.0461
56 0.4810 0.0656 0.0687 0.1466 0.1854 0.0527
57 0.3508 0.0490 0.0595 0.1998 0.2864 0.0546
58 0.3689 0.0593 0.1422 0.1216 0.1284 0.1797
59 0.1506 0.0339 0.0240 0.7417 0.0387 0.0112
60 0.1932 0.0459 0.0445 0.6587 0.0392 0.0185
61 0.3064 0.1948 0.0663 0.2903 0.1238 0.0184
62 0.1573 0.0849 0.1599 0.4211 0.0904 0.0862
63 0.1719 0.0934 0.1666 0.4390 0.0706 0.0585
64 0.1432 0.1868 0.1598 0.3833 0.0803 0.0465
65 0.3723 0.0603 0.0188 0.1873 0.0757 0.2856
66 0.5029 0.0676 0.0163 0.0591 0.0534 0.3005
67 0.2090 0.0205 0.0224 0.0927 0.0219 0.6338
68 0.1214 0.4766 0.1344 0.2216 0.0144 0.0317
69 0.1746 0.3872 0.1172 0.2073 0.0294 0.0844
70 0.4749 0.2622 0.1747 0.0418 0.0393 0.0069
71 0.5288 0.2499 0.1379 0.0272 0.0500 0.0061
72 0.0180 0.0079 0.0387 0.0872 0.8271 0.0210
73 0.0272 0.0114 0.0225 0.0190 0.9004 0.0197
74 0.0925 0.1526 0.0721 0.1245 0.4700 0.0883
75 0.2527 0.2266 0.2430 0.1556 0.1175 0.0046
76 0.1938 0.1354 0.2712 0.3220 0.0747 0.0028
77 0.1060 0.1860 0.1310 0.1981 0.3701 0.0088
78 0.2271 0.1081 0.1345 0.2167 0.3079 0.0057
79 0.1942 0.1443 0.1853 0.3831 0.0869 0.0063
80 0.1569 0.1569 0.1450 0.4131 0.1095 0.0187
81 0.0673 0.0716 0.2040 0.3994 0.2461 0.0117
82 0.1171 0.0955 0.1575 0.1600 0.4558 0.0141
83 0.0829 0.0804 0.0532 0.0322 0.7393 0.0118
84 0.1445 0.2639 0.3992 0.0063 0.0033 0.1827
85 0.1306 0.1050 0.2876 0.0151 0.0023 0.4595
86 0.2734 0.2529 0.3679 0.0551 0.0252 0.0252
87 0.5371 0.0134 0.0566 0.0377 0.0245 0.3308
88 0.2213 0.0175 0.0397 0.1750 0.0154 0.5308
89 0.1453 0.1323 0.0848 0.1910 0.0359 0.4106
90 0.0464 0.2842 0.4265 0.1724 0.0071 0.0634
91 0.1940 0.0284 0.0760 0.0573 0.0179 0.6265
92 0.1097 0.0094 0.0153 0.0457 0.0284 0.7915
93 0.5708 0.0150 0.3462 0.0365 0.0031 0.0284
94 0.2971 0.1136 0.1085 0.0757 0.0205 0.3845
95 0.4778 0.1871 0.1296 0.0524 0.0386 0.1144
96 0.4243 0.1727 0.2052 0.0720 0.0251 0.1008
97 0.1259 0.1694 0.2245 0.0981 0.3643 0.0179
98 0.1328 0.2482 0.2520 0.0372 0.3040 0.0258
99 0.1027 0.2542 0.1918 0.0892 0.3018 0.0604
100 0.3699 0.1831 0.1667 0.1642 0.0076 0.1085
101 0.5615 0.0854 0.1262 0.0440 0.0388 0.1442
102 0.3894 0.0636 0.0977 0.0349 0.1649 0.2495
103 0.4148 0.2477 0.1575 0.0241 0.0417 0.1143
104 0.1438 0.0115 0.0331 0.0467 0.0113 0.7534
105 0.2896 0.0359 0.0561 0.0557 0.0779 0.4849
106 0.3516 0.0404 0.0440 0.1133 0.0198 0.4309
107 0.3550 0.0208 0.0519 0.1576 0.0185 0.3960
108 0.3826 0.0179 0.0518 0.1779 0.0160 0.3538
109 0.5312 0.1738 0.0681 0.0197 0.0193 0.1880
110 0.5083 0.2053 0.1116 0.0234 0.0544 0.0970
111 0.3674 0.1362 0.1696 0.2126 0.0206 0.0936
112 0.4712 0.0405 0.0375 0.3611 0.0452 0.0445
113 0.4185 0.0267 0.1638 0.0593 0.0208 0.3108
114 0.6802 0.0892 0.0965 0.0205 0.0321 0.0812
115 0.3191 0.0734 0.2446 0.2192 0.0065 0.1372
116 0.2029 0.0509 0.0833 0.4792 0.0586 0.1250
117 0.3428 0.3374 0.0482 0.1937 0.0288 0.0490
118 0.5918 0.0595 0.0372 0.0250 0.1260 0.1605
119 0.3755 0.1102 0.0613 0.0278 0.3420 0.0831
120 0.4771 0.2150 0.0646 0.0340 0.1455 0.0640
121 0.2883 0.0696 0.0685 0.3269 0.1362 0.1104
122 0.3513 0.0731 0.0490 0.2491 0.1633 0.1141
123 0.5430 0.1567 0.0795 0.0634 0.0922 0.0654
124 0.5137 0.1460 0.0609 0.0965 0.1426 0.0405
125 0.1946 0.1237 0.2172 0.3362 0.0496 0.0786
126 0.2175 0.2092 0.3818 0.1508 0.0250 0.0156
127 0.1752 0.5068 0.0909 0.0160 0.2001 0.0109
128 0.2181 0.3569 0.0720 0.0263 0.3030 0.0239
129 0.4614 0.2693 0.0235 0.1582 0.0429 0.0446
130 0.1544 0.0577 0.0880 0.4832 0.0123 0.2046
131 0.4692 0.3276 0.0265 0.1080 0.0259 0.0426
132 0.2303 0.4800 0.1793 0.0457 0.0125 0.0522
133 0.1820 0.0859 0.3401 0.3096 0.0311 0.0513
134 0.0499 0.0809 0.1853 0.5620 0.0261 0.0961
135 0.3901 0.0927 0.0775 0.2766 0.0124 0.1505
136 0.5366 0.1335 0.0296 0.1755 0.0791 0.0458
137 0.0858 0.1437 0.1288 0.5591 0.0254 0.0571
138 0.2175 0.3757 0.1011 0.2316 0.0541 0.0198
139 0.0796 0.6460 0.0861 0.0288 0.1418 0.0178
140 0.2079 0.3945 0.1203 0.1724 0.0619 0.0432
141 0.2979 0.1261 0.0840 0.4268 0.0526 0.0126
142 0.0908 0.1053 0.0718 0.6104 0.0242 0.0974
143 0.3081 0.2380 0.0440 0.0215 0.3716 0.0170
144 0.1511 0.2737 0.0476 0.0510 0.4512 0.0253
145 0.2130 0.0665 0.0635 0.4878 0.0686 0.1006
146 0.2844 0.2395 0.0388 0.0391 0.3767 0.0216
147 0.1416 0.1921 0.0538 0.5601 0.0378 0.0144
148 0.0665 0.1205 0.6724 0.0969 0.0119 0.0319
149 0.1173 0.0973 0.1578 0.4641 0.0081 0.1554
150 0.1882 0.5278 0.1714 0.0785 0.0116 0.0223
151 0.1965 0.1531 0.3643 0.2427 0.0323 0.0113
152 0.2429 0.0894 0.2585 0.3823 0.0180 0.0088
153 0.1638 0.5005 0.0598 0.0200 0.2023 0.0536
154 0.1038 0.4370 0.0468 0.0324 0.3247 0.0551
155 0.2559 0.0768 0.0262 0.4819 0.1248 0.0344
156 0.1862 0.0490 0.0266 0.6152 0.0989 0.0242
157 0.2571 0.0465 0.0249 0.5117 0.1205 0.0394
158 0.3770 0.0772 0.0709 0.0984 0.0195 0.3569
159 0.1564 0.0215 0.0360 0.1042 0.0131 0.6689
160 0.2283 0.0211 0.0820 0.2031 0.0219 0.4436
161 0.2025 0.0063 0.0234 0.0768 0.0058 0.6851
162 0.4768 0.0046 0.0133 0.0527 0.0117 0.4409
163 0.4583 0.0045 0.0058 0.0968 0.0111 0.4238
164 0.3831 0.0049 0.0124 0.0815 0.0109 0.5073
165 0.3262 0.0039 0.0194 0.0995 0.0049 0.5464
166 0.5918 0.0370 0.1077 0.1631 0.0229 0.0776
167 0.5518 0.0425 0.0873 0.0239 0.0036 0.2908
168 0.1133 0.0779 0.1160 0.2289 0.1335 0.3303
169 0.1600 0.0024 0.0068 0.1306 0.0050 0.6953
170 0.1743 0.0030 0.0100 0.1057 0.0069 0.7002
171 0.3401 0.0196 0.0324 0.3455 0.0321 0.2301
172 0.2742 0.0152 0.1216 0.2617 0.0444 0.2830
173 0.1726 0.0282 0.1432 0.2397 0.1132 0.3030
174 0.7402 0.0047 0.0172 0.0912 0.0073 0.1392
175 0.7471 0.0088 0.0105 0.0717 0.0031 0.1591
176 0.5796 0.0026 0.0043 0.0645 0.0030 0.3462
177 0.7822 0.0135 0.0481 0.0927 0.0145 0.0492
178 0.7739 0.0211 0.0379 0.1560 0.0050 0.0060
179 0.3547 0.0626 0.1207 0.1526 0.0414 0.2678
180 0.3247 0.2649 0.2129 0.0361 0.0197 0.1418
181 0.2686 0.2749 0.2837 0.1339 0.0304 0.0087
182 0.1698 0.1301 0.1594 0.5068 0.0144 0.0195
183 0.1631 0.0331 0.1373 0.2410 0.0092 0.4163
184 0.0894 0.0525 0.2795 0.2281 0.0133 0.3372
185 0.5249 0.1190 0.2139 0.1257 0.0064 0.0100
186 0.5767 0.0857 0.0657 0.1731 0.0057 0.0934
187 0.4011 0.0245 0.2510 0.1672 0.0175 0.1387
188 0.1317 0.4155 0.3235 0.0445 0.0589 0.0259
189 0.1273 0.5615 0.2454 0.0216 0.0293 0.0148
190 0.0865 0.2793 0.1818 0.3848 0.0460 0.0215
191 0.0566 0.2206 0.2461 0.4597 0.0105 0.0065
192 0.0374 0.0466 0.2598 0.5332 0.0062 0.1171
193 0.1050 0.0818 0.4932 0.2087 0.0048 0.1066
194 0.0724 0.5874 0.3000 0.0168 0.0082 0.0151
195 0.2026 0.3936 0.2388 0.0652 0.0806 0.0193
196 0.1953 0.1406 0.3706 0.1923 0.0685 0.0326
197 0.3872 0.0584 0.1237 0.1118 0.0402 0.2788
198 0.3665 0.0496 0.1539 0.1962 0.0438 0.1901
199 0.1456 0.0392 0.0496 0.3896 0.0097 0.3662
200 0.3557 0.0224 0.0489 0.1309 0.0199 0.4224
201 0.2847 0.0267 0.0407 0.1205 0.0120 0.5156
202 0.2581 0.0093 0.0193 0.1425 0.0162 0.5547
203 0.3228 0.0410 0.1927 0.3491 0.0189 0.0755
204 0.2788 0.2461 0.2275 0.2089 0.0108 0.0278
205 0.1292 0.2864 0.4368 0.1292 0.0019 0.0167
206 0.1023 0.3225 0.4841 0.0809 0.0014 0.0087
207 0.1501 0.1169 0.4414 0.1783 0.0099 0.1032
208 0.3984 0.3201 0.1754 0.0611 0.0185 0.0263
209 0.4658 0.1727 0.1700 0.1283 0.0243 0.0388
210 0.4128 0.1129 0.2505 0.1519 0.0088 0.0633
211 0.2544 0.0852 0.3940 0.2043 0.0228 0.0393
212 0.2251 0.0518 0.4841 0.1584 0.0413 0.0391
213 0.1093 0.1145 0.6235 0.1219 0.0091 0.0215
214 0.1306 0.0190 0.4351 0.3184 0.0166 0.0805
215 0.0784 0.0157 0.4583 0.3250 0.0204 0.1022
216 0.1010 0.0108 0.3416 0.3870 0.0218 0.1379
217 0.1853 0.0726 0.1178 0.3516 0.0491 0.2235
218 0.9219 0.0227 0.0182 0.0320 0.0035 0.0016
219 0.9414 0.0261 0.0179 0.0090 0.0049 0.0007
220 0.9419 0.0265 0.0177 0.0085 0.0048 0.0007
221 0.9375 0.0299 0.0195 0.0077 0.0048 0.0006
222 0.9370 0.0301 0.0196 0.0077 0.0048 0.0006
223 0.5938 0.0291 0.0230 0.3127 0.0218 0.0195
224 0.1136 0.1553 0.1349 0.1288 0.0181 0.4492
225 0.8027 0.0901 0.0467 0.0367 0.0224 0.0013
226 0.8101 0.0881 0.0471 0.0342 0.0193 0.0010
227 0.8105 0.0881 0.0472 0.0340 0.0194 0.0010
228 0.8164 0.0874 0.0450 0.0316 0.0188 0.0009
229 0.8101 0.0854 0.0479 0.0362 0.0192 0.0011
230 0.8101 0.0854 0.0479 0.0362 0.0192 0.0011
231 0.8101 0.0854 0.0479 0.0362 0.0192 0.0011
232 0.8076 0.0864 0.0485 0.0372 0.0193 0.0011
233 0.7832 0.0936 0.0541 0.0435 0.0238 0.0016
234 0.5737 0.1121 0.0595 0.1749 0.0517 0.0281
