time exciting_prob fearful_prob tense_prob sad_prob relaxing_prob neutral_prob
0 0.1136 0.1553 0.1349 0.1288 0.0181 0.4492
1 0.1641 0.2705 0.1163 0.2581 0.0594 0.1318
2 0.0458 0.0253 0.6631 0.0941 0.0744 0.0970
3 0.0342 0.0572 0.7251 0.0659 0.0707 0.0471
4 0.2352 0.1495 0.2505 0.2625 0.0717 0.0306
5 0.0776 0.2974 0.3066 0.2043 0.0973 0.0169
6 0.1570 0.2866 0.2651 0.1487 0.1375 0.0052
7 0.1663 0.1959 0.1869 0.2515 0.1770 0.0225
8 0.0890 0.0440 0.1326 0.2964 0.3689 0.0693
9 0.1244 0.2100 0.2218 0.1912 0.2288 0.0239
10 0.1504 0.2239 0.2188 0.2087 0.1718 0.0265
11 0.1298 0.1229 0.2561 0.3213 0.1371 0.0331
12 0.1252 0.1895 0.3567 0.1559 0.0938 0.0790
13 0.1089 0.2067 0.3984 0.1536 0.0835 0.0491
14 0.1052 0.2141 0.3728 0.1603 0.0914 0.0563
15 0.2264 0.2605 0.1833 0.2487 0.0664 0.0147
16 0.1654 0.1680 0.2859 0.2157 0.1371 0.0279
17 0.0532 0.1799 0.2169 0.3257 0.1538 0.0704
18 0.0569 0.4014 0.1387 0.3433 0.0430 0.0166
19 0.0078 0.0593 0.0278 0.0574 0.8442 0.0036
20 0.0049 0.0281 0.0084 0.0074 0.9512 0.0001
21 0.0450 0.0348 0.0578 0.6938 0.0797 0.0889
22 0.0806 0.0845 0.0864 0.4602 0.1693 0.1191
23 0.0688 0.1024 0.0836 0.3521 0.2135 0.1798
24 0.0085 0.0344 0.0294 0.0240 0.9019 0.0018
25 0.0758 0.0659 0.0648 0.2688 0.2228 0.3020
26 0.0875 0.0726 0.0969 0.1345 0.1500 0.4585
27 0.0902 0.0975 0.1233 0.0522 0.2164 0.4204
28 0.0713 0.0615 0.0916 0.1290 0.5967 0.0498
29 0.0482 0.0853 0.1174 0.0352 0.6812 0.0329
30 0.0688 0.1033 0.1445 0.0598 0.4116 0.2119
31 0.0787 0.1027 0.0740 0.0818 0.1119 0.5508
32 0.2317 0.2668 0.2428 0.1240 0.1021 0.0326
33 0.2089 0.4026 0.2024 0.1381 0.0222 0.0259
34 0.0795 0.3794 0.2430 0.2301 0.0534 0.0145
35 0.0566 0.2040 0.2384 0.4250 0.0402 0.0357
36 0.3167 0.2159 0.0609 0.2352 0.1405 0.0309
37 0.2686 0.1628 0.1191 0.2296 0.1654 0.0545
38 0.0805 0.5288 0.0562 0.1338 0.1962 0.0045
39 0.0886 0.6104 0.0591 0.0453 0.1951 0.0014
40 0.0587 0.5317 0.0417 0.0220 0.3435 0.0022
41 0.2227 0.2603 0.0517 0.1077 0.2771 0.0806
42 0.1923 0.2842 0.1569 0.0577 0.1509 0.1581
43 0.3530 0.2371 0.1309 0.0813 0.1035 0.0943
44 0.1791 0.0974 0.4431 0.1655 0.0460 0.0690
45 0.1073 0.2167 0.3306 0.1913 0.0249 0.1294
46 0.0119 0.2751 0.0082 0.2177 0.4468 0.0403
47 0.0208 0.3145 0.0064 0.1737 0.4299 0.0547
48 0.1300 0.6553 0.0319 0.0076 0.1696 0.0056
49 0.0870 0.5293 0.0383 0.2500 0.0739 0.0217
50 0.0243 0.2764 0.0767 0.5327 0.0451 0.0448
51 0.0341 0.1381 0.0934 0.0424 0.6538 0.0381
52 0.1049 0.0553 0.5166 0.0911 0.2220 0.0102
53 0.1024 0.2573 0.2573 0.1089 0.2654 0.0087
54 0.0970 0.0883 0.2152 0.4148 0.1575 0.0271
55 0.0142 0.1136 0.0637 0.0455 0.7583 0.0046
56 0.1644 0.0314 0.1724 0.0471 0.5830 0.0015
57 0.1732 0.2330 0.3552 0.1199 0.1058 0.0126
58 0.0260 0.6646 0.2484 0.0170 0.0372 0.0066
59 0.0339 0.6553 0.0724 0.1544 0.0691 0.0148
60 0.0160 0.0120 0.0254 0.0068 0.9390 0.0009
61 0.1653 0.1615 0.2642 0.2705 0.0787 0.0599
62 0.0206 0.1385 0.4834 0.0908 0.2079 0.0587
63 0.0217 0.3123 0.3376 0.0624 0.1969 0.0691
64 0.5112 0.1039 0.1313 0.1039 0.1488 0.0007
65 0.2822 0.4690 0.0640 0.0324 0.1487 0.0036
66 0.2227 0.5176 0.1259 0.1003 0.0176 0.0160
67 0.1224 0.7739 0.0255 0.0037 0.0737 0.0009
68 0.1181 0.1118 0.5293 0.1018 0.1163 0.0227
69 0.1042 0.1887 0.4563 0.0920 0.1517 0.0069
70 0.1123 0.1595 0.5234 0.0556 0.1431 0.0062
71 0.0133 0.3550 0.4666 0.0549 0.0762 0.0341
72 0.0290 0.3394 0.3140 0.0328 0.2749 0.0101
73 0.0480 0.0978 0.0963 0.0096 0.7456 0.0029
74 0.0692 0.0975 0.1608 0.0132 0.6562 0.0030
75 0.0427 0.0566 0.0762 0.0163 0.8062 0.0023
76 0.1414 0.1627 0.1815 0.2480 0.2480 0.0182
77 0.0467 0.4226 0.2603 0.1875 0.0505 0.0326
78 0.0403 0.3760 0.1340 0.2883 0.1543 0.0073
79 0.0464 0.8818 0.0391 0.0201 0.0108 0.0019
80 0.0063 0.9507 0.0274 0.0116 0.0034 0.0004
81 0.4204 0.1132 0.2737 0.0483 0.1409 0.0035
82 0.2744 0.0705 0.2422 0.1842 0.2008 0.0278
83 0.0651 0.1151 0.3008 0.4731 0.0300 0.0159
84 0.0887 0.3457 0.1821 0.1292 0.2489 0.0054
85 0.1412 0.1827 0.1492 0.1827 0.3413 0.0028
86 0.1196 0.1072 0.6831 0.0816 0.0079 0.0004
87 0.0366 0.1860 0.6802 0.0663 0.0166 0.0141
88 0.1677 0.0545 0.1552 0.5947 0.0225 0.0052
89 0.1296 0.1746 0.5249 0.1228 0.0424 0.0056
90 0.0522 0.1442 0.5444 0.2415 0.0174 0.0005
91 0.1781 0.2018 0.3225 0.2759 0.0208 0.0010
92 0.3333 0.1433 0.2202 0.1663 0.1216 0.0156
93 0.4780 0.1931 0.1589 0.0637 0.1042 0.0020
94 0.0271 0.6714 0.0754 0.1407 0.0479 0.0373
95 0.3411 0.1489 0.0704 0.3926 0.0131 0.0340
96 0.1422 0.0704 0.0862 0.6475 0.0031 0.0507
97 0.0912 0.0618 0.0504 0.7764 0.0039 0.0164
98 0.0217 0.1155 0.0328 0.0758 0.7534 0.0007
99 0.1146 0.2280 0.5020 0.1240 0.0072 0.0242
100 0.1681 0.2793 0.3042 0.2191 0.0222 0.0071
101 0.0390 0.1591 0.1027 0.5552 0.0537 0.0906
102 0.1027 0.3137 0.1566 0.3237 0.0995 0.0036
103 0.0419 0.1967 0.1439 0.4792 0.0914 0.0471
104 0.0446 0.4944 0.1331 0.2732 0.0449 0.0099
105 0.0153 0.1570 0.0498 0.0714 0.7036 0.0028
106 0.0136 0.2500 0.0360 0.0994 0.5996 0.0013
107 0.0048 0.1576 0.0156 0.0575 0.7637 0.0007
108 0.0280 0.8311 0.0349 0.0607 0.0395 0.0061
109 0.0268 0.3398 0.2817 0.2817 0.0609 0.0091
110 0.0051 0.6997 0.0646 0.1797 0.0495 0.0015
111 0.0220 0.4412 0.3130 0.0671 0.1421 0.0146
112 0.0064 0.8452 0.1025 0.0434 0.0012 0.0013
113 0.0048 0.4631 0.3184 0.0667 0.1434 0.0035
114 0.0099 0.2117 0.2289 0.1489 0.3955 0.0049
115 0.0800 0.0477 0.1042 0.1746 0.5903 0.0030
116 0.0747 0.0659 0.1121 0.3196 0.4231 0.0046
117 0.2076 0.3423 0.0517 0.1461 0.2428 0.0094
118 0.3252 0.3054 0.1000 0.0243 0.2200 0.0251
119 0.0641 0.2722 0.0285 0.1091 0.3721 0.1539
120 0.0478 0.2925 0.0638 0.5132 0.0769 0.0056
121 0.1371 0.0899 0.1628 0.0481 0.5015 0.0604
122 0.1149 0.1149 0.0861 0.0216 0.6514 0.0112
123 0.1295 0.2236 0.1586 0.1367 0.2827 0.0687
124 0.1200 0.5996 0.1181 0.0118 0.1482 0.0021
125 0.0856 0.5581 0.1170 0.1798 0.0383 0.0211
126 0.0475 0.4263 0.1921 0.2627 0.0329 0.0385
127 0.0589 0.2402 0.3086 0.2347 0.0395 0.1180
128 0.0319 0.2062 0.1907 0.0164 0.5430 0.0119
129 0.0402 0.2224 0.1932 0.0160 0.5171 0.0110
130 0.0358 0.2246 0.2281 0.0179 0.4829 0.0107
131 0.0181 0.1511 0.1273 0.0156 0.6772 0.0106
132 0.0147 0.0568 0.0724 0.0136 0.8096 0.0329
133 0.0706 0.5342 0.0328 0.1748 0.1818 0.0059
134 0.1256 0.6279 0.0343 0.0335 0.1716 0.0070
135 0.0989 0.5513 0.0412 0.1289 0.1721 0.0073
136 0.0354 0.8057 0.0351 0.0178 0.1033 0.0026
137 0.0540 0.6479 0.0320 0.0285 0.2347 0.0028
138 0.0765 0.2178 0.0221 0.5142 0.1321 0.0373
139 0.0540 0.7451 0.0411 0.0462 0.1099 0.0038
140 0.0828 0.2147 0.1836 0.3948 0.0475 0.0765
141 0.0607 0.5669 0.1389 0.1400 0.0480 0.0451
142 0.0114 0.4570 0.0833 0.0467 0.3972 0.0044
143 0.0179 0.7422 0.1462 0.0292 0.0609 0.0034
144 0.0226 0.8071 0.0541 0.0562 0.0580 0.0018
145 0.4534 0.0988 0.0943 0.1472 0.0396 0.1667
146 0.4993 0.0697 0.0991 0.2250 0.0317 0.0754
147 0.4077 0.2416 0.0556 0.1047 0.0192 0.1713
148 0.0355 0.1288 0.1019 0.1616 0.5464 0.0256
149 0.0414 0.1945 0.1083 0.1716 0.4629 0.0213
150 0.0636 0.2477 0.2053 0.3958 0.0544 0.0333
151 0.0385 0.3354 0.1512 0.3462 0.0797 0.0491
152 0.0612 0.1759 0.2922 0.1887 0.2312 0.0508
153 0.2103 0.2920 0.2659 0.1842 0.0164 0.0310
154 0.3975 0.2195 0.1833 0.1311 0.0370 0.0316
155 0.0641 0.4963 0.1586 0.0687 0.1561 0.0561
156 0.1186 0.4954 0.0847 0.0475 0.2490 0.0048
157 0.2822 0.4763 0.1252 0.0450 0.0620 0.0092
158 0.2347 0.4119 0.2722 0.0641 0.0136 0.0034
159 0.0688 0.5898 0.2659 0.0558 0.0177 0.0018
160 0.2595 0.3059 0.3386 0.0427 0.0444 0.0089
161 0.3999 0.1919 0.2225 0.1437 0.0360 0.0059
162 0.2725 0.3210 0.2155 0.0878 0.0878 0.0156
163 0.0939 0.1356 0.3923 0.1081 0.1187 0.1512
164 0.2324 0.3772 0.3176 0.0315 0.0401 0.0011
165 0.0175 0.0227 0.0194 0.0113 0.9277 0.0014
166 0.0309 0.2432 0.0702 0.1364 0.5146 0.0046
167 0.0969 0.5405 0.3127 0.0145 0.0307 0.0049
168 0.0709 0.6172 0.1313 0.0626 0.0903 0.0280
169 0.1095 0.3618 0.2264 0.2649 0.0293 0.0081
170 0.0323 0.1887 0.0466 0.5723 0.0979 0.0622
171 0.0322 0.5537 0.0869 0.1573 0.1388 0.0312
172 0.1157 0.1558 0.4988 0.1462 0.0807 0.0029
173 0.0900 0.1361 0.5342 0.1748 0.0618 0.0033
174 0.0716 0.5049 0.1915 0.1962 0.0135 0.0225
175 0.0641 0.4448 0.1399 0.3057 0.0276 0.0181
176 0.0332 0.4304 0.2065 0.2822 0.0267 0.0208
177 0.0384 0.1749 0.0591 0.4468 0.0142 0.2666
178 0.0326 0.4358 0.1654 0.3088 0.0466 0.0108
179 0.0300 0.6523 0.1207 0.0672 0.1207 0.0089
180 0.0045 0.2556 0.0511 0.6841 0.0025 0.0020
181 0.1261 0.0605 0.5142 0.2585 0.0193 0.0212
182 0.0781 0.1447 0.1541 0.5459 0.0222 0.0549
183 0.0171 0.3220 0.0196 0.4541 0.1521 0.0353
184 0.0269 0.5752 0.0158 0.1015 0.2737 0.0071
185 0.0892 0.1979 0.0913 0.3699 0.1298 0.1219
186 0.1013 0.3884 0.1223 0.2932 0.0702 0.0244
187 0.0112 0.2673 0.0417 0.5571 0.0698 0.0526
188 0.0651 0.3008 0.3923 0.1225 0.0330 0.0862
189 0.0202 0.4736 0.2783 0.1490 0.0377 0.0411
190 0.0704 0.1782 0.0626 0.3955 0.0278 0.2656
191 0.0203 0.2983 0.3953 0.1809 0.0574 0.0479
192 0.0206 0.3052 0.3101 0.2693 0.0522 0.0426
193 0.0398 0.3867 0.0322 0.3521 0.1743 0.0149
194 0.0549 0.3608 0.3086 0.2294 0.0106 0.0355
195 0.0710 0.1930 0.3181 0.3662 0.0070 0.0444
196 0.1101 0.5503 0.0673 0.0623 0.1200 0.0898
197 0.0498 0.6880 0.0616 0.0376 0.0307 0.1323
198 0.0728 0.5376 0.0637 0.0462 0.0884 0.1917
199 0.1283 0.3030 0.2183 0.1355 0.1141 0.1007
200 0.1086 0.5781 0.0446 0.0256 0.2354 0.0078
201 0.1006 0.1713 0.1740 0.1794 0.2693 0.1055
202 0.1498 0.3271 0.2163 0.0560 0.1879 0.0629
203 0.1048 0.2961 0.4377 0.0278 0.1304 0.0031
204 0.0656 0.6221 0.1957 0.0726 0.0404 0.0039
205 0.1373 0.4795 0.1395 0.2046 0.0356 0.0036
206 0.0415 0.7832 0.0685 0.0740 0.0304 0.0022
207 0.0528 0.4854 0.1504 0.1564 0.1469 0.0084
208 0.0478 0.3645 0.2625 0.1260 0.1129 0.0865
209 0.0405 0.4124 0.3784 0.0632 0.0474 0.0580
210 0.0411 0.4741 0.3208 0.0750 0.0414 0.0473
211 0.0671 0.3433 0.4172 0.0790 0.0235 0.0698
212 0.0370 0.3003 0.5786 0.0443 0.0054 0.0345
213 0.0205 0.0580 0.0532 0.0884 0.7759 0.0040
214 0.0915 0.2336 0.2283 0.1104 0.3320 0.0041
215 0.1018 0.1732 0.1666 0.1392 0.4155 0.0036
216 0.0114 0.0443 0.0534 0.1498 0.7373 0.0035
217 0.0322 0.7866 0.0646 0.0472 0.0535 0.0158
218 0.0493 0.6973 0.1121 0.0555 0.0521 0.0339
219 0.0450 0.4268 0.0901 0.2979 0.0815 0.0587
220 0.0413 0.1465 0.0479 0.4175 0.3008 0.0461
221 0.0688 0.2659 0.0672 0.2537 0.2310 0.1135
222 0.0395 0.2494 0.3491 0.1107 0.0278 0.2236
223 0.0322 0.5312 0.2981 0.0208 0.0362 0.0815
224 0.0720 0.3828 0.3486 0.0815 0.0938 0.0211
225 0.0489 0.5132 0.3418 0.0172 0.0689 0.0099
226 0.0823 0.5669 0.2896 0.0114 0.0414 0.0085
227 0.0240 0.1490 0.0507 0.5991 0.0575 0.1198
228 0.0327 0.3950 0.1465 0.2715 0.1105 0.0440
229 0.1256 0.1401 0.3362 0.1691 0.0343 0.1946
230 0.0633 0.2542 0.1591 0.3315 0.1011 0.0906
231 0.0482 0.3193 0.1095 0.2467 0.0196 0.2566
232 0.0142 0.5679 0.1277 0.2089 0.0603 0.0210
233 0.0330 0.4014 0.2937 0.1726 0.0410 0.0583
234 0.0612 0.2205 0.5542 0.0562 0.0811 0.0266
235 0.0633 0.4260 0.1735 0.2666 0.0529 0.0177
236 0.0749 0.7388 0.1611 0.0132 0.0105 0.0012
237 0.0399 0.3047 0.1791 0.2372 0.0997 0.1394
238 0.0795 0.1936 0.2487 0.3242 0.0795 0.0746
239 0.1205 0.2983 0.1141 0.1674 0.2673 0.0324
240 0.0817 0.5239 0.1561 0.0303 0.1929 0.0150
241 0.0421 0.4812 0.1161 0.1757 0.1256 0.0593
242 0.0587 0.2610 0.0861 0.2510 0.3027 0.0403
243 0.0335 0.7051 0.1598 0.0142 0.0810 0.0066
244 0.0448 0.6533 0.1962 0.0123 0.0864 0.0070
245 0.0092 0.4856 0.0481 0.3901 0.0488 0.0181
246 0.0266 0.1037 0.1439 0.5874 0.0071 0.1311
247 0.0623 0.4463 0.0684 0.2622 0.1340 0.0268
248 0.0231 0.7998 0.0589 0.0850 0.0211 0.0121
249 0.0665 0.5835 0.0569 0.2048 0.0179 0.0703
250 0.0360 0.2854 0.0963 0.0589 0.5166 0.0067
251 0.0337 0.2321 0.0569 0.0665 0.6021 0.0090
252 0.0306 0.1655 0.0422 0.0568 0.6968 0.0082
253 0.0271 0.1559 0.0472 0.0606 0.7041 0.0051
254 0.0571 0.3064 0.0303 0.4819 0.0716 0.0528
255 0.0917 0.1796 0.2200 0.0388 0.4175 0.0526
256 0.1093 0.4709 0.2993 0.0184 0.0812 0.0207
257 0.0733 0.2240 0.2620 0.2620 0.1447 0.0341
258 0.0194 0.1927 0.5664 0.1225 0.0954 0.0036
259 0.0484 0.3604 0.3035 0.0699 0.2069 0.0110
260 0.0021 0.9106 0.0284 0.0555 0.0022 0.0010
261 0.0216 0.7666 0.0429 0.1558 0.0069 0.0064
262 0.0475 0.2981 0.1752 0.3123 0.0464 0.1204
263 0.0966 0.2507 0.4133 0.2212 0.0063 0.0119
264 0.0454 0.4016 0.1838 0.3127 0.0079 0.0483
265 0.0498 0.4045 0.3201 0.2002 0.0188 0.0067
266 0.0587 0.0854 0.1343 0.4138 0.0145 0.2935
267 0.0464 0.4041 0.4167 0.0990 0.0203 0.0135
268 0.0567 0.5640 0.2043 0.1578 0.0085 0.0086
269 0.1392 0.4187 0.2705 0.1392 0.0283 0.0042
270 0.2402 0.3809 0.2421 0.0589 0.0732 0.0048
271 0.0442 0.7070 0.2123 0.0147 0.0170 0.0048
272 0.0349 0.7891 0.1591 0.0058 0.0090 0.0025
273 0.0434 0.6895 0.1091 0.1357 0.0064 0.0161
274 0.0232 0.7271 0.0848 0.1477 0.0033 0.0136
275 0.0308 0.7183 0.1136 0.1200 0.0025 0.0148
276 0.3000 0.4231 0.1848 0.0260 0.0468 0.0192
277 0.0822 0.3953 0.2512 0.2184 0.0291 0.0237
278 0.1246 0.2991 0.1576 0.3496 0.0438 0.0255
279 0.0327 0.8296 0.0171 0.0803 0.0183 0.0221
280 0.0566 0.7637 0.0106 0.0856 0.0622 0.0215
281 0.0292 0.2666 0.4980 0.1061 0.0740 0.0260
282 0.1464 0.0436 0.6929 0.0730 0.0056 0.0385
283 0.0870 0.2457 0.5806 0.0280 0.0061 0.0527
284 0.0550 0.0517 0.8081 0.0541 0.0204 0.0107
285 0.0434 0.0617 0.8188 0.0414 0.0051 0.0296
286 0.0370 0.0887 0.7432 0.0909 0.0230 0.0171
287 0.0335 0.1610 0.0661 0.3923 0.0269 0.3203
288 0.0490 0.0874 0.5190 0.2822 0.0211 0.0413
289 0.0794 0.2903 0.5259 0.0470 0.0206 0.0369
290 0.0478 0.0740 0.6099 0.2012 0.0318 0.0352
291 0.0828 0.1672 0.5928 0.1114 0.0146 0.0312
292 0.0323 0.2141 0.3586 0.3115 0.0096 0.0740
293 0.0972 0.0942 0.3237 0.3843 0.0769 0.0236
294 0.0933 0.2440 0.1492 0.4778 0.0310 0.0046
295 0.0295 0.1532 0.4646 0.2527 0.0026 0.0974
296 0.0217 0.3003 0.5879 0.0681 0.0063 0.0159
297 0.0622 0.1492 0.3108 0.2786 0.0354 0.1638
298 0.1924 0.3430 0.2549 0.1131 0.0808 0.0159
299 0.0270 0.8081 0.0482 0.0152 0.1011 0.0005
300 0.0095 0.9189 0.0351 0.0147 0.0218 0.0001
301 0.0089 0.9072 0.0274 0.0508 0.0051 0.0005
302 0.0055 0.9253 0.0133 0.0538 0.0022 0.0001
303 0.0051 0.1785 0.1033 0.7061 0.0017 0.0053
304 0.0099 0.3342 0.5864 0.0648 0.0034 0.0015
305 0.0308 0.3550 0.4216 0.1423 0.0180 0.0323
306 0.0889 0.4307 0.2781 0.1740 0.0261 0.0025
307 0.0334 0.7192 0.2299 0.0161 0.0009 0.0003
308 0.0232 0.5010 0.3442 0.1002 0.0259 0.0057
309 0.0690 0.3140 0.3613 0.2225 0.0224 0.0110
310 0.0271 0.3948 0.3767 0.1407 0.0350 0.0258
311 0.0064 0.7837 0.0873 0.0997 0.0201 0.0026
312 0.0773 0.1771 0.2742 0.3467 0.0327 0.0919
313 0.0562 0.5996 0.2661 0.0246 0.0528 0.0010
314 0.0865 0.2109 0.3267 0.3477 0.0145 0.0138
315 0.1134 0.1467 0.6787 0.0562 0.0035 0.0015
316 0.0475 0.1464 0.5703 0.2303 0.0030 0.0026
317 0.0576 0.0838 0.6904 0.1615 0.0041 0.0025
318 0.0933 0.2783 0.4661 0.1444 0.0125 0.0054
319 0.0710 0.4968 0.3931 0.0320 0.0053 0.0016
320 0.0451 0.1598 0.7622 0.0284 0.0028 0.0016
321 0.0228 0.0845 0.8535 0.0363 0.0012 0.0016
322 0.0315 0.0905 0.6899 0.1588 0.0034 0.0259
323 0.0565 0.1187 0.7217 0.0910 0.0042 0.0079
324 0.0325 0.4851 0.3838 0.0876 0.0038 0.0074
325 0.0263 0.2151 0.6675 0.0816 0.0061 0.0033
326 0.0313 0.3906 0.5093 0.0623 0.0027 0.0039
327 0.0293 0.6606 0.1037 0.1644 0.0217 0.0204
328 0.0199 0.3616 0.5513 0.0595 0.0025 0.0054
329 0.0146 0.3528 0.5908 0.0366 0.0029 0.0026
330 0.0267 0.1801 0.6792 0.0978 0.0059 0.0102
331 0.0080 0.4189 0.5552 0.0160 0.0013 0.0008
332 0.0191 0.2625 0.6914 0.0164 0.0054 0.0056
333 0.0258 0.3315 0.5381 0.0558 0.0060 0.0428
334 0.0282 0.3076 0.5703 0.0615 0.0098 0.0226
335 0.0155 0.5049 0.3110 0.1109 0.0075 0.0500
336 0.0275 0.4722 0.3945 0.0685 0.0139 0.0235
337 0.0217 0.0893 0.0643 0.7651 0.0541 0.0054
338 0.0787 0.0957 0.0935 0.3289 0.2351 0.1680
339 0.0080 0.0255 0.0112 0.0042 0.9502 0.0009
340 0.0099 0.0897 0.1702 0.6836 0.0241 0.0225
341 0.0124 0.1523 0.2083 0.5840 0.0230 0.0197
342 0.0240 0.3281 0.2874 0.3057 0.0430 0.0119
343 0.0842 0.4409 0.1572 0.1910 0.1196 0.0071
344 0.0500 0.4253 0.3696 0.1002 0.0512 0.0037
345 0.0630 0.2891 0.3435 0.2473 0.0275 0.0295
346 0.1152 0.2086 0.1198 0.4348 0.0884 0.0330
347 0.1492 0.3062 0.1162 0.2944 0.1266 0.0074
348 0.0916 0.4724 0.1140 0.2267 0.0881 0.0072
349 0.0381 0.3262 0.2900 0.2925 0.0378 0.0154
350 0.1501 0.1169 0.2219 0.2344 0.2004 0.0761
351 0.1167 0.1821 0.3147 0.2339 0.1343 0.0180
352 0.1015 0.1512 0.3127 0.2324 0.1824 0.0198
353 0.1151 0.2781 0.3599 0.1244 0.1047 0.0176
354 0.0807 0.4609 0.2976 0.0908 0.0638 0.0060
355 0.0475 0.5112 0.3223 0.0708 0.0446 0.0036
356 0.0644 0.2979 0.3049 0.1908 0.1406 0.0016
357 0.0630 0.3250 0.3174 0.1158 0.1766 0.0024
358 0.0892 0.3584 0.2878 0.0988 0.1641 0.0018
359 0.0776 0.4431 0.2354 0.1383 0.1005 0.0051
360 0.0551 0.4265 0.2430 0.1375 0.1343 0.0037
361 0.1191 0.1136 0.2522 0.4092 0.0913 0.0145
362 0.1777 0.0674 0.0908 0.3025 0.0685 0.2930
363 0.1777 0.0674 0.0908 0.3025 0.0685 0.2930
364 0.1777 0.0674 0.0908 0.3025 0.0685 0.2930
365 0.1777 0.0674 0.0908 0.3025 0.0685 0.2930
