time exciting_prob fearful_prob tense_prob sad_prob relaxing_prob neutral_prob
0 0.1129 0.1201 0.0950 0.2465 0.0256 0.3999
1 0.1129 0.1201 0.0950 0.2465 0.0256 0.3999
2 0.1538 0.0411 0.1009 0.6177 0.0575 0.0289
3 0.1669 0.0497 0.1077 0.5825 0.0586 0.0347
4 0.2573 0.0984 0.4771 0.0816 0.0810 0.0045
5 0.1976 0.1066 0.4854 0.0994 0.1033 0.0075
6 0.2380 0.1265 0.5000 0.0531 0.0791 0.0034
7 0.0880 0.0930 0.5264 0.2449 0.0319 0.0158
8 0.1158 0.0312 0.3979 0.3682 0.0370 0.0498
9 0.2603 0.0215 0.4224 0.1903 0.0372 0.0684
10 0.2030 0.4167 0.1053 0.2338 0.0065 0.0347
11 0.3242 0.4868 0.0846 0.0873 0.0070 0.0103
12 0.2544 0.3477 0.1669 0.1862 0.0138 0.0311
13 0.0615 0.1740 0.4043 0.2532 0.0778 0.0293
14 0.1368 0.0315 0.0780 0.6040 0.0557 0.0941
15 0.1854 0.1501 0.0646 0.2964 0.2986 0.0049
16 0.1772 0.1392 0.0652 0.3135 0.2991 0.0057
17 0.1136 0.0781 0.6050 0.1603 0.0378 0.0053
18 0.1849 0.1697 0.2798 0.1166 0.2468 0.0023
19 0.0686 0.1046 0.2146 0.0959 0.4988 0.0175
20 0.0318 0.0884 0.6431 0.2120 0.0121 0.0126
21 0.2786 0.2786 0.3777 0.0184 0.0451 0.0019
22 0.4675 0.0585 0.1831 0.1404 0.1361 0.0143
23 0.1101 0.0768 0.3286 0.3088 0.0489 0.1267
24 0.1384 0.2014 0.4829 0.0966 0.0591 0.0216
25 0.1996 0.0321 0.2483 0.4158 0.0210 0.0832
26 0.1311 0.0559 0.3621 0.3564 0.0457 0.0490
27 0.0174 0.0017 0.0125 0.0022 0.9653 0.0008
28 0.0099 0.0025 0.0069 0.0030 0.9756 0.0019
29 0.1665 0.0516 0.2832 0.4387 0.0331 0.0268
30 0.0323 0.0212 0.6636 0.2559 0.0213 0.0061
31 0.1417 0.0638 0.3975 0.3452 0.0422 0.0096
32 0.2893 0.2068 0.3203 0.1142 0.0671 0.0022
33 0.1929 0.1295 0.4924 0.1444 0.0307 0.0101
34 0.1003 0.0283 0.4324 0.2708 0.1642 0.0041
35 0.1223 0.0264 0.5029 0.2734 0.0649 0.0100
36 0.1151 0.0152 0.2417 0.4807 0.1399 0.0076
37 0.1173 0.0537 0.5957 0.0995 0.1298 0.0040
38 0.0701 0.0764 0.6348 0.1656 0.0412 0.0117
39 0.0848 0.0228 0.3984 0.4375 0.0495 0.0071
40 0.1155 0.0826 0.3730 0.2092 0.2159 0.0037
41 0.2173 0.0678 0.3391 0.2500 0.1200 0.0057
42 0.1214 0.1030 0.6118 0.1038 0.0547 0.0054
43 0.1205 0.0875 0.5840 0.1635 0.0134 0.0314
44 0.0466 0.0545 0.6953 0.1704 0.0259 0.0071
45 0.0643 0.1202 0.4607 0.2094 0.1279 0.0175
46 0.0895 0.1254 0.4241 0.2034 0.1511 0.0065
47 0.0928 0.1003 0.4463 0.2352 0.1155 0.0099
48 0.1104 0.1078 0.3345 0.2998 0.1156 0.0319
49 0.0890 0.3179 0.4519 0.0811 0.0544 0.0056
50 0.1042 0.3582 0.4495 0.0545 0.0235 0.0102
51 0.1655 0.3643 0.2952 0.1361 0.0228 0.0161
52 0.0930 0.0945 0.6113 0.1464 0.0429 0.0119
53 0.1024 0.1366 0.5039 0.1782 0.0640 0.0151
54 0.1047 0.1168 0.6416 0.1064 0.0102 0.0203
55 0.0876 0.1525 0.5361 0.1489 0.0709 0.0038
56 0.1497 0.2468 0.3914 0.1406 0.0680 0.0037
57 0.0337 0.0707 0.5562 0.3218 0.0130 0.0046
58 0.0410 0.0791 0.8242 0.0511 0.0019 0.0025
59 0.1711 0.1559 0.4509 0.1131 0.0748 0.0342
60 0.1141 0.1263 0.5234 0.1536 0.0760 0.0063
61 0.1049 0.1305 0.5669 0.0869 0.1057 0.0052
62 0.1406 0.0981 0.2908 0.3479 0.1121 0.0105
63 0.0746 0.0908 0.6011 0.1749 0.0486 0.0102
64 0.0704 0.0377 0.6841 0.1348 0.0589 0.0141
65 0.1467 0.1090 0.4211 0.2515 0.0404 0.0312
66 0.0634 0.1251 0.6870 0.1071 0.0085 0.0087
67 0.0227 0.0745 0.6440 0.2444 0.0064 0.0080
68 0.0152 0.0354 0.8311 0.1040 0.0070 0.0073
69 0.0212 0.0260 0.8281 0.1021 0.0101 0.0124
70 0.2299 0.1891 0.2930 0.2281 0.0378 0.0222
71 0.0465 0.0245 0.6523 0.2515 0.0122 0.0129
72 0.0247 0.0360 0.8652 0.0545 0.0088 0.0106
73 0.3250 0.2050 0.3625 0.0868 0.0172 0.0036
74 0.0304 0.0880 0.6816 0.1892 0.0066 0.0041
75 0.0697 0.2590 0.6309 0.0166 0.0233 0.0003
76 0.0717 0.0812 0.7466 0.0838 0.0142 0.0025
77 0.0568 0.0136 0.2079 0.7031 0.0162 0.0025
78 0.0654 0.0283 0.8477 0.0415 0.0029 0.0144
79 0.0080 0.0671 0.0785 0.8438 0.0011 0.0014
80 0.0330 0.2311 0.2703 0.4524 0.0098 0.0035
81 0.0760 0.0223 0.4878 0.3857 0.0213 0.0069
82 0.1108 0.0215 0.4116 0.4380 0.0114 0.0067
83 0.0684 0.0455 0.3525 0.5132 0.0083 0.0122
84 0.1216 0.1913 0.5322 0.0883 0.0641 0.0023
85 0.1887 0.1154 0.4121 0.2539 0.0240 0.0058
86 0.1962 0.1613 0.2517 0.3284 0.0575 0.0048
87 0.1670 0.0595 0.3425 0.3535 0.0347 0.0429
88 0.1320 0.0533 0.2505 0.4905 0.0187 0.0550
89 0.1152 0.0699 0.3232 0.3960 0.0191 0.0767
90 0.0283 0.0338 0.4285 0.2766 0.2257 0.0073
91 0.0373 0.0725 0.4172 0.3052 0.1633 0.0045
92 0.0324 0.1053 0.7310 0.1175 0.0107 0.0029
93 0.0309 0.1548 0.5273 0.2654 0.0205 0.0010
94 0.0926 0.1199 0.4453 0.3232 0.0130 0.0059
95 0.0766 0.1824 0.3005 0.2397 0.1941 0.0066
96 0.1476 0.0635 0.2737 0.4619 0.0440 0.0094
97 0.1039 0.0510 0.5156 0.2183 0.0984 0.0130
98 0.0201 0.0674 0.5474 0.2487 0.0951 0.0214
99 0.0711 0.1448 0.4602 0.2812 0.0336 0.0090
100 0.0520 0.1482 0.6436 0.1338 0.0173 0.0052
101 0.0434 0.1152 0.5718 0.2346 0.0310 0.0042
102 0.0481 0.0775 0.6045 0.2600 0.0062 0.0039
103 0.0602 0.0569 0.3079 0.4805 0.0754 0.0191
104 0.0624 0.0601 0.3428 0.4834 0.0382 0.0130
105 0.0530 0.0506 0.1632 0.6714 0.0518 0.0101
106 0.1787 0.1553 0.5088 0.1338 0.0188 0.0045
107 0.1047 0.0709 0.5889 0.2035 0.0257 0.0064
108 0.1460 0.1438 0.5259 0.1183 0.0604 0.0057
109 0.0468 0.0880 0.3621 0.3975 0.1037 0.0020
110 0.0479 0.1150 0.5981 0.1443 0.0931 0.0017
111 0.1086 0.0789 0.5474 0.2467 0.0169 0.0013
112 0.0571 0.0341 0.6738 0.1327 0.0804 0.0220
113 0.0649 0.1176 0.6982 0.0916 0.0254 0.0024
114 0.1100 0.0805 0.6333 0.1653 0.0060 0.0048
115 0.3052 0.0104 0.3403 0.3149 0.0235 0.0057
116 0.0368 0.0245 0.6123 0.3079 0.0063 0.0121
117 0.1123 0.0183 0.0332 0.1740 0.6562 0.0058
118 0.1199 0.0180 0.0386 0.1886 0.6284 0.0066
119 0.1142 0.1512 0.1573 0.0354 0.5405 0.0013
120 0.0968 0.1252 0.1376 0.1014 0.5356 0.0032
121 0.1030 0.1272 0.1740 0.1420 0.4512 0.0027
122 0.1154 0.0311 0.1995 0.2947 0.3340 0.0252
123 0.0729 0.0329 0.3267 0.2585 0.2839 0.0252
124 0.1282 0.0916 0.5029 0.2321 0.0297 0.0154
125 0.0409 0.0533 0.2815 0.5962 0.0189 0.0093
126 0.3452 0.0944 0.3479 0.1405 0.0696 0.0026
127 0.1300 0.2281 0.2246 0.1130 0.2998 0.0043
128 0.1825 0.1255 0.1073 0.1082 0.4734 0.0031
129 0.1057 0.0253 0.4810 0.3630 0.0166 0.0087
130 0.0813 0.0304 0.0586 0.0313 0.7715 0.0268
131 0.0952 0.0765 0.1271 0.0115 0.6870 0.0024
132 0.1234 0.0491 0.1740 0.5981 0.0514 0.0042
133 0.2216 0.0630 0.5439 0.0535 0.1149 0.0029
134 0.1791 0.1112 0.5264 0.0446 0.1373 0.0014
135 0.0612 0.0773 0.0911 0.0215 0.7451 0.0041
136 0.0579 0.0300 0.0791 0.0476 0.7744 0.0110
137 0.1871 0.1479 0.2944 0.3132 0.0515 0.0057
138 0.3552 0.2854 0.1917 0.0793 0.0871 0.0011
139 0.5024 0.0475 0.2031 0.2249 0.0201 0.0018
140 0.1919 0.0439 0.2279 0.4604 0.0393 0.0366
141 0.1552 0.1002 0.4929 0.1786 0.0673 0.0060
142 0.2098 0.0714 0.3252 0.3252 0.0574 0.0111
143 0.4951 0.0475 0.1698 0.1195 0.1672 0.0008
144 0.1439 0.0712 0.4871 0.2062 0.0789 0.0128
145 0.1272 0.0543 0.4043 0.3513 0.0475 0.0154
146 0.2281 0.0505 0.5220 0.1212 0.0740 0.0041
147 0.3462 0.0969 0.2717 0.1958 0.0803 0.0090
148 0.0910 0.0565 0.5664 0.2634 0.0152 0.0078
149 0.1836 0.0388 0.5229 0.2080 0.0429 0.0036
150 0.2859 0.0723 0.4714 0.0776 0.0893 0.0036
151 0.1530 0.0668 0.5684 0.1760 0.0316 0.0041
152 0.1005 0.0930 0.2864 0.4646 0.0457 0.0100
153 0.1804 0.2505 0.3372 0.1643 0.0619 0.0057
154 0.3228 0.0767 0.1254 0.0332 0.4409 0.0011
155 0.3027 0.1738 0.3623 0.0724 0.0861 0.0027
156 0.3450 0.2686 0.3091 0.0513 0.0238 0.0024
157 0.3313 0.1371 0.3289 0.1051 0.0949 0.0028
158 0.1528 0.0571 0.4780 0.2122 0.0941 0.0058
159 0.2109 0.0486 0.1804 0.5142 0.0399 0.0062
160 0.2202 0.1927 0.5322 0.0340 0.0195 0.0011
161 0.3608 0.0637 0.2329 0.2024 0.1370 0.0035
162 0.3816 0.2708 0.2158 0.0928 0.0378 0.0014
163 0.4829 0.1212 0.2391 0.1147 0.0419 0.0002
164 0.2267 0.1780 0.3679 0.1545 0.0714 0.0015
165 0.0947 0.2534 0.4377 0.1854 0.0068 0.0220
166 0.0619 0.2688 0.5347 0.1112 0.0109 0.0123
167 0.1765 0.0945 0.4951 0.2001 0.0329 0.0010
168 0.1575 0.0677 0.4314 0.3010 0.0407 0.0016
169 0.1543 0.1077 0.3701 0.3215 0.0384 0.0079
170 0.0963 0.0455 0.1827 0.4814 0.0448 0.1492
171 0.1200 0.1425 0.4187 0.2705 0.0366 0.0117
172 0.2020 0.4277 0.2720 0.0588 0.0320 0.0076
173 0.2690 0.4834 0.1428 0.0735 0.0309 0.0003
174 0.1344 0.3767 0.3403 0.0433 0.1038 0.0014
175 0.1216 0.0955 0.2700 0.0084 0.5044 0.0003
176 0.0664 0.0439 0.2527 0.0116 0.6255 0.0002
177 0.1748 0.2771 0.4001 0.1077 0.0283 0.0117
178 0.1232 0.0736 0.5972 0.1570 0.0087 0.0403
179 0.3687 0.2573 0.2290 0.0869 0.0574 0.0005
180 0.2668 0.3142 0.1936 0.1907 0.0337 0.0009
181 0.4717 0.2815 0.1862 0.0328 0.0231 0.0048
182 0.2568 0.0502 0.4236 0.1909 0.0748 0.0037
183 0.1152 0.0207 0.2365 0.5244 0.0078 0.0955
184 0.0569 0.4441 0.3486 0.0760 0.0714 0.0032
185 0.0922 0.2213 0.3323 0.3096 0.0347 0.0099
186 0.0717 0.2123 0.3088 0.3906 0.0115 0.0051
187 0.4534 0.0965 0.3066 0.1003 0.0415 0.0015
188 0.4333 0.1321 0.3323 0.0747 0.0252 0.0025
189 0.0532 0.2404 0.4490 0.2257 0.0085 0.0232
190 0.1724 0.2886 0.4470 0.0526 0.0182 0.0214
191 0.2477 0.1016 0.4485 0.1729 0.0234 0.0059
192 0.2078 0.1165 0.2544 0.4067 0.0115 0.0031
193 0.2128 0.2627 0.3374 0.1271 0.0457 0.0144
194 0.1125 0.0230 0.6279 0.1770 0.0544 0.0052
195 0.2089 0.0699 0.2878 0.3638 0.0627 0.0068
196 0.2905 0.0929 0.4229 0.1555 0.0246 0.0137
197 0.4775 0.0508 0.1108 0.3232 0.0346 0.0030
198 0.2158 0.1138 0.3044 0.2815 0.0807 0.0038
199 0.3855 0.0696 0.1879 0.3245 0.0314 0.0013
200 0.2108 0.0668 0.3420 0.3420 0.0313 0.0069
201 0.3743 0.1769 0.3462 0.0583 0.0433 0.0010
202 0.3992 0.0553 0.1527 0.2365 0.1316 0.0247
203 0.5337 0.0360 0.1371 0.1934 0.0775 0.0220
204 0.1393 0.1360 0.3042 0.3042 0.0950 0.0214
205 0.1686 0.0526 0.5703 0.1660 0.0403 0.0022
206 0.0273 0.0540 0.2344 0.6675 0.0061 0.0105
207 0.3032 0.0243 0.1573 0.4590 0.0491 0.0070
208 0.2413 0.0235 0.2032 0.4724 0.0530 0.0065
209 0.1399 0.0947 0.6782 0.0709 0.0111 0.0053
210 0.1523 0.0413 0.3433 0.3127 0.1132 0.0370
211 0.1758 0.1946 0.3931 0.0948 0.1171 0.0246
212 0.1963 0.1288 0.3340 0.2368 0.0837 0.0205
213 0.2173 0.1238 0.3340 0.1666 0.1371 0.0213
214 0.1768 0.1168 0.5234 0.1055 0.0506 0.0269
215 0.1448 0.0652 0.6094 0.0734 0.0652 0.0418
216 0.1020 0.0529 0.7422 0.0264 0.0226 0.0542
217 0.3018 0.0349 0.1298 0.0516 0.4785 0.0035
218 0.2346 0.1676 0.4382 0.0662 0.0811 0.0122
219 0.0636 0.0940 0.5039 0.1755 0.1057 0.0570
220 0.0745 0.1707 0.6143 0.0899 0.0328 0.0177
221 0.0843 0.0598 0.3896 0.4084 0.0325 0.0255
222 0.1510 0.0724 0.6978 0.0522 0.0122 0.0143
223 0.0818 0.1238 0.3813 0.3210 0.0668 0.0251
224 0.0971 0.0739 0.4089 0.2404 0.1481 0.0318
225 0.1184 0.1450 0.6157 0.0789 0.0329 0.0093
226 0.2396 0.0163 0.3174 0.2590 0.0291 0.1387
227 0.0500 0.0912 0.4783 0.3235 0.0463 0.0107
228 0.0547 0.1909 0.5522 0.1685 0.0239 0.0097
229 0.0683 0.0863 0.6738 0.1316 0.0265 0.0137
230 0.1100 0.1359 0.7173 0.0160 0.0187 0.0022
231 0.3804 0.0171 0.2915 0.1315 0.0307 0.1489
232 0.3511 0.0385 0.3430 0.0130 0.0130 0.2413
233 0.0643 0.1279 0.7026 0.0586 0.0355 0.0108
234 0.0217 0.1642 0.6699 0.1340 0.0079 0.0023
235 0.0378 0.0866 0.7139 0.1473 0.0101 0.0044
236 0.0318 0.0871 0.6050 0.2561 0.0082 0.0121
237 0.1949 0.0638 0.1775 0.4827 0.0668 0.0142
238 0.2360 0.0487 0.1465 0.4478 0.0578 0.0630
239 0.0156 0.0246 0.0608 0.8789 0.0005 0.0194
240 0.0769 0.0278 0.3445 0.4709 0.0399 0.0399
241 0.0649 0.0547 0.1487 0.6558 0.0370 0.0388
242 0.0591 0.1006 0.3679 0.3977 0.0388 0.0359
243 0.1249 0.1340 0.4717 0.2125 0.0439 0.0130
244 0.3555 0.0477 0.3088 0.2090 0.0481 0.0311
245 0.1078 0.0839 0.3645 0.3022 0.0403 0.1013
246 0.1963 0.0695 0.2500 0.2925 0.1381 0.0536
247 0.1683 0.0105 0.1632 0.5693 0.0347 0.0538
248 0.3877 0.0679 0.2445 0.1494 0.1483 0.0021
249 0.0448 0.0575 0.4382 0.3689 0.0688 0.0218
250 0.1037 0.0759 0.3047 0.4102 0.0680 0.0376
251 0.3623 0.0983 0.2673 0.1030 0.1420 0.0271
252 0.2264 0.1095 0.5391 0.0168 0.1070 0.0012
253 0.1406 0.0685 0.3169 0.4131 0.0262 0.0347
254 0.0964 0.0613 0.4358 0.1603 0.2350 0.0113
255 0.2139 0.0972 0.4221 0.1360 0.1277 0.0032
256 0.3687 0.1500 0.3713 0.0137 0.0954 0.0008
257 0.3196 0.1261 0.2649 0.1130 0.1697 0.0068
258 0.4575 0.0747 0.1290 0.1764 0.1130 0.0494
259 0.1929 0.0349 0.1503 0.5669 0.0434 0.0116
260 0.3230 0.0656 0.2308 0.2942 0.0756 0.0108
261 0.0855 0.1225 0.3953 0.3833 0.0100 0.0035
262 0.0376 0.1558 0.6768 0.1014 0.0155 0.0132
263 0.0482 0.2059 0.6494 0.0633 0.0215 0.0117
264 0.2671 0.0802 0.4236 0.1765 0.0297 0.0228
265 0.5083 0.0876 0.2700 0.0792 0.0480 0.0069
266 0.6021 0.0625 0.1880 0.0543 0.0828 0.0106
267 0.1159 0.0692 0.2915 0.3743 0.0961 0.0531
268 0.1177 0.2341 0.1987 0.1548 0.2654 0.0293
269 0.1036 0.2144 0.4646 0.1061 0.0199 0.0915
270 0.2006 0.1170 0.3633 0.2086 0.0602 0.0503
271 0.4492 0.0733 0.1602 0.2367 0.0512 0.0294
272 0.2729 0.0367 0.1383 0.4941 0.0439 0.0141
273 0.3806 0.1170 0.4116 0.0386 0.0473 0.0047
274 0.2012 0.2142 0.4194 0.1351 0.0260 0.0041
275 0.0611 0.1973 0.4309 0.2825 0.0133 0.0149
276 0.0623 0.1361 0.7710 0.0183 0.0115 0.0008
277 0.0453 0.2195 0.5605 0.1212 0.0198 0.0339
278 0.2247 0.2247 0.3794 0.0894 0.0582 0.0237
279 0.3911 0.0449 0.3562 0.1112 0.0894 0.0072
280 0.0554 0.0366 0.8394 0.0567 0.0093 0.0026
281 0.0678 0.0799 0.7700 0.0652 0.0137 0.0033
282 0.0688 0.0817 0.7817 0.0532 0.0108 0.0039
283 0.0932 0.3684 0.3572 0.0754 0.0925 0.0132
284 0.0995 0.4604 0.1846 0.0173 0.2371 0.0011
285 0.1046 0.1698 0.1909 0.0113 0.5229 0.0005
286 0.0725 0.2305 0.5840 0.0692 0.0362 0.0076
287 0.1040 0.2290 0.6079 0.0371 0.0197 0.0021
288 0.1053 0.2710 0.4944 0.0591 0.0669 0.0033
289 0.0852 0.1240 0.4678 0.2881 0.0306 0.0044
290 0.0634 0.2524 0.5430 0.0814 0.0572 0.0026
291 0.0392 0.4778 0.4419 0.0118 0.0291 0.0004
292 0.0454 0.0786 0.8442 0.0220 0.0085 0.0012
293 0.2128 0.2527 0.2817 0.1805 0.0582 0.0141
294 0.0912 0.1902 0.3901 0.2766 0.0244 0.0272
295 0.3022 0.1070 0.3823 0.1750 0.0284 0.0051
296 0.1820 0.2212 0.5649 0.0096 0.0203 0.0021
297 0.0477 0.1247 0.7881 0.0174 0.0190 0.0031
298 0.0376 0.1453 0.7612 0.0370 0.0171 0.0019
299 0.0728 0.3262 0.5503 0.0178 0.0318 0.0010
300 0.1304 0.2115 0.5576 0.0676 0.0298 0.0033
301 0.0205 0.1083 0.7402 0.1118 0.0086 0.0108
302 0.3579 0.2087 0.1227 0.0608 0.2479 0.0020
303 0.0890 0.0255 0.3254 0.4812 0.0570 0.0218
304 0.1627 0.3210 0.3933 0.0452 0.0717 0.0059
305 0.1519 0.0653 0.3020 0.4001 0.0550 0.0254
306 0.2546 0.2112 0.4758 0.0376 0.0196 0.0013
307 0.4917 0.1243 0.2034 0.0625 0.1150 0.0029
308 0.2234 0.3152 0.2915 0.0322 0.1366 0.0014
309 0.2445 0.1616 0.2407 0.2175 0.1340 0.0015
310 0.0470 0.2262 0.6445 0.0628 0.0090 0.0106
311 0.0654 0.0660 0.5068 0.2957 0.0457 0.0204
312 0.1594 0.0471 0.3706 0.3535 0.0675 0.0020
313 0.1021 0.0546 0.7368 0.0517 0.0449 0.0100
314 0.1188 0.0804 0.6626 0.1216 0.0135 0.0029
315 0.3784 0.0851 0.1963 0.2747 0.0647 0.0009
316 0.0900 0.0659 0.3972 0.3792 0.0381 0.0295
317 0.0540 0.0715 0.6680 0.1826 0.0129 0.0107
318 0.1650 0.0392 0.1689 0.5410 0.0721 0.0134
319 0.1693 0.0872 0.2157 0.4602 0.0572 0.0107
320 0.2625 0.1461 0.1495 0.4128 0.0254 0.0036
321 0.0553 0.0710 0.0732 0.7515 0.0455 0.0035
322 0.0461 0.0976 0.3569 0.4238 0.0126 0.0630
323 0.1545 0.2629 0.1063 0.1924 0.0248 0.2588
324 0.0799 0.3416 0.1296 0.4456 0.0009 0.0025
325 0.0430 0.3459 0.2781 0.3250 0.0055 0.0025
326 0.0352 0.2854 0.3286 0.3442 0.0041 0.0024
327 0.0212 0.1592 0.3879 0.4128 0.0150 0.0037
328 0.1716 0.0993 0.1676 0.4592 0.0744 0.0278
329 0.5801 0.0704 0.1024 0.1599 0.0677 0.0194
330 0.5664 0.0583 0.1124 0.1898 0.0540 0.0189
331 0.5239 0.0607 0.1245 0.2168 0.0491 0.0247
332 0.5522 0.0591 0.1088 0.2096 0.0457 0.0245
333 0.5454 0.1274 0.1074 0.1562 0.0138 0.0499
334 0.6904 0.1110 0.0751 0.0949 0.0132 0.0153
335 0.1136 0.1553 0.1349 0.1288 0.0181 0.4492
336 0.1136 0.1553 0.1349 0.1288 0.0181 0.4492
