time exciting_prob fearful_prob tense_prob sad_prob relaxing_prob neutral_prob
0 0.1136 0.1553 0.1349 0.1288 0.0181 0.4492
1 0.0367 0.1078 0.4397 0.3269 0.0595 0.0295
2 0.0198 0.2603 0.3450 0.2996 0.0489 0.0264
3 0.0198 0.2357 0.2590 0.4270 0.0370 0.0216
4 0.0278 0.3604 0.3281 0.1624 0.1082 0.0133
5 0.0250 0.2502 0.2793 0.3816 0.0521 0.0119
6 0.0209 0.2079 0.4006 0.2886 0.0696 0.0125
7 0.0213 0.2241 0.5210 0.1481 0.0722 0.0131
8 0.0220 0.3191 0.4097 0.1320 0.0996 0.0176
9 0.0270 0.2991 0.3552 0.1931 0.0870 0.0386
10 0.0226 0.4788 0.2297 0.1904 0.0695 0.0088
11 0.0223 0.5195 0.2417 0.1089 0.0869 0.0205
12 0.0282 0.5205 0.2874 0.0738 0.0750 0.0151
13 0.0338 0.3699 0.3726 0.1641 0.0318 0.0278
14 0.0339 0.3096 0.4946 0.1036 0.0071 0.0513
15 0.1060 0.2388 0.3699 0.1720 0.0485 0.0648
16 0.1040 0.1913 0.2573 0.3518 0.0245 0.0709
17 0.0688 0.5415 0.2461 0.1153 0.0059 0.0222
18 0.0467 0.4229 0.3345 0.1532 0.0056 0.0370
19 0.0262 0.0675 0.2932 0.6016 0.0027 0.0089
20 0.1343 0.1131 0.1924 0.5483 0.0033 0.0087
21 0.0896 0.0984 0.2632 0.5317 0.0044 0.0126
22 0.0653 0.0594 0.2244 0.6392 0.0064 0.0056
23 0.0312 0.5615 0.3152 0.0803 0.0080 0.0037
24 0.0629 0.5103 0.3677 0.0546 0.0041 0.0005
25 0.0615 0.2866 0.5884 0.0615 0.0017 0.0005
26 0.1075 0.5718 0.2137 0.0956 0.0084 0.0028
27 0.1937 0.3145 0.4231 0.0600 0.0076 0.0014
28 0.0839 0.2045 0.6299 0.0685 0.0086 0.0044
29 0.0455 0.5806 0.2070 0.1492 0.0083 0.0092
30 0.0285 0.7754 0.0312 0.1009 0.0562 0.0081
31 0.0204 0.7944 0.0793 0.0884 0.0114 0.0063
32 0.0707 0.3591 0.1013 0.4133 0.0416 0.0138
33 0.0327 0.2805 0.0671 0.5938 0.0188 0.0070
34 0.0798 0.2384 0.2617 0.3992 0.0095 0.0112
35 0.0648 0.5825 0.0623 0.1936 0.0638 0.0329
36 0.0483 0.3796 0.3052 0.2130 0.0530 0.0010
37 0.0453 0.4690 0.3174 0.1465 0.0147 0.0072
38 0.0287 0.6387 0.2500 0.0700 0.0113 0.0014
39 0.1556 0.5024 0.1005 0.1736 0.0439 0.0240
40 0.1007 0.6025 0.2571 0.0312 0.0029 0.0055
41 0.0558 0.2483 0.2642 0.3237 0.0061 0.1019
42 0.0859 0.6006 0.1965 0.1069 0.0066 0.0035
43 0.1157 0.4070 0.1078 0.2710 0.0106 0.0880
44 0.0837 0.5811 0.1368 0.1677 0.0149 0.0160
45 0.0219 0.1013 0.4792 0.1682 0.1394 0.0900
46 0.0277 0.1819 0.4165 0.1848 0.0497 0.1395
47 0.1025 0.2274 0.4592 0.1401 0.0203 0.0504
48 0.1686 0.2491 0.0991 0.3652 0.0483 0.0697
49 0.2338 0.2820 0.1879 0.2284 0.0569 0.0111
50 0.1353 0.4436 0.2910 0.0730 0.0382 0.0189
51 0.1106 0.3569 0.1523 0.2360 0.0991 0.0450
52 0.4250 0.2404 0.1639 0.1026 0.0553 0.0126
53 0.3186 0.3135 0.2642 0.0818 0.0175 0.0045
54 0.1868 0.4016 0.3435 0.0227 0.0430 0.0023
55 0.3198 0.2529 0.3796 0.0277 0.0191 0.0009
56 0.2072 0.5454 0.1002 0.0363 0.1100 0.0009
57 0.0466 0.7466 0.1528 0.0396 0.0130 0.0012
58 0.2009 0.4783 0.1553 0.1414 0.0209 0.0031
59 0.0552 0.5845 0.3279 0.0261 0.0057 0.0008
60 0.0850 0.5854 0.2275 0.0739 0.0112 0.0169
61 0.0605 0.1865 0.3027 0.4138 0.0120 0.0245
62 0.1002 0.3064 0.3113 0.2581 0.0173 0.0069
63 0.1589 0.2661 0.3694 0.1858 0.0154 0.0045
64 0.1371 0.2445 0.3042 0.2996 0.0118 0.0029
65 0.1587 0.3835 0.2477 0.1929 0.0136 0.0034
66 0.1310 0.1260 0.3674 0.3560 0.0133 0.0064
67 0.0282 0.4487 0.2439 0.1434 0.1099 0.0259
68 0.0121 0.8467 0.1060 0.0085 0.0252 0.0014
69 0.0074 0.7520 0.0445 0.0143 0.1814 0.0004
70 0.0048 0.1456 0.0220 0.0151 0.8125 0.0001
71 0.0439 0.3564 0.3794 0.1849 0.0058 0.0295
72 0.0745 0.4387 0.2703 0.1665 0.0047 0.0452
73 0.0839 0.2372 0.4099 0.2372 0.0075 0.0242
74 0.0356 0.2820 0.2732 0.1632 0.2450 0.0011
75 0.0145 0.6040 0.2292 0.0532 0.0986 0.0003
76 0.0413 0.4834 0.2430 0.1166 0.1104 0.0054
77 0.0760 0.3740 0.3406 0.1523 0.0284 0.0288
78 0.1631 0.3618 0.2668 0.1656 0.0314 0.0115
79 0.2112 0.3945 0.2283 0.1353 0.0071 0.0237
80 0.0802 0.1014 0.4915 0.2844 0.0127 0.0300
81 0.0419 0.5781 0.0376 0.0513 0.2864 0.0046
82 0.0029 0.0846 0.0146 0.0944 0.8027 0.0009
83 0.0045 0.0416 0.0055 0.0014 0.9468 0.0002
84 0.0127 0.0945 0.0136 0.0226 0.8555 0.0011
85 0.0279 0.4224 0.3447 0.1904 0.0107 0.0038
86 0.0389 0.3872 0.4387 0.1075 0.0208 0.0067
87 0.0345 0.5977 0.2571 0.0748 0.0335 0.0023
88 0.0160 0.8120 0.0251 0.0444 0.1016 0.0009
89 0.0173 0.2578 0.0891 0.0444 0.5898 0.0014
90 0.0128 0.8311 0.0377 0.0307 0.0876 0.0003
91 0.0092 0.4216 0.0524 0.0383 0.4778 0.0004
92 0.0034 0.4231 0.0117 0.0180 0.5435 0.0002
93 0.0080 0.6685 0.0227 0.0265 0.2742 0.0003
94 0.0070 0.4902 0.0180 0.0313 0.4534 0.0002
95 0.0359 0.6211 0.0494 0.0221 0.2671 0.0041
96 0.0315 0.5947 0.0405 0.0289 0.2898 0.0148
97 0.0114 0.8315 0.0462 0.0191 0.0897 0.0020
98 0.0352 0.4529 0.2106 0.1381 0.0242 0.1392
99 0.0285 0.3999 0.3020 0.2010 0.0387 0.0299
100 0.0971 0.4185 0.2008 0.2422 0.0178 0.0234
101 0.0703 0.4915 0.2712 0.1396 0.0175 0.0099
102 0.0423 0.4583 0.2018 0.0754 0.2181 0.0043
103 0.0066 0.7510 0.2151 0.0130 0.0140 0.0004
104 0.0229 0.4819 0.1759 0.0722 0.2462 0.0008
105 0.0386 0.2118 0.3660 0.3491 0.0098 0.0247
106 0.0836 0.4348 0.3899 0.0710 0.0134 0.0073
107 0.0784 0.3433 0.5151 0.0413 0.0144 0.0073
108 0.1437 0.1210 0.4861 0.1903 0.0294 0.0294
109 0.0759 0.3567 0.3484 0.0888 0.1252 0.0048
110 0.1203 0.3374 0.3765 0.1395 0.0095 0.0167
111 0.0526 0.4993 0.2251 0.0771 0.1409 0.0049
112 0.0485 0.5596 0.2903 0.0459 0.0537 0.0022
113 0.0334 0.7676 0.0797 0.0400 0.0784 0.0010
114 0.0456 0.6191 0.1027 0.0663 0.1653 0.0012
115 0.0444 0.6084 0.0904 0.1057 0.1503 0.0009
116 0.0743 0.5161 0.2515 0.1188 0.0287 0.0107
117 0.1113 0.6509 0.1232 0.0923 0.0206 0.0019
118 0.1686 0.4443 0.1376 0.1454 0.1007 0.0035
119 0.1356 0.4807 0.1335 0.1315 0.1081 0.0106
120 0.1186 0.4656 0.1852 0.0539 0.1726 0.0043
121 0.0321 0.5776 0.3728 0.0140 0.0023 0.0013
122 0.0350 0.4827 0.4465 0.0309 0.0039 0.0011
123 0.0914 0.6396 0.1593 0.0958 0.0110 0.0026
124 0.0806 0.6641 0.1802 0.0632 0.0099 0.0019
125 0.2649 0.4832 0.1710 0.0605 0.0151 0.0054
126 0.2305 0.5747 0.1344 0.0494 0.0071 0.0037
127 0.1281 0.7197 0.0951 0.0497 0.0055 0.0021
128 0.2561 0.4976 0.1934 0.0452 0.0052 0.0027
129 0.0750 0.3015 0.3752 0.1772 0.0294 0.0418
130 0.0657 0.1813 0.5625 0.1490 0.0386 0.0027
131 0.0787 0.5728 0.2424 0.0995 0.0066 0.0002
132 0.0980 0.6147 0.1965 0.0839 0.0063 0.0006
133 0.0722 0.6963 0.1641 0.0594 0.0077 0.0005
134 0.0690 0.6201 0.2668 0.0387 0.0047 0.0003
135 0.0478 0.5771 0.2996 0.0695 0.0042 0.0019
136 0.1318 0.4602 0.2296 0.1615 0.0143 0.0025
137 0.0975 0.5146 0.1821 0.1924 0.0079 0.0052
138 0.1108 0.4453 0.2700 0.1368 0.0338 0.0030
139 0.0504 0.4219 0.1516 0.3499 0.0227 0.0036
140 0.0595 0.1044 0.2299 0.5347 0.0696 0.0021
141 0.0593 0.2576 0.2537 0.2966 0.1306 0.0022
142 0.0670 0.2374 0.1879 0.3120 0.1953 0.0004
143 0.0615 0.1498 0.2145 0.5269 0.0464 0.0013
144 0.0703 0.2413 0.1808 0.4724 0.0345 0.0007
145 0.0484 0.1573 0.1345 0.6030 0.0523 0.0044
146 0.0365 0.5571 0.2532 0.1215 0.0293 0.0024
147 0.0325 0.4668 0.1886 0.2991 0.0106 0.0025
148 0.0126 0.2683 0.0477 0.6045 0.0663 0.0006
149 0.0503 0.3013 0.2786 0.3467 0.0220 0.0013
150 0.0399 0.2262 0.4429 0.0813 0.1935 0.0161
151 0.0460 0.6763 0.1342 0.0789 0.0610 0.0037
152 0.0455 0.4597 0.3311 0.1199 0.0399 0.0037
153 0.0657 0.4526 0.2385 0.1100 0.1317 0.0014
154 0.0435 0.4458 0.2559 0.1287 0.1238 0.0025
155 0.0347 0.2815 0.3906 0.0872 0.2042 0.0018
156 0.0515 0.1611 0.4082 0.0970 0.2783 0.0037
157 0.0598 0.4634 0.3015 0.0694 0.1025 0.0035
158 0.0410 0.6265 0.1064 0.0698 0.1548 0.0013
159 0.0808 0.5068 0.1545 0.1332 0.1204 0.0043
160 0.0663 0.5020 0.3423 0.0604 0.0248 0.0043
161 0.0512 0.5996 0.3208 0.0184 0.0094 0.0008
162 0.0828 0.5068 0.3652 0.0391 0.0045 0.0016
163 0.0164 0.4954 0.4438 0.0413 0.0025 0.0006
164 0.0193 0.2854 0.3335 0.3335 0.0244 0.0040
165 0.0208 0.5972 0.3567 0.0197 0.0039 0.0019
166 0.1038 0.3403 0.2267 0.2957 0.0273 0.0065
167 0.0299 0.3975 0.4575 0.1029 0.0113 0.0009
168 0.0248 0.5137 0.3369 0.1182 0.0042 0.0023
169 0.0525 0.5864 0.2791 0.0734 0.0019 0.0068
170 0.0788 0.3940 0.2428 0.2544 0.0118 0.0181
171 0.0547 0.5317 0.1622 0.1852 0.0314 0.0345
172 0.1410 0.5493 0.1825 0.0671 0.0327 0.0276
173 0.1122 0.6611 0.1261 0.0522 0.0231 0.0254
174 0.0467 0.5874 0.3047 0.0302 0.0189 0.0121
175 0.1926 0.5703 0.1824 0.0368 0.0115 0.0063
176 0.0903 0.4238 0.3101 0.1476 0.0153 0.0128
177 0.0421 0.1798 0.7227 0.0414 0.0051 0.0091
178 0.0533 0.1775 0.5645 0.1616 0.0189 0.0244
179 0.0384 0.4746 0.4189 0.0512 0.0048 0.0120
180 0.0499 0.4082 0.4624 0.0588 0.0099 0.0107
181 0.0229 0.5781 0.2668 0.0670 0.0198 0.0453
182 0.0340 0.4729 0.3201 0.1014 0.0298 0.0420
183 0.0325 0.5049 0.3469 0.0775 0.0191 0.0190
184 0.0271 0.5532 0.3518 0.0519 0.0068 0.0091
185 0.0271 0.6519 0.2939 0.0218 0.0031 0.0020
186 0.0167 0.5894 0.3804 0.0110 0.0010 0.0016
187 0.0267 0.5615 0.3625 0.0382 0.0018 0.0094
188 0.0563 0.6099 0.2925 0.0341 0.0020 0.0052
189 0.0845 0.4292 0.3728 0.0942 0.0086 0.0107
190 0.0173 0.8291 0.1282 0.0211 0.0024 0.0021
191 0.1262 0.4043 0.1865 0.2032 0.0606 0.0191
192 0.0797 0.5703 0.1559 0.1584 0.0104 0.0253
193 0.0436 0.4805 0.2825 0.1047 0.0656 0.0232
194 0.0410 0.6460 0.2268 0.0681 0.0075 0.0107
195 0.0382 0.6821 0.2394 0.0340 0.0044 0.0021
196 0.0393 0.6055 0.3093 0.0381 0.0018 0.0060
197 0.0667 0.3311 0.5332 0.0540 0.0062 0.0087
198 0.0749 0.6226 0.2362 0.0454 0.0157 0.0054
199 0.0878 0.5771 0.1589 0.1371 0.0285 0.0106
200 0.0992 0.3081 0.2961 0.2634 0.0253 0.0079
201 0.1342 0.3940 0.2710 0.1709 0.0214 0.0086
202 0.1175 0.3320 0.3452 0.1521 0.0422 0.0108
203 0.0555 0.3452 0.5347 0.0509 0.0086 0.0050
204 0.0505 0.2355 0.6299 0.0707 0.0068 0.0065
205 0.0356 0.3511 0.5029 0.1030 0.0019 0.0054
206 0.0368 0.4771 0.2915 0.1714 0.0130 0.0101
207 0.0178 0.3599 0.4995 0.0423 0.0050 0.0754
208 0.0415 0.6543 0.2561 0.0292 0.0097 0.0093
209 0.1207 0.2477 0.5986 0.0173 0.0083 0.0074
210 0.0844 0.2240 0.6636 0.0128 0.0123 0.0029
211 0.1161 0.2556 0.3777 0.2238 0.0191 0.0077
212 0.0723 0.5737 0.2646 0.0746 0.0093 0.0055
213 0.0295 0.0502 0.7046 0.1809 0.0049 0.0300
214 0.0504 0.2122 0.5767 0.1493 0.0046 0.0066
215 0.1418 0.2267 0.5742 0.0406 0.0034 0.0130
216 0.0628 0.1449 0.7534 0.0235 0.0032 0.0120
217 0.0790 0.1548 0.6514 0.0766 0.0042 0.0340
218 0.0728 0.1164 0.7891 0.0122 0.0008 0.0086
219 0.0904 0.4021 0.1562 0.3257 0.0162 0.0095
220 0.0683 0.2120 0.2517 0.4216 0.0308 0.0156
221 0.0245 0.0817 0.8584 0.0282 0.0019 0.0052
222 0.0407 0.1160 0.6782 0.1356 0.0043 0.0253
223 0.0746 0.1061 0.3589 0.4004 0.0538 0.0061
224 0.1475 0.2357 0.3916 0.1364 0.0881 0.0007
225 0.0801 0.3562 0.3320 0.1876 0.0419 0.0024
226 0.1210 0.4602 0.2542 0.1329 0.0285 0.0032
227 0.1840 0.1913 0.1274 0.2805 0.2117 0.0054
228 0.0952 0.1764 0.1184 0.4609 0.1406 0.0084
229 0.1055 0.3799 0.1204 0.2510 0.1409 0.0024
230 0.0417 0.4146 0.4553 0.0791 0.0049 0.0044
231 0.0428 0.5908 0.3115 0.0449 0.0085 0.0013
232 0.0424 0.6377 0.2039 0.0779 0.0333 0.0048
233 0.1193 0.4431 0.2908 0.1230 0.0207 0.0031
234 0.1772 0.3337 0.2385 0.2089 0.0389 0.0027
235 0.2050 0.3740 0.1753 0.2018 0.0400 0.0040
236 0.1295 0.2220 0.2086 0.3718 0.0626 0.0052
237 0.1785 0.0817 0.2595 0.4180 0.0451 0.0171
238 0.2632 0.1647 0.2018 0.2959 0.0665 0.0078
239 0.1158 0.1559 0.1355 0.5527 0.0216 0.0185
240 0.1299 0.0482 0.1495 0.6392 0.0237 0.0094
241 0.1714 0.0917 0.5278 0.1714 0.0178 0.0197
242 0.2593 0.0704 0.2593 0.3743 0.0275 0.0091
243 0.1733 0.4094 0.2297 0.1449 0.0390 0.0036
244 0.2175 0.1102 0.1890 0.4292 0.0290 0.0252
245 0.4041 0.1632 0.1646 0.2015 0.0290 0.0376
246 0.3806 0.2220 0.2327 0.1226 0.0289 0.0131
247 0.2488 0.1683 0.2798 0.2430 0.0288 0.0311
248 0.3110 0.1772 0.3259 0.1425 0.0236 0.0196
249 0.3445 0.3113 0.2520 0.0623 0.0264 0.0035
250 0.3745 0.1489 0.3254 0.1235 0.0181 0.0098
251 0.2566 0.2507 0.3169 0.1261 0.0160 0.0334
252 0.1104 0.2820 0.2864 0.2864 0.0307 0.0044
253 0.1798 0.2419 0.1503 0.3108 0.0993 0.0179
254 0.0721 0.0792 0.3662 0.4487 0.0119 0.0220
255 0.1420 0.2803 0.1971 0.2341 0.1323 0.0141
256 0.1437 0.1350 0.1460 0.5342 0.0297 0.0115
257 0.2246 0.3218 0.2817 0.1372 0.0336 0.0012
258 0.2024 0.2559 0.3931 0.1208 0.0253 0.0026
259 0.0380 0.0738 0.6226 0.1990 0.0068 0.0598
260 0.0416 0.2230 0.2910 0.1893 0.0063 0.2489
261 0.0357 0.1010 0.5088 0.2683 0.0055 0.0806
262 0.1016 0.1548 0.4622 0.2573 0.0228 0.0013
263 0.1379 0.2205 0.5205 0.1025 0.0141 0.0042
264 0.1619 0.4133 0.2178 0.1937 0.0099 0.0035
265 0.1598 0.3203 0.4050 0.0903 0.0218 0.0028
266 0.1643 0.2666 0.3645 0.1951 0.0052 0.0043
267 0.2468 0.3169 0.2627 0.1497 0.0179 0.0059
268 0.2581 0.2463 0.1830 0.1654 0.1382 0.0090
269 0.2842 0.3425 0.2754 0.0807 0.0130 0.0042
270 0.2117 0.3464 0.1649 0.2494 0.0181 0.0096
271 0.1754 0.1023 0.1838 0.4480 0.0450 0.0454
272 0.1611 0.1945 0.2006 0.4246 0.0131 0.0061
273 0.1045 0.4165 0.3169 0.1260 0.0266 0.0096
274 0.1556 0.0974 0.5562 0.1497 0.0286 0.0124
275 0.1962 0.4319 0.2137 0.1135 0.0405 0.0042
276 0.2017 0.1038 0.3826 0.2001 0.1105 0.0013
277 0.2905 0.2245 0.1270 0.1997 0.1129 0.0456
278 0.1721 0.0966 0.2524 0.3369 0.0981 0.0439
279 0.2003 0.3713 0.2654 0.1313 0.0247 0.0067
280 0.1744 0.1992 0.3184 0.2089 0.0857 0.0132
281 0.2308 0.0291 0.4663 0.2202 0.0222 0.0315
282 0.2832 0.3286 0.1287 0.2139 0.0378 0.0078
283 0.2839 0.2998 0.1450 0.2448 0.0240 0.0026
284 0.1512 0.2201 0.2417 0.3545 0.0261 0.0064
285 0.1630 0.1592 0.5557 0.1094 0.0078 0.0053
286 0.0519 0.2742 0.5894 0.0646 0.0122 0.0076
287 0.2263 0.2710 0.2751 0.1383 0.0866 0.0026
288 0.1200 0.3640 0.4355 0.0603 0.0180 0.0022
289 0.0939 0.7329 0.1388 0.0136 0.0206 0.0004
290 0.2052 0.5039 0.2118 0.0257 0.0515 0.0017
291 0.1154 0.7583 0.0678 0.0481 0.0097 0.0006
292 0.2239 0.6133 0.0811 0.0744 0.0063 0.0008
293 0.2435 0.4768 0.1957 0.0645 0.0185 0.0008
294 0.0968 0.7798 0.1063 0.0100 0.0069 0.0004
295 0.2069 0.4348 0.3494 0.0030 0.0056 0.0004
296 0.0831 0.2539 0.3813 0.2581 0.0190 0.0046
297 0.1136 0.1553 0.1349 0.1288 0.0181 0.4492
