time exciting_prob fearful_prob tense_prob sad_prob relaxing_prob neutral_prob
0 0.1136 0.1553 0.1349 0.1288 0.0181 0.4492
1 0.1818 0.3264 0.2603 0.1667 0.0558 0.0089
2 0.0992 0.2573 0.4446 0.0767 0.1151 0.0071
3 0.0393 0.3613 0.4822 0.0812 0.0333 0.0027
4 0.2373 0.0316 0.0064 0.7085 0.0101 0.0060
5 0.4985 0.1053 0.0135 0.3647 0.0126 0.0053
6 0.2573 0.1840 0.0230 0.4883 0.0423 0.0050
7 0.0502 0.0591 0.1823 0.6309 0.0159 0.0615
8 0.3936 0.0633 0.1530 0.3640 0.0098 0.0163
9 0.3188 0.1360 0.3420 0.1760 0.0178 0.0093
10 0.3357 0.0098 0.0561 0.5801 0.0127 0.0053
11 0.0387 0.0313 0.0865 0.5386 0.2209 0.0839
12 0.0609 0.0801 0.1005 0.2886 0.4399 0.0299
13 0.0643 0.1240 0.1094 0.3821 0.2605 0.0595
14 0.1069 0.1790 0.1461 0.4001 0.1362 0.0316
15 0.0637 0.2041 0.1692 0.2600 0.2769 0.0262
16 0.0178 0.0534 0.3457 0.4800 0.0142 0.0888
17 0.0374 0.2202 0.5322 0.1216 0.0503 0.0383
18 0.0220 0.0800 0.3188 0.4495 0.0326 0.0972
19 0.0176 0.0153 0.1115 0.7383 0.0324 0.0848
20 0.0671 0.1548 0.1523 0.4341 0.1648 0.0269
21 0.1078 0.1532 0.2607 0.3193 0.1362 0.0228
22 0.1075 0.2788 0.2725 0.1887 0.1298 0.0227
23 0.0333 0.2222 0.3899 0.3083 0.0193 0.0272
24 0.0978 0.3206 0.3992 0.1379 0.0312 0.0133
25 0.0314 0.0464 0.1194 0.6870 0.0262 0.0894
26 0.0401 0.2437 0.3408 0.2676 0.0255 0.0823
27 0.0345 0.1586 0.3154 0.3716 0.0282 0.0918
28 0.0425 0.0192 0.1951 0.6597 0.0138 0.0696
29 0.0439 0.3586 0.1383 0.3757 0.0439 0.0396
30 0.0344 0.1471 0.2881 0.3845 0.0381 0.1077
31 0.1072 0.0495 0.1377 0.5322 0.0188 0.1548
32 0.1124 0.1755 0.2201 0.3518 0.0186 0.1216
33 0.0421 0.0657 0.3867 0.4248 0.0075 0.0732
34 0.0592 0.1741 0.4958 0.2083 0.0174 0.0454
35 0.0372 0.0995 0.6099 0.2279 0.0029 0.0226
36 0.0390 0.0350 0.3850 0.4365 0.0629 0.0416
37 0.0870 0.0780 0.4153 0.3235 0.0320 0.0642
38 0.1495 0.2317 0.4065 0.1427 0.0467 0.0228
39 0.0595 0.0712 0.4832 0.2229 0.0331 0.1300
40 0.0633 0.1320 0.1846 0.4939 0.0425 0.0839
41 0.0640 0.0284 0.1586 0.6172 0.0356 0.0961
42 0.0821 0.0834 0.3374 0.3977 0.0464 0.0530
43 0.1272 0.1302 0.2981 0.3799 0.0376 0.0269
44 0.1104 0.1395 0.3911 0.2732 0.0358 0.0501
45 0.0255 0.3152 0.4844 0.1466 0.0064 0.0218
46 0.0212 0.0331 0.1758 0.5947 0.0099 0.1652
47 0.0250 0.1112 0.6201 0.1982 0.0067 0.0387
48 0.0718 0.1533 0.3245 0.3220 0.0288 0.0997
49 0.0516 0.1815 0.2294 0.3286 0.0303 0.1786
50 0.0510 0.2114 0.4546 0.2251 0.0195 0.0382
51 0.0656 0.1572 0.1168 0.4045 0.0198 0.2360
52 0.0563 0.3530 0.3091 0.1733 0.0119 0.0965
53 0.3586 0.0914 0.3115 0.1438 0.0396 0.0550
54 0.0545 0.2042 0.3313 0.2424 0.0169 0.1505
55 0.0420 0.2167 0.1064 0.4919 0.0156 0.1273
56 0.0564 0.1533 0.2162 0.4402 0.0364 0.0975
57 0.0818 0.2642 0.2603 0.2993 0.0623 0.0320
58 0.0255 0.3413 0.3748 0.2239 0.0234 0.0111
59 0.0696 0.0989 0.3914 0.3735 0.0450 0.0216
60 0.0679 0.1427 0.4395 0.2927 0.0163 0.0409
61 0.0205 0.0868 0.6938 0.1523 0.0130 0.0337
62 0.0391 0.0416 0.2510 0.5400 0.0228 0.1055
63 0.0264 0.0973 0.6294 0.1949 0.0083 0.0438
64 0.0694 0.0261 0.1425 0.5952 0.0452 0.1218
65 0.0947 0.3408 0.2167 0.2307 0.0404 0.0767
66 0.0634 0.2030 0.1820 0.4297 0.0281 0.0937
67 0.0739 0.1144 0.3235 0.3608 0.0396 0.0878
68 0.0227 0.0948 0.5088 0.2766 0.0098 0.0877
69 0.0746 0.1259 0.2583 0.4395 0.0493 0.0525
70 0.0461 0.1755 0.1478 0.5488 0.0144 0.0671
71 0.2371 0.0752 0.1519 0.3091 0.1174 0.1094
72 0.2006 0.2477 0.2678 0.1959 0.0662 0.0217
73 0.0503 0.0249 0.1466 0.5576 0.0671 0.1536
74 0.0892 0.1403 0.2900 0.3040 0.1277 0.0489
75 0.0385 0.1510 0.6982 0.0790 0.0260 0.0070
76 0.0262 0.0486 0.4333 0.4268 0.0217 0.0432
77 0.0127 0.0972 0.6196 0.2389 0.0117 0.0201
78 0.0743 0.2496 0.5327 0.1152 0.0206 0.0076
79 0.0561 0.0755 0.3230 0.4626 0.0202 0.0626
80 0.0260 0.1011 0.6338 0.1963 0.0086 0.0344
81 0.0956 0.1359 0.5674 0.1447 0.0171 0.0392
82 0.0692 0.1909 0.2734 0.2756 0.0596 0.1312
83 0.0468 0.0307 0.1820 0.5518 0.0108 0.1779
84 0.0492 0.0891 0.4854 0.2440 0.0267 0.1058
85 0.0776 0.2625 0.2793 0.2245 0.0231 0.1331
86 0.0186 0.1517 0.5908 0.1802 0.0118 0.0470
87 0.1176 0.0778 0.2888 0.3826 0.0596 0.0736
88 0.0903 0.0234 0.1957 0.6465 0.0226 0.0216
89 0.0883 0.0477 0.7227 0.0970 0.0160 0.0285
90 0.2292 0.1915 0.3208 0.1368 0.0948 0.0269
91 0.1497 0.0930 0.3975 0.2111 0.0529 0.0959
92 0.0381 0.1199 0.4744 0.2520 0.0222 0.0934
93 0.1278 0.0594 0.2462 0.4709 0.0599 0.0358
94 0.0435 0.0075 0.1095 0.6978 0.0271 0.1147
95 0.0555 0.0996 0.4194 0.3345 0.0428 0.0482
96 0.1158 0.0703 0.2197 0.5229 0.0342 0.0370
97 0.0510 0.1252 0.2098 0.5356 0.0394 0.0388
98 0.1000 0.1334 0.1912 0.5195 0.0324 0.0234
99 0.0487 0.1467 0.1125 0.6274 0.0371 0.0278
100 0.0311 0.0442 0.2406 0.6143 0.0115 0.0585
101 0.0886 0.0981 0.1982 0.4539 0.0568 0.1044
102 0.0335 0.0368 0.2498 0.6182 0.0116 0.0500
103 0.0158 0.1060 0.6006 0.2465 0.0040 0.0270
104 0.0828 0.1080 0.2378 0.5317 0.0213 0.0183
105 0.1177 0.0223 0.1376 0.6411 0.0502 0.0309
106 0.0371 0.1171 0.5996 0.1917 0.0156 0.0389
107 0.0301 0.1772 0.4744 0.2578 0.0135 0.0470
108 0.0107 0.0658 0.8271 0.0576 0.0057 0.0328
109 0.0147 0.1298 0.7466 0.0892 0.0032 0.0168
110 0.1174 0.0880 0.4536 0.2817 0.0302 0.0292
111 0.0320 0.1887 0.4744 0.2559 0.0313 0.0178
112 0.0314 0.0795 0.1104 0.6758 0.0460 0.0568
113 0.0636 0.3687 0.3687 0.0903 0.0743 0.0343
114 0.1090 0.2739 0.2986 0.2134 0.0890 0.0159
115 0.1630 0.2428 0.3506 0.1138 0.1111 0.0189
116 0.0500 0.3782 0.3782 0.1493 0.0253 0.0190
117 0.0133 0.0400 0.3101 0.5977 0.0035 0.0353
118 0.0452 0.2332 0.6641 0.0408 0.0139 0.0028
119 0.1204 0.2146 0.4438 0.1510 0.0453 0.0250
120 0.0438 0.1449 0.7417 0.0463 0.0195 0.0041
121 0.1023 0.1466 0.4080 0.2133 0.0158 0.1141
122 0.0332 0.0480 0.1421 0.7217 0.0127 0.0420
123 0.0324 0.1938 0.4836 0.1909 0.0046 0.0945
124 0.0542 0.0776 0.5469 0.1935 0.0209 0.1069
125 0.0164 0.0217 0.1731 0.7178 0.0095 0.0617
126 0.0540 0.0682 0.2573 0.4885 0.0335 0.0984
127 0.0941 0.0897 0.5537 0.2169 0.0310 0.0144
128 0.1665 0.2366 0.4089 0.1338 0.0328 0.0215
129 0.0613 0.1506 0.6597 0.0872 0.0214 0.0201
130 0.0285 0.0315 0.0955 0.6895 0.0287 0.1265
131 0.0617 0.0267 0.2120 0.5674 0.0236 0.1083
132 0.0249 0.0243 0.2610 0.5791 0.0084 0.1022
133 0.0365 0.1334 0.5981 0.1882 0.0302 0.0136
134 0.0892 0.0347 0.3501 0.3584 0.0787 0.0892
135 0.0391 0.0828 0.5312 0.2377 0.0403 0.0686
136 0.0386 0.1337 0.5854 0.2120 0.0102 0.0202
137 0.1375 0.0203 0.1292 0.5742 0.0471 0.0916
138 0.1484 0.0258 0.3645 0.3645 0.0384 0.0586
139 0.0762 0.0756 0.2517 0.3750 0.0444 0.1771
140 0.3604 0.0458 0.1899 0.3206 0.0276 0.0557
141 0.1575 0.0182 0.2345 0.3748 0.0354 0.1798
142 0.1199 0.0392 0.3013 0.3931 0.0383 0.1083
143 0.0851 0.0508 0.5767 0.2156 0.0219 0.0500
144 0.1710 0.0450 0.5474 0.1241 0.0490 0.0634
145 0.0157 0.2749 0.5215 0.1182 0.0041 0.0653
146 0.0129 0.5146 0.3767 0.0475 0.0033 0.0450
147 0.0132 0.1584 0.6362 0.1215 0.0025 0.0681
148 0.0343 0.0650 0.8633 0.0166 0.0047 0.0161
149 0.0239 0.1086 0.6450 0.0974 0.0131 0.1121
150 0.0259 0.1403 0.5210 0.1298 0.0459 0.1370
151 0.0700 0.0336 0.2769 0.4709 0.0466 0.1019
152 0.0559 0.0718 0.3647 0.3320 0.0283 0.1473
153 0.0194 0.0511 0.1757 0.3835 0.0098 0.3604
154 0.0151 0.1355 0.4443 0.3860 0.0055 0.0137
155 0.0116 0.0485 0.2461 0.5049 0.0142 0.1746
156 0.0148 0.0934 0.6899 0.1359 0.0043 0.0617
157 0.0278 0.0919 0.4592 0.2458 0.0101 0.1650
158 0.0713 0.0609 0.2668 0.4331 0.0446 0.1232
159 0.0254 0.0350 0.3345 0.4944 0.0053 0.1053
160 0.0378 0.2974 0.4062 0.1788 0.0135 0.0663
161 0.0491 0.0167 0.1884 0.6890 0.0249 0.0317
162 0.0213 0.0578 0.3770 0.4839 0.0334 0.0267
163 0.0182 0.0848 0.5151 0.3379 0.0251 0.0189
164 0.0692 0.0413 0.1838 0.4731 0.1023 0.1304
165 0.0911 0.0407 0.4177 0.2474 0.0303 0.1727
166 0.0825 0.0285 0.2581 0.4353 0.0699 0.1257
167 0.0270 0.1250 0.5601 0.2142 0.0211 0.0525
168 0.0516 0.0497 0.6543 0.1846 0.0086 0.0512
169 0.0372 0.1952 0.5562 0.1556 0.0093 0.0467
170 0.1050 0.1759 0.5132 0.1553 0.0231 0.0276
171 0.1068 0.2157 0.4290 0.1591 0.0233 0.0663
172 0.0305 0.2396 0.1344 0.3379 0.0103 0.2472
173 0.1158 0.3223 0.3857 0.1282 0.0219 0.0262
174 0.0372 0.3582 0.2993 0.1002 0.0775 0.1277
175 0.0299 0.3672 0.3760 0.1890 0.0098 0.0283
176 0.0723 0.1155 0.4324 0.2244 0.0643 0.0914
177 0.1383 0.2013 0.3586 0.2372 0.0237 0.0409
178 0.0608 0.3472 0.4897 0.0812 0.0081 0.0130
179 0.0514 0.1823 0.4875 0.2303 0.0175 0.0309
180 0.0725 0.0861 0.2869 0.3860 0.0938 0.0748
181 0.0390 0.1682 0.5024 0.2281 0.0173 0.0449
182 0.0513 0.1750 0.3245 0.4038 0.0177 0.0277
183 0.0224 0.0564 0.6924 0.1953 0.0173 0.0162
184 0.0892 0.0825 0.3262 0.3782 0.0086 0.1154
185 0.0894 0.1569 0.4099 0.2212 0.1086 0.0141
186 0.2018 0.1398 0.4409 0.1866 0.0253 0.0056
187 0.2751 0.0277 0.4985 0.1936 0.0023 0.0027
188 0.8833 0.0070 0.0356 0.0714 0.0019 0.0007
189 0.8804 0.0120 0.0567 0.0396 0.0090 0.0025
190 0.8975 0.0164 0.0397 0.0353 0.0075 0.0036
191 0.9111 0.0170 0.0362 0.0249 0.0085 0.0024
192 0.9365 0.0105 0.0205 0.0296 0.0022 0.0006
193 0.9043 0.0132 0.0457 0.0334 0.0027 0.0008
194 0.7920 0.1273 0.0300 0.0128 0.0368 0.0010
195 0.7954 0.1289 0.0248 0.0062 0.0442 0.0005
196 0.8320 0.1108 0.0238 0.0036 0.0296 0.0003
197 0.8003 0.1208 0.0212 0.0063 0.0508 0.0004
198 0.0955 0.1208 0.1066 0.3083 0.0301 0.3386
