time exciting_prob fearful_prob tense_prob sad_prob relaxing_prob neutral_prob
0 0.6450 0.0129 0.0397 0.1937 0.0674 0.0412
1 0.4587 0.0135 0.0424 0.3574 0.1255 0.0025
2 0.5483 0.0168 0.0353 0.2981 0.0991 0.0021
3 0.6880 0.0119 0.0230 0.1031 0.1726 0.0013
4 0.2245 0.2974 0.0406 0.0801 0.1202 0.2372
5 0.7061 0.0111 0.0210 0.1469 0.1135 0.0019
6 0.6357 0.0195 0.0307 0.1158 0.1938 0.0045
7 0.1865 0.0271 0.0510 0.1499 0.3223 0.2632
8 0.1501 0.1335 0.1284 0.1378 0.0693 0.3806
9 0.5581 0.1235 0.1729 0.0216 0.0579 0.0661
10 0.5024 0.1697 0.1968 0.0304 0.0577 0.0429
11 0.4519 0.1958 0.1742 0.0335 0.0461 0.0984
12 0.0680 0.1848 0.6450 0.0526 0.0350 0.0145
13 0.7393 0.0194 0.0225 0.1841 0.0232 0.0116
14 0.1147 0.1147 0.2839 0.1721 0.0521 0.2625
15 0.2478 0.2808 0.0963 0.2576 0.1117 0.0058
16 0.5005 0.0227 0.0721 0.3547 0.0211 0.0291
17 0.8286 0.0230 0.0329 0.0820 0.0235 0.0100
18 0.8311 0.0153 0.0177 0.0792 0.0454 0.0113
19 0.2354 0.2839 0.2861 0.0311 0.0463 0.1174
20 0.8198 0.0280 0.0389 0.0386 0.0580 0.0166
21 0.8438 0.0293 0.0243 0.0465 0.0444 0.0119
22 0.8774 0.0267 0.0232 0.0325 0.0310 0.0089
23 0.8711 0.0296 0.0427 0.0255 0.0249 0.0062
24 0.3110 0.0710 0.0431 0.0448 0.0594 0.4707
25 0.1566 0.1949 0.0244 0.0832 0.0546 0.4863
26 0.3557 0.1220 0.3672 0.0347 0.0585 0.0618
27 0.5552 0.1259 0.1060 0.0360 0.0734 0.1035
28 0.3604 0.0298 0.2085 0.3230 0.0447 0.0338
29 0.1628 0.3999 0.0381 0.2502 0.0950 0.0537
30 0.1628 0.3501 0.1603 0.2244 0.0980 0.0043
31 0.1689 0.3577 0.2920 0.1306 0.0466 0.0042
32 0.1010 0.0891 0.2104 0.5542 0.0289 0.0164
33 0.2271 0.1098 0.4377 0.2004 0.0182 0.0069
34 0.3308 0.2830 0.1316 0.2103 0.0242 0.0200
35 0.2568 0.1213 0.1594 0.0644 0.0860 0.3120
36 0.1036 0.0425 0.0859 0.1013 0.0367 0.6299
37 0.1685 0.5879 0.1453 0.0479 0.0192 0.0312
38 0.1148 0.5874 0.1321 0.0795 0.0089 0.0771
39 0.0657 0.1962 0.1873 0.2900 0.0128 0.2480
40 0.4263 0.0696 0.2487 0.0555 0.0776 0.1221
41 0.3801 0.1345 0.2493 0.0253 0.1399 0.0709
42 0.3933 0.1026 0.2277 0.0369 0.0927 0.1470
43 0.1661 0.2289 0.5620 0.0213 0.0128 0.0089
44 0.0908 0.3481 0.4758 0.0696 0.0079 0.0077
45 0.1499 0.0983 0.4800 0.0881 0.1559 0.0279
46 0.2712 0.0975 0.1475 0.3538 0.0498 0.0802
47 0.0858 0.2107 0.2925 0.3315 0.0115 0.0679
48 0.4497 0.1846 0.0942 0.0638 0.0695 0.1382
49 0.4319 0.3391 0.1083 0.0119 0.0941 0.0147
50 0.2395 0.1333 0.1365 0.1344 0.0630 0.2935
51 0.4128 0.2793 0.1230 0.0533 0.0546 0.0770
52 0.0349 0.0434 0.0434 0.2220 0.6528 0.0035
53 0.0979 0.1190 0.1018 0.2139 0.4600 0.0074
54 0.3579 0.2367 0.0721 0.1042 0.1180 0.1109
55 0.2524 0.5732 0.1061 0.0279 0.0292 0.0110
56 0.4050 0.3716 0.1125 0.0303 0.0656 0.0150
57 0.1094 0.4978 0.2352 0.0521 0.0550 0.0505
58 0.2886 0.2212 0.2668 0.1619 0.0304 0.0311
59 0.1819 0.1819 0.2013 0.3142 0.0399 0.0807
60 0.3342 0.1920 0.1748 0.1506 0.1416 0.0067
61 0.2333 0.2091 0.1591 0.3066 0.0638 0.0281
62 0.2888 0.3511 0.2096 0.0560 0.0681 0.0266
63 0.4497 0.2012 0.1875 0.0988 0.0428 0.0201
64 0.2766 0.1527 0.1075 0.3721 0.0341 0.0571
65 0.2440 0.1256 0.1691 0.2832 0.0877 0.0905
66 0.1770 0.2896 0.2805 0.0798 0.0263 0.1467
67 0.2454 0.1488 0.0743 0.0565 0.3516 0.1234
68 0.5791 0.1985 0.1030 0.0209 0.0587 0.0400
69 0.5479 0.1261 0.0753 0.0361 0.1395 0.0753
70 0.7212 0.0183 0.0650 0.1536 0.0115 0.0307
71 0.6787 0.0265 0.0584 0.1885 0.0178 0.0301
72 0.1783 0.1216 0.1216 0.0977 0.0527 0.4280
73 0.1461 0.0581 0.1351 0.0966 0.0375 0.5264
74 0.1797 0.0469 0.2036 0.1501 0.0332 0.3865
75 0.3003 0.0601 0.2471 0.1453 0.0692 0.1780
76 0.2810 0.1058 0.1163 0.4121 0.0421 0.0424
77 0.3496 0.2172 0.1469 0.1638 0.0780 0.0445
78 0.2220 0.1236 0.5669 0.0315 0.0160 0.0398
79 0.3301 0.0778 0.1837 0.0356 0.0676 0.3052
80 0.1379 0.0380 0.2964 0.3359 0.0227 0.1689
81 0.3044 0.0723 0.4226 0.1426 0.0101 0.0482
82 0.2405 0.0418 0.2856 0.1844 0.0181 0.2295
83 0.1656 0.1053 0.4297 0.0894 0.0416 0.1683
84 0.1394 0.1036 0.4714 0.0914 0.0633 0.1309
85 0.1222 0.0827 0.0595 0.1497 0.1594 0.4265
86 0.0294 0.0215 0.0233 0.1145 0.0408 0.7705
87 0.1011 0.0623 0.0435 0.0995 0.1298 0.5640
88 0.1420 0.0556 0.0660 0.1442 0.2002 0.3921
89 0.3149 0.1302 0.1522 0.1063 0.1534 0.1431
90 0.0750 0.0603 0.3362 0.3062 0.0088 0.2137
91 0.1085 0.2522 0.3728 0.1844 0.0227 0.0594
92 0.6714 0.0164 0.0262 0.2432 0.0228 0.0198
93 0.6616 0.0433 0.0305 0.2164 0.0249 0.0235
94 0.7827 0.0316 0.0290 0.1145 0.0323 0.0101
95 0.8579 0.0218 0.0363 0.0732 0.0099 0.0011
96 0.5229 0.1620 0.1046 0.0601 0.0443 0.1062
97 0.1615 0.2878 0.4390 0.0706 0.0358 0.0053
98 0.8862 0.0191 0.0125 0.0536 0.0233 0.0051
99 0.8008 0.0205 0.0204 0.1067 0.0357 0.0157
100 0.0316 0.0228 0.0945 0.2231 0.0582 0.5698
101 0.1069 0.0839 0.0649 0.4229 0.0439 0.2773
102 0.0931 0.1106 0.4880 0.2100 0.0476 0.0507
103 0.1990 0.6030 0.0720 0.0291 0.0519 0.0447
104 0.1160 0.0527 0.1687 0.1124 0.1056 0.4446
105 0.2433 0.1167 0.2844 0.0748 0.1686 0.1122
106 0.2598 0.2402 0.0963 0.2170 0.1246 0.0622
107 0.1926 0.1714 0.1098 0.1838 0.0969 0.2455
108 0.2101 0.1525 0.2289 0.1549 0.0385 0.2151
109 0.6978 0.0937 0.0753 0.0833 0.0347 0.0152
110 0.8467 0.0399 0.0554 0.0217 0.0292 0.0070
111 0.0778 0.0340 0.0969 0.2435 0.0561 0.4919
112 0.7480 0.0116 0.0387 0.1260 0.0533 0.0224
113 0.4951 0.0071 0.0245 0.3623 0.0258 0.0854
114 0.2988 0.0503 0.0540 0.2808 0.0357 0.2808
115 0.7212 0.0119 0.0302 0.1398 0.0465 0.0503
116 0.1730 0.0135 0.0377 0.1434 0.0191 0.6133
117 0.5894 0.1514 0.0320 0.1743 0.0236 0.0291
118 0.7822 0.0912 0.0236 0.0717 0.0128 0.0182
119 0.7881 0.0905 0.0213 0.0733 0.0173 0.0095
120 0.3118 0.2125 0.2927 0.0595 0.0428 0.0807
121 0.0569 0.0809 0.2131 0.4512 0.0443 0.1536
122 0.2834 0.1154 0.1589 0.3313 0.0346 0.0763
123 0.3152 0.5078 0.1000 0.0324 0.0332 0.0116
124 0.1582 0.2712 0.4199 0.1087 0.0137 0.0281
125 0.1503 0.1017 0.4382 0.2086 0.0523 0.0488
126 0.1431 0.1595 0.2800 0.3325 0.0464 0.0385
127 0.1074 0.0333 0.3157 0.3013 0.0383 0.2039
128 0.4272 0.0167 0.0223 0.4109 0.0327 0.0903
129 0.5093 0.0191 0.0201 0.3188 0.0421 0.0906
130 0.6313 0.0234 0.0317 0.2593 0.0413 0.0129
131 0.2703 0.0115 0.0292 0.6284 0.0242 0.0363
132 0.2257 0.3062 0.3062 0.0511 0.0549 0.0562
133 0.3401 0.2230 0.1251 0.0833 0.1417 0.0867
134 0.2637 0.3037 0.2458 0.0315 0.1091 0.0462
135 0.3064 0.3262 0.1816 0.0328 0.1051 0.0477
136 0.3000 0.1833 0.1203 0.0696 0.3047 0.0219
137 0.7700 0.0756 0.0408 0.0378 0.0728 0.0032
138 0.1245 0.4624 0.2134 0.0810 0.1016 0.0174
139 0.3931 0.0673 0.1786 0.2681 0.0678 0.0251
140 0.2473 0.1465 0.3433 0.1572 0.0376 0.0681
141 0.1191 0.2856 0.1075 0.0711 0.3965 0.0202
142 0.1809 0.2435 0.0946 0.0330 0.4307 0.0174
143 0.1682 0.4194 0.2795 0.0529 0.0505 0.0294
144 0.1354 0.4170 0.0587 0.0991 0.2413 0.0486
145 0.1257 0.6045 0.0396 0.0396 0.1843 0.0067
146 0.1401 0.2920 0.1886 0.2499 0.0745 0.0549
147 0.1586 0.2020 0.0715 0.0704 0.4661 0.0315
148 0.2534 0.0962 0.1226 0.3306 0.0677 0.1295
149 0.1644 0.1175 0.3975 0.1724 0.0087 0.1395
150 0.6396 0.0270 0.0381 0.1967 0.0311 0.0674
151 0.7974 0.0267 0.0312 0.1006 0.0322 0.0118
152 0.2769 0.1692 0.1238 0.2089 0.0673 0.1541
153 0.2140 0.1101 0.3784 0.0885 0.0524 0.1565
154 0.0892 0.0360 0.1219 0.3877 0.0585 0.3066
155 0.1471 0.3875 0.2074 0.1042 0.0113 0.1426
156 0.2107 0.0928 0.3875 0.2278 0.0266 0.0545
157 0.2430 0.0634 0.4402 0.1396 0.0498 0.0639
158 0.1533 0.0989 0.2374 0.2449 0.0494 0.2162
159 0.2263 0.0590 0.0900 0.3093 0.0782 0.2372
160 0.5078 0.2307 0.1378 0.0804 0.0300 0.0132
161 0.8394 0.0240 0.0244 0.0372 0.0657 0.0095
162 0.5439 0.0847 0.2395 0.0307 0.0464 0.0547
163 0.4302 0.0601 0.2130 0.0564 0.0916 0.1487
164 0.5229 0.0620 0.2285 0.0397 0.0874 0.0591
165 0.4387 0.0520 0.2223 0.1075 0.0349 0.1447
166 0.0365 0.2512 0.6514 0.0149 0.0043 0.0417
167 0.1283 0.2803 0.5234 0.0320 0.0269 0.0090
168 0.1506 0.1788 0.2859 0.1846 0.0497 0.1506
169 0.1713 0.1635 0.1080 0.1635 0.0253 0.3684
170 0.1454 0.0203 0.0822 0.3655 0.0539 0.3328
171 0.3674 0.0378 0.2428 0.1543 0.0550 0.1427
172 0.2365 0.0768 0.0575 0.0598 0.0612 0.5083
173 0.1100 0.0445 0.0920 0.2073 0.0452 0.5010
174 0.0664 0.0494 0.0840 0.0997 0.1222 0.5781
175 0.1193 0.0929 0.3850 0.2485 0.0474 0.1069
176 0.6206 0.0111 0.0309 0.1937 0.0385 0.1053
177 0.6714 0.0153 0.0464 0.1620 0.0337 0.0713
178 0.1364 0.2886 0.2355 0.0435 0.2095 0.0866
179 0.0450 0.5786 0.3145 0.0180 0.0337 0.0102
180 0.0374 0.1962 0.3723 0.3389 0.0234 0.0318
181 0.6973 0.0486 0.0384 0.1736 0.0297 0.0127
182 0.8423 0.0291 0.0291 0.0692 0.0213 0.0091
183 0.6680 0.0368 0.0368 0.1841 0.0536 0.0206
184 0.5884 0.0382 0.0510 0.2434 0.0291 0.0498
185 0.2532 0.0910 0.2133 0.2532 0.0862 0.1031
186 0.1979 0.1267 0.0739 0.1693 0.1085 0.3237
187 0.1967 0.0387 0.2263 0.3452 0.0326 0.1605
188 0.2407 0.4861 0.1642 0.0292 0.0366 0.0432
189 0.1442 0.0188 0.1195 0.2913 0.1014 0.3250
190 0.3259 0.0891 0.1516 0.1704 0.0622 0.2008
191 0.1724 0.0660 0.0681 0.4873 0.0379 0.1685
192 0.2189 0.0884 0.0662 0.0603 0.0994 0.4668
193 0.0447 0.0151 0.0192 0.0583 0.0064 0.8564
194 0.1494 0.0851 0.3938 0.1068 0.0183 0.2465
195 0.1425 0.1349 0.3872 0.1470 0.0196 0.1691
196 0.1958 0.4377 0.1356 0.1197 0.0487 0.0626
197 0.0816 0.5117 0.1741 0.0977 0.0743 0.0606
198 0.5054 0.0541 0.0722 0.2463 0.0415 0.0806
199 0.1183 0.2448 0.1121 0.1998 0.0839 0.2410
200 0.3594 0.1343 0.1251 0.3376 0.0288 0.0147
201 0.1699 0.2981 0.1488 0.3513 0.0145 0.0172
202 0.2277 0.5859 0.0694 0.0238 0.0571 0.0363
203 0.2451 0.2866 0.1909 0.1865 0.0551 0.0356
204 0.0919 0.0408 0.1075 0.0155 0.4741 0.2703
205 0.0800 0.0313 0.0879 0.0160 0.3315 0.4531
206 0.1467 0.4556 0.0738 0.0631 0.1663 0.0947
207 0.1613 0.2920 0.0579 0.0732 0.3308 0.0850
208 0.0463 0.1154 0.0418 0.2010 0.3816 0.2140
209 0.0939 0.2306 0.0651 0.1313 0.2739 0.2051
210 0.6792 0.0805 0.1153 0.0496 0.0363 0.0389
211 0.8032 0.0204 0.0342 0.0517 0.0713 0.0193
212 0.6338 0.0178 0.0292 0.2369 0.0572 0.0250
213 0.7256 0.0182 0.0230 0.1793 0.0436 0.0102
214 0.3127 0.0472 0.1548 0.4207 0.0298 0.0348
215 0.4849 0.0811 0.2327 0.1357 0.0389 0.0269
216 0.4346 0.0527 0.0985 0.1624 0.1649 0.0869
217 0.0618 0.0818 0.0972 0.2368 0.0212 0.5015
218 0.3938 0.1531 0.2445 0.0525 0.0361 0.1201
219 0.5073 0.1687 0.1421 0.0365 0.0535 0.0917
220 0.8140 0.0140 0.0127 0.0435 0.1068 0.0088
221 0.7070 0.0287 0.0485 0.1267 0.0689 0.0201
222 0.7388 0.0354 0.0377 0.0715 0.1099 0.0067
223 0.6909 0.0321 0.0196 0.0757 0.1733 0.0083
224 0.2014 0.1749 0.4099 0.1013 0.0134 0.0989
225 0.4636 0.0233 0.0474 0.2971 0.0347 0.1339
226 0.4038 0.0136 0.0314 0.3975 0.0154 0.1384
227 0.0903 0.1072 0.3008 0.0660 0.0374 0.3984
228 0.3660 0.3281 0.1295 0.0890 0.0540 0.0335
229 0.1479 0.2722 0.1885 0.2070 0.0101 0.1743
230 0.0329 0.7085 0.0820 0.0467 0.0887 0.0412
231 0.1125 0.5718 0.2136 0.0424 0.0477 0.0121
232 0.4907 0.0078 0.0154 0.4263 0.0121 0.0478
233 0.4597 0.0058 0.0096 0.4895 0.0082 0.0272
234 0.3286 0.1759 0.2206 0.0787 0.0259 0.1704
235 0.2756 0.0952 0.3538 0.1354 0.0747 0.0654
236 0.0704 0.7690 0.0863 0.0294 0.0245 0.0202
237 0.0687 0.4241 0.2825 0.0483 0.0468 0.1294
238 0.4016 0.1284 0.1324 0.1206 0.1315 0.0855
239 0.4519 0.1587 0.0651 0.0732 0.1757 0.0755
240 0.6177 0.0503 0.1008 0.1929 0.0098 0.0284
241 0.7251 0.0795 0.0654 0.0929 0.0256 0.0117
242 0.0781 0.1566 0.1919 0.1239 0.3164 0.1329
243 0.0549 0.0798 0.3362 0.3257 0.1423 0.0612
244 0.0652 0.0325 0.2578 0.4597 0.0355 0.1493
245 0.3169 0.1232 0.2585 0.1095 0.0586 0.1332
246 0.7598 0.0820 0.0352 0.0428 0.0740 0.0062
247 0.4470 0.1212 0.1968 0.1005 0.0568 0.0777
248 0.2568 0.1984 0.0982 0.0795 0.0475 0.3196
249 0.4429 0.2793 0.1146 0.1165 0.0258 0.0210
250 0.4236 0.3738 0.0930 0.0778 0.0200 0.0119
251 0.8848 0.0152 0.0145 0.0276 0.0523 0.0053
252 0.8877 0.0138 0.0209 0.0248 0.0478 0.0051
253 0.3064 0.1371 0.2900 0.1979 0.0369 0.0318
254 0.3433 0.0953 0.3486 0.1215 0.0660 0.0251
255 0.6943 0.0519 0.0472 0.0565 0.0611 0.0889
256 0.8306 0.0278 0.0354 0.0142 0.0395 0.0527
257 0.7173 0.0553 0.0750 0.0278 0.0750 0.0496
258 0.4509 0.2113 0.1252 0.0902 0.0510 0.0714
259 0.5879 0.1281 0.1232 0.0302 0.0952 0.0356
260 0.7212 0.0211 0.0263 0.1896 0.0400 0.0019
261 0.7397 0.0210 0.0249 0.1730 0.0398 0.0017
262 0.7397 0.0210 0.0249 0.1730 0.0398 0.0017
263 0.6797 0.0154 0.0226 0.2386 0.0415 0.0022
264 0.6768 0.0155 0.0226 0.2413 0.0416 0.0022
265 0.3411 0.0540 0.0284 0.1444 0.0073 0.4246
266 0.3411 0.0540 0.0284 0.1444 0.0073 0.4246
267 0.7505 0.1675 0.0444 0.0105 0.0189 0.0080
268 0.7314 0.1558 0.0620 0.0149 0.0219 0.0137
269 0.7305 0.1555 0.0628 0.0153 0.0220 0.0139
270 0.7368 0.1520 0.0619 0.0147 0.0212 0.0135
271 0.7437 0.1794 0.0423 0.0091 0.0186 0.0066
