time exciting_prob fearful_prob tense_prob sad_prob relaxing_prob neutral_prob
0 0.2058 0.2644 0.0663 0.2261 0.0252 0.2124
1 0.0146 0.1813 0.0301 0.7285 0.0191 0.0265
2 0.0141 0.3984 0.0468 0.4880 0.0185 0.0343
3 0.0093 0.2554 0.0351 0.6626 0.0098 0.0278
4 0.0146 0.3977 0.0582 0.4949 0.0177 0.0168
5 0.0034 0.0715 0.0152 0.8711 0.0056 0.0333
6 0.0027 0.0576 0.0155 0.9019 0.0032 0.0190
7 0.0042 0.1447 0.0141 0.8071 0.0064 0.0236
8 0.0057 0.1315 0.0139 0.8057 0.0073 0.0359
9 0.0105 0.2922 0.0178 0.5723 0.0155 0.0919
10 0.0099 0.2157 0.0102 0.7075 0.0138 0.0432
11 0.0138 0.4287 0.0172 0.4709 0.0086 0.0608
12 0.0162 0.6685 0.0155 0.2537 0.0148 0.0313
13 0.0134 0.3245 0.0132 0.5786 0.0120 0.0582
14 0.0119 0.3350 0.0196 0.5786 0.0155 0.0394
15 0.0087 0.2202 0.0202 0.6890 0.0151 0.0469
16 0.0057 0.1686 0.0192 0.7437 0.0099 0.0530
17 0.0088 0.1835 0.0216 0.7256 0.0094 0.0510
18 0.0078 0.1522 0.0329 0.7729 0.0095 0.0245
19 0.0118 0.4912 0.0316 0.4336 0.0097 0.0221
20 0.0309 0.4097 0.0764 0.3450 0.0674 0.0706
21 0.0703 0.3796 0.5190 0.0078 0.0022 0.0209
22 0.2107 0.1350 0.2314 0.0525 0.0390 0.3315
23 0.1088 0.7148 0.0840 0.0312 0.0471 0.0138
24 0.1099 0.4885 0.2939 0.0200 0.0303 0.0574
25 0.1256 0.3718 0.1357 0.0349 0.0377 0.2942
26 0.2151 0.2698 0.3057 0.0310 0.0527 0.1255
27 0.0755 0.1549 0.0519 0.2576 0.3254 0.1346
28 0.1160 0.2986 0.4016 0.0305 0.0124 0.1410
29 0.0112 0.0386 0.0405 0.4707 0.0545 0.3843
30 0.0740 0.3044 0.0690 0.0900 0.3730 0.0893
31 0.0235 0.1506 0.0381 0.4497 0.1415 0.1965
32 0.1962 0.1718 0.2991 0.0434 0.0417 0.2479
33 0.0439 0.3594 0.0329 0.1570 0.2395 0.1671
34 0.0348 0.1713 0.0237 0.2571 0.4109 0.1023
35 0.0426 0.5190 0.0293 0.1476 0.2452 0.0159
36 0.5933 0.1584 0.0828 0.0924 0.0228 0.0502
37 0.0195 0.5234 0.0410 0.1866 0.1387 0.0909
38 0.0388 0.1970 0.0543 0.2737 0.2452 0.1910
39 0.0446 0.2354 0.6807 0.0015 0.0005 0.0372
40 0.0345 0.3535 0.0375 0.2886 0.1952 0.0908
41 0.3655 0.5073 0.1081 0.0018 0.0039 0.0131
42 0.4072 0.1038 0.0620 0.1808 0.1312 0.1149
43 0.3403 0.0967 0.1232 0.1088 0.2451 0.0860
44 0.3987 0.0836 0.3330 0.0472 0.0767 0.0607
45 0.0258 0.2213 0.5146 0.1429 0.0038 0.0916
46 0.0510 0.2322 0.0450 0.2181 0.2322 0.2216
47 0.4512 0.0583 0.1584 0.1263 0.0277 0.1781
48 0.6172 0.0939 0.1443 0.0583 0.0371 0.0491
49 0.1152 0.1729 0.0243 0.0817 0.3660 0.2400
50 0.0932 0.3831 0.3953 0.0084 0.0084 0.1115
51 0.2046 0.0370 0.0989 0.1569 0.0555 0.4470
52 0.1582 0.0573 0.1194 0.3457 0.0145 0.3049
53 0.1436 0.0225 0.1034 0.1412 0.0217 0.5674
54 0.1428 0.0605 0.0840 0.2886 0.3320 0.0922
55 0.1737 0.3401 0.3677 0.0162 0.0406 0.0619
56 0.0682 0.3252 0.2379 0.1151 0.0195 0.2343
57 0.1501 0.0767 0.1133 0.2554 0.0816 0.3228
58 0.1440 0.0479 0.1440 0.1606 0.0388 0.4648
59 0.0613 0.0191 0.0623 0.3115 0.0161 0.5298
60 0.3323 0.0930 0.0901 0.1793 0.2394 0.0659
61 0.0161 0.0763 0.0188 0.5908 0.1641 0.1339
62 0.2983 0.2869 0.1377 0.1055 0.0359 0.1355
63 0.5015 0.1948 0.0663 0.0775 0.1278 0.0323
64 0.6162 0.1429 0.1088 0.0322 0.0708 0.0291
65 0.0622 0.0220 0.1296 0.1515 0.0259 0.6089
66 0.4717 0.1427 0.0853 0.1147 0.1270 0.0586
67 0.0670 0.2910 0.5566 0.0113 0.0103 0.0635
68 0.1246 0.0566 0.0927 0.5762 0.1144 0.0354
69 0.1978 0.0739 0.1947 0.0673 0.0346 0.4319
70 0.1224 0.0450 0.1476 0.1038 0.0286 0.5527
71 0.2134 0.0557 0.0720 0.4080 0.1225 0.1284
72 0.2634 0.0597 0.0785 0.4114 0.1367 0.0503
73 0.5381 0.0988 0.0942 0.0508 0.1615 0.0567
74 0.0926 0.1650 0.1389 0.1625 0.0389 0.4021
75 0.6030 0.1116 0.0848 0.0407 0.0855 0.0743
76 0.4690 0.1420 0.1282 0.1022 0.1312 0.0273
77 0.3220 0.1241 0.1071 0.1353 0.2568 0.0547
78 0.2150 0.0322 0.1031 0.3801 0.1443 0.1254
79 0.2542 0.2837 0.1566 0.0717 0.0723 0.1616
80 0.1787 0.2900 0.1328 0.0812 0.0492 0.2683
81 0.1132 0.3713 0.2551 0.0457 0.0842 0.1304
82 0.1774 0.2278 0.2350 0.1517 0.0308 0.1774
83 0.3389 0.1276 0.0978 0.1704 0.2274 0.0380
84 0.3765 0.2910 0.2546 0.0111 0.0284 0.0385
85 0.2172 0.1425 0.1639 0.2241 0.0576 0.1947
86 0.2510 0.3708 0.1364 0.0498 0.0526 0.1396
87 0.2629 0.2671 0.1301 0.0686 0.0601 0.2113
88 0.2944 0.1814 0.0941 0.0652 0.0705 0.2944
89 0.3677 0.2412 0.2162 0.0479 0.0518 0.0753
90 0.1221 0.4065 0.3167 0.0233 0.0056 0.1260
91 0.1660 0.5034 0.1376 0.0596 0.0359 0.0976
92 0.0299 0.4946 0.3618 0.0134 0.0026 0.0974
93 0.2759 0.1399 0.2115 0.0569 0.1548 0.1609
94 0.1486 0.3296 0.1166 0.1343 0.1176 0.1533
95 0.1445 0.5166 0.0948 0.0843 0.0762 0.0837
96 0.0262 0.3481 0.4758 0.0329 0.0155 0.1013
97 0.0977 0.4958 0.2379 0.0298 0.0096 0.1294
98 0.1628 0.1733 0.1060 0.2225 0.0793 0.2561
99 0.0833 0.1722 0.4465 0.0894 0.0442 0.1643
100 0.1888 0.1011 0.1404 0.1517 0.0244 0.3936
101 0.2612 0.3799 0.2217 0.0156 0.0271 0.0946
102 0.1070 0.1241 0.2507 0.1203 0.0212 0.3765
103 0.1907 0.2264 0.2161 0.0378 0.0071 0.3218
104 0.0612 0.2238 0.0918 0.0280 0.0151 0.5801
105 0.3281 0.1285 0.1433 0.1057 0.0688 0.2256
106 0.2595 0.1927 0.1073 0.0816 0.0954 0.2634
107 0.1196 0.5840 0.1687 0.0096 0.0351 0.0828
108 0.2849 0.1898 0.1305 0.1099 0.0842 0.2006
109 0.2656 0.3010 0.1108 0.1025 0.0904 0.1295
110 0.1152 0.0911 0.0511 0.5005 0.0721 0.1702
111 0.1869 0.2117 0.2325 0.0440 0.0168 0.3081
112 0.0987 0.0657 0.1705 0.3904 0.1267 0.1481
113 0.0853 0.2161 0.0853 0.3193 0.1310 0.1631
114 0.1367 0.2656 0.1649 0.0330 0.0797 0.3203
115 0.2499 0.3037 0.0745 0.0837 0.0363 0.2520
116 0.3613 0.2583 0.0764 0.0935 0.0489 0.1616
117 0.1249 0.3042 0.2314 0.0119 0.0184 0.3091
118 0.0542 0.0782 0.0718 0.0235 0.0120 0.7603
119 0.0545 0.0972 0.0831 0.0303 0.0114 0.7236
120 0.3940 0.2194 0.1862 0.0460 0.0690 0.0853
121 0.1168 0.2164 0.2034 0.0209 0.0742 0.3682
122 0.1571 0.0766 0.2340 0.1252 0.0211 0.3860
123 0.3323 0.2247 0.1440 0.0982 0.0187 0.1820
124 0.4297 0.1053 0.1013 0.1061 0.0168 0.2410
125 0.2087 0.0558 0.2479 0.2788 0.0398 0.1691
126 0.0706 0.3396 0.0567 0.0191 0.0199 0.4941
127 0.0197 0.1200 0.5591 0.0934 0.0906 0.1172
128 0.0468 0.1232 0.0530 0.0777 0.0177 0.6816
129 0.0426 0.0433 0.0407 0.0803 0.0074 0.7856
130 0.0935 0.2227 0.0914 0.0157 0.0258 0.5508
131 0.1796 0.2869 0.1089 0.1283 0.0225 0.2737
132 0.0901 0.1631 0.0475 0.0591 0.0198 0.6206
133 0.1394 0.2466 0.1495 0.0361 0.0372 0.3911
134 0.1300 0.2668 0.1833 0.1631 0.0284 0.2283
135 0.0091 0.0164 0.0101 0.0106 0.0027 0.9512
136 0.0887 0.1292 0.1062 0.0228 0.0128 0.6406
137 0.2505 0.3318 0.0820 0.0116 0.0288 0.2952
138 0.0721 0.1379 0.2366 0.3962 0.0455 0.1118
139 0.0870 0.1100 0.1799 0.2222 0.0257 0.3750
140 0.0741 0.3452 0.2732 0.0358 0.0364 0.2355
141 0.0917 0.1225 0.2117 0.1254 0.0078 0.4412
142 0.1655 0.1012 0.2998 0.0505 0.0355 0.3477
143 0.0680 0.0509 0.1104 0.3506 0.0350 0.3850
144 0.1118 0.0083 0.0554 0.7642 0.0115 0.0489
145 0.0278 0.3750 0.4968 0.0270 0.0029 0.0705
146 0.0386 0.2681 0.1871 0.0898 0.0074 0.4089
147 0.0885 0.0913 0.0858 0.4189 0.0825 0.2332
148 0.0512 0.1481 0.4219 0.0870 0.0418 0.2500
149 0.0299 0.1220 0.4863 0.0599 0.0375 0.2644
150 0.4539 0.1112 0.0759 0.0385 0.3096 0.0111
151 0.1271 0.0654 0.1984 0.1281 0.0126 0.4685
152 0.0705 0.0246 0.0541 0.7236 0.0093 0.1181
153 0.1168 0.0606 0.1022 0.1376 0.0168 0.5659
154 0.0315 0.1589 0.4971 0.0818 0.0668 0.1639
155 0.0682 0.1244 0.3328 0.1488 0.0131 0.3127
156 0.0493 0.0858 0.1128 0.3938 0.0108 0.3474
157 0.1630 0.0489 0.2092 0.3909 0.0201 0.1681
158 0.0266 0.1582 0.2301 0.1683 0.0064 0.4104
159 0.0781 0.0374 0.0781 0.3086 0.0196 0.4780
160 0.1207 0.1245 0.4448 0.0156 0.0116 0.2827
161 0.1475 0.0334 0.1440 0.1558 0.0163 0.5029
162 0.0928 0.1517 0.1720 0.1680 0.0220 0.3936
163 0.1436 0.0562 0.2600 0.1978 0.0434 0.2991
164 0.0218 0.0704 0.1564 0.2830 0.0089 0.4595
165 0.0274 0.0474 0.1382 0.3584 0.0099 0.4189
166 0.3274 0.3005 0.1865 0.0345 0.0157 0.1354
167 0.0273 0.1039 0.2417 0.2615 0.0247 0.3408
168 0.0706 0.0537 0.1802 0.3367 0.0168 0.3420
169 0.1869 0.0940 0.2678 0.3384 0.0218 0.0911
170 0.2542 0.1859 0.3210 0.0878 0.1360 0.0151
171 0.0732 0.0328 0.0804 0.2988 0.0140 0.5005
172 0.2279 0.1278 0.1604 0.2333 0.0478 0.2028
173 0.3223 0.4270 0.0490 0.0324 0.1571 0.0122
174 0.4714 0.2952 0.1028 0.0226 0.0981 0.0100
175 0.0452 0.5903 0.0289 0.0858 0.2173 0.0323
176 0.0984 0.1714 0.0682 0.0340 0.0392 0.5889
177 0.3625 0.1635 0.1132 0.1215 0.1796 0.0597
178 0.1986 0.1063 0.5571 0.0045 0.0132 0.1204
179 0.3354 0.4307 0.1910 0.0247 0.0163 0.0020
180 0.1180 0.5591 0.0549 0.0346 0.0549 0.1786
181 0.4131 0.1497 0.0729 0.1682 0.0555 0.1406
182 0.1000 0.2654 0.5801 0.0094 0.0213 0.0239
183 0.0250 0.5610 0.3298 0.0703 0.0049 0.0089
184 0.0190 0.0419 0.1320 0.1111 0.0044 0.6914
185 0.1539 0.2578 0.0804 0.0197 0.2876 0.2007
186 0.2793 0.2297 0.4062 0.0638 0.0134 0.0077
187 0.0839 0.3848 0.1394 0.0936 0.0685 0.2299
188 0.0522 0.4692 0.2891 0.1080 0.0144 0.0671
189 0.2488 0.3049 0.2864 0.0231 0.0273 0.1096
190 0.1462 0.1104 0.2128 0.0629 0.4368 0.0309
191 0.0802 0.1223 0.2048 0.3887 0.0300 0.1738
192 0.2749 0.1875 0.1506 0.0463 0.0435 0.2971
193 0.0524 0.0673 0.1298 0.5298 0.0168 0.2041
194 0.0901 0.1556 0.0915 0.0162 0.5024 0.1440
195 0.1379 0.1337 0.0963 0.0036 0.6084 0.0202
196 0.0872 0.3396 0.2263 0.0467 0.2605 0.0396
197 0.1503 0.2517 0.2119 0.1091 0.2153 0.0617
198 0.1746 0.2969 0.2173 0.1517 0.0906 0.0689
199 0.1606 0.1710 0.2266 0.2095 0.1462 0.0860
200 0.1102 0.1019 0.2297 0.3503 0.0958 0.1120
201 0.0121 0.0030 0.0056 0.0269 0.0024 0.9497
202 0.4697 0.2307 0.0693 0.0499 0.1525 0.0280
203 0.6455 0.1407 0.0719 0.0361 0.0681 0.0376
204 0.3154 0.2272 0.1294 0.1345 0.0480 0.1455
205 0.1521 0.2079 0.1498 0.1646 0.0587 0.2671
206 0.0439 0.1835 0.5146 0.0600 0.0059 0.1923
207 0.1037 0.0453 0.0873 0.3975 0.0887 0.2776
208 0.1580 0.4751 0.1004 0.0378 0.0290 0.1997
209 0.1882 0.3252 0.3743 0.0101 0.0103 0.0917
210 0.1005 0.2128 0.0497 0.0460 0.0304 0.5605
211 0.5337 0.1163 0.1934 0.0435 0.0278 0.0851
212 0.1526 0.1284 0.2151 0.3547 0.0247 0.1245
213 0.1785 0.1152 0.3662 0.1626 0.0097 0.1677
214 0.0929 0.0304 0.0240 0.0422 0.2546 0.5562
215 0.1299 0.0493 0.0729 0.3164 0.0614 0.3701
216 0.1803 0.0958 0.1309 0.1578 0.2927 0.1426
217 0.3101 0.1313 0.1089 0.1007 0.2959 0.0531
218 0.3147 0.3325 0.1865 0.0494 0.0494 0.0676
219 0.1444 0.4885 0.0883 0.0918 0.1611 0.0259
220 0.1626 0.5088 0.0762 0.0298 0.1901 0.0325
221 0.1143 0.3413 0.1401 0.0220 0.0245 0.3577
222 0.1034 0.5249 0.1100 0.0128 0.0177 0.2311
223 0.1033 0.1017 0.1152 0.2152 0.3440 0.1207
224 0.3162 0.0920 0.1318 0.0684 0.1084 0.2834
225 0.2776 0.1793 0.1407 0.1030 0.0814 0.2179
226 0.3101 0.2217 0.0868 0.1609 0.0681 0.1523
227 0.0967 0.0624 0.0379 0.0183 0.1923 0.5923
228 0.0712 0.0471 0.0277 0.1156 0.7363 0.0019
229 0.1044 0.0659 0.0201 0.0648 0.7417 0.0032
230 0.0681 0.0351 0.0162 0.0362 0.8428 0.0019
231 0.0562 0.1504 0.3723 0.0571 0.0141 0.3499
232 0.0428 0.1361 0.2708 0.2028 0.0262 0.3215
233 0.1234 0.3684 0.1008 0.0842 0.0961 0.2271
234 0.4331 0.1232 0.0833 0.1473 0.1556 0.0573
235 0.2666 0.2974 0.1804 0.0233 0.1221 0.1103
236 0.3484 0.1909 0.1487 0.0578 0.1522 0.1022
237 0.3447 0.1949 0.2107 0.0349 0.1775 0.0372
238 0.1633 0.3679 0.2778 0.1140 0.0686 0.0083
239 0.2299 0.1605 0.3850 0.1709 0.0096 0.0442
240 0.2059 0.0618 0.3557 0.2727 0.0123 0.0914
241 0.2188 0.1527 0.3181 0.2054 0.0207 0.0843
242 0.2390 0.0981 0.2839 0.2076 0.0242 0.1472
243 0.2262 0.0886 0.2484 0.2771 0.0460 0.1137
244 0.2391 0.0551 0.3071 0.2795 0.0350 0.0840
245 0.1290 0.1353 0.1908 0.3347 0.0443 0.1658
246 0.1730 0.1870 0.1266 0.2808 0.0368 0.1959
