time exciting_prob fearful_prob tense_prob sad_prob relaxing_prob neutral_prob
0 0.1129 0.1201 0.0950 0.2465 0.0256 0.3999
1 0.1111 0.1220 0.0921 0.2542 0.0268 0.3938
2 0.1311 0.0735 0.3096 0.3562 0.0242 0.1053
3 0.0369 0.0739 0.8862 0.0006 0.0020 0.0005
4 0.0651 0.0340 0.8911 0.0029 0.0062 0.0010
5 0.0560 0.0290 0.6016 0.2798 0.0030 0.0304
6 0.0844 0.0536 0.4932 0.3608 0.0014 0.0066
7 0.5264 0.2111 0.1923 0.0199 0.0497 0.0004
8 0.6792 0.0380 0.0780 0.0504 0.1515 0.0029
9 0.5874 0.0456 0.2212 0.0846 0.0577 0.0037
10 0.6265 0.0440 0.1766 0.0295 0.1214 0.0021
11 0.5186 0.1558 0.0887 0.0347 0.1953 0.0070
12 0.6157 0.0696 0.0654 0.0453 0.1968 0.0070
13 0.1458 0.0405 0.6138 0.1871 0.0024 0.0106
14 0.1647 0.0245 0.6216 0.1699 0.0049 0.0147
15 0.5195 0.0348 0.4045 0.0370 0.0033 0.0007
16 0.4709 0.0972 0.3088 0.1145 0.0054 0.0032
17 0.4312 0.0755 0.4414 0.0458 0.0027 0.0037
18 0.1514 0.0738 0.7109 0.0565 0.0028 0.0046
19 0.1633 0.0681 0.1511 0.3052 0.2651 0.0472
20 0.1340 0.1542 0.4978 0.1146 0.0628 0.0366
21 0.1813 0.4148 0.3281 0.0427 0.0287 0.0045
22 0.1478 0.5156 0.2871 0.0267 0.0185 0.0041
23 0.0390 0.0467 0.7896 0.1173 0.0056 0.0020
24 0.0105 0.0101 0.8525 0.1228 0.0011 0.0032
25 0.0323 0.0393 0.8408 0.0833 0.0036 0.0008
26 0.0093 0.0202 0.9155 0.0316 0.0174 0.0061
27 0.2155 0.0710 0.4670 0.1392 0.0405 0.0668
28 0.0329 0.0605 0.8608 0.0306 0.0021 0.0129
29 0.0603 0.0232 0.8584 0.0287 0.0015 0.0280
30 0.0516 0.0392 0.8657 0.0185 0.0014 0.0233
31 0.1121 0.0814 0.5225 0.0691 0.2079 0.0068
32 0.2462 0.0751 0.2041 0.1003 0.3640 0.0103
33 0.0889 0.0737 0.3684 0.4175 0.0150 0.0365
34 0.0479 0.0573 0.8613 0.0228 0.0098 0.0008
35 0.0302 0.0376 0.5654 0.2888 0.0307 0.0471
36 0.0207 0.0905 0.8389 0.0402 0.0010 0.0087
37 0.1913 0.1478 0.3745 0.0661 0.2168 0.0035
38 0.1421 0.1169 0.4080 0.1081 0.2167 0.0085
39 0.0349 0.0323 0.8652 0.0411 0.0007 0.0257
40 0.0300 0.0386 0.6133 0.2291 0.0100 0.0792
41 0.0324 0.0284 0.7920 0.1420 0.0024 0.0030
42 0.0317 0.0343 0.7690 0.1611 0.0011 0.0026
43 0.0562 0.0492 0.6426 0.1074 0.0131 0.1316
44 0.0931 0.0896 0.7271 0.0312 0.0114 0.0476
45 0.0201 0.0418 0.8149 0.1174 0.0024 0.0036
46 0.0206 0.0583 0.8560 0.0610 0.0024 0.0016
47 0.0504 0.0204 0.1100 0.0325 0.7637 0.0232
48 0.0547 0.0284 0.2411 0.0304 0.6255 0.0201
49 0.0381 0.0740 0.7534 0.1220 0.0114 0.0011
50 0.0641 0.0739 0.7007 0.1359 0.0246 0.0009
51 0.0185 0.0314 0.2396 0.7046 0.0041 0.0020
52 0.1129 0.0958 0.5303 0.1876 0.0634 0.0102
53 0.1722 0.2229 0.3674 0.1863 0.0475 0.0035
54 0.2410 0.1981 0.1036 0.1331 0.3142 0.0100
55 0.0524 0.1771 0.4741 0.2205 0.0536 0.0224
56 0.0257 0.0318 0.7178 0.0745 0.1257 0.0246
57 0.2268 0.2323 0.2098 0.2612 0.0660 0.0039
58 0.3472 0.1858 0.2173 0.1732 0.0745 0.0020
59 0.3604 0.0897 0.2720 0.1676 0.1090 0.0015
60 0.2062 0.1656 0.4099 0.1749 0.0204 0.0228
61 0.2205 0.1576 0.5210 0.0716 0.0125 0.0170
62 0.0802 0.0665 0.5698 0.1071 0.1453 0.0309
63 0.0811 0.0837 0.6138 0.0870 0.1180 0.0165
64 0.0437 0.1040 0.5244 0.1049 0.2168 0.0064
65 0.1406 0.0568 0.2468 0.5225 0.0165 0.0165
66 0.1752 0.1836 0.4336 0.1895 0.0137 0.0046
67 0.1582 0.1071 0.6260 0.0945 0.0043 0.0102
68 0.1501 0.0925 0.6128 0.1207 0.0054 0.0186
69 0.2971 0.1248 0.4822 0.0643 0.0215 0.0100
70 0.2754 0.0967 0.4683 0.1104 0.0242 0.0250
71 0.3394 0.1201 0.2278 0.1788 0.0751 0.0590
72 0.1294 0.1000 0.5000 0.0253 0.2307 0.0147
73 0.2186 0.0495 0.3035 0.2852 0.0401 0.1033
74 0.1882 0.0803 0.3687 0.3008 0.0273 0.0345
75 0.1998 0.0685 0.4719 0.2128 0.0221 0.0248
76 0.0950 0.1249 0.3940 0.3586 0.0102 0.0172
77 0.1003 0.0409 0.2749 0.0174 0.5596 0.0069
78 0.0304 0.0872 0.8398 0.0285 0.0110 0.0030
79 0.0430 0.1367 0.6621 0.1048 0.0182 0.0351
80 0.1268 0.1393 0.4460 0.0769 0.1298 0.0812
81 0.1315 0.0704 0.7275 0.0137 0.0469 0.0102
82 0.1614 0.0891 0.5088 0.0349 0.1993 0.0064
83 0.1794 0.0784 0.3982 0.0293 0.3005 0.0143
84 0.3267 0.0659 0.2708 0.0202 0.3118 0.0047
85 0.0360 0.0146 0.1041 0.0417 0.7935 0.0098
86 0.1987 0.0698 0.1313 0.1674 0.3599 0.0731
87 0.2380 0.0984 0.0785 0.2201 0.3411 0.0239
88 0.4739 0.0181 0.1960 0.0933 0.1676 0.0511
89 0.2542 0.0516 0.2542 0.0679 0.2903 0.0818
90 0.3301 0.0543 0.2200 0.0241 0.3225 0.0491
91 0.3245 0.0397 0.0795 0.1029 0.4233 0.0300
92 0.1674 0.0854 0.1187 0.1523 0.3406 0.1355
93 0.5918 0.0222 0.1078 0.0281 0.2299 0.0202
94 0.2607 0.0547 0.2932 0.0501 0.2732 0.0680
95 0.0876 0.0383 0.1057 0.0357 0.7280 0.0048
96 0.0625 0.0298 0.0714 0.0518 0.7793 0.0051
97 0.0850 0.0704 0.3867 0.1855 0.1161 0.1562
98 0.0853 0.0770 0.2161 0.1656 0.2954 0.1605
99 0.2006 0.1305 0.2576 0.1116 0.2874 0.0122
100 0.1936 0.0776 0.1604 0.1508 0.3972 0.0206
101 0.2413 0.0822 0.2081 0.1954 0.2452 0.0277
102 0.3958 0.0386 0.3306 0.0424 0.1797 0.0131
103 0.4714 0.0367 0.2544 0.0180 0.2158 0.0036
104 0.2378 0.0578 0.1055 0.2781 0.2493 0.0714
105 0.3862 0.0491 0.0791 0.0468 0.3923 0.0465
106 0.3013 0.0386 0.2440 0.0363 0.2788 0.1010
107 0.0743 0.0849 0.0641 0.2849 0.4849 0.0068
108 0.2671 0.0382 0.0634 0.1620 0.4651 0.0043
109 0.0016 0.0008 0.0040 0.0032 0.9902 0.0004
110 0.0016 0.0006 0.0029 0.0023 0.9922 0.0002
111 0.0040 0.0010 0.0053 0.0049 0.9844 0.0005
112 0.0805 0.0213 0.1481 0.0884 0.6431 0.0188
113 0.1022 0.0140 0.2163 0.1658 0.4724 0.0293
114 0.0459 0.0169 0.1506 0.1309 0.6343 0.0217
115 0.0501 0.0337 0.2144 0.4468 0.1722 0.0826
116 0.2246 0.1735 0.2751 0.0521 0.2544 0.0202
117 0.1882 0.2361 0.3657 0.0208 0.1797 0.0094
118 0.3027 0.0450 0.1464 0.0413 0.4170 0.0475
119 0.3184 0.1075 0.1978 0.0448 0.2089 0.1227
120 0.1344 0.0423 0.2252 0.5488 0.0175 0.0319
121 0.1478 0.0970 0.6729 0.0465 0.0333 0.0023
122 0.1433 0.0473 0.5083 0.1729 0.0315 0.0970
123 0.2744 0.1002 0.2311 0.3013 0.0553 0.0377
124 0.5146 0.0534 0.2375 0.1418 0.0468 0.0058
125 0.4900 0.0706 0.1747 0.0470 0.2140 0.0037
126 0.2450 0.0718 0.2450 0.3096 0.1113 0.0173
127 0.1923 0.1384 0.2374 0.2908 0.1139 0.0271
128 0.5723 0.0885 0.1887 0.0496 0.0980 0.0028
129 0.5581 0.0420 0.2135 0.0553 0.1082 0.0230
130 0.7056 0.0462 0.0693 0.0607 0.0978 0.0203
131 0.2052 0.0289 0.0527 0.1294 0.5488 0.0348
132 0.2842 0.1764 0.3508 0.0713 0.0908 0.0264
133 0.6382 0.0705 0.1109 0.0383 0.1338 0.0084
134 0.5571 0.0882 0.2148 0.0282 0.0882 0.0234
135 0.2014 0.0860 0.4949 0.0820 0.0901 0.0457
136 0.2542 0.0333 0.1382 0.3115 0.2010 0.0618
137 0.3760 0.0415 0.1394 0.0270 0.4065 0.0093
138 0.2083 0.1548 0.4768 0.0170 0.1345 0.0087
139 0.3933 0.0296 0.2500 0.0187 0.3040 0.0043
140 0.3438 0.0593 0.2808 0.0276 0.2808 0.0080
141 0.3093 0.0254 0.2245 0.1555 0.2544 0.0309
142 0.4517 0.0597 0.3716 0.0392 0.0749 0.0030
143 0.5186 0.0952 0.2450 0.0808 0.0569 0.0034
144 0.5337 0.0438 0.1747 0.1238 0.1119 0.0120
145 0.1678 0.0871 0.2661 0.3113 0.1248 0.0428
146 0.2898 0.1287 0.1492 0.2479 0.1436 0.0408
147 0.5181 0.1156 0.2428 0.0387 0.0833 0.0017
148 0.4241 0.0443 0.2983 0.1824 0.0430 0.0079
149 0.1730 0.0955 0.3108 0.3206 0.0905 0.0097
150 0.1582 0.1013 0.1332 0.0211 0.5786 0.0078
151 0.1650 0.1217 0.2291 0.0317 0.4314 0.0208
152 0.1637 0.1490 0.1974 0.0667 0.4019 0.0215
153 0.3655 0.0797 0.4272 0.0531 0.0714 0.0031
154 0.0842 0.0265 0.1346 0.0544 0.6226 0.0779
155 0.1372 0.0900 0.2371 0.1004 0.2644 0.1708
156 0.0925 0.0743 0.1990 0.1016 0.4082 0.1245
157 0.5195 0.0284 0.1377 0.0889 0.2084 0.0170
158 0.5195 0.0889 0.1740 0.0391 0.1323 0.0464
159 0.4023 0.0212 0.1135 0.1246 0.2898 0.0484
160 0.5020 0.0577 0.1819 0.0581 0.1643 0.0361
161 0.3101 0.0714 0.4238 0.0436 0.1442 0.0068
162 0.2754 0.0707 0.3196 0.2096 0.1078 0.0169
163 0.3875 0.0679 0.4458 0.0637 0.0258 0.0094
164 0.3845 0.0914 0.3501 0.1128 0.0497 0.0114
165 0.3877 0.0604 0.2708 0.1289 0.0965 0.0558
166 0.3066 0.0825 0.3875 0.1707 0.0358 0.0170
167 0.4695 0.0440 0.2759 0.1115 0.0961 0.0029
168 0.2593 0.0862 0.2827 0.1235 0.2437 0.0047
169 0.5044 0.1357 0.2898 0.0320 0.0357 0.0023
170 0.0842 0.1987 0.2360 0.3276 0.1244 0.0291
171 0.0957 0.0608 0.2296 0.0806 0.5176 0.0159
172 0.2229 0.1473 0.4944 0.0929 0.0193 0.0231
173 0.2769 0.1210 0.4749 0.0831 0.0363 0.0079
174 0.1126 0.0704 0.1799 0.0926 0.5044 0.0398
175 0.2598 0.1503 0.3413 0.1117 0.0877 0.0492
176 0.0991 0.0703 0.2825 0.0620 0.4729 0.0131
177 0.0911 0.1478 0.3687 0.0325 0.3572 0.0028
178 0.0837 0.0612 0.1066 0.0242 0.7231 0.0010
179 0.1009 0.0437 0.0721 0.0234 0.7573 0.0024
180 0.1248 0.0580 0.1553 0.0268 0.6338 0.0013
181 0.0338 0.0144 0.0296 0.0078 0.9126 0.0018
182 0.5674 0.0905 0.2920 0.0312 0.0177 0.0015
183 0.5342 0.1340 0.2428 0.0590 0.0272 0.0025
184 0.4246 0.0767 0.2439 0.0469 0.2006 0.0072
185 0.4727 0.0573 0.3174 0.0450 0.0999 0.0078
186 0.2532 0.0430 0.5576 0.1254 0.0141 0.0069
187 0.1335 0.4448 0.3306 0.0836 0.0059 0.0014
188 0.2646 0.2861 0.3167 0.0801 0.0215 0.0311
189 0.2598 0.1576 0.4023 0.1516 0.0200 0.0085
190 0.2910 0.1088 0.2568 0.1595 0.1533 0.0304
191 0.4697 0.1124 0.2676 0.0447 0.0903 0.0152
192 0.3911 0.0801 0.2544 0.0746 0.1749 0.0250
193 0.0429 0.5791 0.2651 0.0578 0.0429 0.0125
194 0.0529 0.6353 0.1805 0.0471 0.0776 0.0065
195 0.1125 0.5894 0.1207 0.0720 0.1008 0.0048
196 0.1153 0.3015 0.1481 0.3259 0.1066 0.0026
197 0.1256 0.1199 0.1992 0.4741 0.0756 0.0055
198 0.0349 0.0571 0.3899 0.1171 0.0170 0.3840
199 0.0348 0.1016 0.2612 0.1636 0.0340 0.4048
200 0.0509 0.2299 0.5776 0.0184 0.0718 0.0513
201 0.1180 0.0986 0.5459 0.0428 0.1180 0.0768
202 0.1011 0.2108 0.4326 0.0604 0.1289 0.0663
203 0.1624 0.1008 0.4734 0.0785 0.1188 0.0661
204 0.0756 0.1434 0.6528 0.1066 0.0149 0.0067
205 0.0350 0.1821 0.7666 0.0099 0.0053 0.0010
206 0.1219 0.1873 0.4783 0.1371 0.0603 0.0151
207 0.0903 0.2803 0.5576 0.0468 0.0182 0.0066
208 0.1683 0.1353 0.4368 0.2196 0.0114 0.0288
209 0.0455 0.4634 0.3608 0.1050 0.0240 0.0010
210 0.0536 0.0926 0.4849 0.1389 0.1526 0.0773
211 0.0344 0.0996 0.3586 0.2076 0.2544 0.0453
212 0.0803 0.1840 0.3252 0.3303 0.0687 0.0113
213 0.0615 0.1038 0.7036 0.0808 0.0479 0.0021
214 0.0294 0.1929 0.3633 0.1049 0.1899 0.1198
215 0.0243 0.0870 0.3748 0.1236 0.3013 0.0891
216 0.0869 0.2323 0.5576 0.1097 0.0097 0.0040
217 0.0522 0.2148 0.4917 0.1896 0.0166 0.0351
218 0.1311 0.0795 0.3245 0.3564 0.0413 0.0670
219 0.1039 0.3572 0.2654 0.1741 0.0809 0.0186
220 0.0811 0.3386 0.5244 0.0296 0.0207 0.0053
221 0.0397 0.4043 0.4373 0.0975 0.0097 0.0116
222 0.1223 0.1158 0.4990 0.1204 0.0104 0.1322
223 0.0374 0.0488 0.8848 0.0127 0.0034 0.0130
224 0.1832 0.0833 0.5601 0.0951 0.0758 0.0026
225 0.2854 0.1718 0.4487 0.0310 0.0558 0.0074
226 0.0346 0.0986 0.8389 0.0169 0.0085 0.0025
227 0.0659 0.0568 0.5781 0.2429 0.0242 0.0319
228 0.2089 0.0377 0.5376 0.1946 0.0136 0.0079
229 0.1368 0.0289 0.6528 0.1246 0.0466 0.0101
230 0.0043 0.0252 0.9458 0.0114 0.0019 0.0112
231 0.0259 0.1042 0.8193 0.0328 0.0064 0.0112
232 0.3303 0.0749 0.3462 0.2343 0.0054 0.0087
233 0.1510 0.2671 0.3765 0.1835 0.0070 0.0151
234 0.1599 0.1826 0.5625 0.0338 0.0583 0.0029
235 0.0609 0.1120 0.7900 0.0114 0.0233 0.0025
236 0.2668 0.0833 0.4871 0.0137 0.1021 0.0468
237 0.2273 0.0491 0.3010 0.3865 0.0220 0.0140
238 0.1099 0.0330 0.2219 0.6030 0.0133 0.0188
239 0.3042 0.2426 0.3342 0.0369 0.0405 0.0415
240 0.4736 0.0890 0.3411 0.0327 0.0114 0.0523
241 0.0961 0.0195 0.5977 0.2034 0.0052 0.0784
242 0.2487 0.0908 0.6250 0.0074 0.0144 0.0138
243 0.1190 0.0405 0.8130 0.0019 0.0097 0.0157
244 0.1207 0.1702 0.5327 0.0553 0.0383 0.0829
245 0.1041 0.2120 0.5127 0.0710 0.0205 0.0798
246 0.2507 0.0453 0.2932 0.2629 0.0275 0.1204
247 0.2451 0.0419 0.3511 0.1880 0.0228 0.1510
248 0.0432 0.0413 0.7085 0.1656 0.0093 0.0319
249 0.1942 0.0404 0.7212 0.0172 0.0105 0.0163
250 0.3428 0.0847 0.4543 0.0639 0.0198 0.0345
251 0.4050 0.0804 0.2656 0.1914 0.0124 0.0451
252 0.2649 0.1385 0.5146 0.0217 0.0547 0.0052
253 0.2505 0.0674 0.6196 0.0115 0.0155 0.0352
254 0.0345 0.1008 0.7388 0.0310 0.0199 0.0749
255 0.1052 0.0757 0.6753 0.1137 0.0120 0.0183
256 0.0837 0.1059 0.6284 0.1541 0.0090 0.0187
257 0.0639 0.0861 0.5190 0.3147 0.0050 0.0115
258 0.0240 0.0098 0.8086 0.1472 0.0055 0.0047
259 0.0338 0.0247 0.8062 0.1161 0.0035 0.0156
260 0.1482 0.1772 0.5815 0.0516 0.0336 0.0080
261 0.0681 0.0555 0.6875 0.1022 0.0230 0.0639
262 0.0544 0.0932 0.7563 0.0392 0.0211 0.0356
263 0.0966 0.0419 0.8091 0.0224 0.0113 0.0187
264 0.2084 0.2515 0.5000 0.0307 0.0041 0.0055
265 0.1097 0.0300 0.2081 0.5312 0.0241 0.0968
266 0.1604 0.1461 0.4714 0.2092 0.0070 0.0057
267 0.1886 0.1539 0.3635 0.2744 0.0096 0.0101
268 0.2225 0.1309 0.3845 0.2483 0.0035 0.0103
269 0.1985 0.1176 0.4104 0.2356 0.0159 0.0221
270 0.2081 0.1272 0.5356 0.1114 0.0117 0.0059
271 0.1615 0.1259 0.5684 0.1210 0.0141 0.0094
272 0.0841 0.0312 0.7676 0.1006 0.0083 0.0083
273 0.1586 0.2417 0.4624 0.0969 0.0108 0.0298
274 0.1192 0.4033 0.3396 0.1331 0.0030 0.0019
275 0.2421 0.0905 0.5288 0.1066 0.0174 0.0148
276 0.1912 0.0946 0.5361 0.1432 0.0137 0.0213
277 0.3831 0.1355 0.2269 0.2148 0.0075 0.0320
278 0.1179 0.1335 0.3105 0.3154 0.0488 0.0738
279 0.0608 0.1482 0.6338 0.1309 0.0169 0.0093
280 0.1208 0.0831 0.2520 0.3040 0.0589 0.1814
281 0.0261 0.4023 0.4705 0.0870 0.0086 0.0053
282 0.0462 0.1974 0.6372 0.0849 0.0211 0.0131
283 0.1026 0.1172 0.2947 0.4421 0.0190 0.0244
284 0.1840 0.1367 0.5986 0.0527 0.0110 0.0171
285 0.2563 0.1681 0.4463 0.1138 0.0125 0.0030
286 0.1494 0.0906 0.5342 0.1604 0.0154 0.0501
287 0.1031 0.1072 0.6318 0.0862 0.0107 0.0611
288 0.2280 0.1004 0.4360 0.1555 0.0183 0.0618
289 0.1207 0.1869 0.2438 0.4146 0.0276 0.0064
290 0.1230 0.4714 0.3450 0.0422 0.0117 0.0068
291 0.1604 0.0272 0.3669 0.4160 0.0027 0.0268
292 0.1100 0.0562 0.2479 0.5767 0.0035 0.0059
293 0.0766 0.0314 0.2803 0.5400 0.0083 0.0635
294 0.2128 0.1877 0.5186 0.0595 0.0162 0.0054
295 0.1434 0.1208 0.3779 0.3086 0.0088 0.0405
296 0.2014 0.1863 0.2754 0.2212 0.0370 0.0789
297 0.0919 0.3806 0.4966 0.0247 0.0050 0.0013
298 0.3206 0.0856 0.2742 0.2203 0.0804 0.0190
299 0.2727 0.0885 0.4976 0.0950 0.0384 0.0079
300 0.3047 0.0908 0.5605 0.0222 0.0152 0.0066
301 0.1506 0.1831 0.2091 0.3787 0.0701 0.0085
302 0.0643 0.2013 0.3821 0.3320 0.0084 0.0119
303 0.1527 0.1600 0.5332 0.1017 0.0338 0.0185
304 0.0496 0.1100 0.8135 0.0143 0.0095 0.0031
305 0.0378 0.0638 0.8545 0.0292 0.0036 0.0111
306 0.2163 0.3298 0.4170 0.0232 0.0125 0.0013
307 0.1257 0.1298 0.7236 0.0119 0.0082 0.0006
308 0.1832 0.3970 0.3818 0.0210 0.0132 0.0036
309 0.2006 0.0641 0.6782 0.0300 0.0174 0.0095
310 0.1970 0.1234 0.6118 0.0397 0.0129 0.0152
311 0.1528 0.1759 0.6436 0.0165 0.0073 0.0039
312 0.1400 0.1514 0.6372 0.0205 0.0044 0.0465
313 0.1227 0.1588 0.3523 0.2786 0.0844 0.0032
314 0.1013 0.2283 0.6064 0.0443 0.0184 0.0014
315 0.1680 0.1210 0.6191 0.0740 0.0134 0.0043
316 0.1214 0.0815 0.7612 0.0197 0.0134 0.0029
317 0.1616 0.1111 0.6592 0.0521 0.0139 0.0020
318 0.0773 0.0584 0.6372 0.1914 0.0227 0.0128
319 0.2795 0.0846 0.5645 0.0390 0.0120 0.0204
320 0.2126 0.1722 0.5103 0.0595 0.0108 0.0347
321 0.2668 0.0873 0.5347 0.0724 0.0088 0.0299
322 0.1396 0.2888 0.5483 0.0117 0.0091 0.0024
323 0.2810 0.2991 0.2854 0.1083 0.0122 0.0142
324 0.3179 0.1549 0.4082 0.0737 0.0261 0.0194
325 0.0283 0.0928 0.8467 0.0254 0.0042 0.0029
326 0.1206 0.1107 0.4807 0.2004 0.0548 0.0327
327 0.0442 0.0411 0.5464 0.2791 0.0082 0.0812
328 0.2089 0.0781 0.5171 0.0589 0.0253 0.1118
329 0.1736 0.2373 0.3914 0.1271 0.0240 0.0467
330 0.3794 0.0718 0.3220 0.1879 0.0361 0.0027
331 0.3723 0.2944 0.2329 0.0336 0.0652 0.0016
332 0.5796 0.1488 0.1957 0.0273 0.0465 0.0022
333 0.2922 0.2349 0.3582 0.0751 0.0386 0.0011
334 0.0359 0.0293 0.8159 0.0591 0.0052 0.0547
335 0.0641 0.0484 0.7812 0.0715 0.0138 0.0207
336 0.0307 0.0861 0.8428 0.0322 0.0038 0.0046
337 0.0712 0.0781 0.5425 0.0316 0.0399 0.2369
338 0.1971 0.1971 0.4729 0.0330 0.0168 0.0828
339 0.1575 0.2273 0.4592 0.1216 0.0157 0.0187
340 0.0282 0.1365 0.8105 0.0185 0.0021 0.0043
341 0.1272 0.3855 0.4509 0.0129 0.0099 0.0136
342 0.0976 0.1511 0.6987 0.0293 0.0095 0.0135
343 0.0726 0.0417 0.6030 0.2185 0.0066 0.0574
344 0.1180 0.0354 0.5459 0.2275 0.0143 0.0589
345 0.3828 0.0731 0.3623 0.1186 0.0601 0.0032
346 0.4519 0.2021 0.2255 0.0548 0.0626 0.0031
347 0.5410 0.1306 0.1689 0.0511 0.1066 0.0015
348 0.6353 0.0759 0.1184 0.0526 0.1166 0.0014
349 0.0372 0.0800 0.7476 0.1146 0.0114 0.0091
350 0.0441 0.0897 0.8252 0.0320 0.0035 0.0054
351 0.1014 0.1186 0.4546 0.0999 0.0362 0.1895
352 0.1691 0.2206 0.4971 0.0363 0.0227 0.0545
353 0.0855 0.1700 0.5938 0.0570 0.0147 0.0791
354 0.4348 0.0667 0.4451 0.0193 0.0333 0.0008
355 0.4473 0.0888 0.3594 0.0724 0.0155 0.0164
356 0.1730 0.0779 0.6841 0.0392 0.0140 0.0117
357 0.1865 0.0840 0.1343 0.3652 0.0464 0.1836
