time exciting_prob fearful_prob tense_prob sad_prob relaxing_prob neutral_prob
0 0.1136 0.1553 0.1349 0.1288 0.0181 0.4492
1 0.7412 0.0041 0.0021 0.1875 0.0648 0.0001
2 0.8652 0.0045 0.0018 0.0647 0.0637 0.0001
3 0.8584 0.0039 0.0019 0.0603 0.0756 0.0001
4 0.1302 0.1313 0.2081 0.4692 0.0168 0.0443
5 0.3728 0.2708 0.1094 0.1654 0.0533 0.0283
6 0.1821 0.0881 0.2338 0.2864 0.0231 0.1864
7 0.2793 0.0369 0.1164 0.2793 0.0153 0.2727
8 0.0179 0.0829 0.0667 0.7993 0.0191 0.0142
9 0.2266 0.0659 0.0577 0.1311 0.3591 0.1594
10 0.2124 0.0972 0.2903 0.3188 0.0609 0.0204
11 0.1458 0.1785 0.0912 0.2830 0.0398 0.2617
12 0.0726 0.1326 0.6084 0.1143 0.0548 0.0174
13 0.2727 0.1775 0.1604 0.1230 0.1935 0.0729
14 0.4900 0.2026 0.0500 0.1093 0.0212 0.1268
15 0.2357 0.1464 0.1646 0.2285 0.0247 0.2001
16 0.2421 0.0978 0.2383 0.2617 0.1171 0.0431
17 0.0757 0.0445 0.1553 0.3088 0.0127 0.4028
18 0.3208 0.0688 0.3635 0.1458 0.0395 0.0617
19 0.2510 0.2452 0.0583 0.0790 0.0464 0.3198
20 0.1165 0.0475 0.4792 0.2998 0.0211 0.0358
21 0.1825 0.1727 0.3105 0.1840 0.1255 0.0249
22 0.1617 0.0605 0.3071 0.3533 0.0347 0.0826
23 0.2258 0.0462 0.4705 0.2024 0.0448 0.0102
24 0.0801 0.0937 0.0759 0.3269 0.0067 0.4165
25 0.1048 0.1421 0.2827 0.2068 0.0869 0.1769
26 0.1804 0.0478 0.0446 0.1249 0.2905 0.3118
27 0.4036 0.0958 0.0659 0.1028 0.2448 0.0873
28 0.0790 0.0967 0.3708 0.4011 0.0288 0.0235
29 0.0724 0.0680 0.5347 0.2646 0.0482 0.0119
30 0.2137 0.2559 0.4089 0.0850 0.0263 0.0101
31 0.1688 0.0836 0.1206 0.2783 0.1089 0.2399
32 0.2296 0.1471 0.2925 0.1371 0.1482 0.0456
33 0.1798 0.0282 0.3464 0.3867 0.0312 0.0276
34 0.0712 0.2751 0.1428 0.2094 0.0152 0.2861
35 0.2771 0.0893 0.5303 0.0501 0.0460 0.0073
36 0.2844 0.0742 0.4338 0.0650 0.1243 0.0182
37 0.1172 0.0528 0.6484 0.0898 0.0781 0.0135
38 0.1652 0.2292 0.3311 0.1458 0.1091 0.0199
39 0.7100 0.0875 0.0440 0.0630 0.0574 0.0379
40 0.1757 0.0218 0.5005 0.1562 0.0804 0.0651
41 0.3279 0.0698 0.3657 0.0557 0.1727 0.0082
42 0.4778 0.0716 0.0824 0.1135 0.2205 0.0341
43 0.0564 0.1310 0.3733 0.3000 0.0124 0.1270
44 0.1372 0.0387 0.1484 0.6250 0.0113 0.0396
45 0.4109 0.1465 0.0410 0.2269 0.0809 0.0939
46 0.1364 0.0342 0.4072 0.2754 0.1343 0.0126
47 0.0410 0.1686 0.0397 0.2737 0.0042 0.4729
48 0.4036 0.0324 0.1544 0.1473 0.1619 0.1005
49 0.3933 0.0717 0.1678 0.2106 0.0844 0.0722
50 0.3428 0.0639 0.3853 0.1332 0.0426 0.0324
51 0.4233 0.0577 0.1375 0.2450 0.1213 0.0153
52 0.1393 0.0303 0.0572 0.4712 0.0207 0.2812
53 0.2100 0.0635 0.0271 0.1254 0.0163 0.5576
54 0.2026 0.0914 0.1471 0.4158 0.0122 0.1309
55 0.1271 0.1498 0.6064 0.0610 0.0468 0.0092
56 0.0693 0.0202 0.1562 0.6279 0.0026 0.1237
57 0.1539 0.0774 0.5723 0.0850 0.0642 0.0473
58 0.1697 0.0730 0.0403 0.1545 0.5479 0.0148
59 0.2214 0.2394 0.4438 0.0125 0.0802 0.0027
60 0.0529 0.2561 0.4937 0.1760 0.0150 0.0063
61 0.1633 0.1312 0.4912 0.1312 0.0784 0.0047
62 0.1696 0.0182 0.0696 0.4331 0.1669 0.1428
63 0.2267 0.1149 0.1533 0.1849 0.0789 0.2412
64 0.3416 0.2659 0.1317 0.0721 0.0274 0.1614
65 0.1381 0.1589 0.3723 0.2922 0.0222 0.0164
66 0.3818 0.0758 0.1416 0.2729 0.1147 0.0132
67 0.2069 0.0151 0.0105 0.4414 0.0343 0.2917
68 0.2637 0.1235 0.0726 0.0947 0.0175 0.4280
69 0.4238 0.0472 0.0692 0.1454 0.1852 0.1293
70 0.1635 0.1031 0.4619 0.1754 0.0587 0.0373
71 0.1807 0.2339 0.1354 0.3403 0.0345 0.0753
72 0.0604 0.3142 0.4500 0.1495 0.0183 0.0075
73 0.1194 0.3767 0.2568 0.1122 0.1262 0.0086
74 0.2737 0.2148 0.0468 0.2512 0.0340 0.1794
75 0.2852 0.2637 0.3835 0.0241 0.0341 0.0095
76 0.1908 0.3025 0.4614 0.0204 0.0140 0.0108
77 0.1681 0.1483 0.3730 0.1708 0.1060 0.0339
78 0.0976 0.1584 0.5195 0.1388 0.0743 0.0114
79 0.1560 0.0491 0.3953 0.0932 0.2739 0.0324
80 0.1093 0.1019 0.3845 0.3394 0.0264 0.0387
81 0.4741 0.1050 0.2788 0.0389 0.0202 0.0831
82 0.2073 0.0739 0.2241 0.2620 0.2009 0.0316
83 0.0729 0.0304 0.1260 0.1696 0.5225 0.0789
84 0.3926 0.0811 0.0773 0.0480 0.3835 0.0174
85 0.3230 0.0869 0.3835 0.0357 0.1587 0.0121
86 0.0582 0.0290 0.0615 0.3350 0.0099 0.5068
87 0.3123 0.4041 0.2231 0.0400 0.0121 0.0084
88 0.3237 0.0512 0.1102 0.1494 0.3474 0.0180
89 0.0542 0.1820 0.2546 0.3535 0.0277 0.1281
90 0.5264 0.0846 0.0467 0.0951 0.0538 0.1936
91 0.0984 0.1124 0.3684 0.3459 0.0114 0.0635
92 0.0304 0.0068 0.0286 0.4265 0.0165 0.4910
93 0.3289 0.0845 0.1003 0.0537 0.0572 0.3755
94 0.2556 0.0804 0.2438 0.0890 0.2576 0.0738
95 0.0266 0.0235 0.1805 0.3120 0.0033 0.4541
96 0.3296 0.1148 0.3914 0.0718 0.0789 0.0135
97 0.1544 0.0422 0.2111 0.5308 0.0155 0.0460
98 0.1951 0.0735 0.1183 0.2317 0.0696 0.3118
99 0.1545 0.0665 0.5312 0.1836 0.0334 0.0307
100 0.2360 0.1106 0.1635 0.4014 0.0543 0.0343
101 0.4163 0.1351 0.1310 0.0928 0.1891 0.0358
102 0.1245 0.0374 0.4846 0.2184 0.1133 0.0220
103 0.1081 0.2847 0.2183 0.2847 0.0186 0.0855
104 0.0674 0.0505 0.0654 0.5825 0.0297 0.2045
105 0.2209 0.1068 0.2297 0.0770 0.2644 0.1011
106 0.1799 0.0196 0.1744 0.3015 0.1109 0.2137
107 0.3479 0.0826 0.2045 0.0944 0.2505 0.0202
108 0.1058 0.0225 0.2498 0.1976 0.2205 0.2039
109 0.2177 0.0248 0.0412 0.2930 0.0168 0.4067
110 0.4500 0.0260 0.0981 0.2583 0.0272 0.1405
111 0.2788 0.1257 0.0473 0.2832 0.2520 0.0130
112 0.1641 0.1382 0.0572 0.3162 0.2993 0.0250
113 0.1422 0.2456 0.1675 0.2964 0.0063 0.1422
114 0.3447 0.0838 0.0613 0.1051 0.0412 0.3640
115 0.2981 0.0522 0.2081 0.0822 0.2715 0.0881
116 0.0998 0.0361 0.6211 0.1953 0.0312 0.0167
117 0.2566 0.0464 0.1417 0.4231 0.1194 0.0127
118 0.1957 0.0932 0.1334 0.3804 0.1661 0.0312
119 0.0307 0.0834 0.0433 0.4509 0.0059 0.3857
120 0.4282 0.1492 0.2188 0.1296 0.0170 0.0571
121 0.1575 0.0977 0.4556 0.2118 0.0579 0.0195
122 0.1753 0.2303 0.2913 0.2415 0.0443 0.0175
123 0.2134 0.0849 0.3687 0.2272 0.0849 0.0210
124 0.2089 0.0662 0.1873 0.4285 0.1018 0.0074
125 0.1383 0.0859 0.4644 0.2263 0.0201 0.0648
126 0.1655 0.1372 0.5913 0.0981 0.0047 0.0031
127 0.1199 0.0919 0.3416 0.3208 0.0395 0.0864
128 0.1823 0.0498 0.3513 0.2866 0.1006 0.0293
129 0.2395 0.1354 0.2017 0.3799 0.0273 0.0163
130 0.3533 0.1156 0.1044 0.3142 0.0089 0.1036
131 0.1144 0.0641 0.5542 0.1960 0.0389 0.0323
132 0.3040 0.0326 0.1307 0.0906 0.3726 0.0695
133 0.2460 0.0512 0.4971 0.0473 0.1527 0.0057
134 0.2056 0.0844 0.4817 0.0408 0.1857 0.0018
135 0.1660 0.1398 0.3953 0.1809 0.0984 0.0197
136 0.3020 0.1279 0.1920 0.1981 0.1667 0.0132
137 0.4355 0.3088 0.1815 0.0474 0.0066 0.0201
138 0.2822 0.2377 0.2913 0.1105 0.0468 0.0314
139 0.2183 0.0468 0.0351 0.3005 0.0103 0.3889
140 0.4641 0.1554 0.0965 0.2043 0.0623 0.0173
141 0.0424 0.1459 0.6538 0.1172 0.0292 0.0116
142 0.1798 0.2720 0.4556 0.0732 0.0134 0.0061
143 0.3789 0.2927 0.1495 0.1221 0.0501 0.0066
144 0.2043 0.1383 0.1860 0.3586 0.0734 0.0393
145 0.4189 0.0516 0.0363 0.1307 0.1200 0.2424
146 0.3384 0.0407 0.1990 0.1959 0.0955 0.1305
147 0.2808 0.0444 0.1885 0.2203 0.0335 0.2327
148 0.1847 0.1383 0.0879 0.3396 0.0141 0.2352
149 0.0195 0.0404 0.0526 0.8428 0.0035 0.0410
150 0.2041 0.1947 0.2330 0.3040 0.0126 0.0516
151 0.2053 0.5938 0.0755 0.0616 0.0079 0.0557
152 0.3374 0.0596 0.0880 0.3765 0.0324 0.1062
153 0.1142 0.0251 0.5986 0.1399 0.0810 0.0414
154 0.1309 0.0412 0.5298 0.1506 0.0029 0.1448
155 0.0835 0.0953 0.0939 0.1768 0.0144 0.5361
156 0.1777 0.0770 0.0231 0.2212 0.0141 0.4868
157 0.4407 0.1007 0.1686 0.0895 0.1781 0.0223
158 0.2330 0.3337 0.0435 0.1360 0.0095 0.2443
159 0.1758 0.1390 0.4854 0.1552 0.0257 0.0188
160 0.2993 0.0567 0.3040 0.1653 0.1505 0.0244
161 0.1639 0.1931 0.1267 0.3364 0.0109 0.1691
162 0.3594 0.0587 0.1167 0.0867 0.3325 0.0461
163 0.0266 0.1203 0.4333 0.3945 0.0134 0.0118
164 0.1032 0.0829 0.3718 0.2290 0.1959 0.0172
165 0.0518 0.0543 0.2019 0.1106 0.5576 0.0239
166 0.1754 0.2915 0.3408 0.1187 0.0611 0.0126
167 0.1210 0.3289 0.2903 0.1995 0.0268 0.0338
168 0.2236 0.0461 0.0440 0.4517 0.0276 0.2068
169 0.2856 0.3784 0.0445 0.1760 0.0270 0.0885
170 0.0695 0.1438 0.2445 0.2708 0.0781 0.1935
171 0.3911 0.1655 0.0505 0.2194 0.0415 0.1320
172 0.0320 0.4998 0.0869 0.3030 0.0030 0.0754
173 0.1440 0.2469 0.4072 0.1632 0.0256 0.0129
174 0.0561 0.3411 0.3154 0.1769 0.0667 0.0440
175 0.2842 0.2096 0.0777 0.1821 0.0881 0.1582
176 0.0334 0.2490 0.3796 0.3147 0.0108 0.0122
177 0.0506 0.1185 0.5879 0.1088 0.0901 0.0439
178 0.2910 0.2113 0.2629 0.1836 0.0223 0.0290
179 0.0164 0.0195 0.1212 0.8149 0.0026 0.0254
180 0.0861 0.2434 0.3569 0.1597 0.1243 0.0295
181 0.3101 0.1323 0.1115 0.2532 0.1583 0.0348
182 0.3232 0.2659 0.1915 0.1515 0.0549 0.0129
183 0.1271 0.0425 0.4907 0.2046 0.0400 0.0952
184 0.0651 0.1305 0.6572 0.0303 0.1107 0.0062
185 0.3601 0.1421 0.1255 0.0932 0.1466 0.1324
186 0.1646 0.0413 0.1779 0.4761 0.0867 0.0534
187 0.1885 0.1227 0.6133 0.0305 0.0155 0.0296
188 0.4487 0.0780 0.0632 0.1716 0.1100 0.1285
189 0.0883 0.0779 0.2920 0.4248 0.0137 0.1033
190 0.2013 0.0839 0.3911 0.2751 0.0242 0.0244
191 0.2739 0.0437 0.0382 0.4958 0.0461 0.1023
192 0.1060 0.0415 0.0478 0.6338 0.0338 0.1371
193 0.0837 0.0224 0.0338 0.6436 0.0276 0.1887
194 0.2759 0.1647 0.1023 0.3711 0.0291 0.0569
195 0.2917 0.1274 0.1099 0.3835 0.0503 0.0371
196 0.3623 0.1620 0.1807 0.0783 0.1354 0.0814
197 0.1838 0.0527 0.4844 0.2217 0.0317 0.0259
198 0.0641 0.0519 0.0798 0.6787 0.0075 0.1179
199 0.1096 0.3826 0.3511 0.1078 0.0284 0.0208
200 0.1052 0.0581 0.3394 0.3845 0.0227 0.0900
201 0.1516 0.0532 0.1181 0.5459 0.0299 0.1010
202 0.1461 0.0801 0.5103 0.1997 0.0316 0.0323
203 0.1140 0.3003 0.2267 0.2096 0.0172 0.1322
204 0.0873 0.0359 0.1451 0.6455 0.0047 0.0814
205 0.2808 0.2054 0.1703 0.2700 0.0632 0.0101
206 0.1113 0.0379 0.5068 0.2979 0.0232 0.0228
207 0.1515 0.0963 0.1652 0.2703 0.1423 0.1744
208 0.1011 0.0914 0.1747 0.3757 0.0107 0.2463
209 0.0222 0.0856 0.0421 0.7397 0.0020 0.1083
210 0.2261 0.0268 0.0445 0.6240 0.0061 0.0723
211 0.3455 0.1130 0.2954 0.2014 0.0075 0.0373
212 0.3665 0.1492 0.0305 0.3550 0.0184 0.0805
213 0.2217 0.1168 0.1323 0.2183 0.0676 0.2434
