time exciting_prob fearful_prob tense_prob sad_prob relaxing_prob neutral_prob
0 0.0271 0.3206 0.4888 0.1008 0.0488 0.0141
1 0.0482 0.3911 0.3242 0.1439 0.0649 0.0275
2 0.0517 0.3423 0.3167 0.1776 0.0950 0.0169
3 0.0389 0.3362 0.3062 0.2137 0.0850 0.0200
4 0.0627 0.1576 0.3608 0.3389 0.0090 0.0710
5 0.0760 0.2494 0.3743 0.2100 0.0105 0.0797
6 0.0254 0.6055 0.2061 0.1331 0.0068 0.0231
7 0.1047 0.0766 0.3176 0.3542 0.0335 0.1132
8 0.1135 0.0580 0.2441 0.3779 0.0386 0.1677
9 0.1152 0.0940 0.2988 0.3181 0.0829 0.0911
10 0.0761 0.2119 0.3333 0.0862 0.2808 0.0118
11 0.0749 0.1661 0.4050 0.1040 0.2307 0.0192
12 0.0335 0.1152 0.2942 0.5083 0.0074 0.0417
13 0.1847 0.1997 0.1461 0.3450 0.0199 0.1044
14 0.0645 0.2233 0.3625 0.2130 0.0345 0.1022
15 0.1981 0.0679 0.4326 0.1340 0.0375 0.1299
16 0.0527 0.2595 0.4553 0.1501 0.0197 0.0626
17 0.0686 0.2471 0.3948 0.2214 0.0279 0.0400
18 0.0404 0.2959 0.4656 0.1511 0.0115 0.0353
19 0.1221 0.0865 0.2666 0.2974 0.0442 0.1832
20 0.0594 0.2275 0.3364 0.2876 0.0306 0.0584
21 0.0288 0.0522 0.2607 0.5352 0.0142 0.1088
22 0.0502 0.2032 0.4170 0.1940 0.1293 0.0062
23 0.0712 0.4160 0.2644 0.0879 0.1554 0.0052
24 0.0491 0.2656 0.2236 0.3154 0.0749 0.0715
25 0.0761 0.1125 0.1467 0.5366 0.0098 0.1179
26 0.0506 0.2001 0.3511 0.1685 0.0359 0.1938
27 0.0953 0.0766 0.4011 0.2050 0.2081 0.0138
28 0.0612 0.0540 0.2496 0.2874 0.3257 0.0222
29 0.0826 0.0623 0.3115 0.3530 0.1404 0.0501
30 0.0941 0.0172 0.1843 0.2725 0.3608 0.0710
31 0.0203 0.1782 0.2150 0.5576 0.0051 0.0237
32 0.0602 0.1584 0.1853 0.3516 0.0280 0.2166
33 0.2030 0.0701 0.3193 0.1764 0.0629 0.1683
34 0.0689 0.2947 0.2123 0.2725 0.1288 0.0229
35 0.0786 0.4668 0.1718 0.1218 0.1515 0.0097
36 0.0528 0.3311 0.1978 0.2423 0.1541 0.0220
37 0.0547 0.4272 0.1432 0.2323 0.1323 0.0100
38 0.1144 0.4597 0.2172 0.1886 0.0093 0.0109
39 0.0441 0.0825 0.2747 0.4819 0.0508 0.0662
40 0.0142 0.2725 0.3186 0.3445 0.0208 0.0296
41 0.0440 0.1235 0.2964 0.4590 0.0303 0.0469
42 0.0103 0.1678 0.1873 0.6143 0.0089 0.0114
43 0.0253 0.0864 0.3472 0.4529 0.0541 0.0341
44 0.0253 0.1168 0.2590 0.5151 0.0543 0.0295
45 0.0226 0.0596 0.1752 0.6821 0.0295 0.0309
46 0.0259 0.2346 0.3579 0.2659 0.0850 0.0308
47 0.0365 0.1622 0.2634 0.4341 0.0527 0.0511
48 0.0185 0.0999 0.1987 0.6216 0.0374 0.0237
49 0.0322 0.0849 0.4885 0.3203 0.0715 0.0027
50 0.1199 0.2274 0.2421 0.1161 0.2876 0.0070
51 0.1835 0.1301 0.2776 0.1765 0.2284 0.0038
52 0.1177 0.1910 0.4475 0.0506 0.1794 0.0137
53 0.0600 0.0860 0.1683 0.6064 0.0311 0.0482
54 0.0687 0.1597 0.4014 0.2803 0.0356 0.0543
55 0.0554 0.2244 0.4001 0.1980 0.0285 0.0936
56 0.1575 0.3494 0.2942 0.0721 0.1216 0.0053
57 0.0964 0.4746 0.1802 0.1542 0.0899 0.0047
58 0.0455 0.3525 0.1588 0.3931 0.0466 0.0035
59 0.0283 0.0928 0.4712 0.3557 0.0347 0.0172
60 0.0214 0.1240 0.5469 0.2505 0.0372 0.0202
61 0.0513 0.0679 0.4097 0.1997 0.2262 0.0453
62 0.0456 0.1044 0.4192 0.2389 0.1094 0.0826
63 0.0609 0.1519 0.3938 0.3369 0.0355 0.0209
64 0.0845 0.1230 0.5176 0.2125 0.0297 0.0326
65 0.0265 0.0636 0.5244 0.2852 0.0261 0.0743
66 0.0281 0.0493 0.6108 0.2391 0.0277 0.0450
67 0.0300 0.0855 0.6123 0.2083 0.0210 0.0430
68 0.2004 0.4697 0.1356 0.0698 0.1235 0.0009
69 0.0761 0.2380 0.3574 0.2534 0.0374 0.0377
70 0.0105 0.1017 0.1575 0.7173 0.0077 0.0056
71 0.0083 0.0975 0.1195 0.7671 0.0040 0.0036
72 0.0131 0.2905 0.2229 0.4644 0.0043 0.0047
73 0.0239 0.0704 0.1274 0.7329 0.0322 0.0130
74 0.0456 0.2142 0.6494 0.0706 0.0145 0.0057
75 0.0726 0.1768 0.2235 0.4658 0.0302 0.0312
76 0.0533 0.0852 0.2466 0.4065 0.1543 0.0542
77 0.0500 0.1163 0.4973 0.2878 0.0121 0.0366
78 0.0497 0.1119 0.5337 0.2405 0.0139 0.0504
79 0.1285 0.1285 0.4629 0.1930 0.0205 0.0667
80 0.1129 0.0965 0.4534 0.2625 0.0173 0.0576
81 0.1174 0.1120 0.2408 0.3242 0.0807 0.1249
82 0.1006 0.0400 0.0731 0.3198 0.2869 0.1794
83 0.1569 0.2095 0.3535 0.2144 0.0345 0.0314
84 0.0089 0.0584 0.0484 0.8442 0.0170 0.0229
85 0.0396 0.1075 0.0751 0.7012 0.0202 0.0566
86 0.0370 0.1534 0.6460 0.1418 0.0087 0.0131
87 0.0150 0.0633 0.0252 0.8604 0.0068 0.0294
88 0.0742 0.0510 0.2590 0.4407 0.1453 0.0300
89 0.0642 0.3638 0.3811 0.1470 0.0331 0.0110
90 0.0085 0.5869 0.0248 0.3730 0.0006 0.0059
91 0.0412 0.1382 0.6006 0.1949 0.0091 0.0163
92 0.0670 0.0834 0.4436 0.3735 0.0096 0.0230
93 0.1192 0.0886 0.5020 0.2124 0.0133 0.0648
94 0.1053 0.0638 0.3508 0.4434 0.0125 0.0242
95 0.0492 0.6626 0.1526 0.1099 0.0060 0.0195
96 0.0632 0.0721 0.4854 0.3083 0.0215 0.0496
97 0.0206 0.5366 0.2534 0.1797 0.0053 0.0043
98 0.0116 0.2969 0.2041 0.4819 0.0020 0.0032
99 0.1556 0.0381 0.7905 0.0051 0.0066 0.0037
100 0.2495 0.3206 0.1599 0.1702 0.0523 0.0476
101 0.1942 0.1714 0.2961 0.2134 0.0511 0.0737
102 0.0690 0.1934 0.1137 0.4031 0.1628 0.0581
103 0.0304 0.1165 0.6812 0.1543 0.0113 0.0065
104 0.0958 0.0781 0.1554 0.3669 0.1329 0.1707
105 0.1203 0.1877 0.4539 0.1697 0.0629 0.0055
106 0.0940 0.4519 0.1974 0.0811 0.1729 0.0027
107 0.1232 0.3350 0.3198 0.1765 0.0388 0.0066
108 0.0585 0.1393 0.0770 0.5957 0.1268 0.0025
109 0.1010 0.0477 0.3062 0.2274 0.1664 0.1515
110 0.1604 0.0614 0.2408 0.4714 0.0559 0.0100
111 0.2961 0.0557 0.1235 0.3252 0.1197 0.0797
112 0.0461 0.5000 0.4080 0.0149 0.0287 0.0023
113 0.1040 0.1610 0.5801 0.1235 0.0253 0.0062
114 0.0414 0.0684 0.1493 0.5996 0.0979 0.0434
115 0.0210 0.1871 0.1731 0.5854 0.0283 0.0048
116 0.0208 0.1946 0.2578 0.4595 0.0244 0.0431
117 0.0406 0.2390 0.5220 0.1776 0.0152 0.0056
118 0.2185 0.2595 0.2678 0.1284 0.1235 0.0023
119 0.1730 0.1885 0.3083 0.0963 0.2308 0.0033
120 0.0461 0.0681 0.1766 0.6357 0.0235 0.0498
121 0.0686 0.0802 0.1063 0.4204 0.2981 0.0265
122 0.0337 0.1848 0.1606 0.5435 0.0193 0.0582
123 0.0995 0.1076 0.2350 0.3755 0.0524 0.1298
124 0.0923 0.1185 0.4614 0.2321 0.0394 0.0564
125 0.0606 0.2101 0.1853 0.3687 0.0917 0.0836
126 0.0180 0.2908 0.1556 0.5264 0.0006 0.0085
127 0.0177 0.5176 0.1506 0.3091 0.0006 0.0045
128 0.0518 0.0417 0.0743 0.3328 0.3127 0.1868
129 0.1346 0.1526 0.1929 0.1812 0.1812 0.1575
130 0.0417 0.2437 0.2593 0.3384 0.0626 0.0544
131 0.0684 0.1761 0.2771 0.2484 0.0770 0.1531
132 0.1305 0.4626 0.2168 0.0798 0.0523 0.0579
133 0.0956 0.1267 0.2367 0.2520 0.2854 0.0036
134 0.0455 0.1490 0.5806 0.1770 0.0441 0.0041
135 0.0063 0.0665 0.0324 0.8618 0.0054 0.0277
136 0.0711 0.1349 0.2993 0.3340 0.1288 0.0318
137 0.0545 0.2622 0.2388 0.3530 0.0838 0.0077
138 0.2803 0.0881 0.4917 0.1014 0.0273 0.0112
139 0.1281 0.4331 0.2195 0.0937 0.1202 0.0055
140 0.0157 0.7144 0.0840 0.1807 0.0004 0.0050
141 0.0511 0.1236 0.3359 0.4053 0.0473 0.0365
142 0.0687 0.3303 0.3684 0.1560 0.0518 0.0247
143 0.0030 0.1157 0.0432 0.8281 0.0008 0.0091
144 0.0050 0.5474 0.0839 0.3535 0.0008 0.0093
145 0.1514 0.2896 0.3865 0.0377 0.1335 0.0016
146 0.0050 0.4397 0.0378 0.5142 0.0007 0.0030
147 0.0281 0.2144 0.1260 0.6104 0.0045 0.0165
148 0.0464 0.0966 0.3269 0.4468 0.0372 0.0464
149 0.0237 0.1487 0.3098 0.2734 0.2339 0.0102
150 0.1024 0.0228 0.2495 0.4519 0.1235 0.0499
151 0.0098 0.2827 0.0499 0.6470 0.0017 0.0089
152 0.0612 0.0584 0.2537 0.5288 0.0905 0.0078
153 0.0464 0.0146 0.2015 0.2393 0.4910 0.0072
154 0.0768 0.0352 0.2405 0.5771 0.0637 0.0068
155 0.0020 0.3086 0.0188 0.6636 0.0002 0.0066
156 0.0062 0.0245 0.0085 0.9468 0.0038 0.0104
157 0.0578 0.1224 0.3953 0.3228 0.0491 0.0527
158 0.0757 0.0326 0.1483 0.4939 0.2445 0.0052
159 0.0732 0.1091 0.2222 0.3440 0.2478 0.0036
160 0.1218 0.2402 0.2205 0.2966 0.1199 0.0009
161 0.0026 0.3979 0.0293 0.5615 0.0006 0.0082
162 0.0032 0.5107 0.0419 0.4368 0.0007 0.0068
163 0.2175 0.2859 0.1320 0.1472 0.2158 0.0016
164 0.2151 0.4697 0.1356 0.0889 0.0897 0.0011
165 0.2783 0.4312 0.0856 0.0798 0.1235 0.0015
166 0.0008 0.0049 0.0032 0.9863 0.0002 0.0045
167 0.0014 0.0267 0.0103 0.9551 0.0010 0.0054
168 0.0825 0.0979 0.1257 0.6382 0.0246 0.0311
169 0.0740 0.6855 0.1027 0.0872 0.0493 0.0010
170 0.0494 0.6665 0.1547 0.0518 0.0765 0.0013
171 0.0911 0.4924 0.2678 0.1284 0.0144 0.0058
172 0.0101 0.1017 0.0528 0.7515 0.0269 0.0570
173 0.0492 0.1099 0.1207 0.4629 0.1456 0.1117
174 0.0675 0.0450 0.3484 0.2671 0.2588 0.0133
175 0.1050 0.2659 0.3013 0.0315 0.2920 0.0041
176 0.0906 0.1846 0.4158 0.0363 0.2686 0.0042
177 0.1368 0.2402 0.4419 0.0203 0.1576 0.0030
178 0.0818 0.1719 0.5815 0.0508 0.1068 0.0071
179 0.0811 0.2457 0.4248 0.0407 0.1975 0.0102
180 0.0792 0.3206 0.3691 0.0371 0.1885 0.0056
181 0.0842 0.2634 0.3176 0.0427 0.2893 0.0031
182 0.0692 0.2493 0.3354 0.0587 0.2825 0.0047
183 0.1304 0.4143 0.0621 0.3655 0.0064 0.0213
184 0.0718 0.6157 0.0807 0.2162 0.0049 0.0106
185 0.1711 0.2064 0.1970 0.3623 0.0254 0.0376
186 0.0643 0.3882 0.4067 0.1212 0.0043 0.0153
187 0.0661 0.4016 0.3081 0.1810 0.0345 0.0085
188 0.0509 0.1721 0.3821 0.2246 0.0184 0.1520
189 0.0176 0.1617 0.4197 0.1617 0.0214 0.2178
190 0.0044 0.0509 0.0478 0.8877 0.0015 0.0076
191 0.0166 0.3301 0.1910 0.4514 0.0022 0.0086
192 0.1270 0.3191 0.1012 0.3672 0.0826 0.0029
193 0.0337 0.0118 0.0406 0.8823 0.0246 0.0068
194 0.0551 0.0148 0.0479 0.1724 0.7036 0.0065
195 0.0667 0.4963 0.1974 0.2069 0.0239 0.0089
196 0.1456 0.2615 0.2496 0.2595 0.0817 0.0021
197 0.0955 0.1284 0.2595 0.2939 0.2151 0.0077
198 0.0202 0.2262 0.2227 0.4031 0.0497 0.0781
199 0.0464 0.2002 0.5112 0.0946 0.0834 0.0640
200 0.0889 0.0947 0.1399 0.5366 0.0602 0.0797
201 0.0567 0.0643 0.2314 0.5381 0.0147 0.0950
202 0.0412 0.0115 0.0988 0.8276 0.0054 0.0154
203 0.0830 0.2103 0.1704 0.5205 0.0049 0.0107
204 0.0119 0.0953 0.1323 0.7383 0.0028 0.0194
205 0.0466 0.1814 0.4631 0.2520 0.0171 0.0399
206 0.0081 0.2849 0.5938 0.0883 0.0043 0.0210
207 0.0818 0.1873 0.4932 0.1993 0.0193 0.0191
208 0.0903 0.0748 0.5708 0.2067 0.0388 0.0186
209 0.0694 0.2944 0.5415 0.0668 0.0151 0.0124
210 0.0479 0.0731 0.2512 0.5317 0.0731 0.0228
211 0.0898 0.1135 0.2681 0.4490 0.0320 0.0473
212 0.0637 0.3340 0.4028 0.1528 0.0072 0.0396
213 0.0517 0.3169 0.3591 0.2212 0.0248 0.0264
214 0.0308 0.1720 0.1948 0.4675 0.0110 0.1238
215 0.0416 0.0866 0.4331 0.4197 0.0089 0.0101
216 0.1049 0.0374 0.2639 0.5674 0.0182 0.0083
217 0.0155 0.1381 0.0462 0.7700 0.0029 0.0276
218 0.0223 0.0896 0.8110 0.0645 0.0027 0.0100
219 0.0279 0.2666 0.6812 0.0104 0.0093 0.0046
220 0.0433 0.2064 0.1232 0.5879 0.0201 0.0189
221 0.0424 0.0898 0.5337 0.3186 0.0035 0.0123
222 0.0916 0.0591 0.3679 0.4370 0.0224 0.0218
223 0.0243 0.0507 0.1356 0.6172 0.0111 0.1610
224 0.0284 0.2795 0.1078 0.5391 0.0406 0.0046
225 0.1956 0.0161 0.1925 0.2800 0.1726 0.1431
226 0.0106 0.1159 0.0547 0.7798 0.0040 0.0348
227 0.0522 0.1398 0.6362 0.1443 0.0108 0.0166
228 0.0213 0.1530 0.0603 0.7295 0.0092 0.0268
229 0.0498 0.4204 0.1233 0.3379 0.0587 0.0099
230 0.0262 0.0468 0.0522 0.8154 0.0217 0.0376
231 0.0577 0.1967 0.2817 0.3850 0.0323 0.0464
232 0.0848 0.0394 0.1686 0.3406 0.3354 0.0312
233 0.0898 0.0213 0.1505 0.1932 0.5171 0.0278
234 0.1868 0.1622 0.3381 0.2494 0.0307 0.0327
235 0.3352 0.2551 0.1823 0.1488 0.0506 0.0280
236 0.0061 0.2510 0.1365 0.6025 0.0007 0.0032
237 0.0026 0.0704 0.0332 0.8843 0.0050 0.0045
238 0.0127 0.0798 0.2537 0.0395 0.6084 0.0059
239 0.0544 0.1116 0.3545 0.1433 0.3279 0.0083
240 0.0789 0.4368 0.2820 0.1737 0.0062 0.0224
241 0.0609 0.6147 0.1906 0.1192 0.0037 0.0107
242 0.0448 0.3523 0.2830 0.2920 0.0104 0.0177
243 0.0915 0.1509 0.1533 0.3296 0.2266 0.0482
244 0.1383 0.2883 0.4065 0.1260 0.0155 0.0254
245 0.1647 0.2983 0.4478 0.0494 0.0291 0.0109
246 0.0833 0.0669 0.1876 0.2061 0.4033 0.0529
247 0.1632 0.1251 0.3679 0.2064 0.0796 0.0578
248 0.1180 0.1109 0.2744 0.3811 0.0762 0.0392
249 0.0872 0.0489 0.1393 0.4497 0.2091 0.0658
250 0.0189 0.0680 0.1212 0.6865 0.0316 0.0735
251 0.0897 0.0912 0.3899 0.3386 0.0207 0.0699
252 0.0698 0.1170 0.4924 0.2942 0.0092 0.0174
253 0.0274 0.0608 0.1267 0.5767 0.1626 0.0459
254 0.0160 0.0517 0.0813 0.7134 0.1240 0.0137
255 0.0779 0.1116 0.0969 0.5938 0.0287 0.0911
256 0.0870 0.1504 0.1348 0.5674 0.0065 0.0536
257 0.0406 0.1595 0.1595 0.4912 0.0676 0.0815
258 0.0311 0.1565 0.0466 0.7236 0.0222 0.0201
259 0.2974 0.2708 0.1667 0.0679 0.1036 0.0936
260 0.2842 0.2979 0.1462 0.0534 0.1148 0.1037
261 0.1620 0.1475 0.1595 0.1895 0.0828 0.2588
262 0.1266 0.3284 0.1287 0.3389 0.0278 0.0496
263 0.0626 0.2086 0.1367 0.5244 0.0363 0.0315
264 0.1788 0.4258 0.1949 0.1449 0.0321 0.0237
265 0.1234 0.3406 0.2034 0.2959 0.0076 0.0291
266 0.1366 0.3770 0.2217 0.1499 0.0181 0.0968
267 0.0255 0.1973 0.0651 0.6567 0.0191 0.0362
268 0.0363 0.0165 0.0253 0.7876 0.0970 0.0374
269 0.1136 0.1553 0.1349 0.1288 0.0181 0.4492
270 0.1136 0.1553 0.1349 0.1288 0.0181 0.4492
271 0.1136 0.1553 0.1349 0.1288 0.0181 0.4492
272 0.6685 0.2346 0.0571 0.0083 0.0308 0.0008
273 0.6675 0.2344 0.0579 0.0084 0.0310 0.0008
274 0.6685 0.2346 0.0571 0.0082 0.0308 0.0008
