time exciting_prob fearful_prob tense_prob sad_prob relaxing_prob neutral_prob
0 0.1136 0.1553 0.1349 0.1288 0.0181 0.4492
1 0.0687 0.3179 0.2515 0.2893 0.0296 0.0430
2 0.1462 0.5435 0.1683 0.0691 0.0361 0.0367
3 0.1923 0.0901 0.6816 0.0069 0.0275 0.0017
4 0.2378 0.0709 0.6567 0.0074 0.0259 0.0016
5 0.2396 0.0760 0.5933 0.0506 0.0370 0.0035
6 0.6626 0.0315 0.1514 0.0377 0.1116 0.0055
7 0.6152 0.0981 0.0989 0.0311 0.1484 0.0079
8 0.7705 0.0287 0.0268 0.0097 0.1641 0.0004
9 0.0678 0.1180 0.0799 0.6797 0.0408 0.0140
10 0.1847 0.0914 0.0396 0.6445 0.0158 0.0238
11 0.6812 0.1005 0.0302 0.1532 0.0279 0.0073
12 0.3054 0.2891 0.1499 0.1823 0.0630 0.0104
13 0.1294 0.1107 0.1610 0.4807 0.0454 0.0726
14 0.1210 0.0623 0.4822 0.0504 0.0301 0.2542
15 0.0721 0.0407 0.5000 0.1346 0.0338 0.2185
16 0.0828 0.2377 0.1895 0.1925 0.0109 0.2866
17 0.2610 0.2114 0.2097 0.2610 0.0471 0.0097
18 0.2971 0.3113 0.2225 0.1278 0.0338 0.0076
19 0.1287 0.4707 0.1267 0.0637 0.0139 0.1963
20 0.2216 0.4729 0.1387 0.0760 0.0430 0.0479
21 0.1731 0.2725 0.1639 0.3159 0.0705 0.0040
22 0.2255 0.1169 0.0243 0.2827 0.0300 0.3206
23 0.2140 0.2903 0.0668 0.1530 0.0355 0.2406
24 0.0627 0.1641 0.1565 0.3113 0.0084 0.2971
25 0.1665 0.0912 0.0567 0.1553 0.0093 0.5210
26 0.1053 0.1848 0.4036 0.2300 0.0505 0.0260
27 0.1105 0.1794 0.3149 0.3005 0.0742 0.0206
28 0.1616 0.4031 0.0770 0.1068 0.0126 0.2389
29 0.1032 0.4346 0.1637 0.2069 0.0216 0.0699
30 0.4241 0.2959 0.0335 0.1687 0.0064 0.0714
31 0.3530 0.1580 0.1268 0.0907 0.1630 0.1085
32 0.1052 0.1211 0.2061 0.5342 0.0153 0.0180
33 0.2426 0.3020 0.2141 0.2107 0.0222 0.0085
34 0.1010 0.0612 0.1256 0.5210 0.0575 0.1338
35 0.1516 0.0532 0.0541 0.5132 0.0208 0.2073
36 0.1541 0.3667 0.0571 0.0898 0.0618 0.2705
37 0.2024 0.2703 0.0380 0.1758 0.0371 0.2766
38 0.2062 0.0614 0.3914 0.0873 0.0089 0.2449
39 0.2803 0.1302 0.1971 0.0797 0.0145 0.2983
40 0.3879 0.1220 0.1790 0.1416 0.0224 0.1472
41 0.1831 0.1566 0.2314 0.3584 0.0160 0.0545
42 0.4333 0.2607 0.0724 0.0216 0.1632 0.0486
43 0.1188 0.3081 0.0346 0.1008 0.4146 0.0232
44 0.1547 0.2888 0.0348 0.2888 0.1780 0.0547
45 0.0937 0.3853 0.0204 0.1439 0.1998 0.1569
46 0.1694 0.1980 0.2625 0.3066 0.0301 0.0334
47 0.0498 0.3171 0.5146 0.0923 0.0128 0.0132
48 0.0877 0.3750 0.3931 0.1049 0.0222 0.0173
49 0.4548 0.2803 0.0539 0.1089 0.0597 0.0426
50 0.1357 0.3689 0.2942 0.0499 0.0154 0.1357
51 0.1929 0.4924 0.1400 0.0377 0.0933 0.0437
52 0.2705 0.2091 0.0633 0.0913 0.2140 0.1517
53 0.2979 0.4470 0.1121 0.0103 0.0982 0.0347
54 0.3652 0.3198 0.1292 0.0133 0.1510 0.0214
55 0.1260 0.4980 0.2666 0.0297 0.0590 0.0206
56 0.2114 0.5610 0.1583 0.0601 0.0068 0.0021
57 0.0297 0.2522 0.1119 0.5640 0.0190 0.0231
58 0.0630 0.4658 0.3032 0.1254 0.0198 0.0227
59 0.0422 0.2354 0.1147 0.5737 0.0086 0.0254
60 0.2646 0.4756 0.1532 0.0534 0.0449 0.0082
61 0.0822 0.3711 0.2473 0.2050 0.0778 0.0166
62 0.0771 0.2047 0.3767 0.2510 0.0104 0.0802
63 0.0821 0.1793 0.5396 0.1793 0.0120 0.0077
64 0.2096 0.4543 0.1396 0.1063 0.0282 0.0620
65 0.2404 0.3608 0.1066 0.1247 0.0673 0.1002
66 0.1694 0.4905 0.0306 0.0872 0.1383 0.0839
67 0.0756 0.4456 0.0215 0.1469 0.1614 0.1492
68 0.1144 0.3899 0.2517 0.1991 0.0354 0.0095
69 0.2124 0.2261 0.1919 0.3367 0.0153 0.0178
70 0.1006 0.2913 0.4441 0.1398 0.0154 0.0089
71 0.0748 0.2737 0.3054 0.3252 0.0072 0.0136
72 0.1691 0.4668 0.0451 0.1962 0.0540 0.0688
73 0.1931 0.4817 0.0291 0.1588 0.0549 0.0824
74 0.1370 0.2405 0.2295 0.2969 0.0283 0.0678
75 0.2350 0.0906 0.0942 0.3999 0.0321 0.1482
76 0.1361 0.5176 0.0412 0.0581 0.0521 0.1949
77 0.1353 0.4402 0.0165 0.1765 0.1166 0.1148
78 0.0746 0.2192 0.2859 0.3450 0.0093 0.0659
79 0.1077 0.5137 0.2280 0.1120 0.0156 0.0228
80 0.1448 0.3611 0.3640 0.1136 0.0097 0.0068
81 0.2174 0.3420 0.2042 0.1517 0.0563 0.0285
82 0.0900 0.0788 0.1309 0.5913 0.0375 0.0717
83 0.0352 0.0589 0.5947 0.2054 0.0119 0.0941
84 0.0117 0.2070 0.6479 0.0672 0.0101 0.0562
85 0.1259 0.4941 0.1906 0.1372 0.0367 0.0156
86 0.0685 0.0633 0.3423 0.4065 0.0717 0.0478
87 0.0465 0.2986 0.5845 0.0565 0.0044 0.0094
88 0.2015 0.4912 0.0753 0.1096 0.0777 0.0446
89 0.3682 0.3982 0.0991 0.0182 0.0953 0.0209
90 0.0605 0.0432 0.6108 0.1569 0.0241 0.1045
91 0.0787 0.1860 0.1566 0.5381 0.0231 0.0174
92 0.0319 0.1195 0.1465 0.6772 0.0127 0.0124
93 0.3635 0.2517 0.0536 0.1276 0.0320 0.1716
94 0.4021 0.1869 0.0856 0.0693 0.2135 0.0427
95 0.1935 0.3215 0.2666 0.1495 0.0432 0.0260
96 0.1753 0.5400 0.2002 0.0530 0.0269 0.0049
97 0.1718 0.4351 0.2898 0.0608 0.0217 0.0210
98 0.5796 0.2551 0.0426 0.0809 0.0067 0.0353
99 0.4746 0.0711 0.0980 0.1774 0.0213 0.1577
100 0.1685 0.2610 0.0909 0.2671 0.0044 0.2081
101 0.1638 0.3062 0.3750 0.0805 0.0147 0.0598
102 0.2324 0.3127 0.3054 0.0803 0.0487 0.0205
103 0.3098 0.4617 0.0909 0.0530 0.0461 0.0385
104 0.1588 0.3928 0.0462 0.1469 0.0850 0.1703
105 0.2605 0.0807 0.1250 0.4866 0.0212 0.0260
106 0.3501 0.1102 0.0812 0.3967 0.0231 0.0387
107 0.2656 0.2656 0.1125 0.1514 0.0626 0.1422
108 0.3108 0.4851 0.0804 0.0773 0.0305 0.0160
109 0.1876 0.2390 0.1891 0.3069 0.0088 0.0685
110 0.2659 0.2576 0.0704 0.0870 0.2152 0.1041
111 0.3281 0.4082 0.0531 0.0424 0.1514 0.0168
112 0.5864 0.1085 0.1371 0.0914 0.0070 0.0695
113 0.4216 0.1718 0.0844 0.1218 0.0059 0.1946
114 0.2271 0.6030 0.0709 0.0917 0.0046 0.0027
115 0.0576 0.5254 0.0988 0.2812 0.0107 0.0262
116 0.0739 0.2581 0.1277 0.5132 0.0169 0.0106
117 0.0471 0.3704 0.1121 0.3972 0.0277 0.0456
118 0.0098 0.0259 0.0602 0.8711 0.0047 0.0284
119 0.0795 0.2585 0.2336 0.2300 0.0724 0.1260
120 0.2365 0.4053 0.0421 0.1091 0.0380 0.1689
121 0.1743 0.3281 0.0389 0.0756 0.0170 0.3662
122 0.0457 0.0275 0.5840 0.2983 0.0239 0.0206
123 0.0274 0.3340 0.1541 0.4636 0.0060 0.0151
124 0.0360 0.4028 0.2727 0.2482 0.0088 0.0316
125 0.0688 0.1370 0.1208 0.4387 0.0369 0.1978
126 0.0524 0.2120 0.2639 0.1871 0.0325 0.2520
127 0.1949 0.5820 0.0554 0.0740 0.0628 0.0306
128 0.2014 0.1113 0.0937 0.4539 0.0319 0.1078
129 0.2827 0.1586 0.0992 0.2474 0.0149 0.1973
130 0.2032 0.4509 0.0385 0.0625 0.1547 0.0902
131 0.3660 0.2020 0.0511 0.1265 0.1742 0.0804
132 0.0363 0.0614 0.3477 0.5059 0.0435 0.0052
133 0.0486 0.2377 0.3857 0.2693 0.0302 0.0286
134 0.0529 0.0873 0.2264 0.5693 0.0079 0.0564
135 0.0427 0.2402 0.5942 0.0657 0.0021 0.0549
136 0.2803 0.3657 0.0451 0.1284 0.0829 0.0977
137 0.0173 0.2145 0.4199 0.2979 0.0016 0.0490
138 0.0140 0.0553 0.4211 0.3958 0.0022 0.1116
139 0.0349 0.4182 0.1017 0.3550 0.0392 0.0511
140 0.0562 0.0957 0.2903 0.4565 0.0057 0.0957
141 0.0382 0.0953 0.1176 0.6929 0.0247 0.0314
142 0.1436 0.2993 0.0705 0.1772 0.1692 0.1403
143 0.1566 0.3115 0.0378 0.1875 0.2279 0.0787
144 0.0457 0.4041 0.3049 0.1644 0.0051 0.0759
145 0.4294 0.0734 0.0283 0.1495 0.0052 0.3142
146 0.6528 0.2007 0.0496 0.0424 0.0296 0.0251
147 0.1780 0.2357 0.1054 0.0808 0.3325 0.0676
148 0.2854 0.4524 0.1199 0.0144 0.1100 0.0181
149 0.0827 0.1792 0.0179 0.1953 0.0182 0.5068
150 0.1465 0.5933 0.0931 0.0969 0.0348 0.0353
151 0.2229 0.4832 0.0634 0.0782 0.0321 0.1202
152 0.2512 0.4241 0.0616 0.0754 0.0433 0.1443
153 0.0361 0.2910 0.3916 0.2162 0.0206 0.0446
154 0.3208 0.3872 0.1470 0.1010 0.0352 0.0089
155 0.3728 0.3213 0.1182 0.1578 0.0204 0.0095
156 0.3838 0.3440 0.1144 0.1266 0.0261 0.0049
157 0.0379 0.0953 0.2671 0.4138 0.0450 0.1407
158 0.0435 0.2046 0.2507 0.3882 0.0237 0.0894
159 0.1829 0.2461 0.2241 0.1843 0.1541 0.0084
160 0.3135 0.3086 0.1638 0.0421 0.1704 0.0017
161 0.0584 0.3550 0.0451 0.3184 0.1368 0.0863
162 0.3372 0.1395 0.0685 0.0568 0.1184 0.2795
163 0.3286 0.3499 0.0734 0.0684 0.1075 0.0722
164 0.0504 0.5718 0.2008 0.0934 0.0575 0.0259
165 0.3062 0.3723 0.1017 0.1504 0.0589 0.0104
166 0.1880 0.4075 0.1006 0.2322 0.0591 0.0127
167 0.2313 0.3640 0.1903 0.0632 0.0844 0.0668
168 0.1355 0.2532 0.3831 0.2166 0.0049 0.0070
169 0.0188 0.1482 0.4563 0.1018 0.0381 0.2368
170 0.0135 0.2468 0.5649 0.0605 0.0079 0.1061
171 0.0180 0.2422 0.3870 0.1359 0.0255 0.1915
172 0.0657 0.1403 0.1858 0.5420 0.0051 0.0613
173 0.2747 0.3066 0.1093 0.0331 0.2542 0.0222
174 0.2264 0.4575 0.1462 0.0307 0.1095 0.0297
175 0.0207 0.3672 0.3342 0.2445 0.0159 0.0176
176 0.0576 0.1392 0.1100 0.6436 0.0088 0.0411
177 0.1495 0.2334 0.1667 0.3848 0.0161 0.0493
178 0.3564 0.2712 0.1121 0.1451 0.0319 0.0833
179 0.3911 0.2976 0.0442 0.1290 0.0429 0.0951
180 0.0567 0.1873 0.2993 0.2856 0.0463 0.1248
181 0.1914 0.2988 0.2477 0.2152 0.0343 0.0126
182 0.4922 0.2534 0.1432 0.0862 0.0216 0.0033
183 0.0777 0.4268 0.0262 0.2179 0.1908 0.0605
184 0.3613 0.2261 0.1654 0.1760 0.0321 0.0393
185 0.3291 0.4062 0.1747 0.0633 0.0248 0.0019
186 0.2607 0.3218 0.0521 0.3218 0.0378 0.0056
187 0.1766 0.4373 0.0514 0.3149 0.0085 0.0110
188 0.2017 0.5566 0.1301 0.0923 0.0140 0.0052
189 0.1234 0.1661 0.1142 0.3801 0.0172 0.1989
190 0.1428 0.4502 0.1643 0.1520 0.0493 0.0412
191 0.0361 0.1831 0.2793 0.4192 0.0059 0.0764
192 0.1619 0.2487 0.1157 0.2839 0.1353 0.0546
193 0.2529 0.2778 0.2629 0.1765 0.0138 0.0160
194 0.3804 0.1884 0.1898 0.1769 0.0461 0.0184
195 0.1782 0.2939 0.0503 0.1274 0.0374 0.3127
196 0.3259 0.3994 0.1118 0.1307 0.0244 0.0077
197 0.2319 0.5352 0.0659 0.1509 0.0131 0.0031
198 0.1008 0.6680 0.0970 0.1107 0.0213 0.0024
199 0.3708 0.1864 0.2510 0.1046 0.0113 0.0759
200 0.0161 0.8530 0.0658 0.0594 0.0034 0.0021
201 0.1808 0.1808 0.0861 0.2340 0.0573 0.2610
202 0.0801 0.4468 0.0361 0.1863 0.1428 0.1078
203 0.0846 0.4263 0.0201 0.1231 0.2566 0.0894
204 0.0516 0.3811 0.0532 0.4597 0.0227 0.0318
205 0.4436 0.3096 0.1301 0.1096 0.0070 0.0002
206 0.4351 0.1434 0.2024 0.1915 0.0207 0.0068
207 0.1975 0.3059 0.0688 0.1770 0.0548 0.1959
208 0.0367 0.1672 0.0748 0.6362 0.0309 0.0539
209 0.2522 0.3938 0.0900 0.0734 0.1761 0.0143
210 0.0845 0.4568 0.3213 0.1093 0.0037 0.0244
211 0.0618 0.4861 0.0928 0.2791 0.0425 0.0378
212 0.0391 0.6025 0.0692 0.2183 0.0552 0.0156
213 0.1908 0.3538 0.2450 0.0364 0.0379 0.1364
214 0.3254 0.4312 0.1179 0.1064 0.0125 0.0066
215 0.3538 0.4470 0.1194 0.0665 0.0079 0.0055
216 0.5181 0.0997 0.0559 0.1183 0.0066 0.2013
217 0.2417 0.3772 0.1560 0.1989 0.0185 0.0076
218 0.1489 0.5117 0.2051 0.1263 0.0061 0.0020
219 0.2122 0.2073 0.1665 0.3933 0.0185 0.0023
220 0.3049 0.2886 0.0860 0.0707 0.2128 0.0370
221 0.2727 0.5054 0.0988 0.1068 0.0157 0.0005
222 0.2261 0.0567 0.0558 0.4031 0.0212 0.2369
223 0.7334 0.1367 0.0427 0.0424 0.0182 0.0265
224 0.6465 0.1224 0.0616 0.1584 0.0085 0.0027
225 0.0755 0.3518 0.0289 0.3491 0.1514 0.0434
226 0.3628 0.2455 0.0476 0.0130 0.3127 0.0185
227 0.0411 0.0308 0.0114 0.3208 0.0148 0.5811
228 0.0528 0.0913 0.0157 0.4600 0.0164 0.3638
229 0.3232 0.5127 0.0811 0.0532 0.0280 0.0019
230 0.1768 0.1023 0.0692 0.6167 0.0209 0.0141
231 0.4934 0.1349 0.0733 0.1470 0.0166 0.1349
232 0.4717 0.0966 0.1790 0.0764 0.0198 0.1567
233 0.4417 0.1562 0.1490 0.1256 0.0404 0.0870
234 0.3137 0.1566 0.0580 0.2010 0.0145 0.2561
235 0.0789 0.0629 0.0148 0.5391 0.0457 0.2585
236 0.0660 0.1063 0.0120 0.3708 0.0245 0.4204
237 0.0563 0.1174 0.0505 0.5601 0.0163 0.1997
