time exciting_prob fearful_prob tense_prob sad_prob relaxing_prob neutral_prob
0 0.1136 0.1553 0.1349 0.1288 0.0181 0.4492
1 0.0531 0.0461 0.6274 0.1142 0.0056 0.1537
2 0.1082 0.0993 0.5371 0.1189 0.0301 0.1066
3 0.0580 0.0857 0.5010 0.1481 0.0140 0.1931
4 0.0609 0.1068 0.3669 0.3906 0.0139 0.0609
5 0.0620 0.1313 0.5195 0.2269 0.0181 0.0420
6 0.1499 0.0261 0.4141 0.1809 0.0075 0.2216
7 0.3328 0.0178 0.1548 0.3379 0.0159 0.1409
8 0.1442 0.0440 0.4727 0.1711 0.0122 0.1559
9 0.2705 0.0594 0.2749 0.3066 0.0214 0.0673
10 0.1180 0.0343 0.3750 0.4185 0.0408 0.0133
11 0.2285 0.1431 0.3274 0.1453 0.0605 0.0953
12 0.3047 0.0915 0.2688 0.0959 0.0393 0.1998
13 0.3562 0.0701 0.1121 0.1763 0.0443 0.2410
14 0.4043 0.0251 0.0809 0.1910 0.0376 0.2610
15 0.2747 0.0800 0.2173 0.3313 0.0294 0.0673
16 0.1979 0.1948 0.3584 0.2074 0.0118 0.0299
17 0.0862 0.0108 0.2827 0.1107 0.0132 0.4963
18 0.0734 0.0116 0.2484 0.2407 0.0032 0.4226
19 0.1702 0.0392 0.2438 0.1869 0.0519 0.3081
20 0.2319 0.1364 0.5146 0.0436 0.0271 0.0468
21 0.1678 0.0125 0.2025 0.2368 0.0411 0.3391
22 0.3230 0.0166 0.2400 0.2118 0.0970 0.1116
23 0.2998 0.0091 0.0914 0.2905 0.0316 0.2773
24 0.1578 0.2191 0.4426 0.0781 0.0199 0.0825
25 0.1453 0.1333 0.6611 0.0239 0.0182 0.0185
26 0.1415 0.1448 0.6802 0.0183 0.0132 0.0021
27 0.0765 0.1005 0.6978 0.0930 0.0116 0.0209
28 0.5815 0.0541 0.0739 0.0812 0.0516 0.1577
29 0.4353 0.0164 0.1154 0.1349 0.0688 0.2294
30 0.2585 0.0246 0.2883 0.1982 0.0352 0.1951
31 0.1578 0.0432 0.4565 0.2406 0.0489 0.0529
32 0.0948 0.1772 0.5049 0.1614 0.0149 0.0470
33 0.1332 0.1292 0.5610 0.0975 0.0649 0.0143
34 0.1587 0.0236 0.4314 0.0891 0.0229 0.2742
35 0.2180 0.2935 0.3887 0.0660 0.0295 0.0044
36 0.4580 0.0888 0.3003 0.0854 0.0596 0.0077
37 0.2086 0.0656 0.4626 0.1650 0.0699 0.0282
38 0.1754 0.0332 0.1597 0.5239 0.0197 0.0882
39 0.1482 0.0818 0.3186 0.3555 0.0399 0.0558
40 0.0926 0.0562 0.7056 0.0496 0.0779 0.0179
41 0.1830 0.0448 0.2791 0.3113 0.0205 0.1615
42 0.1388 0.1244 0.5659 0.0778 0.0210 0.0720
43 0.3586 0.1201 0.2749 0.1519 0.0207 0.0740
44 0.4312 0.1826 0.2135 0.1049 0.0312 0.0365
45 0.5010 0.1109 0.1317 0.0328 0.1135 0.1100
46 0.1776 0.0966 0.3879 0.0478 0.1094 0.1804
47 0.1203 0.0517 0.4910 0.0776 0.1805 0.0789
48 0.1506 0.0363 0.3342 0.1604 0.0497 0.2686
49 0.0655 0.1080 0.2251 0.1522 0.1114 0.3379
50 0.0975 0.0713 0.6260 0.0808 0.0887 0.0359
51 0.1478 0.1346 0.4922 0.1624 0.0189 0.0440
52 0.1626 0.2103 0.5332 0.0305 0.0267 0.0368
53 0.0578 0.2512 0.1782 0.4622 0.0391 0.0115
54 0.1630 0.1681 0.4941 0.0950 0.0301 0.0497
55 0.5532 0.0243 0.0454 0.2035 0.0295 0.1443
56 0.4949 0.0510 0.1879 0.1486 0.0241 0.0937
57 0.3533 0.2625 0.3142 0.0192 0.0490 0.0020
58 0.1048 0.0720 0.1624 0.5938 0.0298 0.0371
59 0.2177 0.0865 0.2974 0.1450 0.1804 0.0729
60 0.2135 0.0465 0.3689 0.1422 0.0726 0.1562
61 0.4031 0.0546 0.3503 0.0900 0.0717 0.0304
62 0.2981 0.1986 0.3379 0.0498 0.1022 0.0133
63 0.1381 0.2277 0.2581 0.2620 0.0194 0.0949
64 0.2810 0.0608 0.3086 0.2683 0.0477 0.0336
65 0.1901 0.0386 0.2808 0.2478 0.2153 0.0274
66 0.3562 0.0334 0.3245 0.2128 0.0195 0.0538
67 0.1250 0.1907 0.4573 0.1484 0.0629 0.0158
68 0.1326 0.5850 0.1151 0.0440 0.0243 0.0992
69 0.3538 0.2546 0.2588 0.0514 0.0329 0.0486
70 0.3037 0.0335 0.2681 0.2766 0.0149 0.1033
71 0.2399 0.0424 0.4482 0.1410 0.0170 0.1116
72 0.1049 0.0245 0.6133 0.2186 0.0079 0.0310
73 0.1175 0.1736 0.5024 0.1086 0.0505 0.0475
74 0.1438 0.1249 0.4717 0.1461 0.0581 0.0555
75 0.2805 0.2805 0.3228 0.0621 0.0511 0.0031
76 0.1678 0.1414 0.3040 0.1815 0.0088 0.1963
77 0.2622 0.2791 0.1298 0.0603 0.0107 0.2581
78 0.2756 0.1671 0.5146 0.0206 0.0182 0.0038
79 0.0767 0.0346 0.3550 0.0883 0.0305 0.4148
80 0.1886 0.0558 0.2499 0.1199 0.0333 0.3525
81 0.0771 0.4233 0.3376 0.0560 0.0055 0.1006
82 0.0544 0.0897 0.7285 0.0184 0.0121 0.0970
83 0.0592 0.0640 0.7324 0.0275 0.0208 0.0961
84 0.1130 0.2283 0.4199 0.0586 0.0724 0.1078
85 0.0661 0.0890 0.1295 0.3574 0.1637 0.1943
86 0.1704 0.2087 0.2598 0.1041 0.0727 0.1842
87 0.0466 0.2189 0.6533 0.0392 0.0301 0.0118
88 0.2996 0.0996 0.5513 0.0148 0.0316 0.0033
89 0.2869 0.1421 0.2035 0.0548 0.2961 0.0166
90 0.2202 0.0682 0.4448 0.1490 0.0621 0.0557
91 0.1450 0.0634 0.4646 0.1112 0.0908 0.1250
92 0.1212 0.0358 0.3911 0.0505 0.3396 0.0619
93 0.3464 0.0389 0.2534 0.0876 0.1198 0.1538
94 0.1967 0.1630 0.4570 0.0839 0.0718 0.0277
95 0.0905 0.1423 0.4182 0.1638 0.0289 0.1562
96 0.1798 0.1335 0.5200 0.0993 0.0492 0.0179
97 0.1420 0.0490 0.6987 0.0902 0.0099 0.0102
98 0.0934 0.0800 0.7012 0.0268 0.0717 0.0268
99 0.1448 0.0493 0.5054 0.0706 0.2173 0.0130
100 0.1412 0.0287 0.5415 0.2366 0.0052 0.0466
101 0.0627 0.0793 0.5420 0.1119 0.1874 0.0166
102 0.1379 0.0263 0.4893 0.1144 0.1638 0.0683
103 0.1158 0.1970 0.3857 0.0530 0.1022 0.1464
104 0.3157 0.0850 0.1161 0.3467 0.0773 0.0593
105 0.4231 0.2264 0.1606 0.0460 0.0479 0.0959
106 0.0739 0.0401 0.7227 0.0267 0.0850 0.0515
107 0.2986 0.0925 0.2290 0.0480 0.1929 0.1389
108 0.0848 0.0977 0.2871 0.4177 0.0682 0.0447
109 0.1603 0.1705 0.4636 0.1229 0.0567 0.0260
110 0.1721 0.1102 0.5059 0.1708 0.0254 0.0159
111 0.0885 0.0618 0.3669 0.3447 0.0172 0.1210
112 0.1752 0.0731 0.2471 0.4072 0.0551 0.0423
113 0.2773 0.1764 0.4434 0.0449 0.0490 0.0091
114 0.2047 0.0730 0.1697 0.4333 0.0938 0.0254
115 0.4812 0.0593 0.1467 0.0767 0.2308 0.0053
116 0.2100 0.0150 0.1273 0.2825 0.3572 0.0083
117 0.2820 0.0331 0.0967 0.1021 0.4722 0.0140
118 0.2247 0.1863 0.3220 0.1428 0.0685 0.0555
119 0.2458 0.1337 0.4053 0.1009 0.0612 0.0532
120 0.1445 0.1316 0.5205 0.0462 0.0622 0.0948
121 0.4509 0.0300 0.1418 0.2693 0.0490 0.0591
122 0.1497 0.0639 0.3120 0.2393 0.0273 0.2079
123 0.1692 0.0489 0.2664 0.2350 0.0186 0.2622
124 0.0880 0.1543 0.3760 0.3167 0.0195 0.0456
125 0.0967 0.1063 0.5151 0.0881 0.0909 0.1030
126 0.1131 0.2549 0.3540 0.0697 0.1131 0.0953
127 0.0656 0.2019 0.3079 0.1699 0.2115 0.0433
128 0.0844 0.1327 0.2404 0.1652 0.0220 0.3552
129 0.0947 0.1198 0.3157 0.0656 0.2273 0.1770
130 0.1307 0.2542 0.3875 0.0369 0.0800 0.1110
131 0.0952 0.2979 0.3945 0.0370 0.0551 0.1204
132 0.2350 0.0369 0.5908 0.0668 0.0657 0.0050
133 0.1476 0.2510 0.5400 0.0400 0.0136 0.0078
134 0.1530 0.0885 0.5508 0.1051 0.0381 0.0648
135 0.3469 0.1588 0.3469 0.0341 0.0877 0.0255
136 0.1530 0.1437 0.1437 0.1788 0.2522 0.1288
137 0.4102 0.0331 0.4038 0.1037 0.0394 0.0097
138 0.0757 0.1471 0.7070 0.0349 0.0285 0.0068
139 0.1534 0.1398 0.5190 0.0573 0.0312 0.0991
140 0.1443 0.0574 0.6465 0.0407 0.0327 0.0784
141 0.3198 0.2323 0.1196 0.3149 0.0086 0.0047
142 0.3562 0.3645 0.1936 0.0586 0.0226 0.0044
143 0.4573 0.1967 0.2930 0.0460 0.0042 0.0032
144 0.0535 0.7622 0.1598 0.0059 0.0171 0.0015
145 0.1234 0.3406 0.3250 0.0698 0.0198 0.1215
146 0.0254 0.3423 0.2177 0.3318 0.0204 0.0623
147 0.1003 0.5342 0.1964 0.0609 0.0191 0.0892
148 0.2947 0.0878 0.1815 0.1787 0.0642 0.1932
149 0.1564 0.0589 0.1026 0.4253 0.0496 0.2073
150 0.2234 0.1971 0.3682 0.1293 0.0597 0.0223
151 0.1124 0.1797 0.5620 0.1089 0.0269 0.0100
152 0.0867 0.1453 0.4761 0.2285 0.0300 0.0334
153 0.1176 0.3350 0.4106 0.0397 0.0796 0.0175
154 0.1709 0.2605 0.3345 0.1682 0.0326 0.0331
155 0.0851 0.3315 0.4126 0.0825 0.0279 0.0604
156 0.0620 0.3152 0.4241 0.1106 0.0760 0.0121
157 0.1179 0.3926 0.1914 0.0616 0.1914 0.0451
158 0.2347 0.0396 0.6284 0.0414 0.0169 0.0392
159 0.3362 0.0699 0.4890 0.0386 0.0575 0.0088
160 0.1403 0.0389 0.1181 0.4670 0.0318 0.2040
161 0.2583 0.1094 0.2045 0.1299 0.0966 0.2013
162 0.2135 0.0484 0.3574 0.1742 0.0377 0.1688
163 0.1244 0.0924 0.2891 0.2512 0.0031 0.2397
164 0.1699 0.0385 0.6719 0.0551 0.0443 0.0203
165 0.1520 0.0290 0.6201 0.0664 0.0718 0.0605
166 0.3076 0.0362 0.4338 0.0351 0.0687 0.1186
167 0.4370 0.0224 0.4236 0.0475 0.0382 0.0312
168 0.1656 0.0735 0.4365 0.2861 0.0119 0.0262
169 0.2852 0.0404 0.2400 0.3083 0.0636 0.0626
170 0.2004 0.0362 0.5283 0.0932 0.0531 0.0889
171 0.1777 0.0486 0.3428 0.2932 0.0299 0.1078
172 0.1510 0.0370 0.2302 0.5352 0.0042 0.0426
173 0.2142 0.1748 0.2245 0.3267 0.0202 0.0396
174 0.2502 0.0558 0.3066 0.2244 0.1278 0.0349
175 0.2549 0.0605 0.4988 0.0494 0.0634 0.0730
176 0.1139 0.0394 0.6060 0.0419 0.0591 0.1395
177 0.0214 0.0239 0.1511 0.0413 0.3513 0.4109
178 0.0197 0.0291 0.2021 0.0300 0.3230 0.3958
179 0.3440 0.0227 0.2256 0.1991 0.1599 0.0488
180 0.0792 0.0265 0.5410 0.2255 0.0092 0.1188
181 0.1865 0.0697 0.5234 0.1132 0.0332 0.0742
182 0.1798 0.0243 0.3254 0.3689 0.0218 0.0798
183 0.1631 0.1139 0.3047 0.2776 0.0137 0.1271
184 0.4412 0.0511 0.2634 0.1254 0.0058 0.1133
185 0.1960 0.0863 0.2256 0.0458 0.0114 0.4348
186 0.5229 0.0675 0.2319 0.1185 0.0095 0.0498
187 0.2153 0.1813 0.4702 0.0672 0.0182 0.0477
188 0.2512 0.0552 0.4207 0.2148 0.0472 0.0109
189 0.0648 0.0489 0.3784 0.4861 0.0107 0.0112
190 0.0714 0.1196 0.5889 0.1023 0.0332 0.0848
191 0.3616 0.1211 0.1165 0.1997 0.0517 0.1495
192 0.5068 0.0660 0.0808 0.2321 0.0573 0.0569
193 0.1372 0.2998 0.4500 0.0943 0.0088 0.0099
194 0.0271 0.1022 0.3250 0.1039 0.1766 0.2651
195 0.0311 0.1846 0.3503 0.1681 0.1004 0.1655
196 0.1665 0.0372 0.5127 0.0566 0.1541 0.0728
197 0.4102 0.0783 0.1281 0.0967 0.1428 0.1439
198 0.3586 0.0995 0.2314 0.1542 0.1329 0.0233
199 0.7183 0.0563 0.0734 0.1110 0.0174 0.0235
200 0.2617 0.1009 0.1855 0.3059 0.0905 0.0553
201 0.1093 0.1947 0.1425 0.1692 0.0318 0.3525
