time exciting_prob fearful_prob tense_prob sad_prob relaxing_prob neutral_prob
0 0.1136 0.1553 0.1349 0.1288 0.0181 0.4492
1 0.1009 0.6479 0.0727 0.1083 0.0181 0.0523
2 0.2164 0.0975 0.2822 0.3918 0.0023 0.0094
3 0.0912 0.0488 0.0941 0.7520 0.0034 0.0105
4 0.0706 0.0663 0.1183 0.6699 0.0030 0.0717
5 0.0601 0.0539 0.2034 0.6670 0.0033 0.0122
6 0.1028 0.0425 0.1202 0.7026 0.0051 0.0270
7 0.0956 0.0617 0.1600 0.6333 0.0078 0.0417
8 0.0387 0.0513 0.1028 0.7598 0.0066 0.0406
9 0.0814 0.0586 0.1804 0.5386 0.0314 0.1094
10 0.0292 0.0950 0.2971 0.4324 0.0142 0.1318
11 0.0583 0.0861 0.6172 0.2067 0.0056 0.0263
12 0.0534 0.3323 0.4543 0.0867 0.0035 0.0697
13 0.0773 0.1661 0.4309 0.3008 0.0065 0.0185
14 0.3813 0.1371 0.0942 0.3237 0.0187 0.0449
15 0.0394 0.1176 0.1122 0.5698 0.0239 0.1375
16 0.0495 0.3833 0.2554 0.2849 0.0102 0.0168
17 0.5088 0.0136 0.2725 0.1516 0.0018 0.0516
18 0.0399 0.2930 0.4397 0.1473 0.0147 0.0654
19 0.0255 0.0892 0.6094 0.2073 0.0209 0.0477
20 0.0316 0.0493 0.2296 0.6855 0.0023 0.0016
21 0.0847 0.2374 0.2338 0.0944 0.0400 0.3096
22 0.1385 0.2568 0.3564 0.1104 0.0324 0.1054
23 0.0565 0.3489 0.3657 0.0322 0.0157 0.1810
24 0.0072 0.2321 0.6509 0.0708 0.0006 0.0385
25 0.0311 0.2014 0.6353 0.0419 0.0046 0.0859
26 0.1824 0.1912 0.1853 0.3923 0.0332 0.0157
27 0.0986 0.2991 0.2639 0.2223 0.0140 0.1018
28 0.0447 0.1326 0.6626 0.0247 0.0009 0.1346
29 0.0326 0.3784 0.4158 0.0235 0.0028 0.1471
30 0.0700 0.1602 0.4783 0.0608 0.0048 0.2260
31 0.0207 0.2668 0.1045 0.1777 0.0233 0.4070
32 0.0503 0.1368 0.2637 0.4148 0.0134 0.1207
33 0.0191 0.1170 0.7393 0.0447 0.0019 0.0779
34 0.0273 0.4080 0.4695 0.0535 0.0009 0.0410
35 0.0517 0.0800 0.0478 0.7534 0.0127 0.0546
36 0.0870 0.2499 0.0994 0.3608 0.0142 0.1886
37 0.0889 0.1345 0.3955 0.2739 0.0523 0.0548
38 0.0538 0.1271 0.6763 0.1053 0.0059 0.0314
39 0.0205 0.3643 0.4602 0.0313 0.0027 0.1210
40 0.0103 0.3335 0.5005 0.1189 0.0057 0.0310
41 0.0808 0.3455 0.4233 0.0783 0.0039 0.0681
42 0.0560 0.0394 0.1454 0.6411 0.0365 0.0815
43 0.2100 0.2288 0.4275 0.0548 0.0535 0.0255
44 0.0216 0.1047 0.2869 0.0407 0.0016 0.5444
45 0.0851 0.1415 0.4124 0.0885 0.0041 0.2683
46 0.0276 0.1216 0.5078 0.0984 0.0046 0.2399
47 0.0667 0.0374 0.1266 0.6431 0.0431 0.0831
48 0.2661 0.1493 0.1887 0.2462 0.0219 0.1277
49 0.1405 0.2352 0.2625 0.1862 0.0035 0.1721
50 0.0072 0.6606 0.3074 0.0133 0.0004 0.0111
51 0.0111 0.4546 0.4204 0.0731 0.0013 0.0397
52 0.0312 0.2339 0.5186 0.0789 0.0277 0.1096
53 0.0474 0.1438 0.4226 0.2484 0.0131 0.1249
54 0.0472 0.0464 0.7979 0.0841 0.0037 0.0206
55 0.3416 0.0971 0.3665 0.1744 0.0048 0.0155
56 0.5073 0.1132 0.2397 0.1323 0.0005 0.0069
57 0.0674 0.4131 0.3423 0.1450 0.0224 0.0098
58 0.1930 0.1368 0.4023 0.1626 0.0044 0.1010
59 0.0608 0.1731 0.1871 0.1786 0.0222 0.3782
60 0.0588 0.3545 0.2554 0.2400 0.0186 0.0726
61 0.1213 0.1725 0.2017 0.3918 0.0168 0.0960
62 0.1107 0.2183 0.2739 0.2288 0.0450 0.1234
63 0.0423 0.3354 0.4514 0.1584 0.0012 0.0114
64 0.0840 0.3652 0.2610 0.2671 0.0037 0.0189
65 0.0131 0.3582 0.2747 0.3210 0.0045 0.0285
66 0.0084 0.5605 0.1232 0.3047 0.0009 0.0021
67 0.0634 0.0873 0.5562 0.2795 0.0049 0.0088
68 0.0836 0.0744 0.6685 0.0417 0.1227 0.0093
69 0.0853 0.2111 0.4985 0.1593 0.0017 0.0443
70 0.0355 0.5176 0.2859 0.1578 0.0010 0.0021
71 0.1019 0.0706 0.1775 0.5220 0.0161 0.1119
72 0.5830 0.0577 0.1105 0.2375 0.0023 0.0088
73 0.0314 0.3591 0.4399 0.1112 0.0047 0.0538
74 0.0262 0.4529 0.4746 0.0191 0.0077 0.0196
75 0.0110 0.2418 0.5894 0.0798 0.0056 0.0726
76 0.0604 0.2012 0.6055 0.1111 0.0031 0.0187
77 0.0301 0.3633 0.2238 0.3108 0.0028 0.0693
78 0.0296 0.6323 0.2437 0.0816 0.0123 0.0007
79 0.0211 0.3079 0.6221 0.0359 0.0117 0.0016
80 0.0765 0.3096 0.5518 0.0526 0.0029 0.0067
81 0.0420 0.0760 0.3125 0.5073 0.0241 0.0379
82 0.1987 0.0803 0.4016 0.2474 0.0150 0.0569
83 0.0171 0.3301 0.4766 0.1293 0.0192 0.0280
84 0.0912 0.4783 0.2947 0.0452 0.0496 0.0411
85 0.1957 0.3801 0.0302 0.3625 0.0069 0.0245
86 0.0450 0.1364 0.3071 0.1820 0.0222 0.3071
87 0.0682 0.1422 0.4666 0.2383 0.0132 0.0715
88 0.1598 0.1032 0.3330 0.3179 0.0045 0.0816
89 0.0593 0.4521 0.2310 0.1503 0.0327 0.0744
90 0.0966 0.3533 0.2061 0.1592 0.0839 0.1012
91 0.0587 0.2235 0.2324 0.2473 0.0128 0.2252
92 0.0245 0.1142 0.1714 0.5889 0.0237 0.0773
93 0.0435 0.0505 0.6250 0.1461 0.0177 0.1174
94 0.0798 0.5327 0.3494 0.0317 0.0024 0.0041
95 0.0687 0.1866 0.1534 0.0332 0.0223 0.5356
96 0.0471 0.1250 0.1147 0.0600 0.0083 0.6450
97 0.0927 0.2172 0.1692 0.2539 0.0090 0.2581
98 0.2444 0.2502 0.1229 0.3640 0.0157 0.0027
99 0.0991 0.5566 0.1487 0.1659 0.0094 0.0201
100 0.0702 0.1121 0.4795 0.2908 0.0140 0.0331
101 0.0963 0.1379 0.4890 0.2556 0.0112 0.0097
102 0.0476 0.2515 0.2400 0.3718 0.0588 0.0303
103 0.4749 0.0229 0.1043 0.3938 0.0008 0.0033
104 0.0824 0.3665 0.2222 0.0536 0.0177 0.2578
105 0.5146 0.0136 0.0952 0.2319 0.0040 0.1406
106 0.2452 0.1234 0.1488 0.2737 0.0025 0.2065
107 0.1299 0.3909 0.2563 0.0449 0.0375 0.1405
108 0.0932 0.1335 0.3103 0.1160 0.0060 0.3408
109 0.0962 0.1943 0.5122 0.0925 0.0227 0.0823
110 0.0279 0.4568 0.2664 0.1483 0.0276 0.0729
111 0.0127 0.6182 0.0830 0.0622 0.2007 0.0234
112 0.0453 0.1140 0.1880 0.1685 0.0042 0.4800
113 0.0371 0.1842 0.0652 0.0792 0.0110 0.6230
114 0.1304 0.2083 0.4307 0.2083 0.0141 0.0085
115 0.0195 0.2800 0.0938 0.1398 0.3860 0.0809
116 0.2059 0.1996 0.3342 0.2371 0.0158 0.0072
117 0.0690 0.3562 0.2732 0.0707 0.0586 0.1722
118 0.1249 0.3342 0.3240 0.0285 0.0240 0.1642
119 0.3789 0.2371 0.2686 0.1020 0.0030 0.0103
120 0.3838 0.1703 0.2898 0.1327 0.0024 0.0210
121 0.0765 0.2888 0.1054 0.0518 0.0639 0.4136
122 0.1471 0.2025 0.1719 0.0706 0.0144 0.3936
123 0.0616 0.1488 0.1089 0.0502 0.0465 0.5840
124 0.0799 0.1493 0.3015 0.2832 0.0414 0.1447
125 0.1910 0.1635 0.3513 0.2200 0.0468 0.0273
126 0.0630 0.2534 0.2612 0.2961 0.0189 0.1072
127 0.2167 0.1388 0.4111 0.1927 0.0025 0.0380
128 0.1510 0.1418 0.5527 0.0406 0.0171 0.0967
129 0.0597 0.3174 0.3406 0.0192 0.0079 0.2551
130 0.0663 0.3235 0.3667 0.0292 0.0054 0.2089
131 0.1011 0.1903 0.2313 0.0899 0.0120 0.3755
132 0.1042 0.3208 0.4185 0.0280 0.0225 0.1058
133 0.1180 0.2969 0.2788 0.0994 0.0062 0.2008
134 0.0334 0.3816 0.4824 0.0845 0.0074 0.0107
135 0.0216 0.5278 0.2100 0.1942 0.0074 0.0392
136 0.0255 0.4060 0.3936 0.1666 0.0012 0.0073
137 0.0506 0.4045 0.0931 0.4307 0.0039 0.0171
138 0.0985 0.4146 0.1099 0.3601 0.0042 0.0126
139 0.0471 0.4651 0.1646 0.2910 0.0143 0.0180
140 0.3103 0.3743 0.0725 0.1097 0.0060 0.1273
141 0.0623 0.2769 0.3501 0.2261 0.0021 0.0825
142 0.0478 0.4290 0.1859 0.2644 0.0363 0.0366
143 0.0480 0.4080 0.2117 0.2739 0.0128 0.0458
144 0.0294 0.4856 0.1665 0.2681 0.0278 0.0227
145 0.0949 0.7012 0.0663 0.1238 0.0030 0.0107
146 0.1913 0.3660 0.1455 0.2307 0.0155 0.0511
147 0.2272 0.3777 0.1265 0.1688 0.0243 0.0755
148 0.0294 0.3313 0.4124 0.1448 0.0326 0.0496
149 0.0443 0.5698 0.1545 0.1849 0.0014 0.0450
150 0.0182 0.4341 0.1896 0.3328 0.0020 0.0234
151 0.0053 0.7539 0.0859 0.1461 0.0005 0.0083
152 0.4490 0.1652 0.3284 0.0484 0.0059 0.0032
153 0.0186 0.2017 0.1088 0.6211 0.0245 0.0251
154 0.2766 0.3931 0.1677 0.1058 0.0017 0.0549
155 0.0235 0.2133 0.1536 0.5796 0.0019 0.0282
156 0.0790 0.4341 0.1454 0.1243 0.0186 0.1987
157 0.0930 0.3738 0.1038 0.2015 0.0100 0.2179
158 0.0950 0.3213 0.0242 0.5552 0.0010 0.0036
159 0.0682 0.2939 0.0947 0.5322 0.0007 0.0100
160 0.0689 0.2769 0.1267 0.1209 0.0102 0.3965
161 0.0914 0.5386 0.1249 0.0486 0.0175 0.1790
162 0.3623 0.2734 0.1954 0.1499 0.0030 0.0157
163 0.1960 0.4023 0.3606 0.0308 0.0013 0.0090
164 0.1355 0.3982 0.3857 0.0630 0.0011 0.0166
165 0.0518 0.1088 0.4509 0.3198 0.0086 0.0601
166 0.0088 0.3271 0.6016 0.0587 0.0014 0.0023
167 0.0222 0.2581 0.1979 0.4749 0.0074 0.0396
168 0.0352 0.3289 0.3967 0.1874 0.0039 0.0478
169 0.0968 0.2472 0.2759 0.2737 0.0574 0.0491
170 0.0192 0.3074 0.6113 0.0443 0.0008 0.0171
171 0.0311 0.1630 0.7417 0.0546 0.0005 0.0092
172 0.0136 0.0573 0.5786 0.3401 0.0015 0.0087
173 0.0247 0.1225 0.8110 0.0354 0.0011 0.0051
174 0.0222 0.1300 0.5649 0.2546 0.0040 0.0244
175 0.0068 0.2649 0.4102 0.3096 0.0012 0.0073
176 0.0121 0.2964 0.2615 0.4050 0.0038 0.0210
177 0.0322 0.0854 0.7153 0.1150 0.0282 0.0239
178 0.0406 0.3650 0.5229 0.0353 0.0189 0.0175
179 0.0682 0.0592 0.2781 0.4807 0.0191 0.0947
180 0.0666 0.3228 0.4080 0.1525 0.0091 0.0410
181 0.0263 0.1780 0.5747 0.2114 0.0033 0.0063
182 0.0381 0.0618 0.2025 0.6045 0.0207 0.0722
183 0.1334 0.0241 0.0249 0.7100 0.0071 0.1007
184 0.0126 0.1344 0.7734 0.0518 0.0024 0.0253
185 0.0483 0.3628 0.2167 0.3201 0.0037 0.0483
186 0.0063 0.1287 0.7178 0.1067 0.0070 0.0336
187 0.0306 0.1748 0.5557 0.1438 0.0140 0.0813
188 0.0279 0.0901 0.5874 0.1968 0.0133 0.0846
189 0.0155 0.1989 0.5801 0.1688 0.0032 0.0338
190 0.0372 0.3474 0.3813 0.2313 0.0018 0.0010
191 0.0387 0.2191 0.4939 0.2407 0.0044 0.0033
192 0.0437 0.1187 0.6938 0.1133 0.0210 0.0092
193 0.0098 0.1510 0.6455 0.0908 0.0099 0.0930
194 0.0094 0.1702 0.6128 0.1624 0.0010 0.0444
195 0.0297 0.2338 0.4436 0.2776 0.0045 0.0109
196 0.0221 0.1819 0.6450 0.1331 0.0008 0.0173
197 0.0133 0.0363 0.3877 0.5054 0.0055 0.0516
198 0.0254 0.1011 0.2705 0.5552 0.0054 0.0425
199 0.0134 0.0428 0.4255 0.3997 0.0093 0.1093
200 0.1714 0.2783 0.2456 0.2201 0.0420 0.0427
201 0.0105 0.0971 0.7402 0.1307 0.0058 0.0155
202 0.0161 0.0544 0.8784 0.0298 0.0018 0.0197
203 0.1417 0.1271 0.5186 0.1792 0.0212 0.0122
204 0.0138 0.1339 0.1093 0.7354 0.0010 0.0063
205 0.0225 0.1187 0.4846 0.3279 0.0017 0.0447
206 0.0210 0.1445 0.0780 0.7344 0.0015 0.0207
207 0.0783 0.3247 0.3074 0.1594 0.0042 0.1261
208 0.5938 0.0903 0.1099 0.1324 0.0243 0.0491
209 0.2368 0.0554 0.2058 0.3967 0.0375 0.0679
210 0.1569 0.0826 0.2177 0.4397 0.0595 0.0435
211 0.1542 0.0525 0.1720 0.5298 0.0500 0.0415
212 0.2008 0.0667 0.3110 0.4185 0.0006 0.0025
213 0.1752 0.0895 0.3948 0.3325 0.0005 0.0075
214 0.0329 0.1982 0.2627 0.0801 0.0031 0.4231
215 0.0599 0.4001 0.3728 0.0567 0.0108 0.0996
216 0.0176 0.3684 0.1584 0.4048 0.0234 0.0273
217 0.0214 0.1482 0.0781 0.3394 0.0036 0.4094
218 0.0402 0.2603 0.0679 0.3818 0.0033 0.2465
219 0.0195 0.1512 0.3516 0.3572 0.0592 0.0611
220 0.1011 0.2542 0.1802 0.2622 0.0481 0.1542
221 0.0216 0.3708 0.5483 0.0471 0.0064 0.0057
222 0.0205 0.3906 0.5508 0.0292 0.0048 0.0042
223 0.1074 0.2256 0.2720 0.3083 0.0099 0.0767
224 0.0509 0.1342 0.2751 0.5063 0.0057 0.0277
225 0.0780 0.4119 0.3523 0.1017 0.0043 0.0519
226 0.0155 0.1729 0.3333 0.4485 0.0117 0.0182
227 0.0122 0.4053 0.1400 0.4180 0.0038 0.0207
228 0.0272 0.3215 0.2280 0.1221 0.2974 0.0036
229 0.0230 0.2234 0.5112 0.1823 0.0498 0.0102
230 0.0461 0.1796 0.4309 0.1882 0.0063 0.1489
231 0.0896 0.1064 0.4016 0.0862 0.0059 0.3103
232 0.0229 0.3213 0.4062 0.1471 0.0065 0.0958
233 0.0510 0.5073 0.2251 0.1837 0.0159 0.0170
234 0.0441 0.1412 0.0817 0.0662 0.0035 0.6631
235 0.0471 0.2354 0.1967 0.1373 0.0073 0.3762
236 0.0416 0.4070 0.3347 0.1121 0.0070 0.0974
237 0.0220 0.2717 0.5073 0.1500 0.0130 0.0359
238 0.0311 0.3696 0.0927 0.4897 0.0097 0.0072
239 0.0363 0.4604 0.0746 0.4062 0.0088 0.0136
240 0.0061 0.0544 0.0676 0.8638 0.0049 0.0034
241 0.0224 0.1793 0.4368 0.3457 0.0037 0.0121
242 0.1479 0.1266 0.0667 0.4087 0.0135 0.2365
243 0.1342 0.2690 0.0538 0.3401 0.0091 0.1937
244 0.0762 0.3086 0.2223 0.3391 0.0466 0.0071
245 0.0874 0.5356 0.1738 0.1547 0.0248 0.0239
246 0.0362 0.4919 0.2235 0.1926 0.0138 0.0420
247 0.0280 0.5488 0.2739 0.1283 0.0056 0.0153
248 0.0231 0.5142 0.2710 0.1567 0.0055 0.0297
249 0.0250 0.4753 0.3167 0.1520 0.0044 0.0266
250 0.0368 0.5537 0.2515 0.1284 0.0061 0.0238
251 0.0243 0.3774 0.3032 0.2554 0.0047 0.0348
252 0.1136 0.1553 0.1349 0.1288 0.0181 0.4492
