time exciting_prob fearful_prob tense_prob sad_prob relaxing_prob neutral_prob
0 0.1136 0.1553 0.1349 0.1288 0.0181 0.4492
1 0.8008 0.0411 0.0411 0.0722 0.0418 0.0032
2 0.7256 0.0275 0.0429 0.1724 0.0248 0.0067
3 0.7246 0.0347 0.0576 0.1405 0.0302 0.0123
4 0.8501 0.0249 0.0307 0.0606 0.0317 0.0021
5 0.3000 0.1070 0.2000 0.0364 0.1486 0.2079
6 0.3604 0.1008 0.1675 0.0293 0.1400 0.2020
7 0.3293 0.0886 0.2061 0.0342 0.1342 0.2076
8 0.2585 0.0795 0.2109 0.0370 0.1212 0.2930
9 0.0858 0.0734 0.3757 0.1654 0.0493 0.2502
10 0.1836 0.3457 0.4138 0.0182 0.0072 0.0316
11 0.1959 0.1599 0.5410 0.0271 0.0495 0.0265
12 0.1349 0.1288 0.5015 0.1051 0.0231 0.1068
13 0.1008 0.5405 0.3228 0.0232 0.0046 0.0083
14 0.1692 0.4124 0.3997 0.0127 0.0021 0.0039
15 0.2273 0.4519 0.2942 0.0121 0.0064 0.0081
16 0.2615 0.5244 0.2037 0.0032 0.0034 0.0038
17 0.2343 0.5576 0.1973 0.0056 0.0019 0.0032
18 0.3518 0.3330 0.2915 0.0109 0.0053 0.0075
19 0.0897 0.0755 0.6675 0.0797 0.0704 0.0171
20 0.1373 0.0894 0.6348 0.0189 0.1156 0.0040
21 0.1855 0.2006 0.3577 0.1001 0.0488 0.1074
22 0.2267 0.1534 0.4404 0.0916 0.0345 0.0534
23 0.1423 0.1503 0.4702 0.0612 0.0149 0.1613
24 0.1360 0.1653 0.4673 0.0906 0.0092 0.1318
25 0.2542 0.2350 0.4822 0.0010 0.0248 0.0030
26 0.3447 0.2542 0.2483 0.0878 0.0181 0.0467
27 0.3049 0.2468 0.3853 0.0155 0.0293 0.0182
28 0.1837 0.0578 0.7378 0.0058 0.0048 0.0100
29 0.2452 0.1686 0.5317 0.0036 0.0457 0.0053
30 0.3054 0.2050 0.4583 0.0004 0.0307 0.0002
31 0.1117 0.0404 0.5581 0.2498 0.0066 0.0333
32 0.1547 0.0902 0.4653 0.2216 0.0216 0.0468
33 0.2971 0.2622 0.2424 0.0003 0.1979 0.0003
34 0.2566 0.3706 0.3245 0.0053 0.0356 0.0076
35 0.2732 0.3025 0.2546 0.0121 0.1486 0.0087
36 0.1388 0.3176 0.5195 0.0033 0.0194 0.0015
37 0.1920 0.4429 0.3450 0.0011 0.0128 0.0063
38 0.4417 0.1899 0.3108 0.0033 0.0414 0.0128
39 0.1735 0.1289 0.6650 0.0065 0.0219 0.0042
40 0.1510 0.1499 0.6821 0.0071 0.0087 0.0011
41 0.1028 0.1211 0.5303 0.1555 0.0135 0.0770
42 0.0946 0.2361 0.6123 0.0338 0.0200 0.0033
43 0.2050 0.1141 0.6074 0.0100 0.0625 0.0010
44 0.3728 0.1948 0.3394 0.0224 0.0226 0.0481
45 0.1659 0.2285 0.4915 0.0809 0.0104 0.0228
46 0.0409 0.1949 0.7417 0.0157 0.0050 0.0019
47 0.0797 0.2455 0.6470 0.0021 0.0249 0.0010
48 0.2433 0.3027 0.4172 0.0017 0.0223 0.0128
49 0.1577 0.0942 0.7124 0.0156 0.0178 0.0020
50 0.3696 0.0352 0.2834 0.1119 0.0264 0.1733
51 0.0934 0.2539 0.5171 0.0106 0.1075 0.0175
52 0.1473 0.0729 0.6157 0.1300 0.0108 0.0233
53 0.1782 0.4771 0.3203 0.0025 0.0121 0.0099
54 0.0852 0.2708 0.5469 0.0011 0.0950 0.0010
55 0.2593 0.0476 0.5571 0.0611 0.0391 0.0356
56 0.2815 0.0501 0.5684 0.0341 0.0237 0.0422
57 0.2117 0.1089 0.6318 0.0228 0.0197 0.0050
58 0.0562 0.2556 0.6787 0.0010 0.0078 0.0007
59 0.0335 0.2764 0.6841 0.0004 0.0053 0.0003
60 0.2196 0.1594 0.5830 0.0097 0.0100 0.0183
61 0.1149 0.0329 0.2888 0.2214 0.0200 0.3220
62 0.5571 0.3652 0.0560 0.0085 0.0078 0.0052
63 0.3228 0.1466 0.4731 0.0107 0.0230 0.0239
64 0.3176 0.5234 0.1215 0.0168 0.0040 0.0164
65 0.1871 0.2620 0.2969 0.2329 0.0093 0.0118
66 0.1870 0.1082 0.6631 0.0035 0.0315 0.0069
67 0.5723 0.3064 0.0858 0.0147 0.0109 0.0101
68 0.1807 0.3884 0.3706 0.0004 0.0596 0.0004
69 0.1910 0.2869 0.4656 0.0004 0.0556 0.0004
70 0.8594 0.0466 0.0459 0.0080 0.0290 0.0110
71 0.7925 0.0883 0.0903 0.0066 0.0142 0.0080
72 0.2401 0.3333 0.3333 0.0006 0.0919 0.0007
73 0.1537 0.6836 0.1586 0.0017 0.0019 0.0009
74 0.3362 0.0608 0.4780 0.0247 0.0786 0.0217
75 0.3240 0.2771 0.3909 0.0049 0.0016 0.0013
76 0.4822 0.1918 0.2993 0.0019 0.0186 0.0061
77 0.0461 0.1837 0.7383 0.0009 0.0305 0.0007
78 0.6460 0.1232 0.0916 0.0983 0.0192 0.0219
79 0.5469 0.2351 0.1060 0.0623 0.0206 0.0292
80 0.2225 0.2314 0.5132 0.0041 0.0238 0.0048
81 0.2590 0.1672 0.5029 0.0085 0.0547 0.0076
82 0.4075 0.0697 0.3352 0.0403 0.1114 0.0359
83 0.5127 0.0963 0.2944 0.0208 0.0612 0.0144
84 0.2428 0.1212 0.5688 0.0224 0.0336 0.0109
85 0.3340 0.1404 0.4460 0.0151 0.0489 0.0155
86 0.4026 0.1135 0.3901 0.0191 0.0504 0.0244
87 0.0983 0.1014 0.5977 0.1621 0.0192 0.0213
88 0.3755 0.4858 0.1163 0.0139 0.0034 0.0050
89 0.6680 0.1854 0.1024 0.0188 0.0087 0.0167
90 0.6191 0.2444 0.1093 0.0157 0.0028 0.0084
91 0.4248 0.0677 0.2152 0.1170 0.0115 0.1637
92 0.3516 0.0681 0.2083 0.2397 0.0253 0.1072
93 0.7573 0.1099 0.0744 0.0368 0.0075 0.0141
94 0.8896 0.0526 0.0443 0.0017 0.0097 0.0020
95 0.1752 0.3123 0.4617 0.0007 0.0498 0.0004
96 0.3335 0.3550 0.2898 0.0045 0.0154 0.0021
97 0.0583 0.2150 0.6938 0.0026 0.0280 0.0020
98 0.0422 0.3911 0.5601 0.0007 0.0054 0.0005
99 0.0288 0.2316 0.7246 0.0006 0.0140 0.0005
100 0.0355 0.2107 0.7300 0.0012 0.0219 0.0009
101 0.8169 0.0578 0.1047 0.0010 0.0185 0.0011
102 0.6548 0.0399 0.2625 0.0107 0.0217 0.0107
103 0.5630 0.1109 0.2441 0.0441 0.0280 0.0096
104 0.5381 0.1340 0.3188 0.0011 0.0037 0.0039
105 0.4475 0.0968 0.3027 0.0620 0.0101 0.0809
106 0.4890 0.1276 0.2365 0.1198 0.0148 0.0125
107 0.0428 0.4858 0.4124 0.0248 0.0170 0.0170
108 0.6318 0.1273 0.2361 0.0004 0.0036 0.0008
109 0.7212 0.1511 0.1234 0.0005 0.0031 0.0007
110 0.0263 0.4048 0.5532 0.0018 0.0083 0.0058
111 0.3455 0.3000 0.3245 0.0020 0.0248 0.0032
112 0.0267 0.2286 0.7266 0.0115 0.0060 0.0006
113 0.4814 0.1842 0.3083 0.0029 0.0142 0.0089
114 0.0372 0.1642 0.7651 0.0226 0.0087 0.0020
115 0.0493 0.1830 0.2769 0.0096 0.4709 0.0105
116 0.0842 0.4050 0.4663 0.0080 0.0203 0.0161
117 0.0462 0.3748 0.5327 0.0109 0.0240 0.0119
118 0.1104 0.3296 0.5391 0.0052 0.0141 0.0013
119 0.5122 0.1688 0.2917 0.0045 0.0210 0.0020
120 0.3999 0.2927 0.2903 0.0075 0.0046 0.0050
121 0.6299 0.1395 0.0839 0.0513 0.0126 0.0826
122 0.1962 0.1626 0.3840 0.0006 0.2559 0.0008
123 0.4373 0.3030 0.2286 0.0133 0.0073 0.0104
124 0.6128 0.1422 0.2085 0.0104 0.0083 0.0178
125 0.3201 0.0815 0.4338 0.0968 0.0539 0.0138
126 0.5845 0.0954 0.1388 0.1024 0.0651 0.0141
127 0.5059 0.0599 0.1183 0.0623 0.0070 0.2466
128 0.3699 0.2903 0.3066 0.0190 0.0061 0.0084
129 0.4163 0.3850 0.1300 0.0412 0.0081 0.0195
130 0.2810 0.5293 0.1627 0.0051 0.0111 0.0109
131 0.1080 0.2715 0.5747 0.0017 0.0429 0.0014
132 0.1417 0.3145 0.4949 0.0011 0.0468 0.0010
133 0.1821 0.0307 0.6982 0.0329 0.0382 0.0180
134 0.2365 0.0739 0.6377 0.0031 0.0458 0.0030
135 0.5005 0.1945 0.2023 0.0637 0.0223 0.0169
136 0.6865 0.1876 0.0966 0.0159 0.0117 0.0017
137 0.7183 0.1229 0.1027 0.0185 0.0366 0.0013
138 0.0554 0.3064 0.6045 0.0270 0.0052 0.0015
139 0.6982 0.1464 0.1302 0.0085 0.0147 0.0019
140 0.0814 0.2161 0.6763 0.0049 0.0201 0.0013
141 0.2527 0.0464 0.5430 0.0505 0.0573 0.0501
142 0.5308 0.2817 0.1556 0.0093 0.0182 0.0044
143 0.1252 0.3379 0.4475 0.0020 0.0861 0.0012
144 0.6782 0.1326 0.1561 0.0234 0.0071 0.0025
145 0.8770 0.0731 0.0440 0.0025 0.0022 0.0013
146 0.0327 0.4417 0.4966 0.0119 0.0036 0.0133
147 0.4846 0.1294 0.3716 0.0059 0.0035 0.0048
148 0.1993 0.0986 0.5903 0.0110 0.0920 0.0088
149 0.0167 0.2595 0.7056 0.0160 0.0014 0.0010
150 0.2922 0.4817 0.2189 0.0053 0.0018 0.0002
151 0.2405 0.2705 0.4673 0.0098 0.0077 0.0044
152 0.2832 0.2240 0.0912 0.3870 0.0045 0.0101
153 0.6011 0.2817 0.0746 0.0074 0.0339 0.0015
154 0.5972 0.2822 0.0778 0.0066 0.0348 0.0014
155 0.2400 0.2020 0.5493 0.0029 0.0038 0.0020
156 0.0642 0.1505 0.1163 0.6484 0.0118 0.0088
157 0.0643 0.2603 0.5381 0.0121 0.1229 0.0021
158 0.2299 0.2952 0.4570 0.0127 0.0030 0.0022
159 0.1538 0.3806 0.4246 0.0094 0.0215 0.0101
160 0.0887 0.5923 0.2954 0.0110 0.0054 0.0073
161 0.0886 0.5103 0.3645 0.0171 0.0067 0.0129
162 0.2751 0.3672 0.3396 0.0081 0.0065 0.0034
163 0.0889 0.1031 0.7681 0.0255 0.0121 0.0022
164 0.1729 0.1959 0.6274 0.0017 0.0015 0.0005
165 0.1079 0.1354 0.7549 0.0003 0.0013 0.0001
166 0.1094 0.1580 0.7300 0.0007 0.0018 0.0001
167 0.3398 0.2062 0.4434 0.0040 0.0061 0.0005
168 0.1324 0.3772 0.3303 0.1273 0.0082 0.0245
169 0.1577 0.2386 0.5903 0.0025 0.0098 0.0009
170 0.1008 0.2764 0.6128 0.0026 0.0050 0.0022
171 0.0928 0.4980 0.4065 0.0012 0.0010 0.0005
172 0.1559 0.0423 0.5527 0.2034 0.0035 0.0423
173 0.6211 0.1633 0.2113 0.0008 0.0031 0.0002
174 0.1497 0.5737 0.2710 0.0030 0.0018 0.0012
175 0.2908 0.2000 0.4504 0.0196 0.0250 0.0141
176 0.2362 0.3716 0.3833 0.0017 0.0060 0.0011
177 0.2107 0.3394 0.4424 0.0006 0.0057 0.0013
178 0.0696 0.1510 0.7666 0.0013 0.0111 0.0002
179 0.1262 0.0724 0.7207 0.0573 0.0185 0.0050
180 0.3606 0.3362 0.2830 0.0017 0.0166 0.0020
181 0.1058 0.4026 0.4707 0.0026 0.0148 0.0037
182 0.1824 0.2034 0.6074 0.0028 0.0036 0.0006
183 0.5752 0.1169 0.2456 0.0499 0.0094 0.0028
184 0.5576 0.1443 0.2849 0.0039 0.0081 0.0012
185 0.2600 0.5947 0.1338 0.0011 0.0097 0.0006
186 0.2273 0.0612 0.0948 0.4521 0.0448 0.1198
187 0.2751 0.3562 0.1509 0.1212 0.0894 0.0072
188 0.5107 0.0783 0.2080 0.0854 0.1014 0.0162
189 0.1526 0.5371 0.2556 0.0411 0.0129 0.0007
190 0.5649 0.3452 0.0577 0.0056 0.0262 0.0003
191 0.1914 0.4812 0.3181 0.0084 0.0009 0.0001
192 0.1608 0.5884 0.2395 0.0038 0.0073 0.0002
193 0.2900 0.2462 0.4492 0.0098 0.0043 0.0003
194 0.2335 0.2045 0.5024 0.0486 0.0041 0.0071
195 0.7026 0.1193 0.1544 0.0180 0.0042 0.0013
196 0.1989 0.0767 0.5322 0.1478 0.0125 0.0320
197 0.3909 0.2664 0.2192 0.1060 0.0136 0.0040
198 0.4326 0.4192 0.1044 0.0349 0.0088 0.0001
199 0.6890 0.1637 0.0933 0.0351 0.0179 0.0010
200 0.3301 0.1366 0.4956 0.0300 0.0031 0.0046
201 0.2395 0.5884 0.1333 0.0119 0.0226 0.0045
202 0.1141 0.1635 0.6992 0.0192 0.0023 0.0019
203 0.1567 0.2043 0.4194 0.1604 0.0074 0.0517
204 0.3723 0.3872 0.2073 0.0162 0.0138 0.0033
205 0.1798 0.2290 0.3718 0.1959 0.0038 0.0199
206 0.3064 0.0705 0.4058 0.1858 0.0118 0.0199
207 0.6143 0.1136 0.2483 0.0088 0.0141 0.0008
208 0.1632 0.4006 0.4333 0.0022 0.0004 0.0002
209 0.3748 0.2874 0.3232 0.0049 0.0088 0.0010
210 0.1852 0.5796 0.2200 0.0045 0.0094 0.0014
211 0.6953 0.0174 0.0504 0.1528 0.0323 0.0516
212 0.4944 0.1791 0.1951 0.0638 0.0135 0.0542
213 0.0745 0.0341 0.3286 0.3286 0.0220 0.2122
214 0.3779 0.4053 0.2023 0.0083 0.0053 0.0010
215 0.4434 0.2079 0.3193 0.0074 0.0129 0.0090
216 0.1829 0.5630 0.2275 0.0071 0.0068 0.0125
217 0.1148 0.3296 0.5518 0.0009 0.0017 0.0012
218 0.1854 0.1943 0.6177 0.0008 0.0012 0.0004
219 0.1202 0.0914 0.7837 0.0025 0.0021 0.0002
220 0.1930 0.1771 0.6279 0.0008 0.0007 0.0004
221 0.0582 0.6978 0.2393 0.0020 0.0012 0.0016
222 0.2585 0.1656 0.4983 0.0168 0.0538 0.0068
223 0.1899 0.2517 0.5044 0.0261 0.0067 0.0211
224 0.3018 0.0500 0.5054 0.0485 0.0178 0.0768
225 0.6118 0.2913 0.0848 0.0023 0.0067 0.0032
226 0.8535 0.0800 0.0590 0.0007 0.0061 0.0004
227 0.7739 0.1584 0.0616 0.0010 0.0039 0.0010
228 0.4492 0.0739 0.4124 0.0048 0.0571 0.0026
229 0.7949 0.1318 0.0585 0.0044 0.0071 0.0033
230 0.7295 0.1759 0.0885 0.0012 0.0044 0.0008
231 0.2051 0.6831 0.0797 0.0104 0.0208 0.0009
232 0.1427 0.0449 0.1694 0.2883 0.0229 0.3318
233 0.2988 0.2054 0.3550 0.1049 0.0119 0.0238
234 0.0850 0.6899 0.2206 0.0023 0.0015 0.0003
235 0.5952 0.0328 0.2969 0.0278 0.0117 0.0355
236 0.3745 0.0346 0.4963 0.0491 0.0041 0.0414
237 0.0938 0.2629 0.6406 0.0012 0.0011 0.0001
238 0.2600 0.1154 0.5952 0.0242 0.0021 0.0027
239 0.1171 0.1307 0.2423 0.4456 0.0331 0.0313
240 0.0472 0.0587 0.7920 0.0909 0.0003 0.0110
241 0.2661 0.1759 0.5503 0.0008 0.0063 0.0009
242 0.2878 0.2725 0.4355 0.0019 0.0010 0.0011
243 0.0728 0.5420 0.3186 0.0262 0.0011 0.0393
244 0.0872 0.1012 0.7896 0.0146 0.0049 0.0024
245 0.6113 0.3098 0.0714 0.0032 0.0037 0.0006
246 0.5234 0.3713 0.0896 0.0075 0.0041 0.0039
247 0.1477 0.3833 0.4658 0.0028 0.0001 0.0001
248 0.2333 0.3423 0.4128 0.0041 0.0065 0.0011
249 0.1130 0.6455 0.2266 0.0044 0.0101 0.0003
250 0.1450 0.8091 0.0412 0.0024 0.0022 0.0002
251 0.3792 0.1722 0.3533 0.0572 0.0319 0.0064
252 0.7705 0.1360 0.0751 0.0043 0.0138 0.0005
253 0.1028 0.2883 0.5688 0.0138 0.0244 0.0016
254 0.0241 0.3252 0.6270 0.0124 0.0079 0.0037
255 0.2495 0.0480 0.3105 0.3574 0.0170 0.0174
256 0.2839 0.1405 0.5732 0.0011 0.0008 0.0001
257 0.4353 0.1199 0.3840 0.0411 0.0149 0.0047
258 0.2598 0.3691 0.2874 0.0033 0.0699 0.0106
259 0.2211 0.2998 0.4194 0.0063 0.0456 0.0076
260 0.4365 0.1556 0.3975 0.0010 0.0089 0.0002
261 0.3862 0.0882 0.5195 0.0007 0.0050 0.0001
262 0.1102 0.3611 0.5132 0.0063 0.0061 0.0029
263 0.3513 0.2233 0.2395 0.0033 0.1780 0.0046
264 0.8198 0.1653 0.0090 0.0043 0.0015 0.0004
265 0.8003 0.1771 0.0112 0.0068 0.0040 0.0005
266 0.3411 0.6372 0.0153 0.0033 0.0033 0.0001
267 0.2230 0.2128 0.5562 0.0006 0.0069 0.0005
268 0.0781 0.2260 0.6909 0.0014 0.0029 0.0009
269 0.6885 0.1648 0.0561 0.0829 0.0058 0.0021
270 0.2795 0.5962 0.0833 0.0319 0.0086 0.0005
271 0.4839 0.3799 0.1055 0.0225 0.0081 0.0002
272 0.3640 0.4673 0.1278 0.0323 0.0085 0.0001
273 0.2981 0.3682 0.3198 0.0026 0.0097 0.0015
274 0.1841 0.5161 0.2874 0.0022 0.0099 0.0003
275 0.4097 0.1484 0.4329 0.0027 0.0057 0.0006
276 0.4736 0.1024 0.4053 0.0050 0.0132 0.0005
277 0.3872 0.3364 0.2747 0.0010 0.0004 0.0002
278 0.0507 0.5454 0.4021 0.0012 0.0002 0.0006
279 0.1410 0.1714 0.5322 0.0816 0.0203 0.0535
280 0.4478 0.2323 0.3005 0.0078 0.0095 0.0022
281 0.3174 0.1896 0.4917 0.0006 0.0006 0.0001
282 0.6392 0.1803 0.1760 0.0023 0.0021 0.0002
283 0.5835 0.1685 0.2412 0.0010 0.0059 0.0001
284 0.1353 0.0853 0.7783 0.0004 0.0007 0.0002
285 0.3772 0.1635 0.4551 0.0013 0.0026 0.0003
286 0.0844 0.0844 0.1066 0.6738 0.0294 0.0212
287 0.7246 0.2141 0.0390 0.0030 0.0193 0.0001
288 0.4229 0.2078 0.3269 0.0145 0.0212 0.0068
289 0.5557 0.0966 0.3118 0.0069 0.0137 0.0155
290 0.6055 0.1450 0.2354 0.0017 0.0124 0.0001
291 0.3308 0.2086 0.4451 0.0022 0.0127 0.0005
292 0.6240 0.0980 0.2622 0.0073 0.0079 0.0007
293 0.5884 0.1224 0.2759 0.0050 0.0076 0.0005
294 0.3416 0.3284 0.2620 0.0039 0.0608 0.0035
295 0.5811 0.0751 0.3135 0.0066 0.0233 0.0004
296 0.4856 0.1092 0.3840 0.0044 0.0160 0.0009
297 0.0927 0.7695 0.1276 0.0047 0.0043 0.0010
298 0.6670 0.2050 0.1205 0.0017 0.0027 0.0032
299 0.5229 0.3376 0.1292 0.0007 0.0093 0.0000
300 0.3994 0.0850 0.2104 0.2206 0.0792 0.0054
301 0.3879 0.2109 0.3850 0.0054 0.0105 0.0004
302 0.6436 0.0934 0.2500 0.0039 0.0081 0.0009
303 0.1599 0.0197 0.1945 0.5366 0.0284 0.0607
304 0.4275 0.0693 0.2983 0.1324 0.0259 0.0465
305 0.1879 0.3403 0.4268 0.0157 0.0157 0.0138
306 0.7407 0.0987 0.1482 0.0019 0.0102 0.0001
307 0.6108 0.0922 0.2842 0.0016 0.0110 0.0001
308 0.3811 0.1317 0.4817 0.0004 0.0047 0.0004
309 0.2512 0.2341 0.5073 0.0018 0.0032 0.0024
310 0.1278 0.2502 0.5508 0.0508 0.0165 0.0035
311 0.2443 0.4058 0.3337 0.0075 0.0057 0.0029
312 0.2969 0.4221 0.2747 0.0012 0.0047 0.0004
313 0.3167 0.4790 0.1920 0.0015 0.0102 0.0006
314 0.6851 0.0898 0.2173 0.0012 0.0063 0.0002
315 0.3667 0.1392 0.4858 0.0015 0.0065 0.0002
316 0.3127 0.1031 0.0910 0.1957 0.0215 0.2759
317 0.5391 0.1281 0.2112 0.0615 0.0212 0.0388
318 0.4578 0.1558 0.3508 0.0040 0.0314 0.0003
319 0.0653 0.0517 0.2175 0.5386 0.0471 0.0800
320 0.7080 0.0958 0.1818 0.0003 0.0142 0.0000
321 0.7114 0.0891 0.1842 0.0004 0.0149 0.0000
322 0.6064 0.0697 0.2712 0.0023 0.0498 0.0003
323 0.4849 0.1422 0.3281 0.0012 0.0434 0.0002
324 0.4873 0.1849 0.2507 0.0044 0.0724 0.0002
325 0.6455 0.0329 0.1582 0.1407 0.0152 0.0075
326 0.4746 0.2278 0.2622 0.0290 0.0062 0.0002
327 0.3447 0.1760 0.4495 0.0173 0.0097 0.0027
328 0.2544 0.1819 0.5557 0.0034 0.0041 0.0005
329 0.2406 0.3342 0.4158 0.0015 0.0072 0.0007
330 0.3445 0.2705 0.3784 0.0009 0.0054 0.0004
331 0.2369 0.3787 0.3787 0.0009 0.0042 0.0008
332 0.8926 0.0677 0.0368 0.0019 0.0008 0.0001
333 0.8823 0.0795 0.0361 0.0014 0.0006 0.0001
334 0.8740 0.0776 0.0463 0.0012 0.0007 0.0001
335 0.8247 0.1198 0.0536 0.0013 0.0006 0.0001
336 0.8633 0.0882 0.0465 0.0013 0.0007 0.0001
337 0.7520 0.1287 0.1154 0.0029 0.0009 0.0002
338 0.0867 0.1014 0.0953 0.2935 0.0282 0.3950
339 0.0867 0.1014 0.0953 0.2935 0.0282 0.3950
340 0.8550 0.0439 0.0419 0.0432 0.0143 0.0016
341 0.9404 0.0267 0.0154 0.0089 0.0080 0.0003
342 0.5811 0.1083 0.1050 0.1691 0.0047 0.0320
343 0.7017 0.0572 0.0287 0.1996 0.0020 0.0107
344 0.0386 0.1575 0.5005 0.2256 0.0024 0.0756
345 0.3604 0.0677 0.4485 0.0667 0.0106 0.0462
346 0.4197 0.3452 0.1617 0.0058 0.0572 0.0105
347 0.3062 0.4780 0.1731 0.0035 0.0331 0.0063
348 0.9316 0.0321 0.0266 0.0081 0.0010 0.0002
349 0.9312 0.0387 0.0198 0.0089 0.0011 0.0003
350 0.0460 0.6709 0.2754 0.0019 0.0046 0.0009
351 0.0831 0.7129 0.1995 0.0033 0.0013 0.0001
352 0.2844 0.2610 0.4106 0.0064 0.0319 0.0057
353 0.9326 0.0230 0.0053 0.0337 0.0021 0.0032
354 0.9448 0.0222 0.0063 0.0224 0.0019 0.0021
355 0.3279 0.5981 0.0621 0.0042 0.0047 0.0028
356 0.8125 0.0792 0.0738 0.0017 0.0023 0.0308
357 0.2092 0.6704 0.0442 0.0100 0.0240 0.0422
358 0.5830 0.0105 0.0464 0.3425 0.0097 0.0080
359 0.5142 0.0242 0.0729 0.3647 0.0088 0.0152
360 0.1633 0.0494 0.2164 0.5190 0.0078 0.0440
361 0.6348 0.1763 0.1520 0.0089 0.0214 0.0064
362 0.4685 0.3481 0.0394 0.0808 0.0297 0.0334
363 0.8140 0.0207 0.1393 0.0105 0.0120 0.0034
364 0.7837 0.0126 0.1832 0.0098 0.0092 0.0018
365 0.7241 0.0138 0.2351 0.0146 0.0098 0.0024
366 0.0493 0.0942 0.1393 0.3613 0.0055 0.3503
367 0.4561 0.0266 0.1731 0.3286 0.0121 0.0036
368 0.7466 0.0191 0.1541 0.0717 0.0072 0.0016
369 0.7441 0.0194 0.1548 0.0726 0.0075 0.0016
370 0.1136 0.1553 0.1349 0.1288 0.0181 0.4492
371 0.1136 0.1553 0.1349 0.1288 0.0181 0.4492
372 0.1136 0.1553 0.1349 0.1288 0.0181 0.4492
