time exciting_prob fearful_prob tense_prob sad_prob relaxing_prob neutral_prob
0 0.6826 0.0131 0.1674 0.0556 0.0239 0.0574
1 0.7793 0.0090 0.1571 0.0265 0.0081 0.0203
2 0.1262 0.3274 0.2490 0.1252 0.0834 0.0888
3 0.9731 0.0043 0.0185 0.0037 0.0003 0.0002
4 0.8770 0.0597 0.0310 0.0269 0.0028 0.0025
5 0.8901 0.0161 0.0719 0.0206 0.0004 0.0011
6 0.9185 0.0188 0.0578 0.0043 0.0002 0.0002
7 0.9028 0.0326 0.0314 0.0309 0.0016 0.0008
8 0.7695 0.0508 0.1190 0.0210 0.0374 0.0021
9 0.7681 0.1133 0.0602 0.0368 0.0185 0.0032
10 0.2096 0.2820 0.2031 0.1821 0.0692 0.0538
11 0.2365 0.1960 0.4021 0.0986 0.0196 0.0473
12 0.3418 0.1746 0.1084 0.1829 0.0408 0.1516
13 0.3364 0.2041 0.1200 0.1719 0.0285 0.1392
14 0.2416 0.4375 0.0556 0.2133 0.0095 0.0426
15 0.5317 0.0535 0.0803 0.2593 0.0136 0.0616
16 0.7764 0.1059 0.0524 0.0613 0.0009 0.0030
17 0.5361 0.2493 0.0772 0.0531 0.0302 0.0543
18 0.2020 0.4277 0.1840 0.1455 0.0253 0.0153
19 0.1764 0.3562 0.3047 0.0997 0.0509 0.0120
20 0.1985 0.5396 0.2214 0.0126 0.0197 0.0080
21 0.3215 0.3533 0.0381 0.0149 0.2708 0.0013
22 0.0149 0.6064 0.2910 0.0771 0.0074 0.0033
23 0.1646 0.2395 0.3174 0.2147 0.0254 0.0385
24 0.5298 0.1964 0.1219 0.0219 0.1249 0.0051
25 0.1702 0.3057 0.2534 0.0356 0.1884 0.0469
26 0.0343 0.5762 0.1841 0.0146 0.1841 0.0068
27 0.0118 0.7759 0.1759 0.0292 0.0053 0.0020
28 0.0795 0.3564 0.3677 0.0534 0.1290 0.0138
29 0.1377 0.1196 0.3408 0.2695 0.0146 0.1177
30 0.1185 0.3196 0.1290 0.0629 0.3508 0.0192
31 0.0735 0.4644 0.3452 0.0277 0.0624 0.0268
32 0.1785 0.2257 0.1960 0.3606 0.0081 0.0310
33 0.0920 0.3066 0.2925 0.2010 0.1011 0.0066
34 0.1750 0.2842 0.4612 0.0233 0.0530 0.0032
35 0.0205 0.4460 0.1747 0.3213 0.0019 0.0358
36 0.0366 0.4744 0.3635 0.1010 0.0035 0.0210
37 0.0237 0.4431 0.2729 0.2094 0.0032 0.0475
38 0.0171 0.1561 0.1913 0.5537 0.0022 0.0798
39 0.0172 0.4075 0.3325 0.1621 0.0018 0.0790
40 0.0343 0.3835 0.3718 0.1549 0.0056 0.0499
41 0.0646 0.1716 0.3467 0.3577 0.0151 0.0441
42 0.0346 0.4670 0.2277 0.2385 0.0156 0.0165
43 0.0865 0.1775 0.2502 0.1920 0.0229 0.2708
44 0.0293 0.2435 0.1432 0.5576 0.0017 0.0249
45 0.0477 0.2600 0.2812 0.2683 0.0058 0.1370
46 0.1268 0.1155 0.1249 0.3728 0.0372 0.2227
47 0.2048 0.4268 0.1140 0.0514 0.1924 0.0105
48 0.0189 0.6831 0.2761 0.0100 0.0101 0.0018
49 0.0229 0.4539 0.2585 0.0342 0.1952 0.0350
50 0.1388 0.1809 0.3030 0.0561 0.0182 0.3030
51 0.1647 0.1794 0.1571 0.0219 0.4763 0.0007
52 0.7422 0.1147 0.0654 0.0264 0.0478 0.0036
53 0.7598 0.1183 0.0729 0.0342 0.0129 0.0021
54 0.9653 0.0085 0.0021 0.0020 0.0215 0.0007
55 0.9751 0.0052 0.0022 0.0031 0.0134 0.0009
56 0.9346 0.0083 0.0116 0.0098 0.0351 0.0005
57 0.0391 0.3223 0.3948 0.1895 0.0379 0.0167
58 0.1487 0.2113 0.1570 0.0273 0.4543 0.0015
59 0.6475 0.2085 0.1041 0.0175 0.0095 0.0131
60 0.1456 0.6787 0.0282 0.1057 0.0128 0.0291
61 0.3284 0.2991 0.0978 0.2189 0.0466 0.0092
62 0.3979 0.2490 0.0547 0.2490 0.0400 0.0094
63 0.7275 0.0755 0.0335 0.0671 0.0616 0.0348
64 0.8477 0.0446 0.0275 0.0370 0.0425 0.0008
65 0.1272 0.1583 0.1088 0.5615 0.0241 0.0203
66 0.0658 0.3816 0.1980 0.2927 0.0384 0.0235
67 0.2727 0.2389 0.1642 0.2644 0.0409 0.0189
68 0.1600 0.0768 0.0580 0.5249 0.0349 0.1458
69 0.6050 0.0935 0.0375 0.1318 0.0819 0.0500
70 0.0919 0.5942 0.1316 0.1346 0.0368 0.0108
71 0.1914 0.3013 0.2291 0.2273 0.0182 0.0327
72 0.1554 0.4392 0.2971 0.0585 0.0128 0.0369
73 0.1276 0.3311 0.0710 0.2421 0.0276 0.2007
74 0.7163 0.1024 0.0407 0.0602 0.0704 0.0099
75 0.3494 0.1587 0.0641 0.1855 0.1526 0.0897
76 0.1473 0.5391 0.1121 0.0981 0.0747 0.0286
77 0.5635 0.1932 0.1381 0.0864 0.0070 0.0118
78 0.3713 0.3628 0.1661 0.0797 0.0166 0.0034
79 0.2827 0.1388 0.0977 0.3572 0.0487 0.0749
80 0.2803 0.2454 0.0353 0.0188 0.4077 0.0127
81 0.1986 0.3982 0.1453 0.1488 0.0938 0.0154
82 0.3091 0.3237 0.2058 0.0734 0.0806 0.0073
83 0.4775 0.1798 0.0798 0.1503 0.0631 0.0496
84 0.9263 0.0085 0.0189 0.0291 0.0166 0.0009
85 0.0692 0.1224 0.0737 0.0625 0.0698 0.6025
86 0.3337 0.3015 0.0508 0.0131 0.2922 0.0086
87 0.4707 0.3286 0.0673 0.0964 0.0144 0.0225
88 0.2517 0.0626 0.0119 0.5986 0.0099 0.0651
89 0.5190 0.1396 0.0730 0.0945 0.1333 0.0406
90 0.3145 0.2566 0.0467 0.0106 0.3647 0.0068
91 0.3379 0.1409 0.2937 0.1205 0.0280 0.0790
92 0.1653 0.1553 0.2900 0.2600 0.0292 0.1002
93 0.2595 0.2615 0.0773 0.1854 0.0407 0.1755
94 0.2235 0.2416 0.1015 0.3599 0.0527 0.0208
95 0.1049 0.1575 0.0779 0.2477 0.1134 0.2988
96 0.0547 0.2216 0.2800 0.3125 0.0076 0.1234
97 0.5845 0.1254 0.0531 0.1098 0.0896 0.0379
98 0.1511 0.2529 0.3052 0.0968 0.0487 0.1453
99 0.4873 0.2864 0.0443 0.0853 0.0385 0.0582
100 0.1753 0.1114 0.1071 0.5273 0.0267 0.0522
101 0.2209 0.5259 0.1102 0.0973 0.0180 0.0276
102 0.3499 0.2024 0.0445 0.0199 0.3723 0.0112
103 0.3472 0.1815 0.0799 0.3638 0.0210 0.0069
104 0.3376 0.2671 0.0406 0.0350 0.3052 0.0144
105 0.2366 0.2023 0.1915 0.3232 0.0032 0.0431
106 0.2483 0.2664 0.2010 0.1278 0.0127 0.1437
107 0.1257 0.4153 0.0825 0.3418 0.0054 0.0294
108 0.2122 0.1858 0.4744 0.0414 0.0818 0.0043
109 0.1332 0.2712 0.0547 0.4797 0.0243 0.0370
110 0.4653 0.0556 0.0881 0.0173 0.3682 0.0053
111 0.1713 0.4585 0.0854 0.1809 0.0121 0.0917
112 0.2490 0.2377 0.0916 0.3352 0.0297 0.0569
113 0.2363 0.1798 0.0544 0.0149 0.5083 0.0064
114 0.1001 0.5244 0.2942 0.0480 0.0053 0.0280
115 0.3086 0.2441 0.0824 0.2520 0.0310 0.0818
116 0.2944 0.1434 0.0956 0.2257 0.1180 0.1227
117 0.2976 0.1497 0.0542 0.0108 0.4829 0.0050
118 0.0958 0.0489 0.0292 0.5181 0.0266 0.2815
119 0.2610 0.2050 0.1597 0.2098 0.0258 0.1387
120 0.1879 0.3098 0.4136 0.0231 0.0591 0.0066
121 0.1461 0.5020 0.3242 0.0181 0.0039 0.0058
122 0.4812 0.2238 0.0570 0.0612 0.1599 0.0169
123 0.2451 0.4761 0.1261 0.0461 0.0783 0.0284
124 0.2905 0.3848 0.0283 0.1004 0.0186 0.1775
125 0.1240 0.1449 0.0695 0.2280 0.0110 0.4226
126 0.1730 0.4888 0.1930 0.0721 0.0636 0.0095
127 0.2017 0.2957 0.0183 0.4370 0.0078 0.0394
128 0.2170 0.5166 0.1083 0.0678 0.0473 0.0428
129 0.1046 0.6113 0.1864 0.0827 0.0031 0.0119
130 0.0590 0.3140 0.0372 0.2815 0.0224 0.2859
131 0.1656 0.2908 0.2773 0.1271 0.0252 0.1139
132 0.2810 0.2089 0.0812 0.3040 0.0174 0.1075
133 0.1938 0.2375 0.0827 0.0245 0.4507 0.0108
134 0.6128 0.1770 0.0671 0.0641 0.0636 0.0153
135 0.4133 0.1791 0.0952 0.0801 0.1644 0.0680
136 0.2455 0.1107 0.0376 0.4175 0.0511 0.1377
137 0.2303 0.1213 0.0506 0.0379 0.5483 0.0117
138 0.2145 0.1969 0.0319 0.0356 0.5068 0.0145
139 0.3882 0.2300 0.0634 0.0266 0.2839 0.0079
140 0.2749 0.2996 0.0554 0.2769 0.0690 0.0244
141 0.4536 0.3218 0.1094 0.0509 0.0581 0.0063
142 0.2830 0.5161 0.0492 0.0507 0.0993 0.0017
143 0.3528 0.1257 0.1238 0.1802 0.0728 0.1448
144 0.1760 0.3755 0.0845 0.0180 0.3394 0.0067
145 0.2222 0.3870 0.0488 0.0152 0.3208 0.0063
146 0.4199 0.3169 0.0443 0.0131 0.2015 0.0042
147 0.2600 0.2878 0.0231 0.0234 0.3904 0.0154
148 0.0434 0.4778 0.0294 0.3962 0.0052 0.0481
149 0.0493 0.6299 0.1221 0.1569 0.0092 0.0324
150 0.1472 0.1642 0.0456 0.4033 0.0099 0.2297
151 0.6748 0.0674 0.0609 0.0609 0.1309 0.0051
152 0.1126 0.4817 0.3208 0.0349 0.0161 0.0338
153 0.2917 0.2874 0.0773 0.1016 0.2273 0.0145
154 0.1876 0.4866 0.0609 0.0614 0.1643 0.0393
155 0.4834 0.2932 0.0718 0.0867 0.0153 0.0494
156 0.2134 0.5366 0.1729 0.0223 0.0395 0.0153
157 0.1614 0.4707 0.1565 0.0492 0.0057 0.1565
158 0.2993 0.3584 0.1011 0.0456 0.1505 0.0452
159 0.2725 0.2405 0.0934 0.1067 0.0763 0.2106
160 0.4902 0.0717 0.0839 0.0770 0.2729 0.0043
161 0.4380 0.0804 0.0823 0.2742 0.1065 0.0185
162 0.2185 0.3464 0.3057 0.0368 0.0883 0.0044
163 0.1103 0.6348 0.2061 0.0150 0.0222 0.0119
164 0.2668 0.3193 0.2355 0.0432 0.1113 0.0237
165 0.1852 0.4172 0.2610 0.0526 0.0556 0.0284
166 0.0582 0.1779 0.2754 0.1053 0.0184 0.3647
167 0.2279 0.1146 0.0957 0.4497 0.0459 0.0663
168 0.2964 0.2036 0.2805 0.1974 0.0188 0.0033
169 0.1298 0.3638 0.0306 0.3843 0.0130 0.0787
170 0.1556 0.5874 0.0735 0.0237 0.1509 0.0087
171 0.1929 0.2477 0.4485 0.0682 0.0338 0.0091
172 0.3962 0.2384 0.0459 0.1469 0.0270 0.1458
173 0.3049 0.3098 0.0959 0.1464 0.0834 0.0596
174 0.1786 0.3721 0.0727 0.3523 0.0103 0.0139
175 0.3667 0.1565 0.2561 0.1589 0.0516 0.0101
176 0.1744 0.0481 0.3499 0.3184 0.0898 0.0194
177 0.4734 0.0499 0.0803 0.2068 0.1215 0.0682
178 0.2698 0.3384 0.1255 0.1116 0.1090 0.0458
179 0.5176 0.2727 0.0381 0.0965 0.0204 0.0546
180 0.0615 0.0771 0.0307 0.6558 0.0400 0.1353
181 0.0434 0.2458 0.0978 0.5630 0.0294 0.0207
182 0.0733 0.1083 0.2559 0.5249 0.0091 0.0287
183 0.1984 0.3884 0.1332 0.0801 0.0316 0.1683
184 0.4021 0.3281 0.0575 0.1033 0.0515 0.0575
185 0.0654 0.2356 0.4912 0.1396 0.0312 0.0370
186 0.2861 0.3022 0.0908 0.2566 0.0275 0.0370
187 0.2255 0.3464 0.1265 0.0561 0.0447 0.2006
188 0.3682 0.1621 0.2164 0.1312 0.1149 0.0073
189 0.2159 0.4790 0.0880 0.1791 0.0176 0.0204
190 0.1781 0.4175 0.2473 0.0368 0.1055 0.0147
191 0.1710 0.4685 0.0901 0.0288 0.1750 0.0665
192 0.1700 0.2306 0.1008 0.0444 0.4517 0.0026
193 0.4595 0.1562 0.1930 0.1515 0.0199 0.0199
194 0.1747 0.1517 0.0751 0.5596 0.0283 0.0107
195 0.2290 0.1958 0.1032 0.3384 0.0194 0.1143
196 0.0051 0.9585 0.0251 0.0050 0.0045 0.0016
197 0.1489 0.4810 0.0480 0.2573 0.0305 0.0343
198 0.6699 0.2141 0.0521 0.0439 0.0153 0.0048
199 0.8638 0.0947 0.0091 0.0064 0.0167 0.0095
200 0.0468 0.6772 0.2571 0.0145 0.0031 0.0015
201 0.0245 0.8755 0.0840 0.0047 0.0106 0.0005
202 0.0067 0.9531 0.0224 0.0140 0.0024 0.0015
203 0.0712 0.8481 0.0184 0.0105 0.0106 0.0412
204 0.0657 0.8198 0.0637 0.0201 0.0137 0.0172
205 0.0176 0.9180 0.0307 0.0168 0.0018 0.0151
206 0.0778 0.6724 0.2217 0.0102 0.0150 0.0032
207 0.0582 0.8828 0.0180 0.0061 0.0182 0.0168
208 0.0387 0.8872 0.0372 0.0151 0.0161 0.0057
209 0.0323 0.9282 0.0323 0.0038 0.0024 0.0010
210 0.3684 0.2891 0.0754 0.0835 0.1443 0.0394
211 0.4189 0.3315 0.0366 0.0254 0.0438 0.1437
212 0.2881 0.1448 0.1844 0.2791 0.0684 0.0352
213 0.1533 0.6157 0.0591 0.0555 0.0066 0.1096
214 0.4209 0.0338 0.0682 0.4275 0.0325 0.0171
215 0.1238 0.1163 0.1403 0.5210 0.0492 0.0492
216 0.1284 0.1367 0.2084 0.3955 0.0440 0.0869
217 0.2581 0.4221 0.1101 0.1318 0.0185 0.0594
218 0.2120 0.3469 0.0515 0.1718 0.0553 0.1626
219 0.0861 0.6074 0.0754 0.0181 0.1635 0.0495
220 0.3838 0.1327 0.3013 0.0641 0.0774 0.0408
221 0.0370 0.6113 0.1522 0.1698 0.0164 0.0130
222 0.3850 0.2976 0.0929 0.1656 0.0446 0.0142
223 0.0611 0.7271 0.0561 0.0102 0.1225 0.0230
224 0.0657 0.1979 0.0831 0.5254 0.0220 0.1059
225 0.3757 0.3164 0.2043 0.0254 0.0148 0.0633
226 0.3069 0.0839 0.0235 0.2209 0.0384 0.3267
227 0.2007 0.4890 0.1171 0.0884 0.0488 0.0562
228 0.3308 0.0431 0.0398 0.4890 0.0101 0.0870
229 0.5107 0.1937 0.0696 0.0639 0.1451 0.0171
230 0.0774 0.5205 0.1799 0.1716 0.0185 0.0320
231 0.0870 0.8198 0.0688 0.0048 0.0172 0.0025
232 0.3999 0.1268 0.1102 0.2749 0.0279 0.0604
233 0.1054 0.1807 0.4951 0.1685 0.0116 0.0388
234 0.1929 0.0947 0.1445 0.3059 0.0238 0.2382
235 0.2284 0.1271 0.2842 0.2979 0.0319 0.0304
236 0.2125 0.4827 0.1012 0.0701 0.0746 0.0590
237 0.2595 0.2477 0.2830 0.1676 0.0276 0.0148
238 0.1350 0.8140 0.0238 0.0173 0.0050 0.0049
239 0.1417 0.0644 0.1497 0.4719 0.0141 0.1581
240 0.1499 0.3682 0.4656 0.0069 0.0064 0.0030
241 0.0740 0.0442 0.0415 0.3787 0.0120 0.4497
242 0.1094 0.6104 0.1028 0.0997 0.0082 0.0696
243 0.2693 0.3149 0.0615 0.2018 0.1105 0.0420
244 0.0416 0.0999 0.4138 0.1431 0.0036 0.2981
245 0.0253 0.4993 0.1132 0.3325 0.0134 0.0163
246 0.2151 0.4146 0.1797 0.0531 0.0810 0.0565
247 0.1594 0.2214 0.1632 0.2214 0.0282 0.2064
248 0.2455 0.4143 0.0977 0.0726 0.1399 0.0302
249 0.3101 0.3770 0.0766 0.1852 0.0353 0.0159
250 0.0872 0.2622 0.4062 0.2141 0.0120 0.0183
251 0.0344 0.1705 0.1101 0.6094 0.0058 0.0700
252 0.2405 0.3159 0.1317 0.1902 0.0311 0.0906
253 0.0576 0.4788 0.2012 0.2124 0.0082 0.0418
254 0.3022 0.3789 0.0974 0.1804 0.0109 0.0302
255 0.1528 0.6797 0.0949 0.0257 0.0357 0.0109
256 0.4163 0.1342 0.1921 0.1847 0.0214 0.0513
257 0.1895 0.5112 0.1149 0.0802 0.0587 0.0457
258 0.2446 0.1372 0.2092 0.3191 0.0186 0.0712
259 0.2067 0.2695 0.2397 0.1160 0.0356 0.1324
260 0.1572 0.4841 0.2473 0.0671 0.0232 0.0211
261 0.2184 0.3716 0.0767 0.1410 0.0251 0.1675
262 0.0518 0.3032 0.1782 0.3953 0.0114 0.0602
263 0.3293 0.2566 0.1709 0.1682 0.0283 0.0467
264 0.2842 0.2213 0.2047 0.1620 0.0634 0.0644
265 0.1389 0.0738 0.2720 0.3958 0.0511 0.0682
266 0.1958 0.1927 0.2961 0.2495 0.0371 0.0287
267 0.0316 0.5171 0.2123 0.1680 0.0016 0.0695
268 0.0587 0.4692 0.2358 0.1387 0.0030 0.0945
269 0.1389 0.1812 0.3494 0.1245 0.0249 0.1812
270 0.1283 0.1852 0.4045 0.1584 0.0156 0.1080
271 0.1943 0.4590 0.2185 0.0869 0.0095 0.0320
272 0.0762 0.5454 0.1348 0.1855 0.0427 0.0154
273 0.1757 0.2291 0.3662 0.2086 0.0091 0.0111
274 0.2971 0.0172 0.0920 0.5908 0.0006 0.0023
275 0.4836 0.2214 0.0620 0.0096 0.2080 0.0153
276 0.4797 0.2196 0.0665 0.0100 0.2063 0.0177
277 0.4797 0.2196 0.0665 0.0100 0.2063 0.0177
278 0.4426 0.2856 0.0599 0.0073 0.1788 0.0258
