time exciting_prob fearful_prob tense_prob sad_prob relaxing_prob neutral_prob
0 0.1136 0.1553 0.1349 0.1288 0.0181 0.4492
1 0.1616 0.6099 0.0207 0.1949 0.0011 0.0117
2 0.1632 0.6157 0.0209 0.1879 0.0012 0.0110
3 0.1603 0.6338 0.0186 0.1760 0.0014 0.0099
4 0.1603 0.6338 0.0186 0.1760 0.0014 0.0099
5 0.1346 0.1624 0.1675 0.4626 0.0185 0.0544
6 0.1038 0.1659 0.1355 0.5273 0.0209 0.0464
7 0.1135 0.1135 0.1600 0.5415 0.0142 0.0571
8 0.1083 0.2087 0.1930 0.4282 0.0132 0.0484
9 0.0973 0.2297 0.1790 0.4226 0.0148 0.0567
10 0.0548 0.4314 0.2382 0.1538 0.0750 0.0469
11 0.0559 0.4607 0.2245 0.1567 0.0623 0.0399
12 0.0918 0.3105 0.2238 0.2874 0.0507 0.0359
13 0.0942 0.3445 0.2025 0.2683 0.0637 0.0270
14 0.0255 0.5947 0.2991 0.0298 0.0242 0.0264
15 0.0236 0.6333 0.2810 0.0204 0.0174 0.0244
16 0.0291 0.5879 0.2957 0.0232 0.0204 0.0436
17 0.0373 0.5312 0.3123 0.0443 0.0319 0.0429
18 0.1016 0.1226 0.1245 0.1990 0.0175 0.4346
19 0.0443 0.1907 0.1462 0.1353 0.0115 0.4722
20 0.0416 0.4619 0.0923 0.2396 0.0075 0.1571
21 0.0402 0.2559 0.0627 0.4490 0.0081 0.1842
22 0.0338 0.3337 0.0549 0.4026 0.0069 0.1678
23 0.0385 0.1699 0.0574 0.3328 0.0124 0.3889
24 0.0439 0.1846 0.0513 0.5098 0.0111 0.1996
25 0.0194 0.2498 0.0524 0.5288 0.0073 0.1423
26 0.0205 0.2072 0.0515 0.6279 0.0051 0.0877
27 0.0227 0.3896 0.0598 0.4417 0.0051 0.0811
28 0.0350 0.2129 0.0382 0.6357 0.0059 0.0724
29 0.0154 0.1130 0.0216 0.7842 0.0038 0.0619
30 0.1047 0.3540 0.1487 0.2651 0.0178 0.1097
31 0.0845 0.2371 0.1239 0.4094 0.0121 0.1329
32 0.0677 0.2988 0.1236 0.3896 0.0101 0.1099
33 0.0675 0.1385 0.0654 0.5830 0.0067 0.1385
34 0.0790 0.2378 0.0889 0.4802 0.0110 0.1031
35 0.1056 0.2252 0.1107 0.4209 0.0123 0.1254
36 0.1000 0.2847 0.0917 0.3833 0.0188 0.1215
37 0.0966 0.2952 0.1147 0.3562 0.0190 0.1183
38 0.0806 0.1667 0.0545 0.6099 0.0090 0.0793
39 0.1349 0.2386 0.3696 0.0757 0.1505 0.0306
40 0.1650 0.5005 0.1730 0.0598 0.0570 0.0448
41 0.1714 0.2271 0.2573 0.1000 0.0544 0.1897
42 0.0452 0.3611 0.4783 0.0428 0.0115 0.0613
43 0.0944 0.3193 0.2820 0.1373 0.0475 0.1194
44 0.1609 0.3352 0.2164 0.1713 0.0491 0.0671
45 0.0281 0.1532 0.0439 0.7085 0.0023 0.0639
46 0.0359 0.5273 0.1659 0.2064 0.0071 0.0573
47 0.0597 0.1648 0.2983 0.3713 0.0188 0.0869
48 0.0200 0.1158 0.0293 0.7910 0.0033 0.0406
49 0.0036 0.0692 0.0152 0.8965 0.0010 0.0145
50 0.0652 0.1564 0.2788 0.3870 0.0705 0.0421
51 0.0245 0.3857 0.1252 0.4302 0.0131 0.0213
52 0.0418 0.2106 0.0415 0.3113 0.0196 0.3755
53 0.0145 0.0475 0.0337 0.7910 0.0013 0.1122
54 0.0126 0.5361 0.0468 0.3923 0.0016 0.0105
55 0.0148 0.1074 0.0294 0.8315 0.0017 0.0155
56 0.0322 0.2473 0.0645 0.5073 0.0848 0.0635
57 0.0362 0.1063 0.0494 0.5835 0.1595 0.0649
58 0.0358 0.1968 0.0718 0.5186 0.1113 0.0659
59 0.0189 0.0742 0.0312 0.7559 0.0410 0.0790
60 0.0126 0.0284 0.0490 0.6255 0.0239 0.2607
61 0.0110 0.0438 0.0562 0.7061 0.0844 0.0986
62 0.0123 0.0701 0.1036 0.6968 0.0599 0.0572
63 0.0070 0.0222 0.0309 0.7842 0.0216 0.1342
64 0.0172 0.0945 0.0848 0.7095 0.0660 0.0277
65 0.0169 0.0497 0.0278 0.6436 0.0287 0.2332
66 0.0122 0.0238 0.0474 0.8022 0.0231 0.0914
67 0.0641 0.2040 0.1469 0.4453 0.0417 0.0978
68 0.0629 0.1021 0.1968 0.5024 0.0216 0.1139
69 0.0623 0.0717 0.0643 0.5464 0.0131 0.2424
70 0.0300 0.0875 0.0917 0.6880 0.0178 0.0848
71 0.0817 0.2365 0.3284 0.2188 0.0101 0.1246
72 0.0559 0.3191 0.3091 0.2644 0.0037 0.0478
73 0.0964 0.6538 0.1553 0.0689 0.0043 0.0210
74 0.0147 0.4788 0.3967 0.0972 0.0025 0.0100
75 0.0753 0.4836 0.2800 0.1522 0.0041 0.0047
76 0.0793 0.4861 0.2522 0.1530 0.0109 0.0186
77 0.0335 0.7510 0.1134 0.0897 0.0019 0.0105
78 0.0757 0.6440 0.1155 0.1372 0.0084 0.0190
79 0.0728 0.3933 0.2073 0.2747 0.0058 0.0462
80 0.0309 0.1272 0.0649 0.6562 0.0086 0.1122
81 0.0609 0.1069 0.1193 0.4792 0.0074 0.2263
82 0.1130 0.0517 0.1362 0.5474 0.0154 0.1362
83 0.0576 0.4126 0.4324 0.0740 0.0035 0.0201
84 0.0659 0.2162 0.3147 0.3350 0.0110 0.0573
85 0.0832 0.0734 0.3044 0.3672 0.0114 0.1604
86 0.0912 0.1871 0.2944 0.3389 0.0244 0.0641
87 0.0630 0.1293 0.4512 0.2234 0.0293 0.1039
88 0.0620 0.1793 0.3403 0.3352 0.0129 0.0703
89 0.0994 0.1162 0.3579 0.3062 0.0283 0.0919
90 0.0435 0.0623 0.2316 0.3477 0.0080 0.3069
91 0.0967 0.0867 0.1223 0.6211 0.0138 0.0596
92 0.0230 0.6108 0.2842 0.0486 0.0026 0.0309
93 0.0319 0.3074 0.3171 0.1985 0.0264 0.1185
94 0.0603 0.2278 0.1127 0.1403 0.0060 0.4529
95 0.0315 0.2344 0.2871 0.2495 0.0149 0.1825
96 0.1349 0.1802 0.2993 0.2769 0.0196 0.0892
97 0.0917 0.3149 0.2415 0.2198 0.0107 0.1214
98 0.1294 0.2593 0.2051 0.2289 0.0307 0.1466
99 0.1169 0.4771 0.1432 0.1444 0.0077 0.1107
100 0.0730 0.2842 0.2629 0.2146 0.1242 0.0410
101 0.0613 0.1393 0.1437 0.4785 0.0485 0.1288
102 0.1490 0.1945 0.3989 0.0532 0.0098 0.1945
103 0.1068 0.3909 0.2407 0.1846 0.0070 0.0701
104 0.0912 0.3083 0.3550 0.1813 0.0165 0.0477
105 0.1068 0.2025 0.3784 0.1787 0.0452 0.0885
106 0.0939 0.1598 0.4922 0.0896 0.0191 0.1455
107 0.3391 0.3552 0.1287 0.0617 0.0143 0.1010
108 0.0194 0.5073 0.4204 0.0391 0.0016 0.0124
109 0.1119 0.2124 0.4426 0.1846 0.0070 0.0415
110 0.0498 0.5649 0.1750 0.1385 0.0040 0.0675
111 0.0629 0.2998 0.2335 0.2605 0.0219 0.1212
112 0.0475 0.4871 0.3621 0.0713 0.0016 0.0307
113 0.1016 0.5322 0.1840 0.0636 0.0015 0.1169
114 0.0754 0.3596 0.3596 0.1454 0.0091 0.0506
115 0.0673 0.0485 0.1042 0.6587 0.0532 0.0684
116 0.2512 0.5234 0.1205 0.0650 0.0036 0.0359
117 0.0732 0.5757 0.3083 0.0291 0.0065 0.0070
118 0.0599 0.1288 0.2368 0.2224 0.0129 0.3391
119 0.0706 0.5732 0.2583 0.0541 0.0024 0.0415
120 0.0463 0.0935 0.3313 0.0980 0.0184 0.4124
121 0.0764 0.1013 0.4067 0.2013 0.0922 0.1221
122 0.1282 0.1364 0.4836 0.1166 0.0486 0.0867
123 0.0534 0.1520 0.5649 0.0654 0.0281 0.1362
124 0.0649 0.4722 0.3508 0.0138 0.0043 0.0938
125 0.0563 0.3372 0.2281 0.0262 0.0096 0.3425
126 0.0623 0.4604 0.3699 0.0159 0.0082 0.0832
127 0.0408 0.5454 0.3013 0.0562 0.0157 0.0408
128 0.0520 0.6484 0.1447 0.0608 0.0126 0.0818
129 0.0461 0.2871 0.3743 0.1081 0.0182 0.1661
130 0.0239 0.3655 0.1283 0.4407 0.0218 0.0200
131 0.1532 0.2817 0.1486 0.2062 0.0393 0.1709
132 0.0448 0.2725 0.1732 0.3391 0.0149 0.1553
133 0.0233 0.3140 0.0585 0.2297 0.0189 0.3557
134 0.0148 0.1099 0.0414 0.3438 0.0055 0.4849
135 0.0977 0.3254 0.3926 0.1188 0.0162 0.0491
136 0.1030 0.3171 0.2800 0.1725 0.0373 0.0901
137 0.2258 0.1459 0.1993 0.2405 0.0516 0.1370
138 0.0630 0.1420 0.2737 0.1420 0.0166 0.3625
139 0.0968 0.4307 0.1971 0.0337 0.0183 0.2234
140 0.0461 0.4810 0.2168 0.1537 0.0245 0.0779
141 0.0480 0.3306 0.3010 0.2273 0.0041 0.0890
142 0.0559 0.5146 0.0967 0.2430 0.0104 0.0795
143 0.0881 0.1301 0.1646 0.3323 0.0221 0.2629
144 0.0803 0.2549 0.1837 0.3486 0.0312 0.1014
145 0.0864 0.3284 0.4087 0.1153 0.0242 0.0369
146 0.0706 0.3313 0.1978 0.2969 0.0170 0.0864
147 0.1282 0.2395 0.1725 0.2693 0.0271 0.1633
148 0.1056 0.3772 0.3545 0.0822 0.0433 0.0371
149 0.1465 0.3921 0.2532 0.0961 0.0234 0.0889
150 0.0713 0.1710 0.3853 0.2566 0.0198 0.0959
151 0.0493 0.3115 0.3115 0.2010 0.0333 0.0935
152 0.3171 0.1223 0.1953 0.1322 0.0316 0.2015
153 0.1813 0.1326 0.4348 0.1813 0.0121 0.0579
154 0.0729 0.4941 0.2771 0.0943 0.0173 0.0442
155 0.0973 0.2688 0.3396 0.2334 0.0120 0.0489
156 0.1304 0.0954 0.4922 0.0791 0.0330 0.1700
157 0.0726 0.3923 0.1512 0.1912 0.0015 0.1912
158 0.0407 0.7451 0.1611 0.0249 0.0004 0.0274
159 0.2476 0.2849 0.0925 0.2939 0.0068 0.0743
160 0.0970 0.2118 0.2327 0.3035 0.0073 0.1478
161 0.1637 0.3689 0.3464 0.0823 0.0097 0.0291
162 0.1410 0.2019 0.2593 0.3032 0.0137 0.0809
163 0.2625 0.0770 0.0958 0.2544 0.0355 0.2749
164 0.1320 0.0463 0.1860 0.2708 0.1299 0.2352
165 0.1332 0.1053 0.3245 0.3621 0.0252 0.0498
166 0.1467 0.1716 0.2310 0.2700 0.0269 0.1538
167 0.2235 0.1254 0.1636 0.3303 0.0298 0.1273
168 0.0737 0.2532 0.1941 0.1910 0.0058 0.2822
169 0.1453 0.1312 0.4138 0.2113 0.0309 0.0676
170 0.1133 0.0511 0.2893 0.2986 0.0078 0.2399
171 0.1531 0.1655 0.2605 0.1630 0.0207 0.2372
172 0.1022 0.1387 0.2048 0.4075 0.0125 0.1344
173 0.1261 0.1241 0.1670 0.3428 0.0153 0.2247
174 0.1941 0.1304 0.3252 0.2003 0.0135 0.1366
175 0.0685 0.0446 0.0729 0.2708 0.0130 0.5303
176 0.1014 0.1014 0.2629 0.1498 0.0195 0.3650
177 0.1324 0.1224 0.2183 0.3225 0.0289 0.1754
178 0.1085 0.1350 0.3613 0.1288 0.0060 0.2603
179 0.0806 0.3586 0.4978 0.0439 0.0034 0.0156
180 0.0433 0.2397 0.5317 0.1345 0.0050 0.0457
181 0.0924 0.0720 0.2551 0.4619 0.0234 0.0953
182 0.0795 0.1968 0.1907 0.4231 0.0353 0.0747
183 0.0980 0.0965 0.1339 0.5728 0.0236 0.0751
184 0.1499 0.2017 0.2147 0.3652 0.0453 0.0232
185 0.0880 0.3318 0.4065 0.1520 0.0084 0.0133
186 0.1222 0.1241 0.2886 0.3071 0.0084 0.1497
187 0.0510 0.1953 0.4473 0.0394 0.1429 0.1242
188 0.0308 0.0386 0.2401 0.2808 0.0437 0.3662
189 0.1003 0.6392 0.1980 0.0285 0.0029 0.0313
190 0.0549 0.5415 0.1503 0.0466 0.0110 0.1960
191 0.0563 0.3240 0.4224 0.1102 0.0066 0.0806
192 0.0880 0.5923 0.1923 0.0350 0.0099 0.0827
193 0.1139 0.7139 0.0573 0.0807 0.0092 0.0248
194 0.0280 0.5542 0.1316 0.1743 0.0046 0.1074
195 0.0282 0.2786 0.1255 0.2830 0.0271 0.2576
196 0.1605 0.7427 0.0707 0.0106 0.0048 0.0109
197 0.0261 0.3665 0.3286 0.0818 0.0536 0.1436
198 0.0293 0.3306 0.2830 0.2238 0.0155 0.1179
199 0.0776 0.1383 0.6445 0.0872 0.0344 0.0179
200 0.0471 0.3271 0.4910 0.0937 0.0162 0.0248
201 0.0489 0.2664 0.6094 0.0238 0.0049 0.0466
202 0.1486 0.2932 0.4265 0.0685 0.0164 0.0468
203 0.0955 0.4966 0.2786 0.0744 0.0067 0.0484
204 0.1664 0.0786 0.5762 0.1058 0.0190 0.0540
205 0.0851 0.1050 0.4287 0.2207 0.0452 0.1154
206 0.1586 0.3804 0.1989 0.1958 0.0280 0.0385
207 0.0413 0.3655 0.2083 0.3276 0.0065 0.0506
208 0.1998 0.0388 0.0974 0.6060 0.0139 0.0439
209 0.0811 0.0484 0.1469 0.5811 0.0150 0.1276
210 0.0267 0.7808 0.1688 0.0215 0.0005 0.0020
211 0.0538 0.2430 0.4333 0.0840 0.0148 0.1710
212 0.1129 0.4678 0.3423 0.0501 0.0012 0.0258
213 0.1284 0.0969 0.3384 0.3127 0.0137 0.1098
214 0.1885 0.0523 0.2070 0.4382 0.1033 0.0106
215 0.3098 0.3003 0.1620 0.1522 0.0591 0.0166
216 0.3086 0.3040 0.2620 0.0694 0.0520 0.0042
217 0.1854 0.1561 0.4810 0.1586 0.0136 0.0055
218 0.2786 0.1885 0.1587 0.3206 0.0265 0.0274
219 0.3340 0.5015 0.1229 0.0355 0.0010 0.0050
220 0.3896 0.1703 0.1676 0.2327 0.0177 0.0220
221 0.2227 0.2227 0.2371 0.2644 0.0311 0.0222
222 0.2117 0.0579 0.1622 0.4771 0.0561 0.0351
223 0.4282 0.1208 0.2898 0.1125 0.0427 0.0061
224 0.3025 0.1509 0.1833 0.3218 0.0089 0.0326
225 0.5503 0.1042 0.2461 0.0768 0.0142 0.0082
226 0.3000 0.1104 0.2264 0.3096 0.0467 0.0069
227 0.2388 0.1831 0.2925 0.2542 0.0088 0.0226
228 0.2983 0.2937 0.2632 0.1243 0.0138 0.0069
229 0.5352 0.0649 0.1608 0.1793 0.0273 0.0324
230 0.1659 0.4043 0.3198 0.0847 0.0232 0.0022
231 0.4458 0.0906 0.1918 0.2277 0.0264 0.0178
232 0.3394 0.2026 0.2949 0.1329 0.0083 0.0220
233 0.2206 0.3469 0.2744 0.1447 0.0055 0.0079
234 0.1945 0.0876 0.4666 0.1295 0.0919 0.0301
235 0.2573 0.1057 0.2827 0.2418 0.0398 0.0726
236 0.2793 0.0478 0.1890 0.4062 0.0369 0.0409
237 0.2910 0.0413 0.1909 0.3247 0.1054 0.0468
238 0.1504 0.1152 0.2722 0.3440 0.0956 0.0225
239 0.0753 0.1185 0.1644 0.4265 0.1498 0.0654
240 0.0563 0.1907 0.3193 0.3293 0.0375 0.0669
241 0.3035 0.0843 0.2291 0.3181 0.0532 0.0118
242 0.2175 0.1027 0.3066 0.2666 0.0950 0.0115
243 0.1993 0.5767 0.1627 0.0545 0.0032 0.0034
244 0.0399 0.1577 0.3040 0.4709 0.0205 0.0070
245 0.2118 0.3333 0.3035 0.1456 0.0020 0.0038
246 0.1415 0.0638 0.2483 0.4937 0.0481 0.0048
247 0.0447 0.4114 0.2917 0.2456 0.0031 0.0036
248 0.1605 0.0958 0.3242 0.3911 0.0189 0.0096
249 0.0829 0.0856 0.2808 0.4851 0.0536 0.0121
250 0.1382 0.0508 0.3816 0.3640 0.0294 0.0360
251 0.0198 0.3792 0.1820 0.4165 0.0005 0.0020
252 0.0382 0.3103 0.3303 0.3152 0.0024 0.0037
253 0.0420 0.2571 0.2002 0.4878 0.0044 0.0085
254 0.3975 0.3618 0.0707 0.1439 0.0119 0.0140
255 0.2981 0.3052 0.1571 0.2197 0.0100 0.0100
256 0.3367 0.1060 0.1238 0.4126 0.0120 0.0090
257 0.2524 0.2998 0.2159 0.2194 0.0059 0.0066
258 0.1764 0.3733 0.1139 0.3096 0.0092 0.0176
259 0.2729 0.3506 0.1384 0.2161 0.0114 0.0106
260 0.3257 0.4592 0.1041 0.0978 0.0066 0.0068
261 0.2690 0.3977 0.1464 0.1710 0.0092 0.0066
262 0.2405 0.2090 0.1248 0.4092 0.0070 0.0095
263 0.1542 0.4824 0.1860 0.1667 0.0042 0.0065
264 0.1741 0.3054 0.1443 0.3628 0.0060 0.0075
265 0.1666 0.2009 0.1666 0.4458 0.0112 0.0089
266 0.2886 0.0880 0.0966 0.5063 0.0090 0.0115
267 0.2957 0.1558 0.1632 0.3623 0.0086 0.0146
268 0.1827 0.4055 0.1744 0.2170 0.0050 0.0152
269 0.2246 0.2246 0.1241 0.4067 0.0060 0.0138
270 0.1570 0.3945 0.1807 0.2394 0.0062 0.0223
271 0.2681 0.1871 0.2054 0.3232 0.0085 0.0077
272 0.2235 0.2781 0.2493 0.2343 0.0070 0.0079
273 0.1644 0.3823 0.2391 0.2046 0.0057 0.0039
274 0.1465 0.2452 0.2034 0.3918 0.0061 0.0069
275 0.1544 0.2112 0.4133 0.2112 0.0051 0.0048
276 0.1989 0.2085 0.2052 0.3774 0.0060 0.0040
277 0.1719 0.1059 0.3213 0.3313 0.0663 0.0033
278 0.0952 0.0908 0.2356 0.5146 0.0615 0.0022
279 0.0963 0.0850 0.2136 0.5718 0.0303 0.0029
280 0.0729 0.1175 0.2411 0.5269 0.0394 0.0024
281 0.1521 0.1241 0.2671 0.4136 0.0406 0.0026
282 0.1093 0.1075 0.3015 0.4321 0.0470 0.0025
283 0.1718 0.1328 0.1829 0.4526 0.0580 0.0019
284 0.1523 0.2286 0.2322 0.3174 0.0655 0.0039
285 0.1422 0.1575 0.2896 0.2805 0.1284 0.0017
286 0.1389 0.2102 0.1650 0.3413 0.1434 0.0011
287 0.1243 0.2148 0.2018 0.3542 0.0999 0.0051
288 0.1588 0.2024 0.1772 0.3552 0.1042 0.0022
289 0.1556 0.2095 0.1792 0.2776 0.1764 0.0018
290 0.1028 0.2817 0.2373 0.2062 0.1709 0.0012
291 0.1250 0.1791 0.0770 0.3616 0.2563 0.0009
292 0.1476 0.1272 0.1088 0.1954 0.4204 0.0007
293 0.0957 0.2157 0.0980 0.1932 0.3967 0.0008
294 0.0663 0.0851 0.0372 0.1278 0.6802 0.0034
295 0.0560 0.1499 0.0815 0.2759 0.4270 0.0097
296 0.0560 0.0930 0.0556 0.2130 0.5610 0.0213
297 0.0559 0.1221 0.0581 0.2335 0.4944 0.0361
298 0.0430 0.1926 0.0896 0.3176 0.3381 0.0191
299 0.0323 0.0746 0.0301 0.3967 0.4426 0.0235
300 0.0307 0.1053 0.0400 0.4297 0.3508 0.0435
301 0.0330 0.0561 0.0343 0.3955 0.4209 0.0602
302 0.0393 0.0723 0.0446 0.2666 0.4534 0.1240
303 0.0275 0.0629 0.0419 0.4297 0.3047 0.1332
304 0.0341 0.0693 0.0499 0.3257 0.3413 0.1798
305 0.0500 0.1760 0.0988 0.1964 0.4290 0.0497
306 0.0287 0.1337 0.0693 0.3748 0.2421 0.1515
307 0.0490 0.2467 0.1406 0.2014 0.3269 0.0356
308 0.0467 0.3938 0.1340 0.1405 0.1721 0.1129
309 0.0416 0.3376 0.1062 0.2356 0.1924 0.0867
310 0.0472 0.4146 0.1624 0.1783 0.1525 0.0451
311 0.0449 0.4712 0.3613 0.0745 0.0080 0.0402
312 0.0390 0.4092 0.4636 0.0445 0.0079 0.0358
313 0.0395 0.3928 0.5122 0.0294 0.0046 0.0216
314 0.0337 0.3455 0.5029 0.0530 0.0086 0.0564
315 0.0660 0.1205 0.0895 0.6411 0.0391 0.0436
316 0.0585 0.1904 0.0781 0.6147 0.0402 0.0180
317 0.0722 0.0987 0.1003 0.6240 0.0381 0.0668
318 0.0443 0.1511 0.1376 0.5884 0.0239 0.0547
319 0.0314 0.0707 0.0533 0.7251 0.0718 0.0478
320 0.0443 0.1262 0.1167 0.5151 0.1571 0.0406
321 0.0547 0.0815 0.0778 0.5840 0.1726 0.0293
322 0.0387 0.0663 0.0679 0.7295 0.0706 0.0272
323 0.0581 0.1027 0.0935 0.6592 0.0643 0.0220
324 0.1656 0.2429 0.0654 0.3853 0.0582 0.0826
325 0.0093 0.1311 0.0199 0.8281 0.0015 0.0098
326 0.0068 0.1340 0.0149 0.8340 0.0012 0.0088
327 0.0052 0.0760 0.0132 0.8979 0.0006 0.0069
328 0.0245 0.2017 0.0322 0.7041 0.0038 0.0340
329 0.0673 0.2832 0.0459 0.5376 0.0204 0.0459
330 0.0196 0.3386 0.0405 0.5854 0.0035 0.0125
331 0.0726 0.3989 0.1562 0.3059 0.0166 0.0499
332 0.0595 0.4431 0.1260 0.3191 0.0083 0.0439
333 0.0348 0.3711 0.0815 0.4766 0.0044 0.0314
334 0.0776 0.3296 0.0724 0.4365 0.0153 0.0685
335 0.0626 0.2515 0.0773 0.5322 0.0146 0.0616
336 0.0165 0.2620 0.0318 0.6587 0.0043 0.0268
337 0.0109 0.1619 0.0288 0.7847 0.0018 0.0118
338 0.0204 0.1986 0.0426 0.7153 0.0041 0.0192
339 0.0182 0.1880 0.0288 0.7432 0.0024 0.0193
340 0.0161 0.2942 0.0265 0.6523 0.0021 0.0085
341 0.0050 0.1114 0.0126 0.8623 0.0006 0.0079
342 0.0088 0.1103 0.0115 0.8540 0.0021 0.0134
343 0.0898 0.3638 0.0694 0.3994 0.0280 0.0496
344 0.0071 0.2042 0.0202 0.7588 0.0015 0.0084
345 0.0050 0.2407 0.0190 0.7300 0.0011 0.0040
346 0.0071 0.3713 0.0298 0.5845 0.0013 0.0062
347 0.0351 0.3057 0.0593 0.5620 0.0047 0.0330
348 0.0261 0.2305 0.0630 0.6567 0.0032 0.0208
349 0.0378 0.3875 0.0673 0.4602 0.0044 0.0428
350 0.1107 0.1973 0.1444 0.1769 0.0298 0.3411
351 0.1107 0.1973 0.1444 0.1769 0.0298 0.3411
