time exciting_prob fearful_prob tense_prob sad_prob relaxing_prob neutral_prob
0 0.1797 0.0947 0.1399 0.4658 0.0175 0.1024
1 0.7402 0.0369 0.0215 0.1066 0.0792 0.0155
2 0.8657 0.0346 0.0112 0.0080 0.0781 0.0022
3 0.8716 0.0437 0.0106 0.0053 0.0672 0.0015
4 0.7764 0.0722 0.0164 0.0301 0.1002 0.0048
5 0.4702 0.0094 0.0242 0.1285 0.3606 0.0070
6 0.7246 0.0076 0.0190 0.0471 0.1981 0.0033
7 0.6421 0.0084 0.0202 0.0461 0.2805 0.0029
8 0.2756 0.0098 0.0514 0.2800 0.3708 0.0125
9 0.5640 0.0231 0.0478 0.2583 0.1060 0.0006
10 0.6206 0.0237 0.0494 0.2046 0.1013 0.0004
11 0.3210 0.0161 0.0338 0.5811 0.0459 0.0020
12 0.1566 0.1239 0.1980 0.3816 0.0921 0.0478
13 0.1083 0.2294 0.2991 0.0431 0.2854 0.0346
14 0.0732 0.0588 0.2764 0.0817 0.4485 0.0616
15 0.1169 0.1597 0.2324 0.0414 0.3953 0.0544
16 0.1335 0.2917 0.3105 0.0447 0.1399 0.0797
17 0.0189 0.0162 0.0475 0.0075 0.8965 0.0134
18 0.0395 0.0434 0.0584 0.0037 0.8447 0.0103
19 0.0514 0.0337 0.0670 0.0063 0.8291 0.0124
20 0.0709 0.1031 0.3435 0.0883 0.3774 0.0168
21 0.0903 0.1073 0.3518 0.1489 0.2344 0.0671
22 0.0322 0.0540 0.0602 0.0095 0.8311 0.0128
23 0.0600 0.0859 0.0820 0.0114 0.7422 0.0187
24 0.0217 0.0211 0.0538 0.0057 0.8423 0.0555
25 0.0472 0.0790 0.0547 0.0235 0.7856 0.0097
26 0.0677 0.0978 0.0557 0.0263 0.7456 0.0066
27 0.2593 0.3438 0.3330 0.0280 0.0150 0.0210
28 0.3154 0.3689 0.2272 0.0462 0.0249 0.0174
29 0.2822 0.4104 0.2339 0.0443 0.0200 0.0093
30 0.2383 0.1798 0.0978 0.2169 0.1562 0.1108
31 0.2076 0.4980 0.1495 0.0352 0.0740 0.0355
32 0.2568 0.0670 0.2529 0.2568 0.0129 0.1534
33 0.0891 0.2920 0.0738 0.0557 0.4812 0.0082
34 0.1065 0.1550 0.0732 0.0767 0.5410 0.0476
35 0.0898 0.0438 0.0858 0.0445 0.6851 0.0512
36 0.2454 0.1124 0.3201 0.2571 0.0280 0.0370
37 0.1295 0.1356 0.0440 0.0977 0.5625 0.0307
38 0.2144 0.0654 0.1241 0.3647 0.1112 0.1202
39 0.1920 0.5732 0.1617 0.0326 0.0369 0.0036
40 0.1904 0.2903 0.1846 0.0505 0.2727 0.0113
41 0.2372 0.1967 0.1736 0.0378 0.3345 0.0202
42 0.1687 0.3103 0.1971 0.0107 0.2825 0.0307
43 0.0235 0.0352 0.0213 0.0138 0.8940 0.0124
44 0.0285 0.1515 0.1296 0.0274 0.6582 0.0050
45 0.1146 0.1437 0.1110 0.0800 0.5425 0.0084
46 0.1840 0.3438 0.2219 0.0804 0.1573 0.0125
47 0.3628 0.1178 0.1769 0.1024 0.1973 0.0430
48 0.3950 0.2715 0.1141 0.0115 0.2018 0.0063
49 0.0612 0.3748 0.1490 0.0963 0.3105 0.0081
50 0.0869 0.1226 0.1549 0.5161 0.0511 0.0687
51 0.0901 0.0847 0.3196 0.2527 0.0192 0.2338
52 0.0575 0.0253 0.0421 0.0118 0.8442 0.0190
53 0.0716 0.0566 0.0905 0.1199 0.6382 0.0234
54 0.1077 0.0505 0.0907 0.0181 0.7021 0.0306
55 0.0690 0.0258 0.1052 0.0341 0.7080 0.0581
56 0.0630 0.0395 0.0401 0.0743 0.7803 0.0028
57 0.2296 0.2644 0.3906 0.0712 0.0316 0.0126
58 0.0273 0.0047 0.0305 0.0216 0.8901 0.0260
59 0.0384 0.0199 0.1888 0.0632 0.6694 0.0202
60 0.0612 0.0462 0.0128 0.0540 0.8062 0.0194
61 0.3674 0.0591 0.1183 0.0192 0.3850 0.0509
62 0.2400 0.1000 0.1000 0.0203 0.5000 0.0395
63 0.2286 0.2396 0.2632 0.1547 0.0671 0.0468
64 0.1884 0.0992 0.0904 0.0177 0.5894 0.0151
65 0.2588 0.2017 0.2048 0.0143 0.3123 0.0081
66 0.2563 0.0663 0.1086 0.0350 0.2563 0.2773
67 0.0844 0.0956 0.0585 0.0136 0.7466 0.0013
68 0.0253 0.0179 0.0579 0.0284 0.8369 0.0335
69 0.0293 0.0464 0.0440 0.0198 0.8496 0.0107
70 0.0494 0.2081 0.1323 0.1866 0.3950 0.0284
71 0.0517 0.1361 0.1210 0.0390 0.6440 0.0080
72 0.0519 0.1024 0.0704 0.0192 0.7510 0.0049
73 0.0695 0.1191 0.1059 0.0477 0.6436 0.0141
74 0.3157 0.1945 0.2498 0.0357 0.1716 0.0327
75 0.0264 0.0063 0.0229 0.0031 0.9297 0.0117
76 0.1995 0.1172 0.3188 0.0668 0.2812 0.0164
77 0.1648 0.0698 0.2761 0.0616 0.3892 0.0385
78 0.0476 0.0108 0.0337 0.0030 0.8975 0.0074
79 0.2317 0.3730 0.1361 0.0039 0.2372 0.0181
80 0.0757 0.0871 0.1873 0.5503 0.0283 0.0711
81 0.1136 0.1553 0.1349 0.1288 0.0181 0.4492
82 0.1250 0.4263 0.3069 0.1053 0.0121 0.0244
83 0.4377 0.1284 0.1525 0.1853 0.0698 0.0263
84 0.5337 0.1482 0.1415 0.1060 0.0474 0.0233
85 0.2971 0.1182 0.1043 0.3213 0.1248 0.0344
86 0.2673 0.2360 0.1781 0.2083 0.0472 0.0630
87 0.2986 0.1008 0.0720 0.4482 0.0410 0.0392
88 0.0907 0.1240 0.1472 0.5220 0.0529 0.0633
89 0.1975 0.1025 0.3308 0.3157 0.0230 0.0308
90 0.1401 0.2023 0.3899 0.1217 0.1074 0.0386
91 0.0717 0.2224 0.1732 0.3186 0.1093 0.1050
92 0.0639 0.0419 0.0475 0.7905 0.0224 0.0337
93 0.0596 0.3430 0.2888 0.2048 0.0252 0.0784
94 0.0887 0.0564 0.0834 0.3145 0.4233 0.0337
95 0.0603 0.0642 0.2009 0.4060 0.2386 0.0299
96 0.0342 0.0375 0.1791 0.6655 0.0138 0.0701
97 0.0604 0.0907 0.1543 0.4905 0.1472 0.0568
98 0.0499 0.0682 0.1796 0.5361 0.1235 0.0427
99 0.0350 0.0945 0.1793 0.5439 0.1006 0.0468
100 0.1295 0.0454 0.5449 0.2168 0.0133 0.0499
101 0.1740 0.0797 0.1158 0.4583 0.1583 0.0141
102 0.2231 0.3003 0.3511 0.0153 0.0765 0.0339
103 0.2212 0.1863 0.2062 0.0277 0.2886 0.0701
104 0.0287 0.0751 0.2922 0.2207 0.3418 0.0415
105 0.1362 0.0852 0.4260 0.2505 0.0207 0.0813
106 0.1991 0.0607 0.0970 0.4778 0.0986 0.0667
107 0.1276 0.1357 0.1237 0.3108 0.2498 0.0524
108 0.1251 0.1078 0.2671 0.2179 0.0675 0.2146
109 0.1964 0.0604 0.2483 0.2903 0.1278 0.0769
110 0.1390 0.1458 0.3442 0.1871 0.1118 0.0721
111 0.0460 0.1394 0.4160 0.1847 0.0264 0.1875
112 0.0463 0.0979 0.6187 0.1381 0.0695 0.0294
113 0.0629 0.1462 0.1968 0.4949 0.0106 0.0887
114 0.0624 0.0246 0.0436 0.0147 0.8223 0.0324
115 0.0606 0.1262 0.3770 0.3486 0.0327 0.0551
116 0.1707 0.0326 0.1136 0.4224 0.0613 0.1995
117 0.0617 0.0466 0.1504 0.6846 0.0331 0.0234
118 0.0731 0.0969 0.2051 0.5405 0.0487 0.0356
119 0.2468 0.0853 0.2111 0.4006 0.0378 0.0184
120 0.0482 0.1120 0.0619 0.0701 0.6860 0.0217
121 0.2229 0.2263 0.1555 0.0654 0.1936 0.1362
122 0.2332 0.2522 0.1119 0.0258 0.3394 0.0378
123 0.0518 0.0410 0.0829 0.0237 0.7861 0.0143
124 0.0660 0.0461 0.1072 0.0539 0.7212 0.0057
125 0.0818 0.0711 0.2856 0.0818 0.4426 0.0369
126 0.0493 0.0252 0.0865 0.0344 0.7837 0.0209
127 0.1991 0.2039 0.1930 0.1357 0.1827 0.0856
128 0.1688 0.1466 0.2101 0.1943 0.1825 0.0977
129 0.1212 0.3564 0.1792 0.1251 0.1820 0.0361
130 0.1620 0.1510 0.1821 0.0171 0.3916 0.0960
131 0.1992 0.0721 0.2367 0.0231 0.3184 0.1504
132 0.3240 0.2996 0.1129 0.0207 0.2175 0.0252
133 0.0607 0.0589 0.0646 0.0374 0.7754 0.0028
134 0.0402 0.0643 0.0493 0.0296 0.8076 0.0090
135 0.1460 0.0914 0.0590 0.0599 0.6147 0.0292
136 0.4067 0.0493 0.0770 0.3704 0.0758 0.0209
137 0.3359 0.3413 0.1538 0.1276 0.0128 0.0287
138 0.5605 0.0930 0.2864 0.0429 0.0099 0.0076
139 0.1621 0.0895 0.0895 0.0209 0.6309 0.0071
140 0.1814 0.1678 0.3135 0.2725 0.0352 0.0296
141 0.1172 0.0459 0.2090 0.0405 0.5684 0.0191
142 0.1111 0.0880 0.4263 0.0240 0.3218 0.0290
143 0.0856 0.0699 0.3835 0.2720 0.0315 0.1575
144 0.0704 0.5986 0.2698 0.0374 0.0232 0.0009
145 0.1566 0.0236 0.2388 0.0604 0.2502 0.2705
146 0.1796 0.2739 0.0692 0.0120 0.3572 0.1081
147 0.1095 0.1281 0.3269 0.2546 0.1241 0.0568
148 0.1136 0.1553 0.1349 0.1288 0.0181 0.4492
149 0.2261 0.1229 0.5425 0.0590 0.0151 0.0347
150 0.3311 0.2788 0.2153 0.0151 0.1379 0.0218
151 0.1439 0.4099 0.2646 0.0922 0.0833 0.0062
152 0.3047 0.2954 0.1892 0.0216 0.1764 0.0129
153 0.0933 0.3867 0.3254 0.0407 0.1274 0.0263
154 0.0944 0.2335 0.3792 0.1416 0.1310 0.0204
155 0.1949 0.2314 0.0950 0.0482 0.4062 0.0242
156 0.0446 0.0356 0.0719 0.3174 0.4993 0.0314
157 0.1819 0.1310 0.1450 0.0153 0.4294 0.0974
158 0.1104 0.0453 0.2229 0.5518 0.0132 0.0564
159 0.6255 0.0649 0.0654 0.1821 0.0350 0.0269
160 0.6821 0.0457 0.0703 0.1282 0.0457 0.0279
161 0.6045 0.0589 0.0825 0.1577 0.0199 0.0763
162 0.7769 0.0375 0.0415 0.0928 0.0375 0.0139
163 0.1223 0.3325 0.4473 0.0742 0.0206 0.0032
164 0.1401 0.4250 0.2659 0.0500 0.0948 0.0242
165 0.0970 0.1346 0.2152 0.4700 0.0112 0.0721
166 0.1503 0.0933 0.2402 0.0173 0.4216 0.0774
167 0.1605 0.0409 0.1763 0.0258 0.4434 0.1532
168 0.0480 0.0325 0.0330 0.0330 0.8384 0.0151
169 0.0645 0.0403 0.0506 0.0329 0.7979 0.0138
170 0.1934 0.0972 0.2812 0.3787 0.0279 0.0215
171 0.5415 0.0870 0.0994 0.0570 0.1960 0.0193
172 0.6094 0.1199 0.1436 0.0187 0.1034 0.0053
173 0.0809 0.1224 0.3599 0.3489 0.0100 0.0778
174 0.0659 0.0873 0.2195 0.4504 0.0164 0.1605
175 0.3081 0.3547 0.2118 0.0417 0.0792 0.0046
176 0.3147 0.3887 0.1499 0.0708 0.0635 0.0123
177 0.1759 0.2480 0.0964 0.0617 0.4089 0.0090
178 0.1487 0.2412 0.3916 0.1969 0.0127 0.0090
179 0.2472 0.3325 0.1672 0.0091 0.2322 0.0118
180 0.1119 0.1019 0.6050 0.1415 0.0256 0.0140
181 0.2377 0.1559 0.4839 0.0888 0.0200 0.0138
182 0.0618 0.0452 0.0972 0.6143 0.1530 0.0283
183 0.1993 0.1083 0.2520 0.0188 0.3782 0.0434
184 0.0849 0.0786 0.1274 0.0798 0.6079 0.0213
185 0.5166 0.0678 0.0431 0.1704 0.1901 0.0119
186 0.0686 0.1204 0.3027 0.2629 0.0675 0.1779
187 0.3906 0.1680 0.1182 0.0114 0.2664 0.0452
188 0.2905 0.4360 0.1776 0.0031 0.0832 0.0096
189 0.0527 0.0656 0.0704 0.0651 0.7388 0.0075
190 0.6494 0.0813 0.1449 0.0470 0.0546 0.0229
191 0.7100 0.0882 0.0999 0.0249 0.0676 0.0092
192 0.0359 0.5151 0.0991 0.1431 0.2050 0.0016
193 0.0863 0.4849 0.1526 0.0162 0.2401 0.0199
194 0.0816 0.3862 0.1489 0.0263 0.3408 0.0161
195 0.1499 0.1559 0.0909 0.0109 0.5747 0.0175
196 0.0659 0.0638 0.1372 0.4644 0.0659 0.2029
197 0.1558 0.4009 0.2180 0.0203 0.1924 0.0126
198 0.2474 0.4480 0.1455 0.0210 0.1235 0.0146
199 0.0945 0.2491 0.4878 0.1039 0.0407 0.0239
200 0.5405 0.0761 0.0607 0.1729 0.0732 0.0767
201 0.1440 0.1241 0.5522 0.1140 0.0555 0.0101
202 0.5938 0.0767 0.1082 0.1324 0.0797 0.0091
203 0.7358 0.0746 0.0764 0.0399 0.0663 0.0070
204 0.0344 0.0117 0.0294 0.0097 0.9014 0.0135
205 0.1014 0.0560 0.0171 0.0094 0.7974 0.0188
206 0.0721 0.1390 0.3496 0.4216 0.0039 0.0135
207 0.0388 0.3027 0.2395 0.0742 0.2800 0.0649
208 0.1465 0.1796 0.1740 0.1313 0.3625 0.0060
209 0.0841 0.0506 0.0394 0.0809 0.6987 0.0464
210 0.3257 0.3308 0.0912 0.0052 0.2384 0.0085
211 0.1942 0.0621 0.1197 0.0917 0.3923 0.1399
212 0.0748 0.1071 0.2031 0.0601 0.5269 0.0279
213 0.0850 0.0762 0.0612 0.1256 0.6479 0.0041
214 0.1577 0.1873 0.1470 0.1163 0.3499 0.0418
215 0.1632 0.3376 0.3123 0.0382 0.1464 0.0026
216 0.0706 0.0369 0.0459 0.0209 0.8076 0.0179
217 0.1095 0.0521 0.0453 0.0155 0.7661 0.0115
218 0.3481 0.3025 0.2015 0.1232 0.0193 0.0051
219 0.1214 0.2866 0.2866 0.2610 0.0225 0.0218
220 0.5405 0.1637 0.2052 0.0515 0.0282 0.0106
221 0.6685 0.1316 0.0584 0.1058 0.0308 0.0050
222 0.1065 0.2327 0.5083 0.0970 0.0110 0.0447
223 0.0764 0.0501 0.2043 0.0361 0.5820 0.0509
224 0.3418 0.1732 0.1360 0.0086 0.2600 0.0806
225 0.3999 0.3091 0.1517 0.0070 0.1155 0.0169
226 0.3333 0.2419 0.2118 0.0134 0.1625 0.0371
227 0.5400 0.0454 0.0976 0.1177 0.1622 0.0368
228 0.6831 0.0748 0.0828 0.0322 0.1177 0.0094
229 0.1143 0.1562 0.3574 0.3464 0.0125 0.0129
230 0.1073 0.0354 0.1090 0.7222 0.0108 0.0155
231 0.2700 0.0955 0.0738 0.0351 0.4812 0.0444
232 0.2302 0.0660 0.0821 0.0337 0.5190 0.0692
233 0.2307 0.0365 0.0417 0.0440 0.5620 0.0849
234 0.0685 0.0329 0.0468 0.0302 0.7847 0.0370
235 0.1305 0.1285 0.2942 0.0247 0.4021 0.0200
236 0.3523 0.1945 0.2203 0.1091 0.0843 0.0395
237 0.4358 0.1875 0.2209 0.0980 0.0363 0.0214
238 0.4790 0.0826 0.1250 0.1230 0.1331 0.0572
239 0.5371 0.1180 0.1562 0.0963 0.0693 0.0231
240 0.1136 0.1553 0.1349 0.1288 0.0181 0.4492
241 0.5952 0.2025 0.0180 0.0134 0.1371 0.0338
242 0.5908 0.2042 0.0180 0.0135 0.1393 0.0341
243 0.5918 0.2045 0.0179 0.0136 0.1383 0.0342
244 0.5918 0.2045 0.0179 0.0136 0.1383 0.0342
245 0.5889 0.2036 0.0181 0.0141 0.1399 0.0354
246 0.5933 0.2018 0.0179 0.0138 0.1387 0.0348
247 0.5928 0.2017 0.0179 0.0139 0.1385 0.0353
248 0.5889 0.2036 0.0181 0.0141 0.1399 0.0354
249 0.5889 0.2036 0.0181 0.0141 0.1399 0.0354
250 0.5889 0.2036 0.0181 0.0141 0.1399 0.0354
