time exciting_prob fearful_prob tense_prob sad_prob relaxing_prob neutral_prob
0 0.1410 0.3831 0.2150 0.0969 0.1572 0.0069
1 0.1647 0.4441 0.2377 0.0615 0.0881 0.0038
2 0.1786 0.5171 0.1552 0.0733 0.0733 0.0027
3 0.1791 0.5186 0.1486 0.0712 0.0801 0.0027
4 0.4404 0.2395 0.2064 0.0479 0.0629 0.0028
5 0.1443 0.2654 0.1610 0.3572 0.0392 0.0327
6 0.1373 0.3972 0.2605 0.1655 0.0372 0.0022
7 0.1569 0.1406 0.5737 0.0981 0.0297 0.0012
8 0.1371 0.0734 0.6240 0.1328 0.0303 0.0023
9 0.1382 0.0558 0.6094 0.1693 0.0260 0.0013
10 0.1024 0.1040 0.4519 0.3154 0.0195 0.0068
11 0.1630 0.2859 0.3672 0.1249 0.0537 0.0052
12 0.2505 0.0729 0.3940 0.2427 0.0372 0.0028
13 0.1422 0.0192 0.3464 0.4734 0.0159 0.0028
14 0.1991 0.0519 0.5083 0.2256 0.0141 0.0011
15 0.0961 0.0447 0.7100 0.1293 0.0175 0.0026
16 0.1193 0.0609 0.6978 0.0901 0.0297 0.0024
17 0.1087 0.0713 0.1385 0.4541 0.0982 0.1292
18 0.0721 0.3035 0.3928 0.1285 0.0469 0.0562
19 0.0807 0.3591 0.2355 0.1923 0.0680 0.0644
20 0.0352 0.3965 0.2224 0.2900 0.0481 0.0078
21 0.1075 0.0504 0.6694 0.1360 0.0219 0.0150
22 0.0752 0.0614 0.5469 0.2793 0.0181 0.0189
23 0.1407 0.5396 0.0999 0.1453 0.0185 0.0560
24 0.4502 0.2688 0.0958 0.0228 0.1532 0.0092
25 0.1945 0.4417 0.2328 0.0243 0.1001 0.0065
26 0.0279 0.0735 0.1289 0.2372 0.0063 0.5264
27 0.1855 0.2576 0.1444 0.0575 0.1637 0.1914
28 0.1207 0.4348 0.2896 0.0317 0.0368 0.0863
29 0.1921 0.4197 0.2429 0.0270 0.0412 0.0770
30 0.1471 0.0545 0.0428 0.0964 0.0775 0.5815
31 0.0571 0.0710 0.0745 0.1218 0.0225 0.6533
32 0.0862 0.0939 0.0939 0.0882 0.0491 0.5889
33 0.0448 0.1757 0.2896 0.1826 0.0222 0.2852
34 0.1169 0.1245 0.2805 0.0804 0.2380 0.1598
35 0.0393 0.1921 0.2178 0.3372 0.0358 0.1777
36 0.1168 0.2632 0.1583 0.2891 0.0362 0.1365
37 0.2438 0.2874 0.0817 0.0651 0.1367 0.1854
38 0.0287 0.3289 0.1459 0.1154 0.3669 0.0142
39 0.0291 0.0414 0.0811 0.2421 0.0257 0.5806
40 0.0482 0.0907 0.1580 0.2076 0.0240 0.4714
41 0.0566 0.0515 0.0652 0.1010 0.0466 0.6792
42 0.2639 0.1066 0.0905 0.1277 0.2922 0.1190
43 0.0501 0.5732 0.0966 0.1052 0.1044 0.0706
44 0.1066 0.0612 0.2439 0.2852 0.1562 0.1469
45 0.0938 0.0615 0.1594 0.0620 0.4370 0.1864
46 0.0895 0.1711 0.0867 0.5610 0.0106 0.0809
47 0.0372 0.0695 0.1052 0.1120 0.0467 0.6294
48 0.1208 0.0773 0.0919 0.3413 0.1930 0.1757
49 0.0479 0.4656 0.2065 0.0569 0.0228 0.2002
50 0.0167 0.0841 0.2715 0.4839 0.0028 0.1409
51 0.0519 0.3462 0.3923 0.0515 0.0420 0.1160
52 0.1183 0.3760 0.3242 0.0568 0.0550 0.0696
53 0.1220 0.3757 0.2316 0.0381 0.0537 0.1790
54 0.1144 0.2898 0.2766 0.0386 0.0603 0.2205
55 0.0122 0.0306 0.0272 0.0594 0.0104 0.8604
56 0.0440 0.0621 0.0810 0.7568 0.0190 0.0371
57 0.1423 0.3633 0.2681 0.0287 0.0352 0.1625
58 0.0323 0.1082 0.0732 0.0261 0.0089 0.7515
59 0.0050 0.0203 0.0114 0.0280 0.0093 0.9263
60 0.0988 0.3787 0.2028 0.1604 0.0679 0.0914
61 0.0465 0.1142 0.1107 0.0404 0.6172 0.0709
62 0.0267 0.2234 0.4172 0.2034 0.0022 0.1272
63 0.0150 0.2225 0.0516 0.0545 0.0226 0.6338
64 0.0532 0.0905 0.2700 0.0897 0.2070 0.2896
65 0.0568 0.1818 0.3044 0.0813 0.3345 0.0412
66 0.0296 0.4482 0.3491 0.0738 0.0519 0.0472
67 0.0266 0.2876 0.1639 0.1412 0.3015 0.0792
68 0.0268 0.5171 0.3499 0.0236 0.0781 0.0044
69 0.0264 0.1646 0.0479 0.0815 0.0388 0.6406
70 0.0129 0.0394 0.0207 0.0801 0.0118 0.8350
71 0.0324 0.5034 0.1195 0.1168 0.1809 0.0472
72 0.1057 0.2852 0.1041 0.1550 0.3181 0.0320
73 0.0949 0.4287 0.2971 0.0516 0.1003 0.0274
74 0.0277 0.3945 0.1375 0.0634 0.3679 0.0089
75 0.0254 0.3613 0.3289 0.1603 0.0957 0.0285
76 0.0264 0.0871 0.0387 0.1209 0.0418 0.6851
77 0.0130 0.0591 0.0114 0.0563 0.0258 0.8345
78 0.0107 0.0336 0.0066 0.0627 0.0067 0.8794
79 0.0322 0.0611 0.0113 0.0552 0.0230 0.8174
80 0.0258 0.6450 0.2449 0.0538 0.0173 0.0132
81 0.0146 0.2002 0.1971 0.4109 0.0650 0.1123
82 0.0479 0.5830 0.0777 0.0789 0.1923 0.0204
83 0.1345 0.2435 0.0910 0.3542 0.0720 0.1047
84 0.3103 0.3599 0.1636 0.0977 0.0626 0.0060
85 0.0678 0.2769 0.0751 0.1075 0.4353 0.0374
86 0.0507 0.1770 0.0992 0.4050 0.1913 0.0767
87 0.1139 0.1644 0.1062 0.2954 0.2015 0.1185
88 0.0336 0.4155 0.0995 0.0554 0.0116 0.3843
89 0.0172 0.1211 0.0302 0.1461 0.0256 0.6597
90 0.0145 0.1782 0.0465 0.0269 0.0179 0.7158
91 0.0938 0.3350 0.1570 0.2001 0.1054 0.1088
92 0.0693 0.5039 0.1514 0.1624 0.0761 0.0368
93 0.0232 0.2800 0.1140 0.3828 0.0164 0.1836
94 0.0300 0.4724 0.2001 0.1685 0.0029 0.1262
95 0.0104 0.0255 0.0071 0.0359 0.0098 0.9116
96 0.0710 0.6226 0.0993 0.0940 0.0761 0.0368
97 0.0875 0.6992 0.0767 0.0611 0.0544 0.0210
98 0.1242 0.2649 0.0564 0.2163 0.1079 0.2302
99 0.1740 0.1132 0.1941 0.3459 0.1215 0.0514
100 0.1372 0.0845 0.2334 0.4790 0.0403 0.0256
101 0.1029 0.3455 0.4199 0.0538 0.0514 0.0264
102 0.0641 0.1626 0.1306 0.2329 0.0072 0.4023
103 0.0755 0.4114 0.1501 0.1421 0.0142 0.2068
104 0.2030 0.2195 0.2627 0.1683 0.1251 0.0212
105 0.1699 0.4441 0.2651 0.0708 0.0436 0.0065
106 0.1087 0.1301 0.3647 0.1498 0.0482 0.1984
107 0.1044 0.1709 0.3562 0.2487 0.0525 0.0674
108 0.1317 0.2366 0.3232 0.1412 0.1025 0.0647
109 0.1472 0.1876 0.2708 0.3318 0.0396 0.0229
110 0.1350 0.3613 0.3728 0.0460 0.0224 0.0623
111 0.2007 0.1930 0.1161 0.2830 0.1946 0.0125
112 0.1455 0.2783 0.2986 0.1421 0.0291 0.1064
113 0.1212 0.1021 0.2095 0.4832 0.0429 0.0412
114 0.0770 0.1104 0.1644 0.4197 0.0254 0.2030
115 0.1595 0.2756 0.4138 0.0530 0.0312 0.0670
116 0.1394 0.4001 0.2793 0.0460 0.0966 0.0387
117 0.1300 0.2795 0.3821 0.0364 0.0908 0.0814
118 0.1569 0.5474 0.2046 0.0337 0.0217 0.0358
119 0.0942 0.3445 0.2766 0.1447 0.0229 0.1172
120 0.1045 0.0997 0.2649 0.2710 0.0370 0.2230
121 0.1566 0.1238 0.2925 0.2769 0.0301 0.1201
122 0.1973 0.3276 0.2695 0.0939 0.0332 0.0784
123 0.1235 0.4885 0.2118 0.0527 0.0145 0.1090
124 0.2478 0.1613 0.2119 0.1587 0.2152 0.0051
125 0.0844 0.2834 0.3813 0.0818 0.0160 0.1530
126 0.0978 0.1826 0.3577 0.1770 0.1716 0.0133
127 0.1721 0.2666 0.3167 0.0928 0.1201 0.0318
128 0.0797 0.1910 0.3352 0.1488 0.0868 0.1584
129 0.0267 0.0496 0.1600 0.0933 0.0523 0.6182
130 0.0288 0.0600 0.1450 0.1021 0.0582 0.6060
131 0.0349 0.1348 0.5249 0.1256 0.0055 0.1744
132 0.0170 0.0344 0.0668 0.0594 0.0276 0.7949
133 0.0260 0.0483 0.0895 0.1487 0.0314 0.6562
134 0.0371 0.0739 0.1829 0.2766 0.0270 0.4026
135 0.0279 0.1173 0.1844 0.2603 0.0072 0.4031
136 0.0724 0.1006 0.2451 0.0660 0.0169 0.4990
137 0.0542 0.1406 0.2449 0.2732 0.0224 0.2646
138 0.0471 0.1643 0.2144 0.1310 0.0170 0.4263
139 0.0203 0.4106 0.4106 0.1114 0.0021 0.0450
140 0.0387 0.0839 0.1721 0.2793 0.0132 0.4128
141 0.0697 0.2844 0.3828 0.1167 0.0100 0.1365
142 0.0428 0.4387 0.3416 0.1296 0.0064 0.0408
143 0.0754 0.2146 0.3540 0.2285 0.0254 0.1022
144 0.1426 0.4531 0.2261 0.0701 0.1044 0.0036
145 0.0373 0.0569 0.1671 0.0730 0.0050 0.6606
146 0.0248 0.0747 0.1005 0.0959 0.0066 0.6978
147 0.1063 0.4272 0.2396 0.1523 0.0277 0.0468
148 0.0751 0.6006 0.2622 0.0306 0.0220 0.0094
149 0.1214 0.5747 0.1954 0.0640 0.0164 0.0282
150 0.2656 0.4626 0.0575 0.0940 0.0911 0.0289
151 0.0955 0.5894 0.1636 0.1000 0.0186 0.0330
152 0.0619 0.1193 0.1427 0.1373 0.0207 0.5181
153 0.0792 0.1587 0.0992 0.2327 0.3206 0.1099
154 0.0732 0.4963 0.2101 0.1688 0.0249 0.0267
155 0.1098 0.4482 0.2167 0.1421 0.0374 0.0458
156 0.1053 0.2729 0.3533 0.1848 0.0350 0.0486
157 0.1750 0.3193 0.3975 0.0559 0.0425 0.0097
158 0.1757 0.2786 0.3662 0.0955 0.0392 0.0448
159 0.0199 0.1310 0.2246 0.1202 0.0577 0.4465
160 0.0307 0.1185 0.2668 0.1558 0.0718 0.3564
161 0.1002 0.0963 0.1962 0.3496 0.1527 0.1050
162 0.0634 0.1053 0.1251 0.5103 0.1175 0.0782
163 0.0350 0.1765 0.1752 0.0916 0.0778 0.4438
164 0.0945 0.3098 0.4233 0.0894 0.0461 0.0370
165 0.1853 0.3892 0.2676 0.0822 0.0343 0.0414
166 0.0081 0.0061 0.0154 0.0051 0.9551 0.0102
167 0.0428 0.5996 0.1370 0.0745 0.1219 0.0240
168 0.0357 0.0985 0.0565 0.0631 0.6836 0.0626
169 0.1400 0.1057 0.0293 0.0688 0.0238 0.6323
170 0.0620 0.4043 0.2981 0.1396 0.0189 0.0771
171 0.0744 0.0986 0.0673 0.0408 0.6899 0.0291
172 0.0173 0.1277 0.0408 0.0294 0.0386 0.7461
173 0.0215 0.0103 0.0145 0.0233 0.9287 0.0017
174 0.0129 0.0557 0.0193 0.0473 0.0134 0.8516
175 0.0464 0.2693 0.0975 0.0670 0.0861 0.4336
176 0.0269 0.5151 0.1534 0.2571 0.0173 0.0302
177 0.0371 0.4553 0.2325 0.1825 0.0215 0.0709
178 0.0261 0.1898 0.2085 0.4697 0.0027 0.1032
179 0.0614 0.2213 0.2649 0.0316 0.1581 0.2627
180 0.0765 0.4006 0.3047 0.0853 0.0078 0.1251
181 0.0070 0.0055 0.0063 0.0012 0.9673 0.0127
182 0.0057 0.0059 0.0026 0.0009 0.9775 0.0076
183 0.0678 0.4634 0.1602 0.1759 0.0524 0.0805
184 0.0267 0.4346 0.1637 0.2202 0.0284 0.1265
185 0.0203 0.2085 0.0862 0.0969 0.0557 0.5322
186 0.0450 0.1311 0.0718 0.0364 0.0394 0.6763
187 0.0540 0.2072 0.3579 0.0705 0.1564 0.1539
188 0.0270 0.1949 0.3970 0.0361 0.0432 0.3020
189 0.0417 0.3057 0.3718 0.0307 0.0646 0.1854
190 0.0367 0.0967 0.0795 0.1451 0.3706 0.2712
191 0.0573 0.3120 0.2429 0.1070 0.0202 0.2607
192 0.0300 0.3127 0.3225 0.0797 0.0754 0.1796
193 0.0520 0.2788 0.4216 0.0441 0.0750 0.1285
194 0.0181 0.1575 0.0499 0.0715 0.0139 0.6890
195 0.0876 0.3630 0.3716 0.0434 0.0447 0.0897
196 0.0054 0.0087 0.0051 0.0007 0.9678 0.0121
197 0.0271 0.4768 0.2893 0.0472 0.0671 0.0925
198 0.0799 0.3638 0.3337 0.0374 0.0857 0.0994
199 0.0295 0.0737 0.0991 0.1355 0.0058 0.6562
200 0.0746 0.3423 0.3140 0.0294 0.0806 0.1592
201 0.0829 0.4846 0.2717 0.0251 0.0565 0.0791
202 0.0432 0.1129 0.0452 0.0501 0.0187 0.7300
203 0.0202 0.5537 0.2418 0.0593 0.0698 0.0552
204 0.0597 0.1958 0.2849 0.0773 0.1016 0.2805
205 0.0837 0.0956 0.1412 0.2120 0.4631 0.0042
206 0.0346 0.0898 0.1025 0.1266 0.0516 0.5947
207 0.1159 0.3772 0.2269 0.0924 0.1838 0.0039
208 0.0585 0.1329 0.2542 0.1329 0.1693 0.2522
209 0.1068 0.0717 0.0599 0.0214 0.7241 0.0163
210 0.0154 0.0191 0.0851 0.0632 0.0033 0.8140
211 0.1636 0.2117 0.1031 0.0925 0.3894 0.0398
212 0.0209 0.0362 0.1038 0.0282 0.8042 0.0067
213 0.2340 0.2358 0.0895 0.1293 0.2891 0.0225
214 0.0631 0.5322 0.1649 0.1675 0.0303 0.0417
215 0.0850 0.0732 0.2023 0.2328 0.0488 0.3579
216 0.0497 0.4949 0.1417 0.0324 0.2649 0.0165
217 0.0712 0.3452 0.2627 0.0624 0.1764 0.0820
218 0.0215 0.3291 0.0501 0.0339 0.0270 0.5386
219 0.0142 0.3381 0.0359 0.0163 0.0245 0.5708
220 0.1849 0.2393 0.1533 0.1157 0.0923 0.2145
221 0.0854 0.2629 0.2957 0.1851 0.0103 0.1608
222 0.0573 0.3740 0.4138 0.0742 0.0479 0.0327
223 0.0101 0.1841 0.2310 0.1915 0.1730 0.2103
224 0.0346 0.6538 0.1287 0.0787 0.0251 0.0793
225 0.1125 0.3867 0.1490 0.2852 0.0315 0.0351
226 0.0475 0.5347 0.2111 0.1643 0.0299 0.0125
227 0.1616 0.1202 0.1604 0.4429 0.0833 0.0316
228 0.0301 0.0723 0.3240 0.2092 0.2524 0.1120
229 0.0512 0.0839 0.1438 0.2043 0.1720 0.3447
230 0.1290 0.0951 0.3618 0.3506 0.0250 0.0384
231 0.1924 0.1262 0.2214 0.3979 0.0198 0.0423
232 0.1685 0.2469 0.3147 0.2284 0.0309 0.0108
233 0.2268 0.0655 0.1088 0.5034 0.0841 0.0115
234 0.0270 0.1373 0.3589 0.2710 0.0281 0.1777
235 0.0217 0.0997 0.1984 0.1029 0.0164 0.5605
236 0.2037 0.1703 0.2576 0.2720 0.0726 0.0236
237 0.1714 0.1973 0.1674 0.4016 0.0487 0.0137
238 0.0287 0.1117 0.1652 0.0850 0.0242 0.5854
239 0.0262 0.1516 0.2812 0.1190 0.0466 0.3755
240 0.1487 0.0665 0.0789 0.4614 0.1522 0.0923
241 0.1051 0.3611 0.2769 0.0831 0.0906 0.0831
242 0.0994 0.2598 0.2384 0.1296 0.0504 0.2223
243 0.1647 0.2844 0.2181 0.2844 0.0230 0.0253
244 0.1542 0.0928 0.2881 0.3877 0.0425 0.0347
245 0.5039 0.0276 0.1825 0.2307 0.0476 0.0076
246 0.2206 0.1296 0.3994 0.2008 0.0255 0.0242
247 0.3640 0.1019 0.3264 0.1483 0.0567 0.0027
248 0.0967 0.0577 0.4402 0.3767 0.0188 0.0099
