time exciting_prob fearful_prob tense_prob sad_prob relaxing_prob neutral_prob
0 0.1136 0.1553 0.1349 0.1288 0.0181 0.4492
1 0.0680 0.0439 0.2229 0.6060 0.0393 0.0199
2 0.0435 0.0264 0.1747 0.6909 0.0209 0.0435
3 0.1331 0.3398 0.3000 0.1406 0.0820 0.0044
4 0.1309 0.1680 0.4673 0.1918 0.0390 0.0031
5 0.0557 0.6782 0.1073 0.1160 0.0383 0.0045
6 0.1270 0.6299 0.0981 0.0624 0.0782 0.0043
7 0.0867 0.4441 0.1547 0.2415 0.0578 0.0153
8 0.0512 0.2139 0.3997 0.2207 0.0878 0.0268
9 0.0808 0.5029 0.2957 0.1088 0.0078 0.0041
10 0.1032 0.1305 0.3777 0.2290 0.1389 0.0208
11 0.0928 0.5552 0.2583 0.0653 0.0217 0.0065
12 0.0724 0.3762 0.3269 0.2078 0.0154 0.0012
13 0.0607 0.1652 0.4705 0.2402 0.0598 0.0038
14 0.1906 0.2061 0.3560 0.1531 0.0936 0.0007
15 0.0714 0.3252 0.4658 0.1080 0.0130 0.0167
16 0.0306 0.3372 0.4905 0.1321 0.0040 0.0056
17 0.0179 0.5034 0.4478 0.0257 0.0029 0.0022
18 0.1669 0.1069 0.2317 0.4128 0.0576 0.0240
19 0.1343 0.1241 0.2079 0.4009 0.0938 0.0391
20 0.0897 0.1868 0.1840 0.4922 0.0362 0.0112
21 0.1633 0.1168 0.0975 0.5439 0.0367 0.0416
22 0.0873 0.1184 0.5474 0.2318 0.0070 0.0079
23 0.0947 0.0993 0.5410 0.2556 0.0076 0.0020
24 0.1726 0.4514 0.2234 0.0606 0.0875 0.0044
25 0.1132 0.2717 0.0503 0.4409 0.0999 0.0239
26 0.3142 0.3345 0.0886 0.1342 0.1174 0.0109
27 0.1860 0.3701 0.1044 0.2544 0.0819 0.0034
28 0.1493 0.4319 0.1381 0.2104 0.0589 0.0115
29 0.1278 0.3643 0.2881 0.1919 0.0272 0.0007
30 0.0764 0.5601 0.1384 0.2159 0.0079 0.0011
31 0.0691 0.6304 0.1204 0.1737 0.0057 0.0006
32 0.2452 0.4546 0.1262 0.1282 0.0446 0.0011
33 0.1809 0.5034 0.0560 0.1941 0.0578 0.0077
34 0.1702 0.5366 0.1151 0.1284 0.0392 0.0106
35 0.2754 0.0638 0.2468 0.3882 0.0145 0.0114
36 0.1658 0.1021 0.2566 0.4504 0.0149 0.0100
37 0.1465 0.3225 0.2251 0.2532 0.0420 0.0110
38 0.1259 0.5601 0.1803 0.1220 0.0049 0.0069
39 0.0757 0.7124 0.0751 0.1238 0.0085 0.0043
40 0.0308 0.5249 0.0528 0.3779 0.0073 0.0064
41 0.0408 0.5337 0.0470 0.3611 0.0126 0.0048
42 0.1281 0.3853 0.3000 0.1521 0.0290 0.0056
43 0.1234 0.4043 0.2913 0.1595 0.0162 0.0052
44 0.1199 0.3418 0.1002 0.4058 0.0268 0.0056
45 0.1388 0.3435 0.2117 0.2512 0.0317 0.0230
46 0.1448 0.1802 0.1602 0.4858 0.0281 0.0010
47 0.0606 0.2455 0.0992 0.5620 0.0128 0.0198
48 0.1278 0.4126 0.1816 0.2463 0.0107 0.0210
49 0.0748 0.3711 0.1420 0.3950 0.0136 0.0038
50 0.1213 0.4009 0.2047 0.2629 0.0099 0.0005
51 0.1577 0.1092 0.0411 0.5723 0.0580 0.0617
52 0.0667 0.1370 0.1814 0.5586 0.0408 0.0154
53 0.2026 0.2191 0.1506 0.3501 0.0360 0.0415
54 0.1176 0.7261 0.1038 0.0385 0.0123 0.0020
55 0.1002 0.2642 0.2122 0.3608 0.0536 0.0090
56 0.1456 0.2830 0.2496 0.2419 0.0721 0.0078
57 0.2839 0.0908 0.3733 0.2354 0.0065 0.0103
58 0.2998 0.2372 0.3533 0.0922 0.0080 0.0094
59 0.2422 0.1857 0.3184 0.2275 0.0106 0.0159
60 0.0536 0.1414 0.1349 0.5952 0.0088 0.0662
61 0.1653 0.3638 0.1732 0.2443 0.0280 0.0255
62 0.1173 0.4392 0.2426 0.1904 0.0040 0.0064
63 0.1133 0.2871 0.3408 0.2474 0.0046 0.0069
64 0.2163 0.2377 0.2001 0.2888 0.0475 0.0095
65 0.1182 0.2041 0.0184 0.6338 0.0201 0.0055
66 0.2424 0.1888 0.0366 0.5132 0.0129 0.0060
67 0.3535 0.1271 0.4758 0.0367 0.0034 0.0035
68 0.3044 0.2061 0.3848 0.0859 0.0113 0.0076
69 0.1216 0.4927 0.0817 0.2720 0.0249 0.0071
70 0.0716 0.1564 0.3364 0.4185 0.0115 0.0056
71 0.1106 0.2341 0.2018 0.4238 0.0243 0.0054
72 0.1395 0.3943 0.0582 0.2839 0.1221 0.0018
73 0.1531 0.1735 0.2861 0.3672 0.0051 0.0150
74 0.0763 0.2208 0.1615 0.4976 0.0294 0.0143
75 0.0610 0.3325 0.1079 0.4475 0.0284 0.0228
76 0.0827 0.1429 0.1475 0.5562 0.0436 0.0271
77 0.1261 0.2712 0.2932 0.2932 0.0111 0.0050
78 0.1655 0.2245 0.3318 0.2625 0.0128 0.0031
79 0.2080 0.0909 0.2629 0.3708 0.0494 0.0179
80 0.1403 0.0493 0.2386 0.5376 0.0165 0.0176
81 0.1273 0.4658 0.2003 0.1700 0.0291 0.0075
82 0.1165 0.4644 0.2817 0.1052 0.0283 0.0040
83 0.0855 0.5801 0.2306 0.0903 0.0091 0.0046
84 0.1270 0.4263 0.2014 0.2178 0.0254 0.0022
85 0.1489 0.1254 0.3518 0.3303 0.0257 0.0178
86 0.0572 0.2927 0.2622 0.3066 0.0740 0.0073
87 0.0788 0.5513 0.1832 0.1580 0.0124 0.0163
88 0.1113 0.2267 0.3457 0.2529 0.0538 0.0097
89 0.0621 0.2084 0.2698 0.3716 0.0767 0.0118
90 0.0634 0.2211 0.2708 0.4067 0.0180 0.0201
91 0.0847 0.0990 0.3196 0.4436 0.0339 0.0192
92 0.4062 0.0387 0.2042 0.3213 0.0131 0.0165
93 0.2137 0.0441 0.4741 0.2384 0.0180 0.0118
94 0.1947 0.1075 0.5210 0.1589 0.0123 0.0055
95 0.1339 0.0751 0.5215 0.2313 0.0285 0.0097
96 0.2010 0.1505 0.1844 0.3640 0.0906 0.0093
97 0.1951 0.0685 0.2930 0.3704 0.0262 0.0471
98 0.1846 0.2903 0.2502 0.1964 0.0679 0.0107
99 0.0363 0.3440 0.2988 0.3037 0.0085 0.0086
100 0.1702 0.2438 0.2118 0.2344 0.1245 0.0153
101 0.1473 0.4539 0.2468 0.1231 0.0171 0.0118
102 0.1389 0.3716 0.3545 0.0856 0.0392 0.0102
103 0.2098 0.2913 0.1431 0.2778 0.0269 0.0510
104 0.1052 0.1394 0.4790 0.2646 0.0107 0.0011
105 0.1268 0.1119 0.6240 0.1136 0.0196 0.0038
106 0.0554 0.0428 0.0567 0.7891 0.0204 0.0355
107 0.0718 0.1473 0.4004 0.3425 0.0101 0.0279
108 0.1404 0.2542 0.1288 0.4158 0.0459 0.0153
109 0.1045 0.0275 0.2111 0.6016 0.0119 0.0436
110 0.0735 0.1440 0.1908 0.5435 0.0432 0.0051
111 0.0805 0.1458 0.3337 0.3442 0.0948 0.0009
112 0.1791 0.3479 0.2029 0.1921 0.0605 0.0175
113 0.0750 0.2439 0.1422 0.4521 0.0779 0.0087
114 0.0360 0.2483 0.1680 0.5337 0.0061 0.0077
115 0.4231 0.2798 0.1805 0.0586 0.0551 0.0028
116 0.2052 0.2554 0.1840 0.3279 0.0215 0.0062
117 0.0830 0.3359 0.1389 0.4053 0.0289 0.0079
118 0.2739 0.3054 0.2100 0.1225 0.0583 0.0298
119 0.0963 0.1436 0.2766 0.4153 0.0647 0.0036
120 0.0376 0.0256 0.1533 0.7427 0.0364 0.0044
121 0.1116 0.1335 0.0420 0.6729 0.0170 0.0230
122 0.1771 0.2742 0.0817 0.4417 0.0138 0.0114
123 0.1266 0.1639 0.1704 0.4490 0.0575 0.0325
124 0.0598 0.1870 0.1503 0.5850 0.0084 0.0094
125 0.1707 0.3696 0.1903 0.2107 0.0256 0.0331
126 0.1974 0.3926 0.2151 0.1586 0.0315 0.0051
127 0.0994 0.0751 0.1801 0.5547 0.0383 0.0524
128 0.0487 0.2571 0.2305 0.4307 0.0239 0.0091
129 0.0612 0.0341 0.0095 0.8857 0.0071 0.0022
130 0.0623 0.1259 0.0920 0.6489 0.0520 0.0188
131 0.0329 0.1071 0.0725 0.7554 0.0225 0.0095
132 0.1930 0.2439 0.1650 0.2830 0.0876 0.0276
133 0.2247 0.0894 0.1061 0.4539 0.1166 0.0093
134 0.1854 0.3687 0.0939 0.2939 0.0317 0.0263
135 0.2319 0.2649 0.0629 0.4006 0.0316 0.0080
136 0.1520 0.5142 0.1331 0.1722 0.0258 0.0030
137 0.0387 0.1788 0.2444 0.5254 0.0122 0.0005
138 0.2103 0.1587 0.1171 0.4214 0.0905 0.0020
139 0.1775 0.6099 0.0825 0.0965 0.0331 0.0008
140 0.2260 0.3088 0.1392 0.2900 0.0240 0.0121
141 0.0759 0.2129 0.0252 0.6455 0.0288 0.0118
142 0.1727 0.2493 0.0602 0.4768 0.0291 0.0119
143 0.3784 0.3237 0.0402 0.2332 0.0217 0.0027
144 0.1719 0.2703 0.2207 0.2386 0.0884 0.0101
145 0.2126 0.1819 0.4431 0.1230 0.0306 0.0086
146 0.0557 0.1826 0.2102 0.4849 0.0434 0.0232
147 0.0739 0.5332 0.1992 0.1827 0.0094 0.0017
148 0.1572 0.3379 0.1409 0.3433 0.0189 0.0016
149 0.0158 0.4795 0.4575 0.0277 0.0157 0.0037
150 0.0316 0.6060 0.3218 0.0246 0.0137 0.0024
151 0.1180 0.6382 0.2104 0.0247 0.0084 0.0003
152 0.1534 0.1595 0.3328 0.2891 0.0457 0.0195
153 0.1205 0.4014 0.2759 0.1123 0.0176 0.0725
154 0.0754 0.5889 0.2983 0.0320 0.0049 0.0006
155 0.1340 0.4128 0.2666 0.1383 0.0467 0.0015
156 0.1329 0.2664 0.2622 0.2445 0.0674 0.0264
157 0.1019 0.5464 0.3289 0.0107 0.0113 0.0010
158 0.1710 0.5146 0.2213 0.0789 0.0106 0.0034
159 0.0630 0.2612 0.1853 0.4807 0.0096 0.0002
160 0.5698 0.1738 0.1808 0.0494 0.0219 0.0042
161 0.0843 0.4929 0.1587 0.2556 0.0081 0.0004
162 0.1558 0.4104 0.2822 0.1440 0.0071 0.0004
163 0.1135 0.4851 0.3083 0.0756 0.0166 0.0008
164 0.0969 0.5078 0.2676 0.1197 0.0070 0.0010
165 0.0560 0.1646 0.1865 0.5742 0.0159 0.0027
166 0.0403 0.2113 0.1407 0.6021 0.0043 0.0011
167 0.0361 0.4941 0.1085 0.3560 0.0026 0.0029
168 0.1809 0.3682 0.0834 0.0976 0.2695 0.0004
169 0.1539 0.1772 0.1126 0.5459 0.0023 0.0080
170 0.0855 0.2200 0.1489 0.5278 0.0031 0.0147
171 0.1005 0.2527 0.4470 0.1877 0.0063 0.0058
172 0.2465 0.2563 0.3877 0.0965 0.0090 0.0039
173 0.0770 0.3020 0.2837 0.3066 0.0235 0.0073
174 0.0729 0.3789 0.2644 0.2644 0.0129 0.0066
175 0.2411 0.2585 0.2195 0.1863 0.0052 0.0894
176 0.1753 0.3652 0.3828 0.0348 0.0282 0.0136
177 0.1460 0.5220 0.2262 0.0576 0.0276 0.0207
178 0.2329 0.4153 0.1266 0.1731 0.0296 0.0225
179 0.4417 0.1650 0.2365 0.0532 0.0431 0.0607
180 0.6016 0.1353 0.1078 0.0644 0.0827 0.0081
181 0.4990 0.1909 0.1534 0.0828 0.0514 0.0224
182 0.5991 0.0607 0.0843 0.1189 0.1058 0.0312
183 0.4368 0.3735 0.1301 0.0148 0.0397 0.0049
184 0.5396 0.2338 0.0514 0.0364 0.1292 0.0099
185 0.2195 0.4683 0.1833 0.1070 0.0146 0.0072
186 0.0671 0.6675 0.1225 0.1263 0.0083 0.0081
187 0.2549 0.6113 0.0388 0.0578 0.0340 0.0032
188 0.1409 0.4917 0.1055 0.2454 0.0104 0.0060
189 0.1101 0.2600 0.2480 0.3040 0.0181 0.0598
190 0.1166 0.3169 0.1710 0.3323 0.0209 0.0422
191 0.0717 0.5425 0.3530 0.0240 0.0049 0.0040
192 0.0316 0.6538 0.2482 0.0637 0.0010 0.0016
193 0.2615 0.4180 0.2515 0.0437 0.0192 0.0060
194 0.3271 0.2979 0.2266 0.0998 0.0266 0.0219
195 0.2478 0.3992 0.0830 0.2402 0.0103 0.0194
196 0.5098 0.1329 0.0752 0.1748 0.0482 0.0590
197 0.2399 0.1225 0.2986 0.3127 0.0210 0.0054
198 0.5015 0.2445 0.1404 0.0928 0.0133 0.0076
199 0.4163 0.1543 0.1832 0.1320 0.0372 0.0770
200 0.5034 0.0635 0.0583 0.2532 0.0359 0.0855
201 0.1044 0.5688 0.0701 0.2280 0.0246 0.0040
202 0.4810 0.2961 0.0911 0.0519 0.0511 0.0289
203 0.4753 0.1129 0.1086 0.2228 0.0206 0.0600
204 0.2866 0.0834 0.1038 0.3977 0.0172 0.1113
205 0.1249 0.4939 0.1340 0.1846 0.0375 0.0250
206 0.3167 0.1077 0.4680 0.0929 0.0109 0.0039
207 0.1593 0.1184 0.1937 0.3269 0.0776 0.1241
208 0.3145 0.1322 0.0795 0.3535 0.0522 0.0680
209 0.1815 0.4058 0.1565 0.1665 0.0485 0.0411
210 0.1125 0.5244 0.1813 0.1198 0.0291 0.0327
211 0.4094 0.1904 0.1309 0.1268 0.0886 0.0537
212 0.2629 0.5479 0.0416 0.1365 0.0031 0.0078
213 0.1189 0.1515 0.5044 0.1677 0.0229 0.0346
214 0.3750 0.1515 0.3232 0.1010 0.0255 0.0238
215 0.2600 0.3784 0.1248 0.1653 0.0318 0.0396
216 0.5962 0.1044 0.1655 0.0463 0.0679 0.0196
217 0.4958 0.0954 0.1263 0.1284 0.1225 0.0315
218 0.1412 0.0843 0.0750 0.6328 0.0473 0.0196
219 0.2681 0.2104 0.3552 0.1136 0.0405 0.0120
220 0.1448 0.4709 0.1127 0.2603 0.0102 0.0010
221 0.0869 0.3953 0.0875 0.3833 0.0351 0.0119
222 0.1260 0.4719 0.1202 0.1876 0.0795 0.0148
223 0.0326 0.0513 0.0425 0.8540 0.0074 0.0124
224 0.1686 0.1254 0.0650 0.3101 0.0208 0.3101
225 0.1686 0.1254 0.0650 0.3101 0.0208 0.3101
226 0.1136 0.1553 0.1349 0.1288 0.0181 0.4492
227 0.1136 0.1553 0.1349 0.1288 0.0181 0.4492
