time exciting_prob fearful_prob tense_prob sad_prob relaxing_prob neutral_prob
0 0.1002 0.1348 0.1033 0.1287 0.0162 0.5166
1 0.6895 0.1074 0.1960 0.0030 0.0033 0.0006
2 0.8452 0.0389 0.1118 0.0005 0.0035 0.0002
3 0.7373 0.0748 0.1779 0.0018 0.0063 0.0017
4 0.6924 0.1130 0.1697 0.0037 0.0203 0.0012
5 0.6675 0.1098 0.1927 0.0029 0.0259 0.0012
6 0.6353 0.1544 0.1848 0.0031 0.0217 0.0007
7 0.3745 0.2739 0.3254 0.0056 0.0199 0.0009
8 0.3013 0.3037 0.3037 0.0598 0.0105 0.0208
9 0.1107 0.5620 0.2379 0.0427 0.0401 0.0069
10 0.1573 0.2382 0.5625 0.0267 0.0119 0.0035
11 0.1680 0.3843 0.1382 0.2444 0.0576 0.0076
12 0.2937 0.3103 0.2067 0.1283 0.0539 0.0069
13 0.2391 0.4944 0.2229 0.0182 0.0222 0.0032
14 0.1328 0.6045 0.2405 0.0138 0.0070 0.0011
15 0.2747 0.2520 0.4390 0.0137 0.0112 0.0095
16 0.3347 0.3882 0.2300 0.0240 0.0138 0.0093
17 0.4055 0.2966 0.2681 0.0144 0.0102 0.0051
18 0.2961 0.3176 0.3516 0.0140 0.0147 0.0058
19 0.5342 0.1361 0.2881 0.0063 0.0341 0.0014
20 0.3352 0.1740 0.4441 0.0041 0.0416 0.0009
21 0.6870 0.1710 0.0967 0.0138 0.0279 0.0037
22 0.6616 0.1672 0.1312 0.0080 0.0288 0.0032
23 0.2625 0.1362 0.1694 0.3450 0.0654 0.0214
24 0.1985 0.0847 0.3271 0.3271 0.0309 0.0314
25 0.2246 0.2467 0.2585 0.1921 0.0342 0.0439
26 0.1688 0.0404 0.3521 0.3806 0.0192 0.0389
27 0.6099 0.1299 0.2262 0.0154 0.0091 0.0093
28 0.2815 0.3999 0.2881 0.0116 0.0126 0.0065
29 0.5029 0.2017 0.2756 0.0062 0.0094 0.0039
30 0.3267 0.3242 0.2861 0.0425 0.0112 0.0092
31 0.1791 0.6401 0.1722 0.0034 0.0037 0.0014
32 0.2637 0.4214 0.2401 0.0127 0.0540 0.0079
33 0.5801 0.1783 0.1943 0.0106 0.0325 0.0040
34 0.2886 0.4133 0.0639 0.0311 0.1121 0.0908
35 0.6890 0.1179 0.1410 0.0056 0.0461 0.0007
36 0.6851 0.1199 0.1516 0.0036 0.0396 0.0003
37 0.3232 0.1886 0.4490 0.0138 0.0170 0.0085
38 0.2330 0.3752 0.3696 0.0039 0.0170 0.0011
39 0.2427 0.4160 0.2666 0.0128 0.0525 0.0096
40 0.2969 0.3933 0.2480 0.0159 0.0445 0.0015
41 0.6533 0.1328 0.1458 0.0217 0.0431 0.0032
42 0.0265 0.0245 0.8989 0.0401 0.0014 0.0086
43 0.3862 0.1674 0.3328 0.0126 0.0984 0.0026
44 0.3672 0.3848 0.1965 0.0172 0.0288 0.0056
45 0.2351 0.3447 0.3906 0.0191 0.0067 0.0037
46 0.2756 0.2913 0.3828 0.0074 0.0394 0.0033
47 0.4150 0.3442 0.1552 0.0036 0.0710 0.0110
48 0.3794 0.0342 0.2195 0.3193 0.0231 0.0244
49 0.5674 0.2172 0.1962 0.0038 0.0148 0.0005
50 0.2671 0.1071 0.2507 0.1864 0.0834 0.1054
51 0.4055 0.0557 0.3059 0.1348 0.0715 0.0265
52 0.3413 0.3037 0.2537 0.0469 0.0389 0.0156
53 0.5269 0.2031 0.2302 0.0088 0.0290 0.0018
54 0.5166 0.2742 0.1716 0.0046 0.0320 0.0010
55 0.3657 0.0491 0.2893 0.2361 0.0146 0.0454
56 0.4211 0.3357 0.1525 0.0057 0.0842 0.0008
57 0.5239 0.2915 0.1584 0.0071 0.0175 0.0017
58 0.3542 0.4143 0.1133 0.0969 0.0189 0.0023
59 0.5063 0.1594 0.0783 0.1710 0.0152 0.0696
60 0.3545 0.3687 0.2084 0.0056 0.0621 0.0008
61 0.4250 0.2384 0.3157 0.0070 0.0107 0.0031
62 0.6050 0.1831 0.1371 0.0084 0.0594 0.0069
63 0.6240 0.1948 0.1278 0.0070 0.0435 0.0027
64 0.6895 0.1327 0.0963 0.0247 0.0549 0.0019
65 0.3572 0.5078 0.1215 0.0104 0.0025 0.0009
66 0.2148 0.5034 0.2673 0.0121 0.0019 0.0002
67 0.3359 0.1599 0.3035 0.1587 0.0263 0.0155
68 0.4421 0.2461 0.3086 0.0019 0.0011 0.0001
69 0.4651 0.2910 0.0938 0.0144 0.1343 0.0017
70 0.3953 0.1410 0.1687 0.2551 0.0154 0.0243
71 0.2603 0.3088 0.4255 0.0038 0.0010 0.0005
72 0.4956 0.1635 0.2590 0.0578 0.0181 0.0061
73 0.3743 0.4080 0.1942 0.0156 0.0041 0.0037
74 0.5112 0.2395 0.2114 0.0134 0.0148 0.0097
75 0.2402 0.4595 0.2402 0.0325 0.0161 0.0117
76 0.5317 0.1727 0.2455 0.0034 0.0450 0.0014
77 0.2922 0.2241 0.4492 0.0026 0.0299 0.0018
78 0.1368 0.2786 0.5669 0.0059 0.0101 0.0017
79 0.4307 0.2269 0.2737 0.0552 0.0070 0.0063
80 0.4336 0.3403 0.2180 0.0039 0.0033 0.0011
81 0.5635 0.3389 0.0824 0.0106 0.0024 0.0024
82 0.4966 0.3206 0.1188 0.0584 0.0040 0.0017
83 0.4199 0.3428 0.2196 0.0154 0.0012 0.0011
84 0.2949 0.4712 0.2227 0.0031 0.0058 0.0023
85 0.1444 0.4927 0.3604 0.0016 0.0003 0.0007
86 0.3027 0.4136 0.1765 0.0959 0.0048 0.0064
87 0.3337 0.1626 0.2578 0.2240 0.0196 0.0021
88 0.2383 0.4084 0.3386 0.0125 0.0016 0.0005
89 0.4902 0.1543 0.1875 0.1020 0.0118 0.0542
90 0.6562 0.0840 0.2048 0.0385 0.0057 0.0108
91 0.2786 0.3896 0.2007 0.0060 0.1170 0.0080
92 0.2288 0.1597 0.4729 0.0703 0.0454 0.0230
93 0.4109 0.2913 0.2234 0.0539 0.0151 0.0055
94 0.2175 0.6099 0.1708 0.0011 0.0005 0.0000
95 0.3313 0.3391 0.2620 0.0261 0.0369 0.0048
96 0.6611 0.1909 0.1149 0.0102 0.0180 0.0049
97 0.3870 0.2440 0.3284 0.0325 0.0034 0.0048
98 0.4543 0.3796 0.1261 0.0332 0.0038 0.0030
99 0.8970 0.0630 0.0146 0.0081 0.0173 0.0002
100 0.3403 0.3049 0.3403 0.0124 0.0011 0.0010
101 0.1081 0.2361 0.6172 0.0338 0.0016 0.0034
102 0.7329 0.1168 0.0969 0.0243 0.0109 0.0183
103 0.3896 0.2186 0.1743 0.1990 0.0103 0.0081
104 0.2673 0.6362 0.0803 0.0051 0.0102 0.0008
105 0.0740 0.8594 0.0613 0.0048 0.0004 0.0000
106 0.8276 0.0559 0.0907 0.0250 0.0006 0.0003
107 0.2820 0.4910 0.1820 0.0321 0.0055 0.0075
108 0.6055 0.2279 0.1094 0.0154 0.0396 0.0025
109 0.1317 0.7119 0.1359 0.0181 0.0023 0.0003
110 0.3145 0.5649 0.0887 0.0217 0.0087 0.0016
111 0.4800 0.2715 0.1633 0.0736 0.0046 0.0071
112 0.3928 0.3035 0.2722 0.0146 0.0123 0.0045
113 0.5781 0.1484 0.2585 0.0125 0.0018 0.0005
114 0.2037 0.6787 0.0911 0.0253 0.0011 0.0002
115 0.2057 0.4895 0.2900 0.0063 0.0065 0.0020
116 0.4294 0.0381 0.3191 0.1372 0.0432 0.0329
117 0.4543 0.3457 0.1849 0.0070 0.0072 0.0009
118 0.5815 0.2500 0.1200 0.0201 0.0274 0.0012
119 0.7627 0.0869 0.1000 0.0155 0.0325 0.0022
120 0.4255 0.2949 0.2581 0.0019 0.0181 0.0013
121 0.4448 0.1869 0.1729 0.1854 0.0049 0.0054
122 0.0620 0.2451 0.5610 0.1252 0.0034 0.0032
123 0.0732 0.3928 0.5205 0.0111 0.0019 0.0005
124 0.6426 0.2085 0.1400 0.0071 0.0018 0.0001
125 0.8623 0.0714 0.0446 0.0021 0.0185 0.0010
126 0.6255 0.1737 0.1820 0.0126 0.0017 0.0045
127 0.5176 0.2603 0.1628 0.0456 0.0130 0.0011
128 0.4111 0.1432 0.1926 0.2435 0.0064 0.0031
129 0.3262 0.5679 0.1019 0.0020 0.0018 0.0001
130 0.1995 0.7017 0.0957 0.0014 0.0016 0.0001
131 0.3762 0.4036 0.1891 0.0306 0.0005 0.0001
132 0.6445 0.1617 0.1749 0.0017 0.0159 0.0011
133 0.6372 0.1869 0.1433 0.0049 0.0255 0.0025
134 0.3115 0.5342 0.1437 0.0051 0.0038 0.0019
135 0.1063 0.7041 0.1752 0.0137 0.0001 0.0007
136 0.1924 0.4763 0.2866 0.0171 0.0258 0.0019
137 0.2316 0.5259 0.2043 0.0290 0.0037 0.0057
138 0.1719 0.5376 0.1759 0.1002 0.0076 0.0069
139 0.4836 0.3074 0.1865 0.0090 0.0116 0.0017
140 0.4009 0.1821 0.3887 0.0017 0.0258 0.0006
141 0.3433 0.2913 0.3276 0.0039 0.0330 0.0009
142 0.4517 0.2218 0.3130 0.0019 0.0114 0.0003
143 0.5054 0.2424 0.2386 0.0064 0.0067 0.0005
144 0.7495 0.1794 0.0587 0.0031 0.0092 0.0002
145 0.5503 0.1665 0.2422 0.0080 0.0328 0.0004
146 0.6084 0.2037 0.1479 0.0073 0.0322 0.0004
147 0.3430 0.2756 0.2935 0.0124 0.0748 0.0006
148 0.5479 0.1752 0.2339 0.0279 0.0133 0.0017
149 0.0695 0.4033 0.5098 0.0148 0.0010 0.0015
150 0.2473 0.4241 0.2695 0.0189 0.0071 0.0330
151 0.4238 0.0687 0.0191 0.0006 0.4878 0.0002
152 0.4121 0.2258 0.3235 0.0089 0.0285 0.0013
153 0.4482 0.1335 0.3716 0.0174 0.0223 0.0068
154 0.3960 0.2256 0.3467 0.0177 0.0109 0.0032
155 0.0644 0.3762 0.5225 0.0212 0.0132 0.0025
156 0.1376 0.3682 0.4512 0.0176 0.0241 0.0012
157 0.4954 0.2715 0.2032 0.0094 0.0182 0.0025
158 0.5640 0.1934 0.2174 0.0059 0.0184 0.0012
159 0.7075 0.1460 0.1350 0.0059 0.0049 0.0006
160 0.4663 0.3633 0.1611 0.0034 0.0055 0.0003
161 0.4387 0.4895 0.0603 0.0028 0.0084 0.0002
162 0.2207 0.5952 0.1653 0.0061 0.0114 0.0012
163 0.1975 0.6230 0.1526 0.0086 0.0181 0.0003
164 0.5605 0.1086 0.2817 0.0134 0.0337 0.0023
165 0.3684 0.1500 0.4695 0.0024 0.0090 0.0005
166 0.8394 0.0806 0.0751 0.0037 0.0010 0.0005
167 0.7202 0.1312 0.1312 0.0085 0.0083 0.0007
168 0.5303 0.2605 0.1804 0.0163 0.0079 0.0048
169 0.4666 0.2517 0.2054 0.0259 0.0455 0.0051
170 0.6792 0.0884 0.2054 0.0121 0.0117 0.0033
171 0.7485 0.0989 0.1301 0.0132 0.0073 0.0018
172 0.5483 0.2981 0.1205 0.0096 0.0087 0.0147
173 0.6357 0.1879 0.1558 0.0036 0.0154 0.0015
174 0.6211 0.2452 0.0854 0.0258 0.0211 0.0011
175 0.2469 0.1836 0.2549 0.2113 0.0867 0.0167
176 0.4946 0.2886 0.2014 0.0067 0.0055 0.0032
177 0.1805 0.6704 0.1300 0.0171 0.0008 0.0011
178 0.1987 0.6831 0.1007 0.0115 0.0021 0.0041
179 0.5938 0.2783 0.1008 0.0071 0.0178 0.0020
180 0.6284 0.2744 0.0831 0.0032 0.0100 0.0011
181 0.3621 0.3508 0.2527 0.0014 0.0329 0.0001
182 0.2217 0.2217 0.2673 0.2612 0.0058 0.0225
183 0.6660 0.1779 0.0959 0.0214 0.0160 0.0226
184 0.3230 0.3306 0.2457 0.0856 0.0042 0.0109
185 0.1650 0.0458 0.0338 0.6631 0.0710 0.0210
186 0.1821 0.6558 0.1464 0.0085 0.0065 0.0009
187 0.5566 0.3274 0.0983 0.0123 0.0046 0.0006
188 0.4839 0.1499 0.3325 0.0265 0.0036 0.0034
189 0.7026 0.1384 0.1362 0.0081 0.0141 0.0005
190 0.5439 0.3125 0.1214 0.0051 0.0151 0.0020
191 0.6543 0.1591 0.1318 0.0088 0.0438 0.0022
192 0.7036 0.0930 0.1594 0.0033 0.0397 0.0009
193 0.5308 0.1849 0.2374 0.0066 0.0381 0.0020
194 0.4746 0.0648 0.1238 0.2664 0.0387 0.0318
195 0.4875 0.0847 0.1333 0.2164 0.0410 0.0370
196 0.4443 0.0903 0.1740 0.2200 0.0353 0.0362
197 0.2612 0.0862 0.1661 0.3687 0.0154 0.1024
