time exciting_prob fearful_prob tense_prob sad_prob relaxing_prob neutral_prob
0 0.2898 0.2087 0.1337 0.1423 0.1423 0.0830
1 0.0963 0.2722 0.4702 0.0897 0.0386 0.0330
2 0.1478 0.0480 0.5938 0.1433 0.0458 0.0213
3 0.1836 0.2214 0.1453 0.3828 0.0147 0.0522
4 0.3079 0.1477 0.1151 0.3833 0.0076 0.0385
5 0.1366 0.2035 0.3176 0.1741 0.1178 0.0503
6 0.1197 0.0565 0.2615 0.5200 0.0155 0.0271
7 0.0436 0.3052 0.2734 0.3003 0.0388 0.0388
8 0.0528 0.1719 0.5210 0.1181 0.0673 0.0689
9 0.0420 0.3030 0.2983 0.2360 0.0687 0.0522
10 0.0378 0.3020 0.2666 0.2625 0.0865 0.0449
11 0.1803 0.1382 0.3264 0.2622 0.0525 0.0402
12 0.3093 0.1642 0.1965 0.1735 0.0139 0.1427
13 0.3909 0.2389 0.1438 0.1790 0.0176 0.0301
14 0.2369 0.4192 0.1093 0.1191 0.0988 0.0166
15 0.0432 0.7544 0.0649 0.1121 0.0224 0.0031
16 0.0483 0.6938 0.0726 0.1536 0.0253 0.0065
17 0.0730 0.7373 0.1158 0.0436 0.0235 0.0067
18 0.1032 0.4180 0.2380 0.1624 0.0168 0.0616
19 0.0403 0.6450 0.2335 0.0701 0.0055 0.0058
20 0.1425 0.3638 0.2349 0.2172 0.0154 0.0266
21 0.1548 0.2847 0.2590 0.2286 0.0630 0.0098
22 0.2114 0.2529 0.2778 0.2286 0.0258 0.0032
23 0.2494 0.2761 0.1142 0.1782 0.0356 0.1466
24 0.1401 0.0994 0.0905 0.2744 0.0089 0.3870
25 0.0820 0.4331 0.0771 0.3591 0.0219 0.0266
26 0.0767 0.2151 0.0417 0.4211 0.0804 0.1649
27 0.1316 0.4626 0.2291 0.1125 0.0473 0.0169
28 0.1205 0.2512 0.3174 0.2148 0.0754 0.0208
29 0.1472 0.4790 0.1997 0.1020 0.0367 0.0352
30 0.1083 0.5127 0.2072 0.1153 0.0444 0.0123
31 0.0658 0.8203 0.0199 0.0558 0.0323 0.0058
32 0.0430 0.8379 0.0333 0.0424 0.0392 0.0044
33 0.0367 0.7612 0.0345 0.0195 0.1465 0.0014
34 0.0380 0.6890 0.1255 0.1245 0.0190 0.0041
35 0.1809 0.5112 0.0430 0.1796 0.0725 0.0127
36 0.1364 0.5693 0.0982 0.0600 0.1271 0.0089
37 0.4634 0.2683 0.0751 0.1705 0.0147 0.0080
38 0.3286 0.2539 0.0858 0.2057 0.0466 0.0793
39 0.1891 0.2666 0.3267 0.1617 0.0279 0.0279
40 0.2004 0.1561 0.4114 0.1715 0.0511 0.0096
41 0.0842 0.3547 0.1346 0.3035 0.0213 0.1016
42 0.0504 0.6948 0.1074 0.1337 0.0090 0.0046
43 0.0660 0.5527 0.1488 0.2166 0.0103 0.0054
44 0.0380 0.5415 0.1758 0.2155 0.0212 0.0081
45 0.1305 0.3926 0.1676 0.2419 0.0570 0.0103
46 0.0563 0.2930 0.0740 0.0758 0.4983 0.0026
47 0.4128 0.3167 0.0609 0.1192 0.0839 0.0065
48 0.0972 0.7471 0.0633 0.0399 0.0512 0.0012
49 0.3591 0.2284 0.0967 0.2047 0.1046 0.0065
50 0.3152 0.2067 0.0842 0.3054 0.0822 0.0064
51 0.1024 0.1826 0.0682 0.4519 0.1797 0.0152
52 0.1027 0.1995 0.0366 0.3784 0.2769 0.0058
53 0.1205 0.2416 0.0671 0.3513 0.1910 0.0284
54 0.1277 0.1447 0.0496 0.5293 0.0979 0.0508
55 0.0530 0.3298 0.1312 0.4438 0.0243 0.0178
56 0.3157 0.0726 0.1179 0.3467 0.0346 0.1125
57 0.2874 0.1467 0.2786 0.1945 0.0462 0.0469
58 0.2487 0.0873 0.0807 0.5347 0.0446 0.0040
59 0.1835 0.0359 0.0471 0.7197 0.0103 0.0034
60 0.3479 0.1230 0.1052 0.3191 0.0981 0.0066
61 0.4431 0.2078 0.0758 0.2212 0.0493 0.0027
62 0.2086 0.3748 0.0726 0.3230 0.0178 0.0030
63 0.2625 0.2194 0.0638 0.4194 0.0321 0.0027
64 0.0854 0.2323 0.4014 0.2323 0.0410 0.0075
65 0.0696 0.2356 0.3120 0.3428 0.0221 0.0177
66 0.1356 0.0932 0.1687 0.5361 0.0089 0.0574
67 0.1100 0.1002 0.1731 0.5767 0.0124 0.0276
68 0.1716 0.1074 0.1401 0.5718 0.0030 0.0059
69 0.1333 0.0822 0.2651 0.4441 0.0081 0.0671
70 0.0604 0.0358 0.0572 0.7715 0.0604 0.0148
71 0.1403 0.0222 0.0229 0.7119 0.0920 0.0107
72 0.1079 0.0938 0.1046 0.2510 0.4202 0.0226
73 0.0400 0.1311 0.2162 0.5352 0.0175 0.0600
74 0.1248 0.1506 0.0899 0.5771 0.0287 0.0287
75 0.0656 0.1560 0.0273 0.7104 0.0278 0.0130
76 0.2573 0.0320 0.0709 0.6177 0.0070 0.0151
77 0.2981 0.1633 0.2147 0.3052 0.0037 0.0148
78 0.0517 0.1721 0.1094 0.3215 0.3369 0.0084
79 0.0203 0.0868 0.0868 0.1047 0.6938 0.0077
80 0.1057 0.6079 0.1913 0.0823 0.0079 0.0051
81 0.1968 0.0937 0.0482 0.4949 0.0952 0.0713
82 0.0600 0.0619 0.0215 0.3506 0.4983 0.0077
83 0.1838 0.2343 0.0977 0.3079 0.1512 0.0253
84 0.2559 0.2725 0.2600 0.0844 0.1227 0.0047
85 0.0420 0.0433 0.0645 0.7734 0.0552 0.0214
86 0.2169 0.3521 0.2169 0.1743 0.0354 0.0045
87 0.2742 0.2102 0.0389 0.1663 0.2418 0.0688
88 0.0930 0.2339 0.0547 0.4104 0.1821 0.0258
89 0.1450 0.4194 0.0460 0.2280 0.1320 0.0294
90 0.0254 0.0402 0.0040 0.0623 0.8667 0.0017
91 0.0196 0.0349 0.0035 0.0536 0.8853 0.0035
92 0.0406 0.1531 0.3191 0.3909 0.0770 0.0193
93 0.2603 0.2124 0.0648 0.4158 0.0299 0.0168
94 0.0800 0.1075 0.1011 0.6587 0.0360 0.0165
95 0.2302 0.0753 0.0686 0.5879 0.0233 0.0144
96 0.0586 0.3191 0.0845 0.5020 0.0184 0.0174
97 0.1177 0.6460 0.1006 0.1177 0.0119 0.0058
98 0.1677 0.2722 0.1348 0.3721 0.0177 0.0357
99 0.2031 0.2375 0.2197 0.2649 0.0168 0.0578
100 0.3367 0.0500 0.0590 0.4673 0.0248 0.0623
101 0.2766 0.2722 0.1180 0.0994 0.1976 0.0363
102 0.3748 0.2783 0.0462 0.1265 0.1538 0.0205
103 0.1990 0.3230 0.1255 0.1575 0.1898 0.0052
104 0.1136 0.6333 0.0717 0.1577 0.0197 0.0039
105 0.0855 0.5933 0.0414 0.0992 0.1687 0.0119
106 0.1422 0.4556 0.0926 0.1945 0.1108 0.0044
107 0.0436 0.3271 0.2588 0.3376 0.0188 0.0140
108 0.2795 0.3242 0.1078 0.1556 0.1202 0.0126
109 0.3254 0.3130 0.0755 0.2363 0.0362 0.0134
110 0.3718 0.4148 0.1337 0.0616 0.0162 0.0019
111 0.3735 0.2213 0.1290 0.2546 0.0144 0.0072
112 0.3354 0.2306 0.0692 0.2512 0.1072 0.0061
113 0.3418 0.4636 0.0871 0.0585 0.0470 0.0020
114 0.1055 0.8301 0.0286 0.0172 0.0150 0.0037
115 0.2996 0.1165 0.2603 0.2603 0.0581 0.0051
116 0.1088 0.2198 0.3567 0.2866 0.0166 0.0114
117 0.1337 0.4595 0.0948 0.1915 0.0203 0.1002
118 0.0854 0.3123 0.3887 0.1836 0.0271 0.0031
119 0.1443 0.6416 0.1160 0.0263 0.0671 0.0047
120 0.4370 0.1242 0.0578 0.3457 0.0243 0.0110
121 0.3472 0.2993 0.1154 0.0825 0.0411 0.1145
122 0.2703 0.1516 0.1199 0.3608 0.0528 0.0448
123 0.4158 0.1146 0.0533 0.3699 0.0190 0.0276
124 0.1628 0.1904 0.1965 0.4292 0.0087 0.0123
125 0.1375 0.3323 0.1071 0.4070 0.0127 0.0035
126 0.1271 0.6763 0.0654 0.0273 0.1013 0.0030
127 0.2286 0.4141 0.2551 0.0195 0.0797 0.0031
128 0.1560 0.3330 0.1254 0.3572 0.0189 0.0094
129 0.1412 0.5854 0.0562 0.1277 0.0805 0.0087
130 0.8013 0.1119 0.0057 0.0576 0.0134 0.0101
131 0.6499 0.1630 0.0173 0.0654 0.0419 0.0629
132 0.1372 0.4827 0.1790 0.0446 0.0384 0.1183
133 0.0732 0.6997 0.1255 0.0810 0.0174 0.0032
134 0.0936 0.1667 0.1279 0.5303 0.0250 0.0567
135 0.1771 0.2072 0.1401 0.4119 0.0305 0.0330
136 0.0469 0.6089 0.1539 0.1677 0.0170 0.0056
137 0.3113 0.4458 0.0375 0.0204 0.1732 0.0117
138 0.0422 0.5059 0.0126 0.0073 0.4294 0.0024
139 0.0584 0.5366 0.0721 0.1143 0.2135 0.0050
140 0.0450 0.7144 0.0221 0.0223 0.1953 0.0010
141 0.0895 0.1672 0.1725 0.5151 0.0223 0.0334
142 0.1600 0.2479 0.2257 0.2520 0.0411 0.0733
143 0.2639 0.2223 0.0589 0.4285 0.0180 0.0083
144 0.1084 0.3391 0.1307 0.3784 0.0270 0.0164
145 0.1415 0.0516 0.1603 0.6050 0.0352 0.0066
146 0.1835 0.4165 0.1473 0.2301 0.0065 0.0160
147 0.1832 0.1832 0.0988 0.5020 0.0235 0.0095
148 0.0732 0.4114 0.3306 0.1198 0.0519 0.0130
149 0.0201 0.9019 0.0399 0.0350 0.0027 0.0005
150 0.1143 0.6035 0.2478 0.0255 0.0083 0.0004
151 0.1516 0.3159 0.1978 0.2944 0.0346 0.0055
152 0.2101 0.6177 0.0284 0.0451 0.0940 0.0048
153 0.2737 0.5190 0.0543 0.0233 0.1123 0.0173
154 0.0687 0.8042 0.0420 0.0692 0.0148 0.0011
155 0.3103 0.3921 0.1015 0.0312 0.1597 0.0052
156 0.3101 0.2590 0.0765 0.3198 0.0307 0.0039
157 0.3572 0.3833 0.1399 0.0842 0.0251 0.0104
158 0.2783 0.4482 0.0636 0.1869 0.0206 0.0022
159 0.1274 0.4146 0.1000 0.2849 0.0472 0.0259
160 0.1981 0.1044 0.1202 0.5020 0.0604 0.0150
161 0.2930 0.2212 0.2144 0.1862 0.0478 0.0375
162 0.3530 0.1735 0.1146 0.1011 0.2524 0.0054
163 0.3147 0.1671 0.2197 0.2031 0.0895 0.0059
164 0.2874 0.1945 0.2942 0.1550 0.0357 0.0333
165 0.3000 0.1139 0.2374 0.2820 0.0361 0.0304
166 0.1514 0.0371 0.2656 0.4050 0.0447 0.0962
167 0.1133 0.1868 0.2474 0.3435 0.0495 0.0597
168 0.3066 0.4902 0.0482 0.1146 0.0150 0.0254
169 0.2593 0.6025 0.0234 0.0420 0.0552 0.0176
170 0.3452 0.4907 0.0373 0.0764 0.0373 0.0131
171 0.3948 0.3623 0.0309 0.1571 0.0471 0.0076
172 0.0781 0.2542 0.0352 0.2106 0.4189 0.0031
173 0.0903 0.2003 0.0176 0.1465 0.5444 0.0009
174 0.0994 0.2520 0.0378 0.3933 0.2106 0.0069
175 0.1687 0.2959 0.1023 0.3684 0.0457 0.0189
176 0.1671 0.2844 0.0137 0.2549 0.2321 0.0479
177 0.1109 0.3208 0.0126 0.2479 0.3015 0.0062
178 0.0612 0.1109 0.0251 0.4285 0.3721 0.0023
179 0.1287 0.2966 0.0459 0.3442 0.1296 0.0549
180 0.1843 0.5010 0.1732 0.0825 0.0536 0.0052
181 0.1897 0.3953 0.1443 0.1636 0.0889 0.0182
182 0.2369 0.2225 0.0497 0.4255 0.0470 0.0183
183 0.1541 0.3962 0.0837 0.3235 0.0392 0.0032
184 0.3594 0.3350 0.0314 0.1353 0.1261 0.0131
185 0.1439 0.1876 0.0614 0.5781 0.0138 0.0152
186 0.0891 0.3157 0.0437 0.5044 0.0265 0.0205
187 0.1321 0.0464 0.0568 0.7368 0.0155 0.0124
188 0.2196 0.5522 0.0814 0.1104 0.0334 0.0029
189 0.1689 0.2070 0.0523 0.5498 0.0188 0.0033
190 0.3562 0.5518 0.0490 0.0203 0.0171 0.0055
191 0.6440 0.2042 0.0313 0.0537 0.0326 0.0344
192 0.2656 0.1661 0.1284 0.4211 0.0108 0.0079
193 0.1558 0.1608 0.0649 0.5610 0.0464 0.0109
194 0.1661 0.1810 0.0621 0.5488 0.0374 0.0043
195 0.5176 0.2686 0.0734 0.0972 0.0034 0.0399
196 0.1931 0.2404 0.1504 0.2349 0.1576 0.0236
197 0.2314 0.1641 0.0512 0.2925 0.2542 0.0065
198 0.1582 0.2957 0.1078 0.1737 0.2096 0.0551
199 0.1804 0.1643 0.1028 0.3533 0.1450 0.0542
200 0.3345 0.1094 0.1735 0.2125 0.0546 0.1155
201 0.3975 0.0629 0.0724 0.3853 0.0390 0.0432
202 0.0795 0.1037 0.0665 0.6816 0.0486 0.0201
203 0.1852 0.2959 0.1233 0.3569 0.0307 0.0082
204 0.0469 0.5083 0.1422 0.1869 0.0970 0.0190
205 0.2944 0.3635 0.0205 0.0524 0.1246 0.1447
206 0.3169 0.2030 0.0177 0.1300 0.0915 0.2410
207 0.1200 0.1553 0.0603 0.6094 0.0296 0.0253
208 0.2371 0.1708 0.0467 0.4980 0.0361 0.0113
209 0.1301 0.0771 0.0530 0.6924 0.0426 0.0048
210 0.2810 0.1218 0.0657 0.4319 0.0775 0.0222
211 0.3989 0.2517 0.0726 0.1945 0.0756 0.0068
212 0.0856 0.5806 0.1368 0.0492 0.1434 0.0042
213 0.5381 0.1371 0.0248 0.2140 0.0643 0.0217
214 0.3293 0.1862 0.0746 0.1998 0.1791 0.0309
215 0.0988 0.3909 0.1531 0.1980 0.1531 0.0062
216 0.0136 0.6792 0.1588 0.1401 0.0075 0.0006
217 0.0657 0.5249 0.2520 0.0418 0.1136 0.0019
218 0.1181 0.4856 0.1962 0.0191 0.1639 0.0170
219 0.2502 0.3367 0.1471 0.1603 0.1019 0.0037
220 0.2379 0.2512 0.1000 0.3572 0.0511 0.0026
221 0.1080 0.4272 0.2003 0.2454 0.0123 0.0067
222 0.1594 0.3347 0.3271 0.1644 0.0062 0.0081
223 0.1750 0.1984 0.2710 0.3455 0.0063 0.0037
224 0.2759 0.1476 0.3125 0.2571 0.0037 0.0033
225 0.3147 0.2180 0.2394 0.2197 0.0052 0.0032
226 0.3535 0.1877 0.1556 0.2864 0.0137 0.0028
227 0.4690 0.0072 0.0291 0.4915 0.0026 0.0008
228 0.6538 0.0231 0.0858 0.2332 0.0029 0.0011
229 0.6313 0.0181 0.0379 0.3079 0.0040 0.0008
230 0.5923 0.0203 0.0475 0.3350 0.0036 0.0012
231 0.5161 0.0156 0.0476 0.4146 0.0047 0.0015
232 0.6821 0.0297 0.0266 0.2568 0.0036 0.0013
233 0.2883 0.0179 0.0283 0.6602 0.0032 0.0021
234 0.0805 0.0170 0.0516 0.8262 0.0043 0.0207
