time exciting_prob fearful_prob tense_prob sad_prob relaxing_prob neutral_prob
0 0.1136 0.1553 0.1349 0.1288 0.0181 0.4492
1 0.0586 0.0690 0.2466 0.5825 0.0306 0.0129
2 0.0466 0.0225 0.3552 0.5503 0.0174 0.0078
3 0.0405 0.0160 0.6040 0.2766 0.0091 0.0536
4 0.0629 0.0233 0.5264 0.3398 0.0264 0.0214
5 0.0706 0.0140 0.3369 0.4678 0.0456 0.0653
6 0.0671 0.0398 0.4587 0.3630 0.0407 0.0305
7 0.0539 0.0420 0.3027 0.4993 0.0582 0.0440
8 0.0539 0.0620 0.2147 0.5835 0.0650 0.0208
9 0.0724 0.1658 0.4873 0.2489 0.0091 0.0165
10 0.0594 0.1803 0.3164 0.4128 0.0196 0.0114
11 0.0997 0.0675 0.3706 0.4265 0.0172 0.0183
12 0.0735 0.0691 0.4797 0.2910 0.0094 0.0771
13 0.1157 0.1037 0.4365 0.3145 0.0076 0.0221
14 0.0583 0.1797 0.2308 0.3411 0.0238 0.1663
15 0.2524 0.0513 0.0846 0.5430 0.0306 0.0381
16 0.0908 0.1166 0.2079 0.4333 0.0309 0.1204
17 0.1530 0.1288 0.3906 0.2996 0.0212 0.0069
18 0.1467 0.1663 0.4961 0.1729 0.0124 0.0056
19 0.1614 0.0891 0.5376 0.1947 0.0095 0.0077
20 0.1599 0.1265 0.6128 0.0715 0.0229 0.0064
21 0.1881 0.0132 0.4045 0.2781 0.0300 0.0861
22 0.0519 0.3127 0.3923 0.1572 0.0054 0.0803
23 0.0717 0.1026 0.6045 0.1902 0.0201 0.0111
24 0.0302 0.1499 0.5312 0.2433 0.0189 0.0262
25 0.0227 0.3416 0.6045 0.0202 0.0104 0.0008
26 0.0993 0.1689 0.1914 0.4314 0.0744 0.0346
27 0.0322 0.2341 0.3743 0.2959 0.0561 0.0075
28 0.1094 0.2043 0.4902 0.1519 0.0375 0.0064
29 0.0290 0.1085 0.5176 0.3396 0.0041 0.0011
30 0.0626 0.1378 0.4312 0.2939 0.0167 0.0579
31 0.0652 0.1652 0.4490 0.2810 0.0081 0.0315
32 0.0329 0.0295 0.3704 0.5391 0.0015 0.0268
33 0.0604 0.0633 0.4429 0.3970 0.0169 0.0193
34 0.0159 0.3792 0.5513 0.0521 0.0004 0.0011
35 0.0164 0.0751 0.4893 0.3364 0.0005 0.0824
36 0.1010 0.2786 0.2830 0.2346 0.0017 0.1010
37 0.0057 0.0526 0.6929 0.2322 0.0065 0.0100
38 0.0037 0.1292 0.6558 0.1908 0.0136 0.0071
39 0.0348 0.1571 0.1522 0.4617 0.0295 0.1647
40 0.0864 0.0716 0.1614 0.5376 0.0652 0.0780
41 0.0493 0.1270 0.1605 0.6108 0.0286 0.0239
42 0.1221 0.0609 0.2998 0.4360 0.0493 0.0318
43 0.1570 0.0952 0.3708 0.2798 0.0713 0.0258
44 0.1000 0.0280 0.2593 0.5405 0.0420 0.0300
45 0.1315 0.0811 0.3359 0.3989 0.0333 0.0195
46 0.2251 0.0784 0.2305 0.3005 0.1334 0.0322
47 0.2915 0.1610 0.2184 0.1754 0.1421 0.0116
48 0.1133 0.2893 0.5156 0.0656 0.0063 0.0097
49 0.2615 0.1455 0.3057 0.1854 0.0094 0.0925
50 0.0397 0.2590 0.1150 0.4272 0.0042 0.1548
51 0.0400 0.0961 0.4512 0.3005 0.0161 0.0961
52 0.0653 0.0609 0.6860 0.1289 0.0094 0.0497
53 0.0392 0.0368 0.7749 0.0843 0.0111 0.0536
54 0.0765 0.3430 0.2979 0.1671 0.0840 0.0314
55 0.1931 0.4285 0.1772 0.1447 0.0414 0.0151
56 0.0508 0.0330 0.4119 0.3809 0.0519 0.0716
57 0.1777 0.2111 0.2079 0.2195 0.1710 0.0128
58 0.1190 0.1564 0.3579 0.2661 0.0793 0.0213
59 0.0422 0.3120 0.3071 0.3169 0.0055 0.0163
60 0.0277 0.1431 0.7378 0.0731 0.0019 0.0163
61 0.0081 0.0397 0.6714 0.1476 0.0008 0.1322
62 0.0499 0.0557 0.7109 0.1274 0.0104 0.0455
63 0.0547 0.0426 0.8164 0.0736 0.0056 0.0068
64 0.0089 0.3916 0.3916 0.1908 0.0153 0.0018
65 0.0287 0.1901 0.1842 0.3386 0.2556 0.0028
66 0.0055 0.1902 0.1482 0.6333 0.0082 0.0144
67 0.0311 0.1232 0.8286 0.0087 0.0024 0.0057
68 0.1216 0.0531 0.1636 0.5361 0.0307 0.0947
69 0.1024 0.3521 0.3989 0.1274 0.0052 0.0140
70 0.0410 0.1063 0.6309 0.1522 0.0258 0.0439
71 0.0382 0.0175 0.7915 0.1006 0.0033 0.0490
72 0.1427 0.0326 0.5913 0.1891 0.0132 0.0311
73 0.0305 0.0458 0.5674 0.2153 0.0238 0.1171
74 0.1633 0.0518 0.5884 0.1583 0.0179 0.0203
75 0.1161 0.0434 0.5625 0.2345 0.0211 0.0225
76 0.0592 0.2286 0.3433 0.3433 0.0020 0.0237
77 0.1375 0.1779 0.3621 0.2321 0.0422 0.0482
78 0.1401 0.2172 0.4089 0.1843 0.0341 0.0155
79 0.0314 0.4575 0.2954 0.1556 0.0051 0.0551
80 0.0447 0.2069 0.5713 0.1235 0.0045 0.0491
81 0.0258 0.0547 0.8960 0.0172 0.0010 0.0054
82 0.0170 0.4495 0.4495 0.0632 0.0062 0.0147
83 0.0401 0.1729 0.2476 0.4846 0.0073 0.0476
84 0.0144 0.2325 0.2289 0.5078 0.0040 0.0123
85 0.0133 0.3110 0.1588 0.4968 0.0032 0.0167
86 0.0333 0.1277 0.3015 0.4319 0.0941 0.0117
87 0.0313 0.1448 0.3213 0.4392 0.0349 0.0285
88 0.0455 0.2769 0.5171 0.1459 0.0006 0.0140
89 0.0420 0.2495 0.2783 0.1179 0.0161 0.2964
90 0.0317 0.1187 0.5112 0.3101 0.0195 0.0087
91 0.0178 0.1511 0.5977 0.2131 0.0117 0.0087
92 0.0435 0.0831 0.7183 0.1371 0.0038 0.0141
93 0.0837 0.0986 0.7231 0.0864 0.0017 0.0064
94 0.0239 0.0138 0.8979 0.0307 0.0021 0.0317
95 0.0276 0.1403 0.7231 0.0837 0.0042 0.0210
96 0.0231 0.0392 0.8926 0.0270 0.0120 0.0061
97 0.0104 0.4761 0.4761 0.0356 0.0016 0.0004
98 0.0248 0.0264 0.8882 0.0501 0.0030 0.0077
99 0.1345 0.0535 0.5576 0.1622 0.0095 0.0828
100 0.0195 0.2861 0.6548 0.0350 0.0022 0.0024
101 0.0226 0.4568 0.4861 0.0292 0.0042 0.0012
102 0.0205 0.2205 0.7231 0.0278 0.0031 0.0051
103 0.0238 0.1790 0.7651 0.0217 0.0024 0.0081
104 0.0405 0.2242 0.5132 0.2010 0.0023 0.0186
105 0.0387 0.1820 0.6865 0.0776 0.0014 0.0135
106 0.1001 0.0798 0.6787 0.1143 0.0066 0.0203
107 0.0646 0.0320 0.8379 0.0480 0.0057 0.0119
108 0.0363 0.0739 0.8076 0.0695 0.0060 0.0068
109 0.0813 0.1350 0.1278 0.5913 0.0422 0.0224
110 0.0383 0.1198 0.7573 0.0431 0.0128 0.0289
111 0.0492 0.3184 0.5854 0.0408 0.0027 0.0034
112 0.0487 0.0565 0.7988 0.0682 0.0031 0.0247
113 0.0419 0.0246 0.7900 0.1138 0.0180 0.0118
114 0.1272 0.2303 0.3979 0.1633 0.0038 0.0771
115 0.0429 0.2144 0.7139 0.0258 0.0006 0.0026
116 0.0249 0.0527 0.2119 0.6733 0.0035 0.0335
117 0.0564 0.1594 0.7144 0.0629 0.0018 0.0050
118 0.0776 0.1749 0.6499 0.0866 0.0059 0.0051
119 0.1387 0.1971 0.5977 0.0487 0.0060 0.0116
120 0.0188 0.1035 0.6338 0.2332 0.0043 0.0065
121 0.0494 0.0635 0.6821 0.1985 0.0033 0.0030
122 0.0590 0.1437 0.5596 0.2227 0.0033 0.0117
123 0.0697 0.0778 0.4617 0.3484 0.0094 0.0332
124 0.0195 0.0740 0.5386 0.3645 0.0020 0.0015
125 0.0119 0.0500 0.8193 0.1162 0.0010 0.0017
126 0.0134 0.0543 0.8105 0.1187 0.0012 0.0017
127 0.4602 0.0529 0.2407 0.0878 0.1460 0.0124
128 0.3696 0.0647 0.2313 0.1248 0.1858 0.0238
129 0.4199 0.1013 0.1953 0.1632 0.0894 0.0309
130 0.0463 0.3784 0.5508 0.0213 0.0016 0.0018
131 0.0855 0.3252 0.5488 0.0271 0.0097 0.0038
132 0.0416 0.0406 0.5967 0.2264 0.0050 0.0900
133 0.1630 0.4001 0.2708 0.1020 0.0581 0.0061
134 0.0709 0.2634 0.1283 0.5156 0.0146 0.0073
135 0.0613 0.0934 0.6694 0.1591 0.0096 0.0072
136 0.0704 0.2852 0.3896 0.2419 0.0085 0.0043
137 0.1072 0.1313 0.5361 0.2034 0.0105 0.0116
138 0.0313 0.2296 0.6963 0.0294 0.0067 0.0065
139 0.0262 0.0684 0.8462 0.0504 0.0027 0.0059
140 0.0307 0.2607 0.5786 0.1005 0.0212 0.0082
141 0.0573 0.3621 0.5146 0.0494 0.0113 0.0056
142 0.2996 0.0508 0.3188 0.2727 0.0508 0.0075
143 0.1958 0.1611 0.2344 0.3574 0.0417 0.0095
144 0.1140 0.2065 0.5190 0.1344 0.0095 0.0164
145 0.1028 0.1951 0.1748 0.3267 0.0879 0.1129
146 0.3970 0.0474 0.4863 0.0187 0.0493 0.0014
147 0.0645 0.0754 0.4844 0.2937 0.0257 0.0561
148 0.0867 0.0923 0.3223 0.4204 0.0273 0.0510
149 0.0925 0.0230 0.7993 0.0430 0.0310 0.0112
150 0.1750 0.0853 0.5649 0.1406 0.0145 0.0195
151 0.1024 0.2382 0.3630 0.2272 0.0444 0.0247
152 0.5210 0.0185 0.2386 0.1541 0.0594 0.0082
153 0.0946 0.2200 0.2869 0.1853 0.0365 0.1768
154 0.0786 0.2539 0.5811 0.0540 0.0227 0.0098
155 0.1188 0.1561 0.1840 0.3008 0.2184 0.0220
156 0.3008 0.0737 0.4844 0.0561 0.0797 0.0056
157 0.2496 0.0682 0.3306 0.2678 0.0823 0.0014
158 0.2091 0.0563 0.6440 0.0449 0.0438 0.0021
159 0.3271 0.1938 0.2489 0.1697 0.0569 0.0035
160 0.0636 0.0792 0.6943 0.1265 0.0099 0.0265
161 0.1013 0.0936 0.2391 0.4539 0.0268 0.0853
162 0.0803 0.1345 0.3953 0.3489 0.0183 0.0227
163 0.0716 0.2479 0.5371 0.1276 0.0069 0.0088
164 0.1322 0.1407 0.3708 0.3003 0.0429 0.0132
165 0.1281 0.2864 0.2229 0.3096 0.0403 0.0129
166 0.1208 0.2922 0.1127 0.4058 0.0617 0.0068
167 0.0582 0.1820 0.0807 0.6060 0.0629 0.0100
168 0.1301 0.4797 0.1148 0.1632 0.0967 0.0154
169 0.0573 0.3430 0.1038 0.3828 0.0945 0.0186
170 0.1716 0.0566 0.2830 0.3577 0.0524 0.0786
171 0.0609 0.0326 0.7661 0.0680 0.0084 0.0639
172 0.0898 0.0667 0.7632 0.0511 0.0056 0.0234
173 0.0955 0.1285 0.6631 0.0677 0.0071 0.0383
174 0.0588 0.0779 0.7993 0.0458 0.0065 0.0118
175 0.0806 0.0678 0.6851 0.0844 0.0041 0.0781
176 0.0284 0.0482 0.2338 0.5972 0.0266 0.0659
177 0.1174 0.0331 0.7661 0.0432 0.0034 0.0370
178 0.1388 0.0138 0.7271 0.0241 0.0040 0.0924
179 0.0357 0.3184 0.1002 0.5010 0.0130 0.0320
180 0.0425 0.4500 0.1438 0.3477 0.0045 0.0118
181 0.0634 0.3347 0.1779 0.3945 0.0112 0.0183
182 0.0901 0.0204 0.8423 0.0364 0.0036 0.0073
183 0.0654 0.0416 0.8486 0.0319 0.0032 0.0094
184 0.0598 0.0767 0.8511 0.0085 0.0023 0.0019
185 0.0280 0.0427 0.8315 0.0891 0.0026 0.0059
186 0.0455 0.0360 0.8457 0.0402 0.0014 0.0313
187 0.0642 0.0369 0.8589 0.0289 0.0042 0.0071
188 0.0707 0.1096 0.5923 0.1670 0.0088 0.0518
189 0.3323 0.0471 0.3428 0.1805 0.0624 0.0350
190 0.2312 0.0496 0.5996 0.0812 0.0147 0.0236
191 0.0503 0.0220 0.8916 0.0269 0.0043 0.0048
192 0.0985 0.6128 0.1715 0.0856 0.0271 0.0044
193 0.0683 0.6426 0.1492 0.1083 0.0255 0.0061
194 0.0486 0.5479 0.1222 0.2015 0.0538 0.0262
195 0.0540 0.6089 0.1946 0.1091 0.0280 0.0056
196 0.1229 0.2260 0.3965 0.2444 0.0054 0.0049
197 0.2705 0.3066 0.1934 0.1068 0.1093 0.0135
198 0.0329 0.1998 0.2729 0.3452 0.0260 0.1231
199 0.3311 0.2422 0.0750 0.0328 0.3184 0.0005
200 0.1564 0.1227 0.1171 0.0837 0.5049 0.0155
201 0.0753 0.1923 0.4006 0.2393 0.0252 0.0674
202 0.0563 0.0648 0.8013 0.0452 0.0067 0.0258
203 0.0997 0.0300 0.7969 0.0373 0.0119 0.0241
204 0.1965 0.0794 0.4714 0.1630 0.0139 0.0757
205 0.4202 0.0419 0.3484 0.1261 0.0245 0.0391
206 0.0569 0.0510 0.7847 0.0840 0.0068 0.0165
207 0.0554 0.0349 0.9009 0.0036 0.0010 0.0041
208 0.2120 0.0673 0.5332 0.1285 0.0294 0.0298
209 0.1090 0.0236 0.8184 0.0440 0.0017 0.0035
210 0.0573 0.0659 0.2690 0.5522 0.0204 0.0353
211 0.0561 0.1065 0.7056 0.1033 0.0062 0.0223
212 0.3528 0.1201 0.0928 0.0292 0.3999 0.0052
213 0.1000 0.3491 0.3130 0.2255 0.0092 0.0030
214 0.0679 0.1542 0.4824 0.1320 0.1438 0.0198
215 0.2913 0.0630 0.1725 0.0840 0.3738 0.0154
216 0.2778 0.1079 0.1185 0.0121 0.4763 0.0073
217 0.0812 0.1164 0.4460 0.2793 0.0229 0.0541
218 0.0351 0.0688 0.8643 0.0245 0.0031 0.0042
219 0.0378 0.0422 0.8613 0.0390 0.0026 0.0172
220 0.1278 0.0360 0.5464 0.2010 0.0463 0.0421
221 0.1002 0.0536 0.7290 0.0934 0.0181 0.0059
222 0.0712 0.2646 0.3193 0.2954 0.0264 0.0229
223 0.0510 0.0874 0.5879 0.1582 0.0193 0.0960
224 0.0664 0.0614 0.7480 0.0922 0.0165 0.0153
225 0.0671 0.0530 0.8301 0.0385 0.0063 0.0052
226 0.0692 0.0172 0.4731 0.3054 0.0076 0.1273
227 0.0369 0.1829 0.6089 0.1492 0.0013 0.0210
228 0.0499 0.0656 0.7383 0.1323 0.0097 0.0042
229 0.1465 0.0487 0.7671 0.0189 0.0024 0.0164
230 0.0570 0.0085 0.8247 0.0709 0.0070 0.0320
231 0.4148 0.0672 0.0862 0.0469 0.3748 0.0101
232 0.1818 0.0859 0.1028 0.0281 0.5962 0.0055
233 0.1174 0.0680 0.3733 0.3975 0.0219 0.0221
234 0.2512 0.0569 0.3862 0.1548 0.0183 0.1324
235 0.0743 0.0970 0.8120 0.0085 0.0033 0.0049
236 0.2373 0.0171 0.5103 0.2062 0.0175 0.0116
237 0.1080 0.0457 0.5229 0.2114 0.0166 0.0953
238 0.0238 0.0732 0.8647 0.0238 0.0041 0.0104
239 0.1542 0.0533 0.6968 0.0825 0.0130 0.0004
240 0.0209 0.0075 0.9609 0.0075 0.0027 0.0005
241 0.0607 0.0588 0.6528 0.1899 0.0287 0.0092
242 0.0665 0.0044 0.8896 0.0350 0.0024 0.0021
243 0.1227 0.0196 0.5249 0.2722 0.0182 0.0424
244 0.0324 0.0193 0.8291 0.1122 0.0055 0.0017
245 0.0485 0.0199 0.5464 0.3584 0.0114 0.0151
246 0.0421 0.0225 0.4744 0.4456 0.0053 0.0103
247 0.0665 0.0990 0.4873 0.3247 0.0093 0.0132
248 0.0496 0.1238 0.5049 0.3162 0.0044 0.0010
249 0.3103 0.0097 0.4045 0.2035 0.0461 0.0259
250 0.2014 0.0103 0.3120 0.3374 0.0086 0.1301
251 0.1951 0.0563 0.6104 0.1069 0.0168 0.0148
252 0.1001 0.0688 0.7998 0.0193 0.0098 0.0024
253 0.1199 0.0566 0.2991 0.3723 0.0160 0.1359
254 0.0527 0.1152 0.4626 0.2400 0.0229 0.1065
255 0.0683 0.3577 0.2498 0.2383 0.0055 0.0804
256 0.0366 0.0919 0.6787 0.1276 0.0111 0.0540
257 0.0606 0.1262 0.6826 0.0778 0.0111 0.0420
258 0.1140 0.0271 0.5107 0.2778 0.0514 0.0188
259 0.0442 0.0845 0.3909 0.4570 0.0116 0.0115
260 0.0790 0.1793 0.5029 0.2197 0.0110 0.0079
261 0.1605 0.2410 0.5688 0.0214 0.0055 0.0027
262 0.0586 0.1351 0.7305 0.0375 0.0042 0.0339
263 0.0231 0.0554 0.8931 0.0141 0.0018 0.0124
264 0.1541 0.0217 0.2856 0.4973 0.0246 0.0169
265 0.0637 0.0326 0.2025 0.6387 0.0184 0.0442
266 0.0687 0.1080 0.3770 0.3770 0.0198 0.0495
267 0.1232 0.0796 0.4797 0.2734 0.0221 0.0219
268 0.1090 0.1008 0.6836 0.0810 0.0115 0.0140
269 0.0854 0.0518 0.5928 0.2433 0.0085 0.0183
270 0.1048 0.1346 0.5366 0.1974 0.0132 0.0134
271 0.1490 0.1198 0.5898 0.1217 0.0112 0.0085
272 0.1580 0.1847 0.4573 0.1791 0.0161 0.0048
273 0.1190 0.0558 0.3726 0.3726 0.0428 0.0374
274 0.1136 0.1553 0.1349 0.1288 0.0181 0.4492
275 0.4197 0.3647 0.0701 0.0231 0.0853 0.0370
276 0.5723 0.2539 0.0837 0.0133 0.0613 0.0153
277 0.5776 0.2524 0.0807 0.0120 0.0623 0.0147
278 0.5776 0.2524 0.0807 0.0120 0.0623 0.0147
279 0.1056 0.1973 0.1040 0.2380 0.0298 0.3252
