time exciting_prob fearful_prob tense_prob sad_prob relaxing_prob neutral_prob
0 0.1136 0.1553 0.1349 0.1288 0.0181 0.4492
1 0.0230 0.4199 0.0801 0.4136 0.0494 0.0140
2 0.0301 0.4673 0.1471 0.3367 0.0143 0.0047
3 0.0275 0.4988 0.2432 0.2112 0.0096 0.0097
4 0.0352 0.3611 0.3501 0.2156 0.0113 0.0268
5 0.0786 0.3157 0.3257 0.2310 0.0200 0.0291
6 0.0328 0.3289 0.2561 0.3669 0.0109 0.0044
7 0.0496 0.2764 0.6328 0.0343 0.0020 0.0048
8 0.0919 0.0612 0.1516 0.4121 0.0045 0.2788
9 0.0470 0.1010 0.1978 0.2703 0.0025 0.3813
10 0.2837 0.0668 0.2208 0.3420 0.0643 0.0224
11 0.2605 0.1484 0.1111 0.3372 0.1147 0.0281
12 0.2910 0.0771 0.1908 0.3794 0.0468 0.0151
13 0.0594 0.1118 0.1412 0.6040 0.0296 0.0540
14 0.0649 0.3147 0.1312 0.3003 0.0930 0.0959
15 0.1155 0.2815 0.1249 0.1483 0.1331 0.1965
16 0.0682 0.4736 0.1073 0.1537 0.0410 0.1561
17 0.0618 0.1932 0.0657 0.3843 0.0047 0.2900
18 0.1422 0.2383 0.2037 0.1445 0.0177 0.2537
19 0.1018 0.2539 0.1639 0.1516 0.0627 0.2661
20 0.1282 0.2888 0.1672 0.1534 0.0151 0.2471
21 0.0967 0.4836 0.0802 0.1158 0.0471 0.1765
22 0.0909 0.4172 0.1334 0.1925 0.0124 0.1534
23 0.1720 0.2974 0.2124 0.1052 0.0384 0.1747
24 0.1012 0.4644 0.2013 0.1580 0.0165 0.0586
25 0.2920 0.0434 0.3157 0.2744 0.0296 0.0448
26 0.2615 0.0597 0.2418 0.2255 0.0869 0.1245
27 0.0617 0.0488 0.1627 0.6333 0.0336 0.0598
28 0.1006 0.1498 0.1954 0.4507 0.0370 0.0665
29 0.2991 0.1033 0.2852 0.2328 0.0244 0.0553
30 0.1721 0.1383 0.3044 0.3164 0.0349 0.0339
31 0.1096 0.0228 0.1923 0.3374 0.0258 0.3120
32 0.2220 0.0607 0.2438 0.2678 0.1000 0.1057
33 0.2018 0.0129 0.0868 0.5659 0.0560 0.0766
34 0.3174 0.0300 0.1132 0.3274 0.1022 0.1097
35 0.3813 0.0289 0.2725 0.1505 0.0411 0.1257
36 0.0875 0.1178 0.1584 0.5361 0.0320 0.0682
37 0.1185 0.1924 0.6118 0.0655 0.0049 0.0070
38 0.2195 0.1450 0.3000 0.2030 0.0239 0.1086
39 0.1992 0.6089 0.1058 0.0455 0.0377 0.0028
40 0.3218 0.3218 0.2607 0.0501 0.0387 0.0068
41 0.2554 0.2437 0.3774 0.0785 0.0315 0.0135
42 0.2793 0.3188 0.2465 0.1210 0.0222 0.0121
43 0.1855 0.1945 0.3748 0.1422 0.0515 0.0515
44 0.3242 0.2952 0.2976 0.0568 0.0148 0.0113
45 0.3167 0.2262 0.3423 0.0679 0.0141 0.0328
46 0.2656 0.3411 0.2742 0.0732 0.0039 0.0420
47 0.2798 0.2355 0.1750 0.2754 0.0204 0.0140
48 0.1255 0.0823 0.3926 0.2069 0.1637 0.0291
49 0.1566 0.1803 0.1591 0.4531 0.0294 0.0214
50 0.1853 0.2003 0.2133 0.3516 0.0143 0.0351
51 0.2395 0.1323 0.2395 0.3223 0.0277 0.0385
52 0.3098 0.0279 0.1087 0.4651 0.0304 0.0582
53 0.0725 0.1071 0.4170 0.3918 0.0023 0.0091
54 0.1083 0.1992 0.2311 0.4456 0.0027 0.0131
55 0.1045 0.1130 0.2976 0.4067 0.0400 0.0381
56 0.1823 0.3076 0.1896 0.2434 0.0067 0.0703
57 0.1530 0.1733 0.1707 0.4861 0.0077 0.0093
58 0.2944 0.0830 0.2639 0.2639 0.0144 0.0804
59 0.0778 0.1956 0.1114 0.5571 0.0072 0.0510
60 0.1628 0.1393 0.0942 0.5596 0.0012 0.0431
61 0.6973 0.1921 0.0336 0.0634 0.0025 0.0113
62 0.0958 0.0442 0.3728 0.4714 0.0094 0.0064
63 0.1326 0.1550 0.1991 0.3777 0.1025 0.0330
64 0.1271 0.0649 0.0436 0.7314 0.0042 0.0288
65 0.2255 0.0933 0.5322 0.1040 0.0374 0.0075
66 0.6841 0.1527 0.0704 0.0780 0.0046 0.0100
67 0.4487 0.1731 0.0978 0.2384 0.0097 0.0323
68 0.3840 0.0831 0.0805 0.3606 0.0185 0.0733
69 0.2568 0.0834 0.3977 0.1658 0.0600 0.0364
70 0.1696 0.0471 0.3943 0.3320 0.0390 0.0180
71 0.1931 0.0934 0.0371 0.6333 0.0110 0.0320
72 0.3145 0.3374 0.0457 0.2798 0.0163 0.0064
73 0.4736 0.1143 0.0191 0.3660 0.0086 0.0186
74 0.3828 0.3027 0.1387 0.1387 0.0322 0.0051
75 0.2087 0.0354 0.5166 0.1600 0.0294 0.0500
76 0.3633 0.0276 0.5044 0.0823 0.0110 0.0116
77 0.1213 0.0945 0.5352 0.0748 0.0945 0.0796
78 0.0461 0.2032 0.5190 0.1354 0.0141 0.0822
79 0.1392 0.1019 0.2812 0.2405 0.0250 0.2123
80 0.5454 0.0919 0.0667 0.2102 0.0263 0.0598
81 0.4014 0.2825 0.1187 0.1740 0.0143 0.0092
82 0.5464 0.1627 0.0481 0.1888 0.0205 0.0336
83 0.1654 0.0757 0.0885 0.2242 0.0303 0.4158
84 0.0920 0.1918 0.4255 0.2242 0.0405 0.0260
85 0.3657 0.0144 0.1283 0.2937 0.0535 0.1443
86 0.0711 0.1903 0.2769 0.4094 0.0287 0.0235
87 0.2954 0.1311 0.1656 0.3120 0.0595 0.0364
88 0.1578 0.0336 0.0818 0.2261 0.0070 0.4937
89 0.2137 0.0994 0.0811 0.5630 0.0035 0.0389
90 0.0909 0.1063 0.2937 0.4546 0.0491 0.0054
91 0.1155 0.0563 0.3972 0.3730 0.0555 0.0025
92 0.1108 0.0593 0.3208 0.4595 0.0451 0.0044
93 0.1371 0.0633 0.3699 0.3938 0.0294 0.0066
94 0.3030 0.1177 0.1571 0.2590 0.0061 0.1571
95 0.1236 0.0738 0.2346 0.5122 0.0137 0.0421
96 0.1464 0.0714 0.5273 0.1252 0.0874 0.0426
97 0.2080 0.0945 0.2017 0.4072 0.0260 0.0625
98 0.2764 0.1467 0.1783 0.2556 0.1188 0.0241
99 0.1279 0.2142 0.5137 0.0936 0.0217 0.0288
100 0.5645 0.2563 0.0800 0.0746 0.0158 0.0088
101 0.3672 0.0086 0.1461 0.0794 0.0482 0.3503
102 0.1901 0.0411 0.4421 0.1017 0.0598 0.1652
103 0.1787 0.0657 0.4219 0.1678 0.0331 0.1328
104 0.1561 0.1466 0.3518 0.2417 0.0602 0.0437
105 0.1335 0.0890 0.4924 0.1869 0.0791 0.0191
106 0.0281 0.0595 0.5918 0.2045 0.0165 0.0997
107 0.2292 0.1600 0.3960 0.0926 0.0721 0.0500
108 0.1584 0.1355 0.2200 0.0969 0.0267 0.3625
109 0.2322 0.3740 0.2935 0.0854 0.0105 0.0043
110 0.2974 0.3118 0.2263 0.1183 0.0262 0.0199
111 0.0634 0.0334 0.3882 0.4832 0.0239 0.0081
112 0.1283 0.0708 0.3652 0.4014 0.0329 0.0014
113 0.1483 0.1361 0.1760 0.5259 0.0129 0.0011
114 0.2771 0.0658 0.1654 0.3672 0.0387 0.0858
115 0.1815 0.1482 0.2812 0.2367 0.0949 0.0576
116 0.2517 0.1871 0.2498 0.1758 0.0994 0.0363
117 0.1160 0.1549 0.2717 0.3438 0.0593 0.0544
118 0.1949 0.1339 0.2174 0.3394 0.0485 0.0658
119 0.0950 0.1721 0.1681 0.5303 0.0275 0.0072
120 0.2854 0.0549 0.1127 0.4089 0.0402 0.0979
121 0.2439 0.2537 0.3232 0.0773 0.0363 0.0657
122 0.1893 0.1521 0.4873 0.1364 0.0175 0.0173
123 0.0602 0.0683 0.4814 0.3691 0.0161 0.0049
124 0.1001 0.0417 0.6426 0.1783 0.0105 0.0269
125 0.0934 0.0762 0.5996 0.1665 0.0099 0.0545
126 0.0536 0.0553 0.7515 0.0744 0.0380 0.0274
127 0.0974 0.0712 0.5518 0.2263 0.0250 0.0285
128 0.0789 0.0391 0.5923 0.1671 0.0923 0.0302
129 0.1182 0.2644 0.3816 0.0806 0.1164 0.0390
130 0.1016 0.0398 0.3660 0.3384 0.0687 0.0856
131 0.0764 0.0595 0.7026 0.1112 0.0092 0.0409
132 0.0197 0.0388 0.8301 0.0961 0.0056 0.0097
133 0.0287 0.1501 0.7163 0.0829 0.0091 0.0126
134 0.0503 0.2168 0.1913 0.4380 0.0239 0.0798
135 0.5029 0.1633 0.0443 0.2472 0.0243 0.0178
136 0.4924 0.2964 0.0343 0.1160 0.0380 0.0229
137 0.1471 0.0942 0.3313 0.3755 0.0217 0.0301
138 0.0936 0.2125 0.2861 0.1270 0.0244 0.2563
139 0.1489 0.3008 0.2067 0.3008 0.0143 0.0286
140 0.0983 0.1293 0.2549 0.3352 0.0312 0.1511
141 0.0485 0.2024 0.2810 0.1731 0.0225 0.2725
142 0.2260 0.0781 0.3391 0.2332 0.0648 0.0589
143 0.0992 0.0407 0.3010 0.3745 0.0447 0.1399
144 0.1118 0.1626 0.5010 0.1100 0.0177 0.0971
145 0.1009 0.0786 0.3992 0.3867 0.0289 0.0056
146 0.1666 0.2683 0.2812 0.2278 0.0150 0.0408
147 0.2026 0.3140 0.2522 0.1934 0.0022 0.0358
148 0.4509 0.0991 0.0305 0.3682 0.0052 0.0461
149 0.5977 0.3052 0.0433 0.0404 0.0037 0.0096
150 0.4185 0.0877 0.0246 0.4453 0.0023 0.0217
151 0.3540 0.2114 0.0526 0.3540 0.0076 0.0203
152 0.5698 0.2957 0.0252 0.0983 0.0038 0.0070
153 0.1682 0.1848 0.2861 0.2335 0.0283 0.0989
154 0.2502 0.1210 0.0638 0.4751 0.0209 0.0690
155 0.0858 0.1404 0.2026 0.5254 0.0320 0.0138
156 0.2590 0.4270 0.2017 0.0967 0.0074 0.0083
157 0.1608 0.0534 0.0713 0.6558 0.0094 0.0494
158 0.1417 0.6450 0.1508 0.0559 0.0051 0.0015
159 0.1864 0.2249 0.3027 0.1752 0.0802 0.0307
160 0.1367 0.1410 0.4275 0.1410 0.1367 0.0171
161 0.0831 0.1577 0.4934 0.0689 0.1414 0.0554
162 0.0728 0.0762 0.3418 0.1858 0.0775 0.2461
163 0.0491 0.0645 0.6880 0.1488 0.0305 0.0189
164 0.1859 0.1163 0.3640 0.2074 0.1093 0.0170
165 0.1451 0.2301 0.2179 0.3621 0.0419 0.0028
166 0.1638 0.1901 0.2120 0.4023 0.0301 0.0018
167 0.2998 0.1078 0.3792 0.1643 0.0375 0.0114
168 0.1191 0.1678 0.4287 0.1887 0.0793 0.0162
169 0.2139 0.3782 0.2025 0.1639 0.0369 0.0047
170 0.2490 0.0490 0.2340 0.3513 0.0370 0.0796
171 0.1030 0.2396 0.4077 0.1660 0.0748 0.0089
172 0.4089 0.2898 0.0374 0.2520 0.0049 0.0071
173 0.1251 0.4797 0.2820 0.0610 0.0490 0.0033
174 0.0718 0.3318 0.3423 0.1832 0.0581 0.0126
175 0.1500 0.0527 0.5156 0.1572 0.1098 0.0145
176 0.2151 0.0646 0.4482 0.1478 0.0955 0.0287
177 0.1105 0.2610 0.1186 0.4727 0.0353 0.0020
178 0.1238 0.1602 0.3933 0.2922 0.0264 0.0040
179 0.1114 0.2822 0.4580 0.1453 0.0029 0.0002
180 0.3381 0.0861 0.2234 0.3103 0.0314 0.0108
181 0.0853 0.6255 0.1544 0.1203 0.0133 0.0012
182 0.0299 0.0995 0.7832 0.0825 0.0023 0.0026
183 0.2361 0.3687 0.2068 0.1674 0.0113 0.0099
184 0.0864 0.1639 0.5293 0.1917 0.0159 0.0131
185 0.0944 0.3142 0.2729 0.2605 0.0563 0.0017
186 0.1000 0.3865 0.3806 0.0856 0.0469 0.0005
187 0.0342 0.1292 0.1464 0.5107 0.1418 0.0376
188 0.0476 0.2133 0.1825 0.2271 0.3203 0.0094
189 0.0343 0.0359 0.1356 0.6997 0.0682 0.0263
190 0.0802 0.2047 0.5229 0.1594 0.0045 0.0282
191 0.1663 0.0704 0.4966 0.1587 0.0133 0.0948
192 0.0728 0.1182 0.2622 0.5054 0.0294 0.0118
193 0.1378 0.2069 0.3987 0.1854 0.0527 0.0184
194 0.0471 0.0429 0.0827 0.5923 0.2047 0.0304
195 0.0284 0.3296 0.3508 0.2162 0.0680 0.0071
196 0.0462 0.3130 0.2151 0.2595 0.1411 0.0251
197 0.0348 0.0945 0.3003 0.3247 0.1765 0.0692
198 0.1509 0.2162 0.5024 0.0795 0.0235 0.0273
199 0.1410 0.1598 0.2593 0.4143 0.0189 0.0065
200 0.2292 0.3335 0.2421 0.1771 0.0140 0.0040
201 0.0262 0.2373 0.4795 0.2062 0.0085 0.0422
202 0.0247 0.2104 0.2832 0.3416 0.0662 0.0739
203 0.1429 0.3977 0.1908 0.1498 0.0093 0.1096
204 0.1019 0.4897 0.2313 0.1110 0.0104 0.0558
205 0.1064 0.1081 0.1410 0.1838 0.0263 0.4343
206 0.0999 0.0423 0.1243 0.4993 0.1282 0.1063
207 0.1161 0.0584 0.2419 0.3748 0.0890 0.1198
208 0.1852 0.1344 0.2065 0.4172 0.0317 0.0251
209 0.0818 0.1127 0.1665 0.5547 0.0699 0.0145
210 0.2676 0.1741 0.1015 0.3228 0.1273 0.0070
211 0.1626 0.1390 0.1066 0.2991 0.2898 0.0030
212 0.0782 0.5220 0.3315 0.0501 0.0179 0.0005
213 0.2123 0.1666 0.2444 0.3088 0.0637 0.0042
214 0.1592 0.3560 0.2390 0.1862 0.0590 0.0005
215 0.1045 0.4036 0.2411 0.1848 0.0614 0.0046
216 0.1136 0.1553 0.1349 0.1288 0.0181 0.4492
