time exciting_prob fearful_prob tense_prob sad_prob relaxing_prob neutral_prob
0 0.1136 0.1553 0.1349 0.1288 0.0181 0.4492
1 0.1136 0.1553 0.1349 0.1288 0.0181 0.4492
2 0.1586 0.1973 0.3176 0.2986 0.0110 0.0170
3 0.2135 0.0897 0.3010 0.3574 0.0186 0.0197
4 0.1871 0.1092 0.3723 0.2876 0.0098 0.0341
5 0.2817 0.3044 0.1749 0.2061 0.0268 0.0061
6 0.2402 0.1266 0.2257 0.3606 0.0363 0.0105
7 0.0803 0.1014 0.1621 0.1132 0.5400 0.0031
8 0.0939 0.2532 0.2915 0.2781 0.0468 0.0365
9 0.2534 0.1974 0.2272 0.2167 0.0151 0.0903
10 0.3015 0.2832 0.1392 0.1639 0.0113 0.1010
11 0.0883 0.1411 0.1929 0.5669 0.0085 0.0021
12 0.1150 0.3125 0.4141 0.0999 0.0397 0.0186
13 0.1893 0.3650 0.3708 0.0514 0.0126 0.0108
14 0.1538 0.1676 0.2896 0.3464 0.0160 0.0267
15 0.0944 0.3945 0.2546 0.2356 0.0141 0.0066
16 0.2974 0.2861 0.3560 0.0352 0.0125 0.0128
17 0.1131 0.2510 0.1752 0.3948 0.0183 0.0479
18 0.1420 0.3101 0.1852 0.2913 0.0263 0.0454
19 0.1799 0.2498 0.4316 0.0774 0.0328 0.0285
20 0.1929 0.2476 0.4553 0.0704 0.0162 0.0175
21 0.2081 0.1149 0.4075 0.1186 0.1168 0.0340
22 0.0549 0.1257 0.1011 0.5815 0.0128 0.1238
23 0.0464 0.0894 0.0776 0.6704 0.0117 0.1044
24 0.1101 0.1349 0.2330 0.1815 0.0763 0.2642
25 0.0714 0.1039 0.1187 0.2360 0.0221 0.4478
26 0.0856 0.3494 0.4775 0.0566 0.0099 0.0211
27 0.1105 0.0660 0.4368 0.1821 0.1658 0.0388
28 0.1439 0.1406 0.5063 0.1193 0.0674 0.0222
29 0.4128 0.2262 0.1329 0.1405 0.0717 0.0159
30 0.1008 0.0992 0.4734 0.1854 0.1107 0.0303
31 0.1753 0.0606 0.2510 0.3889 0.0803 0.0440
32 0.2441 0.1704 0.3086 0.1677 0.0756 0.0336
33 0.0652 0.0956 0.2600 0.4934 0.0102 0.0757
34 0.1390 0.0884 0.4216 0.2023 0.0651 0.0837
35 0.0316 0.0429 0.1696 0.5825 0.1183 0.0551
36 0.0445 0.2347 0.3062 0.2966 0.0452 0.0727
37 0.0718 0.0665 0.1498 0.5742 0.0908 0.0471
38 0.0414 0.0575 0.1125 0.5713 0.1798 0.0374
39 0.0606 0.0829 0.4480 0.3330 0.0068 0.0687
40 0.0942 0.0972 0.2683 0.4709 0.0114 0.0580
41 0.0511 0.1479 0.3132 0.3896 0.0536 0.0444
42 0.1591 0.1802 0.4255 0.1426 0.0270 0.0658
43 0.1479 0.1348 0.4055 0.1743 0.0434 0.0941
44 0.0337 0.1055 0.1014 0.7378 0.0164 0.0049
45 0.0502 0.2357 0.2394 0.3884 0.0538 0.0324
46 0.0890 0.0823 0.2006 0.5625 0.0291 0.0365
47 0.1302 0.0468 0.2395 0.4138 0.1205 0.0490
48 0.0939 0.0677 0.1133 0.6221 0.0051 0.0977
49 0.0443 0.1548 0.2634 0.4409 0.0083 0.0882
50 0.1164 0.1449 0.1949 0.4749 0.0143 0.0546
51 0.1135 0.0912 0.3232 0.3550 0.0301 0.0870
52 0.1287 0.0818 0.2330 0.1436 0.3186 0.0942
53 0.1166 0.0840 0.2932 0.1671 0.2588 0.0802
54 0.2158 0.0452 0.2245 0.4827 0.0095 0.0224
55 0.4116 0.1434 0.1625 0.1246 0.1134 0.0444
56 0.4307 0.0968 0.1536 0.1584 0.1366 0.0241
57 0.2910 0.1765 0.1954 0.1685 0.1429 0.0254
58 0.1564 0.0733 0.3335 0.3550 0.0466 0.0352
59 0.4272 0.0635 0.3276 0.1015 0.0447 0.0353
60 0.2308 0.0661 0.3574 0.2037 0.1024 0.0395
61 0.0808 0.1750 0.2671 0.1671 0.0168 0.2932
62 0.0874 0.0874 0.2267 0.5273 0.0144 0.0569
63 0.0528 0.2878 0.2969 0.3064 0.0249 0.0311
64 0.1346 0.0431 0.1305 0.6528 0.0100 0.0291
65 0.1005 0.0183 0.0681 0.6558 0.1213 0.0361
66 0.1854 0.0588 0.3105 0.2961 0.0523 0.0969
67 0.0891 0.1492 0.3992 0.2920 0.0448 0.0257
68 0.2472 0.1726 0.4729 0.0601 0.0300 0.0173
69 0.1080 0.0385 0.1571 0.5835 0.0742 0.0385
70 0.1081 0.0544 0.1810 0.5322 0.0291 0.0954
71 0.1290 0.0467 0.2229 0.4231 0.0471 0.1311
72 0.2927 0.1020 0.2974 0.1935 0.0701 0.0442
73 0.0641 0.0876 0.2920 0.2537 0.2742 0.0285
74 0.1361 0.0900 0.2729 0.4097 0.0149 0.0764
75 0.2042 0.1404 0.1859 0.2705 0.0618 0.1371
76 0.1206 0.0346 0.1000 0.7051 0.0150 0.0247
77 0.2418 0.0869 0.2576 0.2476 0.1016 0.0646
78 0.2761 0.0862 0.3127 0.1216 0.1254 0.0779
79 0.4009 0.0582 0.0543 0.3826 0.0620 0.0419
80 0.2583 0.0995 0.0746 0.3999 0.0712 0.0965
81 0.1899 0.0462 0.2637 0.3547 0.0354 0.1099
82 0.1343 0.0675 0.1724 0.5308 0.0304 0.0644
83 0.1110 0.0331 0.2010 0.5298 0.0415 0.0838
84 0.1305 0.0773 0.1840 0.3716 0.0651 0.1715
85 0.2457 0.0682 0.1467 0.3081 0.1357 0.0955
86 0.1315 0.0451 0.3926 0.2698 0.1008 0.0602
87 0.1058 0.1306 0.3308 0.3750 0.0141 0.0437
88 0.0735 0.1230 0.2446 0.4570 0.0089 0.0928
89 0.0775 0.0338 0.2876 0.4387 0.0083 0.1541
90 0.1326 0.0407 0.1899 0.5083 0.0688 0.0598
91 0.1050 0.0485 0.2295 0.3040 0.1541 0.1589
92 0.0540 0.0462 0.3013 0.5718 0.0059 0.0211
93 0.1241 0.0937 0.2178 0.4985 0.0356 0.0304
94 0.0360 0.0798 0.0856 0.6631 0.0069 0.1285
95 0.0905 0.0377 0.3108 0.0672 0.0948 0.3992
96 0.1175 0.1193 0.4331 0.2710 0.0228 0.0361
97 0.1018 0.1034 0.1370 0.5591 0.0399 0.0589
98 0.0773 0.1729 0.2456 0.2380 0.0836 0.1825
99 0.0828 0.1476 0.3596 0.3767 0.0059 0.0275
100 0.0699 0.0242 0.3037 0.5332 0.0064 0.0627
101 0.0695 0.0576 0.4602 0.3696 0.0165 0.0266
102 0.1466 0.1142 0.2306 0.2695 0.0947 0.1443
103 0.1503 0.1758 0.2898 0.1960 0.0710 0.1171
104 0.0533 0.0470 0.1919 0.6597 0.0285 0.0198
105 0.2500 0.0689 0.3755 0.2705 0.0067 0.0285
106 0.0472 0.0645 0.0909 0.7500 0.0237 0.0237
107 0.0588 0.0579 0.1411 0.6836 0.0346 0.0241
108 0.0723 0.0550 0.2747 0.4822 0.0418 0.0740
109 0.1246 0.1327 0.5415 0.1434 0.0253 0.0325
110 0.0887 0.0867 0.3096 0.3853 0.0551 0.0747
111 0.1238 0.1298 0.4897 0.2174 0.0290 0.0102
112 0.1505 0.1963 0.4287 0.1843 0.0301 0.0102
113 0.1406 0.0753 0.4612 0.2507 0.0297 0.0422
114 0.1414 0.3901 0.2330 0.1370 0.0912 0.0073
115 0.0885 0.0858 0.5508 0.2124 0.0053 0.0572
116 0.0814 0.2161 0.2952 0.3674 0.0224 0.0175
117 0.1381 0.1436 0.5547 0.1277 0.0086 0.0278
118 0.1788 0.2174 0.4636 0.1085 0.0169 0.0148
119 0.0764 0.0894 0.2391 0.5391 0.0119 0.0443
120 0.1110 0.3936 0.3210 0.1403 0.0062 0.0278
121 0.1085 0.2747 0.3875 0.1076 0.1043 0.0174
122 0.0777 0.1570 0.5068 0.2394 0.0065 0.0129
123 0.1283 0.1500 0.2847 0.3030 0.0200 0.1141
124 0.0851 0.0684 0.1802 0.5215 0.0212 0.1238
125 0.0983 0.2396 0.1986 0.2800 0.0188 0.1647
126 0.0595 0.1077 0.5645 0.2505 0.0080 0.0101
127 0.1292 0.1185 0.2610 0.3679 0.0560 0.0675
128 0.0667 0.1929 0.3494 0.3438 0.0085 0.0389
129 0.2639 0.0678 0.2330 0.4153 0.0043 0.0156
130 0.0781 0.0363 0.0941 0.6533 0.0113 0.1267
131 0.2355 0.0659 0.4006 0.1952 0.0062 0.0966
132 0.1344 0.0510 0.0881 0.6411 0.0053 0.0802
133 0.1832 0.1776 0.4641 0.1120 0.0148 0.0482
134 0.0800 0.1589 0.5337 0.2025 0.0161 0.0087
135 0.1290 0.1820 0.3508 0.3000 0.0035 0.0347
136 0.1476 0.0420 0.2065 0.5615 0.0080 0.0345
137 0.3335 0.2966 0.1960 0.0850 0.0500 0.0389
138 0.1898 0.1929 0.2615 0.2827 0.0236 0.0495
139 0.1348 0.0986 0.2852 0.4487 0.0075 0.0253
140 0.1169 0.0539 0.3152 0.4177 0.0515 0.0447
141 0.0414 0.2255 0.5005 0.1456 0.0392 0.0480
142 0.0334 0.3884 0.3826 0.1440 0.0197 0.0319
143 0.0515 0.2986 0.3330 0.0883 0.2219 0.0066
144 0.1663 0.2272 0.3203 0.2656 0.0089 0.0116
145 0.2086 0.1326 0.3206 0.2700 0.0261 0.0421
146 0.2844 0.0394 0.1398 0.4993 0.0204 0.0166
147 0.1626 0.1359 0.3721 0.3013 0.0088 0.0194
148 0.2539 0.1481 0.2832 0.1412 0.0244 0.1493
149 0.1666 0.3845 0.3264 0.0740 0.0151 0.0333
150 0.2190 0.2313 0.3213 0.1505 0.0529 0.0250
151 0.4153 0.1772 0.1287 0.1317 0.1135 0.0336
152 0.0896 0.0720 0.2252 0.5571 0.0171 0.0388
153 0.1260 0.0573 0.2861 0.4502 0.0229 0.0573
154 0.0999 0.1115 0.2632 0.4919 0.0074 0.0261
155 0.0647 0.1306 0.3284 0.3901 0.0283 0.0580
156 0.1037 0.0582 0.2864 0.4871 0.0316 0.0331
157 0.1159 0.1304 0.2717 0.4014 0.0146 0.0660
158 0.0431 0.2681 0.5674 0.1066 0.0049 0.0098
159 0.1624 0.4343 0.2761 0.0427 0.0483 0.0362
160 0.2498 0.3442 0.3086 0.0488 0.0294 0.0194
161 0.1372 0.3757 0.4224 0.0369 0.0248 0.0029
162 0.1166 0.1332 0.3914 0.3145 0.0165 0.0279
163 0.2155 0.3235 0.3962 0.0459 0.0099 0.0090
164 0.2274 0.0580 0.2517 0.3721 0.0575 0.0333
165 0.3076 0.2268 0.2778 0.0931 0.0692 0.0255
166 0.2312 0.0678 0.2312 0.4187 0.0117 0.0396
167 0.0880 0.3733 0.3704 0.1310 0.0131 0.0244
168 0.1301 0.0719 0.3826 0.2432 0.0967 0.0753
169 0.1283 0.0953 0.4338 0.2050 0.0953 0.0423
170 0.1000 0.0621 0.4551 0.3279 0.0118 0.0430
171 0.0977 0.1869 0.5083 0.1637 0.0148 0.0289
172 0.1044 0.2076 0.4429 0.1669 0.0304 0.0478
173 0.1115 0.0661 0.2167 0.5620 0.0130 0.0307
174 0.1418 0.2886 0.3074 0.2179 0.0201 0.0243
175 0.1227 0.0898 0.2922 0.3992 0.0193 0.0768
176 0.1921 0.2212 0.2864 0.2195 0.0118 0.0691
177 0.1018 0.2190 0.3843 0.1843 0.0185 0.0920
178 0.0706 0.0906 0.2313 0.5815 0.0129 0.0133
179 0.1852 0.0583 0.2915 0.3921 0.0223 0.0506
180 0.1538 0.0631 0.2382 0.5122 0.0095 0.0232
181 0.0418 0.1370 0.1963 0.5591 0.0164 0.0496
182 0.2090 0.0899 0.1859 0.2993 0.0800 0.1360
183 0.0948 0.0566 0.1423 0.5127 0.0994 0.0941
184 0.1047 0.1072 0.3652 0.3950 0.0079 0.0198
185 0.1265 0.1073 0.4309 0.2961 0.0111 0.0280
186 0.1877 0.2062 0.3218 0.2144 0.0217 0.0482
187 0.1421 0.2324 0.4048 0.1810 0.0221 0.0174
188 0.2102 0.2255 0.2291 0.2656 0.0401 0.0294
189 0.0838 0.1816 0.3137 0.3394 0.0590 0.0226
190 0.1505 0.1627 0.4973 0.1371 0.0177 0.0346
191 0.1064 0.0487 0.2051 0.4844 0.0310 0.1244
192 0.0784 0.0917 0.3252 0.3684 0.0168 0.1196
193 0.0888 0.1214 0.3513 0.3682 0.0188 0.0514
194 0.1111 0.1129 0.2625 0.3879 0.0442 0.0813
195 0.3015 0.0315 0.1144 0.3210 0.0208 0.2106
196 0.3108 0.0607 0.2363 0.1562 0.0191 0.2169
197 0.2412 0.1022 0.3621 0.1122 0.0359 0.1464
198 0.1931 0.0331 0.0728 0.6636 0.0182 0.0193
199 0.2052 0.0451 0.3438 0.2805 0.0287 0.0969
200 0.1992 0.0657 0.3552 0.2479 0.0287 0.1033
201 0.4333 0.0345 0.1697 0.2507 0.0086 0.1030
202 0.2993 0.0294 0.1318 0.4028 0.0067 0.1298
203 0.3765 0.0450 0.1792 0.2734 0.0214 0.1046
204 0.0506 0.3247 0.3171 0.2214 0.0123 0.0736
205 0.1494 0.1318 0.1043 0.5552 0.0331 0.0260
206 0.0878 0.1844 0.2971 0.3186 0.1003 0.0117
207 0.0881 0.0828 0.3076 0.4141 0.0861 0.0213
208 0.0760 0.2131 0.4043 0.2778 0.0055 0.0230
209 0.0773 0.0835 0.2871 0.4958 0.0064 0.0499
210 0.0701 0.0504 0.2644 0.5015 0.0276 0.0858
211 0.0616 0.1869 0.3035 0.3835 0.0155 0.0491
212 0.1029 0.0696 0.2842 0.4834 0.0221 0.0379
213 0.1080 0.2673 0.4338 0.1132 0.0216 0.0560
214 0.1317 0.2462 0.3965 0.1328 0.0338 0.0589
215 0.2120 0.5005 0.2103 0.0251 0.0341 0.0178
216 0.1940 0.0530 0.4954 0.2130 0.0297 0.0150
217 0.1868 0.1133 0.2827 0.3303 0.0243 0.0626
218 0.1305 0.0693 0.3203 0.4177 0.0305 0.0317
219 0.2832 0.0182 0.2312 0.2539 0.0061 0.2073
220 0.0663 0.0361 0.1471 0.6802 0.0209 0.0493
221 0.1334 0.0166 0.3860 0.2825 0.0280 0.1536
222 0.3208 0.0823 0.4385 0.0948 0.0190 0.0448
223 0.3328 0.1420 0.2695 0.1355 0.0376 0.0828
224 0.1331 0.0718 0.2354 0.5303 0.0092 0.0201
225 0.1785 0.2256 0.3896 0.1316 0.0255 0.0492
226 0.0756 0.2039 0.1434 0.2788 0.2072 0.0912
227 0.1545 0.2267 0.3298 0.2451 0.0100 0.0340
228 0.1451 0.2356 0.2932 0.3025 0.0084 0.0151
229 0.0293 0.0401 0.0621 0.7925 0.0476 0.0286
230 0.1138 0.0859 0.4502 0.2773 0.0546 0.0181
231 0.0543 0.1547 0.4011 0.3027 0.0429 0.0443
232 0.1958 0.1116 0.5493 0.1142 0.0066 0.0225
233 0.2301 0.1232 0.5308 0.0887 0.0093 0.0179
234 0.3318 0.2686 0.1832 0.0628 0.0435 0.1102
235 0.2416 0.2473 0.2416 0.0606 0.0946 0.1141
236 0.1140 0.2031 0.5029 0.1087 0.0644 0.0071
237 0.0759 0.1006 0.4302 0.2451 0.0490 0.0991
238 0.1384 0.0568 0.4609 0.1833 0.0559 0.1045
239 0.0851 0.0647 0.5859 0.2367 0.0084 0.0193
240 0.1584 0.2067 0.4729 0.1015 0.0133 0.0472
241 0.0620 0.1106 0.2651 0.4304 0.0121 0.1196
242 0.0530 0.0809 0.6069 0.2452 0.0023 0.0115
243 0.1283 0.0720 0.4766 0.2844 0.0113 0.0275
244 0.0405 0.0955 0.3606 0.4629 0.0108 0.0296
245 0.2568 0.1113 0.2712 0.2451 0.0464 0.0692
246 0.2617 0.0739 0.2458 0.2876 0.0500 0.0811
247 0.0609 0.0701 0.2905 0.3503 0.0820 0.1461
248 0.0464 0.1453 0.2050 0.4075 0.0206 0.1753
249 0.1173 0.1483 0.4497 0.2371 0.0190 0.0285
250 0.0815 0.2549 0.5479 0.0909 0.0073 0.0173
251 0.1963 0.3611 0.1328 0.1181 0.0800 0.1118
252 0.1002 0.0411 0.1190 0.4780 0.0213 0.2404
253 0.0213 0.0818 0.2991 0.4216 0.0185 0.1576
254 0.0227 0.0701 0.2191 0.3906 0.0116 0.2859
255 0.1490 0.0584 0.3257 0.4451 0.0107 0.0112
256 0.0975 0.1195 0.5190 0.2164 0.0122 0.0351
257 0.1107 0.1489 0.2456 0.2615 0.0098 0.2236
258 0.0526 0.1186 0.1895 0.5068 0.0156 0.1168
259 0.0417 0.1389 0.1702 0.5322 0.0087 0.1082
260 0.1038 0.1558 0.1970 0.4106 0.0241 0.1088
261 0.0746 0.1019 0.1720 0.2351 0.0164 0.3999
262 0.1226 0.0607 0.2344 0.2418 0.0300 0.3105
263 0.1028 0.1013 0.3479 0.3320 0.0264 0.0894
264 0.0684 0.1403 0.3262 0.3364 0.0180 0.1110
265 0.0527 0.0338 0.2654 0.6074 0.0208 0.0198
266 0.3462 0.1205 0.3408 0.0743 0.0848 0.0335
267 0.3081 0.1676 0.2874 0.1285 0.0804 0.0280
268 0.1774 0.0711 0.5376 0.1774 0.0154 0.0210
269 0.1266 0.0296 0.3721 0.4153 0.0084 0.0481
270 0.0488 0.0857 0.2766 0.4563 0.0190 0.1136
271 0.0783 0.1558 0.2649 0.2690 0.0088 0.2231
272 0.1975 0.0750 0.2700 0.1915 0.2136 0.0523
273 0.0483 0.0097 0.0660 0.8433 0.0113 0.0214
274 0.1177 0.0302 0.1355 0.6567 0.0101 0.0498
275 0.1639 0.0392 0.1774 0.4321 0.0259 0.1615
276 0.1288 0.0313 0.1268 0.4639 0.0432 0.2059
277 0.0742 0.0754 0.5747 0.2551 0.0031 0.0175
278 0.0652 0.0994 0.5991 0.1664 0.0027 0.0672
279 0.1670 0.1062 0.2627 0.4133 0.0080 0.0426
280 0.1733 0.0980 0.3447 0.1788 0.0950 0.1102
281 0.2157 0.1747 0.3164 0.2705 0.0107 0.0118
282 0.2200 0.1124 0.3276 0.3152 0.0075 0.0175
283 0.1656 0.1036 0.3850 0.1310 0.1473 0.0674
284 0.1855 0.0890 0.3577 0.2964 0.0278 0.0437
285 0.1218 0.0566 0.3159 0.4187 0.0207 0.0662
286 0.0685 0.0534 0.7139 0.1271 0.0056 0.0314
287 0.0293 0.2323 0.3831 0.2397 0.0969 0.0188
288 0.0198 0.1112 0.2839 0.4983 0.0624 0.0244
289 0.2212 0.2283 0.4756 0.0505 0.0115 0.0128
290 0.2478 0.1348 0.4705 0.1135 0.0149 0.0187
291 0.0525 0.2908 0.2229 0.2263 0.1631 0.0446
292 0.2781 0.0188 0.0862 0.4883 0.0162 0.1124
293 0.2468 0.0342 0.1486 0.4832 0.0120 0.0753
294 0.2012 0.0537 0.3423 0.2280 0.1020 0.0729
295 0.0637 0.1248 0.3723 0.3286 0.0134 0.0972
296 0.0652 0.1109 0.3472 0.4187 0.0168 0.0414
297 0.3481 0.0224 0.0670 0.3171 0.0059 0.2394
298 0.3499 0.0285 0.0459 0.4187 0.0057 0.1516
299 0.1266 0.0830 0.3442 0.3335 0.0229 0.0898
300 0.2771 0.1846 0.3877 0.0892 0.0173 0.0442
301 0.3123 0.2357 0.3003 0.0815 0.0186 0.0514
302 0.1267 0.2461 0.4287 0.0920 0.0102 0.0964
303 0.1357 0.0065 0.0229 0.7930 0.0327 0.0089
304 0.3708 0.0110 0.0134 0.5566 0.0446 0.0035
305 0.6831 0.0340 0.0164 0.1443 0.1206 0.0013
306 0.0924 0.1648 0.1699 0.5659 0.0049 0.0019
307 0.2482 0.0242 0.2368 0.3340 0.0110 0.1459
308 0.2991 0.0289 0.1481 0.3840 0.0074 0.1327
309 0.4102 0.0582 0.2062 0.1384 0.0339 0.1532
310 0.6123 0.0539 0.1754 0.0597 0.0298 0.0687
311 0.2900 0.1084 0.3499 0.2089 0.0204 0.0225
312 0.3127 0.1141 0.2847 0.2183 0.0186 0.0515
313 0.8345 0.0224 0.0126 0.1300 0.0006 0.0000
314 0.8315 0.0211 0.0129 0.1337 0.0006 0.0000
315 0.8872 0.0281 0.0138 0.0706 0.0005 0.0000
316 0.8608 0.0367 0.0155 0.0865 0.0006 0.0000
317 0.8652 0.0335 0.0187 0.0817 0.0007 0.0000
318 0.4189 0.1060 0.0745 0.3162 0.0104 0.0740
319 0.9351 0.0197 0.0357 0.0076 0.0019 0.0001
320 0.9277 0.0207 0.0401 0.0091 0.0020 0.0001
321 0.9199 0.0211 0.0488 0.0081 0.0018 0.0002
322 0.1121 0.1556 0.1351 0.1290 0.0180 0.4502
