time exciting_prob fearful_prob tense_prob sad_prob relaxing_prob neutral_prob
0 0.1136 0.1553 0.1349 0.1288 0.0181 0.4492
1 0.0704 0.0365 0.0191 0.1066 0.6895 0.0779
2 0.4294 0.0290 0.0117 0.0297 0.4905 0.0096
3 0.6777 0.0123 0.0135 0.0232 0.2676 0.0057
4 0.7231 0.0126 0.0108 0.0212 0.2275 0.0049
5 0.1067 0.0805 0.1034 0.1190 0.5171 0.0733
6 0.2964 0.0993 0.0511 0.1057 0.4382 0.0092
7 0.2551 0.1215 0.0841 0.0334 0.4917 0.0142
8 0.2310 0.0261 0.0289 0.1664 0.5454 0.0023
9 0.1527 0.1445 0.0508 0.1348 0.5166 0.0007
10 0.1501 0.0472 0.0410 0.1008 0.6572 0.0034
11 0.3816 0.0728 0.0541 0.1438 0.3420 0.0055
12 0.0495 0.1031 0.1622 0.3894 0.2805 0.0153
13 0.1844 0.1760 0.2622 0.1802 0.1903 0.0068
14 0.0919 0.0251 0.1337 0.0523 0.6948 0.0022
15 0.0671 0.0682 0.5278 0.1366 0.1942 0.0061
16 0.1572 0.0461 0.1106 0.1971 0.4729 0.0159
17 0.2311 0.1481 0.0594 0.0919 0.4634 0.0062
18 0.2233 0.0790 0.1725 0.1223 0.3918 0.0112
19 0.1630 0.0648 0.3267 0.1361 0.2881 0.0214
20 0.1663 0.0785 0.0779 0.2805 0.3630 0.0338
21 0.0974 0.1384 0.0807 0.2179 0.4541 0.0114
22 0.1525 0.0583 0.0621 0.4146 0.2805 0.0320
23 0.1918 0.1238 0.0384 0.2971 0.3474 0.0017
24 0.1555 0.1012 0.0352 0.1416 0.5601 0.0062
25 0.1364 0.0577 0.2734 0.2231 0.3049 0.0046
26 0.1298 0.0316 0.2969 0.2581 0.2683 0.0156
27 0.0574 0.0359 0.3174 0.1442 0.4338 0.0111
28 0.1074 0.0544 0.3284 0.1401 0.3635 0.0061
29 0.1836 0.0547 0.0777 0.3796 0.2842 0.0203
30 0.2225 0.1578 0.1831 0.2502 0.1733 0.0129
31 0.0371 0.0617 0.3606 0.3232 0.2087 0.0085
32 0.0766 0.0875 0.3174 0.2065 0.3005 0.0116
33 0.0497 0.0820 0.5693 0.2046 0.0807 0.0134
34 0.1392 0.0632 0.0452 0.1553 0.5723 0.0248
35 0.2146 0.0874 0.0670 0.1880 0.4302 0.0128
36 0.1131 0.0284 0.0453 0.1149 0.6929 0.0056
37 0.1223 0.0874 0.2844 0.1851 0.3098 0.0112
38 0.1013 0.0429 0.4067 0.1300 0.3118 0.0072
39 0.1328 0.0448 0.0415 0.0844 0.6904 0.0060
40 0.0702 0.0364 0.3706 0.2710 0.2430 0.0087
41 0.1041 0.1266 0.0496 0.1327 0.5718 0.0152
42 0.1548 0.0939 0.0606 0.0611 0.6216 0.0080
43 0.0524 0.0396 0.4602 0.3936 0.0115 0.0428
44 0.1505 0.0222 0.2482 0.5591 0.0127 0.0070
45 0.2832 0.0205 0.2040 0.1218 0.0067 0.3638
46 0.2949 0.0533 0.2208 0.1542 0.0042 0.2727
47 0.1769 0.0621 0.6226 0.1335 0.0024 0.0028
48 0.1412 0.0238 0.1857 0.4119 0.2311 0.0064
49 0.1366 0.0284 0.1957 0.4956 0.1344 0.0093
50 0.1366 0.0423 0.2166 0.4844 0.1151 0.0052
51 0.2164 0.0255 0.1487 0.3125 0.2913 0.0058
52 0.2981 0.0252 0.1909 0.2413 0.2357 0.0087
53 0.0076 0.0864 0.1747 0.6001 0.1219 0.0094
54 0.0505 0.1656 0.3293 0.3506 0.0894 0.0145
55 0.1954 0.0560 0.3027 0.1522 0.0203 0.2734
56 0.3091 0.0500 0.3213 0.1530 0.0231 0.1437
57 0.4348 0.0411 0.1703 0.2966 0.0398 0.0173
58 0.1970 0.0322 0.2913 0.3352 0.0250 0.1195
59 0.1982 0.0989 0.4165 0.1497 0.0446 0.0922
60 0.2896 0.0622 0.3413 0.1550 0.1306 0.0213
61 0.1190 0.0357 0.2040 0.4456 0.1744 0.0212
62 0.0419 0.0783 0.2510 0.2510 0.3708 0.0072
63 0.1737 0.1892 0.1631 0.1581 0.2954 0.0204
64 0.2305 0.1726 0.0569 0.1647 0.3433 0.0319
65 0.1377 0.1150 0.0518 0.0583 0.6313 0.0057
66 0.1901 0.0265 0.3960 0.2478 0.0646 0.0750
67 0.1503 0.0317 0.5898 0.1730 0.0167 0.0386
68 0.1791 0.0319 0.4431 0.2487 0.0319 0.0654
69 0.2725 0.1614 0.0549 0.2423 0.2539 0.0151
70 0.0240 0.1818 0.6343 0.1372 0.0027 0.0199
71 0.0532 0.0562 0.7759 0.0949 0.0143 0.0053
72 0.1655 0.0653 0.0214 0.0758 0.6699 0.0019
73 0.2167 0.0810 0.0651 0.0848 0.5361 0.0162
74 0.1075 0.1144 0.1458 0.4597 0.1458 0.0268
75 0.0542 0.0634 0.1373 0.4985 0.2281 0.0184
76 0.0734 0.1093 0.2971 0.3696 0.1278 0.0227
77 0.0671 0.0117 0.1465 0.7559 0.0053 0.0137
78 0.1528 0.0240 0.2876 0.4456 0.0055 0.0844
79 0.1046 0.0388 0.2798 0.3887 0.1632 0.0248
80 0.0956 0.0289 0.0673 0.1627 0.6094 0.0363
81 0.0512 0.0872 0.1471 0.1578 0.5469 0.0099
82 0.1243 0.1022 0.1725 0.2285 0.3457 0.0267
83 0.0780 0.0667 0.1481 0.1718 0.5088 0.0267
84 0.4978 0.0301 0.0581 0.3701 0.0100 0.0339
85 0.1417 0.0073 0.0513 0.7778 0.0029 0.0189
86 0.1849 0.0348 0.1030 0.6260 0.0093 0.0423
87 0.1301 0.0168 0.2356 0.5308 0.0075 0.0789
88 0.2644 0.0166 0.1604 0.5020 0.0033 0.0533
89 0.2261 0.0181 0.5508 0.1934 0.0005 0.0113
90 0.1847 0.0266 0.1818 0.5776 0.0121 0.0170
91 0.2360 0.0895 0.1302 0.4141 0.1063 0.0237
92 0.2861 0.0718 0.0237 0.0915 0.5225 0.0044
93 0.2186 0.1033 0.0641 0.0194 0.5898 0.0048
94 0.3335 0.0570 0.1503 0.3550 0.0401 0.0641
95 0.4146 0.0667 0.1207 0.2678 0.0386 0.0918
96 0.2301 0.0299 0.1078 0.4434 0.0137 0.1750
97 0.2454 0.0211 0.0854 0.6074 0.0038 0.0368
98 0.5356 0.0601 0.0999 0.2452 0.0364 0.0228
99 0.0090 0.0215 0.1077 0.8081 0.0517 0.0022
100 0.0859 0.0373 0.0776 0.1462 0.6401 0.0127
101 0.0430 0.0843 0.2988 0.3181 0.2439 0.0120
102 0.2366 0.0263 0.1287 0.5415 0.0377 0.0292
103 0.2859 0.0240 0.1760 0.4031 0.0131 0.0980
104 0.3198 0.1595 0.1646 0.1387 0.2001 0.0173
105 0.2166 0.1302 0.0506 0.0692 0.5273 0.0059
106 0.1024 0.0227 0.0810 0.7681 0.0106 0.0151
107 0.1438 0.0219 0.1012 0.6753 0.0237 0.0341
108 0.2673 0.0569 0.2612 0.3889 0.0101 0.0156
109 0.2622 0.0987 0.1042 0.3875 0.1257 0.0219
110 0.1674 0.2183 0.0714 0.0535 0.4844 0.0051
111 0.2781 0.0144 0.3301 0.3201 0.0461 0.0115
112 0.5229 0.0123 0.0938 0.1940 0.1559 0.0209
113 0.3625 0.0362 0.4014 0.1432 0.0547 0.0018
114 0.3433 0.0574 0.4014 0.0539 0.1409 0.0031
115 0.2377 0.0237 0.3225 0.3513 0.0518 0.0130
116 0.1490 0.0199 0.3059 0.4053 0.0637 0.0562
117 0.5625 0.0267 0.1562 0.2152 0.0325 0.0068
118 0.2113 0.0277 0.4800 0.2197 0.0534 0.0076
119 0.2520 0.0320 0.3931 0.2460 0.0688 0.0082
120 0.4998 0.0359 0.2035 0.1989 0.0499 0.0121
121 0.5239 0.0257 0.1825 0.1927 0.0641 0.0110
122 0.1023 0.0645 0.2454 0.4307 0.0385 0.1187
123 0.0654 0.0271 0.1923 0.5923 0.0187 0.1045
124 0.4067 0.0429 0.3821 0.1184 0.0460 0.0038
125 0.4983 0.0432 0.2688 0.1406 0.0467 0.0022
126 0.4536 0.0581 0.2408 0.1086 0.1320 0.0070
127 0.0514 0.0376 0.5269 0.3003 0.0237 0.0601
128 0.6089 0.0305 0.1033 0.1930 0.0473 0.0171
129 0.6377 0.0136 0.0622 0.1886 0.0877 0.0101
130 0.0990 0.0331 0.7036 0.1385 0.0104 0.0155
131 0.0597 0.0395 0.8506 0.0345 0.0084 0.0074
132 0.3110 0.0369 0.1296 0.4121 0.0864 0.0238
133 0.0615 0.0635 0.6719 0.1672 0.0110 0.0249
134 0.2214 0.0309 0.5879 0.1038 0.0388 0.0173
135 0.1553 0.2947 0.3936 0.1318 0.0193 0.0054
136 0.0809 0.1443 0.2673 0.4409 0.0261 0.0404
137 0.2876 0.0095 0.1515 0.5205 0.0157 0.0151
138 0.3145 0.0281 0.1937 0.4436 0.0082 0.0118
139 0.2749 0.0266 0.2727 0.3816 0.0184 0.0260
140 0.2751 0.1069 0.3293 0.2710 0.0107 0.0069
141 0.3171 0.0400 0.0591 0.4951 0.0660 0.0228
142 0.5210 0.0768 0.1541 0.1978 0.0355 0.0150
143 0.2302 0.0146 0.3403 0.3049 0.0923 0.0176
144 0.6841 0.0448 0.2086 0.0451 0.0157 0.0020
145 0.3188 0.0096 0.3394 0.2815 0.0445 0.0062
146 0.3843 0.0122 0.2993 0.2520 0.0418 0.0105
147 0.2820 0.0148 0.4988 0.1737 0.0245 0.0060
148 0.3345 0.0432 0.1383 0.3911 0.0718 0.0211
149 0.5713 0.0191 0.1276 0.1991 0.0626 0.0202
150 0.0823 0.0377 0.1335 0.6577 0.0621 0.0267
151 0.0935 0.0623 0.3447 0.3669 0.0928 0.0396
152 0.5366 0.0208 0.1798 0.1959 0.0488 0.0181
153 0.5264 0.0347 0.1848 0.1484 0.0820 0.0235
154 0.6045 0.0146 0.1801 0.1381 0.0496 0.0131
155 0.2656 0.0141 0.3035 0.3835 0.0263 0.0071
156 0.1798 0.0096 0.3865 0.3574 0.0205 0.0462
157 0.1576 0.0132 0.5249 0.2441 0.0107 0.0492
158 0.4924 0.0114 0.1755 0.1840 0.1133 0.0234
159 0.4114 0.0225 0.3835 0.0904 0.0779 0.0144
160 0.4827 0.1094 0.2771 0.1120 0.0149 0.0040
161 0.1323 0.0052 0.1243 0.7041 0.0083 0.0257
162 0.0598 0.0322 0.8188 0.0458 0.0108 0.0327
163 0.1230 0.0378 0.5298 0.2502 0.0118 0.0470
164 0.2764 0.1207 0.3494 0.1783 0.0738 0.0015
165 0.3799 0.0305 0.2715 0.2651 0.0454 0.0075
166 0.4058 0.0296 0.2155 0.2206 0.1092 0.0196
167 0.2861 0.0250 0.2467 0.3479 0.0533 0.0409
168 0.3386 0.0699 0.2537 0.2274 0.0589 0.0515
169 0.1697 0.0827 0.3535 0.3296 0.0443 0.0203
170 0.1968 0.0659 0.2030 0.3945 0.0286 0.1113
171 0.4001 0.0321 0.1416 0.3701 0.0222 0.0339
172 0.5093 0.1043 0.1110 0.2058 0.0658 0.0038
173 0.3831 0.0176 0.0953 0.4512 0.0433 0.0094
174 0.4138 0.0191 0.1282 0.3826 0.0373 0.0191
175 0.5068 0.0216 0.0713 0.2864 0.1070 0.0071
176 0.5610 0.0578 0.2180 0.1233 0.0332 0.0065
177 0.1637 0.0641 0.2874 0.3989 0.0178 0.0682
178 0.1781 0.0703 0.4548 0.1454 0.1124 0.0388
179 0.1733 0.0988 0.3845 0.1517 0.1693 0.0222
180 0.1790 0.0412 0.5142 0.2263 0.0190 0.0206
181 0.1219 0.0520 0.4358 0.3447 0.0287 0.0169
182 0.5195 0.0397 0.0889 0.2891 0.0601 0.0027
183 0.6602 0.0166 0.0944 0.1567 0.0685 0.0037
184 0.1312 0.0760 0.5571 0.1559 0.0440 0.0359
185 0.0709 0.0365 0.4414 0.3774 0.0130 0.0607
186 0.1226 0.0726 0.3013 0.4702 0.0034 0.0301
187 0.2786 0.0242 0.1691 0.4595 0.0544 0.0142
188 0.3555 0.0349 0.1307 0.3667 0.1076 0.0043
189 0.3572 0.0379 0.3201 0.1399 0.1377 0.0072
190 0.2073 0.0800 0.1666 0.4390 0.0864 0.0208
191 0.3855 0.0213 0.2451 0.2302 0.1113 0.0064
192 0.2117 0.0519 0.3032 0.3833 0.0286 0.0213
193 0.1293 0.0174 0.2571 0.5278 0.0098 0.0587
194 0.1903 0.0355 0.3640 0.3528 0.0032 0.0541
195 0.2324 0.0249 0.4480 0.2379 0.0444 0.0122
196 0.0958 0.0210 0.4790 0.1997 0.1681 0.0364
197 0.0974 0.0759 0.5347 0.1736 0.0759 0.0425
198 0.1032 0.0904 0.5537 0.2307 0.0117 0.0104
199 0.0978 0.0431 0.3579 0.4119 0.0540 0.0352
200 0.0624 0.0439 0.3220 0.4836 0.0577 0.0302
201 0.4375 0.0437 0.1432 0.3127 0.0527 0.0103
202 0.5303 0.0341 0.2666 0.1020 0.0619 0.0053
203 0.1027 0.0653 0.4324 0.3447 0.0143 0.0405
204 0.1464 0.0429 0.3918 0.3918 0.0080 0.0192
205 0.2004 0.0515 0.4448 0.2418 0.0377 0.0238
206 0.2118 0.0709 0.1315 0.4626 0.0607 0.0626
207 0.4177 0.0208 0.1549 0.2476 0.1399 0.0191
208 0.2551 0.0201 0.5708 0.1234 0.0255 0.0051
209 0.0886 0.0958 0.2815 0.4570 0.0306 0.0463
210 0.0508 0.1208 0.4854 0.2517 0.0492 0.0421
211 0.1006 0.0569 0.5190 0.1793 0.0182 0.1262
212 0.1233 0.0327 0.1476 0.5928 0.0130 0.0909
213 0.2627 0.0385 0.4504 0.1863 0.0233 0.0388
214 0.3782 0.0405 0.1858 0.3364 0.0251 0.0338
215 0.3181 0.0386 0.2186 0.3059 0.0738 0.0448
216 0.0831 0.0261 0.2292 0.5249 0.0159 0.1208
217 0.0311 0.0344 0.5254 0.3726 0.0063 0.0306
218 0.0606 0.0167 0.5151 0.2891 0.0055 0.1132
219 0.1206 0.0401 0.3201 0.4446 0.0116 0.0630
220 0.3735 0.0789 0.3823 0.1544 0.0083 0.0025
221 0.2510 0.0543 0.4763 0.1836 0.0302 0.0046
222 0.6616 0.0376 0.2098 0.0530 0.0273 0.0105
223 0.1234 0.0348 0.4373 0.3569 0.0070 0.0407
224 0.0985 0.0205 0.3179 0.5493 0.0038 0.0100
225 0.1028 0.0568 0.1981 0.5142 0.0161 0.1121
226 0.0869 0.0911 0.5410 0.1783 0.0682 0.0343
227 0.0535 0.0616 0.6616 0.1956 0.0225 0.0052
228 0.3665 0.0333 0.1493 0.3962 0.0516 0.0031
229 0.3115 0.0482 0.2389 0.2905 0.0746 0.0363
230 0.4248 0.0368 0.3013 0.1198 0.0602 0.0570
231 0.1186 0.0247 0.1725 0.5747 0.0610 0.0486
232 0.1090 0.0823 0.3057 0.4663 0.0125 0.0241
233 0.3870 0.0584 0.2023 0.3284 0.0205 0.0034
234 0.0634 0.0914 0.6865 0.1240 0.0189 0.0160
235 0.0453 0.0237 0.7207 0.2002 0.0033 0.0068
236 0.0676 0.0522 0.7500 0.1283 0.0007 0.0014
237 0.3782 0.0473 0.3235 0.2404 0.0086 0.0021
238 0.0414 0.0516 0.4121 0.0837 0.3994 0.0119
239 0.0983 0.0472 0.4204 0.3125 0.0983 0.0232
240 0.3396 0.1249 0.4194 0.0723 0.0422 0.0017
241 0.1660 0.0440 0.3276 0.4478 0.0094 0.0053
242 0.6177 0.0131 0.0636 0.2457 0.0491 0.0108
243 0.0864 0.0688 0.4668 0.3110 0.0477 0.0193
244 0.0885 0.0818 0.7017 0.0928 0.0276 0.0075
245 0.1318 0.3699 0.3237 0.1404 0.0316 0.0027
246 0.2876 0.1338 0.2329 0.0451 0.2991 0.0017
247 0.1742 0.0238 0.0993 0.6890 0.0072 0.0064
248 0.3687 0.0122 0.0651 0.5361 0.0112 0.0065
249 0.4351 0.0129 0.2402 0.2681 0.0265 0.0171
250 0.4084 0.0130 0.2383 0.2920 0.0267 0.0215
251 0.4648 0.0334 0.1498 0.2374 0.0930 0.0214
252 0.2227 0.0872 0.1288 0.3188 0.0988 0.1437
253 0.6567 0.0682 0.2532 0.0151 0.0030 0.0035
254 0.8057 0.0289 0.1216 0.0298 0.0036 0.0103
255 0.8057 0.0289 0.1216 0.0298 0.0036 0.0102
256 0.1136 0.1553 0.1349 0.1288 0.0181 0.4492
