time exciting_prob fearful_prob tense_prob sad_prob relaxing_prob neutral_prob
0 0.1136 0.1553 0.1349 0.1288 0.0181 0.4492
1 0.0498 0.3171 0.0450 0.0952 0.4912 0.0017
2 0.0690 0.0628 0.1270 0.4294 0.2563 0.0555
3 0.0451 0.1389 0.0791 0.5405 0.1783 0.0179
4 0.0983 0.4763 0.2568 0.0097 0.1571 0.0018
5 0.0881 0.0854 0.1302 0.1114 0.5747 0.0104
6 0.0463 0.1669 0.1240 0.5474 0.1138 0.0018
7 0.1272 0.5146 0.0815 0.0121 0.2629 0.0015
8 0.2822 0.3682 0.2651 0.0108 0.0731 0.0008
9 0.1945 0.2917 0.4148 0.0113 0.0862 0.0013
10 0.0769 0.8203 0.0633 0.0039 0.0349 0.0005
11 0.2423 0.4856 0.1732 0.0106 0.0878 0.0004
12 0.2822 0.1909 0.4202 0.0332 0.0697 0.0038
13 0.0562 0.2681 0.1390 0.0077 0.5205 0.0085
14 0.1222 0.2145 0.1533 0.0436 0.4299 0.0367
15 0.2010 0.2426 0.4426 0.0187 0.0906 0.0045
16 0.2542 0.5469 0.0914 0.0590 0.0474 0.0013
17 0.2808 0.4021 0.2964 0.0004 0.0202 0.0001
18 0.2876 0.5332 0.0405 0.0008 0.1379 0.0002
19 0.4565 0.3843 0.0549 0.0007 0.1035 0.0001
20 0.4370 0.2339 0.2800 0.0055 0.0406 0.0028
21 0.1620 0.1766 0.6460 0.0063 0.0089 0.0002
22 0.3140 0.4360 0.1890 0.0013 0.0595 0.0001
23 0.3645 0.4331 0.0758 0.0024 0.1240 0.0001
24 0.3062 0.1600 0.1276 0.1227 0.2292 0.0544
25 0.1152 0.4148 0.2786 0.0155 0.1730 0.0031
26 0.1732 0.1602 0.1887 0.3752 0.0871 0.0156
27 0.1365 0.3679 0.1498 0.0075 0.3376 0.0007
28 0.3567 0.0909 0.0923 0.0660 0.3826 0.0116
29 0.1460 0.2815 0.4062 0.0073 0.1506 0.0085
30 0.3562 0.2335 0.3850 0.0056 0.0155 0.0041
31 0.0632 0.0684 0.0249 0.7583 0.0170 0.0684
32 0.1085 0.4094 0.3787 0.0083 0.0914 0.0036
33 0.2167 0.3923 0.1235 0.0012 0.2656 0.0006
34 0.0847 0.3245 0.5352 0.0348 0.0182 0.0028
35 0.1591 0.3557 0.4326 0.0018 0.0445 0.0063
36 0.0331 0.3618 0.5967 0.0016 0.0025 0.0043
37 0.3145 0.3428 0.2820 0.0370 0.0228 0.0010
38 0.4473 0.1879 0.3147 0.0329 0.0148 0.0024
39 0.5796 0.1838 0.1853 0.0156 0.0298 0.0061
40 0.5874 0.1417 0.2300 0.0041 0.0358 0.0012
41 0.6533 0.1436 0.1814 0.0047 0.0164 0.0006
42 0.0152 0.7256 0.2546 0.0009 0.0029 0.0008
43 0.1926 0.0253 0.1548 0.1548 0.4409 0.0315
44 0.3174 0.0275 0.1711 0.0665 0.4075 0.0100
45 0.4329 0.2566 0.1967 0.0012 0.1121 0.0007
46 0.2085 0.4277 0.2893 0.0178 0.0561 0.0005
47 0.2815 0.2625 0.3909 0.0277 0.0358 0.0017
48 0.1361 0.5342 0.3115 0.0048 0.0122 0.0012
49 0.2834 0.1903 0.5054 0.0034 0.0166 0.0008
50 0.0873 0.0860 0.8159 0.0023 0.0076 0.0007
51 0.8179 0.0583 0.0544 0.0155 0.0531 0.0008
52 0.8496 0.0578 0.0784 0.0022 0.0112 0.0007
53 0.7100 0.1912 0.0848 0.0020 0.0116 0.0004
54 0.4426 0.3787 0.1318 0.0039 0.0412 0.0019
55 0.5239 0.2893 0.1294 0.0049 0.0515 0.0014
56 0.5952 0.1110 0.0236 0.0098 0.2600 0.0004
57 0.5283 0.2720 0.1000 0.0090 0.0869 0.0037
58 0.4575 0.3455 0.1656 0.0039 0.0254 0.0021
59 0.2839 0.1921 0.4004 0.1121 0.0089 0.0026
60 0.3425 0.0521 0.1805 0.3320 0.0501 0.0425
61 0.3877 0.0071 0.0674 0.1164 0.3530 0.0684
62 0.3967 0.0052 0.1628 0.0572 0.3394 0.0387
63 0.4077 0.2434 0.2183 0.0660 0.0502 0.0143
64 0.5156 0.2893 0.1016 0.0067 0.0855 0.0013
65 0.4531 0.1460 0.1298 0.1360 0.1128 0.0224
66 0.4360 0.2485 0.1951 0.0145 0.0973 0.0086
67 0.3386 0.2070 0.1716 0.0038 0.2786 0.0003
68 0.1143 0.3809 0.4666 0.0124 0.0197 0.0061
69 0.3271 0.4167 0.2063 0.0077 0.0350 0.0071
70 0.0975 0.5029 0.3596 0.0126 0.0228 0.0043
71 0.6924 0.0696 0.0702 0.0067 0.1606 0.0002
72 0.4978 0.0638 0.2881 0.0757 0.0740 0.0007
73 0.0561 0.7446 0.1913 0.0027 0.0043 0.0010
74 0.2328 0.2639 0.2222 0.0049 0.2617 0.0145
75 0.4856 0.0781 0.2057 0.1705 0.0470 0.0131
76 0.2776 0.1375 0.2776 0.2063 0.0952 0.0061
77 0.1534 0.3433 0.2081 0.0073 0.2866 0.0012
78 0.2683 0.1815 0.3088 0.0554 0.1339 0.0520
79 0.2957 0.3376 0.0254 0.0025 0.3376 0.0008
80 0.1720 0.1720 0.3875 0.1426 0.1219 0.0041
81 0.0473 0.0166 0.0504 0.0589 0.8262 0.0006
82 0.0724 0.2412 0.3916 0.2489 0.0252 0.0208
83 0.4260 0.0801 0.3242 0.1230 0.0422 0.0046
84 0.2098 0.2759 0.0468 0.0050 0.4619 0.0006
85 0.0661 0.0118 0.0159 0.0140 0.8916 0.0007
86 0.1824 0.1727 0.0720 0.4480 0.1244 0.0005
87 0.1517 0.0254 0.3669 0.3967 0.0481 0.0113
88 0.4912 0.1879 0.2588 0.0095 0.0510 0.0017
89 0.5317 0.1713 0.1007 0.0019 0.1941 0.0004
90 0.4084 0.3108 0.2153 0.0018 0.0627 0.0008
91 0.0937 0.1750 0.5649 0.1384 0.0159 0.0121
92 0.0695 0.3877 0.5342 0.0039 0.0044 0.0005
93 0.0377 0.2678 0.6890 0.0043 0.0009 0.0002
94 0.1554 0.2028 0.0493 0.0009 0.5913 0.0005
95 0.2458 0.4888 0.2595 0.0039 0.0017 0.0001
96 0.2350 0.1163 0.2727 0.3528 0.0219 0.0013
97 0.6318 0.1560 0.1912 0.0032 0.0179 0.0001
98 0.5044 0.2537 0.2136 0.0010 0.0269 0.0001
99 0.3147 0.3623 0.2146 0.0796 0.0254 0.0033
100 0.2042 0.3020 0.4639 0.0170 0.0118 0.0011
101 0.2168 0.4050 0.3521 0.0177 0.0059 0.0026
102 0.5220 0.3044 0.1260 0.0023 0.0446 0.0005
103 0.4829 0.3423 0.1617 0.0061 0.0067 0.0003
104 0.4932 0.2460 0.2329 0.0027 0.0249 0.0004
105 0.6348 0.1021 0.1791 0.0065 0.0770 0.0003
106 0.3201 0.3743 0.2632 0.0192 0.0225 0.0009
107 0.5737 0.1473 0.1461 0.0025 0.1300 0.0003
108 0.4565 0.2705 0.2369 0.0138 0.0220 0.0002
109 0.2974 0.4866 0.0981 0.0381 0.0729 0.0068
110 0.6743 0.1067 0.1829 0.0017 0.0341 0.0003
111 0.3157 0.2637 0.3606 0.0383 0.0163 0.0053
112 0.2751 0.4678 0.1694 0.0845 0.0018 0.0013
113 0.1318 0.4390 0.3696 0.0405 0.0170 0.0021
114 0.1410 0.2289 0.6074 0.0149 0.0072 0.0004
115 0.3264 0.1554 0.4324 0.0071 0.0757 0.0028
116 0.0694 0.2876 0.6284 0.0052 0.0092 0.0002
117 0.3821 0.2410 0.3560 0.0025 0.0184 0.0002
118 0.3992 0.3662 0.1992 0.0039 0.0313 0.0002
119 0.2812 0.1816 0.4897 0.0308 0.0141 0.0024
120 0.3135 0.2366 0.4250 0.0106 0.0142 0.0003
121 0.6865 0.1281 0.1820 0.0004 0.0028 0.0001
122 0.1343 0.2130 0.6460 0.0045 0.0013 0.0010
123 0.8535 0.0628 0.0717 0.0032 0.0089 0.0001
124 0.2842 0.0654 0.6357 0.0025 0.0119 0.0002
125 0.1168 0.5396 0.3052 0.0157 0.0213 0.0014
126 0.2739 0.5117 0.1824 0.0054 0.0255 0.0013
127 0.8213 0.1036 0.0163 0.0023 0.0533 0.0034
128 0.1648 0.0491 0.2983 0.4478 0.0253 0.0147
129 0.1459 0.3667 0.3782 0.0964 0.0084 0.0046
130 0.6294 0.2666 0.0328 0.0352 0.0349 0.0011
131 0.2266 0.4797 0.2864 0.0026 0.0040 0.0007
132 0.4883 0.1235 0.3601 0.0014 0.0265 0.0002
133 0.3577 0.4148 0.1730 0.0080 0.0458 0.0008
134 0.7236 0.0689 0.1200 0.0011 0.0864 0.0002
135 0.7310 0.0559 0.1175 0.0023 0.0930 0.0004
136 0.2454 0.4207 0.2737 0.0095 0.0506 0.0002
137 0.5459 0.1576 0.2311 0.0296 0.0301 0.0060
138 0.7036 0.1510 0.0887 0.0154 0.0400 0.0014
139 0.2271 0.1399 0.5620 0.0450 0.0243 0.0019
140 0.5659 0.2822 0.1114 0.0209 0.0192 0.0003
141 0.6543 0.1268 0.1603 0.0027 0.0558 0.0003
142 0.1077 0.3730 0.4570 0.0572 0.0043 0.0010
143 0.0097 0.9224 0.0648 0.0027 0.0004 0.0000
144 0.1138 0.4067 0.4329 0.0204 0.0256 0.0004
145 0.2330 0.3337 0.2461 0.0739 0.1118 0.0014
146 0.1035 0.2058 0.3557 0.2812 0.0512 0.0024
147 0.3547 0.2986 0.3254 0.0018 0.0192 0.0001
148 0.0857 0.7939 0.1180 0.0006 0.0016 0.0001
149 0.4468 0.1892 0.3047 0.0049 0.0542 0.0002
150 0.4668 0.2240 0.2422 0.0044 0.0608 0.0016
151 0.1875 0.0545 0.2091 0.4749 0.0432 0.0308
152 0.1058 0.1664 0.2205 0.3750 0.1199 0.0123
153 0.1158 0.0771 0.4370 0.3098 0.0506 0.0097
154 0.0876 0.1514 0.6890 0.0420 0.0280 0.0021
155 0.2957 0.2607 0.2734 0.0840 0.0847 0.0015
156 0.3567 0.0522 0.4688 0.0765 0.0423 0.0036
157 0.2092 0.4163 0.3533 0.0029 0.0176 0.0008
158 0.1566 0.1239 0.6050 0.0481 0.0550 0.0113
159 0.1841 0.1975 0.5581 0.0108 0.0441 0.0053
160 0.3325 0.1659 0.4238 0.0410 0.0319 0.0048
161 0.2781 0.5156 0.1896 0.0034 0.0134 0.0002
162 0.4141 0.1442 0.4204 0.0058 0.0147 0.0009
163 0.2903 0.5776 0.0988 0.0082 0.0252 0.0001
164 0.4905 0.2524 0.1847 0.0370 0.0342 0.0010
165 0.5190 0.2844 0.1333 0.0070 0.0556 0.0005
166 0.8413 0.1104 0.0350 0.0011 0.0118 0.0003
167 0.4485 0.2852 0.2327 0.0013 0.0325 0.0001
168 0.0873 0.0833 0.3293 0.4163 0.0209 0.0629
169 0.3154 0.3057 0.3411 0.0238 0.0128 0.0012
170 0.2920 0.3899 0.3062 0.0018 0.0101 0.0001
171 0.1306 0.1317 0.4153 0.3135 0.0068 0.0021
172 0.6396 0.1643 0.1183 0.0060 0.0712 0.0004
173 0.1364 0.3591 0.3882 0.1021 0.0138 0.0004
174 0.3738 0.2081 0.2216 0.1851 0.0068 0.0047
175 0.2194 0.5430 0.1804 0.0061 0.0501 0.0010
176 0.5801 0.1169 0.2289 0.0203 0.0531 0.0006
177 0.2068 0.1489 0.2871 0.3357 0.0179 0.0035
178 0.8228 0.0998 0.0254 0.0018 0.0502 0.0001
179 0.7432 0.1104 0.1148 0.0012 0.0304 0.0000
180 0.6382 0.1493 0.1963 0.0072 0.0075 0.0014
181 0.6650 0.2092 0.0740 0.0028 0.0478 0.0010
182 0.1643 0.6011 0.2078 0.0214 0.0033 0.0019
183 0.2695 0.0896 0.3772 0.2455 0.0151 0.0032
184 0.3313 0.0885 0.0459 0.5215 0.0116 0.0014
185 0.5913 0.2837 0.1069 0.0067 0.0111 0.0002
186 0.1163 0.2971 0.4749 0.0906 0.0207 0.0005
187 0.5967 0.2546 0.1037 0.0214 0.0231 0.0001
188 0.8706 0.0767 0.0440 0.0015 0.0071 0.0001
189 0.3286 0.1075 0.4253 0.1318 0.0039 0.0027
190 0.3140 0.3999 0.1888 0.0892 0.0041 0.0040
191 0.3765 0.3591 0.2030 0.0367 0.0244 0.0003
192 0.1432 0.1572 0.1926 0.4768 0.0284 0.0018
193 0.4106 0.3540 0.2286 0.0023 0.0042 0.0001
194 0.5093 0.3667 0.1163 0.0026 0.0051 0.0002
195 0.7266 0.0945 0.1442 0.0015 0.0332 0.0001
196 0.4814 0.1652 0.1479 0.0029 0.2023 0.0002
197 0.5996 0.1678 0.1493 0.0035 0.0793 0.0003
