time exciting_prob fearful_prob tense_prob sad_prob relaxing_prob neutral_prob
0 0.0002 0.9946 0.0039 0.0010 0.0000 0.0000
1 0.0000 0.9980 0.0012 0.0006 0.0000 0.0000
2 0.0083 0.6392 0.0390 0.3066 0.0065 0.0003
3 0.0195 0.3882 0.4468 0.1095 0.0326 0.0035
4 0.0748 0.3379 0.1925 0.3433 0.0407 0.0108
5 0.0482 0.5923 0.2546 0.0853 0.0152 0.0042
6 0.0472 0.6724 0.1031 0.0835 0.0889 0.0051
7 0.1077 0.2793 0.2043 0.3701 0.0228 0.0156
8 0.0871 0.4636 0.1963 0.1602 0.0844 0.0085
9 0.0486 0.4033 0.4360 0.0563 0.0489 0.0067
10 0.1389 0.3774 0.2456 0.1433 0.0862 0.0085
11 0.0028 0.2808 0.0553 0.6523 0.0082 0.0006
12 0.0172 0.5151 0.1476 0.2800 0.0359 0.0045
13 0.2576 0.3413 0.1456 0.0234 0.2310 0.0011
14 0.2852 0.3257 0.0657 0.0069 0.3157 0.0009
15 0.0380 0.4590 0.0552 0.4312 0.0151 0.0018
16 0.0245 0.6182 0.0593 0.2786 0.0067 0.0129
17 0.0418 0.5640 0.2791 0.0609 0.0508 0.0035
18 0.0087 0.4170 0.3196 0.2489 0.0037 0.0021
19 0.1443 0.1687 0.3354 0.3103 0.0330 0.0081
20 0.0208 0.6528 0.1901 0.1227 0.0105 0.0030
21 0.0466 0.1576 0.2367 0.4492 0.0520 0.0580
22 0.0369 0.3420 0.2426 0.2996 0.0695 0.0093
23 0.0374 0.1897 0.3892 0.3330 0.0048 0.0461
24 0.2111 0.2429 0.2751 0.1643 0.0951 0.0114
25 0.0609 0.1249 0.2297 0.5020 0.0590 0.0238
26 0.0438 0.7295 0.1318 0.0800 0.0137 0.0014
27 0.1877 0.4646 0.1764 0.0724 0.0959 0.0029
28 0.0565 0.3796 0.4370 0.0902 0.0279 0.0086
29 0.0260 0.6763 0.2095 0.0724 0.0140 0.0017
30 0.0581 0.5430 0.2335 0.0334 0.1260 0.0062
31 0.0359 0.4021 0.3035 0.1783 0.0761 0.0040
32 0.0983 0.4141 0.3379 0.0861 0.0625 0.0010
33 0.0386 0.2480 0.4858 0.1759 0.0064 0.0452
34 0.0074 0.3811 0.1181 0.4744 0.0162 0.0027
35 0.0726 0.2101 0.5986 0.0876 0.0267 0.0045
36 0.0499 0.2825 0.5532 0.1039 0.0050 0.0057
37 0.0983 0.0841 0.4619 0.3030 0.0340 0.0186
38 0.0481 0.4856 0.4353 0.0201 0.0094 0.0014
39 0.0181 0.4290 0.3967 0.1309 0.0240 0.0013
40 0.0468 0.5786 0.2527 0.0916 0.0293 0.0011
41 0.1370 0.3723 0.0964 0.0039 0.3901 0.0004
42 0.1561 0.5000 0.1573 0.0476 0.1367 0.0025
43 0.1170 0.5327 0.2517 0.0249 0.0688 0.0049
44 0.0462 0.6279 0.1246 0.1266 0.0715 0.0032
45 0.1542 0.3240 0.1542 0.0047 0.3613 0.0015
46 0.0288 0.2979 0.2932 0.3538 0.0063 0.0201
47 0.1235 0.4146 0.2593 0.0616 0.1388 0.0023
48 0.1860 0.6006 0.0943 0.0294 0.0879 0.0016
49 0.0514 0.5186 0.1685 0.1620 0.0990 0.0006
50 0.0871 0.6641 0.2367 0.0028 0.0085 0.0010
51 0.1162 0.2205 0.1126 0.4893 0.0424 0.0191
52 0.1147 0.0853 0.7031 0.0741 0.0206 0.0023
53 0.1989 0.3865 0.2134 0.1226 0.0535 0.0253
54 0.1343 0.5479 0.1498 0.0490 0.1185 0.0008
55 0.2893 0.3381 0.0842 0.0249 0.2306 0.0330
56 0.3940 0.1669 0.3643 0.0275 0.0170 0.0304
57 0.0882 0.2252 0.2761 0.3772 0.0320 0.0013
58 0.1327 0.2402 0.5244 0.0919 0.0064 0.0043
59 0.2510 0.2959 0.1323 0.0090 0.3076 0.0042
60 0.0773 0.5244 0.3230 0.0091 0.0607 0.0056
61 0.0523 0.3745 0.4243 0.0869 0.0230 0.0392
62 0.2227 0.1996 0.3215 0.0525 0.1654 0.0384
63 0.0315 0.3086 0.6040 0.0481 0.0040 0.0038
64 0.1016 0.3438 0.2362 0.2805 0.0241 0.0140
65 0.2073 0.4253 0.2878 0.0130 0.0617 0.0049
66 0.3418 0.2832 0.2661 0.0333 0.0699 0.0057
67 0.0599 0.5093 0.3499 0.0599 0.0202 0.0009
68 0.0777 0.8096 0.0634 0.0168 0.0324 0.0003
69 0.0906 0.4707 0.2025 0.1058 0.1267 0.0037
70 0.1234 0.4175 0.2961 0.0809 0.0671 0.0150
71 0.0270 0.4353 0.4856 0.0262 0.0070 0.0188
72 0.0699 0.3933 0.4670 0.0584 0.0090 0.0023
73 0.0434 0.3083 0.5327 0.0985 0.0148 0.0024
74 0.0801 0.1863 0.5142 0.1750 0.0314 0.0128
75 0.1575 0.1100 0.5947 0.1189 0.0101 0.0090
76 0.1082 0.5718 0.2103 0.0320 0.0768 0.0012
77 0.0427 0.5981 0.2827 0.0343 0.0404 0.0018
78 0.1271 0.2266 0.4871 0.0547 0.0026 0.1021
79 0.0426 0.5439 0.2268 0.1293 0.0565 0.0009
80 0.0069 0.3892 0.5752 0.0093 0.0147 0.0045
81 0.1218 0.1256 0.5811 0.1469 0.0171 0.0075
82 0.0984 0.3862 0.3435 0.0362 0.1315 0.0040
83 0.0509 0.7476 0.1720 0.0206 0.0089 0.0003
84 0.1168 0.2891 0.3176 0.1215 0.1366 0.0183
85 0.1129 0.5059 0.3115 0.0497 0.0122 0.0079
86 0.1703 0.4929 0.2991 0.0165 0.0202 0.0011
87 0.0440 0.0904 0.2307 0.2202 0.0159 0.3987
88 0.0410 0.4482 0.4016 0.0779 0.0287 0.0026
89 0.0470 0.6968 0.2262 0.0107 0.0169 0.0024
90 0.0160 0.7202 0.2096 0.0446 0.0089 0.0008
91 0.0329 0.2429 0.4683 0.1696 0.0814 0.0048
92 0.1357 0.5850 0.1326 0.0247 0.1179 0.0041
93 0.0644 0.6812 0.2144 0.0201 0.0192 0.0007
94 0.0122 0.4983 0.2094 0.2408 0.0161 0.0233
95 0.0066 0.2725 0.0689 0.6436 0.0021 0.0066
96 0.0211 0.5522 0.3401 0.0212 0.0629 0.0025
97 0.0207 0.5942 0.2988 0.0427 0.0401 0.0033
98 0.0329 0.5112 0.4043 0.0332 0.0038 0.0145
99 0.1182 0.4358 0.0576 0.0316 0.3342 0.0226
100 0.1895 0.2394 0.4912 0.0534 0.0228 0.0037
101 0.1523 0.3684 0.2473 0.0129 0.2166 0.0026
102 0.1526 0.2595 0.3777 0.1757 0.0149 0.0196
103 0.0841 0.6216 0.1865 0.0397 0.0645 0.0037
104 0.1761 0.4570 0.2905 0.0581 0.0096 0.0087
105 0.0524 0.2328 0.3960 0.2991 0.0135 0.0063
106 0.0434 0.2007 0.3059 0.3577 0.0196 0.0727
107 0.1343 0.4614 0.3123 0.0388 0.0530 0.0003
108 0.0890 0.1041 0.6475 0.0726 0.0119 0.0750
109 0.0461 0.6831 0.1537 0.0216 0.0925 0.0028
110 0.0264 0.2321 0.1779 0.5566 0.0037 0.0034
111 0.1315 0.4734 0.3518 0.0315 0.0106 0.0014
112 0.0774 0.1246 0.6846 0.0986 0.0110 0.0038
113 0.0159 0.4111 0.3687 0.1636 0.0354 0.0054
114 0.0868 0.4656 0.1660 0.1106 0.1488 0.0221
115 0.0438 0.7070 0.2224 0.0185 0.0072 0.0011
116 0.0995 0.1993 0.4221 0.2520 0.0088 0.0183
117 0.0274 0.4089 0.4932 0.0251 0.0434 0.0020
118 0.0897 0.4851 0.2764 0.1116 0.0123 0.0249
119 0.0812 0.1219 0.6489 0.1110 0.0031 0.0338
120 0.0149 0.2445 0.2483 0.4861 0.0018 0.0044
121 0.2134 0.3464 0.3518 0.0265 0.0507 0.0111
122 0.0849 0.6626 0.2053 0.0074 0.0380 0.0015
123 0.0837 0.2172 0.3062 0.1401 0.0374 0.2155
124 0.0083 0.7729 0.1752 0.0423 0.0006 0.0007
125 0.0225 0.8174 0.1489 0.0059 0.0052 0.0002
126 0.0846 0.5601 0.1967 0.1279 0.0270 0.0036
127 0.0102 0.6875 0.2490 0.0367 0.0144 0.0022
128 0.0137 0.6416 0.2847 0.0468 0.0116 0.0015
129 0.0224 0.3025 0.2886 0.3323 0.0030 0.0513
130 0.1359 0.4670 0.3525 0.0124 0.0315 0.0006
131 0.0478 0.3425 0.4329 0.1300 0.0319 0.0150
132 0.0206 0.7598 0.1833 0.0288 0.0071 0.0002
133 0.0376 0.5796 0.2288 0.1273 0.0029 0.0237
134 0.0183 0.1584 0.0760 0.7441 0.0028 0.0005
135 0.0330 0.3384 0.5493 0.0570 0.0211 0.0013
136 0.0644 0.6108 0.2468 0.0624 0.0145 0.0008
137 0.0129 0.5503 0.1267 0.3040 0.0050 0.0014
138 0.1633 0.4915 0.2935 0.0364 0.0141 0.0011
139 0.1940 0.6021 0.1204 0.0388 0.0419 0.0028
140 0.0531 0.5283 0.3574 0.0458 0.0150 0.0004
141 0.1271 0.5063 0.2798 0.0246 0.0605 0.0015
142 0.2239 0.3867 0.3157 0.0151 0.0536 0.0048
143 0.0366 0.5635 0.2791 0.0632 0.0512 0.0063
144 0.0471 0.4429 0.3730 0.1077 0.0285 0.0009
145 0.0646 0.6675 0.1169 0.0410 0.1098 0.0002
146 0.1244 0.5278 0.1648 0.0108 0.1700 0.0023
147 0.1077 0.5684 0.1542 0.1128 0.0537 0.0032
148 0.1676 0.2942 0.4148 0.0883 0.0216 0.0136
149 0.0557 0.1444 0.2380 0.4517 0.0079 0.1024
150 0.0385 0.5405 0.2362 0.1727 0.0118 0.0002
151 0.1223 0.1282 0.4204 0.2888 0.0324 0.0077
152 0.0107 0.1494 0.1320 0.6909 0.0139 0.0029
153 0.0459 0.2059 0.4224 0.2644 0.0186 0.0428
154 0.0389 0.6587 0.1564 0.1327 0.0131 0.0002
155 0.0296 0.5503 0.1287 0.2681 0.0222 0.0010
156 0.0696 0.0696 0.2927 0.4753 0.0486 0.0442
157 0.1212 0.3792 0.1619 0.2062 0.1290 0.0026
158 0.1429 0.4436 0.1475 0.1364 0.1271 0.0025
159 0.0144 0.5679 0.2155 0.1873 0.0121 0.0030
160 0.1908 0.0930 0.4038 0.2690 0.0307 0.0127
161 0.0740 0.4158 0.3289 0.0757 0.0093 0.0964
162 0.0948 0.3867 0.4666 0.0105 0.0263 0.0151
163 0.1065 0.1624 0.0743 0.5239 0.0743 0.0583
164 0.0637 0.2900 0.1993 0.2600 0.0055 0.1815
165 0.0316 0.1656 0.5435 0.1792 0.0154 0.0649
166 0.0819 0.4292 0.3240 0.0886 0.0679 0.0082
167 0.0894 0.5562 0.2505 0.0509 0.0493 0.0038
168 0.0438 0.2947 0.5952 0.0590 0.0051 0.0020
169 0.1155 0.2729 0.4941 0.0550 0.0619 0.0006
170 0.1214 0.3198 0.4727 0.0443 0.0410 0.0007
171 0.0638 0.6748 0.1506 0.0184 0.0700 0.0222
172 0.0955 0.3777 0.3440 0.1625 0.0162 0.0042
173 0.0657 0.4746 0.3364 0.0341 0.0851 0.0039
174 0.1628 0.1051 0.1136 0.4355 0.1248 0.0580
175 0.0424 0.6846 0.2520 0.0164 0.0046 0.0001
176 0.1582 0.1821 0.3003 0.2820 0.0582 0.0190
177 0.2585 0.2751 0.1417 0.0364 0.2688 0.0192
178 0.0637 0.3442 0.5088 0.0667 0.0106 0.0062
179 0.0784 0.3918 0.4043 0.0967 0.0078 0.0211
180 0.1062 0.2507 0.3538 0.2668 0.0211 0.0013
181 0.2128 0.1290 0.5435 0.0944 0.0190 0.0012
182 0.1660 0.2234 0.5444 0.0342 0.0126 0.0195
183 0.1450 0.3821 0.1749 0.1212 0.0176 0.1593
184 0.0288 0.2773 0.6055 0.0712 0.0161 0.0009
185 0.0686 0.4404 0.3887 0.0841 0.0143 0.0037
186 0.1981 0.3369 0.0872 0.0328 0.2927 0.0521
187 0.0034 0.5010 0.4636 0.0287 0.0016 0.0016
188 0.1526 0.3662 0.1179 0.3281 0.0349 0.0003
189 0.1345 0.2761 0.5000 0.0671 0.0215 0.0007
190 0.0279 0.3643 0.5557 0.0272 0.0083 0.0168
191 0.0513 0.4570 0.4431 0.0306 0.0045 0.0134
192 0.1448 0.3584 0.1182 0.0173 0.3584 0.0029
193 0.2109 0.5430 0.1147 0.0752 0.0546 0.0017
194 0.1223 0.5190 0.2690 0.0065 0.0808 0.0024
195 0.1779 0.2842 0.2449 0.0974 0.1923 0.0035
196 0.1797 0.1160 0.1040 0.3987 0.0162 0.1854
197 0.2350 0.2388 0.2542 0.1979 0.0355 0.0387
198 0.0716 0.4385 0.2292 0.0780 0.0637 0.1190
199 0.0972 0.3088 0.1903 0.2705 0.1318 0.0015
200 0.1064 0.1700 0.5156 0.1868 0.0164 0.0045
201 0.1370 0.3933 0.3752 0.0567 0.0366 0.0011
202 0.0950 0.3997 0.4028 0.0470 0.0541 0.0012
203 0.0812 0.2108 0.6006 0.0950 0.0116 0.0008
204 0.0779 0.3899 0.4927 0.0243 0.0117 0.0034
205 0.0419 0.1763 0.5430 0.1708 0.0486 0.0198
206 0.0828 0.0802 0.6118 0.2147 0.0075 0.0032
207 0.0651 0.1161 0.5205 0.2830 0.0098 0.0057
208 0.0767 0.6377 0.2238 0.0365 0.0251 0.0003
209 0.0477 0.4353 0.4285 0.0673 0.0124 0.0090
210 0.1160 0.3923 0.3252 0.1356 0.0286 0.0021
211 0.0522 0.5312 0.2146 0.1594 0.0400 0.0026
212 0.0445 0.6196 0.1210 0.1299 0.0826 0.0024
213 0.0467 0.3877 0.4126 0.1340 0.0187 0.0003
214 0.1118 0.4971 0.2725 0.1002 0.0180 0.0007
215 0.0674 0.4431 0.2976 0.1722 0.0192 0.0006
216 0.0885 0.2351 0.3936 0.2622 0.0198 0.0007
217 0.0638 0.4866 0.3398 0.0997 0.0100 0.0001
218 0.0536 0.4736 0.2438 0.0200 0.2053 0.0036
219 0.0541 0.2622 0.5132 0.1404 0.0262 0.0039
220 0.1495 0.5020 0.1832 0.0944 0.0701 0.0007
221 0.0887 0.3196 0.2339 0.2302 0.0154 0.1122
222 0.0730 0.3003 0.3298 0.1738 0.0241 0.0990
223 0.3533 0.2795 0.2976 0.0409 0.0226 0.0061
224 0.0670 0.4910 0.3220 0.0659 0.0538 0.0003
225 0.0826 0.4714 0.3091 0.1119 0.0248 0.0001
226 0.0955 0.4116 0.3108 0.1117 0.0699 0.0004
227 0.1149 0.3857 0.4438 0.0334 0.0213 0.0008
228 0.2461 0.3110 0.2072 0.1180 0.1162 0.0015
229 0.4771 0.3833 0.0437 0.0216 0.0720 0.0024
230 0.5518 0.3293 0.0396 0.0180 0.0595 0.0016
231 0.5518 0.3293 0.0396 0.0180 0.0595 0.0016
232 0.5518 0.3293 0.0396 0.0180 0.0595 0.0016
233 0.5518 0.3293 0.0396 0.0180 0.0595 0.0016
234 0.5518 0.3293 0.0396 0.0180 0.0595 0.0016
235 0.5518 0.3293 0.0396 0.0180 0.0595 0.0016
236 0.5518 0.3293 0.0396 0.0180 0.0595 0.0016
237 0.5518 0.3293 0.0396 0.0180 0.0595 0.0016
238 0.4917 0.3596 0.0407 0.0376 0.0671 0.0033
239 0.4917 0.3596 0.0407 0.0376 0.0671 0.0033
240 0.4917 0.3596 0.0407 0.0376 0.0671 0.0033
241 0.4917 0.3596 0.0407 0.0376 0.0671 0.0033
242 0.4917 0.3596 0.0407 0.0376 0.0671 0.0033
