time exciting_prob fearful_prob tense_prob sad_prob relaxing_prob neutral_prob
0 0.5430 0.0184 0.1036 0.2952 0.0136 0.0260
1 0.4653 0.0233 0.1088 0.3625 0.0131 0.0269
2 0.4038 0.0206 0.0967 0.4365 0.0127 0.0297
3 0.2981 0.5229 0.0625 0.0895 0.0030 0.0239
4 0.1740 0.5840 0.0583 0.1366 0.0029 0.0443
5 0.2505 0.0546 0.1351 0.1982 0.0270 0.3345
6 0.3491 0.2185 0.2476 0.0616 0.0300 0.0932
7 0.5249 0.0898 0.1492 0.0750 0.0594 0.1017
8 0.3906 0.1603 0.1119 0.0679 0.0452 0.2242
9 0.3052 0.1940 0.2080 0.2032 0.0436 0.0461
10 0.2355 0.3943 0.2861 0.0471 0.0212 0.0157
11 0.3726 0.2295 0.0355 0.2561 0.0545 0.0520
12 0.3308 0.3413 0.0294 0.2537 0.0197 0.0253
13 0.4812 0.2363 0.1357 0.0341 0.0194 0.0933
14 0.2864 0.0347 0.0959 0.4795 0.0229 0.0807
15 0.3728 0.0609 0.1654 0.3501 0.0168 0.0341
16 0.3943 0.2211 0.0638 0.1804 0.0886 0.0517
17 0.3469 0.0641 0.1458 0.1758 0.0469 0.2205
18 0.2715 0.1465 0.2360 0.1304 0.0430 0.1726
19 0.2949 0.3875 0.0142 0.2949 0.0036 0.0049
20 0.3098 0.0543 0.0302 0.5352 0.0143 0.0564
21 0.5010 0.2639 0.0380 0.1829 0.0032 0.0107
22 0.4033 0.0350 0.0729 0.4570 0.0091 0.0226
23 0.3252 0.0797 0.3462 0.1957 0.0284 0.0251
24 0.2659 0.0094 0.1716 0.4890 0.0210 0.0431
25 0.2949 0.0633 0.1383 0.3315 0.0258 0.1460
26 0.0734 0.0390 0.1543 0.6396 0.0231 0.0706
27 0.6367 0.0565 0.0797 0.1700 0.0172 0.0401
28 0.3799 0.3005 0.0560 0.2164 0.0348 0.0123
29 0.4487 0.2639 0.0727 0.1731 0.0366 0.0050
30 0.6841 0.0455 0.0227 0.1041 0.0312 0.1125
31 0.7500 0.0611 0.0760 0.0772 0.0101 0.0257
32 0.7920 0.0036 0.0060 0.1910 0.0052 0.0022
33 0.8228 0.0064 0.0035 0.1582 0.0058 0.0036
34 0.4419 0.1276 0.0856 0.2966 0.0151 0.0333
35 0.4817 0.1516 0.1978 0.1481 0.0128 0.0080
36 0.4060 0.0679 0.1774 0.3042 0.0333 0.0111
37 0.3789 0.1495 0.1832 0.2141 0.0599 0.0144
38 0.2385 0.1257 0.0462 0.1528 0.4026 0.0341
39 0.2656 0.2988 0.0786 0.2496 0.0876 0.0197
40 0.0682 0.1177 0.0848 0.4109 0.0611 0.2571
41 0.1802 0.1589 0.0987 0.5093 0.0481 0.0049
42 0.1605 0.0573 0.3704 0.1848 0.0406 0.1863
43 0.0288 0.0461 0.4614 0.2756 0.0047 0.1836
44 0.3628 0.1366 0.0640 0.2825 0.0437 0.1106
45 0.4087 0.1564 0.2170 0.1744 0.0173 0.0263
46 0.2458 0.2256 0.2152 0.2678 0.0267 0.0188
47 0.3728 0.2010 0.0638 0.3394 0.0187 0.0044
48 0.3391 0.2189 0.1257 0.2788 0.0242 0.0131
49 0.3369 0.0729 0.0456 0.4326 0.0576 0.0542
50 0.1501 0.0499 0.2255 0.5410 0.0146 0.0190
51 0.1542 0.3213 0.3474 0.0906 0.0781 0.0084
52 0.2072 0.0511 0.4595 0.2384 0.0127 0.0310
53 0.3315 0.0390 0.4258 0.0788 0.0590 0.0658
54 0.3271 0.0237 0.0873 0.4199 0.0808 0.0610
55 0.7246 0.1847 0.0752 0.0046 0.0055 0.0052
56 0.1459 0.3088 0.2522 0.2561 0.0128 0.0242
57 0.5718 0.2922 0.1010 0.0191 0.0088 0.0070
58 0.5039 0.3865 0.0817 0.0188 0.0074 0.0017
59 0.5640 0.2297 0.0537 0.0563 0.0872 0.0089
60 0.6616 0.1781 0.0737 0.0676 0.0088 0.0100
61 0.2434 0.3076 0.2551 0.1476 0.0168 0.0295
62 0.1831 0.4324 0.1616 0.1747 0.0163 0.0318
63 0.4333 0.1864 0.1166 0.2247 0.0337 0.0053
64 0.3364 0.1425 0.1814 0.2206 0.0673 0.0520
65 0.3496 0.2598 0.2639 0.0594 0.0308 0.0366
66 0.3616 0.3093 0.1240 0.1920 0.0050 0.0080
67 0.2700 0.2346 0.1758 0.3013 0.0114 0.0068
68 0.1896 0.2551 0.0976 0.4272 0.0174 0.0131
69 0.1823 0.4238 0.1132 0.2491 0.0213 0.0103
70 0.1990 0.0240 0.1870 0.5327 0.0488 0.0086
71 0.2028 0.0156 0.1268 0.6147 0.0341 0.0060
72 0.1696 0.0358 0.3320 0.2930 0.0106 0.1593
73 0.2546 0.0582 0.3508 0.2468 0.0212 0.0685
74 0.5752 0.0480 0.0472 0.2849 0.0064 0.0382
75 0.2764 0.0407 0.1152 0.5244 0.0315 0.0121
76 0.8735 0.0256 0.0344 0.0594 0.0040 0.0033
77 0.5762 0.3086 0.0667 0.0301 0.0117 0.0066
78 0.4155 0.3901 0.0844 0.0793 0.0205 0.0102
79 0.7432 0.2015 0.0295 0.0124 0.0097 0.0036
80 0.0966 0.1519 0.1240 0.5645 0.0133 0.0501
81 0.2993 0.1349 0.0768 0.4858 0.0018 0.0014
82 0.1887 0.3875 0.1470 0.2661 0.0091 0.0015
83 0.1842 0.4216 0.2119 0.1650 0.0084 0.0088
84 0.1296 0.0994 0.4319 0.3159 0.0110 0.0119
85 0.1287 0.1481 0.4087 0.3037 0.0060 0.0049
86 0.2136 0.0876 0.1469 0.5288 0.0130 0.0101
87 0.3396 0.3560 0.1543 0.1192 0.0246 0.0063
88 0.5640 0.1320 0.0921 0.1372 0.0321 0.0425
89 0.2000 0.1849 0.4136 0.1807 0.0125 0.0083
90 0.3743 0.3462 0.1366 0.1293 0.0097 0.0041
91 0.3721 0.1208 0.0455 0.4419 0.0075 0.0122
92 0.2671 0.2321 0.3298 0.1464 0.0083 0.0165
93 0.2754 0.2776 0.2690 0.1545 0.0033 0.0200
94 0.2537 0.2053 0.2700 0.2419 0.0232 0.0058
95 0.4519 0.3306 0.0677 0.1057 0.0343 0.0098
96 0.7080 0.1450 0.0951 0.0355 0.0160 0.0004
97 0.6528 0.1066 0.1798 0.0523 0.0077 0.0009
98 0.6426 0.1116 0.1798 0.0570 0.0081 0.0008
99 0.2257 0.2639 0.1171 0.1758 0.2054 0.0122
100 0.3320 0.1086 0.1281 0.2111 0.0521 0.1682
101 0.0658 0.1278 0.0541 0.6001 0.0793 0.0728
102 0.0451 0.1785 0.1368 0.5327 0.0580 0.0488
103 0.2170 0.0817 0.1091 0.0912 0.0231 0.4778
104 0.0790 0.0443 0.1409 0.1224 0.0064 0.6069
105 0.1487 0.0569 0.1272 0.0573 0.0218 0.5879
106 0.3918 0.0629 0.1167 0.4011 0.0152 0.0124
107 0.0840 0.4402 0.1893 0.2754 0.0071 0.0039
108 0.2070 0.0536 0.3108 0.4116 0.0135 0.0034
109 0.1396 0.0376 0.3049 0.3916 0.1122 0.0140
110 0.4026 0.0165 0.2810 0.2155 0.0242 0.0603
111 0.3220 0.1893 0.2249 0.2319 0.0212 0.0107
112 0.5859 0.2156 0.0864 0.1010 0.0086 0.0025
113 0.5522 0.2267 0.1122 0.0938 0.0134 0.0015
114 0.0475 0.3508 0.5610 0.0309 0.0071 0.0027
115 0.5283 0.1324 0.1099 0.2084 0.0113 0.0098
116 0.5854 0.0338 0.0978 0.1479 0.0335 0.1017
117 0.3787 0.0355 0.0921 0.1904 0.0489 0.2544
118 0.2729 0.0988 0.0746 0.4790 0.0270 0.0478
119 0.2324 0.0271 0.5532 0.1648 0.0089 0.0136
120 0.3452 0.0163 0.4868 0.1310 0.0062 0.0145
121 0.4607 0.0586 0.3940 0.0740 0.0086 0.0043
122 0.1743 0.0575 0.7114 0.0515 0.0029 0.0024
123 0.2502 0.0076 0.2708 0.4258 0.0344 0.0110
124 0.2239 0.0078 0.2742 0.4592 0.0218 0.0128
125 0.1628 0.0352 0.2727 0.3289 0.0352 0.1654
126 0.3635 0.0089 0.0994 0.4595 0.0484 0.0202
127 0.3804 0.0146 0.3862 0.1882 0.0177 0.0129
128 0.3899 0.1126 0.1246 0.0683 0.2766 0.0280
129 0.2177 0.2605 0.2708 0.2211 0.0252 0.0048
130 0.1488 0.1313 0.6362 0.0772 0.0051 0.0012
131 0.1379 0.0508 0.3992 0.4053 0.0064 0.0006
132 0.5327 0.1575 0.2168 0.0401 0.0473 0.0058
133 0.5610 0.0486 0.0461 0.1821 0.0577 0.1046
134 0.1837 0.0385 0.4272 0.3125 0.0179 0.0201
135 0.1965 0.1776 0.4194 0.1935 0.0110 0.0020
136 0.3105 0.0354 0.0531 0.2238 0.3010 0.0761
137 0.5967 0.0814 0.0277 0.1193 0.1450 0.0302
138 0.3718 0.1337 0.0507 0.3660 0.0715 0.0063
139 0.3982 0.0625 0.1609 0.1560 0.1064 0.1159
140 0.3528 0.0740 0.1874 0.2058 0.0408 0.1393
141 0.4734 0.0465 0.1073 0.0984 0.0382 0.2362
142 0.3455 0.0226 0.0847 0.1724 0.0187 0.3564
143 0.5186 0.0959 0.0880 0.1820 0.0644 0.0513
144 0.4768 0.0583 0.1399 0.1466 0.0703 0.1081
145 0.1708 0.0415 0.3672 0.4160 0.0041 0.0005
146 0.4395 0.0415 0.1404 0.2028 0.0156 0.1604
147 0.4558 0.2966 0.1871 0.0575 0.0028 0.0001
148 0.1713 0.1560 0.4692 0.1824 0.0141 0.0070
149 0.1698 0.0753 0.1440 0.0930 0.4724 0.0453
150 0.2063 0.2338 0.0629 0.4722 0.0114 0.0133
151 0.1587 0.1143 0.1798 0.5283 0.0033 0.0156
152 0.1791 0.0958 0.1722 0.4646 0.0342 0.0542
153 0.1129 0.1682 0.5962 0.0685 0.0449 0.0091
154 0.1083 0.0213 0.7637 0.0641 0.0274 0.0152
155 0.1014 0.0443 0.1364 0.6714 0.0314 0.0152
156 0.2333 0.0415 0.4565 0.1995 0.0360 0.0331
157 0.1311 0.0331 0.2864 0.4795 0.0691 0.0010
158 0.1063 0.2844 0.3379 0.2081 0.0518 0.0114
159 0.2012 0.0425 0.3643 0.3020 0.0893 0.0005
160 0.1548 0.1234 0.1882 0.3684 0.1133 0.0518
161 0.3574 0.1024 0.3865 0.1143 0.0145 0.0249
162 0.0641 0.1276 0.3157 0.1743 0.1456 0.1730
163 0.0552 0.4019 0.0682 0.4377 0.0293 0.0076
164 0.1959 0.1016 0.4346 0.1770 0.0602 0.0305
165 0.0970 0.0480 0.7451 0.0414 0.0333 0.0351
166 0.3667 0.0594 0.3472 0.1426 0.0594 0.0246
167 0.1102 0.0418 0.1604 0.5869 0.0648 0.0361
168 0.1332 0.0334 0.5308 0.1261 0.1113 0.0654
169 0.2245 0.0412 0.5469 0.0638 0.0347 0.0886
170 0.2195 0.1384 0.1203 0.2488 0.2588 0.0143
171 0.3018 0.1102 0.1154 0.1154 0.3501 0.0071
172 0.1199 0.0117 0.6187 0.0919 0.0488 0.1092
173 0.0513 0.0158 0.7144 0.0807 0.0381 0.0997
174 0.1326 0.1265 0.2764 0.3547 0.0970 0.0128
175 0.2900 0.1978 0.3391 0.0979 0.0613 0.0138
176 0.1703 0.0575 0.5166 0.1198 0.1099 0.0261
177 0.1237 0.1564 0.2700 0.2402 0.0380 0.1716
178 0.1141 0.1912 0.3743 0.0953 0.0119 0.2133
179 0.0611 0.0875 0.7500 0.0583 0.0172 0.0261
180 0.0717 0.1164 0.7129 0.0643 0.0139 0.0209
181 0.0854 0.0362 0.2610 0.0625 0.5439 0.0108
182 0.0836 0.0548 0.5078 0.1869 0.1624 0.0045
183 0.0879 0.0613 0.6494 0.1542 0.0387 0.0086
184 0.0502 0.1132 0.6875 0.0881 0.0045 0.0565
185 0.0647 0.0751 0.3364 0.0617 0.0059 0.4563
186 0.1315 0.0939 0.5537 0.0842 0.0152 0.1216
187 0.3010 0.0836 0.2118 0.3010 0.0298 0.0726
188 0.1246 0.0876 0.2576 0.4739 0.0227 0.0335
189 0.1044 0.1682 0.4397 0.1543 0.0015 0.1320
190 0.0558 0.2747 0.5464 0.0845 0.0080 0.0306
191 0.1534 0.2800 0.3569 0.1476 0.0237 0.0382
192 0.2690 0.0713 0.3347 0.2732 0.0136 0.0381
193 0.0494 0.1148 0.6401 0.1777 0.0050 0.0129
194 0.0786 0.0427 0.3416 0.4316 0.0137 0.0919
195 0.4116 0.1125 0.1235 0.3081 0.0206 0.0236
196 0.2126 0.0685 0.3293 0.3560 0.0129 0.0207
197 0.3762 0.0644 0.2817 0.2336 0.0228 0.0211
198 0.4795 0.1104 0.2773 0.0446 0.0233 0.0649
199 0.4036 0.1567 0.3479 0.0319 0.0409 0.0192
200 0.0852 0.1383 0.6294 0.1427 0.0013 0.0031
201 0.0779 0.1912 0.6221 0.0855 0.0086 0.0149
202 0.0944 0.1053 0.2908 0.3677 0.0974 0.0443
203 0.1099 0.0911 0.3604 0.3718 0.0265 0.0401
204 0.2251 0.1398 0.2234 0.3682 0.0188 0.0249
205 0.1339 0.2747 0.3472 0.2242 0.0156 0.0043
206 0.1504 0.0325 0.2024 0.5674 0.0057 0.0414
207 0.1198 0.0667 0.2418 0.4180 0.0049 0.1490
208 0.1586 0.1284 0.6030 0.0932 0.0062 0.0105
209 0.0997 0.1749 0.4263 0.2795 0.0083 0.0111
210 0.0934 0.0145 0.1539 0.7007 0.0119 0.0253
211 0.0958 0.0384 0.0958 0.6973 0.0654 0.0073
212 0.2605 0.0478 0.2228 0.4294 0.0231 0.0164
213 0.2529 0.2412 0.1849 0.2375 0.0691 0.0144
214 0.0640 0.0953 0.4841 0.3433 0.0093 0.0042
215 0.0587 0.0888 0.7554 0.0815 0.0034 0.0125
216 0.1460 0.2314 0.3088 0.2971 0.0082 0.0084
217 0.5073 0.0760 0.1215 0.0822 0.2098 0.0033
218 0.1981 0.1427 0.3879 0.2352 0.0195 0.0166
219 0.0216 0.0200 0.2491 0.6772 0.0031 0.0288
220 0.0315 0.0721 0.2256 0.6230 0.0179 0.0301
221 0.1515 0.1033 0.4385 0.2205 0.0039 0.0824
222 0.2214 0.0675 0.5566 0.0853 0.0645 0.0047
223 0.0622 0.0276 0.5991 0.1108 0.0178 0.1827
224 0.3035 0.0310 0.3181 0.1526 0.1550 0.0398
225 0.2346 0.0441 0.5127 0.1327 0.0710 0.0051
226 0.3718 0.0210 0.4148 0.1170 0.0553 0.0199
227 0.0405 0.0843 0.3208 0.4248 0.0098 0.1198
228 0.0453 0.0821 0.4075 0.3652 0.0091 0.0909
229 0.2142 0.2448 0.3093 0.2013 0.0107 0.0198
230 0.0764 0.0486 0.2177 0.6299 0.0128 0.0147
231 0.3550 0.0434 0.1527 0.4087 0.0144 0.0257
232 0.3123 0.0747 0.1582 0.4199 0.0154 0.0195
233 0.1770 0.0767 0.1216 0.5894 0.0077 0.0276
234 0.0156 0.1252 0.3625 0.3625 0.0051 0.1293
235 0.0168 0.1541 0.4971 0.1746 0.0035 0.1541
236 0.0137 0.2321 0.5312 0.1522 0.0022 0.0686
237 0.1136 0.1553 0.1349 0.1288 0.0181 0.4492
238 0.6450 0.0250 0.0807 0.1605 0.0221 0.0669
239 0.5952 0.0261 0.0884 0.1843 0.0229 0.0831
240 0.6519 0.0241 0.0778 0.1597 0.0211 0.0656
