time exciting_prob fearful_prob tense_prob sad_prob relaxing_prob neutral_prob
0 0.1136 0.1553 0.1349 0.1288 0.0181 0.4492
1 0.1136 0.1553 0.1349 0.1288 0.0181 0.4492
2 0.0371 0.2294 0.6235 0.0857 0.0143 0.0099
3 0.0489 0.2465 0.6597 0.0355 0.0058 0.0035
4 0.1620 0.3147 0.4507 0.0461 0.0216 0.0050
5 0.2104 0.2206 0.2008 0.3311 0.0274 0.0096
6 0.2295 0.3088 0.2156 0.0520 0.1874 0.0067
7 0.1373 0.5347 0.1683 0.1175 0.0206 0.0216
8 0.1829 0.4456 0.1237 0.2155 0.0155 0.0170
9 0.1292 0.4912 0.1954 0.1608 0.0068 0.0167
10 0.1729 0.1770 0.1812 0.3081 0.0045 0.1562
11 0.1610 0.3772 0.4016 0.0410 0.0153 0.0038
12 0.0504 0.3059 0.5898 0.0330 0.0083 0.0124
13 0.0649 0.4646 0.3674 0.0807 0.0139 0.0084
14 0.0663 0.4463 0.3757 0.0907 0.0153 0.0056
15 0.0597 0.3250 0.4805 0.1205 0.0059 0.0085
16 0.0956 0.3308 0.2966 0.2292 0.0287 0.0190
17 0.0502 0.0670 0.0975 0.2231 0.4370 0.1252
18 0.0602 0.1143 0.0977 0.1151 0.3926 0.2202
19 0.1302 0.2981 0.3486 0.1006 0.1168 0.0057
20 0.1418 0.2712 0.3376 0.1105 0.1311 0.0078
21 0.0437 0.2328 0.2119 0.1171 0.2942 0.1001
22 0.0463 0.2839 0.1776 0.1405 0.2177 0.1340
23 0.1461 0.3972 0.2908 0.0922 0.0551 0.0186
24 0.0222 0.0670 0.0638 0.1631 0.4502 0.2336
25 0.0682 0.2085 0.1346 0.0488 0.4700 0.0698
26 0.2883 0.3347 0.1670 0.0814 0.1193 0.0093
27 0.0319 0.0895 0.0938 0.7153 0.0391 0.0305
28 0.4062 0.1566 0.2834 0.1471 0.0036 0.0029
29 0.5005 0.1246 0.1703 0.1976 0.0035 0.0033
30 0.1169 0.6675 0.0480 0.1107 0.0495 0.0072
31 0.1697 0.4614 0.0379 0.3074 0.0183 0.0054
32 0.3728 0.2812 0.1035 0.1329 0.0906 0.0188
33 0.5767 0.2922 0.0160 0.0727 0.0272 0.0155
34 0.1310 0.4004 0.1819 0.1111 0.0619 0.1138
35 0.5059 0.2013 0.0685 0.1230 0.0277 0.0735
36 0.2935 0.3027 0.1302 0.1738 0.0881 0.0117
37 0.0773 0.0947 0.3254 0.4380 0.0346 0.0298
38 0.0119 0.1876 0.1270 0.6655 0.0016 0.0066
39 0.2708 0.3191 0.2297 0.0489 0.1138 0.0179
40 0.2947 0.3555 0.2090 0.0599 0.0668 0.0139
41 0.2272 0.4773 0.0330 0.2151 0.0071 0.0404
42 0.4409 0.2915 0.1196 0.0569 0.0583 0.0330
43 0.0805 0.7822 0.0266 0.0878 0.0090 0.0140
44 0.5674 0.2898 0.0395 0.0694 0.0103 0.0234
45 0.1613 0.1423 0.4558 0.1841 0.0441 0.0125
46 0.3958 0.3010 0.0427 0.1898 0.0119 0.0588
47 0.2710 0.2861 0.2062 0.1417 0.0894 0.0058
48 0.2683 0.3110 0.1392 0.0818 0.1947 0.0050
49 0.1782 0.3545 0.2020 0.0651 0.1958 0.0043
50 0.2246 0.6709 0.0292 0.0546 0.0047 0.0160
51 0.1898 0.2053 0.1501 0.1826 0.2637 0.0085
52 0.0359 0.4473 0.3826 0.1242 0.0042 0.0058
53 0.1249 0.7358 0.0832 0.0390 0.0032 0.0141
54 0.1646 0.3979 0.1375 0.0538 0.2339 0.0123
55 0.1323 0.4170 0.2452 0.1583 0.0245 0.0226
56 0.3296 0.3347 0.1175 0.0771 0.0982 0.0429
57 0.1099 0.6631 0.0276 0.1757 0.0047 0.0191
58 0.0278 0.8501 0.0842 0.0324 0.0027 0.0030
59 0.2352 0.5820 0.0936 0.0757 0.0087 0.0047
60 0.3586 0.5020 0.0432 0.0435 0.0258 0.0270
61 0.0344 0.4397 0.2625 0.1951 0.0406 0.0277
62 0.1166 0.6924 0.0586 0.1281 0.0030 0.0015
63 0.2109 0.5474 0.0929 0.1147 0.0134 0.0209
64 0.3154 0.5000 0.0544 0.0823 0.0216 0.0261
65 0.1481 0.7520 0.0421 0.0520 0.0036 0.0021
66 0.2844 0.2959 0.0446 0.3301 0.0066 0.0385
67 0.4631 0.4119 0.0850 0.0148 0.0157 0.0094
68 0.1027 0.5552 0.2749 0.0558 0.0036 0.0078
69 0.0407 0.5669 0.3035 0.0750 0.0022 0.0119
70 0.2491 0.6362 0.0888 0.0124 0.0118 0.0016
71 0.1838 0.3831 0.3435 0.0748 0.0057 0.0092
72 0.2825 0.3103 0.2343 0.1151 0.0198 0.0379
73 0.0177 0.1270 0.2729 0.5103 0.0084 0.0638
74 0.2496 0.5366 0.0531 0.1346 0.0025 0.0234
75 0.2507 0.5522 0.1204 0.0486 0.0237 0.0044
76 0.2333 0.4392 0.0900 0.2244 0.0067 0.0064
77 0.1302 0.6772 0.0719 0.0975 0.0038 0.0195
78 0.2742 0.2219 0.2069 0.2595 0.0216 0.0160
79 0.2856 0.1653 0.2947 0.2423 0.0093 0.0028
80 0.0743 0.0791 0.2253 0.6123 0.0019 0.0069
81 0.1469 0.3108 0.2659 0.2537 0.0037 0.0191
82 0.0726 0.2085 0.3032 0.3955 0.0116 0.0084
83 0.2573 0.5981 0.0676 0.0395 0.0186 0.0189
84 0.0898 0.4490 0.1842 0.2460 0.0043 0.0267
85 0.0567 0.2141 0.3699 0.2837 0.0030 0.0728
86 0.0435 0.1967 0.6152 0.1230 0.0064 0.0152
87 0.0871 0.3337 0.3525 0.2089 0.0164 0.0012
88 0.1068 0.1707 0.2157 0.4712 0.0184 0.0173
89 0.2686 0.2949 0.1707 0.2262 0.0339 0.0058
90 0.0699 0.3777 0.2896 0.2119 0.0421 0.0088
91 0.1010 0.1359 0.5547 0.1772 0.0054 0.0259
92 0.2007 0.2346 0.2786 0.2498 0.0051 0.0312
93 0.1188 0.4019 0.2438 0.2255 0.0057 0.0044
94 0.1365 0.5029 0.0334 0.2981 0.0025 0.0265
95 0.1989 0.6372 0.0346 0.0889 0.0078 0.0327
96 0.1185 0.2145 0.2469 0.3945 0.0163 0.0092
97 0.1987 0.5532 0.0332 0.1234 0.0062 0.0854
98 0.3633 0.2786 0.0511 0.2917 0.0106 0.0048
99 0.0767 0.5195 0.2455 0.1410 0.0019 0.0154
100 0.1267 0.1627 0.3337 0.3286 0.0320 0.0160
101 0.0412 0.3733 0.1643 0.4036 0.0120 0.0055
102 0.1833 0.6602 0.1069 0.0229 0.0150 0.0116
103 0.2113 0.5654 0.1851 0.0134 0.0059 0.0186
104 0.1208 0.4597 0.3752 0.0289 0.0144 0.0009
105 0.2788 0.3208 0.2578 0.0994 0.0154 0.0280
106 0.1642 0.1980 0.2664 0.3530 0.0060 0.0126
107 0.1087 0.6406 0.0406 0.1724 0.0149 0.0230
108 0.1128 0.1747 0.3066 0.2881 0.1027 0.0150
109 0.0699 0.4417 0.1479 0.3206 0.0083 0.0117
110 0.1418 0.3457 0.0736 0.3738 0.0605 0.0044
111 0.2479 0.4597 0.0313 0.1871 0.0181 0.0558
112 0.1559 0.6665 0.0317 0.1006 0.0198 0.0255
113 0.0253 0.8042 0.0403 0.1196 0.0016 0.0090
114 0.1614 0.3555 0.1815 0.2725 0.0266 0.0027
115 0.0676 0.4473 0.1924 0.2844 0.0042 0.0041
116 0.1721 0.5645 0.0717 0.1405 0.0153 0.0361
117 0.0663 0.4326 0.4001 0.0776 0.0184 0.0050
118 0.5234 0.2532 0.0410 0.1063 0.0293 0.0468
119 0.2898 0.2024 0.2329 0.2188 0.0328 0.0232
120 0.1012 0.1012 0.2390 0.4395 0.0378 0.0813
121 0.0474 0.2949 0.4785 0.1448 0.0290 0.0054
122 0.2377 0.5273 0.0397 0.1354 0.0151 0.0450
123 0.1672 0.5884 0.0400 0.1365 0.0203 0.0475
124 0.0270 0.0770 0.2952 0.4941 0.0062 0.1004
125 0.0966 0.5303 0.1920 0.1405 0.0266 0.0141
126 0.2335 0.4829 0.0707 0.1605 0.0110 0.0412
127 0.1292 0.5269 0.0967 0.1864 0.0300 0.0309
128 0.0856 0.8252 0.0401 0.0374 0.0080 0.0039
129 0.1105 0.7490 0.0748 0.0543 0.0104 0.0008
130 0.0577 0.8286 0.0364 0.0542 0.0118 0.0110
131 0.1281 0.5923 0.0364 0.2264 0.0158 0.0012
132 0.2094 0.5874 0.0302 0.1270 0.0099 0.0364
133 0.6206 0.1130 0.0209 0.2112 0.0124 0.0216
134 0.0275 0.8882 0.0246 0.0533 0.0056 0.0009
135 0.1947 0.4934 0.1447 0.1287 0.0268 0.0119
136 0.3540 0.4075 0.0692 0.1312 0.0081 0.0300
137 0.0781 0.7881 0.0751 0.0545 0.0032 0.0008
138 0.0327 0.8579 0.0836 0.0200 0.0051 0.0005
139 0.1549 0.1335 0.4180 0.2345 0.0462 0.0129
140 0.6162 0.1122 0.1312 0.1302 0.0070 0.0029
141 0.1499 0.3767 0.0397 0.3652 0.0015 0.0670
142 0.3267 0.3069 0.2998 0.0559 0.0099 0.0011
143 0.0929 0.6450 0.1936 0.0659 0.0017 0.0010
144 0.2065 0.4729 0.2065 0.0983 0.0044 0.0112
145 0.0375 0.9087 0.0331 0.0161 0.0039 0.0008
146 0.1428 0.6758 0.0609 0.0605 0.0017 0.0581
147 0.0409 0.7593 0.0674 0.1094 0.0016 0.0214
148 0.3733 0.3193 0.1270 0.1473 0.0228 0.0105
149 0.5146 0.1646 0.0443 0.2412 0.0233 0.0119
150 0.0453 0.8560 0.0429 0.0483 0.0036 0.0040
151 0.0828 0.5884 0.0468 0.2433 0.0078 0.0312
152 0.2266 0.4795 0.0586 0.0860 0.1070 0.0422
153 0.2666 0.4902 0.0712 0.0283 0.1383 0.0054
154 0.1126 0.7173 0.0257 0.0421 0.1010 0.0011
155 0.0488 0.8130 0.0540 0.0238 0.0603 0.0002
156 0.1302 0.1039 0.1476 0.3950 0.2181 0.0049
157 0.1876 0.3093 0.1405 0.0415 0.3193 0.0016
158 0.0718 0.1013 0.3884 0.3826 0.0072 0.0486
159 0.5610 0.2163 0.0930 0.0203 0.1014 0.0078
160 0.1080 0.7153 0.0888 0.0443 0.0423 0.0012
161 0.1074 0.4890 0.3523 0.0386 0.0040 0.0088
162 0.1163 0.4155 0.0264 0.3872 0.0089 0.0459
163 0.0717 0.1042 0.0844 0.0372 0.7012 0.0014
164 0.0743 0.8052 0.0420 0.0218 0.0557 0.0011
165 0.0953 0.7153 0.0771 0.0356 0.0737 0.0030
166 0.3076 0.3125 0.0991 0.0291 0.2493 0.0023
167 0.0669 0.7422 0.0746 0.0936 0.0031 0.0198
168 0.1633 0.6113 0.0362 0.1333 0.0416 0.0143
169 0.1826 0.2656 0.0451 0.4885 0.0083 0.0097
170 0.1456 0.6377 0.1575 0.0395 0.0163 0.0035
171 0.6704 0.1631 0.0533 0.1013 0.0091 0.0027
172 0.2134 0.2939 0.0883 0.2573 0.1411 0.0058
173 0.2002 0.5317 0.0332 0.0687 0.1633 0.0030
174 0.1726 0.6777 0.0766 0.0510 0.0117 0.0105
175 0.1295 0.6230 0.0883 0.0830 0.0101 0.0662
176 0.2817 0.5645 0.0231 0.0542 0.0279 0.0486
177 0.2208 0.4290 0.0489 0.2140 0.0226 0.0648
178 0.1023 0.7158 0.0503 0.0630 0.0676 0.0011
179 0.0397 0.7910 0.0620 0.0998 0.0021 0.0055
180 0.1143 0.2383 0.2169 0.4182 0.0083 0.0040
181 0.2119 0.4666 0.1198 0.1915 0.0058 0.0043
182 0.2974 0.5962 0.0224 0.0428 0.0116 0.0294
183 0.0632 0.8330 0.0599 0.0333 0.0021 0.0084
184 0.0292 0.7124 0.0549 0.1787 0.0022 0.0226
185 0.1672 0.1608 0.2452 0.3457 0.0578 0.0232
186 0.2280 0.5303 0.0764 0.0764 0.0782 0.0107
187 0.2876 0.3442 0.1256 0.0496 0.1915 0.0014
188 0.4661 0.3518 0.0579 0.0646 0.0548 0.0047
189 0.2054 0.6528 0.0398 0.0411 0.0598 0.0010
190 0.1310 0.7251 0.0314 0.0753 0.0361 0.0013
191 0.3103 0.4080 0.0565 0.1169 0.0480 0.0602
192 0.3149 0.4841 0.0903 0.0235 0.0861 0.0009
193 0.1039 0.7505 0.0461 0.0767 0.0221 0.0007
194 0.0830 0.8579 0.0371 0.0120 0.0096 0.0002
195 0.2086 0.6475 0.0738 0.0200 0.0495 0.0006
196 0.1043 0.5684 0.1229 0.1360 0.0058 0.0627
197 0.1475 0.5107 0.0867 0.2064 0.0101 0.0385
198 0.3372 0.4131 0.0859 0.1221 0.0323 0.0091
199 0.0470 0.8071 0.1019 0.0292 0.0137 0.0010
200 0.0898 0.7290 0.0892 0.0438 0.0463 0.0018
201 0.1065 0.7871 0.0503 0.0386 0.0170 0.0007
202 0.4314 0.3440 0.0856 0.0743 0.0291 0.0357
203 0.4990 0.3298 0.0192 0.0494 0.0450 0.0577
204 0.2108 0.5381 0.1707 0.0087 0.0695 0.0021
205 0.1929 0.3281 0.2942 0.0245 0.1550 0.0054
206 0.2158 0.2544 0.1694 0.1803 0.1592 0.0209
207 0.0530 0.6450 0.1439 0.1462 0.0006 0.0109
208 0.3140 0.5684 0.0445 0.0485 0.0195 0.0052
209 0.5093 0.2705 0.0344 0.0956 0.0793 0.0112
210 0.0674 0.1846 0.3342 0.3557 0.0467 0.0113
211 0.0439 0.2817 0.3167 0.3293 0.0199 0.0083
212 0.4231 0.3218 0.0981 0.0989 0.0323 0.0258
213 0.2986 0.3833 0.1265 0.1478 0.0427 0.0013
214 0.0811 0.4971 0.2275 0.1401 0.0285 0.0257
215 0.2145 0.5874 0.0271 0.1078 0.0268 0.0361
216 0.6113 0.1521 0.0827 0.1440 0.0023 0.0076
217 0.3835 0.1959 0.2805 0.0631 0.0049 0.0721
218 0.0419 0.5562 0.1122 0.2319 0.0526 0.0050
219 0.0489 0.5864 0.1720 0.1404 0.0516 0.0010
220 0.1175 0.5918 0.1697 0.0409 0.0776 0.0023
221 0.0539 0.6934 0.1659 0.0440 0.0416 0.0014
222 0.0780 0.0699 0.5674 0.2087 0.0657 0.0101
223 0.1453 0.4993 0.1698 0.1808 0.0041 0.0007
224 0.2485 0.2317 0.2976 0.1876 0.0314 0.0032
225 0.0259 0.4348 0.1134 0.1650 0.2595 0.0013
226 0.2179 0.5830 0.0944 0.0314 0.0702 0.0031
227 0.1617 0.6006 0.1567 0.0290 0.0471 0.0047
228 0.0402 0.7183 0.0689 0.1680 0.0026 0.0023
229 0.6006 0.1667 0.0658 0.1449 0.0027 0.0196
230 0.1869 0.5801 0.1090 0.0225 0.0962 0.0053
231 0.1658 0.4470 0.2393 0.0140 0.1194 0.0144
232 0.1198 0.4812 0.1099 0.2458 0.0171 0.0261
233 0.2744 0.5991 0.0180 0.0994 0.0079 0.0011
234 0.1373 0.7368 0.0847 0.0145 0.0241 0.0025
235 0.1450 0.6973 0.1061 0.0121 0.0339 0.0053
236 0.1848 0.7085 0.0707 0.0061 0.0254 0.0043
237 0.2296 0.4978 0.0412 0.1860 0.0146 0.0308
238 0.0911 0.4177 0.2020 0.1649 0.0962 0.0282
239 0.0450 0.2180 0.4236 0.0828 0.2032 0.0273
240 0.2257 0.7173 0.0240 0.0207 0.0102 0.0022
241 0.2151 0.5986 0.0371 0.1226 0.0125 0.0144
242 0.1395 0.6978 0.0634 0.0801 0.0099 0.0096
243 0.1131 0.1570 0.1365 0.1282 0.0180 0.4473
