time exciting_prob fearful_prob tense_prob sad_prob relaxing_prob neutral_prob
0 0.1136 0.1553 0.1349 0.1288 0.0181 0.4492
1 0.1172 0.0496 0.0912 0.4421 0.0357 0.2642
2 0.0759 0.0619 0.5107 0.3096 0.0073 0.0347
3 0.2507 0.0801 0.3538 0.1923 0.0134 0.1096
4 0.1236 0.0566 0.3059 0.2700 0.0641 0.1798
5 0.2585 0.0292 0.1520 0.5063 0.0212 0.0329
6 0.1316 0.0603 0.2578 0.4890 0.0276 0.0338
7 0.1820 0.0453 0.2229 0.4231 0.0915 0.0353
8 0.7188 0.0292 0.1036 0.0355 0.0950 0.0177
9 0.6172 0.0300 0.2234 0.0407 0.0748 0.0141
10 0.6978 0.0394 0.1321 0.0551 0.0555 0.0203
11 0.4177 0.3303 0.1927 0.0082 0.0465 0.0046
12 0.3826 0.4270 0.1140 0.0072 0.0670 0.0023
13 0.4104 0.3796 0.1475 0.0159 0.0413 0.0051
14 0.4768 0.0574 0.3127 0.1263 0.0149 0.0120
15 0.6187 0.0549 0.1639 0.1257 0.0268 0.0098
16 0.2393 0.0577 0.5737 0.0494 0.0753 0.0044
17 0.1481 0.1814 0.5249 0.0912 0.0428 0.0114
18 0.1510 0.1354 0.2866 0.2529 0.1333 0.0406
19 0.6963 0.0563 0.1506 0.0609 0.0264 0.0093
20 0.7065 0.0313 0.0877 0.1118 0.0473 0.0155
21 0.3989 0.0140 0.0621 0.2700 0.2308 0.0241
22 0.4202 0.0158 0.0596 0.2146 0.2471 0.0426
23 0.4783 0.0153 0.0567 0.1993 0.2173 0.0331
24 0.4607 0.0209 0.0619 0.1763 0.2524 0.0277
25 0.4111 0.0184 0.0709 0.3254 0.1235 0.0507
26 0.1792 0.3245 0.2734 0.0707 0.0713 0.0808
27 0.2094 0.5059 0.1495 0.0572 0.0529 0.0250
28 0.3123 0.0730 0.4072 0.1475 0.0391 0.0211
29 0.4199 0.0490 0.2249 0.2393 0.0530 0.0139
30 0.3350 0.0475 0.3247 0.2267 0.0475 0.0188
31 0.2666 0.3372 0.3318 0.0463 0.0140 0.0041
32 0.1436 0.4219 0.3337 0.0710 0.0155 0.0145
33 0.1774 0.2791 0.4819 0.0445 0.0072 0.0101
34 0.2180 0.1620 0.3538 0.2249 0.0201 0.0212
35 0.1565 0.1043 0.3997 0.2971 0.0107 0.0316
36 0.3074 0.1242 0.3594 0.1608 0.0340 0.0144
37 0.3667 0.1370 0.3040 0.0477 0.1101 0.0346
38 0.2571 0.0828 0.2452 0.1039 0.1713 0.1398
39 0.3140 0.1052 0.2771 0.1155 0.0813 0.1069
40 0.1522 0.0569 0.1646 0.5229 0.0095 0.0938
41 0.4241 0.1636 0.1525 0.1882 0.0499 0.0218
42 0.4517 0.1598 0.2167 0.1056 0.0570 0.0094
43 0.3938 0.1554 0.2583 0.1068 0.0746 0.0112
44 0.1868 0.0687 0.3032 0.3772 0.0465 0.0175
45 0.4294 0.2905 0.2177 0.0098 0.0467 0.0060
46 0.4924 0.0621 0.1729 0.2438 0.0132 0.0155
47 0.1081 0.0519 0.3330 0.4695 0.0194 0.0181
48 0.0455 0.3416 0.5903 0.0095 0.0092 0.0039
49 0.5229 0.2129 0.1864 0.0436 0.0277 0.0064
50 0.3125 0.3325 0.2268 0.0487 0.0742 0.0051
51 0.1768 0.1572 0.5400 0.0656 0.0522 0.0079
52 0.2893 0.4019 0.1265 0.0709 0.1024 0.0092
53 0.0481 0.1774 0.6963 0.0331 0.0369 0.0084
54 0.0478 0.2371 0.6597 0.0344 0.0088 0.0124
55 0.2656 0.1326 0.1812 0.1197 0.2964 0.0047
56 0.1782 0.2593 0.0754 0.2343 0.2324 0.0203
57 0.1970 0.4800 0.2981 0.0074 0.0139 0.0037
58 0.1051 0.2058 0.1382 0.3091 0.2026 0.0393
59 0.1268 0.0717 0.5381 0.1747 0.0205 0.0684
60 0.4587 0.1324 0.1274 0.2380 0.0365 0.0067
61 0.0855 0.0569 0.5234 0.1754 0.0417 0.1168
62 0.3413 0.2203 0.2152 0.1057 0.1134 0.0040
63 0.1350 0.3340 0.5093 0.0097 0.0080 0.0037
64 0.3823 0.1593 0.1863 0.1764 0.0859 0.0098
65 0.2749 0.2996 0.2028 0.1555 0.0517 0.0154
66 0.1208 0.2810 0.4558 0.0566 0.0520 0.0338
67 0.0862 0.3462 0.4734 0.0420 0.0351 0.0171
68 0.2074 0.0618 0.1506 0.5093 0.0360 0.0347
69 0.0546 0.3345 0.3911 0.0782 0.1331 0.0087
70 0.0692 0.1699 0.3831 0.2378 0.1106 0.0295
71 0.1152 0.0837 0.3899 0.2898 0.0632 0.0584
72 0.2273 0.2273 0.4382 0.0715 0.0229 0.0127
73 0.3064 0.1011 0.1191 0.0178 0.4529 0.0027
74 0.3169 0.2111 0.1984 0.0258 0.2393 0.0086
75 0.1814 0.2294 0.2639 0.0520 0.2681 0.0051
76 0.2384 0.3335 0.2023 0.1539 0.0694 0.0025
77 0.1736 0.3972 0.2666 0.1005 0.0550 0.0071
78 0.1730 0.0693 0.5366 0.1001 0.0441 0.0767
79 0.0912 0.0462 0.7114 0.0380 0.0768 0.0363
80 0.0946 0.1727 0.5981 0.0447 0.0626 0.0273
81 0.1494 0.0865 0.4749 0.2278 0.0281 0.0333
82 0.1985 0.0429 0.3767 0.2250 0.1282 0.0288
83 0.4043 0.0640 0.3799 0.1293 0.0156 0.0069
84 0.1475 0.1222 0.1545 0.3220 0.2213 0.0326
85 0.2212 0.2954 0.1982 0.1764 0.0559 0.0529
86 0.1315 0.0407 0.1537 0.5278 0.1294 0.0168
87 0.0690 0.0453 0.4944 0.2487 0.0929 0.0497
88 0.1199 0.0850 0.5205 0.1412 0.0199 0.1135
89 0.1719 0.2443 0.5010 0.0126 0.0622 0.0080
90 0.0941 0.0451 0.5947 0.2222 0.0301 0.0140
91 0.2686 0.4568 0.1818 0.0432 0.0435 0.0063
92 0.2131 0.2632 0.4238 0.0130 0.0731 0.0136
93 0.0721 0.1929 0.5000 0.1082 0.0641 0.0626
94 0.2263 0.4465 0.1736 0.0981 0.0505 0.0049
95 0.3083 0.2576 0.0897 0.2896 0.0503 0.0043
96 0.2627 0.1606 0.0880 0.3853 0.0840 0.0193
97 0.1771 0.0593 0.5586 0.0651 0.1180 0.0222
98 0.2524 0.0619 0.4792 0.0306 0.1709 0.0050
99 0.0893 0.0422 0.3938 0.4326 0.0103 0.0318
100 0.1276 0.0637 0.6382 0.0963 0.0688 0.0056
101 0.0857 0.3931 0.3496 0.0919 0.0721 0.0076
102 0.2400 0.2363 0.3896 0.0940 0.0119 0.0282
103 0.2717 0.1177 0.4841 0.0910 0.0145 0.0210
104 0.0804 0.2273 0.2764 0.2419 0.1467 0.0274
105 0.2334 0.3560 0.1020 0.0449 0.2625 0.0012
106 0.0647 0.3337 0.5293 0.0051 0.0589 0.0085
107 0.1127 0.1993 0.5132 0.0104 0.1448 0.0196
108 0.1484 0.2229 0.3618 0.0758 0.1417 0.0493
109 0.0885 0.3186 0.4709 0.0700 0.0079 0.0438
110 0.0918 0.2917 0.5122 0.0282 0.0383 0.0377
111 0.1536 0.0961 0.4878 0.1536 0.1072 0.0019
112 0.2844 0.0436 0.5396 0.0938 0.0226 0.0159
113 0.3071 0.1594 0.1968 0.2820 0.0494 0.0053
114 0.0933 0.2054 0.2639 0.2054 0.2023 0.0296
115 0.1931 0.2311 0.1010 0.3184 0.1118 0.0448
116 0.2625 0.0179 0.2927 0.3369 0.0653 0.0246
117 0.3164 0.0858 0.3164 0.2502 0.0233 0.0079
118 0.2805 0.1729 0.2438 0.2438 0.0346 0.0243
119 0.1300 0.0801 0.3000 0.4297 0.0439 0.0163
120 0.1042 0.0745 0.4668 0.2832 0.0589 0.0123
121 0.1283 0.0924 0.1523 0.3379 0.0300 0.2590
122 0.2257 0.0305 0.1600 0.5166 0.0448 0.0222
123 0.0577 0.0685 0.0390 0.0486 0.7778 0.0083
124 0.0611 0.0173 0.0307 0.1177 0.7676 0.0058
125 0.0754 0.0343 0.0356 0.0969 0.7500 0.0079
126 0.3726 0.1128 0.2683 0.1060 0.0964 0.0438
127 0.2908 0.1290 0.3120 0.1395 0.0922 0.0367
128 0.3601 0.1797 0.0869 0.2036 0.1661 0.0036
129 0.2820 0.1464 0.1122 0.3376 0.1158 0.0060
130 0.1798 0.1188 0.0261 0.0296 0.6421 0.0035
131 0.1227 0.2087 0.1002 0.0477 0.5127 0.0082
132 0.0852 0.0989 0.0350 0.0352 0.7422 0.0036
133 0.1738 0.1243 0.0332 0.0635 0.6021 0.0030
134 0.2654 0.2532 0.3687 0.0539 0.0507 0.0081
135 0.1444 0.0962 0.1854 0.0611 0.5117 0.0009
136 0.2491 0.1186 0.1312 0.4763 0.0182 0.0065
137 0.3474 0.1239 0.1591 0.3115 0.0387 0.0195
138 0.4246 0.1537 0.2849 0.0661 0.0598 0.0109
139 0.5742 0.1418 0.1140 0.0765 0.0861 0.0072
140 0.0756 0.1010 0.0603 0.7119 0.0473 0.0036
141 0.3037 0.1117 0.2678 0.1870 0.1117 0.0181
142 0.1091 0.0496 0.1626 0.6089 0.0402 0.0298
143 0.3164 0.1566 0.2815 0.1449 0.0950 0.0055
144 0.0492 0.6230 0.2722 0.0255 0.0170 0.0131
145 0.1182 0.1060 0.1707 0.5298 0.0590 0.0164
146 0.1545 0.1498 0.2432 0.3738 0.0453 0.0334
147 0.3030 0.2034 0.3682 0.0630 0.0556 0.0069
148 0.5806 0.1057 0.1613 0.0688 0.0738 0.0099
149 0.3279 0.2167 0.2271 0.1410 0.0621 0.0253
150 0.2324 0.1912 0.4111 0.0720 0.0651 0.0284
151 0.1819 0.1776 0.3372 0.1906 0.0853 0.0275
152 0.2230 0.3823 0.3245 0.0342 0.0299 0.0061
153 0.3577 0.2458 0.2637 0.0427 0.0876 0.0022
154 0.2203 0.2007 0.4739 0.0738 0.0257 0.0056
155 0.1837 0.1476 0.4075 0.1205 0.1196 0.0211
156 0.3433 0.0330 0.4341 0.1243 0.0569 0.0085
157 0.1050 0.3962 0.2722 0.0994 0.0870 0.0402
158 0.1506 0.2225 0.4126 0.1720 0.0360 0.0063
159 0.0289 0.3364 0.4670 0.0657 0.0920 0.0101
160 0.0811 0.0850 0.6333 0.0818 0.1083 0.0104
161 0.0237 0.3628 0.4377 0.0565 0.1124 0.0069
162 0.1899 0.0492 0.3606 0.1082 0.2764 0.0157
163 0.0511 0.5762 0.2556 0.0540 0.0424 0.0208
164 0.2239 0.0524 0.4185 0.1189 0.1664 0.0200
165 0.1312 0.2131 0.5034 0.1072 0.0382 0.0070
166 0.1538 0.2070 0.3413 0.1813 0.1033 0.0133
167 0.0305 0.2051 0.6123 0.0511 0.0939 0.0070
168 0.1554 0.2927 0.4224 0.0878 0.0352 0.0065
169 0.2825 0.1768 0.4209 0.0784 0.0345 0.0069
170 0.2937 0.1713 0.3743 0.1168 0.0401 0.0040
171 0.3303 0.0427 0.4377 0.0773 0.0889 0.0232
172 0.0640 0.6357 0.2080 0.0334 0.0429 0.0159
173 0.3330 0.0300 0.2052 0.3545 0.0305 0.0465
174 0.2815 0.0928 0.5425 0.0341 0.0409 0.0080
175 0.1826 0.0750 0.6274 0.0548 0.0531 0.0069
176 0.1661 0.0144 0.4048 0.3354 0.0556 0.0237
177 0.1581 0.1271 0.4102 0.1968 0.0747 0.0334
178 0.1241 0.0258 0.1594 0.4070 0.2178 0.0659
179 0.1190 0.0662 0.1692 0.2969 0.3113 0.0374
180 0.0775 0.3042 0.5215 0.0299 0.0421 0.0248
181 0.1434 0.0883 0.7397 0.0075 0.0179 0.0032
182 0.0905 0.0255 0.0927 0.6045 0.1678 0.0191
183 0.0683 0.0238 0.1199 0.6689 0.0864 0.0328
184 0.1664 0.0798 0.3691 0.3362 0.0199 0.0285
185 0.5210 0.1370 0.2769 0.0112 0.0470 0.0069
186 0.0524 0.0357 0.6797 0.1338 0.0657 0.0328
187 0.1214 0.1132 0.4075 0.1740 0.1659 0.0181
188 0.1017 0.0733 0.5210 0.1772 0.0688 0.0580
189 0.1313 0.1686 0.0616 0.3459 0.1159 0.1768
190 0.2058 0.2837 0.0684 0.1119 0.2502 0.0800
191 0.1155 0.4570 0.1240 0.1331 0.0865 0.0839
192 0.0552 0.0385 0.2253 0.4343 0.2020 0.0444
193 0.0722 0.0781 0.3040 0.1932 0.3040 0.0485
194 0.0522 0.0213 0.0253 0.8042 0.0610 0.0362
195 0.1470 0.1359 0.6089 0.0296 0.0516 0.0270
196 0.1779 0.0707 0.6113 0.0482 0.0314 0.0605
197 0.2438 0.0756 0.5493 0.0417 0.0103 0.0792
198 0.1432 0.1225 0.5938 0.0083 0.1273 0.0050
199 0.1614 0.1401 0.4741 0.1492 0.0469 0.0283
200 0.1186 0.0815 0.4207 0.2360 0.0924 0.0510
201 0.1196 0.1252 0.6069 0.0461 0.0945 0.0074
202 0.1619 0.4231 0.1486 0.2014 0.0605 0.0045
203 0.1191 0.1995 0.1733 0.4675 0.0308 0.0098
204 0.1289 0.0550 0.7080 0.0525 0.0432 0.0126
205 0.2457 0.3010 0.3467 0.0389 0.0451 0.0225
206 0.1624 0.2325 0.2961 0.0511 0.2534 0.0045
207 0.0801 0.1508 0.6704 0.0299 0.0572 0.0117
208 0.0908 0.0169 0.7964 0.0319 0.0361 0.0281
209 0.0988 0.0381 0.7183 0.0818 0.0331 0.0299
210 0.1284 0.0362 0.2474 0.5664 0.0085 0.0129
211 0.1054 0.2649 0.1570 0.2649 0.1658 0.0419
212 0.1136 0.1553 0.1349 0.1288 0.0181 0.4492
