time exciting_prob fearful_prob tense_prob sad_prob relaxing_prob neutral_prob
0 0.0312 0.0475 0.1659 0.1583 0.5522 0.0446
1 0.0335 0.0612 0.1422 0.0977 0.6372 0.0282
2 0.0441 0.0524 0.1774 0.1692 0.4746 0.0825
3 0.0381 0.0658 0.1760 0.1328 0.5508 0.0366
4 0.0587 0.0853 0.2063 0.1440 0.4507 0.0551
5 0.0254 0.0459 0.1815 0.0769 0.6436 0.0266
6 0.0243 0.0433 0.3511 0.1534 0.3567 0.0714
7 0.0248 0.0627 0.4565 0.2026 0.1934 0.0599
8 0.0342 0.0808 0.5107 0.1140 0.2001 0.0601
9 0.0342 0.0654 0.4758 0.1835 0.1724 0.0685
10 0.0820 0.0782 0.2467 0.3762 0.1013 0.1156
11 0.0651 0.0531 0.2576 0.3577 0.2135 0.0531
12 0.0616 0.0473 0.3777 0.2988 0.1367 0.0779
13 0.1270 0.0894 0.3589 0.2109 0.1230 0.0908
14 0.1035 0.0648 0.2815 0.3342 0.1460 0.0701
15 0.0933 0.0762 0.3362 0.2578 0.1799 0.0566
16 0.0214 0.0426 0.2164 0.3799 0.2822 0.0573
17 0.0462 0.0837 0.1379 0.3809 0.3208 0.0303
18 0.0934 0.0414 0.1829 0.5723 0.0762 0.0341
19 0.2874 0.2786 0.1422 0.2700 0.0137 0.0082
20 0.1299 0.2174 0.1542 0.4192 0.0717 0.0078
21 0.0862 0.3521 0.3574 0.1637 0.0340 0.0066
22 0.0908 0.1497 0.3269 0.3647 0.0224 0.0457
23 0.1609 0.0454 0.2164 0.4304 0.0539 0.0931
24 0.1401 0.0905 0.1218 0.3750 0.2703 0.0023
25 0.1248 0.0399 0.0554 0.3040 0.4709 0.0050
26 0.3066 0.0943 0.2427 0.1449 0.2012 0.0103
27 0.2125 0.0446 0.1069 0.4160 0.1655 0.0546
28 0.2386 0.0418 0.0558 0.2350 0.3813 0.0474
29 0.4985 0.0358 0.0619 0.2179 0.0771 0.1087
30 0.5210 0.0418 0.0756 0.2223 0.0508 0.0884
31 0.5361 0.1106 0.0861 0.0803 0.1560 0.0310
32 0.3303 0.0365 0.0703 0.4309 0.0797 0.0523
33 0.3186 0.0837 0.1067 0.3286 0.1199 0.0424
34 0.3083 0.0792 0.1870 0.2988 0.1057 0.0211
35 0.1527 0.1237 0.2294 0.3723 0.0383 0.0837
36 0.1305 0.0220 0.2118 0.4697 0.1326 0.0335
37 0.1497 0.0880 0.2264 0.1395 0.3794 0.0169
38 0.2106 0.0728 0.2661 0.1615 0.2462 0.0428
39 0.1196 0.0917 0.3628 0.2035 0.1942 0.0280
40 0.0657 0.0673 0.1963 0.2443 0.3843 0.0421
41 0.2942 0.0553 0.1650 0.3777 0.0767 0.0310
42 0.2450 0.0753 0.2568 0.3564 0.0329 0.0337
43 0.4109 0.0822 0.2200 0.1794 0.0327 0.0748
44 0.4905 0.0619 0.1951 0.1321 0.0989 0.0215
45 0.5459 0.1266 0.1180 0.1042 0.1002 0.0051
46 0.4993 0.0999 0.1547 0.1302 0.0848 0.0312
47 0.5532 0.0427 0.0748 0.2306 0.0587 0.0401
48 0.5601 0.0428 0.0981 0.2013 0.0525 0.0453
49 0.3916 0.0959 0.1087 0.1835 0.0506 0.1697
50 0.3127 0.0351 0.1477 0.2289 0.1133 0.1622
51 0.1437 0.0411 0.2642 0.1732 0.3499 0.0278
52 0.1368 0.0330 0.1959 0.2517 0.3494 0.0333
53 0.3652 0.0539 0.1808 0.2590 0.0569 0.0841
54 0.4163 0.0493 0.0908 0.3674 0.0456 0.0306
55 0.3801 0.1635 0.1809 0.1881 0.0731 0.0144
56 0.1936 0.0614 0.1655 0.1103 0.4363 0.0329
57 0.1023 0.0345 0.1293 0.0742 0.6265 0.0332
58 0.0618 0.0452 0.1505 0.2600 0.4424 0.0402
59 0.6919 0.0221 0.1165 0.1078 0.0416 0.0201
60 0.2467 0.0770 0.2013 0.3269 0.1174 0.0306
61 0.3120 0.0759 0.4006 0.1194 0.0833 0.0086
62 0.1371 0.1085 0.5337 0.1210 0.0878 0.0120
63 0.3970 0.0233 0.1483 0.3699 0.0489 0.0127
64 0.4102 0.0337 0.1045 0.3562 0.0242 0.0713
65 0.2712 0.0275 0.1301 0.4541 0.0713 0.0457
66 0.1074 0.0317 0.0933 0.6274 0.0709 0.0693
67 0.0914 0.0358 0.1250 0.6548 0.0467 0.0460
68 0.3350 0.0208 0.1487 0.4170 0.0543 0.0243
69 0.3662 0.0557 0.1058 0.3440 0.1058 0.0225
70 0.5166 0.0459 0.1010 0.2329 0.0864 0.0170
71 0.4651 0.0578 0.0560 0.3247 0.0748 0.0218
72 0.1915 0.0566 0.0978 0.6089 0.0147 0.0305
73 0.2097 0.0353 0.0655 0.5522 0.1096 0.0275
74 0.0886 0.0172 0.0301 0.4360 0.2727 0.1554
75 0.2437 0.0484 0.0773 0.4517 0.1356 0.0433
76 0.2634 0.0377 0.0848 0.3772 0.1512 0.0855
77 0.1790 0.0288 0.0381 0.2297 0.4902 0.0341
78 0.3206 0.1346 0.2400 0.2151 0.0527 0.0371
79 0.2576 0.0955 0.4116 0.1798 0.0421 0.0134
80 0.1947 0.0851 0.2747 0.3262 0.1058 0.0138
81 0.3296 0.0619 0.1937 0.2954 0.1029 0.0165
82 0.3809 0.1515 0.2788 0.1153 0.0657 0.0078
83 0.3130 0.0704 0.1400 0.3083 0.1444 0.0238
84 0.4585 0.0457 0.0889 0.2493 0.0868 0.0709
85 0.3855 0.0252 0.1272 0.3679 0.0538 0.0403
86 0.1436 0.0496 0.1412 0.4285 0.2294 0.0079
87 0.1915 0.0305 0.0575 0.5371 0.1716 0.0116
88 0.1440 0.0159 0.0443 0.6064 0.1685 0.0208
89 0.0458 0.0562 0.0933 0.7007 0.0389 0.0652
90 0.0665 0.0340 0.0953 0.6616 0.0895 0.0530
91 0.0902 0.0235 0.1510 0.6260 0.0601 0.0490
92 0.5039 0.0348 0.0472 0.3745 0.0177 0.0218
93 0.5571 0.0282 0.0895 0.2981 0.0111 0.0161
94 0.1715 0.0199 0.1974 0.5200 0.0682 0.0232
95 0.1378 0.0469 0.2595 0.4556 0.0330 0.0672
96 0.0976 0.0275 0.1377 0.6465 0.0385 0.0522
97 0.1412 0.0202 0.1503 0.5762 0.0444 0.0677
98 0.0361 0.0551 0.1028 0.7480 0.0189 0.0390
99 0.3489 0.0666 0.0822 0.3127 0.1244 0.0651
100 0.4055 0.0912 0.1171 0.2458 0.1180 0.0225
101 0.1841 0.0823 0.0480 0.1689 0.4888 0.0280
102 0.1531 0.0806 0.0643 0.3215 0.3477 0.0331
103 0.2908 0.0596 0.0847 0.4102 0.1166 0.0381
104 0.2443 0.1298 0.0995 0.4155 0.0341 0.0768
105 0.2505 0.0224 0.2544 0.1405 0.2280 0.1044
106 0.1759 0.0608 0.2683 0.2642 0.1932 0.0378
107 0.1405 0.0442 0.3701 0.1891 0.1891 0.0669
108 0.0246 0.0525 0.0788 0.7710 0.0653 0.0077
109 0.0979 0.0473 0.1425 0.4819 0.2241 0.0064
110 0.1224 0.0889 0.2100 0.3801 0.1882 0.0104
111 0.0722 0.0393 0.1816 0.5171 0.1816 0.0080
112 0.1246 0.0523 0.2556 0.4929 0.0667 0.0078
113 0.0668 0.1019 0.2771 0.4788 0.0712 0.0040
114 0.0566 0.0651 0.2382 0.5366 0.0977 0.0058
115 0.1378 0.1236 0.3806 0.2458 0.1041 0.0080
116 0.1925 0.1376 0.2866 0.2452 0.1272 0.0108
117 0.1780 0.0416 0.1499 0.4338 0.1780 0.0186
118 0.0703 0.1713 0.1559 0.4443 0.1488 0.0095
119 0.0258 0.1923 0.1724 0.5068 0.0997 0.0032
120 0.0508 0.0994 0.2103 0.5718 0.0612 0.0067
121 0.0459 0.3042 0.2026 0.3447 0.1003 0.0022
122 0.0809 0.0960 0.2164 0.4653 0.1376 0.0039
123 0.0945 0.1510 0.3403 0.3457 0.0615 0.0068
124 0.1038 0.2671 0.2213 0.2842 0.1166 0.0071
125 0.0952 0.0624 0.1545 0.3374 0.3374 0.0130
126 0.0714 0.1608 0.1970 0.2568 0.3098 0.0040
127 0.0420 0.0413 0.0945 0.4727 0.3457 0.0038
128 0.0535 0.0300 0.1169 0.4622 0.3330 0.0044
129 0.1026 0.1092 0.1403 0.4121 0.2277 0.0081
130 0.0349 0.0219 0.1075 0.5293 0.2969 0.0095
131 0.0408 0.1127 0.2878 0.4529 0.0878 0.0180
132 0.1514 0.0401 0.0641 0.5117 0.2004 0.0322
133 0.0575 0.0233 0.0824 0.7817 0.0114 0.0434
134 0.0454 0.0454 0.1015 0.7617 0.0135 0.0324
135 0.0688 0.1041 0.0830 0.6841 0.0208 0.0392
136 0.0956 0.0488 0.0941 0.6895 0.0386 0.0333
137 0.3491 0.0440 0.1305 0.4277 0.0371 0.0116
138 0.4128 0.0482 0.0372 0.3728 0.1111 0.0179
139 0.0547 0.0498 0.4043 0.4653 0.0088 0.0170
140 0.0876 0.0836 0.2203 0.4663 0.1276 0.0145
141 0.0498 0.0620 0.2231 0.5972 0.0070 0.0610
142 0.2612 0.0112 0.0388 0.5195 0.1476 0.0219
143 0.2561 0.0143 0.0481 0.4824 0.1788 0.0201
144 0.0819 0.0321 0.2191 0.5864 0.0358 0.0445
145 0.0420 0.0271 0.1055 0.7671 0.0099 0.0483
146 0.4543 0.0748 0.0413 0.3147 0.0522 0.0625
147 0.3464 0.0548 0.0380 0.3574 0.0343 0.1688
148 0.3457 0.0271 0.0337 0.3198 0.0983 0.1753
149 0.5181 0.0529 0.0209 0.2211 0.1012 0.0859
150 0.4600 0.0622 0.0180 0.3162 0.0627 0.0812
151 0.3555 0.0489 0.0187 0.4028 0.0435 0.1307
152 0.3718 0.0527 0.1400 0.1812 0.2457 0.0086
153 0.0840 0.0144 0.0299 0.3218 0.5391 0.0108
154 0.1168 0.4407 0.2935 0.0464 0.0708 0.0319
155 0.1989 0.0249 0.0557 0.4661 0.1755 0.0791
156 0.1844 0.0176 0.0274 0.5015 0.2090 0.0603
157 0.0944 0.1052 0.3450 0.0364 0.4033 0.0155
158 0.0537 0.2522 0.1681 0.1996 0.2522 0.0740
159 0.1516 0.1492 0.1348 0.1691 0.3579 0.0374
160 0.0426 0.1558 0.1633 0.1194 0.5107 0.0080
161 0.0504 0.0417 0.1827 0.5205 0.0354 0.1691
162 0.0996 0.0363 0.1616 0.5820 0.0439 0.0764
163 0.3545 0.0754 0.1334 0.2717 0.1454 0.0195
164 0.1063 0.0362 0.0535 0.4583 0.2164 0.1293
165 0.1676 0.0496 0.1813 0.4417 0.1041 0.0557
166 0.1060 0.0204 0.1298 0.5215 0.1318 0.0906
167 0.2544 0.1373 0.2646 0.2710 0.0321 0.0406
168 0.2272 0.1206 0.1064 0.2534 0.2615 0.0310
169 0.2140 0.1309 0.1482 0.1707 0.2949 0.0415
170 0.1033 0.1945 0.2496 0.3010 0.1161 0.0354
171 0.0471 0.1473 0.3884 0.2588 0.1342 0.0242
172 0.2612 0.0984 0.2150 0.3152 0.0822 0.0278
173 0.2783 0.0349 0.2101 0.3689 0.0842 0.0236
174 0.3953 0.0635 0.1273 0.2695 0.0784 0.0660
175 0.2345 0.0365 0.1885 0.3867 0.1295 0.0243
176 0.3003 0.0258 0.2001 0.2734 0.1851 0.0154
177 0.1489 0.0472 0.0414 0.0280 0.6270 0.1073
178 0.1469 0.0673 0.0622 0.0310 0.5459 0.1469
179 0.1163 0.0424 0.1772 0.5459 0.0328 0.0851
180 0.1927 0.0548 0.2020 0.3833 0.1082 0.0588
181 0.1011 0.0474 0.1268 0.5640 0.0838 0.0769
182 0.2394 0.1252 0.2214 0.3223 0.0293 0.0625
183 0.1697 0.0370 0.1342 0.5562 0.0361 0.0670
184 0.3413 0.0265 0.0477 0.2310 0.2659 0.0876
185 0.2537 0.0346 0.0602 0.3748 0.1798 0.0970
186 0.3640 0.0722 0.0806 0.2350 0.1719 0.0763
187 0.2141 0.0344 0.0770 0.5469 0.0900 0.0378
188 0.3479 0.0859 0.1202 0.1061 0.3218 0.0182
189 0.2971 0.0872 0.1248 0.1172 0.3474 0.0262
190 0.2104 0.0448 0.1718 0.1025 0.4319 0.0386
191 0.2849 0.0420 0.1151 0.1958 0.2896 0.0726
192 0.1914 0.0161 0.0738 0.1538 0.5200 0.0447
193 0.2457 0.0798 0.1945 0.0836 0.3806 0.0157
194 0.1320 0.0096 0.0800 0.7134 0.0235 0.0415
195 0.0627 0.0274 0.0986 0.7285 0.0110 0.0721
196 0.0779 0.0677 0.1841 0.6035 0.0112 0.0553
197 0.1263 0.0450 0.1159 0.5977 0.0353 0.0797
198 0.1931 0.0188 0.0161 0.4319 0.2461 0.0941
199 0.1791 0.0471 0.0638 0.0432 0.6250 0.0416
200 0.1804 0.0758 0.0866 0.0880 0.5303 0.0387
201 0.1799 0.0383 0.0677 0.0466 0.6084 0.0589
202 0.2839 0.0958 0.1473 0.1384 0.2795 0.0551
203 0.2150 0.0522 0.1081 0.2893 0.3030 0.0324
204 0.2201 0.0539 0.2167 0.4309 0.0483 0.0300
205 0.0983 0.0697 0.4075 0.3889 0.0171 0.0183
206 0.1449 0.0996 0.3818 0.2209 0.1299 0.0229
207 0.1946 0.0704 0.3257 0.2384 0.1445 0.0263
208 0.1519 0.0559 0.4326 0.1951 0.1183 0.0463
209 0.0462 0.0343 0.3574 0.4810 0.0140 0.0671
210 0.1343 0.4009 0.3708 0.0175 0.0742 0.0025
211 0.0955 0.3413 0.2874 0.0626 0.2102 0.0030
212 0.1539 0.1348 0.3184 0.0667 0.2898 0.0363
213 0.1989 0.1586 0.3203 0.0335 0.2344 0.0544
214 0.2468 0.1281 0.4006 0.1046 0.1148 0.0050
215 0.2703 0.1084 0.3933 0.1370 0.0864 0.0046
216 0.3127 0.0809 0.2983 0.2019 0.1007 0.0056
217 0.1030 0.0894 0.1835 0.4722 0.0923 0.0596
218 0.1742 0.0383 0.1255 0.4519 0.1884 0.0216
219 0.3367 0.0920 0.1948 0.1918 0.1641 0.0207
220 0.2720 0.0392 0.1501 0.3716 0.1367 0.0303
221 0.2654 0.0368 0.1377 0.5034 0.0206 0.0359
222 0.3203 0.1304 0.1124 0.2783 0.1335 0.0251
223 0.2773 0.0501 0.1508 0.4502 0.0605 0.0110
224 0.2183 0.0348 0.0931 0.4995 0.1431 0.0113
225 0.1323 0.0166 0.0225 0.5840 0.1956 0.0491
226 0.2062 0.0230 0.0248 0.5347 0.1353 0.0759
227 0.2019 0.0210 0.0465 0.5933 0.0903 0.0468
228 0.1285 0.0220 0.0175 0.5942 0.1899 0.0477
229 0.2830 0.0225 0.0272 0.4116 0.1885 0.0672
230 0.1010 0.0700 0.0728 0.5903 0.1267 0.0389
231 0.2100 0.1273 0.2234 0.0179 0.3801 0.0413
232 0.1727 0.1825 0.2417 0.0579 0.2781 0.0671
233 0.1531 0.2837 0.2427 0.0323 0.2583 0.0301
234 0.1770 0.4021 0.2720 0.0315 0.0978 0.0197
235 0.1936 0.2605 0.3142 0.0350 0.1384 0.0581
236 0.1636 0.0862 0.3154 0.3926 0.0273 0.0150
237 0.0125 0.1472 0.1405 0.6914 0.0038 0.0045
238 0.0580 0.0387 0.0679 0.6289 0.1110 0.0957
239 0.1115 0.1896 0.2083 0.3950 0.0543 0.0413
240 0.0991 0.0625 0.2737 0.4656 0.0875 0.0118
241 0.0792 0.0843 0.1650 0.6230 0.0363 0.0124
242 0.1814 0.0768 0.0580 0.1786 0.4741 0.0313
243 0.2192 0.0907 0.0604 0.1735 0.4001 0.0559
244 0.1113 0.0295 0.0730 0.3706 0.3428 0.0730
245 0.2668 0.0619 0.0853 0.2505 0.2883 0.0471
246 0.4570 0.1449 0.1472 0.0183 0.2245 0.0079
247 0.2271 0.0791 0.1882 0.1714 0.3008 0.0332
248 0.0559 0.0509 0.1130 0.6401 0.0702 0.0696
249 0.1344 0.0224 0.1621 0.4690 0.0551 0.1571
250 0.0637 0.0220 0.0699 0.5952 0.0787 0.1705
251 0.0607 0.0417 0.2153 0.6431 0.0067 0.0325
252 0.0801 0.0345 0.0701 0.4329 0.1028 0.2795
253 0.0771 0.0295 0.0569 0.2690 0.2529 0.3147
254 0.1238 0.0268 0.1026 0.3696 0.2349 0.1425
255 0.1199 0.0160 0.0786 0.2239 0.5044 0.0571
256 0.1039 0.0606 0.1072 0.2067 0.4209 0.1007
257 0.1087 0.0494 0.1820 0.3853 0.2301 0.0446
258 0.1685 0.0930 0.1780 0.3738 0.1046 0.0821
259 0.1110 0.0372 0.1219 0.5723 0.0524 0.1050
260 0.1335 0.0136 0.0977 0.6372 0.0631 0.0548
261 0.1223 0.0208 0.0587 0.7036 0.0397 0.0551
262 0.1105 0.0686 0.2375 0.3735 0.1385 0.0713
263 0.0518 0.0725 0.2003 0.5444 0.0778 0.0531
264 0.0683 0.0622 0.2499 0.4150 0.1190 0.0856
265 0.0768 0.0325 0.3037 0.4490 0.0562 0.0818
266 0.0444 0.0398 0.3333 0.5161 0.0325 0.0340
267 0.0187 0.0341 0.2426 0.6191 0.0500 0.0352
268 0.0643 0.0585 0.2042 0.5913 0.0653 0.0165
269 0.0239 0.0201 0.1196 0.7798 0.0401 0.0163
270 0.0940 0.0148 0.1226 0.7393 0.0184 0.0110
271 0.0785 0.0465 0.1255 0.6782 0.0499 0.0213
272 0.2278 0.0533 0.1641 0.5054 0.0194 0.0299
273 0.2318 0.0551 0.1521 0.4985 0.0147 0.0479
274 0.1340 0.0501 0.1111 0.4980 0.0146 0.1920
275 0.4666 0.1126 0.0739 0.1469 0.0438 0.1564
