time exciting_prob fearful_prob tense_prob sad_prob relaxing_prob neutral_prob
0 0.1136 0.1553 0.1349 0.1288 0.0181 0.4492
1 0.4924 0.2185 0.1057 0.1116 0.0165 0.0553
2 0.5347 0.0865 0.0873 0.1708 0.0350 0.0859
3 0.1893 0.3538 0.0675 0.3538 0.0172 0.0185
4 0.0935 0.1603 0.0920 0.5684 0.0504 0.0355
5 0.3457 0.3679 0.0569 0.2001 0.0173 0.0120
6 0.3230 0.3333 0.0515 0.2720 0.0102 0.0102
7 0.2157 0.3088 0.1154 0.2856 0.0254 0.0489
8 0.1467 0.2964 0.1742 0.0985 0.1179 0.1663
9 0.1003 0.1427 0.2666 0.1748 0.0533 0.2625
10 0.3477 0.1299 0.1278 0.3369 0.0204 0.0375
11 0.0777 0.0777 0.2710 0.2668 0.0356 0.2710
12 0.1456 0.5244 0.1587 0.1017 0.0575 0.0121
13 0.0121 0.1094 0.0525 0.6909 0.0149 0.1201
14 0.0249 0.3076 0.0645 0.5068 0.0208 0.0754
15 0.0179 0.1261 0.0464 0.6924 0.0144 0.1029
16 0.0565 0.2117 0.2218 0.3657 0.0410 0.1031
17 0.1068 0.1085 0.0497 0.6748 0.0151 0.0452
18 0.1665 0.1746 0.0554 0.5210 0.0202 0.0622
19 0.1379 0.1118 0.0417 0.6431 0.0122 0.0532
20 0.1039 0.1313 0.0376 0.6460 0.0334 0.0475
21 0.1564 0.2788 0.0710 0.3933 0.0386 0.0617
22 0.0779 0.4517 0.0797 0.2595 0.0597 0.0715
23 0.0731 0.4236 0.1105 0.3101 0.0251 0.0578
24 0.0682 0.1840 0.0420 0.4771 0.0236 0.2052
25 0.0883 0.2476 0.0276 0.5117 0.0561 0.0687
26 0.2405 0.3552 0.0920 0.2683 0.0287 0.0154
27 0.0567 0.3726 0.0618 0.3967 0.0352 0.0769
28 0.0235 0.3218 0.0471 0.5220 0.0154 0.0701
29 0.0206 0.0873 0.0364 0.7539 0.0273 0.0746
30 0.0337 0.4622 0.0766 0.3079 0.0527 0.0671
31 0.0384 0.6240 0.1459 0.1350 0.0336 0.0231
32 0.0593 0.3992 0.0963 0.3013 0.0850 0.0589
33 0.4041 0.1396 0.1683 0.2266 0.0172 0.0443
34 0.4514 0.1584 0.2269 0.1334 0.0115 0.0185
35 0.2216 0.3123 0.1970 0.2032 0.0239 0.0419
36 0.2554 0.5713 0.0407 0.0593 0.0575 0.0158
37 0.1742 0.5620 0.0491 0.1255 0.0499 0.0392
38 0.1279 0.3589 0.0907 0.4128 0.0074 0.0022
39 0.1483 0.1519 0.0366 0.6147 0.0421 0.0065
40 0.0439 0.4990 0.1014 0.2510 0.0547 0.0498
41 0.1692 0.5767 0.0212 0.1257 0.0837 0.0233
42 0.2496 0.1826 0.1663 0.3154 0.0117 0.0743
43 0.2006 0.2827 0.1099 0.3306 0.0186 0.0575
44 0.1459 0.2856 0.2296 0.2812 0.0183 0.0393
45 0.0770 0.7900 0.0880 0.0370 0.0036 0.0044
46 0.1340 0.4429 0.0653 0.2334 0.0581 0.0663
47 0.1236 0.0488 0.0197 0.6577 0.0080 0.1422
48 0.1621 0.3457 0.0260 0.4011 0.0182 0.0468
49 0.0690 0.7358 0.0409 0.1020 0.0406 0.0115
50 0.1076 0.5425 0.0279 0.2157 0.0633 0.0432
51 0.0999 0.4727 0.0518 0.3101 0.0400 0.0255
52 0.2693 0.2394 0.0895 0.2979 0.0475 0.0564
53 0.4377 0.2184 0.0785 0.1973 0.0359 0.0322
54 0.2312 0.4817 0.2294 0.0418 0.0108 0.0051
55 0.1461 0.5386 0.1394 0.1694 0.0031 0.0036
56 0.1326 0.6475 0.0911 0.0862 0.0278 0.0150
57 0.1288 0.5132 0.0700 0.2261 0.0393 0.0226
58 0.3374 0.1096 0.1429 0.2842 0.0214 0.1046
59 0.0343 0.1742 0.0548 0.5449 0.0430 0.1489
60 0.0452 0.0845 0.2729 0.2227 0.0076 0.3672
61 0.4028 0.1349 0.0231 0.1653 0.0139 0.2600
62 0.6279 0.0727 0.0141 0.1638 0.0212 0.1002
63 0.4556 0.3989 0.0495 0.0883 0.0071 0.0008
64 0.0717 0.2294 0.0652 0.4634 0.0396 0.1307
65 0.1953 0.3196 0.0649 0.2979 0.0582 0.0644
66 0.1846 0.3728 0.1483 0.2859 0.0022 0.0065
67 0.1807 0.3323 0.2549 0.2080 0.0010 0.0231
68 0.1043 0.3264 0.1949 0.0878 0.0886 0.1980
69 0.0764 0.2952 0.0814 0.4165 0.0559 0.0746
70 0.2793 0.4294 0.0600 0.0859 0.1183 0.0270
71 0.3794 0.3455 0.0273 0.0664 0.1311 0.0505
72 0.2295 0.1665 0.0562 0.2747 0.1425 0.1307
73 0.2272 0.5366 0.0523 0.0918 0.0579 0.0343
74 0.1021 0.1533 0.3003 0.2338 0.0167 0.1938
75 0.0953 0.4014 0.3772 0.0340 0.0630 0.0291
76 0.0414 0.3416 0.0508 0.3931 0.0622 0.1109
77 0.0248 0.7358 0.1165 0.0852 0.0275 0.0100
78 0.1163 0.3813 0.1565 0.0689 0.2190 0.0580
79 0.1438 0.6753 0.0663 0.0453 0.0572 0.0120
80 0.1026 0.7178 0.0756 0.0668 0.0276 0.0096
81 0.2854 0.2991 0.2087 0.1718 0.0117 0.0236
82 0.0812 0.5464 0.1035 0.1932 0.0452 0.0306
83 0.0468 0.0565 0.2778 0.4509 0.0145 0.1534
84 0.0554 0.1788 0.1788 0.5171 0.0103 0.0594
85 0.2695 0.4111 0.0737 0.1187 0.1039 0.0228
86 0.1858 0.4492 0.0441 0.1602 0.1370 0.0238
87 0.1782 0.0433 0.0869 0.6416 0.0122 0.0377
88 0.3032 0.1151 0.1304 0.4209 0.0072 0.0230
89 0.0780 0.7817 0.0424 0.0532 0.0303 0.0143
90 0.1300 0.2030 0.3794 0.1406 0.0219 0.1251
91 0.0272 0.8013 0.0972 0.0618 0.0076 0.0051
92 0.1304 0.0896 0.2218 0.3328 0.0138 0.2115
93 0.0462 0.7749 0.0548 0.1074 0.0091 0.0075
94 0.0864 0.7344 0.0424 0.0912 0.0363 0.0092
95 0.1065 0.3254 0.1284 0.1549 0.1898 0.0947
96 0.3301 0.3711 0.0243 0.1431 0.0547 0.0766
97 0.3508 0.3169 0.0329 0.1021 0.0894 0.1078
98 0.1958 0.3804 0.0977 0.1335 0.0535 0.1389
99 0.1620 0.3025 0.1779 0.2129 0.0874 0.0573
100 0.1560 0.5664 0.0454 0.1124 0.0809 0.0388
101 0.1958 0.3987 0.1561 0.1197 0.0869 0.0430
102 0.0466 0.2140 0.0858 0.5464 0.0320 0.0751
103 0.0491 0.1741 0.1048 0.6123 0.0202 0.0395
104 0.0952 0.1231 0.3320 0.2178 0.0207 0.2111
105 0.1116 0.3491 0.0389 0.4485 0.0284 0.0234
106 0.0550 0.5132 0.0219 0.3640 0.0201 0.0260
107 0.0341 0.1102 0.0393 0.6338 0.0341 0.1483
108 0.0788 0.3560 0.0633 0.3970 0.0355 0.0695
109 0.1597 0.2959 0.0447 0.4014 0.0454 0.0531
110 0.1113 0.4646 0.1231 0.1157 0.1606 0.0246
111 0.1780 0.3708 0.0479 0.2590 0.0534 0.0909
112 0.2173 0.0658 0.0292 0.5132 0.0078 0.1666
113 0.2283 0.5479 0.0358 0.1271 0.0486 0.0125
114 0.2671 0.2935 0.3171 0.1054 0.0052 0.0117
115 0.0406 0.1506 0.0341 0.6055 0.0463 0.1230
116 0.4985 0.3618 0.0807 0.0517 0.0059 0.0013
117 0.0696 0.7485 0.0429 0.0782 0.0345 0.0264
118 0.2341 0.5195 0.0457 0.1124 0.0454 0.0430
119 0.1543 0.2280 0.2974 0.0706 0.0285 0.2211
120 0.4023 0.3159 0.0941 0.0667 0.0215 0.0994
121 0.2944 0.1801 0.0956 0.1772 0.0213 0.2312
122 0.3542 0.2737 0.2018 0.0461 0.0413 0.0828
123 0.4429 0.0907 0.2371 0.1996 0.0099 0.0199
124 0.1060 0.4326 0.1004 0.2544 0.0471 0.0595
125 0.1242 0.1014 0.1954 0.3271 0.0160 0.2357
126 0.1353 0.2649 0.0937 0.4648 0.0204 0.0209
127 0.1780 0.2568 0.3003 0.1646 0.0510 0.0490
128 0.1432 0.6729 0.0588 0.0743 0.0267 0.0243
129 0.0912 0.3108 0.2007 0.2537 0.0320 0.1117
130 0.0870 0.5327 0.1236 0.1379 0.0263 0.0926
131 0.0826 0.4751 0.1832 0.1129 0.0782 0.0679
132 0.1729 0.6943 0.0392 0.0362 0.0389 0.0184
133 0.0942 0.7466 0.0311 0.0892 0.0272 0.0115
134 0.2069 0.1478 0.1107 0.1514 0.0284 0.3547
135 0.1937 0.6553 0.0446 0.0735 0.0239 0.0091
136 0.2788 0.3779 0.0484 0.1180 0.0850 0.0919
137 0.1736 0.6104 0.1270 0.0679 0.0100 0.0110
138 0.0534 0.0464 0.0403 0.8101 0.0069 0.0429
139 0.1351 0.6968 0.0240 0.1012 0.0270 0.0158
140 0.1202 0.4197 0.2886 0.0490 0.0776 0.0449
141 0.1530 0.0899 0.2791 0.1460 0.1371 0.1948
142 0.0682 0.3516 0.0650 0.4241 0.0539 0.0374
143 0.0391 0.2267 0.2866 0.1322 0.0419 0.2734
144 0.0620 0.1195 0.1880 0.3247 0.0279 0.2778
145 0.2450 0.5269 0.0624 0.0665 0.0659 0.0334
146 0.3484 0.4009 0.0312 0.0510 0.1418 0.0269
147 0.1902 0.0751 0.0301 0.4089 0.0102 0.2854
148 0.2693 0.1823 0.2778 0.2491 0.0035 0.0178
149 0.2871 0.4048 0.2004 0.0969 0.0012 0.0096
150 0.0363 0.4419 0.1504 0.2854 0.0414 0.0448
151 0.2542 0.4641 0.0690 0.1146 0.0585 0.0396
152 0.3018 0.2350 0.0296 0.2925 0.0845 0.0567
153 0.2089 0.3186 0.1267 0.2620 0.0424 0.0414
154 0.1412 0.1575 0.2742 0.2136 0.0190 0.1945
155 0.1047 0.5483 0.1039 0.1106 0.0620 0.0703
156 0.1072 0.2034 0.0139 0.5527 0.0760 0.0468
157 0.2482 0.3445 0.0227 0.2406 0.1298 0.0141
158 0.1237 0.5630 0.0524 0.1946 0.0466 0.0199
159 0.1366 0.6567 0.0295 0.1254 0.0332 0.0183
160 0.0284 0.1510 0.1752 0.1476 0.0140 0.4839
161 0.0976 0.2891 0.2183 0.2983 0.0535 0.0433
162 0.0958 0.3042 0.2227 0.2407 0.0459 0.0906
163 0.1175 0.7310 0.0674 0.0286 0.0449 0.0107
164 0.0544 0.8252 0.0617 0.0427 0.0130 0.0031
165 0.2448 0.0989 0.1036 0.0873 0.0425 0.4229
166 0.2333 0.0950 0.0201 0.1616 0.0190 0.4712
167 0.2085 0.5327 0.0271 0.0940 0.1065 0.0312
168 0.1150 0.5840 0.0340 0.1499 0.0999 0.0174
169 0.0569 0.3655 0.0903 0.4272 0.0163 0.0436
170 0.0699 0.4851 0.0553 0.3386 0.0245 0.0267
171 0.1153 0.2172 0.0360 0.4185 0.0466 0.1665
172 0.1389 0.1688 0.0383 0.3689 0.0278 0.2576
173 0.1552 0.5010 0.0688 0.2087 0.0360 0.0305
174 0.1534 0.5571 0.0708 0.1571 0.0433 0.0182
175 0.2166 0.5444 0.0483 0.0903 0.0766 0.0241
176 0.1406 0.4436 0.0446 0.2247 0.1029 0.0436
177 0.1516 0.5503 0.0431 0.1436 0.0837 0.0278
178 0.0900 0.5386 0.0880 0.1394 0.1104 0.0334
179 0.1259 0.6006 0.1506 0.0513 0.0679 0.0038
180 0.4980 0.2109 0.0764 0.0513 0.0563 0.1069
181 0.0373 0.2267 0.0514 0.5610 0.0471 0.0765
182 0.0913 0.4531 0.0928 0.2426 0.0290 0.0913
183 0.2150 0.3330 0.0535 0.2805 0.0414 0.0767
184 0.1170 0.0570 0.0721 0.4626 0.0106 0.2805
185 0.0854 0.3247 0.2778 0.1054 0.0945 0.1122
186 0.1544 0.4004 0.1936 0.0894 0.1212 0.0409
187 0.1062 0.8159 0.0388 0.0074 0.0290 0.0026
188 0.1159 0.6719 0.0625 0.1007 0.0376 0.0112
189 0.1418 0.6304 0.0718 0.0860 0.0506 0.0192
190 0.1191 0.5298 0.1164 0.1616 0.0442 0.0290
191 0.1365 0.5879 0.1685 0.0620 0.0416 0.0033
192 0.0246 0.5298 0.1340 0.2622 0.0090 0.0402
193 0.0577 0.5869 0.0690 0.1722 0.0591 0.0550
194 0.0529 0.3269 0.0509 0.4133 0.0873 0.0685
195 0.0568 0.4167 0.0586 0.3508 0.0747 0.0422
196 0.1438 0.0695 0.0262 0.5513 0.0219 0.1875
197 0.0888 0.0916 0.0304 0.5791 0.0101 0.2001
198 0.0909 0.0660 0.2080 0.2432 0.0211 0.3708
199 0.1559 0.0822 0.1571 0.2340 0.0167 0.3540
200 0.0982 0.2450 0.1908 0.2079 0.0226 0.2356
201 0.0737 0.1782 0.0276 0.6221 0.0626 0.0356
202 0.0546 0.1761 0.0367 0.6543 0.0432 0.0350
203 0.0330 0.1625 0.0365 0.6948 0.0249 0.0484
204 0.1116 0.4663 0.0322 0.3105 0.0721 0.0071
205 0.1654 0.5957 0.0355 0.1360 0.0618 0.0058
206 0.0779 0.0903 0.0875 0.6367 0.0253 0.0822
207 0.0988 0.2729 0.2563 0.1383 0.0706 0.1630
208 0.1366 0.2937 0.2551 0.2269 0.0167 0.0709
209 0.0959 0.6016 0.0271 0.1473 0.0867 0.0416
210 0.0571 0.8257 0.0441 0.0549 0.0147 0.0038
211 0.0376 0.7681 0.0848 0.0924 0.0055 0.0117
212 0.0193 0.8076 0.0690 0.0878 0.0101 0.0061
213 0.4373 0.2183 0.1123 0.0655 0.0698 0.0968
214 0.1538 0.4180 0.1841 0.1611 0.0251 0.0579
215 0.1912 0.5278 0.0666 0.0797 0.0660 0.0687
216 0.1771 0.2458 0.0817 0.3838 0.0508 0.0607
217 0.1406 0.3481 0.1395 0.3425 0.0133 0.0159
218 0.0847 0.3401 0.1737 0.3794 0.0084 0.0137
219 0.1208 0.6953 0.0341 0.0811 0.0402 0.0285
220 0.1136 0.5679 0.0435 0.1602 0.0496 0.0652
221 0.2861 0.1556 0.0595 0.0555 0.0396 0.4036
222 0.2866 0.2284 0.0461 0.1105 0.0329 0.2957
223 0.0931 0.5234 0.1115 0.1727 0.0561 0.0430
224 0.3167 0.1028 0.0609 0.4260 0.0070 0.0865
225 0.0590 0.3938 0.2141 0.2544 0.0372 0.0415
226 0.3213 0.4426 0.0521 0.0415 0.0900 0.0525
227 0.2023 0.4558 0.0500 0.1613 0.0508 0.0798
228 0.3005 0.2416 0.0454 0.2571 0.0882 0.0671
229 0.1199 0.2222 0.3335 0.2440 0.0249 0.0553
230 0.1047 0.1511 0.0468 0.3950 0.0909 0.2114
231 0.0994 0.4778 0.0417 0.0941 0.1492 0.1379
232 0.0399 0.8071 0.0438 0.0316 0.0684 0.0093
233 0.0993 0.6890 0.0465 0.0704 0.0823 0.0123
234 0.1642 0.6392 0.0409 0.0812 0.0449 0.0297
235 0.2323 0.5356 0.0518 0.1177 0.0385 0.0239
236 0.1741 0.4734 0.1598 0.1008 0.0507 0.0414
237 0.1277 0.2791 0.2106 0.2747 0.0276 0.0806
