time exciting_prob fearful_prob tense_prob sad_prob relaxing_prob neutral_prob
0 0.1136 0.1553 0.1349 0.1288 0.0181 0.4492
1 0.0997 0.4868 0.2817 0.0944 0.0288 0.0088
2 0.1382 0.3289 0.3137 0.1393 0.0576 0.0222
3 0.2013 0.2228 0.3789 0.0820 0.0928 0.0222
4 0.1508 0.2585 0.3940 0.0880 0.0776 0.0311
5 0.3379 0.1523 0.3174 0.0888 0.0784 0.0253
6 0.0957 0.1393 0.1964 0.4497 0.0467 0.0723
7 0.1231 0.2355 0.2930 0.2111 0.1121 0.0252
8 0.1583 0.3569 0.2268 0.1583 0.0875 0.0121
9 0.1616 0.2314 0.3020 0.1919 0.0900 0.0231
10 0.0994 0.1144 0.5811 0.1296 0.0641 0.0117
11 0.3530 0.2108 0.3164 0.0746 0.0220 0.0231
12 0.3774 0.1755 0.3896 0.0238 0.0280 0.0056
13 0.3271 0.2842 0.3098 0.0382 0.0279 0.0126
14 0.2815 0.2389 0.4360 0.0217 0.0186 0.0033
15 0.3552 0.3752 0.2024 0.0246 0.0227 0.0199
16 0.0484 0.0359 0.7930 0.0876 0.0098 0.0251
17 0.0859 0.2336 0.1202 0.1373 0.0193 0.4036
18 0.2089 0.6143 0.0268 0.0673 0.0806 0.0025
19 0.1948 0.3367 0.1011 0.2424 0.0838 0.0412
20 0.0866 0.2908 0.4099 0.1907 0.0168 0.0053
21 0.1797 0.3926 0.0779 0.2615 0.0557 0.0327
22 0.1377 0.2289 0.2474 0.2084 0.1560 0.0216
23 0.2037 0.3413 0.1855 0.0919 0.1611 0.0165
24 0.4309 0.2783 0.1825 0.0682 0.0129 0.0273
25 0.5913 0.2583 0.0585 0.0559 0.0220 0.0139
26 0.4575 0.4038 0.0724 0.0425 0.0167 0.0073
27 0.4900 0.3845 0.0512 0.0537 0.0139 0.0068
28 0.4829 0.3792 0.0446 0.0795 0.0087 0.0051
29 0.5405 0.3687 0.0237 0.0539 0.0114 0.0020
30 0.2615 0.3987 0.1958 0.1274 0.0156 0.0013
31 0.2045 0.4609 0.1892 0.1078 0.0217 0.0159
32 0.0832 0.4863 0.2371 0.1438 0.0425 0.0070
33 0.2744 0.3992 0.1434 0.1066 0.0673 0.0090
34 0.1622 0.2825 0.2961 0.2455 0.0076 0.0061
35 0.0625 0.3274 0.4075 0.1022 0.0888 0.0115
36 0.0740 0.3240 0.5137 0.0590 0.0220 0.0072
37 0.0851 0.2747 0.4971 0.0793 0.0466 0.0173
38 0.1990 0.5493 0.1274 0.0584 0.0570 0.0085
39 0.6895 0.2070 0.0145 0.0094 0.0739 0.0055
40 0.1949 0.4094 0.3240 0.0399 0.0132 0.0186
41 0.1376 0.3982 0.2416 0.2050 0.0070 0.0107
42 0.1317 0.1704 0.0824 0.6089 0.0044 0.0024
43 0.2822 0.5928 0.0834 0.0267 0.0129 0.0023
44 0.0994 0.4780 0.1458 0.1857 0.0837 0.0075
45 0.1385 0.4202 0.1985 0.1242 0.1014 0.0173
46 0.1509 0.7373 0.0547 0.0426 0.0117 0.0031
47 0.2473 0.5981 0.0354 0.0370 0.0748 0.0074
48 0.2920 0.4929 0.0320 0.1412 0.0386 0.0033
49 0.1161 0.4736 0.1798 0.2037 0.0079 0.0188
50 0.2676 0.4019 0.1929 0.0597 0.0365 0.0414
51 0.2878 0.3782 0.2620 0.0554 0.0119 0.0047
52 0.1980 0.5688 0.1394 0.0734 0.0180 0.0026
53 0.2732 0.3120 0.1984 0.1670 0.0353 0.0139
54 0.2474 0.3772 0.2167 0.1081 0.0401 0.0105
55 0.1309 0.3560 0.4226 0.0599 0.0301 0.0006
56 0.3206 0.3105 0.3059 0.0357 0.0265 0.0008
57 0.2876 0.3579 0.2832 0.0360 0.0346 0.0006
58 0.2134 0.3252 0.3745 0.0552 0.0312 0.0006
59 0.2407 0.3672 0.3091 0.0474 0.0349 0.0006
60 0.3091 0.3140 0.2771 0.0623 0.0358 0.0017
61 0.0551 0.5391 0.3374 0.0624 0.0049 0.0009
62 0.3418 0.4458 0.0481 0.0590 0.0858 0.0194
63 0.3091 0.2686 0.2837 0.0554 0.0764 0.0068
64 0.3113 0.3286 0.1902 0.0987 0.0554 0.0159
65 0.2335 0.1351 0.3911 0.1300 0.0958 0.0144
66 0.1964 0.2993 0.2947 0.1219 0.0590 0.0285
67 0.2991 0.2991 0.2189 0.0710 0.0920 0.0197
68 0.2690 0.2162 0.2690 0.0654 0.1594 0.0208
69 0.2595 0.2917 0.2068 0.0932 0.1216 0.0273
70 0.2671 0.2321 0.3376 0.0748 0.0724 0.0158
71 0.1813 0.0830 0.2087 0.3181 0.1758 0.0330
72 0.3518 0.0992 0.1216 0.1116 0.3105 0.0051
73 0.4277 0.1755 0.2068 0.1356 0.0472 0.0072
74 0.4475 0.2081 0.2433 0.0822 0.0119 0.0072
75 0.4937 0.0920 0.3137 0.0684 0.0063 0.0258
76 0.3774 0.1586 0.2761 0.1294 0.0278 0.0307
77 0.3730 0.1862 0.2708 0.0886 0.0323 0.0490
78 0.2603 0.4194 0.1320 0.1183 0.0068 0.0633
79 0.3767 0.2357 0.2671 0.0867 0.0049 0.0288
80 0.3262 0.4189 0.1191 0.1051 0.0166 0.0141
81 0.2042 0.2350 0.3584 0.0550 0.0197 0.1278
82 0.1263 0.3716 0.2494 0.2167 0.0356 0.0004
83 0.1016 0.6885 0.1016 0.0903 0.0166 0.0014
84 0.0356 0.4407 0.3457 0.1293 0.0132 0.0356
85 0.0297 0.4297 0.3733 0.1175 0.0155 0.0342
86 0.1256 0.2153 0.0617 0.4487 0.1456 0.0030
87 0.0774 0.5459 0.1180 0.1100 0.1370 0.0119
88 0.0507 0.7397 0.1285 0.0631 0.0151 0.0030
89 0.0858 0.7583 0.1163 0.0296 0.0093 0.0006
90 0.3445 0.3843 0.2241 0.0274 0.0037 0.0160
91 0.1147 0.3293 0.0833 0.2076 0.1120 0.1531
92 0.2866 0.3708 0.1375 0.1821 0.0126 0.0103
93 0.4497 0.3240 0.0240 0.0757 0.0240 0.1027
94 0.3687 0.4883 0.0368 0.0483 0.0298 0.0282
95 0.0417 0.3628 0.5278 0.0635 0.0025 0.0018
96 0.0562 0.2479 0.4778 0.1771 0.0234 0.0174
97 0.0831 0.2991 0.3499 0.1704 0.0642 0.0333
98 0.0399 0.3313 0.2834 0.3018 0.0210 0.0227
99 0.1653 0.5679 0.0477 0.1238 0.0396 0.0558
100 0.0659 0.7197 0.0475 0.0777 0.0615 0.0275
101 0.1880 0.3567 0.1753 0.1559 0.0345 0.0895
102 0.1232 0.3975 0.0624 0.3508 0.0221 0.0439
103 0.2693 0.4009 0.1167 0.1282 0.0702 0.0148
104 0.2280 0.4360 0.0936 0.1818 0.0467 0.0138
105 0.1765 0.3887 0.1149 0.2250 0.0121 0.0828
106 0.2366 0.4285 0.2206 0.0941 0.0142 0.0061
107 0.1572 0.3542 0.1047 0.2803 0.0848 0.0185
108 0.2947 0.0745 0.1459 0.0207 0.4634 0.0009
109 0.4404 0.0436 0.1149 0.0790 0.3171 0.0048
110 0.4651 0.0649 0.1375 0.0530 0.2778 0.0017
111 0.3242 0.0696 0.2092 0.1997 0.1891 0.0083
112 0.4773 0.1207 0.1649 0.0374 0.1990 0.0008
113 0.3660 0.1433 0.3716 0.0089 0.1099 0.0005
114 0.0323 0.4709 0.1154 0.3445 0.0344 0.0026
115 0.0190 0.7534 0.0486 0.1531 0.0187 0.0072
116 0.0206 0.7256 0.0820 0.1429 0.0159 0.0129
117 0.0134 0.4978 0.0266 0.4326 0.0217 0.0078
118 0.0421 0.4851 0.0253 0.3440 0.0330 0.0704
119 0.0329 0.6768 0.0241 0.1658 0.0209 0.0796
120 0.0214 0.6694 0.0311 0.2042 0.0533 0.0204
121 0.2068 0.1661 0.3923 0.1421 0.0338 0.0588
122 0.1133 0.1586 0.5845 0.0371 0.0205 0.0862
123 0.0431 0.3933 0.1746 0.2747 0.1127 0.0016
124 0.0677 0.2223 0.1504 0.4929 0.0166 0.0500
125 0.0678 0.4153 0.2056 0.2600 0.0357 0.0156
126 0.2048 0.4236 0.1895 0.1608 0.0110 0.0103
127 0.1320 0.4258 0.2465 0.1495 0.0439 0.0025
128 0.0914 0.1437 0.1816 0.5596 0.0152 0.0084
129 0.4260 0.1630 0.1094 0.2837 0.0140 0.0040
130 0.1174 0.3645 0.3369 0.1438 0.0066 0.0309
131 0.2690 0.3975 0.1805 0.1384 0.0087 0.0058
132 0.1609 0.2234 0.3328 0.1536 0.1015 0.0278
133 0.1541 0.3525 0.3313 0.1191 0.0323 0.0107
134 0.0992 0.2255 0.2418 0.1346 0.2939 0.0049
135 0.0420 0.6167 0.1354 0.1740 0.0243 0.0079
136 0.0266 0.5049 0.0812 0.3525 0.0201 0.0148
137 0.0695 0.4463 0.1980 0.2158 0.0599 0.0105
138 0.1186 0.3857 0.3406 0.1282 0.0249 0.0020
139 0.0719 0.4543 0.2590 0.1698 0.0423 0.0026
140 0.0394 0.7046 0.1313 0.0225 0.1015 0.0009
141 0.0631 0.7114 0.1161 0.0349 0.0693 0.0052
142 0.0930 0.6606 0.1670 0.0141 0.0649 0.0006
143 0.0609 0.5918 0.1461 0.0159 0.1848 0.0004
144 0.1426 0.4783 0.1471 0.0235 0.2074 0.0012
145 0.0601 0.6021 0.1122 0.0214 0.2031 0.0012
146 0.0679 0.2156 0.4973 0.1615 0.0504 0.0072
147 0.2073 0.0987 0.3391 0.3313 0.0215 0.0024
148 0.0688 0.3035 0.2637 0.1456 0.2086 0.0096
149 0.0654 0.2908 0.1923 0.2754 0.1710 0.0050
150 0.0597 0.2067 0.3655 0.2590 0.1039 0.0052
151 0.1681 0.1438 0.2815 0.2998 0.0996 0.0072
152 0.0415 0.1965 0.5430 0.1069 0.1052 0.0071
153 0.0226 0.4270 0.4138 0.0592 0.0686 0.0087
154 0.0192 0.6362 0.0640 0.1334 0.1443 0.0027
155 0.0475 0.7041 0.1022 0.0334 0.1105 0.0025
156 0.0457 0.6826 0.1097 0.0754 0.0842 0.0021
157 0.0487 0.7622 0.0896 0.0330 0.0656 0.0012
158 0.2256 0.4348 0.1100 0.1189 0.0897 0.0208
159 0.3164 0.2727 0.1681 0.1846 0.0252 0.0331
160 0.4365 0.3047 0.1261 0.0915 0.0051 0.0361
161 0.1649 0.4243 0.1958 0.1812 0.0284 0.0053
162 0.0285 0.1614 0.0941 0.2008 0.5127 0.0026
163 0.0323 0.0516 0.1802 0.3264 0.3999 0.0096
164 0.0291 0.1006 0.1464 0.1851 0.5352 0.0036
165 0.0132 0.0702 0.1683 0.6553 0.0833 0.0096
166 0.0176 0.8291 0.0601 0.0468 0.0461 0.0003
167 0.0354 0.4016 0.2554 0.2325 0.0743 0.0007
168 0.0316 0.5469 0.1220 0.2465 0.0521 0.0010
169 0.0294 0.5098 0.2603 0.1735 0.0260 0.0012
170 0.0508 0.2136 0.0948 0.1588 0.4814 0.0006
171 0.0451 0.1689 0.0904 0.1400 0.5537 0.0017
172 0.0177 0.0581 0.0490 0.0643 0.8086 0.0022
173 0.0179 0.0707 0.0573 0.5146 0.3376 0.0016
174 0.0299 0.5303 0.2625 0.1183 0.0550 0.0043
175 0.0146 0.4878 0.3459 0.1123 0.0356 0.0039
176 0.0545 0.3901 0.1843 0.2189 0.1327 0.0194
177 0.0109 0.5684 0.1415 0.2642 0.0119 0.0032
178 0.0199 0.4458 0.0673 0.4387 0.0155 0.0127
179 0.0483 0.5156 0.1838 0.1868 0.0348 0.0307
180 0.0663 0.6753 0.0685 0.1567 0.0290 0.0040
181 0.1941 0.4014 0.2379 0.1283 0.0310 0.0072
182 0.1084 0.5132 0.1298 0.2089 0.0349 0.0050
183 0.0966 0.6650 0.0852 0.1212 0.0078 0.0240
184 0.1360 0.7065 0.0745 0.0598 0.0111 0.0119
185 0.1049 0.5410 0.1274 0.1688 0.0386 0.0195
186 0.0423 0.3484 0.0635 0.4336 0.1046 0.0077
187 0.0919 0.7119 0.0870 0.0500 0.0571 0.0022
188 0.0624 0.6060 0.0542 0.1848 0.0914 0.0014
189 0.0344 0.6597 0.1268 0.1592 0.0148 0.0050
190 0.0261 0.3892 0.1115 0.4209 0.0515 0.0010
191 0.1171 0.6533 0.0411 0.1058 0.0817 0.0011
192 0.0833 0.4944 0.1028 0.1819 0.1342 0.0035
193 0.0171 0.7695 0.0721 0.0948 0.0448 0.0015
194 0.0166 0.2422 0.0434 0.1066 0.5903 0.0008
195 0.0073 0.1776 0.1617 0.1221 0.5303 0.0013
196 0.1714 0.2003 0.2150 0.3833 0.0243 0.0057
197 0.4915 0.1534 0.0923 0.2048 0.0152 0.0426
198 0.4397 0.2429 0.1819 0.0880 0.0076 0.0399
199 0.2085 0.2656 0.0484 0.1884 0.1715 0.1179
200 0.4426 0.3091 0.0599 0.0858 0.0838 0.0187
201 0.3687 0.2362 0.1661 0.1057 0.1124 0.0109
202 0.0817 0.3135 0.2347 0.2810 0.0627 0.0265
203 0.1531 0.2905 0.1299 0.1555 0.2466 0.0244
204 0.1669 0.5103 0.1331 0.1053 0.0425 0.0422
205 0.1187 0.1941 0.0284 0.4207 0.0499 0.1881
206 0.1115 0.5444 0.1244 0.1500 0.0687 0.0009
207 0.1721 0.4128 0.1604 0.2280 0.0242 0.0025
208 0.4124 0.3755 0.0497 0.0793 0.0818 0.0012
209 0.1799 0.2460 0.0434 0.4456 0.0580 0.0272
210 0.1919 0.2705 0.1011 0.3728 0.0554 0.0084
211 0.1516 0.3469 0.1447 0.2991 0.0448 0.0128
212 0.2007 0.3550 0.0933 0.1576 0.1857 0.0077
213 0.2654 0.3433 0.1132 0.2378 0.0305 0.0098
214 0.1389 0.3748 0.0726 0.3411 0.0398 0.0327
215 0.2507 0.3508 0.0702 0.1792 0.0867 0.0624
216 0.2192 0.3940 0.0517 0.1951 0.0988 0.0412
217 0.3057 0.1714 0.0656 0.2151 0.2253 0.0170
218 0.0685 0.5786 0.0759 0.2338 0.0231 0.0201
219 0.1089 0.3953 0.1080 0.3542 0.0110 0.0225
220 0.0655 0.6069 0.0286 0.2693 0.0111 0.0189
221 0.0564 0.6821 0.0475 0.1793 0.0058 0.0290
222 0.0627 0.5552 0.1136 0.2313 0.0126 0.0246
223 0.0517 0.6250 0.1461 0.1580 0.0115 0.0077
224 0.0268 0.7578 0.0371 0.1665 0.0053 0.0065
225 0.0831 0.6904 0.0920 0.1145 0.0054 0.0146
226 0.2289 0.2167 0.2035 0.3008 0.0417 0.0084
227 0.2032 0.0938 0.2629 0.3511 0.0660 0.0230
228 0.2041 0.2600 0.3696 0.1200 0.0411 0.0053
229 0.2332 0.2224 0.3137 0.1918 0.0338 0.0050
230 0.1566 0.3528 0.3315 0.0906 0.0627 0.0058
231 0.2473 0.3252 0.1687 0.1511 0.0896 0.0182
232 0.1305 0.5161 0.1041 0.1854 0.0417 0.0222
233 0.3569 0.4043 0.0861 0.0650 0.0635 0.0241
234 0.3052 0.3596 0.1114 0.1499 0.0596 0.0143
235 0.1091 0.1587 0.4702 0.2222 0.0366 0.0032
236 0.1686 0.3052 0.2340 0.2147 0.0742 0.0034
237 0.1401 0.2120 0.0978 0.5127 0.0320 0.0052
238 0.2832 0.1481 0.1317 0.3870 0.0310 0.0190
239 0.1433 0.0593 0.1337 0.6226 0.0220 0.0190
240 0.1166 0.1682 0.6553 0.0375 0.0183 0.0042
241 0.1775 0.0794 0.0746 0.6196 0.0285 0.0202
242 0.1615 0.1278 0.1788 0.4824 0.0299 0.0196
243 0.0561 0.2360 0.1866 0.4014 0.0754 0.0443
244 0.1831 0.1615 0.1948 0.2388 0.1339 0.0878
245 0.1598 0.2634 0.2896 0.1346 0.1169 0.0357
246 0.0934 0.2854 0.2991 0.2257 0.0652 0.0313
247 0.1862 0.2466 0.2544 0.2976 0.0131 0.0022
248 0.1357 0.2274 0.1771 0.4182 0.0365 0.0050
249 0.1133 0.1782 0.2020 0.4412 0.0606 0.0047
250 0.1428 0.2212 0.2014 0.3704 0.0595 0.0045
251 0.1097 0.1014 0.3174 0.4204 0.0443 0.0067
252 0.0776 0.2668 0.4609 0.1520 0.0378 0.0047
253 0.1324 0.3572 0.4661 0.0351 0.0069 0.0023
254 0.1346 0.3865 0.3601 0.0918 0.0182 0.0087
255 0.1892 0.4165 0.2795 0.0741 0.0350 0.0057
256 0.1058 0.1025 0.3416 0.3870 0.0160 0.0470
257 0.0909 0.2869 0.5034 0.0917 0.0159 0.0113
258 0.2297 0.3643 0.1542 0.1980 0.0297 0.0242
259 0.1465 0.6514 0.0592 0.1186 0.0135 0.0109
260 0.1393 0.5337 0.2042 0.1003 0.0104 0.0119
261 0.3235 0.4634 0.0532 0.1482 0.0080 0.0036
262 0.5215 0.2683 0.1136 0.0618 0.0105 0.0242
263 0.3201 0.4622 0.1187 0.0754 0.0146 0.0089
264 0.3181 0.3440 0.0225 0.2808 0.0300 0.0048
265 0.4553 0.0883 0.0080 0.4346 0.0113 0.0024
266 0.8608 0.0387 0.0144 0.0789 0.0020 0.0051
267 0.7686 0.0392 0.0222 0.1586 0.0027 0.0087
268 0.5845 0.0261 0.0038 0.3630 0.0025 0.0199
269 0.4702 0.0285 0.0053 0.3899 0.0019 0.1041
270 0.4526 0.0294 0.0054 0.3962 0.0019 0.1144
271 0.4512 0.0288 0.0054 0.3950 0.0019 0.1177
272 0.5210 0.0484 0.0068 0.3015 0.0016 0.1208
273 0.5269 0.0494 0.0068 0.2910 0.0016 0.1242
274 0.5366 0.0507 0.0069 0.2827 0.0016 0.1216
275 0.5283 0.0503 0.0069 0.2852 0.0016 0.1276
276 0.5269 0.0498 0.0068 0.2866 0.0016 0.1282
277 0.5737 0.0564 0.0071 0.2732 0.0018 0.0880
278 0.5732 0.0568 0.0072 0.2708 0.0017 0.0900
