time exciting_prob fearful_prob tense_prob sad_prob relaxing_prob neutral_prob
0 0.1136 0.1553 0.1349 0.1288 0.0181 0.4492
1 0.0197 0.1781 0.6938 0.0731 0.0052 0.0302
2 0.0130 0.2083 0.7500 0.0188 0.0038 0.0064
3 0.0111 0.3298 0.6260 0.0248 0.0031 0.0055
4 0.0134 0.2773 0.5781 0.0900 0.0020 0.0393
5 0.0135 0.2971 0.4255 0.2463 0.0043 0.0131
6 0.0173 0.4043 0.2822 0.2693 0.0101 0.0166
7 0.0228 0.5073 0.2937 0.1283 0.0401 0.0076
8 0.0894 0.3943 0.3762 0.0801 0.0385 0.0214
9 0.0629 0.4985 0.3071 0.0680 0.0394 0.0241
10 0.0619 0.4363 0.3733 0.0873 0.0187 0.0224
11 0.0623 0.5952 0.2482 0.0632 0.0166 0.0143
12 0.0692 0.4656 0.3516 0.0822 0.0156 0.0159
13 0.0524 0.4858 0.3289 0.0942 0.0156 0.0231
14 0.0185 0.1743 0.0978 0.6475 0.0187 0.0434
15 0.0152 0.1835 0.0696 0.6714 0.0230 0.0376
16 0.0145 0.1743 0.0693 0.6680 0.0213 0.0523
17 0.0210 0.3105 0.1378 0.4736 0.0253 0.0317
18 0.0356 0.2891 0.2472 0.2673 0.0596 0.1014
19 0.1593 0.0534 0.0908 0.5142 0.0981 0.0840
20 0.2141 0.0845 0.1919 0.3938 0.0740 0.0418
21 0.2021 0.0584 0.1550 0.4280 0.1065 0.0499
22 0.2351 0.0973 0.1775 0.3369 0.1027 0.0505
23 0.0397 0.2842 0.2145 0.2319 0.0654 0.1644
24 0.0636 0.3440 0.1389 0.1587 0.0829 0.2119
25 0.0767 0.3599 0.0527 0.2455 0.0939 0.1714
26 0.0440 0.4148 0.0750 0.3306 0.0869 0.0488
27 0.0655 0.0307 0.0861 0.2778 0.4954 0.0443
28 0.0381 0.0224 0.0782 0.2605 0.5601 0.0406
29 0.0417 0.0322 0.0444 0.2720 0.5850 0.0249
30 0.0608 0.0792 0.0462 0.1771 0.6279 0.0085
31 0.0298 0.2222 0.1208 0.5005 0.0383 0.0884
32 0.0211 0.2983 0.1024 0.4622 0.0368 0.0791
33 0.0237 0.3225 0.1398 0.3828 0.0423 0.0889
34 0.0474 0.4983 0.0886 0.2952 0.0370 0.0336
35 0.0144 0.5464 0.3933 0.0161 0.0244 0.0054
36 0.0201 0.4578 0.4504 0.0347 0.0268 0.0101
37 0.0351 0.4729 0.3684 0.0440 0.0676 0.0120
38 0.1595 0.3052 0.1726 0.2610 0.0902 0.0114
39 0.1104 0.4795 0.1509 0.1605 0.0930 0.0058
40 0.0909 0.3918 0.1262 0.2490 0.1292 0.0129
41 0.0291 0.1943 0.1974 0.2457 0.0593 0.2742
42 0.0446 0.2249 0.2842 0.2179 0.0479 0.1807
43 0.0359 0.1820 0.2230 0.2864 0.0159 0.2568
44 0.0576 0.5381 0.2107 0.1360 0.0135 0.0442
45 0.0662 0.4417 0.2477 0.1757 0.0126 0.0562
46 0.0314 0.2734 0.2266 0.3147 0.0167 0.1375
47 0.0290 0.2820 0.2266 0.2908 0.0136 0.1581
48 0.0118 0.0886 0.1655 0.0599 0.6543 0.0198
49 0.0094 0.0663 0.0980 0.0445 0.7710 0.0106
50 0.0111 0.0495 0.0688 0.0362 0.8247 0.0096
51 0.0078 0.0429 0.0288 0.0293 0.8828 0.0085
52 0.0134 0.0731 0.0834 0.0385 0.7793 0.0123
53 0.0115 0.0698 0.0709 0.0282 0.8110 0.0087
54 0.0089 0.0551 0.0676 0.0547 0.7974 0.0162
55 0.0266 0.1448 0.3264 0.2463 0.2010 0.0550
56 0.0199 0.1281 0.4832 0.1777 0.1777 0.0135
57 0.0219 0.2822 0.4370 0.0975 0.1510 0.0104
58 0.0191 0.3237 0.5425 0.0545 0.0550 0.0053
59 0.0444 0.1743 0.4116 0.0948 0.2458 0.0289
60 0.0205 0.1600 0.5767 0.0898 0.1370 0.0162
61 0.0257 0.1650 0.5942 0.0511 0.1599 0.0042
62 0.0636 0.5713 0.1755 0.1663 0.0134 0.0101
63 0.0504 0.6240 0.1802 0.1309 0.0076 0.0068
64 0.0342 0.7080 0.1617 0.0852 0.0072 0.0036
65 0.0111 0.1116 0.0430 0.0195 0.8120 0.0026
66 0.0155 0.1008 0.0495 0.0238 0.8057 0.0049
67 0.0271 0.2400 0.0458 0.0351 0.6421 0.0096
68 0.0328 0.1786 0.1962 0.1010 0.4631 0.0285
69 0.0388 0.2338 0.5029 0.0538 0.1375 0.0334
70 0.0494 0.2866 0.4951 0.0629 0.0461 0.0601
71 0.0379 0.3252 0.4880 0.0616 0.0239 0.0635
72 0.0534 0.2930 0.4331 0.1260 0.0125 0.0820
73 0.0308 0.3694 0.2258 0.0831 0.0268 0.2642
74 0.0444 0.5044 0.1456 0.0354 0.0743 0.1959
75 0.0682 0.4485 0.0786 0.0911 0.0738 0.2400
76 0.0233 0.1616 0.2583 0.1495 0.0133 0.3938
77 0.0250 0.1122 0.2129 0.1251 0.0139 0.5107
78 0.0744 0.2788 0.3062 0.2137 0.0352 0.0919
79 0.0458 0.2327 0.2986 0.2400 0.1152 0.0677
80 0.0874 0.1545 0.2888 0.4009 0.0436 0.0248
81 0.0402 0.2705 0.2500 0.3696 0.0130 0.0567
82 0.1484 0.3850 0.3242 0.1174 0.0172 0.0079
83 0.0452 0.2993 0.3843 0.2405 0.0138 0.0172
84 0.0190 0.3838 0.2401 0.3281 0.0167 0.0122
85 0.0456 0.2812 0.3340 0.2683 0.0349 0.0358
86 0.0301 0.1603 0.1628 0.2561 0.0121 0.3787
87 0.0692 0.2737 0.1313 0.2532 0.1660 0.1064
88 0.2190 0.1759 0.5503 0.0292 0.0033 0.0222
89 0.0334 0.3855 0.1924 0.0916 0.0522 0.2450
90 0.0412 0.4636 0.0632 0.1238 0.0637 0.2444
91 0.0217 0.2563 0.0690 0.1394 0.0419 0.4717
92 0.0231 0.1876 0.0551 0.1270 0.0381 0.5688
93 0.0221 0.2341 0.1205 0.1355 0.0183 0.4692
94 0.0427 0.2380 0.0897 0.1610 0.0606 0.4080
95 0.0277 0.3914 0.2300 0.2336 0.0244 0.0930
96 0.0348 0.4875 0.3003 0.0916 0.0498 0.0359
97 0.0385 0.3677 0.2487 0.2411 0.0076 0.0966
98 0.0536 0.4219 0.2443 0.1602 0.0046 0.1154
99 0.0197 0.4954 0.1354 0.1633 0.0097 0.1766
100 0.0292 0.4858 0.1963 0.1627 0.0103 0.1154
101 0.0086 0.1724 0.1473 0.4006 0.0041 0.2668
102 0.0161 0.2377 0.2957 0.2693 0.0047 0.1766
103 0.0101 0.2695 0.1912 0.2341 0.0036 0.2915
104 0.0112 0.5391 0.3591 0.0789 0.0014 0.0100
105 0.0625 0.1740 0.1063 0.3486 0.2217 0.0868
106 0.0769 0.3264 0.2463 0.2791 0.0533 0.0180
107 0.0541 0.2949 0.2644 0.2859 0.0658 0.0349
108 0.0620 0.2571 0.2822 0.3198 0.0569 0.0218
109 0.0822 0.3379 0.2983 0.2083 0.0650 0.0084
110 0.0077 0.1261 0.6504 0.1953 0.0094 0.0111
111 0.0101 0.1978 0.7012 0.0812 0.0057 0.0042
112 0.0212 0.3704 0.2111 0.2014 0.0237 0.1722
113 0.0175 0.4631 0.1871 0.1871 0.0081 0.1370
114 0.0477 0.3606 0.3662 0.1870 0.0142 0.0243
115 0.0632 0.5293 0.2349 0.1493 0.0087 0.0146
116 0.0146 0.2412 0.2488 0.2162 0.0059 0.2732
117 0.0991 0.3650 0.2888 0.1595 0.0692 0.0185
118 0.0370 0.4546 0.2800 0.1571 0.0179 0.0534
119 0.0266 0.4951 0.3738 0.0916 0.0022 0.0109
120 0.0555 0.2605 0.5181 0.0914 0.0075 0.0669
121 0.0277 0.5317 0.4075 0.0211 0.0019 0.0100
122 0.0210 0.4482 0.4846 0.0171 0.0049 0.0243
123 0.0188 0.1011 0.1802 0.1238 0.0124 0.5640
124 0.0229 0.0981 0.2839 0.5562 0.0068 0.0319
125 0.0395 0.2578 0.3750 0.2460 0.0079 0.0739
126 0.0302 0.3433 0.4548 0.1477 0.0044 0.0195
127 0.0450 0.2610 0.3977 0.2302 0.0248 0.0413
128 0.0262 0.3245 0.1736 0.3792 0.0051 0.0915
129 0.0640 0.4583 0.1910 0.1740 0.0410 0.0720
130 0.0270 0.1506 0.4941 0.2563 0.0082 0.0638
131 0.0187 0.2485 0.4163 0.2410 0.0169 0.0586
132 0.0952 0.2820 0.3196 0.1697 0.0777 0.0560
133 0.0216 0.2842 0.5146 0.1545 0.0065 0.0183
134 0.0464 0.2144 0.3535 0.1952 0.0997 0.0908
135 0.2212 0.1863 0.2505 0.0966 0.0242 0.2212
136 0.0281 0.2795 0.5737 0.0966 0.0177 0.0045
137 0.0201 0.2507 0.5391 0.1697 0.0176 0.0025
138 0.0488 0.0750 0.1412 0.5415 0.0234 0.1703
139 0.0358 0.1175 0.2607 0.0619 0.0138 0.5103
140 0.0491 0.0961 0.4512 0.2034 0.0094 0.1910
141 0.1400 0.0626 0.1236 0.5454 0.0434 0.0850
142 0.0437 0.1841 0.1785 0.2678 0.0536 0.2722
143 0.0693 0.1854 0.1611 0.1538 0.1099 0.3206
144 0.0989 0.2930 0.0958 0.1876 0.2817 0.0432
145 0.0203 0.4795 0.3508 0.1232 0.0034 0.0228
146 0.1272 0.4990 0.0316 0.0534 0.1176 0.1711
147 0.0164 0.5610 0.0345 0.3298 0.0079 0.0502
148 0.0097 0.1726 0.5234 0.2551 0.0027 0.0367
149 0.0476 0.4661 0.0234 0.3152 0.0243 0.1235
150 0.0435 0.2947 0.4287 0.0912 0.0050 0.1370
151 0.0633 0.4497 0.0334 0.3240 0.0361 0.0936
152 0.0314 0.2952 0.1877 0.1086 0.0096 0.3674
153 0.0354 0.2991 0.0963 0.0857 0.0274 0.4561
154 0.0102 0.1979 0.2241 0.5210 0.0097 0.0369
155 0.0342 0.2488 0.2063 0.2527 0.0091 0.2488
156 0.0235 0.4802 0.0867 0.1970 0.0216 0.1909
157 0.0191 0.5093 0.1980 0.1603 0.0128 0.1003
158 0.0325 0.4377 0.0947 0.2068 0.0182 0.2101
159 0.1259 0.3699 0.1309 0.1146 0.2175 0.0412
160 0.0249 0.5127 0.0683 0.2537 0.0150 0.1256
161 0.0378 0.6055 0.1394 0.0752 0.0283 0.1138
162 0.0320 0.4629 0.2220 0.1099 0.0320 0.1411
163 0.0209 0.1985 0.1071 0.2629 0.0453 0.3652
164 0.0462 0.1504 0.1368 0.4351 0.1153 0.1162
165 0.1105 0.3433 0.3513 0.0895 0.0665 0.0388
166 0.1283 0.4141 0.1674 0.0946 0.1740 0.0216
167 0.0097 0.0665 0.1031 0.6025 0.0163 0.2018
168 0.0552 0.1420 0.5527 0.1881 0.0247 0.0370
169 0.0679 0.5181 0.1260 0.0572 0.0248 0.2061
170 0.1132 0.3652 0.0796 0.0748 0.2935 0.0736
171 0.0380 0.0516 0.0721 0.0780 0.0371 0.7231
172 0.0833 0.1669 0.1438 0.0729 0.1004 0.4329
173 0.0692 0.2340 0.1941 0.0731 0.1196 0.3101
174 0.1131 0.2432 0.1864 0.0742 0.1475 0.2357
175 0.0994 0.3062 0.2023 0.0462 0.2617 0.0844
176 0.0758 0.2316 0.2175 0.0776 0.2142 0.1832
177 0.0850 0.3311 0.2347 0.1564 0.1266 0.0662
178 0.0700 0.2747 0.4189 0.0957 0.0928 0.0478
179 0.0975 0.3174 0.2935 0.1149 0.1262 0.0506
180 0.1484 0.2408 0.2524 0.1804 0.0782 0.0996
181 0.0709 0.1514 0.3206 0.2037 0.0621 0.1914
182 0.0107 0.1050 0.4563 0.2190 0.0033 0.2057
183 0.0229 0.0343 0.1587 0.1515 0.0145 0.6182
184 0.0696 0.1351 0.3730 0.1763 0.0463 0.1997
185 0.0660 0.2035 0.1560 0.0499 0.0289 0.4958
186 0.0265 0.2939 0.0626 0.3774 0.0343 0.2052
187 0.0475 0.5142 0.1569 0.1923 0.0416 0.0475
188 0.1052 0.2352 0.1846 0.1604 0.2334 0.0813
189 0.1851 0.3196 0.1533 0.1292 0.1924 0.0204
190 0.0135 0.1844 0.1268 0.5771 0.0296 0.0684
191 0.0389 0.3521 0.2135 0.2238 0.0106 0.1611
192 0.0324 0.3245 0.1893 0.2690 0.0252 0.1594
193 0.0270 0.3911 0.1862 0.2109 0.1362 0.0486
194 0.0346 0.4116 0.1650 0.3308 0.0495 0.0086
195 0.0370 0.4136 0.4268 0.0675 0.0208 0.0342
196 0.0340 0.2250 0.0923 0.1262 0.0157 0.5068
197 0.0605 0.3735 0.0894 0.0967 0.0937 0.2864
198 0.0222 0.2976 0.1791 0.2030 0.0141 0.2839
199 0.0290 0.1260 0.0879 0.2666 0.0078 0.4827
200 0.0314 0.1187 0.0606 0.2131 0.0057 0.5703
201 0.0207 0.2668 0.3762 0.2355 0.0071 0.0937
202 0.0175 0.0368 0.0602 0.0904 0.0141 0.7808
203 0.0992 0.3381 0.2133 0.1454 0.1273 0.0767
204 0.0135 0.3335 0.2188 0.1469 0.0152 0.2722
205 0.0261 0.4819 0.2073 0.0745 0.0187 0.1917
206 0.0376 0.1674 0.5195 0.1560 0.0307 0.0889
207 0.0544 0.4451 0.1295 0.1975 0.1379 0.0354
208 0.0320 0.3203 0.1455 0.1598 0.0507 0.2917
209 0.0629 0.2321 0.1522 0.2820 0.0494 0.2214
210 0.0437 0.1700 0.0999 0.2035 0.0245 0.4585
211 0.0521 0.1736 0.0880 0.1791 0.0429 0.4644
212 0.0574 0.2344 0.0671 0.2720 0.0335 0.3357
213 0.0901 0.2321 0.1737 0.0730 0.1620 0.2690
214 0.0613 0.1980 0.1173 0.0504 0.2059 0.3669
215 0.0089 0.1025 0.0786 0.7231 0.0217 0.0652
216 0.0123 0.1637 0.0798 0.6133 0.0536 0.0773
217 0.0442 0.3760 0.2544 0.2389 0.0133 0.0734
218 0.1256 0.4851 0.1306 0.1099 0.1074 0.0414
219 0.0422 0.4983 0.0981 0.2839 0.0591 0.0186
220 0.0594 0.3555 0.2058 0.0838 0.0313 0.2642
221 0.0747 0.1683 0.2690 0.1157 0.0214 0.3508
222 0.1235 0.2739 0.2100 0.0720 0.1039 0.2167
223 0.0313 0.3208 0.4817 0.0673 0.0086 0.0905
224 0.0129 0.2681 0.3721 0.0710 0.0038 0.2722
225 0.0219 0.2281 0.5142 0.0493 0.0033 0.1833
226 0.0256 0.2842 0.5396 0.0578 0.0034 0.0895
227 0.0668 0.5728 0.1919 0.0995 0.0638 0.0052
228 0.2874 0.3359 0.1125 0.1099 0.1337 0.0205
229 0.2091 0.3845 0.0972 0.1259 0.1603 0.0231
230 0.1655 0.2952 0.1362 0.2505 0.1362 0.0165
231 0.1919 0.3477 0.1249 0.1996 0.1129 0.0231
232 0.2554 0.4885 0.0911 0.0969 0.0552 0.0128
233 0.0764 0.3730 0.2686 0.2371 0.0277 0.0173
234 0.0878 0.1128 0.2749 0.4749 0.0180 0.0318
235 0.1544 0.0966 0.0966 0.2668 0.0586 0.3269
