time exciting_prob fearful_prob tense_prob sad_prob relaxing_prob neutral_prob
0 0.1136 0.1553 0.1349 0.1288 0.0181 0.4492
1 0.1769 0.1913 0.1742 0.2917 0.0698 0.0962
2 0.6846 0.0837 0.0647 0.1010 0.0562 0.0096
3 0.9199 0.0139 0.0495 0.0072 0.0091 0.0003
4 0.2382 0.1099 0.1456 0.5005 0.0014 0.0047
5 0.2996 0.0793 0.3557 0.2157 0.0285 0.0214
6 0.2303 0.1302 0.2251 0.3918 0.0021 0.0203
7 0.2981 0.2050 0.3950 0.0822 0.0094 0.0104
8 0.3582 0.1787 0.3391 0.0647 0.0338 0.0255
9 0.1936 0.1331 0.2245 0.4329 0.0035 0.0127
10 0.4236 0.1140 0.3596 0.0754 0.0175 0.0098
11 0.1521 0.0337 0.1053 0.6709 0.0273 0.0107
12 0.4800 0.0510 0.0895 0.3623 0.0044 0.0127
13 0.3230 0.2006 0.1663 0.2637 0.0310 0.0156
14 0.3767 0.0582 0.1302 0.4270 0.0024 0.0053
15 0.1709 0.2507 0.4683 0.0814 0.0110 0.0179
16 0.1029 0.2607 0.4231 0.1764 0.0242 0.0125
17 0.1031 0.1115 0.2983 0.4409 0.0178 0.0286
18 0.1190 0.0751 0.2155 0.4780 0.0268 0.0857
19 0.0512 0.3445 0.2856 0.1027 0.0520 0.1641
20 0.0833 0.1682 0.2246 0.3647 0.0207 0.1384
21 0.0568 0.0482 0.5649 0.2145 0.0233 0.0922
22 0.0474 0.1267 0.4458 0.3113 0.0320 0.0366
23 0.1531 0.0505 0.3970 0.2859 0.0794 0.0341
24 0.1473 0.0833 0.3069 0.3218 0.0147 0.1260
25 0.0696 0.2820 0.3621 0.1737 0.0180 0.0945
26 0.1425 0.0541 0.3813 0.1947 0.1181 0.1093
27 0.0728 0.1528 0.2991 0.4121 0.0204 0.0428
28 0.0612 0.1285 0.1992 0.5332 0.0244 0.0536
29 0.1400 0.0767 0.2006 0.5205 0.0315 0.0308
30 0.0294 0.1870 0.5244 0.1625 0.0693 0.0276
31 0.0322 0.4587 0.3743 0.1047 0.0149 0.0152
32 0.0471 0.2839 0.2732 0.2817 0.0634 0.0505
33 0.0306 0.2749 0.0879 0.5386 0.0568 0.0114
34 0.0392 0.2366 0.5088 0.1527 0.0469 0.0159
35 0.0623 0.2795 0.4753 0.0679 0.0770 0.0378
36 0.1942 0.0682 0.4883 0.1854 0.0340 0.0298
37 0.0624 0.1520 0.5605 0.1605 0.0226 0.0422
38 0.1002 0.2025 0.3162 0.1917 0.0668 0.1228
39 0.1123 0.1465 0.3328 0.2590 0.0379 0.1115
40 0.1649 0.1284 0.3228 0.2849 0.0410 0.0579
41 0.1069 0.1450 0.2390 0.4260 0.0297 0.0533
42 0.0960 0.1823 0.4617 0.1621 0.0305 0.0676
43 0.1288 0.1267 0.4458 0.1746 0.0632 0.0608
44 0.0575 0.1246 0.2966 0.3389 0.0274 0.1552
45 0.1318 0.0260 0.2705 0.3816 0.1278 0.0623
46 0.0986 0.0331 0.2479 0.4780 0.0196 0.1227
47 0.0217 0.3337 0.5293 0.0762 0.0360 0.0033
48 0.2009 0.0311 0.2620 0.3210 0.0311 0.1541
49 0.0536 0.0948 0.3523 0.2072 0.0175 0.2744
50 0.0475 0.3486 0.4478 0.0772 0.0426 0.0362
51 0.0308 0.2747 0.5815 0.0415 0.0524 0.0191
52 0.2111 0.1364 0.4199 0.0930 0.0860 0.0538
53 0.1324 0.1868 0.3127 0.1958 0.0417 0.1304
54 0.0368 0.1716 0.3689 0.3308 0.0786 0.0133
55 0.0155 0.3547 0.5239 0.0709 0.0115 0.0234
56 0.0421 0.4392 0.2583 0.0613 0.1747 0.0244
57 0.0287 0.3228 0.3601 0.1064 0.1099 0.0720
58 0.0396 0.4026 0.2422 0.2294 0.0455 0.0408
59 0.1121 0.0432 0.2111 0.5649 0.0157 0.0533
60 0.0922 0.2410 0.2952 0.3047 0.0187 0.0482
61 0.0813 0.1461 0.4099 0.2563 0.0250 0.0813
62 0.1226 0.1378 0.2698 0.3987 0.0220 0.0491
63 0.1245 0.1000 0.3330 0.3545 0.0263 0.0616
64 0.1183 0.1383 0.3879 0.3118 0.0258 0.0180
65 0.1353 0.1606 0.2301 0.3794 0.0284 0.0664
66 0.0565 0.1304 0.3079 0.4409 0.0275 0.0368
67 0.0850 0.0244 0.0905 0.7578 0.0174 0.0247
68 0.0519 0.1017 0.5498 0.2517 0.0196 0.0253
69 0.0757 0.1693 0.3936 0.2561 0.0745 0.0306
70 0.1205 0.0666 0.3228 0.4143 0.0343 0.0417
71 0.0842 0.2720 0.2634 0.3279 0.0164 0.0359
72 0.0230 0.2754 0.4541 0.2031 0.0324 0.0118
73 0.0571 0.1348 0.3931 0.2681 0.0971 0.0500
74 0.1609 0.0348 0.3743 0.2100 0.1687 0.0515
75 0.1128 0.2583 0.2837 0.2369 0.0512 0.0572
76 0.0739 0.2576 0.2874 0.2576 0.0167 0.1066
77 0.0625 0.0969 0.2183 0.5747 0.0163 0.0312
78 0.1973 0.0243 0.1142 0.5981 0.0476 0.0184
79 0.0367 0.1021 0.3096 0.4504 0.0186 0.0826
80 0.0682 0.0856 0.1914 0.5806 0.0188 0.0553
81 0.0688 0.1614 0.2499 0.4421 0.0344 0.0434
82 0.0540 0.1064 0.2399 0.4846 0.0152 0.1000
83 0.0858 0.2244 0.2314 0.2644 0.0525 0.1415
84 0.0575 0.3521 0.5205 0.0455 0.0187 0.0057
85 0.0906 0.1680 0.2058 0.4495 0.0081 0.0781
86 0.1031 0.0977 0.1797 0.4243 0.0085 0.1868
87 0.0935 0.2191 0.3115 0.3042 0.0165 0.0550
88 0.1418 0.1534 0.2844 0.3171 0.0291 0.0742
89 0.0288 0.2861 0.3293 0.1165 0.2300 0.0092
90 0.1575 0.1716 0.4558 0.1703 0.0349 0.0101
91 0.0482 0.1591 0.5425 0.1996 0.0409 0.0099
92 0.1238 0.1267 0.4636 0.2313 0.0435 0.0112
93 0.0738 0.1000 0.4556 0.2849 0.0255 0.0602
94 0.0313 0.1873 0.5811 0.1652 0.0244 0.0108
95 0.0308 0.5552 0.2502 0.1229 0.0344 0.0065
96 0.1301 0.3481 0.2566 0.2318 0.0187 0.0146
97 0.0625 0.1254 0.1420 0.5615 0.0203 0.0882
98 0.0584 0.1389 0.3606 0.3577 0.0199 0.0646
99 0.1924 0.1646 0.3430 0.2047 0.0461 0.0494
100 0.0754 0.4475 0.2590 0.1511 0.0385 0.0286
101 0.0756 0.1626 0.3232 0.3232 0.1066 0.0087
102 0.0620 0.1176 0.4578 0.2450 0.0975 0.0204
103 0.0790 0.3538 0.4268 0.0538 0.0821 0.0044
104 0.0759 0.2822 0.4370 0.1570 0.0243 0.0237
105 0.1259 0.1654 0.2484 0.3970 0.0276 0.0358
106 0.1553 0.1815 0.4746 0.1338 0.0485 0.0064
107 0.0668 0.2791 0.3965 0.2057 0.0441 0.0079
108 0.2120 0.2240 0.4631 0.0444 0.0520 0.0045
109 0.0602 0.2593 0.2632 0.3276 0.0606 0.0291
110 0.0363 0.3281 0.5005 0.0963 0.0308 0.0084
111 0.0518 0.1407 0.1985 0.5654 0.0397 0.0040
112 0.1270 0.3345 0.4229 0.0900 0.0198 0.0060
113 0.0906 0.1746 0.5376 0.0949 0.0871 0.0153
114 0.0490 0.1375 0.5654 0.1821 0.0307 0.0356
115 0.2583 0.1495 0.2625 0.2175 0.1028 0.0094
116 0.2253 0.1455 0.4846 0.1098 0.0278 0.0070
117 0.0654 0.1582 0.2302 0.4761 0.0221 0.0479
118 0.1238 0.0950 0.2074 0.5381 0.0176 0.0181
119 0.0662 0.1125 0.2598 0.5205 0.0185 0.0227
120 0.0519 0.0715 0.2783 0.4177 0.0119 0.1688
121 0.1461 0.0974 0.1877 0.5024 0.0198 0.0467
122 0.0778 0.0841 0.2981 0.3950 0.0148 0.1302
123 0.0656 0.1443 0.1572 0.5933 0.0101 0.0295
124 0.1036 0.0638 0.1362 0.6348 0.0098 0.0517
125 0.1023 0.0709 0.3252 0.4375 0.0130 0.0511
126 0.0710 0.1075 0.2520 0.4705 0.0065 0.0927
127 0.0660 0.2510 0.1851 0.4336 0.0223 0.0420
128 0.0679 0.2075 0.2927 0.3423 0.0347 0.0550
129 0.0576 0.1858 0.3064 0.4060 0.0250 0.0193
130 0.0300 0.2412 0.2356 0.4299 0.0173 0.0460
131 0.0363 0.2091 0.1654 0.4602 0.0470 0.0819
132 0.0220 0.5806 0.3108 0.0129 0.0646 0.0089
133 0.0922 0.1094 0.2263 0.4866 0.0297 0.0559
134 0.0983 0.1080 0.2114 0.4653 0.0334 0.0834
135 0.1686 0.3201 0.2612 0.2166 0.0249 0.0089
136 0.1438 0.1249 0.2974 0.3477 0.0272 0.0590
137 0.0686 0.2549 0.3594 0.2979 0.0111 0.0083
138 0.0295 0.2612 0.5239 0.1089 0.0645 0.0120
139 0.0479 0.3374 0.3794 0.0416 0.1122 0.0814
140 0.1202 0.4980 0.2446 0.1147 0.0164 0.0059
141 0.0764 0.4395 0.2076 0.2408 0.0204 0.0153
142 0.0433 0.2937 0.5933 0.0317 0.0312 0.0067
143 0.1488 0.0731 0.4880 0.2573 0.0239 0.0088
144 0.0821 0.2910 0.2957 0.2096 0.0370 0.0847
145 0.0646 0.3389 0.3062 0.2700 0.0132 0.0070
146 0.0567 0.2563 0.6147 0.0493 0.0199 0.0030
147 0.1224 0.3655 0.1713 0.2083 0.0714 0.0611
148 0.2457 0.1490 0.5200 0.0552 0.0220 0.0080
149 0.0343 0.2397 0.4695 0.2019 0.0437 0.0110
150 0.0416 0.2795 0.5967 0.0471 0.0264 0.0088
151 0.0479 0.2715 0.4802 0.1547 0.0258 0.0198
152 0.0830 0.2007 0.2366 0.2639 0.0978 0.1180
153 0.1052 0.0757 0.3450 0.3909 0.0258 0.0576
154 0.0611 0.1160 0.2235 0.5239 0.0243 0.0515
155 0.0516 0.2539 0.4526 0.1829 0.0151 0.0441
156 0.1003 0.1137 0.6855 0.0554 0.0169 0.0279
157 0.0892 0.2444 0.2642 0.3391 0.0278 0.0352
158 0.1155 0.1580 0.2334 0.4001 0.0723 0.0206
159 0.0490 0.1880 0.3767 0.3074 0.0123 0.0665
160 0.1143 0.2102 0.2006 0.4182 0.0255 0.0312
161 0.1026 0.1932 0.1627 0.4707 0.0278 0.0428
162 0.0623 0.2371 0.1416 0.4570 0.0196 0.0826
163 0.0773 0.2495 0.2325 0.3774 0.0211 0.0420
164 0.0690 0.1616 0.3069 0.4001 0.0384 0.0240
165 0.0883 0.1433 0.3105 0.3865 0.0202 0.0515
166 0.0713 0.1937 0.3794 0.2588 0.0304 0.0665
167 0.0803 0.1089 0.5151 0.1852 0.0307 0.0797
168 0.0897 0.2720 0.3577 0.1870 0.0216 0.0721
169 0.0520 0.5132 0.2834 0.0338 0.0739 0.0435
170 0.1515 0.1041 0.2273 0.4592 0.0469 0.0110
171 0.0911 0.2363 0.1337 0.4736 0.0484 0.0169
172 0.1139 0.1581 0.1892 0.4871 0.0264 0.0252
173 0.0257 0.4819 0.3752 0.0912 0.0165 0.0094
174 0.0557 0.3547 0.3306 0.1945 0.0274 0.0371
175 0.0801 0.0901 0.1863 0.3269 0.0237 0.2930
176 0.0555 0.0923 0.3123 0.4543 0.0107 0.0748
177 0.1393 0.0485 0.0928 0.2859 0.0428 0.3906
178 0.0978 0.2119 0.1337 0.4521 0.0341 0.0704
179 0.0375 0.1578 0.3613 0.2793 0.0226 0.1415
180 0.1312 0.4993 0.3250 0.0161 0.0183 0.0103
181 0.1226 0.1388 0.5576 0.0779 0.0579 0.0451
182 0.0475 0.2079 0.4199 0.2393 0.0258 0.0596
183 0.0426 0.1510 0.4688 0.2888 0.0111 0.0376
184 0.0823 0.1255 0.3547 0.3718 0.0225 0.0430
185 0.0845 0.3315 0.1948 0.3447 0.0301 0.0145
186 0.0881 0.0930 0.4990 0.1646 0.0230 0.1322
187 0.0778 0.0692 0.2913 0.4373 0.0615 0.0630
188 0.0972 0.1732 0.1787 0.2947 0.0536 0.2025
189 0.1591 0.0336 0.1298 0.6387 0.0199 0.0188
190 0.1815 0.2520 0.3237 0.1932 0.0341 0.0154
191 0.0130 0.4875 0.3538 0.1292 0.0126 0.0040
192 0.0181 0.5010 0.4219 0.0438 0.0088 0.0062
193 0.0852 0.2092 0.3291 0.3140 0.0189 0.0435
194 0.0322 0.3774 0.1090 0.1812 0.0677 0.2325
195 0.0310 0.1624 0.1284 0.2556 0.0420 0.3806
196 0.0738 0.0750 0.2830 0.3359 0.0222 0.2102
197 0.0093 0.3149 0.5190 0.1333 0.0195 0.0040
198 0.0499 0.2783 0.4658 0.1727 0.0234 0.0098
199 0.0829 0.2438 0.4180 0.1688 0.0374 0.0491
200 0.0789 0.2566 0.3193 0.2336 0.0573 0.0542
201 0.1318 0.1816 0.3999 0.2244 0.0328 0.0294
202 0.1105 0.1454 0.3198 0.3625 0.0356 0.0261
203 0.1940 0.3325 0.1418 0.1233 0.0277 0.1808
204 0.0821 0.0854 0.1194 0.5879 0.0075 0.1176
205 0.1002 0.0870 0.2478 0.4890 0.0215 0.0544
206 0.1178 0.1598 0.1853 0.4807 0.0232 0.0332
207 0.0906 0.1516 0.2313 0.4934 0.0202 0.0128
208 0.1316 0.1368 0.2170 0.4702 0.0236 0.0207
209 0.0877 0.2257 0.2023 0.4185 0.0229 0.0431
210 0.0922 0.0776 0.4397 0.3425 0.0189 0.0290
211 0.0881 0.1158 0.1880 0.5522 0.0132 0.0426
212 0.0570 0.1305 0.1785 0.4966 0.0351 0.1025
213 0.0741 0.2710 0.1593 0.4297 0.0270 0.0390
214 0.0945 0.1167 0.2651 0.4800 0.0256 0.0180
215 0.1295 0.1143 0.2135 0.5200 0.0129 0.0098
216 0.0931 0.2341 0.1488 0.4409 0.0131 0.0698
217 0.0178 0.4419 0.4216 0.0971 0.0169 0.0045
218 0.0955 0.1526 0.1884 0.4963 0.0280 0.0392
219 0.0962 0.1169 0.1714 0.5117 0.0161 0.0876
220 0.1307 0.0668 0.3186 0.4353 0.0299 0.0187
221 0.0591 0.1484 0.2524 0.4229 0.0292 0.0880
222 0.0610 0.1558 0.1272 0.5439 0.0364 0.0759
223 0.0644 0.3562 0.4199 0.1147 0.0311 0.0136
224 0.1234 0.0611 0.3462 0.4309 0.0125 0.0259
225 0.0392 0.2346 0.5806 0.0933 0.0338 0.0184
226 0.0763 0.1257 0.2878 0.4124 0.0138 0.0838
227 0.0800 0.1642 0.2524 0.4194 0.0254 0.0586
228 0.0935 0.1371 0.2157 0.4978 0.0204 0.0355
229 0.0703 0.1007 0.2131 0.5615 0.0175 0.0367
230 0.0795 0.3220 0.2319 0.2629 0.0157 0.0880
231 0.0673 0.1613 0.3110 0.3870 0.0328 0.0408
232 0.0583 0.2235 0.2849 0.3152 0.0693 0.0487
233 0.0305 0.2610 0.3250 0.3101 0.0394 0.0340
234 0.0584 0.2620 0.0199 0.3442 0.1858 0.1296
235 0.0685 0.1417 0.1375 0.5786 0.0165 0.0573
236 0.0218 0.3252 0.5532 0.0809 0.0140 0.0052
237 0.0237 0.5444 0.3005 0.1080 0.0213 0.0023
238 0.0460 0.0629 0.3003 0.4797 0.0182 0.0930
239 0.0482 0.2211 0.3821 0.1543 0.1461 0.0482
240 0.0912 0.2404 0.2900 0.3110 0.0193 0.0481
241 0.1637 0.1378 0.3806 0.2382 0.0773 0.0023
242 0.1172 0.1238 0.4934 0.0878 0.0274 0.1505
243 0.0710 0.2681 0.1296 0.4351 0.0431 0.0532
244 0.0864 0.0594 0.2207 0.4390 0.0428 0.1517
245 0.2734 0.0271 0.1418 0.4368 0.0250 0.0959
246 0.0659 0.2585 0.2485 0.3167 0.0206 0.0900
247 0.0359 0.1989 0.6221 0.0693 0.0671 0.0065
248 0.0521 0.1137 0.6196 0.1748 0.0191 0.0207
249 0.0549 0.1600 0.7007 0.0448 0.0366 0.0032
250 0.0859 0.1290 0.3047 0.4297 0.0295 0.0211
251 0.0773 0.0978 0.4382 0.1855 0.1855 0.0157
252 0.0709 0.0259 0.2676 0.4275 0.0185 0.1897
253 0.0904 0.3633 0.2086 0.2830 0.0194 0.0354
254 0.0682 0.1356 0.5757 0.1825 0.0357 0.0025
255 0.0452 0.0580 0.3613 0.4937 0.0393 0.0025
256 0.0295 0.1697 0.6353 0.1332 0.0286 0.0036
257 0.0192 0.3423 0.5386 0.0590 0.0352 0.0059
258 0.0290 0.1779 0.6709 0.0670 0.0376 0.0176
259 0.0377 0.3184 0.4353 0.1458 0.0598 0.0031
260 0.0384 0.1154 0.4976 0.2278 0.1163 0.0044
261 0.0370 0.1523 0.6826 0.1080 0.0147 0.0051
262 0.0334 0.1935 0.5098 0.1449 0.1111 0.0072
263 0.0466 0.1666 0.5254 0.2026 0.0493 0.0094
264 0.0928 0.1076 0.1774 0.5254 0.0838 0.0129
265 0.0851 0.4390 0.3286 0.0913 0.0477 0.0083
266 0.1356 0.1882 0.5278 0.0917 0.0480 0.0085
267 0.1415 0.2124 0.4675 0.1460 0.0250 0.0078
268 0.0534 0.4912 0.3350 0.0821 0.0361 0.0021
269 0.1046 0.3049 0.4951 0.0703 0.0223 0.0027
270 0.1014 0.1063 0.2050 0.3950 0.0719 0.1205
271 0.1083 0.0732 0.1991 0.4487 0.0607 0.1100
272 0.1611 0.0993 0.1742 0.3806 0.0631 0.1216
