time exciting_prob fearful_prob tense_prob sad_prob relaxing_prob neutral_prob
0 0.1753 0.0815 0.1726 0.5151 0.0243 0.0309
1 0.1016 0.4084 0.2477 0.1422 0.0612 0.0389
2 0.1295 0.3809 0.1743 0.1885 0.0798 0.0469
3 0.1122 0.4580 0.2197 0.1158 0.0610 0.0332
4 0.0983 0.4268 0.3403 0.1038 0.0239 0.0072
5 0.0351 0.0903 0.2416 0.5034 0.0772 0.0522
6 0.0628 0.0820 0.3972 0.3972 0.0184 0.0425
7 0.1084 0.1093 0.6484 0.1084 0.0199 0.0054
8 0.1554 0.3877 0.2059 0.0751 0.1681 0.0079
9 0.0363 0.2245 0.3701 0.1449 0.2141 0.0101
10 0.0359 0.2932 0.2413 0.1046 0.3049 0.0200
11 0.0440 0.1431 0.2164 0.0881 0.5029 0.0053
12 0.1608 0.3887 0.2715 0.0218 0.1385 0.0188
13 0.1393 0.3264 0.1472 0.0187 0.3586 0.0097
14 0.1142 0.2272 0.2052 0.0307 0.4114 0.0113
15 0.0745 0.1653 0.3313 0.0684 0.3555 0.0051
16 0.0461 0.1622 0.3743 0.1421 0.2454 0.0300
17 0.2183 0.3354 0.2869 0.0330 0.1177 0.0086
18 0.0992 0.0565 0.0836 0.0117 0.7446 0.0044
19 0.2671 0.2471 0.1429 0.0188 0.3074 0.0167
20 0.2024 0.2257 0.1277 0.0167 0.4121 0.0155
21 0.1772 0.1978 0.3210 0.1830 0.1110 0.0100
22 0.0651 0.0548 0.6279 0.1798 0.0208 0.0515
23 0.0576 0.1602 0.7583 0.0115 0.0124 0.0002
24 0.1129 0.6650 0.1951 0.0099 0.0139 0.0029
25 0.0703 0.4407 0.4478 0.0069 0.0099 0.0245
26 0.0864 0.4250 0.4453 0.0121 0.0171 0.0140
27 0.2031 0.4368 0.2820 0.0078 0.0321 0.0385
28 0.1685 0.4009 0.3706 0.0159 0.0120 0.0321
29 0.1758 0.1857 0.5718 0.0524 0.0123 0.0021
30 0.2363 0.3989 0.3230 0.0101 0.0167 0.0151
31 0.4504 0.2178 0.2264 0.0356 0.0479 0.0221
32 0.1306 0.1652 0.5210 0.0837 0.0197 0.0799
33 0.1070 0.3591 0.4949 0.0233 0.0129 0.0029
34 0.1261 0.2607 0.5649 0.0327 0.0076 0.0078
35 0.0702 0.3706 0.4758 0.0204 0.0059 0.0573
36 0.0223 0.1188 0.7749 0.0732 0.0016 0.0092
37 0.1610 0.4243 0.2961 0.0992 0.0085 0.0110
38 0.1913 0.5078 0.1927 0.0356 0.0199 0.0527
39 0.1788 0.4749 0.2502 0.0554 0.0135 0.0272
40 0.1583 0.6982 0.1131 0.0186 0.0079 0.0036
41 0.0432 0.4368 0.2649 0.1750 0.0108 0.0691
42 0.0572 0.7363 0.1604 0.0369 0.0031 0.0061
43 0.0568 0.1221 0.5059 0.2708 0.0093 0.0350
44 0.0868 0.4109 0.3198 0.1106 0.0059 0.0660
45 0.0957 0.7588 0.0508 0.0227 0.0030 0.0690
46 0.1302 0.5840 0.1039 0.0464 0.0102 0.1252
47 0.1300 0.4907 0.0573 0.2908 0.0159 0.0155
48 0.0942 0.2559 0.0733 0.0705 0.0127 0.4934
49 0.1088 0.7856 0.0327 0.0305 0.0052 0.0373
50 0.2771 0.5640 0.0825 0.0238 0.0237 0.0287
51 0.3516 0.4514 0.0862 0.0128 0.0176 0.0803
52 0.2008 0.4893 0.1042 0.0267 0.0139 0.1652
53 0.1985 0.4299 0.1232 0.0385 0.0160 0.1938
54 0.2366 0.5947 0.0994 0.0078 0.0265 0.0352
55 0.2430 0.1907 0.1147 0.0186 0.0260 0.4070
56 0.3967 0.4602 0.0831 0.0178 0.0205 0.0215
57 0.0986 0.5762 0.1108 0.1771 0.0068 0.0305
58 0.0578 0.8291 0.0171 0.0426 0.0024 0.0510
59 0.1169 0.5117 0.0293 0.2554 0.0178 0.0687
60 0.1462 0.5562 0.0297 0.1462 0.0211 0.1005
61 0.0719 0.5972 0.1157 0.1879 0.0035 0.0239
62 0.2148 0.5273 0.0479 0.1476 0.0198 0.0423
63 0.1768 0.3381 0.1334 0.1782 0.0773 0.0961
64 0.1145 0.6289 0.0728 0.1470 0.0099 0.0270
65 0.0728 0.4934 0.0481 0.2260 0.0045 0.1553
66 0.0722 0.3286 0.0114 0.2106 0.0244 0.3528
67 0.1967 0.3022 0.2076 0.0974 0.1832 0.0129
68 0.2546 0.4949 0.1620 0.0422 0.0436 0.0026
69 0.1151 0.0984 0.1388 0.5156 0.0574 0.0743
70 0.0875 0.3655 0.4014 0.1324 0.0091 0.0040
71 0.1610 0.2117 0.4480 0.1124 0.0552 0.0118
72 0.1459 0.3994 0.1287 0.2073 0.1092 0.0095
73 0.1055 0.3513 0.4304 0.0365 0.0645 0.0118
74 0.0809 0.2001 0.5029 0.1114 0.0796 0.0250
75 0.0840 0.1658 0.3679 0.2957 0.0530 0.0337
76 0.1218 0.1317 0.5376 0.1109 0.0793 0.0188
77 0.1779 0.3945 0.2908 0.0450 0.0680 0.0239
78 0.1824 0.4656 0.2673 0.0410 0.0365 0.0070
79 0.2356 0.3401 0.2266 0.0494 0.0783 0.0702
80 0.1967 0.0446 0.2094 0.2817 0.0770 0.1907
81 0.2391 0.3972 0.2605 0.0134 0.0581 0.0316
82 0.3401 0.2842 0.1683 0.0244 0.1544 0.0288
83 0.2115 0.3054 0.2252 0.0861 0.0772 0.0946
84 0.3196 0.2180 0.2032 0.1620 0.0370 0.0601
85 0.1776 0.1300 0.3118 0.3218 0.0415 0.0175
86 0.4160 0.3701 0.1416 0.0505 0.0183 0.0037
87 0.4407 0.3198 0.1880 0.0324 0.0145 0.0047
88 0.3230 0.4019 0.1040 0.1389 0.0249 0.0074
89 0.3528 0.2242 0.2856 0.1011 0.0326 0.0038
90 0.3877 0.2426 0.2141 0.1093 0.0421 0.0042
91 0.2527 0.2078 0.4399 0.0707 0.0252 0.0039
92 0.1763 0.4001 0.2505 0.1270 0.0419 0.0043
93 0.3062 0.2312 0.3040 0.1067 0.0441 0.0080
94 0.3215 0.1382 0.3188 0.1890 0.0290 0.0035
95 0.0790 0.1548 0.2632 0.4768 0.0072 0.0189
96 0.1211 0.1694 0.1019 0.5869 0.0180 0.0029
97 0.1119 0.1554 0.3291 0.3967 0.0038 0.0030
98 0.2239 0.1930 0.0963 0.4558 0.0092 0.0220
99 0.0769 0.3042 0.0456 0.4290 0.0244 0.1201
100 0.0708 0.2358 0.1022 0.4993 0.0136 0.0784
101 0.0645 0.0991 0.0362 0.6826 0.0225 0.0953
102 0.1089 0.4045 0.0391 0.3831 0.0118 0.0526
103 0.0873 0.0777 0.0321 0.6709 0.0135 0.1184
104 0.0365 0.1082 0.0548 0.6372 0.0203 0.1432
105 0.1647 0.2050 0.1740 0.4441 0.0079 0.0043
106 0.0499 0.0671 0.1797 0.5625 0.0155 0.1255
107 0.2135 0.6528 0.0523 0.0280 0.0062 0.0473
108 0.3645 0.4536 0.0846 0.0478 0.0140 0.0355
109 0.3025 0.5830 0.0670 0.0248 0.0077 0.0152
110 0.4573 0.1876 0.0629 0.2246 0.0122 0.0555
111 0.2489 0.6611 0.0132 0.0654 0.0024 0.0090
112 0.2075 0.2544 0.0215 0.3115 0.0086 0.1965
113 0.1766 0.2756 0.0163 0.3484 0.0091 0.1738
114 0.1194 0.1166 0.0102 0.3679 0.0063 0.3796
115 0.1525 0.3657 0.0137 0.3330 0.0124 0.1225
116 0.0920 0.5820 0.0308 0.2042 0.0026 0.0885
117 0.1903 0.3162 0.0463 0.3186 0.0104 0.1182
118 0.1242 0.5068 0.0271 0.2413 0.0053 0.0952
119 0.1173 0.4788 0.0301 0.2091 0.0044 0.1603
120 0.1914 0.2852 0.0144 0.3059 0.0103 0.1929
121 0.0858 0.6045 0.0202 0.1505 0.0094 0.1298
122 0.1072 0.2361 0.0149 0.4143 0.0055 0.2218
123 0.0619 0.1593 0.0112 0.4036 0.0077 0.3562
124 0.1404 0.5420 0.0668 0.1720 0.0047 0.0740
125 0.0865 0.1831 0.3938 0.2971 0.0231 0.0165
126 0.5454 0.1065 0.0441 0.2678 0.0359 0.0004
127 0.4229 0.3560 0.0517 0.0966 0.0685 0.0046
128 0.3105 0.4448 0.1057 0.0785 0.0491 0.0116
129 0.1703 0.6426 0.1503 0.0086 0.0216 0.0068
130 0.1936 0.6968 0.0729 0.0125 0.0222 0.0019
131 0.2004 0.5278 0.1973 0.0480 0.0232 0.0031
132 0.1606 0.4038 0.1451 0.2046 0.0534 0.0326
133 0.1382 0.3215 0.1350 0.3115 0.0845 0.0093
134 0.2130 0.4543 0.1646 0.1510 0.0142 0.0028
135 0.2576 0.5713 0.0911 0.0602 0.0170 0.0028
136 0.0970 0.7227 0.0768 0.0863 0.0088 0.0085
137 0.0629 0.4832 0.3096 0.0833 0.0513 0.0097
138 0.0851 0.3064 0.2386 0.2971 0.0246 0.0481
139 0.1025 0.3635 0.2922 0.2137 0.0039 0.0242
140 0.0551 0.1750 0.2213 0.4133 0.0239 0.1113
141 0.0779 0.0939 0.0253 0.0737 0.7271 0.0021
142 0.0759 0.5103 0.0759 0.0471 0.2487 0.0422
143 0.0788 0.6602 0.1721 0.0350 0.0435 0.0106
144 0.2336 0.2230 0.3145 0.0724 0.0664 0.0901
145 0.1602 0.3037 0.2122 0.0285 0.2744 0.0210
146 0.1624 0.4211 0.2573 0.0667 0.0749 0.0175
147 0.1907 0.4983 0.1907 0.0146 0.0894 0.0165
148 0.1874 0.3875 0.0775 0.0147 0.3137 0.0194
149 0.0629 0.2954 0.1175 0.4231 0.0959 0.0051
150 0.1937 0.4368 0.0629 0.2820 0.0076 0.0171
151 0.1788 0.6543 0.0663 0.0872 0.0127 0.0009
152 0.1531 0.5913 0.0943 0.1484 0.0105 0.0022
153 0.0425 0.5059 0.2390 0.1935 0.0055 0.0135
154 0.4231 0.2373 0.0741 0.2247 0.0056 0.0353
155 0.3171 0.1671 0.0522 0.1710 0.0214 0.2712
156 0.3201 0.1523 0.1489 0.2379 0.0083 0.1324
157 0.2654 0.2634 0.2397 0.2100 0.0130 0.0084
158 0.1110 0.0831 0.2462 0.4895 0.0117 0.0585
159 0.0769 0.0865 0.4824 0.2925 0.0196 0.0421
160 0.0615 0.0359 0.0881 0.6509 0.0275 0.1364
161 0.0542 0.0439 0.3069 0.5645 0.0044 0.0260
162 0.3789 0.0966 0.2817 0.1749 0.0378 0.0302
163 0.3577 0.2310 0.2720 0.1198 0.0085 0.0111
164 0.3140 0.3730 0.2644 0.0235 0.0069 0.0181
165 0.6240 0.0289 0.0360 0.1815 0.0477 0.0818
166 0.5249 0.1930 0.1256 0.0830 0.0251 0.0484
167 0.7705 0.0294 0.0235 0.1448 0.0118 0.0199
168 0.5415 0.0589 0.0395 0.3389 0.0035 0.0178
169 0.6914 0.0706 0.0409 0.1592 0.0170 0.0209
170 0.5391 0.0901 0.0746 0.2668 0.0115 0.0180
171 0.6284 0.0705 0.0637 0.1858 0.0144 0.0372
172 0.9062 0.0276 0.0280 0.0132 0.0047 0.0200
173 0.7383 0.1740 0.0410 0.0353 0.0070 0.0044
174 0.4736 0.1899 0.1914 0.1125 0.0203 0.0120
175 0.1138 0.7422 0.1270 0.0103 0.0033 0.0033
176 0.0551 0.6304 0.1893 0.0596 0.0041 0.0615
177 0.0643 0.4939 0.3970 0.0363 0.0034 0.0051
178 0.1063 0.3376 0.3171 0.2048 0.0111 0.0230
179 0.0900 0.4331 0.2212 0.2281 0.0038 0.0239
180 0.0650 0.6670 0.1941 0.0640 0.0013 0.0085
181 0.0386 0.2988 0.1991 0.4216 0.0022 0.0395
182 0.0517 0.6812 0.2391 0.0180 0.0037 0.0061
183 0.0450 0.4719 0.4231 0.0486 0.0026 0.0087
184 0.0778 0.4995 0.2891 0.0365 0.0083 0.0889
185 0.3774 0.1561 0.1433 0.1151 0.1048 0.1032
186 0.0883 0.4180 0.3105 0.1107 0.0552 0.0172
187 0.1078 0.0478 0.4832 0.3372 0.0221 0.0020
188 0.0504 0.0474 0.5254 0.2683 0.0399 0.0689
189 0.2013 0.2428 0.3940 0.1211 0.0154 0.0254
190 0.2266 0.3347 0.3401 0.0208 0.0680 0.0098
191 0.1124 0.4919 0.1313 0.0611 0.1957 0.0078
192 0.1189 0.1434 0.1390 0.0955 0.4702 0.0330
193 0.0601 0.4727 0.1752 0.1780 0.1006 0.0136
194 0.1740 0.4619 0.1376 0.0731 0.1488 0.0049
195 0.0784 0.2032 0.2629 0.0144 0.4404 0.0006
196 0.0325 0.2057 0.6045 0.1287 0.0160 0.0127
197 0.0565 0.0641 0.2576 0.5366 0.0232 0.0621
198 0.0489 0.1996 0.4094 0.3042 0.0165 0.0212
199 0.0834 0.2888 0.3274 0.2471 0.0314 0.0219
200 0.0809 0.1072 0.2415 0.4373 0.0681 0.0650
201 0.1129 0.1566 0.1361 0.1299 0.0181 0.4463
202 0.1129 0.1566 0.1361 0.1299 0.0181 0.4463
203 0.1136 0.1553 0.1349 0.1288 0.0181 0.4492
204 0.1136 0.1553 0.1349 0.1288 0.0181 0.4492
205 0.1136 0.1553 0.1349 0.1288 0.0181 0.4492
206 0.1136 0.1553 0.1349 0.1288 0.0181 0.4492
207 0.1136 0.1553 0.1349 0.1288 0.0181 0.4492
208 0.1136 0.1553 0.1349 0.1288 0.0181 0.4492
209 0.1136 0.1553 0.1349 0.1288 0.0181 0.4492
210 0.1136 0.1553 0.1349 0.1288 0.0181 0.4492
211 0.5571 0.2551 0.0692 0.0291 0.0881 0.0014
212 0.5571 0.2551 0.0692 0.0291 0.0881 0.0014
213 0.5542 0.2576 0.0704 0.0289 0.0876 0.0014
214 0.5562 0.2546 0.0696 0.0290 0.0894 0.0014
215 0.5596 0.2522 0.0690 0.0292 0.0886 0.0014
