time exciting_prob fearful_prob tense_prob sad_prob relaxing_prob neutral_prob
0 0.1136 0.1553 0.1349 0.1288 0.0181 0.4492
1 0.3235 0.2598 0.1287 0.1691 0.0469 0.0721
2 0.0919 0.0919 0.4053 0.3308 0.0584 0.0220
3 0.0699 0.0817 0.4631 0.2944 0.0504 0.0405
4 0.1790 0.1790 0.3728 0.1309 0.0973 0.0412
5 0.1344 0.0587 0.3174 0.4014 0.0443 0.0436
6 0.1265 0.1367 0.4482 0.1840 0.0503 0.0544
7 0.1482 0.2041 0.3640 0.0838 0.0529 0.1471
8 0.1683 0.1969 0.3196 0.1223 0.0397 0.1533
9 0.1511 0.2034 0.2571 0.0991 0.0322 0.2571
10 0.1312 0.3352 0.3403 0.0645 0.0267 0.1022
11 0.1267 0.1995 0.2683 0.0722 0.0292 0.3040
12 0.2401 0.2256 0.4417 0.0265 0.0245 0.0417
13 0.2632 0.1609 0.4917 0.0271 0.0234 0.0340
14 0.2267 0.1685 0.4438 0.0159 0.0461 0.0991
15 0.2515 0.1783 0.4553 0.0161 0.0330 0.0656
16 0.2482 0.2368 0.4287 0.0207 0.0344 0.0313
17 0.1842 0.1931 0.3840 0.1552 0.0278 0.0558
18 0.0955 0.0451 0.4702 0.2852 0.0305 0.0732
19 0.0852 0.4097 0.4226 0.0446 0.0258 0.0122
20 0.1627 0.1018 0.2683 0.2900 0.0858 0.0913
21 0.1281 0.2754 0.4988 0.0675 0.0182 0.0119
22 0.1941 0.1355 0.2869 0.3250 0.0286 0.0300
23 0.2717 0.3542 0.2803 0.0302 0.0269 0.0365
24 0.1554 0.2351 0.3474 0.0928 0.0299 0.1393
25 0.1621 0.1063 0.4272 0.0342 0.0342 0.2358
26 0.1803 0.1949 0.4395 0.0521 0.0425 0.0907
27 0.1000 0.3435 0.2150 0.2019 0.0404 0.0992
28 0.2089 0.1602 0.0721 0.0877 0.0222 0.4490
29 0.0485 0.0156 0.0489 0.0326 0.0075 0.8467
30 0.1233 0.1105 0.0999 0.0423 0.0077 0.6162
31 0.0363 0.0466 0.0689 0.1136 0.0056 0.7290
32 0.0354 0.0791 0.0472 0.0754 0.0126 0.7505
33 0.0709 0.0220 0.0488 0.3774 0.0110 0.4697
34 0.0997 0.0852 0.0729 0.1669 0.0367 0.5386
35 0.1009 0.1400 0.2659 0.1716 0.0060 0.3157
36 0.1202 0.4397 0.2076 0.1472 0.0101 0.0752
37 0.5239 0.1304 0.0917 0.1263 0.0153 0.1124
38 0.1233 0.0692 0.1293 0.5884 0.0117 0.0784
39 0.2532 0.1243 0.3152 0.2200 0.0327 0.0547
40 0.2089 0.1577 0.3040 0.1993 0.0147 0.1154
41 0.2147 0.1753 0.2250 0.3325 0.0108 0.0416
42 0.2150 0.2361 0.1838 0.2937 0.0108 0.0606
43 0.3457 0.0847 0.1608 0.3738 0.0166 0.0182
44 0.1427 0.0350 0.1593 0.0966 0.0106 0.5557
45 0.2227 0.3188 0.3044 0.0572 0.0156 0.0813
46 0.1630 0.1230 0.3293 0.0807 0.0222 0.2817
47 0.2578 0.2764 0.2639 0.0986 0.0285 0.0750
48 0.1973 0.1536 0.2494 0.1089 0.0170 0.2739
49 0.1382 0.1720 0.2010 0.3757 0.0349 0.0781
50 0.2203 0.0876 0.1915 0.3108 0.0496 0.1401
51 0.0948 0.1025 0.2345 0.2617 0.0280 0.2786
52 0.1681 0.2686 0.2771 0.0943 0.0132 0.1788
53 0.1670 0.3022 0.3943 0.0707 0.0076 0.0582
54 0.0949 0.4458 0.3313 0.0837 0.0069 0.0374
55 0.0933 0.2639 0.1626 0.3440 0.0056 0.1306
56 0.2581 0.3015 0.2349 0.1615 0.0169 0.0272
57 0.1002 0.0647 0.3962 0.3337 0.0082 0.0971
58 0.1588 0.1588 0.2274 0.1915 0.0058 0.2578
59 0.1138 0.3882 0.1921 0.1520 0.0088 0.1450
60 0.1447 0.0811 0.1401 0.1886 0.0270 0.4185
61 0.0906 0.0838 0.1888 0.1425 0.0485 0.4458
62 0.2494 0.1378 0.1742 0.0715 0.0932 0.2739
63 0.2822 0.4043 0.2452 0.0258 0.0286 0.0137
64 0.2629 0.3596 0.2629 0.0591 0.0334 0.0218
65 0.2130 0.2651 0.2375 0.1054 0.1685 0.0105
66 0.3491 0.0561 0.1624 0.3716 0.0282 0.0325
67 0.1614 0.3337 0.2642 0.1993 0.0154 0.0259
68 0.1832 0.0525 0.2175 0.4604 0.0049 0.0813
69 0.1763 0.1147 0.3167 0.1848 0.1078 0.0997
70 0.1453 0.0708 0.2018 0.3889 0.0152 0.1781
71 0.1682 0.2751 0.3533 0.1250 0.0690 0.0093
72 0.2185 0.1742 0.4082 0.1107 0.0671 0.0211
73 0.0710 0.3132 0.5410 0.0492 0.0106 0.0148
74 0.2700 0.1152 0.3633 0.1613 0.0662 0.0242
75 0.1581 0.1271 0.2030 0.3398 0.0450 0.1271
76 0.2338 0.2129 0.2957 0.1242 0.0353 0.0982
77 0.2932 0.3220 0.2095 0.0735 0.0324 0.0696
78 0.1406 0.1750 0.4265 0.0982 0.0356 0.1241
79 0.2433 0.1896 0.3174 0.1055 0.0526 0.0917
80 0.2217 0.0630 0.3379 0.2551 0.0388 0.0835
81 0.0643 0.0372 0.0375 0.0839 0.0062 0.7710
82 0.0272 0.0095 0.0706 0.0396 0.0064 0.8467
83 0.1123 0.0867 0.1080 0.1204 0.0112 0.5615
84 0.0181 0.0315 0.0646 0.0320 0.0023 0.8516
85 0.0540 0.0626 0.0897 0.0636 0.0084 0.7217
86 0.1140 0.1149 0.0771 0.1365 0.0091 0.5483
87 0.0989 0.3347 0.1658 0.1658 0.0153 0.2196
88 0.0241 0.0698 0.0430 0.2220 0.0086 0.6323
89 0.1248 0.3237 0.1505 0.3340 0.0079 0.0590
90 0.1675 0.2185 0.1549 0.1898 0.0293 0.2400
91 0.2927 0.1720 0.1471 0.1299 0.0041 0.2542
92 0.1891 0.0542 0.3372 0.3269 0.0150 0.0776
93 0.1335 0.3687 0.3306 0.1294 0.0099 0.0278
94 0.2156 0.0481 0.1602 0.4492 0.0217 0.1050
95 0.2471 0.1252 0.1725 0.2981 0.0502 0.1071
96 0.2115 0.1700 0.1987 0.3435 0.0136 0.0626
97 0.1665 0.1614 0.1829 0.3110 0.0144 0.1639
98 0.0839 0.0252 0.1201 0.7241 0.0057 0.0409
99 0.1294 0.1769 0.2307 0.3518 0.0134 0.0977
100 0.1600 0.0705 0.1842 0.0594 0.0173 0.5088
101 0.1963 0.1732 0.1732 0.0652 0.0224 0.3696
102 0.1537 0.0704 0.2382 0.1974 0.0249 0.3154
103 0.1863 0.1497 0.2212 0.3535 0.0233 0.0659
104 0.0779 0.0671 0.1455 0.5405 0.0065 0.1624
105 0.0795 0.0730 0.2510 0.4912 0.0064 0.0990
106 0.0884 0.0792 0.1842 0.0927 0.0224 0.5332
107 0.0809 0.2004 0.1500 0.2961 0.0307 0.2417
108 0.1636 0.4177 0.1912 0.1215 0.0157 0.0903
109 0.1396 0.3594 0.1499 0.1194 0.0066 0.2250
110 0.1816 0.1437 0.2296 0.2996 0.0168 0.1288
111 0.1393 0.0763 0.4031 0.1219 0.0072 0.2522
112 0.3015 0.1718 0.4119 0.0864 0.0170 0.0115
113 0.1410 0.2554 0.1525 0.2184 0.0548 0.1782
114 0.1462 0.0801 0.2908 0.2411 0.0388 0.2030
115 0.2300 0.1683 0.2411 0.2062 0.0685 0.0859
116 0.1375 0.2231 0.1821 0.1558 0.0279 0.2734
117 0.0459 0.1101 0.2368 0.4221 0.0118 0.1732
118 0.1610 0.1072 0.2201 0.1636 0.0126 0.3354
119 0.2029 0.1165 0.3142 0.1394 0.0272 0.1997
120 0.2783 0.1335 0.1974 0.1611 0.0092 0.2202
121 0.2153 0.3809 0.2499 0.0798 0.0251 0.0488
122 0.1591 0.1859 0.3640 0.2314 0.0149 0.0445
123 0.1838 0.1838 0.4077 0.1572 0.0147 0.0527
124 0.0927 0.2725 0.1962 0.1626 0.0431 0.2330
125 0.0440 0.3955 0.2362 0.0687 0.0119 0.2437
126 0.0522 0.4954 0.2415 0.0868 0.0101 0.1141
127 0.0364 0.4172 0.2491 0.0681 0.0060 0.2233
128 0.0558 0.4319 0.3262 0.1127 0.0126 0.0608
129 0.0812 0.2500 0.2922 0.3110 0.0120 0.0536
130 0.0897 0.4482 0.2456 0.1274 0.0210 0.0682
131 0.1357 0.3777 0.2595 0.1613 0.0199 0.0458
132 0.1366 0.2150 0.3489 0.1782 0.0583 0.0630
133 0.0863 0.3521 0.2966 0.1945 0.0112 0.0593
134 0.1637 0.1975 0.3521 0.1945 0.0357 0.0566
135 0.0919 0.7754 0.1066 0.0112 0.0053 0.0095
136 0.1600 0.4595 0.0646 0.0657 0.0082 0.2421
137 0.0991 0.0382 0.2034 0.0991 0.0074 0.5527
138 0.0891 0.0612 0.2205 0.0652 0.0098 0.5542
139 0.1511 0.0317 0.2737 0.0681 0.0096 0.4656
140 0.2407 0.3020 0.0729 0.1919 0.0093 0.1831
141 0.1344 0.6025 0.1740 0.0362 0.0111 0.0420
142 0.1076 0.3420 0.0793 0.0508 0.0075 0.4126
143 0.0571 0.2878 0.0594 0.1003 0.0055 0.4897
144 0.1111 0.4324 0.1289 0.0623 0.0090 0.2563
145 0.0741 0.0674 0.2014 0.0551 0.0103 0.5918
146 0.0710 0.0473 0.1787 0.0598 0.0096 0.6333
147 0.0390 0.0541 0.1642 0.0347 0.0061 0.7021
148 0.0477 0.6743 0.1171 0.0301 0.0063 0.1247
149 0.0638 0.4292 0.1761 0.0449 0.0048 0.2815
150 0.1318 0.3936 0.1830 0.0493 0.0112 0.2313
151 0.0865 0.3315 0.0964 0.1859 0.0072 0.2925
152 0.1758 0.0792 0.1025 0.0986 0.0193 0.5249
153 0.0844 0.1602 0.1248 0.0684 0.0119 0.5503
154 0.0889 0.0714 0.1609 0.1254 0.0090 0.5444
155 0.2056 0.1814 0.1276 0.1814 0.0051 0.2991
156 0.0745 0.1829 0.2703 0.3870 0.0318 0.0536
157 0.0478 0.1830 0.4822 0.2313 0.0157 0.0399
158 0.0447 0.1443 0.2532 0.4731 0.0427 0.0420
159 0.1122 0.2756 0.4072 0.1252 0.0654 0.0143
160 0.1298 0.3213 0.4675 0.0266 0.0331 0.0219
161 0.2001 0.2268 0.3738 0.0703 0.0345 0.0945
162 0.2012 0.1027 0.5303 0.0435 0.0165 0.1060
163 0.1379 0.2136 0.4248 0.0469 0.0298 0.1469
164 0.1713 0.4338 0.3174 0.0420 0.0233 0.0123
165 0.3069 0.2158 0.3267 0.0648 0.0740 0.0120
166 0.0887 0.4268 0.3650 0.0596 0.0432 0.0168
167 0.1089 0.0961 0.3462 0.3516 0.0307 0.0666
168 0.0694 0.0524 0.4055 0.4185 0.0212 0.0333
169 0.2338 0.1406 0.3025 0.2015 0.0916 0.0300
170 0.1984 0.1384 0.5142 0.0937 0.0337 0.0216
171 0.1512 0.4016 0.3545 0.0433 0.0382 0.0112
172 0.1335 0.2615 0.3865 0.1188 0.0773 0.0225
173 0.1055 0.3435 0.2512 0.2435 0.0153 0.0410
174 0.1219 0.1145 0.2705 0.3472 0.0496 0.0964
175 0.1008 0.1826 0.2457 0.2783 0.1797 0.0128
176 0.1007 0.2612 0.3923 0.1973 0.0293 0.0192
177 0.1359 0.1296 0.1492 0.0864 0.1296 0.3694
178 0.1572 0.2593 0.3127 0.1674 0.0379 0.0656
179 0.1490 0.2272 0.3010 0.2101 0.0557 0.0570
180 0.1469 0.1423 0.3579 0.2620 0.0728 0.0181
181 0.1926 0.1674 0.3599 0.1432 0.1031 0.0340
182 0.0959 0.1321 0.5063 0.2111 0.0304 0.0242
183 0.1153 0.1858 0.4744 0.0756 0.0504 0.0986
184 0.1517 0.4060 0.2208 0.1163 0.0349 0.0700
185 0.1724 0.1353 0.4507 0.1396 0.0659 0.0361
186 0.0714 0.3979 0.3567 0.1233 0.0271 0.0237
187 0.0617 0.2328 0.2439 0.3838 0.0182 0.0598
188 0.0746 0.1299 0.1221 0.2666 0.0065 0.4001
189 0.0964 0.1075 0.0927 0.2925 0.0112 0.3997
190 0.1412 0.0589 0.2294 0.3284 0.0127 0.2294
191 0.0859 0.2126 0.0513 0.1439 0.0116 0.4946
192 0.0572 0.0567 0.0313 0.0746 0.0031 0.7769
193 0.0390 0.0274 0.0613 0.0428 0.0086 0.8208
194 0.0499 0.0101 0.0253 0.4736 0.0028 0.4382
195 0.0623 0.0294 0.0920 0.0576 0.0115 0.7471
196 0.0275 0.0407 0.1107 0.0327 0.0083 0.7803
197 0.0397 0.1738 0.2413 0.0262 0.0079 0.5107
198 0.0637 0.0544 0.3232 0.0637 0.0249 0.4702
199 0.0441 0.1066 0.4148 0.0557 0.0127 0.3662
200 0.0455 0.1267 0.3442 0.0657 0.0151 0.4026
201 0.0801 0.0321 0.0359 0.1185 0.0076 0.7256
202 0.0393 0.0219 0.0187 0.0769 0.0031 0.8403
203 0.2456 0.2020 0.1064 0.0365 0.0261 0.3833
204 0.0510 0.0171 0.0578 0.2018 0.0107 0.6616
205 0.1014 0.0443 0.0923 0.1954 0.0267 0.5396
206 0.1078 0.0577 0.0937 0.0777 0.0522 0.6108
207 0.2634 0.2362 0.2118 0.0720 0.0111 0.2052
208 0.1114 0.0697 0.0719 0.1547 0.0086 0.5835
209 0.1231 0.2300 0.1231 0.1013 0.0124 0.4102
210 0.1338 0.5288 0.1423 0.1208 0.0068 0.0673
211 0.1765 0.1292 0.1633 0.2866 0.0348 0.2097
212 0.2271 0.2343 0.1421 0.2324 0.0535 0.1107
213 0.1116 0.1573 0.1599 0.2595 0.0310 0.2805
214 0.1136 0.1553 0.1349 0.1288 0.0181 0.4492
215 0.1136 0.1553 0.1349 0.1288 0.0181 0.4492
216 0.1136 0.1553 0.1349 0.1288 0.0181 0.4492
217 0.1136 0.1553 0.1349 0.1288 0.0181 0.4492
