time exciting_prob fearful_prob tense_prob sad_prob relaxing_prob neutral_prob
0 0.2139 0.1447 0.1403 0.3015 0.0851 0.1145
1 0.1874 0.0700 0.5425 0.1578 0.0250 0.0174
2 0.1879 0.0747 0.4507 0.2230 0.0337 0.0302
3 0.1851 0.0649 0.4727 0.2164 0.0312 0.0297
4 0.2124 0.0701 0.4292 0.2297 0.0266 0.0321
5 0.3342 0.0425 0.1846 0.2028 0.0233 0.2125
6 0.4001 0.0409 0.1085 0.0988 0.0199 0.3318
7 0.1917 0.3162 0.1541 0.0751 0.0052 0.2581
8 0.1703 0.3281 0.1587 0.0693 0.0016 0.2720
9 0.1633 0.4106 0.1547 0.1123 0.0018 0.1571
10 0.1196 0.2473 0.1866 0.1548 0.0069 0.2847
11 0.0088 0.3499 0.4492 0.0481 0.0051 0.1392
12 0.3235 0.0434 0.1042 0.1458 0.0496 0.3337
13 0.2908 0.4541 0.1261 0.0586 0.0059 0.0644
14 0.1094 0.0826 0.2142 0.4829 0.0623 0.0486
15 0.3577 0.1638 0.0811 0.0602 0.1771 0.1600
16 0.1930 0.0844 0.1527 0.3496 0.0500 0.1704
17 0.1912 0.1000 0.1754 0.1294 0.1008 0.3032
18 0.0696 0.3879 0.5220 0.0056 0.0066 0.0082
19 0.0412 0.6055 0.0929 0.1250 0.0179 0.1174
20 0.0448 0.4968 0.3416 0.0328 0.0445 0.0395
21 0.0239 0.4810 0.2827 0.0955 0.0962 0.0206
22 0.0282 0.1687 0.1274 0.0597 0.0177 0.5981
23 0.1117 0.1368 0.4348 0.0756 0.1899 0.0511
24 0.0486 0.1791 0.3792 0.1331 0.1270 0.1331
25 0.0210 0.1704 0.6431 0.0710 0.0049 0.0898
26 0.0390 0.3560 0.2563 0.0826 0.0137 0.2524
27 0.0797 0.1636 0.6030 0.0440 0.0092 0.1008
28 0.0331 0.2316 0.1044 0.0729 0.0198 0.5386
29 0.0136 0.4492 0.3088 0.1267 0.0144 0.0871
30 0.0540 0.1826 0.2134 0.0977 0.1514 0.3010
31 0.0873 0.2374 0.5391 0.0103 0.0129 0.1130
32 0.0400 0.4338 0.1500 0.1454 0.1063 0.1243
33 0.0225 0.0884 0.6743 0.0466 0.0127 0.1553
34 0.0110 0.7983 0.1674 0.0117 0.0030 0.0086
35 0.0450 0.4805 0.3354 0.0754 0.0385 0.0251
36 0.0238 0.1760 0.1995 0.0793 0.0123 0.5093
37 0.0529 0.4495 0.2191 0.0745 0.1329 0.0711
38 0.0336 0.1846 0.4292 0.1415 0.0456 0.1655
39 0.1541 0.3162 0.2386 0.0470 0.0751 0.1692
40 0.0264 0.4299 0.4102 0.0413 0.0248 0.0675
41 0.0461 0.4082 0.4146 0.0743 0.0213 0.0356
42 0.0208 0.2671 0.5146 0.1046 0.0118 0.0808
43 0.0487 0.3518 0.3745 0.1160 0.0621 0.0469
44 0.0367 0.3430 0.3484 0.0953 0.0066 0.1698
45 0.0504 0.3494 0.2942 0.1246 0.0508 0.1306
46 0.0321 0.2026 0.5864 0.0643 0.0390 0.0757
47 0.0294 0.3750 0.4890 0.0672 0.0272 0.0124
48 0.0092 0.6406 0.2356 0.0894 0.0035 0.0217
49 0.0860 0.2568 0.2607 0.1053 0.1558 0.1353
50 0.1160 0.3254 0.2052 0.0932 0.1377 0.1225
51 0.0413 0.1700 0.3953 0.1150 0.0192 0.2593
52 0.0192 0.1924 0.5654 0.1204 0.0159 0.0867
53 0.0184 0.2886 0.5063 0.1450 0.0161 0.0256
54 0.0746 0.1290 0.5024 0.1138 0.0364 0.1439
55 0.0326 0.2427 0.3315 0.1044 0.0139 0.2749
56 0.1821 0.2163 0.3567 0.2064 0.0137 0.0247
57 0.0274 0.1368 0.1842 0.4348 0.0144 0.2023
58 0.0226 0.2158 0.1708 0.0358 0.0040 0.5513
59 0.0385 0.2339 0.4509 0.1030 0.0104 0.1633
60 0.0275 0.1810 0.5488 0.0606 0.0120 0.1700
61 0.0302 0.1416 0.1555 0.0513 0.0062 0.6152
62 0.0217 0.1519 0.1860 0.0415 0.0079 0.5913
63 0.1242 0.3196 0.2413 0.1038 0.1671 0.0439
64 0.0518 0.3408 0.3408 0.0539 0.1882 0.0243
65 0.0906 0.2900 0.2561 0.0793 0.2642 0.0199
66 0.1431 0.1809 0.1726 0.2147 0.0601 0.2286
67 0.1028 0.2429 0.3269 0.1279 0.1028 0.0966
68 0.0619 0.5474 0.2546 0.0600 0.0471 0.0292
69 0.1058 0.3440 0.2637 0.0891 0.1842 0.0132
70 0.0496 0.7456 0.0383 0.0296 0.0346 0.1025
71 0.0572 0.5220 0.0600 0.0981 0.0160 0.2466
72 0.1449 0.3142 0.0387 0.1804 0.0973 0.2245
73 0.0365 0.0660 0.1699 0.1823 0.0055 0.5400
74 0.0182 0.1095 0.2908 0.2566 0.0058 0.3193
75 0.0151 0.0413 0.1836 0.0582 0.0036 0.6982
76 0.0405 0.0222 0.2922 0.2539 0.0042 0.3872
77 0.1719 0.5464 0.1541 0.0341 0.0663 0.0274
78 0.1970 0.5396 0.1583 0.0288 0.0085 0.0676
79 0.0753 0.1892 0.4907 0.1130 0.0171 0.1147
80 0.0236 0.1653 0.2224 0.0673 0.0124 0.5093
81 0.0300 0.1375 0.1908 0.1104 0.0288 0.5024
82 0.0427 0.0185 0.1561 0.4519 0.0053 0.3254
83 0.0265 0.0862 0.4114 0.0566 0.0141 0.4050
84 0.0418 0.2123 0.2812 0.1459 0.0053 0.3137
85 0.0639 0.2629 0.3650 0.1594 0.0035 0.1451
86 0.2260 0.1815 0.4458 0.0222 0.1026 0.0220
87 0.0691 0.1709 0.1013 0.0680 0.1261 0.4646
88 0.0656 0.3743 0.1824 0.0969 0.1355 0.1454
89 0.3179 0.3103 0.2117 0.0255 0.1263 0.0083
90 0.3198 0.4373 0.0822 0.0443 0.1123 0.0040
91 0.1530 0.5215 0.1350 0.0800 0.0988 0.0117
92 0.3518 0.1490 0.2656 0.0749 0.1169 0.0417
93 0.0558 0.3315 0.3315 0.0628 0.0105 0.2075
94 0.1293 0.1659 0.1686 0.0803 0.0051 0.4509
95 0.0287 0.0198 0.1642 0.3215 0.0055 0.4604
96 0.0429 0.2489 0.5972 0.0692 0.0123 0.0295
97 0.0631 0.0317 0.3865 0.2739 0.0175 0.2272
98 0.0903 0.0227 0.1537 0.5708 0.0136 0.1489
99 0.0476 0.2986 0.4446 0.0918 0.0166 0.1008
100 0.0248 0.0569 0.1498 0.0713 0.0046 0.6924
101 0.1116 0.1444 0.2783 0.2827 0.0267 0.1561
102 0.0412 0.3762 0.4131 0.0801 0.0361 0.0533
103 0.0255 0.8105 0.0803 0.0709 0.0071 0.0056
104 0.0701 0.3792 0.4646 0.0432 0.0089 0.0339
105 0.0278 0.4517 0.3987 0.0709 0.0162 0.0348
106 0.0594 0.4187 0.3994 0.1010 0.0157 0.0059
107 0.1098 0.3833 0.3713 0.1187 0.0098 0.0070
108 0.0250 0.3481 0.4136 0.0644 0.0102 0.1385
109 0.0839 0.0839 0.5303 0.1860 0.0361 0.0800
110 0.1940 0.0592 0.2034 0.3860 0.0342 0.1234
111 0.1393 0.2644 0.4861 0.0638 0.0204 0.0262
112 0.2788 0.1425 0.3638 0.0979 0.0431 0.0739
113 0.0240 0.6396 0.2839 0.0196 0.0041 0.0285
114 0.0670 0.0506 0.4438 0.2163 0.0221 0.2001
115 0.3076 0.3379 0.2983 0.0322 0.0205 0.0034
116 0.0308 0.0584 0.3135 0.1403 0.0217 0.4353
117 0.0464 0.1022 0.1633 0.0403 0.0213 0.6265
118 0.0378 0.3066 0.3264 0.1919 0.0378 0.0995
119 0.0688 0.1691 0.3062 0.0603 0.0025 0.3931
120 0.0601 0.1054 0.5269 0.1582 0.0152 0.1343
121 0.0958 0.2427 0.3423 0.1278 0.0409 0.1506
122 0.0232 0.3279 0.3491 0.0856 0.0153 0.1989
123 0.0228 0.2756 0.5835 0.0534 0.0041 0.0605
124 0.2482 0.1154 0.2993 0.3042 0.0110 0.0219
125 0.0758 0.2158 0.6055 0.0609 0.0073 0.0347
126 0.0497 0.3142 0.4868 0.0770 0.0184 0.0538
127 0.0503 0.2893 0.3831 0.1525 0.0332 0.0917
128 0.1064 0.3984 0.2869 0.1355 0.0522 0.0205
129 0.0466 0.3018 0.5815 0.0347 0.0270 0.0084
130 0.1060 0.1519 0.1919 0.2583 0.0083 0.2837
131 0.1731 0.3015 0.3752 0.0553 0.0331 0.0617
132 0.0561 0.1323 0.7046 0.0698 0.0195 0.0178
133 0.1499 0.0423 0.1243 0.2800 0.3125 0.0909
134 0.0538 0.1193 0.2908 0.3096 0.0140 0.2126
135 0.0284 0.2776 0.2063 0.2301 0.0048 0.2527
136 0.0413 0.1251 0.3049 0.0596 0.0045 0.4648
137 0.0387 0.2075 0.5386 0.0563 0.0186 0.1405
138 0.0403 0.1804 0.5645 0.1061 0.0152 0.0936
139 0.0173 0.1788 0.6646 0.0679 0.0084 0.0633
140 0.0452 0.1382 0.1471 0.0950 0.0019 0.5728
141 0.0258 0.0482 0.3218 0.0826 0.0037 0.5181
142 0.0358 0.1119 0.5771 0.0740 0.0684 0.1328
143 0.0358 0.1394 0.5347 0.1290 0.0551 0.1061
144 0.0441 0.1826 0.5713 0.0830 0.0414 0.0773
145 0.0305 0.1294 0.5278 0.1235 0.0671 0.1215
146 0.0257 0.1008 0.6782 0.0626 0.0238 0.1090
147 0.0438 0.0199 0.1423 0.5718 0.0084 0.2137
148 0.0651 0.1040 0.0540 0.1378 0.0767 0.5625
149 0.0050 0.5293 0.4526 0.0050 0.0008 0.0073
150 0.0727 0.2852 0.4487 0.1316 0.0182 0.0434
151 0.0734 0.2280 0.5303 0.1146 0.0204 0.0334
152 0.0522 0.1417 0.1290 0.0509 0.2030 0.4231
153 0.0463 0.2903 0.4158 0.1229 0.0096 0.1154
154 0.0843 0.0503 0.2896 0.4924 0.0227 0.0607
155 0.1249 0.4570 0.2158 0.1060 0.0390 0.0572
156 0.0323 0.1720 0.3530 0.3420 0.0299 0.0706
157 0.1315 0.3687 0.3630 0.0992 0.0261 0.0117
158 0.0867 0.3486 0.1453 0.0364 0.3652 0.0178
159 0.1952 0.2954 0.1104 0.0266 0.3674 0.0050
160 0.1576 0.3840 0.2329 0.0389 0.1814 0.0050
161 0.1542 0.3164 0.3757 0.0160 0.1278 0.0097
162 0.0387 0.2125 0.6250 0.0228 0.0023 0.0989
163 0.0294 0.1278 0.4392 0.0728 0.0045 0.3264
164 0.0175 0.0201 0.1892 0.1952 0.0041 0.5737
165 0.0408 0.2810 0.5088 0.0524 0.0058 0.1110
166 0.0334 0.5059 0.3267 0.0866 0.0043 0.0428
167 0.0706 0.2791 0.3313 0.2278 0.0076 0.0838
168 0.0581 0.2522 0.5864 0.0390 0.0062 0.0581
169 0.0471 0.2114 0.5112 0.1132 0.0271 0.0902
170 0.1195 0.2651 0.1713 0.1224 0.2529 0.0687
171 0.0224 0.2529 0.5879 0.0560 0.0089 0.0719
172 0.0204 0.3911 0.2688 0.0846 0.1682 0.0669
173 0.0359 0.0738 0.1198 0.6680 0.0205 0.0823
174 0.0605 0.0802 0.4136 0.2549 0.0587 0.1322
175 0.0151 0.2340 0.5527 0.0931 0.0108 0.0945
176 0.1114 0.4270 0.2395 0.0655 0.0223 0.1344
177 0.0156 0.1365 0.7266 0.0615 0.0089 0.0510
178 0.0464 0.4539 0.3022 0.0966 0.0144 0.0866
179 0.0560 0.1132 0.4619 0.1409 0.0200 0.2081
180 0.0246 0.1066 0.1731 0.0261 0.0059 0.6636
181 0.0319 0.1620 0.2469 0.0670 0.0087 0.4834
182 0.0202 0.4312 0.3154 0.1561 0.0156 0.0616
183 0.1119 0.4192 0.3115 0.1128 0.0384 0.0062
184 0.0308 0.4219 0.3496 0.0545 0.0187 0.1247
185 0.1702 0.3179 0.2363 0.1929 0.0656 0.0171
186 0.0482 0.3560 0.5020 0.0195 0.0187 0.0555
187 0.0164 0.3254 0.5981 0.0184 0.0020 0.0395
188 0.0776 0.1819 0.5688 0.0490 0.0260 0.0966
189 0.0280 0.2307 0.5625 0.0947 0.0227 0.0616
190 0.0762 0.3691 0.2310 0.1664 0.0566 0.1009
191 0.0506 0.4919 0.2632 0.0626 0.0278 0.1039
192 0.0179 0.1606 0.6157 0.0659 0.0146 0.1251
193 0.0209 0.0361 0.2247 0.0937 0.0043 0.6201
194 0.0762 0.1946 0.0919 0.2104 0.0575 0.3694
195 0.0236 0.0274 0.5674 0.1100 0.0352 0.2366
196 0.0829 0.4663 0.3057 0.0947 0.0230 0.0273
197 0.0876 0.3721 0.4084 0.0710 0.0154 0.0455
198 0.2952 0.3398 0.2839 0.0399 0.0258 0.0153
199 0.0328 0.0105 0.2141 0.5381 0.0031 0.2012
200 0.0142 0.2925 0.6489 0.0197 0.0071 0.0174
201 0.0548 0.2496 0.2238 0.3467 0.1001 0.0251
202 0.1254 0.2871 0.1714 0.3462 0.0611 0.0087
203 0.0259 0.0206 0.2983 0.2360 0.0049 0.4143
204 0.0222 0.2203 0.5283 0.0267 0.0138 0.1885
205 0.1024 0.0359 0.1335 0.4883 0.0091 0.2307
206 0.0781 0.2106 0.5635 0.0711 0.0127 0.0637
207 0.0205 0.1654 0.5425 0.1191 0.0112 0.1415
208 0.0743 0.0767 0.5493 0.2253 0.0257 0.0487
209 0.1096 0.1417 0.2690 0.1750 0.1440 0.1606
210 0.0534 0.5146 0.2588 0.0397 0.0707 0.0624
211 0.0676 0.3567 0.3857 0.0714 0.0502 0.0686
212 0.2617 0.1538 0.3059 0.0588 0.0341 0.1855
213 0.0230 0.0228 0.2201 0.2067 0.0077 0.5195
214 0.0210 0.3232 0.2766 0.1100 0.0699 0.1992
215 0.0302 0.4072 0.2590 0.0754 0.0610 0.1671
216 0.2257 0.0739 0.1704 0.2944 0.0780 0.1576
217 0.2815 0.0474 0.1483 0.3240 0.0595 0.1393
218 0.0911 0.2678 0.3660 0.1514 0.0656 0.0583
219 0.0665 0.3123 0.5830 0.0228 0.0101 0.0053
220 0.2098 0.0630 0.1660 0.2571 0.0426 0.2612
221 0.2452 0.0526 0.0708 0.1499 0.0305 0.4509
222 0.0131 0.2245 0.2142 0.1776 0.0281 0.3423
223 0.0226 0.2605 0.3792 0.1221 0.0449 0.1709
224 0.0161 0.3193 0.4363 0.1069 0.0283 0.0929
225 0.0176 0.2490 0.4104 0.1176 0.0394 0.1659
226 0.0428 0.3064 0.1059 0.1238 0.3813 0.0399
227 0.0232 0.3005 0.1547 0.3682 0.1323 0.0211
228 0.1735 0.0638 0.3140 0.3613 0.0546 0.0328
229 0.2573 0.1178 0.3357 0.1825 0.0939 0.0129
230 0.2255 0.1057 0.3438 0.2438 0.0631 0.0182
231 0.1689 0.0773 0.2742 0.3809 0.0773 0.0213
232 0.1749 0.0966 0.2246 0.4539 0.0373 0.0128
233 0.1669 0.1260 0.4607 0.1981 0.0378 0.0107
234 0.1385 0.1282 0.3376 0.3074 0.0569 0.0314
