time exciting_prob fearful_prob tense_prob sad_prob relaxing_prob neutral_prob
0 0.1136 0.1553 0.1349 0.1288 0.0181 0.4492
1 0.0237 0.1893 0.1724 0.5396 0.0281 0.0471
2 0.0373 0.3767 0.1725 0.3538 0.0526 0.0072
3 0.0222 0.6108 0.1342 0.1952 0.0329 0.0048
4 0.0451 0.6572 0.1160 0.0932 0.0848 0.0037
5 0.0247 0.7319 0.1022 0.0809 0.0530 0.0073
6 0.0336 0.5630 0.1180 0.2206 0.0528 0.0120
7 0.1426 0.4822 0.2107 0.0493 0.1060 0.0093
8 0.0422 0.3508 0.3193 0.0674 0.2161 0.0040
9 0.0709 0.5322 0.1187 0.0947 0.1769 0.0069
10 0.1044 0.1321 0.3645 0.3022 0.0281 0.0685
11 0.0934 0.1614 0.3811 0.2788 0.0272 0.0584
12 0.0293 0.1332 0.3765 0.2776 0.1581 0.0256
13 0.0236 0.3213 0.4602 0.1371 0.0054 0.0524
14 0.0243 0.0916 0.4299 0.1750 0.2301 0.0490
15 0.0731 0.1454 0.5483 0.1431 0.0245 0.0655
16 0.0361 0.1044 0.2175 0.0800 0.0063 0.5557
17 0.0287 0.1249 0.2334 0.0988 0.0045 0.5098
18 0.0232 0.0697 0.0881 0.7153 0.0038 0.0999
19 0.2634 0.3774 0.2805 0.0523 0.0202 0.0060
20 0.0196 0.2705 0.1565 0.5054 0.0026 0.0456
21 0.0200 0.1451 0.6509 0.1779 0.0017 0.0045
22 0.1246 0.2556 0.1798 0.3777 0.0227 0.0395
23 0.0482 0.1967 0.1555 0.5781 0.0087 0.0129
24 0.0953 0.3652 0.0999 0.1821 0.0066 0.2510
25 0.0450 0.5532 0.2167 0.0427 0.0621 0.0803
26 0.0733 0.0545 0.1504 0.6846 0.0075 0.0298
27 0.0601 0.2284 0.3948 0.2096 0.0192 0.0881
28 0.1074 0.3010 0.2827 0.1456 0.0232 0.1400
29 0.1466 0.1810 0.1056 0.2759 0.0192 0.2717
30 0.1567 0.2299 0.0950 0.4033 0.0123 0.1028
31 0.1012 0.6699 0.1394 0.0590 0.0103 0.0199
32 0.1476 0.6611 0.1167 0.0587 0.0056 0.0101
33 0.0954 0.3032 0.1335 0.3987 0.0041 0.0651
34 0.0341 0.1626 0.3442 0.1504 0.1144 0.1946
35 0.0275 0.5103 0.3911 0.0591 0.0048 0.0076
36 0.0093 0.0768 0.0544 0.8384 0.0008 0.0203
37 0.1627 0.3113 0.2581 0.2241 0.0155 0.0285
38 0.1181 0.4563 0.1947 0.0775 0.0078 0.1458
39 0.0618 0.0768 0.3782 0.3904 0.0311 0.0618
40 0.0318 0.1890 0.1201 0.6099 0.0043 0.0449
41 0.1087 0.3535 0.2196 0.1290 0.0154 0.1737
42 0.0226 0.1654 0.5957 0.0885 0.0097 0.1182
43 0.1152 0.3899 0.3494 0.0523 0.0082 0.0850
44 0.1802 0.4124 0.1257 0.1746 0.0076 0.0995
45 0.0660 0.3538 0.4473 0.0854 0.0275 0.0201
46 0.1039 0.0284 0.2268 0.4878 0.0112 0.1420
47 0.0769 0.0355 0.0806 0.7070 0.0220 0.0781
48 0.1343 0.2690 0.2063 0.3376 0.0081 0.0446
49 0.1659 0.4075 0.1823 0.1365 0.0277 0.0802
50 0.1018 0.4597 0.1296 0.1349 0.0074 0.1665
51 0.0978 0.4248 0.1716 0.2169 0.0102 0.0786
52 0.0217 0.5503 0.2878 0.0956 0.0068 0.0378
53 0.1204 0.3945 0.1079 0.2432 0.0108 0.1232
54 0.0590 0.1229 0.1052 0.6543 0.0238 0.0347
55 0.0927 0.3416 0.0762 0.4285 0.0165 0.0445
56 0.0851 0.3291 0.3140 0.2484 0.0034 0.0201
57 0.1627 0.2349 0.0812 0.4421 0.0092 0.0699
58 0.1195 0.5073 0.1488 0.1571 0.0100 0.0573
59 0.2384 0.3208 0.2311 0.1033 0.0242 0.0824
60 0.1844 0.2620 0.1459 0.3582 0.0090 0.0405
61 0.2156 0.2461 0.0793 0.3811 0.0084 0.0694
62 0.0322 0.4841 0.2571 0.0433 0.0024 0.1809
63 0.0681 0.1793 0.1006 0.6255 0.0179 0.0085
64 0.1103 0.0859 0.4431 0.2861 0.0145 0.0600
65 0.0717 0.1890 0.1129 0.4463 0.0170 0.1630
66 0.0751 0.4062 0.1591 0.2727 0.0199 0.0668
67 0.1523 0.1837 0.1925 0.3225 0.0506 0.0983
68 0.0557 0.4624 0.1432 0.1040 0.0041 0.2307
69 0.0580 0.4453 0.1469 0.1423 0.0085 0.1991
70 0.0769 0.2837 0.1530 0.4126 0.0193 0.0546
71 0.0506 0.2551 0.2891 0.3711 0.0094 0.0247
72 0.0593 0.4595 0.3550 0.0352 0.0062 0.0850
73 0.1005 0.1792 0.1395 0.5063 0.0071 0.0670
74 0.1964 0.3066 0.0684 0.3501 0.0110 0.0674
75 0.0728 0.7231 0.1744 0.0173 0.0029 0.0094
76 0.1915 0.4631 0.1527 0.1025 0.0091 0.0811
77 0.2003 0.3079 0.2379 0.1957 0.0101 0.0480
78 0.0577 0.1113 0.1130 0.6924 0.0042 0.0211
79 0.1536 0.4048 0.1648 0.1500 0.0135 0.1133
80 0.0901 0.2798 0.2712 0.2096 0.1418 0.0074
81 0.0313 0.5210 0.2832 0.0949 0.0253 0.0441
82 0.2438 0.1990 0.1637 0.3464 0.0059 0.0414
83 0.1594 0.1271 0.1251 0.5352 0.0049 0.0482
84 0.0806 0.1859 0.3640 0.3210 0.0098 0.0387
85 0.0566 0.0993 0.1445 0.6274 0.0462 0.0259
86 0.0743 0.0398 0.3862 0.2200 0.0324 0.2473
87 0.1526 0.0843 0.1826 0.1335 0.0693 0.3777
88 0.1093 0.0818 0.3315 0.2522 0.0077 0.2174
89 0.2393 0.2213 0.3220 0.1157 0.0035 0.0982
90 0.0367 0.0248 0.4468 0.4329 0.0096 0.0493
91 0.1017 0.1349 0.3608 0.1493 0.0733 0.1801
92 0.1740 0.1398 0.5278 0.0565 0.0917 0.0104
93 0.0533 0.0880 0.6299 0.1438 0.0758 0.0094
94 0.0573 0.0867 0.3484 0.2820 0.0945 0.1312
95 0.0671 0.0189 0.3687 0.5078 0.0289 0.0085
96 0.1824 0.1511 0.4841 0.0931 0.0064 0.0828
97 0.1479 0.1813 0.5581 0.0641 0.0084 0.0401
98 0.0302 0.3345 0.5869 0.0088 0.0181 0.0214
99 0.0641 0.4119 0.2186 0.0683 0.1306 0.1066
100 0.0528 0.4814 0.3467 0.0380 0.0301 0.0511
101 0.0845 0.0546 0.3367 0.2107 0.0231 0.2903
102 0.1434 0.1587 0.3308 0.0646 0.0427 0.2598
103 0.1176 0.1037 0.6401 0.0649 0.0071 0.0665
104 0.0797 0.1344 0.7153 0.0397 0.0070 0.0241
105 0.0958 0.0252 0.1708 0.4097 0.0215 0.2771
106 0.1639 0.0541 0.1577 0.5459 0.0149 0.0632
107 0.0240 0.0438 0.6953 0.1267 0.0831 0.0270
108 0.0608 0.0617 0.4492 0.1328 0.1678 0.1277
109 0.0960 0.2180 0.2756 0.3826 0.0075 0.0203
110 0.1760 0.2191 0.3213 0.2124 0.0163 0.0550
111 0.0649 0.2976 0.1290 0.3821 0.1221 0.0044
112 0.1759 0.1858 0.2832 0.2122 0.1209 0.0220
113 0.0603 0.1448 0.1746 0.0336 0.5679 0.0187
114 0.1545 0.2113 0.2712 0.2096 0.0103 0.1429
115 0.1179 0.1400 0.4556 0.0970 0.0153 0.1742
116 0.1792 0.1139 0.2468 0.1631 0.0040 0.2930
117 0.1098 0.3804 0.3572 0.0535 0.0330 0.0661
118 0.1111 0.1920 0.4536 0.1111 0.0550 0.0770
119 0.2183 0.1896 0.3174 0.0931 0.1215 0.0601
120 0.0457 0.0635 0.5156 0.1987 0.0368 0.1398
121 0.0380 0.0823 0.3157 0.4595 0.0296 0.0750
122 0.1168 0.1089 0.6265 0.0514 0.0174 0.0790
123 0.0735 0.2301 0.4504 0.1332 0.0248 0.0880
124 0.0903 0.2378 0.5884 0.0440 0.0036 0.0359
125 0.1536 0.0597 0.1824 0.4375 0.0072 0.1597
126 0.1819 0.1147 0.1891 0.0966 0.0145 0.4033
127 0.0814 0.2732 0.3618 0.1157 0.1643 0.0037
128 0.0811 0.2849 0.4924 0.0940 0.0253 0.0222
129 0.0164 0.0677 0.4351 0.4153 0.0285 0.0371
130 0.0590 0.0734 0.6050 0.0825 0.0751 0.1051
131 0.0515 0.1161 0.5083 0.1265 0.1378 0.0598
132 0.0723 0.1393 0.4568 0.2208 0.0684 0.0425
133 0.0597 0.0620 0.2590 0.2217 0.0433 0.3542
134 0.0271 0.0397 0.2146 0.2756 0.0665 0.3767
135 0.1104 0.0573 0.2448 0.2710 0.0457 0.2710
136 0.0387 0.2771 0.5176 0.1035 0.0358 0.0272
137 0.0398 0.0216 0.8306 0.0507 0.0365 0.0210
138 0.0828 0.1196 0.3174 0.0895 0.0046 0.3860
139 0.2698 0.2615 0.1688 0.0437 0.2184 0.0380
140 0.1923 0.2712 0.2954 0.0713 0.1375 0.0324
141 0.0610 0.0708 0.4878 0.1925 0.0403 0.1476
142 0.1583 0.0888 0.2610 0.0822 0.1487 0.2610
143 0.0376 0.3320 0.1281 0.3025 0.1835 0.0164
144 0.0352 0.0306 0.0668 0.7290 0.1287 0.0098
145 0.0077 0.1414 0.0452 0.7407 0.0576 0.0075
146 0.0087 0.1322 0.1013 0.6870 0.0587 0.0121
147 0.0178 0.1786 0.1247 0.5249 0.1370 0.0170
148 0.0463 0.3091 0.3643 0.1011 0.1299 0.0493
149 0.0267 0.2419 0.2764 0.2576 0.1730 0.0243
150 0.0186 0.2773 0.5962 0.0654 0.0272 0.0153
151 0.0279 0.1060 0.0297 0.7476 0.0813 0.0074
152 0.0222 0.3853 0.3347 0.1968 0.0450 0.0161
153 0.0922 0.3762 0.2449 0.0966 0.0482 0.1417
154 0.0563 0.6704 0.1631 0.0533 0.0121 0.0446
155 0.0417 0.6216 0.1431 0.0939 0.0108 0.0889
156 0.0031 0.0438 0.0207 0.9214 0.0098 0.0010
157 0.0060 0.1312 0.0426 0.7915 0.0277 0.0009
158 0.0158 0.1702 0.0389 0.7510 0.0229 0.0013
159 0.0139 0.2566 0.0429 0.6450 0.0403 0.0012
160 0.0807 0.3672 0.3503 0.1299 0.0140 0.0576
161 0.1013 0.4685 0.1710 0.1792 0.0155 0.0644
162 0.0435 0.1200 0.7124 0.0229 0.0995 0.0018
163 0.0545 0.1948 0.4976 0.1505 0.0558 0.0466
164 0.0386 0.0294 0.6792 0.1691 0.0641 0.0196
165 0.0679 0.1069 0.7305 0.0471 0.0361 0.0114
166 0.0440 0.1097 0.6831 0.0447 0.0635 0.0552
167 0.0666 0.2167 0.5078 0.0939 0.0305 0.0848
168 0.0365 0.0977 0.5200 0.0561 0.2783 0.0111
169 0.0942 0.1404 0.4189 0.1963 0.0320 0.1182
170 0.0953 0.0560 0.3513 0.3738 0.0198 0.1038
171 0.0689 0.1318 0.3699 0.2542 0.0248 0.1505
172 0.0764 0.1761 0.4531 0.0806 0.0723 0.1415
173 0.0872 0.3999 0.2971 0.1831 0.0205 0.0122
174 0.0601 0.0848 0.6025 0.0754 0.1571 0.0201
175 0.0586 0.0958 0.6152 0.1876 0.0412 0.0019
176 0.0328 0.2944 0.3389 0.2223 0.0898 0.0217
177 0.0240 0.4856 0.2810 0.1127 0.0608 0.0360
178 0.1104 0.1671 0.5562 0.0659 0.0416 0.0587
179 0.1208 0.1266 0.3931 0.2188 0.0756 0.0652
180 0.0941 0.1153 0.4089 0.2681 0.0934 0.0202
181 0.0718 0.0937 0.6816 0.0718 0.0471 0.0342
182 0.1203 0.1147 0.4102 0.2144 0.0735 0.0670
183 0.0338 0.0947 0.6782 0.0889 0.0917 0.0129
184 0.1331 0.2815 0.0839 0.2092 0.0533 0.2390
185 0.1360 0.4495 0.1093 0.1437 0.0369 0.1248
186 0.0266 0.5063 0.3071 0.0873 0.0083 0.0644
187 0.1276 0.4739 0.2637 0.0380 0.0098 0.0870
188 0.0615 0.7207 0.1534 0.0273 0.0099 0.0269
189 0.1006 0.1409 0.1224 0.6025 0.0255 0.0083
190 0.0236 0.1676 0.3494 0.4417 0.0096 0.0081
191 0.0261 0.0477 0.0756 0.7515 0.0756 0.0236
192 0.2255 0.2808 0.2363 0.1188 0.1125 0.0261
193 0.0542 0.1450 0.4001 0.3318 0.0256 0.0432
194 0.0231 0.0389 0.1962 0.4285 0.2944 0.0191
195 0.0607 0.1017 0.5991 0.0750 0.0263 0.1368
196 0.0328 0.1100 0.3364 0.2056 0.2620 0.0532
197 0.0233 0.0943 0.6543 0.0813 0.1309 0.0159
198 0.0341 0.1338 0.4319 0.0898 0.2810 0.0296
199 0.0897 0.0421 0.6733 0.1170 0.0607 0.0173
200 0.0696 0.1140 0.6162 0.0952 0.1030 0.0021
201 0.0754 0.0487 0.5234 0.1597 0.1205 0.0720
202 0.0241 0.1345 0.1324 0.6938 0.0101 0.0051
203 0.0375 0.1920 0.2544 0.4980 0.0150 0.0030
204 0.0427 0.1990 0.3774 0.2720 0.0933 0.0157
205 0.0224 0.6060 0.1631 0.1722 0.0086 0.0275
206 0.0750 0.4666 0.2346 0.1638 0.0145 0.0455
207 0.0723 0.1288 0.4426 0.1680 0.0125 0.1760
208 0.1395 0.0990 0.5967 0.0765 0.0237 0.0644
209 0.0794 0.0907 0.5820 0.1259 0.0826 0.0393
210 0.0649 0.1166 0.4333 0.2338 0.0659 0.0853
211 0.0216 0.0498 0.6025 0.2472 0.0265 0.0526
212 0.0719 0.0578 0.5879 0.1808 0.0573 0.0443
213 0.0190 0.5303 0.2212 0.2045 0.0041 0.0207
214 0.0335 0.4846 0.2915 0.1537 0.0181 0.0186
215 0.0286 0.1807 0.3594 0.3271 0.0061 0.0982
216 0.0798 0.0667 0.3721 0.3389 0.0553 0.0870
217 0.0293 0.0530 0.7788 0.0853 0.0264 0.0273
218 0.0234 0.3660 0.4243 0.1160 0.0133 0.0570
219 0.1389 0.4246 0.3257 0.0631 0.0085 0.0392
220 0.0742 0.1674 0.0868 0.6118 0.0062 0.0535
221 0.1398 0.0468 0.1454 0.4768 0.0186 0.1726
222 0.0391 0.2411 0.1486 0.3428 0.0789 0.1497
223 0.0493 0.2930 0.3022 0.1497 0.0586 0.1473
224 0.0411 0.0234 0.6431 0.0856 0.1677 0.0392
225 0.0288 0.0999 0.1986 0.0841 0.0050 0.5835
226 0.0428 0.1425 0.4321 0.1425 0.0126 0.2277
227 0.0298 0.1198 0.2576 0.5625 0.0077 0.0223
228 0.0181 0.1306 0.2991 0.5166 0.0166 0.0188
229 0.0522 0.0784 0.2064 0.5107 0.0714 0.0808
230 0.0268 0.1772 0.3582 0.4187 0.0150 0.0041
231 0.1224 0.1334 0.1986 0.4766 0.0302 0.0388
232 0.0421 0.2769 0.2947 0.3445 0.0143 0.0274
233 0.0427 0.1660 0.2473 0.2781 0.2473 0.0185
234 0.0411 0.1931 0.2639 0.2423 0.2423 0.0172
235 0.1609 0.2891 0.1365 0.1312 0.2433 0.0391
236 0.1011 0.3755 0.1482 0.2313 0.1360 0.0079
