time exciting_prob fearful_prob tense_prob sad_prob relaxing_prob neutral_prob
0 0.1151 0.0232 0.3772 0.4622 0.0198 0.0027
1 0.1121 0.0248 0.6152 0.2300 0.0154 0.0023
2 0.1012 0.0277 0.6104 0.2410 0.0183 0.0014
3 0.3677 0.4070 0.0324 0.1451 0.0419 0.0059
4 0.3210 0.5771 0.0516 0.0358 0.0139 0.0006
5 0.2864 0.0332 0.1271 0.3977 0.1487 0.0068
6 0.3491 0.0392 0.2554 0.2896 0.0636 0.0033
7 0.2922 0.0229 0.1857 0.3811 0.1075 0.0106
8 0.4712 0.1052 0.1035 0.3091 0.0087 0.0023
9 0.1857 0.0905 0.1976 0.5049 0.0136 0.0079
10 0.5991 0.0310 0.0368 0.3159 0.0111 0.0058
11 0.7080 0.0614 0.0489 0.1681 0.0085 0.0053
12 0.7271 0.1234 0.0354 0.1098 0.0032 0.0012
13 0.0873 0.0235 0.1417 0.6655 0.0304 0.0513
14 0.1688 0.0552 0.0810 0.6680 0.0152 0.0119
15 0.1833 0.0478 0.1202 0.4331 0.1078 0.1078
16 0.1265 0.2678 0.1082 0.1624 0.3035 0.0317
17 0.2825 0.1741 0.0714 0.2035 0.2417 0.0269
18 0.2399 0.1345 0.0842 0.3489 0.1477 0.0447
19 0.1259 0.2389 0.1919 0.4192 0.0070 0.0172
20 0.6245 0.1980 0.1164 0.0231 0.0326 0.0054
21 0.5649 0.1807 0.0795 0.1130 0.0413 0.0204
22 0.1393 0.1230 0.1628 0.3188 0.1790 0.0770
23 0.3184 0.1564 0.1075 0.1564 0.2240 0.0374
24 0.4617 0.1464 0.1398 0.0938 0.1464 0.0119
25 0.2156 0.2156 0.2520 0.1067 0.2057 0.0046
26 0.2971 0.3877 0.1268 0.0740 0.0914 0.0231
27 0.1737 0.0820 0.1281 0.4299 0.1451 0.0413
28 0.5562 0.2078 0.1028 0.0873 0.0446 0.0014
29 0.2629 0.2800 0.1985 0.1895 0.0494 0.0198
30 0.2737 0.3174 0.1794 0.1647 0.0454 0.0192
31 0.0809 0.0903 0.2573 0.5361 0.0230 0.0124
32 0.1187 0.1072 0.1133 0.6123 0.0143 0.0340
33 0.1594 0.2908 0.2842 0.2488 0.0066 0.0103
34 0.2849 0.1598 0.3330 0.2068 0.0137 0.0018
35 0.0773 0.3494 0.1770 0.3928 0.0021 0.0014
36 0.4983 0.0347 0.2487 0.0654 0.1212 0.0319
37 0.1971 0.0305 0.0725 0.5112 0.0063 0.1823
38 0.2175 0.0358 0.1542 0.4395 0.0059 0.1472
39 0.2074 0.0207 0.1059 0.5547 0.0148 0.0964
40 0.2417 0.1335 0.2455 0.3408 0.0064 0.0320
41 0.1481 0.1256 0.3992 0.2744 0.0515 0.0011
42 0.4236 0.0796 0.2957 0.1685 0.0321 0.0007
43 0.3198 0.1293 0.2610 0.2452 0.0433 0.0013
44 0.5229 0.1055 0.0681 0.2303 0.0464 0.0265
45 0.2151 0.3206 0.2764 0.0335 0.1538 0.0009
46 0.1365 0.3433 0.3828 0.0137 0.1234 0.0004
47 0.5312 0.1865 0.2180 0.0223 0.0163 0.0256
48 0.2021 0.2186 0.3633 0.1625 0.0261 0.0276
49 0.0845 0.0306 0.1980 0.6494 0.0274 0.0102
50 0.0246 0.0246 0.0821 0.8555 0.0118 0.0015
51 0.2856 0.2661 0.1163 0.2725 0.0536 0.0059
52 0.5039 0.1304 0.1334 0.0882 0.0245 0.1196
53 0.0665 0.3052 0.2083 0.2198 0.0547 0.1454
54 0.3748 0.0274 0.1855 0.2537 0.0836 0.0750
55 0.3174 0.2715 0.1114 0.1880 0.0909 0.0211
56 0.4104 0.2197 0.1354 0.1671 0.0461 0.0214
57 0.4067 0.1439 0.1300 0.2355 0.0564 0.0275
58 0.0904 0.0575 0.0540 0.7808 0.0165 0.0008
59 0.0306 0.0613 0.0825 0.8071 0.0077 0.0108
60 0.1344 0.2673 0.0430 0.4878 0.0416 0.0258
61 0.1489 0.0276 0.0737 0.7104 0.0340 0.0052
62 0.1180 0.0210 0.1237 0.6582 0.0469 0.0325
63 0.2585 0.1250 0.1709 0.3943 0.0244 0.0266
64 0.1609 0.2083 0.1039 0.4619 0.0543 0.0106
65 0.4419 0.1066 0.1785 0.1758 0.0280 0.0693
66 0.2384 0.2275 0.3579 0.0575 0.0303 0.0884
67 0.1724 0.1521 0.1594 0.4949 0.0148 0.0064
68 0.4121 0.1403 0.3469 0.0566 0.0352 0.0089
69 0.0248 0.0629 0.0859 0.8154 0.0053 0.0058
70 0.1332 0.0490 0.1710 0.6064 0.0026 0.0379
71 0.0232 0.0606 0.0433 0.8628 0.0068 0.0036
72 0.0108 0.0246 0.0331 0.9243 0.0040 0.0032
73 0.1116 0.0970 0.1783 0.5757 0.0101 0.0271
74 0.3196 0.1417 0.2954 0.1792 0.0281 0.0359
75 0.1954 0.4138 0.2180 0.0297 0.1105 0.0324
76 0.2301 0.3618 0.2776 0.0299 0.0542 0.0464
77 0.0498 0.2822 0.3052 0.1685 0.1836 0.0108
78 0.0355 0.4421 0.1296 0.3840 0.0082 0.0005
79 0.0944 0.1332 0.4832 0.2449 0.0306 0.0138
80 0.1403 0.1602 0.2312 0.3933 0.0481 0.0270
81 0.1176 0.0916 0.0959 0.6353 0.0316 0.0279
82 0.0724 0.0514 0.0676 0.7729 0.0241 0.0116
83 0.6675 0.0312 0.0503 0.0939 0.0420 0.1151
84 0.5020 0.0735 0.0718 0.1508 0.0679 0.1340
85 0.1202 0.2839 0.4131 0.1580 0.0066 0.0183
86 0.2108 0.3264 0.2316 0.0318 0.0104 0.1890
87 0.1888 0.4973 0.1787 0.0438 0.0250 0.0663
88 0.7197 0.0582 0.0262 0.1486 0.0195 0.0277
89 0.1587 0.0303 0.0448 0.1057 0.6577 0.0028
90 0.1676 0.1813 0.4282 0.1650 0.0462 0.0117
91 0.4019 0.1586 0.1326 0.0737 0.2255 0.0078
92 0.2200 0.4548 0.1168 0.0650 0.1323 0.0111
93 0.0435 0.1028 0.6006 0.1361 0.0041 0.1129
94 0.2539 0.1092 0.1539 0.3635 0.0402 0.0792
95 0.2856 0.1963 0.0734 0.3018 0.0047 0.1382
96 0.2859 0.2371 0.2297 0.2092 0.0102 0.0279
97 0.2610 0.2891 0.1313 0.1293 0.0991 0.0902
98 0.3792 0.1231 0.0826 0.0937 0.0482 0.2732
99 0.3335 0.0727 0.1504 0.1033 0.2722 0.0677
100 0.0045 0.0270 0.0529 0.0316 0.8403 0.0438
101 0.0064 0.0305 0.0234 0.0310 0.8921 0.0163
102 0.0472 0.4309 0.2893 0.0682 0.0132 0.1512
103 0.0950 0.0378 0.3760 0.0493 0.4128 0.0290
104 0.0090 0.1348 0.7061 0.1135 0.0103 0.0261
105 0.6470 0.1082 0.0836 0.0253 0.1335 0.0022
106 0.0950 0.5176 0.2026 0.0558 0.1110 0.0181
107 0.2856 0.1577 0.3313 0.0787 0.1392 0.0077
108 0.3708 0.2214 0.2510 0.0555 0.0847 0.0167
109 0.2629 0.1558 0.1849 0.0543 0.3401 0.0020
110 0.6812 0.0449 0.0416 0.2111 0.0164 0.0050
111 0.7158 0.0939 0.0574 0.1187 0.0092 0.0048
112 0.2422 0.0431 0.1285 0.5288 0.0544 0.0028
113 0.4785 0.1268 0.1979 0.1404 0.0545 0.0019
114 0.3752 0.3525 0.1034 0.0768 0.0584 0.0338
115 0.3264 0.3237 0.0812 0.0972 0.1415 0.0299
116 0.1849 0.1121 0.4436 0.1710 0.0860 0.0025
117 0.0531 0.0565 0.4810 0.3804 0.0271 0.0020
118 0.3572 0.1610 0.1741 0.2847 0.0203 0.0029
119 0.4202 0.0569 0.1522 0.2756 0.0131 0.0821
120 0.3464 0.2939 0.2457 0.0656 0.0427 0.0056
121 0.0348 0.1149 0.0560 0.7495 0.0397 0.0050
122 0.1005 0.2195 0.5186 0.1037 0.0446 0.0132
123 0.0533 0.1593 0.5063 0.2467 0.0283 0.0062
124 0.0819 0.2279 0.0220 0.6543 0.0096 0.0042
125 0.1372 0.0712 0.1761 0.2903 0.0393 0.2859
126 0.2583 0.2583 0.2544 0.0292 0.1519 0.0478
127 0.5078 0.2324 0.0869 0.1636 0.0071 0.0023
128 0.4526 0.3638 0.0166 0.1577 0.0090 0.0004
129 0.1862 0.0460 0.0250 0.6011 0.1202 0.0217
130 0.2705 0.0524 0.1426 0.2971 0.0485 0.1888
131 0.1979 0.1787 0.3162 0.1318 0.0375 0.1381
132 0.5508 0.1788 0.0668 0.0695 0.0438 0.0900
133 0.2065 0.1713 0.2377 0.1940 0.1713 0.0194
134 0.2167 0.2167 0.3572 0.1345 0.0579 0.0172
135 0.2111 0.3972 0.3762 0.0135 0.0015 0.0005
136 0.5669 0.2964 0.0985 0.0236 0.0036 0.0107
137 0.1225 0.2573 0.0969 0.4883 0.0178 0.0174
138 0.1163 0.2207 0.1011 0.4189 0.1307 0.0122
139 0.4241 0.2133 0.1622 0.1796 0.0105 0.0104
140 0.1949 0.1542 0.3530 0.2465 0.0331 0.0184
141 0.1979 0.2463 0.4189 0.0942 0.0306 0.0121
142 0.0504 0.3721 0.5327 0.0120 0.0105 0.0223
143 0.2457 0.3057 0.2534 0.1537 0.0340 0.0073
144 0.0941 0.1552 0.0392 0.7061 0.0008 0.0046
145 0.3635 0.0225 0.0306 0.4893 0.0308 0.0632
146 0.5381 0.1093 0.0489 0.2705 0.0219 0.0115
147 0.3508 0.0982 0.0189 0.4988 0.0183 0.0149
148 0.3042 0.5259 0.1309 0.0147 0.0081 0.0165
149 0.1901 0.0363 0.0144 0.7402 0.0064 0.0127
150 0.2910 0.1113 0.0506 0.4836 0.0158 0.0475
151 0.2402 0.1638 0.1266 0.4282 0.0133 0.0278
152 0.0312 0.1235 0.0810 0.0962 0.6680 0.0002
153 0.0203 0.1958 0.0552 0.0454 0.6831 0.0000
154 0.0478 0.1483 0.6748 0.0886 0.0304 0.0101
155 0.0429 0.2393 0.1984 0.0486 0.4685 0.0022
156 0.0251 0.2499 0.2275 0.1539 0.3311 0.0125
157 0.1458 0.2056 0.4634 0.0545 0.0181 0.1127
158 0.3987 0.4519 0.1000 0.0118 0.0126 0.0251
159 0.1804 0.2883 0.3118 0.2045 0.0079 0.0073
160 0.0959 0.2795 0.1193 0.4944 0.0025 0.0082
161 0.0231 0.0576 0.0172 0.0384 0.8608 0.0030
162 0.0470 0.6284 0.0811 0.2240 0.0173 0.0023
163 0.0511 0.1572 0.6416 0.0511 0.0829 0.0161
164 0.1764 0.0586 0.0381 0.6157 0.0505 0.0605
165 0.2045 0.1508 0.0390 0.5776 0.0160 0.0120
166 0.3157 0.1179 0.1025 0.2103 0.0298 0.2239
167 0.2321 0.1865 0.2844 0.2671 0.0073 0.0226
168 0.0618 0.3215 0.1949 0.0740 0.0361 0.3115
169 0.4111 0.1897 0.0737 0.2983 0.0138 0.0131
170 0.3369 0.3396 0.1831 0.0422 0.0375 0.0609
171 0.1208 0.1135 0.5947 0.1327 0.0177 0.0204
172 0.2576 0.4812 0.1326 0.1161 0.0110 0.0018
173 0.1039 0.1797 0.1741 0.4048 0.0682 0.0693
174 0.2847 0.4880 0.1768 0.0083 0.0124 0.0300
175 0.1554 0.5015 0.1654 0.0127 0.0321 0.1329
176 0.3408 0.0359 0.0588 0.5278 0.0079 0.0286
177 0.2998 0.1847 0.0456 0.4033 0.0196 0.0471
178 0.1082 0.5757 0.0630 0.0804 0.0454 0.1274
179 0.4050 0.2827 0.0883 0.1245 0.0130 0.0862
180 0.1000 0.2085 0.1016 0.5493 0.0130 0.0276
181 0.2333 0.4788 0.1137 0.1530 0.0184 0.0029
182 0.5244 0.1295 0.1125 0.1898 0.0287 0.0152
183 0.3679 0.0991 0.0620 0.4106 0.0327 0.0277
184 0.4939 0.0988 0.1831 0.1890 0.0299 0.0052
185 0.1925 0.0410 0.1205 0.6411 0.0034 0.0015
186 0.1466 0.0476 0.1090 0.6890 0.0061 0.0018
187 0.2629 0.1322 0.2015 0.3650 0.0260 0.0122
188 0.3743 0.0544 0.0305 0.4883 0.0116 0.0410
189 0.4036 0.0820 0.1891 0.2688 0.0092 0.0475
190 0.0337 0.0420 0.0353 0.5884 0.2959 0.0046
191 0.3569 0.0606 0.1740 0.2034 0.1215 0.0835
192 0.0233 0.0964 0.4861 0.3669 0.0033 0.0240
193 0.1682 0.0893 0.6201 0.0595 0.0093 0.0537
194 0.2343 0.2676 0.1957 0.2695 0.0101 0.0228
195 0.1241 0.2546 0.0735 0.4832 0.0475 0.0171
196 0.0199 0.1127 0.0532 0.6899 0.1162 0.0079
197 0.2135 0.4519 0.1884 0.1074 0.0362 0.0026
198 0.1365 0.2800 0.1302 0.1752 0.1595 0.1185
199 0.3787 0.1628 0.1903 0.2522 0.0118 0.0043
200 0.3630 0.1367 0.2345 0.2495 0.0149 0.0013
201 0.3206 0.0346 0.0469 0.4666 0.0154 0.1161
202 0.4114 0.2236 0.0810 0.1958 0.0612 0.0269
203 0.1323 0.4805 0.2067 0.0188 0.0263 0.1355
204 0.1398 0.4077 0.2397 0.0345 0.0351 0.1432
205 0.2313 0.4092 0.3064 0.0338 0.0188 0.0005
206 0.4714 0.3291 0.1278 0.0581 0.0036 0.0101
207 0.1428 0.0513 0.4299 0.2954 0.0108 0.0696
208 0.3228 0.1525 0.0570 0.3984 0.0368 0.0325
209 0.0184 0.3179 0.3545 0.2634 0.0089 0.0368
210 0.1016 0.4448 0.3926 0.0083 0.0202 0.0327
211 0.1588 0.5503 0.1992 0.0036 0.0177 0.0705
212 0.1788 0.4861 0.2123 0.0117 0.0268 0.0845
213 0.1562 0.5586 0.2239 0.0065 0.0289 0.0259
214 0.2976 0.1260 0.1061 0.4609 0.0087 0.0006
215 0.4790 0.1183 0.1847 0.1996 0.0180 0.0006
216 0.1793 0.2910 0.1606 0.0494 0.0707 0.2489
217 0.1315 0.5625 0.1755 0.0178 0.0273 0.0856
218 0.0292 0.0974 0.0648 0.7900 0.0153 0.0034
219 0.1586 0.1611 0.6323 0.0359 0.0113 0.0008
220 0.1077 0.0314 0.1921 0.6299 0.0126 0.0264
221 0.1131 0.1570 0.1364 0.1282 0.0182 0.4473
222 0.1131 0.1570 0.1364 0.1282 0.0182 0.4473
223 0.5469 0.1484 0.0281 0.1138 0.0820 0.0807
224 0.5454 0.1479 0.0282 0.1152 0.0829 0.0804
225 0.5522 0.1462 0.0281 0.1130 0.0827 0.0777
226 0.5488 0.1477 0.0280 0.1141 0.0822 0.0790
227 0.5488 0.1477 0.0280 0.1141 0.0822 0.0790
228 0.5444 0.1477 0.0284 0.1160 0.0816 0.0816
229 0.5444 0.1477 0.0284 0.1160 0.0816 0.0816
230 0.5444 0.1477 0.0284 0.1160 0.0816 0.0816
231 0.5444 0.1477 0.0284 0.1160 0.0816 0.0816
232 0.5444 0.1477 0.0284 0.1160 0.0816 0.0816
