time exciting_prob fearful_prob tense_prob sad_prob relaxing_prob neutral_prob
0 0.0729 0.1449 0.2883 0.4678 0.0163 0.0098
1 0.0446 0.4473 0.4988 0.0071 0.0016 0.0008
2 0.1479 0.1116 0.5244 0.1246 0.0123 0.0792
3 0.1249 0.3142 0.4429 0.1069 0.0061 0.0050
4 0.0783 0.1251 0.5269 0.0945 0.1292 0.0461
5 0.1049 0.5083 0.3718 0.0110 0.0036 0.0007
6 0.0787 0.1978 0.4121 0.1381 0.0266 0.1470
7 0.1935 0.1555 0.2771 0.3503 0.0130 0.0106
8 0.1046 0.2712 0.3376 0.2588 0.0085 0.0192
9 0.1125 0.1638 0.4382 0.1357 0.0222 0.1276
10 0.0682 0.2573 0.4807 0.0977 0.0199 0.0760
11 0.1104 0.1968 0.4038 0.1509 0.0359 0.1021
12 0.0413 0.2233 0.7207 0.0087 0.0016 0.0042
13 0.0257 0.2186 0.7280 0.0169 0.0013 0.0095
14 0.1071 0.4104 0.2568 0.0983 0.0235 0.1038
15 0.2771 0.3447 0.3240 0.0258 0.0210 0.0075
16 0.1144 0.3159 0.5459 0.0143 0.0035 0.0064
17 0.1487 0.2651 0.4302 0.1418 0.0121 0.0020
18 0.0691 0.2507 0.6206 0.0388 0.0060 0.0149
19 0.1320 0.3215 0.5386 0.0050 0.0017 0.0012
20 0.0362 0.3247 0.5791 0.0530 0.0011 0.0059
21 0.0988 0.5059 0.2881 0.0958 0.0028 0.0088
22 0.0466 0.6855 0.1707 0.0928 0.0016 0.0030
23 0.1072 0.7378 0.1465 0.0058 0.0015 0.0010
24 0.1499 0.2472 0.5791 0.0175 0.0011 0.0051
25 0.1379 0.7456 0.1083 0.0053 0.0023 0.0007
26 0.0235 0.6416 0.1647 0.1523 0.0128 0.0052
27 0.0184 0.2539 0.7231 0.0020 0.0005 0.0024
28 0.2111 0.3562 0.4102 0.0107 0.0076 0.0042
29 0.0057 0.6440 0.2407 0.1085 0.0002 0.0007
30 0.1704 0.3389 0.4705 0.0112 0.0049 0.0043
31 0.0638 0.2524 0.6348 0.0381 0.0026 0.0084
32 0.0915 0.1290 0.2126 0.5264 0.0077 0.0329
33 0.0373 0.0456 0.3071 0.5737 0.0036 0.0329
34 0.0903 0.2272 0.1854 0.4734 0.0125 0.0113
35 0.0500 0.7812 0.1041 0.0622 0.0014 0.0010
36 0.0717 0.5381 0.1426 0.2351 0.0039 0.0086
37 0.2971 0.3213 0.1693 0.0366 0.0064 0.1693
38 0.2986 0.3279 0.1700 0.0583 0.0095 0.1356
39 0.0576 0.7646 0.1393 0.0363 0.0010 0.0012
40 0.0095 0.7578 0.0775 0.1541 0.0007 0.0003
41 0.0163 0.8535 0.0872 0.0428 0.0002 0.0002
42 0.1554 0.4785 0.2333 0.1248 0.0033 0.0048
43 0.0409 0.7832 0.1102 0.0643 0.0010 0.0007
44 0.1857 0.0824 0.1588 0.1218 0.0058 0.4456
45 0.1548 0.2397 0.1454 0.0398 0.0059 0.4143
46 0.1722 0.2247 0.4683 0.0521 0.0055 0.0770
47 0.2720 0.4050 0.2556 0.0298 0.0108 0.0267
48 0.0255 0.7466 0.1801 0.0445 0.0017 0.0017
49 0.0842 0.8184 0.0856 0.0095 0.0016 0.0009
50 0.1749 0.2883 0.2246 0.0929 0.0113 0.2078
51 0.2449 0.2449 0.1656 0.0353 0.0093 0.3000
52 0.3118 0.3069 0.2142 0.0292 0.0080 0.1299
53 0.2532 0.2825 0.3743 0.0465 0.0216 0.0218
54 0.3091 0.2446 0.2603 0.0375 0.0112 0.1372
55 0.1268 0.1137 0.2091 0.2261 0.0103 0.3140
56 0.3008 0.2939 0.3203 0.0401 0.0089 0.0359
57 0.1538 0.1469 0.1637 0.2742 0.0117 0.2498
58 0.1797 0.2739 0.3057 0.0869 0.0171 0.1367
59 0.2148 0.2115 0.2148 0.1548 0.0116 0.1926
60 0.2534 0.2134 0.3518 0.1294 0.0136 0.0383
61 0.0553 0.4021 0.5327 0.0079 0.0006 0.0014
62 0.0941 0.2089 0.2600 0.3901 0.0041 0.0428
63 0.1393 0.3813 0.3997 0.0684 0.0016 0.0096
64 0.2474 0.5361 0.1741 0.0284 0.0092 0.0048
65 0.0949 0.7295 0.1328 0.0355 0.0046 0.0028
66 0.1962 0.1017 0.4707 0.1652 0.0118 0.0545
67 0.1229 0.2949 0.4712 0.0812 0.0027 0.0270
68 0.0241 0.6724 0.2117 0.0855 0.0029 0.0032
69 0.1101 0.1577 0.2947 0.1732 0.0045 0.2600
70 0.1528 0.1267 0.3286 0.2810 0.0036 0.1075
71 0.0689 0.6143 0.2368 0.0504 0.0035 0.0262
72 0.0090 0.5542 0.4316 0.0039 0.0003 0.0009
73 0.2678 0.1456 0.3281 0.1841 0.0076 0.0667
74 0.2175 0.3020 0.3879 0.0623 0.0123 0.0180
75 0.0912 0.1049 0.1650 0.4487 0.0488 0.1412
76 0.1195 0.3430 0.4617 0.0403 0.0182 0.0172
77 0.4563 0.2207 0.1815 0.0576 0.0226 0.0613
78 0.0893 0.4329 0.3293 0.1120 0.0088 0.0279
79 0.0873 0.4299 0.4436 0.0348 0.0034 0.0009
80 0.1538 0.3491 0.3896 0.0940 0.0119 0.0015
81 0.3313 0.2747 0.3582 0.0053 0.0176 0.0131
82 0.0723 0.2603 0.5776 0.0638 0.0118 0.0141
83 0.1003 0.2996 0.5684 0.0168 0.0046 0.0102
84 0.1023 0.3252 0.3201 0.1912 0.0226 0.0388
85 0.0800 0.0763 0.0935 0.4531 0.0181 0.2791
86 0.1179 0.3633 0.3633 0.1295 0.0060 0.0200
87 0.5586 0.2328 0.0462 0.0232 0.0301 0.1091
88 0.1991 0.5410 0.2222 0.0171 0.0101 0.0104
89 0.0950 0.4001 0.4751 0.0238 0.0040 0.0019
90 0.1279 0.4607 0.3818 0.0196 0.0052 0.0048
91 0.1230 0.4097 0.3674 0.0833 0.0092 0.0074
92 0.1863 0.4832 0.2886 0.0311 0.0035 0.0075
93 0.0753 0.6558 0.1752 0.0853 0.0027 0.0056
94 0.1289 0.3142 0.3789 0.1531 0.0058 0.0190
95 0.1154 0.4492 0.3499 0.0470 0.0153 0.0233
96 0.0898 0.5903 0.2639 0.0417 0.0065 0.0078
97 0.0673 0.5464 0.2622 0.1084 0.0073 0.0084
98 0.0560 0.7041 0.1420 0.0945 0.0022 0.0011
99 0.0743 0.6670 0.2003 0.0547 0.0019 0.0016
100 0.1394 0.1289 0.1531 0.2028 0.0088 0.3672
101 0.1826 0.0978 0.1743 0.2457 0.0078 0.2917
102 0.1215 0.2271 0.4807 0.1636 0.0040 0.0031
103 0.1686 0.3860 0.4172 0.0230 0.0046 0.0005
104 0.1858 0.2422 0.3635 0.1425 0.0115 0.0545
105 0.0078 0.8208 0.1667 0.0041 0.0003 0.0001
106 0.1594 0.3271 0.4070 0.0833 0.0041 0.0192
107 0.1908 0.3677 0.2031 0.0759 0.0206 0.1418
108 0.2588 0.3171 0.2798 0.0742 0.0097 0.0605
109 0.1570 0.2162 0.4167 0.1606 0.0060 0.0436
110 0.0807 0.1174 0.5513 0.1221 0.0136 0.1147
111 0.1034 0.1552 0.3184 0.2898 0.0240 0.1092
112 0.0095 0.8774 0.0897 0.0227 0.0003 0.0003
113 0.0430 0.4548 0.4695 0.0291 0.0010 0.0027
114 0.1094 0.1519 0.2837 0.3020 0.0102 0.1427
115 0.0372 0.6099 0.3420 0.0086 0.0023 0.0002
116 0.0347 0.6255 0.3193 0.0162 0.0041 0.0003
117 0.1404 0.2141 0.5215 0.0706 0.0028 0.0504
118 0.1488 0.3982 0.3801 0.0300 0.0057 0.0370
119 0.1187 0.3713 0.3772 0.0778 0.0094 0.0457
120 0.1968 0.1417 0.2264 0.3347 0.0244 0.0759
121 0.1760 0.2444 0.5132 0.0306 0.0042 0.0313
122 0.1925 0.3125 0.4690 0.0136 0.0026 0.0099
123 0.1334 0.3054 0.4587 0.0511 0.0033 0.0480
124 0.1271 0.2095 0.4719 0.0497 0.0087 0.1332
125 0.1681 0.2028 0.3091 0.1681 0.0083 0.1438
126 0.1935 0.4790 0.3191 0.0067 0.0008 0.0010
127 0.0794 0.6245 0.2297 0.0567 0.0058 0.0038
128 0.1689 0.7002 0.1256 0.0035 0.0013 0.0003
129 0.1570 0.6714 0.1646 0.0048 0.0017 0.0004
130 0.2852 0.4775 0.1975 0.0272 0.0068 0.0056
131 0.1058 0.5083 0.3606 0.0231 0.0009 0.0013
132 0.0861 0.5352 0.3196 0.0506 0.0012 0.0073
133 0.3364 0.4707 0.1565 0.0301 0.0040 0.0023
134 0.1132 0.3599 0.2937 0.2252 0.0049 0.0031
135 0.1136 0.1553 0.1349 0.1288 0.0181 0.4492
136 0.1447 0.0934 0.1058 0.3110 0.0389 0.3062
137 0.1245 0.2986 0.5156 0.0531 0.0028 0.0055
138 0.0668 0.5952 0.2993 0.0338 0.0027 0.0023
139 0.0848 0.4446 0.4517 0.0128 0.0043 0.0018
140 0.0292 0.3184 0.6235 0.0266 0.0012 0.0011
141 0.0201 0.6987 0.2529 0.0255 0.0011 0.0017
142 0.0446 0.4504 0.4871 0.0154 0.0007 0.0017
143 0.0544 0.3992 0.4666 0.0511 0.0035 0.0253
144 0.0100 0.5688 0.1580 0.2605 0.0007 0.0022
145 0.0081 0.7290 0.1135 0.1481 0.0006 0.0006
146 0.0911 0.5894 0.3105 0.0045 0.0040 0.0005
147 0.0379 0.4771 0.4771 0.0070 0.0007 0.0003
148 0.0392 0.5122 0.4246 0.0213 0.0014 0.0016
149 0.0240 0.5991 0.3579 0.0128 0.0020 0.0040
150 0.0316 0.7710 0.1888 0.0052 0.0031 0.0003
151 0.1322 0.6357 0.1752 0.0348 0.0116 0.0104
152 0.0285 0.8149 0.1438 0.0114 0.0005 0.0010
153 0.0172 0.0797 0.1586 0.7217 0.0012 0.0215
154 0.0718 0.5649 0.3425 0.0160 0.0036 0.0013
155 0.0394 0.7544 0.1737 0.0302 0.0019 0.0005
156 0.0168 0.7583 0.2173 0.0072 0.0002 0.0003
157 0.0488 0.5947 0.2329 0.1208 0.0009 0.0019
158 0.0345 0.7969 0.1670 0.0012 0.0004 0.0002
159 0.4346 0.4246 0.1226 0.0060 0.0084 0.0037
160 0.2053 0.3896 0.3777 0.0146 0.0042 0.0086
161 0.2534 0.6177 0.1082 0.0162 0.0035 0.0010
162 0.0219 0.4404 0.2979 0.2357 0.0007 0.0034
163 0.0289 0.5713 0.2964 0.0947 0.0011 0.0079
164 0.1705 0.6538 0.1136 0.0481 0.0082 0.0061
165 0.1726 0.6514 0.1072 0.0300 0.0078 0.0309
166 0.0078 0.3804 0.3630 0.2380 0.0009 0.0098
167 0.0347 0.4753 0.4607 0.0240 0.0027 0.0023
168 0.0245 0.4548 0.5073 0.0110 0.0013 0.0009
169 0.0598 0.5327 0.2942 0.1083 0.0021 0.0027
170 0.4502 0.4363 0.0820 0.0202 0.0044 0.0067
171 0.2052 0.2698 0.5000 0.0182 0.0037 0.0033
172 0.0366 0.1842 0.7637 0.0074 0.0016 0.0067
173 0.2532 0.1465 0.3569 0.0828 0.0094 0.1511
174 0.1611 0.1143 0.2698 0.1974 0.0078 0.2495
175 0.2729 0.1681 0.2125 0.0758 0.0061 0.2644
176 0.1235 0.1422 0.1884 0.0810 0.0061 0.4590
177 0.1561 0.2036 0.1742 0.1197 0.0054 0.3411
178 0.2654 0.2341 0.2034 0.1377 0.0083 0.1511
179 0.0300 0.7148 0.2432 0.0113 0.0004 0.0005
180 0.0577 0.6606 0.2710 0.0091 0.0004 0.0011
181 0.1140 0.2130 0.4106 0.2452 0.0051 0.0120
182 0.0337 0.2532 0.1196 0.5195 0.0016 0.0725
183 0.1685 0.1793 0.1969 0.2001 0.0139 0.2413
184 0.2418 0.2418 0.1715 0.1715 0.0150 0.1586
185 0.1902 0.2123 0.2443 0.0549 0.0172 0.2812
186 0.0205 0.3875 0.2350 0.3113 0.0019 0.0438
187 0.0590 0.6055 0.2998 0.0309 0.0028 0.0019
188 0.0944 0.7778 0.1129 0.0108 0.0032 0.0011
189 0.3662 0.5161 0.0883 0.0162 0.0078 0.0051
190 0.0748 0.6025 0.2983 0.0211 0.0014 0.0017
191 0.0950 0.1449 0.5820 0.1299 0.0140 0.0339
192 0.1917 0.1829 0.5049 0.1042 0.0023 0.0139
193 0.0340 0.3948 0.1924 0.3767 0.0010 0.0012
194 0.1135 0.4285 0.3286 0.1171 0.0074 0.0049
195 0.0628 0.4712 0.3289 0.1288 0.0023 0.0061
196 0.1626 0.3110 0.2137 0.2104 0.0044 0.0978
197 0.0801 0.6206 0.1923 0.1029 0.0032 0.0010
198 0.1962 0.3389 0.2559 0.1992 0.0075 0.0022
199 0.0757 0.2059 0.5020 0.0928 0.0134 0.1102
200 0.1781 0.2759 0.3772 0.1015 0.0465 0.0210
201 0.0639 0.2231 0.4724 0.1710 0.0086 0.0610
202 0.1167 0.3948 0.3594 0.0983 0.0128 0.0182
203 0.0307 0.3889 0.5317 0.0436 0.0008 0.0044
204 0.0850 0.5288 0.3467 0.0338 0.0015 0.0041
205 0.0864 0.6045 0.2443 0.0558 0.0053 0.0036
206 0.1066 0.5088 0.3184 0.0598 0.0048 0.0018
207 0.0984 0.5156 0.3030 0.0698 0.0092 0.0040
208 0.1113 0.1570 0.1364 0.1301 0.0182 0.4470
209 0.1113 0.1570 0.1364 0.1301 0.0182 0.4470
210 0.5796 0.3008 0.0626 0.0210 0.0343 0.0021
211 0.5796 0.3008 0.0626 0.0210 0.0340 0.0020
212 0.5791 0.3005 0.0625 0.0211 0.0345 0.0021
213 0.5820 0.2974 0.0628 0.0210 0.0344 0.0021
214 0.5718 0.3013 0.0677 0.0211 0.0360 0.0023
