time exciting_prob fearful_prob tense_prob sad_prob relaxing_prob neutral_prob
0 0.1136 0.1553 0.1349 0.1288 0.0181 0.4492
1 0.0554 0.0076 0.0066 0.8140 0.1085 0.0078
2 0.0651 0.0057 0.0062 0.4768 0.4409 0.0053
3 0.2386 0.0051 0.0069 0.1328 0.5723 0.0441
4 0.1897 0.0063 0.0028 0.2253 0.5449 0.0312
5 0.2461 0.4250 0.2008 0.0627 0.0212 0.0441
6 0.1382 0.0878 0.1201 0.2010 0.4460 0.0070
7 0.2177 0.0113 0.0058 0.2505 0.4980 0.0168
8 0.3035 0.0536 0.0333 0.1914 0.4150 0.0032
9 0.2277 0.2500 0.1772 0.2385 0.0541 0.0524
10 0.1000 0.0273 0.3489 0.2218 0.2849 0.0171
11 0.0092 0.0687 0.3604 0.5239 0.0287 0.0090
12 0.1882 0.1489 0.2417 0.2036 0.2036 0.0139
13 0.1595 0.0697 0.1865 0.2715 0.2081 0.1046
14 0.1406 0.0299 0.1202 0.2281 0.3589 0.1221
15 0.1245 0.1573 0.2634 0.2438 0.1422 0.0687
16 0.3152 0.2399 0.1537 0.0984 0.1769 0.0159
17 0.2013 0.1300 0.2544 0.1320 0.2246 0.0577
18 0.1320 0.1804 0.2883 0.2109 0.1495 0.0387
19 0.1400 0.1929 0.3660 0.1125 0.1783 0.0105
20 0.0093 0.0294 0.0478 0.8872 0.0146 0.0119
21 0.0397 0.1522 0.2712 0.4614 0.0324 0.0429
22 0.1421 0.2020 0.0693 0.4517 0.0849 0.0499
23 0.2876 0.1218 0.2517 0.2257 0.0553 0.0580
24 0.0911 0.1324 0.3179 0.4019 0.0472 0.0096
25 0.2246 0.1520 0.2078 0.2883 0.1147 0.0125
26 0.1721 0.2881 0.3164 0.1240 0.0355 0.0638
27 0.0156 0.1479 0.4280 0.3386 0.0544 0.0156
28 0.1310 0.0958 0.1708 0.2334 0.3291 0.0399
29 0.1517 0.0878 0.3999 0.3115 0.0299 0.0191
30 0.7217 0.0315 0.2271 0.0162 0.0036 0.0003
31 0.0492 0.0705 0.6089 0.1978 0.0294 0.0441
32 0.5332 0.0182 0.0210 0.3108 0.0078 0.1091
33 0.0889 0.0302 0.1941 0.5796 0.0976 0.0097
34 0.2708 0.1616 0.2192 0.2371 0.0776 0.0336
35 0.0402 0.0800 0.2769 0.5420 0.0449 0.0160
36 0.0404 0.0287 0.2478 0.6631 0.0110 0.0091
37 0.3645 0.1230 0.0814 0.3972 0.0145 0.0193
38 0.0737 0.0450 0.0692 0.4443 0.3354 0.0322
39 0.1895 0.0382 0.0304 0.4509 0.2529 0.0382
40 0.0628 0.0355 0.1052 0.6245 0.0663 0.1060
41 0.1042 0.0445 0.2074 0.6094 0.0127 0.0217
42 0.0376 0.0264 0.1029 0.6304 0.0435 0.1593
43 0.1287 0.0617 0.0617 0.6284 0.0858 0.0336
44 0.1116 0.4553 0.2151 0.0836 0.1151 0.0195
45 0.1766 0.2651 0.3799 0.1088 0.0348 0.0345
46 0.1357 0.0184 0.0269 0.7114 0.0335 0.0739
47 0.1924 0.2250 0.3567 0.2097 0.0100 0.0061
48 0.0619 0.1138 0.4714 0.2563 0.0133 0.0833
49 0.1218 0.1276 0.2346 0.2103 0.0673 0.2384
50 0.0657 0.0745 0.2025 0.5952 0.0445 0.0177
51 0.1862 0.3760 0.3701 0.0212 0.0145 0.0319
52 0.1487 0.2888 0.0967 0.4041 0.0494 0.0122
53 0.3279 0.1714 0.1586 0.2739 0.0651 0.0031
54 0.2437 0.0829 0.0743 0.5039 0.0829 0.0124
55 0.4275 0.2915 0.0503 0.1797 0.0410 0.0098
56 0.1892 0.4165 0.1290 0.2391 0.0217 0.0044
57 0.2007 0.1515 0.3809 0.1886 0.0549 0.0234
58 0.4443 0.2695 0.0616 0.1313 0.0875 0.0058
59 0.2045 0.0880 0.4131 0.2211 0.0355 0.0378
60 0.2993 0.3752 0.1349 0.1298 0.0545 0.0064
61 0.1968 0.0443 0.2488 0.3562 0.0624 0.0915
62 0.3354 0.2847 0.1500 0.1881 0.0368 0.0051
63 0.1982 0.1384 0.2373 0.2487 0.0129 0.1644
64 0.0792 0.1901 0.4778 0.1704 0.0532 0.0294
65 0.1493 0.0508 0.4121 0.1978 0.1162 0.0739
66 0.4578 0.1429 0.0867 0.2734 0.0277 0.0114
67 0.2473 0.2324 0.2593 0.1660 0.0362 0.0587
68 0.1094 0.1981 0.0393 0.6152 0.0179 0.0202
69 0.3979 0.4075 0.0771 0.0909 0.0239 0.0028
70 0.3738 0.2844 0.1105 0.1333 0.0931 0.0048
71 0.4768 0.0291 0.2891 0.1159 0.0365 0.0526
72 0.1422 0.1757 0.3230 0.3230 0.0208 0.0152
73 0.1886 0.2170 0.1613 0.3159 0.0798 0.0374
74 0.2266 0.0747 0.1937 0.2820 0.0959 0.1271
75 0.2817 0.0724 0.0394 0.5918 0.0044 0.0099
76 0.1637 0.2102 0.1689 0.3577 0.0070 0.0925
77 0.3174 0.1672 0.1344 0.3513 0.0128 0.0171
78 0.4385 0.2153 0.3132 0.0180 0.0148 0.0002
79 0.2396 0.3005 0.3379 0.0868 0.0115 0.0235
80 0.2032 0.1158 0.1140 0.3918 0.1398 0.0353
81 0.0637 0.1946 0.4741 0.2499 0.0105 0.0071
82 0.1060 0.1094 0.7021 0.0723 0.0057 0.0046
83 0.3110 0.1626 0.3994 0.1153 0.0075 0.0042
84 0.0592 0.1442 0.3979 0.3682 0.0053 0.0253
85 0.0681 0.1312 0.5356 0.2303 0.0091 0.0258
86 0.0631 0.1715 0.4380 0.2102 0.0225 0.0947
87 0.1462 0.0915 0.1820 0.4719 0.0464 0.0619
88 0.3860 0.0999 0.3201 0.1686 0.0194 0.0061
89 0.5415 0.1208 0.1614 0.1092 0.0311 0.0357
90 0.3022 0.1416 0.1605 0.3318 0.0226 0.0412
91 0.2932 0.3025 0.2979 0.0887 0.0092 0.0085
92 0.0684 0.0878 0.3367 0.4675 0.0229 0.0166
93 0.3459 0.1986 0.3174 0.0841 0.0362 0.0178
94 0.0715 0.0876 0.2783 0.4883 0.0186 0.0557
95 0.3496 0.1901 0.2402 0.2103 0.0036 0.0064
96 0.0341 0.0392 0.0434 0.8711 0.0055 0.0067
97 0.2842 0.1096 0.2468 0.2393 0.0713 0.0490
98 0.2111 0.1805 0.4829 0.0776 0.0089 0.0390
99 0.0258 0.4648 0.4165 0.0833 0.0053 0.0042
100 0.0778 0.1064 0.2184 0.4275 0.0245 0.1454
101 0.2252 0.2083 0.2183 0.2961 0.0305 0.0216
102 0.3220 0.0696 0.1322 0.3049 0.1429 0.0284
103 0.1251 0.0501 0.6816 0.1194 0.0147 0.0091
104 0.1962 0.5049 0.1602 0.1248 0.0124 0.0014
105 0.1572 0.0984 0.3079 0.2673 0.0676 0.1015
106 0.4141 0.0917 0.2322 0.2396 0.0113 0.0112
107 0.5903 0.0745 0.2329 0.0469 0.0553 0.0003
108 0.5010 0.0717 0.2500 0.0576 0.1181 0.0015
109 0.0723 0.0412 0.3450 0.4570 0.0619 0.0224
110 0.4890 0.0325 0.0197 0.4453 0.0124 0.0010
111 0.0908 0.1166 0.2886 0.3823 0.0217 0.0997
112 0.3638 0.2600 0.3391 0.0274 0.0096 0.0001
113 0.0652 0.3445 0.5591 0.0175 0.0135 0.0003
114 0.0869 0.0954 0.3228 0.4080 0.0368 0.0503
115 0.4612 0.1750 0.2732 0.0741 0.0162 0.0003
116 0.2898 0.1855 0.4851 0.0170 0.0223 0.0002
117 0.4956 0.0660 0.1511 0.2200 0.0106 0.0565
118 0.1313 0.0671 0.5444 0.2269 0.0195 0.0107
119 0.2961 0.0107 0.4585 0.2003 0.0293 0.0050
120 0.2944 0.0971 0.4490 0.1257 0.0242 0.0095
121 0.2023 0.0090 0.4927 0.2291 0.0641 0.0027
122 0.4385 0.0088 0.3110 0.2040 0.0349 0.0029
123 0.3257 0.0094 0.4968 0.1445 0.0193 0.0043
124 0.1625 0.0417 0.6426 0.1207 0.0278 0.0047
125 0.2350 0.0290 0.5381 0.1719 0.0125 0.0138
126 0.3494 0.0119 0.3662 0.2439 0.0185 0.0103
127 0.5332 0.0756 0.2991 0.0566 0.0315 0.0042
128 0.3826 0.0282 0.1954 0.3540 0.0271 0.0127
129 0.0525 0.2427 0.5059 0.1060 0.0142 0.0788
130 0.2964 0.0101 0.1490 0.5205 0.0187 0.0054
131 0.3098 0.0155 0.1793 0.4438 0.0461 0.0055
132 0.2639 0.1247 0.4353 0.1576 0.0120 0.0065
133 0.3616 0.0214 0.3345 0.2563 0.0166 0.0096
134 0.4163 0.0173 0.1848 0.3398 0.0370 0.0048
135 0.6108 0.0442 0.1982 0.0853 0.0581 0.0035
136 0.2661 0.0315 0.3696 0.2878 0.0352 0.0098
137 0.0477 0.0751 0.1339 0.4321 0.0323 0.2791
138 0.2499 0.0341 0.4055 0.2788 0.0177 0.0140
139 0.3652 0.0472 0.2800 0.2590 0.0300 0.0185
140 0.1431 0.0625 0.5073 0.1031 0.1409 0.0430
141 0.1696 0.0270 0.6055 0.1669 0.0238 0.0071
142 0.4392 0.0541 0.1591 0.2971 0.0347 0.0159
143 0.4084 0.0173 0.2054 0.3386 0.0200 0.0101
144 0.3406 0.0253 0.2098 0.4043 0.0105 0.0095
145 0.1345 0.2052 0.5078 0.1115 0.0338 0.0073
146 0.0698 0.0635 0.3491 0.4624 0.0291 0.0261
147 0.1381 0.0240 0.3523 0.4456 0.0114 0.0287
148 0.0141 0.0784 0.3462 0.4958 0.0098 0.0556
149 0.1617 0.3218 0.3645 0.0997 0.0160 0.0364
150 0.2198 0.1633 0.1713 0.2452 0.1072 0.0931
151 0.1501 0.0540 0.2595 0.4773 0.0232 0.0359
152 0.3547 0.0738 0.3230 0.2102 0.0253 0.0129
153 0.5112 0.1881 0.1881 0.0797 0.0261 0.0069
154 0.2367 0.1436 0.2900 0.2683 0.0331 0.0285
155 0.0875 0.0681 0.6265 0.1794 0.0185 0.0203
156 0.2114 0.3379 0.2937 0.0924 0.0273 0.0373
157 0.2830 0.0511 0.5244 0.1152 0.0139 0.0125
158 0.1720 0.1076 0.7017 0.0099 0.0050 0.0037
159 0.0439 0.2815 0.2603 0.3848 0.0238 0.0058
160 0.4565 0.0306 0.3501 0.1360 0.0130 0.0137
161 0.5488 0.0213 0.1648 0.2360 0.0151 0.0143
162 0.5127 0.0180 0.2499 0.2008 0.0160 0.0026
163 0.2418 0.0661 0.1255 0.1444 0.4180 0.0043
164 0.4705 0.0553 0.2944 0.1458 0.0173 0.0169
165 0.3381 0.3599 0.1151 0.0503 0.1160 0.0206
166 0.1937 0.0347 0.7090 0.0453 0.0063 0.0110
167 0.1348 0.2681 0.4153 0.0831 0.0884 0.0104
168 0.1890 0.0832 0.6646 0.0459 0.0103 0.0070
169 0.2174 0.0466 0.2664 0.4124 0.0212 0.0360
170 0.1101 0.2122 0.3337 0.1627 0.0871 0.0942
171 0.2230 0.0860 0.6157 0.0530 0.0175 0.0049
172 0.3489 0.0382 0.4768 0.1072 0.0179 0.0109
173 0.3208 0.0504 0.4216 0.1744 0.0207 0.0121
174 0.1927 0.0548 0.6938 0.0476 0.0078 0.0030
175 0.1180 0.0441 0.3108 0.3208 0.0727 0.1337
176 0.2216 0.0953 0.1547 0.2981 0.1595 0.0708
177 0.1774 0.0226 0.2462 0.5215 0.0181 0.0143
178 0.1644 0.1223 0.3025 0.2842 0.0675 0.0591
179 0.1403 0.3210 0.3525 0.0948 0.0688 0.0225
180 0.1136 0.1553 0.1349 0.1288 0.0181 0.4492
181 0.1136 0.1553 0.1349 0.1288 0.0181 0.4492
