time exciting_prob fearful_prob tense_prob sad_prob relaxing_prob neutral_prob
0 0.1136 0.1553 0.1349 0.1288 0.0181 0.4492
1 0.0533 0.0215 0.0242 0.8335 0.0290 0.0384
2 0.3892 0.0709 0.0271 0.2825 0.2234 0.0070
3 0.2920 0.0301 0.0234 0.3308 0.3108 0.0131
4 0.2460 0.0346 0.0139 0.3469 0.3469 0.0120
5 0.0188 0.0387 0.0048 0.9077 0.0231 0.0068
6 0.0387 0.1278 0.0294 0.7769 0.0143 0.0128
7 0.0229 0.2350 0.0098 0.7183 0.0077 0.0064
8 0.0312 0.3330 0.0298 0.5796 0.0128 0.0135
9 0.0582 0.7554 0.0670 0.1055 0.0052 0.0088
10 0.0466 0.5381 0.2834 0.1068 0.0117 0.0134
11 0.0599 0.3115 0.5640 0.0321 0.0064 0.0258
12 0.0326 0.7246 0.1860 0.0467 0.0084 0.0018
13 0.0371 0.2742 0.3633 0.2700 0.0229 0.0327
14 0.0438 0.3391 0.4563 0.1248 0.0157 0.0204
15 0.0927 0.1390 0.1100 0.6040 0.0285 0.0257
16 0.0268 0.4468 0.1521 0.3535 0.0158 0.0049
17 0.0356 0.2957 0.1633 0.4724 0.0264 0.0064
18 0.0215 0.7881 0.1002 0.0657 0.0150 0.0096
19 0.0388 0.8286 0.0209 0.0997 0.0067 0.0055
20 0.1749 0.3704 0.2505 0.1722 0.0204 0.0117
21 0.0391 0.6157 0.1710 0.1581 0.0076 0.0085
22 0.0703 0.6675 0.1687 0.0743 0.0037 0.0156
23 0.0521 0.4502 0.1373 0.3293 0.0147 0.0163
24 0.0396 0.2072 0.3579 0.3694 0.0188 0.0071
25 0.0357 0.4490 0.2810 0.1842 0.0162 0.0341
26 0.0156 0.6562 0.2378 0.0772 0.0044 0.0087
27 0.0242 0.1018 0.1035 0.6045 0.0107 0.1553
28 0.0369 0.1350 0.2561 0.4939 0.0181 0.0599
29 0.0609 0.5688 0.1120 0.2335 0.0149 0.0097
30 0.0508 0.6953 0.2120 0.0315 0.0099 0.0006
31 0.0244 0.2581 0.4126 0.2042 0.0723 0.0285
32 0.0701 0.1764 0.2161 0.4036 0.0586 0.0753
33 0.0190 0.2227 0.2815 0.3447 0.1249 0.0074
34 0.0106 0.5005 0.4417 0.0357 0.0056 0.0062
35 0.1116 0.3103 0.3203 0.1973 0.0114 0.0491
36 0.0293 0.1315 0.7446 0.0548 0.0087 0.0312
37 0.0360 0.3213 0.2622 0.2174 0.1259 0.0372
38 0.0609 0.1682 0.6250 0.0306 0.0563 0.0591
39 0.0368 0.2363 0.6523 0.0138 0.0019 0.0588
40 0.1097 0.3655 0.3076 0.1621 0.0353 0.0197
41 0.0352 0.1605 0.6758 0.0833 0.0160 0.0292
42 0.0057 0.1805 0.1095 0.0209 0.6812 0.0021
43 0.0124 0.7959 0.1667 0.0206 0.0030 0.0016
44 0.0125 0.7246 0.2109 0.0181 0.0326 0.0011
45 0.0219 0.5703 0.3740 0.0158 0.0104 0.0075
46 0.0067 0.3069 0.3643 0.2666 0.0412 0.0145
47 0.0225 0.4482 0.0791 0.2362 0.2052 0.0087
48 0.0881 0.4763 0.1080 0.2250 0.0606 0.0420
49 0.0157 0.0905 0.0259 0.7065 0.1370 0.0244
50 0.0100 0.0848 0.0257 0.7441 0.0946 0.0407
51 0.0216 0.0649 0.1321 0.1952 0.5562 0.0304
52 0.0374 0.2035 0.0737 0.1635 0.3801 0.1420
53 0.0135 0.1902 0.1050 0.6743 0.0094 0.0078
54 0.1309 0.1146 0.6001 0.0800 0.0643 0.0102
55 0.0099 0.1127 0.0263 0.4744 0.3579 0.0188
56 0.0152 0.3276 0.0391 0.2937 0.3127 0.0117
57 0.0360 0.5088 0.2155 0.1718 0.0608 0.0071
58 0.0475 0.2910 0.1149 0.2000 0.3350 0.0117
59 0.1078 0.1204 0.3049 0.0801 0.1671 0.2196
60 0.1379 0.0532 0.1515 0.3013 0.2920 0.0641
61 0.0230 0.0424 0.0488 0.0843 0.7998 0.0016
62 0.0321 0.0735 0.1819 0.1484 0.5601 0.0038
63 0.0250 0.1483 0.1268 0.0331 0.6646 0.0021
64 0.0375 0.1249 0.1628 0.1393 0.5342 0.0015
65 0.0702 0.1658 0.2910 0.3508 0.1140 0.0083
66 0.1831 0.4031 0.0818 0.2603 0.0504 0.0215
67 0.0483 0.1793 0.2267 0.4580 0.0847 0.0030
68 0.1093 0.2156 0.2878 0.3018 0.0851 0.0006
69 0.0822 0.1396 0.5112 0.1195 0.1464 0.0012
70 0.2783 0.1467 0.2698 0.2656 0.0115 0.0280
71 0.1298 0.1219 0.2878 0.3997 0.0098 0.0508
72 0.0262 0.6289 0.2041 0.1200 0.0202 0.0008
73 0.1223 0.0376 0.0146 0.7974 0.0147 0.0135
74 0.1130 0.1045 0.3169 0.4006 0.0361 0.0290
75 0.0779 0.0749 0.1782 0.2052 0.4553 0.0085
76 0.0452 0.0751 0.1615 0.5815 0.1318 0.0048
77 0.1306 0.3608 0.1237 0.2766 0.0354 0.0728
78 0.0593 0.2152 0.1812 0.4346 0.0312 0.0786
79 0.0315 0.0912 0.1002 0.6235 0.0504 0.1033
80 0.1958 0.2717 0.2761 0.1897 0.0574 0.0092
81 0.1477 0.1926 0.1648 0.4272 0.0410 0.0267
82 0.2773 0.0341 0.1735 0.4294 0.0352 0.0505
83 0.0884 0.3259 0.0850 0.3416 0.1075 0.0516
84 0.0663 0.5815 0.1403 0.1666 0.0445 0.0010
85 0.0616 0.1245 0.4016 0.3774 0.0269 0.0080
86 0.3994 0.1459 0.1209 0.2423 0.0268 0.0647
87 0.0824 0.2744 0.2072 0.3750 0.0414 0.0196
88 0.0264 0.5107 0.2214 0.0171 0.2180 0.0061
89 0.0269 0.3308 0.2966 0.0211 0.3108 0.0138
90 0.0289 0.2559 0.1307 0.0181 0.5420 0.0246
91 0.0294 0.2441 0.3608 0.0222 0.3235 0.0200
92 0.0217 0.4358 0.4937 0.0055 0.0378 0.0056
93 0.0460 0.4541 0.4136 0.0217 0.0534 0.0113
94 0.0241 0.3032 0.1225 0.4695 0.0754 0.0054
95 0.0716 0.3723 0.1814 0.2189 0.1528 0.0030
96 0.0728 0.3210 0.0884 0.1873 0.3262 0.0045
97 0.0964 0.1437 0.0375 0.2444 0.4531 0.0250
98 0.0495 0.3130 0.0579 0.2362 0.3279 0.0155
99 0.2791 0.3445 0.1802 0.0734 0.1200 0.0030
100 0.0751 0.3728 0.1309 0.0958 0.3140 0.0115
101 0.0647 0.2725 0.1075 0.1993 0.3472 0.0090
102 0.1493 0.3086 0.0383 0.1704 0.3235 0.0099
103 0.0559 0.6055 0.1708 0.1361 0.0130 0.0189
104 0.0511 0.6528 0.1346 0.1161 0.0245 0.0208
105 0.1066 0.1434 0.1960 0.4216 0.0451 0.0870
106 0.0757 0.2686 0.3669 0.2058 0.0321 0.0508
107 0.0779 0.3108 0.1265 0.4180 0.0575 0.0093
108 0.0108 0.3765 0.0518 0.5479 0.0091 0.0042
109 0.0333 0.4253 0.0617 0.4456 0.0287 0.0054
110 0.0205 0.3989 0.3059 0.2656 0.0023 0.0068
111 0.0806 0.1172 0.1191 0.6240 0.0562 0.0031
112 0.0731 0.3152 0.2361 0.2051 0.1081 0.0626
113 0.0140 0.0403 0.0252 0.8950 0.0169 0.0086
114 0.0765 0.4336 0.2180 0.1865 0.0569 0.0284
115 0.0385 0.3464 0.3923 0.0829 0.1377 0.0020
116 0.1224 0.1621 0.0676 0.5034 0.1333 0.0115
117 0.0277 0.5308 0.3591 0.0591 0.0207 0.0028
118 0.1029 0.1619 0.1923 0.4541 0.0783 0.0106
119 0.0255 0.2512 0.1168 0.0404 0.5576 0.0086
120 0.0486 0.3940 0.1086 0.2793 0.1438 0.0256
121 0.0417 0.2474 0.4146 0.1455 0.0540 0.0969
122 0.0111 0.3552 0.0994 0.5171 0.0155 0.0017
123 0.1170 0.2576 0.1526 0.3989 0.0327 0.0411
124 0.0308 0.2173 0.0775 0.5376 0.0934 0.0435
125 0.1039 0.2323 0.1023 0.5073 0.0223 0.0317
126 0.0607 0.0667 0.0424 0.7749 0.0330 0.0227
127 0.1044 0.1259 0.0980 0.6294 0.0242 0.0180
128 0.1887 0.0492 0.2620 0.4744 0.0088 0.0170
129 0.1589 0.0878 0.0441 0.5723 0.0222 0.1145
130 0.0654 0.1671 0.0938 0.6309 0.0230 0.0198
131 0.1823 0.1571 0.1115 0.4619 0.0468 0.0404
132 0.1306 0.2559 0.0756 0.4634 0.0459 0.0287
133 0.1218 0.5547 0.1083 0.1381 0.0360 0.0411
134 0.0147 0.0804 0.0430 0.8115 0.0392 0.0111
135 0.0386 0.6689 0.1010 0.1403 0.0369 0.0142
136 0.0968 0.2654 0.1398 0.3569 0.0188 0.1224
137 0.2637 0.0484 0.3035 0.3494 0.0162 0.0187
138 0.1031 0.2235 0.1700 0.4175 0.0635 0.0225
139 0.1207 0.1689 0.0544 0.6226 0.0220 0.0113
140 0.1542 0.2406 0.0793 0.4126 0.0851 0.0283
141 0.1779 0.1620 0.1385 0.4688 0.0114 0.0416
142 0.0845 0.1654 0.0613 0.5425 0.0470 0.0995
143 0.2372 0.2281 0.1555 0.2410 0.1250 0.0132
144 0.1456 0.0424 0.1841 0.5850 0.0151 0.0278
145 0.0662 0.7231 0.0688 0.1199 0.0068 0.0151
146 0.0613 0.0950 0.0838 0.7017 0.0077 0.0504
147 0.2219 0.0507 0.1367 0.5405 0.0310 0.0191
148 0.1080 0.1080 0.1006 0.4441 0.0373 0.2018
149 0.0306 0.0806 0.0769 0.6045 0.1903 0.0170
150 0.1438 0.1996 0.1329 0.4258 0.0415 0.0563
151 0.0816 0.2532 0.1636 0.3862 0.0731 0.0423
152 0.3372 0.2773 0.2688 0.0729 0.0399 0.0040
153 0.0539 0.2847 0.1674 0.4409 0.0079 0.0454
154 0.1038 0.0443 0.0692 0.6260 0.0216 0.1354
155 0.1454 0.0709 0.2590 0.4917 0.0206 0.0122
156 0.0494 0.2114 0.5400 0.1365 0.0102 0.0526
157 0.1151 0.0561 0.2761 0.0911 0.0135 0.4482
158 0.0439 0.3621 0.4949 0.0771 0.0155 0.0064
159 0.1098 0.0767 0.0816 0.7051 0.0234 0.0035
160 0.2340 0.1986 0.1583 0.3567 0.0494 0.0029
161 0.1691 0.0622 0.1370 0.5088 0.1042 0.0188
162 0.2448 0.1156 0.1061 0.4983 0.0083 0.0268
163 0.1086 0.0595 0.2485 0.3191 0.2544 0.0097
164 0.0130 0.2418 0.4810 0.2456 0.0112 0.0073
165 0.0484 0.3523 0.4382 0.1423 0.0063 0.0125
166 0.2617 0.0341 0.1025 0.4893 0.0562 0.0562
167 0.1177 0.4878 0.1633 0.1753 0.0158 0.0400
168 0.0950 0.2793 0.1036 0.1748 0.2883 0.0590
169 0.1665 0.2137 0.3210 0.2423 0.0473 0.0092
170 0.1010 0.1144 0.1002 0.1887 0.4856 0.0101
171 0.0749 0.0565 0.4241 0.1489 0.0259 0.2695
172 0.0372 0.2371 0.1202 0.4534 0.0409 0.1111
173 0.1404 0.0723 0.3477 0.1068 0.0164 0.3164
174 0.1682 0.0347 0.1531 0.4163 0.0460 0.1819
175 0.3228 0.0284 0.2289 0.2849 0.0380 0.0969
176 0.3752 0.0964 0.1639 0.2832 0.0378 0.0434
177 0.0989 0.0833 0.3047 0.3479 0.0350 0.1300
178 0.0505 0.1028 0.5913 0.1981 0.0268 0.0304
179 0.1586 0.0447 0.2255 0.3254 0.0374 0.2085
180 0.0779 0.0320 0.3232 0.4775 0.0598 0.0296
181 0.1085 0.1372 0.1578 0.5020 0.0529 0.0418
182 0.0603 0.0260 0.7349 0.1403 0.0155 0.0229
183 0.1414 0.0751 0.5952 0.1154 0.0545 0.0184
184 0.0363 0.0274 0.3635 0.4968 0.0065 0.0694
185 0.1078 0.0475 0.5562 0.2212 0.0183 0.0490
186 0.0787 0.5254 0.2542 0.1051 0.0285 0.0082
187 0.0470 0.1415 0.0237 0.7534 0.0248 0.0097
188 0.0381 0.0711 0.0372 0.7529 0.0244 0.0763
189 0.0441 0.0301 0.0298 0.6035 0.0408 0.2517
190 0.2278 0.1918 0.2581 0.2140 0.0745 0.0338
191 0.0990 0.2549 0.2249 0.2319 0.0419 0.1475
192 0.0359 0.0340 0.0544 0.7051 0.1169 0.0535
193 0.0423 0.0132 0.0245 0.8237 0.0436 0.0526
194 0.1048 0.0354 0.0687 0.6519 0.0495 0.0896
195 0.0750 0.0175 0.0408 0.6685 0.1218 0.0762
196 0.0977 0.2252 0.1926 0.3892 0.0487 0.0465
197 0.0296 0.0469 0.0408 0.1091 0.7007 0.0727
198 0.1223 0.2452 0.1132 0.2340 0.2571 0.0284
199 0.0338 0.4285 0.2991 0.0246 0.2122 0.0017
200 0.0197 0.6323 0.1305 0.0274 0.1870 0.0029
201 0.0333 0.5044 0.0622 0.0891 0.3059 0.0050
202 0.0295 0.2847 0.0760 0.1263 0.4622 0.0213
203 0.0263 0.2087 0.1066 0.1190 0.5088 0.0308
204 0.0134 0.2206 0.0812 0.0315 0.6382 0.0150
205 0.0291 0.2251 0.1097 0.0968 0.5234 0.0161
206 0.0371 0.4666 0.1799 0.0140 0.2966 0.0057
207 0.0613 0.5513 0.2522 0.0396 0.0865 0.0092
208 0.0603 0.6528 0.1564 0.0323 0.0856 0.0124
209 0.0462 0.6377 0.2170 0.0352 0.0562 0.0075
210 0.1050 0.6040 0.1886 0.0294 0.0657 0.0070
211 0.1371 0.5093 0.1219 0.0935 0.1128 0.0254
212 0.2703 0.2009 0.0728 0.1565 0.0858 0.2139
213 0.0135 0.7329 0.1315 0.0420 0.0687 0.0113
214 0.0764 0.1919 0.3938 0.2209 0.1060 0.0111
215 0.1260 0.1300 0.1405 0.4263 0.1077 0.0696
216 0.0988 0.3616 0.0893 0.4097 0.0304 0.0103
217 0.1252 0.2098 0.1022 0.3005 0.0263 0.2358
218 0.0836 0.2068 0.0430 0.5322 0.0626 0.0720
219 0.0520 0.1042 0.0272 0.6641 0.0280 0.1248
220 0.0964 0.1010 0.1470 0.5547 0.0149 0.0864
221 0.1442 0.0692 0.1122 0.5703 0.0253 0.0790
222 0.2230 0.0808 0.0670 0.5786 0.0353 0.0153
223 0.2461 0.0979 0.3064 0.3262 0.0194 0.0041
224 0.1423 0.3962 0.0798 0.2311 0.0496 0.1010
225 0.0684 0.2465 0.2622 0.2971 0.0180 0.1077
226 0.0397 0.1571 0.1030 0.0234 0.6719 0.0048
227 0.0811 0.2830 0.1562 0.0732 0.3928 0.0139
228 0.0844 0.1370 0.1993 0.5010 0.0315 0.0466
229 0.0586 0.0764 0.3269 0.3372 0.1833 0.0175
230 0.0907 0.1920 0.3215 0.1449 0.2465 0.0045
231 0.0804 0.3254 0.0890 0.3989 0.0380 0.0682
232 0.1814 0.1190 0.2257 0.3779 0.0272 0.0688
233 0.0650 0.2825 0.3459 0.2493 0.0483 0.0089
234 0.0122 0.0197 0.0182 0.0155 0.9341 0.0001
235 0.0574 0.1511 0.2959 0.0221 0.4729 0.0004
236 0.0863 0.4702 0.0588 0.3386 0.0222 0.0240
237 0.3608 0.1425 0.1759 0.2600 0.0421 0.0187
238 0.0721 0.7510 0.1040 0.0420 0.0192 0.0118
239 0.0603 0.1588 0.0617 0.6582 0.0108 0.0500
240 0.0397 0.2429 0.0908 0.4133 0.1631 0.0501
241 0.0387 0.5342 0.1735 0.1484 0.0900 0.0150
242 0.0209 0.5386 0.1321 0.2751 0.0290 0.0041
243 0.0191 0.5508 0.1128 0.1298 0.1693 0.0181
244 0.0283 0.5381 0.1919 0.1173 0.1019 0.0222
245 0.0330 0.3252 0.3684 0.2235 0.0401 0.0097
246 0.0283 0.1890 0.1259 0.6099 0.0442 0.0029
247 0.1631 0.4231 0.0358 0.1520 0.1166 0.1095
248 0.3081 0.1315 0.1142 0.4277 0.0125 0.0060
249 0.1082 0.3206 0.3689 0.1562 0.0161 0.0298
250 0.4072 0.0426 0.1737 0.3376 0.0295 0.0094
251 0.0718 0.1232 0.1737 0.4648 0.0959 0.0707
252 0.0691 0.1737 0.6553 0.0385 0.0457 0.0177
253 0.0937 0.2607 0.2649 0.1451 0.1820 0.0534
254 0.1913 0.1826 0.2534 0.3464 0.0245 0.0017
255 0.2111 0.0316 0.1095 0.6016 0.0394 0.0069
256 0.0518 0.3511 0.5068 0.0275 0.0419 0.0208
257 0.3457 0.2357 0.1194 0.2568 0.0252 0.0171
258 0.1364 0.1820 0.3564 0.2411 0.0518 0.0324
259 0.0666 0.1942 0.0461 0.6567 0.0074 0.0289
260 0.0565 0.1252 0.1022 0.5884 0.0171 0.1105
261 0.0654 0.5518 0.0600 0.2605 0.0353 0.0270
262 0.1813 0.3440 0.0540 0.2598 0.0792 0.0817
263 0.0925 0.1388 0.1810 0.3833 0.0291 0.1754
264 0.0298 0.6133 0.2363 0.1108 0.0047 0.0053
265 0.1545 0.0413 0.0433 0.6211 0.0076 0.1322
266 0.1202 0.0879 0.0304 0.5645 0.0196 0.1776
267 0.0611 0.0518 0.3684 0.4512 0.0123 0.0552
268 0.0819 0.6494 0.1875 0.0585 0.0163 0.0063
269 0.0908 0.2230 0.3855 0.2776 0.0056 0.0175
270 0.1437 0.1392 0.2350 0.4221 0.0199 0.0402
271 0.0383 0.0428 0.0371 0.8589 0.0083 0.0148
272 0.0244 0.0153 0.0356 0.9175 0.0064 0.0008
273 0.0458 0.0273 0.0225 0.8911 0.0118 0.0017
274 0.0444 0.0455 0.0280 0.8652 0.0165 0.0004
275 0.0414 0.2133 0.1661 0.4585 0.0359 0.0848
276 0.0325 0.2988 0.2595 0.3035 0.0265 0.0792
277 0.0089 0.5117 0.3008 0.1466 0.0275 0.0045
278 0.0716 0.0786 0.1871 0.5586 0.0786 0.0251
279 0.1110 0.1182 0.1003 0.5508 0.0950 0.0246
280 0.0997 0.0814 0.1820 0.5352 0.0685 0.0334
281 0.1148 0.3591 0.2627 0.1724 0.0460 0.0450
282 0.0718 0.0922 0.1427 0.5918 0.0123 0.0894
283 0.0539 0.2323 0.2397 0.3381 0.0569 0.0790
284 0.0333 0.5811 0.1917 0.1257 0.0532 0.0148
285 0.1165 0.3369 0.1949 0.2465 0.0764 0.0288
286 0.2179 0.4507 0.1185 0.1498 0.0231 0.0400
287 0.1520 0.0729 0.1696 0.4983 0.0718 0.0355
288 0.0731 0.0742 0.2050 0.5747 0.0150 0.0578
289 0.1147 0.1165 0.5918 0.1202 0.0199 0.0370
290 0.0751 0.2369 0.2191 0.2603 0.1309 0.0775
291 0.0297 0.2026 0.0658 0.1288 0.3188 0.2542
292 0.0247 0.2458 0.2659 0.2659 0.0963 0.1017
293 0.0197 0.3110 0.1915 0.3579 0.0308 0.0891
294 0.0316 0.7661 0.1251 0.0568 0.0146 0.0056
295 0.0217 0.3896 0.2637 0.2988 0.0177 0.0085
296 0.0108 0.6729 0.1869 0.1207 0.0038 0.0048
297 0.0175 0.7466 0.2009 0.0276 0.0035 0.0041
298 0.0204 0.6929 0.2671 0.0136 0.0021 0.0038
299 0.1312 0.6069 0.2114 0.0367 0.0125 0.0012
300 0.2018 0.4690 0.2131 0.0834 0.0293 0.0033
301 0.2930 0.3022 0.1174 0.2666 0.0164 0.0043
302 0.3257 0.3157 0.1125 0.2222 0.0199 0.0041
303 0.3032 0.3411 0.1142 0.2184 0.0192 0.0039
304 0.2288 0.3152 0.1244 0.3103 0.0153 0.0061
305 0.1235 0.2656 0.1400 0.4448 0.0105 0.0156
306 0.1315 0.0703 0.0977 0.2271 0.0992 0.3743
307 0.1383 0.1804 0.1497 0.3704 0.0372 0.1240
308 0.1504 0.2766 0.1626 0.2725 0.0392 0.0986
309 0.2416 0.2234 0.1465 0.2654 0.0531 0.0703
310 0.2477 0.2327 0.1389 0.2637 0.0536 0.0636
311 0.1527 0.3086 0.1626 0.2598 0.0371 0.0792
312 0.1400 0.3154 0.1743 0.2615 0.0300 0.0786
