time exciting_prob fearful_prob tense_prob sad_prob relaxing_prob neutral_prob
0 0.1897 0.1031 0.1810 0.3176 0.0720 0.1366
1 0.5396 0.0046 0.0322 0.4009 0.0021 0.0206
2 0.8882 0.0044 0.0302 0.0663 0.0028 0.0082
3 0.9092 0.0052 0.0242 0.0486 0.0035 0.0096
4 0.9321 0.0035 0.0243 0.0312 0.0028 0.0060
5 0.8281 0.0033 0.0193 0.1086 0.0071 0.0334
6 0.6426 0.1049 0.0632 0.0496 0.1100 0.0296
7 0.6660 0.1022 0.0629 0.0394 0.0998 0.0295
8 0.6362 0.0968 0.0565 0.0305 0.1214 0.0587
9 0.6206 0.1241 0.0747 0.0211 0.1342 0.0254
10 0.2014 0.0908 0.4539 0.1261 0.0391 0.0887
11 0.2083 0.0655 0.3770 0.2434 0.0356 0.0703
12 0.1907 0.0595 0.4795 0.1556 0.0460 0.0685
13 0.1904 0.0965 0.4292 0.1846 0.0309 0.0684
14 0.0899 0.0214 0.0196 0.8018 0.0326 0.0349
15 0.0365 0.0211 0.0100 0.8975 0.0178 0.0172
16 0.3318 0.0344 0.0140 0.5645 0.0521 0.0033
17 0.0485 0.0217 0.0064 0.9009 0.0224 0.0004
18 0.2971 0.1732 0.0541 0.3640 0.0838 0.0278
19 0.2969 0.0191 0.2832 0.2423 0.1199 0.0386
20 0.4280 0.0106 0.3660 0.1757 0.0181 0.0016
21 0.3999 0.0117 0.1747 0.3816 0.0060 0.0262
22 0.1809 0.0265 0.0450 0.6416 0.0531 0.0531
23 0.5317 0.0539 0.1187 0.2234 0.0531 0.0191
24 0.2632 0.1713 0.1881 0.2493 0.0167 0.1115
25 0.3389 0.0739 0.2258 0.2991 0.0233 0.0389
26 0.3752 0.1338 0.3472 0.1287 0.0040 0.0111
27 0.4583 0.1334 0.0917 0.1956 0.0172 0.1039
28 0.4192 0.0825 0.3213 0.0428 0.0032 0.1309
29 0.6567 0.0862 0.1254 0.0666 0.0058 0.0592
30 0.0880 0.4614 0.1724 0.2230 0.0123 0.0429
31 0.0988 0.0722 0.4290 0.2993 0.0066 0.0942
32 0.1161 0.2308 0.4663 0.1575 0.0079 0.0213
33 0.1061 0.2729 0.4065 0.1484 0.0204 0.0456
34 0.3142 0.2729 0.1012 0.2666 0.0146 0.0304
35 0.3203 0.0215 0.1512 0.4309 0.0354 0.0407
36 0.0089 0.0106 0.0017 0.9775 0.0006 0.0009
37 0.0066 0.0141 0.0019 0.9756 0.0005 0.0012
38 0.0060 0.0088 0.0013 0.9829 0.0002 0.0010
39 0.1083 0.1504 0.5049 0.2137 0.0054 0.0175
40 0.1109 0.1118 0.6333 0.1306 0.0029 0.0107
41 0.5288 0.2808 0.1217 0.0607 0.0049 0.0031
42 0.2297 0.1919 0.2369 0.3115 0.0049 0.0250
43 0.3994 0.1843 0.1602 0.2277 0.0066 0.0219
44 0.3357 0.2117 0.1810 0.2437 0.0063 0.0216
45 0.1945 0.1422 0.3577 0.0732 0.0087 0.2238
46 0.1947 0.0837 0.3259 0.2206 0.0234 0.1516
47 0.1008 0.5322 0.0447 0.3103 0.0045 0.0075
48 0.0839 0.3643 0.0525 0.4824 0.0081 0.0089
49 0.4526 0.0994 0.1886 0.1539 0.0149 0.0905
50 0.1550 0.1143 0.0955 0.6177 0.0157 0.0016
51 0.0820 0.1037 0.1498 0.6455 0.0152 0.0039
52 0.0145 0.0147 0.0019 0.9609 0.0003 0.0075
53 0.0265 0.0295 0.0039 0.9180 0.0008 0.0214
54 0.0193 0.0140 0.0018 0.9536 0.0005 0.0110
55 0.2074 0.0599 0.1948 0.2424 0.0292 0.2664
56 0.3225 0.4143 0.1881 0.0650 0.0039 0.0061
57 0.2086 0.1456 0.3281 0.1757 0.0135 0.1285
58 0.2690 0.3049 0.2249 0.1251 0.0201 0.0560
59 0.1216 0.5005 0.0636 0.3059 0.0082 0.0003
60 0.1475 0.2546 0.0707 0.5229 0.0039 0.0005
61 0.2440 0.3523 0.2104 0.0824 0.0303 0.0805
62 0.1783 0.0843 0.3130 0.1134 0.0167 0.2942
63 0.0498 0.4995 0.2286 0.1956 0.0043 0.0221
64 0.0581 0.0914 0.3396 0.4570 0.0177 0.0361
65 0.2437 0.1727 0.2805 0.2915 0.0038 0.0078
66 0.4414 0.3130 0.1478 0.0836 0.0126 0.0015
67 0.1058 0.1978 0.2991 0.2520 0.1425 0.0029
68 0.0918 0.1226 0.3384 0.3835 0.0607 0.0029
69 0.1351 0.0196 0.5181 0.1735 0.1329 0.0210
70 0.2391 0.0701 0.5645 0.0509 0.0696 0.0057
71 0.1489 0.1622 0.1089 0.5361 0.0022 0.0414
72 0.1235 0.4697 0.2871 0.1107 0.0073 0.0015
73 0.0298 0.1886 0.1744 0.5049 0.0045 0.0978
74 0.0263 0.4524 0.0617 0.4250 0.0027 0.0320
75 0.1763 0.1555 0.1438 0.4329 0.0089 0.0826
76 0.1425 0.1652 0.3469 0.3286 0.0051 0.0117
77 0.2178 0.1321 0.2212 0.3704 0.0189 0.0396
78 0.0816 0.0698 0.5493 0.2325 0.0043 0.0626
79 0.2438 0.0278 0.3835 0.2896 0.0191 0.0362
80 0.2588 0.0326 0.4399 0.2283 0.0195 0.0209
81 0.1071 0.0538 0.5107 0.2450 0.0153 0.0681
82 0.1608 0.0198 0.7607 0.0498 0.0049 0.0040
83 0.1093 0.3613 0.3264 0.1011 0.0126 0.0892
84 0.2061 0.1310 0.5386 0.0735 0.0364 0.0144
85 0.0879 0.1483 0.7188 0.0369 0.0050 0.0028
86 0.1420 0.2756 0.5073 0.0506 0.0064 0.0182
87 0.0760 0.2034 0.6362 0.0772 0.0029 0.0042
88 0.0981 0.0292 0.7246 0.1044 0.0062 0.0372
89 0.0859 0.0497 0.7310 0.1184 0.0048 0.0099
90 0.1287 0.2312 0.1516 0.4634 0.0057 0.0196
91 0.3523 0.0963 0.3838 0.1091 0.0213 0.0371
92 0.3428 0.1521 0.3621 0.0847 0.0196 0.0388
93 0.0362 0.1584 0.4275 0.1674 0.0037 0.2067
94 0.1205 0.3030 0.3889 0.1047 0.0089 0.0742
95 0.3474 0.1382 0.3845 0.0845 0.0316 0.0140
96 0.1387 0.3513 0.4727 0.0247 0.0070 0.0057
97 0.0887 0.0203 0.8037 0.0649 0.0065 0.0159
98 0.1215 0.0133 0.2166 0.5532 0.0059 0.0896
99 0.1788 0.0541 0.2749 0.4258 0.0030 0.0633
100 0.1389 0.0721 0.2401 0.3547 0.0043 0.1899
101 0.1052 0.0832 0.4395 0.3423 0.0177 0.0123
102 0.1906 0.0406 0.5645 0.1721 0.0023 0.0301
103 0.2634 0.1912 0.4658 0.0487 0.0178 0.0129
104 0.1406 0.0486 0.3220 0.4265 0.0051 0.0573
105 0.1041 0.1771 0.2722 0.3989 0.0272 0.0205
106 0.0757 0.1011 0.1268 0.6343 0.0412 0.0207
107 0.0757 0.1146 0.4534 0.3115 0.0406 0.0041
108 0.0784 0.0197 0.5791 0.2231 0.0329 0.0670
109 0.0768 0.2260 0.1759 0.4355 0.0844 0.0014
110 0.0524 0.3750 0.2188 0.3208 0.0238 0.0095
111 0.1166 0.4233 0.2230 0.2112 0.0127 0.0131
112 0.3826 0.0759 0.2451 0.2588 0.0153 0.0223
113 0.5107 0.0901 0.2979 0.0522 0.0419 0.0069
114 0.1469 0.1002 0.3779 0.3442 0.0135 0.0174
115 0.2201 0.2201 0.4343 0.1160 0.0087 0.0009
116 0.2498 0.0360 0.2103 0.4119 0.0739 0.0182
117 0.1155 0.1641 0.6001 0.1137 0.0050 0.0014
118 0.3201 0.1572 0.4585 0.0343 0.0284 0.0017
119 0.4492 0.1338 0.3445 0.0336 0.0374 0.0014
120 0.1284 0.0682 0.4810 0.2289 0.0139 0.0797
121 0.1438 0.0215 0.2817 0.5264 0.0211 0.0057
122 0.1547 0.1055 0.4172 0.2981 0.0104 0.0142
123 0.1036 0.0497 0.3398 0.4866 0.0150 0.0052
124 0.0628 0.1329 0.6592 0.1350 0.0071 0.0029
125 0.0969 0.1421 0.2827 0.4587 0.0177 0.0017
126 0.4172 0.0330 0.2018 0.2512 0.0506 0.0461
127 0.1005 0.1406 0.1835 0.5435 0.0053 0.0266
128 0.1055 0.0436 0.2415 0.1794 0.0062 0.4238
129 0.4106 0.0578 0.3887 0.0991 0.0267 0.0172
130 0.2363 0.0064 0.3547 0.3230 0.0562 0.0232
131 0.2815 0.0270 0.0685 0.4941 0.1103 0.0184
132 0.1715 0.0267 0.0469 0.5454 0.1715 0.0380
133 0.0426 0.0353 0.0873 0.5879 0.1510 0.0959
134 0.0623 0.0177 0.0825 0.5640 0.2074 0.0663
135 0.2480 0.1470 0.2405 0.1493 0.1978 0.0174
136 0.1992 0.0225 0.2479 0.4780 0.0417 0.0106
137 0.1294 0.0570 0.1455 0.5161 0.1057 0.0465
138 0.0707 0.0190 0.3223 0.4761 0.1063 0.0057
139 0.1260 0.0944 0.4197 0.2094 0.1461 0.0044
140 0.1660 0.0889 0.4729 0.2341 0.0112 0.0267
141 0.0229 0.1617 0.6919 0.1165 0.0019 0.0050
142 0.0149 0.2111 0.6812 0.0776 0.0005 0.0146
143 0.0725 0.4546 0.2034 0.2673 0.0013 0.0009
144 0.0386 0.5322 0.1812 0.2362 0.0007 0.0110
145 0.0616 0.0354 0.0621 0.8374 0.0009 0.0026
146 0.1022 0.1149 0.1158 0.6616 0.0022 0.0033
147 0.0698 0.1769 0.5449 0.1512 0.0031 0.0544
148 0.0522 0.1500 0.1809 0.5933 0.0017 0.0221
149 0.0244 0.1104 0.1113 0.5562 0.1938 0.0037
150 0.0278 0.4626 0.1456 0.3604 0.0032 0.0005
151 0.0278 0.4634 0.1873 0.3135 0.0079 0.0002
152 0.0235 0.5859 0.2025 0.1815 0.0061 0.0003
153 0.0280 0.2183 0.6416 0.1047 0.0034 0.0040
154 0.0372 0.1069 0.5776 0.2408 0.0311 0.0061
155 0.3459 0.2234 0.0164 0.3711 0.0284 0.0147
156 0.1097 0.1080 0.7383 0.0209 0.0191 0.0042
157 0.4158 0.1136 0.3555 0.0585 0.0537 0.0029
158 0.1947 0.0949 0.3933 0.1602 0.1541 0.0029
159 0.1534 0.2081 0.2844 0.1234 0.2268 0.0036
160 0.4004 0.0724 0.0901 0.2795 0.1544 0.0031
161 0.3174 0.0025 0.4993 0.1547 0.0022 0.0239
162 0.4253 0.0036 0.3418 0.2139 0.0021 0.0132
163 0.3640 0.0928 0.2091 0.3264 0.0021 0.0057
164 0.2249 0.1792 0.2671 0.1122 0.2129 0.0039
165 0.1372 0.0347 0.1351 0.4033 0.2815 0.0080
166 0.1050 0.1626 0.6899 0.0310 0.0074 0.0041
167 0.1041 0.0843 0.7456 0.0508 0.0038 0.0115
168 0.1328 0.1035 0.7129 0.0294 0.0066 0.0150
169 0.1296 0.2239 0.3062 0.2920 0.0276 0.0208
170 0.0651 0.1676 0.2537 0.4182 0.0544 0.0411
171 0.0626 0.2118 0.3035 0.2761 0.0444 0.1016
172 0.4009 0.0494 0.2954 0.2112 0.0163 0.0269
173 0.1488 0.1159 0.5840 0.1205 0.0235 0.0070
174 0.1011 0.0928 0.5469 0.2141 0.0201 0.0252
175 0.1554 0.0545 0.2026 0.4785 0.0296 0.0793
176 0.1747 0.1816 0.3018 0.1542 0.1788 0.0089
177 0.2117 0.1729 0.3130 0.0737 0.2272 0.0017
178 0.1714 0.1987 0.2306 0.0896 0.3054 0.0043
179 0.2358 0.1014 0.3433 0.2181 0.0225 0.0790
180 0.0595 0.4070 0.0436 0.4399 0.0115 0.0385
181 0.1322 0.0753 0.1385 0.5835 0.0056 0.0649
182 0.1570 0.0719 0.6611 0.0765 0.0063 0.0271
183 0.1062 0.1054 0.7202 0.0547 0.0057 0.0078
184 0.2864 0.1764 0.1532 0.3562 0.0081 0.0196
185 0.1978 0.0418 0.1873 0.5591 0.0079 0.0063
186 0.2300 0.0944 0.5605 0.0922 0.0071 0.0159
187 0.1057 0.0216 0.2289 0.5938 0.0123 0.0377
188 0.4207 0.3950 0.0665 0.1080 0.0067 0.0031
189 0.0364 0.2798 0.6763 0.0051 0.0010 0.0013
190 0.1622 0.0495 0.3127 0.3657 0.0640 0.0458
191 0.2246 0.0746 0.0922 0.5430 0.0221 0.0432
192 0.0341 0.2346 0.7007 0.0251 0.0012 0.0045
193 0.0426 0.1323 0.7617 0.0606 0.0006 0.0022
194 0.0163 0.4890 0.4382 0.0519 0.0007 0.0038
195 0.0803 0.0394 0.1699 0.1597 0.0105 0.5400
196 0.1758 0.0184 0.0744 0.6846 0.0053 0.0417
197 0.4824 0.0663 0.0336 0.3875 0.0117 0.0186
198 0.4780 0.0031 0.2559 0.2223 0.0049 0.0360
199 0.5063 0.0065 0.2627 0.2047 0.0021 0.0173
200 0.2656 0.0033 0.3411 0.3687 0.0072 0.0142
201 0.3108 0.3838 0.1992 0.0926 0.0122 0.0012
202 0.1877 0.0288 0.2646 0.4573 0.0490 0.0126
203 0.2123 0.0346 0.2386 0.4746 0.0160 0.0238
204 0.1675 0.1624 0.6372 0.0251 0.0056 0.0023
205 0.1469 0.3662 0.3386 0.1180 0.0257 0.0047
206 0.2065 0.3486 0.2233 0.1487 0.0351 0.0379
207 0.3979 0.1970 0.2340 0.0592 0.0251 0.0867
208 0.6538 0.1191 0.0623 0.1191 0.0323 0.0136
209 0.1410 0.3179 0.2634 0.2656 0.0105 0.0015
210 0.0485 0.2158 0.5557 0.1708 0.0042 0.0052
211 0.0606 0.0261 0.4241 0.4514 0.0071 0.0305
212 0.1370 0.2661 0.2539 0.3311 0.0031 0.0088
213 0.2173 0.0590 0.4092 0.2090 0.0244 0.0812
214 0.2231 0.0327 0.1079 0.4990 0.1122 0.0250
215 0.1962 0.2024 0.3040 0.1843 0.0107 0.1026
216 0.0803 0.3406 0.3250 0.2415 0.0114 0.0015
217 0.0527 0.1943 0.6572 0.0773 0.0056 0.0129
218 0.0810 0.0611 0.5200 0.2717 0.0282 0.0380
219 0.0832 0.0618 0.7954 0.0341 0.0075 0.0181
220 0.0908 0.0707 0.4683 0.2627 0.0595 0.0479
221 0.0315 0.2072 0.3750 0.3811 0.0035 0.0017
222 0.1328 0.4971 0.2991 0.0694 0.0013 0.0002
223 0.0638 0.1617 0.2729 0.4033 0.0297 0.0685
224 0.0850 0.4353 0.4385 0.0349 0.0055 0.0008
225 0.0270 0.0303 0.1494 0.2314 0.5552 0.0067
226 0.0264 0.0161 0.3704 0.1696 0.4131 0.0043
227 0.5293 0.0878 0.2971 0.0652 0.0067 0.0138
228 0.2490 0.1821 0.2800 0.0909 0.0144 0.1836
229 0.2180 0.1261 0.4761 0.1545 0.0116 0.0137
230 0.2421 0.0688 0.4595 0.1915 0.0185 0.0197
231 0.4126 0.1320 0.3643 0.0581 0.0272 0.0059
232 0.3052 0.0834 0.3352 0.1647 0.0312 0.0803
233 0.3579 0.2056 0.2854 0.0739 0.0285 0.0488
234 0.0159 0.1072 0.8438 0.0105 0.0183 0.0043
235 0.0297 0.1293 0.7793 0.0282 0.0314 0.0022
236 0.2686 0.1003 0.3613 0.0845 0.0107 0.1747
237 0.3213 0.1775 0.2407 0.0581 0.0150 0.1874
238 0.2006 0.1490 0.4485 0.1479 0.0039 0.0499
239 0.1440 0.4724 0.2096 0.0952 0.0026 0.0759
240 0.2345 0.0616 0.4148 0.0726 0.0206 0.1959
241 0.2556 0.1161 0.4927 0.0631 0.0111 0.0612
242 0.1931 0.1600 0.4778 0.0864 0.0100 0.0727
243 0.2527 0.2489 0.1620 0.1104 0.0228 0.2031
244 0.1448 0.1760 0.4460 0.1415 0.0118 0.0800
245 0.2389 0.1483 0.3760 0.1996 0.0226 0.0146
246 0.0997 0.0826 0.3704 0.3760 0.0674 0.0040
247 0.1906 0.2246 0.2585 0.1804 0.1427 0.0031
248 0.2249 0.1176 0.3706 0.1148 0.0011 0.1710
249 0.2991 0.1306 0.4419 0.0259 0.0132 0.0891
250 0.3081 0.0918 0.4414 0.0749 0.0072 0.0767
251 0.3113 0.0657 0.2683 0.1666 0.0121 0.1760
252 0.2549 0.0300 0.4763 0.0635 0.0056 0.1698
253 0.3923 0.0518 0.3354 0.1133 0.0088 0.0984
254 0.2947 0.0594 0.2025 0.2600 0.0318 0.1516
255 0.2476 0.0761 0.4773 0.0940 0.0278 0.0773
256 0.3210 0.1692 0.3445 0.0927 0.0424 0.0301
257 0.3855 0.0564 0.3323 0.0945 0.0052 0.1261
258 0.3823 0.0568 0.4265 0.0564 0.0047 0.0735
259 0.3748 0.0305 0.4519 0.0662 0.0084 0.0682
260 0.2307 0.1537 0.3926 0.1274 0.0038 0.0918
261 0.0194 0.1525 0.7051 0.1032 0.0150 0.0047
262 0.3445 0.0878 0.2173 0.2386 0.0077 0.1042
263 0.3735 0.0908 0.1311 0.2712 0.0050 0.1282
264 0.1825 0.3032 0.3279 0.0829 0.0049 0.0984
265 0.0628 0.5259 0.3672 0.0148 0.0011 0.0281
266 0.2355 0.0422 0.2393 0.1907 0.0316 0.2607
267 0.2430 0.0847 0.2820 0.1013 0.0159 0.2732
268 0.2081 0.1609 0.4043 0.0522 0.0097 0.1647
269 0.2673 0.1354 0.2866 0.1465 0.0189 0.1453
270 0.3889 0.1986 0.2891 0.0342 0.0298 0.0596
271 0.3503 0.1876 0.2998 0.0501 0.0369 0.0752
272 0.3413 0.1161 0.1625 0.1217 0.0462 0.2120
273 0.2678 0.1326 0.4280 0.0891 0.0325 0.0499
274 0.2754 0.0422 0.2079 0.1533 0.0162 0.3049
275 0.3569 0.0293 0.4109 0.1132 0.0044 0.0854
276 0.2554 0.0602 0.3228 0.2573 0.0106 0.0939
277 0.3535 0.0846 0.3372 0.1321 0.0026 0.0901
278 0.2927 0.0757 0.3613 0.1831 0.0070 0.0800
279 0.2322 0.1195 0.2510 0.2395 0.0079 0.1499
280 0.2795 0.0813 0.3818 0.1655 0.0059 0.0859
281 0.3538 0.0753 0.2712 0.2249 0.0139 0.0610
282 0.0319 0.1779 0.6406 0.1343 0.0073 0.0079
283 0.0833 0.2246 0.3118 0.2839 0.0669 0.0295
284 0.0783 0.1697 0.4470 0.2507 0.0429 0.0113
285 0.0344 0.0224 0.4604 0.3477 0.1044 0.0309
286 0.0281 0.3765 0.1071 0.4402 0.0450 0.0032
287 0.0632 0.2744 0.4521 0.1227 0.0155 0.0721
288 0.0483 0.3054 0.3125 0.2612 0.0203 0.0522
289 0.2917 0.0454 0.3958 0.1599 0.0230 0.0842
290 0.2561 0.0613 0.3965 0.1371 0.0078 0.1414
291 0.2083 0.0977 0.3201 0.1536 0.0351 0.1853
292 0.1388 0.1366 0.2939 0.3833 0.0055 0.0420
293 0.3557 0.0281 0.1818 0.3669 0.0120 0.0554
294 0.4336 0.1499 0.3223 0.0854 0.0036 0.0051
295 0.2622 0.0751 0.3420 0.2925 0.0076 0.0207
296 0.3491 0.0933 0.3206 0.2069 0.0071 0.0230
297 0.1096 0.3679 0.4951 0.0235 0.0025 0.0013
298 0.0754 0.1293 0.1420 0.6460 0.0009 0.0065
299 0.0458 0.4592 0.3206 0.1611 0.0011 0.0122
300 0.0425 0.2161 0.4038 0.3245 0.0055 0.0077
301 0.1355 0.1635 0.1912 0.4731 0.0185 0.0183
302 0.1576 0.1180 0.5503 0.1227 0.0466 0.0048
303 0.1196 0.2379 0.3953 0.1398 0.1039 0.0036
304 0.0263 0.0383 0.0963 0.7690 0.0427 0.0276
305 0.1581 0.1764 0.2488 0.3618 0.0522 0.0027
306 0.0843 0.2496 0.5044 0.0682 0.0911 0.0023
307 0.1643 0.1833 0.5737 0.0302 0.0467 0.0017
308 0.1427 0.1761 0.0886 0.5640 0.0031 0.0254
309 0.1672 0.0464 0.4370 0.3430 0.0053 0.0010
310 0.1086 0.5059 0.1103 0.2390 0.0073 0.0290
311 0.0530 0.1499 0.7671 0.0262 0.0031 0.0007
312 0.2063 0.0158 0.3296 0.3916 0.0246 0.0321
313 0.2137 0.0912 0.3638 0.2788 0.0148 0.0377
314 0.1459 0.0283 0.5215 0.2581 0.0047 0.0418
315 0.1437 0.0369 0.4712 0.2483 0.0128 0.0872
316 0.0928 0.3137 0.4094 0.1707 0.0073 0.0061
317 0.3044 0.2837 0.2603 0.1340 0.0068 0.0107
318 0.4158 0.0478 0.1239 0.3394 0.0224 0.0508
319 0.2240 0.4561 0.2810 0.0283 0.0024 0.0082
320 0.1024 0.0636 0.2456 0.5366 0.0158 0.0359
321 0.0773 0.0503 0.1729 0.5449 0.1198 0.0346
322 0.4263 0.1907 0.2263 0.0384 0.0147 0.1036
323 0.1671 0.0264 0.2842 0.5029 0.0100 0.0092
324 0.0421 0.1024 0.0804 0.7627 0.0098 0.0024
325 0.0433 0.0230 0.2573 0.5986 0.0602 0.0177
326 0.0887 0.1396 0.2529 0.4438 0.0582 0.0167
327 0.0661 0.1882 0.3152 0.4177 0.0036 0.0092
328 0.1230 0.1036 0.6396 0.1221 0.0084 0.0030
329 0.1733 0.0590 0.4639 0.2542 0.0297 0.0198
330 0.1609 0.0385 0.6670 0.1007 0.0157 0.0172
331 0.1501 0.0667 0.3464 0.4180 0.0035 0.0153
332 0.2319 0.0443 0.3428 0.3323 0.0103 0.0385
333 0.4099 0.0866 0.1028 0.3096 0.0193 0.0718
334 0.0807 0.0690 0.4434 0.3618 0.0121 0.0331
335 0.1440 0.0212 0.0494 0.6553 0.0391 0.0908
336 0.2032 0.2339 0.3650 0.1632 0.0042 0.0304
337 0.1971 0.1674 0.5195 0.0924 0.0013 0.0225
338 0.0818 0.0217 0.0323 0.7886 0.0313 0.0442
339 0.1434 0.0408 0.2598 0.4929 0.0477 0.0155
340 0.2189 0.0532 0.3337 0.3552 0.0272 0.0119
341 0.1479 0.3257 0.4556 0.0575 0.0037 0.0097
342 0.4458 0.0711 0.2009 0.2661 0.0113 0.0046
343 0.6748 0.1259 0.0958 0.0734 0.0108 0.0191
344 0.2627 0.0997 0.4006 0.2014 0.0098 0.0258
345 0.0553 0.1637 0.5005 0.2517 0.0041 0.0249
346 0.1407 0.3274 0.3511 0.1633 0.0046 0.0128
347 0.2075 0.1155 0.4531 0.0806 0.0051 0.1382
348 0.1351 0.0497 0.6650 0.1351 0.0063 0.0087
349 0.1207 0.3601 0.1274 0.3630 0.0032 0.0255
350 0.0167 0.1205 0.6074 0.2491 0.0006 0.0058
351 0.0894 0.0729 0.2908 0.5435 0.0011 0.0025
352 0.4656 0.0267 0.1647 0.3379 0.0014 0.0036
353 0.6685 0.0303 0.1434 0.1562 0.0008 0.0009
354 0.4336 0.1510 0.2651 0.1385 0.0094 0.0024
355 0.2202 0.1688 0.3010 0.3010 0.0027 0.0061
356 0.4785 0.0363 0.1393 0.3394 0.0017 0.0048
357 0.5952 0.0201 0.0745 0.2812 0.0014 0.0274
358 0.6006 0.1003 0.1628 0.1329 0.0025 0.0008
359 0.3755 0.0787 0.1719 0.3696 0.0021 0.0024
360 0.3911 0.1544 0.1631 0.2751 0.0026 0.0137
361 0.3071 0.0015 0.1450 0.5391 0.0061 0.0014
362 0.2832 0.0041 0.1746 0.5293 0.0039 0.0051
363 0.2866 0.0036 0.4043 0.2959 0.0050 0.0046
364 0.3787 0.0219 0.4033 0.1761 0.0135 0.0065
365 0.1257 0.0489 0.1932 0.6143 0.0054 0.0126
366 0.3650 0.0291 0.1282 0.4543 0.0122 0.0111
367 0.0919 0.0203 0.0553 0.8062 0.0251 0.0011
368 0.3091 0.1248 0.1085 0.4062 0.0456 0.0060
369 0.0743 0.0157 0.0380 0.8506 0.0157 0.0055
370 0.0776 0.0334 0.0965 0.7832 0.0023 0.0070
371 0.3215 0.0449 0.3757 0.2505 0.0071 0.0003
372 0.5288 0.0303 0.0905 0.3362 0.0095 0.0044
373 0.3225 0.0170 0.1672 0.4692 0.0030 0.0211
374 0.5078 0.0593 0.2362 0.1549 0.0087 0.0327
375 0.5728 0.1068 0.1694 0.1350 0.0088 0.0070
376 0.7617 0.1500 0.0583 0.0232 0.0051 0.0017
377 0.6338 0.1641 0.0964 0.1019 0.0027 0.0010
378 0.4243 0.2325 0.1265 0.2068 0.0080 0.0018
379 0.1383 0.0852 0.0839 0.3423 0.0384 0.3118
380 0.1383 0.0852 0.0839 0.3423 0.0384 0.3118
381 0.6802 0.0248 0.0318 0.1948 0.0276 0.0408
382 0.6826 0.0249 0.0319 0.1925 0.0273 0.0410
383 0.6826 0.0249 0.0319 0.1925 0.0273 0.0410
