time exciting_prob fearful_prob tense_prob sad_prob relaxing_prob neutral_prob
0 0.1136 0.1553 0.1349 0.1288 0.0181 0.4492
1 0.0263 0.1638 0.2239 0.4451 0.1236 0.0173
2 0.0581 0.2300 0.1764 0.2264 0.3000 0.0091
3 0.0682 0.3462 0.3804 0.1273 0.0359 0.0420
4 0.0257 0.3174 0.2358 0.3889 0.0174 0.0147
5 0.0130 0.1796 0.6777 0.1141 0.0099 0.0057
6 0.0174 0.2563 0.5098 0.1155 0.0321 0.0690
7 0.0153 0.1804 0.3423 0.3940 0.0065 0.0614
8 0.0159 0.2184 0.6621 0.0779 0.0076 0.0181
9 0.0101 0.1938 0.6455 0.1194 0.0012 0.0297
10 0.0312 0.1587 0.1770 0.3630 0.0243 0.2457
11 0.0409 0.3423 0.2109 0.2708 0.0321 0.1028
12 0.0421 0.1774 0.6592 0.0632 0.0054 0.0529
13 0.0139 0.1974 0.3630 0.4050 0.0054 0.0152
14 0.0114 0.1536 0.4045 0.4045 0.0082 0.0178
15 0.0552 0.4443 0.3569 0.1159 0.0179 0.0097
16 0.0135 0.2551 0.4207 0.2673 0.0167 0.0267
17 0.0797 0.0924 0.3354 0.0681 0.1141 0.3103
18 0.0648 0.2124 0.3845 0.0723 0.0899 0.1760
19 0.0277 0.1498 0.5068 0.0654 0.0426 0.2079
20 0.0192 0.1582 0.4578 0.2954 0.0189 0.0506
21 0.0492 0.0751 0.2539 0.5132 0.0077 0.1010
22 0.0456 0.2666 0.1921 0.3879 0.0154 0.0922
23 0.0422 0.2111 0.2507 0.4197 0.0130 0.0634
24 0.0222 0.3970 0.3672 0.1361 0.0189 0.0586
25 0.0348 0.2112 0.2798 0.3120 0.0400 0.1222
26 0.1065 0.0598 0.4148 0.3718 0.0156 0.0315
27 0.0451 0.5122 0.2006 0.1715 0.0389 0.0317
28 0.0263 0.3281 0.1730 0.4348 0.0303 0.0076
29 0.0218 0.2439 0.5327 0.1757 0.0167 0.0092
30 0.0116 0.3762 0.5737 0.0240 0.0111 0.0036
31 0.0129 0.4583 0.4106 0.0640 0.0461 0.0082
32 0.0399 0.1249 0.4863 0.2524 0.0712 0.0252
33 0.0092 0.2866 0.5107 0.1659 0.0101 0.0172
34 0.0152 0.1809 0.2847 0.2847 0.2288 0.0058
35 0.0114 0.4346 0.5327 0.0074 0.0118 0.0023
36 0.0884 0.0496 0.6743 0.0571 0.1209 0.0095
37 0.1320 0.1721 0.4065 0.1340 0.1383 0.0169
38 0.0146 0.3162 0.5728 0.0415 0.0045 0.0508
39 0.0127 0.3699 0.4900 0.0533 0.0149 0.0594
40 0.0533 0.1567 0.3318 0.3645 0.0304 0.0634
41 0.0495 0.2632 0.5488 0.1187 0.0158 0.0040
42 0.0148 0.5225 0.3647 0.0801 0.0120 0.0061
43 0.0231 0.2173 0.6909 0.0424 0.0151 0.0113
44 0.0649 0.3704 0.4756 0.0193 0.0624 0.0073
45 0.0237 0.3801 0.3408 0.1882 0.0401 0.0269
46 0.0106 0.1002 0.0280 0.0710 0.7881 0.0022
47 0.0121 0.1912 0.6567 0.1196 0.0062 0.0138
48 0.0781 0.0957 0.1816 0.6050 0.0174 0.0224
49 0.0100 0.4021 0.1346 0.4346 0.0174 0.0014
50 0.0067 0.6006 0.2280 0.1240 0.0403 0.0002
51 0.0030 0.4675 0.0935 0.4324 0.0028 0.0008
52 0.0024 0.1434 0.0234 0.8252 0.0024 0.0030
53 0.0065 0.3286 0.0711 0.5859 0.0066 0.0013
54 0.0195 0.1877 0.5781 0.1462 0.0505 0.0179
55 0.0164 0.1037 0.6865 0.1053 0.0770 0.0108
56 0.0130 0.4043 0.1583 0.2377 0.1852 0.0015
57 0.1365 0.2632 0.1808 0.3652 0.0081 0.0461
58 0.0340 0.5654 0.1498 0.1864 0.0615 0.0029
59 0.0815 0.2891 0.2715 0.0731 0.2510 0.0340
60 0.0967 0.4204 0.2433 0.1808 0.0324 0.0265
61 0.0917 0.1942 0.3252 0.1196 0.2417 0.0275
62 0.0230 0.1700 0.6621 0.1324 0.0034 0.0091
63 0.0504 0.5776 0.2727 0.0794 0.0169 0.0031
64 0.0145 0.5684 0.3394 0.0657 0.0103 0.0021
65 0.0372 0.2969 0.3933 0.0858 0.1858 0.0011
66 0.0817 0.2085 0.2595 0.3660 0.0607 0.0238
67 0.1152 0.4021 0.2964 0.1246 0.0492 0.0124
68 0.0430 0.4082 0.2290 0.1008 0.2085 0.0105
69 0.0654 0.2629 0.5566 0.0582 0.0364 0.0203
70 0.0382 0.5317 0.2937 0.0868 0.0067 0.0430
71 0.0524 0.5171 0.2057 0.1436 0.0428 0.0386
72 0.0242 0.1173 0.4224 0.0690 0.0170 0.3501
73 0.0217 0.0564 0.3977 0.1375 0.0302 0.3564
74 0.0226 0.0997 0.4609 0.2930 0.1013 0.0228
75 0.0605 0.2930 0.4683 0.1045 0.0525 0.0214
76 0.0620 0.3149 0.2233 0.3513 0.0131 0.0356
77 0.0572 0.3816 0.3367 0.0878 0.1339 0.0027
78 0.0840 0.5103 0.2468 0.0513 0.1053 0.0023
79 0.0946 0.2396 0.3486 0.0526 0.2396 0.0247
80 0.0906 0.3938 0.3501 0.0980 0.0229 0.0445
81 0.0423 0.2939 0.4624 0.0592 0.0332 0.1089
82 0.0793 0.1471 0.1760 0.1136 0.0618 0.4221
83 0.0587 0.5112 0.2454 0.0464 0.0450 0.0931
84 0.0203 0.3406 0.2825 0.1023 0.0309 0.2234
85 0.0533 0.3396 0.4033 0.0746 0.0207 0.1085
86 0.0721 0.0912 0.2900 0.4856 0.0306 0.0306
87 0.1456 0.2152 0.0919 0.5166 0.0057 0.0251
88 0.0476 0.1024 0.2168 0.5986 0.0124 0.0223
89 0.0339 0.1407 0.2356 0.0416 0.5396 0.0089
90 0.0103 0.1065 0.1116 0.0194 0.7510 0.0014
91 0.0069 0.0887 0.0901 0.0103 0.8032 0.0008
92 0.0488 0.4927 0.2988 0.0682 0.0721 0.0193
93 0.0257 0.4412 0.3892 0.0630 0.0382 0.0427
94 0.0262 0.2448 0.5181 0.0648 0.1183 0.0279
95 0.0165 0.0282 0.1204 0.0233 0.8096 0.0018
96 0.0153 0.0281 0.1257 0.0408 0.7822 0.0077
97 0.0700 0.1874 0.4028 0.3018 0.0338 0.0042
98 0.0169 0.0964 0.2241 0.0428 0.6094 0.0106
99 0.0797 0.1047 0.3801 0.0420 0.3860 0.0075
100 0.0703 0.0737 0.2455 0.0651 0.5278 0.0175
101 0.0071 0.1616 0.1859 0.6099 0.0252 0.0105
102 0.0454 0.3918 0.3459 0.0737 0.1323 0.0109
103 0.0716 0.4705 0.3389 0.0905 0.0152 0.0132
104 0.0923 0.0635 0.2844 0.5151 0.0376 0.0067
105 0.1320 0.2484 0.2124 0.0751 0.3188 0.0132
106 0.1261 0.1281 0.3884 0.1953 0.1343 0.0279
107 0.0475 0.4131 0.4468 0.0337 0.0299 0.0290
108 0.0522 0.3982 0.0625 0.0522 0.4338 0.0009
109 0.0284 0.1222 0.3823 0.0135 0.4331 0.0204
110 0.1017 0.3132 0.2988 0.1650 0.0911 0.0301
111 0.0363 0.1143 0.2920 0.0562 0.4966 0.0049
112 0.0040 0.8696 0.1159 0.0036 0.0063 0.0003
113 0.0310 0.0875 0.3545 0.0661 0.3713 0.0896
114 0.0368 0.1226 0.4773 0.0911 0.2290 0.0434
115 0.0319 0.1672 0.6118 0.0551 0.1097 0.0243
116 0.0945 0.0822 0.5029 0.1038 0.2130 0.0033
117 0.0229 0.0900 0.1155 0.0442 0.7192 0.0083
118 0.0177 0.3086 0.1306 0.0143 0.5249 0.0039
119 0.0806 0.4819 0.1887 0.1403 0.1042 0.0042
120 0.0487 0.6265 0.2571 0.0394 0.0269 0.0011
121 0.0163 0.4644 0.3789 0.0568 0.0634 0.0204
122 0.0377 0.1469 0.3062 0.0308 0.3694 0.1091
123 0.0535 0.0645 0.6719 0.0324 0.0592 0.1186
124 0.0404 0.2805 0.4846 0.0969 0.0897 0.0078
125 0.0090 0.3254 0.5044 0.0811 0.0441 0.0362
126 0.0473 0.0330 0.5762 0.0431 0.2440 0.0562
127 0.0542 0.0443 0.4756 0.0952 0.2886 0.0422
128 0.0601 0.2415 0.4583 0.1940 0.0334 0.0128
129 0.0288 0.2231 0.1658 0.4233 0.1157 0.0432
130 0.0332 0.2825 0.4585 0.1824 0.0255 0.0178
131 0.0464 0.0888 0.4106 0.1880 0.0359 0.2303
132 0.0533 0.1936 0.4099 0.0846 0.0605 0.1982
133 0.0102 0.2190 0.6797 0.0341 0.0051 0.0520
134 0.1078 0.4165 0.3347 0.0691 0.0339 0.0378
135 0.0909 0.4875 0.2339 0.0714 0.0291 0.0874
136 0.0570 0.1675 0.4551 0.1500 0.0606 0.1098
137 0.1146 0.2446 0.2092 0.3091 0.1137 0.0087
138 0.1674 0.3599 0.2252 0.1635 0.0472 0.0368
139 0.1105 0.0426 0.2377 0.2268 0.2529 0.1293
140 0.0443 0.3564 0.0644 0.3508 0.1683 0.0158
141 0.0352 0.2241 0.2993 0.1042 0.0516 0.2856
142 0.0326 0.3145 0.3647 0.0591 0.0696 0.1594
143 0.0716 0.4817 0.3159 0.0598 0.0488 0.0220
144 0.0530 0.2979 0.4688 0.0730 0.0518 0.0555
145 0.0295 0.4263 0.1520 0.3320 0.0163 0.0442
146 0.0065 0.0243 0.0640 0.0141 0.8843 0.0068
147 0.0066 0.0121 0.0465 0.0102 0.9048 0.0197
148 0.0082 0.1436 0.5679 0.1267 0.1018 0.0520
149 0.0051 0.1227 0.0536 0.0270 0.7876 0.0039
150 0.0188 0.2920 0.1855 0.0773 0.4248 0.0015
151 0.0303 0.3806 0.3521 0.1090 0.1216 0.0065
152 0.0138 0.1682 0.5181 0.1138 0.0072 0.1791
153 0.0106 0.3665 0.3840 0.0927 0.0051 0.1412
154 0.0461 0.2413 0.5791 0.0640 0.0151 0.0547
155 0.0076 0.0236 0.1010 0.0165 0.8457 0.0058
156 0.0070 0.4631 0.2639 0.0971 0.0062 0.1626
157 0.0201 0.4531 0.3757 0.0892 0.0229 0.0390
158 0.0750 0.0558 0.2460 0.5542 0.0165 0.0524
159 0.0460 0.1351 0.3191 0.2446 0.0288 0.2263
160 0.0501 0.0936 0.2708 0.4980 0.0272 0.0604
161 0.0650 0.1609 0.5977 0.0931 0.0225 0.0610
162 0.0739 0.3162 0.3582 0.1615 0.0231 0.0673
163 0.0045 0.6660 0.3000 0.0258 0.0019 0.0018
164 0.0073 0.3872 0.3933 0.0266 0.0030 0.1829
165 0.0126 0.2817 0.6348 0.0364 0.0034 0.0311
166 0.0301 0.4084 0.2595 0.1017 0.0161 0.1841
167 0.0433 0.1752 0.3567 0.0514 0.0486 0.3247
168 0.0293 0.0696 0.1984 0.1544 0.0339 0.5146
169 0.0280 0.0195 0.2654 0.0433 0.5889 0.0548
170 0.0265 0.0305 0.2253 0.0437 0.6030 0.0709
171 0.0164 0.3188 0.3447 0.1035 0.0375 0.1788
172 0.0739 0.1602 0.5293 0.1238 0.0562 0.0567
173 0.1737 0.0944 0.5874 0.1005 0.0288 0.0152
174 0.0157 0.1871 0.0927 0.5249 0.0267 0.1527
175 0.0257 0.4014 0.3328 0.0430 0.0218 0.1754
176 0.0193 0.3643 0.4326 0.0800 0.0043 0.0996
177 0.0200 0.1454 0.5034 0.0479 0.0135 0.2695
178 0.0542 0.1790 0.1212 0.3142 0.1156 0.2159
179 0.0660 0.2915 0.3625 0.0917 0.1355 0.0526
180 0.0329 0.1986 0.1621 0.0362 0.5659 0.0044
181 0.0149 0.3760 0.5645 0.0115 0.0277 0.0057
182 0.0457 0.4375 0.4307 0.0146 0.0676 0.0041
183 0.0149 0.4817 0.4316 0.0225 0.0116 0.0377
184 0.0049 0.4031 0.1415 0.4429 0.0050 0.0026
185 0.0312 0.2302 0.4368 0.2129 0.0094 0.0795
186 0.0269 0.1987 0.3381 0.1987 0.0479 0.1896
187 0.0303 0.2101 0.2656 0.2827 0.0656 0.1455
188 0.0192 0.3176 0.5664 0.0232 0.0698 0.0036
189 0.0790 0.3489 0.2183 0.1187 0.2115 0.0237
190 0.0702 0.3647 0.2047 0.1046 0.2213 0.0345
191 0.0298 0.2166 0.4045 0.1824 0.1293 0.0376
192 0.0486 0.3430 0.2510 0.0539 0.0582 0.2452
193 0.0181 0.2223 0.2422 0.1306 0.0344 0.3523
194 0.0113 0.1876 0.4717 0.1936 0.0088 0.1270
195 0.0065 0.1233 0.2651 0.5879 0.0023 0.0147
196 0.1021 0.1384 0.0316 0.1631 0.5605 0.0043
197 0.0142 0.5054 0.3528 0.0864 0.0292 0.0122
198 0.0173 0.4233 0.4167 0.0534 0.0175 0.0718
199 0.0227 0.3640 0.3262 0.1035 0.0270 0.1565
200 0.0917 0.1355 0.4238 0.0797 0.0426 0.2268
201 0.0341 0.2220 0.0750 0.4626 0.2021 0.0042
202 0.0162 0.1561 0.0798 0.5200 0.2101 0.0177
203 0.0262 0.2489 0.5186 0.1849 0.0116 0.0097
204 0.0144 0.1105 0.4373 0.3982 0.0203 0.0194
205 0.0153 0.1564 0.6284 0.1614 0.0213 0.0172
206 0.0231 0.5303 0.2974 0.0800 0.0456 0.0237
207 0.0611 0.2417 0.4807 0.0816 0.0737 0.0611
208 0.0452 0.4785 0.4028 0.0287 0.0378 0.0069
209 0.0435 0.3262 0.1830 0.1110 0.3313 0.0051
210 0.0443 0.2284 0.2145 0.3650 0.1078 0.0400
211 0.0345 0.3171 0.1451 0.0461 0.4470 0.0101
212 0.0101 0.2380 0.5801 0.1040 0.0015 0.0661
213 0.0744 0.2598 0.1348 0.3440 0.1246 0.0626
214 0.0396 0.5459 0.2104 0.0919 0.0781 0.0341
215 0.0980 0.2993 0.2561 0.1119 0.2025 0.0323
216 0.0236 0.1886 0.3013 0.4595 0.0167 0.0103
217 0.0861 0.3857 0.1671 0.1595 0.1940 0.0077
218 0.0267 0.1676 0.4924 0.1898 0.0823 0.0411
219 0.0577 0.2649 0.4651 0.0461 0.0938 0.0724
220 0.0170 0.4956 0.4109 0.0382 0.0237 0.0148
221 0.0538 0.2776 0.4170 0.0983 0.0874 0.0660
222 0.0599 0.2815 0.2028 0.1077 0.1183 0.2297
223 0.0876 0.2871 0.4885 0.0636 0.0447 0.0284
224 0.0767 0.1727 0.2474 0.3330 0.0969 0.0732
