time exciting_prob fearful_prob tense_prob sad_prob relaxing_prob neutral_prob
0 0.9805 0.0144 0.0008 0.0004 0.0034 0.0004
1 0.1652 0.1414 0.2223 0.1552 0.1228 0.1931
2 0.1079 0.3223 0.4836 0.0543 0.0139 0.0179
3 0.2316 0.3267 0.2751 0.0958 0.0275 0.0435
4 0.0641 0.1490 0.2783 0.1356 0.2168 0.1561
5 0.0510 0.1047 0.3030 0.1548 0.1150 0.2715
6 0.1077 0.0390 0.5918 0.1405 0.1094 0.0115
7 0.2451 0.0178 0.3567 0.2529 0.1122 0.0154
8 0.0939 0.4175 0.4375 0.0234 0.0181 0.0097
9 0.1076 0.2834 0.5137 0.0504 0.0196 0.0254
10 0.1021 0.3792 0.2776 0.0385 0.0974 0.1053
11 0.1055 0.0262 0.3513 0.1442 0.3623 0.0106
12 0.0320 0.5400 0.2803 0.1115 0.0144 0.0218
13 0.1026 0.0622 0.3472 0.1887 0.0289 0.2703
14 0.3254 0.0715 0.2307 0.1254 0.1274 0.1197
15 0.2351 0.1720 0.3018 0.0529 0.0274 0.2107
16 0.1083 0.1434 0.3496 0.3496 0.0100 0.0392
17 0.0784 0.1714 0.4309 0.2612 0.0147 0.0433
18 0.2546 0.1147 0.4397 0.0595 0.0936 0.0378
19 0.3032 0.0816 0.3176 0.0731 0.1500 0.0743
20 0.0843 0.0570 0.3662 0.2598 0.1456 0.0870
21 0.0851 0.0604 0.1919 0.4062 0.0674 0.1890
22 0.1610 0.2306 0.5034 0.0205 0.0118 0.0726
23 0.2346 0.2070 0.1885 0.2576 0.0646 0.0477
24 0.0136 0.0046 0.0659 0.0275 0.8818 0.0067
25 0.2322 0.0226 0.0938 0.3711 0.0754 0.2050
26 0.1708 0.3730 0.3450 0.0833 0.0088 0.0192
27 0.0730 0.2510 0.3594 0.1451 0.1343 0.0373
28 0.1069 0.0770 0.2905 0.0859 0.3972 0.0425
29 0.2084 0.3545 0.3330 0.0484 0.0398 0.0158
30 0.5444 0.0583 0.2739 0.0703 0.0230 0.0298
31 0.1693 0.0800 0.4189 0.1426 0.1693 0.0199
32 0.1174 0.1605 0.2861 0.1250 0.0505 0.2605
33 0.0753 0.0226 0.1620 0.1131 0.5742 0.0526
34 0.1284 0.0480 0.1648 0.0423 0.5938 0.0230
35 0.0710 0.0301 0.3035 0.1368 0.2220 0.2365
36 0.1981 0.4329 0.2466 0.0542 0.0175 0.0509
37 0.1876 0.1630 0.3291 0.0529 0.0614 0.2061
38 0.0648 0.0065 0.0405 0.0336 0.8267 0.0278
39 0.1299 0.0812 0.1448 0.0965 0.4824 0.0653
40 0.0403 0.0100 0.0936 0.0674 0.7837 0.0047
41 0.1412 0.1390 0.2559 0.0805 0.3723 0.0111
42 0.1294 0.0961 0.2695 0.1039 0.3923 0.0086
43 0.0083 0.0010 0.0398 0.0135 0.9351 0.0025
44 0.1759 0.4932 0.1962 0.0919 0.0161 0.0268
45 0.2365 0.2119 0.2556 0.2087 0.0421 0.0451
46 0.1635 0.2415 0.2651 0.1881 0.0487 0.0931
47 0.1368 0.5005 0.2681 0.0431 0.0158 0.0357
48 0.2595 0.2053 0.4773 0.0293 0.0035 0.0251
49 0.2419 0.0641 0.3928 0.0444 0.0187 0.2382
50 0.0963 0.0786 0.4246 0.0786 0.0255 0.2964
51 0.0944 0.0974 0.4297 0.0915 0.0381 0.2488
52 0.1444 0.4050 0.3926 0.0346 0.0175 0.0060
53 0.0906 0.0751 0.4670 0.0892 0.2139 0.0642
54 0.2257 0.0780 0.2944 0.1153 0.0608 0.2257
55 0.1038 0.1851 0.3403 0.0931 0.1312 0.1464
56 0.2162 0.0610 0.1533 0.2488 0.0680 0.2527
57 0.0829 0.6318 0.2551 0.0117 0.0162 0.0023
58 0.0774 0.2578 0.2498 0.0524 0.3579 0.0049
59 0.1951 0.0550 0.5386 0.0422 0.1567 0.0123
60 0.0837 0.0469 0.5044 0.0632 0.2874 0.0143
61 0.2783 0.1235 0.4111 0.0961 0.0395 0.0515
62 0.0345 0.1385 0.4009 0.3074 0.0840 0.0345
63 0.0403 0.3274 0.4338 0.1365 0.0494 0.0123
64 0.0279 0.0052 0.0759 0.0406 0.8418 0.0086
65 0.2888 0.1646 0.3540 0.0796 0.0724 0.0406
66 0.0649 0.1709 0.6152 0.1036 0.0136 0.0316
67 0.0704 0.2534 0.4377 0.1825 0.0218 0.0343
68 0.2299 0.0989 0.3850 0.0770 0.1735 0.0358
69 0.1522 0.0778 0.5396 0.0953 0.0397 0.0953
70 0.1239 0.1129 0.2974 0.1111 0.0482 0.3066
71 0.0769 0.1019 0.1760 0.4861 0.1415 0.0176
72 0.0082 0.0039 0.0598 0.0306 0.8931 0.0045
73 0.0787 0.0074 0.0355 0.0202 0.8203 0.0378
74 0.0945 0.0079 0.0555 0.0258 0.7910 0.0254
75 0.2839 0.0664 0.2468 0.0789 0.0443 0.2795
76 0.0643 0.3069 0.2974 0.2108 0.0729 0.0478
77 0.1134 0.4021 0.2720 0.1049 0.0779 0.0298
78 0.1011 0.0349 0.2502 0.0852 0.1220 0.4062
79 0.0236 0.0049 0.0726 0.0284 0.8306 0.0401
80 0.1979 0.0567 0.4060 0.0838 0.1692 0.0864
81 0.1843 0.1902 0.1162 0.0386 0.4561 0.0147
82 0.2024 0.0101 0.1100 0.0912 0.5332 0.0528
83 0.1083 0.0520 0.1678 0.1172 0.4219 0.1328
84 0.2273 0.1008 0.1444 0.1444 0.3306 0.0523
85 0.1936 0.0886 0.3044 0.1270 0.0958 0.1906
86 0.1290 0.0400 0.2566 0.0680 0.1271 0.3794
87 0.1149 0.0356 0.3708 0.3652 0.0983 0.0152
88 0.0728 0.2173 0.4602 0.2173 0.0021 0.0303
89 0.1559 0.1608 0.3567 0.1465 0.0142 0.1659
90 0.1991 0.1527 0.2944 0.1246 0.2087 0.0205
91 0.1224 0.0324 0.2756 0.0790 0.3125 0.1780
92 0.1199 0.0683 0.2461 0.0584 0.4817 0.0255
93 0.1521 0.0350 0.2046 0.1362 0.4399 0.0321
94 0.1608 0.0312 0.4236 0.1292 0.2268 0.0284
95 0.1835 0.0753 0.4402 0.1204 0.0853 0.0952
96 0.0725 0.0183 0.0322 0.0195 0.8428 0.0150
97 0.1538 0.0662 0.1587 0.0798 0.4666 0.0750
98 0.2269 0.1293 0.2695 0.2098 0.0351 0.1293
99 0.1005 0.0820 0.5962 0.1461 0.0529 0.0221
100 0.1220 0.6597 0.1567 0.0107 0.0219 0.0290
101 0.0907 0.5469 0.3066 0.0176 0.0058 0.0323
102 0.1379 0.3062 0.2966 0.0774 0.0395 0.1423
103 0.1484 0.1484 0.2817 0.1212 0.0669 0.2335
104 0.2976 0.1544 0.2355 0.0634 0.1147 0.1342
105 0.2368 0.1392 0.1787 0.1371 0.0562 0.2520
106 0.1331 0.0770 0.1935 0.5181 0.0638 0.0148
107 0.1212 0.1004 0.4866 0.1735 0.1020 0.0163
108 0.0566 0.0135 0.1978 0.0594 0.6689 0.0039
109 0.0380 0.0156 0.2849 0.1245 0.5239 0.0131
110 0.0356 0.1096 0.3767 0.4473 0.0138 0.0169
111 0.0573 0.1022 0.4509 0.3250 0.0258 0.0388
112 0.3577 0.1945 0.3523 0.0272 0.0515 0.0169
113 0.1082 0.0911 0.3958 0.2362 0.1245 0.0444
114 0.3474 0.0308 0.3064 0.0851 0.2074 0.0229
115 0.3845 0.1119 0.3289 0.0690 0.0831 0.0226
116 0.0751 0.1110 0.1541 0.3364 0.0812 0.2423
117 0.1621 0.0479 0.5396 0.0655 0.1725 0.0122
118 0.1173 0.2859 0.2059 0.0599 0.3188 0.0121
119 0.1576 0.3496 0.1338 0.1091 0.1338 0.1162
120 0.0831 0.1578 0.4224 0.2603 0.0572 0.0194
121 0.1334 0.0809 0.3743 0.1089 0.2201 0.0822
122 0.1138 0.3396 0.3140 0.1735 0.0369 0.0222
123 0.1975 0.2421 0.2966 0.1689 0.0688 0.0261
124 0.2106 0.1339 0.2539 0.1027 0.1979 0.1011
125 0.0878 0.1257 0.3469 0.3694 0.0318 0.0383
126 0.1487 0.1292 0.4507 0.0759 0.1232 0.0724
127 0.2737 0.2781 0.2781 0.0556 0.0324 0.0822
128 0.0905 0.0366 0.2788 0.0683 0.4817 0.0441
129 0.0439 0.4368 0.4368 0.0543 0.0190 0.0092
130 0.1925 0.0340 0.3828 0.1431 0.1431 0.1047
131 0.2595 0.3386 0.2152 0.0897 0.0417 0.0553
132 0.0629 0.1608 0.5435 0.1821 0.0316 0.0189
133 0.3374 0.2668 0.2886 0.0252 0.0367 0.0453
134 0.1714 0.0426 0.2493 0.0507 0.4241 0.0620
135 0.0792 0.1049 0.3718 0.3718 0.0417 0.0305
136 0.1779 0.1779 0.4265 0.1570 0.0304 0.0304
137 0.1647 0.2081 0.4404 0.0578 0.0968 0.0322
138 0.1626 0.4285 0.3135 0.0414 0.0481 0.0057
139 0.0513 0.0220 0.3848 0.0521 0.4568 0.0331
140 0.0526 0.0391 0.4136 0.0605 0.4136 0.0209
141 0.0374 0.0078 0.1674 0.0423 0.7388 0.0066
142 0.1074 0.2203 0.2659 0.0786 0.1423 0.1855
143 0.1528 0.0207 0.5171 0.0818 0.2057 0.0220
144 0.0483 0.0847 0.2957 0.1464 0.4170 0.0079
145 0.1759 0.1627 0.3555 0.2057 0.0831 0.0172
146 0.1877 0.0254 0.3347 0.2030 0.2229 0.0262
147 0.1569 0.0937 0.4539 0.1619 0.0922 0.0416
148 0.1073 0.3254 0.2494 0.0917 0.1755 0.0507
149 0.0865 0.5815 0.1666 0.0706 0.0717 0.0229
150 0.0853 0.0502 0.4685 0.2179 0.1620 0.0160
151 0.0482 0.0609 0.6348 0.0900 0.1605 0.0054
152 0.0216 0.5405 0.3545 0.0755 0.0033 0.0044
153 0.0598 0.1370 0.4780 0.2089 0.0942 0.0220
154 0.1149 0.0670 0.1864 0.2432 0.3650 0.0237
155 0.0462 0.0193 0.1885 0.0469 0.6895 0.0095
156 0.0608 0.0220 0.2900 0.0781 0.5171 0.0320
157 0.0992 0.0401 0.3801 0.0903 0.3743 0.0162
158 0.1235 0.0312 0.5039 0.1254 0.2036 0.0124
159 0.0563 0.0619 0.4500 0.2605 0.1036 0.0679
160 0.2532 0.0225 0.1941 0.0903 0.2737 0.1660
161 0.0529 0.1936 0.4792 0.2094 0.0347 0.0302
162 0.0696 0.1617 0.3069 0.4067 0.0314 0.0237
163 0.0721 0.0451 0.3604 0.0804 0.4346 0.0074
164 0.1202 0.0922 0.2429 0.0501 0.4756 0.0190
165 0.0504 0.2028 0.4714 0.0474 0.2124 0.0156
166 0.2289 0.3955 0.2184 0.0184 0.1284 0.0105
167 0.0840 0.0334 0.4612 0.0777 0.2469 0.0967
168 0.1594 0.0117 0.3027 0.0742 0.4473 0.0047
169 0.1996 0.0316 0.3906 0.0832 0.2445 0.0504
170 0.0643 0.0550 0.6196 0.1721 0.0717 0.0172
171 0.3232 0.1266 0.2764 0.1227 0.0779 0.0732
172 0.1351 0.4363 0.3560 0.0412 0.0172 0.0144
173 0.1405 0.0696 0.4905 0.1383 0.1260 0.0350
174 0.1973 0.0797 0.1769 0.4177 0.0875 0.0410
175 0.0727 0.0524 0.1857 0.4119 0.2578 0.0199
176 0.0635 0.4207 0.4141 0.0583 0.0310 0.0124
177 0.2235 0.4048 0.2915 0.0440 0.0249 0.0113
178 0.3042 0.0266 0.2158 0.2484 0.0858 0.1191
179 0.3076 0.1523 0.3599 0.0772 0.0491 0.0539
180 0.1298 0.0576 0.1566 0.1859 0.4460 0.0240
181 0.2020 0.1501 0.1501 0.2986 0.0925 0.1065
182 0.1032 0.2438 0.3604 0.2085 0.0682 0.0158
183 0.0665 0.0676 0.2018 0.0237 0.6313 0.0091
184 0.0838 0.0541 0.6289 0.1542 0.0632 0.0159
185 0.0534 0.0185 0.0410 0.0827 0.7974 0.0072
186 0.1699 0.4141 0.2358 0.1224 0.0491 0.0087
187 0.0837 0.1641 0.5635 0.1589 0.0150 0.0147
188 0.0987 0.0496 0.2856 0.1191 0.3965 0.0504
189 0.0613 0.0812 0.2791 0.1830 0.3875 0.0079
190 0.1682 0.0393 0.1175 0.0746 0.3096 0.2908
191 0.0246 0.0034 0.0432 0.0106 0.8955 0.0228
192 0.0447 0.0186 0.1443 0.1234 0.6465 0.0225
193 0.0462 0.5713 0.2383 0.0876 0.0484 0.0080
194 0.0942 0.1101 0.2900 0.3843 0.1084 0.0128
195 0.1245 0.1169 0.3716 0.1367 0.1840 0.0666
196 0.1197 0.0823 0.2871 0.1124 0.3303 0.0682
197 0.0823 0.0461 0.2917 0.2036 0.2656 0.1107
198 0.3022 0.2355 0.1569 0.0529 0.1342 0.1184
199 0.2201 0.3743 0.2306 0.0444 0.0666 0.0640
200 0.1830 0.2878 0.1802 0.0497 0.1403 0.1589
201 0.0477 0.0103 0.3638 0.0276 0.5464 0.0042
202 0.0721 0.0085 0.2188 0.0330 0.6631 0.0043
203 0.0844 0.1100 0.4778 0.2722 0.0305 0.0249
204 0.0576 0.0208 0.1403 0.1199 0.6187 0.0428
205 0.0348 0.0110 0.0903 0.0232 0.8174 0.0232
206 0.1661 0.1057 0.2134 0.0472 0.4377 0.0298
207 0.0455 0.3359 0.3359 0.2273 0.0104 0.0448
208 0.0904 0.1637 0.3411 0.3154 0.0557 0.0338
209 0.0678 0.0171 0.3496 0.0699 0.2898 0.2056
210 0.0785 0.0280 0.2382 0.0715 0.3865 0.1974
211 0.0500 0.0244 0.1539 0.1799 0.4119 0.1799
212 0.0999 0.3376 0.3430 0.1698 0.0191 0.0305
213 0.0545 0.1154 0.3557 0.1788 0.2903 0.0054
214 0.1067 0.1932 0.0806 0.2260 0.3784 0.0153
215 0.0406 0.4233 0.4038 0.1213 0.0072 0.0038
216 0.0621 0.2418 0.4734 0.1008 0.1073 0.0144
217 0.1124 0.1008 0.4661 0.2615 0.0307 0.0284
218 0.1373 0.0246 0.2646 0.1270 0.3911 0.0555
219 0.3149 0.0426 0.1536 0.2651 0.1465 0.0772
220 0.0715 0.1975 0.3059 0.2700 0.1091 0.0462
221 0.2200 0.1273 0.3303 0.2067 0.0101 0.1056
222 0.0390 0.2245 0.2708 0.4065 0.0456 0.0135
223 0.4526 0.1218 0.0477 0.0589 0.2661 0.0528
224 0.3479 0.0464 0.0350 0.3535 0.1952 0.0219
225 0.2312 0.3997 0.0673 0.2386 0.0500 0.0133
226 0.0370 0.2646 0.4365 0.2566 0.0024 0.0030
227 0.1301 0.2842 0.2710 0.1364 0.0771 0.1013
228 0.0223 0.1671 0.6406 0.1407 0.0182 0.0112
229 0.0112 0.1010 0.5210 0.3311 0.0240 0.0119
230 0.0626 0.1525 0.5845 0.1388 0.0561 0.0057
231 0.2527 0.0406 0.2230 0.3564 0.0221 0.1053
232 0.3665 0.0204 0.0768 0.4421 0.0608 0.0336
233 0.1199 0.0567 0.3418 0.4121 0.0280 0.0414
234 0.1678 0.1227 0.1135 0.2520 0.0306 0.3135
235 0.2438 0.0911 0.1170 0.2290 0.0341 0.2852
