time exciting_prob fearful_prob tense_prob sad_prob relaxing_prob neutral_prob
0 0.1136 0.1553 0.1349 0.1288 0.0181 0.4492
1 0.3252 0.0307 0.0779 0.0206 0.5278 0.0175
2 0.3333 0.0178 0.0773 0.0160 0.5371 0.0187
3 0.2277 0.0151 0.1565 0.0287 0.5547 0.0173
4 0.3420 0.2351 0.2542 0.0207 0.0599 0.0879
5 0.1686 0.0468 0.2002 0.2098 0.1713 0.2034
6 0.5386 0.1013 0.2795 0.0559 0.0136 0.0110
7 0.6064 0.0450 0.2886 0.0204 0.0342 0.0053
8 0.5366 0.0153 0.2827 0.1169 0.0377 0.0109
9 0.1443 0.0531 0.7505 0.0253 0.0210 0.0059
10 0.2393 0.0860 0.2488 0.1486 0.1130 0.1644
11 0.2480 0.3337 0.2443 0.0851 0.0805 0.0084
12 0.5010 0.0455 0.0247 0.2330 0.1267 0.0689
13 0.6475 0.1716 0.0798 0.0570 0.0392 0.0048
14 0.7124 0.0316 0.0763 0.0604 0.1136 0.0055
15 0.0704 0.0898 0.1785 0.1017 0.4351 0.1246
16 0.0585 0.0878 0.3936 0.0858 0.2444 0.1298
17 0.2346 0.0162 0.0257 0.6582 0.0421 0.0232
18 0.3906 0.0151 0.0390 0.5054 0.0352 0.0148
19 0.3914 0.0118 0.0326 0.4504 0.0952 0.0184
20 0.4226 0.0633 0.3909 0.0794 0.0372 0.0068
21 0.5020 0.0163 0.0648 0.2996 0.1094 0.0082
22 0.6294 0.0112 0.0668 0.2427 0.0452 0.0046
23 0.6348 0.0669 0.2299 0.0174 0.0501 0.0012
24 0.5659 0.0923 0.1986 0.0189 0.1186 0.0056
25 0.4158 0.1011 0.1119 0.0745 0.2903 0.0063
26 0.0848 0.0692 0.6069 0.1376 0.0583 0.0433
27 0.2588 0.3147 0.1969 0.0783 0.1332 0.0180
28 0.1300 0.0901 0.6504 0.0680 0.0457 0.0159
29 0.4514 0.0999 0.0815 0.1007 0.2416 0.0249
30 0.0621 0.1160 0.3745 0.3306 0.0671 0.0499
31 0.3081 0.1973 0.2068 0.0284 0.2534 0.0061
32 0.4829 0.2194 0.1461 0.0384 0.1053 0.0079
33 0.2006 0.0354 0.4592 0.2006 0.0750 0.0294
34 0.1257 0.0414 0.4253 0.2385 0.0799 0.0891
35 0.2063 0.1013 0.4233 0.1130 0.1222 0.0339
36 0.1044 0.0525 0.6104 0.0879 0.0542 0.0907
37 0.1582 0.0457 0.4871 0.1021 0.1509 0.0560
38 0.4944 0.0463 0.3044 0.0270 0.1111 0.0166
39 0.7383 0.1304 0.0479 0.0206 0.0510 0.0117
40 0.2120 0.0627 0.1296 0.3931 0.0377 0.1650
41 0.1869 0.0243 0.0374 0.4553 0.1179 0.1783
42 0.2610 0.0790 0.4304 0.0960 0.1158 0.0178
43 0.1863 0.1139 0.2886 0.2839 0.1086 0.0186
44 0.2351 0.1774 0.2642 0.2522 0.0463 0.0248
45 0.2185 0.1573 0.1840 0.2827 0.1378 0.0197
46 0.1758 0.1161 0.1991 0.4248 0.0357 0.0484
47 0.2937 0.0790 0.3599 0.1023 0.1313 0.0335
48 0.1721 0.2544 0.4678 0.0474 0.0139 0.0445
49 0.2488 0.1631 0.3914 0.0989 0.0789 0.0190
50 0.2444 0.0831 0.4976 0.0537 0.1085 0.0128
51 0.1356 0.0693 0.6475 0.0947 0.0465 0.0065
52 0.1663 0.0531 0.3989 0.2534 0.0662 0.0621
53 0.3733 0.0759 0.1696 0.2062 0.0501 0.1250
54 0.2069 0.0515 0.2917 0.2700 0.0398 0.1400
55 0.3022 0.1193 0.0922 0.3560 0.0497 0.0807
56 0.2703 0.2137 0.2155 0.2520 0.0389 0.0098
57 0.2048 0.1185 0.5610 0.0555 0.0453 0.0147
58 0.2195 0.2078 0.0670 0.3853 0.0859 0.0347
59 0.2944 0.1118 0.4817 0.0328 0.0668 0.0123
60 0.2712 0.2301 0.0989 0.3245 0.0568 0.0184
61 0.1421 0.1048 0.6416 0.0803 0.0237 0.0072
62 0.2262 0.1642 0.4128 0.0554 0.1230 0.0186
63 0.2268 0.0938 0.4692 0.1123 0.0766 0.0213
64 0.1285 0.1469 0.5947 0.1002 0.0267 0.0032
65 0.0709 0.0924 0.2083 0.5752 0.0211 0.0324
66 0.3276 0.1443 0.2983 0.0660 0.1443 0.0194
67 0.1243 0.0450 0.6934 0.0999 0.0226 0.0145
68 0.2344 0.0661 0.4663 0.1688 0.0527 0.0117
69 0.2739 0.1742 0.5200 0.0146 0.0166 0.0008
70 0.3691 0.1650 0.1152 0.1017 0.2383 0.0105
71 0.0640 0.0835 0.5234 0.3030 0.0205 0.0057
72 0.2734 0.1272 0.3074 0.2180 0.0670 0.0071
73 0.1371 0.1774 0.4822 0.1371 0.0562 0.0102
74 0.2189 0.1287 0.3286 0.2461 0.0466 0.0311
75 0.1635 0.1334 0.4341 0.1727 0.0726 0.0237
76 0.0565 0.0882 0.4622 0.0300 0.0198 0.3435
77 0.2905 0.0872 0.4607 0.0893 0.0559 0.0165
78 0.1157 0.2162 0.3508 0.2649 0.0314 0.0209
79 0.1172 0.1437 0.1680 0.0320 0.5015 0.0378
80 0.3943 0.0764 0.4573 0.0406 0.0035 0.0279
81 0.1827 0.0411 0.5630 0.1180 0.0562 0.0392
82 0.0948 0.4119 0.3208 0.0941 0.0515 0.0272
83 0.1686 0.1488 0.5977 0.0353 0.0284 0.0213
84 0.1785 0.0301 0.1246 0.5947 0.0405 0.0318
85 0.1076 0.5728 0.2949 0.0187 0.0045 0.0014
86 0.1830 0.1665 0.2122 0.2810 0.0608 0.0964
87 0.1665 0.1901 0.3635 0.1978 0.0647 0.0174
88 0.2344 0.1125 0.2036 0.3057 0.0430 0.1008
89 0.6167 0.1187 0.1254 0.0143 0.1124 0.0124
90 0.2607 0.1261 0.4368 0.0847 0.0777 0.0141
91 0.1181 0.1470 0.3723 0.2025 0.1307 0.0294
92 0.1389 0.2004 0.4482 0.1797 0.0220 0.0107
93 0.2404 0.0927 0.4219 0.1349 0.0818 0.0285
94 0.1469 0.1066 0.4216 0.2556 0.0589 0.0104
95 0.2317 0.3560 0.1183 0.0758 0.2045 0.0137
96 0.5400 0.1141 0.2166 0.0461 0.0760 0.0071
97 0.3337 0.2349 0.2969 0.0500 0.0695 0.0149
98 0.0861 0.1344 0.4204 0.1006 0.0370 0.2216
99 0.3069 0.0914 0.2583 0.1981 0.1174 0.0281
100 0.0808 0.1487 0.2064 0.2096 0.2820 0.0724
101 0.1202 0.0695 0.0399 0.0609 0.5098 0.1997
102 0.2542 0.1603 0.0652 0.0684 0.3555 0.0964
103 0.1555 0.1165 0.4792 0.1260 0.0914 0.0314
104 0.2681 0.2900 0.2241 0.1746 0.0153 0.0280
105 0.0283 0.1370 0.1209 0.6851 0.0169 0.0120
106 0.0672 0.5942 0.2256 0.0677 0.0374 0.0080
107 0.0977 0.5986 0.1575 0.0897 0.0480 0.0083
108 0.0648 0.2242 0.1530 0.4824 0.0283 0.0474
109 0.0946 0.0650 0.2034 0.0583 0.5034 0.0754
110 0.2681 0.2023 0.0657 0.1306 0.2310 0.1025
111 0.0685 0.1147 0.1891 0.1520 0.3760 0.0997
112 0.3376 0.0675 0.3945 0.0367 0.1311 0.0324
113 0.3257 0.0823 0.4314 0.0607 0.0804 0.0197
114 0.3625 0.1420 0.4548 0.0076 0.0284 0.0045
115 0.1207 0.1368 0.2007 0.5166 0.0127 0.0126
116 0.3018 0.0599 0.4187 0.0942 0.0892 0.0363
117 0.1581 0.0446 0.5693 0.1157 0.0712 0.0412
118 0.1704 0.0473 0.0799 0.5903 0.0780 0.0341
119 0.4185 0.2499 0.1050 0.0637 0.1287 0.0344
120 0.1047 0.1443 0.1971 0.3354 0.1443 0.0743
121 0.0531 0.0698 0.1265 0.0527 0.6943 0.0036
122 0.0055 0.0038 0.0075 0.0020 0.9805 0.0004
123 0.0034 0.0026 0.0028 0.0011 0.9897 0.0006
124 0.5952 0.1381 0.1577 0.0369 0.0657 0.0065
125 0.3669 0.0806 0.0838 0.1085 0.3447 0.0155
126 0.1997 0.0381 0.6348 0.0475 0.0329 0.0471
127 0.0535 0.0230 0.1476 0.7153 0.0176 0.0430
128 0.3936 0.0942 0.0964 0.2856 0.1191 0.0110
129 0.1736 0.1696 0.2466 0.2177 0.0866 0.1061
130 0.4138 0.1583 0.2267 0.1851 0.0134 0.0027
131 0.0030 0.0009 0.0006 0.0010 0.9937 0.0006
132 0.1063 0.3767 0.0902 0.0854 0.3350 0.0064
133 0.0164 0.0089 0.0591 0.0118 0.8955 0.0081
134 0.0051 0.0016 0.0015 0.0005 0.9912 0.0003
135 0.0093 0.0041 0.0019 0.0009 0.9834 0.0006
136 0.1075 0.0386 0.0553 0.4456 0.3362 0.0167
137 0.0159 0.0171 0.0374 0.0115 0.8506 0.0677
138 0.0059 0.0013 0.0006 0.0055 0.9854 0.0014
139 0.0085 0.0157 0.0191 0.0091 0.9473 0.0004
140 0.4077 0.0703 0.1293 0.0510 0.3149 0.0269
141 0.3237 0.2500 0.3313 0.0637 0.0292 0.0021
142 0.0820 0.4873 0.3508 0.0702 0.0047 0.0049
143 0.1674 0.2893 0.3489 0.0515 0.1388 0.0042
144 0.3750 0.0863 0.0970 0.0912 0.3440 0.0066
145 0.4270 0.1177 0.1852 0.2305 0.0334 0.0062
146 0.3267 0.2544 0.1936 0.1036 0.1138 0.0080
147 0.1104 0.0795 0.4719 0.1709 0.1417 0.0258
148 0.1700 0.0737 0.0544 0.2235 0.4695 0.0089
149 0.2847 0.1234 0.3657 0.1304 0.0842 0.0116
150 0.0018 0.0008 0.0009 0.0002 0.9961 0.0001
151 0.1676 0.0536 0.0890 0.2220 0.4451 0.0227
152 0.0029 0.0012 0.0010 0.0018 0.9927 0.0006
153 0.0034 0.0011 0.0003 0.0005 0.9946 0.0000
154 0.0765 0.0479 0.2030 0.0479 0.3296 0.2954
155 0.1361 0.0533 0.0594 0.2026 0.5342 0.0145
156 0.1320 0.0513 0.0706 0.0586 0.5962 0.0914
157 0.1426 0.1615 0.1329 0.1844 0.3699 0.0087
158 0.2571 0.1941 0.2913 0.1150 0.1334 0.0090
159 0.2634 0.3103 0.3984 0.0182 0.0077 0.0021
160 0.6099 0.0478 0.0331 0.0706 0.2107 0.0283
161 0.0704 0.0269 0.0677 0.7812 0.0431 0.0104
162 0.1127 0.1603 0.5684 0.1136 0.0139 0.0313
163 0.5688 0.0880 0.0782 0.0643 0.1763 0.0244
164 0.2502 0.1667 0.1919 0.3240 0.0217 0.0456
165 0.0199 0.0217 0.0323 0.2092 0.7075 0.0091
166 0.0104 0.0018 0.0020 0.0131 0.9717 0.0012
167 0.1462 0.3025 0.1342 0.1497 0.2649 0.0027
168 0.3362 0.0566 0.0905 0.2383 0.2365 0.0421
169 0.1115 0.0984 0.4480 0.3127 0.0210 0.0082
170 0.5181 0.0576 0.0701 0.0318 0.3191 0.0035
171 0.0275 0.0576 0.0839 0.0130 0.7837 0.0344
172 0.0062 0.0015 0.0011 0.0010 0.9902 0.0001
173 0.0030 0.0007 0.0007 0.0008 0.9946 0.0002
174 0.1467 0.0621 0.0434 0.1049 0.6133 0.0298
175 0.3555 0.1553 0.1102 0.0186 0.3555 0.0048
176 0.2500 0.0837 0.4458 0.1238 0.0323 0.0642
177 0.2108 0.1875 0.2446 0.1804 0.1681 0.0085
178 0.0078 0.0020 0.0031 0.0079 0.9771 0.0024
179 0.0894 0.0429 0.6602 0.0894 0.0936 0.0244
180 0.1320 0.0618 0.7476 0.0331 0.0169 0.0088
181 0.1237 0.1317 0.5996 0.1026 0.0210 0.0213
182 0.0784 0.0714 0.6074 0.1055 0.1039 0.0332
183 0.0805 0.0283 0.6382 0.0710 0.0673 0.1144
184 0.3904 0.1448 0.2074 0.1229 0.1035 0.0311
185 0.1653 0.0470 0.5771 0.0652 0.1349 0.0105
186 0.0914 0.0572 0.6494 0.0685 0.1044 0.0290
187 0.1548 0.0854 0.6616 0.0472 0.0116 0.0391
188 0.1614 0.2056 0.0745 0.2520 0.1539 0.1527
189 0.1219 0.0950 0.1747 0.4602 0.0438 0.1043
190 0.1002 0.0812 0.5859 0.1248 0.0994 0.0086
191 0.3965 0.3418 0.1083 0.0617 0.0608 0.0311
192 0.0852 0.2354 0.5264 0.0355 0.0277 0.0900
193 0.0853 0.0364 0.1053 0.6606 0.0509 0.0614
194 0.2927 0.1831 0.1094 0.1860 0.1775 0.0513
195 0.1022 0.0322 0.6509 0.1385 0.0620 0.0140
196 0.0735 0.2839 0.2839 0.1669 0.1694 0.0226
197 0.2139 0.1541 0.1774 0.0695 0.3784 0.0069
198 0.1626 0.2007 0.4055 0.0593 0.1600 0.0119
199 0.3784 0.1042 0.1627 0.1787 0.1328 0.0431
200 0.4421 0.2559 0.1947 0.0536 0.0411 0.0124
201 0.3726 0.0757 0.0763 0.2026 0.2542 0.0187
202 0.3865 0.0487 0.3630 0.1016 0.0876 0.0128
203 0.4829 0.1532 0.1617 0.1095 0.0753 0.0173
204 0.0785 0.0611 0.6777 0.1024 0.0773 0.0028
205 0.1951 0.1981 0.5303 0.0350 0.0262 0.0154
206 0.0744 0.2786 0.2136 0.3960 0.0141 0.0234
207 0.3318 0.0663 0.1211 0.1372 0.2837 0.0599
208 0.3987 0.0557 0.1107 0.2289 0.1649 0.0414
209 0.1447 0.0949 0.5952 0.0558 0.0927 0.0168
210 0.7021 0.0478 0.0432 0.0323 0.1694 0.0053
211 0.1819 0.2076 0.2795 0.2625 0.0199 0.0486
212 0.2163 0.2776 0.0867 0.1737 0.1879 0.0577
213 0.3564 0.2957 0.0867 0.1087 0.1204 0.0321
214 0.1527 0.0448 0.4558 0.2054 0.1083 0.0330
215 0.3037 0.1042 0.4421 0.0774 0.0520 0.0205
216 0.2861 0.0442 0.0089 0.0456 0.6006 0.0145
217 0.4609 0.1250 0.0729 0.0997 0.2300 0.0114
218 0.0377 0.0761 0.1467 0.6782 0.0395 0.0218
219 0.0088 0.0057 0.0143 0.0095 0.9565 0.0051
220 0.1355 0.0552 0.5889 0.0611 0.1234 0.0359
221 0.2355 0.1104 0.5737 0.0177 0.0490 0.0137
222 0.1812 0.2595 0.1826 0.3154 0.0421 0.0191
223 0.4993 0.1132 0.0760 0.2065 0.0742 0.0309
224 0.2688 0.0501 0.5962 0.0201 0.0586 0.0061
225 0.2085 0.0621 0.6729 0.0139 0.0395 0.0031
226 0.7070 0.0695 0.0323 0.0647 0.1228 0.0039
227 0.4272 0.1252 0.1823 0.1781 0.0601 0.0271
228 0.2820 0.1322 0.3196 0.2047 0.0490 0.0128
229 0.2449 0.1028 0.4683 0.0654 0.0981 0.0204
230 0.3823 0.1241 0.4006 0.0211 0.0457 0.0262
231 0.4163 0.0886 0.3047 0.0789 0.0723 0.0393
232 0.4092 0.1238 0.2971 0.0695 0.0711 0.0294
233 0.4084 0.1490 0.2457 0.0940 0.0312 0.0715
234 0.1136 0.1553 0.1349 0.1287 0.0182 0.4492
