time exciting_prob fearful_prob tense_prob sad_prob relaxing_prob neutral_prob
0 0.1110 0.1566 0.1382 0.1298 0.0183 0.4460
1 0.0421 0.1803 0.4192 0.2971 0.0456 0.0157
2 0.0222 0.2668 0.5063 0.1241 0.0702 0.0101
3 0.0455 0.1857 0.2788 0.3635 0.0905 0.0360
4 0.0174 0.4556 0.3281 0.1649 0.0123 0.0218
5 0.0551 0.1204 0.2285 0.5654 0.0226 0.0079
6 0.0463 0.0839 0.1616 0.5640 0.1259 0.0184
7 0.1205 0.1366 0.6367 0.0720 0.0278 0.0066
8 0.0550 0.0972 0.6963 0.1173 0.0117 0.0222
9 0.0770 0.2126 0.3398 0.2448 0.1103 0.0156
10 0.0293 0.1081 0.7861 0.0427 0.0286 0.0049
11 0.0295 0.1234 0.7437 0.0494 0.0487 0.0052
12 0.0320 0.3467 0.3992 0.1613 0.0536 0.0073
13 0.0648 0.0886 0.7891 0.0238 0.0252 0.0086
14 0.0583 0.2981 0.4075 0.0147 0.2198 0.0016
15 0.0762 0.3362 0.2136 0.3013 0.0305 0.0421
16 0.0920 0.2462 0.3418 0.2542 0.0338 0.0320
17 0.0349 0.0652 0.3584 0.4060 0.0463 0.0892
18 0.0783 0.2339 0.5269 0.0789 0.0654 0.0164
19 0.0323 0.1404 0.5054 0.1239 0.1949 0.0028
20 0.0455 0.0850 0.4521 0.2037 0.2102 0.0035
21 0.0798 0.0579 0.3896 0.0925 0.3777 0.0026
22 0.0309 0.1608 0.4304 0.1354 0.2415 0.0010
23 0.0220 0.1700 0.4768 0.1548 0.1754 0.0010
24 0.1301 0.2394 0.5566 0.0502 0.0219 0.0019
25 0.0387 0.1102 0.2949 0.5093 0.0231 0.0238
26 0.0236 0.1622 0.7739 0.0253 0.0121 0.0028
27 0.0092 0.2253 0.6836 0.0743 0.0045 0.0031
28 0.1199 0.2008 0.5996 0.0287 0.0292 0.0218
29 0.1332 0.1462 0.6353 0.0432 0.0273 0.0145
30 0.0141 0.2896 0.6523 0.0368 0.0062 0.0008
31 0.0862 0.3057 0.4734 0.0911 0.0338 0.0101
32 0.0984 0.2654 0.5444 0.0267 0.0407 0.0245
33 0.1091 0.3469 0.4119 0.0144 0.1075 0.0101
34 0.0406 0.0931 0.5977 0.1970 0.0247 0.0471
35 0.0368 0.1090 0.7334 0.0992 0.0094 0.0123
36 0.0565 0.1824 0.4443 0.1796 0.1215 0.0156
37 0.0540 0.2365 0.4348 0.0515 0.1930 0.0303
38 0.0473 0.2311 0.4595 0.0877 0.1337 0.0408
39 0.0508 0.1589 0.4529 0.1666 0.1318 0.0390
40 0.0131 0.1292 0.8037 0.0131 0.0086 0.0322
41 0.0347 0.2952 0.5962 0.0214 0.0266 0.0260
42 0.0247 0.1057 0.7451 0.1024 0.0210 0.0013
43 0.0531 0.1355 0.6987 0.0754 0.0317 0.0054
44 0.0606 0.1141 0.7383 0.0340 0.0495 0.0033
45 0.0670 0.1194 0.5791 0.0660 0.1659 0.0027
46 0.0274 0.0662 0.5850 0.2477 0.0626 0.0112
47 0.0109 0.0795 0.0724 0.7427 0.0860 0.0085
48 0.0354 0.2917 0.5625 0.0836 0.0160 0.0109
49 0.0471 0.2451 0.5972 0.0771 0.0277 0.0056
50 0.0454 0.2018 0.5317 0.1187 0.0510 0.0514
51 0.0198 0.1304 0.3328 0.0910 0.4016 0.0245
52 0.0298 0.1702 0.6030 0.0798 0.1016 0.0155
53 0.0320 0.1825 0.4961 0.0947 0.1514 0.0434
54 0.0208 0.0861 0.5029 0.1354 0.2130 0.0416
55 0.0193 0.1803 0.3530 0.4128 0.0294 0.0051
56 0.1345 0.2676 0.4175 0.0602 0.1141 0.0062
57 0.2047 0.3679 0.3098 0.0403 0.0713 0.0060
58 0.0117 0.1312 0.8296 0.0162 0.0089 0.0024
59 0.0092 0.3257 0.5894 0.0476 0.0251 0.0030
60 0.0324 0.0924 0.7983 0.0578 0.0100 0.0090
61 0.0322 0.0630 0.8169 0.0703 0.0044 0.0133
62 0.0354 0.2717 0.5664 0.0511 0.0561 0.0194
63 0.0590 0.2279 0.4824 0.1027 0.1077 0.0204
64 0.0434 0.1586 0.2272 0.3926 0.1235 0.0548
65 0.0294 0.1077 0.2583 0.4065 0.1240 0.0740
66 0.0495 0.0778 0.1431 0.4917 0.2050 0.0329
67 0.0653 0.1076 0.2502 0.1542 0.3999 0.0227
68 0.0519 0.0579 0.1501 0.6030 0.0755 0.0616
69 0.0732 0.0374 0.1265 0.6626 0.0519 0.0487
70 0.1239 0.2141 0.3188 0.2297 0.0576 0.0558
71 0.0586 0.3118 0.3760 0.1643 0.0262 0.0634
72 0.0212 0.1439 0.3347 0.2646 0.2195 0.0159
73 0.0649 0.3594 0.1893 0.1375 0.2469 0.0019
74 0.0177 0.2817 0.2061 0.4033 0.0712 0.0199
75 0.0173 0.2488 0.2488 0.3914 0.0538 0.0400
76 0.0272 0.2622 0.4324 0.1517 0.1172 0.0092
77 0.0565 0.0548 0.1853 0.4958 0.1882 0.0192
78 0.0637 0.1504 0.4153 0.2559 0.0941 0.0205
79 0.0441 0.2576 0.2964 0.2964 0.0798 0.0257
80 0.0375 0.0394 0.1631 0.6763 0.0239 0.0600
81 0.0350 0.3069 0.5386 0.0163 0.0907 0.0129
82 0.0475 0.2358 0.4915 0.0625 0.1499 0.0127
83 0.0967 0.3123 0.4988 0.0490 0.0403 0.0029
84 0.1711 0.2778 0.2693 0.0931 0.1794 0.0091
85 0.0565 0.4407 0.3950 0.0720 0.0317 0.0042
86 0.0321 0.0820 0.0529 0.3792 0.4431 0.0107
87 0.0564 0.2820 0.2412 0.2213 0.1984 0.0007
88 0.0804 0.0884 0.2988 0.5083 0.0138 0.0100
89 0.0202 0.3518 0.4177 0.1688 0.0151 0.0263
90 0.0533 0.1720 0.4395 0.2974 0.0270 0.0110
91 0.0184 0.2583 0.4192 0.2389 0.0558 0.0093
92 0.0393 0.0900 0.1735 0.2905 0.3970 0.0096
93 0.0460 0.0833 0.1655 0.4036 0.1555 0.1461
94 0.0490 0.1820 0.4165 0.2908 0.0482 0.0134
95 0.0384 0.0787 0.1494 0.6006 0.0409 0.0921
96 0.0276 0.1815 0.2993 0.4355 0.0455 0.0106
97 0.0809 0.2778 0.4302 0.1262 0.0530 0.0319
98 0.0532 0.0448 0.0632 0.7344 0.0877 0.0166
99 0.0565 0.0506 0.2612 0.4307 0.0835 0.1177
100 0.0336 0.1859 0.5552 0.2042 0.0148 0.0062
101 0.0591 0.2908 0.3562 0.2229 0.0643 0.0068
102 0.0581 0.0958 0.2949 0.4863 0.0281 0.0369
103 0.0253 0.1676 0.6631 0.0395 0.1017 0.0030
104 0.0267 0.0854 0.5840 0.1621 0.1355 0.0065
105 0.0159 0.2330 0.6045 0.0762 0.0520 0.0185
106 0.0453 0.0887 0.5781 0.2030 0.0326 0.0521
107 0.0274 0.1691 0.7231 0.0193 0.0500 0.0112
108 0.0114 0.0905 0.8447 0.0185 0.0244 0.0103
109 0.0095 0.0881 0.8232 0.0362 0.0359 0.0070
110 0.0497 0.2949 0.2727 0.3501 0.0102 0.0224
111 0.0218 0.1243 0.1149 0.7041 0.0291 0.0061
112 0.1214 0.1177 0.0854 0.3857 0.2610 0.0286
113 0.0786 0.1161 0.3157 0.3206 0.1445 0.0245
114 0.0516 0.0864 0.2922 0.2747 0.2747 0.0207
115 0.0725 0.0754 0.1725 0.1088 0.5703 0.0007
116 0.3462 0.0666 0.0772 0.3801 0.0597 0.0703
117 0.4133 0.1342 0.0707 0.2668 0.0212 0.0937
118 0.9277 0.0138 0.0124 0.0335 0.0089 0.0039
119 0.9214 0.0138 0.0143 0.0428 0.0057 0.0020
120 0.0596 0.0605 0.0645 0.5396 0.1113 0.1646
121 0.1129 0.2108 0.0995 0.1003 0.4604 0.0160
122 0.2073 0.1947 0.4121 0.1257 0.0562 0.0038
123 0.3108 0.1170 0.3108 0.1152 0.1434 0.0029
124 0.3037 0.0520 0.2598 0.1626 0.2170 0.0047
125 0.0959 0.0321 0.0387 0.5264 0.1631 0.1439
126 0.0294 0.1732 0.2769 0.0956 0.1482 0.2769
127 0.0704 0.1727 0.2717 0.1367 0.2052 0.1432
128 0.0979 0.2312 0.3262 0.0871 0.1978 0.0598
129 0.1385 0.2778 0.4651 0.0426 0.0670 0.0090
130 0.1117 0.3523 0.3931 0.0641 0.0607 0.0181
131 0.1676 0.1479 0.2556 0.0905 0.2678 0.0704
132 0.1021 0.1709 0.1998 0.1331 0.2524 0.1417
133 0.1478 0.4849 0.1143 0.0145 0.2362 0.0024
134 0.1721 0.4678 0.1616 0.0482 0.1449 0.0054
135 0.1171 0.0756 0.1479 0.3779 0.0856 0.1960
136 0.2053 0.2186 0.2764 0.2637 0.0327 0.0034
137 0.0989 0.0701 0.1472 0.5913 0.0859 0.0065
138 0.1241 0.2062 0.1656 0.4502 0.0482 0.0056
139 0.1565 0.1918 0.2386 0.3313 0.0728 0.0088
140 0.0915 0.0929 0.1569 0.6201 0.0334 0.0052
141 0.1406 0.3025 0.1213 0.0522 0.0242 0.3591
142 0.1246 0.5898 0.0641 0.0500 0.0125 0.1588
143 0.1637 0.6377 0.0389 0.0499 0.0236 0.0863
144 0.0437 0.1206 0.1356 0.4377 0.2494 0.0128
145 0.0404 0.2379 0.1313 0.3462 0.2341 0.0101
146 0.0797 0.3459 0.4441 0.0510 0.0192 0.0601
147 0.0462 0.3662 0.5161 0.0280 0.0026 0.0408
148 0.0547 0.2129 0.6064 0.0945 0.0125 0.0190
149 0.0331 0.3015 0.6284 0.0267 0.0042 0.0063
150 0.0480 0.2439 0.1599 0.3386 0.2053 0.0042
151 0.0590 0.2190 0.2812 0.1844 0.2522 0.0043
152 0.0330 0.2435 0.1674 0.4768 0.0737 0.0056
153 0.0425 0.3562 0.4792 0.0529 0.0073 0.0619
154 0.0261 0.3062 0.5127 0.0863 0.0131 0.0558
155 0.0328 0.3472 0.4822 0.0545 0.0071 0.0763
156 0.0450 0.4509 0.3567 0.1046 0.0394 0.0033
157 0.0193 0.6250 0.2449 0.0929 0.0155 0.0022
158 0.0494 0.3052 0.3352 0.1214 0.1881 0.0006
159 0.0754 0.1387 0.4841 0.1896 0.0635 0.0487
160 0.0991 0.3027 0.3596 0.1243 0.0556 0.0587
161 0.1282 0.3623 0.3147 0.1063 0.0547 0.0337
162 0.1587 0.1715 0.2576 0.3308 0.0579 0.0236
163 0.1283 0.0968 0.1726 0.3174 0.1925 0.0924
164 0.1794 0.2803 0.2396 0.1465 0.0854 0.0687
165 0.0421 0.1918 0.2313 0.4321 0.0838 0.0188
166 0.0463 0.1654 0.2157 0.3787 0.1680 0.0260
167 0.0583 0.3630 0.2917 0.1501 0.1188 0.0177
168 0.0566 0.2515 0.2896 0.2637 0.1226 0.0161
169 0.0533 0.2228 0.1735 0.4226 0.1052 0.0226
170 0.0347 0.0713 0.0930 0.6060 0.0974 0.0974
171 0.0916 0.1686 0.3430 0.1030 0.1686 0.1252
172 0.0495 0.1399 0.2417 0.1048 0.1610 0.3032
173 0.0703 0.1753 0.2098 0.0834 0.3076 0.1534
174 0.0203 0.0583 0.0640 0.1926 0.1727 0.4919
175 0.1118 0.1801 0.0871 0.1338 0.4744 0.0128
176 0.0996 0.0921 0.0872 0.0590 0.6348 0.0275
177 0.0752 0.3477 0.1310 0.0826 0.3118 0.0517
178 0.0821 0.1223 0.1765 0.0783 0.2213 0.3196
179 0.1362 0.1428 0.1078 0.3882 0.1722 0.0526
180 0.0173 0.0215 0.0233 0.0378 0.8862 0.0138
181 0.0281 0.0339 0.0443 0.1130 0.7031 0.0776
182 0.0546 0.1069 0.2372 0.3909 0.0341 0.1763
183 0.0992 0.3894 0.3176 0.0487 0.0889 0.0561
184 0.0656 0.6826 0.1454 0.0539 0.0271 0.0253
185 0.0205 0.0179 0.0228 0.0047 0.9336 0.0006
186 0.0147 0.0215 0.0226 0.0098 0.9307 0.0008
187 0.0335 0.4768 0.1838 0.1987 0.0828 0.0245
188 0.1024 0.4380 0.1000 0.0786 0.2382 0.0427
189 0.0509 0.2355 0.1013 0.2507 0.2585 0.1029
190 0.0425 0.3669 0.1229 0.3240 0.0679 0.0757
191 0.1975 0.3386 0.0993 0.0229 0.2700 0.0715
192 0.0518 0.1865 0.0991 0.0406 0.3918 0.2303
193 0.0602 0.0760 0.0437 0.2379 0.1512 0.4309
194 0.0336 0.2859 0.2371 0.1211 0.3142 0.0080
195 0.0384 0.3115 0.2837 0.1818 0.1531 0.0316
196 0.0359 0.3203 0.1741 0.1444 0.2871 0.0382
197 0.0374 0.3181 0.1703 0.1526 0.3035 0.0179
198 0.0151 0.0999 0.1283 0.6411 0.1014 0.0141
199 0.0785 0.3660 0.0588 0.1284 0.3547 0.0137
200 0.1360 0.5093 0.0355 0.0226 0.2925 0.0040
201 0.1355 0.3406 0.0293 0.0475 0.4407 0.0065
202 0.0506 0.4333 0.2629 0.0555 0.1938 0.0040
203 0.0099 0.0316 0.1437 0.7764 0.0069 0.0316
204 0.0267 0.5454 0.1236 0.0798 0.2169 0.0075
205 0.0522 0.5024 0.1908 0.0530 0.1969 0.0045
206 0.0373 0.6616 0.1454 0.0597 0.0917 0.0044
207 0.0334 0.7026 0.1643 0.0268 0.0679 0.0052
208 0.1000 0.2986 0.1727 0.0574 0.3601 0.0112
209 0.1497 0.2886 0.2195 0.0801 0.2507 0.0115
210 0.1066 0.3494 0.3777 0.1057 0.0267 0.0338
211 0.4380 0.2118 0.2615 0.0182 0.0656 0.0047
212 0.0229 0.2212 0.4829 0.1952 0.0252 0.0525
213 0.0216 0.2673 0.3599 0.2759 0.0208 0.0543
214 0.1676 0.0562 0.1017 0.2942 0.2152 0.1650
215 0.0845 0.1934 0.1788 0.1874 0.1371 0.2190
216 0.1342 0.4907 0.1998 0.0393 0.0944 0.0416
217 0.1957 0.0737 0.0511 0.2218 0.2343 0.2235
218 0.2471 0.1071 0.0350 0.0649 0.4761 0.0697
219 0.1812 0.2020 0.1797 0.0346 0.2761 0.1265
220 0.1196 0.2167 0.0903 0.0417 0.3862 0.1455
221 0.1641 0.2074 0.1404 0.0648 0.2191 0.2042
222 0.0540 0.1639 0.1199 0.1772 0.0462 0.4387
223 0.0741 0.2030 0.3347 0.0729 0.1121 0.2030
224 0.0552 0.1082 0.4211 0.1478 0.1265 0.1411
225 0.0649 0.1069 0.2449 0.1395 0.2954 0.1486
226 0.0806 0.3418 0.3813 0.1298 0.0355 0.0313
227 0.0734 0.3018 0.2208 0.1257 0.2388 0.0396
228 0.0892 0.4639 0.2903 0.1155 0.0378 0.0032
229 0.0573 0.3682 0.4238 0.1333 0.0170 0.0005
230 0.1823 0.1224 0.1114 0.0226 0.5356 0.0257
231 0.0276 0.1041 0.0761 0.1074 0.6782 0.0064
232 0.0899 0.0942 0.3557 0.1229 0.2124 0.1249
233 0.0587 0.2035 0.1713 0.0620 0.3921 0.1124
234 0.0622 0.4385 0.3635 0.0891 0.0408 0.0057
235 0.1963 0.1381 0.1392 0.0357 0.3904 0.1003
236 0.2446 0.2029 0.1543 0.0326 0.3167 0.0490
237 0.0894 0.2430 0.1322 0.2179 0.2079 0.1096
238 0.1503 0.1785 0.1456 0.0836 0.2988 0.1433
239 0.1135 0.3633 0.2617 0.0651 0.1799 0.0163
240 0.1732 0.3162 0.2405 0.0424 0.2190 0.0087
241 0.0622 0.6187 0.1434 0.1162 0.0380 0.0217
242 0.1479 0.1959 0.3547 0.0911 0.1729 0.0374
243 0.1678 0.3525 0.1772 0.1018 0.1614 0.0392
244 0.0634 0.1793 0.3003 0.0071 0.4438 0.0060
245 0.0114 0.3301 0.6167 0.0370 0.0029 0.0019
246 0.0632 0.2744 0.2922 0.3469 0.0123 0.0106
247 0.0292 0.5293 0.0781 0.0369 0.3162 0.0106
248 0.0350 0.5229 0.1594 0.0262 0.2356 0.0209
249 0.0304 0.6504 0.1750 0.0127 0.1166 0.0149
250 0.0430 0.5322 0.1573 0.0093 0.2255 0.0325
251 0.1926 0.2083 0.2893 0.1205 0.1810 0.0083
252 0.0512 0.1135 0.0934 0.0979 0.6431 0.0008
253 0.0137 0.0127 0.0108 0.0110 0.9331 0.0188
254 0.0085 0.0056 0.0051 0.0028 0.9756 0.0022
255 0.0077 0.0049 0.0054 0.0120 0.9658 0.0043
256 0.1919 0.0648 0.0775 0.0180 0.6191 0.0285
257 0.1683 0.1558 0.0952 0.0337 0.5068 0.0403
258 0.0121 0.1702 0.2219 0.5000 0.0411 0.0544
259 0.0643 0.0852 0.1472 0.1077 0.5776 0.0176
260 0.0821 0.2112 0.2249 0.1606 0.0542 0.2671
261 0.0208 0.1448 0.0632 0.0906 0.0421 0.6387
262 0.0283 0.2294 0.2639 0.4285 0.0094 0.0405
263 0.0490 0.2339 0.2910 0.2529 0.0075 0.1658
264 0.0442 0.0920 0.3367 0.4062 0.0384 0.0825
265 0.0378 0.4939 0.2859 0.1229 0.0299 0.0297
266 0.0428 0.3140 0.5771 0.0301 0.0068 0.0292
267 0.0255 0.3525 0.3015 0.2385 0.0739 0.0082
268 0.1514 0.1689 0.1959 0.2238 0.2477 0.0122
269 0.0184 0.2739 0.2534 0.1512 0.1235 0.1797
270 0.0220 0.1154 0.2600 0.4937 0.0452 0.0637
271 0.0501 0.2751 0.1694 0.0879 0.4001 0.0173
272 0.0687 0.3125 0.2632 0.2018 0.1476 0.0065
273 0.2725 0.1801 0.2993 0.0418 0.1787 0.0276
274 0.0271 0.4480 0.2184 0.2289 0.0592 0.0184
275 0.0400 0.4365 0.1509 0.1078 0.2546 0.0103
276 0.0051 0.0854 0.1080 0.7266 0.0319 0.0430
277 0.0460 0.2043 0.0684 0.4001 0.2625 0.0189
278 0.0792 0.4285 0.2854 0.0774 0.0963 0.0333
279 0.0477 0.1827 0.3870 0.3110 0.0549 0.0167
280 0.0522 0.6416 0.2252 0.0671 0.0100 0.0040
281 0.0889 0.6416 0.1304 0.1007 0.0182 0.0203
282 0.0376 0.2319 0.1451 0.0231 0.5562 0.0059
283 0.0984 0.2117 0.2554 0.1610 0.2437 0.0298
284 0.0455 0.0693 0.0811 0.6377 0.1469 0.0194
285 0.0303 0.0971 0.0528 0.5088 0.2681 0.0431
286 0.1104 0.5923 0.1428 0.0422 0.0771 0.0353
287 0.2075 0.3970 0.2815 0.0505 0.0350 0.0285
288 0.0551 0.4541 0.4070 0.0634 0.0151 0.0055
289 0.0795 0.3425 0.1395 0.1863 0.2046 0.0475
290 0.0300 0.3105 0.5200 0.0992 0.0291 0.0110
291 0.0470 0.0906 0.0921 0.6494 0.0372 0.0839
292 0.0253 0.0677 0.1207 0.7744 0.0059 0.0060
293 0.0611 0.3330 0.4622 0.1224 0.0041 0.0172
294 0.1146 0.3967 0.3501 0.1110 0.0065 0.0209
295 0.0883 0.6577 0.1676 0.0721 0.0128 0.0013
296 0.1305 0.1813 0.0715 0.0142 0.5850 0.0174
297 0.0575 0.3230 0.3132 0.0511 0.1885 0.0667
298 0.1821 0.2147 0.4951 0.0975 0.0071 0.0033
299 0.0565 0.0388 0.0848 0.7686 0.0177 0.0338
300 0.0524 0.3904 0.2769 0.1577 0.1085 0.0140
301 0.0246 0.1984 0.2795 0.4331 0.0164 0.0479
302 0.0984 0.1478 0.0977 0.1573 0.4734 0.0253
303 0.0794 0.2012 0.1790 0.3909 0.1350 0.0147
304 0.0322 0.0797 0.2532 0.5190 0.0136 0.1022
305 0.0850 0.1975 0.2439 0.2720 0.1770 0.0247
306 0.0238 0.3606 0.3389 0.2222 0.0147 0.0398
307 0.0714 0.3054 0.1064 0.2378 0.2571 0.0219
308 0.0613 0.0585 0.0604 0.7129 0.0787 0.0281
309 0.0753 0.3374 0.3296 0.1969 0.0591 0.0015
310 0.0742 0.2529 0.5190 0.1376 0.0118 0.0044
311 0.0837 0.6484 0.1238 0.0571 0.0508 0.0360
312 0.0728 0.1494 0.1173 0.5381 0.0793 0.0428
313 0.0547 0.3296 0.2910 0.2129 0.0681 0.0439
314 0.0970 0.4814 0.1915 0.1074 0.0458 0.0768
315 0.0505 0.6299 0.1497 0.0826 0.0789 0.0084
316 0.1852 0.5317 0.0999 0.1007 0.0280 0.0543
317 0.1331 0.5098 0.0973 0.1060 0.1174 0.0364
318 0.3333 0.4053 0.0488 0.1143 0.0732 0.0251
319 0.3103 0.4016 0.0602 0.1056 0.0883 0.0340
320 0.1354 0.3948 0.1510 0.2064 0.0569 0.0555
321 0.0485 0.4597 0.3525 0.1109 0.0150 0.0135
322 0.0369 0.7471 0.1044 0.0858 0.0198 0.0058
323 0.0483 0.1986 0.0834 0.5273 0.1204 0.0221
324 0.2527 0.4299 0.0464 0.1290 0.0685 0.0735
325 0.2903 0.4160 0.0355 0.1060 0.0734 0.0788
326 0.0379 0.2612 0.1971 0.3625 0.0760 0.0650
327 0.4661 0.1586 0.0144 0.1525 0.0810 0.1274
328 0.2661 0.3259 0.2747 0.0979 0.0328 0.0026
329 0.1824 0.2493 0.4995 0.0561 0.0100 0.0028
330 0.0717 0.4534 0.1394 0.3069 0.0220 0.0067
331 0.0510 0.1940 0.5034 0.0681 0.0854 0.0983
332 0.0550 0.3264 0.0701 0.0623 0.4675 0.0186
333 0.0788 0.2666 0.0517 0.0229 0.5732 0.0069
334 0.0629 0.3425 0.0581 0.0685 0.4468 0.0214
335 0.0388 0.1377 0.2344 0.5366 0.0280 0.0247
336 0.0825 0.1248 0.2703 0.5054 0.0148 0.0025
337 0.0698 0.1159 0.1754 0.6318 0.0057 0.0016
338 0.0539 0.1396 0.3403 0.4580 0.0066 0.0016
339 0.1221 0.3943 0.1682 0.0951 0.1484 0.0718
340 0.0825 0.1615 0.1425 0.1093 0.2423 0.2620
341 0.0604 0.2074 0.1298 0.1720 0.2878 0.1426
342 0.0677 0.1689 0.1152 0.1479 0.2170 0.2830
343 0.0977 0.2761 0.0984 0.0977 0.3518 0.0785
344 0.0677 0.3689 0.1501 0.0904 0.2438 0.0792
345 0.1793 0.1301 0.2284 0.1658 0.1752 0.1213
346 0.1921 0.1749 0.3167 0.1028 0.1439 0.0696
347 0.1523 0.0635 0.2759 0.1700 0.1454 0.1926
348 0.1805 0.1095 0.4263 0.1450 0.0559 0.0826
349 0.1151 0.0548 0.4919 0.1727 0.0687 0.0969
350 0.0854 0.0790 0.3225 0.2083 0.0687 0.2360
351 0.2004 0.2068 0.1661 0.2615 0.0992 0.0661
