time exciting_prob fearful_prob tense_prob sad_prob relaxing_prob neutral_prob
0 0.1477 0.1115 0.1410 0.3955 0.0495 0.1548
1 0.0796 0.1176 0.2302 0.4233 0.0370 0.1122
2 0.0123 0.1146 0.6494 0.1383 0.0212 0.0643
3 0.0115 0.1070 0.6763 0.1251 0.0231 0.0573
4 0.0149 0.0955 0.5669 0.2363 0.0330 0.0536
5 0.0159 0.1549 0.5669 0.1783 0.0570 0.0271
6 0.1477 0.1584 0.5752 0.0587 0.0565 0.0034
7 0.0833 0.1819 0.3069 0.0224 0.3940 0.0114
8 0.0204 0.1174 0.6548 0.1373 0.0591 0.0108
9 0.0139 0.1074 0.4966 0.2966 0.0584 0.0272
10 0.0164 0.0820 0.2194 0.2372 0.4363 0.0090
11 0.0350 0.0952 0.0569 0.1343 0.5654 0.1131
12 0.0231 0.1497 0.2014 0.3945 0.2213 0.0099
13 0.0213 0.0457 0.0742 0.2981 0.5400 0.0206
14 0.0544 0.0430 0.3381 0.3657 0.0178 0.1810
15 0.1054 0.2032 0.3098 0.0629 0.3098 0.0087
16 0.0067 0.0894 0.6016 0.2588 0.0309 0.0127
17 0.0126 0.4529 0.4673 0.0217 0.0408 0.0046
18 0.0191 0.6191 0.3210 0.0139 0.0260 0.0010
19 0.0219 0.5513 0.3044 0.0944 0.0250 0.0029
20 0.0124 0.3416 0.1857 0.3931 0.0622 0.0053
21 0.0326 0.5015 0.2603 0.1415 0.0520 0.0123
22 0.0850 0.1041 0.3108 0.1562 0.3359 0.0078
23 0.1187 0.2654 0.5532 0.0343 0.0282 0.0005
24 0.0860 0.1953 0.2957 0.0945 0.3171 0.0116
25 0.0964 0.1370 0.4817 0.0705 0.2104 0.0039
26 0.0540 0.1152 0.3496 0.3440 0.0677 0.0693
27 0.0044 0.0065 0.0021 0.0026 0.9839 0.0006
28 0.0476 0.1305 0.1305 0.1598 0.5239 0.0075
29 0.0200 0.2737 0.0692 0.2610 0.3740 0.0021
30 0.0787 0.1844 0.0825 0.0209 0.6240 0.0096
31 0.0695 0.3909 0.0546 0.0663 0.4033 0.0153
32 0.0164 0.1038 0.0479 0.0241 0.8037 0.0038
33 0.0238 0.0184 0.0621 0.0420 0.6372 0.2168
34 0.0187 0.0149 0.0439 0.0342 0.7090 0.1792
35 0.0245 0.0236 0.0238 0.0121 0.9126 0.0032
36 0.0399 0.0957 0.0928 0.0157 0.7412 0.0146
37 0.0320 0.0584 0.0333 0.0115 0.8447 0.0200
38 0.0356 0.0195 0.0450 0.0053 0.8906 0.0038
39 0.0128 0.0352 0.0270 0.0094 0.9155 0.0003
40 0.0112 0.0779 0.0424 0.0105 0.8574 0.0003
41 0.0036 0.0130 0.0043 0.0083 0.9697 0.0013
42 0.0302 0.0795 0.0827 0.2213 0.5229 0.0634
43 0.0116 0.0226 0.0344 0.0272 0.8804 0.0240
44 0.0121 0.0172 0.0058 0.0052 0.9590 0.0005
45 0.0214 0.0736 0.0916 0.0400 0.7671 0.0065
46 0.0332 0.1312 0.1223 0.0991 0.5972 0.0171
47 0.0058 0.6157 0.3455 0.0155 0.0131 0.0041
48 0.0187 0.2900 0.1887 0.0927 0.4089 0.0008
49 0.0547 0.0676 0.0888 0.0155 0.7671 0.0063
50 0.0516 0.0721 0.0964 0.0084 0.7700 0.0016
51 0.2123 0.1110 0.0333 0.0148 0.6240 0.0048
52 0.0682 0.0641 0.0612 0.0038 0.7998 0.0031
53 0.0039 0.1230 0.0591 0.0820 0.7305 0.0013
54 0.0096 0.0304 0.1164 0.0921 0.3757 0.3757
55 0.1427 0.2998 0.0581 0.0695 0.4097 0.0202
56 0.0253 0.1897 0.1366 0.0245 0.6221 0.0021
57 0.0236 0.0185 0.0499 0.0557 0.8438 0.0084
58 0.0354 0.3865 0.2496 0.1538 0.1255 0.0491
59 0.0302 0.5020 0.1681 0.0529 0.2334 0.0134
60 0.0992 0.3357 0.4114 0.0651 0.0661 0.0225
61 0.0395 0.4807 0.3203 0.1294 0.0139 0.0162
62 0.0515 0.6377 0.1716 0.0174 0.1179 0.0040
63 0.0091 0.3623 0.0625 0.0601 0.4170 0.0888
64 0.0221 0.3044 0.3242 0.0690 0.2729 0.0073
65 0.1378 0.1716 0.1587 0.0383 0.4775 0.0161
66 0.0807 0.0794 0.4360 0.0788 0.3242 0.0008
67 0.0297 0.2627 0.4265 0.1569 0.1203 0.0037
68 0.0471 0.5605 0.2336 0.0887 0.0600 0.0099
69 0.0573 0.3027 0.5234 0.0134 0.1022 0.0009
70 0.0597 0.3599 0.3542 0.1047 0.1047 0.0168
71 0.0343 0.5415 0.3721 0.0318 0.0138 0.0067
72 0.0167 0.4578 0.4368 0.0432 0.0129 0.0327
73 0.0972 0.3936 0.2522 0.1578 0.0942 0.0051
74 0.0665 0.3457 0.3979 0.0991 0.0895 0.0012
75 0.0547 0.3979 0.4170 0.1022 0.0271 0.0011
76 0.0116 0.3936 0.4746 0.1093 0.0092 0.0017
77 0.0708 0.3982 0.4656 0.0100 0.0535 0.0021
78 0.0898 0.4351 0.2854 0.1050 0.0830 0.0018
79 0.0881 0.4009 0.2756 0.1261 0.0998 0.0095
80 0.1230 0.3423 0.4905 0.0302 0.0140 0.0001
81 0.0746 0.4978 0.3164 0.0285 0.0800 0.0028
82 0.1559 0.2268 0.5527 0.0257 0.0382 0.0008
83 0.0369 0.6196 0.2175 0.0486 0.0764 0.0009
84 0.0322 0.1041 0.0662 0.0261 0.7690 0.0025
85 0.1744 0.2347 0.4817 0.0710 0.0355 0.0025
86 0.0620 0.3149 0.5615 0.0218 0.0394 0.0006
87 0.0773 0.5000 0.3438 0.0454 0.0305 0.0030
88 0.0334 0.3679 0.4106 0.0235 0.1510 0.0134
89 0.1114 0.1262 0.2285 0.2715 0.0543 0.2081
90 0.0617 0.1600 0.1744 0.1552 0.2876 0.1613
91 0.0970 0.3928 0.3577 0.0646 0.0612 0.0267
92 0.0963 0.3013 0.4487 0.0441 0.0693 0.0404
93 0.0307 0.3198 0.4580 0.0498 0.1312 0.0104
94 0.1769 0.0954 0.3079 0.0535 0.1796 0.1868
95 0.2471 0.2651 0.1242 0.1242 0.1063 0.1333
96 0.0502 0.4724 0.2112 0.1176 0.0691 0.0795
97 0.0522 0.3801 0.2324 0.1661 0.0447 0.1244
98 0.2170 0.2722 0.2072 0.0667 0.1731 0.0637
99 0.0247 0.0715 0.5283 0.3105 0.0239 0.0414
100 0.1060 0.0567 0.6289 0.1693 0.0154 0.0236
101 0.0866 0.1619 0.3882 0.1028 0.2391 0.0214
102 0.0334 0.1725 0.7148 0.0486 0.0190 0.0117
103 0.0538 0.1462 0.7544 0.0331 0.0053 0.0071
104 0.0362 0.2612 0.6265 0.0483 0.0255 0.0024
105 0.0158 0.3330 0.6318 0.0058 0.0089 0.0046
106 0.0130 0.4348 0.5327 0.0126 0.0056 0.0015
107 0.0567 0.2708 0.4395 0.0270 0.1831 0.0231
108 0.0729 0.1259 0.6006 0.0794 0.0806 0.0406
109 0.1046 0.0719 0.4688 0.1570 0.1407 0.0569
110 0.0748 0.1283 0.1488 0.2472 0.3301 0.0708
111 0.1216 0.1929 0.3384 0.1400 0.1501 0.0570
112 0.0450 0.0990 0.0975 0.5830 0.1130 0.0624
113 0.0084 0.6187 0.0402 0.3015 0.0185 0.0131
114 0.0334 0.1105 0.1969 0.3796 0.2412 0.0385
115 0.0582 0.1282 0.1332 0.4302 0.1407 0.1096
116 0.0380 0.0897 0.2185 0.3601 0.0343 0.2595
117 0.0605 0.5142 0.1580 0.1036 0.1300 0.0339
118 0.0357 0.4780 0.2404 0.1626 0.0212 0.0622
119 0.0307 0.5352 0.1213 0.2690 0.0179 0.0262
120 0.0212 0.7119 0.0739 0.1731 0.0061 0.0138
121 0.1031 0.1525 0.2494 0.3628 0.0583 0.0737
122 0.0739 0.0824 0.0817 0.6528 0.0870 0.0220
123 0.0301 0.4600 0.0524 0.1589 0.0781 0.2207
124 0.0474 0.6152 0.0989 0.0922 0.0865 0.0600
125 0.0438 0.2561 0.1011 0.3137 0.0209 0.2642
126 0.0359 0.5273 0.1865 0.1895 0.0072 0.0539
127 0.0712 0.1616 0.2352 0.4604 0.0219 0.0497
128 0.0507 0.1768 0.3201 0.2235 0.1225 0.1064
129 0.1140 0.0867 0.2820 0.2507 0.2450 0.0214
130 0.0735 0.0853 0.3911 0.2300 0.1967 0.0235
131 0.0424 0.5757 0.0511 0.1024 0.1913 0.0374
132 0.0779 0.2151 0.3333 0.1305 0.2020 0.0414
133 0.1125 0.2556 0.2678 0.1216 0.1841 0.0584
134 0.1952 0.2247 0.2014 0.1005 0.2585 0.0195
135 0.0402 0.4636 0.0562 0.1565 0.1182 0.1653
136 0.1023 0.0983 0.1740 0.3513 0.0889 0.1852
137 0.0199 0.5850 0.1433 0.1812 0.0511 0.0199
138 0.1306 0.1930 0.2988 0.1058 0.1677 0.1041
139 0.0299 0.5059 0.3477 0.0318 0.0832 0.0017
140 0.0955 0.5942 0.0699 0.0523 0.0985 0.0897
141 0.0249 0.2366 0.3662 0.2639 0.0291 0.0792
142 0.0722 0.4221 0.0504 0.1494 0.1666 0.1392
143 0.0799 0.2944 0.1083 0.1931 0.1218 0.2024
144 0.0641 0.5044 0.1433 0.1479 0.0548 0.0856
145 0.0696 0.0432 0.4797 0.2063 0.0391 0.1620
146 0.1127 0.1010 0.1493 0.4526 0.0871 0.0972
147 0.0750 0.1930 0.5005 0.1730 0.0341 0.0244
148 0.0734 0.3967 0.3140 0.1506 0.0648 0.0005
149 0.1973 0.2361 0.3862 0.1454 0.0271 0.0079
150 0.0681 0.2800 0.6021 0.0280 0.0153 0.0063
151 0.1010 0.3013 0.4968 0.0603 0.0259 0.0145
152 0.1113 0.4041 0.4233 0.0262 0.0324 0.0027
153 0.1254 0.3127 0.3408 0.1313 0.0803 0.0095
154 0.1570 0.1849 0.5063 0.0490 0.0997 0.0029
155 0.0439 0.5972 0.0719 0.1282 0.0471 0.1114
156 0.0298 0.0726 0.1741 0.5889 0.0382 0.0962
157 0.0540 0.1624 0.3333 0.1082 0.2939 0.0484
158 0.0773 0.1306 0.2220 0.0792 0.4556 0.0351
159 0.0943 0.5601 0.1708 0.0568 0.0027 0.1155
160 0.0452 0.5591 0.1172 0.2009 0.0411 0.0366
161 0.1732 0.1759 0.6001 0.0094 0.0341 0.0074
162 0.1729 0.1974 0.2255 0.0651 0.2400 0.0992
163 0.0648 0.1997 0.3821 0.2335 0.0707 0.0493
164 0.0063 0.1316 0.1337 0.1057 0.0048 0.6182
165 0.1110 0.0734 0.3696 0.1219 0.2622 0.0618
166 0.0869 0.1548 0.2455 0.2235 0.2167 0.0726
167 0.0444 0.1501 0.1715 0.2615 0.3411 0.0312
168 0.0569 0.3679 0.1149 0.1071 0.0901 0.2629
169 0.0882 0.2473 0.4341 0.0491 0.1754 0.0061
170 0.0292 0.3191 0.3560 0.0128 0.2815 0.0016
171 0.0243 0.5039 0.1098 0.2573 0.0395 0.0656
172 0.0347 0.2393 0.2247 0.0198 0.4758 0.0058
173 0.0110 0.1089 0.1853 0.0079 0.6777 0.0089
174 0.0406 0.0881 0.2888 0.4072 0.0158 0.1594
175 0.0520 0.2539 0.0193 0.2367 0.0598 0.3782
176 0.0243 0.1866 0.4338 0.0119 0.3379 0.0054
177 0.0110 0.1863 0.6606 0.0091 0.1321 0.0011
178 0.0121 0.3103 0.5708 0.0103 0.0961 0.0007
179 0.0404 0.5498 0.0424 0.1226 0.1930 0.0519
180 0.1324 0.3079 0.3599 0.0731 0.1254 0.0014
181 0.0807 0.0629 0.0929 0.5430 0.0833 0.1373
182 0.0483 0.4172 0.0353 0.1293 0.0498 0.3201
183 0.0166 0.5371 0.0647 0.2499 0.0173 0.1144
184 0.0203 0.2717 0.6221 0.0561 0.0245 0.0053
185 0.0208 0.5024 0.3196 0.0834 0.0479 0.0258
186 0.0171 0.1953 0.7256 0.0509 0.0096 0.0016
187 0.1089 0.3545 0.4480 0.0447 0.0433 0.0006
188 0.1259 0.2993 0.3447 0.1110 0.1146 0.0046
189 0.0362 0.1079 0.1079 0.0596 0.6406 0.0475
190 0.0533 0.1340 0.4534 0.0276 0.2974 0.0344
191 0.0448 0.0678 0.0805 0.0132 0.7881 0.0057
192 0.0296 0.2834 0.4124 0.1589 0.0533 0.0623
193 0.0140 0.1276 0.3992 0.0343 0.4182 0.0067
194 0.0140 0.2499 0.5459 0.0086 0.1801 0.0017
195 0.0586 0.3733 0.2507 0.1384 0.1157 0.0634
196 0.0656 0.3574 0.2418 0.1255 0.1783 0.0315
197 0.0095 0.3376 0.6016 0.0167 0.0248 0.0097
198 0.0394 0.2891 0.2323 0.1234 0.0606 0.2551
199 0.0491 0.2512 0.1115 0.1661 0.0076 0.4143
200 0.0576 0.0770 0.0776 0.4363 0.0542 0.2974
201 0.0356 0.4143 0.0468 0.1548 0.0154 0.3330
202 0.0747 0.1556 0.0771 0.0501 0.6353 0.0071
203 0.1846 0.0326 0.0628 0.4939 0.0757 0.1506
204 0.0115 0.2072 0.7344 0.0377 0.0053 0.0037
205 0.0204 0.2910 0.5107 0.0061 0.1710 0.0008
206 0.0042 0.0062 0.0231 0.0043 0.9536 0.0084
207 0.0248 0.1737 0.0634 0.1176 0.5518 0.0685
208 0.0083 0.1274 0.8179 0.0130 0.0236 0.0100
209 0.0110 0.2881 0.6392 0.0069 0.0485 0.0062
210 0.0097 0.2871 0.0896 0.2695 0.0084 0.3354
211 0.0186 0.1351 0.3044 0.0418 0.4941 0.0059
212 0.0366 0.3264 0.2042 0.1615 0.1979 0.0734
213 0.0452 0.2422 0.4456 0.1588 0.1010 0.0073
214 0.0030 0.4099 0.5688 0.0154 0.0013 0.0015
215 0.0400 0.1821 0.7144 0.0071 0.0446 0.0117
216 0.2522 0.1085 0.0627 0.0734 0.4785 0.0248
217 0.0368 0.6123 0.3279 0.0104 0.0123 0.0002
218 0.1304 0.2612 0.1853 0.1064 0.3152 0.0015
219 0.1323 0.1809 0.0403 0.0161 0.6265 0.0040
220 0.0202 0.1760 0.4224 0.0581 0.3140 0.0093
221 0.1337 0.4419 0.2556 0.0744 0.0830 0.0114
222 0.0392 0.1599 0.1599 0.2808 0.3550 0.0053
223 0.0065 0.5127 0.3811 0.0098 0.0877 0.0024
224 0.0136 0.5161 0.3081 0.1226 0.0218 0.0177
225 0.0099 0.1619 0.3374 0.0042 0.4832 0.0036
226 0.0065 0.0136 0.0316 0.0042 0.9243 0.0196
227 0.0299 0.1044 0.1121 0.0129 0.7363 0.0044
228 0.0217 0.2072 0.0986 0.0276 0.6089 0.0363
229 0.0394 0.2715 0.5566 0.0148 0.1132 0.0044
230 0.0905 0.1915 0.2460 0.1613 0.3013 0.0093
231 0.0595 0.1605 0.5063 0.0361 0.2062 0.0314
232 0.0070 0.0088 0.0229 0.0042 0.9565 0.0005
233 0.0445 0.3818 0.1720 0.1111 0.2583 0.0323
234 0.0435 0.4712 0.2333 0.0684 0.1506 0.0331
235 0.0495 0.5239 0.2150 0.0661 0.1089 0.0365
236 0.0282 0.4846 0.3179 0.0461 0.0992 0.0241
237 0.0393 0.4673 0.2747 0.0489 0.1191 0.0508
238 0.0640 0.1659 0.3247 0.1232 0.2064 0.1158
239 0.0229 0.1218 0.3062 0.2040 0.0389 0.3062
240 0.0206 0.1511 0.3801 0.0583 0.3301 0.0597
241 0.0994 0.1677 0.3523 0.2310 0.0978 0.0519
242 0.0198 0.5020 0.4033 0.0326 0.0409 0.0013
243 0.0351 0.0362 0.1523 0.1132 0.2360 0.4272
244 0.0482 0.1146 0.2245 0.0633 0.3069 0.2427
245 0.0132 0.2727 0.5776 0.0845 0.0456 0.0065
246 0.0116 0.2759 0.4690 0.1808 0.0410 0.0218
247 0.0385 0.5366 0.2036 0.0849 0.0276 0.1090
248 0.1135 0.2329 0.5503 0.0553 0.0473 0.0009
249 0.0307 0.0522 0.1355 0.0499 0.2200 0.5117
250 0.0400 0.0506 0.0610 0.0307 0.2433 0.5742
251 0.0861 0.1571 0.7041 0.0174 0.0348 0.0003
252 0.0196 0.1827 0.7456 0.0222 0.0272 0.0026
253 0.0081 0.2715 0.6509 0.0587 0.0052 0.0056
254 0.0800 0.3186 0.3137 0.0438 0.1248 0.1191
255 0.0059 0.1887 0.7700 0.0177 0.0141 0.0038
256 0.0469 0.1285 0.2222 0.0360 0.2942 0.2722
257 0.0663 0.2407 0.5728 0.0497 0.0674 0.0030
258 0.0608 0.3962 0.3135 0.0516 0.1481 0.0298
259 0.0241 0.5361 0.3801 0.0286 0.0213 0.0097
260 0.0267 0.5322 0.2939 0.0641 0.0611 0.0218
261 0.1124 0.4517 0.1466 0.1008 0.1294 0.0592
262 0.0502 0.5747 0.1488 0.1488 0.0625 0.0148
263 0.0396 0.4978 0.3530 0.0418 0.0497 0.0181
264 0.0072 0.6309 0.2590 0.0708 0.0192 0.0127
265 0.0267 0.4585 0.3921 0.0976 0.0167 0.0083
266 0.0245 0.5713 0.3689 0.0116 0.0162 0.0076
267 0.1628 0.2028 0.2407 0.1761 0.0668 0.1506
268 0.1536 0.1089 0.2825 0.2003 0.0861 0.1687
