time exciting_prob fearful_prob tense_prob sad_prob relaxing_prob neutral_prob
0 0.1136 0.1553 0.1349 0.1288 0.0181 0.4492
1 0.5298 0.0369 0.0258 0.3164 0.0775 0.0135
2 0.3137 0.0378 0.0449 0.4785 0.1136 0.0113
3 0.4302 0.0388 0.0350 0.3857 0.1006 0.0097
4 0.0905 0.1126 0.1743 0.5288 0.0389 0.0549
5 0.1152 0.0870 0.1757 0.5410 0.0368 0.0444
6 0.0792 0.0617 0.3037 0.5005 0.0398 0.0151
7 0.1100 0.0343 0.3494 0.4487 0.0392 0.0184
8 0.1726 0.2217 0.2115 0.2937 0.0417 0.0587
9 0.0955 0.2253 0.2515 0.2515 0.0330 0.1433
10 0.1311 0.1375 0.1737 0.4231 0.0293 0.1053
11 0.5439 0.0737 0.0687 0.2737 0.0275 0.0124
12 0.3345 0.0654 0.0735 0.4944 0.0212 0.0109
13 0.0609 0.4363 0.1021 0.3191 0.0326 0.0490
14 0.0437 0.4080 0.2184 0.2893 0.0140 0.0265
15 0.0451 0.3606 0.1871 0.3721 0.0161 0.0188
16 0.0516 0.1888 0.2074 0.4822 0.0366 0.0333
17 0.3262 0.1298 0.1268 0.1680 0.2368 0.0124
18 0.2673 0.0790 0.2067 0.2512 0.1713 0.0245
19 0.7095 0.0847 0.0439 0.1079 0.0453 0.0087
20 0.6997 0.0424 0.0052 0.1216 0.1305 0.0004
21 0.7573 0.0187 0.0169 0.1562 0.0496 0.0016
22 0.7979 0.0237 0.0141 0.1071 0.0565 0.0007
23 0.1083 0.1652 0.2681 0.3962 0.0396 0.0225
24 0.4814 0.0395 0.1161 0.2637 0.0963 0.0029
25 0.4883 0.2739 0.0109 0.1215 0.1047 0.0008
26 0.5674 0.2023 0.0088 0.1503 0.0710 0.0004
27 0.0326 0.4167 0.1908 0.2162 0.0847 0.0591
28 0.3125 0.0450 0.0615 0.5229 0.0479 0.0100
29 0.0397 0.0230 0.0188 0.9033 0.0117 0.0035
30 0.0379 0.2632 0.2473 0.3489 0.0803 0.0223
31 0.2930 0.0696 0.2355 0.2883 0.0981 0.0154
32 0.1498 0.1725 0.5190 0.0909 0.0670 0.0009
33 0.1838 0.0129 0.1224 0.6216 0.0211 0.0379
34 0.3770 0.0198 0.2183 0.3433 0.0118 0.0298
35 0.6289 0.0178 0.0734 0.2042 0.0326 0.0431
36 0.2529 0.0691 0.1658 0.3916 0.0735 0.0471
37 0.0273 0.0314 0.0026 0.9321 0.0059 0.0009
38 0.0591 0.0670 0.0027 0.7915 0.0771 0.0025
39 0.1011 0.1298 0.0034 0.6694 0.0949 0.0014
40 0.0850 0.2312 0.1237 0.4893 0.0477 0.0231
41 0.1024 0.0404 0.0507 0.7681 0.0340 0.0046
42 0.0720 0.0526 0.1409 0.6826 0.0487 0.0029
43 0.0620 0.0945 0.1088 0.6772 0.0560 0.0016
44 0.2107 0.1904 0.2279 0.3264 0.0222 0.0224
45 0.4199 0.0701 0.3562 0.1395 0.0115 0.0027
46 0.7954 0.0529 0.1110 0.0260 0.0148 0.0001
47 0.8159 0.0649 0.0759 0.0277 0.0153 0.0001
48 0.3315 0.0740 0.1680 0.3696 0.0508 0.0061
49 0.5586 0.0469 0.0207 0.1785 0.1945 0.0010
50 0.5503 0.0369 0.0115 0.1218 0.2788 0.0005
51 0.2285 0.0094 0.0681 0.4336 0.2081 0.0522
52 0.5645 0.0211 0.0517 0.1416 0.1981 0.0229
53 0.5635 0.0378 0.0175 0.0549 0.3235 0.0029
54 0.3765 0.0596 0.0482 0.3765 0.1222 0.0171
55 0.0394 0.0724 0.1332 0.3977 0.2954 0.0620
56 0.1771 0.0905 0.1771 0.3992 0.1539 0.0020
57 0.6216 0.0573 0.0072 0.2571 0.0556 0.0014
58 0.3630 0.0430 0.0017 0.4734 0.1169 0.0018
59 0.0570 0.1812 0.5244 0.1549 0.0175 0.0651
60 0.1714 0.1755 0.3127 0.3228 0.0085 0.0089
61 0.3752 0.0166 0.1614 0.3162 0.1181 0.0125
62 0.3860 0.0275 0.2825 0.1912 0.0182 0.0946
63 0.5122 0.1237 0.2764 0.0593 0.0259 0.0023
64 0.1125 0.1065 0.0817 0.6577 0.0197 0.0222
65 0.3008 0.1216 0.2573 0.2494 0.0540 0.0168
66 0.2153 0.0303 0.1171 0.1503 0.4419 0.0451
67 0.3191 0.0077 0.0254 0.4717 0.1630 0.0130
68 0.3767 0.1282 0.0828 0.2671 0.0759 0.0692
69 0.4771 0.1501 0.1489 0.1399 0.0661 0.0179
70 0.5596 0.1044 0.0701 0.1949 0.0674 0.0036
71 0.2556 0.0211 0.0234 0.5244 0.1677 0.0074
72 0.0583 0.0491 0.0076 0.8364 0.0045 0.0443
73 0.6665 0.0498 0.0611 0.1808 0.0241 0.0175
74 0.4839 0.1047 0.0305 0.3301 0.0370 0.0139
75 0.3477 0.1147 0.0599 0.4360 0.0154 0.0262
76 0.3340 0.1084 0.0657 0.4858 0.0044 0.0016
77 0.2267 0.2097 0.0297 0.5273 0.0061 0.0006
78 0.7095 0.0665 0.0426 0.1738 0.0053 0.0022
79 0.0696 0.0409 0.0533 0.1749 0.6299 0.0314
80 0.0715 0.0715 0.0527 0.0377 0.7563 0.0106
81 0.1891 0.0198 0.0936 0.5820 0.0770 0.0384
82 0.2844 0.0420 0.0526 0.4238 0.1659 0.0312
83 0.5127 0.0891 0.0374 0.1034 0.2441 0.0131
84 0.1514 0.1001 0.1378 0.3035 0.2852 0.0222
85 0.2251 0.2181 0.1647 0.2632 0.1158 0.0130
86 0.7227 0.0739 0.0571 0.0360 0.1083 0.0020
87 0.7524 0.0781 0.0496 0.0818 0.0303 0.0080
88 0.8740 0.0460 0.0173 0.0321 0.0272 0.0035
89 0.0844 0.0336 0.3135 0.1602 0.2405 0.1678
90 0.0805 0.0115 0.1066 0.6636 0.0870 0.0508
91 0.1633 0.0498 0.0640 0.6934 0.0271 0.0025
92 0.1597 0.0495 0.1971 0.5151 0.0737 0.0047
93 0.1620 0.0269 0.2469 0.0854 0.4404 0.0385
94 0.3301 0.1851 0.0703 0.3352 0.0697 0.0097
95 0.7520 0.0837 0.0360 0.1075 0.0150 0.0059
96 0.8145 0.0336 0.0409 0.0628 0.0449 0.0035
97 0.0728 0.0504 0.0979 0.1026 0.6689 0.0071
98 0.0800 0.0363 0.1859 0.6191 0.0580 0.0204
99 0.5127 0.0294 0.0477 0.0575 0.3523 0.0006
100 0.0909 0.0062 0.0153 0.8359 0.0282 0.0233
101 0.1914 0.0079 0.0083 0.0579 0.7222 0.0123
102 0.2769 0.0061 0.0028 0.0745 0.6338 0.0061
103 0.2893 0.0125 0.0057 0.1432 0.5405 0.0087
104 0.5571 0.0076 0.0038 0.1547 0.2759 0.0010
105 0.5410 0.0071 0.0120 0.3359 0.1033 0.0005
106 0.4575 0.1251 0.0582 0.1450 0.2111 0.0031
107 0.6616 0.1186 0.0280 0.0494 0.1420 0.0006
108 0.3186 0.0281 0.1136 0.4785 0.0516 0.0096
109 0.1981 0.0425 0.3452 0.3701 0.0240 0.0199
110 0.1444 0.0091 0.0804 0.3926 0.3574 0.0160
111 0.1331 0.0248 0.1290 0.4868 0.1605 0.0659
112 0.4304 0.0101 0.2340 0.2340 0.0881 0.0034
113 0.6743 0.0102 0.0357 0.2703 0.0093 0.0003
114 0.3586 0.0309 0.0497 0.5469 0.0057 0.0082
115 0.4717 0.1655 0.0141 0.2625 0.0826 0.0035
116 0.5127 0.1379 0.0191 0.2700 0.0544 0.0059
117 0.1782 0.0451 0.2893 0.4480 0.0300 0.0093
118 0.2539 0.0733 0.0884 0.5635 0.0035 0.0174
119 0.0878 0.0344 0.0374 0.8071 0.0027 0.0306
120 0.0471 0.0605 0.0624 0.8096 0.0126 0.0080
121 0.1523 0.0917 0.2759 0.2288 0.2473 0.0040
122 0.1425 0.0500 0.3813 0.3367 0.0212 0.0684
123 0.1753 0.1409 0.4548 0.1809 0.0214 0.0267
124 0.4688 0.0284 0.0625 0.2888 0.1475 0.0041
125 0.4731 0.0731 0.0223 0.2781 0.1512 0.0021
126 0.1281 0.0467 0.3618 0.4099 0.0262 0.0273
127 0.4849 0.0061 0.1501 0.2805 0.0738 0.0045
128 0.5337 0.0075 0.1603 0.2386 0.0508 0.0091
129 0.2040 0.0389 0.3284 0.2559 0.1576 0.0152
130 0.6392 0.0474 0.0775 0.1426 0.0865 0.0070
131 0.1885 0.2037 0.2786 0.2102 0.0843 0.0349
132 0.2117 0.2362 0.2634 0.1525 0.1040 0.0322
133 0.3257 0.1915 0.3359 0.1208 0.0249 0.0011
134 0.0147 0.2710 0.1281 0.5830 0.0008 0.0025
135 0.0253 0.4666 0.0511 0.4521 0.0008 0.0041
136 0.0367 0.1407 0.1697 0.6509 0.0010 0.0012
137 0.0397 0.1738 0.1176 0.6665 0.0011 0.0012
138 0.0828 0.1385 0.5396 0.1251 0.1071 0.0070
139 0.1112 0.0605 0.0997 0.6602 0.0361 0.0323
140 0.0408 0.0428 0.0199 0.8857 0.0098 0.0011
141 0.0447 0.1586 0.0583 0.6572 0.0761 0.0048
142 0.0521 0.2861 0.2563 0.2524 0.0629 0.0900
143 0.0920 0.0481 0.0594 0.7827 0.0170 0.0005
144 0.0996 0.0372 0.1862 0.6704 0.0062 0.0006
145 0.0988 0.0297 0.0306 0.8276 0.0048 0.0086
146 0.1512 0.1512 0.1610 0.4883 0.0379 0.0105
147 0.0867 0.0471 0.1836 0.6714 0.0078 0.0033
148 0.3254 0.3411 0.2068 0.0992 0.0215 0.0061
149 0.3132 0.1677 0.2440 0.2402 0.0227 0.0121
150 0.1241 0.1475 0.3323 0.1301 0.2629 0.0030
151 0.1957 0.3684 0.2871 0.0348 0.1133 0.0007
152 0.1145 0.2969 0.2173 0.0706 0.2993 0.0015
153 0.1544 0.3943 0.2627 0.0820 0.1053 0.0014
154 0.0781 0.1875 0.0928 0.5259 0.0832 0.0326
155 0.0911 0.2085 0.1755 0.3491 0.1016 0.0743
156 0.0629 0.0747 0.1581 0.6353 0.0331 0.0358
157 0.1028 0.0533 0.2465 0.5220 0.0533 0.0222
158 0.0555 0.0591 0.2566 0.5605 0.0387 0.0297
159 0.1455 0.1244 0.5664 0.1187 0.0392 0.0059
160 0.1641 0.1278 0.4749 0.2107 0.0168 0.0058
161 0.1857 0.1058 0.1049 0.5718 0.0291 0.0028
162 0.1383 0.0445 0.0266 0.7534 0.0352 0.0021
163 0.1891 0.2354 0.4465 0.0951 0.0331 0.0007
164 0.0609 0.1278 0.2708 0.4978 0.0396 0.0033
165 0.2205 0.0667 0.0774 0.3809 0.2498 0.0049
166 0.2419 0.1854 0.4019 0.0842 0.0842 0.0021
167 0.1476 0.0931 0.2130 0.1262 0.4170 0.0032
168 0.2247 0.0619 0.2798 0.1261 0.3071 0.0003
169 0.2499 0.1915 0.1100 0.3931 0.0532 0.0022
170 0.0470 0.0508 0.0500 0.8330 0.0168 0.0025
171 0.1097 0.0665 0.0510 0.7271 0.0423 0.0035
172 0.1290 0.1569 0.0089 0.0494 0.6553 0.0004
173 0.3491 0.1550 0.0157 0.1812 0.2988 0.0002
174 0.3440 0.0843 0.0083 0.1285 0.4348 0.0002
175 0.0952 0.1241 0.3025 0.4006 0.0605 0.0173
176 0.1196 0.1293 0.3462 0.3354 0.0630 0.0065
177 0.5684 0.0554 0.1705 0.1494 0.0562 0.0003
178 0.3579 0.0553 0.2072 0.3110 0.0637 0.0048
179 0.0972 0.1553 0.3965 0.2156 0.1307 0.0050
180 0.1483 0.1816 0.4290 0.1995 0.0369 0.0046
181 0.0718 0.0814 0.3589 0.4468 0.0250 0.0163
182 0.2783 0.1082 0.3203 0.1702 0.1179 0.0050
183 0.2517 0.1716 0.2222 0.0804 0.2722 0.0020
184 0.2256 0.0830 0.6040 0.0672 0.0157 0.0045
185 0.1852 0.2268 0.1205 0.4441 0.0060 0.0174
186 0.1151 0.0791 0.1187 0.6729 0.0029 0.0115
187 0.0445 0.3784 0.0871 0.4783 0.0019 0.0098
188 0.0431 0.3784 0.3340 0.1903 0.0283 0.0258
189 0.2407 0.0751 0.0445 0.6050 0.0176 0.0170
190 0.2198 0.1823 0.0909 0.4878 0.0171 0.0020
191 0.1672 0.0815 0.0298 0.7041 0.0158 0.0013
192 0.1378 0.1356 0.4517 0.2380 0.0291 0.0077
193 0.1274 0.1422 0.3154 0.3574 0.0444 0.0129
194 0.0959 0.1594 0.3481 0.1301 0.2627 0.0038
195 0.1560 0.1196 0.3743 0.2695 0.0754 0.0048
196 0.1010 0.0462 0.2346 0.5811 0.0191 0.0182
197 0.1514 0.0492 0.4736 0.2786 0.0354 0.0119
198 0.1394 0.0609 0.2300 0.4294 0.0381 0.1021
199 0.1415 0.0609 0.1934 0.4094 0.0489 0.1460
200 0.0737 0.1422 0.3865 0.2827 0.0715 0.0434
201 0.0586 0.1997 0.2815 0.3850 0.0313 0.0439
202 0.0770 0.1631 0.2062 0.4573 0.0262 0.0701
203 0.1103 0.0958 0.2729 0.4163 0.0358 0.0690
204 0.1772 0.0870 0.1858 0.3994 0.0455 0.1050
205 0.2805 0.0411 0.1198 0.4485 0.0386 0.0715
206 0.2830 0.0837 0.2070 0.2744 0.0540 0.0978
207 0.1970 0.0736 0.1851 0.3682 0.0620 0.1141
