time exciting_prob fearful_prob tense_prob sad_prob relaxing_prob neutral_prob
0 0.1136 0.1553 0.1349 0.1288 0.0181 0.4492
1 0.1931 0.0603 0.3389 0.3606 0.0389 0.0082
2 0.2098 0.0671 0.3569 0.3513 0.0083 0.0065
3 0.2021 0.0444 0.5371 0.2037 0.0060 0.0067
4 0.2037 0.0823 0.5537 0.1514 0.0071 0.0016
5 0.1519 0.0442 0.2974 0.4128 0.0439 0.0501
6 0.4758 0.0759 0.2820 0.1222 0.0126 0.0316
7 0.3584 0.1068 0.2949 0.1934 0.0100 0.0363
8 0.3901 0.0622 0.2329 0.1359 0.0150 0.1639
9 0.0521 0.2644 0.4639 0.1506 0.0128 0.0563
10 0.0872 0.1630 0.3672 0.1965 0.0180 0.1681
11 0.2216 0.1030 0.1072 0.4917 0.0671 0.0095
12 0.2039 0.0963 0.2576 0.3523 0.0580 0.0320
13 0.1288 0.2225 0.2996 0.3289 0.0038 0.0163
14 0.2598 0.2103 0.3413 0.1743 0.0072 0.0071
15 0.0657 0.0374 0.6846 0.1873 0.0025 0.0224
16 0.1591 0.0190 0.5137 0.2388 0.0172 0.0525
17 0.0909 0.0630 0.5273 0.2415 0.0093 0.0681
18 0.4773 0.1561 0.1869 0.1422 0.0269 0.0105
19 0.2091 0.2333 0.4429 0.0788 0.0262 0.0098
20 0.2018 0.0778 0.5791 0.0991 0.0286 0.0136
21 0.3223 0.1186 0.4043 0.0868 0.0539 0.0141
22 0.1562 0.0863 0.5005 0.1575 0.0496 0.0500
23 0.0916 0.0610 0.6255 0.0982 0.0158 0.1078
24 0.1194 0.0696 0.5562 0.0880 0.0388 0.1281
25 0.1542 0.1329 0.4749 0.0628 0.0658 0.1093
26 0.1937 0.1013 0.3914 0.0789 0.0171 0.2178
27 0.2627 0.0789 0.4792 0.0685 0.0534 0.0573
28 0.3938 0.0800 0.2881 0.0648 0.0594 0.1137
29 0.2499 0.0905 0.3723 0.1237 0.0380 0.1256
30 0.1941 0.1244 0.2759 0.2019 0.1141 0.0896
31 0.1892 0.1395 0.4756 0.1290 0.0279 0.0387
32 0.1239 0.1068 0.7075 0.0360 0.0169 0.0090
33 0.2856 0.1603 0.3528 0.1298 0.0316 0.0399
34 0.1187 0.0404 0.7861 0.0340 0.0064 0.0142
35 0.0782 0.0618 0.7300 0.0628 0.0334 0.0336
36 0.2344 0.1169 0.0862 0.5039 0.0110 0.0476
37 0.1825 0.2236 0.1853 0.3862 0.0101 0.0121
38 0.1113 0.0783 0.5312 0.1510 0.0212 0.1071
39 0.1177 0.0665 0.4548 0.1781 0.0410 0.1420
40 0.1985 0.0796 0.4688 0.2064 0.0353 0.0113
41 0.3428 0.0916 0.3765 0.1451 0.0359 0.0081
42 0.3428 0.1176 0.1261 0.3350 0.0426 0.0359
43 0.0713 0.0410 0.8159 0.0649 0.0025 0.0042
44 0.0471 0.0307 0.8613 0.0400 0.0093 0.0114
45 0.1039 0.1868 0.5532 0.1366 0.0143 0.0052
46 0.0338 0.2764 0.1265 0.5581 0.0024 0.0029
47 0.1229 0.0668 0.4785 0.1846 0.0369 0.1102
48 0.1467 0.0548 0.0682 0.6997 0.0171 0.0133
49 0.2954 0.1375 0.0944 0.4507 0.0149 0.0071
50 0.1082 0.0732 0.0897 0.6943 0.0053 0.0291
51 0.3374 0.0486 0.4136 0.1395 0.0304 0.0304
52 0.2131 0.0300 0.3799 0.3054 0.0506 0.0209
53 0.2947 0.1577 0.4028 0.1110 0.0264 0.0073
54 0.2012 0.0706 0.4863 0.2091 0.0207 0.0121
55 0.2073 0.0421 0.4221 0.2769 0.0296 0.0222
56 0.0533 0.1709 0.1791 0.5024 0.0058 0.0886
57 0.3433 0.2454 0.1323 0.2571 0.0146 0.0074
58 0.1014 0.1242 0.3796 0.3735 0.0094 0.0119
59 0.1076 0.0638 0.5908 0.1448 0.0183 0.0745
60 0.1207 0.0836 0.6274 0.1444 0.0060 0.0177
61 0.1643 0.1270 0.3701 0.1394 0.1876 0.0115
62 0.0888 0.1177 0.3540 0.1272 0.2891 0.0233
63 0.0709 0.2456 0.5532 0.0849 0.0284 0.0167
64 0.2280 0.2427 0.2974 0.2142 0.0082 0.0096
65 0.2166 0.3079 0.3516 0.0953 0.0113 0.0174
66 0.0867 0.1465 0.4583 0.2233 0.0157 0.0697
67 0.1366 0.2003 0.5278 0.1055 0.0161 0.0140
68 0.2003 0.0407 0.3743 0.3462 0.0228 0.0156
69 0.2189 0.0818 0.4670 0.1931 0.0111 0.0280
70 0.1932 0.0408 0.2123 0.2561 0.0375 0.2600
71 0.1252 0.1046 0.5107 0.1113 0.0490 0.0990
72 0.1396 0.1836 0.4614 0.1510 0.0126 0.0518
73 0.1224 0.1584 0.0803 0.5981 0.0317 0.0091
74 0.0698 0.2306 0.5659 0.1234 0.0040 0.0061
75 0.0263 0.0661 0.1400 0.7222 0.0112 0.0343
76 0.1396 0.1261 0.3650 0.3147 0.0228 0.0319
77 0.1000 0.0939 0.5664 0.1898 0.0164 0.0332
78 0.0494 0.0789 0.8032 0.0498 0.0097 0.0089
79 0.1244 0.1388 0.4480 0.2417 0.0300 0.0172
80 0.0759 0.0649 0.7490 0.0808 0.0228 0.0062
81 0.0398 0.0656 0.5405 0.2847 0.0105 0.0592
82 0.4883 0.0141 0.1294 0.3462 0.0179 0.0039
83 0.6245 0.0189 0.1393 0.2141 0.0019 0.0013
84 0.4072 0.0284 0.2375 0.3074 0.0064 0.0130
85 0.2817 0.0900 0.0643 0.4944 0.0096 0.0600
86 0.0536 0.0781 0.7124 0.1199 0.0135 0.0227
87 0.1064 0.1082 0.5039 0.1742 0.0656 0.0417
88 0.1030 0.0975 0.6255 0.1332 0.0286 0.0121
89 0.0944 0.0764 0.6655 0.1183 0.0361 0.0093
90 0.1418 0.1214 0.4915 0.1823 0.0152 0.0479
91 0.0402 0.0352 0.7891 0.1060 0.0159 0.0136
92 0.0722 0.1084 0.7642 0.0378 0.0065 0.0108
93 0.1471 0.0402 0.4531 0.2791 0.0567 0.0236
94 0.1317 0.0532 0.5996 0.1626 0.0278 0.0251
95 0.0900 0.0399 0.6919 0.1300 0.0169 0.0311
96 0.2065 0.0450 0.4583 0.2198 0.0450 0.0253
97 0.1069 0.0482 0.6104 0.1544 0.0435 0.0364
98 0.2722 0.1246 0.1527 0.3992 0.0352 0.0162
99 0.0592 0.0961 0.0681 0.7559 0.0023 0.0185
100 0.2061 0.3167 0.1138 0.3167 0.0089 0.0378
101 0.2277 0.3110 0.1067 0.3162 0.0064 0.0320
102 0.0687 0.3179 0.4697 0.0767 0.0023 0.0646
103 0.6792 0.1246 0.1042 0.0516 0.0371 0.0033
104 0.1979 0.0757 0.4124 0.2622 0.0177 0.0341
105 0.1555 0.0590 0.5181 0.2371 0.0072 0.0233
106 0.1226 0.0698 0.3835 0.3896 0.0081 0.0263
107 0.5869 0.0865 0.1331 0.1484 0.0329 0.0121
108 0.6953 0.0637 0.0612 0.1564 0.0147 0.0090
109 0.3164 0.0210 0.2389 0.3264 0.0674 0.0299
110 0.6914 0.0384 0.1427 0.1094 0.0120 0.0062
111 0.7905 0.0443 0.0475 0.0930 0.0131 0.0115
112 0.7896 0.0648 0.0135 0.0268 0.0729 0.0326
113 0.6567 0.0249 0.0327 0.1597 0.0561 0.0698
114 0.2644 0.2059 0.1438 0.2389 0.0813 0.0658
115 0.4663 0.1715 0.1611 0.0897 0.0636 0.0476
116 0.2043 0.0079 0.2625 0.1404 0.0207 0.3643
117 0.4678 0.0900 0.1846 0.0463 0.0297 0.1818
118 0.4451 0.1295 0.2874 0.0593 0.0169 0.0617
119 0.1848 0.1791 0.3704 0.1351 0.0150 0.1156
120 0.3877 0.0832 0.1361 0.2158 0.0906 0.0865
121 0.3196 0.0510 0.2162 0.1807 0.0534 0.1792
122 0.3274 0.0367 0.5571 0.0468 0.0054 0.0267
123 0.4248 0.0978 0.2383 0.1049 0.0287 0.1057
124 0.2732 0.2356 0.3347 0.0321 0.0290 0.0952
125 0.2010 0.1288 0.5132 0.0463 0.0126 0.0980
126 0.4285 0.1287 0.2240 0.1370 0.0431 0.0389
127 0.4639 0.0609 0.3474 0.0409 0.0252 0.0618
128 0.2211 0.0381 0.4829 0.0936 0.0270 0.1373
129 0.4014 0.1409 0.2737 0.0961 0.0491 0.0388
130 0.2551 0.0443 0.1838 0.2435 0.0370 0.2361
131 0.2812 0.0405 0.1603 0.2368 0.0290 0.2522
132 0.4485 0.1000 0.2053 0.0977 0.0970 0.0515
133 0.0885 0.0845 0.4060 0.0865 0.0183 0.3162
134 0.4497 0.1747 0.1043 0.0920 0.0872 0.0920
135 0.4277 0.1729 0.1151 0.0671 0.1274 0.0897
136 0.2717 0.0423 0.3772 0.1700 0.0307 0.1081
137 0.2263 0.0375 0.1655 0.3093 0.0316 0.2299
138 0.3079 0.0767 0.2115 0.1324 0.0280 0.2435
139 0.1179 0.0194 0.5708 0.0836 0.0228 0.1854
140 0.0714 0.0629 0.6460 0.0847 0.1140 0.0213
141 0.0365 0.0201 0.2825 0.0809 0.4241 0.1560
142 0.3386 0.0662 0.3440 0.0688 0.0511 0.1316
143 0.2203 0.0693 0.4248 0.1456 0.0398 0.1001
144 0.0441 0.0523 0.4739 0.0317 0.0566 0.3413
145 0.0676 0.0767 0.4343 0.0310 0.0305 0.3601
146 0.0648 0.1238 0.1747 0.1127 0.0107 0.5132
147 0.1887 0.0372 0.4058 0.1516 0.0762 0.1403
148 0.2097 0.1194 0.4875 0.0450 0.0353 0.1030
149 0.2069 0.1444 0.4810 0.0420 0.0310 0.0947
150 0.5229 0.1621 0.2048 0.0874 0.0171 0.0054
151 0.0288 0.0460 0.1020 0.4570 0.0210 0.3450
152 0.1260 0.0643 0.7363 0.0204 0.0053 0.0478
153 0.1006 0.1293 0.2913 0.1272 0.0111 0.3406
154 0.2133 0.0163 0.5117 0.0447 0.0135 0.2004
155 0.1279 0.1036 0.4131 0.0347 0.0041 0.3167
156 0.2068 0.1443 0.5620 0.0275 0.0070 0.0523
157 0.2781 0.1410 0.4514 0.0499 0.0404 0.0392
158 0.2032 0.2216 0.1583 0.2778 0.0376 0.1014
159 0.0684 0.1592 0.5303 0.1183 0.0049 0.1192
160 0.0571 0.1932 0.5171 0.1145 0.0059 0.1119
161 0.2637 0.3662 0.2037 0.0612 0.0196 0.0856
162 0.3279 0.2235 0.2593 0.1133 0.0267 0.0495
163 0.5503 0.1718 0.1359 0.0617 0.0289 0.0516
164 0.1576 0.0265 0.3442 0.0305 0.3606 0.0805
165 0.1196 0.0365 0.3860 0.1252 0.1196 0.2131
166 0.1118 0.0438 0.3904 0.1267 0.1118 0.2156
167 0.3960 0.1033 0.3232 0.0320 0.0632 0.0823
168 0.2993 0.0912 0.3445 0.0392 0.0136 0.2122
169 0.3435 0.3831 0.1205 0.0211 0.1168 0.0150
170 0.2576 0.2346 0.1492 0.0941 0.0110 0.2537
171 0.2306 0.1196 0.3408 0.0527 0.1741 0.0822
172 0.4502 0.0944 0.2839 0.0839 0.0125 0.0752
173 0.5479 0.0807 0.1835 0.1232 0.0119 0.0530
174 0.1466 0.1560 0.3984 0.1973 0.0491 0.0527
175 0.1482 0.1459 0.4861 0.1505 0.0333 0.0360
176 0.1558 0.0506 0.5522 0.0426 0.0353 0.1633
177 0.2922 0.0396 0.5723 0.0349 0.0108 0.0500
178 0.2373 0.0501 0.5874 0.0546 0.0131 0.0577
179 0.0679 0.5430 0.2408 0.1351 0.0029 0.0104
180 0.0821 0.2129 0.5879 0.0555 0.0142 0.0475
181 0.0392 0.0516 0.8257 0.0165 0.0196 0.0473
182 0.0518 0.0440 0.8105 0.0153 0.0151 0.0630
183 0.0300 0.1000 0.5620 0.0420 0.2167 0.0491
184 0.1146 0.0701 0.6807 0.0614 0.0038 0.0695
185 0.3586 0.0541 0.2484 0.2949 0.0378 0.0060
186 0.0421 0.0201 0.8530 0.0246 0.0069 0.0533
187 0.0333 0.1125 0.7114 0.0341 0.0762 0.0325
188 0.0144 0.1032 0.7388 0.1207 0.0018 0.0210
189 0.1410 0.1124 0.6270 0.0230 0.0061 0.0903
190 0.0164 0.1936 0.6650 0.0833 0.0037 0.0378
191 0.0480 0.0132 0.8501 0.0179 0.0243 0.0465
192 0.0184 0.2211 0.4829 0.1193 0.1383 0.0201
193 0.0511 0.0465 0.7334 0.0855 0.0249 0.0588
194 0.3848 0.0428 0.4714 0.0958 0.0017 0.0036
195 0.0550 0.0272 0.8462 0.0174 0.0210 0.0331
196 0.2133 0.1115 0.5444 0.0754 0.0115 0.0440
197 0.0587 0.1431 0.6025 0.0535 0.0067 0.1355
198 0.0284 0.1838 0.7046 0.0583 0.0006 0.0243
199 0.0873 0.1669 0.5693 0.1069 0.0334 0.0364
200 0.0348 0.0654 0.7910 0.0185 0.0316 0.0587
201 0.0585 0.0942 0.7588 0.0393 0.0347 0.0147
202 0.0990 0.0114 0.6455 0.0439 0.0649 0.1353
203 0.1281 0.2732 0.5068 0.0201 0.0159 0.0560
204 0.0905 0.1237 0.2578 0.2206 0.2139 0.0934
205 0.0686 0.2607 0.5972 0.0450 0.0062 0.0223
206 0.1058 0.3413 0.4851 0.0524 0.0118 0.0035
207 0.2781 0.1177 0.3152 0.2532 0.0116 0.0243
208 0.2106 0.1425 0.2925 0.3113 0.0129 0.0303
209 0.0504 0.1614 0.6587 0.1118 0.0065 0.0114
210 0.1642 0.0740 0.2664 0.4126 0.0034 0.0793
211 0.1854 0.0607 0.2939 0.3330 0.0073 0.1197
212 0.0220 0.0379 0.1432 0.7739 0.0131 0.0098
213 0.1093 0.1426 0.4531 0.2314 0.0113 0.0524
214 0.6416 0.0138 0.2361 0.0785 0.0145 0.0153
215 0.6079 0.0116 0.2272 0.1315 0.0179 0.0041
216 0.3938 0.0832 0.4392 0.0529 0.0297 0.0012
217 0.1902 0.1349 0.6143 0.0311 0.0276 0.0022
218 0.1515 0.1400 0.5327 0.1326 0.0354 0.0077
219 0.3416 0.3159 0.2620 0.0647 0.0107 0.0050
220 0.3567 0.2015 0.3403 0.0639 0.0258 0.0118
221 0.4729 0.0175 0.1686 0.1465 0.0205 0.1740
222 0.4958 0.0247 0.3862 0.0345 0.0273 0.0312
223 0.5542 0.0739 0.1677 0.0994 0.0557 0.0492
224 0.6533 0.1348 0.1370 0.0536 0.0171 0.0044
225 0.4277 0.0925 0.1389 0.2573 0.0779 0.0056
226 0.4160 0.1578 0.1875 0.1642 0.0729 0.0017
227 0.4863 0.0886 0.1919 0.1239 0.1035 0.0059
228 0.3606 0.0905 0.3494 0.1217 0.0710 0.0069
229 0.3875 0.2791 0.1328 0.0942 0.1051 0.0015
230 0.3550 0.0462 0.1276 0.4216 0.0444 0.0053
231 0.2935 0.0324 0.2673 0.3950 0.0093 0.0025
232 0.1708 0.0350 0.3477 0.4258 0.0173 0.0035
233 0.3130 0.0527 0.1689 0.4082 0.0561 0.0009
234 0.1952 0.0136 0.3320 0.4468 0.0089 0.0037
235 0.0779 0.0732 0.5161 0.1959 0.0911 0.0455
236 0.0912 0.0571 0.6138 0.2223 0.0098 0.0061
237 0.4167 0.1440 0.1582 0.2162 0.0620 0.0029
238 0.4202 0.1354 0.1499 0.1895 0.0998 0.0053
239 0.4617 0.0895 0.0670 0.3596 0.0209 0.0013
240 0.4045 0.1740 0.2200 0.1896 0.0087 0.0032
241 0.1729 0.1433 0.4485 0.1840 0.0473 0.0042
242 0.6206 0.0542 0.1545 0.1406 0.0201 0.0099
243 0.6479 0.0905 0.2153 0.0287 0.0123 0.0055
244 0.2646 0.1310 0.2688 0.3047 0.0222 0.0087
245 0.2446 0.1818 0.3093 0.2297 0.0277 0.0069
246 0.2316 0.0717 0.1566 0.4751 0.0576 0.0074
247 0.2001 0.2303 0.3918 0.1476 0.0152 0.0151
248 0.0964 0.0349 0.5640 0.2834 0.0068 0.0145
249 0.1904 0.0839 0.3091 0.3450 0.0541 0.0174
250 0.1698 0.0901 0.2357 0.4473 0.0379 0.0193
251 0.0512 0.0580 0.6533 0.2155 0.0038 0.0181
252 0.6191 0.0445 0.2522 0.0638 0.0109 0.0094
253 0.0927 0.0632 0.6431 0.1814 0.0048 0.0148
254 0.0903 0.0211 0.8301 0.0426 0.0039 0.0118
255 0.0239 0.0960 0.5190 0.2734 0.0017 0.0861
256 0.2732 0.1375 0.4265 0.0538 0.0873 0.0216
257 0.2141 0.1494 0.5957 0.0326 0.0046 0.0035
258 0.0986 0.0296 0.1109 0.3931 0.3416 0.0263
259 0.0778 0.0709 0.0720 0.7617 0.0132 0.0043
260 0.4824 0.0378 0.3213 0.1119 0.0256 0.0209
261 0.2203 0.0171 0.4739 0.2419 0.0395 0.0073
262 0.2406 0.0178 0.6440 0.0485 0.0220 0.0270
263 0.0933 0.1527 0.2678 0.4702 0.0108 0.0051
264 0.2218 0.0090 0.5938 0.0755 0.0158 0.0842
265 0.1938 0.0212 0.6558 0.0659 0.0121 0.0514
266 0.4302 0.0065 0.3098 0.2197 0.0129 0.0208
267 0.1509 0.0175 0.5024 0.2162 0.0307 0.0820
268 0.3101 0.0630 0.5791 0.0258 0.0141 0.0079
269 0.4587 0.0626 0.4243 0.0348 0.0104 0.0092
270 0.4580 0.0736 0.3247 0.1046 0.0180 0.0211
271 0.4553 0.0817 0.3384 0.1099 0.0057 0.0089
272 0.3167 0.0326 0.3940 0.2076 0.0174 0.0318
273 0.4648 0.1096 0.2908 0.0974 0.0329 0.0044
274 0.4490 0.0705 0.3337 0.1162 0.0294 0.0012
275 0.6387 0.0508 0.1888 0.0957 0.0222 0.0036
276 0.2546 0.0807 0.0753 0.5645 0.0180 0.0068
277 0.4341 0.0535 0.2893 0.1366 0.0362 0.0503
278 0.4128 0.1201 0.4192 0.0339 0.0118 0.0022
279 0.2422 0.0459 0.0891 0.4968 0.1144 0.0117
280 0.0981 0.0235 0.7715 0.0800 0.0202 0.0069
281 0.1661 0.0087 0.7334 0.0548 0.0251 0.0119
282 0.2571 0.0176 0.4583 0.1583 0.0156 0.0931
283 0.1427 0.0701 0.7192 0.0323 0.0116 0.0242
284 0.1531 0.0529 0.6968 0.0614 0.0104 0.0256
285 0.3779 0.0305 0.4150 0.1401 0.0330 0.0036
286 0.1429 0.0461 0.3948 0.2015 0.2080 0.0067
287 0.1481 0.0549 0.7349 0.0431 0.0160 0.0030
288 0.2827 0.2361 0.3357 0.0932 0.0298 0.0227
289 0.2942 0.2876 0.3108 0.0672 0.0301 0.0101
290 0.1199 0.0263 0.6089 0.1827 0.0434 0.0188
291 0.1998 0.1251 0.2336 0.4102 0.0277 0.0035
292 0.1848 0.1709 0.2954 0.3347 0.0074 0.0067
293 0.1575 0.1256 0.0617 0.5942 0.0500 0.0109
294 0.3306 0.1974 0.1729 0.2783 0.0085 0.0125
295 0.2776 0.1792 0.0820 0.4436 0.0081 0.0096
296 0.4907 0.0795 0.3269 0.0900 0.0030 0.0100
297 0.2228 0.0550 0.1875 0.5259 0.0063 0.0024
298 0.2673 0.2269 0.4768 0.0197 0.0031 0.0061
299 0.3198 0.1313 0.1941 0.2778 0.0123 0.0645
300 0.2300 0.0696 0.6763 0.0173 0.0046 0.0024
301 0.1311 0.3096 0.4719 0.0820 0.0048 0.0006
302 0.1880 0.2065 0.5029 0.0975 0.0043 0.0005
303 0.0790 0.2844 0.5659 0.0676 0.0028 0.0005
304 0.2603 0.3044 0.2209 0.1875 0.0176 0.0091
305 0.2438 0.1561 0.4773 0.0918 0.0287 0.0024
306 0.3154 0.3008 0.2554 0.1040 0.0162 0.0082
307 0.3059 0.1434 0.5044 0.0360 0.0062 0.0040
308 0.2805 0.0829 0.3774 0.2118 0.0234 0.0239
309 0.3904 0.1615 0.4287 0.0109 0.0050 0.0034
310 0.2491 0.1214 0.6069 0.0119 0.0040 0.0064
311 0.1934 0.0668 0.1011 0.6050 0.0074 0.0264
312 0.2045 0.1936 0.2299 0.3450 0.0067 0.0204
313 0.1890 0.0965 0.0728 0.6196 0.0050 0.0173
314 0.1573 0.2615 0.3228 0.2218 0.0202 0.0164
315 0.2593 0.2454 0.2473 0.2067 0.0228 0.0186
316 0.1285 0.1456 0.4148 0.2852 0.0132 0.0126
317 0.1323 0.1925 0.4075 0.2415 0.0081 0.0181
318 0.1414 0.2295 0.4783 0.1287 0.0073 0.0150
319 0.1346 0.1974 0.4050 0.2438 0.0101 0.0090
320 0.2529 0.2267 0.2015 0.2776 0.0241 0.0172
321 0.1935 0.2859 0.2666 0.2245 0.0146 0.0150
322 0.1488 0.2803 0.1956 0.3276 0.0239 0.0239
323 0.3088 0.2747 0.2009 0.1666 0.0374 0.0116
324 0.2338 0.0997 0.3000 0.3049 0.0209 0.0406
325 0.2683 0.2042 0.2834 0.1979 0.0283 0.0178
326 0.4182 0.2383 0.2365 0.0637 0.0261 0.0173
327 0.3518 0.2761 0.2418 0.0955 0.0221 0.0126
328 0.5322 0.2118 0.1133 0.0862 0.0473 0.0089
329 0.2490 0.1333 0.0697 0.4875 0.0286 0.0317
