time exciting_prob fearful_prob tense_prob sad_prob relaxing_prob neutral_prob
0 0.1136 0.1553 0.1349 0.1288 0.0181 0.4492
1 0.0568 0.0471 0.3318 0.4829 0.0119 0.0696
2 0.0626 0.1057 0.2037 0.5200 0.0116 0.0963
3 0.0731 0.0953 0.2083 0.5400 0.0143 0.0687
4 0.1569 0.1232 0.2336 0.2607 0.0464 0.1792
5 0.0687 0.2654 0.2825 0.3516 0.0039 0.0280
6 0.0436 0.2034 0.1376 0.4304 0.0085 0.1766
7 0.0442 0.1890 0.1951 0.2793 0.0131 0.2793
8 0.0548 0.0810 0.2615 0.4448 0.0064 0.1514
9 0.1221 0.0464 0.1383 0.6396 0.0102 0.0432
10 0.2083 0.0861 0.1987 0.4443 0.0137 0.0487
11 0.1015 0.1443 0.3462 0.3684 0.0095 0.0302
12 0.0569 0.0587 0.4138 0.4546 0.0020 0.0139
13 0.0624 0.4614 0.2432 0.2163 0.0065 0.0102
14 0.1187 0.0522 0.2378 0.5532 0.0159 0.0223
15 0.0748 0.2180 0.3738 0.2866 0.0273 0.0195
16 0.1061 0.2732 0.4646 0.1417 0.0071 0.0071
17 0.2286 0.2323 0.3921 0.0895 0.0506 0.0069
18 0.1188 0.2593 0.3716 0.1898 0.0410 0.0195
19 0.0624 0.1646 0.6021 0.1322 0.0121 0.0269
20 0.0475 0.3887 0.4543 0.0815 0.0144 0.0136
21 0.0405 0.1392 0.2600 0.5254 0.0207 0.0145
22 0.2825 0.2166 0.2200 0.1957 0.0472 0.0379
23 0.1160 0.0651 0.3745 0.1255 0.2871 0.0317
24 0.0688 0.3130 0.3835 0.0767 0.1188 0.0392
25 0.0968 0.0841 0.1809 0.4692 0.0345 0.1344
26 0.0695 0.0355 0.3699 0.4258 0.0099 0.0893
27 0.0984 0.2341 0.2416 0.3103 0.0465 0.0692
28 0.0395 0.2786 0.5986 0.0080 0.0048 0.0704
29 0.1214 0.0809 0.4407 0.3274 0.0186 0.0109
30 0.1454 0.0561 0.1989 0.5752 0.0085 0.0159
31 0.1096 0.1864 0.3765 0.1750 0.0938 0.0587
32 0.0594 0.1888 0.4189 0.2791 0.0044 0.0493
33 0.0136 0.2411 0.6655 0.0159 0.0162 0.0475
34 0.3074 0.0930 0.3323 0.1779 0.0188 0.0707
35 0.3157 0.0704 0.1689 0.3777 0.0119 0.0553
36 0.1724 0.0293 0.0937 0.5874 0.0930 0.0241
37 0.0146 0.1127 0.7583 0.0066 0.0146 0.0934
38 0.1459 0.0657 0.2156 0.5420 0.0066 0.0244
39 0.2125 0.0746 0.1906 0.4717 0.0067 0.0439
40 0.2598 0.1266 0.3838 0.1930 0.0091 0.0280
41 0.0839 0.1028 0.4128 0.0879 0.0950 0.2175
42 0.1270 0.0605 0.1351 0.6445 0.0034 0.0292
43 0.1644 0.1619 0.2886 0.3271 0.0151 0.0429
44 0.2307 0.3745 0.1610 0.1649 0.0157 0.0531
45 0.1416 0.0758 0.3789 0.3044 0.0306 0.0685
46 0.2338 0.1122 0.1710 0.4041 0.0151 0.0639
47 0.1350 0.0432 0.2561 0.4861 0.0106 0.0690
48 0.0797 0.4697 0.3228 0.1048 0.0083 0.0147
49 0.0962 0.1444 0.5039 0.1854 0.0407 0.0293
50 0.1182 0.3237 0.3726 0.1257 0.0481 0.0117
51 0.1842 0.0257 0.2188 0.5010 0.0160 0.0545
52 0.1930 0.1503 0.2988 0.3232 0.0106 0.0240
53 0.1217 0.0978 0.5542 0.0683 0.0704 0.0876
54 0.1349 0.1248 0.3235 0.3499 0.0146 0.0524
55 0.1890 0.0812 0.3420 0.2314 0.0648 0.0914
56 0.1200 0.1381 0.5049 0.1493 0.0181 0.0695
57 0.0967 0.1895 0.4915 0.1387 0.0172 0.0665
58 0.0939 0.3408 0.4243 0.0255 0.1048 0.0105
59 0.1414 0.2224 0.3611 0.0504 0.0459 0.1787
60 0.0452 0.2683 0.5420 0.0972 0.0393 0.0080
61 0.0687 0.0882 0.6519 0.0816 0.0924 0.0174
62 0.0188 0.1844 0.7183 0.0608 0.0117 0.0060
63 0.0591 0.2490 0.6665 0.0119 0.0078 0.0057
64 0.0266 0.1681 0.5425 0.2059 0.0136 0.0432
65 0.0444 0.4019 0.4346 0.0842 0.0148 0.0200
66 0.0685 0.4944 0.2998 0.0442 0.0852 0.0080
67 0.0619 0.3044 0.4573 0.1394 0.0095 0.0275
68 0.0562 0.1870 0.3440 0.3440 0.0257 0.0431
69 0.0669 0.3291 0.2771 0.2524 0.0210 0.0533
70 0.0693 0.3335 0.2365 0.1677 0.0116 0.1813
71 0.0527 0.3176 0.2939 0.2893 0.0076 0.0388
72 0.0464 0.3457 0.2339 0.3247 0.0112 0.0382
73 0.0398 0.3206 0.2576 0.3254 0.0101 0.0465
74 0.0613 0.4749 0.3020 0.1111 0.0112 0.0396
75 0.0606 0.3770 0.2715 0.2081 0.0126 0.0703
76 0.0556 0.2451 0.4438 0.1088 0.0154 0.1312
77 0.0678 0.4895 0.3015 0.0864 0.0188 0.0357
78 0.0454 0.2695 0.2654 0.2695 0.0146 0.1355
79 0.0720 0.3713 0.2512 0.2324 0.0269 0.0461
80 0.0490 0.1619 0.4331 0.1696 0.0089 0.1777
81 0.0711 0.2462 0.3755 0.1947 0.0262 0.0864
82 0.0556 0.2551 0.3381 0.2473 0.0156 0.0882
83 0.0839 0.4331 0.3120 0.0966 0.0299 0.0446
84 0.1265 0.3835 0.3035 0.1433 0.0220 0.0211
85 0.0748 0.3101 0.2651 0.2913 0.0214 0.0370
86 0.0433 0.2096 0.4578 0.2031 0.0113 0.0748
87 0.0396 0.1772 0.1801 0.4973 0.0139 0.0920
88 0.0831 0.2366 0.2294 0.3135 0.0240 0.1135
89 0.0465 0.4412 0.1958 0.2761 0.0144 0.0261
90 0.0911 0.1599 0.2118 0.3179 0.0410 0.1783
91 0.0853 0.2112 0.1864 0.3826 0.0142 0.1204
92 0.1015 0.3225 0.3433 0.1224 0.0273 0.0828
93 0.0467 0.2126 0.3191 0.3142 0.0172 0.0900
94 0.2347 0.3723 0.0811 0.1829 0.0622 0.0668
95 0.0397 0.1364 0.2549 0.2798 0.0264 0.2629
96 0.0241 0.0436 0.3765 0.3428 0.0765 0.1364
97 0.0848 0.1334 0.1376 0.0875 0.1055 0.4512
98 0.1088 0.2491 0.3567 0.1293 0.0875 0.0686
99 0.1214 0.1608 0.4580 0.0960 0.0692 0.0945
100 0.1157 0.2126 0.3000 0.1212 0.0538 0.1968
101 0.0856 0.3899 0.2188 0.1412 0.0244 0.1401
102 0.0502 0.2673 0.5073 0.0923 0.0041 0.0790
103 0.0615 0.2322 0.5566 0.0854 0.0154 0.0486
104 0.0602 0.2915 0.3745 0.0917 0.0132 0.1688
105 0.0846 0.1461 0.1736 0.3562 0.0270 0.2126
106 0.0230 0.2222 0.4558 0.1757 0.0026 0.1208
107 0.1139 0.2264 0.3508 0.2161 0.0422 0.0505
108 0.0852 0.1404 0.2389 0.1299 0.0179 0.3877
109 0.0804 0.2595 0.3601 0.1411 0.0305 0.1284
110 0.0599 0.1172 0.4028 0.1903 0.0393 0.1903
111 0.0668 0.1436 0.3608 0.1602 0.0246 0.2441
112 0.0544 0.1703 0.2852 0.2556 0.0161 0.2186
113 0.1202 0.1111 0.2076 0.2837 0.0384 0.2389
114 0.1495 0.3215 0.2280 0.0521 0.0206 0.2280
115 0.0940 0.2595 0.3660 0.1550 0.0357 0.0897
116 0.0429 0.1130 0.1281 0.3481 0.0090 0.3591
117 0.0500 0.1588 0.4814 0.1564 0.0133 0.1401
118 0.0657 0.2810 0.3840 0.2054 0.0069 0.0571
119 0.1100 0.2898 0.3552 0.1247 0.0333 0.0870
120 0.0980 0.1182 0.4060 0.3018 0.0338 0.0421
121 0.1232 0.0702 0.5352 0.1969 0.0221 0.0522
122 0.0859 0.0701 0.5688 0.2297 0.0105 0.0352
123 0.3013 0.1946 0.2700 0.2239 0.0049 0.0052
124 0.1367 0.2290 0.3333 0.2676 0.0098 0.0238
125 0.0864 0.4973 0.2139 0.1932 0.0057 0.0036
126 0.1081 0.1754 0.2847 0.4080 0.0102 0.0135
127 0.1190 0.2559 0.1154 0.4932 0.0084 0.0082
128 0.0962 0.1161 0.2615 0.5122 0.0033 0.0107
129 0.2544 0.2317 0.2317 0.2354 0.0099 0.0370
130 0.1376 0.0703 0.4370 0.1252 0.0135 0.2164
131 0.1407 0.1385 0.6016 0.0998 0.0104 0.0089
132 0.2422 0.0562 0.3525 0.2578 0.0063 0.0850
133 0.1199 0.1564 0.3635 0.3469 0.0047 0.0085
134 0.2467 0.0559 0.5303 0.1147 0.0125 0.0396
135 0.1245 0.0593 0.2085 0.5850 0.0095 0.0133
136 0.1636 0.0749 0.3152 0.4111 0.0057 0.0293
137 0.3416 0.0891 0.1976 0.3416 0.0130 0.0174
138 0.1884 0.3130 0.3894 0.0687 0.0167 0.0239
139 0.1996 0.3586 0.1733 0.2522 0.0050 0.0113
140 0.0802 0.2214 0.0895 0.5835 0.0043 0.0213
141 0.0583 0.0714 0.6772 0.1465 0.0064 0.0403
142 0.1504 0.0622 0.2681 0.3782 0.0532 0.0878
143 0.0692 0.3125 0.4546 0.1105 0.0291 0.0241
144 0.2177 0.0966 0.2974 0.1776 0.0217 0.1891
145 0.1516 0.0774 0.4893 0.1946 0.0278 0.0594
146 0.0713 0.0649 0.6162 0.0795 0.0172 0.1510
147 0.0626 0.1133 0.7051 0.0392 0.0045 0.0755
148 0.1571 0.1499 0.5151 0.0635 0.0145 0.0999
149 0.1396 0.2413 0.2130 0.3855 0.0135 0.0070
150 0.3943 0.1165 0.2109 0.2159 0.0130 0.0493
151 0.1414 0.0357 0.2090 0.3445 0.0052 0.2642
152 0.0517 0.0813 0.5469 0.2881 0.0032 0.0288
153 0.0327 0.0544 0.3779 0.3838 0.0032 0.1479
154 0.2812 0.1566 0.3264 0.1666 0.0352 0.0339
155 0.4272 0.2183 0.1971 0.0273 0.1080 0.0221
156 0.1404 0.2407 0.2333 0.1249 0.2407 0.0201
157 0.1414 0.0942 0.3667 0.2156 0.0496 0.1328
158 0.1868 0.0579 0.3228 0.3955 0.0182 0.0188
159 0.2620 0.2122 0.2539 0.1772 0.0336 0.0612
160 0.1343 0.2412 0.3916 0.1849 0.0382 0.0098
161 0.1760 0.1815 0.2156 0.4092 0.0056 0.0122
162 0.1394 0.1249 0.2297 0.4678 0.0304 0.0078
163 0.0590 0.1069 0.2998 0.4644 0.0067 0.0634
164 0.0567 0.0839 0.2124 0.6147 0.0093 0.0231
165 0.2671 0.1646 0.2778 0.2510 0.0088 0.0309
166 0.0814 0.2094 0.5781 0.1094 0.0045 0.0175
167 0.1682 0.1147 0.3047 0.2817 0.0486 0.0820
168 0.0881 0.1385 0.1242 0.6260 0.0065 0.0168
169 0.0620 0.1355 0.3918 0.3569 0.0239 0.0298
170 0.3899 0.0677 0.2054 0.2598 0.0162 0.0612
171 0.0569 0.0423 0.0954 0.7388 0.0324 0.0343
172 0.0651 0.0488 0.5806 0.2700 0.0191 0.0166
173 0.4504 0.1406 0.1982 0.1581 0.0429 0.0098
174 0.1091 0.2576 0.4700 0.1479 0.0043 0.0112
175 0.1940 0.2822 0.1647 0.2610 0.0660 0.0319
176 0.3018 0.1577 0.1425 0.3638 0.0164 0.0178
177 0.1986 0.2415 0.2869 0.2098 0.0373 0.0260
178 0.1667 0.1495 0.3188 0.2881 0.0266 0.0501
179 0.1951 0.1320 0.3789 0.2061 0.0358 0.0521
180 0.1082 0.1033 0.2964 0.4382 0.0251 0.0287
181 0.1830 0.0892 0.3137 0.3813 0.0077 0.0251
182 0.1284 0.1586 0.4998 0.1714 0.0130 0.0289
183 0.1729 0.0940 0.4700 0.1929 0.0068 0.0636
184 0.0829 0.3154 0.5322 0.0119 0.0148 0.0427
185 0.2316 0.0752 0.5220 0.0614 0.0193 0.0907
186 0.3435 0.2289 0.1345 0.2717 0.0141 0.0074
187 0.1299 0.0595 0.1249 0.6201 0.0043 0.0614
188 0.1798 0.2203 0.2595 0.3257 0.0104 0.0044
189 0.0643 0.0529 0.0973 0.7593 0.0110 0.0154
190 0.0881 0.1088 0.1302 0.5977 0.0093 0.0660
191 0.1207 0.0451 0.1315 0.6782 0.0117 0.0129
192 0.2759 0.0300 0.2632 0.4014 0.0100 0.0194
193 0.1074 0.0876 0.1885 0.5942 0.0092 0.0127
194 0.2303 0.0356 0.0923 0.6167 0.0069 0.0182
195 0.2144 0.0509 0.1569 0.5474 0.0052 0.0254
196 0.2050 0.0731 0.2050 0.4338 0.0650 0.0183
197 0.4795 0.0559 0.2411 0.1509 0.0293 0.0432
198 0.1693 0.0648 0.2971 0.3584 0.0906 0.0201
199 0.2230 0.1849 0.3481 0.1835 0.0555 0.0050
200 0.1792 0.1086 0.2627 0.3591 0.0314 0.0591
201 0.2455 0.1727 0.4480 0.0917 0.0332 0.0087
202 0.2101 0.2084 0.2656 0.2656 0.0172 0.0332
203 0.2383 0.0244 0.5205 0.1108 0.0349 0.0710
204 0.0581 0.0117 0.6440 0.1249 0.0107 0.1506
205 0.3540 0.0834 0.4617 0.0765 0.0201 0.0041
206 0.2764 0.0392 0.3181 0.3083 0.0177 0.0404
207 0.2004 0.0199 0.4661 0.1512 0.0289 0.1335
208 0.2107 0.0812 0.1979 0.4824 0.0133 0.0146
209 0.0327 0.0232 0.1536 0.7212 0.0066 0.0630
210 0.2815 0.1289 0.2859 0.1630 0.0260 0.1146
211 0.0911 0.0579 0.4021 0.2896 0.0289 0.1305
212 0.1951 0.1111 0.4753 0.0865 0.0309 0.1012
213 0.3359 0.1960 0.2678 0.1083 0.0113 0.0804
214 0.1398 0.0975 0.3799 0.1851 0.0239 0.1740
215 0.0839 0.1320 0.4827 0.2749 0.0154 0.0113
216 0.0685 0.1893 0.2000 0.4834 0.0081 0.0506
217 0.1676 0.2365 0.2786 0.2942 0.0106 0.0126
218 0.1885 0.0715 0.4451 0.2576 0.0083 0.0289
219 0.1215 0.0507 0.4585 0.3054 0.0284 0.0354
220 0.1685 0.1752 0.2471 0.1583 0.0999 0.1510
221 0.0778 0.0742 0.2756 0.1808 0.0938 0.2981
222 0.1161 0.1587 0.3750 0.1143 0.0532 0.1827
223 0.0738 0.0962 0.2656 0.1335 0.0257 0.4050
224 0.0703 0.1106 0.4375 0.1912 0.0081 0.1824
225 0.0737 0.2100 0.4175 0.0772 0.0476 0.1741
226 0.0600 0.1232 0.4949 0.0807 0.0250 0.2162
227 0.0303 0.1857 0.3750 0.2240 0.0132 0.1718
228 0.0624 0.1498 0.4612 0.2015 0.0172 0.1078
229 0.1379 0.2786 0.3635 0.0792 0.0622 0.0786
230 0.0812 0.0812 0.4670 0.0541 0.0333 0.2832
231 0.1575 0.4216 0.2119 0.1091 0.0622 0.0377
232 0.0811 0.3779 0.2598 0.1758 0.0448 0.0607
233 0.0857 0.5293 0.1829 0.1092 0.0562 0.0369
234 0.0114 0.2474 0.6221 0.0265 0.0030 0.0896
235 0.0118 0.1169 0.8120 0.0031 0.0010 0.0553
236 0.1302 0.0286 0.3887 0.4336 0.0104 0.0086
237 0.1273 0.0430 0.5361 0.2612 0.0182 0.0141
238 0.1112 0.0248 0.6401 0.1777 0.0277 0.0187
239 0.0433 0.1686 0.6074 0.0111 0.0037 0.1660
240 0.0189 0.1124 0.4517 0.0083 0.0037 0.4050
241 0.0128 0.1379 0.6182 0.0083 0.0022 0.2205
242 0.1132 0.0875 0.4407 0.3030 0.0082 0.0475
243 0.0818 0.0710 0.6089 0.1947 0.0036 0.0399
244 0.0767 0.1009 0.5850 0.2053 0.0028 0.0291
245 0.0961 0.2454 0.5444 0.0097 0.0036 0.1007
246 0.0538 0.2000 0.5610 0.0620 0.0059 0.1176
247 0.0721 0.1526 0.2852 0.4021 0.0104 0.0779
248 0.0911 0.1479 0.2119 0.2720 0.0132 0.2637
249 0.0724 0.0610 0.1464 0.3511 0.0183 0.3511
250 0.0566 0.0836 0.3157 0.3577 0.0151 0.1715
251 0.0914 0.0878 0.2583 0.4460 0.0088 0.1076
252 0.0852 0.0813 0.2708 0.4536 0.0155 0.0936
253 0.1167 0.1865 0.3376 0.2471 0.0267 0.0854
254 0.0546 0.0712 0.3044 0.4036 0.0106 0.1555
255 0.0652 0.0684 0.4126 0.3584 0.0129 0.0825
256 0.0835 0.1313 0.1234 0.1796 0.0236 0.4585
257 0.5059 0.2749 0.0663 0.0706 0.0690 0.0136
258 0.5010 0.2991 0.0637 0.0608 0.0667 0.0090
259 0.5010 0.2991 0.0637 0.0608 0.0667 0.0090
260 0.5010 0.2991 0.0637 0.0608 0.0667 0.0090
261 0.4260 0.2881 0.0525 0.0807 0.1060 0.0467
