time exciting_prob fearful_prob tense_prob sad_prob relaxing_prob neutral_prob
0 0.1702 0.5156 0.0823 0.1573 0.0261 0.0484
1 0.3879 0.0789 0.0240 0.2410 0.2585 0.0096
2 0.5005 0.1550 0.0203 0.1587 0.1587 0.0068
3 0.3960 0.1716 0.0377 0.2120 0.1716 0.0109
4 0.4077 0.0854 0.0263 0.2434 0.2217 0.0156
5 0.1365 0.0364 0.3076 0.4204 0.0736 0.0256
6 0.2113 0.0450 0.1711 0.5029 0.0560 0.0134
7 0.2766 0.0571 0.2089 0.3811 0.0652 0.0109
8 0.3108 0.0330 0.1276 0.4119 0.1033 0.0134
9 0.1384 0.0175 0.0833 0.7031 0.0347 0.0228
10 0.0338 0.0268 0.1042 0.2172 0.0184 0.5996
11 0.0268 0.0470 0.1589 0.2969 0.0383 0.4321
12 0.0267 0.0743 0.3328 0.4077 0.0676 0.0910
13 0.1154 0.0148 0.1528 0.6641 0.0129 0.0402
14 0.0955 0.0472 0.3179 0.4414 0.0152 0.0829
15 0.1217 0.0229 0.1562 0.6182 0.0207 0.0603
16 0.1678 0.0389 0.1002 0.5591 0.0934 0.0408
17 0.0601 0.0216 0.0201 0.8169 0.0088 0.0725
18 0.1788 0.0246 0.0520 0.6489 0.0438 0.0516
19 0.1716 0.0380 0.2764 0.3691 0.0970 0.0477
20 0.1992 0.0247 0.3184 0.2854 0.1564 0.0162
21 0.1028 0.0764 0.1544 0.6348 0.0177 0.0137
22 0.1674 0.0417 0.3984 0.2937 0.0454 0.0535
23 0.1670 0.0364 0.3762 0.3535 0.0376 0.0293
24 0.2142 0.0478 0.4607 0.2029 0.0449 0.0294
25 0.3103 0.0410 0.2184 0.2781 0.0379 0.1141
26 0.1006 0.0367 0.6211 0.1464 0.0219 0.0731
27 0.0643 0.0242 0.5513 0.2646 0.0161 0.0794
28 0.1008 0.0195 0.6567 0.1560 0.0401 0.0267
29 0.0831 0.0285 0.6909 0.1530 0.0213 0.0233
30 0.1220 0.0270 0.5913 0.2075 0.0229 0.0294
31 0.1835 0.0410 0.4758 0.2015 0.0510 0.0471
32 0.0601 0.0502 0.4175 0.3005 0.0547 0.1168
33 0.0742 0.0634 0.4541 0.2546 0.0214 0.1322
34 0.1238 0.0455 0.5049 0.2620 0.0313 0.0323
35 0.0747 0.0302 0.3098 0.5605 0.0117 0.0129
36 0.1171 0.0459 0.5586 0.2559 0.0103 0.0122
37 0.1097 0.0374 0.6416 0.1244 0.0472 0.0398
38 0.1395 0.0406 0.2817 0.3245 0.0944 0.1193
39 0.2080 0.1149 0.2080 0.3484 0.0498 0.0708
40 0.0832 0.0872 0.2686 0.1578 0.0474 0.3557
41 0.0362 0.0487 0.3660 0.2805 0.0535 0.2151
42 0.1942 0.1584 0.0760 0.2871 0.0104 0.2739
43 0.3037 0.2274 0.0652 0.3083 0.0148 0.0804
44 0.0853 0.1112 0.0400 0.6865 0.0103 0.0664
45 0.1724 0.2162 0.0930 0.4202 0.0217 0.0765
46 0.0278 0.0950 0.1437 0.3555 0.0387 0.3394
47 0.0885 0.0913 0.4783 0.1602 0.1084 0.0734
48 0.0568 0.0534 0.6602 0.1095 0.0839 0.0361
49 0.1168 0.3542 0.3486 0.1055 0.0531 0.0218
50 0.1338 0.1976 0.4741 0.1359 0.0272 0.0313
51 0.0645 0.0526 0.2715 0.5483 0.0479 0.0153
52 0.1531 0.1155 0.2996 0.4033 0.0153 0.0133
53 0.3801 0.0953 0.2183 0.2937 0.0075 0.0051
54 0.2981 0.1698 0.1476 0.3711 0.0097 0.0038
55 0.1738 0.0998 0.1475 0.5654 0.0102 0.0034
56 0.1003 0.1110 0.4255 0.2749 0.0183 0.0700
57 0.1320 0.1129 0.4004 0.2751 0.0102 0.0696
58 0.0600 0.0342 0.6455 0.1792 0.0087 0.0724
59 0.0648 0.1628 0.2242 0.3528 0.0942 0.1011
60 0.0646 0.0444 0.2598 0.5010 0.0363 0.0941
61 0.1165 0.1019 0.4160 0.3240 0.0050 0.0367
62 0.2042 0.0964 0.4565 0.1903 0.0459 0.0064
63 0.2756 0.0681 0.5396 0.0708 0.0413 0.0047
64 0.0699 0.0148 0.1367 0.7280 0.0197 0.0310
65 0.0815 0.0141 0.0854 0.7793 0.0271 0.0124
66 0.1410 0.1345 0.3079 0.3103 0.0511 0.0552
67 0.0823 0.0441 0.3989 0.3010 0.0293 0.1444
68 0.1429 0.0282 0.2413 0.4509 0.0406 0.0960
69 0.0871 0.0139 0.2559 0.5679 0.0355 0.0399
70 0.0724 0.0075 0.1429 0.7261 0.0107 0.0403
71 0.1329 0.0609 0.3474 0.4392 0.0183 0.0012
72 0.0939 0.0552 0.5620 0.2595 0.0284 0.0007
73 0.2440 0.1785 0.1600 0.3691 0.0366 0.0119
74 0.1788 0.1615 0.1603 0.4749 0.0155 0.0091
75 0.0784 0.0065 0.0518 0.8364 0.0097 0.0170
76 0.0638 0.0146 0.0370 0.8154 0.0347 0.0345
77 0.1331 0.0406 0.5142 0.2546 0.0517 0.0059
78 0.1160 0.0539 0.4958 0.2252 0.1047 0.0043
79 0.1857 0.0856 0.1492 0.5630 0.0082 0.0083
80 0.2871 0.0565 0.1294 0.4961 0.0276 0.0032
81 0.1327 0.0171 0.0699 0.7007 0.0544 0.0251
82 0.0526 0.0185 0.0534 0.8359 0.0131 0.0265
83 0.0942 0.0316 0.2769 0.4495 0.0508 0.0972
84 0.0429 0.0209 0.0538 0.7969 0.0753 0.0101
85 0.2360 0.0822 0.3127 0.3408 0.0247 0.0038
86 0.3306 0.0566 0.0817 0.5200 0.0051 0.0058
87 0.3025 0.0696 0.1185 0.4912 0.0097 0.0084
88 0.1105 0.0790 0.0736 0.6768 0.0178 0.0423
89 0.1438 0.0814 0.0659 0.5103 0.0648 0.1340
90 0.1245 0.0108 0.0779 0.7222 0.0165 0.0484
91 0.0444 0.0122 0.0698 0.8369 0.0303 0.0063
92 0.1022 0.0784 0.0784 0.7041 0.0176 0.0191
93 0.5430 0.1920 0.0833 0.1372 0.0153 0.0292
94 0.2856 0.2332 0.1307 0.3162 0.0151 0.0190
95 0.0667 0.0360 0.1786 0.6138 0.0328 0.0721
96 0.0751 0.0372 0.2642 0.5591 0.0289 0.0357
97 0.2720 0.0536 0.1729 0.4277 0.0484 0.0255
98 0.0340 0.0062 0.0698 0.8506 0.0135 0.0257
99 0.2181 0.1647 0.1487 0.4304 0.0367 0.0015
100 0.1489 0.1661 0.3411 0.2961 0.0257 0.0220
101 0.1552 0.1731 0.5171 0.1307 0.0229 0.0012
102 0.1824 0.5317 0.1431 0.1039 0.0269 0.0121
103 0.1887 0.0355 0.0812 0.6382 0.0558 0.0007
104 0.2347 0.0566 0.1010 0.4893 0.0094 0.1091
105 0.0644 0.0530 0.3096 0.4871 0.0771 0.0087
106 0.0674 0.0220 0.2815 0.5098 0.0879 0.0316
107 0.2273 0.1001 0.0993 0.5498 0.0145 0.0090
108 0.2637 0.1065 0.1625 0.4346 0.0240 0.0088
109 0.0285 0.0164 0.0489 0.8013 0.0168 0.0885
110 0.0576 0.0074 0.1182 0.7471 0.0072 0.0623
111 0.1550 0.0187 0.0870 0.6733 0.0253 0.0404
112 0.2686 0.0459 0.1890 0.3938 0.0800 0.0229
113 0.2673 0.0650 0.1398 0.4075 0.0945 0.0260
114 0.3223 0.0429 0.2250 0.3352 0.0534 0.0211
115 0.1133 0.0903 0.2893 0.1160 0.3716 0.0194
116 0.1144 0.2007 0.4282 0.0584 0.1901 0.0082
117 0.0575 0.1400 0.2742 0.3521 0.0786 0.0978
118 0.0629 0.2651 0.2032 0.1582 0.2001 0.1105
119 0.0505 0.2466 0.2666 0.1202 0.2751 0.0409
120 0.0583 0.1986 0.3076 0.0868 0.2632 0.0854
121 0.1499 0.1343 0.1407 0.5068 0.0461 0.0221
122 0.1139 0.1863 0.2449 0.3794 0.0644 0.0111
123 0.0662 0.1379 0.1492 0.5991 0.0296 0.0177
124 0.0583 0.0645 0.2343 0.5361 0.0569 0.0499
125 0.1077 0.0138 0.0936 0.7358 0.0301 0.0189
126 0.1299 0.0734 0.1949 0.4788 0.1027 0.0202
127 0.1069 0.0396 0.1012 0.6445 0.0590 0.0489
128 0.1388 0.0574 0.0953 0.3276 0.0531 0.3276
129 0.1791 0.0497 0.0944 0.3911 0.0595 0.2263
130 0.1688 0.0473 0.1108 0.1688 0.0593 0.4448
131 0.0745 0.0700 0.2683 0.4785 0.0418 0.0668
132 0.0680 0.0453 0.3047 0.4365 0.0400 0.1053
133 0.1010 0.3208 0.0786 0.3469 0.0934 0.0594
134 0.0765 0.0967 0.1750 0.4539 0.0997 0.0982
135 0.1489 0.2937 0.2717 0.1304 0.1377 0.0176
136 0.0970 0.4211 0.2400 0.1433 0.0869 0.0115
137 0.1146 0.1554 0.1268 0.4255 0.1530 0.0248
138 0.3298 0.3855 0.1453 0.0522 0.0490 0.0382
139 0.2493 0.2803 0.1781 0.1699 0.0760 0.0465
140 0.0728 0.1578 0.3613 0.2522 0.0537 0.1019
141 0.0825 0.1615 0.4460 0.1919 0.0355 0.0825
142 0.0690 0.5015 0.1415 0.1060 0.1654 0.0168
143 0.0828 0.3123 0.1985 0.1429 0.2357 0.0277
144 0.1196 0.4238 0.1609 0.1740 0.1072 0.0144
145 0.1542 0.1890 0.0906 0.5298 0.0260 0.0105
146 0.1449 0.1201 0.0485 0.5913 0.0788 0.0165
147 0.1816 0.1003 0.0690 0.5337 0.1068 0.0084
148 0.0363 0.2539 0.1978 0.3872 0.0905 0.0344
149 0.1764 0.3975 0.1251 0.2264 0.0509 0.0237
150 0.1191 0.2622 0.1011 0.3474 0.1329 0.0372
151 0.1020 0.0859 0.3616 0.3452 0.0490 0.0563
152 0.0495 0.2455 0.1912 0.4587 0.0458 0.0094
153 0.1313 0.2323 0.1648 0.3486 0.0976 0.0253
154 0.0641 0.5161 0.1337 0.1991 0.0773 0.0096
155 0.1019 0.1248 0.1084 0.4495 0.1932 0.0224
156 0.1132 0.0854 0.0731 0.1453 0.5747 0.0083
157 0.0854 0.1659 0.0983 0.5356 0.0960 0.0189
158 0.1848 0.2668 0.1406 0.2128 0.1877 0.0073
159 0.1061 0.1037 0.0789 0.3455 0.3564 0.0096
160 0.1865 0.1453 0.1262 0.2490 0.2866 0.0064
161 0.1532 0.2646 0.1631 0.3733 0.0297 0.0160
162 0.3704 0.0619 0.0555 0.4431 0.0222 0.0471
163 0.4141 0.0487 0.0687 0.3711 0.0322 0.0655
164 0.4111 0.0822 0.0842 0.3079 0.0237 0.0910
165 0.0834 0.1510 0.1122 0.3147 0.3298 0.0091
166 0.1041 0.2966 0.1049 0.2700 0.2203 0.0040
167 0.0754 0.0391 0.0828 0.5483 0.2434 0.0108
168 0.0474 0.0497 0.0204 0.2029 0.6758 0.0040
169 0.0636 0.0792 0.0346 0.2496 0.5713 0.0017
170 0.0368 0.0447 0.0257 0.2235 0.6675 0.0018
171 0.0249 0.3777 0.1411 0.3281 0.0856 0.0424
172 0.0421 0.0694 0.0812 0.7822 0.0149 0.0102
173 0.0698 0.1389 0.1389 0.4448 0.0427 0.1649
174 0.0900 0.2427 0.1949 0.2749 0.1790 0.0184
175 0.0379 0.0754 0.0861 0.7266 0.0461 0.0277
176 0.1879 0.0881 0.0587 0.1738 0.4473 0.0443
177 0.2400 0.1151 0.0693 0.1649 0.3660 0.0447
178 0.2817 0.2178 0.1450 0.1165 0.2161 0.0229
179 0.2351 0.1694 0.0965 0.2351 0.2043 0.0594
180 0.0404 0.0424 0.1207 0.7168 0.0566 0.0234
181 0.0776 0.3938 0.1449 0.2815 0.0685 0.0336
182 0.0125 0.2520 0.0657 0.5171 0.1209 0.0318
183 0.1242 0.3708 0.1620 0.0539 0.2756 0.0134
184 0.0879 0.4902 0.1427 0.1060 0.1642 0.0091
185 0.0198 0.3103 0.0651 0.5708 0.0271 0.0069
186 0.1334 0.1726 0.0835 0.3542 0.2512 0.0051
187 0.0403 0.3003 0.1105 0.3147 0.2268 0.0072
188 0.1086 0.3940 0.1617 0.1876 0.1320 0.0160
189 0.0648 0.2837 0.1495 0.2427 0.2389 0.0204
190 0.0944 0.3193 0.1300 0.1833 0.2212 0.0517
191 0.0450 0.3887 0.1292 0.3325 0.0888 0.0158
192 0.0815 0.4880 0.0999 0.2067 0.0984 0.0255
193 0.1245 0.0977 0.2554 0.2986 0.2218 0.0021
194 0.0677 0.0531 0.2456 0.4177 0.2101 0.0059
195 0.0765 0.0610 0.2954 0.3564 0.2063 0.0045
196 0.0879 0.0525 0.3264 0.2175 0.3066 0.0089
197 0.1458 0.0688 0.1515 0.3523 0.2744 0.0073
198 0.1180 0.1009 0.1306 0.4282 0.2023 0.0202
199 0.0745 0.1287 0.0871 0.6436 0.0528 0.0135
200 0.0445 0.2207 0.1493 0.5723 0.0090 0.0043
201 0.0579 0.2133 0.3201 0.3984 0.0038 0.0064
202 0.0288 0.1823 0.1794 0.5977 0.0064 0.0053
203 0.1265 0.1854 0.0836 0.5449 0.0515 0.0083
204 0.1038 0.1780 0.1149 0.5615 0.0334 0.0084
205 0.0786 0.0477 0.0455 0.6279 0.1946 0.0054
206 0.0870 0.2598 0.1758 0.4089 0.0481 0.0204
207 0.0276 0.2925 0.0800 0.5640 0.0304 0.0054
208 0.0721 0.0504 0.3181 0.5244 0.0251 0.0096
209 0.0632 0.2766 0.1758 0.3086 0.1370 0.0389
210 0.0647 0.1050 0.0756 0.6138 0.1017 0.0392
211 0.1227 0.2620 0.1962 0.2155 0.1652 0.0386
212 0.1232 0.2063 0.1005 0.3003 0.2568 0.0130
213 0.0494 0.1106 0.0606 0.6118 0.1366 0.0309
214 0.1458 0.2766 0.2189 0.1050 0.2441 0.0095
215 0.1289 0.1605 0.6055 0.0654 0.0329 0.0067
216 0.0401 0.2825 0.2532 0.3687 0.0458 0.0097
217 0.1550 0.4180 0.1959 0.1649 0.0469 0.0192
218 0.0606 0.0579 0.2554 0.5752 0.0167 0.0340
219 0.0392 0.0607 0.1265 0.7632 0.0019 0.0087
220 0.0434 0.0612 0.1144 0.7700 0.0016 0.0095
221 0.0311 0.0582 0.1029 0.7969 0.0016 0.0096
222 0.0820 0.0659 0.1819 0.6348 0.0026 0.0326
223 0.1074 0.1099 0.2118 0.5327 0.0079 0.0305
224 0.0611 0.0574 0.2035 0.6567 0.0037 0.0175
225 0.1573 0.0962 0.1501 0.3384 0.2554 0.0027
226 0.1055 0.0784 0.1398 0.4585 0.2098 0.0080
227 0.0872 0.1733 0.2333 0.4094 0.0858 0.0109
228 0.0106 0.0420 0.1715 0.7222 0.0499 0.0040
229 0.0646 0.1126 0.2991 0.2007 0.3132 0.0098
230 0.0554 0.5093 0.3667 0.0562 0.0095 0.0031
231 0.2698 0.3179 0.1610 0.2167 0.0293 0.0053
232 0.0554 0.1349 0.2122 0.5332 0.0138 0.0504
233 0.0556 0.2271 0.1560 0.4587 0.0150 0.0875
234 0.0833 0.3374 0.3025 0.1644 0.0771 0.0353
235 0.0591 0.1556 0.2338 0.4722 0.0406 0.0388
236 0.0576 0.1155 0.0900 0.5259 0.1628 0.0482
237 0.0687 0.0495 0.1898 0.4924 0.0346 0.1649
238 0.0793 0.0781 0.2406 0.4785 0.0554 0.0679
239 0.0629 0.1230 0.2335 0.3850 0.0375 0.1580
240 0.0811 0.1357 0.3867 0.3521 0.0175 0.0267
241 0.0496 0.2057 0.3555 0.3445 0.0250 0.0197
242 0.0263 0.4375 0.2269 0.2378 0.0096 0.0620
243 0.0438 0.4858 0.3843 0.0599 0.0029 0.0231
244 0.1414 0.0346 0.0941 0.2639 0.0818 0.3840
245 0.0986 0.2119 0.2517 0.1017 0.0682 0.2678
246 0.1517 0.1448 0.3528 0.1238 0.0441 0.1830
247 0.0807 0.0478 0.1028 0.1508 0.3293 0.2883
248 0.0750 0.2239 0.1276 0.4055 0.0092 0.1588
249 0.1281 0.1521 0.2546 0.2283 0.0324 0.2046
250 0.0898 0.1492 0.2659 0.3691 0.0217 0.1041
251 0.0798 0.0544 0.2345 0.4248 0.0575 0.1490
252 0.0662 0.0811 0.2537 0.3867 0.0540 0.1587
253 0.1346 0.4312 0.1335 0.0566 0.0202 0.2238
254 0.0845 0.1667 0.1519 0.3042 0.0242 0.2686
255 0.0577 0.0922 0.2505 0.4753 0.0183 0.1061
256 0.0821 0.1113 0.3271 0.2230 0.0419 0.2145
257 0.0632 0.2727 0.4224 0.1393 0.0077 0.0950
258 0.1093 0.2296 0.2483 0.1816 0.0378 0.1934
259 0.1312 0.2050 0.2018 0.1022 0.0754 0.2844
260 0.1337 0.1550 0.2920 0.1125 0.0612 0.2457
261 0.0930 0.7427 0.1053 0.0422 0.0155 0.0010
262 0.0743 0.7510 0.1305 0.0338 0.0094 0.0010
263 0.1289 0.6968 0.0958 0.0559 0.0214 0.0011
264 0.0587 0.4338 0.2673 0.2251 0.0106 0.0044
265 0.1030 0.3323 0.2213 0.3123 0.0195 0.0117
266 0.0443 0.1687 0.1334 0.6265 0.0146 0.0123
267 0.0338 0.0836 0.0773 0.7808 0.0186 0.0062
268 0.0940 0.3689 0.0955 0.3359 0.0925 0.0133
269 0.0614 0.0384 0.0482 0.1373 0.4502 0.2646
270 0.0635 0.1234 0.2959 0.3054 0.1159 0.0961
271 0.1002 0.2070 0.3013 0.1588 0.1237 0.1091
272 0.0776 0.1012 0.1832 0.1721 0.1129 0.3530
273 0.5669 0.0220 0.0056 0.3203 0.0661 0.0191
274 0.3562 0.0367 0.0121 0.4502 0.0873 0.0577
275 0.6567 0.0543 0.0116 0.2378 0.0223 0.0174
276 0.6782 0.0773 0.0081 0.1974 0.0340 0.0050
277 0.2424 0.0146 0.0140 0.6387 0.0763 0.0142
278 0.1876 0.0467 0.0277 0.6548 0.0581 0.0248
279 0.2703 0.0673 0.0408 0.5337 0.0613 0.0268
280 0.2893 0.0417 0.0518 0.5449 0.0611 0.0114
281 0.5825 0.0387 0.1240 0.1508 0.0936 0.0106
282 0.2969 0.0372 0.5210 0.0311 0.1127 0.0009
283 0.5947 0.0466 0.1857 0.0589 0.1127 0.0013
284 0.3325 0.0213 0.3076 0.2632 0.0720 0.0035
285 0.6167 0.0305 0.1431 0.0916 0.1141 0.0043
286 0.6787 0.0926 0.0519 0.0829 0.0911 0.0028
287 0.5977 0.1106 0.0854 0.1047 0.0841 0.0172
288 0.0839 0.1667 0.3267 0.2075 0.2075 0.0077
289 0.1836 0.1167 0.3274 0.1954 0.1672 0.0096
290 0.0562 0.0272 0.0536 0.0072 0.8525 0.0033
291 0.0691 0.0189 0.0367 0.0269 0.8418 0.0064
292 0.0802 0.0180 0.0867 0.2549 0.5566 0.0033
293 0.0646 0.0203 0.2399 0.2939 0.3716 0.0098
294 0.1043 0.0306 0.4324 0.3213 0.0166 0.0950
295 0.1484 0.0776 0.1804 0.5386 0.0123 0.0425
296 0.1809 0.1224 0.3486 0.2913 0.0305 0.0263
297 0.0797 0.0630 0.5615 0.2268 0.0208 0.0483
298 0.0889 0.0506 0.4802 0.3406 0.0108 0.0288
299 0.0638 0.0497 0.4639 0.3669 0.0276 0.0281
300 0.0705 0.0434 0.1401 0.6484 0.0202 0.0775
301 0.0938 0.0502 0.1063 0.5659 0.0245 0.1595
302 0.2469 0.1807 0.0510 0.2932 0.0264 0.2015
303 0.1136 0.1553 0.1349 0.1288 0.0181 0.4492
304 0.1136 0.1553 0.1349 0.1288 0.0181 0.4492
