time exciting_prob fearful_prob tense_prob sad_prob relaxing_prob neutral_prob
0 0.1136 0.1553 0.1349 0.1288 0.0181 0.4492
1 0.2076 0.1077 0.3643 0.1567 0.0254 0.1383
2 0.1609 0.2549 0.1282 0.1865 0.0260 0.2433
3 0.1267 0.2073 0.0891 0.1237 0.0213 0.4319
4 0.2407 0.2388 0.1259 0.1164 0.0260 0.2522
5 0.1244 0.1572 0.1047 0.2271 0.0210 0.3657
6 0.0047 0.0146 0.0340 0.0305 0.6724 0.2435
7 0.0048 0.0199 0.0225 0.0067 0.9277 0.0184
8 0.2214 0.2284 0.1079 0.1864 0.0634 0.1924
9 0.0008 0.0048 0.0036 0.0025 0.9839 0.0042
10 0.0035 0.0266 0.0204 0.0015 0.9390 0.0090
11 0.2532 0.0491 0.0797 0.4048 0.1008 0.1124
12 0.2092 0.1416 0.1997 0.3503 0.0352 0.0638
13 0.1425 0.1401 0.4971 0.0662 0.0516 0.1025
14 0.0199 0.0750 0.1199 0.0289 0.6582 0.0978
15 0.0229 0.0929 0.2391 0.0132 0.5918 0.0400
16 0.0091 0.0612 0.3159 0.0162 0.5635 0.0341
17 0.0112 0.1516 0.3933 0.0175 0.3064 0.1199
18 0.0148 0.1343 0.3765 0.0171 0.4402 0.0171
19 0.0145 0.0339 0.0674 0.0076 0.8608 0.0156
20 0.0049 0.0119 0.0181 0.0020 0.9561 0.0069
21 0.0203 0.0790 0.2051 0.0099 0.6616 0.0239
22 0.0158 0.0397 0.0624 0.0111 0.8481 0.0228
23 0.0130 0.0592 0.1177 0.0095 0.7798 0.0209
24 0.0183 0.1426 0.4189 0.0360 0.2749 0.1093
25 0.0186 0.0808 0.1232 0.0201 0.7202 0.0373
26 0.0109 0.3601 0.2084 0.0236 0.3833 0.0137
27 0.0057 0.0354 0.0377 0.0034 0.9136 0.0039
28 0.0498 0.2549 0.0983 0.0070 0.5835 0.0062
29 0.0139 0.0518 0.0345 0.0138 0.6611 0.2249
30 0.0250 0.0936 0.0746 0.0260 0.3269 0.4539
31 0.0109 0.0578 0.0847 0.0275 0.4509 0.3682
32 0.0564 0.4946 0.2195 0.0214 0.1439 0.0644
33 0.1527 0.3691 0.1588 0.0774 0.1135 0.1285
34 0.0676 0.3003 0.0596 0.3147 0.0784 0.1793
35 0.1342 0.4331 0.1321 0.1777 0.0801 0.0429
36 0.1469 0.2854 0.2966 0.1075 0.0898 0.0739
37 0.0770 0.4429 0.3140 0.0272 0.0224 0.1165
38 0.0556 0.2003 0.3201 0.2913 0.0531 0.0797
39 0.0235 0.5659 0.3599 0.0253 0.0105 0.0150
40 0.0370 0.2446 0.2159 0.1906 0.1936 0.1183
41 0.0796 0.6211 0.2080 0.0426 0.0206 0.0284
42 0.0719 0.6982 0.1608 0.0142 0.0293 0.0254
43 0.2225 0.4324 0.1830 0.0147 0.0663 0.0812
44 0.0591 0.2413 0.2001 0.2197 0.0916 0.1880
45 0.0335 0.6323 0.2808 0.0095 0.0167 0.0271
46 0.2676 0.0698 0.0925 0.2325 0.0698 0.2676
47 0.0228 0.4143 0.0539 0.0255 0.0141 0.4695
48 0.0483 0.1243 0.0736 0.0373 0.0124 0.7041
49 0.0403 0.1982 0.0551 0.0866 0.0089 0.6108
50 0.0359 0.4519 0.1255 0.0291 0.0218 0.3357
51 0.0720 0.3865 0.1561 0.0636 0.1151 0.2068
52 0.0876 0.3745 0.4080 0.0094 0.0265 0.0939
53 0.0717 0.3669 0.1210 0.0188 0.2107 0.2107
54 0.0592 0.1660 0.0828 0.0159 0.0140 0.6621
55 0.0259 0.7803 0.1178 0.0606 0.0060 0.0094
56 0.0474 0.4751 0.3586 0.0147 0.0363 0.0679
57 0.0237 0.5483 0.3889 0.0273 0.0057 0.0061
58 0.0290 0.0695 0.0663 0.0885 0.0116 0.7354
59 0.0407 0.2695 0.1488 0.0247 0.0126 0.5034
60 0.0531 0.4810 0.4114 0.0194 0.0267 0.0085
61 0.0469 0.4143 0.2150 0.0487 0.0715 0.2036
62 0.0128 0.3083 0.5083 0.0617 0.0257 0.0830
63 0.0198 0.5117 0.3408 0.0606 0.0507 0.0166
64 0.1797 0.3518 0.1284 0.0325 0.1160 0.1913
65 0.0485 0.2905 0.1592 0.0428 0.1350 0.3240
66 0.0382 0.0316 0.1332 0.1879 0.5610 0.0482
67 0.0983 0.3740 0.0569 0.0382 0.0280 0.4045
68 0.1005 0.3823 0.0833 0.0446 0.0331 0.3562
69 0.1442 0.4272 0.1243 0.0502 0.0126 0.2415
70 0.0752 0.2372 0.0712 0.0439 0.0166 0.5557
71 0.0855 0.3862 0.0875 0.0332 0.0271 0.3804
72 0.0263 0.6216 0.2115 0.0803 0.0400 0.0203
73 0.0346 0.3088 0.3235 0.0296 0.0311 0.2725
74 0.1230 0.4065 0.2837 0.0164 0.0859 0.0845
75 0.0804 0.3926 0.1456 0.0636 0.1125 0.2053
76 0.0273 0.5439 0.2198 0.0391 0.0938 0.0760
77 0.0269 0.1958 0.5752 0.0465 0.0515 0.1039
78 0.1995 0.1578 0.1964 0.2642 0.0769 0.1051
79 0.2158 0.2903 0.1506 0.1790 0.0879 0.0764
80 0.0849 0.1869 0.1000 0.1099 0.0300 0.4885
81 0.0920 0.3315 0.1085 0.0485 0.0438 0.3757
82 0.0463 0.1061 0.5059 0.0996 0.0852 0.1567
83 0.0258 0.3171 0.2932 0.0290 0.1364 0.1985
84 0.1560 0.0946 0.0640 0.4375 0.0917 0.1560
85 0.2021 0.4082 0.0947 0.1812 0.1024 0.0113
86 0.2174 0.2502 0.1616 0.3020 0.0402 0.0285
87 0.1315 0.2495 0.2961 0.2698 0.0503 0.0028
88 0.1207 0.1743 0.1526 0.5410 0.0096 0.0016
89 0.0991 0.0703 0.4585 0.3149 0.0491 0.0080
90 0.0428 0.3726 0.5093 0.0449 0.0174 0.0129
91 0.0535 0.4956 0.2396 0.1234 0.0327 0.0552
92 0.0433 0.2957 0.2231 0.3098 0.0670 0.0610
93 0.0274 0.4670 0.2969 0.1858 0.0104 0.0126
94 0.0229 0.3726 0.5771 0.0114 0.0106 0.0054
95 0.1002 0.5288 0.2007 0.0994 0.0622 0.0088
96 0.0737 0.4729 0.3250 0.0543 0.0426 0.0314
97 0.1807 0.4438 0.2932 0.0416 0.0379 0.0027
98 0.0772 0.1355 0.1399 0.1584 0.4175 0.0714
99 0.1863 0.2627 0.2668 0.1473 0.0649 0.0718
100 0.0945 0.4473 0.3594 0.0573 0.0309 0.0105
101 0.0108 0.4580 0.4954 0.0223 0.0074 0.0062
102 0.0303 0.5415 0.4023 0.0145 0.0076 0.0036
103 0.1241 0.4988 0.1292 0.0596 0.1737 0.0147
104 0.2688 0.4465 0.0801 0.0490 0.1086 0.0471
105 0.0659 0.1953 0.5308 0.1385 0.0304 0.0388
106 0.1848 0.1321 0.4399 0.1631 0.0564 0.0237
107 0.0233 0.6709 0.2839 0.0112 0.0048 0.0059
108 0.0597 0.2020 0.3330 0.3279 0.0284 0.0487
109 0.0665 0.5879 0.2910 0.0237 0.0175 0.0134
110 0.0978 0.6089 0.1744 0.0492 0.0673 0.0026
111 0.0486 0.3020 0.1694 0.1129 0.0900 0.2771
112 0.0902 0.2510 0.3325 0.0348 0.1214 0.1699
113 0.1390 0.3521 0.3359 0.0843 0.0817 0.0069
114 0.0413 0.5923 0.3374 0.0184 0.0031 0.0077
115 0.0526 0.0691 0.1053 0.0180 0.5518 0.2030
116 0.0629 0.2211 0.0555 0.0372 0.1804 0.4431
117 0.0233 0.0688 0.8657 0.0140 0.0193 0.0089
118 0.0713 0.2932 0.1968 0.0509 0.1486 0.2393
119 0.1066 0.5122 0.3467 0.0151 0.0128 0.0065
120 0.2157 0.3584 0.2993 0.0485 0.0442 0.0338
121 0.0399 0.6055 0.3093 0.0294 0.0126 0.0032
122 0.0160 0.5137 0.3999 0.0246 0.0387 0.0074
123 0.0323 0.6450 0.2372 0.0409 0.0412 0.0035
124 0.0267 0.5796 0.3462 0.0158 0.0205 0.0110
125 0.0255 0.4214 0.4556 0.0465 0.0097 0.0414
126 0.1200 0.2139 0.4060 0.1448 0.0392 0.0763
127 0.0204 0.1230 0.1580 0.2563 0.0973 0.3450
128 0.1792 0.2196 0.2488 0.1792 0.1062 0.0670
129 0.0648 0.6538 0.1732 0.0608 0.0268 0.0205
130 0.1110 0.2922 0.1602 0.0150 0.3667 0.0549
131 0.0456 0.5596 0.2971 0.0554 0.0137 0.0290
132 0.0651 0.6323 0.2185 0.0253 0.0488 0.0101
133 0.1632 0.4836 0.2588 0.0145 0.0629 0.0169
134 0.0369 0.1993 0.7178 0.0058 0.0363 0.0036
135 0.1238 0.3064 0.2971 0.0751 0.1200 0.0775
136 0.0100 0.4353 0.5332 0.0116 0.0061 0.0035
137 0.1273 0.1881 0.2198 0.2695 0.0394 0.1559
138 0.0340 0.3511 0.3049 0.0582 0.0143 0.2375
139 0.0368 0.4890 0.0898 0.0417 0.0065 0.3362
140 0.0126 0.2915 0.6782 0.0085 0.0029 0.0064
141 0.0182 0.7373 0.1984 0.0385 0.0043 0.0034
142 0.0140 0.0809 0.5747 0.0164 0.0018 0.3123
143 0.0181 0.1423 0.2537 0.4316 0.0143 0.1401
144 0.0375 0.4028 0.4028 0.0224 0.0320 0.1026
145 0.1042 0.5049 0.2991 0.0196 0.0169 0.0553
146 0.2302 0.2957 0.1158 0.1954 0.1453 0.0178
147 0.1017 0.3037 0.4119 0.0511 0.0756 0.0562
148 0.1306 0.4121 0.3286 0.0303 0.0473 0.0512
149 0.0732 0.1688 0.7109 0.0374 0.0080 0.0017
150 0.1539 0.3552 0.4353 0.0202 0.0240 0.0113
151 0.0758 0.3320 0.5024 0.0568 0.0139 0.0193
152 0.1823 0.3860 0.3652 0.0367 0.0066 0.0232
153 0.0577 0.4368 0.1157 0.1053 0.1053 0.1792
154 0.0411 0.4590 0.3105 0.0672 0.0773 0.0447
155 0.0815 0.4141 0.2654 0.0348 0.1768 0.0275
156 0.0762 0.3633 0.2830 0.0225 0.2498 0.0053
157 0.0806 0.4221 0.3967 0.0402 0.0512 0.0092
158 0.0242 0.2484 0.1309 0.1846 0.0149 0.3970
159 0.0744 0.5542 0.1550 0.0792 0.0274 0.1099
160 0.1154 0.1692 0.2139 0.2424 0.0418 0.2173
161 0.1390 0.3232 0.2186 0.2478 0.0234 0.0480
162 0.0385 0.1605 0.4365 0.3193 0.0284 0.0168
163 0.0493 0.0893 0.6807 0.1183 0.0442 0.0181
164 0.0682 0.1117 0.3550 0.3960 0.0354 0.0338
165 0.0264 0.1533 0.7788 0.0142 0.0179 0.0094
166 0.0310 0.2893 0.6523 0.0097 0.0122 0.0056
167 0.0492 0.2404 0.6636 0.0236 0.0187 0.0047
168 0.0262 0.4541 0.2145 0.1130 0.0801 0.1121
169 0.0396 0.6533 0.2089 0.0180 0.0383 0.0421
170 0.0574 0.0737 0.4177 0.3743 0.0348 0.0420
171 0.0622 0.1785 0.7061 0.0320 0.0133 0.0080
172 0.0437 0.4050 0.4243 0.0565 0.0374 0.0330
173 0.0228 0.1315 0.2783 0.3687 0.1610 0.0377
174 0.0378 0.5591 0.2683 0.0224 0.0598 0.0528
175 0.0358 0.3506 0.2773 0.2161 0.0563 0.0638
176 0.0132 0.4822 0.4187 0.0396 0.0101 0.0363
177 0.0167 0.6118 0.3076 0.0131 0.0135 0.0373
178 0.0055 0.4683 0.4683 0.0217 0.0164 0.0198
179 0.0267 0.4382 0.3867 0.0774 0.0444 0.0263
180 0.0122 0.5996 0.2661 0.0642 0.0204 0.0377
181 0.0793 0.1603 0.3137 0.3784 0.0092 0.0590
182 0.0233 0.0916 0.8418 0.0230 0.0063 0.0138
183 0.0406 0.2795 0.5386 0.0740 0.0396 0.0277
184 0.0122 0.2812 0.4497 0.1874 0.0235 0.0459
185 0.1177 0.2034 0.1880 0.3198 0.0640 0.1071
186 0.0272 0.2581 0.5903 0.0524 0.0402 0.0318
187 0.0282 0.5449 0.2272 0.0876 0.0488 0.0631
188 0.0137 0.6909 0.2502 0.0160 0.0183 0.0110
189 0.0350 0.3481 0.4834 0.0464 0.0564 0.0307
190 0.0186 0.3154 0.4963 0.0904 0.0458 0.0335
191 0.0255 0.5454 0.3523 0.0477 0.0069 0.0220
192 0.0872 0.4463 0.1542 0.1667 0.0604 0.0851
193 0.0166 0.4226 0.3450 0.1531 0.0432 0.0196
194 0.0258 0.4941 0.1847 0.1461 0.0859 0.0634
195 0.1002 0.1050 0.4089 0.2520 0.1328 0.0011
196 0.1591 0.2522 0.4426 0.0825 0.0594 0.0042
197 0.1685 0.1464 0.5107 0.1194 0.0538 0.0012
198 0.0862 0.4849 0.3333 0.0704 0.0206 0.0046
199 0.2147 0.4915 0.2377 0.0182 0.0370 0.0009
200 0.2732 0.3374 0.2954 0.0206 0.0659 0.0073
201 0.0386 0.5757 0.3718 0.0040 0.0095 0.0002
202 0.0436 0.1765 0.6768 0.0675 0.0070 0.0288
203 0.1234 0.1584 0.2455 0.4341 0.0345 0.0039
204 0.1335 0.4177 0.3057 0.0414 0.0646 0.0374
205 0.0846 0.2666 0.5918 0.0214 0.0123 0.0235
206 0.1903 0.0831 0.1963 0.1844 0.1267 0.2190
207 0.0422 0.1271 0.6978 0.1070 0.0167 0.0093
208 0.0888 0.2981 0.5229 0.0719 0.0120 0.0060
209 0.0701 0.1340 0.6294 0.1372 0.0170 0.0126
210 0.0495 0.4312 0.5039 0.0092 0.0041 0.0018
211 0.1194 0.2932 0.4722 0.0894 0.0108 0.0151
212 0.2637 0.1663 0.4180 0.1207 0.0278 0.0035
213 0.2532 0.2200 0.4341 0.0803 0.0067 0.0059
214 0.1483 0.1667 0.6343 0.0361 0.0110 0.0037
215 0.2072 0.1469 0.3782 0.1327 0.0612 0.0739
216 0.1265 0.2874 0.5161 0.0377 0.0062 0.0261
217 0.3594 0.1440 0.2490 0.1698 0.0475 0.0302
218 0.0769 0.2444 0.6191 0.0418 0.0136 0.0044
219 0.0724 0.4102 0.4365 0.0654 0.0060 0.0093
220 0.1769 0.2939 0.2362 0.2554 0.0278 0.0097
221 0.0423 0.1030 0.3027 0.2715 0.1865 0.0938
222 0.1931 0.0750 0.4631 0.1379 0.1237 0.0071
223 0.0358 0.0471 0.8813 0.0329 0.0015 0.0015
224 0.2803 0.1525 0.3127 0.0954 0.0737 0.0855
225 0.1508 0.2952 0.3267 0.1721 0.0186 0.0367
226 0.1687 0.2739 0.5078 0.0203 0.0174 0.0122
227 0.2986 0.1389 0.4553 0.0488 0.0519 0.0063
228 0.0319 0.1147 0.1342 0.4683 0.1696 0.0814
229 0.0640 0.1512 0.1008 0.0444 0.6172 0.0225
230 0.0385 0.0513 0.0260 0.0239 0.0120 0.8481
231 0.1652 0.0948 0.0477 0.0837 0.0094 0.5991
232 0.0428 0.2074 0.1448 0.4324 0.1298 0.0428
233 0.1405 0.4163 0.2211 0.0746 0.0740 0.0735
234 0.0125 0.4136 0.4199 0.1241 0.0151 0.0147
235 0.0509 0.4229 0.1497 0.0240 0.3218 0.0309
236 0.5620 0.2235 0.1133 0.0875 0.0109 0.0027
237 0.1136 0.1553 0.1349 0.1288 0.0181 0.4492
238 0.2111 0.2212 0.4004 0.1044 0.0342 0.0288
239 0.2539 0.2600 0.2155 0.0934 0.1083 0.0688
240 0.2842 0.1807 0.2031 0.0922 0.1658 0.0742
241 0.1752 0.2284 0.2798 0.0777 0.1429 0.0959
242 0.0829 0.4417 0.1116 0.1368 0.1899 0.0371
243 0.0265 0.0869 0.0743 0.0253 0.7510 0.0362
244 0.0139 0.0448 0.0377 0.0086 0.8188 0.0762
245 0.0204 0.0716 0.0811 0.0549 0.6484 0.1237
246 0.0196 0.2111 0.1520 0.0795 0.5225 0.0154
247 0.1118 0.1553 0.1370 0.1287 0.0181 0.4492
