time exciting_prob fearful_prob tense_prob sad_prob relaxing_prob neutral_prob
0 0.1118 0.1576 0.1348 0.1287 0.0181 0.4490
1 0.1118 0.1576 0.1348 0.1287 0.0181 0.4490
2 0.1118 0.1576 0.1348 0.1287 0.0181 0.4490
3 0.0948 0.1237 0.2598 0.4778 0.0060 0.0380
4 0.0962 0.0491 0.7451 0.0918 0.0022 0.0157
5 0.4038 0.2095 0.2247 0.1148 0.0173 0.0299
6 0.3247 0.1836 0.2957 0.1418 0.0134 0.0410
7 0.2177 0.3423 0.2688 0.1044 0.0285 0.0384
8 0.2292 0.2205 0.2944 0.1652 0.0315 0.0593
9 0.2262 0.1361 0.1847 0.3423 0.0268 0.0839
10 0.2469 0.0361 0.3708 0.2798 0.0165 0.0498
11 0.6450 0.0367 0.0782 0.0997 0.0122 0.1281
12 0.7300 0.0252 0.0176 0.1846 0.0066 0.0363
13 0.7969 0.0193 0.0266 0.1406 0.0058 0.0109
14 0.7603 0.0337 0.0639 0.0801 0.0128 0.0490
15 0.3538 0.0334 0.0967 0.3650 0.0304 0.1204
16 0.2783 0.0682 0.3462 0.2456 0.0303 0.0315
17 0.4434 0.1212 0.3943 0.0254 0.0114 0.0043
18 0.3657 0.1912 0.3833 0.0519 0.0063 0.0016
19 0.4102 0.1984 0.2979 0.0771 0.0084 0.0081
20 0.4194 0.1259 0.3643 0.0628 0.0228 0.0048
21 0.4983 0.2524 0.1997 0.0372 0.0061 0.0060
22 0.3667 0.1018 0.1692 0.3015 0.0074 0.0533
23 0.5767 0.0310 0.0052 0.3389 0.0452 0.0030
24 0.5767 0.0310 0.0052 0.3389 0.0452 0.0030
25 0.5737 0.0306 0.0051 0.3425 0.0453 0.0030
26 0.4568 0.0313 0.0050 0.4714 0.0318 0.0037
27 0.1145 0.0837 0.2073 0.2386 0.0031 0.3528
28 0.6211 0.1409 0.0601 0.0909 0.0429 0.0440
29 0.5664 0.1294 0.0523 0.1410 0.0461 0.0646
30 0.6157 0.0649 0.0867 0.1353 0.0814 0.0160
31 0.3887 0.1583 0.0742 0.2510 0.1022 0.0256
32 0.1146 0.0684 0.2583 0.3164 0.0349 0.2075
33 0.1462 0.1166 0.3621 0.1737 0.0419 0.1594
34 0.1052 0.0428 0.1965 0.5342 0.0224 0.0988
35 0.5078 0.1525 0.0661 0.1714 0.0293 0.0731
36 0.2292 0.0488 0.0524 0.4929 0.0354 0.1412
37 0.4077 0.1324 0.0645 0.1714 0.1263 0.0976
38 0.0847 0.0385 0.0789 0.6455 0.0086 0.1440
39 0.2546 0.1429 0.1053 0.2607 0.0665 0.1697
40 0.2129 0.0319 0.0543 0.4233 0.0400 0.2375
41 0.2571 0.0450 0.0526 0.3857 0.0483 0.2114
42 0.4175 0.0992 0.0791 0.1973 0.0592 0.1477
43 0.2458 0.0368 0.0762 0.2874 0.0477 0.3059
44 0.3467 0.0646 0.0773 0.2345 0.0667 0.2102
45 0.1302 0.0530 0.1896 0.2323 0.0569 0.3379
46 0.1621 0.0606 0.1837 0.3125 0.0596 0.2216
47 0.1569 0.0696 0.1805 0.3169 0.0582 0.2178
48 0.1852 0.0656 0.1177 0.4109 0.0645 0.1560
49 0.2050 0.1584 0.1398 0.3149 0.0535 0.1283
50 0.2510 0.1440 0.1071 0.2957 0.0538 0.1487
51 0.2603 0.1919 0.0537 0.3318 0.0384 0.1240
52 0.3496 0.1602 0.0919 0.2766 0.0662 0.0553
53 0.3228 0.1124 0.1572 0.2803 0.0141 0.1133
54 0.3657 0.2399 0.1335 0.2084 0.0147 0.0377
55 0.1855 0.1305 0.1125 0.3308 0.0134 0.2273
56 0.2177 0.3560 0.0944 0.2729 0.0124 0.0467
57 0.2981 0.4653 0.0821 0.1114 0.0146 0.0286
58 0.3135 0.1665 0.0549 0.4026 0.0122 0.0504
59 0.3750 0.2346 0.0492 0.2786 0.0127 0.0500
60 0.2166 0.1106 0.0522 0.5195 0.0071 0.0939
61 0.3740 0.3125 0.0454 0.2114 0.0075 0.0491
62 0.4509 0.1985 0.0630 0.2080 0.0160 0.0635
63 0.5234 0.1726 0.0382 0.2251 0.0163 0.0247
64 0.4617 0.2472 0.0606 0.1895 0.0158 0.0253
65 0.2357 0.0464 0.0635 0.5835 0.0113 0.0596
66 0.2939 0.0970 0.0693 0.4553 0.0134 0.0709
67 0.4233 0.2080 0.0373 0.2450 0.0490 0.0373
68 0.2108 0.0819 0.0415 0.5728 0.0222 0.0706
69 0.3457 0.1322 0.0560 0.3376 0.0419 0.0867
70 0.2605 0.1520 0.0701 0.3733 0.0497 0.0944
71 0.3943 0.1450 0.0746 0.2646 0.0619 0.0595
72 0.4604 0.2092 0.0800 0.1519 0.0679 0.0306
73 0.3826 0.1582 0.0654 0.2629 0.0530 0.0778
74 0.3789 0.1694 0.0690 0.2465 0.0740 0.0623
75 0.5073 0.2673 0.0889 0.0494 0.0526 0.0345
76 0.5376 0.1704 0.0688 0.1002 0.0688 0.0540
77 0.5190 0.2131 0.0868 0.0809 0.0560 0.0440
78 0.3242 0.0996 0.0900 0.3142 0.0422 0.1299
79 0.2732 0.2284 0.0873 0.2690 0.0422 0.0997
80 0.4358 0.2351 0.0832 0.1093 0.0793 0.0572
81 0.2286 0.2181 0.0854 0.2759 0.0522 0.1398
82 0.2937 0.1345 0.0682 0.3743 0.0450 0.0842
83 0.3325 0.2322 0.1022 0.2198 0.0539 0.0592
84 0.3027 0.1113 0.0708 0.4009 0.0288 0.0854
85 0.2859 0.2542 0.0928 0.2603 0.0445 0.0623
86 0.2776 0.2179 0.1157 0.1864 0.0783 0.1241
87 0.4316 0.2120 0.0955 0.1266 0.0948 0.0395
88 0.4365 0.2178 0.1113 0.1271 0.0609 0.0464
89 0.3059 0.1884 0.1357 0.2152 0.0823 0.0726
90 0.1542 0.3115 0.2996 0.1449 0.0281 0.0618
91 0.1576 0.3665 0.1731 0.1527 0.0818 0.0683
92 0.3123 0.2097 0.1185 0.2048 0.0724 0.0821
93 0.3298 0.2932 0.1105 0.1194 0.1014 0.0457
94 0.1520 0.4102 0.2507 0.0901 0.0475 0.0497
95 0.2378 0.3740 0.1039 0.0889 0.1376 0.0578
96 0.2759 0.0616 0.0635 0.3435 0.0855 0.1700
97 0.5015 0.1707 0.0793 0.0723 0.1415 0.0347
98 0.3865 0.1742 0.0856 0.1152 0.1216 0.1169
99 0.4302 0.1510 0.0620 0.1608 0.1322 0.0640
100 0.3718 0.2102 0.1134 0.1587 0.0925 0.0536
101 0.3604 0.2439 0.1008 0.1783 0.0646 0.0519
102 0.1957 0.2869 0.0939 0.2759 0.1031 0.0443
103 0.2429 0.2546 0.0795 0.3169 0.0696 0.0364
104 0.2900 0.2744 0.0799 0.2539 0.0594 0.0424
105 0.2085 0.3411 0.1235 0.2069 0.0616 0.0583
106 0.1427 0.0989 0.0623 0.5142 0.0801 0.1020
107 0.3623 0.2375 0.0923 0.1780 0.0625 0.0675
108 0.2485 0.2076 0.0788 0.2708 0.0758 0.1183
109 0.3337 0.1993 0.0831 0.1843 0.0549 0.1447
110 0.1226 0.1489 0.0636 0.3835 0.0507 0.2307
111 0.2524 0.1935 0.0950 0.2605 0.0456 0.1531
112 0.3179 0.1225 0.0779 0.2783 0.0570 0.1466
113 0.3389 0.1962 0.0964 0.2329 0.0657 0.0699
114 0.1921 0.1544 0.1250 0.2861 0.1005 0.1417
115 0.1859 0.1448 0.0296 0.5054 0.0396 0.0949
116 0.3704 0.2429 0.0776 0.2095 0.0517 0.0479
117 0.4290 0.3906 0.0740 0.0618 0.0244 0.0202
118 0.3491 0.2184 0.1040 0.2289 0.0325 0.0671
119 0.2808 0.2766 0.1171 0.2257 0.0310 0.0688
120 0.3518 0.1649 0.0437 0.3438 0.0380 0.0579
121 0.2327 0.3181 0.1490 0.1990 0.0414 0.0598
122 0.1781 0.1262 0.0714 0.5659 0.0247 0.0337
123 0.1641 0.1239 0.1119 0.4531 0.0435 0.1035
124 0.1219 0.0244 0.0838 0.4976 0.0220 0.2502
125 0.1114 0.1205 0.2472 0.3027 0.0286 0.1895
126 0.2406 0.0456 0.2058 0.3787 0.0191 0.1102
127 0.1293 0.0319 0.0650 0.4373 0.0498 0.2869
128 0.2156 0.1163 0.0739 0.3933 0.0369 0.1639
129 0.2092 0.1086 0.2428 0.3423 0.0158 0.0813
130 0.3140 0.1642 0.0851 0.2316 0.0304 0.1748
131 0.2395 0.2001 0.0754 0.2800 0.0364 0.1686
132 0.1405 0.0425 0.0435 0.5386 0.0399 0.1951
133 0.1382 0.0800 0.0648 0.4639 0.0308 0.2225
134 0.3672 0.1416 0.0489 0.2524 0.0529 0.1372
135 0.2195 0.0517 0.0795 0.3733 0.0314 0.2448
136 0.4553 0.1433 0.0842 0.1812 0.0327 0.1032
137 0.2639 0.0346 0.0955 0.4558 0.0217 0.1285
138 0.2444 0.1219 0.2482 0.2971 0.0091 0.0793
139 0.3257 0.1074 0.1456 0.3257 0.0142 0.0817
140 0.3503 0.1310 0.0757 0.2446 0.0428 0.1555
141 0.2568 0.1658 0.1241 0.2374 0.0461 0.1697
142 0.2426 0.0673 0.1076 0.3528 0.0222 0.2074
143 0.2480 0.1162 0.0699 0.3210 0.0360 0.2089
144 0.2795 0.1439 0.1156 0.2883 0.0352 0.1373
145 0.1526 0.0398 0.1783 0.2942 0.0411 0.2942
146 0.1995 0.1318 0.2996 0.2483 0.0633 0.0576
147 0.1543 0.0442 0.2175 0.4001 0.0367 0.1472
148 0.1016 0.0404 0.0274 0.4485 0.1702 0.2118
149 0.1503 0.1065 0.0607 0.4180 0.1611 0.1033
150 0.1169 0.1284 0.0607 0.4277 0.1676 0.0985
151 0.1483 0.1210 0.1448 0.3501 0.1393 0.0965
152 0.0606 0.0182 0.0345 0.7744 0.0535 0.0588
153 0.2264 0.2393 0.0582 0.2178 0.1683 0.0901
154 0.1224 0.1466 0.1536 0.3252 0.1687 0.0835
155 0.1049 0.0317 0.0699 0.5586 0.0870 0.1479
156 0.3774 0.1884 0.1433 0.1388 0.0238 0.1284
157 0.3655 0.1224 0.1660 0.2051 0.0166 0.1244
158 0.4543 0.1038 0.1836 0.1909 0.0142 0.0530
159 0.3865 0.0933 0.1663 0.1624 0.0075 0.1840
160 0.1332 0.0547 0.2063 0.1364 0.0047 0.4648
161 0.1938 0.0457 0.2162 0.1038 0.0039 0.4368
162 0.5098 0.1147 0.1340 0.0989 0.0084 0.1340
163 0.5830 0.0403 0.0600 0.1984 0.0052 0.1130
164 0.5762 0.0877 0.0824 0.1357 0.0071 0.1108
165 0.1877 0.0358 0.0505 0.4102 0.0062 0.3096
166 0.5151 0.0803 0.0697 0.1195 0.0073 0.2081
167 0.6436 0.1109 0.0762 0.0642 0.0119 0.0934
168 0.5337 0.0763 0.0456 0.1653 0.0190 0.1603
169 0.5620 0.0977 0.1072 0.1047 0.0069 0.1215
170 0.4526 0.1118 0.0920 0.2106 0.0063 0.1267
171 0.4878 0.1047 0.0736 0.1609 0.0123 0.1609
172 0.5503 0.1002 0.0878 0.1678 0.0174 0.0762
173 0.2449 0.0685 0.0690 0.3733 0.0107 0.2336
174 0.5698 0.1880 0.0854 0.0724 0.0233 0.0610
175 0.5713 0.1255 0.0667 0.1455 0.0104 0.0810
176 0.5649 0.1203 0.0634 0.1175 0.0108 0.1231
177 0.4080 0.0822 0.0548 0.2084 0.0144 0.2324
178 0.1589 0.0739 0.1219 0.3582 0.0080 0.2791
179 0.5020 0.0623 0.1193 0.1300 0.0072 0.1791
180 0.6187 0.0799 0.0745 0.0878 0.0061 0.1328
181 0.2495 0.0570 0.1235 0.3987 0.0075 0.1637
182 0.2688 0.0839 0.2729 0.2688 0.0051 0.1005
183 0.0742 0.0309 0.4543 0.4138 0.0011 0.0256
184 0.0478 0.0179 0.6914 0.2043 0.0039 0.0349
185 0.0658 0.0459 0.5957 0.2686 0.0080 0.0160
186 0.1004 0.0674 0.2446 0.3242 0.0226 0.2408
187 0.2008 0.0540 0.1704 0.1392 0.0103 0.4253
188 0.3091 0.0706 0.2059 0.1404 0.0137 0.2603
189 0.3918 0.0802 0.1312 0.1646 0.0208 0.2113
190 0.4512 0.1123 0.0946 0.1713 0.0194 0.1511
191 0.3977 0.1765 0.1194 0.1194 0.0239 0.1632
192 0.5210 0.0528 0.0905 0.1414 0.0130 0.1814
193 0.1477 0.1399 0.0875 0.4209 0.0379 0.1661
194 0.4431 0.1604 0.1630 0.1362 0.0619 0.0355
195 0.3335 0.2222 0.1091 0.2188 0.0217 0.0948
196 0.4653 0.1940 0.0665 0.1647 0.0233 0.0861
197 0.5459 0.1814 0.0673 0.1348 0.0247 0.0462
198 0.5122 0.0897 0.0779 0.1826 0.0287 0.1090
199 0.7451 0.1049 0.0289 0.0732 0.0263 0.0216
200 0.5977 0.1534 0.0316 0.1333 0.0291 0.0551
201 0.7842 0.0718 0.0270 0.0701 0.0214 0.0254
202 0.7573 0.0844 0.0693 0.0335 0.0122 0.0431
203 0.5581 0.0662 0.0496 0.1899 0.0404 0.0955
204 0.7793 0.0468 0.0416 0.0426 0.0135 0.0760
205 0.5254 0.0537 0.0599 0.1628 0.0177 0.1803
206 0.2394 0.0601 0.0975 0.1895 0.0189 0.3948
207 0.2311 0.0662 0.1827 0.2384 0.0357 0.2460
208 0.2612 0.0263 0.0302 0.5195 0.0211 0.1420
209 0.2482 0.1191 0.0448 0.3237 0.0470 0.2173
210 0.3037 0.1144 0.0451 0.2700 0.0612 0.2054
211 0.2391 0.1270 0.0546 0.4067 0.0446 0.1279
212 0.3606 0.1171 0.0562 0.3059 0.0366 0.1237
213 0.4072 0.0450 0.1498 0.2712 0.0152 0.1113
214 0.2015 0.0649 0.1545 0.3220 0.0211 0.2357
215 0.1136 0.1787 0.2993 0.3723 0.0308 0.0052
216 0.2048 0.1499 0.2048 0.2715 0.0692 0.0999
217 0.2432 0.2231 0.2549 0.1510 0.0861 0.0416
218 0.2588 0.1877 0.0659 0.1968 0.2411 0.0497
219 0.1953 0.2302 0.1620 0.1232 0.1451 0.1440
220 0.1786 0.1886 0.0774 0.3335 0.0891 0.1327
221 0.1548 0.2554 0.1868 0.2893 0.0414 0.0726
222 0.3787 0.1076 0.1027 0.1831 0.0520 0.1760
223 0.6768 0.1079 0.0834 0.0573 0.0208 0.0538
224 0.4341 0.2416 0.1159 0.1293 0.0111 0.0681
225 0.2661 0.1042 0.1145 0.2747 0.0091 0.2313
226 0.2942 0.1625 0.1295 0.2808 0.0199 0.1134
227 0.5566 0.1262 0.0573 0.1766 0.0186 0.0645
228 0.3667 0.1172 0.0716 0.2559 0.0222 0.1665
229 0.2147 0.0742 0.1365 0.3198 0.0096 0.2452
230 0.2878 0.0763 0.1747 0.2522 0.0079 0.2010
231 0.2079 0.1222 0.1166 0.4612 0.0230 0.0691
232 0.4026 0.1978 0.0805 0.2385 0.0306 0.0500
233 0.4382 0.2328 0.1143 0.1326 0.0170 0.0651
234 0.1874 0.0878 0.2314 0.1288 0.0062 0.3584
235 0.1063 0.0983 0.1956 0.0945 0.0061 0.4993
236 0.1823 0.1334 0.1647 0.1971 0.0076 0.3149
237 0.3101 0.1633 0.1954 0.1272 0.0085 0.1954
238 0.3906 0.1191 0.0628 0.2108 0.0090 0.2075
239 0.4180 0.0737 0.0749 0.3010 0.0089 0.1235
240 0.5498 0.1317 0.0580 0.1109 0.0104 0.1390
241 0.1299 0.0347 0.0387 0.3816 0.0090 0.4062
242 0.5068 0.1431 0.0578 0.1595 0.0075 0.1252
243 0.4001 0.1415 0.0628 0.2502 0.0070 0.1383
244 0.1947 0.0512 0.0360 0.5293 0.0085 0.1802
245 0.4209 0.0931 0.0583 0.2397 0.0192 0.1687
246 0.4211 0.1255 0.0552 0.1974 0.0156 0.1854
247 0.2627 0.0707 0.0292 0.3677 0.0172 0.2527
248 0.2661 0.1034 0.0500 0.1247 0.0240 0.4319
249 0.1316 0.0199 0.0280 0.6895 0.0093 0.1217
250 0.2820 0.0526 0.0275 0.4578 0.0119 0.1683
251 0.3083 0.1855 0.0912 0.2421 0.0236 0.1492
252 0.0844 0.0473 0.2991 0.2188 0.0064 0.3442
253 0.1407 0.0736 0.4075 0.1262 0.0049 0.2471
254 0.2573 0.1056 0.1525 0.3408 0.0164 0.1273
255 0.2240 0.2766 0.1744 0.2104 0.0136 0.1010
256 0.1915 0.1871 0.0566 0.3037 0.1813 0.0798
257 0.3445 0.1993 0.0567 0.1719 0.1602 0.0673
258 0.1737 0.1087 0.0582 0.3621 0.1510 0.1464
259 0.2869 0.1584 0.0909 0.2825 0.1398 0.0417
260 0.3008 0.1882 0.0875 0.2166 0.1399 0.0671
261 0.2954 0.1696 0.1005 0.2095 0.1683 0.0568
262 0.3950 0.2286 0.0565 0.2632 0.0332 0.0235
263 0.3362 0.2384 0.0357 0.2991 0.0389 0.0519
264 0.4438 0.1969 0.0522 0.2096 0.0397 0.0578
265 0.3655 0.1713 0.0587 0.2847 0.0510 0.0687
266 0.3503 0.2227 0.0442 0.2465 0.0493 0.0872
267 0.2045 0.1310 0.0442 0.4099 0.0619 0.1484
268 0.1913 0.1411 0.0607 0.4114 0.0544 0.1411
269 0.4736 0.1550 0.0767 0.1503 0.0458 0.0985
270 0.2075 0.1173 0.0604 0.3787 0.0396 0.1964
271 0.3848 0.1721 0.0653 0.2352 0.0262 0.1165
272 0.3650 0.3000 0.0867 0.1194 0.0260 0.1029
273 0.5459 0.2294 0.0608 0.0632 0.0210 0.0799
274 0.4934 0.1978 0.0733 0.1018 0.0381 0.0956
275 0.4441 0.2164 0.0909 0.0888 0.0275 0.1323
276 0.4434 0.2566 0.0922 0.1037 0.0324 0.0718
277 0.0950 0.1566 0.1146 0.5381 0.0264 0.0695
278 0.0817 0.4182 0.1855 0.2786 0.0130 0.0230
279 0.1488 0.0343 0.0976 0.2305 0.1536 0.3354
280 0.1500 0.0822 0.0875 0.1409 0.1055 0.4341
281 0.0590 0.0563 0.0425 0.2124 0.0525 0.5771
282 0.1432 0.0925 0.0561 0.2849 0.1700 0.2534
283 0.0978 0.1412 0.2478 0.3750 0.0165 0.1217
284 0.1202 0.0517 0.4067 0.3320 0.0290 0.0605
285 0.0439 0.0316 0.2412 0.4436 0.0094 0.2302
286 0.0507 0.1490 0.0963 0.6274 0.0051 0.0715
287 0.0117 0.0338 0.0078 0.9199 0.0072 0.0199
288 0.6504 0.1271 0.0777 0.0945 0.0183 0.0319
289 0.2935 0.1149 0.0938 0.3708 0.0271 0.0999
290 0.5029 0.1724 0.1038 0.1396 0.0364 0.0450
291 0.3286 0.1589 0.0549 0.3499 0.0459 0.0618
292 0.4451 0.0947 0.0721 0.2401 0.0245 0.1236
293 0.5596 0.1761 0.0740 0.1191 0.0358 0.0352
294 0.5859 0.2173 0.0448 0.0957 0.0278 0.0283
295 0.6226 0.1812 0.0424 0.0992 0.0269 0.0280
296 0.5703 0.1477 0.0543 0.1387 0.0417 0.0472
297 0.3677 0.0989 0.1166 0.2429 0.0670 0.1070
298 0.3313 0.1154 0.1035 0.1963 0.0415 0.2122
299 0.5215 0.2091 0.0806 0.0734 0.0537 0.0618
300 0.4414 0.1914 0.0612 0.1335 0.1188 0.0536
301 0.1810 0.3772 0.0903 0.2051 0.0917 0.0548
302 0.3694 0.1277 0.0589 0.1993 0.0617 0.1829
303 0.3801 0.0842 0.0703 0.2474 0.0282 0.1897
304 0.3174 0.2097 0.1547 0.1986 0.0228 0.0968
305 0.1951 0.4465 0.1174 0.1461 0.0099 0.0852
306 0.2462 0.3755 0.1470 0.1493 0.0231 0.0589
307 0.2886 0.3853 0.1594 0.1121 0.0233 0.0311
308 0.2397 0.2915 0.1366 0.2869 0.0120 0.0335
309 0.2433 0.3352 0.1006 0.2433 0.0345 0.0429
310 0.2668 0.1261 0.1175 0.3618 0.0644 0.0634
311 0.4231 0.2300 0.1722 0.0952 0.0634 0.0161
312 0.3962 0.3184 0.1010 0.1017 0.0733 0.0092
313 0.3564 0.2979 0.1632 0.1311 0.0397 0.0117
314 0.4111 0.2593 0.1782 0.0835 0.0447 0.0234
315 0.4656 0.1686 0.1293 0.1511 0.0574 0.0280
316 0.3867 0.2537 0.1379 0.1189 0.0774 0.0253
317 0.3357 0.1624 0.2085 0.1755 0.0641 0.0540
318 0.2522 0.1964 0.2225 0.1693 0.0872 0.0723
319 0.2739 0.3279 0.0889 0.1444 0.0732 0.0917
320 0.1086 0.0582 0.0915 0.4504 0.0649 0.2264
321 0.2255 0.2168 0.2020 0.1501 0.1245 0.0810
322 0.2368 0.1403 0.1145 0.2856 0.1019 0.1210
323 0.1417 0.2976 0.1764 0.2161 0.0753 0.0930
324 0.4724 0.1765 0.0703 0.1365 0.0808 0.0635
325 0.2115 0.1234 0.0535 0.3743 0.0645 0.1727
326 0.2256 0.1527 0.0580 0.4084 0.0641 0.0911
327 0.3496 0.1256 0.0562 0.3389 0.0768 0.0532
328 0.3530 0.0914 0.0336 0.2927 0.0585 0.1708
329 0.5278 0.1560 0.0436 0.1420 0.0626 0.0681
330 0.2603 0.0467 0.0344 0.5098 0.0336 0.1155
331 0.1621 0.1132 0.0506 0.5195 0.0223 0.1323
332 0.2080 0.1880 0.0471 0.3403 0.0952 0.1213
333 0.2827 0.1573 0.0630 0.3176 0.0469 0.1324
334 0.3938 0.2622 0.0878 0.1329 0.0599 0.0633
335 0.4143 0.1016 0.0414 0.1868 0.0749 0.1810
336 0.5044 0.0780 0.0287 0.2920 0.0193 0.0774
337 0.6499 0.1156 0.0334 0.1383 0.0240 0.0390
338 0.2864 0.0771 0.0397 0.4946 0.0135 0.0887
339 0.4751 0.2175 0.0301 0.2075 0.0233 0.0463
340 0.4001 0.0879 0.0409 0.3318 0.0201 0.1192
341 0.1118 0.1576 0.1348 0.1287 0.0181 0.4490
342 0.1118 0.1576 0.1348 0.1287 0.0181 0.4490
