time exciting_prob fearful_prob tense_prob sad_prob relaxing_prob neutral_prob
0 0.1136 0.1553 0.1349 0.1288 0.0181 0.4492
1 0.2759 0.0569 0.3828 0.2434 0.0298 0.0112
2 0.4297 0.0746 0.3911 0.0859 0.0140 0.0045
3 0.0351 0.3689 0.3745 0.1133 0.0985 0.0097
4 0.0471 0.3884 0.4133 0.0591 0.0820 0.0101
5 0.0411 0.3638 0.4253 0.0818 0.0775 0.0106
6 0.0686 0.2394 0.4990 0.1646 0.0047 0.0237
7 0.0486 0.2563 0.5098 0.1604 0.0021 0.0228
8 0.0923 0.2913 0.4656 0.1088 0.0078 0.0342
9 0.1278 0.3264 0.4031 0.0928 0.0049 0.0452
10 0.1401 0.4216 0.3132 0.0884 0.0023 0.0343
11 0.0868 0.2778 0.5190 0.0917 0.0034 0.0209
12 0.0476 0.1098 0.7505 0.0829 0.0052 0.0041
13 0.0387 0.1003 0.8018 0.0467 0.0052 0.0072
14 0.0452 0.0971 0.8262 0.0224 0.0050 0.0043
15 0.0548 0.1152 0.7876 0.0308 0.0065 0.0052
16 0.1212 0.0399 0.7656 0.0600 0.0116 0.0016
17 0.1436 0.0255 0.7402 0.0857 0.0041 0.0006
18 0.5518 0.1764 0.1632 0.0820 0.0164 0.0100
19 0.6035 0.1295 0.2169 0.0444 0.0043 0.0012
20 0.1064 0.2434 0.4995 0.0999 0.0109 0.0397
21 0.4109 0.0514 0.2983 0.2217 0.0138 0.0038
22 0.4248 0.1091 0.3779 0.0786 0.0068 0.0028
23 0.0620 0.0284 0.8755 0.0266 0.0025 0.0050
24 0.1433 0.0211 0.2515 0.5327 0.0124 0.0389
25 0.4153 0.0202 0.0762 0.4707 0.0136 0.0041
26 0.2495 0.1274 0.3203 0.2362 0.0626 0.0040
27 0.1881 0.2416 0.1768 0.3381 0.0430 0.0125
28 0.0674 0.2881 0.6006 0.0297 0.0096 0.0047
29 0.2085 0.3894 0.3130 0.0761 0.0033 0.0098
30 0.1155 0.1720 0.6802 0.0274 0.0027 0.0023
31 0.3152 0.3833 0.2494 0.0476 0.0040 0.0005
32 0.0831 0.0941 0.7065 0.0584 0.0143 0.0434
33 0.1952 0.1260 0.5557 0.0273 0.0807 0.0150
34 0.1451 0.0696 0.3025 0.2627 0.1644 0.0555
35 0.2913 0.3569 0.1866 0.0583 0.0983 0.0087
36 0.3225 0.2781 0.1941 0.0414 0.1584 0.0053
37 0.1362 0.2336 0.0826 0.4504 0.0311 0.0659
38 0.3662 0.0455 0.3550 0.0588 0.0082 0.1664
39 0.2028 0.5557 0.1405 0.0446 0.0299 0.0266
40 0.4326 0.1111 0.0973 0.2505 0.0734 0.0350
41 0.5615 0.2200 0.1007 0.0476 0.0535 0.0166
42 0.0157 0.0115 0.9692 0.0013 0.0006 0.0018
43 0.0151 0.0834 0.8975 0.0018 0.0003 0.0022
44 0.0201 0.5293 0.2462 0.1978 0.0041 0.0026
45 0.0118 0.5791 0.2781 0.1273 0.0026 0.0010
46 0.4077 0.2100 0.2416 0.0337 0.0984 0.0086
47 0.3491 0.2917 0.1478 0.0588 0.1326 0.0197
48 0.0616 0.1700 0.7500 0.0154 0.0010 0.0019
49 0.0314 0.0340 0.7676 0.0815 0.0042 0.0815
50 0.0188 0.0565 0.8574 0.0593 0.0047 0.0031
51 0.0356 0.1184 0.2649 0.5435 0.0128 0.0252
52 0.2048 0.0828 0.6929 0.0154 0.0013 0.0027
53 0.1445 0.0750 0.7515 0.0263 0.0019 0.0010
54 0.5332 0.1842 0.1296 0.0323 0.1109 0.0098
55 0.5264 0.1240 0.1300 0.0740 0.1240 0.0217
56 0.7036 0.1071 0.0847 0.0312 0.0634 0.0100
57 0.1807 0.1821 0.4912 0.0601 0.0056 0.0802
58 0.0956 0.0818 0.6138 0.1677 0.0101 0.0310
59 0.5508 0.1846 0.0558 0.1119 0.0806 0.0160
60 0.5063 0.1863 0.0922 0.1631 0.0422 0.0098
61 0.3672 0.3423 0.1438 0.0668 0.0679 0.0122
62 0.2966 0.3496 0.2681 0.0411 0.0421 0.0027
63 0.0955 0.2219 0.5757 0.0190 0.0037 0.0842
64 0.0977 0.0458 0.7163 0.0570 0.0171 0.0661
65 0.4167 0.3508 0.1364 0.0339 0.0560 0.0060
66 0.6182 0.1743 0.0693 0.0417 0.0667 0.0298
67 0.7197 0.1395 0.0551 0.0356 0.0391 0.0108
68 0.5381 0.1110 0.0477 0.2295 0.0648 0.0090
69 0.3738 0.3623 0.1738 0.0249 0.0635 0.0016
70 0.4744 0.3286 0.0739 0.0470 0.0739 0.0025
71 0.3000 0.3218 0.2355 0.0586 0.0747 0.0093
72 0.4355 0.3582 0.1101 0.0706 0.0174 0.0082
73 0.1185 0.2249 0.4761 0.0587 0.0373 0.0847
74 0.0832 0.1542 0.6440 0.0609 0.0035 0.0541
75 0.1669 0.1617 0.5474 0.0853 0.0252 0.0135
76 0.3257 0.3206 0.2421 0.0955 0.0080 0.0080
77 0.4019 0.2634 0.1294 0.1389 0.0631 0.0032
78 0.0365 0.1179 0.4592 0.1716 0.0044 0.2102
79 0.1147 0.1320 0.5059 0.1804 0.0057 0.0614
80 0.0612 0.4971 0.1504 0.1744 0.0927 0.0242
81 0.3337 0.3088 0.2258 0.0878 0.0386 0.0051
82 0.2737 0.5112 0.0923 0.0457 0.0760 0.0012
83 0.5244 0.0667 0.0511 0.3335 0.0048 0.0196
84 0.0957 0.2661 0.5815 0.0100 0.0405 0.0061
85 0.2178 0.0713 0.5103 0.1300 0.0324 0.0381
86 0.1768 0.2323 0.2115 0.3252 0.0300 0.0243
87 0.1021 0.1375 0.5693 0.0724 0.0284 0.0901
88 0.4233 0.2394 0.1924 0.0555 0.0742 0.0152
89 0.0091 0.5874 0.2448 0.1581 0.0004 0.0005
90 0.1758 0.2766 0.3779 0.1576 0.0084 0.0038
91 0.0051 0.1890 0.4604 0.3420 0.0005 0.0029
92 0.1447 0.2832 0.5127 0.0411 0.0135 0.0045
93 0.2856 0.3582 0.2856 0.0445 0.0193 0.0069
94 0.6138 0.0174 0.3335 0.0305 0.0038 0.0011
95 0.4192 0.1875 0.2771 0.0900 0.0076 0.0186
96 0.2473 0.2632 0.4583 0.0143 0.0148 0.0020
97 0.3982 0.3149 0.1039 0.0991 0.0809 0.0030
98 0.6733 0.1599 0.0811 0.0259 0.0548 0.0051
99 0.3721 0.2421 0.1117 0.1237 0.0817 0.0688
100 0.0555 0.0564 0.8032 0.0707 0.0116 0.0025
101 0.0050 0.0720 0.9185 0.0042 0.0005 0.0000
102 0.0330 0.0627 0.8926 0.0080 0.0036 0.0001
103 0.0182 0.0322 0.9341 0.0115 0.0015 0.0025
104 0.5449 0.1755 0.1284 0.0715 0.0693 0.0105
105 0.5635 0.1995 0.1307 0.0537 0.0463 0.0062
106 0.2169 0.1379 0.5044 0.1074 0.0215 0.0118
107 0.1693 0.2388 0.3367 0.2368 0.0095 0.0090
108 0.2008 0.2744 0.4456 0.0684 0.0078 0.0030
109 0.2416 0.2183 0.4844 0.0479 0.0061 0.0018
110 0.6167 0.2098 0.0385 0.0353 0.0983 0.0015
111 0.5215 0.2600 0.0818 0.0235 0.1127 0.0006
112 0.0786 0.0956 0.7881 0.0127 0.0102 0.0149
113 0.0199 0.0671 0.8984 0.0106 0.0015 0.0024
114 0.0976 0.0984 0.5278 0.1838 0.0611 0.0314
115 0.3008 0.0754 0.5708 0.0437 0.0046 0.0047
116 0.2242 0.3997 0.2520 0.0372 0.0806 0.0063
117 0.3528 0.1666 0.2107 0.1787 0.0763 0.0149
118 0.4839 0.2866 0.0983 0.0687 0.0606 0.0018
119 0.4338 0.2512 0.0475 0.1302 0.1196 0.0175
120 0.4934 0.0949 0.0318 0.2969 0.0762 0.0068
121 0.6514 0.2233 0.0522 0.0182 0.0547 0.0005
122 0.4392 0.1318 0.2389 0.1542 0.0037 0.0321
123 0.0473 0.0612 0.5049 0.3525 0.0157 0.0181
124 0.1393 0.1761 0.5776 0.0893 0.0063 0.0114
125 0.4031 0.4031 0.1068 0.0318 0.0529 0.0027
126 0.5942 0.3013 0.0444 0.0098 0.0496 0.0007
127 0.5322 0.3081 0.0611 0.0385 0.0574 0.0026
128 0.2957 0.2233 0.3457 0.0731 0.0083 0.0539
129 0.0320 0.1600 0.7876 0.0149 0.0022 0.0031
130 0.2087 0.0371 0.5415 0.1306 0.0401 0.0421
131 0.1542 0.1519 0.5552 0.0648 0.0633 0.0106
132 0.2812 0.1471 0.5298 0.0318 0.0057 0.0044
133 0.4983 0.2194 0.0735 0.0795 0.1260 0.0036
134 0.4543 0.3623 0.0364 0.0370 0.1079 0.0019
135 0.2048 0.5483 0.1476 0.0518 0.0224 0.0252
136 0.4045 0.4175 0.0835 0.0245 0.0682 0.0018
137 0.5454 0.2678 0.1143 0.0203 0.0519 0.0004
138 0.2007 0.4351 0.1562 0.0933 0.0632 0.0515
139 0.1826 0.4888 0.1841 0.0672 0.0368 0.0407
140 0.3425 0.3398 0.2410 0.0521 0.0237 0.0011
141 0.3203 0.2494 0.2307 0.1661 0.0243 0.0092
142 0.1998 0.4470 0.3096 0.0264 0.0165 0.0007
143 0.5425 0.1249 0.1438 0.0921 0.0839 0.0126
144 0.3127 0.1675 0.2035 0.1989 0.0969 0.0205
145 0.3455 0.2546 0.2776 0.0509 0.0614 0.0100
146 0.2212 0.4646 0.2908 0.0128 0.0069 0.0039
147 0.6543 0.1591 0.1249 0.0212 0.0308 0.0097
148 0.4226 0.1138 0.3848 0.0712 0.0061 0.0015
149 0.2952 0.1592 0.4644 0.0707 0.0091 0.0016
150 0.0154 0.0630 0.9043 0.0146 0.0011 0.0017
151 0.0309 0.1028 0.8213 0.0425 0.0022 0.0005
152 0.0377 0.1826 0.3154 0.3464 0.0327 0.0849
153 0.1016 0.0327 0.0184 0.0065 0.8379 0.0031
154 0.1903 0.0781 0.2368 0.0262 0.4636 0.0051
155 0.1638 0.0157 0.7573 0.0480 0.0020 0.0131
156 0.3289 0.2482 0.3088 0.0723 0.0384 0.0034
157 0.3223 0.1376 0.3247 0.0230 0.1808 0.0117
158 0.1858 0.0473 0.0934 0.0119 0.6587 0.0028
159 0.0324 0.0910 0.4275 0.4409 0.0044 0.0037
160 0.0197 0.0441 0.8799 0.0489 0.0012 0.0064
161 0.3376 0.1418 0.2866 0.1895 0.0342 0.0100
162 0.0533 0.2727 0.3088 0.3137 0.0477 0.0038
163 0.2285 0.4543 0.1725 0.0902 0.0522 0.0022
164 0.2188 0.0926 0.5947 0.0389 0.0011 0.0540
165 0.1735 0.6699 0.0839 0.0439 0.0276 0.0012
166 0.4170 0.3274 0.0847 0.0539 0.1140 0.0031
167 0.1151 0.1169 0.0804 0.5117 0.0095 0.1661
168 0.0756 0.0948 0.2479 0.5249 0.0173 0.0395
169 0.5254 0.1963 0.0864 0.0492 0.1277 0.0151
170 0.4580 0.1880 0.2163 0.0923 0.0203 0.0250
171 0.3870 0.1180 0.3550 0.0524 0.0850 0.0026
172 0.2805 0.3357 0.3254 0.0385 0.0179 0.0021
173 0.6650 0.1543 0.0974 0.0260 0.0550 0.0020
174 0.5171 0.2856 0.0972 0.0428 0.0545 0.0025
175 0.4438 0.3887 0.0634 0.0252 0.0777 0.0013
176 0.1725 0.4404 0.3149 0.0319 0.0327 0.0076
177 0.3450 0.2245 0.3345 0.0288 0.0604 0.0069
178 0.3376 0.4336 0.1895 0.0243 0.0140 0.0010
179 0.5132 0.1888 0.1003 0.1482 0.0463 0.0029
180 0.1737 0.5269 0.1805 0.1013 0.0102 0.0076
181 0.2593 0.3628 0.2343 0.0704 0.0651 0.0080
182 0.3186 0.1359 0.3286 0.1772 0.0366 0.0031
183 0.3491 0.2698 0.2534 0.1000 0.0265 0.0013
184 0.2908 0.2732 0.2795 0.0358 0.1053 0.0154
185 0.2344 0.2006 0.3438 0.1884 0.0312 0.0017
186 0.3093 0.4717 0.1230 0.0685 0.0254 0.0020
187 0.2917 0.2634 0.3894 0.0236 0.0280 0.0040
188 0.4404 0.2250 0.0771 0.0620 0.1940 0.0016
189 0.1833 0.3372 0.1907 0.2546 0.0106 0.0235
190 0.2273 0.3306 0.2400 0.1032 0.0962 0.0027
191 0.2139 0.4529 0.2073 0.0864 0.0378 0.0018
192 0.2096 0.0714 0.3708 0.0930 0.0100 0.2451
193 0.4167 0.2607 0.0916 0.1332 0.0937 0.0042
194 0.2722 0.4219 0.1718 0.0824 0.0496 0.0021
195 0.2712 0.3171 0.2097 0.1499 0.0494 0.0025
196 0.4036 0.2666 0.1394 0.1165 0.0685 0.0053
197 0.0530 0.0439 0.5610 0.2412 0.0108 0.0901
198 0.1666 0.0474 0.6143 0.1403 0.0292 0.0022
199 0.6865 0.1820 0.0542 0.0190 0.0559 0.0022
200 0.4119 0.3994 0.0532 0.0310 0.1025 0.0020
201 0.4727 0.3738 0.0426 0.0152 0.0953 0.0004
202 0.3735 0.4539 0.0439 0.0307 0.0974 0.0006
203 0.3816 0.3584 0.0341 0.0331 0.1919 0.0010
204 0.3174 0.5273 0.0324 0.0145 0.1080 0.0004
205 0.3413 0.3308 0.1870 0.0431 0.0829 0.0150
206 0.5049 0.1932 0.1978 0.0289 0.0642 0.0109
207 0.2869 0.3772 0.1388 0.0310 0.1572 0.0090
208 0.4417 0.4280 0.0641 0.0211 0.0414 0.0036
209 0.6055 0.2688 0.0323 0.0643 0.0262 0.0029
210 0.2649 0.4104 0.1157 0.0596 0.1261 0.0233
211 0.3845 0.3115 0.2174 0.0266 0.0576 0.0025
