time exciting_prob fearful_prob tense_prob sad_prob relaxing_prob neutral_prob
0 0.0643 0.0825 0.1720 0.4675 0.0126 0.2010
1 0.1355 0.1080 0.1262 0.3052 0.0578 0.2673
2 0.1583 0.0784 0.0771 0.1970 0.2551 0.2340
3 0.2200 0.1334 0.0869 0.3801 0.0261 0.1536
4 0.0297 0.0707 0.1185 0.2163 0.4724 0.0923
5 0.2769 0.3843 0.2123 0.0438 0.0244 0.0585
6 0.0745 0.1119 0.2107 0.3845 0.0093 0.2091
7 0.1411 0.1770 0.0621 0.4700 0.0142 0.1357
8 0.0536 0.1758 0.0562 0.2294 0.0289 0.4561
9 0.1219 0.2683 0.1448 0.1873 0.0906 0.1873
10 0.3872 0.1042 0.2207 0.1815 0.0257 0.0806
11 0.1981 0.2192 0.4463 0.0717 0.0156 0.0489
12 0.0356 0.2756 0.2715 0.2737 0.1252 0.0183
13 0.1681 0.4392 0.0872 0.1426 0.0418 0.1210
14 0.2145 0.4871 0.1176 0.1301 0.0367 0.0140
15 0.0847 0.2145 0.2932 0.1406 0.2079 0.0591
16 0.1713 0.4109 0.2083 0.1809 0.0102 0.0183
17 0.0934 0.4390 0.3113 0.1219 0.0328 0.0017
18 0.2261 0.3728 0.2859 0.0648 0.0165 0.0341
19 0.1273 0.2380 0.3745 0.1225 0.0385 0.0992
20 0.0986 0.4812 0.3577 0.0296 0.0238 0.0091
21 0.1564 0.3259 0.3337 0.1017 0.0107 0.0716
22 0.2371 0.2883 0.2625 0.0907 0.0131 0.1085
23 0.1387 0.0803 0.2434 0.4270 0.0211 0.0895
24 0.1669 0.0936 0.2245 0.4329 0.0127 0.0696
25 0.3228 0.2020 0.2167 0.1825 0.0255 0.0507
26 0.3542 0.3201 0.2235 0.0556 0.0164 0.0300
27 0.1573 0.2871 0.3894 0.1099 0.0128 0.0434
28 0.1469 0.2810 0.4250 0.0657 0.0369 0.0445
29 0.1804 0.2883 0.3643 0.0826 0.0355 0.0489
30 0.0847 0.3511 0.2610 0.1780 0.0468 0.0784
31 0.0228 0.3372 0.2751 0.2428 0.0076 0.1147
32 0.3650 0.1765 0.1558 0.2412 0.0564 0.0053
33 0.1954 0.1725 0.2693 0.2913 0.0547 0.0168
34 0.0410 0.2961 0.3745 0.0816 0.0507 0.1561
35 0.0783 0.1223 0.5107 0.1606 0.0735 0.0547
36 0.0630 0.1263 0.3545 0.2474 0.0097 0.1989
37 0.2261 0.2026 0.3088 0.1248 0.0138 0.1238
38 0.1548 0.2361 0.3328 0.0531 0.0213 0.2019
39 0.1837 0.3076 0.2034 0.0809 0.0305 0.1940
40 0.1471 0.4565 0.2173 0.0418 0.0355 0.1019
41 0.1113 0.4763 0.1385 0.0277 0.0461 0.2001
42 0.1357 0.3662 0.2478 0.0386 0.0374 0.1743
43 0.1093 0.2443 0.3113 0.0831 0.0496 0.2025
44 0.1090 0.2380 0.2253 0.0503 0.0255 0.3518
45 0.0790 0.2133 0.5034 0.0556 0.0869 0.0616
46 0.0605 0.0591 0.3269 0.0908 0.0299 0.4329
47 0.0562 0.2330 0.4709 0.0477 0.0369 0.1553
48 0.1090 0.4448 0.2917 0.0495 0.0798 0.0253
49 0.0776 0.2427 0.2974 0.0250 0.0309 0.3267
50 0.1062 0.1079 0.3767 0.0834 0.1451 0.1807
51 0.1190 0.4282 0.2087 0.0524 0.1704 0.0213
52 0.0583 0.1910 0.5527 0.0560 0.0569 0.0848
53 0.1270 0.2059 0.4641 0.0701 0.1220 0.0108
54 0.1053 0.3564 0.2450 0.0453 0.0400 0.2079
55 0.0474 0.2041 0.6191 0.0637 0.0289 0.0369
56 0.0816 0.3328 0.3572 0.0310 0.0427 0.1548
57 0.1232 0.1440 0.2196 0.0436 0.4199 0.0498
58 0.1060 0.5298 0.1329 0.0613 0.0489 0.1210
59 0.1187 0.3923 0.1958 0.0354 0.0343 0.2235
60 0.0926 0.2556 0.2808 0.0523 0.0200 0.2988
61 0.1180 0.3208 0.1689 0.0786 0.0263 0.2874
62 0.1995 0.1934 0.2502 0.1437 0.0425 0.1707
63 0.0822 0.4043 0.2610 0.0822 0.0237 0.1465
64 0.1220 0.1681 0.1192 0.1094 0.0685 0.4128
65 0.3250 0.0854 0.1006 0.1659 0.0660 0.2571
66 0.4844 0.1674 0.1263 0.1064 0.0499 0.0656
67 0.1174 0.3452 0.2646 0.1174 0.0342 0.1212
68 0.2120 0.2479 0.2188 0.1135 0.0792 0.1287
69 0.0643 0.1060 0.3999 0.0623 0.2925 0.0751
70 0.2063 0.4133 0.2668 0.0460 0.0596 0.0078
71 0.0576 0.2140 0.2664 0.3315 0.0740 0.0567
72 0.1371 0.1628 0.2407 0.2815 0.0643 0.1137
73 0.2742 0.2576 0.1974 0.1501 0.0269 0.0940
74 0.2106 0.1614 0.2559 0.2155 0.0338 0.1228
75 0.1189 0.2188 0.3284 0.2346 0.0427 0.0566
76 0.1812 0.2418 0.3254 0.1501 0.0458 0.0557
77 0.0699 0.2744 0.3635 0.1902 0.0424 0.0594
78 0.0811 0.1357 0.3779 0.2103 0.1458 0.0492
79 0.1191 0.1163 0.5171 0.1802 0.0366 0.0308
80 0.0892 0.3315 0.2542 0.2426 0.0500 0.0326
81 0.1959 0.1913 0.3154 0.2085 0.0484 0.0404
82 0.2260 0.2074 0.2600 0.2295 0.0613 0.0157
83 0.0559 0.0559 0.1342 0.3533 0.3267 0.0740
84 0.0475 0.0707 0.7852 0.0450 0.0091 0.0426
85 0.0811 0.0641 0.2328 0.2039 0.1503 0.2678
86 0.2164 0.0708 0.1195 0.1105 0.3799 0.1030
87 0.2754 0.1140 0.1558 0.0997 0.2932 0.0620
88 0.2006 0.1422 0.1663 0.2783 0.1514 0.0612
89 0.1370 0.0608 0.1458 0.2153 0.0805 0.3606
90 0.0780 0.1295 0.2617 0.0437 0.0203 0.4666
91 0.1674 0.2018 0.2571 0.1971 0.0841 0.0924
92 0.3157 0.0817 0.1716 0.1575 0.2576 0.0158
93 0.2291 0.2401 0.2457 0.1265 0.1422 0.0163
94 0.2277 0.3337 0.3262 0.0194 0.0818 0.0112
95 0.0627 0.1960 0.2898 0.0320 0.0414 0.3779
96 0.1533 0.1475 0.1879 0.1451 0.0494 0.3169
97 0.0512 0.0155 0.1603 0.2561 0.2444 0.2727
98 0.0783 0.0526 0.1969 0.2063 0.3003 0.1658
99 0.0875 0.4209 0.2474 0.0291 0.0731 0.1421
100 0.0657 0.3994 0.3159 0.0500 0.0411 0.1277
101 0.0831 0.3965 0.1482 0.0793 0.1802 0.1127
102 0.2444 0.3091 0.1693 0.0781 0.1019 0.0972
103 0.1111 0.6494 0.1495 0.0138 0.0718 0.0042
104 0.0712 0.2837 0.2859 0.1415 0.0470 0.1707
105 0.1815 0.1963 0.1705 0.1228 0.2189 0.1100
106 0.0922 0.1406 0.0385 0.2178 0.0944 0.4165
107 0.1107 0.2325 0.2325 0.0671 0.2849 0.0720
108 0.0785 0.1315 0.1742 0.0849 0.4309 0.1000
109 0.0930 0.0460 0.2566 0.1509 0.0859 0.3677
110 0.4678 0.0800 0.1708 0.1566 0.0585 0.0663
111 0.2722 0.2966 0.2104 0.1190 0.0344 0.0673
112 0.4287 0.2502 0.0700 0.1238 0.0599 0.0673
113 0.0883 0.0657 0.0843 0.1676 0.0856 0.5083
114 0.1771 0.0970 0.0617 0.0632 0.5166 0.0844
115 0.0505 0.2505 0.2666 0.3589 0.0248 0.0486
116 0.1824 0.0910 0.1973 0.1224 0.0917 0.3152
117 0.2312 0.3015 0.1614 0.0459 0.1614 0.0986
118 0.1887 0.1746 0.1092 0.2106 0.3015 0.0155
119 0.2717 0.2288 0.1584 0.1294 0.1500 0.0616
120 0.0537 0.3730 0.0723 0.4500 0.0250 0.0260
121 0.0437 0.3152 0.2068 0.0646 0.3408 0.0289
122 0.1465 0.1177 0.3054 0.3406 0.0611 0.0286
123 0.0923 0.1343 0.3027 0.1570 0.1301 0.1836
124 0.0962 0.3254 0.2272 0.2036 0.1356 0.0120
125 0.1766 0.1038 0.0991 0.4106 0.1823 0.0277
126 0.1392 0.1481 0.2089 0.0598 0.3723 0.0717
127 0.2495 0.0636 0.1206 0.1324 0.1958 0.2380
128 0.3464 0.1107 0.0869 0.2101 0.0732 0.1729
129 0.2515 0.1367 0.2761 0.2185 0.0829 0.0340
130 0.1654 0.3264 0.2793 0.0618 0.0604 0.1068
131 0.3398 0.1982 0.2905 0.0866 0.0546 0.0302
132 0.2996 0.1309 0.3237 0.1238 0.0851 0.0369
133 0.2417 0.2361 0.3079 0.1234 0.0754 0.0154
134 0.1471 0.0585 0.4189 0.2388 0.0825 0.0541
135 0.0555 0.2375 0.2610 0.2129 0.0267 0.2064
136 0.0251 0.4814 0.0978 0.2786 0.0162 0.1009
137 0.1215 0.1355 0.3149 0.1941 0.2234 0.0107
138 0.1759 0.1026 0.4219 0.2155 0.0383 0.0459
139 0.0988 0.1394 0.4226 0.1935 0.1310 0.0146
140 0.1826 0.2202 0.1152 0.0940 0.3689 0.0192
141 0.2668 0.1194 0.3508 0.0654 0.1893 0.0081
142 0.1121 0.0959 0.1213 0.0989 0.4504 0.1213
143 0.1877 0.0619 0.1907 0.0747 0.4795 0.0054
144 0.1144 0.1285 0.3308 0.1276 0.2498 0.0488
145 0.1035 0.3418 0.2878 0.1200 0.1339 0.0128
146 0.1875 0.1329 0.3970 0.2028 0.0701 0.0097
147 0.1754 0.2961 0.2739 0.0503 0.1912 0.0132
148 0.2639 0.1118 0.1246 0.3579 0.0377 0.1041
149 0.1881 0.1986 0.1837 0.2651 0.0630 0.1014
150 0.1935 0.1906 0.4128 0.1630 0.0149 0.0252
151 0.2462 0.1774 0.3555 0.1692 0.0251 0.0268
152 0.2788 0.1144 0.3210 0.2089 0.0174 0.0594
153 0.1819 0.1670 0.2229 0.2195 0.0432 0.1656
154 0.2595 0.2852 0.2327 0.1226 0.0333 0.0667
155 0.2469 0.2112 0.3147 0.1353 0.0233 0.0686
156 0.3679 0.1880 0.2888 0.0975 0.0193 0.0385
157 0.1586 0.1160 0.3806 0.1688 0.0552 0.1207
158 0.2322 0.1595 0.2590 0.2590 0.0397 0.0506
159 0.1545 0.1620 0.2284 0.3247 0.0555 0.0748
160 0.2170 0.2257 0.1108 0.2876 0.0657 0.0933
161 0.0725 0.2268 0.3430 0.2693 0.0309 0.0573
162 0.1863 0.1053 0.2079 0.4231 0.0199 0.0573
163 0.2507 0.1140 0.2932 0.2910 0.0164 0.0348
164 0.2128 0.2776 0.3618 0.0747 0.0189 0.0542
165 0.1171 0.3721 0.2637 0.1357 0.0876 0.0238
166 0.1481 0.1976 0.2479 0.1058 0.2537 0.0469
167 0.0447 0.4773 0.3438 0.0677 0.0476 0.0191
168 0.2247 0.1670 0.2627 0.0413 0.2842 0.0201
169 0.0735 0.1332 0.1462 0.5269 0.0513 0.0691
170 0.0357 0.4277 0.4211 0.0823 0.0228 0.0103
171 0.0325 0.2136 0.2576 0.2383 0.0863 0.1716
172 0.0266 0.5776 0.1964 0.1438 0.0287 0.0270
173 0.1144 0.2137 0.2384 0.0657 0.3416 0.0263
174 0.0285 0.1979 0.4060 0.3262 0.0058 0.0355
175 0.0466 0.5049 0.2422 0.1423 0.0520 0.0122
176 0.3228 0.1573 0.2020 0.2117 0.0715 0.0348
177 0.1660 0.1548 0.2673 0.1941 0.1106 0.1072
178 0.1273 0.1488 0.1536 0.1971 0.1823 0.1910
179 0.2379 0.2052 0.3303 0.1235 0.0583 0.0447
180 0.2441 0.1746 0.3994 0.1050 0.0477 0.0292
181 0.0779 0.1573 0.2052 0.1377 0.3833 0.0385
182 0.1009 0.1703 0.4629 0.2220 0.0338 0.0102
183 0.1776 0.1531 0.3425 0.1936 0.0493 0.0839
184 0.0762 0.0377 0.2539 0.5127 0.0396 0.0799
185 0.1209 0.1615 0.1287 0.2520 0.2207 0.1163
186 0.0576 0.1278 0.5552 0.0695 0.1494 0.0402
187 0.1848 0.1644 0.3823 0.1892 0.0358 0.0435
188 0.1289 0.1129 0.3672 0.2427 0.0215 0.1268
189 0.1166 0.0966 0.4197 0.2930 0.0450 0.0290
190 0.1097 0.2050 0.2083 0.1926 0.0410 0.2434
191 0.1971 0.1925 0.2251 0.2098 0.0461 0.1293
192 0.0697 0.1105 0.6411 0.1195 0.0239 0.0353
193 0.0717 0.1111 0.3877 0.2244 0.1404 0.0648
194 0.2710 0.1222 0.2430 0.2449 0.0735 0.0453
195 0.2695 0.1584 0.2341 0.2593 0.0656 0.0131
196 0.0698 0.2512 0.4409 0.1224 0.0531 0.0626
197 0.0294 0.3616 0.2028 0.2859 0.0746 0.0456
198 0.0756 0.0818 0.1539 0.0688 0.6089 0.0109
199 0.0183 0.2091 0.1788 0.0734 0.5098 0.0107
200 0.0715 0.0584 0.1613 0.5205 0.1827 0.0054
201 0.0836 0.3604 0.2220 0.0616 0.1991 0.0732
202 0.1891 0.2076 0.2751 0.0873 0.2109 0.0299
203 0.0245 0.4382 0.4182 0.0584 0.0354 0.0253
204 0.0604 0.4565 0.2091 0.0812 0.1506 0.0421
205 0.0479 0.2319 0.1835 0.0193 0.5146 0.0027
206 0.0256 0.0596 0.2527 0.0295 0.6255 0.0068
207 0.1157 0.1658 0.4299 0.0422 0.2412 0.0052
208 0.1054 0.0916 0.3855 0.0759 0.3196 0.0221
209 0.0901 0.1232 0.5972 0.0121 0.1738 0.0034
210 0.1655 0.1846 0.3560 0.0965 0.1875 0.0100
211 0.2284 0.1006 0.1985 0.3538 0.1071 0.0118
212 0.0306 0.1980 0.2622 0.0576 0.0193 0.4324
213 0.0928 0.0516 0.2542 0.1003 0.4824 0.0186
214 0.1307 0.1371 0.3611 0.0341 0.3313 0.0056
215 0.0112 0.3884 0.2469 0.1475 0.0224 0.1835
216 0.0965 0.1831 0.3264 0.0435 0.2314 0.1191
217 0.2095 0.2646 0.1486 0.0165 0.3562 0.0045
218 0.2030 0.1473 0.2355 0.1450 0.2429 0.0262
219 0.1848 0.2864 0.3047 0.0494 0.1683 0.0063
220 0.0797 0.1304 0.5488 0.0992 0.0791 0.0626
221 0.1921 0.2144 0.2864 0.1937 0.0795 0.0339
222 0.1241 0.2393 0.1175 0.0765 0.2145 0.2283
223 0.0645 0.1752 0.3323 0.1301 0.1282 0.1698
224 0.1749 0.0568 0.2710 0.2263 0.0729 0.1982
225 0.2073 0.1349 0.3040 0.0325 0.1917 0.1298
226 0.1892 0.3242 0.2111 0.0297 0.0801 0.1656
227 0.0470 0.3557 0.2769 0.0418 0.0224 0.2561
228 0.1888 0.0812 0.2242 0.1128 0.1615 0.2313
229 0.2515 0.1869 0.1610 0.2615 0.0377 0.1016
230 0.1882 0.0903 0.3054 0.2532 0.0522 0.1106
231 0.2446 0.2059 0.1460 0.1211 0.0339 0.2484
232 0.3467 0.2169 0.3132 0.0519 0.0151 0.0562
233 0.2783 0.2380 0.3411 0.0720 0.0114 0.0593
234 0.3269 0.2668 0.2773 0.0685 0.0132 0.0471
235 0.3535 0.1879 0.3401 0.0634 0.0169 0.0381
