time exciting_prob fearful_prob tense_prob sad_prob relaxing_prob neutral_prob
0 0.1112 0.1342 0.0839 0.2109 0.0268 0.4329
1 0.1112 0.1342 0.0839 0.2109 0.0268 0.4329
2 0.1112 0.1342 0.0839 0.2109 0.0268 0.4329
3 0.3237 0.0818 0.3611 0.1459 0.0504 0.0372
4 0.3359 0.1188 0.3206 0.1562 0.0287 0.0398
5 0.2991 0.0603 0.2294 0.3135 0.0673 0.0305
6 0.3901 0.1719 0.2423 0.1338 0.0421 0.0197
7 0.0280 0.2632 0.2358 0.3711 0.0960 0.0060
8 0.0853 0.0262 0.0032 0.0723 0.8091 0.0041
9 0.0804 0.0251 0.0050 0.0687 0.8115 0.0091
10 0.3496 0.4421 0.1100 0.0270 0.0694 0.0019
11 0.3198 0.4441 0.1262 0.0547 0.0498 0.0055
12 0.0592 0.1168 0.1283 0.2512 0.4272 0.0171
13 0.0480 0.2003 0.1560 0.3303 0.2271 0.0382
14 0.5376 0.2190 0.0306 0.0485 0.1318 0.0323
15 0.0921 0.1803 0.3215 0.2141 0.1860 0.0058
16 0.1321 0.2319 0.3220 0.1342 0.1724 0.0075
17 0.1892 0.2046 0.3943 0.1251 0.0747 0.0121
18 0.0452 0.0363 0.0076 0.1530 0.7529 0.0051
19 0.0893 0.1102 0.0202 0.0776 0.6968 0.0058
20 0.0279 0.1093 0.1060 0.0545 0.7017 0.0005
21 0.0495 0.0772 0.0731 0.1377 0.6621 0.0005
22 0.0577 0.0770 0.0542 0.1805 0.6299 0.0005
23 0.6343 0.1405 0.0679 0.0826 0.0521 0.0226
24 0.5518 0.0718 0.0789 0.1021 0.1670 0.0286
25 0.2908 0.1193 0.0158 0.1532 0.3425 0.0782
26 0.4246 0.3279 0.0792 0.0325 0.1090 0.0269
27 0.1293 0.1243 0.0291 0.0953 0.6216 0.0008
28 0.1283 0.1809 0.0611 0.0450 0.5840 0.0006
29 0.0747 0.1683 0.0471 0.0814 0.6255 0.0028
30 0.0445 0.0262 0.0299 0.0459 0.8530 0.0004
31 0.0322 0.0320 0.0181 0.0404 0.8770 0.0002
32 0.0993 0.1116 0.1637 0.6177 0.0042 0.0033
33 0.2849 0.2185 0.3130 0.1573 0.0195 0.0066
34 0.0878 0.1238 0.0800 0.1163 0.5815 0.0107
35 0.2065 0.0848 0.2610 0.3799 0.0157 0.0522
36 0.4009 0.1030 0.2146 0.2469 0.0260 0.0086
37 0.5044 0.1091 0.0843 0.1798 0.0683 0.0540
38 0.1078 0.1862 0.1696 0.3645 0.1569 0.0150
39 0.4600 0.3638 0.1075 0.0294 0.0197 0.0197
40 0.0820 0.1211 0.4033 0.2688 0.1230 0.0018
41 0.0892 0.1119 0.3640 0.3418 0.0906 0.0026
42 0.1349 0.1746 0.0711 0.4746 0.1248 0.0202
43 0.1456 0.3721 0.3132 0.1100 0.0570 0.0020
44 0.1610 0.3745 0.3057 0.1107 0.0469 0.0012
45 0.1597 0.4407 0.2590 0.0875 0.0526 0.0005
46 0.3201 0.2612 0.0286 0.0682 0.3201 0.0017
47 0.1119 0.3262 0.1309 0.2313 0.1979 0.0018
48 0.1171 0.0512 0.2598 0.3337 0.0831 0.1552
49 0.0995 0.1589 0.3113 0.2971 0.0558 0.0775
50 0.0729 0.0908 0.1384 0.5825 0.0866 0.0286
51 0.2181 0.0353 0.2018 0.3274 0.0720 0.1453
52 0.3601 0.1755 0.2893 0.1008 0.0454 0.0289
53 0.0674 0.1921 0.4067 0.2126 0.1094 0.0118
54 0.0566 0.1730 0.6279 0.1049 0.0245 0.0129
55 0.3406 0.1823 0.2551 0.1740 0.0176 0.0307
56 0.2698 0.4114 0.0216 0.1898 0.0969 0.0105
57 0.1516 0.2744 0.5127 0.0431 0.0008 0.0171
58 0.2805 0.2053 0.4019 0.0869 0.0035 0.0216
59 0.2491 0.1123 0.0815 0.1559 0.3950 0.0059
60 0.0922 0.0729 0.1876 0.4036 0.2263 0.0173
61 0.1118 0.1541 0.2240 0.3416 0.1458 0.0227
62 0.1550 0.5581 0.0704 0.1650 0.0507 0.0007
63 0.0858 0.1248 0.3340 0.2603 0.1707 0.0246
64 0.1166 0.1061 0.3000 0.3245 0.1406 0.0122
65 0.1582 0.2690 0.3855 0.1332 0.0443 0.0097
66 0.6582 0.1390 0.0715 0.0948 0.0218 0.0148
67 0.7075 0.0470 0.0415 0.1210 0.0474 0.0355
68 0.4585 0.4241 0.0312 0.0200 0.0606 0.0054
69 0.5879 0.2734 0.0665 0.0256 0.0350 0.0113
70 0.1142 0.0469 0.5620 0.1882 0.0023 0.0862
71 0.0614 0.5825 0.2751 0.0648 0.0027 0.0136
72 0.0957 0.1774 0.5054 0.2041 0.0069 0.0107
73 0.3516 0.2825 0.2379 0.1106 0.0074 0.0101
74 0.1691 0.2384 0.4316 0.0919 0.0374 0.0318
75 0.2162 0.3401 0.2375 0.2000 0.0035 0.0026
76 0.0916 0.5527 0.3003 0.0483 0.0036 0.0036
77 0.0801 0.1405 0.5732 0.1669 0.0073 0.0319
78 0.0640 0.2288 0.6221 0.0743 0.0070 0.0040
79 0.0695 0.2686 0.5957 0.0489 0.0024 0.0150
80 0.1852 0.2034 0.2305 0.3301 0.0417 0.0090
81 0.1235 0.6626 0.0977 0.0761 0.0022 0.0377
82 0.0811 0.1198 0.6577 0.1295 0.0081 0.0039
83 0.0450 0.5742 0.2047 0.1698 0.0058 0.0005
84 0.3066 0.2727 0.1119 0.2561 0.0489 0.0038
85 0.1637 0.3835 0.1305 0.2476 0.0721 0.0027
86 0.2695 0.3596 0.0601 0.2002 0.1055 0.0050
87 0.1069 0.6650 0.0439 0.1508 0.0311 0.0024
88 0.1926 0.4548 0.1548 0.1477 0.0450 0.0052
89 0.1138 0.2466 0.4465 0.1484 0.0198 0.0250
90 0.6636 0.1010 0.0246 0.0662 0.1058 0.0386
91 0.5620 0.2739 0.1115 0.0315 0.0120 0.0091
92 0.1075 0.0191 0.3523 0.4119 0.0157 0.0934
93 0.1823 0.0714 0.2866 0.3682 0.0297 0.0620
94 0.2024 0.0994 0.1704 0.2330 0.0180 0.2766
95 0.3408 0.1455 0.2380 0.1661 0.0583 0.0511
96 0.6367 0.1853 0.0803 0.0327 0.0440 0.0208
97 0.1403 0.2330 0.4746 0.1307 0.0174 0.0039
98 0.1591 0.0525 0.3264 0.3367 0.0865 0.0390
99 0.1532 0.4609 0.2317 0.1193 0.0273 0.0077
100 0.0785 0.4114 0.1197 0.2783 0.1057 0.0066
101 0.1108 0.6426 0.1117 0.0773 0.0548 0.0027
102 0.2330 0.1786 0.3086 0.2189 0.0504 0.0104
103 0.2037 0.1478 0.2069 0.4114 0.0160 0.0142
104 0.1033 0.2070 0.4966 0.1316 0.0208 0.0408
105 0.1486 0.0212 0.1440 0.5435 0.0538 0.0887
106 0.6465 0.0447 0.0882 0.1124 0.0335 0.0748
107 0.2159 0.0160 0.1709 0.4944 0.0409 0.0619
108 0.7612 0.0665 0.0436 0.0676 0.0373 0.0239
109 0.6836 0.1715 0.0750 0.0377 0.0280 0.0040
110 0.3220 0.0326 0.3269 0.2247 0.0230 0.0707
111 0.1643 0.2228 0.1416 0.3069 0.1484 0.0161
112 0.2915 0.1853 0.3057 0.1573 0.0480 0.0121
113 0.4365 0.2336 0.0674 0.1670 0.0649 0.0304
114 0.1591 0.0851 0.1182 0.3997 0.2278 0.0102
115 0.4961 0.2871 0.1225 0.0499 0.0382 0.0061
116 0.1881 0.1910 0.4272 0.1323 0.0547 0.0065
117 0.1616 0.1393 0.3115 0.2837 0.0103 0.0936
118 0.1820 0.5522 0.2230 0.0248 0.0135 0.0045
119 0.0789 0.1086 0.4905 0.2627 0.0161 0.0432
120 0.1989 0.1598 0.4695 0.1410 0.0257 0.0053
121 0.2067 0.1987 0.1313 0.3892 0.0660 0.0081
122 0.1627 0.1932 0.2295 0.2900 0.1200 0.0045
123 0.3669 0.0387 0.1654 0.2949 0.0633 0.0706
124 0.5830 0.3074 0.0820 0.0147 0.0095 0.0033
125 0.0466 0.4150 0.4021 0.1189 0.0146 0.0028
126 0.0560 0.0702 0.1969 0.5786 0.0783 0.0198
127 0.2015 0.1765 0.3298 0.1737 0.1140 0.0045
128 0.2798 0.4268 0.0675 0.0821 0.1396 0.0043
129 0.0826 0.3975 0.2952 0.1300 0.0936 0.0011
130 0.5542 0.0135 0.0891 0.2498 0.0360 0.0575
131 0.5464 0.1002 0.1042 0.1307 0.0892 0.0294
132 0.2358 0.2181 0.3125 0.0991 0.1158 0.0188
133 0.3181 0.2383 0.1526 0.1716 0.0963 0.0232
134 0.1213 0.7549 0.0453 0.0324 0.0461 0.0001
135 0.7803 0.1410 0.0141 0.0245 0.0359 0.0041
136 0.5503 0.1539 0.1786 0.0477 0.0549 0.0148
137 0.1815 0.1830 0.4060 0.1191 0.0920 0.0184
138 0.1015 0.0828 0.2983 0.3176 0.0351 0.1648
139 0.1292 0.4990 0.1475 0.1475 0.0736 0.0034
140 0.6328 0.0589 0.1915 0.0688 0.0405 0.0075
141 0.0913 0.2224 0.5420 0.0972 0.0084 0.0387
142 0.1447 0.2700 0.2991 0.2722 0.0122 0.0017
143 0.6382 0.1209 0.1381 0.0363 0.0576 0.0088
144 0.5298 0.2603 0.0326 0.0341 0.1298 0.0137
145 0.4504 0.0180 0.2776 0.1462 0.0206 0.0873
146 0.5649 0.0128 0.0718 0.2754 0.0397 0.0356
147 0.0933 0.2103 0.4119 0.1827 0.0125 0.0891
148 0.0949 0.0524 0.1719 0.5464 0.0349 0.0995
149 0.6719 0.0784 0.1323 0.0547 0.0518 0.0111
150 0.2302 0.0214 0.0847 0.5786 0.0376 0.0475
151 0.2322 0.0498 0.1621 0.4204 0.0221 0.1132
152 0.8550 0.0241 0.0479 0.0410 0.0187 0.0133
153 0.0727 0.1564 0.1718 0.5454 0.0488 0.0048
154 0.1113 0.2095 0.3401 0.1497 0.1764 0.0132
155 0.0810 0.3687 0.1755 0.3464 0.0271 0.0014
156 0.4170 0.0640 0.3147 0.1312 0.0410 0.0322
157 0.1775 0.2563 0.1934 0.3474 0.0161 0.0093
158 0.3872 0.0927 0.1858 0.2461 0.0739 0.0142
159 0.1628 0.2042 0.2749 0.1707 0.1788 0.0086
160 0.2303 0.0640 0.2651 0.3352 0.0670 0.0382
161 0.2489 0.0649 0.2374 0.3196 0.0860 0.0432
162 0.1702 0.0312 0.2805 0.3438 0.1367 0.0377
163 0.1946 0.0994 0.1492 0.3110 0.2311 0.0149
164 0.2520 0.4155 0.0695 0.0585 0.2025 0.0021
165 0.2189 0.3040 0.0524 0.2681 0.1504 0.0064
166 0.2365 0.4348 0.0883 0.0897 0.1479 0.0027
167 0.3093 0.0795 0.0529 0.3191 0.2126 0.0266
168 0.2283 0.4402 0.0777 0.2179 0.0268 0.0092
169 0.3328 0.0359 0.2360 0.1115 0.2673 0.0163
170 0.2474 0.0557 0.3687 0.0791 0.2361 0.0130
171 0.2241 0.0603 0.3235 0.0411 0.3418 0.0091
172 0.2382 0.3806 0.0349 0.1207 0.2202 0.0056
173 0.0445 0.2369 0.3315 0.3447 0.0237 0.0184
174 0.0784 0.3274 0.3711 0.1956 0.0214 0.0060
175 0.2271 0.3228 0.1313 0.2915 0.0194 0.0079
176 0.3208 0.1801 0.2384 0.2155 0.0383 0.0069
177 0.2739 0.2739 0.3130 0.1143 0.0215 0.0033
178 0.0876 0.1422 0.1637 0.5625 0.0196 0.0242
179 0.3811 0.2223 0.1978 0.1589 0.0346 0.0053
180 0.7437 0.1534 0.0342 0.0317 0.0319 0.0049
181 0.6675 0.1263 0.0682 0.0917 0.0368 0.0095
182 0.0977 0.0660 0.3684 0.1741 0.2739 0.0200
183 0.0953 0.1324 0.3542 0.2937 0.0289 0.0953
184 0.2888 0.1487 0.3484 0.1738 0.0362 0.0041
185 0.4263 0.1384 0.2710 0.0989 0.0446 0.0209
186 0.7090 0.0186 0.0131 0.0577 0.1005 0.1013
187 0.5044 0.0993 0.1108 0.1378 0.1016 0.0462
188 0.5957 0.1427 0.0226 0.0921 0.0914 0.0554
189 0.6323 0.1702 0.0278 0.0709 0.0641 0.0346
190 0.3726 0.0369 0.4709 0.0885 0.0191 0.0122
191 0.1132 0.1726 0.5317 0.1454 0.0104 0.0269
192 0.5269 0.0482 0.0916 0.1685 0.1375 0.0273
193 0.5562 0.1342 0.1417 0.0644 0.0937 0.0096
194 0.5532 0.1315 0.1549 0.0698 0.0803 0.0102
195 0.1447 0.1287 0.5420 0.1307 0.0222 0.0318
196 0.1543 0.0788 0.6860 0.0381 0.0240 0.0187
197 0.0657 0.1434 0.7397 0.0363 0.0060 0.0090
198 0.4998 0.2003 0.1178 0.0784 0.1000 0.0038
199 0.5845 0.1124 0.1143 0.0810 0.1008 0.0069
200 0.7031 0.0538 0.0814 0.0522 0.1013 0.0082
201 0.7925 0.0257 0.0298 0.0440 0.0992 0.0089
202 0.7954 0.0512 0.0604 0.0442 0.0442 0.0045
203 0.7578 0.0386 0.0830 0.0508 0.0448 0.0251
204 0.8198 0.0344 0.0512 0.0435 0.0435 0.0076
205 0.5449 0.0208 0.1107 0.1561 0.0889 0.0785
206 0.1802 0.0663 0.3210 0.3528 0.0320 0.0477
207 0.1880 0.2715 0.1954 0.2568 0.0573 0.0309
208 0.8052 0.0661 0.0218 0.0374 0.0597 0.0096
209 0.7910 0.0530 0.0262 0.0605 0.0582 0.0113
210 0.8413 0.0609 0.0270 0.0258 0.0409 0.0041
211 0.7808 0.0602 0.0349 0.0480 0.0597 0.0166
212 0.0682 0.1367 0.6831 0.0855 0.0088 0.0175
213 0.0758 0.2605 0.5425 0.0859 0.0090 0.0262
214 0.6548 0.0981 0.1201 0.0576 0.0390 0.0306
215 0.6450 0.0930 0.1497 0.0457 0.0429 0.0237
216 0.6118 0.0861 0.1420 0.0822 0.0479 0.0302
217 0.6460 0.1355 0.0931 0.0630 0.0400 0.0223
218 0.2146 0.2231 0.4072 0.1105 0.0376 0.0067
219 0.0647 0.0657 0.2559 0.5679 0.0251 0.0208
220 0.0818 0.1542 0.5054 0.1979 0.0318 0.0290
221 0.1317 0.1639 0.4458 0.1692 0.0378 0.0516
222 0.7661 0.0908 0.0290 0.0425 0.0573 0.0145
223 0.6440 0.0812 0.0361 0.1003 0.1043 0.0339
224 0.6631 0.0792 0.0553 0.1001 0.0715 0.0310
225 0.1831 0.0921 0.1129 0.3215 0.0478 0.2427
