time exciting_prob fearful_prob tense_prob sad_prob relaxing_prob neutral_prob
0 0.3562 0.0224 0.0118 0.1791 0.4099 0.0206
1 0.5054 0.0529 0.0153 0.0294 0.3936 0.0036
2 0.3733 0.0177 0.0044 0.0321 0.5693 0.0032
3 0.3430 0.3594 0.0821 0.1534 0.0461 0.0160
4 0.3789 0.4065 0.0372 0.0966 0.0690 0.0117
5 0.5669 0.0341 0.0346 0.2896 0.0540 0.0208
6 0.0734 0.0700 0.1350 0.5254 0.0087 0.1874
7 0.2505 0.0471 0.4397 0.1804 0.0224 0.0600
8 0.1310 0.2262 0.5181 0.0914 0.0040 0.0294
9 0.0853 0.5654 0.2549 0.0582 0.0088 0.0275
10 0.0885 0.1654 0.4028 0.2444 0.0170 0.0818
11 0.1549 0.0992 0.2102 0.2576 0.0579 0.2202
12 0.2488 0.0795 0.0422 0.5352 0.0214 0.0730
13 0.2559 0.0986 0.4421 0.1481 0.0177 0.0377
14 0.1310 0.0399 0.1847 0.6250 0.0068 0.0129
15 0.0380 0.0919 0.0253 0.8315 0.0118 0.0014
16 0.2822 0.0874 0.2377 0.3682 0.0047 0.0200
17 0.3093 0.0306 0.0375 0.3972 0.0091 0.2159
18 0.0612 0.0905 0.5288 0.1915 0.0119 0.1161
19 0.1454 0.1420 0.5703 0.1039 0.0159 0.0223
20 0.1349 0.2009 0.0775 0.4973 0.0580 0.0313
21 0.3191 0.1290 0.1906 0.2905 0.0387 0.0319
22 0.1660 0.0332 0.1534 0.4373 0.0809 0.1293
23 0.2000 0.0873 0.2196 0.4436 0.0361 0.0136
24 0.1893 0.0880 0.2754 0.3765 0.0350 0.0359
25 0.2334 0.1004 0.1249 0.4790 0.0326 0.0297
26 0.1633 0.2303 0.1711 0.3623 0.0218 0.0510
27 0.1525 0.0809 0.0630 0.6724 0.0168 0.0142
28 0.1003 0.0988 0.1964 0.5259 0.0159 0.0628
29 0.1290 0.0244 0.0670 0.5522 0.0538 0.1737
30 0.2607 0.0529 0.0759 0.5264 0.0591 0.0250
31 0.2340 0.1030 0.1583 0.3857 0.0453 0.0736
32 0.3589 0.1484 0.0813 0.3645 0.0098 0.0372
33 0.1533 0.1556 0.3347 0.3096 0.0364 0.0103
34 0.3005 0.0547 0.1534 0.3513 0.0975 0.0426
35 0.1322 0.1375 0.0867 0.6206 0.0073 0.0158
36 0.0895 0.1344 0.3125 0.4077 0.0400 0.0157
37 0.2479 0.2402 0.3779 0.0948 0.0215 0.0175
38 0.0972 0.0906 0.1505 0.6143 0.0355 0.0123
39 0.1807 0.3323 0.0735 0.3374 0.0436 0.0326
40 0.2773 0.2773 0.1139 0.2336 0.0493 0.0482
41 0.1995 0.5591 0.0580 0.0657 0.0913 0.0262
42 0.2573 0.4480 0.1912 0.0889 0.0111 0.0035
43 0.2032 0.0573 0.1131 0.5190 0.0267 0.0808
44 0.0880 0.0665 0.1475 0.6606 0.0092 0.0281
45 0.1797 0.0836 0.3152 0.3057 0.0167 0.0992
46 0.1332 0.1251 0.1737 0.5435 0.0043 0.0200
47 0.0905 0.0289 0.2328 0.5415 0.0933 0.0131
48 0.2164 0.0725 0.0945 0.4373 0.0587 0.1205
49 0.1722 0.1696 0.0258 0.0497 0.5825 0.0003
50 0.0612 0.1316 0.0066 0.0374 0.7632 0.0003
51 0.0311 0.0509 0.0106 0.1736 0.7251 0.0085
52 0.0638 0.0572 0.0326 0.7837 0.0490 0.0135
53 0.1459 0.1085 0.0695 0.5815 0.0745 0.0199
54 0.2825 0.0835 0.1293 0.4585 0.0362 0.0100
55 0.3411 0.0641 0.0836 0.4663 0.0333 0.0115
56 0.2358 0.1510 0.0909 0.1396 0.3596 0.0230
57 0.1584 0.2235 0.3599 0.1133 0.1304 0.0144
58 0.0928 0.0256 0.0627 0.7070 0.0545 0.0572
59 0.1436 0.0831 0.0781 0.5903 0.0878 0.0172
60 0.1820 0.0288 0.2527 0.4868 0.0339 0.0158
61 0.1281 0.1029 0.3323 0.3269 0.0475 0.0624
62 0.0524 0.2349 0.3525 0.2969 0.0136 0.0496
63 0.0624 0.2998 0.4502 0.1362 0.0179 0.0334
64 0.0847 0.0439 0.1724 0.6660 0.0077 0.0254
65 0.1938 0.0457 0.3098 0.3350 0.1006 0.0152
66 0.1108 0.0750 0.2656 0.3748 0.0338 0.1400
67 0.1002 0.2240 0.3931 0.1915 0.0094 0.0818
68 0.1512 0.1124 0.2534 0.4517 0.0218 0.0094
69 0.0396 0.0208 0.1298 0.7124 0.0212 0.0763
70 0.1187 0.1432 0.4551 0.2361 0.0137 0.0330
71 0.1832 0.1270 0.4033 0.1299 0.1320 0.0248
72 0.3140 0.0572 0.4292 0.1191 0.0313 0.0493
73 0.1536 0.0714 0.1741 0.4375 0.0379 0.1254
74 0.0889 0.0961 0.1809 0.2065 0.0037 0.4238
75 0.2615 0.0465 0.4214 0.1975 0.0584 0.0148
76 0.1697 0.0735 0.5737 0.1697 0.0081 0.0053
77 0.2223 0.0818 0.1901 0.3496 0.0745 0.0818
78 0.0903 0.0602 0.2915 0.4661 0.0327 0.0592
79 0.1166 0.0471 0.2932 0.4470 0.0409 0.0551
80 0.1300 0.1722 0.3169 0.3704 0.0073 0.0034
81 0.0945 0.0356 0.1387 0.6934 0.0312 0.0067
82 0.2166 0.0282 0.2133 0.5195 0.0101 0.0123
83 0.2012 0.0794 0.1642 0.5137 0.0361 0.0054
84 0.4329 0.0789 0.1982 0.2144 0.0361 0.0396
85 0.2515 0.2069 0.2896 0.2344 0.0133 0.0044
86 0.1783 0.0305 0.3718 0.3718 0.0327 0.0149
87 0.1523 0.0251 0.2473 0.4844 0.0407 0.0503
88 0.3274 0.0144 0.1149 0.3074 0.0436 0.1924
89 0.2366 0.0213 0.1153 0.4351 0.0745 0.1171
90 0.1635 0.2573 0.2612 0.3054 0.0036 0.0090
91 0.1532 0.1250 0.3972 0.3093 0.0112 0.0041
92 0.0626 0.0465 0.2512 0.6221 0.0092 0.0087
93 0.1459 0.1437 0.4495 0.1995 0.0114 0.0500
94 0.2383 0.1503 0.3928 0.2070 0.0062 0.0052
95 0.3323 0.1658 0.2113 0.2432 0.0304 0.0169
96 0.3428 0.1407 0.1646 0.2469 0.0840 0.0209
97 0.3948 0.2510 0.1233 0.0279 0.2001 0.0029
98 0.2676 0.0773 0.4275 0.0365 0.1882 0.0029
99 0.2400 0.1188 0.1729 0.2400 0.1899 0.0383
100 0.2927 0.0788 0.0590 0.1875 0.3757 0.0063
101 0.3723 0.3364 0.0912 0.0087 0.1873 0.0039
102 0.3696 0.2522 0.2058 0.0184 0.1517 0.0024
103 0.1053 0.0406 0.0309 0.0680 0.7539 0.0014
104 0.2612 0.1334 0.0968 0.2148 0.2800 0.0137
105 0.4636 0.0825 0.3474 0.0303 0.0740 0.0021
106 0.5508 0.0508 0.1577 0.1732 0.0642 0.0035
107 0.2200 0.1023 0.1912 0.2612 0.1740 0.0514
108 0.2905 0.1249 0.2262 0.2563 0.0439 0.0581
109 0.2153 0.1357 0.4382 0.0750 0.1227 0.0130
110 0.2432 0.2129 0.4402 0.0534 0.0486 0.0016
111 0.2876 0.0824 0.1614 0.2832 0.1814 0.0039
112 0.5059 0.1019 0.1654 0.0928 0.1340 0.0002
113 0.2563 0.1531 0.3850 0.1630 0.0422 0.0004
114 0.1141 0.1022 0.5527 0.1881 0.0314 0.0114
115 0.5137 0.0432 0.0369 0.3213 0.0474 0.0378
116 0.4495 0.0250 0.0155 0.4287 0.0580 0.0233
117 0.0369 0.2040 0.0652 0.6187 0.0733 0.0023
118 0.3215 0.1383 0.1111 0.4192 0.0073 0.0026
119 0.2500 0.0477 0.1859 0.4897 0.0253 0.0013
120 0.0214 0.2268 0.0300 0.6768 0.0446 0.0002
121 0.2047 0.2412 0.3098 0.0808 0.1606 0.0027
122 0.0604 0.1329 0.0711 0.6694 0.0613 0.0047
123 0.0226 0.0452 0.0497 0.8530 0.0287 0.0011
124 0.3633 0.0836 0.2419 0.2617 0.0179 0.0315
125 0.2214 0.0235 0.0316 0.6714 0.0486 0.0035
126 0.1914 0.1161 0.3928 0.2102 0.0243 0.0651
127 0.2737 0.0494 0.2233 0.3101 0.0945 0.0490
128 0.1068 0.0489 0.2815 0.4641 0.0287 0.0701
129 0.1407 0.0808 0.3594 0.1486 0.1923 0.0783
130 0.3337 0.0637 0.1306 0.2404 0.1266 0.1050
131 0.3840 0.2598 0.2944 0.0233 0.0323 0.0060
132 0.0468 0.0223 0.1252 0.1821 0.0446 0.5791
133 0.4199 0.0460 0.1157 0.2015 0.1792 0.0376
134 0.3708 0.0539 0.2285 0.1583 0.1766 0.0118
135 0.3457 0.0241 0.2778 0.2651 0.0676 0.0198
136 0.3618 0.0564 0.5518 0.0157 0.0122 0.0023
137 0.1589 0.0431 0.4028 0.0858 0.0474 0.2620
138 0.4358 0.0220 0.0878 0.2603 0.1642 0.0299
139 0.3647 0.0952 0.3025 0.1984 0.0168 0.0226
140 0.1807 0.0326 0.3945 0.0887 0.0324 0.2712
141 0.2010 0.0390 0.4062 0.0537 0.0272 0.2727
142 0.3704 0.0350 0.0664 0.3535 0.1656 0.0089
143 0.1946 0.0481 0.4282 0.0511 0.0558 0.2222
144 0.3967 0.0728 0.2561 0.1093 0.0563 0.1085
145 0.3372 0.1544 0.2448 0.2229 0.0231 0.0176
146 0.4263 0.0501 0.1543 0.2976 0.0581 0.0137
147 0.2661 0.0617 0.4185 0.0745 0.0683 0.1109
148 0.2087 0.0255 0.1992 0.4185 0.1042 0.0438
149 0.1458 0.1602 0.5010 0.1414 0.0070 0.0448
150 0.2433 0.0803 0.3569 0.0888 0.0367 0.1940
151 0.3943 0.0664 0.3943 0.1342 0.0064 0.0043
152 0.3518 0.0677 0.1573 0.2871 0.1294 0.0066
153 0.2101 0.1245 0.1611 0.2272 0.2698 0.0072
154 0.1448 0.2791 0.4973 0.0504 0.0185 0.0101
155 0.1960 0.1946 0.3311 0.2274 0.0289 0.0220
156 0.5205 0.0145 0.1357 0.1276 0.1469 0.0549
157 0.3333 0.1133 0.1284 0.3154 0.0259 0.0836
158 0.4329 0.0132 0.1776 0.2974 0.0403 0.0387
159 0.2373 0.0501 0.1907 0.3452 0.1384 0.0384
160 0.2625 0.0554 0.1707 0.2927 0.2028 0.0161
161 0.1322 0.0177 0.1620 0.4333 0.0116 0.2432
162 0.3032 0.0726 0.2052 0.3491 0.0579 0.0119
163 0.3408 0.0917 0.1421 0.2052 0.1882 0.0317
164 0.4275 0.0241 0.2324 0.2399 0.0693 0.0067
165 0.1234 0.3435 0.0687 0.4016 0.0101 0.0527
166 0.1360 0.0950 0.2834 0.4321 0.0369 0.0165
167 0.2295 0.2367 0.3064 0.2122 0.0128 0.0024
168 0.1025 0.2135 0.4592 0.2135 0.0078 0.0035
169 0.1026 0.0934 0.4058 0.3872 0.0056 0.0056
170 0.3069 0.0474 0.4678 0.0988 0.0706 0.0085
171 0.1311 0.1556 0.3071 0.3704 0.0295 0.0064
172 0.1161 0.0343 0.6479 0.1664 0.0289 0.0065
173 0.0942 0.2091 0.5015 0.1654 0.0145 0.0154
174 0.1862 0.0908 0.4646 0.0886 0.1682 0.0017
175 0.2749 0.1201 0.2371 0.0788 0.2859 0.0031
176 0.2729 0.1416 0.3970 0.0695 0.1155 0.0034
177 0.3394 0.0184 0.2686 0.2996 0.0266 0.0478
178 0.1400 0.0598 0.3633 0.3989 0.0305 0.0073
179 0.3982 0.0373 0.2571 0.1910 0.0064 0.1097
180 0.0897 0.0897 0.6523 0.1503 0.0079 0.0099
181 0.0777 0.0795 0.2776 0.5107 0.0065 0.0479
182 0.1921 0.0623 0.1951 0.5142 0.0260 0.0104
183 0.1183 0.0604 0.4329 0.3589 0.0199 0.0098
184 0.0971 0.0441 0.4817 0.2275 0.0716 0.0780
185 0.2917 0.1357 0.3206 0.2169 0.0330 0.0021
186 0.5825 0.0609 0.2194 0.0852 0.0069 0.0453
187 0.2301 0.0193 0.0529 0.6450 0.0475 0.0050
188 0.2426 0.0541 0.2881 0.3367 0.0101 0.0684
189 0.2141 0.1471 0.2971 0.1934 0.0233 0.1249
190 0.1158 0.0725 0.3101 0.3459 0.0225 0.1333
191 0.6245 0.0456 0.1044 0.2043 0.0193 0.0018
192 0.4734 0.0251 0.0925 0.3804 0.0269 0.0017
193 0.0948 0.0103 0.1237 0.3633 0.4053 0.0025
194 0.0394 0.0192 0.0155 0.8828 0.0314 0.0115
195 0.0332 0.0413 0.0300 0.8696 0.0175 0.0084
196 0.0228 0.0167 0.0223 0.9126 0.0146 0.0110
197 0.0313 0.0632 0.0428 0.8330 0.0205 0.0091
198 0.0590 0.0701 0.0367 0.8022 0.0190 0.0129
199 0.0470 0.0341 0.0184 0.8657 0.0213 0.0136
200 0.0986 0.0948 0.3721 0.1992 0.0392 0.1960
201 0.0643 0.1183 0.3396 0.2192 0.0141 0.2445
202 0.0375 0.0352 0.0148 0.8799 0.0190 0.0139
203 0.0466 0.1092 0.0369 0.7578 0.0369 0.0127
204 0.0295 0.0413 0.0275 0.8491 0.0322 0.0206
205 0.3567 0.0587 0.0834 0.0724 0.4236 0.0053
206 0.4905 0.1053 0.0936 0.0505 0.2566 0.0036
207 0.3943 0.1290 0.1439 0.0833 0.2355 0.0138
208 0.2688 0.1155 0.2466 0.0801 0.2544 0.0347
209 0.3655 0.1465 0.2473 0.0569 0.1488 0.0348
210 0.8979 0.0147 0.0197 0.0583 0.0055 0.0039
211 0.8960 0.0149 0.0203 0.0591 0.0055 0.0042
212 0.8940 0.0164 0.0224 0.0563 0.0064 0.0044
