time exciting_prob fearful_prob tense_prob sad_prob relaxing_prob neutral_prob
0 0.1136 0.1553 0.1349 0.1288 0.0181 0.4492
1 0.1209 0.2878 0.2900 0.0851 0.1338 0.0825
2 0.0903 0.4175 0.2455 0.0345 0.1796 0.0327
3 0.1570 0.2568 0.1545 0.2063 0.1451 0.0802
4 0.2932 0.3882 0.2079 0.0644 0.0370 0.0094
5 0.0312 0.1884 0.5000 0.1235 0.0797 0.0773
6 0.0966 0.1863 0.2585 0.3320 0.0356 0.0908
7 0.1578 0.1329 0.1506 0.3848 0.1003 0.0734
8 0.1096 0.5308 0.0982 0.1953 0.0432 0.0228
9 0.1161 0.2188 0.2239 0.2617 0.0255 0.1539
10 0.0216 0.6313 0.1344 0.2018 0.0014 0.0095
11 0.0102 0.5820 0.2881 0.0537 0.0463 0.0199
12 0.1392 0.1902 0.5420 0.0837 0.0213 0.0238
13 0.1115 0.2235 0.3489 0.1796 0.0749 0.0616
14 0.0069 0.5317 0.3772 0.0543 0.0024 0.0273
15 0.1603 0.2812 0.4460 0.0942 0.0134 0.0047
16 0.0264 0.4575 0.2301 0.2145 0.0634 0.0081
17 0.0162 0.1821 0.3679 0.1232 0.3003 0.0105
18 0.0057 0.5811 0.2311 0.1691 0.0023 0.0110
19 0.0261 0.1770 0.1091 0.3926 0.2917 0.0034
20 0.0466 0.1436 0.1732 0.1392 0.4287 0.0689
21 0.0105 0.2046 0.5225 0.1521 0.0551 0.0551
22 0.0065 0.3853 0.5186 0.0119 0.0696 0.0081
23 0.0031 0.7646 0.1172 0.1093 0.0029 0.0029
24 0.0034 0.7134 0.1472 0.1320 0.0021 0.0020
25 0.0097 0.5493 0.3716 0.0051 0.0626 0.0017
26 0.0088 0.4016 0.5234 0.0100 0.0487 0.0073
27 0.0055 0.5654 0.4138 0.0034 0.0096 0.0024
28 0.0046 0.5581 0.4082 0.0060 0.0210 0.0024
29 0.0034 0.7480 0.2178 0.0199 0.0089 0.0019
30 0.0376 0.2585 0.4946 0.0176 0.0759 0.1157
31 0.0070 0.5181 0.3848 0.0258 0.0206 0.0439
32 0.0291 0.4761 0.4473 0.0171 0.0180 0.0123
33 0.0074 0.5381 0.4189 0.0172 0.0073 0.0112
34 0.0835 0.1956 0.1941 0.1896 0.3125 0.0247
35 0.0368 0.1108 0.4812 0.2007 0.0688 0.1017
36 0.0659 0.2393 0.5605 0.0035 0.1104 0.0204
37 0.0637 0.2440 0.5498 0.0053 0.1083 0.0289
38 0.0394 0.1740 0.4585 0.2003 0.0828 0.0450
39 0.0121 0.4133 0.4165 0.0209 0.1300 0.0072
40 0.0223 0.5205 0.3083 0.0360 0.1074 0.0052
41 0.0147 0.6255 0.2820 0.0179 0.0530 0.0068
42 0.0099 0.6250 0.3047 0.0214 0.0321 0.0067
43 0.0233 0.6245 0.2408 0.0331 0.0674 0.0108
44 0.0598 0.6187 0.0751 0.0292 0.2137 0.0036
45 0.0630 0.5400 0.1837 0.1196 0.0815 0.0119
46 0.0081 0.5840 0.2288 0.1500 0.0225 0.0066
47 0.0064 0.5098 0.2408 0.0164 0.2125 0.0139
48 0.0142 0.2125 0.4429 0.0173 0.2522 0.0609
49 0.0444 0.2438 0.4414 0.0296 0.1869 0.0540
50 0.0130 0.3376 0.4404 0.0273 0.1385 0.0432
51 0.0106 0.2206 0.3416 0.0253 0.3362 0.0657
52 0.0154 0.5107 0.3196 0.0277 0.0938 0.0327
53 0.0599 0.1519 0.3643 0.0764 0.3069 0.0406
54 0.1086 0.0460 0.4570 0.0302 0.3044 0.0537
55 0.1847 0.1020 0.3730 0.0944 0.1086 0.1372
56 0.0909 0.3274 0.4204 0.0676 0.0370 0.0565
57 0.0330 0.4280 0.3333 0.0294 0.1433 0.0330
58 0.0111 0.7231 0.1602 0.0678 0.0338 0.0039
59 0.0441 0.3811 0.4456 0.0257 0.0898 0.0139
60 0.0982 0.3455 0.4104 0.0151 0.1223 0.0087
61 0.0055 0.5005 0.3779 0.1117 0.0023 0.0018
62 0.0352 0.2812 0.5684 0.0474 0.0520 0.0157
63 0.0095 0.5005 0.1479 0.0276 0.3132 0.0010
64 0.0343 0.2537 0.1049 0.2700 0.3257 0.0115
65 0.0952 0.4167 0.2527 0.0944 0.1261 0.0148
66 0.0095 0.0602 0.0904 0.0904 0.7451 0.0043
67 0.0403 0.1122 0.1333 0.0578 0.6509 0.0052
68 0.0311 0.0914 0.0590 0.0275 0.7900 0.0012
69 0.0431 0.1100 0.0884 0.0098 0.6958 0.0528
70 0.0515 0.4666 0.1960 0.0507 0.2239 0.0114
71 0.0036 0.7656 0.1104 0.1156 0.0032 0.0015
72 0.0161 0.6997 0.2456 0.0343 0.0024 0.0017
73 0.0252 0.3916 0.3623 0.2096 0.0045 0.0067
74 0.0766 0.2454 0.5615 0.0616 0.0479 0.0067
75 0.0937 0.2468 0.1166 0.0595 0.4832 0.0003
76 0.0812 0.2480 0.1627 0.0652 0.4421 0.0006
77 0.0192 0.5708 0.1421 0.0430 0.2236 0.0011
78 0.0837 0.1902 0.3784 0.1993 0.0800 0.0684
79 0.0203 0.3325 0.1054 0.0248 0.5151 0.0020
80 0.0435 0.1201 0.2729 0.0114 0.5425 0.0095
81 0.0094 0.2008 0.0964 0.0157 0.6689 0.0087
82 0.0183 0.2544 0.2177 0.0254 0.4829 0.0012
83 0.0154 0.2034 0.1293 0.0692 0.5791 0.0035
84 0.0232 0.2104 0.0934 0.5903 0.0408 0.0421
85 0.0323 0.0485 0.0435 0.5464 0.2705 0.0585
86 0.0372 0.1918 0.1318 0.2350 0.3162 0.0878
87 0.0406 0.5396 0.1954 0.0479 0.0539 0.1223
88 0.0885 0.3875 0.1415 0.0352 0.1919 0.1554
89 0.1222 0.2842 0.3145 0.0930 0.0600 0.1261
90 0.1242 0.5654 0.0560 0.1131 0.0190 0.1223
91 0.0168 0.5254 0.3967 0.0190 0.0281 0.0140
92 0.0257 0.2898 0.4631 0.0818 0.0088 0.1306
93 0.0288 0.4907 0.4331 0.0161 0.0082 0.0231
94 0.0037 0.6997 0.2615 0.0063 0.0192 0.0098
95 0.0160 0.2162 0.3025 0.0189 0.4436 0.0029
96 0.0303 0.2876 0.4250 0.0116 0.2385 0.0068
97 0.0261 0.1799 0.5674 0.0208 0.1930 0.0128
98 0.0159 0.1719 0.4673 0.0512 0.0763 0.2173
99 0.0080 0.1462 0.0654 0.0216 0.7485 0.0104
100 0.0198 0.0131 0.0384 0.0558 0.7593 0.1137
101 0.0177 0.2301 0.0713 0.0157 0.6553 0.0098
102 0.0112 0.0495 0.0307 0.0192 0.8506 0.0388
103 0.0231 0.2213 0.0426 0.3481 0.2712 0.0937
104 0.0257 0.1443 0.1610 0.0156 0.6221 0.0317
105 0.0304 0.1708 0.1094 0.0168 0.6499 0.0229
106 0.0225 0.1442 0.0574 0.0106 0.7617 0.0038
107 0.0087 0.6226 0.2418 0.0127 0.1107 0.0038
108 0.0099 0.2732 0.4365 0.0696 0.0713 0.1395
109 0.0071 0.3604 0.5581 0.0271 0.0206 0.0267
110 0.0032 0.3120 0.6108 0.0160 0.0049 0.0533
111 0.0072 0.5908 0.2878 0.0652 0.0136 0.0355
112 0.0066 0.7217 0.2418 0.0071 0.0218 0.0008
113 0.0091 0.7202 0.2064 0.0145 0.0370 0.0127
114 0.0131 0.6714 0.2510 0.0152 0.0353 0.0142
115 0.0499 0.3518 0.5449 0.0127 0.0392 0.0014
116 0.0226 0.3616 0.5820 0.0073 0.0254 0.0010
117 0.0170 0.2957 0.6460 0.0070 0.0329 0.0016
118 0.0207 0.2766 0.6743 0.0045 0.0220 0.0019
119 0.0230 0.3328 0.6025 0.0059 0.0335 0.0022
120 0.0815 0.6025 0.2114 0.0186 0.0809 0.0052
121 0.0501 0.2281 0.0525 0.0164 0.6445 0.0082
122 0.0710 0.5952 0.1238 0.0102 0.1931 0.0068
123 0.0020 0.7886 0.1705 0.0363 0.0013 0.0010
124 0.0227 0.4695 0.4016 0.0731 0.0259 0.0072
125 0.0183 0.5420 0.3391 0.0717 0.0229 0.0060
126 0.0165 0.6968 0.2524 0.0219 0.0108 0.0017
127 0.0111 0.8062 0.0588 0.1001 0.0223 0.0016
128 0.0079 0.9092 0.0669 0.0132 0.0019 0.0011
129 0.0077 0.8569 0.1008 0.0291 0.0034 0.0020
130 0.0038 0.9185 0.0635 0.0101 0.0027 0.0013
131 0.0192 0.4773 0.3230 0.0434 0.1108 0.0263
132 0.0147 0.7329 0.1489 0.0253 0.0720 0.0063
133 0.0271 0.4624 0.2168 0.0515 0.2325 0.0095
134 0.0336 0.3164 0.4255 0.1720 0.0281 0.0244
135 0.0260 0.2266 0.3853 0.2820 0.0300 0.0502
136 0.0340 0.4580 0.2693 0.0443 0.1879 0.0067
137 0.0443 0.2910 0.3594 0.0937 0.2047 0.0071
138 0.0382 0.0342 0.4727 0.0267 0.3918 0.0364
139 0.0551 0.1835 0.4834 0.0510 0.1807 0.0464
140 0.0194 0.3464 0.3105 0.2615 0.0173 0.0447
141 0.0123 0.7705 0.1719 0.0375 0.0051 0.0029
142 0.0067 0.7715 0.1520 0.0648 0.0039 0.0010
143 0.0054 0.7866 0.1345 0.0661 0.0062 0.0011
144 0.0048 0.8521 0.1135 0.0274 0.0015 0.0006
145 0.0306 0.4539 0.4004 0.0789 0.0302 0.0061
146 0.0156 0.0258 0.2332 0.5952 0.0545 0.0757
147 0.0362 0.3772 0.3684 0.0317 0.1740 0.0127
148 0.0717 0.1761 0.5913 0.0663 0.0845 0.0099
149 0.0073 0.7310 0.0718 0.0373 0.1462 0.0063
150 0.0100 0.7017 0.1616 0.0331 0.0914 0.0021
151 0.0073 0.8271 0.1591 0.0054 0.0008 0.0006
152 0.0072 0.7080 0.2524 0.0250 0.0057 0.0013
153 0.0115 0.7427 0.1792 0.0509 0.0114 0.0044
154 0.0035 0.7627 0.1367 0.0842 0.0112 0.0016
155 0.0323 0.4456 0.4187 0.0824 0.0137 0.0074
156 0.0576 0.2502 0.1831 0.2141 0.2622 0.0326
157 0.0432 0.5381 0.1494 0.1566 0.0988 0.0141
158 0.0034 0.7295 0.2123 0.0369 0.0074 0.0107
159 0.0083 0.1749 0.0550 0.0403 0.7139 0.0078
160 0.0016 0.6670 0.1881 0.0889 0.0461 0.0085
161 0.0042 0.1478 0.2218 0.5752 0.0220 0.0289
162 0.0053 0.3672 0.3503 0.1890 0.0133 0.0751
163 0.0293 0.0888 0.1823 0.5527 0.0660 0.0809
164 0.0261 0.3130 0.4849 0.0287 0.1445 0.0027
165 0.0225 0.3174 0.3711 0.0104 0.2756 0.0030
166 0.0292 0.1296 0.1277 0.0594 0.6284 0.0257
167 0.0912 0.1744 0.4631 0.0251 0.2366 0.0097
168 0.0665 0.1823 0.4653 0.0514 0.2198 0.0146
169 0.0651 0.1727 0.4048 0.0487 0.2871 0.0215
170 0.0629 0.1532 0.4573 0.0563 0.2487 0.0217
171 0.0779 0.1048 0.3357 0.0570 0.3862 0.0385
172 0.1069 0.1696 0.1438 0.2861 0.2839 0.0098
173 0.0865 0.2705 0.1371 0.1760 0.1948 0.1350
174 0.1157 0.1656 0.0600 0.1121 0.4646 0.0820
175 0.0637 0.2155 0.0562 0.2832 0.2766 0.1050
176 0.0136 0.5415 0.4216 0.0061 0.0103 0.0070
177 0.0038 0.3889 0.4995 0.0400 0.0031 0.0645
178 0.0092 0.6846 0.1931 0.0608 0.0037 0.0488
179 0.0046 0.5435 0.3794 0.0406 0.0124 0.0196
180 0.0128 0.6143 0.2009 0.0306 0.0466 0.0949
181 0.0459 0.5376 0.1589 0.1553 0.0096 0.0927
182 0.0318 0.0654 0.0428 0.0242 0.0145 0.8213
183 0.0667 0.2808 0.0978 0.0656 0.0265 0.4626
184 0.0988 0.1110 0.2333 0.2749 0.1760 0.1060
185 0.0609 0.0649 0.0795 0.5225 0.1484 0.1240
186 0.1050 0.1370 0.1493 0.2172 0.1171 0.2744
187 0.1069 0.1438 0.2751 0.1193 0.1630 0.1920
188 0.2598 0.2137 0.3635 0.0632 0.0657 0.0338
189 0.4727 0.1620 0.0983 0.1476 0.0714 0.0483
190 0.4204 0.1659 0.1465 0.0841 0.1105 0.0725
191 0.0130 0.7959 0.1044 0.0302 0.0136 0.0428
192 0.0598 0.3809 0.2256 0.0504 0.1246 0.1588
193 0.0870 0.2620 0.1381 0.1718 0.0227 0.3184
194 0.0324 0.0611 0.0601 0.0522 0.0385 0.7559
195 0.0023 0.8696 0.1159 0.0069 0.0020 0.0030
196 0.0098 0.7031 0.2585 0.0097 0.0066 0.0124
197 0.0142 0.5674 0.3550 0.0118 0.0015 0.0504
198 0.1534 0.1940 0.1559 0.3052 0.1055 0.0861
199 0.0349 0.3308 0.0911 0.0227 0.0161 0.5044
200 0.0344 0.1520 0.2125 0.0140 0.0092 0.5776
201 0.0185 0.3752 0.1516 0.0438 0.0051 0.4058
202 0.0220 0.7227 0.1074 0.0276 0.0054 0.1152
203 0.0378 0.5503 0.2423 0.0246 0.0047 0.1403
204 0.0171 0.5947 0.1434 0.1091 0.0150 0.1208
205 0.0677 0.2827 0.1032 0.0738 0.0205 0.4519
206 0.0419 0.2610 0.0916 0.1534 0.0116 0.4404
207 0.0332 0.1214 0.0526 0.1302 0.0166 0.6460
208 0.0046 0.3521 0.5718 0.0217 0.0024 0.0477
209 0.3582 0.1349 0.1963 0.0956 0.0668 0.1482
210 0.1022 0.2181 0.3005 0.0615 0.2286 0.0889
211 0.0506 0.1647 0.1713 0.3030 0.0454 0.2651
212 0.0127 0.4084 0.2457 0.0333 0.0080 0.2920
213 0.0378 0.4392 0.3315 0.0279 0.0057 0.1578
214 0.0198 0.2147 0.3325 0.0112 0.0014 0.4204
215 0.0042 0.6089 0.3469 0.0088 0.0005 0.0310
216 0.0762 0.2537 0.2786 0.0646 0.0303 0.2966
217 0.0417 0.2942 0.2053 0.0933 0.0427 0.3230
218 0.0560 0.2267 0.2180 0.0634 0.0736 0.3623
219 0.0605 0.6299 0.2605 0.0072 0.0071 0.0347
220 0.0290 0.5347 0.3167 0.0226 0.0059 0.0914
221 0.0069 0.3960 0.5586 0.0056 0.0098 0.0231
222 0.0028 0.4023 0.5854 0.0066 0.0003 0.0025
223 0.0443 0.1080 0.0841 0.0472 0.0175 0.6987
224 0.0336 0.1904 0.1449 0.0224 0.0176 0.5913
225 0.0614 0.2076 0.1061 0.0471 0.0264 0.5513
226 0.0259 0.2206 0.0580 0.0781 0.0408 0.5767
227 0.1192 0.2686 0.2563 0.1472 0.0339 0.1748
228 0.0094 0.3892 0.5488 0.0049 0.0011 0.0468
229 0.0070 0.7656 0.2126 0.0056 0.0006 0.0084
230 0.1824 0.0620 0.0592 0.2148 0.1488 0.3328
231 0.2983 0.2035 0.0682 0.0910 0.1675 0.1714
232 0.0218 0.1958 0.1125 0.0698 0.0199 0.5801
233 0.0284 0.5391 0.1764 0.0564 0.0089 0.1908
234 0.0428 0.7461 0.1665 0.0224 0.0128 0.0094
235 0.1095 0.2585 0.3047 0.0242 0.0125 0.2908
236 0.0724 0.1696 0.1406 0.0595 0.0105 0.5474
237 0.0164 0.1210 0.6963 0.0112 0.1506 0.0045
238 0.0120 0.1144 0.8198 0.0073 0.0459 0.0008
239 0.0623 0.5015 0.1565 0.0355 0.0219 0.2225
240 0.0097 0.5186 0.3677 0.0735 0.0070 0.0237
241 0.0316 0.0859 0.0770 0.0186 0.0219 0.7651
242 0.0630 0.3894 0.1700 0.0651 0.2717 0.0407
243 0.0595 0.2563 0.1438 0.0623 0.0099 0.4680
244 0.0068 0.1246 0.7515 0.0064 0.0023 0.1083
245 0.0399 0.2466 0.0936 0.1289 0.0339 0.4570
246 0.0223 0.2053 0.4448 0.0060 0.3081 0.0133
247 0.0377 0.4412 0.3032 0.0227 0.0430 0.1525
248 0.0392 0.5625 0.1305 0.0836 0.1826 0.0014
249 0.0118 0.5283 0.2253 0.0726 0.0108 0.1514
250 0.0165 0.5161 0.3081 0.0597 0.0205 0.0792
251 0.0064 0.2544 0.3477 0.0219 0.3586 0.0110
252 0.5571 0.1852 0.1293 0.0362 0.0620 0.0300
253 0.3049 0.2302 0.1685 0.0834 0.1364 0.0765
254 0.0315 0.1205 0.3599 0.1838 0.0368 0.2676
255 0.0198 0.1035 0.3291 0.0283 0.0331 0.4863
256 0.0434 0.3442 0.1127 0.0331 0.0545 0.4121
257 0.0299 0.4680 0.1290 0.0319 0.0195 0.3218
258 0.0045 0.3601 0.5845 0.0105 0.0072 0.0335
259 0.0111 0.2054 0.4968 0.0484 0.0227 0.2153
260 0.0515 0.1610 0.2573 0.0417 0.0156 0.4731
261 0.0273 0.4653 0.3457 0.0391 0.0085 0.1140
262 0.0553 0.3391 0.1843 0.0496 0.0301 0.3416
263 0.0467 0.5640 0.1415 0.0663 0.0781 0.1035
264 0.0550 0.1655 0.0951 0.0801 0.0740 0.5303
265 0.0946 0.1548 0.0737 0.0385 0.0725 0.5659
266 0.1456 0.1562 0.0421 0.2498 0.1143 0.2920
267 0.1827 0.3662 0.0584 0.2966 0.0528 0.0431
268 0.2725 0.3723 0.0799 0.1843 0.0524 0.0386
269 0.6650 0.1310 0.0446 0.0820 0.0422 0.0350
270 0.4666 0.2310 0.1208 0.1180 0.0157 0.0480
271 0.1606 0.1213 0.1462 0.3735 0.0564 0.1418
272 0.2961 0.1090 0.0749 0.2827 0.0761 0.1611
