time exciting_prob fearful_prob tense_prob sad_prob relaxing_prob neutral_prob
0 0.1110 0.1566 0.1382 0.1298 0.0183 0.4460
1 0.0667 0.2186 0.4851 0.1899 0.0200 0.0196
2 0.2217 0.1868 0.4077 0.1454 0.0203 0.0181
3 0.2251 0.2034 0.5356 0.0234 0.0117 0.0006
4 0.3096 0.1486 0.4504 0.0526 0.0358 0.0033
5 0.3691 0.0919 0.3928 0.1236 0.0054 0.0173
6 0.3638 0.2385 0.2747 0.0580 0.0266 0.0386
7 0.1887 0.1277 0.4895 0.1746 0.0067 0.0126
8 0.1986 0.1896 0.3770 0.1523 0.0625 0.0200
9 0.2915 0.1560 0.3984 0.1007 0.0298 0.0237
10 0.3206 0.1550 0.4116 0.0383 0.0080 0.0667
11 0.4575 0.1342 0.2264 0.0450 0.0117 0.1251
12 0.2384 0.1010 0.5371 0.0978 0.0115 0.0141
13 0.2357 0.1046 0.5835 0.0406 0.0089 0.0267
14 0.1787 0.0618 0.0913 0.2443 0.0571 0.3667
15 0.0681 0.1686 0.4956 0.2002 0.0261 0.0413
16 0.0939 0.3833 0.4209 0.0869 0.0062 0.0089
17 0.0677 0.4773 0.2986 0.1305 0.0095 0.0166
18 0.2983 0.0527 0.1047 0.2761 0.0754 0.1926
19 0.1725 0.3196 0.4041 0.0262 0.0342 0.0433
20 0.2012 0.2426 0.4224 0.0770 0.0154 0.0415
21 0.2590 0.0510 0.0999 0.2472 0.0754 0.2673
22 0.0375 0.1759 0.1705 0.5591 0.0253 0.0316
23 0.0316 0.1653 0.7524 0.0445 0.0031 0.0033
24 0.0262 0.5562 0.2468 0.1473 0.0115 0.0119
25 0.1913 0.0499 0.5366 0.1974 0.0156 0.0092
26 0.0919 0.0308 0.5049 0.3159 0.0255 0.0313
27 0.2186 0.2086 0.3181 0.1423 0.0128 0.0994
28 0.1086 0.0997 0.4502 0.2300 0.0029 0.1086
29 0.1128 0.0149 0.5908 0.2502 0.0035 0.0276
30 0.1731 0.4285 0.3184 0.0285 0.0462 0.0054
31 0.3308 0.1945 0.3928 0.0738 0.0055 0.0029
32 0.3379 0.3406 0.2065 0.0530 0.0064 0.0556
33 0.1936 0.0409 0.5962 0.1508 0.0090 0.0095
34 0.3242 0.0759 0.5103 0.0724 0.0063 0.0109
35 0.1597 0.2115 0.5234 0.0499 0.0072 0.0479
36 0.2399 0.1702 0.2656 0.0911 0.0216 0.2117
37 0.1064 0.2595 0.3657 0.1099 0.0300 0.1284
38 0.2357 0.0730 0.6021 0.0601 0.0042 0.0250
39 0.1650 0.1959 0.3838 0.1433 0.0503 0.0617
40 0.2583 0.0638 0.5728 0.0832 0.0030 0.0189
41 0.2123 0.0283 0.6440 0.0885 0.0056 0.0215
42 0.0777 0.1835 0.6353 0.0526 0.0036 0.0471
43 0.0703 0.4580 0.4202 0.0332 0.0146 0.0039
44 0.0388 0.1088 0.7319 0.0596 0.0033 0.0573
45 0.0795 0.4985 0.3374 0.0432 0.0258 0.0155
46 0.1400 0.0823 0.6895 0.0756 0.0028 0.0099
47 0.2986 0.0476 0.4243 0.2185 0.0045 0.0064
48 0.3079 0.0583 0.4143 0.1912 0.0124 0.0162
49 0.1184 0.1311 0.1998 0.4197 0.0435 0.0873
50 0.0479 0.4104 0.3916 0.0795 0.0105 0.0601
51 0.2324 0.0587 0.6367 0.0499 0.0097 0.0126
52 0.2444 0.0818 0.5093 0.0745 0.0326 0.0572
53 0.1420 0.1196 0.3301 0.2632 0.0118 0.1334
54 0.1733 0.1268 0.4224 0.2483 0.0091 0.0201
55 0.1389 0.0904 0.7163 0.0386 0.0101 0.0056
56 0.1409 0.2571 0.4727 0.0403 0.0100 0.0790
57 0.1969 0.0582 0.6821 0.0345 0.0076 0.0209
58 0.2024 0.0641 0.5674 0.1287 0.0091 0.0283
59 0.2057 0.0838 0.6538 0.0402 0.0102 0.0062
60 0.0514 0.2778 0.1766 0.4583 0.0203 0.0156
61 0.1918 0.2260 0.5420 0.0246 0.0083 0.0076
62 0.2371 0.2686 0.4678 0.0161 0.0059 0.0044
63 0.1471 0.0308 0.6592 0.1128 0.0240 0.0258
64 0.2231 0.0692 0.5654 0.1149 0.0153 0.0122
65 0.2559 0.0745 0.5332 0.1227 0.0049 0.0088
66 0.2434 0.1910 0.5356 0.0178 0.0091 0.0031
67 0.2942 0.1207 0.3809 0.1400 0.0421 0.0222
68 0.2428 0.2228 0.4827 0.0406 0.0072 0.0040
69 0.1649 0.1649 0.5757 0.0804 0.0072 0.0069
70 0.3286 0.0694 0.4707 0.1109 0.0110 0.0094
71 0.1438 0.2372 0.4294 0.1155 0.0542 0.0199
72 0.0859 0.3425 0.3879 0.1495 0.0275 0.0066
73 0.1412 0.1126 0.6533 0.0641 0.0056 0.0231
74 0.0751 0.4670 0.2922 0.0949 0.0038 0.0668
75 0.2717 0.1345 0.4622 0.0255 0.0693 0.0368
76 0.0945 0.0483 0.8037 0.0359 0.0049 0.0128
77 0.1226 0.0661 0.7393 0.0349 0.0088 0.0287
78 0.1881 0.0543 0.6831 0.0569 0.0118 0.0059
79 0.1226 0.1188 0.7451 0.0080 0.0015 0.0042
80 0.2913 0.0731 0.6025 0.0267 0.0047 0.0019
81 0.1350 0.0740 0.4788 0.2043 0.0220 0.0858
82 0.1785 0.0575 0.6377 0.0566 0.0117 0.0580
83 0.1410 0.0185 0.5664 0.2361 0.0093 0.0286
84 0.0517 0.2336 0.6060 0.0619 0.0039 0.0429
85 0.0307 0.1334 0.6074 0.1254 0.0125 0.0903
86 0.1266 0.1504 0.2598 0.2054 0.2402 0.0175
87 0.2437 0.1216 0.3923 0.1854 0.0136 0.0433
88 0.0801 0.0685 0.7783 0.0614 0.0035 0.0082
89 0.0811 0.5586 0.2222 0.1189 0.0125 0.0067
90 0.3059 0.0863 0.5415 0.0532 0.0075 0.0056
91 0.1016 0.1702 0.5327 0.1265 0.0335 0.0357
92 0.0885 0.1964 0.6440 0.0313 0.0125 0.0274
93 0.1865 0.0881 0.5396 0.1080 0.0309 0.0468
94 0.2864 0.1086 0.3169 0.1544 0.0293 0.1045
95 0.0987 0.0927 0.3843 0.3235 0.0067 0.0942
96 0.0604 0.0516 0.8804 0.0056 0.0013 0.0007
97 0.1317 0.0978 0.7520 0.0055 0.0102 0.0029
98 0.1196 0.0917 0.4375 0.2035 0.0515 0.0961
99 0.0542 0.0952 0.4910 0.3220 0.0264 0.0113
100 0.2474 0.3008 0.1345 0.1868 0.0461 0.0842
101 0.1061 0.1967 0.6704 0.0099 0.0145 0.0024
102 0.0803 0.2698 0.6367 0.0028 0.0098 0.0006
103 0.2166 0.1852 0.5703 0.0216 0.0033 0.0030
104 0.1683 0.1070 0.6553 0.0241 0.0345 0.0109
105 0.0598 0.2766 0.5249 0.0466 0.0267 0.0657
106 0.0323 0.0878 0.1470 0.0276 0.7012 0.0040
107 0.0169 0.5308 0.3823 0.0290 0.0379 0.0028
108 0.0330 0.3330 0.5405 0.0548 0.0348 0.0042
109 0.1316 0.1217 0.1638 0.0184 0.5630 0.0018
110 0.0365 0.5537 0.3206 0.0570 0.0261 0.0060
111 0.0314 0.4839 0.3540 0.1030 0.0216 0.0058
112 0.0600 0.2861 0.5103 0.1078 0.0290 0.0068
113 0.0515 0.1730 0.5850 0.0570 0.1326 0.0007
114 0.0481 0.3499 0.4287 0.1154 0.0500 0.0077
115 0.0184 0.5635 0.2241 0.0405 0.1516 0.0020
116 0.1163 0.3472 0.2622 0.0449 0.2278 0.0017
117 0.0735 0.2448 0.3674 0.1484 0.1631 0.0028
118 0.0438 0.3210 0.4124 0.1317 0.0892 0.0020
119 0.1027 0.1747 0.3367 0.0787 0.3066 0.0006
120 0.0500 0.2854 0.4856 0.1306 0.0402 0.0083
121 0.0597 0.4175 0.3201 0.0578 0.1420 0.0030
122 0.0225 0.5244 0.3494 0.0768 0.0234 0.0032
123 0.1254 0.0760 0.2612 0.0611 0.4731 0.0033
124 0.1515 0.1316 0.4314 0.1198 0.1161 0.0496
125 0.0895 0.2433 0.4839 0.0999 0.0237 0.0596
126 0.1466 0.2324 0.4551 0.1098 0.0186 0.0374
127 0.0806 0.5381 0.1229 0.1831 0.0706 0.0047
128 0.0746 0.1351 0.1086 0.0638 0.6152 0.0026
129 0.1004 0.0807 0.7778 0.0347 0.0038 0.0028
130 0.0944 0.1968 0.2864 0.1462 0.2690 0.0071
131 0.0961 0.2396 0.5747 0.0640 0.0075 0.0181
132 0.0645 0.1941 0.5796 0.1224 0.0330 0.0064
133 0.0768 0.0553 0.8320 0.0274 0.0068 0.0019
134 0.0652 0.0106 0.8589 0.0421 0.0181 0.0052
135 0.1715 0.0220 0.6890 0.0947 0.0098 0.0127
136 0.0795 0.2979 0.3538 0.1924 0.0130 0.0634
137 0.2615 0.1755 0.5117 0.0273 0.0157 0.0083
138 0.2386 0.1182 0.5908 0.0402 0.0064 0.0059
139 0.2008 0.0745 0.6089 0.1042 0.0051 0.0065
140 0.0662 0.4854 0.3550 0.0488 0.0079 0.0368
141 0.0761 0.2515 0.4697 0.0940 0.0420 0.0667
142 0.0995 0.4392 0.4062 0.0378 0.0026 0.0145
143 0.0462 0.1514 0.6895 0.0278 0.0761 0.0092
144 0.1919 0.0764 0.3938 0.2075 0.0467 0.0839
145 0.3474 0.2791 0.2812 0.0594 0.0222 0.0105
146 0.1227 0.0850 0.6899 0.0642 0.0276 0.0103
147 0.1547 0.1014 0.5747 0.1204 0.0403 0.0087
148 0.1432 0.0822 0.4409 0.2166 0.0255 0.0917
149 0.0657 0.1359 0.3872 0.3064 0.0355 0.0694
150 0.0422 0.1475 0.3945 0.1322 0.2469 0.0367
151 0.0716 0.1771 0.6377 0.0732 0.0261 0.0140
152 0.1714 0.2656 0.2805 0.1688 0.0651 0.0487
153 0.1378 0.1235 0.5239 0.1207 0.0303 0.0636
154 0.0369 0.5635 0.3469 0.0199 0.0287 0.0043
155 0.0955 0.1246 0.7690 0.0054 0.0043 0.0009
156 0.1230 0.0776 0.7310 0.0478 0.0072 0.0136
157 0.1342 0.2213 0.4199 0.1984 0.0239 0.0024
158 0.1964 0.4062 0.3474 0.0393 0.0096 0.0010
159 0.0637 0.1458 0.5854 0.1930 0.0105 0.0017
160 0.1945 0.3132 0.3777 0.0303 0.0750 0.0092
161 0.1892 0.2283 0.5562 0.0130 0.0111 0.0021
162 0.1447 0.5288 0.2744 0.0242 0.0115 0.0162
163 0.1456 0.2053 0.3896 0.1246 0.0756 0.0593
164 0.2074 0.1787 0.3445 0.2520 0.0082 0.0091
165 0.2139 0.1437 0.2482 0.3186 0.0185 0.0571
166 0.2576 0.2345 0.4116 0.0088 0.0662 0.0215
167 0.0501 0.0936 0.2390 0.5469 0.0079 0.0623
168 0.0890 0.4448 0.4050 0.0451 0.0096 0.0066
169 0.0664 0.2754 0.6108 0.0133 0.0014 0.0329
170 0.0501 0.2095 0.7197 0.0180 0.0012 0.0013
171 0.2542 0.1404 0.3845 0.1360 0.0442 0.0408
172 0.0645 0.1686 0.7207 0.0367 0.0053 0.0041
173 0.0712 0.4397 0.4609 0.0127 0.0066 0.0089
174 0.0671 0.2168 0.6680 0.0236 0.0070 0.0178
175 0.0520 0.1392 0.7178 0.0699 0.0046 0.0165
176 0.0776 0.1804 0.2974 0.1183 0.3118 0.0147
177 0.2423 0.0710 0.6797 0.0047 0.0015 0.0007
178 0.1764 0.0944 0.6924 0.0266 0.0033 0.0072
179 0.1752 0.3376 0.2588 0.1006 0.0332 0.0945
180 0.0468 0.2866 0.6562 0.0056 0.0029 0.0017
181 0.0139 0.1750 0.8096 0.0005 0.0005 0.0004
182 0.0781 0.3667 0.5254 0.0186 0.0032 0.0080
183 0.0618 0.3877 0.5469 0.0015 0.0020 0.0003
184 0.1019 0.0819 0.6245 0.1249 0.0415 0.0256
185 0.1077 0.1980 0.2974 0.1519 0.2389 0.0063
186 0.0648 0.1460 0.1816 0.3726 0.0292 0.2058
187 0.0788 0.3267 0.2544 0.0764 0.0393 0.2245
188 0.0385 0.1047 0.5933 0.2081 0.0091 0.0464
189 0.1282 0.1807 0.5068 0.1079 0.0634 0.0132
190 0.3154 0.1688 0.3745 0.0671 0.0395 0.0348
191 0.0855 0.5078 0.2893 0.0804 0.0239 0.0129
192 0.0660 0.2340 0.2822 0.1196 0.2913 0.0067
193 0.0769 0.2388 0.5552 0.0679 0.0308 0.0306
194 0.1742 0.2344 0.2783 0.1235 0.1489 0.0407
195 0.2351 0.3877 0.2664 0.0567 0.0428 0.0114
196 0.0599 0.2279 0.6909 0.0072 0.0108 0.0033
197 0.0528 0.0884 0.7065 0.0805 0.0102 0.0617
198 0.0667 0.3960 0.2808 0.0773 0.1757 0.0037
199 0.1409 0.0450 0.7383 0.0592 0.0106 0.0062
200 0.2859 0.0920 0.6147 0.0054 0.0010 0.0012
201 0.0663 0.2406 0.4460 0.0845 0.0995 0.0632
202 0.1702 0.1624 0.5537 0.0607 0.0151 0.0383
203 0.0117 0.0966 0.7480 0.1012 0.0120 0.0306
204 0.1027 0.1438 0.6245 0.0825 0.0294 0.0172
205 0.1102 0.1182 0.7588 0.0064 0.0060 0.0002
206 0.0570 0.1598 0.7505 0.0167 0.0123 0.0034
207 0.0508 0.4817 0.2578 0.0905 0.0184 0.1010
208 0.2764 0.2363 0.3718 0.0698 0.0291 0.0167
209 0.0475 0.3071 0.5645 0.0521 0.0091 0.0196
210 0.1362 0.5142 0.3118 0.0240 0.0082 0.0058
211 0.0365 0.3572 0.3462 0.2269 0.0273 0.0060
212 0.1381 0.3210 0.2240 0.1002 0.1109 0.1058
213 0.2207 0.2461 0.4600 0.0562 0.0048 0.0123
214 0.1586 0.1586 0.6172 0.0458 0.0146 0.0050
215 0.0451 0.0287 0.1066 0.7397 0.0210 0.0589
216 0.2213 0.0182 0.2671 0.1724 0.3123 0.0089
217 0.0267 0.1158 0.3799 0.3005 0.0650 0.1122
218 0.1298 0.0864 0.6094 0.1199 0.0139 0.0408
219 0.1465 0.1753 0.4729 0.1809 0.0104 0.0141
220 0.0367 0.2319 0.5562 0.1475 0.0079 0.0198
221 0.0500 0.7466 0.1859 0.0138 0.0031 0.0005
222 0.2859 0.0460 0.0973 0.2905 0.0928 0.1875
