time exciting_prob fearful_prob tense_prob sad_prob relaxing_prob neutral_prob
0 0.1136 0.1553 0.1349 0.1288 0.0181 0.4492
1 0.1272 0.5356 0.1686 0.0370 0.0118 0.1196
2 0.0688 0.0597 0.2805 0.5581 0.0171 0.0158
3 0.1310 0.4866 0.1020 0.2408 0.0187 0.0210
4 0.1367 0.2399 0.2184 0.3438 0.0098 0.0515
5 0.2365 0.3362 0.2383 0.1445 0.0207 0.0240
6 0.0550 0.2211 0.3167 0.1862 0.0409 0.1804
7 0.0750 0.2788 0.4121 0.1516 0.0318 0.0508
8 0.0592 0.4731 0.0320 0.3408 0.0671 0.0278
9 0.0663 0.5420 0.0700 0.2123 0.0972 0.0125
10 0.1501 0.5845 0.0597 0.0499 0.1478 0.0078
11 0.0804 0.6475 0.0528 0.1445 0.0715 0.0031
12 0.1086 0.7080 0.1270 0.0120 0.0334 0.0111
13 0.1102 0.5381 0.1259 0.0384 0.1720 0.0152
14 0.1357 0.6274 0.1490 0.0320 0.0480 0.0079
15 0.0428 0.5815 0.2878 0.0456 0.0338 0.0082
16 0.1487 0.3621 0.0895 0.1510 0.1312 0.1176
17 0.0824 0.8066 0.0466 0.0217 0.0402 0.0024
18 0.0811 0.8315 0.0626 0.0075 0.0154 0.0017
19 0.0734 0.8135 0.0328 0.0344 0.0363 0.0095
20 0.1619 0.6255 0.0479 0.0324 0.1130 0.0193
21 0.1957 0.1047 0.2115 0.4478 0.0105 0.0298
22 0.0825 0.7070 0.1505 0.0296 0.0176 0.0128
23 0.1715 0.6372 0.0862 0.0401 0.0531 0.0120
24 0.1532 0.6763 0.1086 0.0258 0.0293 0.0070
25 0.1163 0.6802 0.1298 0.0201 0.0474 0.0065
26 0.1248 0.6240 0.1003 0.0445 0.0957 0.0108
27 0.2617 0.5283 0.0762 0.0249 0.0948 0.0140
28 0.2412 0.6260 0.0649 0.0262 0.0324 0.0094
29 0.2522 0.5684 0.0872 0.0390 0.0349 0.0186
30 0.2423 0.5088 0.0912 0.0441 0.0745 0.0389
31 0.3049 0.5654 0.0601 0.0324 0.0295 0.0075
32 0.1683 0.6816 0.0419 0.0707 0.0316 0.0056
33 0.3469 0.2900 0.0402 0.0528 0.2500 0.0201
34 0.3550 0.3083 0.0850 0.1001 0.1295 0.0220
35 0.3477 0.4395 0.0973 0.0266 0.0845 0.0047
36 0.1306 0.4351 0.3496 0.0704 0.0075 0.0069
37 0.2573 0.4016 0.1141 0.0954 0.0630 0.0687
38 0.2070 0.4966 0.1841 0.0631 0.0111 0.0380
39 0.1957 0.3201 0.2379 0.0797 0.1466 0.0200
40 0.1098 0.1548 0.3831 0.1512 0.0069 0.1942
41 0.1600 0.5503 0.2040 0.0622 0.0073 0.0164
42 0.2379 0.1635 0.4998 0.0495 0.0293 0.0201
43 0.3350 0.3350 0.1658 0.0691 0.0490 0.0464
44 0.1109 0.1218 0.1962 0.0173 0.5288 0.0249
45 0.2424 0.2295 0.1589 0.0366 0.3040 0.0285
46 0.2277 0.2294 0.1541 0.1403 0.1963 0.0524
47 0.3147 0.3247 0.0578 0.0649 0.2064 0.0312
48 0.2678 0.2786 0.0511 0.0562 0.3308 0.0156
49 0.2219 0.2634 0.1345 0.1444 0.1636 0.0720
50 0.2123 0.2388 0.2878 0.0806 0.1219 0.0585
51 0.1024 0.2573 0.3354 0.1178 0.1768 0.0103
52 0.1901 0.3494 0.1870 0.1285 0.1041 0.0408
53 0.3740 0.3125 0.1354 0.0429 0.1214 0.0138
54 0.1924 0.5229 0.2395 0.0226 0.0159 0.0065
55 0.2122 0.4634 0.2480 0.0315 0.0421 0.0029
56 0.2083 0.3328 0.1621 0.1234 0.1409 0.0327
57 0.0714 0.2434 0.3274 0.1571 0.1597 0.0410
58 0.1848 0.2527 0.0765 0.0997 0.3481 0.0381
59 0.1031 0.4338 0.2632 0.0273 0.1621 0.0103
60 0.3840 0.3037 0.1126 0.1033 0.0762 0.0202
61 0.1714 0.4658 0.1810 0.0398 0.1151 0.0269
62 0.1893 0.4648 0.1658 0.0279 0.1232 0.0288
63 0.2637 0.4180 0.1305 0.0255 0.1490 0.0134
64 0.1478 0.4812 0.1587 0.0570 0.1099 0.0454
65 0.2493 0.5840 0.0797 0.0253 0.0397 0.0221
66 0.3931 0.4490 0.0571 0.0283 0.0466 0.0259
67 0.2229 0.2336 0.3347 0.0701 0.0908 0.0479
68 0.3350 0.3171 0.2079 0.0475 0.0685 0.0241
69 0.2175 0.2666 0.1604 0.1004 0.0788 0.1761
70 0.1367 0.2400 0.2134 0.0856 0.2849 0.0395
71 0.1089 0.0737 0.1661 0.3057 0.1769 0.1687
72 0.4519 0.1649 0.2534 0.0829 0.0398 0.0070
73 0.1283 0.5273 0.2378 0.0766 0.0223 0.0075
74 0.2573 0.2134 0.3518 0.1040 0.0646 0.0087
75 0.2686 0.2771 0.1310 0.2605 0.0513 0.0115
76 0.1957 0.4768 0.2454 0.0286 0.0433 0.0103
77 0.1931 0.3364 0.3313 0.0647 0.0657 0.0088
78 0.2500 0.2224 0.2683 0.0299 0.2172 0.0124
79 0.1909 0.3567 0.3540 0.0173 0.0676 0.0134
80 0.1970 0.2610 0.4236 0.1022 0.0059 0.0101
81 0.3037 0.2559 0.1992 0.1600 0.0575 0.0236
82 0.1573 0.0842 0.2437 0.2939 0.0755 0.1455
83 0.1125 0.5625 0.2496 0.0495 0.0213 0.0046
84 0.2471 0.3298 0.0703 0.2756 0.0385 0.0388
85 0.3313 0.3418 0.1403 0.0411 0.0995 0.0459
86 0.1613 0.1074 0.1827 0.2310 0.1562 0.1613
87 0.1589 0.2386 0.2539 0.0787 0.2462 0.0236
88 0.2957 0.5835 0.0237 0.0556 0.0201 0.0213
89 0.0751 0.8657 0.0485 0.0056 0.0047 0.0007
90 0.1945 0.5630 0.1198 0.1091 0.0108 0.0029
91 0.1500 0.3030 0.3079 0.2051 0.0298 0.0043
92 0.2385 0.3608 0.2349 0.0374 0.1257 0.0026
93 0.2058 0.4822 0.0800 0.0520 0.0928 0.0872
94 0.2500 0.5210 0.0613 0.0603 0.0492 0.0580
95 0.2379 0.5752 0.0882 0.0359 0.0480 0.0147
96 0.3394 0.4863 0.1182 0.0166 0.0196 0.0198
97 0.2069 0.3660 0.2168 0.0249 0.1688 0.0165
98 0.0778 0.2959 0.3457 0.2377 0.0161 0.0269
99 0.3701 0.1776 0.2209 0.1449 0.0246 0.0619
100 0.2952 0.3020 0.1642 0.1920 0.0093 0.0372
101 0.1542 0.6240 0.1666 0.0402 0.0117 0.0033
102 0.1054 0.1909 0.5566 0.0192 0.1149 0.0128
103 0.3657 0.1206 0.1305 0.1345 0.2052 0.0433
104 0.1957 0.1598 0.1107 0.1254 0.4016 0.0069
105 0.2605 0.1906 0.2159 0.1121 0.2159 0.0049
106 0.2230 0.3735 0.2000 0.1439 0.0144 0.0453
107 0.1355 0.2651 0.2869 0.2571 0.0094 0.0461
108 0.1159 0.5571 0.2286 0.0367 0.0552 0.0062
109 0.3000 0.0820 0.1417 0.1683 0.3000 0.0080
110 0.3579 0.1237 0.1886 0.1002 0.2104 0.0193
111 0.3394 0.2333 0.1980 0.0287 0.1995 0.0012
112 0.3557 0.1309 0.1720 0.2058 0.1309 0.0047
113 0.2244 0.1119 0.1592 0.2666 0.2352 0.0028
114 0.1001 0.6948 0.1650 0.0257 0.0082 0.0060
115 0.2500 0.2561 0.4124 0.0242 0.0512 0.0063
116 0.2247 0.5474 0.1644 0.0334 0.0240 0.0060
117 0.1401 0.4382 0.3577 0.0386 0.0227 0.0026
118 0.1904 0.3140 0.2971 0.1591 0.0294 0.0099
119 0.2559 0.0520 0.1425 0.4319 0.1093 0.0084
120 0.1821 0.4041 0.1685 0.1185 0.0206 0.1063
121 0.2021 0.5044 0.2382 0.0163 0.0211 0.0181
122 0.2097 0.3979 0.2568 0.0902 0.0279 0.0172
123 0.2358 0.4204 0.2433 0.0258 0.0645 0.0103
124 0.4268 0.0802 0.1204 0.2080 0.1242 0.0406
125 0.4146 0.1537 0.1783 0.1367 0.0876 0.0289
126 0.3054 0.1366 0.2551 0.1124 0.0903 0.1000
127 0.5850 0.1099 0.0904 0.0732 0.1161 0.0255
128 0.1573 0.2344 0.1755 0.2676 0.1549 0.0102
129 0.1040 0.2656 0.1188 0.2456 0.2573 0.0085
130 0.1226 0.2477 0.0636 0.3604 0.1898 0.0160
131 0.2313 0.4390 0.0500 0.0459 0.2296 0.0040
132 0.1860 0.4226 0.0690 0.0633 0.2524 0.0067
133 0.2332 0.2368 0.4189 0.0235 0.0652 0.0224
134 0.3208 0.1306 0.0733 0.2240 0.1153 0.1359
135 0.4016 0.1235 0.0709 0.1512 0.1421 0.1107
136 0.3435 0.2307 0.1741 0.0749 0.1388 0.0380
137 0.0952 0.4907 0.2754 0.0505 0.0789 0.0093
138 0.3623 0.0433 0.0848 0.0235 0.4617 0.0243
139 0.1870 0.0173 0.0495 0.0173 0.6841 0.0451
140 0.1691 0.0170 0.0473 0.0389 0.6792 0.0488
141 0.4316 0.3208 0.0884 0.0805 0.0257 0.0528
142 0.1836 0.0180 0.1185 0.4688 0.0909 0.1204
143 0.0956 0.2681 0.3721 0.2311 0.0278 0.0053
144 0.5664 0.1377 0.0903 0.0440 0.1536 0.0081
145 0.2316 0.3560 0.1965 0.0988 0.0572 0.0599
146 0.1523 0.6216 0.1476 0.0498 0.0123 0.0164
147 0.0951 0.6396 0.1383 0.1077 0.0046 0.0147
148 0.2047 0.5566 0.1864 0.0342 0.0085 0.0098
149 0.4385 0.2460 0.1799 0.0184 0.0978 0.0196
150 0.3704 0.1166 0.3452 0.0853 0.0568 0.0256
151 0.4041 0.1710 0.3074 0.0167 0.0385 0.0624
152 0.4456 0.1246 0.2155 0.0632 0.1010 0.0504
153 0.1298 0.6797 0.1392 0.0139 0.0292 0.0081
154 0.1117 0.6279 0.1771 0.0451 0.0317 0.0065
155 0.1398 0.6514 0.1674 0.0232 0.0166 0.0016
156 0.1605 0.6499 0.0914 0.0238 0.0409 0.0336
157 0.1030 0.7373 0.0783 0.0400 0.0248 0.0164
158 0.0953 0.8105 0.0309 0.0373 0.0128 0.0133
159 0.2251 0.1852 0.3328 0.1106 0.1055 0.0410
160 0.1254 0.0835 0.1584 0.5889 0.0218 0.0221
161 0.0692 0.7798 0.0999 0.0230 0.0239 0.0039
162 0.1136 0.4565 0.2812 0.1210 0.0194 0.0082
163 0.1803 0.4531 0.1393 0.0872 0.0609 0.0793
164 0.0988 0.4326 0.1102 0.2793 0.0066 0.0723
165 0.0767 0.4209 0.3032 0.1700 0.0089 0.0202
166 0.0904 0.2168 0.4810 0.1444 0.0077 0.0597
167 0.0816 0.3303 0.4377 0.1254 0.0048 0.0202
168 0.4485 0.1929 0.2363 0.0300 0.0398 0.0523
169 0.4238 0.2415 0.1660 0.0416 0.0606 0.0665
170 0.3091 0.3140 0.1654 0.0950 0.0550 0.0618
171 0.1548 0.4998 0.1987 0.0754 0.0362 0.0351
172 0.1837 0.5234 0.1215 0.0692 0.0243 0.0778
173 0.1790 0.4033 0.3450 0.0226 0.0390 0.0114
174 0.1431 0.4546 0.3652 0.0068 0.0291 0.0014
175 0.2448 0.3479 0.2908 0.0304 0.0807 0.0055
176 0.1125 0.2103 0.4739 0.1469 0.0523 0.0041
177 0.0327 0.1741 0.4734 0.1089 0.2068 0.0041
178 0.0712 0.1904 0.1964 0.0283 0.5015 0.0120
179 0.2080 0.4270 0.1322 0.0815 0.1223 0.0291
180 0.1237 0.6089 0.1296 0.0622 0.0540 0.0217
181 0.1483 0.4292 0.2092 0.0807 0.0439 0.0886
182 0.2683 0.2330 0.2559 0.1296 0.0363 0.0768
183 0.0586 0.4536 0.2045 0.1077 0.1643 0.0115
184 0.0675 0.2588 0.3484 0.1213 0.1924 0.0117
185 0.1603 0.2522 0.4565 0.0723 0.0178 0.0408
186 0.0626 0.3008 0.5200 0.0810 0.0064 0.0293
187 0.1006 0.3052 0.3149 0.2198 0.0109 0.0483
188 0.3604 0.2830 0.2383 0.0208 0.0756 0.0220
189 0.3997 0.2664 0.1948 0.0114 0.0920 0.0358
190 0.2510 0.3457 0.2113 0.0337 0.0923 0.0660
191 0.3459 0.3828 0.1312 0.0167 0.0888 0.0345
192 0.0697 0.5439 0.3149 0.0534 0.0071 0.0108
193 0.1759 0.6797 0.0864 0.0149 0.0349 0.0084
194 0.2076 0.4004 0.2688 0.0740 0.0412 0.0080
195 0.2576 0.1009 0.4739 0.0699 0.0721 0.0257
196 0.1512 0.2493 0.3459 0.1141 0.1293 0.0100
197 0.0480 0.2942 0.3660 0.2255 0.0213 0.0451
198 0.0310 0.2148 0.3599 0.3328 0.0253 0.0362
199 0.4260 0.1708 0.2837 0.1019 0.0096 0.0081
200 0.1125 0.1974 0.1798 0.2457 0.1411 0.1235
201 0.0384 0.1965 0.5342 0.1119 0.1155 0.0036
202 0.1155 0.1146 0.6753 0.0264 0.0164 0.0517
203 0.3757 0.2905 0.2815 0.0254 0.0237 0.0033
204 0.1342 0.3535 0.3591 0.0840 0.0387 0.0306
205 0.1589 0.2993 0.3997 0.0399 0.0452 0.0571
206 0.0536 0.2896 0.2808 0.0904 0.2852 0.0007
207 0.0945 0.1088 0.3052 0.0660 0.4109 0.0145
208 0.1708 0.4573 0.1484 0.0299 0.1776 0.0160
209 0.3181 0.2764 0.0616 0.2496 0.0792 0.0151
210 0.2185 0.5581 0.0688 0.1024 0.0424 0.0098
211 0.2620 0.3472 0.0831 0.1247 0.1787 0.0045
212 0.0892 0.2837 0.2925 0.0500 0.2583 0.0264
213 0.1508 0.4163 0.3142 0.0387 0.0789 0.0011
214 0.0608 0.4822 0.3472 0.0769 0.0159 0.0170
215 0.1059 0.4155 0.2332 0.1182 0.0831 0.0442
216 0.2396 0.3250 0.3030 0.0379 0.0737 0.0209
217 0.0953 0.0319 0.0239 0.0288 0.8101 0.0098
218 0.0948 0.0274 0.0122 0.0274 0.8320 0.0061
219 0.1094 0.0266 0.0149 0.0235 0.8213 0.0044
220 0.0504 0.4087 0.2810 0.2188 0.0105 0.0308
221 0.1816 0.4460 0.2424 0.0913 0.0056 0.0331
222 0.1292 0.1583 0.3247 0.3298 0.0526 0.0051
223 0.1142 0.2961 0.2698 0.1315 0.0715 0.1169
224 0.1658 0.0747 0.0807 0.2954 0.0538 0.3296
225 0.0313 0.0104 0.0207 0.9307 0.0050 0.0017
226 0.1455 0.0726 0.0523 0.6885 0.0388 0.0023
227 0.2415 0.1223 0.0391 0.4954 0.1006 0.0012
228 0.2260 0.1517 0.0613 0.4858 0.0739 0.0013
229 0.1074 0.0786 0.0349 0.7397 0.0380 0.0012
230 0.1009 0.0843 0.0322 0.7451 0.0360 0.0013
231 0.1400 0.1108 0.0933 0.3108 0.0532 0.2920
232 0.8276 0.0886 0.0489 0.0084 0.0246 0.0018
233 0.8652 0.0721 0.0399 0.0062 0.0157 0.0008
234 0.8701 0.0703 0.0388 0.0054 0.0145 0.0007
235 0.8701 0.0703 0.0388 0.0055 0.0146 0.0007
236 0.8701 0.0703 0.0388 0.0055 0.0146 0.0007
