time exciting_prob fearful_prob tense_prob sad_prob relaxing_prob neutral_prob
0 0.2930 0.0712 0.2211 0.0144 0.1165 0.2839
1 0.5459 0.0756 0.1154 0.0111 0.0705 0.1815
2 0.3911 0.0493 0.2908 0.0091 0.0600 0.1998
3 0.2563 0.0122 0.1120 0.0599 0.0497 0.5098
4 0.3884 0.0471 0.1130 0.0231 0.1013 0.3271
5 0.2050 0.5400 0.2098 0.0345 0.0094 0.0014
6 0.1087 0.0475 0.6558 0.1632 0.0038 0.0211
7 0.2183 0.1548 0.2435 0.3542 0.0159 0.0131
8 0.2529 0.1487 0.1006 0.4800 0.0064 0.0112
9 0.3464 0.4922 0.1284 0.0206 0.0086 0.0038
10 0.3171 0.5029 0.1130 0.0350 0.0083 0.0239
11 0.3596 0.3623 0.2032 0.0483 0.0117 0.0150
12 0.3486 0.0223 0.2050 0.3486 0.0175 0.0583
13 0.3005 0.3459 0.2551 0.0666 0.0226 0.0089
14 0.1497 0.2546 0.2627 0.2886 0.0283 0.0163
15 0.0726 0.1781 0.1941 0.5195 0.0065 0.0291
16 0.1595 0.4688 0.1985 0.1620 0.0057 0.0055
17 0.2283 0.3145 0.2908 0.1194 0.0079 0.0391
18 0.2617 0.2896 0.2537 0.0756 0.1188 0.0009
19 0.0873 0.6450 0.1791 0.0260 0.0059 0.0568
20 0.3445 0.3237 0.0972 0.0562 0.0445 0.1339
21 0.4551 0.0479 0.0450 0.1160 0.0330 0.3030
22 0.5791 0.0778 0.1420 0.1262 0.0692 0.0059
23 0.2625 0.1604 0.0418 0.0099 0.5220 0.0034
24 0.1188 0.0111 0.0346 0.0579 0.7632 0.0145
25 0.3542 0.0687 0.0548 0.0565 0.4622 0.0036
26 0.2590 0.0902 0.0490 0.0076 0.5928 0.0015
27 0.2905 0.0179 0.1020 0.2485 0.0117 0.3293
28 0.7495 0.1014 0.0681 0.0172 0.0133 0.0502
29 0.7676 0.0616 0.0592 0.0253 0.0143 0.0720
30 0.1984 0.3145 0.1375 0.3049 0.0208 0.0241
31 0.5103 0.0493 0.0449 0.2391 0.0894 0.0670
32 0.3521 0.3010 0.1743 0.0602 0.0919 0.0205
33 0.0302 0.2111 0.2795 0.4683 0.0016 0.0092
34 0.4729 0.2164 0.1488 0.1465 0.0125 0.0030
35 0.5957 0.1471 0.1628 0.0787 0.0143 0.0013
36 0.2969 0.2520 0.1257 0.2788 0.0363 0.0102
37 0.1193 0.3044 0.2905 0.1967 0.0865 0.0024
38 0.5396 0.2266 0.0691 0.0432 0.1194 0.0023
39 0.3770 0.1740 0.0875 0.3198 0.0239 0.0178
40 0.3821 0.3533 0.1631 0.0795 0.0181 0.0040
41 0.6377 0.0761 0.0792 0.0948 0.0536 0.0588
42 0.8403 0.0906 0.0306 0.0266 0.0113 0.0005
43 0.4309 0.0992 0.0932 0.1187 0.0218 0.2361
44 0.4036 0.0071 0.0425 0.2688 0.0482 0.2299
45 0.5610 0.0681 0.1281 0.0783 0.0241 0.1407
46 0.2142 0.0235 0.0399 0.0467 0.0160 0.6597
47 0.6450 0.0654 0.1193 0.1156 0.0264 0.0285
48 0.5913 0.0471 0.1748 0.0309 0.0555 0.1004
49 0.2998 0.0501 0.1891 0.0456 0.0591 0.3562
50 0.3149 0.2034 0.2651 0.1071 0.0429 0.0665
51 0.2964 0.0688 0.0978 0.4812 0.0346 0.0213
52 0.2505 0.0879 0.2297 0.1111 0.0604 0.2605
53 0.6606 0.0547 0.0860 0.1078 0.0381 0.0526
54 0.7134 0.0928 0.0533 0.1004 0.0331 0.0069
55 0.5205 0.1049 0.1227 0.1503 0.0161 0.0856
56 0.2771 0.1483 0.2859 0.1642 0.1020 0.0222
57 0.5059 0.0852 0.1906 0.1383 0.0590 0.0212
58 0.4189 0.0333 0.1329 0.0529 0.0892 0.2727
59 0.5005 0.0359 0.0823 0.0444 0.0312 0.3059
60 0.3962 0.0558 0.0739 0.3811 0.0336 0.0594
61 0.5732 0.1642 0.1438 0.0648 0.0474 0.0067
62 0.4270 0.1621 0.2081 0.0426 0.1476 0.0126
63 0.3469 0.3665 0.2008 0.0161 0.0668 0.0027
64 0.5137 0.0973 0.1240 0.0807 0.0757 0.1085
65 0.5830 0.1130 0.0685 0.1251 0.0309 0.0795
66 0.4744 0.0799 0.1180 0.1171 0.0190 0.1917
67 0.3130 0.0386 0.1226 0.2325 0.1151 0.1783
68 0.3979 0.0429 0.1158 0.1006 0.0605 0.2822
69 0.0967 0.1475 0.0460 0.0016 0.7036 0.0048
70 0.1720 0.4192 0.0819 0.0016 0.3213 0.0040
71 0.2349 0.0383 0.1042 0.4819 0.1144 0.0264
72 0.2428 0.3044 0.1776 0.1920 0.0735 0.0095
73 0.2032 0.1429 0.1149 0.4438 0.0923 0.0028
74 0.0737 0.0437 0.0189 0.0544 0.7930 0.0164
75 0.1006 0.0329 0.0232 0.0498 0.7793 0.0141
76 0.1205 0.2395 0.0573 0.0239 0.5527 0.0061
77 0.0446 0.1004 0.0501 0.5425 0.2563 0.0060
78 0.1466 0.5488 0.0479 0.0855 0.1700 0.0012
79 0.1960 0.2988 0.0792 0.0215 0.3494 0.0549
80 0.0560 0.0064 0.0061 0.4072 0.5229 0.0016
81 0.0726 0.0066 0.0218 0.1024 0.7334 0.0631
82 0.1110 0.3696 0.1666 0.1060 0.1339 0.1127
83 0.1260 0.5474 0.0595 0.0275 0.2355 0.0042
84 0.0467 0.0648 0.1051 0.4861 0.2686 0.0290
85 0.3616 0.2159 0.0718 0.0572 0.1891 0.1044
86 0.1702 0.2477 0.0897 0.0593 0.3835 0.0495
87 0.0193 0.0533 0.0270 0.1147 0.7837 0.0017
88 0.2959 0.5278 0.0552 0.0518 0.0681 0.0012
89 0.2729 0.4680 0.0966 0.1061 0.0555 0.0009
90 0.6016 0.0547 0.0468 0.0464 0.1130 0.1375
91 0.3083 0.0699 0.1527 0.0528 0.0077 0.4084
92 0.1266 0.1083 0.0196 0.0088 0.7285 0.0085
93 0.2949 0.1102 0.0181 0.0222 0.5337 0.0209
94 0.0285 0.0156 0.0035 0.0652 0.8867 0.0004
95 0.0722 0.0153 0.0112 0.1482 0.7524 0.0006
96 0.2042 0.1747 0.0819 0.4900 0.0252 0.0240
97 0.1117 0.0657 0.0926 0.6738 0.0205 0.0357
98 0.1261 0.1222 0.0807 0.5830 0.0439 0.0443
99 0.2024 0.1576 0.0366 0.1050 0.4634 0.0352
100 0.2294 0.0598 0.0562 0.1317 0.5088 0.0142
101 0.0065 0.1032 0.0070 0.8779 0.0020 0.0033
102 0.3059 0.1025 0.0282 0.4775 0.0743 0.0117
103 0.3708 0.0348 0.1344 0.3948 0.0237 0.0413
104 0.2720 0.0849 0.0918 0.4280 0.0750 0.0484
105 0.4915 0.2490 0.0494 0.0487 0.1122 0.0490
106 0.3301 0.0362 0.0938 0.3982 0.0457 0.0961
107 0.6514 0.0218 0.0284 0.0656 0.0245 0.2083
108 0.4463 0.1201 0.3215 0.0525 0.0533 0.0063
109 0.6597 0.2727 0.0292 0.0119 0.0127 0.0140
110 0.6465 0.0436 0.1454 0.0410 0.0213 0.1023
111 0.6362 0.0655 0.0991 0.0312 0.0487 0.1195
112 0.7388 0.1512 0.0519 0.0320 0.0232 0.0029
113 0.5029 0.0736 0.0450 0.0938 0.1080 0.1766
114 0.2878 0.0259 0.0652 0.0366 0.2922 0.2922
115 0.6538 0.0396 0.0608 0.0134 0.0885 0.1437
116 0.7808 0.0211 0.0947 0.0349 0.0503 0.0184
117 0.3870 0.2659 0.0528 0.1434 0.0798 0.0710
118 0.2529 0.4202 0.2820 0.0179 0.0171 0.0100
119 0.4602 0.0177 0.0396 0.0885 0.0126 0.3816
120 0.5200 0.0195 0.1378 0.1041 0.0441 0.1743
121 0.4595 0.3062 0.0830 0.0126 0.1379 0.0010
122 0.5405 0.0101 0.1205 0.0552 0.0450 0.2288
123 0.4006 0.0154 0.1619 0.0619 0.1013 0.2588
124 0.5649 0.0951 0.0866 0.2178 0.0288 0.0071
125 0.4194 0.0105 0.0521 0.1028 0.0210 0.3940
126 0.4739 0.1057 0.1236 0.1368 0.1445 0.0154
127 0.2500 0.1136 0.0899 0.1119 0.4092 0.0253
128 0.0411 0.0637 0.1991 0.5410 0.0203 0.1348
129 0.0277 0.0077 0.0037 0.0004 0.9600 0.0004
130 0.1298 0.0972 0.1238 0.5815 0.0533 0.0142
131 0.4170 0.3623 0.0854 0.1213 0.0128 0.0012
132 0.2350 0.0151 0.0142 0.5908 0.1403 0.0048
133 0.4209 0.0682 0.0969 0.0602 0.0458 0.3081
134 0.3547 0.0205 0.1082 0.0911 0.0597 0.3660
135 0.5601 0.2773 0.0629 0.0169 0.0525 0.0302
136 0.1899 0.6377 0.0682 0.0106 0.0890 0.0047
137 0.4297 0.2729 0.0814 0.0121 0.1569 0.0471
138 0.3318 0.0064 0.0323 0.0378 0.0180 0.5732
139 0.4673 0.2173 0.1414 0.0717 0.0706 0.0320
140 0.4375 0.3225 0.0909 0.0186 0.1196 0.0109
141 0.4255 0.1248 0.1084 0.1505 0.0781 0.1127
142 0.3760 0.1299 0.1981 0.1020 0.1531 0.0409
143 0.3987 0.0515 0.0836 0.3357 0.0296 0.1008
144 0.1481 0.3389 0.1317 0.2661 0.0068 0.1083
145 0.1313 0.3984 0.1031 0.3628 0.0037 0.0007
146 0.1794 0.0991 0.3301 0.1910 0.0152 0.1852
147 0.0742 0.1808 0.3828 0.3486 0.0040 0.0096
148 0.1345 0.6367 0.1489 0.0343 0.0164 0.0293
149 0.4915 0.3513 0.0754 0.0367 0.0026 0.0426
150 0.0401 0.5898 0.3413 0.0217 0.0013 0.0059
151 0.1613 0.4214 0.2439 0.0970 0.0128 0.0636
152 0.0950 0.2793 0.2974 0.2883 0.0155 0.0244
153 0.3809 0.2401 0.2830 0.0386 0.0071 0.0504
154 0.4211 0.4082 0.0737 0.0773 0.0083 0.0113
155 0.5005 0.1433 0.1479 0.0662 0.0829 0.0593
156 0.0979 0.1718 0.1718 0.5049 0.0287 0.0249
157 0.2947 0.0700 0.0706 0.2993 0.1815 0.0838
158 0.3547 0.2085 0.0661 0.2085 0.1226 0.0398
159 0.2842 0.2649 0.4009 0.0279 0.0143 0.0078
160 0.3179 0.2939 0.2117 0.1389 0.0195 0.0181
161 0.1825 0.0704 0.5981 0.1040 0.0103 0.0345
162 0.1637 0.2290 0.5449 0.0491 0.0084 0.0048
163 0.5781 0.2014 0.0966 0.0894 0.0138 0.0204
164 0.2759 0.4270 0.2491 0.0291 0.0050 0.0139
165 0.3542 0.4272 0.1243 0.0625 0.0097 0.0221
166 0.2395 0.5483 0.1608 0.0322 0.0150 0.0043
167 0.3853 0.3911 0.1138 0.0873 0.0084 0.0141
168 0.3167 0.3645 0.1405 0.1310 0.0281 0.0195
169 0.0670 0.2338 0.3298 0.3621 0.0051 0.0022
170 0.3376 0.0953 0.1954 0.2651 0.0081 0.0983
171 0.8979 0.0356 0.0096 0.0433 0.0056 0.0079
172 0.4312 0.3130 0.0883 0.1324 0.0133 0.0220
173 0.3391 0.5332 0.1092 0.0148 0.0025 0.0012
174 0.4746 0.1448 0.1381 0.2330 0.0080 0.0016
175 0.0923 0.0551 0.3979 0.3003 0.1522 0.0019
176 0.3096 0.2095 0.3943 0.0513 0.0055 0.0299
177 0.5063 0.0568 0.0299 0.3850 0.0061 0.0159
178 0.1318 0.3164 0.3999 0.1339 0.0076 0.0105
179 0.2346 0.3494 0.1411 0.1562 0.1001 0.0185
180 0.2356 0.4333 0.2214 0.0702 0.0189 0.0204
181 0.6235 0.1042 0.0694 0.1665 0.0098 0.0264
182 0.7046 0.0895 0.0939 0.0645 0.0351 0.0125
183 0.7920 0.0454 0.0530 0.1007 0.0037 0.0053
184 0.7900 0.1021 0.0326 0.0370 0.0121 0.0260
185 0.4778 0.1562 0.2310 0.1025 0.0244 0.0081
186 0.0833 0.1230 0.5264 0.1997 0.0638 0.0038
187 0.2256 0.0636 0.2517 0.4417 0.0151 0.0024
188 0.2859 0.1210 0.4128 0.1566 0.0215 0.0021
189 0.3110 0.3159 0.2681 0.0571 0.0371 0.0105
190 0.3452 0.4363 0.1669 0.0429 0.0073 0.0014
191 0.4114 0.3010 0.1869 0.0836 0.0145 0.0028
192 0.5283 0.0194 0.0836 0.3357 0.0121 0.0211
193 0.4192 0.3115 0.1681 0.0851 0.0112 0.0049
194 0.1362 0.2013 0.4905 0.1696 0.0015 0.0009
195 0.5938 0.0216 0.0468 0.2532 0.0081 0.0767
196 0.1245 0.1433 0.2327 0.4626 0.0282 0.0085
197 0.6387 0.0695 0.0415 0.2207 0.0165 0.0133
198 0.4858 0.0717 0.2812 0.1459 0.0137 0.0016
199 0.3076 0.2610 0.2529 0.1195 0.0569 0.0022
200 0.3291 0.3789 0.1630 0.0770 0.0323 0.0199
201 0.2683 0.2025 0.4492 0.0268 0.0227 0.0303
202 0.3040 0.3667 0.1979 0.0972 0.0328 0.0015
203 0.6436 0.0949 0.0485 0.1614 0.0159 0.0360
204 0.4648 0.3049 0.0777 0.0887 0.0429 0.0208
205 0.1700 0.2849 0.4624 0.0693 0.0111 0.0023
206 0.1804 0.0316 0.0211 0.6704 0.0900 0.0065
207 0.3711 0.1547 0.0803 0.3540 0.0249 0.0150
208 0.4136 0.1835 0.0718 0.2266 0.1006 0.0039
209 0.0565 0.0797 0.2166 0.5615 0.0660 0.0195
210 0.1156 0.0513 0.0634 0.7305 0.0342 0.0049
211 0.3376 0.1608 0.3538 0.1418 0.0052 0.0007
212 0.7012 0.1144 0.1403 0.0411 0.0010 0.0023
213 0.1786 0.3811 0.3259 0.0694 0.0208 0.0244
214 0.3149 0.1781 0.0841 0.3352 0.0828 0.0046
215 0.5962 0.1630 0.0886 0.1230 0.0115 0.0180
216 0.5410 0.2477 0.0804 0.0986 0.0285 0.0037
217 0.5024 0.1544 0.1697 0.1569 0.0103 0.0063
218 0.3677 0.2230 0.2754 0.0753 0.0577 0.0007
219 0.1550 0.2966 0.2346 0.3059 0.0070 0.0006
220 0.4780 0.1033 0.2072 0.1208 0.0180 0.0728
221 0.2041 0.0323 0.1307 0.5381 0.0296 0.0652
222 0.4587 0.1345 0.1741 0.2167 0.0110 0.0048
223 0.2208 0.6147 0.1137 0.0248 0.0082 0.0179
224 0.3291 0.0418 0.2061 0.2905 0.0439 0.0886
225 0.2639 0.2440 0.4524 0.0187 0.0102 0.0110
226 0.1117 0.0424 0.1117 0.0970 0.6328 0.0046
227 0.1854 0.0856 0.3987 0.1422 0.1825 0.0057
228 0.2286 0.0778 0.3950 0.1809 0.1115 0.0061
229 0.2368 0.1505 0.1076 0.4460 0.0567 0.0024
230 0.1309 0.4390 0.2074 0.0139 0.2074 0.0014
231 0.1240 0.5303 0.2280 0.0384 0.0764 0.0032
232 0.0741 0.1749 0.3320 0.1384 0.2668 0.0136
233 0.1274 0.2272 0.1455 0.0611 0.4312 0.0077
234 0.1472 0.1592 0.1012 0.1129 0.4678 0.0117
235 0.1136 0.1553 0.1349 0.1288 0.0181 0.4492
236 0.1136 0.1553 0.1349 0.1288 0.0181 0.4492
237 0.7080 0.1655 0.0669 0.0328 0.0242 0.0027
238 0.6382 0.1515 0.1010 0.0756 0.0274 0.0065
239 0.6382 0.1515 0.1010 0.0756 0.0274 0.0065
240 0.6382 0.1515 0.1010 0.0756 0.0274 0.0065
241 0.6382 0.1515 0.1010 0.0756 0.0274 0.0065
242 0.6382 0.1515 0.1010 0.0756 0.0274 0.0065
