time exciting_prob fearful_prob tense_prob sad_prob relaxing_prob neutral_prob
0 0.2032 0.0822 0.1583 0.3149 0.1038 0.1376
1 0.0345 0.2430 0.2627 0.3884 0.0388 0.0326
2 0.0386 0.1306 0.2808 0.4351 0.0792 0.0357
3 0.0763 0.3696 0.2664 0.2140 0.0643 0.0095
4 0.0422 0.3374 0.5391 0.0595 0.0180 0.0039
5 0.0304 0.7778 0.0820 0.0457 0.0538 0.0101
6 0.0291 0.8174 0.0709 0.0232 0.0527 0.0067
7 0.0784 0.5840 0.1523 0.0910 0.0731 0.0211
8 0.0474 0.7124 0.1371 0.0806 0.0176 0.0050
9 0.0980 0.3315 0.0590 0.3264 0.0886 0.0965
10 0.0660 0.3252 0.4880 0.0790 0.0368 0.0051
11 0.0203 0.3662 0.5410 0.0570 0.0060 0.0092
12 0.0106 0.4304 0.5029 0.0464 0.0022 0.0073
13 0.0687 0.4341 0.2759 0.1420 0.0510 0.0284
14 0.1277 0.2423 0.3064 0.2349 0.0673 0.0213
15 0.0498 0.5190 0.2097 0.1940 0.0092 0.0183
16 0.0406 0.5342 0.2061 0.1935 0.0119 0.0136
17 0.0646 0.4177 0.1216 0.3408 0.0392 0.0161
18 0.0558 0.6899 0.1109 0.0545 0.0745 0.0144
19 0.0492 0.7349 0.1287 0.0229 0.0463 0.0180
20 0.0517 0.8086 0.1069 0.0092 0.0190 0.0044
21 0.0120 0.8984 0.0773 0.0048 0.0058 0.0015
22 0.0076 0.9438 0.0372 0.0047 0.0060 0.0007
23 0.0041 0.9175 0.0577 0.0079 0.0122 0.0008
24 0.0643 0.8086 0.0406 0.0321 0.0467 0.0075
25 0.0442 0.7358 0.0478 0.0165 0.1449 0.0108
26 0.0669 0.6553 0.0533 0.0513 0.1593 0.0140
27 0.0636 0.6421 0.0977 0.0215 0.1729 0.0023
28 0.0438 0.5815 0.0567 0.1163 0.1963 0.0054
29 0.0269 0.7793 0.0888 0.0394 0.0635 0.0022
30 0.0247 0.6284 0.0912 0.1101 0.1381 0.0072
31 0.0238 0.7417 0.1202 0.0586 0.0501 0.0055
32 0.0313 0.7891 0.1350 0.0227 0.0202 0.0017
33 0.0283 0.7124 0.0831 0.0589 0.1101 0.0072
34 0.0297 0.6821 0.0686 0.0901 0.1242 0.0052
35 0.0356 0.4766 0.0218 0.0376 0.4272 0.0010
36 0.0233 0.4333 0.0099 0.0258 0.5063 0.0013
37 0.0120 0.3757 0.0070 0.0435 0.5601 0.0018
38 0.0160 0.4011 0.0070 0.0356 0.5396 0.0008
39 0.0101 0.5239 0.0041 0.0666 0.3953 0.0001
40 0.0291 0.5200 0.0102 0.0602 0.3804 0.0001
41 0.0544 0.7109 0.1335 0.0404 0.0597 0.0011
42 0.0928 0.5298 0.1482 0.0942 0.1339 0.0012
43 0.0771 0.0901 0.1792 0.5698 0.0406 0.0432
44 0.0385 0.1881 0.3569 0.3152 0.0592 0.0420
45 0.0110 0.7798 0.1824 0.0089 0.0174 0.0003
46 0.0460 0.6553 0.1644 0.0297 0.0908 0.0135
47 0.0386 0.6587 0.1392 0.1328 0.0212 0.0094
48 0.0731 0.7212 0.1072 0.0433 0.0535 0.0018
49 0.0529 0.7144 0.1395 0.0591 0.0268 0.0074
50 0.0219 0.8823 0.0518 0.0173 0.0230 0.0038
51 0.0474 0.7773 0.0669 0.0449 0.0533 0.0103
52 0.0253 0.8125 0.0484 0.0222 0.0843 0.0075
53 0.0478 0.6499 0.0958 0.0344 0.1617 0.0106
54 0.0746 0.2544 0.0546 0.2605 0.3345 0.0212
55 0.0106 0.7749 0.0540 0.0263 0.1305 0.0035
56 0.0183 0.7803 0.0443 0.0295 0.1273 0.0003
57 0.0062 0.7144 0.1835 0.0559 0.0385 0.0017
58 0.0184 0.8403 0.0845 0.0283 0.0240 0.0047
59 0.1395 0.5562 0.1166 0.1121 0.0701 0.0057
60 0.0320 0.6279 0.0536 0.0733 0.2056 0.0074
61 0.0254 0.8691 0.0457 0.0168 0.0382 0.0046
62 0.0329 0.6401 0.0997 0.1281 0.0916 0.0074
63 0.1174 0.4502 0.2211 0.1321 0.0669 0.0124
64 0.0310 0.8442 0.0985 0.0049 0.0187 0.0026
65 0.0323 0.9155 0.0210 0.0087 0.0201 0.0025
66 0.0264 0.9175 0.0279 0.0060 0.0204 0.0015
67 0.0179 0.8970 0.0345 0.0307 0.0129 0.0071
68 0.0455 0.5850 0.1276 0.0911 0.1390 0.0117
69 0.1949 0.5640 0.1949 0.0146 0.0268 0.0049
70 0.0760 0.6460 0.2130 0.0151 0.0453 0.0046
71 0.0366 0.8193 0.0683 0.0289 0.0444 0.0026
72 0.0238 0.7578 0.0428 0.0292 0.1436 0.0029
73 0.0141 0.8867 0.0375 0.0201 0.0390 0.0025
74 0.0054 0.8979 0.0515 0.0398 0.0049 0.0006
75 0.0569 0.3767 0.4333 0.0952 0.0286 0.0093
76 0.0212 0.7539 0.0789 0.0859 0.0568 0.0034
77 0.0175 0.8311 0.0383 0.0767 0.0338 0.0027
78 0.0195 0.7734 0.1080 0.0388 0.0592 0.0010
79 0.0194 0.7070 0.1760 0.0576 0.0222 0.0178
80 0.0494 0.6460 0.1344 0.0526 0.1114 0.0063
81 0.0335 0.7803 0.1410 0.0265 0.0168 0.0018
82 0.0450 0.4685 0.2712 0.1619 0.0509 0.0025
83 0.0081 0.7827 0.0563 0.1448 0.0075 0.0006
84 0.0060 0.8911 0.0499 0.0444 0.0081 0.0004
85 0.0251 0.7114 0.1515 0.0641 0.0448 0.0030
86 0.0337 0.7422 0.0807 0.0419 0.0944 0.0071
87 0.0453 0.7959 0.0572 0.0118 0.0879 0.0021
88 0.0376 0.8032 0.1332 0.0111 0.0129 0.0018
89 0.2634 0.4622 0.2067 0.0115 0.0487 0.0075
90 0.0421 0.3259 0.5630 0.0131 0.0520 0.0037
91 0.0777 0.5308 0.2820 0.0644 0.0228 0.0223
92 0.0166 0.7690 0.1337 0.0499 0.0170 0.0139
93 0.0084 0.9233 0.0418 0.0158 0.0088 0.0019
94 0.0137 0.8999 0.0575 0.0126 0.0149 0.0013
95 0.0204 0.9175 0.0367 0.0119 0.0117 0.0018
96 0.0258 0.8608 0.0623 0.0138 0.0334 0.0040
97 0.0768 0.6143 0.2368 0.0349 0.0257 0.0115
98 0.0804 0.5122 0.3230 0.0548 0.0203 0.0091
99 0.1097 0.5312 0.2285 0.0655 0.0413 0.0235
100 0.0246 0.8740 0.0546 0.0212 0.0224 0.0031
101 0.0217 0.8813 0.0329 0.0229 0.0375 0.0036
102 0.0833 0.7842 0.0795 0.0061 0.0385 0.0084
103 0.0421 0.7231 0.1772 0.0405 0.0143 0.0029
104 0.0281 0.5259 0.1506 0.2059 0.0712 0.0184
105 0.0550 0.1951 0.4326 0.2175 0.0852 0.0145
106 0.0219 0.4565 0.0481 0.2368 0.2332 0.0036
107 0.0382 0.2654 0.0206 0.0214 0.6514 0.0028
108 0.0320 0.5166 0.0118 0.0108 0.4282 0.0004
109 0.0679 0.2815 0.0628 0.0706 0.5098 0.0072
110 0.0580 0.5854 0.0884 0.0238 0.2421 0.0025
111 0.0212 0.7896 0.1416 0.0250 0.0031 0.0196
112 0.0274 0.7236 0.1963 0.0229 0.0148 0.0149
113 0.0289 0.5547 0.2123 0.0431 0.0067 0.1541
114 0.0342 0.6548 0.2177 0.0419 0.0122 0.0393
115 0.0403 0.5649 0.2976 0.0467 0.0258 0.0248
116 0.0389 0.7109 0.1689 0.0480 0.0155 0.0177
117 0.0503 0.6475 0.2036 0.0465 0.0157 0.0365
118 0.0278 0.8320 0.0919 0.0185 0.0173 0.0123
119 0.0279 0.7588 0.1093 0.0706 0.0073 0.0260
120 0.0325 0.5200 0.3804 0.0427 0.0059 0.0189
121 0.0162 0.7568 0.1526 0.0211 0.0480 0.0049
122 0.1131 0.6357 0.1487 0.0282 0.0730 0.0013
123 0.0097 0.8413 0.1086 0.0290 0.0109 0.0005
124 0.0399 0.6348 0.2161 0.0753 0.0126 0.0212
125 0.0343 0.6519 0.2473 0.0491 0.0075 0.0100
126 0.0237 0.4370 0.4170 0.0991 0.0111 0.0121
127 0.0558 0.2172 0.2661 0.3870 0.0481 0.0259
128 0.0426 0.4204 0.2549 0.2549 0.0179 0.0092
129 0.0361 0.6558 0.1451 0.1030 0.0591 0.0010
130 0.0386 0.5054 0.1918 0.1993 0.0438 0.0213
131 0.0747 0.4797 0.1558 0.2047 0.0615 0.0237
132 0.0514 0.7979 0.0640 0.0221 0.0635 0.0014
133 0.0228 0.8887 0.0275 0.0113 0.0486 0.0013
134 0.0182 0.8833 0.0410 0.0107 0.0426 0.0040
135 0.0284 0.8975 0.0547 0.0041 0.0136 0.0018
136 0.0523 0.8579 0.0699 0.0054 0.0130 0.0015
137 0.0777 0.7148 0.0747 0.0206 0.1079 0.0045
138 0.0194 0.8716 0.0484 0.0157 0.0441 0.0010
139 0.0271 0.7041 0.2250 0.0065 0.0348 0.0026
140 0.0399 0.6592 0.2664 0.0076 0.0262 0.0011
141 0.0382 0.6992 0.1244 0.0110 0.1244 0.0028
142 0.0802 0.6113 0.1646 0.0629 0.0560 0.0250
143 0.0538 0.6816 0.1670 0.0419 0.0403 0.0155
144 0.0513 0.7139 0.1321 0.0284 0.0685 0.0056
145 0.0482 0.6255 0.2062 0.0422 0.0696 0.0084
146 0.0217 0.7300 0.2174 0.0172 0.0099 0.0040
147 0.0062 0.8521 0.0566 0.0699 0.0131 0.0018
148 0.0239 0.7046 0.0748 0.1215 0.0385 0.0365
149 0.0400 0.6812 0.1147 0.1095 0.0331 0.0212
150 0.0220 0.8398 0.0445 0.0278 0.0613 0.0046
151 0.0452 0.7417 0.0590 0.0554 0.0950 0.0038
152 0.0520 0.7065 0.0898 0.0408 0.1058 0.0052
153 0.0675 0.6460 0.0796 0.1149 0.0881 0.0042
154 0.0700 0.3137 0.4861 0.1003 0.0240 0.0058
155 0.0878 0.2747 0.1505 0.3872 0.0728 0.0270
156 0.0491 0.3657 0.0698 0.3572 0.1500 0.0081
157 0.0282 0.8159 0.0379 0.0397 0.0765 0.0016
158 0.0581 0.5059 0.1300 0.1567 0.1240 0.0252
159 0.0462 0.1390 0.0622 0.6431 0.0540 0.0557
160 0.0379 0.4617 0.0778 0.2800 0.0895 0.0530
161 0.0322 0.6523 0.0738 0.1041 0.0940 0.0434
162 0.0412 0.4683 0.1147 0.1682 0.1461 0.0614
163 0.0253 0.4631 0.1118 0.1960 0.1718 0.0320
164 0.0670 0.1685 0.3298 0.2490 0.0625 0.1232
165 0.0583 0.1398 0.0731 0.6616 0.0269 0.0404
166 0.0611 0.7271 0.0420 0.1293 0.0257 0.0150
167 0.0355 0.4827 0.2334 0.1951 0.0384 0.0149
168 0.0404 0.3550 0.2942 0.2256 0.0303 0.0544
169 0.0634 0.3591 0.2710 0.1121 0.0248 0.1696
170 0.1027 0.4126 0.1530 0.2426 0.0349 0.0541
171 0.0497 0.6055 0.0609 0.2524 0.0214 0.0100
172 0.0569 0.5322 0.2051 0.1512 0.0362 0.0185
173 0.0217 0.6387 0.1902 0.0906 0.0392 0.0199
174 0.0203 0.6978 0.1582 0.0644 0.0573 0.0018
175 0.0178 0.7998 0.0738 0.0317 0.0744 0.0024
176 0.0100 0.5923 0.3323 0.0264 0.0321 0.0072
177 0.0580 0.3135 0.2639 0.2944 0.0448 0.0253
178 0.0812 0.3811 0.1154 0.3135 0.0942 0.0145
179 0.0229 0.8584 0.0386 0.0366 0.0414 0.0023
180 0.0515 0.8057 0.0395 0.0656 0.0234 0.0144
181 0.0264 0.8457 0.0717 0.0174 0.0374 0.0012
182 0.0779 0.4382 0.2966 0.1423 0.0291 0.0158
183 0.1068 0.4495 0.1577 0.2260 0.0545 0.0055
184 0.0748 0.3682 0.2693 0.1442 0.1396 0.0041
185 0.1587 0.6035 0.0798 0.0365 0.1143 0.0074
186 0.0804 0.7568 0.0715 0.0115 0.0773 0.0022
187 0.0335 0.4341 0.2306 0.0535 0.2455 0.0029
188 0.0648 0.1506 0.2124 0.5093 0.0563 0.0066
189 0.0529 0.4941 0.1775 0.1875 0.0845 0.0035
190 0.0752 0.2605 0.2771 0.2192 0.1299 0.0381
191 0.0797 0.1660 0.3684 0.3201 0.0491 0.0168
192 0.0401 0.7930 0.0939 0.0307 0.0420 0.0004
193 0.0238 0.7930 0.1305 0.0135 0.0388 0.0005
194 0.0450 0.8433 0.0578 0.0192 0.0335 0.0013
195 0.0508 0.5771 0.1517 0.1093 0.0781 0.0326
196 0.0279 0.8340 0.0712 0.0367 0.0222 0.0080
197 0.0237 0.8745 0.0396 0.0358 0.0154 0.0112
198 0.0446 0.8286 0.0416 0.0248 0.0426 0.0179
199 0.0867 0.7207 0.0439 0.0443 0.0861 0.0185
200 0.1016 0.7505 0.0611 0.0200 0.0527 0.0143
201 0.0923 0.8169 0.0625 0.0116 0.0138 0.0029
202 0.0607 0.8574 0.0280 0.0230 0.0255 0.0055
203 0.0174 0.9146 0.0238 0.0313 0.0112 0.0016
204 0.0169 0.7427 0.0436 0.1606 0.0309 0.0053
205 0.0382 0.7090 0.0582 0.0983 0.0930 0.0033
206 0.1613 0.2498 0.2920 0.2310 0.0360 0.0301
207 0.0533 0.8340 0.0533 0.0222 0.0358 0.0012
208 0.0501 0.8750 0.0297 0.0124 0.0304 0.0023
209 0.0400 0.8628 0.0578 0.0181 0.0201 0.0011
210 0.0210 0.7773 0.0559 0.0595 0.0706 0.0158
211 0.0335 0.6885 0.0875 0.0932 0.0671 0.0300
212 0.0393 0.7710 0.0537 0.0474 0.0806 0.0079
213 0.0192 0.5308 0.2393 0.0967 0.1096 0.0045
214 0.0134 0.5762 0.2639 0.0515 0.0933 0.0017
215 0.0191 0.4878 0.1660 0.1168 0.2002 0.0101
216 0.0284 0.6626 0.0338 0.2219 0.0374 0.0157
217 0.0488 0.5669 0.0993 0.1757 0.0817 0.0278
218 0.0293 0.8901 0.0534 0.0103 0.0166 0.0004
219 0.0474 0.7476 0.0321 0.0886 0.0800 0.0044
220 0.0810 0.7051 0.1356 0.0401 0.0320 0.0063
221 0.0421 0.5640 0.2191 0.1003 0.0585 0.0160
222 0.0249 0.8438 0.1107 0.0080 0.0102 0.0026
223 0.0071 0.8745 0.0853 0.0168 0.0146 0.0016
224 0.0413 0.3198 0.0961 0.4304 0.0945 0.0176
225 0.0287 0.3491 0.0259 0.0876 0.5083 0.0005
226 0.0146 0.4268 0.0140 0.0526 0.4912 0.0008
227 0.0154 0.5117 0.0075 0.0476 0.4175 0.0005
228 0.0216 0.9165 0.0283 0.0081 0.0250 0.0004
229 0.0275 0.8882 0.0264 0.0277 0.0285 0.0020
230 0.0933 0.3748 0.0616 0.3958 0.0499 0.0247
231 0.0997 0.5967 0.1764 0.0321 0.0840 0.0112
232 0.0985 0.5537 0.0862 0.1000 0.1400 0.0215
233 0.0469 0.2496 0.0693 0.4812 0.0343 0.1188
234 0.2183 0.1926 0.2759 0.2361 0.0183 0.0587
235 0.0845 0.5137 0.0378 0.2996 0.0604 0.0041
236 0.0782 0.3848 0.0981 0.3240 0.1044 0.0105
237 0.2128 0.6060 0.1021 0.0475 0.0183 0.0133
238 0.0715 0.2289 0.1810 0.4517 0.0507 0.0164
239 0.0501 0.5220 0.1682 0.1819 0.0753 0.0024
240 0.0321 0.8462 0.0421 0.0126 0.0613 0.0054
241 0.0155 0.9238 0.0165 0.0235 0.0172 0.0032
242 0.0315 0.8843 0.0330 0.0086 0.0407 0.0019
243 0.0352 0.6196 0.0439 0.0270 0.2666 0.0077
244 0.0475 0.6816 0.1053 0.0559 0.1029 0.0070
245 0.0394 0.6938 0.1072 0.0293 0.1254 0.0051
246 0.0179 0.7778 0.0723 0.0196 0.1103 0.0022
247 0.0350 0.5610 0.2063 0.1311 0.0639 0.0027
248 0.1595 0.1647 0.2551 0.3125 0.1014 0.0067
249 0.1390 0.3467 0.3108 0.1316 0.0662 0.0055
250 0.0507 0.3545 0.4016 0.1234 0.0579 0.0120
251 0.1738 0.1970 0.3857 0.1780 0.0578 0.0079
252 0.0833 0.6597 0.1044 0.0258 0.1221 0.0048
253 0.0587 0.7373 0.0587 0.0314 0.1006 0.0132
254 0.0644 0.7783 0.0518 0.0184 0.0853 0.0015
255 0.0963 0.6895 0.0617 0.0200 0.1306 0.0018
