time exciting_prob fearful_prob tense_prob sad_prob relaxing_prob neutral_prob
0 0.1136 0.1553 0.1349 0.1288 0.0181 0.4492
1 0.1381 0.0995 0.1746 0.5376 0.0270 0.0231
2 0.1519 0.0936 0.1230 0.5962 0.0246 0.0107
3 0.1835 0.0887 0.1417 0.5435 0.0290 0.0135
4 0.1650 0.1527 0.1562 0.4890 0.0211 0.0158
5 0.3682 0.2378 0.2532 0.1214 0.0134 0.0061
6 0.4951 0.0691 0.1213 0.2489 0.0538 0.0118
7 0.1534 0.0759 0.5610 0.1711 0.0230 0.0154
8 0.1902 0.0871 0.4221 0.2725 0.0110 0.0172
9 0.2505 0.1147 0.2839 0.3218 0.0111 0.0179
10 0.1923 0.2249 0.4265 0.0777 0.0610 0.0176
11 0.2072 0.3311 0.3159 0.0154 0.1237 0.0067
12 0.4014 0.3174 0.1234 0.0273 0.1205 0.0100
13 0.4033 0.3267 0.1240 0.0586 0.0619 0.0254
14 0.1967 0.3589 0.1708 0.1819 0.0654 0.0266
15 0.3257 0.2238 0.2119 0.1663 0.0621 0.0103
16 0.3879 0.1193 0.1230 0.2976 0.0649 0.0072
17 0.2450 0.1385 0.1364 0.4167 0.0482 0.0151
18 0.3494 0.0926 0.1009 0.4150 0.0303 0.0117
19 0.0664 0.3320 0.3647 0.2281 0.0072 0.0016
20 0.0561 0.4114 0.3987 0.1216 0.0092 0.0028
21 0.0664 0.4719 0.3911 0.0614 0.0068 0.0022
22 0.1184 0.4006 0.2527 0.1710 0.0189 0.0385
23 0.0369 0.4634 0.3667 0.1209 0.0074 0.0047
24 0.3508 0.3193 0.2030 0.0256 0.0873 0.0139
25 0.3625 0.3149 0.1699 0.0337 0.1072 0.0115
26 0.3779 0.2310 0.2383 0.0325 0.1017 0.0187
27 0.3508 0.1877 0.2754 0.1486 0.0275 0.0103
28 0.2267 0.1924 0.3650 0.1632 0.0273 0.0254
29 0.1251 0.1722 0.5737 0.0789 0.0067 0.0432
30 0.2534 0.1400 0.2783 0.2118 0.0377 0.0786
31 0.1843 0.4285 0.1528 0.0920 0.0986 0.0438
32 0.0320 0.7524 0.1787 0.0210 0.0088 0.0069
33 0.0897 0.6572 0.1478 0.0305 0.0687 0.0058
34 0.1214 0.4763 0.2610 0.0161 0.1233 0.0020
35 0.0873 0.0479 0.1570 0.3884 0.1301 0.1893
36 0.2402 0.0912 0.0912 0.3496 0.1135 0.1144
37 0.2673 0.2181 0.1571 0.1355 0.1252 0.0968
38 0.1318 0.5176 0.1517 0.1119 0.0176 0.0695
39 0.0670 0.1290 0.3245 0.3000 0.0834 0.0959
40 0.0927 0.0107 0.0757 0.7886 0.0210 0.0113
41 0.5342 0.0066 0.0432 0.4097 0.0037 0.0027
42 0.5898 0.1161 0.1217 0.1033 0.0657 0.0034
43 0.2382 0.3010 0.3521 0.0602 0.0325 0.0161
44 0.4392 0.1654 0.1239 0.0256 0.2141 0.0318
45 0.5312 0.1487 0.1140 0.0670 0.1122 0.0269
46 0.1038 0.0312 0.1272 0.5439 0.1141 0.0796
47 0.2759 0.1159 0.2571 0.2654 0.0698 0.0161
48 0.6035 0.1869 0.0940 0.0240 0.0836 0.0081
49 0.1074 0.0434 0.1162 0.6792 0.0395 0.0143
50 0.2302 0.1204 0.3052 0.3027 0.0188 0.0228
51 0.1929 0.1216 0.1526 0.5083 0.0110 0.0135
52 0.2051 0.1489 0.3225 0.2493 0.0561 0.0181
53 0.4062 0.2297 0.2445 0.0928 0.0166 0.0101
54 0.1271 0.0314 0.1071 0.5269 0.1608 0.0468
55 0.2255 0.1346 0.2069 0.3154 0.0631 0.0544
56 0.2340 0.0141 0.0522 0.6772 0.0125 0.0100
57 0.2286 0.0056 0.0665 0.6724 0.0129 0.0142
58 0.1873 0.0047 0.0831 0.6743 0.0285 0.0219
59 0.2329 0.0052 0.2056 0.4854 0.0112 0.0598
60 0.3518 0.0047 0.4883 0.1501 0.0039 0.0013
61 0.6255 0.0045 0.2886 0.0771 0.0032 0.0008
62 0.7720 0.0419 0.0406 0.0795 0.0644 0.0015
63 0.4802 0.1823 0.1852 0.0868 0.0640 0.0014
64 0.4551 0.0939 0.1294 0.1810 0.1345 0.0061
65 0.0861 0.0556 0.4106 0.3918 0.0420 0.0139
66 0.2874 0.2238 0.1226 0.2556 0.0761 0.0346
67 0.1591 0.3936 0.1541 0.2424 0.0176 0.0333
68 0.0717 0.1519 0.1289 0.1733 0.0174 0.4568
69 0.0928 0.1220 0.1604 0.1077 0.0155 0.5015
70 0.0984 0.1514 0.4553 0.1478 0.0265 0.1207
71 0.0853 0.3792 0.2688 0.1497 0.0609 0.0559
72 0.1111 0.2175 0.1951 0.3091 0.1146 0.0525
73 0.0984 0.0621 0.1206 0.3408 0.3054 0.0726
74 0.1359 0.1588 0.2311 0.1871 0.2347 0.0524
75 0.7158 0.0356 0.1124 0.0882 0.0430 0.0048
76 0.2917 0.0398 0.5801 0.0726 0.0113 0.0043
77 0.2700 0.0357 0.4023 0.2440 0.0349 0.0128
78 0.3176 0.0640 0.2654 0.2494 0.0896 0.0138
79 0.1449 0.4824 0.1803 0.1094 0.0336 0.0493
80 0.1288 0.2295 0.4563 0.0452 0.1154 0.0248
81 0.0917 0.1810 0.3745 0.2052 0.0984 0.0491
82 0.1323 0.6509 0.2048 0.0026 0.0085 0.0007
83 0.0719 0.7319 0.1522 0.0100 0.0189 0.0148
84 0.2264 0.1439 0.0664 0.4985 0.0422 0.0224
85 0.0688 0.1887 0.4153 0.2725 0.0071 0.0477
86 0.0713 0.3247 0.4041 0.1821 0.0021 0.0158
87 0.0706 0.3904 0.2520 0.2812 0.0021 0.0037
88 0.1235 0.2874 0.5044 0.0621 0.0123 0.0105
89 0.1752 0.1808 0.2888 0.2395 0.0867 0.0288
90 0.2137 0.1010 0.2832 0.3931 0.0044 0.0048
91 0.2544 0.0529 0.0254 0.5918 0.0442 0.0313
92 0.2007 0.0414 0.0704 0.6479 0.0188 0.0208
93 0.2678 0.1276 0.1841 0.3928 0.0071 0.0205
94 0.3037 0.0488 0.0912 0.3184 0.1390 0.0986
95 0.4482 0.1854 0.1729 0.0883 0.0862 0.0188
96 0.2463 0.3447 0.1802 0.1382 0.0576 0.0331
97 0.0595 0.3479 0.3218 0.2045 0.0538 0.0126
98 0.1995 0.3816 0.2261 0.1003 0.0463 0.0463
99 0.2883 0.4536 0.1351 0.0900 0.0309 0.0018
100 0.1465 0.0596 0.1766 0.5659 0.0410 0.0104
101 0.5015 0.1803 0.0793 0.1517 0.0858 0.0012
102 0.4365 0.0887 0.0586 0.3506 0.0634 0.0023
103 0.1017 0.0305 0.6035 0.1550 0.0756 0.0335
104 0.1379 0.0469 0.5806 0.0933 0.0905 0.0508
105 0.0997 0.0614 0.1984 0.4612 0.1569 0.0226
106 0.2078 0.1086 0.5063 0.0944 0.0378 0.0453
107 0.2620 0.1652 0.4490 0.0632 0.0477 0.0131
108 0.1660 0.0861 0.0938 0.5884 0.0243 0.0413
109 0.1705 0.0492 0.1481 0.5952 0.0124 0.0247
110 0.1421 0.1273 0.2051 0.4919 0.0203 0.0134
111 0.4060 0.1172 0.3933 0.0689 0.0121 0.0025
112 0.5713 0.0507 0.1812 0.1549 0.0385 0.0037
113 0.0701 0.0929 0.4294 0.3398 0.0109 0.0568
114 0.6675 0.0085 0.1573 0.0430 0.1225 0.0013
115 0.4993 0.0225 0.2959 0.0725 0.1006 0.0094
116 0.0225 0.0006 0.9575 0.0181 0.0001 0.0010
117 0.0440 0.0010 0.9487 0.0057 0.0002 0.0001
118 0.7979 0.0164 0.1355 0.0119 0.0379 0.0003
119 0.3850 0.0266 0.3506 0.2109 0.0229 0.0038
120 0.3357 0.0810 0.3357 0.2219 0.0228 0.0027
121 0.2289 0.1957 0.3953 0.1215 0.0454 0.0131
122 0.2778 0.2234 0.4304 0.0494 0.0091 0.0097
123 0.3096 0.0718 0.5186 0.0742 0.0157 0.0101
124 0.3457 0.1088 0.3567 0.1511 0.0209 0.0166
125 0.0859 0.1311 0.4297 0.2690 0.0513 0.0329
126 0.1054 0.0486 0.6162 0.1969 0.0127 0.0204
127 0.1779 0.0241 0.3401 0.3826 0.0145 0.0610
128 0.3884 0.0246 0.3481 0.1969 0.0321 0.0097
129 0.0704 0.1016 0.4312 0.2917 0.0267 0.0785
130 0.0303 0.4177 0.4448 0.0925 0.0059 0.0088
131 0.1960 0.1758 0.2257 0.2440 0.0357 0.1227
132 0.1154 0.1163 0.1425 0.5859 0.0318 0.0082
133 0.3540 0.0854 0.1354 0.4011 0.0146 0.0093
134 0.5181 0.0839 0.1174 0.2159 0.0533 0.0114
135 0.0753 0.1260 0.3269 0.3821 0.0826 0.0073
136 0.1615 0.0326 0.6802 0.0957 0.0184 0.0118
137 0.6221 0.0278 0.1215 0.2035 0.0236 0.0018
138 0.7144 0.0230 0.0370 0.1864 0.0379 0.0013
139 0.7461 0.0025 0.1199 0.1287 0.0015 0.0012
140 0.6533 0.0011 0.0185 0.3262 0.0005 0.0002
141 0.1227 0.0078 0.0451 0.6230 0.0051 0.1960
142 0.4170 0.0144 0.1954 0.2957 0.0436 0.0340
143 0.1393 0.0140 0.2771 0.4863 0.0038 0.0794
144 0.0764 0.0233 0.2817 0.4717 0.0277 0.1193
145 0.1311 0.3047 0.3047 0.2373 0.0187 0.0034
146 0.0653 0.0147 0.0740 0.7710 0.0344 0.0409
147 0.1748 0.0419 0.2263 0.4941 0.0304 0.0323
148 0.0388 0.0896 0.1115 0.6421 0.1008 0.0174
149 0.2380 0.0346 0.1688 0.3057 0.0377 0.2151
150 0.1097 0.0440 0.0953 0.4617 0.1195 0.1698
151 0.3928 0.0389 0.1125 0.4348 0.0111 0.0101
152 0.3950 0.0784 0.1522 0.3596 0.0056 0.0091
153 0.4592 0.1025 0.2169 0.1945 0.0117 0.0151
154 0.3555 0.1127 0.3472 0.1448 0.0183 0.0217
155 0.0717 0.0408 0.2208 0.3696 0.0135 0.2834
156 0.0371 0.0480 0.3494 0.1625 0.0195 0.3835
157 0.3171 0.1333 0.2932 0.2267 0.0087 0.0209
158 0.3198 0.1766 0.3225 0.1234 0.0133 0.0443
159 0.7754 0.0424 0.0677 0.0970 0.0148 0.0029
160 0.4690 0.0486 0.3623 0.1063 0.0124 0.0013
161 0.4597 0.0148 0.2461 0.2578 0.0099 0.0117
162 0.6768 0.0177 0.1071 0.1558 0.0370 0.0058
163 0.6104 0.0674 0.2316 0.0740 0.0075 0.0094
164 0.1252 0.0293 0.0345 0.7729 0.0152 0.0228
165 0.0781 0.0405 0.1448 0.7017 0.0148 0.0202
166 0.1840 0.0616 0.0918 0.5986 0.0125 0.0515
167 0.1294 0.2201 0.3103 0.2825 0.0447 0.0129
168 0.3010 0.2656 0.2720 0.1099 0.0476 0.0040
169 0.6123 0.1700 0.1635 0.0382 0.0121 0.0039
170 0.3430 0.4202 0.1659 0.0406 0.0219 0.0083
171 0.4004 0.0974 0.0826 0.2908 0.1174 0.0115
172 0.3767 0.0753 0.0436 0.4507 0.0125 0.0413
173 0.4668 0.2620 0.1886 0.0716 0.0031 0.0080
174 0.5254 0.0638 0.2074 0.1068 0.0950 0.0016
175 0.4409 0.1714 0.2759 0.0714 0.0398 0.0006
176 0.0973 0.1763 0.4065 0.3020 0.0149 0.0029
177 0.3018 0.1093 0.4822 0.0995 0.0054 0.0020
178 0.3433 0.1476 0.3711 0.1205 0.0153 0.0023
179 0.3711 0.1205 0.3889 0.0232 0.0939 0.0022
180 0.4460 0.1019 0.3420 0.0763 0.0235 0.0105
181 0.3518 0.0890 0.3464 0.1770 0.0307 0.0050
182 0.2773 0.0629 0.5181 0.1138 0.0064 0.0217
183 0.3489 0.1169 0.1687 0.3381 0.0166 0.0107
184 0.2866 0.0216 0.0526 0.5698 0.0620 0.0075
185 0.2455 0.0101 0.0332 0.6885 0.0167 0.0058
186 0.1818 0.0309 0.2446 0.4866 0.0168 0.0393
187 0.3091 0.0936 0.2708 0.2686 0.0425 0.0154
188 0.4409 0.0332 0.2573 0.2306 0.0198 0.0182
189 0.3591 0.0770 0.3218 0.2283 0.0100 0.0037
190 0.3625 0.0468 0.2959 0.2305 0.0097 0.0547
191 0.0872 0.0695 0.1890 0.5469 0.0690 0.0384
192 0.4500 0.0179 0.1508 0.3240 0.0460 0.0115
193 0.3740 0.0101 0.1910 0.4045 0.0126 0.0077
194 0.1913 0.0414 0.4312 0.2917 0.0241 0.0205
195 0.1052 0.0769 0.5176 0.2603 0.0112 0.0290
196 0.1858 0.0566 0.5293 0.2008 0.0220 0.0057
197 0.5166 0.0178 0.2257 0.2153 0.0171 0.0075
198 0.6572 0.0565 0.1598 0.0897 0.0278 0.0091
199 0.6172 0.0427 0.1741 0.1324 0.0195 0.0140
200 0.5449 0.1000 0.1421 0.1324 0.0437 0.0371
201 0.2754 0.2690 0.2527 0.1697 0.0233 0.0099
202 0.1168 0.1837 0.1794 0.4690 0.0295 0.0216
203 0.0536 0.1067 0.2681 0.4219 0.0438 0.1058
204 0.4236 0.0742 0.0874 0.3623 0.0416 0.0108
205 0.7188 0.0415 0.0943 0.1036 0.0339 0.0079
206 0.4304 0.0822 0.1476 0.2957 0.0388 0.0054
207 0.2854 0.0349 0.1296 0.4893 0.0536 0.0074
208 0.5527 0.0778 0.1234 0.1511 0.0882 0.0066
209 0.4080 0.0947 0.1636 0.2615 0.0640 0.0083
210 0.2668 0.2111 0.1508 0.2861 0.0801 0.0052
211 0.2383 0.3958 0.1479 0.1650 0.0484 0.0046
212 0.2656 0.3987 0.1198 0.1274 0.0829 0.0055
213 0.1022 0.5522 0.1242 0.1594 0.0450 0.0169
214 0.1886 0.0566 0.4316 0.2876 0.0178 0.0177
215 0.4270 0.0703 0.1409 0.2935 0.0592 0.0091
216 0.6455 0.0659 0.1166 0.1185 0.0479 0.0056
217 0.4885 0.1265 0.1356 0.2168 0.0257 0.0070
218 0.2966 0.1009 0.2119 0.3550 0.0269 0.0088
219 0.2505 0.1290 0.1791 0.3882 0.0350 0.0182
220 0.1506 0.0590 0.1506 0.4033 0.0460 0.1904
221 0.1332 0.0610 0.1395 0.4102 0.0400 0.2162
222 0.4548 0.1726 0.0552 0.1866 0.0835 0.0472
223 0.8159 0.0691 0.0329 0.0256 0.0522 0.0042
224 0.8159 0.0691 0.0329 0.0256 0.0522 0.0042
225 0.8159 0.0691 0.0329 0.0256 0.0522 0.0042
