time exciting_prob fearful_prob tense_prob sad_prob relaxing_prob neutral_prob
0 0.1110 0.1566 0.1382 0.1298 0.0183 0.4460
1 0.0462 0.0612 0.1827 0.6279 0.0207 0.0612
2 0.1812 0.0925 0.1151 0.1099 0.1411 0.3604
3 0.2998 0.2524 0.0950 0.1818 0.1555 0.0156
4 0.1157 0.1301 0.1521 0.4436 0.1451 0.0131
5 0.0748 0.0650 0.1534 0.5884 0.0426 0.0760
6 0.0134 0.1715 0.5122 0.2238 0.0007 0.0786
7 0.1050 0.1190 0.6045 0.1392 0.0229 0.0093
8 0.1533 0.0834 0.3147 0.3098 0.1053 0.0337
9 0.0853 0.1203 0.3269 0.4070 0.0464 0.0141
10 0.1914 0.4626 0.1444 0.1757 0.0208 0.0051
11 0.1422 0.1217 0.3059 0.3108 0.0383 0.0811
12 0.1263 0.1989 0.1868 0.3772 0.0410 0.0698
13 0.0299 0.0028 0.0111 0.0242 0.9292 0.0030
14 0.1953 0.0783 0.1122 0.1985 0.3594 0.0564
15 0.1857 0.1600 0.1758 0.0891 0.3440 0.0455
16 0.2805 0.2438 0.1649 0.0255 0.2805 0.0047
17 0.0739 0.0470 0.1425 0.5049 0.0516 0.1801
18 0.2188 0.0647 0.1227 0.5166 0.0466 0.0305
19 0.4829 0.1202 0.0449 0.2467 0.0859 0.0192
20 0.3547 0.2118 0.0897 0.0773 0.2101 0.0565
21 0.0508 0.0727 0.1946 0.5049 0.0184 0.1588
22 0.2751 0.1450 0.1619 0.2212 0.1497 0.0471
23 0.1715 0.1898 0.2827 0.2495 0.0836 0.0230
24 0.2097 0.3682 0.2198 0.1224 0.0670 0.0129
25 0.5195 0.1781 0.1560 0.0205 0.1159 0.0100
26 0.3274 0.1711 0.0376 0.0211 0.4138 0.0291
27 0.3674 0.1250 0.0435 0.0204 0.4297 0.0139
28 0.2209 0.1890 0.0550 0.4678 0.0093 0.0581
29 0.0349 0.0667 0.0181 0.8506 0.0037 0.0261
30 0.0870 0.0444 0.0780 0.7637 0.0151 0.0119
31 0.2869 0.2551 0.1560 0.0356 0.2612 0.0051
32 0.1370 0.4187 0.1829 0.1481 0.0898 0.0234
33 0.1969 0.2820 0.3508 0.1509 0.0097 0.0097
34 0.2629 0.2820 0.1242 0.2957 0.0219 0.0134
35 0.2242 0.4426 0.1437 0.0428 0.1371 0.0095
36 0.1576 0.3416 0.3135 0.0520 0.1162 0.0191
37 0.1566 0.3816 0.2074 0.0405 0.1788 0.0352
38 0.1779 0.1498 0.0952 0.5068 0.0494 0.0211
39 0.0925 0.1812 0.2185 0.4700 0.0317 0.0062
40 0.1338 0.3110 0.0617 0.4668 0.0200 0.0065
41 0.3667 0.2122 0.1154 0.0964 0.1963 0.0133
42 0.0768 0.4419 0.3779 0.0473 0.0549 0.0014
43 0.2732 0.1271 0.1619 0.1820 0.2374 0.0183
44 0.2458 0.2402 0.0744 0.2852 0.1456 0.0086
45 0.1769 0.0540 0.1294 0.5708 0.0523 0.0164
46 0.2343 0.3657 0.3127 0.0693 0.0130 0.0051
47 0.0956 0.4353 0.3135 0.0642 0.0787 0.0126
48 0.2827 0.1610 0.1741 0.2783 0.0779 0.0261
49 0.3740 0.1699 0.0803 0.1781 0.1726 0.0249
50 0.3740 0.1365 0.3625 0.0822 0.0356 0.0094
51 0.3831 0.2288 0.2067 0.1377 0.0370 0.0066
52 0.2798 0.0847 0.0587 0.0840 0.3945 0.0982
53 0.2756 0.0534 0.2549 0.2632 0.0379 0.1149
54 0.0894 0.2839 0.1029 0.3120 0.2111 0.0006
55 0.1285 0.2595 0.1152 0.0911 0.3989 0.0067
56 0.4619 0.1063 0.0754 0.0423 0.3005 0.0135
57 0.2468 0.2979 0.1281 0.1428 0.1805 0.0039
58 0.5068 0.0376 0.3430 0.0514 0.0518 0.0094
59 0.5146 0.2319 0.2047 0.0268 0.0211 0.0010
60 0.3315 0.1844 0.1888 0.0435 0.2502 0.0015
61 0.4883 0.2654 0.1273 0.0476 0.0693 0.0020
62 0.0356 0.0457 0.3074 0.5312 0.0256 0.0543
63 0.4780 0.0986 0.2854 0.0891 0.0445 0.0043
64 0.2092 0.0529 0.3503 0.3091 0.0537 0.0246
65 0.0117 0.0369 0.8135 0.0942 0.0024 0.0411
66 0.2450 0.1893 0.0309 0.4648 0.0596 0.0104
67 0.3430 0.0443 0.2888 0.2321 0.0840 0.0077
68 0.4084 0.1899 0.2039 0.0884 0.1041 0.0052
69 0.3206 0.2203 0.1161 0.0448 0.2458 0.0523
70 0.2720 0.4146 0.2168 0.0395 0.0557 0.0015
71 0.5200 0.1914 0.0963 0.1490 0.0411 0.0021
72 0.1483 0.2010 0.1859 0.2664 0.0995 0.0988
73 0.1171 0.0524 0.4705 0.2944 0.0100 0.0558
74 0.0828 0.5879 0.2778 0.0252 0.0214 0.0048
75 0.1526 0.2942 0.4558 0.0641 0.0272 0.0061
76 0.2107 0.1918 0.2903 0.2332 0.0711 0.0031
77 0.2263 0.1580 0.1708 0.3911 0.0478 0.0061
78 0.6040 0.0750 0.0207 0.1458 0.1527 0.0018
79 0.0799 0.1564 0.6089 0.0994 0.0099 0.0455
80 0.3132 0.2988 0.1058 0.0856 0.1930 0.0035
81 0.1860 0.1259 0.1555 0.0275 0.5020 0.0032
82 0.1464 0.1105 0.1608 0.3916 0.0510 0.1396
83 0.2102 0.0726 0.2617 0.3257 0.0993 0.0305
84 0.0126 0.1691 0.3311 0.1447 0.3416 0.0012
85 0.0178 0.0694 0.0291 0.0948 0.7876 0.0012
86 0.1306 0.1516 0.1588 0.0912 0.3840 0.0837
87 0.0677 0.0926 0.0579 0.0744 0.7056 0.0017
88 0.0480 0.3806 0.3806 0.1216 0.0672 0.0020
89 0.1748 0.2092 0.1331 0.0581 0.3909 0.0339
90 0.1647 0.3079 0.2166 0.1243 0.1635 0.0232
91 0.2384 0.0786 0.2153 0.1786 0.2578 0.0313
92 0.2026 0.1172 0.2042 0.0838 0.3699 0.0224
93 0.1382 0.0372 0.1182 0.2225 0.4290 0.0550
94 0.4282 0.1348 0.0515 0.0178 0.3577 0.0101
95 0.1647 0.1559 0.4653 0.0909 0.0923 0.0307
96 0.0255 0.2003 0.3921 0.3516 0.0058 0.0247
97 0.1631 0.1261 0.2864 0.3621 0.0426 0.0199
98 0.4243 0.1675 0.0810 0.0732 0.2380 0.0159
99 0.1167 0.3274 0.1232 0.0778 0.3403 0.0147
100 0.1030 0.2081 0.4763 0.1114 0.0416 0.0596
101 0.4019 0.2327 0.1411 0.0401 0.1346 0.0495
102 0.4463 0.1592 0.0685 0.0513 0.2644 0.0103
103 0.1509 0.0435 0.0759 0.1656 0.3479 0.2161
104 0.2686 0.0782 0.0378 0.1201 0.3613 0.1340
105 0.3000 0.2196 0.3735 0.0577 0.0358 0.0133
106 0.4712 0.1615 0.0942 0.0668 0.1603 0.0459
107 0.4331 0.1250 0.1069 0.1581 0.1450 0.0319
108 0.0814 0.1440 0.5269 0.1290 0.1087 0.0102
109 0.0962 0.1335 0.5200 0.0862 0.1274 0.0365
110 0.2729 0.0638 0.1736 0.1104 0.3674 0.0117
111 0.2018 0.2756 0.3301 0.0665 0.1214 0.0046
112 0.3452 0.2864 0.1497 0.0765 0.1406 0.0016
113 0.3069 0.2883 0.1138 0.0853 0.1763 0.0292
114 0.1221 0.3789 0.3789 0.0262 0.0893 0.0047
115 0.5146 0.1185 0.1030 0.0397 0.2113 0.0129
116 0.2365 0.1730 0.1975 0.0523 0.3335 0.0073
117 0.6196 0.1069 0.0833 0.0412 0.1449 0.0040
118 0.0941 0.4282 0.1799 0.0094 0.2852 0.0031
119 0.0437 0.2235 0.4587 0.2068 0.0343 0.0330
120 0.3337 0.1552 0.0884 0.0956 0.3015 0.0257
121 0.2256 0.2328 0.1716 0.0106 0.3577 0.0015
122 0.1864 0.1498 0.3977 0.1232 0.1113 0.0314
123 0.0750 0.1316 0.3809 0.1237 0.1199 0.1691
124 0.1354 0.1836 0.1322 0.1113 0.3948 0.0429
125 0.0500 0.3877 0.5215 0.0326 0.0042 0.0039
126 0.1829 0.4253 0.2349 0.0357 0.1172 0.0040
127 0.2134 0.0755 0.2289 0.1958 0.1825 0.1040
128 0.1158 0.2532 0.4993 0.0815 0.0275 0.0226
129 0.2041 0.2090 0.2368 0.1505 0.1471 0.0524
130 0.0706 0.1146 0.3140 0.0628 0.0706 0.3672
131 0.1598 0.3955 0.3716 0.0152 0.0523 0.0057
132 0.1008 0.2805 0.4553 0.0816 0.0276 0.0544
133 0.1442 0.1986 0.5112 0.0635 0.0543 0.0282
134 0.1194 0.1521 0.4333 0.0534 0.0771 0.1646
135 0.1960 0.1599 0.1379 0.0933 0.2152 0.1975
136 0.1805 0.2566 0.0944 0.0707 0.3345 0.0634
137 0.1758 0.3132 0.1562 0.0352 0.2920 0.0276
138 0.2786 0.3389 0.1379 0.0261 0.2087 0.0098
139 0.1951 0.1061 0.2177 0.0900 0.3589 0.0323
140 0.2842 0.2430 0.2095 0.0577 0.1923 0.0133
141 0.2100 0.1727 0.2759 0.0168 0.2825 0.0420
142 0.3237 0.2123 0.1163 0.0352 0.3066 0.0058
143 0.5518 0.1820 0.0789 0.0158 0.1544 0.0171
144 0.2323 0.2847 0.1621 0.0232 0.2759 0.0221
145 0.1362 0.0449 0.1221 0.0729 0.6104 0.0137
146 0.3823 0.1281 0.1281 0.1497 0.2014 0.0104
147 0.1758 0.0677 0.1041 0.0617 0.5854 0.0053
148 0.2061 0.2485 0.0685 0.0262 0.4465 0.0041
149 0.0771 0.3799 0.3352 0.1333 0.0601 0.0145
150 0.4846 0.1478 0.1335 0.0385 0.1882 0.0073
151 0.5273 0.1926 0.0601 0.0410 0.1597 0.0191
152 0.1008 0.4050 0.0709 0.2069 0.2102 0.0060
153 0.4854 0.1276 0.0333 0.1600 0.1915 0.0020
154 0.1996 0.1818 0.2125 0.2158 0.1394 0.0509
155 0.3345 0.1981 0.2795 0.0339 0.1427 0.0113
156 0.1342 0.2666 0.3167 0.2078 0.0696 0.0052
157 0.3372 0.2487 0.0729 0.0729 0.2544 0.0139
158 0.0938 0.7319 0.1407 0.0034 0.0291 0.0013
159 0.1534 0.2303 0.2756 0.1088 0.1910 0.0406
160 0.1575 0.2135 0.2678 0.1812 0.1689 0.0111
161 0.0547 0.3247 0.2913 0.1464 0.1534 0.0295
