time exciting_prob fearful_prob tense_prob sad_prob relaxing_prob neutral_prob
0 0.1655 0.0183 0.1103 0.0886 0.5869 0.0302
1 0.3159 0.1528 0.1704 0.1237 0.2275 0.0095
2 0.2651 0.2822 0.2590 0.0834 0.1038 0.0066
3 0.1155 0.1720 0.2174 0.0445 0.4392 0.0113
4 0.1124 0.1537 0.1274 0.5801 0.0191 0.0074
5 0.2605 0.4678 0.1165 0.0633 0.0845 0.0075
6 0.1868 0.2634 0.3276 0.1454 0.0561 0.0208
7 0.3923 0.1142 0.1782 0.1755 0.1216 0.0181
8 0.1747 0.1404 0.1278 0.0485 0.4939 0.0148
9 0.1201 0.1320 0.3291 0.2622 0.0872 0.0695
10 0.1753 0.3250 0.1536 0.2803 0.0385 0.0273
11 0.1648 0.2397 0.1897 0.3489 0.0251 0.0320
12 0.2847 0.2361 0.1957 0.1754 0.0816 0.0265
13 0.0573 0.1038 0.5527 0.2032 0.0144 0.0686
14 0.1038 0.1909 0.2180 0.4043 0.0429 0.0400
15 0.2098 0.3860 0.1132 0.2018 0.0518 0.0373
16 0.3389 0.2040 0.1814 0.1771 0.0877 0.0110
17 0.1009 0.2103 0.4814 0.1515 0.0451 0.0106
18 0.2487 0.3372 0.1138 0.0390 0.2527 0.0085
19 0.2175 0.3164 0.0914 0.0966 0.2644 0.0136
20 0.0698 0.3464 0.3010 0.2202 0.0117 0.0507
21 0.1624 0.1854 0.1538 0.4019 0.0185 0.0779
22 0.3083 0.0941 0.0970 0.1757 0.2942 0.0305
23 0.0980 0.1948 0.3420 0.2174 0.1298 0.0181
24 0.1388 0.1687 0.1700 0.3201 0.1597 0.0427
25 0.2103 0.1625 0.2328 0.1975 0.1503 0.0466
26 0.1918 0.2224 0.1787 0.0878 0.2520 0.0673
27 0.1899 0.3835 0.2496 0.0276 0.1444 0.0048
28 0.2571 0.1366 0.4207 0.0961 0.0725 0.0171
29 0.1448 0.2878 0.5132 0.0355 0.0108 0.0079
30 0.2161 0.2883 0.3167 0.0425 0.1095 0.0268
31 0.1266 0.3037 0.4702 0.0622 0.0203 0.0171
32 0.0648 0.4001 0.4905 0.0290 0.0098 0.0058
33 0.3752 0.3994 0.1946 0.0071 0.0218 0.0019
34 0.1298 0.5903 0.2423 0.0072 0.0285 0.0017
35 0.2125 0.4226 0.1904 0.0210 0.1506 0.0028
36 0.0299 0.2263 0.0475 0.0505 0.6445 0.0011
37 0.2471 0.2285 0.3174 0.0692 0.1365 0.0015
38 0.1022 0.1158 0.2490 0.3005 0.2268 0.0057
39 0.0870 0.1456 0.5669 0.1326 0.0646 0.0031
40 0.1675 0.3130 0.2362 0.0911 0.1898 0.0023
41 0.2296 0.0995 0.1680 0.0428 0.4602 0.0001
42 0.1271 0.1439 0.2976 0.1921 0.2355 0.0037
43 0.1381 0.1516 0.3813 0.1516 0.1746 0.0027
44 0.2268 0.1781 0.1823 0.1547 0.2571 0.0010
45 0.1217 0.1716 0.3413 0.1469 0.2169 0.0017
46 0.2089 0.0627 0.2294 0.1678 0.3286 0.0025
47 0.1586 0.1399 0.2961 0.1294 0.2739 0.0018
48 0.1475 0.2249 0.3428 0.0847 0.1984 0.0019
49 0.1565 0.1666 0.5293 0.0567 0.0906 0.0003
50 0.1643 0.1833 0.3096 0.0449 0.2976 0.0003
51 0.2350 0.2405 0.1470 0.3667 0.0076 0.0031
52 0.1203 0.2566 0.1907 0.0286 0.4038 0.0001
53 0.0881 0.0635 0.2629 0.1030 0.4763 0.0060
54 0.1331 0.3240 0.2524 0.1681 0.1202 0.0023
55 0.0563 0.1289 0.4941 0.1438 0.1708 0.0061
56 0.3691 0.2832 0.0986 0.1960 0.0508 0.0022
57 0.2612 0.1511 0.2323 0.2959 0.0443 0.0150
58 0.1559 0.2913 0.3625 0.0660 0.1233 0.0011
59 0.2339 0.1006 0.3271 0.2629 0.0681 0.0072
60 0.3118 0.1299 0.3477 0.1416 0.0653 0.0037
61 0.2053 0.0274 0.1990 0.4280 0.1134 0.0269
62 0.1799 0.0699 0.6133 0.1152 0.0173 0.0042
63 0.1362 0.0741 0.0600 0.2283 0.4985 0.0030
64 0.2646 0.1340 0.2335 0.3423 0.0235 0.0020
65 0.1362 0.1683 0.2318 0.4331 0.0165 0.0140
66 0.1450 0.2563 0.2729 0.1156 0.2092 0.0008
67 0.0934 0.1871 0.5332 0.1237 0.0536 0.0091
68 0.1975 0.1742 0.2830 0.1134 0.2308 0.0012
69 0.2477 0.2135 0.4346 0.0527 0.0308 0.0206
70 0.5142 0.0944 0.2391 0.0331 0.1166 0.0025
71 0.2874 0.1161 0.1049 0.4314 0.0210 0.0395
72 0.1110 0.2313 0.1277 0.4973 0.0301 0.0025
73 0.6597 0.1383 0.1060 0.0233 0.0717 0.0012
74 0.4043 0.1465 0.1794 0.1014 0.1621 0.0063
75 0.2593 0.1477 0.1047 0.2891 0.1987 0.0005
76 0.4382 0.1716 0.2742 0.0383 0.0704 0.0074
77 0.4602 0.1774 0.2502 0.0308 0.0728 0.0087
78 0.2357 0.2756 0.4072 0.0596 0.0137 0.0081
79 0.6489 0.2406 0.0935 0.0111 0.0060 0.0000
80 0.4817 0.1589 0.2578 0.0331 0.0589 0.0095
81 0.4307 0.3625 0.1572 0.0305 0.0168 0.0022
82 0.4778 0.3386 0.0884 0.0424 0.0528 0.0001
83 0.4268 0.1030 0.0802 0.0697 0.3123 0.0079
84 0.5610 0.1343 0.0945 0.0112 0.1969 0.0021
85 0.0701 0.1249 0.4644 0.3142 0.0233 0.0033
86 0.4597 0.1704 0.3286 0.0106 0.0278 0.0029
87 0.4797 0.2319 0.1984 0.0610 0.0271 0.0018
88 0.3564 0.2888 0.2649 0.0282 0.0610 0.0006
89 0.2622 0.2314 0.2261 0.0745 0.2010 0.0048
90 0.7632 0.1587 0.0303 0.0389 0.0086 0.0005
91 0.1302 0.2251 0.5928 0.0271 0.0230 0.0016
92 0.0798 0.2347 0.6089 0.0589 0.0166 0.0012
93 0.0461 0.1071 0.3799 0.3982 0.0038 0.0650
94 0.1935 0.1183 0.5098 0.1655 0.0059 0.0069
95 0.3960 0.1960 0.2070 0.0335 0.1650 0.0023
96 0.1323 0.1824 0.4014 0.0946 0.1881 0.0011
97 0.4614 0.2032 0.1213 0.0211 0.1924 0.0004
98 0.2102 0.3257 0.1116 0.0398 0.3108 0.0020
99 0.3101 0.3250 0.1851 0.1559 0.0218 0.0025
100 0.3875 0.1964 0.3555 0.0105 0.0478 0.0023
101 0.1470 0.2703 0.1871 0.1481 0.2422 0.0053
102 0.4280 0.1226 0.1798 0.0162 0.2496 0.0039
103 0.6333 0.1692 0.1257 0.0071 0.0553 0.0093
104 0.4993 0.1196 0.2651 0.0118 0.1006 0.0034
105 0.4885 0.1729 0.1974 0.0131 0.1235 0.0045
106 0.5303 0.1532 0.2646 0.0054 0.0446 0.0019
107 0.4470 0.2095 0.2607 0.0115 0.0654 0.0058
108 0.4175 0.1768 0.2983 0.0086 0.0969 0.0019
109 0.1896 0.5659 0.1195 0.1105 0.0117 0.0029
110 0.4790 0.1383 0.1965 0.0126 0.1694 0.0041
111 0.1536 0.3054 0.4045 0.0698 0.0640 0.0029
112 0.4329 0.1669 0.3142 0.0190 0.0643 0.0024
113 0.2793 0.1350 0.3423 0.1393 0.0663 0.0378
114 0.2974 0.1320 0.1891 0.2544 0.1077 0.0193
115 0.0660 0.2133 0.1443 0.5039 0.0269 0.0458
116 0.5669 0.1467 0.2255 0.0094 0.0454 0.0062
117 0.5996 0.1614 0.2189 0.0038 0.0122 0.0040
118 0.3020 0.3672 0.1996 0.0550 0.0558 0.0206
119 0.0391 0.0446 0.0036 0.0248 0.8750 0.0129
120 0.1383 0.0826 0.0707 0.5386 0.1643 0.0055
121 0.6274 0.1729 0.1433 0.0134 0.0325 0.0105
122 0.5728 0.1720 0.1980 0.0099 0.0456 0.0015
123 0.5825 0.0758 0.2729 0.0135 0.0460 0.0091
124 0.0185 0.0298 0.0514 0.0433 0.8564 0.0008
125 0.5264 0.2281 0.1351 0.0071 0.1005 0.0027
126 0.0942 0.4939 0.1761 0.0156 0.2192 0.0009
127 0.3975 0.1290 0.1194 0.0154 0.3347 0.0038
128 0.5493 0.1008 0.0404 0.0131 0.2874 0.0090
129 0.4355 0.1229 0.0323 0.0168 0.3813 0.0112
130 0.1073 0.1974 0.2236 0.3574 0.1008 0.0135
131 0.4153 0.3208 0.1127 0.1317 0.0164 0.0031
132 0.0862 0.4177 0.4587 0.0340 0.0005 0.0030
133 0.4470 0.2649 0.0262 0.0443 0.2162 0.0013
134 0.3440 0.3547 0.2576 0.0217 0.0213 0.0007
135 0.4111 0.2416 0.1072 0.0153 0.2235 0.0013
136 0.3447 0.2727 0.1426 0.0318 0.2074 0.0009
137 0.2314 0.4900 0.2225 0.0281 0.0258 0.0022
138 0.2258 0.3723 0.1873 0.1470 0.0632 0.0043
139 0.2328 0.4739 0.1813 0.0557 0.0540 0.0024
140 0.3054 0.3459 0.1488 0.0156 0.1837 0.0006
141 0.3042 0.1566 0.3237 0.1603 0.0520 0.0032
142 0.6475 0.1526 0.1207 0.0083 0.0704 0.0007
143 0.2438 0.3081 0.2964 0.1305 0.0192 0.0021
144 0.4500 0.2837 0.1920 0.0073 0.0659 0.0012
145 0.5239 0.3574 0.0656 0.0374 0.0152 0.0005
146 0.1323 0.1560 0.5400 0.0109 0.1536 0.0069
147 0.3418 0.1436 0.1705 0.1050 0.2367 0.0024
148 0.3418 0.4565 0.1603 0.0105 0.0308 0.0002
149 0.2158 0.3042 0.3848 0.0775 0.0115 0.0062
150 0.2778 0.1243 0.2339 0.3484 0.0145 0.0011
151 0.5542 0.1814 0.1246 0.0553 0.0811 0.0032
152 0.5103 0.3071 0.1175 0.0066 0.0534 0.0048
153 0.3950 0.2083 0.3076 0.0317 0.0526 0.0047
154 0.5278 0.2573 0.1335 0.0059 0.0749 0.0005
155 0.4148 0.2678 0.2742 0.0118 0.0305 0.0011
156 0.1025 0.3308 0.1256 0.1041 0.3362 0.0007
157 0.3184 0.5249 0.1199 0.0164 0.0170 0.0035
158 0.3997 0.1903 0.2224 0.0366 0.1482 0.0029
159 0.4324 0.2925 0.2026 0.0116 0.0604 0.0006
160 0.1247 0.4058 0.1412 0.0642 0.2639 0.0002
161 0.0460 0.0872 0.0264 0.0244 0.8145 0.0017
162 0.3115 0.2502 0.3066 0.0258 0.0892 0.0168
163 0.4583 0.2198 0.2610 0.0223 0.0337 0.0049
164 0.6729 0.1169 0.1729 0.0053 0.0312 0.0009
165 0.4358 0.1788 0.2996 0.0086 0.0763 0.0010
166 0.0789 0.4907 0.2212 0.0966 0.1121 0.0007
167 0.4473 0.3325 0.1738 0.0102 0.0329 0.0032
168 0.0865 0.0865 0.4001 0.3533 0.0233 0.0501
169 0.4880 0.2166 0.2131 0.0127 0.0630 0.0066
170 0.4146 0.2218 0.2805 0.0131 0.0671 0.0030
171 0.3767 0.3918 0.1659 0.0074 0.0534 0.0047
172 0.5244 0.1930 0.2136 0.0197 0.0414 0.0076
173 0.2214 0.4688 0.2756 0.0190 0.0128 0.0024
174 0.6606 0.1395 0.1497 0.0086 0.0406 0.0010
175 0.4343 0.2573 0.1868 0.0671 0.0379 0.0166
176 0.1192 0.1085 0.1020 0.0235 0.6445 0.0023
177 0.0606 0.6997 0.1636 0.0300 0.0447 0.0015
178 0.4163 0.2029 0.1907 0.1473 0.0361 0.0067
179 0.0829 0.7749 0.0798 0.0145 0.0469 0.0011
180 0.2537 0.3867 0.2517 0.0269 0.0774 0.0034
181 0.4231 0.1877 0.2264 0.0450 0.1086 0.0090
182 0.0549 0.7231 0.1163 0.0647 0.0402 0.0006
183 0.3140 0.3936 0.1128 0.0988 0.0800 0.0010
184 0.4275 0.4048 0.1072 0.0320 0.0273 0.0013
185 0.2903 0.1720 0.1393 0.2522 0.1459 0.0006
186 0.2769 0.2074 0.2107 0.1666 0.0456 0.0928
187 0.4558 0.3037 0.1296 0.0405 0.0562 0.0142
188 0.2314 0.1043 0.2426 0.3367 0.0711 0.0139
189 0.5703 0.1713 0.1740 0.0120 0.0650 0.0076
190 0.3010 0.4414 0.2101 0.0136 0.0249 0.0091
191 0.1017 0.7456 0.0905 0.0349 0.0265 0.0011
192 0.0398 0.4773 0.0458 0.1943 0.2418 0.0009
193 0.4744 0.2769 0.2057 0.0185 0.0229 0.0016
194 0.3877 0.4429 0.0872 0.0659 0.0158 0.0005
195 0.3726 0.1154 0.3313 0.1229 0.0512 0.0068
196 0.1838 0.1622 0.3892 0.2437 0.0112 0.0097
197 0.3467 0.1337 0.2766 0.2170 0.0190 0.0070
198 0.2234 0.1254 0.5615 0.0133 0.0737 0.0025
199 0.6816 0.0860 0.1021 0.0171 0.1121 0.0012
200 0.1292 0.0714 0.1440 0.5610 0.0160 0.0784
201 0.2089 0.1947 0.3813 0.0372 0.1772 0.0007
202 0.6401 0.0951 0.1351 0.0126 0.1121 0.0052
203 0.2080 0.0601 0.5654 0.0754 0.0902 0.0008
204 0.2496 0.0955 0.5083 0.0631 0.0823 0.0010
205 0.2217 0.2098 0.2781 0.1159 0.1687 0.0059
206 0.3201 0.1376 0.4656 0.0535 0.0232 0.0003
207 0.1862 0.2605 0.4753 0.0199 0.0533 0.0046
208 0.2074 0.1542 0.5815 0.0204 0.0333 0.0032
209 0.0588 0.6729 0.2476 0.0162 0.0039 0.0006
210 0.2260 0.3042 0.4221 0.0126 0.0344 0.0008
211 0.3232 0.2991 0.0956 0.1469 0.1118 0.0234
212 0.0930 0.1046 0.0486 0.7261 0.0256 0.0022
213 0.3672 0.4429 0.0794 0.0501 0.0453 0.0152
214 0.2123 0.0700 0.1019 0.5859 0.0219 0.0080
215 0.5454 0.2944 0.0780 0.0405 0.0352 0.0064
216 0.5732 0.1138 0.1630 0.0177 0.1279 0.0044
217 0.5347 0.1279 0.2111 0.0130 0.1112 0.0022
218 0.6045 0.1392 0.1691 0.0102 0.0745 0.0029
219 0.1998 0.3269 0.2355 0.1984 0.0345 0.0048
220 0.7622 0.1755 0.0300 0.0043 0.0259 0.0019
221 0.1218 0.5859 0.1307 0.1564 0.0051 0.0002
222 0.1489 0.0682 0.1560 0.5449 0.0171 0.0651
223 0.1448 0.1328 0.1732 0.3784 0.1653 0.0057
224 0.1906 0.3291 0.4163 0.0501 0.0136 0.0004
225 0.2939 0.1514 0.4734 0.0593 0.0162 0.0057
226 0.5957 0.0859 0.1137 0.1350 0.0567 0.0127
227 0.3325 0.1302 0.3711 0.1354 0.0245 0.0062
228 0.1364 0.0486 0.4404 0.3484 0.0188 0.0076
229 0.0802 0.5566 0.0753 0.0747 0.2129 0.0003
230 0.2549 0.2358 0.1186 0.1132 0.2756 0.0018
231 0.1085 0.4031 0.1128 0.0328 0.3420 0.0007
232 0.0956 0.0458 0.2854 0.5088 0.0386 0.0261
233 0.1071 0.1475 0.4797 0.2527 0.0057 0.0073
234 0.3323 0.1594 0.2096 0.2610 0.0297 0.0079
235 0.2700 0.1117 0.1503 0.4248 0.0386 0.0045
236 0.4880 0.2396 0.1809 0.0650 0.0249 0.0016
237 0.3779 0.1412 0.2578 0.1731 0.0484 0.0015
238 0.1566 0.2664 0.3420 0.2090 0.0128 0.0133
239 0.6196 0.1592 0.0712 0.0145 0.1351 0.0003
240 0.4668 0.2206 0.0331 0.0049 0.2744 0.0002
241 0.3640 0.1831 0.2603 0.0137 0.1760 0.0030
242 0.6133 0.1456 0.0762 0.1562 0.0053 0.0031
243 0.1860 0.2352 0.2837 0.1383 0.1543 0.0026
244 0.1026 0.1026 0.2206 0.5210 0.0139 0.0392
245 0.5493 0.2896 0.0904 0.0340 0.0365 0.0001
246 0.2222 0.2639 0.4385 0.0431 0.0310 0.0015
247 0.1046 0.1186 0.3027 0.4546 0.0046 0.0150
248 0.4231 0.2976 0.1300 0.0644 0.0840 0.0008
249 0.3772 0.2961 0.1825 0.0574 0.0842 0.0026
250 0.6050 0.1191 0.2042 0.0106 0.0590 0.0023
251 0.1075 0.0652 0.1109 0.6899 0.0222 0.0043
252 0.3352 0.3682 0.1925 0.0277 0.0754 0.0007
253 0.3521 0.3083 0.2537 0.0341 0.0495 0.0025
254 0.2930 0.3372 0.3047 0.0290 0.0304 0.0056
255 0.6284 0.1678 0.0662 0.0208 0.1058 0.0110
256 0.3198 0.3328 0.2737 0.0359 0.0356 0.0023
257 0.4121 0.2947 0.2172 0.0386 0.0308 0.0066
258 0.4475 0.2913 0.1940 0.0265 0.0348 0.0061
259 0.2947 0.3843 0.2683 0.0366 0.0133 0.0028
260 0.2646 0.3911 0.3000 0.0196 0.0209 0.0037
261 0.3711 0.2781 0.2715 0.0189 0.0552 0.0053
262 0.6646 0.2244 0.0599 0.0102 0.0372 0.0038
263 0.1389 0.3660 0.1702 0.0970 0.2152 0.0126
264 0.2188 0.4631 0.2440 0.0063 0.0667 0.0011
265 0.4324 0.2209 0.1667 0.0347 0.1382 0.0070
266 0.5649 0.1710 0.1364 0.0183 0.1013 0.0080
267 0.3628 0.2695 0.2532 0.0709 0.0401 0.0034
268 0.3159 0.3694 0.2559 0.0333 0.0249 0.0005
269 0.5679 0.2404 0.0956 0.0278 0.0637 0.0048
270 0.2113 0.3796 0.3271 0.0260 0.0518 0.0042
271 0.4661 0.2325 0.1769 0.0227 0.0962 0.0054
272 0.1453 0.2571 0.5571 0.0148 0.0188 0.0072
273 0.2834 0.2388 0.4392 0.0159 0.0193 0.0035
274 0.7178 0.1553 0.0240 0.0272 0.0717 0.0040
275 0.2056 0.5996 0.1552 0.0136 0.0255 0.0008
276 0.3247 0.1407 0.1658 0.2047 0.0245 0.1396
277 0.6772 0.1895 0.0539 0.0260 0.0221 0.0314
278 0.2563 0.3396 0.3191 0.0114 0.0695 0.0040
279 0.3010 0.2069 0.3896 0.0462 0.0465 0.0099
280 0.4500 0.1832 0.0509 0.0158 0.2998 0.0002
281 0.2412 0.5396 0.1418 0.0367 0.0385 0.0025
282 0.0028 0.1638 0.0028 0.8193 0.0111 0.0002
283 0.2798 0.3350 0.2113 0.1030 0.0388 0.0321
284 0.0488 0.4282 0.3284 0.1813 0.0098 0.0036
285 0.3770 0.2551 0.1809 0.0086 0.1753 0.0030
286 0.3311 0.3159 0.2423 0.0673 0.0392 0.0040
287 0.4312 0.3748 0.1216 0.0157 0.0492 0.0075
288 0.2852 0.4927 0.1587 0.0150 0.0437 0.0045
289 0.2739 0.1840 0.5039 0.0100 0.0269 0.0010
290 0.2440 0.2402 0.3552 0.1327 0.0051 0.0227
291 0.1464 0.0959 0.0759 0.3196 0.0475 0.3147
292 0.1136 0.1553 0.1349 0.1288 0.0181 0.4492
293 0.2336 0.5352 0.1353 0.0083 0.0860 0.0018
294 0.2390 0.5220 0.1405 0.0084 0.0880 0.0019
295 0.2390 0.5220 0.1405 0.0084 0.0880 0.0019
