time exciting_prob fearful_prob tense_prob sad_prob relaxing_prob neutral_prob
0 0.1136 0.1553 0.1349 0.1288 0.0181 0.4492
1 0.1761 0.0445 0.1578 0.5176 0.0723 0.0316
2 0.4558 0.1716 0.2808 0.0404 0.0323 0.0193
3 0.2732 0.0347 0.3733 0.2646 0.0326 0.0216
4 0.1577 0.0864 0.7012 0.0096 0.0352 0.0098
5 0.2479 0.1100 0.2441 0.3135 0.0716 0.0128
6 0.3262 0.0800 0.3418 0.1042 0.1318 0.0159
7 0.4641 0.0442 0.2505 0.1111 0.0746 0.0555
8 0.1225 0.0842 0.3381 0.3716 0.0116 0.0720
9 0.3376 0.2302 0.2957 0.0696 0.0376 0.0293
10 0.2922 0.1247 0.2722 0.1287 0.1718 0.0105
11 0.2654 0.1283 0.4805 0.0354 0.0703 0.0201
12 0.3530 0.0493 0.4258 0.0752 0.0609 0.0358
13 0.4163 0.1373 0.3242 0.0936 0.0196 0.0088
14 0.5229 0.0587 0.2510 0.1038 0.0468 0.0166
15 0.5801 0.0779 0.0666 0.1989 0.0646 0.0120
16 0.3079 0.0417 0.2512 0.0440 0.3127 0.0423
17 0.5430 0.0833 0.1605 0.0129 0.1847 0.0158
18 0.2795 0.0929 0.5181 0.0085 0.0981 0.0027
19 0.5630 0.0850 0.0338 0.2383 0.0477 0.0325
20 0.8569 0.0531 0.0181 0.0220 0.0468 0.0032
21 0.2413 0.1038 0.3567 0.0260 0.2590 0.0132
22 0.2257 0.3232 0.3232 0.0768 0.0392 0.0115
23 0.8159 0.0176 0.0345 0.0560 0.0639 0.0121
24 0.2637 0.1356 0.1974 0.1913 0.2021 0.0099
25 0.2135 0.1295 0.3308 0.1914 0.1285 0.0062
26 0.0693 0.1868 0.6470 0.0511 0.0365 0.0095
27 0.2622 0.0421 0.1918 0.2878 0.1732 0.0428
28 0.3887 0.0475 0.2197 0.0168 0.3098 0.0172
29 0.2283 0.0526 0.2212 0.2710 0.1907 0.0361
30 0.0918 0.1715 0.4519 0.0662 0.0849 0.1335
31 0.1798 0.1467 0.4592 0.0897 0.0940 0.0305
32 0.1868 0.0570 0.3408 0.2615 0.1089 0.0451
33 0.2639 0.0994 0.3694 0.1050 0.0580 0.1042
34 0.1638 0.1368 0.5586 0.0477 0.0223 0.0710
35 0.1371 0.6045 0.1746 0.0700 0.0053 0.0085
36 0.0624 0.0659 0.4263 0.0997 0.0746 0.2710
37 0.0646 0.0926 0.3633 0.1467 0.1637 0.1689
38 0.1750 0.0490 0.2886 0.1764 0.1683 0.1428
39 0.1023 0.0797 0.4307 0.0931 0.1215 0.1727
40 0.4763 0.2866 0.0916 0.0282 0.1038 0.0133
41 0.3440 0.0898 0.2898 0.0504 0.1588 0.0673
42 0.2091 0.0554 0.2749 0.1530 0.2074 0.1003
43 0.6641 0.1772 0.0912 0.0262 0.0396 0.0019
44 0.2323 0.0703 0.1609 0.1234 0.3101 0.1031
45 0.1711 0.0486 0.1251 0.3708 0.2629 0.0214
46 0.2620 0.0405 0.3311 0.1075 0.2170 0.0421
47 0.2764 0.1467 0.3896 0.0531 0.1179 0.0163
48 0.3459 0.1224 0.3857 0.0191 0.1195 0.0073
49 0.2466 0.0690 0.1567 0.1138 0.3701 0.0439
50 0.2085 0.0993 0.4556 0.0234 0.1729 0.0404
51 0.2076 0.0378 0.2245 0.1300 0.2109 0.1891
52 0.1722 0.1193 0.3047 0.1111 0.0442 0.2485
53 0.4417 0.3386 0.0511 0.1099 0.0562 0.0025
54 0.6260 0.2394 0.0514 0.0221 0.0601 0.0014
55 0.7095 0.1522 0.0784 0.0052 0.0539 0.0008
56 0.2313 0.1035 0.1360 0.2190 0.0642 0.2462
57 0.1527 0.0927 0.3184 0.3135 0.0188 0.1041
58 0.1450 0.0422 0.4985 0.0833 0.0133 0.2178
59 0.5913 0.0219 0.0594 0.3115 0.0067 0.0094
60 0.1678 0.1318 0.4636 0.1349 0.0787 0.0231
61 0.6812 0.0183 0.0776 0.2013 0.0081 0.0137
62 0.1404 0.0576 0.1860 0.4751 0.1340 0.0069
63 0.1440 0.0453 0.3401 0.4436 0.0211 0.0059
64 0.2759 0.0125 0.1597 0.4478 0.0754 0.0291
65 0.3008 0.0561 0.4961 0.0480 0.0709 0.0282
66 0.3489 0.0726 0.4480 0.0539 0.0698 0.0069
67 0.0520 0.0618 0.4424 0.3723 0.0242 0.0474
68 0.5889 0.1024 0.1989 0.0511 0.0535 0.0054
69 0.4255 0.1426 0.3066 0.0355 0.0825 0.0073
70 0.4360 0.1996 0.1761 0.0375 0.1289 0.0219
71 0.2949 0.1681 0.0980 0.0246 0.4094 0.0049
72 0.1564 0.1199 0.3752 0.2240 0.1010 0.0236
73 0.0605 0.1053 0.6660 0.1053 0.0250 0.0379
74 0.3015 0.1481 0.2240 0.0257 0.2598 0.0408
75 0.1155 0.1888 0.5728 0.0285 0.0872 0.0073
76 0.3782 0.1678 0.3210 0.0580 0.0594 0.0155
77 0.1410 0.1548 0.5708 0.0507 0.0443 0.0385
78 0.2949 0.1506 0.1655 0.1155 0.2505 0.0229
79 0.3772 0.0404 0.0754 0.2915 0.1536 0.0620
80 0.3115 0.0879 0.1965 0.1003 0.2465 0.0572
81 0.1531 0.0550 0.6245 0.0517 0.1060 0.0099
82 0.1995 0.0711 0.2058 0.0899 0.4092 0.0246
83 0.6543 0.0988 0.0935 0.0093 0.1372 0.0069
84 0.2036 0.2134 0.4590 0.0091 0.1073 0.0075
85 0.1331 0.1212 0.3506 0.2773 0.0782 0.0393
86 0.0562 0.0282 0.0488 0.0066 0.8584 0.0019
87 0.0574 0.1057 0.3630 0.3745 0.0593 0.0401
88 0.2896 0.0829 0.1676 0.0325 0.3333 0.0940
89 0.1964 0.0489 0.4224 0.0445 0.2727 0.0149
90 0.3838 0.0220 0.3496 0.1813 0.0389 0.0244
91 0.5576 0.0338 0.3660 0.0143 0.0273 0.0009
92 0.6328 0.0308 0.2498 0.0386 0.0466 0.0014
93 0.1647 0.0518 0.3857 0.0394 0.3406 0.0178
94 0.3074 0.0625 0.3198 0.1088 0.1725 0.0291
95 0.3796 0.0795 0.0909 0.0158 0.4268 0.0076
96 0.1454 0.1159 0.6167 0.0510 0.0291 0.0420
97 0.1567 0.0782 0.6597 0.0412 0.0428 0.0214
98 0.3206 0.1479 0.2786 0.0401 0.1975 0.0152
99 0.6860 0.0685 0.0529 0.0172 0.1694 0.0058
100 0.1378 0.0437 0.1943 0.3254 0.0291 0.2698
101 0.2527 0.2229 0.3562 0.0347 0.1241 0.0095
102 0.1263 0.2050 0.4272 0.0909 0.1442 0.0063
103 0.1361 0.0729 0.3369 0.2903 0.0800 0.0839
104 0.4138 0.0916 0.2433 0.0302 0.1880 0.0332
105 0.5767 0.1338 0.2009 0.0081 0.0705 0.0098
106 0.2104 0.1118 0.4150 0.0716 0.1552 0.0360
107 0.4343 0.0797 0.2418 0.0918 0.1399 0.0124
108 0.4692 0.1740 0.2034 0.0230 0.1224 0.0081
109 0.3118 0.0237 0.2751 0.3372 0.0403 0.0117
110 0.5332 0.0303 0.3040 0.1034 0.0253 0.0036
111 0.5317 0.0263 0.1344 0.2148 0.0861 0.0065
112 0.1002 0.0276 0.7881 0.0363 0.0219 0.0257
113 0.2727 0.0781 0.2351 0.3877 0.0188 0.0077
114 0.3411 0.0876 0.4412 0.0621 0.0041 0.0641
115 0.5103 0.0735 0.1906 0.0406 0.1532 0.0321
116 0.3760 0.0701 0.2109 0.1020 0.1543 0.0865
117 0.1648 0.0698 0.3176 0.2983 0.0395 0.1098
118 0.1459 0.0169 0.0831 0.7178 0.0257 0.0106
119 0.3550 0.2188 0.3386 0.0143 0.0715 0.0017
120 0.1559 0.1023 0.2781 0.1215 0.2759 0.0665
121 0.1340 0.3240 0.2881 0.0195 0.2297 0.0047
122 0.1244 0.0984 0.5796 0.0322 0.0166 0.1488
123 0.2859 0.0865 0.4126 0.1035 0.0304 0.0812
124 0.0876 0.1613 0.4927 0.0688 0.1134 0.0762
125 0.3979 0.1476 0.1464 0.0601 0.2197 0.0284
126 0.3821 0.1086 0.2229 0.0981 0.1497 0.0384
127 0.1079 0.2590 0.3484 0.2080 0.0665 0.0102
128 0.0837 0.1328 0.5635 0.1732 0.0415 0.0053
129 0.4023 0.0549 0.3523 0.0677 0.1208 0.0020
130 0.2581 0.1577 0.4460 0.0278 0.1085 0.0019
131 0.1146 0.1604 0.1996 0.1004 0.2708 0.1543
132 0.0621 0.1216 0.2006 0.3464 0.1357 0.1335
133 0.1783 0.1116 0.3806 0.1041 0.1357 0.0897
134 0.2126 0.0456 0.3398 0.2729 0.0614 0.0674
135 0.1904 0.0825 0.2444 0.3342 0.1128 0.0358
136 0.3279 0.0767 0.3154 0.0271 0.2307 0.0223
137 0.2859 0.0161 0.2191 0.2522 0.1995 0.0272
138 0.2257 0.0338 0.2639 0.2681 0.1871 0.0213
139 0.1461 0.3142 0.4792 0.0119 0.0356 0.0128
140 0.5454 0.0756 0.1930 0.1276 0.0503 0.0082
141 0.1301 0.1301 0.3428 0.1820 0.1139 0.1013
142 0.2013 0.2524 0.3167 0.0872 0.0782 0.0643
143 0.1617 0.1260 0.1921 0.2627 0.1428 0.1147
144 0.3584 0.1360 0.1615 0.1615 0.0757 0.1068
145 0.0534 0.0348 0.2888 0.2433 0.0625 0.3171
146 0.0617 0.0431 0.3232 0.1731 0.1091 0.2898
147 0.0537 0.0623 0.4004 0.0929 0.1156 0.2751
148 0.2612 0.0635 0.1064 0.1205 0.1700 0.2781
149 0.2329 0.0428 0.1237 0.1392 0.1576 0.3037
150 0.1913 0.0232 0.0897 0.1216 0.2168 0.3574
151 0.1339 0.0258 0.5679 0.0445 0.1815 0.0463
152 0.0943 0.0122 0.6646 0.0425 0.1230 0.0633
153 0.0585 0.0793 0.3501 0.0224 0.1554 0.3342
154 0.0480 0.0870 0.4890 0.0215 0.0715 0.2830
155 0.1015 0.0939 0.1881 0.0367 0.1215 0.4583
156 0.2023 0.0683 0.1266 0.0762 0.1246 0.4021
157 0.2505 0.0290 0.5347 0.0334 0.0981 0.0542
158 0.1696 0.0256 0.6108 0.0347 0.1069 0.0525
159 0.1945 0.0726 0.4116 0.0157 0.1611 0.1445
160 0.3071 0.0847 0.1311 0.1570 0.1121 0.2079
161 0.2639 0.1227 0.1564 0.1677 0.0637 0.2257
162 0.1709 0.1166 0.3508 0.0350 0.0450 0.2817
163 0.0550 0.1617 0.3789 0.0826 0.0244 0.2974
164 0.0684 0.0580 0.3042 0.1460 0.0449 0.3787
165 0.0943 0.0264 0.1542 0.0770 0.0189 0.6294
166 0.0965 0.0311 0.2974 0.1483 0.0328 0.3938
167 0.2119 0.0856 0.2021 0.1479 0.0584 0.2942
168 0.1510 0.0494 0.1582 0.0895 0.0490 0.5029
169 0.0978 0.0804 0.3547 0.0773 0.1676 0.2220
170 0.0701 0.0685 0.5347 0.0157 0.1174 0.1936
171 0.0964 0.0652 0.4531 0.0224 0.1680 0.1948
172 0.0861 0.0293 0.4915 0.0192 0.2756 0.0983
173 0.0616 0.0413 0.6831 0.0616 0.0263 0.1263
174 0.0630 0.0105 0.7207 0.0961 0.0556 0.0539
175 0.0756 0.0074 0.6533 0.1843 0.0369 0.0424
176 0.0981 0.0364 0.4297 0.1937 0.0922 0.1497
177 0.1006 0.0403 0.3406 0.0671 0.0889 0.3625
178 0.3176 0.2183 0.2360 0.0574 0.1355 0.0353
179 0.5283 0.1057 0.2939 0.0208 0.0476 0.0036
180 0.2878 0.0695 0.3667 0.0387 0.2173 0.0201
181 0.1346 0.0218 0.3777 0.4084 0.0386 0.0190
182 0.1956 0.0630 0.5659 0.0587 0.1106 0.0061
183 0.1776 0.0659 0.3533 0.1405 0.2585 0.0041
184 0.1534 0.1418 0.3350 0.2693 0.0314 0.0692
185 0.1676 0.0431 0.4521 0.0580 0.2458 0.0333
186 0.0862 0.3518 0.3408 0.0565 0.0392 0.1254
187 0.1160 0.0682 0.3057 0.0862 0.0377 0.3862
188 0.2014 0.0680 0.3320 0.0833 0.2710 0.0443
189 0.3115 0.0781 0.4531 0.0627 0.0812 0.0134
190 0.3096 0.1406 0.4231 0.0260 0.0685 0.0324
191 0.1736 0.2335 0.4099 0.0490 0.0908 0.0432
192 0.7856 0.0834 0.0342 0.0337 0.0560 0.0069
193 0.3157 0.1017 0.0408 0.4666 0.0431 0.0325
194 0.0903 0.4014 0.3250 0.1089 0.0498 0.0247
195 0.1415 0.1288 0.3289 0.0793 0.2042 0.1172
196 0.4519 0.2290 0.1599 0.0829 0.0536 0.0228
197 0.0585 0.0898 0.3811 0.2073 0.0133 0.2500
198 0.2595 0.0380 0.3181 0.3181 0.0296 0.0368
199 0.3367 0.1802 0.4155 0.0278 0.0226 0.0173
200 0.1692 0.0428 0.1541 0.3994 0.1887 0.0459
201 0.3145 0.0605 0.3647 0.0151 0.2373 0.0079
202 0.1262 0.1909 0.4727 0.1195 0.0736 0.0171
203 0.2788 0.0891 0.2832 0.0041 0.3416 0.0034
204 0.0679 0.0700 0.2482 0.2260 0.1068 0.2812
205 0.0837 0.0768 0.2517 0.0744 0.1527 0.3606
206 0.4365 0.2030 0.2030 0.0196 0.1342 0.0035
207 0.2230 0.1148 0.4199 0.0901 0.1130 0.0391
208 0.0986 0.3284 0.4705 0.0417 0.0545 0.0062
209 0.2698 0.2255 0.2852 0.0462 0.1688 0.0046
210 0.0739 0.1680 0.3965 0.3018 0.0355 0.0244
211 0.1953 0.1606 0.5605 0.0100 0.0619 0.0115
212 0.1774 0.1993 0.5503 0.0078 0.0576 0.0075
213 0.1879 0.0724 0.1938 0.3623 0.0302 0.1533
214 0.1543 0.2246 0.4363 0.0944 0.0770 0.0134
215 0.1577 0.1719 0.4458 0.1844 0.0219 0.0181
216 0.3162 0.0411 0.3997 0.1403 0.0571 0.0456
217 0.3035 0.1434 0.3748 0.0773 0.0721 0.0287
218 0.1471 0.2686 0.5015 0.0224 0.0352 0.0252
219 0.1530 0.2190 0.5015 0.0194 0.0333 0.0739
220 0.4524 0.1447 0.3259 0.0255 0.0374 0.0141
221 0.0164 0.1313 0.3860 0.0660 0.0754 0.3250
222 0.1990 0.0519 0.3718 0.0480 0.2805 0.0488
223 0.2198 0.0665 0.3918 0.0443 0.2303 0.0472
224 0.2598 0.1600 0.1152 0.2944 0.1049 0.0657
