time exciting_prob fearful_prob tense_prob sad_prob relaxing_prob neutral_prob
0 0.1110 0.1566 0.1382 0.1298 0.0183 0.4460
1 0.0771 0.2395 0.5312 0.0888 0.0077 0.0556
2 0.0384 0.0865 0.6006 0.1471 0.0396 0.0879
3 0.1438 0.3848 0.3730 0.0432 0.0244 0.0309
4 0.0282 0.1525 0.4768 0.2117 0.0121 0.1187
5 0.0863 0.1689 0.5044 0.1256 0.0421 0.0727
6 0.0532 0.3208 0.4668 0.0798 0.0608 0.0185
7 0.0286 0.1809 0.6934 0.0260 0.0218 0.0494
8 0.0376 0.0880 0.5107 0.1140 0.0087 0.2412
9 0.0410 0.1124 0.6992 0.0221 0.0084 0.1169
10 0.0227 0.1433 0.4180 0.0704 0.2656 0.0798
11 0.0271 0.1204 0.6309 0.0345 0.0171 0.1698
12 0.0565 0.3330 0.5078 0.0465 0.0359 0.0202
13 0.0265 0.0963 0.8511 0.0040 0.0058 0.0161
14 0.0513 0.0428 0.1643 0.4226 0.0460 0.2729
15 0.0314 0.0815 0.6660 0.0223 0.0235 0.1752
16 0.0246 0.1019 0.7646 0.0136 0.0040 0.0913
17 0.0374 0.2021 0.2764 0.4148 0.0267 0.0424
18 0.0149 0.0883 0.5581 0.0499 0.0084 0.2805
19 0.0345 0.2546 0.6602 0.0122 0.0014 0.0372
20 0.0302 0.1203 0.7720 0.0118 0.0027 0.0629
21 0.0299 0.1426 0.7769 0.0062 0.0019 0.0428
22 0.1594 0.2249 0.1570 0.1750 0.1451 0.1385
23 0.2556 0.3035 0.2152 0.1108 0.0291 0.0856
24 0.0353 0.3884 0.3481 0.1923 0.0189 0.0169
25 0.1005 0.3220 0.3591 0.0534 0.1417 0.0231
26 0.0440 0.1124 0.6074 0.0869 0.0239 0.1254
27 0.0991 0.1686 0.5884 0.0917 0.0365 0.0156
28 0.1226 0.1561 0.2805 0.2006 0.0317 0.2085
29 0.0681 0.4106 0.3740 0.0760 0.0162 0.0551
30 0.0958 0.2465 0.4980 0.0138 0.1299 0.0160
31 0.0392 0.2238 0.7109 0.0065 0.0025 0.0171
32 0.0698 0.5703 0.3301 0.0067 0.0144 0.0087
33 0.0445 0.0806 0.4092 0.2947 0.0084 0.1627
34 0.0600 0.0887 0.4868 0.0759 0.0321 0.2566
35 0.0390 0.1036 0.2428 0.1965 0.3533 0.0648
36 0.0510 0.2303 0.4954 0.0999 0.0188 0.1047
37 0.1403 0.1963 0.3997 0.1426 0.0793 0.0418
38 0.0521 0.2930 0.4905 0.0595 0.0412 0.0638
39 0.0528 0.1730 0.2700 0.1033 0.2458 0.1550
40 0.0577 0.1847 0.5869 0.0886 0.0361 0.0460
41 0.0565 0.2053 0.3835 0.0153 0.2917 0.0476
42 0.0525 0.2390 0.3821 0.1804 0.0221 0.1240
43 0.0605 0.1046 0.7549 0.0293 0.0123 0.0382
44 0.0470 0.3638 0.3997 0.0292 0.1034 0.0571
45 0.0609 0.1146 0.7129 0.0086 0.0231 0.0800
46 0.0287 0.0571 0.4634 0.0236 0.2944 0.1327
47 0.0392 0.1445 0.1813 0.2439 0.3721 0.0191
48 0.0474 0.1200 0.1627 0.0266 0.6284 0.0148
49 0.0378 0.0196 0.0478 0.0541 0.0138 0.8271
50 0.0758 0.1021 0.2229 0.4719 0.0136 0.1138
51 0.0126 0.0450 0.0881 0.0017 0.8496 0.0029
52 0.0355 0.4978 0.4324 0.0106 0.0045 0.0193
53 0.0592 0.5273 0.3354 0.0340 0.0032 0.0407
54 0.1635 0.4143 0.3435 0.0472 0.0195 0.0120
55 0.1552 0.3159 0.2024 0.0234 0.2617 0.0414
56 0.0716 0.2312 0.6436 0.0052 0.0068 0.0418
57 0.1139 0.3025 0.4758 0.0297 0.0096 0.0685
58 0.0278 0.3032 0.6221 0.0125 0.0079 0.0267
59 0.0353 0.1290 0.5264 0.2062 0.0073 0.0959
60 0.1194 0.4580 0.2651 0.0975 0.0564 0.0036
61 0.0324 0.4543 0.4617 0.0144 0.0145 0.0226
62 0.1501 0.3491 0.3955 0.0167 0.0186 0.0698
63 0.1211 0.3787 0.3787 0.0081 0.0339 0.0794
64 0.2998 0.2109 0.2410 0.0313 0.1004 0.1165
65 0.0905 0.1327 0.6138 0.0428 0.0196 0.1010
66 0.1786 0.2188 0.4929 0.0571 0.0158 0.0368
67 0.0558 0.4675 0.3557 0.0153 0.0035 0.1019
68 0.1320 0.1260 0.4500 0.2245 0.0141 0.0533
69 0.0884 0.0617 0.5459 0.1731 0.0080 0.1228
70 0.0525 0.1439 0.7363 0.0138 0.0039 0.0493
71 0.0992 0.0731 0.5444 0.1215 0.0137 0.1477
72 0.2876 0.0768 0.4526 0.1034 0.0545 0.0251
73 0.0756 0.1902 0.6792 0.0057 0.0011 0.0481
74 0.0303 0.0635 0.7925 0.0078 0.0026 0.1031
75 0.1215 0.1098 0.5195 0.0954 0.0253 0.1283
76 0.0741 0.1395 0.6401 0.0353 0.0207 0.0901
77 0.1251 0.2080 0.5068 0.0660 0.0088 0.0853
78 0.0793 0.1615 0.6592 0.0169 0.0045 0.0787
79 0.0993 0.1216 0.6035 0.0437 0.0072 0.1246
80 0.1097 0.0875 0.3462 0.0760 0.0063 0.3743
81 0.0585 0.1201 0.5425 0.0663 0.0237 0.1890
82 0.0370 0.2061 0.6201 0.0130 0.0038 0.1202
83 0.0432 0.1631 0.6870 0.0231 0.0066 0.0771
84 0.0645 0.1938 0.6509 0.0211 0.0064 0.0634
85 0.0722 0.0964 0.6001 0.0831 0.0174 0.1307
86 0.0983 0.3328 0.5195 0.0176 0.0065 0.0255
87 0.0728 0.2313 0.3640 0.1360 0.0086 0.1874
88 0.0470 0.2443 0.4121 0.0445 0.0040 0.2480
89 0.0554 0.2107 0.5684 0.0318 0.0107 0.1229
90 0.0455 0.1514 0.6426 0.0593 0.0616 0.0398
91 0.1561 0.2720 0.5449 0.0058 0.0108 0.0104
92 0.0629 0.0521 0.1820 0.5874 0.0087 0.1070
93 0.0435 0.1139 0.7427 0.0111 0.0112 0.0776
94 0.0635 0.1512 0.7617 0.0046 0.0056 0.0131
95 0.0527 0.1503 0.7168 0.0141 0.0028 0.0636
96 0.0235 0.1238 0.8203 0.0094 0.0034 0.0196
97 0.0051 0.3208 0.6479 0.0129 0.0122 0.0009
98 0.0033 0.4954 0.4875 0.0075 0.0055 0.0009
99 0.1174 0.1372 0.3909 0.1592 0.0217 0.1735
100 0.1204 0.2214 0.3484 0.0419 0.2015 0.0665
101 0.0073 0.3975 0.5347 0.0435 0.0037 0.0133
102 0.0091 0.5649 0.4199 0.0020 0.0027 0.0011
103 0.0312 0.3201 0.5117 0.1024 0.0182 0.0164
104 0.0972 0.6338 0.1680 0.0384 0.0485 0.0141
105 0.0149 0.2864 0.4233 0.0116 0.2568 0.0070
106 0.0243 0.4578 0.4233 0.0795 0.0118 0.0031
107 0.0254 0.0385 0.2336 0.5967 0.0367 0.0691
108 0.0105 0.1324 0.3892 0.3079 0.0146 0.1454
109 0.0064 0.3040 0.6743 0.0046 0.0090 0.0015
110 0.0292 0.1948 0.2622 0.3875 0.0934 0.0331
111 0.0066 0.2847 0.6831 0.0179 0.0040 0.0035
112 0.0735 0.1332 0.1998 0.3452 0.2336 0.0146
113 0.1327 0.0898 0.3899 0.3184 0.0562 0.0131
114 0.0461 0.0565 0.1796 0.6777 0.0280 0.0123
115 0.1348 0.2744 0.3259 0.0398 0.1886 0.0366
116 0.1084 0.2260 0.5420 0.0837 0.0196 0.0204
117 0.0625 0.0719 0.3484 0.3948 0.0345 0.0881
118 0.1105 0.2629 0.5396 0.0453 0.0173 0.0241
119 0.0360 0.0612 0.7637 0.1306 0.0029 0.0056
120 0.0223 0.0606 0.4341 0.4480 0.0067 0.0282
121 0.1094 0.1240 0.4905 0.2466 0.0172 0.0123
122 0.0286 0.1105 0.4475 0.0815 0.0020 0.3298
123 0.0626 0.1769 0.4019 0.0213 0.0145 0.3228
124 0.0339 0.1128 0.3394 0.0980 0.0097 0.4062
125 0.0241 0.1344 0.1431 0.0736 0.0133 0.6118
126 0.0359 0.1838 0.7271 0.0247 0.0050 0.0236
127 0.0438 0.1732 0.4856 0.2330 0.0139 0.0504
128 0.0453 0.2842 0.6406 0.0081 0.0055 0.0162
129 0.0154 0.0759 0.4133 0.1095 0.0037 0.3823
130 0.0262 0.1385 0.3708 0.1071 0.0145 0.3430
131 0.1005 0.1892 0.5063 0.0908 0.0619 0.0513
132 0.0285 0.2620 0.4971 0.1126 0.0102 0.0898
133 0.0297 0.3022 0.6299 0.0081 0.0199 0.0098
134 0.0377 0.0693 0.2852 0.1295 0.0152 0.4629
135 0.0685 0.3318 0.4753 0.0294 0.0123 0.0826
136 0.0370 0.1202 0.3645 0.1592 0.0074 0.3118
137 0.0242 0.1001 0.2874 0.0602 0.0076 0.5205
138 0.0856 0.2496 0.5850 0.0163 0.0099 0.0536
139 0.0586 0.1791 0.6401 0.0314 0.0043 0.0866
140 0.0594 0.5049 0.3811 0.0108 0.0333 0.0106
141 0.0336 0.1804 0.5688 0.0513 0.0326 0.1331
142 0.0667 0.1017 0.7632 0.0641 0.0034 0.0008
143 0.1180 0.2808 0.4558 0.0500 0.0366 0.0589
144 0.0695 0.2815 0.5596 0.0268 0.0375 0.0250
145 0.0863 0.1246 0.6895 0.0496 0.0122 0.0380
146 0.0785 0.4019 0.4277 0.0228 0.0167 0.0523
147 0.1075 0.1666 0.4746 0.1470 0.0549 0.0493
148 0.1869 0.0940 0.2849 0.1675 0.2438 0.0229
149 0.0527 0.2273 0.5669 0.0842 0.0043 0.0646
150 0.0576 0.2057 0.6958 0.0204 0.0116 0.0091
151 0.0351 0.2939 0.5239 0.0531 0.0118 0.0823
152 0.0066 0.0873 0.6157 0.2732 0.0031 0.0138
153 0.0327 0.0874 0.2413 0.2651 0.0224 0.3511
154 0.1016 0.5200 0.1797 0.0977 0.0484 0.0527
155 0.0371 0.4021 0.2458 0.0154 0.2720 0.0276
156 0.0727 0.3086 0.3992 0.0132 0.1677 0.0386
157 0.0473 0.1801 0.4634 0.0331 0.2461 0.0303
158 0.0838 0.2686 0.5684 0.0405 0.0352 0.0035
159 0.0734 0.3499 0.5591 0.0106 0.0064 0.0005
160 0.1888 0.1888 0.3967 0.1934 0.0199 0.0125
161 0.0285 0.1997 0.7305 0.0113 0.0018 0.0281
162 0.3032 0.1115 0.4080 0.0382 0.1273 0.0118
163 0.2012 0.1027 0.5098 0.0609 0.1210 0.0046
164 0.0905 0.2119 0.5005 0.0850 0.0049 0.1074
165 0.0909 0.3225 0.4407 0.0391 0.0968 0.0100
166 0.1067 0.2969 0.4387 0.0098 0.1403 0.0076
167 0.1136 0.5596 0.2561 0.0604 0.0080 0.0024
168 0.1191 0.2190 0.3391 0.2642 0.0504 0.0083
169 0.0331 0.4934 0.2123 0.2057 0.0512 0.0043
170 0.0893 0.1520 0.2544 0.4260 0.0707 0.0075
171 0.1008 0.3203 0.2783 0.2573 0.0310 0.0123
172 0.0670 0.1820 0.4434 0.2195 0.0759 0.0124
173 0.0753 0.3049 0.4871 0.0691 0.0530 0.0108
174 0.0423 0.4551 0.3081 0.1782 0.0052 0.0110
175 0.1241 0.4949 0.2488 0.0326 0.0967 0.0029
176 0.1888 0.1995 0.3186 0.0627 0.2225 0.0077
177 0.2939 0.2554 0.2219 0.1346 0.0420 0.0519
178 0.2610 0.1880 0.2610 0.0909 0.0518 0.1475
179 0.0527 0.3413 0.5713 0.0154 0.0185 0.0008
180 0.0424 0.5674 0.2556 0.0792 0.0368 0.0187
181 0.1382 0.1775 0.3264 0.1616 0.0513 0.1449
182 0.0905 0.0905 0.3694 0.1614 0.0424 0.2460
183 0.1760 0.2090 0.4822 0.0851 0.0132 0.0347
184 0.1166 0.1836 0.4836 0.1194 0.0293 0.0675
185 0.1622 0.2343 0.4514 0.0737 0.0253 0.0531
186 0.2115 0.3127 0.2654 0.0784 0.0105 0.1215
187 0.1113 0.1658 0.5190 0.0543 0.0035 0.1464
188 0.2683 0.2107 0.3967 0.0372 0.0142 0.0728
189 0.2062 0.2754 0.3591 0.0771 0.0241 0.0582
190 0.0534 0.1252 0.7671 0.0183 0.0044 0.0316
191 0.2457 0.2515 0.4246 0.0312 0.0441 0.0028
192 0.2120 0.3721 0.3550 0.0289 0.0285 0.0035
193 0.1173 0.1604 0.6294 0.0478 0.0087 0.0366
194 0.2795 0.2045 0.3452 0.0505 0.0075 0.1129
195 0.1226 0.3154 0.4482 0.0349 0.0430 0.0359
196 0.0916 0.2507 0.3564 0.0381 0.0329 0.2301
197 0.1624 0.3547 0.3518 0.0330 0.0112 0.0869
198 0.1116 0.1433 0.4214 0.1198 0.0080 0.1959
199 0.0498 0.3223 0.5835 0.0125 0.0019 0.0302
200 0.0146 0.7964 0.1805 0.0068 0.0015 0.0001
201 0.1669 0.1630 0.4829 0.0865 0.0859 0.0149
202 0.1636 0.3008 0.4309 0.0518 0.0499 0.0031
203 0.0902 0.3125 0.5317 0.0312 0.0113 0.0232
204 0.0930 0.4202 0.4402 0.0321 0.0030 0.0116
205 0.0138 0.6895 0.2576 0.0371 0.0014 0.0007
206 0.0576 0.3501 0.5254 0.0193 0.0105 0.0369
207 0.1755 0.3408 0.3774 0.0335 0.0239 0.0487
208 0.0404 0.3572 0.4883 0.0535 0.0476 0.0131
209 0.0615 0.1282 0.7153 0.0340 0.0472 0.0141
210 0.0161 0.3909 0.5869 0.0013 0.0034 0.0017
211 0.0801 0.1451 0.4133 0.3120 0.0464 0.0029
212 0.0424 0.3337 0.5332 0.0488 0.0363 0.0054
213 0.1338 0.1731 0.4971 0.0642 0.0127 0.1190
214 0.1040 0.4019 0.3958 0.0296 0.0261 0.0427
215 0.0446 0.2130 0.5273 0.0999 0.0040 0.1114
216 0.1187 0.2150 0.5801 0.0257 0.0117 0.0491
217 0.1993 0.3040 0.4121 0.0411 0.0144 0.0292
218 0.1573 0.3079 0.4517 0.0388 0.0211 0.0232
219 0.1426 0.3164 0.3557 0.0695 0.0339 0.0819
220 0.0522 0.6021 0.3074 0.0176 0.0075 0.0135
221 0.1677 0.2120 0.3962 0.0786 0.0086 0.1370
222 0.0844 0.2103 0.5288 0.0480 0.0132 0.1152
223 0.1068 0.1577 0.6289 0.0393 0.0174 0.0500
224 0.0660 0.2150 0.6318 0.0335 0.0166 0.0374
225 0.1923 0.2393 0.2284 0.2319 0.0610 0.0471
226 0.1285 0.2988 0.5205 0.0124 0.0127 0.0271
227 0.0322 0.2656 0.5806 0.0377 0.0499 0.0341
228 0.0398 0.1899 0.5005 0.0458 0.1841 0.0401
229 0.2411 0.2627 0.4133 0.0221 0.0547 0.0061
230 0.0143 0.4177 0.2781 0.0359 0.0407 0.2133
231 0.0919 0.0651 0.4592 0.3013 0.0111 0.0715
232 0.0542 0.0930 0.6763 0.1139 0.0260 0.0367
233 0.4229 0.2605 0.2485 0.0254 0.0372 0.0056
234 0.0074 0.3403 0.5610 0.0461 0.0353 0.0097
235 0.0325 0.1783 0.5581 0.1598 0.0424 0.0291
