time exciting_prob fearful_prob tense_prob sad_prob relaxing_prob neutral_prob
0 0.1136 0.1553 0.1349 0.1288 0.0181 0.4492
1 0.1136 0.1553 0.1349 0.1288 0.0181 0.4492
2 0.1940 0.0931 0.0601 0.5029 0.0490 0.1006
3 0.1603 0.0806 0.1288 0.2812 0.2261 0.1229
4 0.1516 0.0516 0.1447 0.2009 0.2922 0.1589
5 0.9043 0.0103 0.0097 0.0583 0.0148 0.0028
6 0.8882 0.0073 0.0059 0.0886 0.0074 0.0028
7 0.9897 0.0029 0.0011 0.0021 0.0039 0.0002
8 0.9829 0.0059 0.0015 0.0018 0.0078 0.0004
9 0.7788 0.1570 0.0226 0.0243 0.0148 0.0025
10 0.9434 0.0294 0.0073 0.0124 0.0076 0.0001
11 0.9326 0.0413 0.0087 0.0131 0.0044 0.0002
12 0.6016 0.3169 0.0680 0.0077 0.0057 0.0004
13 0.1688 0.1990 0.2964 0.1637 0.1245 0.0476
14 0.1832 0.1920 0.0718 0.2974 0.2390 0.0164
15 0.1521 0.0916 0.0713 0.2374 0.4136 0.0339
16 0.2366 0.2479 0.3721 0.0184 0.1237 0.0015
17 0.3997 0.1963 0.1339 0.0898 0.1093 0.0711
18 0.3618 0.1819 0.1593 0.0764 0.1696 0.0509
19 0.4014 0.2737 0.1548 0.0601 0.0828 0.0271
20 0.0455 0.3389 0.0392 0.1267 0.4421 0.0075
21 0.0263 0.5205 0.1091 0.0371 0.2966 0.0102
22 0.0212 0.3118 0.1077 0.0497 0.5059 0.0038
23 0.1489 0.5708 0.2100 0.0303 0.0388 0.0011
24 0.0399 0.6953 0.1857 0.0520 0.0164 0.0107
25 0.0226 0.1835 0.1498 0.5830 0.0262 0.0350
26 0.2001 0.5112 0.1766 0.0063 0.1055 0.0004
27 0.0922 0.6758 0.1112 0.0112 0.1094 0.0002
28 0.4290 0.3787 0.1111 0.0668 0.0129 0.0015
29 0.0146 0.8491 0.1014 0.0254 0.0030 0.0064
30 0.0373 0.4763 0.1865 0.2147 0.0625 0.0228
31 0.1052 0.5303 0.1519 0.1211 0.0406 0.0513
32 0.1213 0.2267 0.1354 0.1909 0.0252 0.3003
33 0.4326 0.2729 0.0576 0.1592 0.0633 0.0142
34 0.4187 0.1349 0.0520 0.1565 0.2367 0.0011
35 0.1967 0.4363 0.1722 0.1383 0.0364 0.0201
36 0.0897 0.2808 0.1798 0.0327 0.4116 0.0055
37 0.2468 0.1473 0.3071 0.1462 0.1290 0.0233
38 0.4062 0.3396 0.1694 0.0381 0.0439 0.0029
39 0.2091 0.5176 0.0879 0.0512 0.1289 0.0053
40 0.4666 0.2439 0.0870 0.1348 0.0540 0.0138
41 0.4680 0.1183 0.0859 0.2839 0.0304 0.0133
42 0.1707 0.3875 0.3845 0.0292 0.0248 0.0033
43 0.4919 0.1115 0.1466 0.1107 0.1377 0.0016
44 0.2537 0.3989 0.3281 0.0173 0.0018 0.0005
45 0.2681 0.1858 0.1277 0.1425 0.2499 0.0261
46 0.4414 0.3547 0.0842 0.0206 0.0985 0.0004
47 0.2598 0.2703 0.2153 0.1227 0.1180 0.0139
48 0.2637 0.1143 0.4702 0.1082 0.0330 0.0106
49 0.2634 0.1422 0.0897 0.4177 0.0503 0.0365
50 0.3049 0.3098 0.2146 0.1071 0.0560 0.0074
51 0.3020 0.3140 0.1111 0.1220 0.1483 0.0027
52 0.4065 0.1520 0.2159 0.1484 0.0595 0.0176
53 0.3728 0.4426 0.0763 0.0396 0.0679 0.0008
54 0.1514 0.1169 0.4661 0.2534 0.0099 0.0024
55 0.2394 0.3826 0.1096 0.2249 0.0208 0.0230
56 0.2347 0.1772 0.0979 0.3416 0.0891 0.0594
57 0.1119 0.0095 0.0103 0.6143 0.1627 0.0913
58 0.5459 0.2312 0.1425 0.0294 0.0462 0.0047
59 0.1863 0.6455 0.1203 0.0353 0.0109 0.0019
60 0.1608 0.3567 0.2097 0.2268 0.0214 0.0245
61 0.1412 0.4778 0.2681 0.0532 0.0571 0.0028
62 0.2025 0.0338 0.3472 0.3933 0.0047 0.0184
63 0.2048 0.6260 0.0530 0.0526 0.0307 0.0327
64 0.4788 0.2297 0.1604 0.0839 0.0393 0.0079
65 0.2478 0.3335 0.3132 0.0786 0.0105 0.0165
66 0.2247 0.2430 0.4265 0.0860 0.0111 0.0086
67 0.0267 0.7998 0.1326 0.0255 0.0054 0.0099
68 0.0706 0.7646 0.0757 0.0585 0.0292 0.0016
69 0.0121 0.9243 0.0370 0.0216 0.0044 0.0004
70 0.3818 0.3291 0.1119 0.0334 0.1427 0.0012
71 0.1594 0.7607 0.0582 0.0108 0.0091 0.0019
72 0.0639 0.4873 0.4041 0.0228 0.0091 0.0128
73 0.0176 0.9458 0.0246 0.0117 0.0002 0.0001
74 0.0735 0.0982 0.0288 0.0142 0.7847 0.0005
75 0.3462 0.1525 0.0203 0.0080 0.4695 0.0036
76 0.2537 0.1731 0.0160 0.0129 0.5415 0.0029
77 0.6987 0.2303 0.0429 0.0114 0.0159 0.0009
78 0.0753 0.0350 0.0095 0.0409 0.8350 0.0042
79 0.0988 0.0360 0.0130 0.0196 0.8267 0.0059
80 0.0221 0.2954 0.2864 0.1062 0.2886 0.0011
81 0.0077 0.0933 0.8188 0.0261 0.0536 0.0005
82 0.0208 0.7456 0.0870 0.1017 0.0048 0.0401
83 0.2595 0.1624 0.1636 0.2986 0.1016 0.0144
84 0.3960 0.3059 0.1180 0.0218 0.1575 0.0008
85 0.3586 0.3115 0.0690 0.2427 0.0122 0.0058
86 0.5820 0.0812 0.0533 0.1846 0.0812 0.0177
87 0.3379 0.1442 0.2050 0.2610 0.0340 0.0181
88 0.4773 0.2344 0.0911 0.1245 0.0616 0.0110
89 0.1903 0.3640 0.1802 0.1307 0.0643 0.0706
90 0.5645 0.1981 0.0707 0.0215 0.1351 0.0100
91 0.0604 0.7480 0.1300 0.0490 0.0072 0.0055
92 0.0150 0.0583 0.0284 0.8174 0.0094 0.0714
93 0.0742 0.7490 0.0881 0.0573 0.0064 0.0248
94 0.0622 0.5635 0.1181 0.2206 0.0060 0.0296
95 0.1076 0.4785 0.2834 0.0995 0.0196 0.0114
96 0.1436 0.4744 0.1058 0.1947 0.0589 0.0227
97 0.2451 0.0945 0.0522 0.1646 0.3918 0.0518
98 0.2230 0.1251 0.0555 0.3003 0.2649 0.0311
99 0.3635 0.3062 0.0786 0.0452 0.2056 0.0008
100 0.3210 0.1948 0.2041 0.2190 0.0474 0.0137
101 0.3093 0.3369 0.2446 0.0653 0.0316 0.0122
102 0.1731 0.0603 0.1199 0.3962 0.1759 0.0745
103 0.2335 0.2861 0.1279 0.0814 0.2688 0.0023
104 0.2046 0.4907 0.2839 0.0125 0.0076 0.0005
105 0.4299 0.3145 0.0691 0.1364 0.0468 0.0033
106 0.1617 0.2708 0.1832 0.3291 0.0428 0.0122
107 0.2903 0.1732 0.1318 0.1903 0.2107 0.0038
108 0.2969 0.1718 0.1058 0.3635 0.0338 0.0283
109 0.0720 0.5986 0.2418 0.0755 0.0105 0.0016
110 0.3032 0.2117 0.2051 0.1853 0.0842 0.0107
111 0.2639 0.1306 0.2294 0.2479 0.1092 0.0190
112 0.4143 0.1868 0.1151 0.1215 0.1455 0.0167
113 0.1168 0.1453 0.2844 0.4141 0.0345 0.0049
114 0.1132 0.4207 0.4307 0.0204 0.0151 0.0001
115 0.1074 0.0305 0.2072 0.5991 0.0462 0.0094
116 0.0970 0.1730 0.2808 0.4087 0.0310 0.0095
117 0.1083 0.3181 0.4417 0.1285 0.0010 0.0023
118 0.1523 0.0410 0.1366 0.6216 0.0241 0.0241
119 0.0307 0.0149 0.0782 0.8682 0.0007 0.0072
120 0.0836 0.3105 0.1974 0.3926 0.0120 0.0041
121 0.0151 0.3411 0.4448 0.1943 0.0036 0.0011
122 0.2925 0.1436 0.0292 0.0202 0.5132 0.0015
123 0.2452 0.2472 0.0547 0.0197 0.4304 0.0026
124 0.2690 0.2393 0.2015 0.2842 0.0034 0.0026
125 0.2998 0.3069 0.2245 0.1630 0.0048 0.0012
126 0.2485 0.2605 0.3069 0.1748 0.0085 0.0009
127 0.4465 0.1183 0.3645 0.0309 0.0384 0.0016
128 0.2415 0.1398 0.0464 0.1204 0.4304 0.0216
129 0.2332 0.2791 0.1859 0.0812 0.1844 0.0360
130 0.7705 0.0558 0.1381 0.0283 0.0068 0.0008
131 0.2208 0.3640 0.1318 0.0706 0.2042 0.0086
132 0.0529 0.7124 0.1815 0.0363 0.0056 0.0111
133 0.8140 0.1482 0.0190 0.0168 0.0020 0.0002
134 0.6079 0.0869 0.0483 0.0889 0.1560 0.0121
135 0.4785 0.0906 0.0316 0.1995 0.1788 0.0212
136 0.3440 0.3467 0.0955 0.0704 0.1390 0.0043
137 0.2510 0.1571 0.0620 0.1808 0.3433 0.0059
138 0.3787 0.3342 0.0879 0.0668 0.0452 0.0872
139 0.4495 0.3667 0.0537 0.0504 0.0717 0.0082
140 0.4402 0.2112 0.0416 0.0256 0.2776 0.0037
141 0.3745 0.2068 0.0293 0.0278 0.3545 0.0072
142 0.4768 0.2573 0.0556 0.0992 0.0407 0.0703
143 0.2126 0.1405 0.0529 0.3345 0.2563 0.0031
144 0.6899 0.0369 0.0246 0.1626 0.0733 0.0126
145 0.0645 0.0263 0.2251 0.5317 0.0494 0.1031
146 0.3713 0.1714 0.2573 0.1169 0.0778 0.0053
147 0.4968 0.2039 0.1515 0.0693 0.0677 0.0108
148 0.2588 0.2798 0.3481 0.0610 0.0475 0.0047
149 0.1591 0.0470 0.0711 0.6338 0.0728 0.0163
150 0.0424 0.4453 0.1017 0.2460 0.0120 0.1527
151 0.0142 0.1730 0.0677 0.6528 0.0165 0.0756
152 0.5469 0.0943 0.0347 0.0943 0.1875 0.0422
153 0.1954 0.4761 0.0991 0.0391 0.1808 0.0095
154 0.2241 0.4492 0.0673 0.0199 0.2330 0.0063
155 0.2791 0.3845 0.1680 0.1404 0.0212 0.0069
156 0.5654 0.1096 0.0189 0.1807 0.0601 0.0654
157 0.1350 0.0242 0.0073 0.5596 0.0618 0.2123
158 0.2903 0.2769 0.1932 0.1541 0.0734 0.0122
159 0.3345 0.2410 0.1763 0.1427 0.0974 0.0083
160 0.2661 0.1843 0.2600 0.1247 0.1493 0.0156
161 0.3074 0.0410 0.0416 0.2981 0.2888 0.0232
162 0.3259 0.1931 0.1338 0.2347 0.0986 0.0137
163 0.5327 0.2942 0.1066 0.0570 0.0085 0.0008
164 0.3914 0.4167 0.0937 0.0801 0.0151 0.0029
165 0.6787 0.2256 0.0197 0.0579 0.0179 0.0003
166 0.5562 0.2301 0.1658 0.0241 0.0189 0.0050
167 0.1975 0.1990 0.3521 0.1490 0.0970 0.0054
168 0.2751 0.0192 0.0132 0.3215 0.0872 0.2837
169 0.3018 0.2791 0.0769 0.1257 0.1903 0.0262
170 0.2834 0.0787 0.0333 0.1229 0.4749 0.0068
171 0.2878 0.1719 0.0276 0.0270 0.4783 0.0075
172 0.6211 0.1522 0.1418 0.0551 0.0284 0.0012
173 0.3523 0.2854 0.0545 0.1025 0.1946 0.0106
174 0.4021 0.1538 0.0607 0.2220 0.1246 0.0368
175 0.2145 0.0600 0.0241 0.4575 0.1923 0.0517
176 0.1765 0.6304 0.1658 0.0203 0.0065 0.0004
177 0.4905 0.2094 0.0266 0.0136 0.2585 0.0016
178 0.5522 0.0894 0.0416 0.0834 0.2196 0.0137
179 0.2764 0.2477 0.1854 0.2363 0.0515 0.0028
180 0.4995 0.1726 0.1293 0.0742 0.1234 0.0011
181 0.2238 0.2290 0.4451 0.0726 0.0276 0.0020
182 0.2332 0.4355 0.2925 0.0249 0.0104 0.0037
183 0.1790 0.4128 0.3533 0.0372 0.0158 0.0020
184 0.6436 0.1732 0.0892 0.0851 0.0060 0.0030
185 0.3232 0.2766 0.0594 0.1256 0.2072 0.0079
186 0.4038 0.1395 0.0356 0.1166 0.2710 0.0337
187 0.6362 0.2018 0.0797 0.0709 0.0076 0.0036
188 0.1903 0.1830 0.3447 0.1934 0.0728 0.0159
189 0.1676 0.1975 0.0762 0.3838 0.1650 0.0100
190 0.3420 0.0995 0.0545 0.1616 0.3213 0.0209
191 0.2974 0.0482 0.0776 0.3369 0.1951 0.0449
192 0.3682 0.5073 0.0772 0.0332 0.0076 0.0065
193 0.0577 0.1807 0.6108 0.1384 0.0037 0.0084
194 0.3188 0.2262 0.2666 0.0684 0.1027 0.0172
195 0.2505 0.2078 0.1848 0.2566 0.0782 0.0221
196 0.3264 0.2191 0.1268 0.2583 0.0558 0.0136
197 0.1005 0.1606 0.0353 0.5186 0.0847 0.1005
198 0.0360 0.5298 0.1051 0.2705 0.0164 0.0421
199 0.0457 0.2627 0.0309 0.5923 0.0364 0.0321
200 0.1136 0.1553 0.1349 0.1288 0.0181 0.4492
