time exciting_prob fearful_prob tense_prob sad_prob relaxing_prob neutral_prob
0 0.1383 0.0852 0.2175 0.4607 0.0442 0.0542
1 0.0130 0.8647 0.0320 0.0870 0.0010 0.0021
2 0.0085 0.8867 0.0441 0.0580 0.0012 0.0016
3 0.0089 0.8774 0.0465 0.0635 0.0010 0.0025
4 0.0102 0.8481 0.0375 0.1013 0.0010 0.0020
5 0.0094 0.9038 0.0356 0.0479 0.0014 0.0017
6 0.0070 0.8774 0.0395 0.0731 0.0011 0.0020
7 0.0297 0.3091 0.0886 0.5513 0.0065 0.0152
8 0.0107 0.0347 0.1437 0.0512 0.7407 0.0188
9 0.0145 0.0700 0.2010 0.0355 0.6694 0.0096
10 0.0104 0.0336 0.2056 0.0668 0.6636 0.0199
11 0.0102 0.0551 0.1158 0.0153 0.7974 0.0064
12 0.0193 0.6968 0.2159 0.0659 0.0014 0.0005
13 0.0170 0.7808 0.1356 0.0641 0.0020 0.0006
14 0.0366 0.2386 0.3162 0.3584 0.0188 0.0313
15 0.0161 0.7856 0.1597 0.0314 0.0021 0.0051
16 0.0605 0.2671 0.0967 0.1953 0.3708 0.0097
17 0.0636 0.4927 0.1152 0.1783 0.1456 0.0046
18 0.0564 0.3218 0.0839 0.2751 0.2505 0.0121
19 0.0567 0.1077 0.3318 0.4326 0.0493 0.0220
20 0.1171 0.3135 0.3901 0.1066 0.0662 0.0066
21 0.0517 0.3943 0.2546 0.1696 0.1260 0.0040
22 0.0192 0.2827 0.3748 0.2783 0.0383 0.0066
23 0.0188 0.2878 0.5464 0.1298 0.0133 0.0039
24 0.0437 0.5498 0.1434 0.1676 0.0598 0.0357
25 0.0375 0.4678 0.1427 0.1919 0.0695 0.0907
26 0.0351 0.4143 0.1573 0.1810 0.1525 0.0597
27 0.0346 0.4893 0.1199 0.2040 0.1144 0.0380
28 0.0142 0.2695 0.3572 0.1973 0.1560 0.0056
29 0.0156 0.3254 0.1913 0.3745 0.0876 0.0054
30 0.0676 0.3381 0.1525 0.4143 0.0253 0.0020
31 0.0391 0.3000 0.1879 0.4504 0.0131 0.0094
32 0.0395 0.0912 0.1368 0.6953 0.0245 0.0127
33 0.0324 0.7266 0.1097 0.1205 0.0083 0.0023
34 0.0349 0.6841 0.0804 0.1813 0.0110 0.0085
35 0.0557 0.7686 0.0749 0.0842 0.0137 0.0031
36 0.0083 0.6792 0.2274 0.0786 0.0061 0.0005
37 0.0215 0.6426 0.2119 0.1001 0.0229 0.0008
38 0.0135 0.6411 0.2847 0.0543 0.0053 0.0010
39 0.0198 0.4648 0.3147 0.1765 0.0090 0.0152
40 0.0775 0.6484 0.1470 0.0728 0.0181 0.0363
41 0.3838 0.4556 0.1074 0.0190 0.0170 0.0173
42 0.1924 0.4204 0.0945 0.2395 0.0416 0.0117
43 0.1559 0.3711 0.1243 0.2781 0.0464 0.0241
44 0.0495 0.3411 0.0773 0.3862 0.0597 0.0862
45 0.0265 0.1006 0.0828 0.7554 0.0219 0.0131
46 0.1053 0.2568 0.0724 0.3455 0.0783 0.1417
47 0.0795 0.4609 0.0701 0.2976 0.0478 0.0442
48 0.1663 0.6626 0.0588 0.0836 0.0249 0.0038
49 0.1371 0.5293 0.0949 0.1553 0.0623 0.0210
50 0.0061 0.7744 0.1501 0.0666 0.0004 0.0025
51 0.0175 0.8394 0.0781 0.0608 0.0014 0.0030
52 0.0667 0.5894 0.1197 0.2068 0.0016 0.0159
53 0.0181 0.2500 0.6587 0.0508 0.0156 0.0070
54 0.0234 0.2330 0.5332 0.1732 0.0266 0.0105
55 0.0070 0.0364 0.2646 0.5869 0.0619 0.0432
56 0.0214 0.0369 0.2769 0.5957 0.0648 0.0044
57 0.0456 0.4753 0.1340 0.3167 0.0177 0.0105
58 0.0131 0.5972 0.0724 0.3049 0.0067 0.0059
59 0.0260 0.6660 0.1166 0.1738 0.0118 0.0056
60 0.0380 0.6836 0.0732 0.1869 0.0124 0.0058
61 0.0219 0.7974 0.0894 0.0742 0.0160 0.0012
62 0.0645 0.0803 0.2184 0.4551 0.0220 0.1598
63 0.0254 0.0122 0.0542 0.8813 0.0026 0.0244
64 0.0342 0.2510 0.0596 0.4075 0.2018 0.0457
65 0.0385 0.5576 0.0809 0.1304 0.1687 0.0241
66 0.0073 0.1971 0.2654 0.3860 0.1055 0.0388
67 0.0779 0.4922 0.0910 0.2893 0.0395 0.0102
68 0.0378 0.7832 0.0412 0.1239 0.0080 0.0060
69 0.0419 0.6357 0.0362 0.2340 0.0348 0.0172
70 0.0077 0.0956 0.1171 0.0912 0.6846 0.0037
71 0.0122 0.4565 0.1788 0.1350 0.2058 0.0117
72 0.0143 0.1170 0.0553 0.0570 0.7515 0.0051
73 0.0191 0.4153 0.0818 0.4563 0.0187 0.0088
74 0.0108 0.3071 0.3535 0.2246 0.0146 0.0894
75 0.0327 0.8711 0.0430 0.0380 0.0122 0.0031
76 0.0356 0.2147 0.0676 0.6611 0.0094 0.0116
77 0.0406 0.1290 0.0542 0.7427 0.0216 0.0121
78 0.0579 0.1368 0.0575 0.6733 0.0496 0.0247
79 0.0819 0.3643 0.1519 0.2749 0.1128 0.0145
80 0.1177 0.1741 0.0731 0.5708 0.0547 0.0097
81 0.0367 0.0645 0.5400 0.1621 0.1809 0.0156
82 0.0106 0.1218 0.4744 0.2461 0.1381 0.0092
83 0.0662 0.4968 0.2460 0.1338 0.0566 0.0005
84 0.0508 0.4326 0.3066 0.1616 0.0478 0.0005
85 0.0299 0.3811 0.3525 0.1801 0.0540 0.0024
86 0.0148 0.2421 0.5454 0.0773 0.1161 0.0044
87 0.0039 0.0122 0.0553 0.7881 0.1227 0.0177
88 0.0235 0.2627 0.2627 0.1923 0.2546 0.0039
89 0.0212 0.0594 0.0995 0.5552 0.2581 0.0068
90 0.0168 0.1223 0.2510 0.5742 0.0129 0.0230
91 0.0182 0.1447 0.4895 0.3110 0.0280 0.0084
92 0.0232 0.0650 0.1105 0.7793 0.0113 0.0104
93 0.0490 0.3296 0.2301 0.2649 0.0982 0.0281
94 0.0758 0.2524 0.2708 0.2125 0.1763 0.0121
95 0.0682 0.2343 0.1727 0.4844 0.0356 0.0046
96 0.0555 0.0820 0.1070 0.7256 0.0252 0.0045
97 0.0289 0.2153 0.0402 0.6953 0.0162 0.0042
98 0.0064 0.8184 0.0307 0.1422 0.0016 0.0008
99 0.0048 0.7222 0.0484 0.2238 0.0002 0.0004
100 0.0025 0.4082 0.0465 0.5410 0.0001 0.0018
101 0.0014 0.4573 0.0228 0.5181 0.0000 0.0004
102 0.0410 0.1986 0.6309 0.1080 0.0110 0.0104
103 0.1076 0.1831 0.2791 0.3875 0.0202 0.0224
104 0.1032 0.3748 0.1422 0.3574 0.0072 0.0151
105 0.1249 0.6650 0.0859 0.1044 0.0084 0.0114
106 0.0281 0.4824 0.0935 0.3699 0.0148 0.0112
107 0.0282 0.1534 0.1940 0.5835 0.0191 0.0218
108 0.0704 0.3154 0.2167 0.3105 0.0332 0.0540
109 0.0662 0.2441 0.2944 0.2330 0.1381 0.0240
110 0.0745 0.2275 0.3259 0.1843 0.1349 0.0528
111 0.0626 0.3105 0.1207 0.1611 0.0414 0.3035
112 0.1262 0.1808 0.0784 0.4438 0.0670 0.1038
113 0.1208 0.2832 0.0818 0.3311 0.0884 0.0948
114 0.0130 0.0748 0.2532 0.5361 0.1089 0.0140
115 0.0062 0.0415 0.3940 0.5137 0.0184 0.0260
116 0.0911 0.6426 0.0693 0.0693 0.1246 0.0030
117 0.0780 0.6084 0.0837 0.0662 0.1613 0.0024
118 0.0147 0.0882 0.2084 0.0666 0.5933 0.0286
119 0.0276 0.1146 0.2244 0.1654 0.4395 0.0285
120 0.0179 0.0820 0.1617 0.0813 0.6299 0.0275
121 0.1201 0.2644 0.0980 0.4712 0.0409 0.0055
122 0.1692 0.6851 0.0684 0.0590 0.0095 0.0087
123 0.0825 0.6089 0.1516 0.1042 0.0424 0.0102
124 0.6475 0.2457 0.0688 0.0368 0.0007 0.0006
125 0.2786 0.4182 0.2458 0.0507 0.0063 0.0005
126 0.0442 0.2227 0.4641 0.2524 0.0138 0.0029
127 0.1918 0.5298 0.1298 0.1163 0.0292 0.0032
128 0.2761 0.3545 0.1869 0.1265 0.0507 0.0053
129 0.2642 0.3782 0.2725 0.0689 0.0111 0.0054
130 0.1125 0.4380 0.2742 0.1587 0.0111 0.0056
131 0.1009 0.3633 0.3308 0.1538 0.0308 0.0205
132 0.0478 0.5645 0.2109 0.1543 0.0215 0.0011
133 0.1267 0.5503 0.1190 0.1992 0.0010 0.0039
134 0.1478 0.6323 0.1188 0.0970 0.0013 0.0026
135 0.1699 0.4272 0.2148 0.1809 0.0020 0.0053
136 0.1504 0.1758 0.0508 0.2559 0.3550 0.0123
137 0.1218 0.1814 0.0750 0.0877 0.5249 0.0092
138 0.0456 0.0906 0.0470 0.2351 0.5728 0.0088
139 0.1102 0.3088 0.0806 0.0872 0.4124 0.0008
140 0.0881 0.4761 0.1241 0.0847 0.2231 0.0040
141 0.0280 0.2443 0.0435 0.6743 0.0095 0.0004
142 0.0474 0.2666 0.2974 0.3423 0.0358 0.0105
143 0.1569 0.6655 0.0600 0.0770 0.0281 0.0127
144 0.1035 0.3042 0.0500 0.4861 0.0222 0.0341
145 0.1222 0.2179 0.0284 0.5923 0.0304 0.0089
146 0.1537 0.2235 0.1714 0.3357 0.0682 0.0476
147 0.1711 0.2375 0.0453 0.5029 0.0235 0.0197
148 0.0543 0.2671 0.2180 0.3271 0.0605 0.0730
149 0.0868 0.2937 0.3225 0.2115 0.0450 0.0404
150 0.0640 0.2737 0.1794 0.3569 0.0670 0.0592
151 0.0467 0.4644 0.0605 0.3792 0.0478 0.0015
152 0.0486 0.3972 0.0281 0.4036 0.1212 0.0015
153 0.0684 0.2108 0.1616 0.3420 0.1128 0.1043
154 0.0881 0.5527 0.0720 0.1713 0.0440 0.0720
155 0.0671 0.1854 0.2827 0.1663 0.2135 0.0849
156 0.1148 0.2629 0.2507 0.2179 0.1148 0.0388
157 0.1179 0.2617 0.1743 0.0612 0.2576 0.1274
158 0.0208 0.2491 0.2778 0.1766 0.2571 0.0186
159 0.0362 0.2415 0.0253 0.2305 0.4656 0.0011
160 0.0510 0.5742 0.0634 0.3074 0.0027 0.0011
161 0.0423 0.5571 0.0370 0.3596 0.0025 0.0013
162 0.0638 0.7188 0.0794 0.1351 0.0018 0.0011
163 0.0420 0.0961 0.2869 0.4878 0.0194 0.0681
164 0.0277 0.0938 0.4270 0.2715 0.0154 0.1647
165 0.1255 0.2698 0.3464 0.1688 0.0755 0.0140
166 0.0399 0.1416 0.3396 0.4500 0.0186 0.0102
167 0.2834 0.1027 0.4824 0.1019 0.0181 0.0113
168 0.1754 0.1500 0.4109 0.2200 0.0197 0.0239
169 0.1053 0.2335 0.2566 0.2861 0.0299 0.0886
170 0.2000 0.3621 0.1608 0.1261 0.0923 0.0587
171 0.2306 0.3354 0.2532 0.0760 0.0556 0.0491
172 0.0950 0.3999 0.2925 0.0872 0.1060 0.0195
173 0.0869 0.2493 0.1132 0.4207 0.0093 0.1205
174 0.0524 0.1946 0.1704 0.4893 0.0076 0.0857
175 0.0408 0.0187 0.1992 0.4153 0.0026 0.3235
176 0.0402 0.0148 0.1208 0.3782 0.0038 0.4421
177 0.0511 0.0134 0.0969 0.4312 0.0024 0.4050
178 0.1431 0.5571 0.2147 0.0681 0.0122 0.0051
179 0.0920 0.6699 0.1831 0.0508 0.0021 0.0021
180 0.1312 0.3298 0.0754 0.3274 0.1204 0.0158
181 0.1346 0.4146 0.1324 0.2595 0.0476 0.0113
182 0.1090 0.0229 0.0897 0.6943 0.0043 0.0798
183 0.0676 0.0255 0.1169 0.6831 0.0300 0.0767
184 0.0762 0.1058 0.2461 0.3159 0.0212 0.2347
185 0.0720 0.0552 0.2322 0.3433 0.0129 0.2844
186 0.0069 0.0147 0.2141 0.7241 0.0018 0.0384
187 0.0200 0.2478 0.1326 0.5762 0.0213 0.0023
188 0.0219 0.3364 0.2769 0.3472 0.0164 0.0014
189 0.1243 0.7266 0.0620 0.0530 0.0284 0.0057
190 0.0629 0.7026 0.0718 0.1340 0.0060 0.0228
191 0.0699 0.5811 0.0549 0.2539 0.0280 0.0124
192 0.0562 0.3235 0.0799 0.1759 0.3286 0.0357
193 0.0755 0.3230 0.0738 0.1929 0.3130 0.0220
194 0.0577 0.1174 0.1331 0.4646 0.2195 0.0078
195 0.0892 0.2258 0.1858 0.4155 0.0775 0.0063
196 0.0616 0.2218 0.1334 0.5405 0.0371 0.0056
197 0.0193 0.6440 0.2191 0.0899 0.0153 0.0125
198 0.0254 0.4763 0.2888 0.1954 0.0099 0.0041
199 0.0374 0.8315 0.0715 0.0488 0.0086 0.0019
200 0.0094 0.6104 0.0533 0.3215 0.0026 0.0028
201 0.0213 0.8228 0.0522 0.0998 0.0012 0.0028
202 0.0384 0.5303 0.1643 0.2317 0.0256 0.0095
203 0.0406 0.2095 0.1395 0.5562 0.0397 0.0146
204 0.1503 0.7339 0.0536 0.0458 0.0057 0.0110
205 0.2050 0.5703 0.0754 0.1387 0.0073 0.0033
206 0.1953 0.3535 0.3071 0.1281 0.0067 0.0093
207 0.1074 0.5454 0.2273 0.1024 0.0087 0.0089
208 0.3474 0.2996 0.0638 0.2708 0.0098 0.0087
209 0.0997 0.1321 0.1644 0.5830 0.0091 0.0120
210 0.1044 0.1763 0.2625 0.4065 0.0210 0.0292
211 0.1450 0.0600 0.0974 0.6104 0.0600 0.0272
212 0.4446 0.0593 0.0588 0.3464 0.0437 0.0472
213 0.1716 0.2874 0.0602 0.4382 0.0072 0.0354
214 0.4180 0.1587 0.1198 0.2827 0.0067 0.0142
215 0.0784 0.0754 0.1986 0.6216 0.0092 0.0168
216 0.4751 0.1616 0.0800 0.2076 0.0048 0.0706
217 0.2949 0.2333 0.0879 0.2563 0.0008 0.1268
218 0.0993 0.5044 0.2827 0.0636 0.0116 0.0386
219 0.1270 0.1192 0.3091 0.3789 0.0130 0.0529
220 0.1000 0.2893 0.2117 0.3713 0.0039 0.0237
221 0.0858 0.1350 0.0832 0.6855 0.0012 0.0093
222 0.0145 0.6963 0.1654 0.0520 0.0590 0.0131
223 0.0217 0.6230 0.0762 0.0557 0.2222 0.0014
224 0.0194 0.6631 0.0667 0.1550 0.0912 0.0045
225 0.0353 0.7661 0.0521 0.0801 0.0654 0.0012
226 0.0427 0.7998 0.0540 0.0511 0.0507 0.0017
227 0.0252 0.8740 0.0614 0.0256 0.0129 0.0008
228 0.0397 0.8101 0.1242 0.0130 0.0129 0.0002
229 0.0137 0.8970 0.0573 0.0223 0.0091 0.0003
230 0.0629 0.5098 0.1819 0.2194 0.0202 0.0057
231 0.0457 0.0999 0.0255 0.6118 0.2081 0.0091
232 0.0594 0.1704 0.0508 0.5679 0.1470 0.0047
233 0.1062 0.1646 0.1953 0.4072 0.0952 0.0316
234 0.1476 0.2065 0.1302 0.2098 0.2737 0.0322
235 0.2925 0.3999 0.0906 0.0965 0.1164 0.0040
236 0.0845 0.3560 0.3560 0.1230 0.0734 0.0073
237 0.1268 0.6963 0.1093 0.0563 0.0082 0.0028
238 0.0552 0.1116 0.3130 0.4846 0.0149 0.0206
239 0.0484 0.1326 0.1974 0.5894 0.0135 0.0189
240 0.0362 0.0822 0.2494 0.5752 0.0293 0.0275
241 0.0917 0.1489 0.3801 0.3279 0.0348 0.0166
242 0.0724 0.1221 0.0839 0.7085 0.0041 0.0090
243 0.1613 0.2681 0.1338 0.4250 0.0093 0.0026
244 0.0665 0.2869 0.0665 0.5703 0.0050 0.0047
245 0.0568 0.1938 0.3508 0.2607 0.0164 0.1213
246 0.1036 0.0914 0.0252 0.7651 0.0025 0.0120
247 0.0426 0.1560 0.0895 0.6567 0.0135 0.0417
248 0.1580 0.2316 0.0706 0.4260 0.0794 0.0344
249 0.1373 0.1819 0.0679 0.4644 0.0690 0.0795
250 0.0512 0.2944 0.1018 0.4492 0.0805 0.0229
251 0.4246 0.4519 0.0454 0.0451 0.0075 0.0257
252 0.4194 0.4128 0.1165 0.0381 0.0043 0.0089
253 0.1121 0.4133 0.2932 0.0605 0.1029 0.0179
254 0.1051 0.4321 0.2260 0.0358 0.1903 0.0106
255 0.0388 0.7144 0.1521 0.0802 0.0062 0.0081
256 0.2112 0.1779 0.1670 0.2283 0.1062 0.1096
257 0.3108 0.2239 0.1207 0.1587 0.0786 0.1074
