time exciting_prob fearful_prob tense_prob sad_prob relaxing_prob neutral_prob
0 0.1136 0.1553 0.1349 0.1288 0.0181 0.4492
1 0.1665 0.0824 0.1829 0.3635 0.0532 0.1516
2 0.0676 0.1648 0.4080 0.2554 0.0335 0.0709
3 0.0394 0.3826 0.1364 0.1475 0.1322 0.1620
4 0.0917 0.4956 0.1072 0.0754 0.1141 0.1159
5 0.0679 0.1555 0.1069 0.3672 0.0618 0.2408
6 0.1855 0.3230 0.1841 0.1001 0.1650 0.0424
7 0.1423 0.3259 0.1083 0.1359 0.1801 0.1075
8 0.1987 0.4077 0.1106 0.0822 0.1454 0.0552
9 0.1888 0.4126 0.0831 0.0806 0.1979 0.0369
10 0.2654 0.2915 0.1008 0.1377 0.1254 0.0791
11 0.0312 0.0737 0.0185 0.2654 0.5981 0.0131
12 0.0640 0.1633 0.0342 0.1354 0.5972 0.0058
13 0.0452 0.1578 0.0482 0.3291 0.4094 0.0103
14 0.0754 0.2593 0.0785 0.1754 0.3955 0.0158
15 0.0619 0.2507 0.0654 0.2886 0.3120 0.0216
16 0.1754 0.1263 0.0503 0.2761 0.1244 0.2474
17 0.0213 0.0562 0.6328 0.2478 0.0016 0.0404
18 0.0150 0.0601 0.3921 0.4175 0.0047 0.1106
19 0.0880 0.2585 0.1619 0.3169 0.0406 0.1342
20 0.0123 0.0713 0.0288 0.1821 0.6982 0.0075
21 0.0226 0.0430 0.0243 0.1123 0.7920 0.0060
22 0.0430 0.0626 0.1729 0.0536 0.5850 0.0829
23 0.0331 0.3069 0.2708 0.0554 0.3069 0.0272
24 0.1630 0.2092 0.0758 0.2263 0.0958 0.2299
25 0.0786 0.2830 0.1945 0.3013 0.0173 0.1256
26 0.0482 0.2607 0.2030 0.3853 0.0083 0.0944
27 0.0494 0.2673 0.3889 0.2590 0.0053 0.0300
28 0.0141 0.0883 0.4771 0.3228 0.0096 0.0883
29 0.0587 0.1195 0.0676 0.1464 0.5879 0.0198
30 0.0388 0.0681 0.0322 0.1072 0.7441 0.0095
31 0.0322 0.0569 0.0284 0.0385 0.8364 0.0073
32 0.0137 0.3179 0.2717 0.2939 0.0855 0.0172
33 0.0112 0.4170 0.2529 0.2490 0.0486 0.0211
34 0.1013 0.1165 0.4131 0.2391 0.0304 0.0997
35 0.0649 0.0847 0.4873 0.2527 0.0159 0.0945
36 0.1273 0.0749 0.3152 0.3628 0.0388 0.0809
37 0.2467 0.3821 0.1270 0.1643 0.0364 0.0435
38 0.0134 0.1119 0.5254 0.2903 0.0017 0.0572
39 0.0253 0.3711 0.2935 0.1753 0.1205 0.0144
40 0.0725 0.1123 0.2198 0.1686 0.3052 0.1215
41 0.0800 0.1890 0.2012 0.2175 0.2012 0.1111
42 0.1048 0.0646 0.6938 0.1169 0.0106 0.0092
43 0.1482 0.0858 0.5684 0.1628 0.0233 0.0116
44 0.0776 0.1300 0.0614 0.6704 0.0260 0.0345
45 0.0416 0.0968 0.0257 0.7734 0.0300 0.0324
46 0.0440 0.3301 0.0822 0.4172 0.0332 0.0931
47 0.0285 0.2389 0.2279 0.2881 0.1259 0.0906
48 0.0238 0.1058 0.5991 0.2039 0.0010 0.0662
49 0.0123 0.0768 0.2294 0.6040 0.0018 0.0756
50 0.0174 0.0432 0.0306 0.2561 0.6147 0.0381
51 0.1089 0.0531 0.3804 0.3862 0.0273 0.0440
52 0.2527 0.4165 0.1086 0.1005 0.0564 0.0654
53 0.0644 0.3025 0.0685 0.4199 0.0464 0.0982
54 0.0381 0.3613 0.1530 0.3906 0.0254 0.0316
55 0.0946 0.1635 0.5703 0.1293 0.0147 0.0275
56 0.1130 0.0894 0.3025 0.1384 0.1321 0.2247
57 0.1083 0.4219 0.0200 0.1162 0.2294 0.1042
58 0.0901 0.4333 0.0104 0.0982 0.3074 0.0605
59 0.0706 0.2749 0.0165 0.1775 0.3877 0.0728
60 0.1984 0.1907 0.0915 0.2468 0.0680 0.2046
61 0.0108 0.0781 0.5425 0.2484 0.0010 0.1191
62 0.0570 0.4348 0.0305 0.0217 0.3779 0.0780
63 0.0432 0.6147 0.0478 0.0226 0.2351 0.0366
64 0.0248 0.8145 0.0233 0.0886 0.0467 0.0023
65 0.0062 0.7563 0.1215 0.0961 0.0023 0.0176
66 0.0050 0.7427 0.1271 0.0952 0.0017 0.0281
67 0.0892 0.1426 0.3213 0.3367 0.0124 0.0980
68 0.0625 0.3123 0.0256 0.2017 0.1865 0.2113
69 0.0123 0.8511 0.0179 0.0756 0.0300 0.0130
70 0.0751 0.7295 0.0248 0.0957 0.0700 0.0048
71 0.0518 0.1149 0.2017 0.4138 0.1242 0.0938
72 0.0389 0.2617 0.5630 0.1180 0.0036 0.0150
73 0.0826 0.2793 0.0334 0.2666 0.2043 0.1340
74 0.0648 0.1093 0.5132 0.2834 0.0110 0.0183
75 0.1949 0.1201 0.3845 0.2351 0.0107 0.0546
76 0.0571 0.0496 0.5093 0.3186 0.0331 0.0325
77 0.0582 0.0534 0.5610 0.2610 0.0251 0.0410
78 0.0383 0.5205 0.0138 0.2384 0.0593 0.1296
79 0.0400 0.5527 0.0443 0.2869 0.0556 0.0204
80 0.0652 0.0493 0.1093 0.6694 0.0135 0.0934
81 0.0607 0.3547 0.4082 0.1549 0.0057 0.0158
82 0.0383 0.6577 0.0150 0.1217 0.0662 0.1009
83 0.0466 0.6538 0.0689 0.0283 0.0980 0.1042
84 0.1140 0.1038 0.6162 0.1418 0.0117 0.0123
85 0.1321 0.1183 0.4004 0.2930 0.0281 0.0281
86 0.2231 0.1176 0.4724 0.1558 0.0183 0.0130
87 0.0574 0.1974 0.2534 0.3154 0.1514 0.0251
88 0.0223 0.8965 0.0345 0.0295 0.0120 0.0051
89 0.0483 0.7437 0.0232 0.1149 0.0615 0.0087
90 0.0114 0.8730 0.0390 0.0500 0.0178 0.0088
91 0.0750 0.2896 0.1116 0.3896 0.0389 0.0955
92 0.1072 0.4585 0.0205 0.2167 0.1273 0.0698
93 0.0622 0.7578 0.0212 0.0524 0.0768 0.0298
94 0.0089 0.9478 0.0070 0.0314 0.0044 0.0005
95 0.0054 0.7295 0.1844 0.0658 0.0121 0.0028
96 0.0087 0.4912 0.3074 0.1570 0.0321 0.0036
97 0.1373 0.3193 0.0654 0.0989 0.3674 0.0118
98 0.2012 0.1803 0.0893 0.0567 0.4604 0.0120
99 0.0486 0.4363 0.0079 0.0299 0.4502 0.0270
100 0.0552 0.2891 0.0145 0.0225 0.6025 0.0163
101 0.0278 0.0693 0.1421 0.4961 0.0076 0.2573
102 0.0093 0.0567 0.1146 0.7954 0.0010 0.0229
103 0.0254 0.5874 0.0600 0.3193 0.0061 0.0017
104 0.0073 0.3105 0.0303 0.6475 0.0026 0.0018
105 0.0047 0.1810 0.0137 0.7988 0.0007 0.0009
106 0.0076 0.2646 0.0572 0.6348 0.0048 0.0311
107 0.0180 0.1306 0.1626 0.6333 0.0217 0.0338
108 0.0640 0.1251 0.1440 0.4370 0.0506 0.1793
109 0.1338 0.1887 0.1381 0.3313 0.0389 0.1692
110 0.1003 0.5254 0.1210 0.0806 0.1506 0.0219
111 0.0348 0.2490 0.3457 0.3003 0.0158 0.0543
112 0.0607 0.1335 0.3057 0.4243 0.0440 0.0317
113 0.0226 0.1615 0.0238 0.7822 0.0083 0.0015
114 0.0225 0.2303 0.0271 0.7095 0.0094 0.0011
115 0.0198 0.5796 0.1636 0.2271 0.0081 0.0017
116 0.0174 0.5210 0.0979 0.3525 0.0090 0.0021
117 0.0035 0.1348 0.1066 0.7515 0.0016 0.0023
118 0.0047 0.0646 0.0744 0.8521 0.0028 0.0016
119 0.0027 0.0428 0.0344 0.9160 0.0029 0.0013
120 0.0036 0.0886 0.0482 0.8540 0.0035 0.0022
121 0.1276 0.4814 0.1855 0.0732 0.1161 0.0161
122 0.0789 0.4072 0.0277 0.2588 0.1385 0.0887
123 0.0877 0.2275 0.0303 0.4893 0.0891 0.0762
124 0.0054 0.0988 0.0250 0.8530 0.0148 0.0030
125 0.0208 0.4382 0.2070 0.3206 0.0102 0.0032
126 0.0046 0.0947 0.0440 0.8442 0.0087 0.0038
127 0.0047 0.1447 0.0470 0.7944 0.0067 0.0026
128 0.0422 0.1165 0.1696 0.3425 0.1183 0.2109
129 0.1477 0.5317 0.1548 0.0269 0.1344 0.0045
130 0.1403 0.5679 0.1277 0.0566 0.1002 0.0075
131 0.0444 0.4182 0.1539 0.2274 0.1208 0.0352
132 0.0173 0.5469 0.1831 0.2141 0.0334 0.0053
133 0.0188 0.3569 0.2529 0.2959 0.0630 0.0126
134 0.0125 0.8076 0.0825 0.0825 0.0123 0.0028
135 0.0103 0.4819 0.4187 0.0799 0.0082 0.0009
136 0.0041 0.1724 0.0120 0.8091 0.0013 0.0010
137 0.0078 0.3792 0.1021 0.5024 0.0018 0.0071
138 0.2357 0.0777 0.4072 0.2432 0.0262 0.0100
139 0.3372 0.3879 0.1120 0.0845 0.0537 0.0246
140 0.2878 0.3875 0.0303 0.1318 0.1381 0.0246
141 0.1226 0.5625 0.0444 0.1134 0.1478 0.0092
142 0.1458 0.5010 0.0540 0.1786 0.1042 0.0164
143 0.1818 0.4062 0.0336 0.2244 0.1155 0.0384
144 0.1896 0.3054 0.0362 0.3054 0.1015 0.0620
145 0.1914 0.3809 0.0354 0.2498 0.0986 0.0441
146 0.2159 0.4294 0.0449 0.1630 0.1060 0.0409
147 0.2014 0.4910 0.0707 0.1486 0.0547 0.0337
148 0.1982 0.3479 0.0551 0.2886 0.0551 0.0551
149 0.1649 0.3777 0.0298 0.2400 0.1265 0.0612
150 0.0906 0.7471 0.0279 0.0064 0.1220 0.0058
151 0.0499 0.3633 0.0241 0.2496 0.2874 0.0259
152 0.0917 0.1912 0.1912 0.3923 0.0454 0.0882
153 0.0625 0.1499 0.1047 0.5527 0.0273 0.1030
154 0.0047 0.1925 0.0526 0.7266 0.0004 0.0232
155 0.0183 0.1879 0.0564 0.7319 0.0023 0.0033
156 0.0255 0.2292 0.0926 0.6431 0.0027 0.0071
157 0.0045 0.3657 0.2849 0.3384 0.0011 0.0056
158 0.0534 0.4336 0.2510 0.1808 0.0634 0.0179
159 0.2583 0.2389 0.3264 0.0422 0.1027 0.0313
160 0.1619 0.2795 0.4133 0.0753 0.0400 0.0299
161 0.2510 0.2250 0.0198 0.0881 0.3887 0.0275
162 0.3892 0.2983 0.0302 0.0889 0.1648 0.0284
163 0.1205 0.4375 0.0862 0.0984 0.2200 0.0374
164 0.0764 0.2043 0.0973 0.2209 0.1036 0.2974
165 0.1892 0.1619 0.0724 0.2467 0.1121 0.2178
166 0.1407 0.2394 0.0702 0.3887 0.0802 0.0808
167 0.0746 0.4097 0.2028 0.0412 0.2625 0.0094
168 0.1003 0.2769 0.1210 0.0793 0.3784 0.0442
169 0.0708 0.0895 0.1114 0.3596 0.2844 0.0841
170 0.0642 0.2041 0.0576 0.0463 0.6191 0.0087
171 0.0526 0.1486 0.0258 0.0443 0.7202 0.0087
172 0.0193 0.0701 0.0347 0.0690 0.8018 0.0053
173 0.0190 0.0901 0.0329 0.1088 0.7432 0.0058
174 0.0094 0.0869 0.3772 0.4768 0.0107 0.0391
175 0.0157 0.1348 0.3440 0.4702 0.0179 0.0174
176 0.0412 0.3452 0.3047 0.2817 0.0212 0.0058
177 0.0995 0.1238 0.0550 0.3696 0.0456 0.3064
178 0.0834 0.2822 0.4800 0.0778 0.0319 0.0450
179 0.0630 0.2097 0.4954 0.1766 0.0260 0.0293
180 0.0840 0.2319 0.1332 0.0945 0.4541 0.0022
181 0.0293 0.3198 0.4512 0.1660 0.0120 0.0216
182 0.0986 0.6479 0.0627 0.0905 0.0421 0.0584
183 0.0278 0.8926 0.0129 0.0096 0.0240 0.0330
184 0.0199 0.8071 0.0710 0.0545 0.0249 0.0227
185 0.0264 0.7188 0.1119 0.0613 0.0470 0.0347
186 0.0323 0.0716 0.0508 0.7461 0.0169 0.0824
187 0.0497 0.1483 0.5869 0.1249 0.0214 0.0690
188 0.1227 0.7061 0.0523 0.0434 0.0462 0.0296
189 0.0247 0.7002 0.0557 0.0985 0.0335 0.0876
190 0.0487 0.4695 0.0259 0.0588 0.3774 0.0197
191 0.0330 0.7393 0.0080 0.1057 0.0925 0.0216
192 0.1417 0.3853 0.0479 0.0944 0.1953 0.1353
193 0.0815 0.6406 0.0112 0.0498 0.1821 0.0348
194 0.0530 0.4546 0.0530 0.0834 0.2081 0.1476
195 0.0667 0.1871 0.4631 0.1434 0.0170 0.1227
196 0.1115 0.1781 0.1224 0.4014 0.0640 0.1224
197 0.0886 0.3240 0.1415 0.3787 0.0409 0.0266
198 0.0330 0.5718 0.3467 0.0346 0.0079 0.0060
199 0.0083 0.8691 0.0522 0.0654 0.0031 0.0020
200 0.1164 0.3970 0.0266 0.2158 0.2297 0.0147
201 0.1647 0.2285 0.0161 0.4475 0.0708 0.0725
202 0.2180 0.4800 0.0173 0.1698 0.0923 0.0224
203 0.0929 0.2299 0.2335 0.3911 0.0114 0.0412
204 0.0654 0.7661 0.0388 0.0295 0.0468 0.0534
205 0.0559 0.7715 0.0316 0.0174 0.0788 0.0449
206 0.0777 0.1475 0.3650 0.0908 0.0348 0.2842
207 0.0419 0.2756 0.5479 0.0615 0.0288 0.0443
208 0.0706 0.1804 0.6104 0.0907 0.0179 0.0302
209 0.0210 0.7598 0.1028 0.0788 0.0044 0.0334
210 0.0143 0.7759 0.1066 0.0780 0.0021 0.0231
211 0.0865 0.4824 0.0104 0.1949 0.1890 0.0366
212 0.0400 0.6304 0.0231 0.1892 0.0967 0.0207
213 0.0417 0.5083 0.0108 0.1550 0.1991 0.0850
214 0.0352 0.6704 0.0118 0.1202 0.1342 0.0281
215 0.0226 0.6108 0.0140 0.1497 0.1364 0.0664
216 0.0570 0.6523 0.0179 0.0732 0.1676 0.0317
217 0.0797 0.4658 0.0454 0.1713 0.1713 0.0666
218 0.0875 0.1621 0.1365 0.3950 0.0490 0.1699
219 0.1362 0.1028 0.1569 0.4756 0.0446 0.0839
220 0.0884 0.1412 0.1814 0.4780 0.0341 0.0768
221 0.2759 0.3330 0.2512 0.0430 0.0666 0.0302
222 0.1776 0.4536 0.1951 0.0944 0.0513 0.0281
223 0.1969 0.3979 0.1909 0.0867 0.0675 0.0601
224 0.1633 0.3198 0.2377 0.1464 0.0345 0.0983
225 0.2153 0.3184 0.2365 0.0824 0.0341 0.1135
226 0.1290 0.5142 0.1241 0.0529 0.1544 0.0252
227 0.1469 0.2700 0.0682 0.3467 0.0575 0.1108
228 0.1556 0.2374 0.0670 0.3455 0.0753 0.1194
229 0.1805 0.2014 0.0866 0.3591 0.0680 0.1045
230 0.1310 0.0446 0.0845 0.6650 0.0214 0.0537
231 0.1808 0.0534 0.0999 0.2715 0.0569 0.3376
