time exciting_prob fearful_prob tense_prob sad_prob relaxing_prob neutral_prob
0 0.8003 0.0001 0.0020 0.1931 0.0033 0.0012
1 0.9805 0.0001 0.0006 0.0182 0.0006 0.0002
2 0.1266 0.0354 0.0142 0.0883 0.0074 0.7280
3 0.5312 0.0329 0.1301 0.2549 0.0171 0.0337
4 0.2340 0.0195 0.1292 0.5527 0.0413 0.0235
5 0.2330 0.0781 0.1083 0.4707 0.0112 0.0986
6 0.7217 0.0715 0.0704 0.0969 0.0151 0.0243
7 0.0872 0.0439 0.1192 0.5688 0.0077 0.1735
8 0.2576 0.3867 0.2136 0.0589 0.0213 0.0617
9 0.3325 0.2756 0.3027 0.0423 0.0233 0.0233
10 0.0806 0.1350 0.3970 0.3557 0.0258 0.0059
11 0.5605 0.0718 0.1632 0.1373 0.0361 0.0309
12 0.5264 0.1820 0.1892 0.0833 0.0109 0.0081
13 0.4592 0.1599 0.3386 0.0047 0.0354 0.0022
14 0.3313 0.0995 0.1830 0.3418 0.0095 0.0349
15 0.3567 0.2866 0.1851 0.1079 0.0282 0.0356
16 0.3975 0.2468 0.3025 0.0104 0.0409 0.0020
17 0.3352 0.1547 0.4204 0.0464 0.0403 0.0028
18 0.2119 0.0657 0.3550 0.2808 0.0343 0.0523
19 0.2426 0.0474 0.3315 0.2881 0.0264 0.0643
20 0.4578 0.0834 0.1671 0.1311 0.0685 0.0923
21 0.3511 0.1836 0.2588 0.1242 0.0564 0.0260
22 0.5098 0.1508 0.2686 0.0250 0.0428 0.0029
23 0.6475 0.1033 0.1065 0.0421 0.0721 0.0287
24 0.6069 0.1571 0.1272 0.0436 0.0534 0.0119
25 0.5786 0.2047 0.1779 0.0157 0.0208 0.0026
26 0.4729 0.1465 0.1465 0.1740 0.0498 0.0104
27 0.2988 0.0398 0.0870 0.5161 0.0171 0.0411
28 0.4534 0.1461 0.1951 0.0981 0.0729 0.0344
29 0.4146 0.0940 0.3491 0.1057 0.0261 0.0105
30 0.1616 0.0695 0.3369 0.0980 0.0674 0.2666
31 0.2766 0.1050 0.3665 0.1390 0.0261 0.0870
32 0.3179 0.1346 0.2363 0.1649 0.0414 0.1049
33 0.4619 0.1080 0.0436 0.3328 0.0253 0.0284
34 0.3420 0.0751 0.0763 0.3816 0.0191 0.1060
35 0.4292 0.1019 0.0679 0.3396 0.0132 0.0482
36 0.4841 0.1454 0.3005 0.0370 0.0271 0.0056
37 0.5332 0.1075 0.2057 0.0927 0.0414 0.0193
38 0.1558 0.0104 0.0376 0.7314 0.0067 0.0582
39 0.4055 0.1886 0.1266 0.2103 0.0163 0.0528
40 0.4363 0.0248 0.1028 0.0412 0.2487 0.1461
41 0.1855 0.0222 0.0298 0.6685 0.0193 0.0750
42 0.1110 0.0122 0.1403 0.5723 0.0285 0.1359
43 0.1735 0.0412 0.0746 0.6147 0.0099 0.0859
44 0.2264 0.0306 0.1005 0.3733 0.0564 0.2128
45 0.1118 0.0238 0.0987 0.5679 0.0246 0.1732
46 0.4805 0.2397 0.0822 0.0737 0.0216 0.1023
47 0.0906 0.0102 0.3699 0.0838 0.0062 0.4392
48 0.4089 0.0580 0.1843 0.1018 0.0102 0.2367
49 0.3425 0.0390 0.0493 0.3882 0.0490 0.1321
50 0.5938 0.1124 0.2307 0.0126 0.0476 0.0030
51 0.2433 0.0596 0.2017 0.3950 0.0329 0.0676
52 0.5127 0.2240 0.1771 0.0473 0.0196 0.0194
53 0.5059 0.2316 0.1951 0.0168 0.0471 0.0037
54 0.5181 0.1372 0.1372 0.1416 0.0419 0.0240
55 0.6787 0.1445 0.1217 0.0267 0.0223 0.0057
56 0.4775 0.1813 0.2327 0.0631 0.0269 0.0185
57 0.2698 0.0307 0.0631 0.5894 0.0117 0.0354
58 0.3450 0.1818 0.2749 0.0222 0.1642 0.0118
59 0.1935 0.4192 0.3450 0.0104 0.0268 0.0052
60 0.1266 0.1650 0.5454 0.1143 0.0274 0.0211
61 0.2546 0.0538 0.4297 0.1805 0.0110 0.0702
62 0.5469 0.0928 0.1875 0.0604 0.0936 0.0190
63 0.6934 0.1007 0.1141 0.0118 0.0784 0.0013
64 0.1816 0.0214 0.0819 0.6343 0.0108 0.0701
65 0.1566 0.0165 0.0215 0.7593 0.0072 0.0390
66 0.0780 0.0151 0.0242 0.8384 0.0073 0.0368
67 0.2094 0.0634 0.0614 0.5874 0.0132 0.0654
68 0.4812 0.2085 0.1854 0.0395 0.0743 0.0111
69 0.1740 0.0191 0.2610 0.1852 0.0094 0.3513
70 0.0414 0.0970 0.6279 0.0792 0.0041 0.1503
71 0.1317 0.2832 0.4817 0.0677 0.0110 0.0249
72 0.3850 0.1121 0.0989 0.2952 0.0143 0.0944
73 0.3567 0.0635 0.0909 0.1621 0.0265 0.3003
74 0.3071 0.2798 0.3120 0.0680 0.0062 0.0268
75 0.1248 0.0781 0.1018 0.4636 0.0127 0.2190
76 0.0640 0.0211 0.0649 0.7671 0.0033 0.0796
77 0.1227 0.0473 0.0646 0.6133 0.0063 0.1456
78 0.1411 0.0174 0.0536 0.7056 0.0114 0.0710
79 0.2386 0.0463 0.3210 0.2074 0.0120 0.1746
80 0.1169 0.1081 0.1989 0.5156 0.0045 0.0561
81 0.0863 0.0323 0.0905 0.6377 0.0085 0.1445
82 0.0691 0.0052 0.0167 0.0555 0.7788 0.0747
83 0.1011 0.0775 0.3875 0.2241 0.0212 0.1887
84 0.1351 0.2524 0.2228 0.2262 0.0104 0.1531
85 0.1364 0.0244 0.0486 0.6816 0.0140 0.0952
86 0.2566 0.1749 0.0795 0.3911 0.0250 0.0729
87 0.1940 0.1726 0.0518 0.3918 0.0198 0.1699
88 0.4375 0.2803 0.0535 0.1366 0.0144 0.0778
89 0.2111 0.2178 0.0966 0.2795 0.0131 0.1819
90 0.0771 0.0120 0.0302 0.7666 0.0085 0.1054
91 0.0592 0.0243 0.0611 0.7798 0.0074 0.0682
92 0.1438 0.5098 0.1299 0.1383 0.0086 0.0695
93 0.1942 0.2455 0.1205 0.3435 0.0094 0.0869
94 0.1772 0.1423 0.3284 0.3037 0.0068 0.0414
95 0.1532 0.2078 0.3674 0.2014 0.0031 0.0670
96 0.1073 0.2399 0.3955 0.1974 0.0024 0.0574
97 0.1487 0.2001 0.5273 0.0847 0.0070 0.0324
98 0.0455 0.3960 0.3550 0.1676 0.0025 0.0335
99 0.1239 0.0361 0.1667 0.4675 0.0390 0.1667
100 0.3171 0.0498 0.3123 0.2112 0.0629 0.0468
101 0.2062 0.0446 0.1736 0.4646 0.0573 0.0538
102 0.2220 0.0721 0.1099 0.5410 0.0265 0.0284
103 0.2324 0.0458 0.0791 0.5664 0.0192 0.0570
104 0.0314 0.0190 0.0202 0.8887 0.0040 0.0367
105 0.1826 0.0602 0.0672 0.6274 0.0077 0.0548
106 0.5234 0.0797 0.2065 0.0766 0.0565 0.0574
107 0.3994 0.2009 0.2832 0.0418 0.0328 0.0418
108 0.5752 0.1989 0.0454 0.0954 0.0123 0.0726
109 0.2878 0.1844 0.1248 0.2581 0.0159 0.1288
110 0.0884 0.0200 0.0210 0.7632 0.0117 0.0955
111 0.0398 0.0111 0.0125 0.9062 0.0032 0.0269
112 0.3188 0.2603 0.2158 0.1707 0.0014 0.0328
113 0.4021 0.4021 0.0427 0.0566 0.0955 0.0012
114 0.3486 0.4729 0.0468 0.0400 0.0909 0.0005
115 0.2407 0.3906 0.1019 0.1654 0.0914 0.0098
116 0.2351 0.5815 0.1506 0.0214 0.0072 0.0040
117 0.3323 0.3826 0.2412 0.0172 0.0164 0.0104
118 0.0582 0.0629 0.0959 0.5693 0.0201 0.1937
119 0.1525 0.0523 0.0561 0.6416 0.0133 0.0842
120 0.0894 0.0244 0.0624 0.7251 0.0119 0.0866
121 0.1205 0.0635 0.0569 0.7046 0.0033 0.0511
122 0.3953 0.2654 0.1168 0.2003 0.0077 0.0147
123 0.0925 0.0305 0.0487 0.7505 0.0033 0.0743
124 0.1126 0.1050 0.2766 0.2681 0.0067 0.2311
125 0.1654 0.1372 0.2227 0.3787 0.0082 0.0879
126 0.0628 0.0018 0.0074 0.0128 0.8945 0.0207
127 0.3987 0.1142 0.1315 0.1927 0.1525 0.0106
128 0.2937 0.2825 0.3149 0.0737 0.0317 0.0035
129 0.2379 0.4241 0.2759 0.0417 0.0171 0.0033
130 0.1752 0.4509 0.3430 0.0159 0.0065 0.0084
131 0.2021 0.4927 0.1134 0.1108 0.0756 0.0054
132 0.2856 0.5508 0.0313 0.0757 0.0545 0.0022
133 0.1345 0.0503 0.3894 0.1225 0.2986 0.0048
134 0.1440 0.2196 0.5972 0.0212 0.0169 0.0012
135 0.0728 0.0684 0.5054 0.3213 0.0205 0.0113
136 0.0817 0.0174 0.6626 0.2053 0.0102 0.0227
137 0.2006 0.0842 0.1433 0.2783 0.2742 0.0195
138 0.2008 0.0837 0.1067 0.3159 0.2744 0.0182
139 0.3005 0.2198 0.3101 0.0790 0.0560 0.0345
140 0.2068 0.4114 0.3491 0.0032 0.0276 0.0021
141 0.2637 0.1107 0.3689 0.0761 0.0897 0.0911
142 0.2952 0.1174 0.3848 0.1120 0.0501 0.0406
143 0.4402 0.3000 0.1332 0.0908 0.0279 0.0079
144 0.3701 0.2793 0.1604 0.1592 0.0226 0.0082
145 0.3799 0.0765 0.3149 0.0991 0.0506 0.0790
146 0.4348 0.1813 0.3037 0.0312 0.0354 0.0134
147 0.2959 0.0611 0.2269 0.2737 0.0228 0.1196
148 0.2861 0.0740 0.0399 0.5347 0.0100 0.0555
149 0.2068 0.0849 0.0992 0.5449 0.0118 0.0523
150 0.2235 0.1432 0.1047 0.3801 0.0096 0.1388
151 0.4971 0.1652 0.1552 0.1058 0.0637 0.0132
152 0.4482 0.1573 0.2593 0.0755 0.0507 0.0089
153 0.1996 0.0554 0.0445 0.6343 0.0142 0.0521
154 0.3540 0.0502 0.4270 0.0867 0.0731 0.0090
155 0.4243 0.0338 0.1410 0.2871 0.0897 0.0241
156 0.1993 0.0405 0.0652 0.5952 0.0064 0.0934
157 0.5088 0.0812 0.0768 0.2993 0.0102 0.0236
158 0.4417 0.0128 0.1246 0.3547 0.0511 0.0151
159 0.4722 0.1087 0.3347 0.0685 0.0121 0.0036
160 0.2715 0.0703 0.0243 0.5400 0.0147 0.0790
161 0.1616 0.0318 0.0695 0.6196 0.0478 0.0695
162 0.0920 0.1144 0.4707 0.2600 0.0125 0.0504
163 0.3113 0.1127 0.3474 0.1693 0.0352 0.0242
164 0.3005 0.0606 0.1851 0.3052 0.1376 0.0111
165 0.2903 0.0445 0.1995 0.3845 0.0459 0.0355
166 0.1407 0.1014 0.1343 0.5928 0.0053 0.0256
167 0.2612 0.4175 0.1782 0.0903 0.0186 0.0340
168 0.2448 0.0285 0.0352 0.6450 0.0054 0.0412
169 0.3787 0.0581 0.0432 0.3906 0.0067 0.1229
170 0.2988 0.1638 0.2478 0.2639 0.0071 0.0185
171 0.5122 0.1074 0.1422 0.1798 0.0377 0.0210
172 0.0951 0.0378 0.0614 0.7026 0.0164 0.0866
173 0.4426 0.0806 0.0746 0.2771 0.0148 0.1102
174 0.2462 0.0274 0.2791 0.2834 0.0864 0.0775
175 0.0749 0.0157 0.0388 0.7441 0.0066 0.1196
176 0.4204 0.0105 0.1896 0.1753 0.1499 0.0543
177 0.0901 0.1271 0.1821 0.4578 0.0055 0.1375
178 0.3301 0.0345 0.1740 0.3459 0.0737 0.0417
179 0.1063 0.0143 0.0457 0.7153 0.0053 0.1132
180 0.0808 0.0388 0.0591 0.6870 0.0091 0.1251
181 0.2827 0.0940 0.4885 0.1125 0.0185 0.0036
182 0.3835 0.0626 0.1826 0.3491 0.0137 0.0085
183 0.1157 0.1556 0.1462 0.3193 0.0297 0.2336
184 0.1896 0.0938 0.0766 0.2800 0.0841 0.2759
