time exciting_prob fearful_prob tense_prob sad_prob relaxing_prob neutral_prob
0 0.1110 0.1566 0.1382 0.1298 0.0183 0.4460
1 0.1997 0.1069 0.2448 0.4263 0.0106 0.0119
2 0.2047 0.1594 0.4333 0.1908 0.0064 0.0056
3 0.2620 0.1528 0.3110 0.2581 0.0107 0.0054
4 0.0953 0.4438 0.4302 0.0145 0.0083 0.0078
5 0.0396 0.6602 0.2627 0.0169 0.0050 0.0155
6 0.0563 0.5298 0.3755 0.0151 0.0102 0.0132
7 0.0391 0.4797 0.4578 0.0143 0.0033 0.0056
8 0.1066 0.1716 0.6479 0.0323 0.0255 0.0161
9 0.0102 0.3872 0.5210 0.0657 0.0084 0.0073
10 0.0338 0.3752 0.5635 0.0141 0.0059 0.0076
11 0.1733 0.4358 0.2279 0.1318 0.0062 0.0248
12 0.0872 0.3091 0.5508 0.0311 0.0115 0.0104
13 0.1028 0.2228 0.5781 0.0595 0.0206 0.0163
14 0.3616 0.1832 0.2952 0.0659 0.0638 0.0304
15 0.0228 0.2446 0.6968 0.0081 0.0037 0.0238
16 0.0845 0.1680 0.6440 0.0623 0.0099 0.0313
17 0.0578 0.4917 0.3770 0.0239 0.0030 0.0464
18 0.0454 0.2085 0.4346 0.0343 0.0116 0.2656
19 0.0391 0.4172 0.4878 0.0130 0.0273 0.0153
20 0.4121 0.2500 0.1470 0.0169 0.0236 0.1504
21 0.3076 0.4011 0.2198 0.0188 0.0130 0.0397
22 0.3604 0.2742 0.2419 0.0883 0.0312 0.0040
23 0.3684 0.3303 0.2200 0.0483 0.0117 0.0213
24 0.4595 0.3550 0.1504 0.0174 0.0129 0.0048
25 0.5127 0.1744 0.0919 0.0301 0.0762 0.1144
26 0.0665 0.3403 0.3350 0.0391 0.0127 0.2064
27 0.1133 0.8438 0.0220 0.0082 0.0108 0.0019
28 0.0598 0.8188 0.0978 0.0043 0.0109 0.0082
29 0.0423 0.1454 0.1500 0.2593 0.0433 0.3599
30 0.3201 0.2494 0.1273 0.0351 0.2035 0.0645
31 0.1854 0.6680 0.0338 0.0357 0.0687 0.0086
32 0.3608 0.5415 0.0285 0.0315 0.0165 0.0210
33 0.1389 0.2517 0.3896 0.0267 0.0253 0.1676
34 0.4727 0.0881 0.1522 0.2551 0.0298 0.0021
35 0.1129 0.1875 0.4031 0.2445 0.0366 0.0153
36 0.2800 0.1753 0.4370 0.0578 0.0367 0.0131
37 0.0966 0.2507 0.4263 0.0429 0.0396 0.1439
38 0.2152 0.1943 0.1742 0.1688 0.0849 0.1624
39 0.2795 0.5264 0.0952 0.0168 0.0600 0.0221
40 0.1309 0.4158 0.2157 0.0550 0.1603 0.0224
41 0.2028 0.5962 0.1111 0.0628 0.0266 0.0006
42 0.0197 0.5903 0.2922 0.0906 0.0020 0.0050
43 0.0521 0.4756 0.4197 0.0129 0.0082 0.0316
44 0.0524 0.0877 0.5205 0.2966 0.0218 0.0207
45 0.0544 0.7568 0.1586 0.0170 0.0070 0.0063
46 0.0406 0.6758 0.2373 0.0133 0.0283 0.0047
47 0.2003 0.5195 0.2100 0.0228 0.0465 0.0009
48 0.2957 0.5610 0.0665 0.0250 0.0475 0.0044
49 0.4563 0.1746 0.1118 0.0344 0.0652 0.1577
50 0.0133 0.5664 0.3774 0.0325 0.0056 0.0048
51 0.1714 0.3518 0.2201 0.0447 0.0977 0.1142
52 0.4148 0.0570 0.0792 0.0351 0.1198 0.2942
53 0.3848 0.1667 0.1949 0.0210 0.1077 0.1249
54 0.1349 0.6284 0.0733 0.0545 0.0728 0.0363
55 0.3022 0.4866 0.0614 0.0696 0.0701 0.0103
56 0.3550 0.3206 0.1295 0.1613 0.0068 0.0269
57 0.2783 0.4380 0.1346 0.1099 0.0305 0.0087
58 0.2520 0.6851 0.0421 0.0169 0.0026 0.0013
59 0.1537 0.4700 0.1755 0.1840 0.0061 0.0108
60 0.1915 0.2988 0.0905 0.2744 0.0202 0.1246
61 0.2241 0.4895 0.1436 0.0434 0.0554 0.0441
62 0.2437 0.6270 0.0816 0.0081 0.0348 0.0046
63 0.2698 0.4624 0.1274 0.1356 0.0029 0.0017
64 0.3115 0.3164 0.2791 0.0757 0.0132 0.0042
65 0.1256 0.6431 0.1359 0.0532 0.0244 0.0177
66 0.0533 0.5381 0.3420 0.0328 0.0044 0.0292
67 0.0374 0.2155 0.6636 0.0204 0.0171 0.0459
68 0.0451 0.4453 0.2703 0.0341 0.0694 0.1359
69 0.0560 0.5273 0.3950 0.0060 0.0032 0.0125
70 0.3564 0.1710 0.0505 0.0894 0.0302 0.3025
71 0.2998 0.5430 0.0944 0.0264 0.0219 0.0147
72 0.3940 0.2625 0.0396 0.0595 0.1004 0.1438
73 0.3330 0.2847 0.0527 0.1047 0.1160 0.1089
74 0.2769 0.2277 0.1802 0.0642 0.2224 0.0287
75 0.2627 0.3220 0.1697 0.0853 0.0419 0.1184
76 0.1181 0.5811 0.2073 0.0255 0.0445 0.0234
77 0.1159 0.7983 0.0362 0.0213 0.0273 0.0008
78 0.3105 0.4482 0.1549 0.0651 0.0084 0.0128
79 0.4822 0.4324 0.0236 0.0268 0.0240 0.0110
80 0.0828 0.8296 0.0560 0.0179 0.0115 0.0025
81 0.1724 0.4795 0.2213 0.0464 0.0659 0.0145
82 0.1472 0.4128 0.3315 0.0297 0.0674 0.0114
83 0.1462 0.4470 0.2145 0.1184 0.0639 0.0100
84 0.3511 0.1620 0.3274 0.0356 0.0881 0.0359
85 0.3552 0.2766 0.3062 0.0161 0.0414 0.0046
86 0.3276 0.4805 0.1687 0.0097 0.0118 0.0017
87 0.3669 0.2815 0.1831 0.1019 0.0384 0.0281
88 0.3479 0.4004 0.2161 0.0125 0.0177 0.0052
89 0.3506 0.3792 0.1776 0.0146 0.0648 0.0133
90 0.2959 0.4207 0.2003 0.0195 0.0417 0.0218
91 0.0215 0.8052 0.1512 0.0149 0.0056 0.0018
92 0.0915 0.4036 0.2998 0.0944 0.0581 0.0525
93 0.1180 0.4119 0.3809 0.0242 0.0553 0.0100
94 0.0930 0.1907 0.6553 0.0436 0.0113 0.0061
95 0.0612 0.4597 0.4058 0.0272 0.0405 0.0057
96 0.1973 0.1206 0.2271 0.1089 0.0743 0.2717
97 0.4238 0.1766 0.1659 0.0211 0.1224 0.0902
98 0.1996 0.3477 0.3091 0.1201 0.0212 0.0023
99 0.3733 0.3645 0.1439 0.0435 0.0619 0.0129
100 0.1221 0.8022 0.0442 0.0069 0.0231 0.0016
101 0.1190 0.2766 0.3284 0.0380 0.0553 0.1827
102 0.1382 0.3367 0.1239 0.0745 0.2583 0.0684
103 0.3528 0.1859 0.0695 0.0740 0.1720 0.1459
104 0.1610 0.3684 0.3923 0.0300 0.0454 0.0028
105 0.1470 0.3015 0.2385 0.2620 0.0259 0.0253
106 0.0535 0.0569 0.1571 0.6719 0.0237 0.0367
107 0.2430 0.0967 0.1737 0.0730 0.2412 0.1724
108 0.1759 0.7178 0.0700 0.0160 0.0140 0.0061
109 0.5381 0.2622 0.1068 0.0452 0.0375 0.0100
110 0.1592 0.7192 0.0776 0.0190 0.0193 0.0058
111 0.2357 0.4873 0.1646 0.0359 0.0309 0.0457
112 0.0568 0.2446 0.4465 0.0586 0.0215 0.1721
113 0.1412 0.4387 0.3870 0.0244 0.0074 0.0013
114 0.1398 0.0748 0.1038 0.0543 0.0251 0.6021
115 0.0546 0.2092 0.4714 0.0794 0.0187 0.1667
116 0.4272 0.1159 0.2234 0.0394 0.1344 0.0597
117 0.1438 0.2771 0.1461 0.1708 0.2125 0.0497
118 0.3540 0.4373 0.1039 0.0218 0.0822 0.0008
119 0.1818 0.3970 0.3701 0.0150 0.0250 0.0112
120 0.0320 0.2656 0.5283 0.0677 0.0925 0.0140
121 0.0707 0.3345 0.5264 0.0513 0.0086 0.0088
122 0.0981 0.5391 0.2710 0.0467 0.0171 0.0283
123 0.0650 0.1312 0.6880 0.0547 0.0530 0.0082
124 0.0648 0.2028 0.6147 0.0248 0.0886 0.0043
125 0.0476 0.0924 0.7383 0.0676 0.0394 0.0146
126 0.0809 0.1609 0.4880 0.1500 0.1007 0.0195
127 0.0872 0.3213 0.4712 0.0599 0.0541 0.0062
128 0.0565 0.2269 0.5840 0.0302 0.0616 0.0410
129 0.0865 0.1068 0.6748 0.0673 0.0341 0.0303
130 0.0617 0.2969 0.4121 0.1058 0.1010 0.0227
131 0.0731 0.1740 0.6167 0.0737 0.0247 0.0379
132 0.0855 0.2052 0.4080 0.0635 0.0228 0.2150
133 0.0809 0.1868 0.5317 0.1500 0.0468 0.0036
134 0.0768 0.1918 0.4124 0.2747 0.0108 0.0336
135 0.0995 0.3699 0.3066 0.2140 0.0089 0.0011
136 0.0834 0.1509 0.6709 0.0765 0.0168 0.0013
137 0.0442 0.4094 0.5259 0.0106 0.0093 0.0005
138 0.0230 0.1387 0.1283 0.5752 0.1304 0.0046
139 0.0435 0.3296 0.1231 0.0529 0.4504 0.0005
140 0.0465 0.2131 0.6880 0.0223 0.0291 0.0008
141 0.1749 0.3589 0.2335 0.1156 0.1156 0.0016
142 0.1323 0.7793 0.0420 0.0117 0.0340 0.0010
143 0.2208 0.7183 0.0262 0.0177 0.0130 0.0040
144 0.2998 0.0752 0.0412 0.0237 0.0501 0.5098
145 0.0211 0.7617 0.1124 0.0461 0.0539 0.0047
146 0.1744 0.5854 0.1327 0.0408 0.0657 0.0006
147 0.1523 0.3127 0.1648 0.2235 0.1399 0.0069
148 0.5645 0.2646 0.0886 0.0186 0.0456 0.0179
149 0.2439 0.2365 0.2152 0.2345 0.0575 0.0124
150 0.2627 0.2546 0.2356 0.1281 0.1087 0.0101
151 0.5859 0.2386 0.0637 0.0161 0.0934 0.0021
152 0.6768 0.1608 0.0975 0.0162 0.0468 0.0022
153 0.3191 0.3191 0.2410 0.0096 0.0974 0.0137
154 0.1114 0.7979 0.0736 0.0112 0.0055 0.0004
155 0.1814 0.3960 0.2766 0.1025 0.0220 0.0215
156 0.2725 0.2622 0.4124 0.0253 0.0091 0.0185
157 0.3362 0.3606 0.1287 0.1458 0.0196 0.0092
158 0.5796 0.2035 0.0515 0.0656 0.0503 0.0495
159 0.5312 0.2267 0.0629 0.0605 0.0654 0.0534
160 0.5698 0.2507 0.1054 0.0300 0.0233 0.0208
161 0.0632 0.8013 0.0871 0.0415 0.0026 0.0045
162 0.1460 0.3936 0.3936 0.0323 0.0287 0.0057
163 0.1520 0.4717 0.1012 0.1997 0.0131 0.0623
164 0.1357 0.2988 0.4246 0.0817 0.0253 0.0338
165 0.2866 0.5566 0.0765 0.0522 0.0168 0.0109
166 0.2041 0.2622 0.3845 0.0541 0.0497 0.0456
167 0.1390 0.3931 0.3286 0.0750 0.0154 0.0488
168 0.2401 0.2419 0.3689 0.0688 0.0417 0.0386
169 0.1957 0.6567 0.1151 0.0104 0.0213 0.0007
170 0.2283 0.5605 0.1792 0.0050 0.0264 0.0006
171 0.3557 0.2124 0.2771 0.1268 0.0206 0.0072
172 0.1586 0.3279 0.4846 0.0089 0.0145 0.0056
173 0.2177 0.2646 0.3672 0.0347 0.0696 0.0463
174 0.2712 0.1375 0.5479 0.0142 0.0226 0.0068
175 0.0262 0.4951 0.4370 0.0332 0.0071 0.0013
176 0.0325 0.2615 0.6675 0.0232 0.0137 0.0015
177 0.1304 0.6934 0.1205 0.0295 0.0084 0.0176
178 0.1467 0.5625 0.2308 0.0395 0.0083 0.0121
179 0.0369 0.4932 0.4561 0.0093 0.0015 0.0032
180 0.1102 0.2727 0.6050 0.0076 0.0031 0.0017
181 0.2532 0.1942 0.2739 0.1796 0.0213 0.0778
182 0.2168 0.4517 0.2656 0.0303 0.0305 0.0052
183 0.1896 0.5791 0.2081 0.0067 0.0107 0.0056
184 0.3181 0.4629 0.1991 0.0096 0.0087 0.0016
185 0.2585 0.4868 0.1968 0.0252 0.0146 0.0180
186 0.2681 0.4216 0.2366 0.0185 0.0180 0.0371
187 0.0429 0.6309 0.2935 0.0173 0.0133 0.0023
188 0.3826 0.3171 0.1793 0.0625 0.0367 0.0218
189 0.2524 0.4680 0.1862 0.0260 0.0173 0.0501
190 0.7437 0.1006 0.0468 0.0596 0.0166 0.0324
191 0.3586 0.2666 0.2771 0.0542 0.0190 0.0244
192 0.5049 0.2073 0.1746 0.0652 0.0320 0.0160
193 0.5356 0.2632 0.1442 0.0348 0.0126 0.0098
194 0.1350 0.3342 0.4395 0.0301 0.0140 0.0471
195 0.4524 0.3523 0.1600 0.0114 0.0217 0.0023
196 0.1390 0.4316 0.4185 0.0047 0.0059 0.0004
197 0.2397 0.4658 0.2573 0.0142 0.0221 0.0010
198 0.2288 0.3953 0.1294 0.2003 0.0117 0.0345
199 0.3899 0.2023 0.2764 0.0898 0.0191 0.0225
200 0.3569 0.2269 0.3005 0.0457 0.0312 0.0385
201 0.0209 0.1919 0.0537 0.2971 0.3938 0.0425
202 0.1633 0.1387 0.4878 0.1880 0.0073 0.0150
203 0.0815 0.0578 0.6987 0.1080 0.0356 0.0183
204 0.3142 0.2566 0.2729 0.1053 0.0409 0.0099
205 0.0494 0.6562 0.1242 0.1365 0.0312 0.0027
206 0.0550 0.2107 0.5054 0.1494 0.0653 0.0141
207 0.0121 0.2808 0.6631 0.0184 0.0013 0.0243
208 0.0124 0.2444 0.6543 0.0525 0.0017 0.0349
209 0.0186 0.2812 0.5957 0.0734 0.0019 0.0292
210 0.0585 0.7886 0.1349 0.0145 0.0013 0.0025
211 0.0710 0.1758 0.6187 0.0805 0.0129 0.0411
212 0.0690 0.3474 0.1680 0.3394 0.0757 0.0004
213 0.0842 0.5581 0.2534 0.0579 0.0451 0.0011
214 0.0515 0.3545 0.2185 0.2739 0.0354 0.0661
215 0.1979 0.3528 0.1371 0.2581 0.0387 0.0157
216 0.0452 0.5996 0.2008 0.1118 0.0352 0.0077
217 0.1622 0.3303 0.3713 0.0910 0.0257 0.0192
218 0.1070 0.5649 0.2487 0.0707 0.0085 0.0002
219 0.3508 0.3882 0.1792 0.0345 0.0425 0.0048
220 0.1949 0.3188 0.4358 0.0347 0.0148 0.0009
221 0.2886 0.3025 0.3977 0.0042 0.0067 0.0002
222 0.0503 0.8174 0.0404 0.0835 0.0081 0.0004
223 0.3381 0.2717 0.3354 0.0359 0.0032 0.0158
224 0.3235 0.2598 0.3496 0.0414 0.0140 0.0117
225 0.2910 0.4268 0.1054 0.1062 0.0319 0.0388
226 0.0674 0.3423 0.0628 0.5137 0.0095 0.0040
227 0.1592 0.0801 0.0880 0.2795 0.0614 0.3318
