time exciting_prob fearful_prob tense_prob sad_prob relaxing_prob neutral_prob
0 0.1136 0.1553 0.1349 0.1288 0.0181 0.4492
1 0.1526 0.3130 0.0810 0.2595 0.0265 0.1675
2 0.0584 0.2808 0.4021 0.0351 0.0768 0.1469
3 0.0691 0.2374 0.2063 0.1251 0.0713 0.2908
4 0.0461 0.0962 0.2004 0.2418 0.0349 0.3804
5 0.0527 0.2534 0.2893 0.0767 0.0823 0.2456
6 0.0258 0.2233 0.3352 0.1376 0.1547 0.1234
7 0.0470 0.1438 0.5513 0.0533 0.0576 0.1472
8 0.0390 0.1403 0.5215 0.0336 0.0858 0.1802
9 0.0248 0.1364 0.5391 0.0361 0.1777 0.0859
10 0.1632 0.2908 0.2112 0.0619 0.2266 0.0464
11 0.2208 0.3367 0.3213 0.0272 0.0638 0.0301
12 0.0853 0.0945 0.3564 0.0209 0.2820 0.1606
13 0.0690 0.1085 0.4031 0.0336 0.1831 0.2026
14 0.0497 0.1119 0.4824 0.0326 0.1128 0.2107
15 0.0920 0.1307 0.2947 0.0562 0.3237 0.1027
16 0.1113 0.1765 0.2756 0.0759 0.2712 0.0895
17 0.0815 0.1609 0.2018 0.0601 0.2286 0.2673
18 0.0880 0.1332 0.2129 0.0403 0.2954 0.2301
19 0.1014 0.1055 0.1149 0.0635 0.2321 0.3826
20 0.0456 0.1934 0.6343 0.0921 0.0067 0.0281
21 0.0342 0.1713 0.5703 0.0822 0.1072 0.0348
22 0.0690 0.1791 0.5601 0.0807 0.0073 0.1036
23 0.0400 0.3733 0.2373 0.1497 0.1384 0.0614
24 0.0417 0.0699 0.3181 0.1389 0.1757 0.2556
25 0.0778 0.2800 0.4204 0.1158 0.0697 0.0364
26 0.0518 0.0983 0.3171 0.0514 0.1924 0.2888
27 0.0557 0.1049 0.5083 0.0298 0.1729 0.1285
28 0.0937 0.2393 0.3794 0.0260 0.1166 0.1451
29 0.1189 0.2617 0.5288 0.0231 0.0566 0.0110
30 0.1598 0.3518 0.4114 0.0368 0.0261 0.0143
31 0.0884 0.3606 0.3721 0.0617 0.1083 0.0088
32 0.0252 0.2140 0.6909 0.0313 0.0296 0.0092
33 0.0625 0.1970 0.6167 0.0875 0.0291 0.0073
34 0.0234 0.1125 0.3689 0.0208 0.4592 0.0150
35 0.0489 0.2446 0.1580 0.4360 0.0272 0.0852
36 0.0524 0.3875 0.3418 0.1830 0.0134 0.0219
37 0.0750 0.1704 0.3062 0.0369 0.0805 0.3311
38 0.0373 0.0660 0.1621 0.0254 0.6821 0.0269
39 0.2026 0.1268 0.2107 0.0226 0.4124 0.0250
40 0.0241 0.2080 0.6821 0.0634 0.0126 0.0100
41 0.0086 0.0983 0.2395 0.6118 0.0300 0.0118
42 0.0562 0.0927 0.3784 0.0274 0.2330 0.2123
43 0.0235 0.0908 0.3118 0.0764 0.2585 0.2390
44 0.0208 0.0836 0.3359 0.0284 0.0721 0.4592
45 0.0290 0.1261 0.3765 0.2888 0.1646 0.0151
46 0.0346 0.1033 0.2942 0.5005 0.0114 0.0562
47 0.0565 0.3384 0.3716 0.0340 0.0597 0.1399
48 0.0712 0.2795 0.3506 0.1351 0.1061 0.0577
49 0.0451 0.1107 0.2676 0.0621 0.0484 0.4661
50 0.0704 0.1179 0.2537 0.0427 0.0527 0.4626
51 0.0818 0.0805 0.1858 0.0622 0.0927 0.4971
52 0.1914 0.1025 0.2135 0.0305 0.0843 0.3777
53 0.0329 0.0991 0.2017 0.0953 0.1698 0.4011
54 0.0379 0.5479 0.1752 0.2015 0.0099 0.0277
55 0.1062 0.1807 0.2864 0.0568 0.0378 0.3323
56 0.0477 0.2260 0.3843 0.0608 0.0995 0.1815
57 0.0410 0.1985 0.1808 0.0471 0.0334 0.4990
58 0.0909 0.3201 0.2148 0.0397 0.0476 0.2869
59 0.1229 0.2426 0.3289 0.1309 0.1437 0.0311
60 0.0341 0.0690 0.2561 0.3237 0.0648 0.2522
61 0.1207 0.1090 0.4773 0.0447 0.1295 0.1188
62 0.0648 0.0907 0.5869 0.0367 0.1192 0.1019
63 0.1438 0.0648 0.0872 0.3503 0.0347 0.3191
64 0.2644 0.1278 0.3291 0.1043 0.0988 0.0757
65 0.2783 0.0985 0.3306 0.1335 0.0823 0.0767
66 0.0604 0.1694 0.1655 0.1044 0.1981 0.3020
67 0.0578 0.1659 0.1909 0.0867 0.2822 0.2164
68 0.1138 0.1427 0.1891 0.1036 0.1555 0.2952
69 0.1687 0.0407 0.1881 0.3982 0.0101 0.1941
70 0.4050 0.2236 0.2236 0.0271 0.0451 0.0755
71 0.3567 0.1970 0.2568 0.0560 0.0486 0.0847
72 0.0263 0.1295 0.7573 0.0792 0.0042 0.0036
73 0.1187 0.2695 0.2306 0.0388 0.2200 0.1224
74 0.0723 0.0950 0.0700 0.1616 0.1035 0.4976
75 0.1754 0.0779 0.4343 0.1477 0.0954 0.0693
76 0.0592 0.0660 0.5840 0.0560 0.1571 0.0778
77 0.0511 0.1033 0.6084 0.0389 0.1237 0.0744
78 0.0547 0.0908 0.6304 0.0409 0.1096 0.0735
79 0.0916 0.1710 0.5068 0.1113 0.0551 0.0644
80 0.0591 0.1365 0.1766 0.1464 0.0895 0.3918
81 0.2035 0.0984 0.5620 0.0072 0.0829 0.0461
82 0.0676 0.0841 0.6411 0.0121 0.1571 0.0382
83 0.0668 0.1436 0.6235 0.0154 0.1050 0.0459
84 0.0879 0.1554 0.4497 0.1173 0.1268 0.0628
85 0.2073 0.0837 0.3611 0.0247 0.2312 0.0920
86 0.2251 0.0797 0.4204 0.0183 0.1781 0.0784
87 0.2000 0.1750 0.4873 0.0131 0.1029 0.0217
88 0.0496 0.1652 0.2559 0.1002 0.1692 0.2600
89 0.1423 0.1857 0.2744 0.0212 0.2479 0.1285
90 0.3044 0.0900 0.3044 0.2335 0.0475 0.0199
91 0.2046 0.0696 0.2795 0.3882 0.0356 0.0224
92 0.0641 0.0651 0.1797 0.1346 0.0904 0.4661
93 0.0607 0.1274 0.2700 0.0978 0.1082 0.3359
94 0.1501 0.0282 0.1700 0.2593 0.0487 0.3435
95 0.2515 0.2255 0.2534 0.0148 0.0721 0.1826
96 0.0605 0.0937 0.8027 0.0203 0.0192 0.0035
97 0.0138 0.0512 0.7524 0.1680 0.0023 0.0123
98 0.3635 0.1075 0.2920 0.0267 0.2039 0.0063
99 0.0401 0.0715 0.4116 0.3521 0.0357 0.0890
100 0.1632 0.2910 0.3623 0.0724 0.0605 0.0506
101 0.0238 0.1917 0.3525 0.1092 0.0844 0.2385
102 0.0955 0.3745 0.2085 0.0225 0.1624 0.1367
103 0.1285 0.1526 0.2037 0.0823 0.1945 0.2383
104 0.0938 0.1570 0.1793 0.0433 0.3430 0.1836
105 0.4385 0.0667 0.3694 0.0270 0.0905 0.0079
106 0.0592 0.4275 0.2937 0.0208 0.0754 0.1234
107 0.1348 0.0978 0.4968 0.0274 0.2274 0.0158
108 0.1740 0.0725 0.4138 0.0218 0.2913 0.0267
109 0.1056 0.0472 0.5889 0.0371 0.1957 0.0255
110 0.1385 0.0443 0.5190 0.0173 0.2629 0.0178
111 0.0837 0.2423 0.3872 0.0567 0.1136 0.1163
112 0.2296 0.3240 0.1904 0.0516 0.1980 0.0064
113 0.1007 0.0809 0.2612 0.0420 0.0778 0.4375
114 0.0913 0.1229 0.1392 0.1163 0.0172 0.5132
115 0.0914 0.1094 0.1249 0.1239 0.0080 0.5425
116 0.1118 0.1360 0.1627 0.2057 0.0313 0.3525
117 0.1096 0.1353 0.5029 0.1122 0.0753 0.0649
118 0.2153 0.0850 0.5586 0.0234 0.1153 0.0023
119 0.1377 0.1610 0.2593 0.0656 0.0515 0.3252
120 0.0183 0.0708 0.2251 0.0945 0.0760 0.5151
121 0.1478 0.1549 0.4482 0.0170 0.1525 0.0797
122 0.3225 0.1595 0.3682 0.0098 0.1355 0.0045
123 0.0966 0.1281 0.5391 0.0568 0.1569 0.0228
124 0.0349 0.0558 0.2747 0.5464 0.0240 0.0642
125 0.1393 0.1530 0.2314 0.0396 0.1229 0.3140
126 0.0311 0.3420 0.3264 0.1591 0.0363 0.1051
127 0.0464 0.0370 0.8628 0.0400 0.0101 0.0038
128 0.0316 0.0742 0.8687 0.0139 0.0054 0.0065
129 0.0475 0.0655 0.8359 0.0388 0.0079 0.0045
130 0.1181 0.2620 0.4458 0.1026 0.0571 0.0143
131 0.1445 0.1490 0.5762 0.0386 0.0836 0.0082
132 0.0948 0.1285 0.2496 0.0532 0.1326 0.3413
133 0.0945 0.1055 0.2610 0.0543 0.1865 0.2981
134 0.0256 0.0173 0.5645 0.0741 0.2883 0.0299
135 0.1721 0.1735 0.3589 0.0396 0.0313 0.2245
136 0.3411 0.1624 0.2219 0.0197 0.0779 0.1770
137 0.0251 0.0651 0.1197 0.5537 0.0704 0.1663
138 0.1610 0.1636 0.4624 0.0210 0.1064 0.0855
139 0.0711 0.1248 0.1565 0.0567 0.1381 0.4529
140 0.0688 0.0876 0.1444 0.0330 0.3059 0.3604
141 0.0508 0.0678 0.1541 0.0524 0.2258 0.4492
142 0.0629 0.0880 0.1569 0.0457 0.1998 0.4468
143 0.0184 0.0996 0.1721 0.0633 0.6294 0.0172
144 0.0271 0.0933 0.2203 0.2576 0.3689 0.0327
145 0.0734 0.1591 0.1437 0.0865 0.0435 0.4939
146 0.0572 0.1643 0.1735 0.0367 0.0463 0.5220
147 0.0245 0.1870 0.4629 0.0970 0.0607 0.1677
148 0.0232 0.0738 0.0933 0.6475 0.1445 0.0175
149 0.0436 0.1487 0.2065 0.2198 0.3301 0.0514
150 0.0526 0.0967 0.2179 0.2671 0.3171 0.0486
151 0.0337 0.0903 0.1852 0.4585 0.1609 0.0714
152 0.0416 0.2303 0.2568 0.0714 0.2451 0.1547
153 0.0791 0.1926 0.1294 0.0535 0.2252 0.3201
154 0.1000 0.1688 0.2399 0.0362 0.1421 0.3130
155 0.0356 0.0999 0.2800 0.1168 0.3828 0.0848
156 0.0416 0.1157 0.3975 0.1113 0.2908 0.0432
157 0.0239 0.0527 0.3154 0.0848 0.4883 0.0348
158 0.0512 0.0632 0.0964 0.1182 0.6387 0.0320
159 0.0277 0.0875 0.1970 0.1766 0.4954 0.0157
160 0.0258 0.1302 0.1924 0.3887 0.2433 0.0197
161 0.0534 0.0923 0.4136 0.2284 0.1185 0.0938
162 0.1869 0.1433 0.3491 0.0327 0.0225 0.2656
163 0.2549 0.2163 0.1365 0.0543 0.0183 0.3198
164 0.0659 0.1340 0.2837 0.0350 0.4678 0.0136
165 0.0746 0.0521 0.0826 0.3118 0.0463 0.4326
166 0.1858 0.2480 0.1902 0.0149 0.1010 0.2600
167 0.3174 0.1453 0.3274 0.0514 0.1499 0.0087
168 0.0493 0.2585 0.1749 0.0373 0.0467 0.4331
169 0.0302 0.1571 0.2433 0.0551 0.0114 0.5029
170 0.1112 0.0820 0.4329 0.0581 0.2668 0.0490
171 0.1732 0.3064 0.2277 0.0757 0.0328 0.1843
172 0.5605 0.0329 0.0944 0.2546 0.0432 0.0145
173 0.5962 0.0290 0.0789 0.2354 0.0509 0.0095
174 0.1042 0.0934 0.6436 0.0272 0.1248 0.0069
175 0.0477 0.0710 0.3386 0.3232 0.2119 0.0075
176 0.2174 0.2174 0.1035 0.0276 0.1720 0.2622
177 0.1458 0.2384 0.1564 0.0231 0.3037 0.1327
178 0.0721 0.5249 0.3389 0.0263 0.0320 0.0060
179 0.0485 0.3474 0.3164 0.2208 0.0313 0.0355
180 0.0724 0.1556 0.2732 0.1036 0.0659 0.3293
181 0.0597 0.0868 0.2360 0.3079 0.0295 0.2803
182 0.0326 0.5645 0.2974 0.0826 0.0064 0.0169
183 0.0798 0.3184 0.3389 0.1503 0.0652 0.0477
184 0.0681 0.0931 0.5527 0.0468 0.1141 0.1252
185 0.0557 0.1538 0.5898 0.0184 0.0876 0.0948
186 0.1703 0.2595 0.2363 0.0177 0.2457 0.0704
187 0.0915 0.1212 0.2373 0.0674 0.2527 0.2300
188 0.0421 0.0108 0.0218 0.3523 0.0276 0.5454
189 0.0934 0.3638 0.1425 0.1516 0.0283 0.2206
190 0.0363 0.0732 0.2678 0.0817 0.2023 0.3386
191 0.0215 0.0399 0.1758 0.0255 0.4854 0.2520
192 0.0163 0.0377 0.5806 0.0523 0.2830 0.0301
193 0.1152 0.1650 0.3604 0.1226 0.1826 0.0540
194 0.1617 0.1383 0.3879 0.0974 0.0718 0.1427
195 0.0871 0.1774 0.2207 0.1042 0.0844 0.3262
196 0.0630 0.1324 0.1810 0.1031 0.1432 0.3772
197 0.1843 0.2520 0.2600 0.0745 0.1858 0.0435
198 0.0078 0.1096 0.6504 0.1261 0.0518 0.0542
199 0.0077 0.1143 0.6182 0.1538 0.0811 0.0251
200 0.0137 0.0429 0.2668 0.5063 0.1473 0.0226
201 0.0370 0.1334 0.7798 0.0185 0.0053 0.0263
202 0.0337 0.0279 0.2197 0.0203 0.3979 0.3003
203 0.0310 0.0253 0.1237 0.0086 0.7119 0.0994
204 0.0252 0.1260 0.2373 0.1095 0.0789 0.4231
205 0.0487 0.1324 0.6030 0.0265 0.1624 0.0269
206 0.0312 0.0994 0.4316 0.0739 0.0227 0.3413
207 0.0780 0.1801 0.1042 0.0688 0.1338 0.4353
208 0.0790 0.1324 0.1674 0.3953 0.0687 0.1572
209 0.1045 0.0952 0.3535 0.0982 0.3269 0.0216
210 0.0676 0.0828 0.0457 0.0515 0.0310 0.7212
211 0.0906 0.0700 0.1732 0.0800 0.2224 0.3638
212 0.0178 0.0773 0.7803 0.1124 0.0063 0.0059
213 0.0926 0.1550 0.3779 0.0408 0.0897 0.2440
214 0.0367 0.0718 0.4829 0.3320 0.0036 0.0729
215 0.1129 0.3191 0.1669 0.0412 0.2646 0.0951
216 0.1821 0.4651 0.1765 0.0048 0.1522 0.0192
217 0.1031 0.3984 0.3984 0.0056 0.0666 0.0280
218 0.0535 0.2360 0.4478 0.1547 0.0665 0.0417
219 0.0730 0.0494 0.2756 0.3223 0.1322 0.1475
220 0.0548 0.1930 0.3777 0.0188 0.1266 0.2291
221 0.0469 0.1538 0.3132 0.0383 0.1295 0.3181
222 0.0673 0.1145 0.3845 0.0466 0.0734 0.3137
223 0.0259 0.0255 0.1445 0.0118 0.0229 0.7695
224 0.0178 0.0255 0.1541 0.0113 0.0328 0.7583
225 0.0126 0.0709 0.3545 0.1263 0.0583 0.3774
226 0.0258 0.0765 0.3027 0.0930 0.2588 0.2432
227 0.0330 0.4248 0.2659 0.1770 0.0301 0.0693
228 0.1136 0.1553 0.1349 0.1288 0.0181 0.4492
229 0.1136 0.1553 0.1349 0.1288 0.0181 0.4492
230 0.1353 0.1271 0.0944 0.2607 0.0209 0.3618
