time exciting_prob fearful_prob tense_prob sad_prob relaxing_prob neutral_prob
0 0.1136 0.1553 0.1349 0.1288 0.0181 0.4492
1 0.1613 0.1296 0.3013 0.2966 0.0178 0.0933
2 0.4099 0.0297 0.0833 0.4644 0.0034 0.0094
3 0.2112 0.2432 0.4912 0.0329 0.0139 0.0076
4 0.3704 0.1508 0.3372 0.0989 0.0256 0.0172
5 0.2517 0.0657 0.2153 0.4023 0.0408 0.0242
6 0.2854 0.2944 0.2479 0.1447 0.0125 0.0150
7 0.1425 0.1277 0.1979 0.5054 0.0119 0.0149
8 0.0683 0.1152 0.0970 0.6841 0.0071 0.0280
9 0.1951 0.5601 0.1129 0.0800 0.0285 0.0237
10 0.1387 0.5361 0.1150 0.1726 0.0201 0.0176
11 0.2076 0.1721 0.2390 0.2751 0.0997 0.0064
12 0.0548 0.1143 0.2053 0.4888 0.0141 0.1226
13 0.0673 0.3110 0.3665 0.2223 0.0107 0.0224
14 0.0526 0.1547 0.4802 0.2800 0.0216 0.0109
15 0.0358 0.1085 0.5913 0.1279 0.1201 0.0164
16 0.1135 0.3552 0.0366 0.0448 0.2275 0.2223
17 0.0933 0.2290 0.0588 0.0227 0.4924 0.1040
18 0.0711 0.1680 0.4495 0.1191 0.0418 0.1505
19 0.1372 0.1904 0.1604 0.4358 0.0143 0.0618
20 0.1321 0.1862 0.1722 0.0696 0.3479 0.0922
21 0.0275 0.1377 0.4048 0.2417 0.1377 0.0507
22 0.0690 0.1003 0.3787 0.1554 0.2158 0.0806
23 0.0797 0.7163 0.1675 0.0236 0.0080 0.0052
24 0.0678 0.1541 0.1317 0.5903 0.0153 0.0408
25 0.1097 0.2067 0.3713 0.2035 0.1015 0.0074
26 0.0685 0.0568 0.1923 0.4985 0.1061 0.0776
27 0.0641 0.4023 0.2578 0.1799 0.0824 0.0135
28 0.1691 0.3931 0.1564 0.1827 0.0694 0.0294
29 0.2064 0.3323 0.0998 0.1122 0.0821 0.1671
30 0.0201 0.2043 0.5469 0.2209 0.0020 0.0060
31 0.0099 0.1256 0.6475 0.1975 0.0042 0.0151
32 0.0192 0.0731 0.6567 0.1971 0.0430 0.0107
33 0.2581 0.1003 0.1360 0.2174 0.0567 0.2314
34 0.1477 0.3801 0.1177 0.2612 0.0569 0.0365
35 0.0260 0.2590 0.5073 0.1808 0.0194 0.0076
36 0.0424 0.2258 0.5859 0.0920 0.0445 0.0094
37 0.0483 0.3032 0.5239 0.1107 0.0129 0.0010
38 0.0453 0.2319 0.5479 0.1148 0.0505 0.0097
39 0.0116 0.4824 0.3115 0.1874 0.0064 0.0007
40 0.0150 0.4536 0.4680 0.0501 0.0117 0.0015
41 0.0280 0.1355 0.5527 0.1293 0.1511 0.0032
42 0.2103 0.1025 0.1017 0.1504 0.2537 0.1814
43 0.0804 0.2739 0.3105 0.2380 0.0263 0.0709
44 0.0585 0.0652 0.4973 0.1719 0.1448 0.0623
45 0.1023 0.1881 0.3740 0.0457 0.2781 0.0117
46 0.0192 0.2690 0.1570 0.2568 0.2568 0.0413
47 0.4419 0.1613 0.3132 0.0710 0.0101 0.0024
48 0.4700 0.1770 0.2186 0.0925 0.0383 0.0035
49 0.3523 0.1108 0.3992 0.0837 0.0438 0.0102
50 0.2598 0.0780 0.2023 0.4351 0.0213 0.0035
51 0.1982 0.0525 0.3193 0.4099 0.0094 0.0105
52 0.0896 0.2399 0.3716 0.2717 0.0081 0.0191
53 0.0183 0.4727 0.4236 0.0676 0.0025 0.0154
54 0.2313 0.0864 0.0812 0.1339 0.3313 0.1360
55 0.3416 0.0762 0.0986 0.2578 0.1041 0.1218
56 0.1887 0.0979 0.1154 0.4155 0.1018 0.0806
57 0.1385 0.2549 0.4072 0.1014 0.0778 0.0201
58 0.1429 0.2888 0.1062 0.0645 0.0269 0.3708
59 0.1395 0.4167 0.2338 0.0577 0.0221 0.1301
60 0.0824 0.2852 0.1237 0.0325 0.2103 0.2659
61 0.0956 0.1600 0.1436 0.5010 0.0392 0.0608
62 0.1559 0.1292 0.2452 0.3403 0.0348 0.0945
63 0.1757 0.3333 0.1899 0.2327 0.0169 0.0515
64 0.8145 0.0950 0.0328 0.0387 0.0170 0.0018
65 0.5298 0.2225 0.0988 0.1268 0.0178 0.0044
66 0.1228 0.1349 0.0234 0.6958 0.0193 0.0039
67 0.0786 0.3989 0.1637 0.0310 0.2118 0.1161
68 0.0886 0.4465 0.1604 0.0367 0.1682 0.0996
69 0.0784 0.2981 0.1168 0.0539 0.2590 0.1940
70 0.0197 0.2068 0.7217 0.0348 0.0071 0.0097
71 0.0202 0.3809 0.4453 0.1276 0.0007 0.0253
72 0.1641 0.5728 0.0396 0.0489 0.0529 0.1219
73 0.2113 0.1079 0.4404 0.1364 0.0815 0.0226
74 0.0918 0.0293 0.1216 0.6782 0.0075 0.0715
75 0.0705 0.0383 0.0612 0.7822 0.0082 0.0396
76 0.2052 0.1016 0.0856 0.5078 0.0142 0.0856
77 0.1049 0.4592 0.1663 0.0417 0.1033 0.1246
78 0.1530 0.4358 0.0928 0.0787 0.1110 0.1288
79 0.2578 0.2876 0.0750 0.3257 0.0380 0.0160
80 0.0950 0.0782 0.1103 0.5869 0.0210 0.1086
81 0.1525 0.0287 0.1216 0.1335 0.1048 0.4590
82 0.1192 0.0393 0.1011 0.0892 0.0958 0.5552
83 0.3416 0.2384 0.0780 0.1886 0.0933 0.0603
84 0.1074 0.5005 0.1538 0.0532 0.0584 0.1266
85 0.1223 0.3948 0.1140 0.0569 0.1167 0.1954
86 0.1061 0.5264 0.1682 0.0350 0.1417 0.0226
87 0.1245 0.0487 0.1598 0.4697 0.0687 0.1284
88 0.0630 0.2130 0.1940 0.4653 0.0494 0.0153
89 0.1229 0.6338 0.1267 0.0689 0.0428 0.0050
90 0.0912 0.6738 0.1503 0.0804 0.0034 0.0009
91 0.1166 0.1429 0.2301 0.4722 0.0104 0.0277
92 0.0873 0.2161 0.3245 0.1497 0.0099 0.2128
93 0.1080 0.4548 0.2051 0.1355 0.0293 0.0671
94 0.0896 0.0731 0.5933 0.0953 0.1283 0.0203
95 0.1009 0.1490 0.3206 0.2700 0.0341 0.1255
96 0.0477 0.1017 0.2385 0.4490 0.0459 0.1171
97 0.1506 0.2729 0.1681 0.3267 0.0505 0.0313
98 0.0778 0.4580 0.2756 0.1621 0.0103 0.0161
99 0.2196 0.1835 0.1545 0.1251 0.1923 0.1251
100 0.0280 0.3459 0.4729 0.0991 0.0295 0.0245
101 0.0716 0.2786 0.3579 0.2205 0.0245 0.0469
102 0.1013 0.1497 0.1417 0.4722 0.0120 0.1232
103 0.3296 0.2247 0.0609 0.2336 0.0659 0.0853
104 0.2400 0.2720 0.0721 0.1049 0.2255 0.0856
105 0.3269 0.2886 0.0638 0.0959 0.1362 0.0887
106 0.2063 0.1021 0.1923 0.0730 0.3594 0.0670
107 0.2003 0.0784 0.1293 0.1926 0.1500 0.2493
108 0.1992 0.2517 0.3899 0.0934 0.0363 0.0294
109 0.0638 0.0349 0.0240 0.0415 0.7891 0.0467
110 0.0994 0.1843 0.0399 0.0567 0.5859 0.0338
111 0.2842 0.2954 0.1194 0.2030 0.0713 0.0268
112 0.1627 0.1043 0.1248 0.3088 0.1119 0.1874
113 0.1033 0.4558 0.2203 0.1550 0.0197 0.0458
114 0.2035 0.1882 0.2201 0.2494 0.1196 0.0191
115 0.2059 0.0806 0.2544 0.2334 0.2125 0.0133
116 0.1057 0.3105 0.4243 0.0503 0.0561 0.0531
117 0.2323 0.3176 0.1700 0.1196 0.1536 0.0069
118 0.1654 0.0858 0.2483 0.2261 0.1774 0.0972
119 0.1333 0.4304 0.1766 0.0945 0.0796 0.0854
120 0.0637 0.0377 0.0200 0.8003 0.0424 0.0357
121 0.1388 0.1031 0.2036 0.4661 0.0269 0.0616
122 0.1119 0.1627 0.1229 0.4673 0.0500 0.0851
123 0.2505 0.1439 0.1362 0.3821 0.0513 0.0358
124 0.3635 0.1423 0.1901 0.2832 0.0091 0.0116
125 0.0746 0.0944 0.3267 0.3704 0.0219 0.1121
126 0.0984 0.1824 0.4045 0.1536 0.1023 0.0587
127 0.0886 0.1497 0.4829 0.1921 0.0053 0.0814
128 0.2622 0.0689 0.3875 0.0449 0.2010 0.0355
129 0.0638 0.3020 0.3477 0.1832 0.0106 0.0928
130 0.0927 0.2311 0.3752 0.1527 0.0294 0.1190
131 0.0630 0.1536 0.5278 0.0676 0.0243 0.1636
132 0.1605 0.0833 0.1906 0.3506 0.0619 0.1532
133 0.0752 0.0422 0.1449 0.3818 0.0244 0.3315
134 0.1719 0.0550 0.3755 0.2350 0.1163 0.0463
135 0.0787 0.1076 0.0892 0.0995 0.6099 0.0153
136 0.1339 0.2581 0.1747 0.1257 0.1948 0.1127
137 0.0501 0.4539 0.3320 0.1193 0.0264 0.0183
138 0.1022 0.3196 0.3298 0.1418 0.0930 0.0134
139 0.0859 0.4502 0.2246 0.1212 0.0595 0.0586
140 0.0649 0.1194 0.5107 0.2096 0.0217 0.0735
141 0.1593 0.0997 0.0323 0.1891 0.4067 0.1129
142 0.0743 0.0110 0.1304 0.6318 0.0067 0.1455
143 0.0784 0.0610 0.0625 0.4800 0.0226 0.2957
144 0.0967 0.1620 0.5698 0.1071 0.0030 0.0615
145 0.1971 0.1686 0.1740 0.3513 0.0742 0.0348
146 0.1327 0.1153 0.1677 0.4631 0.0346 0.0864
147 0.0803 0.1741 0.2150 0.3687 0.0047 0.1572
148 0.1066 0.2086 0.5537 0.0593 0.0100 0.0617
149 0.0624 0.1312 0.0887 0.6982 0.0067 0.0128
150 0.1133 0.4922 0.1169 0.2324 0.0289 0.0163
151 0.2233 0.1476 0.1123 0.0560 0.2340 0.2268
152 0.1785 0.0398 0.0919 0.0431 0.3662 0.2808
153 0.0916 0.0302 0.1880 0.0703 0.3101 0.3101
154 0.0715 0.0451 0.1327 0.0366 0.5327 0.1813
155 0.1118 0.0580 0.0217 0.0247 0.7578 0.0261
156 0.1388 0.1598 0.5239 0.1254 0.0322 0.0202
157 0.1271 0.1271 0.1271 0.3428 0.0093 0.2668
158 0.0703 0.0630 0.1466 0.6172 0.0127 0.0903
159 0.0782 0.1669 0.2045 0.5142 0.0080 0.0283
160 0.1008 0.4241 0.1410 0.2252 0.0097 0.0992
161 0.4170 0.1312 0.3403 0.0400 0.0692 0.0025
162 0.4109 0.2341 0.2737 0.0220 0.0587 0.0004
163 0.2244 0.1965 0.1278 0.0460 0.1531 0.2522
164 0.2188 0.1744 0.1857 0.0557 0.1664 0.1991
165 0.1918 0.1887 0.1050 0.0294 0.3391 0.1459
166 0.1039 0.4514 0.0917 0.2593 0.0271 0.0666
167 0.1868 0.3716 0.2399 0.0249 0.0760 0.1008
168 0.2551 0.2981 0.2800 0.1063 0.0329 0.0273
169 0.0280 0.2234 0.5703 0.1635 0.0028 0.0121
170 0.1595 0.1621 0.3149 0.2673 0.0596 0.0365
171 0.1982 0.4365 0.2391 0.0629 0.0629 0.0004
172 0.3821 0.1532 0.2930 0.1450 0.0196 0.0073
173 0.6040 0.1552 0.1600 0.0683 0.0115 0.0010
174 0.1227 0.6235 0.0956 0.0673 0.0884 0.0026
175 0.0714 0.4836 0.2712 0.1140 0.0457 0.0142
176 0.0837 0.1886 0.3208 0.3750 0.0257 0.0060
177 0.4951 0.0959 0.2412 0.0821 0.0759 0.0097
178 0.4897 0.0695 0.2462 0.1541 0.0217 0.0187
179 0.2603 0.1888 0.4324 0.0972 0.0205 0.0009
180 0.2837 0.2299 0.3730 0.0845 0.0170 0.0118
181 0.5029 0.1559 0.3147 0.0131 0.0116 0.0017
182 0.1611 0.1742 0.2496 0.3989 0.0072 0.0089
183 0.2330 0.2876 0.1873 0.2559 0.0184 0.0178
184 0.2964 0.2345 0.2273 0.2037 0.0220 0.0161
185 0.2959 0.1420 0.2959 0.2098 0.0168 0.0397
186 0.1185 0.0319 0.1985 0.5835 0.0275 0.0403
187 0.1002 0.1370 0.4153 0.2854 0.0249 0.0371
188 0.2490 0.2671 0.1312 0.3376 0.0055 0.0092
189 0.1497 0.0997 0.3374 0.3762 0.0316 0.0054
190 0.2090 0.0363 0.1035 0.6338 0.0124 0.0052
191 0.2104 0.1931 0.1050 0.4707 0.0079 0.0128
192 0.1202 0.0285 0.0981 0.7246 0.0069 0.0214
193 0.1099 0.0626 0.0905 0.6948 0.0083 0.0338
194 0.2404 0.1481 0.2944 0.2404 0.0562 0.0205
195 0.4060 0.0806 0.1101 0.3755 0.0112 0.0168
196 0.0936 0.0800 0.3477 0.4534 0.0206 0.0047
197 0.1941 0.0984 0.2869 0.3408 0.0398 0.0401
198 0.1521 0.0685 0.3428 0.4070 0.0189 0.0105
199 0.3184 0.2120 0.2007 0.2257 0.0251 0.0182
200 0.2529 0.1113 0.1851 0.4302 0.0134 0.0071
201 0.1710 0.0916 0.3914 0.2690 0.0644 0.0126
202 0.1434 0.1575 0.1575 0.5083 0.0096 0.0238
203 0.1130 0.0624 0.1095 0.6709 0.0094 0.0347
204 0.0688 0.1226 0.3494 0.4280 0.0117 0.0194
205 0.1842 0.0732 0.2365 0.4702 0.0182 0.0175
206 0.0897 0.2656 0.3987 0.2036 0.0267 0.0157
207 0.3286 0.1505 0.3782 0.1002 0.0369 0.0055
208 0.1606 0.2230 0.2566 0.3347 0.0052 0.0198
209 0.0831 0.0899 0.2482 0.5093 0.0415 0.0281
210 0.1034 0.2683 0.2600 0.3445 0.0075 0.0164
211 0.4092 0.0949 0.1678 0.2642 0.0408 0.0231
212 0.1354 0.0916 0.1396 0.5972 0.0068 0.0293
213 0.1570 0.0840 0.2015 0.5068 0.0250 0.0258
214 0.1636 0.0570 0.4111 0.3462 0.0092 0.0129
215 0.1783 0.1151 0.2020 0.4773 0.0156 0.0118
216 0.2333 0.2903 0.2996 0.1604 0.0130 0.0033
217 0.2371 0.0788 0.4641 0.1604 0.0555 0.0041
218 0.0876 0.0380 0.1770 0.6680 0.0113 0.0179
219 0.0789 0.0443 0.3481 0.4758 0.0237 0.0290
220 0.2473 0.0709 0.1897 0.4622 0.0220 0.0081
221 0.2534 0.0743 0.3574 0.2964 0.0110 0.0075
222 0.1746 0.1932 0.3472 0.2661 0.0135 0.0054
223 0.0568 0.0605 0.1241 0.7368 0.0057 0.0164
224 0.1366 0.0269 0.1304 0.6831 0.0038 0.0191
225 0.1337 0.0557 0.1798 0.5806 0.0229 0.0276
226 0.1628 0.3091 0.3728 0.1230 0.0146 0.0176
227 0.0934 0.0768 0.4055 0.2991 0.0144 0.1108
228 0.1443 0.0401 0.3303 0.1609 0.1273 0.1971
229 0.0622 0.1626 0.4023 0.2559 0.0043 0.1126
230 0.2203 0.3308 0.3359 0.0836 0.0053 0.0240
231 0.1650 0.1650 0.2639 0.2808 0.0100 0.1152
232 0.2136 0.2070 0.3721 0.1033 0.1009 0.0030
233 0.0759 0.2163 0.5977 0.0742 0.0224 0.0136
234 0.1606 0.1353 0.3621 0.2489 0.0873 0.0057
235 0.0938 0.5610 0.0719 0.2268 0.0081 0.0382
236 0.0798 0.1913 0.4246 0.2742 0.0091 0.0213
237 0.1088 0.1232 0.3003 0.4368 0.0100 0.0209
238 0.0702 0.5742 0.0952 0.2112 0.0286 0.0209
239 0.1353 0.0930 0.1311 0.6157 0.0153 0.0100
240 0.0992 0.0849 0.2615 0.5283 0.0083 0.0178
241 0.1752 0.0967 0.4912 0.1282 0.0464 0.0624
242 0.2455 0.2379 0.3713 0.0656 0.0064 0.0731
243 0.4514 0.0440 0.1687 0.2676 0.0257 0.0427
244 0.1279 0.2316 0.2666 0.3020 0.0623 0.0097
245 0.3928 0.0884 0.1625 0.2401 0.0662 0.0500
246 0.1273 0.0468 0.0640 0.6777 0.0703 0.0137
247 0.1578 0.0972 0.2686 0.1733 0.0470 0.2561
248 0.2957 0.0596 0.0686 0.4043 0.0159 0.1559
249 0.5542 0.1588 0.0762 0.1189 0.0303 0.0617
250 0.2649 0.2000 0.2820 0.2411 0.0085 0.0037
251 0.1511 0.2035 0.2737 0.3516 0.0055 0.0146
252 0.1042 0.0837 0.1946 0.5718 0.0374 0.0081
253 0.2573 0.3518 0.1636 0.1624 0.0351 0.0298
254 0.4460 0.1846 0.2444 0.0878 0.0169 0.0202
255 0.0489 0.1268 0.2603 0.4426 0.0112 0.1102
256 0.0398 0.2534 0.5620 0.0646 0.0755 0.0046
257 0.0775 0.3086 0.3040 0.1786 0.1034 0.0280
258 0.1032 0.3032 0.3547 0.1151 0.0869 0.0368
259 0.1626 0.1976 0.3037 0.2153 0.0366 0.0844
260 0.0463 0.0595 0.2352 0.4260 0.0085 0.2245
261 0.0681 0.1409 0.3889 0.1986 0.0127 0.1910
262 0.0927 0.0459 0.0369 0.8130 0.0027 0.0090
263 0.0167 0.0383 0.6675 0.1943 0.0181 0.0651
264 0.0523 0.2273 0.2102 0.3464 0.1274 0.0362
265 0.1488 0.2050 0.1926 0.3831 0.0137 0.0569
266 0.0507 0.2764 0.5410 0.1009 0.0056 0.0255
267 0.1962 0.0500 0.1459 0.5420 0.0217 0.0445
268 0.0223 0.0300 0.0518 0.0174 0.8765 0.0019
269 0.0300 0.3125 0.0697 0.0436 0.5400 0.0044
270 0.0126 0.3025 0.0713 0.1184 0.4832 0.0122
271 0.1873 0.1101 0.1553 0.4221 0.0781 0.0473
272 0.1648 0.3127 0.1187 0.3657 0.0166 0.0216
273 0.1533 0.3120 0.2079 0.1632 0.1556 0.0080
274 0.0986 0.1992 0.0905 0.3721 0.2222 0.0174
275 0.0953 0.1205 0.2512 0.4917 0.0201 0.0213
276 0.0146 0.3813 0.2350 0.2106 0.1448 0.0137
277 0.0260 0.4575 0.3677 0.0959 0.0432 0.0099
278 0.0800 0.1259 0.2108 0.3643 0.1495 0.0695
279 0.0323 0.0662 0.3110 0.5288 0.0215 0.0402
280 0.1274 0.3254 0.1943 0.2052 0.0437 0.1040
281 0.1578 0.4094 0.1146 0.2389 0.0328 0.0463
282 0.1437 0.2333 0.0769 0.4712 0.0521 0.0227
283 0.0950 0.2666 0.4258 0.1120 0.0048 0.0958
284 0.0613 0.0812 0.1259 0.2426 0.0358 0.4531
285 0.4109 0.1809 0.1055 0.0969 0.0436 0.1622
286 0.0942 0.0474 0.1288 0.6543 0.0341 0.0412
287 0.4570 0.0623 0.0907 0.2817 0.0929 0.0153
288 0.5908 0.0378 0.0740 0.2749 0.0205 0.0018
289 0.4998 0.0382 0.1225 0.3228 0.0154 0.0013
290 0.2277 0.0087 0.1719 0.5811 0.0079 0.0027
291 0.1754 0.0869 0.0720 0.3127 0.0544 0.2986
