time exciting_prob fearful_prob tense_prob sad_prob relaxing_prob neutral_prob
0 0.1136 0.1553 0.1349 0.1288 0.0181 0.4492
1 0.1094 0.2585 0.4329 0.1520 0.0165 0.0306
2 0.1077 0.1362 0.2317 0.3267 0.0966 0.1012
3 0.0739 0.0919 0.3110 0.3525 0.0508 0.1199
4 0.0788 0.1060 0.4463 0.2544 0.0493 0.0653
5 0.1062 0.0777 0.1364 0.5225 0.0605 0.0967
6 0.1122 0.1105 0.1711 0.4724 0.0887 0.0450
7 0.1065 0.1959 0.2517 0.1959 0.2327 0.0173
8 0.1032 0.0454 0.1598 0.3330 0.3438 0.0149
9 0.0519 0.0305 0.0927 0.0627 0.7515 0.0106
10 0.0566 0.0374 0.0688 0.0805 0.7520 0.0044
11 0.1108 0.0575 0.1074 0.1400 0.5625 0.0217
12 0.1050 0.1553 0.6641 0.0567 0.0126 0.0064
13 0.0667 0.1886 0.5127 0.1744 0.0389 0.0185
14 0.1300 0.1749 0.4331 0.2111 0.0409 0.0101
15 0.0998 0.1440 0.6064 0.1079 0.0316 0.0101
16 0.1039 0.2379 0.3984 0.1882 0.0611 0.0105
17 0.0765 0.3245 0.3245 0.1281 0.1396 0.0067
18 0.0992 0.1514 0.1974 0.1367 0.4114 0.0038
19 0.1467 0.2439 0.2988 0.2152 0.0919 0.0035
20 0.1109 0.2241 0.3110 0.1018 0.2500 0.0022
21 0.0675 0.1166 0.2629 0.4473 0.0645 0.0413
22 0.0599 0.1934 0.3669 0.2949 0.0806 0.0043
23 0.0202 0.0395 0.3306 0.5713 0.0110 0.0276
24 0.0585 0.2881 0.5137 0.0996 0.0266 0.0135
25 0.0837 0.1886 0.3467 0.3523 0.0180 0.0108
26 0.0620 0.2433 0.3828 0.2756 0.0219 0.0145
27 0.1058 0.1799 0.3110 0.0289 0.2240 0.1504
28 0.1769 0.1688 0.3687 0.2495 0.0139 0.0221
29 0.0588 0.2308 0.3630 0.0451 0.2874 0.0149
30 0.1277 0.2294 0.4561 0.0445 0.1381 0.0043
31 0.0919 0.2539 0.3994 0.0246 0.2137 0.0165
32 0.0649 0.1428 0.2212 0.1095 0.4399 0.0216
33 0.0323 0.1306 0.2898 0.0411 0.3962 0.1100
34 0.1335 0.2573 0.2020 0.0495 0.3491 0.0083
35 0.1838 0.0676 0.2435 0.1151 0.3489 0.0410
36 0.0436 0.0450 0.0753 0.5479 0.0560 0.2321
37 0.0492 0.1025 0.3362 0.0824 0.1638 0.2659
38 0.0334 0.2886 0.1202 0.1892 0.0801 0.2886
39 0.2404 0.2294 0.2072 0.2189 0.0898 0.0144
40 0.1001 0.2102 0.4888 0.0911 0.0593 0.0503
41 0.0777 0.2450 0.5269 0.0337 0.0916 0.0252
42 0.0388 0.1781 0.3711 0.0671 0.1366 0.2083
43 0.0538 0.1792 0.0634 0.0221 0.6655 0.0159
44 0.0619 0.0833 0.6650 0.1174 0.0095 0.0629
45 0.1368 0.4558 0.2598 0.0602 0.0330 0.0544
46 0.1013 0.2820 0.1406 0.1184 0.0204 0.3374
47 0.0646 0.3496 0.1799 0.1886 0.0165 0.2008
48 0.2437 0.3774 0.2036 0.0143 0.1116 0.0495
49 0.2386 0.3784 0.2190 0.0114 0.0972 0.0554
50 0.2321 0.3679 0.2267 0.0157 0.0498 0.1079
51 0.3147 0.3298 0.1908 0.0223 0.1354 0.0072
52 0.2474 0.4048 0.1355 0.0480 0.1023 0.0621
53 0.3247 0.3511 0.1697 0.0771 0.0457 0.0319
54 0.4265 0.2732 0.1938 0.0279 0.0659 0.0124
55 0.0751 0.3904 0.4783 0.0172 0.0236 0.0154
56 0.4299 0.1271 0.2549 0.0840 0.0345 0.0696
57 0.4551 0.1548 0.3008 0.0259 0.0461 0.0175
58 0.3828 0.0450 0.2050 0.1753 0.0337 0.1583
59 0.4072 0.1765 0.1849 0.0887 0.0629 0.0796
60 0.2859 0.1616 0.3240 0.0806 0.0435 0.1044
61 0.4075 0.0615 0.3379 0.1158 0.0322 0.0450
62 0.6299 0.0741 0.1643 0.0701 0.0529 0.0084
63 0.1888 0.2191 0.1288 0.1136 0.3188 0.0308
64 0.1643 0.0951 0.3533 0.2111 0.0501 0.1260
65 0.4644 0.0997 0.1709 0.1183 0.0517 0.0951
66 0.2219 0.0709 0.2400 0.3130 0.1265 0.0276
67 0.0334 0.2798 0.4009 0.1014 0.0065 0.1779
68 0.5654 0.1214 0.1954 0.0605 0.0345 0.0224
69 0.3384 0.2871 0.2849 0.0472 0.0273 0.0149
70 0.0462 0.4812 0.3809 0.0140 0.0617 0.0161
71 0.0246 0.0412 0.1102 0.7300 0.0254 0.0690
72 0.1281 0.6709 0.1184 0.0517 0.0246 0.0062
73 0.0875 0.3303 0.2004 0.1187 0.0640 0.1989
74 0.5249 0.0811 0.3259 0.0346 0.0303 0.0032
75 0.2573 0.2761 0.3833 0.0300 0.0480 0.0053
76 0.1164 0.2522 0.2058 0.1788 0.0851 0.1616
77 0.3059 0.0911 0.3308 0.1812 0.0677 0.0234
78 0.3325 0.2147 0.1396 0.1895 0.0703 0.0534
79 0.0804 0.0363 0.2291 0.0792 0.0081 0.5669
80 0.2067 0.1254 0.2035 0.1536 0.0330 0.2781
81 0.3491 0.1812 0.3279 0.0911 0.0296 0.0213
82 0.2803 0.2035 0.1537 0.1700 0.1572 0.0351
83 0.3015 0.3472 0.3064 0.0185 0.0220 0.0045
84 0.3223 0.1140 0.4075 0.1312 0.0155 0.0096
85 0.4866 0.1694 0.2666 0.0321 0.0352 0.0102
86 0.5654 0.0931 0.1672 0.0953 0.0356 0.0433
87 0.3818 0.2076 0.3477 0.0169 0.0341 0.0119
88 0.6455 0.1475 0.1332 0.0099 0.0629 0.0012
89 0.1490 0.4927 0.1285 0.1676 0.0271 0.0351
90 0.0971 0.3337 0.3037 0.0622 0.1901 0.0132
91 0.1277 0.4932 0.2422 0.0089 0.1190 0.0092
92 0.1586 0.1265 0.3357 0.0356 0.3203 0.0234
93 0.1182 0.1415 0.1693 0.0344 0.5093 0.0274
94 0.1279 0.2280 0.4644 0.1260 0.0439 0.0099
95 0.1179 0.1198 0.2457 0.0503 0.4348 0.0315
96 0.0773 0.1197 0.2456 0.0354 0.4624 0.0597
97 0.1322 0.1312 0.4041 0.0555 0.2693 0.0078
98 0.0635 0.0391 0.1571 0.0968 0.6411 0.0023
99 0.1353 0.1750 0.5107 0.0975 0.0795 0.0021
100 0.1041 0.0978 0.1469 0.0598 0.5898 0.0018
101 0.0804 0.1099 0.2849 0.1729 0.3491 0.0027
102 0.1240 0.1694 0.6006 0.0238 0.0701 0.0118
103 0.0801 0.1052 0.4570 0.0619 0.2646 0.0311
104 0.0916 0.3196 0.3916 0.0670 0.1176 0.0129
105 0.1770 0.1422 0.4180 0.1587 0.0918 0.0124
106 0.1512 0.1622 0.5117 0.0737 0.0903 0.0107
107 0.0990 0.1510 0.6016 0.0967 0.0400 0.0116
108 0.1197 0.0597 0.4587 0.3303 0.0220 0.0094
109 0.1372 0.1036 0.6494 0.0460 0.0250 0.0390
110 0.0747 0.0286 0.1908 0.5435 0.0486 0.1139
111 0.1476 0.1647 0.5977 0.0291 0.0494 0.0116
112 0.1455 0.1225 0.5664 0.0749 0.0407 0.0499
113 0.3132 0.2136 0.3992 0.0408 0.0257 0.0077
114 0.1116 0.1335 0.3057 0.3987 0.0265 0.0243
115 0.2076 0.1362 0.5781 0.0509 0.0252 0.0022
116 0.2424 0.1888 0.4709 0.0711 0.0236 0.0030
117 0.0566 0.1218 0.6792 0.0694 0.0225 0.0504
118 0.0833 0.0680 0.6250 0.0638 0.0135 0.1462
119 0.1191 0.0418 0.0256 0.0935 0.6963 0.0235
120 0.1692 0.1339 0.4937 0.1257 0.0355 0.0421
121 0.1466 0.4658 0.1769 0.1443 0.0275 0.0388
122 0.1959 0.3206 0.3179 0.1057 0.0561 0.0038
123 0.2437 0.2235 0.3772 0.0969 0.0507 0.0080
124 0.2522 0.1146 0.4126 0.1460 0.0585 0.0163
125 0.1057 0.0626 0.4485 0.3130 0.0249 0.0454
126 0.2189 0.1978 0.4219 0.0949 0.0637 0.0028
127 0.2070 0.3013 0.0398 0.0804 0.3691 0.0023
128 0.1591 0.1182 0.3757 0.2749 0.0638 0.0082
129 0.0530 0.1123 0.4441 0.3625 0.0148 0.0133
130 0.1719 0.2620 0.3445 0.0806 0.1370 0.0041
131 0.1649 0.2380 0.3464 0.1501 0.0925 0.0080
132 0.2334 0.1309 0.4827 0.0180 0.1278 0.0073
133 0.1461 0.2429 0.4099 0.0581 0.1202 0.0226
134 0.1924 0.1908 0.4009 0.0403 0.1724 0.0032
135 0.1860 0.3816 0.3240 0.0347 0.0563 0.0174
136 0.0173 0.0096 0.0062 0.0044 0.9619 0.0007
137 0.0449 0.0321 0.0186 0.0814 0.8218 0.0014
138 0.1104 0.0847 0.2411 0.4648 0.0231 0.0759
139 0.0710 0.0562 0.1599 0.5762 0.0335 0.1033
140 0.1089 0.0602 0.3745 0.2343 0.1610 0.0611
141 0.0925 0.2761 0.3228 0.1675 0.0150 0.1263
142 0.0565 0.4880 0.3101 0.0766 0.0440 0.0249
143 0.1179 0.2637 0.3604 0.0682 0.1770 0.0129
144 0.0594 0.3870 0.2832 0.0532 0.1296 0.0877
145 0.0669 0.0490 0.0285 0.0246 0.8086 0.0224
146 0.0598 0.0856 0.0323 0.0401 0.7749 0.0071
147 0.0499 0.2100 0.4880 0.0731 0.0300 0.1489
148 0.1224 0.2166 0.4307 0.0803 0.0362 0.1141
149 0.0903 0.0903 0.2234 0.2737 0.1971 0.1252
150 0.0609 0.2446 0.3191 0.1708 0.0695 0.1351
151 0.0673 0.1639 0.1843 0.0074 0.5547 0.0222
152 0.0566 0.1218 0.3110 0.3752 0.0540 0.0812
153 0.0581 0.5142 0.2585 0.0161 0.1473 0.0057
154 0.1855 0.0411 0.1357 0.4888 0.0836 0.0651
155 0.1371 0.3186 0.2090 0.1200 0.1774 0.0381
156 0.0573 0.1006 0.3459 0.3406 0.0681 0.0875
157 0.0580 0.2966 0.2384 0.1588 0.2205 0.0276
158 0.0180 0.3340 0.2561 0.0858 0.2769 0.0292
159 0.0591 0.1311 0.4504 0.2230 0.0258 0.1104
160 0.0296 0.4084 0.3386 0.0448 0.1390 0.0395
161 0.3030 0.2269 0.2473 0.0574 0.1366 0.0289
162 0.0444 0.0970 0.1871 0.5249 0.0296 0.1171
163 0.0442 0.0384 0.1832 0.5474 0.1383 0.0486
164 0.1362 0.0478 0.2045 0.4004 0.0415 0.1696
165 0.1254 0.0348 0.1465 0.1141 0.5615 0.0175
166 0.2340 0.2130 0.3979 0.0861 0.0518 0.0171
167 0.1974 0.5322 0.2236 0.0317 0.0139 0.0011
168 0.1205 0.2551 0.5400 0.0522 0.0245 0.0074
169 0.2554 0.2051 0.3657 0.1388 0.0317 0.0034
170 0.3186 0.1307 0.4819 0.0289 0.0372 0.0026
171 0.2998 0.1427 0.5059 0.0192 0.0304 0.0017
172 0.1980 0.2352 0.5176 0.0176 0.0292 0.0022
173 0.2869 0.1824 0.4551 0.0454 0.0286 0.0016
174 0.2019 0.3328 0.4409 0.0107 0.0121 0.0014
175 0.1779 0.3003 0.4543 0.0543 0.0117 0.0016
176 0.2283 0.3320 0.3706 0.0350 0.0307 0.0034
177 0.1765 0.4233 0.3679 0.0159 0.0155 0.0009
178 0.3865 0.1274 0.3718 0.0849 0.0232 0.0061
179 0.0599 0.3367 0.5132 0.0632 0.0215 0.0054
180 0.2969 0.1267 0.3694 0.1436 0.0374 0.0259
181 0.2030 0.0425 0.3096 0.2487 0.1907 0.0055
182 0.1957 0.1196 0.4919 0.1432 0.0417 0.0081
183 0.1610 0.4341 0.3462 0.0379 0.0175 0.0033
184 0.1517 0.0372 0.2969 0.4746 0.0323 0.0073
185 0.1840 0.4019 0.3896 0.0153 0.0086 0.0006
186 0.0575 0.1743 0.7002 0.0303 0.0289 0.0087
187 0.2029 0.2354 0.5098 0.0319 0.0172 0.0028
188 0.3840 0.1267 0.3840 0.0805 0.0204 0.0043
189 0.2998 0.3879 0.2839 0.0163 0.0105 0.0015
190 0.3611 0.4028 0.2090 0.0164 0.0080 0.0027
191 0.2178 0.1952 0.5308 0.0400 0.0111 0.0052
192 0.1608 0.1167 0.6357 0.0530 0.0159 0.0180
193 0.2146 0.2820 0.4507 0.0329 0.0153 0.0046
194 0.2527 0.2773 0.3975 0.0311 0.0393 0.0022
195 0.2485 0.3267 0.3701 0.0344 0.0184 0.0018
196 0.1740 0.1006 0.6460 0.0416 0.0295 0.0082
197 0.0555 0.1877 0.6655 0.0248 0.0457 0.0206
198 0.1359 0.2944 0.3721 0.1527 0.0274 0.0175
199 0.1459 0.1482 0.1774 0.0485 0.4600 0.0201
200 0.0964 0.1589 0.2024 0.0905 0.4421 0.0096
201 0.1133 0.3953 0.3713 0.0315 0.0370 0.0515
202 0.1558 0.0873 0.2690 0.3853 0.0406 0.0619
203 0.1608 0.2452 0.1766 0.0518 0.2981 0.0676
204 0.0913 0.2727 0.4937 0.1248 0.0128 0.0048
205 0.0839 0.2484 0.5098 0.1351 0.0121 0.0107
206 0.0280 0.6631 0.2556 0.0193 0.0208 0.0129
207 0.1442 0.2651 0.1880 0.0286 0.3652 0.0087
208 0.0370 0.7256 0.1569 0.0482 0.0208 0.0115
209 0.0722 0.3782 0.2539 0.0242 0.2385 0.0328
210 0.0596 0.2319 0.5146 0.1594 0.0054 0.0290
211 0.4509 0.2001 0.1672 0.1464 0.0135 0.0218
212 0.0562 0.3262 0.2969 0.0541 0.2542 0.0125
213 0.1276 0.1017 0.0948 0.1010 0.5498 0.0251
214 0.2556 0.0473 0.4927 0.0925 0.0897 0.0223
215 0.0919 0.2876 0.4319 0.1296 0.0452 0.0139
216 0.1373 0.4365 0.2954 0.0847 0.0400 0.0061
217 0.1886 0.0948 0.4185 0.1412 0.1153 0.0417
218 0.2478 0.3550 0.1189 0.2402 0.0197 0.0182
219 0.3530 0.3701 0.1519 0.1003 0.0152 0.0096
220 0.1310 0.3218 0.3069 0.1967 0.0158 0.0279
221 0.0443 0.0624 0.0998 0.6606 0.0314 0.1013
222 0.1820 0.0735 0.3735 0.2450 0.0620 0.0639
223 0.0742 0.0815 0.2588 0.5068 0.0151 0.0635
224 0.3521 0.1945 0.1855 0.1855 0.0536 0.0289
225 0.3066 0.2350 0.2881 0.1068 0.0311 0.0326
226 0.1556 0.2607 0.1271 0.3000 0.0356 0.1212
227 0.1771 0.2832 0.1083 0.3159 0.0298 0.0857
228 0.0784 0.2130 0.3198 0.1292 0.2529 0.0067
229 0.1421 0.1714 0.1274 0.3303 0.1561 0.0726
230 0.1075 0.1947 0.1918 0.3472 0.0920 0.0668
231 0.0945 0.0670 0.1442 0.5527 0.0902 0.0514
232 0.0393 0.0405 0.1309 0.7412 0.0229 0.0250
233 0.1404 0.0652 0.0684 0.4126 0.2042 0.1093
234 0.1010 0.0695 0.0775 0.1918 0.4458 0.1145
235 0.0706 0.2524 0.3291 0.1790 0.1155 0.0533
236 0.0615 0.2673 0.1365 0.2216 0.2251 0.0881
237 0.0638 0.3701 0.2465 0.2043 0.0928 0.0226
238 0.1654 0.1505 0.2388 0.2522 0.1019 0.0913
239 0.0657 0.4524 0.2788 0.0148 0.1638 0.0246
240 0.1115 0.2761 0.2983 0.2474 0.0602 0.0064
241 0.2915 0.0731 0.1796 0.3684 0.0569 0.0302
242 0.2700 0.1256 0.2876 0.1976 0.0780 0.0411
243 0.1310 0.0833 0.0872 0.3140 0.0341 0.3503
244 0.1310 0.0833 0.0872 0.3140 0.0341 0.3503
245 0.1136 0.1553 0.1349 0.1288 0.0181 0.4492
246 0.1676 0.4629 0.0876 0.1411 0.0616 0.0792
247 0.2698 0.4734 0.0804 0.0755 0.0773 0.0238
248 0.3884 0.4070 0.0707 0.0494 0.0741 0.0105
249 0.3953 0.3953 0.0748 0.0503 0.0714 0.0130
250 0.3953 0.3953 0.0743 0.0503 0.0720 0.0128
251 0.3462 0.4307 0.0743 0.0578 0.0778 0.0132
252 0.1912 0.4958 0.0875 0.1023 0.0692 0.0539
253 0.2039 0.4453 0.0786 0.1469 0.0504 0.0750
254 0.4219 0.2443 0.0831 0.1370 0.0070 0.1067
255 0.4219 0.2443 0.0831 0.1370 0.0070 0.1067
256 0.4219 0.2443 0.0831 0.1370 0.0070 0.1067
257 0.4219 0.2443 0.0831 0.1370 0.0070 0.1067
258 0.4219 0.2443 0.0831 0.1370 0.0070 0.1067
259 0.4219 0.2443 0.0831 0.1370 0.0070 0.1067
260 0.4219 0.2443 0.0831 0.1370 0.0070 0.1067
261 0.4219 0.2443 0.0831 0.1370 0.0070 0.1067
262 0.4219 0.2443 0.0831 0.1370 0.0070 0.1067
263 0.4219 0.2443 0.0831 0.1370 0.0070 0.1067
264 0.4219 0.2443 0.0831 0.1370 0.0070 0.1067
265 0.4219 0.2443 0.0831 0.1370 0.0070 0.1067
266 0.4219 0.2443 0.0831 0.1370 0.0070 0.1067
267 0.4219 0.2443 0.0831 0.1370 0.0070 0.1067
268 0.4219 0.2443 0.0831 0.1370 0.0070 0.1067
