time exciting_prob fearful_prob tense_prob sad_prob relaxing_prob neutral_prob
0 0.1136 0.1553 0.1349 0.1288 0.0181 0.4492
1 0.1320 0.1012 0.0679 0.5430 0.0066 0.1495
2 0.1420 0.1124 0.0731 0.5073 0.0079 0.1572
3 0.1078 0.1569 0.0880 0.4197 0.0032 0.2246
4 0.1125 0.2421 0.1379 0.3206 0.0041 0.1827
5 0.0900 0.2227 0.0928 0.4226 0.0037 0.1681
6 0.0797 0.2307 0.0992 0.3987 0.0033 0.1884
7 0.0862 0.3203 0.0918 0.4114 0.0042 0.0862
8 0.0451 0.1410 0.5488 0.2020 0.0068 0.0561
9 0.0504 0.2664 0.1182 0.5469 0.0016 0.0166
10 0.0437 0.2554 0.1284 0.5488 0.0018 0.0220
11 0.0232 0.1293 0.3860 0.3740 0.0014 0.0861
12 0.0107 0.1285 0.3083 0.5005 0.0029 0.0488
13 0.0518 0.0815 0.2981 0.4077 0.0061 0.1547
14 0.0340 0.2134 0.2871 0.3630 0.0087 0.0939
15 0.0210 0.2678 0.6226 0.0646 0.0003 0.0234
16 0.0659 0.1764 0.2318 0.3425 0.0189 0.1644
17 0.0715 0.1337 0.4521 0.2102 0.0089 0.1236
18 0.1165 0.1803 0.2927 0.3069 0.0072 0.0966
19 0.0823 0.1057 0.3604 0.3777 0.0210 0.0527
20 0.0797 0.0535 0.1304 0.6270 0.0021 0.1072
21 0.0155 0.2040 0.2620 0.5127 0.0014 0.0042
22 0.0286 0.2080 0.5747 0.0708 0.0014 0.1167
23 0.0627 0.1787 0.2900 0.3611 0.0087 0.0987
24 0.0196 0.1360 0.5293 0.2241 0.0073 0.0837
25 0.0099 0.0930 0.3621 0.3677 0.0066 0.1606
26 0.0179 0.2495 0.6372 0.0743 0.0006 0.0205
27 0.0254 0.1505 0.4092 0.1653 0.0014 0.2482
28 0.0124 0.2781 0.5195 0.1536 0.0019 0.0345
29 0.0208 0.3413 0.5288 0.0830 0.0008 0.0255
30 0.0106 0.3394 0.4785 0.1437 0.0006 0.0272
31 0.0680 0.2062 0.5264 0.1581 0.0005 0.0406
32 0.0037 0.2262 0.7300 0.0212 0.0005 0.0181
33 0.0816 0.0875 0.2654 0.5449 0.0038 0.0168
34 0.0279 0.0446 0.2957 0.4873 0.0027 0.1418
35 0.0468 0.1741 0.4807 0.2695 0.0056 0.0232
36 0.0279 0.2686 0.5596 0.1137 0.0011 0.0292
37 0.0272 0.1172 0.4089 0.2993 0.0016 0.1459
38 0.0248 0.0821 0.8291 0.0506 0.0003 0.0131
39 0.0588 0.1974 0.5625 0.1538 0.0033 0.0243
40 0.0125 0.1752 0.6714 0.1131 0.0019 0.0258
41 0.0450 0.0765 0.3884 0.2932 0.0047 0.1923
42 0.0426 0.0938 0.5566 0.2800 0.0054 0.0216
43 0.0360 0.1541 0.4253 0.2207 0.0023 0.1615
44 0.2103 0.0190 0.2830 0.1813 0.0188 0.2876
45 0.0849 0.2135 0.6226 0.0704 0.0029 0.0058
46 0.0231 0.0294 0.7461 0.1237 0.0028 0.0750
47 0.0269 0.2551 0.4275 0.2397 0.0012 0.0495
48 0.0324 0.1497 0.4539 0.3218 0.0175 0.0246
49 0.0351 0.1304 0.5078 0.2803 0.0007 0.0458
50 0.0348 0.0611 0.4961 0.3357 0.0041 0.0682
51 0.0276 0.1091 0.6895 0.1562 0.0005 0.0171
52 0.2086 0.0726 0.4851 0.1368 0.0259 0.0710
53 0.0851 0.1746 0.3015 0.4253 0.0039 0.0095
54 0.0494 0.1534 0.5522 0.1940 0.0029 0.0479
55 0.0372 0.3215 0.5303 0.0586 0.0019 0.0505
56 0.0536 0.0562 0.5410 0.1785 0.0031 0.1676
57 0.0472 0.1097 0.6216 0.1956 0.0007 0.0251
58 0.0701 0.0951 0.5732 0.1240 0.0053 0.1320
59 0.0830 0.0417 0.3899 0.4023 0.0231 0.0598
60 0.0192 0.0365 0.6465 0.2133 0.0036 0.0809
61 0.0903 0.1302 0.4585 0.1699 0.0324 0.1187
62 0.0095 0.1526 0.3718 0.4214 0.0023 0.0424
63 0.0454 0.0444 0.6885 0.1584 0.0011 0.0621
64 0.0947 0.0414 0.6367 0.1215 0.0234 0.0822
65 0.0084 0.1332 0.7544 0.0887 0.0019 0.0134
66 0.0598 0.0647 0.5249 0.2810 0.0045 0.0647
67 0.0722 0.1068 0.5771 0.1505 0.0155 0.0781
68 0.1011 0.0409 0.3501 0.2426 0.0031 0.2622
69 0.0254 0.0364 0.3682 0.4653 0.0056 0.0991
70 0.0471 0.0385 0.3711 0.3325 0.0060 0.2048
71 0.1049 0.1246 0.2365 0.4778 0.0325 0.0238
72 0.0201 0.0951 0.5142 0.2466 0.0021 0.1221
73 0.0377 0.0640 0.8052 0.0715 0.0014 0.0205
74 0.0103 0.1306 0.5166 0.2854 0.0018 0.0553
75 0.0151 0.0472 0.3831 0.5234 0.0014 0.0295
76 0.0293 0.0903 0.7563 0.0661 0.0081 0.0499
77 0.0274 0.3872 0.2277 0.2581 0.0092 0.0906
78 0.0320 0.2539 0.3752 0.2744 0.0033 0.0612
79 0.0343 0.0401 0.1561 0.6890 0.0229 0.0575
80 0.0706 0.0776 0.3164 0.2793 0.0058 0.2502
81 0.0563 0.0250 0.2444 0.3557 0.0238 0.2949
82 0.0659 0.0605 0.1508 0.5688 0.0248 0.1290
83 0.0969 0.3601 0.2720 0.1525 0.0120 0.1064
84 0.1372 0.3022 0.1655 0.2585 0.0237 0.1129
85 0.1570 0.4136 0.1606 0.1893 0.0098 0.0696
86 0.1886 0.4780 0.1296 0.1256 0.0159 0.0622
87 0.1642 0.5342 0.1249 0.1289 0.0103 0.0375
88 0.1757 0.3494 0.2419 0.1265 0.0154 0.0911
89 0.1569 0.3794 0.1724 0.1724 0.0104 0.1087
90 0.1257 0.4355 0.2600 0.1163 0.0074 0.0549
91 0.1170 0.4451 0.2534 0.0792 0.0099 0.0955
92 0.1335 0.4019 0.2805 0.1245 0.0133 0.0462
93 0.1458 0.3933 0.3159 0.0647 0.0109 0.0694
94 0.1331 0.4131 0.2708 0.0845 0.0120 0.0865
95 0.0956 0.4058 0.3262 0.0825 0.0125 0.0775
96 0.1288 0.4292 0.2949 0.0787 0.0089 0.0594
97 0.1594 0.4648 0.1877 0.1078 0.0153 0.0649
98 0.1266 0.5049 0.2206 0.0831 0.0088 0.0562
99 0.1141 0.4995 0.2632 0.0748 0.0069 0.0413
100 0.0662 0.5249 0.2155 0.1528 0.0071 0.0333
101 0.1104 0.5742 0.1632 0.1053 0.0117 0.0353
102 0.1083 0.5371 0.1445 0.1564 0.0111 0.0424
103 0.0848 0.4343 0.1854 0.2218 0.0085 0.0651
104 0.0983 0.4543 0.2375 0.1510 0.0064 0.0526
105 0.0967 0.4136 0.1849 0.2430 0.0146 0.0471
106 0.0997 0.3882 0.2505 0.1967 0.0073 0.0577
107 0.0967 0.2864 0.1697 0.2649 0.0115 0.1710
108 0.1659 0.2129 0.2321 0.3223 0.0101 0.0569
109 0.1448 0.2705 0.1707 0.2542 0.0070 0.1530
110 0.1487 0.1442 0.1272 0.4951 0.0157 0.0692
111 0.1290 0.2411 0.2030 0.2300 0.0149 0.1820
112 0.1422 0.3230 0.2256 0.1637 0.0178 0.1276
113 0.1542 0.0995 0.3213 0.2581 0.0174 0.1494
114 0.2061 0.0201 0.0907 0.3142 0.0240 0.3450
115 0.0495 0.1049 0.0480 0.6631 0.1265 0.0081
116 0.0295 0.0822 0.0724 0.7671 0.0453 0.0034
117 0.0358 0.1907 0.0724 0.6870 0.0114 0.0028
118 0.0448 0.0948 0.1009 0.6479 0.1025 0.0093
119 0.0384 0.3530 0.1146 0.4001 0.0554 0.0384
120 0.0438 0.2386 0.1093 0.4255 0.0892 0.0935
121 0.0551 0.2394 0.3706 0.1750 0.1241 0.0356
122 0.0611 0.2399 0.1206 0.3176 0.1284 0.1324
123 0.0398 0.3772 0.1957 0.3601 0.0218 0.0054
124 0.0188 0.2532 0.2571 0.4583 0.0075 0.0053
125 0.0641 0.4050 0.0661 0.2272 0.1913 0.0465
126 0.0718 0.4866 0.0493 0.2408 0.0989 0.0525
127 0.0356 0.4507 0.1440 0.2649 0.0916 0.0132
128 0.0246 0.2266 0.1271 0.5352 0.0376 0.0490
129 0.0615 0.2671 0.1621 0.4336 0.0413 0.0342
130 0.1056 0.0947 0.1215 0.1687 0.2825 0.2271
131 0.1708 0.1052 0.0752 0.1708 0.1875 0.2905
132 0.0203 0.5205 0.1664 0.2659 0.0051 0.0218
133 0.0207 0.3816 0.1919 0.3369 0.0065 0.0623
134 0.1077 0.2334 0.4226 0.2059 0.0146 0.0156
135 0.0475 0.1418 0.6455 0.1464 0.0027 0.0159
136 0.0164 0.1823 0.2822 0.4954 0.0012 0.0226
137 0.0329 0.3674 0.2300 0.2194 0.0042 0.1461
138 0.0311 0.2446 0.4033 0.2262 0.0034 0.0914
139 0.0119 0.1412 0.2722 0.5498 0.0006 0.0243
140 0.0112 0.1978 0.5210 0.2500 0.0012 0.0188
141 0.0494 0.2249 0.2588 0.4199 0.0309 0.0162
142 0.0346 0.1758 0.0750 0.6533 0.0562 0.0053
143 0.0714 0.1293 0.1823 0.4373 0.1140 0.0660
144 0.0128 0.1425 0.3262 0.4895 0.0184 0.0107
145 0.0258 0.1191 0.2261 0.5176 0.0283 0.0832
146 0.0525 0.0936 0.0342 0.7598 0.0551 0.0048
147 0.0754 0.1398 0.3457 0.3352 0.0457 0.0582
148 0.0837 0.1705 0.3313 0.2922 0.0871 0.0352
149 0.0508 0.2188 0.5498 0.1527 0.0117 0.0161
150 0.0323 0.1722 0.2544 0.4829 0.0022 0.0559
151 0.0877 0.0774 0.2969 0.4524 0.0070 0.0786
152 0.2009 0.0240 0.2539 0.4895 0.0043 0.0272
153 0.1722 0.0432 0.3218 0.4067 0.0027 0.0533
154 0.0116 0.3169 0.3071 0.3535 0.0022 0.0090
155 0.0439 0.1791 0.2195 0.4868 0.0069 0.0638
156 0.0261 0.1381 0.4121 0.3694 0.0021 0.0524
157 0.0205 0.1949 0.6699 0.1027 0.0016 0.0106
158 0.0252 0.3022 0.3535 0.3120 0.0020 0.0052
159 0.0287 0.1677 0.2365 0.5415 0.0020 0.0238
160 0.0364 0.1558 0.3049 0.4797 0.0012 0.0221
161 0.0259 0.0454 0.1688 0.7334 0.0011 0.0255
162 0.0344 0.2073 0.4058 0.3364 0.0023 0.0137
163 0.0283 0.4231 0.4795 0.0614 0.0026 0.0052
164 0.0109 0.4106 0.4653 0.1071 0.0006 0.0056
165 0.0369 0.2947 0.4639 0.1903 0.0007 0.0136
166 0.0357 0.3037 0.3840 0.2598 0.0030 0.0137
167 0.0058 0.2991 0.6040 0.0805 0.0029 0.0075
168 0.0611 0.3630 0.3518 0.1160 0.0074 0.1008
169 0.0996 0.0729 0.2544 0.5059 0.0132 0.0542
170 0.0542 0.1165 0.4465 0.3533 0.0017 0.0281
171 0.0391 0.3374 0.5562 0.0568 0.0009 0.0095
172 0.0299 0.0192 0.1694 0.4128 0.0044 0.3643
173 0.0358 0.1210 0.3967 0.3669 0.0013 0.0781
174 0.0414 0.0440 0.2051 0.4275 0.0061 0.2759
175 0.0705 0.1692 0.3638 0.1947 0.0073 0.1947
176 0.0338 0.0540 0.1854 0.6372 0.0089 0.0810
177 0.0558 0.2351 0.3115 0.3213 0.0101 0.0663
178 0.0222 0.1227 0.7290 0.1190 0.0014 0.0057
179 0.0604 0.4097 0.1351 0.3396 0.0364 0.0187
180 0.0121 0.0222 0.0936 0.6294 0.0036 0.2390
181 0.0181 0.4526 0.3638 0.1403 0.0012 0.0240
182 0.0359 0.0601 0.2822 0.5698 0.0126 0.0394
183 0.0302 0.1290 0.6348 0.1819 0.0038 0.0201
184 0.0873 0.1157 0.5024 0.2688 0.0091 0.0167
185 0.0671 0.1206 0.3252 0.4048 0.0043 0.0779
186 0.0317 0.0693 0.3203 0.1315 0.0026 0.4446
187 0.0148 0.3083 0.4280 0.2291 0.0025 0.0174
188 0.0458 0.1098 0.3894 0.4209 0.0031 0.0310
189 0.0273 0.1301 0.4910 0.3323 0.0053 0.0139
190 0.0554 0.2025 0.3611 0.3555 0.0139 0.0117
191 0.0690 0.0096 0.0058 0.9092 0.0052 0.0011
192 0.0439 0.0083 0.0048 0.9380 0.0045 0.0007
193 0.0426 0.0100 0.0036 0.9399 0.0032 0.0006
194 0.0297 0.0045 0.0034 0.9536 0.0074 0.0011
195 0.1558 0.1176 0.0211 0.6157 0.0827 0.0070
196 0.1133 0.1549 0.1367 0.1284 0.0181 0.4485
197 0.1136 0.1553 0.1349 0.1288 0.0181 0.4492
198 0.1136 0.1553 0.1349 0.1288 0.0181 0.4492
