time exciting_prob fearful_prob tense_prob sad_prob relaxing_prob neutral_prob
0 0.1136 0.1553 0.1349 0.1288 0.0181 0.4492
1 0.0202 0.4924 0.1367 0.3130 0.0020 0.0357
2 0.0780 0.0884 0.0926 0.3335 0.0238 0.3838
3 0.0774 0.6792 0.1527 0.0408 0.0481 0.0020
4 0.1108 0.2039 0.5898 0.0377 0.0205 0.0371
5 0.1517 0.3237 0.3784 0.0438 0.0927 0.0097
6 0.0252 0.0304 0.2213 0.6709 0.0176 0.0345
7 0.1136 0.1553 0.1349 0.1288 0.0181 0.4492
8 0.1133 0.1549 0.1367 0.1284 0.0181 0.4485
9 0.0618 0.5815 0.2856 0.0545 0.0124 0.0039
10 0.1309 0.1191 0.6440 0.0723 0.0060 0.0279
11 0.0236 0.3696 0.0995 0.4673 0.0023 0.0378
12 0.9189 0.0099 0.0335 0.0370 0.0007 0.0001
13 0.9062 0.0084 0.0548 0.0287 0.0015 0.0005
14 0.0747 0.2062 0.1877 0.3193 0.1907 0.0212
15 0.0771 0.0834 0.3799 0.4238 0.0070 0.0288
16 0.0545 0.1172 0.3845 0.3904 0.0082 0.0452
17 0.0800 0.2905 0.4863 0.1372 0.0031 0.0028
18 0.1219 0.3367 0.3640 0.1627 0.0074 0.0073
19 0.0631 0.2456 0.6177 0.0651 0.0015 0.0072
20 0.0413 0.0861 0.5356 0.3101 0.0037 0.0230
21 0.0731 0.1970 0.2959 0.3857 0.0332 0.0151
22 0.1136 0.1553 0.1349 0.1288 0.0181 0.4492
23 0.0815 0.4011 0.3125 0.1499 0.0271 0.0277
24 0.1118 0.1553 0.1349 0.1307 0.0181 0.4492
25 0.0515 0.0469 0.1715 0.7002 0.0084 0.0216
26 0.0515 0.6787 0.2136 0.0305 0.0223 0.0033
27 0.1726 0.2050 0.2673 0.2286 0.0273 0.0991
28 0.0472 0.3201 0.2612 0.3462 0.0067 0.0183
29 0.1162 0.2681 0.4353 0.1287 0.0205 0.0313
30 0.0369 0.5054 0.2350 0.1830 0.0126 0.0272
31 0.0706 0.6055 0.2859 0.0073 0.0256 0.0054
32 0.1024 0.7563 0.1142 0.0043 0.0210 0.0016
33 0.1177 0.7046 0.1234 0.0084 0.0443 0.0017
34 0.1718 0.5005 0.1718 0.0240 0.1025 0.0294
35 0.1449 0.5054 0.2075 0.0609 0.0658 0.0155
36 0.1154 0.7119 0.1436 0.0070 0.0166 0.0055
37 0.0532 0.7231 0.1931 0.0082 0.0138 0.0084
38 0.0564 0.4436 0.4436 0.0288 0.0024 0.0250
39 0.0478 0.2191 0.4160 0.2771 0.0252 0.0149
40 0.0211 0.0731 0.2251 0.6616 0.0118 0.0072
41 0.0453 0.3430 0.3430 0.2377 0.0159 0.0150
42 0.0892 0.6909 0.1831 0.0197 0.0108 0.0064
43 0.0562 0.6958 0.2241 0.0068 0.0136 0.0034
44 0.1274 0.4810 0.3081 0.0315 0.0322 0.0200
45 0.2625 0.0936 0.1299 0.4194 0.0493 0.0453
46 0.1372 0.2262 0.1904 0.2996 0.0628 0.0839
47 0.0565 0.0592 0.2474 0.4622 0.0379 0.1366
48 0.1160 0.0992 0.1466 0.5117 0.0388 0.0875
49 0.0470 0.2091 0.4324 0.2644 0.0244 0.0226
50 0.1581 0.5605 0.1998 0.0095 0.0701 0.0020
51 0.0881 0.5703 0.2825 0.0174 0.0367 0.0050
52 0.0866 0.1261 0.2886 0.4612 0.0053 0.0324
53 0.1357 0.3745 0.3521 0.0977 0.0145 0.0255
54 0.0966 0.4980 0.3672 0.0112 0.0105 0.0165
55 0.1818 0.5869 0.1592 0.0272 0.0406 0.0043
56 0.1819 0.5781 0.1982 0.0095 0.0295 0.0030
57 0.0909 0.7207 0.1713 0.0042 0.0115 0.0014
58 0.1665 0.3811 0.2578 0.1042 0.0352 0.0553
59 0.1310 0.1250 0.3589 0.3535 0.0233 0.0082
60 0.0964 0.6284 0.2385 0.0102 0.0137 0.0126
61 0.0936 0.6860 0.1578 0.0130 0.0336 0.0161
62 0.0603 0.7402 0.1718 0.0067 0.0182 0.0028
63 0.1105 0.2097 0.1821 0.4041 0.0724 0.0211
64 0.0574 0.6416 0.2083 0.0315 0.0597 0.0016
65 0.0715 0.7061 0.1870 0.0131 0.0173 0.0051
66 0.0844 0.7007 0.1915 0.0089 0.0092 0.0051
67 0.0201 0.1570 0.0895 0.6611 0.0403 0.0319
68 0.1267 0.5679 0.2073 0.0485 0.0357 0.0137
69 0.3887 0.3003 0.2214 0.0273 0.0587 0.0035
70 0.2161 0.3535 0.3047 0.0555 0.0555 0.0149
71 0.0520 0.5210 0.2876 0.1058 0.0087 0.0251
72 0.0590 0.6807 0.2245 0.0125 0.0210 0.0023
73 0.1833 0.3372 0.2585 0.1439 0.0240 0.0529
74 0.2311 0.2810 0.4250 0.0399 0.0175 0.0056
75 0.0961 0.2654 0.2737 0.3152 0.0063 0.0433
76 0.2034 0.2532 0.2166 0.3054 0.0052 0.0163
77 0.0181 0.1565 0.5293 0.1059 0.0040 0.1859
78 0.1121 0.1556 0.1351 0.1290 0.0179 0.4502
79 0.0776 0.6709 0.2212 0.0072 0.0189 0.0045
80 0.0622 0.4216 0.3389 0.1527 0.0043 0.0202
81 0.0849 0.5039 0.3154 0.0804 0.0068 0.0084
82 0.1242 0.2250 0.4009 0.2214 0.0062 0.0223
83 0.0297 0.4832 0.4399 0.0400 0.0031 0.0041
84 0.1431 0.6265 0.1866 0.0084 0.0329 0.0026
85 0.0902 0.6460 0.1620 0.0322 0.0479 0.0218
86 0.0704 0.2272 0.2134 0.4050 0.0075 0.0767
87 0.3225 0.3655 0.2306 0.0223 0.0385 0.0205
88 0.1477 0.1477 0.3079 0.3176 0.0451 0.0338
89 0.1453 0.3857 0.2529 0.1262 0.0479 0.0419
90 0.1587 0.5244 0.2346 0.0338 0.0392 0.0091
91 0.0354 0.1639 0.5127 0.2422 0.0062 0.0396
92 0.1245 0.5161 0.2573 0.0447 0.0440 0.0133
93 0.0265 0.1356 0.4380 0.3630 0.0061 0.0307
94 0.1009 0.6377 0.1813 0.0197 0.0536 0.0072
95 0.0757 0.6597 0.2280 0.0179 0.0106 0.0081
96 0.0734 0.5771 0.1692 0.0934 0.0252 0.0618
97 0.0547 0.1987 0.4341 0.2781 0.0251 0.0094
98 0.4192 0.3066 0.2227 0.0109 0.0378 0.0026
99 0.1422 0.4248 0.2363 0.0963 0.0305 0.0699
100 0.0182 0.8418 0.1311 0.0063 0.0021 0.0006
101 0.0771 0.1055 0.2452 0.4106 0.0258 0.1355
102 0.0631 0.7168 0.1625 0.0182 0.0245 0.0148
103 0.1272 0.6768 0.1252 0.0139 0.0506 0.0063
104 0.0798 0.5811 0.2876 0.0259 0.0155 0.0102
105 0.0773 0.1197 0.1072 0.2494 0.0221 0.4243
106 0.0920 0.1747 0.1404 0.1542 0.0199 0.4189
107 0.2158 0.3291 0.0712 0.0467 0.3188 0.0186
108 0.0699 0.6587 0.1691 0.0608 0.0357 0.0060
109 0.1196 0.6880 0.0917 0.0288 0.0635 0.0085
110 0.0421 0.0683 0.2874 0.5205 0.0019 0.0798
111 0.0565 0.6836 0.2272 0.0188 0.0090 0.0051
112 0.1136 0.1553 0.1349 0.1288 0.0181 0.4492
113 0.0313 0.2839 0.6299 0.0390 0.0106 0.0054
114 0.0838 0.6646 0.1995 0.0101 0.0360 0.0063
115 0.0998 0.2842 0.4009 0.1213 0.0873 0.0065
116 0.0629 0.5474 0.2627 0.0981 0.0264 0.0023
117 0.1136 0.1760 0.1404 0.5015 0.0233 0.0452
118 0.0092 0.0401 0.1316 0.7812 0.0083 0.0294
119 0.0183 0.1635 0.2532 0.4241 0.0012 0.1398
120 0.0338 0.0912 0.1349 0.1978 0.0047 0.5376
121 0.0157 0.0525 0.1128 0.1831 0.0067 0.6294
122 0.0121 0.0553 0.2363 0.3281 0.0023 0.3660
123 0.2598 0.0843 0.3083 0.2186 0.0688 0.0602
124 0.0549 0.1246 0.2766 0.4854 0.0438 0.0149
125 0.0269 0.1031 0.3381 0.1624 0.0036 0.3657
126 0.1471 0.2058 0.3557 0.2244 0.0274 0.0396
127 0.0718 0.2979 0.2798 0.1779 0.0777 0.0952
128 0.1626 0.0956 0.1190 0.3286 0.0424 0.2520
129 0.3052 0.1243 0.1698 0.2001 0.0610 0.1396
130 0.0543 0.0778 0.2551 0.4478 0.0479 0.1168
131 0.0834 0.0795 0.2063 0.5610 0.0126 0.0573
132 0.0169 0.0517 0.1544 0.7139 0.0135 0.0493
133 0.0259 0.0540 0.3108 0.1539 0.0030 0.4524
134 0.1064 0.5532 0.2341 0.0790 0.0257 0.0017
135 0.0661 0.0631 0.1040 0.6890 0.0108 0.0671
136 0.0135 0.0305 0.0816 0.5322 0.0040 0.3381
137 0.0653 0.5776 0.2389 0.0832 0.0304 0.0046
138 0.0154 0.3323 0.3428 0.1864 0.0011 0.1222
139 0.0968 0.1523 0.3542 0.3379 0.0181 0.0407
140 0.1382 0.2261 0.4939 0.0819 0.0449 0.0150
141 0.0390 0.5220 0.0449 0.3818 0.0049 0.0077
142 0.0159 0.3298 0.5352 0.0967 0.0024 0.0200
143 0.0161 0.3694 0.5547 0.0434 0.0021 0.0144
144 0.0256 0.0474 0.1566 0.4976 0.0107 0.2622
145 0.0205 0.6323 0.2362 0.0829 0.0179 0.0104
146 0.0173 0.2034 0.5034 0.2340 0.0014 0.0407
147 0.0451 0.5161 0.2290 0.1537 0.0149 0.0414
148 0.0263 0.2517 0.4417 0.1959 0.0145 0.0699
149 0.0267 0.4270 0.4011 0.1186 0.0025 0.0241
150 0.3682 0.2610 0.2415 0.0260 0.0596 0.0436
151 0.1587 0.2874 0.1152 0.2659 0.0039 0.1689
152 0.0282 0.1925 0.1499 0.5747 0.0067 0.0479
153 0.0151 0.0995 0.2834 0.5815 0.0049 0.0151
154 0.0608 0.5728 0.1615 0.0449 0.1577 0.0025
155 0.0818 0.2155 0.5288 0.0667 0.0114 0.0956
156 0.0263 0.6846 0.2681 0.0078 0.0129 0.0006
157 0.0439 0.2096 0.4104 0.2734 0.0080 0.0547
158 0.0450 0.2230 0.5024 0.1558 0.0219 0.0518
159 0.4392 0.1172 0.2314 0.1482 0.0554 0.0086
160 0.3193 0.1321 0.2229 0.1833 0.1321 0.0105
161 0.2878 0.2539 0.2106 0.1425 0.0194 0.0858
162 0.0552 0.1500 0.6514 0.0606 0.0343 0.0483
163 0.1676 0.2852 0.1550 0.1885 0.0152 0.1885
164 0.4827 0.2927 0.1201 0.0252 0.0228 0.0567
165 0.3516 0.2379 0.1159 0.1466 0.0312 0.1168
166 0.0820 0.1737 0.1737 0.1521 0.0082 0.4102
167 0.0908 0.1879 0.1879 0.1953 0.0085 0.3296
168 0.0904 0.5410 0.1663 0.1663 0.0188 0.0171
169 0.0645 0.4336 0.3596 0.1252 0.0028 0.0144
170 0.2026 0.2563 0.1191 0.2227 0.0326 0.1667
171 0.1190 0.3389 0.3235 0.0705 0.0184 0.1296
172 0.0745 0.1760 0.1654 0.2406 0.0296 0.3137
173 0.2673 0.1080 0.1376 0.3052 0.1686 0.0133
174 0.0515 0.0761 0.2085 0.2761 0.0276 0.3601
175 0.1135 0.2170 0.1161 0.3311 0.0120 0.2103
176 0.1316 0.2291 0.5122 0.0651 0.0540 0.0076
177 0.1503 0.3440 0.1885 0.1066 0.0054 0.2053
178 0.2107 0.0793 0.3906 0.1844 0.0878 0.0470
179 0.0212 0.0839 0.2466 0.2390 0.0027 0.4065
180 0.0906 0.1257 0.3813 0.1641 0.0070 0.2313
181 0.1409 0.4207 0.1837 0.2050 0.0247 0.0251
182 0.0201 0.1836 0.1725 0.5928 0.0037 0.0275
183 0.1715 0.2020 0.3035 0.1305 0.1057 0.0869
184 0.0693 0.2437 0.2019 0.1151 0.0320 0.3381
185 0.0871 0.2620 0.2661 0.2009 0.0148 0.1692
186 0.0223 0.0232 0.1316 0.3208 0.0052 0.4968
187 0.1158 0.1105 0.0983 0.2590 0.0569 0.3596
188 0.0322 0.0854 0.1344 0.2844 0.0017 0.4619
189 0.1364 0.1556 0.2627 0.3621 0.0564 0.0268
190 0.1346 0.3059 0.2069 0.1478 0.0057 0.1990
191 0.1816 0.2793 0.1934 0.2191 0.0393 0.0872
192 0.0836 0.0315 0.1715 0.4312 0.0085 0.2739
193 0.0587 0.0959 0.0944 0.1475 0.5830 0.0204
194 0.0104 0.0861 0.1971 0.6265 0.0317 0.0483
195 0.0555 0.2607 0.3511 0.2196 0.1088 0.0042
196 0.1854 0.4277 0.1598 0.0969 0.0141 0.1160
197 0.3103 0.1973 0.1797 0.2218 0.0351 0.0557
198 0.1023 0.1224 0.6992 0.0410 0.0332 0.0018
199 0.1136 0.1360 0.1719 0.1802 0.0140 0.3843
200 0.0814 0.0764 0.1532 0.2751 0.0198 0.3940
201 0.2861 0.2905 0.2177 0.1036 0.0256 0.0764
202 0.0617 0.1456 0.2037 0.1945 0.3633 0.0312
203 0.3110 0.0360 0.0837 0.5503 0.0126 0.0066
204 0.2050 0.2268 0.2114 0.2781 0.0510 0.0277
205 0.1406 0.2284 0.1620 0.2356 0.0138 0.2196
206 0.1205 0.2002 0.1956 0.1925 0.0131 0.2781
207 0.0277 0.0245 0.0789 0.6509 0.0070 0.2112
208 0.0352 0.2207 0.4321 0.2925 0.0080 0.0115
209 0.1921 0.1968 0.1606 0.1982 0.0092 0.2429
210 0.0293 0.1854 0.4380 0.1798 0.0062 0.1611
211 0.0948 0.1042 0.3015 0.2384 0.0603 0.2008
212 0.0543 0.0861 0.1752 0.6611 0.0183 0.0048
213 0.0714 0.0983 0.1880 0.2413 0.0332 0.3679
214 0.0393 0.0415 0.1201 0.2622 0.0155 0.5215
215 0.0804 0.2942 0.1785 0.4087 0.0119 0.0263
216 0.0845 0.1655 0.1920 0.2334 0.0104 0.3142
217 0.0464 0.1070 0.1104 0.3347 0.0040 0.3975
218 0.0716 0.1327 0.1306 0.2944 0.0046 0.3662
219 0.2247 0.1632 0.1486 0.1764 0.0324 0.2546
220 0.0442 0.0814 0.0880 0.3069 0.0041 0.4753
221 0.0502 0.1064 0.2551 0.3328 0.1031 0.1523
222 0.0609 0.2029 0.3674 0.2998 0.0475 0.0215
223 0.0871 0.1209 0.2090 0.4221 0.0057 0.1553
224 0.1682 0.1592 0.2045 0.2605 0.0581 0.1495
225 0.0937 0.2031 0.1375 0.1486 0.0070 0.4102
226 0.2805 0.3254 0.3130 0.0271 0.0354 0.0182
227 0.1086 0.3069 0.1721 0.2927 0.0209 0.0988
228 0.1049 0.3059 0.2291 0.1285 0.0092 0.2222
229 0.1306 0.2366 0.2598 0.2722 0.0129 0.0877
230 0.0486 0.1029 0.0827 0.1395 0.0056 0.6206
231 0.2279 0.3613 0.2445 0.0728 0.0103 0.0832
232 0.0310 0.2717 0.1367 0.4412 0.0128 0.1064
233 0.0758 0.5649 0.2505 0.0542 0.0326 0.0221
234 0.0114 0.5254 0.4031 0.0554 0.0031 0.0015
235 0.0245 0.1343 0.1243 0.3274 0.0129 0.3767
236 0.4668 0.1469 0.1118 0.1074 0.0492 0.1180
237 0.0421 0.7119 0.0877 0.1425 0.0099 0.0059
238 0.0483 0.4373 0.0601 0.4304 0.0133 0.0104
239 0.0318 0.0489 0.1437 0.5176 0.0098 0.2483
240 0.0635 0.2252 0.2937 0.3831 0.0105 0.0239
241 0.0375 0.1241 0.1184 0.4133 0.0044 0.3022
242 0.2886 0.1373 0.2030 0.2710 0.0135 0.0866
243 0.0653 0.1996 0.4497 0.1052 0.0341 0.1460
244 0.2397 0.3406 0.1215 0.1809 0.0100 0.1072
245 0.0333 0.1447 0.2139 0.5811 0.0043 0.0227
246 0.1498 0.2488 0.2776 0.2230 0.0092 0.0916
247 0.0048 0.0618 0.2900 0.3340 0.0006 0.3088
248 0.0084 0.0595 0.2428 0.5825 0.0023 0.1044
249 0.0289 0.1947 0.1772 0.5723 0.0031 0.0236
250 0.2976 0.1696 0.3398 0.0701 0.1053 0.0176
251 0.1020 0.1761 0.1508 0.2485 0.0109 0.3118
252 0.0318 0.0774 0.2499 0.4526 0.0026 0.1857
253 0.0191 0.0704 0.1649 0.3333 0.0040 0.4082
254 0.5234 0.2433 0.1323 0.0400 0.0132 0.0479
255 0.0153 0.0565 0.2343 0.3862 0.0024 0.3054
256 0.0256 0.4724 0.3916 0.1022 0.0012 0.0070
257 0.0310 0.1987 0.4692 0.2847 0.0009 0.0154
258 0.4971 0.1627 0.0787 0.1154 0.0411 0.1050
259 0.1072 0.1254 0.1942 0.4309 0.0129 0.1294
260 0.0335 0.2988 0.6035 0.0495 0.0010 0.0136
261 0.0307 0.0847 0.6455 0.2267 0.0006 0.0116
262 0.0283 0.3120 0.5737 0.0753 0.0011 0.0097
263 0.0423 0.0778 0.1132 0.3030 0.0086 0.4548
264 0.0574 0.0472 0.3357 0.5366 0.0104 0.0128
265 0.0332 0.4104 0.1685 0.3403 0.0037 0.0439
266 0.0355 0.1919 0.3999 0.1011 0.0008 0.2708
267 0.0382 0.3682 0.1158 0.4370 0.0185 0.0223
268 0.1681 0.3701 0.1981 0.1155 0.0396 0.1085
269 0.0326 0.4500 0.2998 0.2092 0.0040 0.0046
270 0.0287 0.7236 0.1172 0.1200 0.0050 0.0053
271 0.0356 0.2249 0.1166 0.2629 0.0065 0.3538
272 0.0514 0.2434 0.2434 0.0692 0.0036 0.3889
273 0.0487 0.0340 0.2634 0.3892 0.0096 0.2551
274 0.0546 0.4004 0.1804 0.2428 0.0122 0.1094
275 0.1956 0.6265 0.1476 0.0150 0.0104 0.0053
276 0.0199 0.2783 0.0962 0.4661 0.1107 0.0287
277 0.1282 0.3767 0.1646 0.1924 0.0039 0.1343
278 0.2120 0.1758 0.5586 0.0267 0.0132 0.0135
279 0.0199 0.0799 0.1539 0.7231 0.0018 0.0212
280 0.0489 0.0800 0.1667 0.4460 0.0157 0.2426
281 0.0719 0.4236 0.3567 0.0307 0.0226 0.0945
282 0.0486 0.2267 0.0639 0.6357 0.0169 0.0081
283 0.0331 0.3137 0.3394 0.2368 0.0180 0.0590
284 0.0486 0.4683 0.2710 0.1982 0.0047 0.0094
285 0.0168 0.1578 0.5776 0.2262 0.0013 0.0204
286 0.0383 0.0693 0.1769 0.3010 0.0097 0.4050
287 0.0430 0.1399 0.7563 0.0385 0.0044 0.0175
288 0.0578 0.2590 0.1621 0.3125 0.0133 0.1954
289 0.3633 0.1562 0.2308 0.0557 0.0985 0.0955
290 0.0152 0.2854 0.4490 0.2258 0.0048 0.0196
291 0.0308 0.4604 0.1449 0.3315 0.0029 0.0294
292 0.1913 0.2308 0.2151 0.1367 0.0159 0.2101
293 0.0468 0.1583 0.0931 0.6772 0.0145 0.0100
294 0.1458 0.2810 0.5049 0.0308 0.0247 0.0126
295 0.0927 0.0234 0.1412 0.6230 0.0059 0.1135
296 0.0378 0.4500 0.1120 0.3503 0.0061 0.0439
297 0.0794 0.4753 0.1735 0.2544 0.0098 0.0075
298 0.3647 0.2627 0.2144 0.1053 0.0107 0.0422
299 0.3281 0.2495 0.1990 0.1549 0.0259 0.0427
300 0.4795 0.3193 0.1417 0.0316 0.0171 0.0107
301 0.3372 0.2429 0.2627 0.0853 0.0133 0.0586
302 0.4182 0.3413 0.1082 0.0499 0.0417 0.0408
303 0.1243 0.2019 0.2252 0.3127 0.0154 0.1205
304 0.1470 0.1774 0.1425 0.3364 0.0608 0.1360
305 0.1136 0.1553 0.1349 0.1288 0.0181 0.4492
306 0.1068 0.1996 0.0474 0.1964 0.0886 0.3613
307 0.1390 0.3232 0.1550 0.1100 0.1870 0.0856
308 0.1709 0.2864 0.1532 0.1212 0.2230 0.0453
309 0.1948 0.2542 0.1448 0.1278 0.2388 0.0396
310 0.1956 0.2510 0.1453 0.1282 0.2395 0.0403
311 0.1962 0.2725 0.1458 0.1100 0.2404 0.0352
312 0.1598 0.3130 0.1598 0.1032 0.2085 0.0557
313 0.1597 0.3381 0.1324 0.0766 0.2051 0.0882
