time exciting_prob fearful_prob tense_prob sad_prob relaxing_prob neutral_prob
0 0.1476 0.0379 0.0526 0.6934 0.0282 0.0403
1 0.1183 0.0344 0.0361 0.7476 0.0334 0.0304
2 0.1025 0.0402 0.0289 0.7578 0.0402 0.0303
3 0.7397 0.0683 0.0289 0.1227 0.0380 0.0022
4 0.6836 0.0247 0.0354 0.2400 0.0149 0.0012
5 0.4924 0.0197 0.0330 0.4414 0.0118 0.0015
6 0.5947 0.0280 0.0528 0.3037 0.0182 0.0024
7 0.1113 0.0853 0.1752 0.6113 0.0155 0.0014
8 0.0490 0.0267 0.0975 0.8164 0.0083 0.0021
9 0.0685 0.0517 0.1982 0.6704 0.0096 0.0013
10 0.0789 0.1029 0.1593 0.6304 0.0248 0.0038
11 0.3311 0.0421 0.0336 0.5723 0.0174 0.0038
12 0.1899 0.0249 0.0132 0.7632 0.0071 0.0016
13 0.3040 0.0224 0.0107 0.6538 0.0082 0.0013
14 0.3521 0.0626 0.0335 0.5288 0.0196 0.0035
15 0.2700 0.0593 0.1689 0.4890 0.0090 0.0038
16 0.2844 0.0578 0.0245 0.6309 0.0023 0.0002
17 0.1780 0.0340 0.0250 0.7607 0.0019 0.0002
18 0.1316 0.0338 0.0263 0.8057 0.0024 0.0002
19 0.2449 0.0457 0.0195 0.6865 0.0030 0.0005
20 0.0551 0.0802 0.2981 0.5396 0.0193 0.0077
21 0.3674 0.1156 0.0521 0.4363 0.0281 0.0007
22 0.4541 0.0880 0.0409 0.3884 0.0281 0.0006
23 0.3723 0.0793 0.0346 0.4932 0.0202 0.0004
24 0.0526 0.1569 0.2585 0.5142 0.0121 0.0055
25 0.3059 0.0602 0.1885 0.4382 0.0070 0.0003
26 0.4475 0.0923 0.1780 0.2756 0.0063 0.0002
27 0.4927 0.0897 0.2439 0.1676 0.0058 0.0001
28 0.0792 0.1143 0.3059 0.4739 0.0215 0.0053
29 0.0988 0.1542 0.3042 0.4094 0.0260 0.0074
30 0.1365 0.1499 0.2590 0.3708 0.0742 0.0097
31 0.1572 0.1283 0.2286 0.4207 0.0587 0.0065
32 0.1615 0.2074 0.2388 0.2791 0.1060 0.0072
33 0.1571 0.1055 0.0720 0.3889 0.2759 0.0007
34 0.0400 0.0416 0.0432 0.0104 0.8618 0.0031
35 0.0312 0.0209 0.0334 0.0280 0.8765 0.0102
36 0.0644 0.0859 0.0446 0.0075 0.7964 0.0010
37 0.1030 0.1418 0.0547 0.0155 0.6821 0.0031
38 0.0578 0.4619 0.1168 0.0101 0.3513 0.0019
39 0.0927 0.3638 0.0964 0.0124 0.4319 0.0030
40 0.0715 0.0773 0.0322 0.0335 0.7808 0.0044
41 0.0683 0.1771 0.0455 0.0101 0.6948 0.0040
42 0.2002 0.3005 0.0494 0.0103 0.4373 0.0023
43 0.0587 0.2649 0.2266 0.0724 0.3679 0.0095
44 0.0344 0.0609 0.0129 0.0044 0.8872 0.0002
45 0.0837 0.1180 0.0338 0.0113 0.7520 0.0011
46 0.0901 0.2111 0.0264 0.0107 0.6606 0.0012
47 0.0495 0.4382 0.0241 0.0152 0.4663 0.0066
48 0.0947 0.4243 0.1549 0.1245 0.1958 0.0058
49 0.0845 0.5913 0.0907 0.0770 0.1519 0.0047
50 0.0856 0.6328 0.0933 0.0883 0.0830 0.0171
51 0.0881 0.3225 0.1089 0.1252 0.3486 0.0065
52 0.1072 0.4551 0.2361 0.1089 0.0778 0.0150
53 0.0616 0.1990 0.0357 0.0068 0.6948 0.0022
54 0.0420 0.0970 0.0191 0.0085 0.8311 0.0023
55 0.0256 0.0550 0.0089 0.0066 0.9023 0.0016
56 0.0435 0.0846 0.0264 0.0152 0.8281 0.0023
57 0.0812 0.1693 0.0378 0.0224 0.6855 0.0035
58 0.1102 0.3340 0.1060 0.0572 0.3906 0.0022
59 0.1707 0.3967 0.1155 0.0445 0.2686 0.0042
60 0.1412 0.3779 0.2170 0.1246 0.1337 0.0054
61 0.0867 0.5391 0.1096 0.0659 0.1953 0.0035
62 0.0733 0.3843 0.3135 0.2155 0.0109 0.0025
63 0.1257 0.1277 0.1470 0.0912 0.5049 0.0035
64 0.0270 0.0316 0.0159 0.0294 0.8945 0.0015
65 0.1865 0.3567 0.1672 0.1851 0.1022 0.0022
66 0.2090 0.4531 0.1542 0.1027 0.0787 0.0024
67 0.1311 0.3708 0.1570 0.1908 0.1464 0.0040
68 0.0740 0.3396 0.1495 0.1508 0.2837 0.0024
69 0.1118 0.3184 0.0805 0.0647 0.4216 0.0031
70 0.0551 0.4370 0.0370 0.0324 0.4302 0.0083
71 0.0561 0.3774 0.1335 0.0203 0.4019 0.0105
72 0.0550 0.2793 0.4062 0.0181 0.2369 0.0043
73 0.2114 0.1323 0.2322 0.2629 0.1302 0.0309
74 0.0617 0.4668 0.2460 0.1218 0.0919 0.0119
75 0.2893 0.1943 0.3279 0.1444 0.0434 0.0007
76 0.2900 0.2405 0.3186 0.1075 0.0428 0.0005
77 0.3240 0.2314 0.2644 0.1299 0.0500 0.0003
78 0.1093 0.2424 0.5635 0.0800 0.0043 0.0004
79 0.1987 0.2435 0.5117 0.0374 0.0051 0.0036
80 0.3555 0.3528 0.1577 0.1050 0.0287 0.0004
81 0.5977 0.1780 0.1431 0.0483 0.0329 0.0003
82 0.3064 0.2922 0.2683 0.0864 0.0462 0.0005
83 0.0792 0.0682 0.1125 0.7002 0.0374 0.0025
84 0.1176 0.4836 0.0736 0.1632 0.1545 0.0073
85 0.0823 0.1854 0.0715 0.5894 0.0698 0.0017
86 0.1980 0.1578 0.5059 0.1230 0.0152 0.0002
87 0.2161 0.1682 0.3142 0.2908 0.0104 0.0003
88 0.5093 0.2542 0.1426 0.0740 0.0196 0.0005
89 0.0671 0.1986 0.4270 0.2891 0.0178 0.0005
90 0.2947 0.3420 0.1653 0.1874 0.0089 0.0017
91 0.1855 0.2964 0.3035 0.1899 0.0242 0.0004
92 0.1456 0.1161 0.5410 0.1930 0.0033 0.0008
93 0.0716 0.1678 0.1858 0.4780 0.0301 0.0668
94 0.1073 0.4448 0.2272 0.1898 0.0291 0.0019
95 0.0911 0.2634 0.2255 0.3716 0.0420 0.0063
96 0.1812 0.1316 0.1091 0.5327 0.0167 0.0289
97 0.0474 0.4604 0.1340 0.3369 0.0112 0.0103
98 0.0354 0.3386 0.2896 0.3130 0.0141 0.0094
99 0.0435 0.4358 0.2859 0.2227 0.0105 0.0017
100 0.0905 0.2383 0.2617 0.3633 0.0174 0.0287
101 0.0620 0.4045 0.3101 0.2166 0.0046 0.0022
102 0.1884 0.0447 0.3154 0.3865 0.0574 0.0077
103 0.2620 0.3870 0.1652 0.1504 0.0266 0.0090
104 0.1559 0.2551 0.2415 0.2844 0.0334 0.0298
105 0.1146 0.1888 0.3816 0.2749 0.0248 0.0155
106 0.1163 0.5132 0.2140 0.1403 0.0129 0.0033
107 0.3455 0.0730 0.2356 0.3323 0.0118 0.0017
108 0.2622 0.0421 0.1035 0.5728 0.0157 0.0039
109 0.3472 0.1190 0.2139 0.2991 0.0199 0.0011
110 0.2108 0.1642 0.2043 0.3970 0.0228 0.0007
111 0.4443 0.2306 0.2306 0.0565 0.0370 0.0009
112 0.7339 0.1798 0.0173 0.0207 0.0477 0.0007
113 0.3513 0.0518 0.1204 0.4011 0.0410 0.0345
114 0.1133 0.2939 0.0597 0.5156 0.0057 0.0115
115 0.4895 0.3137 0.0689 0.1163 0.0080 0.0036
116 0.3259 0.4741 0.0745 0.1083 0.0154 0.0019
117 0.3955 0.2020 0.2020 0.1769 0.0181 0.0055
118 0.5029 0.2356 0.0685 0.1737 0.0163 0.0030
119 0.2517 0.2598 0.1976 0.2808 0.0082 0.0017
120 0.3210 0.1653 0.0477 0.4458 0.0108 0.0094
121 0.1382 0.4390 0.0740 0.3367 0.0073 0.0050
122 0.5845 0.2235 0.1432 0.0198 0.0286 0.0004
123 0.5010 0.2788 0.1678 0.0306 0.0215 0.0003
124 0.3098 0.2163 0.2822 0.1522 0.0376 0.0020
125 0.3059 0.2457 0.1914 0.2419 0.0141 0.0010
126 0.4480 0.3862 0.1254 0.0044 0.0351 0.0008
127 0.5122 0.3281 0.0773 0.0064 0.0721 0.0036
128 0.0587 0.2778 0.5269 0.1176 0.0057 0.0132
129 0.0411 0.3337 0.3782 0.1287 0.0067 0.1118
130 0.1897 0.4177 0.1169 0.1825 0.0293 0.0640
131 0.1707 0.4641 0.1383 0.1094 0.0133 0.1044
132 0.1166 0.2111 0.1203 0.4907 0.0163 0.0450
133 0.1991 0.0905 0.1412 0.3157 0.0208 0.2328
134 0.4993 0.3828 0.0564 0.0182 0.0403 0.0032
135 0.0873 0.2930 0.1936 0.2839 0.0164 0.1260
136 0.1305 0.4214 0.2595 0.1650 0.0057 0.0179
137 0.6289 0.1874 0.1035 0.0424 0.0372 0.0008
138 0.5361 0.0737 0.0932 0.2344 0.0574 0.0049
139 0.6631 0.2039 0.0557 0.0532 0.0231 0.0010
140 0.6006 0.2059 0.0859 0.0513 0.0486 0.0077
141 0.5664 0.2271 0.1273 0.0302 0.0414 0.0078
142 0.3782 0.4419 0.1348 0.0164 0.0204 0.0084
143 0.3213 0.1210 0.0533 0.2971 0.0184 0.1888
144 0.2272 0.1525 0.1024 0.4661 0.0249 0.0271
145 0.0999 0.4270 0.1114 0.3486 0.0128 0.0004
146 0.2139 0.2969 0.1774 0.2834 0.0100 0.0185
147 0.0716 0.4150 0.4150 0.0683 0.0211 0.0089
148 0.1066 0.2744 0.2070 0.3308 0.0473 0.0338
149 0.0285 0.0294 0.0154 0.9214 0.0055 0.0001
150 0.2830 0.3467 0.1389 0.1757 0.0401 0.0158
151 0.1349 0.3018 0.1191 0.4187 0.0234 0.0021
152 0.0724 0.5791 0.1407 0.1985 0.0087 0.0006
153 0.1744 0.2223 0.2422 0.3208 0.0336 0.0067
154 0.1727 0.0420 0.2083 0.5400 0.0286 0.0082
155 0.2157 0.1027 0.5054 0.1628 0.0092 0.0043
156 0.1472 0.0336 0.1361 0.6494 0.0215 0.0118
157 0.1455 0.3252 0.2805 0.2417 0.0005 0.0066
158 0.1216 0.3357 0.3203 0.2185 0.0007 0.0032
159 0.0613 0.0995 0.6289 0.2009 0.0059 0.0035
160 0.0916 0.2590 0.2048 0.4270 0.0158 0.0020
161 0.1857 0.0688 0.5088 0.2240 0.0036 0.0090
162 0.2620 0.1626 0.4456 0.1237 0.0039 0.0023
163 0.5981 0.0961 0.1838 0.1000 0.0178 0.0041
164 0.4968 0.1126 0.1469 0.2311 0.0099 0.0028
165 0.6172 0.1016 0.0561 0.1882 0.0340 0.0026
166 0.0941 0.6436 0.1436 0.1034 0.0117 0.0039
167 0.5063 0.0347 0.0450 0.2393 0.1569 0.0177
168 0.0213 0.4155 0.0818 0.3186 0.1459 0.0169
169 0.0705 0.1978 0.1564 0.4253 0.1447 0.0055
170 0.8491 0.0059 0.0061 0.0902 0.0400 0.0087
171 0.6069 0.0692 0.0080 0.2571 0.0168 0.0420
172 0.2725 0.3552 0.2275 0.1144 0.0212 0.0093
173 0.1515 0.3550 0.2598 0.1991 0.0267 0.0082
174 0.0969 0.2051 0.0939 0.5659 0.0330 0.0051
175 0.1152 0.3157 0.3257 0.2070 0.0338 0.0026
176 0.1230 0.0638 0.2390 0.5474 0.0212 0.0056
177 0.3921 0.2341 0.2198 0.1159 0.0351 0.0030
178 0.3992 0.2876 0.1458 0.0884 0.0750 0.0041
179 0.4148 0.1730 0.2007 0.1813 0.0185 0.0118
180 0.3389 0.2402 0.2944 0.1075 0.0160 0.0031
181 0.5234 0.2434 0.1047 0.1039 0.0219 0.0029
182 0.5811 0.1552 0.0705 0.1589 0.0278 0.0065
183 0.3320 0.2448 0.2952 0.0776 0.0314 0.0190
184 0.3196 0.0610 0.1938 0.2302 0.1938 0.0013
185 0.3726 0.1678 0.2947 0.0864 0.0504 0.0281
186 0.2156 0.3501 0.2925 0.0233 0.1127 0.0059
187 0.4768 0.3892 0.0315 0.0302 0.0720 0.0004
188 0.2803 0.2472 0.2737 0.0267 0.1398 0.0324
189 0.2966 0.1576 0.2366 0.2205 0.0363 0.0524
190 0.2329 0.4089 0.2404 0.0259 0.0627 0.0292
191 0.1649 0.5669 0.1649 0.0354 0.0203 0.0476
192 0.2815 0.2502 0.3669 0.0690 0.0220 0.0103
193 0.4021 0.2069 0.2255 0.0721 0.0804 0.0130
194 0.4204 0.1940 0.1986 0.0300 0.1559 0.0013
195 0.3958 0.2698 0.1235 0.0312 0.1783 0.0014
196 0.3433 0.2491 0.3125 0.0152 0.0796 0.0005
197 0.5825 0.1310 0.1240 0.0387 0.1231 0.0005
198 0.6382 0.1317 0.0844 0.0166 0.1277 0.0015
199 0.4070 0.4434 0.1086 0.0113 0.0268 0.0029
200 0.2971 0.3557 0.2925 0.0028 0.0497 0.0021
201 0.4666 0.3413 0.1217 0.0177 0.0451 0.0076
202 0.5991 0.2136 0.0978 0.0338 0.0500 0.0056
203 0.1434 0.6084 0.1930 0.0035 0.0480 0.0036
204 0.1829 0.3635 0.3608 0.0137 0.0545 0.0247
205 0.1989 0.5278 0.2134 0.0141 0.0377 0.0081
206 0.1705 0.4563 0.3237 0.0024 0.0459 0.0011
207 0.2142 0.1192 0.4680 0.1681 0.0297 0.0008
208 0.0715 0.0371 0.1688 0.6997 0.0210 0.0021
209 0.3811 0.3994 0.1552 0.0285 0.0298 0.0059
210 0.3406 0.1910 0.3982 0.0351 0.0324 0.0029
211 0.0548 0.2783 0.3203 0.3357 0.0028 0.0079
212 0.0684 0.3367 0.3474 0.2388 0.0045 0.0040
213 0.0879 0.5728 0.2502 0.0825 0.0041 0.0022
214 0.1095 0.3533 0.5063 0.0067 0.0229 0.0012
215 0.2039 0.1368 0.5542 0.0986 0.0063 0.0005
216 0.3286 0.4707 0.0684 0.1219 0.0095 0.0008
217 0.0921 0.5098 0.0833 0.2883 0.0158 0.0107
218 0.0893 0.3167 0.3215 0.2544 0.0061 0.0120
219 0.0823 0.2720 0.3181 0.2852 0.0205 0.0218
220 0.2136 0.6328 0.0811 0.0607 0.0114 0.0005
221 0.3557 0.2108 0.2644 0.0839 0.0746 0.0106
222 0.3623 0.2910 0.3027 0.0164 0.0250 0.0025
223 0.3777 0.0359 0.1179 0.4280 0.0362 0.0045
224 0.2312 0.3552 0.1917 0.2089 0.0129 0.0002
225 0.2430 0.4136 0.2356 0.0982 0.0094 0.0002
226 0.3174 0.1941 0.2002 0.2234 0.0282 0.0367
227 0.1996 0.3020 0.1318 0.2583 0.0179 0.0906
228 0.2318 0.2839 0.1982 0.2467 0.0009 0.0384
229 0.4866 0.2061 0.1735 0.0826 0.0369 0.0144
230 0.3027 0.2113 0.4473 0.0322 0.0064 0.0001
231 0.7085 0.0959 0.0707 0.0644 0.0513 0.0091
232 0.2959 0.5571 0.1080 0.0078 0.0305 0.0010
233 0.3567 0.1938 0.2910 0.1464 0.0104 0.0017
234 0.1672 0.6069 0.1243 0.0931 0.0075 0.0008
235 0.2072 0.2499 0.2559 0.2661 0.0114 0.0097
236 0.2244 0.0879 0.2175 0.4463 0.0174 0.0065
237 0.3811 0.0132 0.0213 0.5811 0.0029 0.0005
238 0.6836 0.0862 0.0519 0.1742 0.0032 0.0006
239 0.7070 0.0369 0.0202 0.2106 0.0244 0.0009
240 0.7788 0.0719 0.0324 0.0660 0.0498 0.0011
241 0.8501 0.0437 0.0392 0.0356 0.0310 0.0004
242 0.1833 0.1231 0.1157 0.4868 0.0497 0.0412
243 0.4331 0.1907 0.0707 0.2355 0.0475 0.0228
244 0.0820 0.3167 0.0501 0.4905 0.0464 0.0144
245 0.1100 0.1050 0.1600 0.4524 0.1436 0.0289
246 0.8062 0.0484 0.0323 0.0738 0.0371 0.0023
247 0.0723 0.0120 0.0175 0.8955 0.0017 0.0012
248 0.6875 0.0471 0.1571 0.0262 0.0809 0.0010
249 0.6392 0.1299 0.1616 0.0567 0.0109 0.0016
250 0.6714 0.1261 0.0990 0.0938 0.0092 0.0005
251 0.6465 0.0854 0.1432 0.1039 0.0131 0.0078
252 0.6040 0.0411 0.0562 0.2852 0.0069 0.0068
253 0.5415 0.1218 0.0978 0.2222 0.0148 0.0020
254 0.1204 0.1354 0.2266 0.3706 0.0569 0.0901
255 0.6172 0.1235 0.1675 0.0472 0.0437 0.0009
256 0.4050 0.0368 0.4177 0.0646 0.0755 0.0003
257 0.6396 0.0989 0.2062 0.0471 0.0076 0.0004
258 0.5679 0.1191 0.2106 0.0800 0.0220 0.0003
259 0.6401 0.0887 0.1820 0.0634 0.0248 0.0008
260 0.1116 0.0883 0.4700 0.2849 0.0346 0.0107
261 0.1396 0.2357 0.4763 0.1054 0.0206 0.0223
262 0.6074 0.1115 0.1283 0.1263 0.0189 0.0072
263 0.6577 0.0876 0.1285 0.0963 0.0225 0.0074
264 0.6421 0.0484 0.0287 0.2004 0.0767 0.0037
265 0.7271 0.0743 0.0503 0.0472 0.1000 0.0010
266 0.4976 0.1210 0.2208 0.1404 0.0187 0.0017
267 0.4092 0.2444 0.1705 0.0927 0.0781 0.0051
268 0.7588 0.0438 0.0139 0.1505 0.0313 0.0018
269 0.1287 0.2969 0.3389 0.2294 0.0051 0.0011
270 0.0715 0.2086 0.0688 0.6274 0.0184 0.0052
271 0.0867 0.3677 0.2162 0.3245 0.0031 0.0020
272 0.4834 0.1658 0.1321 0.1908 0.0277 0.0004
273 0.0820 0.1998 0.1271 0.5605 0.0268 0.0037
274 0.2737 0.2067 0.2378 0.2737 0.0069 0.0012
275 0.0453 0.3560 0.3450 0.2410 0.0091 0.0036
276 0.1071 0.0959 0.4104 0.3738 0.0063 0.0066
277 0.0980 0.4978 0.2351 0.1628 0.0046 0.0017
278 0.0992 0.4111 0.2871 0.1989 0.0026 0.0013
279 0.2810 0.2188 0.1962 0.2559 0.0434 0.0049
280 0.3748 0.1813 0.1368 0.2637 0.0431 0.0003
281 0.4226 0.2583 0.2484 0.0449 0.0248 0.0010
282 0.1428 0.0866 0.3479 0.3704 0.0435 0.0087
283 0.2076 0.0879 0.1748 0.4065 0.1012 0.0220
284 0.1987 0.2378 0.3459 0.1768 0.0379 0.0027
285 0.1642 0.4360 0.1935 0.1790 0.0172 0.0103
286 0.0453 0.1710 0.4724 0.3049 0.0019 0.0043
287 0.1096 0.1895 0.2285 0.4509 0.0211 0.0005
288 0.3608 0.2703 0.3416 0.0154 0.0119 0.0001
289 0.3186 0.1210 0.3088 0.2190 0.0285 0.0039
290 0.2161 0.3823 0.2247 0.1544 0.0216 0.0009
291 0.0803 0.1598 0.4771 0.2634 0.0135 0.0059
292 0.0177 0.3040 0.5420 0.1288 0.0019 0.0057
293 0.1481 0.1412 0.3635 0.3110 0.0152 0.0208
294 0.3862 0.2184 0.3743 0.0098 0.0110 0.0003
295 0.5244 0.1702 0.2476 0.0127 0.0451 0.0002
296 0.4602 0.1051 0.4031 0.0229 0.0085 0.0003
297 0.0992 0.2343 0.6421 0.0175 0.0069 0.0002
298 0.2120 0.0934 0.2788 0.2153 0.1946 0.0059
299 0.3857 0.2571 0.2673 0.0423 0.0468 0.0009
300 0.3193 0.0497 0.2908 0.3193 0.0187 0.0018
301 0.4734 0.1324 0.2344 0.0947 0.0611 0.0038
302 0.3711 0.1837 0.2002 0.1333 0.1097 0.0021
303 0.2769 0.0489 0.1288 0.3936 0.1278 0.0240
304 0.5620 0.1356 0.1356 0.1196 0.0447 0.0025
305 0.4053 0.1730 0.2119 0.1143 0.0883 0.0071
306 0.3452 0.1805 0.2283 0.1805 0.0559 0.0095
307 0.7246 0.0966 0.0886 0.0262 0.0619 0.0019
308 0.4192 0.1542 0.2664 0.1060 0.0516 0.0026
309 0.2336 0.2145 0.2627 0.1417 0.1451 0.0023
310 0.2024 0.0824 0.2294 0.3552 0.1247 0.0059
311 0.2925 0.2993 0.1210 0.0851 0.1979 0.0043
312 0.2864 0.2527 0.3706 0.0468 0.0409 0.0026
313 0.3335 0.0683 0.2598 0.2103 0.1143 0.0139
314 0.1953 0.1130 0.4072 0.1475 0.1271 0.0099
315 0.4583 0.1409 0.3569 0.0223 0.0201 0.0013
316 0.7476 0.0988 0.0595 0.0264 0.0653 0.0023
317 0.4175 0.1334 0.2695 0.1224 0.0465 0.0105
318 0.2720 0.1587 0.4927 0.0667 0.0090 0.0009
319 0.5557 0.1069 0.2125 0.1111 0.0121 0.0016
320 0.4907 0.2429 0.2095 0.0367 0.0195 0.0008
321 0.5220 0.2861 0.1655 0.0145 0.0114 0.0003
322 0.3276 0.1465 0.1853 0.3008 0.0337 0.0061
323 0.7617 0.0842 0.0447 0.0743 0.0332 0.0019
324 0.5117 0.2115 0.1853 0.0312 0.0602 0.0004
325 0.2964 0.0830 0.1379 0.3748 0.0926 0.0152
326 0.1220 0.2091 0.6099 0.0500 0.0040 0.0050
327 0.5498 0.2203 0.1216 0.0823 0.0253 0.0008
328 0.4832 0.2449 0.1805 0.0674 0.0224 0.0014
329 0.0511 0.0247 0.0666 0.8501 0.0052 0.0023
330 0.0952 0.3706 0.1486 0.3706 0.0116 0.0032
331 0.0673 0.2854 0.1127 0.5249 0.0078 0.0017
332 0.6367 0.0602 0.1548 0.1141 0.0300 0.0041
333 0.4214 0.1152 0.2238 0.2152 0.0171 0.0072
334 0.5127 0.1390 0.2876 0.0261 0.0330 0.0018
335 0.3442 0.1857 0.2810 0.1665 0.0162 0.0065
336 0.6367 0.1187 0.2035 0.0159 0.0247 0.0003
337 0.6890 0.0447 0.1974 0.0437 0.0249 0.0003
338 0.5371 0.1744 0.1479 0.1218 0.0184 0.0003
339 0.3003 0.1185 0.4041 0.1545 0.0212 0.0016
340 0.4067 0.1013 0.0735 0.3943 0.0222 0.0021
341 0.4072 0.3350 0.0615 0.1697 0.0260 0.0008
342 0.2981 0.0271 0.0498 0.6118 0.0109 0.0025
343 0.1814 0.0575 0.0870 0.6636 0.0075 0.0030
344 0.3921 0.1660 0.2491 0.1823 0.0093 0.0012
345 0.2372 0.1709 0.5430 0.0323 0.0153 0.0014
346 0.2737 0.2081 0.4270 0.0551 0.0353 0.0006
347 0.5493 0.1065 0.2327 0.0836 0.0245 0.0034
348 0.5190 0.1375 0.1821 0.1322 0.0260 0.0031
349 0.5112 0.0867 0.1752 0.1895 0.0364 0.0011
350 0.2646 0.0886 0.4431 0.0634 0.1394 0.0010
351 0.6704 0.0239 0.1892 0.0486 0.0659 0.0019
352 0.6299 0.1212 0.0944 0.1373 0.0159 0.0012
353 0.7173 0.1348 0.0545 0.0817 0.0100 0.0016
354 0.6782 0.0810 0.1990 0.0276 0.0139 0.0003
355 0.6870 0.1232 0.1353 0.0359 0.0183 0.0002
356 0.5464 0.2600 0.1307 0.0268 0.0355 0.0008
357 0.5894 0.1433 0.1663 0.0110 0.0897 0.0004
358 0.0727 0.1266 0.6328 0.1479 0.0190 0.0008
359 0.1160 0.1389 0.5757 0.0836 0.0856 0.0001
360 0.2708 0.1012 0.3643 0.1935 0.0701 0.0002
361 0.1655 0.1230 0.4641 0.1904 0.0567 0.0002
362 0.1849 0.0887 0.2000 0.2527 0.2732 0.0005
363 0.1792 0.1863 0.2754 0.2932 0.0649 0.0012
364 0.3467 0.1125 0.3928 0.0876 0.0602 0.0004
365 0.1404 0.3137 0.2686 0.1615 0.1155 0.0004
366 0.1337 0.1901 0.5005 0.0956 0.0798 0.0001
367 0.1512 0.6221 0.1160 0.0597 0.0507 0.0001
368 0.2281 0.4067 0.1260 0.1461 0.0929 0.0001
369 0.1892 0.3677 0.3945 0.0388 0.0096 0.0002
370 0.0550 0.1004 0.0865 0.6968 0.0609 0.0003
371 0.1519 0.0674 0.1052 0.4790 0.1965 0.0001
372 0.2854 0.0380 0.0305 0.3779 0.2681 0.0001
373 0.3154 0.0732 0.1898 0.1715 0.2495 0.0005
374 0.2703 0.1705 0.2009 0.2385 0.1181 0.0017
375 0.1606 0.1175 0.3794 0.3000 0.0361 0.0064
376 0.1658 0.1292 0.4797 0.2063 0.0154 0.0036
377 0.1731 0.1887 0.3872 0.1992 0.0488 0.0030
378 0.1700 0.2532 0.4377 0.1056 0.0315 0.0020
379 0.2383 0.1915 0.4385 0.1161 0.0139 0.0017
380 0.1547 0.3376 0.3979 0.0874 0.0219 0.0004
381 0.2095 0.1736 0.1848 0.4006 0.0288 0.0027
382 0.2729 0.0859 0.1383 0.4827 0.0172 0.0029
383 0.1479 0.0646 0.1389 0.6377 0.0108 0.0002
384 0.0811 0.0912 0.2292 0.5947 0.0034 0.0006
385 0.2554 0.2595 0.1346 0.3179 0.0325 0.0002
386 0.0927 0.0956 0.2024 0.4707 0.0320 0.1067
387 0.1108 0.1357 0.2345 0.3254 0.0491 0.1444
388 0.0811 0.0994 0.0994 0.2310 0.0298 0.4595
389 0.0811 0.0994 0.0994 0.2310 0.0298 0.4595
390 0.1136 0.1553 0.1349 0.1288 0.0181 0.4492
391 0.1136 0.1553 0.1349 0.1288 0.0181 0.4492
392 0.2949 0.1350 0.4939 0.0581 0.0181 0.0001
393 0.0638 0.5020 0.4292 0.0037 0.0016 0.0001
394 0.1007 0.1941 0.3516 0.3354 0.0164 0.0019
395 0.3284 0.2402 0.3467 0.0704 0.0133 0.0010
396 0.0510 0.4104 0.5029 0.0198 0.0153 0.0005
397 0.0226 0.2603 0.6650 0.0384 0.0136 0.0003
398 0.0811 0.2170 0.6582 0.0352 0.0081 0.0005
399 0.2727 0.0845 0.2026 0.3904 0.0231 0.0268
400 0.1230 0.3091 0.1790 0.3643 0.0110 0.0136
401 0.1201 0.1888 0.3501 0.3188 0.0062 0.0160
402 0.0945 0.0874 0.2233 0.5698 0.0155 0.0092
403 0.0930 0.1271 0.3455 0.4136 0.0097 0.0110
404 0.2428 0.2317 0.2335 0.2666 0.0140 0.0114
405 0.2189 0.2257 0.1886 0.3037 0.0484 0.0145
406 0.1249 0.1904 0.5259 0.1542 0.0037 0.0012
407 0.0751 0.2766 0.3752 0.2600 0.0056 0.0076
408 0.4111 0.1741 0.3201 0.0332 0.0587 0.0027
409 0.1504 0.1664 0.6279 0.0335 0.0187 0.0030
410 0.0859 0.0908 0.7842 0.0198 0.0182 0.0013
411 0.0795 0.0776 0.8154 0.0103 0.0149 0.0019
412 0.1361 0.1249 0.6807 0.0209 0.0339 0.0033
413 0.0765 0.1105 0.7671 0.0219 0.0214 0.0028
414 0.0345 0.3853 0.2607 0.3145 0.0029 0.0025
415 0.0129 0.6235 0.2900 0.0716 0.0007 0.0013
416 0.0112 0.3784 0.3904 0.2090 0.0017 0.0095
417 0.0665 0.2433 0.6411 0.0364 0.0079 0.0050
418 0.0837 0.1503 0.6631 0.0395 0.0566 0.0066
419 0.0880 0.2627 0.5781 0.0409 0.0270 0.0031
420 0.1212 0.1968 0.5874 0.0776 0.0138 0.0031
421 0.0245 0.5410 0.3835 0.0469 0.0013 0.0030
422 0.0279 0.1594 0.7974 0.0060 0.0085 0.0008
423 0.0344 0.7402 0.2008 0.0057 0.0169 0.0020
424 0.1943 0.4146 0.3660 0.0033 0.0216 0.0002
425 0.3064 0.3525 0.2878 0.0283 0.0247 0.0003
426 0.3174 0.4138 0.2181 0.0367 0.0135 0.0004
427 0.1888 0.4600 0.2925 0.0357 0.0213 0.0017
428 0.2206 0.4893 0.2404 0.0208 0.0285 0.0005
429 0.3149 0.5610 0.0790 0.0063 0.0385 0.0001
430 0.4731 0.4241 0.0611 0.0133 0.0282 0.0002
431 0.3108 0.6035 0.0662 0.0046 0.0146 0.0001
432 0.3933 0.4858 0.0751 0.0201 0.0251 0.0005
433 0.3162 0.3872 0.2312 0.0320 0.0331 0.0003
434 0.4248 0.3748 0.1613 0.0167 0.0223 0.0002
435 0.1136 0.1553 0.1349 0.1288 0.0181 0.4492
436 0.0966 0.0605 0.0922 0.5308 0.0396 0.1805
437 0.0727 0.3606 0.3389 0.0956 0.1306 0.0016
438 0.0307 0.2341 0.3682 0.0606 0.3054 0.0011
