time exciting_prob fearful_prob tense_prob sad_prob relaxing_prob neutral_prob
0 0.1136 0.1553 0.1349 0.1288 0.0181 0.4492
1 0.1914 0.1914 0.1378 0.2238 0.0213 0.2345
2 0.2185 0.3745 0.1169 0.1207 0.0192 0.1501
3 0.2440 0.1359 0.3389 0.2460 0.0330 0.0022
4 0.2347 0.2661 0.2275 0.2275 0.0428 0.0013
5 0.1377 0.1523 0.2612 0.4307 0.0138 0.0040
6 0.1387 0.2571 0.1635 0.4172 0.0208 0.0028
7 0.1127 0.1639 0.3933 0.3064 0.0142 0.0095
8 0.5796 0.1941 0.0748 0.1313 0.0075 0.0128
9 0.1892 0.1428 0.2710 0.2318 0.0654 0.0997
10 0.2000 0.0974 0.1849 0.4233 0.0248 0.0696
11 0.2100 0.2698 0.1942 0.3032 0.0175 0.0054
12 0.4495 0.1298 0.1393 0.2313 0.0466 0.0036
13 0.4048 0.0855 0.1989 0.2783 0.0278 0.0047
14 0.1143 0.2637 0.1812 0.4082 0.0132 0.0194
15 0.1028 0.0555 0.3022 0.5220 0.0066 0.0107
16 0.2264 0.1606 0.2668 0.3145 0.0206 0.0111
17 0.0823 0.2362 0.4519 0.2006 0.0148 0.0143
18 0.1302 0.1122 0.3174 0.4204 0.0126 0.0072
19 0.3154 0.1400 0.2273 0.2874 0.0274 0.0025
20 0.1837 0.1398 0.3125 0.3328 0.0230 0.0083
21 0.3938 0.1964 0.2837 0.0800 0.0415 0.0047
22 0.2455 0.3354 0.1304 0.2532 0.0175 0.0179
23 0.4102 0.3120 0.1292 0.1005 0.0264 0.0216
24 0.2500 0.3608 0.1947 0.1287 0.0360 0.0298
25 0.4568 0.2333 0.1111 0.1628 0.0297 0.0064
26 0.2551 0.4275 0.1324 0.1584 0.0200 0.0065
27 0.0884 0.5093 0.2386 0.1136 0.0341 0.0161
28 0.1365 0.6265 0.0909 0.0902 0.0490 0.0070
29 0.2427 0.4902 0.1361 0.0950 0.0235 0.0126
30 0.1661 0.4412 0.1675 0.1160 0.0918 0.0172
31 0.2332 0.3137 0.3755 0.0689 0.0058 0.0031
32 0.6416 0.1366 0.1377 0.0681 0.0068 0.0094
33 0.6812 0.0690 0.0759 0.1544 0.0074 0.0121
34 0.2693 0.2820 0.2910 0.1385 0.0076 0.0115
35 0.3767 0.1671 0.2163 0.2015 0.0145 0.0239
36 0.0555 0.0595 0.6865 0.1643 0.0076 0.0266
37 0.0391 0.1224 0.7212 0.0841 0.0102 0.0230
38 0.0359 0.2568 0.2549 0.3223 0.0510 0.0790
39 0.0605 0.2954 0.1696 0.3975 0.0295 0.0478
40 0.0824 0.2661 0.4387 0.1917 0.0124 0.0088
41 0.0467 0.1656 0.2336 0.5347 0.0177 0.0014
42 0.0217 0.2563 0.2485 0.4717 0.0012 0.0005
43 0.0135 0.4348 0.2896 0.2595 0.0021 0.0003
44 0.1553 0.0424 0.3447 0.4290 0.0264 0.0023
45 0.3535 0.0707 0.0880 0.4685 0.0172 0.0020
46 0.0941 0.2920 0.3181 0.2517 0.0077 0.0365
47 0.0801 0.3562 0.2646 0.2729 0.0110 0.0152
48 0.2100 0.2306 0.2915 0.2473 0.0159 0.0049
49 0.0568 0.2264 0.1497 0.5430 0.0195 0.0044
50 0.0293 0.4736 0.2168 0.2576 0.0067 0.0161
51 0.0198 0.4690 0.1647 0.3174 0.0052 0.0241
52 0.0529 0.2546 0.2429 0.4297 0.0106 0.0091
53 0.1791 0.1086 0.1967 0.4194 0.0372 0.0590
54 0.2163 0.2017 0.1851 0.3457 0.0370 0.0144
55 0.0779 0.0970 0.7510 0.0588 0.0087 0.0063
56 0.1802 0.3418 0.3113 0.1482 0.0147 0.0040
57 0.2477 0.2327 0.1599 0.3035 0.0465 0.0096
58 0.2920 0.2087 0.1771 0.2898 0.0238 0.0084
59 0.2163 0.3049 0.2712 0.1632 0.0239 0.0203
60 0.1368 0.3633 0.1960 0.2700 0.0301 0.0038
61 0.0343 0.1975 0.1469 0.4314 0.1295 0.0602
62 0.0150 0.1713 0.1302 0.5444 0.0305 0.1088
63 0.0931 0.2673 0.3198 0.2935 0.0230 0.0032
64 0.0252 0.2505 0.5181 0.1876 0.0114 0.0075
65 0.3799 0.1925 0.2822 0.1205 0.0142 0.0107
66 0.3416 0.1652 0.1886 0.2556 0.0411 0.0080
67 0.5503 0.1257 0.1602 0.1470 0.0138 0.0028
68 0.3970 0.2544 0.1875 0.1427 0.0137 0.0049
69 0.1371 0.4355 0.2025 0.1830 0.0213 0.0205
70 0.1490 0.2400 0.1024 0.4885 0.0120 0.0081
71 0.0986 0.3335 0.2944 0.2499 0.0111 0.0124
72 0.0417 0.5889 0.2781 0.0822 0.0027 0.0067
73 0.1931 0.2832 0.4453 0.0632 0.0072 0.0081
74 0.3267 0.2142 0.3240 0.1004 0.0138 0.0209
75 0.0705 0.3015 0.3416 0.2499 0.0171 0.0196
76 0.0546 0.3118 0.2795 0.2817 0.0272 0.0453
77 0.0908 0.1545 0.4299 0.2469 0.0659 0.0117
78 0.2006 0.1945 0.1357 0.3467 0.0202 0.1025
79 0.0829 0.2455 0.2759 0.3772 0.0110 0.0076
80 0.1539 0.1703 0.1306 0.5044 0.0310 0.0097
81 0.5972 0.1088 0.0379 0.2469 0.0054 0.0039
82 0.3508 0.0847 0.1606 0.3765 0.0165 0.0110
83 0.0736 0.1659 0.3708 0.3767 0.0080 0.0048
84 0.2034 0.3406 0.3101 0.1323 0.0073 0.0065
85 0.2832 0.2206 0.1392 0.3235 0.0187 0.0149
86 0.2448 0.2429 0.2546 0.2429 0.0101 0.0049
87 0.2202 0.1586 0.1702 0.4146 0.0121 0.0243
88 0.2386 0.3582 0.3262 0.0585 0.0107 0.0077
89 0.2271 0.2271 0.1838 0.3079 0.0365 0.0176
90 0.3801 0.3079 0.1304 0.1560 0.0237 0.0019
91 0.3623 0.1046 0.1407 0.3430 0.0416 0.0077
92 0.2598 0.2537 0.1276 0.2942 0.0500 0.0149
93 0.0441 0.1772 0.1296 0.5996 0.0075 0.0418
94 0.1267 0.3186 0.1328 0.3843 0.0253 0.0125
95 0.0232 0.1252 0.0692 0.6562 0.0327 0.0938
96 0.0312 0.1368 0.2054 0.6133 0.0083 0.0049
97 0.0184 0.1974 0.1974 0.5537 0.0170 0.0161
98 0.2103 0.0427 0.0850 0.6479 0.0128 0.0013
99 0.0974 0.1384 0.4399 0.3169 0.0046 0.0029
100 0.4084 0.0926 0.1676 0.2678 0.0330 0.0303
101 0.2363 0.2152 0.4314 0.0641 0.0205 0.0325
102 0.2910 0.1232 0.2756 0.2778 0.0204 0.0120
103 0.1302 0.2571 0.1986 0.3433 0.0122 0.0587
104 0.0876 0.3748 0.3689 0.1587 0.0049 0.0053
105 0.2771 0.1616 0.2686 0.2771 0.0093 0.0064
106 0.1283 0.3799 0.1132 0.2822 0.0277 0.0687
107 0.0421 0.3552 0.2600 0.3135 0.0075 0.0215
108 0.0713 0.1835 0.2301 0.4946 0.0151 0.0055
109 0.1428 0.4609 0.0922 0.2861 0.0059 0.0121
110 0.1566 0.2949 0.3042 0.2227 0.0161 0.0054
111 0.1417 0.4399 0.1937 0.2078 0.0114 0.0055
112 0.2732 0.2319 0.2954 0.1724 0.0250 0.0019
113 0.2656 0.3958 0.2438 0.0810 0.0114 0.0026
114 0.3936 0.1802 0.1371 0.2542 0.0143 0.0207
115 0.2637 0.3057 0.1057 0.2720 0.0465 0.0066
116 0.3191 0.2372 0.2729 0.1508 0.0161 0.0039
117 0.3411 0.1927 0.1305 0.3057 0.0251 0.0051
118 0.5073 0.1809 0.1781 0.1151 0.0138 0.0045
119 0.1323 0.3433 0.2002 0.2891 0.0188 0.0164
120 0.0735 0.4070 0.1893 0.3049 0.0076 0.0176
121 0.0933 0.1135 0.1285 0.6182 0.0194 0.0272
122 0.2008 0.3606 0.0877 0.2966 0.0349 0.0193
123 0.2646 0.4331 0.1290 0.1353 0.0221 0.0160
124 0.1333 0.5068 0.1252 0.1970 0.0219 0.0155
125 0.1963 0.4709 0.1136 0.2025 0.0099 0.0068
126 0.1252 0.6167 0.0976 0.1234 0.0293 0.0077
127 0.0579 0.1501 0.3179 0.4412 0.0298 0.0032
128 0.1293 0.0815 0.2131 0.5195 0.0436 0.0129
129 0.0828 0.0983 0.1387 0.6411 0.0307 0.0084
130 0.3909 0.0471 0.0859 0.4570 0.0170 0.0021
131 0.3000 0.0659 0.1147 0.5063 0.0119 0.0011
132 0.0488 0.1092 0.2385 0.4597 0.0257 0.1180
133 0.0184 0.2815 0.1035 0.5298 0.0183 0.0485
134 0.0169 0.0828 0.0828 0.7607 0.0159 0.0406
135 0.0307 0.1780 0.0486 0.6821 0.0193 0.0413
136 0.1630 0.3069 0.2354 0.2646 0.0195 0.0106
137 0.0432 0.2078 0.5649 0.1656 0.0054 0.0131
138 0.1444 0.2783 0.3306 0.2135 0.0296 0.0036
139 0.0482 0.3291 0.3533 0.2625 0.0041 0.0029
140 0.0659 0.3479 0.1462 0.4099 0.0169 0.0131
141 0.0264 0.5269 0.2338 0.1938 0.0095 0.0097
142 0.0328 0.3340 0.2642 0.3137 0.0323 0.0227
143 0.1177 0.3889 0.3918 0.0854 0.0110 0.0052
144 0.1458 0.2478 0.4595 0.1171 0.0257 0.0042
145 0.1671 0.2146 0.5522 0.0446 0.0195 0.0018
146 0.0855 0.1796 0.6465 0.0703 0.0055 0.0124
147 0.0637 0.2422 0.6582 0.0289 0.0032 0.0036
148 0.4922 0.2325 0.1064 0.0816 0.0842 0.0030
149 0.2456 0.1797 0.4587 0.0869 0.0245 0.0045
150 0.2278 0.3755 0.2881 0.0800 0.0250 0.0037
151 0.5708 0.2417 0.1169 0.0404 0.0289 0.0013
152 0.3987 0.3154 0.1989 0.0636 0.0182 0.0052
153 0.2566 0.1222 0.3193 0.1384 0.0391 0.1241
154 0.2142 0.1791 0.2795 0.2194 0.0290 0.0789
155 0.0210 0.4055 0.4741 0.0891 0.0021 0.0082
156 0.0369 0.4604 0.2815 0.1904 0.0079 0.0228
157 0.1735 0.4294 0.1749 0.1832 0.0156 0.0233
158 0.1707 0.1948 0.4749 0.1298 0.0170 0.0128
159 0.2463 0.0920 0.3289 0.2622 0.0341 0.0363
160 0.3420 0.1875 0.3164 0.1027 0.0361 0.0153
161 0.2191 0.2749 0.1404 0.3091 0.0520 0.0047
162 0.1910 0.2983 0.2198 0.2590 0.0206 0.0111
163 0.3403 0.3403 0.1985 0.0967 0.0150 0.0093
164 0.3159 0.2054 0.3335 0.1083 0.0174 0.0194
165 0.0794 0.1964 0.5957 0.0965 0.0073 0.0246
166 0.0415 0.3845 0.2925 0.2368 0.0074 0.0375
167 0.0645 0.2800 0.4839 0.1547 0.0111 0.0056
168 0.0794 0.3291 0.4160 0.1270 0.0425 0.0059
169 0.0563 0.1906 0.1605 0.5264 0.0264 0.0399
170 0.0286 0.4946 0.1631 0.2546 0.0029 0.0564
171 0.0338 0.3176 0.0661 0.5195 0.0121 0.0507
172 0.0296 0.2119 0.1108 0.4927 0.0160 0.1390
173 0.2793 0.1580 0.1592 0.3503 0.0482 0.0049
174 0.0643 0.5737 0.2390 0.1147 0.0032 0.0052
175 0.0745 0.4387 0.1652 0.2991 0.0170 0.0056
176 0.1483 0.4534 0.1472 0.1721 0.0668 0.0122
177 0.3408 0.1838 0.1973 0.2399 0.0286 0.0095
178 0.1683 0.2585 0.2886 0.2046 0.0713 0.0087
179 0.0805 0.1814 0.1470 0.5088 0.0357 0.0466
180 0.0409 0.4004 0.4329 0.1147 0.0040 0.0072
181 0.0399 0.5767 0.1190 0.2480 0.0036 0.0126
182 0.0721 0.4626 0.1625 0.2477 0.0462 0.0089
183 0.1501 0.6372 0.1235 0.0743 0.0068 0.0080
184 0.0906 0.6489 0.1093 0.1307 0.0105 0.0101
185 0.0604 0.5771 0.2107 0.1155 0.0060 0.0301
186 0.0524 0.4421 0.2122 0.2747 0.0149 0.0037
187 0.1467 0.3896 0.2053 0.2308 0.0136 0.0141
188 0.0517 0.1320 0.4431 0.3372 0.0116 0.0246
189 0.3137 0.2173 0.3555 0.0781 0.0071 0.0283
190 0.2834 0.2522 0.3845 0.0576 0.0055 0.0169
191 0.0314 0.1165 0.6704 0.1722 0.0028 0.0066
192 0.0188 0.2832 0.3635 0.3110 0.0047 0.0187
193 0.0171 0.1984 0.1777 0.5830 0.0081 0.0158
194 0.0261 0.1770 0.2576 0.5283 0.0049 0.0058
195 0.0522 0.2181 0.2803 0.4141 0.0141 0.0213
196 0.0175 0.2576 0.2006 0.5044 0.0181 0.0020
197 0.0381 0.0599 0.2947 0.5864 0.0184 0.0026
198 0.0494 0.1097 0.2590 0.5483 0.0307 0.0026
199 0.0399 0.0500 0.2603 0.6338 0.0098 0.0061
200 0.0695 0.3909 0.2262 0.2859 0.0112 0.0161
201 0.0610 0.4170 0.1186 0.3796 0.0154 0.0081
202 0.1201 0.2209 0.2297 0.3909 0.0233 0.0150
203 0.0653 0.4258 0.2666 0.2012 0.0384 0.0027
204 0.0728 0.3340 0.2856 0.2157 0.0845 0.0074
205 0.0677 0.2659 0.1189 0.4524 0.0202 0.0750
206 0.1451 0.1750 0.0783 0.5518 0.0319 0.0177
207 0.2620 0.2367 0.1381 0.3159 0.0202 0.0272
208 0.1438 0.2466 0.5142 0.0833 0.0067 0.0056
209 0.0283 0.5635 0.3418 0.0533 0.0112 0.0017
210 0.2974 0.0568 0.0893 0.4194 0.0517 0.0852
211 0.2286 0.1080 0.0472 0.4141 0.0569 0.1453
212 0.1660 0.2869 0.1547 0.3596 0.0203 0.0125
213 0.2095 0.3428 0.1968 0.1820 0.0600 0.0089
214 0.1056 0.3179 0.2739 0.2474 0.0249 0.0303
215 0.1631 0.3269 0.3347 0.1450 0.0252 0.0052
216 0.0698 0.1378 0.1305 0.5894 0.0458 0.0265
217 0.0159 0.3987 0.4661 0.0947 0.0037 0.0211
218 0.1731 0.4351 0.1237 0.2274 0.0349 0.0059
219 0.0485 0.1528 0.4028 0.3784 0.0147 0.0028
220 0.0568 0.2627 0.3071 0.3374 0.0326 0.0032
221 0.0623 0.0448 0.1963 0.6748 0.0148 0.0072
222 0.1108 0.2273 0.2637 0.3718 0.0255 0.0010
223 0.1403 0.1902 0.2330 0.4153 0.0196 0.0017
224 0.2266 0.1053 0.1251 0.5063 0.0347 0.0017
225 0.1610 0.1081 0.1273 0.5708 0.0322 0.0007
226 0.2383 0.0473 0.0738 0.6182 0.0211 0.0016
227 0.2004 0.0491 0.2020 0.5161 0.0293 0.0030
228 0.4114 0.0883 0.1782 0.2783 0.0414 0.0025
229 0.3149 0.0676 0.1547 0.4304 0.0295 0.0030
230 0.2094 0.0446 0.1221 0.6011 0.0195 0.0033
231 0.2170 0.0328 0.0919 0.6377 0.0170 0.0033
232 0.0980 0.0980 0.0920 0.3262 0.0276 0.3582
