time exciting_prob fearful_prob tense_prob sad_prob relaxing_prob neutral_prob
0 0.2637 0.0239 0.2554 0.3230 0.0116 0.1226
1 0.1571 0.1047 0.4839 0.2114 0.0351 0.0079
2 0.1453 0.1571 0.2891 0.3076 0.0423 0.0587
3 0.0654 0.0789 0.5225 0.3071 0.0118 0.0146
4 0.2791 0.0745 0.2174 0.2749 0.0928 0.0613
5 0.1458 0.0627 0.2681 0.3901 0.1190 0.0144
6 0.2510 0.0601 0.1429 0.4763 0.0397 0.0300
7 0.1792 0.0551 0.1908 0.4038 0.0639 0.1071
8 0.1541 0.0408 0.4124 0.2073 0.0408 0.1448
9 0.1744 0.0524 0.4185 0.2744 0.0349 0.0455
10 0.1476 0.0183 0.5151 0.2395 0.0309 0.0486
11 0.1537 0.0737 0.2418 0.4587 0.0354 0.0365
12 0.0856 0.1117 0.5586 0.1527 0.0171 0.0744
13 0.2496 0.0919 0.4812 0.1295 0.0238 0.0240
14 0.2974 0.2625 0.1450 0.2177 0.0326 0.0449
15 0.1721 0.1804 0.3477 0.1721 0.0501 0.0776
16 0.2034 0.3005 0.3459 0.0809 0.0280 0.0413
17 0.0361 0.1890 0.5913 0.1405 0.0065 0.0367
18 0.0860 0.2249 0.4949 0.1632 0.0129 0.0180
19 0.1475 0.1835 0.4009 0.2096 0.0239 0.0348
20 0.1392 0.2329 0.1504 0.2766 0.0562 0.1447
21 0.1011 0.5684 0.1775 0.0658 0.0509 0.0361
22 0.0817 0.0963 0.3206 0.3630 0.0178 0.1207
23 0.1313 0.2051 0.1987 0.3772 0.0236 0.0640
24 0.1533 0.2671 0.2979 0.2145 0.0068 0.0605
25 0.1307 0.2009 0.3784 0.2520 0.0074 0.0306
26 0.0695 0.1404 0.5254 0.2296 0.0065 0.0285
27 0.0945 0.1697 0.4688 0.2129 0.0241 0.0302
28 0.1470 0.3635 0.3723 0.0884 0.0092 0.0196
29 0.1587 0.2786 0.4382 0.0856 0.0068 0.0320
30 0.0929 0.1543 0.4536 0.2466 0.0114 0.0412
31 0.0932 0.2534 0.5117 0.1284 0.0032 0.0098
32 0.1226 0.3333 0.2517 0.2517 0.0054 0.0354
33 0.0807 0.2883 0.3477 0.2390 0.0041 0.0403
34 0.0770 0.4429 0.4097 0.0533 0.0071 0.0099
35 0.0475 0.1924 0.1895 0.3540 0.0054 0.2113
36 0.0836 0.3435 0.2676 0.2184 0.0102 0.0767
37 0.0565 0.1884 0.2917 0.4180 0.0045 0.0410
38 0.1625 0.2808 0.3284 0.0863 0.0223 0.1198
39 0.1016 0.1755 0.3657 0.1561 0.0098 0.1913
40 0.0504 0.1979 0.3391 0.3391 0.0065 0.0668
41 0.0314 0.3674 0.4297 0.0915 0.0088 0.0712
42 0.0642 0.0972 0.1277 0.5547 0.0068 0.1493
43 0.1021 0.2372 0.1763 0.3142 0.0097 0.1605
44 0.0457 0.1866 0.1511 0.5317 0.0133 0.0714
45 0.0549 0.2722 0.4282 0.1515 0.0180 0.0750
46 0.0970 0.0862 0.1990 0.5283 0.0205 0.0688
47 0.0831 0.2157 0.3394 0.2600 0.0231 0.0787
48 0.2003 0.2343 0.4844 0.0427 0.0310 0.0074
49 0.0670 0.2932 0.2015 0.1462 0.0146 0.2776
50 0.1119 0.2971 0.2482 0.1815 0.0306 0.1307
51 0.0589 0.1731 0.5171 0.1425 0.0152 0.0934
52 0.0748 0.2181 0.5068 0.1559 0.0060 0.0382
53 0.1460 0.0658 0.3970 0.3091 0.0316 0.0505
54 0.1873 0.0722 0.3391 0.2600 0.0399 0.1018
55 0.1644 0.0501 0.2798 0.1750 0.0187 0.3120
56 0.0891 0.1042 0.5049 0.1127 0.0173 0.1718
57 0.0564 0.0916 0.5269 0.0620 0.0103 0.2529
58 0.0417 0.0437 0.6519 0.0392 0.0087 0.2150
59 0.1195 0.0446 0.3005 0.3979 0.0101 0.1272
60 0.1511 0.0676 0.2759 0.3379 0.0067 0.1609
61 0.2073 0.0622 0.4744 0.2275 0.0164 0.0123
62 0.3933 0.1528 0.3184 0.1050 0.0074 0.0231
63 0.3103 0.1056 0.4209 0.1466 0.0091 0.0076
64 0.1901 0.1218 0.3086 0.3132 0.0084 0.0580
65 0.1940 0.1837 0.3433 0.2164 0.0092 0.0535
66 0.3047 0.3589 0.1508 0.1428 0.0152 0.0277
67 0.3582 0.1917 0.3313 0.0871 0.0190 0.0128
68 0.3982 0.1583 0.3125 0.0917 0.0277 0.0117
69 0.3894 0.0779 0.1989 0.1942 0.0228 0.1169
70 0.1842 0.1296 0.1886 0.3362 0.0898 0.0716
71 0.3176 0.1941 0.2781 0.0910 0.0822 0.0370
72 0.0880 0.1669 0.3821 0.2045 0.0573 0.1013
73 0.0658 0.1859 0.4602 0.0964 0.1011 0.0906
74 0.1862 0.2126 0.1202 0.3506 0.0367 0.0936
75 0.2634 0.2474 0.1500 0.2803 0.0345 0.0243
76 0.1572 0.5400 0.2378 0.0483 0.0117 0.0048
77 0.3784 0.2600 0.1802 0.1110 0.0234 0.0470
78 0.0887 0.1533 0.3147 0.3679 0.0601 0.0152
79 0.0634 0.0685 0.2798 0.3120 0.0214 0.2546
80 0.0255 0.3547 0.4924 0.0940 0.0022 0.0312
81 0.0822 0.3201 0.3486 0.1824 0.0076 0.0592
82 0.1203 0.1300 0.3269 0.3425 0.0077 0.0724
83 0.2306 0.3408 0.3354 0.0569 0.0166 0.0198
84 0.0684 0.5293 0.2876 0.0657 0.0434 0.0057
85 0.0509 0.1147 0.4980 0.2390 0.0147 0.0826
86 0.1866 0.1881 0.4546 0.1123 0.0269 0.0314
87 0.2446 0.1416 0.3560 0.1860 0.0283 0.0435
88 0.1615 0.6143 0.1493 0.0408 0.0127 0.0215
89 0.0983 0.6719 0.2048 0.0162 0.0076 0.0013
90 0.1605 0.1736 0.3618 0.1709 0.0378 0.0952
91 0.1354 0.1711 0.5029 0.1140 0.0189 0.0578
92 0.1426 0.3936 0.2925 0.1182 0.0180 0.0352
93 0.0568 0.2335 0.3616 0.2563 0.0474 0.0442
94 0.1169 0.1207 0.4082 0.2986 0.0480 0.0077
95 0.1009 0.2896 0.1899 0.2556 0.1017 0.0622
96 0.0927 0.1704 0.2578 0.2422 0.0184 0.2188
97 0.1160 0.2344 0.1742 0.3987 0.0380 0.0388
98 0.0669 0.1722 0.2883 0.3320 0.1279 0.0126
99 0.0308 0.0383 0.0978 0.7690 0.0165 0.0476
100 0.0562 0.2137 0.4817 0.2137 0.0112 0.0236
101 0.1142 0.1560 0.3687 0.2739 0.0063 0.0809
102 0.2283 0.2795 0.3374 0.1261 0.0182 0.0106
103 0.1048 0.0476 0.2554 0.4697 0.0561 0.0666
104 0.0886 0.4980 0.2883 0.1077 0.0075 0.0099
105 0.1445 0.1074 0.4248 0.2170 0.0157 0.0905
106 0.3369 0.4863 0.1472 0.0155 0.0073 0.0067
107 0.4021 0.3718 0.1855 0.0207 0.0087 0.0111
108 0.0592 0.0433 0.7681 0.1107 0.0056 0.0132
109 0.1493 0.1787 0.2386 0.1127 0.0069 0.3137
110 0.1615 0.2462 0.3186 0.1887 0.0076 0.0775
111 0.2170 0.1799 0.3416 0.2384 0.0064 0.0167
112 0.1085 0.3701 0.4463 0.0643 0.0013 0.0096
113 0.1693 0.2542 0.4495 0.1136 0.0060 0.0074
114 0.1733 0.1249 0.4712 0.1816 0.0244 0.0246
115 0.2253 0.1160 0.3279 0.2739 0.0227 0.0343
116 0.3997 0.1627 0.2747 0.1136 0.0466 0.0027
117 0.2103 0.1285 0.3577 0.2537 0.0118 0.0380
118 0.2177 0.2952 0.2159 0.2299 0.0288 0.0128
119 0.4822 0.1705 0.1903 0.0831 0.0470 0.0270
120 0.0881 0.2910 0.4688 0.1242 0.0126 0.0154
121 0.0268 0.0789 0.8750 0.0173 0.0011 0.0008
122 0.1693 0.1831 0.2925 0.3289 0.0222 0.0040
123 0.1074 0.0948 0.5205 0.0458 0.0598 0.1716
124 0.1428 0.0982 0.6016 0.0887 0.0367 0.0321
125 0.1296 0.0898 0.5718 0.0627 0.0830 0.0632
126 0.1322 0.0367 0.1148 0.6606 0.0334 0.0223
127 0.3872 0.1425 0.3582 0.1042 0.0062 0.0020
128 0.0739 0.3159 0.4741 0.1180 0.0048 0.0135
129 0.0577 0.2671 0.5742 0.0577 0.0016 0.0416
130 0.0845 0.3999 0.3584 0.1239 0.0017 0.0316
131 0.0427 0.4082 0.2595 0.2308 0.0100 0.0488
132 0.0825 0.2208 0.0700 0.5137 0.0056 0.1076
133 0.1987 0.2612 0.0692 0.4309 0.0059 0.0340
134 0.0781 0.2010 0.1934 0.5015 0.0041 0.0217
135 0.1241 0.2230 0.5024 0.1343 0.0151 0.0008
136 0.0309 0.1775 0.7246 0.0567 0.0094 0.0010
137 0.0412 0.0788 0.1129 0.7480 0.0052 0.0140
138 0.0548 0.0984 0.6470 0.1661 0.0315 0.0021
139 0.0653 0.1394 0.5820 0.1965 0.0125 0.0041
140 0.0501 0.2976 0.5918 0.0538 0.0060 0.0008
141 0.0368 0.3108 0.4453 0.1976 0.0055 0.0039
142 0.0651 0.3083 0.3440 0.2478 0.0079 0.0269
143 0.2742 0.1255 0.2086 0.1663 0.0414 0.1841
144 0.4548 0.1263 0.1500 0.0931 0.0172 0.1584
145 0.0883 0.0682 0.3630 0.1048 0.0070 0.3687
146 0.1602 0.0594 0.2294 0.0728 0.0114 0.4670
147 0.0983 0.1725 0.0916 0.6309 0.0025 0.0042
148 0.0348 0.0902 0.1487 0.7207 0.0047 0.0010
149 0.0353 0.4478 0.2891 0.2216 0.0062 0.0002
150 0.1130 0.3506 0.3218 0.2045 0.0097 0.0004
151 0.1157 0.2318 0.4365 0.2046 0.0109 0.0005
152 0.0712 0.4536 0.4297 0.0393 0.0060 0.0002
153 0.1565 0.0663 0.4189 0.2009 0.0355 0.1219
154 0.0369 0.1238 0.3755 0.2664 0.0055 0.1918
155 0.0202 0.1161 0.0411 0.5371 0.0025 0.2830
156 0.0414 0.1031 0.0855 0.5845 0.0029 0.1825
157 0.0591 0.2246 0.0958 0.4983 0.0040 0.1183
158 0.0315 0.1434 0.0804 0.5410 0.0014 0.2021
159 0.0606 0.2286 0.1365 0.3828 0.0035 0.1880
160 0.0363 0.1357 0.1842 0.5942 0.0025 0.0469
161 0.0398 0.2942 0.2021 0.1503 0.0054 0.3083
162 0.0442 0.0892 0.5547 0.2664 0.0066 0.0390
163 0.1670 0.2212 0.1982 0.2046 0.0169 0.1921
164 0.1345 0.1047 0.2759 0.3713 0.0104 0.1031
165 0.2795 0.1383 0.3972 0.1174 0.0449 0.0226
166 0.3608 0.1307 0.3667 0.1172 0.0156 0.0089
167 0.2466 0.3616 0.2817 0.0845 0.0210 0.0045
168 0.2871 0.1235 0.2418 0.2272 0.0225 0.0977
169 0.2524 0.1111 0.3342 0.2859 0.0127 0.0036
170 0.3577 0.2069 0.1400 0.2786 0.0129 0.0039
171 0.3867 0.1855 0.1703 0.2070 0.0156 0.0346
172 0.2947 0.2791 0.2386 0.1653 0.0164 0.0058
173 0.1619 0.2710 0.3765 0.1486 0.0116 0.0304
174 0.1951 0.1405 0.3850 0.2194 0.0555 0.0046
175 0.2939 0.1421 0.2218 0.2939 0.0104 0.0380
176 0.1298 0.1774 0.2925 0.3755 0.0222 0.0025
177 0.3105 0.1501 0.3306 0.1715 0.0134 0.0239
178 0.5435 0.2047 0.1570 0.0582 0.0097 0.0266
179 0.1914 0.2239 0.3838 0.1550 0.0105 0.0354
180 0.1757 0.3257 0.4556 0.0249 0.0078 0.0104
181 0.2737 0.2360 0.3030 0.1622 0.0185 0.0067
182 0.1743 0.1914 0.4521 0.1562 0.0115 0.0145
183 0.2202 0.2456 0.3518 0.1525 0.0184 0.0114
184 0.2991 0.1639 0.2367 0.1801 0.0127 0.1075
185 0.0943 0.4160 0.3188 0.0558 0.1137 0.0012
186 0.3167 0.1921 0.2335 0.1077 0.1270 0.0229
187 0.2556 0.1296 0.2966 0.2170 0.0710 0.0301
188 0.0434 0.0477 0.1857 0.6187 0.0098 0.0948
189 0.2615 0.1770 0.4663 0.0531 0.0362 0.0060
190 0.1052 0.3042 0.5259 0.0497 0.0138 0.0013
191 0.1125 0.3333 0.2556 0.1099 0.1389 0.0499
192 0.2452 0.2651 0.3005 0.0875 0.0803 0.0213
193 0.0330 0.0552 0.0676 0.7622 0.0064 0.0755
194 0.0778 0.0881 0.1985 0.3767 0.0410 0.2180
195 0.0500 0.2366 0.3899 0.2722 0.0129 0.0383
196 0.1012 0.1320 0.0865 0.5386 0.0044 0.1372
197 0.0309 0.1012 0.2076 0.6499 0.0091 0.0013
198 0.1118 0.0942 0.2834 0.4973 0.0099 0.0035
199 0.0466 0.0934 0.2257 0.6230 0.0083 0.0028
200 0.0799 0.0956 0.4421 0.3235 0.0259 0.0331
201 0.1278 0.1591 0.2581 0.3875 0.0236 0.0438
202 0.1716 0.1445 0.2365 0.3662 0.0607 0.0207
203 0.1549 0.2218 0.3984 0.1586 0.0565 0.0097
204 0.0764 0.2013 0.4944 0.1833 0.0370 0.0075
205 0.1478 0.1675 0.1783 0.1151 0.0078 0.3835
206 0.0991 0.1022 0.5791 0.1821 0.0150 0.0226
207 0.0856 0.0465 0.2220 0.5850 0.0060 0.0548
208 0.2358 0.1030 0.1132 0.2737 0.0152 0.2590
209 0.1770 0.0441 0.0607 0.4888 0.0058 0.2238
210 0.1018 0.0562 0.1932 0.6045 0.0100 0.0341
211 0.1412 0.0274 0.2898 0.4558 0.0191 0.0667
212 0.1332 0.1311 0.3000 0.4102 0.0135 0.0122
213 0.2284 0.1510 0.2031 0.3708 0.0157 0.0309
214 0.3403 0.1909 0.3101 0.1302 0.0151 0.0133
215 0.3184 0.1075 0.3362 0.1576 0.0589 0.0215
216 0.4160 0.0459 0.0695 0.3669 0.0184 0.0832
217 0.1019 0.5054 0.2705 0.0800 0.0067 0.0355
218 0.0482 0.1406 0.5063 0.2627 0.0081 0.0339
219 0.3196 0.1428 0.2864 0.1658 0.0143 0.0713
220 0.2051 0.0731 0.1989 0.4919 0.0098 0.0211
221 0.2207 0.2539 0.3237 0.1678 0.0225 0.0112
222 0.0677 0.0484 0.5078 0.2515 0.0245 0.1000
223 0.1409 0.1768 0.4548 0.1196 0.0479 0.0601
224 0.6333 0.1470 0.0994 0.0787 0.0202 0.0212
225 0.1990 0.0636 0.1869 0.5161 0.0144 0.0202
226 0.1584 0.1548 0.2634 0.3984 0.0116 0.0132
227 0.3384 0.0767 0.1550 0.3660 0.0177 0.0462
228 0.5449 0.1000 0.2253 0.1116 0.0139 0.0044
229 0.0902 0.0592 0.3406 0.4954 0.0086 0.0060
230 0.1711 0.0472 0.3457 0.3623 0.0069 0.0665
231 0.2913 0.1956 0.3225 0.1583 0.0291 0.0033
232 0.0415 0.1129 0.7026 0.1147 0.0095 0.0189
233 0.0395 0.0726 0.1942 0.6885 0.0037 0.0014
234 0.1143 0.1255 0.2534 0.4885 0.0124 0.0057
235 0.0459 0.0956 0.1759 0.6641 0.0135 0.0053
236 0.0220 0.0267 0.1206 0.8242 0.0016 0.0047
237 0.2192 0.1329 0.1904 0.3728 0.0196 0.0648
238 0.0312 0.0499 0.2234 0.6880 0.0029 0.0044
239 0.0335 0.1560 0.1853 0.6172 0.0060 0.0019
240 0.2725 0.1084 0.1553 0.4124 0.0169 0.0346
241 0.2222 0.0276 0.1285 0.5498 0.0129 0.0589
242 0.0603 0.1436 0.3442 0.3086 0.0043 0.1390
243 0.1184 0.0670 0.4004 0.3120 0.0759 0.0264
244 0.3801 0.1512 0.2937 0.1377 0.0275 0.0094
245 0.2083 0.0797 0.0842 0.5488 0.0315 0.0476
246 0.3223 0.2267 0.2712 0.0923 0.0356 0.0518
247 0.0786 0.4556 0.4019 0.0503 0.0105 0.0032
248 0.2168 0.0593 0.4810 0.1927 0.0480 0.0023
249 0.1783 0.1284 0.3926 0.1265 0.0068 0.1675
250 0.1777 0.2627 0.3533 0.1310 0.0638 0.0115
251 0.1871 0.1731 0.2854 0.2681 0.0532 0.0333
252 0.4094 0.1566 0.2749 0.0920 0.0381 0.0290
253 0.1521 0.0789 0.2249 0.4333 0.0422 0.0685
254 0.1389 0.2020 0.4553 0.0773 0.1160 0.0105
255 0.0341 0.1135 0.2722 0.4282 0.1368 0.0154
256 0.0630 0.2454 0.2612 0.2491 0.1660 0.0153
257 0.0948 0.0395 0.3159 0.1447 0.3931 0.0121
258 0.1250 0.0894 0.1508 0.6060 0.0157 0.0133
259 0.1119 0.0900 0.4360 0.3044 0.0272 0.0306
260 0.2041 0.0717 0.1887 0.4973 0.0095 0.0287
261 0.1234 0.1023 0.2416 0.4956 0.0055 0.0317
262 0.1050 0.1171 0.4351 0.2944 0.0374 0.0108
263 0.1676 0.2037 0.1663 0.3865 0.0171 0.0588
264 0.2471 0.2981 0.2957 0.1223 0.0239 0.0128
265 0.1055 0.1699 0.1030 0.5977 0.0115 0.0126
266 0.0811 0.0823 0.4966 0.3010 0.0095 0.0296
267 0.1816 0.1494 0.1616 0.4788 0.0088 0.0198
268 0.1871 0.3062 0.1626 0.3259 0.0157 0.0025
269 0.1357 0.3660 0.0499 0.4346 0.0112 0.0026
270 0.2050 0.1523 0.1080 0.2800 0.0131 0.2415
271 0.0799 0.4121 0.4253 0.0627 0.0092 0.0108
272 0.0649 0.1418 0.5352 0.2267 0.0052 0.0258
273 0.1827 0.0919 0.1960 0.2440 0.0194 0.2659
274 0.2380 0.1169 0.1324 0.3862 0.0140 0.1124
275 0.2527 0.0634 0.0846 0.4263 0.0337 0.1395
276 0.1810 0.0377 0.2939 0.4412 0.0177 0.0284
277 0.1017 0.0480 0.5088 0.2766 0.0462 0.0190
278 0.0626 0.1335 0.7505 0.0315 0.0140 0.0080
279 0.1901 0.1504 0.5854 0.0363 0.0346 0.0030
280 0.1890 0.1309 0.6196 0.0318 0.0276 0.0010
281 0.4719 0.1968 0.1029 0.1644 0.0221 0.0419
282 0.2695 0.0640 0.0597 0.4958 0.0214 0.0896
283 0.1543 0.1804 0.4131 0.1735 0.0604 0.0183
284 0.1573 0.1315 0.4146 0.2020 0.0365 0.0579
285 0.1368 0.0424 0.1226 0.5410 0.0325 0.1246
286 0.0206 0.0747 0.1820 0.5518 0.0051 0.1656
287 0.0726 0.1663 0.4246 0.2964 0.0121 0.0278
288 0.3279 0.1432 0.2361 0.2399 0.0332 0.0197
289 0.1436 0.0536 0.3552 0.3284 0.0424 0.0768
290 0.2030 0.0256 0.1005 0.5605 0.0425 0.0680
291 0.0967 0.0494 0.1342 0.6504 0.0309 0.0385
292 0.2678 0.0488 0.0970 0.2852 0.1170 0.1841
293 0.9907 0.0026 0.0006 0.0055 0.0003 0.0002
294 0.9907 0.0029 0.0007 0.0054 0.0003 0.0002
295 0.9912 0.0022 0.0005 0.0057 0.0003 0.0002
296 0.9912 0.0024 0.0005 0.0052 0.0003 0.0002
297 0.9912 0.0024 0.0005 0.0052 0.0003 0.0002
298 0.9917 0.0025 0.0005 0.0049 0.0003 0.0002
299 0.9912 0.0026 0.0006 0.0050 0.0003 0.0002
300 0.9902 0.0029 0.0006 0.0060 0.0003 0.0002
301 0.9907 0.0028 0.0006 0.0053 0.0003 0.0002
302 0.1775 0.1831 0.0995 0.3020 0.0428 0.1949
303 0.1775 0.1831 0.0995 0.3020 0.0428 0.1949
304 0.1775 0.1831 0.0995 0.3020 0.0428 0.1949
305 0.5391 0.2468 0.1451 0.0329 0.0334 0.0026
306 0.5386 0.2466 0.1450 0.0334 0.0336 0.0027
307 0.5386 0.2505 0.1427 0.0323 0.0336 0.0026
308 0.5386 0.2505 0.1427 0.0323 0.0336 0.0026
309 0.5386 0.2505 0.1427 0.0323 0.0336 0.0026
310 0.1136 0.1553 0.1349 0.1288 0.0181 0.4492
311 0.1136 0.1553 0.1349 0.1288 0.0181 0.4492
312 0.2120 0.1842 0.0721 0.2854 0.0374 0.2087
