time exciting_prob fearful_prob tense_prob sad_prob relaxing_prob neutral_prob
0 0.1136 0.1553 0.1349 0.1288 0.0181 0.4492
1 0.1993 0.0338 0.3723 0.3391 0.0125 0.0428
2 0.6074 0.0578 0.2035 0.1056 0.0133 0.0123
3 0.6221 0.0561 0.1958 0.1024 0.0119 0.0115
4 0.5327 0.0641 0.2477 0.1265 0.0157 0.0133
5 0.1620 0.0379 0.6929 0.0894 0.0089 0.0091
6 0.1979 0.2191 0.4749 0.0252 0.0470 0.0360
7 0.2661 0.2578 0.3259 0.0150 0.1050 0.0301
8 0.2756 0.1865 0.3796 0.0142 0.0765 0.0676
9 0.2302 0.2690 0.3826 0.0179 0.0446 0.0555
10 0.1904 0.2971 0.3699 0.0115 0.0914 0.0396
11 0.2070 0.1976 0.4087 0.0092 0.1316 0.0458
12 0.1092 0.3389 0.4490 0.0325 0.0272 0.0431
13 0.3130 0.2151 0.3804 0.0338 0.0371 0.0208
14 0.1016 0.3306 0.2135 0.3010 0.0296 0.0238
15 0.1221 0.2177 0.2211 0.3879 0.0432 0.0079
16 0.2651 0.2778 0.0714 0.3052 0.0560 0.0243
17 0.2157 0.0723 0.2996 0.2483 0.0942 0.0700
18 0.4177 0.3601 0.0809 0.0202 0.1098 0.0115
19 0.3308 0.3440 0.2576 0.0099 0.0484 0.0095
20 0.2544 0.4944 0.1320 0.0163 0.0729 0.0302
21 0.3789 0.3672 0.1495 0.0041 0.0839 0.0164
22 0.2622 0.4028 0.2600 0.0052 0.0516 0.0181
23 0.4243 0.3079 0.1315 0.0047 0.1031 0.0284
24 0.4885 0.1489 0.1235 0.0089 0.1179 0.1124
25 0.3430 0.1293 0.2778 0.0551 0.1132 0.0815
26 0.2332 0.3904 0.2903 0.0037 0.0580 0.0244
27 0.3398 0.2605 0.2317 0.0073 0.1240 0.0367
28 0.4490 0.2832 0.1010 0.0090 0.0844 0.0733
29 0.3022 0.2317 0.2795 0.0058 0.1289 0.0521
30 0.1666 0.3313 0.4602 0.0090 0.0170 0.0159
31 0.3933 0.1932 0.2367 0.0172 0.1144 0.0452
32 0.4482 0.2495 0.1514 0.0112 0.0715 0.0682
33 0.3989 0.1855 0.1116 0.0151 0.1226 0.1663
34 0.2627 0.1373 0.4680 0.0033 0.1174 0.0114
35 0.2649 0.1497 0.3564 0.0151 0.1968 0.0173
36 0.3477 0.1250 0.3506 0.0056 0.1617 0.0094
37 0.3206 0.1305 0.3108 0.0040 0.2273 0.0070
38 0.3218 0.1998 0.4165 0.0064 0.0446 0.0109
39 0.4365 0.1593 0.2336 0.0055 0.1556 0.0096
40 0.4209 0.1072 0.2593 0.1187 0.0616 0.0322
41 0.3328 0.1912 0.3655 0.0097 0.0895 0.0113
42 0.0532 0.2385 0.6792 0.0036 0.0236 0.0016
43 0.1746 0.2224 0.4526 0.0088 0.1370 0.0046
44 0.1392 0.1603 0.2900 0.0046 0.4028 0.0031
45 0.2554 0.0903 0.4551 0.0094 0.1782 0.0117
46 0.2825 0.1124 0.3381 0.0074 0.2473 0.0124
47 0.2898 0.1010 0.2876 0.0041 0.3062 0.0114
48 0.3921 0.0828 0.3433 0.0142 0.1584 0.0091
49 0.4512 0.1030 0.2800 0.0060 0.1476 0.0122
50 0.5229 0.0998 0.2319 0.0070 0.1204 0.0182
51 0.4568 0.1003 0.3042 0.0059 0.1220 0.0107
52 0.3604 0.1434 0.2637 0.0083 0.2119 0.0122
53 0.5137 0.0965 0.2108 0.0264 0.1372 0.0156
54 0.4412 0.1432 0.3127 0.0081 0.0829 0.0118
55 0.2878 0.2106 0.4092 0.0051 0.0818 0.0054
56 0.6284 0.1127 0.1887 0.0041 0.0496 0.0165
57 0.4685 0.1558 0.3098 0.0071 0.0510 0.0079
58 0.3772 0.3008 0.2532 0.0126 0.0427 0.0135
59 0.3599 0.4409 0.1421 0.0083 0.0354 0.0134
60 0.2542 0.3877 0.1904 0.0135 0.1146 0.0396
61 0.2438 0.3926 0.2345 0.0565 0.0340 0.0386
62 0.1667 0.5176 0.2388 0.0219 0.0375 0.0177
63 0.2974 0.4192 0.1642 0.0088 0.0674 0.0432
64 0.1727 0.4661 0.2289 0.0263 0.0630 0.0430
65 0.2793 0.3757 0.1964 0.0166 0.1094 0.0226
66 0.1240 0.5342 0.1996 0.0509 0.0619 0.0294
67 0.2100 0.4805 0.2051 0.0208 0.0671 0.0167
68 0.1169 0.5039 0.2219 0.0239 0.1226 0.0106
69 0.0883 0.6377 0.1914 0.0114 0.0651 0.0062
70 0.3279 0.2986 0.1433 0.0195 0.1854 0.0251
71 0.2488 0.3220 0.1893 0.0860 0.1375 0.0164
72 0.4666 0.3013 0.1227 0.0052 0.0911 0.0132
73 0.2566 0.3047 0.3242 0.0183 0.0782 0.0179
74 0.0992 0.6836 0.1959 0.0059 0.0085 0.0068
75 0.2444 0.4324 0.2463 0.0043 0.0623 0.0103
76 0.1127 0.5093 0.3472 0.0087 0.0143 0.0079
77 0.0933 0.4890 0.3809 0.0065 0.0229 0.0075
78 0.1171 0.3259 0.5127 0.0032 0.0343 0.0070
79 0.0529 0.4292 0.4939 0.0045 0.0108 0.0088
80 0.1735 0.3879 0.3503 0.0052 0.0746 0.0084
81 0.1738 0.1659 0.2866 0.1333 0.0719 0.1685
82 0.1447 0.4121 0.2944 0.0123 0.1135 0.0229
83 0.1414 0.5952 0.1470 0.0177 0.0678 0.0311
84 0.2888 0.3147 0.2568 0.0237 0.0854 0.0307
85 0.2595 0.3604 0.2942 0.0202 0.0255 0.0401
86 0.1710 0.5107 0.2249 0.0534 0.0266 0.0133
87 0.2883 0.1508 0.2839 0.2013 0.0272 0.0486
88 0.4001 0.2159 0.3503 0.0062 0.0139 0.0133
89 0.1956 0.2651 0.5073 0.0100 0.0153 0.0069
90 0.3694 0.1978 0.3159 0.0553 0.0408 0.0207
91 0.3987 0.1207 0.2053 0.0298 0.2236 0.0218
92 0.5591 0.2294 0.1414 0.0132 0.0283 0.0289
93 0.2407 0.5176 0.2010 0.0083 0.0220 0.0103
94 0.2925 0.2881 0.2426 0.0508 0.0533 0.0728
95 0.1835 0.3794 0.3564 0.0233 0.0359 0.0214
96 0.1292 0.4370 0.3567 0.0102 0.0547 0.0123
97 0.1342 0.5967 0.1863 0.0542 0.0099 0.0189
98 0.4705 0.2681 0.1171 0.0733 0.0459 0.0253
99 0.1855 0.2598 0.4023 0.0141 0.0762 0.0622
100 0.2937 0.3008 0.2695 0.0105 0.0992 0.0265
101 0.0544 0.3928 0.3721 0.0360 0.1285 0.0161
102 0.1593 0.2246 0.4792 0.0102 0.1005 0.0264
103 0.1562 0.2764 0.3835 0.0151 0.1099 0.0588
104 0.0920 0.1932 0.5015 0.0438 0.0851 0.0844
105 0.2167 0.3057 0.3103 0.0150 0.1089 0.0433
106 0.2153 0.2637 0.3899 0.0131 0.1025 0.0155
107 0.0878 0.3113 0.4458 0.0173 0.1190 0.0190
108 0.0397 0.4473 0.3708 0.0847 0.0475 0.0100
109 0.0215 0.6333 0.2661 0.0594 0.0154 0.0046
110 0.0665 0.3098 0.5742 0.0103 0.0214 0.0175
111 0.0970 0.3232 0.4385 0.0261 0.0646 0.0504
112 0.1008 0.2325 0.5283 0.0218 0.0767 0.0398
113 0.1554 0.3188 0.4463 0.0046 0.0633 0.0117
114 0.2281 0.2666 0.3821 0.0034 0.0690 0.0509
115 0.0732 0.1943 0.5493 0.0020 0.1742 0.0072
116 0.0468 0.2472 0.6670 0.0055 0.0257 0.0080
117 0.2500 0.2705 0.3313 0.0062 0.0956 0.0463
118 0.3313 0.2207 0.2539 0.0060 0.1010 0.0871
119 0.2275 0.3311 0.2898 0.0028 0.1025 0.0462
120 0.0569 0.3743 0.3984 0.0055 0.1548 0.0102
121 0.2979 0.2510 0.2629 0.0059 0.1242 0.0582
122 0.2173 0.2925 0.3018 0.0036 0.1238 0.0613
123 0.0277 0.3740 0.4878 0.0359 0.0630 0.0116
124 0.0177 0.3721 0.6040 0.0009 0.0047 0.0009
125 0.2046 0.3245 0.3120 0.0040 0.1078 0.0471
126 0.1602 0.1873 0.3784 0.0031 0.2561 0.0151
127 0.2627 0.2488 0.3374 0.0029 0.1139 0.0345
128 0.1885 0.1991 0.3550 0.0043 0.2039 0.0492
129 0.0815 0.3350 0.4268 0.0075 0.1333 0.0160
130 0.2385 0.2461 0.2900 0.0052 0.1639 0.0562
131 0.2681 0.2788 0.2008 0.0033 0.1801 0.0688
132 0.1991 0.3359 0.2917 0.0016 0.1400 0.0315
133 0.3032 0.2849 0.2534 0.0055 0.1048 0.0483
134 0.2874 0.3467 0.2291 0.0414 0.0469 0.0484
135 0.1263 0.5449 0.2455 0.0216 0.0177 0.0440
136 0.1207 0.4736 0.3660 0.0109 0.0120 0.0166
137 0.2273 0.4348 0.2722 0.0019 0.0462 0.0177
138 0.2700 0.3665 0.2292 0.0249 0.0325 0.0768
139 0.2122 0.4253 0.2810 0.0077 0.0408 0.0328
140 0.0737 0.5659 0.3352 0.0072 0.0062 0.0118
141 0.1671 0.4951 0.2413 0.0316 0.0201 0.0446
142 0.1904 0.4426 0.2949 0.0187 0.0183 0.0349
143 0.0548 0.3462 0.3303 0.2235 0.0130 0.0320
144 0.0526 0.4985 0.3071 0.0873 0.0209 0.0334
145 0.1048 0.5405 0.3079 0.0116 0.0202 0.0151
146 0.1837 0.3770 0.2305 0.0433 0.0514 0.1141
147 0.1805 0.3245 0.3884 0.0187 0.0429 0.0450
148 0.1776 0.5020 0.2245 0.0281 0.0326 0.0352
149 0.1309 0.2426 0.2522 0.1360 0.0466 0.1919
150 0.1511 0.4407 0.2959 0.0329 0.0298 0.0494
151 0.1671 0.4072 0.2888 0.0262 0.0273 0.0834
152 0.0782 0.5347 0.3452 0.0121 0.0133 0.0168
153 0.0627 0.3723 0.5415 0.0109 0.0084 0.0040
154 0.1085 0.5864 0.2625 0.0137 0.0135 0.0154
155 0.1531 0.5259 0.2316 0.0067 0.0521 0.0304
156 0.0560 0.6021 0.2715 0.0309 0.0249 0.0146
157 0.0356 0.6270 0.2961 0.0158 0.0198 0.0058
158 0.0826 0.3975 0.4297 0.0038 0.0685 0.0179
159 0.0946 0.4048 0.4443 0.0192 0.0351 0.0019
160 0.0375 0.5474 0.2905 0.0981 0.0237 0.0028
161 0.0430 0.5073 0.3379 0.0953 0.0145 0.0019
162 0.0514 0.4834 0.4333 0.0165 0.0145 0.0007
163 0.0202 0.3367 0.4321 0.1979 0.0123 0.0010
164 0.0489 0.4253 0.4673 0.0455 0.0108 0.0022
165 0.0305 0.5811 0.3110 0.0678 0.0060 0.0036
166 0.0287 0.5576 0.2986 0.1032 0.0085 0.0033
167 0.1451 0.5103 0.2449 0.0108 0.0820 0.0067
168 0.1782 0.4624 0.3381 0.0081 0.0061 0.0070
169 0.2739 0.3176 0.3516 0.0200 0.0245 0.0122
170 0.3953 0.2200 0.2913 0.0083 0.0676 0.0176
171 0.4673 0.1963 0.2661 0.0138 0.0466 0.0098
172 0.2678 0.2761 0.4019 0.0110 0.0386 0.0046
173 0.2123 0.3367 0.3755 0.0113 0.0508 0.0135
174 0.1078 0.3398 0.5024 0.0055 0.0367 0.0077
175 0.2917 0.1265 0.4180 0.0067 0.1082 0.0488
176 0.3096 0.3218 0.3293 0.0058 0.0231 0.0103
177 0.3733 0.2095 0.3452 0.0231 0.0273 0.0216
178 0.5190 0.2303 0.1510 0.0120 0.0834 0.0042
179 0.6934 0.1398 0.0991 0.0132 0.0475 0.0071
180 0.5469 0.0981 0.1299 0.0301 0.1708 0.0242
181 0.5654 0.2064 0.1725 0.0079 0.0370 0.0107
182 0.7261 0.0708 0.1176 0.0153 0.0416 0.0284
183 0.6191 0.1288 0.1995 0.0045 0.0193 0.0285
184 0.5776 0.1239 0.2124 0.0059 0.0285 0.0517
185 0.6875 0.0867 0.1343 0.0159 0.0457 0.0297
186 0.5039 0.2805 0.1367 0.0116 0.0430 0.0243
187 0.4119 0.1600 0.2788 0.0287 0.0971 0.0234
188 0.3030 0.2035 0.1727 0.1597 0.1313 0.0298
189 0.4688 0.1608 0.1779 0.0250 0.1632 0.0044
190 0.4011 0.1752 0.3298 0.0211 0.0479 0.0249
191 0.4314 0.1479 0.2383 0.0298 0.1099 0.0427
192 0.4810 0.2004 0.1675 0.0139 0.0767 0.0607
193 0.4243 0.1927 0.2739 0.0085 0.0404 0.0602
194 0.3677 0.1697 0.2095 0.0131 0.0337 0.2063
195 0.6509 0.0736 0.1621 0.0106 0.0802 0.0224
196 0.6675 0.1273 0.1443 0.0156 0.0382 0.0072
197 0.6372 0.1216 0.1869 0.0174 0.0298 0.0072
198 0.6802 0.0763 0.1163 0.0331 0.0384 0.0558
199 0.4644 0.1461 0.2335 0.0082 0.1279 0.0198
200 0.6235 0.0920 0.1873 0.0225 0.0558 0.0187
201 0.6182 0.1346 0.2102 0.0056 0.0174 0.0141
202 0.5469 0.1416 0.2175 0.0093 0.0517 0.0328
203 0.6675 0.1335 0.1057 0.0141 0.0709 0.0081
204 0.5010 0.1296 0.2854 0.0124 0.0545 0.0169
205 0.5098 0.1484 0.2646 0.0069 0.0555 0.0148
206 0.7051 0.1389 0.0955 0.0091 0.0440 0.0072
207 0.6748 0.0899 0.1844 0.0164 0.0320 0.0027
208 0.4795 0.1737 0.1619 0.0468 0.1157 0.0226
209 0.3879 0.1832 0.3533 0.0158 0.0396 0.0201
210 0.4038 0.1558 0.2374 0.0140 0.1724 0.0165
211 0.4229 0.2428 0.2126 0.0124 0.0685 0.0409
212 0.3594 0.2214 0.1407 0.2129 0.0382 0.0273
213 0.2391 0.2111 0.3269 0.1005 0.0680 0.0546
214 0.3064 0.3782 0.2900 0.0108 0.0112 0.0035
215 0.1880 0.5928 0.1985 0.0029 0.0164 0.0015
216 0.2964 0.4773 0.1927 0.0087 0.0225 0.0025
217 0.4121 0.2854 0.2404 0.0045 0.0562 0.0012
218 0.5166 0.1296 0.2329 0.0207 0.0956 0.0045
219 0.5791 0.1313 0.2305 0.0073 0.0479 0.0037
220 0.4863 0.1694 0.2729 0.0099 0.0525 0.0088
221 0.4856 0.1360 0.2788 0.0137 0.0598 0.0259
222 0.3821 0.1749 0.3882 0.0053 0.0367 0.0128
223 0.5825 0.0951 0.1907 0.0894 0.0283 0.0140
224 0.4023 0.1600 0.2402 0.0612 0.0323 0.1041
225 0.3167 0.2245 0.3909 0.0283 0.0199 0.0199
226 0.5161 0.2255 0.1840 0.0437 0.0174 0.0135
227 0.3218 0.2335 0.3911 0.0290 0.0164 0.0082
228 0.3679 0.1167 0.4072 0.0309 0.0724 0.0047
229 0.2776 0.2374 0.4507 0.0145 0.0180 0.0018
230 0.4875 0.1851 0.2588 0.0128 0.0547 0.0012
231 0.5449 0.1107 0.3057 0.0053 0.0315 0.0016
232 0.6733 0.0850 0.1445 0.0185 0.0756 0.0032
233 0.3945 0.1130 0.3347 0.0295 0.1157 0.0125
234 0.2502 0.1578 0.2157 0.1641 0.0652 0.1471
235 0.5283 0.1198 0.2135 0.0495 0.0710 0.0178
236 0.3699 0.0845 0.0914 0.2622 0.0819 0.1102
237 0.4148 0.1689 0.2119 0.0710 0.1074 0.0259
238 0.3467 0.0511 0.2006 0.2700 0.0823 0.0495
239 0.4817 0.2311 0.1576 0.0566 0.0598 0.0133
240 0.3359 0.1065 0.1337 0.3010 0.0351 0.0876
241 0.5679 0.2073 0.1154 0.0445 0.0424 0.0224
242 0.2437 0.2986 0.0969 0.2871 0.0430 0.0307
243 0.0676 0.1646 0.0676 0.6558 0.0195 0.0248
244 0.1589 0.3997 0.1615 0.2241 0.0283 0.0276
