time exciting_prob fearful_prob tense_prob sad_prob relaxing_prob neutral_prob
0 0.1136 0.1553 0.1349 0.1288 0.0181 0.4492
1 0.1088 0.3052 0.0334 0.5034 0.0468 0.0024
2 0.1091 0.3013 0.0315 0.5083 0.0476 0.0023
3 0.1025 0.3440 0.0414 0.4702 0.0398 0.0022
4 0.1111 0.5386 0.1920 0.0390 0.0212 0.0981
5 0.1079 0.7319 0.0975 0.0020 0.0582 0.0024
6 0.0779 0.2476 0.2593 0.0515 0.3518 0.0119
7 0.0748 0.3223 0.1940 0.0630 0.3376 0.0083
8 0.1078 0.3562 0.1968 0.0110 0.3245 0.0039
9 0.2957 0.3623 0.3196 0.0068 0.0045 0.0113
10 0.2296 0.3845 0.3613 0.0065 0.0044 0.0138
11 0.1312 0.1375 0.2800 0.0759 0.3074 0.0681
12 0.1349 0.1481 0.1317 0.2137 0.2681 0.1034
13 0.2458 0.4629 0.2598 0.0026 0.0231 0.0057
14 0.0059 0.0643 0.1240 0.6807 0.0586 0.0663
15 0.0357 0.0294 0.0141 0.0088 0.9072 0.0048
16 0.0300 0.0177 0.0158 0.0111 0.9194 0.0058
17 0.1560 0.2869 0.1824 0.0506 0.3030 0.0211
18 0.1484 0.3167 0.1221 0.0696 0.3218 0.0214
19 0.1967 0.2795 0.4536 0.0173 0.0412 0.0118
20 0.0412 0.0764 0.3318 0.2883 0.0235 0.2390
21 0.0687 0.2271 0.4731 0.0029 0.2271 0.0011
22 0.1113 0.3430 0.3708 0.0046 0.1698 0.0005
23 0.1538 0.1189 0.1152 0.0693 0.5005 0.0421
24 0.1705 0.1787 0.1298 0.2106 0.1815 0.1288
25 0.0688 0.4629 0.2700 0.0637 0.0584 0.0762
26 0.2734 0.1558 0.5107 0.0486 0.0097 0.0019
27 0.3093 0.0839 0.5103 0.0586 0.0329 0.0050
28 0.1079 0.2001 0.5439 0.0145 0.0578 0.0759
29 0.1028 0.2646 0.5518 0.0224 0.0513 0.0068
30 0.0937 0.4102 0.3733 0.0062 0.1037 0.0130
31 0.0849 0.2893 0.4412 0.0060 0.1702 0.0084
32 0.1235 0.1913 0.1082 0.0140 0.5625 0.0006
33 0.1627 0.2539 0.3904 0.0663 0.0812 0.0455
34 0.2286 0.2673 0.4653 0.0109 0.0144 0.0134
35 0.2281 0.2429 0.5024 0.0104 0.0071 0.0091
36 0.4082 0.2085 0.2634 0.0607 0.0540 0.0052
37 0.5181 0.1004 0.2125 0.1004 0.0555 0.0132
38 0.0235 0.0998 0.1079 0.0461 0.6929 0.0300
39 0.0972 0.7412 0.1471 0.0018 0.0105 0.0021
40 0.1678 0.2856 0.2661 0.0210 0.2480 0.0113
41 0.0627 0.4094 0.4495 0.0057 0.0700 0.0027
42 0.0636 0.4280 0.4556 0.0044 0.0477 0.0006
43 0.0665 0.3596 0.3887 0.0221 0.1487 0.0145
44 0.0372 0.2900 0.5249 0.0217 0.1209 0.0052
45 0.1930 0.1703 0.1256 0.0242 0.4851 0.0019
46 0.3132 0.1368 0.1870 0.1001 0.2556 0.0072
47 0.0551 0.3245 0.4436 0.0155 0.1606 0.0005
48 0.0392 0.3862 0.3203 0.0119 0.2417 0.0005
49 0.0345 0.2196 0.1213 0.0359 0.5879 0.0011
50 0.0752 0.2354 0.1567 0.0098 0.5220 0.0007
51 0.0562 0.1337 0.0897 0.0088 0.7114 0.0002
52 0.1281 0.2469 0.3374 0.0321 0.2549 0.0006
53 0.0474 0.2998 0.3730 0.1818 0.0467 0.0513
54 0.0336 0.2622 0.5728 0.0653 0.0409 0.0252
55 0.0739 0.3472 0.5049 0.0623 0.0027 0.0088
56 0.0384 0.4033 0.3450 0.0474 0.1604 0.0056
57 0.0287 0.2463 0.3018 0.0079 0.4126 0.0025
58 0.0342 0.3271 0.2250 0.0060 0.4072 0.0003
59 0.4822 0.1426 0.1964 0.1201 0.0554 0.0034
60 0.0712 0.1720 0.0757 0.3640 0.2542 0.0628
61 0.0271 0.1203 0.0614 0.0063 0.7847 0.0004
62 0.2502 0.2351 0.4126 0.0684 0.0321 0.0017
63 0.3472 0.2122 0.2539 0.0378 0.1448 0.0042
64 0.3140 0.2727 0.2191 0.0988 0.0906 0.0048
65 0.3152 0.3032 0.2100 0.0075 0.1610 0.0030
66 0.1025 0.1041 0.5122 0.0672 0.2037 0.0103
67 0.0248 0.0393 0.0306 0.0076 0.8955 0.0019
68 0.0494 0.3347 0.4436 0.0087 0.1632 0.0004
69 0.0864 0.1199 0.4895 0.1238 0.1447 0.0357
70 0.0410 0.2754 0.3884 0.0867 0.2047 0.0036
71 0.0615 0.6821 0.2358 0.0060 0.0128 0.0017
72 0.1230 0.1656 0.6250 0.0701 0.0158 0.0005
73 0.0861 0.2321 0.2080 0.0116 0.4614 0.0008
74 0.1058 0.2766 0.3184 0.0414 0.2556 0.0023
75 0.0381 0.2043 0.4604 0.0751 0.2209 0.0012
76 0.1405 0.0880 0.2976 0.4465 0.0183 0.0091
77 0.2119 0.3386 0.4214 0.0199 0.0079 0.0003
78 0.0966 0.0517 0.1044 0.0311 0.7134 0.0027
79 0.0569 0.1063 0.3594 0.0361 0.4404 0.0010
80 0.2010 0.4426 0.2644 0.0168 0.0728 0.0023
81 0.1627 0.6338 0.1516 0.0170 0.0344 0.0006
82 0.0554 0.0972 0.2771 0.0099 0.5596 0.0008
83 0.1267 0.3499 0.3135 0.0059 0.2040 0.0002
84 0.0969 0.4275 0.4341 0.0211 0.0183 0.0020
85 0.0678 0.5767 0.3237 0.0170 0.0113 0.0033
86 0.0969 0.1754 0.4622 0.0461 0.2115 0.0080
87 0.1268 0.1003 0.5508 0.0512 0.1530 0.0177
88 0.0398 0.4241 0.4375 0.0053 0.0931 0.0003
89 0.0502 0.0645 0.1022 0.0123 0.7671 0.0039
90 0.0979 0.2578 0.4895 0.0360 0.1026 0.0161
91 0.0688 0.3989 0.3308 0.0035 0.1975 0.0007
92 0.0444 0.1841 0.2988 0.0341 0.3777 0.0607
93 0.0683 0.3931 0.3750 0.0131 0.1445 0.0060
94 0.2649 0.3591 0.1848 0.0198 0.1644 0.0071
95 0.0459 0.6753 0.2407 0.0069 0.0264 0.0050
96 0.0488 0.2852 0.5586 0.0856 0.0187 0.0030
97 0.0763 0.4897 0.2705 0.0135 0.1494 0.0005
98 0.0107 0.5654 0.4072 0.0053 0.0112 0.0002
99 0.0158 0.6372 0.3306 0.0026 0.0139 0.0003
100 0.0544 0.6025 0.2847 0.0101 0.0476 0.0004
101 0.1555 0.5303 0.2245 0.0119 0.0770 0.0007
102 0.1171 0.5459 0.3015 0.0094 0.0259 0.0002
103 0.1210 0.4495 0.3237 0.0326 0.0728 0.0007
104 0.0453 0.4434 0.4719 0.0153 0.0239 0.0005
105 0.0815 0.5796 0.2493 0.0487 0.0185 0.0223
106 0.0735 0.5518 0.2954 0.0457 0.0281 0.0054
107 0.0283 0.2299 0.6753 0.0297 0.0347 0.0019
108 0.0269 0.3604 0.5581 0.0098 0.0441 0.0004
109 0.0305 0.2615 0.5625 0.0064 0.1274 0.0116
110 0.2433 0.1780 0.4915 0.0660 0.0203 0.0010
111 0.2798 0.2842 0.2339 0.1014 0.0990 0.0016
112 0.0138 0.0554 0.1995 0.0115 0.7183 0.0014
113 0.0577 0.1531 0.2646 0.0137 0.5098 0.0009
114 0.0627 0.3635 0.4526 0.0190 0.0927 0.0095
115 0.0856 0.0992 0.4963 0.0202 0.2964 0.0024
116 0.1687 0.3545 0.2849 0.0074 0.1573 0.0273
117 0.0851 0.5015 0.3394 0.0254 0.0331 0.0155
118 0.0366 0.0418 0.1948 0.0075 0.7129 0.0064
119 0.0508 0.2388 0.4531 0.0102 0.2388 0.0084
120 0.0304 0.3164 0.5137 0.0093 0.1219 0.0085
121 0.0422 0.3044 0.4790 0.0084 0.1580 0.0082
122 0.0356 0.0472 0.1233 0.0123 0.7793 0.0023
123 0.0686 0.1823 0.3738 0.0066 0.3682 0.0005
124 0.0454 0.1477 0.2551 0.3772 0.1727 0.0018
125 0.1720 0.1449 0.4604 0.1259 0.0914 0.0054
126 0.0609 0.2297 0.4094 0.0336 0.2644 0.0021
127 0.1077 0.6807 0.1320 0.0081 0.0707 0.0006
128 0.0695 0.5220 0.3318 0.0244 0.0513 0.0013
129 0.0674 0.2566 0.3191 0.1427 0.2126 0.0015
130 0.0632 0.3186 0.3726 0.0516 0.1934 0.0005
131 0.0850 0.4116 0.2966 0.0162 0.1899 0.0007
132 0.0575 0.4414 0.4626 0.0022 0.0354 0.0009
133 0.0676 0.1927 0.3545 0.1064 0.2761 0.0026
134 0.0969 0.4771 0.3774 0.0232 0.0243 0.0013
135 0.1733 0.2278 0.2642 0.0178 0.3162 0.0006
136 0.0726 0.0890 0.4519 0.3206 0.0232 0.0427
137 0.1263 0.1224 0.5234 0.1243 0.0218 0.0815
138 0.1503 0.0511 0.1117 0.1550 0.0392 0.4927
139 0.0939 0.1244 0.6519 0.1098 0.0123 0.0077
140 0.0958 0.1086 0.3069 0.2585 0.2246 0.0054
141 0.1680 0.2406 0.3611 0.0320 0.1874 0.0109
142 0.0986 0.3723 0.4856 0.0357 0.0052 0.0024
143 0.0771 0.2356 0.3706 0.0834 0.2319 0.0013
144 0.0556 0.3198 0.3457 0.2452 0.0128 0.0208
145 0.1130 0.3120 0.5146 0.0189 0.0382 0.0032
146 0.0879 0.2544 0.4536 0.0474 0.1193 0.0375
147 0.0282 0.4590 0.4114 0.0646 0.0267 0.0100
148 0.0497 0.5864 0.1438 0.1350 0.0781 0.0068
149 0.1127 0.2461 0.4121 0.0310 0.1978 0.0004
150 0.0952 0.1321 0.5830 0.1029 0.0765 0.0105
151 0.0282 0.5571 0.3435 0.0144 0.0312 0.0255
152 0.0893 0.2352 0.2505 0.0845 0.3369 0.0034
153 0.2461 0.2241 0.4353 0.0134 0.0699 0.0110
154 0.2062 0.1805 0.5347 0.0372 0.0302 0.0114
155 0.1730 0.4558 0.2808 0.0154 0.0688 0.0061
156 0.2264 0.1212 0.6157 0.0171 0.0164 0.0034
157 0.1257 0.1219 0.7183 0.0209 0.0107 0.0028
158 0.0871 0.2725 0.6045 0.0057 0.0294 0.0005
159 0.1903 0.0481 0.7295 0.0038 0.0268 0.0012
160 0.2118 0.1074 0.4414 0.1226 0.1143 0.0025
161 0.2507 0.2179 0.4233 0.0091 0.0975 0.0012
162 0.1359 0.2172 0.5049 0.0363 0.0756 0.0303
163 0.2170 0.2639 0.4250 0.0173 0.0612 0.0156
164 0.0734 0.0844 0.7524 0.0528 0.0191 0.0177
165 0.0766 0.1713 0.7100 0.0075 0.0322 0.0027
166 0.1750 0.2374 0.5225 0.0226 0.0235 0.0189
167 0.1411 0.0970 0.6626 0.0357 0.0616 0.0018
168 0.1606 0.1292 0.5269 0.1130 0.0681 0.0024
169 0.1105 0.2394 0.5312 0.0239 0.0895 0.0058
170 0.1396 0.1418 0.5698 0.1232 0.0221 0.0035
171 0.0743 0.1274 0.5620 0.0862 0.1367 0.0133
172 0.1910 0.3950 0.3457 0.0179 0.0490 0.0013
173 0.0938 0.0960 0.7729 0.0156 0.0172 0.0042
174 0.1350 0.1996 0.6245 0.0165 0.0152 0.0093
175 0.0963 0.2722 0.5088 0.0247 0.0919 0.0063
176 0.2072 0.0818 0.5547 0.0462 0.0673 0.0431
177 0.1488 0.0228 0.5977 0.1312 0.0975 0.0020
178 0.1209 0.3137 0.5420 0.0031 0.0178 0.0024
179 0.1390 0.3232 0.4419 0.0196 0.0641 0.0120
180 0.1130 0.2954 0.4131 0.0199 0.1270 0.0316
181 0.1156 0.4297 0.2566 0.0311 0.1121 0.0551
182 0.0859 0.4197 0.4680 0.0171 0.0069 0.0024
183 0.1265 0.0511 0.6035 0.1599 0.0544 0.0045
184 0.0658 0.1329 0.6855 0.0219 0.0812 0.0124
185 0.2252 0.1015 0.5752 0.0630 0.0302 0.0051
186 0.0933 0.1492 0.2039 0.3931 0.0389 0.1218
187 0.1674 0.2323 0.5317 0.0253 0.0365 0.0070
188 0.3359 0.2255 0.0672 0.0593 0.2273 0.0849
189 0.2542 0.0643 0.0384 0.0062 0.6289 0.0079
190 0.2396 0.2759 0.3828 0.0269 0.0665 0.0082
191 0.1138 0.0294 0.0546 0.0174 0.7476 0.0372
192 0.1069 0.1936 0.2883 0.0108 0.3452 0.0551
193 0.1952 0.0564 0.0638 0.0252 0.6299 0.0292
194 0.2583 0.1904 0.1110 0.0176 0.4126 0.0102
195 0.1693 0.2244 0.4192 0.0142 0.1506 0.0224
196 0.2539 0.2072 0.1539 0.0062 0.3782 0.0007
197 0.1752 0.0999 0.4688 0.1122 0.1096 0.0342
198 0.3027 0.1365 0.4546 0.0560 0.0275 0.0228
199 0.3540 0.1344 0.0916 0.0265 0.3513 0.0423
200 0.1215 0.2416 0.3684 0.0086 0.2378 0.0221
201 0.1923 0.0880 0.0586 0.2161 0.2954 0.1497
202 0.0510 0.0151 0.0432 0.0146 0.8618 0.0144
203 0.0873 0.5562 0.3220 0.0070 0.0154 0.0120
204 0.2029 0.2410 0.4036 0.0456 0.0490 0.0581
205 0.1116 0.3206 0.2273 0.0193 0.3157 0.0056
206 0.2410 0.1484 0.3562 0.0442 0.1508 0.0595
207 0.3403 0.3325 0.1375 0.0190 0.1646 0.0061
208 0.3564 0.0887 0.2649 0.0922 0.0446 0.1533
209 0.2917 0.1797 0.2325 0.0401 0.2307 0.0251
210 0.0238 0.0181 0.0173 0.0045 0.9277 0.0085
211 0.2178 0.3242 0.2229 0.0521 0.1300 0.0529
212 0.0845 0.1995 0.2444 0.3091 0.0296 0.1329
213 0.1578 0.3757 0.4255 0.0191 0.0130 0.0088
214 0.1539 0.2460 0.4453 0.0786 0.0121 0.0641
215 0.1727 0.0469 0.0132 0.0096 0.7505 0.0071
216 0.1135 0.7114 0.1208 0.0054 0.0469 0.0020
217 0.2394 0.3738 0.1793 0.0062 0.2001 0.0013
218 0.0135 0.0057 0.0111 0.0016 0.9648 0.0031
219 0.0819 0.3877 0.4675 0.0054 0.0541 0.0035
220 0.1542 0.2244 0.4258 0.1239 0.0402 0.0313
221 0.1727 0.0954 0.0395 0.0096 0.6782 0.0047
222 0.3364 0.5054 0.0775 0.0264 0.0474 0.0072
223 0.1410 0.5156 0.2473 0.0158 0.0726 0.0078
224 0.0434 0.1423 0.7817 0.0089 0.0160 0.0077
225 0.0254 0.8081 0.1426 0.0161 0.0048 0.0031
226 0.1014 0.5034 0.3250 0.0061 0.0606 0.0038
227 0.1152 0.6787 0.1703 0.0085 0.0160 0.0116
228 0.3337 0.3286 0.2578 0.0054 0.0637 0.0107
229 0.2179 0.4470 0.1241 0.1281 0.0509 0.0319
230 0.4146 0.4146 0.0698 0.0626 0.0241 0.0145
231 0.2668 0.1982 0.1952 0.1520 0.0517 0.1362
232 0.2026 0.1393 0.5176 0.0358 0.0618 0.0428
233 0.2847 0.3984 0.1523 0.0070 0.1488 0.0087
234 0.2378 0.1511 0.1584 0.2571 0.0703 0.1252
235 0.3215 0.4980 0.0659 0.0746 0.0272 0.0125
236 0.0860 0.7666 0.1251 0.0021 0.0189 0.0012
237 0.1012 0.0501 0.1279 0.6807 0.0226 0.0176
238 0.0548 0.2656 0.6372 0.0234 0.0142 0.0050
239 0.0504 0.4785 0.4426 0.0210 0.0032 0.0040
240 0.1144 0.1042 0.7178 0.0292 0.0315 0.0029
241 0.1854 0.2238 0.5200 0.0340 0.0312 0.0053
242 0.2507 0.2671 0.4041 0.0176 0.0564 0.0041
243 0.1102 0.1628 0.6543 0.0481 0.0181 0.0066
244 0.0747 0.1558 0.7202 0.0275 0.0179 0.0041
245 0.1620 0.1545 0.5835 0.0498 0.0453 0.0050
246 0.2013 0.1020 0.5645 0.0886 0.0283 0.0154
247 0.2322 0.1865 0.4653 0.0655 0.0494 0.0012
248 0.0861 0.2377 0.4438 0.1909 0.0254 0.0160
249 0.0721 0.3774 0.4277 0.0940 0.0234 0.0053
250 0.4141 0.1794 0.2981 0.0305 0.0778 0.0002
251 0.1492 0.2578 0.4890 0.0891 0.0076 0.0073
252 0.2910 0.1079 0.4336 0.0522 0.0686 0.0468
253 0.1116 0.2086 0.5757 0.0107 0.0607 0.0325
254 0.3748 0.1885 0.2421 0.0933 0.0876 0.0137
255 0.3040 0.2190 0.3137 0.0459 0.1118 0.0057
256 0.2554 0.1943 0.3384 0.0773 0.1335 0.0012
257 0.3750 0.2328 0.3206 0.0025 0.0677 0.0014
258 0.0686 0.2610 0.3977 0.0102 0.2610 0.0016
259 0.0561 0.2532 0.3984 0.0084 0.2825 0.0013
260 0.1587 0.1378 0.6577 0.0211 0.0095 0.0151
261 0.1073 0.1040 0.7563 0.0158 0.0077 0.0087
262 0.1288 0.1146 0.7295 0.0110 0.0074 0.0085
263 0.1046 0.0514 0.8032 0.0076 0.0152 0.0180
264 0.1064 0.0726 0.7622 0.0085 0.0089 0.0417
265 0.3303 0.1196 0.5034 0.0116 0.0210 0.0142
266 0.4089 0.1978 0.3582 0.0069 0.0210 0.0070
