time exciting_prob fearful_prob tense_prob sad_prob relaxing_prob neutral_prob
0 0.1136 0.1553 0.1349 0.1288 0.0181 0.4492
1 0.2450 0.1750 0.3535 0.1879 0.0175 0.0211
2 0.1329 0.1155 0.1708 0.4226 0.0806 0.0776
3 0.1917 0.0201 0.0580 0.2385 0.0247 0.4670
4 0.2495 0.0338 0.2656 0.2308 0.0677 0.1526
5 0.1111 0.1077 0.5732 0.0559 0.0559 0.0958
6 0.1177 0.4172 0.2610 0.1823 0.0143 0.0075
7 0.0518 0.2147 0.1924 0.4546 0.0260 0.0605
8 0.1107 0.1090 0.2202 0.4885 0.0199 0.0515
9 0.2847 0.1224 0.2083 0.3079 0.0443 0.0324
10 0.1161 0.3359 0.1813 0.0732 0.0798 0.2136
11 0.1271 0.2712 0.1849 0.0526 0.0494 0.3147
12 0.1597 0.3103 0.3486 0.0359 0.1150 0.0305
13 0.0848 0.2380 0.2961 0.2915 0.0630 0.0263
14 0.2759 0.2322 0.1986 0.0754 0.0815 0.1365
15 0.3286 0.2404 0.2089 0.0434 0.0652 0.1135
16 0.2705 0.1459 0.2156 0.2295 0.1011 0.0375
17 0.2734 0.3247 0.2231 0.0479 0.1054 0.0252
18 0.3169 0.3733 0.1556 0.0493 0.0449 0.0600
19 0.1736 0.2817 0.3618 0.0277 0.0505 0.1045
20 0.1434 0.3748 0.3467 0.0145 0.0891 0.0315
21 0.1132 0.0895 0.0938 0.4270 0.2216 0.0551
22 0.0396 0.4597 0.4187 0.0162 0.0173 0.0485
23 0.2308 0.2291 0.1091 0.0484 0.0544 0.3281
24 0.0389 0.0862 0.3926 0.1143 0.0810 0.2871
25 0.0613 0.3040 0.4028 0.0418 0.0336 0.1565
26 0.1066 0.5166 0.2008 0.0386 0.1199 0.0174
27 0.1735 0.2175 0.2371 0.0533 0.2998 0.0189
28 0.0558 0.4600 0.2074 0.0793 0.0571 0.1403
29 0.0453 0.4136 0.2432 0.0938 0.1096 0.0945
30 0.0652 0.2240 0.2620 0.1135 0.0524 0.2832
31 0.1482 0.3501 0.2542 0.0412 0.1482 0.0580
32 0.1860 0.2483 0.2314 0.0599 0.1747 0.0995
33 0.1088 0.4507 0.3567 0.0258 0.0116 0.0464
34 0.0405 0.2386 0.5215 0.1747 0.0050 0.0197
35 0.3289 0.2074 0.1415 0.0706 0.1288 0.1229
36 0.2524 0.4194 0.1819 0.0222 0.0659 0.0581
37 0.1576 0.4739 0.1613 0.0721 0.0417 0.0933
38 0.0189 0.1660 0.4241 0.3252 0.0112 0.0547
39 0.1223 0.4011 0.3298 0.0108 0.1014 0.0345
40 0.2465 0.1642 0.2522 0.0537 0.1846 0.0988
41 0.2009 0.2661 0.2482 0.0545 0.0355 0.1947
42 0.3181 0.1207 0.1305 0.2805 0.0704 0.0798
43 0.0686 0.6514 0.2452 0.0120 0.0115 0.0115
44 0.0679 0.1210 0.3140 0.1760 0.1707 0.1506
45 0.1593 0.1270 0.3821 0.1544 0.1078 0.0696
46 0.1935 0.1566 0.2563 0.1707 0.1404 0.0825
47 0.0716 0.6182 0.2222 0.0441 0.0269 0.0170
48 0.0176 0.1952 0.5063 0.2246 0.0048 0.0517
49 0.0806 0.3188 0.4094 0.0341 0.1415 0.0153
50 0.0693 0.6377 0.2477 0.0234 0.0171 0.0049
51 0.0454 0.2473 0.0479 0.5488 0.0203 0.0903
52 0.1658 0.1864 0.2546 0.1241 0.0675 0.2015
53 0.0269 0.5107 0.1006 0.3247 0.0216 0.0155
54 0.0643 0.2092 0.5176 0.1460 0.0452 0.0174
55 0.0614 0.3093 0.2158 0.1138 0.0663 0.2334
56 0.0957 0.2463 0.4531 0.0262 0.1360 0.0428
57 0.2522 0.1085 0.2771 0.3140 0.0328 0.0156
58 0.0962 0.5493 0.3081 0.0327 0.0116 0.0024
59 0.0794 0.1506 0.1935 0.3394 0.0467 0.1904
60 0.0304 0.3704 0.4468 0.1130 0.0244 0.0149
61 0.0161 0.1197 0.0499 0.2134 0.0025 0.5986
62 0.0897 0.4050 0.3716 0.0267 0.0495 0.0574
63 0.1904 0.0965 0.0663 0.0363 0.5020 0.1085
64 0.0475 0.2527 0.3562 0.2411 0.0609 0.0416
65 0.2891 0.3250 0.2571 0.0475 0.0273 0.0543
66 0.2223 0.3442 0.3037 0.0213 0.0716 0.0369
67 0.0392 0.4924 0.3806 0.0499 0.0097 0.0282
68 0.0362 0.2935 0.3274 0.2250 0.0076 0.1105
69 0.1573 0.4277 0.3057 0.0155 0.0166 0.0773
70 0.2068 0.3438 0.3630 0.0251 0.0228 0.0386
71 0.0254 0.4270 0.4839 0.0382 0.0039 0.0218
72 0.2126 0.3562 0.2773 0.0989 0.0419 0.0129
73 0.0665 0.0968 0.4141 0.2286 0.0552 0.1387
74 0.1208 0.1171 0.0817 0.1285 0.4929 0.0589
75 0.0524 0.3901 0.1718 0.0142 0.3665 0.0051
76 0.1469 0.1931 0.2520 0.2206 0.0905 0.0971
77 0.0812 0.0740 0.6699 0.0950 0.0658 0.0142
78 0.0407 0.0931 0.2131 0.4512 0.0280 0.1740
79 0.2327 0.2383 0.4521 0.0333 0.0427 0.0010
80 0.1265 0.1367 0.5239 0.1573 0.0519 0.0034
81 0.1383 0.0852 0.2280 0.1405 0.3477 0.0604
82 0.1364 0.4165 0.3193 0.0425 0.0619 0.0233
83 0.2026 0.2542 0.2583 0.1372 0.0497 0.0980
84 0.0861 0.0748 0.2571 0.4954 0.0400 0.0468
85 0.0929 0.2751 0.4297 0.0712 0.1212 0.0099
86 0.0953 0.3298 0.4302 0.0635 0.0543 0.0269
87 0.1533 0.1923 0.5391 0.0422 0.0718 0.0012
88 0.2632 0.1597 0.2512 0.2360 0.0720 0.0178
89 0.1215 0.0351 0.2002 0.5444 0.0514 0.0475
90 0.0454 0.0303 0.4177 0.4517 0.0065 0.0484
91 0.0042 0.1444 0.1356 0.6997 0.0100 0.0059
92 0.2351 0.0950 0.1517 0.3757 0.1299 0.0127
93 0.0518 0.2047 0.5967 0.0867 0.0471 0.0130
94 0.0449 0.1362 0.3069 0.4680 0.0350 0.0088
95 0.0693 0.0465 0.1421 0.6074 0.1196 0.0149
96 0.1049 0.0536 0.3547 0.4485 0.0310 0.0073
97 0.1561 0.2307 0.4587 0.0720 0.0611 0.0211
98 0.1279 0.0272 0.3215 0.5059 0.0121 0.0054
99 0.2175 0.2297 0.1860 0.1128 0.2389 0.0152
100 0.1360 0.3726 0.1680 0.1578 0.1517 0.0139
101 0.0442 0.1775 0.3757 0.3477 0.0449 0.0099
102 0.1508 0.0381 0.3240 0.4097 0.0638 0.0136
103 0.2891 0.2869 0.2593 0.0426 0.0976 0.0245
104 0.1782 0.3032 0.3381 0.1039 0.0720 0.0046
105 0.1262 0.2822 0.3484 0.0692 0.1659 0.0081
106 0.0577 0.0654 0.5557 0.2428 0.0428 0.0355
107 0.0453 0.2334 0.3450 0.0770 0.2729 0.0264
108 0.0696 0.3794 0.1194 0.0193 0.4102 0.0021
109 0.1134 0.2203 0.2006 0.0211 0.4417 0.0030
110 0.0935 0.3018 0.4749 0.0396 0.0886 0.0015
111 0.1096 0.0410 0.1014 0.6821 0.0551 0.0108
112 0.0808 0.0834 0.0714 0.7432 0.0118 0.0094
113 0.1591 0.0372 0.2174 0.5298 0.0533 0.0035
114 0.0634 0.0200 0.8101 0.0510 0.0543 0.0015
115 0.0363 0.2925 0.3367 0.1666 0.1666 0.0013
116 0.2305 0.0725 0.1740 0.2959 0.1039 0.1234
117 0.0944 0.0582 0.3296 0.5024 0.0105 0.0047
118 0.0831 0.0438 0.2087 0.4561 0.0756 0.1327
119 0.0863 0.3899 0.3577 0.0182 0.0637 0.0843
120 0.2498 0.1492 0.1348 0.0850 0.2498 0.1316
121 0.2018 0.0578 0.7041 0.0185 0.0163 0.0013
122 0.2771 0.0546 0.5864 0.0372 0.0409 0.0038
123 0.3418 0.2025 0.2406 0.0942 0.0220 0.0988
124 0.6470 0.1089 0.1366 0.0461 0.0298 0.0317
125 0.0600 0.1669 0.7480 0.0091 0.0156 0.0005
126 0.1284 0.1676 0.1783 0.4211 0.0398 0.0646
127 0.1652 0.3469 0.3037 0.0246 0.0994 0.0603
128 0.1089 0.1399 0.5117 0.1512 0.0682 0.0200
129 0.3110 0.2040 0.3159 0.1144 0.0255 0.0294
130 0.1160 0.1215 0.4111 0.1584 0.1039 0.0889
131 0.0323 0.0366 0.7344 0.1058 0.0739 0.0174
132 0.0185 0.1007 0.7681 0.0201 0.0854 0.0074
133 0.0225 0.1010 0.6235 0.0617 0.1759 0.0154
134 0.0137 0.0856 0.8916 0.0032 0.0046 0.0015
135 0.0330 0.1492 0.7812 0.0200 0.0109 0.0056
136 0.1340 0.1183 0.5303 0.0757 0.0497 0.0921
137 0.0629 0.2335 0.6011 0.0135 0.0581 0.0311
138 0.1185 0.1243 0.6411 0.0708 0.0367 0.0088
139 0.1470 0.1059 0.6094 0.0800 0.0545 0.0032
140 0.1123 0.0888 0.6265 0.1177 0.0142 0.0407
141 0.0712 0.1968 0.6812 0.0112 0.0378 0.0017
142 0.0485 0.1092 0.7700 0.0323 0.0369 0.0033
143 0.1236 0.0411 0.7227 0.0395 0.0682 0.0050
144 0.1639 0.0558 0.7402 0.0147 0.0234 0.0019
145 0.0485 0.1328 0.2260 0.2600 0.3286 0.0042
146 0.1053 0.0526 0.7256 0.0164 0.0944 0.0056
147 0.2549 0.1570 0.3887 0.1194 0.0471 0.0329
148 0.1089 0.1741 0.3357 0.1741 0.1274 0.0797
149 0.0446 0.4475 0.3948 0.0108 0.0822 0.0201
150 0.0710 0.1335 0.0798 0.0327 0.5244 0.1587
151 0.2203 0.0693 0.4314 0.1285 0.1390 0.0113
152 0.1674 0.0754 0.3079 0.3892 0.0535 0.0064
153 0.1075 0.0912 0.5503 0.1815 0.0617 0.0078
154 0.0709 0.3894 0.4277 0.0816 0.0273 0.0032
155 0.0931 0.0368 0.1141 0.3252 0.3054 0.1254
156 0.0831 0.0545 0.2600 0.5591 0.0266 0.0165
157 0.1106 0.4045 0.4443 0.0103 0.0295 0.0007
158 0.4233 0.0600 0.1281 0.1213 0.1683 0.0990
159 0.2783 0.1913 0.3032 0.0611 0.1573 0.0088
160 0.0906 0.0308 0.4192 0.4324 0.0137 0.0134
161 0.0637 0.0466 0.8457 0.0240 0.0174 0.0025
162 0.0522 0.3953 0.2803 0.1366 0.0616 0.0743
163 0.1075 0.2277 0.3665 0.1267 0.1704 0.0012
164 0.0680 0.6816 0.1290 0.0193 0.1013 0.0006
165 0.0866 0.0586 0.3425 0.4468 0.0283 0.0372
166 0.1755 0.3081 0.2656 0.1073 0.1265 0.0171
167 0.1259 0.4126 0.3877 0.0155 0.0500 0.0084
168 0.2480 0.3608 0.1801 0.0274 0.1801 0.0036
169 0.0745 0.2294 0.2520 0.3442 0.0236 0.0762
170 0.0343 0.1444 0.4661 0.2380 0.0197 0.0977
171 0.0238 0.4863 0.0988 0.1996 0.0648 0.1268
172 0.0500 0.4155 0.5171 0.0069 0.0100 0.0004
173 0.0441 0.2947 0.1858 0.1403 0.0266 0.3086
174 0.1990 0.4448 0.1884 0.0296 0.0667 0.0715
175 0.0750 0.2786 0.3206 0.2070 0.1161 0.0027
176 0.0029 0.0027 0.0011 0.0018 0.9912 0.0001
177 0.0539 0.6465 0.2252 0.0069 0.0423 0.0253
178 0.0521 0.3044 0.3848 0.0770 0.1790 0.0030
179 0.0892 0.2156 0.4221 0.0892 0.1101 0.0739
180 0.0433 0.0854 0.1213 0.0506 0.6982 0.0010
181 0.1504 0.0818 0.4026 0.1306 0.2189 0.0159
182 0.0281 0.0504 0.1267 0.0113 0.7827 0.0009
183 0.0476 0.0932 0.6777 0.0137 0.1560 0.0115
184 0.1863 0.2886 0.3792 0.0286 0.0169 0.1005
185 0.2092 0.2028 0.3044 0.1604 0.1120 0.0113
186 0.1472 0.2142 0.1981 0.1936 0.2408 0.0059
187 0.0473 0.1026 0.2139 0.0301 0.5996 0.0064
188 0.0793 0.0986 0.1704 0.0627 0.5859 0.0032
189 0.1076 0.2332 0.5176 0.0872 0.0516 0.0031
190 0.0460 0.1053 0.0600 0.1310 0.6553 0.0025
191 0.0228 0.5024 0.4102 0.0214 0.0160 0.0269
192 0.0775 0.4458 0.1948 0.0739 0.2009 0.0069
193 0.1509 0.2507 0.2842 0.1096 0.1984 0.0061
194 0.0557 0.1379 0.1445 0.5898 0.0557 0.0165
195 0.2654 0.1882 0.4243 0.0743 0.0401 0.0076
196 0.0614 0.5645 0.1997 0.0974 0.0729 0.0042
197 0.3472 0.1888 0.0934 0.2581 0.0964 0.0160
198 0.1720 0.3728 0.2996 0.0361 0.0229 0.0965
199 0.2087 0.2898 0.2478 0.0811 0.0389 0.1337
200 0.1682 0.5181 0.1791 0.0486 0.0718 0.0140
201 0.2791 0.3875 0.0957 0.0306 0.1888 0.0184
202 0.1282 0.2959 0.1880 0.1105 0.2097 0.0676
203 0.1801 0.3499 0.2224 0.0512 0.1248 0.0717
204 0.1121 0.0555 0.2905 0.3911 0.0406 0.1103
205 0.0956 0.0259 0.2120 0.3037 0.0294 0.3335
206 0.2058 0.0988 0.1191 0.3394 0.0769 0.1603
207 0.2776 0.0702 0.1375 0.3403 0.0777 0.0967
208 0.0994 0.1109 0.0956 0.3552 0.0622 0.2766
209 0.1416 0.1508 0.0474 0.4717 0.1174 0.0712
210 0.0464 0.0271 0.0152 0.7847 0.0923 0.0342
211 0.1411 0.1285 0.1091 0.4182 0.1134 0.0897
