time exciting_prob fearful_prob tense_prob sad_prob relaxing_prob neutral_prob
0 0.0683 0.1757 0.1785 0.4053 0.1256 0.0466
1 0.0340 0.1711 0.1738 0.5146 0.0887 0.0175
2 0.1514 0.0693 0.2134 0.2739 0.0181 0.2739
3 0.0525 0.3760 0.3760 0.0740 0.0997 0.0217
4 0.1307 0.0399 0.1328 0.6436 0.0117 0.0414
5 0.1130 0.1222 0.3269 0.2932 0.0908 0.0538
6 0.2019 0.2871 0.2893 0.1560 0.0351 0.0307
7 0.1659 0.3098 0.2375 0.2032 0.0630 0.0204
8 0.0632 0.4253 0.2423 0.1962 0.0652 0.0078
9 0.1136 0.3064 0.1978 0.2480 0.0699 0.0642
10 0.1007 0.0862 0.0835 0.4731 0.0592 0.1973
11 0.1287 0.2539 0.2277 0.1328 0.0148 0.2423
12 0.1158 0.1140 0.2180 0.2888 0.0329 0.2303
13 0.0996 0.2466 0.0463 0.2109 0.0944 0.3022
14 0.0218 0.1650 0.4214 0.2966 0.0160 0.0792
15 0.0305 0.0495 0.2290 0.5757 0.0170 0.0984
16 0.0471 0.0655 0.0960 0.6562 0.1252 0.0100
17 0.0365 0.1526 0.2786 0.3689 0.0553 0.1082
18 0.1169 0.0816 0.3008 0.2289 0.0206 0.2512
19 0.0787 0.2332 0.4424 0.1774 0.0095 0.0589
20 0.0125 0.1162 0.1180 0.7231 0.0083 0.0220
21 0.1327 0.4890 0.2039 0.1058 0.0207 0.0480
22 0.2478 0.1946 0.3523 0.0699 0.0330 0.1025
23 0.2196 0.1462 0.3000 0.1558 0.0250 0.1533
24 0.2620 0.0877 0.1075 0.2422 0.0818 0.2189
25 0.3037 0.1492 0.1976 0.1613 0.0366 0.1515
26 0.1707 0.1505 0.1802 0.2856 0.0285 0.1844
27 0.0551 0.3196 0.1029 0.4612 0.0250 0.0361
28 0.1558 0.1006 0.3977 0.2339 0.0423 0.0697
29 0.0809 0.1910 0.6265 0.0784 0.0033 0.0200
30 0.4429 0.1138 0.0396 0.3142 0.0262 0.0633
31 0.0049 0.0331 0.0246 0.9219 0.0015 0.0141
32 0.0737 0.0917 0.1512 0.4695 0.0197 0.1942
33 0.2388 0.1616 0.2561 0.1318 0.0369 0.1747
34 0.3701 0.1996 0.1120 0.1211 0.0478 0.1495
35 0.4185 0.1886 0.1827 0.0756 0.0652 0.0694
36 0.2283 0.1594 0.2046 0.2338 0.0860 0.0880
37 0.4814 0.0566 0.1576 0.2120 0.0196 0.0727
38 0.1004 0.0776 0.3345 0.1289 0.0082 0.3506
39 0.2010 0.0995 0.2903 0.2727 0.0283 0.1085
40 0.2712 0.1498 0.3271 0.1176 0.0952 0.0388
41 0.2651 0.0419 0.1223 0.3098 0.1545 0.1063
42 0.1609 0.1881 0.2715 0.1837 0.1344 0.0615
43 0.1313 0.1896 0.1987 0.2323 0.1115 0.1366
44 0.0405 0.1746 0.3933 0.1932 0.0892 0.1093
45 0.0087 0.5532 0.2271 0.1825 0.0080 0.0203
46 0.1720 0.4568 0.1681 0.1128 0.0623 0.0281
47 0.0677 0.1295 0.1198 0.4775 0.0282 0.1771
48 0.1198 0.0507 0.1913 0.5625 0.0298 0.0461
49 0.0933 0.1256 0.3579 0.3157 0.0269 0.0804
50 0.0902 0.1055 0.4878 0.2065 0.0305 0.0796
51 0.4648 0.0808 0.2231 0.1606 0.0179 0.0526
52 0.1160 0.1512 0.3303 0.2532 0.0778 0.0714
53 0.0865 0.0752 0.1329 0.4863 0.0387 0.1803
54 0.2568 0.2302 0.2302 0.1054 0.0530 0.1242
55 0.1598 0.3545 0.2534 0.0849 0.0842 0.0630
56 0.1370 0.1947 0.3015 0.2620 0.0177 0.0871
57 0.2842 0.2712 0.2213 0.0860 0.0759 0.0615
58 0.3499 0.1528 0.1993 0.0781 0.0175 0.2024
59 0.1770 0.1663 0.1170 0.0392 0.0726 0.4280
60 0.3806 0.1143 0.2238 0.0756 0.0688 0.1368
61 0.3347 0.1061 0.3218 0.0577 0.0649 0.1147
62 0.1802 0.4189 0.0964 0.1589 0.1011 0.0445
63 0.1427 0.5645 0.0782 0.1289 0.0409 0.0449
64 0.1302 0.2590 0.2200 0.2083 0.0692 0.1132
65 0.1294 0.2004 0.2219 0.2101 0.1913 0.0469
66 0.2299 0.1405 0.1951 0.3293 0.0929 0.0125
67 0.2693 0.2571 0.0423 0.3174 0.0790 0.0348
68 0.2103 0.1099 0.0773 0.3467 0.1066 0.1492
69 0.1229 0.2747 0.0728 0.0800 0.0858 0.3640
70 0.1501 0.1335 0.4661 0.2201 0.0162 0.0141
71 0.0718 0.1891 0.1862 0.5142 0.0113 0.0275
72 0.0509 0.3044 0.4033 0.1146 0.0304 0.0965
73 0.3257 0.0823 0.3750 0.1357 0.0346 0.0466
74 0.0480 0.3130 0.4211 0.0992 0.0856 0.0332
75 0.1235 0.2004 0.0947 0.2554 0.0969 0.2290
76 0.1840 0.1514 0.0836 0.1099 0.0565 0.4146
77 0.2935 0.3123 0.1940 0.1071 0.0742 0.0191
78 0.0718 0.3025 0.4541 0.0453 0.0959 0.0304
79 0.1686 0.2571 0.2866 0.1970 0.0209 0.0697
80 0.1544 0.1656 0.4536 0.0099 0.1998 0.0167
81 0.0707 0.0718 0.5649 0.1569 0.0783 0.0573
82 0.0292 0.1329 0.5771 0.2332 0.0102 0.0173
83 0.0410 0.2198 0.4802 0.1941 0.0134 0.0514
84 0.0829 0.2004 0.3154 0.3203 0.0291 0.0519
85 0.1019 0.1995 0.4495 0.1802 0.0072 0.0618
86 0.0620 0.1429 0.1251 0.5391 0.0908 0.0400
87 0.1256 0.4666 0.1813 0.1960 0.0223 0.0082
88 0.1292 0.1292 0.2822 0.2588 0.1282 0.0724
89 0.1306 0.2788 0.4561 0.0469 0.0349 0.0528
90 0.1472 0.1804 0.0900 0.2043 0.1920 0.1860
91 0.1697 0.0551 0.0644 0.6304 0.0370 0.0436
92 0.0532 0.1553 0.2747 0.4563 0.0296 0.0311
93 0.0423 0.1006 0.2932 0.5068 0.0364 0.0206
94 0.0434 0.1786 0.3159 0.3752 0.0173 0.0694
95 0.0671 0.1293 0.5112 0.1881 0.0640 0.0403
96 0.2148 0.2532 0.2891 0.1987 0.0125 0.0317
97 0.0944 0.2354 0.4944 0.0846 0.0669 0.0242
98 0.1886 0.2007 0.2830 0.1434 0.0473 0.1368
99 0.2546 0.1631 0.2095 0.1556 0.0840 0.1332
100 0.1833 0.0741 0.2487 0.1183 0.2751 0.1005
101 0.2993 0.1448 0.2190 0.1093 0.1816 0.0459
102 0.2532 0.1796 0.1912 0.2343 0.0465 0.0954
103 0.3040 0.3340 0.2856 0.0242 0.0262 0.0262
104 0.1721 0.2751 0.2974 0.0313 0.0378 0.1862
105 0.4907 0.1342 0.0614 0.0460 0.2449 0.0228
106 0.4272 0.2551 0.0766 0.0809 0.0828 0.0772
107 0.4875 0.1865 0.1376 0.0502 0.0796 0.0587
108 0.0807 0.3372 0.4131 0.0254 0.0752 0.0685
109 0.0575 0.3867 0.4314 0.0553 0.0308 0.0383
110 0.0487 0.2217 0.5933 0.1072 0.0150 0.0141
111 0.0298 0.1215 0.0976 0.5747 0.0203 0.1560
112 0.0547 0.0319 0.4233 0.1849 0.0052 0.3000
113 0.1440 0.2213 0.1892 0.2932 0.0222 0.1301
114 0.0956 0.1459 0.2009 0.4780 0.0418 0.0378
115 0.0359 0.5845 0.2052 0.0933 0.0148 0.0661
116 0.2239 0.2037 0.1770 0.0823 0.3035 0.0095
117 0.2341 0.1454 0.1622 0.0924 0.3599 0.0060
118 0.4543 0.1893 0.1006 0.0909 0.0975 0.0675
119 0.0813 0.1404 0.6006 0.1427 0.0235 0.0116
120 0.0690 0.1749 0.4539 0.0952 0.1982 0.0088
121 0.0556 0.0861 0.1925 0.0547 0.6025 0.0087
122 0.2313 0.1517 0.0763 0.1267 0.3418 0.0722
123 0.2169 0.2964 0.3748 0.0553 0.0532 0.0034
124 0.2463 0.2463 0.1788 0.1788 0.1043 0.0456
125 0.1414 0.2350 0.4600 0.0663 0.0751 0.0222
126 0.0627 0.1172 0.4028 0.1934 0.0478 0.1760
127 0.1431 0.0676 0.2632 0.1925 0.0403 0.2935
128 0.0694 0.1744 0.2659 0.3811 0.0919 0.0173
129 0.1070 0.2111 0.2627 0.2046 0.0649 0.1497
130 0.0759 0.1343 0.3430 0.2432 0.0340 0.1698
131 0.0223 0.1398 0.3462 0.4514 0.0010 0.0394
132 0.0512 0.0912 0.2056 0.5591 0.0187 0.0745
133 0.0219 0.3904 0.5171 0.0292 0.0161 0.0252
134 0.0822 0.0573 0.2778 0.4727 0.0225 0.0875
135 0.0747 0.1879 0.5269 0.1475 0.0271 0.0361
136 0.1249 0.1616 0.2371 0.3115 0.0958 0.0690
137 0.0545 0.4062 0.4062 0.0623 0.0618 0.0090
138 0.1187 0.2305 0.3252 0.1334 0.0999 0.0924
139 0.0411 0.1412 0.8003 0.0102 0.0021 0.0051
140 0.1335 0.1305 0.6470 0.0296 0.0161 0.0433
141 0.1125 0.0682 0.4736 0.2534 0.0519 0.0404
142 0.0602 0.1676 0.2185 0.4556 0.0271 0.0710
143 0.1052 0.2297 0.2124 0.2927 0.0988 0.0613
144 0.1440 0.2063 0.2196 0.3796 0.0209 0.0295
145 0.1021 0.2162 0.3245 0.2450 0.0169 0.0952
146 0.1677 0.0699 0.2764 0.3083 0.0856 0.0919
147 0.3699 0.1642 0.2279 0.1566 0.0525 0.0287
148 0.1573 0.1169 0.2676 0.3657 0.0388 0.0535
149 0.0598 0.3418 0.4253 0.1317 0.0066 0.0346
150 0.1324 0.0388 0.1597 0.3713 0.0483 0.2493
151 0.1378 0.0243 0.0767 0.3521 0.0343 0.3748
152 0.1675 0.0750 0.2202 0.2896 0.0458 0.2020
153 0.0565 0.0720 0.0693 0.6943 0.0636 0.0444
154 0.0662 0.0985 0.3281 0.3718 0.0255 0.1099
155 0.1213 0.1014 0.1658 0.5190 0.0256 0.0670
156 0.2434 0.2756 0.1910 0.1781 0.0737 0.0382
157 0.0320 0.0303 0.1066 0.7061 0.0095 0.1153
158 0.2256 0.1562 0.2659 0.2119 0.0349 0.1057
159 0.0537 0.0266 0.1103 0.7080 0.0180 0.0833
160 0.0637 0.0303 0.5127 0.2876 0.0751 0.0303
161 0.0723 0.0432 0.3345 0.4163 0.0406 0.0929
162 0.0861 0.3889 0.0953 0.3770 0.0265 0.0263
163 0.1479 0.1730 0.5005 0.1199 0.0184 0.0401
164 0.0771 0.0610 0.1006 0.4302 0.0446 0.2866
165 0.1227 0.1515 0.2153 0.2700 0.1600 0.0804
166 0.2610 0.1545 0.2302 0.1970 0.1063 0.0510
167 0.2681 0.1731 0.5049 0.0174 0.0096 0.0270
168 0.2321 0.2214 0.5151 0.0058 0.0179 0.0078
169 0.0696 0.2505 0.3704 0.2795 0.0206 0.0093
170 0.2683 0.3162 0.2207 0.0658 0.0858 0.0431
171 0.2189 0.3525 0.2703 0.0455 0.0061 0.1067
172 0.1724 0.2527 0.2820 0.1521 0.0056 0.1353
173 0.0652 0.2971 0.5381 0.0585 0.0331 0.0082
174 0.1273 0.1536 0.3862 0.2201 0.0072 0.1056
175 0.2218 0.2474 0.2117 0.2084 0.0109 0.1000
176 0.3792 0.2229 0.1619 0.0712 0.1395 0.0252
177 0.2391 0.1321 0.3242 0.1231 0.1682 0.0133
178 0.3083 0.2988 0.0617 0.1467 0.0941 0.0905
179 0.0769 0.2042 0.2026 0.3066 0.0481 0.1615
180 0.1885 0.1783 0.3748 0.0779 0.0383 0.1422
181 0.2051 0.1334 0.1674 0.0606 0.0472 0.3862
182 0.4792 0.1202 0.1906 0.0393 0.0989 0.0718
183 0.4348 0.2119 0.1490 0.0098 0.1526 0.0417
184 0.1433 0.1898 0.5845 0.0265 0.0195 0.0362
185 0.0947 0.2051 0.4922 0.0889 0.0635 0.0556
186 0.1122 0.2080 0.2842 0.1738 0.1105 0.1113
187 0.1860 0.2522 0.1667 0.2389 0.1415 0.0146
188 0.2458 0.1716 0.2310 0.3059 0.0174 0.0280
189 0.1704 0.2598 0.2520 0.2404 0.0637 0.0138
190 0.3433 0.2935 0.1302 0.0841 0.0312 0.1177
191 0.1704 0.1285 0.0870 0.3579 0.0287 0.2274
192 0.1725 0.3796 0.1738 0.1685 0.0376 0.0681
193 0.1912 0.1023 0.1971 0.2551 0.0828 0.1714
194 0.0211 0.0619 0.0468 0.8418 0.0129 0.0157
195 0.2939 0.2456 0.2201 0.0897 0.1216 0.0291
196 0.1794 0.2737 0.3569 0.0968 0.0828 0.0105
197 0.2542 0.2173 0.1553 0.1360 0.1191 0.1182
198 0.0804 0.4739 0.1664 0.2383 0.0343 0.0068
199 0.0566 0.5166 0.1066 0.2898 0.0245 0.0059
200 0.2637 0.3130 0.1869 0.0963 0.0320 0.1082
201 0.4956 0.1015 0.0754 0.1106 0.0226 0.1941
202 0.1199 0.0934 0.1162 0.1447 0.4893 0.0366
203 0.0970 0.1265 0.4146 0.1783 0.0447 0.1389
204 0.0887 0.1343 0.4912 0.0649 0.0887 0.1322
205 0.0958 0.1012 0.2109 0.4363 0.0237 0.1321
206 0.1073 0.2150 0.5000 0.1024 0.0147 0.0606
207 0.0998 0.1030 0.1312 0.6113 0.0193 0.0353
208 0.0692 0.2825 0.3860 0.2050 0.0219 0.0356
209 0.1593 0.2754 0.2145 0.2627 0.0258 0.0624
210 0.1451 0.0814 0.3374 0.3271 0.0475 0.0615
211 0.0937 0.1581 0.3914 0.2063 0.0847 0.0659
212 0.2218 0.1216 0.5361 0.0236 0.0280 0.0687
213 0.1165 0.1320 0.5825 0.0367 0.0221 0.1103
214 0.1420 0.1823 0.6265 0.0127 0.0257 0.0110
215 0.0502 0.3455 0.0880 0.4009 0.0321 0.0834
216 0.2661 0.2600 0.2155 0.1481 0.0341 0.0762
217 0.1940 0.3198 0.2651 0.1177 0.0464 0.0569
218 0.3999 0.1003 0.1482 0.0500 0.0942 0.2074
219 0.1688 0.1769 0.2020 0.0816 0.0427 0.3279
220 0.0095 0.5073 0.1454 0.3276 0.0065 0.0034
221 0.0147 0.4731 0.2100 0.2915 0.0085 0.0020
222 0.0944 0.3792 0.3245 0.1193 0.0497 0.0329
223 0.0241 0.0923 0.0754 0.7378 0.0235 0.0468
224 0.0375 0.2061 0.1520 0.4944 0.0214 0.0886
225 0.1533 0.4951 0.2163 0.0359 0.0230 0.0765
226 0.0083 0.1942 0.1356 0.6572 0.0038 0.0008
227 0.0210 0.3848 0.2297 0.3342 0.0294 0.0007
228 0.2751 0.3372 0.1791 0.0609 0.0319 0.1157
229 0.1976 0.1665 0.3931 0.0756 0.0131 0.1539
230 0.2401 0.1562 0.1434 0.2808 0.0662 0.1134
231 0.5498 0.1514 0.0744 0.0465 0.0715 0.1066
232 0.0615 0.2590 0.3174 0.1522 0.1865 0.0233
233 0.0832 0.2012 0.4604 0.1555 0.0832 0.0164
234 0.1305 0.2380 0.3438 0.2219 0.0377 0.0282
235 0.3293 0.2428 0.0886 0.0833 0.1936 0.0623
236 0.1070 0.4231 0.2213 0.1750 0.0345 0.0391
237 0.0822 0.3005 0.1047 0.3857 0.0909 0.0359
238 0.1553 0.1602 0.4124 0.1349 0.0623 0.0751
239 0.1851 0.2048 0.3350 0.0547 0.1725 0.0479
240 0.2194 0.2428 0.1221 0.1147 0.2773 0.0237
241 0.0331 0.0885 0.0858 0.6440 0.1051 0.0435
242 0.0577 0.1061 0.0887 0.5918 0.1362 0.0192
243 0.1825 0.1274 0.2827 0.2134 0.1124 0.0816
244 0.2024 0.1359 0.4253 0.1002 0.0694 0.0668
245 0.1194 0.1418 0.0916 0.3074 0.1301 0.2096
246 0.2617 0.2274 0.1083 0.1677 0.2039 0.0308
247 0.2788 0.3208 0.1033 0.0603 0.2222 0.0147
248 0.2206 0.2703 0.1858 0.0386 0.2600 0.0249
249 0.0790 0.2003 0.2593 0.1597 0.2915 0.0104
250 0.0301 0.2600 0.3235 0.2441 0.1257 0.0167
251 0.0768 0.2104 0.3469 0.0227 0.3362 0.0068
252 0.2290 0.1049 0.2637 0.3604 0.0179 0.0241
253 0.1855 0.0715 0.1400 0.5044 0.0096 0.0890
254 0.3357 0.0760 0.0401 0.1825 0.0086 0.3572
