time exciting_prob fearful_prob tense_prob sad_prob relaxing_prob neutral_prob
0 0.1136 0.1553 0.1349 0.1288 0.0181 0.4492
1 0.1136 0.1553 0.1349 0.1288 0.0181 0.4492
2 0.1136 0.1553 0.1349 0.1288 0.0181 0.4492
3 0.1143 0.1315 0.2534 0.4380 0.0174 0.0454
4 0.1053 0.1820 0.3347 0.3401 0.0145 0.0233
5 0.0791 0.0273 0.6123 0.2515 0.0078 0.0220
6 0.1079 0.0190 0.4333 0.3948 0.0145 0.0304
7 0.1219 0.0695 0.4321 0.3313 0.0188 0.0264
8 0.1127 0.0673 0.4531 0.3162 0.0135 0.0372
9 0.0997 0.0826 0.4907 0.2883 0.0082 0.0304
10 0.1006 0.0482 0.3511 0.4578 0.0091 0.0332
11 0.1170 0.0380 0.5410 0.2400 0.0129 0.0511
12 0.2544 0.0525 0.4905 0.1592 0.0183 0.0250
13 0.3145 0.0446 0.4368 0.1486 0.0271 0.0286
14 0.3167 0.0403 0.4534 0.1361 0.0238 0.0297
15 0.2815 0.0757 0.5508 0.0633 0.0157 0.0130
16 0.2052 0.1245 0.5850 0.0792 0.0021 0.0043
17 0.2104 0.1277 0.5723 0.0824 0.0023 0.0050
18 0.2137 0.1058 0.5630 0.1091 0.0019 0.0063
19 0.2185 0.1134 0.5669 0.0940 0.0022 0.0050
20 0.1732 0.1119 0.6143 0.0928 0.0019 0.0059
21 0.3142 0.0833 0.4229 0.1111 0.0290 0.0396
22 0.2773 0.1053 0.4231 0.1147 0.0240 0.0555
23 0.0889 0.0953 0.7212 0.0457 0.0168 0.0322
24 0.0616 0.0561 0.5488 0.3127 0.0192 0.0019
25 0.0734 0.0648 0.6343 0.1935 0.0168 0.0172
26 0.0641 0.1433 0.5498 0.2119 0.0276 0.0035
27 0.0571 0.0399 0.3445 0.4858 0.0545 0.0180
28 0.5415 0.0662 0.2385 0.1277 0.0247 0.0012
29 0.6118 0.1635 0.1205 0.0709 0.0309 0.0023
30 0.4756 0.2839 0.1462 0.0729 0.0199 0.0013
31 0.3289 0.1393 0.2406 0.2581 0.0311 0.0019
32 0.3450 0.1904 0.2583 0.1667 0.0331 0.0066
33 0.5747 0.0754 0.0953 0.2181 0.0345 0.0022
34 0.5562 0.0997 0.1862 0.1260 0.0283 0.0038
35 0.5420 0.1360 0.1693 0.1278 0.0219 0.0029
36 0.4834 0.0494 0.1953 0.2430 0.0248 0.0040
37 0.2849 0.0779 0.5664 0.0607 0.0085 0.0016
38 0.3899 0.0455 0.3232 0.2153 0.0213 0.0048
39 0.2126 0.1212 0.2546 0.3733 0.0252 0.0132
40 0.5127 0.0584 0.1589 0.2423 0.0249 0.0026
41 0.0588 0.0287 0.5327 0.2805 0.0125 0.0869
42 0.0627 0.0235 0.3557 0.4094 0.0220 0.1268
43 0.0567 0.0290 0.5820 0.2542 0.0129 0.0653
44 0.3652 0.0796 0.0686 0.4653 0.0162 0.0051
45 0.5737 0.0901 0.0416 0.2776 0.0131 0.0040
46 0.4224 0.0751 0.2705 0.1027 0.1119 0.0173
47 0.4009 0.2412 0.2489 0.0840 0.0134 0.0117
48 0.4036 0.1351 0.2998 0.0712 0.0525 0.0375
49 0.3982 0.1186 0.2935 0.1488 0.0298 0.0112
50 0.3584 0.0576 0.1173 0.4358 0.0266 0.0043
51 0.2769 0.0580 0.1653 0.4565 0.0303 0.0130
52 0.2025 0.0549 0.0812 0.5254 0.0094 0.1267
53 0.2189 0.1058 0.3391 0.2854 0.0172 0.0336
54 0.3352 0.1487 0.3796 0.0931 0.0291 0.0143
55 0.3674 0.1832 0.3479 0.0422 0.0460 0.0134
56 0.3262 0.1349 0.2747 0.2025 0.0150 0.0470
57 0.3823 0.1532 0.2429 0.1833 0.0334 0.0047
58 0.4373 0.0754 0.1323 0.3174 0.0253 0.0125
59 0.5459 0.0488 0.2722 0.1002 0.0261 0.0067
60 0.6880 0.0189 0.0835 0.1781 0.0178 0.0136
61 0.2581 0.1707 0.3611 0.1844 0.0204 0.0053
62 0.2910 0.1022 0.2375 0.3376 0.0284 0.0031
63 0.4832 0.0707 0.1462 0.2336 0.0586 0.0077
64 0.2837 0.0350 0.2793 0.3396 0.0399 0.0226
65 0.1659 0.0394 0.3198 0.3979 0.0322 0.0446
66 0.1915 0.0466 0.5806 0.1503 0.0272 0.0038
67 0.1503 0.0626 0.4214 0.3308 0.0208 0.0141
68 0.1317 0.0508 0.3870 0.3870 0.0123 0.0310
69 0.1991 0.0699 0.3132 0.3960 0.0098 0.0120
70 0.1968 0.0426 0.1923 0.4541 0.0600 0.0542
71 0.1813 0.0579 0.1161 0.5161 0.0359 0.0925
72 0.0893 0.0204 0.2793 0.5557 0.0180 0.0375
73 0.2646 0.0321 0.5430 0.1472 0.0058 0.0073
74 0.4333 0.1053 0.1353 0.2393 0.0718 0.0148
75 0.2155 0.1144 0.1652 0.4492 0.0477 0.0080
76 0.3254 0.0230 0.2742 0.3254 0.0066 0.0454
77 0.1014 0.0179 0.1131 0.7490 0.0049 0.0134
78 0.0760 0.0185 0.2493 0.6367 0.0066 0.0131
79 0.1586 0.0465 0.4810 0.2871 0.0136 0.0133
80 0.2008 0.0575 0.2788 0.4089 0.0261 0.0278
81 0.1272 0.0692 0.3567 0.3979 0.0293 0.0197
82 0.1205 0.0317 0.1488 0.6265 0.0241 0.0487
83 0.0825 0.0393 0.1859 0.6191 0.0226 0.0504
84 0.1183 0.0412 0.3291 0.4429 0.0145 0.0541
85 0.1603 0.0734 0.2561 0.4358 0.0393 0.0352
86 0.0745 0.0438 0.5249 0.3284 0.0224 0.0062
87 0.0413 0.0573 0.7427 0.1462 0.0072 0.0051
88 0.1114 0.0348 0.1333 0.5747 0.0573 0.0888
89 0.1622 0.0535 0.1636 0.4883 0.0377 0.0947
90 0.1733 0.0258 0.2369 0.5176 0.0396 0.0069
91 0.0740 0.0361 0.2927 0.5732 0.0156 0.0084
92 0.1099 0.0544 0.2852 0.5005 0.0197 0.0305
93 0.0753 0.0135 0.6606 0.2356 0.0096 0.0053
94 0.0790 0.0803 0.5400 0.2891 0.0025 0.0090
95 0.3313 0.0408 0.2009 0.3755 0.0022 0.0493
96 0.2411 0.0782 0.3455 0.2820 0.0460 0.0073
97 0.1757 0.1599 0.4485 0.1785 0.0088 0.0287
98 0.1006 0.0620 0.3682 0.3352 0.0348 0.0991
99 0.1155 0.0428 0.1268 0.6914 0.0072 0.0164
100 0.1416 0.1240 0.2524 0.3850 0.0277 0.0690
101 0.2935 0.0861 0.3174 0.2433 0.0342 0.0255
102 0.2186 0.1033 0.4485 0.1650 0.0236 0.0411
103 0.1807 0.1046 0.2356 0.3271 0.0198 0.1322
104 0.3113 0.0387 0.1136 0.4822 0.0066 0.0477
105 0.4375 0.0522 0.1443 0.3250 0.0188 0.0223
106 0.1816 0.0497 0.4636 0.2406 0.0562 0.0082
107 0.1587 0.0715 0.4890 0.2421 0.0203 0.0184
108 0.1194 0.0881 0.3679 0.2910 0.1252 0.0082
109 0.1426 0.0541 0.2705 0.4124 0.0845 0.0360
110 0.2732 0.3245 0.1879 0.1908 0.0214 0.0022
111 0.1392 0.1118 0.4780 0.2189 0.0210 0.0311
112 0.1198 0.1276 0.5630 0.1562 0.0222 0.0114
113 0.2175 0.2583 0.3909 0.1044 0.0244 0.0044
114 0.1978 0.0378 0.4253 0.2832 0.0374 0.0187
115 0.2883 0.0093 0.1667 0.5059 0.0113 0.0186
116 0.3245 0.0140 0.1724 0.4504 0.0262 0.0125
117 0.4500 0.1340 0.3215 0.0770 0.0158 0.0015
118 0.1532 0.0782 0.3821 0.3479 0.0302 0.0086
119 0.0490 0.0582 0.5874 0.2732 0.0018 0.0304
120 0.2460 0.0276 0.0750 0.6279 0.0066 0.0167
121 0.2710 0.0419 0.0827 0.5562 0.0115 0.0367
122 0.3508 0.0887 0.3347 0.1737 0.0502 0.0017
123 0.2693 0.0822 0.3625 0.2198 0.0635 0.0026
124 0.2356 0.0675 0.2507 0.3945 0.0439 0.0079
125 0.4856 0.0589 0.1267 0.2898 0.0215 0.0175
126 0.3857 0.0620 0.1407 0.3513 0.0490 0.0112
127 0.2769 0.1381 0.2405 0.1978 0.1298 0.0173
128 0.3665 0.0994 0.3635 0.1237 0.0330 0.0141
129 0.3425 0.0290 0.2046 0.3535 0.0099 0.0605
130 0.1125 0.0255 0.1943 0.4961 0.1537 0.0178
131 0.1147 0.0381 0.1619 0.3320 0.3169 0.0364
132 0.2228 0.0201 0.1876 0.4502 0.0914 0.0279
133 0.2600 0.0306 0.2404 0.3962 0.0553 0.0175
134 0.1927 0.0607 0.3330 0.3438 0.0368 0.0330
135 0.0916 0.0324 0.1766 0.2529 0.4370 0.0093
136 0.1309 0.0525 0.2297 0.1816 0.3970 0.0084
137 0.1243 0.0317 0.1572 0.6416 0.0164 0.0289
138 0.1810 0.0507 0.2150 0.4922 0.0312 0.0300
139 0.5591 0.0898 0.1482 0.1641 0.0057 0.0331
140 0.2400 0.0856 0.2006 0.4082 0.0104 0.0552
141 0.2152 0.0488 0.2054 0.4214 0.0830 0.0261
142 0.4526 0.1181 0.1190 0.2089 0.0927 0.0085
143 0.1627 0.0449 0.2522 0.1627 0.3669 0.0107
144 0.1589 0.0431 0.2073 0.1947 0.3811 0.0148
145 0.1567 0.0390 0.0599 0.6245 0.0633 0.0563
146 0.3552 0.0396 0.3418 0.2189 0.0308 0.0137
147 0.4312 0.0798 0.2325 0.2290 0.0213 0.0062
148 0.4072 0.1582 0.2301 0.1498 0.0281 0.0266
149 0.2627 0.1936 0.2467 0.2566 0.0058 0.0347
150 0.2194 0.0193 0.1709 0.2817 0.2905 0.0181
151 0.1360 0.0145 0.1404 0.6909 0.0122 0.0064
152 0.2048 0.0348 0.0847 0.6665 0.0053 0.0040
153 0.4006 0.0712 0.1696 0.3145 0.0108 0.0334
154 0.1335 0.0205 0.0693 0.7334 0.0038 0.0395
155 0.3179 0.0166 0.1245 0.5000 0.0050 0.0357
156 0.3950 0.0714 0.0881 0.3596 0.0055 0.0803
157 0.2246 0.0563 0.2354 0.2839 0.1776 0.0222
158 0.1190 0.2559 0.3286 0.2598 0.0056 0.0313
159 0.3569 0.0692 0.2491 0.3054 0.0043 0.0150
160 0.3706 0.0413 0.2820 0.2820 0.0221 0.0024
161 0.2559 0.0298 0.0721 0.5762 0.0496 0.0163
162 0.1665 0.0532 0.3062 0.4597 0.0069 0.0075
163 0.2186 0.0240 0.0462 0.6528 0.0227 0.0360
164 0.1526 0.0145 0.0621 0.7280 0.0157 0.0269
165 0.1145 0.0236 0.2140 0.5728 0.0150 0.0603
166 0.1442 0.1558 0.4041 0.2734 0.0128 0.0097
167 0.5068 0.1030 0.1453 0.2340 0.0079 0.0028
168 0.2795 0.1045 0.2710 0.3269 0.0147 0.0034
169 0.3264 0.1309 0.2971 0.2350 0.0064 0.0044
170 0.0646 0.0477 0.6631 0.1960 0.0126 0.0157
171 0.1332 0.0364 0.4575 0.3455 0.0204 0.0071
172 0.0952 0.0873 0.5430 0.2487 0.0131 0.0126
173 0.1108 0.0636 0.5044 0.2874 0.0134 0.0203
174 0.0816 0.0743 0.6030 0.2218 0.0090 0.0102
175 0.0430 0.0440 0.7056 0.1898 0.0079 0.0098
176 0.0423 0.0286 0.6406 0.2146 0.0073 0.0665
177 0.0409 0.0314 0.6606 0.2079 0.0076 0.0517
178 0.0379 0.0356 0.6406 0.2179 0.0076 0.0605
179 0.0395 0.0285 0.6279 0.2384 0.0090 0.0566
180 0.5874 0.1045 0.1697 0.1251 0.0125 0.0007
181 0.6865 0.0735 0.1952 0.0370 0.0075 0.0002
182 0.4866 0.0690 0.3789 0.0490 0.0161 0.0003
183 0.3906 0.1760 0.2561 0.1426 0.0328 0.0019
184 0.2808 0.1401 0.2898 0.2440 0.0349 0.0103
185 0.0614 0.1405 0.5063 0.2505 0.0321 0.0093
186 0.0534 0.0403 0.6821 0.1725 0.0053 0.0464
187 0.0634 0.0350 0.5303 0.3022 0.0147 0.0542
188 0.0797 0.0903 0.4375 0.3103 0.0236 0.0587
189 0.0538 0.0975 0.6460 0.1440 0.0082 0.0506
190 0.0936 0.0764 0.6196 0.1383 0.0142 0.0576
191 0.0824 0.0343 0.5718 0.2537 0.0269 0.0308
192 0.1320 0.0248 0.4680 0.2585 0.0482 0.0685
193 0.0719 0.0625 0.6934 0.1204 0.0156 0.0364
194 0.1678 0.0722 0.4221 0.2520 0.0415 0.0445
195 0.1077 0.0572 0.4905 0.2795 0.0214 0.0439
196 0.0936 0.0551 0.5142 0.2751 0.0175 0.0446
197 0.1119 0.0558 0.6646 0.1210 0.0264 0.0204
198 0.1028 0.0879 0.5820 0.1803 0.0160 0.0309
199 0.1439 0.0814 0.5781 0.1290 0.0239 0.0435
200 0.0657 0.0626 0.5669 0.2119 0.0122 0.0804
201 0.2272 0.0817 0.4697 0.1974 0.0172 0.0067
202 0.0302 0.0420 0.3921 0.4805 0.0083 0.0468
203 0.0432 0.0419 0.4717 0.3674 0.0121 0.0638
204 0.0366 0.1306 0.2722 0.5332 0.0064 0.0212
205 0.1213 0.0881 0.2489 0.4873 0.0148 0.0394
206 0.0613 0.0812 0.3237 0.4785 0.0194 0.0358
207 0.0645 0.0675 0.2820 0.4761 0.0334 0.0765
208 0.1470 0.0512 0.1257 0.5171 0.0598 0.0994
209 0.0532 0.0738 0.2383 0.5630 0.0112 0.0607
210 0.0756 0.0786 0.2007 0.5454 0.0230 0.0768
211 0.1045 0.0966 0.2507 0.5063 0.0184 0.0235
212 0.0790 0.0720 0.5400 0.2551 0.0123 0.0413
213 0.0927 0.0264 0.2769 0.5679 0.0210 0.0149
214 0.2091 0.1011 0.2708 0.3369 0.0290 0.0533
215 0.0610 0.1342 0.7256 0.0718 0.0015 0.0060
216 0.0307 0.0895 0.7983 0.0778 0.0014 0.0024
217 0.3467 0.1198 0.1855 0.3308 0.0131 0.0040
218 0.0988 0.0252 0.3164 0.5469 0.0086 0.0040
219 0.1154 0.0177 0.0711 0.7827 0.0091 0.0038
220 0.0726 0.0491 0.4241 0.4241 0.0179 0.0124
221 0.0980 0.0384 0.6489 0.1746 0.0110 0.0294
222 0.0698 0.0392 0.5244 0.3333 0.0179 0.0156
223 0.3340 0.0270 0.2683 0.2769 0.0459 0.0481
224 0.2018 0.0535 0.3174 0.3379 0.0116 0.0778
225 0.2527 0.0610 0.1792 0.4434 0.0103 0.0534
226 0.1138 0.1005 0.3506 0.3975 0.0237 0.0139
227 0.0901 0.1620 0.5742 0.1440 0.0233 0.0063
228 0.0920 0.0448 0.3813 0.4124 0.0147 0.0549
229 0.0682 0.0566 0.4963 0.3105 0.0133 0.0548
230 0.0626 0.1304 0.1115 0.5933 0.0910 0.0112
231 0.2891 0.1031 0.1302 0.4141 0.0201 0.0433
232 0.1595 0.0213 0.0854 0.6929 0.0348 0.0061
233 0.1388 0.0300 0.1031 0.6621 0.0583 0.0073
234 0.1215 0.0461 0.2491 0.5273 0.0182 0.0376
235 0.2571 0.0400 0.3352 0.3198 0.0213 0.0267
236 0.0240 0.1967 0.2300 0.5264 0.0057 0.0173
237 0.0991 0.0960 0.2529 0.4875 0.0154 0.0490
238 0.1143 0.0247 0.2786 0.5371 0.0199 0.0255
239 0.0737 0.0514 0.2416 0.4878 0.1273 0.0182
240 0.0654 0.0840 0.5308 0.2627 0.0277 0.0295
241 0.3547 0.0287 0.1870 0.3928 0.0305 0.0063
242 0.3374 0.0173 0.0551 0.5142 0.0069 0.0691
243 0.1237 0.0343 0.2700 0.5371 0.0229 0.0118
244 0.0296 0.0300 0.4021 0.4849 0.0054 0.0480
245 0.3171 0.0125 0.1476 0.4688 0.0307 0.0232
246 0.4451 0.0544 0.2401 0.2169 0.0193 0.0243
247 0.3379 0.0660 0.0953 0.4548 0.0394 0.0065
248 0.1038 0.0796 0.3708 0.4009 0.0179 0.0271
249 0.1415 0.0489 0.4358 0.3240 0.0369 0.0130
250 0.1986 0.0881 0.1956 0.4617 0.0088 0.0472
251 0.2267 0.0329 0.2734 0.4170 0.0290 0.0211
252 0.2230 0.0370 0.2095 0.4871 0.0271 0.0164
253 0.0914 0.0600 0.3396 0.4229 0.0581 0.0281
254 0.2028 0.0297 0.1460 0.5684 0.0210 0.0321
255 0.2869 0.0889 0.1141 0.4802 0.0225 0.0075
256 0.1010 0.0786 0.5166 0.1946 0.0323 0.0768
257 0.1925 0.0295 0.1595 0.5835 0.0141 0.0206
258 0.0570 0.0544 0.2849 0.5493 0.0202 0.0340
259 0.0588 0.0307 0.4924 0.3955 0.0118 0.0108
260 0.1099 0.1216 0.5625 0.1826 0.0132 0.0100
261 0.1813 0.1445 0.4053 0.2617 0.0048 0.0024
262 0.2366 0.0303 0.1066 0.5767 0.0120 0.0380
263 0.2142 0.0264 0.5303 0.1804 0.0367 0.0120
264 0.2839 0.0707 0.4683 0.1362 0.0256 0.0154
265 0.2644 0.1019 0.3447 0.2522 0.0198 0.0168
266 0.0576 0.0585 0.3369 0.4978 0.0344 0.0148
267 0.0521 0.0381 0.2771 0.5259 0.0723 0.0347
268 0.2062 0.0460 0.4099 0.2861 0.0350 0.0167
269 0.1631 0.0378 0.3562 0.3677 0.0122 0.0629
270 0.2544 0.1077 0.2544 0.3115 0.0467 0.0256
271 0.1581 0.0505 0.1908 0.5352 0.0109 0.0547
272 0.2307 0.0476 0.2201 0.2418 0.0962 0.1636
273 0.0657 0.1371 0.1874 0.5337 0.0164 0.0599
274 0.0918 0.0786 0.1538 0.5986 0.0101 0.0672
275 0.1761 0.0879 0.2175 0.4395 0.0122 0.0668
276 0.1577 0.0722 0.1666 0.5298 0.0129 0.0608
277 0.0769 0.0928 0.2407 0.5098 0.0142 0.0658
278 0.2252 0.0720 0.2288 0.3953 0.0151 0.0635
279 0.1148 0.0975 0.2319 0.4199 0.1185 0.0173
280 0.1600 0.1171 0.2966 0.2788 0.1287 0.0188
281 0.2200 0.0510 0.1334 0.5444 0.0019 0.0494
282 0.2566 0.0262 0.0839 0.5781 0.0078 0.0475
283 0.1078 0.1046 0.1671 0.5479 0.0122 0.0605
284 0.4988 0.0542 0.1070 0.2864 0.0304 0.0231
285 0.1963 0.0296 0.3040 0.4287 0.0147 0.0268
286 0.4607 0.0106 0.1776 0.3167 0.0146 0.0199
287 0.0626 0.1065 0.3894 0.4211 0.0055 0.0149
288 0.0213 0.1144 0.2661 0.5903 0.0060 0.0020
289 0.1465 0.0748 0.3860 0.3301 0.0135 0.0491
290 0.0646 0.1455 0.3228 0.4080 0.0012 0.0579
291 0.1571 0.0502 0.2472 0.3889 0.0502 0.1063
292 0.1862 0.0228 0.4983 0.2280 0.0242 0.0406
293 0.2032 0.0251 0.1168 0.5977 0.0134 0.0440
294 0.2014 0.0450 0.1332 0.4985 0.0099 0.1121
295 0.1796 0.0946 0.2166 0.4241 0.0483 0.0368
296 0.3447 0.1035 0.3613 0.1642 0.0107 0.0155
297 0.4658 0.0875 0.1957 0.0611 0.1809 0.0090
298 0.1000 0.1265 0.3279 0.3833 0.0221 0.0401
299 0.0330 0.0791 0.2051 0.6030 0.0123 0.0676
300 0.1035 0.0609 0.3672 0.4292 0.0287 0.0106
301 0.1108 0.0863 0.2920 0.4385 0.0247 0.0477
302 0.1599 0.0368 0.3958 0.3660 0.0243 0.0174
303 0.0750 0.0603 0.6279 0.2136 0.0046 0.0184
304 0.1190 0.1136 0.2642 0.4089 0.0150 0.0793
305 0.1940 0.1047 0.2032 0.4583 0.0186 0.0213
306 0.2141 0.0740 0.2502 0.4126 0.0035 0.0456
307 0.3806 0.0602 0.5044 0.0451 0.0008 0.0092
308 0.2539 0.2139 0.2057 0.1209 0.0455 0.1602
309 0.1394 0.4463 0.2352 0.1506 0.0119 0.0165
310 0.1958 0.3574 0.2698 0.1624 0.0092 0.0057
311 0.1076 0.0396 0.2208 0.5908 0.0264 0.0148
312 0.0992 0.0630 0.1560 0.6367 0.0255 0.0198
313 0.0936 0.0595 0.3372 0.4829 0.0176 0.0094
314 0.1952 0.0482 0.1281 0.5649 0.0140 0.0497
315 0.1647 0.0464 0.3125 0.4272 0.0226 0.0265
316 0.1142 0.0440 0.2739 0.5117 0.0132 0.0427
317 0.1948 0.0418 0.3528 0.3784 0.0213 0.0108
318 0.1504 0.0301 0.1436 0.6533 0.0048 0.0178
319 0.1024 0.0579 0.2827 0.5122 0.0261 0.0186
320 0.4856 0.1552 0.0652 0.2661 0.0149 0.0130
321 0.4050 0.0593 0.1812 0.2615 0.0087 0.0842
322 0.1384 0.0329 0.2046 0.5737 0.0226 0.0277
323 0.1282 0.0790 0.3650 0.3594 0.0233 0.0450
324 0.2600 0.0160 0.1229 0.5508 0.0352 0.0151
325 0.1401 0.0683 0.1829 0.5049 0.0251 0.0786
326 0.0046 0.0243 0.0275 0.9395 0.0012 0.0031
327 0.3059 0.0804 0.1587 0.4182 0.0116 0.0253
328 0.0870 0.0699 0.3721 0.4282 0.0282 0.0144
329 0.2416 0.1609 0.2378 0.3201 0.0110 0.0286
330 0.1859 0.0456 0.2041 0.4321 0.0264 0.1059
331 0.2135 0.0240 0.2419 0.4663 0.0289 0.0255
332 0.0660 0.0748 0.4438 0.3623 0.0400 0.0130
333 0.2507 0.0302 0.2015 0.4006 0.0634 0.0534
334 0.0564 0.2690 0.4165 0.2301 0.0041 0.0239
335 0.0856 0.0940 0.4346 0.3081 0.0161 0.0616
336 0.0922 0.1406 0.2976 0.3120 0.0356 0.1221
337 0.0605 0.1808 0.4404 0.2017 0.0364 0.0802
338 0.2058 0.0268 0.4358 0.2771 0.0270 0.0276
339 0.1892 0.0244 0.4832 0.2546 0.0195 0.0292
340 0.2108 0.0207 0.3877 0.3315 0.0201 0.0290
341 0.2194 0.0173 0.3345 0.3850 0.0226 0.0212
342 0.2439 0.1017 0.3132 0.3083 0.0095 0.0232
343 0.2252 0.0543 0.4207 0.2512 0.0060 0.0426
344 0.4839 0.1205 0.1547 0.1956 0.0131 0.0322
345 0.5073 0.1523 0.1476 0.1262 0.0454 0.0211
346 0.3667 0.1641 0.1653 0.2260 0.0306 0.0474
347 0.1915 0.0584 0.1338 0.5205 0.0131 0.0824
348 0.1461 0.0859 0.0782 0.3396 0.0311 0.3191
