time exciting_prob fearful_prob tense_prob sad_prob relaxing_prob neutral_prob
0 0.1807 0.0742 0.0895 0.2469 0.0494 0.3594
1 0.0779 0.1741 0.6621 0.0125 0.0253 0.0480
2 0.0722 0.1873 0.6743 0.0098 0.0213 0.0349
3 0.0354 0.2006 0.6895 0.0117 0.0166 0.0465
4 0.0383 0.2020 0.6729 0.0141 0.0192 0.0535
5 0.0500 0.1964 0.5820 0.0287 0.0508 0.0920
6 0.0704 0.2006 0.5039 0.0241 0.0773 0.1235
7 0.0536 0.2898 0.5083 0.0265 0.0473 0.0744
8 0.0867 0.1954 0.6118 0.0104 0.0250 0.0708
9 0.0407 0.1766 0.7041 0.0089 0.0113 0.0583
10 0.0462 0.2367 0.6138 0.0105 0.0151 0.0775
11 0.0598 0.1208 0.3496 0.1267 0.1171 0.2258
12 0.0916 0.2649 0.4167 0.0304 0.0665 0.1301
13 0.0890 0.2477 0.4021 0.0424 0.1116 0.1074
14 0.0615 0.3250 0.5356 0.0192 0.0132 0.0454
15 0.0481 0.2139 0.3313 0.1448 0.0079 0.2542
16 0.0306 0.0806 0.1735 0.1708 0.4097 0.1350
17 0.0341 0.1914 0.1198 0.2103 0.3809 0.0637
18 0.0453 0.5024 0.2373 0.0494 0.1332 0.0324
19 0.1055 0.2493 0.2571 0.1781 0.1609 0.0491
20 0.0233 0.2944 0.4856 0.0197 0.1075 0.0694
21 0.0247 0.1842 0.4348 0.1650 0.0926 0.0986
22 0.0199 0.4468 0.2078 0.2014 0.0179 0.1061
23 0.0265 0.3655 0.2434 0.2673 0.0132 0.0841
24 0.0497 0.4092 0.3667 0.1101 0.0344 0.0299
25 0.0412 0.1036 0.5020 0.2729 0.0099 0.0701
26 0.0135 0.1074 0.7456 0.1009 0.0122 0.0202
27 0.0131 0.0366 0.4934 0.2122 0.0768 0.1678
28 0.0254 0.0478 0.6387 0.1182 0.0516 0.1182
29 0.0114 0.0356 0.1450 0.7603 0.0123 0.0356
30 0.0177 0.1680 0.3445 0.3186 0.0524 0.0987
31 0.0058 0.0533 0.1776 0.6396 0.0088 0.1147
32 0.0138 0.2025 0.4819 0.0871 0.0169 0.1978
33 0.0195 0.0822 0.2166 0.5361 0.0263 0.1196
34 0.0096 0.0642 0.1565 0.6587 0.0101 0.1010
35 0.0517 0.3789 0.3242 0.1790 0.0428 0.0235
36 0.0752 0.1567 0.1361 0.5220 0.0643 0.0456
37 0.0957 0.2642 0.5381 0.0210 0.0229 0.0580
38 0.0260 0.1888 0.6094 0.0632 0.0098 0.1027
39 0.0200 0.2471 0.4875 0.0999 0.0815 0.0640
40 0.0491 0.0476 0.2101 0.5620 0.0170 0.1142
41 0.0476 0.2456 0.1610 0.4734 0.0043 0.0682
42 0.0388 0.2451 0.3511 0.2568 0.0195 0.0887
43 0.0184 0.2025 0.7407 0.0213 0.0035 0.0135
44 0.0395 0.2422 0.4890 0.1469 0.0108 0.0716
45 0.0490 0.0916 0.2954 0.1849 0.0443 0.3347
46 0.0330 0.1388 0.5938 0.1366 0.0097 0.0883
47 0.0609 0.1606 0.5830 0.0966 0.0169 0.0820
48 0.0912 0.1562 0.6685 0.0285 0.0117 0.0441
49 0.0442 0.1129 0.6704 0.0628 0.0358 0.0740
50 0.0730 0.0880 0.3120 0.3765 0.0582 0.0923
51 0.0236 0.0836 0.4312 0.4243 0.0103 0.0271
52 0.0605 0.0614 0.4539 0.3269 0.0233 0.0741
53 0.0371 0.0574 0.1942 0.6172 0.0433 0.0507
54 0.0577 0.1605 0.6152 0.0770 0.0789 0.0106
55 0.0733 0.1786 0.5166 0.0438 0.1058 0.0818
56 0.0533 0.1019 0.6753 0.0788 0.0712 0.0196
57 0.0317 0.1514 0.7109 0.0147 0.0269 0.0646
58 0.0504 0.1505 0.5254 0.0402 0.2025 0.0308
59 0.0354 0.1433 0.7744 0.0132 0.0230 0.0105
60 0.1300 0.1998 0.5142 0.0390 0.0873 0.0297
61 0.0995 0.1163 0.2947 0.2313 0.1577 0.1003
62 0.1212 0.1104 0.1952 0.3762 0.0250 0.1722
63 0.0733 0.0652 0.1887 0.5635 0.0225 0.0870
64 0.0311 0.0943 0.4788 0.2686 0.0220 0.1052
65 0.0310 0.0744 0.7061 0.1650 0.0107 0.0127
66 0.0235 0.0991 0.7559 0.0917 0.0105 0.0195
67 0.1450 0.0807 0.6919 0.0555 0.0095 0.0171
68 0.0706 0.0623 0.8208 0.0266 0.0126 0.0068
69 0.0829 0.1929 0.2808 0.2152 0.0322 0.1959
70 0.0673 0.0684 0.4971 0.2539 0.0346 0.0787
71 0.0308 0.1703 0.3960 0.3281 0.0343 0.0404
72 0.0169 0.1002 0.3779 0.3442 0.0380 0.1227
73 0.1240 0.1981 0.4429 0.1183 0.0740 0.0428
74 0.1080 0.1699 0.6167 0.0397 0.0518 0.0141
75 0.0209 0.1726 0.5840 0.0423 0.0182 0.1621
76 0.0307 0.1985 0.3123 0.0675 0.0482 0.3428
77 0.0291 0.1265 0.1207 0.6523 0.0051 0.0667
78 0.0436 0.0867 0.0982 0.6924 0.0125 0.0665
79 0.0693 0.2344 0.5620 0.0271 0.0388 0.0682
80 0.0095 0.3269 0.6108 0.0160 0.0140 0.0229
81 0.0243 0.0811 0.5371 0.3108 0.0049 0.0421
82 0.0485 0.0485 0.7021 0.1803 0.0059 0.0145
83 0.0492 0.2480 0.2810 0.3843 0.0095 0.0278
84 0.0240 0.1011 0.0920 0.7471 0.0032 0.0328
85 0.0195 0.0623 0.4751 0.2142 0.0078 0.2209
86 0.0224 0.1749 0.3452 0.1289 0.0288 0.2998
87 0.0195 0.0875 0.3357 0.1466 0.0305 0.3804
88 0.3691 0.0672 0.2478 0.2537 0.0349 0.0272
89 0.4175 0.0829 0.1838 0.1388 0.1196 0.0574
90 0.0992 0.2825 0.3572 0.0977 0.0587 0.1047
91 0.0671 0.1355 0.3149 0.2067 0.1635 0.1123
92 0.0486 0.3120 0.5562 0.0241 0.0072 0.0518
93 0.0128 0.1010 0.8071 0.0366 0.0077 0.0349
94 0.0576 0.0838 0.3213 0.3699 0.0294 0.1382
95 0.0220 0.1393 0.7769 0.0224 0.0019 0.0375
96 0.0486 0.3215 0.1667 0.3818 0.0129 0.0685
97 0.0982 0.4871 0.1439 0.1683 0.0260 0.0765
98 0.0753 0.3403 0.1909 0.2489 0.0175 0.1272
99 0.1117 0.4185 0.1237 0.2700 0.0524 0.0238
100 0.1048 0.1957 0.1263 0.4343 0.0202 0.1187
101 0.0642 0.3611 0.4934 0.0328 0.0204 0.0283
102 0.1266 0.2291 0.3718 0.1217 0.0466 0.1041
103 0.0623 0.2883 0.5645 0.0418 0.0128 0.0304
104 0.1093 0.3018 0.2522 0.1238 0.0500 0.1628
105 0.1433 0.2595 0.0767 0.2515 0.0291 0.2400
106 0.0717 0.1425 0.1403 0.5293 0.0532 0.0632
107 0.0647 0.2993 0.4287 0.1815 0.0120 0.0138
108 0.0811 0.2419 0.5625 0.0963 0.0068 0.0115
109 0.0139 0.2666 0.6392 0.0246 0.0390 0.0166
110 0.0397 0.1672 0.6611 0.0615 0.0273 0.0429
111 0.0129 0.2047 0.7725 0.0037 0.0020 0.0041
112 0.0488 0.2440 0.6738 0.0203 0.0056 0.0075
113 0.1293 0.2756 0.4915 0.0410 0.0307 0.0319
114 0.1753 0.3379 0.4141 0.0146 0.0454 0.0126
115 0.1107 0.4177 0.3923 0.0293 0.0330 0.0170
116 0.0640 0.1334 0.3740 0.2571 0.0271 0.1443
117 0.0668 0.1448 0.1887 0.3391 0.0516 0.2090
118 0.0513 0.1592 0.7134 0.0463 0.0145 0.0156
119 0.0723 0.1733 0.5015 0.1339 0.0254 0.0935
120 0.0844 0.2405 0.5293 0.0438 0.0285 0.0734
121 0.0369 0.1405 0.7715 0.0350 0.0120 0.0044
122 0.0226 0.1506 0.6855 0.0886 0.0079 0.0445
123 0.0182 0.0842 0.6318 0.1133 0.0047 0.1477
124 0.0597 0.1549 0.3203 0.3154 0.0291 0.1206
125 0.0388 0.1658 0.3623 0.2734 0.0327 0.1272
126 0.0393 0.1890 0.3164 0.3115 0.0572 0.0865
127 0.0068 0.1796 0.0822 0.6992 0.0092 0.0228
128 0.1392 0.1948 0.5771 0.0393 0.0308 0.0188
129 0.0614 0.1384 0.4263 0.2710 0.0222 0.0807
130 0.1259 0.2949 0.5342 0.0240 0.0142 0.0066
131 0.0184 0.1743 0.2496 0.4812 0.0083 0.0682
132 0.0152 0.0999 0.2800 0.3027 0.0088 0.2935
133 0.1350 0.2175 0.1483 0.1259 0.0176 0.3557
134 0.0518 0.2957 0.4651 0.1054 0.0241 0.0578
135 0.0531 0.1081 0.1366 0.3225 0.0141 0.3655
136 0.1871 0.3335 0.2384 0.1162 0.0363 0.0884
137 0.0139 0.1318 0.4602 0.2278 0.0096 0.1566
138 0.0422 0.1570 0.0659 0.2527 0.0134 0.4688
139 0.0311 0.4675 0.4258 0.0463 0.0195 0.0098
140 0.0169 0.5679 0.3962 0.0097 0.0056 0.0038
141 0.0245 0.1343 0.6821 0.1522 0.0028 0.0041
142 0.0222 0.1578 0.5684 0.2225 0.0137 0.0154
143 0.0142 0.3525 0.4971 0.1218 0.0033 0.0111
144 0.0222 0.2485 0.4226 0.1192 0.0294 0.1580
145 0.0690 0.4065 0.3672 0.0435 0.0486 0.0653
146 0.0741 0.2932 0.3945 0.0696 0.0141 0.1544
147 0.0578 0.0953 0.5610 0.2451 0.0091 0.0314
148 0.0135 0.1148 0.6978 0.1061 0.0068 0.0610
149 0.0450 0.2063 0.5269 0.1632 0.0367 0.0217
150 0.0430 0.0392 0.6724 0.2084 0.0102 0.0269
151 0.0349 0.0604 0.5137 0.3164 0.0103 0.0643
152 0.1166 0.0827 0.7485 0.0286 0.0222 0.0014
153 0.0272 0.0515 0.4666 0.4248 0.0025 0.0272
154 0.0628 0.0845 0.6245 0.2059 0.0051 0.0174
155 0.0548 0.0792 0.7998 0.0207 0.0363 0.0094
156 0.1127 0.2073 0.3469 0.1564 0.1067 0.0699
157 0.0778 0.1940 0.5884 0.0596 0.0578 0.0225
158 0.0850 0.3494 0.3928 0.0557 0.0473 0.0699
159 0.0858 0.2856 0.3784 0.1181 0.0781 0.0541
160 0.1794 0.1283 0.5977 0.0284 0.0443 0.0219
161 0.2563 0.2262 0.2334 0.1372 0.0568 0.0900
162 0.4404 0.2321 0.2671 0.0124 0.0223 0.0258
163 0.2161 0.0820 0.1311 0.3398 0.1078 0.1231
164 0.1309 0.4463 0.2927 0.0432 0.0701 0.0169
165 0.0884 0.0857 0.3389 0.2479 0.0431 0.1962
166 0.1819 0.1271 0.3347 0.2908 0.0306 0.0350
167 0.1897 0.2200 0.4731 0.0829 0.0298 0.0046
168 0.0189 0.1226 0.7866 0.0386 0.0232 0.0100
169 0.0276 0.2209 0.7134 0.0190 0.0148 0.0043
170 0.0439 0.2732 0.4365 0.0564 0.1764 0.0136
171 0.0300 0.2273 0.3865 0.0357 0.3154 0.0049
172 0.0471 0.2015 0.6406 0.0381 0.0577 0.0151
173 0.0091 0.3079 0.1726 0.4841 0.0023 0.0239
174 0.0134 0.3716 0.4211 0.1478 0.0053 0.0407
175 0.0448 0.1514 0.5122 0.2457 0.0401 0.0056
176 0.0406 0.3403 0.5522 0.0247 0.0379 0.0042
177 0.0305 0.2434 0.6616 0.0295 0.0142 0.0209
178 0.0226 0.1240 0.7358 0.0643 0.0113 0.0418
179 0.0124 0.2239 0.7339 0.0197 0.0037 0.0064
180 0.0299 0.1289 0.7539 0.0425 0.0222 0.0226
181 0.0203 0.0721 0.7871 0.0710 0.0056 0.0437
182 0.0112 0.0849 0.8848 0.0118 0.0023 0.0050
183 0.0323 0.2209 0.3940 0.3020 0.0123 0.0384
184 0.0187 0.2771 0.5957 0.0355 0.0093 0.0638
185 0.0362 0.1294 0.7930 0.0192 0.0153 0.0069
186 0.0330 0.1869 0.7627 0.0064 0.0054 0.0057
187 0.0776 0.2111 0.6812 0.0097 0.0110 0.0095
188 0.0750 0.2808 0.5166 0.0693 0.0327 0.0257
189 0.0938 0.4438 0.3738 0.0510 0.0264 0.0113
190 0.0716 0.1962 0.5630 0.0971 0.0441 0.0278
191 0.0304 0.1908 0.6064 0.1113 0.0223 0.0388
192 0.0161 0.2563 0.5688 0.1230 0.0026 0.0331
193 0.0310 0.1810 0.6416 0.1151 0.0094 0.0218
194 0.0223 0.1208 0.5083 0.3037 0.0059 0.0389
195 0.1510 0.1685 0.3098 0.3098 0.0164 0.0446
196 0.1582 0.1464 0.2734 0.2129 0.0153 0.1938
197 0.1014 0.0895 0.4617 0.2081 0.0565 0.0828
198 0.0738 0.1057 0.2537 0.4519 0.0210 0.0940
199 0.0424 0.0871 0.3608 0.4421 0.0085 0.0589
200 0.0334 0.1240 0.4065 0.3215 0.0153 0.0996
201 0.0121 0.3772 0.5664 0.0198 0.0074 0.0174
202 0.0179 0.4197 0.4983 0.0167 0.0124 0.0350
203 0.0121 0.3645 0.5557 0.0207 0.0084 0.0384
204 0.0105 0.1814 0.3962 0.3442 0.0123 0.0553
205 0.0212 0.2140 0.4824 0.2107 0.0233 0.0485
206 0.0151 0.2202 0.5894 0.1315 0.0152 0.0289
207 0.0082 0.4319 0.3418 0.1978 0.0045 0.0160
208 0.0346 0.2964 0.5625 0.0389 0.0346 0.0327
209 0.0224 0.1453 0.1954 0.1909 0.0155 0.4304
210 0.0087 0.2959 0.6069 0.0195 0.0099 0.0592
211 0.0176 0.2180 0.4761 0.2113 0.0192 0.0578
212 0.0796 0.0902 0.1252 0.5977 0.0394 0.0681
213 0.1110 0.1566 0.1382 0.1298 0.0183 0.4460
214 0.0374 0.2201 0.5981 0.0320 0.0602 0.0523
215 0.0278 0.2896 0.5244 0.0469 0.0612 0.0500
216 0.0316 0.2649 0.4102 0.1322 0.0887 0.0724
217 0.0367 0.3223 0.3652 0.0539 0.1243 0.0975
218 0.0191 0.2915 0.5620 0.0227 0.0651 0.0395
219 0.0191 0.3772 0.5234 0.0247 0.0278 0.0278
220 0.0405 0.3936 0.2664 0.0964 0.0957 0.1076
221 0.0216 0.3684 0.3201 0.0440 0.0310 0.2148
222 0.0394 0.2822 0.3950 0.0903 0.0945 0.0983
223 0.0360 0.1210 0.5596 0.0935 0.0111 0.1788
224 0.0398 0.2964 0.2830 0.0245 0.3059 0.0503
225 0.0512 0.3164 0.4602 0.0580 0.0124 0.1019
226 0.0638 0.3816 0.4978 0.0081 0.0090 0.0396
227 0.0253 0.4448 0.3411 0.0557 0.0330 0.1000
228 0.0088 0.6094 0.2878 0.0500 0.0043 0.0396
229 0.0086 0.4150 0.5498 0.0130 0.0045 0.0090
230 0.0124 0.3743 0.5796 0.0179 0.0065 0.0093
231 0.0068 0.4104 0.5439 0.0300 0.0023 0.0065
232 0.0224 0.3792 0.5605 0.0163 0.0112 0.0103
233 0.0205 0.3862 0.4446 0.0218 0.0237 0.1031
234 0.0375 0.3018 0.4602 0.0205 0.0236 0.1565
235 0.0276 0.2423 0.3694 0.0689 0.0378 0.2539
236 0.0716 0.2700 0.4248 0.0330 0.0536 0.1469
237 0.1071 0.3652 0.1851 0.0573 0.0708 0.2146
238 0.0228 0.1333 0.0426 0.2756 0.0490 0.4763
239 0.0522 0.3296 0.0718 0.1923 0.0742 0.2798
240 0.1559 0.3379 0.3486 0.0494 0.0543 0.0539
241 0.0226 0.1077 0.0921 0.3020 0.0432 0.4326
242 0.1387 0.4141 0.2378 0.0578 0.0931 0.0583
243 0.1274 0.3279 0.3127 0.0749 0.0570 0.1000
244 0.1078 0.3855 0.3374 0.0416 0.0681 0.0596
245 0.0881 0.4407 0.2981 0.0514 0.0514 0.0703
246 0.0085 0.2803 0.6724 0.0093 0.0059 0.0234
247 0.0027 0.2849 0.2554 0.4414 0.0009 0.0148
248 0.0021 0.1895 0.1954 0.6021 0.0003 0.0109
249 0.0021 0.2698 0.1142 0.6079 0.0010 0.0051
250 0.0066 0.1270 0.1763 0.5962 0.0453 0.0489
251 0.1110 0.1566 0.1382 0.1298 0.0183 0.4460
252 0.0401 0.2942 0.2720 0.2515 0.0341 0.1082
253 0.0326 0.1846 0.2227 0.4033 0.0533 0.1036
254 0.0552 0.2698 0.3411 0.2418 0.0544 0.0380
255 0.0107 0.0271 0.4734 0.2917 0.0057 0.1913
256 0.1595 0.1780 0.3623 0.0719 0.0724 0.1559
257 0.0574 0.0924 0.6621 0.0709 0.0766 0.0407
258 0.0226 0.1046 0.1836 0.6211 0.0172 0.0510
259 0.0327 0.1206 0.4922 0.2289 0.0687 0.0570
260 0.0079 0.1023 0.6880 0.1584 0.0079 0.0353
261 0.0172 0.2715 0.5659 0.1080 0.0117 0.0258
262 0.0093 0.1013 0.6602 0.1061 0.0329 0.0901
263 0.0191 0.1522 0.6929 0.0176 0.0102 0.1080
264 0.0093 0.0585 0.2769 0.0657 0.0806 0.5093
265 0.0087 0.0688 0.3386 0.0667 0.0823 0.4348
266 0.0135 0.1608 0.5972 0.0815 0.0072 0.1396
267 0.0274 0.0710 0.2898 0.5767 0.0131 0.0220
268 0.0130 0.1092 0.5210 0.3110 0.0037 0.0421
269 0.0160 0.2178 0.3762 0.3589 0.0016 0.0295
270 0.0789 0.1985 0.2549 0.4136 0.0078 0.0464
271 0.0125 0.1859 0.7129 0.0294 0.0073 0.0520
272 0.0193 0.2427 0.6914 0.0090 0.0057 0.0318
273 0.1014 0.2715 0.5571 0.0098 0.0064 0.0539
274 0.0457 0.1632 0.6924 0.0138 0.0136 0.0713
275 0.0627 0.1650 0.6631 0.0217 0.0175 0.0699
276 0.0335 0.4553 0.2476 0.2476 0.0034 0.0127
277 0.0313 0.3157 0.5454 0.0912 0.0055 0.0106
278 0.0390 0.2644 0.6548 0.0347 0.0030 0.0041
279 0.0548 0.3772 0.5156 0.0255 0.0058 0.0211
280 0.0098 0.4404 0.4546 0.0681 0.0022 0.0249
281 0.0262 0.1268 0.2333 0.5776 0.0033 0.0328
282 0.0218 0.1991 0.4021 0.3550 0.0016 0.0203
283 0.0539 0.0454 0.2693 0.5034 0.0226 0.1055
284 0.0200 0.0548 0.1770 0.5283 0.0427 0.1770
285 0.0323 0.0922 0.7598 0.0951 0.0043 0.0163
286 0.0221 0.2627 0.6709 0.0240 0.0020 0.0184
287 0.0412 0.1995 0.7129 0.0081 0.0127 0.0258
288 0.0854 0.2048 0.6211 0.0137 0.0146 0.0601
289 0.0566 0.1153 0.4631 0.2639 0.0553 0.0455
290 0.0532 0.1100 0.3992 0.2056 0.0492 0.1827
291 0.0416 0.1087 0.5972 0.1820 0.0569 0.0138
292 0.0594 0.0516 0.3584 0.3164 0.0865 0.1278
293 0.1266 0.1600 0.2722 0.3389 0.0141 0.0884
294 0.1136 0.1248 0.1393 0.5864 0.0119 0.0242
295 0.1211 0.1460 0.1460 0.5513 0.0172 0.0184
296 0.0229 0.1803 0.6104 0.0412 0.0049 0.1405
297 0.0294 0.3506 0.5020 0.0399 0.0079 0.0701
298 0.0157 0.1738 0.5791 0.0796 0.0055 0.1464
299 0.0073 0.1968 0.4504 0.1764 0.0183 0.1509
300 0.0107 0.2705 0.5381 0.0825 0.0130 0.0851
301 0.0136 0.4250 0.4971 0.0263 0.0053 0.0328
302 0.0234 0.2363 0.4082 0.2400 0.0071 0.0849
303 0.0160 0.2316 0.3167 0.3701 0.0025 0.0633
304 0.1110 0.1566 0.1382 0.1298 0.0183 0.4460
