time exciting_prob fearful_prob tense_prob sad_prob relaxing_prob neutral_prob
0 0.1136 0.1553 0.1349 0.1288 0.0181 0.4492
1 0.2761 0.3601 0.1031 0.1116 0.1265 0.0227
2 0.1724 0.4988 0.1232 0.1311 0.0629 0.0118
3 0.1741 0.4209 0.1410 0.1367 0.1064 0.0208
4 0.3267 0.3372 0.1230 0.1289 0.0446 0.0396
5 0.1694 0.1721 0.0604 0.3423 0.0277 0.2280
6 0.1241 0.1473 0.2690 0.3401 0.0770 0.0425
7 0.2213 0.1223 0.1710 0.4470 0.0288 0.0094
8 0.0254 0.2957 0.3052 0.0945 0.0057 0.2734
9 0.2817 0.2126 0.0353 0.0311 0.3589 0.0801
10 0.3940 0.3167 0.0555 0.0331 0.0746 0.1260
11 0.1035 0.0201 0.0745 0.7178 0.0648 0.0193
12 0.2666 0.0734 0.1721 0.3760 0.0653 0.0467
13 0.0974 0.0355 0.1997 0.6250 0.0126 0.0299
14 0.1870 0.4778 0.1445 0.0710 0.0386 0.0811
15 0.1689 0.0208 0.1423 0.6479 0.0033 0.0169
16 0.3347 0.1750 0.0600 0.1166 0.1544 0.1593
17 0.5049 0.2120 0.0549 0.0323 0.1091 0.0870
18 0.4666 0.1326 0.0566 0.0330 0.0978 0.2136
19 0.5557 0.0321 0.0193 0.3789 0.0073 0.0066
20 0.0315 0.0222 0.8521 0.0857 0.0009 0.0075
21 0.0432 0.0459 0.2522 0.4224 0.0104 0.2261
22 0.3916 0.2412 0.2432 0.0945 0.0164 0.0132
23 0.1909 0.2231 0.2957 0.2651 0.0188 0.0065
24 0.0740 0.0316 0.5142 0.0403 0.0031 0.3372
25 0.0829 0.1216 0.3203 0.2534 0.0276 0.1943
26 0.1366 0.0511 0.3489 0.2937 0.0022 0.1674
27 0.3843 0.2139 0.0393 0.0474 0.2925 0.0227
28 0.1217 0.1108 0.2310 0.4451 0.0079 0.0836
29 0.0757 0.1248 0.0594 0.1831 0.5298 0.0272
30 0.2620 0.3113 0.2747 0.1084 0.0381 0.0057
31 0.1716 0.4116 0.1785 0.0424 0.1914 0.0044
32 0.2637 0.3928 0.2659 0.0119 0.0612 0.0045
33 0.2147 0.3770 0.3459 0.0102 0.0483 0.0040
34 0.1995 0.3262 0.4355 0.0076 0.0255 0.0057
35 0.0148 0.4824 0.4900 0.0013 0.0084 0.0032
36 0.0250 0.5098 0.4360 0.0033 0.0159 0.0101
37 0.0382 0.4958 0.4243 0.0031 0.0293 0.0092
38 0.0437 0.4146 0.4080 0.0129 0.0611 0.0597
39 0.0315 0.3157 0.4451 0.0330 0.0220 0.1527
40 0.3171 0.2196 0.3735 0.0264 0.0479 0.0153
41 0.3560 0.1875 0.3140 0.0509 0.0653 0.0264
42 0.0473 0.4316 0.4216 0.0181 0.0441 0.0374
43 0.0283 0.4055 0.4968 0.0131 0.0405 0.0157
44 0.0159 0.5605 0.3564 0.0250 0.0307 0.0113
45 0.0118 0.5308 0.4070 0.0212 0.0143 0.0149
46 0.1792 0.0696 0.5874 0.0624 0.0084 0.0930
47 0.0482 0.0590 0.7959 0.0648 0.0013 0.0309
48 0.1759 0.1602 0.6436 0.0065 0.0039 0.0101
49 0.0535 0.3303 0.5444 0.0158 0.0124 0.0436
50 0.1898 0.3179 0.3230 0.1456 0.0190 0.0047
51 0.1003 0.2542 0.4822 0.1229 0.0142 0.0264
52 0.1009 0.3281 0.5410 0.0050 0.0078 0.0170
53 0.0866 0.4609 0.4331 0.0051 0.0047 0.0096
54 0.1071 0.5229 0.3484 0.0031 0.0047 0.0137
55 0.1417 0.4434 0.3733 0.0080 0.0091 0.0246
56 0.0600 0.4797 0.3096 0.1021 0.0169 0.0316
57 0.0774 0.2292 0.5327 0.0434 0.1049 0.0121
58 0.1786 0.1600 0.6040 0.0110 0.0320 0.0144
59 0.2158 0.2625 0.4429 0.0529 0.0107 0.0152
60 0.1824 0.2083 0.3276 0.1234 0.0109 0.1477
61 0.2119 0.2598 0.3779 0.0575 0.0247 0.0683
62 0.1437 0.2834 0.3418 0.0594 0.0064 0.1653
63 0.1631 0.1982 0.4680 0.0273 0.0050 0.1384
64 0.2018 0.2115 0.4995 0.0423 0.0043 0.0407
65 0.2043 0.1846 0.3669 0.1119 0.0148 0.1173
66 0.1611 0.4775 0.3035 0.0320 0.0150 0.0109
67 0.1740 0.4238 0.2491 0.0889 0.0255 0.0388
68 0.1925 0.3513 0.2913 0.1186 0.0166 0.0298
69 0.2661 0.4387 0.2639 0.0127 0.0116 0.0069
70 0.2231 0.3538 0.2489 0.0795 0.0413 0.0534
71 0.0818 0.5503 0.1786 0.1018 0.0208 0.0668
72 0.1525 0.1367 0.6519 0.0159 0.0074 0.0354
73 0.1561 0.2849 0.4624 0.0401 0.0225 0.0340
74 0.1109 0.3962 0.4668 0.0129 0.0099 0.0032
75 0.1033 0.2639 0.5674 0.0253 0.0165 0.0234
76 0.2347 0.2170 0.4023 0.0844 0.0313 0.0301
77 0.2402 0.2537 0.4385 0.0352 0.0170 0.0154
78 0.1420 0.5034 0.3274 0.0113 0.0046 0.0115
79 0.1200 0.4636 0.3696 0.0159 0.0100 0.0210
80 0.1775 0.2603 0.4602 0.0421 0.0161 0.0438
81 0.1998 0.1013 0.3882 0.1310 0.0614 0.1183
82 0.3608 0.1084 0.2559 0.1307 0.0438 0.1002
83 0.1858 0.3872 0.3811 0.0108 0.0095 0.0257
84 0.1716 0.3806 0.3989 0.0175 0.0092 0.0220
85 0.1393 0.3018 0.4602 0.0274 0.0363 0.0349
86 0.0999 0.4475 0.3652 0.0156 0.0225 0.0494
87 0.0534 0.2668 0.6304 0.0256 0.0124 0.0116
88 0.2301 0.3706 0.3269 0.0260 0.0277 0.0187
89 0.2625 0.3818 0.2749 0.0229 0.0215 0.0363
90 0.1083 0.2311 0.4705 0.0386 0.0169 0.1348
91 0.1547 0.2715 0.5317 0.0127 0.0214 0.0082
92 0.0941 0.3208 0.5630 0.0127 0.0036 0.0060
93 0.1115 0.3352 0.4583 0.0394 0.0104 0.0450
94 0.1436 0.3611 0.3933 0.0303 0.0098 0.0618
95 0.2681 0.2598 0.3811 0.0305 0.0276 0.0328
96 0.0862 0.3203 0.5000 0.0189 0.0161 0.0583
97 0.1938 0.3271 0.4104 0.0157 0.0122 0.0410
98 0.1743 0.2517 0.4182 0.0738 0.0579 0.0242
99 0.1544 0.2178 0.5605 0.0353 0.0154 0.0164
100 0.1351 0.2688 0.5181 0.0295 0.0275 0.0211
101 0.2615 0.2615 0.2761 0.0454 0.0327 0.1226
102 0.1451 0.2668 0.4070 0.0373 0.0105 0.1332
103 0.0365 0.3330 0.4731 0.0565 0.0063 0.0947
104 0.0585 0.3813 0.5132 0.0124 0.0053 0.0296
105 0.0404 0.4995 0.4341 0.0023 0.0143 0.0095
106 0.0458 0.2170 0.6631 0.0125 0.0039 0.0575
107 0.0196 0.3110 0.6382 0.0065 0.0008 0.0240
108 0.0245 0.2163 0.7314 0.0182 0.0019 0.0075
109 0.0933 0.1074 0.4316 0.2617 0.0111 0.0948
110 0.0859 0.3477 0.2625 0.1340 0.1060 0.0638
111 0.0452 0.1481 0.6738 0.0891 0.0059 0.0377
112 0.3779 0.0580 0.4119 0.0699 0.0095 0.0727
113 0.1062 0.1968 0.6108 0.0659 0.0108 0.0094
114 0.1812 0.2761 0.5322 0.0049 0.0028 0.0027
115 0.0713 0.1353 0.1697 0.0358 0.0490 0.5391
116 0.0293 0.3564 0.1194 0.0192 0.0110 0.4648
117 0.0308 0.5288 0.2120 0.0109 0.0136 0.2039
118 0.0242 0.2023 0.1458 0.0257 0.0074 0.5947
119 0.0494 0.1333 0.7979 0.0065 0.0039 0.0092
120 0.0465 0.0636 0.2896 0.5327 0.0053 0.0626
121 0.1462 0.6606 0.1724 0.0087 0.0102 0.0016
122 0.0175 0.5483 0.4207 0.0051 0.0013 0.0069
123 0.0091 0.3406 0.6362 0.0049 0.0003 0.0088
124 0.0681 0.4236 0.3857 0.0742 0.0319 0.0167
125 0.0678 0.1436 0.2241 0.1163 0.0057 0.4424
126 0.1342 0.1643 0.5645 0.0442 0.0449 0.0478
127 0.2427 0.2334 0.4194 0.0311 0.0422 0.0313
128 0.1942 0.2361 0.4587 0.0476 0.0184 0.0451
129 0.2883 0.2061 0.4197 0.0339 0.0254 0.0266
130 0.0083 0.4006 0.5830 0.0018 0.0008 0.0052
131 0.0608 0.4561 0.4153 0.0177 0.0199 0.0303
132 0.0898 0.4119 0.1976 0.2479 0.0127 0.0402
133 0.0928 0.0659 0.2996 0.4641 0.0147 0.0628
134 0.2058 0.2244 0.4392 0.0886 0.0256 0.0165
135 0.0141 0.2812 0.6855 0.0021 0.0044 0.0125
136 0.0291 0.4734 0.4661 0.0083 0.0057 0.0177
137 0.0530 0.4512 0.2715 0.1453 0.0162 0.0630
138 0.0548 0.5244 0.2659 0.0940 0.0098 0.0511
139 0.1898 0.3179 0.2827 0.1024 0.0430 0.0641
140 0.1749 0.2952 0.2605 0.0614 0.0525 0.1555
141 0.0685 0.2264 0.4609 0.0782 0.0319 0.1342
142 0.0383 0.4026 0.4856 0.0143 0.0094 0.0496
143 0.0238 0.5137 0.4329 0.0078 0.0070 0.0147
144 0.0070 0.3308 0.6475 0.0035 0.0027 0.0083
145 0.0264 0.1428 0.2468 0.0741 0.0339 0.4758
146 0.0235 0.4136 0.4541 0.0185 0.0149 0.0753
147 0.0082 0.2318 0.6206 0.0568 0.0012 0.0814
148 0.0926 0.0305 0.1758 0.1049 0.0110 0.5854
149 0.1122 0.0423 0.5396 0.1545 0.0064 0.1451
150 0.0826 0.0564 0.6450 0.1384 0.0097 0.0680
151 0.0844 0.0745 0.1248 0.1932 0.1328 0.3904
152 0.2227 0.1543 0.2028 0.0832 0.0599 0.2771
153 0.1516 0.1237 0.0837 0.3811 0.0360 0.2240
154 0.6865 0.0735 0.0396 0.1121 0.0685 0.0199
155 0.0972 0.2644 0.5298 0.0746 0.0081 0.0260
156 0.1108 0.1798 0.6084 0.0575 0.0071 0.0363
157 0.2700 0.2256 0.2720 0.0744 0.1255 0.0325
158 0.2286 0.3005 0.3513 0.0400 0.0565 0.0232
159 0.1776 0.2485 0.4260 0.0659 0.0460 0.0358
160 0.1002 0.2876 0.5332 0.0227 0.0227 0.0338
161 0.4583 0.1159 0.3328 0.0298 0.0265 0.0367
162 0.4326 0.1416 0.2793 0.0663 0.0595 0.0207
163 0.0826 0.2373 0.6602 0.0075 0.0018 0.0106
164 0.0620 0.1698 0.6875 0.0429 0.0044 0.0334
165 0.2120 0.1256 0.5586 0.0462 0.0107 0.0469
166 0.3164 0.0449 0.4602 0.1371 0.0076 0.0339
167 0.0561 0.2184 0.6221 0.0216 0.0052 0.0767
168 0.0668 0.0571 0.2559 0.4421 0.0229 0.1552
169 0.2445 0.1654 0.4358 0.1052 0.0188 0.0304
170 0.0795 0.1030 0.3074 0.0246 0.4761 0.0094
171 0.1248 0.2600 0.5684 0.0119 0.0082 0.0268
172 0.5962 0.0550 0.1508 0.1012 0.0685 0.0283
173 0.5791 0.2081 0.1534 0.0098 0.0475 0.0020
174 0.2455 0.2288 0.4341 0.0335 0.0120 0.0461
175 0.2512 0.1941 0.4656 0.0348 0.0203 0.0342
176 0.3481 0.3977 0.1683 0.0266 0.0494 0.0099
177 0.3503 0.0685 0.2299 0.1906 0.1531 0.0076
178 0.1964 0.4255 0.3064 0.0384 0.0301 0.0031
179 0.2458 0.1246 0.5083 0.0238 0.0970 0.0005
180 0.1107 0.1399 0.5278 0.1942 0.0099 0.0176
181 0.0117 0.1048 0.8638 0.0124 0.0017 0.0057
182 0.0413 0.0316 0.3535 0.1321 0.0013 0.4402
183 0.0399 0.0775 0.5815 0.1238 0.0077 0.1693
184 0.0422 0.0260 0.2078 0.0997 0.0041 0.6201
185 0.2729 0.0214 0.1193 0.0272 0.5513 0.0076
186 0.1680 0.0252 0.2683 0.0358 0.4976 0.0052
187 0.1344 0.0569 0.3127 0.0086 0.4841 0.0032
188 0.1255 0.0476 0.3032 0.0121 0.5078 0.0035
189 0.1245 0.0417 0.2720 0.0106 0.5493 0.0018
190 0.1532 0.0266 0.1342 0.0214 0.6602 0.0046
191 0.1472 0.0428 0.1920 0.0152 0.6006 0.0021
192 0.1453 0.1262 0.2800 0.0141 0.4336 0.0008
193 0.0232 0.1205 0.8110 0.0117 0.0208 0.0130
194 0.2522 0.0149 0.1844 0.5337 0.0063 0.0084
195 0.0707 0.0966 0.1923 0.5308 0.0309 0.0789
196 0.0351 0.1226 0.0842 0.0407 0.7056 0.0119
197 0.1952 0.0390 0.1300 0.6108 0.0073 0.0177
198 0.0717 0.0485 0.1361 0.6289 0.0103 0.1043
199 0.1442 0.0784 0.2913 0.4373 0.0219 0.0271
200 0.0326 0.0493 0.4529 0.1257 0.2925 0.0470
201 0.0315 0.0606 0.3833 0.3657 0.0606 0.0984
202 0.0333 0.0652 0.3313 0.3997 0.0209 0.1494
203 0.0683 0.0877 0.3635 0.3159 0.0637 0.1010
204 0.0312 0.0232 0.1910 0.6362 0.0221 0.0961
205 0.0544 0.1285 0.7061 0.0166 0.0704 0.0238
206 0.0341 0.2661 0.5811 0.0120 0.1042 0.0023
207 0.0334 0.2179 0.3823 0.0482 0.3120 0.0062
208 0.0211 0.3704 0.5649 0.0158 0.0091 0.0189
209 0.3135 0.2329 0.3933 0.0346 0.0217 0.0040
210 0.2881 0.1616 0.4861 0.0186 0.0418 0.0038
211 0.0687 0.4585 0.3743 0.0692 0.0269 0.0027
212 0.3391 0.0831 0.3582 0.1436 0.0222 0.0536
213 0.2688 0.0643 0.5264 0.0865 0.0160 0.0381
214 0.1307 0.1019 0.6904 0.0396 0.0100 0.0272
215 0.2693 0.1765 0.1821 0.2734 0.0327 0.0660
216 0.2476 0.1116 0.4771 0.1057 0.0109 0.0472
217 0.3005 0.0784 0.3921 0.1781 0.0185 0.0324
218 0.2969 0.2024 0.4319 0.0369 0.0283 0.0036
219 0.2844 0.1096 0.4724 0.1079 0.0151 0.0107
220 0.2739 0.2084 0.4844 0.0174 0.0098 0.0062
221 0.2659 0.1650 0.4419 0.1009 0.0163 0.0100
222 0.1992 0.1962 0.5459 0.0380 0.0171 0.0038
223 0.2944 0.0877 0.4087 0.1527 0.0240 0.0323
224 0.2012 0.1920 0.5259 0.0521 0.0226 0.0061
225 0.1525 0.1742 0.6079 0.0365 0.0225 0.0065
226 0.1105 0.3074 0.5312 0.0204 0.0250 0.0055
227 0.3293 0.3347 0.2751 0.0390 0.0168 0.0048
228 0.2354 0.4229 0.3167 0.0146 0.0077 0.0031
229 0.0291 0.0931 0.8428 0.0161 0.0021 0.0167
230 0.1887 0.1589 0.4600 0.1191 0.0647 0.0086
231 0.2084 0.1454 0.5117 0.0910 0.0129 0.0307
232 0.1835 0.2954 0.4612 0.0268 0.0141 0.0189
233 0.3486 0.1115 0.4373 0.0731 0.0247 0.0047
234 0.3818 0.1667 0.2974 0.1111 0.0361 0.0069
235 0.5522 0.1365 0.2180 0.0724 0.0201 0.0006
236 0.4626 0.1854 0.2656 0.0641 0.0181 0.0041
237 0.5439 0.1376 0.1836 0.1071 0.0235 0.0042
238 0.3040 0.0647 0.3286 0.2725 0.0196 0.0105
239 0.4700 0.0897 0.2086 0.2086 0.0185 0.0046
240 0.4055 0.2661 0.2898 0.0242 0.0136 0.0007
241 0.4548 0.1824 0.3125 0.0322 0.0161 0.0021
242 0.0947 0.3633 0.4663 0.0503 0.0092 0.0162
243 0.1741 0.1610 0.4514 0.1912 0.0101 0.0123
244 0.5049 0.1527 0.2854 0.0395 0.0112 0.0066
245 0.4255 0.1182 0.2444 0.1830 0.0168 0.0122
246 0.4077 0.0314 0.2148 0.2673 0.0327 0.0461
247 0.3262 0.0603 0.3110 0.2747 0.0124 0.0155
248 0.2710 0.1952 0.4985 0.0244 0.0069 0.0040
249 0.3306 0.1898 0.4050 0.0540 0.0181 0.0027
250 0.3811 0.1564 0.3723 0.0488 0.0283 0.0130
251 0.3411 0.1411 0.3411 0.1107 0.0236 0.0424
252 0.3293 0.1129 0.3879 0.0813 0.0228 0.0659
253 0.5029 0.0443 0.3101 0.0765 0.0082 0.0578
254 0.1127 0.3784 0.4124 0.0360 0.0036 0.0571
255 0.3167 0.2029 0.4131 0.0467 0.0065 0.0142
256 0.3921 0.2673 0.2961 0.0289 0.0078 0.0077
257 0.3328 0.2252 0.2654 0.1420 0.0186 0.0161
258 0.0717 0.3611 0.5093 0.0508 0.0060 0.0009
259 0.1554 0.3342 0.4429 0.0585 0.0070 0.0019
260 0.2979 0.1029 0.4685 0.0894 0.0367 0.0047
261 0.3152 0.0773 0.3357 0.2036 0.0228 0.0454
262 0.4031 0.2484 0.2949 0.0318 0.0109 0.0107
263 0.2454 0.1740 0.4878 0.0748 0.0098 0.0081
264 0.2820 0.2489 0.3457 0.0874 0.0279 0.0081
265 0.3518 0.1466 0.4177 0.0597 0.0146 0.0097
266 0.3210 0.2681 0.3259 0.0617 0.0110 0.0122
267 0.2190 0.4495 0.2522 0.0500 0.0111 0.0184
268 0.1243 0.2571 0.4583 0.1023 0.0118 0.0461
269 0.2207 0.0438 0.4709 0.0722 0.0110 0.1815
270 0.3040 0.0994 0.3782 0.0751 0.0085 0.1349
271 0.2361 0.0320 0.1824 0.1215 0.0106 0.4175
272 0.3774 0.1345 0.2717 0.1741 0.0077 0.0345
273 0.3159 0.2023 0.4023 0.0617 0.0062 0.0117
274 0.4055 0.3496 0.1930 0.0282 0.0052 0.0185
275 0.3032 0.0856 0.0856 0.3203 0.0063 0.1990
276 0.0153 0.1318 0.8198 0.0154 0.0006 0.0170
277 0.0806 0.0590 0.3613 0.2815 0.0050 0.2125
278 0.3215 0.0973 0.5181 0.0478 0.0049 0.0105
279 0.2068 0.0377 0.4998 0.1714 0.0072 0.0773
280 0.3237 0.0435 0.3843 0.1903 0.0130 0.0452
281 0.0983 0.1738 0.6665 0.0388 0.0063 0.0162
282 0.1523 0.2200 0.5073 0.0625 0.0021 0.0556
283 0.1125 0.3035 0.5762 0.0059 0.0006 0.0013
284 0.0533 0.1708 0.4866 0.2524 0.0147 0.0222
285 0.1179 0.1783 0.6890 0.0129 0.0017 0.0003
286 0.0122 0.1832 0.6704 0.0752 0.0015 0.0576
287 0.0138 0.3313 0.5293 0.0831 0.0050 0.0372
288 0.0648 0.1666 0.7129 0.0366 0.0166 0.0026
289 0.1227 0.1600 0.6133 0.0667 0.0234 0.0140
290 0.1136 0.1553 0.1349 0.1288 0.0181 0.4492
