time exciting_prob fearful_prob tense_prob sad_prob relaxing_prob neutral_prob
0 0.1360 0.0717 0.1382 0.4189 0.0576 0.1775
1 0.0994 0.3210 0.0438 0.2349 0.2993 0.0017
2 0.1216 0.3630 0.1265 0.1478 0.2380 0.0030
3 0.0674 0.2729 0.1028 0.0474 0.5059 0.0034
4 0.0316 0.2837 0.0459 0.1693 0.4675 0.0020
5 0.0240 0.0963 0.0448 0.5625 0.2659 0.0065
6 0.1532 0.1157 0.1532 0.3047 0.2566 0.0167
7 0.1467 0.1611 0.1274 0.2236 0.3306 0.0105
8 0.1215 0.1072 0.1215 0.3862 0.2417 0.0216
9 0.0222 0.0952 0.0801 0.7368 0.0559 0.0096
10 0.1517 0.4290 0.1693 0.1019 0.1360 0.0123
11 0.0690 0.2389 0.3215 0.1438 0.2244 0.0026
12 0.0618 0.1888 0.1506 0.5425 0.0493 0.0072
13 0.0396 0.1979 0.0851 0.2278 0.4458 0.0038
14 0.0841 0.2002 0.0754 0.0635 0.5747 0.0022
15 0.0440 0.1560 0.0468 0.0359 0.7153 0.0018
16 0.0698 0.2380 0.1031 0.0472 0.5405 0.0012
17 0.0498 0.4766 0.1987 0.0282 0.1080 0.1387
18 0.0638 0.5386 0.2061 0.0237 0.1484 0.0195
19 0.0912 0.0335 0.2764 0.5327 0.0274 0.0386
20 0.2922 0.1842 0.3335 0.0540 0.1348 0.0012
21 0.2118 0.2849 0.2896 0.0398 0.1729 0.0011
22 0.3772 0.0205 0.1224 0.3328 0.0889 0.0583
23 0.2542 0.0906 0.1760 0.2878 0.1459 0.0456
24 0.3137 0.2791 0.2139 0.1277 0.0603 0.0053
25 0.0505 0.0865 0.1192 0.7134 0.0277 0.0028
26 0.1526 0.3835 0.1974 0.1770 0.0869 0.0025
27 0.0889 0.1674 0.3008 0.3408 0.0588 0.0433
28 0.1133 0.2167 0.3103 0.1324 0.2184 0.0087
29 0.1654 0.2333 0.1249 0.1472 0.3264 0.0027
30 0.0389 0.0503 0.0993 0.7456 0.0392 0.0267
31 0.1876 0.1279 0.0577 0.3645 0.2410 0.0214
32 0.0276 0.2639 0.2498 0.3870 0.0673 0.0046
33 0.3088 0.0580 0.4897 0.0934 0.0463 0.0038
34 0.1019 0.2369 0.4358 0.1603 0.0590 0.0062
35 0.1013 0.6206 0.2283 0.0171 0.0295 0.0034
36 0.0848 0.5361 0.3203 0.0245 0.0300 0.0042
37 0.1243 0.1823 0.3301 0.2913 0.0461 0.0259
38 0.1228 0.4783 0.3064 0.0485 0.0415 0.0026
39 0.1930 0.1992 0.5586 0.0325 0.0136 0.0031
40 0.1736 0.3733 0.3562 0.0505 0.0449 0.0015
41 0.1879 0.2000 0.2283 0.3169 0.0639 0.0031
42 0.4028 0.1318 0.0757 0.1903 0.1948 0.0044
43 0.2422 0.1370 0.0905 0.4216 0.1002 0.0085
44 0.2603 0.4028 0.1172 0.0613 0.1566 0.0018
45 0.1371 0.3088 0.3965 0.0757 0.0769 0.0049
46 0.2465 0.4360 0.2209 0.0193 0.0770 0.0004
47 0.2065 0.2166 0.3406 0.1313 0.1031 0.0019
48 0.1142 0.0592 0.1377 0.1489 0.5278 0.0118
49 0.1732 0.0986 0.0668 0.0728 0.5859 0.0029
50 0.1328 0.0668 0.2581 0.4744 0.0632 0.0048
51 0.0615 0.6665 0.2032 0.0547 0.0121 0.0017
52 0.0505 0.2754 0.4199 0.2145 0.0378 0.0019
53 0.2515 0.3181 0.1899 0.1367 0.1033 0.0005
54 0.2744 0.1527 0.4216 0.0524 0.0978 0.0010
55 0.1173 0.4255 0.3289 0.0818 0.0442 0.0021
56 0.1414 0.1066 0.2725 0.3389 0.0780 0.0627
57 0.0522 0.0624 0.1232 0.0582 0.6255 0.0783
58 0.0441 0.1414 0.0884 0.0627 0.6538 0.0096
59 0.0977 0.0645 0.1016 0.5532 0.1741 0.0090
60 0.0299 0.2057 0.3667 0.2993 0.0913 0.0070
61 0.3015 0.0438 0.0161 0.5503 0.0799 0.0087
62 0.0899 0.3936 0.1627 0.0493 0.2900 0.0144
63 0.2032 0.2981 0.2715 0.0578 0.1344 0.0351
64 0.1199 0.2876 0.2786 0.0926 0.1504 0.0710
65 0.1509 0.2429 0.2062 0.3293 0.0581 0.0126
66 0.1499 0.6826 0.1214 0.0218 0.0235 0.0008
67 0.1132 0.5439 0.1753 0.0391 0.1224 0.0059
68 0.2029 0.5474 0.1580 0.0166 0.0735 0.0019
69 0.0288 0.2954 0.3350 0.2886 0.0475 0.0046
70 0.0508 0.1329 0.1329 0.5298 0.1426 0.0111
71 0.0797 0.2847 0.3625 0.0983 0.1699 0.0049
72 0.2296 0.2225 0.2091 0.0638 0.2483 0.0268
73 0.1099 0.3804 0.3745 0.0862 0.0454 0.0036
74 0.0687 0.3982 0.4207 0.0835 0.0237 0.0052
75 0.0955 0.4214 0.3308 0.0830 0.0662 0.0030
76 0.1409 0.4441 0.2322 0.1114 0.0650 0.0065
77 0.0799 0.4319 0.2277 0.2139 0.0405 0.0062
78 0.2573 0.4587 0.1549 0.0737 0.0495 0.0059
79 0.0526 0.0675 0.1893 0.6504 0.0139 0.0260
80 0.0282 0.0961 0.2360 0.6074 0.0271 0.0054
81 0.1244 0.4480 0.2915 0.0791 0.0518 0.0051
82 0.1560 0.4998 0.2573 0.0368 0.0487 0.0013
83 0.0211 0.5527 0.2913 0.1272 0.0029 0.0050
84 0.0657 0.2725 0.3137 0.3289 0.0057 0.0135
85 0.0303 0.2295 0.2090 0.5210 0.0086 0.0015
86 0.0955 0.2401 0.3206 0.3232 0.0199 0.0006
87 0.0577 0.5269 0.0518 0.0952 0.2671 0.0014
88 0.0712 0.3020 0.0701 0.3167 0.2317 0.0084
89 0.1359 0.3809 0.3440 0.0941 0.0434 0.0017
90 0.0210 0.4783 0.2241 0.2561 0.0173 0.0032
91 0.0515 0.4016 0.1355 0.3862 0.0211 0.0042
92 0.0813 0.3909 0.2445 0.0690 0.2012 0.0133
93 0.3245 0.2300 0.1709 0.1968 0.0614 0.0164
94 0.2478 0.2440 0.1562 0.1161 0.2153 0.0205
95 0.3040 0.3723 0.0733 0.0694 0.1732 0.0079
96 0.4399 0.3508 0.0614 0.0644 0.0814 0.0021
97 0.4390 0.2025 0.1084 0.1360 0.1026 0.0116
98 0.5205 0.0431 0.0458 0.2170 0.0877 0.0857
99 0.1554 0.4255 0.2664 0.1003 0.0500 0.0024
100 0.2490 0.2866 0.1698 0.1595 0.1301 0.0049
101 0.2296 0.2542 0.1859 0.1426 0.1774 0.0104
102 0.1976 0.3311 0.2103 0.0705 0.1857 0.0049
103 0.3064 0.2993 0.1733 0.0384 0.1802 0.0022
104 0.0559 0.4006 0.2373 0.2690 0.0314 0.0058
105 0.1423 0.5083 0.2205 0.0786 0.0414 0.0087
106 0.0086 0.5679 0.0320 0.3901 0.0015 0.0001
107 0.0040 0.3254 0.0427 0.6270 0.0004 0.0005
108 0.0106 0.5347 0.1290 0.2820 0.0063 0.0373
109 0.1647 0.6167 0.1622 0.0340 0.0200 0.0023
110 0.1249 0.4639 0.3188 0.0633 0.0196 0.0095
111 0.2119 0.5005 0.2363 0.0333 0.0165 0.0016
112 0.3391 0.2561 0.2683 0.1172 0.0143 0.0049
113 0.3350 0.4402 0.1671 0.0342 0.0217 0.0019
114 0.1533 0.2776 0.1984 0.3455 0.0172 0.0081
115 0.2646 0.4163 0.2142 0.0629 0.0375 0.0046
116 0.2686 0.3586 0.2245 0.1289 0.0159 0.0035
117 0.1151 0.0205 0.5488 0.1838 0.1263 0.0056
118 0.0604 0.0740 0.0813 0.7358 0.0256 0.0229
119 0.3674 0.3479 0.0600 0.0106 0.2126 0.0016
120 0.2273 0.1715 0.1226 0.0553 0.4211 0.0021
121 0.1711 0.2322 0.2866 0.2147 0.0916 0.0037
122 0.2864 0.4167 0.1301 0.1429 0.0221 0.0017
123 0.1241 0.4434 0.2566 0.1028 0.0707 0.0024
124 0.1525 0.5889 0.1377 0.0954 0.0171 0.0085
125 0.2688 0.3616 0.0966 0.2505 0.0114 0.0112
126 0.0532 0.1199 0.0371 0.0320 0.7578 0.0001
127 0.0807 0.1984 0.0685 0.0364 0.6157 0.0002
128 0.1357 0.2700 0.0451 0.0323 0.5166 0.0004
129 0.1109 0.3086 0.0363 0.0354 0.5088 0.0001
130 0.0203 0.3542 0.3772 0.2323 0.0074 0.0087
131 0.0146 0.1545 0.7969 0.0275 0.0029 0.0037
132 0.0118 0.1268 0.4568 0.3787 0.0030 0.0228
133 0.0942 0.5591 0.2581 0.0793 0.0069 0.0025
134 0.0654 0.5029 0.3594 0.0468 0.0231 0.0025
135 0.1564 0.1423 0.2222 0.1144 0.3635 0.0014
136 0.1260 0.1427 0.3142 0.0706 0.3450 0.0016
137 0.1301 0.0735 0.3096 0.1877 0.2954 0.0035
138 0.1356 0.0737 0.2150 0.1989 0.3743 0.0027
139 0.1569 0.0674 0.2430 0.2014 0.3269 0.0042
140 0.2385 0.4219 0.2155 0.0728 0.0408 0.0107
141 0.2739 0.3057 0.1840 0.1514 0.0667 0.0184
142 0.2371 0.4980 0.1394 0.0788 0.0442 0.0027
143 0.2191 0.4531 0.1788 0.0892 0.0478 0.0122
144 0.4192 0.2502 0.1604 0.0914 0.0701 0.0087
145 0.2419 0.4214 0.2345 0.0721 0.0285 0.0016
146 0.1092 0.7349 0.0979 0.0366 0.0217 0.0000
147 0.2225 0.6338 0.0525 0.0481 0.0428 0.0000
148 0.3186 0.3552 0.1947 0.0912 0.0325 0.0077
149 0.2058 0.5015 0.0988 0.0920 0.0995 0.0026
150 0.2306 0.4309 0.1754 0.0388 0.1196 0.0046
151 0.1495 0.0600 0.2666 0.1669 0.3533 0.0036
152 0.2080 0.0309 0.2250 0.1499 0.3826 0.0035
153 0.4595 0.3694 0.0792 0.0357 0.0504 0.0058
154 0.1974 0.0677 0.0940 0.5449 0.0588 0.0371
155 0.5698 0.1322 0.1354 0.0216 0.1385 0.0021
156 0.5015 0.1229 0.1732 0.0384 0.1615 0.0029
157 0.3796 0.1924 0.1595 0.0686 0.1909 0.0088
158 0.2222 0.4558 0.1785 0.0612 0.0780 0.0043
159 0.1552 0.3086 0.2766 0.2072 0.0267 0.0257
160 0.2035 0.2184 0.2455 0.2343 0.0842 0.0141
161 0.0729 0.1694 0.4163 0.2773 0.0529 0.0114
162 0.3311 0.1801 0.2040 0.1042 0.1626 0.0181
163 0.1633 0.3511 0.1333 0.1595 0.1909 0.0018
164 0.1948 0.2124 0.3066 0.2010 0.0825 0.0027
165 0.2355 0.4133 0.2247 0.0654 0.0551 0.0061
166 0.2256 0.5454 0.0704 0.1276 0.0312 0.0000
167 0.2321 0.4233 0.0821 0.1545 0.1079 0.0000
168 0.3718 0.3718 0.1624 0.0588 0.0346 0.0008
169 0.0900 0.0950 0.3787 0.4226 0.0124 0.0013
170 0.3628 0.1064 0.3833 0.1388 0.0080 0.0008
171 0.0769 0.1288 0.3845 0.1733 0.0658 0.1707
172 0.0156 0.3020 0.4126 0.1693 0.0445 0.0558
173 0.0953 0.5444 0.1957 0.0731 0.0476 0.0440
174 0.0646 0.6533 0.2137 0.0255 0.0315 0.0115
175 0.1549 0.6318 0.1455 0.0325 0.0332 0.0019
176 0.0599 0.3879 0.4570 0.0653 0.0266 0.0034
177 0.1572 0.1089 0.2803 0.3601 0.0597 0.0338
178 0.0757 0.4460 0.2664 0.0545 0.0264 0.1309
179 0.1715 0.4451 0.2382 0.0282 0.0883 0.0287
180 0.1107 0.6675 0.1169 0.0932 0.0090 0.0029
181 0.2439 0.4417 0.2152 0.0792 0.0156 0.0047
182 0.1165 0.5059 0.2686 0.0595 0.0336 0.0161
183 0.2386 0.3933 0.2295 0.1026 0.0306 0.0053
184 0.2847 0.3984 0.2324 0.0483 0.0351 0.0011
185 0.3381 0.1868 0.3601 0.0816 0.0221 0.0113
186 0.2487 0.5024 0.2111 0.0177 0.0193 0.0009
187 0.1796 0.4307 0.1781 0.1584 0.0423 0.0109
188 0.0843 0.5942 0.2458 0.0222 0.0320 0.0213
189 0.0614 0.5781 0.3296 0.0082 0.0189 0.0035
190 0.0537 0.4426 0.2463 0.2407 0.0154 0.0012
191 0.1404 0.4258 0.3315 0.0819 0.0196 0.0008
192 0.1115 0.1925 0.3569 0.3076 0.0286 0.0028
193 0.1914 0.5083 0.2678 0.0069 0.0175 0.0078
194 0.0651 0.0933 0.1663 0.5894 0.0317 0.0540
195 0.0945 0.2358 0.2671 0.2756 0.0796 0.0471
196 0.0898 0.2367 0.2600 0.3667 0.0336 0.0131
197 0.0917 0.2150 0.1284 0.5078 0.0407 0.0164
198 0.1725 0.3298 0.3298 0.0665 0.0983 0.0031
199 0.0645 0.4836 0.3003 0.0450 0.1038 0.0027
200 0.1185 0.1242 0.1821 0.0475 0.5269 0.0008
201 0.0712 0.5869 0.2708 0.0074 0.0525 0.0114
202 0.2174 0.2107 0.1816 0.0920 0.0706 0.2278
203 0.0895 0.4368 0.2015 0.2096 0.0569 0.0056
204 0.4473 0.1685 0.2888 0.0610 0.0342 0.0002
205 0.1593 0.6758 0.1461 0.0045 0.0134 0.0009
206 0.1078 0.6758 0.1221 0.0187 0.0644 0.0109
207 0.1121 0.1175 0.3022 0.4197 0.0356 0.0128
208 0.1000 0.1838 0.1769 0.4771 0.0539 0.0085
209 0.1510 0.3271 0.3003 0.1545 0.0543 0.0128
210 0.0917 0.2324 0.2271 0.4080 0.0320 0.0089
211 0.0732 0.5986 0.2698 0.0315 0.0200 0.0069
212 0.4014 0.2341 0.2803 0.0543 0.0289 0.0011
213 0.1469 0.3928 0.3232 0.1246 0.0120 0.0007
214 0.0754 0.2361 0.2100 0.4209 0.0368 0.0208
215 0.0462 0.1294 0.1090 0.6729 0.0357 0.0067
216 0.0986 0.6948 0.1664 0.0068 0.0320 0.0015
217 0.2081 0.2571 0.1465 0.3328 0.0404 0.0152
218 0.3142 0.5776 0.0576 0.0297 0.0193 0.0015
219 0.0484 0.0289 0.0540 0.7695 0.0263 0.0727
220 0.0272 0.0220 0.0948 0.0132 0.8384 0.0042
221 0.0394 0.0625 0.1536 0.0230 0.7153 0.0062
222 0.2037 0.5161 0.1649 0.0575 0.0557 0.0020
223 0.1454 0.6265 0.1293 0.0265 0.0671 0.0054
224 0.1346 0.6128 0.1812 0.0276 0.0354 0.0082
225 0.1791 0.1473 0.1877 0.4036 0.0486 0.0337
226 0.1405 0.2448 0.1819 0.3022 0.1212 0.0096
227 0.2076 0.1086 0.3506 0.2335 0.0319 0.0679
228 0.4226 0.2297 0.1361 0.0685 0.1012 0.0418
229 0.4683 0.1656 0.0951 0.0600 0.1863 0.0248
230 0.1442 0.2081 0.2472 0.2491 0.1488 0.0026
231 0.1703 0.5586 0.1445 0.0732 0.0524 0.0010
232 0.0293 0.1290 0.0814 0.0219 0.7368 0.0013
233 0.0765 0.1343 0.3708 0.3767 0.0309 0.0108
234 0.1578 0.1654 0.3474 0.1654 0.1517 0.0123
235 0.0189 0.0960 0.6118 0.2549 0.0056 0.0128
236 0.0764 0.2211 0.4717 0.1669 0.0355 0.0285
237 0.5337 0.0956 0.2241 0.0987 0.0452 0.0027
238 0.6875 0.0975 0.0909 0.0724 0.0502 0.0013
239 0.2693 0.3174 0.1088 0.2251 0.0742 0.0052
240 0.3247 0.2112 0.1646 0.1594 0.1364 0.0038
241 0.2749 0.1875 0.1077 0.2059 0.2091 0.0150
242 0.0072 0.0294 0.0717 0.8735 0.0087 0.0093
243 0.1554 0.2771 0.3291 0.2092 0.0193 0.0099
244 0.0379 0.0356 0.1750 0.7144 0.0081 0.0290
245 0.1362 0.0283 0.0893 0.3318 0.4131 0.0014
246 0.1215 0.0216 0.0760 0.2269 0.5532 0.0009
247 0.0880 0.1212 0.3762 0.1362 0.2729 0.0055
248 0.1071 0.0783 0.0692 0.4268 0.3098 0.0089
249 0.1564 0.3391 0.0545 0.2349 0.2122 0.0031
250 0.2122 0.2137 0.1447 0.0805 0.3235 0.0255
251 0.0936 0.4646 0.1157 0.1331 0.1819 0.0112
252 0.3262 0.2683 0.0728 0.1042 0.2190 0.0095
253 0.3882 0.3245 0.1428 0.0600 0.0782 0.0061
254 0.0330 0.9053 0.0137 0.0128 0.0343 0.0012
255 0.2615 0.3518 0.2185 0.0232 0.1444 0.0007
256 0.1914 0.2102 0.2457 0.0962 0.2534 0.0031
257 0.0468 0.6255 0.0494 0.0759 0.2014 0.0012
258 0.0422 0.1777 0.1037 0.2111 0.4609 0.0042
259 0.0335 0.1664 0.0603 0.2808 0.4558 0.0030
260 0.0250 0.1580 0.0746 0.2544 0.4827 0.0054
261 0.0346 0.0978 0.0641 0.1327 0.6685 0.0025
262 0.0333 0.1437 0.1011 0.3088 0.4092 0.0040
