time exciting_prob fearful_prob tense_prob sad_prob relaxing_prob neutral_prob
0 0.0806 0.1210 0.1101 0.1932 0.0242 0.4709
1 0.9492 0.0191 0.0138 0.0146 0.0008 0.0024
2 0.9302 0.0077 0.0533 0.0062 0.0009 0.0018
3 0.2842 0.1241 0.2932 0.1835 0.0198 0.0952
4 0.8604 0.0191 0.1069 0.0022 0.0114 0.0001
5 0.9541 0.0106 0.0153 0.0020 0.0179 0.0000
6 0.9453 0.0095 0.0196 0.0030 0.0224 0.0001
7 0.9722 0.0052 0.0023 0.0001 0.0202 0.0000
8 0.7871 0.0548 0.1445 0.0005 0.0128 0.0000
9 0.2012 0.5688 0.1996 0.0018 0.0270 0.0017
10 0.2186 0.5410 0.2135 0.0012 0.0247 0.0009
11 0.2849 0.4734 0.1989 0.0016 0.0404 0.0008
12 0.2603 0.3730 0.1011 0.0026 0.2583 0.0047
13 0.2778 0.4763 0.1753 0.0009 0.0686 0.0010
14 0.4275 0.1755 0.2939 0.0005 0.1016 0.0009
15 0.2483 0.3584 0.3613 0.0006 0.0311 0.0004
16 0.3735 0.1148 0.3853 0.0020 0.1232 0.0012
17 0.2654 0.4014 0.1781 0.0020 0.1511 0.0021
18 0.2898 0.2072 0.0673 0.0028 0.4316 0.0014
19 0.3301 0.3740 0.2610 0.0006 0.0334 0.0008
20 0.1306 0.5991 0.2256 0.0025 0.0414 0.0010
21 0.1841 0.5986 0.2021 0.0011 0.0129 0.0009
22 0.1625 0.5669 0.2656 0.0004 0.0039 0.0005
23 0.0487 0.8179 0.1324 0.0001 0.0007 0.0002
24 0.2100 0.5576 0.2150 0.0005 0.0166 0.0003
25 0.5293 0.1719 0.2642 0.0023 0.0290 0.0031
26 0.5635 0.2223 0.1858 0.0018 0.0255 0.0012
27 0.1212 0.6152 0.2585 0.0019 0.0027 0.0003
28 0.4399 0.3943 0.1342 0.0006 0.0307 0.0002
29 0.0903 0.8115 0.0969 0.0001 0.0011 0.0001
30 0.1727 0.4805 0.3152 0.0007 0.0305 0.0004
31 0.1714 0.5234 0.2825 0.0008 0.0214 0.0003
32 0.0931 0.6313 0.2632 0.0005 0.0114 0.0002
33 0.0934 0.6050 0.2856 0.0011 0.0148 0.0002
34 0.1912 0.3862 0.4080 0.0017 0.0127 0.0004
35 0.5498 0.2153 0.1842 0.0007 0.0496 0.0004
36 0.6211 0.1176 0.2130 0.0009 0.0461 0.0012
37 0.7876 0.1152 0.0843 0.0024 0.0098 0.0006
38 0.7812 0.0672 0.1236 0.0016 0.0243 0.0021
39 0.2368 0.4746 0.2260 0.0010 0.0604 0.0011
40 0.2141 0.5098 0.2091 0.0006 0.0658 0.0007
41 0.0825 0.7642 0.1493 0.0009 0.0028 0.0001
42 0.3479 0.2998 0.3479 0.0004 0.0034 0.0006
43 0.5020 0.2045 0.2883 0.0012 0.0024 0.0017
44 0.2267 0.1836 0.5835 0.0008 0.0048 0.0005
45 0.0544 0.2328 0.7114 0.0004 0.0009 0.0001
46 0.1461 0.2505 0.5962 0.0004 0.0065 0.0004
47 0.8770 0.0327 0.0803 0.0009 0.0083 0.0007
48 0.7993 0.0320 0.1538 0.0015 0.0120 0.0014
49 0.2832 0.2947 0.3843 0.0025 0.0210 0.0143
50 0.1318 0.0913 0.7705 0.0008 0.0045 0.0008
51 0.3005 0.2114 0.4802 0.0007 0.0057 0.0013
52 0.3206 0.4182 0.2136 0.0011 0.0451 0.0014
53 0.3232 0.3442 0.2810 0.0012 0.0492 0.0013
54 0.3025 0.2798 0.4136 0.0011 0.0023 0.0009
55 0.1907 0.3167 0.4868 0.0008 0.0047 0.0004
56 0.0947 0.3923 0.5117 0.0002 0.0008 0.0001
57 0.3879 0.3645 0.2372 0.0027 0.0052 0.0023
58 0.2057 0.4600 0.2581 0.0014 0.0745 0.0004
59 0.2090 0.4602 0.2581 0.0012 0.0711 0.0004
60 0.3052 0.3594 0.3147 0.0022 0.0178 0.0008
61 0.2925 0.3726 0.2903 0.0020 0.0421 0.0006
62 0.1366 0.1661 0.6938 0.0002 0.0025 0.0008
63 0.6860 0.0757 0.1543 0.0361 0.0248 0.0231
64 0.4407 0.0835 0.3599 0.0766 0.0295 0.0099
65 0.7690 0.0536 0.1017 0.0488 0.0156 0.0111
66 0.9854 0.0045 0.0089 0.0008 0.0004 0.0001
67 0.0966 0.0788 0.7246 0.0729 0.0100 0.0172
68 0.2281 0.4399 0.3193 0.0076 0.0028 0.0023
69 0.5171 0.3667 0.0994 0.0057 0.0095 0.0018
70 0.1721 0.1102 0.4941 0.1875 0.0254 0.0106
71 0.2773 0.2646 0.4397 0.0119 0.0046 0.0021
72 0.2595 0.5039 0.2185 0.0068 0.0085 0.0028
73 0.1842 0.7285 0.0780 0.0025 0.0063 0.0006
74 0.1241 0.4507 0.4070 0.0035 0.0140 0.0007
75 0.5269 0.2430 0.1462 0.0262 0.0518 0.0058
76 0.2666 0.4641 0.2603 0.0019 0.0068 0.0001
77 0.1858 0.6284 0.1653 0.0066 0.0124 0.0015
78 0.0173 0.4565 0.5254 0.0003 0.0002 0.0002
79 0.2659 0.3083 0.4214 0.0009 0.0025 0.0010
80 0.1725 0.2031 0.6211 0.0005 0.0018 0.0011
81 0.4221 0.2009 0.3611 0.0019 0.0127 0.0015
82 0.0343 0.4631 0.5005 0.0002 0.0017 0.0001
83 0.2028 0.0788 0.6753 0.0190 0.0112 0.0130
84 0.7031 0.0814 0.1923 0.0143 0.0080 0.0007
85 0.2720 0.6577 0.0499 0.0027 0.0166 0.0009
86 0.6323 0.2827 0.0454 0.0083 0.0269 0.0041
87 0.5264 0.2795 0.1405 0.0125 0.0329 0.0083
88 0.1947 0.7119 0.0844 0.0028 0.0051 0.0009
89 0.1777 0.3882 0.3535 0.0014 0.0789 0.0001
90 0.1492 0.4668 0.2137 0.0009 0.1691 0.0001
91 0.4150 0.3577 0.2054 0.0007 0.0210 0.0001
92 0.6772 0.1547 0.1123 0.0013 0.0539 0.0005
93 0.3264 0.3315 0.2859 0.0016 0.0541 0.0004
94 0.5137 0.2446 0.2192 0.0006 0.0217 0.0000
95 0.2515 0.3464 0.3330 0.0013 0.0671 0.0008
96 0.5850 0.2119 0.0955 0.0357 0.0672 0.0048
97 0.0881 0.4336 0.4761 0.0002 0.0017 0.0004
98 0.1171 0.4705 0.4087 0.0003 0.0028 0.0004
99 0.1226 0.5669 0.3081 0.0001 0.0024 0.0001
100 0.1328 0.1317 0.4780 0.2206 0.0136 0.0233
101 0.0862 0.4731 0.4375 0.0008 0.0020 0.0003
102 0.3796 0.1849 0.3735 0.0262 0.0312 0.0045
103 0.3652 0.2651 0.3652 0.0006 0.0035 0.0001
104 0.2690 0.3452 0.3762 0.0014 0.0069 0.0011
105 0.4690 0.2571 0.2651 0.0010 0.0061 0.0017
106 0.6426 0.1855 0.1599 0.0018 0.0093 0.0009
107 0.6323 0.2185 0.1326 0.0028 0.0134 0.0005
108 0.1843 0.4563 0.3552 0.0009 0.0021 0.0011
109 0.2307 0.3130 0.4519 0.0004 0.0039 0.0002
110 0.8623 0.0569 0.0605 0.0013 0.0182 0.0006
111 0.3259 0.4490 0.1947 0.0013 0.0283 0.0007
112 0.2629 0.5273 0.1925 0.0008 0.0161 0.0004
113 0.4639 0.2769 0.2225 0.0061 0.0290 0.0018
114 0.0616 0.3201 0.6167 0.0001 0.0012 0.0004
115 0.1270 0.6499 0.2092 0.0011 0.0124 0.0006
116 0.2064 0.7378 0.0461 0.0015 0.0071 0.0012
117 0.4021 0.2830 0.3083 0.0006 0.0056 0.0006
118 0.2783 0.3152 0.3518 0.0012 0.0531 0.0004
119 0.5679 0.1059 0.2295 0.0007 0.0949 0.0011
120 0.1322 0.5029 0.3621 0.0002 0.0024 0.0004
121 0.0397 0.4272 0.5317 0.0002 0.0010 0.0002
122 0.2537 0.4556 0.2852 0.0012 0.0036 0.0009
123 0.2040 0.7231 0.0520 0.0039 0.0170 0.0002
124 0.3528 0.3340 0.2878 0.0028 0.0226 0.0002
125 0.1707 0.3213 0.3999 0.0031 0.1043 0.0007
126 0.5190 0.3247 0.1105 0.0034 0.0419 0.0005
127 0.3235 0.2329 0.4153 0.0038 0.0229 0.0017
128 0.2474 0.1573 0.5752 0.0022 0.0085 0.0091
129 0.1687 0.1768 0.6465 0.0008 0.0049 0.0022
130 0.2576 0.1276 0.6084 0.0006 0.0053 0.0005
131 0.1046 0.1418 0.1261 0.4797 0.0510 0.0967
132 0.5781 0.3142 0.0866 0.0006 0.0204 0.0000
133 0.5352 0.3428 0.0894 0.0004 0.0324 0.0000
134 0.3989 0.5161 0.0656 0.0013 0.0179 0.0002
135 0.3232 0.2498 0.3157 0.0026 0.1074 0.0015
136 0.2932 0.5879 0.1054 0.0010 0.0124 0.0002
137 0.1896 0.6880 0.0968 0.0030 0.0228 0.0000
138 0.3896 0.3257 0.1716 0.0876 0.0243 0.0011
139 0.4431 0.3372 0.2078 0.0005 0.0114 0.0000
140 0.1674 0.3860 0.4238 0.0027 0.0181 0.0020
141 0.0916 0.5435 0.3564 0.0011 0.0070 0.0004
142 0.2693 0.3074 0.3796 0.0018 0.0403 0.0014
143 0.4146 0.4734 0.0767 0.0008 0.0343 0.0001
144 0.1588 0.5083 0.2942 0.0011 0.0371 0.0002
145 0.3303 0.4177 0.2362 0.0014 0.0142 0.0002
146 0.4919 0.2397 0.2252 0.0017 0.0407 0.0005
147 0.0838 0.2925 0.6094 0.0022 0.0119 0.0002
148 0.2637 0.5942 0.1235 0.0007 0.0179 0.0000
149 0.3245 0.5024 0.1462 0.0006 0.0264 0.0000
150 0.6592 0.2769 0.0493 0.0005 0.0143 0.0001
151 0.7173 0.1857 0.0727 0.0005 0.0236 0.0002
152 0.7310 0.1848 0.0563 0.0006 0.0275 0.0001
153 0.1725 0.6509 0.1725 0.0019 0.0017 0.0007
154 0.3433 0.2913 0.3328 0.0143 0.0131 0.0052
155 0.1123 0.5190 0.3125 0.0029 0.0526 0.0005
156 0.0764 0.6860 0.2125 0.0005 0.0242 0.0002
157 0.2903 0.5132 0.1844 0.0028 0.0086 0.0004
158 0.2747 0.0757 0.6001 0.0065 0.0387 0.0043
159 0.4546 0.1252 0.3596 0.0288 0.0208 0.0109
160 0.5039 0.2720 0.2118 0.0009 0.0098 0.0014
161 0.2031 0.4299 0.1908 0.0009 0.1750 0.0000
162 0.5078 0.1840 0.2783 0.0019 0.0211 0.0067
163 0.1897 0.7104 0.0875 0.0012 0.0101 0.0013
164 0.5132 0.1802 0.2878 0.0036 0.0138 0.0015
165 0.4343 0.2783 0.2654 0.0010 0.0192 0.0018
166 0.3862 0.3462 0.2573 0.0009 0.0078 0.0018
167 0.1888 0.4062 0.3816 0.0011 0.0217 0.0006
168 0.1936 0.4680 0.3320 0.0011 0.0051 0.0002
169 0.3120 0.3245 0.3564 0.0026 0.0037 0.0007
170 0.3984 0.3127 0.2761 0.0014 0.0110 0.0005
171 0.2349 0.4973 0.2520 0.0018 0.0133 0.0008
172 0.2399 0.4412 0.2343 0.0025 0.0816 0.0007
173 0.5127 0.3469 0.1276 0.0005 0.0124 0.0001
174 0.4829 0.2729 0.2109 0.0087 0.0231 0.0014
175 0.1493 0.7012 0.1403 0.0008 0.0083 0.0003
176 0.1724 0.6606 0.1486 0.0009 0.0172 0.0002
177 0.3142 0.5688 0.0893 0.0005 0.0268 0.0005
178 0.2720 0.5894 0.0823 0.0003 0.0557 0.0007
179 0.4790 0.3503 0.0996 0.0008 0.0701 0.0003
180 0.3604 0.3777 0.2556 0.0005 0.0048 0.0011
181 0.2050 0.3979 0.3918 0.0007 0.0032 0.0012
182 0.0707 0.8149 0.1094 0.0009 0.0038 0.0003
183 0.3110 0.2766 0.4023 0.0011 0.0078 0.0012
184 0.1490 0.3357 0.5083 0.0005 0.0059 0.0008
185 0.2179 0.2671 0.5107 0.0004 0.0031 0.0008
186 0.3501 0.1816 0.4529 0.0038 0.0092 0.0024
187 0.9839 0.0041 0.0027 0.0002 0.0091 0.0000
188 0.9844 0.0030 0.0029 0.0001 0.0094 0.0000
189 0.9746 0.0052 0.0031 0.0001 0.0170 0.0000
