time exciting_prob fearful_prob tense_prob sad_prob relaxing_prob neutral_prob
0 0.1136 0.1553 0.1349 0.1288 0.0181 0.4492
1 0.0400 0.0821 0.2096 0.6357 0.0157 0.0172
2 0.2330 0.2122 0.1902 0.3391 0.0102 0.0155
3 0.2964 0.2615 0.2419 0.1625 0.0280 0.0097
4 0.3167 0.2524 0.2299 0.1300 0.0464 0.0246
5 0.2522 0.3164 0.2949 0.0734 0.0418 0.0210
6 0.2268 0.2323 0.4692 0.0407 0.0228 0.0083
7 0.2651 0.1866 0.4109 0.1047 0.0195 0.0131
8 0.4141 0.1293 0.2891 0.1323 0.0161 0.0194
9 0.3142 0.1630 0.3586 0.1270 0.0264 0.0109
10 0.1998 0.4646 0.1907 0.1061 0.0299 0.0090
11 0.3008 0.1854 0.2456 0.2344 0.0263 0.0075
12 0.1497 0.2886 0.4263 0.1147 0.0115 0.0093
13 0.1633 0.3918 0.2957 0.1242 0.0159 0.0091
14 0.1085 0.4226 0.4160 0.0390 0.0058 0.0080
15 0.0676 0.0869 0.7739 0.0391 0.0116 0.0210
16 0.0737 0.0483 0.4373 0.3352 0.0454 0.0601
17 0.0642 0.1154 0.7070 0.0238 0.0739 0.0156
18 0.0509 0.1268 0.6753 0.0207 0.0921 0.0341
19 0.0590 0.1628 0.5864 0.0470 0.1259 0.0188
20 0.0791 0.1466 0.5278 0.0791 0.1388 0.0286
21 0.0607 0.1017 0.6133 0.0562 0.1550 0.0130
22 0.1572 0.3225 0.4207 0.0230 0.0650 0.0117
23 0.2198 0.3198 0.3513 0.0181 0.0803 0.0106
24 0.1105 0.5439 0.3101 0.0117 0.0146 0.0089
25 0.3259 0.3208 0.2578 0.0191 0.0642 0.0120
26 0.3232 0.4487 0.1638 0.0078 0.0528 0.0035
27 0.4629 0.3494 0.1456 0.0053 0.0341 0.0027
28 0.2307 0.5532 0.1869 0.0053 0.0211 0.0025
29 0.1759 0.5767 0.1516 0.0120 0.0787 0.0049
30 0.2568 0.5029 0.1185 0.0114 0.1054 0.0051
31 0.0662 0.6372 0.2742 0.0088 0.0043 0.0092
32 0.0786 0.5674 0.3284 0.0102 0.0071 0.0080
33 0.1047 0.6074 0.2493 0.0176 0.0053 0.0157
34 0.0639 0.6206 0.2976 0.0050 0.0041 0.0090
35 0.0630 0.6021 0.3274 0.0031 0.0022 0.0023
36 0.0500 0.0963 0.5371 0.0033 0.3110 0.0021
37 0.0681 0.0828 0.5933 0.0097 0.2434 0.0029
38 0.0624 0.3191 0.5430 0.0168 0.0568 0.0019
39 0.0283 0.2207 0.6143 0.0571 0.0757 0.0041
40 0.0300 0.1421 0.7686 0.0239 0.0269 0.0086
41 0.0280 0.1843 0.6743 0.0346 0.0668 0.0121
42 0.3430 0.2113 0.2935 0.0748 0.0394 0.0382
43 0.3701 0.2644 0.1484 0.0393 0.1735 0.0042
44 0.2710 0.1848 0.2505 0.1300 0.1508 0.0129
45 0.2467 0.2281 0.2429 0.0887 0.1763 0.0172
46 0.4084 0.3083 0.0897 0.0123 0.1730 0.0083
47 0.2952 0.2194 0.2194 0.0674 0.1532 0.0453
48 0.1425 0.2139 0.5054 0.0402 0.0567 0.0415
49 0.0862 0.2554 0.2805 0.0552 0.3032 0.0192
50 0.1589 0.2642 0.3784 0.0336 0.1505 0.0146
51 0.0986 0.2056 0.5503 0.1092 0.0338 0.0025
52 0.1489 0.3303 0.3687 0.0862 0.0651 0.0010
53 0.4268 0.2112 0.3196 0.0083 0.0203 0.0139
54 0.3574 0.3386 0.2764 0.0039 0.0182 0.0056
55 0.0616 0.2695 0.5933 0.0189 0.0267 0.0300
56 0.0251 0.1083 0.6133 0.0727 0.1785 0.0020
57 0.0109 0.1497 0.6812 0.0189 0.1342 0.0050
58 0.0764 0.2062 0.5181 0.0201 0.1777 0.0013
59 0.0484 0.2991 0.5088 0.0174 0.1246 0.0018
60 0.0220 0.1228 0.7349 0.0135 0.1058 0.0011
61 0.0132 0.0540 0.8853 0.0097 0.0357 0.0019
62 0.0265 0.0810 0.8242 0.0036 0.0630 0.0014
63 0.1713 0.2452 0.5073 0.0175 0.0286 0.0302
64 0.2644 0.3584 0.2859 0.0137 0.0504 0.0272
65 0.1177 0.4045 0.1442 0.0809 0.2305 0.0223
66 0.0476 0.0677 0.6572 0.0119 0.2069 0.0086
67 0.0237 0.1147 0.6812 0.0158 0.1619 0.0026
68 0.1032 0.2805 0.5669 0.0058 0.0221 0.0216
69 0.0268 0.1111 0.7417 0.0226 0.0943 0.0034
70 0.0250 0.1707 0.7773 0.0038 0.0226 0.0008
71 0.0843 0.3206 0.4246 0.0300 0.0465 0.0940
72 0.0837 0.3962 0.4634 0.0124 0.0131 0.0310
73 0.1698 0.4202 0.3708 0.0063 0.0224 0.0107
74 0.0975 0.1132 0.4204 0.1808 0.0348 0.1534
75 0.1276 0.3662 0.3748 0.0289 0.0386 0.0641
76 0.0341 0.1134 0.7334 0.0593 0.0315 0.0282
77 0.0584 0.1516 0.7173 0.0380 0.0305 0.0039
78 0.0558 0.1934 0.6196 0.0432 0.0648 0.0233
79 0.0180 0.0653 0.8340 0.0288 0.0326 0.0215
80 0.2822 0.3198 0.3457 0.0066 0.0340 0.0119
81 0.5195 0.1387 0.1234 0.0611 0.1150 0.0423
82 0.3833 0.0726 0.1769 0.1089 0.2036 0.0548
83 0.3389 0.1492 0.2808 0.0699 0.1208 0.0405
84 0.7217 0.0947 0.1388 0.0186 0.0211 0.0053
85 0.4509 0.2001 0.2910 0.0224 0.0195 0.0160
86 0.0906 0.2332 0.6143 0.0142 0.0082 0.0396
87 0.5010 0.0298 0.3606 0.0469 0.0238 0.0380
88 0.0681 0.1547 0.6411 0.0610 0.0280 0.0472
89 0.0385 0.2065 0.6772 0.0157 0.0175 0.0443
90 0.3591 0.1619 0.1750 0.1835 0.0530 0.0675
91 0.1260 0.3071 0.4756 0.0403 0.0089 0.0422
92 0.1476 0.1312 0.4915 0.0420 0.1547 0.0329
93 0.0467 0.3047 0.5649 0.0364 0.0161 0.0311
94 0.1151 0.1455 0.5361 0.0345 0.1489 0.0195
95 0.1543 0.1351 0.5513 0.0435 0.0950 0.0209
96 0.0966 0.3320 0.3533 0.1342 0.0718 0.0123
97 0.1271 0.4099 0.3733 0.0443 0.0309 0.0145
98 0.1058 0.4814 0.2786 0.0637 0.0508 0.0199
99 0.1043 0.1831 0.6294 0.0070 0.0734 0.0029
100 0.0814 0.1439 0.6865 0.0124 0.0670 0.0089
101 0.5527 0.2003 0.1177 0.0302 0.0909 0.0079
102 0.6826 0.1409 0.1224 0.0234 0.0273 0.0036
103 0.3330 0.2634 0.2849 0.1032 0.0124 0.0030
104 0.1465 0.1536 0.6265 0.0188 0.0322 0.0226
105 0.0843 0.1065 0.7280 0.0230 0.0199 0.0383
106 0.0776 0.1473 0.7026 0.0350 0.0129 0.0244
107 0.0216 0.0542 0.8286 0.0471 0.0373 0.0114
108 0.3860 0.3079 0.1168 0.1196 0.0457 0.0239
109 0.3660 0.3660 0.1335 0.0552 0.0715 0.0078
110 0.2280 0.1748 0.4534 0.0355 0.0900 0.0181
111 0.2910 0.4578 0.2031 0.0120 0.0187 0.0175
112 0.4700 0.1400 0.1990 0.1490 0.0267 0.0153
113 0.0324 0.4873 0.3977 0.0719 0.0047 0.0058
114 0.0796 0.3352 0.5312 0.0189 0.0166 0.0183
115 0.0436 0.3684 0.5703 0.0031 0.0022 0.0123
116 0.3254 0.1466 0.3687 0.0671 0.0583 0.0338
117 0.1843 0.0920 0.6743 0.0207 0.0184 0.0103
118 0.2422 0.0637 0.4893 0.0699 0.1153 0.0197
119 0.1503 0.1152 0.5205 0.0667 0.0811 0.0662
120 0.1252 0.5791 0.2673 0.0172 0.0053 0.0059
121 0.1515 0.0774 0.7344 0.0114 0.0215 0.0039
122 0.1757 0.0804 0.7168 0.0059 0.0184 0.0030
123 0.1876 0.1036 0.6250 0.0378 0.0347 0.0114
124 0.2400 0.4114 0.2964 0.0164 0.0298 0.0061
125 0.1705 0.3875 0.3726 0.0320 0.0142 0.0233
126 0.2783 0.4019 0.2783 0.0153 0.0168 0.0090
127 0.1608 0.1376 0.5610 0.0909 0.0457 0.0038
128 0.1425 0.1746 0.5459 0.0728 0.0545 0.0096
129 0.1442 0.5273 0.2048 0.0506 0.0625 0.0106
130 0.2742 0.3413 0.2917 0.0241 0.0641 0.0045
131 0.3892 0.2915 0.2253 0.0178 0.0737 0.0024
132 0.2693 0.3003 0.3623 0.0265 0.0394 0.0021
133 0.2971 0.0928 0.4822 0.0872 0.0124 0.0285
134 0.1577 0.1127 0.4492 0.0844 0.0143 0.1815
135 0.0710 0.2556 0.5986 0.0215 0.0081 0.0451
136 0.1224 0.1726 0.6025 0.0117 0.0062 0.0848
137 0.1099 0.3384 0.4414 0.0709 0.0377 0.0016
138 0.2045 0.0718 0.2883 0.2544 0.0195 0.1617
139 0.4639 0.1329 0.2603 0.0467 0.0174 0.0787
140 0.1875 0.1748 0.3940 0.1495 0.0928 0.0014
141 0.2140 0.1191 0.4062 0.1248 0.0090 0.1268
142 0.0400 0.2095 0.6060 0.0517 0.0096 0.0833
143 0.4172 0.3328 0.2131 0.0125 0.0178 0.0065
144 0.2236 0.1797 0.4243 0.0565 0.1124 0.0032
145 0.1393 0.1102 0.3787 0.3289 0.0159 0.0270
146 0.5356 0.2734 0.0945 0.0601 0.0316 0.0047
147 0.7461 0.0805 0.0470 0.1025 0.0218 0.0021
148 0.0748 0.0841 0.6611 0.0185 0.1464 0.0150
149 0.1008 0.0992 0.7222 0.0156 0.0515 0.0109
150 0.2177 0.2390 0.3423 0.0590 0.1289 0.0132
151 0.3220 0.1582 0.3884 0.0195 0.1079 0.0038
152 0.5820 0.2010 0.1239 0.0643 0.0073 0.0215
153 0.5415 0.0580 0.3135 0.0193 0.0622 0.0056
154 0.2168 0.0721 0.5044 0.1561 0.0365 0.0142
155 0.4619 0.1824 0.2715 0.0518 0.0243 0.0080
156 0.0953 0.1302 0.6772 0.0454 0.0359 0.0157
157 0.3423 0.1416 0.4753 0.0173 0.0140 0.0095
158 0.0747 0.1521 0.4722 0.2864 0.0085 0.0061
159 0.1302 0.2610 0.5151 0.0784 0.0119 0.0037
160 0.1818 0.1052 0.1748 0.3730 0.1555 0.0096
161 0.2124 0.3215 0.2108 0.0658 0.1846 0.0050
162 0.2554 0.3574 0.2052 0.0656 0.1032 0.0132
163 0.3704 0.1121 0.1290 0.2864 0.0952 0.0070
164 0.3411 0.1108 0.1090 0.3926 0.0383 0.0081
165 0.0422 0.2318 0.6504 0.0264 0.0446 0.0047
166 0.0764 0.1643 0.5918 0.0422 0.1028 0.0224
167 0.0399 0.1978 0.7407 0.0057 0.0137 0.0023
168 0.0492 0.2457 0.6475 0.0135 0.0371 0.0069
169 0.1953 0.4133 0.3347 0.0187 0.0302 0.0076
170 0.0581 0.2949 0.5015 0.0418 0.0980 0.0056
171 0.0782 0.3506 0.4717 0.0262 0.0701 0.0033
172 0.1222 0.2546 0.5562 0.0468 0.0096 0.0104
173 0.1284 0.2515 0.5493 0.0417 0.0171 0.0119
174 0.1311 0.1632 0.5923 0.0591 0.0139 0.0406
175 0.0839 0.0944 0.7837 0.0187 0.0114 0.0079
176 0.1015 0.1324 0.6621 0.0766 0.0133 0.0142
177 0.3269 0.2354 0.4004 0.0239 0.0091 0.0043
178 0.0854 0.3918 0.4993 0.0050 0.0151 0.0032
179 0.5249 0.2404 0.1871 0.0303 0.0102 0.0071
180 0.1387 0.1837 0.4995 0.1015 0.0635 0.0131
181 0.0045 0.3972 0.5688 0.0264 0.0016 0.0011
182 0.0262 0.1020 0.8340 0.0088 0.0229 0.0062
183 0.1033 0.2206 0.4668 0.0124 0.1886 0.0082
184 0.1746 0.1917 0.4744 0.0751 0.0637 0.0207
185 0.2024 0.1602 0.4707 0.0781 0.0496 0.0392
186 0.1331 0.1383 0.6299 0.0175 0.0643 0.0172
187 0.1158 0.1301 0.6714 0.0152 0.0555 0.0118
188 0.1039 0.0790 0.4307 0.0226 0.3516 0.0120
189 0.0963 0.3494 0.3633 0.0836 0.0876 0.0200
190 0.1254 0.2593 0.3894 0.0969 0.1273 0.0017
191 0.3354 0.1727 0.4209 0.0211 0.0454 0.0044
192 0.2886 0.0945 0.4612 0.0432 0.1053 0.0070
193 0.4312 0.1255 0.3254 0.0253 0.0862 0.0066
194 0.3489 0.1160 0.4482 0.0606 0.0194 0.0069
195 0.1226 0.2186 0.5205 0.0575 0.0249 0.0562
196 0.0859 0.0873 0.7720 0.0061 0.0422 0.0066
197 0.0903 0.0848 0.6826 0.0999 0.0194 0.0230
198 0.0832 0.1119 0.3787 0.3342 0.0264 0.0658
199 0.2671 0.1292 0.3074 0.2113 0.0660 0.0192
200 0.1481 0.1266 0.5332 0.0532 0.0305 0.1083
201 0.1056 0.0518 0.5845 0.0882 0.0291 0.1410
202 0.0713 0.0901 0.7427 0.0307 0.0160 0.0490
203 0.1161 0.2136 0.6479 0.0128 0.0050 0.0046
204 0.1771 0.2659 0.4814 0.0466 0.0137 0.0155
205 0.0751 0.1278 0.7354 0.0281 0.0191 0.0145
206 0.2690 0.0807 0.5967 0.0268 0.0157 0.0110
207 0.0592 0.3027 0.6118 0.0083 0.0178 0.0002
208 0.1046 0.2935 0.5068 0.0821 0.0089 0.0040
209 0.3821 0.1520 0.3218 0.1281 0.0075 0.0086
210 0.1405 0.2793 0.4065 0.1279 0.0051 0.0406
211 0.1660 0.2781 0.5234 0.0097 0.0152 0.0077
212 0.1454 0.1987 0.6074 0.0138 0.0181 0.0163
213 0.2695 0.2739 0.4275 0.0032 0.0201 0.0059
214 0.3586 0.3369 0.2837 0.0048 0.0097 0.0062
215 0.5713 0.1914 0.2053 0.0092 0.0145 0.0080
216 0.3562 0.4946 0.1281 0.0018 0.0172 0.0021
217 0.0959 0.1194 0.7544 0.0140 0.0119 0.0044
218 0.1749 0.2485 0.5020 0.0331 0.0270 0.0142
219 0.2524 0.2998 0.3242 0.0872 0.0240 0.0123
220 0.0926 0.1991 0.6846 0.0133 0.0066 0.0040
221 0.1213 0.2734 0.5610 0.0269 0.0068 0.0104
222 0.2773 0.4500 0.2029 0.0127 0.0264 0.0309
223 0.2517 0.4890 0.2365 0.0044 0.0138 0.0045
224 0.2200 0.1089 0.3152 0.2035 0.0991 0.0535
225 0.1255 0.2457 0.3926 0.1688 0.0548 0.0125
226 0.2421 0.2944 0.2944 0.1002 0.0421 0.0269
227 0.5107 0.2096 0.2394 0.0116 0.0167 0.0118
228 0.3979 0.2048 0.3350 0.0112 0.0179 0.0332
229 0.1282 0.3147 0.4651 0.0367 0.0201 0.0350
230 0.1647 0.4106 0.3513 0.0194 0.0337 0.0204
231 0.2302 0.2820 0.4167 0.0345 0.0260 0.0104
232 0.1175 0.3071 0.4685 0.0867 0.0055 0.0148
233 0.1293 0.2183 0.5747 0.0307 0.0280 0.0189
234 0.1035 0.1249 0.6699 0.0643 0.0318 0.0059
235 0.1316 0.1423 0.6577 0.0427 0.0194 0.0061
236 0.5923 0.1724 0.1820 0.0239 0.0252 0.0044
237 0.5259 0.2175 0.2244 0.0087 0.0143 0.0093
238 0.0841 0.2148 0.5571 0.1064 0.0097 0.0277
239 0.1221 0.2563 0.4717 0.0839 0.0106 0.0555
240 0.4600 0.0308 0.1010 0.3752 0.0205 0.0125
241 0.0753 0.1892 0.5103 0.0381 0.1696 0.0177
242 0.1042 0.0979 0.7124 0.0492 0.0182 0.0181
243 0.2837 0.1831 0.3450 0.0425 0.1340 0.0118
244 0.0873 0.1321 0.5918 0.1053 0.0654 0.0179
245 0.1255 0.2036 0.5449 0.0487 0.0651 0.0121
246 0.0630 0.2379 0.4958 0.0395 0.1133 0.0503
247 0.1453 0.1376 0.4106 0.0592 0.2216 0.0258
248 0.1293 0.1635 0.6265 0.0447 0.0312 0.0046
249 0.1188 0.2457 0.5205 0.0220 0.0710 0.0222
250 0.2319 0.0860 0.5830 0.0569 0.0397 0.0024
251 0.3018 0.1995 0.3582 0.0554 0.0825 0.0028
252 0.0925 0.1467 0.6680 0.0142 0.0677 0.0110
253 0.1272 0.1323 0.2377 0.4653 0.0265 0.0111
254 0.4080 0.1500 0.2494 0.1549 0.0232 0.0145
255 0.1797 0.2698 0.3035 0.1854 0.0570 0.0046
256 0.2678 0.2153 0.3386 0.0374 0.0627 0.0780
257 0.1949 0.2244 0.4602 0.0623 0.0090 0.0493
258 0.2336 0.1544 0.5352 0.0079 0.0614 0.0075
259 0.1835 0.1451 0.5566 0.0475 0.0577 0.0095
260 0.1991 0.1842 0.3899 0.1171 0.0598 0.0500
261 0.2488 0.1428 0.4722 0.0730 0.0416 0.0216
262 0.0428 0.0886 0.7769 0.0186 0.0393 0.0339
263 0.1525 0.0946 0.4409 0.0189 0.2781 0.0149
264 0.2097 0.1713 0.4141 0.0123 0.1753 0.0175
265 0.0693 0.2939 0.4883 0.0483 0.0666 0.0338
266 0.0370 0.2030 0.5923 0.0400 0.1087 0.0192
267 0.2666 0.1165 0.5386 0.0399 0.0235 0.0149
268 0.2388 0.3088 0.3066 0.0186 0.1201 0.0072
269 0.1393 0.2705 0.4749 0.0360 0.0516 0.0278
270 0.1255 0.2070 0.3257 0.0710 0.2220 0.0488
271 0.3396 0.1803 0.3140 0.0663 0.0819 0.0177
272 0.2451 0.3027 0.3623 0.0223 0.0629 0.0047
273 0.3037 0.1276 0.4385 0.0289 0.0986 0.0029
274 0.6660 0.0605 0.1486 0.0290 0.0923 0.0037
275 0.5913 0.0425 0.2664 0.0229 0.0746 0.0024
276 0.6338 0.0689 0.1692 0.0355 0.0878 0.0049
277 0.3896 0.0743 0.3835 0.0247 0.1245 0.0031
278 0.3926 0.0574 0.4312 0.0135 0.1032 0.0023
279 0.3713 0.0842 0.3772 0.0245 0.1410 0.0018
280 0.2739 0.1584 0.2869 0.0682 0.2035 0.0091
281 0.2617 0.1368 0.2832 0.1771 0.1100 0.0310
282 0.1136 0.1553 0.1349 0.1288 0.0181 0.4492
