time exciting_prob fearful_prob tense_prob sad_prob relaxing_prob neutral_prob
0 0.1136 0.1553 0.1349 0.1288 0.0181 0.4492
1 0.1726 0.0300 0.0388 0.7271 0.0205 0.0111
2 0.4614 0.0551 0.0765 0.3765 0.0231 0.0074
3 0.3684 0.0698 0.1598 0.3684 0.0249 0.0085
4 0.4534 0.0936 0.2708 0.1617 0.0127 0.0079
5 0.5322 0.0499 0.1549 0.2474 0.0103 0.0054
6 0.3860 0.0417 0.4109 0.1465 0.0044 0.0105
7 0.3728 0.0628 0.3613 0.1874 0.0069 0.0089
8 0.2742 0.0750 0.5283 0.1108 0.0044 0.0073
9 0.3491 0.0897 0.3491 0.1927 0.0097 0.0098
10 0.3577 0.0836 0.3809 0.1613 0.0067 0.0100
11 0.3354 0.0855 0.2100 0.3201 0.0345 0.0145
12 0.2832 0.1075 0.2461 0.2969 0.0287 0.0374
13 0.3003 0.1462 0.2734 0.2450 0.0155 0.0196
14 0.2460 0.1218 0.3259 0.2744 0.0164 0.0156
15 0.3025 0.1130 0.3169 0.2212 0.0229 0.0235
16 0.2771 0.1309 0.3394 0.1964 0.0252 0.0311
17 0.3018 0.1448 0.3528 0.1802 0.0103 0.0102
18 0.2484 0.1460 0.3672 0.2091 0.0168 0.0126
19 0.3188 0.1085 0.2561 0.2859 0.0163 0.0143
20 0.4026 0.0678 0.2189 0.2639 0.0306 0.0161
21 0.0742 0.1131 0.7607 0.0443 0.0033 0.0043
22 0.1320 0.1239 0.6494 0.0865 0.0044 0.0039
23 0.2959 0.0671 0.3743 0.2416 0.0127 0.0085
24 0.2126 0.1020 0.4036 0.2524 0.0139 0.0155
25 0.3174 0.0526 0.2891 0.3076 0.0156 0.0179
26 0.2014 0.1061 0.3425 0.3218 0.0153 0.0128
27 0.1499 0.2935 0.2844 0.2472 0.0151 0.0099
28 0.2065 0.3740 0.2937 0.0961 0.0182 0.0115
29 0.0826 0.1832 0.4329 0.2544 0.0350 0.0119
30 0.1644 0.1045 0.2014 0.4985 0.0133 0.0179
31 0.2117 0.0621 0.1810 0.4695 0.0082 0.0676
32 0.2089 0.0477 0.0688 0.6089 0.0594 0.0062
33 0.3945 0.3428 0.0403 0.1820 0.0211 0.0193
34 0.3430 0.3123 0.2048 0.1176 0.0163 0.0060
35 0.1920 0.1450 0.0951 0.5303 0.0214 0.0163
36 0.4124 0.1774 0.1075 0.2350 0.0438 0.0240
37 0.7114 0.2136 0.0202 0.0315 0.0155 0.0075
38 0.6455 0.3049 0.0180 0.0126 0.0151 0.0040
39 0.6577 0.2808 0.0182 0.0181 0.0193 0.0061
40 0.5894 0.3521 0.0257 0.0185 0.0135 0.0006
41 0.3123 0.1924 0.0748 0.3767 0.0200 0.0239
42 0.2352 0.5220 0.0256 0.1831 0.0336 0.0007
43 0.0717 0.2351 0.0174 0.6494 0.0244 0.0020
44 0.4155 0.3843 0.0972 0.0769 0.0224 0.0036
45 0.5503 0.0927 0.0979 0.2240 0.0111 0.0242
46 0.5708 0.0320 0.0407 0.3103 0.0100 0.0365
47 0.7104 0.0487 0.0404 0.1727 0.0089 0.0191
48 0.8052 0.0469 0.0253 0.0969 0.0053 0.0202
49 0.8481 0.0367 0.0337 0.0670 0.0056 0.0092
50 0.7920 0.0426 0.0340 0.1106 0.0088 0.0119
51 0.1458 0.2559 0.1033 0.4631 0.0107 0.0213
52 0.1628 0.2705 0.4976 0.0516 0.0166 0.0007
53 0.2703 0.2277 0.3113 0.1719 0.0052 0.0138
54 0.7998 0.1161 0.0263 0.0377 0.0182 0.0020
55 0.6514 0.2217 0.0518 0.0498 0.0221 0.0032
56 0.5371 0.2120 0.1246 0.1126 0.0104 0.0032
57 0.3083 0.1479 0.2659 0.2576 0.0095 0.0106
58 0.3606 0.2239 0.1576 0.2120 0.0158 0.0301
59 0.2917 0.5205 0.0194 0.1116 0.0371 0.0197
60 0.2773 0.4431 0.0138 0.1819 0.0659 0.0180
61 0.3049 0.1261 0.5029 0.0385 0.0146 0.0131
62 0.0757 0.0638 0.2561 0.5771 0.0099 0.0172
63 0.3218 0.2336 0.0724 0.2954 0.0252 0.0517
64 0.2205 0.1390 0.0694 0.5371 0.0130 0.0207
65 0.1716 0.1930 0.2786 0.3386 0.0075 0.0106
66 0.2000 0.1241 0.0847 0.4006 0.0182 0.1724
67 0.3831 0.1523 0.4175 0.0289 0.0167 0.0014
68 0.4331 0.1683 0.3425 0.0439 0.0113 0.0008
69 0.4214 0.2256 0.3335 0.0144 0.0048 0.0004
70 0.4387 0.2461 0.2944 0.0150 0.0046 0.0012
71 0.0833 0.3218 0.0286 0.5225 0.0242 0.0196
72 0.0956 0.1527 0.0593 0.6636 0.0101 0.0190
73 0.1047 0.2937 0.0587 0.5278 0.0065 0.0087
74 0.1379 0.2023 0.0427 0.5854 0.0232 0.0086
75 0.3008 0.1008 0.1356 0.4377 0.0232 0.0020
76 0.1296 0.5210 0.0167 0.2766 0.0233 0.0328
77 0.2637 0.1389 0.1099 0.4775 0.0087 0.0013
78 0.1130 0.2588 0.0329 0.5391 0.0373 0.0187
79 0.1819 0.2605 0.0873 0.4131 0.0364 0.0206
80 0.2072 0.1576 0.1091 0.4351 0.0768 0.0144
81 0.3127 0.1410 0.1500 0.3127 0.0282 0.0552
82 0.1466 0.1254 0.0925 0.5039 0.0220 0.1098
83 0.1843 0.4563 0.3186 0.0355 0.0052 0.0002
84 0.1149 0.4617 0.3484 0.0719 0.0030 0.0002
85 0.2358 0.1925 0.1167 0.4270 0.0204 0.0076
86 0.2556 0.3440 0.1389 0.2401 0.0199 0.0017
87 0.1626 0.1718 0.0484 0.5811 0.0185 0.0180
88 0.0785 0.3601 0.1455 0.3955 0.0016 0.0189
89 0.0888 0.2017 0.1659 0.5229 0.0032 0.0173
90 0.0673 0.0492 0.1256 0.7461 0.0041 0.0076
91 0.0775 0.0608 0.1092 0.7349 0.0102 0.0077
92 0.0551 0.1582 0.2338 0.5107 0.0212 0.0212
93 0.6982 0.1864 0.0670 0.0382 0.0096 0.0008
94 0.7637 0.0891 0.0330 0.1058 0.0068 0.0018
95 0.8389 0.0878 0.0197 0.0441 0.0084 0.0011
96 0.7979 0.0708 0.0440 0.0803 0.0040 0.0031
97 0.7505 0.1274 0.0677 0.0484 0.0045 0.0014
98 0.8774 0.0495 0.0171 0.0487 0.0056 0.0015
99 0.8027 0.0639 0.0277 0.0930 0.0095 0.0030
100 0.2712 0.2015 0.4136 0.0952 0.0046 0.0141
101 0.3096 0.2488 0.2817 0.0989 0.0028 0.0582
102 0.3037 0.1227 0.2153 0.3132 0.0086 0.0363
103 0.6255 0.1644 0.0347 0.1581 0.0079 0.0095
104 0.7349 0.1209 0.0825 0.0520 0.0083 0.0016
105 0.5801 0.2515 0.1444 0.0218 0.0021 0.0001
106 0.4055 0.2681 0.2681 0.0549 0.0035 0.0003
107 0.5903 0.2834 0.0678 0.0428 0.0093 0.0062
108 0.7197 0.1462 0.0248 0.0729 0.0324 0.0037
109 0.2935 0.4617 0.0592 0.1499 0.0307 0.0051
110 0.2371 0.5869 0.0425 0.0893 0.0378 0.0066
111 0.1957 0.2019 0.0714 0.4480 0.0234 0.0597
112 0.0484 0.0673 0.1075 0.6899 0.0106 0.0762
113 0.3069 0.1461 0.1508 0.2299 0.0482 0.1183
114 0.3508 0.2629 0.0279 0.2430 0.0777 0.0376
115 0.3079 0.1141 0.0253 0.5361 0.0079 0.0091
116 0.0782 0.1875 0.0432 0.6445 0.0206 0.0262
117 0.2388 0.2815 0.0734 0.3613 0.0336 0.0114
118 0.2620 0.1436 0.0094 0.3469 0.0157 0.2223
119 0.0649 0.1892 0.0846 0.5391 0.0422 0.0801
120 0.3008 0.2869 0.0379 0.3054 0.0137 0.0552
121 0.1443 0.3684 0.4375 0.0476 0.0021 0.0001
122 0.1202 0.2144 0.4468 0.2144 0.0037 0.0006
123 0.3826 0.2671 0.0190 0.1821 0.0778 0.0714
124 0.2759 0.1500 0.0269 0.4077 0.0265 0.1132
125 0.2311 0.2744 0.0657 0.3721 0.0253 0.0313
126 0.6504 0.1122 0.0208 0.1821 0.0173 0.0171
127 0.6411 0.1420 0.0322 0.1431 0.0351 0.0064
128 0.6470 0.1714 0.0417 0.1142 0.0166 0.0094
129 0.1361 0.1831 0.0740 0.4641 0.1019 0.0409
130 0.1098 0.1584 0.0903 0.5796 0.0437 0.0181
131 0.2496 0.0602 0.0269 0.6377 0.0097 0.0160
132 0.5425 0.1426 0.0550 0.2208 0.0219 0.0173
133 0.2130 0.1214 0.0867 0.5112 0.0578 0.0100
134 0.1682 0.1804 0.0288 0.5645 0.0290 0.0290
135 0.4966 0.3689 0.0303 0.0744 0.0171 0.0126
136 0.6646 0.2208 0.0308 0.0500 0.0191 0.0148
137 0.1710 0.1683 0.0177 0.5967 0.0250 0.0211
138 0.1981 0.2408 0.0629 0.4790 0.0114 0.0076
139 0.2261 0.1011 0.3557 0.2859 0.0138 0.0174
140 0.1533 0.1938 0.5186 0.1241 0.0066 0.0035
141 0.2095 0.2338 0.4167 0.1251 0.0056 0.0095
142 0.2159 0.2061 0.0604 0.4001 0.0254 0.0921
143 0.5244 0.1562 0.0672 0.2273 0.0179 0.0070
144 0.7925 0.1245 0.0197 0.0535 0.0080 0.0017
145 0.5942 0.3083 0.0374 0.0484 0.0103 0.0010
146 0.2240 0.1100 0.0257 0.4707 0.0120 0.1576
147 0.3770 0.2891 0.1376 0.1794 0.0101 0.0070
148 0.6899 0.1564 0.1256 0.0218 0.0039 0.0022
149 0.6353 0.0681 0.1232 0.1606 0.0055 0.0072
150 0.6113 0.1261 0.1558 0.0967 0.0058 0.0045
151 0.0659 0.0497 0.7480 0.1165 0.0081 0.0115
152 0.2751 0.3318 0.2605 0.1249 0.0074 0.0003
153 0.3828 0.1865 0.0736 0.3274 0.0233 0.0062
154 0.1648 0.1700 0.0548 0.5664 0.0236 0.0205
155 0.4910 0.1697 0.0634 0.2649 0.0057 0.0053
156 0.2637 0.2152 0.2085 0.3035 0.0028 0.0064
157 0.0453 0.1935 0.4941 0.2446 0.0076 0.0149
158 0.6699 0.2505 0.0541 0.0103 0.0140 0.0011
159 0.3984 0.4375 0.0401 0.1064 0.0114 0.0064
160 0.3223 0.4009 0.0696 0.1765 0.0203 0.0104
161 0.2208 0.1603 0.0306 0.5596 0.0033 0.0256
162 0.7388 0.0382 0.0703 0.1294 0.0152 0.0083
163 0.6323 0.0773 0.0823 0.1914 0.0134 0.0033
164 0.0331 0.5352 0.1792 0.2489 0.0024 0.0013
165 0.0657 0.5854 0.2039 0.1401 0.0036 0.0015
166 0.0745 0.3525 0.1296 0.3994 0.0123 0.0318
167 0.5610 0.1343 0.0696 0.1969 0.0258 0.0124
168 0.4871 0.0591 0.0413 0.3564 0.0342 0.0219
169 0.1818 0.3215 0.0403 0.3616 0.0142 0.0807
170 0.1814 0.1092 0.0558 0.5854 0.0545 0.0135
171 0.0782 0.0729 0.0600 0.7427 0.0252 0.0211
172 0.1748 0.1146 0.0981 0.5645 0.0152 0.0331
173 0.1761 0.1847 0.0914 0.5181 0.0120 0.0179
174 0.0819 0.3701 0.1361 0.2466 0.0204 0.1449
175 0.0881 0.5928 0.0821 0.1780 0.0087 0.0506
176 0.1508 0.1289 0.1708 0.5098 0.0059 0.0336
177 0.1241 0.1166 0.3945 0.3074 0.0140 0.0432
178 0.0881 0.1582 0.3171 0.4199 0.0047 0.0119
179 0.2391 0.1556 0.0718 0.4683 0.0316 0.0337
180 0.2102 0.2220 0.1285 0.3718 0.0431 0.0242
181 0.2047 0.1879 0.0391 0.4949 0.0624 0.0109
182 0.4956 0.3354 0.0457 0.0999 0.0143 0.0089
183 0.6592 0.1964 0.0585 0.0674 0.0170 0.0013
184 0.5796 0.2715 0.0953 0.0407 0.0122 0.0008
185 0.0959 0.1791 0.0356 0.6201 0.0345 0.0347
186 0.8291 0.0759 0.0379 0.0464 0.0083 0.0025
187 0.8291 0.0975 0.0204 0.0461 0.0054 0.0016
188 0.6816 0.0429 0.0361 0.1863 0.0260 0.0273
189 0.1355 0.2891 0.1234 0.3655 0.0123 0.0742
190 0.1876 0.4229 0.2045 0.1362 0.0168 0.0321
191 0.0952 0.2129 0.2776 0.2932 0.0300 0.0909
192 0.1664 0.1827 0.1058 0.4893 0.0124 0.0434
193 0.2314 0.3528 0.1566 0.1076 0.0268 0.1248
194 0.1249 0.1460 0.0313 0.6753 0.0148 0.0077
195 0.0927 0.0451 0.1552 0.6040 0.0075 0.0956
196 0.0972 0.2603 0.2026 0.4158 0.0163 0.0078
197 0.1949 0.2859 0.2815 0.1278 0.0112 0.0988
198 0.1105 0.1726 0.4583 0.1080 0.0087 0.1420
199 0.5850 0.0386 0.0469 0.2852 0.0098 0.0346
200 0.8477 0.0853 0.0224 0.0321 0.0076 0.0047
201 0.7339 0.1689 0.0261 0.0544 0.0078 0.0088
202 0.7046 0.2098 0.0291 0.0407 0.0104 0.0056
203 0.6147 0.2174 0.0226 0.1146 0.0077 0.0231
204 0.5195 0.0345 0.0302 0.3801 0.0057 0.0296
205 0.0976 0.6074 0.2434 0.0400 0.0071 0.0046
206 0.1991 0.2678 0.1841 0.3281 0.0110 0.0098
207 0.3987 0.1410 0.3010 0.1399 0.0062 0.0132
208 0.4177 0.1586 0.2917 0.1188 0.0080 0.0053
209 0.2856 0.2208 0.0689 0.3784 0.0135 0.0326
210 0.1035 0.0604 0.1483 0.6147 0.0195 0.0537
211 0.2404 0.2480 0.2854 0.1887 0.0165 0.0208
212 0.3223 0.1621 0.4138 0.0697 0.0154 0.0167
213 0.3545 0.2201 0.0282 0.3801 0.0103 0.0069
214 0.4216 0.4248 0.0188 0.0978 0.0077 0.0291
215 0.3740 0.3076 0.0225 0.2251 0.0146 0.0560
216 0.2876 0.5371 0.0276 0.0580 0.0817 0.0078
217 0.6675 0.0889 0.0317 0.1810 0.0215 0.0094
218 0.6035 0.2169 0.0424 0.1226 0.0112 0.0033
219 0.7188 0.0658 0.0355 0.1554 0.0179 0.0068
220 0.6831 0.0194 0.0286 0.2361 0.0249 0.0078
221 0.2925 0.0618 0.0445 0.4529 0.0219 0.1267
222 0.8374 0.0597 0.0238 0.0565 0.0195 0.0029
223 0.3281 0.3384 0.0507 0.2457 0.0291 0.0080
224 0.2135 0.3230 0.1265 0.3230 0.0081 0.0061
225 0.4944 0.2883 0.1069 0.1028 0.0050 0.0024
226 0.5762 0.1327 0.0278 0.2153 0.0313 0.0166
227 0.6089 0.2559 0.0414 0.0824 0.0102 0.0015
228 0.6548 0.1906 0.0309 0.1121 0.0089 0.0026
229 0.7925 0.1225 0.0230 0.0552 0.0045 0.0020
230 0.1718 0.0485 0.0418 0.6904 0.0313 0.0165
231 0.2522 0.0906 0.0793 0.5425 0.0226 0.0129
232 0.3755 0.2947 0.0316 0.1978 0.0244 0.0762
233 0.4746 0.0627 0.0190 0.3997 0.0174 0.0266
234 0.4275 0.1648 0.0427 0.2803 0.0338 0.0511
235 0.4358 0.2426 0.0366 0.2141 0.0204 0.0504
236 0.4109 0.1313 0.0556 0.3252 0.0539 0.0230
237 0.2142 0.5869 0.0264 0.0690 0.0272 0.0764
238 0.2345 0.4019 0.0192 0.1898 0.0437 0.1108
239 0.0959 0.1450 0.0076 0.7139 0.0125 0.0250
240 0.3831 0.2532 0.0317 0.2654 0.0379 0.0291
241 0.1644 0.0634 0.0634 0.6606 0.0168 0.0316
242 0.1392 0.2122 0.0520 0.4707 0.0303 0.0956
243 0.1260 0.3318 0.0224 0.4829 0.0146 0.0224
244 0.2859 0.3640 0.1361 0.1904 0.0088 0.0148
245 0.2487 0.5024 0.0707 0.1643 0.0099 0.0042
246 0.2178 0.3853 0.0290 0.3293 0.0116 0.0270
247 0.3699 0.2625 0.0366 0.2881 0.0124 0.0306
248 0.3860 0.3542 0.0479 0.1660 0.0234 0.0226
249 0.3179 0.5078 0.0424 0.0889 0.0177 0.0253
250 0.5376 0.2480 0.0438 0.0612 0.0405 0.0688
251 0.4963 0.2363 0.0454 0.1455 0.0157 0.0607
252 0.1210 0.1307 0.0497 0.6289 0.0143 0.0554
253 0.2148 0.2551 0.0317 0.4341 0.0286 0.0356
254 0.1628 0.3669 0.0268 0.3613 0.0563 0.0260
255 0.2314 0.6538 0.0415 0.0576 0.0081 0.0074
256 0.2018 0.6987 0.0201 0.0650 0.0065 0.0077
257 0.2295 0.1816 0.0347 0.4822 0.0258 0.0463
258 0.1785 0.6528 0.0261 0.1041 0.0112 0.0276
259 0.5293 0.2277 0.0576 0.1639 0.0168 0.0049
260 0.3259 0.2661 0.0405 0.2766 0.0238 0.0673
261 0.7046 0.1754 0.0413 0.0709 0.0053 0.0025
262 0.7085 0.1104 0.0217 0.1086 0.0273 0.0237
263 0.5605 0.1606 0.0665 0.1683 0.0266 0.0172
264 0.4746 0.0878 0.0405 0.3813 0.0102 0.0057
265 0.1528 0.4321 0.0415 0.2969 0.0349 0.0418
266 0.2090 0.4221 0.0428 0.2349 0.0346 0.0567
267 0.1065 0.3547 0.0261 0.2496 0.0133 0.2496
268 0.3096 0.1593 0.1061 0.3618 0.0286 0.0345
269 0.2578 0.1992 0.0844 0.3809 0.0270 0.0508
270 0.1915 0.2458 0.0179 0.4453 0.0492 0.0504
271 0.3811 0.1705 0.0383 0.3552 0.0246 0.0301
272 0.1750 0.2338 0.0388 0.4333 0.0094 0.1096
273 0.0657 0.0161 0.0141 0.8135 0.0172 0.0734
274 0.2839 0.4099 0.1749 0.0471 0.0718 0.0124
275 0.3032 0.0939 0.3435 0.2084 0.0043 0.0465
276 0.3689 0.1216 0.2656 0.1798 0.0088 0.0553
277 0.1157 0.3455 0.0975 0.3538 0.0183 0.0691
278 0.2810 0.2922 0.0688 0.2944 0.0448 0.0185
279 0.3623 0.1465 0.0630 0.3918 0.0237 0.0126
280 0.7334 0.0597 0.0570 0.1378 0.0064 0.0057
281 0.7583 0.1136 0.0545 0.0637 0.0077 0.0024
282 0.4150 0.0986 0.1676 0.2764 0.0140 0.0285
283 0.1436 0.4089 0.2600 0.1328 0.0131 0.0415
284 0.1760 0.1393 0.0627 0.2856 0.0679 0.2683
