time exciting_prob fearful_prob tense_prob sad_prob relaxing_prob neutral_prob
0 0.0367 0.0753 0.6304 0.1062 0.0015 0.1498
1 0.0167 0.0500 0.6899 0.1401 0.0008 0.1025
2 0.0249 0.1002 0.6143 0.1843 0.0007 0.0757
3 0.0269 0.0867 0.6816 0.1185 0.0009 0.0853
4 0.0449 0.1406 0.5225 0.2178 0.0015 0.0729
5 0.0606 0.1754 0.4695 0.2084 0.0033 0.0829
6 0.0508 0.1917 0.5049 0.1338 0.0023 0.1163
7 0.0345 0.2712 0.5479 0.0753 0.0022 0.0686
8 0.0511 0.1266 0.6230 0.1033 0.0017 0.0941
9 0.0397 0.1754 0.6416 0.0743 0.0015 0.0676
10 0.0417 0.3149 0.5527 0.0547 0.0013 0.0343
11 0.0354 0.3110 0.6089 0.0280 0.0010 0.0159
12 0.0285 0.3108 0.6377 0.0150 0.0010 0.0071
13 0.0213 0.3367 0.5635 0.0613 0.0011 0.0160
14 0.0260 0.4468 0.5063 0.0130 0.0009 0.0068
15 0.0328 0.5293 0.3933 0.0349 0.0011 0.0088
16 0.0410 0.4995 0.4409 0.0130 0.0013 0.0042
17 0.0470 0.4819 0.4387 0.0210 0.0022 0.0092
18 0.0490 0.3738 0.5610 0.0053 0.0021 0.0090
19 0.0302 0.3740 0.5195 0.0343 0.0006 0.0413
20 0.0387 0.3042 0.6245 0.0141 0.0009 0.0177
21 0.1808 0.1282 0.2471 0.3027 0.0088 0.1323
22 0.2014 0.2078 0.3120 0.2111 0.0233 0.0446
23 0.2201 0.0977 0.2168 0.3203 0.0116 0.1335
24 0.2952 0.1708 0.2228 0.2408 0.0103 0.0600
25 0.2974 0.1077 0.1803 0.3423 0.0057 0.0668
26 0.2491 0.0931 0.2377 0.3682 0.0041 0.0479
27 0.2085 0.1812 0.1958 0.3716 0.0068 0.0362
28 0.2168 0.0862 0.1854 0.3748 0.0052 0.1315
29 0.1783 0.0756 0.1899 0.5005 0.0036 0.0523
30 0.0738 0.0349 0.1357 0.6782 0.0035 0.0738
31 0.0624 0.0345 0.1364 0.6016 0.0036 0.1619
32 0.1414 0.0571 0.1759 0.5332 0.0040 0.0884
33 0.2163 0.1418 0.1738 0.4370 0.0042 0.0267
34 0.2354 0.0764 0.2109 0.3940 0.0052 0.0782
35 0.1075 0.0905 0.3064 0.3872 0.0059 0.1026
36 0.0848 0.0903 0.3572 0.3921 0.0063 0.0692
37 0.0832 0.1604 0.2729 0.4033 0.0034 0.0770
38 0.1118 0.1678 0.2405 0.3782 0.0061 0.0956
39 0.0618 0.5591 0.3040 0.0571 0.0018 0.0162
40 0.1019 0.4570 0.3560 0.0567 0.0022 0.0264
41 0.0544 0.4771 0.1927 0.2399 0.0019 0.0340
42 0.0596 0.5698 0.2913 0.0625 0.0009 0.0158
43 0.0466 0.6191 0.2834 0.0435 0.0019 0.0057
44 0.0247 0.3608 0.5591 0.0418 0.0030 0.0107
45 0.0480 0.5845 0.3228 0.0338 0.0030 0.0080
46 0.0767 0.7158 0.1000 0.0984 0.0035 0.0054
47 0.0637 0.5762 0.2988 0.0544 0.0037 0.0033
48 0.0970 0.6328 0.2023 0.0584 0.0029 0.0065
49 0.0886 0.4568 0.3909 0.0537 0.0021 0.0080
50 0.1530 0.4224 0.3088 0.0885 0.0033 0.0240
51 0.1227 0.2722 0.5005 0.0637 0.0029 0.0380
52 0.1135 0.1602 0.5166 0.1458 0.0039 0.0598
53 0.1106 0.1584 0.5444 0.1159 0.0035 0.0671
54 0.1549 0.1433 0.4922 0.1324 0.0039 0.0732
55 0.0699 0.1469 0.5718 0.1171 0.0162 0.0780
56 0.0921 0.5645 0.1832 0.0723 0.0313 0.0568
57 0.0553 0.1946 0.0377 0.5718 0.0333 0.1074
58 0.0897 0.7056 0.0933 0.0750 0.0134 0.0229
59 0.1273 0.7212 0.0822 0.0334 0.0241 0.0119
60 0.1093 0.0160 0.1692 0.4321 0.0112 0.2622
61 0.1039 0.0235 0.2035 0.3743 0.0124 0.2825
62 0.1129 0.0326 0.2544 0.2751 0.0080 0.3167
63 0.1049 0.0125 0.2327 0.3130 0.0089 0.3281
64 0.1138 0.0172 0.2446 0.4097 0.0150 0.1997
65 0.1506 0.0224 0.2333 0.3342 0.0151 0.2445
66 0.1914 0.0287 0.3359 0.3257 0.0110 0.1074
67 0.1549 0.0356 0.2634 0.2805 0.0104 0.2554
68 0.0644 0.0168 0.2355 0.2930 0.0082 0.3821
69 0.0593 0.0126 0.1379 0.2135 0.0051 0.5713
70 0.0745 0.0135 0.1349 0.3040 0.0098 0.4634
71 0.1135 0.4739 0.1664 0.1813 0.0301 0.0349
72 0.1295 0.5625 0.1798 0.0970 0.0119 0.0195
73 0.1655 0.3503 0.0852 0.3240 0.0369 0.0381
74 0.2258 0.1528 0.2810 0.2947 0.0088 0.0369
75 0.3098 0.0975 0.2451 0.2822 0.0052 0.0601
76 0.4062 0.0653 0.1339 0.2010 0.0047 0.1888
77 0.3562 0.1070 0.1820 0.2300 0.0054 0.1193
78 0.2810 0.1962 0.4421 0.0421 0.0075 0.0313
79 0.3760 0.1495 0.4463 0.0160 0.0062 0.0061
80 0.3413 0.1337 0.4812 0.0271 0.0079 0.0087
81 0.3655 0.1409 0.4341 0.0359 0.0083 0.0153
82 0.4944 0.0894 0.3345 0.0659 0.0052 0.0106
83 0.3640 0.1035 0.4824 0.0412 0.0057 0.0033
84 0.2820 0.1632 0.4949 0.0432 0.0080 0.0089
85 0.2903 0.1371 0.5420 0.0210 0.0070 0.0024
86 0.4153 0.1247 0.4353 0.0144 0.0077 0.0025
87 0.1082 0.1082 0.3660 0.3660 0.0215 0.0300
88 0.1249 0.0852 0.4429 0.2859 0.0352 0.0260
89 0.1384 0.1069 0.1805 0.5063 0.0266 0.0412
90 0.1942 0.0548 0.1561 0.4517 0.0291 0.1142
91 0.0109 0.0152 0.3005 0.6567 0.0009 0.0157
92 0.0246 0.0638 0.3669 0.5259 0.0015 0.0173
93 0.0284 0.0641 0.3630 0.5200 0.0046 0.0202
94 0.1953 0.0853 0.1619 0.4402 0.0112 0.1062
95 0.2966 0.1564 0.2072 0.2788 0.0095 0.0516
96 0.1755 0.1958 0.2438 0.3491 0.0069 0.0289
97 0.1996 0.1192 0.1906 0.4570 0.0049 0.0288
98 0.2234 0.2166 0.2416 0.2695 0.0086 0.0404
99 0.2773 0.1531 0.1630 0.3616 0.0093 0.0358
100 0.2830 0.1613 0.2070 0.3013 0.0123 0.0354
101 0.2081 0.2510 0.3596 0.1571 0.0053 0.0189
102 0.2161 0.3142 0.2410 0.2094 0.0068 0.0125
103 0.1869 0.2185 0.4624 0.0897 0.0033 0.0392
104 0.2622 0.2242 0.3262 0.1666 0.0027 0.0183
105 0.2915 0.1561 0.3203 0.1610 0.0028 0.0682
106 0.2025 0.1678 0.4355 0.1118 0.0018 0.0806
107 0.3579 0.2876 0.2617 0.0727 0.0024 0.0177
108 0.4529 0.1979 0.1948 0.1278 0.0035 0.0231
109 0.4424 0.2642 0.2260 0.0504 0.0036 0.0135
110 0.1433 0.3281 0.1798 0.2720 0.0503 0.0265
111 0.1343 0.2266 0.1232 0.3196 0.1078 0.0887
112 0.0502 0.2249 0.2015 0.3171 0.0111 0.1953
113 0.0622 0.4780 0.0898 0.3037 0.0396 0.0267
114 0.1841 0.1503 0.6035 0.0380 0.0043 0.0200
115 0.1995 0.1414 0.5420 0.0663 0.0080 0.0428
116 0.1610 0.1796 0.5361 0.0682 0.0078 0.0472
117 0.1755 0.1958 0.4773 0.0984 0.0112 0.0417
118 0.2406 0.1816 0.3906 0.1110 0.0102 0.0658
119 0.2886 0.1194 0.4199 0.1203 0.0107 0.0413
120 0.2837 0.1383 0.3020 0.2142 0.0091 0.0525
121 0.2227 0.1996 0.4224 0.1329 0.0064 0.0161
122 0.2546 0.0981 0.1805 0.1406 0.0141 0.3120
123 0.3159 0.2170 0.2922 0.0948 0.0074 0.0727
124 0.1365 0.1595 0.3379 0.1647 0.0059 0.1956
125 0.1843 0.1248 0.3137 0.1577 0.0074 0.2122
126 0.1206 0.0687 0.2117 0.2554 0.0055 0.3381
127 0.3052 0.1312 0.1970 0.1851 0.0106 0.1711
128 0.0931 0.1273 0.3921 0.3354 0.0066 0.0454
129 0.0740 0.1146 0.2971 0.4673 0.0068 0.0402
130 0.1008 0.1714 0.3008 0.3684 0.0107 0.0480
131 0.0384 0.0542 0.2177 0.6104 0.0062 0.0729
132 0.0645 0.1365 0.2549 0.4204 0.0087 0.1149
133 0.0751 0.2041 0.2139 0.4253 0.0100 0.0717
134 0.0707 0.1301 0.2321 0.5068 0.0108 0.0494
135 0.0683 0.1161 0.1915 0.5454 0.0124 0.0662
136 0.0922 0.1473 0.2144 0.4907 0.0118 0.0435
137 0.0707 0.1113 0.1984 0.5225 0.0077 0.0894
138 0.0550 0.1259 0.2314 0.5298 0.0073 0.0508
139 0.0989 0.2095 0.2649 0.3794 0.0096 0.0378
140 0.0605 0.0867 0.1620 0.6113 0.0083 0.0708
141 0.0978 0.1338 0.1857 0.5288 0.0125 0.0411
142 0.4761 0.2712 0.1724 0.0713 0.0025 0.0066
143 0.3191 0.4790 0.1580 0.0387 0.0021 0.0034
144 0.2734 0.5435 0.1464 0.0295 0.0031 0.0040
145 0.2842 0.5391 0.1498 0.0214 0.0025 0.0028
146 0.1987 0.5752 0.1926 0.0263 0.0027 0.0043
147 0.0324 0.0719 0.4993 0.2113 0.0015 0.1836
148 0.1033 0.1899 0.5669 0.0955 0.0031 0.0411
149 0.3093 0.0446 0.2228 0.2061 0.0014 0.2159
150 0.1532 0.0479 0.3193 0.1311 0.0030 0.3455
151 0.0391 0.1304 0.3433 0.4207 0.0194 0.0472
152 0.0616 0.1868 0.2184 0.4695 0.0119 0.0518
153 0.0370 0.0975 0.2303 0.5977 0.0087 0.0288
154 0.0416 0.0790 0.2433 0.5928 0.0096 0.0340
155 0.0675 0.1078 0.2249 0.5479 0.0097 0.0422
156 0.1179 0.0849 0.2827 0.3574 0.0172 0.1399
157 0.0752 0.1094 0.1299 0.6294 0.0089 0.0471
158 0.0321 0.0378 0.1394 0.6860 0.0358 0.0690
159 0.0384 0.0826 0.1427 0.6602 0.0339 0.0422
160 0.0947 0.1688 0.1825 0.5200 0.0145 0.0197
161 0.1146 0.1694 0.3167 0.3586 0.0065 0.0341
162 0.1130 0.0936 0.0966 0.6201 0.0189 0.0577
163 0.0394 0.0903 0.1022 0.7324 0.0025 0.0332
164 0.0472 0.4412 0.2084 0.2847 0.0142 0.0044
165 0.0354 0.2495 0.1107 0.5894 0.0127 0.0025
166 0.0922 0.2112 0.1807 0.4133 0.0145 0.0880
167 0.1825 0.4309 0.1388 0.1741 0.0072 0.0666
168 0.1105 0.2866 0.1582 0.3738 0.0101 0.0610
169 0.0528 0.0381 0.0392 0.7407 0.0064 0.1228
170 0.0289 0.2739 0.4177 0.1853 0.0068 0.0875
171 0.0348 0.0601 0.1821 0.6982 0.0037 0.0211
172 0.0524 0.1041 0.3523 0.4668 0.0048 0.0196
173 0.0836 0.0862 0.2615 0.5122 0.0096 0.0469
174 0.2457 0.2308 0.2382 0.2382 0.0305 0.0167
175 0.3401 0.2908 0.1820 0.1203 0.0542 0.0126
176 0.2883 0.1383 0.2076 0.3115 0.0277 0.0266
177 0.1960 0.1930 0.2291 0.3132 0.0357 0.0330
178 0.0792 0.2347 0.2788 0.2103 0.0305 0.1664
179 0.0626 0.2169 0.2830 0.3308 0.0136 0.0933
180 0.0464 0.1497 0.3428 0.2588 0.0011 0.2014
181 0.0499 0.3923 0.2961 0.2201 0.0009 0.0407
182 0.0559 0.4065 0.2666 0.2076 0.0009 0.0623
183 0.1411 0.0843 0.4084 0.1899 0.0062 0.1702
184 0.1284 0.0817 0.4146 0.1478 0.0055 0.2219
185 0.1674 0.0803 0.3711 0.1500 0.0060 0.2251
186 0.1733 0.1137 0.3967 0.1249 0.0068 0.1846
187 0.1526 0.1188 0.4019 0.1783 0.0074 0.1411
188 0.1259 0.1011 0.4395 0.1472 0.0061 0.1803
189 0.0947 0.2417 0.5361 0.0704 0.0047 0.0523
190 0.1302 0.1752 0.5566 0.0742 0.0067 0.0569
191 0.1429 0.0923 0.5229 0.0938 0.0051 0.1429
192 0.2083 0.0842 0.4341 0.1477 0.0033 0.1224
193 0.2195 0.1311 0.5264 0.0944 0.0070 0.0214
194 0.1523 0.1283 0.6118 0.0895 0.0042 0.0136
195 0.1587 0.0823 0.6475 0.0557 0.0061 0.0499
196 0.2104 0.0575 0.3931 0.1237 0.0048 0.2104
197 0.2223 0.1171 0.5332 0.0831 0.0047 0.0399
198 0.1460 0.0928 0.5596 0.1350 0.0058 0.0609
199 0.1868 0.1674 0.5322 0.0855 0.0045 0.0237
200 0.1425 0.0964 0.4124 0.2834 0.0070 0.0585
201 0.0316 0.2158 0.2729 0.4360 0.0058 0.0378
202 0.0446 0.5786 0.2163 0.1533 0.0013 0.0057
203 0.0489 0.1846 0.4094 0.3291 0.0153 0.0128
204 0.0781 0.4221 0.1381 0.3445 0.0037 0.0136
205 0.1626 0.4351 0.2639 0.1118 0.0182 0.0084
206 0.3372 0.0572 0.2505 0.3022 0.0084 0.0446
207 0.2255 0.1599 0.4082 0.1702 0.0111 0.0251
208 0.1165 0.4573 0.0701 0.3142 0.0229 0.0187
209 0.1169 0.4277 0.1810 0.2399 0.0036 0.0310
210 0.0883 0.0626 0.6621 0.1549 0.0029 0.0291
211 0.2068 0.0785 0.5283 0.1335 0.0091 0.0440
212 0.0336 0.0517 0.2974 0.1748 0.0486 0.3940
213 0.0515 0.0984 0.3833 0.3545 0.0855 0.0269
214 0.0442 0.0825 0.4192 0.3315 0.0623 0.0604
215 0.0404 0.0640 0.2166 0.4731 0.0660 0.1399
216 0.0571 0.1370 0.3186 0.3667 0.0613 0.0594
217 0.0611 0.1466 0.2455 0.4048 0.0749 0.0671
218 0.1069 0.4099 0.2029 0.2335 0.0169 0.0297
219 0.1025 0.5630 0.1025 0.1638 0.0139 0.0540
220 0.0959 0.0692 0.4170 0.3403 0.0076 0.0702
221 0.1400 0.0383 0.4448 0.3254 0.0097 0.0417
222 0.1295 0.0448 0.5044 0.1945 0.0145 0.1125
223 0.2308 0.1108 0.4812 0.1346 0.0162 0.0263
224 0.3765 0.0944 0.2886 0.1750 0.0300 0.0356
225 0.0576 0.0529 0.2013 0.6011 0.0288 0.0586
226 0.0743 0.0999 0.3435 0.3655 0.0300 0.0869
227 0.0506 0.0312 0.1523 0.5073 0.0401 0.2183
228 0.0689 0.1068 0.2483 0.4158 0.0254 0.1350
229 0.1720 0.1239 0.2174 0.2351 0.0128 0.2388
230 0.1962 0.1209 0.2223 0.2766 0.0160 0.1678
231 0.1873 0.2123 0.2057 0.2190 0.0156 0.1602
232 0.2092 0.0559 0.1310 0.1935 0.0133 0.3972
233 0.2238 0.0575 0.1074 0.2917 0.0136 0.3059
234 0.2742 0.0761 0.1637 0.2656 0.0103 0.2102
235 0.1821 0.0241 0.0930 0.3298 0.0146 0.3564
236 0.1833 0.0246 0.0937 0.3374 0.0130 0.3479
237 0.1779 0.0577 0.1984 0.3591 0.0147 0.1923
238 0.1934 0.0554 0.1964 0.2444 0.0156 0.2949
239 0.2100 0.0976 0.2493 0.3252 0.0091 0.1089
240 0.2333 0.1035 0.3042 0.2644 0.0138 0.0806
241 0.1136 0.1553 0.1349 0.1288 0.0181 0.4492
242 0.1136 0.1553 0.1349 0.1288 0.0181 0.4492
243 0.7158 0.1868 0.0656 0.0060 0.0247 0.0010
244 0.7158 0.1868 0.0656 0.0060 0.0247 0.0010
245 0.7158 0.1868 0.0656 0.0060 0.0247 0.0010
