time exciting_prob fearful_prob tense_prob sad_prob relaxing_prob neutral_prob
0 0.2629 0.1223 0.1140 0.3376 0.0867 0.0765
1 0.5786 0.1312 0.1909 0.0560 0.0370 0.0061
2 0.9053 0.0202 0.0015 0.0236 0.0491 0.0004
3 0.2118 0.0179 0.1169 0.5410 0.0721 0.0404
4 0.2208 0.0690 0.2603 0.2208 0.1128 0.1164
5 0.2761 0.0903 0.3774 0.1160 0.0836 0.0565
6 0.8735 0.0126 0.0800 0.0126 0.0151 0.0063
7 0.1948 0.4290 0.1019 0.0740 0.1903 0.0100
8 0.2279 0.3848 0.0638 0.0537 0.2563 0.0137
9 0.2793 0.5059 0.0800 0.0183 0.1165 0.0001
10 0.2847 0.2455 0.0687 0.0176 0.3831 0.0004
11 0.2125 0.5059 0.1721 0.0669 0.0318 0.0107
12 0.1302 0.4543 0.2490 0.0923 0.0640 0.0100
13 0.1680 0.2443 0.4565 0.0176 0.1136 0.0001
14 0.1648 0.4624 0.2184 0.0345 0.1151 0.0049
15 0.2720 0.3105 0.1090 0.1812 0.1226 0.0048
16 0.2456 0.3518 0.1958 0.0755 0.1294 0.0021
17 0.1206 0.0611 0.0897 0.0238 0.6997 0.0053
18 0.0598 0.6138 0.1931 0.0545 0.0733 0.0057
19 0.0374 0.2025 0.1505 0.5723 0.0294 0.0078
20 0.0197 0.9648 0.0115 0.0019 0.0018 0.0002
21 0.0316 0.9512 0.0070 0.0065 0.0037 0.0002
22 0.3289 0.3137 0.1382 0.1248 0.0800 0.0147
23 0.3245 0.1384 0.0729 0.1968 0.2283 0.0393
24 0.4480 0.1957 0.0737 0.1838 0.0616 0.0371
25 0.3499 0.3811 0.1589 0.0331 0.0768 0.0003
26 0.3403 0.3767 0.1711 0.0219 0.0895 0.0007
27 0.2449 0.4263 0.2429 0.0551 0.0258 0.0050
28 0.1012 0.4678 0.3069 0.0415 0.0685 0.0142
29 0.3408 0.1896 0.0487 0.2067 0.1912 0.0232
30 0.6704 0.1060 0.0712 0.0233 0.1279 0.0013
31 0.3350 0.3049 0.0982 0.0224 0.2393 0.0003
32 0.7495 0.0841 0.0416 0.0284 0.0938 0.0026
33 0.2629 0.6021 0.0681 0.0117 0.0547 0.0004
34 0.0361 0.5918 0.2014 0.0880 0.0782 0.0043
35 0.0833 0.8345 0.0533 0.0172 0.0107 0.0011
36 0.3120 0.4368 0.1139 0.0624 0.0735 0.0014
37 0.3660 0.1649 0.2006 0.2021 0.0473 0.0191
38 0.4758 0.1104 0.2030 0.1417 0.0559 0.0132
39 0.0793 0.6851 0.1298 0.0837 0.0141 0.0081
40 0.1279 0.5645 0.1763 0.0795 0.0429 0.0088
41 0.1215 0.0630 0.3743 0.1293 0.0703 0.2416
42 0.0828 0.8628 0.0255 0.0208 0.0078 0.0004
43 0.1920 0.7246 0.0550 0.0201 0.0077 0.0006
44 0.5181 0.2410 0.1061 0.0629 0.0696 0.0025
45 0.2333 0.4224 0.2463 0.0604 0.0326 0.0052
46 0.1348 0.2722 0.5044 0.0632 0.0213 0.0042
47 0.1270 0.4260 0.2708 0.0819 0.0764 0.0181
48 0.0941 0.5679 0.2441 0.0603 0.0233 0.0106
49 0.0804 0.0836 0.2151 0.5845 0.0351 0.0011
50 0.2037 0.1729 0.1959 0.2273 0.1899 0.0102
51 0.0887 0.3621 0.3945 0.1176 0.0224 0.0145
52 0.1359 0.5332 0.1600 0.1050 0.0598 0.0061
53 0.1515 0.1664 0.5586 0.0223 0.0994 0.0020
54 0.1945 0.2617 0.3521 0.1357 0.0496 0.0065
55 0.1650 0.3306 0.0656 0.1326 0.3035 0.0027
56 0.1605 0.4434 0.2161 0.1095 0.0639 0.0066
57 0.0335 0.3660 0.4626 0.0876 0.0075 0.0427
58 0.2366 0.3665 0.1917 0.0496 0.1171 0.0386
59 0.0704 0.1187 0.0954 0.5938 0.0760 0.0458
60 0.1139 0.2283 0.3120 0.1451 0.0158 0.1849
61 0.1646 0.1475 0.1752 0.4072 0.0887 0.0168
62 0.2708 0.5825 0.0319 0.0285 0.0852 0.0011
63 0.1500 0.4080 0.2324 0.0772 0.1133 0.0192
64 0.2537 0.2006 0.1715 0.0710 0.2874 0.0161
65 0.2460 0.3135 0.1772 0.1516 0.0986 0.0131
66 0.3608 0.2480 0.0864 0.1858 0.1092 0.0098
67 0.0717 0.7124 0.1815 0.0095 0.0246 0.0002
68 0.0491 0.8833 0.0547 0.0069 0.0054 0.0004
69 0.0934 0.3389 0.2024 0.2539 0.0824 0.0289
70 0.2260 0.4287 0.2581 0.0086 0.0647 0.0141
71 0.2559 0.2072 0.1664 0.2087 0.0140 0.1481
72 0.0287 0.9224 0.0306 0.0099 0.0034 0.0048
73 0.2754 0.3945 0.0634 0.0345 0.2301 0.0021
74 0.2612 0.6675 0.0385 0.0082 0.0237 0.0008
75 0.0833 0.8403 0.0168 0.0212 0.0148 0.0235
76 0.3643 0.4790 0.0928 0.0207 0.0428 0.0003
77 0.3430 0.4580 0.1608 0.0155 0.0218 0.0010
78 0.2347 0.4387 0.1665 0.0132 0.1287 0.0182
79 0.0524 0.7881 0.0253 0.0549 0.0137 0.0657
80 0.2322 0.5747 0.0861 0.0054 0.1006 0.0011
81 0.0997 0.7725 0.1203 0.0044 0.0030 0.0002
82 0.3364 0.2073 0.1381 0.0473 0.2703 0.0006
83 0.4263 0.2095 0.1321 0.0435 0.1877 0.0008
84 0.3125 0.3325 0.1224 0.1114 0.0945 0.0267
85 0.1981 0.3293 0.3293 0.0944 0.0460 0.0029
86 0.2001 0.3948 0.2322 0.0968 0.0703 0.0058
87 0.7559 0.1150 0.0725 0.0423 0.0143 0.0000
88 0.7534 0.1578 0.0482 0.0318 0.0089 0.0000
89 0.1864 0.6870 0.0179 0.0397 0.0216 0.0475
90 0.0291 0.8921 0.0380 0.0255 0.0078 0.0072
91 0.3772 0.2306 0.1825 0.1178 0.0875 0.0043
92 0.0651 0.0507 0.0611 0.7925 0.0267 0.0038
93 0.5332 0.2578 0.0775 0.0175 0.1127 0.0011
94 0.1678 0.6284 0.1083 0.0153 0.0512 0.0289
95 0.1606 0.7202 0.0314 0.0195 0.0615 0.0070
96 0.2473 0.4768 0.2035 0.0261 0.0265 0.0198
97 0.0897 0.3577 0.1025 0.3010 0.1337 0.0155
98 0.1582 0.4199 0.0827 0.1697 0.1533 0.0160
99 0.2822 0.5356 0.1096 0.0245 0.0359 0.0123
100 0.1022 0.6880 0.0565 0.0146 0.1344 0.0042
101 0.0300 0.8296 0.0267 0.0881 0.0062 0.0197
102 0.2588 0.4912 0.1006 0.1096 0.0314 0.0084
103 0.1810 0.2052 0.3279 0.1958 0.0704 0.0197
104 0.0157 0.0127 0.0096 0.0009 0.9609 0.0000
105 0.1479 0.6631 0.0744 0.0626 0.0441 0.0078
106 0.0673 0.8398 0.0545 0.0178 0.0114 0.0092
107 0.1218 0.4895 0.3811 0.0012 0.0037 0.0027
108 0.0862 0.0597 0.0939 0.1622 0.0447 0.5532
109 0.0460 0.1005 0.0619 0.0009 0.7905 0.0001
110 0.0270 0.3672 0.0254 0.4941 0.0060 0.0801
111 0.0634 0.8540 0.0311 0.0235 0.0146 0.0133
112 0.1282 0.3679 0.2285 0.0388 0.2339 0.0026
113 0.3643 0.2708 0.1628 0.1667 0.0309 0.0046
114 0.3042 0.5552 0.0658 0.0318 0.0206 0.0222
115 0.0134 0.9434 0.0200 0.0090 0.0117 0.0026
116 0.0567 0.7012 0.0369 0.1627 0.0164 0.0260
117 0.2539 0.2705 0.2057 0.1887 0.0800 0.0012
118 0.1573 0.2805 0.2698 0.2006 0.0883 0.0033
119 0.0974 0.6299 0.1094 0.0859 0.0355 0.0419
120 0.3103 0.1323 0.3008 0.1243 0.0939 0.0385
121 0.0139 0.9312 0.0256 0.0214 0.0034 0.0045
122 0.0801 0.7305 0.1508 0.0020 0.0355 0.0009
123 0.0591 0.6919 0.1982 0.0281 0.0139 0.0087
124 0.0568 0.3977 0.5269 0.0026 0.0162 0.0001
125 0.0243 0.9175 0.0233 0.0179 0.0107 0.0061
126 0.4648 0.1486 0.1417 0.0505 0.1923 0.0020
127 0.2266 0.3855 0.2393 0.0439 0.0974 0.0074
128 0.1135 0.5947 0.0793 0.1370 0.0733 0.0021
129 0.0800 0.8394 0.0512 0.0039 0.0248 0.0006
130 0.0325 0.7393 0.0897 0.1274 0.0053 0.0055
131 0.2700 0.3467 0.0911 0.1368 0.1469 0.0085
132 0.1521 0.2910 0.2145 0.2412 0.0675 0.0337
133 0.1263 0.0560 0.1753 0.1956 0.0327 0.4141
134 0.2095 0.2710 0.3169 0.0555 0.1451 0.0018
135 0.1615 0.3162 0.2260 0.1471 0.1371 0.0121
136 0.1819 0.3479 0.2688 0.0759 0.1231 0.0023
137 0.0670 0.1038 0.0967 0.5747 0.1534 0.0044
138 0.0900 0.0638 0.1372 0.4360 0.1020 0.1708
139 0.1644 0.4612 0.2283 0.0649 0.0559 0.0254
140 0.2063 0.2527 0.1923 0.2489 0.0747 0.0250
141 0.0183 0.8418 0.1139 0.0118 0.0138 0.0005
142 0.1929 0.4414 0.1663 0.0862 0.1082 0.0051
143 0.0072 0.9575 0.0149 0.0182 0.0008 0.0013
144 0.1313 0.0766 0.3149 0.1971 0.2612 0.0189
145 0.0145 0.8789 0.0774 0.0227 0.0050 0.0015
146 0.1724 0.5566 0.1521 0.0142 0.1022 0.0026
147 0.0521 0.2264 0.4868 0.1497 0.0758 0.0092
148 0.2009 0.1493 0.2969 0.3110 0.0328 0.0090
149 0.3892 0.1477 0.2781 0.1000 0.0829 0.0021
150 0.2478 0.2205 0.2070 0.2639 0.0593 0.0016
151 0.3030 0.4272 0.1302 0.0237 0.1150 0.0008
152 0.2090 0.4495 0.2482 0.0222 0.0700 0.0011
153 0.2776 0.4368 0.1697 0.0129 0.1021 0.0011
154 0.2634 0.1537 0.1082 0.2534 0.1913 0.0298
155 0.2345 0.3926 0.1649 0.0621 0.1422 0.0035
156 0.2446 0.4258 0.0559 0.1630 0.0973 0.0135
157 0.2026 0.6802 0.0297 0.0109 0.0757 0.0007
158 0.1660 0.6411 0.1313 0.0232 0.0370 0.0012
159 0.0638 0.8149 0.0638 0.0260 0.0279 0.0033
160 0.1892 0.6499 0.0521 0.0258 0.0814 0.0015
161 0.0420 0.8364 0.0547 0.0194 0.0379 0.0097
162 0.2091 0.6909 0.0149 0.0248 0.0581 0.0020
163 0.1443 0.0620 0.0903 0.5444 0.1512 0.0076
164 0.1470 0.2461 0.0934 0.1127 0.3994 0.0016
165 0.1483 0.2296 0.0485 0.4788 0.0281 0.0668
166 0.1930 0.7056 0.0207 0.0593 0.0193 0.0020
167 0.1561 0.2939 0.3518 0.0340 0.1636 0.0004
168 0.1703 0.2874 0.1246 0.0732 0.3440 0.0003
169 0.6074 0.1622 0.0552 0.0999 0.0671 0.0082
170 0.1639 0.5586 0.0344 0.1208 0.1199 0.0021
171 0.2812 0.1517 0.1136 0.0684 0.3845 0.0003
172 0.3152 0.1782 0.2915 0.1225 0.0883 0.0043
173 0.2172 0.2240 0.1691 0.0251 0.3635 0.0009
174 0.3364 0.4563 0.0201 0.0396 0.1459 0.0017
175 0.1153 0.0818 0.0145 0.6484 0.1017 0.0383
176 0.3420 0.3669 0.0210 0.1393 0.1259 0.0048
177 0.2340 0.1105 0.1881 0.0225 0.4441 0.0007
178 0.5933 0.1809 0.0195 0.0382 0.1660 0.0024
179 0.4263 0.5024 0.0214 0.0393 0.0089 0.0016
180 0.1131 0.6665 0.0356 0.0201 0.1633 0.0014
181 0.1164 0.1747 0.2351 0.0950 0.3757 0.0031
182 0.1554 0.7471 0.0318 0.0375 0.0235 0.0045
183 0.2303 0.1547 0.1293 0.0153 0.4690 0.0014
184 0.2336 0.2111 0.1251 0.3735 0.0339 0.0228
185 0.1560 0.4585 0.3250 0.0388 0.0101 0.0117
186 0.2123 0.3669 0.1615 0.0449 0.2074 0.0071
187 0.1033 0.1017 0.3840 0.2517 0.1412 0.0180
188 0.1032 0.5039 0.3203 0.0273 0.0447 0.0002
189 0.4143 0.1525 0.1548 0.1572 0.1187 0.0026
190 0.4810 0.4243 0.0404 0.0236 0.0305 0.0001
191 0.1065 0.8120 0.0267 0.0075 0.0462 0.0012
192 0.3096 0.3506 0.1078 0.0467 0.1833 0.0020
193 0.6655 0.2566 0.0129 0.0219 0.0403 0.0031
194 0.4624 0.1884 0.0693 0.0121 0.2676 0.0002
195 0.1414 0.0545 0.1627 0.3391 0.0169 0.2856
196 0.2100 0.3103 0.2515 0.0666 0.1586 0.0031
197 0.2147 0.6719 0.0265 0.0284 0.0551 0.0033
198 0.0437 0.5889 0.2183 0.1141 0.0237 0.0115
199 0.1613 0.0721 0.1813 0.1379 0.4382 0.0090
200 0.1686 0.0547 0.0822 0.0365 0.6567 0.0013
201 0.0617 0.0203 0.0352 0.5854 0.2478 0.0496
202 0.1407 0.0719 0.0909 0.3325 0.0367 0.3274
203 0.1407 0.0719 0.0909 0.3325 0.0367 0.3274
