time exciting_prob fearful_prob tense_prob sad_prob relaxing_prob neutral_prob
0 0.0542 0.0379 0.1864 0.5830 0.0082 0.1301
1 0.0614 0.1013 0.2839 0.5225 0.0198 0.0114
2 0.0406 0.0254 0.2693 0.5791 0.0176 0.0681
3 0.1758 0.1785 0.1842 0.1576 0.2639 0.0402
4 0.3240 0.2729 0.2334 0.0550 0.1120 0.0027
5 0.2678 0.3035 0.1812 0.1000 0.1207 0.0269
6 0.2327 0.2220 0.1715 0.2401 0.0829 0.0507
7 0.2856 0.2683 0.2332 0.0637 0.1318 0.0173
8 0.3574 0.2457 0.2238 0.0883 0.0798 0.0050
9 0.4709 0.2156 0.0165 0.0056 0.2900 0.0014
10 0.5215 0.1948 0.0104 0.0050 0.2661 0.0023
11 0.5063 0.1384 0.0129 0.0059 0.3320 0.0041
12 0.5425 0.1748 0.0196 0.0083 0.2484 0.0064
13 0.3870 0.3208 0.0238 0.0051 0.2578 0.0053
14 0.0432 0.2026 0.6543 0.0648 0.0287 0.0067
15 0.0339 0.1506 0.5098 0.1604 0.1393 0.0062
16 0.0580 0.1026 0.1296 0.0864 0.6089 0.0143
17 0.1433 0.0523 0.4417 0.0284 0.3333 0.0011
18 0.4834 0.0534 0.3823 0.0104 0.0702 0.0003
19 0.2649 0.0506 0.5435 0.0332 0.1062 0.0016
20 0.2156 0.0885 0.5952 0.0706 0.0283 0.0017
21 0.3330 0.0597 0.5664 0.0198 0.0202 0.0008
22 0.2593 0.2676 0.2612 0.0869 0.0491 0.0760
23 0.0867 0.0753 0.2712 0.3650 0.0293 0.1724
24 0.4597 0.0844 0.0381 0.1118 0.0520 0.2539
25 0.5830 0.1301 0.0547 0.0086 0.2145 0.0092
26 0.5840 0.1511 0.0983 0.0101 0.1511 0.0056
27 0.5596 0.1775 0.0819 0.0196 0.1554 0.0058
28 0.0054 0.1552 0.7754 0.0536 0.0012 0.0091
29 0.0097 0.1877 0.7539 0.0370 0.0017 0.0099
30 0.1284 0.0291 0.2437 0.4209 0.0392 0.1388
31 0.0661 0.1783 0.6128 0.1160 0.0109 0.0161
32 0.0584 0.1277 0.4526 0.3064 0.0408 0.0141
33 0.0864 0.1075 0.3064 0.4746 0.0109 0.0141
34 0.2428 0.1763 0.0958 0.0331 0.4395 0.0126
35 0.2086 0.1915 0.1049 0.0257 0.4629 0.0063
36 0.2090 0.1707 0.1110 0.0366 0.4636 0.0090
37 0.2502 0.2107 0.1248 0.0657 0.3367 0.0121
38 0.0461 0.1398 0.1686 0.5796 0.0450 0.0210
39 0.0325 0.0557 0.1769 0.6470 0.0094 0.0785
40 0.0452 0.1692 0.3994 0.3472 0.0077 0.0315
41 0.0188 0.1219 0.2878 0.4321 0.0153 0.1238
42 0.0226 0.0644 0.3374 0.4985 0.0074 0.0696
43 0.0763 0.0613 0.5215 0.1163 0.0205 0.2042
44 0.1420 0.0946 0.3303 0.2612 0.0208 0.1511
45 0.0855 0.0822 0.4844 0.2593 0.0515 0.0371
46 0.1860 0.0690 0.2075 0.4324 0.0546 0.0504
47 0.2632 0.1132 0.1132 0.4141 0.0656 0.0307
48 0.2321 0.0596 0.1595 0.4336 0.0312 0.0840
49 0.2351 0.0529 0.2465 0.3757 0.0187 0.0712
50 0.0149 0.0679 0.8149 0.0619 0.0011 0.0393
51 0.0185 0.1018 0.2441 0.5947 0.0114 0.0292
52 0.0191 0.0868 0.4548 0.4207 0.0067 0.0121
53 0.0439 0.0691 0.1793 0.6260 0.0159 0.0660
54 0.1549 0.1742 0.1840 0.1151 0.3574 0.0144
55 0.2974 0.1694 0.1310 0.1060 0.2583 0.0378
56 0.1385 0.1821 0.1938 0.2096 0.2096 0.0665
57 0.0371 0.1943 0.3689 0.2615 0.0128 0.1255
58 0.0486 0.0560 0.2979 0.4910 0.0707 0.0359
59 0.0287 0.0143 0.1400 0.7686 0.0265 0.0220
60 0.0144 0.0487 0.1097 0.7612 0.0055 0.0606
61 0.0088 0.0385 0.1597 0.7383 0.0105 0.0443
62 0.0337 0.1544 0.5918 0.2144 0.0024 0.0033
63 0.0532 0.3694 0.4895 0.0673 0.0148 0.0058
64 0.0469 0.1562 0.2964 0.3521 0.0305 0.1179
65 0.0866 0.0853 0.2710 0.4331 0.0193 0.1045
66 0.0187 0.1703 0.3660 0.4280 0.0039 0.0131
67 0.0108 0.4072 0.4404 0.1343 0.0020 0.0053
68 0.3242 0.1012 0.1484 0.3560 0.0600 0.0102
69 0.4165 0.1709 0.1462 0.1353 0.1241 0.0070
70 0.2585 0.1321 0.1147 0.3850 0.1061 0.0035
71 0.0749 0.1008 0.1797 0.4961 0.0651 0.0836
72 0.0707 0.2031 0.2866 0.4104 0.0231 0.0060
73 0.0527 0.2134 0.4243 0.2615 0.0327 0.0155
74 0.0685 0.1617 0.4263 0.3167 0.0139 0.0128
75 0.0278 0.0405 0.1705 0.7070 0.0183 0.0358
76 0.0487 0.0506 0.3486 0.4993 0.0291 0.0237
77 0.1571 0.1647 0.3125 0.2959 0.0373 0.0324
78 0.2510 0.1251 0.3376 0.2048 0.0190 0.0625
79 0.1780 0.3652 0.1141 0.1114 0.2198 0.0114
80 0.1487 0.4136 0.1954 0.0895 0.1475 0.0053
81 0.1085 0.2903 0.1044 0.2837 0.1934 0.0198
82 0.0658 0.4224 0.2406 0.1816 0.0878 0.0019
83 0.1254 0.2307 0.3745 0.1782 0.0611 0.0300
84 0.0836 0.0891 0.4487 0.3662 0.0051 0.0074
85 0.0576 0.1528 0.4421 0.3286 0.0140 0.0048
86 0.0205 0.0332 0.0848 0.6987 0.1465 0.0162
87 0.0535 0.1323 0.1063 0.5234 0.1168 0.0676
88 0.0171 0.0897 0.4277 0.2437 0.0068 0.2151
89 0.0620 0.3225 0.2551 0.3125 0.0309 0.0171
90 0.0228 0.1230 0.5024 0.3242 0.0066 0.0211
91 0.0891 0.0566 0.1857 0.5459 0.0477 0.0750
92 0.0230 0.0345 0.1570 0.6406 0.0131 0.1322
93 0.0557 0.0540 0.1882 0.5708 0.0271 0.1040
94 0.0403 0.1147 0.1832 0.5303 0.0517 0.0800
95 0.0574 0.1294 0.2961 0.3306 0.0420 0.1444
96 0.2294 0.4385 0.1412 0.0363 0.1447 0.0099
97 0.3103 0.3435 0.2399 0.0186 0.0656 0.0221
98 0.2908 0.2046 0.3071 0.0915 0.0952 0.0107
99 0.0707 0.2839 0.3269 0.2627 0.0175 0.0384
100 0.0725 0.0671 0.2454 0.3352 0.2378 0.0420
101 0.0376 0.1418 0.3916 0.3350 0.0193 0.0747
102 0.0194 0.1030 0.8232 0.0423 0.0020 0.0104
103 0.2047 0.4368 0.1864 0.1185 0.0245 0.0290
104 0.2878 0.4529 0.1874 0.0516 0.0103 0.0099
105 0.0522 0.3125 0.3540 0.2471 0.0078 0.0265
106 0.0482 0.1531 0.4097 0.3345 0.0114 0.0432
107 0.0878 0.1392 0.5547 0.1371 0.0199 0.0613
108 0.0644 0.2063 0.4102 0.2266 0.0730 0.0196
109 0.1362 0.1394 0.2795 0.2883 0.1384 0.0180
110 0.0579 0.1796 0.6030 0.1081 0.0414 0.0101
111 0.0247 0.1456 0.7749 0.0434 0.0071 0.0045
112 0.0613 0.1360 0.4060 0.3528 0.0352 0.0090
113 0.0201 0.1460 0.4292 0.3728 0.0159 0.0160
114 0.0389 0.0864 0.5630 0.2969 0.0071 0.0076
115 0.0150 0.1212 0.2563 0.5962 0.0048 0.0063
116 0.0930 0.3071 0.4539 0.1028 0.0264 0.0168
117 0.1597 0.1387 0.2286 0.0487 0.3831 0.0413
118 0.1459 0.0590 0.1288 0.0375 0.5957 0.0333
119 0.1698 0.0692 0.1030 0.0329 0.6021 0.0228
120 0.1633 0.1232 0.1583 0.0539 0.4651 0.0362
121 0.1616 0.2227 0.3877 0.0219 0.1949 0.0113
122 0.0510 0.2048 0.2800 0.3652 0.0518 0.0471
123 0.0378 0.2159 0.2908 0.3618 0.0467 0.0471
124 0.0298 0.1771 0.2239 0.4316 0.0318 0.1058
125 0.1107 0.5000 0.2253 0.0519 0.0883 0.0239
126 0.2421 0.1744 0.1758 0.0210 0.3606 0.0261
127 0.1711 0.2693 0.1079 0.0551 0.3623 0.0342
128 0.2052 0.0816 0.2399 0.0656 0.3545 0.0531
129 0.2008 0.0919 0.1359 0.0240 0.5049 0.0428
130 0.1093 0.0603 0.0964 0.0231 0.6797 0.0311
131 0.0779 0.0305 0.0698 0.0243 0.7388 0.0588
132 0.1028 0.0696 0.0866 0.0295 0.6299 0.0814
133 0.1461 0.1250 0.2194 0.0306 0.4431 0.0356
134 0.2119 0.0823 0.1246 0.0646 0.4558 0.0607
135 0.2522 0.3555 0.2502 0.0489 0.0838 0.0096
136 0.1249 0.1580 0.2771 0.3672 0.0467 0.0262
137 0.1276 0.2874 0.2964 0.2102 0.0677 0.0106
138 0.1482 0.3813 0.3528 0.0516 0.0533 0.0128
139 0.1039 0.2717 0.4768 0.0443 0.0815 0.0218
140 0.0738 0.3867 0.1550 0.0540 0.3105 0.0200
141 0.0892 0.3555 0.2207 0.0524 0.2500 0.0323
142 0.1015 0.3831 0.2551 0.0961 0.0946 0.0698
143 0.2024 0.3811 0.2347 0.0280 0.1247 0.0289
144 0.1174 0.5103 0.2627 0.0173 0.0853 0.0072
145 0.0829 0.3179 0.1324 0.2052 0.1989 0.0626
146 0.0847 0.2145 0.1594 0.1462 0.2979 0.0974
147 0.1429 0.1865 0.1079 0.1808 0.3376 0.0443
148 0.1583 0.0902 0.3567 0.0573 0.2913 0.0461
149 0.1803 0.1298 0.2388 0.0878 0.3315 0.0318
150 0.1277 0.0763 0.2207 0.0477 0.4819 0.0455
151 0.1919 0.1471 0.2208 0.0604 0.3528 0.0270
152 0.1197 0.4846 0.2290 0.0032 0.1611 0.0024
153 0.1156 0.2952 0.1605 0.2126 0.1373 0.0789
154 0.0712 0.3096 0.2646 0.0654 0.2507 0.0385
155 0.0975 0.3376 0.1925 0.0945 0.1646 0.1132
156 0.0913 0.5420 0.1084 0.0739 0.1191 0.0652
157 0.0822 0.1177 0.4763 0.1595 0.0834 0.0809
158 0.0930 0.0640 0.5791 0.2001 0.0208 0.0433
159 0.0423 0.3325 0.3538 0.2549 0.0143 0.0023
160 0.1996 0.3938 0.2108 0.1230 0.0638 0.0090
161 0.0756 0.5996 0.2539 0.0088 0.0562 0.0058
162 0.0749 0.2253 0.1169 0.4624 0.0925 0.0282
163 0.0386 0.1082 0.2849 0.4485 0.0213 0.0985
164 0.0502 0.1157 0.3621 0.3350 0.0564 0.0808
165 0.1565 0.2139 0.4973 0.0695 0.0333 0.0296
166 0.0745 0.5376 0.3638 0.0184 0.0052 0.0004
167 0.0856 0.3230 0.3333 0.2290 0.0103 0.0188
168 0.1444 0.6836 0.1057 0.0130 0.0447 0.0084
169 0.2695 0.1622 0.0797 0.0660 0.4175 0.0051
170 0.1521 0.3855 0.0479 0.0423 0.3621 0.0100
171 0.1539 0.3259 0.3208 0.0451 0.1492 0.0050
172 0.1405 0.3020 0.3477 0.0695 0.1351 0.0051
173 0.0461 0.2590 0.6118 0.0687 0.0094 0.0047
174 0.0628 0.2484 0.6050 0.0701 0.0055 0.0080
175 0.1570 0.3948 0.3738 0.0262 0.0471 0.0013
176 0.0934 0.3782 0.4634 0.0421 0.0217 0.0011
177 0.0593 0.1663 0.7002 0.0672 0.0067 0.0006
178 0.0693 0.3435 0.2515 0.2554 0.0677 0.0127
179 0.1385 0.1365 0.3325 0.2358 0.1453 0.0114
180 0.1510 0.3567 0.3457 0.0468 0.0983 0.0016
181 0.0433 0.2961 0.3804 0.2068 0.0401 0.0332
182 0.0386 0.2681 0.4351 0.2119 0.0127 0.0338
183 0.1048 0.2399 0.3894 0.2361 0.0142 0.0157
184 0.0667 0.0870 0.2328 0.5498 0.0095 0.0544
185 0.0574 0.6724 0.1782 0.0135 0.0731 0.0053
186 0.1247 0.3723 0.0756 0.0266 0.3994 0.0013
187 0.0394 0.6313 0.1768 0.0946 0.0491 0.0087
188 0.1116 0.2327 0.4280 0.1284 0.0955 0.0040
189 0.2284 0.0538 0.2588 0.4072 0.0432 0.0084
190 0.0770 0.3853 0.4539 0.0364 0.0419 0.0057
191 0.1392 0.6240 0.1577 0.0136 0.0623 0.0033
192 0.1039 0.2612 0.3354 0.1796 0.0743 0.0457
193 0.3030 0.3406 0.1740 0.0314 0.1477 0.0032
194 0.2443 0.3289 0.1360 0.0657 0.2242 0.0010
195 0.2053 0.4775 0.1217 0.0184 0.1676 0.0095
196 0.0597 0.1031 0.0953 0.0495 0.6831 0.0094
197 0.0480 0.1000 0.0984 0.0163 0.7334 0.0039
198 0.0427 0.4045 0.2654 0.1853 0.0809 0.0211
199 0.0191 0.4050 0.3010 0.2236 0.0046 0.0469
200 0.1942 0.3572 0.3079 0.0213 0.1142 0.0051
201 0.1138 0.5259 0.2390 0.0279 0.0872 0.0060
202 0.2007 0.2764 0.2007 0.0488 0.2537 0.0199
203 0.0942 0.1182 0.0832 0.0238 0.6748 0.0057
204 0.0914 0.4097 0.4360 0.0199 0.0403 0.0026
205 0.0802 0.2671 0.6021 0.0284 0.0134 0.0088
206 0.0685 0.0907 0.3215 0.4827 0.0140 0.0224
207 0.1768 0.3008 0.2739 0.0737 0.0977 0.0773
208 0.1635 0.2937 0.2100 0.1796 0.1072 0.0461
209 0.2668 0.0866 0.4004 0.1617 0.0741 0.0103
210 0.2959 0.0640 0.3516 0.2269 0.0499 0.0117
211 0.0325 0.0925 0.0278 0.0134 0.8311 0.0025
212 0.0690 0.1748 0.0297 0.0160 0.7026 0.0079
213 0.0431 0.2257 0.0335 0.0068 0.6846 0.0063
214 0.0842 0.2399 0.0480 0.0223 0.5938 0.0121
215 0.0716 0.0762 0.3110 0.4817 0.0477 0.0117
216 0.0936 0.0350 0.1450 0.4067 0.3167 0.0031
217 0.2935 0.1954 0.0815 0.0400 0.3538 0.0359
218 0.1926 0.4175 0.1016 0.0635 0.2051 0.0195
219 0.1541 0.2242 0.1076 0.0763 0.4124 0.0254
220 0.1699 0.0917 0.1672 0.0737 0.3005 0.1970
221 0.1144 0.3606 0.2681 0.1930 0.0532 0.0109
222 0.0415 0.1888 0.2074 0.5132 0.0199 0.0292
223 0.1747 0.1309 0.6099 0.0242 0.0576 0.0028
224 0.1169 0.4048 0.3923 0.0206 0.0635 0.0020
225 0.1359 0.2900 0.4744 0.0434 0.0540 0.0024
226 0.0477 0.1359 0.4595 0.3311 0.0194 0.0067
227 0.0737 0.4517 0.3203 0.1008 0.0519 0.0017
228 0.0940 0.3718 0.3547 0.1152 0.0602 0.0040
229 0.0805 0.3064 0.3582 0.2206 0.0268 0.0077
230 0.0695 0.2075 0.2793 0.3318 0.0886 0.0233
231 0.0807 0.5518 0.2817 0.0321 0.0432 0.0107
232 0.1404 0.3342 0.1592 0.1472 0.1996 0.0195
233 0.1521 0.3298 0.1046 0.0847 0.3147 0.0143
234 0.1389 0.2720 0.3281 0.1235 0.1295 0.0081
235 0.1923 0.2079 0.5186 0.0314 0.0457 0.0043
236 0.1384 0.1696 0.6499 0.0147 0.0266 0.0008
237 0.0489 0.6646 0.2561 0.0193 0.0110 0.0003
238 0.1455 0.2218 0.5664 0.0332 0.0241 0.0089
239 0.1006 0.2734 0.1071 0.0697 0.4404 0.0087
240 0.0625 0.3599 0.5317 0.0124 0.0314 0.0020
241 0.1149 0.3538 0.3884 0.0379 0.1030 0.0020
242 0.1045 0.5479 0.1632 0.0729 0.1029 0.0089
243 0.0626 0.3438 0.1598 0.3384 0.0612 0.0343
244 0.1643 0.3293 0.2605 0.0551 0.1877 0.0029
245 0.2820 0.2712 0.2932 0.0582 0.0938 0.0014
246 0.2358 0.2715 0.3652 0.0784 0.0416 0.0076
247 0.3762 0.3704 0.1593 0.0299 0.0619 0.0025
248 0.1133 0.5801 0.2495 0.0146 0.0420 0.0003
249 0.1746 0.2561 0.1732 0.2622 0.1288 0.0053
250 0.3245 0.4263 0.1473 0.0295 0.0701 0.0023
251 0.3110 0.4856 0.1018 0.0135 0.0870 0.0011
252 0.2107 0.2369 0.4897 0.0129 0.0481 0.0016
253 0.1065 0.5537 0.2327 0.0427 0.0447 0.0195
254 0.1219 0.6851 0.1425 0.0095 0.0352 0.0060
255 0.0982 0.5435 0.3025 0.0216 0.0258 0.0085
256 0.1599 0.5898 0.0926 0.0704 0.0811 0.0062
257 0.2451 0.5229 0.1063 0.0391 0.0821 0.0045
258 0.0443 0.0841 0.0198 0.0105 0.8364 0.0048
259 0.1844 0.1350 0.0421 0.0181 0.6050 0.0153
260 0.1221 0.1373 0.0206 0.0654 0.6104 0.0442
261 0.0486 0.4302 0.4727 0.0153 0.0319 0.0013
262 0.2091 0.2771 0.2664 0.0142 0.2296 0.0037
263 0.1808 0.1343 0.3074 0.3484 0.0154 0.0137
264 0.0569 0.1864 0.3767 0.3271 0.0286 0.0243
265 0.0475 0.1071 0.1534 0.5190 0.0454 0.1272
266 0.0671 0.3982 0.2610 0.1740 0.0931 0.0067
267 0.0453 0.1036 0.2646 0.3911 0.0216 0.1736
268 0.0644 0.3096 0.5435 0.0577 0.0177 0.0075
269 0.1855 0.2830 0.3928 0.1125 0.0218 0.0046
270 0.1166 0.3193 0.4165 0.0542 0.0922 0.0009
271 0.1224 0.3489 0.2532 0.1926 0.0822 0.0008
272 0.1196 0.1159 0.4241 0.2341 0.0917 0.0145
273 0.1169 0.2761 0.4482 0.0362 0.1151 0.0075
274 0.2482 0.3611 0.2090 0.0326 0.1426 0.0065
275 0.1887 0.2277 0.2922 0.0318 0.2520 0.0074
276 0.0428 0.0378 0.2350 0.6001 0.0233 0.0613
277 0.1537 0.2915 0.0671 0.0548 0.4111 0.0216
278 0.2639 0.2223 0.0844 0.0308 0.3901 0.0085
279 0.2375 0.1711 0.1659 0.0790 0.3198 0.0267
280 0.2739 0.2455 0.1432 0.0507 0.2695 0.0174
281 0.3240 0.2227 0.2158 0.0369 0.1460 0.0546
282 0.1132 0.2050 0.3076 0.2050 0.0687 0.1006
283 0.2489 0.3538 0.2096 0.0334 0.1498 0.0044
284 0.1957 0.3489 0.2781 0.0548 0.1072 0.0152
285 0.2583 0.3728 0.2297 0.0361 0.0996 0.0034
286 0.2162 0.2607 0.2196 0.2549 0.0397 0.0088
287 0.1958 0.1727 0.2717 0.2893 0.0552 0.0150
288 0.1108 0.1401 0.3992 0.2578 0.0662 0.0259
289 0.0539 0.0809 0.4175 0.2455 0.0197 0.1824
290 0.1136 0.1553 0.1349 0.1288 0.0181 0.4492
291 0.1136 0.1553 0.1349 0.1288 0.0181 0.4492
292 0.9736 0.0101 0.0046 0.0008 0.0108 0.0001
293 0.9775 0.0089 0.0049 0.0006 0.0080 0.0002
294 0.9756 0.0095 0.0051 0.0006 0.0088 0.0002
295 0.9775 0.0089 0.0049 0.0006 0.0081 0.0002
296 0.9775 0.0088 0.0049 0.0006 0.0081 0.0002
