time exciting_prob fearful_prob tense_prob sad_prob relaxing_prob neutral_prob
0 0.1244 0.0869 0.0855 0.3079 0.0239 0.3713
1 0.0370 0.1133 0.7158 0.1064 0.0186 0.0087
2 0.0281 0.3193 0.5186 0.1005 0.0299 0.0036
3 0.0735 0.0233 0.3562 0.0619 0.4795 0.0056
4 0.0925 0.0351 0.2185 0.0743 0.5757 0.0040
5 0.0710 0.0374 0.4634 0.0710 0.3442 0.0129
6 0.4854 0.1066 0.2329 0.0249 0.1481 0.0020
7 0.0303 0.2307 0.5713 0.1064 0.0465 0.0149
8 0.0409 0.1103 0.2563 0.0914 0.4717 0.0292
9 0.5479 0.0534 0.1385 0.1070 0.1406 0.0127
10 0.2937 0.1881 0.2435 0.1244 0.1355 0.0147
11 0.1265 0.3254 0.2515 0.1143 0.1444 0.0380
12 0.3821 0.0572 0.2410 0.0908 0.2177 0.0114
13 0.4092 0.0763 0.2581 0.0481 0.2041 0.0043
14 0.1422 0.0918 0.2764 0.2220 0.2308 0.0368
15 0.1256 0.1033 0.2056 0.0745 0.4524 0.0386
16 0.4495 0.1043 0.1119 0.0512 0.2791 0.0041
17 0.6343 0.0921 0.1052 0.0299 0.1350 0.0034
18 0.0530 0.3074 0.3401 0.1697 0.1130 0.0169
19 0.1176 0.2080 0.3855 0.1166 0.1545 0.0177
20 0.2944 0.0919 0.3899 0.1266 0.0817 0.0154
21 0.1310 0.3647 0.3704 0.0866 0.0345 0.0129
22 0.1383 0.3142 0.2930 0.1876 0.0509 0.0160
23 0.1547 0.3889 0.3770 0.0443 0.0305 0.0047
24 0.1172 0.1209 0.1328 0.2878 0.2581 0.0831
25 0.1522 0.0286 0.0697 0.1725 0.5483 0.0286
26 0.5771 0.1318 0.1118 0.0253 0.1517 0.0024
27 0.5415 0.1144 0.1731 0.0431 0.1218 0.0058
28 0.0701 0.0235 0.3242 0.0497 0.5181 0.0140
29 0.5522 0.1375 0.1105 0.0247 0.1685 0.0065
30 0.5615 0.1824 0.0698 0.0110 0.1726 0.0024
31 0.5410 0.0890 0.0597 0.0918 0.1958 0.0229
32 0.2708 0.0372 0.1681 0.2998 0.1147 0.1094
33 0.3894 0.0961 0.1700 0.1367 0.0646 0.1432
34 0.3381 0.0748 0.1244 0.2341 0.0626 0.1660
35 0.3821 0.0546 0.1129 0.1383 0.2076 0.1044
36 0.5342 0.1604 0.1483 0.0478 0.0988 0.0107
37 0.5889 0.1410 0.1024 0.0322 0.1313 0.0043
38 0.5596 0.1980 0.1146 0.0452 0.0734 0.0094
39 0.5688 0.1508 0.0770 0.0153 0.1862 0.0017
40 0.1234 0.0778 0.4307 0.2825 0.0578 0.0280
41 0.2278 0.1530 0.3115 0.2242 0.0585 0.0250
42 0.2727 0.0913 0.2642 0.1680 0.1591 0.0449
43 0.1791 0.0701 0.1967 0.3975 0.1212 0.0356
44 0.3149 0.1488 0.3005 0.1177 0.0660 0.0522
45 0.2183 0.0726 0.2252 0.2593 0.1031 0.1215
46 0.5381 0.1963 0.0964 0.0757 0.0781 0.0155
47 0.2350 0.1011 0.2463 0.2208 0.0474 0.1494
48 0.3491 0.0476 0.1729 0.3179 0.0726 0.0398
49 0.3574 0.2185 0.1663 0.0317 0.2185 0.0076
50 0.3835 0.1143 0.2102 0.0325 0.2537 0.0057
51 0.3972 0.1012 0.1028 0.2998 0.0833 0.0158
52 0.2837 0.0594 0.0360 0.2583 0.2542 0.1085
53 0.1121 0.0460 0.7427 0.0735 0.0216 0.0041
54 0.2482 0.4158 0.2260 0.0520 0.0418 0.0163
55 0.2703 0.2206 0.1871 0.2056 0.0657 0.0508
56 0.1388 0.0709 0.5938 0.1700 0.0070 0.0195
57 0.0536 0.0325 0.3782 0.4707 0.0224 0.0424
58 0.0387 0.0159 0.1309 0.7651 0.0087 0.0406
59 0.4729 0.1272 0.2590 0.0239 0.1097 0.0073
60 0.2271 0.4177 0.2494 0.0531 0.0315 0.0213
61 0.4958 0.1244 0.2083 0.0527 0.1132 0.0056
62 0.5225 0.1321 0.1532 0.0214 0.1683 0.0025
63 0.2078 0.0846 0.5562 0.1290 0.0092 0.0134
64 0.5864 0.1483 0.1426 0.0508 0.0668 0.0048
65 0.3970 0.0746 0.1183 0.1201 0.1790 0.1111
66 0.4971 0.0756 0.1100 0.1287 0.1190 0.0694
67 0.4980 0.1819 0.1997 0.0266 0.0859 0.0078
68 0.1919 0.1011 0.4258 0.1919 0.0668 0.0226
69 0.5703 0.1089 0.1047 0.0433 0.1635 0.0093
70 0.6177 0.1265 0.0779 0.0161 0.1598 0.0022
71 0.2100 0.1141 0.6367 0.0245 0.0038 0.0112
72 0.2269 0.2455 0.4409 0.0556 0.0076 0.0234
73 0.3511 0.0610 0.3052 0.0295 0.2510 0.0022
74 0.2939 0.1263 0.4807 0.0640 0.0153 0.0197
75 0.1266 0.0532 0.1870 0.5005 0.0101 0.1226
76 0.3572 0.0687 0.2379 0.0371 0.2961 0.0029
77 0.0974 0.0163 0.1087 0.7427 0.0066 0.0284
78 0.1176 0.0629 0.2267 0.4578 0.0175 0.1176
79 0.2030 0.0713 0.2527 0.4299 0.0092 0.0339
80 0.0718 0.1004 0.5825 0.1721 0.0568 0.0165
81 0.0640 0.0337 0.6562 0.1880 0.0317 0.0265
82 0.0609 0.1094 0.6807 0.1260 0.0195 0.0035
83 0.1131 0.0605 0.6069 0.1970 0.0206 0.0020
84 0.2391 0.0922 0.2908 0.3347 0.0381 0.0050
85 0.5190 0.2113 0.0945 0.0252 0.1442 0.0057
86 0.2930 0.0453 0.2429 0.2886 0.0367 0.0936
87 0.2394 0.1158 0.4473 0.1671 0.0112 0.0192
88 0.1240 0.0505 0.3477 0.2974 0.0186 0.1617
89 0.1022 0.0133 0.6660 0.1793 0.0284 0.0106
90 0.1681 0.0256 0.4714 0.2815 0.0442 0.0092
91 0.2305 0.0219 0.3052 0.3625 0.0754 0.0045
92 0.1628 0.0546 0.5684 0.1875 0.0135 0.0132
93 0.1769 0.1016 0.3130 0.3230 0.0346 0.0511
94 0.1076 0.0695 0.3936 0.3420 0.0550 0.0323
95 0.0464 0.0429 0.6069 0.2866 0.0105 0.0067
96 0.0583 0.0319 0.8042 0.0822 0.0118 0.0115
97 0.1989 0.0737 0.3987 0.2739 0.0392 0.0156
98 0.3059 0.1337 0.4487 0.0856 0.0255 0.0005
99 0.2148 0.0848 0.3889 0.2891 0.0205 0.0019
100 0.0811 0.0469 0.5537 0.2786 0.0227 0.0170
101 0.2747 0.0763 0.4390 0.1425 0.0459 0.0219
102 0.3059 0.0651 0.5366 0.0651 0.0215 0.0057
103 0.5244 0.1550 0.1226 0.0171 0.1798 0.0011
104 0.4656 0.0784 0.2067 0.0273 0.2200 0.0021
105 0.1560 0.0903 0.5532 0.1714 0.0247 0.0044
106 0.1526 0.0492 0.5718 0.1337 0.0715 0.0215
107 0.1990 0.0395 0.3718 0.3333 0.0411 0.0153
108 0.6118 0.0961 0.0506 0.0343 0.1987 0.0083
109 0.4629 0.0919 0.0773 0.1226 0.1716 0.0738
110 0.0766 0.0234 0.8169 0.0655 0.0147 0.0027
111 0.0779 0.0557 0.7388 0.1064 0.0146 0.0066
112 0.2042 0.1318 0.1948 0.2502 0.0950 0.1238
113 0.0845 0.1173 0.3669 0.3728 0.0274 0.0308
114 0.0779 0.0310 0.4412 0.3381 0.0503 0.0616
115 0.0995 0.0781 0.5254 0.2642 0.0258 0.0071
116 0.2598 0.1901 0.2292 0.1901 0.0817 0.0492
117 0.1501 0.3894 0.2289 0.2085 0.0179 0.0051
118 0.3589 0.0229 0.4397 0.1405 0.0145 0.0233
119 0.0826 0.0342 0.5142 0.3533 0.0082 0.0076
120 0.2639 0.0402 0.3335 0.2329 0.1135 0.0160
121 0.1780 0.0551 0.4617 0.1409 0.1522 0.0119
122 0.2134 0.1942 0.4517 0.0656 0.0630 0.0122
123 0.2086 0.0447 0.2852 0.3230 0.0312 0.1074
124 0.1020 0.0442 0.5181 0.2771 0.0015 0.0572
125 0.5596 0.0723 0.0711 0.0428 0.2483 0.0061
126 0.7183 0.0872 0.0673 0.0258 0.0988 0.0028
127 0.3418 0.2747 0.0927 0.0739 0.2122 0.0050
128 0.3862 0.0427 0.0714 0.1178 0.3657 0.0163
129 0.5703 0.0417 0.1031 0.0835 0.1023 0.0991
130 0.5439 0.0945 0.1431 0.0578 0.1243 0.0364
131 0.1469 0.1744 0.5996 0.0516 0.0114 0.0164
132 0.4255 0.1493 0.0957 0.0393 0.2834 0.0069
133 0.5371 0.1227 0.1247 0.0124 0.2008 0.0020
134 0.2179 0.0498 0.2507 0.4006 0.0654 0.0155
135 0.2319 0.0975 0.4873 0.1375 0.0248 0.0211
136 0.1072 0.0245 0.7925 0.0611 0.0014 0.0133
137 0.3994 0.0341 0.3364 0.1541 0.0418 0.0344
138 0.2986 0.1514 0.3835 0.1305 0.0084 0.0278
139 0.1400 0.5493 0.1929 0.0531 0.0440 0.0206
140 0.1902 0.3752 0.1887 0.1093 0.0728 0.0637
141 0.2313 0.1578 0.3528 0.2042 0.0449 0.0090
142 0.0827 0.0494 0.6929 0.1521 0.0167 0.0064
143 0.2081 0.1097 0.2844 0.3596 0.0211 0.0171
144 0.2751 0.0559 0.3704 0.2467 0.0290 0.0228
145 0.1392 0.0292 0.2224 0.5771 0.0124 0.0197
146 0.2101 0.0583 0.3806 0.3154 0.0298 0.0058
147 0.3423 0.1605 0.2839 0.0555 0.1495 0.0083
148 0.6465 0.1488 0.0650 0.0259 0.1072 0.0065
149 0.5083 0.1743 0.1400 0.0473 0.1134 0.0169
150 0.1829 0.0662 0.3638 0.3418 0.0299 0.0156
151 0.1567 0.2061 0.5869 0.0198 0.0216 0.0086
152 0.1052 0.0418 0.3616 0.4429 0.0428 0.0058
153 0.1432 0.0822 0.6025 0.1168 0.0034 0.0518
154 0.1173 0.0306 0.5337 0.2225 0.0085 0.0872
155 0.2360 0.1273 0.5151 0.0854 0.0277 0.0083
156 0.2563 0.2061 0.3093 0.1965 0.0142 0.0176
157 0.2240 0.1135 0.5049 0.1267 0.0231 0.0078
158 0.0843 0.1827 0.5586 0.1456 0.0125 0.0163
159 0.1984 0.0353 0.5923 0.1013 0.0097 0.0629
160 0.2021 0.1226 0.4451 0.0710 0.1032 0.0561
161 0.3242 0.0176 0.2062 0.1936 0.0900 0.1682
162 0.1901 0.0352 0.2898 0.2517 0.0445 0.1886
163 0.2006 0.1467 0.5161 0.1134 0.0059 0.0171
164 0.3828 0.0587 0.1699 0.2632 0.0067 0.1186
165 0.1115 0.0259 0.2019 0.6030 0.0043 0.0535
166 0.3381 0.0924 0.4805 0.0253 0.0626 0.0012
167 0.3508 0.0789 0.4368 0.0944 0.0347 0.0043
168 0.2354 0.0908 0.1921 0.4197 0.0336 0.0285
169 0.4548 0.1141 0.1511 0.1366 0.1398 0.0034
170 0.2030 0.0974 0.5605 0.1078 0.0260 0.0054
171 0.2651 0.0655 0.1234 0.3459 0.1609 0.0391
172 0.1947 0.1277 0.4526 0.1588 0.0508 0.0155
173 0.2416 0.1273 0.1753 0.3740 0.0784 0.0034
174 0.4119 0.2517 0.1552 0.1412 0.0349 0.0051
175 0.3835 0.0451 0.1855 0.2896 0.0779 0.0182
176 0.0899 0.2242 0.4189 0.2350 0.0027 0.0294
177 0.1646 0.2979 0.2080 0.2432 0.0506 0.0359
178 0.2441 0.4631 0.1946 0.0667 0.0215 0.0098
179 0.4382 0.1357 0.3181 0.0129 0.0941 0.0007
180 0.1224 0.0168 0.1187 0.7153 0.0239 0.0026
181 0.3833 0.0743 0.2717 0.2117 0.0552 0.0040
182 0.4470 0.0908 0.2393 0.0702 0.1451 0.0074
183 0.2795 0.1630 0.4905 0.0152 0.0501 0.0017
184 0.3818 0.0674 0.3477 0.1776 0.0229 0.0027
185 0.3271 0.0494 0.3945 0.1710 0.0518 0.0063
186 0.1617 0.1183 0.4500 0.0996 0.1340 0.0364
187 0.1167 0.0601 0.3887 0.0382 0.3767 0.0198
188 0.1458 0.1256 0.2479 0.2329 0.2311 0.0169
189 0.0800 0.0525 0.1019 0.3474 0.4062 0.0121
190 0.4744 0.1100 0.1653 0.0236 0.2206 0.0060
191 0.1295 0.0651 0.0421 0.0890 0.6577 0.0166
192 0.1305 0.0804 0.0357 0.1265 0.6084 0.0187
193 0.2668 0.1556 0.2212 0.2908 0.0577 0.0081
194 0.3608 0.1887 0.2744 0.0920 0.0805 0.0034
195 0.6201 0.0894 0.1300 0.0723 0.0795 0.0086
196 0.6665 0.0834 0.0526 0.0615 0.1333 0.0026
197 0.3093 0.2159 0.2544 0.0572 0.1508 0.0125
198 0.2085 0.0495 0.1226 0.3230 0.0368 0.2595
