time exciting_prob fearful_prob tense_prob sad_prob relaxing_prob neutral_prob
0 0.1136 0.1553 0.1349 0.1288 0.0181 0.4492
1 0.0663 0.1748 0.3318 0.2793 0.1183 0.0294
2 0.1071 0.3003 0.2910 0.1633 0.0293 0.1088
3 0.1075 0.6587 0.0745 0.0389 0.0927 0.0276
4 0.0257 0.2764 0.3281 0.2328 0.1171 0.0199
5 0.0693 0.6680 0.1357 0.0129 0.0715 0.0424
6 0.2871 0.2201 0.3130 0.0992 0.0677 0.0130
7 0.1443 0.2379 0.0984 0.0703 0.2455 0.2035
8 0.1685 0.3540 0.1167 0.0506 0.1821 0.1282
9 0.0759 0.4438 0.3738 0.0072 0.0983 0.0010
10 0.0665 0.1223 0.1954 0.2756 0.1080 0.2322
11 0.0286 0.2437 0.1324 0.2554 0.0767 0.2634
12 0.0417 0.3660 0.1116 0.1456 0.1265 0.2085
13 0.0497 0.1935 0.1085 0.3970 0.2333 0.0181
14 0.2822 0.0748 0.0809 0.2734 0.0822 0.2064
15 0.0786 0.4050 0.0786 0.1161 0.0836 0.2382
16 0.1655 0.3291 0.0794 0.0393 0.3342 0.0525
17 0.0388 0.1440 0.1792 0.5693 0.0112 0.0573
18 0.1505 0.1298 0.0493 0.1615 0.0270 0.4819
19 0.1043 0.3613 0.0950 0.1980 0.1329 0.1085
20 0.0384 0.3020 0.2974 0.1449 0.1094 0.1077
21 0.0545 0.3555 0.2368 0.2561 0.0695 0.0276
22 0.1281 0.3733 0.2094 0.1183 0.1473 0.0237
23 0.1067 0.4526 0.2744 0.0684 0.0459 0.0520
24 0.1294 0.2761 0.3491 0.1989 0.0354 0.0111
25 0.0983 0.3301 0.1398 0.2081 0.1766 0.0472
26 0.1292 0.1311 0.1486 0.4070 0.1475 0.0367
27 0.0707 0.5566 0.3271 0.0288 0.0060 0.0108
28 0.0102 0.4531 0.1146 0.3936 0.0086 0.0199
29 0.0139 0.4368 0.3508 0.1157 0.0208 0.0620
30 0.0496 0.3469 0.2206 0.2876 0.0148 0.0805
31 0.1318 0.2771 0.1164 0.2426 0.0668 0.1654
32 0.1687 0.2937 0.0676 0.2532 0.1523 0.0645
33 0.1124 0.2288 0.3176 0.1572 0.1283 0.0556
34 0.0168 0.4744 0.4456 0.0492 0.0029 0.0111
35 0.0916 0.4951 0.1522 0.0998 0.0601 0.1014
36 0.0441 0.0593 0.1401 0.4595 0.2830 0.0141
37 0.1230 0.2585 0.2211 0.1967 0.1736 0.0272
38 0.0613 0.4390 0.1802 0.2313 0.0781 0.0101
39 0.0197 0.6572 0.2134 0.0760 0.0322 0.0016
40 0.0465 0.2961 0.2739 0.1714 0.1882 0.0236
41 0.2566 0.3428 0.1440 0.0908 0.0416 0.1241
42 0.0999 0.0569 0.0626 0.5488 0.0300 0.2019
43 0.0444 0.7510 0.1016 0.0662 0.0104 0.0265
44 0.0428 0.1296 0.0549 0.3965 0.0627 0.3135
45 0.0838 0.2107 0.2996 0.2445 0.0512 0.1102
46 0.1584 0.4014 0.1273 0.0822 0.1536 0.0772
47 0.0222 0.1050 0.0870 0.6846 0.0068 0.0941
48 0.1141 0.2251 0.1080 0.0760 0.4443 0.0324
49 0.1069 0.3879 0.3760 0.1111 0.0107 0.0074
50 0.1021 0.4539 0.3762 0.0486 0.0108 0.0085
51 0.0349 0.6084 0.1638 0.0756 0.1171 0.0003
52 0.0311 0.1578 0.1085 0.5771 0.0459 0.0793
53 0.1704 0.1208 0.4055 0.1626 0.0466 0.0941
54 0.0940 0.4380 0.1400 0.1389 0.1305 0.0588
55 0.1068 0.1361 0.4292 0.0878 0.0244 0.2158
56 0.0892 0.1947 0.4526 0.0580 0.0336 0.1719
57 0.0235 0.2286 0.1781 0.1699 0.1063 0.2935
58 0.0242 0.2300 0.1736 0.5186 0.0066 0.0471
59 0.0328 0.1202 0.0921 0.5220 0.0254 0.2076
60 0.1255 0.1515 0.0786 0.1456 0.1411 0.3577
61 0.0534 0.1547 0.1499 0.2321 0.0953 0.3147
62 0.0388 0.5518 0.2161 0.1581 0.0057 0.0295
63 0.0443 0.4910 0.4136 0.0239 0.0264 0.0009
64 0.0731 0.3826 0.1407 0.3274 0.0206 0.0556
65 0.0828 0.3198 0.3301 0.1195 0.0714 0.0765
66 0.1815 0.1172 0.2900 0.2443 0.0699 0.0972
67 0.0673 0.2056 0.1257 0.2122 0.1704 0.2189
68 0.0771 0.4041 0.4438 0.0468 0.0094 0.0188
69 0.0870 0.3362 0.4453 0.0652 0.0125 0.0536
70 0.0438 0.4788 0.3501 0.1003 0.0217 0.0053
71 0.0664 0.4163 0.3674 0.0989 0.0086 0.0425
72 0.0712 0.1578 0.2108 0.1077 0.0463 0.4062
73 0.0542 0.2144 0.2544 0.1847 0.0170 0.2751
74 0.0436 0.2822 0.3511 0.2778 0.0248 0.0204
75 0.0740 0.3042 0.3906 0.1604 0.0268 0.0438
76 0.0191 0.0399 0.0393 0.7534 0.0111 0.1372
77 0.0776 0.4065 0.2625 0.1890 0.0299 0.0347
78 0.0953 0.4580 0.3567 0.0640 0.0107 0.0152
79 0.1139 0.3049 0.3677 0.0759 0.0952 0.0426
80 0.1213 0.2866 0.3098 0.1354 0.0400 0.1071
81 0.1172 0.1653 0.3086 0.3337 0.0303 0.0448
82 0.2277 0.1541 0.2349 0.3286 0.0383 0.0166
83 0.0757 0.0972 0.1577 0.4858 0.0489 0.1349
84 0.0518 0.2131 0.5884 0.0903 0.0487 0.0074
85 0.0097 0.0479 0.1167 0.7612 0.0085 0.0560
86 0.1649 0.3230 0.4211 0.0343 0.0503 0.0063
87 0.0843 0.2153 0.5327 0.0217 0.1390 0.0070
88 0.1233 0.4075 0.3567 0.0601 0.0267 0.0257
89 0.0303 0.4380 0.2537 0.2037 0.0476 0.0267
90 0.0581 0.8018 0.0865 0.0228 0.0076 0.0231
91 0.1115 0.4412 0.2324 0.1178 0.0440 0.0531
92 0.2812 0.3162 0.1517 0.0459 0.1339 0.0711
93 0.1910 0.2097 0.0790 0.1621 0.0909 0.2673
94 0.0481 0.5723 0.0652 0.0264 0.2241 0.0637
95 0.1193 0.4363 0.1450 0.0853 0.1473 0.0669
96 0.0200 0.0959 0.3677 0.2129 0.0873 0.2162
97 0.0247 0.5405 0.3384 0.0732 0.0145 0.0085
98 0.2695 0.2571 0.0725 0.0587 0.3005 0.0417
99 0.0673 0.1349 0.5859 0.1190 0.0647 0.0285
100 0.2225 0.2856 0.1043 0.0358 0.1393 0.2124
101 0.1648 0.2361 0.1741 0.1958 0.0743 0.1549
102 0.0775 0.4258 0.0695 0.0157 0.3530 0.0585
103 0.0378 0.1707 0.2026 0.2727 0.1003 0.2158
104 0.0657 0.2258 0.1436 0.0964 0.1552 0.3135
105 0.0225 0.3101 0.4443 0.1215 0.0635 0.0382
106 0.0198 0.1521 0.5068 0.1779 0.0324 0.1113
107 0.0271 0.3857 0.1376 0.2959 0.0703 0.0834
108 0.0771 0.1570 0.1158 0.1725 0.1453 0.3325
109 0.0956 0.1328 0.0632 0.0642 0.6338 0.0104
110 0.0383 0.3989 0.2742 0.1179 0.1316 0.0392
111 0.0686 0.1499 0.2888 0.2800 0.1323 0.0803
112 0.0468 0.0483 0.0991 0.6562 0.0284 0.1214
113 0.0371 0.0786 0.4817 0.2788 0.0197 0.1042
114 0.1151 0.1810 0.2084 0.2184 0.0257 0.2515
115 0.1259 0.4001 0.1860 0.1383 0.0156 0.1340
116 0.0151 0.0607 0.0925 0.6523 0.0093 0.1702
117 0.0390 0.3315 0.2174 0.1426 0.0865 0.1831
118 0.0618 0.3188 0.1060 0.2815 0.2075 0.0242
119 0.1693 0.3669 0.1603 0.1339 0.1449 0.0246
120 0.0836 0.5283 0.1099 0.1368 0.1152 0.0259
121 0.0502 0.1971 0.1536 0.5273 0.0249 0.0468
122 0.0196 0.4788 0.2407 0.1655 0.0581 0.0372
123 0.0325 0.2343 0.7104 0.0188 0.0031 0.0009
124 0.1761 0.2881 0.4463 0.0513 0.0344 0.0037
125 0.1174 0.5303 0.1320 0.1427 0.0629 0.0148
126 0.0512 0.4028 0.5015 0.0313 0.0074 0.0060
127 0.0870 0.2559 0.3389 0.1458 0.0884 0.0844
128 0.0798 0.1514 0.5122 0.1400 0.0918 0.0249
129 0.0721 0.2072 0.1162 0.2539 0.0194 0.3311
130 0.1364 0.2283 0.4006 0.0735 0.1095 0.0517
131 0.0631 0.4556 0.1255 0.2556 0.0869 0.0133
132 0.0277 0.0814 0.1241 0.7139 0.0101 0.0429
133 0.1324 0.1263 0.2217 0.3225 0.0954 0.1015
134 0.1178 0.1957 0.4551 0.1897 0.0251 0.0167
135 0.0761 0.3464 0.5039 0.0430 0.0225 0.0078
136 0.0234 0.0278 0.0424 0.4021 0.0119 0.4924
137 0.1865 0.4170 0.2267 0.0714 0.0670 0.0314
138 0.1532 0.1013 0.1863 0.1428 0.4067 0.0098
139 0.1385 0.1029 0.2179 0.2588 0.2430 0.0388
140 0.0928 0.1383 0.1531 0.1951 0.0297 0.3909
141 0.0462 0.3337 0.3665 0.2155 0.0075 0.0306
142 0.0356 0.6729 0.1797 0.0779 0.0076 0.0265
143 0.1207 0.1991 0.2988 0.2363 0.0368 0.1082
144 0.1368 0.5122 0.1855 0.0738 0.0386 0.0528
145 0.0425 0.1331 0.3398 0.2646 0.1439 0.0759
146 0.0424 0.2598 0.3721 0.1901 0.0844 0.0511
147 0.1174 0.1804 0.2354 0.1832 0.0482 0.2354
148 0.0803 0.1583 0.3682 0.1621 0.0543 0.1766
149 0.0235 0.5957 0.2227 0.1229 0.0313 0.0040
150 0.0514 0.1440 0.2064 0.4302 0.0660 0.1022
151 0.0124 0.1863 0.1921 0.4609 0.1300 0.0182
152 0.0382 0.2267 0.3098 0.3455 0.0426 0.0373
153 0.0193 0.1907 0.1138 0.6450 0.0143 0.0169
154 0.0991 0.0413 0.1660 0.6265 0.0312 0.0359
155 0.1122 0.3623 0.1765 0.0697 0.1510 0.1282
156 0.0389 0.2788 0.2072 0.2072 0.2385 0.0294
157 0.0812 0.2642 0.1042 0.2600 0.2725 0.0181
158 0.0339 0.1320 0.1981 0.3586 0.2043 0.0729
159 0.0416 0.2756 0.1865 0.2322 0.1186 0.1453
160 0.0778 0.3005 0.1196 0.3860 0.0183 0.0976
161 0.0582 0.3508 0.1582 0.1203 0.0216 0.2908
162 0.0605 0.2078 0.1184 0.1281 0.4683 0.0171
163 0.0119 0.7705 0.0652 0.1425 0.0064 0.0035
164 0.0220 0.2827 0.3154 0.3254 0.0141 0.0404
165 0.0631 0.4519 0.2169 0.0523 0.2135 0.0021
166 0.1127 0.3784 0.1732 0.0871 0.2443 0.0042
167 0.1136 0.5464 0.1615 0.0567 0.0274 0.0942
168 0.0516 0.3523 0.3208 0.0083 0.2661 0.0009
169 0.0373 0.1384 0.4197 0.3535 0.0187 0.0324
170 0.0262 0.2354 0.4197 0.1077 0.0638 0.1473
171 0.0493 0.3071 0.1260 0.0551 0.4609 0.0017
172 0.0296 0.3994 0.1665 0.3750 0.0148 0.0148
173 0.0240 0.0536 0.0451 0.0121 0.8647 0.0007
174 0.0599 0.4124 0.1425 0.2386 0.1093 0.0375
175 0.1918 0.2703 0.3313 0.0386 0.1287 0.0392
176 0.0806 0.2108 0.3164 0.1642 0.0140 0.2141
177 0.0100 0.0539 0.0241 0.0134 0.8975 0.0013
178 0.0681 0.4912 0.1765 0.1322 0.0691 0.0629
179 0.0363 0.4460 0.3162 0.1238 0.0244 0.0533
180 0.1080 0.5615 0.0772 0.0183 0.2340 0.0009
181 0.1490 0.1143 0.1445 0.3257 0.0750 0.1914
182 0.0718 0.4609 0.1174 0.2773 0.0356 0.0370
183 0.0463 0.3909 0.4788 0.0653 0.0111 0.0077
184 0.0606 0.1809 0.0709 0.5659 0.0183 0.1031
185 0.2238 0.2418 0.3865 0.0616 0.0688 0.0175
186 0.0217 0.0226 0.1213 0.1464 0.0321 0.6558
187 0.1854 0.3865 0.2637 0.0507 0.0296 0.0842
188 0.0712 0.1340 0.2998 0.1103 0.2043 0.1804
189 0.0586 0.3535 0.4333 0.1078 0.0250 0.0216
190 0.0710 0.1436 0.1871 0.2944 0.0780 0.2258
191 0.1060 0.3701 0.3369 0.0222 0.0474 0.1174
192 0.0966 0.4194 0.2583 0.0449 0.0415 0.1394
193 0.0482 0.1102 0.2815 0.4941 0.0177 0.0482
194 0.0635 0.3252 0.0635 0.2695 0.1196 0.1584
195 0.1059 0.1257 0.0700 0.1287 0.2703 0.2993
196 0.0936 0.3535 0.1749 0.1362 0.2212 0.0206
197 0.1771 0.2944 0.2944 0.1025 0.0919 0.0395
198 0.0467 0.4160 0.2262 0.2485 0.0313 0.0311
199 0.0861 0.1740 0.2002 0.3513 0.1686 0.0197
200 0.1191 0.2812 0.1471 0.0769 0.1666 0.2090
201 0.0330 0.1598 0.0544 0.2805 0.4697 0.0026
202 0.0355 0.2500 0.1042 0.1277 0.4819 0.0008
203 0.0826 0.1077 0.1592 0.5303 0.0764 0.0442
204 0.0417 0.4966 0.1826 0.1663 0.1091 0.0037
205 0.0337 0.2001 0.2377 0.3247 0.1793 0.0245
206 0.0426 0.3430 0.2549 0.2588 0.0790 0.0218
207 0.0100 0.3223 0.5835 0.0300 0.0526 0.0019
208 0.0140 0.2408 0.4431 0.0321 0.2688 0.0014
209 0.0498 0.1072 0.1377 0.5977 0.0382 0.0692
210 0.0790 0.3538 0.4836 0.0367 0.0304 0.0163
211 0.0550 0.3940 0.3760 0.1147 0.0187 0.0415
212 0.1155 0.0838 0.3394 0.4324 0.0240 0.0050
213 0.0912 0.1493 0.3110 0.4121 0.0308 0.0056
214 0.0523 0.2068 0.1489 0.1024 0.0237 0.4658
215 0.0596 0.1131 0.2214 0.3540 0.0502 0.2017
216 0.0696 0.0893 0.1183 0.4905 0.1279 0.1044
217 0.1136 0.1553 0.1349 0.1288 0.0181 0.4492
218 0.1136 0.1553 0.1349 0.1288 0.0181 0.4492
219 0.1136 0.1553 0.1349 0.1288 0.0181 0.4492
220 0.1136 0.1553 0.1349 0.1288 0.0181 0.4492
221 0.1136 0.1553 0.1349 0.1288 0.0181 0.4492
222 0.1136 0.1553 0.1349 0.1288 0.0181 0.4492
