time exciting_prob fearful_prob tense_prob sad_prob relaxing_prob neutral_prob
0 0.1136 0.1553 0.1349 0.1288 0.0181 0.4492
1 0.1680 0.2386 0.2600 0.0806 0.1210 0.1318
2 0.1188 0.2150 0.1254 0.2893 0.1116 0.1399
3 0.1190 0.3186 0.2258 0.1843 0.1181 0.0341
4 0.0605 0.2081 0.3484 0.3430 0.0345 0.0052
5 0.0487 0.1443 0.1635 0.3516 0.1796 0.1124
6 0.0545 0.1035 0.2091 0.5508 0.0793 0.0026
7 0.1985 0.0938 0.2588 0.4202 0.0241 0.0046
8 0.4922 0.1294 0.2827 0.0767 0.0143 0.0047
9 0.2795 0.1231 0.3882 0.1907 0.0137 0.0050
10 0.1244 0.2455 0.3772 0.1636 0.0855 0.0038
11 0.2175 0.1965 0.2749 0.0936 0.1919 0.0256
12 0.1139 0.1779 0.4233 0.0759 0.1864 0.0228
13 0.0393 0.1428 0.5781 0.1544 0.0680 0.0173
14 0.1169 0.3154 0.4414 0.0507 0.0626 0.0131
15 0.1583 0.3030 0.2305 0.0841 0.2216 0.0025
16 0.1455 0.2085 0.3660 0.1755 0.1008 0.0035
17 0.1309 0.0845 0.5098 0.1816 0.0787 0.0147
18 0.0371 0.3057 0.5532 0.0743 0.0230 0.0068
19 0.0151 0.5337 0.3813 0.0421 0.0153 0.0125
20 0.0420 0.3926 0.4448 0.0641 0.0267 0.0298
21 0.3765 0.1486 0.2820 0.1545 0.0183 0.0200
22 0.1531 0.2771 0.3474 0.0825 0.1011 0.0387
23 0.1169 0.3745 0.2917 0.1898 0.0098 0.0171
24 0.2030 0.2283 0.1631 0.0937 0.2795 0.0324
25 0.2198 0.3486 0.1766 0.0518 0.1823 0.0206
26 0.0238 0.2327 0.3989 0.2556 0.0621 0.0269
27 0.0200 0.1976 0.6582 0.0349 0.0357 0.0536
28 0.0802 0.2935 0.5112 0.0560 0.0388 0.0204
29 0.0326 0.5781 0.2467 0.0581 0.0264 0.0581
30 0.0788 0.4001 0.2771 0.1531 0.0628 0.0279
31 0.1220 0.1748 0.4258 0.1667 0.0886 0.0220
32 0.0911 0.0970 0.5122 0.1143 0.1433 0.0424
33 0.0327 0.2732 0.4685 0.0937 0.1271 0.0047
34 0.0181 0.2051 0.6885 0.0398 0.0094 0.0392
35 0.0596 0.5352 0.2693 0.0923 0.0284 0.0152
36 0.0949 0.1772 0.4287 0.2073 0.0598 0.0320
37 0.3386 0.2291 0.2896 0.0955 0.0448 0.0025
38 0.1229 0.3289 0.4358 0.0728 0.0360 0.0034
39 0.1268 0.1707 0.6196 0.0381 0.0412 0.0036
40 0.1591 0.0886 0.1996 0.1137 0.4358 0.0032
41 0.1616 0.2042 0.3967 0.0800 0.1554 0.0019
42 0.0843 0.3960 0.3440 0.1001 0.0721 0.0037
43 0.0364 0.2317 0.6201 0.0951 0.0088 0.0078
44 0.1882 0.1810 0.5000 0.0395 0.0903 0.0010
45 0.1412 0.2744 0.4890 0.0105 0.0843 0.0007
46 0.2820 0.1724 0.2888 0.1038 0.1088 0.0443
47 0.2817 0.2263 0.2566 0.1862 0.0471 0.0021
48 0.1598 0.1782 0.1989 0.3772 0.0527 0.0332
49 0.1863 0.3792 0.2195 0.0944 0.1175 0.0031
50 0.0765 0.2162 0.4470 0.2112 0.0273 0.0219
51 0.2306 0.2825 0.3713 0.0280 0.0862 0.0015
52 0.0505 0.2817 0.1619 0.0894 0.4102 0.0063
53 0.2255 0.1143 0.4114 0.1549 0.0480 0.0458
54 0.1294 0.2399 0.3894 0.0955 0.1179 0.0280
55 0.0453 0.1865 0.0975 0.1088 0.5527 0.0092
56 0.0991 0.1881 0.4077 0.0815 0.2115 0.0118
57 0.1074 0.3389 0.1423 0.0451 0.3635 0.0028
58 0.0897 0.2556 0.4150 0.1664 0.0715 0.0016
59 0.0719 0.2198 0.3513 0.0895 0.2571 0.0105
60 0.0952 0.3455 0.2776 0.0547 0.2249 0.0022
61 0.1674 0.2235 0.1989 0.1421 0.2573 0.0110
62 0.0573 0.1697 0.3916 0.0975 0.1938 0.0901
63 0.1052 0.2263 0.3850 0.0449 0.1906 0.0482
64 0.1846 0.0928 0.1405 0.4326 0.1383 0.0113
65 0.1770 0.1575 0.4180 0.1914 0.0357 0.0205
66 0.0848 0.2573 0.5405 0.0602 0.0472 0.0099
67 0.1892 0.1848 0.2754 0.1045 0.2095 0.0367
68 0.0453 0.4167 0.4648 0.0460 0.0172 0.0097
69 0.0440 0.5571 0.2269 0.1115 0.0359 0.0247
70 0.1509 0.1982 0.5024 0.0260 0.1005 0.0219
71 0.1941 0.2035 0.3054 0.0345 0.2397 0.0226
72 0.3518 0.2576 0.2476 0.0661 0.0732 0.0038
73 0.2444 0.2173 0.3213 0.1145 0.0934 0.0091
74 0.3384 0.2053 0.2135 0.0918 0.1367 0.0143
75 0.2257 0.3284 0.2136 0.1930 0.0255 0.0138
76 0.1980 0.2314 0.3291 0.1239 0.0958 0.0219
77 0.4927 0.0863 0.2942 0.0963 0.0276 0.0030
78 0.4854 0.1227 0.2991 0.0756 0.0156 0.0016
79 0.5049 0.1042 0.2073 0.1436 0.0306 0.0095
80 0.1331 0.2300 0.3145 0.2300 0.0707 0.0219
81 0.2358 0.1418 0.4509 0.1046 0.0560 0.0107
82 0.3640 0.2881 0.2140 0.0648 0.0668 0.0023
83 0.2832 0.1153 0.4421 0.0485 0.0934 0.0175
84 0.1639 0.0979 0.5332 0.0642 0.0689 0.0717
85 0.0770 0.1921 0.6104 0.0638 0.0150 0.0415
86 0.0672 0.4280 0.3989 0.0257 0.0698 0.0105
87 0.3872 0.1190 0.2139 0.1843 0.0927 0.0028
88 0.3716 0.1089 0.2084 0.1825 0.1225 0.0062
89 0.3464 0.1057 0.3491 0.0491 0.1389 0.0108
90 0.0253 0.0544 0.0767 0.0163 0.8242 0.0034
91 0.1470 0.3552 0.2499 0.0181 0.2275 0.0023
92 0.1497 0.0826 0.4756 0.1121 0.0741 0.1061
93 0.0776 0.2563 0.4500 0.0981 0.0800 0.0381
94 0.0606 0.2397 0.2435 0.0606 0.3801 0.0154
95 0.0923 0.4075 0.3682 0.0099 0.1088 0.0134
96 0.2354 0.0281 0.0789 0.4194 0.2281 0.0101
97 0.3289 0.2141 0.3289 0.0516 0.0613 0.0150
98 0.1576 0.1626 0.3579 0.1423 0.1266 0.0532
99 0.1730 0.2786 0.2808 0.1009 0.0575 0.1091
100 0.2549 0.1794 0.2822 0.0530 0.0578 0.1725
101 0.1170 0.2119 0.3083 0.1689 0.0830 0.1108
102 0.1532 0.2607 0.3618 0.0309 0.1736 0.0198
103 0.1119 0.2313 0.3042 0.1494 0.1615 0.0418
104 0.1912 0.1866 0.3201 0.2454 0.0401 0.0167
105 0.1576 0.1075 0.6533 0.0294 0.0459 0.0066
106 0.0987 0.1482 0.5508 0.1505 0.0470 0.0050
107 0.0497 0.2686 0.3586 0.2427 0.0586 0.0217
108 0.1868 0.1244 0.3923 0.1377 0.0779 0.0809
109 0.1326 0.2659 0.3691 0.0876 0.1337 0.0112
110 0.0754 0.3274 0.3857 0.0461 0.1376 0.0279
111 0.0515 0.2825 0.5278 0.0218 0.0999 0.0166
112 0.0970 0.1091 0.3931 0.0905 0.2421 0.0683
113 0.0836 0.2961 0.3601 0.0327 0.1927 0.0348
114 0.1700 0.3892 0.2343 0.1304 0.0548 0.0213
115 0.2305 0.2234 0.3892 0.0457 0.1072 0.0041
116 0.1527 0.1379 0.5288 0.0632 0.1118 0.0055
117 0.2311 0.1447 0.5415 0.0553 0.0257 0.0017
118 0.2067 0.3279 0.3489 0.0515 0.0440 0.0211
119 0.5503 0.0589 0.2139 0.1493 0.0251 0.0025
120 0.0460 0.1697 0.4539 0.1241 0.1697 0.0367
121 0.1024 0.1927 0.5366 0.0191 0.1216 0.0276
122 0.0960 0.3799 0.4043 0.0443 0.0356 0.0400
123 0.0693 0.3013 0.5205 0.0451 0.0220 0.0417
124 0.1616 0.1278 0.3906 0.1027 0.1339 0.0832
125 0.0218 0.2854 0.3899 0.0294 0.2402 0.0333
126 0.0382 0.3127 0.6270 0.0083 0.0113 0.0027
127 0.0814 0.2063 0.5435 0.0860 0.0514 0.0312
128 0.1742 0.3130 0.2893 0.0682 0.0897 0.0656
129 0.1643 0.1936 0.5181 0.0446 0.0446 0.0347
130 0.1271 0.2754 0.5024 0.0426 0.0302 0.0222
131 0.1918 0.2157 0.4565 0.0831 0.0387 0.0141
132 0.1582 0.5435 0.1290 0.0634 0.0997 0.0061
133 0.4150 0.1799 0.1515 0.1009 0.1456 0.0071
134 0.2532 0.2571 0.1941 0.1324 0.1313 0.0317
135 0.2196 0.1332 0.2588 0.2321 0.1242 0.0321
136 0.3215 0.1790 0.1405 0.1818 0.1450 0.0321
137 0.0350 0.1619 0.4265 0.0577 0.2178 0.1013
138 0.0468 0.5322 0.3628 0.0128 0.0437 0.0019
139 0.3857 0.1387 0.2377 0.1168 0.1030 0.0182
140 0.0394 0.1956 0.5195 0.0881 0.0443 0.1132
141 0.1295 0.3989 0.3386 0.0424 0.0667 0.0240
142 0.0988 0.1733 0.3611 0.3188 0.0347 0.0134
143 0.2291 0.3181 0.1611 0.1074 0.1689 0.0154
144 0.0800 0.0934 0.3696 0.2747 0.1528 0.0294
145 0.1677 0.3442 0.2703 0.0677 0.1002 0.0500
146 0.2537 0.1945 0.3013 0.0738 0.1143 0.0626
147 0.2976 0.3071 0.2355 0.0568 0.1005 0.0025
148 0.1292 0.1632 0.4722 0.0439 0.1849 0.0066
149 0.1932 0.1447 0.3694 0.0086 0.2810 0.0030
150 0.0606 0.1769 0.5405 0.0749 0.0666 0.0804
151 0.1070 0.4468 0.3704 0.0286 0.0186 0.0286
152 0.0578 0.2198 0.6826 0.0178 0.0071 0.0150
153 0.1063 0.3948 0.4072 0.0436 0.0388 0.0094
154 0.1683 0.1029 0.5923 0.0765 0.0494 0.0106
155 0.0978 0.0811 0.5630 0.2136 0.0389 0.0058
156 0.0992 0.2656 0.2986 0.0417 0.2185 0.0761
157 0.0349 0.2241 0.4253 0.1018 0.0512 0.1627
158 0.0171 0.2361 0.7158 0.0112 0.0144 0.0051
159 0.0233 0.1639 0.7881 0.0113 0.0099 0.0033
160 0.0192 0.3267 0.5059 0.0921 0.0505 0.0059
161 0.0546 0.1982 0.6104 0.1156 0.0153 0.0058
162 0.0729 0.2159 0.5781 0.0509 0.0302 0.0521
163 0.2998 0.1543 0.4097 0.0951 0.0358 0.0052
164 0.3030 0.1699 0.4441 0.0565 0.0197 0.0069
165 0.3538 0.2231 0.3196 0.0551 0.0453 0.0030
166 0.3098 0.1166 0.4761 0.0573 0.0370 0.0034
167 0.3799 0.1713 0.3740 0.0601 0.0127 0.0021
168 0.2957 0.2267 0.2734 0.1533 0.0367 0.0143
169 0.5049 0.0812 0.1541 0.1829 0.0739 0.0030
170 0.0763 0.1182 0.2834 0.4390 0.0477 0.0355
171 0.3523 0.1915 0.1458 0.0756 0.2329 0.0018
172 0.0802 0.3403 0.2412 0.2146 0.1213 0.0024
173 0.0780 0.2460 0.3523 0.1600 0.1370 0.0266
174 0.0729 0.4431 0.2263 0.1004 0.1450 0.0124
175 0.1057 0.2742 0.4116 0.0553 0.1503 0.0032
176 0.1199 0.2766 0.3579 0.1237 0.1135 0.0082
177 0.0889 0.4658 0.2983 0.0437 0.1016 0.0015
178 0.0961 0.0976 0.3176 0.2759 0.2018 0.0111
179 0.0682 0.2184 0.5576 0.0602 0.0626 0.0330
180 0.0513 0.1776 0.5732 0.0237 0.1669 0.0070
181 0.0232 0.2452 0.4993 0.1609 0.0370 0.0342
182 0.0413 0.3621 0.4402 0.1021 0.0409 0.0136
183 0.1759 0.2500 0.3210 0.0722 0.1731 0.0079
184 0.1320 0.2905 0.4360 0.0262 0.1129 0.0024
185 0.0392 0.1702 0.4346 0.1702 0.1783 0.0075
186 0.2020 0.2036 0.4309 0.1169 0.0420 0.0044
187 0.1663 0.1326 0.3955 0.1624 0.1356 0.0077
188 0.2051 0.2803 0.3743 0.0656 0.0715 0.0032
189 0.0204 0.3584 0.4824 0.1128 0.0186 0.0074
190 0.0178 0.2637 0.6328 0.0693 0.0131 0.0031
191 0.1048 0.1727 0.4080 0.2717 0.0348 0.0079
192 0.0268 0.2944 0.5249 0.1359 0.0142 0.0035
193 0.2688 0.2335 0.2646 0.1848 0.0304 0.0177
194 0.1855 0.0970 0.1467 0.4849 0.0503 0.0354
195 0.2052 0.1649 0.2576 0.2964 0.0398 0.0362
196 0.2260 0.2368 0.2769 0.1948 0.0489 0.0166
197 0.1697 0.0944 0.2430 0.3945 0.0226 0.0759
198 0.2546 0.0866 0.1833 0.2883 0.0741 0.1130
199 0.1787 0.0781 0.1050 0.3337 0.0445 0.2600
