time exciting_prob fearful_prob tense_prob sad_prob relaxing_prob neutral_prob
0 0.1136 0.1577 0.1349 0.1267 0.0181 0.4492
1 0.0880 0.1185 0.1213 0.2266 0.2046 0.2411
2 0.0953 0.1376 0.0450 0.0300 0.6616 0.0305
3 0.4058 0.2405 0.0415 0.2769 0.0111 0.0244
4 0.0684 0.2465 0.1519 0.3818 0.0776 0.0740
5 0.0377 0.3083 0.2988 0.2617 0.0265 0.0672
6 0.1333 0.2322 0.3918 0.1583 0.0134 0.0708
7 0.0804 0.0891 0.2103 0.5005 0.0053 0.1143
8 0.0901 0.0262 0.1709 0.3792 0.0288 0.3047
9 0.0090 0.1530 0.5508 0.0550 0.1888 0.0435
10 0.1667 0.2192 0.2881 0.2465 0.0065 0.0729
11 0.0408 0.1600 0.2966 0.2087 0.0912 0.2024
12 0.1202 0.4099 0.2729 0.1696 0.0072 0.0201
13 0.1320 0.2092 0.1655 0.1310 0.1060 0.2563
14 0.0091 0.2122 0.7290 0.0344 0.0012 0.0142
15 0.0058 0.1329 0.8535 0.0061 0.0002 0.0012
16 0.0746 0.1331 0.4329 0.2246 0.1250 0.0099
17 0.0761 0.3630 0.0785 0.1974 0.1663 0.1188
18 0.0728 0.1239 0.1137 0.4749 0.1309 0.0838
19 0.3374 0.0429 0.0035 0.6016 0.0048 0.0099
20 0.0043 0.1724 0.3826 0.3826 0.0385 0.0198
21 0.1098 0.0518 0.1477 0.5488 0.0094 0.1324
22 0.1913 0.1216 0.1024 0.5039 0.0189 0.0621
23 0.1559 0.1149 0.0945 0.3826 0.0218 0.2303
24 0.3767 0.0436 0.0027 0.5654 0.0043 0.0072
25 0.3064 0.0333 0.0028 0.6436 0.0057 0.0084
26 0.1301 0.1213 0.1486 0.4614 0.0116 0.1271
27 0.0568 0.3025 0.1086 0.2649 0.2078 0.0595
28 0.1699 0.0841 0.0620 0.6265 0.0208 0.0367
29 0.6294 0.0147 0.0093 0.3369 0.0041 0.0053
30 0.0058 0.1897 0.4143 0.3127 0.0093 0.0682
31 0.0714 0.2305 0.0797 0.5527 0.0131 0.0526
32 0.1603 0.1803 0.0825 0.5176 0.0179 0.0415
33 0.1897 0.1016 0.1178 0.3804 0.0070 0.2036
34 0.0299 0.6250 0.2487 0.0795 0.0163 0.0004
35 0.5190 0.0166 0.0327 0.3350 0.0065 0.0902
36 0.1343 0.2469 0.2231 0.3220 0.0332 0.0403
37 0.1506 0.4128 0.2484 0.1201 0.0609 0.0072
38 0.4045 0.0725 0.0803 0.3799 0.0475 0.0153
39 0.1569 0.0122 0.0073 0.7842 0.0136 0.0258
40 0.1041 0.1899 0.0804 0.2346 0.2054 0.1855
41 0.2827 0.0365 0.0126 0.6128 0.0177 0.0380
42 0.4707 0.0108 0.0259 0.4490 0.0043 0.0392
43 0.3254 0.3279 0.0933 0.1702 0.0631 0.0202
44 0.2681 0.0850 0.0320 0.5498 0.0208 0.0444
45 0.3020 0.2157 0.0237 0.4292 0.0143 0.0153
46 0.1522 0.0991 0.0483 0.6826 0.0079 0.0100
47 0.0151 0.0206 0.0160 0.9321 0.0093 0.0070
48 0.0474 0.2465 0.3291 0.3503 0.0122 0.0147
49 0.1078 0.0137 0.0086 0.8091 0.0201 0.0406
50 0.1144 0.0131 0.0064 0.8135 0.0125 0.0402
51 0.1807 0.3621 0.2886 0.0502 0.0089 0.1096
52 0.2272 0.0298 0.0088 0.6782 0.0192 0.0365
53 0.3274 0.1571 0.0198 0.3430 0.0016 0.1510
54 0.1766 0.1365 0.0931 0.3828 0.1956 0.0153
55 0.3379 0.0510 0.2822 0.2065 0.0102 0.1122
56 0.0549 0.4028 0.3445 0.0357 0.1084 0.0536
57 0.0159 0.2068 0.1334 0.6270 0.0045 0.0124
58 0.0988 0.0764 0.1735 0.5259 0.0026 0.1230
59 0.0528 0.2257 0.2023 0.4119 0.0956 0.0119
60 0.1777 0.0132 0.0065 0.7598 0.0159 0.0268
61 0.1510 0.0446 0.0821 0.6357 0.0085 0.0783
62 0.0301 0.1035 0.1329 0.7017 0.0172 0.0147
63 0.1539 0.1469 0.0532 0.5459 0.0096 0.0905
64 0.2864 0.3455 0.1300 0.2014 0.0307 0.0062
65 0.0275 0.1156 0.7305 0.1036 0.0054 0.0176
66 0.0743 0.1503 0.3867 0.0862 0.2852 0.0174
67 0.0648 0.1707 0.5020 0.2262 0.0202 0.0164
68 0.0566 0.0188 0.0395 0.6846 0.0059 0.1946
69 0.1041 0.0721 0.0335 0.6230 0.0083 0.1588
70 0.1615 0.0787 0.0987 0.5254 0.0080 0.1277
71 0.0969 0.1132 0.2695 0.1699 0.0097 0.3406
72 0.4988 0.2627 0.0279 0.1670 0.0358 0.0078
73 0.0808 0.1893 0.4912 0.0457 0.0273 0.1658
74 0.4871 0.2588 0.0244 0.1750 0.0429 0.0119
75 0.4468 0.2998 0.0201 0.1833 0.0425 0.0075
76 0.1356 0.0797 0.0340 0.3657 0.1064 0.2783
77 0.0254 0.1070 0.5024 0.2449 0.0629 0.0573
78 0.1307 0.0787 0.1360 0.6235 0.0181 0.0128
79 0.0523 0.0574 0.3687 0.4517 0.0116 0.0583
80 0.1126 0.0557 0.3362 0.3870 0.0515 0.0571
81 0.0125 0.0576 0.0934 0.8071 0.0035 0.0259
82 0.0124 0.8071 0.1238 0.0375 0.0110 0.0081
83 0.0790 0.0479 0.3350 0.3567 0.0023 0.1793
84 0.1053 0.1121 0.2356 0.4612 0.0713 0.0145
85 0.1116 0.1057 0.2764 0.4148 0.0205 0.0710
86 0.1671 0.1013 0.0959 0.5479 0.0160 0.0718
87 0.2173 0.0285 0.1238 0.5723 0.0079 0.0500
88 0.1111 0.0453 0.1103 0.6597 0.0290 0.0446
89 0.1432 0.1080 0.2454 0.3516 0.0175 0.1344
90 0.0953 0.2233 0.5527 0.0822 0.0172 0.0293
91 0.1046 0.0713 0.1475 0.5786 0.0783 0.0198
92 0.0558 0.0837 0.0225 0.8193 0.0132 0.0057
93 0.0192 0.1951 0.2666 0.4194 0.0893 0.0106
94 0.0864 0.0328 0.2275 0.5205 0.0090 0.1237
95 0.0573 0.5356 0.2432 0.0605 0.0753 0.0282
96 0.0912 0.0255 0.1481 0.5420 0.0118 0.1815
97 0.0606 0.0253 0.1304 0.6221 0.0188 0.1432
98 0.1473 0.1342 0.4199 0.1462 0.0212 0.1311
99 0.0790 0.2235 0.0767 0.5933 0.0154 0.0119
100 0.0821 0.2267 0.1223 0.4873 0.0157 0.0660
101 0.1309 0.0474 0.2727 0.4565 0.0193 0.0734
102 0.2566 0.1289 0.1643 0.3760 0.0204 0.0538
103 0.1467 0.1346 0.5757 0.0579 0.0527 0.0325
104 0.1897 0.0797 0.1089 0.3381 0.0055 0.2781
105 0.5020 0.1120 0.2427 0.1052 0.0336 0.0046
106 0.0503 0.1854 0.2085 0.4146 0.0128 0.1284
107 0.0214 0.0478 0.4941 0.4033 0.0027 0.0309
108 0.0556 0.2080 0.0983 0.1158 0.4875 0.0348
109 0.0381 0.1043 0.0344 0.8018 0.0114 0.0102
110 0.3342 0.2043 0.1642 0.1949 0.0717 0.0306
111 0.1595 0.0983 0.1063 0.0930 0.4438 0.0991
112 0.1322 0.2910 0.1375 0.2866 0.0429 0.1096
113 0.0330 0.1854 0.3923 0.3008 0.0377 0.0507
114 0.0828 0.1312 0.3325 0.3826 0.0461 0.0248
115 0.1492 0.2808 0.1600 0.3362 0.0677 0.0060
116 0.1060 0.1733 0.2279 0.4395 0.0339 0.0195
117 0.0703 0.2983 0.4446 0.0682 0.0382 0.0803
118 0.0100 0.5396 0.1071 0.3274 0.0061 0.0096
119 0.0128 0.0760 0.2198 0.6772 0.0090 0.0051
120 0.0615 0.1195 0.0778 0.3918 0.0034 0.3459
121 0.0856 0.1575 0.0792 0.4116 0.0027 0.2637
122 0.1595 0.1487 0.0808 0.5190 0.0150 0.0771
123 0.1561 0.3203 0.0480 0.1783 0.0031 0.2939
124 0.0634 0.2229 0.3345 0.2605 0.1021 0.0167
125 0.0544 0.2612 0.4658 0.1205 0.0910 0.0070
126 0.0230 0.0359 0.1940 0.5977 0.0620 0.0875
127 0.0254 0.4136 0.1332 0.2319 0.0153 0.1807
128 0.0374 0.5718 0.2578 0.0352 0.0065 0.0912
129 0.0549 0.1199 0.1731 0.1746 0.0141 0.4634
130 0.0299 0.3215 0.4604 0.0513 0.1137 0.0233
131 0.2375 0.2471 0.1821 0.0847 0.2267 0.0219
132 0.1503 0.2135 0.1855 0.1255 0.3132 0.0120
133 0.1368 0.0536 0.0081 0.6182 0.0049 0.1785
134 0.0792 0.0549 0.1153 0.6040 0.0733 0.0733
135 0.0851 0.1519 0.0794 0.2484 0.0062 0.4292
136 0.0267 0.0499 0.4553 0.2020 0.0107 0.2554
137 0.1793 0.2432 0.0204 0.5190 0.0031 0.0350
138 0.2544 0.0318 0.0921 0.5732 0.0156 0.0328
139 0.1759 0.1470 0.3608 0.1993 0.0338 0.0831
140 0.0600 0.6655 0.1749 0.0467 0.0020 0.0509
141 0.1248 0.3164 0.3699 0.1578 0.0157 0.0155
142 0.1711 0.2433 0.4172 0.1262 0.0345 0.0076
143 0.2474 0.1107 0.0263 0.5322 0.0340 0.0495
144 0.4426 0.1483 0.0264 0.3066 0.0393 0.0366
145 0.0864 0.4673 0.1627 0.1830 0.0194 0.0812
146 0.1237 0.1359 0.2170 0.4668 0.0162 0.0405
147 0.2754 0.2607 0.3538 0.0479 0.0185 0.0436
148 0.1151 0.2849 0.4624 0.0797 0.0157 0.0420
149 0.1603 0.2727 0.2791 0.1238 0.0452 0.1191
150 0.2517 0.0280 0.0098 0.6685 0.0063 0.0357
151 0.0657 0.0427 0.1171 0.6230 0.1033 0.0484
152 0.1208 0.2384 0.1447 0.0330 0.0106 0.4524
153 0.2649 0.2430 0.2430 0.1750 0.0187 0.0551
154 0.0463 0.3696 0.1190 0.3472 0.0268 0.0912
155 0.1076 0.0819 0.1448 0.6289 0.0133 0.0233
156 0.1501 0.1869 0.3279 0.2939 0.0179 0.0230
157 0.1348 0.3259 0.2205 0.1946 0.0265 0.0978
158 0.1064 0.2307 0.1090 0.4734 0.0153 0.0651
159 0.2771 0.0272 0.0152 0.6753 0.0023 0.0027
160 0.4463 0.0288 0.0154 0.5059 0.0021 0.0015
161 0.0574 0.0676 0.1160 0.5239 0.0269 0.2084
162 0.0395 0.0760 0.0133 0.5449 0.0523 0.2739
163 0.0681 0.2164 0.1766 0.2251 0.0379 0.2759
164 0.0787 0.2244 0.1372 0.3906 0.0412 0.1278
165 0.0472 0.1071 0.1186 0.5112 0.0539 0.1621
166 0.0222 0.1108 0.3359 0.4590 0.0129 0.0593
167 0.1636 0.0969 0.0218 0.5532 0.0247 0.1399
168 0.3938 0.2502 0.0304 0.2502 0.0046 0.0706
169 0.1798 0.1041 0.1152 0.4963 0.0473 0.0575
170 0.0914 0.3044 0.1103 0.4067 0.0058 0.0814
171 0.0739 0.5718 0.2365 0.0627 0.0269 0.0285
172 0.1098 0.5532 0.2361 0.0809 0.0089 0.0110
173 0.0523 0.1188 0.0593 0.7222 0.0053 0.0424
174 0.2007 0.2103 0.0352 0.3181 0.0046 0.2310
175 0.2634 0.1324 0.1648 0.3801 0.0487 0.0104
176 0.1239 0.1438 0.1980 0.4031 0.1052 0.0260
177 0.1793 0.1711 0.0881 0.5029 0.0195 0.0391
178 0.2404 0.5996 0.0603 0.0811 0.0180 0.0008
179 0.1538 0.4702 0.1246 0.2135 0.0067 0.0312
180 0.0781 0.0690 0.0723 0.7529 0.0066 0.0210
181 0.0638 0.2644 0.4534 0.1069 0.0156 0.0958
182 0.1799 0.5127 0.1946 0.0354 0.0303 0.0469
183 0.1125 0.2054 0.0562 0.4629 0.0092 0.1538
184 0.1276 0.0726 0.0285 0.6841 0.0038 0.0836
185 0.1772 0.4185 0.2024 0.1814 0.0104 0.0100
186 0.2764 0.1855 0.1550 0.2700 0.0274 0.0856
187 0.7178 0.0612 0.1516 0.0470 0.0174 0.0053
188 0.2162 0.1429 0.0827 0.4910 0.0037 0.0634
189 0.1192 0.5688 0.1832 0.0928 0.0344 0.0015
190 0.1631 0.6108 0.1310 0.0770 0.0176 0.0006
191 0.3833 0.3408 0.1687 0.0883 0.0185 0.0004
192 0.1522 0.5068 0.0506 0.1793 0.0020 0.1088
193 0.1356 0.5322 0.1294 0.1455 0.0032 0.0540
194 0.3176 0.2515 0.0544 0.3330 0.0038 0.0398
195 0.1420 0.2115 0.1713 0.2050 0.0111 0.2590
196 0.1156 0.3479 0.0880 0.3760 0.0102 0.0623
197 0.2727 0.3613 0.1948 0.1229 0.0299 0.0184
198 0.1681 0.5259 0.1415 0.1519 0.0076 0.0052
199 0.0771 0.2979 0.1130 0.3145 0.0055 0.1923
200 0.1157 0.1556 0.1632 0.3296 0.0058 0.2301
201 0.0988 0.2174 0.5015 0.0572 0.0572 0.0679
202 0.1945 0.4775 0.2439 0.0289 0.0150 0.0404
203 0.5020 0.0718 0.2144 0.1240 0.0820 0.0057
204 0.2786 0.1527 0.1689 0.2808 0.0549 0.0641
205 0.2053 0.0519 0.1226 0.5283 0.0184 0.0732
206 0.1532 0.1520 0.0833 0.4683 0.0201 0.1231
207 0.1781 0.3950 0.2378 0.1753 0.0130 0.0007
208 0.1970 0.0945 0.2756 0.3740 0.0022 0.0565
209 0.1531 0.0833 0.0996 0.6104 0.0103 0.0435
210 0.2625 0.3215 0.0504 0.2012 0.0043 0.1604
211 0.2400 0.0597 0.2118 0.4146 0.0303 0.0437
212 0.2311 0.1447 0.1814 0.3608 0.0094 0.0727
213 0.1182 0.5176 0.1191 0.1816 0.0466 0.0172
214 0.2472 0.2937 0.0312 0.3174 0.0025 0.1080
215 0.0897 0.0911 0.1169 0.6626 0.0213 0.0184
216 0.0955 0.0661 0.2595 0.5083 0.0357 0.0351
217 0.0591 0.3884 0.1271 0.2754 0.0094 0.1406
218 0.1165 0.0936 0.3789 0.2389 0.0142 0.1580
219 0.3958 0.1573 0.2052 0.0499 0.1715 0.0203
220 0.3198 0.1880 0.2981 0.1559 0.0142 0.0239
221 0.0877 0.0138 0.0850 0.6738 0.0111 0.1285
222 0.0478 0.0352 0.2058 0.4939 0.0115 0.2058
223 0.1049 0.0434 0.2678 0.4929 0.0188 0.0721
224 0.1991 0.1870 0.1798 0.3257 0.0083 0.1001
225 0.1058 0.0934 0.3015 0.4058 0.0185 0.0751
226 0.0895 0.2341 0.0625 0.5933 0.0080 0.0125
227 0.0547 0.3406 0.0968 0.0809 0.0226 0.4043
228 0.0863 0.2637 0.0386 0.5288 0.0028 0.0798
229 0.0334 0.5112 0.2800 0.0916 0.0084 0.0754
230 0.1017 0.3931 0.2478 0.0504 0.0786 0.1285
231 0.2722 0.1237 0.1033 0.4854 0.0110 0.0044
232 0.1495 0.2505 0.1449 0.3879 0.0306 0.0367
233 0.0481 0.3391 0.0734 0.4858 0.0033 0.0504
234 0.0443 0.4011 0.0923 0.4270 0.0067 0.0284
235 0.0692 0.2593 0.0626 0.5576 0.0070 0.0444
236 0.0745 0.2834 0.0188 0.5420 0.0025 0.0787
237 0.0591 0.0609 0.1820 0.5347 0.0279 0.1353
