time exciting_prob fearful_prob tense_prob sad_prob relaxing_prob neutral_prob
0 0.1036 0.1483 0.1268 0.1174 0.0174 0.4863
1 0.3110 0.1772 0.2922 0.1718 0.0096 0.0380
2 0.2869 0.4514 0.0984 0.1388 0.0038 0.0208
3 0.0878 0.3752 0.4058 0.1110 0.0058 0.0143
4 0.0186 0.5186 0.0388 0.2031 0.1737 0.0471
5 0.0600 0.3911 0.1395 0.3293 0.0364 0.0435
6 0.0323 0.1576 0.0434 0.3721 0.2944 0.1002
7 0.0756 0.1153 0.1327 0.0647 0.6045 0.0074
8 0.1051 0.3875 0.1415 0.2878 0.0338 0.0442
9 0.0914 0.4360 0.1309 0.3091 0.0174 0.0152
10 0.0922 0.2280 0.2390 0.4131 0.0128 0.0150
11 0.0526 0.0611 0.0475 0.1766 0.6167 0.0454
12 0.0561 0.2021 0.3081 0.1990 0.1990 0.0357
13 0.0257 0.8916 0.0579 0.0175 0.0045 0.0028
14 0.0573 0.4475 0.2358 0.2114 0.0122 0.0356
15 0.0267 0.4521 0.1009 0.3689 0.0090 0.0424
16 0.1899 0.1099 0.0253 0.6577 0.0067 0.0102
17 0.1436 0.1553 0.0253 0.6694 0.0027 0.0037
18 0.1637 0.2328 0.4148 0.0811 0.0354 0.0721
19 0.0937 0.1644 0.4609 0.1805 0.0124 0.0880
20 0.0794 0.1331 0.0576 0.2446 0.0138 0.4714
21 0.0248 0.0093 0.0696 0.7251 0.0634 0.1078
22 0.0260 0.3728 0.3291 0.2297 0.0102 0.0321
23 0.0146 0.1559 0.3052 0.4580 0.0145 0.0518
24 0.1906 0.3586 0.3093 0.0674 0.0493 0.0248
25 0.0323 0.1076 0.2140 0.4749 0.0415 0.1298
26 0.0594 0.1979 0.1615 0.5679 0.0051 0.0082
27 0.1729 0.1479 0.3281 0.2400 0.0579 0.0531
28 0.0707 0.4536 0.3398 0.0624 0.0501 0.0233
29 0.0200 0.2384 0.3062 0.3750 0.0082 0.0524
30 0.0194 0.2349 0.3525 0.3364 0.0177 0.0392
31 0.0215 0.2168 0.3745 0.3254 0.0146 0.0472
32 0.1664 0.1276 0.1914 0.2920 0.0484 0.1743
33 0.1812 0.2761 0.2020 0.1702 0.0641 0.1064
34 0.2059 0.3240 0.1580 0.1555 0.0701 0.0865
35 0.2365 0.2086 0.1207 0.2896 0.0444 0.1001
36 0.1120 0.2371 0.1735 0.3672 0.0321 0.0782
37 0.0786 0.2744 0.0774 0.4250 0.0303 0.1144
38 0.0781 0.1814 0.3040 0.2089 0.0222 0.2056
39 0.0836 0.4180 0.1885 0.2496 0.0202 0.0401
40 0.1947 0.1947 0.1626 0.1287 0.1154 0.2040
41 0.3372 0.1165 0.1982 0.1300 0.0741 0.1439
42 0.0692 0.1252 0.2065 0.5703 0.0051 0.0237
43 0.0739 0.1470 0.2423 0.2661 0.0500 0.2206
44 0.0481 0.2137 0.5049 0.2137 0.0072 0.0124
45 0.0208 0.0969 0.1367 0.7158 0.0211 0.0085
46 0.2283 0.3120 0.0776 0.2546 0.0180 0.1095
47 0.1295 0.2419 0.0469 0.3806 0.0185 0.1826
48 0.0652 0.4973 0.3752 0.0455 0.0036 0.0131
49 0.0823 0.1855 0.3467 0.3157 0.0148 0.0549
50 0.0950 0.3423 0.4753 0.0563 0.0046 0.0264
51 0.1343 0.0479 0.1522 0.2715 0.0719 0.3223
52 0.1594 0.1671 0.3430 0.1807 0.0436 0.1062
53 0.0296 0.0473 0.5327 0.2764 0.0056 0.1083
54 0.0605 0.6064 0.3003 0.0143 0.0053 0.0131
55 0.0141 0.0595 0.8213 0.0674 0.0006 0.0370
56 0.0647 0.0844 0.4705 0.3184 0.0108 0.0512
57 0.0916 0.2507 0.4473 0.1821 0.0019 0.0264
58 0.1384 0.4265 0.4006 0.0130 0.0011 0.0204
59 0.1051 0.4937 0.2561 0.1035 0.0010 0.0405
60 0.1163 0.2443 0.4709 0.0706 0.0007 0.0972
61 0.0423 0.0380 0.5664 0.3032 0.0019 0.0480
62 0.0630 0.2399 0.5156 0.1478 0.0056 0.0278
63 0.0323 0.0619 0.2815 0.5601 0.0054 0.0590
64 0.0300 0.0815 0.7041 0.1571 0.0025 0.0249
65 0.1284 0.2272 0.0977 0.3130 0.1715 0.0621
66 0.3118 0.3789 0.1790 0.0264 0.0161 0.0879
67 0.4880 0.1713 0.1674 0.0420 0.0031 0.1283
68 0.0460 0.1157 0.4871 0.3096 0.0042 0.0376
69 0.0529 0.0648 0.2949 0.5425 0.0030 0.0418
70 0.0173 0.0614 0.2045 0.5220 0.0085 0.1862
71 0.0226 0.3711 0.5747 0.0186 0.0004 0.0128
72 0.0556 0.2068 0.5796 0.1254 0.0051 0.0273
73 0.2600 0.1844 0.1154 0.0885 0.0042 0.3474
74 0.2238 0.3806 0.2152 0.0210 0.0151 0.1444
75 0.4202 0.2629 0.0530 0.0433 0.0126 0.2080
76 0.6235 0.2661 0.0734 0.0113 0.0039 0.0215
77 0.0610 0.0874 0.3298 0.3679 0.0052 0.1487
78 0.0746 0.1085 0.5425 0.2333 0.0087 0.0326
79 0.1802 0.3669 0.1705 0.2747 0.0057 0.0020
80 0.0534 0.2450 0.1194 0.3096 0.0078 0.2649
81 0.3669 0.1775 0.0988 0.0432 0.0140 0.2996
82 0.3323 0.4988 0.1232 0.0224 0.0098 0.0137
83 0.0369 0.6538 0.1288 0.1653 0.0116 0.0038
84 0.0417 0.3779 0.3662 0.1871 0.0174 0.0096
85 0.0436 0.1079 0.0686 0.2285 0.0033 0.5479
86 0.1313 0.0611 0.5195 0.1355 0.0081 0.1443
87 0.6255 0.1619 0.0494 0.0718 0.0081 0.0833
88 0.5952 0.2462 0.0301 0.0260 0.0207 0.0818
89 0.0707 0.3025 0.5312 0.0551 0.0138 0.0266
90 0.2844 0.4138 0.1793 0.0629 0.0178 0.0419
91 0.0640 0.2651 0.5703 0.0725 0.0173 0.0109
92 0.2313 0.3640 0.1746 0.0920 0.0306 0.1075
93 0.0785 0.6885 0.1661 0.0606 0.0017 0.0043
94 0.3044 0.4160 0.1655 0.0367 0.0281 0.0493
95 0.1503 0.2119 0.4556 0.0756 0.0057 0.1009
96 0.0900 0.2905 0.0746 0.4641 0.0199 0.0609
97 0.1229 0.3965 0.4563 0.0086 0.0129 0.0027
98 0.2554 0.5488 0.1215 0.0317 0.0315 0.0110
99 0.0159 0.3342 0.4224 0.1816 0.0028 0.0432
100 0.0219 0.1566 0.4751 0.1259 0.0032 0.2174
101 0.0118 0.2190 0.6440 0.0445 0.0015 0.0793
102 0.0321 0.3091 0.5425 0.0341 0.0037 0.0782
103 0.3391 0.3064 0.1787 0.0222 0.0053 0.1482
104 0.0929 0.3167 0.3425 0.0173 0.0026 0.2281
105 0.2339 0.2163 0.4617 0.0142 0.0064 0.0676
106 0.0483 0.2065 0.6670 0.0574 0.0019 0.0189
107 0.0445 0.1667 0.6289 0.1219 0.0011 0.0366
108 0.0098 0.0957 0.7646 0.1102 0.0001 0.0197
109 0.1515 0.4741 0.2153 0.0380 0.0152 0.1058
110 0.1285 0.5044 0.3013 0.0392 0.0053 0.0210
111 0.1323 0.3027 0.3770 0.0719 0.0171 0.0991
112 0.0579 0.6226 0.2476 0.0392 0.0016 0.0312
113 0.0351 0.2065 0.3982 0.2002 0.0111 0.1488
114 0.0946 0.4656 0.1941 0.0514 0.0232 0.1713
115 0.0158 0.5024 0.1819 0.2527 0.0224 0.0250
116 0.0066 0.2917 0.5806 0.0786 0.0006 0.0421
117 0.0161 0.3711 0.5571 0.0243 0.0026 0.0286
118 0.0701 0.4639 0.4497 0.0041 0.0011 0.0112
119 0.0761 0.6079 0.2202 0.0163 0.0054 0.0738
120 0.2305 0.2937 0.3054 0.1196 0.0045 0.0464
121 0.1687 0.1334 0.4048 0.2612 0.0150 0.0168
122 0.0717 0.0594 0.3936 0.2278 0.0049 0.2426
123 0.0435 0.1461 0.6245 0.1655 0.0015 0.0187
124 0.0259 0.1433 0.4553 0.3230 0.0005 0.0519
125 0.0830 0.1758 0.2087 0.4778 0.0223 0.0325
126 0.1042 0.1370 0.5679 0.1588 0.0050 0.0274
127 0.0280 0.4595 0.1423 0.2786 0.0333 0.0584
128 0.1065 0.0411 0.1575 0.2327 0.0069 0.4556
129 0.0831 0.2157 0.5859 0.0812 0.0039 0.0299
130 0.0967 0.1262 0.0526 0.5879 0.0168 0.1195
131 0.0542 0.2861 0.2317 0.4036 0.0037 0.0207
132 0.0479 0.1130 0.5566 0.2145 0.0076 0.0605
133 0.0182 0.1367 0.6729 0.1624 0.0019 0.0080
134 0.0339 0.1670 0.5918 0.1473 0.0030 0.0568
135 0.0338 0.1826 0.1770 0.3411 0.2273 0.0383
136 0.1349 0.2502 0.0851 0.2207 0.3018 0.0073
137 0.1394 0.2408 0.4465 0.1483 0.0107 0.0142
138 0.0910 0.0924 0.1151 0.5488 0.0359 0.1168
139 0.2925 0.4124 0.1154 0.1200 0.0180 0.0418
140 0.0373 0.0815 0.2590 0.4011 0.0065 0.2147
141 0.0727 0.0824 0.6182 0.1337 0.0038 0.0891
142 0.0202 0.3179 0.5752 0.0709 0.0006 0.0151
143 0.4338 0.2147 0.2395 0.0461 0.0015 0.0645
144 0.3813 0.1505 0.3445 0.1200 0.0029 0.0008
145 0.2227 0.3213 0.2793 0.1350 0.0027 0.0390
146 0.0121 0.0550 0.7471 0.1693 0.0037 0.0131
147 0.0807 0.2886 0.1332 0.2047 0.0173 0.2754
148 0.0046 0.1736 0.7778 0.0254 0.0002 0.0183
149 0.2125 0.4360 0.1567 0.0758 0.0525 0.0663
150 0.2515 0.3774 0.1335 0.0977 0.0385 0.1016
151 0.0473 0.4663 0.4246 0.0536 0.0036 0.0049
152 0.0594 0.1182 0.5132 0.1918 0.0028 0.1145
153 0.0546 0.3345 0.4229 0.1290 0.0127 0.0464
154 0.1317 0.0594 0.3752 0.2104 0.0028 0.2206
155 0.0660 0.2452 0.3623 0.2693 0.0032 0.0539
156 0.1804 0.2246 0.5063 0.0609 0.0099 0.0179
157 0.4075 0.2629 0.1167 0.0123 0.0066 0.1940
158 0.4009 0.2935 0.1522 0.0073 0.0109 0.1354
159 0.0666 0.1206 0.4624 0.0842 0.2593 0.0069
160 0.0272 0.3501 0.4495 0.1127 0.0431 0.0174
161 0.1082 0.4482 0.1388 0.2593 0.0325 0.0130
162 0.0548 0.3628 0.5444 0.0354 0.0006 0.0019
163 0.1007 0.2983 0.5488 0.0483 0.0019 0.0020
164 0.1187 0.1989 0.3955 0.2218 0.0069 0.0583
165 0.2097 0.2113 0.3623 0.1738 0.0060 0.0367
166 0.0872 0.1790 0.6396 0.0563 0.0061 0.0318
167 0.0771 0.1608 0.4724 0.0874 0.0145 0.1879
168 0.0447 0.3303 0.2781 0.1942 0.0061 0.1466
169 0.0406 0.1052 0.2228 0.4866 0.0198 0.1250
170 0.4011 0.2959 0.1398 0.0373 0.0260 0.0999
171 0.0859 0.3047 0.4719 0.0997 0.0266 0.0111
172 0.0587 0.2047 0.5649 0.1475 0.0083 0.0158
173 0.0735 0.1429 0.2798 0.3765 0.0011 0.1261
174 0.0345 0.4468 0.1373 0.1321 0.0028 0.2467
175 0.0408 0.2559 0.4783 0.2025 0.0060 0.0166
176 0.0493 0.1450 0.7246 0.0654 0.0009 0.0146
177 0.1039 0.0822 0.3201 0.4045 0.0086 0.0809
178 0.4805 0.2454 0.0772 0.1115 0.0141 0.0714
179 0.5542 0.3359 0.0431 0.0496 0.0064 0.0110
180 0.1503 0.1189 0.5850 0.0870 0.0021 0.0566
181 0.2058 0.1101 0.4495 0.0590 0.1288 0.0470
182 0.0911 0.1152 0.5669 0.1479 0.0458 0.0330
183 0.1068 0.1350 0.4358 0.2297 0.0041 0.0886
184 0.2095 0.4504 0.2144 0.0321 0.0043 0.0894
185 0.0363 0.0536 0.5850 0.1226 0.0125 0.1899
186 0.0030 0.5005 0.2942 0.0699 0.0001 0.1326
187 0.0124 0.2152 0.5005 0.0817 0.0002 0.1899
188 0.0806 0.3140 0.0643 0.3613 0.0266 0.1531
189 0.0638 0.5215 0.1164 0.2208 0.0045 0.0728
190 0.1076 0.0751 0.2791 0.3999 0.0066 0.1318
191 0.1193 0.1708 0.2485 0.1394 0.0126 0.3093
192 0.1052 0.2484 0.1790 0.2408 0.0074 0.2192
193 0.0205 0.3201 0.4443 0.0413 0.0025 0.1713
194 0.0277 0.4331 0.4006 0.0605 0.0053 0.0729
195 0.0223 0.1262 0.2510 0.2510 0.0116 0.3379
196 0.0510 0.3379 0.2358 0.1186 0.0057 0.2510
197 0.1156 0.1270 0.5869 0.1240 0.0117 0.0347
198 0.1471 0.1591 0.5640 0.0980 0.0093 0.0229
199 0.0885 0.0405 0.5254 0.2561 0.0077 0.0818
200 0.1340 0.4827 0.3069 0.0288 0.0060 0.0415
201 0.0632 0.1539 0.6685 0.0919 0.0036 0.0188
202 0.0250 0.2542 0.4189 0.2705 0.0075 0.0242
203 0.1214 0.4106 0.1851 0.1140 0.0635 0.1055
204 0.1980 0.4062 0.2012 0.0806 0.0204 0.0935
205 0.2239 0.6528 0.0780 0.0171 0.0100 0.0180
206 0.0740 0.4751 0.4001 0.0339 0.0054 0.0113
207 0.1205 0.2512 0.4805 0.1072 0.0019 0.0388
208 0.0657 0.5547 0.2462 0.0613 0.0050 0.0668
209 0.1251 0.0610 0.7090 0.0820 0.0019 0.0211
210 0.0850 0.5210 0.1886 0.1829 0.0151 0.0074
211 0.2778 0.1105 0.4653 0.1272 0.0094 0.0098
212 0.1335 0.6372 0.1702 0.0374 0.0048 0.0170
213 0.0824 0.4282 0.0571 0.3184 0.0488 0.0652
214 0.0787 0.0272 0.7012 0.1042 0.0233 0.0652
215 0.0928 0.1416 0.5869 0.1416 0.0035 0.0336
216 0.1458 0.4250 0.3579 0.0126 0.0020 0.0566
217 0.2620 0.1829 0.2277 0.2041 0.0383 0.0851
218 0.0309 0.1671 0.3430 0.2549 0.0024 0.2017
219 0.0373 0.1533 0.3564 0.1737 0.0015 0.2776
220 0.1182 0.4326 0.3818 0.0384 0.0131 0.0160
221 0.1165 0.1165 0.1495 0.1495 0.0076 0.4604
222 0.1794 0.1852 0.1740 0.0766 0.0108 0.3740
223 0.2583 0.5425 0.1654 0.0134 0.0119 0.0088
224 0.3982 0.2034 0.0841 0.2065 0.0440 0.0640
225 0.2849 0.5039 0.0842 0.0836 0.0267 0.0168
226 0.3733 0.2429 0.0559 0.2795 0.0242 0.0239
227 0.2068 0.2871 0.2961 0.1586 0.0110 0.0404
228 0.3560 0.2297 0.1102 0.2192 0.0079 0.0770
229 0.1652 0.3694 0.2137 0.1772 0.0315 0.0431
230 0.1065 0.2637 0.2291 0.3604 0.0265 0.0139
231 0.2257 0.2517 0.2556 0.1002 0.0017 0.1650
232 0.1726 0.1387 0.1150 0.2983 0.0606 0.2148
