time exciting_prob fearful_prob tense_prob sad_prob relaxing_prob neutral_prob
0 0.1023 0.1465 0.1355 0.1377 0.0195 0.4585
1 0.1023 0.1465 0.1355 0.1377 0.0195 0.4585
2 0.1731 0.1075 0.1901 0.3110 0.0948 0.1237
3 0.3596 0.1925 0.2571 0.1022 0.0766 0.0120
4 0.0744 0.1295 0.3748 0.2203 0.0371 0.1637
5 0.0629 0.1735 0.4829 0.1331 0.0228 0.1250
6 0.0849 0.1456 0.4736 0.1108 0.0227 0.1624
7 0.0783 0.0860 0.1332 0.5107 0.0311 0.1606
8 0.0488 0.1034 0.2294 0.5503 0.0121 0.0562
9 0.0254 0.0690 0.2949 0.5776 0.0191 0.0139
10 0.0478 0.1043 0.2971 0.4749 0.0604 0.0156
11 0.0478 0.2371 0.1138 0.5342 0.0525 0.0146
12 0.1652 0.0571 0.2153 0.3083 0.2365 0.0175
13 0.1140 0.3484 0.1621 0.2822 0.0902 0.0031
14 0.1081 0.4111 0.1700 0.2515 0.0539 0.0053
15 0.0504 0.5376 0.2056 0.1678 0.0366 0.0021
16 0.0339 0.6099 0.1979 0.1415 0.0147 0.0024
17 0.0310 0.3687 0.1797 0.3987 0.0072 0.0146
18 0.0345 0.2891 0.2396 0.4204 0.0071 0.0092
19 0.0551 0.3000 0.2449 0.3794 0.0055 0.0151
20 0.0380 0.1285 0.1348 0.6426 0.0187 0.0374
21 0.0376 0.5396 0.1261 0.2798 0.0114 0.0055
22 0.1047 0.1205 0.1896 0.4766 0.0307 0.0778
23 0.1782 0.3892 0.2435 0.1263 0.0447 0.0181
24 0.0839 0.3477 0.3477 0.1980 0.0174 0.0055
25 0.0331 0.5737 0.1921 0.1921 0.0026 0.0063
26 0.2378 0.1547 0.0881 0.1660 0.0665 0.2869
27 0.1120 0.1405 0.3701 0.2076 0.0246 0.1450
28 0.1536 0.2034 0.1523 0.4272 0.0188 0.0447
29 0.2067 0.2306 0.1500 0.3408 0.0616 0.0104
30 0.0561 0.4180 0.3633 0.1295 0.0053 0.0278
31 0.0330 0.3579 0.3811 0.1758 0.0030 0.0492
32 0.0814 0.0559 0.2281 0.5562 0.0079 0.0707
33 0.1161 0.0849 0.3413 0.3467 0.0208 0.0904
34 0.1293 0.0917 0.3982 0.2913 0.0337 0.0560
35 0.2925 0.0594 0.2010 0.1720 0.0360 0.2388
36 0.2054 0.1914 0.0544 0.3467 0.1266 0.0756
37 0.3403 0.2800 0.1213 0.0765 0.1711 0.0106
38 0.2971 0.1859 0.1360 0.1705 0.1589 0.0516
39 0.1214 0.0640 0.1233 0.6260 0.0109 0.0543
40 0.1487 0.3887 0.1510 0.2017 0.0861 0.0237
41 0.1409 0.4409 0.1837 0.1548 0.0531 0.0267
42 0.0579 0.3894 0.2020 0.3279 0.0051 0.0175
43 0.0898 0.2556 0.2188 0.3721 0.0223 0.0414
44 0.0506 0.3887 0.2395 0.2844 0.0028 0.0340
45 0.0579 0.4211 0.2698 0.2151 0.0035 0.0327
46 0.0366 0.2227 0.1655 0.5176 0.0012 0.0563
47 0.3164 0.1747 0.1339 0.2279 0.1011 0.0459
48 0.1737 0.1290 0.0944 0.4504 0.0959 0.0564
49 0.0563 0.2705 0.1404 0.4463 0.0020 0.0845
50 0.0767 0.2825 0.0743 0.5039 0.0031 0.0597
51 0.1385 0.2507 0.1332 0.4541 0.0025 0.0208
52 0.1158 0.3406 0.1881 0.3352 0.0051 0.0151
53 0.0982 0.3347 0.1070 0.4165 0.0029 0.0406
54 0.0454 0.2181 0.1114 0.5483 0.0075 0.0692
55 0.0732 0.3467 0.1171 0.4116 0.0133 0.0380
56 0.1959 0.4417 0.1316 0.1959 0.0077 0.0274
57 0.0978 0.3306 0.2438 0.2656 0.0036 0.0584
58 0.1140 0.3481 0.1893 0.3120 0.0085 0.0279
59 0.0977 0.2134 0.0816 0.4377 0.1107 0.0588
60 0.0666 0.5889 0.1882 0.1244 0.0050 0.0271
61 0.2104 0.1886 0.1379 0.1946 0.1227 0.1458
62 0.2300 0.3145 0.1792 0.0859 0.1045 0.0859
63 0.0768 0.3389 0.0458 0.4282 0.0205 0.0898
64 0.0984 0.3303 0.2305 0.3103 0.0104 0.0203
65 0.0862 0.5752 0.1477 0.1838 0.0021 0.0050
66 0.0803 0.5933 0.1499 0.1597 0.0037 0.0134
67 0.0819 0.7593 0.0921 0.0581 0.0047 0.0039
68 0.1354 0.1765 0.3025 0.1396 0.0297 0.2163
69 0.0703 0.0457 0.0620 0.3684 0.2532 0.2003
70 0.1887 0.1370 0.0532 0.1759 0.4219 0.0233
71 0.0665 0.0394 0.3379 0.4995 0.0123 0.0443
72 0.0984 0.2515 0.3176 0.3032 0.0194 0.0099
73 0.0600 0.2466 0.2883 0.3118 0.0096 0.0839
74 0.0499 0.1244 0.4480 0.3079 0.0163 0.0535
75 0.0434 0.2922 0.1589 0.4819 0.0024 0.0212
76 0.0751 0.1278 0.2278 0.5381 0.0050 0.0262
77 0.0648 0.2974 0.4192 0.1949 0.0096 0.0141
78 0.0884 0.0318 0.1392 0.6851 0.0301 0.0257
79 0.0626 0.0536 0.2517 0.1117 0.5166 0.0040
80 0.0826 0.2727 0.0858 0.2903 0.2644 0.0040
81 0.1816 0.2664 0.2174 0.0679 0.0201 0.2465
82 0.1980 0.2209 0.2141 0.0858 0.0497 0.2314
83 0.1604 0.1472 0.1890 0.2859 0.1394 0.0782
84 0.0343 0.1357 0.1689 0.5718 0.0082 0.0811
85 0.1644 0.2954 0.1322 0.3794 0.0144 0.0141
86 0.1622 0.4409 0.1868 0.1838 0.0158 0.0105
87 0.1792 0.1005 0.0944 0.5518 0.0074 0.0665
88 0.0796 0.0975 0.1054 0.6260 0.0094 0.0821
89 0.0964 0.1731 0.1109 0.5332 0.0038 0.0825
90 0.1947 0.0448 0.0949 0.4058 0.0249 0.2349
91 0.2314 0.1616 0.1060 0.3474 0.0297 0.1239
92 0.1790 0.4128 0.2244 0.1393 0.0149 0.0297
93 0.1915 0.5166 0.1799 0.0905 0.0110 0.0102
94 0.0610 0.3853 0.4504 0.0659 0.0101 0.0273
95 0.0475 0.1571 0.4915 0.2233 0.0269 0.0539
96 0.1465 0.1007 0.2183 0.2234 0.0417 0.2695
97 0.0743 0.1700 0.2695 0.1838 0.0569 0.2455
98 0.0936 0.3345 0.1876 0.0846 0.0471 0.2524
99 0.0966 0.2467 0.0759 0.2908 0.2178 0.0724
100 0.0969 0.3276 0.0784 0.3005 0.1536 0.0430
101 0.1615 0.4187 0.0296 0.0864 0.2791 0.0248
102 0.1112 0.2336 0.0490 0.2908 0.2281 0.0873
103 0.1538 0.0389 0.0575 0.3059 0.3989 0.0451
104 0.1365 0.0556 0.0803 0.3225 0.3076 0.0976
105 0.0493 0.5776 0.3044 0.0390 0.0037 0.0258
106 0.0726 0.2290 0.3574 0.1663 0.0523 0.1226
107 0.0956 0.2240 0.2725 0.1425 0.0399 0.2258
108 0.0768 0.1227 0.0492 0.3606 0.0626 0.3284
109 0.0895 0.0868 0.0535 0.4141 0.0803 0.2759
110 0.0425 0.0872 0.1036 0.6548 0.0418 0.0701
111 0.0682 0.0836 0.2615 0.5200 0.0194 0.0476
112 0.1136 0.4634 0.1181 0.2559 0.0129 0.0360
113 0.2057 0.1541 0.4563 0.1553 0.0109 0.0180
114 0.2487 0.2773 0.2605 0.1428 0.0342 0.0364
115 0.1420 0.2491 0.1215 0.3740 0.0174 0.0961
116 0.1649 0.5000 0.1433 0.1549 0.0062 0.0305
117 0.3079 0.2115 0.1081 0.0815 0.0317 0.2593
118 0.3135 0.5293 0.0380 0.0728 0.0126 0.0341
119 0.0808 0.1698 0.1893 0.4614 0.0273 0.0714
120 0.3928 0.1959 0.2458 0.0948 0.0575 0.0132
121 0.3682 0.2358 0.2610 0.0917 0.0243 0.0189
122 0.0853 0.4910 0.1953 0.1807 0.0171 0.0307
123 0.0669 0.5347 0.2126 0.1669 0.0076 0.0113
124 0.0381 0.0562 0.0793 0.7407 0.0065 0.0793
125 0.0530 0.0530 0.0591 0.5029 0.0218 0.3101
126 0.1044 0.2211 0.1748 0.4001 0.0707 0.0288
127 0.0833 0.0974 0.1052 0.3911 0.0859 0.2372
128 0.2225 0.0700 0.0173 0.4094 0.0512 0.2296
129 0.1066 0.4182 0.1445 0.3059 0.0114 0.0135
130 0.1899 0.4666 0.0830 0.2291 0.0167 0.0146
131 0.1719 0.1774 0.1370 0.3340 0.0318 0.1482
132 0.2910 0.1262 0.1646 0.1440 0.1418 0.1322
133 0.0735 0.0284 0.0461 0.7788 0.0250 0.0482
134 0.1901 0.2402 0.0562 0.4023 0.0301 0.0811
135 0.1505 0.2791 0.1448 0.2423 0.0399 0.1436
136 0.2502 0.1774 0.2042 0.2026 0.0838 0.0818
137 0.1501 0.2272 0.3411 0.2534 0.0060 0.0220
138 0.2020 0.1206 0.4277 0.2184 0.0033 0.0280
139 0.3398 0.1086 0.1555 0.3506 0.0092 0.0364
140 0.1650 0.2556 0.0617 0.4851 0.0045 0.0282
141 0.2323 0.3030 0.0370 0.3953 0.0083 0.0241
142 0.4226 0.2644 0.1289 0.1393 0.0027 0.0422
143 0.4963 0.2102 0.1573 0.1008 0.0050 0.0303
144 0.4331 0.1281 0.0718 0.2839 0.0091 0.0741
145 0.2971 0.0892 0.2174 0.2463 0.0299 0.1201
146 0.1764 0.2391 0.2030 0.3374 0.0154 0.0288
147 0.1267 0.1589 0.1639 0.3965 0.1010 0.0528
148 0.3071 0.2046 0.1417 0.1581 0.1533 0.0350
149 0.2111 0.2448 0.2300 0.1450 0.1406 0.0286
150 0.1293 0.2148 0.2654 0.1700 0.0531 0.1674
151 0.1412 0.2384 0.3870 0.0710 0.0434 0.1190
152 0.1272 0.2394 0.3916 0.1122 0.0620 0.0675
153 0.1508 0.0425 0.1310 0.5020 0.0406 0.1331
154 0.1467 0.0593 0.1855 0.4116 0.0455 0.1514
155 0.0242 0.0701 0.0555 0.7656 0.0770 0.0078
156 0.0562 0.3472 0.3640 0.2074 0.0081 0.0172
157 0.0335 0.1552 0.3132 0.3779 0.0657 0.0544
158 0.0182 0.1002 0.2947 0.5503 0.0094 0.0270
159 0.0227 0.1294 0.4883 0.3252 0.0078 0.0267
160 0.0165 0.0986 0.2854 0.5503 0.0126 0.0369
161 0.1263 0.4375 0.3572 0.0215 0.0084 0.0491
162 0.0662 0.6426 0.2023 0.0570 0.0070 0.0247
163 0.2600 0.1719 0.1565 0.3015 0.0733 0.0369
164 0.3716 0.2253 0.1797 0.1649 0.0451 0.0135
165 0.1730 0.0710 0.2402 0.3413 0.1217 0.0528
166 0.2737 0.3740 0.0498 0.1971 0.0447 0.0606
167 0.2615 0.4924 0.0519 0.1235 0.0359 0.0349
168 0.1292 0.2510 0.1940 0.3826 0.0107 0.0327
169 0.1884 0.3279 0.1489 0.2761 0.0203 0.0383
170 0.3411 0.2761 0.0447 0.2151 0.0491 0.0737
171 0.4216 0.3389 0.0318 0.1083 0.0524 0.0469
172 0.1406 0.1184 0.1029 0.2754 0.0358 0.3269
173 0.2423 0.1317 0.1083 0.2104 0.0369 0.2703
174 0.1643 0.1631 0.0619 0.4067 0.0807 0.1231
175 0.3220 0.2450 0.1251 0.1418 0.1271 0.0388
176 0.1488 0.2164 0.1150 0.2759 0.0868 0.1571
177 0.0653 0.3818 0.3267 0.1483 0.0229 0.0550
178 0.1123 0.3459 0.3770 0.0400 0.0650 0.0597
179 0.1311 0.2754 0.2507 0.1203 0.0568 0.1658
180 0.1663 0.2698 0.0377 0.2419 0.0641 0.2202
181 0.1315 0.3955 0.0646 0.2084 0.0354 0.1648
182 0.1411 0.3257 0.0484 0.2419 0.0359 0.2069
183 0.0260 0.3120 0.0506 0.5830 0.0049 0.0233
184 0.0185 0.7100 0.0423 0.2234 0.0029 0.0028
185 0.0391 0.6982 0.0530 0.2001 0.0054 0.0042
186 0.0441 0.6685 0.0732 0.1946 0.0049 0.0147
187 0.0679 0.6387 0.0806 0.1774 0.0072 0.0283
188 0.3123 0.2250 0.0881 0.1570 0.0854 0.1322
189 0.2939 0.1125 0.0862 0.2151 0.1024 0.1898
190 0.3933 0.2993 0.0585 0.1110 0.0851 0.0528
191 0.1832 0.3760 0.2544 0.0973 0.0378 0.0513
192 0.0191 0.4390 0.4531 0.0775 0.0072 0.0041
193 0.0782 0.1833 0.3647 0.1921 0.0283 0.1532
194 0.0840 0.0518 0.1780 0.5747 0.1014 0.0102
195 0.2249 0.3171 0.1697 0.1938 0.0894 0.0052
196 0.1141 0.3628 0.3354 0.0767 0.0483 0.0626
197 0.1389 0.2917 0.3359 0.1033 0.0557 0.0743
198 0.0124 0.8115 0.0939 0.0779 0.0020 0.0022
199 0.0363 0.5366 0.0850 0.2964 0.0166 0.0289
200 0.0360 0.5210 0.1423 0.2661 0.0064 0.0285
201 0.0972 0.2124 0.4031 0.1268 0.0181 0.1426
202 0.1888 0.3210 0.2878 0.1127 0.0205 0.0689
203 0.0122 0.5112 0.3003 0.1633 0.0031 0.0100
204 0.0217 0.5806 0.1515 0.2274 0.0067 0.0119
205 0.0175 0.5762 0.2120 0.1758 0.0066 0.0118
206 0.1978 0.3870 0.3184 0.0673 0.0240 0.0056
207 0.0504 0.5093 0.0618 0.2812 0.0266 0.0711
208 0.0392 0.3335 0.0421 0.5166 0.0097 0.0589
209 0.0571 0.2947 0.0411 0.4858 0.0160 0.1051
210 0.0934 0.3752 0.3582 0.1470 0.0131 0.0129
211 0.0729 0.3193 0.3242 0.2487 0.0171 0.0177
212 0.0943 0.0758 0.1289 0.5601 0.0497 0.0914
213 0.0205 0.2766 0.1730 0.5088 0.0009 0.0205
214 0.0241 0.3254 0.2418 0.3745 0.0014 0.0325
215 0.0248 0.3401 0.1342 0.4871 0.0023 0.0117
216 0.0261 0.2944 0.1100 0.5415 0.0050 0.0232
217 0.0259 0.6479 0.0368 0.2744 0.0056 0.0093
218 0.0298 0.7935 0.0437 0.1091 0.0140 0.0098
219 0.0427 0.6890 0.0322 0.2037 0.0163 0.0158
220 0.0714 0.2512 0.1838 0.3489 0.1169 0.0278
221 0.0742 0.1263 0.1283 0.4548 0.1781 0.0382
222 0.0724 0.1417 0.1439 0.5103 0.0989 0.0329
223 0.0894 0.2646 0.0302 0.5874 0.0062 0.0224
224 0.1058 0.2478 0.0405 0.5674 0.0188 0.0197
225 0.1085 0.1438 0.2522 0.4429 0.0102 0.0425
226 0.1077 0.1803 0.2749 0.3938 0.0088 0.0344
227 0.1157 0.2000 0.2031 0.4436 0.0081 0.0293
228 0.0941 0.2678 0.2439 0.3440 0.0229 0.0272
229 0.1136 0.1553 0.1349 0.1288 0.0181 0.4492
230 0.1136 0.1553 0.1349 0.1288 0.0181 0.4492
231 0.1066 0.1368 0.1390 0.5327 0.0149 0.0699
232 0.0410 0.0840 0.0534 0.7607 0.0203 0.0403
233 0.0676 0.1080 0.0999 0.6416 0.0391 0.0437
234 0.2075 0.1748 0.0928 0.4192 0.0618 0.0439
235 0.1986 0.3030 0.1896 0.2251 0.0351 0.0487
236 0.1462 0.3401 0.1176 0.3196 0.0394 0.0373
237 0.1225 0.1366 0.0984 0.5405 0.0651 0.0370
238 0.1571 0.2250 0.1387 0.3770 0.0423 0.0601
239 0.2727 0.2058 0.1093 0.2225 0.1693 0.0205
240 0.2871 0.1444 0.2004 0.2020 0.1255 0.0404
241 0.2754 0.2145 0.1644 0.1683 0.1521 0.0254
242 0.1023 0.1465 0.1355 0.1377 0.0195 0.4585
