time exciting_prob fearful_prob tense_prob sad_prob relaxing_prob neutral_prob
0 0.1833 0.1095 0.2507 0.3943 0.0326 0.0295
1 0.1354 0.2268 0.1376 0.3052 0.0367 0.1583
2 0.2467 0.2729 0.0873 0.2263 0.1094 0.0572
3 0.2654 0.2825 0.1023 0.2131 0.0999 0.0370
4 0.0594 0.1470 0.2703 0.1092 0.3015 0.1127
5 0.0423 0.2147 0.2715 0.0498 0.3889 0.0329
6 0.0367 0.2302 0.3457 0.0783 0.1558 0.1533
7 0.0800 0.1027 0.1918 0.1298 0.4600 0.0358
8 0.1017 0.2478 0.0622 0.0282 0.5410 0.0190
9 0.0930 0.2754 0.1062 0.2507 0.2213 0.0534
10 0.0029 0.0057 0.0066 0.0045 0.9731 0.0070
11 0.0105 0.0889 0.0188 0.0086 0.8506 0.0225
12 0.0487 0.4517 0.0918 0.0312 0.3384 0.0383
13 0.0295 0.3879 0.0525 0.0219 0.4753 0.0326
14 0.0522 0.1205 0.0797 0.0592 0.5234 0.1648
15 0.0102 0.0070 0.0110 0.0047 0.9600 0.0073
16 0.0811 0.2039 0.0919 0.0325 0.5625 0.0280
17 0.0566 0.2240 0.1075 0.0408 0.5547 0.0165
18 0.0235 0.1094 0.0490 0.0103 0.7715 0.0361
19 0.0332 0.2200 0.0984 0.0144 0.6123 0.0220
20 0.0454 0.0565 0.0227 0.0184 0.8179 0.0392
21 0.0320 0.0580 0.0252 0.0109 0.8662 0.0076
22 0.0826 0.1450 0.0493 0.0309 0.5059 0.1862
23 0.0520 0.2771 0.0763 0.0238 0.5093 0.0613
24 0.0677 0.3745 0.1073 0.0215 0.4050 0.0239
25 0.0841 0.5400 0.0790 0.0258 0.2396 0.0314
26 0.0498 0.5400 0.0650 0.0201 0.3076 0.0172
27 0.0611 0.5073 0.0737 0.0176 0.3125 0.0277
28 0.0464 0.4294 0.0568 0.0355 0.3733 0.0586
29 0.0474 0.4905 0.0740 0.0372 0.3215 0.0292
30 0.0315 0.5156 0.0656 0.0359 0.3228 0.0289
31 0.0330 0.3435 0.2437 0.2761 0.0276 0.0760
32 0.0401 0.2474 0.2761 0.2634 0.0731 0.1000
33 0.0520 0.0762 0.0473 0.0180 0.7119 0.0948
34 0.0103 0.0239 0.0135 0.0026 0.9312 0.0186
35 0.0228 0.0731 0.0191 0.0298 0.7671 0.0881
36 0.0442 0.7529 0.0757 0.0594 0.0463 0.0217
37 0.0417 0.1687 0.5200 0.1687 0.0606 0.0404
38 0.0602 0.3633 0.3413 0.0779 0.1490 0.0084
39 0.0266 0.4597 0.3525 0.0369 0.1100 0.0141
40 0.0674 0.5186 0.0753 0.0707 0.2161 0.0521
41 0.0215 0.5596 0.2522 0.0653 0.0695 0.0318
42 0.0309 0.5059 0.2408 0.0958 0.0409 0.0859
43 0.0436 0.5391 0.0573 0.0403 0.2030 0.1166
44 0.0470 0.1340 0.0679 0.0521 0.4978 0.2012
45 0.0152 0.1370 0.0278 0.0238 0.7578 0.0383
46 0.0549 0.3262 0.3364 0.1858 0.0576 0.0389
47 0.0562 0.1411 0.0368 0.1179 0.4521 0.1959
48 0.0710 0.3665 0.0857 0.0652 0.2137 0.1978
49 0.0291 0.4082 0.1099 0.2255 0.1411 0.0862
50 0.0390 0.2094 0.0839 0.0944 0.4260 0.1472
51 0.0828 0.3381 0.1177 0.0835 0.2847 0.0931
52 0.0245 0.6079 0.1649 0.0635 0.0278 0.1116
53 0.0586 0.2352 0.2142 0.2708 0.1495 0.0717
54 0.0356 0.2690 0.2339 0.1685 0.1908 0.1022
55 0.0535 0.5078 0.1942 0.0548 0.1455 0.0440
56 0.0815 0.3740 0.0841 0.1055 0.2181 0.1366
57 0.0528 0.0912 0.7578 0.0598 0.0122 0.0263
58 0.0179 0.4021 0.1841 0.2515 0.0238 0.1207
59 0.0612 0.2788 0.5049 0.0272 0.1144 0.0136
60 0.0222 0.0520 0.5415 0.2898 0.0142 0.0804
61 0.1135 0.0721 0.2766 0.1066 0.3723 0.0589
62 0.0128 0.3379 0.1808 0.2081 0.2433 0.0172
63 0.0660 0.3542 0.1610 0.1560 0.2100 0.0527
64 0.0779 0.2849 0.2515 0.0862 0.2438 0.0557
65 0.1244 0.5981 0.1882 0.0666 0.0074 0.0152
66 0.0578 0.0708 0.7612 0.0748 0.0163 0.0191
67 0.4412 0.2634 0.1304 0.1008 0.0345 0.0298
68 0.0510 0.0385 0.5439 0.2340 0.0620 0.0703
69 0.1442 0.2396 0.3711 0.1055 0.0472 0.0924
70 0.1003 0.1918 0.3906 0.1874 0.0387 0.0913
71 0.5542 0.0626 0.2186 0.0963 0.0253 0.0431
72 0.0389 0.0524 0.1228 0.0837 0.5811 0.1209
73 0.0282 0.0434 0.0641 0.0507 0.7935 0.0203
74 0.3894 0.1090 0.1433 0.2495 0.0383 0.0704
75 0.2184 0.3462 0.2289 0.1197 0.0365 0.0503
76 0.0721 0.1744 0.0884 0.0488 0.3665 0.2499
77 0.0276 0.2258 0.0431 0.0369 0.5903 0.0762
78 0.0161 0.5117 0.0720 0.0365 0.3103 0.0535
79 0.0209 0.0768 0.8135 0.0393 0.0153 0.0341
80 0.0323 0.1221 0.0281 0.0439 0.6250 0.1484
81 0.0318 0.1437 0.0276 0.0366 0.6099 0.1506
82 0.0238 0.1433 0.0338 0.0322 0.7002 0.0667
83 0.0313 0.0181 0.0065 0.0220 0.8926 0.0294
84 0.0307 0.0776 0.0997 0.3120 0.4468 0.0331
85 0.0244 0.0484 0.8193 0.0421 0.0236 0.0421
86 0.0190 0.0563 0.0166 0.0258 0.7900 0.0922
87 0.0326 0.1174 0.2262 0.1847 0.1531 0.2861
88 0.0137 0.5640 0.1965 0.0512 0.1155 0.0590
89 0.0480 0.3308 0.1256 0.0466 0.2087 0.2402
90 0.1180 0.4702 0.1001 0.0194 0.1743 0.1180
91 0.0272 0.1208 0.1002 0.0970 0.0462 0.6089
92 0.0948 0.0739 0.1772 0.5996 0.0218 0.0328
93 0.2905 0.4260 0.2297 0.0161 0.0238 0.0139
94 0.0294 0.1337 0.0716 0.4248 0.0197 0.3208
95 0.1015 0.0910 0.1244 0.0977 0.3381 0.2473
96 0.0574 0.2532 0.1377 0.0483 0.3252 0.1782
97 0.1188 0.3464 0.0357 0.0357 0.2720 0.1914
98 0.1137 0.2971 0.0260 0.0238 0.2949 0.2445
99 0.1884 0.4050 0.0535 0.0365 0.1016 0.2151
100 0.0425 0.1982 0.4983 0.1921 0.0034 0.0654
101 0.0699 0.3992 0.3108 0.1390 0.0077 0.0732
102 0.0624 0.4131 0.1631 0.0490 0.1174 0.1951
103 0.0510 0.2756 0.1487 0.0725 0.2181 0.2340
104 0.1183 0.3618 0.2078 0.0393 0.0776 0.1952
105 0.0490 0.1194 0.0601 0.1014 0.2629 0.4072
106 0.0219 0.1903 0.1268 0.0524 0.0131 0.5957
107 0.0492 0.3662 0.1613 0.0374 0.0229 0.3633
108 0.0346 0.3582 0.1296 0.0584 0.0259 0.3933
109 0.0083 0.5317 0.1897 0.2150 0.0075 0.0476
110 0.0475 0.1193 0.0319 0.0866 0.2751 0.4397
111 0.2245 0.1748 0.1020 0.3396 0.0331 0.1260
112 0.2211 0.2142 0.1250 0.2930 0.0381 0.1086
113 0.0703 0.0426 0.6616 0.1283 0.0342 0.0630
114 0.0244 0.2107 0.1874 0.1816 0.0145 0.3816
115 0.1041 0.1227 0.0405 0.2328 0.2598 0.2402
116 0.0937 0.5737 0.1631 0.1037 0.0187 0.0471
117 0.2549 0.2321 0.1185 0.3074 0.0314 0.0556
118 0.1283 0.0651 0.1206 0.5889 0.0156 0.0816
119 0.0255 0.4807 0.0984 0.2961 0.0398 0.0592
120 0.0559 0.1193 0.0201 0.0114 0.7480 0.0453
121 0.0559 0.1967 0.2605 0.1439 0.0826 0.2605
122 0.0544 0.4216 0.2023 0.2722 0.0343 0.0150
123 0.0284 0.1466 0.4514 0.3152 0.0129 0.0454
124 0.0655 0.4404 0.2913 0.1252 0.0213 0.0564
125 0.0954 0.1048 0.0548 0.1324 0.2849 0.3279
126 0.0726 0.1715 0.6577 0.0677 0.0145 0.0160
127 0.0111 0.0189 0.0049 0.0182 0.9170 0.0302
128 0.0179 0.0515 0.0203 0.0049 0.8916 0.0135
129 0.0445 0.1392 0.0871 0.0034 0.7178 0.0080
130 0.0773 0.1688 0.1178 0.0053 0.6123 0.0184
131 0.0331 0.2371 0.1667 0.0131 0.5098 0.0403
132 0.0161 0.0951 0.0533 0.0063 0.8149 0.0141
133 0.1685 0.2932 0.2510 0.1594 0.0148 0.1131
134 0.0239 0.0271 0.4875 0.3916 0.0078 0.0620
135 0.0475 0.0840 0.6304 0.1984 0.0171 0.0229
136 0.0917 0.5112 0.1987 0.0587 0.0228 0.1168
137 0.0493 0.0123 0.5210 0.2834 0.0176 0.1163
138 0.0943 0.0156 0.5181 0.2371 0.0347 0.1004
139 0.1141 0.0395 0.4446 0.2235 0.0407 0.1377
140 0.0912 0.3337 0.4219 0.0516 0.0123 0.0891
141 0.0074 0.3489 0.0630 0.4919 0.0049 0.0842
142 0.1395 0.3911 0.1556 0.2773 0.0153 0.0211
143 0.1814 0.3840 0.2499 0.1227 0.0197 0.0421
144 0.1469 0.2087 0.2703 0.2240 0.0870 0.0632
145 0.0214 0.0605 0.0204 0.0753 0.7144 0.1078
146 0.1182 0.1517 0.1693 0.4531 0.0320 0.0757
147 0.4731 0.1796 0.1081 0.0896 0.0556 0.0939
148 0.0645 0.3350 0.0551 0.0429 0.2776 0.2249
149 0.0025 0.3364 0.0632 0.5723 0.0047 0.0207
150 0.0433 0.1440 0.0297 0.0784 0.4724 0.2321
151 0.4119 0.1445 0.0898 0.2991 0.0225 0.0323
152 0.0125 0.1364 0.8096 0.0138 0.0035 0.0244
153 0.3757 0.1003 0.1229 0.3213 0.0590 0.0206
154 0.0290 0.1300 0.0456 0.0094 0.7598 0.0264
155 0.0272 0.1077 0.0493 0.6099 0.1832 0.0226
156 0.0212 0.1721 0.0283 0.0184 0.6968 0.0633
157 0.0178 0.0862 0.0239 0.0511 0.7866 0.0343
158 0.0294 0.2013 0.0321 0.0375 0.5220 0.1776
159 0.0667 0.1378 0.0462 0.0756 0.0511 0.6226
160 0.1372 0.3699 0.0421 0.0764 0.1604 0.2141
161 0.6494 0.2465 0.0387 0.0279 0.0294 0.0084
162 0.6304 0.1952 0.0600 0.0735 0.0342 0.0069
163 0.0891 0.1414 0.0386 0.2423 0.0289 0.4597
164 0.0778 0.2358 0.0938 0.2800 0.1344 0.1781
165 0.0677 0.2854 0.0956 0.0484 0.0780 0.4250
166 0.0575 0.2854 0.0844 0.1050 0.0116 0.4561
167 0.5918 0.2144 0.0381 0.0649 0.0826 0.0081
168 0.1399 0.4111 0.1089 0.0583 0.2084 0.0732
169 0.1537 0.2595 0.0955 0.0383 0.4082 0.0451
170 0.0590 0.0669 0.0489 0.6396 0.0907 0.0950
171 0.1598 0.1838 0.1133 0.3127 0.0848 0.1455
172 0.0350 0.1555 0.0268 0.0453 0.5347 0.2029
173 0.0303 0.0374 0.0289 0.0979 0.1470 0.6587
174 0.0692 0.2913 0.0888 0.1252 0.0277 0.3979
175 0.2561 0.1003 0.1329 0.4224 0.0537 0.0344
176 0.0576 0.1145 0.0248 0.0618 0.5908 0.1505
177 0.0632 0.1390 0.1002 0.0246 0.6138 0.0594
178 0.0133 0.0533 0.0567 0.0088 0.8335 0.0341
179 0.0646 0.2274 0.0927 0.1379 0.2274 0.2499
180 0.0310 0.1588 0.0341 0.0318 0.0598 0.6846
181 0.0283 0.6045 0.0632 0.0249 0.0979 0.1814
182 0.5815 0.1328 0.0673 0.0567 0.1318 0.0299
183 0.0618 0.1172 0.2122 0.4492 0.0512 0.1084
184 0.0420 0.1754 0.0503 0.2676 0.2288 0.2361
185 0.0966 0.2316 0.0900 0.0752 0.3760 0.1309
186 0.1470 0.4856 0.1946 0.0259 0.0678 0.0792
187 0.0408 0.6802 0.1653 0.0360 0.0266 0.0512
188 0.0608 0.1758 0.0870 0.1481 0.1786 0.3496
189 0.0698 0.3489 0.1081 0.1648 0.1345 0.1741
190 0.0403 0.3511 0.1105 0.1765 0.0350 0.2866
191 0.0272 0.5142 0.1289 0.1669 0.0156 0.1472
192 0.0264 0.4187 0.0934 0.3696 0.0138 0.0781
193 0.0832 0.3909 0.0950 0.0845 0.0980 0.2484
194 0.0690 0.1260 0.0285 0.0629 0.6250 0.0886
195 0.0703 0.1263 0.0293 0.0666 0.6470 0.0606
196 0.0577 0.1951 0.0409 0.0753 0.5557 0.0753
197 0.0804 0.1208 0.0580 0.0327 0.6479 0.0602
198 0.0323 0.1915 0.0519 0.0129 0.6792 0.0323
199 0.0224 0.1371 0.0369 0.0056 0.7769 0.0212
200 0.1171 0.2598 0.2257 0.2329 0.0705 0.0941
201 0.0708 0.2800 0.5317 0.0692 0.0319 0.0164
202 0.0907 0.0525 0.3477 0.3645 0.0634 0.0813
