time exciting_prob fearful_prob tense_prob sad_prob relaxing_prob neutral_prob
0 0.1136 0.1553 0.1349 0.1288 0.0181 0.4492
1 0.4666 0.0528 0.0762 0.1057 0.2617 0.0371
2 0.4141 0.0875 0.1123 0.0731 0.2715 0.0416
3 0.3906 0.0734 0.1119 0.0942 0.2947 0.0352
4 0.4817 0.0805 0.1144 0.0721 0.2240 0.0272
5 0.2499 0.0408 0.0594 0.1718 0.4387 0.0396
6 0.1635 0.0772 0.0862 0.2532 0.3462 0.0737
7 0.1726 0.0578 0.1014 0.2322 0.3076 0.1283
8 0.1235 0.1107 0.0761 0.2236 0.3987 0.0671
9 0.1420 0.0822 0.1007 0.3201 0.2781 0.0772
10 0.1544 0.1877 0.2373 0.2710 0.1373 0.0120
11 0.2255 0.2220 0.2102 0.2382 0.0911 0.0130
12 0.1213 0.2001 0.1711 0.2866 0.1909 0.0300
13 0.1288 0.1760 0.1653 0.3667 0.1119 0.0512
14 0.1520 0.0866 0.1643 0.4832 0.0718 0.0422
15 0.0776 0.0839 0.0936 0.1078 0.5918 0.0453
16 0.1246 0.1017 0.1161 0.2006 0.4116 0.0455
17 0.2878 0.2878 0.1359 0.1238 0.1328 0.0320
18 0.1091 0.2537 0.0515 0.0804 0.4966 0.0089
19 0.1847 0.3733 0.1331 0.1021 0.1876 0.0193
20 0.2379 0.2133 0.1769 0.1560 0.1853 0.0305
21 0.1604 0.2603 0.2771 0.2092 0.0832 0.0097
22 0.1117 0.4702 0.0884 0.0727 0.2556 0.0014
23 0.1338 0.1256 0.1218 0.5166 0.0971 0.0049
24 0.1140 0.0991 0.0945 0.5879 0.0938 0.0107
25 0.2223 0.1758 0.1083 0.3723 0.1002 0.0212
26 0.4888 0.0933 0.0523 0.2534 0.0511 0.0612
27 0.2732 0.1820 0.0385 0.1908 0.3096 0.0059
28 0.0461 0.0605 0.0874 0.5791 0.2163 0.0109
29 0.0272 0.0576 0.0642 0.6587 0.1829 0.0095
30 0.0313 0.0344 0.0716 0.8325 0.0257 0.0045
31 0.0853 0.1532 0.2212 0.5063 0.0286 0.0053
32 0.1097 0.2131 0.1794 0.3828 0.1105 0.0044
33 0.1710 0.2301 0.1311 0.1697 0.2412 0.0569
34 0.1118 0.3965 0.1732 0.0541 0.2480 0.0165
35 0.2971 0.1278 0.0965 0.1494 0.2279 0.1011
36 0.0637 0.1676 0.1479 0.2439 0.0779 0.2988
37 0.0902 0.2339 0.1214 0.2693 0.0620 0.2233
38 0.0178 0.0903 0.0903 0.7803 0.0131 0.0080
39 0.0282 0.1065 0.0897 0.7393 0.0278 0.0083
40 0.1047 0.1064 0.1810 0.4016 0.1700 0.0362
41 0.1208 0.0884 0.0884 0.5459 0.1370 0.0194
42 0.0652 0.0516 0.0477 0.6284 0.1665 0.0408
43 0.0581 0.1137 0.1415 0.5176 0.0793 0.0899
44 0.0730 0.2754 0.1462 0.2469 0.2393 0.0190
45 0.0783 0.1606 0.4722 0.2128 0.0224 0.0538
46 0.1157 0.1569 0.1982 0.1777 0.3452 0.0061
47 0.1234 0.0977 0.0709 0.4919 0.1882 0.0278
48 0.1392 0.1801 0.1257 0.3904 0.1403 0.0244
49 0.1567 0.1920 0.2883 0.2142 0.0996 0.0493
50 0.0591 0.1158 0.1608 0.4651 0.1793 0.0198
51 0.0712 0.1361 0.1027 0.3643 0.2927 0.0331
52 0.1027 0.1666 0.0825 0.4460 0.1482 0.0541
53 0.1335 0.1489 0.1501 0.3894 0.1345 0.0434
54 0.0797 0.0625 0.0514 0.3486 0.4478 0.0102
55 0.0873 0.1078 0.0467 0.2546 0.4985 0.0052
56 0.0808 0.0952 0.0429 0.4006 0.3765 0.0039
57 0.1235 0.0786 0.0651 0.2698 0.4180 0.0451
58 0.0732 0.0804 0.1285 0.6226 0.0607 0.0346
59 0.1674 0.2084 0.1727 0.3032 0.1225 0.0259
60 0.1138 0.0886 0.0339 0.1147 0.6104 0.0384
61 0.1254 0.1263 0.0495 0.1224 0.5156 0.0611
62 0.0280 0.3032 0.2438 0.3660 0.0472 0.0118
63 0.0409 0.3940 0.2061 0.2544 0.0845 0.0202
64 0.0136 0.1155 0.1230 0.6968 0.0347 0.0165
65 0.0333 0.0262 0.0431 0.1692 0.7236 0.0048
66 0.0833 0.2391 0.1508 0.2751 0.2429 0.0086
67 0.1697 0.0833 0.0644 0.5352 0.1332 0.0144
68 0.2573 0.0842 0.0583 0.4846 0.1000 0.0156
69 0.2664 0.2542 0.1566 0.2837 0.0256 0.0136
70 0.0566 0.5005 0.1841 0.2086 0.0424 0.0080
71 0.3372 0.1061 0.3479 0.1735 0.0262 0.0093
72 0.1642 0.1259 0.1919 0.4392 0.0193 0.0594
73 0.2700 0.1083 0.1458 0.3992 0.0607 0.0161
74 0.1807 0.1166 0.1223 0.5566 0.0185 0.0055
75 0.0098 0.0925 0.0970 0.7871 0.0029 0.0108
76 0.2747 0.2025 0.0734 0.2971 0.1027 0.0497
77 0.2703 0.1470 0.3608 0.1652 0.0459 0.0110
78 0.3718 0.2256 0.2742 0.0876 0.0294 0.0115
79 0.0972 0.0452 0.0512 0.6855 0.1019 0.0191
80 0.3865 0.1742 0.1914 0.1255 0.1152 0.0072
81 0.2515 0.1456 0.1400 0.4280 0.0124 0.0225
82 0.4192 0.2446 0.0283 0.2175 0.0872 0.0031
83 0.2173 0.2769 0.0520 0.2834 0.1589 0.0114
84 0.1802 0.2581 0.0481 0.2483 0.2463 0.0188
85 0.0714 0.1089 0.0515 0.6074 0.1560 0.0046
86 0.0546 0.0764 0.0207 0.4824 0.3643 0.0017
87 0.0765 0.0634 0.0403 0.5146 0.2979 0.0075
88 0.0852 0.1405 0.2316 0.2793 0.2280 0.0355
89 0.1713 0.1214 0.2756 0.1547 0.2551 0.0219
90 0.0895 0.0162 0.0151 0.0868 0.7793 0.0130
91 0.3066 0.1027 0.0572 0.0781 0.4460 0.0093
92 0.0756 0.1991 0.4348 0.2401 0.0265 0.0240
93 0.0774 0.2900 0.4219 0.1528 0.0383 0.0197
94 0.1787 0.2025 0.4028 0.1577 0.0381 0.0202
95 0.0936 0.1863 0.4832 0.1112 0.1147 0.0111
96 0.1387 0.2147 0.3274 0.2396 0.0665 0.0130
97 0.0819 0.0782 0.4866 0.2998 0.0323 0.0214
98 0.0789 0.1028 0.3425 0.4263 0.0237 0.0256
99 0.0922 0.1543 0.5913 0.1320 0.0196 0.0105
100 0.0948 0.1135 0.3928 0.3362 0.0466 0.0162
101 0.0641 0.2534 0.4309 0.2272 0.0075 0.0170
102 0.0894 0.1175 0.2449 0.2861 0.0493 0.2128
103 0.1923 0.3047 0.2178 0.1670 0.0600 0.0582
104 0.0626 0.1769 0.3203 0.3987 0.0186 0.0227
105 0.0853 0.2710 0.2976 0.2754 0.0513 0.0193
106 0.1053 0.3481 0.3823 0.0847 0.0350 0.0446
107 0.1127 0.3965 0.3391 0.0964 0.0352 0.0199
108 0.2532 0.2590 0.2098 0.1132 0.1344 0.0305
109 0.1443 0.5078 0.1294 0.1024 0.0903 0.0261
110 0.1910 0.5791 0.1333 0.0530 0.0332 0.0102
111 0.0437 0.1945 0.4521 0.2203 0.0169 0.0726
112 0.2637 0.2054 0.2054 0.1401 0.1575 0.0278
113 0.1322 0.3074 0.1836 0.1149 0.2469 0.0150
114 0.0601 0.5107 0.0660 0.2649 0.0930 0.0054
115 0.1835 0.2668 0.1332 0.2886 0.0982 0.0295
116 0.0986 0.4023 0.3184 0.0971 0.0417 0.0417
117 0.1665 0.4250 0.2087 0.1390 0.0308 0.0298
118 0.1610 0.0511 0.2167 0.3252 0.2343 0.0118
119 0.0465 0.0332 0.0146 0.5620 0.3408 0.0030
120 0.1846 0.2644 0.0826 0.1667 0.2837 0.0180
121 0.0768 0.0818 0.0673 0.3062 0.4456 0.0224
122 0.0730 0.0840 0.1113 0.2798 0.4333 0.0186
123 0.0265 0.0161 0.0249 0.0337 0.8970 0.0018
124 0.1450 0.3589 0.2212 0.1497 0.1095 0.0157
125 0.1394 0.1847 0.1906 0.3562 0.0419 0.0873
126 0.0712 0.2336 0.2161 0.3398 0.1121 0.0270
127 0.1790 0.2974 0.2108 0.1681 0.1329 0.0118
128 0.0776 0.6011 0.0852 0.1951 0.0268 0.0145
129 0.1167 0.0703 0.2321 0.4011 0.1301 0.0498
130 0.1747 0.2388 0.2683 0.2812 0.0062 0.0308
131 0.1388 0.1315 0.0822 0.4883 0.0495 0.1098
132 0.0989 0.0789 0.0981 0.6206 0.0634 0.0403
133 0.1170 0.4116 0.2874 0.1625 0.0138 0.0078
134 0.0926 0.0891 0.1143 0.6133 0.0626 0.0282
135 0.1271 0.1924 0.1879 0.4233 0.0577 0.0116
136 0.1635 0.3201 0.1115 0.2654 0.1187 0.0211
137 0.1127 0.1201 0.2502 0.3997 0.0193 0.0980
138 0.1490 0.1368 0.3281 0.1914 0.0727 0.1217
139 0.0449 0.1060 0.2316 0.5645 0.0140 0.0390
140 0.1919 0.1044 0.1239 0.5469 0.0256 0.0074
141 0.1620 0.0809 0.0703 0.6357 0.0464 0.0045
142 0.0277 0.0640 0.0931 0.8042 0.0078 0.0030
143 0.2925 0.1666 0.1448 0.1566 0.2278 0.0117
144 0.0594 0.2329 0.4419 0.0705 0.1886 0.0067
145 0.0877 0.2087 0.3135 0.1962 0.1857 0.0084
146 0.0653 0.1229 0.3240 0.3291 0.1350 0.0238
147 0.1100 0.1153 0.2810 0.4490 0.0417 0.0030
148 0.1094 0.1382 0.3816 0.3213 0.0390 0.0104
149 0.0504 0.0793 0.2993 0.5254 0.0346 0.0112
150 0.0576 0.1404 0.4602 0.3164 0.0209 0.0047
151 0.1647 0.1387 0.4619 0.1659 0.0650 0.0039
152 0.2334 0.1776 0.3672 0.1761 0.0406 0.0050
153 0.1896 0.1647 0.3652 0.2147 0.0610 0.0047
154 0.2245 0.1028 0.3586 0.1862 0.1221 0.0058
155 0.0598 0.1814 0.5249 0.1552 0.0637 0.0154
156 0.0918 0.0962 0.4519 0.2871 0.0593 0.0137
157 0.0600 0.0846 0.5874 0.2487 0.0103 0.0091
158 0.1111 0.0801 0.4260 0.3589 0.0176 0.0064
159 0.0308 0.0484 0.0811 0.7817 0.0371 0.0210
160 0.0537 0.0914 0.2245 0.5059 0.1220 0.0026
161 0.0972 0.0980 0.2090 0.4495 0.1415 0.0048
162 0.1261 0.0654 0.2976 0.4399 0.0634 0.0075
163 0.0668 0.0562 0.5171 0.3137 0.0386 0.0076
164 0.0555 0.0418 0.4160 0.4714 0.0073 0.0077
165 0.0244 0.1138 0.2449 0.5967 0.0182 0.0022
166 0.0287 0.0851 0.1541 0.7124 0.0165 0.0035
167 0.0740 0.2157 0.5176 0.1747 0.0145 0.0036
168 0.0413 0.1837 0.3652 0.3770 0.0185 0.0144
169 0.0165 0.1801 0.5903 0.1917 0.0026 0.0188
170 0.1671 0.2145 0.1984 0.2671 0.1429 0.0101
171 0.1187 0.1727 0.1989 0.3833 0.1115 0.0151
172 0.1160 0.1854 0.2134 0.3518 0.1216 0.0116
173 0.0676 0.3274 0.2358 0.3376 0.0307 0.0009
174 0.0909 0.3796 0.2822 0.2163 0.0304 0.0005
175 0.1249 0.1735 0.1329 0.4866 0.0599 0.0222
176 0.1212 0.1936 0.2335 0.4163 0.0244 0.0111
177 0.2441 0.0733 0.2598 0.2944 0.0637 0.0647
178 0.0591 0.2487 0.2487 0.2773 0.1631 0.0034
179 0.1133 0.1205 0.3276 0.3657 0.0443 0.0284
180 0.1326 0.1841 0.3896 0.2554 0.0247 0.0136
181 0.1085 0.1530 0.4094 0.2603 0.0399 0.0290
182 0.1019 0.1350 0.3728 0.3240 0.0336 0.0326
183 0.1454 0.1141 0.3713 0.3125 0.0430 0.0137
184 0.3630 0.1008 0.1315 0.3357 0.0548 0.0143
185 0.2620 0.2499 0.2876 0.1390 0.0558 0.0057
186 0.1556 0.2030 0.1532 0.4434 0.0187 0.0260
187 0.0715 0.3057 0.2036 0.4048 0.0074 0.0072
188 0.2795 0.1094 0.1495 0.4004 0.0381 0.0231
189 0.1884 0.1525 0.2362 0.3894 0.0137 0.0199
190 0.0823 0.2783 0.2739 0.3279 0.0278 0.0098
191 0.0468 0.4143 0.3953 0.1366 0.0042 0.0026
192 0.1473 0.1921 0.1921 0.4468 0.0123 0.0094
193 0.0521 0.1847 0.2729 0.4431 0.0358 0.0114
194 0.0120 0.2085 0.1869 0.5845 0.0025 0.0055
195 0.0637 0.1505 0.2600 0.4783 0.0170 0.0306
196 0.0834 0.1006 0.3459 0.4109 0.0416 0.0175
197 0.0387 0.1495 0.2390 0.5557 0.0155 0.0015
198 0.0116 0.1165 0.2837 0.5732 0.0074 0.0077
199 0.0421 0.1494 0.3474 0.4392 0.0116 0.0102
200 0.0307 0.1088 0.6069 0.2233 0.0091 0.0214
201 0.0195 0.1655 0.4790 0.3093 0.0134 0.0132
202 0.0274 0.2371 0.4226 0.2815 0.0285 0.0030
203 0.0185 0.2358 0.4011 0.3125 0.0284 0.0037
204 0.3711 0.2034 0.1141 0.1824 0.1273 0.0017
205 0.3633 0.2805 0.1514 0.1456 0.0584 0.0008
206 0.3071 0.1892 0.1509 0.3169 0.0314 0.0044
207 0.0202 0.0597 0.1284 0.1048 0.6836 0.0033
208 0.0697 0.0605 0.0686 0.1063 0.6929 0.0020
209 0.0267 0.0373 0.0317 0.3542 0.5483 0.0015
210 0.0214 0.0529 0.0826 0.5020 0.3396 0.0013
211 0.0353 0.0419 0.1487 0.6162 0.1534 0.0044
212 0.0378 0.1002 0.1136 0.2367 0.5093 0.0026
213 0.0342 0.0741 0.1670 0.2178 0.4985 0.0083
214 0.0277 0.0854 0.0923 0.0895 0.7041 0.0010
215 0.0531 0.0969 0.0992 0.3716 0.3657 0.0133
216 0.0221 0.0696 0.0887 0.4170 0.3916 0.0109
217 0.0617 0.0544 0.2328 0.3232 0.3181 0.0097
218 0.0537 0.0781 0.2295 0.3042 0.3289 0.0058
219 0.0659 0.1632 0.3508 0.0974 0.3193 0.0033
220 0.0654 0.1954 0.2214 0.1475 0.3650 0.0053
221 0.0878 0.1802 0.4600 0.1027 0.1615 0.0080
222 0.0612 0.1588 0.5049 0.1492 0.1161 0.0100
223 0.0801 0.2281 0.4680 0.1342 0.0826 0.0070
224 0.1328 0.2559 0.1787 0.3040 0.1172 0.0114
225 0.0476 0.2102 0.1091 0.5044 0.1161 0.0127
226 0.0862 0.1399 0.2781 0.2573 0.2271 0.0116
227 0.1522 0.1807 0.1985 0.3650 0.0506 0.0530
228 0.1136 0.1553 0.1349 0.1288 0.0181 0.4492
229 0.1136 0.1553 0.1349 0.1288 0.0181 0.4492
230 0.1136 0.1553 0.1349 0.1288 0.0181 0.4492
