time exciting_prob fearful_prob tense_prob sad_prob relaxing_prob neutral_prob
0 0.1135 0.1576 0.1349 0.1267 0.0182 0.4490
1 0.1074 0.0704 0.1743 0.5205 0.0294 0.0978
2 0.0812 0.0347 0.1146 0.5215 0.1948 0.0533
3 0.0687 0.0315 0.1177 0.2695 0.4514 0.0611
4 0.0983 0.3027 0.3767 0.1698 0.0446 0.0079
5 0.1755 0.1225 0.3127 0.1549 0.2117 0.0227
6 0.1718 0.2703 0.3259 0.1504 0.0756 0.0063
7 0.0664 0.2301 0.3735 0.1139 0.2128 0.0034
8 0.1104 0.1923 0.5566 0.0685 0.0713 0.0009
9 0.0421 0.0414 0.3108 0.0477 0.5542 0.0039
10 0.0457 0.1477 0.6313 0.0868 0.0815 0.0066
11 0.0431 0.1306 0.7402 0.0366 0.0445 0.0051
12 0.0401 0.1742 0.6084 0.0738 0.0876 0.0161
13 0.0383 0.1367 0.6626 0.0616 0.0607 0.0398
14 0.0581 0.1268 0.4570 0.1531 0.1460 0.0590
15 0.1271 0.2954 0.3196 0.0403 0.2162 0.0014
16 0.1301 0.2014 0.3120 0.0457 0.3071 0.0035
17 0.1926 0.3354 0.3572 0.0113 0.1023 0.0012
18 0.1147 0.4719 0.2688 0.0367 0.0846 0.0233
19 0.0691 0.3621 0.4436 0.0747 0.0207 0.0300
20 0.2020 0.1377 0.3601 0.1882 0.1056 0.0062
21 0.2018 0.2183 0.3054 0.1254 0.1443 0.0051
22 0.1184 0.3508 0.3047 0.1203 0.0982 0.0075
23 0.0811 0.3992 0.3635 0.0994 0.0504 0.0064
24 0.0679 0.3816 0.4976 0.0347 0.0139 0.0045
25 0.0721 0.4558 0.3721 0.0622 0.0265 0.0112
26 0.0682 0.4768 0.2937 0.1115 0.0437 0.0062
27 0.0835 0.6030 0.2324 0.0382 0.0407 0.0022
28 0.0646 0.5752 0.2676 0.0676 0.0161 0.0088
29 0.0915 0.3733 0.4297 0.0712 0.0252 0.0091
30 0.0268 0.3506 0.5869 0.0209 0.0115 0.0034
31 0.0633 0.1721 0.6294 0.0921 0.0321 0.0109
32 0.0376 0.4688 0.4136 0.0490 0.0218 0.0093
33 0.0710 0.5249 0.3335 0.0408 0.0194 0.0106
34 0.0536 0.6382 0.2539 0.0200 0.0294 0.0051
35 0.2952 0.1763 0.0746 0.3616 0.0572 0.0352
36 0.2209 0.2583 0.2505 0.2076 0.0399 0.0228
37 0.3325 0.2214 0.1969 0.1954 0.0464 0.0073
38 0.0515 0.2478 0.5762 0.0779 0.0333 0.0134
39 0.0288 0.3452 0.5605 0.0270 0.0319 0.0068
40 0.0446 0.1395 0.6060 0.0396 0.0196 0.1508
41 0.1276 0.2700 0.4893 0.0333 0.0780 0.0018
42 0.1375 0.4136 0.3887 0.0429 0.0127 0.0047
43 0.0561 0.2068 0.6782 0.0395 0.0142 0.0052
44 0.2683 0.1050 0.2947 0.2539 0.0598 0.0182
45 0.2700 0.1401 0.3691 0.1515 0.0515 0.0177
46 0.0991 0.1511 0.6460 0.0655 0.0147 0.0234
47 0.0510 0.3650 0.4685 0.0765 0.0327 0.0064
48 0.0457 0.1301 0.2145 0.4265 0.0894 0.0937
49 0.1368 0.1316 0.6089 0.0469 0.0544 0.0213
50 0.0399 0.2856 0.5171 0.0818 0.0210 0.0545
51 0.0531 0.1466 0.3984 0.2166 0.0433 0.1421
52 0.5806 0.1143 0.0330 0.1179 0.1099 0.0444
53 0.2642 0.3286 0.0871 0.2156 0.0757 0.0289
54 0.0417 0.1433 0.1226 0.3035 0.2290 0.1599
55 0.0945 0.1559 0.2778 0.2822 0.1293 0.0601
56 0.0619 0.1372 0.4360 0.1270 0.2125 0.0254
57 0.0396 0.1616 0.5640 0.1694 0.0281 0.0372
58 0.2098 0.1313 0.1159 0.4512 0.0803 0.0115
59 0.1119 0.1846 0.6699 0.0153 0.0126 0.0058
60 0.0670 0.1766 0.5273 0.0754 0.0379 0.1158
61 0.1521 0.3621 0.3298 0.0555 0.0867 0.0137
62 0.1362 0.0723 0.1202 0.4194 0.0951 0.1567
63 0.0524 0.1493 0.6382 0.0994 0.0112 0.0492
64 0.0872 0.3877 0.3816 0.0449 0.0886 0.0102
65 0.0831 0.2876 0.5547 0.0500 0.0169 0.0080
66 0.0359 0.2084 0.6421 0.0523 0.0041 0.0574
67 0.1361 0.1279 0.6196 0.0770 0.0222 0.0169
68 0.0629 0.1807 0.7202 0.0246 0.0086 0.0029
69 0.1562 0.0863 0.6479 0.0622 0.0150 0.0325
70 0.0479 0.1849 0.7427 0.0193 0.0027 0.0025
71 0.0375 0.1138 0.7656 0.0591 0.0056 0.0182
72 0.0277 0.1835 0.7485 0.0175 0.0201 0.0027
73 0.0622 0.1423 0.6084 0.1180 0.0174 0.0515
74 0.1462 0.1877 0.1605 0.2449 0.0759 0.1848
75 0.0861 0.1609 0.1971 0.2695 0.2379 0.0483
76 0.0201 0.0945 0.1157 0.1332 0.6357 0.0009
77 0.0199 0.2539 0.1010 0.5811 0.0402 0.0042
78 0.0469 0.3955 0.2593 0.2117 0.0635 0.0230
79 0.0710 0.0941 0.3723 0.2854 0.1348 0.0424
80 0.0371 0.1305 0.3958 0.2119 0.2220 0.0025
81 0.0713 0.0582 0.3401 0.1396 0.3855 0.0054
82 0.0516 0.0892 0.7354 0.0285 0.0906 0.0045
83 0.0708 0.1865 0.5068 0.0436 0.1836 0.0083
84 0.3232 0.1412 0.2054 0.2328 0.0798 0.0175
85 0.3257 0.1389 0.3333 0.1368 0.0507 0.0145
86 0.0748 0.3171 0.3171 0.1204 0.1545 0.0159
87 0.1431 0.2472 0.2632 0.1699 0.1080 0.0687
88 0.1775 0.3315 0.2244 0.1404 0.0950 0.0311
89 0.1146 0.2426 0.3162 0.1128 0.1339 0.0800
90 0.1421 0.1197 0.3411 0.0531 0.2656 0.0785
91 0.0883 0.5366 0.3105 0.0417 0.0194 0.0031
92 0.0353 0.1522 0.7974 0.0078 0.0051 0.0022
93 0.2168 0.2185 0.3057 0.0544 0.1959 0.0087
94 0.1306 0.2401 0.5718 0.0451 0.0106 0.0020
95 0.0448 0.3206 0.5537 0.0417 0.0255 0.0136
96 0.1832 0.4570 0.2390 0.0214 0.0958 0.0034
97 0.0667 0.3232 0.4087 0.1117 0.0792 0.0105
98 0.1058 0.3928 0.3870 0.0383 0.0704 0.0057
99 0.0897 0.3386 0.4348 0.0427 0.0876 0.0066
100 0.0729 0.2505 0.3533 0.2666 0.0456 0.0108
101 0.0723 0.3396 0.4360 0.0409 0.0800 0.0311
102 0.0620 0.5396 0.2394 0.0092 0.1451 0.0047
103 0.0507 0.0548 0.3057 0.0823 0.4446 0.0621
104 0.0654 0.1394 0.4294 0.1936 0.1270 0.0453
105 0.0641 0.2742 0.4116 0.0584 0.1689 0.0229
106 0.1011 0.3115 0.4062 0.0995 0.0800 0.0016
107 0.0771 0.3914 0.2842 0.2000 0.0471 0.0004
108 0.0353 0.2212 0.6401 0.0331 0.0690 0.0013
109 0.0276 0.2072 0.6792 0.0402 0.0298 0.0157
110 0.0716 0.1296 0.4055 0.1469 0.2008 0.0455
111 0.1212 0.2373 0.5781 0.0252 0.0381 0.0001
112 0.1072 0.2020 0.6519 0.0289 0.0095 0.0004
113 0.0408 0.0892 0.5908 0.2747 0.0016 0.0031
114 0.1382 0.1888 0.5054 0.0942 0.0663 0.0072
115 0.0525 0.4229 0.3242 0.1473 0.0521 0.0008
116 0.0372 0.1035 0.1993 0.4563 0.2025 0.0012
117 0.0826 0.2245 0.2974 0.1804 0.1920 0.0229
118 0.0555 0.3215 0.3589 0.0966 0.1592 0.0084
119 0.1053 0.3882 0.1113 0.2355 0.1037 0.0559
120 0.0859 0.3882 0.1833 0.2318 0.0345 0.0764
121 0.0678 0.2405 0.4709 0.1678 0.0366 0.0162
122 0.1272 0.1396 0.2913 0.3403 0.0847 0.0168
123 0.2651 0.0630 0.1215 0.4729 0.0660 0.0115
124 0.0767 0.1882 0.3923 0.0433 0.2915 0.0079
125 0.0787 0.2922 0.5376 0.0541 0.0193 0.0181
126 0.0967 0.3916 0.3401 0.1096 0.0350 0.0271
127 0.0612 0.3157 0.4182 0.1337 0.0488 0.0222
128 0.0820 0.3215 0.5059 0.0456 0.0358 0.0091
129 0.0860 0.2394 0.4333 0.1429 0.0909 0.0074
130 0.1022 0.1158 0.5034 0.1354 0.1272 0.0161
131 0.1564 0.0540 0.4250 0.1058 0.2578 0.0012
132 0.0876 0.1885 0.6084 0.0540 0.0255 0.0360
133 0.0518 0.4072 0.3123 0.1130 0.1038 0.0121
134 0.2311 0.1127 0.1718 0.2661 0.2137 0.0047
135 0.3469 0.1296 0.2620 0.1162 0.1403 0.0050
136 0.0650 0.1781 0.6313 0.0868 0.0228 0.0158
137 0.0558 0.0957 0.7646 0.0375 0.0281 0.0181
138 0.1432 0.2593 0.3228 0.1345 0.1324 0.0077
139 0.0567 0.4126 0.2622 0.1404 0.1238 0.0044
140 0.0688 0.3010 0.5366 0.0451 0.0465 0.0018
141 0.0739 0.2462 0.3472 0.0637 0.2664 0.0025
142 0.0846 0.2976 0.3372 0.0887 0.1892 0.0028
143 0.0319 0.5649 0.3169 0.0614 0.0239 0.0008
144 0.2479 0.1153 0.0774 0.0261 0.5332 0.0002
145 0.3516 0.1215 0.2961 0.1294 0.0961 0.0053
146 0.1750 0.2212 0.3706 0.0457 0.1835 0.0042
147 0.1650 0.1433 0.4924 0.0667 0.1134 0.0191
148 0.0690 0.3972 0.3345 0.1250 0.0643 0.0100
149 0.1015 0.4514 0.2891 0.0790 0.0731 0.0060
150 0.1781 0.3711 0.3328 0.0917 0.0235 0.0027
151 0.0821 0.5522 0.2910 0.0483 0.0258 0.0003
152 0.1935 0.3291 0.2859 0.1309 0.0585 0.0023
153 0.1460 0.5176 0.1531 0.0865 0.0943 0.0023
154 0.3176 0.1597 0.2803 0.1345 0.0650 0.0430
155 0.3948 0.1620 0.3376 0.0789 0.0231 0.0037
156 0.1770 0.1885 0.3308 0.2617 0.0167 0.0253
157 0.2551 0.1809 0.2322 0.2491 0.0468 0.0359
158 0.0807 0.0425 0.3733 0.1682 0.2908 0.0446
159 0.1417 0.1342 0.1907 0.2607 0.2230 0.0497
160 0.1262 0.1711 0.1938 0.2375 0.2032 0.0681
161 0.0648 0.1004 0.1483 0.2998 0.2262 0.1604
162 0.1171 0.0617 0.2188 0.3284 0.2054 0.0688
163 0.1694 0.1449 0.2502 0.1642 0.2427 0.0285
164 0.1420 0.2800 0.3711 0.0152 0.1252 0.0665
165 0.1638 0.1992 0.3135 0.0113 0.2991 0.0132
166 0.1265 0.1422 0.4380 0.0495 0.1826 0.0612
167 0.1064 0.1031 0.6221 0.0296 0.1334 0.0054
168 0.0976 0.1837 0.5840 0.0464 0.0592 0.0291
169 0.0807 0.0740 0.7959 0.0435 0.0037 0.0022
170 0.0861 0.0416 0.8037 0.0605 0.0047 0.0033
171 0.4790 0.2505 0.1920 0.0237 0.0525 0.0025
172 0.1787 0.4673 0.2947 0.0140 0.0249 0.0205
173 0.2986 0.0791 0.1169 0.1389 0.3601 0.0063
174 0.0546 0.5513 0.3396 0.0489 0.0036 0.0020
175 0.0930 0.1440 0.6353 0.0615 0.0190 0.0471
176 0.1978 0.2876 0.4121 0.0222 0.0459 0.0344
177 0.1588 0.3635 0.2744 0.1857 0.0073 0.0102
178 0.0266 0.3706 0.4199 0.0297 0.1521 0.0010
179 0.0726 0.0977 0.4590 0.2495 0.1143 0.0069
180 0.0598 0.4487 0.4280 0.0383 0.0232 0.0020
181 0.3938 0.1329 0.1052 0.1904 0.1460 0.0318
182 0.1539 0.0831 0.6333 0.0877 0.0285 0.0136
183 0.0948 0.1414 0.4932 0.1652 0.0994 0.0060
184 0.2656 0.1444 0.2151 0.2615 0.0810 0.0322
185 0.1152 0.2188 0.6328 0.0134 0.0114 0.0084
186 0.1360 0.4639 0.3188 0.0452 0.0283 0.0078
187 0.0599 0.5386 0.3069 0.0418 0.0509 0.0021
188 0.0298 0.4878 0.4304 0.0141 0.0345 0.0036
189 0.0620 0.3457 0.5029 0.0436 0.0237 0.0219
190 0.0508 0.2876 0.4817 0.0762 0.0979 0.0056
191 0.0197 0.2683 0.2224 0.4424 0.0399 0.0075
192 0.2404 0.1447 0.1092 0.3782 0.1026 0.0249
193 0.0825 0.4639 0.2949 0.0313 0.0695 0.0580
194 0.0647 0.1470 0.6284 0.0123 0.0140 0.1338
195 0.1746 0.1888 0.5254 0.0934 0.0106 0.0072
196 0.1104 0.2015 0.3538 0.2979 0.0235 0.0129
197 0.2162 0.0432 0.0629 0.2690 0.2910 0.1176
198 0.1288 0.1707 0.3557 0.1788 0.1505 0.0156
199 0.0555 0.2568 0.6357 0.0148 0.0361 0.0009
200 0.0337 0.1533 0.7090 0.0691 0.0219 0.0129
201 0.1460 0.2812 0.5176 0.0452 0.0061 0.0040
202 0.0963 0.0811 0.6089 0.0963 0.0424 0.0750
203 0.2032 0.2065 0.4204 0.0703 0.0945 0.0050
204 0.0572 0.1721 0.7358 0.0172 0.0091 0.0085
205 0.0504 0.1731 0.6133 0.0732 0.0804 0.0094
206 0.0458 0.3010 0.5801 0.0575 0.0096 0.0058
207 0.0241 0.1387 0.4546 0.2844 0.0100 0.0881
208 0.1229 0.1759 0.5591 0.0987 0.0360 0.0073
209 0.3008 0.0354 0.1197 0.4734 0.0540 0.0168
210 0.0555 0.0795 0.2266 0.5024 0.0959 0.0400
211 0.3008 0.1648 0.2761 0.1335 0.0286 0.0961
212 0.2583 0.0914 0.1128 0.2881 0.1102 0.1393
213 0.1394 0.1495 0.3291 0.2859 0.0439 0.0521
214 0.0994 0.0524 0.2788 0.3872 0.1127 0.0694
215 0.3110 0.2944 0.1504 0.1801 0.0477 0.0162
216 0.3579 0.2876 0.1652 0.1017 0.0774 0.0100
217 0.1918 0.2834 0.1238 0.3420 0.0533 0.0057
218 0.1433 0.2964 0.1179 0.3865 0.0365 0.0192
219 0.4385 0.1266 0.1915 0.1886 0.0253 0.0296
220 0.2310 0.3308 0.3257 0.0566 0.0500 0.0058
221 0.2200 0.4514 0.2959 0.0201 0.0117 0.0008
222 0.2461 0.3872 0.2347 0.1135 0.0074 0.0112
223 0.2023 0.0792 0.1588 0.0469 0.5010 0.0120
224 0.1879 0.0649 0.1509 0.0707 0.5107 0.0149
225 0.0394 0.0506 0.0808 0.0547 0.7666 0.0079
226 0.0376 0.0353 0.0547 0.0413 0.8291 0.0020
227 0.1617 0.2646 0.4792 0.0674 0.0142 0.0128
228 0.3154 0.1797 0.3357 0.1274 0.0371 0.0049
229 0.2876 0.1771 0.3523 0.1552 0.0187 0.0094
230 0.2612 0.2341 0.3152 0.1796 0.0087 0.0012
231 0.2229 0.2411 0.2161 0.2817 0.0331 0.0050
232 0.0693 0.1727 0.2849 0.1549 0.3127 0.0055
233 0.1764 0.2954 0.4365 0.0735 0.0070 0.0110
234 0.1261 0.0894 0.6108 0.1473 0.0158 0.0104
235 0.1539 0.1827 0.4453 0.1857 0.0098 0.0224
236 0.1969 0.3003 0.3855 0.1022 0.0043 0.0107
237 0.1779 0.2886 0.3169 0.1953 0.0138 0.0074
238 0.3376 0.2844 0.1940 0.1354 0.0367 0.0118
239 0.1991 0.2617 0.1171 0.3577 0.0280 0.0363
240 0.0465 0.0282 0.3833 0.3384 0.0437 0.1598
241 0.0368 0.0458 0.6035 0.1526 0.0265 0.1346
242 0.0986 0.0608 0.1154 0.4634 0.1067 0.1552
243 0.0504 0.1209 0.3137 0.3445 0.0336 0.1370
244 0.1195 0.1880 0.1583 0.3569 0.0650 0.1123
245 0.1210 0.1693 0.1019 0.2244 0.0906 0.2927
246 0.1061 0.2013 0.1212 0.2281 0.1005 0.2428
247 0.1796 0.0681 0.1007 0.3103 0.0454 0.2959
248 0.1136 0.1553 0.1349 0.1288 0.0181 0.4492
