time exciting_prob fearful_prob tense_prob sad_prob relaxing_prob neutral_prob
0 0.1136 0.1553 0.1349 0.1288 0.0181 0.4492
1 0.1136 0.1553 0.1349 0.1288 0.0181 0.4492
2 0.1136 0.1553 0.1349 0.1288 0.0181 0.4492
3 0.1136 0.1553 0.1349 0.1288 0.0181 0.4492
4 0.0938 0.0999 0.3433 0.3125 0.0300 0.1205
5 0.0673 0.1200 0.2241 0.4124 0.0360 0.1403
6 0.1396 0.2610 0.2163 0.2375 0.0262 0.1194
7 0.0711 0.2224 0.1018 0.4355 0.0445 0.1248
8 0.0644 0.2430 0.0534 0.4541 0.0182 0.1670
9 0.1123 0.3982 0.0530 0.2822 0.0420 0.1123
10 0.1484 0.5781 0.0746 0.1310 0.0304 0.0375
11 0.0646 0.6738 0.0843 0.1306 0.0200 0.0267
12 0.0692 0.5195 0.0625 0.2198 0.0443 0.0848
13 0.1027 0.5254 0.0663 0.2261 0.0435 0.0360
14 0.0647 0.4854 0.0508 0.2222 0.1002 0.0768
15 0.0826 0.4260 0.0449 0.2625 0.0813 0.1028
16 0.0633 0.6147 0.0418 0.1069 0.0839 0.0893
17 0.0625 0.6313 0.0340 0.1431 0.0760 0.0530
18 0.0842 0.2474 0.1810 0.2020 0.0925 0.1927
19 0.0912 0.3611 0.2156 0.1209 0.0608 0.1505
20 0.0806 0.3904 0.1995 0.1085 0.0818 0.1393
21 0.1635 0.1973 0.0507 0.3408 0.1124 0.1355
22 0.1362 0.4263 0.0538 0.1656 0.1175 0.1005
23 0.1150 0.3125 0.0968 0.1866 0.0841 0.2050
24 0.1129 0.3818 0.1111 0.1340 0.0800 0.1803
25 0.1136 0.1553 0.1349 0.1288 0.0181 0.4492
26 0.0974 0.2195 0.3674 0.2527 0.0250 0.0381
27 0.0838 0.3064 0.1182 0.3528 0.0864 0.0524
28 0.0368 0.5718 0.0218 0.0171 0.3467 0.0056
29 0.0530 0.5742 0.0237 0.0169 0.3223 0.0097
30 0.0549 0.6636 0.0199 0.0057 0.2520 0.0040
31 0.0657 0.6289 0.0191 0.0268 0.2386 0.0210
32 0.0717 0.5464 0.0236 0.0303 0.3088 0.0190
33 0.0743 0.3130 0.0519 0.0523 0.4700 0.0383
34 0.0295 0.2891 0.1224 0.3030 0.1499 0.1063
35 0.1604 0.0659 0.1120 0.4714 0.0914 0.0988
36 0.1628 0.1903 0.1654 0.3501 0.0086 0.1229
37 0.1901 0.6582 0.0477 0.0612 0.0232 0.0197
38 0.1980 0.1721 0.0445 0.4258 0.0316 0.1279
39 0.2260 0.4565 0.0812 0.1666 0.0360 0.0336
40 0.1318 0.0818 0.0244 0.6543 0.0150 0.0928
41 0.1483 0.3188 0.0537 0.4094 0.0372 0.0326
42 0.3057 0.0955 0.1841 0.3464 0.0265 0.0417
43 0.2473 0.3740 0.1141 0.2341 0.0138 0.0166
44 0.1769 0.0602 0.0903 0.6177 0.0168 0.0383
45 0.0449 0.1129 0.1891 0.3069 0.0996 0.2466
46 0.1469 0.0948 0.1237 0.2346 0.1691 0.2311
47 0.0581 0.0387 0.1372 0.4426 0.0590 0.2644
48 0.0916 0.1241 0.0364 0.3916 0.1332 0.2231
49 0.0676 0.1443 0.0335 0.1958 0.0666 0.4922
50 0.0822 0.4548 0.1168 0.0578 0.2115 0.0766
51 0.2006 0.4082 0.0276 0.0149 0.3281 0.0208
52 0.1691 0.3364 0.0191 0.0199 0.4353 0.0204
53 0.0876 0.0939 0.0267 0.0791 0.6997 0.0129
54 0.0647 0.0589 0.0756 0.3782 0.2722 0.1504
55 0.0945 0.6660 0.0660 0.1332 0.0112 0.0290
56 0.0541 0.2074 0.1615 0.5381 0.0118 0.0272
57 0.1458 0.6431 0.0338 0.0462 0.1276 0.0039
58 0.1016 0.6567 0.0267 0.1810 0.0144 0.0194
59 0.0817 0.7812 0.0169 0.0414 0.0693 0.0096
60 0.0848 0.8569 0.0174 0.0059 0.0322 0.0027
61 0.0697 0.7671 0.0209 0.0216 0.1063 0.0142
62 0.0605 0.5142 0.0624 0.1569 0.1362 0.0696
63 0.0622 0.5459 0.0941 0.2223 0.0349 0.0405
64 0.0742 0.6357 0.0959 0.1396 0.0175 0.0373
65 0.0897 0.6626 0.1501 0.0646 0.0158 0.0174
66 0.0363 0.8013 0.1019 0.0287 0.0135 0.0181
67 0.0734 0.3188 0.0537 0.4641 0.0336 0.0563
68 0.1084 0.3289 0.0942 0.3667 0.0213 0.0806
69 0.0776 0.2075 0.1543 0.2583 0.1220 0.1803
70 0.0674 0.1693 0.1775 0.3115 0.1077 0.1667
71 0.2118 0.1573 0.1265 0.2052 0.1151 0.1840
72 0.0503 0.6831 0.1409 0.0766 0.0191 0.0302
73 0.1119 0.1530 0.1191 0.2996 0.1288 0.1875
74 0.1066 0.1189 0.1412 0.2722 0.1208 0.2402
75 0.1277 0.1541 0.0812 0.4526 0.0231 0.1614
76 0.1166 0.3706 0.0952 0.2754 0.0376 0.1046
77 0.1320 0.2043 0.0663 0.3699 0.0264 0.2012
78 0.0665 0.2822 0.1354 0.1398 0.1851 0.1910
79 0.0876 0.0862 0.0671 0.3357 0.1315 0.2917
80 0.0143 0.0298 0.0083 0.0491 0.8701 0.0284
81 0.0082 0.0290 0.0086 0.0435 0.8599 0.0508
82 0.0090 0.0258 0.0073 0.0796 0.8164 0.0620
83 0.0100 0.0296 0.0073 0.1035 0.7764 0.0734
84 0.0077 0.0228 0.0059 0.0848 0.8296 0.0491
85 0.3906 0.2903 0.0734 0.1505 0.0399 0.0554
86 0.0898 0.1327 0.2517 0.4023 0.0970 0.0263
87 0.1017 0.1703 0.1285 0.3779 0.1099 0.1117
88 0.0302 0.4792 0.1290 0.2029 0.1290 0.0297
89 0.0221 0.2097 0.0547 0.2957 0.3979 0.0198
90 0.0504 0.2812 0.1019 0.1844 0.2947 0.0872
91 0.0450 0.3484 0.1242 0.2357 0.1725 0.0742
92 0.0967 0.1835 0.1301 0.1407 0.3826 0.0665
93 0.0632 0.3159 0.1718 0.1423 0.2578 0.0492
94 0.0447 0.5713 0.1255 0.0963 0.1400 0.0222
95 0.1110 0.2522 0.3113 0.1859 0.0711 0.0684
96 0.0892 0.3064 0.2971 0.1802 0.0942 0.0328
97 0.0693 0.2966 0.2920 0.2054 0.1066 0.0301
98 0.0157 0.0222 0.0103 0.3064 0.6191 0.0264
99 0.0172 0.0186 0.0111 0.4236 0.5029 0.0267
100 0.0134 0.0238 0.0073 0.5059 0.4392 0.0105
101 0.0201 0.0547 0.0089 0.2957 0.6162 0.0047
102 0.0184 0.1011 0.0108 0.2141 0.6392 0.0163
103 0.0176 0.1202 0.0184 0.4468 0.3821 0.0148
104 0.0160 0.1528 0.0080 0.1034 0.7178 0.0019
105 0.1082 0.1757 0.3662 0.2896 0.0257 0.0346
106 0.0407 0.5122 0.1490 0.2168 0.0704 0.0109
107 0.0574 0.2827 0.1854 0.2344 0.2202 0.0199
108 0.0876 0.1538 0.1538 0.2964 0.2310 0.0773
109 0.0986 0.1992 0.1527 0.2404 0.1677 0.1412
110 0.0950 0.1747 0.1318 0.2351 0.1831 0.1803
111 0.1628 0.2727 0.0800 0.1210 0.2262 0.1372
112 0.1192 0.1630 0.0505 0.1289 0.5059 0.0326
113 0.0939 0.2803 0.0939 0.3831 0.0784 0.0703
114 0.0802 0.3826 0.1836 0.1646 0.0796 0.1096
115 0.1287 0.4187 0.3811 0.0540 0.0124 0.0051
116 0.2321 0.4270 0.1940 0.0587 0.0790 0.0094
117 0.1460 0.5215 0.1137 0.0585 0.1137 0.0463
118 0.1512 0.4844 0.1000 0.0531 0.1031 0.1081
119 0.0192 0.6675 0.1116 0.1064 0.0925 0.0026
120 0.0197 0.6387 0.1076 0.1127 0.1136 0.0075
121 0.0219 0.7188 0.0572 0.0576 0.1416 0.0028
122 0.0133 0.1561 0.0110 0.0247 0.7930 0.0016
123 0.0151 0.1556 0.0058 0.0076 0.8154 0.0006
124 0.3198 0.1559 0.0397 0.3828 0.0771 0.0245
125 0.0692 0.0206 0.1465 0.2416 0.3054 0.2166
126 0.0616 0.0330 0.1169 0.3894 0.1840 0.2151
127 0.0606 0.0495 0.1454 0.3713 0.1548 0.2183
128 0.0679 0.0435 0.1763 0.3730 0.1331 0.2061
129 0.0694 0.0837 0.1075 0.6382 0.0694 0.0315
130 0.1266 0.0739 0.0589 0.6187 0.0934 0.0287
131 0.0980 0.0489 0.0892 0.6289 0.0728 0.0623
132 0.2195 0.2264 0.1175 0.0827 0.3455 0.0084
133 0.2354 0.1862 0.1362 0.1892 0.2212 0.0319
134 0.1991 0.1730 0.0357 0.3181 0.1899 0.0843
135 0.3989 0.1689 0.0398 0.1179 0.2617 0.0128
136 0.3196 0.3511 0.0526 0.0353 0.2338 0.0078
137 0.2529 0.2338 0.0860 0.1671 0.1105 0.1498
138 0.2976 0.0776 0.0826 0.2078 0.1028 0.2317
139 0.1687 0.1377 0.1107 0.4514 0.0749 0.0565
140 0.2222 0.1285 0.1246 0.3779 0.0792 0.0677
141 0.2200 0.1355 0.1443 0.4175 0.0461 0.0365
142 0.0459 0.0780 0.1287 0.5854 0.0466 0.1153
143 0.3076 0.1986 0.0650 0.2216 0.1534 0.0539
144 0.1213 0.3145 0.1969 0.2864 0.0345 0.0464
145 0.1942 0.1377 0.1334 0.3572 0.0992 0.0784
146 0.2368 0.2406 0.0964 0.1932 0.1859 0.0470
147 0.0798 0.1913 0.1198 0.0977 0.5039 0.0074
148 0.1532 0.7251 0.0275 0.0081 0.0820 0.0042
149 0.1143 0.7163 0.0380 0.0132 0.1090 0.0090
150 0.1081 0.1304 0.0597 0.6025 0.0606 0.0385
151 0.2134 0.2069 0.2308 0.1378 0.1179 0.0933
152 0.2184 0.0767 0.0407 0.3179 0.2554 0.0911
153 0.1610 0.3923 0.0785 0.2253 0.0755 0.0671
154 0.2030 0.2300 0.1331 0.2605 0.0908 0.0826
155 0.2183 0.0305 0.0395 0.1987 0.0720 0.4409
156 0.3379 0.2083 0.1014 0.2251 0.0681 0.0592
157 0.4009 0.2629 0.1088 0.1006 0.0753 0.0514
158 0.3386 0.0528 0.1171 0.2808 0.0431 0.1676
159 0.1532 0.2246 0.0654 0.3645 0.1028 0.0894
160 0.0445 0.3340 0.1210 0.1119 0.3557 0.0328
161 0.1068 0.3672 0.1155 0.1846 0.1192 0.1068
162 0.1678 0.4355 0.0980 0.1459 0.0684 0.0844
163 0.1469 0.5415 0.0083 0.0218 0.2810 0.0004
164 0.0758 0.3318 0.0258 0.4065 0.1555 0.0045
165 0.1045 0.3269 0.0186 0.3047 0.2411 0.0042
166 0.1011 0.3640 0.0283 0.3018 0.2010 0.0037
167 0.0888 0.2032 0.0379 0.5029 0.1385 0.0286
168 0.1104 0.3704 0.0880 0.1450 0.1270 0.1593
169 0.0342 0.1362 0.0399 0.1028 0.0161 0.6704
170 0.0785 0.3518 0.0682 0.1160 0.0335 0.3518
171 0.1004 0.2837 0.0845 0.0746 0.0690 0.3877
172 0.1578 0.2010 0.0964 0.2208 0.2010 0.1229
173 0.1794 0.2590 0.0991 0.1713 0.1910 0.0999
174 0.1571 0.2472 0.0834 0.1559 0.2433 0.1132
175 0.0801 0.3884 0.2213 0.1697 0.1185 0.0221
176 0.1685 0.5928 0.0847 0.0132 0.1396 0.0014
177 0.1643 0.2729 0.0339 0.0313 0.4905 0.0070
178 0.2930 0.4434 0.0373 0.0171 0.2030 0.0062
179 0.3284 0.2898 0.0313 0.0171 0.3257 0.0077
180 0.2849 0.3154 0.0251 0.0332 0.3330 0.0085
181 0.2238 0.2477 0.0325 0.0150 0.4775 0.0036
182 0.1704 0.3037 0.0346 0.0566 0.4216 0.0130
183 0.1471 0.4031 0.0360 0.0456 0.3643 0.0040
184 0.0876 0.0667 0.0213 0.1455 0.6523 0.0265
185 0.1726 0.1910 0.0282 0.0526 0.5400 0.0157
186 0.1036 0.4131 0.0513 0.1417 0.2646 0.0256
187 0.0917 0.2454 0.0243 0.0822 0.5317 0.0245
188 0.1082 0.2852 0.0211 0.0850 0.4888 0.0119
189 0.0957 0.3213 0.0819 0.1720 0.2426 0.0865
190 0.0782 0.5024 0.0568 0.0853 0.2393 0.0378
191 0.0746 0.3789 0.0387 0.1202 0.3674 0.0201
192 0.0443 0.2930 0.0664 0.1982 0.3704 0.0277
193 0.0423 0.3271 0.0952 0.1924 0.3074 0.0356
194 0.1159 0.1355 0.1089 0.4880 0.1141 0.0376
195 0.2852 0.5762 0.0147 0.1152 0.0010 0.0076
196 0.2852 0.5762 0.0147 0.1152 0.0010 0.0076
197 0.9429 0.0383 0.0073 0.0033 0.0065 0.0018
198 0.9424 0.0386 0.0074 0.0034 0.0065 0.0019
199 0.9136 0.0465 0.0374 0.0007 0.0006 0.0014
200 0.9141 0.0528 0.0310 0.0006 0.0005 0.0011
