time exciting_prob fearful_prob tense_prob sad_prob relaxing_prob neutral_prob
0 0.1110 0.1566 0.1382 0.1298 0.0183 0.4460
1 0.0526 0.1376 0.0324 0.0213 0.7554 0.0005
2 0.0591 0.1865 0.0247 0.0362 0.6929 0.0005
3 0.0511 0.2220 0.0236 0.0792 0.6226 0.0016
4 0.0772 0.3459 0.5195 0.0204 0.0367 0.0003
5 0.0276 0.5015 0.4495 0.0086 0.0126 0.0001
6 0.2072 0.4316 0.0994 0.0857 0.1731 0.0031
7 0.1077 0.5020 0.1361 0.0177 0.2352 0.0015
8 0.0939 0.5039 0.1812 0.0298 0.1884 0.0029
9 0.0913 0.3967 0.2603 0.0497 0.1995 0.0026
10 0.0538 0.1373 0.3296 0.3452 0.0546 0.0795
11 0.1860 0.4395 0.1506 0.1472 0.0558 0.0209
12 0.0986 0.6895 0.1246 0.0683 0.0170 0.0020
13 0.1210 0.5864 0.1506 0.0227 0.1182 0.0010
14 0.0819 0.7080 0.1580 0.0072 0.0449 0.0003
15 0.0476 0.0862 0.2307 0.5117 0.0164 0.1073
16 0.0948 0.0294 0.0371 0.8193 0.0098 0.0097
17 0.0737 0.3127 0.1443 0.0124 0.4517 0.0052
18 0.0712 0.2688 0.1183 0.0108 0.5264 0.0044
19 0.0210 0.0939 0.0186 0.0019 0.8638 0.0006
20 0.0170 0.0442 0.0073 0.0007 0.9307 0.0003
21 0.3362 0.2328 0.1135 0.0106 0.3059 0.0010
22 0.1343 0.2754 0.3916 0.0117 0.1821 0.0049
23 0.2173 0.2386 0.1119 0.0109 0.4158 0.0055
24 0.2664 0.0706 0.1403 0.1859 0.0623 0.2747
25 0.1083 0.1458 0.1390 0.5586 0.0354 0.0129
26 0.0805 0.2993 0.2349 0.1887 0.1947 0.0020
27 0.0822 0.4106 0.3738 0.1105 0.0116 0.0113
28 0.0276 0.2043 0.1592 0.5913 0.0112 0.0064
29 0.3381 0.0714 0.1205 0.2593 0.1810 0.0295
30 0.3589 0.3818 0.1147 0.0221 0.1147 0.0079
31 0.4395 0.1733 0.1329 0.0390 0.2075 0.0078
32 0.3174 0.1635 0.1534 0.0261 0.3352 0.0043
33 0.1445 0.0786 0.0710 0.6685 0.0325 0.0047
34 0.0605 0.0494 0.1570 0.6113 0.0087 0.1131
35 0.1442 0.4580 0.2510 0.0036 0.1418 0.0014
36 0.1932 0.1101 0.0166 0.0306 0.6484 0.0011
37 0.1501 0.0842 0.4624 0.1000 0.1989 0.0044
38 0.1276 0.1930 0.5586 0.0151 0.1041 0.0017
39 0.0089 0.1586 0.1421 0.6270 0.0126 0.0507
40 0.0298 0.1335 0.2917 0.4661 0.0106 0.0682
41 0.0840 0.6353 0.1923 0.0659 0.0212 0.0011
42 0.2357 0.0362 0.1595 0.3650 0.0605 0.1429
43 0.4199 0.1104 0.0937 0.0115 0.3621 0.0023
44 0.1716 0.3931 0.3184 0.0074 0.1091 0.0005
45 0.1285 0.4282 0.3606 0.0061 0.0762 0.0004
46 0.2455 0.2252 0.3152 0.0089 0.2003 0.0048
47 0.2423 0.0793 0.2500 0.3694 0.0369 0.0222
48 0.1293 0.5483 0.1534 0.0457 0.1177 0.0056
49 0.2219 0.5283 0.1326 0.0531 0.0616 0.0026
50 0.1022 0.3350 0.2163 0.3147 0.0282 0.0035
51 0.1427 0.1721 0.3167 0.3318 0.0174 0.0193
52 0.4695 0.1432 0.2019 0.0175 0.1597 0.0083
53 0.5542 0.0877 0.1445 0.0057 0.2070 0.0009
54 0.3938 0.3877 0.1111 0.0224 0.0752 0.0097
55 0.1136 0.2089 0.2367 0.3235 0.0756 0.0418
56 0.0642 0.7178 0.1505 0.0387 0.0283 0.0003
57 0.1865 0.3274 0.1233 0.0026 0.3594 0.0008
58 0.6401 0.0707 0.0644 0.0023 0.2212 0.0015
59 0.4834 0.0930 0.1062 0.0080 0.3074 0.0020
60 0.1098 0.7104 0.0709 0.0687 0.0395 0.0007
61 0.6396 0.2144 0.1212 0.0052 0.0183 0.0012
62 0.3123 0.1908 0.4333 0.0300 0.0277 0.0060
63 0.0066 0.6387 0.3528 0.0014 0.0004 0.0001
64 0.0468 0.6938 0.2435 0.0071 0.0078 0.0009
65 0.1794 0.4207 0.2825 0.0200 0.0809 0.0167
66 0.1860 0.1279 0.5557 0.0017 0.1279 0.0010
67 0.1125 0.2310 0.4739 0.0085 0.1664 0.0077
68 0.0795 0.3220 0.4541 0.0051 0.1353 0.0038
69 0.1105 0.2671 0.5835 0.0108 0.0264 0.0020
70 0.0974 0.3145 0.5479 0.0055 0.0334 0.0015
71 0.2168 0.2135 0.1663 0.0111 0.3896 0.0028
72 0.3035 0.1715 0.3333 0.0016 0.1898 0.0005
73 0.4514 0.1523 0.3354 0.0223 0.0293 0.0091
74 0.2812 0.0711 0.3064 0.2683 0.0632 0.0097
75 0.6514 0.1523 0.1672 0.0064 0.0195 0.0032
76 0.4072 0.3650 0.1685 0.0266 0.0304 0.0023
77 0.0946 0.5620 0.2759 0.0228 0.0395 0.0053
78 0.3328 0.3276 0.2593 0.0397 0.0370 0.0036
79 0.1738 0.5479 0.2413 0.0093 0.0269 0.0007
80 0.1570 0.7485 0.0735 0.0058 0.0146 0.0005
81 0.2239 0.1208 0.1945 0.1001 0.3413 0.0194
82 0.4846 0.2307 0.1367 0.0066 0.1389 0.0023
83 0.1400 0.0662 0.0890 0.2698 0.2006 0.2345
84 0.1788 0.1137 0.2563 0.2949 0.0274 0.1288
85 0.2891 0.2433 0.0230 0.0103 0.4338 0.0006
86 0.3550 0.2103 0.0289 0.0377 0.3662 0.0017
87 0.0700 0.2058 0.0126 0.0042 0.7070 0.0002
88 0.3845 0.2026 0.2090 0.0438 0.1553 0.0048
89 0.0759 0.6260 0.1970 0.0118 0.0881 0.0012
90 0.1508 0.1299 0.0845 0.0174 0.6147 0.0025
91 0.1980 0.2444 0.4094 0.0387 0.1051 0.0045
92 0.1570 0.1780 0.1475 0.4009 0.0551 0.0615
93 0.1676 0.5122 0.1295 0.0671 0.1216 0.0021
94 0.0370 0.3376 0.4404 0.0840 0.0983 0.0026
95 0.4153 0.4634 0.0844 0.0052 0.0313 0.0006
96 0.4116 0.2220 0.2220 0.0174 0.1236 0.0033
97 0.4119 0.2054 0.2039 0.0395 0.1296 0.0098
98 0.2690 0.0224 0.1122 0.1908 0.3977 0.0076
99 0.2286 0.0976 0.1597 0.2114 0.2983 0.0044
100 0.1041 0.1716 0.1638 0.4890 0.0641 0.0073
101 0.4680 0.1791 0.2861 0.0179 0.0460 0.0028
102 0.3843 0.3286 0.2173 0.0067 0.0599 0.0032
103 0.6763 0.1322 0.1087 0.0297 0.0309 0.0221
104 0.5947 0.1691 0.2188 0.0015 0.0155 0.0007
105 0.4861 0.2881 0.1875 0.0028 0.0349 0.0006
106 0.6655 0.0765 0.2411 0.0015 0.0144 0.0009
107 0.1941 0.0583 0.4375 0.1941 0.0271 0.0889
108 0.1786 0.2722 0.4419 0.0496 0.0208 0.0368
109 0.3711 0.1595 0.1647 0.1243 0.1766 0.0039
110 0.1401 0.3635 0.3750 0.0285 0.0912 0.0017
111 0.0751 0.5337 0.2191 0.0899 0.0806 0.0013
112 0.2156 0.1248 0.2642 0.2725 0.0308 0.0920
113 0.1689 0.3108 0.3867 0.0919 0.0187 0.0230
114 0.4248 0.3413 0.2135 0.0039 0.0146 0.0020
115 0.3743 0.2148 0.1421 0.2166 0.0353 0.0170
116 0.4106 0.0317 0.0796 0.3857 0.0243 0.0681
117 0.6719 0.1608 0.0676 0.0089 0.0902 0.0007
118 0.1447 0.0622 0.1639 0.3311 0.1180 0.1801
119 0.0383 0.1381 0.2876 0.4817 0.0086 0.0455
120 0.0054 0.2766 0.0912 0.6235 0.0011 0.0022
121 0.2532 0.1956 0.1583 0.3250 0.0128 0.0552
122 0.2081 0.1376 0.6260 0.0078 0.0192 0.0012
123 0.1609 0.0848 0.3198 0.2693 0.0748 0.0902
124 0.1175 0.2112 0.5186 0.0789 0.0568 0.0171
125 0.1487 0.0945 0.0714 0.0565 0.6260 0.0027
126 0.1418 0.2339 0.0759 0.0167 0.5312 0.0004
127 0.0648 0.0907 0.0143 0.0026 0.8271 0.0003
128 0.0738 0.5410 0.3081 0.0134 0.0503 0.0133
129 0.4119 0.0884 0.3870 0.0205 0.0898 0.0024
130 0.1744 0.1639 0.1338 0.0023 0.5249 0.0006
131 0.5190 0.2267 0.2097 0.0109 0.0332 0.0006
132 0.2573 0.1432 0.4661 0.1040 0.0185 0.0109
133 0.2488 0.1805 0.4365 0.1184 0.0091 0.0066
134 0.3921 0.2781 0.2252 0.0698 0.0232 0.0117
135 0.2720 0.2515 0.4243 0.0113 0.0401 0.0009
136 0.1686 0.3711 0.4475 0.0030 0.0094 0.0003
137 0.3225 0.3201 0.3459 0.0025 0.0074 0.0016
138 0.0989 0.0231 0.1792 0.6064 0.0555 0.0370
139 0.1749 0.1876 0.3167 0.0199 0.2905 0.0103
140 0.1131 0.0861 0.2957 0.0145 0.4875 0.0031
141 0.1327 0.1171 0.4419 0.2598 0.0320 0.0164
142 0.3027 0.2981 0.3652 0.0072 0.0247 0.0021
143 0.7056 0.1611 0.0897 0.0013 0.0411 0.0012
144 0.2222 0.4487 0.3037 0.0082 0.0143 0.0029
145 0.5137 0.1951 0.2013 0.0559 0.0288 0.0052
146 0.4512 0.3459 0.1713 0.0039 0.0273 0.0006
147 0.2512 0.4077 0.3276 0.0019 0.0109 0.0005
148 0.4885 0.4050 0.0903 0.0013 0.0141 0.0010
149 0.0864 0.5332 0.3665 0.0090 0.0021 0.0029
150 0.4624 0.4446 0.0687 0.0092 0.0149 0.0003
151 0.5981 0.1273 0.2343 0.0090 0.0253 0.0059
152 0.2661 0.3235 0.3416 0.0092 0.0562 0.0033
153 0.5186 0.2864 0.1710 0.0092 0.0100 0.0047
154 0.3250 0.3918 0.2529 0.0040 0.0245 0.0018
155 0.2546 0.5518 0.0901 0.0059 0.0967 0.0008
156 0.2754 0.3320 0.2932 0.0713 0.0144 0.0138
157 0.1351 0.4395 0.2666 0.0521 0.1036 0.0031
158 0.1328 0.0717 0.1328 0.5996 0.0516 0.0114
159 0.1225 0.2235 0.2695 0.2915 0.0433 0.0495
160 0.2211 0.0880 0.1862 0.3479 0.0367 0.1202
161 0.5454 0.3181 0.0829 0.0014 0.0519 0.0004
162 0.4509 0.0796 0.2913 0.0975 0.0243 0.0565
163 0.0211 0.0391 0.0114 0.0316 0.8960 0.0011
164 0.0430 0.1912 0.0778 0.1853 0.4958 0.0068
165 0.0142 0.0399 0.0116 0.0328 0.9004 0.0011
166 0.0136 0.0066 0.0043 0.0039 0.9712 0.0001
167 0.0080 0.0024 0.0026 0.0260 0.9600 0.0010
168 0.0334 0.4534 0.1519 0.1642 0.0879 0.1094
169 0.0619 0.2029 0.2524 0.3560 0.0609 0.0659
170 0.1173 0.0554 0.1229 0.6240 0.0321 0.0481
171 0.3945 0.2507 0.1893 0.0526 0.0974 0.0154
172 0.3794 0.2820 0.1937 0.0513 0.0820 0.0115
173 0.0355 0.8198 0.1181 0.0246 0.0016 0.0006
174 0.0448 0.5542 0.1718 0.2172 0.0048 0.0071
175 0.0457 0.6929 0.2322 0.0159 0.0122 0.0011
176 0.0506 0.6309 0.0790 0.2080 0.0273 0.0042
177 0.0536 0.3088 0.3088 0.1932 0.1101 0.0253
178 0.2312 0.0558 0.1565 0.4319 0.0154 0.1092
179 0.1826 0.0565 0.1143 0.5200 0.0157 0.1107
180 0.0417 0.0382 0.0110 0.0307 0.8770 0.0016
181 0.2247 0.0339 0.0776 0.3591 0.1184 0.1863
182 0.0800 0.0643 0.1340 0.6196 0.0367 0.0653
183 0.1456 0.0458 0.1327 0.3779 0.2678 0.0301
184 0.5151 0.1547 0.1167 0.0088 0.2017 0.0031
185 0.3838 0.1066 0.2478 0.1575 0.0870 0.0174
186 0.3430 0.3223 0.2015 0.0423 0.0881 0.0030
187 0.1390 0.3606 0.1066 0.2517 0.1370 0.0049
188 0.0340 0.0967 0.0578 0.3430 0.4543 0.0142
189 0.1292 0.1194 0.4233 0.1462 0.0262 0.1558
190 0.0475 0.3706 0.0498 0.0615 0.4685 0.0021
191 0.0358 0.0326 0.0425 0.0069 0.8813 0.0008
192 0.1288 0.0178 0.2603 0.5254 0.0296 0.0381
193 0.0538 0.1158 0.3857 0.4104 0.0084 0.0258
194 0.1444 0.0484 0.0978 0.6372 0.0395 0.0325
195 0.3940 0.2209 0.1592 0.0449 0.1748 0.0062
196 0.2446 0.0669 0.1289 0.4033 0.0254 0.1310
197 0.0444 0.0213 0.0225 0.0320 0.8789 0.0010
198 0.4250 0.1639 0.2681 0.1010 0.0378 0.0040
199 0.1880 0.0991 0.2130 0.3567 0.0312 0.1122
200 0.4204 0.1224 0.1780 0.1431 0.0834 0.0526
201 0.5625 0.0598 0.1575 0.0371 0.1587 0.0242
202 0.8320 0.0739 0.0762 0.0036 0.0133 0.0007
203 0.7207 0.1595 0.0945 0.0039 0.0206 0.0010
204 0.7139 0.0513 0.0989 0.0235 0.1053 0.0071
205 0.6851 0.1447 0.1218 0.0071 0.0372 0.0042
206 0.9194 0.0374 0.0191 0.0023 0.0213 0.0004
207 0.0948 0.1256 0.2874 0.1798 0.0507 0.2617
208 0.6460 0.1282 0.1672 0.0046 0.0518 0.0023
209 0.5576 0.3176 0.0896 0.0051 0.0298 0.0005
210 0.7959 0.1077 0.0696 0.0026 0.0235 0.0006
211 0.8276 0.0474 0.0674 0.0033 0.0537 0.0007
212 0.4641 0.2371 0.2407 0.0066 0.0497 0.0019
213 0.7583 0.0831 0.1267 0.0038 0.0272 0.0009
214 0.4243 0.2676 0.2761 0.0078 0.0220 0.0023
215 0.4607 0.3044 0.1682 0.0076 0.0572 0.0019
216 0.1122 0.7261 0.1261 0.0071 0.0224 0.0063
217 0.7065 0.1425 0.1436 0.0040 0.0025 0.0007
218 0.5811 0.2499 0.1600 0.0044 0.0035 0.0013
219 0.0909 0.1131 0.4202 0.1223 0.0179 0.2357
220 0.6206 0.1953 0.1384 0.0023 0.0422 0.0011
221 0.7637 0.1256 0.0870 0.0016 0.0207 0.0014
222 0.3630 0.3894 0.2201 0.0047 0.0215 0.0013
223 0.3457 0.1765 0.3196 0.0887 0.0502 0.0193
224 0.3799 0.4045 0.1355 0.0230 0.0552 0.0018
225 0.6362 0.1534 0.0720 0.1047 0.0332 0.0006
226 0.4631 0.2404 0.1401 0.1296 0.0217 0.0051
227 0.1095 0.1569 0.1384 0.1300 0.0183 0.4468
228 0.1110 0.1566 0.1382 0.1298 0.0183 0.4460
