time exciting_prob fearful_prob tense_prob sad_prob relaxing_prob neutral_prob
0 0.1118 0.1576 0.1348 0.1287 0.0181 0.4490
1 0.0181 0.3477 0.0272 0.2974 0.3020 0.0076
2 0.0127 0.1333 0.0419 0.4800 0.3247 0.0072
3 0.0088 0.1069 0.0467 0.5518 0.2566 0.0292
4 0.0180 0.0085 0.0152 0.3250 0.6260 0.0073
5 0.0065 0.0018 0.0093 0.0055 0.9766 0.0004
6 0.0061 0.0024 0.0056 0.0021 0.9834 0.0002
7 0.0034 0.0013 0.0067 0.0035 0.9844 0.0005
8 0.0036 0.0020 0.0058 0.0025 0.9858 0.0003
9 0.0048 0.0020 0.0053 0.0015 0.9863 0.0003
10 0.0117 0.0888 0.1038 0.1123 0.6665 0.0167
11 0.0082 0.1236 0.1467 0.1562 0.5537 0.0113
12 0.0093 0.2462 0.1774 0.2241 0.3313 0.0118
13 0.0125 0.0858 0.1371 0.2600 0.4785 0.0262
14 0.0209 0.0117 0.0246 0.1644 0.7720 0.0062
15 0.0137 0.0049 0.0142 0.0182 0.9463 0.0026
16 0.0239 0.0073 0.0183 0.0930 0.8545 0.0028
17 0.0420 0.3032 0.1869 0.1356 0.3279 0.0044
18 0.0185 0.1083 0.1171 0.0421 0.7065 0.0075
19 0.0252 0.2140 0.1693 0.0425 0.5464 0.0027
20 0.0217 0.0083 0.0120 0.0496 0.9072 0.0015
21 0.0179 0.0083 0.0144 0.0519 0.9053 0.0024
22 0.0131 0.0044 0.0166 0.0142 0.9497 0.0019
23 0.0076 0.0029 0.0129 0.0294 0.9448 0.0022
24 0.0094 0.0028 0.0136 0.0157 0.9565 0.0018
25 0.0455 0.0500 0.0594 0.0107 0.8320 0.0022
26 0.0591 0.0577 0.1021 0.0429 0.7314 0.0066
27 0.0316 0.0353 0.0446 0.0033 0.8828 0.0023
28 0.0313 0.0187 0.0197 0.0015 0.9282 0.0005
29 0.0181 0.0110 0.0240 0.0029 0.9434 0.0006
30 0.0049 0.0155 0.0484 0.0160 0.9141 0.0013
31 0.0194 0.0200 0.0687 0.0129 0.8779 0.0012
32 0.0137 0.0114 0.0169 0.0038 0.9536 0.0005
33 0.0182 0.0026 0.0085 0.0046 0.9648 0.0013
34 0.1609 0.2216 0.3198 0.0407 0.2472 0.0097
35 0.1070 0.1556 0.3347 0.0741 0.3096 0.0189
36 0.0052 0.0110 0.0070 0.0289 0.9424 0.0056
37 0.0035 0.0045 0.0143 0.0187 0.9434 0.0157
38 0.0236 0.0396 0.2106 0.0878 0.4819 0.1565
39 0.0266 0.0320 0.0311 0.0311 0.8525 0.0270
40 0.1277 0.4058 0.2172 0.0247 0.2241 0.0005
41 0.0074 0.0019 0.0066 0.0012 0.9824 0.0005
42 0.0110 0.0083 0.0644 0.0094 0.9028 0.0040
43 0.0328 0.0775 0.1542 0.0632 0.6694 0.0028
44 0.0646 0.1625 0.0912 0.0484 0.6328 0.0004
45 0.1393 0.3906 0.2603 0.0378 0.1707 0.0014
46 0.0411 0.2294 0.2642 0.3040 0.1481 0.0134
47 0.0583 0.2151 0.1116 0.0293 0.5850 0.0007
48 0.2563 0.2905 0.2446 0.0845 0.1120 0.0121
49 0.2233 0.2529 0.3101 0.1014 0.1014 0.0107
50 0.1858 0.2312 0.3110 0.0986 0.1564 0.0170
51 0.0461 0.6670 0.1852 0.0483 0.0518 0.0014
52 0.0544 0.6221 0.2515 0.0371 0.0327 0.0024
53 0.1074 0.3130 0.2363 0.1702 0.1575 0.0156
54 0.0710 0.5122 0.2238 0.1207 0.0407 0.0315
55 0.0394 0.3027 0.1621 0.3950 0.0916 0.0091
56 0.2087 0.1962 0.3259 0.0657 0.1962 0.0073
57 0.0109 0.0232 0.0233 0.0457 0.8965 0.0003
58 0.0028 0.0052 0.0035 0.0045 0.9834 0.0004
59 0.0094 0.0215 0.0113 0.0134 0.9424 0.0018
60 0.0081 0.0097 0.0132 0.0120 0.9561 0.0011
61 0.1503 0.0458 0.0970 0.0142 0.6841 0.0087
62 0.0618 0.0149 0.0658 0.0191 0.8271 0.0109
63 0.1876 0.0929 0.0989 0.0334 0.5688 0.0181
64 0.1694 0.2408 0.2297 0.0367 0.3140 0.0093
65 0.1203 0.3650 0.3945 0.0269 0.0880 0.0054
66 0.2742 0.2515 0.1444 0.1265 0.1958 0.0077
67 0.1382 0.4424 0.2057 0.1505 0.0576 0.0056
68 0.1976 0.2830 0.2310 0.1144 0.1625 0.0115
69 0.1810 0.2494 0.1648 0.2612 0.1356 0.0080
70 0.2620 0.3362 0.2072 0.0884 0.1002 0.0062
71 0.0658 0.2262 0.2484 0.0272 0.4292 0.0031
72 0.1014 0.2321 0.4543 0.1594 0.0498 0.0031
73 0.1348 0.3308 0.2310 0.0850 0.2007 0.0177
74 0.1359 0.4119 0.2537 0.1058 0.0727 0.0202
75 0.1567 0.2485 0.4099 0.0467 0.1310 0.0072
76 0.1646 0.2529 0.4302 0.0419 0.1088 0.0015
77 0.0586 0.2883 0.3533 0.2317 0.0173 0.0509
78 0.0285 0.5913 0.3164 0.0550 0.0038 0.0052
79 0.0496 0.2678 0.0897 0.1433 0.2595 0.1899
80 0.1676 0.0779 0.1599 0.1188 0.2637 0.2119
81 0.1400 0.1400 0.2006 0.2576 0.2308 0.0312
82 0.0320 0.0536 0.1479 0.1134 0.5005 0.1526
83 0.1042 0.0196 0.1338 0.1109 0.4597 0.1718
84 0.1203 0.0208 0.2886 0.0542 0.2319 0.2842
85 0.1201 0.0321 0.2209 0.0751 0.3474 0.2043
86 0.0853 0.2112 0.1750 0.2798 0.2047 0.0439
87 0.0561 0.3411 0.2102 0.2169 0.1216 0.0540
88 0.0637 0.0459 0.4709 0.1392 0.2405 0.0399
89 0.0712 0.1230 0.2729 0.4792 0.0364 0.0172
90 0.1688 0.1561 0.2202 0.1974 0.1854 0.0720
91 0.0786 0.3811 0.3525 0.0657 0.1127 0.0095
92 0.1285 0.1456 0.3604 0.1367 0.2152 0.0136
93 0.1620 0.4043 0.3298 0.0498 0.0382 0.0159
94 0.1598 0.1958 0.2939 0.1702 0.1099 0.0704
95 0.0403 0.0587 0.3650 0.3887 0.0394 0.1079
96 0.1142 0.2379 0.2695 0.2306 0.1000 0.0476
97 0.0594 0.2010 0.2278 0.2107 0.2388 0.0623
98 0.1353 0.0446 0.2128 0.1907 0.3047 0.1121
99 0.2059 0.3215 0.2043 0.1438 0.1155 0.0090
100 0.0943 0.0600 0.1906 0.4644 0.1174 0.0735
101 0.1440 0.2734 0.2231 0.1054 0.1879 0.0660
102 0.0707 0.1130 0.2391 0.3535 0.1696 0.0542
103 0.0777 0.5786 0.1632 0.0736 0.0702 0.0364
104 0.1575 0.1599 0.1305 0.0890 0.4485 0.0148
105 0.1107 0.1741 0.1124 0.0687 0.5278 0.0062
106 0.0682 0.3303 0.5449 0.0451 0.0094 0.0023
107 0.0512 0.4707 0.3667 0.0871 0.0210 0.0034
108 0.0355 0.3423 0.1567 0.4465 0.0163 0.0025
109 0.0351 0.5581 0.2988 0.0986 0.0053 0.0038
110 0.0257 0.5840 0.3433 0.0340 0.0113 0.0020
111 0.1289 0.2859 0.2227 0.2227 0.1019 0.0381
112 0.0544 0.4048 0.2167 0.1334 0.1824 0.0084
113 0.1714 0.3103 0.2612 0.0539 0.1768 0.0263
114 0.2915 0.2869 0.2269 0.0370 0.1421 0.0156
115 0.1100 0.6841 0.1327 0.0523 0.0171 0.0038
116 0.1493 0.5049 0.2312 0.0233 0.0858 0.0054
117 0.0629 0.3350 0.5190 0.0660 0.0106 0.0065
118 0.1514 0.1235 0.1688 0.4246 0.0427 0.0890
119 0.1423 0.2275 0.5542 0.0215 0.0395 0.0148
120 0.0309 0.2047 0.1301 0.4836 0.1407 0.0100
121 0.0597 0.5117 0.2494 0.0883 0.0903 0.0004
122 0.0465 0.5410 0.2021 0.1074 0.1017 0.0012
123 0.0153 0.0226 0.0449 0.1405 0.7476 0.0290
124 0.0110 0.0087 0.0265 0.0458 0.8911 0.0171
125 0.0078 0.0064 0.0394 0.0332 0.8975 0.0159
126 0.0052 0.0033 0.0093 0.0186 0.9521 0.0114
127 0.0061 0.0045 0.0057 0.0266 0.9526 0.0046
128 0.0488 0.1783 0.0798 0.1729 0.5083 0.0120
129 0.0250 0.1952 0.0605 0.1892 0.5142 0.0159
130 0.0208 0.1038 0.0482 0.5879 0.2163 0.0231
131 0.0123 0.2231 0.0410 0.6558 0.0615 0.0062
132 0.0348 0.3826 0.0784 0.3652 0.1302 0.0089
133 0.0323 0.0236 0.0508 0.0851 0.7944 0.0137
134 0.0285 0.2578 0.1058 0.1469 0.4524 0.0085
135 0.0269 0.0269 0.0606 0.2512 0.6030 0.0315
136 0.0280 0.0823 0.0404 0.1400 0.6997 0.0094
137 0.0358 0.3140 0.3672 0.1249 0.1415 0.0166
138 0.0182 0.5483 0.2629 0.1167 0.0429 0.0111
139 0.1093 0.1746 0.1403 0.3997 0.1403 0.0360
140 0.0898 0.2898 0.2764 0.1575 0.1703 0.0162
141 0.0595 0.4465 0.3879 0.0478 0.0415 0.0166
142 0.0510 0.3767 0.4688 0.0665 0.0167 0.0203
143 0.0277 0.1078 0.0894 0.3884 0.3594 0.0273
144 0.0452 0.0769 0.1654 0.1085 0.5957 0.0086
145 0.0410 0.4407 0.4141 0.0645 0.0148 0.0249
146 0.1620 0.1046 0.2015 0.3074 0.0923 0.1322
147 0.0211 0.0759 0.1053 0.0901 0.6870 0.0204
148 0.0762 0.1515 0.1057 0.1613 0.4888 0.0166
149 0.1757 0.3335 0.3386 0.0444 0.0305 0.0773
150 0.0326 0.0513 0.0591 0.4575 0.2820 0.1175
151 0.0344 0.1516 0.2620 0.3813 0.1614 0.0093
152 0.0324 0.5073 0.4272 0.0191 0.0112 0.0029
153 0.0436 0.1521 0.5312 0.1131 0.0967 0.0634
154 0.2144 0.6401 0.0894 0.0381 0.0119 0.0061
155 0.0742 0.3174 0.3225 0.1597 0.0606 0.0655
156 0.1274 0.3633 0.3467 0.1125 0.0165 0.0338
157 0.3386 0.1265 0.1433 0.2220 0.1433 0.0261
158 0.2512 0.2252 0.1727 0.0822 0.2634 0.0052
159 0.1906 0.2371 0.1616 0.0701 0.3342 0.0064
160 0.1222 0.3071 0.0425 0.0196 0.4985 0.0099
161 0.0740 0.2925 0.0613 0.0711 0.4976 0.0036
162 0.0760 0.7212 0.1465 0.0161 0.0365 0.0040
163 0.1846 0.3115 0.3215 0.0685 0.0900 0.0238
164 0.1235 0.1854 0.0535 0.0984 0.5283 0.0110
165 0.0827 0.2932 0.3025 0.1864 0.1130 0.0223
166 0.1321 0.3269 0.1342 0.1364 0.2546 0.0157
167 0.1832 0.1630 0.1394 0.1249 0.3477 0.0418
168 0.1249 0.1288 0.1309 0.1628 0.3967 0.0558
169 0.2211 0.2625 0.2317 0.0839 0.1833 0.0175
170 0.0317 0.4771 0.2324 0.1897 0.0377 0.0315
171 0.0723 0.1230 0.3557 0.1875 0.1578 0.1036
172 0.0643 0.4678 0.4001 0.0546 0.0070 0.0064
173 0.0980 0.3528 0.4976 0.0292 0.0104 0.0123
174 0.0936 0.3164 0.5298 0.0409 0.0086 0.0106
175 0.1932 0.2854 0.1553 0.0369 0.3135 0.0156
176 0.0161 0.0220 0.0227 0.0076 0.9214 0.0101
177 0.0715 0.1663 0.1587 0.0289 0.5625 0.0120
178 0.1664 0.2966 0.3308 0.0792 0.1161 0.0111
179 0.0385 0.4922 0.1573 0.1598 0.1501 0.0019
180 0.0699 0.2172 0.0220 0.0193 0.6689 0.0028
181 0.0092 0.0103 0.0132 0.0041 0.9570 0.0062
182 0.0092 0.0052 0.0077 0.0058 0.9678 0.0044
183 0.0167 0.0677 0.0386 0.0325 0.8252 0.0193
184 0.0196 0.0260 0.0159 0.0222 0.9097 0.0065
185 0.0374 0.0875 0.0330 0.0141 0.8174 0.0108
186 0.0262 0.0246 0.0591 0.1140 0.7549 0.0211
187 0.0194 0.2937 0.0587 0.4338 0.1896 0.0047
188 0.0113 0.0833 0.0146 0.0331 0.8540 0.0035
189 0.0152 0.0278 0.0055 0.0075 0.9409 0.0030
190 0.0171 0.0269 0.0030 0.0138 0.9336 0.0055
191 0.0261 0.0265 0.0023 0.0330 0.8994 0.0128
192 0.5928 0.0556 0.1476 0.1431 0.0359 0.0252
193 0.5923 0.0555 0.1475 0.1429 0.0361 0.0254
194 0.8125 0.0579 0.0817 0.0296 0.0150 0.0034
