time exciting_prob fearful_prob tense_prob sad_prob relaxing_prob neutral_prob
0 0.5171 0.0341 0.2405 0.2057 0.0015 0.0014
1 0.4031 0.0344 0.4568 0.1052 0.0003 0.0001
2 0.3979 0.0345 0.4583 0.1088 0.0003 0.0001
3 0.8896 0.0143 0.0665 0.0293 0.0005 0.0000
4 0.8599 0.0193 0.0745 0.0459 0.0006 0.0000
5 0.8569 0.0197 0.0772 0.0457 0.0006 0.0000
6 0.6802 0.0331 0.1542 0.1318 0.0006 0.0000
7 0.6704 0.0364 0.1520 0.1405 0.0008 0.0000
8 0.6943 0.0386 0.1356 0.1305 0.0008 0.0000
9 0.1387 0.0334 0.6309 0.0578 0.1387 0.0005
10 0.1296 0.0202 0.6479 0.0549 0.1469 0.0004
11 0.1318 0.1201 0.4258 0.2583 0.0576 0.0064
12 0.2067 0.0803 0.1489 0.2532 0.2654 0.0454
13 0.1687 0.1355 0.2131 0.2003 0.2098 0.0725
14 0.1365 0.0457 0.1597 0.2800 0.3174 0.0606
15 0.1652 0.0251 0.1144 0.0598 0.6333 0.0022
16 0.1302 0.0416 0.1354 0.0583 0.6313 0.0033
17 0.1205 0.0626 0.7617 0.0176 0.0370 0.0003
18 0.1793 0.0379 0.0551 0.0232 0.7041 0.0006
19 0.4067 0.0929 0.1362 0.0974 0.2646 0.0021
20 0.1136 0.0233 0.7466 0.0885 0.0278 0.0001
21 0.1190 0.0253 0.7178 0.0338 0.1034 0.0007
22 0.0679 0.3450 0.4790 0.0555 0.0525 0.0003
23 0.2010 0.0585 0.3018 0.2925 0.1448 0.0014
24 0.3416 0.0652 0.4385 0.0500 0.1049 0.0001
25 0.3389 0.1370 0.3311 0.0864 0.1066 0.0001
26 0.4658 0.1700 0.3435 0.0175 0.0019 0.0013
27 0.5210 0.1277 0.3210 0.0266 0.0022 0.0012
28 0.3469 0.0371 0.5811 0.0122 0.0224 0.0002
29 0.0439 0.0406 0.5264 0.3562 0.0190 0.0141
30 0.1523 0.0476 0.2673 0.1648 0.1597 0.2083
31 0.0598 0.0207 0.3962 0.2223 0.2854 0.0156
32 0.1532 0.0595 0.0908 0.1005 0.5918 0.0045
33 0.0579 0.0154 0.7871 0.1001 0.0142 0.0251
34 0.2017 0.0093 0.4688 0.2549 0.0649 0.0006
35 0.4890 0.0750 0.2830 0.0496 0.1033 0.0002
36 0.2466 0.1036 0.2228 0.0358 0.3909 0.0005
37 0.1299 0.0851 0.2771 0.0321 0.4749 0.0010
38 0.2339 0.0901 0.0615 0.1510 0.4614 0.0021
39 0.0716 0.0053 0.1539 0.1469 0.6187 0.0038
40 0.0498 0.0279 0.0945 0.5522 0.2734 0.0018
41 0.1584 0.0491 0.6777 0.0194 0.0946 0.0009
42 0.2090 0.1654 0.5215 0.0769 0.0272 0.0001
43 0.2676 0.0977 0.2184 0.1741 0.2417 0.0008
44 0.1714 0.0454 0.1913 0.4961 0.0903 0.0054
45 0.0655 0.1123 0.1852 0.2612 0.3740 0.0017
46 0.1087 0.0522 0.0887 0.0073 0.7427 0.0002
47 0.0483 0.0515 0.2871 0.5449 0.0651 0.0034
48 0.1405 0.0776 0.3760 0.3069 0.0921 0.0070
49 0.1868 0.0280 0.2474 0.5078 0.0293 0.0009
50 0.0724 0.0901 0.1078 0.0102 0.7197 0.0001
51 0.2974 0.1427 0.2666 0.0138 0.2793 0.0002
52 0.3647 0.0718 0.4331 0.0393 0.0908 0.0005
53 0.2410 0.0758 0.0846 0.0248 0.5737 0.0003
54 0.2886 0.0659 0.1087 0.0376 0.4988 0.0003
55 0.0564 0.1194 0.6763 0.0659 0.0200 0.0620
56 0.0624 0.0517 0.4397 0.4067 0.0367 0.0029
57 0.1959 0.1611 0.1356 0.2053 0.2986 0.0034
58 0.3201 0.1409 0.2590 0.0208 0.2590 0.0002
59 0.2430 0.0559 0.1417 0.1373 0.4199 0.0021
60 0.2478 0.4116 0.2186 0.0607 0.0612 0.0001
61 0.5425 0.0172 0.0586 0.3477 0.0331 0.0008
62 0.2020 0.0365 0.2184 0.3435 0.1989 0.0006
63 0.4592 0.1716 0.0598 0.0263 0.2830 0.0003
64 0.2489 0.0514 0.1396 0.0983 0.4614 0.0005
65 0.0461 0.1356 0.4590 0.3154 0.0192 0.0247
66 0.0277 0.0334 0.3027 0.6118 0.0221 0.0023
67 0.1948 0.2313 0.1482 0.3845 0.0402 0.0011
68 0.0142 0.4280 0.3281 0.2152 0.0014 0.0131
69 0.0560 0.0815 0.4688 0.3430 0.0453 0.0055
70 0.1531 0.1129 0.0865 0.6147 0.0093 0.0237
71 0.1805 0.1121 0.1982 0.4829 0.0184 0.0077
72 0.0752 0.0170 0.0406 0.1383 0.7246 0.0046
73 0.1066 0.0496 0.0955 0.6528 0.0779 0.0175
74 0.1544 0.1095 0.3591 0.3320 0.0311 0.0139
75 0.1345 0.0440 0.2252 0.5488 0.0194 0.0280
76 0.1218 0.0850 0.2347 0.5249 0.0251 0.0086
77 0.1109 0.0603 0.1256 0.6846 0.0106 0.0080
78 0.1247 0.0608 0.4561 0.3442 0.0064 0.0078
79 0.0061 0.0052 0.0171 0.0403 0.9312 0.0001
80 0.1995 0.2600 0.2313 0.2123 0.0957 0.0012
81 0.1095 0.0764 0.4397 0.3372 0.0256 0.0115
82 0.1981 0.1077 0.2927 0.1427 0.2583 0.0004
83 0.1974 0.0386 0.2783 0.0612 0.4246 0.0001
84 0.3618 0.0306 0.1395 0.2646 0.2029 0.0005
85 0.1678 0.1163 0.4563 0.1678 0.0912 0.0005
86 0.1152 0.0519 0.5669 0.0699 0.1959 0.0002
87 0.1757 0.0417 0.6128 0.0856 0.0829 0.0011
88 0.0541 0.1248 0.7886 0.0281 0.0040 0.0003
89 0.1713 0.0426 0.3250 0.0498 0.4109 0.0004
90 0.1212 0.0713 0.3269 0.2283 0.2449 0.0074
91 0.1092 0.0678 0.4153 0.0566 0.3496 0.0015
92 0.1177 0.0760 0.6167 0.1609 0.0267 0.0021
93 0.1118 0.0301 0.5249 0.1843 0.1458 0.0030
94 0.0760 0.0359 0.6265 0.0406 0.2198 0.0014
95 0.3022 0.2283 0.1250 0.0122 0.3320 0.0001
96 0.4712 0.1788 0.1288 0.0244 0.1964 0.0004
97 0.2372 0.0533 0.4646 0.0951 0.1484 0.0013
98 0.0890 0.0333 0.6577 0.1357 0.0836 0.0010
99 0.1177 0.1215 0.1080 0.5752 0.0743 0.0034
100 0.3115 0.0872 0.4463 0.1268 0.0266 0.0015
101 0.0779 0.0185 0.2439 0.0830 0.5762 0.0005
102 0.3474 0.0751 0.3213 0.2208 0.0349 0.0006
103 0.1190 0.0673 0.6333 0.1208 0.0594 0.0005
104 0.2367 0.0392 0.3843 0.2024 0.1349 0.0026
105 0.1758 0.5049 0.0677 0.2120 0.0371 0.0026
106 0.2355 0.0258 0.3372 0.3647 0.0353 0.0015
107 0.3188 0.1288 0.1603 0.0604 0.3315 0.0004
108 0.1184 0.2507 0.5391 0.0373 0.0542 0.0003
109 0.1957 0.0543 0.0737 0.1443 0.5317 0.0002
110 0.2612 0.0626 0.1254 0.0848 0.4658 0.0002
111 0.1360 0.0253 0.4253 0.3582 0.0508 0.0042
112 0.1685 0.0446 0.4951 0.1533 0.1375 0.0011
113 0.1099 0.1456 0.5122 0.1526 0.0786 0.0012
114 0.0686 0.2671 0.3767 0.2798 0.0066 0.0013
115 0.5200 0.0095 0.0349 0.1090 0.3254 0.0010
116 0.5161 0.0970 0.1479 0.0836 0.1550 0.0003
117 0.2671 0.1071 0.2629 0.1114 0.2510 0.0004
118 0.2859 0.0885 0.0745 0.0415 0.5093 0.0002
119 0.0693 0.1074 0.7334 0.0602 0.0293 0.0002
120 0.4089 0.0558 0.3086 0.0905 0.1349 0.0013
121 0.2040 0.0622 0.2275 0.0389 0.4670 0.0002
122 0.1788 0.0412 0.2090 0.1482 0.4224 0.0006
123 0.1560 0.0779 0.0760 0.6123 0.0760 0.0015
124 0.1876 0.0845 0.0586 0.5688 0.0981 0.0023
125 0.1735 0.0735 0.2125 0.2092 0.3293 0.0019
126 0.1392 0.0589 0.2766 0.4421 0.0825 0.0007
127 0.6221 0.0465 0.2634 0.0666 0.0015 0.0002
128 0.0900 0.0326 0.1708 0.6865 0.0153 0.0050
129 0.1617 0.1310 0.1696 0.0432 0.4944 0.0002
130 0.3259 0.0927 0.2922 0.2440 0.0389 0.0064
131 0.0183 0.2803 0.3125 0.3379 0.0153 0.0356
132 0.1140 0.2213 0.4836 0.1185 0.0230 0.0397
133 0.3352 0.0218 0.2268 0.4043 0.0109 0.0008
134 0.3882 0.0345 0.1544 0.3479 0.0707 0.0044
135 0.1439 0.0546 0.4646 0.3142 0.0150 0.0076
136 0.3486 0.1597 0.0803 0.3711 0.0388 0.0014
137 0.2979 0.0457 0.1807 0.4614 0.0076 0.0066
138 0.1520 0.1450 0.4536 0.2245 0.0204 0.0047
139 0.0879 0.0701 0.2881 0.5137 0.0311 0.0090
140 0.0549 0.0837 0.3811 0.4595 0.0069 0.0139
141 0.0670 0.0861 0.3511 0.4724 0.0171 0.0064
142 0.0310 0.1324 0.4919 0.3276 0.0153 0.0016
143 0.4482 0.0312 0.2325 0.2020 0.0855 0.0006
144 0.2793 0.0177 0.3264 0.2927 0.0832 0.0009
145 0.3914 0.0464 0.2015 0.3323 0.0277 0.0008
146 0.1211 0.0065 0.0628 0.8018 0.0034 0.0042
147 0.2279 0.0117 0.1655 0.5864 0.0079 0.0003
148 0.2542 0.0390 0.5640 0.1163 0.0252 0.0016
149 0.3564 0.0290 0.2712 0.3298 0.0127 0.0008
150 0.1627 0.0913 0.2581 0.4458 0.0137 0.0283
151 0.1033 0.1074 0.7114 0.0667 0.0105 0.0006
152 0.2661 0.0576 0.3311 0.2744 0.0673 0.0035
153 0.1780 0.0127 0.4270 0.3540 0.0273 0.0011
154 0.0656 0.2235 0.4585 0.0754 0.1768 0.0001
155 0.0679 0.1437 0.6646 0.0972 0.0258 0.0008
156 0.1150 0.0681 0.7153 0.0828 0.0175 0.0010
157 0.2201 0.0167 0.1356 0.3743 0.2532 0.0001
158 0.3999 0.0858 0.4189 0.0700 0.0250 0.0005
159 0.1234 0.0343 0.6880 0.1387 0.0153 0.0003
160 0.1733 0.1996 0.5381 0.0674 0.0214 0.0001
161 0.0867 0.1185 0.5308 0.2319 0.0260 0.0059
162 0.1002 0.0349 0.3726 0.4709 0.0087 0.0128
163 0.2056 0.2056 0.1718 0.3665 0.0405 0.0104
164 0.0465 0.0454 0.3203 0.5283 0.0330 0.0267
165 0.1143 0.2202 0.5200 0.1316 0.0045 0.0092
166 0.3303 0.2717 0.1635 0.1560 0.0651 0.0135
167 0.0978 0.1296 0.2922 0.4456 0.0240 0.0108
168 0.2903 0.0339 0.1733 0.4426 0.0594 0.0005
169 0.6567 0.0348 0.0681 0.1713 0.0676 0.0015
170 0.3982 0.1262 0.3599 0.0809 0.0345 0.0004
171 0.5757 0.0243 0.1812 0.1885 0.0300 0.0001
172 0.5762 0.0437 0.1730 0.1676 0.0395 0.0003
173 0.3181 0.2421 0.3389 0.0798 0.0210 0.0001
174 0.1954 0.0367 0.1865 0.1671 0.4138 0.0004
175 0.4775 0.0069 0.0721 0.3838 0.0593 0.0005
176 0.6021 0.0875 0.1465 0.0953 0.0676 0.0010
177 0.1301 0.0450 0.4688 0.1752 0.1807 0.0003
178 0.1298 0.0618 0.6240 0.1426 0.0418 0.0002
179 0.2172 0.0739 0.1190 0.5166 0.0721 0.0011
180 0.3596 0.0255 0.2673 0.3174 0.0280 0.0023
181 0.0854 0.1838 0.1941 0.0561 0.4805 0.0001
182 0.0726 0.1273 0.1853 0.5532 0.0548 0.0068
183 0.0347 0.1497 0.5645 0.2354 0.0139 0.0018
184 0.1653 0.1843 0.5337 0.0972 0.0194 0.0003
185 0.3848 0.0133 0.0609 0.5342 0.0067 0.0002
186 0.6143 0.1403 0.1459 0.0884 0.0113 0.0001
187 0.1445 0.0762 0.3992 0.3159 0.0540 0.0102
188 0.0915 0.0609 0.5024 0.1998 0.1417 0.0038
189 0.2168 0.0383 0.1770 0.5366 0.0236 0.0078
190 0.5537 0.0171 0.1198 0.2576 0.0515 0.0002
191 0.3308 0.0107 0.2617 0.3523 0.0434 0.0010
192 0.2429 0.0638 0.6060 0.0707 0.0160 0.0006
193 0.2096 0.2450 0.4368 0.0834 0.0250 0.0002
194 0.0710 0.0626 0.3281 0.5244 0.0133 0.0006
195 0.3665 0.1528 0.4058 0.0580 0.0168 0.0002
196 0.1398 0.1141 0.0861 0.6460 0.0043 0.0097
197 0.0608 0.0864 0.1829 0.5996 0.0157 0.0549
198 0.3298 0.0861 0.0620 0.5112 0.0097 0.0012
199 0.3079 0.1008 0.1178 0.0040 0.4695 0.0000
200 0.4939 0.0096 0.3044 0.1102 0.0806 0.0012
201 0.6357 0.0620 0.1880 0.0605 0.0534 0.0002
202 0.5649 0.0453 0.0659 0.2319 0.0880 0.0037
203 0.1295 0.3157 0.2742 0.2537 0.0107 0.0163
204 0.4021 0.0612 0.5005 0.0218 0.0140 0.0005
205 0.1833 0.0102 0.3943 0.1045 0.3071 0.0006
206 0.3269 0.0397 0.3765 0.1113 0.1451 0.0005
207 0.3735 0.0814 0.4333 0.0894 0.0208 0.0014
208 0.1683 0.0243 0.2129 0.4873 0.0413 0.0659
209 0.1643 0.0168 0.1921 0.5391 0.0345 0.0533
210 0.1876 0.0412 0.2998 0.4502 0.0146 0.0066
211 0.0970 0.1134 0.5244 0.2186 0.0301 0.0163
212 0.3186 0.0378 0.2725 0.3391 0.0259 0.0062
213 0.1890 0.0690 0.4978 0.1788 0.0402 0.0254
214 0.1742 0.0817 0.5537 0.1357 0.0278 0.0269
215 0.1149 0.0551 0.1522 0.6313 0.0385 0.0079
216 0.0515 0.0247 0.2966 0.6089 0.0074 0.0109
217 0.0716 0.0360 0.5127 0.3579 0.0111 0.0107
218 0.0302 0.0107 0.4910 0.4541 0.0034 0.0108
219 0.0765 0.3828 0.2081 0.3076 0.0099 0.0151
220 0.0535 0.1610 0.3545 0.4275 0.0024 0.0010
221 0.0469 0.0608 0.3284 0.5586 0.0022 0.0029
222 0.0384 0.1892 0.4197 0.3479 0.0028 0.0019
223 0.1495 0.0201 0.1146 0.7021 0.0104 0.0030
224 0.5132 0.2277 0.1732 0.0399 0.0462 0.0001
225 0.2241 0.0632 0.0920 0.2661 0.0799 0.2747
226 0.7002 0.0308 0.0863 0.1074 0.0557 0.0196
227 0.7036 0.0309 0.0854 0.1046 0.0560 0.0193
228 0.6738 0.0341 0.0912 0.1190 0.0571 0.0249
229 0.6738 0.0341 0.0912 0.1190 0.0571 0.0249
