time exciting_prob fearful_prob tense_prob sad_prob relaxing_prob neutral_prob
0 0.1333 0.0573 0.1105 0.4653 0.0239 0.2097
1 0.4990 0.0783 0.0881 0.2180 0.0895 0.0273
2 0.4285 0.0253 0.1459 0.2947 0.0964 0.0093
3 0.4609 0.0400 0.1722 0.2246 0.0908 0.0114
4 0.0418 0.1774 0.2878 0.4529 0.0112 0.0292
5 0.0565 0.0903 0.5117 0.1742 0.0377 0.1294
6 0.0414 0.1179 0.6274 0.1295 0.0041 0.0798
7 0.1526 0.1703 0.2328 0.4021 0.0208 0.0213
8 0.4277 0.0300 0.4810 0.0293 0.0151 0.0168
9 0.4775 0.0207 0.3633 0.0876 0.0380 0.0128
10 0.3552 0.0405 0.5049 0.0768 0.0129 0.0095
11 0.4539 0.0228 0.4609 0.0400 0.0137 0.0087
12 0.1725 0.1442 0.5791 0.0596 0.0116 0.0329
13 0.2136 0.0876 0.2458 0.2086 0.0830 0.1613
14 0.1185 0.3123 0.3887 0.0983 0.0180 0.0645
15 0.1631 0.0801 0.4165 0.1982 0.0391 0.1029
16 0.2930 0.1069 0.3645 0.1193 0.0486 0.0679
17 0.2817 0.1373 0.3853 0.1138 0.0347 0.0471
18 0.3440 0.1016 0.3132 0.1378 0.0451 0.0584
19 0.5474 0.0670 0.2062 0.0390 0.0229 0.1175
20 0.2478 0.0704 0.4216 0.1538 0.0166 0.0897
21 0.2646 0.2263 0.4004 0.0521 0.0132 0.0435
22 0.2629 0.0937 0.1953 0.3428 0.0730 0.0324
23 0.2029 0.0669 0.1053 0.5781 0.0214 0.0256
24 0.1190 0.1978 0.5010 0.0825 0.0048 0.0949
25 0.1028 0.0753 0.6152 0.1439 0.0321 0.0304
26 0.4158 0.1603 0.2705 0.0341 0.0352 0.0838
27 0.0984 0.0645 0.0882 0.4341 0.2551 0.0597
28 0.0963 0.2070 0.1886 0.2786 0.2070 0.0223
29 0.0735 0.2544 0.3093 0.2952 0.0577 0.0097
30 0.1152 0.2517 0.1503 0.1208 0.3132 0.0488
31 0.2537 0.0993 0.1689 0.3257 0.0750 0.0773
32 0.2920 0.1033 0.0762 0.3867 0.1125 0.0294
33 0.5068 0.1658 0.2112 0.0530 0.0403 0.0231
34 0.5981 0.0548 0.1897 0.0454 0.0307 0.0810
35 0.2373 0.0467 0.1605 0.2336 0.2373 0.0846
36 0.1765 0.0370 0.0861 0.3457 0.2957 0.0591
37 0.4744 0.1247 0.1218 0.1902 0.0389 0.0500
38 0.3682 0.1055 0.1713 0.2378 0.0522 0.0650
39 0.3984 0.0842 0.1957 0.1454 0.0343 0.1421
40 0.3901 0.1516 0.3284 0.0278 0.0234 0.0786
41 0.1490 0.0992 0.5493 0.1169 0.0280 0.0574
42 0.1779 0.2080 0.3855 0.1062 0.0047 0.1176
43 0.6714 0.0538 0.1725 0.0443 0.0277 0.0302
44 0.1017 0.0182 0.3035 0.3838 0.0117 0.1813
45 0.1149 0.5527 0.2532 0.0650 0.0109 0.0033
46 0.3972 0.1036 0.2605 0.1907 0.0204 0.0275
47 0.3652 0.2910 0.2981 0.0277 0.0150 0.0031
48 0.5107 0.1176 0.1251 0.2031 0.0116 0.0319
49 0.1381 0.2969 0.5210 0.0341 0.0073 0.0023
50 0.0776 0.0696 0.1643 0.6108 0.0292 0.0486
51 0.2406 0.0585 0.1155 0.0633 0.5215 0.0005
52 0.3059 0.1117 0.2617 0.1411 0.1637 0.0158
53 0.3259 0.1190 0.4250 0.1033 0.0225 0.0045
54 0.6851 0.0375 0.1830 0.0541 0.0372 0.0032
55 0.1973 0.3408 0.3408 0.1089 0.0083 0.0037
56 0.2795 0.1121 0.4067 0.1250 0.0577 0.0190
57 0.1791 0.1416 0.3911 0.2391 0.0309 0.0182
58 0.1704 0.0716 0.4524 0.1359 0.1564 0.0133
59 0.2583 0.0546 0.3423 0.0865 0.2544 0.0040
60 0.2610 0.0765 0.3298 0.1054 0.2250 0.0022
61 0.2734 0.1063 0.1158 0.0426 0.4617 0.0003
62 0.3232 0.0469 0.1199 0.1976 0.3086 0.0036
63 0.3774 0.0810 0.0773 0.0977 0.3660 0.0007
64 0.1587 0.1991 0.3494 0.2220 0.0682 0.0026
65 0.3296 0.0938 0.4104 0.1301 0.0226 0.0135
66 0.2289 0.1477 0.4209 0.0829 0.1142 0.0055
67 0.2898 0.0927 0.3782 0.1639 0.0205 0.0549
68 0.1252 0.4653 0.2180 0.1282 0.0596 0.0037
69 0.3623 0.1385 0.2549 0.1583 0.0506 0.0353
70 0.2111 0.1342 0.5063 0.0929 0.0534 0.0022
71 0.3447 0.1119 0.2903 0.1733 0.0712 0.0084
72 0.2729 0.0826 0.4065 0.1427 0.0807 0.0148
73 0.4976 0.0613 0.2971 0.0274 0.1136 0.0031
74 0.5884 0.0815 0.2065 0.0635 0.0150 0.0453
75 0.5332 0.0870 0.3362 0.0080 0.0129 0.0229
76 0.1329 0.1721 0.3789 0.0563 0.2524 0.0074
77 0.3228 0.1477 0.3176 0.0749 0.1313 0.0057
78 0.1937 0.2300 0.1907 0.3452 0.0075 0.0329
79 0.2593 0.1465 0.3462 0.1477 0.0245 0.0760
80 0.2168 0.2101 0.3926 0.1226 0.0395 0.0185
81 0.2527 0.1764 0.2319 0.2710 0.0233 0.0446
82 0.2006 0.1143 0.5122 0.0682 0.0267 0.0779
83 0.1506 0.1350 0.3672 0.0832 0.1289 0.1350
84 0.1364 0.3428 0.1864 0.2932 0.0206 0.0206
85 0.0819 0.6753 0.1138 0.0859 0.0363 0.0068
86 0.3323 0.0494 0.4202 0.1429 0.0237 0.0314
87 0.4976 0.0913 0.2026 0.0980 0.0957 0.0148
88 0.0756 0.0571 0.1814 0.1246 0.5498 0.0112
89 0.1450 0.1112 0.3589 0.0729 0.3071 0.0048
90 0.2217 0.0539 0.4656 0.1159 0.0178 0.1252
91 0.0643 0.0981 0.2729 0.2446 0.0108 0.3093
92 0.4736 0.1188 0.2273 0.0897 0.0843 0.0062
93 0.0778 0.0237 0.4077 0.3328 0.1064 0.0515
94 0.1503 0.0767 0.4851 0.0779 0.1099 0.1001
95 0.1215 0.0253 0.2532 0.1007 0.1941 0.3054
96 0.2047 0.0696 0.2450 0.3508 0.0237 0.1062
97 0.1742 0.0732 0.4346 0.2134 0.0158 0.0890
98 0.0492 0.1379 0.2239 0.1562 0.4116 0.0211
99 0.0598 0.1002 0.2122 0.0756 0.5415 0.0106
100 0.0906 0.4258 0.0695 0.0493 0.3586 0.0062
101 0.2109 0.0852 0.4229 0.1804 0.0442 0.0563
102 0.3936 0.0554 0.3611 0.1627 0.0169 0.0104
103 0.4216 0.1469 0.2499 0.1327 0.0265 0.0224
104 0.4885 0.0862 0.3545 0.0440 0.0164 0.0102
105 0.1153 0.1180 0.3062 0.2620 0.1564 0.0421
106 0.0514 0.0072 0.0419 0.0376 0.8550 0.0070
107 0.0583 0.0975 0.2415 0.1442 0.3625 0.0961
108 0.0695 0.1060 0.2465 0.1591 0.1980 0.2209
109 0.2091 0.0546 0.4497 0.1382 0.0124 0.1361
110 0.4771 0.0889 0.3228 0.0743 0.0273 0.0094
111 0.4319 0.0536 0.2969 0.1539 0.0301 0.0338
112 0.3872 0.0598 0.3311 0.1539 0.0466 0.0213
113 0.3445 0.0341 0.2703 0.1719 0.0266 0.1528
114 0.0620 0.0376 0.1880 0.2913 0.0587 0.3625
115 0.1166 0.0795 0.3733 0.0378 0.3853 0.0074
116 0.1196 0.2554 0.4622 0.0255 0.1324 0.0049
117 0.0282 0.3350 0.3564 0.1396 0.1292 0.0116
118 0.1335 0.0883 0.2783 0.3958 0.0049 0.0992
119 0.3503 0.0819 0.2905 0.1438 0.0126 0.1210
120 0.0820 0.0923 0.4988 0.1509 0.0037 0.1724
121 0.1385 0.1213 0.4800 0.1954 0.0112 0.0534
122 0.1026 0.1505 0.1653 0.2683 0.1482 0.1653
123 0.1782 0.0503 0.3381 0.4080 0.0101 0.0152
124 0.1015 0.1263 0.3542 0.3892 0.0230 0.0058
125 0.2472 0.0968 0.4207 0.0828 0.1420 0.0106
126 0.0980 0.2042 0.2878 0.2074 0.1918 0.0107
127 0.2086 0.1326 0.1562 0.2722 0.2152 0.0151
128 0.1010 0.0408 0.2788 0.0762 0.4971 0.0062
129 0.4370 0.1333 0.3298 0.0228 0.0114 0.0655
130 0.1410 0.0565 0.3772 0.3330 0.0388 0.0535
131 0.0969 0.1838 0.5933 0.0828 0.0126 0.0305
132 0.1844 0.2225 0.4324 0.0964 0.0563 0.0080
133 0.1976 0.1126 0.4119 0.2422 0.0092 0.0265
134 0.3467 0.1099 0.3413 0.1306 0.0441 0.0274
135 0.1653 0.0477 0.2368 0.1705 0.3784 0.0011
136 0.0654 0.1594 0.5068 0.1223 0.1385 0.0075
137 0.0874 0.2197 0.4236 0.1038 0.1608 0.0047
138 0.0437 0.1813 0.6479 0.0672 0.0011 0.0589
139 0.0836 0.1098 0.1598 0.5117 0.0626 0.0726
140 0.0771 0.0960 0.1559 0.5791 0.0547 0.0370
141 0.0364 0.1581 0.3193 0.4436 0.0262 0.0163
142 0.0485 0.4026 0.3608 0.1731 0.0125 0.0024
143 0.0739 0.2898 0.3496 0.2479 0.0368 0.0019
144 0.1779 0.2267 0.4336 0.1054 0.0490 0.0075
145 0.2438 0.1975 0.3865 0.0715 0.0215 0.0792
146 0.4414 0.1501 0.3230 0.0465 0.0110 0.0280
147 0.6113 0.0629 0.2130 0.0403 0.0660 0.0063
148 0.4470 0.0353 0.3220 0.1222 0.0659 0.0078
149 0.1902 0.0818 0.1237 0.0799 0.5210 0.0035
150 0.3494 0.3132 0.1899 0.1246 0.0205 0.0024
151 0.1245 0.1032 0.1024 0.0925 0.5757 0.0019
152 0.1827 0.1401 0.1492 0.1469 0.3750 0.0063
153 0.4592 0.1161 0.3386 0.0462 0.0343 0.0057
154 0.5718 0.1135 0.2498 0.0140 0.0469 0.0043
155 0.4866 0.0788 0.3020 0.0826 0.0306 0.0195
156 0.1592 0.0981 0.1891 0.0471 0.5059 0.0006
157 0.1759 0.0647 0.2025 0.0545 0.5010 0.0013
158 0.0399 0.0099 0.0375 0.0445 0.8662 0.0019
159 0.1770 0.0992 0.2534 0.1169 0.3518 0.0015
160 0.0466 0.0378 0.0643 0.0296 0.8203 0.0014
161 0.0429 0.0190 0.0577 0.0397 0.8350 0.0055
162 0.2145 0.2842 0.1671 0.0464 0.2712 0.0167
163 0.3127 0.2150 0.4080 0.0322 0.0069 0.0251
164 0.4287 0.1110 0.3933 0.0331 0.0099 0.0242
165 0.2754 0.1364 0.4578 0.0802 0.0211 0.0290
166 0.2629 0.1821 0.4302 0.0916 0.0145 0.0186
167 0.2175 0.2465 0.2996 0.0674 0.0183 0.1506
168 0.0989 0.0859 0.0989 0.6250 0.0192 0.0723
169 0.2161 0.3821 0.1221 0.2355 0.0105 0.0337
170 0.0469 0.1663 0.2830 0.4314 0.0152 0.0575
171 0.2888 0.3098 0.3198 0.0543 0.0127 0.0146
172 0.1437 0.0775 0.4565 0.2313 0.0157 0.0751
173 0.1816 0.2947 0.3936 0.0892 0.0098 0.0311
174 0.3618 0.1078 0.2883 0.1310 0.0415 0.0696
175 0.1075 0.0492 0.1092 0.2241 0.4058 0.1042
176 0.1467 0.0767 0.0779 0.2896 0.3745 0.0346
177 0.1917 0.1092 0.5547 0.0762 0.0524 0.0160
178 0.2666 0.0893 0.3369 0.0879 0.2141 0.0052
179 0.2172 0.0920 0.2703 0.1564 0.2423 0.0218
180 0.3848 0.1628 0.1578 0.1210 0.1681 0.0055
181 0.4375 0.0917 0.2455 0.1477 0.0522 0.0253
182 0.2268 0.1105 0.5317 0.0655 0.0099 0.0556
183 0.3416 0.0678 0.4087 0.1296 0.0184 0.0338
184 0.1711 0.1301 0.4724 0.1464 0.0510 0.0290
185 0.2430 0.0967 0.3428 0.0814 0.2283 0.0078
186 0.1437 0.0452 0.3501 0.1371 0.3091 0.0149
187 0.0552 0.0276 0.1624 0.3130 0.4146 0.0273
188 0.2947 0.1542 0.4426 0.0508 0.0545 0.0032
189 0.1493 0.0318 0.5908 0.1257 0.0878 0.0148
190 0.2382 0.0333 0.4736 0.1255 0.1125 0.0170
191 0.1028 0.1605 0.6450 0.0669 0.0102 0.0148
192 0.0950 0.1052 0.6104 0.1174 0.0052 0.0669
193 0.5020 0.0794 0.3066 0.0474 0.0467 0.0180
194 0.2632 0.1080 0.4653 0.1080 0.0178 0.0379
195 0.1301 0.0881 0.4336 0.2979 0.0356 0.0147
196 0.0643 0.1146 0.5557 0.2465 0.0117 0.0074
197 0.1879 0.0573 0.3000 0.3735 0.0239 0.0573
198 0.1289 0.0246 0.1936 0.5962 0.0224 0.0342
199 0.1443 0.0693 0.2612 0.4048 0.0195 0.1008
200 0.0887 0.0582 0.1290 0.0381 0.6763 0.0098
201 0.0339 0.0216 0.1670 0.0615 0.7031 0.0127
202 0.0801 0.0390 0.2355 0.1260 0.5142 0.0052
203 0.3301 0.1196 0.4478 0.0475 0.0403 0.0148
204 0.3560 0.0839 0.5264 0.0193 0.0047 0.0099
205 0.4683 0.0559 0.2078 0.2178 0.0302 0.0202
206 0.4001 0.0432 0.4429 0.0690 0.0264 0.0183
207 0.3777 0.0395 0.4736 0.0570 0.0455 0.0066
208 0.5742 0.0551 0.2588 0.0730 0.0239 0.0147
209 0.5957 0.0734 0.2463 0.0366 0.0355 0.0124
210 0.6089 0.0850 0.2072 0.0557 0.0325 0.0110
211 0.1738 0.0620 0.6357 0.0960 0.0085 0.0237
212 0.4609 0.0701 0.3821 0.0268 0.0387 0.0212
213 0.4966 0.0912 0.2920 0.0536 0.0466 0.0200
214 0.6089 0.0438 0.1528 0.1370 0.0408 0.0166
215 0.1737 0.0974 0.4434 0.2449 0.0233 0.0173
216 0.2444 0.0333 0.4424 0.2368 0.0113 0.0318
217 0.0505 0.0530 0.1062 0.3071 0.4333 0.0498
218 0.0638 0.1104 0.2264 0.1095 0.4719 0.0182
219 0.1428 0.1569 0.3882 0.0997 0.1998 0.0129
220 0.1365 0.1609 0.3379 0.0660 0.2913 0.0074
221 0.2292 0.0431 0.4631 0.0934 0.1664 0.0048
222 0.1348 0.2056 0.5854 0.0637 0.0083 0.0022
223 0.0477 0.0739 0.2173 0.5054 0.0320 0.1238
224 0.0434 0.1799 0.3416 0.3931 0.0259 0.0160
225 0.0301 0.0399 0.1995 0.5771 0.0381 0.1154
226 0.1880 0.0736 0.2910 0.3738 0.0514 0.0221
227 0.0919 0.1338 0.4595 0.2460 0.0368 0.0320
228 0.1240 0.1832 0.3940 0.1012 0.1951 0.0024
229 0.5273 0.0587 0.2017 0.1282 0.0714 0.0130
230 0.3672 0.1394 0.2686 0.1567 0.0235 0.0446
231 0.3687 0.0621 0.3772 0.1206 0.0592 0.0123
232 0.2081 0.0578 0.3711 0.2286 0.1123 0.0221
233 0.0962 0.0420 0.2698 0.5713 0.0113 0.0095
234 0.0500 0.1180 0.3870 0.3994 0.0414 0.0042
235 0.0183 0.0558 0.1774 0.0980 0.6489 0.0017
236 0.0849 0.0651 0.3254 0.1091 0.3989 0.0165
237 0.0794 0.0833 0.3530 0.1085 0.3215 0.0542
238 0.0570 0.0503 0.5327 0.2186 0.0843 0.0570
239 0.2037 0.0750 0.1514 0.4739 0.0175 0.0786
240 0.1963 0.2295 0.0884 0.2520 0.0344 0.1993
