time exciting_prob fearful_prob tense_prob sad_prob relaxing_prob neutral_prob
0 0.0523 0.0420 0.0282 0.2761 0.5405 0.0607
1 0.0873 0.1580 0.0399 0.1951 0.5059 0.0137
2 0.1029 0.1683 0.0385 0.3853 0.2864 0.0187
3 0.0703 0.1608 0.0188 0.1122 0.6309 0.0072
4 0.1090 0.1490 0.0911 0.0150 0.6177 0.0181
5 0.0445 0.0528 0.0617 0.0405 0.7407 0.0598
6 0.1451 0.3428 0.1864 0.0185 0.2629 0.0443
7 0.4407 0.2286 0.0597 0.0510 0.2166 0.0034
8 0.0580 0.0995 0.0516 0.2834 0.4973 0.0102
9 0.1209 0.1481 0.0806 0.1653 0.4819 0.0032
10 0.0929 0.0788 0.0387 0.0907 0.6973 0.0018
11 0.0456 0.0149 0.0170 0.1735 0.7417 0.0074
12 0.0765 0.0790 0.0494 0.1252 0.6665 0.0035
13 0.1294 0.1159 0.1081 0.1912 0.4241 0.0314
14 0.1891 0.2974 0.1060 0.0290 0.3533 0.0254
15 0.1882 0.1377 0.1512 0.0583 0.4375 0.0271
16 0.2202 0.0933 0.1489 0.1197 0.2964 0.1216
17 0.1227 0.0804 0.2722 0.4348 0.0130 0.0768
18 0.1075 0.3579 0.3579 0.1492 0.0162 0.0112
19 0.2021 0.3386 0.3281 0.0715 0.0527 0.0069
20 0.3003 0.1851 0.3457 0.1131 0.0382 0.0175
21 0.1938 0.2712 0.2979 0.1836 0.0297 0.0237
22 0.1980 0.0375 0.1748 0.5381 0.0124 0.0390
23 0.0762 0.3364 0.0617 0.5132 0.0095 0.0031
24 0.2032 0.2822 0.1301 0.3247 0.0514 0.0084
25 0.1456 0.4182 0.0767 0.2988 0.0553 0.0054
26 0.3188 0.3042 0.2644 0.0421 0.0576 0.0128
27 0.1940 0.4800 0.1252 0.0410 0.1333 0.0265
28 0.2412 0.4436 0.1606 0.0342 0.0730 0.0471
29 0.2418 0.4590 0.2380 0.0087 0.0410 0.0114
30 0.2017 0.3767 0.3538 0.0198 0.0309 0.0171
31 0.1979 0.5132 0.2386 0.0091 0.0338 0.0074
32 0.1653 0.0381 0.1577 0.4634 0.0274 0.1482
33 0.3728 0.0609 0.1680 0.2444 0.1393 0.0148
34 0.0544 0.0646 0.6836 0.1812 0.0089 0.0075
35 0.1047 0.0742 0.0854 0.6616 0.0074 0.0665
36 0.1610 0.1235 0.1196 0.4883 0.0503 0.0574
37 0.0412 0.0195 0.0505 0.5962 0.0364 0.2563
38 0.2002 0.0909 0.4956 0.1740 0.0307 0.0087
39 0.1262 0.4690 0.3596 0.0170 0.0097 0.0185
40 0.0941 0.4856 0.3286 0.0617 0.0052 0.0249
41 0.0967 0.3274 0.2935 0.2433 0.0208 0.0185
42 0.0751 0.7124 0.1011 0.0906 0.0126 0.0082
43 0.0618 0.7188 0.0701 0.1173 0.0138 0.0184
44 0.1378 0.0588 0.4246 0.2964 0.0284 0.0540
45 0.3452 0.1892 0.1439 0.2029 0.0801 0.0387
46 0.1862 0.0707 0.0663 0.4329 0.0396 0.2045
47 0.2202 0.3010 0.0933 0.3105 0.0280 0.0469
48 0.2896 0.4082 0.1501 0.1107 0.0325 0.0090
49 0.3577 0.3257 0.1467 0.0210 0.1433 0.0057
50 0.1769 0.5488 0.1727 0.0208 0.0760 0.0044
51 0.0764 0.0550 0.2177 0.4829 0.0403 0.1279
52 0.2791 0.1403 0.2834 0.1339 0.1219 0.0415
53 0.4578 0.1533 0.1271 0.0840 0.1104 0.0675
54 0.2339 0.2568 0.2196 0.0373 0.2063 0.0461
55 0.1406 0.1473 0.4910 0.1342 0.0347 0.0522
56 0.1622 0.0168 0.1206 0.6030 0.0404 0.0570
57 0.2397 0.2803 0.1263 0.1254 0.1926 0.0356
58 0.2203 0.3413 0.1503 0.0253 0.2457 0.0173
59 0.2437 0.4480 0.1989 0.0150 0.0767 0.0178
60 0.2795 0.3069 0.2354 0.1351 0.0334 0.0099
61 0.2472 0.0578 0.0953 0.4763 0.0514 0.0719
62 0.2371 0.4714 0.1201 0.1372 0.0164 0.0177
63 0.2947 0.3845 0.1448 0.0980 0.0435 0.0347
64 0.1593 0.2710 0.1863 0.2546 0.0479 0.0807
65 0.3386 0.3604 0.1467 0.0993 0.0431 0.0119
66 0.2255 0.4849 0.1611 0.0612 0.0291 0.0383
67 0.2072 0.4968 0.1744 0.0459 0.0323 0.0434
68 0.2683 0.4355 0.1067 0.1093 0.0253 0.0549
69 0.1481 0.0589 0.0421 0.1652 0.0964 0.4893
70 0.4529 0.0536 0.1118 0.0338 0.0878 0.2600
71 0.0384 0.0995 0.0508 0.1448 0.6592 0.0076
72 0.0623 0.1542 0.0341 0.0865 0.6597 0.0033
73 0.0894 0.5518 0.2488 0.0179 0.0840 0.0081
74 0.1586 0.3411 0.1884 0.0330 0.2615 0.0175
75 0.2903 0.1437 0.3967 0.0711 0.0344 0.0638
76 0.2808 0.0646 0.0310 0.5244 0.0401 0.0593
77 0.5752 0.2593 0.0404 0.0468 0.0645 0.0136
78 0.1385 0.5654 0.1953 0.0422 0.0196 0.0391
79 0.1539 0.5762 0.2153 0.0181 0.0249 0.0112
80 0.3760 0.0712 0.2583 0.0659 0.0367 0.1920
81 0.1155 0.1919 0.5381 0.1027 0.0272 0.0244
82 0.6221 0.1345 0.1225 0.0523 0.0458 0.0228
83 0.5186 0.1908 0.1764 0.0367 0.0707 0.0069
84 0.2510 0.2032 0.4202 0.0223 0.0186 0.0847
85 0.2328 0.3157 0.3750 0.0480 0.0062 0.0222
86 0.3184 0.2054 0.3721 0.0637 0.0080 0.0325
87 0.3750 0.2256 0.2537 0.0744 0.0092 0.0622
88 0.4324 0.2279 0.2279 0.0160 0.0229 0.0728
89 0.2620 0.2703 0.1858 0.2172 0.0571 0.0077
90 0.2661 0.1993 0.0637 0.3582 0.0571 0.0558
91 0.4158 0.1019 0.0706 0.1666 0.1448 0.1003
92 0.4780 0.2600 0.1050 0.0411 0.0721 0.0438
93 0.0922 0.0707 0.1013 0.4756 0.1130 0.1473
94 0.2155 0.1600 0.1481 0.2991 0.0657 0.1118
95 0.2686 0.2644 0.1183 0.1818 0.0936 0.0734
96 0.0328 0.0396 0.2461 0.5903 0.0160 0.0751
97 0.0596 0.2510 0.4766 0.1476 0.0249 0.0403
98 0.0602 0.3521 0.4888 0.0536 0.0227 0.0227
99 0.0815 0.0743 0.5752 0.1243 0.0368 0.1080
100 0.2544 0.3022 0.3069 0.1004 0.0187 0.0173
101 0.2651 0.3247 0.3352 0.0565 0.0079 0.0106
102 0.2979 0.2507 0.3323 0.0724 0.0108 0.0361
103 0.1699 0.4478 0.3076 0.0082 0.0569 0.0097
104 0.2483 0.3140 0.1846 0.0425 0.1846 0.0262
105 0.1659 0.3567 0.3298 0.0173 0.1105 0.0195
106 0.1483 0.4939 0.2815 0.0181 0.0459 0.0124
107 0.1754 0.0461 0.4919 0.1957 0.0142 0.0767
108 0.0564 0.1375 0.1765 0.5972 0.0180 0.0146
109 0.0974 0.2391 0.4006 0.1520 0.0460 0.0649
110 0.0826 0.6602 0.0951 0.1129 0.0058 0.0435
111 0.0310 0.3892 0.1080 0.4622 0.0053 0.0046
112 0.0652 0.2971 0.3584 0.2107 0.0154 0.0533
113 0.0214 0.0104 0.0118 0.9233 0.0089 0.0242
114 0.1293 0.0861 0.0457 0.6772 0.0543 0.0076
115 0.2708 0.2585 0.1103 0.2408 0.1086 0.0110
116 0.1971 0.1124 0.0875 0.5156 0.0725 0.0150
117 0.4700 0.3081 0.1116 0.0798 0.0280 0.0026
118 0.5835 0.1114 0.1499 0.1149 0.0309 0.0091
119 0.0911 0.0677 0.1870 0.5166 0.0598 0.0779
120 0.0964 0.2424 0.2277 0.3418 0.0554 0.0363
121 0.1296 0.0850 0.2461 0.4456 0.0344 0.0594
122 0.1790 0.0973 0.3091 0.2686 0.0456 0.1004
123 0.1276 0.0632 0.1075 0.2700 0.0132 0.4185
124 0.1836 0.3708 0.0703 0.2712 0.0232 0.0808
125 0.3657 0.2035 0.0230 0.2117 0.0784 0.1178
126 0.3079 0.2019 0.4551 0.0161 0.0101 0.0089
127 0.2388 0.4255 0.1494 0.0478 0.1248 0.0136
128 0.2761 0.3894 0.1882 0.0216 0.0785 0.0461
129 0.1235 0.1255 0.2595 0.3179 0.1466 0.0271
130 0.3740 0.2340 0.2433 0.0204 0.1105 0.0178
131 0.2539 0.2443 0.2791 0.1666 0.0184 0.0378
132 0.4807 0.1388 0.1115 0.1926 0.0640 0.0123
133 0.1572 0.3103 0.4309 0.0348 0.0210 0.0458
134 0.2163 0.2064 0.2910 0.1738 0.0340 0.0784
135 0.4033 0.0921 0.4292 0.0572 0.0130 0.0053
136 0.1332 0.4299 0.2374 0.0321 0.1311 0.0364
137 0.2725 0.2385 0.3445 0.0762 0.0328 0.0355
138 0.4944 0.2505 0.0724 0.0295 0.1241 0.0290
139 0.3232 0.3665 0.2479 0.0185 0.0138 0.0301
140 0.2693 0.3921 0.1941 0.0365 0.0498 0.0583
141 0.2791 0.3137 0.2725 0.0689 0.0455 0.0205
142 0.1533 0.0634 0.2527 0.4507 0.0334 0.0464
143 0.1840 0.2253 0.2986 0.1284 0.1315 0.0325
144 0.5220 0.3167 0.0845 0.0663 0.0096 0.0009
145 0.0792 0.2515 0.3035 0.2764 0.0465 0.0430
146 0.1682 0.0493 0.0551 0.5688 0.1373 0.0211
147 0.3428 0.0742 0.1282 0.1185 0.1924 0.1440
148 0.0443 0.4795 0.1462 0.2566 0.0468 0.0266
149 0.1083 0.4968 0.0504 0.3013 0.0315 0.0115
150 0.1709 0.3267 0.2566 0.2177 0.0254 0.0028
151 0.1875 0.1483 0.2484 0.3342 0.0304 0.0512
152 0.1891 0.1643 0.3372 0.2390 0.0297 0.0409
153 0.1249 0.6914 0.1616 0.0095 0.0056 0.0072
154 0.1685 0.5107 0.2529 0.0353 0.0089 0.0239
155 0.6040 0.1390 0.0798 0.0395 0.1058 0.0320
156 0.2849 0.0240 0.1841 0.2849 0.0955 0.1265
157 0.3740 0.0284 0.0464 0.3352 0.0578 0.1583
158 0.2224 0.0812 0.0864 0.4563 0.0580 0.0956
159 0.3027 0.1122 0.1954 0.3220 0.0596 0.0081
160 0.6255 0.1342 0.1166 0.0944 0.0216 0.0081
161 0.5425 0.1471 0.1693 0.1043 0.0311 0.0059
162 0.1847 0.2644 0.3450 0.0489 0.0339 0.1230
163 0.0208 0.5654 0.2321 0.1343 0.0307 0.0169
164 0.0422 0.3850 0.4573 0.0989 0.0034 0.0132
165 0.1506 0.4192 0.3164 0.0554 0.0139 0.0445
166 0.2104 0.2969 0.2578 0.1025 0.1287 0.0038
167 0.2444 0.1628 0.2444 0.2406 0.0793 0.0285
168 0.2294 0.2056 0.3337 0.2155 0.0121 0.0039
169 0.0729 0.7598 0.1279 0.0294 0.0046 0.0056
170 0.2532 0.2133 0.0709 0.1056 0.3462 0.0110
171 0.1127 0.2089 0.4858 0.1238 0.0545 0.0143
172 0.1610 0.0961 0.3462 0.1254 0.2494 0.0218
173 0.2358 0.0436 0.2510 0.4138 0.0502 0.0053
174 0.3457 0.0702 0.3708 0.1969 0.0147 0.0017
175 0.0607 0.3718 0.4773 0.0158 0.0377 0.0368
176 0.3718 0.4084 0.1575 0.0431 0.0048 0.0142
177 0.2852 0.1588 0.3494 0.0941 0.0131 0.0994
178 0.1503 0.0823 0.1065 0.3494 0.0082 0.3035
179 0.2944 0.1153 0.1871 0.2257 0.0071 0.1704
180 0.0385 0.0939 0.3032 0.4080 0.0176 0.1388
181 0.3923 0.3303 0.2271 0.0182 0.0151 0.0170
182 0.0482 0.1054 0.1765 0.5879 0.0106 0.0714
183 0.2074 0.1182 0.3088 0.3289 0.0188 0.0181
184 0.3330 0.1151 0.2184 0.2939 0.0110 0.0286
185 0.0770 0.3071 0.3269 0.2318 0.0103 0.0467
186 0.0822 0.1548 0.2288 0.4995 0.0219 0.0128
187 0.1923 0.6016 0.1417 0.0177 0.0314 0.0155
188 0.2351 0.3999 0.2583 0.0390 0.0186 0.0493
189 0.1960 0.0732 0.3386 0.3181 0.0060 0.0677
190 0.1125 0.0631 0.0977 0.4312 0.0129 0.2827
191 0.0879 0.1567 0.1592 0.3938 0.1495 0.0529
192 0.0696 0.0880 0.3762 0.2546 0.0222 0.1892
193 0.0406 0.0132 0.0582 0.2957 0.0042 0.5879
194 0.2225 0.3042 0.1693 0.1603 0.0090 0.1349
195 0.0716 0.0863 0.3416 0.2786 0.0244 0.1976
196 0.0814 0.0479 0.4614 0.2932 0.0082 0.1079
197 0.1444 0.2134 0.5117 0.1090 0.0029 0.0185
198 0.3035 0.1611 0.2219 0.2185 0.0102 0.0849
199 0.0222 0.8394 0.0757 0.0445 0.0084 0.0098
200 0.1453 0.2957 0.2957 0.1167 0.0036 0.1429
201 0.2039 0.1198 0.3013 0.2310 0.0727 0.0715
202 0.2202 0.1169 0.5039 0.0947 0.0122 0.0519
203 0.0526 0.0959 0.2607 0.4436 0.1332 0.0140
204 0.0782 0.0279 0.1021 0.1683 0.5967 0.0268
205 0.1257 0.1403 0.4319 0.1154 0.1493 0.0374
206 0.2712 0.4202 0.1836 0.0731 0.0364 0.0153
207 0.1149 0.0406 0.1387 0.2268 0.4727 0.0062
208 0.0629 0.4265 0.0894 0.3945 0.0173 0.0094
209 0.0806 0.3474 0.3584 0.1803 0.0050 0.0283
210 0.0355 0.1427 0.3586 0.3318 0.0936 0.0378
211 0.0773 0.2023 0.1730 0.1390 0.3960 0.0125
212 0.2278 0.0594 0.3999 0.1542 0.1259 0.0331
213 0.0720 0.1432 0.3225 0.0275 0.4341 0.0007
214 0.1442 0.2164 0.0976 0.1465 0.0754 0.3198
215 0.1768 0.2341 0.2493 0.2131 0.0237 0.1031
216 0.1749 0.5693 0.1593 0.0701 0.0121 0.0143
217 0.2705 0.3474 0.3420 0.0032 0.0258 0.0111
218 0.1375 0.1486 0.1908 0.3975 0.0887 0.0370
219 0.1148 0.4009 0.3374 0.1046 0.0406 0.0018
220 0.2690 0.1582 0.3350 0.1105 0.0115 0.1158
221 0.0381 0.5513 0.2817 0.1052 0.0037 0.0198
222 0.0175 0.7451 0.1914 0.0407 0.0020 0.0030
223 0.1032 0.3987 0.2917 0.1884 0.0076 0.0105
224 0.5859 0.0516 0.2661 0.0831 0.0125 0.0007
225 0.2651 0.2671 0.2651 0.1262 0.0189 0.0578
226 0.0456 0.0775 0.7124 0.1110 0.0264 0.0270
227 0.1459 0.0934 0.6338 0.0571 0.0558 0.0140
228 0.1769 0.1216 0.3464 0.2805 0.0377 0.0368
229 0.2742 0.2152 0.3230 0.1368 0.0303 0.0203
230 0.1328 0.1209 0.5420 0.1787 0.0039 0.0217
231 0.1527 0.1992 0.5459 0.0688 0.0231 0.0104
232 0.1787 0.3472 0.4058 0.0336 0.0056 0.0294
233 0.2842 0.1301 0.5068 0.0582 0.0147 0.0062
234 0.2795 0.2467 0.3535 0.0464 0.0096 0.0644
235 0.1566 0.1903 0.5771 0.0497 0.0026 0.0236
236 0.2260 0.3845 0.1210 0.0652 0.0745 0.1288
237 0.3752 0.3064 0.0781 0.1026 0.0942 0.0435
238 0.1831 0.0838 0.1076 0.3528 0.1110 0.1616
239 0.1237 0.3469 0.3232 0.1915 0.0056 0.0090
240 0.0748 0.1294 0.2654 0.4658 0.0147 0.0499
241 0.1841 0.0911 0.2556 0.3718 0.0263 0.0710
242 0.1802 0.3210 0.3018 0.1615 0.0227 0.0128
243 0.0297 0.6973 0.0873 0.1631 0.0163 0.0063
244 0.0839 0.3940 0.2585 0.1776 0.0290 0.0568
245 0.0593 0.0320 0.8511 0.0377 0.0037 0.0161
246 0.1488 0.2396 0.0535 0.2114 0.3027 0.0440
247 0.0488 0.3523 0.3870 0.0716 0.1316 0.0088
248 0.1279 0.1230 0.4463 0.2043 0.0070 0.0914
249 0.0695 0.2009 0.7124 0.0080 0.0007 0.0086
250 0.2590 0.3569 0.2913 0.0665 0.0071 0.0189
251 0.2913 0.0645 0.2378 0.2378 0.1584 0.0101
252 0.0509 0.2839 0.2507 0.3120 0.0959 0.0065
253 0.0810 0.0671 0.6079 0.1854 0.0368 0.0216
254 0.1638 0.5127 0.3013 0.0070 0.0122 0.0030
255 0.2708 0.1165 0.3215 0.2354 0.0229 0.0329
256 0.0246 0.6870 0.0439 0.2373 0.0009 0.0064
257 0.1626 0.2460 0.4351 0.1199 0.0218 0.0145
258 0.1909 0.0697 0.4727 0.2268 0.0061 0.0337
259 0.1429 0.2321 0.1149 0.4543 0.0116 0.0443
260 0.0593 0.3687 0.4448 0.1024 0.0117 0.0132
261 0.1156 0.3645 0.2246 0.2585 0.0254 0.0114
262 0.1372 0.0633 0.0950 0.3616 0.3345 0.0084
263 0.0755 0.1255 0.0682 0.3491 0.3718 0.0098
264 0.0670 0.0735 0.1157 0.3621 0.3621 0.0195
265 0.1255 0.3438 0.2595 0.1958 0.0579 0.0177
266 0.0345 0.3704 0.0538 0.5308 0.0069 0.0038
267 0.1137 0.2059 0.2092 0.3140 0.0041 0.1531
268 0.1688 0.1688 0.3745 0.2495 0.0234 0.0148
269 0.2769 0.1278 0.3394 0.1288 0.0352 0.0920
270 0.0945 0.0760 0.6772 0.0772 0.0271 0.0479
271 0.0918 0.0574 0.2656 0.3306 0.0203 0.2344
272 0.0435 0.0787 0.1471 0.6909 0.0260 0.0139
273 0.0594 0.1494 0.3315 0.3115 0.1318 0.0164
274 0.1199 0.3962 0.2172 0.1118 0.1516 0.0032
275 0.0499 0.2942 0.1929 0.4280 0.0305 0.0045
276 0.2266 0.4910 0.2213 0.0237 0.0180 0.0193
277 0.0939 0.6782 0.1688 0.0434 0.0043 0.0114
278 0.0568 0.5303 0.2316 0.1694 0.0029 0.0090
279 0.1195 0.2913 0.2651 0.0725 0.1780 0.0736
280 0.1515 0.0715 0.1588 0.2537 0.1108 0.2537
281 0.1447 0.3313 0.3472 0.0818 0.0320 0.0632
282 0.1389 0.6733 0.1000 0.0208 0.0327 0.0343
283 0.1687 0.5156 0.1124 0.0602 0.0597 0.0835
284 0.2098 0.5977 0.0946 0.0223 0.0282 0.0472
285 0.1079 0.6816 0.1046 0.0334 0.0370 0.0353
286 0.1420 0.6987 0.1097 0.0340 0.0066 0.0089
287 0.0289 0.4636 0.1228 0.3726 0.0006 0.0116
288 0.4080 0.3545 0.1356 0.0239 0.0213 0.0565
289 0.3228 0.5322 0.1008 0.0293 0.0080 0.0069
290 0.1500 0.1205 0.3545 0.2435 0.0109 0.1205
291 0.0870 0.0646 0.2023 0.5942 0.0100 0.0417
292 0.0832 0.0554 0.2191 0.5771 0.0258 0.0393
293 0.1711 0.0555 0.1969 0.4875 0.0176 0.0714
294 0.1489 0.0984 0.2133 0.5034 0.0110 0.0249
295 0.1432 0.0561 0.3079 0.4016 0.0305 0.0606
296 0.1780 0.1030 0.2756 0.3652 0.0687 0.0093
297 0.3091 0.0734 0.2484 0.3191 0.0125 0.0375
298 0.1201 0.1494 0.2705 0.3528 0.0308 0.0763
299 0.1085 0.0770 0.1394 0.4226 0.1174 0.1351
300 0.0900 0.3142 0.4297 0.1351 0.0060 0.0248
301 0.2322 0.3174 0.1986 0.1080 0.1233 0.0208
302 0.0961 0.3953 0.2217 0.1957 0.0803 0.0111
303 0.3364 0.1067 0.1918 0.3528 0.0120 0.0004
304 0.1090 0.2272 0.2615 0.3203 0.0158 0.0661
305 0.0927 0.1307 0.2189 0.4780 0.0504 0.0292
306 0.0907 0.1044 0.2883 0.4326 0.0663 0.0176
307 0.5547 0.0745 0.2009 0.1425 0.0240 0.0032
308 0.0630 0.0539 0.1910 0.6670 0.0156 0.0097
309 0.1205 0.0527 0.1597 0.6025 0.0164 0.0479
310 0.2654 0.0376 0.2100 0.4241 0.0118 0.0511
311 0.0565 0.1024 0.2418 0.4961 0.0401 0.0630
312 0.1616 0.0751 0.3938 0.2837 0.0308 0.0550
313 0.1788 0.1229 0.1995 0.4290 0.0130 0.0567
314 0.2783 0.1356 0.2236 0.2167 0.0059 0.1399
315 0.2084 0.2324 0.2361 0.2019 0.0079 0.1133
316 0.0892 0.0323 0.1887 0.6284 0.0185 0.0428
317 0.0933 0.0693 0.3413 0.4521 0.0193 0.0247
318 0.0344 0.2190 0.6045 0.1101 0.0213 0.0107
319 0.0657 0.1813 0.4282 0.2722 0.0171 0.0357
320 0.0994 0.1744 0.4744 0.1588 0.0632 0.0298
321 0.1428 0.1281 0.0937 0.1892 0.4331 0.0132
322 0.1877 0.2732 0.2690 0.1290 0.1157 0.0254
323 0.1370 0.0678 0.3445 0.3340 0.0067 0.1101
324 0.3906 0.0318 0.3669 0.1816 0.0104 0.0187
325 0.1890 0.3477 0.2505 0.0800 0.1094 0.0235
326 0.0525 0.0252 0.0559 0.8345 0.0105 0.0215
327 0.0939 0.1215 0.0676 0.1573 0.5532 0.0062
328 0.0414 0.0220 0.0992 0.8057 0.0103 0.0216
329 0.1111 0.4749 0.3816 0.0106 0.0099 0.0119
330 0.1229 0.1267 0.2260 0.4158 0.0084 0.1003
331 0.0803 0.2759 0.3328 0.2397 0.0527 0.0185
332 0.0309 0.0154 0.0196 0.3074 0.6016 0.0252
333 0.0867 0.1130 0.3481 0.3535 0.0196 0.0789
334 0.0654 0.0542 0.0674 0.7969 0.0127 0.0035
335 0.2330 0.2441 0.3184 0.0979 0.0637 0.0428
336 0.1366 0.2676 0.4080 0.0803 0.0043 0.1031
337 0.0468 0.1196 0.2234 0.5703 0.0322 0.0075
338 0.0305 0.0925 0.1548 0.6724 0.0379 0.0117
339 0.0891 0.1041 0.2920 0.3157 0.0165 0.1827
340 0.1360 0.4976 0.3113 0.0226 0.0115 0.0210
341 0.0677 0.4146 0.4922 0.0095 0.0053 0.0108
342 0.1475 0.1864 0.3376 0.1223 0.0494 0.1570
343 0.1893 0.1533 0.2979 0.0997 0.0350 0.2249
344 0.2008 0.1277 0.2876 0.1492 0.0210 0.2137
345 0.1191 0.1172 0.2561 0.2903 0.0301 0.1874
346 0.1829 0.1772 0.2832 0.1772 0.0255 0.1539
347 0.1438 0.1138 0.2484 0.2859 0.0235 0.1846
348 0.0637 0.0392 0.0699 0.6846 0.0392 0.1033
349 0.0914 0.0453 0.0859 0.6152 0.0648 0.0974
350 0.1136 0.1553 0.1349 0.1288 0.0181 0.4492
351 0.1136 0.1553 0.1349 0.1288 0.0181 0.4492
352 0.1136 0.1553 0.1349 0.1288 0.0181 0.4492
353 0.8599 0.0906 0.0204 0.0080 0.0209 0.0004
354 0.8555 0.0945 0.0211 0.0073 0.0216 0.0003
355 0.8623 0.0867 0.0206 0.0085 0.0214 0.0004
356 0.8623 0.0867 0.0206 0.0085 0.0214 0.0004
