time exciting_prob fearful_prob tense_prob sad_prob relaxing_prob neutral_prob
0 0.3091 0.3845 0.2686 0.0224 0.0109 0.0047
1 0.2285 0.5229 0.2322 0.0092 0.0065 0.0005
2 0.1487 0.5698 0.2671 0.0105 0.0036 0.0003
3 0.0716 0.0646 0.5249 0.1730 0.1306 0.0354
4 0.1842 0.1218 0.4316 0.1588 0.0768 0.0267
5 0.0920 0.0549 0.4973 0.1830 0.0864 0.0864
6 0.0533 0.4395 0.4128 0.0826 0.0010 0.0111
7 0.0583 0.5278 0.3462 0.0597 0.0010 0.0068
8 0.0578 0.0731 0.8232 0.0345 0.0078 0.0037
9 0.1005 0.2607 0.6255 0.0073 0.0054 0.0005
10 0.0916 0.2649 0.6357 0.0037 0.0040 0.0002
11 0.2283 0.3823 0.3025 0.0718 0.0101 0.0050
12 0.1465 0.3684 0.2571 0.1809 0.0397 0.0072
13 0.2148 0.2512 0.3889 0.0931 0.0479 0.0041
14 0.4492 0.2461 0.1470 0.0637 0.0549 0.0392
15 0.3342 0.3188 0.0879 0.1027 0.0690 0.0872
16 0.3369 0.1320 0.0669 0.2644 0.0406 0.1592
17 0.1272 0.3223 0.5312 0.0109 0.0075 0.0008
18 0.0777 0.2451 0.6455 0.0260 0.0036 0.0019
19 0.0975 0.4954 0.3540 0.0475 0.0035 0.0022
20 0.1119 0.6001 0.2500 0.0328 0.0039 0.0014
21 0.2815 0.2297 0.3020 0.1036 0.0485 0.0347
22 0.4678 0.1173 0.2949 0.0366 0.0396 0.0439
23 0.0152 0.0832 0.1604 0.6968 0.0046 0.0399
24 0.0097 0.0470 0.1415 0.2903 0.5015 0.0099
25 0.4431 0.1484 0.1669 0.1183 0.0740 0.0493
26 0.3706 0.1030 0.1710 0.0327 0.0316 0.2910
27 0.6089 0.0898 0.1504 0.0144 0.0612 0.0751
28 0.1160 0.6030 0.1294 0.1056 0.0312 0.0150
29 0.1110 0.3340 0.2683 0.2140 0.0311 0.0415
30 0.0414 0.1599 0.5762 0.1991 0.0075 0.0160
31 0.0169 0.3789 0.3909 0.1949 0.0053 0.0132
32 0.0175 0.1864 0.1375 0.5654 0.0403 0.0530
33 0.0128 0.1582 0.5269 0.2568 0.0068 0.0382
34 0.4924 0.1216 0.1624 0.0200 0.0414 0.1624
35 0.2264 0.2710 0.2030 0.0959 0.1121 0.0915
36 0.0136 0.7583 0.0844 0.1127 0.0021 0.0292
37 0.0164 0.6592 0.0734 0.2074 0.0017 0.0418
38 0.0367 0.5923 0.1281 0.1848 0.0054 0.0529
39 0.0201 0.0953 0.3516 0.4729 0.0014 0.0587
40 0.0522 0.0507 0.6367 0.1661 0.0041 0.0903
41 0.0455 0.2499 0.3337 0.3062 0.0093 0.0553
42 0.2820 0.2179 0.2450 0.1498 0.0359 0.0696
43 0.0349 0.0354 0.3774 0.5078 0.0012 0.0430
44 0.0125 0.0853 0.2015 0.6406 0.0049 0.0551
45 0.2578 0.1815 0.2520 0.1067 0.0247 0.1772
46 0.0170 0.0246 0.0950 0.7710 0.0196 0.0728
47 0.1476 0.2360 0.3125 0.2454 0.0388 0.0198
48 0.4150 0.1316 0.3037 0.0830 0.0395 0.0272
49 0.3472 0.1665 0.2189 0.0739 0.0205 0.1731
50 0.1466 0.3127 0.2654 0.2052 0.0275 0.0423
51 0.1056 0.0666 0.5322 0.2019 0.0028 0.0910
52 0.3188 0.1268 0.2426 0.0520 0.0459 0.2140
53 0.4258 0.0183 0.1102 0.3909 0.0045 0.0504
54 0.4961 0.1197 0.2134 0.0191 0.0656 0.0862
55 0.5073 0.1080 0.1534 0.0332 0.0841 0.1141
56 0.2756 0.1343 0.5269 0.0582 0.0011 0.0036
57 0.3672 0.2299 0.3589 0.0350 0.0049 0.0042
58 0.0125 0.0931 0.5708 0.2612 0.0017 0.0606
59 0.0171 0.0596 0.5225 0.2319 0.0017 0.1671
60 0.0184 0.2072 0.4890 0.2170 0.0027 0.0657
61 0.1006 0.2451 0.3767 0.1779 0.0023 0.0975
62 0.0257 0.3582 0.4529 0.1541 0.0017 0.0075
63 0.0341 0.2974 0.4570 0.1920 0.0031 0.0164
64 0.0517 0.1241 0.4683 0.0853 0.0080 0.2627
65 0.0315 0.2893 0.3892 0.1187 0.0066 0.1648
66 0.0234 0.5449 0.2939 0.1216 0.0017 0.0144
67 0.0251 0.2073 0.2405 0.5010 0.0035 0.0224
68 0.0439 0.2465 0.6055 0.0865 0.0068 0.0111
69 0.0287 0.0607 0.2151 0.6523 0.0084 0.0351
70 0.0358 0.3591 0.5103 0.0691 0.0115 0.0141
71 0.0424 0.5337 0.2009 0.1145 0.0050 0.1035
72 0.0181 0.5571 0.2673 0.1141 0.0023 0.0413
73 0.0097 0.2246 0.4539 0.1240 0.0016 0.1863
74 0.0082 0.6348 0.3242 0.0138 0.0009 0.0177
75 0.0790 0.1711 0.5029 0.2048 0.0020 0.0403
76 0.0331 0.3137 0.3162 0.3040 0.0072 0.0260
77 0.0645 0.2358 0.3889 0.2147 0.0022 0.0938
78 0.0453 0.2776 0.4541 0.1429 0.0018 0.0783
79 0.0322 0.2629 0.4875 0.0953 0.0017 0.1204
80 0.0201 0.0428 0.3970 0.4429 0.0017 0.0958
81 0.0224 0.2952 0.6343 0.0358 0.0028 0.0094
82 0.0177 0.3298 0.4873 0.0254 0.0045 0.1354
83 0.0142 0.3789 0.5264 0.0190 0.0021 0.0595
84 0.0131 0.1333 0.5483 0.2671 0.0076 0.0307
85 0.0119 0.1489 0.5938 0.1974 0.0036 0.0444
86 0.0107 0.3999 0.3938 0.1146 0.0009 0.0800
87 0.0096 0.3335 0.5166 0.0897 0.0023 0.0484
88 0.0121 0.4595 0.3750 0.0792 0.0017 0.0727
89 0.0236 0.2859 0.4358 0.1329 0.0047 0.1173
90 0.0208 0.3455 0.4949 0.0771 0.0014 0.0605
91 0.0123 0.2428 0.5181 0.1405 0.0012 0.0852
92 0.0169 0.2583 0.5913 0.1060 0.0020 0.0256
93 0.0330 0.4658 0.4175 0.0499 0.0075 0.0265
94 0.0304 0.4717 0.3730 0.0839 0.0050 0.0358
95 0.0136 0.3813 0.4822 0.0258 0.0092 0.0878
96 0.0239 0.0861 0.6562 0.2130 0.0051 0.0158
97 0.0556 0.0760 0.6938 0.0917 0.0008 0.0822
98 0.0699 0.1118 0.5996 0.1719 0.0014 0.0452
99 0.0161 0.3718 0.5757 0.0077 0.0016 0.0269
100 0.0257 0.0778 0.6826 0.1780 0.0015 0.0345
101 0.0177 0.0546 0.8955 0.0281 0.0004 0.0035
102 0.0551 0.3049 0.5029 0.0686 0.0014 0.0670
103 0.0366 0.3611 0.5547 0.0226 0.0058 0.0191
104 0.0256 0.3420 0.4602 0.1219 0.0044 0.0459
105 0.0179 0.3928 0.5327 0.0310 0.0030 0.0223
106 0.0207 0.2505 0.6006 0.0541 0.0057 0.0684
107 0.0015 0.8013 0.1437 0.0418 0.0003 0.0113
108 0.0282 0.4209 0.4697 0.0484 0.0083 0.0245
109 0.0032 0.8506 0.1226 0.0163 0.0003 0.0068
110 0.0207 0.3789 0.4033 0.0717 0.0403 0.0852
111 0.0250 0.1953 0.6606 0.0853 0.0025 0.0314
112 0.0239 0.1837 0.4692 0.2512 0.0033 0.0687
113 0.0393 0.3967 0.3757 0.1339 0.0199 0.0344
114 0.0504 0.5088 0.3750 0.0504 0.0045 0.0112
115 0.0271 0.3601 0.4553 0.1274 0.0048 0.0251
116 0.0102 0.0807 0.7905 0.1053 0.0008 0.0126
117 0.1110 0.2725 0.1979 0.1127 0.0204 0.2856
118 0.0455 0.2810 0.5679 0.0733 0.0155 0.0169
119 0.0152 0.0748 0.8691 0.0370 0.0004 0.0037
120 0.0189 0.0859 0.7603 0.1021 0.0007 0.0324
121 0.0435 0.1787 0.5337 0.1979 0.0043 0.0421
122 0.0286 0.1332 0.7485 0.0808 0.0010 0.0078
123 0.0415 0.0512 0.4673 0.4060 0.0013 0.0328
124 0.0903 0.0910 0.4209 0.3657 0.0110 0.0213
125 0.0723 0.0550 0.1791 0.6758 0.0088 0.0092
126 0.1453 0.0173 0.2285 0.5928 0.0089 0.0073
127 0.2101 0.0829 0.5117 0.1825 0.0087 0.0038
128 0.2896 0.0480 0.3130 0.3281 0.0162 0.0053
129 0.3298 0.1364 0.3855 0.1213 0.0262 0.0007
130 0.7466 0.0240 0.1447 0.0662 0.0176 0.0010
131 0.4167 0.0475 0.2629 0.2213 0.0413 0.0103
132 0.1166 0.2798 0.4761 0.0564 0.0660 0.0051
133 0.1569 0.3821 0.2817 0.1281 0.0193 0.0319
134 0.1708 0.0350 0.6865 0.0914 0.0080 0.0084
135 0.0780 0.0470 0.6953 0.1626 0.0098 0.0071
136 0.1672 0.1499 0.4993 0.1063 0.0232 0.0543
137 0.2837 0.2644 0.2524 0.1508 0.0339 0.0147
138 0.0801 0.1451 0.7197 0.0242 0.0260 0.0047
139 0.2993 0.0892 0.4221 0.0435 0.1448 0.0013
140 0.2656 0.3081 0.4114 0.0083 0.0060 0.0008
141 0.1450 0.3347 0.4646 0.0373 0.0165 0.0019
142 0.2487 0.0753 0.4099 0.2372 0.0069 0.0221
143 0.0506 0.2888 0.5229 0.1038 0.0275 0.0064
144 0.1743 0.1017 0.3691 0.1915 0.1613 0.0020
145 0.1328 0.0613 0.2025 0.5723 0.0264 0.0046
146 0.1995 0.0266 0.3237 0.4424 0.0061 0.0019
147 0.0995 0.2139 0.2561 0.0844 0.0326 0.3137
148 0.1242 0.3796 0.4302 0.0350 0.0157 0.0152
149 0.3362 0.3579 0.1962 0.0504 0.0323 0.0272
150 0.5674 0.2007 0.1625 0.0184 0.0312 0.0200
151 0.3994 0.1814 0.2876 0.0315 0.0536 0.0462
152 0.2140 0.3845 0.2314 0.0341 0.1318 0.0041
153 0.1421 0.4275 0.2512 0.0189 0.1548 0.0055
154 0.2583 0.2881 0.3848 0.0384 0.0254 0.0049
155 0.4172 0.2491 0.1115 0.0999 0.0968 0.0255
156 0.3467 0.2170 0.1946 0.0715 0.0584 0.1117
157 0.3184 0.1962 0.2460 0.0941 0.0857 0.0598
158 0.0353 0.2356 0.6016 0.1113 0.0058 0.0104
159 0.1040 0.4963 0.3230 0.0626 0.0122 0.0020
160 0.0138 0.0472 0.2939 0.3381 0.0037 0.3032
161 0.0099 0.5518 0.3096 0.0833 0.0052 0.0400
162 0.0303 0.5005 0.4150 0.0193 0.0236 0.0112
163 0.5171 0.2349 0.1425 0.0524 0.0344 0.0191
164 0.0913 0.3262 0.2642 0.0576 0.1257 0.1349
165 0.0778 0.4106 0.4441 0.0457 0.0134 0.0083
166 0.1036 0.5425 0.1508 0.0845 0.0378 0.0807
167 0.0809 0.3767 0.4915 0.0353 0.0118 0.0038
168 0.0585 0.1318 0.5337 0.2295 0.0328 0.0139
169 0.5620 0.0291 0.1549 0.1514 0.0755 0.0269
170 0.4487 0.0328 0.1562 0.2328 0.0876 0.0417
171 0.2285 0.0228 0.0055 0.7378 0.0016 0.0037
172 0.3904 0.0528 0.0073 0.5420 0.0046 0.0029
173 0.5400 0.0518 0.0097 0.3950 0.0018 0.0020
174 0.2849 0.0261 0.0064 0.6675 0.0057 0.0096
175 0.4858 0.0301 0.0038 0.4707 0.0082 0.0014
176 0.5161 0.0296 0.0032 0.4451 0.0036 0.0023
177 0.3967 0.0604 0.2314 0.1859 0.0648 0.0609
178 0.6553 0.0479 0.0075 0.2798 0.0024 0.0072
179 0.3894 0.0310 0.0052 0.5664 0.0029 0.0049
180 0.0596 0.2357 0.1909 0.0771 0.3652 0.0714
181 0.1019 0.0819 0.0585 0.0190 0.7246 0.0141
182 0.0130 0.0478 0.0467 0.0133 0.8750 0.0043
183 0.0077 0.0117 0.0981 0.0696 0.8086 0.0044
184 0.0079 0.0083 0.1687 0.0977 0.7104 0.0070
185 0.0280 0.0695 0.0208 0.0086 0.8657 0.0071
186 0.0265 0.0641 0.0404 0.0340 0.8184 0.0167
187 0.0273 0.0586 0.0439 0.0048 0.8608 0.0046
188 0.3652 0.1038 0.1453 0.2163 0.0697 0.0998
189 0.1098 0.1206 0.6938 0.0570 0.0125 0.0061
190 0.1625 0.4851 0.2896 0.0480 0.0098 0.0051
191 0.0418 0.3667 0.3965 0.1459 0.0112 0.0381
192 0.2064 0.0340 0.3376 0.3511 0.0300 0.0410
193 0.3604 0.0933 0.3835 0.1305 0.0202 0.0120
194 0.0198 0.0307 0.0175 0.0216 0.8975 0.0130
195 0.3350 0.1571 0.2321 0.2113 0.0560 0.0085
196 0.0381 0.0585 0.0438 0.0074 0.8398 0.0122
197 0.0365 0.0457 0.0382 0.0085 0.8496 0.0214
198 0.3066 0.0788 0.3818 0.1846 0.0224 0.0258
199 0.0304 0.0558 0.0193 0.0088 0.8735 0.0121
200 0.1909 0.1312 0.1233 0.0286 0.4954 0.0307
201 0.0798 0.1390 0.0667 0.0251 0.6738 0.0155
202 0.0456 0.2371 0.2644 0.3728 0.0712 0.0088
203 0.0853 0.4133 0.3374 0.0367 0.0674 0.0600
204 0.0763 0.2157 0.1085 0.2644 0.3289 0.0063
205 0.1892 0.2355 0.1021 0.2795 0.1764 0.0173
206 0.1698 0.2321 0.2180 0.0847 0.2844 0.0112
207 0.1322 0.1251 0.0471 0.1953 0.4758 0.0244
208 0.0701 0.5605 0.1013 0.0997 0.1644 0.0039
209 0.1659 0.2549 0.0569 0.1302 0.2734 0.1185
210 0.3491 0.1797 0.1207 0.0332 0.3105 0.0068
211 0.2793 0.2028 0.1484 0.1981 0.1508 0.0206
212 0.0493 0.1044 0.0717 0.5220 0.2352 0.0176
213 0.0374 0.4209 0.3057 0.0247 0.1537 0.0579
214 0.0145 0.2046 0.2668 0.2883 0.1805 0.0453
215 0.0652 0.0757 0.1277 0.4600 0.2581 0.0135
216 0.2490 0.2064 0.3003 0.1685 0.0587 0.0171
217 0.1832 0.2280 0.2927 0.2012 0.0729 0.0220
218 0.0963 0.1826 0.3413 0.3010 0.0570 0.0218
219 0.0328 0.3560 0.2927 0.0428 0.2372 0.0384
220 0.0570 0.3984 0.2100 0.1315 0.1755 0.0275
221 0.1514 0.0798 0.2637 0.0940 0.3440 0.0672
222 0.2130 0.2957 0.1970 0.0615 0.2097 0.0232
223 0.1692 0.1011 0.1248 0.0520 0.5381 0.0150
224 0.0551 0.2213 0.2319 0.1835 0.2546 0.0534
225 0.0892 0.5864 0.2225 0.0554 0.0303 0.0164
226 0.0616 0.2476 0.0829 0.2272 0.3774 0.0032
227 0.0226 0.0190 0.0326 0.0015 0.9243 0.0001
228 0.0111 0.0261 0.0955 0.2515 0.5757 0.0398
229 0.0640 0.0902 0.1487 0.0327 0.6260 0.0385
230 0.0793 0.2561 0.1191 0.2482 0.2903 0.0070
231 0.0950 0.2815 0.0900 0.2227 0.2949 0.0161
232 0.0122 0.1760 0.4324 0.1566 0.0187 0.2042
233 0.0234 0.0197 0.0139 0.0053 0.9346 0.0029
234 0.0142 0.0199 0.0287 0.0185 0.9126 0.0060
235 0.2025 0.0448 0.1228 0.0652 0.4563 0.1084
236 0.0629 0.0112 0.0555 0.0214 0.7964 0.0526
237 0.1141 0.0302 0.1398 0.0258 0.6665 0.0234
238 0.0043 0.4014 0.5483 0.0216 0.0117 0.0125
239 0.0844 0.1857 0.2072 0.0774 0.4385 0.0069
240 0.0868 0.2166 0.1089 0.2034 0.3655 0.0189
241 0.0201 0.0450 0.0457 0.0040 0.8633 0.0219
242 0.0072 0.2710 0.3120 0.0297 0.3706 0.0095
243 0.0075 0.3601 0.3545 0.1973 0.0661 0.0145
244 0.0706 0.1494 0.0668 0.1615 0.5464 0.0051
245 0.0833 0.1593 0.0753 0.0337 0.6353 0.0132
246 0.0938 0.2510 0.0443 0.1262 0.4546 0.0302
247 0.0203 0.0631 0.0404 0.0308 0.8447 0.0007
248 0.0213 0.0365 0.0420 0.5200 0.3689 0.0113
249 0.1348 0.1100 0.2639 0.2854 0.1960 0.0100
250 0.2874 0.0234 0.0570 0.0465 0.5801 0.0056
251 0.2185 0.0458 0.0933 0.0631 0.5669 0.0126
252 0.2213 0.1793 0.3679 0.1204 0.1054 0.0058
253 0.2786 0.2742 0.1295 0.2637 0.0462 0.0079
254 0.2913 0.3005 0.2285 0.1420 0.0348 0.0031
255 0.0871 0.1042 0.1349 0.0148 0.6587 0.0005
256 0.0529 0.0735 0.1104 0.0077 0.7539 0.0014
257 0.0443 0.0938 0.1195 0.0125 0.7266 0.0035
258 0.1980 0.1517 0.1382 0.1934 0.2859 0.0328
259 0.3242 0.1508 0.0746 0.1682 0.2688 0.0134
260 0.1754 0.1512 0.0343 0.5708 0.0480 0.0203
261 0.0049 0.5142 0.0853 0.3943 0.0011 0.0001
262 0.0921 0.0832 0.3560 0.4497 0.0058 0.0133
263 0.2499 0.3159 0.3286 0.0575 0.0466 0.0015
264 0.1987 0.2473 0.4478 0.0620 0.0385 0.0055
265 0.4888 0.1082 0.0732 0.0119 0.2988 0.0194
266 0.0847 0.4404 0.2394 0.0173 0.2129 0.0053
267 0.0787 0.2312 0.3694 0.1042 0.2106 0.0059
268 0.2583 0.2815 0.2279 0.0127 0.2028 0.0169
269 0.1549 0.0917 0.2184 0.0317 0.5000 0.0034
270 0.0475 0.1656 0.4502 0.0475 0.2861 0.0031
271 0.0546 0.1212 0.6548 0.1069 0.0482 0.0142
272 0.0731 0.2983 0.4766 0.0999 0.0454 0.0066
273 0.0767 0.2556 0.1785 0.0360 0.4521 0.0012
274 0.0737 0.5317 0.1031 0.0130 0.2781 0.0006
275 0.0282 0.7856 0.1559 0.0164 0.0136 0.0001
276 0.2277 0.3904 0.1448 0.0864 0.1448 0.0060
277 0.2343 0.0829 0.2235 0.2306 0.2167 0.0120
278 0.1149 0.3171 0.2180 0.0708 0.2756 0.0034
279 0.1142 0.5752 0.2515 0.0082 0.0499 0.0009
280 0.1917 0.4058 0.2258 0.0274 0.1481 0.0013
281 0.2290 0.3105 0.2764 0.0593 0.1235 0.0013
282 0.1927 0.4624 0.1160 0.0552 0.1727 0.0009
283 0.1699 0.3770 0.2454 0.0889 0.1187 0.0002
284 0.1851 0.2981 0.1808 0.2377 0.0895 0.0088
285 0.0483 0.4690 0.4011 0.0179 0.0635 0.0003
286 0.3340 0.1815 0.3501 0.0673 0.0331 0.0341
287 0.2910 0.2096 0.3350 0.0494 0.0482 0.0670
288 0.1733 0.2881 0.3557 0.1229 0.0405 0.0196
289 0.1252 0.4956 0.2340 0.0475 0.0060 0.0917
290 0.1747 0.3342 0.2925 0.0585 0.0341 0.1060
291 0.1355 0.1158 0.1713 0.0583 0.5151 0.0039
292 0.2800 0.3328 0.2198 0.0479 0.1022 0.0171
293 0.1716 0.2291 0.5625 0.0082 0.0100 0.0185
294 0.0618 0.4426 0.4639 0.0155 0.0058 0.0104
295 0.2262 0.4097 0.3191 0.0128 0.0217 0.0107
296 0.0952 0.1104 0.4504 0.3096 0.0082 0.0264
297 0.0530 0.7148 0.1464 0.0166 0.0676 0.0014
298 0.2001 0.4370 0.0841 0.0388 0.2340 0.0060
299 0.0392 0.7158 0.1586 0.0749 0.0024 0.0091
300 0.2494 0.4241 0.2739 0.0261 0.0186 0.0079
301 0.0652 0.1979 0.2041 0.4600 0.0296 0.0431
302 0.0333 0.2295 0.6045 0.0700 0.0485 0.0140
303 0.0969 0.5278 0.2288 0.0671 0.0398 0.0398
304 0.2380 0.2117 0.1958 0.1769 0.0961 0.0816
305 0.3921 0.2216 0.2396 0.0514 0.0895 0.0059
306 0.3723 0.2854 0.1718 0.0536 0.1109 0.0059
307 0.4202 0.2180 0.1571 0.0277 0.1698 0.0071
308 0.3857 0.2433 0.1282 0.0923 0.1292 0.0214
309 0.3120 0.2355 0.2213 0.0847 0.0664 0.0801
310 0.3711 0.2532 0.2360 0.0447 0.0464 0.0487
311 0.5039 0.1315 0.2134 0.0404 0.0273 0.0836
312 0.7402 0.0434 0.0683 0.0927 0.0448 0.0106
313 0.1580 0.0914 0.0833 0.2646 0.0412 0.3616
314 0.1580 0.0914 0.0833 0.2646 0.0412 0.3616
315 0.1136 0.1553 0.1349 0.1288 0.0181 0.4492
316 0.1136 0.1553 0.1349 0.1288 0.0181 0.4492
317 0.1136 0.1553 0.1349 0.1288 0.0181 0.4492
318 0.8291 0.0960 0.0271 0.0322 0.0131 0.0024
319 0.8188 0.0994 0.0287 0.0371 0.0133 0.0027
320 0.8218 0.1013 0.0279 0.0336 0.0133 0.0024
