time exciting_prob fearful_prob tense_prob sad_prob relaxing_prob neutral_prob
0 0.2089 0.1436 0.4287 0.0270 0.0076 0.1843
1 0.0831 0.2140 0.4124 0.0489 0.0244 0.2173
2 0.2517 0.1901 0.2988 0.0251 0.0941 0.1401
3 0.1959 0.2637 0.3438 0.0143 0.0414 0.1411
4 0.2062 0.1907 0.3618 0.0219 0.0591 0.1605
5 0.2395 0.2471 0.3123 0.0241 0.0385 0.1385
6 0.2052 0.2871 0.3923 0.0359 0.0243 0.0552
7 0.1923 0.1046 0.3481 0.0228 0.0200 0.3123
8 0.1979 0.1339 0.4060 0.0415 0.0347 0.1859
9 0.0613 0.1425 0.3015 0.1541 0.0196 0.3210
10 0.0415 0.2208 0.3999 0.1011 0.0294 0.2074
11 0.0083 0.0179 0.0522 0.0475 0.0193 0.8550
12 0.0775 0.1437 0.2483 0.0643 0.0633 0.4031
13 0.8662 0.0326 0.0346 0.0301 0.0251 0.0114
14 0.7783 0.0795 0.0490 0.0419 0.0350 0.0164
15 0.0107 0.0055 0.1777 0.0533 0.3882 0.3647
16 0.0227 0.0090 0.1902 0.0657 0.0381 0.6743
17 0.0164 0.0084 0.1610 0.0565 0.0903 0.6675
18 0.0263 0.0081 0.2234 0.1293 0.1252 0.4878
19 0.0073 0.0044 0.0670 0.0759 0.1140 0.7314
20 0.0909 0.3679 0.3916 0.0267 0.0072 0.1158
21 0.2773 0.1353 0.3674 0.0116 0.0235 0.1848
22 0.2478 0.1991 0.3386 0.0238 0.0496 0.1411
23 0.8521 0.0366 0.0445 0.0294 0.0259 0.0118
24 0.4604 0.1616 0.1426 0.1803 0.0375 0.0176
25 0.3059 0.1637 0.0963 0.1716 0.1456 0.1170
26 0.2896 0.1716 0.0274 0.2037 0.1587 0.1490
27 0.4766 0.1409 0.0277 0.1896 0.1115 0.0539
28 0.0540 0.0152 0.1797 0.0531 0.0303 0.6675
29 0.0586 0.0501 0.1833 0.0295 0.0281 0.6504
30 0.0503 0.0404 0.2477 0.0883 0.0404 0.5327
31 0.0410 0.0043 0.2634 0.0291 0.0495 0.6128
32 0.0142 0.0041 0.2644 0.0746 0.0375 0.6050
33 0.0090 0.0223 0.3179 0.1064 0.0121 0.5322
34 0.0167 0.0066 0.1089 0.0275 0.0098 0.8306
35 0.0645 0.0630 0.2395 0.1547 0.0708 0.4075
36 0.1228 0.1993 0.2854 0.1002 0.0156 0.2766
37 0.0314 0.0252 0.1364 0.0665 0.0373 0.7031
38 0.1245 0.1649 0.2255 0.0656 0.0048 0.4148
39 0.0471 0.0161 0.1593 0.1044 0.0334 0.6396
40 0.0735 0.0273 0.0887 0.0887 0.0353 0.6865
41 0.0357 0.0123 0.0817 0.0733 0.0213 0.7754
42 0.0421 0.0633 0.2465 0.3115 0.0102 0.3264
43 0.0432 0.0161 0.1351 0.3242 0.0096 0.4717
44 0.0183 0.0467 0.2028 0.2603 0.0224 0.4497
45 0.0289 0.0066 0.1912 0.0611 0.0348 0.6777
46 0.0331 0.0238 0.2092 0.0659 0.0235 0.6445
47 0.0950 0.0318 0.2708 0.1951 0.0486 0.3586
48 0.0338 0.1827 0.3523 0.1945 0.0330 0.2039
49 0.1792 0.1877 0.4299 0.1157 0.0260 0.0614
50 0.0770 0.2429 0.5063 0.0624 0.0246 0.0866
51 0.0792 0.1770 0.6079 0.0804 0.0291 0.0263
52 0.0339 0.1763 0.2998 0.2448 0.0080 0.2372
53 0.0376 0.1710 0.2469 0.2079 0.0095 0.3271
54 0.0154 0.1329 0.1875 0.3291 0.0059 0.3291
55 0.6333 0.1552 0.0441 0.0850 0.0589 0.0238
56 0.6362 0.1252 0.0300 0.1106 0.0815 0.0163
57 0.0287 0.1945 0.3867 0.1400 0.0003 0.2498
58 0.0800 0.0623 0.1003 0.1604 0.0012 0.5957
59 0.0490 0.0483 0.1418 0.3682 0.0010 0.3918
60 0.2593 0.2324 0.1141 0.1454 0.2397 0.0089
61 0.2554 0.2476 0.0602 0.1444 0.2805 0.0118
62 0.0544 0.0884 0.2766 0.2188 0.0013 0.3606
63 0.0388 0.0547 0.0822 0.2532 0.0008 0.5703
64 0.0648 0.0818 0.1816 0.1844 0.0012 0.4861
65 0.0417 0.2328 0.1207 0.2637 0.0076 0.3335
66 0.1058 0.0118 0.0786 0.3013 0.0056 0.4968
67 0.1136 0.0268 0.1145 0.2406 0.0109 0.4937
68 0.0959 0.1184 0.2318 0.4067 0.0130 0.1342
69 0.1770 0.4182 0.2203 0.0870 0.0562 0.0414
70 0.2517 0.2365 0.3606 0.0593 0.0166 0.0756
71 0.0143 0.0167 0.2236 0.2036 0.0055 0.5361
72 0.0056 0.0063 0.1455 0.0698 0.0101 0.7627
73 0.0727 0.0169 0.1179 0.1256 0.0294 0.6377
74 0.0199 0.0095 0.0566 0.0632 0.0060 0.8447
75 0.0451 0.0078 0.0656 0.1048 0.0261 0.7505
76 0.0801 0.1270 0.2126 0.3142 0.0012 0.2646
77 0.1057 0.0230 0.1216 0.4053 0.0085 0.3359
78 0.0492 0.0469 0.4055 0.0408 0.0455 0.4119
79 0.1146 0.0422 0.0595 0.7021 0.0248 0.0567
80 0.0601 0.0275 0.2910 0.0821 0.0670 0.4724
81 0.0659 0.0770 0.3191 0.2094 0.0600 0.2688
82 0.1414 0.2769 0.3088 0.0892 0.0357 0.1482
83 0.2788 0.2104 0.2461 0.0781 0.0473 0.1392
84 0.0258 0.0040 0.2450 0.0348 0.4873 0.2031
85 0.0138 0.0126 0.1224 0.2181 0.0117 0.6216
86 0.0767 0.0261 0.3435 0.0869 0.0458 0.4209
87 0.0219 0.0257 0.2114 0.0828 0.0070 0.6514
88 0.0412 0.0113 0.1372 0.0600 0.0198 0.7305
89 0.0609 0.0701 0.4790 0.0318 0.0079 0.3503
90 0.0202 0.1245 0.2438 0.0732 0.0059 0.5327
91 0.0150 0.0646 0.5581 0.0398 0.0188 0.3035
92 0.0137 0.0153 0.3176 0.0502 0.0282 0.5752
93 0.0187 0.0045 0.1406 0.0685 0.0534 0.7144
94 0.1998 0.0370 0.1175 0.0329 0.0161 0.5967
95 0.4758 0.0866 0.0724 0.0212 0.0119 0.3320
96 0.5137 0.0541 0.0554 0.0485 0.0309 0.2974
97 0.3523 0.0647 0.2072 0.1025 0.0310 0.2422
98 0.0509 0.0067 0.2585 0.0951 0.0151 0.5737
99 0.0116 0.0053 0.1582 0.0337 0.0246 0.7666
100 0.0279 0.0079 0.0974 0.0352 0.0292 0.8022
101 0.3989 0.1638 0.0792 0.1025 0.0210 0.2346
102 0.0943 0.0619 0.4163 0.0581 0.0555 0.3142
103 0.3906 0.0845 0.1248 0.0885 0.0303 0.2812
104 0.4744 0.1588 0.1338 0.0870 0.0298 0.1162
105 0.5254 0.1267 0.1003 0.0545 0.0199 0.1732
106 0.4011 0.1954 0.0938 0.1149 0.0197 0.1752
107 0.0873 0.2338 0.5269 0.0309 0.0052 0.1157
108 0.2390 0.4004 0.2883 0.0228 0.0103 0.0393
109 0.3108 0.2037 0.3157 0.0274 0.0229 0.1198
110 0.4443 0.1313 0.2571 0.0085 0.0720 0.0868
111 0.2347 0.2460 0.3208 0.0117 0.1337 0.0532
112 0.0148 0.0823 0.2576 0.4382 0.0127 0.1945
113 0.0417 0.0310 0.2400 0.2362 0.0616 0.3894
114 0.0159 0.1686 0.2065 0.4512 0.0021 0.1559
115 0.0212 0.0329 0.4541 0.2112 0.0176 0.2629
116 0.0771 0.0522 0.1606 0.1440 0.0224 0.5435
117 0.0249 0.0100 0.2292 0.1348 0.0598 0.5415
118 0.0850 0.0269 0.2421 0.0693 0.0395 0.5371
119 0.4570 0.0936 0.1920 0.0453 0.0425 0.1694
120 0.3105 0.1216 0.0737 0.0385 0.0179 0.4377
121 0.0859 0.6758 0.1997 0.0204 0.0053 0.0130
122 0.0463 0.0549 0.1219 0.3813 0.0021 0.3936
123 0.0650 0.0655 0.0394 0.3250 0.0018 0.5034
124 0.0579 0.1525 0.1169 0.2986 0.0028 0.3716
125 0.0989 0.0624 0.1174 0.2410 0.0086 0.4717
126 0.0548 0.0440 0.1769 0.4446 0.0057 0.2739
127 0.0644 0.1157 0.0887 0.4233 0.0212 0.2864
128 0.1831 0.4126 0.2058 0.0781 0.0231 0.0972
129 0.0493 0.1449 0.2316 0.4258 0.0058 0.1426
130 0.0644 0.1521 0.2112 0.2668 0.0030 0.3025
131 0.0563 0.1249 0.1415 0.3188 0.0029 0.3557
132 0.0798 0.0076 0.2456 0.0836 0.0715 0.5117
133 0.0414 0.0083 0.0762 0.0994 0.1469 0.6279
134 0.0236 0.0075 0.2385 0.0549 0.0272 0.6484
135 0.0082 0.0036 0.1493 0.0333 0.0233 0.7822
136 0.1144 0.1010 0.1296 0.2744 0.0055 0.3750
137 0.1057 0.1587 0.2006 0.2786 0.0030 0.2537
138 0.1338 0.1541 0.1541 0.1843 0.0071 0.3667
139 0.0091 0.0819 0.1604 0.5776 0.0027 0.1681
140 0.0126 0.2144 0.3479 0.3069 0.0053 0.1129
141 0.0692 0.1584 0.4307 0.0726 0.1177 0.1512
142 0.0574 0.0287 0.0918 0.0889 0.0335 0.6997
143 0.0265 0.0510 0.5400 0.0731 0.0295 0.2800
144 0.0658 0.0627 0.7070 0.0679 0.0147 0.0818
145 0.0106 0.0270 0.4563 0.0424 0.0147 0.4492
146 0.0111 0.0174 0.1790 0.4292 0.0132 0.3503
147 0.0132 0.1135 0.5088 0.0357 0.0105 0.3184
148 0.0134 0.0188 0.2727 0.1482 0.0214 0.5254
149 0.0121 0.0059 0.1501 0.1245 0.0127 0.6943
150 0.0547 0.0106 0.1879 0.0564 0.0136 0.6768
151 0.0923 0.0237 0.2114 0.2715 0.0061 0.3950
152 0.2712 0.2932 0.3074 0.0262 0.0453 0.0568
153 0.1095 0.1362 0.4683 0.1260 0.0237 0.1362
154 0.0840 0.1322 0.3323 0.1096 0.0300 0.3120
155 0.0560 0.6509 0.2284 0.0185 0.0032 0.0432
156 0.0638 0.3340 0.5015 0.0254 0.0084 0.0668
157 0.1508 0.0090 0.0900 0.0546 0.0091 0.6865
158 0.5464 0.2173 0.0995 0.0123 0.0172 0.1075
159 0.3640 0.3584 0.0800 0.0425 0.0056 0.1494
160 0.1854 0.0672 0.0626 0.1057 0.0166 0.5625
161 0.2656 0.4663 0.0817 0.0566 0.0070 0.1226
162 0.5010 0.0699 0.0792 0.0125 0.0971 0.2404
163 0.0753 0.0268 0.0952 0.3220 0.0123 0.4685
164 0.0990 0.0439 0.0827 0.1301 0.0085 0.6357
165 0.2825 0.1713 0.1072 0.0543 0.0223 0.3625
166 0.2490 0.3247 0.2490 0.0498 0.0221 0.1054
167 0.1305 0.4084 0.2186 0.0218 0.0365 0.1841
168 0.0510 0.0895 0.3596 0.1499 0.0324 0.3174
169 0.0443 0.0983 0.3770 0.2048 0.0084 0.2673
170 0.0397 0.1166 0.2212 0.4756 0.0063 0.1406
171 0.1720 0.0920 0.2749 0.0878 0.0205 0.3528
172 0.1193 0.2229 0.3850 0.1581 0.0246 0.0900
173 0.2070 0.2421 0.0884 0.1855 0.1066 0.1703
174 0.2766 0.1390 0.0733 0.2402 0.2440 0.0267
175 0.1464 0.0446 0.1821 0.3147 0.0254 0.2866
176 0.0332 0.4373 0.3799 0.0556 0.0556 0.0382
177 0.0784 0.1072 0.5796 0.1313 0.0275 0.0760
178 0.0854 0.4338 0.3711 0.0397 0.0164 0.0535
179 0.0883 0.4963 0.1715 0.1116 0.0677 0.0646
180 0.1963 0.3186 0.2522 0.0358 0.1172 0.0800
181 0.1600 0.4216 0.2402 0.0593 0.0593 0.0593
182 0.1729 0.1755 0.3894 0.0407 0.0163 0.2052
183 0.0591 0.0610 0.2063 0.1533 0.2338 0.2864
184 0.0025 0.0142 0.0807 0.7080 0.0128 0.1819
185 0.3440 0.0532 0.0395 0.0217 0.0170 0.5244
186 0.0871 0.0127 0.0341 0.0212 0.0057 0.8394
187 0.9048 0.0066 0.0447 0.0239 0.0189 0.0010
188 0.9844 0.0086 0.0021 0.0021 0.0026 0.0005
189 0.9839 0.0086 0.0022 0.0020 0.0027 0.0005
190 0.9839 0.0086 0.0022 0.0020 0.0027 0.0005
191 0.9839 0.0086 0.0022 0.0020 0.0027 0.0005
