time exciting_prob fearful_prob tense_prob sad_prob relaxing_prob neutral_prob
0 0.1136 0.1553 0.1349 0.1288 0.0181 0.4492
1 0.1136 0.1553 0.1349 0.1288 0.0181 0.4492
2 0.2827 0.3865 0.1514 0.1637 0.0086 0.0072
3 0.2100 0.3923 0.0889 0.2869 0.0133 0.0086
4 0.1456 0.4082 0.0955 0.3081 0.0274 0.0151
5 0.1758 0.6235 0.0710 0.1135 0.0126 0.0036
6 0.0176 0.1123 0.2002 0.5444 0.1123 0.0131
7 0.0153 0.1340 0.1299 0.6392 0.0729 0.0088
8 0.0880 0.3120 0.4133 0.1724 0.0093 0.0049
9 0.1158 0.3596 0.4407 0.0742 0.0047 0.0049
10 0.0206 0.3589 0.1951 0.3369 0.0852 0.0034
11 0.0286 0.1387 0.1895 0.4338 0.2081 0.0015
12 0.0579 0.1926 0.1081 0.4695 0.1674 0.0046
13 0.0686 0.3323 0.2146 0.2179 0.1646 0.0022
14 0.1510 0.4653 0.0703 0.1752 0.0754 0.0630
15 0.2021 0.4966 0.0672 0.1295 0.0786 0.0259
16 0.0453 0.1292 0.2910 0.2957 0.2231 0.0155
17 0.1197 0.1840 0.4771 0.0451 0.1700 0.0042
18 0.1515 0.1125 0.0732 0.4739 0.1799 0.0089
19 0.1984 0.2078 0.0997 0.4006 0.0833 0.0103
20 0.0249 0.3989 0.1041 0.2920 0.1798 0.0004
21 0.0753 0.2751 0.1617 0.1749 0.3118 0.0011
22 0.0488 0.4280 0.1703 0.1625 0.1899 0.0006
23 0.1860 0.3970 0.1404 0.1735 0.0460 0.0572
24 0.1139 0.4539 0.0937 0.1820 0.1113 0.0453
25 0.1204 0.4988 0.0938 0.1835 0.0873 0.0162
26 0.0472 0.2983 0.1454 0.2554 0.2397 0.0138
27 0.0561 0.3689 0.1422 0.2238 0.2037 0.0053
28 0.0369 0.3167 0.2927 0.2666 0.0776 0.0095
29 0.0212 0.5054 0.1948 0.2749 0.0016 0.0021
30 0.0750 0.5371 0.2537 0.1041 0.0246 0.0053
31 0.0331 0.5967 0.1556 0.1936 0.0195 0.0016
32 0.1373 0.3374 0.0696 0.2930 0.0479 0.1147
33 0.0768 0.4417 0.0677 0.2440 0.0480 0.1217
34 0.0960 0.4724 0.0881 0.1194 0.2163 0.0076
35 0.1241 0.2429 0.0770 0.3762 0.1696 0.0103
36 0.1074 0.2920 0.0704 0.3208 0.1976 0.0117
37 0.0878 0.1919 0.0550 0.5054 0.1448 0.0151
38 0.0509 0.4397 0.3218 0.0740 0.0638 0.0497
39 0.0432 0.4297 0.2566 0.0989 0.0929 0.0789
40 0.0402 0.5415 0.2578 0.0524 0.0756 0.0323
41 0.0328 0.5137 0.0663 0.1192 0.2262 0.0418
42 0.0357 0.5337 0.1665 0.1181 0.1181 0.0280
43 0.0664 0.0664 0.1520 0.2281 0.4683 0.0187
44 0.0452 0.0986 0.2057 0.2854 0.3337 0.0313
45 0.2241 0.1026 0.2106 0.0949 0.3638 0.0040
46 0.0562 0.0870 0.2120 0.4558 0.1814 0.0076
47 0.0592 0.3955 0.1169 0.0896 0.3252 0.0136
48 0.0627 0.2683 0.0858 0.3445 0.1815 0.0571
49 0.0714 0.6118 0.0578 0.0778 0.1780 0.0033
50 0.0811 0.3721 0.0431 0.1390 0.3523 0.0123
51 0.0658 0.4497 0.1183 0.0980 0.2563 0.0118
52 0.0372 0.2076 0.4902 0.0852 0.1543 0.0254
53 0.0205 0.2559 0.1627 0.2189 0.3391 0.0030
54 0.0238 0.4971 0.1614 0.2661 0.0431 0.0084
55 0.0450 0.4546 0.4338 0.0407 0.0143 0.0116
56 0.0276 0.2917 0.5366 0.0631 0.0132 0.0677
57 0.0344 0.1763 0.0989 0.5430 0.1362 0.0114
58 0.0432 0.3396 0.1230 0.2158 0.2771 0.0011
59 0.0201 0.3315 0.3877 0.1259 0.1299 0.0048
60 0.0169 0.2578 0.2620 0.4121 0.0466 0.0045
61 0.0091 0.1338 0.1163 0.6797 0.0585 0.0027
62 0.0375 0.4534 0.1415 0.0813 0.2012 0.0852
63 0.0627 0.2208 0.1093 0.1775 0.3613 0.0684
64 0.0563 0.1404 0.1094 0.3938 0.2175 0.0826
65 0.0328 0.3342 0.3938 0.0485 0.1616 0.0290
66 0.0369 0.3640 0.4822 0.0384 0.0706 0.0082
67 0.0333 0.1152 0.4854 0.2365 0.1266 0.0031
68 0.0141 0.0566 0.0877 0.7578 0.0584 0.0255
69 0.0493 0.6245 0.0396 0.1102 0.1708 0.0056
70 0.0315 0.1538 0.0320 0.1099 0.6631 0.0096
71 0.0134 0.6514 0.0367 0.1753 0.1186 0.0048
72 0.0126 0.5029 0.0560 0.3196 0.0923 0.0168
73 0.0307 0.4365 0.0654 0.1087 0.3455 0.0132
74 0.0094 0.2150 0.0687 0.1345 0.5664 0.0060
75 0.0178 0.1049 0.0211 0.0662 0.7812 0.0086
76 0.0309 0.2734 0.1097 0.2866 0.2957 0.0035
77 0.0240 0.3970 0.1060 0.2125 0.2563 0.0043
78 0.0308 0.6284 0.1459 0.1493 0.0392 0.0062
79 0.0532 0.4087 0.1469 0.2766 0.1050 0.0095
80 0.0161 0.5488 0.0855 0.2052 0.1245 0.0198
81 0.0167 0.6284 0.1552 0.0756 0.1208 0.0033
82 0.0381 0.4028 0.0956 0.4092 0.0415 0.0129
83 0.0144 0.2428 0.1832 0.5303 0.0246 0.0047
84 0.0698 0.4443 0.1560 0.0676 0.2571 0.0053
85 0.0540 0.3833 0.3032 0.1782 0.0626 0.0186
86 0.0166 0.5117 0.2532 0.1912 0.0228 0.0046
87 0.0922 0.5386 0.2354 0.0989 0.0344 0.0006
88 0.1504 0.1843 0.2639 0.3186 0.0805 0.0022
89 0.0480 0.1152 0.7510 0.0710 0.0035 0.0112
90 0.1163 0.1665 0.1218 0.4895 0.0285 0.0775
91 0.0489 0.5342 0.0852 0.2771 0.0521 0.0023
92 0.0191 0.0636 0.0208 0.0368 0.8574 0.0025
93 0.0121 0.0326 0.0160 0.0140 0.9238 0.0016
94 0.0281 0.0439 0.0163 0.0256 0.8818 0.0042
95 0.0199 0.0505 0.0150 0.0175 0.8950 0.0021
96 0.0070 0.0112 0.0074 0.0541 0.9155 0.0048
97 0.1494 0.2042 0.0529 0.2812 0.1816 0.1307
98 0.1284 0.2437 0.2805 0.3228 0.0202 0.0044
99 0.0875 0.1971 0.2003 0.2416 0.0123 0.2612
100 0.1344 0.3599 0.1168 0.3433 0.0186 0.0271
101 0.0677 0.3411 0.1586 0.3630 0.0289 0.0407
102 0.0889 0.2202 0.5039 0.0583 0.1197 0.0089
103 0.1125 0.3132 0.3748 0.0792 0.1009 0.0195
104 0.0923 0.1644 0.3455 0.1292 0.2319 0.0367
105 0.0405 0.2837 0.2749 0.0914 0.3066 0.0030
106 0.0472 0.1741 0.4048 0.1178 0.2534 0.0028
107 0.0622 0.1978 0.5210 0.1338 0.0837 0.0018
108 0.0847 0.3271 0.4136 0.0814 0.0923 0.0011
109 0.1099 0.3547 0.3604 0.1000 0.0732 0.0017
110 0.0602 0.1315 0.2494 0.0749 0.4446 0.0395
111 0.0351 0.3652 0.3596 0.1243 0.1080 0.0078
112 0.0163 0.4133 0.3591 0.1644 0.0324 0.0145
113 0.0417 0.4243 0.3464 0.1356 0.0495 0.0023
114 0.0166 0.3259 0.5376 0.0750 0.0445 0.0005
115 0.0923 0.3430 0.3708 0.0960 0.0938 0.0039
116 0.2135 0.1445 0.1378 0.1433 0.3547 0.0060
117 0.0519 0.3127 0.2593 0.2289 0.1304 0.0166
118 0.0900 0.4131 0.0425 0.3069 0.1044 0.0432
119 0.0678 0.1665 0.0647 0.3062 0.3638 0.0310
120 0.0685 0.3855 0.2000 0.0506 0.2910 0.0045
121 0.2952 0.0723 0.2485 0.1103 0.0859 0.1876
122 0.1383 0.1981 0.3533 0.1240 0.0319 0.1543
123 0.1108 0.4558 0.0941 0.1576 0.1117 0.0699
124 0.0646 0.4558 0.1227 0.2898 0.0549 0.0121
125 0.0817 0.5122 0.0798 0.1826 0.1161 0.0276
126 0.0758 0.3345 0.3618 0.1036 0.1156 0.0087
127 0.0626 0.2496 0.4116 0.2238 0.0368 0.0156
128 0.0597 0.1455 0.1782 0.5156 0.0842 0.0166
129 0.0567 0.2388 0.3420 0.2705 0.0812 0.0107
130 0.0995 0.4458 0.1298 0.1172 0.2009 0.0068
131 0.0955 0.4019 0.1090 0.1099 0.2554 0.0282
132 0.1034 0.3667 0.4155 0.0837 0.0274 0.0034
133 0.0854 0.1387 0.1648 0.5752 0.0277 0.0083
134 0.0990 0.2432 0.0471 0.1582 0.4268 0.0256
135 0.0737 0.5537 0.1501 0.1324 0.0163 0.0737
136 0.0583 0.2849 0.0598 0.3359 0.1074 0.1538
137 0.0955 0.3494 0.1337 0.1991 0.2169 0.0054
138 0.0451 0.6177 0.2783 0.0349 0.0234 0.0005
139 0.0895 0.3301 0.2181 0.1523 0.1986 0.0114
140 0.0573 0.1292 0.4441 0.3352 0.0213 0.0131
141 0.0539 0.2512 0.2150 0.2554 0.1754 0.0491
142 0.0587 0.2778 0.0895 0.3918 0.0692 0.1131
143 0.0464 0.0551 0.0551 0.5483 0.1726 0.1224
144 0.0355 0.2705 0.2386 0.3755 0.0541 0.0260
145 0.0197 0.5112 0.2778 0.1659 0.0118 0.0135
146 0.1267 0.5010 0.0733 0.1552 0.0710 0.0728
147 0.1329 0.3699 0.0800 0.2622 0.0745 0.0806
148 0.1903 0.3611 0.0871 0.2642 0.0632 0.0341
149 0.0058 0.1708 0.1270 0.6860 0.0064 0.0041
150 0.0083 0.3376 0.3708 0.2629 0.0117 0.0083
151 0.1041 0.6084 0.1099 0.1422 0.0208 0.0145
152 0.0602 0.6426 0.1664 0.0811 0.0179 0.0317
153 0.0147 0.1733 0.1085 0.6343 0.0459 0.0233
154 0.1355 0.2778 0.1852 0.0803 0.3125 0.0088
155 0.1170 0.4148 0.1389 0.1974 0.0804 0.0515
156 0.1548 0.2654 0.0797 0.3462 0.0969 0.0569
157 0.0256 0.4722 0.3853 0.0901 0.0177 0.0092
158 0.0207 0.2024 0.1731 0.5332 0.0589 0.0120
159 0.0901 0.3511 0.4797 0.0290 0.0486 0.0013
160 0.0465 0.1387 0.1432 0.6514 0.0032 0.0168
161 0.0463 0.2109 0.3423 0.3821 0.0101 0.0082
162 0.0913 0.1759 0.5679 0.1577 0.0055 0.0016
163 0.0593 0.2742 0.4736 0.1770 0.0039 0.0119
164 0.0998 0.4651 0.3796 0.0230 0.0300 0.0025
165 0.0342 0.4207 0.4077 0.1080 0.0206 0.0089
166 0.1602 0.4858 0.2277 0.0689 0.0485 0.0090
167 0.0555 0.3884 0.1149 0.3271 0.0867 0.0273
168 0.0468 0.6025 0.2844 0.0433 0.0218 0.0013
169 0.0939 0.2217 0.6123 0.0531 0.0174 0.0018
170 0.1494 0.3213 0.4460 0.0627 0.0092 0.0113
171 0.0450 0.2032 0.5654 0.0596 0.0494 0.0771
172 0.0170 0.1652 0.6738 0.1287 0.0059 0.0094
173 0.2683 0.2332 0.3784 0.0668 0.0360 0.0172
174 0.1859 0.2925 0.3699 0.0648 0.0590 0.0279
175 0.0301 0.1719 0.1692 0.0411 0.0062 0.5815
176 0.0316 0.1448 0.0800 0.1859 0.0112 0.5464
177 0.0256 0.2883 0.2045 0.0735 0.0139 0.3940
178 0.0376 0.3174 0.2131 0.1168 0.0457 0.2693
179 0.0222 0.3816 0.1506 0.1136 0.0254 0.3066
180 0.0344 0.6143 0.1858 0.0964 0.0185 0.0508
181 0.0447 0.4209 0.1548 0.2150 0.0404 0.1244
182 0.0350 0.4990 0.2394 0.0610 0.0087 0.1570
183 0.0190 0.3577 0.2346 0.0870 0.0050 0.2966
184 0.1201 0.4712 0.1566 0.1426 0.0250 0.0845
185 0.0631 0.6475 0.0993 0.1378 0.0044 0.0480
186 0.1050 0.3870 0.1436 0.3259 0.0177 0.0208
187 0.1055 0.4141 0.2114 0.1956 0.0692 0.0044
188 0.0696 0.2998 0.2062 0.3452 0.0538 0.0254
189 0.0217 0.7007 0.1002 0.1135 0.0090 0.0549
190 0.0290 0.3679 0.0808 0.1836 0.0361 0.3025
191 0.1290 0.5874 0.2566 0.0214 0.0040 0.0013
192 0.0303 0.0355 0.0272 0.8599 0.0063 0.0408
193 0.0323 0.3872 0.3582 0.1774 0.0050 0.0399
194 0.0560 0.4651 0.0945 0.3147 0.0138 0.0560
195 0.0392 0.5210 0.2922 0.1277 0.0139 0.0061
196 0.0907 0.5220 0.3215 0.0474 0.0087 0.0097
197 0.2040 0.1470 0.1058 0.4185 0.0575 0.0673
198 0.1245 0.3657 0.4177 0.0641 0.0220 0.0060
199 0.0208 0.2871 0.6367 0.0388 0.0036 0.0129
200 0.0569 0.2690 0.3098 0.3298 0.0157 0.0188
201 0.0476 0.2382 0.6372 0.0566 0.0127 0.0074
202 0.1328 0.1931 0.2189 0.2947 0.1172 0.0434
203 0.0306 0.6704 0.2505 0.0266 0.0113 0.0106
204 0.0502 0.3621 0.5269 0.0542 0.0043 0.0024
205 0.0850 0.4663 0.3989 0.0380 0.0095 0.0022
206 0.1298 0.7129 0.0988 0.0456 0.0111 0.0021
207 0.2771 0.5098 0.1183 0.0752 0.0144 0.0050
208 0.0391 0.3325 0.3950 0.1431 0.0687 0.0216
209 0.1139 0.0759 0.6763 0.0847 0.0376 0.0116
210 0.1760 0.2949 0.2369 0.2664 0.0202 0.0057
211 0.3269 0.5518 0.0479 0.0522 0.0169 0.0042
212 0.1505 0.7583 0.0381 0.0338 0.0156 0.0038
213 0.2510 0.1322 0.1808 0.3652 0.0423 0.0286
214 0.1835 0.4299 0.2411 0.1212 0.0184 0.0059
215 0.2729 0.4033 0.1221 0.1643 0.0209 0.0164
216 0.4536 0.1748 0.0501 0.0788 0.2352 0.0075
217 0.4307 0.2269 0.0784 0.1500 0.0939 0.0201
218 0.0551 0.6362 0.0931 0.0687 0.0186 0.1283
219 0.0760 0.6724 0.1205 0.0809 0.0201 0.0302
220 0.1108 0.4558 0.1276 0.1827 0.0441 0.0792
221 0.0614 0.4329 0.0718 0.3940 0.0099 0.0299
222 0.1301 0.4009 0.0587 0.2842 0.0945 0.0316
223 0.1371 0.4324 0.0950 0.2664 0.0214 0.0478
224 0.3235 0.0389 0.0438 0.4153 0.1564 0.0224
225 0.5264 0.1394 0.0846 0.1331 0.1111 0.0056
226 0.0470 0.5332 0.3723 0.0421 0.0030 0.0022
227 0.1247 0.4893 0.2788 0.0877 0.0095 0.0098
228 0.0384 0.2463 0.6694 0.0250 0.0030 0.0177
229 0.0231 0.3425 0.4067 0.1202 0.0048 0.1028
230 0.1614 0.3416 0.4385 0.0352 0.0084 0.0151
231 0.1429 0.5352 0.2693 0.0304 0.0116 0.0104
232 0.0405 0.3696 0.4255 0.0722 0.0127 0.0793
233 0.0220 0.2942 0.6040 0.0301 0.0040 0.0458
234 0.1252 0.5273 0.3123 0.0250 0.0094 0.0008
235 0.1458 0.1493 0.5249 0.0745 0.0948 0.0106
236 0.0393 0.1963 0.5591 0.0623 0.0181 0.1248
237 0.0752 0.2076 0.2998 0.0712 0.0604 0.2859
238 0.2761 0.1913 0.3687 0.0698 0.0726 0.0215
239 0.2559 0.1423 0.3442 0.1153 0.0383 0.1041
240 0.1302 0.1499 0.1115 0.2673 0.1088 0.2322
241 0.2217 0.4841 0.0731 0.1956 0.0239 0.0017
242 0.1832 0.5513 0.0403 0.1555 0.0674 0.0023
243 0.2695 0.5889 0.0597 0.0715 0.0090 0.0013
244 0.2686 0.5015 0.0878 0.1318 0.0081 0.0020
245 0.3982 0.2198 0.2081 0.1272 0.0457 0.0010
246 0.4202 0.2113 0.2180 0.1261 0.0231 0.0013
247 0.1718 0.3931 0.3931 0.0303 0.0115 0.0005
248 0.2922 0.2703 0.2139 0.1902 0.0244 0.0088
249 0.2371 0.2905 0.1904 0.2484 0.0270 0.0066
250 0.4631 0.2854 0.1171 0.0994 0.0333 0.0016
251 0.5127 0.2703 0.0792 0.1171 0.0200 0.0006
252 0.1953 0.6016 0.0334 0.1606 0.0081 0.0010
253 0.4487 0.2458 0.1991 0.0905 0.0156 0.0003
254 0.2479 0.2703 0.2441 0.2172 0.0166 0.0040
255 0.4697 0.1537 0.2805 0.0804 0.0150 0.0008
256 0.1144 0.2274 0.0884 0.2744 0.1316 0.1638
257 0.1458 0.4385 0.1287 0.1447 0.1180 0.0244
258 0.1616 0.5508 0.1068 0.0906 0.0832 0.0067
259 0.1215 0.5981 0.1768 0.0854 0.0154 0.0029
260 0.2905 0.2666 0.1996 0.2092 0.0339 0.0005
261 0.5649 0.1250 0.1805 0.0908 0.0370 0.0018
262 0.1571 0.2251 0.5571 0.0337 0.0255 0.0017
263 0.4807 0.2306 0.0676 0.1897 0.0289 0.0026
264 0.4138 0.1738 0.0453 0.3596 0.0059 0.0016
265 0.0703 0.1674 0.3225 0.4143 0.0230 0.0025
266 0.0193 0.0993 0.3748 0.4963 0.0043 0.0060
267 0.0150 0.1490 0.1689 0.6577 0.0053 0.0040
268 0.0245 0.1284 0.1989 0.6421 0.0031 0.0031
269 0.0302 0.1038 0.5356 0.3101 0.0141 0.0062
270 0.1136 0.1553 0.1349 0.1288 0.0181 0.4492
