time exciting_prob fearful_prob tense_prob sad_prob relaxing_prob neutral_prob
0 0.1110 0.1566 0.1382 0.1298 0.0183 0.4460
1 0.0851 0.0995 0.1860 0.2388 0.0029 0.3877
2 0.4871 0.2266 0.2356 0.0122 0.0281 0.0104
3 0.3899 0.2852 0.2898 0.0054 0.0205 0.0091
4 0.0353 0.2566 0.2566 0.2373 0.0207 0.1936
5 0.3420 0.2333 0.3530 0.0172 0.0262 0.0283
6 0.2954 0.3000 0.3398 0.0132 0.0206 0.0311
7 0.2025 0.2791 0.4976 0.0035 0.0113 0.0062
8 0.2661 0.3965 0.2947 0.0070 0.0325 0.0031
9 0.1774 0.4495 0.3186 0.0046 0.0372 0.0127
10 0.0826 0.3267 0.3215 0.1004 0.0517 0.1174
11 0.1564 0.3037 0.3552 0.0473 0.0750 0.0622
12 0.1830 0.4460 0.2993 0.0352 0.0190 0.0174
13 0.2200 0.2612 0.3176 0.0772 0.0404 0.0835
14 0.2407 0.5469 0.1580 0.0129 0.0181 0.0235
15 0.2349 0.4421 0.2367 0.0313 0.0306 0.0246
16 0.1884 0.2896 0.3774 0.0195 0.0918 0.0333
17 0.1660 0.2937 0.2166 0.0698 0.0356 0.2183
18 0.0642 0.2766 0.2559 0.1470 0.0268 0.2294
19 0.0453 0.6509 0.2064 0.0102 0.0258 0.0615
20 0.1241 0.1764 0.0753 0.0139 0.0542 0.5562
21 0.1776 0.2998 0.2505 0.0735 0.0604 0.1383
22 0.1632 0.4797 0.2145 0.0230 0.0600 0.0596
23 0.1545 0.4072 0.2163 0.0241 0.0624 0.1354
24 0.0601 0.2778 0.2130 0.0625 0.0620 0.3247
25 0.1133 0.3330 0.4412 0.0082 0.0351 0.0693
26 0.1729 0.3716 0.3547 0.0230 0.0234 0.0544
27 0.0878 0.2123 0.4092 0.0326 0.1101 0.1482
28 0.1372 0.4160 0.2262 0.0219 0.0254 0.1735
29 0.2202 0.3491 0.1501 0.0346 0.0849 0.1611
30 0.2544 0.3730 0.2974 0.0192 0.0341 0.0217
31 0.1527 0.3750 0.3721 0.0374 0.0272 0.0357
32 0.2383 0.3809 0.2852 0.0205 0.0205 0.0548
33 0.1815 0.4060 0.2330 0.0240 0.0844 0.0711
34 0.2830 0.2637 0.2153 0.0511 0.0641 0.1227
35 0.0330 0.2494 0.3713 0.0162 0.0074 0.3228
36 0.1698 0.1262 0.1030 0.0176 0.0601 0.5229
37 0.0686 0.1647 0.1122 0.0251 0.0130 0.6162
38 0.4866 0.3044 0.1416 0.0130 0.0176 0.0369
39 0.2203 0.1870 0.1813 0.0421 0.0386 0.3308
40 0.0847 0.2607 0.1582 0.0461 0.0526 0.3977
41 0.1450 0.2014 0.1619 0.0117 0.0154 0.4646
42 0.1328 0.2461 0.1481 0.0360 0.0733 0.3638
43 0.2155 0.4421 0.1787 0.0244 0.1163 0.0231
44 0.1840 0.4211 0.2255 0.0454 0.0661 0.0579
45 0.0744 0.1885 0.1479 0.0323 0.0156 0.5410
46 0.2032 0.2778 0.2231 0.0173 0.0410 0.2375
47 0.0775 0.2705 0.2815 0.0432 0.0609 0.2664
48 0.3186 0.2561 0.0627 0.0170 0.0390 0.3064
49 0.2310 0.2744 0.2617 0.0804 0.0627 0.0898
50 0.4277 0.3357 0.1549 0.0249 0.0327 0.0239
51 0.3250 0.3569 0.2181 0.0158 0.0615 0.0228
52 0.3232 0.2988 0.2852 0.0148 0.0398 0.0383
53 0.2383 0.3281 0.3035 0.0210 0.0213 0.0876
54 0.0776 0.3479 0.3425 0.0111 0.0101 0.2109
55 0.3767 0.3350 0.2064 0.0029 0.0605 0.0183
56 0.3076 0.4338 0.1823 0.0068 0.0506 0.0188
57 0.0495 0.1663 0.3774 0.1000 0.0195 0.2871
58 0.3938 0.2771 0.0996 0.0958 0.0116 0.1220
59 0.2263 0.3850 0.2125 0.0572 0.0521 0.0669
60 0.0915 0.3452 0.3562 0.0129 0.0037 0.1907
61 0.0895 0.1583 0.1387 0.1608 0.1122 0.3403
62 0.3003 0.3594 0.2031 0.0096 0.0686 0.0591
63 0.1212 0.2817 0.3296 0.0770 0.1139 0.0765
64 0.3069 0.3345 0.1951 0.0285 0.1086 0.0266
65 0.1466 0.4177 0.3306 0.0105 0.0181 0.0767
66 0.2452 0.3379 0.1647 0.0479 0.0498 0.1547
67 0.3252 0.3772 0.1926 0.0132 0.0666 0.0251
68 0.4685 0.2355 0.1863 0.0316 0.0385 0.0397
69 0.1947 0.2832 0.3552 0.0378 0.0540 0.0751
70 0.1929 0.4246 0.2382 0.0335 0.0570 0.0540
71 0.4395 0.4326 0.0643 0.0093 0.0288 0.0256
72 0.1755 0.4211 0.1958 0.0332 0.1160 0.0583
73 0.1055 0.5439 0.2778 0.0084 0.0168 0.0472
74 0.2925 0.3699 0.1542 0.0711 0.0425 0.0700
75 0.0942 0.1471 0.2278 0.2705 0.0497 0.2107
76 0.3787 0.3755 0.1136 0.0220 0.0283 0.0818
77 0.2903 0.3396 0.1519 0.0470 0.0701 0.1011
78 0.2971 0.1680 0.0728 0.3755 0.0706 0.0161
79 0.2979 0.3594 0.1292 0.0547 0.0736 0.0853
80 0.3425 0.1544 0.0859 0.0853 0.0586 0.2732
81 0.1182 0.4463 0.2296 0.0372 0.0541 0.1146
82 0.5698 0.2649 0.0860 0.0065 0.0547 0.0183
83 0.3311 0.3608 0.1425 0.0694 0.0612 0.0349
84 0.1667 0.2314 0.2859 0.1831 0.0308 0.1019
85 0.0869 0.5708 0.1560 0.0298 0.0931 0.0635
86 0.0550 0.5776 0.2903 0.0242 0.0109 0.0421
87 0.3521 0.1649 0.2939 0.0786 0.0557 0.0548
88 0.2561 0.5015 0.1553 0.0196 0.0375 0.0303
89 0.5083 0.2576 0.1492 0.0294 0.0377 0.0177
90 0.4500 0.3215 0.1790 0.0198 0.0096 0.0204
91 0.1875 0.2208 0.2351 0.0180 0.0198 0.3188
92 0.0922 0.2566 0.1656 0.0336 0.0358 0.4163
93 0.0581 0.1998 0.3120 0.0250 0.0139 0.3911
94 0.1565 0.1816 0.3420 0.0831 0.0358 0.2010
95 0.1698 0.4404 0.2180 0.0426 0.0204 0.1088
96 0.1161 0.4348 0.2659 0.0503 0.0441 0.0890
97 0.3281 0.3306 0.2515 0.0236 0.0282 0.0380
98 0.1864 0.5229 0.1752 0.0324 0.0155 0.0675
99 0.1827 0.4814 0.2103 0.0395 0.0441 0.0421
100 0.3191 0.4431 0.1310 0.0463 0.0425 0.0179
101 0.3054 0.5361 0.0999 0.0162 0.0286 0.0138
102 0.2629 0.3706 0.3049 0.0162 0.0410 0.0043
103 0.1335 0.4211 0.3630 0.0101 0.0404 0.0320
104 0.0737 0.2717 0.4995 0.0289 0.0076 0.1187
105 0.3882 0.2527 0.1544 0.0814 0.0324 0.0908
106 0.5820 0.2227 0.0541 0.0525 0.0304 0.0581
107 0.2386 0.4495 0.1093 0.0141 0.1145 0.0740
108 0.1365 0.2114 0.5527 0.0530 0.0084 0.0382
109 0.1772 0.4385 0.3635 0.0106 0.0042 0.0058
110 0.2671 0.3567 0.2756 0.0551 0.0139 0.0316
111 0.1160 0.3254 0.1825 0.0118 0.0287 0.3357
112 0.1465 0.2590 0.0703 0.0464 0.0265 0.4512
113 0.0179 0.3420 0.2881 0.2837 0.0168 0.0516
114 0.0421 0.2896 0.5942 0.0202 0.0032 0.0507
115 0.1921 0.2817 0.1936 0.0169 0.0384 0.2773
116 0.3918 0.1442 0.1096 0.0719 0.0195 0.2629
117 0.3225 0.2891 0.2491 0.0103 0.0141 0.1150
118 0.1786 0.2766 0.2120 0.0181 0.0110 0.3037
119 0.3049 0.1545 0.1620 0.0560 0.0102 0.3123
120 0.2798 0.3000 0.2979 0.0117 0.0206 0.0901
121 0.2070 0.4182 0.1743 0.0739 0.0338 0.0926
122 0.5835 0.2693 0.0765 0.0153 0.0319 0.0237
123 0.4329 0.3320 0.1013 0.0140 0.0464 0.0735
124 0.3767 0.3679 0.0998 0.0155 0.0419 0.0983
125 0.3054 0.0650 0.1560 0.3569 0.0592 0.0574
126 0.1328 0.3499 0.3340 0.1075 0.0159 0.0599
127 0.0086 0.6436 0.3289 0.0106 0.0020 0.0063
128 0.1313 0.2717 0.1942 0.0848 0.0125 0.3054
129 0.1506 0.1506 0.1494 0.0594 0.0222 0.4675
130 0.1476 0.4956 0.2891 0.0150 0.0186 0.0342
131 0.1593 0.3479 0.2505 0.0753 0.0198 0.1473
132 0.1670 0.2976 0.3564 0.0168 0.0077 0.1544
133 0.1260 0.2524 0.5430 0.0240 0.0165 0.0384
134 0.0341 0.2837 0.5220 0.1111 0.0016 0.0474
135 0.0798 0.1306 0.2153 0.2898 0.1033 0.1813
136 0.0497 0.1309 0.5864 0.1506 0.0029 0.0794
137 0.0793 0.1665 0.6187 0.0756 0.0355 0.0246
138 0.1182 0.4636 0.2971 0.0285 0.0081 0.0845
139 0.1576 0.5249 0.2810 0.0222 0.0060 0.0085
140 0.1370 0.5127 0.2056 0.0213 0.0257 0.0978
141 0.0831 0.3186 0.3782 0.1127 0.0089 0.0986
142 0.2759 0.3152 0.1957 0.0105 0.0407 0.1622
143 0.2817 0.3882 0.2842 0.0064 0.0206 0.0189
144 0.2092 0.2952 0.4607 0.0079 0.0084 0.0186
145 0.1196 0.1740 0.2937 0.3079 0.0168 0.0882
146 0.1467 0.5581 0.2006 0.0081 0.0671 0.0195
147 0.3740 0.1635 0.1672 0.0502 0.1781 0.0671
148 0.2103 0.4316 0.2700 0.0462 0.0190 0.0229
149 0.2910 0.3677 0.0814 0.0379 0.1545 0.0675
150 0.1455 0.2219 0.1284 0.1688 0.1116 0.2236
151 0.0959 0.6206 0.2162 0.0334 0.0105 0.0231
152 0.2571 0.6167 0.1055 0.0117 0.0073 0.0017
153 0.1512 0.2271 0.1254 0.2253 0.0385 0.2324
154 0.1688 0.2290 0.5493 0.0289 0.0167 0.0070
155 0.3713 0.2937 0.1687 0.0365 0.1124 0.0174
156 0.0508 0.2463 0.3018 0.3640 0.0088 0.0283
157 0.1672 0.4106 0.3076 0.0413 0.0379 0.0353
158 0.2981 0.3708 0.2866 0.0166 0.0218 0.0063
159 0.0805 0.2479 0.4023 0.0688 0.0716 0.1287
160 0.1327 0.1870 0.3059 0.1337 0.1915 0.0492
161 0.1456 0.3108 0.3494 0.0811 0.0672 0.0462
162 0.1526 0.3718 0.2498 0.0657 0.1117 0.0484
163 0.0770 0.4751 0.4192 0.0109 0.0113 0.0064
164 0.1119 0.3584 0.4602 0.0258 0.0258 0.0179
165 0.0430 0.0767 0.0404 0.7280 0.0070 0.1049
166 0.2461 0.3162 0.3040 0.0492 0.0622 0.0224
167 0.1475 0.1581 0.3884 0.1232 0.0989 0.0840
168 0.0516 0.4861 0.3237 0.0775 0.0136 0.0474
169 0.1688 0.2849 0.1274 0.2783 0.0641 0.0761
170 0.1223 0.2450 0.0526 0.4302 0.0370 0.1131
171 0.0754 0.0889 0.2378 0.4045 0.0327 0.1609
172 0.1758 0.0431 0.1931 0.2188 0.2766 0.0927
173 0.0989 0.2905 0.3972 0.1112 0.0181 0.0839
174 0.1965 0.2408 0.3701 0.0489 0.0782 0.0653
175 0.1520 0.2605 0.3193 0.0873 0.0989 0.0820
176 0.1448 0.3813 0.3262 0.0769 0.0262 0.0445
177 0.2629 0.2820 0.2213 0.0908 0.0555 0.0873
178 0.1813 0.1827 0.3083 0.1899 0.0911 0.0466
179 0.2734 0.2734 0.2163 0.1332 0.0719 0.0319
180 0.1385 0.3796 0.3511 0.0279 0.0945 0.0085
181 0.0778 0.4138 0.3123 0.1292 0.0237 0.0433
182 0.1035 0.2969 0.4895 0.0421 0.0121 0.0558
183 0.1055 0.1780 0.6313 0.0364 0.0198 0.0291
184 0.2708 0.1967 0.2448 0.0509 0.1906 0.0463
185 0.1271 0.3025 0.2356 0.1582 0.1582 0.0183
186 0.2103 0.2086 0.3284 0.0398 0.2070 0.0060
187 0.1532 0.2886 0.2566 0.0165 0.2817 0.0033
188 0.2009 0.2025 0.1963 0.0274 0.3696 0.0031
189 0.3606 0.4631 0.1266 0.0075 0.0305 0.0117
190 0.4680 0.1655 0.2817 0.0114 0.0497 0.0237
191 0.1931 0.4453 0.3311 0.0095 0.0174 0.0036
192 0.3840 0.3552 0.2189 0.0162 0.0170 0.0087
193 0.2156 0.2172 0.5332 0.0165 0.0107 0.0066
194 0.1764 0.3794 0.3621 0.0538 0.0151 0.0135
195 0.1454 0.0535 0.1648 0.4919 0.0182 0.1263
196 0.1110 0.1566 0.1382 0.1298 0.0183 0.4460
