time exciting_prob fearful_prob tense_prob sad_prob relaxing_prob neutral_prob
0 0.1136 0.1553 0.1349 0.1288 0.0181 0.4492
1 0.0231 0.0705 0.2944 0.5674 0.0155 0.0289
2 0.0272 0.1125 0.3308 0.4966 0.0171 0.0156
3 0.0177 0.0757 0.1577 0.7065 0.0115 0.0308
4 0.0474 0.1470 0.5010 0.2539 0.0242 0.0264
5 0.0264 0.0594 0.4673 0.3313 0.0306 0.0851
6 0.0391 0.1970 0.5356 0.1793 0.0150 0.0342
7 0.0721 0.2202 0.4485 0.1812 0.0451 0.0330
8 0.0458 0.2086 0.5493 0.1368 0.0120 0.0473
9 0.0519 0.0855 0.5752 0.2218 0.0414 0.0241
10 0.0748 0.1582 0.6113 0.0840 0.0538 0.0179
11 0.0512 0.2876 0.5210 0.1227 0.0057 0.0118
12 0.0558 0.1019 0.4226 0.2727 0.1044 0.0425
13 0.0800 0.3728 0.1735 0.2108 0.1279 0.0350
14 0.0392 0.2703 0.6484 0.0294 0.0072 0.0051
15 0.0275 0.1824 0.3103 0.4514 0.0263 0.0020
16 0.0373 0.0930 0.4648 0.3401 0.0436 0.0212
17 0.1180 0.1227 0.1445 0.5371 0.0282 0.0496
18 0.0600 0.3401 0.3853 0.1805 0.0134 0.0207
19 0.0919 0.2366 0.4814 0.1588 0.0270 0.0042
20 0.0851 0.2705 0.4224 0.1903 0.0180 0.0137
21 0.0175 0.0967 0.4104 0.3147 0.0168 0.1440
22 0.0322 0.2135 0.4963 0.2021 0.0083 0.0473
23 0.0969 0.2869 0.3328 0.2234 0.0255 0.0345
24 0.0371 0.1882 0.6079 0.1489 0.0139 0.0042
25 0.0688 0.2172 0.1589 0.3694 0.1589 0.0268
26 0.2864 0.1807 0.1429 0.1232 0.2430 0.0237
27 0.1042 0.1564 0.2922 0.2744 0.0877 0.0850
28 0.0844 0.1247 0.3721 0.3086 0.0346 0.0756
29 0.1471 0.2747 0.3726 0.0988 0.0920 0.0148
30 0.0400 0.3269 0.2668 0.2449 0.1130 0.0086
31 0.0320 0.6416 0.1377 0.0626 0.1225 0.0036
32 0.0263 0.7622 0.1225 0.0404 0.0476 0.0011
33 0.0232 0.4553 0.4019 0.1116 0.0045 0.0035
34 0.0496 0.5415 0.3552 0.0473 0.0016 0.0047
35 0.1615 0.6143 0.0871 0.0812 0.0411 0.0148
36 0.1407 0.7148 0.0350 0.0543 0.0410 0.0143
37 0.2152 0.3718 0.0823 0.2556 0.0607 0.0144
38 0.3857 0.3376 0.0703 0.1195 0.0828 0.0040
39 0.1140 0.2568 0.1418 0.3567 0.0822 0.0483
40 0.0554 0.3264 0.0865 0.4392 0.0800 0.0127
41 0.0721 0.1600 0.0762 0.6235 0.0524 0.0159
42 0.1851 0.1113 0.0391 0.5791 0.0506 0.0350
43 0.2498 0.4023 0.0528 0.2517 0.0333 0.0101
44 0.0961 0.0749 0.0592 0.7329 0.0253 0.0116
45 0.1168 0.1796 0.1224 0.3953 0.0999 0.0861
46 0.1749 0.6250 0.0846 0.0712 0.0311 0.0130
47 0.1395 0.3193 0.0605 0.3621 0.0391 0.0795
48 0.1791 0.6445 0.0270 0.0981 0.0432 0.0080
49 0.2988 0.2327 0.1188 0.2920 0.0476 0.0101
50 0.4753 0.3069 0.0706 0.0950 0.0497 0.0025
51 0.3406 0.2822 0.0506 0.2756 0.0433 0.0077
52 0.4563 0.1627 0.0466 0.3015 0.0280 0.0049
53 0.1271 0.6016 0.1428 0.0670 0.0413 0.0204
54 0.1343 0.5029 0.0778 0.1851 0.0771 0.0228
55 0.3948 0.1431 0.1766 0.2529 0.0314 0.0011
56 0.2852 0.0579 0.0823 0.5410 0.0310 0.0027
57 0.0774 0.5806 0.0876 0.1703 0.0515 0.0325
58 0.1210 0.1628 0.0478 0.4224 0.1350 0.1110
59 0.1013 0.4329 0.1053 0.2429 0.0853 0.0323
60 0.0776 0.1462 0.1439 0.5562 0.0337 0.0422
61 0.0793 0.1483 0.0567 0.5176 0.0428 0.1554
62 0.2578 0.2498 0.0646 0.3662 0.0357 0.0259
63 0.2532 0.5278 0.1115 0.0552 0.0397 0.0127
64 0.0462 0.1144 0.0637 0.7461 0.0240 0.0057
65 0.0410 0.3125 0.0895 0.3596 0.0731 0.1243
66 0.1136 0.6240 0.1248 0.1146 0.0205 0.0024
67 0.0722 0.5908 0.1110 0.1602 0.0571 0.0089
68 0.0114 0.2615 0.5894 0.0883 0.0042 0.0454
69 0.1475 0.1406 0.0534 0.5269 0.1037 0.0281
70 0.1874 0.1803 0.0899 0.2388 0.3018 0.0018
71 0.0920 0.6138 0.0554 0.2073 0.0222 0.0093
72 0.2830 0.3806 0.0682 0.1562 0.1074 0.0047
73 0.2634 0.4446 0.0785 0.0810 0.1255 0.0069
74 0.0985 0.1245 0.0667 0.6523 0.0320 0.0259
75 0.1171 0.2766 0.1901 0.3665 0.0184 0.0315
76 0.1592 0.2076 0.0752 0.4905 0.0614 0.0060
77 0.2386 0.2993 0.0663 0.2664 0.1182 0.0112
78 0.1534 0.4238 0.0596 0.2018 0.1523 0.0089
79 0.1295 0.2988 0.1826 0.2964 0.0804 0.0123
80 0.1599 0.1550 0.2942 0.1433 0.2273 0.0205
81 0.2233 0.4172 0.0888 0.2097 0.0362 0.0249
82 0.0667 0.4285 0.1931 0.1552 0.1552 0.0015
83 0.1307 0.6045 0.1228 0.0751 0.0562 0.0107
84 0.0809 0.2379 0.1047 0.3892 0.0992 0.0882
85 0.1236 0.5942 0.0223 0.2239 0.0193 0.0166
86 0.2152 0.6084 0.0312 0.1246 0.0144 0.0061
87 0.1798 0.2827 0.0315 0.4380 0.0346 0.0333
88 0.0109 0.3850 0.5098 0.0449 0.0053 0.0439
89 0.1433 0.0317 0.0247 0.7393 0.0269 0.0340
90 0.2311 0.2104 0.1075 0.3694 0.0647 0.0169
91 0.0779 0.1334 0.0709 0.6318 0.0651 0.0210
92 0.1979 0.6050 0.1288 0.0421 0.0202 0.0060
93 0.2837 0.6001 0.0525 0.0349 0.0204 0.0083
94 0.3428 0.1953 0.0685 0.3374 0.0367 0.0190
95 0.0845 0.5176 0.1060 0.2297 0.0501 0.0120
96 0.0867 0.6118 0.1105 0.1511 0.0300 0.0100
97 0.1586 0.1854 0.2069 0.3987 0.0454 0.0048
98 0.1272 0.2321 0.0874 0.4402 0.0916 0.0216
99 0.0758 0.3020 0.1202 0.4065 0.0505 0.0449
100 0.0703 0.0539 0.0382 0.7437 0.0736 0.0204
101 0.2489 0.1167 0.0930 0.4761 0.0410 0.0243
102 0.4163 0.1833 0.0758 0.2485 0.0600 0.0160
103 0.0401 0.0797 0.0414 0.2915 0.5444 0.0029
104 0.0316 0.3904 0.1328 0.2600 0.1844 0.0008
105 0.0409 0.3586 0.2108 0.0399 0.3369 0.0127
106 0.0415 0.4792 0.4036 0.0288 0.0409 0.0060
107 0.0370 0.0246 0.8154 0.0989 0.0086 0.0157
108 0.2284 0.3623 0.2113 0.1671 0.0258 0.0052
109 0.2593 0.2803 0.2397 0.1512 0.0640 0.0056
110 0.0692 0.0923 0.6611 0.0983 0.0216 0.0578
111 0.0310 0.3657 0.1454 0.2893 0.1622 0.0064
112 0.4155 0.3040 0.1118 0.1145 0.0492 0.0050
113 0.2512 0.3831 0.0714 0.1796 0.1089 0.0059
114 0.0554 0.2812 0.1482 0.2502 0.2642 0.0008
115 0.0171 0.4631 0.2366 0.1901 0.0898 0.0032
116 0.1036 0.0901 0.6353 0.1532 0.0147 0.0033
117 0.1154 0.3445 0.0512 0.2854 0.1705 0.0331
118 0.0636 0.2595 0.0593 0.5205 0.0617 0.0354
119 0.0352 0.5010 0.0768 0.3389 0.0386 0.0094
120 0.2408 0.2092 0.1372 0.3672 0.0100 0.0352
121 0.1105 0.1851 0.4651 0.1122 0.0248 0.1022
122 0.1238 0.1257 0.0618 0.5132 0.1381 0.0375
123 0.1231 0.1833 0.0577 0.4539 0.0680 0.1139
124 0.1837 0.5356 0.0778 0.1168 0.0686 0.0176
125 0.1842 0.3037 0.0532 0.3552 0.0657 0.0380
126 0.1053 0.2281 0.1696 0.4229 0.0409 0.0331
127 0.1985 0.1261 0.3538 0.2469 0.0267 0.0479
128 0.0167 0.4409 0.3225 0.1548 0.0626 0.0024
129 0.0609 0.1581 0.5967 0.1406 0.0248 0.0192
130 0.3962 0.2832 0.0919 0.1247 0.0971 0.0069
131 0.0861 0.2913 0.1030 0.3274 0.1781 0.0141
132 0.1255 0.2849 0.0726 0.4482 0.0310 0.0377
133 0.1359 0.3665 0.0733 0.3135 0.0994 0.0118
134 0.0720 0.7275 0.0749 0.0540 0.0677 0.0037
135 0.2937 0.3516 0.0809 0.0698 0.1853 0.0188
136 0.2213 0.4578 0.0332 0.1893 0.0908 0.0076
137 0.2338 0.3481 0.0258 0.3508 0.0260 0.0154
138 0.1879 0.3564 0.0916 0.2886 0.0560 0.0195
139 0.1046 0.1632 0.2145 0.2932 0.2015 0.0231
140 0.1247 0.1469 0.0941 0.4741 0.0745 0.0857
141 0.0533 0.3237 0.1110 0.4224 0.0381 0.0516
142 0.0318 0.6440 0.1068 0.0865 0.1219 0.0090
143 0.1691 0.1492 0.1144 0.3552 0.1564 0.0558
144 0.0918 0.7168 0.1108 0.0377 0.0417 0.0014
145 0.0324 0.2454 0.0999 0.2100 0.4109 0.0013
146 0.0326 0.3945 0.0937 0.1893 0.2886 0.0013
147 0.0224 0.5728 0.0958 0.1748 0.1329 0.0012
148 0.1016 0.5801 0.1196 0.0803 0.1169 0.0017
149 0.0417 0.5889 0.3057 0.0354 0.0228 0.0054
150 0.0403 0.1429 0.4910 0.1864 0.0172 0.1222
151 0.1670 0.5562 0.1086 0.0944 0.0619 0.0118
152 0.2194 0.4004 0.1289 0.0723 0.1655 0.0135
153 0.2025 0.4492 0.0705 0.1190 0.1459 0.0129
154 0.1508 0.1630 0.1060 0.3940 0.1472 0.0390
155 0.1145 0.1888 0.0599 0.5547 0.0520 0.0299
156 0.2096 0.4167 0.1353 0.1658 0.0582 0.0144
157 0.3403 0.3049 0.1105 0.1879 0.0464 0.0100
158 0.1082 0.0667 0.0607 0.6841 0.0343 0.0462
159 0.0855 0.7622 0.0410 0.0715 0.0330 0.0067
160 0.2363 0.3777 0.1188 0.1082 0.1562 0.0026
161 0.1382 0.5298 0.1603 0.0950 0.0590 0.0180
162 0.1083 0.5459 0.1218 0.1772 0.0231 0.0238
163 0.1633 0.6562 0.0645 0.0725 0.0394 0.0041
164 0.3103 0.5195 0.0592 0.0953 0.0120 0.0038
165 0.0870 0.6895 0.0285 0.1526 0.0374 0.0052
166 0.1890 0.4785 0.0521 0.2208 0.0504 0.0091
167 0.0594 0.3394 0.0321 0.0740 0.4939 0.0011
168 0.1469 0.0285 0.0265 0.7461 0.0392 0.0129
169 0.1635 0.1852 0.1302 0.4692 0.0433 0.0087
170 0.1147 0.2144 0.1221 0.4832 0.0586 0.0071
171 0.0647 0.1493 0.0716 0.6484 0.0485 0.0175
172 0.1650 0.3870 0.0823 0.1368 0.2120 0.0169
173 0.0762 0.0824 0.1180 0.6895 0.0096 0.0242
174 0.1438 0.2646 0.1174 0.3672 0.0718 0.0352
175 0.1229 0.2190 0.1011 0.5015 0.0349 0.0209
176 0.3511 0.1738 0.0909 0.3271 0.0468 0.0104
177 0.2786 0.1469 0.1017 0.4023 0.0536 0.0169
178 0.2832 0.1171 0.0948 0.4353 0.0308 0.0386
179 0.2419 0.2135 0.0773 0.4019 0.0499 0.0155
180 0.4055 0.2087 0.0750 0.2039 0.1017 0.0051
181 0.3237 0.2074 0.1027 0.2747 0.0734 0.0181
182 0.1440 0.1533 0.1343 0.4912 0.0337 0.0436
183 0.1140 0.3271 0.1807 0.3120 0.0223 0.0439
184 0.0793 0.3843 0.0567 0.3782 0.0311 0.0705
185 0.1761 0.2563 0.1129 0.3728 0.0734 0.0084
186 0.1431 0.2360 0.1465 0.3655 0.0909 0.0181
187 0.2954 0.2710 0.1281 0.2014 0.0880 0.0160
188 0.1334 0.1852 0.1106 0.3950 0.1726 0.0032
189 0.1052 0.3423 0.0794 0.1604 0.1351 0.1776
190 0.0706 0.2903 0.0690 0.2793 0.0832 0.2075
191 0.0976 0.2454 0.0447 0.4956 0.0569 0.0597
192 0.1851 0.3406 0.1970 0.2250 0.0370 0.0153
193 0.3049 0.2338 0.1968 0.2000 0.0605 0.0042
194 0.2634 0.3862 0.2019 0.1098 0.0332 0.0054
195 0.2303 0.2800 0.2756 0.1559 0.0543 0.0037
196 0.1080 0.3860 0.0778 0.3276 0.0939 0.0069
197 0.1769 0.2961 0.1098 0.3601 0.0476 0.0095
198 0.2234 0.3950 0.0620 0.2472 0.0620 0.0104
199 0.0845 0.5137 0.0604 0.2227 0.0674 0.0516
200 0.0606 0.4373 0.0909 0.2651 0.1047 0.0413
201 0.1959 0.2053 0.0750 0.4739 0.0346 0.0154
202 0.1166 0.1300 0.0771 0.6353 0.0260 0.0151
203 0.1256 0.2329 0.1287 0.4087 0.0927 0.0114
204 0.2128 0.1451 0.1029 0.3120 0.2213 0.0058
205 0.2207 0.2242 0.1075 0.3088 0.1349 0.0038
206 0.0863 0.2742 0.1025 0.4021 0.0738 0.0612
207 0.0800 0.5015 0.1172 0.1963 0.0768 0.0285
208 0.0179 0.7617 0.1500 0.0210 0.0447 0.0048
209 0.0569 0.1570 0.5229 0.2113 0.0209 0.0309
210 0.0475 0.1157 0.5103 0.2566 0.0214 0.0482
211 0.0673 0.2366 0.0857 0.3840 0.0637 0.1626
212 0.0802 0.2321 0.1167 0.3298 0.1149 0.1262
213 0.0600 0.2112 0.3535 0.1417 0.1594 0.0741
214 0.0504 0.1136 0.5771 0.0679 0.0806 0.1102
215 0.0642 0.2106 0.3933 0.1317 0.1516 0.0485
216 0.0490 0.3218 0.4905 0.0685 0.0352 0.0350
217 0.1193 0.2908 0.3347 0.2030 0.0118 0.0403
218 0.0392 0.4700 0.3181 0.0699 0.0029 0.1000
219 0.0066 0.5820 0.3643 0.0350 0.0020 0.0099
220 0.0169 0.7754 0.1626 0.0325 0.0103 0.0023
221 0.1748 0.0921 0.3877 0.2012 0.0294 0.1146
222 0.0773 0.2808 0.4148 0.0926 0.0099 0.1246
223 0.2986 0.2437 0.1206 0.2036 0.1188 0.0149
224 0.1545 0.4470 0.2546 0.1194 0.0165 0.0078
225 0.0082 0.8687 0.0281 0.0513 0.0231 0.0208
226 0.1497 0.1406 0.4331 0.1750 0.0250 0.0765
227 0.0166 0.8662 0.0734 0.0357 0.0018 0.0063
228 0.0503 0.0925 0.0234 0.7388 0.0842 0.0108
229 0.1547 0.2913 0.0416 0.3540 0.1559 0.0026
230 0.0732 0.6182 0.1703 0.1057 0.0289 0.0039
231 0.0880 0.6606 0.1185 0.0827 0.0429 0.0072
232 0.0210 0.6958 0.1002 0.1505 0.0041 0.0285
233 0.2695 0.1648 0.1572 0.3127 0.0656 0.0302
234 0.1665 0.1401 0.0780 0.5332 0.0417 0.0405
235 0.3730 0.2949 0.1249 0.0839 0.1094 0.0138
236 0.2683 0.4856 0.0812 0.0851 0.0728 0.0072
237 0.1113 0.1670 0.0654 0.6016 0.0290 0.0258
238 0.1282 0.6611 0.0938 0.0953 0.0186 0.0028
239 0.1361 0.4570 0.1920 0.1449 0.0614 0.0086
240 0.2747 0.1565 0.0734 0.4124 0.0757 0.0076
241 0.0295 0.2411 0.0795 0.3853 0.1029 0.1619
242 0.3000 0.3762 0.0701 0.1709 0.0759 0.0068
243 0.1659 0.3569 0.0991 0.2433 0.1105 0.0243
244 0.0421 0.2275 0.1516 0.5210 0.0408 0.0170
245 0.0647 0.0700 0.0858 0.7407 0.0193 0.0196
246 0.3479 0.2317 0.0974 0.2013 0.0685 0.0533
247 0.3167 0.5181 0.0718 0.0572 0.0226 0.0138
248 0.3701 0.2262 0.0643 0.0428 0.2793 0.0172
249 0.0804 0.1691 0.0963 0.4316 0.1915 0.0310
250 0.0513 0.2246 0.6348 0.0723 0.0026 0.0144
251 0.0962 0.3384 0.0611 0.4448 0.0388 0.0208
252 0.0937 0.4299 0.0989 0.3401 0.0273 0.0102
253 0.0503 0.0472 0.8848 0.0151 0.0013 0.0014
254 0.1019 0.5015 0.0643 0.2925 0.0372 0.0024
255 0.2344 0.1081 0.0548 0.4734 0.1089 0.0205
256 0.3242 0.1383 0.4363 0.0886 0.0059 0.0066
257 0.0428 0.4817 0.3523 0.0417 0.0774 0.0041
258 0.0247 0.1390 0.6841 0.1306 0.0115 0.0101
259 0.0343 0.1089 0.6372 0.1913 0.0091 0.0194
260 0.1278 0.6543 0.0813 0.0973 0.0270 0.0122
261 0.0322 0.3254 0.5801 0.0583 0.0014 0.0024
262 0.0303 0.5127 0.4055 0.0477 0.0019 0.0019
263 0.0498 0.1924 0.2671 0.3650 0.1242 0.0016
264 0.3335 0.3721 0.0431 0.1208 0.0612 0.0693
265 0.3267 0.2043 0.0604 0.2446 0.1438 0.0201
266 0.0414 0.1942 0.3008 0.3518 0.1107 0.0012
267 0.0843 0.4050 0.3281 0.1074 0.0688 0.0064
268 0.0745 0.2832 0.3159 0.2578 0.0652 0.0033
269 0.0256 0.3645 0.4983 0.1013 0.0016 0.0085
270 0.0368 0.4409 0.4695 0.0495 0.0011 0.0022
271 0.0360 0.2876 0.6479 0.0267 0.0007 0.0011
272 0.0325 0.3718 0.5669 0.0269 0.0007 0.0010
273 0.0984 0.3657 0.4209 0.1016 0.0063 0.0071
274 0.3572 0.4880 0.0931 0.0370 0.0216 0.0030
275 0.3611 0.3726 0.1415 0.0851 0.0331 0.0067
276 0.3401 0.2910 0.1764 0.1417 0.0359 0.0149
277 0.3323 0.3074 0.1836 0.1261 0.0403 0.0102
278 0.2800 0.4546 0.1647 0.0650 0.0288 0.0067
