time exciting_prob fearful_prob tense_prob sad_prob relaxing_prob neutral_prob
0 0.3064 0.0194 0.1382 0.3113 0.1615 0.0632
1 0.4390 0.2277 0.0728 0.0177 0.2156 0.0274
2 0.4744 0.1815 0.0818 0.0124 0.2461 0.0039
3 0.1996 0.1949 0.3584 0.0227 0.2227 0.0017
4 0.2258 0.2944 0.1338 0.0184 0.3159 0.0115
5 0.5928 0.0334 0.0601 0.0221 0.2913 0.0002
6 0.6709 0.0649 0.0379 0.0193 0.2030 0.0038
7 0.3884 0.1194 0.1311 0.0555 0.3049 0.0008
8 0.4109 0.2434 0.1925 0.0173 0.1355 0.0005
9 0.1671 0.4233 0.3511 0.0188 0.0350 0.0046
10 0.0865 0.4978 0.3586 0.0240 0.0311 0.0019
11 0.2170 0.3335 0.3132 0.1017 0.0320 0.0024
12 0.2568 0.3738 0.2064 0.0258 0.1333 0.0040
13 0.2847 0.2573 0.2271 0.0251 0.2019 0.0041
14 0.4285 0.0647 0.1843 0.0756 0.2122 0.0346
15 0.1866 0.1398 0.4373 0.1283 0.1023 0.0057
16 0.1340 0.1803 0.0623 0.0053 0.5913 0.0268
17 0.0793 0.2876 0.4185 0.1588 0.0289 0.0268
18 0.2588 0.1608 0.2690 0.0654 0.2451 0.0008
19 0.2435 0.1178 0.4209 0.1754 0.0407 0.0017
20 0.1479 0.1001 0.4487 0.2576 0.0431 0.0027
21 0.0784 0.2756 0.3711 0.1398 0.1262 0.0089
22 0.1410 0.3176 0.3862 0.0640 0.0848 0.0064
23 0.1708 0.0581 0.1094 0.0723 0.5259 0.0633
24 0.2275 0.1162 0.0699 0.0455 0.5166 0.0240
25 0.1324 0.2417 0.1039 0.0163 0.4883 0.0175
26 0.0930 0.5312 0.3171 0.0167 0.0388 0.0032
27 0.0726 0.1399 0.3921 0.1294 0.2455 0.0206
28 0.2053 0.1743 0.2720 0.0383 0.3035 0.0065
29 0.2803 0.2571 0.1674 0.0382 0.1355 0.1215
30 0.1195 0.0239 0.1534 0.1055 0.5439 0.0539
31 0.2710 0.2625 0.2930 0.0595 0.0958 0.0183
32 0.4290 0.0545 0.0769 0.0463 0.3904 0.0030
33 0.1886 0.1034 0.3286 0.2810 0.0941 0.0043
34 0.5186 0.0367 0.0783 0.0559 0.3000 0.0104
35 0.1265 0.2438 0.4849 0.0368 0.0947 0.0132
36 0.2095 0.0501 0.0659 0.0820 0.5786 0.0140
37 0.3384 0.1016 0.0593 0.0817 0.4082 0.0107
38 0.4531 0.1949 0.1519 0.0164 0.1788 0.0047
39 0.1934 0.1471 0.1219 0.0215 0.4602 0.0558
40 0.1680 0.1802 0.2483 0.0369 0.3394 0.0272
41 0.3716 0.1107 0.1142 0.0548 0.3279 0.0210
42 0.3755 0.1003 0.1517 0.0580 0.2947 0.0196
43 0.1119 0.4224 0.3967 0.0190 0.0399 0.0099
44 0.0536 0.5371 0.3206 0.0622 0.0148 0.0118
45 0.0982 0.3884 0.3650 0.1271 0.0192 0.0022
46 0.1215 0.0640 0.4958 0.2915 0.0157 0.0116
47 0.1400 0.1326 0.4626 0.1840 0.0798 0.0011
48 0.4658 0.0616 0.1072 0.0621 0.3008 0.0025
49 0.2593 0.0773 0.0720 0.1090 0.4697 0.0126
50 0.3867 0.1316 0.1226 0.0267 0.3281 0.0043
51 0.2010 0.0769 0.0769 0.0194 0.6191 0.0066
52 0.1593 0.1709 0.2886 0.0229 0.3535 0.0047
53 0.1376 0.2959 0.2959 0.2034 0.0329 0.0342
54 0.2072 0.3062 0.2766 0.0121 0.1731 0.0251
55 0.3357 0.0583 0.1206 0.0651 0.3987 0.0216
56 0.5000 0.1016 0.1226 0.0715 0.1943 0.0101
57 0.2854 0.3442 0.2404 0.0380 0.0825 0.0093
58 0.2571 0.3569 0.2396 0.0249 0.1141 0.0075
59 0.3669 0.1136 0.0818 0.0740 0.3528 0.0107
60 0.2189 0.1218 0.1992 0.0884 0.1931 0.1786
61 0.1981 0.2708 0.2485 0.0428 0.2029 0.0367
62 0.5186 0.1582 0.1384 0.0173 0.1395 0.0279
63 0.4272 0.2166 0.1089 0.0138 0.2306 0.0028
64 0.5225 0.1936 0.1147 0.0112 0.1556 0.0026
65 0.1633 0.1224 0.2510 0.1283 0.3301 0.0049
66 0.2184 0.2654 0.2133 0.0385 0.2593 0.0051
67 0.6035 0.0593 0.0588 0.0631 0.2037 0.0114
68 0.4978 0.0533 0.0449 0.0435 0.3586 0.0019
69 0.5132 0.1182 0.0613 0.0393 0.2642 0.0040
70 0.1660 0.4014 0.3176 0.0263 0.0495 0.0391
71 0.1482 0.0722 0.2520 0.1209 0.3286 0.0781
72 0.3491 0.2515 0.2325 0.1179 0.0354 0.0139
73 0.4407 0.2981 0.1726 0.0510 0.0348 0.0026
74 0.0959 0.4131 0.0701 0.0071 0.4131 0.0007
75 0.2937 0.0560 0.0742 0.1523 0.4014 0.0225
76 0.4243 0.2253 0.1729 0.1501 0.0213 0.0060
77 0.1292 0.4988 0.1311 0.0078 0.2319 0.0011
78 0.1010 0.0837 0.0352 0.0431 0.7344 0.0025
79 0.1855 0.0448 0.0905 0.0863 0.5454 0.0476
80 0.1052 0.0246 0.1847 0.1506 0.4360 0.0988
81 0.0758 0.0497 0.0609 0.0453 0.7422 0.0262
82 0.4199 0.2393 0.1130 0.0302 0.1907 0.0070
83 0.0822 0.0522 0.4727 0.0916 0.1354 0.1659
84 0.3755 0.1127 0.0463 0.0212 0.4424 0.0018
85 0.3726 0.0762 0.0627 0.0745 0.3872 0.0268
86 0.2427 0.1543 0.0832 0.0187 0.4978 0.0033
87 0.2908 0.2646 0.1683 0.0859 0.1473 0.0429
88 0.1554 0.2225 0.0950 0.0090 0.5176 0.0007
89 0.1573 0.2534 0.0732 0.0038 0.5117 0.0003
90 0.1259 0.0658 0.0190 0.0058 0.7832 0.0002
91 0.2062 0.3455 0.2607 0.0577 0.1251 0.0050
92 0.3074 0.1396 0.1558 0.2932 0.0742 0.0297
93 0.3042 0.1448 0.0638 0.0135 0.4675 0.0062
94 0.2476 0.3057 0.2939 0.0570 0.0810 0.0150
95 0.1445 0.0773 0.3413 0.0465 0.2576 0.1326
96 0.2766 0.1010 0.0553 0.0320 0.5249 0.0098
97 0.0662 0.1611 0.6035 0.0374 0.1008 0.0310
98 0.1971 0.2715 0.1063 0.0583 0.3569 0.0100
99 0.1741 0.0223 0.0630 0.0164 0.7217 0.0023
100 0.1959 0.1134 0.5454 0.0278 0.1009 0.0166
101 0.1068 0.1229 0.1085 0.0074 0.6543 0.0003
102 0.3965 0.1653 0.0585 0.2769 0.0355 0.0673
103 0.0807 0.0193 0.0260 0.0052 0.8672 0.0015
104 0.0611 0.0682 0.0295 0.0039 0.8369 0.0004
105 0.0331 0.0140 0.0071 0.0116 0.9297 0.0045
106 0.2153 0.0380 0.1189 0.0870 0.4927 0.0480
107 0.1186 0.5659 0.2434 0.0186 0.0526 0.0009
108 0.1692 0.4529 0.0987 0.0156 0.2620 0.0017
109 0.1606 0.1290 0.0295 0.0037 0.6763 0.0008
110 0.1482 0.2769 0.0711 0.0405 0.4565 0.0069
111 0.3479 0.1044 0.0361 0.1532 0.3093 0.0490
112 0.1014 0.1131 0.0423 0.0055 0.7378 0.0002
113 0.0814 0.1464 0.0747 0.0047 0.6924 0.0002
114 0.1653 0.0818 0.0700 0.0381 0.6436 0.0014
115 0.0465 0.0561 0.1500 0.6318 0.0855 0.0300
116 0.1548 0.3599 0.2983 0.0961 0.0868 0.0043
117 0.2590 0.3860 0.1971 0.0784 0.0731 0.0063
118 0.1025 0.0368 0.0257 0.0220 0.8125 0.0003
119 0.2244 0.1011 0.2075 0.1890 0.0892 0.1890
120 0.0153 0.0193 0.0188 0.0229 0.9219 0.0016
121 0.1744 0.0994 0.0941 0.0253 0.6040 0.0026
122 0.1051 0.0700 0.0818 0.1578 0.2949 0.2903
123 0.0755 0.0947 0.0621 0.0153 0.7510 0.0013
124 0.1975 0.0919 0.1236 0.3467 0.2169 0.0236
125 0.0384 0.0350 0.0092 0.0012 0.9160 0.0005
126 0.0617 0.0266 0.0161 0.0082 0.8862 0.0010
127 0.1753 0.4407 0.2590 0.0725 0.0457 0.0065
128 0.1448 0.1278 0.2483 0.0529 0.3091 0.1172
129 0.0789 0.0614 0.2247 0.0187 0.5479 0.0685
130 0.1368 0.2852 0.1422 0.0152 0.4182 0.0024
131 0.0549 0.0313 0.0549 0.1447 0.7119 0.0025
132 0.3472 0.1602 0.0775 0.0541 0.3582 0.0028
133 0.0752 0.0776 0.1616 0.1567 0.4463 0.0826
134 0.1837 0.1597 0.4014 0.1852 0.0560 0.0141
135 0.1680 0.0845 0.4712 0.1505 0.1201 0.0059
136 0.1360 0.1932 0.5254 0.0424 0.0994 0.0038
137 0.4170 0.1753 0.2433 0.0302 0.1022 0.0319
138 0.1362 0.2159 0.2729 0.3118 0.0453 0.0179
139 0.2173 0.1874 0.1888 0.0349 0.3313 0.0402
140 0.2035 0.0523 0.0910 0.2167 0.3984 0.0379
141 0.0893 0.1240 0.0845 0.4065 0.2883 0.0076
142 0.0533 0.0141 0.0290 0.0016 0.9014 0.0005
143 0.0719 0.0356 0.0526 0.0029 0.8359 0.0011
144 0.3379 0.1766 0.0903 0.0145 0.3799 0.0007
145 0.1693 0.0878 0.1219 0.2622 0.0613 0.2971
146 0.3042 0.0858 0.0500 0.0030 0.5552 0.0017
147 0.1055 0.0376 0.0235 0.0024 0.8301 0.0010
148 0.1722 0.1241 0.0759 0.1998 0.4165 0.0115
149 0.2686 0.1654 0.2124 0.0101 0.3396 0.0039
150 0.3210 0.0424 0.3064 0.1719 0.1470 0.0113
151 0.2253 0.0371 0.0646 0.0045 0.6675 0.0011
152 0.1682 0.2954 0.0324 0.0966 0.4036 0.0038
153 0.0429 0.0309 0.0228 0.0011 0.8970 0.0055
154 0.0193 0.0269 0.0335 0.0055 0.9136 0.0015
155 0.0623 0.0252 0.0306 0.0074 0.8735 0.0013
156 0.1092 0.0637 0.0739 0.0043 0.7461 0.0027
157 0.2145 0.3428 0.3535 0.0151 0.0730 0.0012
158 0.3508 0.0564 0.0908 0.0353 0.4646 0.0022
159 0.5376 0.1002 0.1127 0.0240 0.2241 0.0012
160 0.2052 0.1433 0.0579 0.0175 0.5757 0.0004
161 0.3040 0.1392 0.1589 0.0554 0.3391 0.0033
162 0.0979 0.3040 0.3313 0.1759 0.0871 0.0039
163 0.1512 0.3435 0.3381 0.1334 0.0324 0.0013
164 0.2866 0.1738 0.3796 0.1343 0.0224 0.0030
165 0.0879 0.0554 0.3877 0.4326 0.0292 0.0070
166 0.1589 0.1163 0.3555 0.3235 0.0438 0.0020
167 0.1049 0.0993 0.0978 0.0093 0.6787 0.0099
168 0.0761 0.1033 0.1945 0.0232 0.5894 0.0134
169 0.6367 0.1031 0.1106 0.0278 0.1196 0.0024
170 0.0525 0.0294 0.0900 0.0250 0.8018 0.0016
171 0.0690 0.0309 0.0669 0.0233 0.8086 0.0015
172 0.4788 0.0734 0.1339 0.2483 0.0623 0.0033
173 0.6196 0.1249 0.1340 0.0752 0.0435 0.0027
174 0.1655 0.0567 0.1146 0.0832 0.5776 0.0023
175 0.2074 0.0913 0.5420 0.1248 0.0323 0.0020
176 0.1667 0.0800 0.2209 0.4604 0.0633 0.0087
177 0.1384 0.0449 0.4263 0.3269 0.0581 0.0055
178 0.5269 0.1332 0.1893 0.1241 0.0239 0.0026
179 0.5068 0.1262 0.1711 0.0736 0.1204 0.0018
180 0.2725 0.1963 0.3286 0.1653 0.0344 0.0030
181 0.1312 0.1836 0.2529 0.0302 0.4011 0.0008
182 0.3264 0.1085 0.1329 0.3584 0.0706 0.0033
183 0.3223 0.2649 0.1364 0.2180 0.0573 0.0012
184 0.1979 0.2520 0.3611 0.1381 0.0474 0.0037
185 0.1115 0.1674 0.6313 0.0410 0.0472 0.0015
186 0.1472 0.2194 0.3589 0.0173 0.2563 0.0009
187 0.2479 0.0516 0.2311 0.3962 0.0652 0.0079
188 0.2625 0.0922 0.4194 0.1981 0.0258 0.0018
189 0.0841 0.1910 0.6216 0.0461 0.0494 0.0081
190 0.3848 0.1146 0.1761 0.2426 0.0781 0.0039
191 0.2932 0.0629 0.2247 0.3220 0.0922 0.0050
192 0.1378 0.2700 0.3867 0.1826 0.0206 0.0023
193 0.1664 0.0970 0.5005 0.1899 0.0444 0.0017
194 0.3562 0.0974 0.2710 0.1342 0.1406 0.0005
195 0.5527 0.1254 0.2251 0.0514 0.0450 0.0001
196 0.5425 0.0813 0.1616 0.1616 0.0509 0.0019
197 0.1012 0.1721 0.5557 0.1383 0.0279 0.0047
198 0.2507 0.0542 0.1923 0.4834 0.0129 0.0066
199 0.0351 0.0579 0.0646 0.0166 0.8242 0.0018
200 0.2025 0.1678 0.0662 0.0184 0.5420 0.0032
201 0.0313 0.0474 0.0456 0.0148 0.8604 0.0007
202 0.2178 0.1439 0.3733 0.2111 0.0497 0.0041
203 0.1456 0.0632 0.3577 0.2617 0.1689 0.0028
204 0.2069 0.2273 0.2920 0.0947 0.1785 0.0007
205 0.1670 0.1290 0.4331 0.1005 0.1696 0.0008
206 0.3572 0.2150 0.1489 0.2379 0.0392 0.0019
207 0.2759 0.3892 0.1313 0.0295 0.1699 0.0042
208 0.5605 0.2487 0.0866 0.0314 0.0669 0.0061
209 0.5669 0.2595 0.0911 0.0142 0.0671 0.0015
210 0.5713 0.2576 0.0897 0.0135 0.0667 0.0014
211 0.5713 0.2576 0.0897 0.0135 0.0667 0.0014
212 0.5679 0.2600 0.0898 0.0137 0.0673 0.0014
213 0.5703 0.2571 0.0903 0.0138 0.0671 0.0014
214 0.5708 0.2573 0.0896 0.0137 0.0671 0.0014
215 0.5708 0.2573 0.0896 0.0137 0.0671 0.0014
216 0.5684 0.2603 0.0900 0.0137 0.0663 0.0014
217 0.5850 0.2517 0.0843 0.0133 0.0641 0.0015
