time exciting_prob fearful_prob tense_prob sad_prob relaxing_prob neutral_prob
0 0.1136 0.1553 0.1349 0.1288 0.0181 0.4492
1 0.0468 0.1204 0.1498 0.5654 0.0329 0.0847
2 0.0739 0.3162 0.1058 0.3694 0.0455 0.0892
3 0.0844 0.1190 0.2404 0.4492 0.0259 0.0812
4 0.1864 0.0057 0.0348 0.0216 0.7490 0.0027
5 0.2671 0.0789 0.0582 0.3376 0.2375 0.0208
6 0.6582 0.0750 0.0236 0.0488 0.1931 0.0011
7 0.5889 0.1254 0.0075 0.1560 0.1072 0.0151
8 0.0440 0.2632 0.1837 0.4270 0.0152 0.0670
9 0.0273 0.2006 0.0849 0.5283 0.0211 0.1378
10 0.0219 0.6406 0.1923 0.1130 0.0233 0.0089
11 0.0360 0.2291 0.0941 0.4182 0.1125 0.1100
12 0.0305 0.1853 0.0726 0.5845 0.0767 0.0507
13 0.0118 0.3677 0.0685 0.5186 0.0138 0.0193
14 0.0498 0.4878 0.1031 0.3005 0.0491 0.0095
15 0.0481 0.2725 0.0728 0.4780 0.0716 0.0571
16 0.0412 0.4231 0.1086 0.3398 0.0457 0.0416
17 0.0422 0.1630 0.1192 0.4500 0.1495 0.0764
18 0.0696 0.2111 0.0929 0.5103 0.0605 0.0559
19 0.0121 0.3445 0.4221 0.1873 0.0124 0.0219
20 0.1122 0.1835 0.2213 0.4541 0.0197 0.0091
21 0.0293 0.1030 0.6611 0.1620 0.0364 0.0080
22 0.0134 0.2876 0.1746 0.4971 0.0050 0.0224
23 0.0132 0.6748 0.2483 0.0516 0.0096 0.0024
24 0.0564 0.3401 0.2196 0.3564 0.0151 0.0123
25 0.0505 0.4006 0.1175 0.3193 0.0974 0.0145
26 0.0540 0.5088 0.1010 0.2479 0.0805 0.0079
27 0.0975 0.0795 0.1213 0.2776 0.1375 0.2866
28 0.1138 0.1847 0.4502 0.1580 0.0546 0.0387
29 0.0480 0.3928 0.3157 0.1855 0.0532 0.0050
30 0.0634 0.1779 0.4136 0.2842 0.0300 0.0309
31 0.1174 0.1681 0.3616 0.2644 0.0331 0.0555
32 0.0934 0.1162 0.1946 0.5371 0.0389 0.0196
33 0.0676 0.2395 0.6313 0.0305 0.0295 0.0018
34 0.1127 0.1349 0.1995 0.1505 0.2090 0.1934
35 0.0501 0.6650 0.1604 0.0746 0.0372 0.0127
36 0.1376 0.4875 0.1698 0.1063 0.0724 0.0262
37 0.1785 0.5083 0.2135 0.0110 0.0817 0.0071
38 0.1659 0.1262 0.3826 0.0426 0.2693 0.0135
39 0.2198 0.3513 0.1635 0.2065 0.0337 0.0251
40 0.0339 0.5264 0.3506 0.0559 0.0270 0.0062
41 0.1356 0.1687 0.3176 0.3032 0.0295 0.0454
42 0.0353 0.5918 0.0497 0.2710 0.0432 0.0087
43 0.0185 0.4185 0.3259 0.1857 0.0500 0.0015
44 0.1711 0.2778 0.3916 0.0639 0.0815 0.0142
45 0.0440 0.4307 0.4443 0.0483 0.0104 0.0225
46 0.1007 0.7500 0.0946 0.0213 0.0181 0.0156
47 0.0423 0.5278 0.2100 0.1584 0.0565 0.0049
48 0.0266 0.3167 0.4194 0.1643 0.0449 0.0281
49 0.0504 0.1392 0.3340 0.3784 0.0800 0.0182
50 0.1208 0.0678 0.4285 0.2404 0.0647 0.0780
51 0.0908 0.2213 0.2629 0.3323 0.0634 0.0293
52 0.0529 0.1628 0.4292 0.1155 0.0865 0.1531
53 0.0305 0.1064 0.1700 0.6519 0.0144 0.0265
54 0.0969 0.1754 0.4048 0.2593 0.0602 0.0034
55 0.0992 0.2400 0.4736 0.0499 0.1356 0.0016
56 0.0878 0.3965 0.2878 0.0657 0.1516 0.0107
57 0.1311 0.2412 0.2649 0.2864 0.0342 0.0422
58 0.3220 0.2668 0.2732 0.0468 0.0873 0.0039
59 0.0836 0.2255 0.3926 0.2615 0.0123 0.0243
60 0.1304 0.4177 0.3252 0.0570 0.0423 0.0273
61 0.1417 0.2507 0.5103 0.0586 0.0207 0.0180
62 0.0335 0.1072 0.5664 0.2676 0.0083 0.0172
63 0.0677 0.2639 0.4419 0.1527 0.0098 0.0641
64 0.1213 0.0967 0.3677 0.3650 0.0429 0.0064
65 0.0638 0.7588 0.1530 0.0113 0.0079 0.0050
66 0.0880 0.4983 0.3118 0.0654 0.0199 0.0168
67 0.0615 0.5747 0.3174 0.0312 0.0123 0.0029
68 0.1954 0.3376 0.2756 0.1204 0.0596 0.0116
69 0.0565 0.2651 0.5527 0.0945 0.0257 0.0053
70 0.0756 0.2556 0.6040 0.0444 0.0178 0.0025
71 0.2759 0.2288 0.3657 0.1031 0.0117 0.0149
72 0.0826 0.2949 0.4065 0.1761 0.0292 0.0107
73 0.1796 0.2737 0.2915 0.1926 0.0465 0.0163
74 0.1866 0.2183 0.3486 0.1781 0.0565 0.0117
75 0.0525 0.5381 0.3215 0.0585 0.0222 0.0071
76 0.0404 0.1783 0.6895 0.0817 0.0061 0.0042
77 0.0621 0.3435 0.4209 0.1525 0.0110 0.0101
78 0.0676 0.3032 0.4209 0.1868 0.0172 0.0043
79 0.2426 0.4531 0.2261 0.0412 0.0341 0.0031
80 0.0931 0.2673 0.3542 0.1912 0.0815 0.0125
81 0.0527 0.2576 0.5244 0.1315 0.0240 0.0101
82 0.0420 0.2344 0.5366 0.1661 0.0184 0.0027
83 0.0884 0.2944 0.5854 0.0122 0.0166 0.0027
84 0.0981 0.2930 0.1250 0.3972 0.0701 0.0166
85 0.2062 0.2646 0.3535 0.0478 0.0929 0.0350
86 0.0691 0.2111 0.4199 0.2668 0.0302 0.0029
87 0.1393 0.2297 0.3369 0.1934 0.0825 0.0183
88 0.1164 0.7300 0.0800 0.0690 0.0027 0.0022
89 0.0658 0.5820 0.1329 0.2124 0.0028 0.0041
90 0.2969 0.3931 0.0739 0.1992 0.0323 0.0046
91 0.0537 0.1003 0.1903 0.4783 0.0246 0.1528
92 0.0262 0.1642 0.4751 0.3264 0.0044 0.0038
93 0.1113 0.0605 0.2468 0.3823 0.1203 0.0789
94 0.0327 0.2458 0.1613 0.5122 0.0249 0.0230
95 0.1240 0.6396 0.1320 0.0893 0.0103 0.0050
96 0.0809 0.1837 0.4075 0.1925 0.1097 0.0257
97 0.0313 0.0599 0.2445 0.6147 0.0287 0.0210
98 0.3921 0.2612 0.2234 0.0924 0.0255 0.0056
99 0.1720 0.2522 0.3501 0.2124 0.0113 0.0021
100 0.1978 0.3186 0.1436 0.3015 0.0346 0.0040
101 0.2396 0.1971 0.2341 0.3174 0.0049 0.0066
102 0.1332 0.5146 0.0952 0.2430 0.0108 0.0034
103 0.0656 0.5571 0.1159 0.2532 0.0041 0.0039
104 0.1127 0.4819 0.0934 0.2993 0.0084 0.0043
105 0.0878 0.2559 0.5503 0.0662 0.0355 0.0044
106 0.2494 0.2915 0.1151 0.1124 0.2271 0.0045
107 0.2186 0.2273 0.1757 0.0190 0.3577 0.0019
108 0.0379 0.5654 0.2321 0.1385 0.0083 0.0179
109 0.0883 0.5757 0.1490 0.1742 0.0116 0.0011
110 0.1188 0.1730 0.3633 0.3157 0.0253 0.0041
111 0.5918 0.1240 0.0789 0.1921 0.0119 0.0013
112 0.4727 0.2891 0.1063 0.1158 0.0144 0.0017
113 0.2756 0.1725 0.4072 0.0446 0.0938 0.0061
114 0.1284 0.1942 0.3833 0.0869 0.2052 0.0019
115 0.2004 0.1537 0.3079 0.0404 0.2961 0.0014
116 0.1387 0.3513 0.1431 0.1738 0.1880 0.0053
117 0.0639 0.5229 0.3098 0.0748 0.0262 0.0024
118 0.1221 0.3972 0.0581 0.4163 0.0054 0.0008
119 0.3503 0.4065 0.0181 0.2175 0.0060 0.0014
120 0.0870 0.1730 0.1099 0.6226 0.0063 0.0011
121 0.1282 0.5269 0.2450 0.0959 0.0033 0.0007
122 0.3210 0.2991 0.1287 0.2277 0.0225 0.0010
123 0.1359 0.3184 0.1390 0.3809 0.0170 0.0090
124 0.1277 0.1136 0.3904 0.2190 0.1414 0.0079
125 0.3406 0.3225 0.1941 0.0742 0.0665 0.0022
126 0.1093 0.0333 0.0706 0.7129 0.0435 0.0306
127 0.3074 0.4336 0.0874 0.0228 0.1475 0.0012
128 0.0305 0.2419 0.5801 0.1274 0.0191 0.0007
129 0.0759 0.4836 0.2180 0.2180 0.0033 0.0011
130 0.1103 0.3267 0.2861 0.2605 0.0122 0.0041
131 0.3169 0.4197 0.1450 0.0959 0.0201 0.0026
132 0.0268 0.0740 0.1146 0.2352 0.5469 0.0026
133 0.3542 0.2252 0.0526 0.0692 0.2959 0.0027
134 0.3455 0.1821 0.0629 0.0228 0.3855 0.0012
135 0.0685 0.1104 0.1737 0.0923 0.5522 0.0030
136 0.3484 0.2910 0.1779 0.1079 0.0702 0.0047
137 0.2003 0.3381 0.0544 0.3953 0.0031 0.0087
138 0.3135 0.3335 0.1390 0.1976 0.0056 0.0108
139 0.2419 0.6226 0.0488 0.0038 0.0823 0.0004
140 0.1631 0.3618 0.2773 0.1174 0.0746 0.0058
141 0.3857 0.3149 0.0247 0.0502 0.2216 0.0028
142 0.2524 0.4036 0.1544 0.1722 0.0154 0.0019
143 0.1315 0.1016 0.2150 0.3381 0.2084 0.0055
144 0.4480 0.2512 0.1196 0.1572 0.0220 0.0018
145 0.5298 0.1483 0.2371 0.0166 0.0663 0.0018
146 0.2600 0.3843 0.0717 0.2703 0.0079 0.0060
147 0.0997 0.2111 0.0966 0.5693 0.0192 0.0044
148 0.1151 0.2917 0.1868 0.0883 0.3154 0.0029
149 0.0470 0.3040 0.4187 0.2057 0.0231 0.0017
150 0.0208 0.4011 0.4763 0.0991 0.0022 0.0008
151 0.2004 0.1367 0.0977 0.1064 0.4377 0.0208
152 0.5352 0.1968 0.1937 0.0133 0.0605 0.0008
153 0.0268 0.1425 0.8071 0.0174 0.0007 0.0053
154 0.2720 0.5537 0.0843 0.0710 0.0182 0.0005
155 0.4355 0.4287 0.0618 0.0642 0.0094 0.0004
156 0.0898 0.0566 0.0346 0.0185 0.8003 0.0004
157 0.4128 0.1289 0.2837 0.1372 0.0361 0.0014
158 0.4019 0.1134 0.0836 0.0338 0.3630 0.0042
159 0.0635 0.1659 0.3511 0.3457 0.0248 0.0490
160 0.0494 0.1635 0.1523 0.0413 0.5933 0.0004
161 0.0390 0.1095 0.2839 0.5063 0.0226 0.0385
162 0.0847 0.1176 0.5791 0.1633 0.0140 0.0413
163 0.0801 0.0712 0.0886 0.0170 0.7422 0.0008
164 0.0701 0.1461 0.1439 0.3850 0.0285 0.2263
165 0.1925 0.1262 0.5439 0.0213 0.1022 0.0138
166 0.1085 0.3501 0.3420 0.1019 0.0865 0.0111
167 0.2622 0.4531 0.0493 0.0628 0.1707 0.0019
168 0.0849 0.3411 0.4448 0.1090 0.0167 0.0037
169 0.0545 0.1059 0.4321 0.3696 0.0360 0.0020
170 0.2896 0.2438 0.2101 0.2219 0.0340 0.0006
171 0.0396 0.2317 0.6104 0.1077 0.0074 0.0032
172 0.1658 0.3098 0.1332 0.0134 0.3767 0.0012
173 0.0403 0.1880 0.3098 0.3247 0.1054 0.0316
174 0.0368 0.3516 0.3176 0.0543 0.2306 0.0093
175 0.0387 0.2029 0.6548 0.0914 0.0103 0.0020
176 0.1937 0.4038 0.2301 0.1395 0.0231 0.0095
177 0.0451 0.3662 0.3779 0.1842 0.0115 0.0150
178 0.3418 0.1517 0.2241 0.0956 0.1318 0.0549
179 0.2935 0.1986 0.2844 0.0725 0.1114 0.0394
180 0.1276 0.3308 0.3386 0.1798 0.0157 0.0077
181 0.1569 0.4167 0.2979 0.1113 0.0072 0.0102
182 0.1018 0.5171 0.3391 0.0238 0.0087 0.0095
183 0.1060 0.2927 0.5732 0.0123 0.0118 0.0042
184 0.4758 0.1619 0.2690 0.0297 0.0564 0.0070
185 0.2581 0.5132 0.0699 0.1403 0.0175 0.0013
186 0.0294 0.3215 0.5469 0.0900 0.0058 0.0060
187 0.3213 0.3784 0.2502 0.0311 0.0184 0.0006
188 0.2260 0.3162 0.3213 0.1059 0.0301 0.0005
189 0.1589 0.1298 0.3584 0.1948 0.0489 0.1093
190 0.0424 0.0933 0.0693 0.7808 0.0112 0.0029
191 0.1129 0.3477 0.0872 0.4395 0.0128 0.0003
192 0.0099 0.1906 0.6055 0.1819 0.0047 0.0075
193 0.0162 0.3599 0.5400 0.0766 0.0029 0.0042
194 0.0541 0.3066 0.5640 0.0643 0.0108 0.0005
195 0.2981 0.1262 0.1699 0.2673 0.1355 0.0029
196 0.1559 0.2164 0.4580 0.1453 0.0228 0.0016
197 0.1030 0.1570 0.0498 0.6455 0.0221 0.0224
198 0.0969 0.0583 0.2698 0.5200 0.0487 0.0061
199 0.1125 0.2168 0.3630 0.2805 0.0229 0.0042
200 0.1852 0.1243 0.4272 0.1064 0.1477 0.0091
201 0.1115 0.1573 0.1366 0.1284 0.0181 0.4480
