time exciting_prob fearful_prob tense_prob sad_prob relaxing_prob neutral_prob
0 0.1136 0.1553 0.1349 0.1288 0.0181 0.4492
1 0.1384 0.4036 0.3372 0.0147 0.1028 0.0031
2 0.2197 0.2451 0.4915 0.0359 0.0023 0.0055
3 0.1664 0.1813 0.5806 0.0677 0.0010 0.0029
4 0.1373 0.1212 0.6763 0.0614 0.0007 0.0031
5 0.2317 0.2299 0.5137 0.0195 0.0030 0.0021
6 0.2410 0.2524 0.4944 0.0067 0.0046 0.0010
7 0.2318 0.3120 0.3535 0.0084 0.0901 0.0043
8 0.1636 0.2512 0.3462 0.0183 0.2183 0.0024
9 0.1918 0.2664 0.4028 0.0109 0.1248 0.0032
10 0.1350 0.1371 0.1238 0.0083 0.5908 0.0049
11 0.2568 0.2957 0.2357 0.0198 0.1865 0.0053
12 0.2583 0.2278 0.4189 0.0108 0.0812 0.0028
13 0.7490 0.1407 0.0530 0.0051 0.0486 0.0035
14 0.7520 0.1338 0.0657 0.0022 0.0452 0.0010
15 0.5889 0.1755 0.1072 0.0069 0.1197 0.0017
16 0.6099 0.1426 0.0445 0.0073 0.1935 0.0022
17 0.0532 0.2312 0.4971 0.0068 0.1992 0.0125
18 0.0670 0.2529 0.4878 0.0059 0.1837 0.0028
19 0.0818 0.3579 0.4932 0.0296 0.0298 0.0078
20 0.2769 0.2207 0.4822 0.0110 0.0088 0.0005
21 0.2812 0.2368 0.4602 0.0032 0.0180 0.0006
22 0.1478 0.3689 0.4553 0.0101 0.0148 0.0030
23 0.9141 0.0133 0.0473 0.0193 0.0061 0.0001
24 0.1812 0.2456 0.1769 0.3545 0.0070 0.0348
25 0.2250 0.2629 0.4441 0.0625 0.0052 0.0003
26 0.3230 0.2456 0.3804 0.0053 0.0447 0.0009
27 0.4565 0.1615 0.3315 0.0038 0.0463 0.0003
28 0.6143 0.0812 0.2260 0.0196 0.0585 0.0008
29 0.4590 0.3306 0.1411 0.0068 0.0621 0.0002
30 0.5615 0.3542 0.0317 0.0066 0.0457 0.0002
31 0.4290 0.1505 0.1615 0.2424 0.0103 0.0063
32 0.3728 0.3420 0.1449 0.0381 0.1019 0.0002
33 0.7412 0.0402 0.1102 0.0088 0.0980 0.0019
34 0.1827 0.3928 0.3059 0.0097 0.1082 0.0006
35 0.3835 0.3154 0.2085 0.0053 0.0869 0.0005
36 0.5010 0.2520 0.1931 0.0084 0.0448 0.0007
37 0.6650 0.1630 0.1211 0.0034 0.0474 0.0003
38 0.6323 0.2184 0.0836 0.0029 0.0626 0.0004
39 0.4849 0.2327 0.1587 0.0038 0.1198 0.0002
40 0.2625 0.6704 0.0600 0.0009 0.0046 0.0015
41 0.2583 0.6299 0.0996 0.0015 0.0095 0.0013
42 0.5649 0.2014 0.2046 0.0125 0.0149 0.0017
43 0.2708 0.3423 0.3672 0.0093 0.0098 0.0006
44 0.2996 0.3906 0.2644 0.0161 0.0285 0.0009
45 0.5210 0.1947 0.1577 0.0757 0.0372 0.0136
46 0.2893 0.3684 0.3152 0.0029 0.0232 0.0010
47 0.5098 0.2561 0.1846 0.0160 0.0323 0.0014
48 0.5244 0.2401 0.2086 0.0121 0.0141 0.0007
49 0.4358 0.4255 0.1259 0.0052 0.0056 0.0021
50 0.1287 0.5903 0.2766 0.0025 0.0017 0.0003
51 0.2061 0.5474 0.2194 0.0084 0.0181 0.0008
52 0.1118 0.7637 0.1162 0.0023 0.0060 0.0002
53 0.0187 0.0884 0.1527 0.5942 0.0069 0.1390
54 0.5405 0.0947 0.3411 0.0008 0.0225 0.0002
55 0.4194 0.2952 0.2544 0.0015 0.0292 0.0003
56 0.3013 0.1600 0.2576 0.0203 0.2576 0.0030
57 0.1437 0.0668 0.1257 0.0114 0.6489 0.0035
58 0.4468 0.2607 0.1820 0.0432 0.0670 0.0004
59 0.3601 0.3518 0.2656 0.0054 0.0167 0.0006
60 0.1400 0.3494 0.4888 0.0118 0.0098 0.0005
61 0.2888 0.2338 0.4299 0.0043 0.0429 0.0002
62 0.8379 0.0448 0.0955 0.0031 0.0184 0.0003
63 0.1318 0.3264 0.5298 0.0069 0.0052 0.0001
64 0.3438 0.2255 0.4148 0.0110 0.0049 0.0002
65 0.2477 0.6577 0.0876 0.0011 0.0055 0.0003
66 0.4568 0.4258 0.0957 0.0085 0.0129 0.0005
67 0.4351 0.4487 0.0933 0.0025 0.0193 0.0010
68 0.5376 0.0489 0.0333 0.0545 0.2747 0.0508
69 0.6519 0.0592 0.0157 0.0293 0.2201 0.0237
70 0.5381 0.3164 0.0988 0.0246 0.0187 0.0032
71 0.6914 0.0966 0.0740 0.0156 0.0893 0.0331
72 0.1764 0.3401 0.3096 0.0124 0.1606 0.0011
73 0.5420 0.2025 0.1948 0.0038 0.0567 0.0003
74 0.3845 0.1060 0.4355 0.0061 0.0618 0.0061
75 0.2930 0.1095 0.4683 0.0035 0.1166 0.0090
76 0.6025 0.2322 0.1409 0.0063 0.0179 0.0004
77 0.1765 0.2932 0.5107 0.0095 0.0098 0.0002
78 0.4395 0.1279 0.3848 0.0045 0.0372 0.0060
79 0.4485 0.0798 0.3281 0.0036 0.1378 0.0022
80 0.3855 0.1521 0.4104 0.0266 0.0186 0.0067
81 0.3945 0.0777 0.1793 0.0016 0.3323 0.0145
82 0.4204 0.0881 0.1038 0.2822 0.0522 0.0530
83 0.1137 0.0415 0.0529 0.6646 0.0529 0.0746
84 0.6523 0.1245 0.1151 0.0113 0.0911 0.0060
85 0.1774 0.3813 0.2971 0.1075 0.0323 0.0044
86 0.1835 0.1923 0.2319 0.2301 0.1332 0.0293
87 0.5859 0.1978 0.1163 0.0459 0.0470 0.0072
88 0.4788 0.1426 0.3213 0.0081 0.0432 0.0060
89 0.1702 0.0984 0.2253 0.4624 0.0315 0.0122
90 0.3572 0.1488 0.2200 0.1377 0.1115 0.0249
91 0.5498 0.1538 0.1826 0.0162 0.0856 0.0121
92 0.3904 0.1815 0.2156 0.0181 0.1746 0.0199
93 0.2307 0.0531 0.3630 0.2961 0.0267 0.0303
94 0.4539 0.1212 0.2046 0.1036 0.1061 0.0107
95 0.1116 0.1785 0.2021 0.3035 0.1116 0.0926
96 0.8428 0.1186 0.0269 0.0003 0.0116 0.0002
97 0.1941 0.1986 0.1910 0.0011 0.4141 0.0010
98 0.3210 0.1731 0.0956 0.0009 0.4089 0.0006
99 0.3770 0.1794 0.1333 0.0025 0.3076 0.0001
100 0.2874 0.2477 0.1368 0.0025 0.3257 0.0001
101 0.0264 0.4712 0.3845 0.1102 0.0048 0.0031
102 0.0457 0.4839 0.2844 0.1725 0.0059 0.0076
103 0.2688 0.3672 0.1508 0.0055 0.2076 0.0002
104 0.3682 0.1851 0.1333 0.0034 0.3098 0.0003
105 0.2118 0.5986 0.0890 0.0049 0.0955 0.0002
106 0.0439 0.0164 0.7549 0.1793 0.0027 0.0026
107 0.0574 0.0495 0.7798 0.0983 0.0045 0.0107
108 0.4133 0.1863 0.1619 0.0029 0.2355 0.0003
109 0.2861 0.5557 0.0764 0.0064 0.0746 0.0008
110 0.0451 0.0491 0.7925 0.0791 0.0152 0.0188
111 0.3459 0.4409 0.1344 0.0020 0.0766 0.0001
112 0.3035 0.5283 0.1346 0.0027 0.0310 0.0001
113 0.3535 0.2839 0.3218 0.0114 0.0290 0.0004
114 0.4326 0.3044 0.2389 0.0050 0.0179 0.0010
115 0.3875 0.2622 0.3313 0.0032 0.0156 0.0003
116 0.4282 0.2659 0.2808 0.0063 0.0187 0.0004
117 0.0854 0.1970 0.6714 0.0110 0.0337 0.0013
118 0.3152 0.3152 0.3435 0.0076 0.0179 0.0007
119 0.3250 0.1168 0.2131 0.1713 0.1499 0.0241
120 0.2810 0.2922 0.2189 0.0536 0.1447 0.0098
121 0.3096 0.5786 0.0975 0.0024 0.0108 0.0011
122 0.3210 0.5815 0.0763 0.0032 0.0174 0.0005
123 0.3604 0.4451 0.1826 0.0026 0.0082 0.0011
124 0.4761 0.2549 0.2375 0.0091 0.0216 0.0008
125 0.2959 0.2098 0.3101 0.1234 0.0376 0.0232
126 0.3035 0.1411 0.1467 0.0195 0.3806 0.0085
127 0.2350 0.3613 0.2664 0.0287 0.1043 0.0044
128 0.0432 0.1416 0.0572 0.6055 0.0018 0.1508
129 0.0099 0.1082 0.8779 0.0031 0.0008 0.0002
130 0.1733 0.6294 0.0482 0.0039 0.1449 0.0005
131 0.4656 0.4409 0.0692 0.0039 0.0197 0.0007
132 0.0209 0.0674 0.9014 0.0088 0.0012 0.0004
133 0.3904 0.3784 0.1318 0.0040 0.0949 0.0004
134 0.3674 0.4907 0.0497 0.0025 0.0894 0.0002
135 0.1187 0.3127 0.4695 0.0095 0.0889 0.0004
136 0.2705 0.3845 0.3264 0.0066 0.0118 0.0003
137 0.0333 0.3335 0.2346 0.0265 0.3662 0.0061
138 0.0889 0.2341 0.1560 0.0061 0.5034 0.0113
139 0.2861 0.3506 0.2263 0.0028 0.1340 0.0002
140 0.1298 0.3289 0.3997 0.0076 0.1339 0.0001
141 0.2668 0.5649 0.0471 0.0044 0.1166 0.0002
142 0.2207 0.4636 0.1003 0.0028 0.2123 0.0001
143 0.1252 0.2433 0.4304 0.0107 0.1823 0.0082
144 0.1238 0.2294 0.5591 0.0652 0.0208 0.0018
145 0.0883 0.3691 0.5044 0.0303 0.0072 0.0008
146 0.4419 0.2498 0.2681 0.0119 0.0274 0.0011
147 0.3208 0.2808 0.3691 0.0121 0.0163 0.0007
148 0.2510 0.3623 0.3650 0.0064 0.0145 0.0009
149 0.1942 0.4514 0.3103 0.0152 0.0280 0.0009
150 0.1898 0.0804 0.2400 0.4697 0.0184 0.0017
151 0.0859 0.2487 0.1417 0.4944 0.0011 0.0281
152 0.6357 0.1711 0.1214 0.0079 0.0625 0.0011
153 0.3101 0.2610 0.3799 0.0394 0.0094 0.0002
154 0.3220 0.3428 0.2910 0.0145 0.0293 0.0002
155 0.0731 0.7983 0.0917 0.0020 0.0345 0.0001
156 0.0989 0.0989 0.1582 0.3564 0.2266 0.0610
157 0.3027 0.3567 0.2529 0.0038 0.0796 0.0040
158 0.1053 0.0214 0.3735 0.3296 0.1533 0.0167
159 0.2264 0.6553 0.0559 0.0079 0.0542 0.0003
160 0.2695 0.5840 0.0910 0.0218 0.0330 0.0005
161 0.1265 0.3057 0.4146 0.0205 0.1265 0.0063
162 0.1146 0.2859 0.4497 0.0087 0.1320 0.0090
163 0.0869 0.3438 0.5625 0.0025 0.0043 0.0003
164 0.1915 0.1246 0.4929 0.1650 0.0184 0.0076
165 0.0363 0.4128 0.5303 0.0050 0.0148 0.0009
166 0.0385 0.2957 0.6455 0.0119 0.0062 0.0023
167 0.1469 0.2153 0.5166 0.1025 0.0073 0.0116
168 0.0269 0.3518 0.4448 0.1702 0.0053 0.0011
169 0.0934 0.2275 0.6333 0.0352 0.0050 0.0055
170 0.0391 0.1660 0.6885 0.0592 0.0072 0.0401
171 0.0403 0.3530 0.5513 0.0093 0.0439 0.0022
172 0.2271 0.2961 0.4016 0.0228 0.0519 0.0004
173 0.1736 0.1310 0.6650 0.0192 0.0109 0.0001
174 0.2827 0.2218 0.4277 0.0404 0.0269 0.0005
175 0.2388 0.1011 0.6143 0.0363 0.0093 0.0001
176 0.3313 0.0594 0.5679 0.0303 0.0112 0.0001
177 0.3352 0.4272 0.2018 0.0043 0.0312 0.0002
178 0.1272 0.2080 0.6064 0.0188 0.0391 0.0004
179 0.2083 0.2869 0.3831 0.0261 0.0953 0.0004
180 0.2551 0.1699 0.4341 0.0910 0.0269 0.0230
181 0.3728 0.4426 0.1747 0.0012 0.0078 0.0009
182 0.2117 0.4517 0.3279 0.0020 0.0062 0.0006
183 0.1176 0.6714 0.2080 0.0006 0.0021 0.0004
184 0.0920 0.7642 0.1414 0.0012 0.0011 0.0002
185 0.0345 0.2080 0.4268 0.3074 0.0091 0.0140
186 0.0410 0.1226 0.3894 0.3279 0.0075 0.1116
187 0.0681 0.0670 0.1940 0.4727 0.0692 0.1292
188 0.1583 0.2415 0.2303 0.2913 0.0748 0.0039
189 0.0830 0.7339 0.1390 0.0058 0.0380 0.0001
190 0.0850 0.0863 0.1285 0.6328 0.0532 0.0142
191 0.2209 0.5601 0.1416 0.0231 0.0537 0.0006
192 0.1813 0.5166 0.1587 0.0408 0.1025 0.0003
193 0.2527 0.4612 0.2213 0.0041 0.0600 0.0009
194 0.0584 0.5630 0.3691 0.0050 0.0043 0.0001
195 0.1716 0.3721 0.3809 0.0102 0.0651 0.0003
196 0.1976 0.0652 0.1162 0.5371 0.0733 0.0103
197 0.0983 0.0938 0.2549 0.5312 0.0204 0.0012
198 0.1262 0.2778 0.5566 0.0104 0.0288 0.0001
199 0.4907 0.1544 0.3071 0.0030 0.0403 0.0043
200 0.2106 0.0294 0.7349 0.0178 0.0025 0.0047
201 0.2556 0.2700 0.3635 0.0143 0.0673 0.0291
202 0.1478 0.0626 0.7163 0.0667 0.0038 0.0030
203 0.2018 0.1699 0.6069 0.0022 0.0183 0.0006
204 0.0789 0.0324 0.3169 0.5308 0.0356 0.0058
205 0.0856 0.1346 0.3955 0.3774 0.0044 0.0024
206 0.1952 0.0659 0.6250 0.0901 0.0063 0.0175
207 0.2261 0.1615 0.6001 0.0015 0.0076 0.0032
208 0.1708 0.2751 0.5303 0.0026 0.0173 0.0041
209 0.3643 0.1980 0.3845 0.0043 0.0467 0.0023
210 0.0934 0.1732 0.4565 0.2522 0.0034 0.0212
211 0.1290 0.1021 0.7485 0.0104 0.0076 0.0021
212 0.3672 0.1361 0.3879 0.0341 0.0701 0.0044
213 0.1198 0.6733 0.1826 0.0023 0.0218 0.0002
214 0.0952 0.2886 0.1594 0.0358 0.4199 0.0011
215 0.1075 0.3870 0.0584 0.0015 0.4456 0.0001
216 0.0997 0.2300 0.5693 0.0724 0.0273 0.0015
217 0.1494 0.4639 0.3816 0.0013 0.0040 0.0001
218 0.2390 0.3672 0.3760 0.0084 0.0087 0.0006
219 0.1743 0.5625 0.2537 0.0016 0.0080 0.0001
220 0.0841 0.0848 0.7207 0.0760 0.0191 0.0153
221 0.0389 0.2805 0.4697 0.1305 0.0779 0.0024
222 0.0414 0.1091 0.0544 0.0431 0.7515 0.0004
223 0.0479 0.6074 0.3408 0.0008 0.0032 0.0000
224 0.7173 0.1842 0.0877 0.0022 0.0082 0.0001
225 0.7075 0.1964 0.0845 0.0027 0.0086 0.0002
226 0.0952 0.8101 0.0874 0.0007 0.0065 0.0003
227 0.2242 0.5464 0.2041 0.0008 0.0244 0.0001
228 0.2812 0.3064 0.0613 0.0558 0.2947 0.0006
229 0.1404 0.5957 0.1803 0.0090 0.0740 0.0006
230 0.3293 0.3242 0.1920 0.0169 0.1372 0.0004
231 0.1037 0.1301 0.6401 0.0591 0.0634 0.0034
232 0.1031 0.4731 0.4048 0.0109 0.0052 0.0030
233 0.1989 0.0602 0.4771 0.2253 0.0343 0.0042
234 0.2222 0.5947 0.1126 0.0303 0.0398 0.0005
235 0.1364 0.5024 0.1439 0.0887 0.1281 0.0005
236 0.2198 0.0426 0.6514 0.0708 0.0091 0.0064
237 0.2812 0.0425 0.5176 0.1298 0.0157 0.0134
238 0.2041 0.0341 0.6338 0.0949 0.0281 0.0052
239 0.0986 0.0926 0.1677 0.4775 0.0843 0.0792
240 0.1136 0.1553 0.1349 0.1288 0.0181 0.4492
