time exciting_prob fearful_prob tense_prob sad_prob relaxing_prob neutral_prob
0 0.1136 0.1553 0.1349 0.1288 0.0181 0.4492
1 0.1682 0.0680 0.0573 0.5967 0.0353 0.0746
2 0.5249 0.0575 0.0431 0.1017 0.2659 0.0070
3 0.6016 0.0847 0.0356 0.0887 0.1835 0.0059
4 0.1372 0.0415 0.2563 0.3291 0.1846 0.0513
5 0.6216 0.0050 0.0200 0.2803 0.0348 0.0382
6 0.2173 0.0787 0.0700 0.2542 0.3638 0.0161
7 0.7144 0.1343 0.1013 0.0221 0.0269 0.0010
8 0.8862 0.0520 0.0182 0.0208 0.0219 0.0007
9 0.6748 0.1299 0.0599 0.0648 0.0653 0.0053
10 0.3499 0.0197 0.0080 0.3237 0.2925 0.0062
11 0.2300 0.0095 0.0046 0.2627 0.4907 0.0027
12 0.5908 0.0920 0.0838 0.0043 0.2261 0.0030
13 0.3601 0.1810 0.0451 0.0064 0.4048 0.0024
14 0.3586 0.1119 0.0235 0.0074 0.4978 0.0008
15 0.4036 0.1112 0.0533 0.0076 0.4229 0.0014
16 0.0552 0.1283 0.0924 0.2306 0.4585 0.0351
17 0.1670 0.1113 0.0944 0.0457 0.5781 0.0034
18 0.1736 0.1833 0.0901 0.0393 0.5103 0.0034
19 0.0633 0.1068 0.0775 0.0554 0.6802 0.0166
20 0.1248 0.0563 0.1268 0.3967 0.2683 0.0270
21 0.3577 0.1743 0.1058 0.0580 0.2898 0.0145
22 0.2861 0.0741 0.2229 0.1193 0.2908 0.0067
23 0.1119 0.1919 0.0740 0.1578 0.4224 0.0421
24 0.1913 0.0667 0.2344 0.1610 0.3057 0.0410
25 0.3628 0.1410 0.1597 0.0848 0.2288 0.0230
26 0.4753 0.1270 0.0663 0.0056 0.3242 0.0018
27 0.1825 0.2052 0.0310 0.0315 0.5493 0.0007
28 0.1460 0.1616 0.0381 0.0187 0.6343 0.0015
29 0.1589 0.0912 0.3162 0.2260 0.1918 0.0161
30 0.0877 0.0540 0.2040 0.0739 0.5547 0.0259
31 0.1066 0.1411 0.2830 0.0732 0.3867 0.0095
32 0.1103 0.0690 0.1604 0.0572 0.5869 0.0163
33 0.1143 0.0850 0.1689 0.0523 0.5537 0.0257
34 0.0768 0.0253 0.1390 0.0451 0.6948 0.0188
35 0.3354 0.1661 0.1160 0.0239 0.3516 0.0070
36 0.1134 0.0985 0.1245 0.1170 0.4556 0.0911
37 0.0640 0.1547 0.0302 0.0697 0.6611 0.0203
38 0.1833 0.2300 0.1709 0.0974 0.3096 0.0089
39 0.3215 0.1438 0.1320 0.2141 0.1831 0.0057
40 0.2043 0.1461 0.1617 0.0179 0.4678 0.0021
41 0.0560 0.2395 0.0736 0.1149 0.4951 0.0209
42 0.1687 0.1016 0.1254 0.0531 0.5405 0.0108
43 0.2812 0.1844 0.1128 0.1219 0.2903 0.0092
44 0.2059 0.3044 0.1580 0.0318 0.2974 0.0025
45 0.1400 0.1305 0.3206 0.2037 0.1974 0.0079
46 0.0577 0.1570 0.0587 0.1406 0.5605 0.0252
47 0.1266 0.0448 0.2598 0.3723 0.1814 0.0151
48 0.1946 0.0837 0.2024 0.2404 0.2703 0.0089
49 0.1550 0.1638 0.0267 0.0343 0.6182 0.0020
50 0.3157 0.2203 0.0602 0.0341 0.3691 0.0006
51 0.4473 0.1582 0.0514 0.0080 0.3325 0.0026
52 0.4482 0.1160 0.0343 0.0058 0.3923 0.0033
53 0.2659 0.1886 0.0683 0.0427 0.4316 0.0030
54 0.3494 0.2786 0.0890 0.0570 0.2238 0.0025
55 0.1296 0.0762 0.1287 0.0612 0.5947 0.0096
56 0.1453 0.1038 0.2549 0.1909 0.2800 0.0252
57 0.3557 0.1934 0.1603 0.0381 0.2483 0.0044
58 0.3430 0.3376 0.1476 0.0211 0.1499 0.0008
59 0.3425 0.1078 0.1709 0.0224 0.3398 0.0163
60 0.6001 0.0493 0.0757 0.0942 0.1329 0.0478
61 0.0957 0.0533 0.0572 0.0529 0.7354 0.0056
62 0.1273 0.0561 0.0666 0.0407 0.7046 0.0048
63 0.1483 0.0442 0.0734 0.0712 0.6543 0.0087
64 0.3083 0.2007 0.1256 0.0817 0.2722 0.0112
65 0.1152 0.1235 0.0220 0.0296 0.7056 0.0044
66 0.0864 0.1627 0.0227 0.0768 0.6436 0.0076
67 0.1768 0.2573 0.1824 0.0946 0.2737 0.0152
68 0.3098 0.2162 0.3350 0.0337 0.0952 0.0102
69 0.1853 0.3687 0.1687 0.1160 0.1512 0.0102
70 0.3818 0.1508 0.0794 0.0309 0.3560 0.0010
71 0.0367 0.2162 0.5269 0.1021 0.0337 0.0847
72 0.0483 0.2267 0.4580 0.1440 0.0300 0.0930
73 0.1130 0.0808 0.1395 0.1104 0.5352 0.0211
74 0.1172 0.0424 0.1815 0.1553 0.4634 0.0402
75 0.4011 0.0760 0.2233 0.0219 0.2756 0.0019
76 0.1827 0.1799 0.0285 0.0792 0.5244 0.0051
77 0.1719 0.2041 0.0571 0.0623 0.5015 0.0034
78 0.3047 0.1331 0.1270 0.0701 0.3535 0.0117
79 0.3733 0.0840 0.2318 0.0764 0.2229 0.0115
80 0.5195 0.0760 0.1622 0.0410 0.1957 0.0052
81 0.1976 0.1227 0.0884 0.2311 0.3550 0.0053
82 0.0372 0.0126 0.0349 0.0194 0.8872 0.0088
83 0.0451 0.0137 0.0289 0.0205 0.8843 0.0075
84 0.2189 0.1436 0.2258 0.2089 0.1786 0.0244
85 0.0261 0.1304 0.7739 0.0457 0.0060 0.0181
86 0.3274 0.1333 0.1595 0.1213 0.2471 0.0115
87 0.3113 0.0949 0.0812 0.0431 0.4636 0.0061
88 0.2815 0.0604 0.0445 0.1164 0.4863 0.0111
89 0.4199 0.0789 0.0814 0.0952 0.3120 0.0125
90 0.2786 0.1663 0.3386 0.1676 0.0458 0.0031
91 0.2170 0.1049 0.2365 0.2617 0.1758 0.0041
92 0.0168 0.0557 0.0932 0.0112 0.8179 0.0052
93 0.5249 0.0824 0.1390 0.0750 0.1665 0.0122
94 0.3564 0.0930 0.2411 0.0930 0.2128 0.0039
95 0.3423 0.1146 0.1904 0.1361 0.2125 0.0040
96 0.2070 0.1515 0.5630 0.0473 0.0269 0.0043
97 0.2949 0.2125 0.0865 0.1146 0.2905 0.0010
98 0.4136 0.1343 0.1765 0.1113 0.1620 0.0024
99 0.3867 0.0744 0.2722 0.2169 0.0341 0.0157
100 0.2839 0.1183 0.1543 0.1165 0.3218 0.0052
101 0.2825 0.2051 0.1741 0.1133 0.2218 0.0032
102 0.3145 0.1792 0.0359 0.0217 0.4470 0.0016
103 0.1862 0.1013 0.1212 0.0319 0.5557 0.0037
104 0.2947 0.1360 0.4092 0.0995 0.0585 0.0021
105 0.4087 0.1842 0.0673 0.1771 0.1588 0.0037
106 0.2141 0.1707 0.2583 0.0851 0.2686 0.0034
107 0.2322 0.1453 0.0809 0.0719 0.4617 0.0081
108 0.4226 0.2043 0.1003 0.0422 0.2244 0.0061
109 0.3032 0.2915 0.1989 0.0327 0.1714 0.0024
110 0.1498 0.2732 0.3914 0.0702 0.1087 0.0066
111 0.2566 0.2126 0.1193 0.0345 0.3733 0.0040
112 0.2688 0.3071 0.1212 0.0204 0.2795 0.0030
113 0.4250 0.1576 0.1066 0.0294 0.2786 0.0029
114 0.3293 0.1439 0.0859 0.1631 0.2751 0.0023
115 0.4048 0.1957 0.1838 0.0611 0.1512 0.0034
116 0.2896 0.1914 0.1663 0.0307 0.3206 0.0017
117 0.3943 0.1819 0.1417 0.0173 0.2646 0.0002
118 0.2238 0.1255 0.1090 0.0395 0.4963 0.0060
119 0.1459 0.2444 0.1093 0.0695 0.4255 0.0055
120 0.6094 0.0623 0.0360 0.0236 0.2502 0.0183
121 0.0533 0.0165 0.0024 0.0254 0.9019 0.0007
122 0.0815 0.0322 0.0040 0.0192 0.8623 0.0008
123 0.3257 0.1885 0.0933 0.0208 0.3691 0.0027
124 0.4929 0.0657 0.0466 0.0060 0.3870 0.0018
125 0.2778 0.0953 0.1752 0.0960 0.3540 0.0019
126 0.4392 0.1382 0.2107 0.0238 0.1844 0.0036
127 0.4387 0.1414 0.1349 0.0466 0.2367 0.0019
128 0.2496 0.2085 0.2152 0.0662 0.2576 0.0030
129 0.2219 0.3438 0.2986 0.0205 0.1133 0.0022
130 0.2798 0.2063 0.0730 0.0208 0.4167 0.0033
131 0.2401 0.2439 0.1625 0.0593 0.2808 0.0133
132 0.1624 0.3032 0.0779 0.0230 0.4312 0.0024
133 0.2771 0.1427 0.0669 0.0206 0.4902 0.0024
134 0.0745 0.1051 0.0474 0.2426 0.4460 0.0845
135 0.0544 0.1153 0.0318 0.0607 0.7285 0.0092
136 0.3706 0.1545 0.0860 0.0228 0.3591 0.0069
137 0.3228 0.1466 0.1548 0.0737 0.3008 0.0013
138 0.0571 0.0705 0.0161 0.0441 0.8066 0.0056
139 0.1091 0.1492 0.0238 0.0589 0.6479 0.0112
140 0.4978 0.1506 0.1035 0.0292 0.2157 0.0033
141 0.3101 0.1971 0.1262 0.0574 0.3076 0.0014
142 0.3250 0.2251 0.0620 0.0367 0.3486 0.0023
143 0.1976 0.1218 0.1652 0.0617 0.4490 0.0048
144 0.0984 0.2532 0.1355 0.1477 0.3572 0.0079
145 0.1039 0.1523 0.0291 0.0216 0.6885 0.0048
146 0.0726 0.1316 0.0646 0.0492 0.6733 0.0086
147 0.2974 0.0936 0.0943 0.1592 0.3423 0.0135
148 0.3704 0.0712 0.1005 0.1982 0.2468 0.0128
149 0.4055 0.0750 0.0927 0.0994 0.3108 0.0166
150 0.1478 0.1537 0.0374 0.0143 0.6421 0.0047
151 0.1421 0.1294 0.0720 0.2634 0.3203 0.0726
152 0.1703 0.0380 0.0750 0.2852 0.4216 0.0098
153 0.2098 0.0828 0.0650 0.1409 0.4954 0.0061
154 0.1650 0.2222 0.2328 0.1379 0.2257 0.0163
155 0.2554 0.1700 0.2939 0.1274 0.1216 0.0317
156 0.3411 0.1840 0.2495 0.0371 0.1770 0.0113
157 0.0886 0.1068 0.0170 0.0165 0.7651 0.0059
158 0.0638 0.0674 0.0102 0.0093 0.8467 0.0026
159 0.4277 0.0767 0.1151 0.0933 0.2380 0.0491
160 0.1225 0.1169 0.0984 0.0447 0.6123 0.0049
161 0.3142 0.1427 0.1484 0.0712 0.3191 0.0043
162 0.1730 0.0386 0.1170 0.0710 0.5942 0.0063
163 0.0549 0.0396 0.0492 0.0540 0.7944 0.0079
164 0.1449 0.0546 0.0272 0.0240 0.7476 0.0019
165 0.1455 0.0743 0.0356 0.0322 0.7104 0.0017
166 0.4697 0.1688 0.1274 0.1124 0.1160 0.0057
167 0.1887 0.0775 0.0837 0.1257 0.5210 0.0033
168 0.3354 0.2133 0.1313 0.0472 0.2676 0.0051
169 0.0756 0.1099 0.0167 0.1467 0.6372 0.0136
170 0.0695 0.1020 0.0166 0.0505 0.7534 0.0077
171 0.0392 0.1115 0.0141 0.0267 0.8047 0.0038
172 0.0551 0.0581 0.0061 0.0239 0.8545 0.0026
173 0.2267 0.0719 0.0796 0.0724 0.5479 0.0013
174 0.1259 0.0921 0.1093 0.1191 0.5508 0.0026
175 0.1390 0.0245 0.0511 0.0919 0.6895 0.0038
176 0.1633 0.0314 0.0551 0.1354 0.6113 0.0033
177 0.0687 0.1294 0.0200 0.0430 0.7275 0.0111
178 0.0633 0.1035 0.0154 0.0268 0.7891 0.0018
179 0.0875 0.1014 0.0809 0.1072 0.6118 0.0111
180 0.0720 0.1609 0.0754 0.0475 0.6313 0.0129
181 0.2023 0.1638 0.3359 0.0941 0.1757 0.0282
182 0.2155 0.1602 0.3259 0.0934 0.1858 0.0191
183 0.4043 0.1464 0.1453 0.1030 0.1895 0.0117
184 0.0222 0.0390 0.0111 0.0258 0.9014 0.0006
185 0.0950 0.0268 0.0276 0.1449 0.7021 0.0034
186 0.1741 0.0661 0.0454 0.1124 0.5981 0.0038
187 0.1409 0.0340 0.0630 0.1476 0.6069 0.0076
188 0.1547 0.0440 0.0491 0.1344 0.6118 0.0059
189 0.0424 0.0870 0.0417 0.0211 0.8062 0.0014
190 0.0693 0.1445 0.0830 0.1550 0.5454 0.0028
191 0.1292 0.0702 0.0373 0.0443 0.7148 0.0044
192 0.0703 0.0413 0.0327 0.0475 0.8037 0.0046
193 0.1202 0.0425 0.0428 0.1086 0.6758 0.0103
194 0.4661 0.0932 0.1675 0.0484 0.2185 0.0063
195 0.4778 0.0817 0.0575 0.0167 0.3635 0.0027
196 0.0638 0.2159 0.0988 0.1790 0.3879 0.0546
197 0.0706 0.2542 0.1011 0.0679 0.4785 0.0278
198 0.0703 0.0923 0.0123 0.0225 0.7979 0.0047
199 0.0834 0.0660 0.0291 0.0167 0.8037 0.0011
200 0.1155 0.0845 0.0435 0.0141 0.7412 0.0010
201 0.2903 0.0599 0.1530 0.2949 0.1628 0.0393
202 0.1689 0.3413 0.2383 0.1125 0.1179 0.0210
203 0.4116 0.1357 0.1125 0.0085 0.3308 0.0008
204 0.0515 0.0762 0.0164 0.0500 0.8003 0.0057
205 0.0599 0.0972 0.0126 0.0512 0.7764 0.0026
206 0.2488 0.1353 0.0560 0.0486 0.5024 0.0087
207 0.3225 0.2002 0.0514 0.0295 0.3889 0.0074
208 0.2338 0.0759 0.0639 0.0801 0.5186 0.0277
209 0.0351 0.0809 0.0088 0.0101 0.8633 0.0016
210 0.1404 0.0274 0.0256 0.0445 0.7529 0.0090
211 0.1624 0.0511 0.0300 0.0265 0.7275 0.0027
212 0.1870 0.0811 0.0499 0.0431 0.6323 0.0064
213 0.0712 0.0302 0.0106 0.0446 0.8408 0.0027
214 0.0978 0.0584 0.0792 0.3633 0.3867 0.0149
215 0.1769 0.0797 0.0656 0.1525 0.5200 0.0054
216 0.1880 0.0748 0.0692 0.1699 0.4915 0.0066
217 0.1537 0.0561 0.0803 0.3303 0.3687 0.0110
218 0.0681 0.0397 0.0930 0.6978 0.0783 0.0231
219 0.1382 0.0508 0.1011 0.3530 0.0304 0.3264
220 0.1136 0.1553 0.1349 0.1288 0.0181 0.4492
221 0.1136 0.1553 0.1349 0.1288 0.0181 0.4492
