time exciting_prob fearful_prob tense_prob sad_prob relaxing_prob neutral_prob
0 0.1136 0.1553 0.1349 0.1288 0.0181 0.4492
1 0.1136 0.1553 0.1349 0.1288 0.0181 0.4492
2 0.6436 0.1209 0.0775 0.0964 0.0112 0.0508
3 0.6421 0.1216 0.0779 0.0962 0.0113 0.0507
4 0.0603 0.3015 0.2539 0.0325 0.3418 0.0098
5 0.0420 0.1699 0.0760 0.2114 0.4619 0.0388
6 0.0564 0.3674 0.0776 0.0729 0.4165 0.0092
7 0.0331 0.2264 0.0342 0.0595 0.6450 0.0015
8 0.5225 0.0619 0.0873 0.1833 0.0250 0.1202
9 0.5225 0.0619 0.0873 0.1833 0.0250 0.1202
10 0.0292 0.4006 0.2046 0.0624 0.2976 0.0056
11 0.0521 0.2407 0.4358 0.0734 0.1904 0.0076
12 0.2517 0.0507 0.5498 0.0732 0.0229 0.0519
13 0.2520 0.0508 0.5503 0.0728 0.0227 0.0516
14 0.0304 0.2427 0.3938 0.1980 0.0550 0.0800
15 0.0718 0.4868 0.2688 0.0807 0.0866 0.0050
16 0.0237 0.0533 0.2927 0.4678 0.0788 0.0839
17 0.0165 0.3374 0.4907 0.0196 0.1342 0.0015
18 0.0209 0.4014 0.3174 0.0367 0.2217 0.0019
19 0.0177 0.1812 0.5493 0.1812 0.0626 0.0079
20 0.0285 0.0733 0.3694 0.0994 0.4250 0.0044
21 0.0142 0.0570 0.3491 0.3081 0.2052 0.0666
22 0.0498 0.2532 0.5527 0.0450 0.0835 0.0157
23 0.0327 0.1868 0.4480 0.0454 0.2474 0.0395
24 0.0273 0.1868 0.4844 0.0882 0.1187 0.0947
25 0.0249 0.3958 0.5410 0.0151 0.0187 0.0045
26 0.0875 0.2305 0.3513 0.2612 0.0574 0.0122
27 0.2120 0.1285 0.1100 0.2681 0.0792 0.2023
28 0.1771 0.1009 0.1025 0.3257 0.0593 0.2346
29 0.2317 0.1543 0.3940 0.1776 0.0043 0.0381
30 0.2352 0.3020 0.4465 0.0075 0.0034 0.0052
31 0.2534 0.1796 0.5361 0.0178 0.0034 0.0096
32 0.2812 0.2123 0.4424 0.0428 0.0074 0.0139
33 0.1704 0.2120 0.5854 0.0141 0.0055 0.0123
34 0.1820 0.2336 0.5264 0.0353 0.0086 0.0140
35 0.5005 0.2186 0.1783 0.0862 0.0030 0.0134
36 0.2520 0.0706 0.4709 0.1844 0.0052 0.0169
37 0.2747 0.1639 0.4458 0.0987 0.0035 0.0134
38 0.0977 0.3079 0.5488 0.0198 0.0183 0.0074
39 0.2079 0.2754 0.3591 0.1070 0.0237 0.0268
40 0.2184 0.2361 0.4998 0.0271 0.0129 0.0056
41 0.1366 0.4480 0.3330 0.0410 0.0142 0.0271
42 0.1732 0.4219 0.3552 0.0344 0.0071 0.0080
43 0.2091 0.4426 0.3140 0.0150 0.0076 0.0116
44 0.1460 0.6245 0.1846 0.0190 0.0077 0.0183
45 0.0904 0.0484 0.1422 0.6782 0.0099 0.0307
46 0.0849 0.6084 0.2169 0.0265 0.0177 0.0458
47 0.1076 0.5015 0.2947 0.0217 0.0128 0.0618
48 0.0532 0.0227 0.0673 0.6797 0.0055 0.1718
49 0.0590 0.4568 0.2996 0.0613 0.0390 0.0845
50 0.1459 0.1615 0.6094 0.0326 0.0278 0.0227
51 0.0473 0.3081 0.3604 0.2477 0.0232 0.0134
52 0.0825 0.1075 0.4456 0.1447 0.0452 0.1746
53 0.2688 0.4434 0.1833 0.0387 0.0145 0.0513
54 0.0990 0.4136 0.3323 0.0450 0.0149 0.0952
55 0.1266 0.2722 0.2479 0.1600 0.0119 0.1814
56 0.2598 0.1456 0.3606 0.1246 0.0170 0.0926
57 0.0598 0.0424 0.2812 0.5337 0.0062 0.0768
58 0.1154 0.4089 0.2900 0.1084 0.0073 0.0699
59 0.2445 0.2028 0.3396 0.0806 0.1137 0.0189
60 0.2385 0.1978 0.2139 0.1614 0.0320 0.1565
61 0.1130 0.6704 0.1643 0.0358 0.0122 0.0041
62 0.1638 0.5371 0.2311 0.0301 0.0352 0.0026
63 0.1426 0.5908 0.2314 0.0219 0.0118 0.0012
64 0.0623 0.6646 0.2406 0.0064 0.0161 0.0101
65 0.0660 0.7036 0.1985 0.0097 0.0151 0.0070
66 0.0634 0.6821 0.2146 0.0133 0.0172 0.0096
67 0.0582 0.6460 0.2568 0.0128 0.0213 0.0049
68 0.1142 0.3462 0.3862 0.1031 0.0491 0.0012
69 0.1192 0.5688 0.1875 0.0734 0.0478 0.0033
70 0.1730 0.5669 0.1625 0.0651 0.0300 0.0024
71 0.2241 0.3525 0.2539 0.1257 0.0418 0.0017
72 0.2216 0.2959 0.4043 0.0156 0.0530 0.0098
73 0.1903 0.3088 0.2947 0.1339 0.0493 0.0231
74 0.1331 0.3293 0.3506 0.1763 0.0077 0.0027
75 0.0645 0.1864 0.6021 0.1322 0.0100 0.0050
76 0.0939 0.3892 0.3772 0.1151 0.0168 0.0080
77 0.0823 0.5669 0.2362 0.0495 0.0507 0.0146
78 0.1356 0.4922 0.2939 0.0142 0.0476 0.0166
79 0.2443 0.4746 0.1918 0.0146 0.0585 0.0164
80 0.1323 0.4045 0.4109 0.0142 0.0261 0.0118
81 0.0504 0.0905 0.2258 0.3337 0.2810 0.0187
82 0.0388 0.0736 0.1323 0.3125 0.4338 0.0091
83 0.0605 0.1006 0.1364 0.2629 0.4268 0.0128
84 0.0622 0.0920 0.1144 0.0986 0.6284 0.0044
85 0.0281 0.0643 0.1749 0.2211 0.5063 0.0053
86 0.0608 0.1539 0.3931 0.0667 0.3013 0.0242
87 0.0448 0.1143 0.2700 0.2421 0.2830 0.0458
88 0.0392 0.1389 0.2362 0.2362 0.2761 0.0732
89 0.0682 0.1561 0.3806 0.1400 0.2036 0.0515
90 0.0853 0.1893 0.3884 0.1241 0.1807 0.0321
91 0.0717 0.1145 0.2350 0.3364 0.1802 0.0623
92 0.1392 0.2725 0.3088 0.1370 0.0972 0.0455
93 0.1381 0.3313 0.2969 0.0995 0.1075 0.0266
94 0.0618 0.2642 0.3555 0.1229 0.1874 0.0082
95 0.0906 0.3582 0.4058 0.1199 0.0126 0.0129
96 0.0813 0.2209 0.4902 0.1949 0.0057 0.0068
97 0.0800 0.3501 0.3667 0.1903 0.0109 0.0021
98 0.1405 0.3701 0.3372 0.1427 0.0063 0.0031
99 0.4578 0.2450 0.1157 0.1710 0.0094 0.0012
100 0.2803 0.3030 0.0903 0.2959 0.0130 0.0178
101 0.1124 0.2306 0.1432 0.4807 0.0058 0.0273
102 0.2075 0.5513 0.1094 0.1183 0.0114 0.0023
103 0.0328 0.1060 0.1666 0.6802 0.0038 0.0107
104 0.2529 0.3123 0.1158 0.2957 0.0085 0.0147
105 0.0725 0.2512 0.2822 0.3682 0.0113 0.0145
106 0.0886 0.0555 0.0550 0.7896 0.0060 0.0054
107 0.1820 0.3704 0.1166 0.2795 0.0479 0.0035
108 0.1414 0.5010 0.1504 0.1436 0.0598 0.0038
109 0.1473 0.3823 0.2356 0.1777 0.0547 0.0023
110 0.1058 0.3782 0.2639 0.2223 0.0280 0.0017
111 0.1227 0.3496 0.3135 0.0877 0.1180 0.0082
112 0.1128 0.5176 0.1964 0.0268 0.1128 0.0339
113 0.0751 0.4971 0.1653 0.1067 0.1267 0.0292
114 0.0414 0.6377 0.2203 0.0377 0.0232 0.0395
115 0.0295 0.6260 0.2198 0.0334 0.0121 0.0790
116 0.0223 0.7998 0.1348 0.0111 0.0078 0.0242
117 0.0285 0.7251 0.1473 0.0339 0.0131 0.0521
118 0.1387 0.2551 0.3542 0.2252 0.0197 0.0070
119 0.1638 0.1445 0.3750 0.3013 0.0125 0.0026
120 0.0823 0.2344 0.3203 0.3306 0.0289 0.0034
121 0.1482 0.3140 0.3501 0.1654 0.0178 0.0045
122 0.0859 0.1581 0.6553 0.0859 0.0129 0.0018
123 0.1223 0.4614 0.3945 0.0042 0.0158 0.0017
124 0.1727 0.3713 0.3801 0.0130 0.0543 0.0085
125 0.1541 0.4709 0.3289 0.0074 0.0303 0.0084
126 0.1125 0.3157 0.5200 0.0153 0.0287 0.0077
127 0.1047 0.4548 0.3772 0.0170 0.0351 0.0111
128 0.1671 0.3916 0.3767 0.0128 0.0450 0.0069
129 0.1498 0.3916 0.4009 0.0168 0.0290 0.0117
130 0.1904 0.4531 0.2903 0.0143 0.0384 0.0134
131 0.2180 0.4041 0.3147 0.0109 0.0379 0.0144
132 0.1383 0.4067 0.3940 0.0229 0.0258 0.0122
133 0.1164 0.4426 0.4094 0.0096 0.0161 0.0060
134 0.1060 0.3191 0.4607 0.0112 0.0152 0.0879
135 0.0283 0.4570 0.3616 0.0599 0.0101 0.0832
136 0.0198 0.3594 0.4136 0.0765 0.0064 0.1242
137 0.0233 0.3882 0.3320 0.1777 0.0080 0.0707
138 0.0206 0.5229 0.2981 0.1262 0.0066 0.0254
139 0.1001 0.2537 0.3059 0.2659 0.0398 0.0349
140 0.0864 0.1799 0.5415 0.1050 0.0727 0.0147
141 0.0544 0.2639 0.4558 0.1758 0.0383 0.0117
142 0.0652 0.2854 0.4219 0.1626 0.0414 0.0236
143 0.1127 0.2041 0.3997 0.1948 0.0734 0.0153
144 0.0741 0.3323 0.4199 0.1462 0.0183 0.0091
145 0.1103 0.2109 0.5142 0.1086 0.0355 0.0207
146 0.2603 0.5020 0.2092 0.0128 0.0122 0.0037
147 0.1112 0.4756 0.3645 0.0156 0.0242 0.0089
148 0.0864 0.5591 0.3184 0.0091 0.0213 0.0059
149 0.1295 0.1676 0.5762 0.0773 0.0215 0.0280
150 0.0700 0.1859 0.4976 0.1360 0.0242 0.0864
151 0.0557 0.3081 0.5156 0.0726 0.0115 0.0365
152 0.1140 0.3271 0.4070 0.1005 0.0329 0.0184
153 0.0904 0.6475 0.2457 0.0022 0.0127 0.0017
154 0.1423 0.5410 0.2874 0.0072 0.0181 0.0038
155 0.1018 0.5996 0.2559 0.0098 0.0188 0.0141
156 0.0692 0.1780 0.7207 0.0179 0.0086 0.0056
157 0.0458 0.2152 0.6841 0.0448 0.0027 0.0077
158 0.2186 0.4417 0.2556 0.0122 0.0351 0.0368
159 0.1104 0.5142 0.2607 0.0364 0.0206 0.0577
160 0.1142 0.2893 0.2219 0.0773 0.0123 0.2849
161 0.1500 0.5361 0.1660 0.0307 0.0197 0.0976
162 0.1982 0.2505 0.4004 0.1221 0.0161 0.0127
163 0.1631 0.5688 0.1833 0.0202 0.0215 0.0428
164 0.2284 0.4507 0.2249 0.0075 0.0510 0.0376
165 0.1677 0.5991 0.2023 0.0027 0.0222 0.0059
166 0.0888 0.1956 0.5791 0.0615 0.0665 0.0085
167 0.0201 0.2319 0.3765 0.0591 0.2888 0.0235
168 0.2849 0.4277 0.2399 0.0031 0.0303 0.0143
169 0.1138 0.5869 0.2094 0.0180 0.0233 0.0486
170 0.0706 0.6694 0.1995 0.0168 0.0193 0.0246
171 0.0573 0.1281 0.6353 0.0201 0.1497 0.0096
172 0.0306 0.1517 0.7295 0.0372 0.0455 0.0057
173 0.0476 0.0737 0.5039 0.2272 0.0836 0.0641
174 0.0177 0.0948 0.1058 0.1664 0.5454 0.0699
175 0.0648 0.3643 0.5215 0.0055 0.0106 0.0334
176 0.2341 0.3486 0.3225 0.0157 0.0430 0.0362
177 0.1183 0.2795 0.3645 0.0501 0.0782 0.1094
178 0.0616 0.3381 0.2761 0.2803 0.0241 0.0197
179 0.0813 0.2446 0.5513 0.0845 0.0309 0.0076
180 0.1356 0.3252 0.4412 0.0197 0.0243 0.0539
181 0.0952 0.3621 0.4436 0.0295 0.0187 0.0510
182 0.0467 0.4297 0.4099 0.0264 0.0572 0.0302
183 0.0963 0.4153 0.4023 0.0270 0.0117 0.0473
184 0.0570 0.3232 0.4927 0.0265 0.0398 0.0607
185 0.0776 0.3118 0.3760 0.1020 0.0242 0.1086
186 0.1168 0.1868 0.3628 0.0561 0.0302 0.2473
187 0.0533 0.6489 0.2463 0.0126 0.0313 0.0076
188 0.1042 0.5996 0.2559 0.0048 0.0272 0.0084
189 0.0807 0.5869 0.2817 0.0154 0.0207 0.0146
190 0.1339 0.1448 0.4290 0.2261 0.0264 0.0399
191 0.1558 0.3298 0.4104 0.0923 0.0080 0.0036
192 0.0936 0.4534 0.3879 0.0290 0.0201 0.0160
193 0.0209 0.7183 0.2444 0.0102 0.0031 0.0030
194 0.0646 0.6128 0.2399 0.0174 0.0515 0.0141
195 0.0850 0.5547 0.2620 0.0466 0.0196 0.0323
196 0.0524 0.4524 0.3992 0.0392 0.0341 0.0229
197 0.0745 0.4971 0.4058 0.0139 0.0035 0.0054
198 0.1461 0.3909 0.3672 0.0299 0.0339 0.0318
199 0.0933 0.3718 0.3835 0.0804 0.0335 0.0374
200 0.0414 0.1390 0.5898 0.0626 0.0059 0.1613
201 0.0518 0.1046 0.3271 0.1185 0.3708 0.0273
202 0.0650 0.2286 0.5073 0.0433 0.0096 0.1465
203 0.0482 0.1417 0.6655 0.0490 0.0072 0.0886
204 0.0192 0.0887 0.4507 0.0759 0.0031 0.3623
205 0.0637 0.3208 0.2404 0.0688 0.0142 0.2922
206 0.1197 0.2362 0.3032 0.2325 0.0737 0.0346
207 0.0920 0.5171 0.3015 0.0296 0.0157 0.0441
208 0.0327 0.0651 0.8179 0.0552 0.0261 0.0031
209 0.0610 0.1486 0.7544 0.0216 0.0081 0.0062
210 0.0168 0.0692 0.8687 0.0286 0.0035 0.0131
211 0.1293 0.1132 0.4917 0.0917 0.0208 0.1534
212 0.1482 0.4221 0.3472 0.0341 0.0125 0.0358
213 0.2034 0.4272 0.3225 0.0151 0.0226 0.0092
214 0.1136 0.5015 0.3555 0.0172 0.0053 0.0073
215 0.1266 0.1786 0.6133 0.0330 0.0265 0.0218
216 0.0424 0.1549 0.5493 0.0977 0.0123 0.1433
217 0.0858 0.3528 0.4529 0.0306 0.0080 0.0700
218 0.0656 0.4080 0.4143 0.0666 0.0144 0.0312
219 0.0311 0.1096 0.5786 0.0654 0.0361 0.1792
220 0.0378 0.1569 0.7139 0.0595 0.0189 0.0128
221 0.1186 0.4993 0.1895 0.0815 0.0686 0.0426
222 0.0541 0.6538 0.1680 0.0485 0.0613 0.0141
223 0.0569 0.7788 0.1353 0.0076 0.0162 0.0054
224 0.0688 0.7876 0.1180 0.0064 0.0139 0.0051
225 0.0611 0.7988 0.1151 0.0100 0.0120 0.0030
226 0.0693 0.7930 0.0962 0.0116 0.0194 0.0106
227 0.0866 0.5308 0.2754 0.0211 0.0776 0.0086
228 0.0750 0.4316 0.1199 0.0617 0.3062 0.0055
229 0.0515 0.5249 0.1208 0.0607 0.2402 0.0020
230 0.1641 0.4495 0.2026 0.0202 0.1329 0.0306
231 0.0670 0.5269 0.1820 0.0659 0.1021 0.0564
232 0.0739 0.4929 0.1199 0.0191 0.2681 0.0261
233 0.0534 0.1570 0.1096 0.0426 0.6113 0.0264
234 0.1282 0.3325 0.1595 0.0329 0.3325 0.0144
235 0.0555 0.6211 0.1658 0.0163 0.0967 0.0446
236 0.1240 0.3818 0.1361 0.0285 0.2544 0.0752
237 0.0599 0.7021 0.1279 0.0184 0.0361 0.0554
238 0.1062 0.5269 0.2031 0.0097 0.1046 0.0494
239 0.0826 0.4395 0.1201 0.1320 0.0456 0.1803
240 0.1187 0.3984 0.1584 0.1047 0.1313 0.0882
241 0.1241 0.4722 0.1658 0.0696 0.1251 0.0432
242 0.1354 0.3223 0.1925 0.1122 0.2032 0.0342
243 0.0640 0.3713 0.2632 0.1150 0.0620 0.1244
244 0.0612 0.5454 0.2786 0.0519 0.0504 0.0123
245 0.0354 0.6084 0.1379 0.1422 0.0499 0.0261
246 0.1859 0.2705 0.0906 0.0118 0.4324 0.0087
247 0.0764 0.3733 0.0901 0.0509 0.0118 0.3975
248 0.0676 0.6309 0.1396 0.0163 0.0111 0.1344
249 0.0719 0.3223 0.1954 0.0708 0.3171 0.0224
250 0.0411 0.3994 0.3472 0.0115 0.1887 0.0120
251 0.1182 0.3188 0.4092 0.0399 0.0254 0.0885
252 0.0767 0.1526 0.3928 0.0532 0.0462 0.2786
253 0.0489 0.2881 0.3528 0.0205 0.0233 0.2664
254 0.0315 0.1901 0.1799 0.0524 0.0296 0.5166
255 0.0662 0.2766 0.3286 0.0553 0.0402 0.2330
256 0.1062 0.2510 0.3147 0.0340 0.0314 0.2629
257 0.0937 0.4648 0.3564 0.0104 0.0199 0.0547
258 0.0356 0.1160 0.2168 0.1610 0.0188 0.4517
259 0.0822 0.2233 0.4875 0.1055 0.0547 0.0468
260 0.0746 0.1735 0.1860 0.0872 0.0493 0.4292
261 0.1194 0.2568 0.1619 0.0509 0.0490 0.3621
262 0.0377 0.0955 0.1423 0.0646 0.0417 0.6182
263 0.0468 0.0945 0.0959 0.0475 0.0439 0.6714
264 0.0479 0.0487 0.0742 0.0681 0.0461 0.7148
265 0.0508 0.2441 0.1638 0.0536 0.0352 0.4524
266 0.1313 0.1881 0.2571 0.1621 0.0514 0.2098
267 0.1050 0.2330 0.4153 0.0477 0.0652 0.1338
268 0.0942 0.5815 0.1995 0.0143 0.0387 0.0717
269 0.1411 0.3281 0.3083 0.0414 0.0986 0.0823
270 0.0961 0.3459 0.3052 0.0329 0.0433 0.1766
271 0.0692 0.1837 0.2434 0.0616 0.0592 0.3828
272 0.0939 0.4343 0.1377 0.0259 0.2939 0.0143
273 0.1025 0.3689 0.1637 0.0161 0.3108 0.0380
274 0.1318 0.2725 0.1339 0.0238 0.0352 0.4028
275 0.0849 0.1812 0.1757 0.0536 0.0274 0.4773
276 0.0648 0.0965 0.1240 0.0757 0.0384 0.6006
277 0.1667 0.3728 0.1566 0.0184 0.2028 0.0826
278 0.1139 0.3120 0.2161 0.0324 0.0629 0.2627
279 0.2241 0.3186 0.2241 0.0369 0.1627 0.0336
280 0.0783 0.4797 0.2266 0.0735 0.0670 0.0747
281 0.1454 0.3655 0.0841 0.0400 0.3174 0.0475
282 0.1179 0.3083 0.3718 0.1650 0.0163 0.0205
283 0.1022 0.1608 0.1312 0.2822 0.2303 0.0931
284 0.0453 0.2588 0.1954 0.2629 0.1522 0.0853
285 0.1365 0.2981 0.2432 0.0379 0.0665 0.2180
286 0.1119 0.0628 0.1530 0.1128 0.0957 0.4639
287 0.0970 0.1650 0.1757 0.1216 0.1125 0.3281
288 0.0525 0.3882 0.1473 0.1670 0.2111 0.0339
289 0.0443 0.3516 0.3354 0.0772 0.1398 0.0518
290 0.0771 0.2935 0.1014 0.2358 0.2018 0.0902
291 0.1512 0.1598 0.1927 0.0515 0.4111 0.0338
292 0.1500 0.3655 0.2739 0.1023 0.0784 0.0298
293 0.1212 0.1709 0.1936 0.1250 0.1484 0.2410
294 0.1389 0.3059 0.3230 0.0312 0.0607 0.1400
295 0.0551 0.0696 0.1086 0.0712 0.0250 0.6704
296 0.1683 0.3794 0.2196 0.0385 0.0820 0.1121
297 0.1132 0.2532 0.2532 0.0620 0.0535 0.2651
298 0.0917 0.2399 0.3518 0.0232 0.0883 0.2052
299 0.0840 0.3826 0.3123 0.1475 0.0273 0.0464
300 0.0685 0.2412 0.2450 0.3508 0.0148 0.0795
301 0.0948 0.2478 0.3721 0.0817 0.0180 0.1857
302 0.0562 0.3992 0.3362 0.1423 0.0330 0.0333
303 0.0484 0.5161 0.3179 0.0602 0.0296 0.0278
304 0.0339 0.5972 0.1969 0.0264 0.0072 0.1385
305 0.0400 0.2113 0.2394 0.1282 0.0045 0.3767
306 0.0276 0.3757 0.5640 0.0107 0.0155 0.0064
307 0.0316 0.3220 0.6113 0.0100 0.0164 0.0085
308 0.0662 0.6533 0.2120 0.0338 0.0122 0.0225
309 0.0886 0.4128 0.3477 0.0301 0.0149 0.1060
310 0.1022 0.4041 0.4072 0.0102 0.0065 0.0697
311 0.0598 0.3997 0.3933 0.0222 0.1154 0.0096
312 0.0614 0.5225 0.2391 0.0137 0.1581 0.0052
313 0.1214 0.4653 0.3567 0.0138 0.0172 0.0255
314 0.1138 0.5518 0.2817 0.0109 0.0281 0.0138
315 0.0592 0.4016 0.3774 0.0773 0.0430 0.0414
316 0.0413 0.5034 0.3857 0.0260 0.0288 0.0148
317 0.0545 0.4529 0.4390 0.0100 0.0209 0.0227
318 0.2522 0.4092 0.2705 0.0059 0.0075 0.0549
319 0.1440 0.4614 0.3376 0.0116 0.0140 0.0312
320 0.1587 0.4775 0.2346 0.0171 0.0200 0.0919
321 0.1880 0.4802 0.2913 0.0066 0.0097 0.0243
322 0.1483 0.4976 0.2727 0.0085 0.0236 0.0493
323 0.2866 0.2778 0.3027 0.0416 0.0163 0.0748
324 0.0660 0.6934 0.1725 0.0109 0.0510 0.0064
325 0.0351 0.4548 0.4407 0.0440 0.0218 0.0036
326 0.1106 0.5112 0.3459 0.0107 0.0162 0.0052
327 0.2059 0.3728 0.3787 0.0065 0.0140 0.0220
328 0.3259 0.3208 0.3086 0.0093 0.0080 0.0276
329 0.2118 0.4661 0.2964 0.0028 0.0053 0.0177
330 0.2278 0.4460 0.3042 0.0026 0.0044 0.0151
331 0.0822 0.4729 0.3101 0.0365 0.0931 0.0054
332 0.0669 0.4067 0.4067 0.0329 0.0638 0.0231
333 0.0835 0.3799 0.4172 0.0245 0.0760 0.0188
334 0.1034 0.5503 0.2993 0.0205 0.0173 0.0092
335 0.0585 0.0226 0.0706 0.7588 0.0085 0.0812
336 0.0991 0.4011 0.2590 0.1672 0.0692 0.0043
337 0.0658 0.3394 0.5054 0.0154 0.0355 0.0384
338 0.1147 0.1221 0.4263 0.1749 0.0707 0.0914
339 0.0979 0.1470 0.3418 0.2073 0.0762 0.1298
340 0.0982 0.0880 0.4541 0.1807 0.1429 0.0361
341 0.1227 0.0496 0.4629 0.1456 0.1348 0.0843
342 0.0864 0.0584 0.3933 0.3582 0.0251 0.0787
343 0.1802 0.1278 0.2542 0.2463 0.0995 0.0920
344 0.0215 0.4397 0.2666 0.1279 0.0277 0.1165
345 0.1560 0.1107 0.1586 0.4177 0.0682 0.0889
346 0.1217 0.1357 0.4739 0.0905 0.1296 0.0484
347 0.1281 0.2266 0.4136 0.0759 0.0771 0.0789
348 0.0774 0.0603 0.2008 0.6284 0.0122 0.0210
349 0.1349 0.1963 0.3667 0.2025 0.0369 0.0627
350 0.0869 0.1265 0.2399 0.2554 0.0280 0.2634
351 0.1179 0.1057 0.3521 0.2419 0.0919 0.0905
352 0.1578 0.1415 0.3447 0.2026 0.0618 0.0914
353 0.1791 0.3142 0.4294 0.0270 0.0302 0.0199
354 0.1398 0.1333 0.2610 0.2913 0.0433 0.1312
355 0.0824 0.0641 0.3110 0.1515 0.0652 0.3259
356 0.1854 0.0593 0.1274 0.4961 0.0507 0.0810
357 0.1205 0.1925 0.4204 0.1365 0.0665 0.0635
358 0.1874 0.0913 0.2856 0.1760 0.1349 0.1248
359 0.1108 0.2852 0.3777 0.0240 0.1346 0.0677
360 0.0931 0.2097 0.4727 0.1442 0.0312 0.0490
361 0.0670 0.0556 0.4653 0.1686 0.0167 0.2268
362 0.3137 0.0722 0.1759 0.2480 0.0711 0.1190
363 0.1198 0.0890 0.2656 0.2871 0.0349 0.2036
364 0.0657 0.1758 0.4285 0.2441 0.0386 0.0473
365 0.0613 0.0516 0.1979 0.5635 0.0308 0.0949
366 0.0505 0.1373 0.6055 0.1156 0.0240 0.0669
367 0.1315 0.1315 0.2827 0.2308 0.1090 0.1143
368 0.0822 0.0737 0.2822 0.4653 0.0565 0.0400
369 0.0951 0.1473 0.4197 0.1221 0.1279 0.0880
370 0.0662 0.1514 0.4246 0.0883 0.1637 0.1057
371 0.1082 0.0926 0.1730 0.4700 0.1001 0.0562
372 0.1071 0.1176 0.2910 0.2866 0.1292 0.0686
373 0.1148 0.1241 0.3071 0.2932 0.0624 0.0982
374 0.0536 0.1614 0.6187 0.0831 0.0684 0.0147
375 0.0872 0.3909 0.4097 0.0381 0.0328 0.0412
376 0.1065 0.3384 0.3774 0.0126 0.0076 0.1573
377 0.0881 0.2632 0.5483 0.0117 0.0072 0.0815
378 0.1354 0.2231 0.2888 0.0206 0.0100 0.3220
379 0.0435 0.4131 0.3589 0.0478 0.0202 0.1165
380 0.0448 0.7231 0.1886 0.0088 0.0164 0.0184
381 0.0900 0.3792 0.3506 0.0403 0.0131 0.1270
382 0.1080 0.5073 0.3076 0.0228 0.0185 0.0359
383 0.1389 0.2290 0.3438 0.0136 0.0330 0.2418
384 0.2734 0.2395 0.4011 0.0115 0.0230 0.0514
385 0.0693 0.4246 0.4451 0.0106 0.0136 0.0368
386 0.1019 0.3999 0.4126 0.0172 0.0102 0.0581
387 0.0596 0.3123 0.5928 0.0090 0.0023 0.0241
388 0.0452 0.4746 0.4390 0.0043 0.0086 0.0283
389 0.0632 0.3904 0.4321 0.0054 0.0119 0.0972
390 0.0501 0.3044 0.6055 0.0063 0.0055 0.0279
391 0.0527 0.4375 0.4958 0.0029 0.0021 0.0088
392 0.1165 0.4644 0.3911 0.0053 0.0032 0.0195
393 0.0600 0.5264 0.3674 0.0113 0.0029 0.0323
394 0.1228 0.3311 0.4819 0.0213 0.0108 0.0320
395 0.0723 0.2444 0.5771 0.0107 0.0576 0.0378
396 0.0721 0.7637 0.1246 0.0323 0.0036 0.0037
397 0.1172 0.6851 0.1541 0.0199 0.0098 0.0139
398 0.1501 0.4553 0.3254 0.0305 0.0202 0.0186
399 0.1200 0.0438 0.0906 0.6387 0.0571 0.0497
400 0.0759 0.1581 0.2566 0.0551 0.4102 0.0443
401 0.0482 0.4067 0.3882 0.0497 0.0624 0.0446
402 0.1681 0.5137 0.2522 0.0260 0.0196 0.0204
403 0.3374 0.3071 0.2588 0.0339 0.0347 0.0281
404 0.0838 0.6387 0.2207 0.0272 0.0236 0.0059
405 0.1862 0.2262 0.1748 0.1875 0.0463 0.1790
406 0.1372 0.2998 0.2484 0.0074 0.2998 0.0076
407 0.1236 0.4116 0.2496 0.0037 0.2006 0.0108
408 0.0500 0.1527 0.0856 0.0117 0.6948 0.0051
409 0.0225 0.0318 0.2073 0.6089 0.0934 0.0360
410 0.0799 0.2241 0.2423 0.0268 0.3364 0.0905
411 0.0825 0.4287 0.1815 0.0244 0.2766 0.0064
412 0.1427 0.3240 0.3423 0.0529 0.0352 0.1028
413 0.1143 0.5327 0.2419 0.0507 0.0146 0.0458
414 0.0935 0.5381 0.2463 0.0485 0.0344 0.0390
415 0.1586 0.2344 0.2289 0.1512 0.1624 0.0646
416 0.1877 0.3145 0.1157 0.0090 0.3621 0.0110
417 0.0709 0.1755 0.1782 0.1868 0.2184 0.1700
418 0.1177 0.1753 0.1442 0.2396 0.0518 0.2715
419 0.0871 0.1993 0.4285 0.0151 0.2600 0.0100
420 0.1577 0.3391 0.3667 0.0466 0.0520 0.0381
421 0.0455 0.3284 0.4153 0.1758 0.0193 0.0159
422 0.0582 0.1395 0.7197 0.0670 0.0050 0.0105
423 0.0380 0.0398 0.2595 0.6528 0.0045 0.0053
424 0.0571 0.5010 0.2087 0.0511 0.1287 0.0536
425 0.0554 0.1119 0.3137 0.1578 0.0270 0.3340
426 0.0475 0.0446 0.1583 0.7095 0.0037 0.0364
427 0.1035 0.0746 0.6646 0.0872 0.0052 0.0648
428 0.0594 0.1492 0.5288 0.2040 0.0303 0.0283
429 0.0767 0.2593 0.6318 0.0094 0.0150 0.0078
430 0.0329 0.2111 0.6299 0.0643 0.0032 0.0586
431 0.1158 0.1794 0.6362 0.0483 0.0048 0.0154
432 0.0825 0.1947 0.4319 0.2139 0.0071 0.0699
433 0.0689 0.1553 0.5171 0.2123 0.0037 0.0428
434 0.0739 0.1092 0.4387 0.3208 0.0033 0.0540
435 0.0764 0.1404 0.6914 0.0599 0.0038 0.0283
436 0.0656 0.1345 0.6729 0.0984 0.0020 0.0267
437 0.0862 0.1274 0.2871 0.4380 0.0117 0.0495
438 0.3916 0.0153 0.1821 0.3623 0.0373 0.0113
439 0.1895 0.0543 0.3125 0.3433 0.0097 0.0909
440 0.1627 0.3237 0.4636 0.0138 0.0053 0.0311
441 0.0456 0.0995 0.8203 0.0222 0.0023 0.0103
442 0.0405 0.0756 0.7061 0.0956 0.0019 0.0804
443 0.0593 0.1161 0.7007 0.1108 0.0040 0.0092
444 0.0633 0.1060 0.0729 0.6392 0.0092 0.1094
445 0.0724 0.2627 0.2355 0.1395 0.0127 0.2773
446 0.0895 0.5317 0.2651 0.0332 0.0176 0.0630
447 0.0796 0.6309 0.2163 0.0160 0.0116 0.0457
448 0.0784 0.6367 0.1796 0.0592 0.0197 0.0265
449 0.1282 0.5786 0.1969 0.0370 0.0138 0.0453
450 0.1278 0.5728 0.1816 0.0268 0.0168 0.0740
451 0.1186 0.6987 0.1132 0.0091 0.0105 0.0502
452 0.1614 0.5332 0.1527 0.0249 0.0236 0.1042
453 0.0558 0.1858 0.0452 0.0105 0.7012 0.0017
454 0.0637 0.3965 0.4355 0.0121 0.0793 0.0129
455 0.0461 0.1884 0.6470 0.0058 0.0969 0.0157
456 0.0490 0.2712 0.5479 0.0104 0.1013 0.0203
457 0.0916 0.3147 0.3735 0.0945 0.0522 0.0735
458 0.0411 0.1346 0.5757 0.0398 0.0437 0.1649
459 0.0308 0.2260 0.6045 0.0075 0.0806 0.0504
460 0.0416 0.3003 0.5654 0.0057 0.0748 0.0122
461 0.0514 0.2959 0.5840 0.0117 0.0510 0.0061
462 0.0450 0.2510 0.4543 0.1595 0.0350 0.0551
463 0.1799 0.2346 0.3157 0.1074 0.0774 0.0850
464 0.0523 0.2361 0.5444 0.0401 0.0083 0.1187
465 0.0555 0.1697 0.6816 0.0120 0.0090 0.0718
466 0.0515 0.2676 0.5361 0.0325 0.0074 0.1048
467 0.0611 0.2305 0.4766 0.0332 0.0061 0.1925
468 0.0939 0.3772 0.4695 0.0094 0.0029 0.0472
469 0.0884 0.3694 0.4250 0.0117 0.0082 0.0971
470 0.1163 0.2312 0.5088 0.0095 0.0094 0.1247
471 0.0382 0.4961 0.3923 0.0080 0.0023 0.0630
472 0.0399 0.5298 0.3162 0.0135 0.0043 0.0964
473 0.0453 0.6826 0.2002 0.0051 0.0282 0.0388
474 0.0955 0.1434 0.4929 0.0926 0.0053 0.1703
475 0.0620 0.0547 0.1006 0.6167 0.0307 0.1354
476 0.0566 0.0905 0.1915 0.3750 0.0118 0.2744
477 0.0339 0.2484 0.3728 0.0459 0.0387 0.2603
478 0.0310 0.0417 0.4556 0.2896 0.0144 0.1676
479 0.0649 0.2162 0.5269 0.1375 0.0183 0.0361
480 0.2700 0.4814 0.1337 0.0294 0.0622 0.0231
481 0.0392 0.1154 0.4353 0.3235 0.0108 0.0757
482 0.0337 0.3538 0.1281 0.4199 0.0145 0.0502
483 0.0708 0.2866 0.2590 0.0188 0.0269 0.3379
484 0.0609 0.4131 0.3730 0.0158 0.0478 0.0894
485 0.1014 0.3352 0.4802 0.0164 0.0204 0.0461
486 0.1061 0.3506 0.4792 0.0141 0.0158 0.0342
487 0.0632 0.7344 0.1050 0.0124 0.0346 0.0504
488 0.0606 0.7500 0.1398 0.0063 0.0356 0.0076
489 0.0740 0.6860 0.1735 0.0077 0.0155 0.0432
490 0.1749 0.4536 0.2976 0.0046 0.0467 0.0226
491 0.0417 0.6997 0.2069 0.0080 0.0325 0.0111
492 0.1392 0.5811 0.1786 0.0141 0.0745 0.0125
493 0.0547 0.3147 0.2451 0.3247 0.0130 0.0475
494 0.0377 0.5044 0.3206 0.0762 0.0115 0.0496
495 0.0286 0.0210 0.0646 0.8115 0.0234 0.0511
496 0.0728 0.2925 0.4675 0.0706 0.0030 0.0935
497 0.2214 0.5312 0.1646 0.0195 0.0506 0.0129
498 0.0273 0.0163 0.0577 0.7725 0.0058 0.1204
499 0.0560 0.5068 0.2888 0.0665 0.0337 0.0479
500 0.0496 0.5166 0.1992 0.0185 0.0200 0.1960
501 0.1144 0.5288 0.1842 0.0139 0.1469 0.0118
502 0.1357 0.6479 0.1256 0.0119 0.0688 0.0101
503 0.0546 0.3044 0.3789 0.0505 0.1876 0.0238
504 0.0938 0.1071 0.2017 0.0247 0.5654 0.0071
505 0.0453 0.0543 0.0471 0.0091 0.8359 0.0084
506 0.0901 0.1113 0.0807 0.0110 0.6924 0.0145
507 0.1188 0.2363 0.1411 0.0157 0.4629 0.0251
508 0.0915 0.1819 0.1709 0.0337 0.4434 0.0789
509 0.1089 0.2286 0.1956 0.0468 0.3831 0.0370
510 0.1222 0.2412 0.2527 0.0577 0.2776 0.0486
511 0.0825 0.2834 0.2173 0.0336 0.2747 0.1084
512 0.1014 0.4441 0.2002 0.0526 0.1465 0.0551
513 0.0345 0.2778 0.1511 0.4304 0.0265 0.0796
514 0.0510 0.2844 0.0983 0.5400 0.0130 0.0132
515 0.2068 0.0962 0.3203 0.2534 0.0144 0.1089
516 0.1136 0.1553 0.1349 0.1288 0.0181 0.4492
517 0.1136 0.1553 0.1349 0.1288 0.0181 0.4492
518 0.4424 0.3611 0.1392 0.0215 0.0333 0.0027
519 0.5547 0.2876 0.1127 0.0134 0.0306 0.0013
520 0.5605 0.2820 0.1121 0.0133 0.0309 0.0012
521 0.5605 0.2820 0.1121 0.0133 0.0309 0.0012
522 0.3708 0.4136 0.1429 0.0295 0.0345 0.0087
