time exciting_prob fearful_prob tense_prob sad_prob relaxing_prob neutral_prob
0 0.1105 0.1252 0.0931 0.2490 0.0302 0.3918
1 0.0964 0.2725 0.1759 0.2260 0.1328 0.0964
2 0.1191 0.3528 0.1382 0.1371 0.1948 0.0580
3 0.1192 0.2949 0.1554 0.1592 0.1996 0.0717
4 0.0933 0.6733 0.1813 0.0411 0.0028 0.0083
5 0.1133 0.6226 0.1099 0.0284 0.0817 0.0444
6 0.0906 0.7124 0.0695 0.0174 0.0689 0.0414
7 0.0732 0.7803 0.0693 0.0088 0.0407 0.0276
8 0.0568 0.5518 0.0464 0.0619 0.1250 0.1581
9 0.0559 0.6060 0.0361 0.0649 0.1231 0.1139
10 0.0912 0.2461 0.1692 0.1381 0.2277 0.1277
11 0.0392 0.2922 0.2423 0.1565 0.2009 0.0689
12 0.0569 0.2002 0.0514 0.0032 0.6875 0.0006
13 0.0629 0.1095 0.0674 0.0108 0.7485 0.0010
14 0.0692 0.4170 0.0771 0.2302 0.0670 0.1396
15 0.0847 0.7095 0.0945 0.0151 0.0703 0.0258
16 0.0156 0.2452 0.0490 0.5029 0.1633 0.0237
17 0.0213 0.4248 0.0646 0.2458 0.2239 0.0196
18 0.0250 0.4836 0.0645 0.2017 0.2113 0.0138
19 0.0373 0.5737 0.2886 0.0639 0.0136 0.0229
20 0.0391 0.4109 0.3103 0.1293 0.0186 0.0917
21 0.0432 0.4131 0.2839 0.0974 0.0316 0.1310
22 0.0233 0.5923 0.2394 0.0853 0.0273 0.0324
23 0.0398 0.7998 0.0289 0.0197 0.0622 0.0496
24 0.0112 0.2496 0.0761 0.5283 0.0129 0.1216
25 0.0141 0.7061 0.1871 0.0647 0.0088 0.0190
26 0.0247 0.5156 0.3713 0.0345 0.0298 0.0239
27 0.0349 0.3630 0.1032 0.2325 0.0188 0.2476
28 0.0373 0.3169 0.1819 0.1863 0.0290 0.2487
29 0.0362 0.2651 0.6162 0.0526 0.0267 0.0033
30 0.0547 0.2358 0.3101 0.2822 0.0945 0.0228
31 0.0738 0.4214 0.1855 0.2874 0.0098 0.0220
32 0.0269 0.4050 0.1116 0.4519 0.0018 0.0028
33 0.0271 0.6572 0.0487 0.0552 0.1294 0.0823
34 0.0456 0.6348 0.0563 0.0412 0.1416 0.0807
35 0.0401 0.7397 0.0523 0.0280 0.0843 0.0557
36 0.1021 0.3047 0.1353 0.2373 0.1184 0.1021
37 0.1101 0.3418 0.1392 0.2041 0.1318 0.0728
38 0.0257 0.3962 0.1436 0.4026 0.0018 0.0301
39 0.0099 0.8271 0.1268 0.0311 0.0012 0.0037
40 0.0152 0.7871 0.1368 0.0553 0.0013 0.0042
41 0.0787 0.5054 0.1995 0.0781 0.0545 0.0838
42 0.0532 0.3555 0.2106 0.1277 0.0554 0.1978
43 0.0810 0.4517 0.2236 0.2101 0.0078 0.0259
44 0.0893 0.4397 0.2795 0.1580 0.0069 0.0268
45 0.0666 0.6567 0.1897 0.0731 0.0037 0.0099
46 0.0318 0.2788 0.2878 0.1731 0.0180 0.2104
47 0.0449 0.2859 0.2445 0.1591 0.0136 0.2522
48 0.0474 0.1483 0.1681 0.1592 0.0513 0.4258
49 0.0647 0.4387 0.4319 0.0566 0.0039 0.0042
50 0.0346 0.3640 0.5723 0.0246 0.0015 0.0028
51 0.0626 0.2917 0.3521 0.2656 0.0109 0.0170
52 0.0508 0.2520 0.1317 0.1093 0.0341 0.4221
53 0.0837 0.3337 0.1190 0.1602 0.0244 0.2788
54 0.0782 0.3398 0.5264 0.0432 0.0081 0.0041
55 0.0047 0.4709 0.0283 0.4934 0.0010 0.0018
56 0.0249 0.4353 0.1902 0.3040 0.0116 0.0341
57 0.1648 0.5664 0.1187 0.1225 0.0113 0.0164
58 0.1793 0.3052 0.3198 0.0601 0.0736 0.0620
59 0.2374 0.2932 0.1385 0.0582 0.0696 0.2031
60 0.0806 0.6187 0.1565 0.1172 0.0227 0.0043
61 0.0719 0.6719 0.1633 0.0312 0.0592 0.0025
62 0.1100 0.4351 0.2257 0.0094 0.2188 0.0011
63 0.0269 0.1925 0.1476 0.4993 0.0822 0.0518
64 0.0665 0.4170 0.3511 0.0692 0.0406 0.0556
65 0.0406 0.2031 0.0901 0.5352 0.0436 0.0873
66 0.1382 0.1426 0.2278 0.3699 0.0442 0.0775
67 0.1871 0.2898 0.1704 0.0549 0.2854 0.0123
68 0.2172 0.3313 0.4058 0.0166 0.0266 0.0026
69 0.0563 0.3293 0.3506 0.1682 0.0690 0.0268
70 0.0417 0.4490 0.1296 0.1434 0.2257 0.0106
71 0.1335 0.5894 0.2202 0.0120 0.0417 0.0031
72 0.0649 0.7378 0.1646 0.0230 0.0097 0.0002
73 0.2534 0.3254 0.2477 0.1169 0.0451 0.0113
74 0.0764 0.4468 0.2751 0.0264 0.1669 0.0084
75 0.0384 0.4680 0.3423 0.0614 0.0285 0.0614
76 0.0219 0.4033 0.5601 0.0103 0.0008 0.0037
77 0.0341 0.1143 0.6377 0.1538 0.0120 0.0484
78 0.0499 0.2455 0.6465 0.0280 0.0225 0.0075
79 0.0491 0.0651 0.0809 0.7559 0.0130 0.0359
80 0.0700 0.3845 0.4939 0.0331 0.0116 0.0069
81 0.1161 0.4082 0.1624 0.0519 0.2308 0.0305
82 0.0548 0.5205 0.2401 0.1082 0.0300 0.0465
83 0.0801 0.4431 0.2905 0.0859 0.0195 0.0807
84 0.0434 0.7939 0.1256 0.0187 0.0092 0.0090
85 0.0333 0.5049 0.1208 0.0948 0.1665 0.0798
86 0.0242 0.5469 0.1904 0.0794 0.0453 0.1138
87 0.0536 0.5630 0.2007 0.0330 0.0927 0.0571
88 0.2947 0.2559 0.1218 0.3135 0.0081 0.0060
89 0.0433 0.4922 0.4553 0.0031 0.0045 0.0016
90 0.0533 0.1967 0.7080 0.0186 0.0084 0.0148
91 0.0925 0.0709 0.0985 0.5327 0.1676 0.0380
92 0.1575 0.2742 0.0904 0.3806 0.0919 0.0055
93 0.0163 0.4836 0.3826 0.0828 0.0064 0.0284
94 0.0266 0.4136 0.3765 0.1752 0.0031 0.0050
95 0.0345 0.3711 0.5317 0.0587 0.0020 0.0019
96 0.3701 0.2159 0.0463 0.1951 0.1508 0.0217
97 0.1794 0.6411 0.0815 0.0348 0.0526 0.0107
98 0.0044 0.1621 0.0790 0.7495 0.0019 0.0028
99 0.0248 0.3071 0.3945 0.2546 0.0115 0.0072
100 0.0129 0.2306 0.2695 0.2200 0.1768 0.0903
101 0.0399 0.2260 0.3418 0.2123 0.0684 0.1118
102 0.0521 0.3699 0.1642 0.1996 0.1329 0.0813
103 0.1532 0.4363 0.0718 0.0595 0.2246 0.0546
104 0.0075 0.2593 0.0345 0.6836 0.0075 0.0077
105 0.0117 0.2239 0.0519 0.6899 0.0162 0.0065
106 0.0279 0.2212 0.2178 0.5142 0.0072 0.0118
107 0.0286 0.1838 0.1151 0.6519 0.0060 0.0149
108 0.0701 0.4753 0.2544 0.0634 0.1138 0.0229
109 0.0583 0.2019 0.5156 0.0954 0.1016 0.0271
110 0.0078 0.1181 0.0190 0.8462 0.0054 0.0037
111 0.0063 0.2300 0.1193 0.6348 0.0010 0.0086
112 0.0042 0.3535 0.0551 0.5830 0.0006 0.0038
113 0.0965 0.3291 0.1707 0.1426 0.0521 0.2091
114 0.0508 0.5137 0.1542 0.1077 0.0618 0.1119
115 0.1052 0.4292 0.1268 0.1249 0.0497 0.1642
116 0.0520 0.3235 0.1359 0.0912 0.0584 0.3389
117 0.0670 0.3887 0.1879 0.1396 0.0670 0.1498
118 0.0724 0.3484 0.1096 0.2303 0.0821 0.1571
119 0.1135 0.4219 0.1327 0.0484 0.0964 0.1871
120 0.0331 0.3640 0.3262 0.2208 0.0347 0.0212
121 0.0013 0.0510 0.0123 0.9321 0.0001 0.0029
122 0.0038 0.4714 0.0669 0.4570 0.0004 0.0004
123 0.0963 0.1785 0.0963 0.2238 0.1065 0.2988
124 0.0147 0.2113 0.0243 0.7261 0.0056 0.0179
125 0.0286 0.4275 0.1838 0.3381 0.0158 0.0060
126 0.0998 0.5273 0.1836 0.1262 0.0573 0.0059
127 0.0784 0.4917 0.1453 0.0502 0.2002 0.0342
128 0.0466 0.7065 0.1010 0.0299 0.1067 0.0092
129 0.0404 0.5757 0.1990 0.1549 0.0234 0.0066
130 0.0047 0.1643 0.0067 0.8218 0.0014 0.0011
131 0.0043 0.3503 0.0086 0.6343 0.0010 0.0015
132 0.0053 0.1497 0.0175 0.8218 0.0040 0.0019
133 0.0554 0.5132 0.0366 0.0613 0.1666 0.1666
134 0.1807 0.2649 0.1301 0.1185 0.0406 0.2649
135 0.0134 0.4546 0.1571 0.3027 0.0031 0.0692
136 0.0562 0.5244 0.1479 0.1991 0.0124 0.0598
137 0.0285 0.8457 0.0264 0.0414 0.0336 0.0246
138 0.0454 0.3865 0.2168 0.1812 0.0024 0.1676
139 0.0867 0.5312 0.2322 0.0373 0.0875 0.0249
140 0.1360 0.4639 0.3237 0.0270 0.0428 0.0067
141 0.0292 0.1917 0.3638 0.1425 0.2172 0.0558
142 0.0317 0.2415 0.3740 0.1465 0.1713 0.0351
143 0.1678 0.1470 0.5127 0.1218 0.0392 0.0113
144 0.0108 0.2566 0.0629 0.6450 0.0013 0.0233
145 0.0080 0.5664 0.2939 0.1206 0.0056 0.0055
146 0.1624 0.2118 0.2168 0.0749 0.0515 0.2827
147 0.1389 0.1929 0.2827 0.3010 0.0167 0.0677
148 0.1277 0.4153 0.3259 0.0584 0.0220 0.0508
149 0.0671 0.0731 0.3625 0.4729 0.0035 0.0211
150 0.0734 0.2859 0.2406 0.2686 0.0872 0.0445
151 0.1925 0.6411 0.1115 0.0182 0.0312 0.0053
152 0.0315 0.3638 0.5811 0.0137 0.0020 0.0080
153 0.0235 0.7241 0.2316 0.0046 0.0108 0.0053
154 0.0127 0.3020 0.3315 0.2279 0.0525 0.0734
155 0.0628 0.3240 0.1415 0.1350 0.3240 0.0129
156 0.0729 0.5430 0.1906 0.1270 0.0471 0.0196
157 0.1200 0.2140 0.2769 0.3088 0.0520 0.0283
158 0.1525 0.2271 0.3923 0.1410 0.0715 0.0156
159 0.0101 0.4143 0.3599 0.1868 0.0038 0.0251
160 0.0583 0.0709 0.1273 0.6772 0.0440 0.0221
161 0.0909 0.2323 0.2148 0.4109 0.0420 0.0091
162 0.2002 0.2286 0.2340 0.2891 0.0433 0.0049
163 0.1736 0.2607 0.1736 0.1532 0.0555 0.1833
164 0.0204 0.3337 0.0562 0.5679 0.0106 0.0112
165 0.0170 0.1995 0.0188 0.7412 0.0149 0.0088
166 0.0201 0.2079 0.0521 0.2585 0.0908 0.3706
167 0.0186 0.4517 0.1444 0.3687 0.0045 0.0120
168 0.0199 0.6646 0.1068 0.1965 0.0064 0.0056
169 0.0159 0.6660 0.1353 0.1122 0.0321 0.0385
170 0.0128 0.9253 0.0113 0.0273 0.0139 0.0095
171 0.0331 0.7651 0.0187 0.0270 0.1069 0.0489
172 0.0674 0.0997 0.3943 0.3071 0.0072 0.1241
173 0.1144 0.2257 0.0863 0.2681 0.0417 0.2639
174 0.0166 0.4475 0.2322 0.1699 0.0085 0.1252
175 0.1273 0.0961 0.3103 0.3201 0.0149 0.1313
176 0.1511 0.2472 0.4138 0.1659 0.0087 0.0133
177 0.0256 0.5107 0.2267 0.1558 0.0052 0.0759
178 0.0589 0.0386 0.1135 0.4705 0.0242 0.2944
179 0.1578 0.2603 0.1085 0.2225 0.0318 0.2191
180 0.1265 0.3833 0.2362 0.1729 0.0531 0.0280
181 0.0082 0.3418 0.0381 0.5376 0.0031 0.0711
182 0.0040 0.4685 0.2932 0.1384 0.0022 0.0937
183 0.1222 0.3853 0.1533 0.1013 0.0183 0.2196
184 0.1508 0.3560 0.0674 0.0723 0.2142 0.1394
185 0.0392 0.4592 0.2742 0.1170 0.0184 0.0919
186 0.0118 0.5386 0.2708 0.1240 0.0013 0.0537
187 0.0920 0.4976 0.0806 0.0800 0.1382 0.1119
188 0.0497 0.1428 0.1805 0.4006 0.1497 0.0765
189 0.1066 0.3552 0.1718 0.1843 0.0811 0.1010
190 0.0055 0.5698 0.1418 0.2163 0.0007 0.0655
191 0.1892 0.2078 0.0839 0.3589 0.0735 0.0866
192 0.0399 0.5171 0.2190 0.1787 0.0095 0.0357
193 0.0224 0.1581 0.0460 0.1250 0.6353 0.0134
194 0.0261 0.2152 0.0380 0.2291 0.4849 0.0067
195 0.0059 0.0358 0.0275 0.8408 0.0746 0.0156
196 0.1013 0.4363 0.3345 0.1103 0.0152 0.0025
197 0.1068 0.4822 0.1918 0.1517 0.0589 0.0088
198 0.0177 0.2830 0.0738 0.4451 0.1467 0.0338
199 0.0111 0.2068 0.0401 0.5449 0.1688 0.0282
200 0.1608 0.3887 0.1595 0.0983 0.1054 0.0874
201 0.0934 0.4673 0.2173 0.0972 0.0763 0.0485
202 0.0354 0.3152 0.5444 0.1007 0.0019 0.0023
203 0.0923 0.2063 0.3147 0.3147 0.0062 0.0660
204 0.2401 0.0948 0.1562 0.2808 0.1826 0.0455
205 0.0053 0.5625 0.0583 0.3687 0.0007 0.0046
206 0.0283 0.6099 0.2463 0.0585 0.0432 0.0141
207 0.0553 0.6484 0.1917 0.0598 0.0092 0.0357
208 0.0124 0.3989 0.2537 0.2273 0.0612 0.0465
209 0.0190 0.0908 0.0158 0.8618 0.0064 0.0061
210 0.0614 0.5781 0.1166 0.1406 0.0701 0.0329
211 0.0411 0.3904 0.2856 0.2025 0.0528 0.0274
212 0.2114 0.0708 0.0660 0.3406 0.1851 0.1262
213 0.0812 0.5381 0.1802 0.1591 0.0285 0.0132
214 0.0439 0.5142 0.3372 0.0670 0.0226 0.0151
215 0.0802 0.2671 0.3125 0.1780 0.1547 0.0075
216 0.1705 0.1993 0.2156 0.3904 0.0159 0.0084
217 0.1829 0.2900 0.2947 0.1801 0.0280 0.0244
218 0.0581 0.5474 0.1405 0.2246 0.0246 0.0048
219 0.0267 0.1006 0.0760 0.5356 0.2340 0.0271
220 0.0385 0.1825 0.1107 0.6172 0.0332 0.0177
221 0.0190 0.2327 0.4214 0.2942 0.0124 0.0203
222 0.2474 0.3279 0.0286 0.2324 0.1151 0.0487
223 0.0609 0.3506 0.5518 0.0264 0.0089 0.0014
224 0.1947 0.1257 0.0346 0.4895 0.0717 0.0837
225 0.1812 0.6626 0.0338 0.0579 0.0536 0.0109
226 0.0729 0.2861 0.1405 0.2144 0.0021 0.2839
227 0.0782 0.5024 0.1709 0.1736 0.0319 0.0429
228 0.1163 0.5547 0.1718 0.0964 0.0466 0.0144
229 0.0751 0.7070 0.1788 0.0183 0.0120 0.0086
230 0.1464 0.4875 0.1396 0.0847 0.0815 0.0601
231 0.0386 0.0926 0.1730 0.6841 0.0036 0.0083
232 0.0749 0.1187 0.2695 0.5278 0.0038 0.0051
233 0.1022 0.2130 0.2452 0.4270 0.0058 0.0066
234 0.0688 0.1170 0.2896 0.5161 0.0033 0.0049
235 0.0718 0.1544 0.0707 0.6704 0.0252 0.0073
236 0.1281 0.3762 0.1605 0.2908 0.0302 0.0144
237 0.2095 0.4436 0.0413 0.0867 0.1644 0.0547
238 0.2267 0.2693 0.0975 0.3196 0.0629 0.0241
