time exciting_prob fearful_prob tense_prob sad_prob relaxing_prob neutral_prob
0 0.1136 0.1553 0.1349 0.1288 0.0181 0.4492
1 0.0709 0.2327 0.1478 0.3865 0.1274 0.0346
2 0.0590 0.1372 0.1060 0.3909 0.2059 0.1011
3 0.0980 0.0965 0.3315 0.3816 0.0328 0.0594
4 0.0463 0.1035 0.0219 0.6963 0.1259 0.0060
5 0.0094 0.2871 0.2534 0.3865 0.0133 0.0503
6 0.0317 0.3518 0.1884 0.3154 0.0651 0.0476
7 0.0077 0.0979 0.3162 0.5293 0.0070 0.0421
8 0.0127 0.1282 0.6118 0.1243 0.0170 0.1063
9 0.0179 0.0161 0.1125 0.0876 0.0083 0.7573
10 0.0460 0.0712 0.2109 0.0453 0.0165 0.6104
11 0.0262 0.0217 0.0833 0.0723 0.0065 0.7900
12 0.0476 0.1031 0.5322 0.0961 0.0079 0.2133
13 0.0555 0.0381 0.0807 0.6060 0.0068 0.2128
14 0.1036 0.1520 0.1495 0.2544 0.0238 0.3167
15 0.0357 0.1345 0.0992 0.4517 0.0132 0.2656
16 0.1515 0.2007 0.1401 0.2598 0.0223 0.2256
17 0.0305 0.1074 0.1975 0.2698 0.0142 0.3806
18 0.0469 0.2700 0.1785 0.1445 0.0588 0.3013
19 0.0122 0.4539 0.0644 0.4609 0.0052 0.0033
20 0.0065 0.1381 0.0979 0.7349 0.0048 0.0178
21 0.1149 0.4404 0.2097 0.1522 0.0719 0.0107
22 0.0889 0.5405 0.1688 0.1016 0.0883 0.0118
23 0.0924 0.4548 0.1511 0.0630 0.0288 0.2098
24 0.0221 0.3328 0.2217 0.3489 0.0110 0.0635
25 0.0286 0.3774 0.3489 0.1727 0.0626 0.0097
26 0.0304 0.3242 0.0311 0.5967 0.0113 0.0064
27 0.0490 0.6021 0.0645 0.2321 0.0498 0.0027
28 0.0906 0.2500 0.1516 0.0728 0.0095 0.4253
29 0.0541 0.3210 0.2925 0.0500 0.0264 0.2561
30 0.0786 0.5850 0.1870 0.0465 0.0146 0.0883
31 0.1140 0.4800 0.2164 0.0436 0.1396 0.0062
32 0.1332 0.5435 0.1937 0.0198 0.0974 0.0128
33 0.0588 0.4277 0.4697 0.0356 0.0058 0.0024
34 0.0649 0.6558 0.2450 0.0264 0.0072 0.0008
35 0.0212 0.4968 0.0462 0.2347 0.1946 0.0064
36 0.1536 0.3772 0.2717 0.0447 0.0273 0.1254
37 0.2000 0.3677 0.2112 0.0518 0.0297 0.1396
38 0.1418 0.4333 0.2607 0.0252 0.0212 0.1176
39 0.0304 0.1149 0.1079 0.1131 0.0223 0.6113
40 0.0374 0.3057 0.5986 0.0523 0.0055 0.0004
41 0.0627 0.3638 0.3113 0.0536 0.1172 0.0913
42 0.0273 0.5986 0.3411 0.0267 0.0027 0.0037
43 0.0315 0.2598 0.2559 0.2153 0.0444 0.1931
44 0.2659 0.2537 0.1870 0.1065 0.0195 0.1676
45 0.1177 0.2825 0.1881 0.2435 0.1089 0.0592
46 0.1642 0.4065 0.1543 0.0415 0.0107 0.2228
47 0.0844 0.4458 0.2073 0.0647 0.0177 0.1801
48 0.1038 0.2651 0.1725 0.2357 0.0116 0.2113
49 0.1449 0.2644 0.1578 0.2209 0.0184 0.1935
50 0.0371 0.1871 0.3899 0.2898 0.0349 0.0612
51 0.0449 0.1542 0.2445 0.1220 0.0054 0.4292
52 0.0434 0.3955 0.4082 0.1032 0.0141 0.0357
53 0.0134 0.2893 0.3489 0.3032 0.0298 0.0156
54 0.0250 0.3350 0.0834 0.5107 0.0314 0.0147
55 0.0038 0.3721 0.0941 0.5166 0.0021 0.0115
56 0.0421 0.1259 0.7710 0.0463 0.0080 0.0067
57 0.0296 0.8140 0.0844 0.0070 0.0637 0.0014
58 0.0423 0.2529 0.5068 0.1418 0.0163 0.0400
59 0.0482 0.2842 0.3945 0.1697 0.0542 0.0490
60 0.1332 0.4614 0.2112 0.1261 0.0654 0.0027
61 0.1278 0.2644 0.1578 0.2107 0.0318 0.2075
62 0.0249 0.0792 0.2257 0.6333 0.0059 0.0310
63 0.0375 0.1709 0.1656 0.4719 0.0076 0.1462
64 0.0233 0.7236 0.1436 0.0906 0.0124 0.0068
65 0.1176 0.2230 0.0624 0.5610 0.0297 0.0064
66 0.0991 0.5068 0.2529 0.1140 0.0089 0.0180
67 0.0211 0.5942 0.1378 0.2021 0.0150 0.0296
68 0.0276 0.7466 0.0594 0.1382 0.0113 0.0169
69 0.0080 0.0163 0.0706 0.7246 0.0027 0.1776
70 0.0776 0.0839 0.0959 0.1484 0.0509 0.5430
71 0.0642 0.2008 0.0673 0.4741 0.0049 0.1886
72 0.1112 0.2467 0.2544 0.3022 0.0190 0.0664
73 0.0818 0.2812 0.1932 0.0632 0.3667 0.0138
74 0.1785 0.1885 0.3689 0.0469 0.2152 0.0020
75 0.0441 0.0232 0.0739 0.4741 0.0155 0.3691
76 0.0196 0.0831 0.0381 0.6436 0.0341 0.1815
77 0.0662 0.3870 0.4248 0.0704 0.0139 0.0377
78 0.1545 0.2080 0.4072 0.1096 0.0416 0.0790
79 0.0794 0.5645 0.1655 0.0740 0.0231 0.0936
80 0.0470 0.7241 0.1299 0.0328 0.0349 0.0311
81 0.1332 0.5479 0.0887 0.0273 0.1342 0.0691
82 0.0817 0.4148 0.2637 0.1898 0.0249 0.0253
83 0.0539 0.2512 0.3433 0.3276 0.0101 0.0141
84 0.0725 0.2959 0.4175 0.0895 0.0875 0.0370
85 0.0946 0.2959 0.3569 0.2166 0.0101 0.0257
86 0.1211 0.2244 0.1694 0.1003 0.3757 0.0089
87 0.0539 0.2551 0.6318 0.0203 0.0271 0.0117
88 0.0288 0.1761 0.2949 0.2059 0.0036 0.2905
89 0.0985 0.4053 0.2700 0.0732 0.1490 0.0040
90 0.0412 0.3879 0.4980 0.0393 0.0027 0.0306
91 0.0440 0.2004 0.2307 0.1216 0.3987 0.0045
92 0.0815 0.1780 0.5073 0.1168 0.0510 0.0655
93 0.0190 0.3374 0.6108 0.0295 0.0019 0.0014
94 0.0441 0.4150 0.2898 0.1368 0.1100 0.0044
95 0.0496 0.0898 0.0934 0.5127 0.0045 0.2499
96 0.0780 0.2239 0.2659 0.1758 0.0125 0.2440
97 0.0206 0.2004 0.1854 0.0630 0.0420 0.4885
98 0.0536 0.1479 0.6426 0.1256 0.0182 0.0118
99 0.0637 0.0971 0.1492 0.2479 0.0137 0.4285
100 0.0228 0.0725 0.2002 0.2693 0.0046 0.4304
101 0.1165 0.2566 0.1556 0.1892 0.0237 0.2585
102 0.0865 0.1416 0.1111 0.1708 0.0108 0.4790
103 0.0909 0.1740 0.4238 0.1941 0.0049 0.1123
104 0.0176 0.5386 0.4260 0.0107 0.0045 0.0025
105 0.0215 0.1412 0.2402 0.5854 0.0077 0.0038
106 0.1077 0.7246 0.0685 0.0384 0.0029 0.0577
107 0.0339 0.3428 0.5566 0.0464 0.0087 0.0118
108 0.0549 0.0477 0.2832 0.5049 0.0774 0.0320
109 0.0278 0.1622 0.5156 0.2150 0.0157 0.0635
110 0.0299 0.1251 0.7661 0.0497 0.0041 0.0250
111 0.0052 0.0175 0.1232 0.7666 0.0004 0.0873
112 0.0056 0.4338 0.5151 0.0379 0.0008 0.0067
113 0.0334 0.1644 0.3538 0.3765 0.0160 0.0560
114 0.0107 0.0638 0.3730 0.2952 0.0011 0.2563
115 0.0295 0.5190 0.2268 0.1431 0.0019 0.0796
116 0.0234 0.6519 0.2983 0.0194 0.0024 0.0045
117 0.1802 0.1888 0.1747 0.2834 0.1085 0.0643
118 0.0661 0.0969 0.2236 0.5708 0.0110 0.0315
119 0.0224 0.1554 0.6196 0.1210 0.0028 0.0787
120 0.0861 0.3030 0.2695 0.2200 0.0056 0.1159
121 0.0471 0.4717 0.2563 0.1936 0.0233 0.0079
122 0.0381 0.0623 0.4753 0.3020 0.0030 0.1192
123 0.0068 0.3342 0.0958 0.5596 0.0013 0.0022
124 0.0044 0.3564 0.1395 0.4949 0.0009 0.0038
125 0.0394 0.1177 0.4729 0.2532 0.0370 0.0797
126 0.0213 0.0682 0.2698 0.5669 0.0709 0.0031
127 0.0176 0.1998 0.2318 0.5103 0.0207 0.0199
128 0.0115 0.1593 0.1231 0.7026 0.0027 0.0005
129 0.0436 0.1224 0.3174 0.4766 0.0131 0.0269
130 0.1388 0.3276 0.4478 0.0289 0.0046 0.0522
131 0.0344 0.2010 0.6489 0.0187 0.0092 0.0878
132 0.1387 0.2891 0.4241 0.0417 0.0149 0.0917
133 0.0327 0.2118 0.6226 0.0583 0.0091 0.0656
134 0.0580 0.2405 0.5952 0.0308 0.0196 0.0558
135 0.0653 0.2108 0.5771 0.0412 0.0279 0.0775
136 0.0300 0.1586 0.5938 0.0661 0.0192 0.1324
137 0.0468 0.3740 0.4106 0.0687 0.0137 0.0861
138 0.0109 0.2396 0.3125 0.4075 0.0110 0.0185
139 0.0069 0.4133 0.4006 0.1644 0.0123 0.0024
140 0.0339 0.0930 0.3564 0.2908 0.0097 0.2162
141 0.0909 0.3652 0.1418 0.1006 0.0147 0.2866
142 0.1494 0.3784 0.1238 0.1505 0.0700 0.1278
143 0.1771 0.3521 0.1207 0.1049 0.0298 0.2152
144 0.1340 0.3091 0.2465 0.1239 0.0146 0.1720
145 0.2725 0.2172 0.2104 0.0699 0.0194 0.2104
146 0.1130 0.1670 0.3323 0.0501 0.0644 0.2732
147 0.0268 0.2106 0.2500 0.1705 0.0210 0.3210
148 0.0656 0.1713 0.5278 0.1454 0.0531 0.0370
149 0.0328 0.0891 0.1316 0.6479 0.0175 0.0811
150 0.1086 0.3293 0.1221 0.2228 0.1036 0.1138
151 0.0170 0.2444 0.2123 0.3669 0.0244 0.1350
152 0.0374 0.2827 0.0848 0.1586 0.3628 0.0737
153 0.0374 0.7524 0.0751 0.0571 0.0627 0.0154
154 0.0221 0.5317 0.1000 0.2532 0.0045 0.0882
155 0.0431 0.6582 0.1703 0.0970 0.0025 0.0289
156 0.0889 0.4622 0.0815 0.1355 0.0049 0.2271
157 0.0709 0.1824 0.1421 0.2676 0.0293 0.3079
158 0.0036 0.2490 0.1487 0.5703 0.0020 0.0265
159 0.1137 0.1111 0.0648 0.3042 0.0155 0.3906
160 0.0161 0.5811 0.2460 0.1469 0.0048 0.0051
161 0.0368 0.6733 0.1348 0.0963 0.0042 0.0544
162 0.1650 0.1306 0.1368 0.2966 0.0112 0.2598
163 0.0218 0.1797 0.4114 0.2135 0.0073 0.1663
164 0.0482 0.4644 0.2646 0.0350 0.0059 0.1819
165 0.0075 0.0066 0.2812 0.3340 0.0036 0.3669
166 0.0261 0.2039 0.2578 0.1049 0.0019 0.4055
167 0.1815 0.1732 0.0694 0.1338 0.0067 0.4353
168 0.0367 0.1646 0.2319 0.5068 0.0243 0.0359
169 0.2107 0.4358 0.2445 0.0369 0.0132 0.0590
170 0.1135 0.6431 0.1092 0.0363 0.0136 0.0844
171 0.1143 0.2102 0.1770 0.3181 0.0811 0.0993
172 0.2058 0.4976 0.1382 0.0533 0.0421 0.0632
173 0.0240 0.1483 0.1471 0.2314 0.0031 0.4460
174 0.0783 0.3706 0.0665 0.3196 0.0212 0.1440
175 0.0603 0.0912 0.1602 0.3062 0.0185 0.3635
176 0.0800 0.4160 0.0723 0.1919 0.0567 0.1831
177 0.0232 0.0477 0.0739 0.1588 0.0068 0.6899
178 0.0381 0.1230 0.2372 0.2446 0.0329 0.3242
179 0.0732 0.2656 0.0918 0.3230 0.0346 0.2118
180 0.0500 0.5166 0.1515 0.1412 0.0253 0.1153
181 0.0560 0.5566 0.2588 0.1013 0.0072 0.0203
182 0.0304 0.1670 0.6255 0.0741 0.0316 0.0713
183 0.1093 0.6641 0.1615 0.0508 0.0051 0.0093
184 0.0307 0.3203 0.5532 0.0666 0.0092 0.0197
185 0.0255 0.1647 0.7378 0.0583 0.0027 0.0110
186 0.1032 0.1346 0.3894 0.1000 0.0211 0.2515
187 0.0470 0.2349 0.4673 0.0892 0.0193 0.1425
188 0.1163 0.2683 0.1774 0.1494 0.0157 0.2727
189 0.0107 0.2625 0.2583 0.2544 0.0068 0.2075
190 0.2104 0.2520 0.1447 0.2600 0.0247 0.1083
191 0.0764 0.3940 0.4397 0.0788 0.0058 0.0053
192 0.0948 0.1992 0.4219 0.2294 0.0121 0.0428
193 0.1302 0.3030 0.4272 0.0938 0.0234 0.0225
194 0.0826 0.3503 0.2280 0.1761 0.0482 0.1146
195 0.0781 0.2313 0.4822 0.1102 0.0363 0.0618
196 0.0850 0.2537 0.4561 0.0844 0.0276 0.0934
197 0.1630 0.2484 0.2996 0.1289 0.0381 0.1220
198 0.0598 0.1327 0.1638 0.1691 0.0817 0.3931
199 0.0139 0.1027 0.2542 0.5054 0.0165 0.1076
200 0.1779 0.3376 0.1620 0.1096 0.1594 0.0534
201 0.0626 0.1444 0.1826 0.4553 0.0469 0.1082
202 0.0359 0.1072 0.0640 0.6772 0.0373 0.0784
203 0.0674 0.1061 0.0922 0.6011 0.1231 0.0099
204 0.0739 0.3064 0.2106 0.2581 0.1010 0.0500
205 0.1232 0.0930 0.1038 0.3350 0.0400 0.3049
206 0.1232 0.0930 0.1038 0.3350 0.0400 0.3049
