time exciting_prob fearful_prob tense_prob sad_prob relaxing_prob neutral_prob
0 0.1103 0.1310 0.0914 0.2194 0.0250 0.4229
1 0.0460 0.2076 0.2625 0.3533 0.0103 0.1202
2 0.0530 0.1177 0.2529 0.3567 0.0163 0.2032
3 0.2715 0.2532 0.3433 0.0842 0.0083 0.0394
4 0.1449 0.0384 0.0907 0.6494 0.0177 0.0586
5 0.1508 0.0679 0.3450 0.4033 0.0067 0.0262
6 0.1544 0.1863 0.1749 0.4539 0.0187 0.0118
7 0.2571 0.2416 0.2781 0.1699 0.0108 0.0426
8 0.2695 0.2454 0.2612 0.1313 0.0181 0.0748
9 0.1544 0.1763 0.4792 0.0478 0.0614 0.0807
10 0.1750 0.2196 0.4470 0.0615 0.0670 0.0297
11 0.3022 0.1450 0.2111 0.0521 0.0833 0.2062
12 0.3381 0.2532 0.2494 0.0698 0.0565 0.0330
13 0.2783 0.1082 0.3254 0.0992 0.0583 0.1305
14 0.0276 0.1757 0.6426 0.1445 0.0016 0.0081
15 0.2191 0.1448 0.2261 0.3816 0.0108 0.0177
16 0.1332 0.0370 0.1764 0.6157 0.0081 0.0295
17 0.0607 0.0469 0.0574 0.8247 0.0083 0.0022
18 0.0272 0.0800 0.8086 0.0729 0.0017 0.0098
19 0.0191 0.1350 0.7471 0.0745 0.0034 0.0209
20 0.0251 0.0849 0.7808 0.0720 0.0068 0.0305
21 0.0274 0.1024 0.8311 0.0291 0.0031 0.0067
22 0.0154 0.0619 0.8149 0.0900 0.0012 0.0163
23 0.1807 0.2163 0.3916 0.1582 0.0342 0.0190
24 0.0380 0.1136 0.7881 0.0224 0.0042 0.0336
25 0.0616 0.0750 0.7109 0.0786 0.0278 0.0462
26 0.0489 0.1393 0.6147 0.1775 0.0094 0.0103
27 0.0679 0.2211 0.5386 0.1121 0.0521 0.0081
28 0.1414 0.2443 0.4221 0.0949 0.0949 0.0025
29 0.1738 0.4580 0.2671 0.0479 0.0479 0.0054
30 0.1686 0.3486 0.3740 0.0530 0.0468 0.0091
31 0.0711 0.2123 0.2791 0.3875 0.0415 0.0086
32 0.0537 0.0581 0.1654 0.6646 0.0235 0.0347
33 0.1111 0.0966 0.6201 0.1138 0.0116 0.0467
34 0.3357 0.1501 0.1825 0.1040 0.2117 0.0159
35 0.2019 0.2473 0.2632 0.1047 0.1726 0.0102
36 0.2018 0.2491 0.2510 0.1323 0.1583 0.0074
37 0.0912 0.2832 0.3086 0.1814 0.1317 0.0037
38 0.0916 0.2734 0.3887 0.0754 0.1659 0.0048
39 0.1124 0.2494 0.4731 0.0875 0.0726 0.0049
40 0.2593 0.1409 0.1971 0.0992 0.2959 0.0075
41 0.0855 0.2417 0.4585 0.1512 0.0611 0.0019
42 0.0995 0.3342 0.4429 0.0653 0.0460 0.0122
43 0.0789 0.1300 0.6152 0.1495 0.0221 0.0043
44 0.0980 0.1628 0.4426 0.1949 0.0980 0.0035
45 0.1849 0.0742 0.2213 0.2671 0.0945 0.1582
46 0.1617 0.1791 0.2354 0.2300 0.1656 0.0281
47 0.2455 0.2004 0.4243 0.0241 0.0984 0.0073
48 0.2375 0.0748 0.0714 0.5029 0.0808 0.0327
49 0.2009 0.1470 0.0244 0.5503 0.0355 0.0418
50 0.6392 0.1259 0.0467 0.1383 0.0442 0.0058
51 0.5205 0.1600 0.0278 0.2136 0.0657 0.0124
52 0.1362 0.4536 0.3242 0.0415 0.0387 0.0056
53 0.4128 0.1320 0.0679 0.3215 0.0533 0.0127
54 0.1537 0.2615 0.3518 0.1098 0.1160 0.0075
55 0.1611 0.0962 0.0278 0.6523 0.0386 0.0240
56 0.1376 0.0494 0.0150 0.7495 0.0280 0.0206
57 0.3726 0.1653 0.0590 0.3162 0.0695 0.0176
58 0.0797 0.1433 0.4553 0.0876 0.2036 0.0305
59 0.0685 0.4299 0.3621 0.1021 0.0284 0.0091
60 0.1499 0.3247 0.3484 0.0578 0.1158 0.0033
61 0.0961 0.2084 0.3330 0.1421 0.2167 0.0039
62 0.2795 0.1147 0.0521 0.4573 0.0758 0.0207
63 0.5073 0.0803 0.0234 0.3079 0.0676 0.0133
64 0.5645 0.0590 0.0222 0.2563 0.0880 0.0099
65 0.2939 0.2634 0.0552 0.3203 0.0458 0.0215
66 0.0755 0.2720 0.4922 0.1356 0.0191 0.0056
67 0.0598 0.4351 0.4282 0.0571 0.0124 0.0074
68 0.0152 0.4370 0.5107 0.0254 0.0067 0.0046
69 0.2124 0.2028 0.1309 0.0794 0.3699 0.0046
70 0.0670 0.2081 0.5654 0.0822 0.0345 0.0426
71 0.0666 0.2435 0.4207 0.2100 0.0539 0.0054
72 0.1214 0.1376 0.1243 0.3857 0.2147 0.0163
73 0.0374 0.0688 0.7632 0.0919 0.0187 0.0203
74 0.0880 0.2585 0.2111 0.4004 0.0375 0.0046
75 0.1632 0.0339 0.4041 0.2957 0.0494 0.0538
76 0.0275 0.0364 0.8896 0.0314 0.0073 0.0076
77 0.2275 0.2681 0.0971 0.2766 0.1109 0.0197
78 0.3816 0.1747 0.0648 0.2686 0.0580 0.0525
79 0.2505 0.1012 0.0170 0.4941 0.0740 0.0633
80 0.0347 0.7603 0.0847 0.0759 0.0394 0.0050
81 0.1500 0.2018 0.5400 0.0640 0.0291 0.0151
82 0.3630 0.2253 0.0386 0.2761 0.0667 0.0303
83 0.2179 0.3025 0.0551 0.3855 0.0126 0.0264
84 0.2256 0.0994 0.0328 0.5762 0.0259 0.0401
85 0.2128 0.2468 0.3481 0.1070 0.0814 0.0038
86 0.1026 0.2539 0.2788 0.1917 0.1678 0.0051
87 0.0751 0.1505 0.5767 0.1110 0.0224 0.0642
88 0.0775 0.0942 0.7705 0.0233 0.0156 0.0188
89 0.0841 0.1214 0.5747 0.1282 0.0543 0.0373
90 0.2493 0.1160 0.1421 0.3831 0.1056 0.0040
91 0.2515 0.1235 0.4177 0.1206 0.0732 0.0135
92 0.2051 0.0822 0.4622 0.1824 0.0531 0.0152
93 0.1796 0.2654 0.4175 0.1039 0.0282 0.0052
94 0.1390 0.3157 0.3779 0.0955 0.0622 0.0097
95 0.0872 0.2389 0.5342 0.0958 0.0378 0.0060
96 0.0834 0.3977 0.4612 0.0290 0.0243 0.0045
97 0.0881 0.3623 0.5312 0.0142 0.0030 0.0013
98 0.1078 0.4648 0.3977 0.0159 0.0115 0.0022
99 0.0563 0.6392 0.2837 0.0090 0.0110 0.0008
100 0.2988 0.1152 0.4629 0.0602 0.0566 0.0064
101 0.1655 0.1630 0.2408 0.1669 0.2583 0.0053
102 0.1434 0.2422 0.4817 0.0558 0.0647 0.0122
103 0.1976 0.1871 0.4668 0.1180 0.0218 0.0086
104 0.0925 0.3130 0.4885 0.0561 0.0458 0.0043
105 0.2532 0.1956 0.1726 0.1477 0.2200 0.0110
106 0.1434 0.0986 0.2898 0.3838 0.0157 0.0688
107 0.0313 0.2120 0.1731 0.5503 0.0240 0.0095
108 0.0961 0.1837 0.5527 0.0676 0.0968 0.0030
109 0.0746 0.2646 0.5259 0.0509 0.0770 0.0068
110 0.0388 0.2715 0.5073 0.0939 0.0772 0.0111
111 0.1682 0.2161 0.2976 0.1508 0.1643 0.0030
112 0.2632 0.1106 0.2050 0.2234 0.1896 0.0083
113 0.2141 0.1483 0.3999 0.1249 0.0943 0.0184
114 0.1210 0.0995 0.1681 0.4426 0.1483 0.0204
115 0.2161 0.4165 0.2429 0.0295 0.0936 0.0016
116 0.1323 0.3799 0.1910 0.2050 0.0868 0.0051
117 0.2010 0.1747 0.4497 0.1155 0.0497 0.0094
118 0.0927 0.0739 0.3235 0.3665 0.1247 0.0187
119 0.0957 0.2333 0.5957 0.0567 0.0173 0.0015
120 0.1643 0.2428 0.2448 0.2505 0.0908 0.0069
121 0.0638 0.2566 0.5181 0.1147 0.0442 0.0024
122 0.1024 0.1810 0.5845 0.0519 0.0743 0.0058
123 0.0665 0.2671 0.4333 0.1807 0.0426 0.0100
124 0.1309 0.3342 0.4292 0.0643 0.0387 0.0028
125 0.1803 0.1309 0.5820 0.0525 0.0517 0.0027
126 0.1304 0.1912 0.2915 0.2961 0.0816 0.0094
127 0.1283 0.1609 0.2695 0.3953 0.0348 0.0114
128 0.0839 0.1592 0.2625 0.4465 0.0226 0.0252
129 0.0999 0.2018 0.6025 0.0510 0.0295 0.0151
130 0.0790 0.2759 0.4917 0.1302 0.0121 0.0112
131 0.1609 0.3459 0.3569 0.1039 0.0305 0.0018
132 0.0478 0.0878 0.4189 0.3113 0.1076 0.0264
133 0.0318 0.4709 0.4253 0.0111 0.0603 0.0005
134 0.0731 0.2532 0.4880 0.0778 0.1064 0.0015
135 0.0159 0.0371 0.8721 0.0594 0.0074 0.0082
136 0.0905 0.3606 0.3606 0.1599 0.0223 0.0063
137 0.1427 0.1921 0.1776 0.4036 0.0764 0.0076
138 0.0334 0.5693 0.2393 0.0164 0.1406 0.0007
139 0.0195 0.1442 0.7793 0.0443 0.0030 0.0098
140 0.2139 0.1589 0.3088 0.2367 0.0647 0.0170
141 0.0449 0.1682 0.5825 0.0290 0.1708 0.0048
142 0.0745 0.2122 0.5088 0.0441 0.1588 0.0016
143 0.3645 0.0922 0.2354 0.1708 0.0244 0.1129
144 0.0833 0.1070 0.5186 0.1384 0.1406 0.0123
145 0.2339 0.1711 0.1558 0.2130 0.0397 0.1865
146 0.0882 0.3103 0.4109 0.0374 0.1443 0.0090
147 0.1915 0.0727 0.1915 0.4314 0.0111 0.1017
148 0.1231 0.0435 0.0859 0.6553 0.0239 0.0685
149 0.0883 0.0817 0.3662 0.4021 0.0043 0.0575
150 0.2360 0.0560 0.3276 0.3655 0.0054 0.0096
151 0.3208 0.2920 0.3523 0.0234 0.0026 0.0088
152 0.0424 0.0927 0.6846 0.1190 0.0346 0.0267
153 0.0121 0.1021 0.7900 0.0735 0.0081 0.0141
154 0.0392 0.0956 0.7344 0.0994 0.0119 0.0197
155 0.0847 0.2673 0.5571 0.0298 0.0530 0.0083
156 0.1416 0.4099 0.3167 0.0189 0.1121 0.0008
157 0.1201 0.5220 0.3267 0.0137 0.0169 0.0008
158 0.0146 0.1523 0.6313 0.0725 0.0049 0.1243
159 0.1035 0.0942 0.4639 0.1693 0.1542 0.0151
160 0.0980 0.1831 0.4751 0.0281 0.2108 0.0048
161 0.0908 0.3218 0.3372 0.1805 0.0577 0.0121
162 0.1349 0.0466 0.0470 0.0787 0.6904 0.0027
163 0.1130 0.1710 0.5923 0.0586 0.0591 0.0062
164 0.1002 0.1306 0.5762 0.0688 0.1171 0.0072
165 0.0654 0.1750 0.6816 0.0649 0.0096 0.0034
166 0.0988 0.0988 0.4978 0.2389 0.0485 0.0170
167 0.0255 0.0761 0.6475 0.2006 0.0149 0.0354
168 0.2349 0.3110 0.2922 0.0775 0.0812 0.0031
169 0.1626 0.1626 0.1827 0.1010 0.3779 0.0131
170 0.2426 0.1437 0.2705 0.2834 0.0567 0.0030
171 0.0745 0.1100 0.3135 0.3496 0.0536 0.0986
172 0.2201 0.1687 0.1294 0.3057 0.0374 0.1388
173 0.3113 0.0906 0.0942 0.3528 0.0871 0.0642
174 0.0958 0.1036 0.4163 0.3044 0.0181 0.0619
175 0.2761 0.1755 0.0574 0.2457 0.0925 0.1526
176 0.2810 0.0775 0.2683 0.2009 0.0477 0.1247
177 0.0951 0.0944 0.1508 0.4294 0.0275 0.2029
178 0.3611 0.1298 0.3137 0.1528 0.0208 0.0219
179 0.2285 0.0760 0.0370 0.3887 0.0802 0.1895
180 0.4451 0.0823 0.1009 0.1650 0.0830 0.1236
181 0.0455 0.1869 0.6626 0.0862 0.0136 0.0049
182 0.0312 0.2084 0.6938 0.0398 0.0255 0.0014
183 0.0654 0.1821 0.5786 0.0802 0.0901 0.0035
184 0.1454 0.3628 0.2271 0.0259 0.2379 0.0011
185 0.0533 0.6235 0.2482 0.0299 0.0389 0.0061
186 0.0734 0.4324 0.2749 0.1350 0.0751 0.0093
187 0.0475 0.3325 0.4990 0.0736 0.0453 0.0019
188 0.0675 0.1779 0.6064 0.0432 0.1013 0.0036
189 0.0532 0.1917 0.6899 0.0278 0.0346 0.0025
190 0.1869 0.1854 0.3774 0.1345 0.1090 0.0068
191 0.0862 0.2307 0.4482 0.0849 0.1478 0.0021
192 0.0295 0.5571 0.3655 0.0032 0.0443 0.0002
193 0.2556 0.1266 0.4558 0.0750 0.0817 0.0054
194 0.2839 0.1862 0.3560 0.0880 0.0833 0.0029
195 0.0947 0.1840 0.5845 0.0269 0.1040 0.0060
196 0.0511 0.3032 0.4695 0.0602 0.1133 0.0027
197 0.1098 0.1356 0.5361 0.0359 0.1810 0.0014
198 0.3582 0.1425 0.0837 0.1516 0.0363 0.2277
199 0.3176 0.1023 0.1443 0.2083 0.0423 0.1853
200 0.1111 0.1965 0.4292 0.1044 0.1531 0.0059
201 0.2357 0.2001 0.3540 0.1046 0.0999 0.0057
202 0.1874 0.0396 0.1268 0.4495 0.0775 0.1191
203 0.3809 0.0704 0.1001 0.2874 0.0970 0.0641
204 0.1494 0.1471 0.4937 0.0384 0.1666 0.0051
205 0.0536 0.1798 0.7280 0.0138 0.0238 0.0010
206 0.2202 0.0111 0.0791 0.5449 0.0816 0.0630
207 0.3708 0.1396 0.3650 0.0120 0.1096 0.0028
208 0.2460 0.1992 0.4524 0.0481 0.0441 0.0103
209 0.1322 0.4402 0.3350 0.0340 0.0577 0.0009
210 0.3311 0.0418 0.0575 0.3159 0.0278 0.2258
211 0.4636 0.0421 0.0545 0.2074 0.0360 0.1963
212 0.0923 0.0260 0.1149 0.7036 0.0224 0.0410
213 0.1071 0.1252 0.4304 0.1396 0.1925 0.0052
214 0.0461 0.2695 0.5356 0.0334 0.1072 0.0081
215 0.1310 0.0795 0.3293 0.2773 0.1763 0.0067
