time exciting_prob fearful_prob tense_prob sad_prob relaxing_prob neutral_prob
0 0.0972 0.1415 0.1372 0.1415 0.0186 0.4641
1 0.2505 0.1497 0.3704 0.1776 0.0018 0.0501
2 0.8481 0.0782 0.0306 0.0400 0.0013 0.0019
3 0.8989 0.0527 0.0267 0.0188 0.0021 0.0009
4 0.0936 0.1981 0.6860 0.0118 0.0086 0.0020
5 0.8716 0.0056 0.0116 0.0343 0.0750 0.0020
6 0.8657 0.0081 0.0411 0.0219 0.0617 0.0013
7 0.1215 0.0100 0.3301 0.1536 0.0225 0.3625
8 0.0486 0.0091 0.4009 0.0908 0.0104 0.4402
9 0.8613 0.0169 0.0974 0.0160 0.0077 0.0006
10 0.1095 0.0866 0.7964 0.0043 0.0027 0.0004
11 0.8008 0.0060 0.0363 0.1541 0.0013 0.0014
12 0.8789 0.0077 0.0662 0.0448 0.0017 0.0009
13 0.1957 0.0809 0.6416 0.0692 0.0043 0.0084
14 0.1506 0.0042 0.6147 0.0459 0.1249 0.0599
15 0.1500 0.0032 0.5659 0.0502 0.1409 0.0895
16 0.0601 0.0091 0.5610 0.1105 0.0021 0.2568
17 0.1655 0.0019 0.3142 0.1310 0.3616 0.0258
18 0.1168 0.0034 0.4844 0.1548 0.2051 0.0356
19 0.1958 0.1356 0.6079 0.0278 0.0071 0.0257
20 0.0876 0.0540 0.8115 0.0280 0.0163 0.0026
21 0.0754 0.0731 0.8359 0.0053 0.0085 0.0017
22 0.1976 0.1126 0.6382 0.0185 0.0296 0.0035
23 0.0770 0.0128 0.2644 0.1289 0.0073 0.5098
24 0.0488 0.0021 0.7632 0.0519 0.0185 0.1152
25 0.0854 0.0029 0.5317 0.0983 0.0185 0.2632
26 0.3267 0.0270 0.4680 0.1655 0.0010 0.0116
27 0.5474 0.0273 0.2355 0.1157 0.0644 0.0098
28 0.3254 0.0849 0.5200 0.0174 0.0480 0.0040
29 0.0346 0.0948 0.8252 0.0431 0.0006 0.0015
30 0.0891 0.0045 0.4453 0.1492 0.0060 0.3062
31 0.1633 0.0164 0.4512 0.1713 0.0128 0.1852
32 0.1045 0.1670 0.4539 0.1696 0.0013 0.1037
33 0.0883 0.0657 0.8125 0.0108 0.0218 0.0010
34 0.1204 0.0416 0.4836 0.3171 0.0023 0.0350
35 0.1981 0.0133 0.6807 0.0936 0.0033 0.0109
36 0.0340 0.0064 0.3225 0.2019 0.0077 0.4275
37 0.0438 0.0164 0.4155 0.1191 0.0086 0.3965
38 0.4514 0.0440 0.2612 0.2131 0.0036 0.0267
39 0.1843 0.1458 0.6284 0.0320 0.0088 0.0009
40 0.0865 0.0576 0.7949 0.0242 0.0333 0.0034
41 0.0681 0.3123 0.6021 0.0028 0.0148 0.0002
42 0.0431 0.2292 0.6738 0.0037 0.0500 0.0004
43 0.3259 0.0516 0.2206 0.1199 0.1075 0.1744
44 0.2114 0.0305 0.2673 0.1080 0.0502 0.3325
45 0.0345 0.0248 0.4070 0.3823 0.0151 0.1364
46 0.0981 0.0981 0.6396 0.1240 0.0288 0.0117
47 0.0378 0.2666 0.3267 0.3369 0.0264 0.0057
48 0.0219 0.1903 0.5420 0.2332 0.0114 0.0010
49 0.1152 0.0106 0.7749 0.0465 0.0072 0.0458
50 0.1072 0.0142 0.6772 0.0692 0.0267 0.1055
51 0.0819 0.0599 0.1934 0.5771 0.0106 0.0769
52 0.1849 0.0264 0.5269 0.1462 0.0547 0.0610
53 0.0484 0.0588 0.8774 0.0084 0.0056 0.0013
54 0.1300 0.0166 0.6011 0.1520 0.0654 0.0352
55 0.1444 0.0278 0.7930 0.0245 0.0095 0.0009
56 0.0873 0.0086 0.7085 0.0609 0.0038 0.1310
57 0.2568 0.0138 0.5786 0.0747 0.0290 0.0471
58 0.1713 0.0162 0.4304 0.0961 0.2305 0.0556
59 0.1115 0.0362 0.2019 0.3176 0.0198 0.3127
60 0.0738 0.0414 0.3413 0.1638 0.0383 0.3413
61 0.0662 0.0315 0.2240 0.2788 0.0683 0.3311
62 0.2803 0.0271 0.6221 0.0170 0.0483 0.0055
63 0.2294 0.0242 0.4353 0.2294 0.0090 0.0728
64 0.3665 0.0227 0.1075 0.4561 0.0099 0.0371
65 0.2140 0.1076 0.5381 0.0170 0.1119 0.0117
66 0.1149 0.0760 0.6362 0.0152 0.1282 0.0295
67 0.3530 0.0111 0.1980 0.3530 0.0190 0.0658
68 0.1027 0.0558 0.2009 0.2812 0.2812 0.0781
69 0.1288 0.0363 0.1459 0.5420 0.0160 0.1309
70 0.4670 0.0280 0.1493 0.2969 0.0227 0.0363
71 0.2559 0.0558 0.5591 0.1208 0.0047 0.0038
72 0.0726 0.0569 0.7676 0.0522 0.0491 0.0014
73 0.2173 0.0745 0.4255 0.2443 0.0141 0.0244
74 0.1492 0.0508 0.6953 0.0236 0.0608 0.0204
75 0.1317 0.0906 0.7466 0.0125 0.0173 0.0016
76 0.0663 0.0172 0.7822 0.0477 0.0054 0.0812
77 0.0301 0.0016 0.3389 0.2854 0.2766 0.0677
78 0.1482 0.0240 0.7764 0.0062 0.0411 0.0040
79 0.0610 0.0436 0.4800 0.0610 0.0087 0.3457
80 0.0712 0.0082 0.6348 0.0581 0.0052 0.2228
81 0.1926 0.0592 0.7046 0.0236 0.0154 0.0044
82 0.4441 0.0468 0.4617 0.0147 0.0288 0.0040
83 0.2195 0.0061 0.4792 0.0292 0.2449 0.0211
84 0.0224 0.0205 0.9521 0.0032 0.0018 0.0003
85 0.2069 0.1188 0.5894 0.0058 0.0704 0.0085
86 0.1091 0.0351 0.3467 0.1716 0.0220 0.3157
87 0.0946 0.1699 0.7046 0.0011 0.0298 0.0001
88 0.0892 0.0537 0.8013 0.0019 0.0537 0.0001
89 0.0872 0.2561 0.3394 0.3137 0.0016 0.0022
90 0.1731 0.2329 0.4419 0.1390 0.0096 0.0033
91 0.0931 0.1398 0.2913 0.3513 0.1055 0.0194
92 0.1016 0.1549 0.2515 0.4211 0.0607 0.0105
93 0.0600 0.1605 0.7598 0.0021 0.0164 0.0014
94 0.3611 0.0995 0.5093 0.0138 0.0111 0.0052
95 0.2920 0.2537 0.4248 0.0109 0.0175 0.0013
96 0.2233 0.0748 0.6821 0.0070 0.0106 0.0021
97 0.2198 0.1511 0.5928 0.0208 0.0130 0.0026
98 0.0420 0.1187 0.8174 0.0152 0.0057 0.0009
99 0.0350 0.1241 0.8286 0.0060 0.0060 0.0004
100 0.6191 0.1298 0.1787 0.0366 0.0308 0.0051
101 0.0866 0.1952 0.6973 0.0034 0.0148 0.0026
102 0.0371 0.3037 0.3608 0.2944 0.0012 0.0026
103 0.1567 0.0129 0.6919 0.1165 0.0150 0.0071
104 0.1106 0.0526 0.7983 0.0322 0.0032 0.0032
105 0.5200 0.0631 0.3774 0.0251 0.0078 0.0065
106 0.0900 0.0068 0.7651 0.0590 0.0024 0.0769
107 0.0481 0.2620 0.6382 0.0383 0.0133 0.0003
108 0.4482 0.1142 0.1825 0.2325 0.0077 0.0150
109 0.2445 0.3669 0.3640 0.0025 0.0201 0.0020
110 0.4690 0.0583 0.3567 0.0692 0.0166 0.0302
111 0.0403 0.1302 0.8037 0.0206 0.0044 0.0007
112 0.2405 0.0405 0.6489 0.0516 0.0079 0.0107
113 0.1146 0.0782 0.7896 0.0130 0.0036 0.0010
114 0.0652 0.0412 0.6646 0.1964 0.0160 0.0169
115 0.1467 0.0377 0.7334 0.0682 0.0044 0.0094
116 0.1965 0.1044 0.5776 0.1094 0.0020 0.0102
117 0.4131 0.0997 0.4468 0.0078 0.0288 0.0038
118 0.1591 0.0493 0.4192 0.3018 0.0384 0.0323
119 0.0092 0.2781 0.6992 0.0117 0.0014 0.0006
120 0.1127 0.0054 0.3931 0.2137 0.0048 0.2703
121 0.2346 0.1266 0.5083 0.0912 0.0167 0.0223
122 0.2330 0.1552 0.5547 0.0306 0.0111 0.0156
123 0.3442 0.1285 0.1758 0.2766 0.0011 0.0739
124 0.1437 0.1802 0.6489 0.0090 0.0157 0.0026
125 0.2430 0.1281 0.5786 0.0273 0.0131 0.0100
126 0.0905 0.3579 0.5205 0.0238 0.0054 0.0019
127 0.3928 0.0963 0.3386 0.1009 0.0184 0.0532
128 0.4636 0.2295 0.1787 0.1019 0.0078 0.0185
129 0.1063 0.1242 0.7549 0.0042 0.0044 0.0061
130 0.1912 0.1355 0.6416 0.0127 0.0049 0.0143
131 0.2986 0.1326 0.5493 0.0065 0.0045 0.0083
132 0.1674 0.0829 0.6724 0.0720 0.0022 0.0030
133 0.2632 0.1022 0.5791 0.0403 0.0074 0.0076
134 0.3140 0.0493 0.5645 0.0422 0.0193 0.0109
135 0.0402 0.0948 0.7881 0.0113 0.0647 0.0011
136 0.1080 0.0709 0.7617 0.0211 0.0317 0.0067
137 0.4194 0.0152 0.4717 0.0586 0.0056 0.0297
138 0.5024 0.0207 0.4038 0.0443 0.0180 0.0106
139 0.4585 0.0074 0.4077 0.0743 0.0144 0.0376
140 0.3254 0.0234 0.3464 0.1929 0.0092 0.1024
141 0.3726 0.0130 0.2856 0.2900 0.0144 0.0244
142 0.4871 0.0108 0.1820 0.2412 0.0216 0.0573
143 0.5610 0.0138 0.2375 0.1232 0.0176 0.0468
144 0.5723 0.0238 0.2424 0.1172 0.0174 0.0268
145 0.4568 0.0328 0.2771 0.1278 0.0384 0.0673
146 0.2822 0.0592 0.5034 0.1097 0.0277 0.0178
147 0.3508 0.0718 0.4683 0.0795 0.0224 0.0072
148 0.6328 0.0780 0.2421 0.0247 0.0108 0.0116
149 0.4177 0.1489 0.3865 0.0124 0.0120 0.0223
150 0.2318 0.1722 0.5562 0.0279 0.0108 0.0014
151 0.6372 0.0123 0.2344 0.0749 0.0139 0.0276
152 0.4507 0.0182 0.4104 0.0771 0.0050 0.0388
153 0.4243 0.0273 0.2494 0.1284 0.0218 0.1489
154 0.4285 0.0434 0.2661 0.1588 0.0799 0.0234
155 0.3982 0.0317 0.5112 0.0263 0.0302 0.0024
156 0.2070 0.0575 0.6733 0.0296 0.0236 0.0090
157 0.1478 0.1245 0.6836 0.0282 0.0061 0.0099
158 0.4131 0.1270 0.2078 0.0041 0.2448 0.0033
159 0.1373 0.5557 0.1450 0.0086 0.1508 0.0025
160 0.5210 0.0191 0.1759 0.0116 0.2705 0.0017
161 0.6890 0.0206 0.2069 0.0651 0.0098 0.0087
162 0.5015 0.0031 0.0533 0.0369 0.4031 0.0021
163 0.3652 0.0075 0.1114 0.1177 0.3950 0.0031
164 0.1538 0.0607 0.7749 0.0027 0.0055 0.0023
165 0.5557 0.0669 0.3345 0.0040 0.0384 0.0003
166 0.3953 0.0379 0.1882 0.3228 0.0286 0.0271
167 0.7505 0.0255 0.1115 0.0954 0.0091 0.0082
168 0.5493 0.0120 0.1274 0.0343 0.2739 0.0032
169 0.2532 0.0655 0.5933 0.0606 0.0080 0.0197
170 0.5371 0.0693 0.2402 0.1266 0.0080 0.0187
171 0.4832 0.2754 0.1877 0.0334 0.0057 0.0148
172 0.1880 0.0144 0.6460 0.1185 0.0223 0.0109
173 0.7041 0.0053 0.1738 0.0206 0.0923 0.0040
174 0.3811 0.0076 0.4524 0.1327 0.0141 0.0121
175 0.4824 0.0190 0.3816 0.0653 0.0328 0.0188
176 0.2422 0.0247 0.6689 0.0528 0.0041 0.0074
177 0.1898 0.0083 0.6729 0.0897 0.0056 0.0338
178 0.5566 0.0189 0.2957 0.0834 0.0324 0.0129
179 0.5869 0.0073 0.2012 0.0590 0.1427 0.0031
180 0.2791 0.0260 0.6289 0.0590 0.0025 0.0047
181 0.3179 0.0213 0.5576 0.0527 0.0101 0.0404
182 0.5728 0.0068 0.3164 0.0344 0.0638 0.0057
183 0.0522 0.0468 0.8901 0.0052 0.0047 0.0011
184 0.2759 0.1234 0.3828 0.0655 0.1365 0.0159
185 0.3291 0.0290 0.6055 0.0189 0.0052 0.0127
186 0.5493 0.1624 0.2325 0.0239 0.0142 0.0177
187 0.5889 0.0340 0.2825 0.0495 0.0145 0.0307
188 0.5063 0.0260 0.1923 0.2468 0.0152 0.0132
189 0.6987 0.0854 0.1123 0.0356 0.0635 0.0043
190 0.4731 0.0198 0.4998 0.0020 0.0030 0.0022
191 0.4651 0.0139 0.4578 0.0479 0.0083 0.0072
192 0.2087 0.0352 0.5332 0.2153 0.0053 0.0024
193 0.1866 0.0359 0.7559 0.0090 0.0110 0.0016
194 0.1901 0.0520 0.6792 0.0667 0.0054 0.0068
195 0.1399 0.1039 0.6992 0.0527 0.0026 0.0017
196 0.2593 0.1205 0.4695 0.1244 0.0031 0.0232
197 0.3911 0.1936 0.3506 0.0248 0.0052 0.0345
198 0.1820 0.1104 0.3618 0.1968 0.0138 0.1353
