time exciting_prob fearful_prob tense_prob sad_prob relaxing_prob neutral_prob
0 0.1719 0.0775 0.1127 0.1565 0.0493 0.4321
1 0.1189 0.1285 0.2365 0.3035 0.0227 0.1899
2 0.0593 0.2134 0.2456 0.4114 0.0172 0.0531
3 0.0221 0.2820 0.2690 0.3298 0.0670 0.0300
4 0.0146 0.5698 0.2778 0.1194 0.0131 0.0051
5 0.0106 0.1154 0.0679 0.7524 0.0393 0.0143
6 0.0103 0.1202 0.2177 0.6201 0.0131 0.0187
7 0.0262 0.2415 0.4441 0.2097 0.0049 0.0736
8 0.0210 0.2903 0.6245 0.0537 0.0008 0.0096
9 0.0510 0.4580 0.3857 0.0999 0.0008 0.0045
10 0.0458 0.2218 0.6729 0.0499 0.0065 0.0033
11 0.0207 0.1542 0.7891 0.0323 0.0021 0.0016
12 0.0425 0.2299 0.5513 0.1682 0.0040 0.0040
13 0.0549 0.3752 0.4670 0.0668 0.0331 0.0029
14 0.1089 0.4658 0.2306 0.1769 0.0034 0.0143
15 0.1522 0.5747 0.1780 0.0867 0.0058 0.0027
16 0.0537 0.3088 0.2561 0.3340 0.0308 0.0166
17 0.0252 0.1970 0.6875 0.0759 0.0036 0.0106
18 0.0233 0.1044 0.7476 0.1146 0.0018 0.0086
19 0.0456 0.4536 0.3760 0.1111 0.0085 0.0052
20 0.0485 0.2642 0.2156 0.4221 0.0268 0.0229
21 0.0772 0.1205 0.0999 0.6025 0.0645 0.0353
22 0.0445 0.5732 0.3530 0.0246 0.0021 0.0026
23 0.0392 0.1136 0.7764 0.0668 0.0026 0.0017
24 0.0246 0.4758 0.4612 0.0356 0.0017 0.0012
25 0.0692 0.3918 0.1852 0.3459 0.0030 0.0049
26 0.0371 0.4771 0.3601 0.1225 0.0026 0.0006
27 0.0395 0.1798 0.3521 0.4180 0.0046 0.0062
28 0.0235 0.2485 0.6860 0.0378 0.0036 0.0005
29 0.1142 0.4658 0.1294 0.1912 0.0961 0.0032
30 0.0194 0.1265 0.6943 0.1346 0.0051 0.0200
31 0.0085 0.2255 0.7163 0.0398 0.0019 0.0080
32 0.0203 0.0612 0.2917 0.5713 0.0087 0.0469
33 0.0133 0.5889 0.3804 0.0133 0.0017 0.0023
34 0.0169 0.5825 0.1129 0.2505 0.0326 0.0047
35 0.0484 0.2053 0.5322 0.1929 0.0158 0.0053
36 0.0102 0.1148 0.6304 0.2284 0.0030 0.0131
37 0.0480 0.1032 0.5576 0.2676 0.0111 0.0122
38 0.0498 0.1821 0.6357 0.1006 0.0208 0.0111
39 0.0282 0.3152 0.4446 0.1687 0.0070 0.0365
40 0.0242 0.6040 0.2766 0.0857 0.0071 0.0022
41 0.0790 0.4915 0.2490 0.1647 0.0116 0.0043
42 0.0273 0.3276 0.4409 0.1868 0.0010 0.0163
43 0.0174 0.2219 0.6035 0.1389 0.0016 0.0168
44 0.0128 0.2795 0.5918 0.1095 0.0009 0.0052
45 0.0264 0.4651 0.0719 0.4011 0.0188 0.0167
46 0.0421 0.2681 0.5586 0.0978 0.0095 0.0236
47 0.0784 0.4883 0.2781 0.1024 0.0377 0.0152
48 0.0350 0.1186 0.3652 0.3376 0.0132 0.1302
49 0.0261 0.2476 0.6030 0.1032 0.0080 0.0119
50 0.0319 0.1644 0.3428 0.2798 0.1261 0.0551
51 0.0173 0.0734 0.6753 0.1483 0.0051 0.0806
52 0.0819 0.2446 0.3616 0.2644 0.0425 0.0050
53 0.2035 0.0476 0.3354 0.2695 0.0263 0.1177
54 0.1555 0.1351 0.2905 0.2524 0.0355 0.1310
55 0.1003 0.1192 0.3613 0.3613 0.0214 0.0363
56 0.0159 0.4563 0.1829 0.3235 0.0178 0.0038
57 0.3406 0.1334 0.4272 0.0772 0.0159 0.0056
58 0.2107 0.0638 0.5464 0.1448 0.0252 0.0091
59 0.0423 0.6260 0.1131 0.1970 0.0186 0.0031
60 0.0977 0.0889 0.3008 0.4309 0.0223 0.0592
61 0.0551 0.2627 0.6016 0.0724 0.0064 0.0017
62 0.1351 0.0685 0.6650 0.1052 0.0170 0.0091
63 0.0057 0.1300 0.6011 0.2428 0.0003 0.0202
64 0.0819 0.0581 0.5259 0.2949 0.0331 0.0062
65 0.0435 0.1154 0.7524 0.0567 0.0301 0.0017
66 0.1019 0.0723 0.3906 0.3557 0.0700 0.0097
67 0.0731 0.1523 0.2081 0.5483 0.0151 0.0029
68 0.0527 0.0511 0.2052 0.6519 0.0257 0.0133
69 0.1187 0.0539 0.0881 0.6934 0.0329 0.0130
70 0.0138 0.1561 0.5713 0.2238 0.0131 0.0220
71 0.0317 0.2849 0.5083 0.1526 0.0171 0.0054
72 0.0587 0.0635 0.4141 0.4204 0.0098 0.0334
73 0.0112 0.0457 0.2798 0.6504 0.0017 0.0115
74 0.0245 0.0561 0.6123 0.2676 0.0019 0.0374
75 0.0373 0.2671 0.4368 0.2394 0.0039 0.0155
76 0.0246 0.1180 0.5630 0.2275 0.0022 0.0647
77 0.0385 0.1132 0.3276 0.5073 0.0064 0.0069
78 0.0940 0.3281 0.3547 0.2102 0.0052 0.0077
79 0.0293 0.1442 0.4583 0.3513 0.0049 0.0121
80 0.0654 0.0577 0.6206 0.2283 0.0108 0.0172
81 0.0753 0.0867 0.7378 0.0719 0.0133 0.0152
82 0.0585 0.1011 0.3018 0.4897 0.0306 0.0185
83 0.0685 0.0853 0.4329 0.3479 0.0050 0.0605
84 0.0470 0.0851 0.5381 0.2581 0.0238 0.0481
85 0.0287 0.0954 0.4624 0.3955 0.0143 0.0038
86 0.0278 0.1573 0.5850 0.2021 0.0247 0.0033
87 0.0539 0.2147 0.6211 0.0909 0.0176 0.0018
88 0.0745 0.0617 0.3235 0.4707 0.0201 0.0496
89 0.0144 0.2399 0.4412 0.0925 0.2052 0.0069
90 0.0332 0.3325 0.3767 0.1954 0.0510 0.0112
91 0.0451 0.2939 0.4082 0.1898 0.0330 0.0300
92 0.0540 0.2404 0.5947 0.0870 0.0167 0.0071
93 0.2510 0.5068 0.1157 0.1062 0.0177 0.0027
94 0.2561 0.1146 0.0935 0.4565 0.0711 0.0082
95 0.0640 0.2250 0.4614 0.1365 0.0952 0.0179
96 0.1512 0.0236 0.2961 0.2871 0.2036 0.0382
97 0.0166 0.3137 0.5254 0.1339 0.0092 0.0014
98 0.0406 0.2729 0.3909 0.2408 0.0221 0.0326
99 0.2281 0.2126 0.1722 0.3142 0.0680 0.0046
100 0.0833 0.1908 0.1820 0.1863 0.3245 0.0331
101 0.1047 0.6416 0.1160 0.0676 0.0606 0.0094
102 0.0551 0.0649 0.5225 0.2430 0.0675 0.0468
103 0.0589 0.1390 0.6846 0.0637 0.0484 0.0057
104 0.0337 0.1473 0.5562 0.1892 0.0464 0.0273
105 0.0648 0.1044 0.3240 0.1996 0.3020 0.0053
106 0.0450 0.1166 0.2318 0.1251 0.4756 0.0059
107 0.1119 0.0399 0.7183 0.0899 0.0287 0.0112
108 0.0540 0.1024 0.6079 0.1444 0.0630 0.0284
109 0.0409 0.2028 0.5864 0.0988 0.0599 0.0110
110 0.0457 0.4368 0.3916 0.1071 0.0167 0.0023
111 0.0544 0.1650 0.3633 0.1411 0.2656 0.0105
112 0.0626 0.0656 0.1125 0.5410 0.1870 0.0312
113 0.1168 0.0731 0.5747 0.1132 0.0565 0.0655
114 0.0904 0.5161 0.2037 0.1599 0.0199 0.0099
115 0.1136 0.5640 0.0935 0.1733 0.0524 0.0034
116 0.0821 0.1608 0.4580 0.2820 0.0072 0.0100
117 0.0898 0.1317 0.4316 0.3311 0.0071 0.0088
118 0.0446 0.2013 0.4065 0.2974 0.0378 0.0124
119 0.0228 0.0692 0.2734 0.5879 0.0262 0.0204
120 0.0187 0.0806 0.6240 0.1995 0.0070 0.0700
121 0.0196 0.0793 0.7295 0.1084 0.0459 0.0174
122 0.2720 0.3206 0.1663 0.1974 0.0282 0.0157
123 0.0380 0.2218 0.1958 0.5156 0.0172 0.0113
124 0.0285 0.7295 0.0477 0.1874 0.0051 0.0017
125 0.0359 0.2842 0.1985 0.4336 0.0388 0.0091
126 0.0408 0.1190 0.3416 0.2578 0.2347 0.0064
127 0.0704 0.3362 0.1208 0.1827 0.2808 0.0091
128 0.0135 0.0106 0.0211 0.9121 0.0132 0.0293
129 0.0092 0.6372 0.1742 0.1661 0.0115 0.0020
130 0.0522 0.4136 0.1014 0.3948 0.0252 0.0130
131 0.0655 0.3198 0.4170 0.1122 0.0759 0.0094
132 0.0834 0.4614 0.2469 0.1582 0.0397 0.0102
133 0.0362 0.1896 0.1986 0.4478 0.0720 0.0560
134 0.2106 0.1414 0.2025 0.3313 0.1010 0.0135
135 0.0500 0.2089 0.2155 0.1127 0.3962 0.0167
136 0.0509 0.3191 0.0936 0.4292 0.1028 0.0045
137 0.0014 0.0336 0.0105 0.9507 0.0018 0.0021
138 0.1273 0.3152 0.1294 0.1560 0.0487 0.2235
139 0.0632 0.2791 0.4749 0.1404 0.0299 0.0126
140 0.1057 0.2006 0.5327 0.1514 0.0042 0.0058
141 0.0305 0.4478 0.4272 0.0687 0.0163 0.0097
142 0.0519 0.1958 0.4277 0.1869 0.1207 0.0170
143 0.1335 0.3057 0.4243 0.1216 0.0116 0.0033
144 0.0869 0.0743 0.3896 0.4148 0.0253 0.0089
145 0.0597 0.5239 0.3154 0.0940 0.0051 0.0017
146 0.1508 0.3291 0.1847 0.2371 0.0907 0.0076
147 0.1428 0.5518 0.1332 0.1428 0.0273 0.0020
148 0.1722 0.2335 0.1053 0.4397 0.0456 0.0036
149 0.0756 0.0986 0.1041 0.6040 0.1009 0.0170
150 0.1936 0.3293 0.1709 0.2729 0.0304 0.0027
151 0.1176 0.2800 0.4763 0.1131 0.0127 0.0004
152 0.1381 0.3159 0.4026 0.1306 0.0123 0.0005
153 0.1765 0.1724 0.3376 0.2756 0.0373 0.0007
154 0.1045 0.1462 0.6060 0.1212 0.0219 0.0002
155 0.0770 0.3000 0.4795 0.1139 0.0256 0.0040
156 0.0118 0.4297 0.5181 0.0352 0.0012 0.0040
157 0.0110 0.3972 0.5264 0.0614 0.0021 0.0020
158 0.1367 0.3059 0.2308 0.3105 0.0142 0.0017
159 0.0307 0.2759 0.5840 0.0984 0.0088 0.0020
160 0.0169 0.1261 0.1113 0.6816 0.0339 0.0300
161 0.0347 0.3120 0.4067 0.2014 0.0115 0.0337
162 0.0120 0.1295 0.0621 0.7812 0.0006 0.0145
163 0.0445 0.3447 0.5337 0.0580 0.0104 0.0086
164 0.0969 0.4919 0.2676 0.0875 0.0410 0.0152
165 0.1505 0.1963 0.3525 0.1787 0.1190 0.0030
166 0.0753 0.0577 0.5737 0.2283 0.0634 0.0013
167 0.0254 0.0242 0.2646 0.6450 0.0364 0.0044
168 0.0323 0.2499 0.2499 0.3992 0.0333 0.0354
169 0.0747 0.0847 0.1793 0.5435 0.0231 0.0945
170 0.1204 0.1046 0.7090 0.0446 0.0197 0.0019
171 0.1312 0.2778 0.3513 0.2286 0.0022 0.0087
172 0.0951 0.2013 0.1069 0.2142 0.3821 0.0005
173 0.1893 0.0802 0.3948 0.1985 0.1054 0.0319
174 0.0306 0.7588 0.1318 0.0594 0.0187 0.0005
175 0.0486 0.2177 0.6704 0.0576 0.0027 0.0032
176 0.0439 0.0609 0.1708 0.2408 0.4790 0.0044
177 0.0122 0.0359 0.0416 0.0385 0.8687 0.0030
178 0.0347 0.0204 0.8955 0.0326 0.0143 0.0026
179 0.0977 0.3154 0.2085 0.1913 0.1797 0.0072
180 0.0107 0.1288 0.0942 0.0845 0.6802 0.0016
181 0.0177 0.1887 0.0608 0.1219 0.6094 0.0016
182 0.0923 0.3540 0.3027 0.2358 0.0113 0.0036
183 0.0589 0.0905 0.7822 0.0459 0.0220 0.0005
184 0.0157 0.1063 0.0200 0.1429 0.7148 0.0003
185 0.0200 0.0744 0.0948 0.0877 0.7227 0.0003
186 0.0388 0.2017 0.3828 0.1738 0.1956 0.0073
187 0.0380 0.2383 0.1771 0.4182 0.1189 0.0094
188 0.0828 0.5615 0.0518 0.1753 0.1088 0.0198
189 0.0988 0.3726 0.3967 0.1238 0.0073 0.0009
190 0.1296 0.1576 0.4026 0.2703 0.0389 0.0011
191 0.0097 0.3301 0.6362 0.0200 0.0006 0.0032
192 0.0257 0.2220 0.1930 0.5410 0.0099 0.0082
193 0.0549 0.1057 0.5630 0.2346 0.0274 0.0146
194 0.2854 0.0637 0.4705 0.1458 0.0263 0.0084
195 0.0501 0.4260 0.2297 0.2666 0.0235 0.0041
196 0.0585 0.4604 0.4604 0.0183 0.0012 0.0011
197 0.0314 0.0974 0.7422 0.0718 0.0100 0.0471
198 0.0308 0.0851 0.5552 0.2664 0.0098 0.0525
199 0.0169 0.2773 0.5962 0.0789 0.0209 0.0098
200 0.0238 0.6470 0.2534 0.0574 0.0179 0.0004
201 0.0138 0.7900 0.1656 0.0266 0.0037 0.0002
202 0.0559 0.2389 0.4260 0.2583 0.0198 0.0011
203 0.0760 0.1823 0.4802 0.2269 0.0211 0.0134
204 0.1472 0.0517 0.0839 0.4465 0.0390 0.2317
205 0.7666 0.1139 0.1037 0.0062 0.0093 0.0004
206 0.7661 0.1139 0.1037 0.0062 0.0094 0.0004
207 0.7661 0.1139 0.1037 0.0062 0.0094 0.0004
