time exciting_prob fearful_prob tense_prob sad_prob relaxing_prob neutral_prob
0 0.0302 0.0342 0.1396 0.6460 0.1038 0.0461
1 0.0365 0.1090 0.3105 0.4661 0.0287 0.0491
2 0.0371 0.0993 0.3157 0.4451 0.0651 0.0377
3 0.0282 0.0569 0.2216 0.5659 0.0708 0.0569
4 0.0374 0.1190 0.3235 0.4353 0.0238 0.0608
5 0.0463 0.0706 0.2542 0.5376 0.0219 0.0695
6 0.0487 0.0479 0.2251 0.5747 0.0269 0.0766
7 0.0332 0.1941 0.2651 0.4512 0.0271 0.0293
8 0.0212 0.0264 0.1147 0.6812 0.1094 0.0471
9 0.0461 0.0370 0.0671 0.5527 0.2695 0.0273
10 0.0945 0.0226 0.0630 0.4509 0.3198 0.0490
11 0.1639 0.0389 0.0613 0.4387 0.1589 0.1381
12 0.0897 0.0343 0.0816 0.5576 0.1455 0.0911
13 0.0583 0.0454 0.2457 0.5986 0.0312 0.0206
14 0.0541 0.0402 0.2074 0.6001 0.0558 0.0421
15 0.0953 0.1030 0.1323 0.6216 0.0106 0.0373
16 0.0484 0.1008 0.1422 0.6372 0.0575 0.0138
17 0.0496 0.1842 0.2520 0.4705 0.0308 0.0130
18 0.0309 0.1545 0.2510 0.5146 0.0391 0.0097
19 0.0089 0.0767 0.0954 0.6938 0.1098 0.0152
20 0.0316 0.0439 0.1021 0.4504 0.3245 0.0475
21 0.0075 0.0153 0.0290 0.0373 0.9033 0.0076
22 0.0191 0.0220 0.1019 0.2812 0.5679 0.0078
23 0.0119 0.0256 0.0752 0.4604 0.4192 0.0076
24 0.0185 0.0923 0.2588 0.1385 0.4688 0.0230
25 0.0349 0.0631 0.2103 0.1217 0.5288 0.0414
26 0.0187 0.1042 0.2170 0.0877 0.5459 0.0266
27 0.0262 0.0972 0.2900 0.0739 0.4026 0.1101
28 0.0364 0.0854 0.1204 0.1807 0.5396 0.0376
29 0.0210 0.0418 0.0832 0.1289 0.7075 0.0173
30 0.0139 0.0357 0.0688 0.2329 0.6040 0.0445
31 0.0304 0.0674 0.1201 0.2108 0.5137 0.0576
32 0.0385 0.0686 0.1908 0.3147 0.2820 0.1054
33 0.0332 0.0626 0.1987 0.3542 0.2361 0.1151
34 0.0170 0.1082 0.2152 0.6226 0.0135 0.0236
35 0.0635 0.2344 0.3357 0.3008 0.0184 0.0472
36 0.0884 0.2808 0.4021 0.1730 0.0240 0.0317
37 0.0327 0.1973 0.1489 0.5361 0.0548 0.0302
38 0.0246 0.0782 0.3616 0.4360 0.0137 0.0859
39 0.0145 0.0431 0.1327 0.7061 0.0667 0.0368
40 0.0124 0.0382 0.1741 0.4958 0.2493 0.0302
41 0.0093 0.1198 0.0773 0.1057 0.6787 0.0090
42 0.0118 0.1165 0.0813 0.1520 0.6299 0.0086
43 0.0143 0.1443 0.0809 0.0992 0.6567 0.0046
44 0.0201 0.0931 0.0610 0.0888 0.7319 0.0048
45 0.0161 0.0708 0.1925 0.5659 0.1409 0.0142
46 0.0111 0.0552 0.0732 0.4922 0.3545 0.0139
47 0.0132 0.1127 0.1360 0.1318 0.6001 0.0062
48 0.0742 0.2249 0.2549 0.1292 0.3074 0.0097
49 0.0569 0.1313 0.1912 0.1055 0.4731 0.0420
50 0.0792 0.0607 0.3083 0.4021 0.0527 0.0970
51 0.0399 0.1250 0.3345 0.3730 0.0375 0.0900
52 0.0411 0.1602 0.1759 0.5010 0.0504 0.0711
53 0.0206 0.1410 0.0754 0.6831 0.0588 0.0210
54 0.0471 0.2544 0.1543 0.4827 0.0529 0.0087
55 0.1873 0.1084 0.2947 0.2294 0.1307 0.0496
56 0.1236 0.1469 0.2786 0.3157 0.0986 0.0368
57 0.0643 0.0980 0.1803 0.3757 0.2502 0.0316
58 0.0212 0.1013 0.1953 0.4988 0.1544 0.0290
59 0.0400 0.1290 0.2374 0.4722 0.0724 0.0490
60 0.1127 0.0240 0.0948 0.4597 0.0948 0.2139
61 0.0373 0.0765 0.0765 0.4912 0.2017 0.1167
62 0.0237 0.0215 0.0718 0.0776 0.7959 0.0093
63 0.0397 0.0107 0.0953 0.0510 0.7856 0.0174
64 0.0751 0.0935 0.3066 0.4126 0.0775 0.0344
65 0.2246 0.0643 0.0614 0.3479 0.2930 0.0091
66 0.2861 0.0746 0.0886 0.2952 0.2448 0.0105
67 0.1255 0.0398 0.0737 0.4377 0.3154 0.0078
68 0.0437 0.0269 0.0897 0.7163 0.1188 0.0046
69 0.0503 0.0265 0.0925 0.6421 0.1783 0.0100
70 0.0545 0.0238 0.0734 0.6646 0.1733 0.0103
71 0.0513 0.0453 0.0746 0.6152 0.2061 0.0079
72 0.0557 0.0389 0.1058 0.6895 0.1025 0.0075
73 0.0432 0.0399 0.1250 0.7085 0.0770 0.0065
74 0.0387 0.0211 0.0746 0.7539 0.1069 0.0046
75 0.0552 0.0234 0.0720 0.6836 0.1549 0.0110
76 0.0611 0.0407 0.0932 0.5278 0.2615 0.0156
77 0.0537 0.0497 0.0988 0.5864 0.1874 0.0240
78 0.1697 0.0753 0.1644 0.3269 0.2318 0.0319
79 0.1245 0.0804 0.1624 0.5161 0.0897 0.0269
80 0.0988 0.0562 0.1288 0.5337 0.1136 0.0689
81 0.1115 0.0855 0.0815 0.5156 0.1868 0.0192
82 0.0810 0.0557 0.0491 0.5801 0.2236 0.0108
83 0.1327 0.0500 0.0637 0.4250 0.3159 0.0125
84 0.0289 0.0612 0.2170 0.6479 0.0143 0.0305
85 0.0747 0.0959 0.2374 0.5107 0.0239 0.0573
86 0.0381 0.3420 0.3264 0.2622 0.0111 0.0201
87 0.0540 0.0810 0.3518 0.4517 0.0131 0.0484
88 0.0491 0.0939 0.3276 0.4478 0.0150 0.0666
89 0.0322 0.1272 0.2959 0.4106 0.0394 0.0945
90 0.0411 0.0806 0.2856 0.3784 0.0589 0.1553
91 0.0450 0.2268 0.2034 0.3625 0.1214 0.0410
92 0.0532 0.2581 0.3313 0.2747 0.0496 0.0333
93 0.0405 0.1761 0.3042 0.3447 0.0734 0.0609
94 0.0348 0.1810 0.3127 0.2939 0.1098 0.0676
95 0.0415 0.0775 0.4255 0.3213 0.0892 0.0449
96 0.0304 0.2390 0.2316 0.4128 0.0712 0.0149
97 0.0166 0.0475 0.1038 0.7432 0.0692 0.0198
98 0.0238 0.0369 0.0928 0.6147 0.1904 0.0412
99 0.0118 0.0724 0.0991 0.7319 0.0649 0.0197
100 0.0156 0.0340 0.1133 0.6836 0.1265 0.0269
101 0.0101 0.0676 0.0842 0.5664 0.2435 0.0282
102 0.0235 0.0279 0.0967 0.4399 0.3481 0.0639
103 0.0205 0.0434 0.0837 0.3442 0.4854 0.0227
104 0.0283 0.0525 0.0674 0.2625 0.5732 0.0161
105 0.0442 0.0690 0.1052 0.3447 0.3906 0.0463
106 0.0493 0.1138 0.1321 0.1581 0.5181 0.0286
107 0.0493 0.0555 0.1029 0.2627 0.4832 0.0464
108 0.0498 0.0337 0.0498 0.1365 0.7041 0.0262
109 0.0426 0.0908 0.1750 0.2247 0.4402 0.0266
110 0.0316 0.1028 0.1174 0.2228 0.5020 0.0237
111 0.0231 0.0555 0.1281 0.3765 0.3706 0.0460
112 0.0376 0.0510 0.1123 0.3301 0.4172 0.0518
113 0.0287 0.0647 0.1414 0.4636 0.2725 0.0292
114 0.0239 0.0742 0.1243 0.3171 0.4404 0.0200
115 0.0461 0.0841 0.1823 0.3513 0.2737 0.0625
116 0.0541 0.0851 0.1403 0.2747 0.4189 0.0270
117 0.0499 0.0437 0.1263 0.2634 0.4844 0.0322
118 0.1009 0.0636 0.1152 0.2896 0.3896 0.0411
119 0.0659 0.0311 0.0846 0.3269 0.4468 0.0449
120 0.0448 0.0308 0.0744 0.2942 0.5083 0.0473
121 0.0296 0.0332 0.0737 0.5117 0.3010 0.0507
122 0.0435 0.0309 0.1138 0.4065 0.3533 0.0521
123 0.0410 0.0235 0.0625 0.3860 0.4729 0.0142
124 0.0325 0.0169 0.0428 0.4971 0.3872 0.0236
125 0.0365 0.0152 0.0931 0.4238 0.3860 0.0454
126 0.0411 0.0193 0.0971 0.5503 0.2404 0.0520
127 0.0480 0.0161 0.0579 0.3896 0.4556 0.0330
128 0.0258 0.0239 0.0826 0.3071 0.5303 0.0302
129 0.0257 0.0175 0.0589 0.4707 0.3965 0.0306
130 0.0133 0.0244 0.0612 0.5898 0.3013 0.0099
131 0.1173 0.0886 0.2484 0.2092 0.3240 0.0126
132 0.1331 0.0628 0.1935 0.1438 0.3848 0.0820
133 0.1118 0.1059 0.3018 0.1459 0.3018 0.0331
134 0.0600 0.0148 0.0701 0.0521 0.7905 0.0125
135 0.1199 0.0320 0.1317 0.0919 0.6187 0.0061
136 0.0644 0.0765 0.0908 0.0937 0.6709 0.0038
137 0.1221 0.2355 0.1777 0.2144 0.2178 0.0326
138 0.0588 0.1586 0.6172 0.0760 0.0469 0.0423
139 0.0492 0.0739 0.5991 0.1125 0.0948 0.0704
140 0.1309 0.0546 0.5342 0.1604 0.0316 0.0886
141 0.0287 0.1549 0.3716 0.3835 0.0273 0.0340
142 0.0400 0.1711 0.3918 0.3003 0.0327 0.0640
143 0.0555 0.1499 0.5396 0.1545 0.0601 0.0403
144 0.0363 0.2422 0.4893 0.1886 0.0178 0.0259
145 0.0524 0.0684 0.2350 0.4189 0.0244 0.2009
146 0.0305 0.0598 0.1456 0.4150 0.0257 0.3232
147 0.0311 0.0806 0.2561 0.4287 0.0459 0.1577
148 0.0319 0.0765 0.2247 0.4199 0.0457 0.2014
149 0.0306 0.1155 0.2261 0.3237 0.0227 0.2812
150 0.0452 0.1328 0.1962 0.3135 0.2367 0.0756
151 0.1161 0.2256 0.2556 0.2764 0.1009 0.0255
152 0.0460 0.1193 0.4102 0.3296 0.0659 0.0292
153 0.0761 0.0693 0.4961 0.2783 0.0583 0.0218
154 0.0357 0.1218 0.5376 0.2277 0.0441 0.0331
155 0.0705 0.0485 0.3635 0.2461 0.1639 0.1075
156 0.0461 0.0167 0.0522 0.2231 0.5786 0.0834
157 0.0750 0.1338 0.2661 0.3208 0.1381 0.0662
158 0.0651 0.0889 0.1942 0.1825 0.4309 0.0385
159 0.0249 0.0097 0.0527 0.5493 0.3601 0.0032
160 0.0168 0.0082 0.0898 0.0320 0.8521 0.0010
161 0.0269 0.0094 0.1071 0.0139 0.8423 0.0003
162 0.0524 0.0338 0.3784 0.2025 0.3286 0.0042
163 0.0381 0.0399 0.4460 0.3367 0.1339 0.0053
164 0.0971 0.0805 0.4058 0.2500 0.1565 0.0102
165 0.0651 0.0389 0.2457 0.4590 0.1514 0.0398
166 0.0311 0.0550 0.2279 0.4900 0.1720 0.0240
167 0.0468 0.0692 0.1536 0.4958 0.1824 0.0522
168 0.0520 0.2090 0.2812 0.3611 0.0504 0.0463
169 0.0503 0.1039 0.2416 0.2695 0.0692 0.2654
170 0.0388 0.0975 0.3301 0.3625 0.0809 0.0902
171 0.0477 0.0716 0.1539 0.2620 0.0193 0.4456
172 0.0579 0.1133 0.2253 0.2717 0.1064 0.2253
173 0.0934 0.1228 0.2482 0.3137 0.1101 0.1118
174 0.0393 0.0541 0.2996 0.5425 0.0352 0.0290
175 0.0653 0.0222 0.0478 0.7358 0.1060 0.0229
176 0.1482 0.0572 0.1011 0.4426 0.2157 0.0352
177 0.1079 0.0337 0.1204 0.4404 0.2285 0.0692
178 0.1400 0.0408 0.0804 0.4248 0.2742 0.0398
179 0.1731 0.0445 0.1067 0.4856 0.1307 0.0594
180 0.1437 0.0442 0.1019 0.5015 0.1483 0.0604
181 0.0787 0.0381 0.1042 0.5293 0.2041 0.0455
182 0.1754 0.0910 0.1205 0.3079 0.2673 0.0379
183 0.0976 0.0391 0.0875 0.4045 0.3149 0.0565
184 0.1130 0.0564 0.1251 0.3621 0.2568 0.0867
185 0.0909 0.0188 0.0697 0.6309 0.1223 0.0676
186 0.0735 0.0929 0.2211 0.2930 0.2795 0.0403
187 0.0440 0.1283 0.3176 0.2360 0.2435 0.0307
188 0.0440 0.0692 0.2305 0.3406 0.2695 0.0461
189 0.0180 0.0363 0.1531 0.2905 0.4641 0.0381
190 0.0514 0.0582 0.1970 0.5273 0.1105 0.0556
191 0.0603 0.0469 0.2384 0.6089 0.0182 0.0274
192 0.0507 0.2183 0.3330 0.3330 0.0359 0.0293
193 0.0507 0.0612 0.1884 0.6372 0.0146 0.0480
194 0.0563 0.1156 0.2299 0.5264 0.0446 0.0275
195 0.0390 0.1520 0.2505 0.4197 0.0880 0.0509
196 0.0242 0.0398 0.1434 0.6846 0.0608 0.0473
197 0.0288 0.0659 0.2646 0.5024 0.0133 0.1250
198 0.0320 0.1456 0.2678 0.4849 0.0063 0.0636
199 0.0399 0.0678 0.1873 0.6235 0.0185 0.0627
200 0.0510 0.0487 0.1896 0.5840 0.0191 0.1080
201 0.0457 0.0790 0.2080 0.6113 0.0223 0.0334
202 0.0415 0.1094 0.3167 0.4980 0.0139 0.0204
203 0.0971 0.0598 0.2155 0.5503 0.0545 0.0229
204 0.0598 0.1099 0.3838 0.3662 0.0527 0.0278
205 0.0539 0.0611 0.2961 0.5117 0.0433 0.0338
206 0.0462 0.1257 0.4597 0.3110 0.0386 0.0187
207 0.0679 0.1394 0.4292 0.3091 0.0341 0.0201
208 0.0436 0.2083 0.4141 0.2847 0.0141 0.0353
209 0.0369 0.1370 0.3843 0.4026 0.0157 0.0236
210 0.0386 0.0511 0.1284 0.5669 0.1226 0.0925
211 0.0605 0.0595 0.1777 0.3218 0.2976 0.0826
212 0.0589 0.0891 0.2137 0.2104 0.2788 0.1492
213 0.0701 0.2905 0.3616 0.1372 0.0914 0.0490
214 0.0461 0.3572 0.4241 0.1133 0.0249 0.0345
215 0.0586 0.1997 0.4866 0.1120 0.0396 0.1036
216 0.0591 0.2249 0.4473 0.1453 0.0522 0.0714
217 0.0673 0.2329 0.4778 0.1135 0.0444 0.0641
218 0.0566 0.1917 0.5210 0.1296 0.0227 0.0786
219 0.0453 0.2065 0.6460 0.0692 0.0083 0.0247
220 0.0613 0.1566 0.4978 0.1519 0.0103 0.1220
221 0.0493 0.2041 0.6191 0.0706 0.0101 0.0470
222 0.0385 0.1896 0.6616 0.0616 0.0126 0.0362
223 0.0511 0.1033 0.3335 0.2808 0.0637 0.1677
224 0.0938 0.1344 0.3174 0.3430 0.0373 0.0742
225 0.0819 0.0546 0.0943 0.6968 0.0250 0.0474
226 0.0524 0.1771 0.3691 0.3750 0.0133 0.0129
227 0.0735 0.2408 0.4717 0.1763 0.0179 0.0199
228 0.1146 0.2502 0.3066 0.2793 0.0369 0.0122
229 0.1182 0.0673 0.3755 0.3875 0.0272 0.0246
230 0.0919 0.0500 0.3867 0.2920 0.0327 0.1467
231 0.0908 0.0901 0.5605 0.1792 0.0219 0.0573
232 0.0956 0.0721 0.6431 0.1117 0.0249 0.0528
233 0.1021 0.0644 0.5698 0.1271 0.0244 0.1122
234 0.1058 0.1025 0.5127 0.1857 0.0171 0.0762
235 0.1017 0.0368 0.2086 0.3777 0.1526 0.1226
236 0.1257 0.2278 0.3582 0.2622 0.0173 0.0088
237 0.1208 0.2056 0.2639 0.3840 0.0190 0.0064
238 0.1420 0.0703 0.1313 0.6265 0.0170 0.0128
239 0.1436 0.1626 0.2766 0.3442 0.0549 0.0181
240 0.1089 0.1334 0.2654 0.3984 0.0862 0.0075
241 0.1199 0.1296 0.3015 0.3994 0.0323 0.0170
242 0.2474 0.1598 0.2676 0.2634 0.0495 0.0125
243 0.1097 0.0561 0.3772 0.2983 0.0999 0.0587
244 0.1065 0.1265 0.2678 0.2290 0.2290 0.0411
245 0.0403 0.0551 0.2180 0.5742 0.0457 0.0665
246 0.1362 0.0190 0.0396 0.5825 0.2177 0.0048
247 0.1838 0.0275 0.0709 0.4551 0.2554 0.0072
248 0.0989 0.0168 0.0600 0.4790 0.3398 0.0055
249 0.0967 0.0233 0.0670 0.5830 0.2249 0.0049
