time exciting_prob fearful_prob tense_prob sad_prob relaxing_prob neutral_prob
0 0.3044 0.1508 0.0845 0.2408 0.0228 0.1965
1 0.0270 0.0381 0.0336 0.0042 0.8867 0.0105
2 0.0538 0.0784 0.0742 0.0059 0.7671 0.0208
3 0.0417 0.0627 0.0444 0.0016 0.8452 0.0042
4 0.0425 0.0482 0.0493 0.2297 0.6245 0.0058
5 0.0645 0.0587 0.1387 0.1866 0.4917 0.0597
6 0.0457 0.1023 0.7676 0.0671 0.0011 0.0162
7 0.0990 0.0432 0.0175 0.0043 0.8286 0.0072
8 0.0628 0.0334 0.0283 0.0019 0.8604 0.0135
9 0.0343 0.1783 0.4414 0.2400 0.0340 0.0720
10 0.0479 0.2233 0.1429 0.1909 0.3767 0.0182
11 0.1207 0.1689 0.4182 0.2458 0.0278 0.0185
12 0.2620 0.1034 0.4387 0.1135 0.0608 0.0217
13 0.0134 0.0911 0.1455 0.7056 0.0172 0.0273
14 0.1562 0.0354 0.2421 0.3467 0.1664 0.0532
15 0.0772 0.0200 0.0903 0.7437 0.0394 0.0293
16 0.2473 0.0340 0.3079 0.2759 0.0815 0.0535
17 0.7397 0.0484 0.1915 0.0052 0.0138 0.0014
18 0.6108 0.0533 0.3169 0.0080 0.0093 0.0019
19 0.5254 0.1201 0.1591 0.1666 0.0222 0.0067
20 0.4224 0.0920 0.2351 0.2107 0.0272 0.0126
21 0.0026 0.0031 0.0281 0.0038 0.9160 0.0463
22 0.0059 0.0136 0.0261 0.0019 0.9346 0.0177
23 0.0425 0.0972 0.5342 0.1904 0.0186 0.1173
24 0.0414 0.1515 0.5898 0.1638 0.0128 0.0405
25 0.0271 0.1609 0.2454 0.0011 0.5615 0.0041
26 0.0158 0.1176 0.1272 0.0004 0.7319 0.0070
27 0.0080 0.0301 0.0914 0.0042 0.8403 0.0262
28 0.0231 0.2109 0.1044 0.0011 0.6499 0.0104
29 0.3474 0.0706 0.1298 0.3313 0.0717 0.0493
30 0.1158 0.1312 0.1440 0.4578 0.0522 0.0990
31 0.2223 0.3015 0.3391 0.0255 0.1002 0.0113
32 0.0709 0.1768 0.4172 0.1910 0.0953 0.0487
33 0.0310 0.1245 0.0816 0.0007 0.7505 0.0116
34 0.0111 0.0525 0.0613 0.0007 0.8672 0.0074
35 0.0208 0.5005 0.2366 0.0598 0.1758 0.0064
36 0.0097 0.1375 0.7788 0.0649 0.0019 0.0071
37 0.0152 0.0574 0.4377 0.4448 0.0047 0.0401
38 0.1056 0.4243 0.0875 0.0382 0.1882 0.1561
39 0.1624 0.4414 0.0904 0.0322 0.1235 0.1501
40 0.0231 0.7944 0.1026 0.0185 0.0399 0.0215
41 0.0162 0.0719 0.0713 0.0023 0.8291 0.0094
42 0.0188 0.0792 0.0877 0.0024 0.7939 0.0180
43 0.1111 0.2177 0.1891 0.0133 0.3533 0.1156
44 0.0488 0.3577 0.1743 0.0044 0.3928 0.0223
45 0.0166 0.3250 0.3005 0.0074 0.2959 0.0547
46 0.2983 0.4045 0.1809 0.0192 0.0875 0.0097
47 0.2986 0.3330 0.2615 0.0203 0.0737 0.0131
48 0.0718 0.2128 0.4299 0.1353 0.0853 0.0649
49 0.0797 0.2961 0.5889 0.0085 0.0218 0.0052
50 0.1186 0.0332 0.0569 0.1837 0.0237 0.5840
51 0.2445 0.2971 0.2483 0.0169 0.0250 0.1681
52 0.0219 0.5142 0.3821 0.0233 0.0033 0.0551
53 0.1172 0.3235 0.4563 0.0318 0.0485 0.0227
54 0.0988 0.8081 0.0618 0.0198 0.0012 0.0101
55 0.1301 0.4470 0.3455 0.0187 0.0031 0.0555
56 0.0226 0.1396 0.7202 0.0959 0.0055 0.0163
57 0.0397 0.3513 0.3569 0.1014 0.0086 0.1420
58 0.0175 0.7002 0.1125 0.1337 0.0031 0.0330
59 0.0439 0.4131 0.2585 0.2246 0.0152 0.0446
60 0.0872 0.2245 0.1935 0.0839 0.0439 0.3672
61 0.0955 0.1785 0.0682 0.2852 0.0985 0.2742
62 0.0350 0.5273 0.3457 0.0135 0.0050 0.0736
63 0.0609 0.5430 0.2373 0.1078 0.0326 0.0182
64 0.3174 0.1836 0.2451 0.2097 0.0337 0.0105
65 0.0415 0.4822 0.4255 0.0147 0.0131 0.0229
66 0.0891 0.2089 0.3259 0.0212 0.0341 0.3208
67 0.1527 0.3413 0.3931 0.0305 0.0792 0.0032
68 0.2445 0.4534 0.2043 0.0093 0.0190 0.0695
69 0.0347 0.5923 0.3374 0.0116 0.0113 0.0127
70 0.1116 0.2168 0.5537 0.0602 0.0265 0.0315
71 0.2159 0.2281 0.1484 0.0550 0.1495 0.2029
72 0.0432 0.5435 0.3733 0.0189 0.0196 0.0017
73 0.0288 0.5557 0.4001 0.0052 0.0095 0.0008
74 0.1989 0.2717 0.1598 0.0869 0.0430 0.2399
75 0.0708 0.3098 0.3567 0.1711 0.0676 0.0239
76 0.3171 0.2146 0.1864 0.0022 0.2734 0.0065
77 0.3398 0.2466 0.2354 0.0015 0.1736 0.0032
78 0.2302 0.3147 0.3074 0.0091 0.1343 0.0043
79 0.0616 0.0345 0.1754 0.6025 0.1015 0.0245
80 0.1461 0.1249 0.3240 0.1818 0.2209 0.0021
81 0.0421 0.1639 0.7520 0.0178 0.0213 0.0027
82 0.0412 0.1061 0.5474 0.2546 0.0429 0.0076
83 0.2046 0.1005 0.2373 0.0547 0.3945 0.0084
84 0.2654 0.1178 0.3381 0.0100 0.2654 0.0030
85 0.0991 0.5703 0.2781 0.0056 0.0443 0.0024
86 0.1053 0.6255 0.2031 0.0043 0.0605 0.0011
87 0.1175 0.0460 0.1175 0.6353 0.0221 0.0619
88 0.1174 0.4539 0.3293 0.0302 0.0429 0.0264
89 0.1251 0.0446 0.0922 0.4436 0.0930 0.2015
90 0.0556 0.0578 0.1376 0.5034 0.1376 0.1080
91 0.1427 0.0643 0.1260 0.3701 0.1891 0.1077
92 0.2905 0.1111 0.1519 0.1036 0.3115 0.0313
93 0.3867 0.1960 0.2700 0.0094 0.1285 0.0093
94 0.4231 0.2356 0.1863 0.0048 0.1439 0.0061
95 0.3625 0.1866 0.2360 0.0110 0.1986 0.0053
96 0.2006 0.2786 0.4556 0.0169 0.0437 0.0049
97 0.1575 0.3896 0.3577 0.0092 0.0750 0.0111
98 0.1703 0.2598 0.3206 0.0106 0.2136 0.0253
99 0.3645 0.1021 0.1212 0.0814 0.1777 0.1532
100 0.0788 0.7358 0.1567 0.0046 0.0138 0.0102
101 0.1449 0.5962 0.1630 0.0080 0.0442 0.0439
102 0.0507 0.3201 0.4241 0.0692 0.1345 0.0014
103 0.0667 0.3552 0.4631 0.0162 0.0978 0.0009
104 0.0576 0.2729 0.5957 0.0093 0.0638 0.0005
105 0.1113 0.3171 0.4949 0.0078 0.0681 0.0010
106 0.4126 0.0943 0.1361 0.1011 0.1506 0.1052
107 0.0630 0.3057 0.4480 0.0984 0.0495 0.0354
108 0.0924 0.3542 0.4443 0.0671 0.0330 0.0090
109 0.0919 0.5454 0.1813 0.0308 0.1236 0.0271
110 0.2803 0.1687 0.3923 0.0472 0.0731 0.0382
111 0.1995 0.1680 0.5640 0.0132 0.0188 0.0366
112 0.1171 0.2900 0.5293 0.0313 0.0120 0.0205
113 0.3801 0.1809 0.2937 0.0583 0.0569 0.0300
114 0.4006 0.1406 0.3096 0.0262 0.0268 0.0959
115 0.0788 0.4194 0.2076 0.1520 0.0521 0.0900
116 0.0726 0.5405 0.2219 0.0386 0.1073 0.0189
117 0.3516 0.1726 0.3354 0.0450 0.0376 0.0578
118 0.3970 0.2771 0.1890 0.0384 0.0352 0.0633
119 0.1874 0.3162 0.3696 0.0466 0.0199 0.0603
120 0.2189 0.0287 0.2900 0.2106 0.0942 0.1577
121 0.4114 0.3574 0.0761 0.0667 0.0677 0.0206
122 0.1862 0.0283 0.1020 0.5469 0.1004 0.0361
123 0.2825 0.0797 0.2133 0.2051 0.1942 0.0251
124 0.3171 0.1375 0.2842 0.0691 0.1353 0.0569
125 0.1368 0.4890 0.3467 0.0101 0.0138 0.0037
126 0.0667 0.6431 0.2617 0.0184 0.0092 0.0011
127 0.2634 0.2068 0.4016 0.0382 0.0732 0.0167
128 0.4155 0.1627 0.3555 0.0123 0.0405 0.0135
129 0.0989 0.1835 0.4265 0.0807 0.1569 0.0534
130 0.0720 0.2167 0.5801 0.0465 0.0579 0.0271
131 0.0792 0.2327 0.5449 0.0293 0.0454 0.0682
132 0.1334 0.2200 0.3831 0.0417 0.1881 0.0337
133 0.0193 0.5957 0.3394 0.0062 0.0349 0.0047
134 0.0740 0.2191 0.5054 0.0525 0.0336 0.1155
135 0.0532 0.0616 0.1198 0.0136 0.7280 0.0238
136 0.0282 0.0760 0.2529 0.0596 0.5483 0.0348
137 0.0082 0.0231 0.1392 0.7178 0.0177 0.0941
138 0.0416 0.0178 0.6265 0.1635 0.0917 0.0592
139 0.0269 0.0237 0.6880 0.1047 0.0991 0.0574
140 0.1166 0.4167 0.3914 0.0079 0.0206 0.0468
141 0.0893 0.3044 0.5020 0.0133 0.0521 0.0390
142 0.0294 0.0202 0.7773 0.0914 0.0638 0.0180
143 0.0332 0.0379 0.7437 0.0847 0.0754 0.0254
144 0.1189 0.2876 0.4385 0.0383 0.0612 0.0557
145 0.0246 0.1395 0.4504 0.3145 0.0345 0.0364
146 0.3416 0.0508 0.0294 0.1638 0.0089 0.4055
147 0.1281 0.3320 0.3911 0.0252 0.0192 0.1045
148 0.0751 0.2278 0.4290 0.0292 0.0075 0.2314
149 0.0331 0.0624 0.1644 0.0586 0.0104 0.6709
150 0.1109 0.1118 0.7344 0.0160 0.0049 0.0220
151 0.0606 0.1687 0.7104 0.0335 0.0039 0.0230
152 0.1382 0.1733 0.4224 0.0418 0.0120 0.2124
153 0.0826 0.6401 0.1696 0.0299 0.0073 0.0707
154 0.0703 0.3176 0.4619 0.0909 0.0019 0.0574
155 0.0457 0.1087 0.7544 0.0479 0.0186 0.0246
156 0.0692 0.1242 0.6665 0.0771 0.0040 0.0591
157 0.0897 0.2805 0.2893 0.3032 0.0223 0.0150
158 0.0619 0.4827 0.3879 0.0047 0.0542 0.0086
159 0.0928 0.1965 0.1331 0.2524 0.0347 0.2905
160 0.3267 0.4194 0.1790 0.0107 0.0375 0.0268
161 0.0537 0.2280 0.6348 0.0707 0.0065 0.0064
162 0.0514 0.2002 0.4917 0.1660 0.0611 0.0295
163 0.0341 0.1229 0.4822 0.3113 0.0116 0.0378
164 0.0473 0.2786 0.3928 0.0677 0.1716 0.0417
165 0.1350 0.2075 0.2996 0.0301 0.2158 0.1119
166 0.3623 0.0230 0.1608 0.2822 0.0620 0.1097
167 0.1803 0.1044 0.1383 0.1279 0.0614 0.3877
168 0.0917 0.1141 0.2269 0.0141 0.0091 0.5444
169 0.0443 0.4072 0.2096 0.0195 0.3098 0.0095
170 0.0728 0.1371 0.2705 0.1393 0.0965 0.2837
171 0.2179 0.2864 0.3220 0.0281 0.1185 0.0273
172 0.1631 0.2817 0.4539 0.0113 0.0634 0.0266
173 0.3464 0.1927 0.1702 0.0206 0.2118 0.0583
174 0.2568 0.2798 0.2712 0.0197 0.1343 0.0382
175 0.0787 0.1238 0.1978 0.1978 0.1317 0.2703
176 0.1895 0.1214 0.4441 0.0282 0.0771 0.1398
177 0.1444 0.3774 0.3384 0.0127 0.0552 0.0720
178 0.0861 0.0916 0.7432 0.0083 0.0591 0.0116
179 0.1653 0.1298 0.6094 0.0114 0.0647 0.0197
180 0.0528 0.0942 0.7700 0.0040 0.0613 0.0176
181 0.1647 0.3950 0.4207 0.0061 0.0063 0.0071
182 0.2156 0.2642 0.2009 0.0296 0.0493 0.2405
183 0.2561 0.3066 0.1681 0.0222 0.0489 0.1980
184 0.2969 0.4893 0.1801 0.0055 0.0185 0.0098
185 0.3472 0.2172 0.1541 0.0155 0.0558 0.2104
186 0.0969 0.0946 0.1866 0.1304 0.0367 0.4548
187 0.0442 0.2444 0.5259 0.1035 0.0442 0.0381
188 0.1816 0.1163 0.3113 0.0281 0.1145 0.2482
189 0.1880 0.1476 0.3887 0.0262 0.1088 0.1407
190 0.2937 0.3250 0.3250 0.0174 0.0332 0.0059
191 0.2064 0.1865 0.2490 0.0828 0.0605 0.2147
192 0.0490 0.5229 0.3376 0.0364 0.0055 0.0483
193 0.0522 0.5522 0.1908 0.1157 0.0600 0.0293
194 0.0826 0.1875 0.6494 0.0051 0.0619 0.0135
195 0.1575 0.1217 0.6084 0.0048 0.0926 0.0151
196 0.0756 0.2681 0.4778 0.0562 0.0303 0.0919
197 0.0579 0.4053 0.3928 0.0437 0.0276 0.0727
198 0.0617 0.0617 0.3723 0.0217 0.4492 0.0333
199 0.0472 0.0962 0.4697 0.0081 0.3660 0.0128
200 0.1346 0.2036 0.3926 0.0105 0.1990 0.0597
201 0.1092 0.3235 0.4561 0.0112 0.0811 0.0191
202 0.0926 0.0544 0.1652 0.1552 0.4929 0.0398
203 0.0955 0.0213 0.1930 0.1650 0.4150 0.1100
204 0.2167 0.1782 0.3923 0.0123 0.1796 0.0210
205 0.1460 0.2771 0.3845 0.0029 0.1803 0.0093
206 0.1328 0.1026 0.6387 0.1018 0.0069 0.0174
207 0.5830 0.0873 0.0629 0.0880 0.0735 0.1053
208 0.5298 0.0957 0.1182 0.0769 0.0585 0.1210
209 0.8135 0.0806 0.0459 0.0099 0.0338 0.0161
210 0.0027 0.1124 0.0810 0.7329 0.0548 0.0161
211 0.0080 0.0464 0.0472 0.0060 0.8901 0.0022
212 0.0173 0.4263 0.3093 0.1848 0.0456 0.0167
213 0.0230 0.2319 0.3945 0.2283 0.0610 0.0614
214 0.3496 0.1017 0.3442 0.0101 0.1539 0.0405
215 0.2585 0.1736 0.4099 0.0120 0.1406 0.0053
216 0.0716 0.0557 0.0780 0.0140 0.7754 0.0052
217 0.0225 0.1758 0.3037 0.4023 0.0451 0.0508
218 0.0243 0.1572 0.3176 0.4143 0.0307 0.0556
219 0.1309 0.1372 0.3188 0.2445 0.0260 0.1426
220 0.4023 0.1946 0.1539 0.0492 0.1401 0.0598
221 0.6309 0.1195 0.1333 0.0334 0.0345 0.0483
222 0.4009 0.2629 0.1582 0.0192 0.1232 0.0356
223 0.0235 0.1619 0.3621 0.2230 0.0559 0.1737
224 0.0726 0.2417 0.4844 0.1410 0.0437 0.0166
225 0.1012 0.3291 0.4863 0.0463 0.0159 0.0210
226 0.0137 0.1530 0.2727 0.5508 0.0015 0.0081
227 0.0347 0.0980 0.7954 0.0594 0.0010 0.0117
228 0.0164 0.1459 0.8013 0.0235 0.0042 0.0090
229 0.1006 0.2302 0.4651 0.0475 0.0410 0.1157
230 0.7148 0.0475 0.1252 0.0188 0.0802 0.0132
231 0.0953 0.1753 0.1409 0.0543 0.5151 0.0188
232 0.3105 0.0693 0.1315 0.0145 0.2986 0.1755
233 0.1348 0.2008 0.0652 0.0313 0.5630 0.0047
234 0.0737 0.2935 0.4141 0.0797 0.0790 0.0601
235 0.0880 0.3647 0.3706 0.0534 0.0894 0.0339
236 0.2483 0.5215 0.1720 0.0110 0.0244 0.0229
237 0.2502 0.3669 0.1542 0.0326 0.0851 0.1110
238 0.0121 0.2003 0.3152 0.4375 0.0324 0.0025
239 0.0199 0.3608 0.4058 0.1109 0.0956 0.0070
240 0.0491 0.4204 0.2651 0.0606 0.2002 0.0045
241 0.2922 0.2769 0.3015 0.0164 0.0408 0.0722
242 0.3696 0.2090 0.2642 0.0146 0.0906 0.0520
243 0.1285 0.5986 0.2102 0.0092 0.0257 0.0276
244 0.1464 0.2649 0.5068 0.0108 0.0321 0.0391
245 0.0921 0.2837 0.3191 0.0800 0.2227 0.0025
246 0.1056 0.3435 0.4016 0.0110 0.0579 0.0803
247 0.1772 0.2329 0.4087 0.0164 0.0891 0.0756
248 0.2393 0.2954 0.3794 0.0334 0.0378 0.0148
249 0.2097 0.4075 0.1895 0.0142 0.0280 0.1511
250 0.1903 0.3162 0.1565 0.0233 0.0072 0.3064
251 0.1065 0.1433 0.2615 0.0215 0.0118 0.4553
252 0.1400 0.4380 0.3154 0.0178 0.0243 0.0646
253 0.1885 0.1265 0.6274 0.0278 0.0210 0.0087
254 0.2194 0.0826 0.6348 0.0509 0.0088 0.0036
255 0.1287 0.3665 0.4216 0.0247 0.0524 0.0062
256 0.0536 0.3933 0.3311 0.0637 0.0678 0.0905
257 0.0148 0.6772 0.2781 0.0104 0.0111 0.0084
258 0.1317 0.2725 0.3901 0.0357 0.0667 0.1034
259 0.2333 0.1119 0.4094 0.1415 0.0195 0.0845
260 0.2590 0.0385 0.3027 0.3174 0.0413 0.0410
261 0.2979 0.1765 0.4724 0.0180 0.0314 0.0039
262 0.3523 0.1306 0.4521 0.0272 0.0335 0.0043
263 0.1396 0.1375 0.6460 0.0385 0.0302 0.0083
264 0.0348 0.3887 0.3887 0.0141 0.1725 0.0011
265 0.0275 0.3591 0.3591 0.0586 0.1923 0.0033
266 0.0270 0.5210 0.3259 0.0132 0.1127 0.0004
267 0.0277 0.5654 0.2798 0.0100 0.1167 0.0004
268 0.0532 0.0389 0.1126 0.7119 0.0799 0.0035
269 0.1537 0.0836 0.1688 0.4885 0.0583 0.0469
270 0.1569 0.0853 0.1697 0.4612 0.0551 0.0718
271 0.1652 0.0608 0.2122 0.4026 0.0421 0.1172
272 0.1526 0.0374 0.0710 0.4280 0.0169 0.2942
273 0.1687 0.0499 0.0447 0.3628 0.0225 0.3516
274 0.4883 0.3628 0.0377 0.0159 0.0889 0.0064
275 0.4900 0.3586 0.0378 0.0164 0.0906 0.0066
276 0.4915 0.3596 0.0391 0.0180 0.0854 0.0066
277 0.4888 0.3633 0.0392 0.0179 0.0843 0.0065
278 0.4888 0.3633 0.0392 0.0179 0.0843 0.0065
279 0.4873 0.3621 0.0397 0.0183 0.0860 0.0067
280 0.4873 0.3621 0.0397 0.0183 0.0860 0.0067
281 0.4873 0.3623 0.0394 0.0183 0.0860 0.0067
282 0.4873 0.3621 0.0376 0.0175 0.0887 0.0068
283 0.4871 0.3618 0.0378 0.0176 0.0887 0.0069
