time exciting_prob fearful_prob tense_prob sad_prob relaxing_prob neutral_prob
0 0.9512 0.0022 0.0176 0.0045 0.0246 0.0000
1 0.9429 0.0027 0.0213 0.0052 0.0280 0.0000
2 0.9453 0.0026 0.0202 0.0047 0.0272 0.0000
3 0.1136 0.1553 0.1349 0.1288 0.0181 0.4492
4 0.1136 0.1553 0.1349 0.1288 0.0181 0.4492
5 0.1136 0.1553 0.1349 0.1288 0.0181 0.4492
6 0.1136 0.1553 0.1349 0.1288 0.0181 0.4492
7 0.1136 0.1553 0.1349 0.1288 0.0181 0.4492
8 0.1552 0.1504 0.3782 0.2725 0.0145 0.0294
9 0.0594 0.0865 0.3264 0.4062 0.0879 0.0334
10 0.1434 0.1348 0.2292 0.3662 0.1002 0.0261
11 0.0866 0.1569 0.5474 0.1982 0.0077 0.0032
12 0.1708 0.3616 0.3616 0.0914 0.0087 0.0062
13 0.1904 0.2905 0.4641 0.0439 0.0066 0.0046
14 0.1632 0.1533 0.3977 0.2610 0.0078 0.0169
15 0.2068 0.0773 0.2494 0.4114 0.0293 0.0259
16 0.0498 0.1582 0.3298 0.4368 0.0093 0.0160
17 0.1083 0.1731 0.3184 0.3721 0.0217 0.0066
18 0.1481 0.1083 0.5767 0.1307 0.0257 0.0104
19 0.1576 0.1992 0.3899 0.2056 0.0296 0.0181
20 0.0643 0.0623 0.2245 0.5820 0.0212 0.0456
21 0.1136 0.1553 0.1349 0.1288 0.0181 0.4492
22 0.1381 0.6235 0.0864 0.1101 0.0114 0.0303
23 0.0559 0.2079 0.4985 0.1923 0.0025 0.0429
24 0.0417 0.1946 0.3691 0.3750 0.0033 0.0161
25 0.0988 0.1904 0.4863 0.1964 0.0058 0.0222
26 0.0925 0.1622 0.4275 0.3032 0.0029 0.0116
27 0.1046 0.0578 0.3596 0.4404 0.0160 0.0216
28 0.1000 0.1304 0.6318 0.1187 0.0108 0.0084
29 0.0504 0.1390 0.0756 0.6328 0.0955 0.0068
30 0.0756 0.2678 0.2118 0.2988 0.1367 0.0093
31 0.0506 0.1752 0.0909 0.6113 0.0635 0.0083
32 0.0764 0.0740 0.4978 0.1720 0.1404 0.0396
33 0.0898 0.1528 0.4153 0.1267 0.1931 0.0224
34 0.0575 0.0864 0.4316 0.2422 0.1180 0.0641
35 0.0906 0.1888 0.1201 0.4749 0.1043 0.0214
36 0.2966 0.2576 0.1575 0.1885 0.0876 0.0121
37 0.4231 0.3120 0.0981 0.1310 0.0212 0.0147
38 0.3904 0.4565 0.0700 0.0608 0.0155 0.0067
39 0.2349 0.4670 0.2747 0.0185 0.0030 0.0020
40 0.1510 0.4138 0.3403 0.0655 0.0092 0.0201
41 0.2018 0.2673 0.1293 0.1740 0.0665 0.1609
42 0.3315 0.4568 0.1578 0.0299 0.0165 0.0076
43 0.2383 0.2786 0.4417 0.0211 0.0116 0.0087
44 0.0377 0.1256 0.8325 0.0023 0.0007 0.0014
45 0.0932 0.6572 0.1755 0.0327 0.0119 0.0293
46 0.1055 0.5400 0.3079 0.0211 0.0111 0.0144
47 0.0271 0.5698 0.3511 0.0410 0.0072 0.0035
48 0.0381 0.3701 0.5137 0.0595 0.0110 0.0074
49 0.0762 0.1074 0.2966 0.3867 0.0222 0.1108
50 0.0589 0.4966 0.2086 0.1855 0.0085 0.0417
51 0.0521 0.1935 0.3728 0.3188 0.0099 0.0529
52 0.0771 0.2197 0.6162 0.0605 0.0124 0.0142
53 0.0956 0.4092 0.4221 0.0445 0.0045 0.0242
54 0.0213 0.0693 0.5415 0.2639 0.0151 0.0891
55 0.0200 0.2559 0.6235 0.0927 0.0038 0.0042
56 0.0642 0.0684 0.5815 0.1541 0.0157 0.1163
57 0.0336 0.4097 0.5342 0.0204 0.0006 0.0016
58 0.0157 0.2196 0.4873 0.2096 0.0021 0.0659
59 0.0565 0.2084 0.6421 0.0548 0.0094 0.0289
60 0.0215 0.5181 0.3972 0.0572 0.0005 0.0055
61 0.0920 0.3696 0.4746 0.0442 0.0100 0.0096
62 0.0517 0.6392 0.2793 0.0217 0.0047 0.0035
63 0.2559 0.2766 0.3110 0.1118 0.0251 0.0196
64 0.0793 0.2520 0.4563 0.1349 0.0053 0.0722
65 0.0792 0.2103 0.6377 0.0562 0.0059 0.0105
66 0.0352 0.4321 0.2462 0.1979 0.0079 0.0806
67 0.0641 0.1255 0.7104 0.0836 0.0043 0.0119
68 0.0889 0.2100 0.4658 0.2167 0.0112 0.0074
69 0.0503 0.2893 0.3491 0.2939 0.0132 0.0043
70 0.0261 0.3604 0.3130 0.2896 0.0071 0.0041
71 0.0710 0.4595 0.2810 0.1266 0.0218 0.0402
72 0.0196 0.6040 0.1504 0.2087 0.0016 0.0155
73 0.0813 0.2729 0.3242 0.1531 0.1340 0.0344
74 0.1552 0.2205 0.5806 0.0267 0.0121 0.0049
75 0.0252 0.7241 0.1519 0.0202 0.0706 0.0079
76 0.0369 0.4602 0.2386 0.0283 0.2313 0.0047
77 0.0261 0.7744 0.1675 0.0164 0.0012 0.0144
78 0.0422 0.3909 0.3396 0.2125 0.0113 0.0037
79 0.0963 0.4739 0.3633 0.0421 0.0058 0.0188
80 0.0482 0.6597 0.2427 0.0244 0.0086 0.0168
81 0.3330 0.0704 0.4922 0.0903 0.0076 0.0066
82 0.1212 0.4612 0.2430 0.1486 0.0175 0.0086
83 0.0501 0.4001 0.1980 0.3020 0.0154 0.0344
84 0.0381 0.3916 0.1353 0.3735 0.0564 0.0051
85 0.0116 0.8076 0.1591 0.0197 0.0002 0.0018
86 0.3916 0.1131 0.3403 0.1185 0.0085 0.0279
87 0.0999 0.3225 0.3276 0.1971 0.0183 0.0343
88 0.0320 0.3159 0.5371 0.0905 0.0155 0.0090
89 0.0246 0.4355 0.3965 0.1349 0.0058 0.0027
90 0.0345 0.5986 0.1073 0.2495 0.0056 0.0047
91 0.1494 0.2313 0.2058 0.3696 0.0102 0.0336
92 0.1537 0.2961 0.2343 0.2698 0.0284 0.0178
93 0.1438 0.4226 0.3240 0.0609 0.0215 0.0272
94 0.1343 0.1724 0.2507 0.3171 0.1062 0.0192
95 0.2690 0.2000 0.2607 0.0847 0.1820 0.0038
96 0.2812 0.3501 0.2424 0.0825 0.0059 0.0378
97 0.0476 0.3054 0.4514 0.1560 0.0183 0.0211
98 0.1565 0.7012 0.0837 0.0448 0.0025 0.0110
99 0.2308 0.6177 0.0804 0.0575 0.0037 0.0099
100 0.1237 0.1614 0.2832 0.3013 0.0739 0.0566
101 0.1203 0.1300 0.4199 0.2430 0.0309 0.0559
102 0.0848 0.3328 0.4141 0.0748 0.0205 0.0731
103 0.1023 0.6772 0.1635 0.0370 0.0025 0.0174
104 0.1656 0.2487 0.4717 0.0525 0.0299 0.0316
105 0.2991 0.1652 0.3811 0.0986 0.0107 0.0452
106 0.0588 0.3130 0.4019 0.1346 0.0269 0.0646
107 0.1031 0.6025 0.1957 0.0565 0.0033 0.0388
108 0.0652 0.0933 0.1827 0.5898 0.0095 0.0593
109 0.0754 0.4238 0.0692 0.2983 0.0200 0.1132
110 0.1179 0.5845 0.1586 0.1065 0.0075 0.0249
111 0.1267 0.3040 0.2367 0.1482 0.1577 0.0268
112 0.2266 0.4578 0.1908 0.0297 0.0350 0.0601
113 0.1273 0.2512 0.3862 0.1635 0.0182 0.0535
114 0.0599 0.6147 0.2561 0.0558 0.0031 0.0103
115 0.2288 0.3252 0.3381 0.0726 0.0176 0.0179
116 0.0423 0.2554 0.3489 0.3330 0.0122 0.0081
117 0.0364 0.3621 0.3096 0.2732 0.0145 0.0043
118 0.0575 0.3992 0.3870 0.1126 0.0408 0.0029
119 0.1453 0.4802 0.3125 0.0197 0.0239 0.0186
120 0.1117 0.6582 0.1227 0.0444 0.0276 0.0354
121 0.1469 0.2786 0.3662 0.1326 0.0540 0.0218
122 0.0530 0.3857 0.3918 0.1105 0.0565 0.0025
123 0.0435 0.2996 0.5913 0.0581 0.0054 0.0022
124 0.0499 0.0862 0.2382 0.4114 0.0786 0.1357
125 0.0991 0.0670 0.7261 0.0350 0.0403 0.0324
126 0.1729 0.1207 0.2052 0.2634 0.1245 0.1133
127 0.1454 0.0374 0.1366 0.4478 0.1500 0.0828
128 0.0936 0.0674 0.1891 0.4683 0.0614 0.1202
129 0.2947 0.0567 0.0899 0.3289 0.1414 0.0885
130 0.1793 0.3594 0.2671 0.0753 0.0059 0.1131
131 0.1627 0.0418 0.0898 0.3088 0.3235 0.0734
132 0.3538 0.1375 0.0582 0.1105 0.3147 0.0254
133 0.0989 0.4399 0.3508 0.0547 0.0088 0.0468
134 0.0501 0.1906 0.6250 0.1129 0.0025 0.0190
135 0.2289 0.1729 0.2362 0.2849 0.0667 0.0105
136 0.2039 0.5586 0.0398 0.1479 0.0480 0.0019
137 0.0529 0.3506 0.5693 0.0158 0.0075 0.0041
138 0.0976 0.0317 0.1584 0.6772 0.0161 0.0189
139 0.3013 0.0672 0.1515 0.4382 0.0102 0.0315
140 0.0303 0.6099 0.1329 0.1774 0.0328 0.0169
141 0.0422 0.2998 0.5098 0.1211 0.0106 0.0166
142 0.1869 0.5669 0.1854 0.0437 0.0108 0.0063
143 0.0486 0.1543 0.0226 0.5303 0.2142 0.0299
144 0.1367 0.1411 0.0182 0.2219 0.4773 0.0047
145 0.0994 0.0892 0.2878 0.2423 0.1298 0.1516
146 0.0329 0.3477 0.4829 0.1111 0.0106 0.0148
147 0.0296 0.3264 0.5640 0.0684 0.0060 0.0059
148 0.0752 0.1655 0.6548 0.0795 0.0141 0.0108
149 0.0449 0.2209 0.2280 0.3318 0.0852 0.0893
150 0.0388 0.4722 0.1792 0.1440 0.1311 0.0347
151 0.0302 0.3857 0.2377 0.1038 0.2163 0.0262
152 0.0416 0.6201 0.1863 0.0283 0.1147 0.0088
153 0.0661 0.7568 0.1057 0.0215 0.0386 0.0114
154 0.0941 0.0986 0.1171 0.5415 0.0504 0.0986
155 0.0507 0.3687 0.4731 0.0836 0.0086 0.0154
156 0.0320 0.3955 0.5156 0.0320 0.0017 0.0230
157 0.0197 0.1560 0.8047 0.0152 0.0014 0.0031
158 0.0595 0.0922 0.3762 0.3762 0.0082 0.0880
159 0.0467 0.1416 0.4500 0.2859 0.0059 0.0701
160 0.1079 0.6260 0.1185 0.0702 0.0275 0.0502
161 0.0516 0.4287 0.3843 0.1075 0.0022 0.0255
162 0.0969 0.0778 0.2937 0.4622 0.0510 0.0185
163 0.0981 0.1300 0.4868 0.2264 0.0384 0.0201
164 0.0965 0.2407 0.3215 0.2563 0.0581 0.0270
165 0.0905 0.5767 0.1901 0.0762 0.0212 0.0455
166 0.0564 0.1038 0.4170 0.2568 0.0714 0.0945
167 0.0312 0.2491 0.0737 0.3982 0.0314 0.2164
168 0.0914 0.3215 0.2316 0.2837 0.0428 0.0288
169 0.0490 0.2177 0.6704 0.0460 0.0104 0.0064
170 0.0391 0.1865 0.3652 0.3826 0.0191 0.0076
171 0.1090 0.0918 0.2272 0.5366 0.0157 0.0199
172 0.0618 0.0914 0.1249 0.5684 0.0118 0.1415
173 0.0894 0.3169 0.3647 0.1952 0.0224 0.0115
174 0.1050 0.3965 0.3552 0.1172 0.0138 0.0124
175 0.2395 0.1698 0.3003 0.1122 0.1323 0.0457
176 0.1746 0.6089 0.1002 0.0871 0.0117 0.0174
177 0.1257 0.2834 0.1393 0.2791 0.1102 0.0623
178 0.0650 0.2959 0.5703 0.0479 0.0095 0.0114
179 0.0822 0.5527 0.0822 0.2532 0.0286 0.0010
180 0.0410 0.6514 0.1476 0.1499 0.0098 0.0005
181 0.0306 0.1439 0.4231 0.3677 0.0064 0.0284
182 0.0994 0.5083 0.1991 0.1600 0.0265 0.0065
183 0.1096 0.0881 0.7261 0.0596 0.0042 0.0124
184 0.0723 0.3589 0.4609 0.0669 0.0100 0.0309
185 0.1376 0.4407 0.2551 0.1283 0.0175 0.0209
186 0.0558 0.5771 0.2174 0.0658 0.0396 0.0442
187 0.1045 0.5142 0.1484 0.0685 0.0364 0.1279
188 0.1061 0.1241 0.3220 0.3884 0.0192 0.0403
189 0.0557 0.2874 0.3633 0.2496 0.0177 0.0263
190 0.2103 0.4453 0.2944 0.0149 0.0222 0.0129
191 0.0851 0.2749 0.2971 0.3264 0.0149 0.0017
192 0.1071 0.2935 0.2981 0.2181 0.0506 0.0324
193 0.0667 0.6084 0.1901 0.0804 0.0124 0.0417
194 0.1213 0.1054 0.3003 0.2910 0.1312 0.0506
195 0.0936 0.2708 0.3701 0.1981 0.0497 0.0177
196 0.0818 0.6094 0.2173 0.0757 0.0040 0.0119
197 0.0679 0.5142 0.2061 0.1748 0.0196 0.0176
198 0.1390 0.0884 0.2365 0.3606 0.1552 0.0203
199 0.1356 0.1824 0.2379 0.3054 0.1254 0.0132
200 0.0798 0.1884 0.2006 0.4590 0.0414 0.0310
201 0.1968 0.2230 0.3508 0.1290 0.0915 0.0089
202 0.0951 0.4263 0.1593 0.2428 0.0712 0.0054
203 0.0638 0.0795 0.0690 0.5781 0.1967 0.0128
204 0.1199 0.1976 0.0780 0.1799 0.4185 0.0061
205 0.1969 0.3025 0.3884 0.0510 0.0076 0.0534
206 0.0734 0.2600 0.6338 0.0276 0.0018 0.0033
207 0.1239 0.1043 0.2622 0.3367 0.1259 0.0470
208 0.0590 0.3115 0.3315 0.2583 0.0054 0.0344
209 0.1561 0.1958 0.4807 0.1274 0.0146 0.0253
210 0.1215 0.5195 0.2083 0.0552 0.0056 0.0903
211 0.1050 0.2122 0.5171 0.0589 0.1034 0.0037
212 0.0889 0.3152 0.3462 0.1714 0.0286 0.0499
213 0.1599 0.6035 0.1990 0.0330 0.0005 0.0041
214 0.1356 0.6997 0.0760 0.0693 0.0075 0.0121
215 0.1333 0.4651 0.3623 0.0262 0.0097 0.0036
216 0.1438 0.5298 0.2974 0.0172 0.0100 0.0019
217 0.0609 0.4502 0.3674 0.0770 0.0190 0.0252
218 0.2278 0.3584 0.2925 0.0988 0.0165 0.0062
219 0.1002 0.3040 0.3901 0.1154 0.0485 0.0418
220 0.0972 0.0818 0.5254 0.2727 0.0088 0.0141
221 0.1260 0.3423 0.4065 0.0729 0.0393 0.0130
222 0.0294 0.7593 0.1720 0.0264 0.0015 0.0116
223 0.1019 0.3289 0.5420 0.0193 0.0043 0.0037
224 0.0269 0.4995 0.4478 0.0234 0.0006 0.0019
225 0.0314 0.4983 0.4468 0.0209 0.0008 0.0020
226 0.0417 0.4351 0.4419 0.0721 0.0022 0.0068
227 0.1270 0.5303 0.2355 0.0533 0.0384 0.0153
228 0.0360 0.5859 0.2443 0.1248 0.0074 0.0016
229 0.1423 0.5854 0.1665 0.0857 0.0016 0.0184
230 0.0459 0.4895 0.3933 0.0652 0.0027 0.0033
231 0.0446 0.4475 0.4475 0.0569 0.0015 0.0021
232 0.1876 0.1617 0.4717 0.0944 0.0718 0.0128
233 0.0371 0.1057 0.2827 0.5454 0.0089 0.0203
234 0.0954 0.3713 0.4919 0.0312 0.0067 0.0034
235 0.2627 0.3093 0.1013 0.2335 0.0179 0.0753
236 0.1547 0.2357 0.2671 0.2844 0.0200 0.0382
237 0.0806 0.2771 0.3289 0.2561 0.0147 0.0425
238 0.0406 0.2957 0.4043 0.2097 0.0170 0.0327
239 0.0248 0.5562 0.3535 0.0586 0.0044 0.0025
240 0.3311 0.2966 0.2384 0.0492 0.0744 0.0104
241 0.2341 0.2654 0.2803 0.1015 0.0895 0.0293
242 0.1793 0.2146 0.5229 0.0538 0.0254 0.0041
243 0.0775 0.4253 0.4895 0.0040 0.0018 0.0021
244 0.0395 0.0715 0.1237 0.6685 0.0632 0.0338
245 0.0474 0.1788 0.1268 0.5596 0.0396 0.0478
246 0.0390 0.4260 0.5059 0.0233 0.0024 0.0034
247 0.0363 0.4858 0.4563 0.0173 0.0016 0.0025
248 0.0412 0.4712 0.4565 0.0274 0.0018 0.0019
249 0.0326 0.5171 0.4290 0.0186 0.0008 0.0019
250 0.1044 0.2976 0.5303 0.0367 0.0201 0.0108
251 0.1033 0.2118 0.5942 0.0579 0.0238 0.0091
252 0.0267 0.1442 0.4106 0.3569 0.0154 0.0461
253 0.1136 0.1553 0.1349 0.1288 0.0181 0.4492
