time exciting_prob fearful_prob tense_prob sad_prob relaxing_prob neutral_prob
0 0.1136 0.1553 0.1349 0.1288 0.0181 0.4492
1 0.2554 0.5078 0.0785 0.0862 0.0507 0.0211
2 0.0602 0.0374 0.0166 0.6372 0.0388 0.2101
3 0.1312 0.0720 0.0225 0.6167 0.0506 0.1071
4 0.0481 0.0212 0.0162 0.0127 0.8999 0.0021
5 0.0327 0.0116 0.0152 0.0179 0.9199 0.0028
6 0.0576 0.0258 0.0250 0.0235 0.8662 0.0018
7 0.0510 0.0665 0.1453 0.0909 0.1986 0.4475
8 0.0594 0.1296 0.1564 0.0964 0.1946 0.3635
9 0.0200 0.0681 0.0158 0.0286 0.8560 0.0118
10 0.6064 0.2095 0.0361 0.0997 0.0243 0.0241
11 0.3984 0.1324 0.0289 0.3201 0.0220 0.0984
12 0.3379 0.2002 0.1454 0.2472 0.0162 0.0530
13 0.2206 0.3469 0.1458 0.1718 0.0066 0.1083
14 0.1630 0.1310 0.0795 0.3218 0.0187 0.2861
15 0.1901 0.4419 0.1017 0.1626 0.0090 0.0948
16 0.2715 0.2303 0.1344 0.1865 0.0125 0.1647
17 0.0199 0.0080 0.0162 0.0383 0.9126 0.0051
18 0.0123 0.0227 0.0057 0.0072 0.9512 0.0010
19 0.1499 0.2216 0.0692 0.1672 0.0091 0.3828
20 0.0131 0.0821 0.0991 0.0450 0.7432 0.0173
21 0.6396 0.2688 0.0170 0.0347 0.0336 0.0063
22 0.0251 0.0218 0.0292 0.0210 0.8999 0.0027
23 0.0742 0.0522 0.0158 0.0494 0.7607 0.0475
24 0.2512 0.3127 0.1560 0.1796 0.0059 0.0946
25 0.0626 0.3542 0.1388 0.1345 0.2512 0.0587
26 0.4138 0.2114 0.0461 0.1195 0.1312 0.0778
27 0.0489 0.2705 0.0838 0.1328 0.4602 0.0038
28 0.0780 0.1718 0.2404 0.1976 0.2876 0.0246
29 0.2034 0.0261 0.0213 0.4729 0.0457 0.2305
30 0.1970 0.0582 0.1079 0.5698 0.0130 0.0539
31 0.1162 0.1135 0.0964 0.1678 0.4780 0.0280
32 0.1249 0.0958 0.1847 0.3972 0.0069 0.1906
33 0.0748 0.0953 0.2147 0.2114 0.4011 0.0026
34 0.0339 0.6763 0.0789 0.1582 0.0359 0.0168
35 0.1560 0.4175 0.1283 0.2739 0.0096 0.0146
36 0.1686 0.0573 0.1122 0.4583 0.0186 0.1851
37 0.1693 0.5098 0.2108 0.0717 0.0120 0.0266
38 0.1848 0.0634 0.0353 0.6553 0.0163 0.0453
39 0.0737 0.5278 0.1466 0.1234 0.1187 0.0098
40 0.2549 0.0406 0.0180 0.4993 0.0225 0.1647
41 0.6558 0.1464 0.0226 0.0543 0.0629 0.0582
42 0.0667 0.3081 0.1637 0.3035 0.1378 0.0202
43 0.0955 0.1116 0.3228 0.3438 0.0249 0.1016
44 0.0681 0.1398 0.3101 0.4106 0.0379 0.0337
45 0.0825 0.0679 0.0892 0.1627 0.5859 0.0116
46 0.0779 0.0362 0.0236 0.0720 0.7866 0.0038
47 0.4927 0.1256 0.0593 0.1870 0.1171 0.0182
48 0.1354 0.1272 0.0534 0.1985 0.3171 0.1685
49 0.0342 0.0131 0.0388 0.7207 0.0394 0.1534
50 0.2603 0.4714 0.0996 0.1120 0.0321 0.0246
51 0.0633 0.1554 0.2192 0.1846 0.2903 0.0872
52 0.0817 0.0926 0.1266 0.2188 0.2991 0.1814
53 0.0396 0.1591 0.5298 0.0599 0.1747 0.0369
54 0.0128 0.0184 0.0041 0.0537 0.9009 0.0103
55 0.5215 0.0399 0.0728 0.3140 0.0165 0.0352
56 0.1971 0.1824 0.2131 0.3054 0.0370 0.0650
57 0.2062 0.4365 0.2411 0.0887 0.0237 0.0039
58 0.0988 0.4426 0.1874 0.1248 0.1288 0.0177
59 0.0421 0.3367 0.2242 0.2242 0.1591 0.0136
60 0.0665 0.1570 0.1923 0.4070 0.0624 0.1148
61 0.4399 0.0190 0.0659 0.4004 0.0235 0.0513
62 0.3853 0.0619 0.0248 0.0826 0.4365 0.0090
63 0.1646 0.0998 0.0518 0.0162 0.6660 0.0014
64 0.1959 0.4214 0.0804 0.2037 0.0118 0.0869
65 0.6084 0.0515 0.0986 0.1915 0.0360 0.0138
66 0.4358 0.1043 0.1060 0.2426 0.1011 0.0102
67 0.2184 0.3330 0.2534 0.1142 0.0134 0.0676
68 0.2239 0.1526 0.1066 0.2220 0.2896 0.0052
69 0.2869 0.1410 0.1056 0.2803 0.1782 0.0081
70 0.2632 0.0650 0.1465 0.3828 0.1365 0.0061
71 0.9058 0.0359 0.0138 0.0238 0.0127 0.0080
72 0.4695 0.2117 0.0932 0.1525 0.0150 0.0583
73 0.3757 0.1182 0.0520 0.3816 0.0481 0.0244
74 0.1361 0.0260 0.0995 0.6196 0.0323 0.0865
75 0.2030 0.4199 0.1737 0.1406 0.0182 0.0446
76 0.3796 0.1006 0.0676 0.3855 0.0547 0.0119
77 0.4705 0.0762 0.0448 0.2991 0.1010 0.0088
78 0.6548 0.0367 0.0399 0.2045 0.0254 0.0387
79 0.1304 0.4805 0.1942 0.1548 0.0066 0.0335
80 0.5635 0.1744 0.0411 0.0657 0.1458 0.0096
81 0.3157 0.2659 0.1337 0.0523 0.0320 0.2007
82 0.3279 0.0836 0.0583 0.2515 0.0816 0.1973
83 0.3159 0.0949 0.0229 0.3472 0.0151 0.2040
84 0.0037 0.0062 0.0535 0.0026 0.9331 0.0007
85 0.4890 0.1813 0.1033 0.1515 0.0570 0.0178
86 0.4690 0.2358 0.0655 0.1431 0.0790 0.0075
87 0.2629 0.5356 0.1114 0.0502 0.0106 0.0293
88 0.2405 0.3499 0.1801 0.1830 0.0372 0.0095
89 0.4099 0.0795 0.1631 0.2144 0.1290 0.0044
90 0.1949 0.1119 0.0563 0.3845 0.2483 0.0040
91 0.5918 0.1202 0.0852 0.0839 0.1138 0.0053
92 0.4912 0.1724 0.1385 0.1311 0.0645 0.0023
93 0.2734 0.5107 0.1332 0.0654 0.0137 0.0035
94 0.2871 0.2678 0.0823 0.3384 0.0074 0.0170
95 0.1877 0.4683 0.2449 0.0696 0.0139 0.0154
96 0.1777 0.5225 0.2411 0.0490 0.0067 0.0028
97 0.3650 0.3481 0.1475 0.0959 0.0314 0.0122
98 0.0448 0.2205 0.2537 0.2458 0.2136 0.0217
99 0.3323 0.2129 0.0959 0.1521 0.2047 0.0020
100 0.0323 0.5205 0.1885 0.2007 0.0144 0.0437
101 0.0260 0.5225 0.0145 0.0099 0.4263 0.0009
102 0.2054 0.3206 0.1870 0.1152 0.0106 0.1613
103 0.0206 0.6821 0.0625 0.1046 0.1167 0.0134
104 0.5610 0.2147 0.0314 0.0748 0.0233 0.0945
105 0.0454 0.5283 0.3206 0.0626 0.0024 0.0407
106 0.0276 0.7710 0.1230 0.0210 0.0558 0.0013
107 0.7812 0.1256 0.0249 0.0298 0.0338 0.0046
108 0.0787 0.2993 0.0528 0.0492 0.5171 0.0031
109 0.0615 0.1344 0.0314 0.0426 0.7261 0.0039
110 0.2405 0.1843 0.0431 0.1902 0.0159 0.3262
111 0.0903 0.2515 0.0869 0.1107 0.4482 0.0125
112 0.0153 0.4492 0.2189 0.2810 0.0242 0.0115
113 0.0849 0.2871 0.5122 0.0495 0.0037 0.0626
114 0.0540 0.1854 0.1884 0.1315 0.0094 0.4312
115 0.6733 0.1041 0.0143 0.0389 0.1527 0.0165
116 0.1388 0.5239 0.0760 0.1957 0.0592 0.0064
117 0.1194 0.5269 0.1292 0.0930 0.1194 0.0120
118 0.0431 0.1930 0.3550 0.3386 0.0527 0.0178
119 0.0237 0.1078 0.5649 0.2930 0.0042 0.0064
120 0.0517 0.2793 0.1592 0.3215 0.0412 0.1472
121 0.2930 0.1968 0.1175 0.1222 0.1086 0.1619
122 0.1862 0.4131 0.1427 0.1036 0.1372 0.0173
123 0.0704 0.6841 0.1677 0.0637 0.0032 0.0107
124 0.1635 0.2098 0.1465 0.1511 0.2869 0.0423
125 0.0510 0.4993 0.2216 0.0596 0.0114 0.1571
126 0.0965 0.3530 0.4749 0.0478 0.0222 0.0057
127 0.2002 0.2147 0.1571 0.2822 0.0697 0.0760
128 0.0404 0.1726 0.1622 0.2512 0.0356 0.3379
129 0.1477 0.0939 0.1243 0.1366 0.1205 0.3770
130 0.5220 0.1052 0.0936 0.0505 0.1997 0.0290
131 0.0410 0.5151 0.2081 0.0731 0.0105 0.1522
132 0.0981 0.0873 0.2177 0.4004 0.0311 0.1655
133 0.2629 0.3457 0.1262 0.2001 0.0453 0.0198
134 0.2130 0.0953 0.0931 0.2452 0.2471 0.1063
135 0.2446 0.2371 0.1111 0.3093 0.0813 0.0166
136 0.1382 0.4062 0.1519 0.1747 0.1094 0.0196
137 0.1514 0.4849 0.0993 0.1207 0.1152 0.0287
138 0.0095 0.8628 0.0815 0.0397 0.0021 0.0042
139 0.0555 0.1045 0.1045 0.6704 0.0268 0.0381
140 0.0577 0.1792 0.0901 0.4871 0.1764 0.0094
141 0.0250 0.6504 0.2886 0.0300 0.0037 0.0023
142 0.0964 0.7012 0.1010 0.0608 0.0402 0.0006
143 0.0199 0.5166 0.1757 0.1785 0.0046 0.1049
144 0.0040 0.7451 0.0947 0.1514 0.0035 0.0017
145 0.1292 0.2267 0.1451 0.3049 0.0827 0.1113
146 0.0662 0.1946 0.1126 0.3013 0.0593 0.2659
147 0.1039 0.3435 0.1016 0.1151 0.3228 0.0132
148 0.0050 0.4619 0.0635 0.4619 0.0038 0.0040
149 0.1294 0.6079 0.1974 0.0298 0.0325 0.0031
150 0.1030 0.4011 0.2113 0.0724 0.2048 0.0073
151 0.4702 0.0970 0.1899 0.1914 0.0200 0.0315
152 0.0406 0.1807 0.3271 0.4072 0.0235 0.0206
153 0.2722 0.2222 0.0804 0.2898 0.0338 0.1017
154 0.1181 0.0536 0.0549 0.5996 0.0268 0.1470
155 0.1230 0.3643 0.1438 0.1472 0.2192 0.0027
156 0.1807 0.2979 0.0998 0.1332 0.2864 0.0020
157 0.0201 0.2644 0.6548 0.0449 0.0146 0.0013
158 0.1475 0.0840 0.1750 0.4136 0.0659 0.1140
159 0.1120 0.1832 0.1846 0.3877 0.1085 0.0238
160 0.3425 0.1230 0.0814 0.2688 0.1279 0.0563
161 0.0976 0.2937 0.3379 0.0961 0.0061 0.1686
162 0.1315 0.5078 0.1783 0.1478 0.0239 0.0105
163 0.0533 0.4160 0.2262 0.1289 0.0590 0.1165
164 0.1256 0.2830 0.1117 0.2852 0.1664 0.0280
165 0.2437 0.2324 0.1215 0.2761 0.1064 0.0200
166 0.0083 0.0348 0.2491 0.0174 0.6670 0.0235
167 0.3760 0.2625 0.1077 0.1643 0.0170 0.0723
168 0.2927 0.0734 0.1137 0.3447 0.1404 0.0349
169 0.0121 0.0503 0.1622 0.4077 0.3381 0.0295
170 0.1342 0.0997 0.1484 0.3879 0.0104 0.2194
171 0.0780 0.1786 0.2460 0.2681 0.0912 0.1381
172 0.3845 0.0341 0.0399 0.3555 0.0306 0.1554
173 0.4175 0.1263 0.0797 0.2961 0.0269 0.0535
174 0.1554 0.0763 0.1191 0.5864 0.0186 0.0442
175 0.1119 0.5425 0.2686 0.0516 0.0190 0.0067
176 0.3733 0.2952 0.0789 0.2126 0.0175 0.0226
177 0.2754 0.0713 0.0446 0.3677 0.1451 0.0959
178 0.0484 0.0508 0.5630 0.1946 0.0270 0.1162
179 0.0334 0.1431 0.7266 0.0748 0.0061 0.0162
180 0.1021 0.1581 0.6865 0.0471 0.0021 0.0040
181 0.0500 0.3015 0.5459 0.0455 0.0455 0.0114
182 0.0477 0.2023 0.4216 0.2942 0.0075 0.0267
183 0.1037 0.1509 0.2954 0.2954 0.0916 0.0629
184 0.0293 0.2732 0.1440 0.4795 0.0119 0.0620
185 0.1522 0.1698 0.3826 0.0692 0.0183 0.2080
186 0.1630 0.1543 0.1202 0.1129 0.3645 0.0852
187 0.0556 0.4409 0.3127 0.1324 0.0447 0.0137
188 0.0281 0.1616 0.7354 0.0156 0.0118 0.0474
189 0.0191 0.0626 0.5327 0.0341 0.1526 0.1990
190 0.0387 0.2522 0.1554 0.5259 0.0127 0.0152
191 0.0575 0.2422 0.5898 0.0444 0.0285 0.0374
192 0.1272 0.0822 0.4878 0.0660 0.0760 0.1609
193 0.1228 0.1829 0.0751 0.1338 0.1218 0.3638
194 0.1917 0.1190 0.0549 0.5049 0.0642 0.0652
195 0.4778 0.1126 0.0817 0.2876 0.0133 0.0270
196 0.2260 0.0181 0.0757 0.5171 0.0238 0.1392
197 0.2021 0.3013 0.3867 0.1033 0.0044 0.0022
198 0.3423 0.0758 0.1020 0.3645 0.0217 0.0936
199 0.0881 0.2590 0.2891 0.2434 0.0156 0.1047
200 0.0481 0.4634 0.2598 0.1481 0.0657 0.0150
201 0.0906 0.5469 0.0740 0.2075 0.0684 0.0127
202 0.1165 0.3044 0.4360 0.1044 0.0321 0.0064
203 0.2277 0.2480 0.2642 0.1993 0.0594 0.0014
204 0.3623 0.1583 0.1149 0.2163 0.0170 0.1312
205 0.6597 0.2175 0.0270 0.0292 0.0242 0.0425
206 0.0646 0.6274 0.2783 0.0131 0.0162 0.0003
207 0.0235 0.1405 0.2209 0.4260 0.0116 0.1776
208 0.1038 0.2097 0.3918 0.2734 0.0147 0.0064
209 0.3354 0.2454 0.1293 0.1377 0.1432 0.0091
210 0.3018 0.1201 0.1654 0.2881 0.0711 0.0537
211 0.0424 0.5547 0.1425 0.1163 0.1403 0.0038
212 0.0837 0.4666 0.1306 0.0683 0.2478 0.0030
213 0.1664 0.4282 0.2186 0.1348 0.0101 0.0421
214 0.0749 0.5322 0.0480 0.0955 0.0737 0.1755
215 0.0960 0.0379 0.0975 0.6611 0.0443 0.0630
216 0.4006 0.0329 0.0316 0.4612 0.0416 0.0321
217 0.6641 0.0408 0.0360 0.1815 0.0141 0.0637
218 0.1044 0.1818 0.3787 0.2484 0.0133 0.0734
219 0.0375 0.3167 0.1862 0.1362 0.3069 0.0163
220 0.1591 0.3584 0.1483 0.0950 0.2351 0.0042
221 0.0881 0.2759 0.2148 0.2715 0.1476 0.0020
222 0.0517 0.5024 0.0826 0.0887 0.2732 0.0015
223 0.0571 0.5591 0.0762 0.0508 0.2559 0.0012
224 0.0454 0.5703 0.0834 0.0660 0.2340 0.0010
225 0.0329 0.6104 0.0801 0.0509 0.2246 0.0011
226 0.0844 0.2947 0.2258 0.3186 0.0678 0.0088
227 0.1136 0.1553 0.1349 0.1288 0.0181 0.4492
