time exciting_prob fearful_prob tense_prob sad_prob relaxing_prob neutral_prob
0 0.1136 0.1553 0.1349 0.1288 0.0181 0.4492
1 0.2153 0.0732 0.0756 0.4216 0.0386 0.1758
2 0.2708 0.1052 0.0794 0.4065 0.0384 0.0996
3 0.2227 0.1210 0.0604 0.4568 0.0290 0.1102
4 0.1152 0.1001 0.0817 0.5410 0.0249 0.1368
5 0.1901 0.0905 0.2639 0.4023 0.0117 0.0414
6 0.2252 0.1809 0.1224 0.3030 0.1387 0.0298
7 0.2871 0.1294 0.1741 0.1636 0.2201 0.0259
8 0.0576 0.0653 0.1669 0.5220 0.0643 0.1240
9 0.0249 0.2654 0.1263 0.3921 0.1215 0.0698
10 0.0083 0.5801 0.3010 0.0540 0.0557 0.0009
11 0.0281 0.5869 0.1193 0.2372 0.0219 0.0064
12 0.1300 0.1952 0.2062 0.0908 0.0753 0.3025
13 0.0526 0.2449 0.1332 0.0873 0.1820 0.3000
14 0.0525 0.2058 0.1460 0.0405 0.2388 0.3164
15 0.1027 0.6196 0.1239 0.0812 0.0668 0.0057
16 0.0112 0.5898 0.2136 0.1744 0.0071 0.0036
17 0.6343 0.1531 0.0658 0.0996 0.0445 0.0027
18 0.0373 0.1385 0.1752 0.5928 0.0224 0.0340
19 0.1649 0.1305 0.1586 0.1016 0.4346 0.0100
20 0.1796 0.1007 0.3152 0.3801 0.0141 0.0103
21 0.1490 0.6084 0.0667 0.0607 0.1143 0.0009
22 0.0081 0.2162 0.1969 0.4578 0.0416 0.0795
23 0.0110 0.1713 0.4514 0.1409 0.0889 0.1366
24 0.6162 0.2130 0.0703 0.0471 0.0342 0.0189
25 0.0164 0.3569 0.1089 0.3625 0.0606 0.0946
26 0.0071 0.4529 0.2539 0.2539 0.0224 0.0098
27 0.0065 0.4324 0.4324 0.1011 0.0106 0.0169
28 0.1177 0.3250 0.2034 0.2891 0.0284 0.0367
29 0.0230 0.6064 0.2197 0.0654 0.0808 0.0046
30 0.0033 0.1300 0.0826 0.7720 0.0089 0.0032
31 0.0561 0.1702 0.5664 0.1549 0.0194 0.0330
32 0.0621 0.2495 0.1501 0.5200 0.0150 0.0030
33 0.1035 0.0618 0.1482 0.5171 0.0466 0.1229
34 0.0591 0.0311 0.1556 0.2229 0.3047 0.2264
35 0.0671 0.0413 0.1511 0.5615 0.0370 0.1420
36 0.0670 0.0192 0.3853 0.4231 0.0353 0.0702
37 0.3516 0.3489 0.1523 0.0574 0.0815 0.0084
38 0.1550 0.4346 0.1514 0.0897 0.1478 0.0215
39 0.1301 0.0370 0.0506 0.6255 0.0464 0.1104
40 0.1343 0.1078 0.1096 0.3323 0.0534 0.2627
41 0.0384 0.1309 0.2561 0.1102 0.3501 0.1146
42 0.0314 0.0246 0.3374 0.1606 0.0326 0.4133
43 0.0772 0.0261 0.0946 0.2306 0.0518 0.5195
44 0.0908 0.0639 0.1194 0.1558 0.2080 0.3621
45 0.2034 0.1781 0.0910 0.2803 0.1064 0.1409
46 0.1407 0.2321 0.2395 0.2981 0.0453 0.0443
47 0.1963 0.3088 0.0942 0.0389 0.3472 0.0147
48 0.2103 0.2205 0.1135 0.0683 0.3635 0.0240
49 0.1537 0.2134 0.4048 0.2068 0.0022 0.0191
50 0.2754 0.2690 0.1070 0.0193 0.3220 0.0073
51 0.2136 0.0963 0.0444 0.0343 0.6040 0.0073
52 0.1084 0.1692 0.2812 0.0668 0.3418 0.0326
53 0.2356 0.0937 0.1395 0.3271 0.1462 0.0577
54 0.1824 0.1740 0.3516 0.0597 0.1987 0.0337
55 0.0713 0.3704 0.3096 0.0741 0.1439 0.0307
56 0.0746 0.1384 0.3242 0.0929 0.2732 0.0966
57 0.4543 0.2096 0.2129 0.0385 0.0808 0.0040
58 0.4268 0.0675 0.2338 0.2374 0.0117 0.0228
59 0.2328 0.0301 0.1758 0.1458 0.3838 0.0318
60 0.0675 0.0967 0.1130 0.5146 0.1835 0.0250
61 0.1702 0.3601 0.2634 0.0230 0.1755 0.0078
62 0.6704 0.1708 0.0542 0.0375 0.0595 0.0076
63 0.3918 0.3828 0.1205 0.0703 0.0334 0.0010
64 0.3374 0.4434 0.1113 0.0654 0.0422 0.0003
65 0.2463 0.0825 0.2603 0.0412 0.3394 0.0304
66 0.1802 0.5337 0.0957 0.1471 0.0412 0.0021
67 0.2742 0.3992 0.0876 0.1198 0.1161 0.0030
68 0.4092 0.1995 0.1172 0.0739 0.1802 0.0201
69 0.2856 0.3755 0.1732 0.0421 0.1210 0.0024
70 0.3140 0.3938 0.0832 0.0590 0.1460 0.0042
71 0.3503 0.5098 0.0859 0.0168 0.0339 0.0032
72 0.2295 0.2406 0.1172 0.3667 0.0331 0.0128
73 0.0970 0.2637 0.1389 0.4280 0.0465 0.0257
74 0.1344 0.3889 0.2131 0.1365 0.1186 0.0086
75 0.5444 0.0790 0.0560 0.0625 0.2551 0.0031
76 0.5000 0.0626 0.1040 0.1586 0.1675 0.0070
77 0.2434 0.2869 0.2360 0.1150 0.1159 0.0029
78 0.1543 0.5303 0.1643 0.0323 0.1174 0.0013
79 0.1266 0.1266 0.1479 0.4814 0.0657 0.0519
80 0.2659 0.2440 0.1886 0.0786 0.2072 0.0156
81 0.1150 0.3486 0.2002 0.2358 0.0875 0.0129
82 0.1122 0.3171 0.3767 0.1385 0.0479 0.0075
83 0.1876 0.6704 0.0718 0.0311 0.0356 0.0033
84 0.0710 0.6328 0.1946 0.0553 0.0374 0.0087
85 0.0437 0.8247 0.1049 0.0175 0.0085 0.0009
86 0.1603 0.2561 0.4192 0.1239 0.0270 0.0135
87 0.2157 0.0580 0.1654 0.5015 0.0493 0.0102
88 0.1498 0.2957 0.4041 0.0551 0.0861 0.0094
89 0.2037 0.3718 0.3333 0.0291 0.0579 0.0043
90 0.1141 0.2034 0.3918 0.2268 0.0569 0.0069
91 0.1317 0.5542 0.2499 0.0405 0.0220 0.0016
92 0.3420 0.2296 0.1980 0.1860 0.0390 0.0053
93 0.2527 0.5024 0.1497 0.0432 0.0493 0.0029
94 0.2751 0.1405 0.1862 0.3369 0.0456 0.0158
95 0.1473 0.2488 0.3169 0.1683 0.1021 0.0165
96 0.1755 0.6177 0.1099 0.0365 0.0583 0.0024
97 0.2812 0.2313 0.1979 0.2350 0.0303 0.0244
98 0.1326 0.2495 0.1065 0.2939 0.1514 0.0661
99 0.1886 0.0994 0.1171 0.5049 0.0824 0.0077
100 0.4641 0.1708 0.1681 0.1461 0.0453 0.0056
101 0.2695 0.3005 0.1609 0.0709 0.1794 0.0188
102 0.2600 0.4971 0.0762 0.0170 0.1459 0.0038
103 0.1733 0.1127 0.1035 0.0734 0.5337 0.0034
104 0.1586 0.4883 0.1537 0.0137 0.1388 0.0469
105 0.2170 0.2365 0.3284 0.0346 0.1827 0.0009
106 0.1428 0.4299 0.3000 0.0397 0.0453 0.0422
107 0.1226 0.4314 0.2363 0.0651 0.0883 0.0562
108 0.0778 0.0394 0.0258 0.0125 0.8428 0.0020
109 0.0651 0.0437 0.0918 0.0693 0.7222 0.0078
110 0.3450 0.2013 0.2245 0.1694 0.0262 0.0336
111 0.1270 0.2839 0.4004 0.1749 0.0100 0.0036
112 0.1267 0.5547 0.2791 0.0289 0.0084 0.0021
113 0.7729 0.1969 0.0029 0.0189 0.0078 0.0008
114 0.3049 0.3350 0.2338 0.0629 0.0605 0.0030
115 0.1478 0.4346 0.2290 0.0704 0.0804 0.0377
116 0.1077 0.3069 0.2109 0.1761 0.1310 0.0674
117 0.1292 0.7036 0.1176 0.0135 0.0327 0.0037
118 0.1486 0.1710 0.1737 0.2301 0.2000 0.0765
119 0.2546 0.4006 0.2527 0.0226 0.0680 0.0013
120 0.6465 0.1971 0.0556 0.0307 0.0656 0.0045
121 0.1400 0.3521 0.0876 0.3013 0.0811 0.0380
122 0.1781 0.2269 0.0606 0.1726 0.0748 0.2869
123 0.1187 0.2715 0.1781 0.2869 0.1015 0.0433
124 0.1598 0.1032 0.2399 0.3491 0.0320 0.1160
125 0.1043 0.4897 0.0935 0.1995 0.0831 0.0299
126 0.1866 0.1323 0.0797 0.4692 0.1243 0.0078
127 0.1643 0.1300 0.1655 0.4397 0.0505 0.0501
128 0.1942 0.3008 0.1169 0.3276 0.0491 0.0114
129 0.2544 0.0576 0.1748 0.2389 0.2175 0.0568
130 0.1132 0.1824 0.1674 0.4478 0.0307 0.0587
131 0.2761 0.1048 0.2324 0.2474 0.1245 0.0149
132 0.0586 0.1053 0.1520 0.6060 0.0075 0.0707
133 0.0811 0.1526 0.1295 0.4812 0.0911 0.0646
134 0.0799 0.1459 0.0812 0.5635 0.1101 0.0196
135 0.1365 0.1055 0.3098 0.3979 0.0208 0.0295
136 0.1094 0.1230 0.0872 0.5386 0.0794 0.0623
137 0.0233 0.6538 0.0949 0.1732 0.0154 0.0393
138 0.2125 0.2076 0.0604 0.3093 0.1847 0.0254
139 0.2026 0.2749 0.3342 0.1128 0.0653 0.0102
140 0.3926 0.3689 0.1729 0.0178 0.0455 0.0023
141 0.1322 0.3350 0.2113 0.1752 0.1407 0.0054
142 0.0699 0.5542 0.2292 0.0524 0.0898 0.0042
143 0.0314 0.8560 0.0778 0.0168 0.0172 0.0010
144 0.1665 0.1447 0.5767 0.0399 0.0500 0.0222
145 0.2236 0.1514 0.3254 0.2382 0.0531 0.0083
146 0.2881 0.0673 0.2042 0.3115 0.0355 0.0935
147 0.2336 0.3762 0.2336 0.0894 0.0586 0.0085
148 0.3184 0.1652 0.0986 0.0305 0.3779 0.0095
149 0.0390 0.6860 0.1460 0.1220 0.0063 0.0007
150 0.1632 0.4265 0.2213 0.1021 0.0675 0.0195
151 0.3301 0.4373 0.1536 0.0417 0.0312 0.0062
152 0.3059 0.2310 0.0756 0.1479 0.2274 0.0121
153 0.2483 0.3877 0.1137 0.0613 0.1693 0.0196
154 0.2120 0.5542 0.1504 0.0212 0.0594 0.0027
155 0.0844 0.4707 0.2122 0.0717 0.1577 0.0033
156 0.0648 0.6245 0.0833 0.2061 0.0132 0.0080
157 0.1226 0.5327 0.1715 0.1143 0.0492 0.0098
158 0.1791 0.2666 0.3940 0.0922 0.0210 0.0471
159 0.1038 0.1453 0.1272 0.4138 0.1140 0.0960
160 0.1112 0.1473 0.1373 0.2195 0.0894 0.2954
161 0.0730 0.5742 0.2671 0.0450 0.0340 0.0065
162 0.2808 0.3721 0.0780 0.1050 0.1492 0.0149
163 0.1980 0.1003 0.4534 0.1720 0.0599 0.0164
164 0.2676 0.1974 0.2456 0.1142 0.0862 0.0889
165 0.0547 0.7329 0.1187 0.0671 0.0144 0.0124
166 0.0687 0.1465 0.4548 0.1376 0.0400 0.1523
167 0.0911 0.1057 0.2615 0.3281 0.0985 0.1152
168 0.0427 0.4143 0.2695 0.1560 0.0583 0.0592
169 0.0280 0.2294 0.4707 0.1602 0.0205 0.0912
170 0.0216 0.1486 0.3401 0.1968 0.0281 0.2649
171 0.0921 0.0623 0.2279 0.5820 0.0193 0.0163
172 0.1048 0.4446 0.2827 0.1008 0.0579 0.0092
173 0.2205 0.3362 0.3232 0.0333 0.0424 0.0444
174 0.1732 0.3723 0.1902 0.0806 0.1370 0.0466
175 0.3823 0.0901 0.0696 0.0403 0.3884 0.0290
176 0.0554 0.5776 0.2484 0.0559 0.0614 0.0013
177 0.2408 0.4463 0.1721 0.0262 0.1069 0.0076
178 0.0178 0.0076 0.0052 0.0112 0.9580 0.0001
179 0.2539 0.3608 0.3337 0.0270 0.0212 0.0032
180 0.1067 0.6904 0.1505 0.0085 0.0415 0.0024
181 0.0854 0.0708 0.0142 0.0213 0.8042 0.0041
182 0.1028 0.1449 0.0170 0.0217 0.7021 0.0112
183 0.1445 0.4084 0.1379 0.0891 0.1198 0.1001
184 0.0623 0.0240 0.0158 0.0226 0.8745 0.0008
185 0.0716 0.0402 0.0459 0.0151 0.8262 0.0012
186 0.2355 0.4792 0.0416 0.0314 0.2111 0.0013
187 0.2157 0.1003 0.1127 0.3447 0.1577 0.0689
188 0.0765 0.3025 0.2629 0.2649 0.0153 0.0777
189 0.1593 0.0887 0.3296 0.2864 0.0718 0.0644
190 0.1075 0.4187 0.0647 0.2725 0.1349 0.0016
191 0.1359 0.1564 0.0786 0.5498 0.0238 0.0553
192 0.0436 0.1926 0.5488 0.0487 0.0842 0.0822
193 0.0549 0.1470 0.4387 0.1665 0.0750 0.1180
194 0.0490 0.3616 0.4790 0.0746 0.0148 0.0209
195 0.0825 0.5171 0.0858 0.1903 0.0806 0.0438
196 0.0896 0.0714 0.1225 0.0917 0.1661 0.4587
197 0.1769 0.4050 0.0918 0.1160 0.1974 0.0128
198 0.0571 0.2542 0.0972 0.5298 0.0278 0.0341
199 0.0704 0.2698 0.3154 0.1188 0.0312 0.1943
200 0.1514 0.1913 0.2069 0.1255 0.2052 0.1198
201 0.0726 0.1335 0.1729 0.4280 0.1841 0.0089
202 0.0563 0.0770 0.3342 0.4292 0.0309 0.0723
203 0.0917 0.0720 0.3379 0.4407 0.0182 0.0397
204 0.1069 0.0446 0.0260 0.0770 0.7427 0.0029
205 0.1335 0.2185 0.1742 0.1537 0.1032 0.2168
206 0.1075 0.2600 0.3665 0.1665 0.0805 0.0190
207 0.1696 0.4946 0.1406 0.0789 0.0595 0.0568
208 0.1111 0.2751 0.2175 0.1012 0.0285 0.2666
209 0.0816 0.0896 0.1215 0.5620 0.0430 0.1024
210 0.2898 0.4456 0.1665 0.0705 0.0234 0.0043
211 0.1370 0.1692 0.3064 0.1589 0.1493 0.0793
212 0.2198 0.4995 0.0917 0.0494 0.1302 0.0093
213 0.2262 0.3142 0.2125 0.0893 0.1111 0.0467
214 0.0634 0.0820 0.1709 0.4102 0.0169 0.2566
215 0.0688 0.1945 0.2186 0.1587 0.0511 0.3083
216 0.1665 0.3259 0.1814 0.1109 0.2024 0.0130
217 0.1289 0.2563 0.3911 0.0563 0.0872 0.0801
218 0.1040 0.4661 0.1884 0.0933 0.1207 0.0276
219 0.2157 0.3240 0.1155 0.1980 0.1259 0.0210
220 0.2272 0.1624 0.1573 0.0465 0.4019 0.0046
221 0.0679 0.6006 0.2389 0.0347 0.0533 0.0048
222 0.1890 0.1542 0.4292 0.0482 0.0769 0.1027
223 0.0657 0.4968 0.3335 0.0716 0.0062 0.0261
224 0.1497 0.1936 0.2505 0.2773 0.1077 0.0212
225 0.1456 0.2327 0.2152 0.3281 0.0732 0.0052
226 0.0919 0.6182 0.1703 0.0646 0.0519 0.0034
227 0.0498 0.3948 0.0916 0.1475 0.2375 0.0789
228 0.1710 0.2842 0.3650 0.0644 0.0853 0.0302
229 0.2358 0.0931 0.2285 0.3596 0.0498 0.0332
230 0.1035 0.1603 0.0463 0.5684 0.0396 0.0819
231 0.1117 0.5288 0.1855 0.1161 0.0211 0.0368
232 0.1260 0.1121 0.1166 0.3535 0.0873 0.2046
233 0.0420 0.1586 0.1661 0.1714 0.3687 0.0932
234 0.1371 0.5771 0.0529 0.1494 0.0438 0.0399
235 0.0991 0.3511 0.0854 0.2756 0.1608 0.0282
236 0.3516 0.2759 0.0620 0.0518 0.2551 0.0035
237 0.0978 0.3691 0.3157 0.1074 0.0912 0.0187
238 0.2147 0.6118 0.0771 0.0714 0.0228 0.0024
239 0.0853 0.1045 0.1724 0.5737 0.0176 0.0464
240 0.2749 0.0590 0.1448 0.3875 0.0920 0.0418
241 0.1981 0.1935 0.1567 0.1920 0.2228 0.0369
242 0.2246 0.0435 0.0375 0.0367 0.6499 0.0075
243 0.2363 0.0503 0.0259 0.0261 0.6528 0.0086
244 0.1670 0.3704 0.1384 0.1005 0.1952 0.0286
245 0.4045 0.0999 0.0407 0.2234 0.2166 0.0149
246 0.0617 0.5586 0.1217 0.2087 0.0298 0.0196
247 0.0499 0.0715 0.2874 0.4590 0.0849 0.0473
248 0.1592 0.1394 0.2524 0.3044 0.1120 0.0326
249 0.0710 0.2188 0.4182 0.0919 0.0401 0.1600
250 0.1346 0.3083 0.3718 0.0804 0.0561 0.0488
251 0.1064 0.5278 0.2849 0.0503 0.0253 0.0052
252 0.1316 0.2874 0.2053 0.2291 0.0940 0.0527
253 0.0984 0.3408 0.1913 0.3491 0.0106 0.0098
254 0.1610 0.3252 0.0992 0.3408 0.0312 0.0427
255 0.1164 0.1616 0.3669 0.3188 0.0331 0.0030
256 0.0212 0.7295 0.1339 0.0957 0.0114 0.0082
257 0.1261 0.5068 0.1765 0.1149 0.0482 0.0275
258 0.2401 0.5005 0.1379 0.0532 0.0651 0.0030
259 0.1272 0.1387 0.2018 0.4014 0.0635 0.0676
260 0.0366 0.0532 0.6738 0.1108 0.0536 0.0721
261 0.1412 0.1664 0.4487 0.0480 0.1066 0.0891
262 0.1283 0.3459 0.3352 0.1488 0.0376 0.0042
263 0.0883 0.2698 0.5532 0.0458 0.0332 0.0097
264 0.2893 0.3127 0.2573 0.0305 0.1080 0.0024
265 0.2301 0.3677 0.0952 0.1521 0.1384 0.0164
266 0.2078 0.4331 0.1384 0.0273 0.1892 0.0042
267 0.0699 0.6797 0.1565 0.0637 0.0225 0.0077
268 0.1243 0.4917 0.1080 0.1365 0.1283 0.0112
269 0.1376 0.4656 0.2181 0.0337 0.1442 0.0008
270 0.1375 0.1938 0.0742 0.4614 0.1063 0.0267
271 0.0306 0.0145 0.0057 0.0035 0.9443 0.0013
272 0.0980 0.1859 0.1350 0.4460 0.0205 0.1146
273 0.1161 0.2053 0.1143 0.4053 0.1236 0.0354
274 0.1044 0.4326 0.1155 0.1416 0.1846 0.0214
275 0.0530 0.0350 0.0137 0.0224 0.8755 0.0004
276 0.1593 0.2585 0.1619 0.3320 0.0770 0.0110
277 0.1017 0.0562 0.0768 0.7173 0.0441 0.0041
278 0.1852 0.0337 0.1080 0.4993 0.0822 0.0917
279 0.0762 0.7520 0.1190 0.0360 0.0162 0.0006
280 0.0723 0.5728 0.2058 0.0892 0.0308 0.0292
281 0.0724 0.0350 0.0309 0.0624 0.7969 0.0022
282 0.1676 0.3413 0.0798 0.3108 0.0926 0.0080
283 0.1375 0.5479 0.2179 0.0432 0.0391 0.0145
284 0.0665 0.5933 0.2847 0.0404 0.0135 0.0017
285 0.1490 0.5493 0.2256 0.0532 0.0169 0.0059
286 0.0197 0.0524 0.0141 0.0383 0.8726 0.0031
287 0.2366 0.2366 0.3284 0.1296 0.0657 0.0032
288 0.1788 0.3188 0.3342 0.0558 0.1119 0.0005
289 0.2656 0.4082 0.1769 0.1099 0.0276 0.0119
290 0.0397 0.5791 0.2452 0.0565 0.0660 0.0134
291 0.3018 0.2603 0.1471 0.2502 0.0290 0.0115
292 0.2325 0.4626 0.2344 0.0335 0.0327 0.0042
293 0.3550 0.4150 0.1401 0.0167 0.0710 0.0021
294 0.4358 0.2603 0.0958 0.0297 0.1733 0.0051
295 0.3584 0.1530 0.0287 0.3875 0.0618 0.0107
296 0.0219 0.0569 0.0120 0.8828 0.0144 0.0119
297 0.0250 0.0649 0.0143 0.8687 0.0159 0.0112
298 0.0227 0.0593 0.0133 0.8784 0.0156 0.0107
299 0.0154 0.0569 0.0085 0.9043 0.0100 0.0050
300 0.1882 0.1687 0.0737 0.2915 0.0437 0.2343
301 0.1882 0.1687 0.0737 0.2915 0.0437 0.2343
