time exciting_prob fearful_prob tense_prob sad_prob relaxing_prob neutral_prob
0 0.1136 0.1553 0.1349 0.1288 0.0181 0.4492
1 0.1346 0.1179 0.4556 0.2517 0.0191 0.0210
2 0.2150 0.1796 0.4241 0.1399 0.0320 0.0096
3 0.0776 0.1581 0.3047 0.4229 0.0314 0.0055
4 0.1594 0.1148 0.5562 0.1428 0.0192 0.0074
5 0.2903 0.1210 0.4497 0.1110 0.0173 0.0107
6 0.1718 0.1144 0.4631 0.2137 0.0175 0.0196
7 0.1475 0.0624 0.6406 0.1281 0.0117 0.0100
8 0.1472 0.1240 0.6055 0.1020 0.0137 0.0078
9 0.0842 0.1225 0.5405 0.2084 0.0215 0.0230
10 0.0950 0.0740 0.3757 0.2209 0.0202 0.2141
11 0.0640 0.0703 0.4619 0.2759 0.0130 0.1150
12 0.0720 0.0742 0.3201 0.3054 0.0087 0.2198
13 0.1626 0.0622 0.5049 0.2347 0.0117 0.0240
14 0.1582 0.0629 0.6064 0.1407 0.0076 0.0239
15 0.1197 0.0646 0.5532 0.2272 0.0085 0.0267
16 0.2417 0.0499 0.4661 0.2068 0.0170 0.0186
17 0.1860 0.0892 0.4126 0.1949 0.0207 0.0965
18 0.3284 0.0870 0.2366 0.2479 0.0532 0.0469
19 0.0820 0.1497 0.1497 0.5391 0.0304 0.0493
20 0.0561 0.1388 0.2805 0.4143 0.0103 0.1000
21 0.1809 0.1344 0.1674 0.4077 0.0461 0.0635
22 0.0894 0.1863 0.3591 0.1984 0.1166 0.0501
23 0.1537 0.2634 0.2534 0.1489 0.0430 0.1377
24 0.2812 0.1309 0.3137 0.1788 0.0604 0.0349
25 0.2255 0.2238 0.2308 0.2438 0.0351 0.0411
26 0.0552 0.1636 0.3984 0.1714 0.0503 0.1610
27 0.0452 0.0813 0.3164 0.3020 0.0235 0.2316
28 0.1545 0.0814 0.4202 0.2756 0.0364 0.0319
29 0.0731 0.3596 0.2888 0.1698 0.0725 0.0362
30 0.0314 0.1794 0.2693 0.3569 0.0809 0.0822
31 0.0527 0.1729 0.1841 0.4021 0.1000 0.0883
32 0.0641 0.2578 0.1771 0.3159 0.1276 0.0575
33 0.0580 0.3870 0.1857 0.2007 0.1189 0.0500
34 0.0581 0.3848 0.2092 0.1735 0.1249 0.0493
35 0.0231 0.4294 0.2372 0.1906 0.1004 0.0193
36 0.0739 0.1678 0.1050 0.5420 0.0733 0.0381
37 0.0605 0.3457 0.0998 0.3403 0.0790 0.0748
38 0.0887 0.3677 0.0696 0.3245 0.0887 0.0609
39 0.0526 0.4690 0.0834 0.2285 0.1006 0.0660
40 0.0528 0.4966 0.0780 0.2239 0.0870 0.0617
41 0.0422 0.5645 0.1094 0.1804 0.0513 0.0525
42 0.0591 0.4263 0.0782 0.3169 0.0820 0.0375
43 0.0963 0.4854 0.0780 0.2479 0.0673 0.0251
44 0.0990 0.5649 0.0432 0.1375 0.1311 0.0241
45 0.0784 0.7324 0.0578 0.0490 0.0766 0.0060
46 0.1198 0.6035 0.0598 0.1207 0.0862 0.0100
47 0.0609 0.6250 0.1147 0.1165 0.0659 0.0169
48 0.0768 0.3843 0.0942 0.3555 0.0536 0.0357
49 0.1215 0.5527 0.0803 0.1344 0.0772 0.0337
50 0.0534 0.4368 0.0730 0.3508 0.0498 0.0361
51 0.0592 0.4238 0.0796 0.3682 0.0443 0.0251
52 0.0275 0.1293 0.0539 0.6670 0.0348 0.0875
53 0.0261 0.2310 0.0612 0.6089 0.0296 0.0434
54 0.0232 0.1599 0.0424 0.7280 0.0230 0.0232
55 0.0422 0.2449 0.0675 0.5693 0.0468 0.0293
56 0.0167 0.0569 0.0192 0.8760 0.0096 0.0218
57 0.0078 0.0647 0.0212 0.8931 0.0074 0.0060
58 0.0188 0.1365 0.0200 0.7852 0.0189 0.0208
59 0.0093 0.0741 0.0422 0.8350 0.0095 0.0299
60 0.0187 0.1855 0.0363 0.7227 0.0121 0.0247
61 0.0090 0.0729 0.0153 0.8877 0.0098 0.0054
62 0.0390 0.1949 0.0609 0.6294 0.0238 0.0521
63 0.0735 0.4431 0.0776 0.2905 0.0399 0.0752
64 0.0280 0.3777 0.1116 0.4414 0.0185 0.0227
65 0.0206 0.2556 0.0897 0.5942 0.0101 0.0300
66 0.0324 0.3982 0.0709 0.4443 0.0247 0.0295
67 0.0831 0.4670 0.1247 0.2578 0.0366 0.0308
68 0.0591 0.3616 0.1682 0.3191 0.0137 0.0782
69 0.1002 0.3843 0.1653 0.2405 0.0227 0.0871
70 0.0732 0.3835 0.0876 0.3438 0.0155 0.0963
71 0.1119 0.5640 0.1259 0.1128 0.0186 0.0668
72 0.0371 0.7007 0.0662 0.1600 0.0141 0.0217
73 0.0558 0.5127 0.0884 0.2832 0.0196 0.0402
74 0.0388 0.6021 0.1105 0.2048 0.0164 0.0273
75 0.1125 0.6426 0.0677 0.0850 0.0612 0.0308
76 0.0524 0.5293 0.0762 0.1978 0.1100 0.0344
77 0.1709 0.6055 0.0403 0.0814 0.0629 0.0390
78 0.1345 0.7158 0.0298 0.0687 0.0420 0.0090
79 0.0742 0.7549 0.0416 0.0719 0.0461 0.0111
80 0.1072 0.6519 0.0447 0.1178 0.0565 0.0220
81 0.0910 0.5361 0.0480 0.1727 0.1206 0.0315
82 0.0659 0.3914 0.0435 0.2817 0.1045 0.1130
83 0.0524 0.3838 0.0549 0.3960 0.0652 0.0477
84 0.0563 0.5176 0.0674 0.2333 0.0851 0.0402
85 0.0349 0.4849 0.0507 0.3660 0.0327 0.0308
86 0.0437 0.3105 0.0437 0.4736 0.0597 0.0687
87 0.0244 0.7144 0.0624 0.1475 0.0345 0.0167
88 0.0211 0.4988 0.0582 0.3945 0.0157 0.0116
89 0.0290 0.5771 0.0485 0.2725 0.0549 0.0180
90 0.0408 0.4285 0.0647 0.3665 0.0402 0.0594
91 0.0289 0.4844 0.0539 0.3279 0.0544 0.0507
92 0.0375 0.4868 0.0493 0.3293 0.0521 0.0449
93 0.0449 0.5469 0.0628 0.2837 0.0361 0.0254
94 0.0748 0.6719 0.0397 0.1323 0.0406 0.0406
95 0.0123 0.4641 0.0501 0.4568 0.0059 0.0108
96 0.0274 0.5327 0.0458 0.3440 0.0263 0.0240
97 0.0366 0.3188 0.0432 0.5596 0.0210 0.0204
98 0.0543 0.4800 0.0526 0.3247 0.0543 0.0342
99 0.0238 0.4854 0.0392 0.4219 0.0162 0.0136
100 0.0482 0.3425 0.0323 0.4331 0.1036 0.0403
101 0.0284 0.0992 0.0103 0.7925 0.0273 0.0420
102 0.0336 0.3843 0.0372 0.4421 0.0558 0.0470
103 0.0199 0.3723 0.0452 0.5010 0.0338 0.0276
104 0.0251 0.4631 0.0934 0.2810 0.0864 0.0511
105 0.0577 0.4070 0.0370 0.3535 0.0789 0.0659
106 0.0659 0.5435 0.0345 0.1807 0.1062 0.0691
107 0.0577 0.6655 0.0724 0.1250 0.0595 0.0199
108 0.0193 0.5952 0.0594 0.2769 0.0231 0.0264
109 0.0511 0.6836 0.0602 0.1235 0.0636 0.0181
110 0.0186 0.7329 0.0518 0.1536 0.0374 0.0056
111 0.0200 0.7734 0.0720 0.1080 0.0216 0.0049
112 0.1198 0.3464 0.0641 0.2783 0.1433 0.0480
113 0.1616 0.1279 0.2427 0.3369 0.0125 0.1183
114 0.1960 0.2039 0.2830 0.2576 0.0220 0.0374
115 0.1119 0.2642 0.2683 0.3042 0.0109 0.0405
116 0.0917 0.1853 0.1796 0.4880 0.0106 0.0447
117 0.0596 0.2981 0.1282 0.4614 0.0044 0.0483
118 0.1142 0.2167 0.1853 0.4658 0.0140 0.0040
119 0.1099 0.1743 0.3521 0.3413 0.0105 0.0120
120 0.0734 0.2388 0.3999 0.2583 0.0128 0.0169
121 0.0694 0.3694 0.3579 0.1917 0.0034 0.0082
122 0.0582 0.3347 0.3674 0.2229 0.0027 0.0140
123 0.1028 0.3423 0.2927 0.2484 0.0024 0.0114
124 0.1052 0.2227 0.3557 0.2996 0.0033 0.0136
125 0.0578 0.4336 0.2590 0.2395 0.0044 0.0059
126 0.0909 0.4104 0.2163 0.2734 0.0079 0.0011
127 0.0746 0.4036 0.1508 0.3618 0.0076 0.0015
128 0.1273 0.4692 0.1177 0.2715 0.0119 0.0023
129 0.0278 0.2220 0.1049 0.6230 0.0079 0.0145
130 0.0062 0.0883 0.0588 0.8379 0.0014 0.0075
131 0.0102 0.1886 0.0683 0.7119 0.0054 0.0155
132 0.0045 0.0586 0.0299 0.9023 0.0017 0.0030
133 0.0197 0.4543 0.0983 0.4072 0.0134 0.0070
134 0.0166 0.4272 0.1648 0.3772 0.0042 0.0101
135 0.0291 0.1810 0.1048 0.6729 0.0040 0.0083
136 0.0943 0.1309 0.3191 0.4033 0.0415 0.0110
137 0.0502 0.4202 0.3826 0.1281 0.0114 0.0078
138 0.1232 0.3430 0.2250 0.2888 0.0109 0.0091
139 0.0993 0.4519 0.3059 0.0897 0.0523 0.0010
140 0.0803 0.0784 0.6362 0.1881 0.0113 0.0058
141 0.0841 0.0457 0.3770 0.4619 0.0221 0.0092
142 0.0379 0.1740 0.5791 0.1740 0.0163 0.0188
143 0.0919 0.0727 0.4814 0.2920 0.0488 0.0131
144 0.0886 0.0567 0.2262 0.5425 0.0563 0.0297
145 0.0693 0.1455 0.2849 0.4146 0.0383 0.0472
146 0.0785 0.4275 0.0661 0.3103 0.0731 0.0444
147 0.0175 0.2964 0.1688 0.4590 0.0178 0.0407
148 0.0213 0.5884 0.1711 0.2130 0.0031 0.0033
149 0.1141 0.1196 0.3684 0.2612 0.0259 0.1107
150 0.2349 0.1228 0.3110 0.1947 0.0231 0.1135
151 0.2642 0.0806 0.3113 0.2600 0.0042 0.0799
152 0.1792 0.0376 0.3347 0.1877 0.0121 0.2488
153 0.0809 0.0861 0.6074 0.1196 0.0022 0.1039
154 0.1296 0.1237 0.4351 0.1962 0.0037 0.1118
155 0.0852 0.0752 0.5820 0.1543 0.0020 0.1012
156 0.1148 0.0443 0.5146 0.1835 0.0042 0.1385
157 0.1866 0.0709 0.4768 0.1015 0.0045 0.1597
158 0.1425 0.0603 0.4744 0.2385 0.0045 0.0799
159 0.1244 0.0548 0.4209 0.3079 0.0038 0.0882
160 0.1786 0.1652 0.3608 0.2087 0.0081 0.0786
161 0.0805 0.0571 0.5503 0.1786 0.0200 0.1135
162 0.5063 0.1644 0.1709 0.1202 0.0167 0.0214
163 0.4460 0.1011 0.1859 0.1816 0.0270 0.0585
164 0.3457 0.2822 0.0748 0.2130 0.0569 0.0275
165 0.2769 0.2090 0.0648 0.2090 0.1248 0.1154
166 0.3958 0.3521 0.1389 0.0488 0.0455 0.0190
167 0.3201 0.1768 0.0961 0.2983 0.0676 0.0410
168 0.2668 0.2842 0.1792 0.2111 0.0235 0.0353
169 0.3430 0.3123 0.1924 0.0854 0.0353 0.0314
170 0.2803 0.3542 0.2183 0.1097 0.0191 0.0183
171 0.1398 0.4238 0.1740 0.2378 0.0098 0.0148
172 0.2769 0.2224 0.1338 0.3162 0.0204 0.0306
173 0.2715 0.1766 0.0676 0.4170 0.0226 0.0446
174 0.1542 0.2261 0.2483 0.3584 0.0007 0.0125
175 0.3279 0.2150 0.1142 0.3176 0.0042 0.0211
176 0.3472 0.0378 0.0408 0.4670 0.0046 0.1026
177 0.3308 0.0540 0.0462 0.4521 0.0063 0.1108
178 0.2847 0.0410 0.0201 0.5151 0.0097 0.1293
179 0.1671 0.0241 0.0483 0.5654 0.0114 0.1836
180 0.1587 0.0247 0.0823 0.6377 0.0064 0.0904
181 0.3127 0.1098 0.1023 0.4375 0.0025 0.0351
182 0.0799 0.0857 0.2073 0.4456 0.0056 0.1759
183 0.1676 0.1637 0.3308 0.2830 0.0034 0.0515
184 0.2720 0.0918 0.1305 0.4050 0.0038 0.0970
185 0.0995 0.0478 0.1278 0.6006 0.0052 0.1191
186 0.2264 0.0353 0.1544 0.4299 0.0111 0.1428
187 0.1659 0.0394 0.1088 0.5879 0.0086 0.0895
188 0.1815 0.0194 0.0474 0.6143 0.0129 0.1248
189 0.1311 0.0486 0.1619 0.6304 0.0043 0.0239
190 0.1779 0.0436 0.1697 0.5396 0.0055 0.0639
191 0.2573 0.0602 0.1294 0.4375 0.0126 0.1031
192 0.0946 0.0282 0.0925 0.7271 0.0140 0.0437
193 0.1598 0.0298 0.1304 0.5239 0.0175 0.1388
194 0.3328 0.0291 0.1686 0.4014 0.0091 0.0592
195 0.1493 0.0272 0.3525 0.4058 0.0032 0.0622
196 0.1429 0.0078 0.0771 0.6709 0.0089 0.0923
197 0.0538 0.0214 0.3452 0.3792 0.0183 0.1820
198 0.1464 0.0443 0.2776 0.3977 0.0069 0.1271
199 0.0600 0.0316 0.1231 0.3047 0.0161 0.4646
200 0.0505 0.0525 0.2300 0.4868 0.0121 0.1682
201 0.1076 0.0711 0.2522 0.4937 0.0107 0.0648
202 0.1348 0.1827 0.3606 0.2876 0.0079 0.0265
203 0.0518 0.0556 0.1272 0.7207 0.0076 0.0367
204 0.1225 0.1444 0.3154 0.3491 0.0185 0.0503
205 0.1113 0.0930 0.2489 0.4800 0.0095 0.0573
206 0.0491 0.0335 0.1635 0.6167 0.0057 0.1313
207 0.0923 0.1195 0.2651 0.4690 0.0114 0.0426
208 0.0484 0.0480 0.1422 0.6782 0.0071 0.0761
209 0.0927 0.0632 0.2812 0.4785 0.0075 0.0769
210 0.1052 0.1068 0.2563 0.4641 0.0082 0.0594
211 0.0440 0.0560 0.1465 0.5884 0.0163 0.1488
212 0.0404 0.0606 0.1897 0.4624 0.1245 0.1225
213 0.1294 0.0917 0.4309 0.2532 0.0126 0.0822
214 0.0430 0.0329 0.0720 0.7612 0.0302 0.0606
215 0.1361 0.3528 0.1060 0.2771 0.0885 0.0396
216 0.0677 0.3035 0.1783 0.3574 0.0491 0.0440
217 0.1256 0.2620 0.2240 0.1962 0.1162 0.0762
218 0.1382 0.2157 0.1298 0.1278 0.3394 0.0493
219 0.1697 0.1658 0.0691 0.1451 0.3706 0.0795
220 0.1954 0.2375 0.1343 0.1559 0.2113 0.0655
221 0.0472 0.1882 0.0588 0.3628 0.3152 0.0278
222 0.0765 0.1709 0.0753 0.4199 0.2111 0.0464
223 0.1157 0.2954 0.1606 0.2179 0.1792 0.0309
224 0.0717 0.1566 0.1654 0.2727 0.1996 0.1339
225 0.0924 0.3486 0.2983 0.1106 0.1196 0.0305
226 0.1427 0.3450 0.2505 0.0486 0.1967 0.0165
227 0.0392 0.1755 0.1335 0.2362 0.2289 0.1868
228 0.0546 0.2585 0.2094 0.1020 0.3118 0.0638
229 0.0423 0.2343 0.1537 0.3152 0.1455 0.1089
230 0.0458 0.2676 0.1324 0.2676 0.2289 0.0579
231 0.0428 0.2445 0.2261 0.2174 0.2244 0.0449
232 0.0847 0.2490 0.2357 0.1924 0.2032 0.0350
233 0.1484 0.2078 0.1593 0.1763 0.2062 0.1021
234 0.1720 0.1027 0.2561 0.3611 0.0800 0.0281
235 0.1003 0.1042 0.5254 0.2260 0.0212 0.0229
236 0.0365 0.1610 0.2455 0.3921 0.1273 0.0376
237 0.0138 0.0838 0.1919 0.6802 0.0238 0.0066
238 0.0197 0.1152 0.1492 0.6685 0.0431 0.0045
239 0.0178 0.0765 0.1571 0.7041 0.0388 0.0057
240 0.0185 0.0905 0.1516 0.6284 0.1010 0.0101
241 0.0235 0.1329 0.2949 0.4861 0.0580 0.0047
242 0.0145 0.0715 0.2573 0.6172 0.0330 0.0064
243 0.1791 0.1005 0.1877 0.2908 0.0887 0.1532
244 0.1763 0.0746 0.1005 0.3093 0.0439 0.2952
245 0.1136 0.1553 0.1349 0.1288 0.0181 0.4492
246 0.9541 0.0312 0.0067 0.0008 0.0070 0.0001
247 0.9526 0.0321 0.0070 0.0009 0.0075 0.0001
248 0.9541 0.0307 0.0070 0.0009 0.0072 0.0001
249 0.1136 0.1553 0.1349 0.1288 0.0181 0.4492
