time exciting_prob fearful_prob tense_prob sad_prob relaxing_prob neutral_prob
0 0.1136 0.1553 0.1349 0.1288 0.0181 0.4492
1 0.6670 0.2003 0.0848 0.0218 0.0198 0.0063
2 0.5669 0.1326 0.1959 0.0144 0.0890 0.0012
3 0.2886 0.2886 0.2030 0.0654 0.1486 0.0059
4 0.6934 0.0903 0.1262 0.0340 0.0526 0.0034
5 0.5186 0.0981 0.1095 0.0534 0.1892 0.0314
6 0.6226 0.0503 0.1433 0.0738 0.0919 0.0179
7 0.1846 0.4426 0.1146 0.0260 0.2296 0.0026
8 0.2375 0.6357 0.0304 0.0148 0.0724 0.0091
9 0.2184 0.6836 0.0322 0.0092 0.0523 0.0045
10 0.4690 0.0430 0.2737 0.2114 0.0017 0.0012
11 0.0768 0.1306 0.0933 0.1703 0.5249 0.0043
12 0.6030 0.1388 0.2288 0.0225 0.0068 0.0003
13 0.5972 0.1737 0.1792 0.0443 0.0050 0.0007
14 0.5767 0.1626 0.2402 0.0162 0.0042 0.0003
15 0.5664 0.2573 0.0731 0.0862 0.0164 0.0005
16 0.2443 0.4492 0.1887 0.0979 0.0142 0.0057
17 0.2251 0.3328 0.2759 0.0359 0.1252 0.0052
18 0.1938 0.2162 0.2432 0.0713 0.2734 0.0022
19 0.9238 0.0084 0.0387 0.0058 0.0221 0.0009
20 0.0616 0.1080 0.1263 0.1224 0.5752 0.0065
21 0.2485 0.3645 0.1696 0.1230 0.0795 0.0149
22 0.3040 0.1787 0.0244 0.0134 0.4783 0.0011
23 0.3254 0.1743 0.0817 0.1065 0.2988 0.0132
24 0.4180 0.2615 0.1943 0.0259 0.0798 0.0203
25 0.0569 0.0436 0.0309 0.0295 0.8291 0.0103
26 0.0779 0.0253 0.0216 0.0265 0.8447 0.0041
27 0.3352 0.4475 0.1487 0.0247 0.0329 0.0109
28 0.0208 0.0726 0.1205 0.0221 0.7559 0.0080
29 0.0136 0.0389 0.0516 0.0474 0.8262 0.0222
30 0.2532 0.1254 0.0376 0.0125 0.5703 0.0008
31 0.2334 0.2505 0.1165 0.0224 0.3730 0.0043
32 0.1785 0.2700 0.3386 0.0688 0.1378 0.0064
33 0.3767 0.2164 0.1925 0.0620 0.1464 0.0060
34 0.1282 0.2932 0.4368 0.1038 0.0370 0.0010
35 0.2700 0.2203 0.3550 0.0710 0.0779 0.0059
36 0.0446 0.5879 0.1985 0.0319 0.0046 0.1322
37 0.3301 0.2510 0.2551 0.0687 0.0766 0.0186
38 0.1069 0.1580 0.0729 0.1996 0.4604 0.0023
39 0.1593 0.2930 0.0894 0.0664 0.3762 0.0158
40 0.2615 0.3105 0.2495 0.0434 0.1315 0.0037
41 0.0514 0.0472 0.1214 0.0218 0.7554 0.0030
42 0.0312 0.6558 0.2957 0.0121 0.0043 0.0011
43 0.0942 0.1996 0.4788 0.1393 0.0336 0.0546
44 0.2434 0.2803 0.2148 0.1499 0.1089 0.0028
45 0.1819 0.3533 0.3215 0.0735 0.0577 0.0121
46 0.1470 0.6533 0.0733 0.0205 0.0964 0.0096
47 0.4363 0.3318 0.1416 0.0471 0.0399 0.0032
48 0.3362 0.3550 0.0732 0.2023 0.0263 0.0071
49 0.1903 0.1627 0.1844 0.1995 0.2600 0.0031
50 0.7617 0.0754 0.0620 0.0531 0.0468 0.0009
51 0.3708 0.2214 0.0802 0.2080 0.1185 0.0012
52 0.0383 0.1256 0.1744 0.0220 0.6382 0.0014
53 0.0767 0.0294 0.0672 0.0138 0.8125 0.0006
54 0.4585 0.1536 0.1987 0.0188 0.1699 0.0006
55 0.1871 0.2876 0.1050 0.0255 0.3870 0.0078
56 0.1974 0.2849 0.2380 0.1501 0.1048 0.0247
57 0.2201 0.4016 0.1466 0.0354 0.1926 0.0038
58 0.2920 0.2274 0.2659 0.1326 0.0804 0.0018
59 0.2101 0.0848 0.1444 0.4807 0.0726 0.0074
60 0.2925 0.3530 0.1693 0.1278 0.0481 0.0092
61 0.2830 0.1625 0.1562 0.2617 0.1099 0.0267
62 0.2559 0.1423 0.2188 0.1091 0.2681 0.0058
63 0.4421 0.2460 0.1652 0.0123 0.1237 0.0107
64 0.3337 0.1614 0.2681 0.0101 0.2257 0.0012
65 0.5449 0.1942 0.1560 0.0325 0.0635 0.0090
66 0.2734 0.1765 0.1821 0.0938 0.2629 0.0116
67 0.2162 0.3000 0.1710 0.0230 0.2864 0.0034
68 0.2671 0.1738 0.2097 0.0569 0.2866 0.0057
69 0.3838 0.3284 0.2402 0.0211 0.0150 0.0114
70 0.2891 0.2510 0.4407 0.0051 0.0128 0.0014
71 0.3777 0.2852 0.2102 0.0300 0.0940 0.0030
72 0.1505 0.3933 0.2241 0.0352 0.1947 0.0020
73 0.3723 0.2499 0.0912 0.0540 0.2294 0.0032
74 0.5732 0.1230 0.0497 0.0435 0.1804 0.0302
75 0.5850 0.1550 0.1170 0.0323 0.0926 0.0181
76 0.2847 0.2554 0.1727 0.1868 0.0984 0.0021
77 0.3049 0.0450 0.3621 0.0629 0.2231 0.0018
78 0.2118 0.1433 0.2289 0.0491 0.3657 0.0011
79 0.2625 0.2076 0.2354 0.1383 0.1495 0.0067
80 0.1169 0.4446 0.1769 0.2379 0.0232 0.0007
81 0.1403 0.4934 0.2405 0.0987 0.0244 0.0027
82 0.4133 0.2820 0.1545 0.0246 0.1166 0.0089
83 0.2240 0.3442 0.2944 0.0308 0.1042 0.0024
84 0.1538 0.4019 0.2939 0.0804 0.0688 0.0011
85 0.1213 0.4133 0.3823 0.0432 0.0391 0.0006
86 0.2091 0.4602 0.2191 0.0920 0.0183 0.0014
87 0.1125 0.2742 0.5718 0.0082 0.0269 0.0065
88 0.2053 0.2219 0.4590 0.0411 0.0688 0.0038
89 0.1530 0.3611 0.2834 0.0585 0.1414 0.0027
90 0.0617 0.1379 0.1337 0.0217 0.6431 0.0022
91 0.1405 0.4570 0.0381 0.0207 0.3423 0.0011
92 0.1865 0.1738 0.5747 0.0514 0.0060 0.0076
93 0.3291 0.2771 0.2192 0.0215 0.1508 0.0021
94 0.0142 0.0139 0.0217 0.0044 0.9438 0.0022
95 0.0058 0.0055 0.0123 0.0034 0.9727 0.0001
96 0.3379 0.3101 0.1895 0.0342 0.1177 0.0108
97 0.2058 0.4126 0.2791 0.0321 0.0618 0.0087
98 0.1429 0.5229 0.0625 0.2339 0.0316 0.0061
99 0.0995 0.0541 0.0408 0.0079 0.7949 0.0028
100 0.2114 0.4011 0.2981 0.0560 0.0329 0.0003
101 0.0565 0.7676 0.1523 0.0077 0.0151 0.0009
102 0.0953 0.6362 0.2234 0.0076 0.0370 0.0001
103 0.0464 0.7256 0.1923 0.0167 0.0189 0.0002
104 0.4800 0.2017 0.2510 0.0282 0.0197 0.0198
105 0.3171 0.4724 0.1498 0.0267 0.0309 0.0031
106 0.0647 0.0424 0.0688 0.0156 0.8066 0.0019
107 0.0564 0.1670 0.1213 0.0509 0.5649 0.0394
108 0.0443 0.1241 0.0691 0.0471 0.7036 0.0118
109 0.0162 0.0164 0.0069 0.0031 0.9565 0.0010
110 0.0184 0.0161 0.0107 0.0055 0.9492 0.0003
111 0.1168 0.3857 0.2549 0.1333 0.1063 0.0028
112 0.3789 0.2771 0.2729 0.0460 0.0228 0.0025
113 0.2549 0.3623 0.1570 0.1113 0.1105 0.0040
114 0.1777 0.3821 0.2391 0.0707 0.1270 0.0034
115 0.4666 0.1899 0.1975 0.0178 0.1255 0.0027
116 0.0573 0.0610 0.0416 0.0099 0.8232 0.0069
117 0.0282 0.0348 0.0072 0.0084 0.9194 0.0017
118 0.1161 0.2439 0.1433 0.0122 0.4773 0.0071
119 0.1895 0.2001 0.0605 0.0109 0.5352 0.0038
120 0.0889 0.1610 0.0354 0.0179 0.6938 0.0031
121 0.0624 0.6309 0.2510 0.0167 0.0356 0.0037
122 0.1388 0.5322 0.2151 0.0118 0.0932 0.0087
123 0.0683 0.6528 0.2256 0.0124 0.0365 0.0043
124 0.0688 0.6089 0.2423 0.0303 0.0352 0.0142
125 0.0712 0.6196 0.2544 0.0139 0.0381 0.0028
126 0.2510 0.5747 0.0983 0.0133 0.0625 0.0004
127 0.1685 0.4507 0.1879 0.1104 0.0795 0.0031
128 0.2383 0.3718 0.1236 0.0870 0.1757 0.0036
129 0.0938 0.2433 0.3770 0.0426 0.2322 0.0111
130 0.0656 0.3206 0.4521 0.0150 0.1445 0.0023
131 0.0434 0.3579 0.5459 0.0098 0.0392 0.0037
132 0.1533 0.0600 0.0827 0.0106 0.6924 0.0011
133 0.1033 0.2345 0.2102 0.0068 0.4451 0.0001
134 0.5210 0.1653 0.1403 0.0558 0.1059 0.0117
135 0.1934 0.4604 0.1996 0.0950 0.0079 0.0438
136 0.2263 0.3850 0.3560 0.0128 0.0144 0.0056
137 0.3875 0.1119 0.1666 0.0906 0.2058 0.0375
138 0.2468 0.1486 0.2954 0.0675 0.2145 0.0273
139 0.0419 0.0901 0.1969 0.0443 0.6255 0.0011
140 0.3689 0.0607 0.2783 0.1326 0.1455 0.0141
141 0.4021 0.1041 0.1255 0.0511 0.3059 0.0114
142 0.0865 0.4941 0.2125 0.1230 0.0826 0.0010
143 0.0853 0.2263 0.1643 0.0329 0.4905 0.0006
144 0.0577 0.0422 0.0826 0.0189 0.7964 0.0020
145 0.1404 0.0980 0.2424 0.0131 0.5054 0.0009
146 0.3679 0.2302 0.2047 0.0302 0.1545 0.0124
147 0.2783 0.3657 0.1942 0.0616 0.0883 0.0120
148 0.1117 0.3386 0.0544 0.0240 0.4629 0.0084
149 0.1510 0.4336 0.0681 0.0086 0.3325 0.0063
150 0.1050 0.5254 0.0695 0.0470 0.2480 0.0052
151 0.4363 0.2142 0.1906 0.0175 0.1405 0.0011
152 0.3521 0.3010 0.0693 0.1016 0.1757 0.0002
153 0.2372 0.1147 0.0712 0.1362 0.4397 0.0010
154 0.2795 0.3242 0.1592 0.0412 0.1876 0.0083
155 0.2744 0.4932 0.0941 0.0553 0.0668 0.0161
156 0.0224 0.1003 0.1874 0.0128 0.6748 0.0022
157 0.0207 0.0062 0.0254 0.0033 0.9443 0.0002
158 0.1771 0.7344 0.0325 0.0296 0.0261 0.0003
159 0.1687 0.7051 0.0417 0.0450 0.0395 0.0002
160 0.2576 0.3467 0.1611 0.1599 0.0626 0.0120
161 0.2269 0.4172 0.1925 0.0461 0.1115 0.0057
162 0.2029 0.2505 0.2666 0.0212 0.2372 0.0217
163 0.2078 0.1605 0.3792 0.0385 0.1968 0.0172
164 0.2301 0.0853 0.1301 0.2908 0.2566 0.0069
165 0.4324 0.1340 0.0679 0.1268 0.2351 0.0037
166 0.1880 0.0596 0.0881 0.2778 0.3682 0.0183
167 0.3225 0.2416 0.3711 0.0271 0.0247 0.0130
168 0.2935 0.0847 0.5312 0.0486 0.0314 0.0104
169 0.5020 0.1404 0.2583 0.0254 0.0723 0.0019
170 0.3662 0.1855 0.2556 0.0458 0.1256 0.0211
171 0.3494 0.1885 0.1676 0.1689 0.1246 0.0011
172 0.2598 0.1033 0.3110 0.1842 0.1401 0.0016
173 0.2803 0.3276 0.2252 0.1072 0.0592 0.0002
174 0.3538 0.2356 0.0867 0.2690 0.0506 0.0044
175 0.3643 0.3699 0.1239 0.1268 0.0141 0.0010
176 0.2316 0.1483 0.0231 0.0161 0.5776 0.0032
177 0.1024 0.1727 0.0263 0.0141 0.6831 0.0014
178 0.2307 0.2515 0.2739 0.0561 0.1598 0.0278
179 0.1848 0.1130 0.1952 0.0450 0.4504 0.0116
180 0.2299 0.4131 0.1555 0.1495 0.0456 0.0064
181 0.3616 0.3730 0.1439 0.0770 0.0439 0.0004
182 0.2537 0.4595 0.2346 0.0335 0.0182 0.0005
183 0.6021 0.2671 0.0471 0.0364 0.0457 0.0015
184 0.1924 0.1807 0.2064 0.0446 0.3679 0.0081
185 0.0771 0.6924 0.1364 0.0827 0.0084 0.0031
186 0.3035 0.3896 0.2086 0.0646 0.0333 0.0003
187 0.2646 0.3320 0.3398 0.0419 0.0202 0.0014
188 0.1686 0.7266 0.0291 0.0153 0.0535 0.0072
189 0.3857 0.2800 0.2080 0.0629 0.0629 0.0005
190 0.1918 0.1360 0.3418 0.2971 0.0303 0.0029
191 0.3286 0.4026 0.0878 0.1459 0.0292 0.0061
192 0.2347 0.5088 0.1180 0.0898 0.0325 0.0161
193 0.1282 0.5073 0.2032 0.1465 0.0100 0.0049
194 0.1102 0.0432 0.2483 0.5596 0.0270 0.0118
195 0.3848 0.0674 0.1351 0.0746 0.3342 0.0038
196 0.2595 0.3518 0.2964 0.0414 0.0495 0.0015
197 0.1646 0.3594 0.3271 0.1204 0.0267 0.0018
198 0.2156 0.2123 0.1859 0.0126 0.3726 0.0012
199 0.3440 0.1730 0.1423 0.0158 0.3232 0.0018
200 0.3513 0.0284 0.1547 0.0676 0.3918 0.0064
201 0.1924 0.5972 0.0945 0.0748 0.0353 0.0058
202 0.1809 0.5659 0.1205 0.1015 0.0282 0.0027
203 0.4768 0.3252 0.0720 0.0255 0.0984 0.0019
204 0.3503 0.3396 0.1069 0.0576 0.1351 0.0103
205 0.1268 0.2075 0.3909 0.1173 0.1361 0.0214
206 0.3804 0.2418 0.2534 0.0392 0.0836 0.0017
207 0.2908 0.0966 0.2605 0.2817 0.0643 0.0060
208 0.2195 0.2546 0.2229 0.2690 0.0319 0.0021
209 0.2386 0.3667 0.2190 0.1287 0.0452 0.0019
210 0.0720 0.2986 0.5664 0.0437 0.0146 0.0048
211 0.1231 0.2281 0.5825 0.0486 0.0163 0.0011
212 0.3013 0.3232 0.1327 0.2054 0.0357 0.0014
213 0.3145 0.3853 0.0741 0.1835 0.0413 0.0015
214 0.1855 0.3867 0.0940 0.3059 0.0276 0.0003
215 0.1589 0.6636 0.0545 0.1109 0.0118 0.0001
216 0.1215 0.7559 0.0249 0.0909 0.0068 0.0002
217 0.1095 0.5874 0.0347 0.2607 0.0074 0.0003
218 0.1036 0.7534 0.0886 0.0478 0.0063 0.0002
219 0.1377 0.0760 0.1215 0.3354 0.0332 0.2961
