time exciting_prob fearful_prob tense_prob sad_prob relaxing_prob neutral_prob
0 0.2346 0.3157 0.0824 0.2103 0.0352 0.1218
1 0.7964 0.0674 0.0453 0.0764 0.0134 0.0010
2 0.7300 0.0181 0.2192 0.0264 0.0059 0.0003
3 0.8486 0.0307 0.0730 0.0203 0.0273 0.0003
4 0.8711 0.0253 0.0607 0.0171 0.0255 0.0002
5 0.0239 0.0467 0.1331 0.0246 0.7427 0.0292
6 0.0507 0.0641 0.3577 0.0726 0.3867 0.0682
7 0.2294 0.0884 0.3135 0.0673 0.2922 0.0092
8 0.0947 0.1727 0.5278 0.0205 0.1797 0.0045
9 0.0537 0.3533 0.2583 0.0159 0.3167 0.0022
10 0.0916 0.0759 0.3147 0.1054 0.4041 0.0081
11 0.0941 0.0912 0.3635 0.4119 0.0368 0.0027
12 0.0640 0.1263 0.5322 0.2361 0.0395 0.0020
13 0.1278 0.1964 0.3906 0.2278 0.0563 0.0012
14 0.1702 0.1702 0.2896 0.0836 0.2742 0.0123
15 0.0899 0.0497 0.3557 0.2769 0.2058 0.0220
16 0.1497 0.1569 0.2338 0.0586 0.3975 0.0035
17 0.1097 0.1699 0.3274 0.3406 0.0510 0.0016
18 0.1343 0.1711 0.3274 0.2910 0.0736 0.0025
19 0.1142 0.1073 0.4343 0.2871 0.0540 0.0030
20 0.2324 0.5620 0.1488 0.0189 0.0362 0.0018
21 0.3943 0.4719 0.0482 0.0573 0.0235 0.0049
22 0.4883 0.3716 0.0661 0.0134 0.0570 0.0036
23 0.3049 0.5068 0.0834 0.0610 0.0373 0.0064
24 0.1752 0.4836 0.1924 0.1272 0.0171 0.0045
25 0.2754 0.2213 0.3074 0.0538 0.1292 0.0129
26 0.0767 0.1586 0.1040 0.0025 0.6572 0.0008
27 0.0547 0.2937 0.3379 0.0560 0.2512 0.0064
28 0.1016 0.2417 0.2593 0.0210 0.3657 0.0106
29 0.1876 0.4229 0.2930 0.0378 0.0568 0.0021
30 0.1278 0.1803 0.5381 0.0418 0.1043 0.0075
31 0.1761 0.3616 0.3848 0.0428 0.0321 0.0025
32 0.2366 0.4419 0.2681 0.0328 0.0193 0.0013
33 0.3181 0.2637 0.1703 0.0395 0.2053 0.0031
34 0.3743 0.2937 0.0626 0.0310 0.2379 0.0007
35 0.0105 0.4050 0.4211 0.1537 0.0068 0.0027
36 0.1866 0.2473 0.1432 0.1987 0.2019 0.0223
37 0.2507 0.3193 0.1486 0.0248 0.2507 0.0058
38 0.3108 0.2291 0.1143 0.0131 0.3281 0.0047
39 0.0269 0.4380 0.4924 0.0307 0.0083 0.0038
40 0.0180 0.4839 0.4011 0.0861 0.0083 0.0025
41 0.1886 0.2365 0.0817 0.0193 0.4702 0.0036
42 0.0759 0.1559 0.0854 0.0045 0.6772 0.0013
43 0.0739 0.1359 0.2402 0.0117 0.5371 0.0011
44 0.1433 0.2896 0.1870 0.0540 0.3257 0.0005
45 0.0508 0.1505 0.6094 0.0399 0.1425 0.0068
46 0.0283 0.7837 0.1708 0.0120 0.0043 0.0012
47 0.0714 0.7036 0.1880 0.0178 0.0142 0.0051
48 0.0316 0.8291 0.1262 0.0045 0.0069 0.0017
49 0.0980 0.1003 0.2900 0.0060 0.5054 0.0004
50 0.0589 0.0688 0.3040 0.4856 0.0668 0.0160
51 0.0471 0.8027 0.1061 0.0268 0.0120 0.0054
52 0.1180 0.4707 0.3582 0.0169 0.0323 0.0041
53 0.1394 0.3047 0.2751 0.1617 0.1138 0.0051
54 0.1564 0.4353 0.3442 0.0266 0.0328 0.0046
55 0.0657 0.0608 0.6138 0.0657 0.1704 0.0236
56 0.1400 0.1561 0.4849 0.0239 0.1898 0.0053
57 0.2078 0.2710 0.3169 0.0746 0.1061 0.0235
58 0.9443 0.0101 0.0052 0.0184 0.0209 0.0012
59 0.5430 0.0820 0.0853 0.1260 0.0619 0.1020
60 0.7319 0.1096 0.0649 0.0367 0.0151 0.0419
61 0.8198 0.0156 0.0270 0.0191 0.1075 0.0107
62 0.9507 0.0105 0.0048 0.0026 0.0306 0.0007
63 0.2078 0.4263 0.1520 0.0886 0.0839 0.0415
64 0.4443 0.1234 0.1941 0.0018 0.1584 0.0778
65 0.3025 0.3591 0.2527 0.0050 0.0450 0.0358
66 0.0823 0.3083 0.2220 0.0738 0.2942 0.0193
67 0.0247 0.7173 0.2402 0.0068 0.0088 0.0023
68 0.1284 0.2037 0.5986 0.0340 0.0075 0.0276
69 0.0330 0.2825 0.6572 0.0174 0.0027 0.0074
70 0.3503 0.1708 0.1935 0.1949 0.0723 0.0181
71 0.3022 0.0915 0.1696 0.3218 0.0937 0.0211
72 0.1588 0.0864 0.3870 0.3159 0.0346 0.0174
73 0.1714 0.2573 0.2961 0.2035 0.0354 0.0365
74 0.2122 0.1328 0.3040 0.2405 0.0603 0.0504
75 0.2876 0.1025 0.3337 0.1665 0.0824 0.0274
76 0.3958 0.3662 0.1770 0.0401 0.0113 0.0096
77 0.4607 0.1681 0.3069 0.0367 0.0138 0.0140
78 0.3040 0.1759 0.2600 0.0170 0.2024 0.0408
79 0.0823 0.1356 0.6729 0.0221 0.0507 0.0365
80 0.1505 0.0956 0.3088 0.1873 0.1732 0.0844
81 0.3496 0.1703 0.3108 0.0119 0.1412 0.0162
82 0.1788 0.1471 0.3787 0.0160 0.2542 0.0254
83 0.1715 0.1235 0.1599 0.2053 0.2576 0.0823
84 0.2069 0.4451 0.3108 0.0118 0.0179 0.0076
85 0.0997 0.4468 0.3911 0.0482 0.0093 0.0049
86 0.1060 0.3967 0.2705 0.1426 0.0179 0.0663
87 0.3911 0.0922 0.0659 0.0782 0.1260 0.2467
88 0.0520 0.4675 0.2664 0.1591 0.0244 0.0306
89 0.0281 0.1979 0.6904 0.0673 0.0122 0.0039
90 0.2046 0.0250 0.1013 0.1157 0.0629 0.4907
91 0.1427 0.0372 0.1320 0.0669 0.0826 0.5386
92 0.1300 0.1777 0.1937 0.3535 0.0347 0.1104
93 0.1575 0.0469 0.1161 0.3335 0.1689 0.1771
94 0.2751 0.1484 0.4363 0.0619 0.0152 0.0629
95 0.1974 0.2236 0.3958 0.0621 0.0195 0.1016
96 0.0359 0.1235 0.5625 0.2168 0.0159 0.0454
97 0.0875 0.2759 0.3713 0.1072 0.0345 0.1234
98 0.0960 0.1738 0.2756 0.2610 0.1262 0.0675
99 0.4661 0.1755 0.2534 0.0227 0.0287 0.0535
100 0.0544 0.2988 0.4451 0.0870 0.0404 0.0744
101 0.0392 0.3203 0.5894 0.0253 0.0014 0.0245
102 0.2300 0.0378 0.2094 0.2954 0.1270 0.1005
103 0.3154 0.0767 0.0918 0.0862 0.0992 0.3306
104 0.1681 0.0794 0.4033 0.1965 0.0521 0.1004
105 0.1223 0.0319 0.3948 0.1671 0.0291 0.2549
106 0.2428 0.1394 0.3142 0.1862 0.0281 0.0893
107 0.3855 0.2690 0.2247 0.0230 0.0922 0.0056
108 0.1907 0.1290 0.4832 0.0974 0.0129 0.0867
109 0.3176 0.0611 0.2323 0.2115 0.1283 0.0491
110 0.0864 0.1338 0.4893 0.2539 0.0111 0.0257
111 0.1215 0.1072 0.1215 0.5889 0.0433 0.0178
112 0.1625 0.4417 0.1716 0.2086 0.0035 0.0120
113 0.1876 0.2408 0.2043 0.3423 0.0096 0.0153
114 0.1029 0.1353 0.4470 0.2507 0.0309 0.0334
115 0.1226 0.2917 0.2786 0.1503 0.1074 0.0495
116 0.0145 0.0984 0.7739 0.0984 0.0022 0.0125
117 0.0101 0.0276 0.9419 0.0146 0.0031 0.0025
118 0.2319 0.1203 0.4265 0.1724 0.0286 0.0204
119 0.3174 0.0587 0.3247 0.0293 0.0502 0.2197
120 0.0814 0.1544 0.5649 0.1251 0.0364 0.0376
121 0.0256 0.1163 0.8462 0.0058 0.0038 0.0023
122 0.0077 0.1741 0.8047 0.0100 0.0010 0.0023
123 0.1021 0.1157 0.3049 0.2450 0.0530 0.1792
124 0.1025 0.0203 0.6084 0.1637 0.0312 0.0738
125 0.1914 0.2421 0.1625 0.3777 0.0162 0.0101
126 0.1605 0.1967 0.2263 0.2646 0.1260 0.0258
127 0.0350 0.0752 0.2177 0.4753 0.0272 0.1696
128 0.1628 0.0658 0.2406 0.3784 0.0845 0.0679
129 0.0252 0.0975 0.8491 0.0167 0.0105 0.0011
130 0.2242 0.3064 0.4124 0.0424 0.0126 0.0020
131 0.1086 0.0929 0.5513 0.1920 0.0326 0.0224
132 0.0190 0.1342 0.7363 0.0801 0.0031 0.0273
133 0.1012 0.1906 0.3396 0.3503 0.0066 0.0117
134 0.3354 0.0895 0.4109 0.0216 0.0337 0.1089
135 0.2051 0.4585 0.1741 0.0656 0.0480 0.0487
136 0.1058 0.1381 0.3110 0.3901 0.0242 0.0306
137 0.0220 0.3503 0.3728 0.1438 0.0008 0.1102
138 0.2659 0.0817 0.5122 0.0101 0.0113 0.1188
139 0.2338 0.2820 0.3855 0.0062 0.0073 0.0853
140 0.2310 0.2595 0.4382 0.0036 0.0157 0.0519
141 0.0327 0.7168 0.2135 0.0230 0.0044 0.0095
142 0.0597 0.4175 0.1942 0.2695 0.0255 0.0335
143 0.0854 0.0923 0.1282 0.5747 0.0569 0.0625
144 0.1740 0.0565 0.2866 0.0681 0.0291 0.3857
145 0.0770 0.1416 0.4573 0.2905 0.0206 0.0130
146 0.0576 0.0540 0.6431 0.2056 0.0272 0.0123
147 0.0433 0.1838 0.7271 0.0146 0.0054 0.0259
148 0.1842 0.2186 0.2274 0.1152 0.0087 0.2458
149 0.3311 0.1638 0.3086 0.0126 0.0263 0.1576
150 0.1672 0.2286 0.4839 0.0078 0.0163 0.0961
151 0.0167 0.0963 0.8447 0.0389 0.0008 0.0026
152 0.0945 0.1583 0.6465 0.0854 0.0061 0.0092
153 0.0788 0.1949 0.2244 0.3315 0.0086 0.1616
154 0.1373 0.1157 0.4036 0.1231 0.0439 0.1764
155 0.0784 0.1167 0.7612 0.0204 0.0099 0.0135
156 0.0314 0.2131 0.6880 0.0665 0.0003 0.0008
157 0.0839 0.1735 0.5303 0.2012 0.0055 0.0058
158 0.0209 0.0254 0.8896 0.0436 0.0015 0.0192
159 0.1285 0.1016 0.1959 0.5083 0.0289 0.0368
160 0.3538 0.0923 0.1924 0.1046 0.0423 0.2146
161 0.3862 0.1133 0.1324 0.2271 0.0410 0.1000
162 0.0646 0.1133 0.5938 0.1324 0.0051 0.0910
163 0.1121 0.2061 0.1997 0.2448 0.0129 0.2246
164 0.1992 0.3062 0.1576 0.1208 0.0167 0.1992
165 0.0869 0.0597 0.4275 0.2717 0.0646 0.0896
166 0.0191 0.6587 0.3162 0.0030 0.0004 0.0027
167 0.0320 0.3445 0.6143 0.0028 0.0023 0.0043
168 0.0889 0.2067 0.3655 0.2341 0.0146 0.0903
169 0.0622 0.2057 0.7178 0.0042 0.0020 0.0080
170 0.0281 0.0596 0.8755 0.0319 0.0003 0.0045
171 0.0751 0.1460 0.2042 0.5054 0.0321 0.0372
172 0.0610 0.1970 0.3799 0.3250 0.0134 0.0237
173 0.0585 0.1268 0.6143 0.1349 0.0032 0.0623
174 0.1204 0.2715 0.3352 0.2377 0.0087 0.0267
175 0.1322 0.2113 0.4688 0.1836 0.0008 0.0032
176 0.0387 0.0418 0.5596 0.1934 0.0648 0.1019
177 0.1047 0.2164 0.5273 0.1186 0.0206 0.0124
178 0.0701 0.2708 0.3315 0.2141 0.0177 0.0958
179 0.0377 0.0593 0.3208 0.5371 0.0096 0.0354
180 0.1125 0.2637 0.4890 0.0727 0.0041 0.0580
181 0.0213 0.1979 0.4189 0.3584 0.0017 0.0019
182 0.0717 0.0558 0.2620 0.4600 0.0125 0.1381
183 0.0606 0.2634 0.6123 0.0440 0.0035 0.0163
184 0.0510 0.0327 0.6821 0.2113 0.0043 0.0189
185 0.4270 0.1808 0.3027 0.0742 0.0090 0.0063
186 0.4529 0.2242 0.2443 0.0585 0.0172 0.0029
187 0.1055 0.1487 0.5703 0.1534 0.0061 0.0161
188 0.0391 0.1272 0.7666 0.0596 0.0017 0.0058
189 0.0720 0.0526 0.3831 0.4207 0.0261 0.0457
190 0.2441 0.0750 0.6333 0.0396 0.0044 0.0038
191 0.0992 0.0574 0.6782 0.1197 0.0113 0.0340
192 0.0172 0.0174 0.3909 0.1630 0.0020 0.4097
193 0.0242 0.0471 0.8745 0.0509 0.0012 0.0019
194 0.0365 0.0265 0.8911 0.0351 0.0060 0.0046
195 0.0815 0.0875 0.6772 0.1387 0.0113 0.0038
196 0.0236 0.0317 0.9341 0.0087 0.0015 0.0004
197 0.0419 0.1193 0.8027 0.0231 0.0092 0.0036
198 0.0495 0.0315 0.4019 0.3601 0.0069 0.1501
199 0.0114 0.0659 0.7896 0.1192 0.0077 0.0062
200 0.0220 0.0579 0.8921 0.0218 0.0018 0.0046
201 0.0092 0.0171 0.9473 0.0214 0.0019 0.0032
202 0.0199 0.1605 0.7900 0.0242 0.0023 0.0030
203 0.1292 0.1022 0.3003 0.4170 0.0233 0.0282
204 0.0961 0.2715 0.5840 0.0332 0.0070 0.0084
205 0.0281 0.0178 0.9438 0.0081 0.0015 0.0005
206 0.0782 0.1519 0.7305 0.0313 0.0037 0.0046
207 0.0143 0.0315 0.9346 0.0139 0.0040 0.0016
208 0.0833 0.0326 0.6548 0.2061 0.0095 0.0140
209 0.0472 0.0417 0.7808 0.1116 0.0088 0.0101
210 0.1469 0.3523 0.4893 0.0041 0.0019 0.0056
211 0.0382 0.1023 0.8047 0.0450 0.0046 0.0053
212 0.0687 0.0343 0.8306 0.0395 0.0030 0.0239
213 0.0406 0.1708 0.7715 0.0070 0.0077 0.0024
214 0.0677 0.0540 0.7051 0.0671 0.0282 0.0779
215 0.0107 0.0787 0.8936 0.0121 0.0009 0.0041
216 0.0576 0.0567 0.4456 0.3694 0.0320 0.0386
217 0.0265 0.1562 0.7222 0.0876 0.0041 0.0033
218 0.0310 0.2023 0.6328 0.1066 0.0193 0.0078
219 0.0818 0.1652 0.6582 0.0898 0.0028 0.0021
220 0.0377 0.0738 0.5327 0.3494 0.0031 0.0032
221 0.0649 0.0620 0.7910 0.0771 0.0009 0.0039
222 0.0381 0.0590 0.7246 0.1542 0.0065 0.0179
223 0.0601 0.1407 0.4509 0.3052 0.0082 0.0348
224 0.1735 0.0525 0.1289 0.4941 0.0181 0.1329
225 0.0353 0.0150 0.9111 0.0225 0.0027 0.0133
226 0.0480 0.4966 0.4521 0.0007 0.0017 0.0006
227 0.0160 0.2075 0.7710 0.0029 0.0006 0.0019
228 0.0124 0.0215 0.9639 0.0004 0.0009 0.0012
229 0.0169 0.0201 0.9595 0.0008 0.0009 0.0017
230 0.0303 0.0202 0.9346 0.0034 0.0059 0.0054
231 0.0448 0.2808 0.5625 0.0181 0.0883 0.0056
232 0.0304 0.2231 0.7314 0.0030 0.0081 0.0038
233 0.0233 0.1510 0.8164 0.0014 0.0055 0.0025
234 0.0446 0.2300 0.7197 0.0013 0.0038 0.0008
235 0.0233 0.0457 0.9248 0.0013 0.0033 0.0018
236 0.0291 0.0888 0.8760 0.0009 0.0034 0.0017
237 0.0176 0.0289 0.9409 0.0023 0.0026 0.0075
238 0.0409 0.0537 0.8882 0.0028 0.0103 0.0041
239 0.0474 0.1404 0.8013 0.0034 0.0046 0.0029
240 0.0240 0.0516 0.9146 0.0009 0.0078 0.0012
241 0.0205 0.0523 0.9194 0.0006 0.0064 0.0007
242 0.0350 0.1450 0.8022 0.0043 0.0070 0.0065
243 0.2986 0.2238 0.3521 0.0125 0.0786 0.0346
244 0.0452 0.0585 0.8804 0.0105 0.0044 0.0007
245 0.0281 0.1129 0.8335 0.0224 0.0021 0.0010
246 0.0844 0.3555 0.1666 0.1181 0.1075 0.1678
247 0.0384 0.2729 0.6758 0.0032 0.0058 0.0038
248 0.0801 0.1373 0.7368 0.0089 0.0159 0.0209
249 0.0429 0.1940 0.6982 0.0362 0.0162 0.0125
250 0.0413 0.0908 0.8350 0.0165 0.0071 0.0093
251 0.1213 0.2130 0.5791 0.0620 0.0218 0.0031
252 0.0700 0.2542 0.6646 0.0078 0.0029 0.0006
253 0.0844 0.0871 0.7290 0.0799 0.0129 0.0064
254 0.1304 0.2437 0.5449 0.0715 0.0034 0.0061
255 0.1232 0.0461 0.3511 0.4233 0.0120 0.0443
256 0.0926 0.0732 0.8062 0.0137 0.0104 0.0041
257 0.1440 0.1779 0.5923 0.0665 0.0007 0.0187
258 0.0835 0.0772 0.7559 0.0088 0.0687 0.0058
259 0.0312 0.0447 0.8633 0.0282 0.0120 0.0208
260 0.0585 0.0321 0.8203 0.0375 0.0246 0.0270
261 0.1110 0.0481 0.5728 0.1382 0.0865 0.0435
262 0.2198 0.1114 0.4763 0.0765 0.0902 0.0257
263 0.0172 0.3621 0.6162 0.0036 0.0005 0.0006
264 0.1002 0.0941 0.6528 0.1306 0.0033 0.0188
265 0.0567 0.0501 0.8403 0.0456 0.0048 0.0024
266 0.1394 0.0996 0.5259 0.1060 0.0301 0.0988
267 0.1151 0.0340 0.7109 0.0656 0.0192 0.0552
268 0.0182 0.0398 0.9126 0.0189 0.0007 0.0100
269 0.0901 0.0419 0.6401 0.2030 0.0186 0.0065
270 0.1010 0.0210 0.3110 0.4597 0.0598 0.0473
271 0.1517 0.2242 0.5684 0.0098 0.0292 0.0166
272 0.0330 0.1188 0.8247 0.0112 0.0038 0.0085
273 0.0660 0.0316 0.6929 0.0990 0.0226 0.0881
274 0.1096 0.0707 0.7256 0.0747 0.0049 0.0147
275 0.0475 0.0833 0.8091 0.0390 0.0024 0.0187
276 0.0866 0.0846 0.7197 0.0394 0.0258 0.0439
277 0.0484 0.0433 0.8911 0.0101 0.0040 0.0029
278 0.1447 0.0320 0.7461 0.0445 0.0225 0.0102
279 0.0547 0.0370 0.8486 0.0394 0.0104 0.0100
280 0.1812 0.1133 0.4482 0.1611 0.0761 0.0202
281 0.0436 0.0394 0.8960 0.0075 0.0118 0.0017
282 0.0834 0.0348 0.8560 0.0038 0.0136 0.0083
283 0.0542 0.0212 0.7778 0.0586 0.0521 0.0361
284 0.1011 0.0311 0.5820 0.2426 0.0096 0.0339
285 0.1603 0.0886 0.6489 0.0287 0.0156 0.0576
286 0.0670 0.0230 0.8423 0.0464 0.0163 0.0053
287 0.0123 0.0244 0.8076 0.0643 0.0006 0.0906
288 0.1946 0.1614 0.1338 0.3870 0.0756 0.0477
289 0.0340 0.0476 0.5713 0.3306 0.0069 0.0096
290 0.0409 0.0886 0.6104 0.2544 0.0018 0.0039
291 0.2295 0.0878 0.3997 0.2581 0.0133 0.0117
292 0.0181 0.0579 0.8638 0.0511 0.0067 0.0024
293 0.0771 0.1406 0.3481 0.4133 0.0029 0.0180
294 0.1027 0.2058 0.4746 0.1482 0.0445 0.0242
295 0.0687 0.0472 0.3833 0.3955 0.0779 0.0273
296 0.1160 0.1688 0.3687 0.2961 0.0105 0.0398
297 0.0101 0.1470 0.8330 0.0088 0.0006 0.0007
298 0.0264 0.0942 0.8394 0.0249 0.0096 0.0057
299 0.0806 0.5684 0.3262 0.0204 0.0032 0.0015
300 0.0719 0.0577 0.8423 0.0190 0.0016 0.0077
301 0.1131 0.1659 0.6719 0.0322 0.0036 0.0136
302 0.1287 0.2404 0.2275 0.2766 0.0218 0.1050
303 0.0835 0.0427 0.4111 0.4446 0.0102 0.0080
304 0.0411 0.0488 0.4563 0.3286 0.0043 0.1209
305 0.0720 0.2695 0.5278 0.1187 0.0036 0.0081
306 0.1825 0.2379 0.2494 0.2654 0.0099 0.0548
307 0.1050 0.0504 0.5674 0.2441 0.0056 0.0274
308 0.1127 0.0268 0.8330 0.0220 0.0024 0.0032
309 0.0378 0.0707 0.8154 0.0513 0.0044 0.0201
310 0.0673 0.0082 0.4749 0.3816 0.0220 0.0459
311 0.1120 0.0412 0.0648 0.6548 0.1129 0.0142
312 0.0989 0.2411 0.2338 0.4038 0.0186 0.0037
313 0.0143 0.0349 0.3816 0.3164 0.0022 0.2502
314 0.0113 0.0105 0.9561 0.0131 0.0014 0.0078
315 0.0171 0.0078 0.9033 0.0436 0.0075 0.0209
316 0.3984 0.2573 0.1584 0.1206 0.0133 0.0518
317 0.5156 0.2361 0.0896 0.1244 0.0197 0.0147
318 0.1808 0.2844 0.3652 0.0931 0.0490 0.0273
319 0.1549 0.0646 0.1064 0.2939 0.0472 0.3330
320 0.1549 0.0646 0.1064 0.2939 0.0472 0.3330
321 0.3228 0.4343 0.1636 0.0588 0.0184 0.0022
322 0.3787 0.3557 0.1733 0.0700 0.0196 0.0028
323 0.3760 0.3560 0.1749 0.0707 0.0196 0.0028
324 0.3801 0.3572 0.1714 0.0687 0.0198 0.0027
325 0.3250 0.4954 0.1252 0.0327 0.0201 0.0015
