time exciting_prob fearful_prob tense_prob sad_prob relaxing_prob neutral_prob
0 0.1342 0.1077 0.4197 0.1593 0.0533 0.1260
1 0.7349 0.0040 0.0025 0.2240 0.0165 0.0182
2 0.4343 0.0038 0.0038 0.5405 0.0101 0.0076
3 0.5322 0.0054 0.0049 0.4446 0.0069 0.0061
4 0.3279 0.0149 0.0188 0.5801 0.0027 0.0557
5 0.2124 0.1102 0.2812 0.2261 0.0581 0.1119
6 0.5122 0.1326 0.0715 0.1676 0.0371 0.0792
7 0.8223 0.1122 0.0217 0.0214 0.0201 0.0023
8 0.8350 0.1062 0.0193 0.0190 0.0193 0.0009
9 0.6963 0.0957 0.0734 0.1027 0.0254 0.0067
10 0.1582 0.1292 0.2338 0.3145 0.0639 0.1005
11 0.3630 0.0977 0.2961 0.1688 0.0028 0.0715
12 0.0361 0.0428 0.1832 0.6499 0.0372 0.0509
13 0.0611 0.1854 0.4177 0.2827 0.0346 0.0184
14 0.0329 0.4229 0.1212 0.3242 0.0958 0.0029
15 0.0584 0.3867 0.3867 0.1378 0.0271 0.0033
16 0.7822 0.0172 0.1425 0.0496 0.0073 0.0010
17 0.6924 0.0467 0.0664 0.1833 0.0096 0.0017
18 0.1021 0.3533 0.3022 0.1921 0.0254 0.0248
19 0.0471 0.3643 0.3760 0.1949 0.0042 0.0136
20 0.1711 0.0821 0.2490 0.3857 0.0551 0.0569
21 0.0492 0.1960 0.4084 0.3284 0.0140 0.0040
22 0.0287 0.1815 0.6436 0.1288 0.0079 0.0095
23 0.0312 0.0808 0.5269 0.2957 0.0439 0.0214
24 0.0576 0.0627 0.6440 0.2190 0.0102 0.0066
25 0.0865 0.1874 0.5908 0.0988 0.0287 0.0079
26 0.0842 0.6519 0.1700 0.0842 0.0092 0.0004
27 0.0710 0.5723 0.2347 0.1190 0.0026 0.0006
28 0.0308 0.2024 0.0850 0.6636 0.0123 0.0057
29 0.0699 0.1757 0.2678 0.4216 0.0448 0.0202
30 0.0861 0.3198 0.4043 0.1647 0.0216 0.0033
31 0.0309 0.2773 0.3789 0.2952 0.0093 0.0084
32 0.0585 0.0508 0.1494 0.6592 0.0449 0.0372
33 0.0131 0.4385 0.1091 0.4316 0.0034 0.0041
34 0.0079 0.6235 0.2024 0.1602 0.0009 0.0053
35 0.0385 0.7095 0.1738 0.0655 0.0075 0.0053
36 0.0290 0.5220 0.1847 0.2544 0.0035 0.0062
37 0.0116 0.7251 0.0478 0.2142 0.0009 0.0005
38 0.0237 0.5142 0.2178 0.1952 0.0464 0.0025
39 0.0208 0.5630 0.1718 0.2172 0.0257 0.0014
40 0.0342 0.0692 0.2822 0.5972 0.0042 0.0130
41 0.0348 0.3950 0.3379 0.2083 0.0033 0.0206
42 0.0099 0.8281 0.0959 0.0619 0.0019 0.0023
43 0.0417 0.0588 0.2476 0.6128 0.0315 0.0078
44 0.0421 0.2520 0.2944 0.3608 0.0470 0.0036
45 0.0754 0.2433 0.3596 0.2590 0.0564 0.0065
46 0.0452 0.1818 0.2686 0.4788 0.0104 0.0152
47 0.0754 0.1089 0.3516 0.4111 0.0117 0.0414
48 0.0396 0.0462 0.2876 0.5723 0.0272 0.0272
49 0.0513 0.0537 0.2603 0.6055 0.0118 0.0174
50 0.0491 0.3601 0.3491 0.2167 0.0145 0.0105
51 0.0653 0.1111 0.1138 0.5962 0.0872 0.0266
52 0.0242 0.3931 0.2832 0.2922 0.0026 0.0049
53 0.0281 0.3188 0.4639 0.1707 0.0081 0.0107
54 0.0279 0.1510 0.4873 0.2957 0.0149 0.0231
55 0.0668 0.4258 0.3264 0.1566 0.0202 0.0039
56 0.0432 0.2280 0.3267 0.3877 0.0101 0.0044
57 0.0555 0.1880 0.5698 0.1738 0.0085 0.0043
58 0.0715 0.3384 0.2849 0.1466 0.1455 0.0131
59 0.0608 0.4028 0.2683 0.2480 0.0166 0.0035
60 0.0513 0.1290 0.4231 0.3733 0.0115 0.0119
61 0.0816 0.2494 0.4377 0.2271 0.0024 0.0018
62 0.1273 0.1031 0.5659 0.1971 0.0065 0.0001
63 0.1296 0.2404 0.5088 0.1050 0.0159 0.0005
64 0.1803 0.3164 0.2043 0.2389 0.0533 0.0067
65 0.1920 0.1890 0.3318 0.1616 0.1137 0.0120
66 0.0083 0.1158 0.0796 0.7915 0.0019 0.0030
67 0.0510 0.1608 0.7373 0.0275 0.0218 0.0015
68 0.0429 0.2357 0.4336 0.2146 0.0025 0.0708
69 0.0311 0.2041 0.7236 0.0349 0.0010 0.0053
70 0.0210 0.1553 0.7290 0.0768 0.0007 0.0172
71 0.0594 0.0706 0.3020 0.4604 0.0633 0.0442
72 0.1127 0.2139 0.4026 0.2349 0.0248 0.0111
73 0.2566 0.2864 0.2566 0.1353 0.0629 0.0023
74 0.0887 0.2979 0.1498 0.4333 0.0256 0.0047
75 0.0785 0.2167 0.6172 0.0715 0.0142 0.0019
76 0.0424 0.1436 0.6904 0.0972 0.0227 0.0037
77 0.0294 0.1019 0.7764 0.0438 0.0470 0.0015
78 0.0437 0.1827 0.5991 0.1664 0.0063 0.0019
79 0.0315 0.0677 0.3335 0.5166 0.0142 0.0368
80 0.0344 0.0613 0.3525 0.4746 0.0088 0.0684
81 0.0196 0.2468 0.6108 0.1147 0.0053 0.0027
82 0.0340 0.2737 0.3982 0.2737 0.0127 0.0077
83 0.0452 0.3474 0.3999 0.1720 0.0297 0.0057
84 0.0389 0.3638 0.1144 0.3752 0.0878 0.0197
85 0.1323 0.1823 0.4727 0.1205 0.0841 0.0082
86 0.0536 0.4851 0.3662 0.0905 0.0039 0.0007
87 0.0765 0.0719 0.2394 0.5312 0.0286 0.0526
88 0.0521 0.0936 0.2710 0.4539 0.0250 0.1045
89 0.0333 0.0632 0.1126 0.7007 0.0750 0.0152
90 0.0916 0.2888 0.4688 0.0952 0.0494 0.0061
91 0.1527 0.0598 0.2479 0.0756 0.4561 0.0080
92 0.0646 0.2220 0.5498 0.1456 0.0099 0.0082
93 0.0459 0.1731 0.3442 0.3499 0.0251 0.0617
94 0.0585 0.3701 0.2141 0.3318 0.0078 0.0179
95 0.0305 0.0897 0.3835 0.4485 0.0346 0.0132
96 0.1110 0.2622 0.3315 0.1980 0.0525 0.0449
97 0.0718 0.0542 0.1045 0.6401 0.0299 0.0997
98 0.0495 0.0731 0.3772 0.3831 0.0767 0.0404
99 0.0390 0.0966 0.2013 0.5469 0.0752 0.0409
100 0.0403 0.2211 0.3701 0.2927 0.0390 0.0367
101 0.2554 0.0565 0.1432 0.4624 0.0666 0.0158
102 0.0522 0.0649 0.4236 0.4041 0.0254 0.0297
103 0.0782 0.1193 0.3975 0.3242 0.0375 0.0432
104 0.0733 0.0504 0.1932 0.4934 0.1209 0.0689
105 0.0854 0.1620 0.4836 0.1407 0.1114 0.0167
106 0.0339 0.2776 0.1582 0.3677 0.1332 0.0295
107 0.1486 0.2527 0.3047 0.2264 0.0619 0.0056
108 0.0938 0.0789 0.5229 0.1407 0.1475 0.0162
109 0.0366 0.3416 0.5459 0.0705 0.0042 0.0013
110 0.0831 0.4158 0.3042 0.1349 0.0151 0.0470
111 0.1141 0.1333 0.1376 0.2340 0.3682 0.0128
112 0.1615 0.2500 0.1719 0.3813 0.0308 0.0043
113 0.0712 0.3557 0.1483 0.4031 0.0198 0.0020
114 0.0775 0.3018 0.4124 0.1666 0.0375 0.0042
115 0.1427 0.2108 0.2244 0.1832 0.1694 0.0695
116 0.0612 0.6133 0.2896 0.0280 0.0080 0.0002
117 0.0541 0.1010 0.2241 0.5293 0.0272 0.0642
118 0.0285 0.0414 0.0632 0.7939 0.0196 0.0532
119 0.0850 0.2661 0.3870 0.1639 0.0642 0.0338
120 0.0448 0.2920 0.4451 0.1827 0.0087 0.0267
121 0.0745 0.1589 0.6338 0.1200 0.0034 0.0095
122 0.0344 0.0516 0.2664 0.5815 0.0212 0.0449
123 0.1050 0.1349 0.2854 0.3040 0.1392 0.0318
124 0.0419 0.0306 0.1353 0.6250 0.0959 0.0712
125 0.0413 0.1509 0.7427 0.0609 0.0005 0.0039
126 0.0940 0.2382 0.5894 0.0726 0.0005 0.0052
127 0.0687 0.2115 0.6318 0.0855 0.0007 0.0018
128 0.0782 0.3020 0.1221 0.4827 0.0062 0.0088
129 0.1130 0.1078 0.0518 0.7031 0.0071 0.0171
130 0.1221 0.2446 0.4827 0.1086 0.0309 0.0112
131 0.0660 0.2712 0.1864 0.2338 0.2338 0.0088
132 0.0987 0.3137 0.2224 0.3289 0.0026 0.0338
133 0.1404 0.6294 0.1494 0.0658 0.0046 0.0106
134 0.0787 0.2367 0.2057 0.2683 0.1993 0.0112
135 0.1313 0.2983 0.3433 0.0660 0.1536 0.0075
136 0.0571 0.5093 0.3186 0.0871 0.0215 0.0066
137 0.0361 0.6504 0.1835 0.1166 0.0113 0.0018
138 0.0501 0.6245 0.2124 0.0806 0.0294 0.0030
139 0.0687 0.4412 0.3032 0.1283 0.0535 0.0053
140 0.1144 0.3469 0.2788 0.1827 0.0721 0.0051
141 0.0736 0.3796 0.2610 0.2267 0.0498 0.0094
142 0.0713 0.1251 0.2607 0.4797 0.0394 0.0237
143 0.0399 0.3909 0.3970 0.1438 0.0206 0.0077
144 0.0546 0.5225 0.3535 0.0497 0.0155 0.0043
145 0.0132 0.0869 0.0897 0.6035 0.2053 0.0016
146 0.0241 0.1216 0.1295 0.5801 0.1422 0.0022
147 0.0322 0.5405 0.3833 0.0368 0.0058 0.0011
148 0.0132 0.2571 0.1511 0.5615 0.0051 0.0123
149 0.0248 0.2128 0.1157 0.6255 0.0065 0.0147
150 0.0252 0.2017 0.1865 0.5747 0.0074 0.0047
151 0.1377 0.4624 0.2289 0.0698 0.0816 0.0195
152 0.0098 0.0823 0.0919 0.7935 0.0128 0.0095
153 0.0011 0.0476 0.0641 0.8848 0.0008 0.0019
154 0.0082 0.2681 0.3184 0.4023 0.0020 0.0008
155 0.0115 0.2793 0.1831 0.5215 0.0039 0.0007
156 0.0343 0.3923 0.3518 0.1466 0.0621 0.0127
157 0.0283 0.4263 0.3943 0.1147 0.0273 0.0093
158 0.0274 0.6953 0.1758 0.0898 0.0105 0.0012
159 0.0245 0.4148 0.4021 0.1434 0.0148 0.0003
160 0.0424 0.2812 0.4221 0.1932 0.0466 0.0143
161 0.0350 0.5029 0.1821 0.2568 0.0185 0.0049
162 0.0216 0.4880 0.1273 0.3354 0.0154 0.0120
163 0.0276 0.4497 0.4160 0.1035 0.0022 0.0009
164 0.0142 0.0669 0.3450 0.4866 0.0770 0.0104
165 0.0153 0.1136 0.3726 0.4495 0.0412 0.0079
166 0.0257 0.1305 0.3774 0.2676 0.1783 0.0205
167 0.0277 0.0577 0.2666 0.3022 0.3318 0.0139
168 0.0363 0.0782 0.3672 0.4570 0.0418 0.0195
169 0.0871 0.1553 0.4858 0.2224 0.0474 0.0020
170 0.0260 0.6602 0.1643 0.1406 0.0070 0.0017
171 0.0240 0.3848 0.1329 0.4429 0.0119 0.0035
172 0.0356 0.4263 0.3022 0.2212 0.0099 0.0048
173 0.0674 0.3169 0.5562 0.0475 0.0076 0.0045
174 0.1102 0.4062 0.3999 0.0558 0.0256 0.0024
175 0.0401 0.6172 0.1973 0.1273 0.0172 0.0010
176 0.0506 0.3052 0.2693 0.3198 0.0461 0.0088
177 0.0860 0.1968 0.5786 0.0944 0.0307 0.0137
178 0.0478 0.5059 0.3069 0.1221 0.0065 0.0108
179 0.0798 0.4592 0.3521 0.0699 0.0223 0.0166
180 0.2075 0.2502 0.3999 0.0412 0.0935 0.0077
181 0.0768 0.1248 0.1307 0.2600 0.3782 0.0294
182 0.0243 0.0629 0.5352 0.3511 0.0043 0.0224
183 0.0268 0.3113 0.3997 0.2207 0.0079 0.0338
184 0.1604 0.2644 0.4160 0.0886 0.0550 0.0155
185 0.1434 0.2188 0.5010 0.0857 0.0402 0.0111
186 0.1960 0.1100 0.6040 0.0721 0.0142 0.0039
187 0.0667 0.2810 0.2366 0.3779 0.0204 0.0174
188 0.0108 0.2529 0.2957 0.4302 0.0052 0.0052
189 0.1898 0.1064 0.2253 0.0330 0.4146 0.0310
190 0.0776 0.3318 0.1495 0.3643 0.0576 0.0193
191 0.0112 0.2620 0.3933 0.2925 0.0132 0.0278
192 0.2773 0.2487 0.2729 0.1631 0.0309 0.0071
193 0.2075 0.0643 0.4463 0.1340 0.1404 0.0075
194 0.0643 0.1174 0.3398 0.4573 0.0088 0.0123
195 0.2034 0.0790 0.1633 0.4546 0.0834 0.0162
196 0.0304 0.3594 0.4011 0.1262 0.0778 0.0052
197 0.2688 0.3044 0.2605 0.0412 0.1202 0.0051
198 0.0202 0.2190 0.6641 0.0757 0.0035 0.0177
199 0.1043 0.5957 0.0728 0.2208 0.0045 0.0017
200 0.0667 0.4629 0.3333 0.1326 0.0040 0.0006
201 0.0128 0.1903 0.1482 0.5771 0.0224 0.0493
202 0.0234 0.3630 0.1826 0.3926 0.0225 0.0158
203 0.0262 0.2925 0.2208 0.4060 0.0339 0.0205
204 0.0413 0.5972 0.2032 0.1105 0.0191 0.0286
205 0.0679 0.5728 0.2175 0.0936 0.0313 0.0168
206 0.0738 0.1400 0.2308 0.1798 0.0236 0.3521
207 0.0886 0.3850 0.2029 0.1270 0.0177 0.1790
208 0.0763 0.3264 0.2279 0.1693 0.0170 0.1831
209 0.6606 0.1558 0.0224 0.1582 0.0020 0.0010
210 0.3301 0.4585 0.1015 0.1047 0.0025 0.0027
211 0.2537 0.1378 0.1337 0.3413 0.0985 0.0351
212 0.2119 0.1885 0.1189 0.1827 0.2517 0.0462
213 0.1053 0.0419 0.1450 0.5825 0.0958 0.0295
214 0.1921 0.6108 0.0266 0.1569 0.0133 0.0004
215 0.1465 0.5981 0.1106 0.0803 0.0476 0.0171
216 0.2339 0.3511 0.1063 0.1223 0.1365 0.0498
217 0.2590 0.2472 0.1097 0.2913 0.0494 0.0433
218 0.0881 0.1375 0.0983 0.5439 0.0316 0.1006
219 0.1554 0.4602 0.1460 0.2157 0.0100 0.0129
220 0.0511 0.0392 0.2152 0.5581 0.0296 0.1066
221 0.3823 0.2527 0.1029 0.1569 0.0833 0.0219
222 0.2258 0.1459 0.1267 0.3472 0.0520 0.1026
223 0.2566 0.1439 0.1193 0.3345 0.0735 0.0723
224 0.1560 0.1674 0.0784 0.4207 0.0483 0.1293
225 0.2396 0.1387 0.0961 0.3740 0.0815 0.0703
226 0.1097 0.0720 0.0731 0.6719 0.0342 0.0391
227 0.0395 0.0917 0.1853 0.5981 0.0107 0.0748
228 0.2651 0.0430 0.2959 0.2959 0.0391 0.0611
229 0.1049 0.1575 0.1757 0.3206 0.1207 0.1207
230 0.0453 0.4065 0.4194 0.1012 0.0211 0.0064
231 0.0764 0.0654 0.0680 0.6865 0.0268 0.0770
232 0.1292 0.2197 0.3403 0.2233 0.0522 0.0353
233 0.0722 0.4253 0.1678 0.2500 0.0101 0.0745
234 0.0570 0.6128 0.2052 0.0925 0.0179 0.0146
235 0.3093 0.1103 0.3167 0.1593 0.0493 0.0550
236 0.4407 0.1409 0.1711 0.1725 0.0464 0.0284
237 0.1924 0.5479 0.1646 0.0640 0.0109 0.0201
238 0.2878 0.2025 0.1238 0.2832 0.0647 0.0381
239 0.3074 0.4075 0.0991 0.0790 0.0625 0.0446
240 0.0629 0.3618 0.1819 0.2773 0.0273 0.0887
241 0.1285 0.0504 0.1002 0.4558 0.0721 0.1930
242 0.1199 0.1459 0.2156 0.1505 0.3608 0.0073
243 0.1768 0.2612 0.3152 0.1072 0.0939 0.0457
244 0.0662 0.3386 0.2722 0.2186 0.0941 0.0103
245 0.0475 0.3269 0.2144 0.2212 0.0126 0.1777
246 0.1843 0.0512 0.2922 0.2969 0.1317 0.0438
247 0.2352 0.1069 0.2751 0.2793 0.0794 0.0240
248 0.0637 0.0627 0.6235 0.2156 0.0054 0.0289
249 0.2471 0.4270 0.1499 0.0828 0.0874 0.0060
250 0.4006 0.3508 0.1061 0.0586 0.0600 0.0239
251 0.2051 0.4695 0.2634 0.0228 0.0351 0.0040
252 0.2644 0.3970 0.2603 0.0323 0.0393 0.0068
253 0.4858 0.3313 0.1110 0.0663 0.0012 0.0044
254 0.4883 0.3801 0.0574 0.0660 0.0051 0.0030
255 0.4451 0.3896 0.0925 0.0656 0.0047 0.0025
256 0.2786 0.3108 0.1613 0.2384 0.0055 0.0053
257 0.0737 0.4172 0.1511 0.1971 0.0050 0.1559
258 0.1737 0.4038 0.2649 0.0747 0.0231 0.0596
259 0.2399 0.2218 0.0635 0.2554 0.0495 0.1700
260 0.1136 0.1553 0.1349 0.1288 0.0181 0.4492
261 0.7495 0.0953 0.1168 0.0277 0.0094 0.0014
262 0.7485 0.0880 0.1300 0.0211 0.0112 0.0012
263 0.5708 0.1089 0.2067 0.0822 0.0216 0.0098
