time exciting_prob fearful_prob tense_prob sad_prob relaxing_prob neutral_prob
0 0.1185 0.0730 0.2015 0.2932 0.2842 0.0295
1 0.0538 0.0453 0.0747 0.2129 0.5522 0.0610
2 0.1049 0.1855 0.2617 0.3413 0.0598 0.0466
3 0.1907 0.0873 0.0314 0.2566 0.3943 0.0399
4 0.0908 0.1232 0.0397 0.2047 0.4797 0.0620
5 0.0764 0.2061 0.1818 0.0396 0.4717 0.0246
6 0.0228 0.1560 0.2961 0.2473 0.1610 0.1168
7 0.0970 0.1575 0.3335 0.0504 0.2639 0.0978
8 0.1831 0.1615 0.2058 0.0781 0.2278 0.1437
9 0.1031 0.0703 0.2612 0.0778 0.3542 0.1334
10 0.0456 0.4294 0.2905 0.0409 0.1906 0.0031
11 0.0206 0.1503 0.0933 0.0218 0.7056 0.0085
12 0.0843 0.0904 0.0377 0.4021 0.2659 0.1198
13 0.2213 0.2394 0.1620 0.0990 0.2588 0.0195
14 0.2075 0.1890 0.1052 0.0572 0.4258 0.0154
15 0.1484 0.3674 0.1520 0.2505 0.0770 0.0048
16 0.0818 0.3640 0.1888 0.3162 0.0233 0.0258
17 0.1624 0.5366 0.0779 0.1989 0.0216 0.0028
18 0.0072 0.0638 0.2026 0.4785 0.0516 0.1964
19 0.3955 0.1501 0.3660 0.0427 0.0181 0.0276
20 0.2194 0.1630 0.3616 0.1416 0.0643 0.0501
21 0.1009 0.1295 0.0779 0.1326 0.4927 0.0662
22 0.2019 0.1622 0.0666 0.1015 0.4241 0.0437
23 0.0113 0.0487 0.0635 0.8110 0.0265 0.0391
24 0.1763 0.4163 0.2428 0.1174 0.0403 0.0073
25 0.1328 0.5547 0.1505 0.1035 0.0474 0.0110
26 0.0359 0.2917 0.1587 0.1265 0.3689 0.0181
27 0.0489 0.3616 0.1592 0.0845 0.3369 0.0088
28 0.2344 0.1812 0.0365 0.1143 0.4243 0.0093
29 0.1906 0.5303 0.1183 0.0329 0.1211 0.0069
30 0.0713 0.4873 0.1396 0.1752 0.0967 0.0300
31 0.0496 0.3413 0.1357 0.4248 0.0274 0.0211
32 0.1046 0.3403 0.1418 0.0186 0.3826 0.0119
33 0.2003 0.2847 0.0969 0.1023 0.2961 0.0198
34 0.2119 0.2498 0.1827 0.1771 0.1562 0.0222
35 0.0815 0.2610 0.2693 0.3225 0.0280 0.0376
36 0.0256 0.2734 0.0828 0.5269 0.0582 0.0329
37 0.0419 0.3320 0.0997 0.3914 0.1175 0.0176
38 0.0407 0.1500 0.0676 0.0066 0.7324 0.0027
39 0.1469 0.3811 0.1066 0.0469 0.2966 0.0218
40 0.1215 0.4077 0.1488 0.2803 0.0314 0.0102
41 0.0544 0.3357 0.0890 0.1133 0.3518 0.0557
42 0.0483 0.1823 0.1713 0.1956 0.3569 0.0457
43 0.0806 0.6392 0.0819 0.1681 0.0246 0.0057
44 0.0438 0.7461 0.1075 0.0799 0.0181 0.0045
45 0.0493 0.4636 0.3584 0.0268 0.0438 0.0580
46 0.0111 0.0233 0.0199 0.8740 0.0378 0.0339
47 0.0192 0.0505 0.0293 0.8154 0.0573 0.0281
48 0.0259 0.3408 0.2399 0.2783 0.0166 0.0984
49 0.1134 0.0779 0.6133 0.1017 0.0110 0.0829
50 0.0673 0.2225 0.3289 0.3447 0.0260 0.0106
51 0.0229 0.0317 0.1561 0.7334 0.0162 0.0395
52 0.0375 0.1965 0.2524 0.4788 0.0145 0.0204
53 0.1296 0.3870 0.0986 0.2479 0.1218 0.0150
54 0.0520 0.1801 0.3416 0.1381 0.1858 0.1026
55 0.1246 0.1757 0.2656 0.0368 0.3157 0.0817
56 0.2024 0.2876 0.2500 0.0225 0.2349 0.0026
57 0.1991 0.1689 0.0792 0.1152 0.2786 0.1588
58 0.2458 0.3870 0.1946 0.1368 0.0205 0.0154
59 0.0444 0.1208 0.2637 0.4702 0.0165 0.0843
60 0.0848 0.5400 0.0909 0.0134 0.2673 0.0034
61 0.1044 0.6973 0.0789 0.0231 0.0929 0.0034
62 0.1783 0.1400 0.3521 0.1295 0.1024 0.0977
63 0.0582 0.7671 0.1105 0.0223 0.0400 0.0021
64 0.1652 0.0934 0.1516 0.1118 0.4387 0.0392
65 0.0556 0.4731 0.3489 0.0495 0.0465 0.0263
66 0.0996 0.2771 0.2686 0.2708 0.0489 0.0350
67 0.0238 0.2201 0.1455 0.4111 0.0253 0.1741
68 0.0754 0.4763 0.1365 0.2268 0.0650 0.0200
69 0.1758 0.3992 0.0223 0.3013 0.0677 0.0338
70 0.0463 0.1719 0.0363 0.0262 0.7124 0.0068
71 0.0206 0.2676 0.1089 0.5039 0.0461 0.0531
72 0.0809 0.4993 0.1738 0.1398 0.0498 0.0565
73 0.0676 0.4839 0.2303 0.1312 0.0362 0.0506
74 0.1499 0.0400 0.0082 0.3828 0.1499 0.2693
75 0.1671 0.2510 0.0167 0.3376 0.1851 0.0426
76 0.1661 0.0835 0.0487 0.3516 0.1008 0.2494
77 0.1583 0.3596 0.1097 0.1881 0.0539 0.1302
78 0.0206 0.0807 0.1221 0.6812 0.0378 0.0577
79 0.0274 0.0662 0.1346 0.6528 0.0335 0.0856
80 0.1044 0.0250 0.0517 0.5645 0.1450 0.1094
81 0.1456 0.4021 0.1785 0.1885 0.0646 0.0208
82 0.3125 0.1273 0.1635 0.1910 0.0968 0.1089
83 0.1527 0.3577 0.3108 0.0798 0.0245 0.0744
84 0.0857 0.6040 0.1180 0.0318 0.1588 0.0017
85 0.0693 0.7803 0.0401 0.0220 0.0785 0.0098
86 0.0147 0.3159 0.0780 0.4705 0.0912 0.0296
87 0.0230 0.6616 0.1925 0.0429 0.0720 0.0081
88 0.0670 0.3855 0.2910 0.1608 0.0327 0.0629
89 0.0340 0.6514 0.2759 0.0298 0.0048 0.0044
90 0.0167 0.6577 0.2168 0.0755 0.0045 0.0289
91 0.2998 0.2905 0.2092 0.0633 0.1329 0.0043
92 0.4780 0.2089 0.1050 0.1026 0.0956 0.0097
93 0.0168 0.3560 0.3242 0.2159 0.0347 0.0525
94 0.0408 0.6289 0.1653 0.1172 0.0387 0.0092
95 0.1232 0.3916 0.3049 0.0185 0.1570 0.0048
96 0.1445 0.0631 0.1743 0.1975 0.4053 0.0154
97 0.1710 0.0490 0.1486 0.3245 0.2908 0.0162
98 0.0664 0.0577 0.2281 0.5391 0.0951 0.0137
99 0.0214 0.1123 0.0253 0.5791 0.2303 0.0314
100 0.0083 0.0587 0.0245 0.7729 0.1242 0.0116
101 0.0199 0.0886 0.0355 0.7769 0.0428 0.0363
102 0.0634 0.1804 0.1052 0.4194 0.1832 0.0482
103 0.0430 0.1549 0.2573 0.0848 0.4446 0.0152
104 0.0482 0.0735 0.2045 0.1320 0.4644 0.0776
105 0.0746 0.1833 0.0517 0.3704 0.3118 0.0081
106 0.0379 0.3684 0.1466 0.1584 0.2571 0.0314
107 0.0936 0.5303 0.0908 0.0659 0.1631 0.0563
108 0.1313 0.1334 0.0766 0.4045 0.2378 0.0162
109 0.1260 0.2974 0.0981 0.2974 0.1655 0.0156
110 0.0767 0.0335 0.1478 0.0969 0.6128 0.0325
111 0.0839 0.1383 0.3701 0.3533 0.0339 0.0206
112 0.0210 0.0869 0.0862 0.4553 0.2986 0.0519
113 0.0120 0.0616 0.0552 0.5981 0.1882 0.0848
114 0.0110 0.0200 0.0107 0.8784 0.0519 0.0278
115 0.0221 0.1364 0.0279 0.6113 0.1322 0.0702
116 0.1306 0.1057 0.1445 0.0891 0.5166 0.0138
117 0.0908 0.1998 0.1174 0.1921 0.2668 0.1331
118 0.0975 0.1262 0.0475 0.0450 0.6826 0.0012
119 0.0798 0.1074 0.0598 0.0549 0.6948 0.0031
120 0.1354 0.1985 0.2432 0.1176 0.2651 0.0403
121 0.0876 0.2152 0.1855 0.2517 0.2308 0.0291
122 0.0199 0.0134 0.0161 0.7827 0.0684 0.0995
123 0.0473 0.2744 0.0536 0.1652 0.4121 0.0473
124 0.0197 0.5435 0.0908 0.1213 0.1969 0.0277
125 0.1443 0.1443 0.2737 0.1089 0.2454 0.0835
126 0.0997 0.0944 0.0741 0.2954 0.2336 0.2030
127 0.0507 0.4734 0.2534 0.0616 0.1432 0.0178
128 0.0251 0.0755 0.0779 0.1810 0.6172 0.0230
129 0.0105 0.0367 0.0522 0.4199 0.4541 0.0266
130 0.0750 0.4417 0.1170 0.1116 0.2255 0.0294
131 0.1450 0.2952 0.1202 0.1383 0.2930 0.0084
132 0.0421 0.2561 0.0751 0.2749 0.3394 0.0125
133 0.0216 0.1222 0.1087 0.5605 0.1710 0.0160
134 0.0284 0.3174 0.1956 0.1809 0.2632 0.0145
135 0.1118 0.0306 0.1003 0.4092 0.2725 0.0757
136 0.1033 0.1946 0.1915 0.1931 0.2766 0.0408
137 0.0281 0.0419 0.0560 0.4758 0.3765 0.0216
138 0.0331 0.0350 0.0439 0.3022 0.5303 0.0555
139 0.0095 0.1229 0.0260 0.7891 0.0358 0.0165
140 0.0556 0.1252 0.2034 0.1536 0.4304 0.0317
141 0.0764 0.1531 0.1156 0.1832 0.4607 0.0109
142 0.0338 0.2085 0.0330 0.2495 0.4624 0.0129
143 0.0964 0.2074 0.1043 0.0920 0.4897 0.0101
144 0.0603 0.4153 0.1469 0.2479 0.1208 0.0088
145 0.1124 0.3772 0.1866 0.0630 0.2593 0.0016
146 0.0362 0.0635 0.0708 0.2395 0.5654 0.0245
147 0.0576 0.2502 0.4060 0.2010 0.0728 0.0123
148 0.1300 0.4165 0.0997 0.0981 0.2355 0.0201
149 0.1498 0.2128 0.0753 0.1779 0.3677 0.0167
150 0.0753 0.1417 0.0342 0.3506 0.3853 0.0131
151 0.0213 0.1415 0.0751 0.4355 0.2622 0.0643
152 0.0272 0.2043 0.1230 0.2563 0.3450 0.0442
153 0.1026 0.2642 0.2969 0.0598 0.2747 0.0018
154 0.1295 0.5244 0.1091 0.1082 0.1256 0.0030
155 0.0105 0.0224 0.0087 0.0170 0.9375 0.0039
156 0.0128 0.0259 0.0196 0.0257 0.9067 0.0092
157 0.0073 0.0673 0.0112 0.8867 0.0139 0.0137
158 0.0155 0.3816 0.1949 0.2502 0.0706 0.0872
159 0.0859 0.0795 0.1310 0.5103 0.0581 0.1353
160 0.1711 0.3457 0.0777 0.0388 0.3623 0.0046
161 0.0411 0.3875 0.0851 0.1051 0.3472 0.0341
162 0.0747 0.4299 0.0777 0.0659 0.3025 0.0494
163 0.0392 0.1914 0.0389 0.2659 0.3467 0.1180
164 0.0707 0.2410 0.0839 0.4329 0.1520 0.0195
165 0.0640 0.0388 0.1443 0.5889 0.0749 0.0889
166 0.0109 0.0423 0.0197 0.3542 0.5317 0.0410
167 0.0120 0.0523 0.0398 0.3059 0.5806 0.0094
168 0.0103 0.0760 0.1252 0.2913 0.3918 0.1055
169 0.1094 0.3218 0.0833 0.0513 0.4229 0.0114
170 0.2727 0.3877 0.0878 0.0349 0.2074 0.0095
171 0.0764 0.0512 0.0181 0.3291 0.5176 0.0077
172 0.0651 0.0579 0.0253 0.2783 0.5625 0.0108
173 0.0419 0.3760 0.0319 0.1709 0.3560 0.0233
174 0.0503 0.2534 0.0407 0.0749 0.5713 0.0095
175 0.0128 0.0594 0.0705 0.5293 0.2620 0.0662
176 0.0125 0.1080 0.0630 0.5278 0.2571 0.0317
177 0.1092 0.2725 0.1772 0.1564 0.2137 0.0710
178 0.0785 0.1073 0.6885 0.0641 0.0232 0.0382
179 0.0366 0.4224 0.2644 0.0623 0.0793 0.1350
180 0.0687 0.0535 0.0868 0.6313 0.0356 0.1243
181 0.0391 0.2394 0.3171 0.3271 0.0282 0.0490
182 0.2222 0.2722 0.1539 0.1652 0.1731 0.0135
183 0.1553 0.4424 0.1787 0.0493 0.1437 0.0306
184 0.0721 0.1049 0.1930 0.4150 0.1368 0.0780
185 0.0464 0.4104 0.3794 0.0881 0.0373 0.0385
186 0.0264 0.2979 0.3706 0.2546 0.0290 0.0214
187 0.0437 0.4482 0.1433 0.1959 0.0255 0.1433
188 0.0691 0.1121 0.1175 0.5693 0.0747 0.0573
189 0.0661 0.0848 0.0621 0.1367 0.5620 0.0883
190 0.0371 0.0603 0.1886 0.4319 0.0905 0.1917
191 0.0966 0.2144 0.4263 0.1936 0.0288 0.0403
192 0.2883 0.0776 0.3318 0.1086 0.1361 0.0576
193 0.0206 0.0661 0.2612 0.3354 0.0785 0.2379
194 0.0606 0.0991 0.1123 0.1141 0.5483 0.0655
195 0.0509 0.3848 0.0996 0.0633 0.1604 0.2408
196 0.1191 0.5420 0.1471 0.1802 0.0099 0.0015
197 0.1295 0.0503 0.0721 0.6475 0.0155 0.0850
198 0.0645 0.1766 0.2778 0.3682 0.0766 0.0362
199 0.1407 0.3650 0.2610 0.0861 0.1131 0.0342
200 0.0579 0.3804 0.3804 0.0565 0.0932 0.0315
201 0.0735 0.4167 0.2196 0.2112 0.0151 0.0639
202 0.0291 0.0343 0.0150 0.0168 0.8975 0.0072
203 0.0343 0.1080 0.0362 0.1713 0.6362 0.0137
204 0.0994 0.6045 0.1034 0.1042 0.0438 0.0448
205 0.2393 0.1937 0.1670 0.2908 0.0814 0.0277
206 0.1486 0.5103 0.1835 0.1157 0.0400 0.0018
207 0.0634 0.4263 0.0814 0.3269 0.0326 0.0696
208 0.0452 0.1681 0.2369 0.4712 0.0668 0.0116
209 0.1065 0.4626 0.2896 0.0804 0.0570 0.0039
210 0.1031 0.5615 0.2050 0.0754 0.0208 0.0342
211 0.0374 0.0870 0.3132 0.1265 0.3604 0.0756
212 0.0759 0.1429 0.3594 0.2321 0.1510 0.0388
213 0.0495 0.1741 0.3176 0.3831 0.0621 0.0136
214 0.0617 0.1091 0.0523 0.7339 0.0030 0.0401
215 0.0803 0.2822 0.2571 0.1293 0.2322 0.0191
216 0.2133 0.3252 0.1432 0.0842 0.2324 0.0017
217 0.0966 0.0696 0.5645 0.1147 0.1279 0.0264
218 0.0660 0.1672 0.3076 0.3948 0.0483 0.0162
219 0.0714 0.4990 0.3052 0.0923 0.0201 0.0121
220 0.0627 0.5415 0.1481 0.1199 0.0912 0.0366
221 0.0632 0.2993 0.1382 0.4390 0.0474 0.0128
222 0.0314 0.2032 0.3682 0.2913 0.0348 0.0714
223 0.3960 0.1116 0.1676 0.0631 0.2439 0.0178
224 0.1031 0.3328 0.3176 0.0917 0.1355 0.0192
225 0.0408 0.3064 0.3582 0.1436 0.0787 0.0722
226 0.0493 0.0894 0.3267 0.4197 0.0336 0.0814
227 0.0490 0.3074 0.3074 0.2690 0.0522 0.0152
228 0.0894 0.3538 0.0938 0.3098 0.0273 0.1261
229 0.0509 0.4331 0.1486 0.2095 0.0387 0.1193
230 0.1188 0.3896 0.0621 0.3440 0.0575 0.0280
231 0.1978 0.3391 0.2294 0.1218 0.0756 0.0363
232 0.0507 0.5405 0.3435 0.0548 0.0087 0.0018
233 0.0950 0.4392 0.3528 0.0878 0.0220 0.0031
234 0.1249 0.4607 0.2159 0.0886 0.1012 0.0087
235 0.0579 0.6372 0.1142 0.0836 0.1032 0.0042
236 0.0984 0.2474 0.2435 0.3923 0.0145 0.0038
237 0.2108 0.5020 0.2124 0.0508 0.0217 0.0025
238 0.0440 0.4075 0.3569 0.1522 0.0123 0.0271
239 0.1470 0.3843 0.3901 0.0532 0.0244 0.0010
240 0.1239 0.4788 0.2996 0.0812 0.0141 0.0024
241 0.0656 0.5410 0.1357 0.1066 0.1337 0.0174
242 0.1675 0.2783 0.1769 0.1897 0.1810 0.0066
243 0.0744 0.2384 0.1650 0.4248 0.0780 0.0193
