time exciting_prob fearful_prob tense_prob sad_prob relaxing_prob neutral_prob
0 0.1764 0.0547 0.1606 0.3455 0.0944 0.1683
1 0.0855 0.4375 0.1512 0.1973 0.0630 0.0656
2 0.0939 0.1366 0.1263 0.4480 0.0646 0.1304
3 0.1244 0.3599 0.0848 0.1727 0.0984 0.1597
4 0.0670 0.2129 0.1252 0.4438 0.0423 0.1088
5 0.0302 0.4805 0.2961 0.1661 0.0124 0.0146
6 0.0562 0.3606 0.5244 0.0255 0.0010 0.0323
7 0.0271 0.4404 0.4915 0.0257 0.0032 0.0120
8 0.0326 0.6060 0.2954 0.0376 0.0009 0.0273
9 0.0625 0.5229 0.2303 0.1105 0.0033 0.0703
10 0.0646 0.1691 0.7007 0.0368 0.0016 0.0272
11 0.0224 0.3481 0.5562 0.0587 0.0035 0.0108
12 0.0774 0.2598 0.5244 0.1058 0.0090 0.0236
13 0.0114 0.4670 0.4319 0.0762 0.0017 0.0117
14 0.0511 0.1316 0.0602 0.7114 0.0317 0.0139
15 0.0513 0.3618 0.3674 0.1138 0.0142 0.0914
16 0.0614 0.3850 0.0770 0.3450 0.0096 0.1221
17 0.0801 0.1405 0.0936 0.2927 0.0285 0.3645
18 0.0284 0.3154 0.1235 0.3154 0.0041 0.2134
19 0.0271 0.5786 0.1968 0.1462 0.0075 0.0439
20 0.0208 0.6377 0.1827 0.1217 0.0039 0.0333
21 0.0145 0.0616 0.0579 0.8369 0.0128 0.0162
22 0.0250 0.1403 0.6289 0.1027 0.0038 0.0995
23 0.1287 0.2854 0.5249 0.0434 0.0085 0.0092
24 0.1349 0.5503 0.2766 0.0197 0.0050 0.0136
25 0.0193 0.8062 0.1469 0.0245 0.0012 0.0022
26 0.0252 0.5649 0.3882 0.0096 0.0021 0.0099
27 0.0347 0.5605 0.3914 0.0052 0.0017 0.0067
28 0.0420 0.3352 0.5884 0.0081 0.0013 0.0253
29 0.0252 0.4399 0.2839 0.1428 0.0035 0.1045
30 0.0219 0.5059 0.0679 0.3069 0.0043 0.0929
31 0.0173 0.5718 0.1400 0.2310 0.0024 0.0377
32 0.0192 0.8281 0.1005 0.0412 0.0019 0.0090
33 0.0525 0.4260 0.4326 0.0604 0.0057 0.0229
34 0.0419 0.6763 0.2338 0.0260 0.0039 0.0180
35 0.0364 0.6553 0.2195 0.0501 0.0072 0.0314
36 0.0956 0.2722 0.3840 0.1901 0.0261 0.0320
37 0.0900 0.4573 0.2773 0.1230 0.0211 0.0314
38 0.0282 0.6875 0.2413 0.0348 0.0023 0.0058
39 0.0187 0.6396 0.2666 0.0577 0.0027 0.0147
40 0.0098 0.5669 0.3835 0.0320 0.0008 0.0070
41 0.0174 0.5762 0.2808 0.0986 0.0055 0.0215
42 0.0151 0.6313 0.2891 0.0479 0.0047 0.0121
43 0.0180 0.7129 0.1934 0.0658 0.0008 0.0090
44 0.1095 0.1364 0.2507 0.3169 0.1013 0.0853
45 0.0323 0.3447 0.5342 0.0504 0.0237 0.0148
46 0.0489 0.5728 0.0885 0.2260 0.0117 0.0524
47 0.0454 0.5703 0.0760 0.2610 0.0173 0.0300
48 0.0283 0.8730 0.0627 0.0316 0.0015 0.0031
49 0.1752 0.0391 0.1185 0.3887 0.0569 0.2216
50 0.0108 0.9014 0.0181 0.0599 0.0015 0.0084
51 0.0174 0.7866 0.0621 0.0791 0.0011 0.0535
52 0.0721 0.8003 0.0194 0.0941 0.0067 0.0072
53 0.0332 0.3330 0.5078 0.1099 0.0017 0.0143
54 0.1604 0.5298 0.1788 0.1027 0.0071 0.0210
55 0.1245 0.5669 0.0969 0.1974 0.0038 0.0107
56 0.0498 0.3276 0.3328 0.2551 0.0060 0.0288
57 0.0492 0.7124 0.1665 0.0528 0.0042 0.0150
58 0.0256 0.0585 0.0972 0.7891 0.0036 0.0262
59 0.0438 0.3162 0.3064 0.2581 0.0062 0.0695
60 0.0091 0.2045 0.5303 0.1862 0.0016 0.0685
61 0.0195 0.6348 0.2524 0.0701 0.0154 0.0078
62 0.0311 0.5918 0.2585 0.0649 0.0342 0.0193
63 0.0407 0.6831 0.1675 0.0984 0.0044 0.0056
64 0.0426 0.6982 0.1252 0.1176 0.0076 0.0088
65 0.0853 0.7715 0.0966 0.0252 0.0138 0.0075
66 0.0202 0.6548 0.0643 0.1967 0.0012 0.0629
67 0.0139 0.8809 0.0301 0.0706 0.0009 0.0037
68 0.0553 0.4775 0.0721 0.2852 0.0065 0.1033
69 0.0270 0.2440 0.1992 0.4351 0.0049 0.0898
70 0.0100 0.6152 0.2817 0.0685 0.0037 0.0209
71 0.1206 0.1549 0.2324 0.2676 0.0720 0.1525
72 0.0471 0.2108 0.4678 0.1220 0.1495 0.0027
73 0.0388 0.1462 0.2195 0.3193 0.2649 0.0114
74 0.0502 0.1608 0.3196 0.2866 0.1765 0.0065
75 0.0433 0.1410 0.5488 0.1926 0.0507 0.0236
76 0.0379 0.2825 0.4883 0.1107 0.0606 0.0200
77 0.0237 0.4036 0.4573 0.0929 0.0179 0.0047
78 0.0431 0.2947 0.5337 0.0884 0.0092 0.0311
79 0.0225 0.4663 0.4592 0.0346 0.0028 0.0146
80 0.0162 0.6328 0.2764 0.0500 0.0009 0.0238
81 0.0495 0.6323 0.2117 0.0420 0.0636 0.0011
82 0.0895 0.4763 0.2981 0.0771 0.0104 0.0486
83 0.0323 0.2537 0.5205 0.1469 0.0161 0.0303
84 0.0560 0.0952 0.2489 0.5879 0.0068 0.0053
85 0.0281 0.5146 0.2507 0.1923 0.0031 0.0113
86 0.0984 0.5112 0.1686 0.1660 0.0468 0.0088
87 0.0510 0.1893 0.4912 0.1646 0.0309 0.0730
88 0.0136 0.4785 0.4094 0.0481 0.0299 0.0204
89 0.0253 0.5547 0.1917 0.1589 0.0088 0.0608
90 0.0622 0.1564 0.7578 0.0154 0.0057 0.0028
91 0.0267 0.7266 0.2114 0.0284 0.0054 0.0014
92 0.0223 0.7202 0.2267 0.0221 0.0073 0.0013
93 0.0181 0.7808 0.1798 0.0153 0.0050 0.0008
94 0.0120 0.4331 0.5063 0.0373 0.0028 0.0085
95 0.0079 0.4712 0.0279 0.4641 0.0010 0.0279
96 0.0116 0.9243 0.0475 0.0132 0.0005 0.0028
97 0.0060 0.8369 0.0135 0.1377 0.0008 0.0049
98 0.0201 0.2334 0.0921 0.4226 0.0022 0.2297
99 0.0194 0.5679 0.0399 0.3445 0.0034 0.0248
100 0.0725 0.4763 0.1595 0.2216 0.0453 0.0247
101 0.0209 0.5776 0.0463 0.3044 0.0195 0.0311
102 0.0188 0.5674 0.0374 0.2898 0.0380 0.0488
103 0.0170 0.7363 0.0471 0.1736 0.0179 0.0082
104 0.0238 0.6392 0.0899 0.1831 0.0409 0.0233
105 0.0211 0.4839 0.0483 0.4204 0.0213 0.0052
106 0.0061 0.2983 0.0437 0.5938 0.0047 0.0535
107 0.0213 0.6143 0.1436 0.1101 0.0942 0.0168
108 0.0226 0.6304 0.1095 0.0614 0.1593 0.0169
109 0.0974 0.2646 0.2861 0.1936 0.0446 0.1138
110 0.0501 0.2815 0.1790 0.3240 0.0996 0.0659
111 0.0202 0.4534 0.2012 0.3066 0.0047 0.0139
112 0.0607 0.2477 0.3547 0.1813 0.0386 0.1170
113 0.0147 0.3706 0.1130 0.4541 0.0252 0.0221
114 0.0082 0.1320 0.0965 0.6807 0.0016 0.0813
115 0.0092 0.2761 0.0925 0.5752 0.0015 0.0454
116 0.0096 0.6401 0.1185 0.2047 0.0010 0.0260
117 0.0115 0.4692 0.0815 0.3711 0.0021 0.0645
118 0.1404 0.3997 0.1471 0.2581 0.0070 0.0477
119 0.0429 0.4475 0.2632 0.1014 0.0126 0.1323
120 0.0069 0.8984 0.0296 0.0602 0.0002 0.0044
121 0.0090 0.9512 0.0204 0.0188 0.0002 0.0005
122 0.0038 0.5830 0.0147 0.3884 0.0005 0.0094
123 0.0172 0.8799 0.0442 0.0489 0.0094 0.0005
124 0.0053 0.2372 0.0572 0.6968 0.0017 0.0017
125 0.0132 0.5679 0.1815 0.0913 0.0589 0.0871
126 0.0066 0.3816 0.3816 0.1803 0.0079 0.0421
127 0.0680 0.1631 0.3000 0.2095 0.0989 0.1605
128 0.0151 0.0475 0.5884 0.1333 0.0027 0.2130
129 0.0172 0.3452 0.3347 0.2817 0.0083 0.0129
130 0.0154 0.4531 0.4602 0.0393 0.0093 0.0227
131 0.0737 0.1882 0.2003 0.4377 0.0228 0.0773
132 0.0486 0.7432 0.1440 0.0206 0.0416 0.0022
133 0.0386 0.5122 0.1490 0.2418 0.0519 0.0068
134 0.0452 0.8262 0.0818 0.0148 0.0057 0.0264
135 0.1157 0.0959 0.1908 0.3916 0.0573 0.1486
136 0.0045 0.7759 0.1390 0.0657 0.0005 0.0145
137 0.0097 0.6309 0.3430 0.0143 0.0003 0.0017
138 0.0062 0.4683 0.1696 0.3269 0.0048 0.0242
139 0.0034 0.9194 0.0616 0.0141 0.0005 0.0009
140 0.0704 0.1515 0.3157 0.2617 0.0208 0.1799
141 0.0538 0.5693 0.1556 0.1581 0.0051 0.0582
142 0.0584 0.2040 0.0824 0.5371 0.0070 0.1109
143 0.0220 0.6328 0.1285 0.1600 0.0458 0.0108
144 0.0887 0.4299 0.1373 0.2607 0.0337 0.0497
145 0.1099 0.0829 0.0365 0.4380 0.0195 0.3130
146 0.2488 0.1632 0.0735 0.1644 0.0681 0.2820
147 0.0077 0.8779 0.0588 0.0519 0.0001 0.0033
148 0.0061 0.8018 0.0746 0.1155 0.0002 0.0016
149 0.0040 0.0622 0.0043 0.9136 0.0003 0.0157
150 0.0043 0.9771 0.0110 0.0073 0.0001 0.0004
151 0.0406 0.8408 0.1012 0.0107 0.0043 0.0023
152 0.0204 0.7090 0.2266 0.0388 0.0035 0.0019
153 0.0355 0.6694 0.1448 0.1298 0.0173 0.0031
154 0.0511 0.8379 0.0767 0.0161 0.0178 0.0006
155 0.1646 0.4800 0.1970 0.0828 0.0578 0.0179
156 0.0051 0.9507 0.0253 0.0175 0.0004 0.0011
157 0.0061 0.8804 0.0219 0.0886 0.0006 0.0024
158 0.0339 0.2834 0.0489 0.4749 0.0609 0.0980
159 0.0167 0.3076 0.4207 0.1809 0.0050 0.0692
160 0.0126 0.4619 0.4338 0.0778 0.0031 0.0107
161 0.0395 0.0420 0.2379 0.3684 0.0162 0.2961
162 0.0402 0.6230 0.1527 0.1246 0.0026 0.0566
163 0.2803 0.3379 0.1132 0.1926 0.0273 0.0487
164 0.0457 0.2322 0.1866 0.3596 0.0033 0.1726
165 0.0187 0.7886 0.1154 0.0299 0.0017 0.0456
166 0.0389 0.0727 0.2136 0.3577 0.0750 0.2421
167 0.0073 0.5669 0.0267 0.3835 0.0006 0.0151
168 0.0219 0.9009 0.0238 0.0428 0.0072 0.0035
169 0.0123 0.5967 0.0139 0.3621 0.0010 0.0139
170 0.0194 0.5366 0.3574 0.0557 0.0022 0.0287
171 0.0464 0.2249 0.1646 0.4834 0.0379 0.0429
172 0.0107 0.5874 0.1394 0.2126 0.0018 0.0482
173 0.0733 0.7007 0.1600 0.0338 0.0090 0.0232
174 0.0180 0.8096 0.1406 0.0143 0.0043 0.0132
175 0.0184 0.5337 0.0572 0.3669 0.0036 0.0201
176 0.0379 0.3948 0.1780 0.2756 0.0388 0.0748
177 0.0394 0.6665 0.0490 0.2130 0.0041 0.0277
178 0.0908 0.7202 0.1029 0.0629 0.0153 0.0079
179 0.0477 0.5166 0.2440 0.1285 0.0377 0.0255
180 0.0251 0.6421 0.1840 0.0984 0.0074 0.0430
181 0.0305 0.4314 0.3633 0.1266 0.0187 0.0296
182 0.0112 0.6128 0.3384 0.0284 0.0004 0.0085
183 0.0242 0.5464 0.3696 0.0415 0.0011 0.0172
184 0.0206 0.2142 0.3267 0.3533 0.0102 0.0752
185 0.0059 0.9497 0.0398 0.0031 0.0001 0.0012
186 0.0557 0.1689 0.0327 0.5986 0.0123 0.1316
187 0.0047 0.8872 0.0215 0.0825 0.0002 0.0037
188 0.0298 0.3259 0.0580 0.5288 0.0159 0.0414
189 0.0155 0.4854 0.0662 0.3496 0.0047 0.0786
190 0.0176 0.6001 0.1043 0.2208 0.0059 0.0512
191 0.0287 0.7397 0.1870 0.0414 0.0013 0.0019
192 0.0069 0.9551 0.0239 0.0116 0.0001 0.0022
193 0.0168 0.6147 0.2026 0.1460 0.0114 0.0086
194 0.0025 0.8691 0.0902 0.0370 0.0002 0.0009
195 0.0595 0.6650 0.0758 0.1439 0.0252 0.0304
196 0.2742 0.3206 0.0804 0.1390 0.1180 0.0677
197 0.0226 0.2091 0.5176 0.1382 0.0057 0.1068
198 0.0192 0.2471 0.4990 0.1418 0.0042 0.0887
199 0.0270 0.2878 0.4387 0.1873 0.0069 0.0524
200 0.0133 0.5444 0.4304 0.0066 0.0013 0.0039
201 0.0228 0.5283 0.4243 0.0158 0.0020 0.0068
202 0.1208 0.3184 0.3037 0.1886 0.0455 0.0232
203 0.1691 0.4778 0.2876 0.0318 0.0328 0.0011
204 0.0376 0.4475 0.0494 0.4138 0.0267 0.0249
205 0.0165 0.6182 0.0617 0.2786 0.0111 0.0138
206 0.0659 0.6973 0.0384 0.1331 0.0100 0.0555
207 0.0757 0.2426 0.1591 0.2903 0.2191 0.0133
208 0.0750 0.5049 0.3694 0.0418 0.0082 0.0008
209 0.0203 0.6182 0.1855 0.1689 0.0016 0.0055
210 0.0074 0.7993 0.0710 0.1170 0.0006 0.0045
211 0.0058 0.8896 0.0596 0.0423 0.0003 0.0021
212 0.1534 0.4651 0.2231 0.1113 0.0116 0.0353
213 0.1000 0.5981 0.1064 0.1224 0.0592 0.0138
214 0.0550 0.6055 0.0638 0.1604 0.1028 0.0124
215 0.0224 0.4167 0.0591 0.4436 0.0573 0.0010
216 0.0486 0.5527 0.0967 0.2629 0.0364 0.0026
217 0.0135 0.5264 0.0337 0.3792 0.0021 0.0450
218 0.0091 0.7080 0.0321 0.2263 0.0013 0.0231
219 0.0113 0.5728 0.0328 0.3530 0.0021 0.0279
220 0.0085 0.7910 0.0379 0.1509 0.0009 0.0110
221 0.0117 0.7827 0.0717 0.1200 0.0015 0.0126
222 0.1263 0.1345 0.2084 0.3545 0.0869 0.0896
