time exciting_prob fearful_prob tense_prob sad_prob relaxing_prob neutral_prob
0 0.1136 0.1553 0.1349 0.1288 0.0181 0.4492
1 0.1199 0.1126 0.2274 0.0948 0.3992 0.0462
2 0.0637 0.2366 0.1017 0.2056 0.3782 0.0142
3 0.0494 0.0543 0.0645 0.0953 0.5791 0.1571
4 0.1869 0.3179 0.1649 0.1769 0.1216 0.0320
5 0.0064 0.0078 0.0077 0.0135 0.9614 0.0032
6 0.2822 0.3225 0.0655 0.0620 0.2472 0.0206
7 0.1093 0.1995 0.1155 0.0690 0.4497 0.0572
8 0.1128 0.0950 0.1128 0.2351 0.3164 0.1278
9 0.1805 0.2178 0.1045 0.2178 0.2283 0.0509
10 0.0792 0.1379 0.5947 0.0366 0.0884 0.0632
11 0.0859 0.1157 0.0654 0.0846 0.6304 0.0182
12 0.0087 0.0030 0.0211 0.0100 0.9546 0.0025
13 0.2573 0.3716 0.1345 0.0377 0.1912 0.0078
14 0.0481 0.0787 0.4421 0.1614 0.1370 0.1328
15 0.1472 0.0833 0.2544 0.0419 0.2751 0.1981
16 0.0500 0.0979 0.5903 0.0927 0.0571 0.1118
17 0.0469 0.0699 0.6230 0.1208 0.0401 0.0994
18 0.1024 0.5039 0.3545 0.0155 0.0155 0.0082
19 0.0302 0.0586 0.3450 0.2194 0.2952 0.0517
20 0.1250 0.1891 0.0873 0.2013 0.1847 0.2126
21 0.1354 0.4170 0.0867 0.0902 0.2568 0.0138
22 0.1757 0.4849 0.1456 0.0616 0.1305 0.0018
23 0.2812 0.0818 0.1136 0.1566 0.3447 0.0220
24 0.4363 0.2646 0.1052 0.0529 0.1372 0.0038
25 0.3464 0.2382 0.1207 0.0883 0.1884 0.0179
26 0.0395 0.0622 0.2942 0.0905 0.1237 0.3899
27 0.1506 0.0740 0.0958 0.2158 0.4568 0.0069
28 0.2847 0.1610 0.2512 0.1187 0.1700 0.0143
29 0.1082 0.7280 0.1025 0.0431 0.0170 0.0012
30 0.1738 0.3003 0.3826 0.0413 0.0742 0.0279
31 0.0359 0.0587 0.4512 0.1141 0.0556 0.2847
32 0.0614 0.0509 0.0839 0.1383 0.4429 0.2227
33 0.1614 0.1026 0.1338 0.2832 0.2922 0.0268
34 0.0703 0.0419 0.4509 0.0790 0.1071 0.2510
35 0.1562 0.1422 0.1599 0.1729 0.3604 0.0084
36 0.0680 0.1053 0.5605 0.0789 0.0306 0.1569
37 0.0106 0.0127 0.0201 0.0590 0.8936 0.0040
38 0.0149 0.0116 0.0224 0.0381 0.9092 0.0039
39 0.0171 0.0055 0.0241 0.0099 0.9316 0.0121
40 0.0962 0.4380 0.2456 0.0548 0.1549 0.0105
41 0.1021 0.1737 0.0573 0.0199 0.6450 0.0018
42 0.0129 0.0066 0.0057 0.0108 0.9609 0.0029
43 0.0169 0.0172 0.0172 0.0109 0.9370 0.0009
44 0.0373 0.0148 0.0253 0.0203 0.8901 0.0121
45 0.0080 0.0045 0.0061 0.0123 0.9644 0.0046
46 0.1032 0.2363 0.4519 0.0072 0.1433 0.0579
47 0.0294 0.0047 0.1469 0.0071 0.8066 0.0053
48 0.0386 0.0194 0.0458 0.0380 0.8511 0.0070
49 0.0192 0.0044 0.0288 0.0214 0.9233 0.0029
50 0.0610 0.1442 0.6768 0.0475 0.0443 0.0260
51 0.0098 0.0037 0.0275 0.0292 0.9233 0.0063
52 0.0031 0.0032 0.0135 0.0042 0.9736 0.0024
53 0.0043 0.0026 0.0067 0.0046 0.9805 0.0013
54 0.0071 0.0048 0.0056 0.0185 0.9624 0.0016
55 0.0189 0.0111 0.0136 0.0211 0.9268 0.0087
56 0.0058 0.0058 0.0080 0.0078 0.9692 0.0034
57 0.0093 0.0185 0.0200 0.0163 0.9331 0.0028
58 0.2676 0.0626 0.1346 0.1649 0.3547 0.0156
59 0.1754 0.1957 0.0896 0.1356 0.3772 0.0265
60 0.2383 0.3230 0.1357 0.0631 0.1991 0.0408
61 0.1919 0.2815 0.1519 0.1094 0.2426 0.0229
62 0.0933 0.1083 0.6182 0.0210 0.1550 0.0041
63 0.1710 0.1332 0.1232 0.1606 0.3765 0.0356
64 0.2296 0.1816 0.0995 0.1654 0.2603 0.0638
65 0.2170 0.1010 0.0919 0.0956 0.4890 0.0055
66 0.2145 0.1923 0.1005 0.1984 0.2629 0.0314
67 0.1661 0.1388 0.1648 0.0423 0.3179 0.1700
68 0.2188 0.3037 0.1017 0.0580 0.3132 0.0046
69 0.2209 0.2465 0.3020 0.0509 0.1438 0.0361
70 0.0302 0.1196 0.6616 0.0725 0.1007 0.0152
71 0.0776 0.1183 0.2505 0.0595 0.4395 0.0546
72 0.3340 0.0520 0.0608 0.1844 0.3391 0.0296
73 0.1423 0.3899 0.3308 0.0374 0.0856 0.0140
74 0.0791 0.0954 0.1700 0.4624 0.1840 0.0091
75 0.3428 0.1498 0.0610 0.2096 0.2231 0.0137
76 0.1338 0.3994 0.3235 0.0257 0.1018 0.0159
77 0.2250 0.1354 0.2778 0.0909 0.1063 0.1646
78 0.0768 0.0320 0.1639 0.2423 0.1267 0.3582
79 0.0702 0.1750 0.1877 0.0513 0.5103 0.0052
80 0.1075 0.1296 0.2122 0.1359 0.1978 0.2172
81 0.1231 0.0753 0.1581 0.1520 0.1722 0.3193
82 0.0347 0.0980 0.6343 0.0501 0.1566 0.0262
83 0.1636 0.1648 0.1304 0.1455 0.3103 0.0855
84 0.1490 0.1613 0.0955 0.1479 0.2786 0.1676
85 0.0726 0.3203 0.1284 0.1514 0.1611 0.1661
86 0.3516 0.2759 0.0754 0.1187 0.1713 0.0072
87 0.0966 0.3267 0.0609 0.1497 0.2688 0.0974
88 0.1558 0.4299 0.0629 0.0867 0.2031 0.0615
89 0.1825 0.1797 0.2068 0.3008 0.1142 0.0161
90 0.1245 0.0829 0.1049 0.4700 0.1501 0.0677
91 0.0625 0.0569 0.1865 0.2017 0.4543 0.0382
92 0.3157 0.0584 0.3689 0.1057 0.1274 0.0240
93 0.2181 0.3125 0.1547 0.1453 0.1302 0.0391
94 0.1451 0.4470 0.0364 0.1300 0.2247 0.0168
95 0.0228 0.0145 0.0089 0.0703 0.8691 0.0142
96 0.0659 0.0873 0.0266 0.2063 0.5972 0.0168
97 0.0200 0.0114 0.0133 0.0588 0.8911 0.0051
98 0.0853 0.1631 0.0064 0.0189 0.7192 0.0069
99 0.1416 0.1350 0.1174 0.0794 0.4941 0.0326
100 0.1321 0.3167 0.3645 0.0776 0.0981 0.0110
101 0.2201 0.2201 0.1196 0.1882 0.2167 0.0354
102 0.2300 0.1709 0.0989 0.2646 0.1998 0.0356
103 0.0428 0.0752 0.0176 0.2279 0.6099 0.0264
104 0.0353 0.1420 0.0277 0.0251 0.7676 0.0025
105 0.1870 0.3494 0.0503 0.2186 0.1400 0.0548
106 0.1727 0.1548 0.0660 0.2847 0.2593 0.0626
107 0.0609 0.1720 0.2622 0.2664 0.2140 0.0246
108 0.0607 0.1840 0.1410 0.4771 0.1116 0.0257
109 0.1175 0.1203 0.3677 0.1353 0.2546 0.0046
110 0.0213 0.0216 0.0085 0.0362 0.9043 0.0083
111 0.1345 0.0656 0.0588 0.0579 0.6523 0.0310
112 0.2352 0.1508 0.2125 0.1438 0.2544 0.0034
113 0.2015 0.0339 0.0908 0.2842 0.3823 0.0072
114 0.1371 0.0481 0.1102 0.0723 0.6050 0.0274
115 0.1093 0.0723 0.1259 0.0663 0.5552 0.0711
116 0.3169 0.0573 0.0649 0.1520 0.4067 0.0022
117 0.3743 0.0803 0.1187 0.1254 0.2961 0.0051
118 0.2294 0.0608 0.1962 0.1287 0.3723 0.0125
119 0.4766 0.0247 0.0416 0.2472 0.2050 0.0051
120 0.2200 0.0518 0.1488 0.2098 0.3625 0.0070
121 0.3577 0.0579 0.0584 0.3413 0.1562 0.0287
122 0.2585 0.0701 0.0981 0.2546 0.2976 0.0211
123 0.0332 0.4844 0.4622 0.0065 0.0095 0.0043
124 0.0790 0.0953 0.4138 0.0514 0.0332 0.3274
125 0.2173 0.0384 0.1076 0.2350 0.3936 0.0082
126 0.3455 0.2283 0.2627 0.0228 0.1321 0.0086
127 0.1860 0.0435 0.0623 0.6196 0.0787 0.0099
128 0.1757 0.0404 0.2021 0.1676 0.3835 0.0305
129 0.2278 0.0402 0.4897 0.1182 0.1145 0.0096
130 0.4155 0.1830 0.2444 0.0590 0.0949 0.0032
131 0.0801 0.0600 0.3821 0.1473 0.2751 0.0555
132 0.5249 0.1401 0.0617 0.2347 0.0325 0.0061
133 0.0950 0.1239 0.0470 0.0819 0.5728 0.0793
134 0.1183 0.1532 0.0591 0.1111 0.5142 0.0442
135 0.2988 0.2576 0.1478 0.0305 0.2637 0.0017
136 0.3657 0.2654 0.1636 0.0539 0.1466 0.0046
137 0.0774 0.1469 0.1276 0.5210 0.0215 0.1058
138 0.0744 0.3037 0.2966 0.0247 0.0641 0.2365
139 0.1251 0.0582 0.3916 0.2568 0.1606 0.0076
140 0.0364 0.2032 0.2610 0.0436 0.0186 0.4370
141 0.4595 0.1481 0.1135 0.0891 0.1731 0.0167
142 0.1329 0.0793 0.1816 0.4602 0.1259 0.0201
143 0.1209 0.2769 0.4219 0.1459 0.0261 0.0084
144 0.0984 0.0574 0.5801 0.1825 0.0666 0.0152
145 0.1848 0.2839 0.1086 0.3093 0.1069 0.0064
146 0.0684 0.2749 0.4714 0.0586 0.0788 0.0478
147 0.1901 0.3013 0.1108 0.1813 0.2054 0.0111
148 0.0220 0.8452 0.0710 0.0399 0.0073 0.0145
149 0.3003 0.1262 0.3027 0.2250 0.0379 0.0080
150 0.0990 0.4438 0.2932 0.0376 0.0340 0.0923
151 0.0166 0.0405 0.1102 0.0150 0.8140 0.0036
152 0.2303 0.1233 0.1698 0.4170 0.0573 0.0022
153 0.1051 0.0524 0.2156 0.5591 0.0599 0.0077
154 0.1202 0.3218 0.2078 0.1231 0.0690 0.1581
155 0.3137 0.0623 0.2683 0.1553 0.1932 0.0071
156 0.2128 0.0997 0.4648 0.1290 0.0801 0.0136
157 0.0764 0.3562 0.2930 0.0853 0.0337 0.1556
158 0.3599 0.0213 0.0457 0.5571 0.0055 0.0104
159 0.2257 0.1227 0.1412 0.1058 0.3232 0.0811
160 0.2573 0.1064 0.2202 0.1032 0.3105 0.0023
161 0.1630 0.3911 0.1643 0.0347 0.2448 0.0022
162 0.2368 0.4897 0.1019 0.1043 0.0323 0.0349
163 0.1384 0.3884 0.2393 0.1779 0.0542 0.0018
164 0.2354 0.4680 0.1484 0.0453 0.0981 0.0049
165 0.2932 0.1893 0.1105 0.0847 0.3098 0.0123
166 0.2174 0.1393 0.2903 0.1517 0.1964 0.0047
167 0.0463 0.2408 0.3503 0.0501 0.3093 0.0032
168 0.3052 0.2737 0.1659 0.0400 0.2131 0.0021
169 0.0536 0.3606 0.0756 0.0147 0.4929 0.0026
170 0.0717 0.1239 0.2351 0.0740 0.4751 0.0202
171 0.0478 0.3140 0.5601 0.0086 0.0493 0.0204
172 0.4255 0.1360 0.0673 0.0349 0.3340 0.0022
173 0.0735 0.3171 0.5229 0.0113 0.0735 0.0017
174 0.0689 0.2313 0.6694 0.0055 0.0233 0.0017
175 0.1469 0.0978 0.1359 0.1126 0.4668 0.0402
176 0.3081 0.1478 0.1099 0.1315 0.2964 0.0065
177 0.3435 0.1714 0.1598 0.0692 0.2532 0.0029
178 0.2004 0.2986 0.2893 0.0767 0.1040 0.0310
179 0.0100 0.8945 0.0619 0.0086 0.0224 0.0023
180 0.0292 0.8145 0.0943 0.0103 0.0425 0.0092
181 0.0410 0.8691 0.0362 0.0126 0.0379 0.0030
182 0.0996 0.1438 0.1192 0.1120 0.4429 0.0826
183 0.0582 0.3003 0.1157 0.0120 0.5029 0.0112
184 0.2208 0.6191 0.0274 0.0105 0.1154 0.0067
185 0.3364 0.1993 0.0716 0.0558 0.3337 0.0032
186 0.0212 0.0509 0.0542 0.1148 0.6401 0.1185
187 0.0452 0.4783 0.1154 0.1118 0.1093 0.1403
188 0.0201 0.1832 0.3044 0.1183 0.0446 0.3293
189 0.0329 0.1533 0.2375 0.1292 0.0675 0.3796
190 0.2571 0.0784 0.4238 0.0888 0.0861 0.0660
191 0.0646 0.2556 0.3335 0.1490 0.1295 0.0677
192 0.3528 0.2026 0.0580 0.0980 0.2834 0.0052
193 0.4778 0.0780 0.0694 0.2559 0.1091 0.0098
194 0.1265 0.1929 0.4114 0.2290 0.0380 0.0022
195 0.0837 0.1516 0.2025 0.1101 0.1181 0.3340
196 0.1139 0.0439 0.1021 0.1005 0.6157 0.0237
197 0.2349 0.0844 0.1759 0.3159 0.1653 0.0236
198 0.0563 0.2666 0.2125 0.0594 0.0206 0.3848
199 0.2365 0.3494 0.2764 0.1074 0.0274 0.0030
200 0.1737 0.1807 0.0908 0.2886 0.2607 0.0055
201 0.3391 0.1328 0.1034 0.1218 0.2947 0.0082
202 0.3291 0.0435 0.1340 0.4360 0.0546 0.0025
203 0.0963 0.2273 0.2896 0.1785 0.0704 0.1379
204 0.2073 0.1705 0.1067 0.1678 0.3313 0.0164
205 0.3701 0.2408 0.0712 0.1086 0.2013 0.0080
206 0.0614 0.1290 0.2773 0.1310 0.0894 0.3118
207 0.3823 0.1892 0.0827 0.0196 0.3245 0.0016
208 0.4666 0.1082 0.0532 0.0448 0.3230 0.0043
209 0.3345 0.0696 0.0614 0.0820 0.4500 0.0027
210 0.1577 0.0987 0.1248 0.2947 0.0341 0.2900
211 0.1136 0.1553 0.1349 0.1288 0.0181 0.4492
