time exciting_prob fearful_prob tense_prob sad_prob relaxing_prob neutral_prob
0 0.1136 0.1553 0.1349 0.1288 0.0181 0.4492
1 0.1965 0.1068 0.1655 0.2905 0.0283 0.2125
2 0.1584 0.2416 0.2200 0.1560 0.0269 0.1971
3 0.1573 0.1573 0.1990 0.1335 0.0197 0.3330
4 0.1956 0.1987 0.1726 0.1454 0.0286 0.2590
5 0.2590 0.1725 0.2180 0.1022 0.0337 0.2146
6 0.2374 0.3096 0.1037 0.1820 0.0634 0.1037
7 0.2366 0.1857 0.1718 0.2598 0.0363 0.1100
8 0.4009 0.2031 0.1908 0.1292 0.0260 0.0502
9 0.0821 0.3171 0.3567 0.1429 0.0158 0.0854
10 0.0734 0.0831 0.1136 0.2225 0.0212 0.4861
11 0.1217 0.0919 0.1161 0.1515 0.0142 0.5044
12 0.1245 0.0883 0.0842 0.1573 0.0215 0.5239
13 0.0814 0.2712 0.5923 0.0192 0.0329 0.0029
14 0.1232 0.1792 0.6455 0.0256 0.0154 0.0114
15 0.0162 0.2312 0.3110 0.3994 0.0049 0.0372
16 0.0328 0.0950 0.1920 0.5298 0.0140 0.1361
17 0.0369 0.2625 0.2881 0.2502 0.0757 0.0865
18 0.1461 0.4431 0.0533 0.1592 0.1320 0.0663
19 0.1282 0.4763 0.0514 0.1823 0.1302 0.0317
20 0.0981 0.6152 0.0701 0.1129 0.0764 0.0270
21 0.0571 0.7173 0.1100 0.0488 0.0632 0.0039
22 0.0757 0.4749 0.2107 0.1051 0.1210 0.0127
23 0.0777 0.0216 0.7852 0.0697 0.0200 0.0260
24 0.0987 0.0185 0.7642 0.0512 0.0077 0.0598
25 0.1682 0.0384 0.6553 0.1212 0.0014 0.0158
26 0.0157 0.4368 0.4871 0.0321 0.0241 0.0043
27 0.0421 0.3689 0.3806 0.1689 0.0291 0.0104
28 0.0151 0.3699 0.2502 0.3315 0.0042 0.0290
29 0.0402 0.4895 0.3638 0.0508 0.0508 0.0048
30 0.0060 0.1273 0.7324 0.1177 0.0150 0.0015
31 0.0447 0.1377 0.2783 0.4587 0.0221 0.0583
32 0.0267 0.1534 0.4370 0.2778 0.0945 0.0107
33 0.0725 0.1376 0.5527 0.2002 0.0225 0.0147
34 0.0451 0.1960 0.1503 0.3335 0.0727 0.2023
35 0.0103 0.2046 0.1261 0.6206 0.0118 0.0268
36 0.0243 0.3279 0.1433 0.4553 0.0236 0.0257
37 0.0263 0.2537 0.1009 0.5454 0.0238 0.0500
38 0.0081 0.6494 0.1642 0.1495 0.0199 0.0089
39 0.0127 0.2864 0.6553 0.0186 0.0117 0.0152
40 0.1716 0.3494 0.3494 0.0970 0.0092 0.0234
41 0.0611 0.3953 0.4409 0.0666 0.0036 0.0327
42 0.0089 0.2472 0.2981 0.3223 0.0084 0.1149
43 0.0399 0.1996 0.2644 0.4292 0.0132 0.0537
44 0.0074 0.1075 0.1010 0.7705 0.0065 0.0072
45 0.0121 0.1733 0.0972 0.6963 0.0025 0.0186
46 0.0656 0.4851 0.2363 0.1676 0.0285 0.0169
47 0.1005 0.1848 0.1764 0.2732 0.0685 0.1968
48 0.0593 0.3359 0.0408 0.5122 0.0389 0.0127
49 0.0324 0.1185 0.1096 0.6924 0.0385 0.0089
50 0.1192 0.2859 0.4978 0.0387 0.0256 0.0328
51 0.0374 0.5591 0.3723 0.0268 0.0039 0.0005
52 0.0714 0.1022 0.7915 0.0293 0.0032 0.0026
53 0.0119 0.3657 0.2847 0.3330 0.0016 0.0031
54 0.0373 0.4868 0.1968 0.2507 0.0168 0.0117
55 0.1144 0.6040 0.0774 0.0891 0.1041 0.0110
56 0.0845 0.1449 0.5176 0.0988 0.0935 0.0609
57 0.1439 0.2178 0.3647 0.0707 0.1631 0.0397
58 0.1042 0.2330 0.4221 0.0268 0.1963 0.0176
59 0.0717 0.3186 0.0562 0.4634 0.0545 0.0357
60 0.1294 0.5757 0.0911 0.1040 0.0732 0.0267
61 0.1166 0.0387 0.2839 0.1078 0.0131 0.4399
62 0.1279 0.0432 0.2546 0.1028 0.0105 0.4609
63 0.3125 0.2286 0.2844 0.0257 0.0797 0.0692
64 0.1986 0.2395 0.3247 0.1365 0.0235 0.0771
65 0.4131 0.1736 0.2013 0.1053 0.0664 0.0403
66 0.2338 0.4797 0.0482 0.1558 0.0644 0.0182
67 0.1584 0.1824 0.2360 0.1852 0.2115 0.0267
68 0.0278 0.2515 0.1188 0.5850 0.0063 0.0108
69 0.0274 0.4751 0.2075 0.2664 0.0133 0.0103
70 0.0373 0.7261 0.1385 0.0620 0.0340 0.0022
71 0.1573 0.0911 0.6318 0.1016 0.0112 0.0068
72 0.2739 0.1399 0.2554 0.1700 0.1500 0.0109
73 0.0320 0.2812 0.2157 0.3394 0.0504 0.0812
74 0.0279 0.3291 0.3042 0.2561 0.0712 0.0115
75 0.0417 0.5581 0.2290 0.0607 0.1024 0.0083
76 0.0597 0.4177 0.2100 0.1089 0.1958 0.0079
77 0.0219 0.3374 0.1835 0.4006 0.0367 0.0198
78 0.2166 0.2416 0.4341 0.0626 0.0305 0.0147
79 0.1392 0.2367 0.0694 0.4490 0.0047 0.1010
80 0.0974 0.2449 0.3914 0.2266 0.0072 0.0326
81 0.1259 0.2043 0.3164 0.0776 0.1919 0.0839
82 0.3669 0.1448 0.1471 0.0740 0.0393 0.2279
83 0.0778 0.4622 0.1987 0.0842 0.1377 0.0395
84 0.0740 0.4866 0.1060 0.1669 0.1279 0.0387
85 0.0840 0.4009 0.1021 0.3025 0.0681 0.0426
86 0.0762 0.3362 0.4385 0.0549 0.0213 0.0727
87 0.0867 0.3567 0.4651 0.0373 0.0132 0.0410
88 0.1237 0.1218 0.2240 0.2312 0.0787 0.2206
89 0.4355 0.2856 0.0871 0.0205 0.0757 0.0956
90 0.1219 0.3042 0.2812 0.1182 0.0580 0.1163
91 0.0450 0.3484 0.5312 0.0436 0.0075 0.0246
92 0.0495 0.1399 0.2134 0.5361 0.0021 0.0588
93 0.0199 0.2661 0.5127 0.1744 0.0020 0.0249
94 0.0208 0.1431 0.7266 0.0909 0.0028 0.0161
95 0.1510 0.1780 0.2712 0.1301 0.1088 0.1608
96 0.2428 0.1520 0.2194 0.1289 0.1165 0.1405
97 0.2310 0.1600 0.2440 0.1538 0.0837 0.1276
98 0.2333 0.1339 0.2949 0.1339 0.0638 0.1404
99 0.0395 0.4346 0.2634 0.0221 0.2362 0.0041
100 0.0414 0.4053 0.2310 0.0365 0.2700 0.0160
101 0.0416 0.6108 0.1670 0.0634 0.1037 0.0137
102 0.0448 0.3186 0.3445 0.1042 0.1705 0.0174
103 0.0822 0.4954 0.3625 0.0430 0.0100 0.0070
104 0.0254 0.3643 0.3757 0.1531 0.0163 0.0653
105 0.0353 0.3821 0.1362 0.1982 0.2078 0.0403
106 0.0559 0.5259 0.2262 0.1174 0.0529 0.0217
107 0.1924 0.2734 0.2375 0.0702 0.0266 0.2000
108 0.0340 0.4961 0.2739 0.1636 0.0063 0.0261
109 0.0099 0.3525 0.3933 0.2385 0.0010 0.0048
110 0.0298 0.2050 0.4014 0.3225 0.0012 0.0403
111 0.0328 0.2878 0.5464 0.0878 0.0003 0.0449
112 0.0392 0.0926 0.1730 0.6631 0.0012 0.0308
113 0.2327 0.0948 0.2152 0.1991 0.0431 0.2152
114 0.3096 0.1290 0.2195 0.1805 0.0747 0.0866
115 0.0752 0.6548 0.0807 0.1052 0.0517 0.0323
116 0.0540 0.6792 0.0608 0.0824 0.1010 0.0227
117 0.0349 0.6836 0.0447 0.2021 0.0104 0.0241
118 0.1592 0.1967 0.2563 0.1362 0.1580 0.0936
119 0.1479 0.1327 0.6230 0.0721 0.0082 0.0162
120 0.0835 0.2983 0.4480 0.1115 0.0100 0.0487
121 0.0492 0.2155 0.2294 0.4353 0.0459 0.0247
122 0.0292 0.1493 0.4819 0.3015 0.0041 0.0338
123 0.0565 0.2035 0.6465 0.0822 0.0024 0.0089
124 0.0565 0.1465 0.7676 0.0255 0.0026 0.0016
125 0.0528 0.7344 0.0477 0.1401 0.0210 0.0042
126 0.0659 0.5347 0.0546 0.2281 0.1012 0.0156
127 0.0429 0.3372 0.4609 0.1405 0.0125 0.0061
128 0.0697 0.2800 0.4543 0.1808 0.0083 0.0069
129 0.0409 0.0471 0.8823 0.0275 0.0015 0.0008
130 0.1875 0.0290 0.5513 0.1735 0.0378 0.0210
131 0.1631 0.0425 0.4502 0.2373 0.0814 0.0254
132 0.3113 0.2664 0.2542 0.0689 0.0248 0.0745
133 0.0739 0.1945 0.3992 0.2205 0.0272 0.0850
134 0.1019 0.2424 0.3040 0.1530 0.0308 0.1680
135 0.1614 0.1931 0.3311 0.1042 0.0516 0.1588
136 0.0652 0.3015 0.5210 0.0536 0.0524 0.0065
137 0.1348 0.1730 0.5718 0.1025 0.0115 0.0066
138 0.0537 0.0378 0.8398 0.0497 0.0046 0.0145
139 0.1348 0.0768 0.6953 0.0762 0.0118 0.0054
140 0.1136 0.1553 0.1349 0.1288 0.0181 0.4492
141 0.1946 0.0919 0.2744 0.2620 0.0278 0.1492
142 0.1730 0.4558 0.1246 0.0870 0.1189 0.0408
143 0.1797 0.5938 0.1024 0.0480 0.0487 0.0273
144 0.1094 0.0442 0.2881 0.5469 0.0031 0.0086
145 0.1639 0.1277 0.5547 0.1359 0.0003 0.0175
146 0.2915 0.1031 0.4731 0.1098 0.0010 0.0213
147 0.0623 0.2107 0.6592 0.0576 0.0041 0.0063
148 0.2561 0.1415 0.2445 0.2445 0.0276 0.0858
149 0.2981 0.1753 0.4270 0.0498 0.0189 0.0307
150 0.1450 0.5386 0.2390 0.0319 0.0219 0.0237
151 0.1296 0.2170 0.3579 0.1915 0.0811 0.0227
152 0.0434 0.1917 0.5010 0.1436 0.0034 0.1171
153 0.0563 0.2300 0.4646 0.2410 0.0039 0.0043
154 0.0327 0.7002 0.1357 0.1161 0.0012 0.0143
155 0.0206 0.3218 0.2886 0.3591 0.0021 0.0080
156 0.0378 0.3240 0.2524 0.3728 0.0018 0.0112
157 0.3264 0.2859 0.1694 0.1393 0.0287 0.0501
158 0.1760 0.0851 0.1760 0.2644 0.0463 0.2522
159 0.1763 0.0826 0.6655 0.0173 0.0155 0.0429
160 0.2000 0.0254 0.6455 0.0538 0.0680 0.0075
161 0.1310 0.0209 0.7656 0.0299 0.0367 0.0157
162 0.0331 0.2446 0.5688 0.1309 0.0135 0.0093
163 0.1426 0.3315 0.1460 0.1760 0.1816 0.0222
164 0.1202 0.1094 0.1862 0.3423 0.1592 0.0826
165 0.5210 0.0516 0.0683 0.3469 0.0073 0.0050
166 0.6616 0.0400 0.1986 0.0953 0.0022 0.0025
167 0.0252 0.2622 0.6094 0.0825 0.0114 0.0092
168 0.0598 0.1467 0.4810 0.1467 0.0383 0.1274
169 0.2913 0.0815 0.5571 0.0457 0.0200 0.0045
170 0.0145 0.2961 0.3743 0.3054 0.0014 0.0084
171 0.1091 0.4185 0.2240 0.1718 0.0667 0.0101
172 0.0148 0.1184 0.2391 0.5142 0.0226 0.0908
173 0.0557 0.0919 0.2203 0.4963 0.0267 0.1091
174 0.0992 0.0370 0.6777 0.1443 0.0132 0.0284
175 0.2510 0.0193 0.4836 0.1343 0.0148 0.0967
176 0.1813 0.0287 0.4487 0.2186 0.0257 0.0970
177 0.2185 0.0282 0.4556 0.1869 0.0253 0.0856
178 0.1481 0.0608 0.4780 0.2900 0.0064 0.0166
179 0.1310 0.3535 0.4004 0.0409 0.0521 0.0221
180 0.0453 0.5688 0.2448 0.0521 0.0572 0.0316
181 0.0515 0.5752 0.2003 0.0427 0.1039 0.0265
182 0.0528 0.5210 0.2405 0.0576 0.0892 0.0389
183 0.0281 0.6802 0.1996 0.0339 0.0352 0.0229
184 0.0369 0.4980 0.2583 0.0609 0.1340 0.0116
185 0.0689 0.4495 0.0787 0.2462 0.1403 0.0165
186 0.0265 0.4668 0.1857 0.2617 0.0417 0.0175
187 0.0464 0.2017 0.1476 0.5229 0.0543 0.0271
188 0.1136 0.1553 0.1349 0.1288 0.0181 0.4492
