time exciting_prob fearful_prob tense_prob sad_prob relaxing_prob neutral_prob
0 0.1136 0.1553 0.1349 0.1288 0.0181 0.4492
1 0.0770 0.1394 0.2192 0.3730 0.0432 0.1483
2 0.1324 0.0423 0.1455 0.3279 0.2593 0.0925
3 0.1458 0.1237 0.3550 0.1423 0.1503 0.0830
4 0.0460 0.2029 0.2646 0.1682 0.2861 0.0321
5 0.0275 0.3000 0.1606 0.1908 0.3000 0.0208
6 0.0681 0.6260 0.2568 0.0213 0.0203 0.0075
7 0.1215 0.2034 0.3101 0.3005 0.0213 0.0433
8 0.1497 0.1321 0.2046 0.4683 0.0204 0.0250
9 0.0427 0.2004 0.2202 0.3306 0.2004 0.0057
10 0.0735 0.1156 0.3450 0.3044 0.0175 0.1438
11 0.1382 0.1642 0.2108 0.1890 0.0396 0.2583
12 0.1538 0.1422 0.3928 0.1975 0.0811 0.0325
13 0.0228 0.5581 0.1599 0.1169 0.1284 0.0140
14 0.2517 0.1841 0.3232 0.1434 0.0884 0.0092
15 0.0837 0.1338 0.1403 0.0811 0.5459 0.0152
16 0.0880 0.4905 0.2883 0.0260 0.0852 0.0221
17 0.1161 0.2037 0.4812 0.1255 0.0199 0.0536
18 0.1437 0.1035 0.1788 0.2949 0.0700 0.2091
19 0.1118 0.2329 0.3723 0.1772 0.0147 0.0912
20 0.0745 0.1470 0.2367 0.3137 0.0126 0.2156
21 0.1074 0.2345 0.5669 0.0200 0.0480 0.0234
22 0.0873 0.3350 0.3621 0.0136 0.1737 0.0284
23 0.1255 0.4343 0.1265 0.0223 0.2805 0.0110
24 0.2399 0.1958 0.3384 0.0322 0.1116 0.0823
25 0.0826 0.5024 0.2449 0.0130 0.1395 0.0177
26 0.1075 0.2223 0.1744 0.0912 0.3525 0.0520
27 0.0609 0.6392 0.1949 0.0096 0.0879 0.0076
28 0.1021 0.2283 0.4575 0.0595 0.0967 0.0559
29 0.0970 0.2021 0.2203 0.1082 0.2700 0.1024
30 0.0765 0.3647 0.4006 0.0231 0.0471 0.0880
31 0.0626 0.3081 0.3547 0.0612 0.1367 0.0767
32 0.1774 0.1155 0.2426 0.1482 0.0700 0.2463
33 0.0522 0.0582 0.1113 0.0339 0.7144 0.0302
34 0.2252 0.1572 0.4241 0.0479 0.0737 0.0720
35 0.0412 0.5864 0.1506 0.0341 0.1680 0.0198
36 0.0975 0.2610 0.2610 0.0436 0.2395 0.0975
37 0.0336 0.3525 0.1873 0.0240 0.3843 0.0185
38 0.1248 0.2483 0.2426 0.0508 0.2333 0.1003
39 0.0941 0.2172 0.2922 0.0371 0.3469 0.0124
40 0.1490 0.1729 0.3281 0.0588 0.2345 0.0566
41 0.0248 0.3247 0.0827 0.0078 0.5566 0.0035
42 0.2009 0.1993 0.1447 0.1978 0.1392 0.1181
43 0.3022 0.2246 0.1721 0.0446 0.2448 0.0118
44 0.1223 0.2568 0.4199 0.0273 0.1029 0.0707
45 0.0782 0.0974 0.1004 0.1438 0.4944 0.0859
46 0.0502 0.2340 0.1442 0.0104 0.4993 0.0620
47 0.2489 0.1710 0.2063 0.1835 0.0518 0.1385
48 0.0723 0.3167 0.3760 0.0770 0.0770 0.0813
49 0.1694 0.1495 0.4395 0.0576 0.1111 0.0729
50 0.1076 0.4673 0.2157 0.0352 0.1382 0.0360
51 0.0964 0.1327 0.2578 0.1144 0.3364 0.0622
52 0.1071 0.2050 0.5317 0.0420 0.0766 0.0379
53 0.1056 0.5576 0.1169 0.0237 0.0969 0.0992
54 0.0586 0.3374 0.2668 0.0144 0.0718 0.2507
55 0.0414 0.5898 0.2496 0.0476 0.0462 0.0255
56 0.1932 0.2703 0.2123 0.0098 0.1181 0.1963
57 0.0427 0.2037 0.3521 0.1444 0.0773 0.1798
58 0.0528 0.5010 0.3550 0.0116 0.0318 0.0481
59 0.0191 0.6372 0.1216 0.0238 0.0536 0.1445
60 0.0607 0.3604 0.2086 0.1990 0.1116 0.0598
61 0.2167 0.2739 0.2035 0.1141 0.1687 0.0232
62 0.0916 0.3538 0.3735 0.0419 0.0560 0.0834
63 0.0926 0.3633 0.3633 0.0217 0.0830 0.0762
64 0.0794 0.3091 0.4097 0.0118 0.1416 0.0485
65 0.1083 0.3159 0.3638 0.0500 0.0864 0.0756
66 0.0464 0.4170 0.1879 0.0309 0.2568 0.0610
67 0.0961 0.3572 0.2493 0.0067 0.1635 0.1273
68 0.0804 0.3308 0.4595 0.0285 0.0451 0.0557
69 0.1469 0.0891 0.4893 0.0919 0.1218 0.0612
70 0.0778 0.3079 0.2593 0.2184 0.0269 0.1098
71 0.2095 0.2283 0.2507 0.0254 0.2266 0.0595
72 0.0897 0.5576 0.2218 0.0153 0.1142 0.0013
73 0.1647 0.3201 0.3406 0.0086 0.1584 0.0078
74 0.0422 0.4680 0.4004 0.0801 0.0086 0.0006
75 0.0703 0.2397 0.5488 0.0725 0.0300 0.0388
76 0.1307 0.1051 0.5952 0.0466 0.1051 0.0172
77 0.0878 0.2258 0.4219 0.1746 0.0733 0.0165
78 0.0410 0.3860 0.5278 0.0255 0.0159 0.0040
79 0.1002 0.3135 0.2479 0.0408 0.2898 0.0078
80 0.0172 0.4756 0.3943 0.0202 0.0894 0.0033
81 0.1805 0.4871 0.1417 0.0302 0.1406 0.0199
82 0.2432 0.2129 0.2588 0.0114 0.2671 0.0068
83 0.1414 0.1042 0.6094 0.0435 0.0812 0.0207
84 0.1439 0.4573 0.2976 0.0021 0.0959 0.0032
85 0.0104 0.6387 0.3018 0.0088 0.0025 0.0381
86 0.1893 0.3220 0.1498 0.0284 0.2588 0.0518
87 0.0475 0.1780 0.7036 0.0385 0.0243 0.0081
88 0.1415 0.1483 0.4224 0.1164 0.1460 0.0254
89 0.2333 0.2445 0.2583 0.0103 0.2522 0.0015
90 0.2474 0.2397 0.3176 0.0286 0.1443 0.0221
91 0.2014 0.2566 0.3374 0.0149 0.1820 0.0075
92 0.0984 0.2803 0.5488 0.0141 0.0345 0.0239
93 0.0574 0.2781 0.5361 0.0454 0.0491 0.0338
94 0.0984 0.4922 0.2052 0.0259 0.1755 0.0029
95 0.1079 0.3948 0.3652 0.0403 0.0724 0.0193
96 0.0796 0.1385 0.5483 0.0784 0.0498 0.1055
97 0.1410 0.2869 0.2961 0.0499 0.1768 0.0495
98 0.1296 0.4250 0.3469 0.0274 0.0459 0.0251
99 0.0598 0.2365 0.5498 0.0448 0.0451 0.0641
100 0.0253 0.2869 0.6074 0.0117 0.0543 0.0145
101 0.0763 0.2856 0.3555 0.1163 0.1517 0.0145
102 0.0915 0.3398 0.3850 0.0959 0.0347 0.0529
103 0.1595 0.4270 0.1808 0.0888 0.0854 0.0587
104 0.0555 0.2751 0.1592 0.1669 0.0929 0.2505
105 0.0370 0.1644 0.4070 0.0138 0.0659 0.3120
106 0.0513 0.4263 0.4536 0.0044 0.0016 0.0629
107 0.1046 0.3708 0.2756 0.0620 0.0847 0.1022
108 0.0414 0.2620 0.1691 0.3635 0.0421 0.1218
109 0.0630 0.2847 0.3176 0.1987 0.1097 0.0261
110 0.0544 0.5664 0.3435 0.0037 0.0051 0.0267
111 0.0557 0.4182 0.2874 0.0213 0.1613 0.0562
112 0.0341 0.0618 0.0628 0.7773 0.0467 0.0174
113 0.1018 0.2900 0.1602 0.1576 0.2480 0.0424
114 0.1613 0.2898 0.3037 0.0325 0.1871 0.0255
115 0.1070 0.4468 0.4067 0.0079 0.0266 0.0048
116 0.1028 0.1279 0.2466 0.2666 0.1240 0.1320
117 0.0906 0.4458 0.2788 0.0199 0.1528 0.0121
118 0.1045 0.2161 0.5518 0.0724 0.0299 0.0254
119 0.0408 0.4456 0.1247 0.0399 0.3311 0.0181
120 0.1228 0.2294 0.3965 0.0233 0.1801 0.0481
121 0.0676 0.2184 0.5000 0.1315 0.0461 0.0365
122 0.1229 0.2971 0.4673 0.0097 0.0318 0.0711
123 0.1378 0.1356 0.1284 0.4082 0.1346 0.0552
124 0.1136 0.1553 0.1349 0.1288 0.0181 0.4492
125 0.0157 0.0443 0.1038 0.0172 0.8159 0.0030
126 0.0082 0.0813 0.1220 0.0140 0.7710 0.0034
127 0.0082 0.0883 0.1755 0.0103 0.7163 0.0015
128 0.0233 0.1831 0.1382 0.0256 0.6289 0.0008
129 0.0229 0.1110 0.4597 0.0129 0.3933 0.0002
130 0.0172 0.2101 0.3357 0.0080 0.4243 0.0045
131 0.0107 0.1125 0.2419 0.0523 0.5801 0.0023
132 0.0122 0.1294 0.1610 0.0061 0.6885 0.0028
133 0.0296 0.0805 0.1758 0.0182 0.6953 0.0004
134 0.0183 0.3276 0.3489 0.1324 0.1500 0.0227
135 0.0212 0.0844 0.1136 0.0157 0.7642 0.0006
136 0.0387 0.1230 0.3093 0.2059 0.3191 0.0040
137 0.0419 0.1232 0.7314 0.0028 0.1005 0.0004
138 0.0265 0.0345 0.2756 0.2715 0.3889 0.0030
139 0.0167 0.3193 0.2195 0.3096 0.1310 0.0041
140 0.0240 0.3533 0.5557 0.0381 0.0217 0.0069
141 0.0406 0.1156 0.1630 0.6055 0.0529 0.0222
142 0.0274 0.0473 0.5332 0.0677 0.3232 0.0011
143 0.0221 0.5601 0.3293 0.0497 0.0370 0.0016
144 0.0188 0.0844 0.2329 0.0098 0.6533 0.0009
145 0.0400 0.1292 0.1633 0.3796 0.2866 0.0012
146 0.0404 0.3467 0.4966 0.0492 0.0641 0.0029
147 0.0275 0.4446 0.4309 0.0151 0.0797 0.0024
148 0.0677 0.1871 0.5498 0.0341 0.1600 0.0009
149 0.0640 0.1214 0.5112 0.1071 0.1794 0.0170
150 0.1455 0.1782 0.6128 0.0280 0.0265 0.0092
151 0.1458 0.2089 0.6187 0.0105 0.0157 0.0007
152 0.2002 0.2651 0.1376 0.2416 0.0665 0.0889
153 0.0363 0.2500 0.6797 0.0162 0.0132 0.0043
154 0.0266 0.3311 0.2578 0.0994 0.2788 0.0063
155 0.0536 0.2678 0.5850 0.0165 0.0709 0.0064
156 0.0616 0.3206 0.4519 0.0411 0.0817 0.0430
157 0.1141 0.1635 0.3740 0.2654 0.0407 0.0423
158 0.1821 0.2412 0.2607 0.0834 0.2031 0.0293
159 0.1281 0.1877 0.5737 0.0207 0.0840 0.0055
160 0.0771 0.2063 0.6763 0.0045 0.0327 0.0029
161 0.0387 0.0894 0.8086 0.0288 0.0246 0.0097
162 0.1119 0.1371 0.5552 0.1019 0.0844 0.0098
163 0.1841 0.2086 0.3718 0.0274 0.2037 0.0042
164 0.0772 0.1023 0.5659 0.0660 0.1420 0.0464
165 0.0628 0.0872 0.5820 0.0928 0.1681 0.0072
166 0.0616 0.1274 0.7104 0.0317 0.0602 0.0085
167 0.0448 0.1368 0.7754 0.0148 0.0181 0.0102
168 0.0847 0.1364 0.6924 0.0123 0.0696 0.0046
169 0.0522 0.2490 0.6411 0.0073 0.0397 0.0107
170 0.1837 0.1941 0.4656 0.0565 0.0953 0.0049
171 0.0963 0.2440 0.6230 0.0051 0.0212 0.0102
172 0.2471 0.1014 0.5312 0.0348 0.0784 0.0069
173 0.0906 0.2878 0.5864 0.0095 0.0231 0.0026
174 0.0778 0.1881 0.6772 0.0094 0.0376 0.0096
175 0.1613 0.1716 0.6230 0.0179 0.0222 0.0042
176 0.1016 0.1676 0.6948 0.0134 0.0144 0.0083
177 0.0671 0.1207 0.7930 0.0061 0.0083 0.0047
178 0.0205 0.4890 0.4385 0.0240 0.0056 0.0225
179 0.0414 0.4551 0.3127 0.1151 0.0454 0.0305
180 0.1162 0.3723 0.4421 0.0545 0.0130 0.0020
181 0.0125 0.5874 0.2690 0.1053 0.0187 0.0069
182 0.0735 0.2146 0.4402 0.0321 0.2356 0.0038
183 0.0543 0.2551 0.6118 0.0300 0.0400 0.0087
184 0.0705 0.1931 0.5503 0.0484 0.1109 0.0270
185 0.0396 0.4531 0.3213 0.1210 0.0521 0.0128
186 0.0444 0.3931 0.5288 0.0171 0.0132 0.0033
187 0.0519 0.1525 0.4551 0.0282 0.2307 0.0816
188 0.0236 0.3865 0.4380 0.1073 0.0340 0.0107
189 0.1824 0.3953 0.3127 0.0230 0.0731 0.0136
190 0.2778 0.2113 0.4370 0.0239 0.0324 0.0175
191 0.3335 0.1813 0.2384 0.1652 0.0667 0.0150
192 0.0712 0.1373 0.6812 0.0248 0.0801 0.0053
193 0.0464 0.0778 0.5356 0.0961 0.2340 0.0100
194 0.0546 0.2316 0.6543 0.0209 0.0235 0.0150
195 0.0401 0.3496 0.5854 0.0044 0.0160 0.0046
196 0.2140 0.1494 0.1816 0.0935 0.3474 0.0142
197 0.0257 0.1346 0.8057 0.0055 0.0152 0.0134
198 0.3748 0.2256 0.2365 0.0458 0.1143 0.0030
199 0.0508 0.1052 0.7651 0.0135 0.0517 0.0139
200 0.0513 0.1556 0.7368 0.0119 0.0226 0.0216
201 0.0423 0.1624 0.7563 0.0094 0.0163 0.0132
202 0.0679 0.1165 0.7192 0.0226 0.0525 0.0214
203 0.1138 0.1708 0.6245 0.0304 0.0422 0.0183
204 0.0464 0.1559 0.7153 0.0324 0.0194 0.0305
205 0.0647 0.1338 0.6689 0.0381 0.0438 0.0504
206 0.0845 0.0893 0.7305 0.0521 0.0393 0.0044
207 0.2169 0.0811 0.2037 0.2742 0.1025 0.1216
