time exciting_prob fearful_prob tense_prob sad_prob relaxing_prob neutral_prob
0 0.1304 0.0379 0.0925 0.5938 0.0153 0.1304
1 0.1224 0.1263 0.1323 0.4478 0.0138 0.1572
2 0.0311 0.2448 0.2646 0.2094 0.2448 0.0055
3 0.0616 0.0245 0.3545 0.4412 0.0101 0.1081
4 0.0171 0.2153 0.2942 0.4216 0.0466 0.0052
5 0.0867 0.0624 0.5562 0.2546 0.0130 0.0268
6 0.0224 0.1063 0.6309 0.0953 0.1431 0.0019
7 0.0154 0.1366 0.4077 0.0506 0.3892 0.0005
8 0.2001 0.6064 0.1131 0.0596 0.0117 0.0090
9 0.0402 0.4250 0.1946 0.0331 0.3015 0.0057
10 0.1000 0.5161 0.1840 0.1032 0.0704 0.0265
11 0.0718 0.2544 0.2861 0.2354 0.1416 0.0108
12 0.0254 0.4165 0.1967 0.0873 0.2732 0.0011
13 0.0236 0.3418 0.2106 0.1360 0.2747 0.0133
14 0.1073 0.5200 0.3103 0.0133 0.0451 0.0041
15 0.0460 0.4006 0.3943 0.0324 0.1184 0.0082
16 0.1423 0.3362 0.4385 0.0466 0.0045 0.0318
17 0.1731 0.1227 0.1931 0.3184 0.0298 0.1626
18 0.0287 0.5952 0.3391 0.0346 0.0008 0.0017
19 0.0422 0.1671 0.6709 0.0923 0.0160 0.0113
20 0.0634 0.4009 0.3376 0.1521 0.0353 0.0108
21 0.0216 0.4009 0.3223 0.2471 0.0063 0.0020
22 0.0048 0.1114 0.8623 0.0189 0.0012 0.0013
23 0.0445 0.2947 0.5952 0.0504 0.0118 0.0032
24 0.0214 0.7412 0.2091 0.0073 0.0209 0.0001
25 0.1564 0.5459 0.0363 0.0125 0.2480 0.0007
26 0.3628 0.1598 0.3894 0.0404 0.0437 0.0040
27 0.3210 0.1719 0.2520 0.0739 0.1482 0.0328
28 0.0161 0.4609 0.4983 0.0115 0.0126 0.0004
29 0.0385 0.5928 0.2734 0.0314 0.0629 0.0011
30 0.0438 0.4219 0.5088 0.0136 0.0066 0.0051
31 0.1617 0.3369 0.3940 0.0879 0.0129 0.0066
32 0.0391 0.1029 0.2212 0.5391 0.0237 0.0741
33 0.0929 0.2646 0.1240 0.4792 0.0381 0.0012
34 0.0339 0.7144 0.1697 0.0329 0.0468 0.0021
35 0.0236 0.4626 0.4924 0.0127 0.0053 0.0035
36 0.0149 0.0113 0.0460 0.0302 0.8960 0.0017
37 0.0307 0.0552 0.0875 0.1254 0.6992 0.0020
38 0.0400 0.4202 0.5312 0.0045 0.0035 0.0009
39 0.0535 0.0828 0.1387 0.4548 0.0518 0.2183
40 0.1443 0.5488 0.2654 0.0315 0.0090 0.0010
41 0.1831 0.4463 0.3477 0.0193 0.0030 0.0007
42 0.0352 0.0826 0.2061 0.6348 0.0142 0.0272
43 0.0844 0.1437 0.1995 0.4973 0.0728 0.0023
44 0.1005 0.1070 0.1462 0.5435 0.0326 0.0702
45 0.0766 0.5615 0.1214 0.1262 0.1141 0.0004
46 0.2374 0.3096 0.2864 0.1395 0.0171 0.0100
47 0.0626 0.1345 0.1323 0.5234 0.1334 0.0136
48 0.0237 0.3923 0.3572 0.0635 0.1610 0.0022
49 0.0330 0.3306 0.4448 0.0583 0.1315 0.0017
50 0.2169 0.4021 0.2534 0.1099 0.0145 0.0032
51 0.1332 0.4949 0.2000 0.1558 0.0143 0.0019
52 0.2125 0.5303 0.1508 0.0936 0.0109 0.0020
53 0.0703 0.4841 0.4207 0.0223 0.0017 0.0012
54 0.1234 0.1106 0.3250 0.3625 0.0650 0.0134
55 0.0826 0.4539 0.2646 0.1157 0.0826 0.0005
56 0.0624 0.3071 0.4502 0.0826 0.0966 0.0011
57 0.0991 0.0112 0.0214 0.8560 0.0013 0.0109
58 0.4663 0.0269 0.0119 0.4888 0.0007 0.0055
59 0.0288 0.2354 0.1497 0.2930 0.2883 0.0048
60 0.0661 0.3835 0.5083 0.0051 0.0362 0.0010
61 0.0654 0.3003 0.3621 0.0078 0.2629 0.0015
62 0.0769 0.3188 0.3289 0.0627 0.1788 0.0339
63 0.1797 0.4114 0.3865 0.0200 0.0011 0.0015
64 0.0928 0.1846 0.7188 0.0028 0.0006 0.0005
65 0.0713 0.1439 0.7720 0.0073 0.0052 0.0002
66 0.0913 0.2705 0.6289 0.0059 0.0031 0.0004
67 0.1241 0.2411 0.4832 0.0367 0.1147 0.0002
68 0.0834 0.2017 0.1608 0.3857 0.0526 0.1158
69 0.0651 0.2417 0.1315 0.3572 0.0191 0.1853
70 0.0864 0.0728 0.3015 0.4600 0.0190 0.0603
71 0.0768 0.2190 0.4221 0.1759 0.0567 0.0496
72 0.1665 0.2598 0.5630 0.0077 0.0023 0.0005
73 0.0790 0.4370 0.4653 0.0143 0.0033 0.0012
74 0.0812 0.4785 0.4290 0.0076 0.0028 0.0010
75 0.0602 0.4773 0.0398 0.0346 0.3835 0.0046
76 0.0593 0.6230 0.2401 0.0238 0.0320 0.0218
77 0.0858 0.3584 0.3018 0.0449 0.2090 0.0003
78 0.0781 0.3289 0.1816 0.0663 0.3447 0.0003
79 0.0164 0.4543 0.4404 0.0821 0.0058 0.0008
80 0.0698 0.7617 0.1273 0.0348 0.0053 0.0010
81 0.0304 0.8213 0.1279 0.0187 0.0012 0.0002
82 0.0900 0.1405 0.6011 0.0936 0.0680 0.0067
83 0.0326 0.0879 0.0445 0.1748 0.6597 0.0007
84 0.0513 0.4648 0.0967 0.0718 0.3145 0.0010
85 0.1313 0.3542 0.4841 0.0226 0.0066 0.0009
86 0.1038 0.2957 0.2340 0.3403 0.0228 0.0033
87 0.0146 0.3096 0.5347 0.1332 0.0073 0.0005
88 0.0228 0.8018 0.1681 0.0063 0.0009 0.0002
89 0.1824 0.5361 0.2593 0.0142 0.0079 0.0003
90 0.0242 0.0406 0.0181 0.0224 0.8945 0.0002
91 0.0859 0.4395 0.0782 0.0590 0.3369 0.0003
92 0.0086 0.5244 0.1169 0.3491 0.0008 0.0003
93 0.0604 0.6704 0.2585 0.0093 0.0012 0.0001
94 0.0648 0.1350 0.2561 0.5015 0.0328 0.0099
95 0.2219 0.1284 0.1990 0.4211 0.0263 0.0031
96 0.0205 0.5327 0.3440 0.1001 0.0018 0.0007
97 0.0489 0.6641 0.1858 0.0927 0.0080 0.0009
98 0.1281 0.2839 0.3943 0.1777 0.0087 0.0074
99 0.0602 0.4414 0.4849 0.0111 0.0014 0.0009
100 0.0764 0.2795 0.5303 0.0789 0.0233 0.0114
101 0.0947 0.2168 0.4810 0.1688 0.0221 0.0166
102 0.1819 0.2817 0.3398 0.1112 0.0568 0.0285
103 0.0307 0.4624 0.4209 0.0810 0.0009 0.0040
104 0.2437 0.4482 0.2634 0.0312 0.0128 0.0008
105 0.1039 0.3408 0.3408 0.1714 0.0289 0.0140
106 0.0290 0.6855 0.2522 0.0179 0.0112 0.0042
107 0.1444 0.7275 0.0561 0.0385 0.0330 0.0005
108 0.1794 0.1547 0.0305 0.3799 0.2532 0.0024
109 0.4915 0.0881 0.0316 0.2321 0.1464 0.0104
110 0.1247 0.7402 0.0627 0.0117 0.0603 0.0004
111 0.2092 0.3586 0.3672 0.0478 0.0117 0.0054
112 0.2260 0.3696 0.3472 0.0205 0.0363 0.0005
113 0.0597 0.2133 0.5444 0.1160 0.0356 0.0307
114 0.2551 0.2323 0.0991 0.0601 0.3489 0.0045
115 0.1617 0.1428 0.3218 0.0591 0.3118 0.0028
116 0.3020 0.2729 0.3215 0.0281 0.0696 0.0057
117 0.0941 0.4932 0.3037 0.0963 0.0094 0.0032
118 0.1038 0.2715 0.6113 0.0117 0.0008 0.0008
119 0.1252 0.4727 0.2822 0.1030 0.0143 0.0026
120 0.0901 0.1176 0.4041 0.2568 0.1292 0.0025
121 0.2913 0.1559 0.0834 0.1149 0.3457 0.0087
122 0.1796 0.2133 0.5234 0.0676 0.0137 0.0022
123 0.1921 0.3320 0.4502 0.0138 0.0093 0.0025
124 0.1270 0.1372 0.2603 0.3503 0.1102 0.0149
125 0.0481 0.3870 0.5542 0.0054 0.0050 0.0003
126 0.0751 0.4121 0.3262 0.1287 0.0567 0.0013
127 0.0336 0.6333 0.2189 0.1050 0.0082 0.0011
128 0.1495 0.3291 0.2262 0.1531 0.1361 0.0059
129 0.0280 0.5884 0.3301 0.0417 0.0097 0.0019
130 0.1102 0.4941 0.3503 0.0378 0.0067 0.0009
131 0.1593 0.6499 0.1543 0.0270 0.0084 0.0011
132 0.1495 0.2974 0.4790 0.0685 0.0032 0.0026
133 0.1787 0.6045 0.1719 0.0378 0.0059 0.0011
134 0.0865 0.2174 0.4900 0.1554 0.0500 0.0005
135 0.1542 0.2389 0.1604 0.1949 0.2484 0.0031
136 0.0302 0.7134 0.1694 0.0467 0.0254 0.0148
137 0.0849 0.5244 0.1702 0.0925 0.1274 0.0005
138 0.1831 0.4604 0.0872 0.0299 0.2389 0.0005
139 0.1659 0.4304 0.2571 0.1365 0.0080 0.0021
140 0.0569 0.6270 0.2512 0.0569 0.0075 0.0006
141 0.2566 0.5059 0.1212 0.0122 0.1028 0.0013
142 0.0418 0.3726 0.3186 0.0806 0.1844 0.0021
143 0.2148 0.4512 0.2695 0.0457 0.0168 0.0020
144 0.1050 0.3904 0.2025 0.1505 0.1209 0.0306
145 0.0909 0.4802 0.2131 0.0275 0.1852 0.0032
146 0.1593 0.4434 0.2605 0.1183 0.0157 0.0029
147 0.0987 0.3018 0.4973 0.0775 0.0219 0.0030
148 0.1154 0.2312 0.4253 0.1653 0.0431 0.0199
149 0.1321 0.2372 0.3293 0.0853 0.1240 0.0922
150 0.0541 0.3447 0.2996 0.2856 0.0155 0.0005
151 0.0247 0.4307 0.2869 0.2571 0.0004 0.0002
152 0.3438 0.3894 0.2325 0.0230 0.0105 0.0007
153 0.0471 0.2756 0.6509 0.0146 0.0088 0.0032
154 0.2605 0.1656 0.1439 0.0199 0.4099 0.0001
155 0.0636 0.2942 0.5005 0.1274 0.0098 0.0048
156 0.2313 0.5215 0.1268 0.0928 0.0242 0.0036
157 0.1508 0.5513 0.2485 0.0344 0.0145 0.0006
158 0.0999 0.1115 0.0797 0.5488 0.1597 0.0006
159 0.1293 0.1205 0.0443 0.0195 0.6826 0.0034
160 0.2048 0.4954 0.2322 0.0243 0.0429 0.0005
161 0.1925 0.4580 0.2433 0.0874 0.0162 0.0025
162 0.1201 0.5913 0.2012 0.0734 0.0134 0.0009
163 0.4561 0.2703 0.2137 0.0441 0.0102 0.0059
164 0.2185 0.2069 0.0451 0.0904 0.4380 0.0011
165 0.4458 0.2332 0.1615 0.1288 0.0253 0.0055
166 0.4966 0.3386 0.0985 0.0437 0.0156 0.0071
167 0.1160 0.5889 0.2573 0.0317 0.0053 0.0006
168 0.2124 0.2881 0.4714 0.0180 0.0096 0.0006
169 0.0869 0.6572 0.1561 0.0797 0.0147 0.0054
170 0.0536 0.5332 0.3389 0.0694 0.0041 0.0011
171 0.0934 0.1163 0.2073 0.4895 0.0344 0.0594
172 0.2500 0.5508 0.1459 0.0217 0.0313 0.0005
173 0.1122 0.1222 0.1013 0.0237 0.6406 0.0002
174 0.1442 0.1881 0.2778 0.3301 0.0535 0.0063
175 0.1017 0.1100 0.1050 0.2639 0.3840 0.0352
176 0.0377 0.0844 0.2054 0.5854 0.0657 0.0215
177 0.1812 0.3010 0.1649 0.2656 0.0552 0.0322
178 0.0728 0.5259 0.3140 0.0489 0.0341 0.0045
179 0.1664 0.4385 0.3037 0.0774 0.0089 0.0053
180 0.5796 0.2416 0.1647 0.0078 0.0056 0.0008
181 0.6880 0.1686 0.1214 0.0118 0.0075 0.0029
182 0.6675 0.2118 0.0992 0.0085 0.0116 0.0013
183 0.1227 0.4119 0.4385 0.0196 0.0068 0.0004
184 0.1377 0.3433 0.1781 0.3201 0.0200 0.0008
185 0.1575 0.5283 0.2537 0.0368 0.0218 0.0018
186 0.0826 0.2466 0.6445 0.0215 0.0036 0.0009
187 0.3623 0.2472 0.1633 0.2147 0.0078 0.0045
188 0.0379 0.3599 0.5752 0.0167 0.0084 0.0019
189 0.0280 0.7104 0.2201 0.0385 0.0023 0.0008
190 0.0476 0.2827 0.4736 0.1422 0.0523 0.0015
191 0.1630 0.2905 0.5259 0.0094 0.0099 0.0012
192 0.1827 0.3550 0.3013 0.1017 0.0508 0.0085
193 0.1017 0.4890 0.3750 0.0197 0.0141 0.0004
194 0.1273 0.1912 0.3628 0.2200 0.0660 0.0327
195 0.0707 0.1405 0.0814 0.6201 0.0654 0.0221
196 0.0635 0.2435 0.1727 0.4409 0.0635 0.0157
197 0.0441 0.5327 0.3083 0.0978 0.0156 0.0012
198 0.2113 0.4473 0.3298 0.0080 0.0026 0.0011
199 0.0252 0.1952 0.6499 0.1183 0.0024 0.0090
200 0.0138 0.3538 0.5830 0.0450 0.0012 0.0031
201 0.0189 0.7080 0.2299 0.0403 0.0024 0.0004
202 0.3447 0.3237 0.2727 0.0387 0.0201 0.0001
203 0.3701 0.2371 0.3069 0.0555 0.0304 0.0001
204 0.3359 0.3989 0.2220 0.0255 0.0175 0.0000
205 0.3469 0.3782 0.2258 0.0331 0.0159 0.0000
206 0.0706 0.3289 0.5176 0.0478 0.0341 0.0011
207 0.3840 0.3232 0.2598 0.0090 0.0238 0.0003
208 0.1403 0.3088 0.4934 0.0508 0.0049 0.0020
209 0.1096 0.4072 0.3594 0.1046 0.0157 0.0034
210 0.1311 0.1139 0.1021 0.3049 0.0432 0.3049
211 0.1311 0.1139 0.1021 0.3049 0.0432 0.3049
212 0.4375 0.4045 0.0461 0.0213 0.0882 0.0023
213 0.4185 0.4055 0.0558 0.0287 0.0877 0.0039
214 0.4172 0.4043 0.0565 0.0293 0.0888 0.0040
215 0.4209 0.4016 0.0565 0.0289 0.0882 0.0039
