time exciting_prob fearful_prob tense_prob sad_prob relaxing_prob neutral_prob
0 0.1136 0.1553 0.1349 0.1288 0.0181 0.4492
1 0.2335 0.0669 0.2194 0.4500 0.0033 0.0270
2 0.1553 0.1248 0.2368 0.4636 0.0041 0.0153
3 0.1918 0.1298 0.3313 0.3262 0.0029 0.0180
4 0.1375 0.0692 0.1685 0.6064 0.0041 0.0142
5 0.2385 0.0296 0.1830 0.5376 0.0065 0.0048
6 0.2493 0.0760 0.1635 0.4880 0.0049 0.0182
7 0.1550 0.0925 0.3230 0.4084 0.0076 0.0134
8 0.0058 0.0958 0.0435 0.8403 0.0089 0.0058
9 0.0286 0.1355 0.0731 0.7271 0.0225 0.0131
10 0.0282 0.3462 0.0703 0.4731 0.0749 0.0072
11 0.0527 0.1273 0.0427 0.7217 0.0079 0.0480
12 0.0336 0.1860 0.0695 0.6748 0.0072 0.0287
13 0.0251 0.3865 0.0738 0.4885 0.0182 0.0078
14 0.0802 0.3403 0.1014 0.4202 0.0406 0.0172
15 0.0422 0.1052 0.0525 0.7422 0.0250 0.0331
16 0.0129 0.1708 0.4500 0.3560 0.0041 0.0063
17 0.0114 0.2434 0.3711 0.3655 0.0048 0.0039
18 0.0460 0.0795 0.3535 0.1921 0.0403 0.2886
19 0.0398 0.1389 0.4021 0.2186 0.0220 0.1785
20 0.0372 0.2605 0.4033 0.2729 0.0193 0.0066
21 0.0235 0.3218 0.2795 0.3425 0.0244 0.0084
22 0.0205 0.1216 0.1169 0.7163 0.0098 0.0151
23 0.0208 0.1765 0.1038 0.6821 0.0055 0.0114
24 0.0421 0.2876 0.1931 0.4421 0.0099 0.0251
25 0.0500 0.0750 0.1227 0.7168 0.0100 0.0255
26 0.1332 0.0945 0.0735 0.5522 0.0345 0.1122
27 0.0543 0.3271 0.2798 0.2820 0.0104 0.0464
28 0.0278 0.0762 0.0775 0.8071 0.0009 0.0106
29 0.0449 0.0944 0.1351 0.6973 0.0013 0.0270
30 0.0294 0.1208 0.1829 0.6431 0.0079 0.0159
31 0.0956 0.2040 0.1458 0.5127 0.0124 0.0296
32 0.0133 0.0502 0.0828 0.8364 0.0015 0.0158
33 0.0213 0.0722 0.0858 0.8013 0.0056 0.0140
34 0.0602 0.2435 0.1081 0.5752 0.0057 0.0072
35 0.0216 0.1373 0.0538 0.7656 0.0117 0.0099
36 0.0175 0.1364 0.0696 0.7485 0.0208 0.0072
37 0.0384 0.1577 0.1437 0.6338 0.0132 0.0135
38 0.1212 0.0782 0.0901 0.6870 0.0119 0.0117
39 0.0848 0.1254 0.1008 0.6675 0.0141 0.0074
40 0.1218 0.3335 0.2023 0.3184 0.0098 0.0142
41 0.0900 0.3093 0.1681 0.4097 0.0089 0.0141
42 0.1171 0.4023 0.1901 0.2681 0.0068 0.0157
43 0.1078 0.3674 0.3762 0.1250 0.0066 0.0168
44 0.0673 0.2056 0.5586 0.1135 0.0080 0.0469
45 0.0404 0.1511 0.0345 0.7266 0.0388 0.0085
46 0.1237 0.0294 0.2040 0.5723 0.0131 0.0576
47 0.2195 0.1147 0.2546 0.3762 0.0160 0.0190
48 0.0724 0.1892 0.1241 0.5967 0.0069 0.0109
49 0.0591 0.0601 0.3857 0.4800 0.0076 0.0074
50 0.0453 0.0834 0.6660 0.1938 0.0018 0.0098
51 0.0393 0.0581 0.5098 0.3787 0.0033 0.0109
52 0.0302 0.0201 0.1606 0.7783 0.0010 0.0097
53 0.1132 0.0494 0.2472 0.5659 0.0010 0.0234
54 0.0386 0.0066 0.0756 0.8647 0.0007 0.0137
55 0.0665 0.1185 0.3594 0.4473 0.0007 0.0074
56 0.0249 0.0809 0.2032 0.6265 0.0037 0.0610
57 0.0313 0.2703 0.4321 0.2500 0.0075 0.0088
58 0.0892 0.1642 0.2244 0.4900 0.0077 0.0244
59 0.0213 0.1105 0.2339 0.6069 0.0014 0.0262
60 0.0257 0.1017 0.3035 0.5244 0.0018 0.0427
61 0.1926 0.1912 0.3408 0.2218 0.0206 0.0330
62 0.0575 0.0562 0.2256 0.6230 0.0105 0.0274
63 0.1000 0.2554 0.4209 0.1840 0.0060 0.0338
64 0.1031 0.0365 0.1016 0.7388 0.0028 0.0174
65 0.0823 0.0293 0.1090 0.7568 0.0023 0.0202
66 0.0201 0.0192 0.0808 0.8687 0.0006 0.0108
67 0.1058 0.0694 0.4121 0.4055 0.0011 0.0061
68 0.0127 0.0234 0.0806 0.8799 0.0002 0.0033
69 0.0524 0.0824 0.3062 0.5547 0.0007 0.0037
70 0.0307 0.1097 0.3655 0.4768 0.0094 0.0077
71 0.0370 0.1124 0.2167 0.6074 0.0050 0.0215
72 0.0135 0.0314 0.1477 0.7983 0.0030 0.0059
73 0.0274 0.2028 0.5684 0.1616 0.0091 0.0306
74 0.0126 0.1469 0.7227 0.0905 0.0081 0.0191
75 0.0109 0.0955 0.2054 0.6733 0.0103 0.0044
76 0.0177 0.0993 0.3108 0.5454 0.0169 0.0101
77 0.0106 0.3298 0.3857 0.2693 0.0025 0.0022
78 0.0165 0.1820 0.4167 0.3794 0.0030 0.0025
79 0.0112 0.1796 0.6675 0.1215 0.0065 0.0140
80 0.0118 0.1422 0.5366 0.3059 0.0013 0.0022
81 0.0032 0.1792 0.1606 0.6553 0.0007 0.0009
82 0.0211 0.1583 0.6069 0.1738 0.0098 0.0302
83 0.0101 0.2042 0.3757 0.3816 0.0059 0.0226
84 0.0249 0.1727 0.7046 0.0842 0.0031 0.0105
85 0.0563 0.1077 0.6196 0.1860 0.0177 0.0127
86 0.0343 0.0919 0.2874 0.5806 0.0014 0.0044
87 0.0873 0.1021 0.2195 0.5781 0.0041 0.0088
88 0.0193 0.1591 0.1060 0.7129 0.0004 0.0022
89 0.0790 0.1499 0.2935 0.4338 0.0209 0.0230
90 0.0204 0.0942 0.0504 0.8267 0.0025 0.0060
91 0.0161 0.3120 0.4070 0.2178 0.0130 0.0342
92 0.0193 0.2578 0.4817 0.1691 0.0166 0.0558
93 0.1611 0.0607 0.0215 0.7334 0.0012 0.0221
94 0.1807 0.1194 0.0358 0.6304 0.0022 0.0316
95 0.0462 0.1692 0.1978 0.5723 0.0016 0.0130
96 0.0463 0.2483 0.2727 0.4031 0.0042 0.0256
97 0.0454 0.1865 0.2433 0.4993 0.0045 0.0209
98 0.0499 0.1294 0.1769 0.6177 0.0054 0.0208
99 0.1316 0.0811 0.3206 0.4451 0.0043 0.0177
100 0.1379 0.0515 0.1538 0.6084 0.0048 0.0434
101 0.1891 0.1862 0.1643 0.2795 0.0228 0.1581
102 0.2563 0.1790 0.1085 0.3586 0.0546 0.0432
103 0.0094 0.0494 0.0578 0.8228 0.0342 0.0262
104 0.0119 0.0656 0.1000 0.7744 0.0257 0.0227
105 0.0120 0.0461 0.1088 0.7671 0.0228 0.0433
106 0.0365 0.1337 0.3577 0.4521 0.0065 0.0135
107 0.0489 0.2559 0.2480 0.4221 0.0065 0.0185
108 0.0605 0.2063 0.4299 0.2864 0.0049 0.0119
109 0.0386 0.2480 0.5767 0.1190 0.0016 0.0162
110 0.0287 0.3008 0.5278 0.0773 0.0040 0.0611
111 0.0229 0.1626 0.3606 0.3496 0.0043 0.1002
112 0.0286 0.1038 0.6260 0.1880 0.0097 0.0439
113 0.1227 0.2681 0.3782 0.1677 0.0016 0.0617
114 0.1153 0.1359 0.0824 0.6230 0.0267 0.0165
115 0.1306 0.1504 0.2056 0.4634 0.0035 0.0466
116 0.0573 0.0820 0.3506 0.4431 0.0031 0.0638
117 0.0906 0.0643 0.3213 0.4460 0.0378 0.0402
118 0.0777 0.1271 0.1938 0.4797 0.0186 0.1030
119 0.0862 0.0491 0.2167 0.5532 0.0168 0.0779
120 0.0376 0.1835 0.5654 0.1521 0.0055 0.0560
121 0.1070 0.1353 0.2710 0.4199 0.0248 0.0419
122 0.0442 0.1260 0.2627 0.5391 0.0154 0.0129
123 0.1034 0.0756 0.2661 0.5210 0.0212 0.0126
124 0.0715 0.0992 0.2939 0.4924 0.0166 0.0263
125 0.0771 0.0505 0.1005 0.2527 0.5024 0.0165
126 0.0523 0.0431 0.0427 0.1613 0.6895 0.0113
127 0.0577 0.0319 0.0586 0.2177 0.6104 0.0238
128 0.1414 0.3528 0.3875 0.0769 0.0061 0.0355
129 0.0562 0.3965 0.2405 0.2173 0.0018 0.0878
130 0.0723 0.1459 0.4785 0.1680 0.0858 0.0497
131 0.0448 0.2786 0.3931 0.1716 0.0010 0.1108
132 0.0377 0.3259 0.4385 0.1469 0.0009 0.0500
133 0.0499 0.3303 0.4807 0.0925 0.0021 0.0444
134 0.0379 0.3740 0.3740 0.1293 0.0017 0.0828
135 0.0307 0.3513 0.2781 0.2651 0.0033 0.0714
136 0.0924 0.0968 0.5234 0.2050 0.0069 0.0754
137 0.1023 0.0611 0.2131 0.3740 0.1824 0.0671
138 0.0773 0.0499 0.2238 0.4592 0.1255 0.0641
139 0.0391 0.0596 0.5229 0.2284 0.0675 0.0827
140 0.0352 0.0270 0.2188 0.5166 0.1960 0.0064
141 0.0569 0.3328 0.3892 0.1897 0.0134 0.0179
142 0.0481 0.0466 0.7178 0.1307 0.0093 0.0474
143 0.0954 0.3079 0.1755 0.1989 0.2117 0.0106
144 0.0450 0.2339 0.5269 0.1396 0.0091 0.0453
145 0.0481 0.0972 0.5015 0.3140 0.0044 0.0347
146 0.0553 0.0850 0.7573 0.0519 0.0092 0.0414
147 0.0202 0.1134 0.6523 0.0869 0.0025 0.1245
148 0.0164 0.0529 0.8403 0.0399 0.0005 0.0497
149 0.0757 0.1350 0.2369 0.4712 0.0299 0.0512
150 0.0272 0.0285 0.4900 0.0920 0.0037 0.3584
151 0.0373 0.0939 0.5659 0.1781 0.0115 0.1132
152 0.1404 0.0995 0.4392 0.2075 0.0152 0.0980
153 0.1265 0.0451 0.4775 0.2678 0.0335 0.0495
154 0.1005 0.0795 0.2264 0.4646 0.0284 0.1005
155 0.0630 0.0693 0.5708 0.1854 0.0491 0.0621
156 0.0752 0.0654 0.5557 0.2076 0.0231 0.0729
157 0.0671 0.0476 0.3684 0.3354 0.0101 0.1714
158 0.0686 0.1149 0.6021 0.1322 0.0071 0.0753
159 0.1001 0.1017 0.3838 0.3386 0.0071 0.0688
160 0.0363 0.1085 0.3291 0.4358 0.0146 0.0757
161 0.0923 0.0569 0.1621 0.5566 0.0076 0.1243
162 0.0422 0.0328 0.1495 0.4260 0.0176 0.3318
163 0.0461 0.1007 0.3101 0.3513 0.0036 0.1881
164 0.0278 0.2349 0.1447 0.4526 0.0084 0.1317
165 0.0277 0.3560 0.2603 0.2996 0.0064 0.0501
166 0.0221 0.3169 0.2507 0.2930 0.0027 0.1147
167 0.0291 0.1730 0.2328 0.5005 0.0049 0.0598
168 0.1274 0.2634 0.3179 0.2515 0.0211 0.0189
169 0.0552 0.2615 0.1797 0.4587 0.0083 0.0365
170 0.0346 0.2462 0.1565 0.4897 0.0098 0.0632
171 0.0363 0.4255 0.2074 0.2925 0.0060 0.0321
172 0.0222 0.1718 0.1718 0.5723 0.0045 0.0576
173 0.0176 0.1036 0.1532 0.6655 0.0056 0.0546
174 0.0170 0.0659 0.1580 0.7188 0.0040 0.0363
175 0.0267 0.1538 0.2070 0.5625 0.0074 0.0424
176 0.0223 0.1511 0.4653 0.2610 0.0027 0.0975
177 0.0842 0.3718 0.3333 0.1573 0.0061 0.0473
178 0.0633 0.2881 0.3757 0.1919 0.0058 0.0751
179 0.0314 0.1752 0.2510 0.4988 0.0070 0.0367
180 0.0294 0.1266 0.3440 0.4419 0.0116 0.0466
181 0.0253 0.0884 0.2681 0.5503 0.0142 0.0536
182 0.0618 0.2297 0.2158 0.4788 0.0011 0.0128
183 0.0849 0.1444 0.2273 0.5200 0.0009 0.0223
184 0.1178 0.0876 0.2167 0.5449 0.0019 0.0312
185 0.0364 0.3171 0.3025 0.3120 0.0014 0.0304
186 0.0103 0.0980 0.1239 0.7588 0.0006 0.0081
187 0.1030 0.2017 0.2891 0.3711 0.0008 0.0345
188 0.1750 0.0691 0.1833 0.5391 0.0003 0.0331
189 0.1075 0.1627 0.2993 0.3784 0.0012 0.0508
190 0.0558 0.3848 0.2542 0.2949 0.0009 0.0093
191 0.0275 0.6982 0.1808 0.0909 0.0004 0.0021
192 0.0620 0.6069 0.1909 0.1344 0.0018 0.0040
193 0.0279 0.5645 0.1669 0.2354 0.0013 0.0040
194 0.0997 0.5693 0.1569 0.1683 0.0024 0.0032
195 0.0247 0.1398 0.0861 0.7437 0.0014 0.0043
196 0.0617 0.0779 0.2086 0.6426 0.0011 0.0080
197 0.0488 0.0363 0.1226 0.7871 0.0008 0.0043
198 0.0369 0.0369 0.1577 0.7642 0.0005 0.0041
199 0.0375 0.0381 0.1877 0.7310 0.0005 0.0052
200 0.0565 0.0322 0.1274 0.7808 0.0005 0.0027
201 0.0222 0.0724 0.1486 0.7310 0.0038 0.0219
202 0.0301 0.2070 0.1945 0.5288 0.0042 0.0354
203 0.0347 0.1349 0.2903 0.5093 0.0041 0.0268
204 0.0546 0.1052 0.1628 0.6245 0.0095 0.0435
205 0.0488 0.1588 0.0608 0.7119 0.0045 0.0150
206 0.0392 0.1295 0.0462 0.7690 0.0088 0.0070
207 0.0723 0.4792 0.1593 0.2729 0.0029 0.0134
208 0.0865 0.0558 0.2140 0.6289 0.0030 0.0115
209 0.0727 0.0876 0.2346 0.5630 0.0099 0.0323
210 0.0311 0.0701 0.0914 0.7896 0.0107 0.0070
211 0.1121 0.1331 0.1682 0.5605 0.0061 0.0201
212 0.0752 0.1495 0.2316 0.5137 0.0058 0.0240
213 0.0721 0.0699 0.2440 0.5947 0.0057 0.0135
214 0.0344 0.1414 0.3040 0.5093 0.0074 0.0038
215 0.0295 0.0544 0.1648 0.7388 0.0043 0.0085
216 0.0336 0.1200 0.2664 0.5728 0.0030 0.0046
217 0.1083 0.1814 0.2944 0.3962 0.0119 0.0077
218 0.0934 0.3186 0.3611 0.2123 0.0087 0.0058
219 0.1072 0.3625 0.3516 0.1635 0.0100 0.0053
220 0.0357 0.1295 0.4521 0.3523 0.0029 0.0274
221 0.0195 0.0623 0.3315 0.5381 0.0081 0.0402
222 0.0463 0.1035 0.5254 0.2947 0.0043 0.0262
223 0.0334 0.0404 0.0698 0.8496 0.0023 0.0046
224 0.1804 0.1483 0.1069 0.5601 0.0013 0.0031
225 0.2043 0.2664 0.3757 0.1494 0.0032 0.0009
226 0.0360 0.2009 0.4458 0.2462 0.0072 0.0637
227 0.0065 0.0953 0.2632 0.6025 0.0085 0.0243
228 0.0207 0.1146 0.4827 0.3643 0.0036 0.0140
229 0.1146 0.0787 0.1948 0.5728 0.0177 0.0214
230 0.1400 0.2135 0.1826 0.4519 0.0063 0.0057
231 0.0276 0.2896 0.3130 0.3547 0.0045 0.0109
232 0.0598 0.2678 0.2438 0.4146 0.0057 0.0084
233 0.0696 0.3169 0.3320 0.2585 0.0158 0.0072
234 0.0348 0.1489 0.3008 0.4443 0.0041 0.0671
235 0.0297 0.1311 0.3096 0.5024 0.0032 0.0239
236 0.0764 0.1980 0.3420 0.3369 0.0226 0.0242
237 0.0864 0.1145 0.2207 0.5132 0.0360 0.0290
238 0.1544 0.0559 0.2283 0.4910 0.0163 0.0542
239 0.1559 0.1608 0.1711 0.4236 0.0138 0.0748
240 0.2068 0.1196 0.1443 0.4377 0.0144 0.0773
241 0.1278 0.0812 0.1318 0.4822 0.0181 0.1589
242 0.0521 0.2905 0.1211 0.4570 0.0757 0.0037
243 0.0648 0.3018 0.0872 0.4460 0.0972 0.0028
244 0.0396 0.1447 0.0705 0.7007 0.0352 0.0093
245 0.0255 0.1287 0.0508 0.7524 0.0399 0.0028
246 0.0476 0.1124 0.2534 0.5713 0.0039 0.0116
247 0.0153 0.1290 0.0600 0.7783 0.0069 0.0103
248 0.0415 0.4570 0.2524 0.2280 0.0025 0.0184
249 0.0540 0.0863 0.5044 0.3308 0.0016 0.0229
250 0.0357 0.2008 0.5459 0.1976 0.0016 0.0184
251 0.0246 0.1268 0.4258 0.3938 0.0099 0.0189
252 0.0345 0.1909 0.3403 0.3977 0.0209 0.0157
253 0.0420 0.0671 0.1432 0.7046 0.0036 0.0395
254 0.0386 0.2006 0.2345 0.5122 0.0040 0.0104
255 0.0359 0.1301 0.3765 0.4136 0.0254 0.0185
256 0.0431 0.2421 0.3748 0.3206 0.0039 0.0155
257 0.0300 0.2455 0.1432 0.5620 0.0044 0.0150
258 0.1267 0.1288 0.4934 0.2260 0.0013 0.0238
259 0.0549 0.0994 0.6382 0.1915 0.0004 0.0157
260 0.0333 0.1917 0.4973 0.2539 0.0006 0.0233
261 0.0632 0.1747 0.4392 0.2925 0.0008 0.0296
262 0.0415 0.2299 0.4792 0.2228 0.0136 0.0130
263 0.0518 0.4622 0.2869 0.1622 0.0176 0.0192
264 0.0410 0.3464 0.3206 0.2576 0.0181 0.0165
265 0.0222 0.4536 0.4004 0.1165 0.0013 0.0058
266 0.0079 0.4541 0.3945 0.1364 0.0015 0.0057
267 0.0823 0.0593 0.3577 0.4382 0.0213 0.0414
268 0.1057 0.0963 0.3689 0.4053 0.0094 0.0145
269 0.0911 0.1236 0.4314 0.3308 0.0096 0.0134
270 0.0020 0.1362 0.0260 0.8345 0.0002 0.0008
271 0.0062 0.2056 0.0699 0.7173 0.0003 0.0005
272 0.0018 0.1779 0.0347 0.7847 0.0004 0.0007
273 0.0161 0.1818 0.3091 0.4788 0.0079 0.0061
274 0.0160 0.0617 0.1757 0.7280 0.0065 0.0120
275 0.0240 0.0435 0.0934 0.8071 0.0148 0.0170
276 0.0119 0.0315 0.0374 0.9053 0.0085 0.0055
277 0.0098 0.1458 0.1677 0.6431 0.0305 0.0030
278 0.0129 0.1672 0.1453 0.6411 0.0307 0.0026
279 0.0222 0.1948 0.0734 0.6797 0.0262 0.0036
280 0.0585 0.0449 0.2107 0.6699 0.0027 0.0134
281 0.0430 0.0977 0.0785 0.7446 0.0068 0.0291
282 0.0161 0.0535 0.0953 0.7979 0.0265 0.0106
283 0.0179 0.1649 0.4553 0.3435 0.0024 0.0159
284 0.0173 0.1835 0.2754 0.4834 0.0075 0.0331
285 0.0523 0.3083 0.1390 0.4282 0.0123 0.0598
286 0.0153 0.1644 0.3706 0.4133 0.0204 0.0159
287 0.0473 0.1083 0.2478 0.5083 0.0171 0.0710
288 0.0055 0.3792 0.0680 0.5264 0.0013 0.0198
289 0.0046 0.3198 0.0765 0.5884 0.0015 0.0092
290 0.0015 0.1571 0.0828 0.7495 0.0006 0.0088
291 0.0086 0.1953 0.1835 0.5830 0.0074 0.0222
292 0.0032 0.1807 0.0967 0.7036 0.0009 0.0149
293 0.0961 0.3328 0.1971 0.3379 0.0091 0.0271
294 0.0911 0.4485 0.1526 0.2808 0.0107 0.0165
295 0.1110 0.4062 0.2107 0.2444 0.0139 0.0138
296 0.0775 0.3906 0.2333 0.2705 0.0092 0.0187
297 0.0578 0.2358 0.5073 0.1431 0.0226 0.0334
298 0.0734 0.1118 0.3186 0.3965 0.0153 0.0844
299 0.1450 0.1221 0.3372 0.3372 0.0135 0.0449
300 0.0875 0.1910 0.2571 0.3682 0.0203 0.0760
301 0.0690 0.1506 0.3091 0.4158 0.0254 0.0301
302 0.1339 0.1257 0.3418 0.3418 0.0220 0.0346
303 0.1653 0.0831 0.2600 0.4221 0.0229 0.0466
304 0.1154 0.0957 0.1267 0.6436 0.0017 0.0168
305 0.1158 0.0945 0.1608 0.6069 0.0014 0.0208
306 0.1229 0.1035 0.1483 0.6050 0.0010 0.0191
307 0.0950 0.0879 0.1129 0.6807 0.0018 0.0219
308 0.0649 0.0847 0.0807 0.7427 0.0026 0.0244
309 0.0610 0.1232 0.3511 0.4299 0.0241 0.0108
310 0.1359 0.0850 0.5996 0.1564 0.0041 0.0193
311 0.1237 0.0584 0.4893 0.2788 0.0016 0.0484
312 0.1104 0.1998 0.5435 0.1251 0.0030 0.0184
313 0.0114 0.1265 0.6030 0.2117 0.0009 0.0465
314 0.0134 0.1613 0.3867 0.3867 0.0011 0.0507
315 0.0220 0.2045 0.5732 0.1383 0.0015 0.0604
316 0.0141 0.2830 0.5122 0.1316 0.0016 0.0575
317 0.0135 0.0670 0.6353 0.2030 0.0029 0.0783
318 0.1567 0.0361 0.4004 0.3589 0.0155 0.0323
319 0.1097 0.0337 0.3711 0.4475 0.0076 0.0305
320 0.1475 0.0436 0.4268 0.3484 0.0101 0.0237
321 0.1342 0.0295 0.3765 0.4133 0.0093 0.0373
322 0.1870 0.0282 0.3181 0.4214 0.0185 0.0265
323 0.1315 0.0215 0.3152 0.4961 0.0087 0.0271
324 0.0095 0.0417 0.0319 0.8496 0.0047 0.0625
325 0.0120 0.1326 0.0444 0.7280 0.0025 0.0804
326 0.0130 0.0876 0.0750 0.6475 0.0053 0.1716
327 0.0206 0.0778 0.0645 0.5576 0.0121 0.2676
328 0.0086 0.0420 0.0370 0.7559 0.0050 0.1512
329 0.1366 0.1366 0.3687 0.3408 0.0051 0.0122
330 0.1000 0.1514 0.3411 0.3867 0.0028 0.0179
331 0.1318 0.0751 0.1874 0.5957 0.0023 0.0078
332 0.0427 0.1057 0.1024 0.7334 0.0058 0.0100
333 0.0756 0.1689 0.2421 0.4592 0.0022 0.0519
334 0.1344 0.0601 0.5571 0.2148 0.0032 0.0302
335 0.1179 0.1040 0.5713 0.1914 0.0035 0.0119
336 0.1394 0.0886 0.5513 0.1997 0.0037 0.0170
337 0.0248 0.0922 0.1833 0.6812 0.0075 0.0112
338 0.0615 0.0324 0.1185 0.7725 0.0042 0.0108
339 0.0167 0.0286 0.0687 0.8770 0.0044 0.0049
340 0.0012 0.0200 0.0150 0.9629 0.0002 0.0007
341 0.1472 0.0226 0.1449 0.6196 0.0334 0.0323
342 0.2277 0.0558 0.1887 0.4670 0.0299 0.0308
343 0.1360 0.0268 0.1404 0.6289 0.0217 0.0463
344 0.2223 0.0608 0.1267 0.4856 0.0357 0.0688
345 0.1482 0.1172 0.2683 0.3726 0.0188 0.0745
346 0.0918 0.2382 0.1245 0.2238 0.0012 0.3206
347 0.1528 0.4353 0.1100 0.1414 0.0017 0.1589
348 0.0610 0.1022 0.1821 0.5029 0.0031 0.1487
349 0.0873 0.1821 0.2266 0.3298 0.0018 0.1724
350 0.1120 0.1052 0.2389 0.3938 0.0029 0.1472
351 0.2162 0.0952 0.3796 0.2080 0.0361 0.0649
352 0.1404 0.2091 0.2644 0.2502 0.0972 0.0387
353 0.0620 0.0650 0.4304 0.3457 0.0191 0.0778
354 0.2048 0.0967 0.3796 0.2778 0.0214 0.0193
355 0.1840 0.1840 0.3926 0.2135 0.0083 0.0177
356 0.0551 0.3320 0.2954 0.2908 0.0168 0.0100
357 0.0432 0.1709 0.1405 0.6201 0.0099 0.0153
358 0.0367 0.1313 0.2114 0.5356 0.0094 0.0754
359 0.0978 0.1626 0.3108 0.3665 0.0343 0.0280
360 0.0156 0.0917 0.7500 0.1072 0.0044 0.0312
361 0.0198 0.2822 0.4438 0.2267 0.0056 0.0219
362 0.0151 0.3335 0.3232 0.3083 0.0068 0.0132
363 0.0353 0.1511 0.3352 0.4373 0.0146 0.0265
364 0.0432 0.3264 0.2686 0.3264 0.0188 0.0169
365 0.0288 0.4500 0.2372 0.2646 0.0069 0.0125
366 0.0417 0.3103 0.3984 0.2235 0.0117 0.0145
367 0.0518 0.4138 0.2285 0.2712 0.0264 0.0082
368 0.0901 0.3916 0.2001 0.2866 0.0135 0.0182
369 0.1395 0.4434 0.2355 0.1353 0.0149 0.0316
370 0.0429 0.2230 0.3096 0.3347 0.0139 0.0759
371 0.0410 0.3201 0.3628 0.1882 0.0044 0.0835
372 0.0339 0.0865 0.0763 0.5381 0.0150 0.2502
373 0.0389 0.1227 0.1434 0.5327 0.0143 0.1479
374 0.0627 0.1426 0.2542 0.3875 0.0254 0.1278
375 0.0523 0.1838 0.5000 0.2084 0.0269 0.0286
376 0.1410 0.1455 0.2051 0.4695 0.0055 0.0335
377 0.1771 0.2639 0.2556 0.2766 0.0083 0.0185
378 0.2048 0.2844 0.3174 0.1646 0.0103 0.0186
379 0.0759 0.0847 0.2449 0.4946 0.0126 0.0873
380 0.0534 0.0696 0.1750 0.6406 0.0054 0.0560
381 0.0678 0.1050 0.2367 0.4856 0.0092 0.0956
382 0.1257 0.2683 0.3782 0.1787 0.0118 0.0374
383 0.0796 0.0821 0.2432 0.5146 0.0153 0.0649
384 0.0876 0.1041 0.2458 0.5044 0.0143 0.0437
385 0.1891 0.1543 0.3218 0.2883 0.0181 0.0283
386 0.1757 0.0955 0.2256 0.4417 0.0191 0.0424
387 0.1804 0.0442 0.1543 0.4905 0.0142 0.1165
388 0.1638 0.0641 0.1613 0.4890 0.0208 0.1009
389 0.1136 0.1553 0.1349 0.1288 0.0181 0.4492
390 0.1255 0.1456 0.0205 0.6626 0.0035 0.0421
391 0.1097 0.1254 0.0213 0.6880 0.0033 0.0522
392 0.1158 0.1272 0.0216 0.6821 0.0034 0.0498
393 0.1096 0.1222 0.0212 0.6924 0.0034 0.0513
394 0.1054 0.1204 0.0209 0.6982 0.0033 0.0518
395 0.9165 0.0367 0.0103 0.0286 0.0056 0.0023
396 0.9146 0.0372 0.0102 0.0299 0.0059 0.0023
397 0.9141 0.0374 0.0104 0.0301 0.0060 0.0023
398 0.9141 0.0374 0.0104 0.0301 0.0060 0.0023
399 0.9038 0.0413 0.0116 0.0345 0.0066 0.0023
400 0.9033 0.0416 0.0117 0.0345 0.0067 0.0024
401 0.9033 0.0416 0.0117 0.0345 0.0067 0.0024
402 0.9033 0.0416 0.0117 0.0345 0.0067 0.0024
403 0.9033 0.0416 0.0117 0.0345 0.0067 0.0024
404 0.9033 0.0416 0.0117 0.0345 0.0067 0.0024
405 0.9023 0.0419 0.0118 0.0350 0.0067 0.0024
406 0.9028 0.0416 0.0117 0.0347 0.0067 0.0024
407 0.9033 0.0416 0.0117 0.0342 0.0066 0.0025
408 0.1136 0.1553 0.1349 0.1288 0.0181 0.4492
409 0.1136 0.1553 0.1349 0.1288 0.0181 0.4492
410 0.3179 0.2554 0.1729 0.2118 0.0330 0.0089
411 0.3176 0.2551 0.1726 0.2115 0.0340 0.0091
412 0.3176 0.2551 0.1726 0.2115 0.0340 0.0091
413 0.3176 0.2551 0.1726 0.2115 0.0340 0.0091
414 0.3359 0.2576 0.1637 0.2006 0.0351 0.0071
415 0.3374 0.2549 0.1671 0.1984 0.0350 0.0072
416 0.3374 0.2549 0.1671 0.1984 0.0350 0.0072
417 0.3374 0.2549 0.1671 0.1984 0.0350 0.0072
418 0.3374 0.2549 0.1671 0.1984 0.0350 0.0072
419 0.3374 0.2549 0.1671 0.1984 0.0350 0.0072
