time exciting_prob fearful_prob tense_prob sad_prob relaxing_prob neutral_prob
0 0.0968 0.0822 0.2959 0.4238 0.0152 0.0861
1 0.0569 0.2913 0.3596 0.1837 0.0189 0.0895
2 0.0267 0.1089 0.1537 0.2515 0.2634 0.1958
3 0.0185 0.1059 0.3472 0.2405 0.2173 0.0706
4 0.0168 0.0862 0.3381 0.1454 0.0778 0.3354
5 0.0225 0.0431 0.2070 0.1368 0.0978 0.4927
6 0.0550 0.1709 0.1776 0.5181 0.0559 0.0224
7 0.0128 0.0285 0.1209 0.0934 0.0485 0.6958
8 0.1306 0.2137 0.2517 0.1652 0.0710 0.1677
9 0.1018 0.2639 0.2539 0.2172 0.0477 0.1154
10 0.0336 0.0533 0.0878 0.6191 0.0346 0.1719
11 0.0854 0.1838 0.3984 0.1512 0.1273 0.0539
12 0.0190 0.0276 0.1638 0.0632 0.0934 0.6328
13 0.0694 0.1857 0.6089 0.1092 0.0193 0.0075
14 0.0258 0.3672 0.5962 0.0066 0.0018 0.0024
15 0.0757 0.1761 0.6543 0.0782 0.0114 0.0041
16 0.0415 0.1720 0.4675 0.2010 0.0695 0.0485
17 0.0433 0.0556 0.7207 0.1583 0.0192 0.0029
18 0.0391 0.0840 0.2469 0.5229 0.0385 0.0686
19 0.0684 0.0313 0.1887 0.5547 0.0124 0.1447
20 0.0546 0.2729 0.4790 0.1270 0.0425 0.0238
21 0.0666 0.1031 0.6519 0.0579 0.0939 0.0265
22 0.0284 0.1558 0.5522 0.2450 0.0076 0.0113
23 0.0285 0.1555 0.4163 0.2061 0.0229 0.1708
24 0.0629 0.0701 0.1736 0.5518 0.0475 0.0944
25 0.0335 0.2700 0.4888 0.1689 0.0276 0.0112
26 0.0818 0.1995 0.5093 0.1903 0.0127 0.0064
27 0.1017 0.1285 0.6953 0.0549 0.0139 0.0058
28 0.0395 0.0477 0.3928 0.4666 0.0151 0.0383
29 0.4714 0.1519 0.0859 0.2729 0.0069 0.0110
30 0.0402 0.3442 0.3389 0.1002 0.1677 0.0090
31 0.0388 0.0925 0.1675 0.3601 0.0332 0.3079
32 0.0177 0.3296 0.3428 0.2230 0.0072 0.0795
33 0.0266 0.6191 0.3210 0.0260 0.0051 0.0023
34 0.1052 0.0746 0.7075 0.0609 0.0334 0.0184
35 0.0211 0.2627 0.1670 0.4985 0.0063 0.0446
36 0.0206 0.0881 0.1242 0.7148 0.0166 0.0356
37 0.0179 0.0817 0.0925 0.7393 0.0203 0.0480
38 0.0156 0.3105 0.2418 0.3518 0.0174 0.0630
39 0.0133 0.3567 0.5273 0.0742 0.0073 0.0211
40 0.0276 0.1758 0.3335 0.2944 0.0253 0.1434
41 0.0174 0.1602 0.2482 0.4709 0.0136 0.0898
42 0.0157 0.2634 0.3716 0.2893 0.0178 0.0420
43 0.0260 0.1192 0.1655 0.6445 0.0062 0.0387
44 0.0291 0.1465 0.0834 0.7095 0.0086 0.0228
45 0.0223 0.0842 0.0955 0.7393 0.0100 0.0488
46 0.0144 0.2072 0.2104 0.4597 0.0136 0.0948
47 0.0115 0.3140 0.4639 0.1299 0.0154 0.0653
48 0.0160 0.5083 0.3494 0.0955 0.0061 0.0247
49 0.0182 0.2432 0.2588 0.4473 0.0105 0.0221
50 0.0125 0.1091 0.3059 0.3691 0.0147 0.1885
51 0.0106 0.2576 0.3108 0.3748 0.0112 0.0349
52 0.0263 0.0377 0.0492 0.8193 0.0042 0.0632
53 0.0152 0.4077 0.1584 0.3542 0.0037 0.0606
54 0.0092 0.2695 0.5444 0.1293 0.0195 0.0280
55 0.0191 0.2032 0.4802 0.2002 0.0583 0.0391
56 0.0092 0.1667 0.3879 0.2505 0.0054 0.1804
57 0.0154 0.6655 0.1028 0.1791 0.0111 0.0260
58 0.0157 0.6353 0.1710 0.1486 0.0151 0.0144
59 0.1323 0.2081 0.1149 0.3596 0.1168 0.0681
60 0.1271 0.2355 0.1497 0.3218 0.0952 0.0707
61 0.0232 0.6079 0.2495 0.0816 0.0071 0.0307
62 0.1003 0.1172 0.1963 0.3726 0.1019 0.1119
63 0.0589 0.1786 0.2854 0.3037 0.1034 0.0699
64 0.1737 0.2649 0.1332 0.3855 0.0114 0.0312
65 0.0035 0.0562 0.0941 0.7881 0.0156 0.0424
66 0.0061 0.1940 0.1464 0.5791 0.0198 0.0547
67 0.0310 0.2440 0.2808 0.3960 0.0069 0.0411
68 0.0378 0.3503 0.1965 0.3730 0.0107 0.0316
69 0.0257 0.0911 0.4148 0.4346 0.0030 0.0310
70 0.0058 0.0781 0.7070 0.1309 0.0070 0.0711
71 0.0034 0.0798 0.7808 0.1024 0.0032 0.0303
72 0.0834 0.1940 0.1376 0.4878 0.0124 0.0848
73 0.0093 0.2280 0.5557 0.1748 0.0145 0.0177
74 0.0237 0.2378 0.5747 0.0714 0.0048 0.0875
75 0.0454 0.0514 0.2781 0.5703 0.0099 0.0447
76 0.0466 0.1348 0.5332 0.2189 0.0090 0.0575
77 0.0581 0.2407 0.2561 0.3845 0.0229 0.0375
78 0.0184 0.1359 0.2139 0.5635 0.0144 0.0541
79 0.0101 0.2070 0.4382 0.3013 0.0044 0.0389
80 0.0108 0.0375 0.2448 0.1709 0.5181 0.0180
81 0.0052 0.0232 0.4045 0.0407 0.5112 0.0149
82 0.0289 0.1946 0.3259 0.3691 0.0109 0.0705
83 0.0393 0.2371 0.3447 0.3447 0.0157 0.0183
84 0.0299 0.0768 0.2332 0.5015 0.0176 0.1414
85 0.0395 0.3467 0.4521 0.0798 0.0261 0.0557
86 0.0301 0.2898 0.3232 0.1991 0.0398 0.1180
87 0.0292 0.2788 0.4121 0.1248 0.0233 0.1317
88 0.0195 0.2998 0.5732 0.0546 0.0079 0.0453
89 0.0199 0.0918 0.2534 0.5625 0.0249 0.0476
90 0.0228 0.1089 0.5889 0.0410 0.0116 0.2269
91 0.0234 0.1163 0.6284 0.0408 0.0082 0.1829
92 0.0191 0.0802 0.6113 0.0518 0.0054 0.2321
93 0.0379 0.1396 0.4990 0.1498 0.0155 0.1582
94 0.0206 0.1851 0.2844 0.2048 0.0092 0.2957
95 0.0182 0.0881 0.8623 0.0115 0.0182 0.0018
96 0.0113 0.0426 0.7100 0.0479 0.1853 0.0027
97 0.0231 0.1093 0.6592 0.1219 0.0508 0.0358
98 0.0126 0.1428 0.4331 0.3169 0.0577 0.0367
99 0.0085 0.0492 0.2460 0.5630 0.0594 0.0739
100 0.0233 0.2468 0.4910 0.1087 0.0118 0.1184
101 0.0406 0.1569 0.3320 0.2177 0.0212 0.2317
102 0.0455 0.0786 0.2238 0.5044 0.0631 0.0849
103 0.0113 0.0554 0.5684 0.1830 0.0181 0.1641
104 0.0183 0.0703 0.3457 0.2957 0.1559 0.1140
105 0.0295 0.1078 0.5068 0.2249 0.0403 0.0908
106 0.0090 0.1732 0.4785 0.1278 0.0227 0.1888
107 0.1387 0.1063 0.1925 0.3887 0.0625 0.1114
108 0.0186 0.2634 0.5195 0.1313 0.0518 0.0151
109 0.0157 0.3813 0.3904 0.1772 0.0287 0.0067
110 0.0371 0.2827 0.5537 0.0977 0.0068 0.0218
111 0.0549 0.2070 0.3413 0.3523 0.0169 0.0276
112 0.0293 0.4084 0.3660 0.1757 0.0075 0.0131
113 0.0368 0.2852 0.3896 0.2439 0.0121 0.0323
114 0.0136 0.2522 0.6050 0.0858 0.0088 0.0347
115 0.0359 0.1429 0.6406 0.0930 0.0530 0.0348
116 0.0508 0.1946 0.3416 0.1613 0.0366 0.2153
117 0.1085 0.1471 0.2279 0.1642 0.1173 0.2351
118 0.1614 0.1946 0.1481 0.1492 0.0948 0.2520
119 0.0660 0.1726 0.2551 0.1465 0.0475 0.3125
120 0.0116 0.2805 0.6226 0.0667 0.0045 0.0141
121 0.0101 0.1008 0.8052 0.0519 0.0043 0.0276
122 0.0328 0.1349 0.5415 0.1577 0.0229 0.1100
123 0.0220 0.1903 0.5908 0.1257 0.0161 0.0550
124 0.0206 0.1854 0.6626 0.0856 0.0210 0.0249
125 0.0159 0.1072 0.7158 0.0875 0.0172 0.0565
126 0.0082 0.2891 0.5747 0.0917 0.0101 0.0263
127 0.0091 0.3313 0.5815 0.0411 0.0236 0.0136
128 0.0246 0.1750 0.3323 0.4136 0.0147 0.0397
129 0.0093 0.0765 0.7153 0.1476 0.0179 0.0334
130 0.0143 0.0469 0.7344 0.1199 0.0023 0.0824
131 0.0170 0.2089 0.6143 0.1248 0.0154 0.0199
132 0.0422 0.4258 0.3877 0.0851 0.0349 0.0242
133 0.0150 0.5420 0.2057 0.2122 0.0204 0.0051
134 0.0270 0.1862 0.4680 0.2627 0.0093 0.0467
135 0.0350 0.0982 0.5391 0.1724 0.0057 0.1497
136 0.0089 0.0207 0.7842 0.0966 0.0109 0.0789
137 0.0065 0.1274 0.5981 0.2343 0.0013 0.0322
138 0.0116 0.2301 0.3296 0.3735 0.0039 0.0513
139 0.0400 0.4104 0.1658 0.3457 0.0111 0.0271
140 0.0273 0.2473 0.2847 0.4207 0.0053 0.0149
141 0.0254 0.1763 0.3506 0.1763 0.0231 0.2485
142 0.0316 0.1724 0.3882 0.1923 0.0293 0.1863
143 0.0267 0.3359 0.3630 0.2069 0.0171 0.0503
144 0.0173 0.2896 0.6035 0.0721 0.0048 0.0129
145 0.0194 0.2439 0.4556 0.2256 0.0187 0.0368
146 0.0116 0.3445 0.1993 0.3499 0.0831 0.0116
147 0.0087 0.5801 0.2272 0.0257 0.1489 0.0095
148 0.0092 0.7217 0.1973 0.0228 0.0398 0.0093
149 0.0060 0.1138 0.8154 0.0581 0.0013 0.0053
150 0.0395 0.1974 0.3630 0.3745 0.0150 0.0107
151 0.1404 0.0800 0.1145 0.4822 0.0449 0.1382
152 0.0402 0.2834 0.2260 0.2224 0.0549 0.1732
153 0.0190 0.1580 0.1449 0.5688 0.0172 0.0921
154 0.0153 0.2094 0.1331 0.5181 0.0292 0.0951
155 0.0266 0.4539 0.4006 0.0759 0.0304 0.0126
156 0.1445 0.1217 0.1799 0.3809 0.0672 0.1058
157 0.0204 0.1620 0.1407 0.5742 0.0573 0.0453
158 0.0149 0.5293 0.3113 0.1136 0.0077 0.0231
159 0.0346 0.0774 0.1144 0.0421 0.0934 0.6382
160 0.0287 0.0470 0.0553 0.0941 0.0405 0.7344
161 0.0280 0.0961 0.0433 0.0371 0.0152 0.7803
162 0.1247 0.2155 0.1976 0.0971 0.0589 0.3062
163 0.0309 0.3145 0.2393 0.1710 0.1005 0.1439
164 0.0363 0.4055 0.1901 0.1626 0.0798 0.1256
165 0.0063 0.4673 0.3340 0.0995 0.0129 0.0800
166 0.0273 0.4697 0.3357 0.1235 0.0089 0.0351
167 0.0221 0.5103 0.3269 0.0370 0.0334 0.0707
168 0.0292 0.1790 0.3342 0.0663 0.0723 0.3188
169 0.0160 0.1608 0.2776 0.2568 0.1765 0.1122
170 0.0138 0.5181 0.1696 0.2094 0.0167 0.0724
171 0.0061 0.7524 0.1932 0.0352 0.0102 0.0027
172 0.0362 0.3804 0.1399 0.1537 0.2612 0.0286
173 0.1014 0.2957 0.2734 0.2147 0.0854 0.0293
174 0.0523 0.3989 0.1550 0.2152 0.1689 0.0098
175 0.0629 0.4170 0.2649 0.1046 0.1407 0.0099
176 0.0684 0.4709 0.2405 0.0964 0.1110 0.0129
177 0.1069 0.3069 0.2795 0.1847 0.0690 0.0529
178 0.0819 0.3848 0.1471 0.0489 0.2996 0.0378
179 0.0196 0.1373 0.1069 0.0600 0.6758 0.0005
180 0.0085 0.0761 0.0667 0.0171 0.8311 0.0005
181 0.0815 0.1511 0.2200 0.0815 0.4548 0.0109
182 0.0334 0.1847 0.1331 0.2448 0.3911 0.0131
183 0.0764 0.5020 0.1531 0.1156 0.0833 0.0696
184 0.0197 0.1719 0.2405 0.4028 0.0170 0.1482
185 0.0727 0.2876 0.4487 0.1276 0.0227 0.0408
186 0.0569 0.5278 0.1971 0.1089 0.0709 0.0385
187 0.0568 0.5732 0.1138 0.1331 0.1086 0.0146
188 0.0163 0.1331 0.3733 0.4099 0.0076 0.0600
189 0.0140 0.1016 0.2255 0.5581 0.0320 0.0688
190 0.0138 0.1979 0.5376 0.1802 0.0169 0.0536
191 0.0205 0.3081 0.3081 0.3081 0.0136 0.0417
192 0.0184 0.1653 0.6748 0.1307 0.0079 0.0030
193 0.0154 0.0688 0.7876 0.1066 0.0040 0.0174
194 0.0542 0.1593 0.5303 0.0654 0.1569 0.0339
195 0.0302 0.0848 0.7676 0.0931 0.0069 0.0172
196 0.0642 0.1277 0.3696 0.1746 0.0662 0.1978
197 0.0423 0.2323 0.3892 0.1837 0.0999 0.0526
198 0.0268 0.0710 0.8525 0.0253 0.0120 0.0124
199 0.0333 0.1758 0.2517 0.4351 0.0269 0.0774
200 0.0356 0.2847 0.2473 0.3225 0.0208 0.0889
201 0.2549 0.3708 0.1364 0.1385 0.0416 0.0578
202 0.0042 0.1967 0.7305 0.0538 0.0013 0.0134
203 0.0090 0.1981 0.4980 0.1890 0.0047 0.1012
204 0.0051 0.3711 0.2395 0.2472 0.0309 0.1063
205 0.0042 0.4412 0.3489 0.1304 0.0243 0.0511
206 0.0081 0.1743 0.2742 0.4663 0.0205 0.0566
207 0.0069 0.5264 0.4231 0.0400 0.0023 0.0012
208 0.1633 0.0991 0.1633 0.3198 0.0748 0.1794
209 0.0623 0.2314 0.3474 0.2389 0.0585 0.0613
210 0.0688 0.3181 0.3604 0.1411 0.0469 0.0646
211 0.0737 0.1444 0.1853 0.4807 0.0454 0.0704
212 0.0493 0.1146 0.2793 0.4678 0.0422 0.0470
213 0.0388 0.1159 0.4172 0.3352 0.0267 0.0660
214 0.0446 0.1272 0.2913 0.3918 0.0714 0.0736
215 0.0376 0.3401 0.1632 0.1104 0.3296 0.0189
216 0.0231 0.2690 0.1582 0.4873 0.0446 0.0176
217 0.0620 0.0724 0.1737 0.5029 0.0538 0.1353
218 0.0112 0.2225 0.0254 0.5259 0.2026 0.0126
219 0.0110 0.2083 0.0494 0.4272 0.2891 0.0151
220 0.0249 0.3782 0.2639 0.2479 0.0545 0.0305
221 0.0062 0.8164 0.0736 0.0860 0.0115 0.0066
222 0.0019 0.3499 0.0580 0.5767 0.0073 0.0060
223 0.0172 0.5645 0.1069 0.2446 0.0100 0.0568
224 0.0171 0.1266 0.2478 0.4705 0.0135 0.1246
225 0.0031 0.0734 0.0272 0.3499 0.4492 0.0972
226 0.0107 0.5732 0.2505 0.1202 0.0019 0.0435
227 0.0155 0.6152 0.1997 0.1270 0.0070 0.0355
228 0.0192 0.3826 0.2321 0.3123 0.0059 0.0479
229 0.0277 0.1323 0.1621 0.5483 0.0216 0.1080
230 0.0806 0.0793 0.2725 0.4221 0.0700 0.0757
231 0.0227 0.2313 0.3640 0.3237 0.0083 0.0500
232 0.0375 0.1722 0.2976 0.3882 0.0551 0.0493
233 0.0116 0.4763 0.3223 0.0479 0.0078 0.1343
234 0.0168 0.2607 0.4365 0.2488 0.0040 0.0331
235 0.0196 0.3557 0.4939 0.1052 0.0052 0.0204
236 0.0510 0.1475 0.2932 0.3271 0.0290 0.1521
237 0.0640 0.2454 0.2781 0.3625 0.0151 0.0348
238 0.0731 0.4143 0.2891 0.1754 0.0119 0.0362
239 0.0540 0.2169 0.4314 0.1689 0.0919 0.0371
240 0.0441 0.4050 0.2496 0.2345 0.0284 0.0383
241 0.0450 0.1029 0.3271 0.3884 0.0789 0.0577
242 0.0156 0.5669 0.3230 0.0677 0.0142 0.0124
243 0.0205 0.4246 0.3689 0.1400 0.0293 0.0167
244 0.0221 0.4199 0.3647 0.1521 0.0115 0.0297
245 0.0125 0.6914 0.2012 0.0581 0.0196 0.0173
246 0.0118 0.1628 0.6440 0.1603 0.0088 0.0126
247 0.0191 0.2130 0.5107 0.2339 0.0050 0.0182
248 0.0293 0.5747 0.2800 0.0736 0.0226 0.0197
249 0.0255 0.2203 0.4890 0.2170 0.0098 0.0383
250 0.0269 0.1353 0.4104 0.3511 0.0201 0.0564
251 0.0249 0.0392 0.1572 0.7622 0.0066 0.0101
252 0.0648 0.4124 0.1542 0.3262 0.0254 0.0170
253 0.1364 0.4946 0.2264 0.0937 0.0385 0.0103
254 0.0765 0.6353 0.1281 0.1139 0.0358 0.0104
255 0.0325 0.5854 0.1218 0.1731 0.0786 0.0083
256 0.0200 0.6938 0.1560 0.0815 0.0365 0.0123
257 0.0250 0.7368 0.1952 0.0177 0.0222 0.0032
258 0.1556 0.0944 0.0846 0.2773 0.0833 0.3047
