time exciting_prob fearful_prob tense_prob sad_prob relaxing_prob neutral_prob
0 0.1136 0.1553 0.1349 0.1288 0.0181 0.4492
1 0.0778 0.0815 0.0697 0.7266 0.0265 0.0179
2 0.0791 0.0557 0.0251 0.8115 0.0164 0.0120
3 0.1960 0.0310 0.0167 0.7168 0.0251 0.0141
4 0.0818 0.0481 0.1136 0.6851 0.0608 0.0109
5 0.1841 0.1306 0.0727 0.4558 0.1503 0.0067
6 0.0917 0.1674 0.0583 0.5156 0.1622 0.0051
7 0.2045 0.2078 0.1952 0.1891 0.0814 0.1221
8 0.3215 0.3044 0.0880 0.1086 0.0914 0.0859
9 0.2351 0.5425 0.0643 0.0580 0.0146 0.0858
10 0.0572 0.1191 0.0988 0.5776 0.0372 0.1102
11 0.0394 0.4438 0.1711 0.2303 0.0796 0.0356
12 0.1481 0.5210 0.0274 0.0978 0.1527 0.0532
13 0.0494 0.3945 0.0364 0.3594 0.1407 0.0195
14 0.4014 0.1583 0.0407 0.2305 0.1660 0.0033
15 0.5869 0.0654 0.0707 0.1289 0.1450 0.0031
16 0.3569 0.0670 0.0413 0.3352 0.1851 0.0145
17 0.0999 0.5356 0.1476 0.0708 0.1105 0.0356
18 0.0994 0.5850 0.1217 0.0891 0.0919 0.0128
19 0.1137 0.5176 0.1239 0.0604 0.1788 0.0056
20 0.0229 0.6587 0.1219 0.1565 0.0381 0.0018
21 0.0251 0.2234 0.1355 0.5195 0.0737 0.0228
22 0.0530 0.1343 0.0655 0.2712 0.4268 0.0490
23 0.0978 0.6582 0.0484 0.1799 0.0082 0.0077
24 0.1098 0.7505 0.0855 0.0312 0.0159 0.0072
25 0.1260 0.6758 0.0467 0.0648 0.0782 0.0086
26 0.1021 0.1594 0.4612 0.1893 0.0605 0.0275
27 0.1086 0.1847 0.1819 0.4868 0.0229 0.0152
28 0.5664 0.1727 0.0749 0.1700 0.0112 0.0045
29 0.6226 0.2238 0.0940 0.0368 0.0193 0.0035
30 0.4109 0.3225 0.1015 0.1089 0.0479 0.0082
31 0.1615 0.0477 0.0174 0.2041 0.4529 0.1163
32 0.1757 0.4966 0.1826 0.0349 0.0744 0.0360
33 0.3142 0.4907 0.1121 0.0196 0.0521 0.0112
34 0.1615 0.0333 0.0838 0.5547 0.0787 0.0878
35 0.4441 0.0828 0.0337 0.1122 0.2935 0.0337
36 0.2646 0.0235 0.0591 0.3911 0.1630 0.0989
37 0.3794 0.4651 0.0413 0.0945 0.0050 0.0148
38 0.1992 0.1246 0.1901 0.2517 0.1135 0.1208
39 0.5117 0.3079 0.0671 0.0518 0.0476 0.0141
40 0.0793 0.1267 0.3137 0.4636 0.0056 0.0112
41 0.0642 0.3159 0.0799 0.4387 0.0580 0.0431
42 0.0540 0.0876 0.2069 0.5625 0.0715 0.0174
43 0.0314 0.8223 0.0649 0.0624 0.0084 0.0107
44 0.1412 0.5498 0.0488 0.1552 0.0657 0.0392
45 0.1174 0.3345 0.0419 0.2729 0.1967 0.0364
46 0.2306 0.5752 0.0345 0.1072 0.0302 0.0223
47 0.1097 0.4583 0.1272 0.1476 0.1398 0.0176
48 0.1642 0.2563 0.0614 0.0706 0.4326 0.0147
49 0.2107 0.3289 0.0485 0.0769 0.2949 0.0402
50 0.1082 0.2169 0.0368 0.0804 0.5454 0.0125
51 0.0699 0.4116 0.0584 0.2786 0.1255 0.0562
52 0.2058 0.5596 0.0214 0.0256 0.1831 0.0046
53 0.0549 0.3579 0.1256 0.4524 0.0086 0.0007
54 0.2932 0.4333 0.0214 0.0801 0.0713 0.1005
55 0.3796 0.3679 0.0250 0.0692 0.1088 0.0494
56 0.2278 0.1775 0.0613 0.4531 0.0270 0.0533
57 0.0456 0.3398 0.0914 0.5103 0.0125 0.0006
58 0.2676 0.1500 0.0267 0.4480 0.0365 0.0714
59 0.1411 0.6475 0.0523 0.0621 0.0836 0.0133
60 0.0895 0.5234 0.0420 0.2551 0.0660 0.0239
61 0.0475 0.8618 0.0403 0.0295 0.0087 0.0122
62 0.1359 0.4387 0.0247 0.3062 0.0392 0.0553
63 0.0971 0.4526 0.0905 0.0877 0.0864 0.1857
64 0.0244 0.2385 0.0540 0.6689 0.0035 0.0108
65 0.0400 0.9106 0.0271 0.0214 0.0008 0.0003
66 0.0748 0.7324 0.1355 0.0423 0.0099 0.0051
67 0.0918 0.4246 0.1549 0.1715 0.0985 0.0588
68 0.1162 0.1829 0.1915 0.2876 0.2205 0.0013
69 0.0248 0.7593 0.1299 0.0752 0.0078 0.0027
70 0.1096 0.1013 0.2015 0.4402 0.0685 0.0789
71 0.1735 0.1681 0.0973 0.4790 0.0231 0.0590
72 0.0037 0.0406 0.0138 0.9380 0.0020 0.0019
73 0.0446 0.0784 0.1376 0.6362 0.0703 0.0332
74 0.0353 0.2450 0.3296 0.1251 0.2568 0.0081
75 0.2625 0.2952 0.0555 0.2861 0.0318 0.0690
76 0.2747 0.2705 0.0717 0.3213 0.0188 0.0431
77 0.1836 0.2097 0.0640 0.4236 0.0591 0.0601
78 0.2386 0.0320 0.0516 0.6191 0.0512 0.0073
79 0.2332 0.5337 0.0576 0.0541 0.0806 0.0408
80 0.0779 0.6997 0.0398 0.0918 0.0602 0.0305
81 0.4209 0.2593 0.0236 0.2253 0.0362 0.0345
82 0.2202 0.1216 0.0296 0.4961 0.0200 0.1125
83 0.1439 0.2751 0.1028 0.3704 0.0443 0.0634
84 0.1841 0.3689 0.1456 0.2457 0.0404 0.0151
85 0.0267 0.0218 0.0293 0.8569 0.0447 0.0208
86 0.1622 0.0440 0.0552 0.4622 0.1810 0.0954
87 0.0953 0.1925 0.1132 0.5571 0.0394 0.0028
88 0.2375 0.3049 0.2163 0.1793 0.0582 0.0037
89 0.0578 0.4043 0.1030 0.1808 0.2268 0.0273
90 0.0460 0.5063 0.0649 0.2588 0.1037 0.0201
91 0.0516 0.3726 0.1172 0.3611 0.0878 0.0099
92 0.0365 0.3926 0.2615 0.2238 0.0836 0.0019
93 0.1127 0.7642 0.0812 0.0268 0.0122 0.0033
94 0.0947 0.7334 0.1235 0.0206 0.0232 0.0046
95 0.0457 0.7432 0.0874 0.0439 0.0742 0.0056
96 0.5942 0.2439 0.0078 0.0948 0.0158 0.0434
97 0.3350 0.2432 0.0254 0.2321 0.0155 0.1487
98 0.4038 0.1908 0.0316 0.2649 0.0397 0.0691
99 0.0173 0.8413 0.0529 0.0859 0.0022 0.0002
100 0.2103 0.2966 0.1857 0.2659 0.0301 0.0113
101 0.1375 0.1879 0.3916 0.2529 0.0176 0.0125
102 0.2683 0.1084 0.1760 0.4158 0.0132 0.0184
103 0.1255 0.1295 0.1943 0.5044 0.0287 0.0178
104 0.0426 0.1055 0.0514 0.7554 0.0300 0.0153
105 0.1150 0.0676 0.0815 0.6265 0.0277 0.0815
106 0.1333 0.1910 0.0790 0.4512 0.0241 0.1214
107 0.0978 0.7168 0.1117 0.0315 0.0310 0.0110
108 0.4910 0.4199 0.0376 0.0134 0.0342 0.0041
109 0.1227 0.2056 0.1348 0.4705 0.0123 0.0540
110 0.1378 0.3386 0.0947 0.2438 0.1526 0.0325
111 0.1863 0.4946 0.1332 0.1121 0.0629 0.0108
112 0.1304 0.3079 0.1224 0.0953 0.3079 0.0362
113 0.0806 0.1248 0.1732 0.2642 0.3555 0.0019
114 0.1672 0.0687 0.0255 0.7153 0.0195 0.0037
115 0.0581 0.5264 0.3506 0.0297 0.0242 0.0109
116 0.0912 0.2328 0.4702 0.1434 0.0151 0.0473
117 0.1427 0.1279 0.2245 0.3879 0.0801 0.0369
118 0.0835 0.1177 0.1796 0.4658 0.1039 0.0495
119 0.1501 0.7104 0.0797 0.0223 0.0059 0.0315
120 0.1338 0.1614 0.2040 0.4185 0.0473 0.0352
121 0.1865 0.2549 0.1672 0.1559 0.0032 0.2322
122 0.1300 0.1260 0.2109 0.3372 0.0155 0.1804
123 0.1918 0.1802 0.0500 0.3113 0.2622 0.0043
124 0.1113 0.5146 0.0718 0.1261 0.1724 0.0036
125 0.1317 0.4595 0.1469 0.1296 0.0948 0.0374
126 0.1178 0.3984 0.2067 0.2167 0.0535 0.0070
127 0.0197 0.1769 0.0565 0.2961 0.4312 0.0195
128 0.2323 0.2341 0.1215 0.2341 0.1304 0.0476
129 0.1074 0.1057 0.2576 0.3413 0.0662 0.1217
130 0.2191 0.5337 0.0316 0.1554 0.0363 0.0238
131 0.0982 0.1406 0.2112 0.4009 0.0510 0.0982
132 0.2377 0.0630 0.0771 0.5029 0.0136 0.1055
133 0.1022 0.1511 0.2491 0.2913 0.0903 0.1159
134 0.1213 0.5923 0.1157 0.1451 0.0248 0.0009
135 0.1309 0.6753 0.1372 0.0435 0.0125 0.0008
136 0.1471 0.1802 0.3315 0.0525 0.2581 0.0306
137 0.0421 0.0799 0.1447 0.6187 0.0877 0.0272
138 0.0294 0.3040 0.3391 0.2367 0.0884 0.0023
139 0.1108 0.1514 0.2576 0.3989 0.0225 0.0588
140 0.1089 0.2133 0.3354 0.2654 0.0407 0.0365
141 0.0835 0.1838 0.3542 0.1399 0.2252 0.0133
142 0.0308 0.4900 0.3877 0.0585 0.0262 0.0068
143 0.2727 0.2042 0.0980 0.1288 0.0129 0.2834
144 0.0573 0.1095 0.3765 0.2754 0.1544 0.0271
145 0.0266 0.3296 0.5693 0.0460 0.0116 0.0168
146 0.1144 0.0762 0.2539 0.2876 0.2499 0.0181
147 0.1290 0.1605 0.3293 0.3242 0.0493 0.0074
148 0.0865 0.2793 0.1183 0.3069 0.1891 0.0198
149 0.1001 0.0843 0.4348 0.2808 0.0598 0.0404
150 0.1686 0.1396 0.1292 0.4304 0.0784 0.0539
151 0.0773 0.0454 0.4590 0.3254 0.0247 0.0682
152 0.0929 0.4536 0.3762 0.0329 0.0384 0.0060
153 0.2268 0.2549 0.2571 0.0660 0.1659 0.0293
154 0.1683 0.1121 0.2527 0.3145 0.1322 0.0201
155 0.1061 0.1279 0.3071 0.3218 0.0169 0.1202
156 0.0584 0.4521 0.3748 0.0294 0.0767 0.0085
157 0.0660 0.2529 0.4106 0.2568 0.0108 0.0027
158 0.1078 0.1222 0.1779 0.4612 0.0644 0.0665
159 0.0620 0.3049 0.0439 0.3564 0.1724 0.0605
160 0.4031 0.0858 0.0618 0.3394 0.0599 0.0500
161 0.2220 0.0985 0.0883 0.4849 0.0856 0.0206
162 0.1453 0.5234 0.1262 0.1547 0.0426 0.0079
163 0.0312 0.3809 0.2659 0.1357 0.1855 0.0007
164 0.1592 0.0740 0.1617 0.3215 0.0623 0.2211
165 0.0669 0.2688 0.0586 0.2299 0.3733 0.0026
166 0.0756 0.0527 0.1326 0.5581 0.1152 0.0656
167 0.1595 0.2981 0.2147 0.2715 0.0345 0.0218
168 0.1364 0.1835 0.0937 0.3706 0.1710 0.0450
169 0.0257 0.3235 0.0270 0.6040 0.0033 0.0164
170 0.0666 0.2360 0.4341 0.2473 0.0060 0.0100
171 0.2925 0.1844 0.0202 0.1948 0.1934 0.1146
172 0.1306 0.5854 0.0786 0.0927 0.0184 0.0941
173 0.3977 0.0578 0.0228 0.4370 0.0453 0.0394
174 0.5093 0.0618 0.0122 0.2622 0.0176 0.1371
175 0.3171 0.0364 0.0216 0.4402 0.0416 0.1429
176 0.0471 0.5146 0.0742 0.3594 0.0030 0.0013
177 0.0891 0.5049 0.1516 0.2347 0.0148 0.0050
178 0.0925 0.5986 0.1514 0.1274 0.0229 0.0071
179 0.0765 0.6460 0.0983 0.1583 0.0178 0.0032
180 0.1934 0.0347 0.0172 0.6143 0.0757 0.0648
181 0.1345 0.1500 0.0457 0.6025 0.0261 0.0410
182 0.1588 0.0584 0.0775 0.5210 0.0441 0.1403
183 0.2800 0.1865 0.0275 0.0771 0.0053 0.4236
184 0.2651 0.1547 0.0128 0.1595 0.0193 0.3887
185 0.1503 0.0458 0.0243 0.2401 0.0191 0.5205
186 0.0620 0.0407 0.0337 0.1823 0.0742 0.6069
187 0.0681 0.2651 0.1487 0.3918 0.0670 0.0592
188 0.3591 0.3169 0.1321 0.0795 0.1087 0.0036
189 0.0745 0.0870 0.5947 0.1626 0.0589 0.0222
190 0.1178 0.5488 0.1334 0.1294 0.0241 0.0465
191 0.5566 0.1671 0.0983 0.0916 0.0821 0.0041
192 0.1440 0.5518 0.2566 0.0309 0.0159 0.0005
193 0.1299 0.1165 0.2708 0.4260 0.0350 0.0220
194 0.1874 0.3162 0.0885 0.1328 0.0209 0.2542
195 0.0622 0.1469 0.0298 0.1664 0.0140 0.5806
196 0.1237 0.1993 0.0411 0.2600 0.0315 0.3442
197 0.1147 0.0396 0.0740 0.5732 0.1221 0.0764
198 0.1777 0.1791 0.2908 0.1473 0.1631 0.0419
199 0.1283 0.6172 0.1254 0.1023 0.0136 0.0134
200 0.0500 0.1448 0.3696 0.3638 0.0541 0.0178
201 0.1737 0.0938 0.0413 0.5269 0.0691 0.0952
202 0.0470 0.1238 0.2173 0.5635 0.0222 0.0264
203 0.1370 0.0812 0.0488 0.1392 0.0261 0.5679
204 0.1633 0.4951 0.0645 0.0670 0.0116 0.1985
205 0.0903 0.2067 0.0561 0.2759 0.0167 0.3542
206 0.0361 0.0494 0.0282 0.5923 0.0226 0.2712
207 0.0274 0.0744 0.0197 0.7397 0.0103 0.1285
208 0.0720 0.1367 0.3228 0.3435 0.0249 0.1000
209 0.1372 0.3877 0.1201 0.2227 0.0111 0.1211
210 0.1138 0.6353 0.0334 0.0729 0.0064 0.1384
211 0.1388 0.5801 0.1388 0.0548 0.0054 0.0823
212 0.0529 0.2524 0.0486 0.3242 0.0171 0.3047
213 0.0873 0.4229 0.0609 0.3345 0.0137 0.0807
214 0.1067 0.6743 0.0149 0.1267 0.0057 0.0717
215 0.0320 0.6938 0.1597 0.0969 0.0142 0.0036
216 0.1572 0.0882 0.1168 0.5659 0.0510 0.0206
217 0.0593 0.1625 0.0786 0.2637 0.0523 0.3838
218 0.1233 0.1312 0.0317 0.4304 0.2415 0.0420
219 0.1501 0.0535 0.0507 0.5664 0.0760 0.1031
220 0.0483 0.1407 0.0385 0.4270 0.0945 0.2510
221 0.0382 0.2800 0.0443 0.2632 0.0809 0.2935
222 0.1141 0.3303 0.3303 0.1912 0.0271 0.0069
223 0.2173 0.2747 0.1774 0.2705 0.0481 0.0120
224 0.1552 0.2155 0.1602 0.4353 0.0278 0.0063
225 0.2074 0.3936 0.1888 0.1666 0.0381 0.0056
226 0.1934 0.1085 0.1934 0.3188 0.0723 0.1137
227 0.1978 0.1162 0.1978 0.2969 0.0716 0.1199
228 0.1887 0.2139 0.1403 0.2539 0.0441 0.1589
