time exciting_prob fearful_prob tense_prob sad_prob relaxing_prob neutral_prob
0 0.3030 0.0206 0.0552 0.5571 0.0210 0.0430
1 0.1608 0.0681 0.0930 0.5352 0.0136 0.1292
2 0.0884 0.2993 0.2330 0.2480 0.0210 0.1101
3 0.1603 0.3613 0.3728 0.0899 0.0028 0.0131
4 0.3171 0.2432 0.2284 0.1646 0.0097 0.0370
5 0.0439 0.0433 0.0309 0.8555 0.0189 0.0075
6 0.0605 0.0364 0.0273 0.8486 0.0201 0.0071
7 0.0589 0.0684 0.0383 0.8071 0.0229 0.0044
8 0.0662 0.0598 0.0363 0.7998 0.0312 0.0069
9 0.1853 0.2397 0.0616 0.3279 0.0423 0.1432
10 0.2834 0.5054 0.0728 0.0599 0.0438 0.0349
11 0.0551 0.0361 0.0471 0.8228 0.0329 0.0061
12 0.2327 0.2942 0.1025 0.2988 0.0349 0.0371
13 0.1569 0.3269 0.1428 0.2487 0.0638 0.0609
14 0.3259 0.0891 0.0750 0.4526 0.0516 0.0058
15 0.0266 0.0545 0.2903 0.4158 0.1460 0.0668
16 0.0276 0.0695 0.0965 0.6392 0.0935 0.0740
17 0.0275 0.4011 0.0778 0.4011 0.0578 0.0345
18 0.0504 0.0927 0.2639 0.5010 0.0311 0.0608
19 0.0249 0.1454 0.2358 0.4692 0.0923 0.0324
20 0.0218 0.1912 0.2379 0.4309 0.0835 0.0348
21 0.2974 0.1155 0.4128 0.1372 0.0055 0.0313
22 0.3770 0.1272 0.3125 0.1571 0.0070 0.0195
23 0.0171 0.0848 0.2695 0.4512 0.0703 0.1072
24 0.0240 0.0884 0.2122 0.5171 0.0627 0.0956
25 0.0715 0.1124 0.0414 0.5801 0.0548 0.1399
26 0.1019 0.1963 0.0618 0.3843 0.0769 0.1787
27 0.0778 0.2147 0.2433 0.4075 0.0159 0.0410
28 0.1836 0.0983 0.1096 0.3828 0.0828 0.1429
29 0.1326 0.0437 0.7280 0.0869 0.0078 0.0011
30 0.2896 0.1049 0.1840 0.4082 0.0122 0.0012
31 0.0581 0.0581 0.4944 0.3733 0.0063 0.0097
32 0.1620 0.0675 0.0730 0.5146 0.0624 0.1204
33 0.1638 0.0333 0.3257 0.3308 0.0652 0.0811
34 0.1302 0.0337 0.2396 0.4338 0.1063 0.0560
35 0.1425 0.1993 0.3499 0.1307 0.0512 0.1267
36 0.0792 0.1526 0.0540 0.3774 0.0732 0.2637
37 0.0346 0.1991 0.1368 0.6040 0.0227 0.0028
38 0.0341 0.1902 0.2330 0.4707 0.0301 0.0418
39 0.0584 0.1033 0.2678 0.5005 0.0540 0.0160
40 0.0590 0.0292 0.0210 0.8267 0.0452 0.0191
41 0.2866 0.0317 0.2491 0.3459 0.0490 0.0376
42 0.1444 0.1586 0.1335 0.3357 0.0693 0.1586
43 0.2213 0.1013 0.2284 0.3945 0.0088 0.0457
44 0.0318 0.3286 0.1553 0.3782 0.0392 0.0668
45 0.1787 0.0325 0.2295 0.3904 0.1118 0.0571
46 0.2345 0.0322 0.1024 0.4963 0.0383 0.0963
47 0.0571 0.0306 0.0234 0.8267 0.0481 0.0143
48 0.0527 0.0553 0.0271 0.7871 0.0444 0.0333
49 0.0684 0.0268 0.0260 0.7949 0.0541 0.0299
50 0.1433 0.4082 0.1898 0.1974 0.0535 0.0080
51 0.1481 0.3469 0.2008 0.2402 0.0566 0.0074
52 0.1694 0.5864 0.0428 0.1173 0.0467 0.0372
53 0.1526 0.6133 0.0488 0.1337 0.0346 0.0171
54 0.1197 0.6519 0.0359 0.1089 0.0737 0.0097
55 0.1964 0.0246 0.1934 0.4639 0.1003 0.0214
56 0.1979 0.0800 0.1076 0.5215 0.0763 0.0170
57 0.1577 0.2260 0.2683 0.3186 0.0238 0.0058
58 0.2101 0.2615 0.2236 0.2827 0.0206 0.0015
59 0.1409 0.1896 0.0953 0.3713 0.0896 0.1132
60 0.1580 0.2029 0.0894 0.2952 0.1061 0.1484
61 0.1890 0.2793 0.3020 0.2043 0.0214 0.0038
62 0.1552 0.1843 0.1871 0.3286 0.0431 0.1017
63 0.0474 0.1249 0.5771 0.2191 0.0099 0.0214
64 0.0510 0.0635 0.1572 0.7046 0.0064 0.0174
65 0.0232 0.0515 0.2537 0.6182 0.0081 0.0455
66 0.0428 0.1996 0.3291 0.3787 0.0292 0.0206
67 0.1260 0.1044 0.2751 0.4197 0.0551 0.0196
68 0.0706 0.2208 0.2278 0.4390 0.0133 0.0285
69 0.2045 0.5020 0.0361 0.1804 0.0425 0.0344
70 0.0403 0.0943 0.3164 0.3818 0.0628 0.1044
71 0.0641 0.0933 0.3691 0.2239 0.0427 0.2070
72 0.1342 0.0840 0.4756 0.2391 0.0286 0.0385
73 0.1636 0.1056 0.5195 0.1882 0.0172 0.0057
74 0.3271 0.1475 0.1131 0.1924 0.0724 0.1475
75 0.0565 0.0395 0.2272 0.6372 0.0115 0.0284
76 0.0378 0.1222 0.1805 0.6401 0.0040 0.0154
77 0.0405 0.2223 0.1190 0.5767 0.0124 0.0292
78 0.0252 0.1985 0.1364 0.6016 0.0097 0.0286
79 0.2321 0.0730 0.3376 0.2842 0.0309 0.0422
80 0.0138 0.2998 0.1722 0.0974 0.4099 0.0069
81 0.0656 0.1809 0.1273 0.5156 0.0170 0.0939
82 0.0345 0.0501 0.2795 0.4829 0.0435 0.1094
83 0.0526 0.3320 0.0814 0.5146 0.0032 0.0163
84 0.0331 0.0132 0.0176 0.1221 0.0419 0.7720
85 0.1176 0.4504 0.0268 0.3145 0.0490 0.0416
86 0.1964 0.4126 0.0294 0.1591 0.1350 0.0674
87 0.2500 0.0652 0.2277 0.2106 0.1425 0.1042
88 0.1046 0.0379 0.0860 0.2247 0.1203 0.4265
89 0.0947 0.1107 0.2236 0.2915 0.2134 0.0661
90 0.2610 0.0111 0.2610 0.4043 0.0171 0.0453
91 0.0626 0.4661 0.2615 0.1974 0.0098 0.0026
92 0.0556 0.1597 0.2148 0.4409 0.0743 0.0547
93 0.0775 0.1043 0.1361 0.4749 0.0456 0.1616
94 0.2378 0.1687 0.1560 0.2416 0.0495 0.1465
95 0.0318 0.0466 0.0941 0.8135 0.0085 0.0057
96 0.1439 0.0358 0.1967 0.6060 0.0097 0.0079
97 0.0831 0.1100 0.3337 0.4219 0.0257 0.0253
98 0.0726 0.2964 0.5122 0.0992 0.0159 0.0038
99 0.0284 0.1311 0.2776 0.5435 0.0138 0.0053
100 0.0135 0.0671 0.6777 0.2166 0.0013 0.0239
101 0.0176 0.2634 0.1031 0.5845 0.0041 0.0273
102 0.1163 0.3088 0.2332 0.2947 0.0360 0.0108
103 0.1083 0.5459 0.0812 0.2155 0.0333 0.0156
104 0.1519 0.1519 0.4192 0.2622 0.0120 0.0030
105 0.0156 0.1016 0.7168 0.1265 0.0045 0.0351
106 0.2374 0.0713 0.1271 0.3049 0.1037 0.1556
107 0.0028 0.2930 0.0577 0.6396 0.0007 0.0063
108 0.0868 0.1941 0.4109 0.2341 0.0170 0.0569
109 0.0981 0.1259 0.2544 0.3879 0.0643 0.0695
110 0.0645 0.1780 0.3027 0.4204 0.0209 0.0133
111 0.0640 0.3301 0.1442 0.4509 0.0068 0.0040
112 0.0544 0.0657 0.1626 0.6631 0.0417 0.0123
113 0.0420 0.1007 0.2341 0.5977 0.0136 0.0118
114 0.0178 0.0917 0.2065 0.6362 0.0096 0.0382
115 0.0334 0.1520 0.1520 0.6108 0.0319 0.0199
116 0.1025 0.0603 0.1180 0.5991 0.0811 0.0389
117 0.0887 0.1807 0.2319 0.4199 0.0629 0.0158
118 0.0469 0.0798 0.4182 0.4119 0.0072 0.0360
119 0.1136 0.0392 0.1349 0.5952 0.0987 0.0185
120 0.1178 0.0282 0.0903 0.6470 0.0977 0.0191
121 0.2546 0.0674 0.1805 0.4004 0.0568 0.0403
122 0.2290 0.0970 0.1326 0.4924 0.0241 0.0249
123 0.1987 0.1500 0.0645 0.3831 0.0465 0.1572
124 0.0107 0.0415 0.0541 0.8867 0.0023 0.0047
125 0.0810 0.4146 0.0792 0.3230 0.0351 0.0671
126 0.0308 0.0176 0.2749 0.5820 0.0344 0.0604
127 0.0687 0.0656 0.1205 0.7158 0.0214 0.0082
128 0.0861 0.0991 0.3003 0.3979 0.0359 0.0808
129 0.1124 0.0395 0.2068 0.5283 0.0947 0.0184
130 0.0980 0.0632 0.2350 0.4900 0.0980 0.0159
131 0.0794 0.2465 0.5303 0.0907 0.0493 0.0040
132 0.1558 0.0167 0.1606 0.2957 0.3564 0.0148
133 0.1675 0.0191 0.3032 0.2939 0.1927 0.0234
134 0.0480 0.0883 0.4275 0.3955 0.0310 0.0098
135 0.2366 0.1317 0.1664 0.4419 0.0177 0.0057
136 0.1277 0.0500 0.2971 0.5054 0.0135 0.0065
137 0.0357 0.2478 0.3232 0.3606 0.0112 0.0215
138 0.0836 0.1134 0.1676 0.6133 0.0158 0.0063
139 0.0670 0.1685 0.7095 0.0468 0.0036 0.0049
140 0.0840 0.1262 0.0464 0.5654 0.0731 0.1046
141 0.0478 0.0674 0.1862 0.6299 0.0390 0.0299
142 0.4307 0.0602 0.2269 0.2654 0.0102 0.0067
143 0.0084 0.1736 0.1605 0.6152 0.0056 0.0364
144 0.0222 0.0128 0.0222 0.8076 0.0276 0.1076
145 0.0494 0.5479 0.0923 0.2756 0.0186 0.0160
146 0.5293 0.0837 0.1257 0.1830 0.0415 0.0366
147 0.0819 0.3394 0.2059 0.3447 0.0135 0.0146
148 0.0283 0.0986 0.4026 0.3086 0.1552 0.0069
149 0.1232 0.3401 0.2162 0.3000 0.0160 0.0044
150 0.0399 0.0374 0.2479 0.6431 0.0054 0.0263
151 0.0595 0.3645 0.3762 0.1805 0.0155 0.0037
152 0.0453 0.2321 0.4473 0.2284 0.0252 0.0217
153 0.1595 0.1547 0.1214 0.4338 0.1088 0.0216
154 0.1482 0.0844 0.2156 0.2947 0.2156 0.0418
155 0.1932 0.1370 0.1787 0.2330 0.0213 0.2367
156 0.1055 0.0317 0.0592 0.6670 0.1215 0.0151
157 0.1517 0.0590 0.2502 0.3936 0.1076 0.0378
158 0.1073 0.1444 0.4961 0.1315 0.0289 0.0918
159 0.2756 0.3274 0.1168 0.1595 0.0183 0.1022
160 0.2827 0.0574 0.2698 0.3303 0.0552 0.0046
161 0.1284 0.1255 0.4414 0.2656 0.0354 0.0037
162 0.1031 0.0518 0.2083 0.5405 0.0561 0.0404
163 0.0464 0.0479 0.2844 0.5068 0.0208 0.0938
164 0.0601 0.0809 0.4172 0.3918 0.0124 0.0376
165 0.1749 0.0378 0.0865 0.6104 0.0776 0.0128
166 0.3169 0.0776 0.2795 0.1682 0.1450 0.0126
167 0.0300 0.0856 0.1624 0.6523 0.0200 0.0495
168 0.1384 0.1544 0.0600 0.5830 0.0486 0.0158
169 0.0934 0.1109 0.3389 0.3723 0.0066 0.0780
170 0.0862 0.0602 0.1942 0.3628 0.2739 0.0228
171 0.1118 0.0278 0.2944 0.5332 0.0205 0.0123
172 0.3772 0.0969 0.1293 0.2183 0.0397 0.1387
173 0.0760 0.1780 0.3430 0.2888 0.0273 0.0867
174 0.1575 0.1456 0.0955 0.3899 0.0768 0.1348
175 0.0249 0.0091 0.3870 0.5718 0.0044 0.0030
176 0.0559 0.1299 0.4463 0.3423 0.0024 0.0233
177 0.0401 0.2200 0.5361 0.1881 0.0049 0.0108
178 0.0306 0.1628 0.6963 0.0886 0.0019 0.0196
179 0.1556 0.0853 0.2126 0.4573 0.0701 0.0190
180 0.0263 0.0803 0.3328 0.5151 0.0232 0.0223
181 0.0405 0.2561 0.2444 0.4092 0.0131 0.0369
182 0.0743 0.2634 0.4922 0.0519 0.1133 0.0046
183 0.1744 0.0333 0.1664 0.5288 0.0632 0.0338
184 0.0701 0.0712 0.2264 0.5874 0.0283 0.0167
185 0.0331 0.1733 0.3140 0.4639 0.0099 0.0057
186 0.0978 0.0360 0.1469 0.6792 0.0244 0.0156
187 0.0615 0.0551 0.2113 0.5923 0.0219 0.0577
188 0.0629 0.4072 0.1429 0.3706 0.0099 0.0065
189 0.1573 0.0345 0.1284 0.6421 0.0320 0.0058
190 0.0205 0.1339 0.3813 0.4460 0.0157 0.0024
191 0.0620 0.1440 0.3564 0.3977 0.0209 0.0190
192 0.0177 0.0598 0.1389 0.7749 0.0056 0.0030
193 0.1115 0.1243 0.3030 0.3599 0.0417 0.0597
194 0.1002 0.1049 0.0466 0.6328 0.0257 0.0898
195 0.0420 0.2437 0.4624 0.1838 0.0535 0.0146
196 0.1137 0.0209 0.1210 0.6646 0.0701 0.0096
197 0.1324 0.0499 0.1636 0.5361 0.0889 0.0291
198 0.0331 0.0266 0.0679 0.7896 0.0114 0.0712
199 0.0186 0.0467 0.1415 0.7075 0.0497 0.0363
200 0.0235 0.0633 0.1748 0.6294 0.0717 0.0375
201 0.0563 0.8345 0.0577 0.0170 0.0242 0.0103
202 0.2490 0.1333 0.0578 0.4404 0.0382 0.0815
203 0.3206 0.1798 0.3865 0.0869 0.0070 0.0192
204 0.1261 0.0321 0.1029 0.6206 0.0922 0.0262
205 0.2020 0.0552 0.1783 0.4277 0.1169 0.0195
206 0.1053 0.1737 0.0443 0.4299 0.1157 0.1311
207 0.1003 0.1995 0.0663 0.3186 0.1309 0.1844
208 0.0825 0.0325 0.3018 0.4746 0.0485 0.0603
209 0.0506 0.0692 0.2957 0.4954 0.0337 0.0556
210 0.0476 0.0650 0.2825 0.4307 0.1196 0.0547
211 0.3000 0.1486 0.1710 0.1820 0.0542 0.1440
212 0.1627 0.1993 0.1118 0.2367 0.0806 0.2089
213 0.0345 0.1489 0.5894 0.1742 0.0385 0.0146
214 0.1361 0.1011 0.0839 0.5298 0.1027 0.0463
215 0.0775 0.1493 0.3997 0.2969 0.0520 0.0247
216 0.0845 0.2502 0.5381 0.0788 0.0418 0.0063
217 0.0861 0.0245 0.1038 0.7432 0.0332 0.0093
218 0.0606 0.0166 0.0709 0.8110 0.0305 0.0105
219 0.0539 0.0354 0.1254 0.7329 0.0420 0.0105
220 0.1122 0.0771 0.2129 0.5186 0.0620 0.0172
221 0.6675 0.1561 0.0666 0.1056 0.0021 0.0021
222 0.4705 0.0492 0.2639 0.1962 0.0098 0.0104
223 0.4685 0.0922 0.1923 0.2356 0.0035 0.0079
224 0.0549 0.0652 0.0289 0.8071 0.0215 0.0222
225 0.0620 0.5361 0.1344 0.2454 0.0182 0.0040
226 0.0524 0.5903 0.1050 0.2311 0.0196 0.0018
227 0.0801 0.4070 0.1417 0.3323 0.0319 0.0069
228 0.1105 0.2048 0.3484 0.2214 0.0874 0.0275
229 0.1482 0.3667 0.1887 0.1772 0.0751 0.0441
230 0.0876 0.0289 0.0993 0.7002 0.0087 0.0755
231 0.1871 0.0242 0.0830 0.6040 0.0092 0.0926
