time exciting_prob fearful_prob tense_prob sad_prob relaxing_prob neutral_prob
0 0.1442 0.4548 0.3076 0.0483 0.0284 0.0167
1 0.2312 0.3064 0.2404 0.0414 0.1627 0.0180
2 0.2189 0.3694 0.1731 0.0492 0.1718 0.0177
3 0.2129 0.5269 0.2162 0.0127 0.0302 0.0012
4 0.3008 0.3203 0.1661 0.1882 0.0128 0.0118
5 0.6216 0.0168 0.0368 0.2717 0.0440 0.0091
6 0.8110 0.0247 0.0194 0.0924 0.0487 0.0039
7 0.4741 0.0427 0.0249 0.4119 0.0389 0.0076
8 0.0330 0.0162 0.0739 0.0240 0.8193 0.0336
9 0.0193 0.0080 0.0371 0.0145 0.9136 0.0077
10 0.0149 0.1653 0.5508 0.0800 0.0132 0.1760
11 0.0238 0.1389 0.3257 0.1515 0.0135 0.3467
12 0.1223 0.2017 0.4336 0.1865 0.0471 0.0088
13 0.1215 0.2612 0.3252 0.2455 0.0395 0.0072
14 0.1635 0.4241 0.0862 0.0790 0.1700 0.0772
15 0.0939 0.2084 0.3081 0.2849 0.0561 0.0487
16 0.1785 0.4182 0.2876 0.0762 0.0377 0.0017
17 0.4285 0.1931 0.2966 0.0424 0.0386 0.0007
18 0.3745 0.1188 0.3306 0.1388 0.0365 0.0010
19 0.1458 0.1539 0.4250 0.2275 0.0445 0.0033
20 0.3140 0.1693 0.3816 0.1173 0.0137 0.0042
21 0.3325 0.1534 0.1396 0.1633 0.1595 0.0518
22 0.3813 0.2041 0.1210 0.2106 0.0528 0.0301
23 0.1619 0.1722 0.2195 0.2246 0.1937 0.0281
24 0.1886 0.0891 0.3416 0.2922 0.0864 0.0022
25 0.1627 0.1932 0.3784 0.2224 0.0366 0.0066
26 0.1143 0.3411 0.2186 0.1346 0.0761 0.1152
27 0.0728 0.3340 0.3367 0.1146 0.0493 0.0928
28 0.3391 0.1154 0.1154 0.1181 0.2812 0.0308
29 0.1537 0.4807 0.1648 0.0427 0.1151 0.0430
30 0.1726 0.3005 0.0854 0.0329 0.3828 0.0257
31 0.2800 0.1243 0.3484 0.1780 0.0686 0.0008
32 0.1023 0.2593 0.2695 0.2378 0.0436 0.0875
33 0.1920 0.2974 0.2211 0.1655 0.0425 0.0813
34 0.3752 0.2810 0.0831 0.0684 0.1470 0.0452
35 0.3098 0.2197 0.1354 0.0620 0.2693 0.0037
36 0.3420 0.1519 0.1220 0.2971 0.0832 0.0037
37 0.2827 0.4626 0.1099 0.0444 0.0897 0.0107
38 0.4250 0.1247 0.1886 0.2422 0.0151 0.0043
39 0.2322 0.2610 0.0650 0.1823 0.2340 0.0255
40 0.1425 0.2423 0.3994 0.1887 0.0173 0.0097
41 0.1857 0.1915 0.2988 0.2039 0.1017 0.0184
42 0.1602 0.3813 0.3364 0.0781 0.0344 0.0095
43 0.2081 0.2568 0.0847 0.1302 0.1725 0.1476
44 0.4836 0.2214 0.0400 0.0394 0.2032 0.0121
45 0.0870 0.2556 0.2942 0.0941 0.2439 0.0251
46 0.0719 0.1970 0.2734 0.1442 0.2822 0.0312
47 0.3279 0.2151 0.2219 0.0836 0.1455 0.0061
48 0.1971 0.2416 0.3682 0.0498 0.1355 0.0078
49 0.2489 0.3428 0.2568 0.0691 0.0691 0.0132
50 0.1081 0.3435 0.1206 0.2253 0.1008 0.1016
51 0.0818 0.2368 0.2925 0.1705 0.1278 0.0906
52 0.0944 0.4263 0.2062 0.1497 0.0859 0.0375
53 0.2118 0.4243 0.1099 0.0583 0.1884 0.0073
54 0.1525 0.4768 0.1912 0.0141 0.1648 0.0006
55 0.2311 0.1946 0.1199 0.3870 0.0405 0.0270
56 0.2208 0.2561 0.0812 0.1043 0.1831 0.1542
57 0.0122 0.1281 0.7485 0.0196 0.0293 0.0624
58 0.1290 0.0555 0.0724 0.5186 0.0591 0.1656
59 0.1942 0.1987 0.1500 0.1432 0.2532 0.0606
60 0.2258 0.3364 0.1963 0.0585 0.1678 0.0151
61 0.2092 0.4678 0.0712 0.1164 0.1329 0.0026
62 0.1327 0.2966 0.2402 0.1306 0.1771 0.0225
63 0.0752 0.3164 0.3369 0.1890 0.0595 0.0229
64 0.1592 0.1004 0.0555 0.3342 0.1890 0.1616
65 0.0645 0.2532 0.0510 0.0125 0.6118 0.0067
66 0.1421 0.1235 0.0947 0.1335 0.4587 0.0476
67 0.1309 0.6489 0.1517 0.0378 0.0285 0.0019
68 0.2040 0.1691 0.1887 0.3210 0.1162 0.0010
69 0.1117 0.1199 0.0232 0.0830 0.6133 0.0488
70 0.1014 0.2888 0.2321 0.2338 0.1096 0.0345
71 0.1606 0.1908 0.0413 0.3855 0.1005 0.1213
72 0.1774 0.3289 0.0745 0.0381 0.3755 0.0056
73 0.1736 0.2776 0.1451 0.1697 0.0989 0.1353
74 0.2305 0.1647 0.2018 0.2454 0.1063 0.0514
75 0.1193 0.4431 0.0908 0.2751 0.0581 0.0136
76 0.0555 0.5654 0.1953 0.1311 0.0376 0.0151
77 0.2153 0.1317 0.0632 0.2188 0.1434 0.2275
78 0.1045 0.3169 0.1121 0.2820 0.1764 0.0081
79 0.1247 0.1887 0.0920 0.3364 0.1516 0.1067
80 0.1125 0.1636 0.2739 0.1611 0.2656 0.0232
81 0.1089 0.1039 0.0247 0.1293 0.6313 0.0019
82 0.1632 0.0983 0.0601 0.4578 0.1738 0.0468
83 0.1593 0.4133 0.0981 0.2281 0.0486 0.0525
84 0.1346 0.3254 0.3716 0.0351 0.1226 0.0108
85 0.1908 0.1462 0.3147 0.2568 0.0834 0.0082
86 0.2290 0.2476 0.2036 0.1812 0.1226 0.0162
87 0.1246 0.2072 0.2153 0.1960 0.2479 0.0089
88 0.1862 0.2585 0.2666 0.1967 0.0605 0.0316
89 0.1144 0.0657 0.0143 0.1381 0.6533 0.0142
90 0.1843 0.1296 0.0119 0.0844 0.5415 0.0481
91 0.2330 0.2024 0.2876 0.1873 0.0857 0.0039
92 0.1088 0.4692 0.1686 0.0848 0.1398 0.0288
93 0.1979 0.2386 0.1918 0.1589 0.1459 0.0668
94 0.0986 0.1786 0.0392 0.0562 0.6045 0.0229
95 0.0781 0.4124 0.3843 0.0576 0.0489 0.0188
96 0.1593 0.1332 0.0546 0.2195 0.1311 0.3022
97 0.0521 0.0865 0.1876 0.0634 0.4397 0.1708
98 0.0848 0.0376 0.0200 0.0167 0.8296 0.0114
99 0.1418 0.3147 0.2954 0.1451 0.0713 0.0316
100 0.1421 0.3225 0.3572 0.0731 0.0666 0.0385
101 0.1584 0.2454 0.1597 0.2715 0.0999 0.0650
102 0.1779 0.1185 0.1261 0.3538 0.1053 0.1185
103 0.0840 0.0634 0.0551 0.2910 0.0625 0.4438
104 0.0067 0.0633 0.0542 0.0572 0.0102 0.8086
105 0.0473 0.0481 0.1401 0.1075 0.2384 0.4185
106 0.0488 0.0994 0.0540 0.0612 0.0831 0.6533
107 0.0546 0.0685 0.0467 0.0591 0.0457 0.7256
108 0.0331 0.0323 0.0813 0.0283 0.7832 0.0415
109 0.0712 0.0393 0.2092 0.0554 0.5776 0.0474
110 0.0322 0.5244 0.2308 0.0672 0.1285 0.0169
111 0.0522 0.0660 0.0257 0.0681 0.0502 0.7378
112 0.0248 0.0132 0.0793 0.0402 0.8140 0.0283
113 0.0362 0.0417 0.1226 0.0561 0.6079 0.1356
114 0.0264 0.1780 0.3916 0.1752 0.0239 0.2048
115 0.0122 0.3860 0.4441 0.0645 0.0064 0.0868
116 0.1943 0.1929 0.3604 0.1057 0.1091 0.0377
117 0.1501 0.1742 0.0671 0.2272 0.1729 0.2085
118 0.1042 0.0252 0.0272 0.1830 0.1011 0.5591
119 0.2454 0.1224 0.0556 0.1064 0.3542 0.1159
120 0.0239 0.0189 0.0605 0.0416 0.7490 0.1062
121 0.0511 0.1265 0.0933 0.1000 0.0883 0.5410
122 0.0124 0.0663 0.0409 0.0776 0.0195 0.7832
123 0.0379 0.0321 0.0783 0.0502 0.4614 0.3401
124 0.0434 0.0386 0.1153 0.0512 0.5903 0.1614
125 0.0232 0.2200 0.2612 0.2234 0.0656 0.2067
126 0.0409 0.0648 0.1382 0.0384 0.6592 0.0585
127 0.0244 0.0493 0.0740 0.0375 0.0250 0.7896
128 0.0219 0.0815 0.2888 0.1595 0.0406 0.4075
129 0.0094 0.0237 0.0376 0.0582 0.0093 0.8618
130 0.0925 0.0427 0.0151 0.2362 0.0335 0.5801
131 0.0308 0.0369 0.1288 0.0408 0.6050 0.1578
132 0.0478 0.0316 0.1112 0.0180 0.7422 0.0490
133 0.0524 0.1887 0.2578 0.1589 0.1858 0.1564
134 0.0991 0.4043 0.2629 0.0815 0.1322 0.0200
135 0.0159 0.0661 0.0574 0.0392 0.8052 0.0161
136 0.0267 0.1504 0.0622 0.0303 0.0240 0.7065
137 0.0488 0.0417 0.0792 0.0477 0.7397 0.0427
138 0.0183 0.0712 0.0591 0.0425 0.0250 0.7837
139 0.0203 0.0159 0.0112 0.0544 0.0140 0.8843
140 0.1558 0.0938 0.0385 0.3457 0.0753 0.2910
141 0.1892 0.3096 0.1509 0.2732 0.0295 0.0475
142 0.2539 0.3965 0.1801 0.0485 0.1190 0.0019
143 0.1097 0.2935 0.1547 0.1595 0.2358 0.0468
144 0.1113 0.1998 0.1606 0.1061 0.3792 0.0429
145 0.1576 0.1814 0.1010 0.3496 0.0798 0.1306
146 0.1375 0.1158 0.4724 0.2097 0.0620 0.0025
147 0.1331 0.3047 0.1709 0.1631 0.1643 0.0638
148 0.0630 0.0797 0.2052 0.0676 0.5752 0.0091
149 0.0299 0.0197 0.0389 0.0500 0.7642 0.0972
150 0.1256 0.1058 0.0225 0.0289 0.7114 0.0057
151 0.1527 0.2898 0.2023 0.1412 0.1991 0.0149
152 0.1840 0.0883 0.2289 0.2717 0.1345 0.0925
153 0.1304 0.1015 0.1674 0.1151 0.2673 0.2183
154 0.2695 0.4080 0.1031 0.1421 0.0552 0.0221
155 0.1449 0.1361 0.1951 0.1891 0.2352 0.0996
156 0.1930 0.1960 0.3086 0.1576 0.0986 0.0462
157 0.3193 0.3401 0.0952 0.0610 0.1724 0.0121
158 0.2664 0.1666 0.1393 0.3188 0.0627 0.0463
159 0.2468 0.2488 0.1545 0.2649 0.0582 0.0268
160 0.1997 0.1416 0.1484 0.3792 0.0439 0.0873
161 0.1272 0.1986 0.1071 0.4653 0.0367 0.0650
162 0.5024 0.0952 0.0551 0.2336 0.0782 0.0353
163 0.4070 0.1556 0.0753 0.2798 0.0486 0.0337
164 0.2073 0.1470 0.1257 0.4155 0.0673 0.0372
165 0.1669 0.1111 0.2544 0.3423 0.0943 0.0311
166 0.1373 0.2861 0.1791 0.3093 0.0493 0.0387
167 0.1885 0.0994 0.4282 0.2103 0.0371 0.0366
168 0.1547 0.1895 0.1431 0.2472 0.2181 0.0475
169 0.2527 0.3296 0.1620 0.1194 0.1343 0.0019
170 0.2246 0.4609 0.0887 0.1777 0.0237 0.0244
171 0.1942 0.1622 0.1335 0.3057 0.0810 0.1235
172 0.2678 0.1065 0.0773 0.2382 0.2942 0.0160
173 0.1971 0.2166 0.1941 0.2737 0.0848 0.0337
174 0.6396 0.1230 0.0914 0.0712 0.0546 0.0202
175 0.3901 0.0642 0.1307 0.3040 0.0870 0.0240
176 0.3354 0.0977 0.0917 0.3303 0.1284 0.0163
177 0.1771 0.2440 0.0780 0.4055 0.0774 0.0181
178 0.2416 0.5708 0.0726 0.0194 0.0946 0.0012
179 0.2169 0.2102 0.3550 0.1207 0.0484 0.0488
180 0.3125 0.0714 0.1571 0.4170 0.0376 0.0045
181 0.3645 0.0663 0.1086 0.3477 0.1044 0.0084
182 0.4438 0.1582 0.0952 0.1113 0.1779 0.0135
183 0.2257 0.2189 0.0780 0.3062 0.0956 0.0756
184 0.2527 0.2179 0.1464 0.1533 0.2179 0.0117
185 0.2517 0.4592 0.1285 0.0287 0.1285 0.0035
186 0.3000 0.3220 0.1332 0.1710 0.0595 0.0144
187 0.1356 0.5039 0.1884 0.0992 0.0261 0.0465
188 0.3701 0.0690 0.1279 0.2708 0.1383 0.0237
189 0.1428 0.3792 0.2126 0.0654 0.1921 0.0079
190 0.3740 0.0737 0.0815 0.2981 0.1465 0.0263
191 0.4280 0.1226 0.0804 0.2185 0.1170 0.0335
192 0.4780 0.1576 0.0532 0.2275 0.0699 0.0138
193 0.4053 0.0721 0.0798 0.2102 0.2203 0.0122
194 0.3169 0.3022 0.1086 0.2212 0.0432 0.0077
195 0.2385 0.1287 0.1227 0.4089 0.0745 0.0268
196 0.1566 0.1720 0.1093 0.3669 0.1506 0.0445
197 0.1871 0.1731 0.3416 0.2440 0.0090 0.0451
198 0.3228 0.1912 0.0984 0.2003 0.1838 0.0035
199 0.1666 0.3018 0.0972 0.3875 0.0193 0.0276
200 0.1017 0.4116 0.3521 0.0322 0.1001 0.0024
201 0.2651 0.1224 0.1633 0.2913 0.1014 0.0565
202 0.2598 0.0549 0.0870 0.3440 0.2136 0.0408
203 0.1887 0.1704 0.1118 0.2661 0.2461 0.0169
204 0.3079 0.1377 0.1958 0.1741 0.1825 0.0020
205 0.3667 0.1059 0.1191 0.2207 0.1787 0.0089
206 0.1119 0.4861 0.1948 0.0648 0.0980 0.0445
207 0.3547 0.1841 0.2021 0.1066 0.1326 0.0197
208 0.2069 0.3604 0.0933 0.2419 0.0631 0.0346
209 0.1160 0.3008 0.3054 0.1355 0.1141 0.0282
210 0.1000 0.3381 0.2512 0.1957 0.0503 0.0645
211 0.2983 0.1500 0.1097 0.3030 0.1080 0.0307
212 0.1057 0.1226 0.1143 0.4182 0.1445 0.0948
213 0.3677 0.0526 0.0367 0.3794 0.1232 0.0403
214 0.4197 0.0304 0.0669 0.3850 0.0770 0.0211
215 0.3071 0.0685 0.0729 0.4365 0.0967 0.0182
216 0.5581 0.0476 0.0243 0.3179 0.0454 0.0066
217 0.0964 0.0793 0.0272 0.3364 0.1772 0.2834
218 0.1282 0.1779 0.3098 0.2267 0.1498 0.0077
219 0.6270 0.0205 0.0300 0.2612 0.0468 0.0144
220 0.3486 0.0216 0.1740 0.3860 0.0107 0.0592
221 0.0750 0.2742 0.2380 0.2534 0.1107 0.0488
222 0.1169 0.3279 0.1882 0.2534 0.0682 0.0454
223 0.0950 0.5059 0.2390 0.1260 0.0226 0.0116
224 0.2076 0.1667 0.0350 0.1249 0.4604 0.0052
225 0.0185 0.1614 0.7065 0.0477 0.0205 0.0455
226 0.1132 0.1365 0.1282 0.3770 0.0543 0.1910
227 0.1154 0.5547 0.1470 0.0435 0.1172 0.0224
228 0.1707 0.5259 0.0740 0.1860 0.0341 0.0093
229 0.2000 0.2146 0.1710 0.3484 0.0359 0.0302
230 0.1218 0.1932 0.0585 0.1370 0.1505 0.3391
231 0.2566 0.2861 0.0981 0.1394 0.1936 0.0262
232 0.2196 0.3003 0.0735 0.3916 0.0074 0.0078
233 0.1888 0.3064 0.2856 0.0864 0.0197 0.1127
234 0.3110 0.1181 0.1589 0.2661 0.1317 0.0141
235 0.1334 0.1511 0.2269 0.4512 0.0251 0.0123
236 0.2000 0.2690 0.2301 0.2063 0.0547 0.0400
237 0.1447 0.6187 0.1248 0.0825 0.0097 0.0196
238 0.1320 0.2092 0.0302 0.5342 0.0521 0.0422
239 0.1913 0.2185 0.0491 0.4810 0.0484 0.0116
240 0.1207 0.1757 0.0152 0.0602 0.6177 0.0105
241 0.1692 0.1339 0.0097 0.0260 0.6538 0.0073
242 0.2311 0.0792 0.0739 0.4561 0.0473 0.1126
243 0.0872 0.1818 0.0865 0.1004 0.0460 0.4980
244 0.0641 0.0637 0.0218 0.0798 0.0532 0.7173
245 0.1282 0.1046 0.0681 0.2432 0.1022 0.3538
246 0.0356 0.1304 0.1056 0.5532 0.0228 0.1525
247 0.2615 0.2717 0.0829 0.2084 0.1549 0.0205
248 0.2581 0.2834 0.1172 0.1774 0.1517 0.0123
249 0.3743 0.2067 0.0924 0.2034 0.0931 0.0302
250 0.1490 0.1335 0.1490 0.3748 0.0247 0.1689
251 0.1602 0.0805 0.1218 0.4058 0.2104 0.0215
252 0.2355 0.1175 0.2046 0.2111 0.2264 0.0050
253 0.2411 0.1061 0.1820 0.3914 0.0741 0.0054
254 0.2510 0.0888 0.0560 0.3738 0.0394 0.1909
255 0.4595 0.1576 0.0511 0.2402 0.0520 0.0395
256 0.1599 0.0626 0.2495 0.4485 0.0667 0.0129
257 0.4072 0.1879 0.1908 0.1440 0.0675 0.0025
258 0.2976 0.1166 0.1764 0.3762 0.0226 0.0106
259 0.1951 0.0559 0.1044 0.4678 0.0604 0.1165
260 0.2014 0.1331 0.0525 0.5103 0.0826 0.0201
261 0.4744 0.1565 0.1199 0.1144 0.1317 0.0029
262 0.5181 0.1012 0.0590 0.2544 0.0581 0.0095
263 0.4338 0.0790 0.1234 0.2034 0.1499 0.0104
264 0.1758 0.3635 0.1718 0.2384 0.0313 0.0191
265 0.2072 0.1677 0.1842 0.2722 0.0971 0.0716
266 0.3352 0.0916 0.0610 0.2590 0.2064 0.0468
267 0.3789 0.0290 0.0456 0.4292 0.0950 0.0224
268 0.4041 0.0901 0.0645 0.1533 0.2756 0.0124
269 0.5459 0.0964 0.0366 0.1602 0.1553 0.0057
270 0.2001 0.2510 0.2096 0.2064 0.0464 0.0867
271 0.1343 0.4473 0.2113 0.0861 0.0952 0.0258
