time exciting_prob fearful_prob tense_prob sad_prob relaxing_prob neutral_prob
0 0.1130 0.0776 0.0801 0.4756 0.1130 0.1406
1 0.0626 0.2307 0.0404 0.0507 0.6079 0.0078
2 0.0398 0.0947 0.0199 0.0247 0.8184 0.0028
3 0.0462 0.1110 0.0381 0.0554 0.7466 0.0030
4 0.0793 0.1403 0.2581 0.3694 0.0964 0.0567
5 0.0627 0.0617 0.1171 0.6045 0.1327 0.0213
6 0.0924 0.0645 0.1015 0.7266 0.0098 0.0051
7 0.1394 0.0638 0.1439 0.2773 0.1270 0.2485
8 0.1624 0.0641 0.1525 0.2593 0.1142 0.2476
9 0.1945 0.1216 0.4053 0.2238 0.0067 0.0484
10 0.0609 0.0782 0.0929 0.0712 0.6914 0.0052
11 0.0927 0.1873 0.0728 0.0199 0.6138 0.0137
12 0.3125 0.1089 0.4995 0.0083 0.0404 0.0305
13 0.0845 0.0546 0.4429 0.1935 0.0958 0.1289
14 0.0634 0.1078 0.3169 0.4263 0.0281 0.0577
15 0.0911 0.1675 0.3281 0.3491 0.0368 0.0273
16 0.0715 0.4487 0.2103 0.0553 0.0970 0.1171
17 0.0913 0.1268 0.2996 0.3845 0.0474 0.0504
18 0.0836 0.2134 0.1663 0.2534 0.2739 0.0093
19 0.0320 0.2224 0.1902 0.0757 0.4492 0.0306
20 0.1293 0.3459 0.1971 0.0822 0.2268 0.0188
21 0.0923 0.4543 0.2510 0.0998 0.0998 0.0028
22 0.0909 0.2549 0.3174 0.1302 0.0171 0.1895
23 0.1262 0.1262 0.2632 0.3274 0.0163 0.1409
24 0.0823 0.0672 0.1198 0.0919 0.5898 0.0488
25 0.2397 0.0803 0.3772 0.1304 0.1047 0.0676
26 0.1178 0.1466 0.4658 0.1294 0.0170 0.1234
27 0.2830 0.1638 0.4248 0.0593 0.0496 0.0194
28 0.0984 0.0325 0.5078 0.0368 0.1284 0.1958
29 0.4504 0.0432 0.2264 0.1251 0.1193 0.0356
30 0.2147 0.0197 0.2590 0.1365 0.2590 0.1114
31 0.3499 0.0392 0.2332 0.0972 0.1414 0.1392
32 0.1393 0.1268 0.1788 0.2157 0.0489 0.2903
33 0.0730 0.0117 0.1096 0.0676 0.5396 0.1985
34 0.0579 0.0170 0.0346 0.0362 0.2219 0.6323
35 0.1333 0.0192 0.3511 0.0214 0.4370 0.0382
36 0.2139 0.0684 0.1381 0.3872 0.0311 0.1614
37 0.0121 0.0208 0.0485 0.0247 0.8457 0.0485
38 0.0120 0.0114 0.0451 0.0223 0.8926 0.0166
39 0.0502 0.0216 0.0510 0.0314 0.8232 0.0223
40 0.0653 0.0153 0.0361 0.0550 0.7954 0.0328
41 0.0154 0.0188 0.0479 0.0665 0.8486 0.0029
42 0.1101 0.2123 0.2683 0.0603 0.3262 0.0227
43 0.0491 0.0247 0.0377 0.0395 0.8438 0.0052
44 0.0101 0.0205 0.0683 0.0184 0.8584 0.0244
45 0.0612 0.1665 0.2703 0.0294 0.4670 0.0055
46 0.0198 0.0690 0.1998 0.1231 0.5781 0.0100
47 0.0088 0.0027 0.0176 0.0058 0.9590 0.0063
48 0.0811 0.4119 0.2578 0.0234 0.1886 0.0371
49 0.0183 0.0186 0.0426 0.0192 0.8838 0.0175
50 0.0782 0.1764 0.1820 0.0497 0.5103 0.0033
51 0.1598 0.1782 0.1525 0.0519 0.4480 0.0096
52 0.0447 0.0882 0.0687 0.0319 0.7266 0.0397
53 0.0581 0.1156 0.1936 0.0321 0.5962 0.0045
54 0.0150 0.0026 0.0219 0.0099 0.9443 0.0061
55 0.0181 0.0769 0.0988 0.0445 0.7529 0.0088
56 0.0753 0.0510 0.2888 0.3594 0.1954 0.0300
57 0.0960 0.0736 0.1659 0.4304 0.0547 0.1794
58 0.0916 0.0522 0.3049 0.1332 0.0505 0.3677
59 0.1571 0.0472 0.1595 0.1387 0.1595 0.3379
60 0.1284 0.0423 0.1782 0.2117 0.1455 0.2939
61 0.1327 0.0488 0.2440 0.1842 0.0912 0.2991
62 0.1014 0.0605 0.1698 0.1924 0.0686 0.4072
63 0.0550 0.0212 0.2389 0.0613 0.1259 0.4978
64 0.0761 0.0836 0.2004 0.2202 0.1854 0.2344
65 0.1265 0.0677 0.2634 0.1389 0.3835 0.0200
66 0.1241 0.4468 0.2247 0.0989 0.0685 0.0370
67 0.2915 0.0828 0.2416 0.1215 0.2379 0.0247
68 0.1107 0.0440 0.1142 0.0932 0.5449 0.0932
69 0.0847 0.0591 0.3735 0.0783 0.2690 0.1353
70 0.1821 0.3887 0.3171 0.0264 0.0778 0.0077
71 0.1332 0.0288 0.3350 0.1658 0.2954 0.0419
72 0.2705 0.0885 0.4060 0.0812 0.1339 0.0201
73 0.0134 0.0005 0.0033 0.0047 0.9702 0.0080
74 0.0149 0.0063 0.0037 0.0087 0.9639 0.0023
75 0.0234 0.0023 0.0053 0.0085 0.9497 0.0109
76 0.0989 0.0358 0.2229 0.4294 0.2061 0.0068
77 0.2045 0.1351 0.1818 0.1270 0.3369 0.0147
78 0.1018 0.1267 0.2312 0.2854 0.2137 0.0411
79 0.4790 0.0542 0.3345 0.1211 0.0028 0.0084
80 0.3564 0.0614 0.4795 0.0930 0.0050 0.0048
81 0.3682 0.0620 0.3567 0.1168 0.0834 0.0130
82 0.5098 0.0467 0.3503 0.0550 0.0358 0.0027
83 0.4685 0.1969 0.1969 0.1166 0.0160 0.0051
84 0.2583 0.0297 0.3672 0.2644 0.0467 0.0336
85 0.0327 0.0018 0.0198 0.0205 0.9116 0.0136
86 0.0241 0.0400 0.8896 0.0426 0.0016 0.0020
87 0.0729 0.0068 0.0334 0.0542 0.7720 0.0605
88 0.5698 0.2319 0.0952 0.0560 0.0432 0.0039
89 0.0226 0.0907 0.4534 0.0533 0.3645 0.0155
90 0.0086 0.0544 0.0597 0.0897 0.7866 0.0010
91 0.0526 0.1385 0.1954 0.3767 0.2321 0.0048
92 0.1487 0.0759 0.0258 0.0888 0.6460 0.0150
93 0.0142 0.0273 0.1869 0.0667 0.6943 0.0108
94 0.2118 0.0511 0.1899 0.0656 0.4700 0.0116
95 0.1017 0.0870 0.3284 0.1033 0.3782 0.0013
96 0.0889 0.1488 0.3054 0.0109 0.4443 0.0017
97 0.1006 0.0327 0.1313 0.4512 0.2415 0.0426
98 0.0468 0.0875 0.2200 0.0433 0.5981 0.0045
99 0.2012 0.1642 0.1146 0.3530 0.0372 0.1299
100 0.1227 0.1049 0.1730 0.4348 0.0320 0.1326
101 0.0172 0.1119 0.2522 0.0572 0.5596 0.0022
102 0.1072 0.6025 0.2551 0.0113 0.0152 0.0083
103 0.1262 0.2081 0.0382 0.0337 0.5928 0.0007
104 0.1204 0.0815 0.2471 0.3274 0.2081 0.0154
105 0.0231 0.0114 0.0870 0.0637 0.8125 0.0024
106 0.3159 0.1075 0.0642 0.0320 0.4744 0.0058
107 0.2023 0.2054 0.1327 0.2598 0.0473 0.1527
108 0.0269 0.0182 0.2146 0.0309 0.7036 0.0057
109 0.0113 0.0184 0.0251 0.0166 0.9141 0.0145
110 0.0170 0.0137 0.0476 0.0159 0.8984 0.0071
111 0.1148 0.1509 0.6455 0.0741 0.0010 0.0139
112 0.1559 0.3511 0.0991 0.0902 0.2163 0.0874
113 0.5991 0.1447 0.2205 0.0330 0.0018 0.0008
114 0.3750 0.2598 0.3550 0.0088 0.0008 0.0006
115 0.3113 0.1692 0.1615 0.1787 0.0964 0.0831
116 0.1523 0.2322 0.5928 0.0213 0.0009 0.0004
117 0.1941 0.5234 0.1196 0.1039 0.0370 0.0219
118 0.1987 0.3542 0.0356 0.1536 0.1234 0.1344
119 0.3259 0.1470 0.0673 0.1992 0.1992 0.0612
120 0.0576 0.1890 0.0865 0.1831 0.3999 0.0839
121 0.1180 0.2700 0.2742 0.1041 0.2136 0.0200
122 0.2096 0.3457 0.1558 0.2163 0.0494 0.0233
123 0.0050 0.0079 0.0258 0.0201 0.9404 0.0009
124 0.0270 0.1059 0.1011 0.0477 0.7124 0.0057
125 0.1606 0.1130 0.1104 0.0591 0.4871 0.0696
126 0.0408 0.1316 0.2274 0.4053 0.0612 0.1337
127 0.0622 0.2617 0.4592 0.1689 0.0082 0.0398
128 0.1406 0.1807 0.5225 0.1475 0.0036 0.0051
129 0.1122 0.0681 0.6460 0.1608 0.0047 0.0081
130 0.1082 0.1526 0.2595 0.0767 0.3718 0.0310
131 0.3320 0.1260 0.2391 0.1605 0.1166 0.0256
132 0.1082 0.1326 0.5244 0.1930 0.0179 0.0238
133 0.0548 0.0962 0.4736 0.2874 0.0593 0.0289
134 0.2084 0.4241 0.2288 0.0491 0.0869 0.0029
135 0.2136 0.4055 0.2328 0.0398 0.1009 0.0074
136 0.2354 0.1497 0.1776 0.1053 0.3167 0.0154
137 0.1562 0.2135 0.3577 0.2419 0.0092 0.0213
138 0.0393 0.0914 0.3447 0.4568 0.0198 0.0481
139 0.0327 0.1252 0.3918 0.0565 0.3860 0.0078
140 0.0318 0.0995 0.1775 0.0851 0.6006 0.0055
141 0.0726 0.3599 0.2759 0.0348 0.2551 0.0015
142 0.0898 0.5210 0.3062 0.0296 0.0512 0.0021
143 0.0698 0.1047 0.4551 0.1868 0.1388 0.0450
144 0.0659 0.0591 0.0735 0.0217 0.7661 0.0138
145 0.1115 0.0606 0.3828 0.2759 0.1454 0.0239
146 0.0529 0.1921 0.4197 0.2505 0.0412 0.0435
147 0.0490 0.2080 0.4912 0.1418 0.0610 0.0490
148 0.0450 0.1345 0.4622 0.0754 0.1782 0.1047
149 0.1282 0.0645 0.2800 0.3271 0.1808 0.0195
150 0.1582 0.2162 0.4436 0.1139 0.0192 0.0490
151 0.0928 0.0529 0.1965 0.3091 0.0297 0.3188
152 0.0663 0.1360 0.1615 0.0706 0.5381 0.0276
153 0.0072 0.0085 0.0152 0.0100 0.9556 0.0035
154 0.1985 0.0753 0.2357 0.3826 0.0665 0.0416
155 0.0655 0.0983 0.4138 0.3379 0.0102 0.0742
156 0.0199 0.1467 0.3633 0.0773 0.3748 0.0182
157 0.0752 0.3701 0.2524 0.0996 0.1920 0.0108
158 0.0174 0.0424 0.0437 0.0114 0.8779 0.0071
159 0.0169 0.0985 0.8120 0.0536 0.0020 0.0169
160 0.3740 0.1454 0.1454 0.0394 0.2654 0.0305
161 0.0084 0.0138 0.0343 0.0195 0.9116 0.0124
162 0.0358 0.0769 0.2368 0.1019 0.5337 0.0149
163 0.0123 0.0151 0.0840 0.0534 0.8228 0.0123
164 0.0340 0.0398 0.2438 0.1082 0.5327 0.0417
165 0.1489 0.0359 0.7446 0.0414 0.0114 0.0177
166 0.0603 0.0366 0.8071 0.0812 0.0104 0.0042
167 0.1932 0.1267 0.5015 0.1349 0.0156 0.0283
168 0.0163 0.0144 0.1504 0.0970 0.7173 0.0046
169 0.0493 0.1259 0.7593 0.0471 0.0042 0.0141
170 0.0370 0.1071 0.6665 0.1354 0.0013 0.0530
171 0.1603 0.0438 0.2124 0.2333 0.1874 0.1628
172 0.0560 0.1272 0.2064 0.0362 0.5439 0.0304
173 0.0327 0.0631 0.1335 0.0918 0.6577 0.0211
174 0.0963 0.1514 0.3574 0.3464 0.0123 0.0359
175 0.1032 0.1389 0.5938 0.1433 0.0058 0.0149
176 0.0340 0.0778 0.1674 0.0969 0.5576 0.0666
177 0.0684 0.1829 0.1947 0.0617 0.4526 0.0399
178 0.0131 0.0278 0.0331 0.1704 0.7402 0.0154
179 0.0106 0.0170 0.0243 0.1855 0.7573 0.0055
180 0.0615 0.1233 0.5029 0.1177 0.1794 0.0150
181 0.0503 0.0919 0.5122 0.0667 0.2537 0.0251
182 0.1676 0.1676 0.3838 0.0532 0.2023 0.0255
183 0.1022 0.1105 0.0916 0.0854 0.5698 0.0403
184 0.1465 0.3052 0.1312 0.0327 0.3799 0.0047
185 0.0786 0.0798 0.0621 0.0811 0.6787 0.0199
186 0.0442 0.3237 0.0745 0.0260 0.5254 0.0064
187 0.0485 0.3159 0.0627 0.0516 0.5049 0.0165
188 0.0813 0.1776 0.2043 0.0533 0.4534 0.0299
189 0.0938 0.3511 0.4875 0.0179 0.0475 0.0022
190 0.0328 0.1616 0.4604 0.3164 0.0153 0.0133
191 0.0712 0.2686 0.5684 0.0609 0.0164 0.0147
192 0.1541 0.1493 0.5635 0.0580 0.0292 0.0462
193 0.0903 0.2003 0.6074 0.0660 0.0168 0.0192
194 0.0930 0.1644 0.6606 0.0765 0.0046 0.0011
195 0.0850 0.2169 0.4966 0.1798 0.0075 0.0141
196 0.0984 0.0829 0.5239 0.1624 0.0273 0.1048
197 0.0645 0.2251 0.1293 0.0547 0.5151 0.0110
198 0.0908 0.2886 0.1231 0.0446 0.4036 0.0493
199 0.0338 0.2477 0.1368 0.4485 0.1265 0.0066
200 0.0517 0.0442 0.2317 0.6104 0.0268 0.0350
201 0.1229 0.2996 0.5508 0.0172 0.0051 0.0043
202 0.0328 0.0367 0.7710 0.1340 0.0176 0.0077
203 0.0888 0.0556 0.6665 0.1464 0.0224 0.0204
204 0.0882 0.1699 0.3125 0.3831 0.0194 0.0269
205 0.1810 0.0417 0.0829 0.0597 0.6318 0.0026
206 0.1206 0.0325 0.0228 0.0836 0.7388 0.0019
207 0.1812 0.0743 0.0491 0.2399 0.4343 0.0211
208 0.4255 0.0160 0.2502 0.0928 0.2140 0.0015
209 0.2397 0.0186 0.1866 0.3892 0.0356 0.1304
210 0.8379 0.0197 0.0184 0.0829 0.0380 0.0030
211 0.7739 0.0218 0.0507 0.0882 0.0597 0.0058
212 0.4155 0.0143 0.0818 0.2156 0.2058 0.0668
213 0.1395 0.0505 0.4102 0.3096 0.0729 0.0175
214 0.3467 0.0083 0.0941 0.4521 0.0804 0.0184
215 0.5518 0.0292 0.2607 0.0846 0.0670 0.0068
216 0.5151 0.0078 0.2115 0.0924 0.1674 0.0056
217 0.0831 0.0200 0.0129 0.2122 0.6636 0.0082
218 0.2413 0.0724 0.0416 0.1252 0.5107 0.0084
219 0.2114 0.1234 0.0300 0.1571 0.4729 0.0051
220 0.0629 0.0246 0.0713 0.5605 0.2488 0.0316
221 0.3677 0.2373 0.0551 0.1792 0.0521 0.1086
222 0.2347 0.1976 0.0662 0.2617 0.0421 0.1976
223 0.6333 0.0637 0.1504 0.1118 0.0323 0.0086
224 0.7471 0.0623 0.1093 0.0576 0.0196 0.0043
225 0.8101 0.0518 0.0840 0.0391 0.0128 0.0020
226 0.3489 0.1244 0.2847 0.1523 0.0450 0.0447
227 0.3467 0.1236 0.2830 0.1562 0.0451 0.0455
