time exciting_prob fearful_prob tense_prob sad_prob relaxing_prob neutral_prob
0 0.2201 0.1399 0.0760 0.2825 0.0282 0.2532
1 0.2915 0.5981 0.0862 0.0214 0.0009 0.0020
2 0.3718 0.5410 0.0732 0.0116 0.0007 0.0015
3 0.0087 0.7715 0.1361 0.0819 0.0008 0.0011
4 0.0125 0.6646 0.2522 0.0679 0.0009 0.0023
5 0.0079 0.6978 0.2374 0.0542 0.0006 0.0020
6 0.2086 0.5625 0.1305 0.0330 0.0184 0.0469
7 0.0141 0.8232 0.1376 0.0243 0.0006 0.0002
8 0.5815 0.1615 0.1995 0.0021 0.0445 0.0107
9 0.5259 0.1934 0.2603 0.0004 0.0190 0.0012
10 0.3530 0.5342 0.1019 0.0091 0.0006 0.0010
11 0.6709 0.2668 0.0521 0.0091 0.0006 0.0005
12 0.6123 0.3103 0.0539 0.0220 0.0011 0.0005
13 0.2479 0.2639 0.3992 0.0210 0.0617 0.0064
14 0.2250 0.6562 0.0802 0.0364 0.0009 0.0015
15 0.2137 0.6792 0.0857 0.0197 0.0008 0.0009
16 0.4800 0.2181 0.2549 0.0010 0.0406 0.0052
17 0.5967 0.2247 0.1473 0.0011 0.0271 0.0030
18 0.3767 0.3171 0.1780 0.1158 0.0046 0.0079
19 0.3745 0.4661 0.1377 0.0044 0.0156 0.0019
20 0.3733 0.5264 0.0880 0.0017 0.0096 0.0009
21 0.1254 0.6270 0.0650 0.0125 0.1674 0.0030
22 0.1168 0.7798 0.0635 0.0083 0.0293 0.0025
23 0.6919 0.2014 0.0974 0.0009 0.0079 0.0005
24 0.6968 0.1260 0.1472 0.0005 0.0288 0.0007
25 0.5894 0.2456 0.1599 0.0009 0.0038 0.0004
26 0.4624 0.3687 0.1356 0.0012 0.0312 0.0007
27 0.0140 0.6191 0.3640 0.0009 0.0008 0.0009
28 0.1819 0.1997 0.3093 0.1847 0.0853 0.0390
29 0.1792 0.7373 0.0771 0.0021 0.0035 0.0010
30 0.5044 0.3748 0.0870 0.0017 0.0282 0.0041
31 0.6611 0.1534 0.1476 0.0049 0.0293 0.0035
32 0.7544 0.1166 0.1184 0.0014 0.0083 0.0009
33 0.4705 0.3110 0.2104 0.0022 0.0052 0.0006
34 0.0836 0.5366 0.2761 0.0174 0.0773 0.0090
35 0.1349 0.4634 0.2073 0.0818 0.1067 0.0061
36 0.1528 0.5210 0.2349 0.0424 0.0463 0.0024
37 0.2286 0.4478 0.2983 0.0079 0.0131 0.0043
38 0.2969 0.2703 0.3872 0.0127 0.0280 0.0051
39 0.2008 0.7461 0.0188 0.0028 0.0303 0.0010
40 0.2910 0.2756 0.4170 0.0014 0.0135 0.0016
41 0.0858 0.5215 0.2190 0.0012 0.1719 0.0009
42 0.6182 0.1588 0.2170 0.0004 0.0050 0.0007
43 0.8945 0.0326 0.0609 0.0007 0.0107 0.0003
44 0.5664 0.3152 0.0939 0.0041 0.0140 0.0062
45 0.3467 0.5850 0.0584 0.0013 0.0049 0.0036
46 0.2328 0.5542 0.2054 0.0058 0.0015 0.0001
47 0.2654 0.5703 0.1523 0.0101 0.0017 0.0001
48 0.2384 0.3579 0.3931 0.0017 0.0061 0.0026
49 0.3713 0.1500 0.1169 0.0191 0.3381 0.0043
50 0.0554 0.8140 0.0920 0.0088 0.0285 0.0013
51 0.1920 0.0409 0.3938 0.3369 0.0145 0.0219
52 0.1401 0.1401 0.4890 0.2070 0.0092 0.0146
53 0.2854 0.4780 0.0558 0.0102 0.1677 0.0029
54 0.9248 0.0319 0.0385 0.0004 0.0039 0.0006
55 0.8613 0.0974 0.0275 0.0017 0.0118 0.0005
56 0.8276 0.0958 0.0654 0.0007 0.0103 0.0002
57 0.8662 0.0590 0.0567 0.0008 0.0161 0.0010
58 0.1785 0.3809 0.4182 0.0031 0.0043 0.0151
59 0.1696 0.4575 0.3591 0.0039 0.0023 0.0077
60 0.4766 0.4619 0.0433 0.0047 0.0106 0.0031
61 0.1199 0.8452 0.0320 0.0011 0.0015 0.0005
62 0.6001 0.2747 0.0516 0.0678 0.0036 0.0025
63 0.1539 0.3469 0.3311 0.1589 0.0015 0.0075
64 0.5854 0.0750 0.1190 0.1871 0.0067 0.0267
65 0.2493 0.7046 0.0179 0.0257 0.0024 0.0004
66 0.6016 0.1968 0.1907 0.0015 0.0089 0.0008
67 0.6631 0.1652 0.1576 0.0012 0.0111 0.0018
68 0.0491 0.3921 0.2695 0.1941 0.0103 0.0848
69 0.3057 0.4736 0.2168 0.0003 0.0035 0.0000
70 0.0688 0.3333 0.3281 0.0836 0.0134 0.1729
71 0.1066 0.2291 0.3777 0.1346 0.1266 0.0253
72 0.8574 0.0755 0.0557 0.0007 0.0093 0.0016
73 0.7554 0.0822 0.1442 0.0010 0.0162 0.0010
74 0.0877 0.4089 0.4780 0.0055 0.0184 0.0016
75 0.1316 0.4282 0.3413 0.0130 0.0837 0.0020
76 0.2006 0.5894 0.1929 0.0053 0.0105 0.0014
77 0.0878 0.2009 0.3933 0.2386 0.0160 0.0632
78 0.0590 0.3909 0.3616 0.1036 0.0669 0.0180
79 0.1061 0.6865 0.1644 0.0100 0.0266 0.0062
80 0.1566 0.3643 0.3264 0.0065 0.1309 0.0153
81 0.2927 0.4001 0.2583 0.0109 0.0177 0.0202
82 0.8364 0.0709 0.0742 0.0014 0.0134 0.0036
83 0.0733 0.6328 0.0540 0.0215 0.2170 0.0011
84 0.7627 0.0829 0.1367 0.0010 0.0161 0.0008
85 0.7441 0.1477 0.1015 0.0010 0.0054 0.0005
86 0.8848 0.0523 0.0565 0.0009 0.0051 0.0003
87 0.6831 0.2051 0.1056 0.0008 0.0051 0.0004
88 0.8555 0.0471 0.0821 0.0007 0.0140 0.0006
89 0.1675 0.4277 0.3179 0.0046 0.0804 0.0017
90 0.7803 0.0556 0.1196 0.0041 0.0359 0.0045
91 0.9272 0.0247 0.0340 0.0012 0.0125 0.0004
92 0.1555 0.1351 0.2446 0.2125 0.2485 0.0038
93 0.1461 0.7305 0.0435 0.0036 0.0723 0.0037
94 0.4846 0.0939 0.2399 0.0447 0.1274 0.0094
95 0.1729 0.4626 0.1624 0.0166 0.1840 0.0017
96 0.3662 0.0955 0.2186 0.0607 0.1677 0.0912
97 0.8613 0.0464 0.0753 0.0007 0.0154 0.0008
98 0.3408 0.4768 0.1366 0.0011 0.0433 0.0015
99 0.5312 0.3538 0.0610 0.0008 0.0526 0.0007
100 0.4312 0.1959 0.3254 0.0056 0.0404 0.0014
101 0.8491 0.0771 0.0676 0.0007 0.0045 0.0007
102 0.8452 0.0657 0.0837 0.0004 0.0048 0.0002
103 0.8325 0.0408 0.1092 0.0005 0.0165 0.0005
104 0.6992 0.1674 0.0312 0.0822 0.0094 0.0107
105 0.3279 0.4412 0.0969 0.0984 0.0071 0.0286
106 0.7544 0.1710 0.0198 0.0329 0.0203 0.0014
107 0.7246 0.0813 0.1682 0.0027 0.0206 0.0025
108 0.5786 0.2283 0.1213 0.0115 0.0582 0.0023
109 0.2510 0.4475 0.2822 0.0043 0.0140 0.0011
110 0.2450 0.3196 0.4167 0.0068 0.0103 0.0016
111 0.1869 0.0817 0.1812 0.1812 0.3491 0.0200
112 0.2195 0.2527 0.1175 0.3452 0.0290 0.0361
113 0.6680 0.0955 0.1930 0.0151 0.0271 0.0011
114 0.2817 0.0839 0.5103 0.0887 0.0054 0.0299
115 0.1437 0.2834 0.3726 0.1415 0.0051 0.0537
116 0.1462 0.3220 0.4541 0.0015 0.0759 0.0003
117 0.5981 0.1235 0.0848 0.0507 0.0816 0.0611
118 0.4421 0.1858 0.3496 0.0058 0.0155 0.0011
119 0.2074 0.6143 0.1653 0.0028 0.0086 0.0016
120 0.3931 0.0108 0.0934 0.4597 0.0009 0.0421
121 0.3677 0.1606 0.3945 0.0203 0.0252 0.0319
122 0.6021 0.1753 0.2131 0.0028 0.0059 0.0007
123 0.6431 0.1423 0.1716 0.0154 0.0167 0.0111
124 0.4238 0.1571 0.0665 0.2913 0.0265 0.0348
125 0.4136 0.2450 0.3096 0.0198 0.0085 0.0035
126 0.6294 0.0467 0.2603 0.0145 0.0146 0.0347
127 0.5400 0.1031 0.2800 0.0161 0.0128 0.0479
128 0.7695 0.0637 0.1481 0.0019 0.0062 0.0104
129 0.1218 0.5332 0.3135 0.0168 0.0099 0.0045
130 0.7021 0.1748 0.1146 0.0017 0.0062 0.0007
131 0.8218 0.0429 0.1212 0.0013 0.0113 0.0017
132 0.5747 0.0778 0.1333 0.0022 0.2113 0.0009
133 0.2167 0.2019 0.4377 0.0138 0.1273 0.0025
134 0.1527 0.1991 0.3386 0.0544 0.2383 0.0169
135 0.7964 0.0614 0.1095 0.0028 0.0283 0.0014
136 0.8159 0.1087 0.0443 0.0110 0.0184 0.0016
137 0.6206 0.2213 0.0789 0.0314 0.0416 0.0059
138 0.3149 0.3540 0.1167 0.1038 0.0923 0.0183
139 0.3960 0.4348 0.0905 0.0096 0.0651 0.0040
140 0.1476 0.7979 0.0403 0.0100 0.0022 0.0022
141 0.7427 0.1532 0.0997 0.0007 0.0033 0.0003
142 0.8701 0.0359 0.0790 0.0007 0.0137 0.0004
143 0.2329 0.1034 0.2598 0.2991 0.0405 0.0642
144 0.3384 0.5620 0.0666 0.0055 0.0253 0.0022
145 0.3640 0.4636 0.1257 0.0075 0.0375 0.0016
146 0.8369 0.0676 0.0855 0.0007 0.0089 0.0003
147 0.5342 0.2407 0.2042 0.0006 0.0196 0.0010
148 0.4924 0.3774 0.1049 0.0092 0.0158 0.0002
149 0.4980 0.3672 0.1165 0.0136 0.0041 0.0005
150 0.1476 0.1896 0.4993 0.1454 0.0048 0.0133
151 0.2040 0.2620 0.4744 0.0512 0.0051 0.0035
152 0.3877 0.4824 0.1201 0.0037 0.0062 0.0001
153 0.1237 0.1564 0.4971 0.2072 0.0068 0.0090
154 0.3013 0.3579 0.3232 0.0113 0.0055 0.0006
155 0.5366 0.3105 0.1000 0.0195 0.0300 0.0031
156 0.3123 0.4651 0.1282 0.0410 0.0526 0.0012
157 0.8438 0.0561 0.0754 0.0010 0.0232 0.0007
158 0.7256 0.1213 0.1375 0.0010 0.0137 0.0008
159 0.6436 0.0956 0.2443 0.0025 0.0065 0.0077
160 0.6763 0.2319 0.0634 0.0084 0.0153 0.0045
161 0.6689 0.2224 0.0762 0.0174 0.0129 0.0020
162 0.5103 0.2229 0.0900 0.1497 0.0116 0.0158
163 0.0609 0.0658 0.1934 0.5864 0.0036 0.0900
164 0.1248 0.0757 0.4287 0.2224 0.0197 0.1287
165 0.2686 0.3164 0.3240 0.0679 0.0107 0.0126
166 0.0612 0.5938 0.2849 0.0427 0.0162 0.0011
167 0.0991 0.2734 0.2197 0.4043 0.0009 0.0026
168 0.5664 0.2515 0.1782 0.0020 0.0014 0.0003
169 0.2411 0.0783 0.1395 0.5103 0.0078 0.0228
170 0.1080 0.1726 0.0362 0.6719 0.0034 0.0078
171 0.6558 0.2113 0.0853 0.0095 0.0359 0.0022
172 0.6182 0.1266 0.1538 0.0963 0.0030 0.0025
173 0.0056 0.9399 0.0256 0.0284 0.0001 0.0003
174 0.4209 0.3955 0.1056 0.0676 0.0033 0.0070
175 0.0453 0.6152 0.0546 0.2817 0.0007 0.0025
176 0.1960 0.5415 0.2054 0.0421 0.0098 0.0053
177 0.0214 0.1486 0.0501 0.7310 0.0037 0.0450
178 0.0146 0.0398 0.0330 0.8125 0.0089 0.0912
179 0.4690 0.2632 0.1039 0.0611 0.0766 0.0263
180 0.4355 0.3367 0.0806 0.1371 0.0091 0.0012
181 0.0437 0.1730 0.0911 0.6841 0.0017 0.0065
182 0.6201 0.1202 0.1331 0.1103 0.0099 0.0066
183 0.4956 0.3101 0.0601 0.1080 0.0030 0.0230
184 0.3286 0.4600 0.1482 0.0594 0.0026 0.0013
185 0.5415 0.2500 0.1414 0.0622 0.0038 0.0010
186 0.7373 0.0707 0.1752 0.0016 0.0139 0.0014
187 0.8267 0.0497 0.1093 0.0009 0.0128 0.0006
188 0.4060 0.2661 0.3064 0.0059 0.0076 0.0080
189 0.1946 0.2170 0.5454 0.0196 0.0057 0.0177
190 0.1530 0.1460 0.5596 0.0734 0.0301 0.0378
191 0.1541 0.1257 0.5376 0.1200 0.0222 0.0402
192 0.1824 0.1313 0.5444 0.0917 0.0183 0.0315
193 0.1862 0.0997 0.5220 0.1221 0.0221 0.0478
194 0.1367 0.1624 0.5161 0.1284 0.0197 0.0365
195 0.1510 0.1821 0.1938 0.2568 0.0453 0.1710
