time exciting_prob fearful_prob tense_prob sad_prob relaxing_prob neutral_prob
0 0.1110 0.1566 0.1382 0.1298 0.0183 0.4460
1 0.1140 0.0902 0.2163 0.3511 0.0433 0.1851
2 0.1075 0.0891 0.2104 0.3362 0.0363 0.2205
3 0.0881 0.0983 0.2322 0.3379 0.0416 0.2018
4 0.1102 0.1068 0.1996 0.3845 0.0529 0.1460
5 0.1206 0.3228 0.4412 0.0896 0.0198 0.0061
6 0.1350 0.1438 0.6245 0.0734 0.0166 0.0065
7 0.1709 0.1484 0.5430 0.1053 0.0199 0.0126
8 0.1562 0.1422 0.6177 0.0598 0.0165 0.0074
9 0.1093 0.1859 0.5215 0.1517 0.0169 0.0148
10 0.2700 0.1423 0.4814 0.0607 0.0389 0.0064
11 0.2839 0.1531 0.4827 0.0517 0.0226 0.0060
12 0.3628 0.1489 0.3201 0.0947 0.0606 0.0129
13 0.3635 0.1886 0.3635 0.0448 0.0338 0.0056
14 0.3259 0.1858 0.3872 0.0524 0.0452 0.0035
15 0.3284 0.2086 0.3284 0.0662 0.0651 0.0035
16 0.3591 0.2374 0.2932 0.0564 0.0498 0.0041
17 0.1240 0.6919 0.0958 0.0309 0.0478 0.0098
18 0.1298 0.6958 0.1307 0.0169 0.0187 0.0080
19 0.1102 0.7471 0.0892 0.0262 0.0137 0.0136
20 0.1217 0.0126 0.0811 0.4592 0.0715 0.2537
21 0.0787 0.0146 0.0695 0.4258 0.0529 0.3586
22 0.1537 0.0225 0.1133 0.3357 0.0548 0.3203
23 0.1149 0.0158 0.0615 0.4763 0.0686 0.2629
24 0.2507 0.2886 0.0538 0.2319 0.0426 0.1322
25 0.1727 0.1782 0.0483 0.1284 0.0380 0.4343
26 0.2200 0.2200 0.0703 0.1313 0.0931 0.2654
27 0.1080 0.6777 0.0379 0.0720 0.0565 0.0479
28 0.1016 0.6128 0.0511 0.1016 0.1031 0.0300
29 0.0873 0.6108 0.0595 0.1121 0.0967 0.0334
30 0.2854 0.0488 0.1873 0.3901 0.0294 0.0589
31 0.2871 0.0720 0.2917 0.2917 0.0188 0.0386
32 0.3389 0.1199 0.2832 0.1901 0.0231 0.0451
33 0.3584 0.1219 0.1182 0.2463 0.0906 0.0643
34 0.1589 0.1858 0.2172 0.2073 0.1199 0.1110
35 0.1148 0.2356 0.3650 0.2015 0.0486 0.0345
36 0.1447 0.1025 0.1516 0.4597 0.0850 0.0566
37 0.1138 0.0929 0.1581 0.5693 0.0358 0.0302
38 0.2173 0.0851 0.3418 0.2925 0.0378 0.0256
39 0.2039 0.3059 0.2383 0.2421 0.0041 0.0058
40 0.0637 0.1528 0.0668 0.5679 0.0545 0.0942
41 0.2722 0.0566 0.1930 0.4021 0.0116 0.0646
42 0.1096 0.1570 0.1322 0.3594 0.1322 0.1096
43 0.1282 0.3076 0.1571 0.2147 0.0703 0.1223
44 0.1226 0.4146 0.1151 0.2219 0.0779 0.0480
45 0.0967 0.2715 0.2180 0.2510 0.0909 0.0719
46 0.1437 0.4531 0.2107 0.1051 0.0537 0.0338
47 0.1142 0.1769 0.1797 0.3103 0.1197 0.0992
48 0.0963 0.0994 0.5996 0.1447 0.0267 0.0335
49 0.1525 0.0616 0.6943 0.0579 0.0202 0.0136
50 0.1148 0.0644 0.4758 0.2886 0.0165 0.0397
51 0.0728 0.4602 0.1382 0.2583 0.0142 0.0563
52 0.0410 0.1396 0.3457 0.2649 0.0350 0.1738
53 0.0708 0.4009 0.1595 0.2510 0.0195 0.0983
54 0.1180 0.2383 0.2007 0.3413 0.0346 0.0672
55 0.1252 0.2377 0.2610 0.2734 0.0565 0.0461
56 0.2230 0.0560 0.4578 0.2095 0.0443 0.0096
57 0.1827 0.0804 0.4890 0.1945 0.0405 0.0128
58 0.1191 0.1816 0.0256 0.2727 0.0769 0.3240
59 0.1857 0.4055 0.0357 0.1786 0.1017 0.0927
60 0.1227 0.1550 0.0325 0.4087 0.0912 0.1901
61 0.0735 0.0771 0.1848 0.3794 0.0915 0.1937
62 0.0386 0.4858 0.2642 0.0818 0.0341 0.0956
63 0.2588 0.1148 0.1343 0.4070 0.0319 0.0534
64 0.1895 0.0953 0.0868 0.2632 0.0275 0.3379
65 0.2081 0.0403 0.5151 0.1595 0.0286 0.0483
66 0.1071 0.2734 0.1970 0.3457 0.0314 0.0453
67 0.1631 0.0538 0.2773 0.4719 0.0264 0.0073
68 0.1425 0.0812 0.0775 0.4458 0.0360 0.2172
69 0.1864 0.0376 0.0923 0.2549 0.1262 0.3027
70 0.1522 0.0518 0.3538 0.2047 0.0596 0.1779
71 0.1135 0.1677 0.2559 0.4150 0.0285 0.0194
72 0.0565 0.0539 0.5889 0.2416 0.0211 0.0382
73 0.0614 0.1520 0.5825 0.1077 0.0740 0.0226
74 0.0819 0.0872 0.0355 0.4788 0.0563 0.2603
75 0.0707 0.1952 0.4263 0.1805 0.1061 0.0212
76 0.0906 0.0268 0.5547 0.2661 0.0549 0.0067
77 0.1694 0.0800 0.1019 0.4641 0.1616 0.0229
78 0.1205 0.0527 0.1838 0.4143 0.0269 0.2019
79 0.2057 0.1035 0.4287 0.1459 0.0418 0.0745
80 0.2549 0.0077 0.6021 0.0881 0.0256 0.0218
81 0.3821 0.0387 0.4539 0.0900 0.0198 0.0155
82 0.1087 0.0391 0.0538 0.6255 0.0591 0.1139
83 0.1768 0.1442 0.1039 0.2737 0.1355 0.1660
84 0.0623 0.1279 0.1361 0.2142 0.0653 0.3940
85 0.1848 0.0070 0.5103 0.1332 0.0273 0.1373
86 0.2825 0.0602 0.3860 0.1781 0.0397 0.0535
87 0.1705 0.2156 0.2225 0.1830 0.0590 0.1494
88 0.2408 0.0116 0.4163 0.2952 0.0124 0.0238
89 0.1259 0.3699 0.4126 0.0456 0.0301 0.0159
90 0.1355 0.0499 0.5195 0.1882 0.0307 0.0760
91 0.2720 0.0709 0.1188 0.2085 0.0743 0.2554
92 0.3533 0.3372 0.1279 0.0529 0.0664 0.0623
93 0.0867 0.0124 0.7852 0.0596 0.0180 0.0379
94 0.0412 0.1818 0.2297 0.3787 0.0156 0.1531
95 0.0318 0.3015 0.2385 0.3472 0.0115 0.0695
96 0.0292 0.2795 0.1260 0.4609 0.0776 0.0264
97 0.0444 0.3181 0.1870 0.3132 0.1188 0.0185
98 0.0456 0.3730 0.2299 0.2729 0.0623 0.0161
99 0.0528 0.3582 0.2312 0.2878 0.0500 0.0202
100 0.0489 0.3818 0.2141 0.2749 0.0618 0.0184
101 0.0221 0.1322 0.4470 0.3428 0.0518 0.0042
102 0.0374 0.0417 0.6333 0.2153 0.0116 0.0608
103 0.0384 0.0741 0.5737 0.1921 0.0123 0.1095
104 0.0193 0.1445 0.5713 0.1798 0.0063 0.0786
105 0.2272 0.1057 0.4380 0.1854 0.0251 0.0188
106 0.0125 0.0965 0.7471 0.1201 0.0011 0.0226
107 0.0090 0.0936 0.7363 0.1362 0.0007 0.0244
108 0.0128 0.1089 0.6470 0.2201 0.0020 0.0094
109 0.0143 0.1897 0.5405 0.2437 0.0020 0.0098
110 0.0151 0.1509 0.5605 0.2566 0.0020 0.0149
111 0.0153 0.1320 0.3643 0.4326 0.0060 0.0501
112 0.2426 0.2369 0.1393 0.2881 0.0489 0.0442
113 0.1996 0.2664 0.1077 0.3474 0.0550 0.0238
114 0.0705 0.3723 0.2257 0.2479 0.0405 0.0431
115 0.0589 0.3391 0.1932 0.3088 0.0512 0.0489
116 0.0284 0.1254 0.1234 0.6670 0.0205 0.0353
117 0.1631 0.1805 0.1353 0.3735 0.0479 0.0997
118 0.0665 0.5791 0.2357 0.0895 0.0245 0.0050
119 0.0660 0.2959 0.2693 0.2869 0.0461 0.0359
120 0.1378 0.0682 0.5801 0.1537 0.0424 0.0178
121 0.1586 0.1235 0.5361 0.1377 0.0310 0.0130
122 0.1704 0.1541 0.1528 0.3472 0.0762 0.0994
123 0.2085 0.3359 0.0940 0.2534 0.0278 0.0804
124 0.0299 0.3669 0.3237 0.2642 0.0139 0.0014
125 0.0184 0.1082 0.1346 0.7163 0.0210 0.0016
126 0.1293 0.1159 0.5889 0.1177 0.0374 0.0109
127 0.0254 0.1292 0.4104 0.3298 0.0394 0.0660
128 0.1775 0.0558 0.5640 0.1642 0.0292 0.0093
129 0.2124 0.0349 0.5098 0.1996 0.0297 0.0137
130 0.1823 0.0510 0.5791 0.1487 0.0277 0.0113
131 0.1613 0.0515 0.5806 0.1562 0.0374 0.0131
132 0.0371 0.0611 0.8052 0.0932 0.0024 0.0008
133 0.0582 0.1375 0.5698 0.2267 0.0072 0.0007
134 0.1047 0.1548 0.4622 0.2551 0.0208 0.0022
135 0.0548 0.1882 0.1687 0.5752 0.0064 0.0065
136 0.0620 0.0228 0.0848 0.7793 0.0213 0.0298
137 0.4062 0.0928 0.3291 0.1438 0.0120 0.0160
138 0.2206 0.0716 0.2922 0.3469 0.0122 0.0566
139 0.1285 0.1503 0.2598 0.1083 0.3232 0.0298
140 0.0948 0.1217 0.2874 0.2874 0.0448 0.1638
141 0.0702 0.0901 0.3679 0.0275 0.1533 0.2910
142 0.1000 0.0451 0.2052 0.4961 0.0081 0.1455
143 0.3052 0.0881 0.2869 0.2800 0.0142 0.0255
144 0.1658 0.1088 0.1582 0.3977 0.0847 0.0847
145 0.1152 0.1715 0.6372 0.0557 0.0199 0.0006
146 0.1792 0.0203 0.5186 0.2230 0.0521 0.0071
147 0.1793 0.0483 0.2375 0.4724 0.0379 0.0245
148 0.2010 0.2622 0.3936 0.1339 0.0029 0.0064
149 0.1989 0.1410 0.2939 0.2893 0.0677 0.0092
150 0.0682 0.0992 0.2534 0.5366 0.0377 0.0051
151 0.2739 0.0882 0.2739 0.3252 0.0322 0.0067
152 0.2510 0.0206 0.4407 0.2551 0.0221 0.0104
153 0.1322 0.2179 0.2627 0.3650 0.0198 0.0025
154 0.1615 0.0728 0.2878 0.3262 0.1470 0.0047
155 0.0717 0.1775 0.1566 0.3757 0.2174 0.0011
156 0.1669 0.0685 0.3267 0.3701 0.0442 0.0237
157 0.1290 0.0974 0.5024 0.2374 0.0304 0.0032
158 0.2554 0.2184 0.2986 0.2084 0.0051 0.0142
159 0.3909 0.0246 0.1372 0.3909 0.0460 0.0107
160 0.1815 0.2057 0.3286 0.2600 0.0102 0.0139
161 0.4575 0.1139 0.2450 0.1462 0.0304 0.0068
162 0.2134 0.4111 0.2573 0.0630 0.0269 0.0282
163 0.2732 0.0990 0.3508 0.2266 0.0419 0.0083
164 0.5532 0.1488 0.1377 0.1377 0.0120 0.0108
165 0.2229 0.2029 0.2817 0.2094 0.0342 0.0490
166 0.2312 0.0318 0.4971 0.2008 0.0188 0.0202
167 0.3867 0.1049 0.3108 0.0891 0.0075 0.1009
168 0.1813 0.1170 0.2401 0.3494 0.0473 0.0651
169 0.2485 0.0372 0.4790 0.1847 0.0342 0.0163
170 0.1810 0.0140 0.6030 0.1755 0.0041 0.0223
171 0.1332 0.0086 0.6060 0.1820 0.0012 0.0691
172 0.2473 0.0676 0.4766 0.1409 0.0376 0.0300
173 0.1465 0.0961 0.3921 0.2737 0.0354 0.0561
174 0.2986 0.0842 0.2068 0.3228 0.0588 0.0289
175 0.3367 0.0980 0.2010 0.1980 0.1382 0.0281
176 0.0734 0.0898 0.1172 0.6743 0.0306 0.0147
177 0.4299 0.3245 0.1764 0.0555 0.0121 0.0016
178 0.4456 0.3210 0.1218 0.0979 0.0125 0.0012
179 0.3335 0.2598 0.2155 0.1704 0.0185 0.0022
180 0.4331 0.2930 0.0795 0.1290 0.0577 0.0075
181 0.4871 0.1175 0.0959 0.2527 0.0429 0.0041
182 0.3696 0.2581 0.1578 0.1615 0.0504 0.0024
183 0.2888 0.4009 0.1396 0.1464 0.0226 0.0016
184 0.0573 0.0725 0.5112 0.2822 0.0703 0.0066
185 0.0903 0.0875 0.3860 0.3198 0.1088 0.0076
186 0.0757 0.0668 0.4031 0.4224 0.0254 0.0067
187 0.1199 0.0642 0.2620 0.5376 0.0149 0.0014
188 0.1633 0.0875 0.1823 0.3623 0.0692 0.1354
189 0.1370 0.1287 0.5679 0.1287 0.0357 0.0022
190 0.5459 0.1401 0.1614 0.1381 0.0078 0.0069
191 0.4744 0.1917 0.2581 0.0689 0.0056 0.0015
192 0.3840 0.2312 0.2766 0.0920 0.0100 0.0061
193 0.1034 0.0481 0.5088 0.2810 0.0466 0.0118
194 0.2695 0.1141 0.3459 0.2305 0.0312 0.0089
195 0.0695 0.0237 0.1720 0.6392 0.0541 0.0415
196 0.1885 0.0523 0.2498 0.4382 0.0515 0.0196
197 0.3694 0.0229 0.2661 0.1296 0.1010 0.1109
198 0.1387 0.1910 0.1282 0.3569 0.1224 0.0630
199 0.5688 0.1310 0.2354 0.0435 0.0196 0.0016
200 0.1512 0.0848 0.1825 0.4446 0.0836 0.0531
201 0.1312 0.0991 0.1293 0.5190 0.0475 0.0737
202 0.0923 0.0197 0.2798 0.5229 0.0307 0.0547
203 0.1161 0.2256 0.5005 0.1295 0.0269 0.0014
204 0.2742 0.2053 0.4448 0.0392 0.0346 0.0020
205 0.2690 0.0432 0.4436 0.2266 0.0153 0.0023
206 0.4116 0.1490 0.1855 0.2203 0.0265 0.0069
207 0.1071 0.0916 0.2375 0.5107 0.0166 0.0364
208 0.1006 0.7202 0.1671 0.0055 0.0064 0.0002
209 0.1339 0.1949 0.3018 0.2244 0.0131 0.1318
210 0.1824 0.0946 0.4958 0.2166 0.0069 0.0037
211 0.1721 0.0355 0.4829 0.2839 0.0135 0.0122
212 0.2815 0.3044 0.2263 0.1461 0.0137 0.0279
213 0.2223 0.0721 0.3469 0.3442 0.0059 0.0084
214 0.1188 0.0346 0.4700 0.3281 0.0211 0.0274
215 0.0894 0.0765 0.2112 0.2668 0.1545 0.2015
216 0.3567 0.0148 0.2303 0.3147 0.0591 0.0243
217 0.0888 0.1105 0.5190 0.2571 0.0102 0.0143
218 0.1960 0.0424 0.3496 0.3721 0.0308 0.0090
219 0.0837 0.0672 0.2966 0.5122 0.0167 0.0234
220 0.0760 0.0602 0.3054 0.5444 0.0089 0.0051
221 0.1768 0.0370 0.1881 0.3801 0.0946 0.1234
222 0.0975 0.0514 0.6460 0.1970 0.0055 0.0023
223 0.0905 0.1379 0.6084 0.1316 0.0267 0.0047
224 0.0257 0.3064 0.6284 0.0378 0.0006 0.0010
225 0.0164 0.3054 0.6465 0.0302 0.0004 0.0010
226 0.0815 0.1985 0.1149 0.5654 0.0342 0.0055
227 0.0897 0.0616 0.2676 0.5322 0.0225 0.0263
228 0.0528 0.0858 0.3235 0.5010 0.0169 0.0199
229 0.0505 0.1682 0.4229 0.2773 0.0355 0.0456
230 0.0497 0.3674 0.5020 0.0529 0.0246 0.0031
231 0.0527 0.1345 0.2593 0.5239 0.0177 0.0119
232 0.1886 0.0500 0.1588 0.4893 0.0470 0.0662
233 0.1946 0.0612 0.2170 0.3992 0.0492 0.0786
234 0.2377 0.0446 0.1910 0.3799 0.0397 0.1071
235 0.1986 0.0479 0.1647 0.4546 0.0373 0.0968
236 0.1814 0.2258 0.4285 0.0831 0.0721 0.0091
237 0.1652 0.0792 0.4932 0.1600 0.0667 0.0357
238 0.1335 0.0641 0.5713 0.1798 0.0317 0.0195
239 0.1252 0.0725 0.4875 0.2913 0.0159 0.0075
240 0.0992 0.0889 0.6079 0.1649 0.0241 0.0149
241 0.0841 0.1808 0.5928 0.1072 0.0317 0.0033
242 0.0792 0.0811 0.5371 0.2922 0.0073 0.0029
243 0.0526 0.1594 0.3765 0.4006 0.0031 0.0079
244 0.2339 0.0748 0.1908 0.3457 0.0620 0.0930
