time exciting_prob fearful_prob tense_prob sad_prob relaxing_prob neutral_prob
0 0.1270 0.2688 0.2527 0.2373 0.0915 0.0228
1 0.0603 0.2313 0.1425 0.1639 0.3755 0.0266
2 0.1376 0.1686 0.0630 0.1334 0.4878 0.0095
3 0.0847 0.1158 0.2001 0.2130 0.3738 0.0126
4 0.2262 0.0900 0.0958 0.3450 0.2092 0.0339
5 0.2898 0.1083 0.1171 0.2942 0.1017 0.0891
6 0.4702 0.1368 0.1276 0.1125 0.1306 0.0223
7 0.5312 0.1122 0.1453 0.1006 0.0874 0.0233
8 0.0084 0.0268 0.0173 0.0384 0.9009 0.0083
9 0.0476 0.0218 0.0236 0.2742 0.5894 0.0434
10 0.1195 0.1233 0.0551 0.1398 0.4802 0.0822
11 0.0669 0.2448 0.3972 0.2524 0.0248 0.0139
12 0.1246 0.3840 0.3608 0.0417 0.0877 0.0011
13 0.1116 0.1700 0.1263 0.4922 0.0816 0.0182
14 0.0664 0.1532 0.0723 0.5347 0.1484 0.0250
15 0.0223 0.0145 0.0046 0.0029 0.9556 0.0003
16 0.1069 0.0497 0.0406 0.0989 0.6860 0.0177
17 0.0456 0.0209 0.0126 0.0355 0.8740 0.0114
18 0.0124 0.0108 0.0165 0.0141 0.9458 0.0005
19 0.0085 0.0076 0.0185 0.0028 0.9624 0.0000
20 0.1934 0.0599 0.0504 0.2603 0.4290 0.0070
21 0.2238 0.0842 0.0540 0.1074 0.5283 0.0024
22 0.1975 0.0963 0.0792 0.1490 0.4736 0.0044
23 0.0147 0.0071 0.0067 0.0052 0.9658 0.0004
24 0.0263 0.0947 0.0338 0.0178 0.8247 0.0026
25 0.1189 0.2007 0.2421 0.1337 0.3013 0.0035
26 0.1959 0.2291 0.3108 0.1611 0.1009 0.0022
27 0.1875 0.1531 0.2949 0.3020 0.0572 0.0052
28 0.2156 0.1238 0.1307 0.2156 0.3088 0.0055
29 0.2510 0.1252 0.2146 0.2888 0.1167 0.0036
30 0.1077 0.3450 0.1320 0.2793 0.1309 0.0054
31 0.2722 0.0727 0.0739 0.2274 0.3469 0.0069
32 0.5864 0.0485 0.0435 0.0740 0.2463 0.0015
33 0.3125 0.1234 0.1781 0.1254 0.2590 0.0015
34 0.3682 0.1823 0.0725 0.1063 0.2695 0.0012
35 0.1370 0.0721 0.0781 0.2404 0.4490 0.0234
36 0.1687 0.0720 0.0592 0.0687 0.6270 0.0045
37 0.1682 0.0839 0.0425 0.0674 0.6348 0.0034
38 0.2115 0.1205 0.0491 0.0842 0.5317 0.0027
39 0.2189 0.1267 0.0589 0.0352 0.5591 0.0013
40 0.1143 0.1730 0.0540 0.0043 0.6528 0.0016
41 0.2354 0.1121 0.0542 0.0055 0.5918 0.0012
42 0.2252 0.0848 0.0737 0.0033 0.6123 0.0009
43 0.1710 0.1046 0.0560 0.0058 0.6611 0.0017
44 0.0809 0.1583 0.0790 0.0129 0.6665 0.0022
45 0.0970 0.3992 0.2188 0.0055 0.2766 0.0029
46 0.0964 0.4707 0.1992 0.0077 0.2240 0.0020
47 0.1160 0.1356 0.0404 0.0065 0.6997 0.0019
48 0.0905 0.0694 0.0294 0.0136 0.7939 0.0031
49 0.0928 0.1278 0.0516 0.0116 0.7129 0.0035
50 0.2168 0.1410 0.0410 0.0115 0.5845 0.0050
51 0.2487 0.1156 0.0497 0.0060 0.5781 0.0019
52 0.1560 0.1115 0.1315 0.0307 0.5664 0.0039
53 0.1971 0.1477 0.1635 0.0291 0.4548 0.0076
54 0.2108 0.2583 0.2837 0.0240 0.2192 0.0040
55 0.0940 0.1573 0.3604 0.0377 0.3384 0.0121
56 0.0196 0.1775 0.1472 0.2012 0.4395 0.0152
57 0.2075 0.0928 0.1694 0.0474 0.4788 0.0041
58 0.0214 0.0387 0.0084 0.0071 0.9233 0.0008
59 0.2120 0.3901 0.2188 0.0905 0.0844 0.0043
60 0.2261 0.2837 0.1372 0.0105 0.3420 0.0005
61 0.0925 0.2678 0.0491 0.0093 0.5801 0.0011
62 0.0041 0.0041 0.0081 0.0051 0.9780 0.0008
63 0.2043 0.1790 0.2427 0.0150 0.3530 0.0058
64 0.1292 0.1079 0.1765 0.1204 0.4543 0.0115
65 0.0101 0.0087 0.0025 0.0070 0.9707 0.0008
66 0.2013 0.0463 0.0966 0.0415 0.6104 0.0041
67 0.3777 0.3689 0.1715 0.0253 0.0447 0.0119
68 0.0611 0.1196 0.0511 0.0039 0.7622 0.0021
69 0.1364 0.0730 0.0808 0.0288 0.6660 0.0147
70 0.1862 0.0894 0.1202 0.3372 0.2391 0.0279
71 0.1398 0.1031 0.3713 0.2183 0.0999 0.0676
72 0.0810 0.2418 0.2495 0.0023 0.4243 0.0009
73 0.0421 0.0994 0.0622 0.0371 0.7515 0.0077
74 0.2328 0.1236 0.0672 0.0043 0.5718 0.0006
75 0.3984 0.1912 0.1853 0.0583 0.1648 0.0021
76 0.0176 0.0524 0.0287 0.0005 0.9004 0.0002
77 0.0301 0.0306 0.0352 0.0021 0.9019 0.0002
78 0.0130 0.0179 0.0126 0.0005 0.9561 0.0001
79 0.0866 0.0538 0.0718 0.0029 0.7842 0.0007
80 0.0801 0.2319 0.1078 0.0092 0.5693 0.0014
81 0.2424 0.0878 0.1257 0.0086 0.5337 0.0016
82 0.2249 0.3916 0.1475 0.0049 0.2301 0.0012
83 0.1046 0.3538 0.3708 0.0483 0.1113 0.0110
84 0.0984 0.4478 0.2847 0.0465 0.1089 0.0138
85 0.4478 0.0426 0.0394 0.0072 0.4619 0.0009
86 0.4700 0.1265 0.1091 0.0085 0.2830 0.0031
87 0.4900 0.0658 0.0497 0.0062 0.3875 0.0009
88 0.3975 0.0801 0.1384 0.0148 0.3677 0.0013
89 0.4434 0.1486 0.1384 0.0233 0.2355 0.0108
90 0.4019 0.1388 0.1455 0.0228 0.2849 0.0062
91 0.1646 0.2080 0.1985 0.0106 0.4170 0.0014
92 0.1146 0.0285 0.0406 0.0690 0.7358 0.0115
93 0.3220 0.0610 0.0429 0.0107 0.5610 0.0023
94 0.5352 0.1440 0.1620 0.0547 0.0815 0.0224
95 0.2593 0.1215 0.0835 0.0024 0.5322 0.0012
96 0.1410 0.3542 0.2341 0.0086 0.2612 0.0007
97 0.2507 0.1892 0.2710 0.0041 0.2839 0.0010
98 0.4556 0.1587 0.1116 0.0049 0.2678 0.0014
99 0.2334 0.2175 0.2446 0.2334 0.0690 0.0019
100 0.3193 0.2030 0.0644 0.0250 0.3765 0.0118
101 0.3394 0.1693 0.3137 0.0745 0.0957 0.0076
102 0.2898 0.3308 0.1842 0.0070 0.1857 0.0026
103 0.3228 0.0911 0.1755 0.0145 0.3894 0.0066
104 0.3225 0.2416 0.1866 0.0060 0.2416 0.0018
105 0.1063 0.0457 0.0502 0.0175 0.7734 0.0067
106 0.1426 0.0734 0.1494 0.0493 0.5815 0.0039
107 0.1500 0.0992 0.2019 0.2115 0.3354 0.0020
108 0.0222 0.3062 0.2661 0.3752 0.0045 0.0257
109 0.0279 0.0181 0.0222 0.0150 0.9150 0.0015
110 0.0667 0.5088 0.2223 0.1677 0.0303 0.0043
111 0.3611 0.1011 0.1191 0.0497 0.3640 0.0050
112 0.2085 0.1198 0.4414 0.1757 0.0515 0.0031
113 0.0161 0.0190 0.0405 0.0022 0.9219 0.0003
114 0.1190 0.5171 0.2661 0.0028 0.0942 0.0008
115 0.3015 0.3037 0.1412 0.0249 0.2240 0.0045
116 0.1233 0.0498 0.1418 0.0828 0.5884 0.0141
117 0.0740 0.3262 0.2463 0.3064 0.0428 0.0042
118 0.1659 0.1836 0.1970 0.0020 0.4509 0.0004
119 0.0732 0.0774 0.3662 0.4417 0.0076 0.0338
120 0.1242 0.2017 0.3650 0.2549 0.0486 0.0056
121 0.0799 0.5166 0.2404 0.1401 0.0204 0.0026
122 0.5176 0.1382 0.0516 0.0134 0.2769 0.0025
123 0.0900 0.4094 0.2603 0.0024 0.2371 0.0009
124 0.2124 0.1329 0.1460 0.1654 0.2791 0.0643
125 0.0886 0.4751 0.2708 0.0442 0.1102 0.0113
126 0.2791 0.3018 0.2683 0.0169 0.1146 0.0193
127 0.1853 0.1687 0.4309 0.1039 0.0809 0.0302
128 0.2358 0.0895 0.0596 0.1609 0.4043 0.0498
129 0.3486 0.2198 0.0771 0.0081 0.3406 0.0058
130 0.2961 0.3079 0.0917 0.0437 0.2455 0.0149
131 0.2434 0.0841 0.0650 0.0174 0.5884 0.0017
132 0.3052 0.3101 0.2551 0.0045 0.1224 0.0029
133 0.2756 0.2285 0.3125 0.0077 0.1711 0.0045
134 0.2695 0.2216 0.1273 0.0400 0.3352 0.0064
135 0.1594 0.2864 0.3945 0.0134 0.1353 0.0110
136 0.3938 0.2644 0.2333 0.0054 0.1003 0.0028
137 0.2939 0.2437 0.2418 0.0043 0.2068 0.0095
138 0.2417 0.1432 0.1675 0.0263 0.3804 0.0410
139 0.1278 0.1775 0.2010 0.1360 0.2010 0.1566
140 0.0813 0.4001 0.3240 0.0723 0.0309 0.0914
141 0.2078 0.4431 0.0701 0.0989 0.1749 0.0052
142 0.4021 0.1770 0.1368 0.0111 0.2576 0.0155
143 0.2216 0.3889 0.2981 0.0461 0.0295 0.0158
144 0.4080 0.1273 0.0611 0.0042 0.3862 0.0133
145 0.4453 0.1600 0.0941 0.0063 0.2854 0.0089
146 0.1223 0.3196 0.1176 0.0114 0.4202 0.0092
147 0.3528 0.1278 0.2406 0.0153 0.2261 0.0375
148 0.2729 0.1775 0.3291 0.0533 0.1201 0.0471
149 0.1414 0.4893 0.2461 0.0683 0.0251 0.0298
150 0.1909 0.3538 0.2866 0.0173 0.1282 0.0232
151 0.1528 0.4563 0.2190 0.1392 0.0224 0.0102
152 0.0706 0.4124 0.3313 0.1288 0.0412 0.0157
153 0.3191 0.0845 0.3069 0.0231 0.2061 0.0604
154 0.3271 0.1343 0.1140 0.0047 0.4136 0.0060
155 0.0966 0.0542 0.1920 0.0192 0.6294 0.0086
156 0.4624 0.1611 0.0836 0.0072 0.2739 0.0117
157 0.6064 0.1365 0.0742 0.0133 0.1498 0.0197
158 0.5454 0.1599 0.1180 0.0139 0.1337 0.0291
159 0.6816 0.1281 0.0551 0.0046 0.1271 0.0037
160 0.2493 0.1324 0.1548 0.1205 0.3381 0.0047
161 0.2568 0.0707 0.0649 0.1864 0.0783 0.3428
162 0.6997 0.1057 0.0593 0.0089 0.0869 0.0395
163 0.1490 0.0933 0.3057 0.2827 0.1216 0.0476
164 0.2834 0.0533 0.1027 0.1200 0.2971 0.1437
165 0.2856 0.1541 0.1979 0.0168 0.3210 0.0246
166 0.4617 0.2529 0.1046 0.0109 0.1583 0.0117
167 0.5918 0.1078 0.0409 0.0081 0.2449 0.0063
168 0.3025 0.1176 0.1658 0.0406 0.3706 0.0029
169 0.3301 0.2490 0.1910 0.0295 0.1262 0.0742
170 0.2559 0.1731 0.1527 0.0255 0.3870 0.0057
171 0.2365 0.0357 0.1083 0.5498 0.0511 0.0185
172 0.1344 0.2114 0.2018 0.3596 0.0803 0.0125
173 0.2947 0.2542 0.1615 0.0580 0.2295 0.0021
174 0.1492 0.1871 0.1189 0.3389 0.1730 0.0330
175 0.1765 0.0629 0.1659 0.2957 0.2778 0.0213
176 0.1337 0.2920 0.4055 0.0603 0.1066 0.0020
177 0.2874 0.2498 0.2852 0.0870 0.0811 0.0095
178 0.1702 0.1755 0.4211 0.0829 0.1489 0.0013
179 0.1744 0.1588 0.5371 0.0469 0.0804 0.0023
180 0.1923 0.2668 0.2710 0.1375 0.1251 0.0072
181 0.1611 0.2537 0.2720 0.2037 0.0919 0.0177
182 0.2810 0.2681 0.3779 0.0200 0.0528 0.0002
183 0.2157 0.0900 0.3967 0.0701 0.2227 0.0048
184 0.1299 0.1919 0.2949 0.2771 0.1027 0.0036
185 0.0671 0.3201 0.5117 0.0565 0.0437 0.0010
186 0.3564 0.1194 0.2374 0.1908 0.0610 0.0350
187 0.2487 0.3093 0.3069 0.0966 0.0372 0.0012
188 0.1963 0.1393 0.3669 0.1844 0.0658 0.0474
189 0.2869 0.2397 0.3303 0.0353 0.1072 0.0006
190 0.1497 0.1696 0.3882 0.1749 0.0981 0.0195
191 0.0388 0.4143 0.4341 0.0547 0.0544 0.0037
192 0.1649 0.0890 0.4148 0.0709 0.2515 0.0088
193 0.2271 0.2573 0.1796 0.2003 0.1023 0.0335
194 0.2244 0.1494 0.2622 0.3264 0.0306 0.0068
195 0.0871 0.1627 0.5503 0.1003 0.0913 0.0081
196 0.1755 0.0816 0.4846 0.2184 0.0286 0.0113
197 0.4111 0.2150 0.1132 0.0518 0.1973 0.0117
198 0.1536 0.0760 0.5361 0.1377 0.0784 0.0182
199 0.0928 0.2296 0.5957 0.0372 0.0184 0.0264
200 0.2544 0.1694 0.3938 0.1449 0.0254 0.0121
201 0.2515 0.0767 0.2986 0.3081 0.0340 0.0310
202 0.0648 0.1230 0.1531 0.0669 0.5688 0.0231
203 0.1805 0.2546 0.0997 0.0138 0.4470 0.0043
204 0.1890 0.1211 0.1803 0.0467 0.4604 0.0024
205 0.2639 0.2404 0.2024 0.0082 0.2832 0.0018
206 0.2085 0.4243 0.2020 0.0255 0.1389 0.0007
207 0.2373 0.1231 0.2839 0.0199 0.3193 0.0164
208 0.5684 0.0965 0.1831 0.0467 0.0489 0.0563
209 0.7012 0.1092 0.1228 0.0144 0.0504 0.0021
210 0.1868 0.3599 0.3435 0.0822 0.0271 0.0005
211 0.1975 0.3413 0.3359 0.0444 0.0804 0.0006
212 0.1654 0.2881 0.3367 0.1011 0.1043 0.0043
213 0.2087 0.4055 0.2744 0.0352 0.0744 0.0019
214 0.2864 0.3508 0.1038 0.0062 0.2489 0.0038
215 0.4363 0.1383 0.1862 0.1212 0.0981 0.0199
216 0.2642 0.3162 0.3340 0.0516 0.0287 0.0051
217 0.1295 0.0327 0.2786 0.2102 0.2382 0.1108
218 0.3132 0.1337 0.3440 0.1285 0.0411 0.0398
219 0.4067 0.1384 0.2751 0.1300 0.0393 0.0103
220 0.4673 0.3162 0.1060 0.0222 0.0812 0.0070
221 0.2473 0.1007 0.4548 0.1355 0.0436 0.0181
222 0.0386 0.1227 0.6431 0.1873 0.0065 0.0017
223 0.0978 0.1074 0.5205 0.1946 0.0484 0.0312
224 0.1309 0.0988 0.5176 0.1846 0.0485 0.0199
225 0.3384 0.0667 0.2849 0.2515 0.0519 0.0066
226 0.4080 0.1610 0.2937 0.0720 0.0602 0.0052
227 0.3977 0.1301 0.3098 0.1158 0.0356 0.0109
228 0.3452 0.0198 0.1683 0.3914 0.0385 0.0370
229 0.4033 0.0907 0.3616 0.0886 0.0418 0.0140
230 0.0819 0.1035 0.6343 0.0746 0.1019 0.0039
231 0.2817 0.0873 0.2449 0.3401 0.0364 0.0096
232 0.2418 0.1255 0.4771 0.1389 0.0158 0.0009
233 0.3240 0.0576 0.3845 0.1904 0.0384 0.0051
234 0.1193 0.1508 0.3789 0.3093 0.0193 0.0224
235 0.2317 0.0958 0.4644 0.1736 0.0329 0.0016
236 0.2715 0.0514 0.3325 0.3171 0.0228 0.0047
237 0.2554 0.1099 0.2896 0.2896 0.0362 0.0194
238 0.3318 0.1405 0.2839 0.2061 0.0336 0.0042
239 0.2654 0.1224 0.5361 0.0606 0.0122 0.0032
240 0.2183 0.1344 0.2891 0.1809 0.1699 0.0073
241 0.3740 0.1837 0.2673 0.0828 0.0731 0.0189
242 0.2456 0.1501 0.4697 0.0890 0.0440 0.0013
243 0.5479 0.0741 0.1311 0.2079 0.0177 0.0214
244 0.1003 0.0504 0.1918 0.1641 0.1093 0.3843
245 0.4248 0.0646 0.4084 0.0637 0.0377 0.0008
246 0.4331 0.0691 0.1473 0.1462 0.1820 0.0222
247 0.2783 0.0947 0.1797 0.1000 0.3105 0.0368
248 0.1136 0.1553 0.1349 0.1288 0.0181 0.4492
249 0.1136 0.1553 0.1349 0.1288 0.0181 0.4492
250 0.1136 0.1553 0.1349 0.1288 0.0181 0.4492
251 0.6772 0.2268 0.0100 0.0021 0.0834 0.0005
252 0.6738 0.2292 0.0101 0.0021 0.0844 0.0005
253 0.6763 0.2266 0.0100 0.0021 0.0847 0.0005
254 0.6362 0.2532 0.0103 0.0026 0.0969 0.0006
255 0.6611 0.2357 0.0100 0.0027 0.0901 0.0005
256 0.6611 0.2357 0.0100 0.0027 0.0901 0.0005
257 0.6611 0.2357 0.0100 0.0027 0.0901 0.0005
258 0.6611 0.2357 0.0100 0.0027 0.0901 0.0005
259 0.6611 0.2357 0.0100 0.0027 0.0901 0.0005
260 0.6538 0.2405 0.0103 0.0028 0.0920 0.0006
