time exciting_prob fearful_prob tense_prob sad_prob relaxing_prob neutral_prob
0 0.1624 0.0985 0.1869 0.3896 0.0511 0.1116
1 0.1025 0.1827 0.3416 0.2788 0.0395 0.0549
2 0.2008 0.0978 0.1469 0.4119 0.0948 0.0477
3 0.3230 0.0698 0.1898 0.2678 0.1116 0.0380
4 0.0437 0.3862 0.3152 0.1973 0.0327 0.0247
5 0.0422 0.1777 0.3765 0.1544 0.2247 0.0244
6 0.0149 0.6104 0.3069 0.0105 0.0568 0.0005
7 0.0917 0.1196 0.4109 0.3149 0.0407 0.0221
8 0.0327 0.4309 0.2272 0.0715 0.2344 0.0034
9 0.0671 0.1293 0.3406 0.4109 0.0359 0.0164
10 0.0135 0.7061 0.1327 0.0161 0.1306 0.0009
11 0.0709 0.1410 0.4482 0.2289 0.0548 0.0561
12 0.0265 0.4021 0.4700 0.0829 0.0060 0.0125
13 0.0220 0.3337 0.3337 0.2810 0.0170 0.0122
14 0.1054 0.3916 0.3403 0.1038 0.0436 0.0153
15 0.0279 0.4717 0.1044 0.0107 0.3850 0.0003
16 0.0294 0.0890 0.0963 0.0823 0.7002 0.0030
17 0.0327 0.1812 0.2362 0.1411 0.4019 0.0069
18 0.0566 0.1716 0.3413 0.3689 0.0289 0.0327
19 0.0623 0.1616 0.4192 0.3367 0.0102 0.0102
20 0.0326 0.4155 0.2769 0.2224 0.0287 0.0238
21 0.0840 0.5391 0.1953 0.1342 0.0206 0.0268
22 0.1104 0.4299 0.1203 0.2374 0.0930 0.0091
23 0.0466 0.5332 0.2681 0.0253 0.1228 0.0037
24 0.0643 0.3760 0.4680 0.0460 0.0412 0.0046
25 0.0335 0.5806 0.2876 0.0462 0.0508 0.0012
26 0.1049 0.2054 0.2556 0.1017 0.2942 0.0380
27 0.0485 0.4602 0.3164 0.1542 0.0116 0.0090
28 0.0470 0.1692 0.2922 0.4124 0.0751 0.0041
29 0.0862 0.4180 0.2272 0.1770 0.0890 0.0027
30 0.0970 0.3206 0.2383 0.1771 0.1664 0.0007
31 0.0273 0.1923 0.1835 0.4910 0.1029 0.0029
32 0.1838 0.1926 0.1957 0.2474 0.1782 0.0023
33 0.0859 0.1555 0.2094 0.3242 0.2159 0.0092
34 0.0806 0.2028 0.4863 0.1761 0.0160 0.0381
35 0.0333 0.7632 0.1625 0.0241 0.0142 0.0029
36 0.0702 0.5029 0.2776 0.0916 0.0490 0.0089
37 0.0735 0.1375 0.1487 0.5435 0.0231 0.0735
38 0.0376 0.4231 0.4165 0.0564 0.0100 0.0564
39 0.0353 0.4580 0.2734 0.1940 0.0342 0.0051
40 0.0556 0.6216 0.2322 0.0578 0.0108 0.0223
41 0.0626 0.2363 0.1326 0.5327 0.0158 0.0202
42 0.0311 0.4431 0.2125 0.1819 0.1249 0.0065
43 0.0187 0.0908 0.2144 0.5645 0.0193 0.0922
44 0.1139 0.2095 0.2732 0.2820 0.0591 0.0624
45 0.2009 0.3472 0.2661 0.1075 0.0585 0.0199
46 0.0277 0.3594 0.5068 0.0867 0.0056 0.0142
47 0.0223 0.5581 0.2185 0.1188 0.0495 0.0327
48 0.0638 0.1555 0.3342 0.4226 0.0137 0.0100
49 0.0262 0.2410 0.5967 0.0974 0.0065 0.0324
50 0.0247 0.0864 0.0477 0.0318 0.8071 0.0024
51 0.0286 0.1466 0.1107 0.0539 0.6470 0.0132
52 0.2052 0.2893 0.4146 0.0666 0.0054 0.0189
53 0.2537 0.2007 0.5127 0.0174 0.0069 0.0086
54 0.1204 0.0625 0.2285 0.5068 0.0314 0.0502
55 0.0640 0.6123 0.2084 0.0743 0.0398 0.0011
56 0.1235 0.6938 0.1024 0.0465 0.0191 0.0145
57 0.1149 0.3735 0.4233 0.0526 0.0190 0.0165
58 0.0571 0.2703 0.4316 0.1886 0.0318 0.0207
59 0.0094 0.7607 0.2214 0.0033 0.0005 0.0044
60 0.0424 0.6279 0.2744 0.0261 0.0092 0.0199
61 0.2881 0.2108 0.1721 0.2262 0.0965 0.0062
62 0.0721 0.2556 0.3718 0.1959 0.0621 0.0424
63 0.3350 0.4436 0.1685 0.0334 0.0075 0.0120
64 0.2188 0.2810 0.2639 0.1266 0.0780 0.0318
65 0.1299 0.2998 0.1416 0.2335 0.1708 0.0244
66 0.1625 0.0986 0.4021 0.1676 0.1599 0.0092
67 0.0942 0.3845 0.2644 0.1680 0.0838 0.0050
68 0.0344 0.4094 0.4358 0.0806 0.0306 0.0093
69 0.1276 0.5762 0.1813 0.0617 0.0480 0.0051
70 0.1266 0.6738 0.1481 0.0289 0.0175 0.0051
71 0.0737 0.5444 0.3054 0.0635 0.0094 0.0037
72 0.0338 0.4275 0.4622 0.0548 0.0185 0.0035
73 0.0643 0.6489 0.1774 0.0689 0.0296 0.0109
74 0.0426 0.4167 0.1879 0.3147 0.0158 0.0224
75 0.0449 0.3877 0.2927 0.2389 0.0212 0.0148
76 0.0511 0.2615 0.2534 0.3987 0.0206 0.0145
77 0.0288 0.6396 0.2839 0.0358 0.0050 0.0067
78 0.0354 0.6123 0.2551 0.0731 0.0114 0.0126
79 0.0756 0.1246 0.3550 0.1266 0.3083 0.0098
80 0.0406 0.3345 0.2408 0.3191 0.0071 0.0581
81 0.0174 0.5278 0.2827 0.1315 0.0317 0.0089
82 0.0794 0.1906 0.4360 0.2061 0.0648 0.0231
83 0.1089 0.0875 0.1796 0.4307 0.0491 0.1443
84 0.0200 0.2554 0.1305 0.5083 0.0340 0.0519
85 0.1011 0.1774 0.2971 0.3018 0.1163 0.0065
86 0.1797 0.1797 0.3008 0.2494 0.0519 0.0385
87 0.1281 0.3296 0.2112 0.2607 0.0509 0.0195
88 0.0681 0.2778 0.2957 0.2610 0.0226 0.0748
89 0.0556 0.2434 0.5317 0.1304 0.0335 0.0054
90 0.0564 0.4331 0.1342 0.0724 0.3025 0.0014
91 0.0652 0.4321 0.1328 0.0435 0.3262 0.0001
92 0.0533 0.3069 0.4534 0.1221 0.0118 0.0525
93 0.0473 0.1001 0.1550 0.5161 0.1575 0.0238
94 0.0380 0.1324 0.6729 0.1098 0.0153 0.0317
95 0.0242 0.1876 0.0974 0.6548 0.0292 0.0065
96 0.0585 0.3474 0.3315 0.0964 0.1641 0.0021
97 0.0920 0.1746 0.2074 0.0739 0.4458 0.0063
98 0.0679 0.2688 0.4363 0.0555 0.1508 0.0209
99 0.0757 0.1392 0.2559 0.5010 0.0151 0.0129
100 0.0202 0.2128 0.5605 0.1086 0.0133 0.0846
101 0.0385 0.2491 0.1740 0.1511 0.3860 0.0013
102 0.0184 0.5923 0.2356 0.1241 0.0248 0.0049
103 0.0216 0.4619 0.4270 0.0742 0.0043 0.0110
104 0.0348 0.2825 0.5112 0.1089 0.0388 0.0235
105 0.0551 0.4011 0.1097 0.2756 0.1409 0.0175
106 0.0645 0.1809 0.2148 0.1476 0.3889 0.0032
107 0.0389 0.1600 0.0857 0.2155 0.4932 0.0068
108 0.0728 0.3970 0.3291 0.1288 0.0658 0.0066
109 0.0497 0.5464 0.2664 0.0885 0.0481 0.0010
110 0.0169 0.7065 0.1627 0.0793 0.0338 0.0007
111 0.0513 0.2952 0.5869 0.0199 0.0347 0.0117
112 0.0339 0.5298 0.3020 0.0906 0.0402 0.0034
113 0.0338 0.5239 0.3279 0.0939 0.0191 0.0016
114 0.1428 0.3425 0.1750 0.2391 0.0795 0.0209
115 0.1449 0.3069 0.2625 0.2280 0.0428 0.0149
116 0.2455 0.2695 0.4045 0.0611 0.0123 0.0070
117 0.0428 0.4221 0.3088 0.1371 0.0871 0.0022
118 0.1245 0.3926 0.3687 0.0704 0.0203 0.0236
119 0.1576 0.5249 0.2598 0.0469 0.0085 0.0026
120 0.1580 0.5781 0.1439 0.0609 0.0323 0.0268
121 0.1940 0.3679 0.3403 0.0433 0.0379 0.0166
122 0.0892 0.1403 0.1615 0.5464 0.0533 0.0095
123 0.0402 0.7021 0.1980 0.0478 0.0097 0.0024
124 0.2148 0.4585 0.0611 0.0539 0.2051 0.0065
125 0.1938 0.4009 0.1005 0.0534 0.2412 0.0103
126 0.0466 0.1248 0.1993 0.5859 0.0130 0.0301
127 0.0618 0.2859 0.3140 0.2686 0.0309 0.0387
128 0.0693 0.3657 0.1897 0.2983 0.0507 0.0263
129 0.2266 0.3171 0.1292 0.1632 0.1030 0.0610
130 0.1906 0.4065 0.2245 0.0788 0.0150 0.0845
131 0.1495 0.2352 0.2927 0.2043 0.0231 0.0950
132 0.0730 0.2338 0.4102 0.2411 0.0207 0.0212
133 0.1447 0.3931 0.2876 0.1144 0.0313 0.0291
134 0.0606 0.2341 0.3054 0.3354 0.0070 0.0574
135 0.1142 0.2805 0.2218 0.2474 0.0255 0.1107
136 0.0795 0.3372 0.1300 0.2467 0.1544 0.0521
137 0.1313 0.2803 0.4141 0.1273 0.0203 0.0269
138 0.1459 0.2090 0.2224 0.1075 0.3088 0.0064
139 0.0698 0.2219 0.5938 0.0939 0.0127 0.0079
140 0.1483 0.4788 0.1554 0.0525 0.1191 0.0459
141 0.1392 0.2681 0.2681 0.2223 0.0438 0.0584
142 0.2329 0.5503 0.1190 0.0434 0.0298 0.0247
143 0.1613 0.5942 0.0970 0.0727 0.0575 0.0171
144 0.1461 0.3452 0.4099 0.0529 0.0238 0.0221
145 0.0589 0.3552 0.2810 0.2639 0.0190 0.0218
146 0.1050 0.2292 0.3389 0.2479 0.0360 0.0431
147 0.0220 0.7520 0.1731 0.0424 0.0053 0.0054
148 0.0657 0.2898 0.3665 0.2089 0.0229 0.0462
149 0.1790 0.4717 0.1531 0.1372 0.0204 0.0387
150 0.2115 0.4016 0.2288 0.0731 0.0200 0.0651
151 0.1008 0.3303 0.2961 0.2035 0.0243 0.0450
152 0.1091 0.2136 0.5991 0.0411 0.0280 0.0089
153 0.1466 0.2100 0.2573 0.2825 0.0903 0.0132
154 0.1740 0.2130 0.2571 0.2130 0.1354 0.0076
155 0.1548 0.2343 0.1421 0.4048 0.0305 0.0338
156 0.0264 0.3538 0.3594 0.2549 0.0020 0.0035
157 0.2712 0.5698 0.0702 0.0176 0.0665 0.0049
158 0.0428 0.6802 0.2465 0.0210 0.0084 0.0010
159 0.0677 0.1575 0.2852 0.3835 0.0688 0.0374
160 0.0229 0.2922 0.3311 0.0799 0.2703 0.0038
161 0.1265 0.2363 0.2637 0.2896 0.0444 0.0398
162 0.2213 0.3347 0.1670 0.2649 0.0083 0.0038
163 0.1323 0.2323 0.1366 0.4207 0.0543 0.0239
164 0.0786 0.4526 0.2876 0.1338 0.0455 0.0019
165 0.1224 0.3176 0.3381 0.2019 0.0115 0.0085
166 0.0340 0.4961 0.3357 0.0903 0.0420 0.0017
167 0.2379 0.4111 0.1882 0.0539 0.0939 0.0151
168 0.3247 0.5483 0.0620 0.0193 0.0446 0.0011
169 0.0439 0.2732 0.2162 0.3621 0.0173 0.0873
170 0.2048 0.3596 0.2935 0.0938 0.0353 0.0129
171 0.3110 0.4707 0.1338 0.0150 0.0612 0.0083
172 0.2390 0.5220 0.1416 0.0521 0.0409 0.0046
173 0.3059 0.4966 0.1017 0.0210 0.0704 0.0046
174 0.0994 0.4026 0.2024 0.2122 0.0508 0.0325
175 0.2634 0.5000 0.1598 0.0398 0.0315 0.0057
176 0.1008 0.4048 0.3357 0.0992 0.0286 0.0310
177 0.0194 0.4177 0.1714 0.3743 0.0049 0.0122
178 0.4192 0.2837 0.1761 0.0242 0.0921 0.0048
179 0.0691 0.2668 0.2798 0.2212 0.0111 0.1521
180 0.0710 0.3335 0.4351 0.1527 0.0042 0.0035
181 0.0420 0.4553 0.3716 0.0816 0.0484 0.0012
182 0.0637 0.4026 0.4353 0.0485 0.0477 0.0022
183 0.0933 0.3257 0.3928 0.0905 0.0421 0.0557
184 0.1094 0.0664 0.0981 0.6299 0.0124 0.0839
185 0.1311 0.4006 0.0770 0.3293 0.0110 0.0509
186 0.1328 0.4058 0.1370 0.2661 0.0320 0.0264
187 0.0753 0.5225 0.3535 0.0281 0.0096 0.0111
188 0.0644 0.2063 0.3853 0.2732 0.0273 0.0436
189 0.1991 0.3440 0.2222 0.1703 0.0242 0.0401
190 0.1004 0.2028 0.1310 0.3848 0.0256 0.1555
191 0.1715 0.3464 0.1346 0.2400 0.0484 0.0588
192 0.1592 0.3369 0.3643 0.0563 0.0349 0.0485
193 0.2153 0.6431 0.0652 0.0208 0.0392 0.0164
194 0.1642 0.5820 0.1654 0.0409 0.0168 0.0308
195 0.2074 0.2925 0.3018 0.0775 0.0580 0.0627
196 0.1514 0.3203 0.2236 0.2698 0.0120 0.0228
197 0.3523 0.2007 0.2039 0.1049 0.0699 0.0683
198 0.0598 0.1266 0.4490 0.3232 0.0253 0.0161
199 0.3477 0.1604 0.1748 0.1847 0.1240 0.0082
200 0.0670 0.6406 0.1204 0.0703 0.0909 0.0108
201 0.0766 0.0868 0.3711 0.4077 0.0253 0.0324
202 0.3445 0.3088 0.2190 0.0378 0.0793 0.0108
203 0.3494 0.2517 0.2764 0.0371 0.0798 0.0055
204 0.1516 0.3870 0.2311 0.1829 0.0369 0.0106
205 0.2583 0.5913 0.1028 0.0204 0.0193 0.0078
206 0.1981 0.0740 0.1567 0.3069 0.0865 0.1776
