time exciting_prob fearful_prob tense_prob sad_prob relaxing_prob neutral_prob
0 0.1136 0.1553 0.1349 0.1288 0.0181 0.4492
1 0.0497 0.4099 0.1020 0.2861 0.0974 0.0550
2 0.0630 0.4478 0.1263 0.1753 0.1080 0.0797
3 0.0529 0.3730 0.0764 0.2524 0.0922 0.1531
4 0.0846 0.3535 0.1362 0.2144 0.0966 0.1147
5 0.0281 0.1528 0.0757 0.4783 0.0528 0.2123
6 0.0542 0.4038 0.0680 0.1848 0.1395 0.1497
7 0.0947 0.5894 0.0918 0.1636 0.0172 0.0434
8 0.0381 0.3367 0.2971 0.1493 0.1257 0.0533
9 0.0347 0.3215 0.1694 0.1980 0.2316 0.0449
10 0.0381 0.4265 0.3025 0.1923 0.0118 0.0288
11 0.0406 0.2410 0.2448 0.3242 0.0133 0.1362
12 0.6055 0.1069 0.0384 0.2029 0.0435 0.0028
13 0.0105 0.0427 0.0159 0.9268 0.0033 0.0006
14 0.0667 0.2898 0.2678 0.1423 0.0146 0.2188
15 0.0560 0.2935 0.2358 0.2147 0.0133 0.1865
16 0.0922 0.3481 0.1301 0.2932 0.0457 0.0908
17 0.1020 0.6704 0.1174 0.0718 0.0323 0.0061
18 0.0672 0.6787 0.1422 0.0165 0.0721 0.0236
19 0.1229 0.4937 0.1051 0.1680 0.0493 0.0613
20 0.0766 0.4407 0.1571 0.1365 0.0483 0.1409
21 0.0425 0.2445 0.0684 0.5342 0.0509 0.0595
22 0.0439 0.4011 0.2357 0.2214 0.0475 0.0502
23 0.0961 0.4077 0.3433 0.0754 0.0108 0.0666
24 0.0395 0.1538 0.7002 0.0557 0.0078 0.0427
25 0.0269 0.1466 0.6270 0.1273 0.0040 0.0682
26 0.0150 0.1208 0.5854 0.2120 0.0019 0.0647
27 0.0379 0.4551 0.2551 0.2084 0.0273 0.0162
28 0.0286 0.4910 0.2145 0.2145 0.0337 0.0179
29 0.0378 0.4324 0.2622 0.2042 0.0521 0.0112
30 0.0452 0.4353 0.2441 0.2258 0.0445 0.0053
31 0.0425 0.1709 0.5688 0.1581 0.0049 0.0546
32 0.0050 0.1320 0.7959 0.0542 0.0009 0.0119
33 0.0074 0.1992 0.7402 0.0405 0.0011 0.0118
34 0.0337 0.1475 0.1807 0.5312 0.0802 0.0269
35 0.0220 0.3518 0.3896 0.1812 0.0351 0.0203
36 0.0974 0.3096 0.2179 0.1764 0.0847 0.1139
37 0.0194 0.3162 0.3064 0.1577 0.0117 0.1887
38 0.0568 0.0832 0.1920 0.1996 0.0425 0.4260
39 0.0808 0.1251 0.3196 0.1632 0.0246 0.2866
40 0.0497 0.1996 0.4033 0.0274 0.0156 0.3044
41 0.0768 0.2136 0.4055 0.0398 0.0144 0.2498
42 0.0479 0.5029 0.2590 0.1079 0.0235 0.0587
43 0.0725 0.5195 0.2654 0.0535 0.0379 0.0514
44 0.0613 0.2834 0.3843 0.2074 0.0326 0.0311
45 0.0388 0.5103 0.2336 0.1724 0.0199 0.0248
46 0.0424 0.3667 0.1414 0.1602 0.2769 0.0126
47 0.0510 0.2932 0.1893 0.1475 0.2588 0.0601
48 0.0157 0.2834 0.1360 0.4060 0.0781 0.0806
49 0.0149 0.1566 0.0769 0.4531 0.0668 0.2314
50 0.0033 0.0382 0.0889 0.0338 0.0053 0.8306
51 0.0083 0.0339 0.1278 0.1239 0.0043 0.7017
52 0.0033 0.0203 0.0385 0.0171 0.0016 0.9189
53 0.0079 0.0526 0.1046 0.0353 0.0022 0.7974
54 0.0034 0.0394 0.1214 0.0902 0.0019 0.7437
55 0.0450 0.1262 0.1752 0.6118 0.0223 0.0197
56 0.0069 0.1544 0.0634 0.7485 0.0216 0.0055
57 0.0135 0.0309 0.0718 0.7144 0.0450 0.1241
58 0.0055 0.1152 0.2290 0.4924 0.0145 0.1433
59 0.0184 0.2419 0.1743 0.4888 0.0602 0.0165
60 0.0382 0.2084 0.1244 0.4844 0.1225 0.0221
61 0.0481 0.0320 0.1100 0.6953 0.0159 0.0986
62 0.0079 0.1199 0.0575 0.4668 0.0114 0.3364
63 0.0155 0.0878 0.0865 0.4460 0.0623 0.3018
64 0.1021 0.1724 0.0555 0.4199 0.1570 0.0930
65 0.0294 0.2275 0.1237 0.3523 0.0247 0.2422
66 0.0284 0.3074 0.2798 0.1835 0.0490 0.1521
67 0.0426 0.2571 0.1796 0.4045 0.0245 0.0917
68 0.0159 0.0591 0.6455 0.1251 0.0660 0.0881
69 0.0048 0.0486 0.0853 0.1833 0.0478 0.6299
70 0.0260 0.0944 0.4465 0.1138 0.0764 0.2428
71 0.0180 0.1417 0.4946 0.1792 0.0776 0.0887
72 0.0084 0.0154 0.0790 0.1866 0.5840 0.1263
73 0.0285 0.0936 0.6914 0.1555 0.0099 0.0207
74 0.0139 0.0633 0.2749 0.2542 0.1693 0.2244
75 0.0104 0.1711 0.3796 0.2910 0.0102 0.1375
76 0.0402 0.0247 0.1381 0.5811 0.0594 0.1564
77 0.0208 0.0566 0.1348 0.1976 0.0090 0.5811
78 0.0800 0.0892 0.0935 0.3066 0.0114 0.4192
79 0.0975 0.2146 0.2413 0.0960 0.0206 0.3298
80 0.0712 0.1239 0.1129 0.1860 0.0082 0.4978
81 0.0214 0.0393 0.0951 0.0581 0.0020 0.7842
82 0.0536 0.0278 0.4702 0.3718 0.0011 0.0756
83 0.0754 0.0302 0.4141 0.4075 0.0009 0.0720
84 0.0773 0.3032 0.2201 0.0646 0.0045 0.3303
85 0.3464 0.3057 0.2595 0.0368 0.0122 0.0395
86 0.1008 0.3330 0.2717 0.1335 0.0232 0.1377
87 0.0667 0.4216 0.2559 0.1481 0.0075 0.1002
88 0.0110 0.0945 0.2065 0.2651 0.0183 0.4043
89 0.0045 0.0424 0.0481 0.0870 0.0047 0.8130
90 0.0079 0.2452 0.1910 0.1609 0.0211 0.3740
91 0.0175 0.0866 0.0471 0.2391 0.0270 0.5825
92 0.0105 0.1315 0.1854 0.2236 0.0044 0.4446
93 0.0151 0.0637 0.1035 0.5420 0.0075 0.2683
94 0.0254 0.3430 0.3887 0.1113 0.0035 0.1282
95 0.0224 0.1995 0.4031 0.1460 0.0012 0.2279
96 0.0183 0.0847 0.1022 0.2910 0.0237 0.4800
97 0.0114 0.3162 0.1127 0.1979 0.0091 0.3528
98 0.0182 0.1478 0.1455 0.3894 0.0271 0.2720
99 0.0186 0.0307 0.5273 0.1659 0.0121 0.2452
100 0.0312 0.0854 0.2529 0.2957 0.0300 0.3049
101 0.0396 0.2335 0.4036 0.1605 0.0179 0.1450
102 0.0657 0.1552 0.6431 0.0756 0.0050 0.0553
103 0.0550 0.3342 0.5425 0.0176 0.0066 0.0439
104 0.0306 0.2336 0.6553 0.0217 0.0446 0.0143
105 0.0156 0.1129 0.1027 0.6597 0.0559 0.0533
106 0.0113 0.1522 0.1322 0.3540 0.1322 0.2180
107 0.0037 0.0379 0.0630 0.0822 0.0082 0.8047
108 0.0436 0.1780 0.4473 0.1864 0.0385 0.1063
109 0.0117 0.0874 0.3147 0.2267 0.1685 0.1909
110 0.1089 0.1837 0.5400 0.0650 0.0324 0.0698
111 0.0453 0.2795 0.4500 0.0643 0.0279 0.1331
112 0.0174 0.0193 0.0914 0.5596 0.0521 0.2603
113 0.0197 0.0184 0.2534 0.1825 0.0602 0.4661
114 0.0136 0.0267 0.2573 0.0947 0.0273 0.5801
115 0.0152 0.0493 0.0432 0.0936 0.0021 0.7964
116 0.0213 0.1627 0.1459 0.0831 0.0104 0.5767
117 0.0644 0.1166 0.6255 0.0501 0.0050 0.1384
118 0.0259 0.1294 0.0897 0.0535 0.0020 0.6997
119 0.0260 0.0724 0.0789 0.0591 0.0097 0.7539
120 0.0051 0.1442 0.1534 0.2164 0.0006 0.4802
121 0.0119 0.0629 0.1462 0.6553 0.0186 0.1053
122 0.0155 0.0771 0.0446 0.5654 0.1451 0.1522
123 0.0303 0.3662 0.0371 0.2639 0.2639 0.0386
124 0.0237 0.0468 0.0148 0.2450 0.5879 0.0820
125 0.0057 0.0710 0.0536 0.5947 0.2479 0.0267
126 0.0071 0.0597 0.0368 0.6621 0.2288 0.0055
127 0.0379 0.1794 0.0861 0.0809 0.6069 0.0089
128 0.0215 0.0643 0.1259 0.7471 0.0181 0.0229
129 0.0657 0.4563 0.2258 0.2155 0.0301 0.0066
130 0.0584 0.2206 0.3523 0.2832 0.0683 0.0171
131 0.0564 0.2266 0.4133 0.2196 0.0747 0.0094
132 0.0290 0.1720 0.6099 0.1426 0.0027 0.0442
133 0.0338 0.2874 0.2656 0.3254 0.0688 0.0190
134 0.0368 0.3330 0.3489 0.2435 0.0284 0.0094
135 0.0521 0.3848 0.2815 0.1965 0.0674 0.0177
136 0.0572 0.6147 0.1310 0.1361 0.0453 0.0155
137 0.0272 0.0886 0.0618 0.8081 0.0066 0.0077
138 0.0209 0.1069 0.0403 0.8091 0.0058 0.0169
139 0.0543 0.1022 0.0345 0.7554 0.0116 0.0423
140 0.0439 0.2214 0.1063 0.5483 0.0172 0.0630
141 0.0036 0.3440 0.4775 0.1469 0.0009 0.0272
142 0.0055 0.1130 0.6152 0.0922 0.0045 0.1696
143 0.0341 0.0804 0.4966 0.3577 0.0062 0.0251
144 0.0570 0.0791 0.7505 0.0961 0.0125 0.0050
145 0.0205 0.0531 0.1688 0.1586 0.0191 0.5801
146 0.0163 0.1056 0.2344 0.1489 0.0064 0.4883
147 0.0076 0.0376 0.1849 0.5435 0.0064 0.2197
148 0.0534 0.2095 0.2932 0.1251 0.0189 0.3000
149 0.0278 0.1525 0.1224 0.0522 0.0085 0.6367
150 0.0345 0.1046 0.1752 0.1924 0.0097 0.4836
151 0.0284 0.1821 0.2651 0.0719 0.0087 0.4438
152 0.0511 0.2136 0.1885 0.4314 0.0798 0.0354
153 0.0591 0.2690 0.2449 0.3562 0.0266 0.0443
154 0.0277 0.1194 0.3049 0.4041 0.0148 0.1292
155 0.0186 0.4277 0.3601 0.0903 0.0039 0.0992
156 0.0340 0.0759 0.6113 0.2180 0.0042 0.0564
157 0.1160 0.2761 0.4211 0.1160 0.0166 0.0540
158 0.0371 0.1125 0.2700 0.3689 0.0230 0.1885
159 0.0104 0.0228 0.0450 0.0707 0.0029 0.8481
160 0.0122 0.0732 0.0720 0.1225 0.0039 0.7163
161 0.0103 0.0860 0.1070 0.2030 0.0061 0.5874
162 0.0585 0.2405 0.2207 0.1678 0.0107 0.3018
163 0.0231 0.0936 0.3218 0.1497 0.0113 0.4004
164 0.0103 0.0795 0.0846 0.0820 0.0013 0.7422
165 0.0047 0.0491 0.0621 0.0651 0.0006 0.8184
166 0.0125 0.0728 0.0751 0.2461 0.0033 0.5903
167 0.0700 0.1553 0.1027 0.0580 0.0323 0.5815
168 0.0627 0.0768 0.0995 0.0328 0.0995 0.6289
169 0.0357 0.2053 0.0978 0.4148 0.1456 0.1008
170 0.0407 0.2416 0.1420 0.3860 0.1150 0.0748
171 0.0314 0.2396 0.2114 0.0379 0.0353 0.4441
172 0.0423 0.0675 0.2000 0.1510 0.0814 0.4578
173 0.0847 0.1711 0.3855 0.2568 0.0185 0.0834
174 0.0586 0.2142 0.5059 0.1748 0.0196 0.0268
175 0.0219 0.1222 0.2776 0.1569 0.0177 0.4038
176 0.0663 0.0456 0.1554 0.4939 0.0161 0.2227
177 0.0535 0.1476 0.5747 0.1837 0.0031 0.0373
178 0.0096 0.0722 0.1084 0.1653 0.0007 0.6436
179 0.0074 0.0738 0.0904 0.3518 0.0030 0.4736
180 0.0238 0.2102 0.1326 0.0593 0.0027 0.5713
181 0.0354 0.0300 0.0760 0.2781 0.0096 0.5708
182 0.0051 0.0335 0.0587 0.0910 0.0009 0.8110
183 0.0089 0.0243 0.0867 0.0302 0.0006 0.8491
184 0.1301 0.1046 0.6021 0.1301 0.0061 0.0271
185 0.1207 0.1082 0.6128 0.1099 0.0056 0.0430
186 0.0500 0.1126 0.2422 0.1771 0.3311 0.0870
187 0.0170 0.2473 0.2937 0.2673 0.0021 0.1726
188 0.0275 0.3433 0.3223 0.1940 0.0015 0.1114
189 0.0067 0.0334 0.0827 0.1343 0.0058 0.7373
190 0.0341 0.1843 0.1248 0.3499 0.0912 0.2156
191 0.0275 0.1722 0.1805 0.3706 0.0629 0.1863
192 0.1069 0.3479 0.2411 0.1271 0.0605 0.1166
193 0.0586 0.4297 0.1968 0.0568 0.0387 0.2195
194 0.0511 0.5493 0.2830 0.0206 0.0173 0.0786
195 0.1808 0.0854 0.5742 0.0815 0.0095 0.0686
196 0.0508 0.1902 0.5952 0.0647 0.0102 0.0891
197 0.0216 0.0235 0.0375 0.0058 0.0019 0.9097
198 0.0465 0.1132 0.0790 0.0433 0.0134 0.7046
199 0.0138 0.0512 0.0787 0.1747 0.0015 0.6802
200 0.0079 0.0350 0.0730 0.0719 0.0022 0.8101
201 0.0884 0.1504 0.1576 0.0338 0.5674 0.0021
202 0.0158 0.0201 0.0659 0.3245 0.0046 0.5693
203 0.0120 0.0601 0.1022 0.3352 0.0026 0.4878
204 0.0191 0.0296 0.0769 0.5679 0.0070 0.2993
205 0.0784 0.2343 0.2235 0.0188 0.0176 0.4275
206 0.1075 0.0956 0.0877 0.0508 0.0054 0.6533
207 0.0959 0.0945 0.1697 0.2015 0.0675 0.3708
208 0.1009 0.4021 0.2383 0.1198 0.0032 0.1357
209 0.0359 0.0482 0.0605 0.0634 0.0136 0.7783
210 0.0275 0.1166 0.4070 0.1835 0.0026 0.2627
211 0.0499 0.3201 0.4478 0.0423 0.0023 0.1377
212 0.1132 0.1243 0.1465 0.2651 0.0157 0.3352
213 0.0600 0.0794 0.2317 0.2142 0.0114 0.4033
214 0.0181 0.0891 0.1348 0.3083 0.1412 0.3083
215 0.0266 0.1471 0.2881 0.2664 0.0628 0.2091
216 0.0542 0.1021 0.2527 0.2300 0.0103 0.3508
217 0.0621 0.1455 0.2021 0.1455 0.0168 0.4277
218 0.0350 0.1779 0.2629 0.1014 0.0091 0.4136
219 0.0621 0.1625 0.1870 0.1025 0.0085 0.4775
220 0.0818 0.0637 0.1287 0.5088 0.0147 0.2024
221 0.0535 0.1160 0.0565 0.6270 0.1142 0.0327
222 0.0304 0.1139 0.3000 0.4038 0.1053 0.0467
223 0.0712 0.1696 0.1544 0.2839 0.2839 0.0367
224 0.0127 0.2698 0.1490 0.1356 0.0215 0.4114
225 0.0584 0.1689 0.2537 0.3413 0.0163 0.1613
226 0.0800 0.2522 0.4221 0.0878 0.0155 0.1425
227 0.0362 0.3054 0.3801 0.1420 0.0291 0.1072
228 0.0426 0.2979 0.3271 0.1070 0.0505 0.1750
229 0.0128 0.0904 0.1526 0.1357 0.0050 0.6035
230 0.0139 0.1176 0.1038 0.0551 0.0058 0.7036
231 0.0264 0.0658 0.4031 0.0658 0.3672 0.0717
232 0.0108 0.0783 0.5146 0.0634 0.2284 0.1046
233 0.1019 0.1003 0.3140 0.0936 0.0231 0.3672
234 0.0995 0.1615 0.5420 0.0838 0.0063 0.1068
235 0.0199 0.3762 0.4907 0.0801 0.0012 0.0316
236 0.0707 0.0966 0.5103 0.1544 0.0403 0.1279
237 0.0080 0.1189 0.6733 0.1390 0.0098 0.0508
238 0.0941 0.1689 0.4055 0.1058 0.0528 0.1730
239 0.0798 0.0804 0.3362 0.0780 0.0137 0.4119
240 0.1305 0.0651 0.2742 0.1143 0.0078 0.4082
241 0.0228 0.1957 0.6123 0.0889 0.0067 0.0737
242 0.0287 0.2023 0.4775 0.1757 0.0108 0.1049
243 0.0750 0.0891 0.7168 0.0636 0.0115 0.0441
244 0.0352 0.1748 0.3215 0.2043 0.2316 0.0326
245 0.0336 0.2600 0.1552 0.2294 0.2639 0.0580
246 0.0190 0.0844 0.1136 0.2025 0.0212 0.5591
247 0.0052 0.0893 0.1472 0.0966 0.0019 0.6597
248 0.0123 0.0632 0.0700 0.1349 0.0016 0.7183
249 0.0723 0.2191 0.4639 0.1995 0.0326 0.0127
250 0.0526 0.5024 0.3096 0.1122 0.0128 0.0102
251 0.0616 0.3860 0.2454 0.2737 0.0230 0.0104
252 0.0282 0.2871 0.3303 0.2961 0.0461 0.0121
253 0.0619 0.4753 0.2625 0.1696 0.0224 0.0082
254 0.0199 0.1588 0.5205 0.2275 0.0058 0.0673
255 0.0346 0.0417 0.1652 0.5947 0.0204 0.1434
256 0.0616 0.3154 0.4661 0.1160 0.0202 0.0206
257 0.0476 0.3174 0.2551 0.2891 0.0343 0.0565
258 0.0144 0.0580 0.0274 0.8257 0.0088 0.0657
259 0.0172 0.0595 0.0290 0.8477 0.0058 0.0409
260 0.0300 0.2754 0.1893 0.4612 0.0147 0.0293
261 0.0242 0.4199 0.2607 0.2338 0.0079 0.0534
262 0.0068 0.1943 0.0856 0.7002 0.0019 0.0113
263 0.0111 0.1959 0.0904 0.6948 0.0016 0.0063
264 0.0044 0.0349 0.0349 0.8999 0.0014 0.0247
265 0.0405 0.3784 0.0520 0.4937 0.0044 0.0311
266 0.0404 0.4917 0.0961 0.2512 0.0084 0.1123
267 0.0488 0.4663 0.0836 0.3413 0.0098 0.0503
268 0.0023 0.1229 0.2769 0.5420 0.0005 0.0554
269 0.0041 0.0296 0.1727 0.7158 0.0010 0.0767
270 0.0498 0.5649 0.2015 0.1498 0.0033 0.0307
271 0.0223 0.3748 0.5288 0.0267 0.0118 0.0357
272 0.0417 0.4119 0.3523 0.1180 0.0032 0.0727
273 0.0340 0.4438 0.4651 0.0423 0.0010 0.0139
274 0.0225 0.3403 0.2822 0.3352 0.0046 0.0152
275 0.0232 0.3840 0.2275 0.3389 0.0091 0.0174
276 0.0043 0.4211 0.1388 0.4211 0.0008 0.0140
277 0.0400 0.3979 0.2130 0.2415 0.0028 0.1047
278 0.0354 0.4048 0.2573 0.1443 0.0035 0.1548
279 0.0175 0.1658 0.2267 0.3738 0.0034 0.2129
280 0.0208 0.6172 0.0785 0.2532 0.0009 0.0293
281 0.0948 0.2639 0.5088 0.0462 0.0421 0.0444
282 0.0676 0.3713 0.2150 0.1313 0.0062 0.2084
283 0.0270 0.0974 0.1174 0.6650 0.0086 0.0845
284 0.0530 0.2673 0.1150 0.5073 0.0373 0.0201
285 0.0323 0.6592 0.0851 0.1859 0.0264 0.0109
286 0.0307 0.3074 0.2145 0.3945 0.0121 0.0409
287 0.1247 0.1704 0.2876 0.0688 0.0492 0.2991
288 0.0328 0.3188 0.2949 0.1578 0.0355 0.1603
289 0.0395 0.3333 0.1990 0.2308 0.0738 0.1236
290 0.0726 0.0447 0.2917 0.1216 0.0213 0.4482
291 0.0466 0.0553 0.5811 0.0870 0.0062 0.2240
292 0.0731 0.0650 0.5615 0.2532 0.0166 0.0305
293 0.0945 0.0834 0.6875 0.0714 0.0479 0.0153
294 0.0137 0.0814 0.8755 0.0148 0.0079 0.0064
295 0.1030 0.0551 0.7090 0.0230 0.0361 0.0736
296 0.1276 0.1285 0.5244 0.0488 0.0145 0.1562
297 0.0416 0.1365 0.2510 0.4690 0.0049 0.0968
298 0.1968 0.3398 0.0840 0.1805 0.0067 0.1921
299 0.0154 0.1436 0.0204 0.0844 0.0012 0.7349
300 0.0146 0.0784 0.0171 0.0464 0.0010 0.8423
301 0.0082 0.3525 0.0812 0.5547 0.0007 0.0025
302 0.0039 0.1429 0.0703 0.7607 0.0020 0.0200
303 0.0081 0.2164 0.0397 0.7095 0.0058 0.0206
304 0.0116 0.0666 0.0472 0.7046 0.0079 0.1622
305 0.0420 0.6885 0.1523 0.0803 0.0324 0.0046
306 0.0376 0.2781 0.2098 0.4304 0.0271 0.0170
307 0.0729 0.5020 0.3142 0.0865 0.0187 0.0054
308 0.0451 0.2218 0.2019 0.4695 0.0251 0.0365
309 0.1206 0.4277 0.2849 0.1124 0.0362 0.0182
310 0.0742 0.2715 0.3276 0.2512 0.0556 0.0200
311 0.1418 0.3074 0.3567 0.1262 0.0596 0.0081
312 0.1268 0.2225 0.4290 0.1542 0.0393 0.0283
313 0.1478 0.2101 0.2783 0.3130 0.0362 0.0147
314 0.1241 0.3071 0.3794 0.1078 0.0765 0.0051
315 0.1243 0.2803 0.3831 0.1355 0.0703 0.0066
316 0.1256 0.2944 0.3721 0.1379 0.0603 0.0098
317 0.1355 0.3149 0.3682 0.1106 0.0620 0.0087
318 0.1260 0.3215 0.3645 0.1211 0.0595 0.0074
319 0.1614 0.3445 0.3582 0.0733 0.0598 0.0028
320 0.1230 0.2644 0.4395 0.1192 0.0497 0.0043
321 0.0665 0.1123 0.1910 0.5840 0.0340 0.0120
322 0.1875 0.0658 0.2227 0.2727 0.0723 0.1790
323 0.1818 0.0723 0.1708 0.2686 0.0619 0.2446
