time exciting_prob fearful_prob tense_prob sad_prob relaxing_prob neutral_prob
0 0.1136 0.1553 0.1349 0.1288 0.0181 0.4492
1 0.3560 0.1094 0.2299 0.2485 0.0482 0.0082
2 0.1385 0.0172 0.1204 0.7144 0.0044 0.0049
3 0.2460 0.1718 0.3110 0.2347 0.0333 0.0033
4 0.3494 0.0850 0.3721 0.1827 0.0095 0.0014
5 0.2534 0.0430 0.2418 0.4180 0.0234 0.0203
6 0.2238 0.0365 0.3254 0.3574 0.0312 0.0255
7 0.0625 0.1167 0.1924 0.5654 0.0379 0.0249
8 0.0662 0.0762 0.1296 0.6792 0.0343 0.0145
9 0.1033 0.1002 0.1931 0.5332 0.0466 0.0238
10 0.2856 0.2296 0.1350 0.1874 0.1578 0.0045
11 0.2778 0.1970 0.1880 0.1333 0.2002 0.0034
12 0.2167 0.0875 0.1537 0.2783 0.2573 0.0065
13 0.1142 0.2961 0.1661 0.2871 0.1107 0.0259
14 0.0919 0.3311 0.1162 0.3013 0.1317 0.0278
15 0.0819 0.3728 0.1394 0.2158 0.1580 0.0321
16 0.0649 0.3049 0.1194 0.2413 0.2375 0.0316
17 0.0611 0.3250 0.1442 0.2532 0.1910 0.0257
18 0.0367 0.3945 0.1807 0.2886 0.0801 0.0192
19 0.0335 0.4412 0.0791 0.2634 0.1549 0.0278
20 0.0464 0.3828 0.1409 0.2673 0.1523 0.0102
21 0.0323 0.3210 0.0995 0.2747 0.2500 0.0225
22 0.0609 0.5259 0.1681 0.1655 0.0685 0.0109
23 0.0515 0.4885 0.2168 0.1284 0.1090 0.0057
24 0.0437 0.5366 0.1798 0.1108 0.1255 0.0033
25 0.0313 0.3840 0.2366 0.2441 0.1017 0.0022
26 0.0247 0.1162 0.2073 0.5903 0.0558 0.0057
27 0.0839 0.2012 0.0981 0.0936 0.5220 0.0013
28 0.0992 0.0918 0.1400 0.1715 0.4885 0.0089
29 0.0656 0.0698 0.0480 0.1082 0.7056 0.0029
30 0.0890 0.0365 0.2345 0.0532 0.5806 0.0063
31 0.1445 0.0726 0.2102 0.2457 0.3059 0.0210
32 0.0582 0.0591 0.1510 0.0887 0.6357 0.0072
33 0.0424 0.3550 0.1600 0.2328 0.2023 0.0075
34 0.0343 0.3523 0.1237 0.3362 0.1401 0.0135
35 0.0274 0.2856 0.0942 0.4355 0.1482 0.0092
36 0.0293 0.3005 0.1852 0.3054 0.1686 0.0109
37 0.0291 0.2761 0.1727 0.3279 0.1868 0.0074
38 0.0694 0.1042 0.1381 0.3752 0.3062 0.0070
39 0.0370 0.2532 0.1768 0.2571 0.2737 0.0022
40 0.0309 0.1450 0.1617 0.5825 0.0752 0.0046
41 0.0295 0.1659 0.2065 0.0760 0.5190 0.0029
42 0.0108 0.0945 0.0691 0.0332 0.7910 0.0016
43 0.0375 0.1818 0.0973 0.0529 0.6147 0.0159
44 0.0491 0.1254 0.1560 0.2739 0.3801 0.0154
45 0.0464 0.1343 0.1385 0.0983 0.5742 0.0083
46 0.0361 0.3020 0.1259 0.1183 0.4001 0.0176
47 0.1758 0.0745 0.5332 0.1552 0.0584 0.0030
48 0.4558 0.0417 0.2639 0.2257 0.0084 0.0045
49 0.1495 0.1383 0.1183 0.3164 0.2625 0.0152
50 0.1305 0.1649 0.1625 0.2185 0.3181 0.0056
51 0.0222 0.1427 0.0788 0.3701 0.3760 0.0104
52 0.0479 0.2759 0.1957 0.1926 0.2759 0.0120
53 0.0674 0.1567 0.1696 0.4131 0.1804 0.0127
54 0.0219 0.1387 0.5234 0.2759 0.0317 0.0086
55 0.0503 0.1523 0.1957 0.3713 0.2183 0.0121
56 0.0349 0.2169 0.1422 0.4963 0.1041 0.0055
57 0.0412 0.2318 0.2429 0.1241 0.3535 0.0065
58 0.0824 0.2292 0.2517 0.1370 0.2810 0.0187
59 0.0690 0.1628 0.3967 0.1173 0.2522 0.0020
60 0.0381 0.2371 0.1935 0.0369 0.4939 0.0006
61 0.0338 0.1869 0.0804 0.0151 0.6836 0.0004
62 0.0695 0.1027 0.1591 0.2042 0.4602 0.0042
63 0.0319 0.2800 0.0953 0.4075 0.1698 0.0155
64 0.0485 0.3337 0.1528 0.2766 0.1759 0.0124
65 0.0522 0.2321 0.2629 0.2321 0.2047 0.0160
66 0.0327 0.3428 0.3171 0.1644 0.1343 0.0089
67 0.0561 0.1783 0.2476 0.3279 0.1702 0.0200
68 0.0754 0.3223 0.2471 0.1752 0.1725 0.0077
69 0.0364 0.1270 0.3191 0.3396 0.1763 0.0017
70 0.0291 0.0651 0.2343 0.5449 0.1235 0.0033
71 0.0302 0.0489 0.2334 0.6348 0.0505 0.0025
72 0.0573 0.1633 0.1851 0.2452 0.3457 0.0033
73 0.0783 0.2339 0.1558 0.2231 0.3049 0.0038
74 0.0436 0.1096 0.2468 0.2627 0.3323 0.0051
75 0.0488 0.1049 0.1434 0.1327 0.5674 0.0029
76 0.0861 0.1273 0.1293 0.2003 0.4514 0.0056
77 0.0787 0.1614 0.2922 0.1109 0.3525 0.0043
78 0.1525 0.1622 0.2474 0.2399 0.1927 0.0053
79 0.1168 0.1500 0.2217 0.3276 0.1754 0.0083
80 0.0785 0.4277 0.1810 0.1898 0.1073 0.0157
81 0.1002 0.1799 0.1945 0.3691 0.1456 0.0106
82 0.0593 0.3010 0.1885 0.3806 0.0651 0.0055
83 0.0739 0.2725 0.1732 0.4155 0.0558 0.0088
84 0.0801 0.5513 0.1138 0.1656 0.0846 0.0044
85 0.1045 0.5186 0.1848 0.1373 0.0509 0.0041
86 0.1001 0.3806 0.3308 0.0863 0.1001 0.0022
87 0.1370 0.5635 0.2106 0.0452 0.0415 0.0023
88 0.0928 0.6860 0.1340 0.0399 0.0467 0.0007
89 0.0809 0.6309 0.1571 0.0867 0.0423 0.0020
90 0.0507 0.1991 0.3035 0.2942 0.1456 0.0067
91 0.0296 0.1729 0.4626 0.1959 0.1356 0.0034
92 0.0423 0.1985 0.3594 0.3027 0.0952 0.0020
93 0.1246 0.5332 0.1576 0.1208 0.0622 0.0018
94 0.0914 0.5508 0.1239 0.1288 0.1035 0.0015
95 0.1047 0.0938 0.2800 0.3596 0.1409 0.0208
96 0.1517 0.2009 0.2207 0.2074 0.2139 0.0054
97 0.1143 0.0804 0.1689 0.2238 0.3865 0.0261
98 0.1176 0.0681 0.2163 0.2451 0.3350 0.0178
99 0.0740 0.3645 0.2930 0.1129 0.1450 0.0106
100 0.1163 0.2424 0.3528 0.1219 0.1565 0.0102
101 0.0830 0.1677 0.2329 0.2898 0.1842 0.0424
102 0.0878 0.1075 0.2747 0.3755 0.1318 0.0227
103 0.1014 0.3076 0.3174 0.1431 0.1114 0.0191
104 0.0840 0.1923 0.2015 0.2079 0.2798 0.0345
105 0.0902 0.2065 0.3250 0.2065 0.1686 0.0034
106 0.1332 0.1937 0.3401 0.1213 0.2095 0.0022
107 0.1467 0.2168 0.4243 0.1107 0.0955 0.0060
108 0.1279 0.1736 0.3616 0.1605 0.1630 0.0134
109 0.1198 0.3574 0.2438 0.2255 0.0488 0.0046
110 0.1140 0.3098 0.2356 0.2527 0.0840 0.0038
111 0.0787 0.3472 0.3752 0.1425 0.0508 0.0056
112 0.0706 0.1802 0.2878 0.1830 0.2664 0.0121
113 0.0414 0.3208 0.1799 0.0739 0.3750 0.0092
114 0.0484 0.2422 0.3362 0.0247 0.3469 0.0015
115 0.0147 0.5630 0.2347 0.1588 0.0274 0.0013
116 0.1240 0.1472 0.1862 0.3267 0.1749 0.0409
117 0.0963 0.1743 0.1467 0.3989 0.1422 0.0414
118 0.1573 0.1225 0.1573 0.3601 0.1501 0.0527
119 0.2035 0.4048 0.1366 0.1421 0.1000 0.0132
120 0.0494 0.2411 0.2128 0.2128 0.2732 0.0108
121 0.0657 0.4216 0.1901 0.0315 0.2898 0.0013
122 0.1667 0.4675 0.0935 0.0980 0.1681 0.0061
123 0.1929 0.3574 0.2168 0.1090 0.1152 0.0086
124 0.0885 0.6538 0.0734 0.1210 0.0576 0.0057
125 0.1195 0.3596 0.1071 0.2888 0.1122 0.0126
126 0.0882 0.3599 0.1548 0.0790 0.3079 0.0101
127 0.1310 0.3044 0.2334 0.1735 0.1438 0.0140
128 0.1135 0.4385 0.0739 0.2766 0.0786 0.0191
129 0.0873 0.5264 0.2411 0.0403 0.1005 0.0043
130 0.1151 0.4771 0.2325 0.0458 0.1245 0.0049
131 0.0294 0.2402 0.1306 0.0524 0.5415 0.0059
132 0.1231 0.0974 0.1439 0.4573 0.1736 0.0048
133 0.2257 0.0837 0.1412 0.2898 0.2556 0.0039
134 0.2197 0.1105 0.1738 0.3052 0.1793 0.0114
135 0.1160 0.1687 0.1687 0.1687 0.3628 0.0151
136 0.1626 0.1266 0.2479 0.1481 0.2808 0.0341
137 0.0630 0.3052 0.2358 0.0754 0.2891 0.0317
138 0.0743 0.2185 0.2761 0.1990 0.2255 0.0067
139 0.0534 0.1385 0.2250 0.2146 0.3594 0.0091
140 0.0704 0.0963 0.0862 0.1255 0.6177 0.0039
141 0.0141 0.0647 0.0987 0.1084 0.7065 0.0074
142 0.0349 0.1576 0.1189 0.2478 0.4351 0.0058
143 0.2491 0.1039 0.1609 0.2822 0.1910 0.0128
144 0.1152 0.1813 0.2402 0.2328 0.2222 0.0083
145 0.0637 0.2026 0.0988 0.0363 0.5952 0.0032
146 0.0748 0.1376 0.1333 0.2451 0.4043 0.0051
147 0.0584 0.1423 0.1665 0.3694 0.2347 0.0287
148 0.0954 0.2634 0.2937 0.1133 0.2218 0.0124
149 0.0952 0.3003 0.3511 0.0867 0.1608 0.0060
150 0.0544 0.1116 0.1065 0.4082 0.3081 0.0111
151 0.1056 0.3831 0.4409 0.0317 0.0374 0.0013
152 0.0246 0.2444 0.1530 0.0793 0.4861 0.0127
153 0.0603 0.2240 0.2832 0.0919 0.3259 0.0145
154 0.0515 0.1930 0.4629 0.2152 0.0721 0.0053
155 0.0536 0.1002 0.3901 0.2189 0.2223 0.0149
156 0.0759 0.3145 0.3000 0.2063 0.0967 0.0065
157 0.0606 0.0340 0.2717 0.5073 0.1097 0.0166
158 0.0649 0.0702 0.2000 0.2196 0.4368 0.0088
159 0.2070 0.0891 0.0876 0.1515 0.4116 0.0532
160 0.1013 0.0981 0.2798 0.1095 0.3762 0.0350
161 0.1267 0.1018 0.2900 0.1678 0.2810 0.0325
162 0.1120 0.0928 0.2299 0.2408 0.2952 0.0294
163 0.0968 0.1080 0.1726 0.4204 0.1865 0.0157
164 0.0763 0.0787 0.2620 0.2925 0.2791 0.0116
165 0.1241 0.1450 0.4832 0.1300 0.1053 0.0126
166 0.1981 0.2043 0.3672 0.0609 0.1655 0.0040
167 0.0921 0.1259 0.0892 0.2542 0.4324 0.0061
168 0.1687 0.2417 0.0737 0.0822 0.4309 0.0029
169 0.0989 0.2335 0.0460 0.1250 0.4944 0.0023
170 0.1406 0.1923 0.1750 0.2047 0.2842 0.0031
171 0.0764 0.1544 0.1805 0.4399 0.1450 0.0038
172 0.0836 0.1826 0.2418 0.3574 0.1274 0.0071
173 0.0396 0.4817 0.3579 0.0182 0.1010 0.0016
174 0.0585 0.2500 0.3696 0.1200 0.2009 0.0009
175 0.0974 0.2111 0.3022 0.1174 0.2710 0.0008
176 0.0837 0.2275 0.2832 0.1381 0.2661 0.0013
177 0.1471 0.1448 0.2812 0.3557 0.0632 0.0079
178 0.0618 0.1360 0.3313 0.3364 0.1110 0.0236
179 0.1428 0.1892 0.1696 0.2429 0.2391 0.0164
180 0.2009 0.1589 0.1093 0.2705 0.2462 0.0141
181 0.0758 0.1450 0.1544 0.3425 0.2795 0.0027
182 0.1075 0.1237 0.2206 0.3062 0.2385 0.0034
183 0.1224 0.0778 0.2891 0.3225 0.1837 0.0045
184 0.1605 0.1270 0.2299 0.4097 0.0712 0.0017
185 0.1655 0.2262 0.3728 0.1996 0.0352 0.0007
186 0.1379 0.1691 0.5127 0.1359 0.0428 0.0017
187 0.0900 0.1604 0.6147 0.1003 0.0297 0.0049
188 0.0455 0.0850 0.2920 0.5454 0.0218 0.0101
189 0.0747 0.1385 0.5308 0.2319 0.0217 0.0021
190 0.0936 0.1981 0.3879 0.2666 0.0513 0.0024
191 0.1216 0.1040 0.2344 0.4380 0.0810 0.0211
192 0.1324 0.1636 0.1399 0.4807 0.0778 0.0058
193 0.1050 0.1873 0.1873 0.4421 0.0745 0.0037
194 0.0815 0.2322 0.4338 0.2018 0.0494 0.0013
195 0.0236 0.1008 0.5981 0.2235 0.0447 0.0094
196 0.0978 0.3362 0.2661 0.1704 0.1287 0.0007
197 0.0781 0.2947 0.3088 0.1653 0.1528 0.0006
198 0.0374 0.0843 0.2896 0.3494 0.2363 0.0031
199 0.0477 0.1059 0.2074 0.3696 0.2664 0.0030
200 0.0317 0.0630 0.1636 0.3057 0.4309 0.0049
201 0.0422 0.1545 0.2356 0.2213 0.3428 0.0033
202 0.0462 0.2272 0.2037 0.2135 0.3057 0.0037
203 0.0370 0.1193 0.2335 0.1819 0.4229 0.0055
204 0.0853 0.1250 0.5430 0.2194 0.0256 0.0018
205 0.1504 0.1458 0.4854 0.1960 0.0207 0.0019
206 0.1423 0.2205 0.5205 0.0607 0.0553 0.0007
207 0.1086 0.2544 0.5220 0.0521 0.0619 0.0008
208 0.0941 0.1786 0.5947 0.0884 0.0431 0.0008
209 0.1506 0.1846 0.4863 0.1173 0.0572 0.0040
210 0.1610 0.1586 0.4734 0.1274 0.0760 0.0037
211 0.1832 0.2354 0.3940 0.0951 0.0907 0.0016
212 0.1559 0.3406 0.3921 0.0556 0.0547 0.0012
213 0.1543 0.1833 0.3762 0.2109 0.0701 0.0052
214 0.1991 0.1189 0.2898 0.1991 0.1785 0.0146
215 0.1406 0.0894 0.2318 0.3428 0.1750 0.0204
216 0.1556 0.1311 0.0847 0.3047 0.0419 0.2820
217 0.1556 0.1311 0.0847 0.3047 0.0419 0.2820
218 0.6128 0.0940 0.0829 0.1389 0.0165 0.0548
219 0.7808 0.0726 0.0862 0.0461 0.0102 0.0042
220 0.7817 0.0727 0.0863 0.0455 0.0101 0.0038
221 0.7832 0.0706 0.0865 0.0456 0.0100 0.0041
222 0.7759 0.0710 0.0898 0.0481 0.0107 0.0047
223 0.1136 0.1553 0.1349 0.1288 0.0181 0.4492
