time exciting_prob fearful_prob tense_prob sad_prob relaxing_prob neutral_prob
0 0.2261 0.0100 0.0928 0.5508 0.0872 0.0331
1 0.0736 0.0960 0.2959 0.4106 0.0514 0.0725
2 0.1209 0.2260 0.2900 0.2769 0.0618 0.0246
3 0.0928 0.2225 0.3906 0.2261 0.0432 0.0248
4 0.1876 0.1605 0.2335 0.4067 0.0114 0.0002
5 0.3823 0.2712 0.1440 0.1937 0.0078 0.0009
6 0.5039 0.1294 0.0876 0.2761 0.0030 0.0000
7 0.1055 0.0379 0.3801 0.4585 0.0130 0.0050
8 0.5435 0.1807 0.1594 0.0901 0.0245 0.0016
9 0.6123 0.0611 0.1421 0.1410 0.0414 0.0022
10 0.7588 0.1494 0.0628 0.0238 0.0050 0.0001
11 0.5977 0.2322 0.0582 0.0815 0.0305 0.0002
12 0.3113 0.1034 0.1577 0.4121 0.0150 0.0005
13 0.5571 0.2717 0.1263 0.0391 0.0056 0.0001
14 0.6357 0.2146 0.0708 0.0736 0.0046 0.0006
15 0.3484 0.5112 0.0828 0.0362 0.0213 0.0003
16 0.4541 0.3765 0.0639 0.0713 0.0314 0.0027
17 0.3972 0.2372 0.2094 0.1240 0.0316 0.0005
18 0.5073 0.3030 0.1376 0.0410 0.0106 0.0004
19 0.1707 0.3367 0.3474 0.1393 0.0056 0.0004
20 0.3557 0.3906 0.1382 0.0899 0.0254 0.0002
21 0.6670 0.2183 0.0961 0.0115 0.0063 0.0007
22 0.2930 0.2212 0.0974 0.3425 0.0429 0.0031
23 0.3772 0.0822 0.4375 0.0731 0.0284 0.0018
24 0.7046 0.0511 0.1244 0.1023 0.0135 0.0041
25 0.3118 0.0591 0.3118 0.2998 0.0160 0.0013
26 0.3979 0.1851 0.2303 0.1794 0.0057 0.0015
27 0.1830 0.1042 0.6001 0.1019 0.0106 0.0004
28 0.3367 0.0913 0.3843 0.0934 0.0942 0.0001
29 0.4819 0.2260 0.1602 0.0431 0.0885 0.0002
30 0.1385 0.6064 0.1849 0.0605 0.0059 0.0038
31 0.3813 0.4783 0.0728 0.0190 0.0470 0.0016
32 0.0954 0.3008 0.5361 0.0574 0.0016 0.0087
33 0.2473 0.1177 0.0731 0.5034 0.0267 0.0315
34 0.1960 0.1960 0.1368 0.3550 0.1083 0.0076
35 0.6997 0.1489 0.0992 0.0137 0.0368 0.0018
36 0.7720 0.0605 0.0908 0.0629 0.0068 0.0071
37 0.6353 0.0966 0.0959 0.1532 0.0169 0.0024
38 0.3147 0.3247 0.2712 0.0686 0.0160 0.0046
39 0.1630 0.0361 0.5601 0.2092 0.0260 0.0059
40 0.5117 0.1177 0.2893 0.0754 0.0056 0.0005
41 0.1505 0.2241 0.4155 0.1678 0.0278 0.0142
42 0.5117 0.0531 0.3152 0.1064 0.0122 0.0014
43 0.0564 0.6875 0.1938 0.0547 0.0045 0.0033
44 0.3357 0.1305 0.3464 0.1389 0.0465 0.0019
45 0.1015 0.1387 0.1866 0.3328 0.2323 0.0081
46 0.1594 0.3145 0.3071 0.0614 0.1556 0.0018
47 0.1559 0.3250 0.2358 0.1355 0.1442 0.0038
48 0.1663 0.2849 0.2327 0.1188 0.1959 0.0014
49 0.5239 0.1869 0.0737 0.1501 0.0574 0.0077
50 0.1616 0.0806 0.2664 0.3066 0.1747 0.0102
51 0.7197 0.0273 0.1362 0.1069 0.0096 0.0004
52 0.1100 0.2559 0.5332 0.0941 0.0040 0.0025
53 0.1225 0.5620 0.2573 0.0168 0.0410 0.0001
54 0.0911 0.6895 0.1914 0.0151 0.0128 0.0001
55 0.3816 0.2208 0.2603 0.1136 0.0214 0.0025
56 0.4282 0.2876 0.2023 0.0647 0.0165 0.0006
57 0.3845 0.2386 0.2260 0.1210 0.0296 0.0003
58 0.1703 0.1729 0.2656 0.3359 0.0380 0.0173
59 0.2739 0.1335 0.3105 0.2676 0.0101 0.0044
60 0.5957 0.1460 0.1919 0.0580 0.0082 0.0003
61 0.4272 0.1283 0.2035 0.2341 0.0054 0.0014
62 0.1527 0.1613 0.4631 0.1306 0.0774 0.0150
63 0.0839 0.0428 0.6152 0.2263 0.0180 0.0137
64 0.2690 0.3457 0.2412 0.1194 0.0228 0.0018
65 0.7715 0.0555 0.0572 0.0350 0.0795 0.0012
66 0.1715 0.0407 0.4177 0.2739 0.0216 0.0743
67 0.0483 0.0539 0.1686 0.6362 0.0145 0.0784
68 0.1625 0.0504 0.2639 0.4487 0.0360 0.0386
69 0.3108 0.1327 0.3362 0.1691 0.0431 0.0083
70 0.3418 0.1482 0.3726 0.1163 0.0199 0.0013
71 0.0986 0.1256 0.6899 0.0780 0.0065 0.0014
72 0.1045 0.2391 0.4756 0.1290 0.0256 0.0260
73 0.2678 0.3662 0.3230 0.0330 0.0098 0.0002
74 0.4978 0.2042 0.2426 0.0381 0.0157 0.0016
75 0.3210 0.4597 0.1962 0.0113 0.0115 0.0003
76 0.6221 0.0917 0.2019 0.0714 0.0111 0.0019
77 0.4158 0.2042 0.2683 0.0831 0.0270 0.0017
78 0.4282 0.2310 0.2722 0.0408 0.0261 0.0019
79 0.5815 0.1948 0.1393 0.0408 0.0425 0.0009
80 0.2556 0.0804 0.2537 0.3958 0.0074 0.0072
81 0.4480 0.0676 0.2397 0.2252 0.0144 0.0049
82 0.6997 0.1549 0.0911 0.0077 0.0454 0.0014
83 0.0159 0.0292 0.0034 0.0325 0.9072 0.0120
84 0.1201 0.0268 0.0418 0.0405 0.7705 0.0002
85 0.0940 0.0785 0.3032 0.0671 0.4553 0.0017
86 0.1437 0.0396 0.3313 0.2010 0.2727 0.0118
87 0.1351 0.1260 0.4866 0.2159 0.0334 0.0030
88 0.2189 0.1493 0.2747 0.2089 0.1381 0.0104
89 0.1544 0.0449 0.4539 0.2732 0.0654 0.0083
90 0.4480 0.1388 0.0969 0.1635 0.1399 0.0131
91 0.2328 0.5454 0.1357 0.0503 0.0341 0.0018
92 0.2957 0.1262 0.2233 0.2778 0.0731 0.0041
93 0.0870 0.2119 0.6426 0.0523 0.0054 0.0005
94 0.2571 0.0953 0.4690 0.1595 0.0129 0.0061
95 0.3787 0.1426 0.3877 0.0554 0.0344 0.0010
96 0.5913 0.1060 0.1655 0.0746 0.0595 0.0029
97 0.2576 0.3806 0.1143 0.2345 0.0114 0.0015
98 0.3733 0.3479 0.2281 0.0367 0.0077 0.0062
99 0.1776 0.2045 0.4065 0.0958 0.1138 0.0019
100 0.2930 0.2467 0.3911 0.0471 0.0193 0.0030
101 0.2871 0.5039 0.1573 0.0263 0.0247 0.0009
102 0.3674 0.4680 0.1028 0.0198 0.0409 0.0010
103 0.3623 0.1282 0.2756 0.1938 0.0337 0.0065
104 0.3313 0.1932 0.3262 0.1084 0.0341 0.0067
105 0.2849 0.4482 0.2068 0.0484 0.0098 0.0018
106 0.3142 0.0707 0.0240 0.1450 0.4397 0.0064
107 0.4641 0.0290 0.1069 0.1681 0.2297 0.0022
108 0.6528 0.0593 0.0727 0.1058 0.1033 0.0058
109 0.2267 0.2568 0.3147 0.1725 0.0288 0.0006
110 0.0735 0.3794 0.4299 0.0982 0.0187 0.0001
111 0.1956 0.2913 0.1896 0.1584 0.1548 0.0104
112 0.4434 0.0143 0.1450 0.3452 0.0254 0.0268
113 0.2397 0.2003 0.4080 0.1263 0.0197 0.0059
114 0.1088 0.2357 0.2284 0.3376 0.0547 0.0348
115 0.1143 0.2069 0.4485 0.1990 0.0225 0.0089
116 0.1576 0.3931 0.2854 0.1359 0.0199 0.0084
117 0.0726 0.5938 0.2455 0.0592 0.0257 0.0034
118 0.0994 0.4705 0.1871 0.1842 0.0545 0.0043
119 0.1082 0.1033 0.4890 0.2830 0.0106 0.0061
120 0.2043 0.0633 0.5645 0.1472 0.0064 0.0146
121 0.3542 0.0208 0.1293 0.3892 0.0440 0.0626
122 0.3237 0.0604 0.5298 0.0757 0.0073 0.0030
123 0.3357 0.1188 0.3411 0.1812 0.0166 0.0068
124 0.1996 0.2427 0.4978 0.0412 0.0183 0.0005
125 0.3286 0.2025 0.3611 0.1042 0.0031 0.0004
126 0.1666 0.0496 0.1978 0.5547 0.0150 0.0162
127 0.3357 0.2896 0.1797 0.1783 0.0054 0.0114
128 0.3831 0.2473 0.1866 0.1465 0.0127 0.0239
129 0.4702 0.1066 0.2087 0.1991 0.0144 0.0009
130 0.2605 0.0154 0.2300 0.4719 0.0168 0.0053
131 0.1803 0.1191 0.3787 0.2903 0.0287 0.0027
132 0.3804 0.0636 0.4343 0.1064 0.0134 0.0017
133 0.6719 0.0394 0.1022 0.1476 0.0054 0.0334
134 0.2617 0.2328 0.3577 0.1266 0.0116 0.0098
135 0.1848 0.0370 0.3850 0.3850 0.0041 0.0041
136 0.2732 0.0113 0.3145 0.3794 0.0137 0.0078
137 0.2194 0.0795 0.5781 0.1121 0.0100 0.0010
138 0.4814 0.1017 0.3635 0.0354 0.0174 0.0006
139 0.1324 0.0142 0.5576 0.2805 0.0114 0.0038
140 0.3091 0.0204 0.1482 0.4900 0.0316 0.0009
141 0.6162 0.0312 0.1686 0.1698 0.0116 0.0025
142 0.2944 0.0728 0.5459 0.0762 0.0105 0.0002
143 0.0999 0.0518 0.7500 0.0917 0.0060 0.0004
144 0.2487 0.2281 0.4165 0.0997 0.0065 0.0006
145 0.6689 0.1338 0.1180 0.0622 0.0121 0.0050
146 0.1195 0.0450 0.4839 0.3379 0.0064 0.0075
147 0.3457 0.0510 0.2097 0.3796 0.0124 0.0016
148 0.2944 0.0357 0.2639 0.3899 0.0098 0.0064
149 0.2330 0.1181 0.2578 0.3723 0.0165 0.0021
150 0.1740 0.0144 0.3149 0.4583 0.0214 0.0172
151 0.1487 0.2651 0.4727 0.0902 0.0230 0.0005
152 0.2113 0.2529 0.4438 0.0615 0.0297 0.0008
153 0.3677 0.1241 0.2212 0.2627 0.0211 0.0033
154 0.5142 0.0900 0.2109 0.1250 0.0460 0.0139
155 0.2659 0.0424 0.2274 0.4451 0.0144 0.0049
156 0.1344 0.1168 0.5444 0.1957 0.0072 0.0015
157 0.2891 0.1355 0.4272 0.1409 0.0062 0.0012
158 0.5938 0.1356 0.2052 0.0561 0.0074 0.0018
159 0.5259 0.1249 0.2708 0.0633 0.0143 0.0011
160 0.5674 0.0963 0.2440 0.0739 0.0174 0.0008
161 0.3408 0.2003 0.4241 0.0228 0.0113 0.0006
162 0.6138 0.0971 0.1602 0.1100 0.0107 0.0081
163 0.3254 0.2495 0.1399 0.1197 0.0631 0.1024
164 0.5454 0.2744 0.0504 0.0504 0.0792 0.0000
165 0.6899 0.1237 0.0417 0.0850 0.0598 0.0001
166 0.1700 0.2551 0.1244 0.2673 0.0376 0.1454
167 0.1403 0.0303 0.0683 0.7012 0.0181 0.0421
168 0.3369 0.0313 0.0623 0.5220 0.0272 0.0206
169 0.6636 0.0520 0.0488 0.1962 0.0323 0.0073
170 0.2861 0.2299 0.0614 0.2334 0.0643 0.1249
