time exciting_prob fearful_prob tense_prob sad_prob relaxing_prob neutral_prob
0 0.0610 0.0440 0.0931 0.6987 0.0332 0.0703
1 0.0356 0.2888 0.0713 0.5923 0.0109 0.0009
2 0.1224 0.3711 0.4075 0.0150 0.0834 0.0007
3 0.0894 0.5186 0.1820 0.0915 0.0967 0.0219
4 0.0659 0.1670 0.2930 0.2078 0.2281 0.0381
5 0.1041 0.4050 0.2419 0.1024 0.0755 0.0709
6 0.1908 0.2214 0.2607 0.2249 0.0853 0.0167
7 0.2576 0.2617 0.1143 0.1316 0.2087 0.0259
8 0.1736 0.2013 0.1165 0.3821 0.1138 0.0129
9 0.2625 0.3140 0.2142 0.1165 0.0879 0.0050
10 0.3003 0.2649 0.0771 0.1242 0.2047 0.0288
11 0.3501 0.0806 0.0146 0.4060 0.1201 0.0287
12 0.0984 0.2551 0.1420 0.1454 0.3201 0.0391
13 0.0476 0.7334 0.0631 0.0462 0.0933 0.0165
14 0.0496 0.8003 0.0549 0.0377 0.0480 0.0097
15 0.2080 0.4333 0.1807 0.0686 0.1054 0.0040
16 0.1934 0.4463 0.1642 0.0242 0.1591 0.0130
17 0.0784 0.3569 0.1910 0.0939 0.1956 0.0841
18 0.3169 0.2063 0.1570 0.0522 0.2546 0.0129
19 0.4016 0.1687 0.1008 0.1838 0.1284 0.0166
20 0.3342 0.1543 0.0521 0.2686 0.1642 0.0266
21 0.1877 0.1241 0.0582 0.2546 0.1362 0.2391
22 0.2433 0.0991 0.0543 0.2629 0.0815 0.2590
23 0.0415 0.0706 0.1371 0.6440 0.0097 0.0972
24 0.4207 0.1781 0.2396 0.0397 0.0640 0.0578
25 0.2529 0.4167 0.1096 0.0339 0.0909 0.0959
26 0.0955 0.3894 0.4553 0.0234 0.0181 0.0184
27 0.1215 0.4805 0.2869 0.0398 0.0374 0.0340
28 0.0922 0.1484 0.0555 0.1279 0.1532 0.4229
29 0.0651 0.4734 0.2495 0.1854 0.0103 0.0163
30 0.1407 0.1301 0.1849 0.3074 0.0271 0.2096
31 0.0390 0.1920 0.6099 0.1279 0.0014 0.0297
32 0.0457 0.1364 0.2469 0.5229 0.0119 0.0361
33 0.0836 0.6084 0.2576 0.0287 0.0190 0.0031
34 0.0717 0.2091 0.4861 0.2074 0.0181 0.0077
35 0.1772 0.0793 0.0120 0.6904 0.0405 0.0007
36 0.4382 0.2874 0.0500 0.1743 0.0484 0.0015
37 0.0968 0.3379 0.3125 0.1177 0.0938 0.0413
38 0.0565 0.6777 0.1560 0.0597 0.0271 0.0232
39 0.0699 0.5010 0.1058 0.2240 0.0544 0.0451
40 0.0980 0.1361 0.0764 0.4827 0.0819 0.1249
41 0.0787 0.0612 0.1018 0.4421 0.0122 0.3040
42 0.1083 0.2617 0.1771 0.2991 0.0357 0.1180
43 0.0679 0.1566 0.1720 0.4392 0.0594 0.1051
44 0.1198 0.4966 0.1914 0.1490 0.0274 0.0157
45 0.1266 0.3496 0.2257 0.2292 0.0152 0.0536
46 0.0546 0.2861 0.1655 0.2839 0.0071 0.2029
47 0.1130 0.2062 0.2030 0.3401 0.0595 0.0782
48 0.1935 0.2059 0.1790 0.3264 0.0390 0.0563
49 0.0724 0.3401 0.2798 0.1683 0.0237 0.1157
50 0.0362 0.6118 0.1608 0.1097 0.0370 0.0446
51 0.0766 0.5034 0.1105 0.2415 0.0601 0.0081
52 0.1578 0.2771 0.1437 0.2465 0.0500 0.1249
53 0.1248 0.1859 0.2073 0.2878 0.1136 0.0806
54 0.1721 0.1682 0.1279 0.2930 0.0246 0.2142
55 0.2576 0.4417 0.1009 0.1337 0.0507 0.0156
56 0.1351 0.0329 0.0396 0.5688 0.0175 0.2061
57 0.1152 0.0417 0.1549 0.4773 0.0536 0.1573
58 0.0624 0.0416 0.3003 0.5352 0.0279 0.0324
59 0.0835 0.0194 0.1355 0.6992 0.0343 0.0284
60 0.3762 0.1037 0.0467 0.1937 0.2429 0.0367
61 0.0710 0.0890 0.1000 0.5581 0.1008 0.0811
62 0.0958 0.2771 0.1790 0.2644 0.1289 0.0550
63 0.0969 0.2288 0.3303 0.1989 0.0158 0.1294
64 0.1460 0.1735 0.1220 0.3342 0.0339 0.1904
65 0.1744 0.1843 0.4456 0.0657 0.0402 0.0898
66 0.1250 0.1362 0.5024 0.1362 0.0833 0.0168
67 0.1366 0.2612 0.2532 0.2361 0.0324 0.0803
68 0.0906 0.1747 0.1775 0.4460 0.0442 0.0668
69 0.0922 0.1300 0.2300 0.1736 0.1175 0.2566
70 0.1620 0.2267 0.3540 0.1464 0.0960 0.0150
71 0.0879 0.2245 0.2524 0.1309 0.1268 0.1775
72 0.1066 0.1576 0.1731 0.1266 0.0891 0.3469
73 0.0856 0.1625 0.0919 0.0580 0.4929 0.1091
74 0.1998 0.4539 0.1130 0.0741 0.0595 0.0997
75 0.0760 0.2472 0.3625 0.0931 0.0630 0.1583
76 0.0157 0.3618 0.0853 0.4297 0.0873 0.0202
77 0.1112 0.3193 0.0908 0.0936 0.3792 0.0058
78 0.0545 0.1145 0.2277 0.0711 0.4529 0.0793
79 0.0184 0.5146 0.1569 0.2668 0.0277 0.0155
80 0.5288 0.0424 0.0891 0.3108 0.0151 0.0141
81 0.1615 0.1541 0.3667 0.1035 0.1947 0.0196
82 0.1248 0.3086 0.1018 0.2620 0.0111 0.1917
83 0.1273 0.2847 0.1023 0.3301 0.0103 0.1454
84 0.0845 0.3069 0.3586 0.1604 0.0378 0.0517
85 0.1005 0.1375 0.5786 0.0334 0.1301 0.0200
86 0.0658 0.0673 0.0238 0.0181 0.7949 0.0299
87 0.1511 0.0848 0.4011 0.2866 0.0625 0.0137
88 0.2749 0.0723 0.5596 0.0435 0.0435 0.0065
89 0.0911 0.1958 0.0797 0.2961 0.1399 0.1973
90 0.0584 0.6284 0.1287 0.0750 0.0508 0.0589
91 0.1837 0.4272 0.1141 0.1302 0.0909 0.0539
92 0.4070 0.1710 0.1113 0.2776 0.0271 0.0062
93 0.3733 0.2159 0.1776 0.1951 0.0209 0.0172
94 0.3601 0.2399 0.1741 0.1840 0.0401 0.0020
95 0.2585 0.0326 0.1260 0.4756 0.0231 0.0840
96 0.4124 0.1666 0.2856 0.0678 0.0623 0.0054
97 0.3848 0.0973 0.1310 0.1735 0.1567 0.0568
98 0.0568 0.1581 0.4832 0.1331 0.0097 0.1593
99 0.5195 0.1072 0.2695 0.0394 0.0635 0.0011
100 0.1000 0.2084 0.1273 0.0977 0.1151 0.3516
101 0.4421 0.0927 0.1162 0.0386 0.3086 0.0018
102 0.1406 0.2429 0.2908 0.0846 0.1848 0.0564
103 0.1714 0.1537 0.3545 0.0849 0.1810 0.0544
104 0.0139 0.0112 0.0092 0.1000 0.8643 0.0014
105 0.5210 0.1470 0.2500 0.0528 0.0119 0.0174
106 0.3828 0.1431 0.3325 0.1097 0.0134 0.0185
107 0.3865 0.1974 0.2917 0.0911 0.0165 0.0168
108 0.4688 0.1710 0.2375 0.1054 0.0069 0.0105
109 0.1909 0.3074 0.2214 0.1322 0.0564 0.0916
110 0.3938 0.2686 0.2262 0.0242 0.0285 0.0585
111 0.2167 0.0440 0.1714 0.4377 0.0202 0.1098
112 0.0961 0.3772 0.4275 0.0917 0.0031 0.0044
113 0.3945 0.2754 0.1658 0.0901 0.0260 0.0482
114 0.1666 0.2107 0.1068 0.2042 0.2705 0.0412
115 0.2421 0.1676 0.2659 0.1009 0.2136 0.0101
116 0.0746 0.3188 0.1530 0.1816 0.2227 0.0493
117 0.1340 0.5820 0.1542 0.0489 0.0489 0.0321
118 0.1320 0.5864 0.1268 0.0268 0.1077 0.0201
119 0.2981 0.4370 0.1365 0.0443 0.0681 0.0163
120 0.3901 0.2810 0.0948 0.0371 0.1915 0.0054
121 0.1671 0.2356 0.4761 0.0759 0.0314 0.0140
122 0.1555 0.3909 0.4160 0.0202 0.0156 0.0017
123 0.1268 0.0618 0.2993 0.3186 0.0541 0.1393
124 0.3884 0.0827 0.2129 0.1022 0.0696 0.1440
125 0.0772 0.1597 0.2323 0.4995 0.0197 0.0117
126 0.0910 0.3892 0.2869 0.1525 0.0273 0.0531
127 0.0374 0.5630 0.2620 0.0857 0.0127 0.0392
128 0.0486 0.0839 0.7363 0.1111 0.0052 0.0148
129 0.1481 0.3015 0.4705 0.0267 0.0448 0.0084
130 0.0677 0.2401 0.2054 0.4382 0.0129 0.0354
131 0.1329 0.2664 0.4426 0.1110 0.0360 0.0111
132 0.0767 0.1107 0.2827 0.4590 0.0245 0.0465
133 0.0923 0.0708 0.6260 0.0783 0.0114 0.1213
134 0.4890 0.0933 0.2383 0.0970 0.0211 0.0612
135 0.4858 0.2106 0.1815 0.0632 0.0318 0.0270
136 0.4390 0.1404 0.3696 0.0147 0.0248 0.0115
137 0.1665 0.4319 0.3159 0.0622 0.0138 0.0098
138 0.6606 0.1241 0.0814 0.0747 0.0517 0.0075
139 0.1340 0.5425 0.2141 0.0858 0.0152 0.0084
140 0.0267 0.1797 0.0269 0.6997 0.0646 0.0022
141 0.0768 0.4453 0.1285 0.1677 0.0229 0.1588
142 0.0408 0.4775 0.2898 0.1390 0.0085 0.0444
143 0.3743 0.3032 0.0359 0.1714 0.0305 0.0848
144 0.1268 0.4128 0.1721 0.2175 0.0418 0.0290
145 0.4363 0.2729 0.1655 0.1120 0.0104 0.0029
146 0.4175 0.1926 0.1420 0.2166 0.0218 0.0097
147 0.5898 0.0693 0.0970 0.1885 0.0137 0.0417
148 0.2236 0.1501 0.1024 0.1216 0.0612 0.3411
149 0.6431 0.1050 0.0792 0.1469 0.0164 0.0095
150 0.0983 0.7041 0.1149 0.0714 0.0097 0.0014
151 0.0763 0.6484 0.1200 0.1425 0.0096 0.0029
152 0.2457 0.5244 0.1378 0.0360 0.0437 0.0122
153 0.0247 0.3774 0.3774 0.1812 0.0072 0.0320
154 0.0596 0.4136 0.2321 0.1893 0.0610 0.0443
155 0.2974 0.4790 0.0679 0.0546 0.0525 0.0486
156 0.1854 0.3716 0.1943 0.1661 0.0388 0.0437
157 0.4395 0.3533 0.0701 0.0782 0.0378 0.0212
158 0.0882 0.5889 0.1133 0.1000 0.0511 0.0587
159 0.0614 0.6914 0.1543 0.0537 0.0196 0.0198
160 0.0338 0.6641 0.1381 0.1145 0.0086 0.0408
161 0.0629 0.7778 0.0966 0.0432 0.0099 0.0098
162 0.0840 0.7090 0.0861 0.0639 0.0269 0.0300
163 0.2788 0.2766 0.1390 0.2620 0.0369 0.0068
164 0.1377 0.2739 0.1225 0.4143 0.0241 0.0273
165 0.1044 0.5474 0.2111 0.0393 0.0250 0.0729
166 0.1768 0.4207 0.1523 0.1699 0.0426 0.0376
167 0.1212 0.4502 0.0859 0.2281 0.0186 0.0959
168 0.2142 0.4607 0.1656 0.0908 0.0196 0.0490
169 0.0980 0.0576 0.1875 0.4641 0.0112 0.1818
170 0.1865 0.0975 0.2571 0.2959 0.0367 0.1262
171 0.1089 0.1825 0.2961 0.3408 0.0220 0.0495
172 0.0842 0.1740 0.5034 0.1584 0.0174 0.0626
173 0.1038 0.2031 0.2690 0.2338 0.1343 0.0560
174 0.1082 0.1611 0.3521 0.2720 0.0779 0.0289
175 0.1560 0.0875 0.2455 0.3079 0.1781 0.0251
176 0.1497 0.3047 0.4099 0.0564 0.0629 0.0165
177 0.3547 0.4211 0.1729 0.0401 0.0077 0.0036
178 0.0850 0.2441 0.2559 0.1267 0.1493 0.1392
179 0.0801 0.5698 0.1375 0.1545 0.0224 0.0359
180 0.2019 0.1523 0.1973 0.1912 0.0491 0.2083
181 0.2194 0.5732 0.1044 0.0238 0.0643 0.0148
182 0.1047 0.3101 0.2018 0.2825 0.0450 0.0560
183 0.3157 0.4182 0.1171 0.0876 0.0414 0.0199
184 0.3591 0.2754 0.1683 0.1104 0.0187 0.0680
185 0.2072 0.0459 0.1886 0.2559 0.1199 0.1827
186 0.4436 0.1222 0.2319 0.0659 0.1203 0.0162
187 0.0087 0.0794 0.5181 0.1211 0.0165 0.2563
188 0.0317 0.2305 0.4241 0.0714 0.0259 0.2166
189 0.1471 0.3088 0.1404 0.1831 0.1747 0.0459
190 0.1372 0.2485 0.1086 0.3396 0.0746 0.0914
191 0.1771 0.4053 0.1757 0.1587 0.0637 0.0196
192 0.0294 0.5132 0.3418 0.0920 0.0060 0.0180
193 0.2377 0.4106 0.1088 0.1158 0.0719 0.0551
194 0.0743 0.2871 0.1797 0.3127 0.1064 0.0398
195 0.3606 0.2678 0.1915 0.0341 0.1285 0.0174
196 0.0775 0.2561 0.2463 0.1219 0.2705 0.0274
197 0.3074 0.2285 0.0748 0.3325 0.0232 0.0337
198 0.3149 0.1376 0.1794 0.1355 0.1910 0.0413
199 0.2362 0.0588 0.0611 0.4846 0.1304 0.0289
200 0.1335 0.4277 0.2871 0.0767 0.0312 0.0437
201 0.2356 0.2607 0.1281 0.0569 0.0208 0.2979
202 0.0925 0.3464 0.2576 0.0925 0.1378 0.0732
203 0.2019 0.3923 0.2252 0.0307 0.1345 0.0154
204 0.1588 0.1144 0.0637 0.2854 0.1296 0.2479
205 0.1099 0.1041 0.0721 0.3926 0.1284 0.1929
206 0.1559 0.3198 0.0902 0.2673 0.0416 0.1252
207 0.0798 0.3630 0.3865 0.0682 0.0557 0.0469
208 0.0787 0.3091 0.3501 0.0467 0.0623 0.1530
209 0.0906 0.3672 0.3291 0.0604 0.0794 0.0734
210 0.0876 0.4309 0.1610 0.1356 0.1031 0.0816
211 0.0797 0.2847 0.2305 0.1234 0.1196 0.1622
212 0.0978 0.4023 0.2328 0.0762 0.0519 0.1390
213 0.1672 0.1464 0.0526 0.2913 0.1940 0.1487
214 0.1549 0.2151 0.0677 0.2720 0.0310 0.2595
215 0.1549 0.2151 0.0677 0.2720 0.0310 0.2595
216 0.1136 0.1553 0.1349 0.1288 0.0181 0.4492
217 0.1136 0.1553 0.1349 0.1288 0.0181 0.4492
218 0.1136 0.1553 0.1349 0.1288 0.0181 0.4492
219 0.1136 0.1553 0.1349 0.1288 0.0181 0.4492
220 0.1136 0.1553 0.1349 0.1288 0.0181 0.4492
221 0.1136 0.1553 0.1349 0.1288 0.0181 0.4492
222 0.1136 0.1553 0.1349 0.1288 0.0181 0.4492
223 0.1136 0.1553 0.1349 0.1288 0.0181 0.4492
224 0.1136 0.1553 0.1349 0.1288 0.0181 0.4492
