time exciting_prob fearful_prob tense_prob sad_prob relaxing_prob neutral_prob
0 0.1136 0.1553 0.1349 0.1288 0.0181 0.4492
1 0.0294 0.0801 0.3701 0.4827 0.0116 0.0260
2 0.0291 0.0910 0.2117 0.6416 0.0118 0.0147
3 0.0177 0.2314 0.2749 0.3999 0.0402 0.0360
4 0.0166 0.2200 0.3408 0.3354 0.0320 0.0552
5 0.1930 0.2744 0.4890 0.0240 0.0081 0.0117
6 0.0921 0.4568 0.3394 0.0746 0.0301 0.0069
7 0.0558 0.3132 0.4419 0.1327 0.0408 0.0156
8 0.0755 0.0829 0.3384 0.4082 0.0296 0.0656
9 0.0409 0.0997 0.2428 0.5220 0.0517 0.0428
10 0.1104 0.1213 0.3049 0.3564 0.0196 0.0873
11 0.0268 0.1240 0.2666 0.4829 0.0115 0.0880
12 0.1722 0.3645 0.3479 0.0680 0.0134 0.0339
13 0.0839 0.3911 0.2708 0.0813 0.0323 0.1405
14 0.0303 0.0977 0.2698 0.4312 0.0025 0.1688
15 0.0478 0.2043 0.2625 0.4463 0.0192 0.0199
16 0.0390 0.4827 0.1919 0.2209 0.0139 0.0517
17 0.0224 0.2927 0.4570 0.0839 0.0066 0.1372
18 0.1859 0.0240 0.3162 0.3418 0.0470 0.0851
19 0.0847 0.1104 0.3855 0.3677 0.0337 0.0180
20 0.0399 0.0988 0.2881 0.3115 0.0072 0.2544
21 0.0953 0.3301 0.3889 0.0239 0.0143 0.1476
22 0.0454 0.2534 0.5986 0.0143 0.0046 0.0836
23 0.0396 0.4863 0.2625 0.0712 0.0128 0.1278
24 0.0165 0.1312 0.2910 0.3977 0.0125 0.1510
25 0.0585 0.2484 0.4534 0.2028 0.0053 0.0318
26 0.0357 0.1305 0.3181 0.3386 0.0120 0.1650
27 0.0306 0.2061 0.6758 0.0486 0.0088 0.0302
28 0.0430 0.2286 0.5317 0.0784 0.0161 0.1022
29 0.0305 0.2050 0.5488 0.1124 0.0052 0.0984
30 0.0315 0.2289 0.6221 0.0616 0.0058 0.0499
31 0.0253 0.1810 0.4209 0.2761 0.0110 0.0855
32 0.0241 0.3440 0.4348 0.1625 0.0048 0.0300
33 0.0222 0.4573 0.4363 0.0609 0.0032 0.0201
34 0.0602 0.3774 0.3179 0.0785 0.0677 0.0984
35 0.0403 0.0107 0.8105 0.0742 0.0087 0.0556
36 0.1033 0.0363 0.2944 0.1901 0.0261 0.3496
37 0.0775 0.0311 0.3445 0.3552 0.0187 0.1732
38 0.0229 0.2074 0.7129 0.0384 0.0019 0.0166
39 0.0244 0.3062 0.3235 0.1858 0.0098 0.1504
40 0.0550 0.0504 0.6909 0.1591 0.0083 0.0363
41 0.0475 0.0327 0.6670 0.1910 0.0018 0.0601
42 0.0511 0.0354 0.1305 0.2477 0.0111 0.5244
43 0.0217 0.0770 0.4539 0.2283 0.0145 0.2046
44 0.0599 0.1830 0.4495 0.0493 0.0121 0.2463
45 0.0181 0.2073 0.3994 0.2312 0.0331 0.1109
46 0.0290 0.2646 0.5737 0.0649 0.0098 0.0581
47 0.0468 0.4265 0.3650 0.0379 0.0035 0.1204
48 0.0506 0.0309 0.7207 0.0650 0.0131 0.1195
49 0.1746 0.0775 0.4529 0.1692 0.0113 0.1145
50 0.0508 0.4255 0.3264 0.1329 0.0177 0.0466
51 0.0842 0.2893 0.3079 0.2133 0.0206 0.0848
52 0.0495 0.0791 0.2218 0.2554 0.0228 0.3716
53 0.1249 0.4568 0.2012 0.0525 0.0187 0.1460
54 0.0652 0.1445 0.4666 0.1562 0.0357 0.1316
55 0.0854 0.0686 0.2321 0.4836 0.0450 0.0854
56 0.0946 0.0640 0.7100 0.0882 0.0247 0.0186
57 0.0481 0.1136 0.3782 0.1349 0.0259 0.2993
58 0.0602 0.2004 0.3926 0.2036 0.0186 0.1245
59 0.0424 0.3105 0.4961 0.0671 0.0089 0.0749
60 0.0284 0.4409 0.4080 0.0760 0.0056 0.0410
61 0.0306 0.2089 0.2349 0.0710 0.0160 0.4387
62 0.0637 0.1492 0.1886 0.1017 0.0113 0.4854
63 0.0360 0.2856 0.1393 0.0825 0.0141 0.4424
64 0.0108 0.1957 0.6318 0.1324 0.0045 0.0249
65 0.0332 0.1292 0.5610 0.2450 0.0083 0.0235
66 0.0092 0.1652 0.4932 0.2991 0.0023 0.0310
67 0.0124 0.3318 0.5645 0.0482 0.0023 0.0412
68 0.0223 0.1189 0.4417 0.2477 0.0215 0.1479
69 0.0717 0.4126 0.3474 0.0323 0.0516 0.0845
70 0.0998 0.1522 0.3538 0.1893 0.0241 0.1807
71 0.1571 0.3921 0.2305 0.0875 0.0241 0.1088
72 0.0857 0.2991 0.4319 0.0694 0.0121 0.1018
73 0.1093 0.2502 0.3394 0.0428 0.0360 0.2225
74 0.0308 0.1960 0.3721 0.0744 0.0033 0.3232
75 0.0898 0.5854 0.2479 0.0424 0.0190 0.0152
76 0.0280 0.2494 0.3862 0.1853 0.0245 0.1263
77 0.0948 0.2422 0.4089 0.0728 0.0261 0.1552
78 0.0274 0.2314 0.1733 0.0872 0.0238 0.4568
79 0.0243 0.2637 0.4773 0.1108 0.0113 0.1125
80 0.0980 0.2925 0.3367 0.1076 0.0763 0.0892
81 0.0485 0.1449 0.7021 0.0576 0.0086 0.0384
82 0.0363 0.4089 0.4353 0.0716 0.0057 0.0424
83 0.0410 0.2065 0.5356 0.1072 0.0065 0.1030
84 0.0228 0.1462 0.3508 0.3245 0.0180 0.1375
85 0.0291 0.2256 0.4629 0.2439 0.0032 0.0352
86 0.0120 0.2610 0.5884 0.1122 0.0060 0.0206
87 0.1539 0.5010 0.2441 0.0148 0.0301 0.0562
88 0.0430 0.1572 0.2474 0.1244 0.0325 0.3955
89 0.0061 0.1732 0.6045 0.0287 0.0046 0.1829
90 0.1201 0.0706 0.3423 0.1483 0.0168 0.3020
91 0.1451 0.0696 0.5024 0.1290 0.0130 0.1406
92 0.0127 0.2954 0.3855 0.2607 0.0090 0.0367
93 0.0413 0.4038 0.3245 0.2063 0.0051 0.0190
94 0.0222 0.3870 0.4119 0.1539 0.0084 0.0167
95 0.0500 0.3259 0.2966 0.1118 0.0102 0.2056
96 0.0633 0.4607 0.2974 0.0474 0.0033 0.1279
97 0.0289 0.0642 0.3872 0.2969 0.0088 0.2139
98 0.0692 0.1583 0.1766 0.4304 0.0235 0.1420
99 0.0339 0.2351 0.4675 0.1803 0.0057 0.0775
100 0.0608 0.2460 0.3931 0.1401 0.0263 0.1338
101 0.0807 0.2334 0.3701 0.0950 0.0258 0.1951
102 0.0711 0.4060 0.3696 0.0442 0.0008 0.1084
103 0.0298 0.0760 0.5483 0.1896 0.0040 0.1523
104 0.0355 0.1309 0.2388 0.3640 0.0102 0.2208
105 0.0098 0.4126 0.4824 0.0442 0.0024 0.0485
106 0.0366 0.1035 0.3447 0.4158 0.0238 0.0757
107 0.0326 0.2009 0.4390 0.0396 0.0068 0.2812
108 0.0168 0.1660 0.2717 0.0228 0.0070 0.5156
109 0.0550 0.5425 0.2644 0.0467 0.0115 0.0800
110 0.0525 0.3191 0.4944 0.0595 0.0221 0.0525
111 0.1180 0.2188 0.3108 0.0441 0.0405 0.2681
112 0.0263 0.1943 0.6782 0.0511 0.0087 0.0411
113 0.1781 0.2612 0.3799 0.1031 0.0382 0.0394
114 0.2466 0.1763 0.2390 0.2428 0.0281 0.0674
115 0.0486 0.1498 0.5566 0.1261 0.0048 0.1140
116 0.0503 0.2654 0.4585 0.1089 0.0123 0.1047
117 0.0557 0.5625 0.2698 0.0962 0.0054 0.0105
118 0.0858 0.1154 0.3997 0.1759 0.0127 0.2106
119 0.0855 0.3152 0.4412 0.0259 0.0259 0.1064
120 0.0162 0.1633 0.7207 0.0556 0.0021 0.0423
121 0.0054 0.2598 0.7065 0.0205 0.0020 0.0059
122 0.0997 0.2690 0.3096 0.1750 0.0081 0.1384
123 0.0152 0.3887 0.5312 0.0479 0.0053 0.0118
124 0.0610 0.2754 0.3120 0.0319 0.0053 0.3145
125 0.0261 0.1444 0.7163 0.0310 0.0071 0.0750
126 0.0965 0.3115 0.2333 0.0781 0.1019 0.1788
127 0.0874 0.1429 0.2357 0.0765 0.0340 0.4236
128 0.0331 0.0745 0.1802 0.0558 0.0124 0.6440
129 0.0717 0.2108 0.3848 0.1890 0.0127 0.1310
130 0.0731 0.1294 0.1838 0.3252 0.0146 0.2739
131 0.0280 0.2476 0.5122 0.0792 0.0163 0.1169
132 0.1257 0.1627 0.2330 0.1917 0.0289 0.2581
133 0.0644 0.2411 0.2229 0.2839 0.0167 0.1709
134 0.0582 0.0801 0.0938 0.1353 0.0070 0.6255
135 0.0508 0.1085 0.1035 0.1874 0.0120 0.5381
136 0.0409 0.0550 0.1494 0.5464 0.0072 0.2010
137 0.0851 0.2463 0.2351 0.3816 0.0126 0.0393
138 0.0259 0.0781 0.2993 0.2041 0.0233 0.3694
139 0.0457 0.2164 0.3889 0.0861 0.0479 0.2148
140 0.0567 0.1102 0.5137 0.1299 0.0123 0.1775
141 0.0810 0.1378 0.1715 0.3230 0.0273 0.2595
142 0.0598 0.1564 0.2422 0.3552 0.0174 0.1691
143 0.0538 0.0457 0.1908 0.4233 0.0089 0.2776
144 0.0161 0.0283 0.0628 0.4790 0.0168 0.3970
145 0.0245 0.3918 0.3948 0.0172 0.0146 0.1571
146 0.0273 0.0984 0.2324 0.1853 0.0324 0.4241
147 0.0292 0.3293 0.2045 0.2905 0.0047 0.1416
148 0.0433 0.6123 0.2634 0.0503 0.0019 0.0289
149 0.0240 0.2617 0.2537 0.2292 0.0159 0.2153
150 0.0632 0.3525 0.3337 0.0562 0.0253 0.1691
151 0.0100 0.0880 0.1261 0.2047 0.0148 0.5562
152 0.0593 0.0682 0.2739 0.4243 0.0078 0.1663
153 0.1057 0.0829 0.1729 0.3491 0.0068 0.2827
154 0.0681 0.1608 0.3171 0.0334 0.0379 0.3826
155 0.1366 0.3125 0.3655 0.0725 0.0130 0.0999
156 0.0724 0.3296 0.1764 0.1104 0.0248 0.2864
157 0.0869 0.1177 0.4143 0.1882 0.0203 0.1727
158 0.0220 0.1720 0.2351 0.1173 0.0892 0.3643
159 0.0198 0.1176 0.1808 0.1292 0.0295 0.5229
160 0.1205 0.2234 0.3599 0.0895 0.0259 0.1809
161 0.0188 0.1001 0.5498 0.2722 0.0041 0.0553
162 0.0553 0.2617 0.1945 0.1378 0.0123 0.3386
163 0.0515 0.4924 0.2917 0.0661 0.0034 0.0947
164 0.0303 0.1785 0.6841 0.0566 0.0089 0.0417
165 0.0579 0.0616 0.0984 0.6729 0.0291 0.0803
166 0.0585 0.2900 0.5508 0.0435 0.0045 0.0528
167 0.0517 0.1863 0.2668 0.2178 0.0789 0.1984
168 0.0334 0.3379 0.3596 0.1865 0.0209 0.0615
169 0.0324 0.0903 0.2098 0.0426 0.0079 0.6167
170 0.1986 0.3223 0.2715 0.0443 0.0216 0.1418
171 0.0143 0.1787 0.5859 0.0545 0.0053 0.1614
172 0.0387 0.0770 0.2228 0.2159 0.0546 0.3911
173 0.0715 0.1810 0.4277 0.0767 0.0592 0.1840
174 0.0457 0.1713 0.3198 0.1442 0.0322 0.2869
175 0.1183 0.4128 0.1708 0.0190 0.0106 0.2686
176 0.0398 0.3606 0.3899 0.1066 0.0121 0.0912
177 0.0237 0.5527 0.3513 0.0426 0.0096 0.0198
178 0.1958 0.1107 0.3545 0.2761 0.0335 0.0296
179 0.0449 0.0456 0.6396 0.1593 0.0091 0.1013
180 0.0395 0.0164 0.1769 0.6079 0.0104 0.1489
181 0.0214 0.1375 0.6064 0.0887 0.0067 0.1395
182 0.0727 0.6899 0.1771 0.0181 0.0149 0.0274
183 0.0602 0.3743 0.3984 0.0407 0.0183 0.1081
184 0.0638 0.2141 0.3557 0.0851 0.0170 0.2644
185 0.0068 0.0986 0.7876 0.0544 0.0009 0.0519
186 0.0345 0.3425 0.4399 0.0814 0.0028 0.0989
187 0.1488 0.4016 0.2634 0.0278 0.0332 0.1254
188 0.0691 0.1498 0.1292 0.3916 0.0192 0.2412
189 0.2017 0.1122 0.4688 0.1594 0.0468 0.0112
190 0.1290 0.2318 0.3591 0.2247 0.0229 0.0324
191 0.0379 0.0874 0.1672 0.3223 0.0367 0.3484
192 0.0432 0.4607 0.3879 0.0313 0.0214 0.0555
193 0.1758 0.3311 0.2460 0.0536 0.0512 0.1423
194 0.0201 0.2377 0.4475 0.1711 0.0166 0.1071
195 0.0582 0.0915 0.2864 0.2488 0.0152 0.3000
196 0.1768 0.1768 0.2695 0.2781 0.0157 0.0835
197 0.0288 0.0872 0.3818 0.1077 0.0067 0.3879
198 0.0416 0.2336 0.2773 0.2300 0.0160 0.2014
199 0.0454 0.1526 0.4050 0.1285 0.0088 0.2595
200 0.0521 0.2300 0.5264 0.1221 0.0134 0.0559
201 0.1517 0.0695 0.3584 0.2664 0.0763 0.0775
202 0.3652 0.1837 0.2002 0.0203 0.0468 0.1837
203 0.1357 0.1587 0.3232 0.0255 0.0310 0.3257
204 0.1439 0.0446 0.0887 0.6353 0.0175 0.0701
205 0.0801 0.2412 0.1683 0.0419 0.0142 0.4541
206 0.0264 0.2211 0.4905 0.1240 0.0150 0.1230
207 0.0641 0.0844 0.3579 0.1886 0.0177 0.2876
208 0.0789 0.2246 0.5518 0.0900 0.0237 0.0314
209 0.1333 0.3625 0.2571 0.0413 0.0560 0.1499
210 0.0430 0.2695 0.5112 0.0703 0.0120 0.0939
211 0.0110 0.2634 0.6943 0.0197 0.0016 0.0101
212 0.2418 0.1377 0.1335 0.2201 0.0726 0.1942
