time exciting_prob fearful_prob tense_prob sad_prob relaxing_prob neutral_prob
0 0.2903 0.1155 0.2191 0.3091 0.0435 0.0227
1 0.1877 0.1656 0.4722 0.0680 0.0505 0.0559
2 0.0801 0.1029 0.4832 0.2842 0.0329 0.0168
3 0.0849 0.2637 0.3491 0.1812 0.0170 0.1041
4 0.0590 0.1288 0.2727 0.5015 0.0092 0.0287
5 0.0471 0.3274 0.1440 0.3708 0.0635 0.0471
6 0.1281 0.1342 0.4907 0.2318 0.0063 0.0089
7 0.3328 0.0305 0.1344 0.4692 0.0143 0.0191
8 0.1599 0.0636 0.2256 0.4021 0.0300 0.1188
9 0.0288 0.2230 0.6763 0.0326 0.0040 0.0353
10 0.0804 0.0495 0.5757 0.1455 0.1049 0.0440
11 0.0416 0.2690 0.5186 0.1395 0.0118 0.0193
12 0.0325 0.2151 0.5493 0.1649 0.0082 0.0300
13 0.3994 0.0462 0.1946 0.2876 0.0496 0.0225
14 0.6592 0.0781 0.1760 0.0684 0.0141 0.0039
15 0.5298 0.0541 0.0358 0.3501 0.0217 0.0086
16 0.5278 0.0325 0.0635 0.2615 0.0760 0.0385
17 0.0643 0.3020 0.5469 0.0633 0.0049 0.0189
18 0.0407 0.3303 0.5889 0.0327 0.0015 0.0058
19 0.5205 0.0255 0.1827 0.2137 0.0352 0.0222
20 0.2178 0.0475 0.0361 0.6499 0.0350 0.0136
21 0.0830 0.1189 0.3662 0.3389 0.0197 0.0732
22 0.0670 0.2546 0.4006 0.2247 0.0429 0.0100
23 0.0936 0.1013 0.4609 0.3022 0.0237 0.0183
24 0.0103 0.3540 0.5068 0.1046 0.0159 0.0084
25 0.0206 0.1597 0.7495 0.0472 0.0035 0.0194
26 0.0363 0.2927 0.6006 0.0513 0.0060 0.0130
27 0.0433 0.1177 0.6885 0.1141 0.0101 0.0263
28 0.0288 0.1740 0.6562 0.0975 0.0070 0.0364
29 0.0750 0.1024 0.3464 0.3865 0.0110 0.0786
30 0.0349 0.3469 0.3811 0.1277 0.0050 0.1042
31 0.0419 0.2029 0.2524 0.4573 0.0073 0.0381
32 0.0632 0.1043 0.2042 0.5464 0.0056 0.0763
33 0.1293 0.1055 0.1609 0.5195 0.0145 0.0703
34 0.0398 0.2255 0.3835 0.2595 0.0056 0.0862
35 0.0237 0.1937 0.1749 0.4985 0.0212 0.0880
36 0.0371 0.1799 0.4316 0.2966 0.0037 0.0511
37 0.0771 0.0681 0.1333 0.6772 0.0162 0.0282
38 0.0145 0.3774 0.2117 0.2986 0.0076 0.0903
39 0.0182 0.3928 0.2310 0.3206 0.0060 0.0312
40 0.0246 0.4133 0.2047 0.2886 0.0123 0.0564
41 0.0208 0.0370 0.2063 0.6978 0.0122 0.0258
42 0.0724 0.5063 0.1497 0.1984 0.0551 0.0182
43 0.1775 0.1720 0.2837 0.3066 0.0219 0.0384
44 0.0355 0.1257 0.2106 0.4060 0.1317 0.0906
45 0.0542 0.1696 0.1450 0.3943 0.1240 0.1130
46 0.0276 0.2400 0.5850 0.1065 0.0062 0.0349
47 0.0342 0.1417 0.4646 0.2566 0.0140 0.0887
48 0.0725 0.0796 0.1534 0.6162 0.0161 0.0620
49 0.1627 0.1505 0.2090 0.4155 0.0438 0.0185
50 0.0839 0.0879 0.3115 0.4827 0.0063 0.0279
51 0.0494 0.1620 0.1752 0.5566 0.0108 0.0461
52 0.0413 0.0901 0.5190 0.3247 0.0098 0.0153
53 0.0742 0.0847 0.4580 0.3247 0.0151 0.0433
54 0.0412 0.1876 0.1630 0.5776 0.0135 0.0169
55 0.0668 0.7524 0.0949 0.0775 0.0052 0.0032
56 0.1196 0.3406 0.2305 0.2869 0.0061 0.0162
57 0.0765 0.1752 0.1140 0.5835 0.0144 0.0364
58 0.0595 0.2355 0.2112 0.4265 0.0209 0.0464
59 0.0442 0.1472 0.6201 0.1362 0.0094 0.0428
60 0.0302 0.0989 0.7900 0.0513 0.0023 0.0273
61 0.0279 0.2446 0.5020 0.1268 0.0074 0.0914
62 0.0464 0.1322 0.3171 0.4404 0.0094 0.0543
63 0.0611 0.1082 0.5000 0.2052 0.0049 0.1206
64 0.0519 0.1598 0.2761 0.4482 0.0088 0.0552
65 0.0262 0.3613 0.3342 0.2407 0.0060 0.0316
66 0.0418 0.1084 0.2683 0.4934 0.0204 0.0678
67 0.0437 0.1610 0.3008 0.4375 0.0135 0.0437
68 0.0576 0.1201 0.4604 0.2708 0.0099 0.0812
69 0.0684 0.2260 0.1760 0.4565 0.0311 0.0421
70 0.0632 0.3086 0.3723 0.2223 0.0122 0.0215
71 0.0571 0.1527 0.1842 0.4778 0.0147 0.1135
72 0.0709 0.1974 0.2004 0.3057 0.0593 0.1663
73 0.0740 0.2261 0.3188 0.2903 0.0150 0.0757
74 0.0693 0.1914 0.1316 0.5283 0.0218 0.0575
75 0.1343 0.1864 0.1281 0.5107 0.0162 0.0246
76 0.1034 0.1504 0.2766 0.4089 0.0172 0.0434
77 0.1000 0.2150 0.3081 0.3489 0.0083 0.0197
78 0.1067 0.2769 0.1349 0.4353 0.0187 0.0276
79 0.0301 0.4351 0.2681 0.2328 0.0080 0.0261
80 0.0271 0.2147 0.2147 0.4917 0.0203 0.0314
81 0.0316 0.1051 0.0831 0.6797 0.0229 0.0775
82 0.0467 0.0400 0.2336 0.6450 0.0052 0.0293
83 0.0254 0.3140 0.1173 0.4639 0.0123 0.0673
84 0.0799 0.1093 0.0567 0.6743 0.0161 0.0637
85 0.0336 0.3579 0.2385 0.3208 0.0431 0.0059
86 0.0856 0.5005 0.1526 0.2421 0.0128 0.0064
87 0.0592 0.1466 0.3008 0.4243 0.0135 0.0556
88 0.1890 0.1060 0.1803 0.4534 0.0418 0.0297
89 0.0465 0.0803 0.2937 0.2803 0.0102 0.2891
90 0.0715 0.1108 0.0941 0.6577 0.0253 0.0404
91 0.0878 0.2090 0.2791 0.3696 0.0408 0.0137
92 0.1730 0.0657 0.1650 0.5005 0.0200 0.0756
93 0.1500 0.2913 0.1660 0.2148 0.1660 0.0117
94 0.1663 0.2871 0.1188 0.2400 0.1826 0.0052
95 0.0778 0.3457 0.2957 0.2081 0.0692 0.0035
96 0.2742 0.1316 0.1689 0.3464 0.0566 0.0223
97 0.1989 0.4377 0.1514 0.1573 0.0503 0.0043
98 0.1176 0.3767 0.1970 0.1534 0.1322 0.0230
99 0.1987 0.2512 0.2288 0.2183 0.1007 0.0024
100 0.0914 0.1211 0.2927 0.4033 0.0807 0.0106
101 0.1127 0.3635 0.2725 0.1678 0.0805 0.0031
102 0.0837 0.1528 0.1602 0.5332 0.0306 0.0392
103 0.1166 0.1222 0.1428 0.5830 0.0146 0.0209
104 0.0668 0.3315 0.1888 0.3113 0.0235 0.0781
105 0.1259 0.2903 0.3342 0.1720 0.0328 0.0449
106 0.0461 0.3433 0.1940 0.3225 0.0089 0.0854
107 0.0855 0.5156 0.1825 0.1927 0.0133 0.0101
108 0.0844 0.2257 0.2810 0.1171 0.1652 0.1266
109 0.2067 0.1106 0.2737 0.1635 0.0797 0.1660
110 0.0368 0.1927 0.2676 0.0911 0.0939 0.3179
111 0.1030 0.3171 0.1204 0.1063 0.2250 0.1282
112 0.0550 0.4390 0.1003 0.1093 0.0825 0.2140
113 0.0294 0.2639 0.6382 0.0357 0.0204 0.0127
114 0.0241 0.7085 0.2046 0.0231 0.0286 0.0111
115 0.1324 0.2325 0.1345 0.4343 0.0343 0.0317
116 0.1027 0.4602 0.1329 0.1641 0.1339 0.0062
117 0.0838 0.1200 0.6289 0.1182 0.0108 0.0384
118 0.0978 0.0726 0.6475 0.1538 0.0181 0.0101
119 0.0965 0.0493 0.6196 0.1693 0.0168 0.0485
120 0.0290 0.5605 0.3145 0.0696 0.0039 0.0224
121 0.0557 0.4248 0.3748 0.1236 0.0144 0.0068
122 0.0766 0.4619 0.1809 0.2673 0.0065 0.0068
123 0.0363 0.7471 0.0995 0.0980 0.0066 0.0126
124 0.0347 0.0634 0.7251 0.1069 0.0108 0.0591
125 0.0305 0.3308 0.5283 0.0773 0.0167 0.0161
126 0.0720 0.3008 0.3306 0.1755 0.0179 0.1031
127 0.0661 0.2654 0.2986 0.2593 0.0284 0.0822
128 0.0342 0.2566 0.5435 0.1290 0.0187 0.0179
129 0.0352 0.2581 0.5293 0.1470 0.0042 0.0264
130 0.0318 0.1042 0.6284 0.1180 0.0067 0.1109
131 0.0238 0.3281 0.3604 0.1929 0.0165 0.0786
132 0.1024 0.1400 0.1974 0.4243 0.0216 0.1143
133 0.0302 0.1039 0.7324 0.0731 0.0092 0.0514
134 0.0156 0.1405 0.7480 0.0550 0.0099 0.0309
135 0.0615 0.2607 0.3706 0.1893 0.0443 0.0735
136 0.0383 0.1653 0.5332 0.1528 0.0099 0.1002
137 0.0406 0.2192 0.6548 0.0328 0.0222 0.0304
138 0.0438 0.1732 0.6851 0.0346 0.0084 0.0549
139 0.0350 0.1582 0.6558 0.0364 0.0091 0.1054
140 0.0734 0.1554 0.5425 0.1460 0.0363 0.0467
141 0.0991 0.2097 0.1738 0.4580 0.0218 0.0376
142 0.0262 0.2375 0.5610 0.1440 0.0037 0.0275
143 0.0472 0.1169 0.2676 0.5405 0.0182 0.0098
144 0.1187 0.4695 0.2893 0.1124 0.0053 0.0048
145 0.1032 0.3230 0.4019 0.1501 0.0133 0.0085
146 0.0923 0.4614 0.2375 0.1908 0.0117 0.0062
147 0.0435 0.1862 0.4536 0.2883 0.0056 0.0228
148 0.0297 0.2546 0.4685 0.2247 0.0123 0.0102
149 0.0616 0.2593 0.5361 0.1023 0.0218 0.0189
150 0.0444 0.1434 0.6582 0.1091 0.0333 0.0114
151 0.0521 0.1320 0.7241 0.0643 0.0142 0.0132
152 0.0435 0.1719 0.2878 0.4255 0.0229 0.0485
153 0.0349 0.2462 0.3696 0.1887 0.0387 0.1219
154 0.0566 0.3105 0.2345 0.2534 0.0341 0.1108
155 0.0585 0.1404 0.4976 0.2313 0.0274 0.0449
156 0.0226 0.2888 0.3594 0.3074 0.0052 0.0163
157 0.0590 0.2368 0.1680 0.4785 0.0226 0.0352
158 0.0390 0.1566 0.7471 0.0181 0.0114 0.0279
159 0.0546 0.1968 0.2527 0.4365 0.0183 0.0412
160 0.0427 0.4375 0.2455 0.2493 0.0086 0.0164
161 0.0637 0.2368 0.2812 0.3904 0.0115 0.0165
162 0.0439 0.1656 0.2300 0.5181 0.0288 0.0134
163 0.0383 0.3865 0.2576 0.2698 0.0213 0.0265
164 0.0432 0.1439 0.2998 0.4644 0.0198 0.0288
165 0.0309 0.1616 0.1340 0.5732 0.0471 0.0533
166 0.1345 0.1016 0.4211 0.2720 0.0380 0.0330
167 0.0523 0.1664 0.4592 0.2256 0.0480 0.0484
168 0.1186 0.1925 0.3430 0.2081 0.0446 0.0931
169 0.0658 0.2664 0.2426 0.3938 0.0112 0.0202
170 0.0806 0.4492 0.1719 0.2295 0.0402 0.0287
171 0.0494 0.3765 0.0881 0.4268 0.0183 0.0410
172 0.0718 0.3096 0.5693 0.0391 0.0070 0.0029
173 0.0323 0.2581 0.6904 0.0170 0.0013 0.0007
174 0.0903 0.2168 0.6270 0.0593 0.0048 0.0017
175 0.0797 0.0737 0.2654 0.4587 0.0427 0.0797
176 0.0602 0.1152 0.5669 0.1870 0.0234 0.0473
177 0.0579 0.1598 0.2361 0.4998 0.0251 0.0213
178 0.0692 0.1768 0.5034 0.2133 0.0133 0.0239
179 0.1135 0.1306 0.2257 0.4854 0.0287 0.0160
180 0.1544 0.1450 0.3425 0.3118 0.0316 0.0146
181 0.0660 0.0835 0.6470 0.1024 0.0515 0.0499
182 0.1017 0.1180 0.3870 0.3308 0.0519 0.0106
183 0.1196 0.3103 0.2915 0.2305 0.0353 0.0129
184 0.1030 0.2693 0.3916 0.1851 0.0256 0.0254
185 0.0842 0.1064 0.4805 0.2695 0.0263 0.0332
186 0.1048 0.1755 0.2761 0.3716 0.0249 0.0472
187 0.0988 0.4639 0.1278 0.2791 0.0068 0.0238
188 0.1407 0.0967 0.2469 0.4265 0.0304 0.0587
189 0.1072 0.3174 0.3513 0.1344 0.0861 0.0034
190 0.0682 0.2849 0.3105 0.2761 0.0340 0.0263
191 0.1630 0.0922 0.2094 0.3972 0.0432 0.0951
192 0.0615 0.0486 0.6206 0.1096 0.0615 0.0982
193 0.0667 0.0897 0.5757 0.2290 0.0101 0.0287
194 0.1731 0.3635 0.2991 0.0844 0.0532 0.0270
195 0.0511 0.1399 0.4241 0.2825 0.0592 0.0433
196 0.0785 0.1884 0.4114 0.2534 0.0487 0.0195
197 0.0301 0.3286 0.5093 0.1154 0.0117 0.0050
198 0.0436 0.3677 0.0789 0.4575 0.0429 0.0094
199 0.0732 0.5762 0.1327 0.1650 0.0480 0.0049
200 0.0729 0.3145 0.3562 0.2229 0.0264 0.0072
201 0.1941 0.1283 0.4548 0.1512 0.0307 0.0407
202 0.1488 0.2002 0.1262 0.3889 0.0803 0.0556
203 0.1393 0.2581 0.0972 0.4124 0.0402 0.0529
204 0.1508 0.1121 0.2688 0.2817 0.0321 0.1544
205 0.0863 0.0566 0.2119 0.5850 0.0363 0.0238
206 0.0793 0.0599 0.5098 0.2296 0.0287 0.0928
207 0.0831 0.1350 0.4255 0.2664 0.0399 0.0500
208 0.0750 0.2292 0.3694 0.2539 0.0246 0.0481
209 0.1168 0.2913 0.2866 0.2233 0.0569 0.0251
210 0.0881 0.2048 0.1022 0.5269 0.0307 0.0471
211 0.0515 0.2067 0.3462 0.3684 0.0089 0.0185
212 0.0480 0.1016 0.4143 0.4143 0.0106 0.0110
213 0.0403 0.1698 0.3594 0.4009 0.0089 0.0206
214 0.0882 0.3433 0.3030 0.2473 0.0038 0.0145
215 0.0839 0.2354 0.3069 0.3423 0.0111 0.0204
216 0.0784 0.0760 0.1853 0.5981 0.0215 0.0407
217 0.0913 0.1815 0.2856 0.3904 0.0349 0.0162
218 0.1046 0.2283 0.2588 0.3647 0.0304 0.0132
219 0.0848 0.5317 0.2891 0.0426 0.0495 0.0021
220 0.0838 0.1437 0.2042 0.5176 0.0326 0.0184
221 0.0727 0.2103 0.3308 0.3257 0.0366 0.0238
222 0.0138 0.1134 0.7280 0.1285 0.0076 0.0088
223 0.0419 0.1820 0.4297 0.3000 0.0302 0.0161
224 0.0861 0.0796 0.4041 0.3857 0.0211 0.0235
225 0.0486 0.2246 0.2585 0.4397 0.0087 0.0198
226 0.0909 0.2047 0.3171 0.3484 0.0130 0.0260
227 0.0340 0.4307 0.1852 0.3005 0.0056 0.0440
228 0.0997 0.2144 0.2954 0.2861 0.1005 0.0039
229 0.1028 0.3762 0.3372 0.0989 0.0814 0.0035
230 0.0883 0.1125 0.2515 0.4485 0.0933 0.0059
231 0.1254 0.1897 0.4480 0.1648 0.0676 0.0047
232 0.1349 0.2424 0.3367 0.1746 0.1059 0.0056
233 0.1013 0.2283 0.3945 0.2031 0.0649 0.0079
234 0.1137 0.2622 0.3367 0.2141 0.0628 0.0104
235 0.1478 0.2151 0.2720 0.2554 0.0977 0.0120
236 0.1340 0.2280 0.2625 0.2666 0.0973 0.0115
