time exciting_prob fearful_prob tense_prob sad_prob relaxing_prob neutral_prob
0 0.2238 0.3257 0.0607 0.1885 0.0298 0.1716
1 0.0661 0.2720 0.2052 0.3601 0.0239 0.0726
2 0.0595 0.3972 0.3191 0.2029 0.0072 0.0140
3 0.0717 0.2012 0.4326 0.1471 0.0049 0.1426
4 0.2268 0.3274 0.3274 0.0945 0.0195 0.0041
5 0.1211 0.2059 0.3730 0.2192 0.0695 0.0113
6 0.2457 0.3130 0.2942 0.1198 0.0105 0.0170
7 0.1050 0.1719 0.4253 0.2834 0.0024 0.0119
8 0.1144 0.1276 0.2170 0.4316 0.0377 0.0716
9 0.0573 0.0659 0.3853 0.4231 0.0254 0.0432
10 0.0273 0.5122 0.1537 0.2698 0.0123 0.0247
11 0.3696 0.3262 0.1118 0.1425 0.0162 0.0338
12 0.2507 0.6304 0.0560 0.0498 0.0044 0.0084
13 0.4888 0.0434 0.0103 0.4521 0.0048 0.0005
14 0.2190 0.1349 0.0988 0.2812 0.0504 0.2156
15 0.0686 0.0547 0.0167 0.0931 0.7378 0.0291
16 0.0698 0.1039 0.0382 0.0755 0.6777 0.0345
17 0.0479 0.0820 0.0416 0.1096 0.6606 0.0582
18 0.0476 0.0417 0.0354 0.0651 0.6626 0.1478
19 0.0534 0.0426 0.0256 0.0514 0.7607 0.0665
20 0.0498 0.0406 0.0176 0.0534 0.7905 0.0479
21 0.0682 0.0876 0.0351 0.1041 0.6528 0.0523
22 0.1351 0.1147 0.2998 0.2952 0.1036 0.0517
23 0.1447 0.5415 0.0857 0.1527 0.0434 0.0320
24 0.0921 0.7300 0.0921 0.0422 0.0331 0.0105
25 0.0760 0.2612 0.4585 0.1489 0.0126 0.0427
26 0.0695 0.3020 0.4534 0.1427 0.0135 0.0190
27 0.0518 0.4438 0.2820 0.1821 0.0099 0.0304
28 0.0173 0.0378 0.0334 0.8872 0.0063 0.0179
29 0.1119 0.6240 0.1350 0.0599 0.0533 0.0156
30 0.2219 0.3105 0.2020 0.0611 0.1549 0.0495
31 0.1570 0.3564 0.0938 0.2231 0.1232 0.0464
32 0.0854 0.1725 0.4268 0.2756 0.0111 0.0286
33 0.0189 0.0207 0.0572 0.8950 0.0059 0.0023
34 0.0836 0.2362 0.2184 0.3657 0.0330 0.0630
35 0.0599 0.1934 0.4092 0.3042 0.0136 0.0199
36 0.0407 0.0271 0.0275 0.0640 0.7446 0.0961
37 0.1875 0.1790 0.2297 0.3342 0.0212 0.0482
38 0.1037 0.3621 0.2910 0.1849 0.0260 0.0324
39 0.0274 0.0044 0.0085 0.0994 0.8589 0.0012
40 0.0392 0.0072 0.0115 0.1032 0.8374 0.0015
41 0.0505 0.0072 0.0207 0.1342 0.7837 0.0036
42 0.0668 0.0445 0.1034 0.7290 0.0434 0.0131
43 0.0405 0.0259 0.0251 0.8584 0.0392 0.0111
44 0.0551 0.2610 0.3623 0.3052 0.0082 0.0083
45 0.1688 0.0631 0.3411 0.4050 0.0091 0.0128
46 0.3452 0.1763 0.2281 0.2281 0.0115 0.0109
47 0.0988 0.1920 0.2927 0.3643 0.0180 0.0341
48 0.0835 0.0495 0.0510 0.6826 0.0302 0.1031
49 0.0351 0.0171 0.0322 0.8765 0.0048 0.0345
50 0.1874 0.1627 0.1267 0.3391 0.1760 0.0079
51 0.1877 0.1605 0.3733 0.2566 0.0157 0.0061
52 0.0625 0.1323 0.2937 0.3655 0.0074 0.1387
53 0.0343 0.0196 0.0193 0.1758 0.7402 0.0110
54 0.0323 0.0196 0.0240 0.2389 0.6699 0.0152
55 0.1172 0.0497 0.0481 0.6387 0.1210 0.0252
56 0.0285 0.0089 0.0270 0.0173 0.9146 0.0038
57 0.0837 0.4119 0.1390 0.2072 0.1153 0.0431
58 0.3040 0.2642 0.1918 0.0793 0.0533 0.1075
59 0.1349 0.0652 0.1227 0.5947 0.0191 0.0632
60 0.0253 0.7441 0.1123 0.1089 0.0054 0.0041
61 0.1790 0.0776 0.2125 0.4497 0.0585 0.0228
62 0.0751 0.1307 0.2856 0.4287 0.0178 0.0618
63 0.1196 0.1294 0.2612 0.0737 0.4111 0.0049
64 0.4136 0.1078 0.2301 0.2079 0.0243 0.0164
65 0.0342 0.0605 0.0587 0.8228 0.0146 0.0092
66 0.0059 0.0174 0.0099 0.9644 0.0017 0.0006
67 0.1144 0.1287 0.1447 0.4353 0.0346 0.1425
68 0.0743 0.3252 0.2035 0.3354 0.0398 0.0220
69 0.0306 0.2156 0.1873 0.5503 0.0024 0.0139
70 0.0544 0.0500 0.0986 0.5625 0.2169 0.0174
71 0.2864 0.0814 0.0827 0.3855 0.1053 0.0587
72 0.2422 0.1504 0.1564 0.3259 0.0549 0.0705
73 0.0840 0.1037 0.0361 0.7427 0.0064 0.0273
74 0.1115 0.0407 0.3076 0.3542 0.0655 0.1205
75 0.0718 0.1383 0.5059 0.2505 0.0183 0.0152
76 0.0694 0.1504 0.3389 0.2559 0.0151 0.1704
77 0.1365 0.0834 0.4304 0.3276 0.0163 0.0056
78 0.2234 0.0602 0.2252 0.4141 0.0317 0.0454
79 0.1370 0.1127 0.2539 0.4121 0.0308 0.0536
80 0.2299 0.0605 0.1655 0.4644 0.0326 0.0471
81 0.1231 0.1497 0.1863 0.4756 0.0353 0.0299
82 0.0908 0.3374 0.2411 0.3169 0.0122 0.0018
83 0.2759 0.3984 0.1512 0.1283 0.0404 0.0057
84 0.2246 0.2373 0.0577 0.0753 0.3145 0.0908
85 0.1829 0.3389 0.1075 0.0780 0.2206 0.0721
86 0.1677 0.2422 0.0877 0.1227 0.2832 0.0964
87 0.1545 0.2629 0.2471 0.2935 0.0053 0.0367
88 0.0309 0.1632 0.5972 0.1765 0.0017 0.0304
89 0.0701 0.1383 0.5181 0.2505 0.0124 0.0108
90 0.0793 0.6592 0.0435 0.0668 0.1404 0.0106
91 0.0841 0.2959 0.1672 0.4373 0.0034 0.0119
92 0.1711 0.2377 0.2935 0.2671 0.0052 0.0254
93 0.0917 0.3101 0.3982 0.1794 0.0121 0.0087
94 0.0997 0.1028 0.2245 0.5386 0.0073 0.0270
95 0.0821 0.2146 0.1223 0.3594 0.1364 0.0853
96 0.1432 0.1064 0.2634 0.4209 0.0296 0.0365
97 0.1683 0.0859 0.0944 0.5693 0.0334 0.0486
98 0.1659 0.7207 0.0216 0.0676 0.0213 0.0028
99 0.3345 0.2952 0.1174 0.1936 0.0551 0.0040
100 0.0905 0.0477 0.0823 0.6084 0.1049 0.0662
101 0.1528 0.0533 0.1505 0.3904 0.0164 0.2367
102 0.1531 0.2061 0.4395 0.0943 0.0659 0.0412
103 0.1888 0.0878 0.1979 0.3113 0.0812 0.1328
104 0.1425 0.1962 0.1759 0.4026 0.0328 0.0500
105 0.0784 0.1039 0.1511 0.5034 0.0097 0.1536
106 0.1617 0.0894 0.2144 0.3167 0.0509 0.1669
107 0.0578 0.2551 0.0984 0.5317 0.0076 0.0491
108 0.3374 0.1779 0.1646 0.3049 0.0121 0.0031
109 0.0643 0.0577 0.0464 0.4131 0.3589 0.0595
110 0.2157 0.3289 0.1578 0.2603 0.0027 0.0347
111 0.2285 0.3325 0.2432 0.1659 0.0279 0.0021
112 0.0676 0.0293 0.0332 0.6670 0.1536 0.0495
113 0.0945 0.0350 0.0538 0.6113 0.1570 0.0486
114 0.1340 0.5259 0.1279 0.1340 0.0471 0.0311
115 0.1159 0.6885 0.1254 0.0620 0.0036 0.0049
116 0.1544 0.2336 0.1819 0.3821 0.0132 0.0347
117 0.2419 0.4246 0.0211 0.2805 0.0298 0.0020
118 0.0342 0.8296 0.0526 0.0578 0.0228 0.0032
119 0.0103 0.6616 0.2803 0.0351 0.0120 0.0005
120 0.1332 0.2080 0.0264 0.3855 0.2394 0.0075
121 0.0243 0.6255 0.3000 0.0432 0.0006 0.0062
122 0.1902 0.1528 0.0884 0.3994 0.0733 0.0956
123 0.0220 0.0493 0.1694 0.4978 0.2583 0.0031
124 0.1656 0.1750 0.0326 0.4646 0.1157 0.0464
125 0.0727 0.0864 0.0594 0.4668 0.2311 0.0837
126 0.2932 0.2338 0.1046 0.1908 0.1533 0.0243
127 0.2292 0.0263 0.3606 0.3496 0.0171 0.0171
128 0.1192 0.0859 0.4497 0.3291 0.0088 0.0073
129 0.1176 0.0506 0.3098 0.4951 0.0183 0.0086
130 0.1134 0.1295 0.1914 0.5005 0.0621 0.0034
131 0.1895 0.1071 0.1047 0.5151 0.0176 0.0660
132 0.3259 0.2222 0.3110 0.1306 0.0043 0.0061
133 0.3669 0.0764 0.3728 0.1747 0.0056 0.0035
134 0.1429 0.3325 0.4072 0.1071 0.0083 0.0019
135 0.4402 0.3484 0.1632 0.0339 0.0130 0.0013
136 0.5088 0.0603 0.2329 0.1600 0.0352 0.0030
137 0.0172 0.0321 0.0150 0.9233 0.0086 0.0037
138 0.0296 0.0347 0.0316 0.8735 0.0187 0.0120
139 0.0424 0.0440 0.0544 0.8374 0.0098 0.0120
140 0.0130 0.1727 0.1523 0.6519 0.0017 0.0085
141 0.3108 0.0310 0.4666 0.1400 0.0417 0.0099
142 0.2050 0.6069 0.0394 0.1196 0.0154 0.0135
143 0.1785 0.5283 0.0636 0.1255 0.0296 0.0744
144 0.0756 0.4348 0.1676 0.2439 0.0351 0.0431
145 0.1816 0.0320 0.4426 0.2996 0.0235 0.0209
146 0.2316 0.2227 0.2603 0.1681 0.1129 0.0046
147 0.0715 0.0836 0.4966 0.3206 0.0156 0.0121
148 0.0345 0.1475 0.0998 0.6929 0.0089 0.0166
149 0.1635 0.0395 0.0556 0.4175 0.1107 0.2133
150 0.3208 0.2537 0.0786 0.1316 0.1716 0.0437
151 0.1465 0.3101 0.3569 0.1548 0.0210 0.0106
152 0.1727 0.0779 0.3601 0.3435 0.0291 0.0168
153 0.2847 0.2634 0.0882 0.1754 0.0579 0.1304
154 0.0565 0.0157 0.0097 0.2050 0.7046 0.0087
155 0.0539 0.0171 0.0109 0.2433 0.6611 0.0137
156 0.0491 0.0258 0.0188 0.1571 0.7324 0.0170
157 0.0489 0.0372 0.0133 0.1654 0.7129 0.0222
158 0.0770 0.0958 0.3613 0.4360 0.0072 0.0228
159 0.0416 0.0674 0.5474 0.2930 0.0113 0.0391
160 0.1337 0.0500 0.3635 0.4055 0.0180 0.0294
161 0.1560 0.2133 0.4958 0.1141 0.0174 0.0032
162 0.0582 0.2196 0.5024 0.1764 0.0214 0.0217
163 0.1024 0.1467 0.4590 0.2495 0.0106 0.0317
164 0.0620 0.1726 0.1726 0.5747 0.0065 0.0116
165 0.1403 0.1182 0.1471 0.5215 0.0576 0.0156
166 0.0414 0.1492 0.1218 0.6689 0.0102 0.0087
167 0.0372 0.2729 0.0872 0.5869 0.0060 0.0101
168 0.2319 0.1498 0.1984 0.3945 0.0077 0.0179
169 0.0916 0.1396 0.2910 0.4370 0.0044 0.0362
170 0.3137 0.4565 0.0231 0.1382 0.0449 0.0235
171 0.0677 0.0504 0.1379 0.4524 0.2832 0.0084
172 0.0976 0.1660 0.3005 0.4109 0.0176 0.0073
173 0.0706 0.0673 0.2124 0.6240 0.0126 0.0130
174 0.1262 0.2048 0.2285 0.3887 0.0219 0.0300
175 0.0659 0.0873 0.0834 0.5566 0.0332 0.1737
176 0.2451 0.0353 0.1071 0.5610 0.0100 0.0413
177 0.1504 0.0328 0.1287 0.6436 0.0079 0.0369
178 0.0157 0.1121 0.0093 0.8032 0.0568 0.0031
179 0.0181 0.0870 0.0105 0.8252 0.0566 0.0024
180 0.1788 0.0604 0.3188 0.2859 0.0525 0.1035
181 0.0741 0.2178 0.1805 0.4006 0.0157 0.1113
182 0.1284 0.0726 0.1324 0.5449 0.0047 0.1169
183 0.1432 0.2133 0.4307 0.1957 0.0046 0.0125
184 0.0856 0.0203 0.4553 0.3035 0.0007 0.1346
185 0.0823 0.0738 0.5894 0.2037 0.0095 0.0414
186 0.0476 0.0253 0.5039 0.2573 0.0049 0.1610
187 0.0524 0.2483 0.1760 0.4709 0.0178 0.0344
188 0.1605 0.1069 0.4573 0.2449 0.0053 0.0250
189 0.0675 0.2488 0.4102 0.1908 0.0075 0.0753
190 0.1268 0.1775 0.4937 0.1482 0.0321 0.0217
191 0.1703 0.1743 0.2637 0.2808 0.0363 0.0750
192 0.0496 0.3335 0.2896 0.3035 0.0130 0.0108
193 0.1082 0.0430 0.1702 0.6226 0.0206 0.0357
194 0.1708 0.2316 0.1019 0.4714 0.0150 0.0093
195 0.0593 0.3105 0.0458 0.5537 0.0092 0.0215
196 0.1445 0.0343 0.1663 0.6177 0.0045 0.0325
197 0.1838 0.1741 0.5317 0.0862 0.0041 0.0198
198 0.1350 0.0751 0.4224 0.3289 0.0065 0.0323
199 0.1581 0.2566 0.1005 0.1373 0.2751 0.0724
200 0.1663 0.0671 0.2742 0.4736 0.0040 0.0150
201 0.0977 0.0194 0.1927 0.6221 0.0033 0.0646
202 0.0728 0.0501 0.2664 0.5381 0.0623 0.0101
203 0.0504 0.0956 0.2023 0.6133 0.0197 0.0185
204 0.2026 0.1471 0.1128 0.4602 0.0209 0.0563
205 0.0417 0.0732 0.1017 0.6426 0.1306 0.0100
206 0.0599 0.0689 0.3289 0.4709 0.0151 0.0562
207 0.1719 0.3367 0.3418 0.1404 0.0040 0.0052
208 0.0637 0.0463 0.2661 0.5210 0.0108 0.0920
209 0.1233 0.0714 0.5356 0.2233 0.0291 0.0173
210 0.3198 0.0254 0.3623 0.2568 0.0167 0.0188
211 0.0364 0.0114 0.0126 0.2590 0.6616 0.0191
212 0.0461 0.0178 0.0194 0.1660 0.7324 0.0182
213 0.0187 0.0056 0.0206 0.9302 0.0115 0.0133
214 0.1332 0.0814 0.5146 0.2249 0.0051 0.0409
215 0.0940 0.2085 0.5244 0.1562 0.0069 0.0101
216 0.1586 0.0259 0.1797 0.6177 0.0037 0.0145
217 0.0888 0.0547 0.2844 0.5571 0.0049 0.0100
218 0.0487 0.1272 0.0797 0.6880 0.0164 0.0400
219 0.0657 0.7402 0.0218 0.1481 0.0072 0.0171
220 0.0467 0.0758 0.1394 0.6860 0.0224 0.0294
221 0.0359 0.2146 0.0275 0.6260 0.0736 0.0226
222 0.0972 0.0757 0.3967 0.4031 0.0131 0.0142
223 0.0446 0.0446 0.0226 0.2045 0.6704 0.0135
224 0.0553 0.0508 0.0292 0.2539 0.5811 0.0296
225 0.0592 0.0430 0.0228 0.1387 0.7153 0.0209
226 0.0402 0.0318 0.0248 0.2261 0.6343 0.0428
227 0.1252 0.2396 0.1547 0.2891 0.1465 0.0450
228 0.1781 0.2891 0.1097 0.4077 0.0110 0.0042
229 0.1532 0.1848 0.3293 0.3193 0.0084 0.0048
230 0.2023 0.0732 0.1730 0.4702 0.0278 0.0536
231 0.1881 0.3982 0.0931 0.2434 0.0552 0.0221
232 0.0485 0.4292 0.2261 0.2603 0.0347 0.0013
233 0.0251 0.0823 0.2917 0.5894 0.0065 0.0051
234 0.0560 0.4236 0.2568 0.1851 0.0204 0.0582
235 0.0672 0.1676 0.6426 0.1065 0.0078 0.0085
236 0.0670 0.1522 0.4270 0.2671 0.0314 0.0551
237 0.0146 0.0732 0.0544 0.8125 0.0301 0.0154
238 0.0176 0.0406 0.0387 0.8672 0.0224 0.0135
239 0.1393 0.0711 0.4785 0.2603 0.0323 0.0186
240 0.0232 0.0235 0.0171 0.9116 0.0194 0.0051
241 0.0864 0.0424 0.0124 0.6533 0.1873 0.0180
242 0.3438 0.4624 0.1489 0.0343 0.0075 0.0030
243 0.2177 0.3560 0.0679 0.3293 0.0177 0.0115
244 0.0815 0.0742 0.4338 0.3030 0.1031 0.0043
245 0.1646 0.2112 0.5146 0.0707 0.0361 0.0027
246 0.0351 0.0829 0.7046 0.1263 0.0059 0.0450
247 0.1398 0.0645 0.3250 0.4512 0.0156 0.0040
248 0.1481 0.0594 0.3552 0.4285 0.0037 0.0052
249 0.1072 0.1686 0.3513 0.3459 0.0130 0.0139
250 0.2147 0.4075 0.0676 0.1685 0.0279 0.1140
251 0.1057 0.2345 0.3867 0.2457 0.0040 0.0234
252 0.1226 0.1016 0.3081 0.4346 0.0098 0.0234
253 0.0781 0.0425 0.4094 0.4031 0.0090 0.0580
254 0.1281 0.0894 0.2668 0.4758 0.0114 0.0286
255 0.1796 0.0552 0.4045 0.1853 0.0630 0.1124
256 0.0356 0.3621 0.5522 0.0482 0.0008 0.0010
257 0.0421 0.1589 0.6382 0.0728 0.0055 0.0825
258 0.0705 0.3391 0.1626 0.3901 0.0151 0.0225
259 0.0534 0.3098 0.0696 0.5146 0.0155 0.0370
260 0.0729 0.1321 0.2795 0.4263 0.0270 0.0624
261 0.0734 0.1459 0.4636 0.2520 0.0201 0.0452
262 0.0477 0.1539 0.2578 0.5205 0.0023 0.0178
263 0.4080 0.3384 0.0869 0.1356 0.0174 0.0139
264 0.4358 0.4031 0.0740 0.0684 0.0121 0.0069
265 0.0833 0.4299 0.1281 0.3145 0.0228 0.0214
266 0.0297 0.1890 0.0432 0.7241 0.0100 0.0040
267 0.0226 0.1202 0.2751 0.5732 0.0007 0.0082
268 0.0955 0.0756 0.6426 0.1650 0.0044 0.0170
269 0.0520 0.5908 0.2500 0.0934 0.0051 0.0086
270 0.0922 0.0559 0.2429 0.5225 0.0092 0.0776
271 0.1074 0.8057 0.0492 0.0338 0.0026 0.0013
272 0.0218 0.0337 0.0483 0.8833 0.0017 0.0113
273 0.8389 0.0027 0.0360 0.1171 0.0033 0.0018
274 0.8447 0.0025 0.0401 0.1074 0.0041 0.0014
275 0.9258 0.0030 0.0267 0.0416 0.0023 0.0008
276 0.9072 0.0193 0.0215 0.0303 0.0182 0.0032
277 0.9150 0.0184 0.0201 0.0264 0.0174 0.0027
278 0.9038 0.0201 0.0232 0.0309 0.0179 0.0041
