time exciting_prob fearful_prob tense_prob sad_prob relaxing_prob neutral_prob
0 0.1157 0.1417 0.1087 0.3455 0.0277 0.2607
1 0.0709 0.2891 0.3486 0.2434 0.0106 0.0373
2 0.0878 0.5815 0.1565 0.1257 0.0054 0.0428
3 0.0572 0.8145 0.1003 0.0169 0.0028 0.0082
4 0.0969 0.6514 0.1597 0.0635 0.0181 0.0104
5 0.1031 0.5034 0.1852 0.1187 0.0487 0.0410
6 0.0677 0.6426 0.1730 0.0682 0.0271 0.0213
7 0.0568 0.5220 0.2583 0.1019 0.0412 0.0199
8 0.0555 0.3247 0.4041 0.1418 0.0209 0.0530
9 0.0121 0.4858 0.4287 0.0520 0.0027 0.0186
10 0.0110 0.5972 0.3198 0.0582 0.0025 0.0111
11 0.0767 0.6831 0.1432 0.0174 0.0197 0.0597
12 0.0396 0.7065 0.1458 0.0065 0.0055 0.0964
13 0.0062 0.5474 0.2839 0.1342 0.0033 0.0248
14 0.0932 0.5000 0.2324 0.0433 0.0037 0.1274
15 0.0171 0.2065 0.4441 0.1333 0.0108 0.1881
16 0.0070 0.5669 0.3547 0.0368 0.0017 0.0330
17 0.0093 0.4795 0.1937 0.2864 0.0038 0.0275
18 0.0260 0.7314 0.1029 0.0468 0.0044 0.0887
19 0.0239 0.5439 0.2693 0.0742 0.0021 0.0867
20 0.0312 0.0458 0.1115 0.2939 0.0100 0.5078
21 0.0142 0.2340 0.4580 0.1055 0.0061 0.1823
22 0.0936 0.1130 0.5474 0.1428 0.0179 0.0853
23 0.0488 0.1018 0.6846 0.1135 0.0119 0.0392
24 0.0454 0.1729 0.3254 0.1676 0.0058 0.2827
25 0.0801 0.2281 0.5688 0.0497 0.0127 0.0605
26 0.0898 0.3362 0.2170 0.3013 0.0207 0.0349
27 0.0501 0.0619 0.2688 0.5259 0.0060 0.0872
28 0.1058 0.3523 0.4119 0.1041 0.0051 0.0210
29 0.0622 0.3870 0.4185 0.0532 0.0106 0.0683
30 0.1148 0.6304 0.2046 0.0248 0.0099 0.0157
31 0.0540 0.1237 0.1689 0.5630 0.0200 0.0704
32 0.0507 0.3772 0.4412 0.1169 0.0074 0.0067
33 0.0522 0.6460 0.1851 0.0494 0.0094 0.0578
34 0.0385 0.2036 0.1769 0.5117 0.0273 0.0417
35 0.1310 0.2908 0.3733 0.1555 0.0077 0.0419
36 0.0381 0.3320 0.5518 0.0233 0.0329 0.0219
37 0.0549 0.2056 0.4932 0.2189 0.0182 0.0094
38 0.0530 0.1140 0.3794 0.3455 0.0649 0.0432
39 0.0592 0.2416 0.4880 0.1159 0.0070 0.0882
40 0.0791 0.3081 0.3716 0.2325 0.0063 0.0024
41 0.1147 0.2264 0.3562 0.1593 0.0183 0.1250
42 0.1777 0.1848 0.2886 0.2373 0.0172 0.0944
43 0.0111 0.0583 0.3865 0.1422 0.0029 0.3989
44 0.1102 0.2427 0.3701 0.1472 0.0238 0.1060
45 0.1044 0.0550 0.2211 0.5732 0.0058 0.0403
46 0.1042 0.1448 0.4897 0.2278 0.0086 0.0250
47 0.0684 0.4094 0.2727 0.1831 0.0187 0.0474
48 0.0331 0.5420 0.3608 0.0414 0.0025 0.0202
49 0.0484 0.0963 0.1854 0.6084 0.0447 0.0170
50 0.0605 0.1669 0.1997 0.5430 0.0275 0.0024
51 0.0971 0.1267 0.1962 0.5503 0.0217 0.0080
52 0.0942 0.1426 0.2026 0.5215 0.0199 0.0191
53 0.0689 0.2174 0.3611 0.3018 0.0194 0.0313
54 0.1023 0.2323 0.1597 0.3225 0.1124 0.0709
55 0.0898 0.2620 0.2461 0.1614 0.0994 0.1414
56 0.0490 0.3621 0.3564 0.1364 0.0154 0.0808
57 0.0862 0.3081 0.2874 0.2255 0.0206 0.0721
58 0.0345 0.2915 0.2201 0.1741 0.0141 0.2656
59 0.0263 0.1600 0.3389 0.3962 0.0120 0.0667
60 0.0417 0.3804 0.4114 0.1490 0.0079 0.0095
61 0.0533 0.0689 0.7070 0.1238 0.0063 0.0408
62 0.0764 0.2485 0.3909 0.0563 0.0102 0.2177
63 0.0222 0.0980 0.7124 0.1182 0.0015 0.0477
64 0.0155 0.0993 0.2537 0.6084 0.0032 0.0202
65 0.0296 0.1901 0.1677 0.3992 0.0096 0.2039
66 0.0251 0.4517 0.3862 0.0557 0.0093 0.0720
67 0.0271 0.3035 0.5283 0.0667 0.0075 0.0671
68 0.0555 0.0582 0.3193 0.3145 0.0114 0.2411
69 0.0729 0.3242 0.3821 0.1147 0.0277 0.0782
70 0.1107 0.1661 0.2827 0.3103 0.0303 0.1000
71 0.0504 0.3162 0.4529 0.0608 0.0090 0.1110
72 0.1005 0.0358 0.4434 0.3145 0.0085 0.0974
73 0.1038 0.1475 0.3511 0.3298 0.0551 0.0128
74 0.1807 0.1864 0.5107 0.0771 0.0212 0.0241
75 0.1875 0.0537 0.2644 0.3140 0.0173 0.1630
76 0.1216 0.1125 0.2382 0.4451 0.0215 0.0612
77 0.0226 0.0776 0.4983 0.3533 0.0109 0.0372
78 0.0308 0.1538 0.3867 0.3306 0.0278 0.0704
79 0.0450 0.2935 0.2590 0.1186 0.0403 0.2434
80 0.0122 0.3794 0.4575 0.1121 0.0126 0.0262
81 0.0292 0.3137 0.5864 0.0316 0.0042 0.0349
82 0.3931 0.1390 0.2703 0.1118 0.0200 0.0657
83 0.0878 0.2025 0.1447 0.2057 0.0255 0.3337
84 0.0561 0.2325 0.2805 0.3774 0.0269 0.0265
85 0.0135 0.3906 0.3611 0.1628 0.0102 0.0618
86 0.0284 0.2822 0.4875 0.1608 0.0128 0.0284
87 0.0435 0.1655 0.5386 0.1862 0.0089 0.0572
88 0.0399 0.1075 0.4121 0.1744 0.0123 0.2539
89 0.0325 0.5249 0.3159 0.0603 0.0090 0.0571
90 0.0671 0.4141 0.2632 0.0881 0.0142 0.1534
91 0.0593 0.3547 0.3604 0.1091 0.0163 0.1001
92 0.1044 0.1508 0.3167 0.3118 0.0169 0.0996
93 0.0615 0.4299 0.2842 0.1353 0.0309 0.0582
94 0.0682 0.1796 0.1377 0.5576 0.0286 0.0286
95 0.0468 0.4470 0.2162 0.2031 0.0505 0.0364
96 0.2808 0.2291 0.2637 0.1467 0.0037 0.0761
97 0.0867 0.3223 0.1343 0.3948 0.0157 0.0464
98 0.0974 0.5220 0.2751 0.0886 0.0059 0.0110
99 0.0495 0.0992 0.3865 0.2615 0.0178 0.1854
100 0.0299 0.2263 0.4644 0.1484 0.0041 0.1270
101 0.0299 0.2969 0.2832 0.3313 0.0054 0.0532
102 0.2009 0.2725 0.3445 0.1541 0.0097 0.0183
103 0.0264 0.1077 0.6592 0.1361 0.0073 0.0633
104 0.0897 0.3660 0.3896 0.0817 0.0284 0.0444
105 0.0397 0.7100 0.1523 0.0676 0.0151 0.0154
106 0.0492 0.2744 0.3311 0.1162 0.0051 0.2240
107 0.0140 0.2262 0.7192 0.0256 0.0025 0.0127
108 0.0861 0.5791 0.1910 0.1072 0.0047 0.0317
109 0.1061 0.6812 0.1320 0.0614 0.0072 0.0124
110 0.1598 0.4309 0.2961 0.0630 0.0423 0.0078
111 0.1907 0.3853 0.3398 0.0412 0.0279 0.0151
112 0.2852 0.4084 0.1550 0.1295 0.0161 0.0059
113 0.1407 0.2844 0.2671 0.2197 0.0724 0.0157
114 0.1378 0.4182 0.3308 0.0566 0.0465 0.0101
115 0.0311 0.2815 0.4360 0.1240 0.0107 0.1165
116 0.0650 0.2869 0.2034 0.4045 0.0197 0.0205
117 0.0429 0.1724 0.2627 0.4541 0.0184 0.0494
118 0.1074 0.2239 0.1490 0.4182 0.0682 0.0333
119 0.0759 0.4875 0.1105 0.2340 0.0697 0.0223
120 0.0346 0.5371 0.2346 0.1469 0.0328 0.0140
121 0.0603 0.4668 0.3013 0.1401 0.0116 0.0199
122 0.0726 0.3152 0.4243 0.1610 0.0083 0.0186
123 0.0317 0.2252 0.2893 0.1622 0.0067 0.2847
124 0.0077 0.1160 0.4885 0.1489 0.0008 0.2380
125 0.0490 0.1497 0.2247 0.5142 0.0141 0.0482
126 0.0616 0.2218 0.4480 0.0574 0.0170 0.1942
127 0.0239 0.0707 0.2113 0.4136 0.0092 0.2712
128 0.0685 0.3647 0.2930 0.2144 0.0153 0.0442
129 0.0637 0.8003 0.1066 0.0171 0.0086 0.0034
130 0.0875 0.2019 0.4480 0.1500 0.0068 0.1056
131 0.0138 0.1895 0.1343 0.3123 0.0018 0.3484
132 0.0345 0.2739 0.3303 0.2167 0.0068 0.1377
133 0.0309 0.3169 0.5225 0.0457 0.0047 0.0795
134 0.0342 0.6060 0.1644 0.0966 0.0036 0.0952
135 0.0872 0.5684 0.1372 0.1846 0.0176 0.0048
136 0.0467 0.2817 0.6255 0.0326 0.0027 0.0108
137 0.0428 0.4570 0.4033 0.0634 0.0078 0.0256
138 0.0628 0.4126 0.1775 0.2881 0.0209 0.0381
139 0.0291 0.1396 0.3857 0.1464 0.0033 0.2957
140 0.0505 0.3506 0.1819 0.2029 0.0111 0.2029
141 0.0399 0.3643 0.2426 0.0950 0.0195 0.2389
142 0.0454 0.1488 0.0861 0.1971 0.0191 0.5034
143 0.0279 0.3003 0.3621 0.2529 0.0030 0.0538
144 0.0500 0.1219 0.4602 0.3113 0.0114 0.0452
145 0.0907 0.3450 0.2522 0.0311 0.0248 0.2563
146 0.0326 0.1094 0.2390 0.1721 0.0070 0.4397
147 0.0265 0.1597 0.3328 0.1866 0.0056 0.2891
148 0.1237 0.3635 0.4385 0.0589 0.0054 0.0103
149 0.2330 0.0689 0.1482 0.4353 0.0204 0.0942
150 0.1022 0.3855 0.1879 0.2163 0.0233 0.0847
151 0.0467 0.2883 0.1405 0.0845 0.0204 0.4194
152 0.0192 0.0432 0.0724 0.8159 0.0163 0.0331
153 0.0197 0.1632 0.2451 0.3298 0.0084 0.2339
154 0.0241 0.5796 0.2341 0.1205 0.0047 0.0370
155 0.0894 0.3914 0.4038 0.0894 0.0080 0.0179
156 0.0826 0.3142 0.1300 0.3850 0.0170 0.0712
157 0.0648 0.2729 0.4866 0.1004 0.0020 0.0734
158 0.0859 0.4570 0.3396 0.0770 0.0046 0.0361
159 0.0509 0.2062 0.2607 0.3975 0.0040 0.0807
160 0.0219 0.1014 0.1698 0.4915 0.0228 0.1925
161 0.0253 0.1273 0.2825 0.2781 0.0171 0.2695
162 0.0403 0.2159 0.2335 0.3972 0.0297 0.0833
163 0.1033 0.5806 0.2537 0.0404 0.0166 0.0056
164 0.0542 0.0937 0.1697 0.5923 0.0206 0.0696
165 0.0410 0.3601 0.2253 0.3179 0.0086 0.0472
166 0.0179 0.6831 0.2634 0.0197 0.0125 0.0035
167 0.2097 0.0297 0.2303 0.4106 0.0159 0.1038
168 0.0302 0.3247 0.3679 0.2377 0.0265 0.0129
169 0.0466 0.7070 0.1035 0.1085 0.0106 0.0236
170 0.1022 0.4402 0.2754 0.0577 0.0356 0.0887
171 0.0970 0.4487 0.1946 0.0727 0.0280 0.1588
172 0.0533 0.5337 0.3340 0.0571 0.0172 0.0048
173 0.0255 0.4558 0.2944 0.1785 0.0354 0.0103
174 0.0157 0.2581 0.5464 0.1257 0.0396 0.0146
175 0.0699 0.1993 0.6333 0.0448 0.0076 0.0448
176 0.0392 0.5005 0.2659 0.1550 0.0291 0.0102
177 0.1293 0.3301 0.3625 0.1584 0.0147 0.0048
178 0.1359 0.3259 0.2172 0.2423 0.0193 0.0594
179 0.0299 0.1981 0.3530 0.2974 0.0050 0.1165
180 0.0323 0.6328 0.1552 0.1458 0.0156 0.0182
181 0.0309 0.6650 0.2263 0.0674 0.0056 0.0048
182 0.0759 0.3296 0.3401 0.0629 0.0135 0.1779
183 0.1076 0.0344 0.0935 0.4321 0.0111 0.3213
184 0.0718 0.0654 0.3220 0.4136 0.0050 0.1222
185 0.1066 0.0817 0.4282 0.3550 0.0098 0.0187
186 0.1132 0.1987 0.4341 0.2396 0.0072 0.0072
187 0.1321 0.1936 0.2795 0.3425 0.0237 0.0288
188 0.1192 0.2244 0.4678 0.1616 0.0094 0.0177
189 0.0411 0.1759 0.3040 0.4353 0.0287 0.0152
190 0.0483 0.3052 0.1312 0.4546 0.0164 0.0443
191 0.0656 0.1927 0.2150 0.3489 0.0051 0.1727
192 0.0428 0.4749 0.3367 0.0717 0.0024 0.0717
193 0.0487 0.4375 0.3599 0.0491 0.0058 0.0991
194 0.0634 0.0952 0.0568 0.1968 0.0137 0.5742
195 0.0789 0.1438 0.4502 0.2228 0.0262 0.0782
196 0.0363 0.4119 0.2744 0.2039 0.0036 0.0699
197 0.0562 0.4893 0.1652 0.2499 0.0178 0.0215
198 0.0350 0.0789 0.2178 0.6201 0.0046 0.0435
199 0.0332 0.1661 0.4377 0.3518 0.0038 0.0071
200 0.0465 0.4587 0.2893 0.1433 0.0072 0.0548
201 0.0338 0.4480 0.2695 0.2133 0.0066 0.0286
202 0.0936 0.1949 0.5640 0.1361 0.0030 0.0082
203 0.0291 0.3623 0.2866 0.3049 0.0019 0.0152
204 0.0202 0.7251 0.1520 0.0712 0.0020 0.0295
205 0.1008 0.3516 0.2437 0.0889 0.0099 0.2051
206 0.1168 0.4077 0.1293 0.2018 0.0305 0.1141
207 0.0318 0.3186 0.0928 0.2296 0.0059 0.3213
208 0.0446 0.1808 0.4370 0.1487 0.0052 0.1836
209 0.0236 0.2086 0.5674 0.0941 0.0033 0.1033
210 0.0954 0.2676 0.4375 0.0531 0.0034 0.1432
211 0.0817 0.2120 0.4087 0.1960 0.0374 0.0641
212 0.0995 0.1287 0.4092 0.1493 0.0217 0.1918
213 0.0919 0.1704 0.4282 0.1744 0.0084 0.1266
214 0.0803 0.2166 0.5444 0.1039 0.0134 0.0417
215 0.0800 0.1027 0.2407 0.2949 0.0195 0.2622
216 0.0236 0.4749 0.2881 0.1775 0.0266 0.0095
217 0.0325 0.3035 0.3440 0.2637 0.0132 0.0431
218 0.0311 0.0419 0.6655 0.1848 0.0030 0.0735
219 0.0491 0.1783 0.5322 0.1649 0.0106 0.0646
220 0.1328 0.1978 0.3555 0.0762 0.0154 0.2224
221 0.0700 0.1666 0.5298 0.0599 0.0047 0.1693
222 0.0524 0.2681 0.2517 0.1677 0.0121 0.2479
223 0.0417 0.0536 0.3059 0.2135 0.0045 0.3806
224 0.1476 0.3948 0.3052 0.1030 0.0223 0.0273
225 0.0829 0.6372 0.1235 0.0738 0.0462 0.0362
226 0.0571 0.7231 0.1218 0.0683 0.0191 0.0107
227 0.0379 0.6714 0.1893 0.0696 0.0152 0.0167
228 0.0401 0.1207 0.7109 0.0646 0.0100 0.0540
229 0.0673 0.2539 0.5088 0.1127 0.0218 0.0355
230 0.0586 0.1044 0.2974 0.4465 0.0073 0.0859
231 0.1606 0.4795 0.2732 0.0759 0.0020 0.0087
232 0.1331 0.0453 0.2729 0.4429 0.0435 0.0623
233 0.2002 0.0615 0.2571 0.4043 0.0218 0.0551
234 0.2375 0.1970 0.3074 0.1487 0.0345 0.0748
235 0.1163 0.2155 0.2423 0.1678 0.0140 0.2441
236 0.0931 0.5278 0.2235 0.0954 0.0133 0.0468
237 0.0461 0.4302 0.3623 0.1499 0.0028 0.0089
238 0.0352 0.0521 0.7021 0.1004 0.0073 0.1028
239 0.1035 0.3999 0.3369 0.1060 0.0095 0.0442
240 0.1045 0.3218 0.2566 0.1373 0.0089 0.1709
241 0.0705 0.4595 0.2539 0.1227 0.0148 0.0786
242 0.0860 0.3025 0.4988 0.0665 0.0030 0.0432
243 0.0342 0.6460 0.2737 0.0284 0.0044 0.0133
244 0.0768 0.6528 0.1285 0.0662 0.0090 0.0667
245 0.0446 0.1021 0.7783 0.0361 0.0017 0.0370
246 0.0811 0.1359 0.7344 0.0227 0.0015 0.0244
247 0.0598 0.1757 0.3181 0.3550 0.0217 0.0699
248 0.0790 0.4011 0.2844 0.1725 0.0307 0.0322
249 0.0692 0.0189 0.2822 0.3569 0.0117 0.2610
250 0.0360 0.3757 0.1043 0.1219 0.0254 0.3367
251 0.0099 0.0701 0.0513 0.1155 0.0114 0.7417
252 0.0133 0.0392 0.0545 0.1436 0.0086 0.7407
253 0.0897 0.1974 0.4050 0.1884 0.0171 0.1024
254 0.0454 0.0961 0.3713 0.0816 0.0038 0.4016
255 0.0678 0.0524 0.1504 0.1946 0.0017 0.5332
256 0.1576 0.1033 0.1600 0.2681 0.0025 0.3086
257 0.3206 0.2656 0.2656 0.0955 0.0023 0.0503
258 0.1172 0.4563 0.1902 0.1392 0.0554 0.0418
259 0.1357 0.6680 0.1235 0.0570 0.0111 0.0048
260 0.1105 0.5356 0.1793 0.1272 0.0055 0.0419
261 0.1064 0.3657 0.2761 0.2020 0.0061 0.0437
262 0.1204 0.1364 0.2798 0.3594 0.0160 0.0881
263 0.1172 0.2368 0.1172 0.3289 0.0292 0.1707
