time exciting_prob fearful_prob tense_prob sad_prob relaxing_prob neutral_prob
0 0.1110 0.1566 0.1382 0.1298 0.0183 0.4460
1 0.8286 0.0771 0.0573 0.0248 0.0083 0.0040
2 0.8481 0.0777 0.0436 0.0171 0.0120 0.0014
3 0.8618 0.0397 0.0446 0.0295 0.0197 0.0045
4 0.8438 0.0451 0.0646 0.0203 0.0205 0.0059
5 0.6392 0.1289 0.0283 0.1044 0.0613 0.0378
6 0.4109 0.1852 0.0518 0.2305 0.0687 0.0530
7 0.1682 0.3047 0.2524 0.2524 0.0071 0.0150
8 0.4875 0.2610 0.1970 0.0471 0.0048 0.0026
9 0.4805 0.2378 0.2416 0.0291 0.0074 0.0039
10 0.7944 0.1218 0.0739 0.0095 0.0003 0.0003
11 0.5547 0.0541 0.0668 0.3113 0.0077 0.0053
12 0.5117 0.0499 0.0570 0.3687 0.0078 0.0047
13 0.5195 0.0731 0.0868 0.3103 0.0063 0.0041
14 0.6655 0.0271 0.0494 0.2336 0.0163 0.0080
15 0.6260 0.0345 0.0645 0.2490 0.0164 0.0095
16 0.6338 0.1068 0.1136 0.0878 0.0181 0.0399
17 0.6240 0.1068 0.1371 0.0831 0.0188 0.0301
18 0.0305 0.3950 0.4548 0.0938 0.0068 0.0191
19 0.0703 0.3030 0.3125 0.0848 0.1781 0.0514
20 0.0130 0.3633 0.6084 0.0105 0.0021 0.0027
21 0.0612 0.3040 0.5171 0.0477 0.0278 0.0424
22 0.0507 0.1990 0.3774 0.3230 0.0148 0.0351
23 0.2849 0.2494 0.2634 0.1000 0.0755 0.0269
24 0.0760 0.2676 0.2937 0.2761 0.0310 0.0556
25 0.0279 0.3240 0.6099 0.0130 0.0104 0.0147
26 0.0417 0.3806 0.4888 0.0401 0.0099 0.0389
27 0.0689 0.4028 0.3965 0.0627 0.0176 0.0516
28 0.0725 0.3406 0.3831 0.0660 0.0219 0.1159
29 0.0516 0.3611 0.4028 0.0576 0.0174 0.1093
30 0.0610 0.4875 0.3948 0.0230 0.0122 0.0216
31 0.0991 0.4014 0.2491 0.1699 0.0174 0.0630
32 0.0555 0.2466 0.5137 0.0826 0.0058 0.0958
33 0.0700 0.4390 0.4458 0.0341 0.0066 0.0044
34 0.0597 0.3032 0.5845 0.0208 0.0159 0.0157
35 0.0414 0.4663 0.4590 0.0103 0.0108 0.0123
36 0.0513 0.3589 0.5347 0.0248 0.0107 0.0199
37 0.0344 0.3474 0.4976 0.0740 0.0099 0.0369
38 0.0526 0.4543 0.4268 0.0450 0.0108 0.0104
39 0.4473 0.2196 0.1311 0.0350 0.1646 0.0025
40 0.1484 0.3093 0.2883 0.0894 0.1473 0.0172
41 0.1024 0.2676 0.3411 0.2185 0.0327 0.0377
42 0.0414 0.3689 0.2827 0.1663 0.0947 0.0462
43 0.0353 0.3457 0.3918 0.1633 0.0429 0.0208
44 0.1226 0.3989 0.3333 0.0602 0.0140 0.0710
45 0.0651 0.4280 0.2556 0.2021 0.0267 0.0227
46 0.0932 0.2595 0.2939 0.0414 0.2805 0.0315
47 0.1171 0.3870 0.2876 0.0750 0.0830 0.0504
48 0.0265 0.1595 0.1956 0.4763 0.0765 0.0655
49 0.1069 0.4536 0.1749 0.1669 0.0542 0.0435
50 0.0428 0.4568 0.3503 0.0914 0.0497 0.0091
51 0.0453 0.4365 0.4297 0.0559 0.0153 0.0172
52 0.0617 0.5293 0.3469 0.0165 0.0363 0.0094
53 0.1044 0.5869 0.1669 0.0396 0.0467 0.0555
54 0.1011 0.5132 0.2242 0.0734 0.0711 0.0170
55 0.1002 0.5635 0.0699 0.0455 0.2104 0.0105
56 0.0409 0.6606 0.1984 0.0127 0.0860 0.0013
57 0.0857 0.5415 0.1626 0.0956 0.1058 0.0085
58 0.1382 0.3528 0.2642 0.0800 0.1238 0.0408
59 0.0626 0.3628 0.3079 0.1055 0.1234 0.0379
60 0.1420 0.4802 0.2323 0.0322 0.0953 0.0181
61 0.0763 0.4460 0.4124 0.0191 0.0283 0.0178
62 0.0889 0.5400 0.2737 0.0479 0.0348 0.0148
63 0.0538 0.5186 0.3975 0.0153 0.0133 0.0019
64 0.0313 0.3813 0.4321 0.0913 0.0303 0.0336
65 0.0809 0.5112 0.3301 0.0498 0.0204 0.0075
66 0.0781 0.4492 0.3901 0.0608 0.0196 0.0022
67 0.0255 0.4204 0.4839 0.0373 0.0216 0.0112
68 0.0497 0.2057 0.1035 0.4709 0.0173 0.1530
69 0.1365 0.3430 0.1865 0.2080 0.0615 0.0645
70 0.0656 0.3381 0.0417 0.3279 0.1500 0.0767
71 0.1942 0.3203 0.0535 0.0255 0.3357 0.0709
72 0.1017 0.2810 0.5088 0.0677 0.0150 0.0259
73 0.2104 0.1857 0.4595 0.0473 0.0594 0.0377
74 0.0872 0.1846 0.1027 0.1680 0.0906 0.3669
75 0.0563 0.1654 0.1110 0.1309 0.0800 0.4565
76 0.0829 0.2102 0.1812 0.1090 0.1226 0.2942
77 0.0684 0.2856 0.0818 0.3162 0.0344 0.2139
78 0.0541 0.0839 0.2881 0.4065 0.1060 0.0614
79 0.0760 0.5112 0.2612 0.0430 0.0640 0.0443
80 0.0894 0.5742 0.2842 0.0153 0.0321 0.0047
81 0.1194 0.3979 0.3679 0.0439 0.0471 0.0237
82 0.0491 0.2673 0.5659 0.0373 0.0241 0.0561
83 0.1255 0.1599 0.1433 0.0773 0.4590 0.0349
84 0.0327 0.4448 0.2783 0.1335 0.0515 0.0593
85 0.0390 0.2173 0.6001 0.1145 0.0227 0.0066
86 0.0543 0.3516 0.4241 0.1355 0.0126 0.0221
87 0.2729 0.3704 0.1373 0.0604 0.0690 0.0900
88 0.2087 0.2365 0.1041 0.1306 0.0349 0.2852
89 0.4014 0.3054 0.1273 0.0543 0.0535 0.0583
90 0.0844 0.2537 0.4968 0.0130 0.1515 0.0007
91 0.1506 0.2175 0.4900 0.0304 0.1102 0.0012
92 0.0880 0.2391 0.4329 0.0196 0.2177 0.0026
93 0.0598 0.3384 0.4849 0.0200 0.0955 0.0015
94 0.0837 0.2944 0.4351 0.0282 0.1552 0.0036
95 0.1294 0.2781 0.3516 0.0743 0.1584 0.0081
96 0.1043 0.2463 0.2925 0.1329 0.2010 0.0229
97 0.0652 0.1542 0.3367 0.1888 0.2463 0.0087
98 0.1010 0.1613 0.2421 0.0667 0.4248 0.0040
99 0.0814 0.3508 0.3398 0.0486 0.1764 0.0031
100 0.1229 0.3113 0.2791 0.0739 0.2090 0.0040
101 0.1909 0.3198 0.3147 0.0116 0.1608 0.0022
102 0.0319 0.1497 0.2355 0.2795 0.2467 0.0568
103 0.1251 0.2954 0.2014 0.0952 0.2820 0.0009
104 0.1626 0.5127 0.1829 0.0728 0.0688 0.0001
105 0.0801 0.2773 0.2954 0.0880 0.2566 0.0026
106 0.2151 0.5039 0.0918 0.0351 0.1537 0.0005
107 0.0396 0.5337 0.3088 0.0421 0.0618 0.0139
108 0.0659 0.3760 0.3477 0.0521 0.1472 0.0112
109 0.0410 0.2549 0.2756 0.1752 0.2394 0.0140
110 0.0269 0.1179 0.3157 0.0993 0.4382 0.0019
111 0.0302 0.3191 0.2485 0.1052 0.2952 0.0020
112 0.0778 0.4175 0.3252 0.1015 0.0531 0.0249
113 0.0550 0.2446 0.3242 0.3191 0.0390 0.0180
114 0.1157 0.3911 0.2883 0.0753 0.0959 0.0337
115 0.0907 0.2485 0.0770 0.0634 0.0144 0.5059
116 0.0485 0.2878 0.1801 0.1238 0.3525 0.0071
117 0.0172 0.6167 0.1534 0.0945 0.1158 0.0022
118 0.0461 0.0433 0.5610 0.0233 0.3247 0.0017
119 0.2369 0.3342 0.1043 0.0415 0.2124 0.0706
120 0.0307 0.2983 0.3381 0.0465 0.2847 0.0016
121 0.0110 0.1011 0.2971 0.1298 0.4602 0.0008
122 0.0483 0.1768 0.4045 0.1376 0.2305 0.0023
123 0.0603 0.5723 0.2832 0.0184 0.0057 0.0603
124 0.4661 0.0977 0.0836 0.0630 0.2437 0.0461
125 0.0344 0.0717 0.4060 0.2971 0.1888 0.0021
126 0.0260 0.0872 0.2859 0.0326 0.5684 0.0002
127 0.0279 0.0509 0.4827 0.0442 0.3938 0.0006
128 0.0619 0.2666 0.2905 0.0943 0.0304 0.2563
129 0.1000 0.2307 0.2495 0.0767 0.0300 0.3130
130 0.1493 0.0871 0.1267 0.3965 0.2295 0.0108
131 0.0128 0.0765 0.1952 0.4683 0.0260 0.2212
132 0.0985 0.3604 0.2515 0.1422 0.0417 0.1057
133 0.0226 0.0477 0.1517 0.0980 0.6797 0.0003
134 0.0149 0.0772 0.2343 0.0065 0.6670 0.0000
135 0.0160 0.2607 0.6553 0.0240 0.0432 0.0008
136 0.0472 0.3303 0.4377 0.0947 0.0715 0.0185
137 0.0447 0.1016 0.5078 0.2805 0.0646 0.0006
138 0.0468 0.1159 0.6465 0.1055 0.0848 0.0007
139 0.0892 0.2424 0.6001 0.0301 0.0378 0.0005
140 0.0273 0.1893 0.6816 0.0302 0.0707 0.0006
141 0.0152 0.1475 0.6504 0.0644 0.1213 0.0013
142 0.0676 0.3799 0.4805 0.0084 0.0635 0.0002
143 0.0398 0.3157 0.5898 0.0165 0.0380 0.0001
144 0.0383 0.3933 0.5210 0.0077 0.0396 0.0001
145 0.0236 0.2260 0.6235 0.0441 0.0818 0.0007
146 0.0981 0.3733 0.3850 0.0336 0.1094 0.0006
147 0.1674 0.3379 0.3801 0.0214 0.0931 0.0001
148 0.2067 0.3225 0.1781 0.1511 0.0561 0.0854
149 0.2991 0.2089 0.1493 0.1247 0.0864 0.1317
150 0.6016 0.1104 0.1175 0.0329 0.1364 0.0015
151 0.0415 0.3423 0.4604 0.0493 0.1044 0.0022
152 0.0490 0.0820 0.4575 0.3000 0.0184 0.0930
153 0.1169 0.1356 0.0939 0.1099 0.2052 0.3384
154 0.3955 0.2101 0.0761 0.1598 0.1284 0.0300
155 0.1907 0.5737 0.1331 0.0079 0.0419 0.0529
156 0.3428 0.4612 0.1509 0.0031 0.0203 0.0217
157 0.3547 0.4312 0.1378 0.0056 0.0167 0.0540
158 0.1836 0.3223 0.2490 0.0953 0.1243 0.0254
159 0.0555 0.3621 0.3677 0.0777 0.0820 0.0551
160 0.3315 0.1775 0.1268 0.0563 0.0285 0.2793
161 0.1026 0.2810 0.1552 0.2854 0.0481 0.1277
162 0.0670 0.4573 0.1395 0.0432 0.0177 0.2751
163 0.1328 0.6284 0.1171 0.0210 0.0445 0.0562
164 0.0796 0.7095 0.1323 0.0161 0.0293 0.0332
165 0.3525 0.2461 0.0912 0.1787 0.0844 0.0470
166 0.3713 0.3005 0.0868 0.1047 0.1254 0.0112
167 0.2069 0.2964 0.1729 0.1625 0.1400 0.0213
168 0.4231 0.3169 0.0833 0.0614 0.1086 0.0065
169 0.2673 0.4546 0.1030 0.0510 0.1006 0.0235
170 0.2715 0.2632 0.1559 0.1609 0.1293 0.0194
171 0.2120 0.4890 0.1664 0.0589 0.0500 0.0236
172 0.2241 0.3813 0.1248 0.0264 0.1719 0.0717
173 0.2881 0.3530 0.0892 0.0153 0.1996 0.0550
174 0.2206 0.4419 0.1527 0.0205 0.1126 0.0516
175 0.3184 0.1857 0.2054 0.0229 0.1515 0.1161
176 0.1539 0.2991 0.1075 0.1162 0.0733 0.2499
177 0.0936 0.2297 0.1554 0.0467 0.4160 0.0585
178 0.0753 0.6309 0.1864 0.0498 0.0334 0.0244
179 0.1656 0.5781 0.1736 0.0214 0.0266 0.0345
180 0.3000 0.3765 0.1792 0.0211 0.0952 0.0281
181 0.0910 0.4341 0.3127 0.0527 0.0527 0.0569
182 0.1593 0.3823 0.3169 0.0649 0.0513 0.0254
183 0.0768 0.4895 0.2834 0.0722 0.0603 0.0177
184 0.2286 0.3950 0.1647 0.0172 0.0620 0.1323
185 0.3762 0.4163 0.1021 0.0072 0.0696 0.0288
186 0.0287 0.1309 0.1393 0.1654 0.0421 0.4937
187 0.0536 0.2419 0.2808 0.0566 0.0515 0.3157
188 0.1261 0.2230 0.2488 0.0494 0.0619 0.2908
189 0.1355 0.2454 0.2717 0.0620 0.1713 0.1141
190 0.0743 0.2896 0.2637 0.1255 0.0933 0.1538
191 0.0409 0.5347 0.4036 0.0091 0.0073 0.0042
192 0.0509 0.2524 0.4868 0.1696 0.0334 0.0068
193 0.1902 0.3696 0.1338 0.0632 0.1932 0.0500
194 0.0253 0.2189 0.4856 0.0485 0.1247 0.0971
195 0.2783 0.4082 0.1032 0.0234 0.1335 0.0531
196 0.0976 0.2759 0.1726 0.1398 0.0468 0.2673
197 0.0534 0.2822 0.1522 0.1956 0.0090 0.3076
198 0.0601 0.1558 0.2031 0.0696 0.0201 0.4912
199 0.0926 0.2576 0.2136 0.0343 0.3867 0.0150
200 0.0415 0.1137 0.3164 0.0131 0.4978 0.0173
201 0.0867 0.0827 0.1332 0.0131 0.6660 0.0186
202 0.0297 0.0770 0.0735 0.0102 0.8027 0.0068
203 0.0695 0.6694 0.1641 0.0418 0.0244 0.0311
204 0.1215 0.5322 0.1466 0.0468 0.1399 0.0130
205 0.0074 0.2267 0.7549 0.0076 0.0017 0.0015
206 0.0147 0.3210 0.5996 0.0528 0.0095 0.0022
207 0.1081 0.6992 0.1635 0.0185 0.0102 0.0005
208 0.0421 0.7129 0.2010 0.0334 0.0083 0.0021
209 0.1019 0.6343 0.1846 0.0344 0.0438 0.0011
210 0.1216 0.5361 0.2134 0.0552 0.0656 0.0080
211 0.0713 0.6504 0.1724 0.0339 0.0691 0.0031
212 0.0554 0.6245 0.2563 0.0456 0.0164 0.0019
213 0.2355 0.4646 0.2161 0.0517 0.0299 0.0023
214 0.0424 0.5083 0.4021 0.0296 0.0162 0.0013
215 0.0346 0.5410 0.3718 0.0128 0.0303 0.0096
216 0.0403 0.5103 0.3792 0.0229 0.0373 0.0099
217 0.0111 0.5469 0.4194 0.0090 0.0048 0.0088
218 0.0392 0.5811 0.3311 0.0244 0.0153 0.0088
219 0.0302 0.3684 0.5527 0.0291 0.0109 0.0086
220 0.0606 0.4580 0.3799 0.0861 0.0094 0.0061
221 0.0959 0.6211 0.1570 0.0952 0.0273 0.0036
222 0.0859 0.3760 0.2883 0.1362 0.1012 0.0123
223 0.0157 0.4546 0.2590 0.2114 0.0158 0.0436
224 0.0539 0.3770 0.1234 0.2148 0.1355 0.0953
225 0.0491 0.4238 0.3101 0.2098 0.0059 0.0011
226 0.0077 0.3252 0.6172 0.0407 0.0051 0.0044
227 0.0276 0.4380 0.4590 0.0346 0.0241 0.0168
228 0.0714 0.3127 0.3276 0.0186 0.2654 0.0043
229 0.0901 0.2356 0.3171 0.0239 0.3245 0.0088
230 0.0241 0.2214 0.6406 0.0840 0.0152 0.0146
231 0.0251 0.2742 0.3413 0.2830 0.0215 0.0549
232 0.0119 0.3655 0.2083 0.4014 0.0074 0.0056
233 0.0096 0.5659 0.1986 0.1925 0.0073 0.0261
234 0.0597 0.2534 0.3745 0.2615 0.0298 0.0213
235 0.0108 0.2441 0.4932 0.2441 0.0012 0.0067
236 0.0075 0.2920 0.5898 0.1009 0.0018 0.0081
237 0.0044 0.2898 0.6738 0.0224 0.0009 0.0085
238 0.0352 0.4500 0.3789 0.0456 0.0832 0.0073
239 0.1541 0.1589 0.1666 0.0428 0.4600 0.0177
240 0.0993 0.0933 0.2678 0.0811 0.4211 0.0374
241 0.0575 0.1083 0.2206 0.0360 0.5210 0.0566
242 0.0693 0.2478 0.3281 0.0272 0.3181 0.0094
243 0.0848 0.2891 0.3379 0.0342 0.2434 0.0108
244 0.0557 0.1266 0.1189 0.0469 0.6279 0.0240
245 0.1016 0.2942 0.1236 0.0255 0.4485 0.0067
246 0.0910 0.3435 0.4551 0.0348 0.0437 0.0320
247 0.1605 0.4297 0.3589 0.0260 0.0143 0.0106
248 0.1409 0.4656 0.2759 0.0650 0.0379 0.0146
249 0.0697 0.4336 0.1836 0.0367 0.2629 0.0132
250 0.0974 0.5781 0.1290 0.0952 0.0654 0.0347
251 0.0405 0.8003 0.1227 0.0205 0.0080 0.0080
252 0.0548 0.3467 0.1236 0.0232 0.3989 0.0527
253 0.1404 0.3999 0.0838 0.0504 0.0328 0.2925
254 0.1447 0.1381 0.5630 0.0584 0.0864 0.0094
255 0.1213 0.2693 0.4653 0.0784 0.0578 0.0080
256 0.0646 0.1082 0.3130 0.4482 0.0195 0.0465
257 0.1758 0.1758 0.0414 0.0414 0.1664 0.3992
258 0.3550 0.1915 0.0986 0.1108 0.0750 0.1691
259 0.2236 0.2167 0.1315 0.0666 0.2150 0.1466
260 0.0806 0.3186 0.3186 0.2156 0.0199 0.0470
261 0.0248 0.1093 0.3472 0.4253 0.0219 0.0717
262 0.0927 0.2769 0.3784 0.0627 0.1436 0.0459
263 0.0205 0.1873 0.3843 0.2947 0.0627 0.0504
264 0.0636 0.4485 0.2805 0.0817 0.0862 0.0395
265 0.0495 0.4050 0.4590 0.0398 0.0284 0.0184
266 0.0648 0.3262 0.3472 0.0375 0.1774 0.0470
267 0.1164 0.1426 0.5098 0.0878 0.1137 0.0299
268 0.2102 0.2830 0.1703 0.0488 0.2383 0.0496
269 0.1346 0.2720 0.2118 0.0349 0.0238 0.3230
270 0.3208 0.1915 0.1664 0.0469 0.0589 0.2153
271 0.1527 0.1458 0.0817 0.0283 0.0196 0.5718
272 0.1387 0.1323 0.1214 0.0376 0.0429 0.5273
273 0.2004 0.2219 0.1399 0.0296 0.0903 0.3179
274 0.4246 0.2830 0.1445 0.0282 0.0271 0.0926
275 0.2299 0.1862 0.2092 0.0206 0.0614 0.2927
276 0.1816 0.1248 0.1382 0.0763 0.0366 0.4426
277 0.2006 0.3083 0.1316 0.0437 0.0458 0.2700
278 0.1990 0.3718 0.0876 0.0119 0.0424 0.2874
279 0.0537 0.6245 0.2465 0.0467 0.0094 0.0195
280 0.1078 0.5693 0.1417 0.0505 0.0035 0.1271
281 0.2073 0.3997 0.1228 0.0257 0.0255 0.2190
282 0.1472 0.5957 0.1249 0.0717 0.0172 0.0432
283 0.0502 0.1047 0.1344 0.3828 0.0342 0.2935
284 0.1086 0.1749 0.3618 0.1270 0.1696 0.0581
285 0.2603 0.4158 0.0906 0.0516 0.0980 0.0838
286 0.1473 0.3762 0.0370 0.0573 0.0370 0.3452
287 0.3411 0.2917 0.0515 0.0322 0.0904 0.1929
288 0.2617 0.3550 0.0607 0.0274 0.0211 0.2742
289 0.4272 0.1571 0.0611 0.0307 0.1387 0.1852
290 0.5796 0.1754 0.0726 0.0195 0.0243 0.1284
291 0.1892 0.1509 0.2773 0.0644 0.1696 0.1486
292 0.1611 0.1757 0.5083 0.0327 0.1216 0.0007
293 0.0607 0.1467 0.5713 0.1024 0.1179 0.0010
294 0.1555 0.2108 0.3848 0.0292 0.2192 0.0003
295 0.1256 0.0836 0.5288 0.0343 0.2274 0.0004
296 0.1078 0.1763 0.1428 0.0833 0.4868 0.0030
297 0.0695 0.2815 0.2686 0.0341 0.3394 0.0070
298 0.0453 0.0475 0.1520 0.1260 0.5474 0.0820
299 0.0662 0.0528 0.4214 0.0421 0.4084 0.0090
300 0.0934 0.0919 0.4929 0.0408 0.2722 0.0087
301 0.1736 0.3533 0.3704 0.0184 0.0833 0.0010
302 0.0919 0.5630 0.1295 0.1033 0.0667 0.0458
303 0.0710 0.4382 0.1959 0.0626 0.0607 0.1716
304 0.0825 0.5215 0.2242 0.0320 0.0885 0.0512
305 0.0236 0.0430 0.1284 0.3955 0.3438 0.0656
306 0.0328 0.1393 0.4429 0.1904 0.1289 0.0658
307 0.0827 0.0908 0.1820 0.0975 0.4722 0.0747
308 0.3176 0.2167 0.0969 0.1345 0.1466 0.0875
309 0.3782 0.1227 0.2206 0.0333 0.2072 0.0380
310 0.0339 0.5479 0.2355 0.1261 0.0409 0.0159
311 0.0476 0.4109 0.3684 0.0522 0.1159 0.0049
312 0.1433 0.1587 0.5327 0.0869 0.0721 0.0065
313 0.0594 0.1733 0.4292 0.1393 0.1733 0.0254
314 0.0124 0.4172 0.5527 0.0127 0.0042 0.0009
315 0.0636 0.0985 0.1143 0.0234 0.6680 0.0322
316 0.0154 0.1909 0.6460 0.0861 0.0329 0.0288
317 0.0271 0.2268 0.5977 0.0725 0.0510 0.0251
318 0.0053 0.2576 0.7227 0.0099 0.0029 0.0015
319 0.0100 0.1467 0.6997 0.0507 0.0849 0.0078
320 0.0850 0.2023 0.2257 0.0421 0.4087 0.0363
321 0.0673 0.2026 0.1350 0.0154 0.5684 0.0113
322 0.0567 0.1681 0.1733 0.0231 0.5513 0.0276
323 0.0207 0.1085 0.5181 0.1289 0.2158 0.0081
324 0.0182 0.0438 0.6235 0.1993 0.0912 0.0238
325 0.0311 0.1174 0.5181 0.1967 0.1121 0.0248
326 0.0304 0.3787 0.3787 0.0246 0.0044 0.1831
327 0.0446 0.2079 0.5352 0.0801 0.0100 0.1222
328 0.1847 0.4717 0.1891 0.0288 0.0568 0.0690
329 0.0477 0.4028 0.1459 0.0648 0.3340 0.0048
330 0.0633 0.1788 0.2124 0.4639 0.0580 0.0236
331 0.1949 0.2791 0.3938 0.0326 0.0980 0.0017
332 0.1293 0.4839 0.2130 0.1442 0.0175 0.0122
333 0.0085 0.4805 0.3406 0.0725 0.0026 0.0953
334 0.1019 0.1220 0.5596 0.1299 0.0609 0.0256
335 0.0063 0.0251 0.0218 0.0682 0.8706 0.0079
336 0.0228 0.3140 0.3342 0.0988 0.2262 0.0039
337 0.0439 0.0887 0.1122 0.0490 0.6875 0.0186
338 0.2603 0.3816 0.1519 0.0186 0.0537 0.1340
339 0.2764 0.3896 0.0897 0.0335 0.0709 0.1400
340 0.0558 0.4858 0.3965 0.0181 0.0411 0.0027
341 0.0876 0.4519 0.4314 0.0110 0.0166 0.0015
342 0.0468 0.4307 0.4443 0.0138 0.0592 0.0051
343 0.0825 0.2581 0.1565 0.4189 0.0415 0.0424
344 0.0409 0.2974 0.2244 0.3420 0.0399 0.0554
345 0.0711 0.2812 0.2224 0.3186 0.0455 0.0613
346 0.1063 0.2358 0.2395 0.1954 0.0275 0.1954
347 0.0220 0.4963 0.2827 0.1160 0.0289 0.0540
348 0.0210 0.5903 0.2104 0.1296 0.0204 0.0285
349 0.0179 0.5786 0.1087 0.2732 0.0108 0.0111
350 0.4685 0.2568 0.0967 0.0379 0.1311 0.0089
351 0.2896 0.3059 0.0985 0.0354 0.2637 0.0072
352 0.0583 0.3860 0.4802 0.0332 0.0189 0.0235
353 0.3052 0.2490 0.3149 0.0502 0.0736 0.0072
354 0.1327 0.2292 0.4929 0.0280 0.1118 0.0053
355 0.1043 0.6001 0.2278 0.0292 0.0375 0.0010
356 0.0223 0.2712 0.6206 0.0675 0.0065 0.0118
357 0.0586 0.0801 0.2930 0.3943 0.0442 0.1300
358 0.0317 0.2067 0.5034 0.2167 0.0178 0.0236
359 0.0291 0.5757 0.2893 0.0869 0.0021 0.0171
360 0.0182 0.4348 0.5161 0.0253 0.0009 0.0046
361 0.0473 0.3899 0.2292 0.2598 0.0062 0.0677
362 0.0215 0.0768 0.8394 0.0445 0.0046 0.0135
363 0.0202 0.1702 0.6836 0.0842 0.0055 0.0362
364 0.0413 0.0917 0.2234 0.5439 0.0186 0.0809
365 0.0488 0.1901 0.2222 0.3899 0.0699 0.0792
366 0.0232 0.1620 0.7852 0.0168 0.0013 0.0114
367 0.0312 0.2064 0.3796 0.2734 0.0131 0.0960
368 0.0388 0.1727 0.5078 0.1455 0.0089 0.1263
369 0.0304 0.4761 0.2935 0.1262 0.0260 0.0479
370 0.0420 0.4700 0.4626 0.0121 0.0089 0.0044
371 0.0128 0.6299 0.3372 0.0095 0.0021 0.0087
372 0.0234 0.2559 0.5854 0.1135 0.0070 0.0147
373 0.0902 0.3101 0.5791 0.0110 0.0014 0.0079
374 0.0729 0.0853 0.2668 0.4609 0.0478 0.0664
375 0.0522 0.1022 0.4507 0.1849 0.0747 0.1354
376 0.0327 0.2308 0.6895 0.0320 0.0028 0.0123
377 0.0345 0.2507 0.3704 0.3120 0.0122 0.0204
378 0.0349 0.4395 0.3938 0.0980 0.0222 0.0116
379 0.0116 0.4231 0.2954 0.2266 0.0057 0.0376
380 0.0396 0.3943 0.5386 0.0125 0.0062 0.0087
381 0.0618 0.3115 0.5913 0.0231 0.0105 0.0016
382 0.0891 0.4419 0.4087 0.0341 0.0128 0.0137
383 0.0589 0.2944 0.3962 0.0956 0.0870 0.0678
384 0.1201 0.3215 0.5059 0.0299 0.0168 0.0061
385 0.0383 0.2744 0.6587 0.0232 0.0028 0.0027
386 0.0062 0.7451 0.2307 0.0107 0.0010 0.0064
387 0.0033 0.8828 0.1071 0.0029 0.0006 0.0031
388 0.0133 0.7695 0.1716 0.0267 0.0011 0.0178
389 0.1493 0.1277 0.2539 0.1830 0.0585 0.2277
390 0.0617 0.3184 0.5005 0.0688 0.0261 0.0244
391 0.0159 0.4871 0.3735 0.0564 0.0052 0.0619
392 0.0557 0.5493 0.2893 0.0230 0.0135 0.0693
393 0.0320 0.2443 0.3186 0.2856 0.0253 0.0942
394 0.0292 0.2559 0.3782 0.3040 0.0086 0.0242
395 0.0164 0.6206 0.3025 0.0290 0.0080 0.0235
396 0.0094 0.4377 0.5278 0.0124 0.0003 0.0121
397 0.0032 0.3870 0.5630 0.0318 0.0001 0.0152
398 0.0088 0.4529 0.5210 0.0123 0.0010 0.0040
399 0.0094 0.3477 0.6294 0.0058 0.0004 0.0072
400 0.0172 0.2686 0.5684 0.1035 0.0072 0.0352
401 0.0368 0.3228 0.5752 0.0535 0.0080 0.0035
402 0.0485 0.0949 0.6387 0.1858 0.0132 0.0190
403 0.0857 0.0756 0.2600 0.2155 0.0296 0.3337
404 0.0583 0.5449 0.2495 0.0897 0.0104 0.0469
405 0.0443 0.5796 0.3054 0.0510 0.0079 0.0118
406 0.0320 0.7114 0.2273 0.0160 0.0116 0.0018
407 0.0424 0.1285 0.4778 0.2328 0.0213 0.0970
408 0.0215 0.2484 0.6147 0.0886 0.0186 0.0079
409 0.0515 0.4595 0.3108 0.1118 0.0544 0.0119
410 0.0471 0.0795 0.8027 0.0533 0.0138 0.0038
411 0.0691 0.1290 0.3000 0.2690 0.0619 0.1710
412 0.1372 0.1085 0.7246 0.0224 0.0039 0.0035
413 0.0264 0.0406 0.9028 0.0096 0.0024 0.0179
414 0.0646 0.1898 0.4482 0.2151 0.0197 0.0626
415 0.1167 0.1571 0.5483 0.1063 0.0140 0.0578
416 0.0948 0.0540 0.7456 0.0762 0.0116 0.0179
417 0.4116 0.3521 0.0488 0.0507 0.1099 0.0269
418 0.2397 0.3833 0.1432 0.0889 0.0954 0.0495
419 0.0555 0.2214 0.4688 0.0747 0.1122 0.0675
420 0.1370 0.1873 0.2683 0.2089 0.1459 0.0528
421 0.0276 0.2476 0.5322 0.1411 0.0458 0.0055
422 0.1611 0.2874 0.1611 0.1188 0.2069 0.0646
423 0.0775 0.1516 0.3311 0.3694 0.0428 0.0276
424 0.3589 0.1805 0.1532 0.0944 0.1544 0.0586
425 0.1627 0.0972 0.1287 0.3843 0.1505 0.0768
426 0.1986 0.0881 0.1387 0.3652 0.1186 0.0909
427 0.1838 0.1072 0.5317 0.0671 0.0413 0.0687
428 0.0743 0.5039 0.3152 0.0544 0.0354 0.0171
429 0.0899 0.2705 0.1459 0.1238 0.1577 0.2123
430 0.0570 0.4812 0.3989 0.0389 0.0173 0.0068
431 0.1273 0.2825 0.3301 0.2131 0.0286 0.0183
432 0.0929 0.1289 0.1819 0.4717 0.0886 0.0361
433 0.0406 0.6006 0.2974 0.0096 0.0513 0.0004
434 0.0255 0.1141 0.5034 0.2198 0.1214 0.0159
435 0.0549 0.0878 0.3582 0.2350 0.0178 0.2462
436 0.0416 0.6411 0.2081 0.0909 0.0129 0.0055
437 0.0379 0.3074 0.4988 0.1185 0.0091 0.0286
438 0.1945 0.4116 0.1676 0.1161 0.0811 0.0293
439 0.0177 0.5947 0.3723 0.0134 0.0011 0.0007
440 0.0893 0.0390 0.2245 0.5469 0.0568 0.0435
441 0.0808 0.1343 0.3325 0.3652 0.0159 0.0714
442 0.1069 0.1544 0.3093 0.0262 0.3242 0.0789
443 0.0424 0.1049 0.7280 0.0955 0.0060 0.0230
444 0.0415 0.4189 0.5132 0.0196 0.0040 0.0025
445 0.0275 0.1749 0.5474 0.2211 0.0042 0.0252
446 0.1997 0.1279 0.1193 0.0240 0.0070 0.5220
447 0.4075 0.2529 0.0888 0.0059 0.0198 0.2250
448 0.0392 0.0428 0.0386 0.0352 0.0117 0.8325
449 0.1923 0.2549 0.1570 0.0228 0.0610 0.3123
450 0.0433 0.1262 0.6118 0.1865 0.0159 0.0163
451 0.0091 0.1804 0.7026 0.0788 0.0103 0.0190
452 0.0106 0.1622 0.7861 0.0324 0.0018 0.0066
453 0.1310 0.0859 0.5103 0.1157 0.0281 0.1290
454 0.0486 0.2214 0.3948 0.1620 0.1570 0.0163
455 0.0692 0.2781 0.2915 0.3103 0.0183 0.0327
456 0.0106 0.7837 0.1643 0.0403 0.0004 0.0009
457 0.0392 0.3206 0.6274 0.0050 0.0036 0.0041
458 0.0859 0.0264 0.8413 0.0329 0.0052 0.0084
459 0.2822 0.4138 0.1262 0.0300 0.0686 0.0790
460 0.3511 0.1407 0.1006 0.0543 0.1594 0.1938
461 0.2920 0.2988 0.1975 0.0213 0.0291 0.1613
462 0.1322 0.3376 0.1738 0.0214 0.0224 0.3123
463 0.0876 0.0732 0.6377 0.1799 0.0100 0.0115
464 0.2142 0.0614 0.5732 0.1202 0.0210 0.0100
465 0.1041 0.0173 0.2422 0.5630 0.0194 0.0540
466 0.0573 0.0502 0.7676 0.1080 0.0142 0.0029
467 0.1281 0.3452 0.1820 0.0226 0.0151 0.3071
468 0.1552 0.3752 0.1042 0.0194 0.0445 0.3015
469 0.1240 0.3293 0.1036 0.0210 0.0432 0.3789
470 0.0807 0.1449 0.1155 0.0384 0.0196 0.6006
471 0.0856 0.2020 0.1032 0.0365 0.0146 0.5581
472 0.1245 0.2085 0.1032 0.0249 0.0307 0.5083
473 0.0217 0.7886 0.1459 0.0316 0.0023 0.0100
474 0.0142 0.8486 0.1301 0.0047 0.0008 0.0015
475 0.0579 0.0661 0.5986 0.2698 0.0060 0.0017
476 0.0992 0.0661 0.5278 0.2961 0.0087 0.0019
477 0.0644 0.0534 0.6660 0.2096 0.0051 0.0015
478 0.0783 0.0675 0.5229 0.3171 0.0100 0.0045
479 0.0823 0.0656 0.5757 0.2634 0.0091 0.0041
480 0.1125 0.0607 0.5581 0.2517 0.0131 0.0038
481 0.1393 0.0885 0.5420 0.2191 0.0079 0.0030
482 0.0521 0.4871 0.4504 0.0073 0.0023 0.0008
483 0.0262 0.6152 0.3560 0.0024 0.0004 0.0001
484 0.0127 0.5508 0.4355 0.0008 0.0003 0.0000
485 0.0551 0.1547 0.6118 0.1262 0.0479 0.0044
486 0.0243 0.1377 0.5195 0.2739 0.0243 0.0203
487 0.0488 0.1152 0.2988 0.4851 0.0265 0.0255
488 0.1143 0.0823 0.2615 0.4963 0.0338 0.0117
489 0.0582 0.0295 0.8550 0.0464 0.0029 0.0083
490 0.0733 0.0414 0.8525 0.0276 0.0031 0.0021
491 0.0643 0.0235 0.8887 0.0186 0.0047 0.0004
492 0.1087 0.0302 0.8032 0.0502 0.0067 0.0007
493 0.0692 0.0265 0.8364 0.0616 0.0050 0.0013
494 0.0792 0.0274 0.8384 0.0496 0.0045 0.0008
495 0.0562 0.0462 0.8389 0.0516 0.0056 0.0014
496 0.0434 0.0508 0.4453 0.4453 0.0092 0.0062
497 0.0746 0.1449 0.7246 0.0304 0.0240 0.0015
498 0.0607 0.2939 0.4211 0.1702 0.0362 0.0177
499 0.0520 0.3752 0.2500 0.2312 0.0428 0.0488
500 0.1108 0.2135 0.3806 0.2458 0.0230 0.0261
501 0.1318 0.1219 0.1747 0.4258 0.0950 0.0508
502 0.1919 0.0995 0.1182 0.2925 0.0935 0.2042
503 0.1193 0.2487 0.3293 0.2566 0.0350 0.0111
504 0.0360 0.2898 0.1626 0.3496 0.1033 0.0589
505 0.1772 0.2681 0.2788 0.2404 0.0143 0.0210
506 0.2047 0.3647 0.2450 0.0160 0.1670 0.0025
507 0.0498 0.2198 0.3569 0.2695 0.0784 0.0255
508 0.0603 0.1589 0.2703 0.3638 0.1026 0.0441
509 0.0858 0.2727 0.5254 0.0627 0.0467 0.0066
510 0.0294 0.3584 0.3640 0.1949 0.0311 0.0220
511 0.2388 0.1128 0.4824 0.0751 0.0381 0.0529
512 0.1689 0.1770 0.5366 0.0598 0.0310 0.0265
513 0.1305 0.1813 0.6328 0.0265 0.0101 0.0190
514 0.0736 0.1243 0.1030 0.5356 0.1080 0.0556
515 0.0472 0.1525 0.1324 0.5117 0.0447 0.1115
516 0.0920 0.2522 0.2350 0.3474 0.0520 0.0214
517 0.0383 0.3694 0.1614 0.3159 0.0756 0.0392
518 0.0054 0.0479 0.0499 0.8701 0.0138 0.0127
519 0.1072 0.4106 0.1499 0.1794 0.0975 0.0551
520 0.0785 0.6729 0.1455 0.0263 0.0651 0.0115
521 0.1300 0.2449 0.3218 0.0944 0.1683 0.0406
522 0.1445 0.2345 0.2808 0.0677 0.2152 0.0575
523 0.1185 0.1697 0.2430 0.2047 0.1475 0.1166
524 0.0061 0.2534 0.7217 0.0158 0.0006 0.0021
525 0.0059 0.2020 0.7744 0.0151 0.0007 0.0021
526 0.0058 0.1871 0.8003 0.0063 0.0003 0.0004
527 0.0083 0.1348 0.8384 0.0170 0.0005 0.0013
528 0.0290 0.1761 0.7188 0.0546 0.0020 0.0193
529 0.0265 0.0598 0.4849 0.3777 0.0320 0.0194
530 0.0101 0.1324 0.0925 0.7505 0.0120 0.0025
531 0.0363 0.2261 0.5425 0.1788 0.0060 0.0102
532 0.0397 0.2886 0.6304 0.0309 0.0063 0.0042
533 0.0480 0.0570 0.4702 0.3386 0.0094 0.0767
534 0.0136 0.0704 0.4448 0.4380 0.0009 0.0322
535 0.0141 0.2180 0.7378 0.0219 0.0015 0.0068
536 0.0160 0.3247 0.5879 0.0670 0.0021 0.0023
537 0.0087 0.3865 0.5537 0.0488 0.0014 0.0009
538 0.0081 0.2296 0.5596 0.1995 0.0012 0.0020
539 0.0444 0.0830 0.0462 0.4968 0.3108 0.0188
540 0.0369 0.0684 0.0210 0.5552 0.3066 0.0116
541 0.0533 0.1603 0.0554 0.3447 0.3845 0.0017
542 0.0243 0.1245 0.0343 0.5938 0.2184 0.0050
543 0.0288 0.1185 0.0235 0.4473 0.3767 0.0050
544 0.0378 0.0637 0.0496 0.4421 0.3962 0.0105
545 0.0336 0.0674 0.0334 0.3940 0.4680 0.0034
546 0.0279 0.1331 0.0339 0.3909 0.4097 0.0047
547 0.0234 0.0750 0.0113 0.1771 0.7119 0.0014
548 0.0135 0.0786 0.0230 0.3467 0.5366 0.0015
549 0.0751 0.1298 0.6489 0.1110 0.0095 0.0260
550 0.0808 0.1646 0.6406 0.0759 0.0302 0.0081
551 0.0547 0.1311 0.7197 0.0649 0.0184 0.0109
552 0.0434 0.1456 0.4702 0.2942 0.0244 0.0220
553 0.0457 0.1113 0.2712 0.5068 0.0284 0.0367
554 0.0789 0.0777 0.1985 0.5479 0.0345 0.0624
555 0.0694 0.0558 0.8198 0.0408 0.0043 0.0101
556 0.0699 0.0843 0.8120 0.0241 0.0042 0.0053
557 0.0596 0.0867 0.8101 0.0322 0.0034 0.0078
558 0.0578 0.1177 0.7676 0.0476 0.0030 0.0061
559 0.1110 0.1566 0.1382 0.1298 0.0183 0.4460
560 0.1110 0.1566 0.1382 0.1298 0.0183 0.4460
