time exciting_prob fearful_prob tense_prob sad_prob relaxing_prob neutral_prob
0 0.0542 0.0944 0.2094 0.5181 0.0117 0.1121
1 0.0671 0.4243 0.2344 0.2456 0.0087 0.0199
2 0.1370 0.3472 0.2258 0.2156 0.0220 0.0524
3 0.1172 0.4421 0.1858 0.1732 0.0374 0.0441
4 0.0698 0.2068 0.1715 0.4771 0.0732 0.0016
5 0.1681 0.2059 0.4001 0.2158 0.0015 0.0083
6 0.0797 0.4375 0.3516 0.1178 0.0042 0.0091
7 0.1943 0.3438 0.0646 0.3865 0.0036 0.0071
8 0.0726 0.1313 0.5532 0.2067 0.0027 0.0337
9 0.1355 0.2847 0.1809 0.2493 0.0030 0.1465
10 0.1456 0.4812 0.1575 0.1444 0.0048 0.0667
11 0.4094 0.2522 0.0973 0.1483 0.0355 0.0572
12 0.1394 0.3477 0.1230 0.1240 0.0363 0.2297
13 0.2866 0.3738 0.1608 0.0483 0.0093 0.1213
14 0.1281 0.1848 0.3452 0.2318 0.0311 0.0789
15 0.0705 0.2087 0.5166 0.1731 0.0167 0.0143
16 0.3882 0.2527 0.1310 0.0595 0.1643 0.0043
17 0.3542 0.1987 0.2051 0.0676 0.1635 0.0106
18 0.4739 0.3335 0.1217 0.0179 0.0511 0.0020
19 0.0623 0.0787 0.1746 0.3418 0.0408 0.3018
20 0.1757 0.2053 0.4084 0.1198 0.0447 0.0462
21 0.1322 0.2981 0.4404 0.0288 0.0132 0.0874
22 0.0850 0.4055 0.3013 0.1515 0.0225 0.0341
23 0.1240 0.1120 0.2466 0.3560 0.1174 0.0442
24 0.1133 0.1305 0.2761 0.2595 0.0184 0.2021
25 0.2725 0.2173 0.1603 0.0934 0.0160 0.2405
26 0.4280 0.2102 0.0507 0.1975 0.0294 0.0843
27 0.1771 0.5674 0.1285 0.0877 0.0269 0.0123
28 0.2472 0.4475 0.0483 0.2114 0.0309 0.0147
29 0.3398 0.3267 0.1111 0.1036 0.1147 0.0040
30 0.3586 0.2998 0.0859 0.0563 0.1891 0.0103
31 0.2272 0.5986 0.0298 0.0368 0.1000 0.0075
32 0.0572 0.6699 0.2043 0.0463 0.0165 0.0057
33 0.3472 0.4424 0.0489 0.1059 0.0489 0.0067
34 0.1255 0.1825 0.3804 0.2236 0.0220 0.0661
35 0.2578 0.5547 0.0470 0.0603 0.0075 0.0728
36 0.1101 0.6904 0.0642 0.0622 0.0042 0.0689
37 0.3931 0.3362 0.1316 0.0986 0.0197 0.0208
38 0.3779 0.3013 0.1357 0.1049 0.0721 0.0081
39 0.1244 0.1525 0.5938 0.0961 0.0189 0.0145
40 0.1980 0.2483 0.1846 0.1340 0.0845 0.1506
41 0.1836 0.7319 0.0719 0.0094 0.0024 0.0009
42 0.1630 0.1508 0.1604 0.1211 0.0044 0.4001
43 0.0973 0.0358 0.0474 0.6147 0.1580 0.0467
44 0.6313 0.2098 0.0447 0.0681 0.0400 0.0058
45 0.0668 0.3557 0.3728 0.1680 0.0236 0.0133
46 0.0881 0.3799 0.2147 0.1105 0.0681 0.1387
47 0.3623 0.5610 0.0361 0.0133 0.0201 0.0072
48 0.5264 0.3167 0.0922 0.0425 0.0084 0.0140
49 0.3521 0.3181 0.0484 0.0823 0.0646 0.1346
50 0.3091 0.3289 0.1415 0.1318 0.0270 0.0618
51 0.3440 0.4348 0.0963 0.0480 0.0607 0.0165
52 0.6289 0.2642 0.0349 0.0281 0.0316 0.0126
53 0.2229 0.1461 0.0997 0.1656 0.2161 0.1497
54 0.1304 0.6572 0.1714 0.0237 0.0122 0.0051
55 0.1915 0.1744 0.1564 0.1492 0.0128 0.3157
56 0.2416 0.2825 0.1896 0.0606 0.0194 0.2065
57 0.3452 0.2776 0.0707 0.0490 0.0164 0.2411
58 0.0451 0.5889 0.2554 0.1040 0.0013 0.0053
59 0.3086 0.2559 0.1017 0.0207 0.2620 0.0512
60 0.4160 0.2125 0.2583 0.0776 0.0097 0.0258
61 0.5088 0.2788 0.1034 0.0377 0.0705 0.0008
62 0.1514 0.4590 0.1812 0.0621 0.0084 0.1378
63 0.3179 0.3896 0.1188 0.0985 0.0144 0.0607
64 0.2830 0.4382 0.1743 0.0843 0.0137 0.0065
65 0.2900 0.4858 0.1145 0.0956 0.0089 0.0050
66 0.0626 0.2361 0.2417 0.1047 0.0142 0.3408
67 0.1667 0.2192 0.3450 0.0900 0.0042 0.1748
68 0.2532 0.4548 0.1097 0.1323 0.0219 0.0280
69 0.0482 0.0629 0.3452 0.4229 0.0279 0.0929
70 0.3623 0.2432 0.1054 0.2097 0.0145 0.0649
71 0.1724 0.4436 0.2393 0.0967 0.0100 0.0381
72 0.1876 0.3069 0.2583 0.2280 0.0043 0.0148
73 0.1899 0.4417 0.1959 0.1337 0.0203 0.0187
74 0.2214 0.4336 0.1895 0.0708 0.0162 0.0686
75 0.2274 0.1901 0.1285 0.1379 0.2786 0.0374
76 0.1287 0.1218 0.1731 0.5010 0.0059 0.0694
77 0.1946 0.1296 0.2422 0.3811 0.0075 0.0451
78 0.0464 0.8965 0.0302 0.0192 0.0039 0.0038
79 0.0603 0.2834 0.0717 0.4187 0.1565 0.0094
80 0.1088 0.2002 0.2673 0.1420 0.0687 0.2131
81 0.3887 0.2250 0.1323 0.0403 0.1738 0.0397
82 0.1685 0.3538 0.0828 0.3325 0.0309 0.0316
83 0.2634 0.4275 0.1056 0.1196 0.0703 0.0137
84 0.1829 0.4668 0.1296 0.1327 0.0196 0.0683
85 0.2773 0.4868 0.1593 0.0517 0.0143 0.0104
86 0.2286 0.5073 0.0731 0.0539 0.0560 0.0809
87 0.1741 0.6172 0.0433 0.0597 0.0896 0.0162
88 0.2487 0.5103 0.2195 0.0084 0.0037 0.0093
89 0.2106 0.3367 0.1888 0.2041 0.0355 0.0244
90 0.2502 0.4900 0.0958 0.1077 0.0347 0.0217
91 0.4089 0.4561 0.0549 0.0374 0.0360 0.0066
92 0.1608 0.6982 0.0413 0.0356 0.0148 0.0494
93 0.1606 0.5352 0.1710 0.0702 0.0342 0.0288
94 0.2517 0.5454 0.0870 0.0398 0.0232 0.0532
95 0.3069 0.3533 0.1012 0.1340 0.0663 0.0384
96 0.2052 0.4414 0.1274 0.2004 0.0162 0.0094
97 0.3420 0.3315 0.1460 0.0500 0.0787 0.0516
98 0.1821 0.3376 0.3049 0.0828 0.0153 0.0771
99 0.1462 0.5186 0.0629 0.1486 0.0293 0.0944
100 0.0407 0.3379 0.4546 0.1233 0.0221 0.0214
101 0.0479 0.2079 0.3169 0.1737 0.1096 0.1440
102 0.1378 0.4626 0.1840 0.1537 0.0359 0.0259
103 0.0997 0.6978 0.1053 0.0624 0.0102 0.0246
104 0.0559 0.7192 0.0680 0.1230 0.0086 0.0250
105 0.0410 0.5566 0.1176 0.1204 0.0058 0.1583
106 0.1146 0.4824 0.3164 0.0358 0.0042 0.0467
107 0.1058 0.7007 0.1390 0.0313 0.0047 0.0185
108 0.2029 0.3789 0.2625 0.0313 0.0122 0.1121
109 0.0806 0.3042 0.2683 0.1136 0.1760 0.0572
110 0.1469 0.1827 0.1217 0.1975 0.2830 0.0683
111 0.1488 0.4241 0.1648 0.1313 0.1215 0.0097
112 0.0748 0.3682 0.0498 0.2018 0.0601 0.2452
113 0.1703 0.5044 0.1650 0.1074 0.0315 0.0216
114 0.2759 0.4478 0.0953 0.0403 0.1293 0.0117
115 0.0257 0.3806 0.1143 0.3806 0.0732 0.0255
116 0.4795 0.3296 0.1384 0.0252 0.0125 0.0146
117 0.0836 0.6997 0.0480 0.0992 0.0276 0.0417
118 0.0491 0.1957 0.0327 0.3921 0.0104 0.3201
119 0.0221 0.7305 0.1310 0.0820 0.0140 0.0202
120 0.1075 0.4634 0.0344 0.0627 0.2661 0.0657
121 0.2291 0.6841 0.0263 0.0211 0.0280 0.0115
122 0.0632 0.6235 0.0200 0.2725 0.0106 0.0103
123 0.0505 0.3218 0.0140 0.5825 0.0033 0.0279
124 0.0394 0.6167 0.1766 0.1234 0.0400 0.0039
125 0.1482 0.3965 0.1932 0.2295 0.0196 0.0128
126 0.0242 0.3677 0.1251 0.4038 0.0509 0.0284
127 0.0839 0.6343 0.0489 0.0757 0.0770 0.0800
128 0.1130 0.4985 0.2247 0.1364 0.0221 0.0052
129 0.1448 0.4390 0.2834 0.0906 0.0055 0.0366
130 0.0162 0.1849 0.2610 0.5107 0.0262 0.0009
131 0.0562 0.6138 0.0971 0.1190 0.1083 0.0056
132 0.0737 0.3489 0.1782 0.3489 0.0040 0.0461
133 0.0364 0.3120 0.1406 0.4832 0.0157 0.0122
134 0.0728 0.2520 0.1528 0.2766 0.0699 0.1759
135 0.0597 0.1410 0.1523 0.2803 0.3655 0.0011
136 0.1904 0.1506 0.0770 0.2244 0.3557 0.0018
137 0.0785 0.1255 0.2783 0.4448 0.0557 0.0174
138 0.0607 0.2966 0.0523 0.3992 0.0646 0.1266
139 0.1094 0.5137 0.2505 0.0493 0.0246 0.0525
140 0.2141 0.6802 0.0375 0.0250 0.0316 0.0115
141 0.0215 0.3135 0.1118 0.4563 0.0466 0.0504
142 0.0223 0.6899 0.0357 0.1652 0.0278 0.0593
143 0.2257 0.3665 0.2205 0.0780 0.0188 0.0905
144 0.2183 0.4917 0.1824 0.0671 0.0208 0.0198
145 0.1515 0.2422 0.4668 0.1227 0.0159 0.0009
146 0.2457 0.3547 0.2720 0.0933 0.0333 0.0009
147 0.0748 0.0916 0.0953 0.4304 0.0029 0.3052
148 0.0501 0.1121 0.2908 0.3674 0.0059 0.1736
149 0.0933 0.1274 0.1562 0.3926 0.0135 0.2168
150 0.2198 0.4370 0.1387 0.1766 0.0168 0.0110
151 0.3032 0.3179 0.1898 0.1512 0.0142 0.0238
152 0.1722 0.1028 0.3425 0.3589 0.0149 0.0086
153 0.0986 0.3442 0.2404 0.2966 0.0148 0.0054
154 0.0308 0.5044 0.3359 0.1179 0.0064 0.0047
155 0.0249 0.2661 0.2876 0.4058 0.0101 0.0056
156 0.0706 0.1028 0.0712 0.5820 0.0065 0.1667
157 0.1945 0.4084 0.2576 0.0480 0.0173 0.0743
158 0.0941 0.3469 0.4087 0.1327 0.0045 0.0131
159 0.0321 0.3479 0.5918 0.0242 0.0002 0.0037
160 0.1404 0.2314 0.3020 0.3020 0.0156 0.0086
161 0.0406 0.3767 0.4475 0.1114 0.0186 0.0052
162 0.3071 0.1644 0.4070 0.1037 0.0155 0.0022
163 0.0674 0.1183 0.1279 0.6201 0.0517 0.0148
164 0.0698 0.5444 0.1796 0.1973 0.0042 0.0047
165 0.0535 0.0404 0.4209 0.4771 0.0033 0.0047
166 0.0449 0.0525 0.1012 0.3267 0.0065 0.4680
167 0.0853 0.3271 0.3027 0.2671 0.0055 0.0123
168 0.3647 0.2585 0.2318 0.0997 0.0409 0.0042
169 0.2810 0.4634 0.0905 0.1481 0.0104 0.0067
170 0.1514 0.4314 0.2238 0.1550 0.0066 0.0320
171 0.0861 0.2341 0.1089 0.5444 0.0225 0.0040
172 0.0754 0.7217 0.1098 0.0773 0.0079 0.0080
173 0.1068 0.4712 0.3728 0.0326 0.0143 0.0025
174 0.0486 0.4268 0.4136 0.0867 0.0149 0.0095
175 0.0698 0.0779 0.1284 0.5850 0.0925 0.0465
176 0.2294 0.3965 0.0441 0.2367 0.0871 0.0063
177 0.1313 0.2067 0.2612 0.3572 0.0371 0.0063
178 0.2268 0.3328 0.1583 0.2148 0.0506 0.0167
179 0.1222 0.3347 0.3401 0.1820 0.0098 0.0113
180 0.0541 0.0603 0.2241 0.4458 0.1381 0.0775
181 0.3352 0.3457 0.1595 0.0938 0.0620 0.0037
182 0.0722 0.1627 0.1787 0.4858 0.0700 0.0303
183 0.1895 0.4915 0.1808 0.1233 0.0094 0.0057
184 0.2517 0.2808 0.2700 0.1744 0.0117 0.0112
185 0.1046 0.2113 0.4912 0.1620 0.0200 0.0108
186 0.0855 0.1926 0.1926 0.4409 0.0307 0.0574
187 0.0971 0.1458 0.4932 0.2367 0.0079 0.0193
188 0.1321 0.1521 0.2864 0.4038 0.0196 0.0059
189 0.1780 0.3171 0.2285 0.2357 0.0046 0.0359
190 0.0454 0.3464 0.5537 0.0462 0.0062 0.0020
191 0.1819 0.2429 0.4502 0.1095 0.0015 0.0138
192 0.1700 0.2289 0.1958 0.3657 0.0133 0.0263
193 0.1288 0.0706 0.1268 0.5957 0.0101 0.0679
194 0.1481 0.0627 0.0912 0.6533 0.0303 0.0142
195 0.1235 0.4961 0.1040 0.2380 0.0362 0.0021
196 0.3550 0.0927 0.1083 0.3750 0.0318 0.0371
197 0.1923 0.2430 0.0724 0.4722 0.0053 0.0147
198 0.0623 0.5298 0.2074 0.1888 0.0073 0.0047
199 0.1826 0.2595 0.3604 0.1467 0.0491 0.0017
200 0.1353 0.3975 0.3677 0.0605 0.0385 0.0007
201 0.1659 0.1376 0.2065 0.2651 0.0784 0.1465
202 0.1136 0.1553 0.1349 0.1288 0.0181 0.4492
203 0.6118 0.2147 0.0450 0.0243 0.0565 0.0479
204 0.6367 0.1727 0.0410 0.0307 0.0626 0.0565
205 0.6362 0.1713 0.0410 0.0309 0.0630 0.0574
206 0.6362 0.1713 0.0410 0.0309 0.0630 0.0574
207 0.3066 0.1566 0.0859 0.1036 0.0590 0.2881
