time exciting_prob fearful_prob tense_prob sad_prob relaxing_prob neutral_prob
0 0.1820 0.1556 0.1417 0.1606 0.0090 0.3508
1 0.7529 0.0415 0.0525 0.0372 0.1119 0.0041
2 0.8296 0.0295 0.0457 0.0104 0.0834 0.0014
3 0.8433 0.0158 0.0561 0.0237 0.0597 0.0016
4 0.7378 0.0282 0.0601 0.0610 0.1114 0.0015
5 0.1436 0.0545 0.2257 0.5586 0.0114 0.0061
6 0.2812 0.0572 0.2296 0.4028 0.0236 0.0054
7 0.3989 0.1207 0.3230 0.1001 0.0562 0.0011
8 0.1326 0.1151 0.3716 0.2438 0.0305 0.1065
9 0.2218 0.1853 0.1454 0.2150 0.1868 0.0458
10 0.1209 0.0775 0.2725 0.2561 0.2520 0.0210
11 0.2817 0.1581 0.0546 0.3733 0.1260 0.0064
12 0.2310 0.3108 0.1703 0.1479 0.1337 0.0063
13 0.5898 0.1504 0.1050 0.0251 0.1287 0.0009
14 0.7480 0.0782 0.1078 0.0311 0.0345 0.0003
15 0.4163 0.1250 0.3879 0.0237 0.0403 0.0069
16 0.3811 0.2349 0.0994 0.0261 0.2559 0.0025
17 0.2615 0.3303 0.2915 0.0523 0.0611 0.0032
18 0.3713 0.0692 0.1700 0.2847 0.0293 0.0754
19 0.5293 0.0837 0.1887 0.1296 0.0662 0.0024
20 0.4595 0.2539 0.1359 0.0566 0.0912 0.0030
21 0.3250 0.2651 0.3325 0.0322 0.0367 0.0085
22 0.4297 0.1709 0.1121 0.0471 0.2373 0.0030
23 0.5352 0.1292 0.0610 0.1685 0.1030 0.0034
24 0.6938 0.0803 0.1443 0.0507 0.0253 0.0058
25 0.2747 0.2878 0.3420 0.0658 0.0219 0.0077
26 0.2339 0.0759 0.2163 0.3298 0.0410 0.1030
27 0.1222 0.1166 0.1722 0.5391 0.0309 0.0190
28 0.4207 0.2551 0.2148 0.0939 0.0103 0.0053
29 0.3923 0.2343 0.0754 0.1714 0.1160 0.0105
30 0.5391 0.1375 0.0747 0.0644 0.1820 0.0021
31 0.6738 0.2104 0.0459 0.0251 0.0414 0.0033
32 0.3313 0.1830 0.3726 0.0567 0.0455 0.0112
33 0.5098 0.2125 0.1111 0.0172 0.1484 0.0009
34 0.4912 0.2249 0.0808 0.1522 0.0471 0.0037
35 0.3340 0.1874 0.3611 0.0757 0.0276 0.0140
36 0.3157 0.0884 0.3691 0.1664 0.0365 0.0240
37 0.2235 0.1957 0.1636 0.1824 0.2133 0.0216
38 0.3774 0.1335 0.1082 0.2380 0.1265 0.0164
39 0.4270 0.2164 0.2551 0.0736 0.0260 0.0018
40 0.4722 0.1710 0.0406 0.1104 0.2000 0.0059
41 0.2983 0.3354 0.2379 0.0772 0.0479 0.0031
42 0.3643 0.3215 0.1201 0.1372 0.0537 0.0032
43 0.2959 0.1031 0.2200 0.3276 0.0123 0.0410
44 0.6196 0.1935 0.0406 0.0467 0.0981 0.0015
45 0.2502 0.0408 0.1219 0.5015 0.0264 0.0594
46 0.4226 0.1060 0.0928 0.2012 0.1694 0.0078
47 0.1877 0.0644 0.2374 0.4648 0.0157 0.0300
48 0.6118 0.1063 0.1809 0.0417 0.0574 0.0017
49 0.3831 0.2435 0.2019 0.0385 0.1234 0.0094
50 0.2224 0.1470 0.5420 0.0516 0.0320 0.0051
51 0.3367 0.2190 0.1788 0.0892 0.1603 0.0161
52 0.3733 0.2625 0.3167 0.0206 0.0250 0.0020
53 0.4375 0.1726 0.0731 0.0443 0.2695 0.0030
54 0.2661 0.2812 0.1349 0.0864 0.2224 0.0090
55 0.4651 0.1879 0.1149 0.0309 0.2000 0.0013
56 0.1301 0.2249 0.2080 0.2756 0.1464 0.0151
57 0.5596 0.1119 0.2028 0.0858 0.0352 0.0046
58 0.6040 0.2119 0.0395 0.0994 0.0441 0.0014
59 0.2834 0.2191 0.2426 0.0334 0.2208 0.0006
60 0.4417 0.2102 0.0897 0.0919 0.1650 0.0015
61 0.5229 0.1271 0.1343 0.0654 0.1498 0.0006
62 0.3340 0.1470 0.0898 0.2106 0.1858 0.0328
63 0.4155 0.1732 0.0927 0.1589 0.1517 0.0079
64 0.3774 0.0797 0.1514 0.1151 0.2739 0.0024
65 0.2585 0.3850 0.0591 0.0974 0.1997 0.0003
66 0.1418 0.3096 0.3855 0.1005 0.0587 0.0039
67 0.2891 0.1699 0.3352 0.1022 0.1014 0.0021
68 0.5195 0.0954 0.1454 0.0992 0.1324 0.0080
69 0.1085 0.1102 0.2603 0.2859 0.0794 0.1555
70 0.4500 0.0914 0.1019 0.1996 0.1449 0.0123
71 0.5176 0.1654 0.0508 0.1888 0.0734 0.0040
72 0.4688 0.3540 0.0569 0.0796 0.0400 0.0008
73 0.2581 0.3787 0.0769 0.0594 0.2261 0.0009
74 0.3499 0.3313 0.0336 0.2462 0.0372 0.0018
75 0.5239 0.2595 0.0984 0.0903 0.0273 0.0004
76 0.4734 0.2418 0.1197 0.0636 0.0992 0.0021
77 0.4026 0.1829 0.1459 0.1034 0.1565 0.0087
78 0.4656 0.0397 0.0645 0.2612 0.1647 0.0042
79 0.3413 0.1991 0.1189 0.1041 0.2345 0.0021
80 0.2788 0.4561 0.1033 0.1208 0.0380 0.0031
81 0.3330 0.2052 0.1245 0.0499 0.2849 0.0024
82 0.4915 0.2064 0.1132 0.0665 0.1204 0.0021
83 0.0612 0.0699 0.0257 0.0150 0.8130 0.0154
84 0.1661 0.1178 0.2117 0.0114 0.4695 0.0236
85 0.2291 0.1799 0.5044 0.0715 0.0142 0.0007
86 0.3496 0.2039 0.2808 0.1083 0.0566 0.0008
87 0.4133 0.1184 0.1450 0.0299 0.2886 0.0049
88 0.1810 0.1064 0.2361 0.3303 0.0159 0.1304
89 0.3918 0.2395 0.1595 0.0625 0.1398 0.0068
90 0.0877 0.1117 0.0919 0.1423 0.5542 0.0121
91 0.5894 0.1368 0.0584 0.0507 0.1611 0.0033
92 0.1294 0.0692 0.2893 0.3801 0.0152 0.1168
93 0.2461 0.1614 0.2661 0.2598 0.0225 0.0441
94 0.1204 0.0468 0.0551 0.0490 0.7266 0.0021
95 0.4819 0.1414 0.1092 0.0971 0.1577 0.0128
96 0.3442 0.1481 0.3284 0.1118 0.0481 0.0196
97 0.0814 0.0624 0.3298 0.0645 0.4507 0.0112
98 0.6177 0.1107 0.2052 0.0430 0.0213 0.0021
99 0.0980 0.2123 0.2190 0.0608 0.3611 0.0489
100 0.1324 0.2150 0.2115 0.0247 0.3713 0.0450
101 0.2219 0.1245 0.1729 0.1082 0.2151 0.1573
102 0.5356 0.0790 0.1753 0.1659 0.0332 0.0109
103 0.0858 0.1979 0.0637 0.0212 0.6289 0.0025
104 0.3538 0.1223 0.4436 0.0639 0.0136 0.0030
105 0.0783 0.0468 0.0176 0.0410 0.7725 0.0439
106 0.0978 0.0912 0.0257 0.0227 0.7285 0.0343
107 0.1910 0.3054 0.0468 0.0214 0.4307 0.0046
108 0.0849 0.1125 0.1663 0.0267 0.5986 0.0110
109 0.2476 0.1057 0.4211 0.1367 0.0540 0.0351
110 0.1653 0.2405 0.3088 0.0462 0.2025 0.0369
111 0.0812 0.1759 0.1092 0.0175 0.6138 0.0024
112 0.1382 0.1707 0.4392 0.1890 0.0550 0.0079
113 0.3535 0.1450 0.0212 0.4331 0.0439 0.0035
114 0.4248 0.2365 0.0383 0.0817 0.2136 0.0049
115 0.3879 0.1221 0.0537 0.3267 0.0950 0.0146
116 0.4216 0.1171 0.2576 0.1379 0.0570 0.0088
117 0.2795 0.1241 0.0526 0.4795 0.0490 0.0153
118 0.0767 0.1898 0.1245 0.0602 0.5449 0.0038
119 0.2776 0.2213 0.4136 0.0052 0.0814 0.0008
120 0.1797 0.1160 0.5449 0.1335 0.0094 0.0167
121 0.1126 0.0805 0.2205 0.1296 0.4185 0.0383
122 0.0557 0.0515 0.1689 0.0315 0.6895 0.0027
123 0.0817 0.2637 0.1188 0.0307 0.5000 0.0049
124 0.4424 0.1172 0.1844 0.1059 0.1459 0.0043
125 0.1714 0.1356 0.1098 0.0182 0.5620 0.0031
126 0.0565 0.2573 0.1489 0.0420 0.4880 0.0072
127 0.1599 0.1503 0.2678 0.3547 0.0274 0.0398
128 0.4717 0.1630 0.1708 0.1567 0.0319 0.0059
129 0.1736 0.1353 0.1907 0.0123 0.4868 0.0014
130 0.2546 0.1923 0.4648 0.0316 0.0538 0.0030
131 0.1858 0.2922 0.1075 0.0140 0.3933 0.0074
132 0.1976 0.3809 0.0558 0.0877 0.2617 0.0161
133 0.1913 0.1081 0.2761 0.0282 0.3894 0.0070
134 0.5234 0.1583 0.2472 0.0232 0.0367 0.0111
135 0.0706 0.1692 0.2925 0.1154 0.3472 0.0052
136 0.2571 0.1622 0.4409 0.1023 0.0286 0.0087
137 0.3430 0.0960 0.1364 0.0361 0.3826 0.0059
138 0.3796 0.1865 0.3682 0.0506 0.0143 0.0008
139 0.4414 0.2986 0.1927 0.0278 0.0377 0.0019
140 0.3923 0.2986 0.2051 0.0606 0.0404 0.0030
141 0.4189 0.2426 0.2278 0.0695 0.0381 0.0031
142 0.2390 0.2159 0.1981 0.0453 0.2859 0.0158
143 0.1605 0.3733 0.2428 0.0258 0.1921 0.0056
144 0.2769 0.1360 0.0352 0.4709 0.0679 0.0132
145 0.3872 0.3086 0.2404 0.0057 0.0566 0.0014
146 0.3860 0.1560 0.1866 0.1674 0.1023 0.0016
147 0.2727 0.0806 0.2208 0.1471 0.2581 0.0209
148 0.1732 0.2156 0.1553 0.0652 0.3813 0.0095
149 0.1329 0.0482 0.0643 0.3044 0.1506 0.2996
150 0.6870 0.1079 0.0975 0.0426 0.0644 0.0005
151 0.5303 0.1777 0.1231 0.1395 0.0254 0.0038
152 0.4875 0.0543 0.1195 0.2822 0.0490 0.0075
153 0.2261 0.0690 0.3315 0.0442 0.2925 0.0366
154 0.3442 0.2639 0.2153 0.0756 0.0986 0.0023
155 0.4270 0.2844 0.1659 0.0771 0.0440 0.0014
156 0.4299 0.1053 0.1078 0.2712 0.0827 0.0031
157 0.4124 0.1517 0.1995 0.1627 0.0608 0.0129
158 0.2581 0.2189 0.0812 0.0642 0.1218 0.2559
159 0.2283 0.2566 0.2468 0.0867 0.1683 0.0132
160 0.3328 0.1124 0.3542 0.1488 0.0379 0.0137
161 0.7124 0.1414 0.0424 0.0331 0.0695 0.0013
162 0.2800 0.1659 0.3123 0.1725 0.0284 0.0410
163 0.2317 0.0846 0.1416 0.2281 0.1013 0.2126
164 0.2847 0.0969 0.2551 0.0166 0.3433 0.0034
165 0.3293 0.0638 0.0776 0.1819 0.1967 0.1508
166 0.3762 0.0724 0.1193 0.0047 0.4265 0.0008
167 0.1481 0.1109 0.0481 0.1338 0.0662 0.4932
168 0.5215 0.0845 0.2244 0.0988 0.0663 0.0044
169 0.2932 0.2430 0.2411 0.0814 0.1261 0.0153
170 0.1564 0.2681 0.3469 0.1704 0.0346 0.0236
171 0.1671 0.0446 0.0615 0.0230 0.6982 0.0054
172 0.0639 0.1045 0.0959 0.0894 0.1439 0.5024
173 0.3274 0.1938 0.0991 0.3098 0.0506 0.0193
174 0.1981 0.1847 0.2686 0.3215 0.0156 0.0114
175 0.3108 0.4021 0.1255 0.0721 0.0876 0.0018
176 0.4036 0.3145 0.1021 0.1281 0.0501 0.0019
177 0.2666 0.1340 0.1279 0.2544 0.1860 0.0311
178 0.2517 0.1411 0.4485 0.1001 0.0243 0.0343
179 0.4351 0.0584 0.1785 0.2808 0.0261 0.0211
180 0.3716 0.1501 0.0849 0.0118 0.3774 0.0039
181 0.3713 0.2100 0.1687 0.0314 0.2166 0.0021
182 0.2408 0.1642 0.0758 0.0231 0.4941 0.0018
183 0.5654 0.1909 0.1312 0.0778 0.0237 0.0108
184 0.3196 0.0923 0.1322 0.0131 0.4402 0.0026
185 0.3770 0.1302 0.1880 0.0204 0.2737 0.0109
186 0.3093 0.1270 0.0929 0.2410 0.2194 0.0103
187 0.3088 0.3638 0.2788 0.0299 0.0159 0.0028
188 0.5625 0.0709 0.2554 0.0312 0.0798 0.0004
189 0.1556 0.1632 0.2301 0.0223 0.4102 0.0186
190 0.3181 0.0704 0.1703 0.3232 0.1074 0.0106
191 0.4624 0.1742 0.1324 0.1797 0.0491 0.0022
192 0.6851 0.0632 0.1075 0.0892 0.0508 0.0043
193 0.5391 0.1311 0.1005 0.1261 0.0967 0.0066
194 0.5898 0.0948 0.1771 0.0380 0.0970 0.0031
195 0.5898 0.0632 0.1552 0.0732 0.1180 0.0005
196 0.3196 0.1632 0.3945 0.0944 0.0196 0.0087
197 0.3640 0.3018 0.2881 0.0283 0.0148 0.0031
198 0.0754 0.2532 0.0875 0.3625 0.2002 0.0211
199 0.1963 0.1018 0.0864 0.0906 0.5210 0.0039
200 0.8096 0.0696 0.0370 0.0342 0.0494 0.0005
201 0.3572 0.0778 0.1768 0.0271 0.3572 0.0039
202 0.4836 0.1836 0.2394 0.0564 0.0332 0.0037
203 0.0900 0.2389 0.1449 0.0751 0.4463 0.0050
204 0.1278 0.2642 0.1102 0.0264 0.4675 0.0040
205 0.6519 0.1356 0.0932 0.0848 0.0317 0.0028
206 0.0988 0.1733 0.4326 0.1965 0.0886 0.0103
207 0.4207 0.0854 0.1852 0.2825 0.0206 0.0056
208 0.6743 0.0244 0.1459 0.1144 0.0378 0.0034
209 0.6558 0.1407 0.1241 0.0073 0.0718 0.0002
210 0.0972 0.3845 0.1530 0.3394 0.0224 0.0034
211 0.3352 0.0447 0.4373 0.1376 0.0168 0.0284
212 0.1616 0.0800 0.4392 0.2583 0.0328 0.0281
213 0.0585 0.1719 0.1257 0.5815 0.0111 0.0516
