time exciting_prob fearful_prob tense_prob sad_prob relaxing_prob neutral_prob
0 0.1136 0.1553 0.1349 0.1288 0.0181 0.4492
1 0.1136 0.1553 0.1349 0.1288 0.0181 0.4492
2 0.0908 0.2754 0.2318 0.3269 0.0264 0.0486
3 0.1804 0.1495 0.1044 0.4607 0.0501 0.0550
4 0.1575 0.1306 0.1033 0.4851 0.0503 0.0732
5 0.1338 0.1026 0.0652 0.5635 0.0549 0.0799
6 0.0739 0.0294 0.0500 0.7119 0.0470 0.0878
7 0.0694 0.0229 0.0462 0.7227 0.0524 0.0863
8 0.0760 0.0236 0.0556 0.7329 0.0382 0.0737
9 0.1486 0.0582 0.1292 0.4648 0.0254 0.1737
10 0.1642 0.0463 0.1201 0.4128 0.0585 0.1980
11 0.2028 0.0336 0.0819 0.5957 0.0406 0.0452
12 0.2330 0.0285 0.1050 0.5679 0.0357 0.0296
13 0.2837 0.0425 0.1060 0.4978 0.0442 0.0258
14 0.3167 0.0973 0.0865 0.4001 0.0764 0.0229
15 0.3601 0.1549 0.0749 0.3127 0.0803 0.0171
16 0.3164 0.1802 0.0652 0.3474 0.0751 0.0156
17 0.2791 0.1059 0.0949 0.4458 0.0500 0.0242
18 0.6440 0.0637 0.0219 0.2026 0.0428 0.0252
19 0.8677 0.0145 0.0037 0.0513 0.0609 0.0017
20 0.9473 0.0108 0.0017 0.0286 0.0108 0.0011
21 0.8989 0.0163 0.0015 0.0499 0.0325 0.0007
22 0.8843 0.0172 0.0042 0.0380 0.0557 0.0005
23 0.1571 0.0765 0.1453 0.5654 0.0334 0.0221
24 0.1104 0.1533 0.0959 0.5186 0.0542 0.0675
25 0.1027 0.0764 0.0623 0.5913 0.0663 0.1011
26 0.1674 0.2183 0.0803 0.3599 0.1132 0.0611
27 0.0570 0.0626 0.0128 0.0276 0.8311 0.0091
28 0.0437 0.0455 0.0106 0.0377 0.8511 0.0114
29 0.0295 0.0159 0.0037 0.0228 0.9238 0.0042
30 0.0329 0.0086 0.0034 0.0282 0.9180 0.0087
31 0.0143 0.0081 0.0014 0.0126 0.9575 0.0061
32 0.0056 0.0049 0.0016 0.0062 0.9795 0.0023
33 0.0049 0.0076 0.0013 0.0045 0.9790 0.0026
34 0.2135 0.2698 0.1170 0.1611 0.1049 0.1335
35 0.1766 0.1365 0.1030 0.1851 0.1418 0.2568
36 0.1826 0.2053 0.1676 0.1305 0.1315 0.1826
37 0.1638 0.1857 0.1527 0.2920 0.0532 0.1527
38 0.1815 0.2900 0.2559 0.1481 0.0617 0.0627
39 0.0715 0.0761 0.3254 0.4812 0.0161 0.0296
40 0.0357 0.0445 0.1083 0.3608 0.0352 0.4153
41 0.0502 0.2866 0.3098 0.1487 0.0362 0.1685
42 0.1111 0.4031 0.1775 0.0865 0.0268 0.1949
43 0.1455 0.1782 0.1216 0.1466 0.0749 0.3330
44 0.2482 0.1719 0.1541 0.2386 0.0281 0.1591
45 0.1167 0.0759 0.1570 0.2413 0.0714 0.3376
46 0.0139 0.0074 0.0079 0.0193 0.9365 0.0153
47 0.0837 0.1414 0.0775 0.1307 0.4221 0.1447
48 0.0679 0.0590 0.0384 0.1832 0.5386 0.1129
49 0.1047 0.1583 0.0616 0.1809 0.2434 0.2512
50 0.1779 0.1395 0.1342 0.1908 0.0735 0.2842
51 0.0923 0.1312 0.1105 0.1365 0.0888 0.4407
52 0.1383 0.1450 0.3167 0.1891 0.0144 0.1967
53 0.0981 0.0958 0.0701 0.3044 0.4033 0.0283
54 0.2996 0.0943 0.0501 0.0794 0.4570 0.0196
55 0.2959 0.1177 0.1837 0.2695 0.0725 0.0606
56 0.1252 0.2778 0.0881 0.2778 0.2064 0.0245
57 0.0804 0.1337 0.1010 0.2478 0.0220 0.4150
58 0.0994 0.2329 0.2137 0.1799 0.0500 0.2240
59 0.0660 0.1909 0.1821 0.1375 0.0526 0.3708
60 0.0743 0.0454 0.0454 0.2399 0.0197 0.5752
61 0.0631 0.1798 0.5044 0.2382 0.0085 0.0062
62 0.0383 0.2024 0.1100 0.4932 0.0891 0.0668
63 0.1267 0.2106 0.1101 0.2703 0.1505 0.1317
64 0.1340 0.2773 0.0172 0.0997 0.4502 0.0217
65 0.0739 0.4121 0.0123 0.0481 0.4458 0.0078
66 0.0134 0.0122 0.0038 0.0077 0.9624 0.0004
67 0.0077 0.0035 0.0018 0.0184 0.9658 0.0027
68 0.1560 0.0835 0.1254 0.5361 0.0450 0.0539
69 0.2235 0.1610 0.1056 0.3518 0.1421 0.0161
70 0.0097 0.0044 0.0018 0.0118 0.9712 0.0011
71 0.1267 0.0722 0.0818 0.2123 0.4937 0.0134
72 0.0729 0.0691 0.0131 0.0609 0.7783 0.0057
73 0.0528 0.1033 0.0744 0.3284 0.0065 0.4348
74 0.0438 0.2859 0.0545 0.3289 0.0010 0.2859
75 0.1606 0.0853 0.1498 0.2668 0.0103 0.3271
76 0.0084 0.0044 0.0027 0.0123 0.9663 0.0059
77 0.0150 0.0167 0.0037 0.0075 0.9565 0.0007
78 0.0099 0.0185 0.0031 0.0107 0.9546 0.0034
79 0.0597 0.4341 0.3381 0.0437 0.1015 0.0230
80 0.1705 0.4058 0.2461 0.0722 0.0274 0.0781
81 0.3223 0.2529 0.2080 0.0506 0.0847 0.0815
82 0.0425 0.0734 0.0169 0.0347 0.8276 0.0051
83 0.0448 0.0734 0.0217 0.0384 0.8135 0.0082
84 0.0510 0.0999 0.3433 0.3328 0.1187 0.0543
85 0.0398 0.1179 0.7563 0.0444 0.0234 0.0181
86 0.0622 0.2311 0.3931 0.1423 0.1564 0.0148
87 0.2842 0.3049 0.1968 0.1353 0.0450 0.0339
88 0.3853 0.3452 0.1013 0.0915 0.0419 0.0347
89 0.0173 0.0322 0.0058 0.0327 0.9106 0.0013
90 0.0116 0.0346 0.0053 0.0184 0.9287 0.0012
91 0.0190 0.0246 0.0148 0.0559 0.8809 0.0048
92 0.0166 0.0208 0.0105 0.0761 0.8706 0.0052
93 0.1335 0.5713 0.0810 0.1444 0.0166 0.0531
94 0.0876 0.2874 0.0856 0.2966 0.0389 0.2039
95 0.3721 0.0721 0.1152 0.3232 0.1074 0.0101
96 0.1089 0.0592 0.2004 0.5366 0.0849 0.0101
97 0.2727 0.1257 0.0318 0.2642 0.2444 0.0613
98 0.2834 0.1360 0.0459 0.1639 0.3472 0.0236
99 0.2131 0.1355 0.0261 0.2715 0.3276 0.0263
100 0.6724 0.0291 0.0440 0.1810 0.0503 0.0230
101 0.1979 0.0700 0.1288 0.2747 0.2769 0.0520
102 0.0992 0.0388 0.0606 0.1622 0.5317 0.1072
103 0.2288 0.1838 0.4766 0.0635 0.0295 0.0178
104 0.1508 0.0921 0.5962 0.0706 0.0396 0.0509
105 0.1481 0.2330 0.1602 0.2725 0.0144 0.1719
106 0.1399 0.2573 0.1782 0.2634 0.0472 0.1141
107 0.1425 0.1691 0.3311 0.1516 0.0141 0.1917
108 0.1963 0.4321 0.2260 0.1035 0.0074 0.0349
109 0.1888 0.3447 0.0449 0.3264 0.0133 0.0819
110 0.0643 0.4197 0.0776 0.3762 0.0077 0.0546
111 0.1156 0.3269 0.0649 0.3792 0.0214 0.0922
112 0.4460 0.0632 0.0652 0.3262 0.0497 0.0497
113 0.3760 0.0752 0.0685 0.3142 0.0586 0.1077
114 0.5063 0.0867 0.0460 0.1953 0.0559 0.1096
115 0.1403 0.4221 0.1050 0.1732 0.0191 0.1403
116 0.1766 0.3328 0.0924 0.2148 0.1224 0.0611
117 0.2952 0.3167 0.1321 0.1709 0.0432 0.0419
118 0.2935 0.1272 0.0359 0.4404 0.0319 0.0714
119 0.2083 0.1273 0.0269 0.5278 0.0345 0.0754
120 0.2296 0.3420 0.0775 0.1628 0.0316 0.1566
121 0.0569 0.1186 0.0089 0.1442 0.6665 0.0048
122 0.0392 0.0810 0.0092 0.1124 0.7505 0.0078
123 0.1012 0.3701 0.0696 0.2544 0.0807 0.1240
124 0.1154 0.4973 0.2089 0.0355 0.1199 0.0231
125 0.1364 0.0403 0.0214 0.1644 0.4946 0.1428
126 0.1458 0.0716 0.0721 0.0956 0.2944 0.3208
127 0.1211 0.0988 0.0832 0.1120 0.3586 0.2262
128 0.0906 0.1530 0.4978 0.1604 0.0508 0.0474
129 0.0252 0.0192 0.0083 0.1261 0.8096 0.0116
130 0.0285 0.0249 0.0092 0.0912 0.8389 0.0071
131 0.1368 0.1217 0.0580 0.1960 0.0458 0.4417
132 0.1466 0.2554 0.3833 0.1782 0.0343 0.0022
133 0.0583 0.1637 0.0249 0.1160 0.6274 0.0097
134 0.0292 0.0329 0.0065 0.0155 0.9023 0.0134
135 0.2168 0.0630 0.3926 0.1825 0.0052 0.1399
136 0.1334 0.0875 0.2961 0.0862 0.1355 0.2612
137 0.2061 0.1655 0.1484 0.0866 0.1997 0.1936
138 0.0377 0.1576 0.0156 0.1306 0.6533 0.0051
139 0.2849 0.2634 0.2515 0.1273 0.0351 0.0379
140 0.1302 0.2629 0.2529 0.3027 0.0312 0.0200
141 0.0814 0.1112 0.3142 0.1819 0.0068 0.3047
142 0.0618 0.0700 0.5171 0.1328 0.0091 0.2090
143 0.1865 0.2340 0.1766 0.3569 0.0159 0.0300
144 0.1434 0.3662 0.2808 0.1886 0.0154 0.0054
145 0.1689 0.1562 0.1562 0.3257 0.0263 0.1664
146 0.0818 0.2622 0.1259 0.3584 0.0358 0.1360
147 0.0695 0.5957 0.1554 0.1060 0.0113 0.0618
148 0.1655 0.0638 0.1004 0.4360 0.2092 0.0248
149 0.0992 0.1410 0.3804 0.1561 0.1810 0.0423
150 0.0296 0.3958 0.3662 0.1599 0.0236 0.0249
151 0.0355 0.3337 0.4353 0.1414 0.0438 0.0105
152 0.2114 0.0703 0.1150 0.4407 0.1387 0.0239
153 0.2603 0.1615 0.2157 0.3264 0.0266 0.0096
154 0.0378 0.0538 0.1863 0.6709 0.0221 0.0290
155 0.0428 0.0858 0.0845 0.7529 0.0258 0.0083
156 0.1092 0.2072 0.0182 0.0617 0.5811 0.0225
157 0.0877 0.1266 0.0156 0.0500 0.7061 0.0139
158 0.1104 0.0614 0.0262 0.1937 0.5605 0.0479
159 0.0881 0.1753 0.0178 0.3052 0.4043 0.0093
160 0.1501 0.1133 0.1049 0.3081 0.0249 0.2986
161 0.2028 0.0521 0.0794 0.4429 0.0262 0.1965
162 0.2338 0.3196 0.1737 0.2112 0.0471 0.0148
163 0.0142 0.0066 0.0024 0.0091 0.9639 0.0040
164 0.0571 0.0291 0.1033 0.1287 0.6738 0.0080
165 0.0403 0.0422 0.0674 0.8086 0.0272 0.0144
166 0.0646 0.0437 0.0570 0.7744 0.0296 0.0310
167 0.1592 0.1519 0.4128 0.2427 0.0180 0.0154
168 0.1608 0.0765 0.4438 0.2375 0.0314 0.0498
169 0.1206 0.1151 0.4961 0.2201 0.0232 0.0249
170 0.0767 0.1207 0.5283 0.2615 0.0049 0.0077
171 0.1042 0.1423 0.6484 0.0919 0.0080 0.0053
172 0.1394 0.1862 0.5645 0.0958 0.0079 0.0065
173 0.2620 0.0652 0.2642 0.3472 0.0500 0.0114
174 0.3403 0.1030 0.2590 0.2451 0.0453 0.0072
175 0.2974 0.1094 0.3215 0.2125 0.0542 0.0049
176 0.1371 0.1775 0.3340 0.2444 0.0658 0.0412
177 0.2277 0.1481 0.2277 0.3259 0.0414 0.0292
178 0.1841 0.5244 0.2439 0.0357 0.0083 0.0035
179 0.1541 0.1084 0.1200 0.3997 0.1963 0.0217
180 0.2524 0.1147 0.1581 0.2646 0.1791 0.0309
181 0.2649 0.0697 0.1453 0.3567 0.1071 0.0564
182 0.2998 0.1373 0.2045 0.2335 0.1061 0.0186
183 0.0290 0.0634 0.1203 0.7485 0.0290 0.0095
184 0.0502 0.5400 0.2358 0.1547 0.0141 0.0054
185 0.0794 0.2996 0.1818 0.3848 0.0341 0.0202
186 0.1428 0.1342 0.3823 0.2546 0.0615 0.0244
187 0.1095 0.3975 0.3455 0.0741 0.0634 0.0101
188 0.3074 0.1464 0.1570 0.2979 0.0319 0.0596
189 0.3013 0.1527 0.1827 0.2222 0.0320 0.1091
190 0.3374 0.1509 0.2213 0.1670 0.0311 0.0922
191 0.3562 0.1202 0.1450 0.2585 0.0393 0.0807
192 0.1312 0.2357 0.2510 0.3220 0.0340 0.0262
193 0.0855 0.4734 0.2739 0.1294 0.0327 0.0050
194 0.1368 0.0593 0.1552 0.5249 0.0377 0.0863
195 0.1560 0.0457 0.1064 0.5195 0.0748 0.0976
196 0.0772 0.0420 0.0968 0.6411 0.0687 0.0742
197 0.0546 0.1906 0.0435 0.0782 0.6245 0.0086
198 0.1044 0.3091 0.0409 0.1578 0.3728 0.0150
199 0.0493 0.1288 0.0160 0.1019 0.6958 0.0082
200 0.0489 0.1174 0.0206 0.1036 0.7075 0.0020
201 0.0192 0.0356 0.0066 0.3457 0.5786 0.0143
202 0.0194 0.0362 0.0075 0.0778 0.8496 0.0098
203 0.2712 0.4009 0.0649 0.1582 0.0967 0.0078
204 0.2386 0.3611 0.1084 0.1993 0.0838 0.0087
205 0.2869 0.2323 0.0803 0.1824 0.2098 0.0084
206 0.4045 0.1621 0.0754 0.1768 0.1536 0.0277
207 0.3406 0.3223 0.1030 0.1387 0.0822 0.0134
208 0.3413 0.2700 0.1049 0.1379 0.1207 0.0251
209 0.0493 0.2976 0.1617 0.4609 0.0237 0.0068
210 0.2732 0.4868 0.1764 0.0122 0.0467 0.0047
211 0.0112 0.0397 0.0373 0.1131 0.0015 0.7974
212 0.0965 0.1320 0.0567 0.6099 0.0285 0.0764
213 0.0916 0.4578 0.0569 0.3374 0.0342 0.0223
214 0.1163 0.0170 0.2042 0.1693 0.0034 0.4897
215 0.2211 0.1300 0.0529 0.5098 0.0409 0.0453
216 0.1387 0.1609 0.4993 0.0671 0.1063 0.0277
217 0.1256 0.4282 0.2991 0.0166 0.1108 0.0197
218 0.0957 0.1707 0.0558 0.6191 0.0209 0.0378
219 0.0585 0.1093 0.1278 0.1919 0.4978 0.0147
220 0.0892 0.1339 0.1219 0.1693 0.4324 0.0533
221 0.3137 0.0529 0.2947 0.2260 0.0358 0.0769
222 0.3679 0.1105 0.2510 0.1969 0.0197 0.0543
223 0.0878 0.0585 0.1949 0.4126 0.0072 0.2388
224 0.1920 0.2927 0.0355 0.1555 0.2371 0.0872
225 0.1735 0.0973 0.2192 0.3909 0.0590 0.0600
226 0.1643 0.0718 0.2078 0.3425 0.0542 0.1593
227 0.0289 0.3862 0.1973 0.3628 0.0061 0.0185
228 0.1964 0.1093 0.1874 0.2993 0.0112 0.1964
229 0.1337 0.2988 0.0575 0.0480 0.2256 0.2365
230 0.1810 0.3201 0.0368 0.0454 0.2654 0.1512
231 0.0778 0.0815 0.2715 0.4407 0.0778 0.0510
232 0.1110 0.2522 0.3967 0.1393 0.0372 0.0637
233 0.0643 0.3345 0.1362 0.2159 0.0120 0.2372
234 0.0937 0.0534 0.1750 0.6206 0.0231 0.0342
235 0.0699 0.2639 0.2024 0.4087 0.0047 0.0504
236 0.0886 0.3850 0.3396 0.1655 0.0056 0.0156
237 0.1443 0.2654 0.3252 0.0855 0.0221 0.1572
238 0.1055 0.1987 0.4480 0.0404 0.0698 0.1377
239 0.1199 0.2854 0.2517 0.0824 0.1665 0.0941
240 0.0620 0.3401 0.2450 0.3003 0.0356 0.0171
241 0.1556 0.1279 0.3269 0.2839 0.0224 0.0833
242 0.1772 0.2172 0.3752 0.1858 0.0349 0.0095
243 0.1154 0.2140 0.1075 0.4636 0.0684 0.0311
244 0.0520 0.4597 0.1277 0.1692 0.0386 0.1528
245 0.0962 0.1755 0.0829 0.0579 0.1142 0.4734
246 0.0925 0.1782 0.0305 0.0883 0.0785 0.5322
247 0.0443 0.3513 0.1880 0.1823 0.0945 0.1398
248 0.3418 0.4355 0.0768 0.0793 0.0485 0.0180
249 0.0676 0.0815 0.1595 0.2114 0.0110 0.4690
250 0.0689 0.1035 0.1627 0.2090 0.0064 0.4495
251 0.1475 0.1534 0.1620 0.1954 0.0573 0.2844
252 0.1007 0.1409 0.1344 0.1971 0.0286 0.3982
253 0.0659 0.0973 0.0152 0.3530 0.4395 0.0292
254 0.0724 0.1006 0.0149 0.2213 0.5566 0.0342
255 0.0901 0.3945 0.1261 0.1710 0.0151 0.2031
256 0.1735 0.1351 0.2446 0.3672 0.0369 0.0425
257 0.0767 0.0427 0.0779 0.4556 0.0085 0.3386
258 0.1362 0.5918 0.1037 0.0505 0.0239 0.0937
259 0.2012 0.3342 0.0572 0.2334 0.1519 0.0220
260 0.2047 0.1737 0.3794 0.1385 0.0154 0.0881
261 0.1892 0.2429 0.2795 0.1777 0.0833 0.0273
262 0.3567 0.0258 0.1195 0.3567 0.0288 0.1122
263 0.1256 0.3181 0.2169 0.2136 0.0575 0.0682
264 0.1182 0.0838 0.1425 0.4746 0.0751 0.1059
265 0.3379 0.1896 0.2198 0.1986 0.0382 0.0158
266 0.2305 0.1511 0.4109 0.1852 0.0135 0.0087
267 0.1749 0.0229 0.1450 0.5649 0.0193 0.0729
268 0.3298 0.2932 0.2375 0.1251 0.0062 0.0080
269 0.2781 0.3687 0.2612 0.0671 0.0132 0.0116
270 0.5620 0.1636 0.0925 0.1032 0.0499 0.0287
271 0.3855 0.1176 0.1765 0.2196 0.0502 0.0506
272 0.3352 0.1711 0.1420 0.1851 0.1006 0.0660
273 0.1987 0.1244 0.2937 0.3030 0.0314 0.0487
274 0.2734 0.1071 0.1582 0.3916 0.0436 0.0260
275 0.2627 0.1984 0.2546 0.2247 0.0403 0.0193
276 0.2280 0.0550 0.1111 0.4753 0.0339 0.0966
277 0.1829 0.0377 0.1237 0.5127 0.0524 0.0905
278 0.2771 0.1578 0.0746 0.3240 0.0512 0.1155
279 0.3655 0.2396 0.1647 0.1293 0.0397 0.0611
280 0.4299 0.1658 0.1879 0.1301 0.0356 0.0506
281 0.4592 0.2136 0.2273 0.0804 0.0111 0.0083
282 0.5073 0.0630 0.3540 0.0665 0.0052 0.0040
283 0.3877 0.2244 0.2837 0.0751 0.0123 0.0169
284 0.3237 0.1459 0.2058 0.1816 0.0442 0.0988
285 0.3181 0.1434 0.1306 0.2365 0.0544 0.1171
286 0.2703 0.1381 0.0837 0.3015 0.0662 0.1403
287 0.1752 0.0802 0.1954 0.4011 0.0587 0.0895
288 0.1593 0.1165 0.2014 0.3022 0.0685 0.1520
289 0.1136 0.1553 0.1349 0.1288 0.0181 0.4492
