time exciting_prob fearful_prob tense_prob sad_prob relaxing_prob neutral_prob
0 0.2045 0.2013 0.1520 0.3022 0.0304 0.1095
1 0.9165 0.0120 0.0429 0.0266 0.0015 0.0003
2 0.7588 0.0193 0.1919 0.0184 0.0112 0.0005
3 0.8013 0.0126 0.1307 0.0474 0.0073 0.0010
4 0.9272 0.0083 0.0392 0.0216 0.0030 0.0004
5 0.4697 0.0271 0.1197 0.3279 0.0487 0.0068
6 0.5137 0.0936 0.0618 0.1361 0.1566 0.0381
7 0.3577 0.1152 0.2169 0.1945 0.0637 0.0519
8 0.3481 0.0591 0.2629 0.2549 0.0486 0.0264
9 0.6362 0.0625 0.1186 0.1140 0.0543 0.0146
10 0.4727 0.1956 0.0828 0.1186 0.1252 0.0051
11 0.3291 0.2771 0.1484 0.0859 0.1580 0.0014
12 0.1101 0.4028 0.3784 0.0369 0.0673 0.0046
13 0.1990 0.4734 0.2307 0.0499 0.0454 0.0014
14 0.0830 0.4741 0.2499 0.1237 0.0652 0.0042
15 0.2123 0.3696 0.2622 0.0344 0.1191 0.0024
16 0.3826 0.0665 0.1343 0.3594 0.0235 0.0337
17 0.3572 0.1409 0.1293 0.3127 0.0295 0.0305
18 0.4417 0.0823 0.3604 0.0693 0.0265 0.0199
19 0.3875 0.1774 0.2881 0.0093 0.1371 0.0007
20 0.4636 0.2542 0.1680 0.0108 0.1027 0.0009
21 0.3557 0.1320 0.1137 0.1288 0.2644 0.0054
22 0.4482 0.1410 0.2004 0.0715 0.1377 0.0012
23 0.5269 0.2080 0.1671 0.0223 0.0742 0.0014
24 0.4883 0.1675 0.1782 0.0153 0.1489 0.0017
25 0.5674 0.1931 0.0694 0.0994 0.0434 0.0272
26 0.3916 0.1158 0.1879 0.2163 0.0526 0.0359
27 0.5977 0.0720 0.1794 0.0687 0.0766 0.0055
28 0.5776 0.1299 0.1211 0.0865 0.0706 0.0140
29 0.3472 0.1381 0.2747 0.1947 0.0411 0.0044
30 0.3125 0.0720 0.0640 0.4917 0.0502 0.0096
31 0.3894 0.0382 0.2437 0.2676 0.0527 0.0085
32 0.5210 0.1873 0.1075 0.0355 0.1425 0.0062
33 0.6851 0.1093 0.0972 0.0663 0.0378 0.0043
34 0.5337 0.1119 0.2174 0.0851 0.0459 0.0060
35 0.7412 0.0529 0.0914 0.0775 0.0311 0.0059
36 0.4539 0.2429 0.1833 0.0691 0.0406 0.0100
37 0.7998 0.0536 0.0210 0.0320 0.0897 0.0040
38 0.4207 0.0397 0.1097 0.3599 0.0502 0.0198
39 0.4087 0.0441 0.1434 0.3086 0.0558 0.0395
40 0.5127 0.0488 0.1664 0.2239 0.0386 0.0098
41 0.4634 0.0481 0.1257 0.3064 0.0344 0.0220
42 0.3159 0.3062 0.2423 0.0306 0.0805 0.0244
43 0.0875 0.2654 0.1768 0.0322 0.0205 0.4175
44 0.1259 0.7295 0.1043 0.0168 0.0193 0.0042
45 0.0848 0.6216 0.2286 0.0198 0.0332 0.0119
46 0.8330 0.0524 0.0347 0.0533 0.0174 0.0092
47 0.8130 0.0240 0.0301 0.0971 0.0247 0.0110
48 0.7666 0.0555 0.0665 0.0765 0.0279 0.0073
49 0.2739 0.5000 0.1688 0.0117 0.0365 0.0089
50 0.1569 0.5303 0.2126 0.0372 0.0358 0.0270
51 0.2289 0.5664 0.1082 0.0282 0.0407 0.0273
52 0.0851 0.0448 0.2041 0.4673 0.0399 0.1589
53 0.1754 0.6519 0.1443 0.0107 0.0131 0.0045
54 0.1423 0.3901 0.1539 0.1199 0.0641 0.1296
55 0.1945 0.3521 0.2742 0.0067 0.1650 0.0077
56 0.1089 0.0592 0.2454 0.5034 0.0213 0.0620
57 0.7891 0.0689 0.1201 0.0128 0.0067 0.0026
58 0.2476 0.2020 0.4146 0.0552 0.0540 0.0267
59 0.3591 0.3120 0.1113 0.0132 0.1937 0.0106
60 0.4495 0.0899 0.2856 0.0648 0.0806 0.0296
61 0.0545 0.2156 0.6851 0.0222 0.0143 0.0080
62 0.4785 0.3113 0.1350 0.0125 0.0481 0.0147
63 0.1432 0.5933 0.1334 0.0045 0.1244 0.0011
64 0.1473 0.4399 0.4004 0.0055 0.0060 0.0008
65 0.2495 0.4736 0.1974 0.0202 0.0523 0.0069
66 0.2808 0.4741 0.1050 0.0267 0.0948 0.0185
67 0.0514 0.2798 0.2690 0.2527 0.0097 0.1375
68 0.1987 0.4016 0.2983 0.0666 0.0228 0.0118
69 0.0413 0.2096 0.2910 0.0543 0.0124 0.3916
70 0.1021 0.1406 0.4436 0.1311 0.0115 0.1710
71 0.0924 0.4919 0.3892 0.0078 0.0135 0.0053
72 0.1019 0.6094 0.2502 0.0180 0.0107 0.0096
73 0.2805 0.2595 0.1455 0.1335 0.0883 0.0925
74 0.1021 0.3452 0.1593 0.2178 0.0273 0.1484
75 0.3186 0.3813 0.2173 0.0191 0.0442 0.0194
76 0.0351 0.3743 0.4241 0.0468 0.0961 0.0236
77 0.2693 0.2800 0.2888 0.0388 0.0748 0.0483
78 0.2407 0.1329 0.2369 0.1182 0.2028 0.0684
79 0.2118 0.1207 0.2534 0.1478 0.1090 0.1573
80 0.0254 0.6016 0.3591 0.0048 0.0088 0.0003
81 0.1516 0.4634 0.3064 0.0386 0.0308 0.0091
82 0.1037 0.6206 0.2283 0.0183 0.0228 0.0064
83 0.1155 0.5098 0.2297 0.0740 0.0482 0.0231
84 0.2791 0.1653 0.2520 0.0399 0.1858 0.0781
85 0.1666 0.1993 0.2947 0.0567 0.1403 0.1425
86 0.3293 0.1936 0.2029 0.0361 0.1270 0.1111
87 0.2384 0.4419 0.1564 0.0107 0.1171 0.0357
88 0.1389 0.5713 0.2617 0.0036 0.0229 0.0016
89 0.2368 0.3418 0.1154 0.2260 0.0415 0.0387
90 0.2937 0.3406 0.2288 0.0640 0.0191 0.0539
91 0.4580 0.3738 0.1006 0.0235 0.0319 0.0123
92 0.1327 0.2788 0.5586 0.0148 0.0136 0.0015
93 0.1908 0.5698 0.1332 0.0436 0.0293 0.0334
94 0.1172 0.7412 0.1093 0.0077 0.0205 0.0041
95 0.5337 0.1746 0.0892 0.0585 0.1392 0.0049
96 0.4451 0.0804 0.1885 0.1855 0.0303 0.0704
97 0.1053 0.3508 0.5352 0.0065 0.0017 0.0007
98 0.1523 0.0543 0.1442 0.3125 0.0875 0.2491
99 0.1559 0.4075 0.2510 0.0260 0.0446 0.1149
100 0.2382 0.2595 0.3491 0.0380 0.0276 0.0876
101 0.3022 0.2013 0.2952 0.0643 0.0629 0.0740
102 0.2581 0.3340 0.2947 0.0184 0.0706 0.0246
103 0.0973 0.6597 0.2263 0.0022 0.0096 0.0048
104 0.3071 0.3025 0.3481 0.0158 0.0157 0.0108
105 0.1216 0.6626 0.1637 0.0206 0.0199 0.0115
106 0.1584 0.1511 0.3433 0.0828 0.0226 0.2416
107 0.1813 0.3899 0.2700 0.0202 0.0261 0.1125
108 0.2886 0.2754 0.2649 0.0482 0.0468 0.0759
109 0.3623 0.1571 0.1633 0.1038 0.0861 0.1272
110 0.1611 0.5942 0.2118 0.0101 0.0145 0.0083
111 0.2854 0.2188 0.3013 0.0392 0.0536 0.1017
112 0.2499 0.3608 0.3086 0.0303 0.0267 0.0238
113 0.1814 0.5288 0.2620 0.0048 0.0154 0.0075
114 0.1855 0.4556 0.2054 0.0636 0.0251 0.0646
115 0.2729 0.3044 0.3616 0.0116 0.0125 0.0369
116 0.2072 0.4561 0.3110 0.0052 0.0161 0.0046
117 0.2485 0.3879 0.2905 0.0355 0.0226 0.0150
118 0.2854 0.3062 0.3015 0.0459 0.0249 0.0363
119 0.2686 0.3367 0.3066 0.0467 0.0115 0.0301
120 0.1785 0.3523 0.4282 0.0058 0.0082 0.0269
121 0.1395 0.6060 0.2410 0.0044 0.0050 0.0042
122 0.3633 0.4348 0.1091 0.0588 0.0139 0.0202
123 0.2932 0.1251 0.3647 0.0373 0.0432 0.1364
124 0.2256 0.1930 0.1562 0.0744 0.0120 0.3386
125 0.1946 0.4739 0.2659 0.0083 0.0142 0.0431
126 0.2842 0.2798 0.2976 0.0724 0.0190 0.0471
127 0.2118 0.2871 0.3081 0.1235 0.0087 0.0607
128 0.0903 0.5571 0.2891 0.0239 0.0353 0.0043
129 0.3191 0.2859 0.2262 0.1249 0.0228 0.0210
130 0.2061 0.2390 0.3369 0.0199 0.0807 0.1174
131 0.2474 0.2379 0.3354 0.0552 0.0263 0.0977
132 0.3064 0.1602 0.2241 0.0751 0.0739 0.1602
133 0.1192 0.6543 0.2125 0.0038 0.0050 0.0050
134 0.1829 0.4492 0.3391 0.0044 0.0213 0.0032
135 0.1409 0.3250 0.3569 0.0655 0.0249 0.0868
136 0.2830 0.2744 0.3284 0.0804 0.0166 0.0173
137 0.1060 0.6196 0.2502 0.0084 0.0139 0.0020
138 0.1489 0.4343 0.3804 0.0251 0.0089 0.0023
139 0.1305 0.1599 0.1274 0.2457 0.0282 0.3081
140 0.1951 0.0277 0.2837 0.3020 0.0220 0.1694
141 0.1906 0.6704 0.1289 0.0033 0.0060 0.0009
142 0.1918 0.4976 0.2812 0.0072 0.0201 0.0021
143 0.0590 0.2603 0.6543 0.0088 0.0102 0.0072
144 0.1034 0.2661 0.5815 0.0057 0.0155 0.0278
145 0.1959 0.2615 0.4963 0.0136 0.0218 0.0106
146 0.1025 0.2365 0.5898 0.0234 0.0308 0.0170
147 0.1757 0.0904 0.3896 0.0349 0.0417 0.2678
148 0.3286 0.3311 0.2744 0.0100 0.0540 0.0019
149 0.0740 0.3342 0.5732 0.0034 0.0139 0.0013
150 0.1293 0.2913 0.4478 0.0340 0.0181 0.0797
151 0.1287 0.1857 0.5547 0.0405 0.0202 0.0705
152 0.0942 0.1163 0.4255 0.2791 0.0250 0.0599
153 0.0452 0.4531 0.4192 0.0653 0.0150 0.0022
154 0.1031 0.4307 0.3801 0.0611 0.0176 0.0072
155 0.2107 0.2727 0.3669 0.0205 0.0294 0.0995
156 0.2201 0.3801 0.2717 0.0368 0.0241 0.0671
157 0.1420 0.4768 0.3655 0.0095 0.0031 0.0032
158 0.1921 0.3372 0.4297 0.0198 0.0171 0.0041
159 0.2321 0.4875 0.2375 0.0254 0.0073 0.0100
160 0.0680 0.6655 0.2373 0.0231 0.0052 0.0006
161 0.1068 0.4863 0.3188 0.0513 0.0323 0.0042
162 0.0286 0.7544 0.1175 0.0959 0.0032 0.0003
163 0.1672 0.4138 0.3623 0.0277 0.0226 0.0064
164 0.0629 0.5776 0.2372 0.0160 0.0758 0.0304
165 0.1729 0.5161 0.1743 0.1024 0.0160 0.0182
166 0.1982 0.2605 0.1819 0.1805 0.1384 0.0403
167 0.1102 0.4678 0.1543 0.0179 0.2465 0.0035
168 0.0375 0.4944 0.1819 0.0432 0.2281 0.0149
169 0.1586 0.1016 0.3574 0.1537 0.1489 0.0798
170 0.1322 0.3350 0.3826 0.0188 0.0114 0.1204
171 0.5498 0.0774 0.1144 0.0484 0.0328 0.1771
172 0.4788 0.1383 0.2563 0.0740 0.0180 0.0347
173 0.1747 0.4602 0.3262 0.0119 0.0137 0.0135
174 0.2644 0.3699 0.2749 0.0387 0.0119 0.0405
175 0.2145 0.5024 0.2319 0.0147 0.0162 0.0201
176 0.1180 0.2292 0.5898 0.0317 0.0148 0.0165
177 0.3179 0.2134 0.3228 0.0579 0.0503 0.0377
178 0.0980 0.3816 0.3938 0.0344 0.0474 0.0449
179 0.0509 0.4133 0.4910 0.0105 0.0085 0.0256
180 0.1097 0.2098 0.3889 0.0400 0.0367 0.2148
181 0.1693 0.1816 0.5596 0.0087 0.0306 0.0500
182 0.1019 0.1859 0.6338 0.0256 0.0062 0.0466
183 0.1581 0.4907 0.3245 0.0164 0.0077 0.0025
184 0.2460 0.3931 0.3083 0.0280 0.0232 0.0014
185 0.1070 0.3096 0.5024 0.0460 0.0084 0.0262
186 0.1510 0.2080 0.4951 0.0221 0.0256 0.0983
187 0.2408 0.2390 0.4431 0.0226 0.0262 0.0283
188 0.3806 0.1501 0.2037 0.2477 0.0093 0.0086
189 0.2311 0.5996 0.1002 0.0234 0.0377 0.0080
190 0.2430 0.3591 0.3245 0.0356 0.0182 0.0195
191 0.2198 0.4580 0.2693 0.0245 0.0084 0.0200
192 0.2620 0.4153 0.2312 0.0229 0.0608 0.0078
193 0.1027 0.5864 0.2708 0.0074 0.0268 0.0057
194 0.1241 0.6206 0.2161 0.0066 0.0286 0.0041
195 0.1364 0.2932 0.3884 0.0494 0.0464 0.0860
196 0.1163 0.2993 0.5420 0.0079 0.0199 0.0143
197 0.1243 0.2081 0.5068 0.0376 0.0370 0.0861
198 0.2150 0.1216 0.3923 0.0803 0.0284 0.1624
199 0.1041 0.5537 0.2537 0.0431 0.0437 0.0017
200 0.1064 0.3459 0.5034 0.0241 0.0183 0.0017
201 0.0339 0.0794 0.3164 0.0435 0.0288 0.4980
202 0.3340 0.2539 0.1493 0.0956 0.0344 0.1328
203 0.1516 0.3040 0.4526 0.0128 0.0333 0.0455
204 0.5928 0.0670 0.1006 0.0640 0.0138 0.1620
205 0.1305 0.3330 0.3330 0.0715 0.0211 0.1107
206 0.2329 0.2944 0.4087 0.0280 0.0122 0.0238
207 0.3901 0.1653 0.2367 0.0728 0.0438 0.0912
208 0.3452 0.2668 0.1508 0.0936 0.0712 0.0724
209 0.2021 0.3748 0.3577 0.0253 0.0300 0.0101
210 0.0536 0.6138 0.1758 0.0257 0.1266 0.0046
211 0.0482 0.3403 0.5698 0.0135 0.0130 0.0153
212 0.0454 0.3379 0.5659 0.0143 0.0057 0.0309
213 0.0321 0.2283 0.7031 0.0102 0.0049 0.0212
214 0.1395 0.6108 0.1953 0.0075 0.0432 0.0033
215 0.1193 0.5918 0.1656 0.0179 0.0944 0.0108
216 0.0775 0.4253 0.4597 0.0213 0.0087 0.0075
217 0.0984 0.2269 0.6567 0.0035 0.0124 0.0019
218 0.0756 0.1829 0.3901 0.0217 0.0212 0.3086
219 0.2566 0.2300 0.3193 0.0820 0.0690 0.0432
220 0.1172 0.1653 0.3843 0.1844 0.0402 0.1084
221 0.3320 0.3398 0.2410 0.0551 0.0093 0.0229
222 0.0806 0.5469 0.1761 0.1192 0.0501 0.0270
223 0.1892 0.3972 0.2094 0.1428 0.0292 0.0321
224 0.1787 0.5293 0.2139 0.0116 0.0562 0.0101
225 0.1421 0.5156 0.2717 0.0046 0.0656 0.0004
226 0.1863 0.4365 0.2144 0.0151 0.1261 0.0217
227 0.1898 0.4482 0.2185 0.0094 0.1197 0.0144
228 0.1661 0.3601 0.3354 0.0152 0.0709 0.0523
229 0.1208 0.3037 0.3579 0.0078 0.2087 0.0012
230 0.1050 0.1732 0.3040 0.0864 0.3186 0.0128
231 0.1155 0.2791 0.3066 0.0481 0.2369 0.0137
232 0.1093 0.4026 0.4089 0.0289 0.0057 0.0445
233 0.1837 0.3740 0.2130 0.0565 0.0171 0.1559
234 0.1924 0.3765 0.1062 0.1396 0.1646 0.0208
235 0.3191 0.2666 0.1508 0.1146 0.1438 0.0052
236 0.1613 0.3335 0.2681 0.0051 0.2310 0.0012
237 0.0925 0.4885 0.1040 0.0401 0.2634 0.0115
238 0.1060 0.2708 0.4260 0.1694 0.0254 0.0025
239 0.2859 0.2042 0.1803 0.1173 0.0080 0.2042
240 0.2223 0.2461 0.2766 0.1135 0.0127 0.1287
241 0.0396 0.1165 0.2028 0.0186 0.6196 0.0029
242 0.0564 0.1683 0.1982 0.0201 0.5474 0.0095
243 0.1166 0.2212 0.4539 0.0887 0.1147 0.0049
244 0.1614 0.1873 0.2639 0.0857 0.2559 0.0459
245 0.2003 0.1782 0.3176 0.1304 0.0315 0.1421
246 0.2544 0.2544 0.0568 0.1211 0.0706 0.2427
247 0.1117 0.4021 0.3230 0.0651 0.0970 0.0009
248 0.1931 0.1349 0.1962 0.3040 0.1653 0.0066
249 0.2473 0.1973 0.1432 0.1700 0.2361 0.0062
250 0.3230 0.2457 0.2086 0.0162 0.2053 0.0011
251 0.1528 0.1732 0.4060 0.1011 0.1641 0.0029
252 0.0282 0.6982 0.1396 0.1158 0.0101 0.0082
253 0.0366 0.5015 0.3611 0.0851 0.0095 0.0064
254 0.0620 0.2507 0.1396 0.0078 0.5396 0.0003
255 0.0605 0.2467 0.1279 0.0172 0.5474 0.0005
256 0.1321 0.3882 0.2247 0.1021 0.1473 0.0054
257 0.1136 0.2769 0.3445 0.1787 0.0678 0.0185
258 0.1588 0.1976 0.3870 0.1771 0.0688 0.0106
259 0.1282 0.1510 0.1823 0.0164 0.5190 0.0030
260 0.1965 0.0936 0.1761 0.0170 0.5098 0.0071
261 0.1132 0.5659 0.2715 0.0079 0.0362 0.0055
262 0.1940 0.2233 0.3652 0.1344 0.0065 0.0765
263 0.3108 0.3308 0.1855 0.0823 0.0051 0.0856
264 0.2186 0.4280 0.1503 0.0476 0.0029 0.1526
265 0.1927 0.2917 0.2534 0.0816 0.0036 0.1769
266 0.2739 0.3330 0.0862 0.0749 0.0046 0.2272
267 0.1154 0.2041 0.1200 0.0074 0.5503 0.0028
268 0.1545 0.2549 0.1122 0.0102 0.4648 0.0034
269 0.1898 0.1410 0.0641 0.0101 0.5938 0.0011
270 0.0807 0.3672 0.5098 0.0140 0.0180 0.0103
271 0.0923 0.4338 0.4043 0.0103 0.0348 0.0243
272 0.1378 0.3958 0.4180 0.0096 0.0239 0.0151
273 0.0577 0.4167 0.5024 0.0094 0.0091 0.0045
274 0.0836 0.5083 0.3281 0.0499 0.0132 0.0171
275 0.0646 0.4927 0.3838 0.0310 0.0230 0.0048
276 0.0180 0.5605 0.2162 0.2000 0.0035 0.0016
277 0.0273 0.5117 0.4175 0.0322 0.0065 0.0047
278 0.0735 0.6304 0.2391 0.0321 0.0198 0.0052
279 0.1465 0.4954 0.2358 0.0069 0.1097 0.0058
280 0.1523 0.5791 0.2098 0.0047 0.0518 0.0021
281 0.1479 0.6089 0.1515 0.0094 0.0798 0.0026
282 0.1444 0.4810 0.1444 0.0420 0.1840 0.0041
283 0.0509 0.6157 0.3145 0.0120 0.0065 0.0007
284 0.0456 0.7129 0.2191 0.0106 0.0107 0.0013
285 0.2247 0.2319 0.1545 0.0573 0.3271 0.0045
286 0.0776 0.6343 0.1630 0.0893 0.0198 0.0161
287 0.0676 0.7671 0.1262 0.0147 0.0218 0.0025
288 0.1318 0.5776 0.1361 0.0972 0.0326 0.0248
289 0.1831 0.3613 0.1628 0.0173 0.2727 0.0027
290 0.0743 0.0954 0.0767 0.0210 0.7275 0.0051
291 0.0706 0.0706 0.0851 0.0081 0.7646 0.0011
292 0.2223 0.1075 0.1814 0.4419 0.0128 0.0341
293 0.2128 0.3320 0.3145 0.1021 0.0214 0.0173
294 0.0969 0.0526 0.0790 0.1740 0.5615 0.0359
295 0.0482 0.0938 0.3765 0.0260 0.4473 0.0083
296 0.1881 0.5273 0.2148 0.0286 0.0094 0.0314
297 0.2166 0.3127 0.3684 0.0370 0.0083 0.0569
298 0.1523 0.1313 0.2915 0.0286 0.0420 0.3542
299 0.0815 0.6069 0.2532 0.0228 0.0300 0.0055
300 0.1284 0.5801 0.2052 0.0322 0.0410 0.0132
301 0.1273 0.5361 0.1500 0.1410 0.0312 0.0143
302 0.3640 0.1128 0.0988 0.1259 0.0082 0.2903
303 0.0677 0.1117 0.2556 0.0146 0.5498 0.0006
304 0.1204 0.2048 0.1924 0.2588 0.0615 0.1620
305 0.2637 0.3179 0.0767 0.0626 0.0238 0.2554
306 0.1415 0.5820 0.1483 0.0118 0.0065 0.1102
307 0.2107 0.4224 0.0800 0.0341 0.0141 0.2388
308 0.0207 0.5605 0.3975 0.0123 0.0016 0.0073
309 0.2676 0.3894 0.0407 0.0420 0.0110 0.2494
310 0.1985 0.5698 0.1311 0.0136 0.0337 0.0534
311 0.0332 0.7495 0.2050 0.0039 0.0056 0.0028
312 0.1295 0.6895 0.0715 0.0127 0.0721 0.0247
313 0.0653 0.6855 0.1693 0.0648 0.0028 0.0123
314 0.0791 0.6938 0.1622 0.0433 0.0039 0.0175
315 0.0817 0.6328 0.1827 0.0792 0.0037 0.0199
316 0.1317 0.4526 0.0662 0.1541 0.1873 0.0080
317 0.0872 0.4500 0.1249 0.2352 0.0981 0.0046
318 0.0883 0.1854 0.0583 0.4312 0.2101 0.0269
319 0.1022 0.4272 0.1323 0.2612 0.0660 0.0110
320 0.0839 0.5469 0.0669 0.2299 0.0669 0.0055
321 0.0781 0.4355 0.1154 0.2993 0.0679 0.0037
322 0.0530 0.0522 0.1214 0.4373 0.1511 0.1851
323 0.1136 0.1553 0.1349 0.1288 0.0181 0.4492
324 0.1136 0.1553 0.1349 0.1288 0.0181 0.4492
325 0.1136 0.1553 0.1349 0.1288 0.0181 0.4492
326 0.4414 0.2637 0.1433 0.0823 0.0273 0.0420
327 0.5542 0.2744 0.1338 0.0113 0.0236 0.0025
328 0.6201 0.2352 0.1129 0.0081 0.0224 0.0014
329 0.6431 0.2222 0.1002 0.0106 0.0229 0.0013
330 0.6528 0.2152 0.0986 0.0077 0.0247 0.0010
331 0.6528 0.2188 0.0956 0.0081 0.0236 0.0009
332 0.5835 0.2394 0.1364 0.0150 0.0230 0.0029
333 0.4939 0.2644 0.1733 0.0308 0.0283 0.0093
334 0.4773 0.2053 0.1479 0.1033 0.0263 0.0398
