time exciting_prob fearful_prob tense_prob sad_prob relaxing_prob neutral_prob
0 0.1136 0.1553 0.1349 0.1288 0.0181 0.4492
1 0.1136 0.1553 0.1349 0.1288 0.0181 0.4492
2 0.1136 0.1553 0.1349 0.1288 0.0181 0.4492
3 0.0743 0.5034 0.1387 0.2166 0.0656 0.0014
4 0.0306 0.0679 0.7300 0.1655 0.0015 0.0043
5 0.1472 0.3506 0.0529 0.4163 0.0262 0.0070
6 0.1490 0.5122 0.0602 0.2344 0.0392 0.0053
7 0.1062 0.6870 0.0457 0.1428 0.0138 0.0045
8 0.2006 0.4592 0.1990 0.0451 0.0904 0.0058
9 0.3440 0.3494 0.1326 0.0427 0.1217 0.0098
10 0.2734 0.4041 0.1364 0.0649 0.1167 0.0046
11 0.1245 0.5801 0.1914 0.0773 0.0227 0.0038
12 0.1084 0.1932 0.1119 0.2969 0.0722 0.2173
13 0.0891 0.0404 0.1914 0.3989 0.1189 0.1613
14 0.0730 0.0342 0.2629 0.4402 0.0801 0.1096
15 0.1118 0.3286 0.3723 0.0898 0.0438 0.0536
16 0.1379 0.1841 0.1960 0.2478 0.1730 0.0612
17 0.1633 0.2632 0.1323 0.2632 0.1583 0.0198
18 0.1748 0.1748 0.2245 0.2092 0.2141 0.0026
19 0.1116 0.2742 0.2830 0.2382 0.0890 0.0040
20 0.0768 0.5815 0.1381 0.1802 0.0215 0.0019
21 0.0645 0.6167 0.2305 0.0671 0.0178 0.0036
22 0.2500 0.3367 0.1830 0.1154 0.1003 0.0147
23 0.0749 0.1294 0.1610 0.5444 0.0370 0.0531
24 0.1343 0.3823 0.2690 0.1606 0.0381 0.0155
25 0.1667 0.5820 0.1036 0.0872 0.0422 0.0181
26 0.1677 0.2205 0.5127 0.0424 0.0544 0.0022
27 0.0551 0.1672 0.7378 0.0113 0.0252 0.0034
28 0.2927 0.2666 0.1567 0.1519 0.1221 0.0099
29 0.1084 0.7295 0.0706 0.0213 0.0689 0.0015
30 0.0724 0.7427 0.0605 0.0422 0.0820 0.0003
31 0.1343 0.5068 0.2842 0.0376 0.0342 0.0028
32 0.3423 0.4607 0.0712 0.0393 0.0833 0.0033
33 0.4067 0.3069 0.0833 0.0326 0.1682 0.0022
34 0.1170 0.7339 0.0548 0.0146 0.0786 0.0010
35 0.1788 0.6748 0.0323 0.0235 0.0892 0.0011
36 0.1997 0.4790 0.0586 0.0619 0.1997 0.0012
37 0.2546 0.1683 0.1864 0.1953 0.1923 0.0029
38 0.1655 0.7021 0.0240 0.0297 0.0770 0.0017
39 0.3401 0.1620 0.1765 0.2338 0.0759 0.0116
40 0.1040 0.2344 0.1008 0.5039 0.0454 0.0112
41 0.0598 0.0798 0.0515 0.7812 0.0211 0.0066
42 0.0038 0.0247 0.0120 0.9551 0.0008 0.0036
43 0.1111 0.6548 0.0493 0.1394 0.0406 0.0050
44 0.1473 0.5649 0.0759 0.0443 0.1644 0.0032
45 0.0693 0.6885 0.1016 0.0451 0.0917 0.0038
46 0.0786 0.1573 0.0265 0.6729 0.0579 0.0066
47 0.2290 0.5200 0.0911 0.0856 0.0704 0.0039
48 0.3252 0.3152 0.2473 0.0611 0.0499 0.0016
49 0.4573 0.3452 0.0712 0.0311 0.0922 0.0030
50 0.2443 0.3813 0.1732 0.1602 0.0336 0.0074
51 0.2561 0.2947 0.3088 0.0717 0.0520 0.0165
52 0.1295 0.1216 0.0507 0.5200 0.1295 0.0484
53 0.0884 0.5542 0.0392 0.2578 0.0575 0.0025
54 0.0702 0.7432 0.0551 0.0337 0.0975 0.0006
55 0.0703 0.6885 0.0855 0.1215 0.0330 0.0014
56 0.1004 0.6968 0.0839 0.0509 0.0674 0.0007
57 0.0555 0.2430 0.0198 0.6455 0.0302 0.0061
58 0.0588 0.8374 0.0243 0.0247 0.0540 0.0008
59 0.1176 0.5269 0.0573 0.2712 0.0228 0.0044
60 0.1357 0.4629 0.0380 0.3132 0.0441 0.0060
61 0.1605 0.1310 0.3093 0.2563 0.1212 0.0217
62 0.1537 0.1490 0.2101 0.3574 0.0593 0.0704
63 0.5190 0.2413 0.1195 0.0260 0.0681 0.0260
64 0.3008 0.2825 0.1187 0.1196 0.1224 0.0561
65 0.0476 0.2474 0.0671 0.4844 0.1477 0.0057
66 0.0552 0.1151 0.7505 0.0597 0.0100 0.0092
67 0.2354 0.4294 0.1052 0.1721 0.0505 0.0074
68 0.4531 0.3240 0.0886 0.1102 0.0140 0.0102
69 0.2260 0.2295 0.3528 0.0934 0.0806 0.0178
70 0.0617 0.0458 0.1033 0.6948 0.0325 0.0617
71 0.0626 0.2360 0.2847 0.3489 0.0119 0.0561
72 0.0896 0.0656 0.3489 0.4551 0.0320 0.0091
73 0.0866 0.7080 0.0989 0.0894 0.0145 0.0025
74 0.0809 0.6465 0.0854 0.1647 0.0197 0.0030
75 0.2644 0.2971 0.0757 0.1667 0.1904 0.0057
76 0.1096 0.5923 0.0639 0.2063 0.0195 0.0083
77 0.1243 0.6670 0.0491 0.1365 0.0204 0.0029
78 0.0587 0.1821 0.0382 0.6714 0.0337 0.0157
79 0.1438 0.6807 0.0599 0.0712 0.0399 0.0047
80 0.2146 0.6714 0.0502 0.0337 0.0271 0.0029
81 0.1226 0.7334 0.0656 0.0280 0.0491 0.0014
82 0.0312 0.0515 0.2871 0.5801 0.0063 0.0440
83 0.0507 0.0693 0.2496 0.5713 0.0317 0.0271
84 0.0643 0.0928 0.3967 0.3906 0.0081 0.0474
85 0.4717 0.2585 0.1776 0.0789 0.0102 0.0032
86 0.1147 0.4397 0.0685 0.3167 0.0559 0.0045
87 0.3174 0.3149 0.1851 0.1071 0.0502 0.0254
88 0.0446 0.0770 0.2372 0.5601 0.0258 0.0555
89 0.4961 0.0961 0.0374 0.3435 0.0131 0.0137
90 0.0463 0.3069 0.2428 0.2883 0.0674 0.0482
91 0.1499 0.7554 0.0345 0.0410 0.0166 0.0028
92 0.5537 0.1958 0.1537 0.0785 0.0070 0.0114
93 0.2561 0.2812 0.2727 0.1191 0.0428 0.0279
94 0.1154 0.3962 0.1564 0.2277 0.0728 0.0315
95 0.2622 0.1075 0.2041 0.3640 0.0387 0.0236
96 0.2158 0.1394 0.2125 0.2563 0.1604 0.0156
97 0.0597 0.1263 0.2115 0.4275 0.1410 0.0340
98 0.2156 0.1665 0.4387 0.0389 0.1349 0.0053
99 0.4849 0.2086 0.2363 0.0298 0.0305 0.0098
100 0.0576 0.4709 0.1328 0.3162 0.0193 0.0031
101 0.0884 0.0688 0.0557 0.7515 0.0175 0.0181
102 0.1208 0.2920 0.2054 0.3579 0.0208 0.0030
103 0.0682 0.6836 0.1399 0.0954 0.0118 0.0013
104 0.1842 0.5049 0.1930 0.0744 0.0428 0.0009
105 0.0455 0.6479 0.1412 0.1401 0.0220 0.0030
106 0.1226 0.3748 0.1082 0.3926 0.0018 0.0002
107 0.1187 0.1098 0.1455 0.6030 0.0065 0.0166
108 0.0618 0.1004 0.1394 0.6968 0.0006 0.0011
109 0.1754 0.2117 0.1455 0.4658 0.0009 0.0006
110 0.3579 0.4087 0.1842 0.0220 0.0205 0.0065
111 0.1469 0.2365 0.3440 0.2103 0.0431 0.0193
112 0.0199 0.8008 0.0632 0.1083 0.0065 0.0013
113 0.0977 0.4377 0.0616 0.3687 0.0307 0.0034
114 0.0622 0.3933 0.0799 0.4526 0.0066 0.0056
115 0.0753 0.3591 0.0959 0.4612 0.0055 0.0030
116 0.0698 0.0749 0.0743 0.7217 0.0239 0.0356
117 0.4067 0.2544 0.2410 0.0375 0.0505 0.0099
118 0.1748 0.4429 0.0452 0.2793 0.0467 0.0113
119 0.0446 0.5645 0.1004 0.2108 0.0147 0.0653
120 0.2292 0.3550 0.1218 0.2559 0.0065 0.0318
121 0.1682 0.5098 0.2013 0.1020 0.0134 0.0052
122 0.4204 0.2268 0.0953 0.2065 0.0351 0.0159
123 0.0302 0.0273 0.0596 0.8750 0.0047 0.0031
124 0.0522 0.0440 0.0640 0.8306 0.0038 0.0056
125 0.0773 0.1990 0.1990 0.5161 0.0017 0.0067
126 0.1581 0.3821 0.1520 0.3000 0.0011 0.0067
127 0.2362 0.5664 0.1024 0.0287 0.0656 0.0005
128 0.1025 0.5542 0.1227 0.1962 0.0199 0.0043
129 0.0629 0.7607 0.0960 0.0510 0.0277 0.0014
130 0.1935 0.1361 0.3345 0.2583 0.0326 0.0449
131 0.3384 0.2827 0.1884 0.1400 0.0349 0.0157
132 0.1362 0.3372 0.2177 0.2729 0.0285 0.0073
133 0.0976 0.4546 0.1293 0.0216 0.2935 0.0033
134 0.0721 0.3110 0.1436 0.4121 0.0524 0.0090
135 0.1852 0.4841 0.0784 0.1454 0.0984 0.0085
136 0.1262 0.5312 0.2510 0.0345 0.0551 0.0021
137 0.1964 0.1775 0.1361 0.4031 0.0764 0.0105
138 0.1051 0.3237 0.2296 0.2686 0.0594 0.0136
139 0.2500 0.3904 0.1287 0.1653 0.0492 0.0164
140 0.1790 0.3291 0.2625 0.1790 0.0381 0.0124
141 0.2915 0.4480 0.0398 0.1598 0.0327 0.0282
142 0.0595 0.0729 0.2245 0.6006 0.0237 0.0187
143 0.1151 0.3228 0.0932 0.4551 0.0046 0.0092
144 0.1801 0.5952 0.0684 0.1436 0.0076 0.0053
145 0.1295 0.4417 0.0756 0.3284 0.0225 0.0023
146 0.1772 0.5293 0.1815 0.0844 0.0246 0.0029
147 0.0345 0.2078 0.1473 0.5391 0.0605 0.0110
148 0.0815 0.0534 0.0397 0.6714 0.0087 0.1453
149 0.1512 0.3079 0.0205 0.4478 0.0171 0.0556
150 0.0485 0.0463 0.0865 0.6699 0.0172 0.1318
151 0.0403 0.0288 0.1340 0.6104 0.0118 0.1748
152 0.1432 0.5801 0.1455 0.1089 0.0168 0.0056
153 0.0588 0.4243 0.0395 0.4177 0.0561 0.0038
154 0.1290 0.3853 0.0364 0.3853 0.0595 0.0045
155 0.1525 0.7046 0.0232 0.0592 0.0561 0.0043
156 0.1230 0.6548 0.0735 0.0718 0.0634 0.0136
157 0.1710 0.3245 0.1021 0.2908 0.0250 0.0867
158 0.2458 0.4966 0.1108 0.0617 0.0823 0.0026
159 0.1043 0.5908 0.0466 0.2208 0.0336 0.0039
160 0.1248 0.4934 0.1257 0.1653 0.0878 0.0029
161 0.0734 0.1846 0.0594 0.6440 0.0190 0.0195
162 0.1482 0.5337 0.0390 0.2444 0.0299 0.0046
163 0.0212 0.4163 0.0859 0.4573 0.0160 0.0032
164 0.3992 0.3931 0.0877 0.0933 0.0144 0.0123
165 0.1490 0.1854 0.1143 0.5366 0.0039 0.0109
166 0.0151 0.2095 0.0680 0.6978 0.0056 0.0042
167 0.2615 0.4246 0.0598 0.1943 0.0407 0.0191
168 0.0058 0.2595 0.0476 0.6836 0.0020 0.0016
169 0.1345 0.5449 0.0583 0.2202 0.0383 0.0038
170 0.1554 0.1628 0.2603 0.2444 0.1680 0.0093
171 0.1106 0.2915 0.4658 0.0616 0.0539 0.0167
172 0.0726 0.6724 0.1205 0.0977 0.0335 0.0033
173 0.1151 0.6172 0.1796 0.0410 0.0458 0.0015
174 0.0278 0.0181 0.0249 0.8774 0.0018 0.0503
175 0.0473 0.3135 0.0313 0.5952 0.0084 0.0043
176 0.0093 0.0627 0.0374 0.8794 0.0039 0.0074
177 0.1899 0.6328 0.1217 0.0320 0.0170 0.0067
178 0.3311 0.5415 0.0668 0.0268 0.0231 0.0106
179 0.0516 0.4221 0.2834 0.2368 0.0057 0.0004
180 0.1766 0.2234 0.0828 0.4956 0.0171 0.0045
181 0.0611 0.2891 0.1252 0.5073 0.0060 0.0113
182 0.0875 0.4617 0.0258 0.4011 0.0206 0.0032
183 0.4041 0.3948 0.1158 0.0382 0.0284 0.0188
184 0.3274 0.4407 0.1122 0.0400 0.0406 0.0391
185 0.2441 0.2854 0.0608 0.1458 0.2620 0.0018
186 0.3015 0.2385 0.0824 0.0504 0.3235 0.0037
187 0.4731 0.2847 0.1000 0.0592 0.0760 0.0068
188 0.2502 0.3967 0.0851 0.1339 0.0318 0.1019
189 0.0495 0.1081 0.0444 0.7158 0.0261 0.0561
190 0.4446 0.1974 0.0491 0.2656 0.0404 0.0029
191 0.2162 0.6016 0.0753 0.0937 0.0133 0.0002
192 0.2842 0.5693 0.0814 0.0542 0.0105 0.0001
193 0.0759 0.0923 0.0350 0.7729 0.0022 0.0216
194 0.2081 0.6216 0.0322 0.1072 0.0288 0.0021
195 0.3184 0.5586 0.0956 0.0160 0.0106 0.0007
196 0.3391 0.2482 0.1844 0.1903 0.0338 0.0040
197 0.0369 0.0781 0.0618 0.7769 0.0156 0.0308
198 0.0234 0.0615 0.1344 0.7266 0.0131 0.0410
199 0.2695 0.3801 0.1097 0.1971 0.0370 0.0065
200 0.3914 0.4070 0.0990 0.0314 0.0670 0.0042
201 0.0569 0.1810 0.2084 0.4844 0.0385 0.0307
202 0.0517 0.5103 0.0894 0.2976 0.0486 0.0024
203 0.3206 0.4890 0.0876 0.0612 0.0408 0.0009
204 0.0634 0.7363 0.1735 0.0161 0.0101 0.0006
205 0.0839 0.6294 0.1506 0.0734 0.0623 0.0004
206 0.0703 0.5698 0.1046 0.1954 0.0587 0.0009
207 0.1228 0.6333 0.0285 0.1858 0.0204 0.0092
208 0.2434 0.4619 0.0854 0.0676 0.1409 0.0009
209 0.2373 0.4468 0.1439 0.0638 0.1078 0.0005
210 0.1448 0.3875 0.1666 0.2925 0.0057 0.0027
211 0.2891 0.5796 0.0760 0.0391 0.0161 0.0003
212 0.1113 0.5967 0.1497 0.0729 0.0685 0.0009
213 0.2227 0.6050 0.0770 0.0663 0.0235 0.0054
214 0.1816 0.4568 0.0972 0.2124 0.0463 0.0057
215 0.1671 0.5742 0.0605 0.1582 0.0244 0.0155
216 0.1670 0.6201 0.0764 0.0826 0.0533 0.0004
217 0.2198 0.5933 0.0665 0.0697 0.0498 0.0010
218 0.2842 0.5024 0.0887 0.0833 0.0406 0.0006
219 0.3811 0.4456 0.0699 0.0236 0.0751 0.0047
220 0.1763 0.5869 0.1212 0.0378 0.0609 0.0167
221 0.1328 0.6050 0.1404 0.0643 0.0567 0.0010
222 0.1080 0.7383 0.0692 0.0335 0.0503 0.0006
223 0.1423 0.6582 0.0837 0.0488 0.0667 0.0002
224 0.2615 0.4551 0.1335 0.0917 0.0579 0.0003
225 0.2822 0.4236 0.1865 0.0834 0.0243 0.0002
226 0.2917 0.4312 0.1611 0.0869 0.0287 0.0004
227 0.2362 0.4082 0.0641 0.2344 0.0495 0.0077
228 0.2004 0.5986 0.0383 0.0897 0.0704 0.0026
229 0.1526 0.0779 0.0940 0.3035 0.0386 0.3333
230 0.1526 0.0779 0.0940 0.3035 0.0386 0.3333
