time exciting_prob fearful_prob tense_prob sad_prob relaxing_prob neutral_prob
0 0.9531 0.0047 0.0187 0.0166 0.0066 0.0004
1 0.9409 0.0047 0.0267 0.0210 0.0063 0.0005
2 0.8408 0.0047 0.0306 0.1138 0.0069 0.0029
3 0.4241 0.0602 0.0931 0.3303 0.0103 0.0822
4 0.3123 0.2798 0.1545 0.2112 0.0101 0.0321
5 0.1770 0.1611 0.2169 0.0294 0.4116 0.0040
6 0.1858 0.1493 0.2500 0.0331 0.3752 0.0068
7 0.2415 0.1488 0.2131 0.2166 0.0778 0.1022
8 0.0668 0.0831 0.0562 0.0142 0.7764 0.0031
9 0.0258 0.0513 0.0349 0.0061 0.8809 0.0012
10 0.1169 0.3774 0.1958 0.0454 0.2554 0.0092
11 0.0598 0.1678 0.5503 0.0383 0.1678 0.0159
12 0.1406 0.1569 0.5063 0.1045 0.0248 0.0670
13 0.1929 0.2534 0.3057 0.1116 0.1133 0.0230
14 0.3147 0.0316 0.0895 0.0655 0.4954 0.0033
15 0.3516 0.0457 0.1187 0.1254 0.3516 0.0074
16 0.0997 0.6157 0.2283 0.0024 0.0219 0.0319
17 0.1295 0.5762 0.2220 0.0044 0.0389 0.0291
18 0.1246 0.8125 0.0455 0.0059 0.0101 0.0013
19 0.1573 0.7510 0.0561 0.0087 0.0239 0.0031
20 0.3916 0.1021 0.0573 0.3977 0.0127 0.0388
21 0.2883 0.4868 0.1384 0.0097 0.0439 0.0329
22 0.2607 0.2062 0.1556 0.0915 0.1281 0.1581
23 0.2263 0.1416 0.1165 0.0449 0.3733 0.0974
24 0.0401 0.0434 0.2495 0.4734 0.0053 0.1884
25 0.1348 0.0986 0.0732 0.6230 0.0289 0.0417
26 0.1790 0.5601 0.2371 0.0124 0.0067 0.0051
27 0.3601 0.3228 0.1812 0.0392 0.0687 0.0280
28 0.2683 0.4600 0.2173 0.0050 0.0428 0.0067
29 0.2905 0.2263 0.2688 0.0190 0.0614 0.1340
30 0.2361 0.3713 0.2324 0.1169 0.0111 0.0322
31 0.3081 0.4346 0.1797 0.0115 0.0320 0.0343
32 0.0424 0.8135 0.0858 0.0299 0.0224 0.0062
33 0.1829 0.3259 0.4121 0.0405 0.0287 0.0097
34 0.3691 0.0978 0.3806 0.1357 0.0154 0.0014
35 0.1323 0.0543 0.1387 0.0939 0.5571 0.0234
36 0.1794 0.5483 0.0828 0.0742 0.0407 0.0742
37 0.1785 0.5205 0.1433 0.0562 0.0448 0.0570
38 0.1025 0.4524 0.1946 0.0662 0.1743 0.0101
39 0.0904 0.2069 0.4050 0.0631 0.1884 0.0462
40 0.1638 0.1614 0.2275 0.3015 0.0057 0.1401
41 0.2280 0.1211 0.2927 0.2390 0.0155 0.1036
42 0.1968 0.1879 0.2864 0.1937 0.0281 0.1070
43 0.3418 0.2443 0.2057 0.0733 0.0207 0.1144
44 0.2517 0.0589 0.0774 0.3494 0.2598 0.0028
45 0.3591 0.0316 0.0814 0.3269 0.1892 0.0115
46 0.3164 0.1329 0.2333 0.1371 0.0057 0.1747
47 0.3254 0.0918 0.3306 0.0992 0.0720 0.0810
48 0.2144 0.4004 0.2078 0.0478 0.0160 0.1138
49 0.1748 0.0375 0.0586 0.2427 0.4395 0.0471
50 0.2131 0.1511 0.0476 0.2632 0.3030 0.0219
51 0.3835 0.2678 0.0947 0.0145 0.0087 0.2308
52 0.2815 0.0508 0.1371 0.4158 0.0563 0.0585
53 0.5479 0.0783 0.0587 0.1021 0.1194 0.0937
54 0.1556 0.1791 0.4573 0.0513 0.0707 0.0859
55 0.2489 0.0514 0.2001 0.4370 0.0269 0.0359
56 0.3074 0.3708 0.1396 0.0163 0.0482 0.1176
57 0.0957 0.0497 0.3845 0.2522 0.1437 0.0745
58 0.1716 0.1587 0.4314 0.1125 0.0097 0.1161
59 0.3213 0.5552 0.0775 0.0028 0.0226 0.0207
60 0.1807 0.3123 0.1030 0.0569 0.1533 0.1938
61 0.2034 0.1055 0.2913 0.1038 0.0309 0.2651
62 0.3159 0.4526 0.1208 0.0167 0.0296 0.0642
63 0.1948 0.5679 0.1119 0.0199 0.0176 0.0878
64 0.2883 0.1077 0.2427 0.2389 0.0529 0.0695
65 0.4663 0.1990 0.0904 0.1755 0.0462 0.0227
66 0.1130 0.1061 0.2976 0.2930 0.0233 0.1670
67 0.1312 0.1292 0.5269 0.1487 0.0370 0.0271
68 0.2002 0.4075 0.3174 0.0342 0.0249 0.0158
69 0.2771 0.0299 0.1372 0.3909 0.0166 0.1483
70 0.1865 0.4512 0.2632 0.0420 0.0233 0.0340
71 0.1437 0.5215 0.1948 0.0825 0.0188 0.0387
72 0.1808 0.1570 0.4836 0.1046 0.0264 0.0475
73 0.1708 0.5098 0.2092 0.0690 0.0240 0.0170
74 0.1716 0.6084 0.1469 0.0249 0.0377 0.0102
75 0.0565 0.4482 0.1868 0.2474 0.0239 0.0371
76 0.2644 0.0996 0.2061 0.3730 0.0415 0.0153
77 0.0662 0.7886 0.1218 0.0060 0.0141 0.0035
78 0.2039 0.0557 0.4524 0.1771 0.0117 0.0994
79 0.0699 0.7759 0.1359 0.0059 0.0102 0.0021
80 0.1897 0.1196 0.0842 0.1133 0.2849 0.2084
81 0.0800 0.5469 0.1519 0.0123 0.1694 0.0396
82 0.1158 0.0784 0.0809 0.0214 0.6987 0.0048
83 0.4373 0.1780 0.1014 0.1488 0.0472 0.0875
84 0.3401 0.3591 0.1820 0.0450 0.0446 0.0290
85 0.5586 0.1842 0.1458 0.0870 0.0217 0.0025
86 0.1899 0.1575 0.2086 0.2220 0.0955 0.1265
87 0.2198 0.1794 0.2065 0.2002 0.1072 0.0868
88 0.1860 0.2012 0.2244 0.1860 0.0599 0.1426
89 0.1799 0.1613 0.2383 0.3257 0.0175 0.0773
90 0.3184 0.1135 0.2120 0.1208 0.0232 0.2120
91 0.6030 0.1989 0.0947 0.0139 0.0561 0.0335
92 0.1583 0.1088 0.4236 0.1140 0.0681 0.1272
93 0.2112 0.0952 0.4070 0.1984 0.0295 0.0587
94 0.1755 0.4624 0.2986 0.0335 0.0081 0.0221
95 0.3318 0.0943 0.0813 0.4258 0.0403 0.0266
96 0.0889 0.1675 0.0732 0.4343 0.0276 0.2084
97 0.2085 0.1526 0.0862 0.3059 0.2202 0.0265
98 0.2883 0.1735 0.1818 0.2335 0.0865 0.0364
99 0.2216 0.1293 0.1547 0.3125 0.0968 0.0854
100 0.3152 0.0999 0.1971 0.2915 0.0385 0.0578
101 0.4722 0.1521 0.2031 0.0759 0.0518 0.0450
102 0.4001 0.2109 0.1875 0.1508 0.0384 0.0123
103 0.0970 0.4968 0.1527 0.0978 0.0856 0.0699
104 0.2073 0.2561 0.1692 0.1963 0.0995 0.0717
105 0.1444 0.1755 0.1356 0.3833 0.0611 0.1000
106 0.0304 0.1339 0.0800 0.3315 0.0180 0.4062
107 0.0226 0.8735 0.0770 0.0107 0.0051 0.0110
108 0.0889 0.3801 0.0635 0.2200 0.0359 0.2115
109 0.1586 0.2236 0.5449 0.0351 0.0153 0.0223
110 0.1626 0.2223 0.3840 0.1873 0.0161 0.0276
111 0.2090 0.2225 0.4290 0.0928 0.0188 0.0281
112 0.2832 0.2991 0.3694 0.0175 0.0152 0.0155
113 0.0991 0.0874 0.1272 0.5356 0.0110 0.1396
114 0.1307 0.0987 0.2947 0.3186 0.0159 0.1414
115 0.1744 0.0652 0.3811 0.3259 0.0188 0.0344
116 0.1593 0.3589 0.4539 0.0067 0.0130 0.0082
117 0.1508 0.2729 0.4573 0.0446 0.0609 0.0134
118 0.3752 0.0642 0.3110 0.1801 0.0383 0.0313
119 0.0464 0.1893 0.4912 0.2357 0.0023 0.0350
120 0.1862 0.2045 0.4829 0.0782 0.0109 0.0372
121 0.1923 0.4949 0.2393 0.0165 0.0457 0.0115
122 0.2313 0.2947 0.1627 0.1641 0.0558 0.0913
123 0.1345 0.1454 0.0910 0.2676 0.0338 0.3279
124 0.1605 0.0572 0.2905 0.3972 0.0316 0.0629
125 0.2610 0.2017 0.2590 0.1698 0.0854 0.0232
126 0.1102 0.1681 0.6147 0.0442 0.0467 0.0158
127 0.3174 0.1418 0.3403 0.1312 0.0502 0.0191
128 0.2000 0.0691 0.2957 0.3621 0.0373 0.0359
129 0.1203 0.0577 0.6816 0.0409 0.0416 0.0577
130 0.1466 0.3252 0.4587 0.0029 0.0597 0.0066
131 0.2416 0.2305 0.4585 0.0335 0.0083 0.0277
132 0.1184 0.2030 0.4946 0.1045 0.0559 0.0235
133 0.2068 0.1142 0.3057 0.2961 0.0469 0.0303
134 0.2467 0.2605 0.4536 0.0099 0.0125 0.0168
135 0.1720 0.0558 0.1694 0.3938 0.1404 0.0684
136 0.0756 0.0986 0.3284 0.3496 0.0341 0.1135
137 0.1180 0.1917 0.4387 0.1978 0.0132 0.0408
138 0.5933 0.1754 0.1432 0.0218 0.0211 0.0450
139 0.3181 0.3899 0.2421 0.0197 0.0236 0.0067
140 0.0942 0.1844 0.1101 0.2405 0.3340 0.0369
141 0.1161 0.7168 0.1423 0.0047 0.0120 0.0079
142 0.0324 0.0156 0.0391 0.0200 0.8901 0.0028
143 0.1813 0.2186 0.4348 0.1066 0.0282 0.0303
144 0.1907 0.1290 0.0735 0.3677 0.0246 0.2145
145 0.1129 0.1259 0.5137 0.1949 0.0084 0.0442
146 0.2686 0.1860 0.3447 0.1102 0.0258 0.0648
147 0.1510 0.4836 0.3198 0.0151 0.0176 0.0128
148 0.1785 0.1550 0.5327 0.0357 0.0327 0.0651
149 0.1567 0.4292 0.3848 0.0138 0.0119 0.0035
150 0.0582 0.0358 0.0930 0.0342 0.7661 0.0126
151 0.4629 0.1368 0.2786 0.0557 0.0111 0.0548
152 0.3474 0.2042 0.2971 0.0533 0.0537 0.0442
153 0.3167 0.2408 0.2583 0.0770 0.0266 0.0807
154 0.3687 0.1466 0.1537 0.1854 0.0531 0.0925
155 0.1638 0.2620 0.1771 0.3750 0.0128 0.0092
156 0.0977 0.2003 0.3408 0.2235 0.1196 0.0181
157 0.1461 0.1907 0.2908 0.3452 0.0264 0.0009
158 0.2803 0.2673 0.0984 0.1488 0.1273 0.0778
159 0.1857 0.2310 0.2876 0.1664 0.1266 0.0029
160 0.3816 0.0972 0.3816 0.0913 0.0418 0.0066
161 0.1042 0.0964 0.1917 0.2347 0.3694 0.0037
162 0.3123 0.4268 0.1750 0.0502 0.0231 0.0128
163 0.3296 0.1176 0.2266 0.1139 0.1087 0.1037
164 0.1700 0.0626 0.4275 0.0790 0.2083 0.0527
165 0.1261 0.0634 0.0937 0.4609 0.2318 0.0240
166 0.2937 0.0925 0.2397 0.0984 0.0829 0.1926
167 0.4177 0.1882 0.0773 0.1549 0.1169 0.0451
168 0.2793 0.1578 0.1249 0.2075 0.0372 0.1934
169 0.3091 0.3586 0.1060 0.1483 0.0590 0.0189
170 0.1030 0.4072 0.2113 0.1985 0.0582 0.0218
171 0.2067 0.1741 0.1700 0.1674 0.0144 0.2676
172 0.1024 0.3804 0.3687 0.0640 0.0177 0.0671
173 0.2421 0.1276 0.3062 0.1296 0.0257 0.1691
174 0.1175 0.0701 0.1791 0.5781 0.0132 0.0419
175 0.2715 0.1243 0.1986 0.3486 0.0188 0.0382
176 0.0845 0.0701 0.2949 0.2371 0.0138 0.2996
177 0.0900 0.0537 0.1681 0.5259 0.0537 0.1085
178 0.0566 0.0455 0.0934 0.7231 0.0208 0.0603
179 0.1448 0.0913 0.0623 0.6797 0.0129 0.0090
180 0.1137 0.1904 0.4497 0.1554 0.0372 0.0533
181 0.3452 0.0707 0.1230 0.2466 0.1300 0.0846
182 0.1212 0.3882 0.0901 0.2585 0.1362 0.0057
183 0.0948 0.2273 0.3806 0.2383 0.0215 0.0374
184 0.3320 0.0460 0.1450 0.4539 0.0147 0.0085
185 0.0944 0.1193 0.0724 0.2095 0.4871 0.0175
186 0.0792 0.1099 0.4626 0.3081 0.0312 0.0089
187 0.2573 0.5078 0.1225 0.0100 0.0969 0.0055
188 0.4495 0.1076 0.0562 0.2900 0.0497 0.0470
189 0.1356 0.5156 0.1443 0.1089 0.0917 0.0039
190 0.0822 0.1794 0.5273 0.1312 0.0760 0.0039
191 0.1041 0.0594 0.3579 0.3259 0.0251 0.1276
192 0.3896 0.0767 0.2595 0.1974 0.0380 0.0389
193 0.3142 0.1069 0.3240 0.1935 0.0474 0.0140
194 0.3743 0.1897 0.3054 0.0809 0.0468 0.0028
195 0.4973 0.3582 0.0818 0.0141 0.0338 0.0149
196 0.1807 0.0509 0.2798 0.2668 0.0468 0.1750
197 0.1599 0.0579 0.2764 0.4700 0.0322 0.0036
198 0.4114 0.3804 0.0666 0.0427 0.0574 0.0417
199 0.4189 0.4460 0.0438 0.0198 0.0358 0.0355
200 0.2275 0.0994 0.3525 0.2240 0.0204 0.0762
201 0.1219 0.2581 0.1774 0.1719 0.2581 0.0126
202 0.1166 0.3374 0.2046 0.1952 0.1241 0.0222
203 0.1527 0.7231 0.0870 0.0225 0.0051 0.0097
204 0.0524 0.0469 0.0978 0.0727 0.7227 0.0073
205 0.2222 0.5947 0.1327 0.0240 0.0043 0.0223
206 0.0904 0.3521 0.3577 0.0184 0.1743 0.0074
207 0.0474 0.5508 0.1681 0.0145 0.2158 0.0033
208 0.1136 0.1553 0.1349 0.1288 0.0181 0.4492
209 0.8042 0.0078 0.0573 0.0854 0.0400 0.0052
210 0.8042 0.0078 0.0573 0.0854 0.0400 0.0052
211 0.8042 0.0078 0.0573 0.0854 0.0400 0.0052
212 0.2788 0.1614 0.1423 0.2205 0.0199 0.1771
213 0.2800 0.1646 0.1365 0.2250 0.0189 0.1752
