time exciting_prob fearful_prob tense_prob sad_prob relaxing_prob neutral_prob
0 0.1136 0.1553 0.1349 0.1288 0.0181 0.4492
1 0.1136 0.1553 0.1349 0.1288 0.0181 0.4492
2 0.0484 0.2086 0.3440 0.0721 0.3035 0.0236
3 0.0677 0.2437 0.3330 0.0454 0.2893 0.0208
4 0.0581 0.0974 0.4646 0.0471 0.3142 0.0186
5 0.6348 0.0369 0.1543 0.0782 0.0886 0.0073
6 0.0970 0.1575 0.3386 0.2327 0.0804 0.0940
7 0.0732 0.2345 0.5366 0.0688 0.0682 0.0185
8 0.1163 0.2350 0.5132 0.0567 0.0474 0.0313
9 0.1851 0.2146 0.3594 0.0560 0.1671 0.0179
10 0.1495 0.1165 0.2666 0.2751 0.1260 0.0663
11 0.0986 0.0786 0.1991 0.1083 0.3035 0.2119
12 0.0920 0.1482 0.2834 0.0504 0.2620 0.1639
13 0.0509 0.0443 0.2178 0.0880 0.5825 0.0164
14 0.5903 0.0762 0.2349 0.0452 0.0344 0.0188
15 0.2649 0.0486 0.1440 0.0214 0.5107 0.0103
16 0.3171 0.1063 0.1821 0.0169 0.3708 0.0066
17 0.2529 0.2001 0.3098 0.0376 0.1969 0.0027
18 0.0833 0.2485 0.1192 0.0187 0.5259 0.0042
19 0.0811 0.1841 0.4021 0.0140 0.2942 0.0245
20 0.5596 0.1437 0.1964 0.0627 0.0250 0.0127
21 0.1049 0.1285 0.2988 0.3083 0.1171 0.0421
22 0.0754 0.0766 0.1443 0.0472 0.6514 0.0050
23 0.5273 0.0475 0.0606 0.1312 0.0510 0.1823
24 0.1021 0.0538 0.1037 0.0159 0.7197 0.0047
25 0.0854 0.1808 0.4766 0.0218 0.2251 0.0104
26 0.0604 0.1268 0.5640 0.0146 0.1495 0.0845
27 0.3604 0.1573 0.2438 0.1675 0.0208 0.0503
28 0.2644 0.1191 0.2856 0.2686 0.0186 0.0438
29 0.0314 0.0314 0.0827 0.7256 0.0107 0.1184
30 0.1354 0.1343 0.3196 0.0494 0.3098 0.0514
31 0.1604 0.1155 0.3503 0.0482 0.2949 0.0306
32 0.1906 0.1077 0.3345 0.0258 0.3242 0.0174
33 0.1552 0.0817 0.1731 0.0956 0.4631 0.0313
34 0.1063 0.0854 0.2549 0.4204 0.0587 0.0742
35 0.0668 0.1182 0.5728 0.0141 0.2107 0.0174
36 0.0978 0.0890 0.2700 0.0933 0.3806 0.0693
37 0.0953 0.0938 0.2050 0.0312 0.5483 0.0265
38 0.1763 0.1567 0.4753 0.0467 0.1340 0.0108
39 0.6475 0.1637 0.0817 0.0191 0.0836 0.0042
40 0.0439 0.0393 0.2029 0.4500 0.0446 0.2194
41 0.0961 0.2379 0.3252 0.1047 0.1107 0.1254
42 0.5908 0.0609 0.1859 0.0520 0.0965 0.0137
43 0.4661 0.0602 0.1636 0.2236 0.0535 0.0330
44 0.0294 0.1368 0.3232 0.0477 0.2898 0.1730
45 0.1605 0.0664 0.2524 0.0609 0.4033 0.0563
46 0.1304 0.2218 0.1572 0.2761 0.2051 0.0094
47 0.0653 0.1093 0.1934 0.0717 0.5425 0.0180
48 0.1263 0.1115 0.4478 0.0275 0.2759 0.0109
49 0.2009 0.0812 0.2386 0.0255 0.4390 0.0149
50 0.1732 0.0264 0.1370 0.0466 0.5952 0.0219
51 0.1331 0.0275 0.0915 0.0131 0.7310 0.0040
52 0.1974 0.0962 0.0791 0.0247 0.5986 0.0042
53 0.0516 0.1171 0.3284 0.0222 0.4705 0.0102
54 0.0184 0.1573 0.5000 0.1226 0.1927 0.0089
55 0.0815 0.2131 0.5527 0.0106 0.1376 0.0044
56 0.0820 0.1212 0.6865 0.0133 0.0846 0.0121
57 0.2238 0.0779 0.3521 0.0128 0.3206 0.0129
58 0.1233 0.1014 0.4170 0.0098 0.3403 0.0081
59 0.1576 0.0328 0.0898 0.6328 0.0411 0.0458
60 0.1837 0.1726 0.1823 0.2844 0.0902 0.0868
61 0.3105 0.1675 0.3716 0.0499 0.0552 0.0454
62 0.1016 0.0933 0.2830 0.0265 0.4736 0.0220
63 0.1132 0.1243 0.5073 0.0192 0.2164 0.0198
64 0.2369 0.0133 0.0563 0.2191 0.2686 0.2058
65 0.2791 0.0623 0.0812 0.0504 0.4861 0.0408
66 0.1038 0.1725 0.1753 0.4204 0.0502 0.0778
67 0.2169 0.2830 0.3806 0.0064 0.1099 0.0034
68 0.2915 0.0343 0.1796 0.3303 0.1399 0.0247
69 0.0399 0.1257 0.2260 0.0210 0.5420 0.0455
70 0.0956 0.0850 0.1425 0.0188 0.6484 0.0097
71 0.0473 0.0437 0.1337 0.0207 0.7227 0.0323
72 0.0609 0.0886 0.3450 0.0663 0.4294 0.0097
73 0.2854 0.1564 0.2854 0.1171 0.1539 0.0020
74 0.1595 0.1954 0.4580 0.1223 0.0356 0.0291
75 0.0859 0.1508 0.5181 0.1847 0.0486 0.0121
76 0.1635 0.0737 0.4995 0.1796 0.0790 0.0048
77 0.0468 0.1560 0.2915 0.4883 0.0156 0.0017
78 0.0122 0.0073 0.0401 0.0117 0.9282 0.0005
79 0.0579 0.0450 0.0954 0.6724 0.0261 0.1031
80 0.1674 0.0213 0.1205 0.5664 0.0164 0.1081
81 0.1169 0.0495 0.1205 0.6123 0.0430 0.0579
82 0.1562 0.0263 0.1422 0.0063 0.6680 0.0009
83 0.1318 0.0920 0.2350 0.4897 0.0173 0.0341
84 0.1499 0.1488 0.5190 0.1465 0.0298 0.0059
85 0.1388 0.1942 0.4209 0.1727 0.0583 0.0153
86 0.2040 0.1327 0.3062 0.1018 0.2423 0.0129
87 0.0533 0.1268 0.4429 0.1604 0.2059 0.0108
88 0.1194 0.2079 0.4199 0.0665 0.1737 0.0127
89 0.0644 0.0952 0.3481 0.0311 0.4402 0.0211
90 0.1349 0.1218 0.4353 0.0280 0.2661 0.0137
91 0.0324 0.0966 0.7368 0.0795 0.0187 0.0361
92 0.0243 0.0610 0.7793 0.0487 0.0120 0.0748
93 0.0252 0.0479 0.7788 0.0564 0.0235 0.0681
94 0.3130 0.1315 0.3279 0.1501 0.0693 0.0084
95 0.2688 0.0914 0.4431 0.1212 0.0735 0.0021
96 0.1864 0.0304 0.3323 0.3374 0.0998 0.0136
97 0.0271 0.1387 0.6313 0.1283 0.0635 0.0109
98 0.0939 0.1584 0.3354 0.0282 0.3516 0.0327
99 0.0894 0.1820 0.3882 0.0230 0.3025 0.0149
100 0.0230 0.1865 0.6929 0.0587 0.0316 0.0073
101 0.0228 0.1124 0.8179 0.0094 0.0365 0.0008
102 0.1085 0.2522 0.1844 0.0177 0.4358 0.0015
103 0.0717 0.2371 0.4094 0.0107 0.2603 0.0107
104 0.1420 0.0676 0.1141 0.3030 0.3542 0.0189
105 0.1807 0.1105 0.4990 0.0295 0.1375 0.0429
106 0.0469 0.2054 0.4775 0.1813 0.0773 0.0115
107 0.0559 0.2649 0.3794 0.0930 0.2030 0.0039
108 0.0611 0.1781 0.3381 0.1263 0.1700 0.1263
109 0.0451 0.2681 0.3838 0.0496 0.2120 0.0414
110 0.1451 0.1646 0.6016 0.0432 0.0403 0.0049
111 0.2173 0.1815 0.1680 0.1553 0.2386 0.0393
112 0.2332 0.2600 0.1979 0.0995 0.2009 0.0085
113 0.1421 0.0875 0.2615 0.4048 0.0611 0.0430
114 0.3091 0.1506 0.2192 0.1415 0.1694 0.0102
115 0.0890 0.2152 0.4736 0.0363 0.1757 0.0101
116 0.0304 0.0591 0.1938 0.1558 0.2651 0.2957
117 0.0289 0.1492 0.7573 0.0234 0.0199 0.0211
118 0.0748 0.0760 0.7559 0.0379 0.0454 0.0098
119 0.1626 0.0884 0.1829 0.0431 0.4971 0.0261
120 0.1315 0.1048 0.2307 0.0189 0.5039 0.0101
121 0.2625 0.0446 0.5259 0.0859 0.0674 0.0138
122 0.1902 0.1993 0.5679 0.0139 0.0234 0.0055
123 0.1987 0.1548 0.4551 0.0410 0.1304 0.0200
124 0.3401 0.1521 0.1683 0.2411 0.0847 0.0138
125 0.1887 0.1328 0.5503 0.0787 0.0434 0.0062
126 0.0380 0.2103 0.7007 0.0231 0.0190 0.0090
127 0.0894 0.1193 0.6919 0.0221 0.0701 0.0075
128 0.1696 0.0764 0.6602 0.0568 0.0319 0.0055
129 0.1348 0.0683 0.6533 0.1171 0.0173 0.0093
130 0.1361 0.0763 0.4062 0.0845 0.1051 0.1919
131 0.1472 0.1694 0.4604 0.0152 0.0096 0.1981
132 0.1001 0.0850 0.4778 0.0891 0.1456 0.1025
133 0.0320 0.3032 0.6421 0.0175 0.0020 0.0032
134 0.0118 0.2883 0.6919 0.0049 0.0018 0.0014
135 0.0360 0.2087 0.5854 0.1002 0.0305 0.0389
136 0.0117 0.0341 0.6841 0.2517 0.0007 0.0178
137 0.0290 0.0894 0.0894 0.0329 0.7256 0.0334
138 0.0739 0.1746 0.4458 0.1565 0.0402 0.1093
139 0.1082 0.2327 0.3494 0.1650 0.0455 0.0993
140 0.1672 0.1243 0.5439 0.0450 0.0583 0.0610
141 0.1476 0.1740 0.4109 0.2286 0.0197 0.0192
142 0.0256 0.1981 0.6807 0.0865 0.0018 0.0074
143 0.1617 0.1981 0.5386 0.0129 0.0788 0.0098
144 0.1084 0.1414 0.6333 0.0033 0.1118 0.0017
145 0.0843 0.0499 0.1346 0.0197 0.7109 0.0003
146 0.0556 0.1141 0.3740 0.0118 0.4441 0.0003
147 0.0577 0.0907 0.2045 0.0419 0.6011 0.0044
148 0.0323 0.0375 0.2013 0.0025 0.7251 0.0014
149 0.0249 0.0850 0.4524 0.0041 0.4316 0.0020
150 0.1312 0.1464 0.4270 0.0834 0.2080 0.0041
151 0.0283 0.0525 0.4463 0.0183 0.4534 0.0014
152 0.1093 0.0567 0.4124 0.2703 0.1403 0.0112
153 0.0870 0.0688 0.7339 0.0662 0.0368 0.0074
154 0.2104 0.0934 0.5210 0.0722 0.1002 0.0028
155 0.3171 0.0742 0.5479 0.0391 0.0211 0.0004
156 0.2433 0.1243 0.5483 0.0400 0.0423 0.0019
157 0.2815 0.1183 0.5259 0.0358 0.0372 0.0014
158 0.0440 0.2456 0.6475 0.0351 0.0234 0.0046
159 0.0577 0.1807 0.7144 0.0189 0.0250 0.0031
160 0.1024 0.1074 0.6997 0.0089 0.0804 0.0010
161 0.1105 0.1909 0.4304 0.0168 0.2452 0.0062
162 0.0720 0.1635 0.4729 0.0072 0.2825 0.0019
163 0.0328 0.0406 0.0489 0.0619 0.8149 0.0010
164 0.0345 0.2163 0.7314 0.0124 0.0047 0.0005
165 0.0091 0.0111 0.0718 0.0334 0.8613 0.0133
166 0.0659 0.1656 0.2729 0.2729 0.0406 0.1819
167 0.1511 0.0861 0.4805 0.1796 0.0243 0.0784
168 0.1853 0.4307 0.3008 0.0423 0.0178 0.0232
169 0.1209 0.2223 0.4634 0.0722 0.0112 0.1100
170 0.0688 0.0948 0.2966 0.0139 0.5205 0.0053
171 0.0171 0.1023 0.4307 0.1334 0.3103 0.0063
172 0.0174 0.1729 0.2805 0.4849 0.0203 0.0241
173 0.0400 0.1186 0.8105 0.0151 0.0105 0.0052
174 0.0408 0.0787 0.8394 0.0107 0.0268 0.0037
175 0.0284 0.0600 0.2300 0.6255 0.0117 0.0446
176 0.0682 0.4775 0.3660 0.0407 0.0320 0.0155
177 0.0601 0.5400 0.2891 0.0720 0.0322 0.0066
178 0.0678 0.1858 0.6089 0.0325 0.0971 0.0077
179 0.1561 0.1624 0.2871 0.0495 0.2917 0.0531
180 0.1267 0.1732 0.5381 0.0328 0.0927 0.0366
181 0.1014 0.1608 0.6509 0.0137 0.0555 0.0178
182 0.0393 0.2372 0.6865 0.0195 0.0124 0.0052
183 0.0336 0.1003 0.5176 0.3237 0.0105 0.0142
184 0.0231 0.0807 0.4949 0.0258 0.3677 0.0078
185 0.0821 0.1671 0.5830 0.0990 0.0596 0.0091
186 0.0987 0.0292 0.5952 0.1603 0.0114 0.1051
187 0.0599 0.1360 0.7354 0.0341 0.0191 0.0156
188 0.0503 0.3516 0.4514 0.0803 0.0447 0.0216
189 0.2458 0.2830 0.2744 0.0200 0.1689 0.0077
190 0.0673 0.3667 0.3391 0.0249 0.1993 0.0027
191 0.0332 0.0890 0.1884 0.6675 0.0085 0.0132
192 0.1090 0.0579 0.2419 0.0883 0.4050 0.0977
193 0.1155 0.1935 0.4866 0.1438 0.0478 0.0128
194 0.2281 0.1569 0.4756 0.0135 0.1221 0.0039
195 0.1255 0.1769 0.6372 0.0213 0.0362 0.0032
196 0.0633 0.1775 0.3315 0.3999 0.0143 0.0136
197 0.0153 0.2512 0.2253 0.4922 0.0104 0.0056
198 0.0793 0.2925 0.4819 0.0233 0.1059 0.0172
199 0.0765 0.1633 0.5269 0.0400 0.1558 0.0373
200 0.0514 0.0827 0.2375 0.0120 0.6162 0.0004
201 0.0544 0.1702 0.4412 0.0351 0.2986 0.0007
202 0.0493 0.3342 0.4941 0.0445 0.0576 0.0202
203 0.0361 0.2625 0.6294 0.0387 0.0226 0.0108
204 0.0367 0.2354 0.3645 0.2883 0.0529 0.0224
205 0.1339 0.0949 0.6904 0.0080 0.0717 0.0011
206 0.0962 0.1357 0.6177 0.0107 0.1335 0.0061
207 0.1451 0.0665 0.0997 0.0184 0.6606 0.0096
208 0.2598 0.0317 0.0662 0.0070 0.6328 0.0027
209 0.1174 0.1846 0.5425 0.1052 0.0489 0.0013
210 0.2417 0.0570 0.2783 0.3628 0.0556 0.0046
211 0.3899 0.1180 0.1296 0.0318 0.3284 0.0022
212 0.4182 0.1515 0.2496 0.0179 0.1625 0.0004
213 0.0290 0.2954 0.4233 0.0901 0.1440 0.0182
214 0.0716 0.1458 0.6846 0.0462 0.0389 0.0130
215 0.0510 0.0835 0.3406 0.0249 0.4443 0.0556
216 0.0347 0.2502 0.5298 0.0445 0.1043 0.0366
217 0.0269 0.1049 0.1702 0.0185 0.6626 0.0170
218 0.0534 0.1895 0.4990 0.0373 0.2113 0.0095
219 0.0319 0.1097 0.5317 0.1431 0.0737 0.1097
220 0.0394 0.0952 0.6260 0.0649 0.0930 0.0815
221 0.1211 0.1543 0.3760 0.0542 0.2751 0.0193
222 0.0202 0.0222 0.0694 0.0107 0.8721 0.0055
223 0.0199 0.2830 0.5806 0.0444 0.0598 0.0123
224 0.0311 0.3120 0.5308 0.0577 0.0573 0.0108
225 0.3086 0.1218 0.1976 0.2520 0.1100 0.0101
226 0.1010 0.0805 0.2480 0.0632 0.3723 0.1349
227 0.1184 0.2014 0.2318 0.0568 0.3882 0.0034
228 0.1150 0.3801 0.2148 0.1072 0.1809 0.0019
229 0.0776 0.1212 0.5737 0.0542 0.1520 0.0216
230 0.0478 0.1069 0.7837 0.0226 0.0202 0.0187
231 0.0240 0.0933 0.8452 0.0122 0.0116 0.0139
232 0.1055 0.2983 0.3772 0.0903 0.1159 0.0129
233 0.0521 0.3345 0.1532 0.3142 0.0944 0.0517
234 0.0629 0.3616 0.5020 0.0352 0.0358 0.0022
235 0.1757 0.1562 0.4314 0.0351 0.1945 0.0072
236 0.0818 0.1719 0.6338 0.0141 0.0793 0.0190
237 0.3274 0.0771 0.1571 0.0403 0.3799 0.0182
238 0.0702 0.1396 0.5107 0.0686 0.0691 0.1418
239 0.0789 0.1260 0.4907 0.0546 0.2391 0.0108
240 0.0750 0.1959 0.3777 0.0699 0.2764 0.0053
241 0.2273 0.1663 0.1295 0.1990 0.2698 0.0081
242 0.1237 0.2024 0.2172 0.1886 0.1901 0.0780
243 0.0954 0.1081 0.3489 0.0151 0.1927 0.2399
244 0.3752 0.0470 0.0438 0.2277 0.0360 0.2703
245 0.1558 0.0887 0.2266 0.4648 0.0266 0.0376
246 0.0207 0.1774 0.7124 0.0470 0.0384 0.0040
247 0.0253 0.1766 0.7212 0.0175 0.0583 0.0014
248 0.1000 0.1187 0.4768 0.0726 0.1366 0.0954
249 0.0376 0.0526 0.2800 0.0351 0.5840 0.0109
250 0.0664 0.1310 0.5645 0.0124 0.2142 0.0114
251 0.1136 0.1542 0.5254 0.0405 0.1339 0.0323
252 0.2057 0.0549 0.2856 0.0357 0.4028 0.0153
253 0.5220 0.0807 0.0517 0.0740 0.0467 0.2246
254 0.1284 0.0561 0.3772 0.3892 0.0305 0.0185
255 0.1675 0.1206 0.2849 0.0117 0.3833 0.0320
256 0.1246 0.1227 0.2766 0.0232 0.3840 0.0688
257 0.0142 0.0862 0.8706 0.0218 0.0015 0.0060
258 0.0189 0.0468 0.7783 0.1290 0.0035 0.0233
259 0.0320 0.1039 0.7803 0.0698 0.0053 0.0087
260 0.0494 0.1157 0.7427 0.0741 0.0103 0.0078
261 0.0508 0.1198 0.6738 0.1117 0.0278 0.0163
262 0.0638 0.1212 0.7192 0.0217 0.0643 0.0096
263 0.0835 0.0976 0.6567 0.0359 0.0835 0.0430
264 0.0912 0.1829 0.6484 0.0222 0.0448 0.0106
265 0.0838 0.1591 0.6592 0.0100 0.0825 0.0052
266 0.0729 0.1818 0.6968 0.0113 0.0334 0.0037
267 0.0974 0.1111 0.7480 0.0168 0.0240 0.0029
268 0.0768 0.1327 0.7285 0.0276 0.0249 0.0094
269 0.0415 0.1448 0.7827 0.0125 0.0141 0.0046
270 0.1103 0.1630 0.6753 0.0113 0.0378 0.0023
271 0.1023 0.1324 0.7158 0.0150 0.0327 0.0018
272 0.0468 0.1158 0.7432 0.0696 0.0235 0.0011
273 0.0413 0.2046 0.6504 0.0498 0.0436 0.0104
274 0.0735 0.2079 0.4136 0.0311 0.2629 0.0111
275 0.0448 0.2578 0.4741 0.0218 0.1976 0.0038
276 0.0233 0.3262 0.4458 0.0558 0.1339 0.0150
277 0.1516 0.4058 0.1257 0.2173 0.0268 0.0728
278 0.1595 0.1499 0.0953 0.2472 0.0403 0.3076
