time exciting_prob fearful_prob tense_prob sad_prob relaxing_prob neutral_prob
0 0.1136 0.1553 0.1349 0.1288 0.0181 0.4492
1 0.0627 0.1118 0.0562 0.0927 0.3726 0.3040
2 0.0475 0.0582 0.0692 0.1105 0.4370 0.2778
3 0.0219 0.0696 0.0624 0.3535 0.2712 0.2213
4 0.0593 0.1991 0.2023 0.1576 0.0732 0.3083
5 0.0547 0.2527 0.1582 0.1558 0.0967 0.2820
6 0.0267 0.2202 0.1688 0.2827 0.1389 0.1624
7 0.0385 0.1534 0.1793 0.3738 0.1510 0.1038
8 0.0435 0.2390 0.1694 0.3789 0.1310 0.0381
9 0.0432 0.1578 0.1628 0.5596 0.0489 0.0279
10 0.0515 0.3413 0.2898 0.1538 0.1256 0.0380
11 0.0398 0.2440 0.4705 0.1161 0.0919 0.0377
12 0.0324 0.0522 0.0420 0.0145 0.5312 0.3274
13 0.0417 0.0745 0.0562 0.0261 0.5630 0.2384
14 0.0384 0.1163 0.1051 0.1732 0.4092 0.1577
15 0.0375 0.1760 0.1119 0.1553 0.4092 0.1101
16 0.0437 0.2086 0.1467 0.1479 0.2291 0.2238
17 0.0519 0.0661 0.0511 0.0232 0.7217 0.0862
18 0.0578 0.1097 0.0606 0.0410 0.6562 0.0748
19 0.0374 0.0548 0.0208 0.0230 0.7622 0.1016
20 0.0478 0.0435 0.0674 0.1567 0.5303 0.1543
21 0.0566 0.3013 0.3257 0.1885 0.0948 0.0333
22 0.1766 0.1940 0.3376 0.1158 0.1312 0.0446
23 0.1298 0.2073 0.2683 0.1678 0.1470 0.0799
24 0.0645 0.1647 0.0828 0.1055 0.5483 0.0340
25 0.0262 0.2367 0.2559 0.4155 0.0363 0.0294
26 0.1191 0.0648 0.0793 0.1604 0.2261 0.3503
27 0.1045 0.0915 0.1053 0.0894 0.4609 0.1484
28 0.0803 0.1133 0.0896 0.1432 0.4551 0.1187
29 0.0320 0.1357 0.3992 0.3633 0.0294 0.0404
30 0.0497 0.0943 0.2605 0.5098 0.0521 0.0336
31 0.0404 0.1562 0.1743 0.4629 0.1422 0.0240
32 0.0410 0.1765 0.1510 0.4580 0.1407 0.0327
33 0.0444 0.1744 0.1827 0.3552 0.2153 0.0278
34 0.0748 0.2452 0.2891 0.2651 0.0543 0.0714
35 0.0710 0.1017 0.1246 0.4629 0.1550 0.0850
36 0.0484 0.0438 0.2072 0.1492 0.4316 0.1199
37 0.0500 0.1945 0.3992 0.2039 0.0622 0.0905
38 0.0336 0.1004 0.3760 0.3425 0.0648 0.0826
39 0.0610 0.1633 0.3052 0.2756 0.0714 0.1233
40 0.0462 0.1236 0.1065 0.1899 0.5161 0.0177
41 0.0663 0.2107 0.2444 0.3315 0.1043 0.0428
42 0.0665 0.1837 0.3459 0.2305 0.0953 0.0778
43 0.0515 0.1346 0.4382 0.1855 0.1378 0.0523
44 0.0854 0.0602 0.2869 0.2695 0.1971 0.1007
45 0.1538 0.0750 0.3384 0.1943 0.1729 0.0656
46 0.1553 0.0717 0.1589 0.1068 0.3726 0.1349
47 0.1460 0.1542 0.2225 0.1350 0.2042 0.1382
48 0.0599 0.2297 0.1996 0.2059 0.1288 0.1761
49 0.0542 0.2690 0.2607 0.1863 0.1863 0.0435
50 0.0482 0.4360 0.2299 0.1372 0.1138 0.0350
51 0.0570 0.1943 0.1399 0.1675 0.3833 0.0579
52 0.0756 0.0779 0.1991 0.1991 0.2808 0.1676
53 0.0615 0.0494 0.1523 0.1499 0.5234 0.0635
54 0.1221 0.0521 0.2391 0.1147 0.2507 0.2212
55 0.0367 0.1862 0.2883 0.1832 0.1748 0.1310
56 0.0245 0.1672 0.2756 0.1409 0.3379 0.0539
57 0.1030 0.0578 0.1080 0.1711 0.2197 0.3403
58 0.0935 0.1707 0.0781 0.2314 0.3584 0.0679
59 0.0601 0.3196 0.3196 0.1969 0.0359 0.0681
60 0.1282 0.1282 0.2231 0.3948 0.0538 0.0719
61 0.1915 0.2205 0.1718 0.2744 0.0762 0.0657
62 0.1292 0.1620 0.1836 0.2778 0.1204 0.1272
63 0.0748 0.1621 0.5112 0.1071 0.0848 0.0601
64 0.0608 0.0899 0.3137 0.3501 0.0567 0.1288
65 0.1400 0.0626 0.0455 0.2102 0.2310 0.3108
66 0.0609 0.0326 0.0393 0.2228 0.3398 0.3044
67 0.0891 0.0637 0.0372 0.1425 0.3752 0.2922
68 0.0587 0.1768 0.4514 0.2234 0.0263 0.0635
69 0.0737 0.1868 0.4622 0.1897 0.0398 0.0479
70 0.0500 0.1237 0.5718 0.0484 0.0919 0.1144
71 0.0242 0.2788 0.4316 0.1886 0.0215 0.0553
72 0.0253 0.3062 0.3416 0.2578 0.0187 0.0504
73 0.0655 0.1672 0.0307 0.1672 0.2981 0.2715
74 0.0861 0.0848 0.0640 0.0976 0.4441 0.2234
75 0.0716 0.1199 0.4744 0.2040 0.0728 0.0575
76 0.0974 0.1121 0.1290 0.5024 0.1486 0.0105
77 0.0255 0.1143 0.4810 0.3057 0.0561 0.0175
78 0.0719 0.0655 0.0645 0.2358 0.5073 0.0551
79 0.0397 0.0676 0.0587 0.2803 0.4995 0.0543
80 0.0630 0.1688 0.3987 0.2573 0.0491 0.0630
81 0.0284 0.0856 0.5850 0.2327 0.0553 0.0131
82 0.0449 0.0595 0.1077 0.1405 0.4463 0.2012
83 0.0538 0.1176 0.3296 0.3735 0.1139 0.0116
84 0.0680 0.0538 0.1331 0.2732 0.2527 0.2195
85 0.0949 0.0369 0.1482 0.1653 0.2156 0.3391
86 0.0188 0.1283 0.5234 0.2051 0.0065 0.1177
87 0.0667 0.1757 0.1649 0.3130 0.0985 0.1812
88 0.0461 0.0419 0.3621 0.0702 0.1232 0.3564
89 0.0441 0.1482 0.4092 0.2368 0.1288 0.0331
90 0.0993 0.1227 0.0786 0.4116 0.1716 0.1161
91 0.0621 0.1754 0.1089 0.2915 0.3152 0.0468
92 0.0523 0.2068 0.4309 0.1913 0.0947 0.0241
93 0.1066 0.1017 0.2808 0.2401 0.1930 0.0779
94 0.0967 0.0888 0.1354 0.4438 0.1909 0.0443
95 0.1561 0.1490 0.3865 0.0829 0.2006 0.0247
96 0.0359 0.2181 0.3274 0.3325 0.0630 0.0232
97 0.2035 0.0889 0.1489 0.3462 0.1912 0.0215
98 0.1085 0.0695 0.0604 0.3066 0.2791 0.1760
99 0.0966 0.2566 0.2429 0.1833 0.1998 0.0206
100 0.1666 0.0972 0.1298 0.2856 0.1101 0.2106
101 0.0883 0.1116 0.1812 0.1675 0.2676 0.1840
102 0.0337 0.0944 0.3193 0.1509 0.3792 0.0226
103 0.1345 0.0779 0.1107 0.2554 0.2289 0.1927
104 0.0421 0.1691 0.2537 0.3579 0.1492 0.0282
105 0.1140 0.0461 0.0582 0.3564 0.1006 0.3247
106 0.2283 0.1104 0.0860 0.2112 0.1498 0.2145
107 0.0429 0.3000 0.2030 0.1968 0.1321 0.1251
108 0.0441 0.3867 0.3521 0.1445 0.0253 0.0473
109 0.1421 0.0704 0.0903 0.2100 0.3103 0.1769
110 0.0878 0.0478 0.0787 0.5381 0.1494 0.0980
111 0.0928 0.0972 0.1288 0.3555 0.2190 0.1068
112 0.1176 0.1030 0.0329 0.1242 0.5972 0.0252
113 0.1619 0.1749 0.1406 0.1342 0.3506 0.0378
114 0.1174 0.1967 0.0723 0.0880 0.4680 0.0577
115 0.0815 0.1477 0.0587 0.0903 0.3542 0.2673
116 0.0584 0.1665 0.1692 0.4121 0.0349 0.1589
117 0.1119 0.2502 0.2242 0.2090 0.0381 0.1666
118 0.0856 0.2327 0.0341 0.5161 0.0411 0.0904
119 0.0602 0.1942 0.0218 0.6567 0.0289 0.0382
120 0.0313 0.3416 0.3811 0.1614 0.0173 0.0673
121 0.0354 0.2167 0.1636 0.4377 0.0271 0.1196
122 0.0744 0.3494 0.2153 0.1930 0.0768 0.0911
123 0.0576 0.4255 0.2207 0.1219 0.0851 0.0892
124 0.0823 0.1179 0.1598 0.2085 0.3955 0.0359
125 0.0263 0.1766 0.1880 0.5439 0.0370 0.0280
126 0.0724 0.3196 0.2412 0.2607 0.0783 0.0275
127 0.0647 0.1993 0.2443 0.3445 0.0927 0.0545
128 0.0641 0.4592 0.1716 0.0993 0.0948 0.1108
129 0.0808 0.0724 0.1879 0.3350 0.1558 0.1683
130 0.1027 0.2622 0.1145 0.1641 0.2542 0.1027
131 0.0605 0.1571 0.1262 0.1547 0.3540 0.1476
132 0.0902 0.0917 0.1105 0.4802 0.1740 0.0535
133 0.1021 0.1749 0.1184 0.3425 0.2212 0.0409
134 0.0842 0.1624 0.0579 0.6030 0.0552 0.0374
135 0.2056 0.3184 0.0378 0.2991 0.1267 0.0123
136 0.2166 0.3831 0.0332 0.2781 0.0778 0.0115
137 0.0514 0.4990 0.2113 0.1522 0.0490 0.0370
138 0.0840 0.2844 0.1429 0.1954 0.1385 0.1545
139 0.0371 0.0862 0.2035 0.2825 0.2783 0.1124
140 0.0375 0.1566 0.0965 0.3020 0.3115 0.0958
141 0.0687 0.2437 0.1598 0.3079 0.1727 0.0472
142 0.0840 0.4399 0.1104 0.1658 0.1697 0.0302
143 0.1443 0.3433 0.0720 0.2306 0.1781 0.0317
144 0.1400 0.2964 0.1024 0.3359 0.1065 0.0187
145 0.1506 0.3877 0.1371 0.2227 0.0886 0.0135
146 0.0329 0.1968 0.3398 0.2688 0.0820 0.0795
147 0.0203 0.0881 0.1365 0.5654 0.1167 0.0730
148 0.0657 0.2025 0.0700 0.2561 0.2123 0.1932
149 0.0512 0.2969 0.2104 0.4058 0.0272 0.0085
150 0.0636 0.4314 0.2964 0.1743 0.0282 0.0062
151 0.0398 0.5991 0.2136 0.1348 0.0099 0.0026
152 0.0476 0.2825 0.1443 0.1560 0.3103 0.0592
153 0.0633 0.3447 0.1578 0.0794 0.3091 0.0456
154 0.1237 0.4089 0.2385 0.1227 0.0716 0.0346
155 0.1578 0.3342 0.1980 0.1137 0.1904 0.0057
156 0.1255 0.3306 0.1326 0.2576 0.1400 0.0139
157 0.0378 0.2242 0.1802 0.4189 0.0485 0.0906
158 0.0133 0.4375 0.1039 0.3801 0.0239 0.0413
159 0.0143 0.2209 0.0892 0.6392 0.0229 0.0133
160 0.0228 0.3618 0.0701 0.4795 0.0538 0.0120
161 0.0429 0.2800 0.1725 0.3274 0.0605 0.1167
162 0.0637 0.2330 0.2189 0.3499 0.0678 0.0668
163 0.0513 0.3000 0.1848 0.2732 0.0619 0.1290
164 0.0596 0.1925 0.3379 0.1547 0.0983 0.1571
165 0.0161 0.3289 0.1119 0.5254 0.0084 0.0091
166 0.1053 0.5518 0.0412 0.2299 0.0546 0.0175
167 0.0777 0.2179 0.2356 0.1984 0.1644 0.1061
168 0.0361 0.0569 0.1594 0.5835 0.0967 0.0675
169 0.0081 0.2527 0.0901 0.5967 0.0049 0.0478
170 0.0641 0.2494 0.2573 0.2167 0.2036 0.0089
171 0.0138 0.3000 0.1656 0.4575 0.0084 0.0546
172 0.0185 0.0699 0.1266 0.6953 0.0488 0.0411
173 0.0257 0.1901 0.1135 0.5503 0.0598 0.0608
174 0.0476 0.3955 0.0939 0.3657 0.0179 0.0791
175 0.0414 0.2206 0.1180 0.5210 0.0558 0.0434
176 0.0637 0.5767 0.1370 0.2056 0.0101 0.0070
177 0.0443 0.1013 0.0997 0.3647 0.3323 0.0577
178 0.0165 0.1993 0.1482 0.5859 0.0148 0.0352
179 0.0670 0.1251 0.0680 0.5967 0.0959 0.0475
180 0.0857 0.6089 0.1180 0.1267 0.0496 0.0111
181 0.0734 0.2686 0.1603 0.3557 0.0769 0.0652
182 0.0220 0.1932 0.2405 0.1963 0.2812 0.0668
183 0.0863 0.0607 0.1091 0.1855 0.5288 0.0296
184 0.0352 0.3186 0.0599 0.4785 0.0590 0.0489
185 0.0967 0.5186 0.0908 0.2196 0.0426 0.0316
186 0.0388 0.2842 0.0853 0.3650 0.1893 0.0373
187 0.0544 0.1226 0.0579 0.1170 0.5581 0.0897
188 0.0545 0.3613 0.1904 0.2771 0.1035 0.0133
189 0.1248 0.5093 0.0818 0.2157 0.0637 0.0046
190 0.1094 0.3425 0.1484 0.3267 0.0521 0.0209
191 0.0145 0.2166 0.1768 0.5361 0.0223 0.0340
192 0.0699 0.2122 0.2559 0.3723 0.0831 0.0066
193 0.0619 0.2820 0.1998 0.2649 0.1764 0.0152
194 0.0399 0.2262 0.1655 0.2334 0.2297 0.1052
195 0.0507 0.5449 0.2615 0.1335 0.0065 0.0028
196 0.0157 0.2383 0.1179 0.5625 0.0240 0.0414
197 0.0304 0.5312 0.0748 0.2935 0.0379 0.0322
198 0.0690 0.5098 0.2076 0.1667 0.0456 0.0012
199 0.0541 0.6592 0.1471 0.1278 0.0104 0.0017
200 0.0144 0.1871 0.1246 0.5674 0.0320 0.0744
201 0.0316 0.4678 0.1405 0.2837 0.0446 0.0318
202 0.1460 0.2280 0.1201 0.4065 0.0943 0.0052
203 0.0132 0.3193 0.1104 0.5186 0.0109 0.0279
204 0.0654 0.5229 0.0665 0.1807 0.1385 0.0260
205 0.0733 0.3362 0.1423 0.1564 0.2347 0.0571
206 0.0157 0.1036 0.0467 0.6758 0.1174 0.0406
207 0.1189 0.1564 0.1527 0.2898 0.2257 0.0566
208 0.0886 0.1183 0.0619 0.2092 0.4790 0.0432
209 0.0221 0.0114 0.0377 0.0602 0.8306 0.0382
210 0.0300 0.0322 0.0241 0.0823 0.8052 0.0261
211 0.0724 0.3674 0.0664 0.4646 0.0196 0.0096
212 0.1721 0.4644 0.0740 0.2045 0.0707 0.0142
213 0.0847 0.2690 0.1820 0.3455 0.1087 0.0103
214 0.0728 0.2971 0.1627 0.3474 0.1110 0.0090
215 0.0200 0.0731 0.1282 0.7041 0.0429 0.0319
216 0.0429 0.3535 0.0981 0.3269 0.1384 0.0400
217 0.1505 0.2725 0.1181 0.2725 0.1553 0.0313
218 0.1534 0.2339 0.0494 0.4370 0.0867 0.0394
219 0.0320 0.1489 0.1294 0.3630 0.2418 0.0849
220 0.0506 0.2651 0.1030 0.3198 0.1420 0.1195
221 0.0511 0.1898 0.1755 0.5327 0.0444 0.0065
222 0.0367 0.5742 0.1131 0.2471 0.0260 0.0026
223 0.0312 0.5620 0.0784 0.3008 0.0232 0.0045
224 0.1087 0.0577 0.0840 0.1558 0.4949 0.0990
225 0.1147 0.0996 0.0752 0.2045 0.4260 0.0801
226 0.1650 0.0553 0.1188 0.1456 0.3718 0.1433
227 0.0461 0.2098 0.3682 0.1398 0.2065 0.0295
228 0.0836 0.3806 0.0817 0.2874 0.1422 0.0243
229 0.0277 0.0429 0.0881 0.5654 0.1594 0.1166
230 0.0324 0.0809 0.1766 0.1851 0.5029 0.0221
231 0.0858 0.3904 0.0372 0.0831 0.3967 0.0068
232 0.0385 0.2395 0.0790 0.4072 0.2080 0.0277
233 0.0881 0.3149 0.0650 0.2216 0.2759 0.0345
234 0.0319 0.1465 0.3625 0.4172 0.0282 0.0137
235 0.0479 0.2471 0.1185 0.2395 0.3027 0.0443
236 0.0703 0.1141 0.1377 0.3516 0.2739 0.0523
237 0.0284 0.2001 0.1006 0.4104 0.2489 0.0116
238 0.0209 0.0644 0.0397 0.4133 0.3120 0.1497
239 0.0231 0.0843 0.0335 0.2942 0.3284 0.2365
240 0.0942 0.4976 0.1136 0.2444 0.0283 0.0217
241 0.0508 0.4673 0.1019 0.3474 0.0292 0.0035
242 0.1064 0.3381 0.2289 0.2494 0.0511 0.0261
243 0.1469 0.4778 0.0762 0.2703 0.0249 0.0039
244 0.0358 0.1603 0.0928 0.1934 0.4094 0.1085
245 0.0623 0.4641 0.1329 0.2996 0.0355 0.0054
246 0.0413 0.3511 0.0707 0.4951 0.0286 0.0132
247 0.0539 0.2844 0.0697 0.4172 0.1725 0.0023
248 0.0788 0.2837 0.1567 0.4065 0.0159 0.0585
249 0.0553 0.2944 0.1359 0.4814 0.0240 0.0091
250 0.0260 0.1453 0.1753 0.5400 0.0213 0.0923
251 0.0377 0.3523 0.1638 0.4119 0.0131 0.0213
252 0.0332 0.0895 0.0200 0.0771 0.1242 0.6562
253 0.0531 0.1536 0.1123 0.3101 0.3005 0.0703
254 0.0795 0.0886 0.2029 0.4868 0.0974 0.0449
255 0.1528 0.0678 0.1017 0.4780 0.1504 0.0492
256 0.0922 0.2283 0.1805 0.3677 0.0759 0.0555
257 0.0610 0.2145 0.1864 0.4507 0.0211 0.0665
258 0.0277 0.1698 0.5356 0.2285 0.0204 0.0179
259 0.0513 0.2861 0.2466 0.3701 0.0196 0.0262
260 0.0492 0.5410 0.0811 0.3013 0.0230 0.0045
261 0.0900 0.5264 0.0746 0.2751 0.0297 0.0041
262 0.0666 0.6567 0.1056 0.1244 0.0414 0.0051
263 0.0878 0.4561 0.1425 0.2347 0.0710 0.0079
264 0.0953 0.3831 0.1366 0.3486 0.0317 0.0049
265 0.0656 0.4700 0.1216 0.3010 0.0357 0.0061
266 0.0626 0.0947 0.1727 0.2593 0.2117 0.1989
267 0.0313 0.1145 0.2622 0.4897 0.0338 0.0684
268 0.0541 0.1360 0.2106 0.1470 0.2832 0.1692
269 0.0317 0.4304 0.1252 0.3352 0.0267 0.0506
270 0.0638 0.2028 0.3093 0.3240 0.0372 0.0628
271 0.0779 0.1124 0.2167 0.1854 0.2134 0.1942
272 0.0743 0.1809 0.1283 0.1366 0.3276 0.1523
273 0.0150 0.1333 0.4441 0.2959 0.0736 0.0382
274 0.0369 0.1328 0.0393 0.5771 0.0769 0.1371
275 0.0280 0.1786 0.1504 0.5674 0.0677 0.0080
276 0.0271 0.0848 0.2133 0.5361 0.1254 0.0134
277 0.0323 0.1138 0.4863 0.2280 0.1299 0.0096
278 0.1226 0.1537 0.2457 0.1702 0.2698 0.0380
279 0.1196 0.3569 0.1454 0.2396 0.1123 0.0263
280 0.1796 0.4480 0.1047 0.1466 0.0862 0.0351
281 0.0678 0.0979 0.1732 0.1692 0.3933 0.0987
282 0.1042 0.0787 0.1760 0.1298 0.4155 0.0957
283 0.0897 0.1550 0.3132 0.1305 0.2273 0.0843
284 0.1036 0.1183 0.2263 0.2109 0.2410 0.0997
285 0.0042 0.0895 0.0665 0.8105 0.0010 0.0282
286 0.0237 0.1740 0.0976 0.6362 0.0275 0.0407
287 0.0316 0.0599 0.0467 0.8018 0.0288 0.0311
288 0.0102 0.1266 0.2188 0.5942 0.0138 0.0363
289 0.0606 0.1376 0.1852 0.1766 0.3921 0.0479
290 0.0829 0.4312 0.0969 0.3279 0.0527 0.0084
291 0.0711 0.1101 0.1705 0.2725 0.2993 0.0763
292 0.0487 0.1000 0.1796 0.3152 0.2676 0.0889
293 0.0287 0.0755 0.0829 0.7510 0.0437 0.0182
294 0.0213 0.0331 0.1035 0.7886 0.0159 0.0375
295 0.0043 0.0732 0.0437 0.7988 0.0046 0.0755
296 0.0077 0.0452 0.1002 0.8135 0.0033 0.0301
297 0.0464 0.2651 0.1766 0.4512 0.0218 0.0388
298 0.0486 0.3503 0.0928 0.3044 0.1508 0.0529
299 0.0287 0.0872 0.0819 0.7183 0.0274 0.0563
300 0.0407 0.0531 0.0565 0.8047 0.0154 0.0293
301 0.0099 0.1494 0.1448 0.5815 0.0014 0.1128
302 0.0613 0.1565 0.1666 0.4973 0.1042 0.0139
303 0.0130 0.1132 0.0518 0.6416 0.0157 0.1648
304 0.0136 0.7070 0.0858 0.1787 0.0008 0.0142
305 0.0076 0.0629 0.0394 0.8418 0.0042 0.0439
306 0.1052 0.3345 0.0633 0.1020 0.3093 0.0859
307 0.1025 0.1423 0.0912 0.1469 0.4185 0.0986
308 0.0395 0.3958 0.0883 0.4417 0.0140 0.0208
309 0.1205 0.5195 0.0515 0.1355 0.1622 0.0108
310 0.0635 0.6768 0.0630 0.0991 0.0938 0.0037
311 0.0162 0.0834 0.1194 0.6162 0.1510 0.0140
312 0.0488 0.1718 0.3015 0.3872 0.0470 0.0438
313 0.0795 0.0901 0.3323 0.3428 0.0801 0.0753
314 0.0158 0.0607 0.2119 0.6328 0.0431 0.0357
315 0.0343 0.2007 0.0750 0.6182 0.0285 0.0434
316 0.1622 0.0910 0.0714 0.1356 0.4143 0.1254
317 0.2142 0.1121 0.0839 0.2505 0.1749 0.1643
318 0.1172 0.4709 0.1815 0.1035 0.0995 0.0274
319 0.1396 0.0765 0.0707 0.1364 0.4507 0.1261
320 0.1016 0.1959 0.1207 0.1929 0.1411 0.2477
321 0.1281 0.1028 0.1749 0.2886 0.0930 0.2128
322 0.0486 0.3887 0.0834 0.2932 0.1113 0.0748
323 0.0637 0.1504 0.3840 0.1902 0.1931 0.0185
324 0.0321 0.4299 0.2015 0.2712 0.0453 0.0200
325 0.1221 0.4790 0.0936 0.2092 0.0872 0.0088
326 0.0159 0.1819 0.1682 0.5781 0.0161 0.0396
327 0.0054 0.3445 0.0700 0.5684 0.0025 0.0094
328 0.0277 0.0936 0.0517 0.7251 0.0525 0.0493
329 0.0696 0.2649 0.0724 0.5269 0.0443 0.0222
330 0.1671 0.5146 0.0724 0.1864 0.0486 0.0105
331 0.1788 0.2108 0.1229 0.2026 0.2314 0.0533
332 0.0944 0.5874 0.0639 0.2078 0.0443 0.0023
333 0.2488 0.2690 0.1021 0.2690 0.1062 0.0048
334 0.1191 0.1747 0.0341 0.5684 0.0812 0.0227
335 0.0156 0.1018 0.1993 0.1705 0.4858 0.0270
336 0.0273 0.1367 0.3435 0.0626 0.4016 0.0282
337 0.0412 0.1426 0.1831 0.4189 0.0254 0.1888
338 0.0479 0.4548 0.1431 0.2397 0.1015 0.0129
339 0.0893 0.1036 0.2061 0.3503 0.1935 0.0572
340 0.0787 0.4092 0.0366 0.2463 0.2225 0.0066
341 0.0343 0.1368 0.3083 0.4348 0.0548 0.0308
342 0.0650 0.0861 0.1880 0.5615 0.0167 0.0828
343 0.0951 0.1061 0.1036 0.4536 0.1847 0.0568
344 0.1189 0.4021 0.1246 0.1161 0.2328 0.0054
345 0.0280 0.3311 0.1772 0.3364 0.0034 0.1238
346 0.0323 0.0540 0.0905 0.7573 0.0170 0.0492
347 0.0910 0.0842 0.1000 0.4998 0.1064 0.1187
348 0.0483 0.4438 0.1140 0.3298 0.0413 0.0226
349 0.0759 0.4761 0.1451 0.1738 0.0923 0.0367
350 0.1091 0.0354 0.0584 0.3809 0.3467 0.0693
351 0.0597 0.4771 0.2717 0.1410 0.0382 0.0122
352 0.0497 0.0832 0.0712 0.5259 0.1309 0.1393
353 0.0263 0.2944 0.0532 0.5674 0.0383 0.0200
354 0.0674 0.5259 0.0633 0.1642 0.1494 0.0301
355 0.1166 0.1364 0.1697 0.2283 0.2932 0.0559
356 0.0134 0.0405 0.0375 0.1436 0.7295 0.0357
357 0.1003 0.6240 0.0800 0.1732 0.0177 0.0051
358 0.1812 0.2739 0.0607 0.3179 0.1561 0.0103
359 0.1123 0.1971 0.0293 0.5073 0.1387 0.0154
360 0.0403 0.5220 0.1616 0.0996 0.1495 0.0270
361 0.1136 0.4565 0.1298 0.1733 0.0957 0.0308
362 0.2252 0.3462 0.0862 0.2379 0.0947 0.0098
363 0.2551 0.3125 0.0665 0.2529 0.0960 0.0170
364 0.2383 0.2808 0.0602 0.1467 0.2537 0.0205
365 0.2045 0.3167 0.0872 0.1920 0.1906 0.0091
366 0.0690 0.0845 0.1603 0.5337 0.1329 0.0195
367 0.0822 0.0284 0.1376 0.5977 0.1006 0.0539
