time exciting_prob fearful_prob tense_prob sad_prob relaxing_prob neutral_prob
0 0.2092 0.0807 0.0770 0.2644 0.0690 0.2998
1 0.0142 0.8223 0.1545 0.0068 0.0017 0.0003
2 0.0307 0.7163 0.2437 0.0027 0.0061 0.0005
3 0.0326 0.7310 0.2264 0.0036 0.0059 0.0004
4 0.0749 0.3179 0.5581 0.0417 0.0060 0.0016
5 0.1038 0.3623 0.4763 0.0483 0.0071 0.0020
6 0.0578 0.6611 0.2413 0.0111 0.0284 0.0004
7 0.0387 0.6045 0.3237 0.0176 0.0136 0.0018
8 0.0670 0.2590 0.4875 0.1429 0.0291 0.0145
9 0.0439 0.5269 0.3945 0.0175 0.0155 0.0017
10 0.0361 0.4360 0.4978 0.0155 0.0137 0.0009
11 0.0444 0.6831 0.2271 0.0398 0.0043 0.0013
12 0.0385 0.4587 0.4587 0.0374 0.0050 0.0015
13 0.0446 0.7192 0.2092 0.0179 0.0079 0.0013
14 0.0386 0.7393 0.2085 0.0095 0.0026 0.0014
15 0.0264 0.4297 0.4575 0.0639 0.0173 0.0051
16 0.0543 0.4407 0.3433 0.1442 0.0171 0.0003
17 0.0533 0.7656 0.1394 0.0381 0.0031 0.0003
18 0.1875 0.4160 0.1747 0.1890 0.0290 0.0040
19 0.0740 0.7246 0.1761 0.0119 0.0130 0.0005
20 0.0574 0.8501 0.0626 0.0179 0.0102 0.0017
21 0.0664 0.8286 0.0807 0.0130 0.0101 0.0012
22 0.0909 0.7153 0.1465 0.0209 0.0241 0.0022
23 0.0584 0.6040 0.2556 0.0417 0.0377 0.0025
24 0.0351 0.7734 0.1726 0.0038 0.0145 0.0007
25 0.0270 0.8325 0.1248 0.0112 0.0039 0.0005
26 0.1033 0.5942 0.1959 0.0738 0.0305 0.0021
27 0.0217 0.6763 0.2607 0.0331 0.0072 0.0007
28 0.0271 0.6621 0.2717 0.0307 0.0065 0.0016
29 0.0051 0.7280 0.2556 0.0093 0.0020 0.0002
30 0.0137 0.7310 0.2411 0.0072 0.0062 0.0009
31 0.0045 0.6338 0.3394 0.0199 0.0005 0.0018
32 0.0606 0.5576 0.2915 0.0330 0.0565 0.0007
33 0.0596 0.7788 0.1194 0.0157 0.0258 0.0010
34 0.0145 0.6875 0.2822 0.0103 0.0045 0.0011
35 0.0151 0.4734 0.4312 0.0732 0.0027 0.0046
36 0.0508 0.5210 0.3337 0.0333 0.0603 0.0012
37 0.0242 0.6743 0.2832 0.0055 0.0089 0.0040
38 0.0470 0.6050 0.3186 0.0157 0.0113 0.0025
39 0.1022 0.6021 0.2031 0.0713 0.0099 0.0116
40 0.1071 0.4438 0.3171 0.0827 0.0400 0.0093
41 0.0835 0.4998 0.3435 0.0332 0.0385 0.0016
42 0.0773 0.3748 0.4485 0.0215 0.0773 0.0006
43 0.0325 0.3667 0.5859 0.0035 0.0103 0.0010
44 0.0138 0.8218 0.1593 0.0042 0.0010 0.0001
45 0.0434 0.6226 0.2942 0.0169 0.0205 0.0024
46 0.0916 0.4758 0.3647 0.0505 0.0052 0.0120
47 0.0675 0.4436 0.4436 0.0385 0.0030 0.0037
48 0.0415 0.7954 0.1426 0.0115 0.0035 0.0053
49 0.0308 0.6484 0.2922 0.0208 0.0030 0.0048
50 0.0459 0.6099 0.2881 0.0363 0.0077 0.0123
51 0.0674 0.2861 0.4609 0.1231 0.0563 0.0061
52 0.0430 0.6626 0.2556 0.0280 0.0062 0.0043
53 0.0244 0.6631 0.2988 0.0100 0.0024 0.0012
54 0.0417 0.7559 0.1610 0.0291 0.0105 0.0017
55 0.0525 0.2245 0.3318 0.3589 0.0129 0.0195
56 0.0349 0.4785 0.2296 0.1654 0.0892 0.0024
57 0.0456 0.7476 0.0936 0.0758 0.0350 0.0025
58 0.0335 0.7866 0.1525 0.0122 0.0118 0.0034
59 0.0507 0.7446 0.1812 0.0150 0.0046 0.0039
60 0.0677 0.6274 0.2438 0.0447 0.0134 0.0031
61 0.0793 0.2190 0.5015 0.1680 0.0229 0.0094
62 0.0908 0.4434 0.4231 0.0324 0.0059 0.0045
63 0.0566 0.2102 0.5283 0.1715 0.0072 0.0261
64 0.1129 0.1906 0.5103 0.1508 0.0166 0.0190
65 0.0786 0.3181 0.5581 0.0380 0.0062 0.0011
66 0.0778 0.6406 0.2471 0.0203 0.0134 0.0008
67 0.0870 0.6738 0.1786 0.0301 0.0294 0.0010
68 0.1131 0.4951 0.3247 0.0307 0.0342 0.0020
69 0.0591 0.3701 0.2930 0.2544 0.0172 0.0062
70 0.0258 0.8223 0.1332 0.0147 0.0035 0.0007
71 0.0463 0.7354 0.1720 0.0294 0.0164 0.0007
72 0.0439 0.7666 0.1418 0.0309 0.0154 0.0014
73 0.0307 0.8242 0.1245 0.0182 0.0024 0.0001
74 0.0389 0.6953 0.2440 0.0174 0.0044 0.0003
75 0.0444 0.6787 0.2517 0.0178 0.0070 0.0005
76 0.0558 0.7817 0.1100 0.0374 0.0148 0.0004
77 0.0292 0.3667 0.5859 0.0150 0.0017 0.0012
78 0.0516 0.7769 0.1060 0.0550 0.0098 0.0007
79 0.0370 0.6929 0.1301 0.1301 0.0090 0.0007
80 0.0246 0.4790 0.3560 0.1351 0.0035 0.0019
81 0.0396 0.4783 0.3726 0.0899 0.0027 0.0170
82 0.0509 0.5430 0.3562 0.0370 0.0096 0.0034
83 0.0581 0.4678 0.2544 0.1980 0.0195 0.0024
84 0.1508 0.6104 0.1736 0.0422 0.0202 0.0027
85 0.0106 0.6235 0.3389 0.0229 0.0034 0.0007
86 0.0189 0.8105 0.1283 0.0337 0.0072 0.0012
87 0.0685 0.5776 0.3191 0.0222 0.0082 0.0045
88 0.0508 0.4741 0.4316 0.0231 0.0191 0.0014
89 0.0693 0.4343 0.4771 0.0072 0.0120 0.0001
90 0.1078 0.3562 0.4832 0.0288 0.0219 0.0021
91 0.0637 0.3525 0.3582 0.1993 0.0204 0.0061
92 0.0831 0.6641 0.2106 0.0281 0.0140 0.0003
93 0.0450 0.6919 0.2283 0.0135 0.0211 0.0002
94 0.0911 0.6084 0.2345 0.0503 0.0133 0.0025
95 0.0718 0.5264 0.3562 0.0375 0.0063 0.0021
96 0.0428 0.6582 0.2520 0.0366 0.0080 0.0025
97 0.1290 0.5693 0.2161 0.0789 0.0046 0.0023
98 0.0861 0.5195 0.3433 0.0400 0.0044 0.0069
99 0.0977 0.5801 0.2654 0.0348 0.0218 0.0004
100 0.0441 0.7812 0.1422 0.0211 0.0110 0.0004
101 0.0151 0.6011 0.3479 0.0290 0.0059 0.0007
102 0.1519 0.5425 0.1919 0.0776 0.0246 0.0116
103 0.0718 0.6606 0.2247 0.0266 0.0124 0.0041
104 0.0866 0.6919 0.2094 0.0103 0.0006 0.0010
105 0.0787 0.7241 0.1720 0.0187 0.0048 0.0016
106 0.0425 0.7480 0.1763 0.0125 0.0202 0.0006
107 0.0986 0.5586 0.2898 0.0325 0.0169 0.0036
108 0.0276 0.5718 0.3359 0.0368 0.0272 0.0009
109 0.0222 0.5859 0.3552 0.0313 0.0037 0.0017
110 0.0191 0.7812 0.1770 0.0185 0.0039 0.0003
111 0.0875 0.4729 0.3953 0.0079 0.0353 0.0010
112 0.0218 0.6826 0.1597 0.1141 0.0192 0.0026
113 0.0047 0.8447 0.1074 0.0421 0.0005 0.0005
114 0.0058 0.8027 0.1791 0.0105 0.0009 0.0008
115 0.0558 0.7700 0.0831 0.0173 0.0717 0.0021
116 0.0423 0.5527 0.3052 0.0443 0.0539 0.0019
117 0.0103 0.7231 0.2385 0.0219 0.0056 0.0004
118 0.0067 0.7979 0.1781 0.0156 0.0009 0.0008
119 0.0362 0.7148 0.1698 0.0610 0.0162 0.0017
120 0.0075 0.6685 0.2617 0.0589 0.0024 0.0010
121 0.1044 0.6201 0.1604 0.1028 0.0120 0.0005
122 0.3027 0.5654 0.0582 0.0573 0.0151 0.0009
123 0.0316 0.7129 0.2279 0.0242 0.0021 0.0013
124 0.0285 0.7300 0.1846 0.0452 0.0099 0.0019
125 0.0341 0.7017 0.2462 0.0150 0.0029 0.0003
126 0.0378 0.5547 0.2106 0.1887 0.0064 0.0019
127 0.0654 0.5186 0.3562 0.0564 0.0023 0.0014
128 0.0858 0.3728 0.1052 0.4031 0.0107 0.0226
129 0.0502 0.7324 0.1925 0.0200 0.0025 0.0024
130 0.1093 0.7129 0.1155 0.0521 0.0068 0.0034
131 0.1060 0.6699 0.1681 0.0415 0.0067 0.0079
132 0.0685 0.4163 0.4536 0.0529 0.0073 0.0015
133 0.1399 0.5156 0.2551 0.0790 0.0072 0.0031
134 0.1818 0.6396 0.1165 0.0474 0.0130 0.0019
135 0.1350 0.7358 0.0859 0.0306 0.0112 0.0015
136 0.1541 0.4895 0.2856 0.0652 0.0030 0.0026
137 0.1521 0.2468 0.3347 0.2546 0.0069 0.0048
138 0.0199 0.4634 0.4934 0.0178 0.0028 0.0026
139 0.0320 0.6694 0.2664 0.0268 0.0025 0.0030
140 0.0739 0.5762 0.3206 0.0222 0.0058 0.0014
141 0.0478 0.6006 0.3140 0.0270 0.0050 0.0056
142 0.0115 0.1898 0.7510 0.0424 0.0017 0.0037
143 0.0643 0.7134 0.1949 0.0104 0.0155 0.0016
144 0.0365 0.3718 0.5581 0.0196 0.0103 0.0034
145 0.0386 0.2661 0.6484 0.0346 0.0098 0.0021
146 0.0637 0.7402 0.1034 0.0710 0.0177 0.0038
147 0.0324 0.7095 0.2395 0.0123 0.0057 0.0009
148 0.0369 0.8076 0.1393 0.0115 0.0027 0.0022
149 0.0945 0.5571 0.3052 0.0359 0.0059 0.0016
150 0.0310 0.7803 0.1742 0.0123 0.0018 0.0003
151 0.0796 0.6509 0.2452 0.0096 0.0131 0.0014
152 0.0373 0.6162 0.3298 0.0118 0.0032 0.0015
153 0.0781 0.5420 0.3364 0.0408 0.0009 0.0018
154 0.0317 0.3716 0.5757 0.0182 0.0013 0.0016
155 0.1531 0.6299 0.1847 0.0142 0.0165 0.0017
156 0.0398 0.3743 0.5708 0.0081 0.0062 0.0010
157 0.0672 0.7280 0.1479 0.0465 0.0046 0.0057
158 0.0704 0.4812 0.4053 0.0333 0.0077 0.0020
159 0.0306 0.3442 0.4219 0.1678 0.0052 0.0303
160 0.0309 0.3855 0.5107 0.0460 0.0231 0.0038
161 0.0851 0.5503 0.3286 0.0257 0.0078 0.0021
162 0.0659 0.3591 0.5479 0.0235 0.0036 0.0002
163 0.0623 0.6748 0.1350 0.1027 0.0184 0.0065
164 0.0544 0.7212 0.1912 0.0228 0.0071 0.0032
165 0.0242 0.1434 0.7998 0.0289 0.0026 0.0012
166 0.0364 0.7715 0.1567 0.0173 0.0170 0.0011
167 0.0349 0.8604 0.0851 0.0019 0.0177 0.0000
168 0.1000 0.6831 0.1913 0.0140 0.0113 0.0002
169 0.0289 0.7231 0.1815 0.0352 0.0266 0.0045
170 0.0514 0.5840 0.3076 0.0506 0.0050 0.0014
171 0.0166 0.8320 0.1276 0.0124 0.0110 0.0006
172 0.0251 0.6416 0.3054 0.0111 0.0161 0.0006
173 0.0525 0.4534 0.4226 0.0439 0.0258 0.0017
174 0.0394 0.5742 0.2490 0.0436 0.0895 0.0042
175 0.0626 0.4485 0.3130 0.0862 0.0849 0.0048
176 0.0116 0.1299 0.8340 0.0133 0.0027 0.0088
177 0.0319 0.6558 0.2864 0.0209 0.0031 0.0021
178 0.0125 0.6318 0.3228 0.0188 0.0058 0.0081
179 0.0210 0.8374 0.1216 0.0081 0.0113 0.0005
180 0.0237 0.6704 0.2883 0.0129 0.0040 0.0005
181 0.0720 0.4517 0.3518 0.0519 0.0661 0.0068
182 0.0547 0.5273 0.3540 0.0397 0.0213 0.0030
183 0.0363 0.5161 0.2678 0.1650 0.0090 0.0056
184 0.0500 0.5049 0.3933 0.0381 0.0126 0.0010
185 0.1063 0.2693 0.4802 0.1323 0.0053 0.0064
186 0.0756 0.2239 0.5166 0.1316 0.0477 0.0045
187 0.0358 0.5391 0.2864 0.1251 0.0079 0.0058
188 0.0861 0.2435 0.6313 0.0061 0.0133 0.0194
189 0.0598 0.4050 0.4626 0.0098 0.0593 0.0034
190 0.1082 0.3835 0.4663 0.0330 0.0077 0.0011
191 0.0876 0.4810 0.3574 0.0593 0.0123 0.0024
192 0.1519 0.1875 0.4426 0.1654 0.0428 0.0098
193 0.0963 0.5244 0.2849 0.0804 0.0124 0.0017
194 0.0945 0.7036 0.1545 0.0332 0.0131 0.0012
195 0.1004 0.5601 0.3020 0.0260 0.0113 0.0005
196 0.0358 0.3118 0.4329 0.1776 0.0370 0.0048
197 0.0870 0.4851 0.3577 0.0511 0.0151 0.0041
198 0.0917 0.5239 0.2939 0.0704 0.0139 0.0062
199 0.0915 0.6201 0.2095 0.0364 0.0358 0.0065
200 0.1030 0.4917 0.3198 0.0502 0.0284 0.0067
201 0.0536 0.5205 0.3838 0.0320 0.0059 0.0042
202 0.0659 0.5967 0.3145 0.0173 0.0052 0.0004
203 0.0413 0.7207 0.1559 0.0670 0.0123 0.0029
204 0.0278 0.5205 0.3867 0.0562 0.0069 0.0020
205 0.0095 0.4417 0.5083 0.0352 0.0015 0.0037
206 0.0812 0.5864 0.0838 0.2174 0.0264 0.0048
207 0.0554 0.7241 0.0906 0.1051 0.0181 0.0067
208 0.0339 0.5864 0.0851 0.2771 0.0139 0.0034
209 0.0966 0.4983 0.2795 0.1005 0.0219 0.0031
210 0.0396 0.6958 0.1887 0.0349 0.0366 0.0045
211 0.0242 0.6802 0.2791 0.0101 0.0036 0.0031
212 0.0481 0.7075 0.2075 0.0224 0.0102 0.0044
213 0.0502 0.5527 0.3125 0.0650 0.0079 0.0118
214 0.0181 0.2157 0.2771 0.4785 0.0060 0.0045
215 0.0051 0.5977 0.3799 0.0145 0.0007 0.0022
216 0.0374 0.5591 0.3552 0.0124 0.0236 0.0123
217 0.0320 0.7407 0.1963 0.0135 0.0159 0.0014
218 0.0323 0.2744 0.6685 0.0055 0.0181 0.0010
219 0.0192 0.1891 0.6499 0.1221 0.0076 0.0123
220 0.0126 0.7974 0.1570 0.0293 0.0034 0.0006
221 0.0273 0.4517 0.2964 0.2101 0.0118 0.0028
222 0.0052 0.7930 0.1913 0.0087 0.0015 0.0007
223 0.1132 0.2612 0.2360 0.3569 0.0142 0.0183
224 0.0476 0.6621 0.1455 0.1263 0.0111 0.0072
225 0.0273 0.8569 0.0791 0.0267 0.0074 0.0025
226 0.0770 0.3118 0.2485 0.3093 0.0279 0.0254
227 0.0649 0.6201 0.2178 0.0795 0.0037 0.0138
228 0.0868 0.6167 0.1597 0.1243 0.0094 0.0030
229 0.0837 0.3286 0.2156 0.2854 0.0177 0.0689
230 0.1831 0.2793 0.3557 0.1616 0.0133 0.0070
231 0.0432 0.1176 0.0649 0.7666 0.0021 0.0058
232 0.0597 0.6836 0.1826 0.0574 0.0114 0.0052
233 0.0667 0.6182 0.2103 0.0933 0.0077 0.0039
234 0.0794 0.4678 0.4194 0.0235 0.0087 0.0013
235 0.2200 0.5527 0.1621 0.0314 0.0293 0.0043
236 0.0885 0.4287 0.4028 0.0326 0.0411 0.0062
237 0.1439 0.3506 0.2045 0.2354 0.0464 0.0193
238 0.1152 0.5205 0.2186 0.1266 0.0098 0.0094
239 0.1259 0.5732 0.1111 0.1667 0.0155 0.0077
240 0.1328 0.5376 0.1075 0.1978 0.0126 0.0117
241 0.1133 0.3628 0.2654 0.2456 0.0086 0.0042
242 0.0800 0.3970 0.3787 0.1299 0.0103 0.0041
243 0.3381 0.2474 0.3203 0.0561 0.0203 0.0177
244 0.0565 0.4697 0.4082 0.0557 0.0082 0.0017
245 0.2527 0.5923 0.0789 0.0605 0.0138 0.0015
246 0.0339 0.6919 0.2078 0.0513 0.0137 0.0013
247 0.0215 0.8306 0.1284 0.0067 0.0124 0.0005
248 0.0441 0.7939 0.1199 0.0257 0.0097 0.0069
249 0.0420 0.4111 0.5361 0.0074 0.0016 0.0017
250 0.0347 0.5347 0.3972 0.0215 0.0052 0.0070
251 0.0248 0.6440 0.3044 0.0195 0.0011 0.0060
252 0.0401 0.4883 0.4517 0.0108 0.0062 0.0031
253 0.0195 0.6465 0.3201 0.0063 0.0061 0.0016
254 0.0579 0.7056 0.1975 0.0308 0.0064 0.0018
255 0.0120 0.7324 0.2181 0.0260 0.0038 0.0077
256 0.0346 0.7119 0.2241 0.0157 0.0122 0.0012
257 0.0177 0.6899 0.2659 0.0213 0.0020 0.0031
258 0.0178 0.6685 0.2920 0.0169 0.0019 0.0028
259 0.0078 0.6514 0.3225 0.0139 0.0010 0.0035
