time exciting_prob fearful_prob tense_prob sad_prob relaxing_prob neutral_prob
0 0.1136 0.1553 0.1349 0.1288 0.0181 0.4492
1 0.1136 0.1553 0.1349 0.1288 0.0181 0.4492
2 0.0663 0.0209 0.3313 0.0428 0.4746 0.0642
3 0.0565 0.0416 0.2452 0.0314 0.5884 0.0370
4 0.1080 0.0468 0.3828 0.0253 0.3652 0.0719
5 0.0744 0.0710 0.4968 0.0455 0.1744 0.1379
6 0.0421 0.0786 0.7344 0.0366 0.0750 0.0333
7 0.0315 0.0380 0.4351 0.0330 0.4351 0.0274
8 0.0600 0.0591 0.3245 0.0432 0.4575 0.0555
9 0.0216 0.1959 0.5244 0.0709 0.0274 0.1599
10 0.0336 0.1844 0.5254 0.0899 0.0899 0.0769
11 0.0473 0.1898 0.4773 0.0688 0.1284 0.0883
12 0.0364 0.2451 0.6162 0.0394 0.0221 0.0406
13 0.0687 0.2034 0.1224 0.0737 0.0403 0.4917
14 0.0367 0.2336 0.2355 0.0350 0.0429 0.4165
15 0.0369 0.2559 0.4285 0.0276 0.1527 0.0986
16 0.1191 0.0231 0.1371 0.0520 0.3186 0.3501
17 0.1135 0.0253 0.0792 0.0710 0.1527 0.5586
18 0.1201 0.0706 0.2043 0.1775 0.1060 0.3215
19 0.0793 0.0781 0.0571 0.0825 0.0341 0.6689
20 0.0089 0.2355 0.6919 0.0262 0.0131 0.0242
21 0.0033 0.2179 0.7607 0.0106 0.0029 0.0047
22 0.0836 0.1197 0.5493 0.0357 0.0593 0.1525
23 0.0830 0.1009 0.6733 0.0310 0.0523 0.0593
24 0.2115 0.0889 0.3625 0.0158 0.2915 0.0298
25 0.0605 0.2267 0.4233 0.0356 0.0702 0.1836
26 0.0792 0.2517 0.2087 0.0511 0.2478 0.1613
27 0.2185 0.0955 0.3035 0.0565 0.2678 0.0583
28 0.1243 0.1106 0.2200 0.0487 0.4141 0.0822
29 0.0820 0.0814 0.2754 0.0840 0.3704 0.1069
30 0.1252 0.1114 0.3887 0.0543 0.2549 0.0655
31 0.1615 0.1191 0.3162 0.0264 0.3313 0.0456
32 0.0337 0.3408 0.3054 0.0345 0.0440 0.2416
33 0.0282 0.1913 0.4885 0.0052 0.2380 0.0487
34 0.0272 0.3186 0.3235 0.1034 0.0722 0.1553
35 0.0139 0.3931 0.5210 0.0180 0.0112 0.0431
36 0.0266 0.6143 0.1680 0.0146 0.0283 0.1482
37 0.0425 0.0880 0.4397 0.0852 0.0981 0.2466
38 0.1013 0.0378 0.4067 0.0776 0.2505 0.1260
39 0.1031 0.0223 0.2981 0.0300 0.3711 0.1753
40 0.1350 0.0378 0.2524 0.0690 0.3503 0.1555
41 0.1060 0.0222 0.1566 0.0318 0.4126 0.2708
42 0.0389 0.0233 0.5811 0.0371 0.1978 0.1218
43 0.0430 0.0748 0.5703 0.0243 0.0181 0.2695
44 0.0548 0.1041 0.6475 0.0441 0.0386 0.1108
45 0.0217 0.2070 0.5630 0.0603 0.0511 0.0970
46 0.0284 0.1271 0.6113 0.0453 0.0348 0.1533
47 0.0499 0.1648 0.4919 0.0423 0.1957 0.0556
48 0.0380 0.1946 0.5459 0.0315 0.1638 0.0263
49 0.0451 0.1295 0.3464 0.0566 0.3521 0.0704
50 0.1116 0.1433 0.3604 0.0602 0.2020 0.1226
51 0.0756 0.2256 0.3181 0.0417 0.2830 0.0562
52 0.1216 0.2698 0.1178 0.0519 0.3630 0.0760
53 0.1307 0.2769 0.2260 0.0393 0.2812 0.0459
54 0.1490 0.3577 0.2637 0.0469 0.0779 0.1049
55 0.1808 0.3247 0.2568 0.0526 0.0692 0.1158
56 0.1780 0.1375 0.1301 0.0649 0.0854 0.4041
57 0.0801 0.2178 0.3882 0.0479 0.1428 0.1231
58 0.0583 0.0573 0.1465 0.2415 0.2866 0.2097
59 0.1025 0.1931 0.2188 0.0492 0.3184 0.1180
60 0.0663 0.0456 0.0367 0.1495 0.6914 0.0105
61 0.1041 0.0978 0.0305 0.0246 0.7402 0.0029
62 0.2108 0.1239 0.1027 0.0764 0.4675 0.0187
63 0.0346 0.2920 0.5044 0.0371 0.0177 0.1143
64 0.0435 0.3237 0.5254 0.0194 0.0253 0.0627
65 0.1071 0.5234 0.2715 0.0198 0.0443 0.0340
66 0.2483 0.0421 0.2686 0.0723 0.2059 0.1628
67 0.1987 0.1809 0.3831 0.0340 0.0828 0.1205
68 0.1572 0.0543 0.2983 0.0420 0.2983 0.1500
69 0.0936 0.2839 0.3293 0.0302 0.0555 0.2076
70 0.1556 0.1113 0.2393 0.0353 0.1417 0.3169
71 0.1604 0.1862 0.4194 0.0740 0.0563 0.1036
72 0.0795 0.1139 0.0880 0.0429 0.5352 0.1406
73 0.0911 0.0499 0.1650 0.0310 0.5493 0.1134
74 0.0121 0.0022 0.0314 0.0099 0.8892 0.0551
75 0.0167 0.0105 0.0175 0.0156 0.9341 0.0059
76 0.0565 0.0543 0.5981 0.0345 0.0468 0.2098
77 0.0797 0.0527 0.5361 0.0167 0.1235 0.1912
78 0.0931 0.1376 0.2130 0.0443 0.3799 0.1323
79 0.0130 0.1606 0.0916 0.0216 0.6870 0.0260
80 0.0511 0.0714 0.0797 0.0156 0.6831 0.0992
81 0.0963 0.0652 0.3311 0.1144 0.0963 0.2966
82 0.1741 0.1584 0.1957 0.1398 0.1454 0.1866
83 0.0069 0.4563 0.4709 0.0199 0.0115 0.0344
84 0.0692 0.4509 0.3247 0.0692 0.0522 0.0340
85 0.0427 0.2167 0.1754 0.0597 0.3408 0.1648
86 0.2150 0.5278 0.0829 0.0606 0.0992 0.0143
87 0.0357 0.0677 0.6631 0.0392 0.0617 0.1326
88 0.0575 0.0602 0.0993 0.0850 0.2458 0.4521
89 0.0891 0.0744 0.2238 0.0732 0.3928 0.1467
90 0.0455 0.0775 0.2172 0.3933 0.1589 0.1075
91 0.0205 0.6333 0.1946 0.0455 0.0986 0.0076
92 0.1838 0.1488 0.3201 0.1674 0.1263 0.0535
93 0.1807 0.0718 0.1157 0.0443 0.5269 0.0605
94 0.0160 0.2991 0.3132 0.0986 0.2478 0.0253
95 0.0332 0.5068 0.2450 0.0324 0.1737 0.0089
96 0.0399 0.3477 0.1860 0.0928 0.3066 0.0270
97 0.0435 0.2769 0.2502 0.0378 0.3813 0.0102
98 0.0993 0.2720 0.3835 0.0750 0.1143 0.0557
99 0.0573 0.4233 0.3679 0.0406 0.1038 0.0070
100 0.2646 0.3882 0.0901 0.0091 0.2373 0.0105
101 0.0693 0.3896 0.1422 0.0357 0.3494 0.0139
102 0.1544 0.2979 0.2566 0.0513 0.1908 0.0490
103 0.1158 0.2932 0.1475 0.0154 0.4041 0.0239
104 0.0958 0.4714 0.3586 0.0164 0.0396 0.0183
105 0.0701 0.4165 0.3193 0.0442 0.1351 0.0148
106 0.1102 0.0879 0.0764 0.4751 0.1165 0.1340
107 0.1167 0.0362 0.3767 0.3325 0.0660 0.0719
108 0.1271 0.0591 0.5186 0.2195 0.0453 0.0307
109 0.0642 0.0333 0.1298 0.7466 0.0079 0.0181
110 0.1915 0.0191 0.2499 0.5210 0.0110 0.0077
111 0.2888 0.1646 0.3428 0.1807 0.0171 0.0062
112 0.1648 0.1141 0.4587 0.2289 0.0271 0.0064
113 0.1648 0.0910 0.3953 0.3127 0.0141 0.0220
114 0.0800 0.0215 0.7236 0.1517 0.0113 0.0117
115 0.2473 0.0280 0.2018 0.4917 0.0203 0.0109
116 0.2333 0.0435 0.5728 0.1191 0.0151 0.0161
117 0.1709 0.0546 0.2908 0.4365 0.0361 0.0111
118 0.0640 0.0413 0.7324 0.1442 0.0095 0.0088
119 0.0919 0.0357 0.3779 0.4705 0.0157 0.0082
120 0.0525 0.1495 0.6704 0.1165 0.0081 0.0029
121 0.1294 0.0897 0.7104 0.0548 0.0120 0.0034
122 0.1024 0.0523 0.2739 0.5449 0.0142 0.0125
123 0.2340 0.1344 0.3174 0.2913 0.0102 0.0130
124 0.3760 0.1461 0.0581 0.2159 0.0344 0.1694
125 0.1558 0.5649 0.1029 0.0385 0.1122 0.0256
126 0.2238 0.3928 0.0688 0.1514 0.1357 0.0276
127 0.1454 0.1660 0.0709 0.3682 0.0797 0.1699
128 0.1316 0.3386 0.2874 0.0156 0.2169 0.0102
129 0.0599 0.5337 0.2424 0.1076 0.0178 0.0384
130 0.0611 0.2324 0.2803 0.2150 0.1432 0.0682
131 0.1560 0.1956 0.1283 0.0213 0.4917 0.0071
132 0.1321 0.3425 0.3372 0.0262 0.1405 0.0216
133 0.0989 0.3618 0.3320 0.0614 0.1270 0.0189
134 0.1061 0.3047 0.3047 0.0149 0.2649 0.0046
135 0.2279 0.0202 0.0313 0.2075 0.0525 0.4604
136 0.1780 0.0394 0.0464 0.4072 0.0490 0.2800
137 0.3147 0.1364 0.0881 0.2510 0.0192 0.1908
138 0.3538 0.1322 0.0847 0.2649 0.0293 0.1353
139 0.3999 0.3213 0.0957 0.0920 0.0100 0.0812
140 0.4836 0.2842 0.0967 0.0564 0.0212 0.0578
141 0.0450 0.5610 0.3538 0.0146 0.0173 0.0083
142 0.1007 0.2166 0.2131 0.3740 0.0714 0.0241
143 0.0350 0.3909 0.4827 0.0489 0.0341 0.0084
144 0.1896 0.2571 0.1781 0.3054 0.0247 0.0450
145 0.2440 0.3037 0.0798 0.2681 0.0234 0.0811
146 0.2947 0.1918 0.2156 0.1859 0.0242 0.0878
147 0.6323 0.1444 0.1099 0.0371 0.0089 0.0677
148 0.2690 0.1070 0.2954 0.3047 0.0168 0.0071
149 0.2537 0.0598 0.4666 0.1975 0.0073 0.0152
150 0.0524 0.3064 0.0500 0.5811 0.0070 0.0031
151 0.1160 0.2849 0.1624 0.3657 0.0671 0.0038
152 0.0836 0.2345 0.3230 0.3010 0.0557 0.0020
153 0.0630 0.0841 0.2017 0.6167 0.0300 0.0047
154 0.0787 0.4744 0.2991 0.0082 0.0532 0.0864
155 0.1139 0.3193 0.2195 0.0229 0.1520 0.1722
156 0.0942 0.3696 0.1191 0.1948 0.0695 0.1528
157 0.0621 0.5161 0.0985 0.0251 0.2477 0.0503
158 0.0918 0.3806 0.1024 0.0351 0.3521 0.0380
159 0.0654 0.4944 0.2078 0.0134 0.0807 0.1384
160 0.0830 0.4558 0.2896 0.0095 0.0395 0.1227
161 0.2759 0.3005 0.0875 0.0725 0.2512 0.0126
162 0.3157 0.2852 0.1813 0.0213 0.0637 0.1327
163 0.3066 0.1630 0.0260 0.1667 0.2859 0.0517
164 0.1198 0.1326 0.0726 0.2942 0.2185 0.1624
165 0.1395 0.1848 0.1532 0.1045 0.2839 0.1342
166 0.0860 0.2080 0.1364 0.0382 0.4302 0.1014
167 0.1262 0.3513 0.1039 0.0362 0.3379 0.0443
168 0.1931 0.3311 0.2155 0.0402 0.2073 0.0128
169 0.0595 0.4504 0.2374 0.1581 0.0605 0.0339
170 0.0509 0.4292 0.2905 0.0219 0.1935 0.0141
171 0.0514 0.4722 0.3794 0.0453 0.0406 0.0110
172 0.0953 0.3352 0.1167 0.0250 0.4236 0.0042
173 0.1752 0.3298 0.1185 0.0166 0.3538 0.0060
174 0.1583 0.3484 0.3738 0.0135 0.1006 0.0054
175 0.1232 0.3538 0.2412 0.0394 0.2047 0.0379
176 0.1512 0.4517 0.3411 0.0081 0.0420 0.0059
177 0.1409 0.3740 0.4375 0.0203 0.0053 0.0219
178 0.1652 0.3523 0.3086 0.0338 0.0117 0.1285
179 0.2700 0.3467 0.2203 0.0662 0.0175 0.0792
180 0.0551 0.1185 0.1453 0.4915 0.0060 0.1836
181 0.2556 0.2419 0.2786 0.1125 0.0182 0.0933
182 0.0303 0.6943 0.2219 0.0112 0.0310 0.0113
183 0.1453 0.3379 0.3352 0.0615 0.0156 0.1047
184 0.3318 0.1331 0.1617 0.1736 0.0031 0.1967
185 0.3516 0.2781 0.1754 0.0939 0.0049 0.0961
186 0.3687 0.2827 0.1124 0.0420 0.0616 0.1324
187 0.4434 0.1967 0.1300 0.1593 0.0258 0.0449
188 0.2013 0.0914 0.1138 0.5781 0.0041 0.0112
189 0.0596 0.2532 0.1571 0.4954 0.0049 0.0298
190 0.1996 0.1249 0.1270 0.4678 0.0079 0.0729
191 0.3389 0.1348 0.3311 0.1527 0.0099 0.0328
192 0.4294 0.1383 0.2390 0.1147 0.0378 0.0409
193 0.3247 0.1375 0.4236 0.0610 0.0186 0.0348
194 0.4253 0.1067 0.3162 0.0920 0.0141 0.0459
195 0.1133 0.4346 0.1854 0.0280 0.2290 0.0097
196 0.0676 0.4011 0.3567 0.0564 0.1105 0.0078
197 0.2144 0.2281 0.1891 0.0425 0.2605 0.0654
198 0.0848 0.3354 0.0703 0.1796 0.2695 0.0602
199 0.0379 0.2935 0.1595 0.2981 0.1243 0.0867
200 0.0829 0.0767 0.0925 0.1649 0.4624 0.1206
201 0.1036 0.0996 0.1555 0.0147 0.3291 0.2974
202 0.2891 0.1560 0.2695 0.0714 0.1007 0.1132
203 0.2925 0.0972 0.1011 0.1591 0.0240 0.3262
204 0.1464 0.1766 0.2510 0.0809 0.0759 0.2693
205 0.1036 0.1192 0.2524 0.4429 0.0095 0.0723
206 0.2119 0.2135 0.5581 0.0096 0.0042 0.0025
207 0.0707 0.2283 0.2864 0.1697 0.0167 0.2283
208 0.1100 0.1978 0.4893 0.0927 0.0116 0.0986
209 0.1097 0.2695 0.5317 0.0479 0.0124 0.0284
210 0.1548 0.1489 0.4551 0.1039 0.0476 0.0896
211 0.0905 0.1247 0.5332 0.1162 0.0193 0.1162
212 0.2339 0.1071 0.3403 0.1475 0.0379 0.1333
213 0.1076 0.2993 0.3237 0.1680 0.0086 0.0928
214 0.1868 0.2235 0.3518 0.0797 0.0377 0.1206
215 0.0940 0.4019 0.1715 0.2134 0.0161 0.1032
216 0.1083 0.0926 0.0811 0.5083 0.0593 0.1503
217 0.0590 0.1076 0.7183 0.0668 0.0119 0.0363
218 0.0817 0.2223 0.5249 0.1246 0.0236 0.0229
219 0.0833 0.2013 0.3345 0.3167 0.0074 0.0568
220 0.0329 0.0815 0.3950 0.4404 0.0164 0.0337
221 0.1125 0.0593 0.2310 0.5044 0.0265 0.0662
222 0.0950 0.1748 0.3789 0.2390 0.0134 0.0988
223 0.0298 0.0749 0.8569 0.0255 0.0083 0.0046
224 0.0367 0.2585 0.6499 0.0399 0.0021 0.0130
225 0.0461 0.1313 0.3252 0.4241 0.0032 0.0703
226 0.3750 0.2764 0.1479 0.1757 0.0046 0.0203
227 0.2172 0.2922 0.1652 0.1208 0.0520 0.1527
228 0.1114 0.1123 0.3101 0.4304 0.0060 0.0298
229 0.0721 0.0745 0.0520 0.5049 0.0346 0.2620
230 0.1074 0.2678 0.1171 0.4453 0.0080 0.0544
231 0.0814 0.2930 0.4004 0.1290 0.0309 0.0654
232 0.0783 0.0582 0.0724 0.6558 0.0193 0.1158
233 0.1152 0.4053 0.4348 0.0092 0.0120 0.0236
234 0.1046 0.2129 0.1879 0.4507 0.0089 0.0353
235 0.3225 0.2935 0.3274 0.0351 0.0097 0.0118
236 0.0271 0.5610 0.2267 0.1333 0.0093 0.0426
237 0.1014 0.0379 0.0342 0.3765 0.0615 0.3884
238 0.3640 0.0942 0.1042 0.2878 0.0157 0.1339
239 0.5522 0.1185 0.0809 0.1595 0.0439 0.0446
240 0.0413 0.4368 0.3145 0.0105 0.1923 0.0048
241 0.0570 0.3411 0.3574 0.0132 0.2255 0.0057
242 0.0832 0.2542 0.3367 0.0172 0.3042 0.0045
243 0.0503 0.4585 0.3489 0.0151 0.1215 0.0058
244 0.0884 0.4155 0.2620 0.0278 0.1993 0.0068
245 0.0926 0.3467 0.2383 0.0104 0.3035 0.0086
246 0.0797 0.4111 0.2759 0.0086 0.2184 0.0063
247 0.3179 0.5000 0.0785 0.0177 0.0779 0.0078
248 0.1981 0.5513 0.1192 0.0158 0.0950 0.0207
249 0.2896 0.3926 0.0561 0.0167 0.1914 0.0536
250 0.1902 0.3726 0.0812 0.0201 0.3064 0.0296
251 0.2091 0.4460 0.0508 0.0153 0.2140 0.0648
252 0.2021 0.3689 0.0484 0.0284 0.1885 0.1637
253 0.1940 0.3250 0.0397 0.1672 0.2181 0.0560
254 0.1113 0.1570 0.1364 0.1301 0.0183 0.4470
