time exciting_prob fearful_prob tense_prob sad_prob relaxing_prob neutral_prob
0 0.1260 0.1299 0.3645 0.2625 0.0266 0.0907
1 0.1339 0.1918 0.4060 0.2140 0.0122 0.0421
2 0.1240 0.1405 0.4263 0.2354 0.0175 0.0563
3 0.0947 0.0574 0.4585 0.3103 0.0087 0.0703
4 0.0736 0.1071 0.2571 0.5439 0.0051 0.0131
5 0.0795 0.0302 0.2448 0.6250 0.0027 0.0177
6 0.1031 0.0606 0.2803 0.4548 0.0075 0.0939
7 0.2047 0.0319 0.2754 0.4402 0.0116 0.0361
8 0.1006 0.1140 0.2568 0.3350 0.0327 0.1608
9 0.0610 0.1711 0.3403 0.2822 0.0312 0.1140
10 0.1409 0.0910 0.5156 0.1648 0.0136 0.0743
11 0.0978 0.2007 0.3809 0.2007 0.0157 0.1041
12 0.0346 0.3284 0.3550 0.0458 0.0242 0.2120
13 0.0289 0.2915 0.2739 0.0947 0.0284 0.2825
14 0.0360 0.1092 0.1691 0.6089 0.0062 0.0705
15 0.1899 0.1870 0.1785 0.2678 0.0065 0.1703
16 0.0415 0.3289 0.2542 0.3188 0.0303 0.0264
17 0.0099 0.1664 0.2310 0.5630 0.0116 0.0182
18 0.0117 0.5107 0.3567 0.0714 0.0083 0.0413
19 0.1140 0.1510 0.1766 0.4170 0.0121 0.1292
20 0.1031 0.2871 0.3408 0.1661 0.0166 0.0862
21 0.0239 0.1779 0.2146 0.4268 0.0162 0.1407
22 0.0503 0.4077 0.2416 0.2019 0.0206 0.0778
23 0.0181 0.0215 0.1339 0.0355 0.0081 0.7827
24 0.0512 0.1733 0.4639 0.1707 0.0326 0.1085
25 0.1423 0.2832 0.2007 0.2617 0.0087 0.1033
26 0.0847 0.2130 0.4441 0.1195 0.0332 0.1055
27 0.0843 0.2292 0.4851 0.1017 0.0308 0.0688
28 0.0808 0.3171 0.4761 0.0587 0.0337 0.0334
29 0.0093 0.1216 0.1637 0.5713 0.0086 0.1255
30 0.0600 0.0859 0.2228 0.1531 0.0872 0.3911
31 0.2627 0.1497 0.1617 0.3882 0.0244 0.0134
32 0.0193 0.0567 0.1110 0.6289 0.0039 0.1802
33 0.0897 0.0465 0.2020 0.3601 0.0077 0.2939
34 0.1124 0.0472 0.1398 0.2251 0.0062 0.4692
35 0.0164 0.1249 0.2262 0.5869 0.0032 0.0425
36 0.0513 0.1708 0.2158 0.2708 0.0077 0.2837
37 0.0187 0.1764 0.2412 0.4368 0.0104 0.1166
38 0.0158 0.0579 0.1116 0.6943 0.0016 0.1188
39 0.0136 0.7764 0.1328 0.0571 0.0025 0.0180
40 0.0072 0.1764 0.0659 0.6978 0.0115 0.0416
41 0.0831 0.1277 0.3933 0.0306 0.1516 0.2139
42 0.0507 0.4050 0.3306 0.1305 0.0200 0.0631
43 0.0574 0.4109 0.2323 0.2323 0.0089 0.0583
44 0.0816 0.0597 0.0883 0.3833 0.0211 0.3660
45 0.1013 0.1311 0.2162 0.3296 0.0279 0.1938
46 0.0970 0.3306 0.3411 0.1049 0.1041 0.0223
47 0.1211 0.2905 0.4570 0.0559 0.0240 0.0513
48 0.0102 0.0383 0.1237 0.7461 0.0021 0.0798
49 0.0235 0.2157 0.3240 0.3140 0.0057 0.1173
50 0.0409 0.4224 0.3394 0.1249 0.0613 0.0110
51 0.0112 0.0087 0.1028 0.0409 0.0155 0.8208
52 0.0413 0.1532 0.4795 0.0316 0.0644 0.2301
53 0.0498 0.1779 0.4336 0.0432 0.0742 0.2214
54 0.0194 0.3435 0.2676 0.3276 0.0227 0.0192
55 0.0322 0.0947 0.2554 0.4275 0.0034 0.1868
56 0.0085 0.0266 0.0899 0.5771 0.0029 0.2949
57 0.0236 0.2068 0.2399 0.3435 0.0067 0.1796
58 0.0557 0.3362 0.2346 0.2007 0.0102 0.1626
59 0.0061 0.4312 0.0947 0.4177 0.0357 0.0146
60 0.0055 0.8501 0.0606 0.0784 0.0047 0.0007
61 0.0208 0.2832 0.3579 0.2460 0.0683 0.0238
62 0.0570 0.5156 0.2437 0.0407 0.1388 0.0043
63 0.0924 0.3379 0.4917 0.0397 0.0024 0.0359
64 0.1290 0.3245 0.4299 0.0518 0.0029 0.0619
65 0.1133 0.3127 0.4844 0.0472 0.0016 0.0407
66 0.1058 0.3206 0.4890 0.0458 0.0017 0.0371
67 0.0620 0.1536 0.5527 0.1881 0.0053 0.0382
68 0.0581 0.2484 0.5513 0.1036 0.0047 0.0339
69 0.0676 0.1598 0.4622 0.2397 0.0071 0.0635
70 0.0829 0.3489 0.3279 0.1700 0.0111 0.0592
71 0.0503 0.1090 0.3464 0.0171 0.0721 0.4050
72 0.0399 0.0536 0.3286 0.0310 0.1118 0.4353
73 0.0888 0.1442 0.3799 0.0119 0.1766 0.1986
74 0.0848 0.1313 0.3406 0.0171 0.2131 0.2131
75 0.2585 0.1013 0.3425 0.2710 0.0042 0.0222
76 0.1832 0.1427 0.3760 0.2751 0.0029 0.0202
77 0.2056 0.1208 0.4026 0.2520 0.0049 0.0143
78 0.0974 0.0782 0.4431 0.2228 0.0054 0.1532
79 0.0246 0.0559 0.2178 0.1130 0.0664 0.5225
80 0.0778 0.1522 0.3171 0.0295 0.2250 0.1985
81 0.1196 0.2654 0.5278 0.0108 0.0183 0.0579
82 0.1603 0.4636 0.1101 0.2561 0.0060 0.0040
83 0.1050 0.3840 0.2024 0.2944 0.0062 0.0080
84 0.1087 0.4648 0.1683 0.2450 0.0053 0.0079
85 0.0520 0.2349 0.5464 0.0415 0.1059 0.0196
86 0.1057 0.2169 0.4966 0.0333 0.1378 0.0098
87 0.0798 0.1703 0.5122 0.0768 0.1348 0.0259
88 0.1061 0.3069 0.1862 0.3369 0.0161 0.0478
89 0.2080 0.0840 0.3887 0.2888 0.0124 0.0179
90 0.1504 0.1731 0.3286 0.3235 0.0113 0.0132
91 0.0706 0.2262 0.5425 0.0339 0.1036 0.0229
92 0.1153 0.2366 0.4351 0.0109 0.1469 0.0553
93 0.0525 0.2263 0.4431 0.0659 0.1020 0.1103
94 0.0385 0.1225 0.4209 0.1098 0.0720 0.2361
95 0.0388 0.0759 0.3975 0.0873 0.1005 0.3000
96 0.0555 0.2773 0.4434 0.0246 0.1290 0.0701
97 0.0164 0.0862 0.1661 0.0715 0.1399 0.5200
98 0.0336 0.1033 0.2294 0.0369 0.0553 0.5415
99 0.1179 0.3203 0.3518 0.1661 0.0110 0.0330
100 0.1387 0.0487 0.6123 0.1648 0.0048 0.0310
101 0.0790 0.0656 0.5234 0.3030 0.0066 0.0223
102 0.0651 0.0715 0.5044 0.3308 0.0058 0.0223
103 0.0284 0.1754 0.5576 0.0137 0.0440 0.1810
104 0.0423 0.1510 0.5352 0.0106 0.1122 0.1487
105 0.0676 0.1956 0.4407 0.0053 0.2050 0.0861
106 0.0314 0.1282 0.1725 0.0719 0.2250 0.3708
107 0.1704 0.3840 0.2257 0.1100 0.0048 0.1050
108 0.1497 0.3320 0.2177 0.1202 0.0055 0.1749
109 0.0859 0.1670 0.2886 0.1520 0.1892 0.1175
110 0.1653 0.1172 0.3499 0.2156 0.0637 0.0884
111 0.0399 0.6753 0.1329 0.0590 0.0879 0.0048
112 0.0484 0.6733 0.1217 0.0891 0.0588 0.0085
113 0.0436 0.5317 0.2571 0.1039 0.0433 0.0206
114 0.1525 0.0437 0.3179 0.4346 0.0174 0.0340
115 0.1831 0.0775 0.2583 0.4192 0.0318 0.0301
116 0.0324 0.1632 0.4299 0.0670 0.1969 0.1105
117 0.0341 0.2598 0.4417 0.0544 0.1703 0.0398
118 0.0696 0.2030 0.2773 0.1462 0.0130 0.2908
119 0.0590 0.3970 0.3970 0.0399 0.0121 0.0950
120 0.1224 0.3125 0.3379 0.1753 0.0154 0.0365
121 0.1044 0.2837 0.3477 0.1981 0.0184 0.0478
122 0.0204 0.5444 0.2532 0.1534 0.0200 0.0088
123 0.0554 0.4258 0.3066 0.0372 0.1642 0.0108
124 0.0337 0.3975 0.1473 0.1892 0.2195 0.0129
125 0.1026 0.2661 0.2661 0.2539 0.0121 0.0994
126 0.0124 0.0326 0.0958 0.8018 0.0022 0.0554
127 0.1466 0.2166 0.4805 0.0660 0.0041 0.0862
128 0.0253 0.2236 0.2783 0.2805 0.0066 0.1854
129 0.1211 0.1604 0.3672 0.2334 0.0094 0.1085
130 0.0097 0.1737 0.2015 0.4910 0.0039 0.1203
131 0.0330 0.1178 0.1525 0.3923 0.0038 0.3008
132 0.2129 0.2568 0.3223 0.1140 0.0406 0.0534
133 0.0856 0.0709 0.2805 0.3547 0.0092 0.1990
134 0.1100 0.3015 0.3752 0.0986 0.0956 0.0191
135 0.0511 0.3958 0.4021 0.0315 0.1134 0.0062
136 0.0497 0.4758 0.3025 0.0747 0.0915 0.0058
137 0.0341 0.5498 0.1704 0.1218 0.1144 0.0093
138 0.0519 0.3774 0.2554 0.1377 0.1700 0.0076
139 0.0942 0.1978 0.2725 0.0571 0.3552 0.0233
140 0.0226 0.0655 0.3379 0.2322 0.0245 0.3174
141 0.0193 0.0828 0.1030 0.7729 0.0073 0.0147
142 0.0131 0.4756 0.2428 0.2246 0.0370 0.0071
143 0.0667 0.1227 0.3442 0.3335 0.0210 0.1118
144 0.0284 0.4412 0.3435 0.1525 0.0284 0.0058
145 0.0546 0.4126 0.3757 0.1219 0.0281 0.0070
146 0.1395 0.0959 0.3455 0.3455 0.0600 0.0137
147 0.1310 0.1847 0.5181 0.0852 0.0453 0.0358
148 0.0111 0.0745 0.1393 0.6343 0.0039 0.1371
149 0.0417 0.2612 0.5444 0.0543 0.0353 0.0630
150 0.2096 0.0784 0.3049 0.3457 0.0271 0.0342
151 0.0060 0.0219 0.0486 0.8887 0.0014 0.0334
152 0.0196 0.2329 0.1564 0.4524 0.0039 0.1348
153 0.0261 0.3462 0.3628 0.1768 0.0036 0.0848
154 0.1635 0.0848 0.2198 0.4729 0.0265 0.0327
155 0.1327 0.2039 0.2659 0.1256 0.0335 0.2384
156 0.0262 0.0572 0.1393 0.7075 0.0052 0.0648
157 0.0591 0.0591 0.1271 0.6064 0.0085 0.1396
158 0.1221 0.1682 0.4099 0.2448 0.0231 0.0321
159 0.0343 0.0876 0.4595 0.0798 0.0181 0.3208
160 0.0862 0.0931 0.3054 0.1355 0.0225 0.3572
161 0.0383 0.0414 0.1516 0.5996 0.0049 0.1639
162 0.0939 0.0698 0.6519 0.0503 0.0097 0.1245
163 0.2991 0.1267 0.1758 0.3496 0.0060 0.0428
164 0.2435 0.1838 0.4143 0.1284 0.0042 0.0257
165 0.0503 0.0223 0.2053 0.3081 0.0055 0.4084
166 0.0782 0.0959 0.6655 0.0833 0.0025 0.0746
167 0.0448 0.1326 0.2764 0.3035 0.0063 0.2365
168 0.1323 0.0924 0.2632 0.3892 0.0305 0.0924
169 0.1125 0.0565 0.3806 0.3574 0.0168 0.0761
170 0.1460 0.1578 0.3188 0.2727 0.0025 0.1019
171 0.1076 0.0524 0.2878 0.5132 0.0057 0.0331
172 0.1388 0.0984 0.4548 0.2759 0.0079 0.0241
173 0.1061 0.1696 0.4263 0.2391 0.0167 0.0422
174 0.0144 0.0503 0.3032 0.0588 0.0495 0.5239
175 0.0777 0.2712 0.2047 0.4133 0.0081 0.0250
176 0.1176 0.4651 0.3098 0.0771 0.0089 0.0217
177 0.1199 0.1058 0.6089 0.1359 0.0121 0.0172
178 0.1610 0.0298 0.2307 0.5532 0.0167 0.0085
179 0.1177 0.2913 0.5273 0.0450 0.0094 0.0094
180 0.0690 0.0393 0.7412 0.0546 0.0100 0.0858
181 0.2810 0.1247 0.2944 0.2223 0.0053 0.0721
182 0.1748 0.2280 0.2427 0.2793 0.0057 0.0695
183 0.1218 0.0589 0.4705 0.3184 0.0086 0.0222
184 0.0840 0.2145 0.3706 0.2284 0.0042 0.0982
185 0.0672 0.2037 0.4116 0.0101 0.1855 0.1217
186 0.1241 0.1147 0.5391 0.1722 0.0270 0.0229
187 0.1570 0.1779 0.4614 0.1396 0.0391 0.0250
188 0.1091 0.1198 0.4248 0.2966 0.0263 0.0234
189 0.0412 0.1833 0.4263 0.0202 0.1147 0.2144
190 0.0533 0.2445 0.3906 0.0086 0.1003 0.2026
191 0.0638 0.1761 0.2949 0.0321 0.0988 0.3342
192 0.0778 0.2415 0.2491 0.0645 0.0665 0.3005
193 0.2263 0.1372 0.3293 0.2263 0.0304 0.0505
194 0.1599 0.0955 0.3491 0.3179 0.0389 0.0386
195 0.2356 0.1062 0.3945 0.1835 0.0498 0.0304
196 0.1855 0.0993 0.4663 0.1637 0.0170 0.0682
197 0.0416 0.0624 0.1520 0.0937 0.1028 0.5474
198 0.0285 0.0209 0.1219 0.1471 0.0623 0.6191
199 0.1193 0.1290 0.2410 0.0209 0.2373 0.2524
200 0.1569 0.0997 0.3882 0.2930 0.0046 0.0577
201 0.0991 0.1333 0.4106 0.3005 0.0042 0.0522
202 0.2135 0.0773 0.3206 0.3257 0.0089 0.0540
203 0.1148 0.1096 0.3647 0.3481 0.0059 0.0568
204 0.0405 0.1287 0.1871 0.2559 0.0099 0.3779
205 0.0576 0.0988 0.3140 0.0299 0.1760 0.3237
206 0.0521 0.0489 0.1616 0.0381 0.1694 0.5298
207 0.0869 0.1598 0.3032 0.3657 0.0104 0.0743
208 0.0560 0.1322 0.3323 0.3323 0.0128 0.1343
209 0.0765 0.2318 0.3762 0.2355 0.0145 0.0654
210 0.0495 0.0754 0.3330 0.3127 0.0720 0.1572
211 0.0605 0.1923 0.4685 0.1030 0.1071 0.0686
212 0.0953 0.2715 0.4407 0.0742 0.0895 0.0288
213 0.0611 0.2800 0.3325 0.0615 0.2472 0.0175
214 0.0798 0.1255 0.3464 0.1245 0.2827 0.0410
215 0.0947 0.1770 0.2534 0.3865 0.0157 0.0726
216 0.1154 0.1962 0.2294 0.3723 0.0168 0.0699
217 0.1611 0.2615 0.2964 0.2037 0.0185 0.0588
218 0.0393 0.1052 0.2158 0.0886 0.1350 0.4160
219 0.0792 0.1588 0.3259 0.0343 0.1359 0.2659
220 0.0989 0.1763 0.3789 0.0390 0.1103 0.1967
221 0.0699 0.0926 0.2637 0.0646 0.1599 0.3494
222 0.2603 0.1102 0.2563 0.2686 0.0252 0.0794
223 0.1599 0.1033 0.2764 0.4280 0.0163 0.0160
224 0.1359 0.2830 0.2700 0.0948 0.0059 0.2103
225 0.1277 0.4526 0.2500 0.0383 0.0037 0.1277
226 0.0481 0.4529 0.4458 0.0258 0.0246 0.0028
227 0.0883 0.2896 0.5322 0.0417 0.0414 0.0069
228 0.2532 0.2067 0.3201 0.2034 0.0052 0.0116
229 0.1170 0.4773 0.2637 0.1367 0.0022 0.0030
230 0.0230 0.0621 0.2102 0.0265 0.0305 0.6475
231 0.0419 0.1556 0.3296 0.0235 0.0264 0.4231
232 0.0045 0.0640 0.0917 0.7920 0.0040 0.0440
233 0.0105 0.4246 0.3254 0.2102 0.0101 0.0191
234 0.1954 0.1242 0.4138 0.1836 0.0100 0.0731
235 0.1660 0.1177 0.4172 0.2098 0.0070 0.0822
236 0.1487 0.1105 0.4043 0.2490 0.0065 0.0809
237 0.1987 0.1047 0.3655 0.2360 0.0084 0.0868
238 0.1136 0.1553 0.1349 0.1288 0.0181 0.4492
239 0.5947 0.2639 0.0584 0.0428 0.0360 0.0043
240 0.5371 0.3110 0.0612 0.0411 0.0445 0.0049
241 0.5371 0.3110 0.0612 0.0411 0.0445 0.0049
242 0.5537 0.3010 0.0598 0.0377 0.0434 0.0043
243 0.5537 0.3010 0.0598 0.0377 0.0434 0.0043
244 0.5537 0.3010 0.0598 0.0377 0.0434 0.0043
245 0.5625 0.2964 0.0584 0.0354 0.0434 0.0040
246 0.5625 0.2964 0.0584 0.0354 0.0434 0.0040
247 0.5625 0.2964 0.0584 0.0354 0.0434 0.0040
248 0.5537 0.3010 0.0598 0.0377 0.0434 0.0043
