time exciting_prob fearful_prob tense_prob sad_prob relaxing_prob neutral_prob
0 0.0889 0.1442 0.1355 0.1398 0.0189 0.4729
1 0.2771 0.1035 0.1935 0.2227 0.0202 0.1831
2 0.3450 0.0872 0.1404 0.1616 0.0136 0.2522
3 0.4429 0.0973 0.0839 0.1555 0.0372 0.1832
4 0.3066 0.1173 0.1460 0.2426 0.0128 0.1747
5 0.4563 0.3901 0.0512 0.0399 0.0318 0.0308
6 0.3274 0.3948 0.1272 0.0686 0.0324 0.0498
7 0.3464 0.3574 0.1082 0.1016 0.0274 0.0588
8 0.7212 0.1781 0.0499 0.0100 0.0249 0.0159
9 0.6821 0.2267 0.0522 0.0017 0.0277 0.0095
10 0.7212 0.1660 0.0861 0.0018 0.0154 0.0096
11 0.6802 0.1483 0.1361 0.0035 0.0266 0.0053
12 0.7222 0.1057 0.1587 0.0027 0.0087 0.0021
13 0.6655 0.1212 0.2030 0.0015 0.0072 0.0017
14 0.6733 0.1143 0.1960 0.0033 0.0120 0.0009
15 0.6064 0.1558 0.2063 0.0028 0.0266 0.0022
16 0.7651 0.0914 0.1240 0.0016 0.0161 0.0016
17 0.7881 0.0786 0.1171 0.0011 0.0141 0.0011
18 0.7104 0.1107 0.1477 0.0031 0.0267 0.0016
19 0.6567 0.1151 0.1853 0.0029 0.0382 0.0015
20 0.6797 0.1493 0.1318 0.0014 0.0372 0.0004
21 0.5264 0.2336 0.1877 0.0053 0.0453 0.0016
22 0.7178 0.1528 0.0994 0.0027 0.0255 0.0020
23 0.2429 0.0966 0.3479 0.1581 0.0222 0.1321
24 0.2072 0.1539 0.3872 0.1075 0.0315 0.1127
25 0.3604 0.0985 0.3105 0.0804 0.0284 0.1216
26 0.2281 0.1362 0.4905 0.0529 0.0439 0.0482
27 0.2173 0.1191 0.4158 0.0920 0.0387 0.1172
28 0.0805 0.0496 0.1827 0.6279 0.0059 0.0532
29 0.0551 0.0555 0.2393 0.6206 0.0030 0.0266
30 0.2598 0.1991 0.4053 0.1025 0.0267 0.0068
31 0.3616 0.0674 0.0801 0.4131 0.0193 0.0586
32 0.2622 0.0306 0.0396 0.4675 0.0879 0.1119
33 0.7075 0.1394 0.1416 0.0010 0.0054 0.0051
34 0.7031 0.0908 0.1908 0.0008 0.0115 0.0028
35 0.5396 0.1442 0.2844 0.0021 0.0265 0.0033
36 0.7324 0.1283 0.1214 0.0019 0.0109 0.0052
37 0.7808 0.0955 0.1125 0.0008 0.0053 0.0051
38 0.6572 0.1188 0.2118 0.0012 0.0065 0.0044
39 0.6675 0.1016 0.2117 0.0013 0.0123 0.0060
40 0.0778 0.0682 0.2512 0.4143 0.0031 0.1853
41 0.0837 0.2384 0.3062 0.2876 0.0052 0.0792
42 0.0246 0.0660 0.2450 0.4834 0.0030 0.1779
43 0.0479 0.1451 0.2161 0.4907 0.0050 0.0952
44 0.1127 0.1978 0.2241 0.4026 0.0107 0.0520
45 0.6006 0.1111 0.2446 0.0015 0.0396 0.0024
46 0.4419 0.2024 0.3232 0.0018 0.0294 0.0012
47 0.0657 0.1456 0.1538 0.4666 0.0058 0.1625
48 0.0928 0.1643 0.1449 0.5020 0.0094 0.0865
49 0.0983 0.1088 0.1559 0.5190 0.0088 0.1088
50 0.1049 0.3010 0.3689 0.1663 0.0222 0.0365
51 0.1240 0.2686 0.2092 0.3164 0.0165 0.0653
52 0.0880 0.1721 0.1682 0.4260 0.0116 0.1340
53 0.6582 0.0739 0.2537 0.0018 0.0072 0.0052
54 0.6514 0.1252 0.2147 0.0015 0.0049 0.0024
55 0.1583 0.2002 0.1547 0.3542 0.0167 0.1158
56 0.0785 0.2964 0.1797 0.3464 0.0199 0.0792
57 0.0693 0.3154 0.2400 0.2476 0.0230 0.1048
58 0.0870 0.1552 0.1931 0.3811 0.0171 0.1665
59 0.0782 0.0859 0.0914 0.3909 0.0112 0.3423
60 0.0431 0.0837 0.0657 0.6187 0.0320 0.1565
61 0.0458 0.1049 0.0616 0.5083 0.0374 0.2419
62 0.0869 0.2068 0.6777 0.0087 0.0177 0.0021
63 0.6699 0.1460 0.1708 0.0016 0.0034 0.0083
64 0.6938 0.1254 0.1700 0.0014 0.0033 0.0058
65 0.7090 0.1113 0.1710 0.0017 0.0042 0.0030
66 0.6855 0.1155 0.1935 0.0005 0.0035 0.0013
67 0.2505 0.0746 0.6655 0.0006 0.0073 0.0014
68 0.1260 0.2280 0.1763 0.3318 0.0224 0.1156
69 0.1655 0.1165 0.7139 0.0005 0.0030 0.0007
70 0.0679 0.3091 0.2793 0.2522 0.0193 0.0723
71 0.0497 0.1439 0.1532 0.4609 0.0252 0.1670
72 0.4067 0.1847 0.3821 0.0043 0.0192 0.0032
73 0.7847 0.0894 0.0582 0.0419 0.0208 0.0048
74 0.7485 0.1029 0.0765 0.0400 0.0264 0.0056
75 0.0804 0.1456 0.0693 0.5630 0.0121 0.1296
76 0.9404 0.0140 0.0251 0.0027 0.0150 0.0027
77 0.9541 0.0089 0.0102 0.0037 0.0216 0.0014
78 0.0632 0.1338 0.0956 0.5767 0.0173 0.1135
79 0.7329 0.1466 0.1133 0.0023 0.0043 0.0003
80 0.9033 0.0361 0.0555 0.0018 0.0028 0.0001
81 0.1361 0.0740 0.1803 0.3369 0.0143 0.2583
82 0.0378 0.1460 0.7646 0.0222 0.0246 0.0045
83 0.3098 0.2866 0.3979 0.0029 0.0025 0.0003
84 0.0786 0.1638 0.2966 0.3181 0.0124 0.1306
85 0.1208 0.0994 0.1992 0.4595 0.0102 0.1109
86 0.1793 0.2303 0.5396 0.0211 0.0237 0.0059
87 0.8564 0.0698 0.0630 0.0017 0.0087 0.0003
88 0.8667 0.0618 0.0609 0.0019 0.0085 0.0003
89 0.5405 0.1868 0.2612 0.0013 0.0031 0.0073
90 0.0371 0.0836 0.0598 0.7002 0.0122 0.1074
91 0.0433 0.0676 0.0708 0.6411 0.0204 0.1571
92 0.0387 0.1288 0.1059 0.5908 0.0187 0.1172
93 0.0422 0.0859 0.0707 0.5967 0.0184 0.1863
94 0.5664 0.1197 0.2849 0.0025 0.0234 0.0029
95 0.5518 0.1406 0.2732 0.0027 0.0290 0.0030
96 0.0739 0.0870 0.2294 0.4741 0.0263 0.1092
97 0.0767 0.1082 0.1074 0.5083 0.0291 0.1703
98 0.0236 0.0676 0.1089 0.7158 0.0119 0.0720
99 0.9009 0.0132 0.0604 0.0154 0.0025 0.0079
100 0.9561 0.0110 0.0249 0.0034 0.0020 0.0027
101 0.5273 0.0828 0.3767 0.0013 0.0114 0.0006
102 0.5322 0.1782 0.2236 0.0122 0.0469 0.0068
103 0.1886 0.3110 0.4631 0.0170 0.0143 0.0060
104 0.2051 0.4585 0.2869 0.0211 0.0079 0.0206
105 0.3445 0.2947 0.2349 0.0196 0.0080 0.0987
106 0.5674 0.0553 0.3135 0.0100 0.0524 0.0012
107 0.2251 0.1597 0.5977 0.0055 0.0094 0.0025
108 0.7568 0.1099 0.0869 0.0014 0.0434 0.0018
109 0.6069 0.2395 0.1054 0.0182 0.0275 0.0027
110 0.6860 0.0214 0.1655 0.1120 0.0026 0.0126
111 0.1385 0.4543 0.1262 0.0124 0.2588 0.0097
112 0.2125 0.4570 0.1669 0.0047 0.1531 0.0057
113 0.6279 0.1447 0.1600 0.0100 0.0473 0.0099
114 0.4138 0.1837 0.3325 0.0157 0.0397 0.0145
115 0.1357 0.3899 0.4214 0.0042 0.0424 0.0064
116 0.0704 0.1575 0.7690 0.0012 0.0013 0.0009
117 0.0327 0.1429 0.8223 0.0011 0.0004 0.0005
118 0.1162 0.2810 0.5903 0.0035 0.0072 0.0018
119 0.5356 0.0968 0.2673 0.0518 0.0446 0.0039
120 0.5488 0.1039 0.2252 0.0816 0.0257 0.0146
121 0.4817 0.1704 0.2876 0.0251 0.0044 0.0306
122 0.3105 0.4050 0.2085 0.0028 0.0721 0.0009
123 0.6689 0.2277 0.0934 0.0055 0.0021 0.0021
124 0.6104 0.1012 0.2061 0.0471 0.0084 0.0270
125 0.5171 0.2313 0.1830 0.0369 0.0233 0.0084
126 0.3396 0.2686 0.2837 0.0695 0.0237 0.0150
127 0.3152 0.1687 0.4771 0.0096 0.0192 0.0102
128 0.2112 0.2527 0.4648 0.0569 0.0105 0.0038
129 0.3887 0.1312 0.4438 0.0167 0.0151 0.0044
130 0.4263 0.1581 0.3704 0.0124 0.0264 0.0066
131 0.4253 0.1978 0.2747 0.0172 0.0745 0.0109
132 0.6567 0.1283 0.1454 0.0426 0.0179 0.0090
133 0.3330 0.0335 0.1755 0.3491 0.0089 0.1000
134 0.4292 0.1860 0.3613 0.0058 0.0148 0.0029
135 0.1674 0.0552 0.0621 0.4143 0.0025 0.2983
136 0.3303 0.0188 0.2200 0.3252 0.0051 0.1007
137 0.6191 0.2769 0.0871 0.0027 0.0108 0.0036
138 0.7236 0.2025 0.0545 0.0039 0.0088 0.0067
139 0.8022 0.1383 0.0344 0.0033 0.0119 0.0097
140 0.6260 0.3027 0.0490 0.0053 0.0125 0.0047
141 0.5991 0.2238 0.1025 0.0484 0.0197 0.0067
142 0.2925 0.5728 0.1191 0.0029 0.0090 0.0039
143 0.5596 0.0161 0.0723 0.2947 0.0188 0.0387
144 0.5796 0.1548 0.2341 0.0025 0.0275 0.0015
145 0.7495 0.1243 0.1030 0.0013 0.0206 0.0012
146 0.7114 0.2120 0.0488 0.0024 0.0231 0.0022
147 0.6782 0.1797 0.1216 0.0008 0.0189 0.0009
148 0.8091 0.1037 0.0654 0.0013 0.0199 0.0004
149 0.1799 0.6138 0.1842 0.0020 0.0154 0.0048
150 0.4287 0.3162 0.2330 0.0137 0.0035 0.0050
151 0.4736 0.0710 0.1179 0.2786 0.0145 0.0444
152 0.5625 0.3630 0.0667 0.0012 0.0059 0.0010
153 0.6021 0.3650 0.0252 0.0014 0.0055 0.0008
154 0.3000 0.6299 0.0664 0.0013 0.0021 0.0002
155 0.3157 0.6182 0.0488 0.0039 0.0111 0.0023
156 0.6177 0.0607 0.2186 0.0540 0.0417 0.0071
157 0.6499 0.1428 0.1321 0.0081 0.0595 0.0076
158 0.4319 0.0948 0.0710 0.0028 0.3931 0.0063
159 0.4939 0.1707 0.0973 0.0030 0.2227 0.0125
160 0.1599 0.0444 0.1411 0.5244 0.0040 0.1265
161 0.4092 0.0812 0.0481 0.0046 0.4426 0.0142
162 0.5332 0.0768 0.0477 0.0038 0.3335 0.0053
163 0.3374 0.1407 0.4988 0.0083 0.0124 0.0024
164 0.5405 0.1573 0.2698 0.0078 0.0216 0.0027
165 0.4744 0.1801 0.3086 0.0182 0.0154 0.0034
166 0.5840 0.2288 0.1584 0.0056 0.0162 0.0067
167 0.6299 0.2524 0.0989 0.0034 0.0146 0.0006
168 0.2737 0.1272 0.4304 0.0163 0.0565 0.0960
169 0.3328 0.0809 0.5317 0.0209 0.0251 0.0087
170 0.5908 0.1654 0.0746 0.0599 0.1003 0.0088
171 0.2725 0.1425 0.0662 0.1287 0.2172 0.1731
172 0.7017 0.1566 0.1119 0.0124 0.0145 0.0028
173 0.5132 0.1448 0.1494 0.0151 0.0029 0.1746
174 0.5459 0.2222 0.0496 0.0786 0.0898 0.0141
175 0.6826 0.1072 0.0882 0.0868 0.0282 0.0068
176 0.2444 0.1707 0.0435 0.0026 0.5298 0.0093
177 0.1580 0.0306 0.0153 0.0049 0.7773 0.0139
178 0.4622 0.2416 0.2737 0.0036 0.0163 0.0027
179 0.6802 0.1641 0.1003 0.0058 0.0384 0.0113
180 0.9043 0.0495 0.0109 0.0041 0.0257 0.0054
181 0.8164 0.1176 0.0342 0.0029 0.0243 0.0044
182 0.6421 0.1649 0.1411 0.0307 0.0126 0.0083
183 0.7783 0.0624 0.0853 0.0173 0.0505 0.0059
184 0.4153 0.2766 0.1552 0.0811 0.0637 0.0081
185 0.2827 0.3518 0.1169 0.2084 0.0253 0.0151
186 0.2866 0.3679 0.1375 0.1698 0.0254 0.0128
187 0.2539 0.2423 0.1327 0.3442 0.0132 0.0136
188 0.2952 0.0288 0.0505 0.4714 0.0034 0.1508
189 0.2065 0.0938 0.1312 0.5029 0.0147 0.0506
190 0.8555 0.0783 0.0426 0.0115 0.0108 0.0015
191 0.0909 0.0167 0.0271 0.7974 0.0020 0.0660
192 0.1672 0.2323 0.0861 0.4373 0.0083 0.0687
193 0.6670 0.1584 0.0968 0.0271 0.0487 0.0021
194 0.3142 0.2211 0.1069 0.0032 0.3320 0.0226
195 0.3188 0.4426 0.1019 0.0040 0.1182 0.0143
196 0.5337 0.1774 0.0338 0.0034 0.2386 0.0132
197 0.1814 0.4351 0.1799 0.0040 0.1857 0.0139
198 0.1542 0.4602 0.1278 0.0052 0.2406 0.0121
199 0.2673 0.2891 0.1726 0.0035 0.2551 0.0127
200 0.3074 0.3123 0.3325 0.0064 0.0288 0.0126
201 0.3418 0.2788 0.2922 0.0185 0.0622 0.0064
202 0.4390 0.2074 0.1934 0.0226 0.1298 0.0079
203 0.2585 0.2544 0.1004 0.0054 0.3293 0.0521
204 0.3801 0.2067 0.1987 0.1294 0.0440 0.0410
205 0.2263 0.4229 0.1643 0.0214 0.1592 0.0060
206 0.5386 0.3589 0.0707 0.0023 0.0264 0.0031
207 0.9014 0.0497 0.0399 0.0016 0.0069 0.0006
208 0.9053 0.0454 0.0351 0.0015 0.0121 0.0008
209 0.6006 0.1339 0.1449 0.0299 0.0819 0.0090
210 0.6460 0.1571 0.0868 0.0475 0.0539 0.0085
211 0.3496 0.5044 0.1161 0.0042 0.0187 0.0068
212 0.2440 0.0132 0.1368 0.3232 0.0231 0.2598
213 0.8203 0.0851 0.0787 0.0013 0.0137 0.0008
214 0.9224 0.0248 0.0425 0.0012 0.0086 0.0006
215 0.5273 0.0606 0.2632 0.1234 0.0145 0.0109
216 0.2141 0.0135 0.0103 0.6392 0.0038 0.1191
217 0.6294 0.0554 0.1174 0.0900 0.0872 0.0206
218 0.5356 0.1970 0.2002 0.0023 0.0615 0.0032
219 0.3914 0.1907 0.2646 0.1260 0.0180 0.0093
220 0.2830 0.2764 0.2186 0.1625 0.0052 0.0544
221 0.5742 0.1969 0.0644 0.0148 0.1440 0.0058
222 0.8750 0.0449 0.0595 0.0018 0.0177 0.0012
223 0.4963 0.2871 0.1769 0.0064 0.0289 0.0043
224 0.2429 0.6499 0.0959 0.0024 0.0072 0.0016
225 0.5688 0.0372 0.0723 0.2427 0.0525 0.0266
226 0.2228 0.1472 0.4753 0.1212 0.0186 0.0148
227 0.2090 0.2482 0.4028 0.0934 0.0168 0.0299
228 0.8584 0.0455 0.0699 0.0013 0.0243 0.0008
229 0.8511 0.0612 0.0579 0.0061 0.0075 0.0161
230 0.3428 0.2319 0.3401 0.0256 0.0309 0.0286
231 0.3621 0.1619 0.3071 0.1301 0.0254 0.0134
232 0.7954 0.0859 0.1003 0.0019 0.0155 0.0007
233 0.7988 0.0666 0.1215 0.0014 0.0114 0.0005
234 0.7607 0.0923 0.0573 0.0605 0.0228 0.0065
235 0.7856 0.0968 0.0687 0.0016 0.0468 0.0005
236 0.5850 0.1411 0.0919 0.0476 0.1274 0.0069
237 0.7622 0.1274 0.0954 0.0016 0.0128 0.0005
238 0.3303 0.0939 0.5239 0.0377 0.0083 0.0060
239 0.6108 0.0944 0.2391 0.0127 0.0381 0.0048
240 0.5845 0.2615 0.1421 0.0075 0.0025 0.0021
241 0.5981 0.1500 0.2201 0.0133 0.0151 0.0033
242 0.5332 0.2224 0.2206 0.0033 0.0184 0.0018
243 0.4727 0.3918 0.1149 0.0055 0.0097 0.0054
244 0.2039 0.1503 0.1703 0.4558 0.0057 0.0142
245 0.2493 0.1234 0.1824 0.3684 0.0219 0.0547
246 0.5347 0.0059 0.0319 0.3850 0.0050 0.0378
247 0.2583 0.2125 0.1483 0.0121 0.3450 0.0237
248 0.1641 0.0197 0.1948 0.4602 0.0485 0.1127
249 0.1843 0.1403 0.3608 0.1627 0.0627 0.0891
250 0.3977 0.3096 0.2671 0.0123 0.0075 0.0059
251 0.2057 0.5591 0.2241 0.0050 0.0028 0.0031
252 0.3281 0.2852 0.2382 0.0238 0.0925 0.0322
253 0.2305 0.5278 0.1740 0.0125 0.0226 0.0327
254 0.3052 0.3682 0.2216 0.0228 0.0219 0.0605
255 0.4243 0.3152 0.1444 0.0237 0.0507 0.0417
256 0.2817 0.5518 0.0989 0.0172 0.0439 0.0064
257 0.5356 0.3711 0.0766 0.0067 0.0064 0.0034
258 0.6416 0.2551 0.0556 0.0158 0.0151 0.0170
259 0.6172 0.2289 0.1245 0.0090 0.0167 0.0036
260 0.6846 0.1886 0.1058 0.0050 0.0127 0.0033
261 0.6011 0.2468 0.1241 0.0068 0.0161 0.0048
262 0.1020 0.0729 0.3818 0.3645 0.0012 0.0776
263 0.1405 0.0224 0.2280 0.5142 0.0198 0.0752
264 0.8081 0.0316 0.0851 0.0029 0.0723 0.0002
265 0.6021 0.0895 0.1836 0.0783 0.0439 0.0028
266 0.5625 0.3206 0.0970 0.0049 0.0111 0.0040
267 0.6602 0.1848 0.1241 0.0072 0.0198 0.0037
268 0.4868 0.3193 0.1682 0.0138 0.0082 0.0038
269 0.3184 0.0781 0.5503 0.0251 0.0259 0.0022
270 0.9209 0.0245 0.0421 0.0010 0.0111 0.0003
271 0.6406 0.1312 0.0847 0.0037 0.1385 0.0009
272 0.8652 0.0817 0.0386 0.0018 0.0101 0.0027
273 0.3015 0.4055 0.2639 0.0086 0.0196 0.0008
274 0.2505 0.4717 0.1952 0.0326 0.0490 0.0010
275 0.8823 0.0329 0.0538 0.0020 0.0279 0.0012
276 0.8145 0.0812 0.0599 0.0042 0.0393 0.0011
277 0.5259 0.3396 0.0943 0.0038 0.0355 0.0012
278 0.2075 0.0958 0.1427 0.1818 0.1531 0.2192
279 0.6436 0.0438 0.2834 0.0041 0.0225 0.0027
280 0.7905 0.0860 0.1021 0.0022 0.0182 0.0009
281 0.7964 0.0529 0.1373 0.0024 0.0103 0.0007
282 0.7764 0.0722 0.0885 0.0176 0.0421 0.0031
283 0.3455 0.0486 0.2264 0.3025 0.0468 0.0304
284 0.4929 0.3013 0.1855 0.0069 0.0123 0.0011
285 0.2986 0.0499 0.3330 0.2068 0.0345 0.0773
286 0.4272 0.1647 0.3486 0.0337 0.0209 0.0047
287 0.2573 0.3462 0.3745 0.0056 0.0152 0.0012
288 0.2622 0.1680 0.4529 0.0657 0.0226 0.0287
289 0.6831 0.0569 0.1399 0.0743 0.0162 0.0298
290 0.8970 0.0265 0.0239 0.0109 0.0413 0.0007
291 0.1895 0.0909 0.3887 0.2671 0.0394 0.0246
292 0.4402 0.3220 0.1792 0.0054 0.0530 0.0004
293 0.4653 0.1837 0.3379 0.0076 0.0044 0.0010
294 0.3381 0.0754 0.1283 0.1824 0.1897 0.0861
295 0.4824 0.0155 0.0609 0.3474 0.0445 0.0493
296 0.2120 0.0641 0.0673 0.5630 0.0292 0.0641
297 0.1171 0.1327 0.5542 0.1600 0.0041 0.0318
298 0.8052 0.0395 0.1345 0.0030 0.0172 0.0004
299 0.8276 0.0517 0.0595 0.0021 0.0586 0.0006
300 0.5444 0.1409 0.1476 0.1272 0.0234 0.0167
301 0.6992 0.1489 0.1048 0.0106 0.0351 0.0012
302 0.2113 0.3948 0.3352 0.0089 0.0494 0.0004
303 0.4255 0.1932 0.3262 0.0236 0.0303 0.0011
304 0.7710 0.0554 0.0892 0.0036 0.0800 0.0011
305 0.6196 0.0358 0.3318 0.0059 0.0064 0.0004
306 0.5991 0.0462 0.0575 0.1492 0.1091 0.0389
307 0.4761 0.0605 0.3296 0.0644 0.0675 0.0019
308 0.7451 0.0437 0.1742 0.0042 0.0325 0.0003
309 0.7168 0.0672 0.1515 0.0031 0.0598 0.0016
310 0.7490 0.0587 0.1385 0.0037 0.0498 0.0005
311 0.8589 0.0360 0.0745 0.0030 0.0272 0.0004
312 0.4990 0.0526 0.4268 0.0081 0.0099 0.0035
313 0.7051 0.0430 0.2400 0.0049 0.0030 0.0038
314 0.6855 0.0663 0.2191 0.0148 0.0084 0.0057
315 0.7598 0.0412 0.1862 0.0056 0.0028 0.0043
316 0.1709 0.0936 0.3911 0.3293 0.0007 0.0144
317 0.2852 0.1368 0.2830 0.2659 0.0106 0.0184
318 0.8379 0.0312 0.1134 0.0018 0.0150 0.0005
