time exciting_prob fearful_prob tense_prob sad_prob relaxing_prob neutral_prob
0 0.2334 0.1239 0.5732 0.0092 0.0604 0.0001
1 0.1981 0.2075 0.5557 0.0070 0.0318 0.0001
2 0.2244 0.1268 0.5176 0.0176 0.1136 0.0002
3 0.2761 0.1584 0.4695 0.0097 0.0862 0.0001
4 0.2253 0.2380 0.4624 0.0036 0.0704 0.0001
5 0.3198 0.1223 0.4106 0.0052 0.1420 0.0001
6 0.2842 0.1710 0.4722 0.0162 0.0564 0.0002
7 0.0714 0.4202 0.4404 0.0534 0.0139 0.0007
8 0.1639 0.0799 0.2104 0.3931 0.0864 0.0662
9 0.0845 0.0590 0.7305 0.0833 0.0425 0.0004
10 0.2239 0.1625 0.5586 0.0267 0.0280 0.0003
11 0.1053 0.0997 0.7192 0.0464 0.0290 0.0003
12 0.2267 0.1985 0.5479 0.0117 0.0150 0.0001
13 0.1743 0.1198 0.6133 0.0656 0.0259 0.0013
14 0.2568 0.1312 0.5698 0.0290 0.0128 0.0003
15 0.4336 0.1522 0.3457 0.0054 0.0630 0.0000
16 0.4326 0.0669 0.4128 0.0275 0.0599 0.0003
17 0.2494 0.2455 0.3923 0.0192 0.0931 0.0005
18 0.1202 0.5469 0.3118 0.0098 0.0109 0.0004
19 0.4541 0.1835 0.2798 0.0718 0.0093 0.0017
20 0.3936 0.2878 0.1888 0.0800 0.0481 0.0016
21 0.2150 0.1421 0.6025 0.0213 0.0189 0.0001
22 0.4517 0.1235 0.3228 0.0089 0.0932 0.0002
23 0.6201 0.1174 0.2109 0.0060 0.0453 0.0001
24 0.2262 0.0907 0.5732 0.0304 0.0794 0.0003
25 0.1964 0.1298 0.6240 0.0209 0.0285 0.0002
26 0.2378 0.0531 0.3301 0.3513 0.0253 0.0024
27 0.6758 0.0853 0.1509 0.0432 0.0439 0.0008
28 0.5986 0.0430 0.2656 0.0377 0.0544 0.0010
29 0.2280 0.1847 0.5098 0.0242 0.0525 0.0006
30 0.4216 0.1306 0.3779 0.0580 0.0101 0.0018
31 0.4170 0.1262 0.4106 0.0302 0.0146 0.0014
32 0.4746 0.0864 0.3584 0.0372 0.0428 0.0006
33 0.5312 0.0809 0.3325 0.0309 0.0230 0.0012
34 0.2988 0.2808 0.3467 0.0173 0.0562 0.0001
35 0.5015 0.0627 0.3445 0.0134 0.0781 0.0001
36 0.4243 0.0726 0.1399 0.3152 0.0440 0.0041
37 0.4065 0.2666 0.1965 0.0541 0.0764 0.0001
38 0.4658 0.1313 0.2825 0.0236 0.0917 0.0052
39 0.2465 0.1554 0.4531 0.0604 0.0839 0.0008
40 0.2930 0.2029 0.4036 0.0071 0.0936 0.0001
41 0.0804 0.2188 0.6953 0.0035 0.0020 0.0001
42 0.1747 0.2140 0.6001 0.0066 0.0046 0.0001
43 0.1395 0.1095 0.7197 0.0248 0.0062 0.0002
44 0.3982 0.1263 0.3743 0.0343 0.0666 0.0004
45 0.4951 0.1429 0.2957 0.0142 0.0522 0.0002
46 0.7446 0.0682 0.0984 0.0038 0.0848 0.0002
47 0.3232 0.0352 0.5674 0.0683 0.0035 0.0024
48 0.1103 0.1847 0.6973 0.0031 0.0047 0.0001
49 0.0986 0.1677 0.4854 0.1731 0.0242 0.0511
50 0.5459 0.0732 0.3259 0.0272 0.0272 0.0009
51 0.1733 0.0757 0.2949 0.1733 0.2297 0.0529
52 0.2510 0.1970 0.3770 0.0809 0.0881 0.0060
53 0.0590 0.1328 0.8013 0.0041 0.0027 0.0001
54 0.2441 0.1392 0.5859 0.0071 0.0236 0.0002
55 0.3005 0.1186 0.5190 0.0364 0.0245 0.0010
56 0.0188 0.1610 0.8174 0.0023 0.0005 0.0001
57 0.8062 0.0363 0.1082 0.0121 0.0374 0.0000
58 0.1829 0.1704 0.6230 0.0106 0.0128 0.0001
59 0.2981 0.1453 0.5190 0.0122 0.0254 0.0001
60 0.2410 0.1021 0.6152 0.0124 0.0290 0.0003
61 0.4756 0.2505 0.1682 0.0082 0.0974 0.0001
62 0.3550 0.2103 0.3779 0.0053 0.0515 0.0001
63 0.1414 0.3640 0.4822 0.0041 0.0082 0.0001
64 0.1989 0.1573 0.6123 0.0145 0.0164 0.0003
65 0.6196 0.0788 0.2158 0.0358 0.0493 0.0004
66 0.5049 0.0584 0.3311 0.0612 0.0434 0.0011
67 0.3723 0.0369 0.1287 0.2258 0.2024 0.0338
68 0.2269 0.0889 0.6074 0.0245 0.0293 0.0230
69 0.2162 0.1937 0.4949 0.0113 0.0840 0.0001
70 0.3289 0.1414 0.5015 0.0086 0.0194 0.0005
71 0.0374 0.2328 0.4280 0.0166 0.2852 0.0000
72 0.1398 0.2472 0.5933 0.0115 0.0083 0.0002
73 0.0909 0.1780 0.7148 0.0121 0.0036 0.0004
74 0.1876 0.3345 0.4570 0.0077 0.0131 0.0001
75 0.3367 0.2837 0.3530 0.0096 0.0169 0.0001
76 0.1392 0.0375 0.1084 0.0441 0.6694 0.0016
77 0.0981 0.0134 0.1130 0.0490 0.7251 0.0015
78 0.3066 0.1350 0.4861 0.0500 0.0219 0.0003
79 0.8262 0.0637 0.0824 0.0129 0.0149 0.0001
80 0.3784 0.2664 0.2502 0.1003 0.0030 0.0019
81 0.3865 0.2418 0.3057 0.0458 0.0166 0.0038
82 0.2281 0.1951 0.5557 0.0107 0.0095 0.0007
83 0.2373 0.1174 0.4502 0.1763 0.0138 0.0048
84 0.0726 0.1536 0.7559 0.0136 0.0038 0.0004
85 0.0703 0.1313 0.7212 0.0650 0.0098 0.0022
86 0.1065 0.0588 0.5161 0.0646 0.2515 0.0027
87 0.1849 0.1594 0.6260 0.0106 0.0183 0.0009
88 0.5083 0.1456 0.1599 0.0080 0.1783 0.0001
89 0.1771 0.2478 0.3899 0.0296 0.1539 0.0017
90 0.1682 0.2429 0.3479 0.0853 0.1497 0.0061
91 0.1862 0.1819 0.6104 0.0078 0.0134 0.0002
92 0.3767 0.0471 0.2888 0.1808 0.1063 0.0004
93 0.3918 0.2632 0.2233 0.0596 0.0620 0.0000
94 0.0897 0.2382 0.6680 0.0024 0.0016 0.0001
95 0.0956 0.1100 0.4631 0.1434 0.1842 0.0035
96 0.1843 0.2441 0.4856 0.0292 0.0553 0.0014
97 0.4297 0.0701 0.3618 0.1174 0.0111 0.0100
98 0.4465 0.3318 0.2061 0.0103 0.0048 0.0006
99 0.3594 0.1711 0.4104 0.0127 0.0457 0.0007
100 0.3057 0.0955 0.5713 0.0211 0.0057 0.0007
101 0.2277 0.0710 0.2155 0.0150 0.4707 0.0001
102 0.2212 0.1261 0.5967 0.0129 0.0422 0.0009
103 0.1746 0.2173 0.5635 0.0070 0.0374 0.0002
104 0.2300 0.0826 0.5781 0.0190 0.0900 0.0003
105 0.6123 0.0999 0.1957 0.0465 0.0324 0.0133
106 0.2708 0.2881 0.1681 0.2666 0.0055 0.0009
107 0.1282 0.0815 0.2549 0.4617 0.0596 0.0141
108 0.1309 0.1554 0.6240 0.0124 0.0769 0.0003
109 0.1377 0.0660 0.7617 0.0186 0.0156 0.0003
110 0.0635 0.0100 0.0518 0.0185 0.8560 0.0001
111 0.3743 0.1573 0.3303 0.0271 0.1107 0.0001
112 0.6006 0.2369 0.0244 0.0210 0.1164 0.0008
113 0.5000 0.2272 0.1561 0.0925 0.0223 0.0016
114 0.2094 0.2336 0.4067 0.0820 0.0680 0.0002
115 0.2153 0.1266 0.4702 0.1527 0.0211 0.0141
116 0.3521 0.0804 0.3254 0.0985 0.1422 0.0015
117 0.2615 0.0984 0.1151 0.2495 0.2739 0.0016
118 0.1511 0.3406 0.4443 0.0351 0.0273 0.0015
119 0.1371 0.0980 0.3669 0.0658 0.3291 0.0031
120 0.4407 0.1168 0.3711 0.0391 0.0314 0.0012
121 0.5776 0.0807 0.1508 0.1555 0.0294 0.0059
122 0.3191 0.0845 0.3972 0.0996 0.0989 0.0007
123 0.4661 0.0862 0.3716 0.0410 0.0348 0.0003
124 0.1039 0.0772 0.4514 0.3354 0.0192 0.0127
125 0.2356 0.0534 0.6304 0.0331 0.0475 0.0001
126 0.2367 0.0668 0.6436 0.0266 0.0266 0.0000
127 0.1869 0.1661 0.2399 0.0351 0.3716 0.0003
128 0.1194 0.0450 0.2450 0.0795 0.5107 0.0003
129 0.1010 0.0225 0.7349 0.1127 0.0276 0.0013
130 0.1182 0.0613 0.7358 0.0478 0.0366 0.0005
131 0.4668 0.0622 0.3311 0.0948 0.0448 0.0004
132 0.1217 0.1227 0.2421 0.0315 0.4814 0.0006
133 0.3391 0.1026 0.4089 0.1101 0.0389 0.0002
134 0.2098 0.1465 0.5703 0.0410 0.0317 0.0006
135 0.3479 0.0634 0.3647 0.1777 0.0314 0.0148
136 0.3015 0.2744 0.3523 0.0383 0.0308 0.0026
137 0.1350 0.1052 0.5596 0.1530 0.0316 0.0157
138 0.2957 0.0487 0.3298 0.2913 0.0173 0.0171
139 0.3726 0.0980 0.1932 0.1371 0.1603 0.0390
140 0.1768 0.0243 0.3054 0.1124 0.3152 0.0660
141 0.0272 0.2617 0.6279 0.0341 0.0481 0.0008
142 0.0678 0.1677 0.3037 0.0512 0.4087 0.0007
143 0.1357 0.1179 0.1770 0.0217 0.5454 0.0024
144 0.1726 0.0615 0.3076 0.0295 0.4272 0.0015
145 0.2461 0.2024 0.1067 0.0125 0.4319 0.0005
146 0.0590 0.0958 0.0668 0.0128 0.7651 0.0008
147 0.0767 0.0234 0.1187 0.0191 0.7622 0.0002
148 0.1158 0.0534 0.2375 0.0321 0.5610 0.0001
149 0.0894 0.1631 0.6157 0.0422 0.0894 0.0003
150 0.1029 0.2527 0.5186 0.0231 0.1021 0.0004
151 0.1422 0.1274 0.3987 0.0210 0.3105 0.0002
152 0.0740 0.1749 0.3533 0.1567 0.2391 0.0018
153 0.1153 0.1109 0.3389 0.0225 0.4089 0.0035
154 0.4434 0.0915 0.3972 0.0439 0.0239 0.0002
155 0.4192 0.1448 0.3699 0.0331 0.0326 0.0006
156 0.3630 0.2238 0.3865 0.0109 0.0156 0.0001
157 0.2559 0.0444 0.4558 0.2153 0.0240 0.0045
158 0.1975 0.1152 0.2786 0.0315 0.3748 0.0024
159 0.1766 0.2214 0.3682 0.0273 0.2064 0.0001
160 0.1874 0.1578 0.4426 0.0201 0.1919 0.0002
161 0.1793 0.1167 0.3979 0.0103 0.2957 0.0002
162 0.2515 0.1840 0.4482 0.0208 0.0955 0.0001
163 0.1918 0.2791 0.4673 0.0100 0.0520 0.0000
164 0.1980 0.0567 0.4602 0.2279 0.0452 0.0120
165 0.1111 0.0751 0.6699 0.1239 0.0193 0.0008
166 0.0914 0.0648 0.5513 0.2688 0.0229 0.0006
167 0.1930 0.1650 0.5762 0.0305 0.0352 0.0002
168 0.1559 0.0834 0.6260 0.0522 0.0822 0.0003
169 0.4763 0.2568 0.1292 0.0143 0.1233 0.0001
170 0.5991 0.1664 0.1083 0.0978 0.0251 0.0030
171 0.4487 0.0699 0.3059 0.1348 0.0377 0.0029
172 0.0665 0.0138 0.0720 0.0239 0.8237 0.0001
173 0.4207 0.2847 0.2800 0.0052 0.0094 0.0001
174 0.4565 0.3262 0.2025 0.0029 0.0118 0.0000
175 0.4873 0.0534 0.2732 0.1140 0.0649 0.0073
176 0.1854 0.1125 0.5986 0.0817 0.0178 0.0038
177 0.3398 0.1394 0.2194 0.0364 0.2646 0.0005
178 0.2384 0.1058 0.2170 0.0515 0.3870 0.0003
179 0.1379 0.0823 0.4592 0.2742 0.0365 0.0098
180 0.0969 0.1284 0.7275 0.0395 0.0074 0.0004
181 0.2269 0.0476 0.3569 0.3005 0.0430 0.0249
182 0.1720 0.0812 0.4392 0.1361 0.1667 0.0048
183 0.2546 0.1005 0.4795 0.1406 0.0242 0.0003
184 0.2371 0.0892 0.4360 0.1919 0.0452 0.0007
185 0.1969 0.1251 0.6304 0.0275 0.0197 0.0002
186 0.1759 0.1553 0.6538 0.0062 0.0090 0.0001
187 0.0922 0.2754 0.6016 0.0190 0.0118 0.0001
188 0.1401 0.0705 0.7461 0.0349 0.0075 0.0008
189 0.2067 0.0592 0.6670 0.0502 0.0166 0.0004
190 0.2302 0.0692 0.5107 0.1038 0.0506 0.0353
191 0.2249 0.0436 0.5229 0.1038 0.1046 0.0003
192 0.0272 0.1993 0.7642 0.0066 0.0027 0.0001
193 0.1007 0.2018 0.6826 0.0084 0.0060 0.0004
194 0.1786 0.0912 0.7173 0.0062 0.0063 0.0004
195 0.4238 0.0475 0.2377 0.2491 0.0356 0.0063
196 0.4456 0.2072 0.1829 0.0094 0.1552 0.0001
197 0.4792 0.4067 0.0866 0.0027 0.0248 0.0000
198 0.0897 0.1869 0.3896 0.0240 0.3035 0.0065
199 0.1438 0.2013 0.6445 0.0029 0.0070 0.0002
200 0.5835 0.0736 0.2844 0.0433 0.0152 0.0001
201 0.0637 0.2328 0.4558 0.1976 0.0328 0.0174
202 0.2460 0.0786 0.5718 0.0688 0.0313 0.0035
203 0.3838 0.0593 0.2942 0.0850 0.1771 0.0005
204 0.1246 0.0955 0.3494 0.0255 0.4021 0.0028
205 0.3057 0.1478 0.3574 0.1587 0.0241 0.0061
206 0.4521 0.1357 0.3335 0.0566 0.0205 0.0014
207 0.3328 0.2396 0.1465 0.0931 0.1881 0.0001
208 0.2379 0.1648 0.5322 0.0178 0.0472 0.0003
209 0.1794 0.1781 0.6313 0.0053 0.0058 0.0001
210 0.4102 0.0974 0.4648 0.0096 0.0176 0.0003
211 0.6167 0.1177 0.1014 0.1150 0.0491 0.0001
212 0.6562 0.0923 0.0790 0.0379 0.1344 0.0001
213 0.5122 0.1490 0.1550 0.1650 0.0184 0.0004
214 0.7002 0.1599 0.0869 0.0227 0.0298 0.0006
215 0.7217 0.1016 0.1377 0.0210 0.0172 0.0008
216 0.5596 0.1654 0.2090 0.0294 0.0360 0.0007
217 0.1957 0.2695 0.4919 0.0122 0.0305 0.0003
218 0.1553 0.1787 0.4822 0.0316 0.1517 0.0007
219 0.1136 0.1553 0.1349 0.1288 0.0181 0.4492
220 0.8364 0.1014 0.0113 0.0041 0.0464 0.0003
221 0.8774 0.0667 0.0105 0.0052 0.0398 0.0003
222 0.8774 0.0676 0.0106 0.0049 0.0392 0.0003
223 0.8774 0.0677 0.0105 0.0049 0.0392 0.0003
224 0.8784 0.0667 0.0106 0.0049 0.0392 0.0003
225 0.8784 0.0667 0.0106 0.0049 0.0392 0.0003
226 0.7910 0.1375 0.0160 0.0058 0.0490 0.0006
227 0.1136 0.1553 0.1349 0.1288 0.0181 0.4492
