time exciting_prob fearful_prob tense_prob sad_prob relaxing_prob neutral_prob
0 0.1136 0.1553 0.1349 0.1288 0.0181 0.4492
1 0.0271 0.0703 0.0945 0.1158 0.6665 0.0258
2 0.0244 0.1223 0.2179 0.2842 0.3220 0.0290
3 0.0368 0.0688 0.3083 0.1306 0.4214 0.0341
4 0.0480 0.0720 0.2362 0.3716 0.2151 0.0570
5 0.0145 0.0418 0.1270 0.7305 0.0794 0.0069
6 0.0353 0.0475 0.0735 0.4302 0.4104 0.0032
7 0.0105 0.0881 0.0742 0.8228 0.0028 0.0018
8 0.0304 0.0372 0.1592 0.6392 0.1299 0.0042
9 0.0867 0.2000 0.1558 0.3147 0.2096 0.0334
10 0.0249 0.1150 0.4841 0.2715 0.0587 0.0457
11 0.0177 0.3608 0.1931 0.3901 0.0320 0.0062
12 0.0295 0.3176 0.1304 0.4995 0.0194 0.0036
13 0.0131 0.1923 0.1923 0.5649 0.0329 0.0046
14 0.1252 0.5747 0.2131 0.0635 0.0133 0.0100
15 0.0171 0.1836 0.6509 0.1167 0.0245 0.0075
16 0.0781 0.0648 0.4358 0.2644 0.1437 0.0134
17 0.0339 0.0813 0.6196 0.2427 0.0137 0.0086
18 0.0249 0.2358 0.2759 0.4407 0.0092 0.0136
19 0.0163 0.1031 0.6123 0.2632 0.0026 0.0026
20 0.0355 0.1181 0.6284 0.1887 0.0162 0.0130
21 0.0116 0.2231 0.1793 0.5786 0.0037 0.0036
22 0.0313 0.4536 0.2666 0.2245 0.0229 0.0010
23 0.0115 0.1237 0.1276 0.7114 0.0215 0.0043
24 0.0590 0.0375 0.2190 0.6436 0.0191 0.0217
25 0.0166 0.0480 0.1455 0.7505 0.0265 0.0130
26 0.0913 0.0301 0.2769 0.3784 0.2123 0.0112
27 0.0160 0.0895 0.2048 0.5566 0.0578 0.0753
28 0.0077 0.4299 0.4436 0.1104 0.0076 0.0007
29 0.0410 0.0237 0.2050 0.5483 0.1647 0.0173
30 0.0316 0.6108 0.3022 0.0416 0.0078 0.0058
31 0.0107 0.1506 0.7417 0.0807 0.0093 0.0069
32 0.0300 0.0495 0.8511 0.0561 0.0069 0.0065
33 0.0317 0.1477 0.7505 0.0523 0.0043 0.0136
34 0.2693 0.2001 0.3567 0.1510 0.0224 0.0008
35 0.2500 0.3694 0.3110 0.0268 0.0378 0.0050
36 0.0141 0.1125 0.5894 0.2656 0.0050 0.0132
37 0.0950 0.0673 0.4460 0.2314 0.1219 0.0384
38 0.0594 0.0812 0.5298 0.2749 0.0378 0.0170
39 0.1082 0.3894 0.2399 0.1016 0.1478 0.0131
40 0.1101 0.2900 0.2260 0.1145 0.0689 0.1903
41 0.1531 0.1052 0.3140 0.2905 0.0782 0.0590
42 0.0370 0.1157 0.5269 0.1764 0.0670 0.0771
43 0.0659 0.1375 0.5229 0.1697 0.0350 0.0691
44 0.0250 0.1428 0.5303 0.2281 0.0242 0.0493
45 0.0147 0.0620 0.4956 0.4172 0.0021 0.0081
46 0.0406 0.0375 0.2686 0.5957 0.0124 0.0452
47 0.1387 0.0720 0.6514 0.1283 0.0055 0.0043
48 0.0264 0.0313 0.5469 0.3877 0.0013 0.0063
49 0.0263 0.1217 0.5366 0.2830 0.0139 0.0184
50 0.0856 0.0986 0.1870 0.6035 0.0207 0.0045
51 0.1282 0.0967 0.2756 0.4336 0.0635 0.0024
52 0.0143 0.5107 0.3098 0.1510 0.0035 0.0109
53 0.0356 0.0203 0.3945 0.5146 0.0179 0.0173
54 0.0667 0.2939 0.4771 0.1501 0.0068 0.0054
55 0.0253 0.0200 0.1753 0.7734 0.0022 0.0037
56 0.0084 0.3740 0.1055 0.4238 0.0032 0.0848
57 0.0051 0.3828 0.2434 0.3225 0.0012 0.0450
58 0.0591 0.1194 0.4507 0.3511 0.0052 0.0146
59 0.1459 0.0800 0.3289 0.3784 0.0194 0.0474
60 0.1014 0.1499 0.6211 0.1224 0.0015 0.0035
61 0.0311 0.0482 0.3909 0.5098 0.0012 0.0189
62 0.0251 0.4385 0.2460 0.2832 0.0021 0.0053
63 0.0696 0.0894 0.3118 0.4907 0.0137 0.0248
64 0.0177 0.2815 0.2861 0.3506 0.0023 0.0619
65 0.0381 0.0306 0.1735 0.7300 0.0043 0.0235
66 0.0327 0.0057 0.0798 0.8584 0.0109 0.0126
67 0.0199 0.1554 0.1350 0.5771 0.0025 0.1102
68 0.0152 0.3799 0.1740 0.4109 0.0016 0.0185
69 0.0654 0.0776 0.5825 0.2585 0.0030 0.0130
70 0.1018 0.0311 0.6045 0.2025 0.0030 0.0571
71 0.0897 0.0137 0.8115 0.0709 0.0011 0.0129
72 0.0593 0.0106 0.7109 0.1797 0.0014 0.0383
73 0.0351 0.0230 0.6616 0.2217 0.0025 0.0560
74 0.0390 0.1788 0.1934 0.4094 0.0287 0.1506
75 0.0461 0.4080 0.1989 0.2761 0.0111 0.0597
76 0.0847 0.2196 0.3455 0.3403 0.0039 0.0059
77 0.1669 0.1847 0.1270 0.3848 0.1069 0.0299
78 0.0162 0.4487 0.1100 0.3899 0.0039 0.0312
79 0.0821 0.1104 0.1737 0.4104 0.1464 0.0771
80 0.0976 0.1215 0.7100 0.0565 0.0100 0.0046
81 0.0724 0.2610 0.1765 0.3567 0.1194 0.0140
82 0.1022 0.4690 0.2433 0.1030 0.0543 0.0282
83 0.2203 0.2039 0.4382 0.0327 0.0911 0.0137
84 0.0625 0.2759 0.3889 0.2360 0.0314 0.0052
85 0.0574 0.0611 0.4585 0.2825 0.1254 0.0150
86 0.0396 0.0922 0.6201 0.1749 0.0209 0.0525
87 0.0757 0.2815 0.3789 0.2028 0.0199 0.0412
88 0.1505 0.2090 0.2295 0.2727 0.1328 0.0055
89 0.0250 0.0668 0.0899 0.7891 0.0224 0.0068
90 0.1140 0.1792 0.1462 0.4949 0.0620 0.0038
91 0.0345 0.2019 0.3330 0.3542 0.0117 0.0645
92 0.1448 0.1042 0.1639 0.5293 0.0524 0.0053
93 0.1493 0.0775 0.5464 0.1182 0.0995 0.0093
94 0.1648 0.1064 0.4998 0.1064 0.1133 0.0093
95 0.0202 0.4277 0.1783 0.2849 0.0071 0.0817
96 0.0177 0.7759 0.1528 0.0496 0.0007 0.0032
97 0.0931 0.1007 0.0592 0.7212 0.0158 0.0098
98 0.0906 0.2010 0.2664 0.3813 0.0162 0.0445
99 0.1281 0.1096 0.4231 0.3193 0.0060 0.0138
100 0.1224 0.4375 0.1234 0.3101 0.0045 0.0021
101 0.0614 0.2449 0.1417 0.4795 0.0542 0.0182
102 0.1976 0.4854 0.1285 0.1664 0.0182 0.0040
103 0.0495 0.2456 0.3152 0.3408 0.0440 0.0047
104 0.0256 0.1138 0.2908 0.5518 0.0172 0.0009
105 0.0396 0.0935 0.3699 0.4749 0.0138 0.0084
106 0.0169 0.4102 0.2527 0.2690 0.0023 0.0490
107 0.0924 0.0868 0.1926 0.6216 0.0018 0.0048
108 0.3147 0.1924 0.0894 0.3735 0.0096 0.0204
109 0.3630 0.1840 0.1378 0.2827 0.0232 0.0093
110 0.0620 0.0703 0.4651 0.3857 0.0123 0.0047
111 0.0694 0.3638 0.1718 0.3752 0.0071 0.0127
112 0.0622 0.0775 0.2661 0.4819 0.0850 0.0274
113 0.2500 0.2350 0.2834 0.1200 0.1110 0.0006
114 0.0436 0.0894 0.2710 0.5562 0.0172 0.0224
115 0.1512 0.1769 0.5278 0.1315 0.0115 0.0008
116 0.0542 0.6011 0.2795 0.0275 0.0329 0.0052
117 0.3108 0.1827 0.4182 0.0305 0.0549 0.0028
118 0.1220 0.1642 0.4902 0.1405 0.0690 0.0140
119 0.0785 0.3279 0.2085 0.3660 0.0182 0.0009
120 0.2159 0.2211 0.3069 0.2316 0.0048 0.0198
121 0.1578 0.1003 0.2859 0.4292 0.0159 0.0110
122 0.1915 0.2922 0.3469 0.1614 0.0022 0.0058
123 0.2090 0.3965 0.2260 0.1653 0.0027 0.0004
124 0.0446 0.2490 0.1711 0.5273 0.0063 0.0018
125 0.1008 0.3203 0.3804 0.1942 0.0009 0.0034
126 0.1050 0.4185 0.1359 0.3259 0.0139 0.0008
127 0.0764 0.3970 0.1803 0.2996 0.0452 0.0017
128 0.3652 0.1344 0.0596 0.3484 0.0645 0.0279
129 0.2537 0.1024 0.1715 0.3989 0.0651 0.0085
130 0.0980 0.0313 0.0318 0.8330 0.0025 0.0034
131 0.0166 0.8271 0.0928 0.0609 0.0017 0.0010
132 0.0019 0.4224 0.0246 0.5508 0.0002 0.0002
133 0.0077 0.7295 0.0363 0.2260 0.0004 0.0002
134 0.0278 0.2720 0.1757 0.4084 0.0536 0.0626
135 0.0155 0.2249 0.2146 0.4614 0.0542 0.0295
136 0.0013 0.2805 0.0234 0.6943 0.0002 0.0006
137 0.1646 0.0260 0.4204 0.3325 0.0518 0.0047
138 0.4707 0.0532 0.2189 0.2404 0.0148 0.0020
139 0.0853 0.0128 0.0266 0.8096 0.0615 0.0042
140 0.1365 0.0535 0.1205 0.5615 0.1177 0.0103
141 0.0032 0.0947 0.0862 0.7930 0.0011 0.0218
142 0.0751 0.0864 0.6001 0.1042 0.0739 0.0603
143 0.1467 0.1974 0.5200 0.0726 0.0359 0.0271
144 0.0389 0.0673 0.0264 0.8462 0.0176 0.0039
145 0.1504 0.0688 0.4023 0.3284 0.0217 0.0283
146 0.0205 0.0398 0.0726 0.8306 0.0138 0.0230
147 0.0554 0.3699 0.0604 0.5054 0.0072 0.0017
148 0.2019 0.5488 0.0882 0.1598 0.0006 0.0006
149 0.0873 0.0724 0.0530 0.7427 0.0413 0.0031
150 0.2094 0.0577 0.0581 0.5430 0.1290 0.0027
151 0.2352 0.1667 0.1616 0.4128 0.0222 0.0013
152 0.0871 0.0381 0.2295 0.6235 0.0137 0.0081
153 0.2233 0.3567 0.0518 0.3484 0.0185 0.0012
154 0.1411 0.7397 0.0499 0.0656 0.0034 0.0003
155 0.0635 0.4692 0.2286 0.2323 0.0045 0.0018
156 0.0963 0.2786 0.2656 0.3521 0.0060 0.0016
157 0.0211 0.3274 0.2671 0.3484 0.0092 0.0269
158 0.0266 0.6333 0.1962 0.1327 0.0107 0.0006
159 0.0432 0.0900 0.5103 0.3191 0.0231 0.0145
160 0.0812 0.1127 0.3584 0.3210 0.0549 0.0717
161 0.0060 0.5542 0.0455 0.3931 0.0006 0.0006
162 0.0034 0.3379 0.0269 0.6313 0.0003 0.0003
163 0.0029 0.4863 0.0316 0.4788 0.0002 0.0004
164 0.2678 0.1033 0.5498 0.0255 0.0519 0.0017
165 0.1400 0.1688 0.3687 0.0869 0.2344 0.0012
166 0.0239 0.4043 0.5190 0.0092 0.0426 0.0009
167 0.0900 0.1736 0.3047 0.3618 0.0619 0.0081
168 0.0529 0.1603 0.2522 0.3669 0.1437 0.0242
169 0.0168 0.5117 0.2003 0.2494 0.0046 0.0171
170 0.2245 0.1890 0.4065 0.0958 0.0788 0.0055
171 0.1831 0.2010 0.3115 0.1043 0.1980 0.0020
172 0.0235 0.3567 0.2233 0.3403 0.0031 0.0530
173 0.0073 0.1522 0.0645 0.7041 0.0042 0.0676
174 0.0319 0.6265 0.1272 0.2002 0.0081 0.0062
175 0.0164 0.4443 0.2737 0.2454 0.0025 0.0176
176 0.1672 0.2471 0.4915 0.0742 0.0117 0.0085
177 0.0296 0.4087 0.1871 0.3440 0.0086 0.0220
178 0.2023 0.0768 0.3899 0.2766 0.0500 0.0045
179 0.2217 0.3772 0.3225 0.0518 0.0182 0.0087
180 0.0873 0.1605 0.6152 0.0649 0.0669 0.0050
181 0.0427 0.3413 0.2136 0.3928 0.0066 0.0030
182 0.0052 0.4375 0.0531 0.5034 0.0003 0.0004
183 0.0173 0.3726 0.2993 0.2769 0.0054 0.0283
184 0.0706 0.2815 0.3240 0.2729 0.0501 0.0008
185 0.0598 0.0473 0.2810 0.5591 0.0473 0.0054
186 0.2271 0.3103 0.1648 0.2612 0.0271 0.0094
187 0.0309 0.1520 0.2710 0.5225 0.0183 0.0055
188 0.0683 0.3994 0.3159 0.1947 0.0166 0.0051
189 0.2147 0.3828 0.2048 0.1925 0.0044 0.0009
190 0.0647 0.6235 0.1328 0.1505 0.0272 0.0011
191 0.0177 0.4133 0.4985 0.0664 0.0027 0.0011
192 0.0078 0.5898 0.0602 0.3413 0.0006 0.0003
193 0.0048 0.8145 0.0412 0.1393 0.0004 0.0001
194 0.0253 0.3127 0.3176 0.3381 0.0048 0.0015
195 0.0121 0.4021 0.1550 0.4282 0.0016 0.0010
196 0.0191 0.7070 0.1436 0.1209 0.0057 0.0038
197 0.0329 0.3047 0.4102 0.2195 0.0275 0.0053
198 0.0276 0.2277 0.2500 0.4744 0.0151 0.0053
199 0.0925 0.1959 0.2678 0.3958 0.0404 0.0077
200 0.0239 0.0810 0.2134 0.6572 0.0062 0.0181
201 0.0057 0.6045 0.1248 0.2600 0.0029 0.0018
202 0.0057 0.1490 0.1255 0.7002 0.0038 0.0157
203 0.0292 0.2766 0.2854 0.3284 0.0637 0.0167
204 0.0083 0.0349 0.0343 0.3464 0.5713 0.0049
205 0.1970 0.2002 0.1312 0.3149 0.0426 0.1140
206 0.3025 0.1923 0.1451 0.1805 0.0299 0.1497
207 0.3025 0.1923 0.1451 0.1805 0.0299 0.1497
208 0.1136 0.1553 0.1349 0.1288 0.0181 0.4492
