time exciting_prob fearful_prob tense_prob sad_prob relaxing_prob neutral_prob
0 0.1136 0.1553 0.1349 0.1288 0.0181 0.4492
1 0.2153 0.1842 0.1189 0.4348 0.0249 0.0218
2 0.1705 0.4670 0.2500 0.0781 0.0224 0.0121
3 0.3674 0.3618 0.2605 0.0036 0.0054 0.0012
4 0.6221 0.1648 0.1304 0.0261 0.0245 0.0322
5 0.3809 0.1731 0.0774 0.0151 0.3416 0.0120
6 0.4294 0.4036 0.1394 0.0040 0.0229 0.0007
7 0.3582 0.2747 0.1248 0.1068 0.0599 0.0757
8 0.1534 0.4204 0.3101 0.0802 0.0245 0.0116
9 0.1925 0.4727 0.2491 0.0265 0.0491 0.0100
10 0.2522 0.3237 0.1542 0.0292 0.2225 0.0181
11 0.3862 0.0427 0.1107 0.0903 0.0291 0.3408
12 0.2996 0.4324 0.1027 0.0387 0.1068 0.0201
13 0.2430 0.5654 0.0873 0.0060 0.0908 0.0075
14 0.2947 0.3040 0.1257 0.0524 0.1978 0.0255
15 0.2559 0.3933 0.1947 0.0287 0.1190 0.0086
16 0.1528 0.4490 0.2347 0.0308 0.1190 0.0136
17 0.1680 0.0689 0.0722 0.3137 0.1003 0.2769
18 0.2686 0.4360 0.2175 0.0068 0.0550 0.0159
19 0.3816 0.3909 0.1642 0.0073 0.0412 0.0149
20 0.3049 0.4612 0.1619 0.0078 0.0526 0.0116
21 0.2266 0.4761 0.2063 0.0099 0.0685 0.0127
22 0.2123 0.5420 0.1577 0.0160 0.0689 0.0030
23 0.1648 0.6675 0.0992 0.0218 0.0444 0.0024
24 0.1958 0.6519 0.0984 0.0133 0.0368 0.0036
25 0.1274 0.0804 0.0842 0.5449 0.0374 0.1255
26 0.2690 0.2734 0.2489 0.0901 0.0873 0.0312
27 0.2588 0.3323 0.1558 0.1140 0.0514 0.0880
28 0.2133 0.4209 0.2183 0.0483 0.0556 0.0437
29 0.2883 0.2263 0.3848 0.0242 0.0572 0.0192
30 0.3472 0.2539 0.2944 0.0149 0.0812 0.0084
31 0.2991 0.3899 0.1842 0.0223 0.0716 0.0330
32 0.2239 0.3550 0.2070 0.1266 0.0477 0.0398
33 0.1098 0.1714 0.1912 0.4343 0.0592 0.0340
34 0.0604 0.0839 0.0435 0.4128 0.0729 0.3267
35 0.0698 0.5493 0.1637 0.1914 0.0168 0.0089
36 0.1688 0.4275 0.2739 0.0483 0.0709 0.0105
37 0.1472 0.3503 0.3850 0.0529 0.0497 0.0148
38 0.2693 0.4839 0.1168 0.0150 0.1123 0.0026
39 0.1918 0.5591 0.1050 0.0188 0.1209 0.0044
40 0.2305 0.3921 0.1263 0.0464 0.1941 0.0107
41 0.0907 0.5430 0.2505 0.0381 0.0723 0.0057
42 0.2568 0.1807 0.1157 0.3245 0.0853 0.0370
43 0.1282 0.5571 0.2164 0.0122 0.0834 0.0027
44 0.0277 0.0601 0.0267 0.0023 0.8828 0.0002
45 0.0499 0.1455 0.0368 0.0050 0.7622 0.0005
46 0.0989 0.2393 0.0807 0.1062 0.4612 0.0136
47 0.0962 0.1854 0.0621 0.0247 0.6270 0.0045
48 0.0599 0.4495 0.0763 0.0164 0.3967 0.0012
49 0.0542 0.3508 0.1037 0.0071 0.4832 0.0011
50 0.0632 0.2969 0.0632 0.0081 0.5679 0.0008
51 0.2445 0.5059 0.1449 0.0103 0.0936 0.0011
52 0.1300 0.5967 0.1862 0.0356 0.0505 0.0013
53 0.0814 0.6064 0.1364 0.0887 0.0814 0.0059
54 0.0910 0.5796 0.2695 0.0225 0.0225 0.0149
55 0.0984 0.4695 0.2324 0.0220 0.1572 0.0203
56 0.0859 0.5732 0.2773 0.0321 0.0285 0.0026
57 0.0559 0.6704 0.2485 0.0074 0.0164 0.0015
58 0.2603 0.3091 0.2227 0.0892 0.0746 0.0442
59 0.3889 0.2913 0.1672 0.0708 0.0416 0.0400
60 0.0959 0.3049 0.1429 0.0134 0.4402 0.0027
61 0.0652 0.6289 0.1259 0.0053 0.1720 0.0027
62 0.0914 0.1967 0.1012 0.0176 0.5918 0.0014
63 0.4651 0.2469 0.0901 0.0063 0.1893 0.0021
64 0.3479 0.3022 0.1736 0.0081 0.1643 0.0039
65 0.0542 0.0563 0.0180 0.0034 0.8677 0.0006
66 0.0565 0.1443 0.0565 0.0038 0.7383 0.0008
67 0.3918 0.4138 0.0708 0.0286 0.0569 0.0382
68 0.4146 0.3281 0.0933 0.0536 0.0732 0.0374
69 0.1448 0.2769 0.0878 0.2925 0.1517 0.0466
70 0.2708 0.2603 0.0825 0.2927 0.0658 0.0281
71 0.1595 0.4370 0.1780 0.1149 0.0821 0.0286
72 0.1241 0.3323 0.1232 0.3245 0.0426 0.0534
73 0.1060 0.5640 0.1903 0.0825 0.0449 0.0126
74 0.2876 0.2659 0.1117 0.2744 0.0488 0.0117
75 0.1471 0.5254 0.1627 0.1248 0.0355 0.0045
76 0.2812 0.4709 0.1154 0.0089 0.1219 0.0015
77 0.3135 0.4705 0.1227 0.0053 0.0870 0.0010
78 0.0128 0.4602 0.3530 0.0133 0.1603 0.0004
79 0.1654 0.6289 0.1471 0.0124 0.0378 0.0084
80 0.0410 0.1282 0.1499 0.5835 0.0319 0.0655
81 0.1089 0.2781 0.3628 0.0640 0.1824 0.0038
82 0.1742 0.3464 0.2219 0.0621 0.1783 0.0171
83 0.0599 0.4290 0.3845 0.0112 0.1110 0.0043
84 0.0306 0.4062 0.5381 0.0039 0.0191 0.0018
85 0.0345 0.5698 0.3796 0.0033 0.0114 0.0015
86 0.1449 0.5059 0.2158 0.0301 0.0936 0.0099
87 0.1226 0.1245 0.1411 0.2849 0.2554 0.0715
88 0.1351 0.4905 0.2861 0.0115 0.0669 0.0101
89 0.0731 0.7559 0.1115 0.0063 0.0483 0.0046
90 0.2086 0.6323 0.0955 0.0218 0.0371 0.0045
91 0.2810 0.5249 0.1390 0.0247 0.0227 0.0078
92 0.0500 0.5630 0.2239 0.1152 0.0285 0.0196
93 0.0723 0.4570 0.1981 0.1791 0.0679 0.0254
94 0.1025 0.5088 0.2830 0.0289 0.0508 0.0261
95 0.1484 0.0659 0.0845 0.4033 0.1605 0.1372
96 0.1027 0.5820 0.1011 0.0764 0.1259 0.0121
97 0.1583 0.7324 0.0725 0.0115 0.0241 0.0013
98 0.0871 0.7642 0.1190 0.0147 0.0118 0.0033
99 0.1749 0.6299 0.1300 0.0228 0.0384 0.0037
100 0.1099 0.7275 0.0955 0.0171 0.0469 0.0032
101 0.0920 0.7290 0.0781 0.0331 0.0632 0.0044
102 0.1307 0.7295 0.0942 0.0077 0.0369 0.0010
103 0.2494 0.4883 0.1674 0.0423 0.0407 0.0119
104 0.2043 0.5098 0.1566 0.0623 0.0521 0.0149
105 0.1409 0.5527 0.1536 0.1072 0.0337 0.0117
106 0.3088 0.4028 0.1119 0.1210 0.0372 0.0183
107 0.3074 0.4543 0.1498 0.0439 0.0376 0.0071
108 0.1414 0.6235 0.1678 0.0289 0.0320 0.0061
109 0.1471 0.6094 0.1760 0.0333 0.0287 0.0054
110 0.0941 0.6479 0.2007 0.0159 0.0343 0.0070
111 0.0647 0.5767 0.1947 0.0787 0.0775 0.0079
112 0.0909 0.0397 0.0457 0.3376 0.0853 0.4009
113 0.2625 0.1862 0.0690 0.1250 0.1362 0.2211
114 0.2649 0.5786 0.0853 0.0123 0.0534 0.0058
115 0.3262 0.5293 0.0618 0.0098 0.0668 0.0061
116 0.2400 0.5986 0.0856 0.0098 0.0621 0.0041
117 0.2544 0.3450 0.1372 0.0309 0.2125 0.0202
118 0.1383 0.7305 0.0559 0.0190 0.0456 0.0107
119 0.1816 0.6440 0.0865 0.0183 0.0618 0.0080
120 0.0649 0.2861 0.1165 0.2952 0.0406 0.1967
121 0.3784 0.4321 0.0728 0.0176 0.0927 0.0065
122 0.0388 0.7051 0.2253 0.0149 0.0117 0.0043
123 0.4434 0.2817 0.1260 0.0446 0.0753 0.0290
124 0.0732 0.5244 0.2830 0.0544 0.0508 0.0139
125 0.0837 0.2404 0.2991 0.1267 0.2056 0.0445
126 0.0329 0.6021 0.3274 0.0135 0.0201 0.0040
127 0.0503 0.5620 0.3572 0.0111 0.0152 0.0044
128 0.2710 0.3943 0.2195 0.0019 0.1104 0.0030
129 0.1602 0.5171 0.1732 0.0045 0.1414 0.0039
130 0.2241 0.4287 0.1403 0.0320 0.1602 0.0146
131 0.3677 0.3401 0.0759 0.0379 0.1644 0.0140
132 0.0864 0.7231 0.1600 0.0087 0.0166 0.0053
133 0.0708 0.7549 0.1522 0.0062 0.0106 0.0052
134 0.2751 0.1863 0.4004 0.0106 0.1221 0.0053
135 0.1150 0.4692 0.2003 0.1609 0.0230 0.0314
136 0.0658 0.5342 0.1818 0.1708 0.0233 0.0242
137 0.1024 0.4771 0.3545 0.0238 0.0218 0.0205
138 0.0613 0.4978 0.3757 0.0294 0.0276 0.0079
139 0.0151 0.6328 0.3335 0.0117 0.0042 0.0029
140 0.0475 0.5352 0.3621 0.0168 0.0286 0.0100
141 0.2321 0.5522 0.1262 0.0116 0.0660 0.0117
142 0.3486 0.4475 0.1055 0.0137 0.0703 0.0144
143 0.0418 0.4224 0.4094 0.0155 0.1102 0.0009
144 0.1229 0.3367 0.2622 0.0212 0.2542 0.0028
145 0.1803 0.1831 0.1210 0.1775 0.1239 0.2141
146 0.0540 0.5811 0.3235 0.0164 0.0205 0.0046
147 0.2429 0.4468 0.2336 0.0246 0.0316 0.0204
148 0.2335 0.4536 0.2109 0.0422 0.0285 0.0313
149 0.2329 0.2944 0.2188 0.1576 0.0524 0.0441
150 0.3291 0.3938 0.1803 0.0449 0.0313 0.0204
151 0.6631 0.2119 0.0911 0.0020 0.0308 0.0013
152 0.6265 0.2416 0.0828 0.0024 0.0447 0.0021
153 0.5752 0.2937 0.0743 0.0022 0.0531 0.0019
154 0.3298 0.3457 0.1686 0.0055 0.1453 0.0049
155 0.2010 0.2483 0.2314 0.0878 0.1859 0.0456
156 0.2142 0.4326 0.2280 0.0219 0.0973 0.0060
157 0.1570 0.2489 0.0923 0.0069 0.4910 0.0040
158 0.2769 0.2349 0.2041 0.0278 0.2443 0.0123
159 0.2834 0.1318 0.0885 0.0168 0.4746 0.0048
160 0.3315 0.2158 0.0995 0.0132 0.3369 0.0030
161 0.2612 0.3953 0.1345 0.0110 0.1957 0.0021
162 0.3552 0.4634 0.0728 0.0130 0.0878 0.0077
163 0.2450 0.6016 0.0853 0.0104 0.0518 0.0058
164 0.2291 0.4382 0.2291 0.0325 0.0511 0.0199
165 0.2487 0.4163 0.2372 0.0199 0.0614 0.0165
166 0.3069 0.4065 0.1630 0.0246 0.0859 0.0134
167 0.3181 0.4851 0.0688 0.0023 0.1226 0.0031
168 0.0537 0.8394 0.0858 0.0086 0.0095 0.0028
169 0.1805 0.5474 0.0908 0.0901 0.0782 0.0127
170 0.1743 0.6948 0.0540 0.0021 0.0727 0.0019
171 0.2195 0.6011 0.1157 0.0217 0.0334 0.0084
172 0.1882 0.6318 0.1410 0.0102 0.0236 0.0051
173 0.1780 0.6113 0.1570 0.0078 0.0400 0.0059
174 0.0891 0.6133 0.2153 0.0056 0.0739 0.0029
175 0.1505 0.6387 0.1948 0.0040 0.0093 0.0027
176 0.2418 0.5845 0.1444 0.0071 0.0195 0.0026
177 0.1820 0.1805 0.0367 0.0124 0.5830 0.0057
178 0.2101 0.6172 0.0298 0.0064 0.1335 0.0029
179 0.1509 0.4399 0.1892 0.1569 0.0378 0.0250
180 0.2133 0.6318 0.0779 0.0210 0.0499 0.0062
181 0.0241 0.6519 0.3127 0.0072 0.0035 0.0009
182 0.0352 0.6001 0.3315 0.0209 0.0100 0.0021
183 0.1740 0.5796 0.2269 0.0027 0.0143 0.0027
184 0.0220 0.7002 0.2615 0.0092 0.0057 0.0015
185 0.1112 0.6250 0.2144 0.0204 0.0229 0.0060
186 0.2556 0.1677 0.1677 0.0532 0.3083 0.0473
187 0.1714 0.1421 0.0869 0.1973 0.2534 0.1489
188 0.3184 0.4666 0.1208 0.0354 0.0408 0.0181
189 0.2017 0.6162 0.1158 0.0245 0.0356 0.0061
190 0.1986 0.4766 0.2286 0.0223 0.0560 0.0181
191 0.0599 0.6914 0.2244 0.0140 0.0074 0.0030
192 0.0289 0.7236 0.2277 0.0126 0.0044 0.0028
193 0.5024 0.3296 0.1193 0.0093 0.0324 0.0070
194 0.5215 0.2947 0.1119 0.0077 0.0603 0.0041
195 0.3569 0.4307 0.1622 0.0144 0.0310 0.0048
196 0.0583 0.5317 0.3433 0.0327 0.0191 0.0147
197 0.0357 0.5293 0.4187 0.0051 0.0093 0.0018
198 0.1943 0.3438 0.3357 0.0816 0.0343 0.0104
199 0.1115 0.4998 0.3279 0.0101 0.0499 0.0009
200 0.2041 0.3394 0.1948 0.1414 0.0838 0.0366
201 0.2314 0.5054 0.1707 0.0299 0.0567 0.0060
202 0.3455 0.3003 0.2096 0.0461 0.0827 0.0159
203 0.2375 0.3735 0.2249 0.0203 0.1292 0.0146
204 0.0219 0.4009 0.5312 0.0209 0.0182 0.0070
205 0.0249 0.4817 0.4744 0.0047 0.0107 0.0037
206 0.0138 0.5991 0.3750 0.0064 0.0017 0.0042
207 0.1028 0.1981 0.0172 0.0048 0.6753 0.0017
208 0.0831 0.6089 0.1801 0.0087 0.1144 0.0048
209 0.1118 0.5811 0.2539 0.0188 0.0325 0.0019
210 0.0369 0.6597 0.2793 0.0105 0.0113 0.0020
211 0.1438 0.5342 0.1951 0.0403 0.0633 0.0233
212 0.3555 0.3186 0.1589 0.0369 0.1051 0.0250
213 0.3989 0.3521 0.1599 0.0251 0.0383 0.0255
214 0.3711 0.3540 0.1387 0.0413 0.0686 0.0265
215 0.2491 0.5112 0.1781 0.0219 0.0302 0.0092
216 0.2578 0.5049 0.1470 0.0207 0.0647 0.0051
217 0.1121 0.1555 0.1351 0.1289 0.0181 0.4502
