time exciting_prob fearful_prob tense_prob sad_prob relaxing_prob neutral_prob
0 0.0987 0.1577 0.3340 0.2600 0.0038 0.1459
1 0.2144 0.4539 0.1777 0.1121 0.0048 0.0373
2 0.1049 0.3865 0.2805 0.2052 0.0011 0.0218
3 0.1212 0.2178 0.2710 0.2429 0.0011 0.1461
4 0.1445 0.4182 0.1870 0.1914 0.0014 0.0575
5 0.0955 0.3467 0.3157 0.1855 0.0014 0.0553
6 0.1592 0.2466 0.3645 0.1967 0.0013 0.0319
7 0.1180 0.3721 0.3362 0.1285 0.0013 0.0441
8 0.0891 0.2700 0.4053 0.1689 0.0006 0.0662
9 0.1588 0.3870 0.2172 0.1180 0.0018 0.1171
10 0.1057 0.1611 0.3130 0.1855 0.0038 0.2308
11 0.0909 0.3594 0.4202 0.0874 0.0008 0.0413
12 0.1053 0.3071 0.2732 0.1570 0.0015 0.1558
13 0.1193 0.4465 0.2467 0.1005 0.0018 0.0853
14 0.0961 0.5400 0.2233 0.0809 0.0011 0.0587
15 0.0320 0.1025 0.0575 0.7812 0.0197 0.0069
16 0.0176 0.0765 0.0730 0.8159 0.0107 0.0061
17 0.0317 0.3127 0.1597 0.4275 0.0561 0.0123
18 0.0586 0.1709 0.1605 0.5518 0.0521 0.0063
19 0.0783 0.0802 0.0510 0.4170 0.3679 0.0057
20 0.1774 0.0812 0.1426 0.1268 0.4675 0.0046
21 0.0978 0.0768 0.0477 0.1614 0.6138 0.0028
22 0.3977 0.0172 0.1022 0.3403 0.1385 0.0040
23 0.0628 0.0033 0.0154 0.9092 0.0070 0.0024
24 0.3372 0.0782 0.1749 0.3704 0.0290 0.0104
25 0.3066 0.0920 0.1471 0.4258 0.0242 0.0042
26 0.2578 0.0762 0.2539 0.3750 0.0289 0.0082
27 0.0895 0.1647 0.4407 0.2434 0.0021 0.0596
28 0.1564 0.0673 0.1144 0.6377 0.0029 0.0213
29 0.1166 0.2588 0.2798 0.2886 0.0053 0.0509
30 0.2954 0.1807 0.2079 0.2864 0.0148 0.0148
31 0.1963 0.1577 0.5293 0.0678 0.0066 0.0421
32 0.0605 0.3093 0.5601 0.0643 0.0013 0.0043
33 0.4434 0.0776 0.3000 0.1581 0.0013 0.0196
34 0.2339 0.5029 0.0847 0.1608 0.0070 0.0108
35 0.0837 0.1257 0.2661 0.5049 0.0098 0.0095
36 0.2832 0.3638 0.2024 0.1100 0.0270 0.0136
37 0.1201 0.1076 0.0673 0.6289 0.0048 0.0711
38 0.0532 0.0095 0.0346 0.8008 0.0080 0.0941
39 0.1554 0.1329 0.2949 0.3450 0.0074 0.0643
40 0.1775 0.5098 0.2244 0.0695 0.0173 0.0018
41 0.0989 0.1095 0.1736 0.5347 0.0058 0.0776
42 0.3037 0.1199 0.4023 0.1237 0.0341 0.0162
43 0.3171 0.0502 0.5742 0.0221 0.0304 0.0060
44 0.1772 0.1100 0.3638 0.3110 0.0116 0.0261
45 0.1361 0.3906 0.1530 0.2812 0.0328 0.0062
46 0.1034 0.1731 0.1208 0.5679 0.0217 0.0132
47 0.7173 0.1017 0.0657 0.1041 0.0075 0.0038
48 0.1173 0.0865 0.3213 0.4158 0.0198 0.0393
49 0.0407 0.0275 0.4658 0.3923 0.0011 0.0726
50 0.0717 0.0826 0.6055 0.2141 0.0019 0.0244
51 0.0430 0.1235 0.2218 0.5708 0.0025 0.0382
52 0.0701 0.1077 0.4229 0.3345 0.0104 0.0546
53 0.1125 0.0380 0.4812 0.3308 0.0056 0.0320
54 0.0165 0.1360 0.5381 0.2791 0.0026 0.0278
55 0.0687 0.3518 0.2515 0.2068 0.0014 0.1197
56 0.1183 0.0550 0.1362 0.6602 0.0064 0.0240
57 0.2673 0.0835 0.1660 0.3008 0.0056 0.1768
58 0.3196 0.2357 0.1251 0.3123 0.0042 0.0031
59 0.3911 0.2466 0.1605 0.1906 0.0056 0.0058
60 0.0884 0.2421 0.2478 0.3308 0.0170 0.0739
61 0.0817 0.0389 0.3870 0.4419 0.0044 0.0462
62 0.0534 0.0329 0.5312 0.3376 0.0035 0.0413
63 0.0607 0.0261 0.2085 0.6421 0.0053 0.0574
64 0.0699 0.2137 0.0657 0.6089 0.0046 0.0371
65 0.0373 0.3652 0.1323 0.4407 0.0114 0.0130
66 0.2057 0.1602 0.3313 0.2661 0.0087 0.0278
67 0.1982 0.1877 0.4504 0.1281 0.0189 0.0167
68 0.0176 0.3950 0.5659 0.0129 0.0014 0.0070
69 0.0424 0.2477 0.6035 0.0856 0.0007 0.0200
70 0.0737 0.2151 0.4211 0.1378 0.1399 0.0124
71 0.0315 0.0511 0.7754 0.0955 0.0009 0.0458
72 0.0402 0.4426 0.3140 0.1371 0.0003 0.0658
73 0.0122 0.4355 0.0928 0.4565 0.0003 0.0026
74 0.1350 0.1003 0.3845 0.3394 0.0358 0.0052
75 0.1907 0.1863 0.3479 0.2391 0.0242 0.0117
76 0.0523 0.1841 0.6577 0.0756 0.0110 0.0191
77 0.0645 0.2512 0.5400 0.1273 0.0065 0.0106
78 0.1799 0.4780 0.0994 0.1614 0.0021 0.0792
79 0.1531 0.2408 0.1416 0.4395 0.0010 0.0240
80 0.1126 0.1316 0.3208 0.3992 0.0035 0.0323
81 0.1460 0.0467 0.2371 0.4941 0.0336 0.0425
82 0.1035 0.0500 0.2749 0.5381 0.0177 0.0156
83 0.4741 0.3606 0.0978 0.0469 0.0199 0.0006
84 0.5117 0.0918 0.1107 0.2720 0.0028 0.0109
85 0.1010 0.0386 0.2421 0.5718 0.0014 0.0451
86 0.1056 0.0760 0.4658 0.2915 0.0055 0.0556
87 0.1366 0.0640 0.3252 0.2252 0.0565 0.1926
88 0.0254 0.1061 0.0409 0.8086 0.0072 0.0117
89 0.0854 0.4233 0.1487 0.2820 0.0373 0.0231
90 0.1030 0.2491 0.1214 0.3860 0.0060 0.1344
91 0.1107 0.2168 0.1064 0.4771 0.0092 0.0797
92 0.0681 0.1851 0.1464 0.4336 0.0061 0.1608
93 0.0371 0.0458 0.4846 0.4211 0.0035 0.0078
94 0.1150 0.2378 0.5073 0.0875 0.0209 0.0314
95 0.0127 0.2245 0.7476 0.0132 0.0012 0.0010
96 0.0379 0.0862 0.8433 0.0259 0.0045 0.0021
97 0.0390 0.4946 0.2817 0.1764 0.0041 0.0040
98 0.0479 0.4763 0.3679 0.0771 0.0060 0.0247
99 0.0310 0.5000 0.3464 0.1090 0.0032 0.0101
100 0.0696 0.1864 0.3677 0.2247 0.0041 0.1475
101 0.0903 0.1973 0.2361 0.3804 0.0124 0.0836
102 0.0149 0.0421 0.0500 0.8726 0.0017 0.0188
103 0.0472 0.0235 0.2200 0.6465 0.0069 0.0560
104 0.1282 0.0765 0.0881 0.2981 0.0141 0.3950
105 0.1394 0.1506 0.1580 0.2996 0.0079 0.2445
106 0.0990 0.1969 0.2910 0.2820 0.0052 0.1261
107 0.1514 0.1294 0.3130 0.3894 0.0050 0.0119
108 0.0363 0.2278 0.2074 0.5054 0.0047 0.0183
109 0.1224 0.2959 0.3354 0.2269 0.0051 0.0143
110 0.2094 0.3093 0.1147 0.3345 0.0050 0.0270
111 0.0805 0.2479 0.0824 0.5010 0.0067 0.0817
112 0.0654 0.1417 0.1484 0.5303 0.0071 0.1069
113 0.1138 0.0486 0.3730 0.3970 0.0068 0.0609
114 0.0603 0.1190 0.3389 0.4561 0.0033 0.0227
115 0.0788 0.0989 0.2245 0.5469 0.0048 0.0460
116 0.0303 0.0883 0.1324 0.3601 0.0027 0.3862
117 0.1263 0.1794 0.1910 0.4045 0.0518 0.0468
118 0.1584 0.2271 0.4585 0.0234 0.0012 0.1313
119 0.2603 0.0913 0.2769 0.3394 0.0190 0.0133
120 0.1611 0.1335 0.2739 0.3357 0.0469 0.0487
121 0.1350 0.1803 0.2583 0.3474 0.0316 0.0474
122 0.1146 0.1472 0.4360 0.1748 0.0074 0.1201
123 0.0767 0.1466 0.2573 0.4482 0.0036 0.0677
124 0.0632 0.0489 0.1085 0.5508 0.0026 0.2261
125 0.1096 0.2712 0.1606 0.3350 0.0015 0.1223
126 0.1797 0.0238 0.1378 0.5039 0.0035 0.1514
127 0.0694 0.3062 0.2598 0.3416 0.0020 0.0212
128 0.2240 0.0331 0.3752 0.3159 0.0452 0.0067
129 0.1940 0.0302 0.6069 0.1547 0.0031 0.0110
130 0.0594 0.2878 0.3445 0.2173 0.0251 0.0657
131 0.0898 0.3416 0.4087 0.0744 0.0065 0.0792
132 0.0612 0.1857 0.1992 0.4634 0.0055 0.0850
133 0.1747 0.1298 0.1859 0.2834 0.0594 0.1666
134 0.1329 0.2426 0.5298 0.0328 0.0563 0.0055
135 0.2532 0.2551 0.3176 0.0310 0.1324 0.0107
136 0.1462 0.4038 0.3269 0.0219 0.0997 0.0015
137 0.1921 0.1936 0.5347 0.0422 0.0334 0.0039
138 0.0925 0.3955 0.4143 0.0588 0.0354 0.0035
139 0.0992 0.3357 0.4211 0.1160 0.0263 0.0017
140 0.1227 0.3635 0.3550 0.1161 0.0405 0.0021
141 0.0366 0.0473 0.6235 0.2258 0.0080 0.0589
142 0.0235 0.6147 0.3342 0.0212 0.0039 0.0026
143 0.0246 0.4646 0.4646 0.0314 0.0108 0.0037
144 0.0139 0.3311 0.0668 0.0979 0.4744 0.0160
145 0.0115 0.1726 0.0391 0.0334 0.7378 0.0054
146 0.4028 0.1733 0.2683 0.0369 0.0576 0.0608
147 0.1349 0.1436 0.1787 0.3726 0.0455 0.1248
148 0.1783 0.2327 0.1444 0.3154 0.0320 0.0970
149 0.1674 0.2341 0.2252 0.2532 0.0447 0.0754
150 0.1917 0.2155 0.3416 0.1516 0.0445 0.0553
151 0.2047 0.2196 0.2712 0.2129 0.0543 0.0373
152 0.3350 0.2957 0.2568 0.0702 0.0359 0.0065
153 0.0175 0.2020 0.6836 0.0720 0.0048 0.0203
154 0.0167 0.2018 0.6411 0.1186 0.0062 0.0156
155 0.0144 0.1956 0.6616 0.1039 0.0053 0.0191
156 0.3220 0.2979 0.2820 0.0659 0.0302 0.0024
157 0.2117 0.3381 0.3201 0.0829 0.0433 0.0039
158 0.0138 0.0927 0.6045 0.1602 0.0005 0.1287
159 0.0181 0.0793 0.5767 0.2258 0.0015 0.0986
160 0.0881 0.7378 0.0909 0.0759 0.0029 0.0045
161 0.1089 0.2551 0.4207 0.1910 0.0032 0.0211
162 0.1033 0.1143 0.3467 0.3577 0.0045 0.0738
163 0.1366 0.2632 0.2847 0.2803 0.0059 0.0295
164 0.2048 0.0091 0.3887 0.2590 0.0083 0.1302
165 0.2039 0.1180 0.1771 0.3870 0.0082 0.1058
166 0.0871 0.2482 0.2561 0.2812 0.0036 0.1238
167 0.0280 0.4932 0.1931 0.2681 0.0006 0.0168
168 0.0572 0.8403 0.0794 0.0191 0.0025 0.0015
169 0.0831 0.3237 0.3904 0.1732 0.0064 0.0233
170 0.2625 0.2502 0.2316 0.2279 0.0031 0.0248
171 0.2188 0.1370 0.1704 0.4285 0.0034 0.0421
172 0.2183 0.0243 0.3892 0.2473 0.0112 0.1097
173 0.3047 0.0880 0.1013 0.4871 0.0074 0.0116
174 0.0896 0.1047 0.2473 0.4919 0.0104 0.0561
175 0.1597 0.1726 0.2183 0.3711 0.0223 0.0560
176 0.3279 0.0954 0.4016 0.1225 0.0043 0.0483
177 0.0757 0.2367 0.5332 0.1042 0.0140 0.0360
178 0.0866 0.2930 0.4468 0.1311 0.0154 0.0270
179 0.0508 0.1652 0.2832 0.4055 0.0063 0.0891
180 0.0856 0.3865 0.3203 0.1742 0.0059 0.0273
181 0.0950 0.1163 0.6289 0.0980 0.0086 0.0533
182 0.2361 0.0210 0.4341 0.2676 0.0052 0.0362
183 0.3452 0.1147 0.2817 0.1532 0.0422 0.0629
184 0.1195 0.0881 0.3799 0.2756 0.0117 0.1252
185 0.1656 0.2688 0.2751 0.2094 0.0086 0.0723
186 0.1263 0.0511 0.5405 0.1187 0.0225 0.1410
187 0.0472 0.3462 0.4143 0.1512 0.0108 0.0305
188 0.1942 0.1466 0.3225 0.1047 0.0645 0.1674
189 0.0592 0.1398 0.4373 0.2529 0.0022 0.1088
190 0.3645 0.0521 0.2625 0.2646 0.0025 0.0538
191 0.2152 0.0473 0.4849 0.1689 0.0032 0.0804
192 0.0439 0.1230 0.2566 0.5264 0.0043 0.0460
193 0.0798 0.2788 0.3992 0.1976 0.0047 0.0399
194 0.0427 0.0848 0.0992 0.7217 0.0016 0.0499
195 0.1998 0.0412 0.3047 0.3914 0.0056 0.0573
196 0.0735 0.1520 0.2247 0.5225 0.0036 0.0237
197 0.0852 0.1129 0.3672 0.1804 0.1508 0.1036
198 0.0847 0.1499 0.2715 0.4336 0.0073 0.0530
199 0.1175 0.2030 0.3564 0.2607 0.0207 0.0416
200 0.0257 0.3389 0.3665 0.2089 0.0231 0.0369
201 0.1637 0.1357 0.2783 0.3359 0.0307 0.0557
202 0.3181 0.2070 0.1799 0.2188 0.0303 0.0458
203 0.1968 0.2487 0.2300 0.2014 0.0406 0.0826
204 0.1548 0.1853 0.5488 0.0961 0.0081 0.0070
205 0.2352 0.2209 0.2837 0.2297 0.0114 0.0189
206 0.3401 0.0665 0.2000 0.3455 0.0370 0.0108
207 0.3367 0.0270 0.2140 0.3264 0.0215 0.0745
208 0.1031 0.3276 0.1454 0.3953 0.0042 0.0243
209 0.1744 0.4248 0.2744 0.1033 0.0166 0.0065
210 0.1454 0.0772 0.2632 0.4919 0.0097 0.0124
211 0.1600 0.2898 0.2479 0.2681 0.0041 0.0298
212 0.1267 0.2057 0.5420 0.0657 0.0079 0.0520
213 0.0825 0.3474 0.5054 0.0390 0.0117 0.0140
214 0.0219 0.3054 0.1824 0.2532 0.0137 0.2234
215 0.0531 0.2290 0.4924 0.1586 0.0053 0.0616
216 0.0222 0.4753 0.2228 0.1832 0.0020 0.0944
217 0.0904 0.1378 0.3308 0.4180 0.0046 0.0184
218 0.0917 0.2715 0.2632 0.3542 0.0154 0.0040
219 0.0277 0.7026 0.2583 0.0088 0.0005 0.0022
220 0.1155 0.1996 0.2158 0.4360 0.0061 0.0270
221 0.1697 0.4683 0.2546 0.0759 0.0058 0.0258
222 0.1969 0.3098 0.2888 0.0707 0.0713 0.0624
223 0.1074 0.3308 0.4592 0.1016 0.0006 0.0005
224 0.1404 0.0668 0.2903 0.4712 0.0103 0.0209
225 0.0698 0.0159 0.0611 0.8364 0.0033 0.0133
226 0.2627 0.0639 0.1362 0.5063 0.0078 0.0229
227 0.1592 0.0339 0.1776 0.6104 0.0084 0.0105
228 0.2166 0.0748 0.5571 0.1243 0.0034 0.0235
229 0.3088 0.0668 0.2090 0.3669 0.0303 0.0180
230 0.3174 0.0655 0.2251 0.3433 0.0298 0.0189
231 0.0694 0.1719 0.1993 0.2703 0.0372 0.2520
232 0.0361 0.3145 0.5352 0.0789 0.0018 0.0337
233 0.0302 0.3503 0.1862 0.3044 0.0019 0.1270
234 0.1250 0.3142 0.1428 0.3071 0.0047 0.1061
235 0.0324 0.6562 0.1354 0.1547 0.0030 0.0182
236 0.0425 0.3047 0.5142 0.0989 0.0032 0.0367
237 0.0447 0.3352 0.3174 0.2759 0.0108 0.0161
238 0.0481 0.2058 0.2157 0.4976 0.0079 0.0248
239 0.0778 0.1014 0.2590 0.4617 0.0049 0.0953
240 0.0419 0.2627 0.3508 0.2487 0.0052 0.0908
241 0.0301 0.4785 0.1802 0.2903 0.0011 0.0197
242 0.0626 0.4309 0.3601 0.0910 0.0036 0.0519
243 0.0173 0.0861 0.0960 0.7915 0.0004 0.0087
244 0.1820 0.2979 0.4070 0.1029 0.0018 0.0085
245 0.1064 0.0430 0.7046 0.1225 0.0021 0.0213
246 0.1106 0.2803 0.5317 0.0687 0.0017 0.0069
247 0.3027 0.0670 0.2180 0.3708 0.0302 0.0113
248 0.2937 0.0743 0.2183 0.3713 0.0320 0.0104
249 0.1427 0.1028 0.1951 0.4902 0.0038 0.0653
250 0.0928 0.1530 0.1904 0.5093 0.0099 0.0445
251 0.0980 0.0935 0.2925 0.4324 0.0072 0.0763
252 0.1301 0.2145 0.1290 0.3853 0.0025 0.1384
253 0.0797 0.4048 0.0822 0.3489 0.0007 0.0836
254 0.2971 0.1093 0.3936 0.1426 0.0313 0.0260
255 0.0828 0.0426 0.0999 0.7041 0.0119 0.0587
256 0.2070 0.1041 0.2007 0.4453 0.0049 0.0380
257 0.0801 0.1835 0.4758 0.2046 0.0078 0.0482
258 0.1957 0.0556 0.2183 0.4275 0.0105 0.0924
259 0.0371 0.0672 0.1975 0.6182 0.0076 0.0726
260 0.1868 0.4177 0.1215 0.2615 0.0079 0.0048
261 0.1259 0.2352 0.3215 0.2837 0.0184 0.0154
262 0.0348 0.0778 0.1910 0.6772 0.0021 0.0168
263 0.1547 0.3857 0.2451 0.1895 0.0070 0.0180
264 0.1550 0.3550 0.1479 0.3181 0.0068 0.0173
265 0.3262 0.0799 0.1493 0.4121 0.0212 0.0113
266 0.1802 0.1288 0.5859 0.0995 0.0018 0.0039
267 0.0657 0.0942 0.8013 0.0360 0.0007 0.0022
268 0.5059 0.0467 0.1299 0.2749 0.0183 0.0246
269 0.3433 0.2571 0.2529 0.1214 0.0153 0.0101
270 0.1320 0.4065 0.1543 0.2883 0.0093 0.0098
271 0.2177 0.0776 0.3071 0.3479 0.0041 0.0456
272 0.7295 0.0244 0.1680 0.0603 0.0020 0.0159
273 0.1688 0.0933 0.5449 0.1797 0.0025 0.0107
274 0.0479 0.3772 0.4692 0.0889 0.0017 0.0151
275 0.1094 0.6147 0.1980 0.0550 0.0010 0.0217
276 0.1241 0.2429 0.2111 0.3193 0.0173 0.0853
277 0.1627 0.4390 0.3042 0.0793 0.0061 0.0087
278 0.1693 0.0673 0.1666 0.5635 0.0126 0.0205
279 0.1720 0.1666 0.4324 0.2107 0.0117 0.0068
280 0.1593 0.2283 0.0880 0.4263 0.0173 0.0807
281 0.1244 0.0635 0.1151 0.6519 0.0149 0.0305
282 0.0616 0.2018 0.4272 0.2083 0.0043 0.0969
283 0.2301 0.2162 0.1166 0.3677 0.0244 0.0450
284 0.1199 0.0673 0.6797 0.0787 0.0046 0.0500
285 0.1726 0.2891 0.3982 0.0560 0.0074 0.0766
286 0.2185 0.1326 0.1065 0.5161 0.0095 0.0171
287 0.2134 0.2418 0.1537 0.3687 0.0192 0.0032
288 0.3047 0.1053 0.4502 0.1250 0.0099 0.0050
289 0.1766 0.4800 0.1487 0.1522 0.0314 0.0109
290 0.3020 0.2013 0.2317 0.2076 0.0323 0.0250
291 0.2874 0.1826 0.1422 0.3521 0.0095 0.0263
292 0.0677 0.1100 0.1469 0.6084 0.0261 0.0408
293 0.0724 0.0457 0.1711 0.6562 0.0089 0.0457
294 0.4807 0.3252 0.1714 0.0161 0.0022 0.0042
295 0.1685 0.1938 0.3147 0.1908 0.0012 0.1311
296 0.5952 0.0166 0.0837 0.1787 0.0061 0.1199
297 0.7275 0.0499 0.0749 0.1116 0.0061 0.0300
298 0.3621 0.0254 0.1558 0.4167 0.0131 0.0269
299 0.4512 0.0324 0.0298 0.4802 0.0051 0.0014
300 0.0822 0.0556 0.2417 0.5708 0.0080 0.0417
301 0.1411 0.1479 0.1346 0.5410 0.0057 0.0296
302 0.1879 0.0197 0.1261 0.6260 0.0075 0.0329
303 0.0187 0.1650 0.5669 0.2401 0.0012 0.0078
304 0.0497 0.0928 0.4751 0.2949 0.0415 0.0460
305 0.1764 0.1021 0.1462 0.4722 0.0675 0.0356
306 0.1141 0.4304 0.2377 0.1559 0.0183 0.0436
307 0.0591 0.2015 0.1290 0.5649 0.0040 0.0413
308 0.0439 0.2014 0.6299 0.1045 0.0014 0.0189
309 0.1360 0.1059 0.5049 0.2313 0.0096 0.0122
310 0.0792 0.0194 0.8784 0.0178 0.0018 0.0035
311 0.1483 0.1027 0.6646 0.0663 0.0088 0.0094
312 0.0217 0.1093 0.0831 0.7529 0.0041 0.0290
313 0.2130 0.0998 0.5229 0.0975 0.0483 0.0185
314 0.2242 0.1948 0.3667 0.1719 0.0037 0.0387
315 0.0970 0.1914 0.1676 0.5083 0.0178 0.0179
316 0.1949 0.0576 0.3906 0.3315 0.0165 0.0088
317 0.1682 0.0297 0.3242 0.2646 0.0101 0.2030
318 0.3086 0.1034 0.2854 0.2329 0.0129 0.0566
319 0.1333 0.0875 0.5703 0.1881 0.0100 0.0108
320 0.1338 0.5674 0.2205 0.0688 0.0045 0.0049
321 0.1032 0.3384 0.3081 0.2135 0.0052 0.0315
322 0.2465 0.1506 0.3613 0.1964 0.0372 0.0080
323 0.3337 0.0673 0.1814 0.3840 0.0166 0.0169
324 0.1023 0.3713 0.2781 0.1500 0.0120 0.0862
325 0.0676 0.1583 0.1698 0.5566 0.0029 0.0446
326 0.0829 0.0671 0.3105 0.4734 0.0030 0.0630
327 0.1231 0.1497 0.1028 0.3704 0.0052 0.2487
328 0.3440 0.0338 0.1041 0.2346 0.0047 0.2786
329 0.5620 0.1178 0.0348 0.2361 0.0053 0.0440
330 0.2788 0.1101 0.1110 0.4026 0.0054 0.0920
331 0.1694 0.1875 0.0563 0.4429 0.0076 0.1361
332 0.1339 0.1459 0.0871 0.4934 0.0048 0.1349
333 0.1271 0.1710 0.0880 0.5649 0.0244 0.0243
334 0.1472 0.2583 0.0826 0.4788 0.0174 0.0156
335 0.2400 0.1456 0.0383 0.5537 0.0101 0.0122
336 0.1561 0.0810 0.0574 0.6943 0.0075 0.0035
337 0.1918 0.1110 0.0949 0.5815 0.0147 0.0062
338 0.0854 0.0834 0.0771 0.7378 0.0103 0.0057
339 0.0706 0.0723 0.0638 0.7773 0.0078 0.0081
340 0.7065 0.0276 0.0831 0.1481 0.0124 0.0225
341 0.7065 0.0276 0.0831 0.1481 0.0124 0.0225
342 0.4409 0.2397 0.0273 0.2781 0.0131 0.0007
343 0.4409 0.2397 0.0273 0.2781 0.0131 0.0007
344 0.4409 0.2397 0.0273 0.2781 0.0131 0.0007
345 0.4729 0.2781 0.0322 0.2050 0.0111 0.0007
346 0.4729 0.2781 0.0322 0.2050 0.0111 0.0007
