time exciting_prob fearful_prob tense_prob sad_prob relaxing_prob neutral_prob
0 0.3103 0.4048 0.0862 0.1235 0.0307 0.0444
1 0.1418 0.0930 0.1396 0.5439 0.0243 0.0573
2 0.1929 0.0804 0.0940 0.4927 0.0744 0.0656
3 0.2981 0.1633 0.2432 0.1646 0.0998 0.0312
4 0.1216 0.1689 0.1929 0.0067 0.5083 0.0017
5 0.1027 0.5337 0.2561 0.0256 0.0781 0.0037
6 0.0829 0.3176 0.3833 0.0544 0.0335 0.1284
7 0.1019 0.5508 0.2812 0.0409 0.0202 0.0049
8 0.1058 0.2422 0.0414 0.0357 0.5718 0.0030
9 0.1685 0.1375 0.4651 0.0945 0.0243 0.1104
10 0.0966 0.1567 0.5557 0.0981 0.0355 0.0576
11 0.1521 0.1037 0.0840 0.1062 0.5479 0.0063
12 0.1260 0.1642 0.0826 0.0595 0.5645 0.0034
13 0.0597 0.1959 0.4277 0.1675 0.0245 0.1245
14 0.3062 0.0970 0.0905 0.3335 0.0710 0.1017
15 0.4465 0.2142 0.1270 0.0290 0.1708 0.0124
16 0.3184 0.1785 0.1664 0.0068 0.3284 0.0017
17 0.2417 0.3833 0.1549 0.0200 0.1927 0.0075
18 0.0691 0.2411 0.5967 0.0591 0.0108 0.0233
19 0.3528 0.2173 0.0892 0.0363 0.2993 0.0051
20 0.1897 0.4514 0.1016 0.0156 0.2379 0.0037
21 0.1205 0.1896 0.6616 0.0146 0.0065 0.0071
22 0.0767 0.2637 0.2678 0.2556 0.0330 0.1033
23 0.1414 0.4934 0.1565 0.0118 0.1963 0.0006
24 0.1247 0.2520 0.3159 0.1277 0.1692 0.0106
25 0.0410 0.2671 0.4690 0.1836 0.0129 0.0265
26 0.0670 0.2607 0.5435 0.1053 0.0090 0.0145
27 0.2098 0.2288 0.1355 0.0842 0.3328 0.0089
28 0.0907 0.4941 0.3291 0.0478 0.0367 0.0016
29 0.1787 0.0435 0.4819 0.2769 0.0134 0.0059
30 0.0568 0.2585 0.4983 0.1383 0.0181 0.0299
31 0.1313 0.0772 0.3921 0.3252 0.0307 0.0433
32 0.3596 0.2415 0.1365 0.0133 0.2434 0.0057
33 0.2996 0.1530 0.1404 0.0321 0.3669 0.0079
34 0.4463 0.0839 0.2949 0.0501 0.1052 0.0198
35 0.4236 0.0881 0.3149 0.0490 0.1195 0.0049
36 0.2435 0.3628 0.1488 0.1399 0.0976 0.0075
37 0.0545 0.3235 0.4561 0.1436 0.0194 0.0029
38 0.1727 0.2473 0.3831 0.0320 0.0195 0.1454
39 0.1353 0.5024 0.1820 0.0242 0.1486 0.0073
40 0.1359 0.2703 0.3313 0.0871 0.1528 0.0227
41 0.2322 0.3652 0.3027 0.0382 0.0433 0.0185
42 0.2603 0.3447 0.0706 0.0311 0.2878 0.0057
43 0.1208 0.5767 0.1786 0.0756 0.0357 0.0125
44 0.1138 0.4097 0.3909 0.0563 0.0231 0.0064
45 0.0265 0.4480 0.2115 0.2593 0.0168 0.0379
46 0.2192 0.0619 0.1211 0.5259 0.0145 0.0572
47 0.5669 0.0693 0.1467 0.0750 0.1255 0.0167
48 0.1777 0.1833 0.3704 0.1805 0.0746 0.0134
49 0.2637 0.4556 0.1599 0.0249 0.0933 0.0027
50 0.4714 0.2505 0.0807 0.0106 0.1790 0.0079
51 0.1281 0.0665 0.1835 0.5737 0.0141 0.0339
52 0.0192 0.2605 0.6445 0.0467 0.0046 0.0242
53 0.2637 0.4214 0.1008 0.0194 0.1914 0.0033
54 0.0789 0.0814 0.1923 0.4985 0.0324 0.1166
55 0.3633 0.0856 0.1401 0.2310 0.0837 0.0963
56 0.0612 0.3359 0.5625 0.0259 0.0113 0.0029
57 0.3306 0.2362 0.1099 0.0280 0.2871 0.0081
58 0.5400 0.2050 0.0514 0.0116 0.1852 0.0069
59 0.1697 0.1907 0.1656 0.3401 0.0880 0.0460
60 0.2654 0.3459 0.1987 0.0128 0.1726 0.0045
61 0.3630 0.0458 0.2534 0.2118 0.1032 0.0227
62 0.2942 0.3633 0.0804 0.0411 0.1975 0.0234
63 0.1542 0.1201 0.6196 0.0684 0.0209 0.0168
64 0.1034 0.4089 0.3962 0.0377 0.0268 0.0270
65 0.3530 0.2971 0.0706 0.0100 0.2644 0.0048
66 0.3354 0.4275 0.0855 0.0110 0.1388 0.0018
67 0.0914 0.4749 0.2622 0.1278 0.0186 0.0250
68 0.4387 0.1145 0.0757 0.0333 0.3186 0.0191
69 0.4604 0.1416 0.1165 0.0988 0.1681 0.0146
70 0.1094 0.4500 0.0922 0.2524 0.0788 0.0172
71 0.2332 0.2642 0.1371 0.0787 0.2463 0.0405
72 0.0441 0.2040 0.6904 0.0194 0.0130 0.0292
73 0.3716 0.0704 0.3179 0.1959 0.0398 0.0043
74 0.5137 0.1193 0.2563 0.0833 0.0235 0.0037
75 0.1415 0.2484 0.5259 0.0609 0.0152 0.0082
76 0.0484 0.2274 0.3633 0.3059 0.0257 0.0291
77 0.0448 0.1562 0.3308 0.3635 0.0330 0.0715
78 0.0756 0.1134 0.3689 0.3896 0.0427 0.0095
79 0.4712 0.0763 0.1948 0.2010 0.0466 0.0101
80 0.1069 0.2749 0.4160 0.1165 0.0734 0.0122
81 0.1815 0.2207 0.4670 0.0762 0.0508 0.0036
82 0.1846 0.2666 0.3586 0.0712 0.1165 0.0027
83 0.0831 0.1962 0.4561 0.1208 0.0657 0.0781
84 0.4236 0.0655 0.4370 0.0391 0.0327 0.0019
85 0.0184 0.2463 0.5215 0.0935 0.1077 0.0125
86 0.0897 0.2086 0.3181 0.2764 0.0303 0.0768
87 0.3232 0.0786 0.3413 0.0933 0.1515 0.0120
88 0.0596 0.1185 0.4333 0.1893 0.1204 0.0789
89 0.0945 0.1312 0.3350 0.3457 0.0620 0.0316
90 0.0934 0.0956 0.0898 0.3809 0.2876 0.0528
91 0.1514 0.0876 0.2871 0.3105 0.0810 0.0823
92 0.0361 0.1113 0.4133 0.4006 0.0226 0.0159
93 0.3511 0.1114 0.3918 0.0967 0.0319 0.0171
94 0.0932 0.3057 0.3384 0.1356 0.1124 0.0147
95 0.2629 0.0802 0.1985 0.2842 0.1498 0.0245
96 0.1975 0.1285 0.2205 0.2256 0.2186 0.0092
97 0.0777 0.3884 0.3074 0.0952 0.1021 0.0293
98 0.0710 0.1991 0.5586 0.0571 0.0744 0.0398
99 0.1815 0.2009 0.2224 0.3210 0.0402 0.0338
100 0.5034 0.2114 0.1837 0.0587 0.0382 0.0045
101 0.2390 0.1060 0.5137 0.0845 0.0497 0.0069
102 0.0914 0.0439 0.6548 0.1104 0.0393 0.0600
103 0.1672 0.1752 0.0686 0.2910 0.2339 0.0640
104 0.1092 0.1552 0.5811 0.0756 0.0710 0.0079
105 0.3958 0.1785 0.3083 0.0562 0.0584 0.0030
106 0.0945 0.0724 0.1176 0.6875 0.0135 0.0144
107 0.2305 0.0440 0.2610 0.4304 0.0094 0.0247
108 0.0604 0.0360 0.1257 0.7236 0.0186 0.0355
109 0.1757 0.0693 0.3132 0.2070 0.0357 0.1991
110 0.1879 0.0742 0.3096 0.3096 0.0379 0.0808
111 0.0792 0.0469 0.0627 0.0817 0.7285 0.0007
112 0.2358 0.1014 0.1323 0.0650 0.4617 0.0038
113 0.3223 0.1097 0.1725 0.3325 0.0118 0.0510
114 0.4480 0.1455 0.2019 0.0687 0.1056 0.0303
115 0.3796 0.0789 0.1487 0.1821 0.0895 0.1213
116 0.2517 0.0484 0.0817 0.4487 0.0891 0.0804
117 0.3176 0.1454 0.3276 0.1263 0.0391 0.0440
118 0.3069 0.1183 0.1981 0.0533 0.2771 0.0463
119 0.2969 0.0831 0.3445 0.1436 0.0603 0.0717
120 0.2610 0.0394 0.0620 0.0175 0.6167 0.0033
121 0.2996 0.1680 0.2561 0.0638 0.2058 0.0067
122 0.4568 0.2583 0.0700 0.1210 0.0679 0.0262
123 0.0148 0.7095 0.1006 0.1686 0.0020 0.0044
124 0.5088 0.2499 0.1017 0.0399 0.0837 0.0162
125 0.1439 0.0997 0.2488 0.3794 0.0416 0.0867
126 0.2515 0.0338 0.0145 0.0330 0.6523 0.0146
127 0.3503 0.1165 0.0199 0.0184 0.4463 0.0485
128 0.3044 0.0643 0.2446 0.3560 0.0209 0.0099
129 0.0972 0.1963 0.2123 0.3755 0.0800 0.0387
130 0.4187 0.1589 0.2832 0.0383 0.0871 0.0137
131 0.1813 0.1730 0.2517 0.1295 0.2556 0.0090
132 0.1708 0.1393 0.1460 0.1220 0.4192 0.0026
133 0.1213 0.0783 0.2430 0.5391 0.0164 0.0017
134 0.3494 0.3386 0.1337 0.0247 0.1401 0.0134
135 0.4551 0.0666 0.1942 0.1160 0.1169 0.0515
136 0.4541 0.2301 0.0610 0.0275 0.2213 0.0060
137 0.2720 0.0925 0.2764 0.2037 0.1207 0.0349
138 0.3855 0.0555 0.0724 0.2910 0.1879 0.0079
139 0.1842 0.1083 0.3389 0.2991 0.0520 0.0175
140 0.3315 0.1068 0.2314 0.2463 0.0520 0.0318
141 0.2761 0.2534 0.1624 0.1755 0.1265 0.0058
142 0.2220 0.3386 0.2742 0.0947 0.0651 0.0055
143 0.2443 0.2189 0.3313 0.0311 0.1719 0.0027
144 0.1560 0.2737 0.1465 0.2416 0.0766 0.1055
145 0.2581 0.2405 0.4187 0.0489 0.0215 0.0125
146 0.0254 0.1697 0.3591 0.2356 0.2014 0.0088
147 0.2483 0.3240 0.1173 0.2664 0.0396 0.0044
148 0.0841 0.1398 0.3005 0.3682 0.0161 0.0916
149 0.4253 0.1093 0.3843 0.0392 0.0369 0.0049
150 0.1102 0.2191 0.3289 0.2603 0.0285 0.0533
151 0.2189 0.2854 0.1589 0.2367 0.0728 0.0274
152 0.0932 0.0731 0.1536 0.6074 0.0382 0.0343
153 0.1163 0.2971 0.2406 0.2157 0.0268 0.1035
154 0.3159 0.1931 0.1552 0.1370 0.1886 0.0105
155 0.3000 0.1231 0.1805 0.2861 0.0367 0.0735
156 0.2766 0.4153 0.1718 0.1208 0.0135 0.0022
157 0.2817 0.1952 0.3674 0.1121 0.0290 0.0147
158 0.2278 0.2462 0.1719 0.2207 0.0627 0.0706
159 0.2998 0.1847 0.1405 0.1655 0.1967 0.0128
160 0.0487 0.0692 0.6880 0.0815 0.0772 0.0353
161 0.0419 0.2585 0.4573 0.1791 0.0252 0.0378
162 0.3274 0.2413 0.2888 0.0938 0.0406 0.0079
163 0.4536 0.1967 0.1818 0.0634 0.0820 0.0228
164 0.3914 0.1384 0.0873 0.3025 0.0634 0.0171
165 0.0803 0.2512 0.3516 0.1500 0.1366 0.0305
166 0.5205 0.1265 0.2255 0.0726 0.0414 0.0136
167 0.2244 0.1350 0.2622 0.2389 0.0995 0.0399
168 0.3079 0.1159 0.2803 0.2551 0.0275 0.0134
169 0.3452 0.1777 0.1643 0.0922 0.2046 0.0159
170 0.1890 0.1949 0.1980 0.2026 0.2091 0.0064
171 0.8374 0.0630 0.0651 0.0178 0.0133 0.0035
172 0.7144 0.0908 0.1251 0.0125 0.0517 0.0057
173 0.3208 0.2537 0.1017 0.0257 0.2898 0.0085
174 0.2295 0.0844 0.3210 0.3286 0.0289 0.0073
175 0.2302 0.1909 0.1343 0.2231 0.0840 0.1375
176 0.4456 0.1504 0.1917 0.0934 0.1083 0.0107
177 0.3430 0.1396 0.1954 0.2671 0.0316 0.0233
178 0.4663 0.1869 0.0955 0.0075 0.2363 0.0075
179 0.4360 0.1146 0.1012 0.1259 0.1935 0.0288
180 0.3889 0.1420 0.1866 0.1986 0.0606 0.0232
181 0.3582 0.1172 0.1209 0.3040 0.0920 0.0077
182 0.6025 0.1214 0.0754 0.0170 0.1809 0.0030
183 0.6787 0.0557 0.1074 0.0843 0.0693 0.0047
184 0.3364 0.1459 0.2405 0.0858 0.1589 0.0325
185 0.3635 0.1445 0.1218 0.0402 0.3208 0.0092
186 0.3269 0.2795 0.2229 0.0853 0.0680 0.0172
187 0.3831 0.1168 0.3252 0.0754 0.0910 0.0085
188 0.1193 0.4231 0.1417 0.1877 0.0435 0.0846
189 0.0536 0.1577 0.3313 0.1050 0.2423 0.1101
190 0.0744 0.2070 0.6475 0.0357 0.0263 0.0090
191 0.0663 0.0825 0.2424 0.5464 0.0135 0.0493
192 0.2761 0.1421 0.2344 0.0687 0.2739 0.0046
193 0.1068 0.0299 0.1993 0.4155 0.0294 0.2190
194 0.4885 0.0661 0.1255 0.2290 0.0677 0.0232
195 0.3650 0.0967 0.2510 0.0840 0.1522 0.0510
196 0.3887 0.2866 0.1301 0.0183 0.1738 0.0026
197 0.3477 0.1655 0.1721 0.2334 0.0653 0.0160
198 0.2830 0.1785 0.3157 0.1152 0.0830 0.0247
199 0.2722 0.1153 0.2422 0.3259 0.0160 0.0283
200 0.3926 0.1990 0.2272 0.0531 0.1226 0.0055
201 0.3889 0.1293 0.2803 0.1355 0.0397 0.0263
202 0.3115 0.2727 0.1554 0.1309 0.0858 0.0438
203 0.2891 0.2913 0.1224 0.0543 0.2395 0.0037
204 0.3853 0.2196 0.0670 0.0200 0.3000 0.0080
205 0.4978 0.1831 0.1394 0.0252 0.1495 0.0049
206 0.1201 0.0387 0.0728 0.6050 0.1201 0.0435
207 0.1760 0.2644 0.1076 0.2771 0.1554 0.0196
208 0.4116 0.2517 0.0462 0.0218 0.2659 0.0028
209 0.2766 0.1368 0.2023 0.0864 0.2499 0.0481
210 0.3872 0.1163 0.0585 0.1516 0.2642 0.0222
211 0.4597 0.2744 0.1307 0.0414 0.0898 0.0039
212 0.4482 0.1958 0.1263 0.0454 0.1700 0.0142
213 0.3877 0.2815 0.0942 0.0313 0.2012 0.0042
214 0.1332 0.2128 0.3914 0.2230 0.0239 0.0157
215 0.2218 0.2456 0.1714 0.2534 0.1040 0.0038
216 0.4990 0.0461 0.2015 0.0615 0.1879 0.0041
217 0.2581 0.1948 0.2463 0.2058 0.0885 0.0065
218 0.4954 0.2377 0.0475 0.0118 0.2050 0.0025
219 0.2798 0.1213 0.4006 0.1343 0.0400 0.0241
220 0.5508 0.1173 0.1761 0.0684 0.0819 0.0053
221 0.3694 0.0520 0.1317 0.3110 0.1067 0.0292
222 0.2732 0.3455 0.1606 0.0101 0.2063 0.0042
223 0.3296 0.2954 0.1013 0.0131 0.2507 0.0099
224 0.4019 0.0862 0.3035 0.1389 0.0612 0.0085
225 0.6030 0.0515 0.1897 0.0910 0.0583 0.0065
226 0.4497 0.2369 0.1201 0.0456 0.1299 0.0179
227 0.6196 0.0297 0.0363 0.0859 0.2175 0.0109
228 0.5781 0.1682 0.0595 0.0056 0.1833 0.0051
229 0.6836 0.0709 0.1274 0.0267 0.0876 0.0036
230 0.1630 0.0845 0.2092 0.4941 0.0229 0.0262
231 0.0203 0.1053 0.7197 0.1395 0.0123 0.0027
232 0.5024 0.0639 0.2096 0.1087 0.1096 0.0056
233 0.5073 0.0530 0.2018 0.0953 0.1224 0.0203
234 0.3677 0.1028 0.3647 0.0529 0.1053 0.0066
235 0.3408 0.1107 0.3408 0.0977 0.1031 0.0071
236 0.0604 0.1449 0.6807 0.0512 0.0572 0.0059
237 0.1414 0.2444 0.1471 0.2106 0.2462 0.0103
238 0.0923 0.1865 0.2549 0.4011 0.0565 0.0086
239 0.0492 0.1390 0.1799 0.0059 0.6230 0.0030
240 0.0779 0.3081 0.3228 0.2595 0.0269 0.0049
241 0.0528 0.2056 0.5459 0.1539 0.0354 0.0064
242 0.0365 0.3179 0.4519 0.1649 0.0238 0.0051
243 0.1567 0.2108 0.5820 0.0393 0.0096 0.0013
244 0.0202 0.4717 0.4163 0.0614 0.0285 0.0020
245 0.0594 0.2925 0.3755 0.2350 0.0338 0.0037
246 0.1967 0.1749 0.2646 0.2751 0.0712 0.0172
247 0.3657 0.2167 0.2036 0.1124 0.0917 0.0098
248 0.0712 0.0674 0.3091 0.3643 0.0212 0.1667
249 0.0977 0.1868 0.3572 0.1882 0.1377 0.0322
250 0.1599 0.2495 0.2827 0.2037 0.0883 0.0158
251 0.4922 0.2035 0.1315 0.0273 0.1388 0.0068
252 0.2406 0.2834 0.1288 0.2190 0.1110 0.0172
253 0.2352 0.1694 0.4753 0.0669 0.0482 0.0050
254 0.4070 0.2930 0.1619 0.0801 0.0555 0.0026
255 0.5869 0.0770 0.1735 0.0943 0.0643 0.0042
256 0.3425 0.1261 0.4165 0.0203 0.0922 0.0024
257 0.1342 0.3049 0.3975 0.0922 0.0614 0.0097
258 0.3328 0.1987 0.2590 0.0404 0.1584 0.0107
259 0.4573 0.1580 0.2246 0.0609 0.0833 0.0160
260 0.0784 0.2133 0.3435 0.2167 0.1225 0.0257
261 0.3022 0.2195 0.3562 0.0364 0.0497 0.0358
262 0.2010 0.1471 0.5132 0.0806 0.0497 0.0082
263 0.1216 0.2457 0.3806 0.1945 0.0527 0.0048
264 0.0649 0.4539 0.3589 0.0674 0.0533 0.0017
265 0.0712 0.4431 0.4033 0.0285 0.0529 0.0008
266 0.1136 0.1553 0.1349 0.1288 0.0181 0.4492
267 0.1136 0.1553 0.1349 0.1288 0.0181 0.4492
268 0.1136 0.1553 0.1349 0.1288 0.0181 0.4492
