time exciting_prob fearful_prob tense_prob sad_prob relaxing_prob neutral_prob
0 0.0964 0.0673 0.0594 0.5903 0.0466 0.1401
1 0.0587 0.0720 0.0494 0.6719 0.0526 0.0953
2 0.0343 0.0992 0.0340 0.6177 0.0380 0.1769
3 0.0420 0.1039 0.0495 0.6670 0.0417 0.0961
4 0.1298 0.2140 0.1719 0.3875 0.0489 0.0481
5 0.1396 0.1292 0.1710 0.4368 0.0681 0.0555
6 0.0494 0.4993 0.0968 0.2671 0.0072 0.0802
7 0.0704 0.6084 0.1423 0.1638 0.0044 0.0106
8 0.0432 0.5352 0.2527 0.1658 0.0016 0.0013
9 0.0615 0.6118 0.2017 0.1204 0.0043 0.0005
10 0.0197 0.1505 0.0831 0.7407 0.0021 0.0040
11 0.0759 0.1396 0.2267 0.4875 0.0342 0.0359
12 0.1006 0.0797 0.3149 0.4043 0.0650 0.0353
13 0.1042 0.5635 0.0584 0.2661 0.0050 0.0031
14 0.0869 0.6177 0.0646 0.2238 0.0046 0.0024
15 0.1012 0.2043 0.0604 0.6196 0.0087 0.0055
16 0.0940 0.3059 0.2419 0.3359 0.0205 0.0017
17 0.0602 0.3521 0.3257 0.2070 0.0536 0.0013
18 0.0714 0.5117 0.2200 0.1882 0.0079 0.0009
19 0.0133 0.7529 0.0757 0.1554 0.0020 0.0006
20 0.0420 0.5840 0.1234 0.2133 0.0286 0.0087
21 0.1713 0.5840 0.1925 0.0464 0.0052 0.0006
22 0.0329 0.3269 0.4468 0.1863 0.0054 0.0016
23 0.0517 0.4399 0.2014 0.1439 0.1013 0.0619
24 0.0359 0.3594 0.3767 0.1385 0.0620 0.0275
25 0.1058 0.3416 0.2008 0.1126 0.1901 0.0492
26 0.0604 0.6001 0.2388 0.0638 0.0326 0.0042
27 0.0956 0.5630 0.1771 0.1218 0.0402 0.0022
28 0.0371 0.4348 0.3232 0.1757 0.0166 0.0126
29 0.1312 0.0916 0.1909 0.5439 0.0241 0.0183
30 0.1126 0.0798 0.1199 0.6479 0.0151 0.0247
31 0.2542 0.4785 0.0872 0.1693 0.0076 0.0034
32 0.1689 0.2874 0.0804 0.4451 0.0155 0.0030
33 0.3120 0.1709 0.0966 0.3975 0.0148 0.0084
34 0.0933 0.3359 0.5205 0.0287 0.0203 0.0015
35 0.1046 0.5229 0.2284 0.1194 0.0226 0.0023
36 0.0434 0.3870 0.0948 0.4668 0.0052 0.0028
37 0.0569 0.7725 0.1343 0.0286 0.0076 0.0001
38 0.0210 0.5952 0.3394 0.0292 0.0148 0.0003
39 0.1902 0.7012 0.0470 0.0558 0.0050 0.0009
40 0.4238 0.3101 0.0547 0.1781 0.0288 0.0045
41 0.1812 0.3774 0.3804 0.0561 0.0041 0.0009
42 0.1553 0.3936 0.3755 0.0706 0.0046 0.0004
43 0.1890 0.1449 0.3020 0.3066 0.0369 0.0206
44 0.0272 0.5908 0.2881 0.0706 0.0195 0.0037
45 0.0375 0.0701 0.0988 0.6147 0.0482 0.1309
46 0.0353 0.1174 0.2161 0.4719 0.0680 0.0915
47 0.1543 0.2563 0.3218 0.2228 0.0342 0.0106
48 0.0291 0.4927 0.2722 0.1991 0.0015 0.0054
49 0.0345 0.3704 0.3479 0.2428 0.0016 0.0029
50 0.0296 0.4211 0.3230 0.2219 0.0020 0.0022
51 0.0364 0.1204 0.0286 0.6113 0.0017 0.2015
52 0.1305 0.5005 0.0448 0.2942 0.0023 0.0278
53 0.1786 0.7007 0.0352 0.0727 0.0022 0.0106
54 0.2854 0.2441 0.0575 0.3608 0.0124 0.0399
55 0.2255 0.5283 0.0386 0.1467 0.0046 0.0561
56 0.3218 0.3562 0.0378 0.2229 0.0104 0.0509
57 0.3396 0.3848 0.1155 0.1483 0.0101 0.0018
58 0.0343 0.3203 0.2656 0.3745 0.0031 0.0024
59 0.0220 0.2271 0.1825 0.5532 0.0056 0.0096
60 0.0356 0.3738 0.2001 0.3799 0.0035 0.0071
61 0.0393 0.2411 0.1290 0.5435 0.0339 0.0134
62 0.0385 0.2930 0.1362 0.4683 0.0486 0.0153
63 0.0322 0.0882 0.0698 0.7383 0.0531 0.0185
64 0.0348 0.0889 0.1007 0.7212 0.0280 0.0265
65 0.0705 0.1678 0.1504 0.5591 0.0392 0.0131
66 0.0378 0.0449 0.0542 0.8345 0.0226 0.0057
67 0.1202 0.1036 0.0776 0.6006 0.0758 0.0220
68 0.1550 0.4558 0.1550 0.2169 0.0124 0.0048
69 0.1146 0.4604 0.1329 0.2686 0.0040 0.0192
70 0.2051 0.1455 0.1115 0.5078 0.0059 0.0243
71 0.0288 0.3625 0.3982 0.1910 0.0136 0.0059
72 0.0859 0.3369 0.3140 0.2505 0.0048 0.0080
73 0.1835 0.2430 0.2507 0.2710 0.0356 0.0163
74 0.0398 0.2893 0.4846 0.1082 0.0025 0.0755
75 0.0981 0.5688 0.1289 0.1763 0.0219 0.0058
76 0.0376 0.6309 0.2375 0.0601 0.0209 0.0132
77 0.0149 0.2507 0.5474 0.1777 0.0046 0.0046
78 0.1122 0.5396 0.0370 0.2981 0.0117 0.0012
79 0.1234 0.7153 0.0487 0.1055 0.0062 0.0007
80 0.1462 0.6709 0.0449 0.1270 0.0105 0.0007
81 0.1302 0.7915 0.0329 0.0373 0.0077 0.0002
82 0.1366 0.7441 0.0332 0.0731 0.0125 0.0002
83 0.1042 0.3416 0.3416 0.1946 0.0124 0.0057
84 0.2913 0.3298 0.2433 0.1055 0.0170 0.0133
85 0.1696 0.2976 0.3269 0.1777 0.0123 0.0160
86 0.1010 0.3694 0.2922 0.1414 0.0762 0.0196
87 0.0594 0.7524 0.1181 0.0481 0.0122 0.0098
88 0.1499 0.0923 0.2285 0.4990 0.0171 0.0131
89 0.1970 0.0498 0.1006 0.6069 0.0370 0.0085
90 0.0302 0.0931 0.2097 0.6167 0.0198 0.0307
91 0.0475 0.3621 0.0670 0.5107 0.0016 0.0114
92 0.0117 0.7246 0.1980 0.0653 0.0002 0.0003
93 0.2695 0.1089 0.1410 0.4048 0.0565 0.0192
94 0.0701 0.5298 0.2622 0.1111 0.0260 0.0008
95 0.0705 0.5767 0.2294 0.1058 0.0160 0.0017
96 0.0510 0.3950 0.3889 0.1522 0.0124 0.0005
97 0.0626 0.4343 0.3491 0.1345 0.0179 0.0016
98 0.0300 0.4834 0.3826 0.0783 0.0252 0.0006
99 0.0672 0.4663 0.3521 0.0883 0.0255 0.0006
100 0.0748 0.4407 0.2472 0.1725 0.0630 0.0019
101 0.0784 0.2097 0.1970 0.3403 0.1659 0.0088
102 0.0301 0.2043 0.0679 0.5957 0.0988 0.0030
103 0.0540 0.2966 0.0549 0.4775 0.1143 0.0026
104 0.0101 0.5664 0.3079 0.0984 0.0133 0.0038
105 0.0090 0.5884 0.3567 0.0413 0.0019 0.0027
106 0.0139 0.4463 0.2927 0.2279 0.0050 0.0141
107 0.0132 0.4170 0.2163 0.3298 0.0169 0.0070
108 0.0297 0.8037 0.1088 0.0379 0.0190 0.0010
109 0.0850 0.0948 0.1917 0.4741 0.0652 0.0891
110 0.0411 0.2520 0.1931 0.4780 0.0255 0.0105
111 0.1489 0.4658 0.2399 0.1178 0.0261 0.0014
112 0.0319 0.0707 0.1921 0.4006 0.0765 0.2283
113 0.0349 0.2878 0.3582 0.2461 0.0372 0.0360
114 0.1498 0.2842 0.3706 0.1322 0.0547 0.0087
115 0.0245 0.2510 0.0543 0.6611 0.0022 0.0071
116 0.0312 0.3376 0.0895 0.5229 0.0025 0.0160
117 0.0173 0.2661 0.0763 0.6284 0.0018 0.0098
118 0.0380 0.1649 0.1455 0.6323 0.0102 0.0093
119 0.0345 0.3103 0.4731 0.1609 0.0179 0.0033
120 0.0264 0.5518 0.3398 0.0690 0.0033 0.0098
121 0.0462 0.6958 0.1718 0.0762 0.0026 0.0076
122 0.0615 0.5112 0.1940 0.2032 0.0235 0.0066
123 0.0707 0.2527 0.0922 0.4502 0.1202 0.0140
124 0.0328 0.3267 0.1667 0.4604 0.0029 0.0103
125 0.0719 0.3679 0.2339 0.2822 0.0391 0.0051
126 0.0596 0.5654 0.2590 0.0983 0.0083 0.0094
127 0.0545 0.6797 0.2241 0.0366 0.0020 0.0031
128 0.0633 0.6196 0.1980 0.1043 0.0081 0.0069
129 0.0536 0.5767 0.0871 0.2642 0.0110 0.0075
130 0.0376 0.2301 0.6353 0.0634 0.0193 0.0145
131 0.0733 0.3665 0.1677 0.3840 0.0055 0.0031
132 0.1036 0.1331 0.1790 0.3560 0.2228 0.0058
133 0.1250 0.4365 0.1520 0.1037 0.1820 0.0008
134 0.1224 0.4207 0.0221 0.2803 0.1465 0.0080
135 0.0349 0.2107 0.0508 0.6699 0.0159 0.0179
136 0.0540 0.2966 0.1915 0.0315 0.4250 0.0013
137 0.0770 0.5024 0.0723 0.2094 0.1310 0.0081
138 0.0644 0.3425 0.2014 0.3071 0.0490 0.0356
139 0.1006 0.3538 0.2549 0.2112 0.0367 0.0429
140 0.1381 0.5249 0.1539 0.1338 0.0232 0.0261
141 0.0529 0.7598 0.1120 0.0517 0.0095 0.0142
142 0.0780 0.2517 0.3284 0.3083 0.0287 0.0049
143 0.0806 0.2368 0.5679 0.1035 0.0100 0.0011
144 0.0237 0.1344 0.0895 0.7378 0.0096 0.0048
145 0.0334 0.3950 0.1672 0.3950 0.0055 0.0038
146 0.0337 0.5610 0.2198 0.1794 0.0037 0.0022
147 0.0272 0.4680 0.2076 0.2837 0.0038 0.0096
148 0.1548 0.2654 0.2825 0.0709 0.2235 0.0029
149 0.0727 0.5674 0.1931 0.1552 0.0047 0.0068
150 0.0875 0.3713 0.1132 0.3953 0.0179 0.0147
151 0.0305 0.2024 0.1458 0.5767 0.0261 0.0188
152 0.0360 0.1857 0.1447 0.5459 0.0558 0.0323
153 0.0388 0.5278 0.3462 0.0767 0.0080 0.0024
154 0.0656 0.1926 0.1366 0.5933 0.0032 0.0085
155 0.1013 0.4949 0.1658 0.2301 0.0036 0.0042
156 0.1356 0.3057 0.4243 0.0519 0.0797 0.0030
157 0.0623 0.2708 0.1094 0.5059 0.0244 0.0272
158 0.1046 0.5396 0.1113 0.2179 0.0132 0.0136
159 0.0519 0.7285 0.1189 0.0837 0.0129 0.0041
160 0.0536 0.2135 0.0993 0.5986 0.0243 0.0106
161 0.0861 0.5791 0.2131 0.1038 0.0059 0.0118
162 0.1245 0.4482 0.2986 0.0856 0.0172 0.0257
163 0.0575 0.3035 0.1082 0.4773 0.0354 0.0181
164 0.0564 0.1311 0.3735 0.3855 0.0348 0.0187
165 0.0703 0.7095 0.1055 0.1071 0.0062 0.0017
166 0.0614 0.4680 0.2211 0.2391 0.0034 0.0068
167 0.0922 0.4753 0.1555 0.2585 0.0128 0.0055
168 0.0522 0.3564 0.2734 0.2690 0.0284 0.0204
169 0.0410 0.6836 0.0437 0.2253 0.0028 0.0035
170 0.0196 0.8218 0.0367 0.1202 0.0006 0.0013
171 0.0576 0.3069 0.2666 0.2927 0.0246 0.0517
172 0.0344 0.4099 0.1183 0.3911 0.0135 0.0329
173 0.0244 0.4250 0.3015 0.2240 0.0132 0.0118
174 0.0268 0.5127 0.3694 0.0684 0.0202 0.0024
175 0.0735 0.7905 0.0847 0.0457 0.0034 0.0021
176 0.0732 0.5576 0.0869 0.2761 0.0043 0.0019
177 0.0461 0.5352 0.0686 0.3455 0.0023 0.0023
178 0.1582 0.3350 0.3147 0.1292 0.0518 0.0113
179 0.0240 0.1729 0.0646 0.7056 0.0187 0.0144
180 0.0171 0.1725 0.0293 0.7495 0.0185 0.0134
181 0.0842 0.2219 0.0810 0.5664 0.0392 0.0071
182 0.0649 0.2317 0.1112 0.5557 0.0285 0.0078
183 0.1906 0.3450 0.0586 0.2998 0.0886 0.0173
184 0.0905 0.6138 0.0511 0.1600 0.0492 0.0354
185 0.1121 0.4399 0.1820 0.2264 0.0204 0.0192
186 0.0936 0.1497 0.1028 0.6299 0.0136 0.0101
187 0.0757 0.7646 0.0604 0.0550 0.0442 0.0003
188 0.1127 0.6387 0.1447 0.0949 0.0089 0.0003
189 0.0312 0.5161 0.3550 0.0897 0.0070 0.0008
190 0.0302 0.2144 0.3882 0.3320 0.0022 0.0334
191 0.0298 0.0992 0.1107 0.7334 0.0015 0.0253
192 0.0189 0.0782 0.1848 0.5967 0.0076 0.1138
193 0.0961 0.2098 0.2234 0.4045 0.0362 0.0300
194 0.0659 0.2283 0.1893 0.4333 0.0334 0.0498
195 0.0725 0.7207 0.1293 0.0539 0.0148 0.0087
196 0.0313 0.8799 0.0689 0.0156 0.0034 0.0009
197 0.0266 0.6646 0.0980 0.1846 0.0165 0.0098
198 0.0103 0.8306 0.1234 0.0351 0.0006 0.0001
199 0.0582 0.6719 0.1185 0.1407 0.0091 0.0016
200 0.0560 0.2064 0.0909 0.2568 0.0160 0.3738
201 0.0726 0.5620 0.1898 0.1455 0.0227 0.0072
202 0.0958 0.4128 0.3586 0.0859 0.0299 0.0170
203 0.0195 0.8574 0.0726 0.0476 0.0026 0.0004
204 0.0928 0.3188 0.4636 0.0806 0.0358 0.0084
205 0.0241 0.3174 0.1365 0.5073 0.0091 0.0058
206 0.0647 0.4219 0.1370 0.3552 0.0123 0.0090
207 0.0288 0.2407 0.1604 0.5098 0.0288 0.0316
208 0.0922 0.2666 0.2708 0.2708 0.0331 0.0663
209 0.1044 0.2505 0.4905 0.1405 0.0117 0.0022
210 0.0854 0.1674 0.1187 0.4995 0.1187 0.0102
211 0.1549 0.3574 0.1714 0.2362 0.0773 0.0029
212 0.1719 0.2925 0.0695 0.4060 0.0580 0.0022
213 0.1953 0.3025 0.3765 0.1005 0.0224 0.0026
214 0.1097 0.1031 0.2148 0.5571 0.0081 0.0068
215 0.1702 0.4922 0.0698 0.0962 0.1561 0.0156
216 0.0358 0.0452 0.1210 0.7529 0.0369 0.0079
217 0.0529 0.1174 0.0649 0.6973 0.0619 0.0057
218 0.0353 0.0426 0.3005 0.3982 0.1273 0.0961
219 0.0911 0.5894 0.2496 0.0651 0.0030 0.0015
220 0.1194 0.6021 0.2129 0.0629 0.0018 0.0010
221 0.1110 0.4355 0.1859 0.2622 0.0026 0.0028
222 0.1304 0.7388 0.0760 0.0539 0.0008 0.0004
223 0.1427 0.6860 0.0958 0.0735 0.0012 0.0007
224 0.0659 0.1157 0.0432 0.2864 0.0309 0.4578
225 0.0197 0.3281 0.4214 0.1899 0.0092 0.0315
226 0.0719 0.5571 0.0420 0.3274 0.0012 0.0006
227 0.1060 0.5552 0.0885 0.2261 0.0224 0.0020
228 0.0368 0.7329 0.0515 0.1754 0.0007 0.0028
229 0.0049 0.9009 0.0323 0.0618 0.0001 0.0001
230 0.0282 0.8828 0.0634 0.0163 0.0087 0.0009
231 0.1560 0.7046 0.0737 0.0437 0.0061 0.0161
232 0.3992 0.4893 0.0710 0.0130 0.0136 0.0139
233 0.2299 0.5869 0.1012 0.0096 0.0712 0.0010
234 0.2769 0.5464 0.0793 0.0372 0.0323 0.0283
235 0.1093 0.5908 0.1248 0.1361 0.0087 0.0301
236 0.1659 0.2734 0.1014 0.2866 0.1685 0.0040
237 0.3242 0.6201 0.0233 0.0159 0.0039 0.0124
238 0.0831 0.8135 0.0375 0.0558 0.0031 0.0068
239 0.0244 0.8818 0.0595 0.0321 0.0005 0.0015
240 0.0399 0.8745 0.0614 0.0211 0.0008 0.0022
241 0.2566 0.0638 0.1086 0.2487 0.0959 0.2264
242 0.6885 0.1941 0.0587 0.0206 0.0374 0.0009
243 0.6865 0.1968 0.0582 0.0203 0.0373 0.0009
244 0.6860 0.1965 0.0590 0.0202 0.0372 0.0009
245 0.6860 0.1965 0.0590 0.0202 0.0372 0.0009
246 0.6860 0.1965 0.0590 0.0202 0.0372 0.0009
247 0.6860 0.1965 0.0590 0.0202 0.0372 0.0009
248 0.6860 0.1965 0.0590 0.0202 0.0372 0.0009
249 0.6870 0.1968 0.0586 0.0199 0.0370 0.0009
250 0.6870 0.1968 0.0586 0.0199 0.0370 0.0009
251 0.6870 0.1968 0.0586 0.0199 0.0370 0.0009
