time exciting_prob fearful_prob tense_prob sad_prob relaxing_prob neutral_prob
0 0.2593 0.3381 0.0969 0.1927 0.0261 0.0869
1 0.3325 0.0975 0.3767 0.1105 0.0736 0.0091
2 0.2524 0.1289 0.4607 0.0586 0.0865 0.0129
3 0.3186 0.2139 0.3210 0.0336 0.1075 0.0056
4 0.1669 0.1193 0.1052 0.2354 0.2076 0.1655
5 0.2207 0.3611 0.0734 0.0757 0.2241 0.0452
6 0.3406 0.1333 0.2866 0.0725 0.0075 0.1595
7 0.3733 0.1221 0.2354 0.0776 0.0126 0.1791
8 0.4075 0.2114 0.2610 0.0365 0.0137 0.0697
9 0.1882 0.1912 0.4143 0.0822 0.1098 0.0142
10 0.2295 0.1760 0.4529 0.0358 0.0844 0.0213
11 0.1722 0.1061 0.3425 0.1982 0.0659 0.1147
12 0.3301 0.4172 0.1522 0.0329 0.0630 0.0047
13 0.5229 0.3198 0.0660 0.0295 0.0573 0.0042
14 0.6611 0.0206 0.1343 0.1204 0.0223 0.0416
15 0.3223 0.1014 0.3979 0.0615 0.1030 0.0142
16 0.2734 0.1105 0.3857 0.0620 0.1659 0.0026
17 0.3989 0.1689 0.2419 0.0499 0.1346 0.0057
18 0.0377 0.5459 0.2172 0.0898 0.0864 0.0231
19 0.3108 0.1785 0.2617 0.0210 0.2256 0.0027
20 0.4958 0.3743 0.0616 0.0195 0.0444 0.0043
21 0.5024 0.3618 0.0880 0.0252 0.0189 0.0035
22 0.3972 0.2372 0.2605 0.0406 0.0533 0.0114
23 0.2404 0.0662 0.3040 0.0956 0.0127 0.2810
24 0.3472 0.1425 0.3933 0.0438 0.0102 0.0632
25 0.3022 0.0741 0.3218 0.1450 0.0116 0.1450
26 0.2666 0.1361 0.4294 0.0872 0.0378 0.0428
27 0.3064 0.0995 0.1470 0.2705 0.1615 0.0153
28 0.1083 0.0515 0.1100 0.0756 0.6431 0.0116
29 0.1666 0.1027 0.2600 0.0980 0.3555 0.0172
30 0.2115 0.1523 0.3408 0.0809 0.1897 0.0247
31 0.1738 0.0342 0.2096 0.1909 0.3623 0.0293
32 0.2432 0.0555 0.2250 0.2800 0.1429 0.0534
33 0.2668 0.0284 0.2588 0.1582 0.2546 0.0331
34 0.2104 0.0280 0.2294 0.1626 0.3552 0.0144
35 0.2644 0.2583 0.3909 0.0297 0.0505 0.0060
36 0.1498 0.2507 0.5610 0.0133 0.0216 0.0038
37 0.1554 0.2261 0.0906 0.0775 0.3845 0.0658
38 0.1182 0.1437 0.3472 0.0222 0.3611 0.0077
39 0.2852 0.0553 0.1479 0.2220 0.2401 0.0496
40 0.1556 0.1070 0.2229 0.1532 0.3193 0.0419
41 0.3291 0.2043 0.2333 0.1027 0.1128 0.0179
42 0.1116 0.0823 0.1913 0.2418 0.0213 0.3518
43 0.0489 0.0118 0.0745 0.0452 0.8135 0.0063
44 0.0754 0.0252 0.2433 0.2017 0.4336 0.0208
45 0.2812 0.2350 0.4189 0.0405 0.0235 0.0010
46 0.2927 0.2505 0.4160 0.0103 0.0301 0.0004
47 0.1986 0.0938 0.5229 0.0502 0.0945 0.0397
48 0.2681 0.0338 0.3135 0.1349 0.2122 0.0374
49 0.1143 0.0911 0.5986 0.0836 0.0427 0.0698
50 0.2700 0.3606 0.3386 0.0092 0.0181 0.0034
51 0.0856 0.0566 0.7876 0.0161 0.0448 0.0093
52 0.2959 0.3740 0.2491 0.0327 0.0450 0.0035
53 0.3354 0.2717 0.1273 0.0407 0.2183 0.0065
54 0.1290 0.0521 0.5781 0.0859 0.1311 0.0237
55 0.2107 0.0757 0.4495 0.0396 0.1979 0.0268
56 0.2625 0.1310 0.4431 0.0097 0.1394 0.0142
57 0.1191 0.1414 0.4746 0.0320 0.2207 0.0122
58 0.3694 0.2810 0.2854 0.0333 0.0268 0.0039
59 0.3870 0.4119 0.1447 0.0325 0.0210 0.0030
60 0.0851 0.0751 0.2225 0.0287 0.5771 0.0115
61 0.0507 0.0626 0.1838 0.0275 0.6729 0.0027
62 0.0689 0.0374 0.0448 0.0093 0.8325 0.0068
63 0.2947 0.1011 0.1830 0.0306 0.3816 0.0090
64 0.2407 0.3215 0.1996 0.0958 0.1259 0.0166
65 0.2920 0.0704 0.2700 0.0386 0.3232 0.0059
66 0.2930 0.1221 0.5063 0.0173 0.0311 0.0304
67 0.3291 0.1230 0.3044 0.0478 0.1847 0.0109
68 0.2561 0.1414 0.5508 0.0285 0.0201 0.0034
69 0.4023 0.2499 0.3159 0.0145 0.0133 0.0039
70 0.1678 0.6094 0.1110 0.0554 0.0545 0.0022
71 0.2571 0.2067 0.2825 0.2133 0.0214 0.0191
72 0.1578 0.0838 0.3240 0.1494 0.0207 0.2644
73 0.3389 0.2898 0.2944 0.0276 0.0202 0.0294
74 0.2458 0.2942 0.3928 0.0093 0.0310 0.0267
75 0.1832 0.0996 0.1748 0.3818 0.1165 0.0442
76 0.1960 0.3386 0.3662 0.0386 0.0417 0.0187
77 0.3418 0.1200 0.2622 0.0618 0.0210 0.1932
78 0.1943 0.3774 0.3230 0.0298 0.0171 0.0583
79 0.1436 0.4819 0.3110 0.0303 0.0173 0.0157
80 0.1692 0.3086 0.3286 0.0520 0.0178 0.1238
81 0.3574 0.3574 0.1884 0.0241 0.0251 0.0473
82 0.1370 0.2725 0.4783 0.0647 0.0102 0.0374
83 0.1420 0.0271 0.5439 0.1583 0.0410 0.0875
84 0.2368 0.1110 0.4287 0.1190 0.0500 0.0545
85 0.0474 0.0546 0.2905 0.3345 0.0165 0.2563
86 0.1003 0.0467 0.2686 0.2483 0.0124 0.3240
87 0.1115 0.0480 0.5938 0.0320 0.0476 0.1674
88 0.1559 0.0407 0.5273 0.0226 0.0498 0.2034
89 0.1519 0.4500 0.3477 0.0262 0.0170 0.0072
90 0.1799 0.1370 0.3809 0.1379 0.0218 0.1423
91 0.4539 0.1290 0.2668 0.1104 0.0323 0.0078
92 0.4656 0.0946 0.2915 0.0640 0.0635 0.0208
93 0.1731 0.2876 0.3994 0.0134 0.1257 0.0007
94 0.3870 0.3389 0.2072 0.0129 0.0532 0.0007
95 0.2554 0.3279 0.1663 0.0203 0.2290 0.0010
96 0.1798 0.4849 0.2964 0.0103 0.0203 0.0082
97 0.2681 0.2517 0.3015 0.0774 0.0971 0.0042
98 0.3381 0.2532 0.3435 0.0245 0.0392 0.0015
99 0.3850 0.2094 0.3293 0.0568 0.0164 0.0033
100 0.7212 0.0909 0.0592 0.0671 0.0514 0.0104
101 0.1354 0.5527 0.1970 0.0062 0.1071 0.0015
102 0.1080 0.6313 0.1312 0.0021 0.1262 0.0012
103 0.3677 0.1558 0.2607 0.0820 0.1261 0.0077
104 0.5454 0.0978 0.1227 0.1208 0.1100 0.0033
105 0.3313 0.2834 0.2482 0.0711 0.0477 0.0181
106 0.0839 0.4500 0.4429 0.0090 0.0107 0.0034
107 0.1433 0.5669 0.2676 0.0049 0.0159 0.0015
108 0.0992 0.1345 0.1598 0.0515 0.5488 0.0061
109 0.2020 0.1389 0.4482 0.0755 0.0687 0.0667
110 0.2869 0.2396 0.4141 0.0410 0.0176 0.0009
111 0.1294 0.3865 0.3464 0.0876 0.0383 0.0119
112 0.0573 0.4104 0.5107 0.0038 0.0139 0.0038
113 0.3816 0.0320 0.4060 0.1110 0.0580 0.0113
114 0.2457 0.3987 0.0792 0.0063 0.2698 0.0003
115 0.1873 0.2312 0.4319 0.0234 0.1180 0.0083
116 0.0617 0.4153 0.5010 0.0052 0.0123 0.0047
117 0.1155 0.3342 0.5181 0.0169 0.0148 0.0006
118 0.1047 0.1293 0.6826 0.0479 0.0265 0.0093
119 0.1619 0.3677 0.4434 0.0099 0.0098 0.0074
120 0.0859 0.6816 0.1892 0.0070 0.0353 0.0011
121 0.0679 0.3699 0.4749 0.0508 0.0361 0.0004
122 0.2141 0.3530 0.2974 0.0260 0.1069 0.0026
123 0.2732 0.3047 0.2646 0.0077 0.1497 0.0002
124 0.0450 0.3564 0.5352 0.0327 0.0302 0.0003
125 0.0367 0.5835 0.3376 0.0348 0.0074 0.0002
126 0.4392 0.4224 0.1003 0.0151 0.0220 0.0012
127 0.2316 0.1906 0.4097 0.0297 0.1340 0.0045
128 0.1058 0.2156 0.4819 0.0341 0.1614 0.0012
129 0.3745 0.0947 0.1537 0.2515 0.0077 0.1179
130 0.0602 0.0954 0.3008 0.0280 0.5117 0.0040
131 0.1836 0.0645 0.1387 0.2358 0.0122 0.3652
132 0.1292 0.0506 0.3796 0.3350 0.0104 0.0952
133 0.3455 0.1292 0.1054 0.0660 0.3455 0.0085
134 0.1875 0.1747 0.1875 0.0149 0.4324 0.0030
135 0.1907 0.2029 0.2751 0.1405 0.1544 0.0364
136 0.2637 0.1841 0.1456 0.3035 0.0562 0.0469
137 0.2137 0.2898 0.2223 0.0986 0.1401 0.0354
138 0.2480 0.1067 0.1873 0.2223 0.1257 0.1100
139 0.1016 0.2593 0.0883 0.0779 0.4695 0.0035
140 0.3660 0.2053 0.1445 0.1024 0.1798 0.0019
141 0.3359 0.3179 0.2534 0.0186 0.0732 0.0009
142 0.3660 0.1812 0.1783 0.0163 0.2573 0.0009
143 0.3347 0.2212 0.1777 0.1362 0.0981 0.0319
144 0.0169 0.0217 0.0169 0.0078 0.9351 0.0015
145 0.0229 0.0270 0.0129 0.0143 0.9214 0.0015
146 0.0222 0.0392 0.0262 0.0178 0.8936 0.0011
147 0.3086 0.3994 0.2460 0.0213 0.0191 0.0057
148 0.3914 0.3794 0.1764 0.0356 0.0136 0.0036
149 0.2563 0.5303 0.1129 0.0274 0.0663 0.0069
150 0.1696 0.2883 0.4868 0.0350 0.0112 0.0091
151 0.1871 0.2384 0.5166 0.0417 0.0060 0.0098
152 0.3511 0.1865 0.2629 0.1429 0.0482 0.0083
153 0.5151 0.0874 0.1322 0.1985 0.0291 0.0379
154 0.2352 0.1495 0.4258 0.1361 0.0467 0.0066
155 0.1874 0.2351 0.3420 0.1494 0.0525 0.0336
156 0.2061 0.1340 0.4717 0.1310 0.0546 0.0028
157 0.2859 0.0740 0.4714 0.1003 0.0435 0.0248
158 0.0790 0.2803 0.5400 0.0725 0.0183 0.0098
159 0.5146 0.0400 0.2668 0.1417 0.0297 0.0070
160 0.2003 0.2100 0.3862 0.1648 0.0338 0.0049
161 0.3308 0.4487 0.0677 0.0401 0.1066 0.0058
162 0.5059 0.3066 0.1085 0.0224 0.0509 0.0058
163 0.4539 0.3071 0.0929 0.0505 0.0833 0.0124
164 0.1953 0.2979 0.3193 0.0944 0.0880 0.0051
165 0.1710 0.1061 0.3269 0.1321 0.2627 0.0010
166 0.1213 0.0887 0.6157 0.0406 0.1332 0.0002
167 0.1691 0.2223 0.4285 0.0217 0.1564 0.0022
168 0.1005 0.4470 0.1353 0.0436 0.2712 0.0023
169 0.1187 0.3862 0.1687 0.0154 0.3103 0.0007
170 0.1262 0.0881 0.1865 0.4993 0.0868 0.0130
171 0.1354 0.1398 0.2002 0.2490 0.2610 0.0146
172 0.3105 0.0454 0.2615 0.1074 0.2698 0.0051
173 0.3005 0.0916 0.3569 0.1442 0.0848 0.0221
174 0.1261 0.1282 0.3074 0.2712 0.1301 0.0370
175 0.1390 0.2598 0.3083 0.0897 0.1991 0.0042
176 0.2227 0.1460 0.0529 0.3503 0.1667 0.0613
177 0.3225 0.1205 0.1089 0.1912 0.1727 0.0842
178 0.2988 0.1611 0.0588 0.1663 0.2964 0.0184
179 0.2114 0.2131 0.5234 0.0178 0.0288 0.0054
180 0.1199 0.6685 0.1613 0.0346 0.0147 0.0012
181 0.2163 0.3567 0.3540 0.0356 0.0300 0.0075
182 0.2942 0.3105 0.3464 0.0133 0.0291 0.0063
183 0.1884 0.0715 0.1742 0.1562 0.3464 0.0631
184 0.2357 0.0909 0.0564 0.2249 0.1333 0.2588
185 0.0839 0.0981 0.6812 0.0826 0.0456 0.0086
186 0.0912 0.1639 0.4600 0.0580 0.2090 0.0178
187 0.1991 0.3838 0.3633 0.0092 0.0431 0.0014
188 0.2466 0.5386 0.1819 0.0129 0.0183 0.0016
189 0.2135 0.3035 0.0904 0.0343 0.3574 0.0010
190 0.0591 0.5024 0.0419 0.0055 0.3911 0.0002
191 0.0766 0.2251 0.0514 0.0053 0.6411 0.0004
192 0.4719 0.2688 0.2229 0.0085 0.0270 0.0010
193 0.2520 0.4219 0.2969 0.0086 0.0200 0.0009
194 0.2201 0.1897 0.5278 0.0454 0.0151 0.0017
195 0.3040 0.2422 0.3782 0.0392 0.0287 0.0079
196 0.3015 0.0787 0.3582 0.0934 0.1317 0.0366
197 0.2878 0.1328 0.3813 0.1317 0.0481 0.0182
198 0.1530 0.2465 0.3164 0.0787 0.0135 0.1919
199 0.1365 0.2472 0.3625 0.0376 0.0161 0.2002
200 0.2615 0.0889 0.2236 0.2380 0.0606 0.1274
201 0.4636 0.1720 0.2368 0.0449 0.0580 0.0246
202 0.2632 0.3225 0.2935 0.0362 0.0630 0.0218
203 0.2808 0.0773 0.1870 0.1337 0.1125 0.2086
204 0.3103 0.1714 0.4731 0.0091 0.0324 0.0038
205 0.4976 0.1816 0.2157 0.0424 0.0352 0.0276
206 0.4805 0.1234 0.2251 0.0332 0.0676 0.0703
207 0.1560 0.1294 0.1636 0.1661 0.0163 0.3687
208 0.3206 0.1295 0.3206 0.1478 0.0223 0.0593
209 0.6284 0.1171 0.1931 0.0349 0.0244 0.0021
210 0.1001 0.2328 0.4814 0.0500 0.0112 0.1246
211 0.0735 0.0518 0.6660 0.1029 0.0107 0.0952
212 0.1935 0.0770 0.5342 0.1506 0.0244 0.0206
213 0.3940 0.1735 0.1310 0.1270 0.0752 0.0996
214 0.3511 0.1711 0.3948 0.0379 0.0345 0.0106
215 0.0843 0.0492 0.2327 0.3132 0.0570 0.2637
216 0.4001 0.1484 0.3345 0.0788 0.0344 0.0037
217 0.5361 0.1610 0.2324 0.0535 0.0144 0.0024
218 0.3093 0.3506 0.2817 0.0144 0.0435 0.0007
219 0.3743 0.0910 0.3628 0.1399 0.0259 0.0061
220 0.0563 0.1020 0.1329 0.1155 0.5869 0.0064
221 0.3486 0.1713 0.3652 0.0737 0.0370 0.0041
222 0.1672 0.3596 0.4407 0.0123 0.0145 0.0057
223 0.2800 0.3298 0.3298 0.0140 0.0426 0.0038
224 0.2085 0.1099 0.1411 0.2852 0.0955 0.1599
225 0.2085 0.1099 0.1411 0.2852 0.0955 0.1599
226 0.1136 0.1553 0.1349 0.1288 0.0181 0.4492
227 0.1136 0.1553 0.1349 0.1288 0.0181 0.4492
228 0.1136 0.1553 0.1349 0.1288 0.0181 0.4492
229 0.1136 0.1553 0.1349 0.1288 0.0181 0.4492
230 0.5981 0.2695 0.0917 0.0145 0.0255 0.0007
231 0.6567 0.2131 0.0976 0.0154 0.0167 0.0005
232 0.6602 0.2111 0.0966 0.0149 0.0165 0.0005
233 0.6602 0.2111 0.0966 0.0149 0.0165 0.0005
234 0.6680 0.2037 0.0962 0.0161 0.0157 0.0005
