time exciting_prob fearful_prob tense_prob sad_prob relaxing_prob neutral_prob
0 0.1766 0.0601 0.1910 0.4238 0.0394 0.1089
1 0.1099 0.0536 0.5005 0.2764 0.0197 0.0398
2 0.2812 0.1732 0.3445 0.0571 0.1267 0.0172
3 0.1609 0.3682 0.3250 0.0373 0.0953 0.0134
4 0.2413 0.1570 0.5146 0.0518 0.0245 0.0105
5 0.1348 0.0844 0.0392 0.0253 0.6792 0.0369
6 0.5391 0.3428 0.0419 0.0381 0.0160 0.0221
7 0.4905 0.4067 0.0319 0.0229 0.0165 0.0314
8 0.7173 0.1108 0.0693 0.0488 0.0315 0.0223
9 0.7007 0.0667 0.0898 0.0477 0.0398 0.0553
10 0.2437 0.1501 0.4922 0.0954 0.0145 0.0041
11 0.1069 0.0334 0.1555 0.1240 0.5688 0.0117
12 0.0499 0.0354 0.1198 0.0499 0.7334 0.0115
13 0.4866 0.0378 0.1655 0.2335 0.0309 0.0456
14 0.4893 0.0844 0.2703 0.0710 0.0272 0.0580
15 0.5776 0.1120 0.2075 0.0509 0.0375 0.0145
16 0.5669 0.1357 0.1108 0.1285 0.0519 0.0060
17 0.3154 0.1226 0.1611 0.3464 0.0296 0.0251
18 0.4316 0.1504 0.0963 0.2808 0.0240 0.0169
19 0.1838 0.5405 0.1727 0.0519 0.0046 0.0465
20 0.4668 0.2944 0.1458 0.0780 0.0059 0.0090
21 0.2659 0.2120 0.1359 0.3552 0.0182 0.0127
22 0.1625 0.4084 0.1575 0.0830 0.0261 0.1625
23 0.1621 0.5791 0.1224 0.1293 0.0049 0.0021
24 0.0191 0.0793 0.5903 0.2747 0.0086 0.0278
25 0.0227 0.1313 0.4919 0.2937 0.0194 0.0407
26 0.8335 0.0525 0.0318 0.0114 0.0643 0.0067
27 0.5498 0.1099 0.2152 0.0631 0.0158 0.0462
28 0.5635 0.1267 0.1978 0.0905 0.0088 0.0130
29 0.0873 0.2668 0.4985 0.0944 0.0195 0.0334
30 0.1037 0.4333 0.2979 0.0707 0.0696 0.0248
31 0.0195 0.1098 0.3201 0.4048 0.0767 0.0692
32 0.1035 0.1268 0.4639 0.2903 0.0079 0.0076
33 0.1613 0.1930 0.3157 0.0652 0.1976 0.0672
34 0.1431 0.3921 0.2571 0.0327 0.1366 0.0385
35 0.1022 0.0720 0.3101 0.4802 0.0154 0.0201
36 0.1929 0.3333 0.2637 0.0761 0.0955 0.0386
37 0.1571 0.2651 0.1313 0.1852 0.1123 0.1488
38 0.1306 0.0536 0.1083 0.1576 0.1412 0.4087
39 0.0619 0.0334 0.2126 0.6450 0.0211 0.0262
40 0.5820 0.0942 0.0459 0.1707 0.0717 0.0355
41 0.3530 0.0541 0.1831 0.1667 0.0323 0.2108
42 0.2468 0.1710 0.0776 0.2864 0.0120 0.2062
43 0.0572 0.0304 0.3020 0.5645 0.0126 0.0334
44 0.1087 0.4368 0.3564 0.0302 0.0163 0.0518
45 0.0908 0.0299 0.1877 0.6250 0.0353 0.0311
46 0.2177 0.3118 0.1472 0.0966 0.1121 0.1147
47 0.2247 0.2063 0.1724 0.2468 0.0582 0.0916
48 0.2871 0.0646 0.2118 0.3574 0.0175 0.0616
49 0.1957 0.3435 0.1727 0.1838 0.0117 0.0925
50 0.0953 0.3274 0.4546 0.0324 0.0162 0.0742
51 0.1714 0.0337 0.4375 0.3103 0.0354 0.0118
52 0.1986 0.6514 0.0655 0.0479 0.0114 0.0255
53 0.2136 0.4929 0.1469 0.1135 0.0127 0.0205
54 0.4280 0.0223 0.1730 0.2478 0.1207 0.0082
55 0.0912 0.1348 0.2120 0.5005 0.0025 0.0589
56 0.1311 0.3562 0.3674 0.1290 0.0033 0.0129
57 0.1165 0.0475 0.1921 0.3850 0.0908 0.1682
58 0.2446 0.4500 0.2408 0.0425 0.0195 0.0028
59 0.1101 0.0632 0.3755 0.3040 0.0545 0.0927
60 0.0249 0.0709 0.2534 0.5449 0.0094 0.0962
61 0.0237 0.0601 0.3352 0.3918 0.0660 0.1233
62 0.0624 0.5698 0.2129 0.0945 0.0464 0.0142
63 0.0844 0.0769 0.1471 0.4822 0.0787 0.1307
64 0.2559 0.4561 0.1588 0.0683 0.0544 0.0067
65 0.0574 0.4275 0.3228 0.0803 0.0682 0.0440
66 0.0391 0.2002 0.4236 0.0803 0.2490 0.0078
67 0.1588 0.4595 0.1689 0.0919 0.0657 0.0553
68 0.0638 0.0658 0.3848 0.2666 0.1904 0.0287
69 0.0707 0.0157 0.7905 0.0894 0.0139 0.0195
70 0.1263 0.4016 0.3599 0.0896 0.0079 0.0147
71 0.2028 0.0294 0.1220 0.1060 0.0459 0.4939
72 0.1354 0.1233 0.6768 0.0494 0.0016 0.0134
73 0.0490 0.4944 0.2688 0.1736 0.0023 0.0120
74 0.0475 0.5527 0.2491 0.1376 0.0021 0.0109
75 0.1909 0.0808 0.2888 0.2197 0.1659 0.0538
76 0.0459 0.0717 0.3501 0.4221 0.0090 0.1011
77 0.2610 0.4373 0.0655 0.0660 0.1177 0.0526
78 0.2487 0.2732 0.2094 0.1384 0.0521 0.0782
79 0.0637 0.1505 0.0913 0.1248 0.5420 0.0274
80 0.2510 0.2715 0.1547 0.1865 0.0687 0.0676
81 0.2137 0.4316 0.1423 0.1190 0.0515 0.0417
82 0.3069 0.1965 0.2211 0.0794 0.0988 0.0973
83 0.0552 0.1912 0.6074 0.1047 0.0106 0.0307
84 0.1226 0.1152 0.3838 0.2021 0.0395 0.1368
85 0.0535 0.1187 0.4958 0.2417 0.0414 0.0487
86 0.2350 0.3528 0.0858 0.1060 0.0734 0.1471
87 0.2083 0.1956 0.0709 0.2003 0.0426 0.2825
88 0.0952 0.0916 0.5269 0.2163 0.0397 0.0302
89 0.2595 0.2896 0.1899 0.0579 0.1587 0.0444
90 0.0931 0.0495 0.0510 0.6880 0.0314 0.0868
91 0.0401 0.1073 0.5200 0.2761 0.0043 0.0523
92 0.2136 0.1256 0.0856 0.1327 0.2478 0.1946
93 0.1104 0.1375 0.3621 0.1509 0.2196 0.0196
94 0.3086 0.0688 0.1626 0.1931 0.1652 0.1017
95 0.1921 0.2111 0.1736 0.1833 0.0306 0.2094
96 0.0451 0.0539 0.3057 0.4846 0.0234 0.0875
97 0.1768 0.3101 0.2532 0.1713 0.0385 0.0502
98 0.0732 0.2920 0.2460 0.1412 0.0405 0.2070
99 0.1636 0.0515 0.0862 0.4807 0.1073 0.1107
100 0.1416 0.0648 0.0659 0.4790 0.0460 0.2028
101 0.2756 0.3171 0.1571 0.1176 0.0582 0.0742
102 0.1384 0.4834 0.1984 0.1053 0.0615 0.0130
103 0.0257 0.0459 0.2120 0.6333 0.0099 0.0733
104 0.2256 0.3232 0.2310 0.1379 0.0779 0.0043
105 0.0746 0.2449 0.4165 0.2161 0.0048 0.0432
106 0.1599 0.1715 0.2698 0.1637 0.0132 0.2219
107 0.1666 0.0405 0.2500 0.4124 0.0159 0.1145
108 0.1891 0.1721 0.2094 0.2045 0.0299 0.1951
109 0.0649 0.1086 0.0900 0.5874 0.0319 0.1174
110 0.1172 0.1530 0.2444 0.3845 0.0258 0.0751
111 0.2896 0.3865 0.0947 0.0646 0.1389 0.0257
112 0.1625 0.5493 0.1959 0.0451 0.0363 0.0107
113 0.0929 0.2229 0.0846 0.2773 0.1193 0.2029
114 0.2092 0.2883 0.3167 0.0872 0.0435 0.0550
115 0.1877 0.1968 0.0701 0.3193 0.2161 0.0100
116 0.0394 0.1232 0.3003 0.4800 0.0183 0.0388
117 0.0361 0.3538 0.1139 0.4834 0.0059 0.0071
118 0.1373 0.1876 0.2485 0.3674 0.0375 0.0215
119 0.1188 0.2168 0.0424 0.4734 0.0631 0.0856
120 0.1396 0.1158 0.2822 0.3247 0.0337 0.1038
121 0.2224 0.0603 0.1228 0.1002 0.0787 0.4155
122 0.1310 0.2228 0.2108 0.3818 0.0176 0.0361
123 0.2076 0.1484 0.3911 0.1450 0.0776 0.0304
124 0.2467 0.0654 0.2144 0.2795 0.0297 0.1643
125 0.4353 0.1626 0.2120 0.1017 0.0308 0.0575
126 0.1580 0.1748 0.1416 0.3879 0.0318 0.1060
127 0.3970 0.0958 0.1707 0.2771 0.0432 0.0165
128 0.1213 0.2957 0.1659 0.2163 0.1487 0.0522
129 0.0489 0.0387 0.0958 0.5098 0.0806 0.2262
130 0.2373 0.1250 0.4297 0.1175 0.0776 0.0129
131 0.0974 0.0137 0.3564 0.4871 0.0128 0.0326
132 0.0674 0.0372 0.2245 0.6196 0.0080 0.0432
133 0.0896 0.0835 0.3152 0.2825 0.0073 0.2218
134 0.0594 0.0438 0.5811 0.2703 0.0118 0.0341
135 0.1394 0.1405 0.3191 0.2505 0.0604 0.0900
136 0.0557 0.1444 0.4517 0.2534 0.0158 0.0791
137 0.3098 0.2490 0.2693 0.0815 0.0736 0.0169
138 0.2068 0.2456 0.2236 0.1048 0.0656 0.1537
139 0.0334 0.0379 0.2737 0.4729 0.0081 0.1740
140 0.0623 0.0460 0.5430 0.3291 0.0084 0.0114
141 0.1282 0.0337 0.2146 0.4009 0.0179 0.2047
142 0.1919 0.0150 0.4326 0.2502 0.0202 0.0900
143 0.2369 0.1238 0.2903 0.2483 0.0537 0.0470
144 0.2347 0.0308 0.1267 0.4668 0.0383 0.1025
145 0.2242 0.0658 0.1747 0.4460 0.0183 0.0711
146 0.2000 0.0379 0.1332 0.3853 0.0275 0.2162
147 0.1556 0.1331 0.2861 0.2126 0.1848 0.0277
148 0.2886 0.1644 0.4133 0.0801 0.0361 0.0172
149 0.0889 0.3542 0.4695 0.0437 0.0359 0.0077
150 0.1947 0.0344 0.6436 0.0891 0.0238 0.0147
151 0.0888 0.1464 0.5791 0.0784 0.0582 0.0490
152 0.0403 0.1121 0.6655 0.1417 0.0091 0.0311
153 0.1493 0.1218 0.5376 0.1359 0.0064 0.0492
154 0.2086 0.1975 0.2136 0.3386 0.0312 0.0104
155 0.1821 0.0802 0.1685 0.5186 0.0337 0.0168
156 0.0950 0.2664 0.3877 0.1077 0.0092 0.1340
157 0.1216 0.0621 0.1444 0.3574 0.0133 0.3010
158 0.0792 0.1614 0.4119 0.3062 0.0323 0.0091
159 0.1725 0.1475 0.4875 0.1242 0.0591 0.0093
160 0.0825 0.1815 0.4458 0.2705 0.0172 0.0026
161 0.1348 0.1190 0.1600 0.5376 0.0402 0.0086
162 0.1444 0.0749 0.0869 0.3105 0.1197 0.2634
163 0.2189 0.0613 0.1018 0.2443 0.0477 0.3262
164 0.0830 0.1757 0.4851 0.1676 0.0704 0.0182
165 0.0652 0.1901 0.3782 0.2189 0.1162 0.0315
166 0.1212 0.1300 0.1270 0.5693 0.0497 0.0029
167 0.1868 0.0910 0.4309 0.2067 0.0523 0.0324
168 0.2839 0.0908 0.2372 0.2817 0.0231 0.0833
169 0.0679 0.0224 0.4644 0.4363 0.0030 0.0062
170 0.2856 0.0572 0.2749 0.3264 0.0459 0.0101
171 0.2175 0.1289 0.4751 0.1220 0.0513 0.0053
172 0.0870 0.0536 0.2617 0.4778 0.0637 0.0562
173 0.1420 0.1686 0.1334 0.3301 0.0192 0.2067
174 0.1416 0.1669 0.5430 0.1211 0.0260 0.0017
175 0.1233 0.1185 0.4336 0.2822 0.0379 0.0046
176 0.3149 0.3569 0.2737 0.0464 0.0039 0.0042
177 0.0826 0.1102 0.6753 0.1102 0.0135 0.0082
178 0.1533 0.0840 0.6816 0.0670 0.0121 0.0018
179 0.0938 0.1105 0.1686 0.5527 0.0076 0.0670
180 0.1061 0.3818 0.2428 0.1951 0.0078 0.0663
181 0.2496 0.1587 0.2346 0.3181 0.0320 0.0069
182 0.2605 0.1461 0.5020 0.0685 0.0172 0.0058
183 0.1605 0.0297 0.1937 0.5518 0.0079 0.0564
184 0.1648 0.0984 0.0440 0.2803 0.3542 0.0583
185 0.1633 0.0206 0.1233 0.5879 0.0264 0.0784
186 0.2449 0.4038 0.0959 0.0840 0.1439 0.0275
187 0.3262 0.1516 0.0627 0.1338 0.2747 0.0512
188 0.0530 0.0175 0.1158 0.4509 0.0114 0.3513
189 0.3184 0.0238 0.3606 0.2023 0.0343 0.0607
190 0.1932 0.2812 0.4253 0.0325 0.0647 0.0030
191 0.4758 0.0370 0.1038 0.2179 0.0413 0.1241
192 0.1242 0.0273 0.0596 0.6021 0.0526 0.1343
193 0.1401 0.2172 0.1814 0.2766 0.1458 0.0389
194 0.1953 0.0922 0.4910 0.1062 0.0827 0.0326
195 0.2542 0.4392 0.1542 0.0988 0.0516 0.0022
196 0.0623 0.0775 0.8076 0.0328 0.0068 0.0131
197 0.1824 0.1141 0.4880 0.1205 0.0815 0.0133
198 0.1653 0.1760 0.4709 0.1093 0.0751 0.0033
199 0.1065 0.0175 0.0320 0.1065 0.0098 0.7275
200 0.4197 0.1805 0.2886 0.0776 0.0216 0.0120
201 0.1451 0.1241 0.4985 0.1833 0.0337 0.0152
202 0.1987 0.1635 0.1159 0.4207 0.0443 0.0569
203 0.1045 0.0353 0.1406 0.5435 0.0577 0.1184
204 0.0789 0.0582 0.0601 0.3511 0.4507 0.0012
205 0.1405 0.0669 0.0497 0.1543 0.5869 0.0014
206 0.2396 0.1572 0.3684 0.1293 0.0984 0.0071
207 0.3215 0.1472 0.2974 0.0525 0.1761 0.0053
208 0.1521 0.0482 0.2690 0.4333 0.0183 0.0789
209 0.1279 0.2883 0.3425 0.2281 0.0048 0.0082
210 0.0944 0.3022 0.4468 0.1473 0.0028 0.0064
211 0.4802 0.0640 0.3921 0.0556 0.0031 0.0050
212 0.0359 0.0175 0.8843 0.0365 0.0064 0.0191
213 0.0849 0.0761 0.4661 0.1782 0.0693 0.1255
214 0.1039 0.0417 0.3433 0.4917 0.0093 0.0101
215 0.2089 0.1381 0.3110 0.2969 0.0107 0.0346
216 0.1625 0.1227 0.5674 0.0884 0.0511 0.0081
217 0.7368 0.0160 0.0801 0.1497 0.0007 0.0169
218 0.1772 0.1247 0.1359 0.4893 0.0077 0.0652
219 0.4363 0.1709 0.3452 0.0449 0.0009 0.0018
220 0.2067 0.0760 0.3489 0.2654 0.0071 0.0961
221 0.2466 0.4500 0.1340 0.0663 0.0735 0.0294
222 0.1896 0.0924 0.1622 0.2803 0.0205 0.2551
223 0.0557 0.0544 0.3464 0.2068 0.0114 0.3254
224 0.0680 0.0859 0.0936 0.7480 0.0033 0.0011
225 0.1737 0.3147 0.2888 0.2112 0.0084 0.0034
226 0.1088 0.1534 0.1986 0.5195 0.0150 0.0047
227 0.1132 0.1106 0.0714 0.6987 0.0027 0.0032
228 0.1063 0.0522 0.1793 0.5356 0.0033 0.1233
229 0.0981 0.1061 0.5732 0.1982 0.0014 0.0228
230 0.0439 0.1060 0.3586 0.4001 0.0228 0.0685
231 0.0437 0.0480 0.0791 0.7622 0.0303 0.0365
232 0.1702 0.0940 0.2456 0.2896 0.1549 0.0458
233 0.1686 0.0809 0.3486 0.2452 0.0881 0.0687
234 0.1665 0.0971 0.3086 0.2223 0.1434 0.0622
235 0.1798 0.1526 0.3306 0.2496 0.0441 0.0434
236 0.3596 0.1030 0.1014 0.1925 0.1621 0.0815
237 0.5815 0.1145 0.0673 0.0673 0.1448 0.0244
238 0.5176 0.0988 0.0618 0.1019 0.1554 0.0648
239 0.3416 0.0978 0.0877 0.2072 0.1515 0.1144
240 0.1113 0.1570 0.1364 0.1301 0.0183 0.4470
