time exciting_prob fearful_prob tense_prob sad_prob relaxing_prob neutral_prob
0 0.1136 0.1553 0.1349 0.1288 0.0181 0.4492
1 0.2299 0.1383 0.0674 0.1005 0.2625 0.2013
2 0.0665 0.3591 0.1620 0.1429 0.0801 0.1893
3 0.0679 0.2644 0.3970 0.1904 0.0366 0.0438
4 0.4971 0.0710 0.2480 0.0756 0.0622 0.0459
5 0.0448 0.4348 0.2086 0.2477 0.0598 0.0044
6 0.0857 0.4250 0.2922 0.0652 0.1002 0.0318
7 0.0800 0.2925 0.0838 0.1979 0.1318 0.2140
8 0.0429 0.0697 0.0560 0.4138 0.0578 0.3596
9 0.0523 0.1742 0.0947 0.4177 0.1024 0.1586
10 0.1260 0.2161 0.0281 0.1373 0.1877 0.3047
11 0.1604 0.1350 0.0336 0.1846 0.2092 0.2771
12 0.1158 0.1534 0.0295 0.1292 0.1954 0.3767
13 0.0385 0.0866 0.1342 0.6206 0.0190 0.1013
14 0.0388 0.0910 0.1897 0.3894 0.0236 0.2676
15 0.1021 0.1311 0.0821 0.2063 0.0959 0.3823
16 0.2069 0.2656 0.1134 0.0401 0.1143 0.2595
17 0.0582 0.2394 0.2047 0.1301 0.0696 0.2979
18 0.1087 0.3220 0.3481 0.1184 0.0299 0.0729
19 0.0476 0.1345 0.2476 0.3657 0.1169 0.0876
20 0.0642 0.2206 0.0775 0.2155 0.0781 0.3442
21 0.0830 0.1758 0.2991 0.3284 0.0240 0.0898
22 0.1051 0.4639 0.1426 0.1011 0.0393 0.1482
23 0.0443 0.2468 0.3765 0.2015 0.0429 0.0880
24 0.0404 0.0560 0.0124 0.4917 0.0397 0.3599
25 0.1608 0.1534 0.0255 0.1766 0.1038 0.3799
26 0.0598 0.1469 0.1390 0.2830 0.0354 0.3359
27 0.1310 0.2126 0.2062 0.2029 0.1395 0.1078
28 0.0978 0.2220 0.1716 0.0948 0.0360 0.3777
29 0.1388 0.3330 0.1294 0.0561 0.0666 0.2761
30 0.1241 0.2247 0.1953 0.0501 0.0522 0.3535
31 0.0806 0.1653 0.0812 0.0927 0.0549 0.5254
32 0.1542 0.3262 0.1201 0.0942 0.0493 0.2561
33 0.0701 0.1372 0.1320 0.3848 0.1289 0.1472
34 0.1209 0.3528 0.2368 0.0851 0.0717 0.1328
35 0.0687 0.1525 0.0579 0.4343 0.1245 0.1622
36 0.0311 0.2090 0.6436 0.0845 0.0141 0.0176
37 0.0321 0.1157 0.0659 0.4946 0.0353 0.2566
38 0.1260 0.1061 0.2109 0.3215 0.0550 0.1804
39 0.1830 0.1278 0.1747 0.2664 0.1163 0.1318
40 0.1174 0.1439 0.1847 0.3972 0.0482 0.1086
41 0.0497 0.4224 0.2859 0.1846 0.0189 0.0387
42 0.0377 0.2615 0.2964 0.3306 0.0097 0.0641
43 0.0231 0.5996 0.2275 0.1010 0.0043 0.0448
44 0.0594 0.4824 0.1919 0.2278 0.0047 0.0339
45 0.0502 0.0983 0.1725 0.1924 0.0031 0.4836
46 0.1353 0.2078 0.1130 0.0966 0.0075 0.4399
47 0.0785 0.2168 0.1561 0.2344 0.0084 0.3057
48 0.0710 0.3364 0.3064 0.2423 0.0077 0.0363
49 0.0853 0.5269 0.3193 0.0432 0.0083 0.0171
50 0.0968 0.5356 0.1956 0.1334 0.0051 0.0332
51 0.0470 0.5420 0.1932 0.1528 0.0043 0.0608
52 0.0706 0.6343 0.1669 0.0712 0.0090 0.0478
53 0.0569 0.4724 0.3247 0.1272 0.0059 0.0128
54 0.0551 0.2432 0.2321 0.3323 0.0645 0.0730
55 0.0795 0.3538 0.4541 0.0894 0.0073 0.0160
56 0.1392 0.1516 0.5132 0.1577 0.0108 0.0276
57 0.1549 0.2456 0.4177 0.1345 0.0118 0.0354
58 0.1791 0.2159 0.5430 0.0242 0.0189 0.0190
59 0.1340 0.4607 0.2211 0.1776 0.0023 0.0041
60 0.0682 0.3408 0.4883 0.0947 0.0022 0.0059
61 0.1810 0.2759 0.3657 0.1313 0.0040 0.0420
62 0.1298 0.1338 0.5815 0.1190 0.0126 0.0234
63 0.0493 0.0529 0.5771 0.2949 0.0028 0.0229
64 0.0681 0.0601 0.0258 0.3511 0.0370 0.4580
65 0.1125 0.1326 0.0267 0.2069 0.0621 0.4592
66 0.1046 0.1968 0.0624 0.1271 0.0691 0.4402
67 0.0703 0.1882 0.4958 0.1661 0.0239 0.0556
68 0.2036 0.3057 0.0883 0.1663 0.1400 0.0962
69 0.1120 0.3118 0.1735 0.2466 0.0212 0.1351
70 0.1288 0.3091 0.0717 0.0525 0.3188 0.1191
71 0.1099 0.1099 0.0188 0.3035 0.1346 0.3230
72 0.0460 0.3345 0.2335 0.3506 0.0075 0.0279
73 0.0304 0.1667 0.2141 0.2316 0.0456 0.3115
74 0.0639 0.1724 0.0801 0.1737 0.0188 0.4910
75 0.1395 0.4165 0.0707 0.0464 0.0270 0.3000
76 0.1570 0.3123 0.2754 0.1353 0.0605 0.0596
77 0.0700 0.1641 0.0496 0.5547 0.0201 0.1414
78 0.1196 0.4446 0.2455 0.0803 0.0322 0.0778
79 0.1399 0.3655 0.0465 0.0946 0.1334 0.2200
80 0.0870 0.6187 0.1092 0.0657 0.0289 0.0905
81 0.0343 0.5796 0.0479 0.1488 0.0271 0.1622
82 0.0929 0.3145 0.0735 0.1104 0.0795 0.3293
83 0.1882 0.3303 0.0816 0.1089 0.1714 0.1196
84 0.2686 0.2949 0.0658 0.0958 0.1890 0.0859
85 0.2654 0.2573 0.0483 0.0743 0.2379 0.1169
86 0.0795 0.0546 0.0136 0.3911 0.1104 0.3506
87 0.2123 0.3555 0.1076 0.2090 0.0679 0.0477
88 0.1655 0.6294 0.0684 0.1004 0.0290 0.0073
89 0.1259 0.2314 0.1259 0.1667 0.0187 0.3315
90 0.1600 0.4351 0.1786 0.1287 0.0140 0.0837
91 0.1787 0.4492 0.1172 0.1172 0.0336 0.1042
92 0.2397 0.4341 0.1700 0.0671 0.0117 0.0772
93 0.2042 0.3640 0.1298 0.0957 0.0202 0.1859
94 0.2351 0.2971 0.1494 0.1775 0.0130 0.1278
95 0.1461 0.4866 0.1531 0.0943 0.0147 0.1052
96 0.1259 0.1219 0.1979 0.4060 0.0057 0.1426
97 0.3044 0.2605 0.0758 0.1876 0.0254 0.1461
98 0.0751 0.1339 0.1591 0.2463 0.0214 0.3640
99 0.1178 0.3408 0.2573 0.1356 0.0289 0.1196
100 0.1544 0.2886 0.2111 0.1892 0.0182 0.1384
101 0.0903 0.1313 0.0265 0.2034 0.2571 0.2913
102 0.1187 0.1636 0.0330 0.0487 0.5322 0.1039
103 0.0898 0.1692 0.0227 0.1010 0.2703 0.3472
104 0.0833 0.3369 0.0659 0.0336 0.2299 0.2505
105 0.0853 0.3762 0.0908 0.1891 0.0696 0.1891
106 0.1002 0.1704 0.0156 0.1327 0.2258 0.3552
107 0.0719 0.1047 0.0200 0.1071 0.2452 0.4512
108 0.0887 0.4197 0.0859 0.0654 0.1952 0.1450
109 0.0704 0.1586 0.3464 0.3203 0.0410 0.0631
110 0.0569 0.2610 0.0182 0.4236 0.0153 0.2250
111 0.0969 0.2871 0.0300 0.2399 0.0359 0.3103
112 0.1759 0.2190 0.0567 0.1666 0.1414 0.2405
113 0.1938 0.2979 0.2231 0.0895 0.1054 0.0901
114 0.1636 0.2761 0.2380 0.0621 0.1346 0.1255
115 0.1499 0.1333 0.3623 0.1214 0.2114 0.0216
116 0.1750 0.3455 0.1835 0.2195 0.0373 0.0394
117 0.3008 0.3276 0.2612 0.0882 0.0099 0.0122
118 0.4756 0.2264 0.0573 0.1644 0.0326 0.0435
119 0.1011 0.1859 0.6001 0.0763 0.0122 0.0244
120 0.1494 0.0858 0.5552 0.1517 0.0073 0.0504
121 0.2517 0.1368 0.1188 0.2556 0.1826 0.0544
122 0.2214 0.1038 0.2180 0.1063 0.3325 0.0180
123 0.4478 0.2491 0.1355 0.0596 0.0834 0.0247
124 0.1186 0.1499 0.2322 0.4617 0.0334 0.0043
125 0.1003 0.2563 0.3848 0.2334 0.0224 0.0028
126 0.1117 0.1390 0.2054 0.4348 0.0580 0.0511
127 0.0650 0.1105 0.2377 0.4512 0.0573 0.0784
128 0.2744 0.2722 0.3159 0.1276 0.0074 0.0025
129 0.4270 0.0945 0.2957 0.1547 0.0076 0.0206
130 0.3518 0.3630 0.1974 0.0557 0.0243 0.0080
131 0.4451 0.1490 0.3633 0.0374 0.0041 0.0011
132 0.2805 0.2656 0.2151 0.1016 0.0955 0.0417
133 0.0923 0.4614 0.2450 0.0789 0.0840 0.0385
134 0.1366 0.4880 0.1866 0.1334 0.0385 0.0167
135 0.2046 0.6016 0.0866 0.0299 0.0400 0.0375
136 0.1167 0.1252 0.1698 0.1213 0.0334 0.4336
137 0.1096 0.3945 0.0281 0.2394 0.1644 0.0639
138 0.0825 0.1404 0.2465 0.3699 0.0181 0.1426
139 0.0858 0.2771 0.2426 0.1604 0.0594 0.1747
140 0.0762 0.1899 0.1401 0.2401 0.0253 0.3284
141 0.0746 0.2905 0.1630 0.2605 0.0364 0.1749
142 0.1775 0.2793 0.2244 0.0663 0.0858 0.1667
143 0.1600 0.4150 0.1306 0.1033 0.1161 0.0750
144 0.1008 0.4346 0.1854 0.1099 0.0487 0.1207
145 0.0330 0.0575 0.1235 0.5122 0.0203 0.2534
146 0.0907 0.2524 0.1642 0.1790 0.0432 0.2708
147 0.0201 0.1365 0.2471 0.2471 0.0011 0.3484
148 0.1097 0.1132 0.0253 0.1047 0.0494 0.5977
149 0.0493 0.0237 0.1095 0.7368 0.0144 0.0664
150 0.0292 0.3967 0.2859 0.2522 0.0220 0.0139
151 0.0376 0.2529 0.0446 0.6362 0.0188 0.0100
152 0.0138 0.0544 0.1991 0.6841 0.0050 0.0437
153 0.0173 0.2607 0.4365 0.2527 0.0040 0.0288
154 0.0116 0.0374 0.0495 0.8643 0.0035 0.0335
155 0.0083 0.2146 0.6016 0.1451 0.0007 0.0295
156 0.0114 0.3093 0.3850 0.2817 0.0025 0.0099
157 0.0309 0.2629 0.2358 0.3596 0.0426 0.0681
158 0.0677 0.5078 0.1274 0.2437 0.0184 0.0351
159 0.0964 0.1772 0.4421 0.1705 0.0217 0.0920
160 0.1373 0.3398 0.3452 0.0718 0.0239 0.0820
161 0.1448 0.4424 0.0470 0.0363 0.2900 0.0396
162 0.1644 0.3481 0.0237 0.0952 0.1937 0.1750
163 0.1412 0.2366 0.0147 0.1447 0.1317 0.3311
164 0.2385 0.3259 0.3994 0.0233 0.0092 0.0035
165 0.0054 0.1493 0.0949 0.7012 0.0040 0.0452
166 0.0071 0.1764 0.6978 0.1121 0.0007 0.0058
167 0.0265 0.1526 0.6128 0.1575 0.0068 0.0437
168 0.0331 0.0446 0.6250 0.2126 0.0049 0.0795
169 0.0305 0.3772 0.4341 0.1432 0.0086 0.0064
170 0.1508 0.3911 0.2264 0.2195 0.0031 0.0091
171 0.0448 0.1538 0.2498 0.3206 0.0272 0.2039
172 0.0094 0.2739 0.5620 0.1514 0.0005 0.0026
173 0.0158 0.4775 0.1527 0.3494 0.0006 0.0038
174 0.0922 0.5562 0.0226 0.1520 0.0551 0.1221
175 0.0349 0.3965 0.2520 0.2480 0.0039 0.0647
176 0.1404 0.1102 0.0674 0.6392 0.0214 0.0217
177 0.1522 0.1079 0.1545 0.5522 0.0275 0.0055
178 0.0199 0.0529 0.1086 0.8027 0.0075 0.0082
179 0.1536 0.3516 0.2915 0.1648 0.0117 0.0269
180 0.0694 0.3960 0.2440 0.2479 0.0037 0.0389
181 0.0465 0.3896 0.3333 0.1478 0.0049 0.0779
182 0.2666 0.1036 0.3452 0.1833 0.0140 0.0873
183 0.3721 0.1469 0.3960 0.0549 0.0152 0.0149
184 0.4216 0.0792 0.2054 0.2517 0.0289 0.0131
185 0.4070 0.1384 0.2732 0.1486 0.0195 0.0132
186 0.7744 0.0362 0.0779 0.0856 0.0134 0.0124
187 0.8340 0.0264 0.0409 0.0832 0.0114 0.0041
188 0.1239 0.0776 0.0613 0.7021 0.0279 0.0073
189 0.0072 0.0696 0.0493 0.8345 0.0214 0.0180
190 0.0183 0.2622 0.3755 0.2107 0.1238 0.0095
191 0.0097 0.2277 0.1565 0.5811 0.0058 0.0191
192 0.0152 0.3274 0.2844 0.3430 0.0092 0.0209
193 0.0117 0.5156 0.1727 0.2759 0.0105 0.0136
194 0.0328 0.0920 0.5635 0.2313 0.0585 0.0219
195 0.1068 0.1615 0.3936 0.2463 0.0728 0.0188
196 0.1525 0.2272 0.4661 0.1367 0.0087 0.0087
197 0.0793 0.1705 0.1481 0.3962 0.1436 0.0622
198 0.0238 0.2272 0.5449 0.1663 0.0253 0.0125
199 0.0088 0.1086 0.1230 0.7422 0.0038 0.0136
200 0.0423 0.0789 0.0228 0.5229 0.0160 0.3171
201 0.1560 0.5078 0.0398 0.1388 0.0760 0.0816
202 0.1456 0.4182 0.0919 0.1152 0.0301 0.1991
203 0.2532 0.4958 0.0556 0.0407 0.0606 0.0939
204 0.2051 0.5840 0.0359 0.0660 0.0527 0.0561
205 0.1595 0.2018 0.0219 0.3486 0.0359 0.2322
206 0.1730 0.2876 0.0612 0.0627 0.3779 0.0377
207 0.2290 0.2986 0.0368 0.1637 0.0667 0.2053
208 0.1461 0.5303 0.1373 0.1129 0.0387 0.0345
209 0.1469 0.2222 0.1886 0.2274 0.0294 0.1857
210 0.0954 0.4243 0.0423 0.1410 0.0098 0.2871
211 0.0593 0.0389 0.0371 0.6890 0.0041 0.1715
212 0.1326 0.4312 0.0621 0.1898 0.1133 0.0709
213 0.0666 0.3953 0.0731 0.3542 0.0124 0.0984
214 0.1827 0.3037 0.0154 0.0744 0.2119 0.2119
215 0.0320 0.4626 0.4849 0.0162 0.0005 0.0038
216 0.1439 0.6353 0.1221 0.0302 0.0475 0.0212
217 0.1882 0.4958 0.0703 0.1151 0.0491 0.0815
218 0.0378 0.1615 0.0739 0.5215 0.0717 0.1339
219 0.2347 0.4219 0.1447 0.0824 0.0346 0.0818
220 0.1753 0.5571 0.0498 0.0983 0.0655 0.0539
221 0.0680 0.2079 0.0145 0.2283 0.0989 0.3823
222 0.0889 0.1926 0.0247 0.1536 0.3381 0.2019
223 0.3022 0.3193 0.1036 0.0795 0.0258 0.1696
224 0.0235 0.0429 0.0267 0.7153 0.0731 0.1186
225 0.0573 0.5107 0.0945 0.2302 0.0388 0.0686
226 0.1533 0.0747 0.0149 0.6763 0.0100 0.0707
227 0.0660 0.0720 0.0286 0.8042 0.0047 0.0245
228 0.1388 0.2654 0.1796 0.3955 0.0079 0.0128
229 0.0346 0.1528 0.0627 0.7466 0.0018 0.0013
230 0.0233 0.1260 0.1045 0.7422 0.0013 0.0024
231 0.2363 0.2517 0.0458 0.0891 0.1134 0.2637
232 0.2881 0.3018 0.0516 0.0825 0.0957 0.1803
233 0.1821 0.3428 0.0193 0.0777 0.2469 0.1311
234 0.0272 0.0234 0.0392 0.1108 0.0054 0.7939
235 0.1158 0.3125 0.1132 0.0611 0.0116 0.3860
236 0.1079 0.3298 0.0147 0.0267 0.3298 0.1909
237 0.1895 0.0931 0.3889 0.1323 0.0265 0.1699
238 0.0715 0.1378 0.2382 0.4451 0.0289 0.0786
239 0.2084 0.4177 0.0698 0.0977 0.1216 0.0848
240 0.3198 0.3379 0.1334 0.1080 0.0578 0.0430
241 0.4319 0.2479 0.0898 0.0667 0.1423 0.0213
242 0.4797 0.3025 0.1130 0.0329 0.0624 0.0094
243 0.3425 0.3398 0.1183 0.1174 0.0600 0.0219
244 0.3577 0.1664 0.3232 0.0641 0.0632 0.0253
245 0.3540 0.2590 0.0983 0.0938 0.1711 0.0237
246 0.1791 0.0788 0.0801 0.1967 0.0981 0.3674
247 0.1793 0.2080 0.0828 0.1158 0.1343 0.2798
248 0.0735 0.2410 0.0577 0.2211 0.0669 0.3398
249 0.1432 0.3127 0.1169 0.1957 0.0295 0.2019
250 0.1029 0.2112 0.0916 0.3428 0.0198 0.2319
251 0.2037 0.2273 0.0503 0.1198 0.0243 0.3748
252 0.1750 0.1833 0.0814 0.2627 0.0179 0.2795
253 0.1996 0.4324 0.0865 0.0409 0.1654 0.0751
254 0.2053 0.3989 0.3108 0.0320 0.0371 0.0160
