time exciting_prob fearful_prob tense_prob sad_prob relaxing_prob neutral_prob
0 0.1136 0.1553 0.1349 0.1288 0.0181 0.4492
1 0.0589 0.0668 0.3040 0.5420 0.0093 0.0191
2 0.1187 0.0983 0.6118 0.1647 0.0039 0.0024
3 0.0316 0.0959 0.7783 0.0887 0.0013 0.0044
4 0.0322 0.1897 0.7383 0.0343 0.0031 0.0023
5 0.0168 0.2585 0.5918 0.0685 0.0017 0.0624
6 0.1100 0.1050 0.6138 0.0912 0.0164 0.0637
7 0.0134 0.2952 0.5776 0.0529 0.0028 0.0581
8 0.0237 0.2588 0.6206 0.0551 0.0054 0.0361
9 0.0927 0.3086 0.4353 0.0956 0.0079 0.0598
10 0.1080 0.1063 0.4407 0.2250 0.0188 0.1014
11 0.0575 0.1057 0.6577 0.1514 0.0088 0.0190
12 0.0320 0.0780 0.7402 0.1190 0.0028 0.0278
13 0.0525 0.1628 0.6963 0.0581 0.0094 0.0207
14 0.0235 0.2228 0.7080 0.0270 0.0099 0.0090
15 0.0313 0.1427 0.7832 0.0256 0.0093 0.0078
16 0.0657 0.2021 0.6426 0.0523 0.0083 0.0289
17 0.0521 0.2407 0.5957 0.0375 0.0027 0.0712
18 0.0580 0.3494 0.4214 0.1152 0.0056 0.0504
19 0.0437 0.3777 0.4775 0.0503 0.0028 0.0480
20 0.0183 0.4951 0.3977 0.0783 0.0054 0.0052
21 0.0242 0.4866 0.1936 0.2817 0.0094 0.0046
22 0.0445 0.0844 0.5254 0.3088 0.0194 0.0174
23 0.0919 0.1009 0.3308 0.3928 0.0499 0.0338
24 0.0801 0.1342 0.3118 0.3022 0.1112 0.0605
25 0.0113 0.1776 0.7837 0.0179 0.0021 0.0076
26 0.0102 0.3086 0.5947 0.0511 0.0164 0.0191
27 0.0255 0.2925 0.6289 0.0311 0.0090 0.0133
28 0.0933 0.5801 0.2496 0.0338 0.0368 0.0062
29 0.0540 0.7109 0.1663 0.0282 0.0362 0.0046
30 0.0207 0.2443 0.6641 0.0481 0.0027 0.0201
31 0.0213 0.2683 0.4634 0.1732 0.0166 0.0571
32 0.0363 0.3901 0.5010 0.0386 0.0129 0.0210
33 0.1705 0.0722 0.3289 0.2812 0.1136 0.0336
34 0.0662 0.1565 0.4895 0.1947 0.0684 0.0247
35 0.1151 0.4622 0.2051 0.0924 0.0766 0.0487
36 0.1282 0.5928 0.1808 0.0518 0.0250 0.0216
37 0.0544 0.1812 0.5005 0.1812 0.0341 0.0488
38 0.0302 0.1175 0.4946 0.2820 0.0482 0.0275
39 0.0462 0.0683 0.7695 0.0652 0.0298 0.0210
40 0.1681 0.0285 0.2028 0.3848 0.1020 0.1138
41 0.1180 0.0508 0.3931 0.2347 0.1799 0.0236
42 0.0453 0.0555 0.8164 0.0307 0.0054 0.0468
43 0.0197 0.0842 0.7163 0.0897 0.0310 0.0588
44 0.0289 0.0947 0.4243 0.1714 0.2534 0.0275
45 0.0558 0.1059 0.5996 0.1858 0.0229 0.0299
46 0.0287 0.1371 0.6050 0.1085 0.0452 0.0757
47 0.0786 0.0864 0.6382 0.0652 0.0566 0.0750
48 0.0494 0.2284 0.5654 0.1282 0.0081 0.0208
49 0.0299 0.0837 0.6797 0.0567 0.1200 0.0299
50 0.0359 0.0917 0.7437 0.0388 0.0150 0.0748
51 0.1012 0.0951 0.6104 0.1260 0.0471 0.0202
52 0.0557 0.0704 0.4050 0.1514 0.2698 0.0476
53 0.0368 0.1002 0.5586 0.1504 0.1135 0.0405
54 0.0897 0.1676 0.3835 0.0662 0.0743 0.2186
55 0.0508 0.1716 0.5542 0.0933 0.0492 0.0811
56 0.0801 0.1863 0.2886 0.1644 0.1777 0.1029
57 0.0753 0.0801 0.6299 0.1384 0.0422 0.0339
58 0.0638 0.4573 0.3733 0.0412 0.0381 0.0262
59 0.0262 0.2446 0.6650 0.0087 0.0513 0.0043
60 0.0163 0.6294 0.2837 0.0344 0.0272 0.0093
61 0.0664 0.5186 0.2688 0.1086 0.0248 0.0129
62 0.0478 0.0878 0.3999 0.3164 0.0244 0.1238
63 0.1124 0.1768 0.5796 0.0961 0.0124 0.0228
64 0.1282 0.1262 0.3540 0.3174 0.0319 0.0423
65 0.1011 0.1459 0.3904 0.0858 0.1963 0.0806
66 0.0182 0.4841 0.4272 0.0450 0.0132 0.0120
67 0.0116 0.0922 0.8613 0.0277 0.0011 0.0058
68 0.0512 0.2028 0.5425 0.1137 0.0746 0.0153
69 0.0546 0.2124 0.6343 0.0757 0.0080 0.0150
70 0.0164 0.1853 0.7803 0.0115 0.0025 0.0040
71 0.0148 0.2649 0.6978 0.0165 0.0016 0.0045
72 0.1121 0.1036 0.3506 0.2566 0.0989 0.0782
73 0.1497 0.0826 0.2212 0.5142 0.0219 0.0101
74 0.0183 0.0512 0.8267 0.0431 0.0110 0.0497
75 0.0178 0.3740 0.2869 0.2781 0.0110 0.0322
76 0.1418 0.0530 0.5352 0.1683 0.0564 0.0453
77 0.0943 0.1289 0.6646 0.0599 0.0248 0.0274
78 0.0271 0.3005 0.5439 0.0681 0.0498 0.0104
79 0.0207 0.3662 0.4023 0.1576 0.0357 0.0174
80 0.0254 0.0873 0.6348 0.1876 0.0068 0.0581
81 0.0199 0.3208 0.6089 0.0371 0.0011 0.0122
82 0.0341 0.1678 0.6045 0.1678 0.0042 0.0213
83 0.0106 0.1193 0.8281 0.0364 0.0017 0.0040
84 0.0141 0.3235 0.6138 0.0408 0.0022 0.0056
85 0.0239 0.5225 0.3945 0.0439 0.0106 0.0047
86 0.0138 0.1959 0.5327 0.1991 0.0041 0.0544
87 0.0784 0.1115 0.5747 0.0917 0.1224 0.0211
88 0.0914 0.0900 0.6548 0.1438 0.0125 0.0075
89 0.0241 0.5200 0.4053 0.0434 0.0019 0.0052
90 0.0434 0.1799 0.3809 0.2966 0.0612 0.0377
91 0.0322 0.3652 0.5151 0.0284 0.0526 0.0063
92 0.0327 0.1766 0.7207 0.0522 0.0088 0.0089
93 0.0953 0.1409 0.6025 0.1366 0.0219 0.0029
94 0.1110 0.1110 0.1887 0.1110 0.4121 0.0662
95 0.1044 0.0921 0.2708 0.1642 0.3315 0.0372
96 0.0590 0.3191 0.5259 0.0497 0.0387 0.0073
97 0.0581 0.3911 0.3674 0.1682 0.0091 0.0061
98 0.3291 0.1578 0.3066 0.1904 0.0143 0.0017
99 0.0547 0.0180 0.0620 0.8291 0.0266 0.0097
100 0.3064 0.1692 0.2747 0.1602 0.0884 0.0011
101 0.3420 0.1816 0.3528 0.0550 0.0679 0.0006
102 0.0992 0.2272 0.4885 0.0977 0.0182 0.0693
103 0.0264 0.3369 0.5820 0.0283 0.0036 0.0226
104 0.1750 0.3481 0.1864 0.0654 0.1724 0.0526
105 0.1171 0.3608 0.3086 0.0756 0.0520 0.0857
106 0.0215 0.1769 0.7334 0.0307 0.0037 0.0338
107 0.0294 0.3616 0.3044 0.1997 0.0091 0.0958
108 0.0857 0.2153 0.3721 0.1190 0.0374 0.1704
109 0.0117 0.6689 0.2312 0.0524 0.0132 0.0225
110 0.0137 0.1404 0.7358 0.0663 0.0035 0.0402
111 0.0097 0.1777 0.7368 0.0624 0.0013 0.0119
112 0.2539 0.0864 0.0728 0.2922 0.0705 0.2241
113 0.0273 0.6309 0.2756 0.0605 0.0037 0.0017
114 0.0615 0.2512 0.4014 0.2322 0.0416 0.0122
115 0.0263 0.5083 0.3774 0.0656 0.0213 0.0012
116 0.0441 0.3931 0.4741 0.0492 0.0360 0.0035
117 0.0634 0.4465 0.3589 0.0866 0.0209 0.0237
118 0.0682 0.1942 0.5449 0.1056 0.0785 0.0087
119 0.1570 0.3123 0.2888 0.1453 0.0547 0.0419
120 0.2126 0.1351 0.2773 0.3242 0.0331 0.0177
121 0.1246 0.2021 0.4084 0.2477 0.0106 0.0064
122 0.0920 0.2705 0.4976 0.1318 0.0063 0.0019
123 0.2529 0.2822 0.2778 0.1725 0.0126 0.0017
124 0.0495 0.1812 0.4214 0.3083 0.0257 0.0140
125 0.0555 0.1311 0.7197 0.0242 0.0573 0.0124
126 0.0177 0.3843 0.5015 0.0793 0.0066 0.0107
127 0.0590 0.2563 0.3613 0.2815 0.0114 0.0304
128 0.0449 0.1774 0.6387 0.1093 0.0174 0.0122
129 0.0798 0.3574 0.3630 0.0810 0.0239 0.0947
130 0.0751 0.6689 0.1978 0.0549 0.0023 0.0008
131 0.1664 0.3083 0.3633 0.1492 0.0074 0.0053
132 0.0497 0.2903 0.3447 0.2769 0.0066 0.0320
133 0.0550 0.2971 0.4126 0.2174 0.0100 0.0079
134 0.0284 0.4241 0.3054 0.2306 0.0030 0.0086
135 0.1454 0.0731 0.5073 0.0665 0.1499 0.0578
136 0.0117 0.3538 0.3708 0.2510 0.0047 0.0082
137 0.0583 0.1355 0.7212 0.0592 0.0109 0.0149
138 0.0329 0.2111 0.3943 0.3269 0.0196 0.0152
139 0.1097 0.0968 0.5400 0.1866 0.0518 0.0151
140 0.0853 0.1013 0.4907 0.2391 0.0718 0.0119
141 0.0481 0.5254 0.3186 0.0831 0.0193 0.0056
142 0.0421 0.3066 0.5552 0.0751 0.0122 0.0088
143 0.2830 0.1074 0.5283 0.0636 0.0162 0.0014
144 0.0370 0.4795 0.4231 0.0530 0.0047 0.0026
145 0.0930 0.1176 0.6353 0.1251 0.0228 0.0063
146 0.0577 0.3074 0.4543 0.1407 0.0164 0.0235
147 0.2081 0.1595 0.4270 0.1252 0.0737 0.0062
148 0.0771 0.1311 0.6162 0.1213 0.0084 0.0461
149 0.0637 0.0956 0.5503 0.1931 0.0870 0.0105
150 0.0470 0.0865 0.3877 0.4258 0.0470 0.0059
151 0.0782 0.0679 0.3191 0.4570 0.0685 0.0091
152 0.1205 0.1866 0.3950 0.2216 0.0665 0.0098
153 0.0744 0.1871 0.3721 0.0444 0.3132 0.0087
154 0.0462 0.1009 0.4595 0.1217 0.2310 0.0408
155 0.0955 0.1677 0.3083 0.1527 0.2365 0.0392
156 0.1835 0.1261 0.4006 0.1384 0.1078 0.0436
157 0.0576 0.2927 0.4751 0.1077 0.0613 0.0057
158 0.0606 0.2844 0.4138 0.1453 0.0854 0.0104
159 0.0357 0.1626 0.1626 0.5088 0.1171 0.0135
160 0.1509 0.1439 0.4299 0.1908 0.0713 0.0133
161 0.0336 0.1804 0.4678 0.0415 0.2666 0.0100
162 0.1467 0.2202 0.2236 0.1854 0.0773 0.1467
163 0.1425 0.1093 0.1774 0.4897 0.0281 0.0533
164 0.2278 0.1360 0.2386 0.3064 0.0396 0.0516
165 0.0646 0.2478 0.3779 0.2291 0.0368 0.0437
166 0.0498 0.1333 0.6162 0.0547 0.1233 0.0224
167 0.0812 0.1667 0.4900 0.0935 0.1471 0.0214
168 0.0854 0.0938 0.1986 0.5229 0.0587 0.0403
169 0.0895 0.2671 0.4268 0.1385 0.0094 0.0686
170 0.0677 0.2118 0.3835 0.1016 0.2219 0.0136
171 0.1077 0.4395 0.3586 0.0285 0.0623 0.0032
172 0.0428 0.3643 0.4128 0.0966 0.0752 0.0083
173 0.1345 0.1809 0.4995 0.0828 0.0896 0.0126
174 0.0989 0.0591 0.4231 0.0873 0.1439 0.1877
175 0.1462 0.0989 0.4946 0.1937 0.0446 0.0217
176 0.2847 0.1031 0.4207 0.0720 0.1031 0.0163
177 0.0499 0.1422 0.6680 0.0773 0.0414 0.0215
178 0.1249 0.0782 0.7192 0.0390 0.0355 0.0032
179 0.1214 0.0760 0.5527 0.1442 0.0916 0.0143
180 0.1304 0.2019 0.5405 0.0626 0.0480 0.0168
181 0.0565 0.0903 0.7104 0.0661 0.0507 0.0259
182 0.2065 0.0530 0.3799 0.0961 0.2571 0.0074
183 0.0386 0.2363 0.6523 0.0458 0.0216 0.0053
184 0.1328 0.0580 0.1653 0.1307 0.4219 0.0912
185 0.1323 0.0305 0.0720 0.0543 0.6616 0.0494
186 0.2380 0.0414 0.0947 0.2068 0.3518 0.0671
187 0.0565 0.0631 0.4736 0.3926 0.0059 0.0082
188 0.1499 0.1476 0.4583 0.2377 0.0036 0.0031
189 0.1136 0.1553 0.1349 0.1288 0.0181 0.4492
