time exciting_prob fearful_prob tense_prob sad_prob relaxing_prob neutral_prob
0 0.1136 0.1553 0.1349 0.1288 0.0181 0.4492
1 0.0301 0.1481 0.7285 0.0786 0.0092 0.0055
2 0.0436 0.4014 0.4548 0.0766 0.0067 0.0168
3 0.0528 0.1746 0.7578 0.0098 0.0023 0.0025
4 0.1248 0.2522 0.5864 0.0256 0.0081 0.0031
5 0.0388 0.1055 0.6562 0.1880 0.0055 0.0062
6 0.2524 0.1761 0.2949 0.2484 0.0231 0.0050
7 0.3083 0.1770 0.2363 0.2401 0.0322 0.0061
8 0.2520 0.1247 0.2056 0.3608 0.0470 0.0100
9 0.0894 0.1157 0.6660 0.0742 0.0342 0.0206
10 0.2468 0.1877 0.4038 0.1521 0.0087 0.0008
11 0.1454 0.3005 0.4141 0.0924 0.0400 0.0076
12 0.1854 0.2515 0.4211 0.0955 0.0389 0.0075
13 0.1780 0.1376 0.6309 0.0472 0.0057 0.0005
14 0.2849 0.1624 0.4114 0.1065 0.0182 0.0166
15 0.1523 0.2217 0.5444 0.0498 0.0197 0.0121
16 0.1418 0.2820 0.3098 0.2249 0.0277 0.0137
17 0.1008 0.2803 0.4998 0.1039 0.0144 0.0007
18 0.1475 0.0629 0.4614 0.3223 0.0034 0.0025
19 0.1864 0.2196 0.0894 0.4797 0.0179 0.0070
20 0.2267 0.3855 0.1711 0.1765 0.0319 0.0083
21 0.0566 0.1041 0.7690 0.0621 0.0071 0.0011
22 0.1161 0.1514 0.5806 0.1444 0.0072 0.0005
23 0.1288 0.1119 0.6196 0.0825 0.0331 0.0242
24 0.0334 0.0361 0.2214 0.6509 0.0167 0.0416
25 0.0468 0.0610 0.1908 0.1606 0.0302 0.5107
26 0.1316 0.0750 0.1638 0.0919 0.0484 0.4893
27 0.0743 0.0398 0.1032 0.1729 0.0519 0.5581
28 0.0323 0.0493 0.1165 0.3118 0.4465 0.0435
29 0.0403 0.0295 0.3376 0.3708 0.0232 0.1985
30 0.0263 0.2273 0.5894 0.1255 0.0025 0.0289
31 0.0443 0.0714 0.3176 0.4478 0.1039 0.0149
32 0.0273 0.0479 0.1877 0.0860 0.6353 0.0159
33 0.0868 0.0625 0.5747 0.1910 0.0731 0.0117
34 0.1608 0.1014 0.5356 0.0874 0.0874 0.0275
35 0.0757 0.0928 0.4639 0.2191 0.0793 0.0690
36 0.1005 0.0952 0.5654 0.1462 0.0577 0.0350
37 0.0917 0.1294 0.4377 0.3303 0.0056 0.0051
38 0.2688 0.1405 0.2930 0.2839 0.0037 0.0102
39 0.1250 0.0555 0.0833 0.6250 0.0629 0.0482
40 0.1133 0.1549 0.1367 0.1284 0.0181 0.4485
41 0.1066 0.2440 0.2440 0.3552 0.0188 0.0313
42 0.1047 0.4077 0.3770 0.0991 0.0072 0.0045
43 0.1627 0.2993 0.4355 0.0781 0.0057 0.0186
44 0.1001 0.1677 0.6040 0.0986 0.0031 0.0267
45 0.0550 0.1310 0.7188 0.0845 0.0054 0.0052
46 0.0674 0.1342 0.7720 0.0177 0.0041 0.0047
47 0.0165 0.1405 0.8345 0.0056 0.0007 0.0024
48 0.1337 0.1025 0.6841 0.0448 0.0154 0.0196
49 0.1077 0.1890 0.6914 0.0058 0.0038 0.0023
50 0.2319 0.0309 0.2932 0.2079 0.0114 0.2247
51 0.1458 0.2366 0.2275 0.3013 0.0511 0.0377
52 0.0143 0.0732 0.8643 0.0392 0.0011 0.0080
53 0.1537 0.0280 0.1854 0.4243 0.0144 0.1942
54 0.1732 0.1248 0.3813 0.2462 0.0387 0.0357
55 0.0948 0.1208 0.6636 0.0970 0.0057 0.0182
56 0.2954 0.0873 0.4265 0.0867 0.0167 0.0873
57 0.0503 0.0317 0.7983 0.1115 0.0018 0.0061
58 0.0243 0.0836 0.8574 0.0238 0.0029 0.0081
59 0.2224 0.1067 0.5015 0.0913 0.0156 0.0627
60 0.0761 0.1444 0.4736 0.2830 0.0067 0.0162
61 0.1353 0.0901 0.5649 0.0840 0.0198 0.1061
62 0.1111 0.0344 0.2749 0.4827 0.0567 0.0402
63 0.1606 0.2264 0.2030 0.3455 0.0248 0.0397
64 0.0756 0.4419 0.4023 0.0151 0.0444 0.0208
65 0.3213 0.1173 0.4568 0.0623 0.0336 0.0088
66 0.2275 0.1626 0.5166 0.0346 0.0386 0.0197
67 0.0732 0.2783 0.5361 0.0557 0.0440 0.0125
68 0.1942 0.3984 0.2654 0.0784 0.0410 0.0225
69 0.0675 0.0200 0.0730 0.6924 0.0086 0.1385
70 0.0836 0.2070 0.3359 0.3108 0.0135 0.0492
71 0.1879 0.0482 0.4578 0.1533 0.0490 0.1038
72 0.2900 0.0844 0.5464 0.0700 0.0063 0.0029
73 0.1841 0.1143 0.6841 0.0086 0.0058 0.0031
74 0.3518 0.1649 0.2593 0.1356 0.0322 0.0561
75 0.4111 0.1727 0.1973 0.1610 0.0154 0.0423
76 0.3140 0.0752 0.3970 0.1129 0.0914 0.0095
77 0.0903 0.0574 0.3625 0.3201 0.0592 0.1106
78 0.3225 0.1293 0.1768 0.2435 0.0410 0.0868
79 0.2417 0.0483 0.2739 0.3630 0.0174 0.0557
80 0.3477 0.0482 0.1260 0.2815 0.0075 0.1891
81 0.1079 0.0543 0.3540 0.3376 0.0032 0.1429
82 0.4150 0.0744 0.3440 0.0566 0.0955 0.0144
83 0.3174 0.0888 0.5483 0.0291 0.0077 0.0088
84 0.0490 0.2776 0.3401 0.2488 0.0288 0.0559
85 0.1666 0.1448 0.5728 0.1060 0.0056 0.0044
86 0.1815 0.2349 0.4819 0.0352 0.0647 0.0019
87 0.1796 0.1782 0.5889 0.0354 0.0056 0.0122
88 0.4180 0.1074 0.2874 0.1099 0.0682 0.0091
89 0.0973 0.1351 0.5601 0.0832 0.0807 0.0439
90 0.1918 0.1528 0.4058 0.1732 0.0637 0.0126
91 0.1899 0.1716 0.2346 0.2786 0.1246 0.0006
92 0.3896 0.0804 0.3958 0.0651 0.0492 0.0199
93 0.0588 0.0499 0.3152 0.1942 0.0410 0.3408
94 0.1709 0.1544 0.3320 0.2300 0.0490 0.0638
95 0.1157 0.1439 0.4792 0.1764 0.0581 0.0266
96 0.1602 0.1100 0.1181 0.5859 0.0233 0.0027
97 0.1064 0.1525 0.4016 0.0076 0.3279 0.0041
98 0.2404 0.1414 0.4492 0.0346 0.0508 0.0837
99 0.1475 0.3350 0.2957 0.0295 0.1851 0.0073
100 0.1175 0.0859 0.5693 0.0160 0.2062 0.0049
101 0.0984 0.1141 0.5796 0.0261 0.1754 0.0063
102 0.1473 0.4197 0.2029 0.1982 0.0192 0.0129
103 0.1306 0.1296 0.5498 0.1447 0.0285 0.0166
104 0.2303 0.0426 0.3123 0.2303 0.0198 0.1646
105 0.2024 0.3135 0.3389 0.0234 0.1066 0.0154
106 0.2118 0.2219 0.3716 0.0661 0.0932 0.0354
107 0.0685 0.1617 0.4004 0.3269 0.0217 0.0207
108 0.2744 0.2620 0.2832 0.1100 0.0428 0.0276
109 0.2700 0.0780 0.4814 0.1091 0.0037 0.0575
110 0.1923 0.3120 0.4167 0.0639 0.0041 0.0110
111 0.1770 0.1255 0.4927 0.1885 0.0141 0.0023
112 0.0380 0.0756 0.4927 0.1990 0.1575 0.0374
113 0.2979 0.0201 0.1407 0.3376 0.0171 0.1864
114 0.2325 0.1869 0.4050 0.0507 0.1040 0.0210
115 0.2815 0.1578 0.3315 0.1667 0.0206 0.0418
116 0.2047 0.1158 0.5972 0.0324 0.0258 0.0241
117 0.0579 0.2942 0.5083 0.0911 0.0139 0.0349
118 0.3105 0.2917 0.1284 0.2438 0.0185 0.0068
119 0.3450 0.1102 0.2686 0.2175 0.0294 0.0294
120 0.1992 0.2832 0.2922 0.1744 0.0349 0.0161
121 0.1136 0.2057 0.4563 0.1993 0.0227 0.0025
122 0.0737 0.1797 0.3462 0.0061 0.3923 0.0018
123 0.0842 0.1586 0.2573 0.0083 0.4885 0.0031
124 0.1035 0.3503 0.3394 0.0125 0.1904 0.0039
125 0.1571 0.2800 0.5400 0.0082 0.0094 0.0053
126 0.0946 0.1177 0.2305 0.5034 0.0135 0.0404
127 0.2668 0.0887 0.4067 0.1892 0.0326 0.0159
128 0.1655 0.0951 0.2563 0.3533 0.0131 0.1165
129 0.1320 0.0486 0.2974 0.4678 0.0252 0.0290
130 0.1365 0.2715 0.4546 0.0670 0.0340 0.0364
131 0.1351 0.1877 0.2976 0.3506 0.0246 0.0043
132 0.1864 0.0416 0.3374 0.2588 0.1046 0.0713
133 0.0709 0.2573 0.5625 0.0693 0.0300 0.0101
134 0.0758 0.1951 0.6494 0.0309 0.0226 0.0262
135 0.1245 0.0993 0.2556 0.5083 0.0054 0.0071
136 0.2568 0.0439 0.3511 0.3247 0.0114 0.0118
137 0.2056 0.1317 0.3110 0.2661 0.0142 0.0716
138 0.1396 0.1204 0.2395 0.3857 0.0100 0.1046
139 0.1365 0.1150 0.5571 0.0895 0.0436 0.0583
140 0.1357 0.0424 0.2478 0.4890 0.0213 0.0637
141 0.4509 0.1571 0.2693 0.0596 0.0391 0.0241
142 0.1328 0.1653 0.3552 0.3235 0.0140 0.0091
143 0.1078 0.3098 0.3003 0.1685 0.0747 0.0391
144 0.2854 0.1992 0.2422 0.1931 0.0647 0.0155
145 0.2534 0.4243 0.1089 0.1610 0.0322 0.0202
146 0.0735 0.4363 0.4573 0.0176 0.0137 0.0018
147 0.1180 0.3838 0.4021 0.0441 0.0492 0.0028
148 0.3403 0.1006 0.2590 0.1583 0.0564 0.0854
149 0.1236 0.5122 0.2537 0.0986 0.0036 0.0081
150 0.2812 0.1844 0.2747 0.2140 0.0207 0.0248
151 0.2056 0.0431 0.1731 0.5503 0.0222 0.0061
152 0.1459 0.1692 0.5547 0.1190 0.0063 0.0051
153 0.1099 0.0677 0.5757 0.1197 0.0646 0.0626
154 0.1010 0.1664 0.4668 0.2103 0.0349 0.0207
155 0.0742 0.0828 0.4836 0.2250 0.0148 0.1195
156 0.1384 0.2212 0.1532 0.4038 0.0422 0.0412
157 0.1746 0.1392 0.3472 0.3064 0.0102 0.0227
158 0.5215 0.2059 0.1438 0.0375 0.0387 0.0525
159 0.2524 0.0435 0.1086 0.3909 0.0110 0.1935
160 0.1276 0.1199 0.4778 0.2520 0.0054 0.0174
161 0.4602 0.0950 0.2244 0.0712 0.1278 0.0214
162 0.2162 0.0538 0.3621 0.1139 0.0091 0.2450
163 0.1663 0.0362 0.3384 0.2457 0.0049 0.2085
164 0.1642 0.0740 0.2192 0.0980 0.0155 0.4292
165 0.2993 0.0393 0.5420 0.0673 0.0134 0.0387
166 0.1925 0.1659 0.3567 0.2114 0.0147 0.0587
167 0.1790 0.0609 0.3560 0.2125 0.0409 0.1508
168 0.3262 0.0695 0.3340 0.1470 0.0143 0.1093
169 0.1086 0.1174 0.2605 0.1331 0.0297 0.3506
170 0.1036 0.0599 0.2059 0.5020 0.0456 0.0832
171 0.2903 0.2903 0.2749 0.0706 0.0406 0.0331
172 0.1512 0.1115 0.6729 0.0291 0.0115 0.0239
173 0.2061 0.3093 0.2428 0.1721 0.0581 0.0117
174 0.2983 0.1674 0.4622 0.0401 0.0239 0.0079
175 0.1833 0.4099 0.3047 0.0137 0.0789 0.0094
176 0.1687 0.2067 0.4731 0.0977 0.0483 0.0054
177 0.0850 0.5376 0.2639 0.0306 0.0466 0.0363
178 0.2117 0.0977 0.2937 0.2937 0.0221 0.0809
179 0.1957 0.0961 0.1560 0.1000 0.0076 0.4446
180 0.1849 0.1005 0.1849 0.3508 0.0735 0.1053
181 0.1079 0.0327 0.3196 0.5190 0.0190 0.0018
182 0.3264 0.0658 0.4060 0.0728 0.0793 0.0497
183 0.3167 0.0128 0.1936 0.2605 0.0153 0.2013
184 0.2465 0.0220 0.0746 0.3877 0.0845 0.1846
185 0.4031 0.1155 0.3816 0.0554 0.0178 0.0268
186 0.2039 0.2023 0.2458 0.1743 0.0245 0.1492
187 0.5044 0.1218 0.3284 0.0071 0.0360 0.0021
188 0.1857 0.0280 0.1827 0.3750 0.0594 0.1691
189 0.4189 0.3018 0.1459 0.0871 0.0387 0.0077
190 0.2542 0.1172 0.3289 0.2444 0.0222 0.0333
191 0.1742 0.0773 0.1663 0.4414 0.0386 0.1024
192 0.2754 0.0436 0.4402 0.0853 0.0235 0.1321
193 0.1166 0.1497 0.3882 0.1644 0.0143 0.1670
194 0.2433 0.1522 0.3123 0.0630 0.0243 0.2048
195 0.1232 0.1311 0.6016 0.1194 0.0180 0.0067
196 0.1724 0.2886 0.4758 0.0157 0.0167 0.0307
197 0.1578 0.0845 0.2561 0.4094 0.0222 0.0700
198 0.1035 0.2791 0.5381 0.0172 0.0478 0.0143
199 0.2006 0.0282 0.1188 0.4414 0.0074 0.2036
200 0.1915 0.3870 0.3635 0.0458 0.0121 0.0001
201 0.0459 0.1615 0.6904 0.0949 0.0041 0.0031
202 0.0857 0.0598 0.2854 0.5010 0.0102 0.0580
203 0.1136 0.1553 0.1349 0.1288 0.0181 0.4492
