time exciting_prob fearful_prob tense_prob sad_prob relaxing_prob neutral_prob
0 0.1136 0.1553 0.1349 0.1288 0.0181 0.4492
1 0.0719 0.0129 0.0867 0.6929 0.0076 0.1282
2 0.0909 0.0895 0.2147 0.5229 0.0183 0.0635
3 0.0826 0.0339 0.0866 0.6812 0.0061 0.1095
4 0.1622 0.1868 0.1754 0.3772 0.0094 0.0889
5 0.2306 0.1809 0.1523 0.2654 0.0953 0.0754
6 0.2720 0.1898 0.1207 0.2805 0.0709 0.0661
7 0.2722 0.1246 0.1171 0.3132 0.0857 0.0870
8 0.3254 0.0836 0.0947 0.3689 0.0368 0.0904
9 0.4194 0.1012 0.0623 0.2708 0.0344 0.1120
10 0.5977 0.1740 0.0778 0.1105 0.0282 0.0120
11 0.3594 0.1698 0.1475 0.2214 0.0153 0.0867
12 0.3586 0.2297 0.1077 0.2075 0.0690 0.0274
13 0.2847 0.2983 0.0939 0.2435 0.0579 0.0215
14 0.3145 0.3323 0.0916 0.1475 0.0922 0.0221
15 0.0818 0.0474 0.1154 0.7183 0.0205 0.0168
16 0.1033 0.0336 0.2347 0.6089 0.0097 0.0098
17 0.6558 0.1533 0.0945 0.0391 0.0498 0.0078
18 0.6138 0.1787 0.0964 0.0558 0.0378 0.0175
19 0.0611 0.0234 0.1024 0.7803 0.0153 0.0175
20 0.1642 0.1708 0.2751 0.3760 0.0081 0.0059
21 0.0901 0.0513 0.3455 0.4231 0.0093 0.0807
22 0.3342 0.0537 0.1165 0.3191 0.1681 0.0084
23 0.3022 0.1202 0.1103 0.2466 0.2076 0.0132
24 0.3906 0.2296 0.1060 0.1019 0.1437 0.0283
25 0.2052 0.0380 0.3601 0.3716 0.0171 0.0083
26 0.1832 0.0226 0.2751 0.4980 0.0069 0.0142
27 0.2651 0.0475 0.4238 0.2452 0.0125 0.0057
28 0.3726 0.1678 0.0678 0.3088 0.0567 0.0264
29 0.2615 0.1255 0.0671 0.4587 0.0340 0.0531
30 0.4226 0.1667 0.1094 0.2563 0.0281 0.0170
31 0.2542 0.3501 0.1591 0.2091 0.0176 0.0101
32 0.1138 0.2546 0.1428 0.4263 0.0268 0.0356
33 0.1077 0.0723 0.0493 0.7134 0.0202 0.0372
34 0.4746 0.1802 0.0673 0.1459 0.0545 0.0775
35 0.4778 0.1677 0.0405 0.1412 0.1050 0.0677
36 0.6318 0.0889 0.0300 0.1715 0.0310 0.0465
37 0.5034 0.1896 0.0601 0.1344 0.0309 0.0815
38 0.5420 0.1747 0.0567 0.1494 0.0347 0.0424
39 0.3396 0.2059 0.1920 0.1361 0.0604 0.0659
40 0.3101 0.3005 0.0784 0.1941 0.0848 0.0319
41 0.3445 0.2040 0.1447 0.2089 0.0378 0.0603
42 0.0681 0.4409 0.2717 0.1345 0.0650 0.0198
43 0.0809 0.2866 0.3799 0.1088 0.0731 0.0708
44 0.1058 0.0891 0.0850 0.6089 0.0683 0.0431
45 0.1263 0.2915 0.3357 0.1882 0.0198 0.0382
46 0.2275 0.1626 0.1327 0.0575 0.4026 0.0170
47 0.2524 0.1193 0.1655 0.1804 0.2625 0.0199
48 0.0868 0.0828 0.1956 0.5571 0.0298 0.0479
49 0.1342 0.0776 0.1147 0.5918 0.0559 0.0256
50 0.2328 0.2239 0.0798 0.3662 0.0762 0.0210
51 0.0842 0.0444 0.2289 0.5752 0.0465 0.0208
52 0.0914 0.0826 0.3533 0.4065 0.0525 0.0137
53 0.0908 0.0759 0.2111 0.5562 0.0509 0.0154
54 0.0901 0.2510 0.5522 0.0854 0.0080 0.0133
55 0.0490 0.2266 0.4578 0.2129 0.0070 0.0468
56 0.2812 0.1654 0.3088 0.1542 0.0572 0.0331
57 0.1580 0.3477 0.3586 0.1077 0.0226 0.0054
58 0.3989 0.3013 0.1188 0.1049 0.0421 0.0341
59 0.1866 0.2034 0.3860 0.1674 0.0228 0.0337
60 0.2086 0.1017 0.4282 0.1841 0.0330 0.0444
61 0.1420 0.1956 0.3711 0.2148 0.0079 0.0687
62 0.3938 0.1642 0.1603 0.2141 0.0405 0.0272
63 0.0573 0.0293 0.2959 0.5791 0.0170 0.0213
64 0.0787 0.0264 0.2278 0.6387 0.0121 0.0161
65 0.2491 0.2715 0.2983 0.1293 0.0417 0.0101
66 0.1971 0.1124 0.2341 0.3984 0.0376 0.0203
67 0.1815 0.1653 0.3135 0.3015 0.0253 0.0128
68 0.1366 0.2715 0.2673 0.2590 0.0569 0.0084
69 0.5679 0.1493 0.0477 0.1774 0.0554 0.0023
70 0.4756 0.3022 0.0814 0.0801 0.0439 0.0167
71 0.1875 0.0396 0.3848 0.1483 0.0845 0.1554
72 0.4785 0.3999 0.0567 0.0390 0.0217 0.0042
73 0.2546 0.1805 0.1921 0.1982 0.1619 0.0126
74 0.5718 0.0941 0.1180 0.1481 0.0477 0.0203
75 0.4648 0.2886 0.1697 0.0388 0.0342 0.0039
76 0.2563 0.3674 0.2428 0.0493 0.0801 0.0040
77 0.1599 0.4148 0.3467 0.0480 0.0257 0.0050
78 0.2239 0.2578 0.4595 0.0285 0.0280 0.0025
79 0.1774 0.3313 0.2947 0.1370 0.0477 0.0121
80 0.4268 0.1969 0.1864 0.1251 0.0486 0.0163
81 0.2898 0.5630 0.1041 0.0203 0.0175 0.0053
82 0.4192 0.3474 0.1361 0.0485 0.0459 0.0029
83 0.3022 0.1331 0.2354 0.2467 0.0435 0.0390
84 0.3843 0.4121 0.1228 0.0481 0.0289 0.0038
85 0.3660 0.2893 0.1455 0.0570 0.1410 0.0012
86 0.3875 0.1259 0.2242 0.1318 0.0793 0.0512
87 0.0726 0.1124 0.0961 0.0597 0.6572 0.0020
88 0.5981 0.0391 0.0356 0.2252 0.0969 0.0053
89 0.5942 0.1562 0.0948 0.0704 0.0732 0.0111
90 0.3530 0.3091 0.0965 0.0728 0.1642 0.0044
91 0.4937 0.1350 0.1003 0.1003 0.1426 0.0283
92 0.2467 0.1021 0.2467 0.2029 0.1605 0.0412
93 0.3115 0.1681 0.1875 0.2108 0.0966 0.0254
94 0.4126 0.1146 0.2369 0.0757 0.1554 0.0050
95 0.1335 0.3254 0.1501 0.2593 0.1098 0.0218
96 0.1498 0.3538 0.2266 0.1724 0.0847 0.0129
97 0.4338 0.0587 0.1080 0.3101 0.0737 0.0158
98 0.5620 0.0743 0.0767 0.1912 0.0703 0.0257
99 0.4766 0.0720 0.1583 0.2050 0.0543 0.0340
100 0.3608 0.3813 0.1199 0.0799 0.0462 0.0117
101 0.3088 0.4492 0.1370 0.0262 0.0663 0.0126
102 0.5479 0.1820 0.0569 0.1620 0.0479 0.0035
103 0.6724 0.0803 0.1023 0.1097 0.0295 0.0056
104 0.3938 0.1831 0.1460 0.0489 0.2191 0.0092
105 0.5137 0.1221 0.1449 0.1102 0.1052 0.0037
106 0.2216 0.5928 0.1186 0.0153 0.0479 0.0039
107 0.4502 0.0776 0.0887 0.2710 0.0915 0.0209
108 0.3049 0.2568 0.1683 0.1223 0.1021 0.0457
109 0.3452 0.4297 0.1351 0.0347 0.0396 0.0157
110 0.1990 0.2615 0.2805 0.2185 0.0127 0.0276
111 0.1737 0.0702 0.6357 0.1105 0.0050 0.0050
112 0.2634 0.2437 0.4346 0.0557 0.0010 0.0016
113 0.1243 0.1488 0.3379 0.2181 0.1333 0.0376
114 0.2235 0.1942 0.3152 0.1512 0.1124 0.0032
115 0.0712 0.1183 0.6553 0.0292 0.1045 0.0216
116 0.0451 0.0970 0.5894 0.0715 0.1255 0.0715
117 0.1041 0.0986 0.5044 0.2498 0.0380 0.0050
118 0.1871 0.0710 0.3962 0.2766 0.0589 0.0102
119 0.3101 0.1726 0.1499 0.3301 0.0241 0.0131
120 0.5903 0.0978 0.0786 0.1901 0.0405 0.0027
121 0.3831 0.1674 0.1512 0.0976 0.1973 0.0035
122 0.2905 0.1259 0.4128 0.1201 0.0493 0.0013
123 0.3496 0.1359 0.2991 0.1799 0.0338 0.0017
124 0.2668 0.0839 0.3704 0.2355 0.0419 0.0015
125 0.3232 0.0562 0.1049 0.2639 0.2440 0.0078
126 0.2947 0.1127 0.1653 0.3843 0.0378 0.0052
127 0.2522 0.1201 0.2925 0.2107 0.1154 0.0092
128 0.3777 0.0553 0.1676 0.2439 0.1503 0.0051
129 0.3450 0.0432 0.1936 0.3142 0.0974 0.0066
130 0.2437 0.2361 0.2201 0.2167 0.0487 0.0348
131 0.3103 0.0797 0.2654 0.1727 0.1584 0.0135
132 0.2952 0.1103 0.1221 0.3044 0.1630 0.0050
133 0.3596 0.1122 0.1262 0.2715 0.1088 0.0218
134 0.3914 0.0457 0.1451 0.3000 0.1053 0.0122
135 0.2739 0.1825 0.2783 0.1729 0.0849 0.0074
136 0.3232 0.1218 0.2810 0.1190 0.1504 0.0046
137 0.2820 0.1185 0.3855 0.1353 0.0747 0.0040
138 0.1599 0.1207 0.1217 0.5581 0.0156 0.0238
139 0.5454 0.0631 0.1025 0.2617 0.0243 0.0029
140 0.2827 0.0651 0.3303 0.3008 0.0178 0.0033
141 0.1991 0.1901 0.2988 0.2808 0.0222 0.0090
142 0.2463 0.1201 0.3064 0.2664 0.0485 0.0124
143 0.4224 0.1788 0.1603 0.1918 0.0399 0.0070
144 0.2913 0.1970 0.3298 0.1711 0.0078 0.0029
145 0.2917 0.0785 0.1636 0.3203 0.1169 0.0289
146 0.2059 0.2603 0.1803 0.2686 0.0493 0.0358
147 0.4272 0.1852 0.1398 0.1837 0.0547 0.0092
148 0.1823 0.0748 0.1659 0.5112 0.0596 0.0062
149 0.1547 0.1006 0.1794 0.4956 0.0650 0.0046
150 0.3684 0.1215 0.2269 0.2166 0.0565 0.0100
151 0.4009 0.1418 0.1487 0.1779 0.0887 0.0419
152 0.3147 0.2412 0.1821 0.2231 0.0356 0.0034
153 0.4282 0.1587 0.1456 0.2291 0.0317 0.0065
154 0.3032 0.1548 0.1989 0.2676 0.0461 0.0296
155 0.2593 0.0947 0.1700 0.3833 0.0822 0.0106
156 0.4993 0.0420 0.2673 0.1376 0.0490 0.0049
157 0.2015 0.0730 0.0670 0.6064 0.0450 0.0074
158 0.0867 0.0426 0.0487 0.0719 0.7495 0.0006
159 0.1606 0.1232 0.2450 0.1644 0.3049 0.0019
160 0.2678 0.0830 0.2365 0.2988 0.1117 0.0021
161 0.2581 0.1163 0.2971 0.2881 0.0358 0.0046
162 0.2549 0.1475 0.2356 0.2507 0.1054 0.0059
163 0.3447 0.1874 0.1859 0.0421 0.2369 0.0030
164 0.2239 0.4023 0.3335 0.0191 0.0142 0.0069
165 0.1638 0.1357 0.3870 0.0699 0.2383 0.0053
166 0.3738 0.3149 0.1547 0.0742 0.0760 0.0064
167 0.1692 0.5254 0.1746 0.0818 0.0303 0.0190
168 0.3735 0.0795 0.3098 0.1685 0.0348 0.0339
169 0.4834 0.0293 0.0311 0.1619 0.2179 0.0765
170 0.7837 0.0415 0.0254 0.0478 0.0865 0.0152
171 0.6777 0.0433 0.0259 0.0778 0.1224 0.0531
172 0.7124 0.0497 0.0449 0.0537 0.1084 0.0308
173 0.2194 0.1193 0.0989 0.2410 0.2524 0.0690
174 0.2676 0.1512 0.0606 0.1525 0.3489 0.0192
175 0.4053 0.3181 0.0677 0.0699 0.1337 0.0052
176 0.0713 0.0262 0.1487 0.7090 0.0164 0.0284
177 0.4143 0.1304 0.2035 0.1941 0.0398 0.0181
178 0.3293 0.3645 0.1736 0.1005 0.0297 0.0023
179 0.3867 0.0715 0.0786 0.2310 0.1357 0.0963
180 0.6660 0.1122 0.0464 0.0273 0.1395 0.0087
181 0.6621 0.1636 0.0544 0.0202 0.0896 0.0102
182 0.4778 0.3135 0.1317 0.0584 0.0141 0.0046
183 0.4297 0.3218 0.1332 0.0605 0.0422 0.0125
184 0.3140 0.3701 0.1981 0.0513 0.0378 0.0288
185 0.5596 0.3755 0.0341 0.0139 0.0131 0.0041
186 0.7085 0.1362 0.0347 0.0258 0.0859 0.0091
187 0.3987 0.4517 0.0661 0.0465 0.0317 0.0053
188 0.5757 0.1526 0.0548 0.1770 0.0310 0.0090
189 0.3069 0.1086 0.1383 0.3533 0.0381 0.0546
190 0.6650 0.1028 0.0718 0.0908 0.0313 0.0381
191 0.7939 0.0870 0.0301 0.0308 0.0504 0.0081
192 0.6260 0.1620 0.0413 0.0867 0.0670 0.0169
193 0.6450 0.1569 0.0614 0.0256 0.0981 0.0132
194 0.7124 0.1136 0.0594 0.0173 0.0806 0.0166
195 0.6826 0.1088 0.0539 0.0162 0.1302 0.0084
196 0.3123 0.2064 0.4236 0.0166 0.0379 0.0034
197 0.6196 0.1437 0.1816 0.0358 0.0169 0.0025
198 0.4126 0.3906 0.1460 0.0236 0.0268 0.0006
199 0.3516 0.2435 0.0848 0.2803 0.0305 0.0091
200 0.1809 0.3379 0.1313 0.1726 0.1387 0.0385
201 0.3003 0.1262 0.3171 0.0397 0.1940 0.0226
202 0.3252 0.2052 0.1124 0.0561 0.2849 0.0162
203 0.1677 0.0632 0.3086 0.4087 0.0405 0.0115
204 0.2703 0.0694 0.1858 0.3186 0.1328 0.0233
205 0.1990 0.1501 0.1198 0.4146 0.0992 0.0172
206 0.1595 0.0945 0.0828 0.4543 0.1725 0.0364
207 0.2878 0.1448 0.2106 0.1858 0.0492 0.1219
208 0.2031 0.0901 0.2690 0.2690 0.0547 0.1140
209 0.1539 0.1237 0.2460 0.3259 0.0762 0.0744
210 0.2294 0.1127 0.3608 0.2330 0.0485 0.0156
211 0.2125 0.1103 0.4128 0.1936 0.0595 0.0112
212 0.1857 0.3635 0.3013 0.1190 0.0220 0.0085
213 0.2397 0.2051 0.4143 0.1141 0.0132 0.0134
214 0.2686 0.2971 0.3164 0.0580 0.0478 0.0123
215 0.3928 0.2053 0.3083 0.0465 0.0404 0.0068
216 0.3535 0.2488 0.3025 0.0460 0.0353 0.0139
217 0.2108 0.2158 0.1708 0.3643 0.0272 0.0111
218 0.4631 0.2366 0.2040 0.0705 0.0171 0.0086
219 0.4839 0.2181 0.1633 0.1047 0.0260 0.0038
220 0.5928 0.1685 0.1780 0.0394 0.0132 0.0083
221 0.6138 0.1901 0.0831 0.0504 0.0386 0.0242
222 0.5903 0.2041 0.1349 0.0259 0.0331 0.0116
223 0.5396 0.2113 0.1375 0.0547 0.0429 0.0140
224 0.1793 0.3979 0.2568 0.1272 0.0260 0.0125
225 0.4485 0.1065 0.1514 0.1411 0.0963 0.0562
226 0.2461 0.2206 0.1917 0.1665 0.0774 0.0979
