time exciting_prob fearful_prob tense_prob sad_prob relaxing_prob neutral_prob
0 0.1409 0.0535 0.1150 0.4619 0.0237 0.2050
1 0.1638 0.1144 0.4248 0.2239 0.0155 0.0575
2 0.0986 0.1285 0.4150 0.2898 0.0120 0.0562
3 0.2224 0.0489 0.4934 0.1993 0.0112 0.0249
4 0.2107 0.0402 0.6191 0.1076 0.0102 0.0122
5 0.0668 0.3499 0.3391 0.1787 0.0246 0.0408
6 0.0823 0.3577 0.3059 0.1945 0.0206 0.0392
7 0.1157 0.3591 0.0490 0.4333 0.0182 0.0246
8 0.0581 0.0623 0.7651 0.0174 0.0928 0.0043
9 0.0568 0.0893 0.8018 0.0158 0.0318 0.0044
10 0.1770 0.3689 0.3413 0.0856 0.0232 0.0039
11 0.0873 0.2196 0.5693 0.0783 0.0189 0.0264
12 0.0646 0.2085 0.6836 0.0278 0.0098 0.0060
13 0.0630 0.0931 0.7671 0.0522 0.0072 0.0172
14 0.0115 0.6416 0.1674 0.1699 0.0044 0.0055
15 0.0063 0.4902 0.3701 0.1279 0.0011 0.0042
16 0.0914 0.0387 0.7188 0.1192 0.0210 0.0107
17 0.1055 0.0468 0.7559 0.0601 0.0275 0.0042
18 0.0512 0.0512 0.7881 0.0637 0.0052 0.0405
19 0.0527 0.0606 0.8242 0.0280 0.0054 0.0291
20 0.0759 0.0224 0.6665 0.1851 0.0126 0.0376
21 0.2474 0.2893 0.1973 0.0911 0.1687 0.0061
22 0.1820 0.2161 0.4070 0.0497 0.1439 0.0012
23 0.0341 0.0590 0.5776 0.2686 0.0128 0.0482
24 0.0351 0.0362 0.4277 0.4414 0.0131 0.0465
25 0.0297 0.0506 0.7090 0.1582 0.0168 0.0359
26 0.0319 0.0644 0.7031 0.1545 0.0155 0.0304
27 0.0111 0.1265 0.6733 0.1599 0.0061 0.0232
28 0.0305 0.0635 0.5312 0.3540 0.0084 0.0123
29 0.0440 0.0848 0.7104 0.1355 0.0100 0.0154
30 0.1429 0.2433 0.3484 0.1672 0.0295 0.0686
31 0.1566 0.0166 0.7710 0.0113 0.0442 0.0006
32 0.2405 0.1843 0.5093 0.0244 0.0346 0.0070
33 0.0544 0.3181 0.5669 0.0519 0.0071 0.0017
34 0.0506 0.4919 0.4207 0.0203 0.0109 0.0056
35 0.1198 0.3809 0.4248 0.0462 0.0274 0.0009
36 0.1168 0.3740 0.3799 0.0709 0.0518 0.0065
37 0.3052 0.1114 0.3540 0.0615 0.1252 0.0426
38 0.0603 0.1267 0.5903 0.1493 0.0549 0.0181
39 0.0995 0.1209 0.4563 0.1589 0.1127 0.0516
40 0.1173 0.2949 0.4031 0.1372 0.0449 0.0025
41 0.0235 0.1055 0.8047 0.0465 0.0189 0.0009
42 0.0384 0.0964 0.1844 0.4287 0.0096 0.2424
43 0.0608 0.2703 0.5049 0.1276 0.0294 0.0074
44 0.1205 0.3250 0.4373 0.0479 0.0655 0.0039
45 0.0562 0.0668 0.0799 0.6538 0.0116 0.1317
46 0.0419 0.1014 0.1595 0.4009 0.0118 0.2844
47 0.0371 0.0992 0.7563 0.0693 0.0325 0.0057
48 0.0193 0.4126 0.5298 0.0153 0.0220 0.0010
49 0.0134 0.0685 0.8481 0.0505 0.0140 0.0056
50 0.0202 0.2382 0.6084 0.1057 0.0096 0.0182
51 0.0179 0.0676 0.8911 0.0184 0.0022 0.0028
52 0.0315 0.0756 0.8579 0.0255 0.0051 0.0042
53 0.0372 0.0997 0.7964 0.0446 0.0130 0.0093
54 0.2035 0.0882 0.6123 0.0150 0.0703 0.0108
55 0.2106 0.0739 0.5635 0.1058 0.0261 0.0202
56 0.1731 0.0500 0.6382 0.0694 0.0311 0.0380
57 0.2484 0.1129 0.5386 0.0260 0.0406 0.0339
58 0.1216 0.2036 0.5200 0.0962 0.0469 0.0117
59 0.0294 0.1026 0.8457 0.0169 0.0043 0.0011
60 0.0392 0.1017 0.8003 0.0338 0.0208 0.0038
61 0.0342 0.1777 0.7603 0.0195 0.0076 0.0010
62 0.0267 0.2693 0.3328 0.2164 0.0049 0.1499
63 0.1382 0.2834 0.3420 0.1459 0.0541 0.0363
64 0.0431 0.0278 0.3135 0.4856 0.0431 0.0870
65 0.0396 0.0913 0.7354 0.0913 0.0070 0.0355
66 0.0326 0.1556 0.6401 0.1332 0.0066 0.0319
67 0.0413 0.4685 0.4265 0.0501 0.0116 0.0020
68 0.0475 0.1122 0.0138 0.8159 0.0024 0.0081
69 0.0560 0.4009 0.0342 0.4368 0.0615 0.0107
70 0.0538 0.3735 0.0271 0.4795 0.0564 0.0099
71 0.0088 0.3040 0.6235 0.0571 0.0025 0.0043
72 0.0151 0.4622 0.2676 0.2474 0.0047 0.0030
73 0.0702 0.0649 0.4575 0.3145 0.0228 0.0702
74 0.0356 0.1547 0.5747 0.1781 0.0166 0.0403
75 0.1384 0.1104 0.4365 0.1013 0.0670 0.1462
76 0.2004 0.1884 0.2380 0.2344 0.0348 0.1040
77 0.3765 0.2430 0.2668 0.0443 0.0526 0.0169
78 0.0347 0.1219 0.7827 0.0456 0.0054 0.0096
79 0.0237 0.1921 0.5737 0.1619 0.0095 0.0390
80 0.0193 0.1798 0.7339 0.0575 0.0049 0.0048
81 0.0643 0.1093 0.7827 0.0224 0.0205 0.0007
82 0.0826 0.0801 0.7422 0.0795 0.0144 0.0013
83 0.1644 0.1569 0.2976 0.1984 0.0967 0.0860
84 0.4531 0.1530 0.2191 0.0157 0.1517 0.0074
85 0.0255 0.1991 0.5674 0.1227 0.0133 0.0721
86 0.0272 0.1348 0.6040 0.1992 0.0115 0.0231
87 0.0292 0.1069 0.7656 0.0685 0.0062 0.0235
88 0.0963 0.0716 0.0575 0.3523 0.0232 0.3992
89 0.0579 0.1478 0.6035 0.1411 0.0151 0.0346
90 0.0814 0.1765 0.2146 0.3484 0.0730 0.1062
91 0.2450 0.2979 0.3916 0.0126 0.0514 0.0015
92 0.0627 0.1746 0.5293 0.1003 0.1163 0.0165
93 0.0826 0.2688 0.2666 0.2625 0.0758 0.0439
94 0.3877 0.1279 0.1299 0.0782 0.1069 0.1694
95 0.0409 0.1920 0.3879 0.3267 0.0158 0.0367
96 0.0146 0.5854 0.2898 0.1009 0.0017 0.0078
97 0.0303 0.5850 0.2220 0.1456 0.0156 0.0017
98 0.1133 0.0985 0.5239 0.0970 0.0145 0.1526
99 0.3025 0.0681 0.1924 0.1953 0.0304 0.2112
100 0.0219 0.3711 0.3540 0.2434 0.0029 0.0065
101 0.0135 0.1647 0.7153 0.0895 0.0053 0.0114
102 0.0177 0.5947 0.3496 0.0323 0.0021 0.0039
103 0.0050 0.8032 0.1175 0.0724 0.0009 0.0011
104 0.0136 0.0828 0.8770 0.0235 0.0015 0.0017
105 0.0197 0.0757 0.8525 0.0466 0.0020 0.0032
106 0.0832 0.2727 0.1350 0.3501 0.1043 0.0545
107 0.0346 0.7173 0.2257 0.0190 0.0008 0.0028
108 0.1024 0.2554 0.2983 0.3176 0.0111 0.0151
109 0.2118 0.3010 0.1467 0.3105 0.0227 0.0071
110 0.1403 0.3064 0.4287 0.0289 0.0927 0.0030
111 0.0510 0.4956 0.1293 0.2737 0.0235 0.0267
112 0.0572 0.6543 0.2227 0.0363 0.0122 0.0170
113 0.1317 0.7124 0.1257 0.0257 0.0019 0.0026
114 0.1028 0.1321 0.1644 0.5225 0.0457 0.0326
115 0.1147 0.2627 0.2668 0.3022 0.0252 0.0281
116 0.0503 0.1899 0.5327 0.1975 0.0085 0.0210
117 0.0303 0.5288 0.3809 0.0515 0.0040 0.0048
118 0.0491 0.2184 0.5078 0.1810 0.0310 0.0125
119 0.0723 0.4639 0.4358 0.0115 0.0140 0.0024
120 0.0517 0.4429 0.3342 0.1438 0.0180 0.0096
121 0.1515 0.0823 0.2383 0.4592 0.0247 0.0441
122 0.0778 0.2822 0.5835 0.0475 0.0061 0.0029
123 0.2296 0.2369 0.4062 0.0668 0.0550 0.0055
124 0.0334 0.4607 0.2795 0.1669 0.0240 0.0355
125 0.1880 0.4106 0.1726 0.1647 0.0539 0.0101
126 0.1196 0.1572 0.1926 0.1234 0.3831 0.0241
127 0.0334 0.0578 0.6216 0.2715 0.0109 0.0051
128 0.0299 0.1201 0.7021 0.1361 0.0070 0.0047
129 0.0140 0.1500 0.6724 0.1324 0.0045 0.0265
130 0.1853 0.1224 0.5234 0.0671 0.0547 0.0468
131 0.0416 0.2065 0.5615 0.1522 0.0107 0.0275
132 0.0208 0.2200 0.6362 0.0835 0.0137 0.0257
133 0.0287 0.0335 0.1812 0.6943 0.0220 0.0404
134 0.0195 0.2612 0.6670 0.0454 0.0049 0.0023
135 0.1046 0.1078 0.2910 0.2213 0.0361 0.2393
136 0.0252 0.0729 0.8477 0.0286 0.0072 0.0183
137 0.0102 0.6011 0.2974 0.0839 0.0017 0.0059
138 0.0083 0.2646 0.1174 0.6055 0.0010 0.0030
139 0.0534 0.0887 0.3735 0.3853 0.0400 0.0591
140 0.1943 0.1854 0.2939 0.1455 0.1274 0.0531
141 0.0248 0.0775 0.4822 0.3696 0.0072 0.0387
142 0.0044 0.6992 0.2133 0.0809 0.0007 0.0016
143 0.0173 0.0608 0.7290 0.1787 0.0053 0.0087
144 0.0242 0.1257 0.3015 0.4458 0.0229 0.0799
145 0.2935 0.1852 0.3052 0.1224 0.0483 0.0454
146 0.3083 0.1469 0.4524 0.0323 0.0540 0.0061
147 0.3052 0.1243 0.4075 0.0226 0.1282 0.0121
148 0.3462 0.0953 0.3516 0.1047 0.0569 0.0454
149 0.0125 0.2059 0.4939 0.2771 0.0054 0.0053
150 0.0101 0.2932 0.4333 0.2546 0.0057 0.0029
151 0.0158 0.1332 0.4648 0.2449 0.1222 0.0192
152 0.0373 0.3220 0.4685 0.0497 0.1203 0.0023
153 0.0307 0.2864 0.4722 0.1849 0.0250 0.0009
154 0.1289 0.0735 0.2335 0.2061 0.0486 0.3093
155 0.1263 0.1525 0.5078 0.1410 0.0656 0.0071
156 0.0259 0.2683 0.6743 0.0169 0.0107 0.0039
157 0.0459 0.2074 0.7124 0.0236 0.0030 0.0076
158 0.0190 0.1729 0.6226 0.1702 0.0068 0.0085
159 0.1479 0.1305 0.1433 0.5410 0.0194 0.0178
160 0.1565 0.4187 0.2832 0.1248 0.0131 0.0037
161 0.0055 0.6870 0.2196 0.0847 0.0011 0.0021
162 0.0055 0.5425 0.3848 0.0599 0.0012 0.0061
163 0.0676 0.0815 0.1781 0.6411 0.0249 0.0068
164 0.0415 0.4973 0.1772 0.1317 0.1392 0.0130
165 0.0976 0.2035 0.5889 0.0450 0.0611 0.0041
166 0.0436 0.2732 0.6553 0.0198 0.0041 0.0039
167 0.0117 0.3164 0.5054 0.1259 0.0187 0.0219
168 0.0801 0.3196 0.3296 0.2129 0.0241 0.0337
169 0.0725 0.2377 0.4304 0.2303 0.0170 0.0120
170 0.0072 0.1256 0.0448 0.8188 0.0017 0.0018
171 0.1556 0.0306 0.3975 0.0873 0.0429 0.2861
172 0.2852 0.0905 0.4929 0.0617 0.0437 0.0261
173 0.4526 0.1459 0.2993 0.0386 0.0520 0.0117
174 0.0169 0.3608 0.3499 0.1392 0.1277 0.0057
175 0.0203 0.2893 0.4551 0.1868 0.0038 0.0450
176 0.1555 0.1120 0.5176 0.0695 0.1044 0.0409
177 0.0258 0.2246 0.6812 0.0370 0.0283 0.0031
178 0.0366 0.2642 0.2462 0.3337 0.0878 0.0316
179 0.0632 0.0850 0.2578 0.4890 0.0232 0.0817
180 0.0222 0.0878 0.3210 0.5132 0.0266 0.0292
181 0.0584 0.2764 0.4282 0.1316 0.0955 0.0098
182 0.0104 0.2834 0.5547 0.1360 0.0067 0.0088
183 0.1128 0.0684 0.0935 0.3420 0.0248 0.3584
184 0.1080 0.0426 0.6216 0.1572 0.0197 0.0506
185 0.1783 0.1467 0.3633 0.0804 0.0570 0.1743
186 0.0396 0.0950 0.7588 0.0695 0.0283 0.0087
187 0.1087 0.2079 0.5786 0.0453 0.0514 0.0081
188 0.0848 0.1206 0.6943 0.0641 0.0251 0.0112
189 0.0837 0.0651 0.7812 0.0315 0.0360 0.0023
190 0.0301 0.1654 0.5137 0.1519 0.1155 0.0235
191 0.0533 0.3069 0.3616 0.1165 0.1531 0.0084
192 0.0223 0.2356 0.5562 0.0901 0.0901 0.0055
193 0.0570 0.3206 0.5371 0.0641 0.0104 0.0107
194 0.0504 0.5015 0.3784 0.0549 0.0037 0.0112
195 0.2428 0.2109 0.4163 0.0764 0.0505 0.0033
196 0.1984 0.2430 0.4985 0.0378 0.0201 0.0021
197 0.2152 0.2382 0.1929 0.1943 0.0704 0.0890
198 0.2443 0.0864 0.5254 0.0240 0.1163 0.0039
199 0.0848 0.1536 0.3892 0.2717 0.0510 0.0499
200 0.4839 0.1214 0.1766 0.0539 0.0605 0.1038
201 0.0986 0.0934 0.4705 0.1316 0.0129 0.1930
202 0.0493 0.0525 0.5645 0.2793 0.0164 0.0381
203 0.0153 0.0493 0.7837 0.1183 0.0132 0.0202
204 0.0362 0.1489 0.7681 0.0293 0.0064 0.0110
205 0.0247 0.1366 0.1523 0.6724 0.0056 0.0087
206 0.0576 0.0838 0.4822 0.2925 0.0066 0.0775
207 0.0692 0.1796 0.4585 0.2571 0.0067 0.0289
208 0.0806 0.0769 0.3557 0.4497 0.0065 0.0306
209 0.1505 0.1615 0.4124 0.2502 0.0114 0.0140
210 0.1130 0.1384 0.4985 0.2144 0.0058 0.0299
211 0.0339 0.0233 0.3818 0.5303 0.0119 0.0190
212 0.0715 0.0388 0.1714 0.6890 0.0135 0.0159
213 0.0371 0.2920 0.4524 0.2103 0.0052 0.0028
214 0.0190 0.0971 0.4353 0.4285 0.0043 0.0160
215 0.0274 0.3840 0.4026 0.1786 0.0057 0.0016
216 0.0457 0.6016 0.2247 0.1096 0.0126 0.0059
217 0.0878 0.1219 0.7524 0.0231 0.0116 0.0034
218 0.0341 0.0964 0.5767 0.2404 0.0185 0.0338
219 0.0345 0.2510 0.5479 0.1242 0.0123 0.0300
220 0.0497 0.2194 0.2448 0.3242 0.0224 0.1394
221 0.0443 0.3542 0.3379 0.1699 0.0259 0.0676
222 0.2646 0.2317 0.3972 0.0533 0.0226 0.0306
223 0.2888 0.2267 0.3196 0.0847 0.0569 0.0235
224 0.0089 0.4346 0.4482 0.0869 0.0071 0.0141
225 0.0039 0.1941 0.4514 0.3303 0.0060 0.0144
226 0.0391 0.2145 0.6553 0.0664 0.0086 0.0161
227 0.0540 0.1337 0.5850 0.1550 0.0291 0.0431
228 0.0445 0.4937 0.4158 0.0355 0.0082 0.0023
229 0.0372 0.2296 0.6050 0.1172 0.0046 0.0066
230 0.0538 0.2062 0.5874 0.1174 0.0196 0.0158
231 0.0299 0.0627 0.8794 0.0160 0.0042 0.0079
232 0.1887 0.1349 0.3442 0.2944 0.0296 0.0080
233 0.1064 0.2847 0.3176 0.2634 0.0228 0.0049
234 0.0658 0.2878 0.3018 0.2878 0.0452 0.0113
235 0.0678 0.1018 0.5591 0.1932 0.0201 0.0580
236 0.0706 0.0740 0.6191 0.2107 0.0033 0.0224
237 0.1104 0.3882 0.3704 0.0944 0.0270 0.0097
238 0.0266 0.4712 0.2124 0.2483 0.0057 0.0360
239 0.1188 0.0939 0.5239 0.2325 0.0100 0.0206
240 0.1476 0.0655 0.1986 0.4109 0.0790 0.0983
241 0.4058 0.1002 0.3210 0.0571 0.0994 0.0166
242 0.3401 0.1096 0.4368 0.0245 0.0821 0.0068
243 0.0145 0.1608 0.3567 0.3005 0.0015 0.1659
244 0.1960 0.1743 0.4775 0.0617 0.0473 0.0431
245 0.2313 0.1371 0.3904 0.0657 0.1403 0.0352
246 0.3091 0.1094 0.4678 0.0478 0.0550 0.0110
247 0.1239 0.1019 0.5137 0.1616 0.0497 0.0493
248 0.0592 0.0961 0.4802 0.2822 0.0400 0.0423
249 0.2915 0.0903 0.3892 0.0382 0.1782 0.0126
250 0.3040 0.1257 0.5132 0.0244 0.0219 0.0107
251 0.1172 0.1787 0.4780 0.0941 0.0775 0.0545
252 0.1799 0.0844 0.3899 0.2136 0.0710 0.0612
253 0.0264 0.7031 0.2468 0.0196 0.0011 0.0030
254 0.0892 0.1210 0.6338 0.1101 0.0333 0.0126
255 0.1196 0.0797 0.4407 0.2847 0.0291 0.0464
256 0.1010 0.1237 0.7114 0.0352 0.0215 0.0071
257 0.0918 0.0767 0.6997 0.0862 0.0300 0.0156
258 0.0160 0.4495 0.4934 0.0318 0.0012 0.0082
259 0.0289 0.4490 0.4561 0.0566 0.0046 0.0051
260 0.3977 0.1984 0.3003 0.0681 0.0144 0.0212
261 0.1880 0.1365 0.2957 0.1711 0.0179 0.1909
262 0.0932 0.2272 0.4590 0.1514 0.0380 0.0315
263 0.0848 0.3489 0.4077 0.1107 0.0216 0.0263
264 0.0360 0.1348 0.2559 0.4854 0.0015 0.0864
265 0.0845 0.1310 0.2686 0.4097 0.0010 0.1052
266 0.0572 0.0935 0.0313 0.7769 0.0040 0.0372
267 0.0859 0.2159 0.5601 0.1138 0.0222 0.0018
268 0.0308 0.1010 0.7817 0.0622 0.0111 0.0132
269 0.0972 0.0567 0.2749 0.2107 0.0393 0.3213
270 0.0939 0.2183 0.4619 0.0681 0.1398 0.0181
271 0.1510 0.2338 0.4009 0.0601 0.1375 0.0169
272 0.1284 0.1882 0.1868 0.4587 0.0245 0.0133
273 0.0653 0.2485 0.1052 0.5137 0.0170 0.0501
274 0.0237 0.0717 0.6494 0.2352 0.0025 0.0173
275 0.1686 0.1273 0.5977 0.0356 0.0687 0.0021
276 0.0845 0.0684 0.8013 0.0224 0.0191 0.0044
277 0.1227 0.4631 0.1348 0.1576 0.0323 0.0898
278 0.5249 0.1403 0.2404 0.0240 0.0683 0.0021
279 0.2756 0.1158 0.3708 0.1079 0.1158 0.0143
280 0.2345 0.1757 0.3660 0.0993 0.0947 0.0298
281 0.1401 0.1348 0.4456 0.1691 0.0652 0.0452
282 0.0138 0.0277 0.1405 0.5781 0.0028 0.2372
283 0.3633 0.0657 0.0657 0.4348 0.0215 0.0492
284 0.0081 0.0610 0.8428 0.0809 0.0015 0.0060
285 0.0066 0.1052 0.6963 0.1875 0.0007 0.0035
286 0.0093 0.1455 0.6626 0.1782 0.0012 0.0033
287 0.1418 0.1046 0.6113 0.0703 0.0582 0.0137
288 0.2010 0.3394 0.3018 0.0209 0.1102 0.0266
289 0.0945 0.0490 0.4233 0.2776 0.0171 0.1385
290 0.0821 0.3350 0.5107 0.0471 0.0090 0.0159
291 0.0084 0.0966 0.7031 0.1863 0.0013 0.0042
292 0.0087 0.0815 0.5151 0.3889 0.0020 0.0037
293 0.0089 0.1040 0.4517 0.4309 0.0018 0.0026
294 0.0859 0.1036 0.8018 0.0046 0.0037 0.0003
295 0.0974 0.1383 0.7305 0.0097 0.0221 0.0019
296 0.0699 0.0934 0.7759 0.0156 0.0431 0.0019
297 0.2920 0.3208 0.1445 0.2072 0.0144 0.0210
298 0.2076 0.3093 0.1567 0.0974 0.0130 0.2159
299 0.1009 0.2365 0.2346 0.1562 0.0058 0.2659
300 0.0813 0.1404 0.3369 0.2927 0.0039 0.1449
301 0.1824 0.0760 0.0917 0.3201 0.0602 0.2695
302 0.1824 0.0760 0.0917 0.3201 0.0602 0.2695
303 0.1153 0.1814 0.2402 0.2788 0.0811 0.1033
304 0.2021 0.1959 0.2786 0.1575 0.1422 0.0238
305 0.1929 0.0977 0.2168 0.1869 0.2742 0.0317
306 0.3594 0.0747 0.1251 0.1710 0.2394 0.0304
307 0.2426 0.0812 0.3264 0.1191 0.1519 0.0787
308 0.1902 0.0699 0.2620 0.2461 0.1857 0.0462
309 0.1947 0.0580 0.3088 0.2925 0.1042 0.0418
310 0.0556 0.0312 0.2822 0.5835 0.0154 0.0322
311 0.0406 0.0273 0.4104 0.4800 0.0085 0.0332
312 0.0098 0.0296 0.2500 0.6797 0.0071 0.0236
313 0.0145 0.0170 0.0402 0.9067 0.0174 0.0041
314 0.1136 0.1553 0.1349 0.1288 0.0181 0.4492
315 0.1136 0.1553 0.1349 0.1288 0.0181 0.4492
316 0.1136 0.1553 0.1349 0.1288 0.0181 0.4492
317 0.2303 0.0796 0.1177 0.4878 0.0099 0.0748
318 0.2871 0.1040 0.3518 0.2272 0.0135 0.0162
319 0.1407 0.0367 0.2756 0.5146 0.0094 0.0230
320 0.1093 0.0384 0.2277 0.5815 0.0095 0.0338
321 0.3369 0.2141 0.0572 0.1949 0.0563 0.1405
322 0.1136 0.1553 0.1349 0.1288 0.0181 0.4492
