time exciting_prob fearful_prob tense_prob sad_prob relaxing_prob neutral_prob
0 0.1136 0.1553 0.1349 0.1288 0.0181 0.4492
1 0.1940 0.0771 0.1140 0.4653 0.0223 0.1272
2 0.6021 0.1808 0.0530 0.0228 0.0560 0.0854
3 0.9731 0.0149 0.0082 0.0014 0.0015 0.0009
4 0.9575 0.0190 0.0118 0.0022 0.0092 0.0004
5 0.1186 0.1186 0.0968 0.3030 0.0253 0.3379
6 0.0191 0.0705 0.0728 0.0041 0.8325 0.0011
7 0.0199 0.0594 0.0695 0.0042 0.8457 0.0013
8 0.0351 0.0625 0.0698 0.0136 0.8169 0.0021
9 0.0573 0.0464 0.0686 0.0111 0.8164 0.0003
10 0.0354 0.0558 0.0641 0.0057 0.8389 0.0003
11 0.0605 0.0696 0.0719 0.0066 0.7910 0.0002
12 0.0513 0.0416 0.0833 0.0135 0.8091 0.0012
13 0.0304 0.0158 0.0252 0.0038 0.9243 0.0005
14 0.0127 0.0093 0.0179 0.0036 0.9561 0.0002
15 0.0107 0.0126 0.0184 0.0140 0.9438 0.0003
16 0.0074 0.0098 0.0170 0.0089 0.9570 0.0002
17 0.0202 0.0153 0.0138 0.0068 0.9438 0.0000
18 0.0140 0.0165 0.0181 0.0097 0.9419 0.0001
19 0.0175 0.0274 0.0294 0.0116 0.9141 0.0001
20 0.1514 0.1284 0.3547 0.0083 0.3491 0.0080
21 0.1748 0.1890 0.2837 0.0070 0.3396 0.0061
22 0.0457 0.0309 0.0514 0.0076 0.8633 0.0012
23 0.0375 0.0294 0.0521 0.0064 0.8740 0.0006
24 0.0392 0.0312 0.0495 0.0087 0.8706 0.0006
25 0.0413 0.0443 0.0822 0.0079 0.8237 0.0008
26 0.0836 0.0883 0.1367 0.0129 0.6782 0.0006
27 0.0847 0.0506 0.0867 0.0100 0.7666 0.0015
28 0.1504 0.2969 0.1589 0.0126 0.2969 0.0844
29 0.1277 0.0684 0.1267 0.0336 0.6436 0.0004
30 0.0867 0.0771 0.1710 0.0293 0.6357 0.0003
31 0.1364 0.2488 0.2690 0.0252 0.2976 0.0231
32 0.1277 0.2559 0.4153 0.0190 0.1744 0.0078
33 0.0737 0.3328 0.3328 0.0100 0.2473 0.0034
34 0.0631 0.4885 0.2917 0.0051 0.1444 0.0072
35 0.0548 0.3718 0.4148 0.0128 0.1188 0.0271
36 0.0468 0.2510 0.4238 0.0103 0.2673 0.0008
37 0.0454 0.0755 0.3518 0.0420 0.4810 0.0043
38 0.0306 0.0769 0.2278 0.0151 0.6489 0.0008
39 0.0520 0.0673 0.1995 0.0258 0.6543 0.0013
40 0.1331 0.2927 0.2262 0.0187 0.2905 0.0387
41 0.0877 0.4216 0.2292 0.0122 0.2328 0.0165
42 0.1390 0.2384 0.2639 0.0371 0.2876 0.0341
43 0.0191 0.2695 0.1660 0.0630 0.4805 0.0017
44 0.0152 0.1643 0.0981 0.0193 0.7026 0.0004
45 0.0537 0.1472 0.1268 0.0122 0.6597 0.0004
46 0.0907 0.1299 0.3450 0.0428 0.3909 0.0008
47 0.0261 0.0592 0.7324 0.0861 0.0946 0.0016
48 0.1318 0.2208 0.5137 0.0301 0.1003 0.0032
49 0.1360 0.2581 0.5420 0.0098 0.0536 0.0007
50 0.3059 0.1357 0.1870 0.2136 0.1527 0.0048
51 0.1044 0.4465 0.2605 0.0281 0.1593 0.0011
52 0.2201 0.1548 0.1294 0.0548 0.3862 0.0548
53 0.2983 0.2397 0.1781 0.0142 0.2397 0.0300
54 0.1722 0.2566 0.4399 0.0105 0.0690 0.0517
55 0.1584 0.2571 0.1572 0.0249 0.2891 0.1132
56 0.1617 0.3589 0.3821 0.0186 0.0764 0.0023
57 0.1886 0.3779 0.3550 0.0200 0.0553 0.0031
58 0.0958 0.4604 0.2502 0.0189 0.1566 0.0181
59 0.1001 0.1348 0.1074 0.0488 0.6084 0.0004
60 0.0793 0.3235 0.2106 0.0589 0.3262 0.0015
61 0.0793 0.0405 0.0906 0.0125 0.7769 0.0002
62 0.0880 0.1183 0.1921 0.0186 0.5825 0.0004
63 0.1418 0.1343 0.3826 0.0100 0.2981 0.0332
64 0.1422 0.1676 0.3867 0.0075 0.2742 0.0217
65 0.1981 0.1906 0.3760 0.0096 0.2159 0.0097
66 0.1882 0.1687 0.3892 0.0535 0.1926 0.0078
67 0.1420 0.2131 0.3274 0.0373 0.2756 0.0045
68 0.3188 0.3420 0.1964 0.0474 0.0899 0.0055
69 0.2048 0.1823 0.3708 0.0275 0.2130 0.0014
70 0.2527 0.2095 0.4102 0.0222 0.1029 0.0025
71 0.0562 0.1886 0.2189 0.3442 0.1886 0.0034
72 0.0472 0.0446 0.1333 0.1149 0.6362 0.0239
73 0.2096 0.2756 0.0847 0.1594 0.2607 0.0099
74 0.0247 0.2384 0.3013 0.3013 0.1317 0.0025
75 0.0409 0.3394 0.2483 0.1616 0.2058 0.0040
76 0.0854 0.1454 0.5151 0.0454 0.2050 0.0037
77 0.0662 0.3931 0.2639 0.0145 0.2188 0.0434
78 0.1039 0.3328 0.2378 0.0174 0.2847 0.0235
79 0.1168 0.2891 0.3005 0.0059 0.2825 0.0052
80 0.0582 0.4507 0.2820 0.0047 0.1984 0.0061
81 0.0622 0.1772 0.1917 0.3311 0.2312 0.0067
82 0.0417 0.2069 0.4590 0.1742 0.1073 0.0110
83 0.0407 0.3103 0.1263 0.4309 0.0682 0.0234
84 0.1209 0.2106 0.0657 0.0054 0.5859 0.0115
85 0.1016 0.2893 0.0602 0.0106 0.5322 0.0063
86 0.0280 0.2399 0.0925 0.5488 0.0345 0.0561
87 0.0616 0.3833 0.3438 0.0527 0.1388 0.0199
88 0.0565 0.2825 0.5195 0.0157 0.1224 0.0038
89 0.0442 0.1642 0.0402 0.0399 0.7075 0.0039
90 0.2212 0.1556 0.2754 0.0111 0.1631 0.1736
91 0.0084 0.0178 0.0109 0.0073 0.9546 0.0009
92 0.0104 0.0182 0.0152 0.0086 0.9468 0.0008
93 0.0108 0.0141 0.0097 0.0061 0.9585 0.0009
94 0.1720 0.2502 0.1155 0.0428 0.4192 0.0003
95 0.0296 0.0168 0.0427 0.0856 0.8247 0.0007
96 0.0308 0.3018 0.0695 0.1692 0.4255 0.0034
97 0.0753 0.2734 0.4438 0.0692 0.1343 0.0041
98 0.0370 0.0601 0.1685 0.5029 0.2162 0.0155
99 0.0522 0.2488 0.2374 0.2488 0.1968 0.0162
100 0.0467 0.3699 0.5054 0.0111 0.0658 0.0012
101 0.0257 0.3301 0.5195 0.0284 0.0946 0.0018
102 0.0214 0.2839 0.5308 0.0277 0.1342 0.0022
103 0.0188 0.3865 0.4963 0.0151 0.0823 0.0009
104 0.0408 0.3413 0.4521 0.0515 0.1091 0.0050
105 0.2917 0.2615 0.2595 0.0170 0.1587 0.0116
106 0.2014 0.3269 0.2668 0.0187 0.1820 0.0039
107 0.0149 0.0955 0.1016 0.5850 0.1990 0.0041
108 0.0164 0.1381 0.2106 0.3638 0.2620 0.0093
109 0.0797 0.0461 0.0660 0.0097 0.7983 0.0001
110 0.0598 0.0053 0.0511 0.0188 0.8647 0.0003
111 0.1193 0.0288 0.0840 0.0075 0.7603 0.0002
112 0.2139 0.1035 0.0470 0.0136 0.6094 0.0126
113 0.0823 0.1152 0.0699 0.0096 0.7227 0.0004
114 0.1578 0.1278 0.1483 0.0190 0.5469 0.0002
115 0.1105 0.5146 0.2932 0.0179 0.0634 0.0002
116 0.1591 0.3264 0.4602 0.0358 0.0176 0.0011
117 0.0512 0.2620 0.3469 0.0642 0.2744 0.0012
118 0.1251 0.2979 0.4399 0.0091 0.0967 0.0314
119 0.1948 0.1746 0.1802 0.1565 0.2900 0.0039
120 0.1372 0.1520 0.1876 0.0270 0.4905 0.0058
121 0.0897 0.1032 0.0519 0.1689 0.5537 0.0325
122 0.0850 0.0756 0.1171 0.2598 0.4216 0.0411
123 0.0535 0.0660 0.0841 0.4766 0.2715 0.0483
124 0.0370 0.0201 0.2568 0.5186 0.1418 0.0256
125 0.1437 0.2369 0.1494 0.0825 0.3066 0.0806
126 0.0348 0.1039 0.1881 0.6465 0.0201 0.0067
127 0.0953 0.0676 0.3770 0.3655 0.0676 0.0271
128 0.1938 0.0538 0.3621 0.3296 0.0490 0.0116
129 0.0585 0.1541 0.4458 0.3064 0.0240 0.0112
130 0.0427 0.0450 0.7681 0.0726 0.0388 0.0330
131 0.0630 0.0650 0.1970 0.3406 0.3149 0.0195
132 0.0881 0.1323 0.6021 0.0796 0.0615 0.0362
133 0.0164 0.6982 0.1387 0.0630 0.0815 0.0020
134 0.0989 0.2161 0.4331 0.0084 0.1863 0.0573
135 0.1040 0.3179 0.2917 0.0051 0.2698 0.0115
136 0.0551 0.3762 0.1202 0.0222 0.4263 0.0002
137 0.0304 0.3347 0.0729 0.0273 0.5347 0.0001
138 0.0826 0.2644 0.4714 0.0537 0.1259 0.0018
139 0.0790 0.2629 0.5835 0.0163 0.0582 0.0001
140 0.1000 0.2288 0.5156 0.1399 0.0133 0.0024
141 0.0472 0.3276 0.5752 0.0388 0.0102 0.0007
142 0.0733 0.3184 0.5415 0.0481 0.0175 0.0010
143 0.0560 0.4912 0.3650 0.0624 0.0252 0.0003
144 0.0980 0.1996 0.5596 0.0757 0.0658 0.0010
145 0.0091 0.1266 0.7754 0.0473 0.0405 0.0009
146 0.0265 0.1676 0.3547 0.4280 0.0210 0.0022
147 0.1091 0.3132 0.4216 0.0417 0.1025 0.0118
148 0.1704 0.3062 0.4250 0.0402 0.0566 0.0015
149 0.1823 0.1659 0.4204 0.1262 0.0923 0.0128
150 0.0931 0.0790 0.1376 0.0490 0.6411 0.0004
151 0.0854 0.0551 0.0634 0.0164 0.7788 0.0008
152 0.0869 0.2496 0.5894 0.0243 0.0476 0.0020
153 0.0942 0.5098 0.3240 0.0290 0.0323 0.0110
154 0.0377 0.4890 0.4182 0.0401 0.0106 0.0044
155 0.0424 0.3445 0.3726 0.0980 0.1307 0.0117
156 0.0048 0.0090 0.0042 0.0069 0.9746 0.0005
157 0.1344 0.2147 0.1488 0.0100 0.4917 0.0005
158 0.0731 0.1344 0.6992 0.0317 0.0616 0.0002
159 0.0423 0.0991 0.1141 0.0170 0.7266 0.0009
160 0.0938 0.0461 0.0703 0.0104 0.7793 0.0004
161 0.1854 0.2325 0.2344 0.0206 0.3254 0.0016
162 0.2169 0.1445 0.3333 0.0238 0.2808 0.0008
163 0.1370 0.3110 0.3208 0.0374 0.1931 0.0006
164 0.1017 0.1538 0.3547 0.0417 0.3413 0.0067
165 0.0539 0.2491 0.4106 0.2491 0.0362 0.0011
166 0.1359 0.1564 0.3159 0.0912 0.2876 0.0128
167 0.0909 0.3738 0.3567 0.0139 0.1620 0.0028
168 0.1541 0.5010 0.2661 0.0201 0.0580 0.0006
169 0.0337 0.2341 0.5884 0.1141 0.0211 0.0085
170 0.0224 0.4399 0.3882 0.1013 0.0453 0.0028
171 0.0441 0.1118 0.1248 0.0125 0.7065 0.0001
172 0.0567 0.2925 0.5464 0.0188 0.0838 0.0020
173 0.0775 0.2241 0.4895 0.1493 0.0540 0.0057
174 0.0323 0.4116 0.5122 0.0291 0.0141 0.0005
175 0.2710 0.1473 0.3293 0.1907 0.0609 0.0007
176 0.2854 0.1109 0.1338 0.2876 0.1815 0.0006
177 0.2025 0.2386 0.3418 0.1641 0.0516 0.0013
178 0.3354 0.1432 0.2341 0.1572 0.1293 0.0007
179 0.0147 0.0112 0.0399 0.0996 0.8340 0.0003
180 0.2250 0.0881 0.2048 0.3484 0.1312 0.0022
181 0.3450 0.0648 0.1997 0.2646 0.1249 0.0009
182 0.3792 0.1373 0.0901 0.3022 0.0901 0.0010
183 0.1853 0.1160 0.0720 0.1263 0.5000 0.0003
184 0.0370 0.3372 0.4609 0.0873 0.0764 0.0012
185 0.1675 0.4998 0.2634 0.0119 0.0523 0.0051
186 0.0748 0.5034 0.3801 0.0053 0.0327 0.0033
187 0.0330 0.0786 0.7339 0.1198 0.0327 0.0020
188 0.0407 0.1022 0.7612 0.0556 0.0391 0.0011
189 0.1552 0.0508 0.2312 0.0078 0.5547 0.0006
190 0.1842 0.1337 0.1899 0.0142 0.4775 0.0003
191 0.0576 0.2603 0.4978 0.1426 0.0396 0.0020
192 0.0575 0.1599 0.4346 0.2896 0.0430 0.0155
193 0.1442 0.2098 0.3711 0.1283 0.0923 0.0543
194 0.2106 0.1553 0.2788 0.0025 0.3525 0.0001
195 0.1676 0.1357 0.1702 0.0044 0.5161 0.0061
196 0.0809 0.1063 0.0539 0.0090 0.7495 0.0002
197 0.0464 0.0809 0.0983 0.1376 0.6362 0.0006
198 0.0222 0.0114 0.0151 0.0048 0.9463 0.0003
199 0.0222 0.0533 0.0323 0.0044 0.8877 0.0002
200 0.0103 0.0177 0.0149 0.0009 0.9561 0.0001
201 0.0272 0.1555 0.1289 0.0224 0.6650 0.0006
202 0.0290 0.0729 0.0801 0.0086 0.8086 0.0009
203 0.0402 0.3340 0.1903 0.0253 0.4092 0.0011
204 0.1144 0.1423 0.3635 0.1237 0.2421 0.0142
205 0.0390 0.0851 0.2389 0.0775 0.5552 0.0042
206 0.1635 0.3657 0.4048 0.0145 0.0515 0.0002
207 0.0637 0.4529 0.4529 0.0155 0.0148 0.0003
208 0.1234 0.2286 0.5977 0.0295 0.0204 0.0004
209 0.1312 0.2233 0.3979 0.0373 0.2002 0.0099
210 0.3115 0.2815 0.2125 0.1220 0.0463 0.0262
211 0.0762 0.5010 0.3525 0.0371 0.0318 0.0013
212 0.0825 0.5547 0.3262 0.0257 0.0105 0.0004
213 0.1035 0.3845 0.4424 0.0170 0.0520 0.0006
214 0.1069 0.3704 0.3093 0.0176 0.1951 0.0008
215 0.0775 0.1393 0.3877 0.0176 0.3757 0.0023
216 0.0569 0.3005 0.3513 0.0416 0.2490 0.0008
217 0.0715 0.1884 0.3987 0.1466 0.1825 0.0123
218 0.0970 0.3809 0.1469 0.0210 0.3521 0.0023
219 0.2517 0.2257 0.1515 0.0225 0.3389 0.0098
220 0.0340 0.0918 0.1797 0.0749 0.6177 0.0020
221 0.0359 0.1986 0.2164 0.2147 0.3325 0.0018
222 0.0517 0.1165 0.0764 0.0186 0.7358 0.0010
223 0.0620 0.1046 0.0945 0.0120 0.7261 0.0009
224 0.0699 0.1704 0.1962 0.0115 0.5503 0.0016
225 0.0697 0.1698 0.1865 0.0079 0.5654 0.0007
226 0.0679 0.0717 0.1350 0.0176 0.7070 0.0006
227 0.0635 0.1365 0.0730 0.0057 0.7202 0.0009
228 0.1190 0.3335 0.1626 0.0171 0.3665 0.0014
229 0.1428 0.2861 0.2527 0.0216 0.2930 0.0038
230 0.1843 0.1083 0.2922 0.0349 0.3782 0.0020
231 0.2686 0.0921 0.2905 0.0643 0.2771 0.0074
232 0.1660 0.0748 0.1560 0.3625 0.0797 0.1609
