time exciting_prob fearful_prob tense_prob sad_prob relaxing_prob neutral_prob
0 0.1136 0.1553 0.1349 0.1288 0.0181 0.4492
1 0.1292 0.0620 0.3049 0.2844 0.1046 0.1149
2 0.1156 0.1260 0.3318 0.2317 0.0746 0.1202
3 0.2368 0.1172 0.1154 0.3555 0.0270 0.1482
4 0.0804 0.1927 0.4846 0.2117 0.0123 0.0182
5 0.0640 0.2306 0.3354 0.2739 0.0205 0.0754
6 0.0604 0.1268 0.0590 0.1603 0.5771 0.0164
7 0.1523 0.5576 0.1377 0.0676 0.0743 0.0105
8 0.1157 0.3425 0.1184 0.0385 0.3647 0.0201
9 0.0663 0.2241 0.2350 0.3638 0.0435 0.0673
10 0.1316 0.0588 0.6279 0.1357 0.0207 0.0253
11 0.1921 0.2668 0.3911 0.0624 0.0196 0.0680
12 0.1830 0.1873 0.3667 0.0781 0.0185 0.1665
13 0.0064 0.2389 0.0181 0.6914 0.0372 0.0081
14 0.0854 0.1768 0.6362 0.0362 0.0273 0.0379
15 0.2428 0.0752 0.2927 0.0513 0.1997 0.1383
16 0.1603 0.5171 0.0858 0.1267 0.0576 0.0524
17 0.1035 0.3315 0.3640 0.1201 0.0442 0.0369
18 0.0885 0.3394 0.4028 0.0375 0.1068 0.0250
19 0.0616 0.2201 0.3574 0.0704 0.2615 0.0291
20 0.1254 0.0784 0.0447 0.0197 0.7046 0.0273
21 0.0304 0.2177 0.0820 0.0509 0.5557 0.0634
22 0.1176 0.2162 0.1533 0.0439 0.0867 0.3823
23 0.0648 0.2483 0.1210 0.2727 0.1760 0.1172
24 0.0619 0.0674 0.2563 0.0283 0.0080 0.5781
25 0.1626 0.2103 0.1445 0.0240 0.1144 0.3442
26 0.0409 0.0818 0.1128 0.0264 0.0363 0.7017
27 0.0405 0.2463 0.2279 0.2388 0.2351 0.0113
28 0.0429 0.3735 0.2820 0.1013 0.1968 0.0035
29 0.0631 0.1188 0.3281 0.0926 0.3838 0.0135
30 0.0884 0.2137 0.1171 0.2922 0.2788 0.0098
31 0.1552 0.4385 0.2188 0.0411 0.0330 0.1135
32 0.2502 0.4324 0.1164 0.0763 0.0274 0.0972
33 0.0219 0.0764 0.0590 0.0116 0.8276 0.0035
34 0.1091 0.0884 0.0484 0.0066 0.6333 0.1144
35 0.0202 0.0415 0.0244 0.0399 0.8267 0.0474
36 0.0826 0.5024 0.1792 0.0866 0.1353 0.0138
37 0.0905 0.2617 0.3633 0.1799 0.0863 0.0182
38 0.1652 0.1481 0.1434 0.2153 0.3184 0.0097
39 0.0857 0.3037 0.2499 0.2876 0.0677 0.0053
40 0.0412 0.4231 0.1631 0.0302 0.2373 0.1053
41 0.1306 0.1730 0.1189 0.1757 0.0211 0.3809
42 0.0304 0.5649 0.1475 0.0048 0.2319 0.0204
43 0.0330 0.2593 0.1755 0.0164 0.0158 0.5000
44 0.0376 0.3127 0.1313 0.0495 0.0917 0.3772
45 0.3306 0.0447 0.3411 0.1825 0.0557 0.0454
46 0.0842 0.0636 0.1179 0.4114 0.0849 0.2380
47 0.1454 0.2935 0.1465 0.0170 0.0491 0.3486
48 0.0468 0.1375 0.1658 0.0269 0.0260 0.5972
49 0.1038 0.0881 0.0332 0.0362 0.7153 0.0235
50 0.2705 0.5679 0.1075 0.0276 0.0093 0.0172
51 0.0161 0.0589 0.0844 0.0201 0.8135 0.0072
52 0.0652 0.3779 0.0603 0.1327 0.0249 0.3389
53 0.0538 0.6870 0.0596 0.0587 0.0348 0.1062
54 0.2983 0.2593 0.1926 0.1866 0.0237 0.0394
55 0.1183 0.2881 0.1519 0.1642 0.0131 0.2644
56 0.0316 0.1967 0.2126 0.2729 0.0088 0.2773
57 0.0833 0.0321 0.1249 0.5869 0.0148 0.1580
58 0.0343 0.2961 0.1512 0.0447 0.4585 0.0152
59 0.0780 0.2854 0.2876 0.1287 0.0083 0.2120
60 0.1570 0.0867 0.2756 0.1608 0.0173 0.3027
61 0.2742 0.1624 0.2255 0.1444 0.0434 0.1501
62 0.2681 0.1338 0.1392 0.2520 0.0589 0.1481
63 0.0572 0.3142 0.4573 0.1508 0.0095 0.0110
64 0.1954 0.1301 0.2163 0.1251 0.0279 0.3049
65 0.1143 0.1008 0.1346 0.0241 0.1742 0.4519
66 0.0473 0.0317 0.0515 0.0401 0.0544 0.7749
67 0.0584 0.5542 0.1588 0.1199 0.0386 0.0699
68 0.1132 0.3325 0.1365 0.0108 0.1224 0.2844
69 0.0845 0.3420 0.1318 0.0159 0.1191 0.3066
70 0.1783 0.2595 0.1108 0.0211 0.0970 0.3333
71 0.3652 0.2286 0.2114 0.0923 0.0269 0.0754
72 0.0955 0.2659 0.1390 0.0202 0.0163 0.4631
73 0.1727 0.3545 0.1151 0.1324 0.1796 0.0458
74 0.2617 0.3059 0.2402 0.0672 0.1152 0.0095
75 0.1714 0.5708 0.1334 0.0414 0.0491 0.0340
76 0.0748 0.6113 0.1559 0.0796 0.0410 0.0373
77 0.2332 0.3904 0.1277 0.0387 0.1257 0.0844
78 0.2167 0.5078 0.1399 0.0340 0.0392 0.0626
79 0.1945 0.0251 0.3257 0.2576 0.0993 0.0978
80 0.1947 0.2330 0.2500 0.2423 0.0220 0.0580
81 0.0903 0.5532 0.1661 0.1334 0.0115 0.0454
82 0.0120 0.8149 0.1484 0.0038 0.0055 0.0152
83 0.0302 0.5312 0.0983 0.0149 0.0182 0.3074
84 0.0341 0.2369 0.0734 0.0135 0.0081 0.6338
85 0.0580 0.4705 0.1246 0.0076 0.0109 0.3284
86 0.1313 0.3625 0.1621 0.0069 0.0319 0.3052
87 0.0449 0.1846 0.0418 0.2644 0.4429 0.0215
88 0.0988 0.1788 0.1298 0.0256 0.2856 0.2812
89 0.1207 0.3181 0.1236 0.0503 0.0488 0.3386
90 0.1937 0.1556 0.3914 0.1364 0.0409 0.0820
91 0.1117 0.4739 0.1515 0.0090 0.2458 0.0081
92 0.1965 0.2544 0.2408 0.1555 0.0576 0.0950
93 0.1720 0.1320 0.2191 0.1980 0.0900 0.1890
94 0.1100 0.1772 0.0710 0.0202 0.5811 0.0405
95 0.5010 0.0452 0.1902 0.1917 0.0642 0.0080
96 0.0618 0.1011 0.0763 0.0089 0.6802 0.0717
97 0.1826 0.4451 0.1276 0.0499 0.0434 0.1515
98 0.1556 0.3047 0.1998 0.0207 0.0306 0.2886
99 0.1405 0.1077 0.1212 0.0723 0.3423 0.2159
100 0.0819 0.1708 0.1531 0.2729 0.3091 0.0123
101 0.0222 0.5337 0.1505 0.2522 0.0349 0.0065
102 0.0369 0.0950 0.0669 0.0554 0.7246 0.0212
103 0.1660 0.3152 0.2271 0.1610 0.0760 0.0548
104 0.2025 0.5767 0.1470 0.0328 0.0296 0.0114
105 0.1635 0.0875 0.0440 0.0650 0.5615 0.0784
106 0.0872 0.6963 0.1628 0.0292 0.0062 0.0184
107 0.0572 0.0818 0.0950 0.0885 0.2314 0.4460
108 0.0423 0.3464 0.2004 0.0072 0.3862 0.0174
109 0.2307 0.2761 0.1024 0.2849 0.0969 0.0091
110 0.2141 0.1616 0.4128 0.1567 0.0537 0.0009
111 0.1107 0.2184 0.1636 0.0157 0.3572 0.1345
112 0.2598 0.2722 0.1527 0.1771 0.1276 0.0105
113 0.2161 0.0944 0.1005 0.5103 0.0339 0.0446
114 0.2228 0.4131 0.1891 0.0623 0.0563 0.0563
115 0.1274 0.2537 0.2496 0.1422 0.0646 0.1625
116 0.1105 0.3298 0.1893 0.0665 0.1071 0.1969
117 0.1486 0.3245 0.2247 0.0559 0.1863 0.0600
118 0.0811 0.1490 0.3689 0.1125 0.0682 0.2203
119 0.1761 0.2408 0.0497 0.1592 0.1077 0.2666
120 0.0900 0.1520 0.2373 0.2354 0.1183 0.1669
121 0.0599 0.0657 0.2581 0.2074 0.0927 0.3162
122 0.2307 0.2573 0.3152 0.1661 0.0135 0.0171
123 0.2739 0.1675 0.5200 0.0305 0.0076 0.0007
124 0.1181 0.1018 0.1759 0.3667 0.2024 0.0352
125 0.0318 0.0870 0.2969 0.2172 0.0411 0.3259
126 0.1313 0.4175 0.1151 0.2084 0.0875 0.0401
127 0.2383 0.2722 0.3083 0.0366 0.0363 0.1083
128 0.0851 0.1027 0.2242 0.3967 0.0396 0.1517
129 0.1171 0.4216 0.2402 0.1237 0.0251 0.0721
130 0.0503 0.5239 0.3772 0.0220 0.0038 0.0230
131 0.0811 0.2964 0.2615 0.2053 0.1016 0.0540
132 0.0623 0.4639 0.0965 0.1642 0.1919 0.0212
133 0.1074 0.3154 0.1526 0.2053 0.2135 0.0057
134 0.0873 0.4006 0.0801 0.0894 0.3398 0.0027
135 0.2184 0.0698 0.4277 0.1649 0.0472 0.0720
136 0.0623 0.0740 0.1128 0.1404 0.6099 0.0007
137 0.1597 0.0992 0.1454 0.5361 0.0368 0.0228
138 0.1262 0.0312 0.3247 0.3916 0.0200 0.1063
139 0.1011 0.1201 0.6001 0.1591 0.0114 0.0082
140 0.0421 0.2542 0.1519 0.1566 0.3530 0.0421
141 0.0699 0.2170 0.4456 0.1401 0.0462 0.0811
142 0.0572 0.1128 0.0793 0.4392 0.2208 0.0906
143 0.0640 0.2003 0.0257 0.3103 0.3921 0.0076
144 0.1680 0.1553 0.3210 0.2313 0.0580 0.0663
145 0.0720 0.4695 0.2554 0.1525 0.0404 0.0103
146 0.0067 0.0088 0.0097 0.0049 0.9653 0.0047
147 0.0114 0.0066 0.0059 0.0008 0.9722 0.0030
148 0.3770 0.2340 0.2002 0.0453 0.1030 0.0406
149 0.0694 0.3335 0.0652 0.2766 0.1576 0.0978
150 0.0814 0.3220 0.2319 0.3025 0.0468 0.0155
151 0.0607 0.3035 0.0616 0.3896 0.0540 0.1305
152 0.0676 0.0476 0.0343 0.0135 0.8306 0.0064
153 0.0925 0.2086 0.1161 0.3230 0.2053 0.0544
154 0.0644 0.3425 0.1484 0.1998 0.0974 0.1473
155 0.0980 0.2463 0.0599 0.3787 0.1919 0.0254
156 0.1013 0.4609 0.1833 0.2229 0.0212 0.0106
157 0.0849 0.2380 0.1421 0.4807 0.0289 0.0253
158 0.0632 0.4385 0.2639 0.1799 0.0253 0.0294
159 0.2922 0.2240 0.0589 0.1857 0.0728 0.1665
160 0.0742 0.0634 0.1282 0.4761 0.1451 0.1131
161 0.0417 0.2289 0.2761 0.3953 0.0101 0.0480
162 0.1403 0.0448 0.0763 0.5376 0.1719 0.0289
163 0.0770 0.3000 0.4102 0.1311 0.0521 0.0297
164 0.1531 0.0262 0.0764 0.5181 0.1790 0.0474
165 0.1224 0.1313 0.0946 0.0310 0.6025 0.0181
166 0.1411 0.4736 0.1503 0.1367 0.0761 0.0222
167 0.3555 0.2971 0.1172 0.1110 0.0757 0.0435
168 0.1873 0.2024 0.1639 0.3694 0.0558 0.0212
169 0.1461 0.1567 0.1681 0.0879 0.1484 0.2927
170 0.2128 0.0654 0.1139 0.5605 0.0155 0.0319
171 0.0642 0.0313 0.0315 0.1589 0.5210 0.1931
172 0.1462 0.3647 0.2095 0.0416 0.1820 0.0559
173 0.1077 0.3787 0.1483 0.1182 0.1578 0.0892
174 0.1175 0.0859 0.3193 0.3975 0.0629 0.0168
175 0.0795 0.2126 0.4099 0.1876 0.0859 0.0246
176 0.0854 0.4478 0.0903 0.0909 0.0142 0.2715
177 0.0797 0.2986 0.2289 0.0265 0.3032 0.0630
178 0.0724 0.1262 0.1204 0.0264 0.6309 0.0237
179 0.0826 0.1655 0.1289 0.2352 0.2793 0.1085
180 0.0839 0.4326 0.0936 0.0788 0.2749 0.0361
181 0.0790 0.3433 0.3076 0.1323 0.0676 0.0703
182 0.0645 0.1282 0.6929 0.0765 0.0129 0.0250
183 0.1646 0.1166 0.1697 0.3376 0.0730 0.1385
184 0.1626 0.1858 0.1626 0.0878 0.2385 0.1626
185 0.0339 0.2507 0.0735 0.1332 0.5068 0.0019
186 0.2344 0.0862 0.5449 0.0977 0.0179 0.0188
187 0.0526 0.1063 0.2032 0.0697 0.5527 0.0156
188 0.0382 0.4648 0.1710 0.0271 0.0297 0.2690
189 0.0583 0.1272 0.5029 0.2610 0.0078 0.0426
190 0.0496 0.2056 0.1083 0.0710 0.0488 0.5166
191 0.0558 0.1600 0.1552 0.1066 0.0215 0.5010
192 0.0515 0.0267 0.0208 0.0574 0.8374 0.0063
193 0.0211 0.7041 0.1365 0.0195 0.0365 0.0822
194 0.0492 0.7876 0.0704 0.0173 0.0455 0.0298
195 0.1425 0.5459 0.1287 0.0711 0.0549 0.0567
196 0.0676 0.1333 0.1511 0.1293 0.4802 0.0385
197 0.1705 0.0562 0.0818 0.2971 0.3640 0.0303
198 0.0291 0.5195 0.3252 0.0651 0.0407 0.0202
199 0.0690 0.0443 0.0712 0.1581 0.0701 0.5874
200 0.0881 0.1766 0.0583 0.0183 0.6265 0.0322
201 0.0512 0.7578 0.1144 0.0140 0.0283 0.0344
202 0.1216 0.1898 0.3491 0.2986 0.0251 0.0158
203 0.2418 0.1197 0.0797 0.3254 0.1661 0.0671
204 0.0721 0.3259 0.1915 0.0386 0.3665 0.0055
205 0.0732 0.1885 0.1613 0.0792 0.4814 0.0163
206 0.1913 0.1151 0.0876 0.1466 0.1367 0.3228
207 0.1755 0.2202 0.1929 0.1715 0.1274 0.1125
208 0.0384 0.4790 0.2142 0.0195 0.0154 0.2335
209 0.0170 0.2312 0.2275 0.0485 0.0088 0.4670
210 0.0829 0.1942 0.2100 0.0597 0.3923 0.0611
211 0.0747 0.4685 0.0254 0.0127 0.4104 0.0082
212 0.0127 0.0456 0.0256 0.0094 0.9014 0.0056
213 0.0602 0.1124 0.3103 0.4805 0.0338 0.0029
214 0.0520 0.0316 0.1403 0.1191 0.6338 0.0233
215 0.0692 0.1443 0.1687 0.0511 0.5620 0.0050
216 0.0770 0.0814 0.4229 0.0493 0.3674 0.0019
217 0.0667 0.1842 0.0627 0.1434 0.5415 0.0015
218 0.1036 0.5303 0.0944 0.0152 0.2013 0.0551
219 0.0657 0.2744 0.0496 0.2678 0.1306 0.2119
220 0.0432 0.6299 0.2013 0.0075 0.0521 0.0659
221 0.0663 0.1591 0.1517 0.1720 0.3528 0.0980
222 0.1277 0.0667 0.2922 0.4668 0.0132 0.0333
223 0.2642 0.2207 0.3088 0.1349 0.0287 0.0424
224 0.1694 0.1761 0.3020 0.1102 0.1329 0.1094
225 0.0208 0.3567 0.1140 0.0457 0.4509 0.0121
226 0.0906 0.3936 0.2522 0.0161 0.1554 0.0920
227 0.3096 0.1157 0.1148 0.1968 0.0436 0.2196
228 0.0676 0.0743 0.2019 0.4480 0.0984 0.1098
229 0.1823 0.1925 0.1398 0.0881 0.0176 0.3799
230 0.1910 0.1323 0.2083 0.1196 0.0385 0.3103
231 0.1865 0.1511 0.0630 0.0999 0.4106 0.0888
232 0.0794 0.1193 0.0807 0.0150 0.7026 0.0031
233 0.0814 0.6611 0.0895 0.0555 0.1088 0.0038
234 0.0895 0.1454 0.0592 0.0126 0.0263 0.6670
235 0.2930 0.3733 0.1439 0.0275 0.0316 0.1310
236 0.3252 0.1454 0.4695 0.0523 0.0032 0.0043
237 0.0582 0.1223 0.1396 0.1223 0.4990 0.0587
238 0.0647 0.1458 0.2258 0.4026 0.0459 0.1153
239 0.0775 0.1318 0.0567 0.3420 0.0950 0.2971
240 0.0532 0.0544 0.1870 0.3779 0.0511 0.2764
241 0.0300 0.0904 0.1742 0.5986 0.0738 0.0327
242 0.0316 0.1085 0.0358 0.0058 0.7832 0.0350
243 0.0504 0.3999 0.2388 0.0127 0.0126 0.2856
244 0.0785 0.1610 0.1315 0.1489 0.1444 0.3357
245 0.0813 0.5020 0.1044 0.0996 0.0422 0.1708
246 0.1808 0.0543 0.0938 0.2844 0.0596 0.3274
