time exciting_prob fearful_prob tense_prob sad_prob relaxing_prob neutral_prob
0 0.1176 0.0974 0.0860 0.2908 0.0228 0.3853
1 0.1851 0.0461 0.0945 0.4304 0.0275 0.2164
2 0.7231 0.0035 0.0033 0.0138 0.2559 0.0006
3 0.7671 0.0057 0.0056 0.0610 0.1583 0.0024
4 0.6294 0.0029 0.0057 0.1077 0.2483 0.0062
5 0.1177 0.0082 0.8496 0.0171 0.0029 0.0043
6 0.1256 0.0130 0.8521 0.0055 0.0024 0.0016
7 0.2397 0.2288 0.3628 0.0656 0.0931 0.0101
8 0.8760 0.0329 0.0120 0.0510 0.0273 0.0006
9 0.8315 0.0185 0.0166 0.1009 0.0310 0.0016
10 0.2854 0.0727 0.2808 0.1108 0.2366 0.0138
11 0.1855 0.1611 0.3308 0.2308 0.0798 0.0120
12 0.0205 0.5454 0.2917 0.1216 0.0165 0.0044
13 0.0776 0.0493 0.3164 0.5137 0.0209 0.0222
14 0.1104 0.0833 0.1450 0.0789 0.5649 0.0177
15 0.1187 0.1410 0.5234 0.1132 0.0552 0.0483
16 0.6255 0.2318 0.1070 0.0105 0.0138 0.0115
17 0.5337 0.2258 0.1614 0.0274 0.0431 0.0087
18 0.3267 0.2194 0.3267 0.0576 0.0258 0.0439
19 0.2932 0.2111 0.1670 0.0600 0.0314 0.2374
20 0.6333 0.0528 0.1901 0.0445 0.0182 0.0612
21 0.4028 0.1019 0.3394 0.0928 0.0191 0.0442
22 0.5679 0.1359 0.2172 0.0424 0.0283 0.0085
23 0.0730 0.3564 0.2820 0.1765 0.0982 0.0137
24 0.6206 0.1710 0.1807 0.0125 0.0126 0.0027
25 0.0844 0.1528 0.2313 0.1200 0.3997 0.0119
26 0.0708 0.0881 0.1534 0.0490 0.6309 0.0079
27 0.0884 0.1600 0.5005 0.2087 0.0210 0.0213
28 0.5669 0.1235 0.1990 0.0469 0.0332 0.0307
29 0.4072 0.0640 0.3350 0.0861 0.0124 0.0953
30 0.2040 0.0787 0.1180 0.0678 0.5171 0.0147
31 0.2363 0.0933 0.1990 0.4019 0.0491 0.0203
32 0.3477 0.1965 0.3423 0.0718 0.0168 0.0248
33 0.0807 0.1045 0.6709 0.1301 0.0084 0.0052
34 0.3921 0.1215 0.3201 0.1215 0.0170 0.0282
35 0.1360 0.0787 0.4600 0.2922 0.0272 0.0059
36 0.1350 0.1965 0.4360 0.1846 0.0240 0.0238
37 0.0364 0.2395 0.6611 0.0569 0.0023 0.0036
38 0.3740 0.1621 0.2673 0.1115 0.0498 0.0351
39 0.4714 0.0406 0.3142 0.1438 0.0204 0.0096
40 0.0987 0.0174 0.0818 0.1947 0.6001 0.0074
41 0.6245 0.0550 0.1415 0.1299 0.0399 0.0093
42 0.4922 0.1178 0.2939 0.0317 0.0203 0.0440
43 0.3884 0.0771 0.1475 0.3538 0.0180 0.0151
44 0.1099 0.2988 0.2678 0.2808 0.0310 0.0118
45 0.4314 0.0657 0.2966 0.1152 0.0380 0.0532
46 0.4524 0.1445 0.2440 0.0627 0.0408 0.0557
47 0.5029 0.1292 0.2778 0.0433 0.0316 0.0151
48 0.0899 0.4321 0.2042 0.0913 0.0722 0.1102
49 0.1660 0.1740 0.3379 0.1366 0.1794 0.0060
50 0.0927 0.3499 0.2090 0.0528 0.0316 0.2642
51 0.0432 0.1791 0.5967 0.1439 0.0217 0.0154
52 0.4465 0.2228 0.2771 0.0186 0.0313 0.0037
53 0.2983 0.1420 0.3542 0.1699 0.0241 0.0113
54 0.3894 0.1225 0.3435 0.0749 0.0162 0.0535
55 0.1610 0.0939 0.6367 0.0862 0.0109 0.0112
56 0.3125 0.1177 0.4993 0.0385 0.0105 0.0216
57 0.4973 0.1307 0.2443 0.0906 0.0249 0.0123
58 0.3826 0.1969 0.3796 0.0169 0.0218 0.0021
59 0.3623 0.1096 0.2610 0.2129 0.0329 0.0214
60 0.0970 0.0756 0.6948 0.0955 0.0269 0.0101
61 0.2654 0.1388 0.2695 0.0854 0.2200 0.0210
62 0.2438 0.3179 0.1663 0.0849 0.1586 0.0287
63 0.2032 0.1176 0.4951 0.1659 0.0092 0.0088
64 0.1400 0.1676 0.1400 0.2256 0.3013 0.0255
65 0.4036 0.1221 0.2795 0.1310 0.0406 0.0231
66 0.3796 0.1038 0.3567 0.1354 0.0200 0.0044
67 0.3052 0.0630 0.4304 0.1659 0.0194 0.0162
68 0.0465 0.1274 0.1400 0.5986 0.0849 0.0023
69 0.3184 0.0774 0.1180 0.1348 0.3389 0.0125
70 0.5220 0.1876 0.2544 0.0229 0.0110 0.0020
71 0.0279 0.0449 0.1641 0.7241 0.0316 0.0075
72 0.5112 0.0991 0.2673 0.0881 0.0195 0.0147
73 0.2949 0.0806 0.3291 0.1935 0.0384 0.0633
74 0.1071 0.2163 0.2080 0.3826 0.0670 0.0190
75 0.0170 0.5669 0.1599 0.2515 0.0021 0.0026
76 0.0495 0.1285 0.5327 0.2720 0.0101 0.0074
77 0.4392 0.1361 0.2793 0.0832 0.0331 0.0292
78 0.0872 0.3318 0.5137 0.0542 0.0108 0.0022
79 0.0332 0.1606 0.7666 0.0327 0.0059 0.0009
80 0.1935 0.0576 0.2194 0.0752 0.4431 0.0113
81 0.2917 0.1091 0.4053 0.1074 0.0300 0.0566
82 0.4177 0.1179 0.4114 0.0232 0.0282 0.0017
83 0.3416 0.3210 0.1589 0.1127 0.0452 0.0207
84 0.3652 0.1499 0.2491 0.1453 0.0457 0.0446
85 0.1891 0.1721 0.2837 0.1617 0.0439 0.1495
86 0.0445 0.0845 0.3042 0.5015 0.0517 0.0134
87 0.4795 0.0908 0.2128 0.1835 0.0145 0.0189
88 0.2686 0.2427 0.3369 0.0845 0.0279 0.0396
89 0.1483 0.1268 0.3970 0.1211 0.0387 0.1681
90 0.5952 0.1603 0.1802 0.0331 0.0172 0.0139
91 0.2700 0.1798 0.3521 0.1379 0.0511 0.0090
92 0.3889 0.2164 0.3301 0.0182 0.0416 0.0050
93 0.1995 0.1128 0.1788 0.1904 0.3115 0.0070
94 0.1192 0.6445 0.2061 0.0199 0.0090 0.0013
95 0.1075 0.3472 0.4526 0.0705 0.0079 0.0142
96 0.2610 0.1686 0.4043 0.1055 0.0475 0.0129
97 0.4646 0.2246 0.2795 0.0214 0.0088 0.0011
98 0.6382 0.2023 0.1058 0.0323 0.0205 0.0011
99 0.6089 0.2539 0.1083 0.0202 0.0068 0.0020
100 0.4248 0.1492 0.3157 0.0484 0.0451 0.0166
101 0.4812 0.0792 0.3132 0.0863 0.0276 0.0124
102 0.1735 0.3877 0.3240 0.0701 0.0341 0.0106
103 0.2446 0.3970 0.2666 0.0222 0.0648 0.0049
104 0.2671 0.2413 0.2671 0.2017 0.0071 0.0158
105 0.2622 0.1693 0.3474 0.1415 0.0520 0.0276
106 0.2284 0.3567 0.2734 0.0665 0.0510 0.0241
107 0.3792 0.1848 0.2908 0.0789 0.0345 0.0319
108 0.2479 0.1992 0.3899 0.0584 0.0424 0.0622
109 0.4302 0.2214 0.2935 0.0334 0.0179 0.0037
110 0.0992 0.6577 0.0488 0.0970 0.0414 0.0561
111 0.0910 0.1324 0.5239 0.2150 0.0116 0.0261
112 0.3999 0.1666 0.1720 0.1201 0.1288 0.0127
113 0.2900 0.0898 0.1298 0.2500 0.2241 0.0162
114 0.0886 0.1405 0.1250 0.5825 0.0568 0.0064
115 0.5366 0.1610 0.2399 0.0385 0.0181 0.0061
116 0.2791 0.1318 0.5132 0.0474 0.0073 0.0213
117 0.3923 0.3152 0.1768 0.0660 0.0461 0.0035
118 0.2517 0.2152 0.1990 0.2021 0.0444 0.0876
119 0.3086 0.1338 0.4561 0.0850 0.0111 0.0056
120 0.2878 0.2622 0.3315 0.0360 0.0787 0.0037
121 0.4734 0.1675 0.2871 0.0253 0.0424 0.0042
122 0.1710 0.2196 0.5479 0.0432 0.0171 0.0013
123 0.2319 0.1148 0.3706 0.2145 0.0551 0.0132
124 0.0533 0.0706 0.6489 0.2139 0.0080 0.0056
125 0.2043 0.0378 0.3938 0.3020 0.0390 0.0229
126 0.3499 0.2224 0.2405 0.1437 0.0349 0.0086
127 0.2639 0.1266 0.1976 0.3132 0.0811 0.0175
128 0.1624 0.1049 0.7163 0.0061 0.0101 0.0003
129 0.1129 0.0533 0.1383 0.6196 0.0422 0.0339
130 0.5830 0.1533 0.1710 0.0486 0.0426 0.0013
131 0.0765 0.2394 0.6021 0.0748 0.0062 0.0011
132 0.1299 0.0751 0.1259 0.5552 0.0187 0.0950
133 0.1713 0.2781 0.4307 0.0984 0.0197 0.0020
134 0.3252 0.2915 0.2983 0.0527 0.0320 0.0004
135 0.1345 0.1081 0.2893 0.4016 0.0284 0.0382
136 0.6245 0.1747 0.1616 0.0107 0.0274 0.0011
137 0.0817 0.0532 0.6846 0.1266 0.0067 0.0473
138 0.6216 0.1039 0.1881 0.0587 0.0259 0.0019
139 0.2371 0.3818 0.1920 0.0163 0.1721 0.0006
140 0.1102 0.1044 0.6968 0.0776 0.0069 0.0040
141 0.1816 0.3394 0.1846 0.0516 0.2407 0.0021
142 0.5352 0.1251 0.2162 0.0649 0.0551 0.0035
143 0.1160 0.6470 0.1537 0.0354 0.0454 0.0026
144 0.1541 0.1278 0.3813 0.3162 0.0148 0.0057
145 0.0815 0.0697 0.3223 0.4475 0.0256 0.0534
146 0.1093 0.1426 0.3474 0.3640 0.0137 0.0233
147 0.0591 0.0439 0.4648 0.3977 0.0224 0.0120
148 0.1799 0.1074 0.3750 0.2310 0.0963 0.0105
149 0.4993 0.1595 0.1510 0.1195 0.0676 0.0032
150 0.0565 0.1124 0.3408 0.4514 0.0267 0.0122
151 0.0737 0.1611 0.3154 0.3574 0.0322 0.0602
152 0.2391 0.2546 0.4609 0.0148 0.0297 0.0006
153 0.1121 0.0690 0.4573 0.2605 0.0758 0.0254
154 0.5288 0.0774 0.2070 0.1458 0.0354 0.0056
155 0.2883 0.1417 0.1791 0.2668 0.1095 0.0146
156 0.3652 0.2778 0.2451 0.0262 0.0854 0.0003
157 0.1515 0.1049 0.5454 0.1017 0.0469 0.0496
158 0.3132 0.3184 0.0850 0.2239 0.0593 0.0002
159 0.2399 0.0646 0.3987 0.2495 0.0261 0.0213
160 0.4595 0.1758 0.3132 0.0315 0.0185 0.0013
161 0.3394 0.3640 0.0858 0.0663 0.1404 0.0043
162 0.2491 0.1852 0.4172 0.0895 0.0565 0.0023
163 0.1130 0.1682 0.4036 0.2646 0.0361 0.0145
164 0.0988 0.1019 0.4426 0.2771 0.0274 0.0521
165 0.1447 0.1665 0.4185 0.2292 0.0360 0.0052
166 0.0757 0.0928 0.2686 0.4497 0.0769 0.0363
167 0.1965 0.1580 0.5513 0.0614 0.0198 0.0132
168 0.3416 0.2499 0.1539 0.1588 0.0898 0.0062
169 0.1362 0.0997 0.6299 0.0866 0.0244 0.0231
170 0.2360 0.1304 0.1572 0.2759 0.0574 0.1432
171 0.3091 0.0764 0.2297 0.3020 0.0554 0.0272
172 0.6396 0.1221 0.0859 0.0820 0.0690 0.0011
173 0.6196 0.1350 0.0740 0.0623 0.1077 0.0014
174 0.4683 0.1937 0.0952 0.1241 0.1157 0.0031
175 0.0866 0.2194 0.6348 0.0331 0.0246 0.0013
176 0.0637 0.0733 0.2600 0.3840 0.0459 0.1731
177 0.4849 0.1389 0.3035 0.0374 0.0284 0.0069
178 0.4915 0.2433 0.2064 0.0250 0.0334 0.0005
179 0.0778 0.3005 0.3857 0.2098 0.0145 0.0116
180 0.0751 0.2059 0.0839 0.4568 0.1733 0.0050
181 0.2329 0.1492 0.3442 0.2329 0.0349 0.0057
182 0.1727 0.2435 0.5039 0.0515 0.0237 0.0048
183 0.1186 0.1282 0.2358 0.4075 0.0433 0.0665
184 0.0701 0.4260 0.4065 0.0788 0.0058 0.0129
185 0.0948 0.1057 0.3633 0.3806 0.0261 0.0294
186 0.1339 0.2925 0.3213 0.1578 0.0838 0.0104
187 0.0967 0.0587 0.1545 0.6509 0.0233 0.0159
188 0.1436 0.1392 0.2367 0.4026 0.0745 0.0033
189 0.3459 0.1781 0.2416 0.1465 0.0815 0.0063
190 0.0346 0.1401 0.2203 0.4890 0.0151 0.1009
191 0.0619 0.0432 0.1908 0.5435 0.0189 0.1417
192 0.0939 0.1284 0.5664 0.1649 0.0227 0.0234
193 0.7026 0.0951 0.1156 0.0467 0.0387 0.0013
194 0.1472 0.0590 0.4536 0.2751 0.0533 0.0117
195 0.6445 0.0893 0.1183 0.0859 0.0599 0.0022
196 0.4458 0.1118 0.2769 0.0831 0.0768 0.0056
197 0.0829 0.1649 0.4148 0.2720 0.0349 0.0305
198 0.1558 0.1322 0.5352 0.1006 0.0692 0.0069
199 0.2445 0.1011 0.6099 0.0205 0.0214 0.0027
200 0.0746 0.0439 0.2524 0.5962 0.0184 0.0144
201 0.0681 0.0815 0.6719 0.1523 0.0206 0.0055
202 0.0908 0.4470 0.3884 0.0665 0.0068 0.0003
203 0.2438 0.2438 0.4211 0.0383 0.0507 0.0023
204 0.0750 0.2273 0.5366 0.1444 0.0153 0.0012
205 0.0922 0.0922 0.5732 0.1982 0.0198 0.0242
206 0.1691 0.3110 0.3994 0.0508 0.0080 0.0617
207 0.4600 0.1902 0.1917 0.1218 0.0333 0.0031
208 0.3923 0.1367 0.1700 0.1661 0.1235 0.0113
209 0.2386 0.1349 0.3186 0.1902 0.0372 0.0806
210 0.0783 0.0702 0.4104 0.3735 0.0179 0.0498
211 0.4980 0.1935 0.1361 0.0690 0.1028 0.0006
212 0.3511 0.0703 0.2734 0.2321 0.0640 0.0092
213 0.4707 0.1209 0.3064 0.0585 0.0414 0.0021
214 0.3325 0.3430 0.2048 0.0443 0.0708 0.0044
215 0.1019 0.4258 0.2749 0.1460 0.0449 0.0063
216 0.1465 0.2233 0.3799 0.1910 0.0483 0.0110
217 0.4944 0.1669 0.2544 0.0347 0.0490 0.0006
218 0.1676 0.3013 0.4558 0.0484 0.0240 0.0030
219 0.1069 0.2666 0.1450 0.4397 0.0129 0.0288
220 0.2566 0.1497 0.4102 0.0765 0.1045 0.0025
221 0.2256 0.2220 0.3206 0.1326 0.0823 0.0167
222 0.2922 0.3901 0.2578 0.0191 0.0402 0.0008
223 0.0457 0.2734 0.3623 0.2529 0.0145 0.0514
224 0.1404 0.2389 0.3420 0.2426 0.0205 0.0155
225 0.0397 0.0118 0.2983 0.4917 0.0037 0.1548
226 0.2091 0.1775 0.5640 0.0390 0.0091 0.0014
227 0.1643 0.0929 0.2930 0.3647 0.0387 0.0464
228 0.1565 0.1298 0.3528 0.3210 0.0244 0.0155
229 0.2217 0.1957 0.3103 0.2360 0.0317 0.0047
230 0.1263 0.2218 0.2634 0.3152 0.0491 0.0239
231 0.3188 0.1578 0.4392 0.0728 0.0086 0.0029
232 0.3289 0.2581 0.3640 0.0084 0.0399 0.0009
233 0.2051 0.1081 0.5195 0.1399 0.0194 0.0079
234 0.1022 0.1196 0.3569 0.2571 0.1536 0.0107
235 0.0646 0.1550 0.5327 0.1677 0.0756 0.0042
236 0.1083 0.2222 0.4929 0.0571 0.1135 0.0060
237 0.1514 0.1025 0.1316 0.3157 0.0455 0.2537
