time exciting_prob fearful_prob tense_prob sad_prob relaxing_prob neutral_prob
0 0.0426 0.0714 0.1376 0.0931 0.6362 0.0189
1 0.0352 0.0892 0.1339 0.0604 0.6694 0.0118
2 0.0281 0.0701 0.0795 0.0353 0.7783 0.0089
3 0.0375 0.0600 0.5264 0.2773 0.0114 0.0873
4 0.0687 0.0924 0.5840 0.1597 0.0247 0.0708
5 0.2050 0.0790 0.4729 0.1910 0.0322 0.0198
6 0.3921 0.0815 0.4375 0.0535 0.0317 0.0038
7 0.2025 0.2123 0.3555 0.2207 0.0026 0.0066
8 0.2084 0.2324 0.3303 0.2201 0.0027 0.0060
9 0.1348 0.2766 0.3496 0.1306 0.0884 0.0199
10 0.1224 0.5112 0.2234 0.0895 0.0413 0.0122
11 0.1724 0.2432 0.2712 0.2432 0.0316 0.0385
12 0.0853 0.5391 0.2319 0.1021 0.0314 0.0100
13 0.0420 0.5439 0.1910 0.1686 0.0130 0.0413
14 0.0255 0.2067 0.0413 0.7212 0.0044 0.0009
15 0.0335 0.2341 0.0601 0.6670 0.0047 0.0006
16 0.0356 0.3953 0.3276 0.2183 0.0051 0.0183
17 0.0183 0.3979 0.1659 0.3979 0.0035 0.0164
18 0.0308 0.7168 0.1757 0.0421 0.0056 0.0289
19 0.0168 0.7710 0.1667 0.0369 0.0023 0.0062
20 0.3738 0.1105 0.3430 0.0578 0.1097 0.0051
21 0.2876 0.1144 0.4058 0.0678 0.1153 0.0092
22 0.1498 0.2394 0.2394 0.3538 0.0094 0.0081
23 0.0403 0.0801 0.6108 0.1892 0.0123 0.0674
24 0.1539 0.1058 0.5718 0.0627 0.0071 0.0986
25 0.6309 0.1738 0.1185 0.0551 0.0206 0.0012
26 0.4377 0.1377 0.3203 0.0561 0.0454 0.0029
27 0.0376 0.1838 0.6313 0.1064 0.0015 0.0391
28 0.0708 0.2693 0.5439 0.1022 0.0067 0.0072
29 0.1511 0.1866 0.5073 0.1014 0.0079 0.0457
30 0.0217 0.0958 0.0378 0.0133 0.8271 0.0043
31 0.0491 0.3103 0.4309 0.1769 0.0284 0.0044
32 0.0305 0.4927 0.2291 0.1456 0.1001 0.0018
33 0.0329 0.4131 0.2144 0.2795 0.0551 0.0051
34 0.0545 0.3237 0.2900 0.2812 0.0418 0.0088
35 0.0685 0.3169 0.2355 0.2976 0.0339 0.0475
36 0.0414 0.1514 0.4053 0.2920 0.0327 0.0773
37 0.0110 0.1060 0.1182 0.7588 0.0028 0.0033
38 0.0152 0.1351 0.0629 0.7778 0.0059 0.0030
39 0.1323 0.3860 0.2415 0.1511 0.0790 0.0101
40 0.0828 0.3948 0.1807 0.2935 0.0370 0.0115
41 0.1045 0.1984 0.0137 0.6816 0.0015 0.0004
42 0.0762 0.3750 0.3469 0.1237 0.0161 0.0622
43 0.0499 0.3833 0.3892 0.1304 0.0046 0.0427
44 0.0495 0.4207 0.2593 0.2148 0.0038 0.0518
45 0.0216 0.3621 0.1462 0.4436 0.0012 0.0254
46 0.0271 0.3003 0.1738 0.4438 0.0019 0.0530
47 0.0575 0.1162 0.1493 0.6382 0.0070 0.0318
48 0.2323 0.0249 0.3379 0.2759 0.0046 0.1243
49 0.0231 0.1481 0.0435 0.7124 0.0227 0.0504
50 0.1626 0.0870 0.4854 0.2329 0.0238 0.0084
51 0.1431 0.0168 0.1781 0.4407 0.2114 0.0098
52 0.6831 0.0149 0.0743 0.1622 0.0315 0.0340
53 0.6372 0.0077 0.0561 0.2456 0.0063 0.0472
54 0.0443 0.0754 0.1781 0.6313 0.0172 0.0535
55 0.0082 0.5322 0.2289 0.2272 0.0031 0.0004
56 0.0406 0.0111 0.1038 0.8291 0.0122 0.0034
57 0.0225 0.2385 0.2832 0.4185 0.0096 0.0276
58 0.3137 0.1019 0.4092 0.0972 0.0236 0.0545
59 0.2805 0.0553 0.4556 0.1226 0.0253 0.0607
60 0.0345 0.2627 0.5391 0.0534 0.0076 0.1029
61 0.0665 0.2097 0.5791 0.0625 0.0143 0.0681
62 0.0431 0.1758 0.4561 0.1527 0.0148 0.1576
63 0.0340 0.1898 0.2020 0.2676 0.0033 0.3032
64 0.0112 0.3005 0.5273 0.1443 0.0087 0.0076
65 0.0148 0.3811 0.4817 0.1109 0.0041 0.0076
66 0.0134 0.3418 0.1248 0.4822 0.0240 0.0138
67 0.0294 0.5171 0.3843 0.0428 0.0082 0.0184
68 0.0191 0.4731 0.3862 0.0862 0.0047 0.0307
69 0.0303 0.2363 0.6035 0.0743 0.0075 0.0480
70 0.0228 0.2695 0.5620 0.0645 0.0097 0.0714
71 0.0550 0.2225 0.1680 0.0313 0.4937 0.0294
72 0.0516 0.2057 0.1118 0.0188 0.5859 0.0264
73 0.0206 0.0935 0.0576 0.0274 0.7954 0.0054
74 0.0487 0.1081 0.2554 0.5488 0.0074 0.0315
75 0.0267 0.1793 0.6875 0.0796 0.0117 0.0151
76 0.0621 0.2273 0.3521 0.2786 0.0484 0.0317
77 0.3979 0.2778 0.1262 0.1071 0.0902 0.0006
78 0.0095 0.0987 0.1328 0.6851 0.0227 0.0512
79 0.0128 0.6357 0.1396 0.1582 0.0103 0.0433
80 0.0111 0.2231 0.2064 0.5190 0.0094 0.0312
81 0.0056 0.2168 0.2168 0.5283 0.0098 0.0230
82 0.1193 0.2998 0.3909 0.0839 0.0088 0.0973
83 0.0551 0.2318 0.2373 0.1070 0.0314 0.3374
84 0.1689 0.4280 0.1945 0.0836 0.0289 0.0963
85 0.3433 0.2510 0.1595 0.1123 0.0510 0.0828
86 0.0896 0.0385 0.2252 0.2632 0.0121 0.3713
87 0.0875 0.0447 0.2416 0.1881 0.0141 0.4241
88 0.1412 0.0182 0.0570 0.7515 0.0060 0.0261
89 0.0779 0.1456 0.5669 0.1573 0.0078 0.0444
90 0.1047 0.1838 0.4768 0.1926 0.0123 0.0298
91 0.0790 0.2825 0.5234 0.0291 0.0543 0.0317
92 0.0066 0.1982 0.4983 0.2751 0.0032 0.0186
93 0.0882 0.0168 0.3381 0.2983 0.0295 0.2288
94 0.0577 0.1863 0.2908 0.2668 0.0873 0.1112
95 0.0457 0.1022 0.7549 0.0742 0.0110 0.0120
96 0.1310 0.0690 0.3792 0.2952 0.0375 0.0880
97 0.0067 0.3794 0.1375 0.4648 0.0061 0.0055
98 0.0137 0.4338 0.3889 0.1149 0.0081 0.0406
99 0.0266 0.2314 0.6489 0.0594 0.0048 0.0285
100 0.0602 0.2695 0.2133 0.1912 0.1635 0.1023
101 0.0432 0.0418 0.2727 0.3728 0.0290 0.2406
102 0.0530 0.0479 0.3352 0.3860 0.0337 0.1442
103 0.0774 0.1033 0.2479 0.0898 0.1153 0.3665
104 0.0232 0.3987 0.3254 0.1216 0.0034 0.1274
105 0.0065 0.2678 0.2852 0.4214 0.0041 0.0149
106 0.0297 0.4160 0.4497 0.0648 0.0228 0.0170
107 0.1995 0.4636 0.1788 0.0950 0.0545 0.0086
108 0.0243 0.6226 0.2021 0.1368 0.0054 0.0085
109 0.0222 0.3452 0.4165 0.1937 0.0027 0.0195
110 0.2573 0.2343 0.2783 0.1675 0.0552 0.0076
111 0.0685 0.4363 0.3142 0.1270 0.0467 0.0076
112 0.0362 0.4011 0.1765 0.3376 0.0340 0.0146
113 0.0539 0.4802 0.0903 0.3005 0.0650 0.0100
114 0.0492 0.3306 0.1702 0.4116 0.0305 0.0079
115 0.1580 0.2485 0.2861 0.1593 0.0170 0.1310
116 0.1541 0.4355 0.1589 0.0642 0.0787 0.1084
117 0.2456 0.3254 0.1715 0.1226 0.0984 0.0365
118 0.1024 0.1073 0.3657 0.3081 0.0392 0.0773
119 0.0396 0.1192 0.5098 0.2209 0.0240 0.0865
120 0.0761 0.1216 0.2573 0.3923 0.0365 0.1160
121 0.0157 0.5244 0.2896 0.1346 0.0203 0.0151
122 0.0155 0.4028 0.2520 0.3137 0.0097 0.0064
123 0.0534 0.2113 0.3123 0.2712 0.0109 0.1407
124 0.0234 0.5811 0.3210 0.0481 0.0064 0.0200
125 0.0348 0.1323 0.2130 0.4878 0.0267 0.1055
126 0.0237 0.4480 0.3489 0.1334 0.0081 0.0377
127 0.2959 0.1674 0.1726 0.3152 0.0189 0.0300
128 0.0271 0.5669 0.2476 0.1226 0.0163 0.0195
129 0.0612 0.4451 0.2383 0.1538 0.0386 0.0631
130 0.0070 0.2010 0.2878 0.4673 0.0050 0.0318
131 0.0291 0.3181 0.4351 0.0584 0.0124 0.1469
132 0.0544 0.1117 0.1960 0.5850 0.0315 0.0213
133 0.0285 0.0463 0.2350 0.6289 0.0184 0.0428
134 0.0689 0.1707 0.3340 0.3394 0.0326 0.0545
135 0.0466 0.1552 0.5088 0.2054 0.0477 0.0366
136 0.0901 0.2629 0.4136 0.1354 0.0645 0.0334
137 0.0154 0.4673 0.0878 0.3936 0.0033 0.0328
138 0.0219 0.1214 0.0902 0.6260 0.0131 0.1272
139 0.0210 0.5400 0.2512 0.1345 0.0081 0.0450
140 0.0276 0.7344 0.0986 0.0641 0.0421 0.0331
141 0.0191 0.5083 0.2637 0.1650 0.0084 0.0357
142 0.0292 0.5737 0.3269 0.0505 0.0065 0.0132
143 0.0646 0.3059 0.2874 0.1490 0.0636 0.1295
144 0.0380 0.3132 0.4419 0.1458 0.0187 0.0424
145 0.0022 0.0758 0.0172 0.8955 0.0039 0.0055
146 0.0194 0.4424 0.1328 0.2424 0.0258 0.1371
147 0.0073 0.4780 0.1481 0.3337 0.0164 0.0167
148 0.0851 0.1182 0.2974 0.3938 0.0285 0.0770
149 0.1285 0.2402 0.1814 0.2681 0.0193 0.1626
150 0.0065 0.1813 0.7173 0.0528 0.0015 0.0408
151 0.1566 0.3938 0.2666 0.0331 0.0050 0.1449
152 0.0363 0.4387 0.2876 0.0768 0.0102 0.1504
153 0.0865 0.2316 0.4192 0.1775 0.0276 0.0576
154 0.0466 0.0617 0.3389 0.5166 0.0133 0.0227
155 0.0595 0.3733 0.2300 0.1544 0.0634 0.1193
156 0.0565 0.3381 0.1989 0.1913 0.1367 0.0785
157 0.0333 0.0906 0.2859 0.1248 0.0016 0.4639
158 0.0598 0.3013 0.2991 0.0774 0.0184 0.2440
159 0.0627 0.2520 0.2766 0.3667 0.0247 0.0173
160 0.0320 0.3718 0.2152 0.3494 0.0167 0.0150
161 0.0477 0.0292 0.6387 0.2277 0.0141 0.0428
162 0.0977 0.0823 0.5405 0.0896 0.0875 0.1024
163 0.2461 0.1199 0.2312 0.3418 0.0421 0.0190
164 0.0939 0.2360 0.3076 0.2083 0.0219 0.1323
165 0.0795 0.3765 0.3481 0.1176 0.0450 0.0334
166 0.0453 0.3047 0.4229 0.1156 0.0127 0.0989
167 0.0795 0.1427 0.6396 0.0914 0.0316 0.0150
168 0.0406 0.0634 0.8022 0.0449 0.0057 0.0432
169 0.1220 0.2749 0.2505 0.3020 0.0244 0.0262
170 0.3696 0.2969 0.1719 0.1381 0.0217 0.0019
171 0.0213 0.0627 0.0987 0.8008 0.0009 0.0156
172 0.0483 0.2303 0.2268 0.4802 0.0015 0.0130
173 0.0396 0.0734 0.7358 0.1164 0.0108 0.0240
174 0.0535 0.3547 0.2896 0.2896 0.0052 0.0077
175 0.2798 0.1353 0.2047 0.1820 0.1038 0.0944
176 0.2837 0.2583 0.3066 0.0679 0.0740 0.0095
177 0.1331 0.2751 0.3503 0.2280 0.0010 0.0126
178 0.0384 0.1078 0.8218 0.0262 0.0017 0.0040
179 0.0396 0.0603 0.8330 0.0558 0.0025 0.0090
180 0.0704 0.1285 0.7280 0.0492 0.0099 0.0140
181 0.0182 0.3096 0.5693 0.0894 0.0066 0.0069
182 0.0170 0.3755 0.3213 0.2622 0.0022 0.0217
183 0.0141 0.2908 0.2607 0.4167 0.0014 0.0162
184 0.0342 0.1052 0.4570 0.1819 0.0057 0.2159
185 0.0314 0.1282 0.4761 0.2588 0.0131 0.0923
186 0.0596 0.0295 0.6719 0.1986 0.0130 0.0273
187 0.0389 0.1010 0.4185 0.3159 0.0148 0.1109
188 0.0182 0.1698 0.4761 0.2798 0.0097 0.0464
189 0.0220 0.3176 0.6221 0.0166 0.0033 0.0186
190 0.0276 0.5200 0.4111 0.0186 0.0038 0.0189
191 0.0297 0.4070 0.4685 0.0718 0.0027 0.0201
192 0.1467 0.2659 0.3359 0.0503 0.0462 0.1550
193 0.0433 0.1442 0.2693 0.4875 0.0302 0.0254
194 0.0074 0.3176 0.0848 0.5752 0.0053 0.0094
195 0.0053 0.5474 0.1111 0.3318 0.0028 0.0017
196 0.0099 0.4792 0.1555 0.3345 0.0149 0.0060
197 0.1052 0.0412 0.1310 0.2605 0.0120 0.4502
198 0.0591 0.0331 0.6865 0.0283 0.0221 0.1709
199 0.0082 0.2688 0.2688 0.4434 0.0058 0.0048
200 0.0709 0.2676 0.3381 0.2593 0.0081 0.0561
201 0.0303 0.0427 0.5283 0.3108 0.0195 0.0682
202 0.0130 0.0562 0.5166 0.0804 0.0158 0.3181
203 0.0064 0.1312 0.0655 0.6982 0.0039 0.0945
204 0.0074 0.4214 0.2291 0.2942 0.0043 0.0434
205 0.0216 0.2469 0.6714 0.0446 0.0035 0.0121
206 0.0142 0.2446 0.0758 0.5513 0.0281 0.0859
207 0.0215 0.3206 0.4663 0.1637 0.0105 0.0174
208 0.0099 0.1041 0.2617 0.5898 0.0173 0.0169
209 0.0186 0.0914 0.6250 0.1394 0.0103 0.1156
210 0.0716 0.1515 0.2786 0.1799 0.0263 0.2920
211 0.0154 0.1792 0.1938 0.4797 0.0162 0.1157
212 0.0067 0.2522 0.0806 0.6543 0.0025 0.0037
213 0.0380 0.4211 0.1974 0.1489 0.0348 0.1598
214 0.0184 0.0652 0.3997 0.3696 0.0378 0.1093
215 0.0195 0.2491 0.6465 0.0556 0.0054 0.0241
216 0.0161 0.1265 0.7749 0.0677 0.0012 0.0134
217 0.0098 0.4077 0.1699 0.4014 0.0070 0.0041
218 0.0056 0.1257 0.0949 0.7583 0.0071 0.0084
219 0.0237 0.4324 0.3474 0.1803 0.0052 0.0110
220 0.0150 0.2998 0.5347 0.1351 0.0036 0.0117
221 0.0474 0.3757 0.5552 0.0108 0.0066 0.0041
222 0.0174 0.6074 0.3516 0.0117 0.0014 0.0106
223 0.0315 0.1526 0.4214 0.3281 0.0207 0.0455
224 0.0830 0.2311 0.2920 0.3362 0.0414 0.0162
225 0.0427 0.0905 0.4592 0.2103 0.0202 0.1771
226 0.0125 0.0472 0.1188 0.7393 0.0008 0.0816
227 0.0481 0.4707 0.2810 0.1101 0.0043 0.0858
228 0.0570 0.4771 0.3491 0.0588 0.0061 0.0519
229 0.0207 0.4719 0.0989 0.3425 0.0126 0.0533
230 0.0756 0.2598 0.2086 0.3960 0.0208 0.0392
231 0.0629 0.1375 0.3738 0.1879 0.0250 0.2129
232 0.0436 0.0708 0.3711 0.2935 0.0159 0.2050
233 0.0065 0.3591 0.0712 0.5474 0.0123 0.0035
234 0.0035 0.5386 0.3372 0.1129 0.0010 0.0070
235 0.1041 0.3206 0.5205 0.0404 0.0017 0.0126
236 0.1357 0.3989 0.3806 0.0662 0.0028 0.0158
237 0.1005 0.2998 0.2908 0.2524 0.0115 0.0449
238 0.0662 0.3337 0.2969 0.2312 0.0081 0.0637
239 0.1003 0.2793 0.4160 0.1192 0.0347 0.0505
240 0.0626 0.1942 0.2068 0.3152 0.0855 0.1356
241 0.0533 0.2585 0.3167 0.2317 0.0099 0.1300
242 0.0058 0.1874 0.6094 0.1128 0.0122 0.0723
243 0.0941 0.2072 0.2205 0.1962 0.0141 0.2681
244 0.0714 0.1766 0.4238 0.2869 0.0053 0.0359
245 0.0685 0.3069 0.2883 0.1776 0.0103 0.1484
246 0.0158 0.0868 0.2981 0.5234 0.0373 0.0385
247 0.1111 0.3450 0.2859 0.2158 0.0189 0.0233
248 0.0266 0.5771 0.2124 0.1415 0.0405 0.0019
249 0.1328 0.2642 0.4355 0.0913 0.0262 0.0500
250 0.0252 0.2412 0.4368 0.0426 0.2507 0.0035
251 0.0410 0.3887 0.3171 0.2146 0.0353 0.0033
252 0.0529 0.2388 0.3640 0.0684 0.2727 0.0034
253 0.0154 0.4297 0.3345 0.0690 0.1395 0.0119
254 0.0245 0.1008 0.4807 0.0962 0.2739 0.0238
255 0.0097 0.0298 0.0890 0.8184 0.0150 0.0383
256 0.0355 0.2878 0.4529 0.1238 0.0121 0.0878
257 0.0283 0.2332 0.5771 0.0763 0.0408 0.0445
258 0.0244 0.4287 0.2057 0.2642 0.0126 0.0647
259 0.0154 0.2991 0.2681 0.3840 0.0108 0.0229
260 0.4421 0.1858 0.2104 0.0994 0.0603 0.0019
261 0.1501 0.2761 0.5361 0.0200 0.0170 0.0006
262 0.1467 0.0786 0.2006 0.5005 0.0287 0.0451
263 0.1931 0.2294 0.2294 0.2854 0.0441 0.0187
264 0.4551 0.2150 0.1636 0.1073 0.0570 0.0020
265 0.3279 0.2761 0.1549 0.1478 0.0918 0.0015
266 0.4392 0.1460 0.1426 0.2026 0.0627 0.0069
267 0.3052 0.2568 0.1071 0.2778 0.0486 0.0044
268 0.0687 0.1335 0.2151 0.4482 0.0058 0.1284
269 0.0523 0.3833 0.2986 0.1622 0.0083 0.0954
270 0.0157 0.1476 0.1223 0.6821 0.0082 0.0241
271 0.0088 0.5571 0.1647 0.2549 0.0050 0.0097
272 0.0128 0.3049 0.3350 0.3196 0.0069 0.0209
273 0.0834 0.3977 0.3511 0.0649 0.0083 0.0945
274 0.0573 0.2866 0.3857 0.0881 0.0178 0.1646
275 0.0349 0.2477 0.4775 0.1216 0.0085 0.1099
276 0.1218 0.4858 0.1181 0.1993 0.0287 0.0463
277 0.0519 0.5239 0.1304 0.0855 0.0157 0.1927
278 0.0310 0.4856 0.4026 0.0662 0.0035 0.0111
279 0.1547 0.3174 0.3740 0.0714 0.0359 0.0468
280 0.0655 0.3005 0.4407 0.1243 0.0138 0.0551
281 0.0162 0.2942 0.3896 0.2256 0.0150 0.0593
282 0.0173 0.1158 0.8037 0.0461 0.0047 0.0124
283 0.0317 0.2185 0.5000 0.1840 0.0112 0.0544
284 0.0297 0.3887 0.4009 0.1407 0.0099 0.0300
285 0.0386 0.3464 0.3206 0.0918 0.0053 0.1974
286 0.0273 0.3242 0.3506 0.2061 0.0160 0.0758
287 0.0148 0.0355 0.0613 0.0349 0.8457 0.0076
288 0.0639 0.1923 0.1364 0.0464 0.5391 0.0221
289 0.3457 0.1793 0.2451 0.1312 0.0923 0.0063
290 0.1124 0.2306 0.2435 0.3984 0.0111 0.0041
291 0.0565 0.1610 0.3203 0.1072 0.3252 0.0298
292 0.0194 0.2581 0.1392 0.5376 0.0098 0.0357
293 0.2142 0.1472 0.2076 0.3730 0.0372 0.0204
294 0.1910 0.2217 0.3459 0.1809 0.0362 0.0241
295 0.3530 0.1904 0.2664 0.1542 0.0313 0.0046
296 0.0533 0.5430 0.1300 0.0680 0.0279 0.1777
297 0.0400 0.1321 0.0853 0.6606 0.0222 0.0600
298 0.0563 0.3557 0.3042 0.1802 0.0623 0.0415
299 0.0914 0.3845 0.3164 0.0313 0.0858 0.0906
300 0.1086 0.3618 0.1508 0.2264 0.0358 0.1165
301 0.0296 0.5679 0.2056 0.1504 0.0224 0.0244
302 0.0502 0.2959 0.3301 0.1881 0.0042 0.1313
303 0.0497 0.3455 0.4871 0.0582 0.0273 0.0324
304 0.3501 0.0800 0.0872 0.3088 0.0663 0.1076
305 0.0848 0.2551 0.4954 0.0754 0.0039 0.0854
306 0.0964 0.1381 0.5996 0.0733 0.0042 0.0884
307 0.0774 0.1199 0.4893 0.1718 0.0059 0.1359
308 0.1362 0.2468 0.5225 0.0513 0.0062 0.0370
309 0.0150 0.2974 0.2664 0.4126 0.0048 0.0038
310 0.0547 0.4368 0.3855 0.0494 0.0256 0.0482
311 0.0509 0.4680 0.0718 0.2245 0.0294 0.1555
312 0.0417 0.5850 0.1008 0.2457 0.0155 0.0114
313 0.0605 0.2448 0.5474 0.0629 0.0323 0.0521
314 0.0224 0.3533 0.2281 0.3269 0.0133 0.0559
315 0.0831 0.2386 0.4746 0.1228 0.0121 0.0689
316 0.1030 0.4338 0.3889 0.0300 0.0075 0.0367
317 0.3225 0.3328 0.1015 0.1700 0.0195 0.0535
