time exciting_prob fearful_prob tense_prob sad_prob relaxing_prob neutral_prob
0 0.1136 0.1553 0.1349 0.1288 0.0181 0.4492
1 0.2385 0.3694 0.2172 0.1338 0.0208 0.0204
2 0.0978 0.4119 0.3469 0.0850 0.0236 0.0349
3 0.1565 0.2747 0.2925 0.1517 0.0281 0.0964
4 0.2432 0.0923 0.0881 0.2798 0.0982 0.1985
5 0.2289 0.1478 0.3384 0.1206 0.0298 0.1345
6 0.0822 0.1511 0.1910 0.1633 0.0771 0.3352
7 0.0989 0.4753 0.3645 0.0183 0.0358 0.0071
8 0.1880 0.0771 0.0923 0.0487 0.0665 0.5273
9 0.2883 0.1617 0.1174 0.0181 0.0801 0.3345
10 0.2583 0.2705 0.1859 0.0252 0.0375 0.2225
11 0.1021 0.5352 0.2732 0.0339 0.0446 0.0110
12 0.1086 0.6860 0.1790 0.0132 0.0031 0.0101
13 0.2627 0.2013 0.0696 0.1777 0.1321 0.1567
14 0.2001 0.0847 0.1272 0.3003 0.0610 0.2267
15 0.1257 0.1829 0.1992 0.0421 0.0182 0.4319
16 0.1793 0.1583 0.0759 0.0610 0.0262 0.4990
17 0.1995 0.2332 0.2769 0.1815 0.0219 0.0871
18 0.3650 0.1671 0.3430 0.0998 0.0053 0.0198
19 0.0388 0.1273 0.0531 0.0597 0.0163 0.7046
20 0.0869 0.3833 0.2939 0.0630 0.0275 0.1455
21 0.3303 0.1432 0.2306 0.1754 0.0197 0.1008
22 0.0656 0.2253 0.3545 0.0720 0.0388 0.2437
23 0.1606 0.2163 0.2267 0.0502 0.0686 0.2776
24 0.1871 0.2810 0.1626 0.0688 0.0603 0.2402
25 0.2444 0.2026 0.0988 0.0438 0.0684 0.3420
26 0.1421 0.3032 0.4343 0.0755 0.0032 0.0417
27 0.1934 0.4712 0.1119 0.0599 0.0231 0.1404
28 0.1731 0.2639 0.3235 0.1786 0.0204 0.0405
29 0.1069 0.1655 0.2371 0.4033 0.0505 0.0369
30 0.0437 0.2634 0.2849 0.3330 0.0410 0.0340
31 0.1136 0.1553 0.1349 0.1288 0.0181 0.4492
32 0.1477 0.3176 0.0939 0.1410 0.2324 0.0671
33 0.1154 0.2090 0.2406 0.0806 0.0456 0.3088
34 0.1318 0.3367 0.3113 0.0572 0.0159 0.1471
35 0.1187 0.5234 0.2937 0.0133 0.0040 0.0468
36 0.1309 0.3091 0.3396 0.0712 0.0390 0.1102
37 0.2106 0.1059 0.2971 0.2542 0.0360 0.0964
38 0.0970 0.0817 0.2854 0.1050 0.0092 0.4216
39 0.2301 0.3508 0.2374 0.0244 0.1175 0.0397
40 0.1836 0.2629 0.2249 0.2249 0.0490 0.0547
41 0.0859 0.5918 0.1749 0.0595 0.0056 0.0820
42 0.0781 0.0956 0.0711 0.1034 0.0083 0.6436
43 0.3225 0.2018 0.2081 0.1365 0.0923 0.0388
44 0.2891 0.4695 0.0698 0.1047 0.0113 0.0556
45 0.3423 0.3818 0.1120 0.0943 0.0425 0.0272
46 0.1089 0.0714 0.0889 0.3801 0.0407 0.3101
47 0.2710 0.0894 0.1921 0.0724 0.0582 0.3169
48 0.3049 0.1780 0.1223 0.1030 0.0183 0.2734
49 0.1202 0.3616 0.2109 0.0497 0.0204 0.2372
50 0.2262 0.3118 0.0393 0.0463 0.0177 0.3586
51 0.3835 0.1573 0.0424 0.0368 0.0140 0.3660
52 0.0733 0.1539 0.1227 0.1002 0.0291 0.5205
53 0.2128 0.4070 0.1406 0.1321 0.0189 0.0887
54 0.4253 0.1746 0.1932 0.0338 0.0328 0.1403
55 0.1757 0.1503 0.4851 0.1390 0.0127 0.0371
56 0.2092 0.1438 0.0746 0.0865 0.0396 0.4463
57 0.2150 0.1649 0.1284 0.0709 0.0315 0.3894
58 0.2496 0.2477 0.2458 0.1625 0.0424 0.0519
59 0.1201 0.1860 0.4192 0.2043 0.0080 0.0623
60 0.2140 0.1093 0.0405 0.1128 0.0372 0.4861
61 0.1738 0.1487 0.0258 0.0975 0.0143 0.5396
62 0.3879 0.1450 0.0409 0.0619 0.0164 0.3479
63 0.2068 0.3491 0.1755 0.0661 0.0257 0.1769
64 0.0468 0.4985 0.3323 0.0103 0.0077 0.1045
65 0.2068 0.0636 0.1489 0.0797 0.0491 0.4517
66 0.2822 0.0356 0.0660 0.4438 0.0164 0.1559
67 0.5669 0.1024 0.0836 0.0709 0.0374 0.1389
68 0.2429 0.4165 0.1643 0.0586 0.0833 0.0345
69 0.1586 0.5986 0.1742 0.0383 0.0050 0.0255
70 0.2212 0.1777 0.3975 0.0475 0.0179 0.1384
71 0.1741 0.5239 0.1178 0.0785 0.0307 0.0749
72 0.3564 0.2546 0.1013 0.1005 0.0619 0.1251
73 0.6123 0.1913 0.1056 0.0261 0.0472 0.0174
74 0.2976 0.1342 0.1250 0.1763 0.0525 0.2144
75 0.1852 0.2673 0.3596 0.0606 0.0312 0.0961
76 0.0787 0.0549 0.0964 0.5210 0.0448 0.2041
77 0.0849 0.3601 0.2418 0.1598 0.0188 0.1345
78 0.4565 0.1591 0.1248 0.1019 0.0500 0.1076
79 0.6138 0.1348 0.0978 0.0699 0.0417 0.0421
80 0.1245 0.2917 0.4146 0.0377 0.0192 0.1124
81 0.4841 0.1597 0.0650 0.0194 0.1726 0.0991
82 0.3862 0.1797 0.1636 0.0234 0.1432 0.1039
83 0.7344 0.0516 0.0438 0.0392 0.0571 0.0739
84 0.1349 0.2206 0.3015 0.1370 0.1858 0.0204
85 0.1481 0.3337 0.4089 0.0372 0.0154 0.0567
86 0.1107 0.7109 0.1188 0.0383 0.0127 0.0085
87 0.1534 0.2734 0.3540 0.0874 0.0796 0.0522
88 0.2559 0.1208 0.3135 0.2598 0.0174 0.0325
89 0.1497 0.4006 0.3025 0.0494 0.0600 0.0378
90 0.1041 0.2346 0.1423 0.2744 0.0173 0.2274
91 0.1699 0.3682 0.2512 0.0578 0.0423 0.1106
92 0.0942 0.5679 0.2812 0.0215 0.0097 0.0253
93 0.1327 0.1481 0.2257 0.4023 0.0438 0.0473
94 0.1929 0.2327 0.4214 0.1207 0.0191 0.0133
95 0.0698 0.5493 0.2020 0.0317 0.0147 0.1324
96 0.2140 0.5215 0.1068 0.0980 0.0059 0.0537
97 0.2527 0.3169 0.3169 0.0385 0.0157 0.0595
98 0.2266 0.5972 0.0464 0.0937 0.0173 0.0190
99 0.1484 0.7080 0.1138 0.0116 0.0053 0.0128
100 0.4260 0.4827 0.0525 0.0135 0.0154 0.0100
101 0.1040 0.4177 0.2573 0.1636 0.0118 0.0454
102 0.3008 0.3574 0.1537 0.1073 0.0565 0.0243
103 0.1208 0.2439 0.4775 0.0870 0.0296 0.0411
104 0.4302 0.1646 0.1166 0.0930 0.0990 0.0967
105 0.3918 0.0754 0.0337 0.0991 0.0376 0.3623
106 0.4153 0.3840 0.0344 0.0484 0.0349 0.0831
107 0.5400 0.2002 0.0433 0.0697 0.0228 0.1243
108 0.1824 0.0703 0.1512 0.2825 0.0312 0.2825
109 0.4146 0.1610 0.0621 0.2084 0.1040 0.0499
110 0.1962 0.4971 0.1162 0.0558 0.0941 0.0408
111 0.4771 0.2915 0.0356 0.0621 0.1016 0.0322
112 0.2539 0.4597 0.0673 0.1100 0.0360 0.0733
113 0.1713 0.2305 0.1926 0.2473 0.0271 0.1313
114 0.2891 0.3325 0.1476 0.1672 0.0269 0.0367
115 0.0840 0.2979 0.2469 0.3123 0.0079 0.0510
116 0.2925 0.2313 0.0972 0.2368 0.0466 0.0957
117 0.3567 0.4011 0.0660 0.0592 0.0106 0.1063
118 0.2043 0.2209 0.1372 0.2583 0.0914 0.0879
119 0.3979 0.2866 0.0518 0.0273 0.2163 0.0201
120 0.3840 0.3496 0.0667 0.0253 0.1588 0.0156
121 0.3535 0.5063 0.0517 0.0538 0.0214 0.0134
122 0.4900 0.3613 0.0438 0.0706 0.0176 0.0168
123 0.3489 0.3923 0.1432 0.0269 0.0760 0.0125
124 0.5801 0.0797 0.0228 0.0230 0.2783 0.0163
125 0.2947 0.1665 0.1307 0.2258 0.0812 0.1010
126 0.1832 0.3533 0.2751 0.0352 0.0764 0.0770
127 0.1760 0.4785 0.1888 0.0217 0.0438 0.0913
128 0.0954 0.2218 0.3435 0.1187 0.0365 0.1840
129 0.0724 0.0591 0.2377 0.5703 0.0400 0.0206
130 0.1705 0.1370 0.3499 0.1248 0.0336 0.1843
131 0.0876 0.4775 0.3960 0.0225 0.0050 0.0112
132 0.1511 0.2781 0.2695 0.2131 0.0277 0.0606
133 0.0926 0.2700 0.3062 0.0739 0.0856 0.1716
134 0.1234 0.3860 0.4307 0.0324 0.0077 0.0200
135 0.1218 0.7007 0.1359 0.0090 0.0222 0.0107
136 0.0979 0.4634 0.1759 0.0598 0.0066 0.1963
137 0.3481 0.1849 0.1241 0.0367 0.0432 0.2629
138 0.2300 0.1036 0.2336 0.3911 0.0115 0.0302
139 0.4119 0.3523 0.1664 0.0282 0.0082 0.0330
140 0.3562 0.1373 0.2773 0.1069 0.0605 0.0619
141 0.4072 0.2866 0.1396 0.0543 0.0654 0.0468
142 0.2795 0.2281 0.0746 0.1061 0.0490 0.2627
143 0.1606 0.0759 0.3733 0.3000 0.0482 0.0419
144 0.2532 0.1853 0.0809 0.3054 0.0862 0.0889
145 0.5259 0.2644 0.0463 0.0238 0.1320 0.0076
146 0.0828 0.0998 0.0802 0.5742 0.0176 0.1453
147 0.6030 0.1422 0.1065 0.0434 0.0136 0.0911
148 0.3171 0.2321 0.0938 0.0291 0.0345 0.2935
149 0.6035 0.2383 0.0579 0.0341 0.0276 0.0386
150 0.5542 0.2764 0.0414 0.0181 0.0327 0.0773
151 0.3362 0.3931 0.0837 0.0956 0.0274 0.0641
152 0.2338 0.2162 0.2096 0.0506 0.0034 0.2864
153 0.1670 0.2336 0.1923 0.0619 0.0078 0.3374
154 0.1945 0.2896 0.3494 0.0503 0.0682 0.0480
155 0.3733 0.1892 0.0741 0.0894 0.0195 0.2546
156 0.2388 0.2208 0.1996 0.0349 0.0435 0.2622
157 0.4099 0.4163 0.0288 0.0551 0.0782 0.0117
158 0.4553 0.3716 0.0325 0.0646 0.0635 0.0126
159 0.4348 0.1625 0.1074 0.1664 0.0274 0.1017
160 0.3042 0.3137 0.1995 0.0599 0.0256 0.0972
161 0.2605 0.1764 0.0989 0.2930 0.0295 0.1417
162 0.3425 0.1484 0.0624 0.1362 0.0457 0.2646
163 0.3274 0.1809 0.1559 0.1141 0.0214 0.2002
164 0.4031 0.3342 0.1249 0.0113 0.0336 0.0928
165 0.1531 0.4463 0.2905 0.0146 0.0050 0.0907
166 0.1766 0.1740 0.4373 0.1583 0.0223 0.0317
167 0.2484 0.2371 0.2837 0.0513 0.0800 0.0996
168 0.2321 0.4370 0.1158 0.0765 0.1185 0.0200
169 0.1022 0.1293 0.1420 0.5610 0.0241 0.0413
170 0.3328 0.3892 0.0778 0.0592 0.1097 0.0314
171 0.1261 0.3455 0.3455 0.1223 0.0379 0.0226
172 0.1442 0.2571 0.0697 0.0539 0.0413 0.4338
173 0.4585 0.1477 0.1399 0.1648 0.0579 0.0312
174 0.3611 0.2812 0.0899 0.0585 0.0972 0.1119
175 0.5732 0.2335 0.1193 0.0110 0.0214 0.0415
176 0.2148 0.3892 0.1926 0.1023 0.0365 0.0645
177 0.2402 0.2808 0.2054 0.1813 0.0259 0.0662
178 0.0367 0.0953 0.1429 0.6611 0.0223 0.0416
179 0.2810 0.0477 0.0941 0.0857 0.0352 0.4563
180 0.4119 0.1208 0.0363 0.1162 0.1010 0.2137
181 0.1174 0.4792 0.2030 0.1138 0.0605 0.0260
182 0.1254 0.3572 0.3804 0.0932 0.0116 0.0322
183 0.0786 0.0673 0.2008 0.5049 0.0323 0.1162
184 0.1271 0.1710 0.2607 0.3455 0.0468 0.0490
185 0.1473 0.0707 0.0789 0.3269 0.0493 0.3269
186 0.1473 0.0707 0.0789 0.3269 0.0493 0.3269
187 0.2496 0.1637 0.0904 0.3257 0.1024 0.0682
188 0.4309 0.2656 0.0903 0.0947 0.1008 0.0177
189 0.4309 0.2656 0.0903 0.0947 0.1008 0.0177
190 0.4324 0.2664 0.0906 0.0935 0.0995 0.0176
191 0.4324 0.2664 0.0906 0.0935 0.0995 0.0176
192 0.1136 0.1553 0.1349 0.1288 0.0181 0.4492
