time exciting_prob fearful_prob tense_prob sad_prob relaxing_prob neutral_prob
0 0.1136 0.1553 0.1349 0.1288 0.0181 0.4492
1 0.2754 0.0680 0.2507 0.3025 0.0397 0.0639
2 0.3413 0.0448 0.1588 0.3062 0.0627 0.0863
3 0.1909 0.0433 0.2064 0.4236 0.0413 0.0945
4 0.2048 0.0526 0.3274 0.2712 0.0471 0.0967
5 0.1781 0.0388 0.1986 0.3433 0.0457 0.1956
6 0.5625 0.1770 0.0761 0.0744 0.0940 0.0158
7 0.3613 0.1249 0.1309 0.1230 0.2334 0.0264
8 0.5454 0.0366 0.1359 0.1144 0.1296 0.0380
9 0.2224 0.0193 0.6338 0.0389 0.0775 0.0082
10 0.2375 0.0200 0.6021 0.0397 0.0938 0.0072
11 0.2115 0.0140 0.5933 0.0522 0.1205 0.0086
12 0.1836 0.2510 0.2888 0.1204 0.0895 0.0665
13 0.8008 0.1248 0.0262 0.0313 0.0151 0.0016
14 0.0565 0.1675 0.1990 0.5000 0.0327 0.0440
15 0.0449 0.1592 0.2316 0.5059 0.0181 0.0403
16 0.0922 0.1879 0.1937 0.4648 0.0436 0.0177
17 0.0867 0.1697 0.2798 0.4041 0.0379 0.0219
18 0.1519 0.1111 0.1240 0.2280 0.3167 0.0685
19 0.1108 0.0786 0.0919 0.2203 0.3010 0.1975
20 0.0962 0.0484 0.1974 0.4661 0.0232 0.1688
21 0.4219 0.1931 0.1992 0.0558 0.1237 0.0063
22 0.0556 0.0385 0.3923 0.4807 0.0144 0.0185
23 0.1782 0.1782 0.2676 0.0816 0.2615 0.0330
24 0.1506 0.3018 0.3394 0.0920 0.0899 0.0262
25 0.2754 0.0432 0.1544 0.2798 0.1619 0.0853
26 0.1401 0.1516 0.2578 0.2008 0.0149 0.2347
27 0.0908 0.0789 0.1148 0.6606 0.0288 0.0260
28 0.1115 0.2378 0.3005 0.2959 0.0314 0.0226
29 0.6914 0.0800 0.1616 0.0614 0.0024 0.0031
30 0.4971 0.0781 0.3259 0.0805 0.0028 0.0154
31 0.6836 0.0726 0.1433 0.0933 0.0011 0.0058
32 0.5591 0.0899 0.1382 0.2090 0.0018 0.0018
33 0.0641 0.0811 0.1945 0.5806 0.0349 0.0451
34 0.0456 0.0729 0.2029 0.5869 0.0432 0.0486
35 0.1165 0.0845 0.1776 0.4607 0.1147 0.0460
36 0.2170 0.4668 0.1401 0.0417 0.0716 0.0627
37 0.1036 0.6650 0.1531 0.0102 0.0576 0.0106
38 0.1273 0.0611 0.0855 0.5278 0.1661 0.0322
39 0.1061 0.1321 0.1351 0.0643 0.5557 0.0066
40 0.2260 0.0768 0.1993 0.1678 0.2443 0.0858
41 0.1217 0.0437 0.0726 0.0593 0.6274 0.0750
42 0.0741 0.4683 0.3535 0.0347 0.0449 0.0246
43 0.1997 0.1211 0.1906 0.2262 0.1531 0.1094
44 0.2141 0.1119 0.2583 0.1554 0.1393 0.1210
45 0.1120 0.2108 0.1120 0.3091 0.1220 0.1340
46 0.1281 0.1353 0.0595 0.3096 0.1321 0.2355
47 0.1810 0.2200 0.0714 0.2847 0.1007 0.1421
48 0.0529 0.1175 0.0517 0.2111 0.0277 0.5391
49 0.0649 0.1261 0.0569 0.4299 0.1429 0.1792
50 0.1613 0.1677 0.0704 0.2120 0.1227 0.2659
51 0.1345 0.0687 0.1048 0.4624 0.1478 0.0816
52 0.3059 0.0963 0.1091 0.2964 0.1367 0.0557
53 0.0682 0.0925 0.1466 0.4734 0.0804 0.1388
54 0.1166 0.0702 0.1104 0.2908 0.1632 0.2488
55 0.2009 0.2330 0.0699 0.1338 0.2295 0.1328
56 0.0951 0.2839 0.2905 0.1543 0.1643 0.0119
57 0.0775 0.1248 0.2073 0.5049 0.0512 0.0344
58 0.0900 0.0866 0.1696 0.5024 0.1053 0.0464
59 0.2598 0.2256 0.2421 0.0598 0.1945 0.0184
60 0.2450 0.1014 0.0923 0.1879 0.3350 0.0385
61 0.1219 0.1329 0.2191 0.2225 0.2705 0.0328
62 0.5317 0.2268 0.1186 0.0257 0.0573 0.0400
63 0.1598 0.1782 0.0495 0.2474 0.1466 0.2184
64 0.1656 0.2607 0.0764 0.1166 0.1696 0.2111
65 0.4441 0.2251 0.1376 0.0778 0.1047 0.0106
66 0.3181 0.0401 0.0667 0.2186 0.2678 0.0884
67 0.1816 0.2227 0.1604 0.1604 0.2028 0.0723
68 0.1381 0.2620 0.1665 0.2347 0.1744 0.0244
69 0.0941 0.1171 0.1677 0.5088 0.0837 0.0289
70 0.0497 0.1819 0.1310 0.6152 0.0154 0.0067
71 0.0690 0.0402 0.1860 0.6294 0.0344 0.0412
72 0.1162 0.2499 0.2598 0.2517 0.0877 0.0346
73 0.0617 0.1516 0.1787 0.5132 0.0346 0.0603
74 0.0782 0.0980 0.2996 0.4360 0.0409 0.0474
75 0.1461 0.1290 0.1300 0.0350 0.4719 0.0880
76 0.1587 0.0756 0.1730 0.0365 0.5122 0.0437
77 0.0908 0.0324 0.1544 0.6709 0.0187 0.0329
78 0.1198 0.2988 0.2556 0.1285 0.1743 0.0230
79 0.0637 0.1503 0.1082 0.0232 0.6528 0.0019
80 0.0588 0.1143 0.0804 0.4382 0.0811 0.2273
81 0.1165 0.1761 0.0619 0.2192 0.0260 0.4001
82 0.0915 0.2144 0.1212 0.3562 0.0403 0.1764
83 0.0394 0.1765 0.1251 0.0145 0.6357 0.0090
84 0.2008 0.2661 0.3994 0.0318 0.0496 0.0524
85 0.0817 0.0941 0.2256 0.4890 0.0227 0.0870
86 0.2013 0.1617 0.0872 0.2045 0.3267 0.0186
87 0.2115 0.2737 0.1809 0.1323 0.1866 0.0147
88 0.1598 0.2437 0.2380 0.1769 0.1741 0.0076
89 0.1934 0.0781 0.0913 0.1995 0.3088 0.1288
90 0.0523 0.1611 0.0597 0.3987 0.0499 0.2783
91 0.0734 0.2351 0.1011 0.3113 0.0308 0.2483
92 0.0691 0.1148 0.0639 0.2000 0.0801 0.4722
93 0.1793 0.0916 0.1646 0.3350 0.1765 0.0530
94 0.2161 0.1061 0.2300 0.2883 0.1053 0.0542
95 0.1638 0.1338 0.0705 0.3284 0.2137 0.0898
96 0.3088 0.2242 0.1482 0.1042 0.1844 0.0301
97 0.1311 0.2607 0.5229 0.0518 0.0252 0.0084
98 0.1077 0.1094 0.3069 0.2998 0.1383 0.0381
99 0.1437 0.1554 0.2350 0.2444 0.2026 0.0190
100 0.0712 0.0537 0.1320 0.3342 0.3906 0.0183
101 0.1179 0.2362 0.0939 0.2438 0.1913 0.1169
102 0.0868 0.1647 0.0645 0.4802 0.0630 0.1409
103 0.0753 0.0901 0.4165 0.3169 0.0555 0.0457
104 0.2440 0.0863 0.2639 0.2617 0.1189 0.0251
105 0.3806 0.0955 0.0476 0.2964 0.0386 0.1411
106 0.1361 0.2279 0.2091 0.1964 0.2075 0.0229
107 0.2942 0.1479 0.1009 0.2169 0.1975 0.0427
108 0.0969 0.2379 0.4080 0.1610 0.0760 0.0202
109 0.1865 0.2064 0.1895 0.2048 0.1595 0.0534
110 0.0822 0.0523 0.1810 0.4446 0.1610 0.0790
111 0.1121 0.1331 0.1967 0.3425 0.1532 0.0624
112 0.1162 0.1180 0.2559 0.3901 0.0898 0.0298
113 0.1235 0.1586 0.2573 0.3987 0.0152 0.0465
114 0.1478 0.0356 0.1913 0.5488 0.0552 0.0211
115 0.2917 0.0170 0.0939 0.4019 0.1016 0.0939
116 0.0553 0.0667 0.6738 0.1479 0.0315 0.0249
117 0.0357 0.1626 0.4778 0.2991 0.0055 0.0193
118 0.1395 0.1166 0.4541 0.0783 0.0250 0.1864
119 0.1381 0.1154 0.3186 0.3391 0.0118 0.0769
120 0.1686 0.0815 0.2114 0.4373 0.0391 0.0620
121 0.0363 0.0927 0.2024 0.5952 0.0138 0.0598
122 0.0348 0.1293 0.6880 0.0708 0.0049 0.0725
123 0.2151 0.1048 0.3804 0.2118 0.0602 0.0278
124 0.3655 0.1097 0.0676 0.2305 0.1344 0.0924
125 0.4072 0.0730 0.1510 0.2568 0.0771 0.0350
126 0.0194 0.2498 0.6582 0.0612 0.0018 0.0096
127 0.0215 0.2517 0.6533 0.0710 0.0004 0.0022
128 0.1362 0.1129 0.4263 0.2428 0.0355 0.0464
129 0.2076 0.0572 0.0852 0.5303 0.0696 0.0501
130 0.0460 0.1222 0.5830 0.2283 0.0149 0.0056
131 0.2456 0.0414 0.1324 0.4883 0.0362 0.0561
132 0.1688 0.0732 0.1715 0.3411 0.1490 0.0962
133 0.0618 0.1530 0.6050 0.1173 0.0021 0.0609
134 0.3105 0.1490 0.3806 0.0738 0.0440 0.0420
135 0.1617 0.1240 0.4753 0.1174 0.0334 0.0880
136 0.0770 0.0604 0.7139 0.0944 0.0204 0.0342
137 0.1918 0.0435 0.0812 0.5952 0.0318 0.0562
138 0.2056 0.0199 0.2766 0.3840 0.0338 0.0799
139 0.0424 0.0637 0.4060 0.4600 0.0148 0.0130
140 0.0338 0.1926 0.6318 0.1205 0.0074 0.0141
141 0.0314 0.1647 0.6719 0.1080 0.0065 0.0175
142 0.2391 0.0840 0.1605 0.2449 0.1121 0.1593
143 0.1075 0.2172 0.4319 0.1163 0.0070 0.1199
144 0.0632 0.1505 0.7012 0.0287 0.0399 0.0165
145 0.1528 0.0318 0.2559 0.4819 0.0222 0.0554
146 0.2224 0.1719 0.4424 0.0964 0.0352 0.0316
147 0.0623 0.1299 0.5508 0.1530 0.0886 0.0155
148 0.0654 0.0587 0.5068 0.2979 0.0596 0.0118
149 0.2551 0.1080 0.1740 0.3540 0.0230 0.0861
150 0.1984 0.0439 0.2842 0.3323 0.0894 0.0518
151 0.1245 0.0761 0.4414 0.3059 0.0163 0.0357
152 0.0644 0.1892 0.7139 0.0116 0.0125 0.0082
153 0.1081 0.1454 0.5752 0.1097 0.0330 0.0286
154 0.1298 0.1403 0.5054 0.1541 0.0355 0.0352
155 0.1143 0.1855 0.3748 0.2421 0.0187 0.0646
156 0.1019 0.2996 0.3501 0.1506 0.0787 0.0191
157 0.0986 0.1479 0.6040 0.0651 0.0053 0.0792
158 0.0282 0.2418 0.5361 0.1769 0.0014 0.0153
159 0.0817 0.1235 0.7744 0.0106 0.0046 0.0050
160 0.1461 0.1804 0.4905 0.1183 0.0304 0.0344
161 0.0856 0.1032 0.7222 0.0672 0.0103 0.0116
162 0.1025 0.0421 0.2874 0.4521 0.0693 0.0465
163 0.0950 0.2859 0.5254 0.0485 0.0363 0.0088
164 0.0663 0.4094 0.4497 0.0525 0.0206 0.0014
165 0.0920 0.2769 0.4897 0.1219 0.0153 0.0041
166 0.2686 0.0674 0.2837 0.2998 0.0463 0.0341
167 0.1525 0.2634 0.2399 0.2085 0.0829 0.0527
168 0.0283 0.0449 0.0294 0.0173 0.8740 0.0062
169 0.0406 0.0619 0.1310 0.5430 0.1580 0.0659
170 0.0358 0.0508 0.0838 0.6958 0.0987 0.0349
171 0.0574 0.0468 0.0655 0.7041 0.0518 0.0742
172 0.1777 0.0577 0.1544 0.4470 0.1353 0.0279
173 0.3132 0.0779 0.3386 0.1246 0.0465 0.0993
174 0.0744 0.0919 0.1217 0.0488 0.6528 0.0105
175 0.0532 0.0750 0.1109 0.0301 0.7231 0.0077
176 0.0809 0.0868 0.1398 0.0692 0.5571 0.0660
177 0.0890 0.0918 0.2102 0.5625 0.0165 0.0300
178 0.1123 0.1809 0.2491 0.3569 0.0587 0.0420
179 0.2551 0.3030 0.0999 0.1168 0.1304 0.0946
180 0.1647 0.1866 0.4014 0.1150 0.0868 0.0457
181 0.1288 0.1393 0.0545 0.0235 0.6392 0.0148
182 0.1484 0.1004 0.6758 0.0555 0.0018 0.0183
183 0.1327 0.0238 0.1379 0.6582 0.0210 0.0265
184 0.1185 0.0450 0.2064 0.0703 0.5439 0.0159
185 0.0443 0.0645 0.8765 0.0059 0.0005 0.0084
186 0.3267 0.0833 0.5557 0.0211 0.0096 0.0036
187 0.5903 0.0488 0.0963 0.0864 0.1588 0.0196
188 0.1602 0.0584 0.3040 0.1528 0.3040 0.0208
189 0.4709 0.0415 0.3042 0.0775 0.0769 0.0290
190 0.2374 0.1087 0.2063 0.1271 0.1764 0.1440
191 0.3018 0.0648 0.1471 0.2834 0.0972 0.1059
192 0.0720 0.0925 0.1196 0.3054 0.0749 0.3354
193 0.1550 0.1613 0.0612 0.3284 0.1379 0.1562
194 0.2778 0.1794 0.1376 0.1243 0.1465 0.1344
195 0.0874 0.1046 0.1014 0.3376 0.1440 0.2249
196 0.0944 0.2391 0.1439 0.2710 0.2211 0.0306
197 0.4392 0.0375 0.1146 0.1859 0.1693 0.0537
198 0.3496 0.0481 0.0668 0.1871 0.2329 0.1153
199 0.1696 0.2263 0.1520 0.1936 0.1581 0.1005
200 0.1299 0.0812 0.0690 0.4426 0.1093 0.1680
201 0.1686 0.1114 0.0803 0.4954 0.0610 0.0834
202 0.2383 0.0662 0.0919 0.2458 0.2830 0.0750
203 0.1995 0.0957 0.1084 0.3289 0.1705 0.0972
204 0.1407 0.1375 0.0403 0.2357 0.1054 0.3403
205 0.2441 0.2367 0.0762 0.1287 0.0481 0.2661
206 0.1947 0.1858 0.0466 0.1614 0.2462 0.1653
207 0.1541 0.3667 0.0871 0.1602 0.1403 0.0920
208 0.1423 0.1445 0.2920 0.2170 0.0933 0.1108
209 0.1527 0.2258 0.3286 0.1075 0.0891 0.0964
210 0.1847 0.1819 0.3789 0.0795 0.0944 0.0807
211 0.4155 0.3313 0.0449 0.0290 0.1693 0.0099
212 0.2954 0.3914 0.0644 0.0460 0.1937 0.0093
213 0.2485 0.1193 0.1555 0.2061 0.1982 0.0723
214 0.1184 0.2429 0.4539 0.1061 0.0526 0.0260
215 0.0958 0.1210 0.4497 0.1935 0.0782 0.0618
216 0.0831 0.1154 0.2260 0.2090 0.0851 0.2812
217 0.1051 0.2622 0.2225 0.2314 0.0800 0.0988
218 0.0957 0.3042 0.0972 0.2107 0.1615 0.1309
219 0.1130 0.2954 0.1045 0.2487 0.1202 0.1184
220 0.5239 0.1958 0.0698 0.1206 0.0239 0.0661
221 0.7827 0.0459 0.0576 0.0287 0.0806 0.0045
222 0.1868 0.0503 0.2634 0.1674 0.1648 0.1674
223 0.2466 0.1279 0.2544 0.0839 0.1669 0.1202
224 0.1655 0.1427 0.0586 0.1906 0.2883 0.1543
225 0.1854 0.0454 0.4517 0.0816 0.1142 0.1216
226 0.2404 0.1127 0.4285 0.1075 0.0632 0.0477
227 0.5732 0.0513 0.0396 0.1111 0.2125 0.0125
228 0.3867 0.0540 0.2830 0.1826 0.0584 0.0354
229 0.2957 0.1836 0.3855 0.0909 0.0340 0.0104
230 0.4407 0.0522 0.1323 0.1080 0.2512 0.0156
231 0.2399 0.0606 0.0515 0.4768 0.0211 0.1500
232 0.1700 0.3657 0.2512 0.1399 0.0388 0.0343
233 0.2671 0.1780 0.0486 0.1895 0.2146 0.1022
234 0.1991 0.0970 0.3132 0.1703 0.0303 0.1899
235 0.2368 0.1554 0.2727 0.1350 0.0186 0.1816
236 0.3311 0.1469 0.0792 0.1227 0.1614 0.1588
237 0.0711 0.0700 0.2642 0.2642 0.0069 0.3237
238 0.0820 0.0795 0.3293 0.2299 0.0064 0.2729
239 0.2566 0.1300 0.5303 0.0538 0.0240 0.0051
240 0.2573 0.0483 0.3008 0.3008 0.0661 0.0265
241 0.1156 0.0638 0.2773 0.4036 0.0859 0.0538
242 0.1500 0.0491 0.1768 0.4014 0.1398 0.0828
243 0.1412 0.0424 0.3062 0.3723 0.0891 0.0488
244 0.1271 0.0309 0.1792 0.6157 0.0228 0.0242
245 0.1080 0.0239 0.0583 0.7739 0.0171 0.0189
246 0.3938 0.1309 0.1949 0.1860 0.0800 0.0142
247 0.2227 0.0740 0.2227 0.3730 0.0729 0.0347
248 0.2340 0.0822 0.0490 0.1442 0.4438 0.0468
249 0.3901 0.0627 0.0363 0.1626 0.3184 0.0301
250 0.3274 0.0655 0.0267 0.4407 0.1168 0.0232
251 0.1638 0.1091 0.1075 0.3062 0.2170 0.0963
252 0.1981 0.1028 0.1129 0.2505 0.2505 0.0852
253 0.1249 0.0046 0.0638 0.7773 0.0209 0.0081
254 0.1792 0.0055 0.1037 0.6763 0.0199 0.0155
255 0.1847 0.1289 0.0690 0.4500 0.0118 0.1555
256 0.1030 0.1547 0.0983 0.2671 0.0340 0.3430
