time exciting_prob fearful_prob tense_prob sad_prob relaxing_prob neutral_prob
0 0.1136 0.1553 0.1349 0.1288 0.0181 0.4492
1 0.4197 0.0509 0.2428 0.1129 0.0119 0.1617
2 0.5200 0.0715 0.1378 0.2595 0.0084 0.0026
3 0.0628 0.0497 0.7773 0.1036 0.0025 0.0039
4 0.0425 0.3618 0.3506 0.1508 0.0058 0.0886
5 0.8735 0.0159 0.0276 0.0567 0.0233 0.0028
6 0.8149 0.0277 0.0361 0.0900 0.0248 0.0066
7 0.0386 0.1783 0.6226 0.1133 0.0024 0.0451
8 0.1869 0.0480 0.1989 0.4624 0.0519 0.0519
9 0.0298 0.1099 0.5493 0.2939 0.0028 0.0141
10 0.5078 0.1315 0.1769 0.1688 0.0079 0.0072
11 0.4268 0.0975 0.3767 0.0874 0.0065 0.0050
12 0.2510 0.0665 0.3538 0.2549 0.0379 0.0361
13 0.1742 0.1755 0.5625 0.0688 0.0102 0.0088
14 0.4368 0.0446 0.2231 0.2607 0.0235 0.0111
15 0.1092 0.0705 0.4387 0.3364 0.0091 0.0363
16 0.0550 0.0019 0.0264 0.9155 0.0006 0.0004
17 0.2856 0.0054 0.0637 0.6436 0.0013 0.0003
18 0.4424 0.0056 0.0942 0.4565 0.0009 0.0004
19 0.1600 0.2223 0.4219 0.0745 0.0357 0.0857
20 0.1729 0.2939 0.3716 0.0540 0.0410 0.0667
21 0.0519 0.2438 0.4019 0.2362 0.0300 0.0362
22 0.0590 0.1309 0.4290 0.2683 0.0520 0.0608
23 0.0698 0.2323 0.1925 0.4272 0.0423 0.0359
24 0.0689 0.1554 0.1788 0.3726 0.0278 0.1964
25 0.0853 0.1062 0.2393 0.4541 0.0350 0.0801
26 0.1528 0.2089 0.3962 0.1528 0.0170 0.0722
27 0.0506 0.0713 0.1969 0.4949 0.0353 0.1510
28 0.0513 0.4534 0.4128 0.0674 0.0076 0.0074
29 0.0471 0.2935 0.2844 0.2800 0.0502 0.0450
30 0.0694 0.1256 0.1638 0.5811 0.0280 0.0323
31 0.0542 0.6709 0.1644 0.0542 0.0072 0.0490
32 0.0746 0.4226 0.1681 0.1708 0.0352 0.1289
33 0.0169 0.7603 0.1619 0.0422 0.0038 0.0151
34 0.0739 0.1092 0.3523 0.3694 0.0247 0.0705
35 0.0643 0.1384 0.5225 0.1520 0.0577 0.0654
36 0.0536 0.1459 0.3391 0.3901 0.0150 0.0562
37 0.0791 0.0557 0.5322 0.1649 0.0225 0.1455
38 0.0195 0.1240 0.7959 0.0456 0.0023 0.0126
39 0.0898 0.1050 0.2122 0.3901 0.0125 0.1902
40 0.0643 0.0740 0.7021 0.1202 0.0186 0.0206
41 0.1313 0.1660 0.4373 0.2269 0.0015 0.0370
42 0.0254 0.0865 0.2837 0.1382 0.0201 0.4463
43 0.0942 0.0504 0.0957 0.4155 0.0154 0.3289
44 0.1281 0.2754 0.4070 0.1594 0.0100 0.0200
45 0.1376 0.0426 0.3328 0.4407 0.0280 0.0185
46 0.1853 0.1537 0.2167 0.3057 0.0552 0.0836
47 0.1581 0.1863 0.2668 0.3025 0.0501 0.0361
48 0.1226 0.1715 0.3203 0.3010 0.0491 0.0356
49 0.0781 0.1172 0.5249 0.2122 0.0155 0.0520
50 0.1729 0.1898 0.5493 0.0430 0.0178 0.0273
51 0.3157 0.1492 0.4053 0.0891 0.0129 0.0278
52 0.2260 0.3843 0.3289 0.0418 0.0092 0.0100
53 0.1036 0.4004 0.4329 0.0393 0.0045 0.0192
54 0.1624 0.3491 0.4019 0.0621 0.0091 0.0155
55 0.0787 0.1530 0.7070 0.0445 0.0089 0.0078
56 0.1052 0.3848 0.4714 0.0254 0.0087 0.0044
57 0.1656 0.2126 0.3911 0.1997 0.0235 0.0075
58 0.0732 0.1549 0.7056 0.0544 0.0036 0.0085
59 0.0776 0.3398 0.4646 0.0974 0.0067 0.0139
60 0.0136 0.2783 0.5625 0.1335 0.0031 0.0089
61 0.0238 0.0928 0.7075 0.1460 0.0047 0.0250
62 0.0875 0.0491 0.3005 0.4304 0.0147 0.1177
63 0.2258 0.2810 0.2367 0.1705 0.0541 0.0318
64 0.0409 0.1655 0.3970 0.3560 0.0120 0.0288
65 0.0758 0.0628 0.6860 0.1681 0.0023 0.0050
66 0.0504 0.1425 0.7236 0.0787 0.0030 0.0020
67 0.0192 0.0761 0.4451 0.3306 0.0054 0.1235
68 0.0176 0.0586 0.5137 0.3643 0.0015 0.0442
69 0.0173 0.0389 0.6284 0.3015 0.0010 0.0129
70 0.0661 0.1586 0.5801 0.1305 0.0087 0.0561
71 0.0423 0.1122 0.6357 0.1880 0.0018 0.0200
72 0.0354 0.1652 0.2402 0.5166 0.0035 0.0392
73 0.0422 0.2373 0.6978 0.0138 0.0027 0.0063
74 0.0105 0.2004 0.6890 0.0918 0.0014 0.0070
75 0.0234 0.2183 0.6724 0.0687 0.0005 0.0171
76 0.0629 0.2015 0.5396 0.1385 0.0013 0.0564
77 0.0636 0.2202 0.3154 0.1974 0.0031 0.2004
78 0.0313 0.1887 0.3936 0.3162 0.0071 0.0632
79 0.0239 0.0854 0.7612 0.0815 0.0006 0.0475
80 0.0127 0.0432 0.4502 0.3398 0.0012 0.1531
81 0.0352 0.0337 0.1508 0.7085 0.0041 0.0680
82 0.0343 0.4053 0.4314 0.1198 0.0041 0.0050
83 0.1338 0.0948 0.2205 0.5288 0.0041 0.0178
84 0.2878 0.1051 0.2173 0.3262 0.0160 0.0474
85 0.2637 0.0301 0.1730 0.3606 0.0315 0.1412
86 0.2747 0.0864 0.3472 0.2386 0.0180 0.0349
87 0.3040 0.0355 0.1903 0.3965 0.0536 0.0201
88 0.2499 0.0411 0.1829 0.4453 0.0263 0.0545
89 0.0288 0.0886 0.6348 0.2194 0.0199 0.0086
90 0.0191 0.1007 0.7271 0.1224 0.0012 0.0295
91 0.0205 0.1339 0.3877 0.2463 0.0007 0.2107
92 0.0280 0.0768 0.4453 0.1074 0.0011 0.3413
93 0.0121 0.1215 0.3462 0.4883 0.0040 0.0280
94 0.0121 0.0563 0.5181 0.3093 0.0037 0.1005
95 0.0103 0.0361 0.8745 0.0586 0.0027 0.0176
96 0.0318 0.0851 0.1093 0.6904 0.0073 0.0762
97 0.0622 0.1493 0.2661 0.4893 0.0080 0.0251
98 0.0439 0.2529 0.1464 0.5029 0.0468 0.0073
99 0.0238 0.3318 0.0347 0.2666 0.3425 0.0004
100 0.0248 0.2925 0.3582 0.3018 0.0112 0.0117
101 0.0079 0.2703 0.1801 0.5049 0.0010 0.0360
102 0.0346 0.0986 0.3960 0.3718 0.0174 0.0817
103 0.0460 0.1373 0.1682 0.4866 0.0111 0.1508
104 0.0226 0.1241 0.2430 0.4541 0.0064 0.1498
105 0.0440 0.2166 0.2571 0.3354 0.0293 0.1177
106 0.0732 0.0458 0.3748 0.2830 0.0063 0.2169
107 0.0903 0.1559 0.5615 0.1488 0.0070 0.0365
108 0.0684 0.1381 0.5635 0.1746 0.0068 0.0485
109 0.0704 0.0798 0.1743 0.4592 0.0338 0.1826
110 0.1149 0.4138 0.1659 0.2888 0.0111 0.0053
111 0.1008 0.2827 0.4114 0.1884 0.0095 0.0074
112 0.0313 0.2793 0.4980 0.1847 0.0045 0.0022
113 0.0321 0.1271 0.4578 0.3794 0.0018 0.0019
114 0.0468 0.1938 0.4651 0.2734 0.0082 0.0129
115 0.3413 0.1991 0.1550 0.2496 0.0146 0.0404
116 0.3530 0.0442 0.1831 0.3369 0.0572 0.0258
117 0.0944 0.1005 0.2129 0.4648 0.0219 0.1053
118 0.0138 0.7144 0.2145 0.0555 0.0015 0.0003
119 0.2319 0.0670 0.6108 0.0707 0.0159 0.0035
120 0.5088 0.0270 0.0710 0.2559 0.1118 0.0259
121 0.4026 0.2040 0.2008 0.1296 0.0540 0.0090
122 0.2034 0.0760 0.0760 0.5444 0.0875 0.0127
123 0.7339 0.0830 0.0762 0.0323 0.0357 0.0389
124 0.2625 0.0981 0.3022 0.2354 0.0654 0.0367
125 0.2257 0.0926 0.4558 0.1677 0.0184 0.0398
126 0.2394 0.0439 0.4910 0.1697 0.0212 0.0348
127 0.0935 0.6543 0.1846 0.0628 0.0020 0.0030
128 0.0440 0.5444 0.3301 0.0772 0.0025 0.0020
129 0.0217 0.1395 0.7661 0.0670 0.0024 0.0032
130 0.0100 0.4578 0.3049 0.2096 0.0173 0.0006
131 0.0077 0.6123 0.1927 0.1810 0.0054 0.0008
132 0.0127 0.6265 0.3005 0.0322 0.0258 0.0025
133 0.0353 0.3677 0.5103 0.0713 0.0061 0.0091
134 0.0757 0.2859 0.5425 0.0658 0.0056 0.0248
135 0.1847 0.2228 0.3093 0.2299 0.0393 0.0140
136 0.1023 0.0515 0.1072 0.6270 0.0592 0.0531
137 0.0371 0.5454 0.3521 0.0519 0.0084 0.0052
138 0.0316 0.4258 0.3816 0.1404 0.0156 0.0051
139 0.1022 0.2097 0.5879 0.0861 0.0109 0.0032
140 0.1294 0.5366 0.2615 0.0651 0.0057 0.0017
141 0.0595 0.4902 0.4062 0.0399 0.0038 0.0002
142 0.0869 0.1501 0.4211 0.3333 0.0018 0.0069
143 0.0934 0.1493 0.5293 0.2240 0.0027 0.0016
144 0.2065 0.1334 0.4802 0.1420 0.0340 0.0037
145 0.1243 0.3030 0.2800 0.2800 0.0105 0.0020
146 0.1670 0.1095 0.3479 0.3589 0.0113 0.0054
147 0.3020 0.1361 0.3264 0.2209 0.0114 0.0030
148 0.0491 0.1008 0.2827 0.5122 0.0119 0.0434
149 0.0329 0.1820 0.3049 0.4507 0.0122 0.0173
150 0.0339 0.3164 0.5908 0.0529 0.0046 0.0014
151 0.0741 0.2393 0.4985 0.1670 0.0075 0.0136
152 0.0957 0.1577 0.6387 0.0695 0.0215 0.0168
153 0.0526 0.1547 0.6411 0.1006 0.0267 0.0245
154 0.0814 0.2178 0.6450 0.0342 0.0045 0.0169
155 0.1254 0.1187 0.5444 0.1622 0.0146 0.0345
156 0.0531 0.1143 0.7334 0.0548 0.0315 0.0129
157 0.0802 0.2413 0.5356 0.0881 0.0233 0.0314
158 0.0445 0.3086 0.5767 0.0466 0.0164 0.0074
159 0.0234 0.8003 0.1504 0.0220 0.0007 0.0031
160 0.0614 0.3374 0.5391 0.0542 0.0042 0.0038
161 0.0329 0.1407 0.6924 0.0938 0.0020 0.0382
162 0.0297 0.2028 0.4941 0.1875 0.0794 0.0066
163 0.0231 0.5693 0.3794 0.0186 0.0066 0.0027
164 0.0581 0.1121 0.2605 0.5103 0.0186 0.0406
165 0.0411 0.2224 0.2025 0.4783 0.0080 0.0477
166 0.0674 0.0674 0.2352 0.5220 0.0339 0.0740
167 0.0357 0.1010 0.1458 0.1287 0.5811 0.0080
168 0.0953 0.2778 0.6069 0.0091 0.0079 0.0027
169 0.0589 0.1066 0.8257 0.0075 0.0010 0.0004
170 0.0925 0.0503 0.8501 0.0063 0.0004 0.0003
171 0.0972 0.0806 0.8135 0.0076 0.0004 0.0006
172 0.0381 0.2949 0.1995 0.3906 0.0153 0.0618
173 0.3630 0.0737 0.1356 0.3203 0.0357 0.0715
174 0.0919 0.1827 0.1771 0.4521 0.0672 0.0289
175 0.0271 0.4875 0.2302 0.2413 0.0044 0.0096
176 0.0643 0.5820 0.2389 0.1012 0.0046 0.0088
177 0.0814 0.6016 0.1924 0.1113 0.0030 0.0102
178 0.1957 0.2847 0.2551 0.2512 0.0095 0.0039
179 0.3262 0.1772 0.1829 0.2832 0.0278 0.0025
180 0.3369 0.1543 0.2043 0.2974 0.0058 0.0012
181 0.5278 0.1897 0.1853 0.0939 0.0022 0.0007
182 0.2284 0.0510 0.3171 0.3945 0.0050 0.0041
183 0.1820 0.0268 0.2095 0.5693 0.0092 0.0031
184 0.2717 0.0351 0.2512 0.3953 0.0379 0.0085
185 0.0305 0.0174 0.1409 0.7739 0.0060 0.0314
186 0.2852 0.1600 0.3284 0.2153 0.0036 0.0076
187 0.1866 0.2183 0.3125 0.2473 0.0293 0.0060
188 0.1804 0.1028 0.1721 0.3645 0.0707 0.1094
189 0.2230 0.2607 0.2196 0.2649 0.0173 0.0143
190 0.1262 0.1454 0.1476 0.4014 0.0953 0.0841
191 0.1378 0.0890 0.2537 0.3748 0.0269 0.1179
192 0.0582 0.3171 0.2886 0.3271 0.0051 0.0039
193 0.0111 0.2583 0.5820 0.1471 0.0003 0.0012
194 0.0616 0.4082 0.3384 0.1812 0.0035 0.0071
195 0.0406 0.6152 0.3345 0.0077 0.0009 0.0010
196 0.0312 0.2070 0.4890 0.2239 0.0049 0.0441
197 0.0529 0.2996 0.1935 0.3291 0.0390 0.0859
198 0.0368 0.5850 0.2805 0.0743 0.0030 0.0205
199 0.0236 0.4146 0.5078 0.0458 0.0048 0.0032
200 0.0191 0.3828 0.4204 0.1647 0.0036 0.0097
201 0.0268 0.4871 0.4575 0.0229 0.0035 0.0022
202 0.0468 0.2612 0.3303 0.3054 0.0147 0.0414
203 0.0098 0.0676 0.1672 0.7266 0.0273 0.0015
204 0.0556 0.1195 0.2064 0.5439 0.0271 0.0475
205 0.1732 0.2947 0.1963 0.2025 0.0554 0.0781
206 0.1194 0.2063 0.2734 0.3147 0.0307 0.0555
207 0.0795 0.4165 0.3347 0.1462 0.0138 0.0092
208 0.1337 0.6182 0.1469 0.0919 0.0078 0.0016
209 0.2296 0.3088 0.2683 0.1191 0.0599 0.0141
210 0.4302 0.0874 0.0930 0.2231 0.1194 0.0468
211 0.0723 0.1268 0.1309 0.4714 0.0306 0.1681
212 0.1500 0.1263 0.0815 0.3599 0.0230 0.2593
213 0.2203 0.2786 0.2346 0.2239 0.0349 0.0077
214 0.1547 0.3826 0.1808 0.2017 0.0703 0.0100
215 0.1781 0.3655 0.2512 0.1500 0.0522 0.0031
216 0.1284 0.1757 0.6323 0.0527 0.0103 0.0005
217 0.1937 0.1644 0.5225 0.0321 0.0783 0.0089
218 0.0548 0.4417 0.3777 0.1207 0.0036 0.0015
219 0.3958 0.2400 0.3081 0.0343 0.0152 0.0065
220 0.0522 0.0353 0.0873 0.6763 0.0498 0.0990
221 0.0891 0.3467 0.4814 0.0699 0.0111 0.0020
222 0.3779 0.1337 0.3232 0.1379 0.0255 0.0016
223 0.4172 0.2081 0.2098 0.1465 0.0170 0.0013
224 0.3279 0.2437 0.1868 0.2218 0.0179 0.0020
225 0.3350 0.1792 0.2450 0.2129 0.0264 0.0017
226 0.4973 0.2581 0.1370 0.0871 0.0201 0.0007
227 0.4448 0.1959 0.1216 0.2085 0.0276 0.0015
228 0.2603 0.3140 0.2483 0.1591 0.0173 0.0012
229 0.1704 0.1277 0.5249 0.1552 0.0088 0.0129
230 0.3145 0.1462 0.2864 0.2212 0.0286 0.0034
231 0.2279 0.0712 0.3757 0.2749 0.0378 0.0125
232 0.0630 0.0503 0.6831 0.1957 0.0048 0.0033
233 0.2120 0.1135 0.4419 0.1871 0.0366 0.0089
234 0.2590 0.0828 0.5234 0.1055 0.0265 0.0027
235 0.2018 0.1014 0.5571 0.1195 0.0181 0.0022
236 0.3186 0.1414 0.4353 0.0775 0.0244 0.0030
237 0.1825 0.1274 0.4661 0.2004 0.0216 0.0019
238 0.2979 0.1780 0.4072 0.0930 0.0221 0.0017
239 0.2656 0.2169 0.0849 0.2830 0.0052 0.1444
240 0.2125 0.0546 0.2771 0.3789 0.0272 0.0497
241 0.0404 0.0368 0.3176 0.5845 0.0168 0.0038
242 0.1136 0.1553 0.1349 0.1288 0.0181 0.4492
243 0.2433 0.0032 0.2250 0.4836 0.0286 0.0163
244 0.3684 0.0028 0.1254 0.4880 0.0124 0.0031
245 0.1852 0.0875 0.0861 0.2959 0.0447 0.3005
246 0.3848 0.1155 0.0233 0.1102 0.0712 0.2949
247 0.5610 0.1071 0.0158 0.0675 0.0802 0.1685
248 0.5610 0.1071 0.0158 0.0675 0.0802 0.1685
249 0.3330 0.1700 0.0561 0.0889 0.0626 0.2893
