time exciting_prob fearful_prob tense_prob sad_prob relaxing_prob neutral_prob
0 0.1136 0.1553 0.1349 0.1288 0.0181 0.4492
1 0.0125 0.0622 0.3635 0.5371 0.0181 0.0063
2 0.0175 0.0490 0.2820 0.6255 0.0224 0.0033
3 0.0087 0.0205 0.1357 0.8184 0.0126 0.0042
4 0.0260 0.0479 0.3481 0.5479 0.0226 0.0078
5 0.2817 0.0050 0.0669 0.0746 0.5688 0.0027
6 0.4390 0.0057 0.0892 0.0580 0.4060 0.0020
7 0.5503 0.0087 0.0927 0.0598 0.2856 0.0028
8 0.1824 0.1055 0.3005 0.3569 0.0440 0.0105
9 0.1383 0.2045 0.3267 0.3069 0.0172 0.0064
10 0.0964 0.2703 0.2539 0.2922 0.0438 0.0434
11 0.0323 0.1516 0.3582 0.3696 0.0289 0.0594
12 0.0438 0.1412 0.2766 0.4351 0.0986 0.0047
13 0.0933 0.1467 0.4246 0.2698 0.0320 0.0338
14 0.0880 0.0853 0.5562 0.2014 0.0551 0.0143
15 0.0104 0.1549 0.2986 0.5244 0.0083 0.0035
16 0.0223 0.1186 0.5400 0.2935 0.0191 0.0066
17 0.0224 0.0914 0.7539 0.1230 0.0032 0.0060
18 0.0595 0.0814 0.7720 0.0664 0.0079 0.0131
19 0.7085 0.0277 0.1509 0.0685 0.0151 0.0293
20 0.6948 0.0227 0.1265 0.0849 0.0190 0.0523
21 0.7588 0.0202 0.1494 0.0396 0.0147 0.0176
22 0.0620 0.0453 0.4578 0.3679 0.0149 0.0522
23 0.0390 0.0355 0.7832 0.1240 0.0014 0.0169
24 0.0319 0.0510 0.8364 0.0687 0.0024 0.0097
25 0.0689 0.0942 0.5952 0.1787 0.0157 0.0474
26 0.0555 0.1311 0.4573 0.2861 0.0266 0.0432
27 0.0198 0.1232 0.3296 0.5103 0.0050 0.0121
28 0.0131 0.0423 0.6621 0.2634 0.0014 0.0176
29 0.0367 0.1242 0.7261 0.1062 0.0020 0.0050
30 0.0813 0.1077 0.4607 0.3118 0.0152 0.0233
31 0.0634 0.0802 0.4912 0.2979 0.0223 0.0450
32 0.0579 0.1572 0.4275 0.3330 0.0099 0.0146
33 0.1043 0.1238 0.5381 0.2074 0.0132 0.0132
34 0.0084 0.1010 0.8325 0.0366 0.0025 0.0193
35 0.0070 0.1506 0.7651 0.0599 0.0031 0.0142
36 0.0138 0.1802 0.7354 0.0516 0.0054 0.0139
37 0.0238 0.1501 0.5078 0.3032 0.0058 0.0089
38 0.0610 0.0649 0.2864 0.5107 0.0250 0.0522
39 0.0487 0.1571 0.7383 0.0457 0.0039 0.0065
40 0.0320 0.0979 0.4893 0.3694 0.0013 0.0101
41 0.0305 0.0665 0.5151 0.3711 0.0007 0.0161
42 0.0208 0.0548 0.7109 0.1974 0.0005 0.0156
43 0.0501 0.0753 0.5645 0.2505 0.0153 0.0442
44 0.0737 0.0861 0.5034 0.2612 0.0175 0.0583
45 0.1323 0.0999 0.6123 0.1150 0.0142 0.0265
46 0.0246 0.0844 0.6138 0.2683 0.0024 0.0066
47 0.0338 0.0737 0.6367 0.2343 0.0013 0.0205
48 0.0303 0.1357 0.4666 0.3413 0.0032 0.0229
49 0.0455 0.0683 0.4739 0.3691 0.0105 0.0327
50 0.1603 0.1238 0.6050 0.0668 0.0156 0.0285
51 0.1794 0.0129 0.3682 0.2651 0.0208 0.1534
52 0.0757 0.0115 0.1932 0.2856 0.0183 0.4155
53 0.0726 0.0265 0.3494 0.2678 0.0199 0.2637
54 0.0609 0.4429 0.2949 0.1530 0.0124 0.0361
55 0.0676 0.5889 0.1769 0.1107 0.0091 0.0468
56 0.1051 0.1248 0.5596 0.1257 0.0508 0.0341
57 0.1703 0.1503 0.1798 0.3386 0.1456 0.0155
58 0.2542 0.0393 0.2208 0.3640 0.0504 0.0712
59 0.1345 0.0842 0.3054 0.3201 0.1512 0.0047
60 0.0448 0.1041 0.6084 0.2205 0.0100 0.0121
61 0.0840 0.1311 0.3977 0.3347 0.0252 0.0273
62 0.0152 0.2507 0.6606 0.0413 0.0022 0.0302
63 0.1533 0.1364 0.6206 0.0522 0.0193 0.0180
64 0.0364 0.1594 0.4041 0.3350 0.0033 0.0620
65 0.0298 0.0991 0.5571 0.2018 0.0025 0.1097
66 0.0489 0.0431 0.5015 0.2190 0.0033 0.1844
67 0.1969 0.1071 0.3855 0.2910 0.0038 0.0159
68 0.0983 0.0506 0.2981 0.5073 0.0094 0.0362
69 0.1167 0.0748 0.2048 0.2197 0.3738 0.0102
70 0.0886 0.0614 0.3069 0.4001 0.1372 0.0058
71 0.2258 0.3499 0.1267 0.2156 0.0549 0.0272
72 0.0651 0.1771 0.3691 0.3157 0.0210 0.0519
73 0.0244 0.0793 0.4353 0.3391 0.0047 0.1172
74 0.0257 0.1247 0.5088 0.2810 0.0061 0.0536
75 0.0712 0.2627 0.3320 0.2355 0.0908 0.0078
76 0.1036 0.4978 0.2012 0.1554 0.0390 0.0029
77 0.1006 0.1312 0.0967 0.5698 0.0605 0.0413
78 0.0349 0.1702 0.2554 0.5083 0.0146 0.0167
79 0.0440 0.0630 0.1312 0.5791 0.1398 0.0429
80 0.0986 0.0438 0.2681 0.4854 0.0831 0.0210
81 0.0393 0.3669 0.4158 0.1268 0.0378 0.0135
82 0.0250 0.2262 0.5776 0.1555 0.0115 0.0042
83 0.0348 0.0621 0.2915 0.5708 0.0275 0.0132
84 0.0364 0.0538 0.2450 0.6255 0.0302 0.0089
85 0.0695 0.0739 0.3418 0.4529 0.0549 0.0071
86 0.1921 0.0501 0.0782 0.6206 0.0168 0.0422
87 0.5752 0.1055 0.1398 0.0910 0.0778 0.0108
88 0.0712 0.0981 0.2710 0.4539 0.0958 0.0101
89 0.0705 0.2661 0.3262 0.2312 0.0934 0.0125
90 0.0350 0.0403 0.0771 0.8037 0.0295 0.0141
91 0.0907 0.0268 0.2974 0.5220 0.0076 0.0559
92 0.0706 0.0907 0.4033 0.3909 0.0037 0.0409
93 0.0270 0.1735 0.6245 0.1372 0.0134 0.0246
94 0.0369 0.0633 0.5137 0.3477 0.0137 0.0248
95 0.0293 0.0577 0.5830 0.2842 0.0122 0.0337
96 0.0294 0.0571 0.5010 0.3235 0.0086 0.0805
97 0.0564 0.1232 0.3296 0.4365 0.0101 0.0443
98 0.0489 0.1331 0.4097 0.3730 0.0156 0.0196
99 0.0519 0.0911 0.4146 0.3491 0.0829 0.0107
100 0.0296 0.0940 0.4277 0.4211 0.0072 0.0203
101 0.0289 0.1228 0.3904 0.4287 0.0023 0.0270
102 0.0622 0.1639 0.5547 0.1858 0.0026 0.0308
103 0.2089 0.2600 0.2443 0.1267 0.1589 0.0013
104 0.1092 0.2311 0.4456 0.1639 0.0287 0.0217
105 0.1033 0.0897 0.3547 0.3604 0.0767 0.0151
106 0.0845 0.2157 0.4355 0.1964 0.0637 0.0042
107 0.1743 0.1161 0.2576 0.3013 0.1357 0.0151
108 0.0775 0.1964 0.2157 0.3447 0.1505 0.0153
109 0.0748 0.0510 0.1808 0.6113 0.0754 0.0066
110 0.3679 0.1533 0.2112 0.1071 0.1545 0.0060
111 0.1180 0.0580 0.1527 0.3389 0.3184 0.0141
112 0.0680 0.0989 0.5347 0.2448 0.0055 0.0482
113 0.0638 0.1605 0.4036 0.3345 0.0295 0.0081
114 0.0753 0.3484 0.2712 0.2432 0.0490 0.0130
115 0.0771 0.0573 0.6880 0.1158 0.0031 0.0587
116 0.0690 0.0629 0.1763 0.5967 0.0432 0.0521
117 0.0335 0.0704 0.6274 0.2169 0.0109 0.0407
118 0.0249 0.0632 0.1091 0.6182 0.0280 0.1564
119 0.0457 0.1851 0.1938 0.5352 0.0348 0.0053
120 0.0286 0.1130 0.2979 0.4333 0.0144 0.1130
121 0.0309 0.1240 0.5557 0.2013 0.0029 0.0852
122 0.0168 0.2073 0.6187 0.0825 0.0065 0.0684
123 0.0256 0.0707 0.2979 0.1697 0.0029 0.4333
124 0.0317 0.1512 0.6079 0.1769 0.0175 0.0150
125 0.0138 0.5249 0.3135 0.0266 0.0986 0.0225
126 0.0238 0.1461 0.7656 0.0474 0.0085 0.0086
127 0.1392 0.1228 0.4934 0.1993 0.0178 0.0274
128 0.0817 0.1049 0.4775 0.3037 0.0167 0.0154
129 0.0767 0.2084 0.4844 0.1648 0.0114 0.0544
130 0.0469 0.0903 0.2573 0.5039 0.0241 0.0773
131 0.4089 0.1978 0.1552 0.1993 0.0240 0.0149
132 0.1996 0.1128 0.3042 0.3240 0.0384 0.0212
133 0.5254 0.1200 0.1774 0.1182 0.0415 0.0176
134 0.4231 0.0450 0.1473 0.2732 0.0712 0.0403
135 0.4299 0.0873 0.3508 0.0560 0.0506 0.0252
136 0.0494 0.0625 0.4407 0.3596 0.0098 0.0778
137 0.0283 0.0880 0.6499 0.1951 0.0050 0.0339
138 0.0468 0.6304 0.1984 0.0853 0.0370 0.0021
139 0.0963 0.1143 0.2037 0.4314 0.1198 0.0346
140 0.0635 0.2491 0.4109 0.1837 0.0681 0.0247
141 0.0221 0.1560 0.1008 0.6172 0.0822 0.0218
142 0.1716 0.0699 0.3311 0.3157 0.0912 0.0205
143 0.0598 0.0588 0.1134 0.7280 0.0116 0.0282
144 0.1055 0.0440 0.4441 0.3403 0.0051 0.0610
145 0.0391 0.0923 0.2754 0.4834 0.0367 0.0730
146 0.0634 0.0894 0.2047 0.6206 0.0151 0.0067
147 0.1641 0.1248 0.3418 0.3367 0.0227 0.0100
148 0.0352 0.0613 0.6289 0.1747 0.0050 0.0950
149 0.0385 0.0649 0.5356 0.1738 0.0051 0.1821
150 0.0200 0.1962 0.4026 0.3086 0.0028 0.0699
151 0.0352 0.1119 0.4641 0.2996 0.0224 0.0668
152 0.0342 0.4302 0.3679 0.1375 0.0048 0.0254
153 0.1054 0.0670 0.3274 0.3594 0.1262 0.0146
154 0.0940 0.1179 0.3230 0.3130 0.1274 0.0249
155 0.0595 0.1951 0.2390 0.4194 0.0623 0.0248
156 0.3130 0.1133 0.0816 0.2986 0.0682 0.1255
157 0.0400 0.2820 0.5435 0.1194 0.0061 0.0087
158 0.0812 0.2350 0.0751 0.5054 0.0508 0.0524
159 0.1046 0.3855 0.3350 0.1582 0.0066 0.0102
160 0.0904 0.0441 0.4812 0.2656 0.0414 0.0773
161 0.1220 0.0965 0.5552 0.1667 0.0516 0.0079
162 0.0668 0.0734 0.1705 0.5503 0.0199 0.1190
163 0.0281 0.2710 0.4468 0.2283 0.0098 0.0160
164 0.0156 0.3208 0.4595 0.1857 0.0013 0.0174
165 0.0332 0.0945 0.2651 0.5879 0.0112 0.0081
166 0.0665 0.2322 0.5151 0.1453 0.0319 0.0088
167 0.1143 0.1637 0.5454 0.0963 0.0693 0.0110
168 0.0478 0.0740 0.2925 0.4531 0.0088 0.1238
169 0.0107 0.3391 0.4858 0.1190 0.0024 0.0431
170 0.3696 0.1732 0.1772 0.1190 0.1541 0.0069
171 0.0759 0.3145 0.2410 0.1631 0.0826 0.1231
172 0.0168 0.2372 0.6968 0.0231 0.0040 0.0220
173 0.1925 0.1014 0.5034 0.1293 0.0645 0.0091
174 0.1044 0.1094 0.5962 0.1310 0.0478 0.0108
175 0.0179 0.0723 0.6245 0.0355 0.0052 0.2446
176 0.0666 0.0413 0.5400 0.2593 0.0149 0.0778
177 0.0556 0.2084 0.5317 0.1366 0.0110 0.0565
178 0.0767 0.4482 0.3958 0.0527 0.0200 0.0065
179 0.0150 0.4097 0.1965 0.3730 0.0003 0.0056
180 0.0170 0.2646 0.3345 0.3674 0.0024 0.0140
181 0.1244 0.2051 0.2435 0.3892 0.0295 0.0085
182 0.1006 0.1880 0.4304 0.2340 0.0379 0.0090
183 0.0610 0.0960 0.2233 0.5029 0.0506 0.0660
184 0.0687 0.1726 0.3711 0.2803 0.0968 0.0106
185 0.2079 0.1475 0.2527 0.2910 0.0144 0.0867
186 0.1483 0.3909 0.3369 0.1085 0.0088 0.0066
187 0.1126 0.4055 0.3750 0.0817 0.0099 0.0154
188 0.0354 0.4055 0.2170 0.2240 0.1126 0.0053
189 0.0385 0.2380 0.1913 0.3926 0.1335 0.0061
190 0.0285 0.1120 0.4644 0.2952 0.0043 0.0958
191 0.0080 0.7896 0.1052 0.0943 0.0019 0.0011
192 0.0257 0.0970 0.2327 0.5581 0.0098 0.0767
193 0.1321 0.1863 0.3823 0.2668 0.0216 0.0108
194 0.0061 0.1570 0.0502 0.7729 0.0005 0.0133
195 0.0110 0.4514 0.4729 0.0583 0.0014 0.0050
196 0.0268 0.2314 0.5464 0.1404 0.0023 0.0525
197 0.1299 0.2108 0.4751 0.0729 0.1060 0.0054
198 0.0601 0.5312 0.2510 0.1522 0.0031 0.0024
199 0.0401 0.1189 0.5244 0.2087 0.0272 0.0804
200 0.0373 0.2822 0.3198 0.2034 0.0902 0.0670
201 0.0662 0.1163 0.3582 0.4121 0.0074 0.0399
202 0.0121 0.2744 0.1915 0.5127 0.0035 0.0060
203 0.0377 0.4380 0.1444 0.3689 0.0024 0.0087
204 0.0441 0.1002 0.3088 0.5093 0.0084 0.0294
205 0.0692 0.0671 0.5977 0.2340 0.0096 0.0225
206 0.2542 0.1888 0.4749 0.0701 0.0072 0.0048
207 0.2537 0.2700 0.3521 0.0947 0.0276 0.0021
208 0.0221 0.5649 0.1892 0.2046 0.0154 0.0040
209 0.0208 0.1223 0.2844 0.4543 0.1079 0.0104
210 0.0423 0.1525 0.3892 0.3032 0.1000 0.0130
211 0.0729 0.1619 0.4197 0.3218 0.0168 0.0069
212 0.0298 0.1783 0.4626 0.3179 0.0026 0.0085
213 0.0253 0.1689 0.1276 0.4451 0.1743 0.0588
214 0.0296 0.1638 0.6089 0.1664 0.0053 0.0261
215 0.0257 0.2139 0.6284 0.1163 0.0052 0.0103
216 0.0570 0.3176 0.3435 0.2512 0.0175 0.0129
217 0.0640 0.1022 0.3403 0.4800 0.0020 0.0115
218 0.0268 0.1617 0.3479 0.4465 0.0050 0.0121
219 0.0129 0.1403 0.3472 0.4746 0.0083 0.0165
220 0.1815 0.0956 0.3340 0.3137 0.0618 0.0135
221 0.1416 0.1260 0.2729 0.2998 0.1138 0.0456
222 0.1246 0.5005 0.2087 0.1527 0.0085 0.0047
223 0.0942 0.3235 0.1993 0.3555 0.0196 0.0079
224 0.0630 0.2737 0.3052 0.3250 0.0200 0.0133
225 0.0226 0.1301 0.2047 0.5923 0.0168 0.0334
226 0.0324 0.1780 0.6313 0.1431 0.0032 0.0121
227 0.0290 0.2197 0.6455 0.1006 0.0022 0.0028
228 0.0426 0.1740 0.4238 0.1195 0.2268 0.0133
229 0.0994 0.1564 0.3311 0.0905 0.3210 0.0016
230 0.0280 0.3572 0.1912 0.3984 0.0085 0.0167
231 0.0500 0.1412 0.2479 0.5166 0.0405 0.0035
232 0.0683 0.0225 0.3928 0.4521 0.0232 0.0408
233 0.1321 0.0654 0.3218 0.1952 0.2668 0.0189
234 0.0887 0.0696 0.2000 0.4949 0.1375 0.0093
235 0.0635 0.0687 0.2673 0.5151 0.0790 0.0062
236 0.2095 0.3823 0.2212 0.1486 0.0129 0.0256
237 0.0385 0.0766 0.6313 0.2050 0.0031 0.0457
238 0.0954 0.4146 0.2593 0.0340 0.1958 0.0010
239 0.0299 0.0608 0.4221 0.3669 0.0246 0.0957
240 0.1511 0.1488 0.3486 0.1571 0.1880 0.0064
241 0.0356 0.2415 0.6665 0.0265 0.0033 0.0267
242 0.0321 0.3245 0.5103 0.0659 0.0034 0.0639
243 0.1054 0.1006 0.1659 0.5522 0.0719 0.0039
244 0.1052 0.1183 0.2352 0.4827 0.0384 0.0201
245 0.0831 0.1210 0.2296 0.5015 0.0459 0.0188
246 0.0264 0.1923 0.2015 0.4685 0.0273 0.0840
247 0.1422 0.1255 0.2273 0.3926 0.0420 0.0704
248 0.1486 0.2776 0.5024 0.0509 0.0120 0.0083
249 0.1494 0.2426 0.3999 0.1615 0.0384 0.0083
250 0.0397 0.0569 0.3274 0.4204 0.0332 0.1224
251 0.0196 0.3335 0.2517 0.2637 0.0200 0.1117
252 0.2158 0.1289 0.5259 0.0679 0.0497 0.0120
253 0.2664 0.1201 0.4060 0.1318 0.0550 0.0207
254 0.0544 0.2439 0.2637 0.3604 0.0094 0.0682
255 0.1561 0.3574 0.3630 0.0737 0.0469 0.0029
256 0.0895 0.0464 0.4836 0.2590 0.0983 0.0232
257 0.0239 0.1141 0.2378 0.5796 0.0179 0.0267
258 0.0403 0.0707 0.3323 0.5225 0.0201 0.0141
259 0.0324 0.1252 0.3149 0.4172 0.0168 0.0931
260 0.0345 0.1725 0.2510 0.5146 0.0094 0.0179
261 0.0146 0.4084 0.3333 0.2291 0.0077 0.0068
262 0.0470 0.1318 0.4460 0.2749 0.0663 0.0339
263 0.0135 0.3223 0.0840 0.5654 0.0066 0.0082
264 0.1176 0.2489 0.5439 0.0692 0.0167 0.0038
265 0.1567 0.2751 0.4905 0.0403 0.0272 0.0101
266 0.1838 0.2593 0.4207 0.0703 0.0539 0.0121
267 0.3372 0.2390 0.2795 0.0321 0.0996 0.0128
268 0.2542 0.2279 0.3643 0.0266 0.1239 0.0033
