time exciting_prob fearful_prob tense_prob sad_prob relaxing_prob neutral_prob
0 0.4124 0.1042 0.4321 0.0363 0.0147 0.0001
1 0.5918 0.0908 0.2839 0.0231 0.0099 0.0001
2 0.5991 0.0948 0.2786 0.0169 0.0107 0.0001
3 0.6001 0.0934 0.2791 0.0168 0.0108 0.0001
4 0.5693 0.0929 0.3047 0.0219 0.0114 0.0001
5 0.1136 0.1553 0.1349 0.1288 0.0181 0.4492
6 0.1136 0.1553 0.1349 0.1288 0.0181 0.4492
7 0.7764 0.0283 0.0837 0.0504 0.0173 0.0441
8 0.7461 0.0424 0.1190 0.0360 0.0171 0.0392
9 0.6948 0.0444 0.1490 0.0636 0.0154 0.0327
10 0.8105 0.0348 0.0888 0.0332 0.0117 0.0209
11 0.7642 0.0477 0.1127 0.0294 0.0199 0.0260
12 0.8066 0.0673 0.0459 0.0584 0.0152 0.0064
13 0.8657 0.0711 0.0318 0.0184 0.0116 0.0012
14 0.7559 0.0760 0.0822 0.0510 0.0105 0.0247
15 0.9121 0.0348 0.0356 0.0074 0.0054 0.0044
16 0.8232 0.0660 0.0655 0.0314 0.0086 0.0054
17 0.7749 0.0447 0.1198 0.0488 0.0059 0.0060
18 0.7305 0.0525 0.1508 0.0586 0.0033 0.0047
19 0.1295 0.0476 0.1490 0.4810 0.0044 0.1884
20 0.0898 0.0817 0.1171 0.4419 0.0015 0.2681
21 0.1062 0.0975 0.0796 0.5396 0.0021 0.1752
22 0.3008 0.0848 0.1142 0.3628 0.0078 0.1294
23 0.2112 0.1148 0.0789 0.3823 0.0049 0.2079
24 0.2031 0.3000 0.2063 0.2338 0.0391 0.0177
25 0.0762 0.0434 0.0994 0.7461 0.0056 0.0294
26 0.2118 0.2085 0.2290 0.2556 0.0305 0.0646
27 0.1648 0.3713 0.2717 0.1572 0.0261 0.0089
28 0.2642 0.3137 0.1603 0.2157 0.0181 0.0278
29 0.1267 0.0266 0.1459 0.6636 0.0070 0.0301
30 0.3088 0.2424 0.2173 0.1719 0.0098 0.0497
31 0.1707 0.1137 0.2192 0.3503 0.0270 0.1191
32 0.1399 0.2783 0.2167 0.2698 0.0377 0.0579
33 0.1031 0.1726 0.2148 0.4207 0.0181 0.0709
34 0.1692 0.2462 0.2542 0.2925 0.0187 0.0193
35 0.2437 0.1016 0.1098 0.4482 0.0646 0.0322
36 0.0381 0.2316 0.5913 0.0800 0.0042 0.0546
37 0.0467 0.3970 0.1816 0.2771 0.0572 0.0405
38 0.0953 0.0391 0.0742 0.7261 0.0314 0.0340
39 0.1364 0.0967 0.1923 0.4006 0.0555 0.1185
40 0.2783 0.0557 0.1056 0.5200 0.0128 0.0278
41 0.3162 0.0550 0.1591 0.4321 0.0053 0.0323
42 0.1006 0.2377 0.1333 0.4304 0.0348 0.0630
43 0.1371 0.1732 0.1414 0.4783 0.0283 0.0418
44 0.1367 0.1990 0.3032 0.3179 0.0055 0.0377
45 0.1313 0.1488 0.4878 0.2065 0.0071 0.0185
46 0.1926 0.0671 0.2593 0.4080 0.0267 0.0465
47 0.2588 0.0526 0.1062 0.4072 0.0158 0.1594
48 0.1581 0.0989 0.2954 0.3853 0.0295 0.0329
49 0.1426 0.0396 0.2502 0.4604 0.0105 0.0965
50 0.0742 0.0686 0.3376 0.4993 0.0090 0.0113
51 0.2150 0.2761 0.1897 0.2474 0.0121 0.0597
52 0.1383 0.0604 0.0996 0.5386 0.0160 0.1472
53 0.1393 0.1505 0.1603 0.4495 0.0618 0.0387
54 0.2385 0.1692 0.2788 0.2661 0.0325 0.0148
55 0.2097 0.1375 0.3098 0.2490 0.0564 0.0376
56 0.0476 0.5493 0.2438 0.1315 0.0171 0.0108
57 0.0662 0.2944 0.1267 0.4219 0.0114 0.0793
58 0.0986 0.3086 0.2854 0.2257 0.0562 0.0257
59 0.0948 0.1125 0.3059 0.4453 0.0121 0.0294
60 0.2668 0.2111 0.0764 0.2976 0.0180 0.1300
61 0.0888 0.2778 0.2340 0.1910 0.0288 0.1794
62 0.0676 0.1476 0.2551 0.4839 0.0079 0.0379
63 0.1074 0.2136 0.2966 0.2537 0.0211 0.1074
64 0.6875 0.2097 0.0676 0.0232 0.0049 0.0072
65 0.0934 0.1238 0.2461 0.3811 0.0299 0.1257
66 0.1943 0.1526 0.2053 0.3865 0.0195 0.0417
67 0.0653 0.1174 0.1604 0.5513 0.0045 0.1012
68 0.0681 0.0365 0.0714 0.7324 0.0095 0.0822
69 0.1309 0.1137 0.1790 0.4031 0.0648 0.1085
70 0.2761 0.0749 0.2761 0.3279 0.0282 0.0166
71 0.2620 0.0799 0.1199 0.4670 0.0107 0.0603
72 0.2505 0.2666 0.1749 0.2299 0.0106 0.0674
73 0.1063 0.3301 0.2612 0.2612 0.0038 0.0376
74 0.1698 0.3948 0.2339 0.1343 0.0182 0.0490
75 0.0713 0.3884 0.1509 0.3765 0.0071 0.0060
76 0.0572 0.0505 0.4031 0.4568 0.0067 0.0256
77 0.1016 0.1099 0.1625 0.5757 0.0094 0.0407
78 0.0421 0.0411 0.1400 0.7227 0.0095 0.0448
79 0.1227 0.0844 0.2898 0.4023 0.0108 0.0898
80 0.0874 0.1194 0.1354 0.5522 0.0051 0.1006
81 0.0508 0.1445 0.1161 0.5205 0.0068 0.1613
82 0.1108 0.0863 0.1975 0.5122 0.0120 0.0811
83 0.0930 0.1005 0.1848 0.5347 0.0179 0.0691
84 0.0793 0.1705 0.4783 0.2295 0.0059 0.0363
85 0.3115 0.0995 0.1803 0.3477 0.0102 0.0509
86 0.2849 0.1649 0.4146 0.1179 0.0130 0.0046
87 0.0553 0.2328 0.4282 0.1049 0.0032 0.1757
88 0.0790 0.1254 0.0784 0.4731 0.0025 0.2416
89 0.1387 0.1781 0.1896 0.3274 0.0079 0.1583
90 0.1277 0.3997 0.2969 0.1298 0.0240 0.0220
91 0.0942 0.2705 0.1831 0.3584 0.0097 0.0838
92 0.1875 0.1604 0.2563 0.2815 0.0418 0.0723
93 0.1082 0.2021 0.1929 0.4485 0.0101 0.0383
94 0.1476 0.1954 0.1114 0.4617 0.0153 0.0686
95 0.0421 0.1600 0.2678 0.4214 0.0052 0.1033
96 0.0581 0.1249 0.2771 0.4788 0.0089 0.0521
97 0.0575 0.0508 0.2499 0.5903 0.0018 0.0500
98 0.0859 0.0306 0.2605 0.5098 0.0110 0.1020
99 0.3203 0.0507 0.3010 0.3010 0.0071 0.0200
100 0.0739 0.0837 0.3867 0.4182 0.0131 0.0243
101 0.3240 0.1580 0.0886 0.1655 0.1483 0.1155
102 0.2164 0.2303 0.1214 0.2377 0.0359 0.1583
103 0.2300 0.3821 0.2886 0.0521 0.0222 0.0250
104 0.0663 0.1666 0.2073 0.3313 0.0112 0.2173
105 0.5908 0.0533 0.0594 0.2207 0.0071 0.0689
106 0.0923 0.1322 0.5229 0.2080 0.0052 0.0391
107 0.0938 0.1396 0.5879 0.1442 0.0072 0.0271
108 0.0849 0.1422 0.4963 0.2308 0.0119 0.0338
109 0.1053 0.1070 0.1848 0.5693 0.0032 0.0304
110 0.0414 0.0728 0.0934 0.5376 0.0050 0.2500
111 0.1482 0.1482 0.2727 0.3164 0.0052 0.1093
112 0.1478 0.1284 0.4773 0.1755 0.0074 0.0636
113 0.1324 0.3774 0.2717 0.1700 0.0215 0.0269
114 0.1365 0.1385 0.1808 0.4543 0.0403 0.0494
115 0.1439 0.0735 0.1416 0.5430 0.0475 0.0505
116 0.1230 0.0859 0.5430 0.1484 0.0056 0.0943
117 0.1156 0.1156 0.5430 0.1417 0.0093 0.0746
118 0.0441 0.1199 0.6899 0.1180 0.0047 0.0231
119 0.2091 0.0599 0.4158 0.2727 0.0107 0.0318
120 0.3984 0.0327 0.2343 0.1973 0.0140 0.1234
121 0.2129 0.0615 0.2450 0.4368 0.0155 0.0284
122 0.4060 0.0456 0.3755 0.1318 0.0107 0.0303
123 0.1365 0.0840 0.1985 0.4912 0.0494 0.0403
124 0.0421 0.0744 0.0341 0.7056 0.0049 0.1389
125 0.0365 0.2023 0.3335 0.2054 0.0071 0.2153
126 0.3340 0.2123 0.2922 0.1154 0.0266 0.0196
127 0.3774 0.0869 0.2185 0.1624 0.1082 0.0465
128 0.1667 0.0728 0.2043 0.4675 0.0281 0.0604
129 0.1241 0.0718 0.2798 0.4009 0.0031 0.1204
130 0.2834 0.2834 0.1979 0.1403 0.0695 0.0257
131 0.0990 0.2529 0.4302 0.1140 0.0097 0.0945
132 0.2507 0.1863 0.2710 0.1521 0.0559 0.0840
133 0.1514 0.0890 0.0977 0.5986 0.0069 0.0565
134 0.1400 0.1742 0.1770 0.4380 0.0087 0.0621
135 0.0890 0.2496 0.1143 0.4739 0.0116 0.0617
136 0.0686 0.2864 0.3196 0.2129 0.0079 0.1046
137 0.1625 0.1117 0.1599 0.4927 0.0111 0.0622
138 0.0728 0.1181 0.3259 0.4387 0.0073 0.0372
139 0.1462 0.1879 0.2230 0.3196 0.0211 0.1021
140 0.1569 0.1028 0.2178 0.4197 0.0147 0.0880
141 0.2834 0.1760 0.1288 0.3640 0.0191 0.0283
142 0.2649 0.2411 0.2230 0.2230 0.0132 0.0350
143 0.1925 0.2323 0.2050 0.2847 0.0136 0.0720
144 0.0318 0.1100 0.3286 0.3135 0.0008 0.2155
145 0.2654 0.2416 0.2343 0.2269 0.0088 0.0230
146 0.1710 0.2412 0.4724 0.0601 0.0195 0.0359
147 0.1962 0.0979 0.1317 0.4353 0.0084 0.1307
148 0.1951 0.2078 0.2078 0.2109 0.0740 0.1044
149 0.0649 0.3735 0.3677 0.1658 0.0235 0.0048
150 0.0908 0.1221 0.1644 0.5308 0.0559 0.0361
151 0.0499 0.1255 0.2201 0.3574 0.2380 0.0092
152 0.0403 0.0999 0.4138 0.3828 0.0027 0.0605
153 0.2262 0.1173 0.3396 0.2262 0.0304 0.0604
154 0.1054 0.1252 0.1559 0.5698 0.0104 0.0332
155 0.2340 0.1659 0.2198 0.3052 0.0122 0.0630
156 0.0930 0.2163 0.2610 0.3098 0.0397 0.0802
157 0.0123 0.0614 0.2930 0.5063 0.0008 0.1261
158 0.0569 0.1014 0.1836 0.5312 0.0044 0.1223
159 0.0956 0.0481 0.1902 0.4221 0.0109 0.2330
160 0.0616 0.1065 0.1869 0.3035 0.0031 0.3384
161 0.1315 0.1274 0.1636 0.4961 0.0163 0.0651
162 0.0962 0.2698 0.2345 0.2917 0.0053 0.1024
163 0.1324 0.3984 0.1853 0.2166 0.0073 0.0602
164 0.0404 0.1245 0.0278 0.6035 0.0048 0.1990
165 0.0188 0.2081 0.1354 0.3027 0.0024 0.3325
166 0.0205 0.2434 0.0457 0.3176 0.0016 0.3713
167 0.1211 0.1580 0.1965 0.4097 0.0114 0.1036
168 0.1359 0.3086 0.2329 0.2520 0.0114 0.0594
169 0.1716 0.0919 0.1091 0.5044 0.0142 0.1091
170 0.1663 0.0672 0.1188 0.4888 0.0077 0.1514
171 0.1843 0.0884 0.1627 0.4563 0.0096 0.0987
172 0.1160 0.2397 0.2893 0.2218 0.0365 0.0969
173 0.1637 0.0584 0.2203 0.4812 0.0069 0.0693
174 0.1870 0.4116 0.1587 0.1188 0.0096 0.1143
175 0.0776 0.1506 0.0980 0.3848 0.0031 0.2859
176 0.0474 0.1349 0.1505 0.5015 0.0033 0.1627
177 0.0735 0.2505 0.1036 0.4294 0.0290 0.1138
178 0.2195 0.0670 0.5518 0.0846 0.0235 0.0538
179 0.2167 0.0574 0.3628 0.2271 0.0286 0.1073
180 0.2373 0.0370 0.3193 0.1656 0.0248 0.2161
181 0.1536 0.0491 0.2417 0.5195 0.0094 0.0265
182 0.2646 0.0712 0.3562 0.1907 0.0228 0.0944
183 0.2274 0.1058 0.3809 0.1716 0.0240 0.0905
184 0.1847 0.1708 0.5098 0.0859 0.0077 0.0409
185 0.1904 0.1173 0.4712 0.1173 0.0123 0.0914
186 0.2278 0.1278 0.4822 0.0851 0.0070 0.0700
187 0.2375 0.1376 0.3147 0.1738 0.0168 0.1194
188 0.2490 0.1765 0.4236 0.1088 0.0097 0.0324
189 0.3188 0.1102 0.2483 0.2225 0.0156 0.0845
190 0.2700 0.0948 0.3689 0.1587 0.0113 0.0963
191 0.1836 0.1096 0.4543 0.1149 0.0152 0.1223
192 0.1652 0.1050 0.4558 0.1652 0.0177 0.0912
193 0.2581 0.2313 0.3313 0.0906 0.0169 0.0717
194 0.2361 0.1263 0.4343 0.1047 0.0118 0.0869
195 0.1403 0.1917 0.3311 0.2703 0.0205 0.0462
196 0.1538 0.1125 0.2345 0.4114 0.0227 0.0651
197 0.1306 0.0792 0.3721 0.2681 0.0067 0.1434
198 0.1580 0.1260 0.2976 0.1543 0.0288 0.2354
199 0.0305 0.0999 0.0924 0.6621 0.0020 0.1132
200 0.2404 0.1100 0.3286 0.2223 0.0781 0.0207
201 0.1215 0.2847 0.2019 0.3276 0.0162 0.0479
202 0.1609 0.1420 0.1713 0.4656 0.0087 0.0514
203 0.2935 0.1097 0.2551 0.2673 0.0110 0.0635
204 0.2336 0.1709 0.2566 0.2336 0.0268 0.0782
205 0.0925 0.1346 0.4924 0.2255 0.0216 0.0335
206 0.2361 0.0779 0.2803 0.3228 0.0552 0.0278
207 0.2207 0.0812 0.2502 0.3584 0.0524 0.0372
208 0.0978 0.0313 0.1886 0.6182 0.0066 0.0575
209 0.0797 0.2415 0.3352 0.2234 0.0131 0.1072
210 0.0573 0.1556 0.2607 0.4504 0.0169 0.0591
211 0.1033 0.0544 0.3665 0.4023 0.0046 0.0688
212 0.3311 0.0338 0.4817 0.1317 0.0138 0.0077
213 0.0948 0.2874 0.2458 0.2203 0.0178 0.1337
214 0.1642 0.1182 0.2625 0.3066 0.0146 0.1340
215 0.2428 0.0501 0.2544 0.3879 0.0090 0.0559
216 0.3442 0.1287 0.1287 0.3284 0.0103 0.0598
217 0.2208 0.0764 0.3213 0.2971 0.0179 0.0663
218 0.1986 0.1080 0.2549 0.3125 0.0129 0.1132
219 0.1064 0.2083 0.1781 0.4272 0.0273 0.0526
220 0.1620 0.0569 0.1671 0.5068 0.0345 0.0730
221 0.1732 0.1370 0.2600 0.2993 0.0222 0.1084
222 0.2664 0.3164 0.1591 0.2351 0.0143 0.0086
223 0.0784 0.4075 0.3274 0.1344 0.0072 0.0450
224 0.1516 0.2661 0.3694 0.1470 0.0102 0.0558
225 0.1265 0.1368 0.3604 0.2401 0.0117 0.1246
226 0.0823 0.2783 0.2871 0.2573 0.0175 0.0773
227 0.1409 0.4077 0.1956 0.1647 0.0214 0.0698
228 0.0942 0.0529 0.0972 0.6440 0.0529 0.0590
229 0.2455 0.1008 0.3103 0.1769 0.0351 0.1315
230 0.3069 0.1982 0.2625 0.1804 0.0115 0.0403
231 0.4592 0.0672 0.1143 0.2964 0.0106 0.0523
232 0.2394 0.2015 0.2394 0.2357 0.0175 0.0665
233 0.3064 0.1219 0.2462 0.2834 0.0120 0.0303
234 0.0655 0.3887 0.3325 0.1672 0.0161 0.0300
235 0.2330 0.1067 0.1992 0.3135 0.0520 0.0956
236 0.1989 0.1989 0.1072 0.4697 0.0085 0.0170
237 0.3318 0.2013 0.2466 0.1862 0.0123 0.0219
238 0.3809 0.1041 0.2383 0.2070 0.0158 0.0540
239 0.2317 0.1279 0.3479 0.1669 0.0304 0.0951
240 0.2627 0.2144 0.3762 0.0944 0.0224 0.0302
241 0.3079 0.1432 0.3489 0.1345 0.0407 0.0247
242 0.2079 0.1281 0.4133 0.1521 0.0290 0.0696
243 0.2455 0.0862 0.4658 0.1443 0.0263 0.0320
244 0.3003 0.1071 0.3298 0.1821 0.0329 0.0479
245 0.3103 0.1796 0.3203 0.1160 0.0273 0.0465
246 0.3123 0.0938 0.2712 0.2113 0.0573 0.0543
247 0.2365 0.1082 0.4021 0.1207 0.0354 0.0970
248 0.1450 0.1497 0.4539 0.1473 0.0435 0.0605
249 0.2578 0.1092 0.4456 0.1180 0.0294 0.0402
250 0.2312 0.0919 0.4250 0.1381 0.0287 0.0850
251 0.1704 0.1992 0.0870 0.2766 0.0768 0.1901
