time exciting_prob fearful_prob tense_prob sad_prob relaxing_prob neutral_prob
0 0.1254 0.0483 0.0992 0.5532 0.1089 0.0651
1 0.1233 0.0703 0.0902 0.4236 0.2097 0.0828
2 0.2703 0.0298 0.1381 0.4526 0.0850 0.0244
3 0.4819 0.0662 0.1665 0.2461 0.0313 0.0080
4 0.6577 0.0962 0.1356 0.0616 0.0465 0.0025
5 0.2664 0.0304 0.2108 0.4531 0.0107 0.0285
6 0.2673 0.0842 0.2759 0.3225 0.0324 0.0175
7 0.1088 0.2130 0.3948 0.1672 0.0945 0.0216
8 0.0542 0.2754 0.4541 0.1644 0.0290 0.0226
9 0.0917 0.2098 0.3569 0.3149 0.0054 0.0213
10 0.1008 0.2101 0.3464 0.3203 0.0056 0.0168
11 0.1466 0.0271 0.2235 0.5796 0.0093 0.0138
12 0.0560 0.1647 0.2715 0.4404 0.0195 0.0479
13 0.0948 0.1772 0.4524 0.2422 0.0144 0.0188
14 0.0898 0.0455 0.1434 0.3721 0.2766 0.0727
15 0.0843 0.0876 0.2742 0.2920 0.2039 0.0580
16 0.0644 0.1053 0.3000 0.3245 0.1658 0.0400
17 0.0357 0.1074 0.5205 0.2617 0.0441 0.0308
18 0.0514 0.0359 0.3198 0.2778 0.0327 0.2822
19 0.1018 0.2295 0.4221 0.2123 0.0226 0.0118
20 0.0486 0.1221 0.4683 0.3425 0.0092 0.0094
21 0.0558 0.2810 0.4705 0.1704 0.0105 0.0119
22 0.0850 0.1625 0.4417 0.2896 0.0106 0.0108
23 0.1598 0.4480 0.3435 0.0382 0.0067 0.0038
24 0.3584 0.0299 0.1268 0.3640 0.0964 0.0246
25 0.1231 0.0153 0.2954 0.5186 0.0240 0.0239
26 0.0850 0.0220 0.2104 0.5718 0.0402 0.0705
27 0.0389 0.1744 0.3013 0.4055 0.0094 0.0704
28 0.0479 0.2286 0.3889 0.2937 0.0121 0.0286
29 0.0482 0.2030 0.2411 0.4365 0.0148 0.0564
30 0.2197 0.0784 0.3916 0.2097 0.0534 0.0471
31 0.0690 0.0586 0.3911 0.2335 0.1631 0.0846
32 0.0485 0.2041 0.4600 0.2424 0.0137 0.0313
33 0.1796 0.0803 0.1512 0.2983 0.2218 0.0687
34 0.2246 0.0525 0.2078 0.1439 0.3269 0.0443
35 0.3491 0.1207 0.4019 0.1151 0.0044 0.0089
36 0.0545 0.0845 0.7471 0.0950 0.0062 0.0127
37 0.0327 0.0309 0.2340 0.5527 0.0697 0.0802
38 0.0216 0.0952 0.2284 0.5742 0.0601 0.0204
39 0.0630 0.0365 0.7329 0.1536 0.0022 0.0118
40 0.0587 0.0815 0.8364 0.0200 0.0014 0.0021
41 0.1537 0.0150 0.0836 0.6885 0.0145 0.0447
42 0.1725 0.0300 0.1030 0.5483 0.0615 0.0847
43 0.1421 0.0583 0.1356 0.5039 0.1124 0.0480
44 0.1342 0.0609 0.1764 0.4946 0.1013 0.0326
45 0.1355 0.0737 0.2673 0.3599 0.1548 0.0087
46 0.1388 0.0423 0.2184 0.4209 0.1700 0.0094
47 0.3010 0.0230 0.1444 0.4243 0.0211 0.0862
48 0.0682 0.0440 0.3518 0.1853 0.3008 0.0499
49 0.0609 0.1393 0.5259 0.1102 0.1506 0.0132
50 0.0386 0.4282 0.3284 0.1503 0.0411 0.0134
51 0.1952 0.0158 0.0724 0.4871 0.0753 0.1544
52 0.1650 0.0240 0.0511 0.5122 0.2007 0.0469
53 0.0754 0.0206 0.1158 0.6362 0.0848 0.0671
54 0.5420 0.0871 0.1338 0.1993 0.0212 0.0169
55 0.2358 0.0288 0.2671 0.1780 0.2590 0.0312
56 0.2233 0.0547 0.3770 0.0945 0.2395 0.0110
57 0.1116 0.1479 0.2439 0.0617 0.4148 0.0200
58 0.0786 0.1884 0.2871 0.0548 0.3745 0.0165
59 0.2937 0.0910 0.5073 0.0385 0.0671 0.0023
60 0.2288 0.0253 0.6118 0.1115 0.0203 0.0022
61 0.0536 0.0261 0.0780 0.7754 0.0175 0.0492
62 0.0763 0.0442 0.1093 0.7349 0.0097 0.0255
63 0.0814 0.1722 0.3167 0.4004 0.0096 0.0198
64 0.1826 0.1346 0.5806 0.0891 0.0053 0.0078
65 0.0928 0.2502 0.5728 0.0746 0.0041 0.0052
66 0.2898 0.0627 0.4487 0.1842 0.0065 0.0080
67 0.0632 0.1976 0.2205 0.0448 0.4521 0.0218
68 0.0389 0.4321 0.2500 0.1010 0.1541 0.0238
69 0.2230 0.0302 0.1232 0.4949 0.0522 0.0765
70 0.1649 0.0760 0.1927 0.4922 0.0461 0.0280
71 0.0674 0.1644 0.2795 0.1095 0.3535 0.0256
72 0.2700 0.0492 0.1469 0.4248 0.0837 0.0255
73 0.4065 0.0363 0.1543 0.1681 0.2059 0.0288
74 0.0822 0.0228 0.4958 0.3628 0.0221 0.0140
75 0.1085 0.0268 0.5864 0.2296 0.0333 0.0155
76 0.0832 0.0233 0.1517 0.6001 0.1164 0.0252
77 0.0958 0.2078 0.2605 0.0974 0.3345 0.0039
78 0.0623 0.1495 0.2465 0.5137 0.0072 0.0207
79 0.2888 0.0271 0.0909 0.3652 0.2113 0.0166
80 0.1317 0.0333 0.0662 0.0553 0.7061 0.0073
81 0.0273 0.0472 0.5239 0.3657 0.0282 0.0075
82 0.3718 0.0883 0.1812 0.1990 0.0656 0.0940
83 0.1870 0.0721 0.3547 0.3547 0.0136 0.0177
84 0.2052 0.0720 0.4048 0.2289 0.0682 0.0208
85 0.0689 0.0402 0.5640 0.1615 0.1404 0.0252
86 0.2549 0.0461 0.2433 0.2285 0.1476 0.0796
87 0.4346 0.0612 0.3279 0.0641 0.0977 0.0146
88 0.5918 0.0577 0.1069 0.0770 0.1520 0.0145
89 0.1055 0.0861 0.5034 0.2737 0.0134 0.0181
90 0.1409 0.0656 0.5752 0.1896 0.0073 0.0216
91 0.3000 0.0237 0.1461 0.2952 0.1157 0.1193
92 0.1460 0.0159 0.1904 0.5513 0.0328 0.0638
93 0.1231 0.0367 0.7085 0.1121 0.0110 0.0089
94 0.1050 0.0711 0.8008 0.0138 0.0077 0.0015
95 0.0956 0.0678 0.7759 0.0346 0.0218 0.0041
96 0.0996 0.0541 0.2316 0.5640 0.0195 0.0311
97 0.0828 0.0606 0.1499 0.6514 0.0109 0.0443
98 0.0594 0.0935 0.2426 0.5552 0.0146 0.0347
99 0.2269 0.0984 0.5752 0.0552 0.0420 0.0024
100 0.2734 0.0479 0.1620 0.3652 0.0790 0.0724
101 0.3667 0.0508 0.2057 0.2520 0.0603 0.0647
102 0.0438 0.1067 0.5093 0.1627 0.0018 0.1759
103 0.1086 0.1052 0.6650 0.0872 0.0014 0.0323
104 0.3469 0.0072 0.1296 0.4595 0.0056 0.0511
105 0.1501 0.1188 0.5239 0.1389 0.0322 0.0359
106 0.0658 0.0585 0.4001 0.3672 0.0304 0.0782
107 0.1521 0.0707 0.2374 0.1835 0.2954 0.0610
108 0.0416 0.2737 0.4956 0.1740 0.0091 0.0062
109 0.0390 0.1964 0.3669 0.3669 0.0092 0.0217
110 0.0873 0.3296 0.5107 0.0569 0.0106 0.0050
111 0.0673 0.2190 0.5723 0.1003 0.0138 0.0272
112 0.0456 0.1681 0.6392 0.1044 0.0073 0.0352
113 0.1235 0.0325 0.2827 0.2917 0.2456 0.0241
114 0.2020 0.0340 0.4080 0.2020 0.1324 0.0215
115 0.0694 0.1515 0.2854 0.3662 0.0289 0.0986
116 0.0396 0.0463 0.2971 0.5552 0.0558 0.0057
117 0.0427 0.1914 0.3333 0.1743 0.2439 0.0143
118 0.0507 0.4697 0.2595 0.0785 0.1367 0.0049
119 0.1503 0.1161 0.4736 0.1400 0.1049 0.0151
120 0.2539 0.0408 0.5723 0.0850 0.0122 0.0360
121 0.1652 0.0405 0.5674 0.1930 0.0109 0.0231
122 0.0370 0.2715 0.4509 0.1686 0.0159 0.0560
123 0.0337 0.1866 0.5840 0.1006 0.0232 0.0720
124 0.0635 0.2571 0.4839 0.0975 0.0556 0.0426
125 0.4797 0.1343 0.3298 0.0256 0.0188 0.0119
126 0.4910 0.0840 0.2145 0.1750 0.0145 0.0212
127 0.5049 0.0594 0.1588 0.2240 0.0325 0.0207
128 0.0930 0.0736 0.4106 0.3403 0.0461 0.0364
129 0.1962 0.0678 0.2810 0.4153 0.0117 0.0278
130 0.1653 0.0898 0.3137 0.3965 0.0089 0.0259
131 0.2986 0.0298 0.1335 0.3154 0.0253 0.1974
132 0.1494 0.1238 0.6045 0.0375 0.0477 0.0369
133 0.1133 0.0809 0.6885 0.0552 0.0388 0.0234
134 0.0345 0.0247 0.8901 0.0322 0.0110 0.0072
135 0.0432 0.0482 0.8618 0.0244 0.0153 0.0070
136 0.2900 0.0383 0.4287 0.1296 0.0341 0.0793
137 0.4209 0.0241 0.3127 0.1142 0.1169 0.0110
138 0.2649 0.0103 0.1556 0.3914 0.1021 0.0759
139 0.1604 0.1069 0.5513 0.1310 0.0367 0.0138
140 0.2467 0.0801 0.3792 0.2045 0.0614 0.0283
141 0.2495 0.0519 0.3745 0.1335 0.1305 0.0602
142 0.3311 0.0536 0.2072 0.2440 0.1025 0.0617
143 0.2239 0.0082 0.2402 0.4351 0.0603 0.0325
144 0.1660 0.1168 0.5112 0.0917 0.0731 0.0410
145 0.1169 0.1216 0.5845 0.0911 0.0726 0.0134
146 0.1484 0.3562 0.3345 0.0846 0.0723 0.0040
147 0.0425 0.1460 0.6855 0.1068 0.0150 0.0041
148 0.0838 0.0369 0.5464 0.1542 0.0467 0.1318
149 0.1246 0.1117 0.5586 0.1189 0.0318 0.0544
150 0.0281 0.0649 0.1311 0.7544 0.0090 0.0128
151 0.0656 0.0786 0.1170 0.6836 0.0146 0.0404
152 0.2335 0.0922 0.5825 0.0378 0.0378 0.0163
153 0.1730 0.0830 0.6948 0.0199 0.0232 0.0058
154 0.4565 0.0627 0.1577 0.2947 0.0229 0.0053
155 0.1157 0.0468 0.0771 0.5737 0.0416 0.1451
156 0.2118 0.0593 0.2617 0.3359 0.0682 0.0631
157 0.2568 0.0218 0.0660 0.3198 0.1534 0.1821
158 0.3423 0.0463 0.1543 0.2563 0.1240 0.0770
159 0.2646 0.0439 0.3269 0.1764 0.0959 0.0922
160 0.1364 0.0201 0.1879 0.4648 0.0502 0.1406
161 0.1069 0.0270 0.4827 0.2708 0.0529 0.0599
162 0.0630 0.0256 0.5107 0.3352 0.0300 0.0353
163 0.2356 0.0324 0.6108 0.0759 0.0217 0.0235
164 0.3105 0.1206 0.3438 0.0583 0.0932 0.0737
165 0.2749 0.1320 0.4192 0.1591 0.0045 0.0103
166 0.2549 0.0130 0.2842 0.3594 0.0665 0.0221
167 0.2646 0.0139 0.2410 0.4099 0.0375 0.0331
168 0.1400 0.1009 0.4148 0.0941 0.2439 0.0063
169 0.2734 0.0211 0.3049 0.3679 0.0252 0.0073
170 0.2795 0.1670 0.2732 0.2355 0.0209 0.0239
171 0.0221 0.0548 0.8242 0.0797 0.0041 0.0151
172 0.1188 0.0261 0.2021 0.6230 0.0157 0.0143
173 0.1543 0.0439 0.3369 0.3757 0.0428 0.0463
174 0.0744 0.1099 0.4556 0.1929 0.1613 0.0059
175 0.1725 0.1088 0.3301 0.3406 0.0382 0.0100
176 0.0856 0.1152 0.4282 0.2764 0.0589 0.0357
177 0.1766 0.0510 0.1621 0.1177 0.4878 0.0048
178 0.3948 0.0329 0.4011 0.1272 0.0277 0.0162
179 0.0744 0.0970 0.3931 0.2072 0.0756 0.1527
180 0.1959 0.0536 0.4736 0.2037 0.0480 0.0251
181 0.3794 0.0659 0.1750 0.2283 0.1353 0.0163
182 0.2991 0.0151 0.2087 0.4285 0.0232 0.0253
183 0.0664 0.0233 0.0981 0.7603 0.0233 0.0286
184 0.0936 0.0134 0.0729 0.7710 0.0304 0.0187
185 0.0760 0.1168 0.7158 0.0479 0.0379 0.0055
186 0.1487 0.0610 0.2048 0.3855 0.1879 0.0120
187 0.2539 0.0831 0.1947 0.2224 0.2423 0.0034
188 0.1448 0.0627 0.3845 0.1888 0.1219 0.0972
189 0.3008 0.0479 0.3984 0.2003 0.0305 0.0223
190 0.4443 0.1571 0.2913 0.0815 0.0154 0.0103
191 0.3425 0.2030 0.3425 0.0619 0.0311 0.0187
192 0.1136 0.0341 0.5952 0.2123 0.0114 0.0333
193 0.1171 0.0184 0.3086 0.4932 0.0283 0.0346
194 0.2006 0.0211 0.3633 0.3633 0.0182 0.0335
195 0.1667 0.0349 0.2583 0.5215 0.0060 0.0124
196 0.1262 0.0938 0.5151 0.1925 0.0472 0.0253
197 0.3835 0.0441 0.0738 0.3281 0.1445 0.0259
198 0.2898 0.0699 0.1885 0.1189 0.3157 0.0174
199 0.2505 0.0819 0.1279 0.2227 0.2544 0.0628
200 0.4348 0.0341 0.1813 0.2153 0.0891 0.0455
201 0.0912 0.0341 0.2922 0.3579 0.1539 0.0705
202 0.2532 0.0300 0.2198 0.2251 0.1713 0.1006
203 0.3547 0.0756 0.3604 0.1870 0.0155 0.0068
204 0.1093 0.2026 0.2026 0.1505 0.3289 0.0061
205 0.0504 0.0418 0.3501 0.4565 0.0793 0.0219
206 0.0916 0.0197 0.2032 0.6069 0.0649 0.0136
207 0.0897 0.0574 0.2218 0.4922 0.1082 0.0307
208 0.1097 0.0616 0.3225 0.4141 0.0640 0.0280
209 0.1024 0.0588 0.1914 0.4888 0.1490 0.0095
210 0.7876 0.0035 0.0386 0.0978 0.0721 0.0006
211 0.7710 0.0049 0.0690 0.1036 0.0505 0.0010
212 0.7651 0.0064 0.0775 0.0787 0.0717 0.0007
213 0.8442 0.0052 0.0527 0.0469 0.0507 0.0003
214 0.8257 0.0061 0.0504 0.0683 0.0488 0.0006
215 0.8481 0.0063 0.0413 0.0460 0.0577 0.0006
216 0.8755 0.0071 0.0364 0.0339 0.0468 0.0004
217 0.8945 0.0051 0.0240 0.0274 0.0485 0.0003
218 0.8677 0.0056 0.0331 0.0387 0.0546 0.0003
219 0.7920 0.0061 0.0391 0.0692 0.0924 0.0010
220 0.8496 0.0065 0.0253 0.0401 0.0778 0.0005
221 0.8706 0.0042 0.0305 0.0407 0.0535 0.0006
222 0.8882 0.0050 0.0318 0.0387 0.0361 0.0004
223 0.7915 0.0042 0.0582 0.0771 0.0681 0.0009
224 0.8853 0.0044 0.0380 0.0354 0.0365 0.0004
225 0.8271 0.0043 0.0418 0.0701 0.0558 0.0007
226 0.8413 0.0043 0.0290 0.0789 0.0460 0.0004
227 0.8745 0.0044 0.0258 0.0471 0.0478 0.0003
228 0.1566 0.2747 0.1948 0.2424 0.1191 0.0123
229 0.1530 0.3186 0.2522 0.2058 0.0558 0.0147
230 0.1385 0.3027 0.2080 0.2629 0.0670 0.0208
