time exciting_prob fearful_prob tense_prob sad_prob relaxing_prob neutral_prob
0 0.1136 0.1553 0.1349 0.1288 0.0181 0.4492
1 0.0172 0.0249 0.0379 0.0527 0.8633 0.0040
2 0.0125 0.0191 0.0146 0.0082 0.9438 0.0018
3 0.0102 0.0130 0.0316 0.0147 0.9302 0.0005
4 0.0219 0.0114 0.0638 0.0147 0.8882 0.0002
5 0.0064 0.0014 0.0104 0.0094 0.9722 0.0001
6 0.0069 0.0342 0.3853 0.0302 0.5435 0.0002
7 0.0068 0.0361 0.5469 0.0339 0.3760 0.0002
8 0.1708 0.1192 0.3291 0.1735 0.1965 0.0110
9 0.0293 0.0738 0.6577 0.0251 0.1974 0.0167
10 0.0172 0.0413 0.7437 0.0147 0.1659 0.0175
11 0.0323 0.2517 0.4419 0.0504 0.2023 0.0217
12 0.0270 0.2969 0.4600 0.0392 0.1615 0.0155
13 0.0434 0.1143 0.5044 0.0173 0.3157 0.0050
14 0.0068 0.0108 0.0597 0.0570 0.8638 0.0021
15 0.0041 0.0081 0.0240 0.0387 0.9238 0.0013
16 0.0060 0.0097 0.0189 0.0868 0.8770 0.0017
17 0.0690 0.0262 0.1085 0.1394 0.5776 0.0794
18 0.0973 0.4902 0.2708 0.0198 0.1201 0.0018
19 0.0903 0.2612 0.5703 0.0188 0.0565 0.0029
20 0.0084 0.0179 0.0115 0.0079 0.9536 0.0010
21 0.0784 0.3796 0.3147 0.1534 0.0359 0.0379
22 0.0391 0.3376 0.2549 0.3271 0.0133 0.0279
23 0.0439 0.1876 0.5342 0.0163 0.2125 0.0054
24 0.0249 0.1180 0.6792 0.0141 0.1588 0.0049
25 0.0122 0.0579 0.0420 0.2515 0.6318 0.0044
26 0.0078 0.0100 0.0134 0.0174 0.9512 0.0002
27 0.0058 0.0079 0.0110 0.0044 0.9702 0.0004
28 0.0055 0.0378 0.0099 0.0023 0.9443 0.0001
29 0.0024 0.0049 0.0025 0.0004 0.9897 0.0000
30 0.0061 0.0709 0.0267 0.0450 0.8501 0.0012
31 0.0362 0.3540 0.1985 0.0416 0.3652 0.0046
32 0.0201 0.2686 0.2445 0.0375 0.4226 0.0067
33 0.0021 0.0083 0.0020 0.0012 0.9863 0.0001
34 0.0038 0.0321 0.0062 0.0104 0.9468 0.0008
35 0.0761 0.2168 0.1514 0.1024 0.4448 0.0085
36 0.0598 0.2898 0.2898 0.0296 0.3232 0.0078
37 0.0623 0.0806 0.2175 0.2542 0.3586 0.0268
38 0.0589 0.0622 0.1588 0.3579 0.3416 0.0204
39 0.0672 0.0767 0.1959 0.1091 0.5410 0.0101
40 0.0056 0.0076 0.0023 0.0049 0.9795 0.0004
41 0.0042 0.0123 0.0061 0.0030 0.9741 0.0004
42 0.0454 0.0931 0.3572 0.4731 0.0087 0.0225
43 0.0314 0.1647 0.4995 0.2847 0.0065 0.0133
44 0.0502 0.0502 0.4338 0.4407 0.0028 0.0223
45 0.0969 0.0992 0.7329 0.0447 0.0157 0.0109
46 0.0997 0.1028 0.7246 0.0344 0.0212 0.0170
47 0.1180 0.0511 0.6636 0.0912 0.0584 0.0178
48 0.0995 0.0347 0.2042 0.1666 0.4749 0.0201
49 0.0020 0.0033 0.0025 0.0039 0.9878 0.0005
50 0.0289 0.0786 0.0948 0.0257 0.7700 0.0021
51 0.0472 0.1455 0.7163 0.0779 0.0021 0.0111
52 0.0710 0.0986 0.7754 0.0380 0.0111 0.0056
53 0.0508 0.0313 0.3113 0.5728 0.0148 0.0193
54 0.0510 0.0361 0.3706 0.5068 0.0061 0.0295
55 0.0115 0.0139 0.0305 0.1126 0.8193 0.0123
56 0.0160 0.0096 0.0185 0.0083 0.9468 0.0007
57 0.0285 0.0623 0.1592 0.0435 0.7026 0.0038
58 0.0280 0.0999 0.1571 0.1355 0.5747 0.0049
59 0.0467 0.0425 0.1846 0.4568 0.2686 0.0007
60 0.0067 0.0308 0.0344 0.0122 0.9146 0.0016
61 0.0501 0.0429 0.0764 0.0160 0.8086 0.0058
62 0.0620 0.1273 0.2200 0.3982 0.1443 0.0483
63 0.1321 0.2585 0.2710 0.1061 0.1921 0.0400
64 0.0599 0.1288 0.6748 0.1154 0.0153 0.0059
65 0.0732 0.0926 0.4348 0.3777 0.0146 0.0071
66 0.0795 0.1036 0.6060 0.1763 0.0229 0.0118
67 0.0430 0.1958 0.6729 0.0626 0.0185 0.0074
68 0.0535 0.1081 0.2551 0.5405 0.0168 0.0261
69 0.0195 0.1179 0.7808 0.0750 0.0028 0.0040
70 0.0962 0.0862 0.6836 0.0985 0.0271 0.0081
71 0.0495 0.1024 0.5122 0.3154 0.0055 0.0149
72 0.1897 0.1586 0.4922 0.0732 0.0785 0.0080
73 0.0345 0.1147 0.4683 0.3533 0.0177 0.0115
74 0.0338 0.0878 0.1887 0.6587 0.0181 0.0126
75 0.0892 0.0892 0.5723 0.2139 0.0268 0.0088
76 0.0635 0.1302 0.1781 0.0141 0.6025 0.0115
77 0.0640 0.1548 0.5977 0.0875 0.0854 0.0105
78 0.0775 0.1298 0.5640 0.2107 0.0073 0.0110
79 0.1179 0.1295 0.3411 0.3806 0.0089 0.0221
80 0.0703 0.0916 0.5112 0.2913 0.0182 0.0176
81 0.0732 0.0970 0.5327 0.2852 0.0072 0.0047
82 0.0425 0.1138 0.7964 0.0329 0.0099 0.0044
83 0.0469 0.0824 0.5991 0.2274 0.0213 0.0227
84 0.0516 0.0871 0.7886 0.0558 0.0116 0.0051
85 0.0635 0.0931 0.5112 0.3198 0.0095 0.0030
86 0.0320 0.1516 0.2041 0.5815 0.0047 0.0262
87 0.0717 0.1530 0.3611 0.0745 0.3137 0.0260
88 0.0682 0.1235 0.3384 0.2184 0.2362 0.0153
89 0.0634 0.1301 0.5830 0.2015 0.0165 0.0054
90 0.0745 0.0927 0.6431 0.1731 0.0070 0.0094
91 0.1161 0.0721 0.7002 0.0850 0.0132 0.0134
92 0.0620 0.1533 0.2734 0.4797 0.0154 0.0160
93 0.0374 0.0721 0.6948 0.1841 0.0075 0.0039
94 0.0276 0.1091 0.3750 0.4385 0.0225 0.0272
95 0.0380 0.1914 0.7334 0.0203 0.0156 0.0011
96 0.0673 0.1093 0.2140 0.5728 0.0264 0.0102
97 0.1438 0.1735 0.4429 0.1965 0.0341 0.0093
98 0.1254 0.2571 0.4512 0.1465 0.0142 0.0056
99 0.0881 0.0938 0.4268 0.0334 0.2432 0.1149
100 0.1528 0.1144 0.3159 0.0986 0.2461 0.0721
101 0.1249 0.2192 0.3672 0.0604 0.1846 0.0439
102 0.0528 0.1600 0.6431 0.0488 0.0941 0.0012
103 0.0532 0.2086 0.6426 0.0430 0.0515 0.0012
104 0.2397 0.0535 0.4207 0.2360 0.0417 0.0085
105 0.3872 0.0594 0.3418 0.1257 0.0831 0.0026
106 0.1768 0.0322 0.4272 0.3328 0.0284 0.0026
107 0.5229 0.0753 0.2469 0.0901 0.0634 0.0013
108 0.1273 0.1443 0.1741 0.4375 0.1124 0.0045
109 0.1819 0.1069 0.2688 0.4229 0.0128 0.0067
110 0.1497 0.0951 0.2627 0.4067 0.0846 0.0012
111 0.0461 0.1738 0.2935 0.4072 0.0059 0.0736
112 0.0505 0.1202 0.6201 0.1791 0.0270 0.0028
113 0.2722 0.1217 0.2944 0.2222 0.0850 0.0046
114 0.2111 0.2095 0.4365 0.0989 0.0381 0.0060
115 0.1183 0.2446 0.2815 0.3093 0.0418 0.0043
116 0.1068 0.0879 0.1720 0.5684 0.0599 0.0048
117 0.1760 0.2058 0.3113 0.2561 0.0474 0.0035
118 0.0390 0.0944 0.5142 0.2666 0.0231 0.0629
119 0.0316 0.2227 0.6440 0.0638 0.0064 0.0313
120 0.1398 0.1177 0.3459 0.3860 0.0056 0.0050
121 0.0349 0.1530 0.1788 0.1119 0.5093 0.0120
122 0.0262 0.1219 0.1641 0.0653 0.6191 0.0031
123 0.0722 0.0781 0.4492 0.3442 0.0528 0.0035
124 0.0756 0.1170 0.2308 0.5327 0.0404 0.0036
125 0.1035 0.0723 0.4673 0.3394 0.0119 0.0057
126 0.0187 0.1920 0.6104 0.0872 0.0097 0.0820
127 0.1952 0.1709 0.1952 0.3645 0.0334 0.0409
128 0.1200 0.0372 0.0497 0.7466 0.0331 0.0134
129 0.2386 0.0130 0.0233 0.7124 0.0011 0.0116
130 0.4741 0.0167 0.0354 0.4597 0.0028 0.0112
131 0.2003 0.0556 0.3225 0.3599 0.0234 0.0382
132 0.0307 0.2822 0.3916 0.0861 0.2032 0.0062
133 0.0251 0.1040 0.1378 0.0495 0.6782 0.0055
134 0.0523 0.0523 0.5117 0.3684 0.0115 0.0039
135 0.2219 0.2004 0.3154 0.1702 0.0876 0.0044
136 0.1840 0.1032 0.5669 0.1049 0.0067 0.0346
137 0.0282 0.1124 0.0454 0.2134 0.4810 0.1197
138 0.0371 0.2578 0.3694 0.2072 0.0177 0.1109
139 0.4893 0.0424 0.1092 0.3062 0.0222 0.0308
140 0.1309 0.0638 0.4292 0.2297 0.0445 0.1019
141 0.2012 0.1761 0.3140 0.2334 0.0690 0.0063
142 0.0477 0.2537 0.4893 0.0705 0.1218 0.0171
143 0.0614 0.1735 0.2817 0.0378 0.4431 0.0025
144 0.0922 0.0867 0.3047 0.4795 0.0339 0.0029
145 0.1166 0.0724 0.3000 0.4167 0.0867 0.0076
146 0.1735 0.1138 0.4065 0.1519 0.1508 0.0035
147 0.3997 0.0541 0.1858 0.2812 0.0711 0.0082
148 0.2549 0.0109 0.0337 0.6406 0.0385 0.0213
149 0.0545 0.0756 0.4854 0.2329 0.1246 0.0270
150 0.1171 0.2072 0.3062 0.2578 0.1091 0.0028
151 0.0267 0.0911 0.5161 0.1151 0.2253 0.0259
152 0.0321 0.0254 0.6548 0.2028 0.0568 0.0283
153 0.1077 0.0364 0.5776 0.1508 0.1103 0.0170
154 0.1147 0.0246 0.5645 0.0679 0.2192 0.0091
155 0.0552 0.2151 0.5493 0.1226 0.0112 0.0465
156 0.2172 0.0728 0.4561 0.2040 0.0405 0.0095
157 0.1898 0.0346 0.4626 0.2219 0.0687 0.0223
158 0.5972 0.0246 0.1166 0.2179 0.0196 0.0243
159 0.4287 0.0851 0.2482 0.1859 0.0452 0.0069
160 0.0385 0.2148 0.4692 0.1956 0.0309 0.0510
161 0.0312 0.6714 0.2357 0.0172 0.0230 0.0214
162 0.0352 0.2332 0.1553 0.5171 0.0133 0.0459
163 0.0372 0.1309 0.3262 0.2705 0.0311 0.2042
164 0.2444 0.1191 0.4158 0.1830 0.0358 0.0020
165 0.0478 0.2949 0.4358 0.1393 0.0140 0.0684
166 0.0571 0.0320 0.8262 0.0512 0.0323 0.0011
167 0.0386 0.0212 0.8584 0.0584 0.0197 0.0034
168 0.1104 0.1104 0.3508 0.2062 0.0922 0.1300
169 0.5952 0.0424 0.1219 0.1732 0.0381 0.0292
170 0.0323 0.4185 0.3870 0.1180 0.0024 0.0417
171 0.1561 0.0417 0.5200 0.1142 0.1561 0.0119
172 0.1866 0.0367 0.5073 0.1022 0.1571 0.0100
173 0.1479 0.0298 0.4626 0.0715 0.2656 0.0223
174 0.1525 0.0158 0.4177 0.1882 0.2134 0.0123
175 0.2150 0.0236 0.4998 0.1377 0.1072 0.0168
176 0.2073 0.0296 0.3667 0.1565 0.1705 0.0695
177 0.0560 0.0176 0.4304 0.2395 0.2233 0.0332
178 0.0548 0.0141 0.5532 0.1926 0.1796 0.0057
179 0.0591 0.2197 0.5610 0.0902 0.0457 0.0241
180 0.1340 0.1004 0.4980 0.2245 0.0375 0.0056
181 0.2063 0.3374 0.3794 0.0547 0.0141 0.0082
182 0.3391 0.3555 0.2277 0.0331 0.0392 0.0055
183 0.1982 0.2795 0.2886 0.1777 0.0192 0.0367
184 0.2505 0.2194 0.3879 0.1103 0.0186 0.0132
185 0.0967 0.0432 0.4102 0.4165 0.0260 0.0075
186 0.0885 0.3447 0.4092 0.1119 0.0184 0.0272
187 0.0638 0.3760 0.4905 0.0428 0.0109 0.0159
188 0.1697 0.3147 0.3855 0.0814 0.0307 0.0180
189 0.2734 0.2129 0.3623 0.1071 0.0204 0.0239
190 0.0959 0.2488 0.5107 0.0834 0.0260 0.0353
191 0.0115 0.4622 0.1031 0.3953 0.0061 0.0220
192 0.0812 0.4456 0.2500 0.1403 0.0441 0.0389
193 0.1466 0.2218 0.5488 0.0480 0.0269 0.0079
194 0.3860 0.2305 0.2473 0.0597 0.0574 0.0192
195 0.3191 0.2263 0.2883 0.1270 0.0295 0.0096
196 0.2974 0.1906 0.4360 0.0418 0.0231 0.0111
197 0.1378 0.5366 0.2896 0.0161 0.0125 0.0070
198 0.4688 0.2146 0.2339 0.0461 0.0295 0.0072
199 0.0482 0.1694 0.2644 0.4714 0.0160 0.0306
200 0.0721 0.1501 0.3716 0.2118 0.0911 0.1032
201 0.0441 0.1257 0.3752 0.3872 0.0247 0.0428
202 0.4346 0.1943 0.2637 0.0553 0.0243 0.0278
203 0.1062 0.0286 0.4758 0.3538 0.0241 0.0116
204 0.0349 0.5771 0.2443 0.0399 0.1003 0.0036
205 0.0308 0.1425 0.2106 0.0775 0.5210 0.0174
206 0.4382 0.2678 0.1899 0.0575 0.0395 0.0069
207 0.2993 0.2207 0.3696 0.0913 0.0138 0.0052
208 0.2272 0.1274 0.3230 0.2783 0.0191 0.0251
209 0.3428 0.2031 0.3049 0.0814 0.0482 0.0196
210 0.2629 0.2394 0.2671 0.1750 0.0413 0.0145
211 0.3188 0.2974 0.3450 0.0164 0.0204 0.0021
212 0.1348 0.0891 0.4087 0.3135 0.0257 0.0283
213 0.4121 0.1504 0.3782 0.0402 0.0167 0.0025
214 0.2927 0.3613 0.2903 0.0331 0.0168 0.0058
215 0.2080 0.1407 0.2610 0.3511 0.0160 0.0233
216 0.2429 0.1848 0.4907 0.0439 0.0254 0.0123
217 0.0348 0.0592 0.1335 0.5981 0.0105 0.1636
218 0.1854 0.2135 0.2272 0.2964 0.0593 0.0182
219 0.1175 0.2487 0.4946 0.0609 0.0286 0.0497
220 0.1609 0.2396 0.2551 0.2959 0.0420 0.0064
221 0.1231 0.1593 0.3882 0.2732 0.0198 0.0364
222 0.3040 0.2139 0.2969 0.1553 0.0202 0.0099
223 0.4031 0.1788 0.3816 0.0139 0.0187 0.0039
224 0.0239 0.3762 0.5225 0.0525 0.0132 0.0118
225 0.2279 0.1707 0.5054 0.0643 0.0184 0.0133
226 0.2491 0.2114 0.4763 0.0351 0.0209 0.0071
227 0.1959 0.2327 0.4812 0.0715 0.0075 0.0112
228 0.2266 0.3096 0.3074 0.1148 0.0235 0.0182
229 0.0626 0.3308 0.5366 0.0158 0.0473 0.0067
230 0.0726 0.5200 0.2698 0.0499 0.0755 0.0120
231 0.1517 0.0643 0.1802 0.4255 0.0899 0.0885
232 0.0721 0.1840 0.2255 0.4414 0.0320 0.0451
233 0.3782 0.0986 0.4219 0.0399 0.0448 0.0169
234 0.1945 0.2170 0.4182 0.1337 0.0083 0.0282
235 0.1794 0.3950 0.3433 0.0293 0.0255 0.0275
236 0.1569 0.4099 0.3618 0.0168 0.0277 0.0268
237 0.2925 0.2603 0.3115 0.0942 0.0227 0.0187
238 0.3523 0.1689 0.3867 0.0584 0.0238 0.0098
239 0.4856 0.1963 0.2443 0.0257 0.0378 0.0104
240 0.1807 0.2529 0.3650 0.1765 0.0123 0.0127
241 0.1021 0.2196 0.5605 0.0944 0.0121 0.0111
242 0.2009 0.1425 0.5503 0.0762 0.0202 0.0097
243 0.4084 0.1180 0.2007 0.1143 0.1326 0.0259
244 0.0545 0.2010 0.3066 0.3474 0.0250 0.0653
245 0.0902 0.3513 0.4370 0.0660 0.0322 0.0233
246 0.0559 0.2467 0.5737 0.0226 0.0184 0.0826
247 0.2654 0.1661 0.3103 0.0784 0.0602 0.1196
248 0.1854 0.3105 0.2202 0.0621 0.0553 0.1663
249 0.0473 0.4351 0.4705 0.0249 0.0069 0.0154
250 0.0695 0.2388 0.2791 0.2705 0.0787 0.0633
251 0.0600 0.2930 0.3591 0.2355 0.0228 0.0297
252 0.0743 0.3806 0.2615 0.2308 0.0238 0.0289
253 0.4731 0.1432 0.1853 0.1421 0.0472 0.0092
254 0.5112 0.1272 0.1954 0.1149 0.0394 0.0119
255 0.4868 0.1450 0.2263 0.1104 0.0198 0.0117
256 0.1410 0.1586 0.4343 0.2324 0.0296 0.0041
257 0.1616 0.0521 0.4568 0.2837 0.0363 0.0097
258 0.1160 0.0433 0.6318 0.1825 0.0223 0.0038
259 0.1674 0.0731 0.6265 0.1080 0.0195 0.0053
260 0.1398 0.0483 0.6362 0.1476 0.0185 0.0100
261 0.3623 0.1204 0.4009 0.0665 0.0468 0.0033
262 0.4556 0.0849 0.3411 0.0503 0.0661 0.0021
263 0.3616 0.1416 0.3291 0.1483 0.0142 0.0052
264 0.4580 0.1794 0.2303 0.0410 0.0861 0.0051
265 0.5449 0.1573 0.1477 0.0947 0.0472 0.0083
266 0.6099 0.0751 0.1816 0.0812 0.0508 0.0013
267 0.5513 0.1077 0.1920 0.0893 0.0581 0.0016
268 0.1136 0.1553 0.1349 0.1288 0.0181 0.4492
