time exciting_prob fearful_prob tense_prob sad_prob relaxing_prob neutral_prob
0 0.4863 0.1578 0.2771 0.0445 0.0201 0.0142
1 0.5605 0.1140 0.2338 0.0564 0.0200 0.0152
2 0.1927 0.1315 0.3032 0.3279 0.0083 0.0365
3 0.7954 0.1146 0.0493 0.0074 0.0306 0.0026
4 0.6123 0.1912 0.1132 0.0210 0.0606 0.0020
5 0.5996 0.0905 0.2832 0.0050 0.0199 0.0020
6 0.0992 0.4082 0.4082 0.0536 0.0074 0.0234
7 0.3716 0.3435 0.1897 0.0404 0.0175 0.0374
8 0.5698 0.0254 0.0867 0.2321 0.0670 0.0188
9 0.1538 0.4346 0.3464 0.0263 0.0195 0.0192
10 0.1614 0.2620 0.4971 0.0424 0.0341 0.0031
11 0.0449 0.4194 0.4465 0.0260 0.0062 0.0568
12 0.2644 0.1847 0.4941 0.0128 0.0126 0.0313
13 0.0754 0.4443 0.3799 0.0754 0.0109 0.0141
14 0.0636 0.1066 0.3494 0.3777 0.0185 0.0843
15 0.1001 0.0891 0.1082 0.0141 0.6841 0.0044
16 0.3577 0.1400 0.1885 0.1108 0.1433 0.0598
17 0.1145 0.4897 0.2993 0.0256 0.0533 0.0176
18 0.1098 0.4209 0.4143 0.0317 0.0159 0.0072
19 0.1571 0.4727 0.2866 0.0312 0.0475 0.0050
20 0.1356 0.4519 0.1107 0.0074 0.2896 0.0050
21 0.2700 0.3059 0.3181 0.0146 0.0756 0.0160
22 0.1381 0.2480 0.4856 0.0942 0.0064 0.0276
23 0.1732 0.2705 0.5015 0.0093 0.0355 0.0102
24 0.1660 0.6362 0.1852 0.0056 0.0029 0.0041
25 0.2438 0.3633 0.3154 0.0441 0.0179 0.0155
26 0.1880 0.4302 0.3147 0.0216 0.0356 0.0097
27 0.2167 0.2827 0.3411 0.0969 0.0305 0.0322
28 0.0965 0.3643 0.4751 0.0279 0.0292 0.0073
29 0.1581 0.2336 0.4792 0.0219 0.1005 0.0067
30 0.2465 0.4939 0.2314 0.0093 0.0152 0.0037
31 0.0819 0.4641 0.4097 0.0186 0.0165 0.0093
32 0.0864 0.2876 0.2578 0.2461 0.0934 0.0285
33 0.2084 0.3357 0.3545 0.0325 0.0507 0.0182
34 0.3455 0.2527 0.3481 0.0157 0.0345 0.0037
35 0.2156 0.4458 0.2832 0.0264 0.0253 0.0037
36 0.2463 0.3042 0.2406 0.0972 0.0980 0.0137
37 0.1166 0.1013 0.3171 0.4009 0.0147 0.0494
38 0.1151 0.3303 0.4016 0.0693 0.0220 0.0616
39 0.1115 0.2340 0.4653 0.0875 0.0182 0.0834
40 0.0744 0.1827 0.4968 0.1827 0.0305 0.0328
41 0.0797 0.4141 0.3860 0.0665 0.0115 0.0423
42 0.1338 0.5371 0.1857 0.0428 0.0948 0.0057
43 0.1890 0.1642 0.4128 0.1981 0.0070 0.0288
44 0.0803 0.5576 0.3030 0.0064 0.0457 0.0070
45 0.0264 0.0995 0.4751 0.2837 0.0043 0.1111
46 0.1440 0.2145 0.6016 0.0096 0.0189 0.0115
47 0.0402 0.1995 0.4785 0.1816 0.0832 0.0169
48 0.0891 0.1057 0.3992 0.3308 0.0178 0.0575
49 0.2340 0.3403 0.2693 0.0681 0.0267 0.0615
50 0.1161 0.3230 0.5205 0.0110 0.0105 0.0191
51 0.1837 0.1713 0.5439 0.0348 0.0498 0.0163
52 0.1555 0.2335 0.2563 0.2729 0.0252 0.0563
53 0.2314 0.1591 0.2012 0.1426 0.0341 0.2314
54 0.2249 0.3003 0.4072 0.0304 0.0182 0.0190
55 0.1936 0.3069 0.4468 0.0226 0.0169 0.0132
56 0.2145 0.2301 0.3853 0.0534 0.0783 0.0385
57 0.1432 0.3032 0.5078 0.0136 0.0061 0.0261
58 0.0772 0.2847 0.4338 0.0606 0.1409 0.0029
59 0.0905 0.1503 0.2328 0.0392 0.4851 0.0020
60 0.0992 0.4844 0.3955 0.0055 0.0119 0.0035
61 0.2010 0.1995 0.5640 0.0125 0.0178 0.0054
62 0.1801 0.2104 0.5635 0.0116 0.0181 0.0165
63 0.0470 0.6963 0.2157 0.0344 0.0028 0.0039
64 0.1355 0.4656 0.2612 0.0066 0.1293 0.0019
65 0.2474 0.2399 0.3032 0.0803 0.0848 0.0444
66 0.4546 0.2233 0.2866 0.0133 0.0157 0.0064
67 0.1384 0.4539 0.3535 0.0103 0.0409 0.0029
68 0.1577 0.4565 0.3186 0.0103 0.0268 0.0299
69 0.1488 0.2759 0.4077 0.0709 0.0766 0.0201
70 0.1486 0.2264 0.4231 0.1353 0.0542 0.0126
71 0.0994 0.2206 0.3259 0.2539 0.0837 0.0164
72 0.0454 0.5366 0.2308 0.1514 0.0349 0.0010
73 0.3013 0.1217 0.4053 0.1237 0.0280 0.0200
74 0.2131 0.0991 0.3953 0.2018 0.0319 0.0587
75 0.1376 0.2910 0.3857 0.1302 0.0185 0.0370
76 0.2185 0.1812 0.4114 0.0469 0.0667 0.0755
77 0.0647 0.4778 0.2991 0.0298 0.1083 0.0204
78 0.2632 0.2935 0.3223 0.0530 0.0151 0.0530
79 0.1085 0.2483 0.3728 0.0572 0.1934 0.0198
80 0.1720 0.3137 0.4495 0.0290 0.0173 0.0184
81 0.0886 0.1211 0.5098 0.2563 0.0041 0.0199
82 0.1181 0.1371 0.6958 0.0139 0.0136 0.0215
83 0.1489 0.5239 0.1825 0.0862 0.0345 0.0239
84 0.0403 0.4338 0.4763 0.0370 0.0051 0.0075
85 0.0289 0.1611 0.7334 0.0661 0.0042 0.0062
86 0.0510 0.6211 0.3098 0.0077 0.0055 0.0049
87 0.1578 0.5342 0.2371 0.0235 0.0103 0.0372
88 0.0925 0.2004 0.5000 0.1255 0.0220 0.0597
89 0.1848 0.3452 0.3242 0.0486 0.0795 0.0177
90 0.1667 0.0838 0.5137 0.1949 0.0187 0.0224
91 0.0680 0.4648 0.4402 0.0160 0.0074 0.0036
92 0.1434 0.1285 0.3838 0.2478 0.0571 0.0392
93 0.0859 0.1996 0.4292 0.1818 0.0229 0.0806
94 0.1760 0.3997 0.3367 0.0402 0.0355 0.0121
95 0.0618 0.4424 0.3162 0.0825 0.0537 0.0435
96 0.1659 0.3857 0.3352 0.0565 0.0494 0.0071
97 0.0512 0.4531 0.4602 0.0188 0.0096 0.0068
98 0.1107 0.4275 0.3687 0.0404 0.0179 0.0348
99 0.0388 0.4958 0.3833 0.0583 0.0027 0.0211
100 0.1824 0.3408 0.4109 0.0181 0.0237 0.0241
101 0.1653 0.1602 0.5503 0.1042 0.0057 0.0144
102 0.1229 0.1641 0.6489 0.0387 0.0054 0.0204
103 0.0790 0.4109 0.4619 0.0234 0.0119 0.0129
104 0.0373 0.3076 0.1866 0.2847 0.0058 0.1781
105 0.0883 0.5371 0.2966 0.0455 0.0119 0.0208
106 0.3633 0.2291 0.3013 0.0330 0.0528 0.0205
107 0.1187 0.4734 0.2827 0.0351 0.0380 0.0523
108 0.1542 0.3936 0.1888 0.0256 0.2242 0.0136
109 0.0453 0.4138 0.5151 0.0152 0.0067 0.0039
110 0.0862 0.4346 0.4180 0.0351 0.0146 0.0113
111 0.0837 0.1731 0.5249 0.1677 0.0257 0.0251
112 0.0512 0.5767 0.3472 0.0136 0.0065 0.0050
113 0.0585 0.5591 0.3337 0.0128 0.0341 0.0017
114 0.2900 0.3364 0.2642 0.0481 0.0608 0.0007
115 0.0883 0.5083 0.3718 0.0139 0.0054 0.0126
116 0.1755 0.3774 0.3601 0.0631 0.0119 0.0119
117 0.1024 0.4480 0.4275 0.0076 0.0102 0.0044
118 0.2323 0.2532 0.4805 0.0145 0.0146 0.0049
119 0.2593 0.4275 0.1674 0.0171 0.1273 0.0013
120 0.0640 0.7319 0.1725 0.0172 0.0116 0.0031
121 0.0822 0.5151 0.3831 0.0107 0.0059 0.0029
122 0.0589 0.4119 0.4453 0.0191 0.0477 0.0174
123 0.1685 0.3977 0.2910 0.0887 0.0522 0.0019
124 0.0600 0.3508 0.3562 0.1271 0.0226 0.0833
125 0.1215 0.2715 0.5151 0.0243 0.0267 0.0407
126 0.0464 0.3218 0.3647 0.2144 0.0279 0.0248
127 0.1514 0.1090 0.5449 0.1688 0.0089 0.0168
128 0.2427 0.2061 0.4260 0.0706 0.0367 0.0180
129 0.0590 0.3191 0.1174 0.0082 0.4941 0.0020
130 0.0753 0.2932 0.2979 0.2627 0.0388 0.0321
131 0.1400 0.1335 0.5537 0.1335 0.0098 0.0296
132 0.0384 0.1183 0.4829 0.2354 0.0121 0.1129
133 0.0844 0.2312 0.5171 0.0812 0.0405 0.0459
134 0.0747 0.0680 0.4646 0.3401 0.0111 0.0416
135 0.1113 0.1475 0.4233 0.2063 0.0052 0.1062
136 0.1587 0.1357 0.2498 0.3523 0.0622 0.0414
137 0.0450 0.2632 0.4341 0.2183 0.0226 0.0167
138 0.0988 0.4395 0.3938 0.0415 0.0085 0.0180
139 0.1776 0.3091 0.4463 0.0135 0.0336 0.0198
140 0.2712 0.1521 0.5186 0.0149 0.0239 0.0190
141 0.1360 0.3933 0.3904 0.0496 0.0180 0.0126
142 0.2014 0.4868 0.2546 0.0256 0.0186 0.0130
143 0.1641 0.4392 0.2583 0.0226 0.1003 0.0156
144 0.0968 0.1409 0.6118 0.1115 0.0044 0.0345
145 0.2115 0.3462 0.2454 0.1377 0.0253 0.0340
146 0.2136 0.0823 0.2830 0.3633 0.0377 0.0202
147 0.0934 0.3364 0.2312 0.0244 0.3110 0.0035
148 0.1296 0.4854 0.3389 0.0080 0.0141 0.0242
149 0.1476 0.3433 0.2472 0.0083 0.2510 0.0027
150 0.0897 0.5083 0.2438 0.0054 0.1503 0.0027
151 0.0319 0.5347 0.3506 0.0319 0.0117 0.0393
152 0.1155 0.4565 0.2949 0.0136 0.1182 0.0013
153 0.3093 0.0996 0.5264 0.0266 0.0326 0.0057
154 0.2046 0.4575 0.2646 0.0110 0.0546 0.0076
155 0.0742 0.2284 0.1835 0.0193 0.4912 0.0035
156 0.2285 0.4236 0.2395 0.0142 0.0861 0.0079
157 0.1519 0.1259 0.3164 0.1720 0.2141 0.0198
158 0.0484 0.4377 0.3464 0.1124 0.0480 0.0071
159 0.0542 0.3401 0.3975 0.1070 0.0887 0.0125
160 0.1234 0.2035 0.2532 0.0345 0.3801 0.0053
161 0.0994 0.1423 0.3311 0.0455 0.3750 0.0066
162 0.0405 0.1306 0.0884 0.0112 0.7285 0.0006
163 0.1458 0.1434 0.4631 0.1434 0.0844 0.0197
164 0.3674 0.1300 0.4539 0.0077 0.0192 0.0219
165 0.1746 0.2856 0.1902 0.0987 0.2482 0.0028
166 0.2058 0.4324 0.3264 0.0080 0.0207 0.0066
167 0.0594 0.2878 0.6284 0.0092 0.0034 0.0118
168 0.1207 0.4482 0.3279 0.0099 0.0646 0.0287
169 0.2345 0.2152 0.4849 0.0234 0.0225 0.0195
170 0.1952 0.1395 0.3618 0.2283 0.0513 0.0237
171 0.0448 0.1298 0.5547 0.2172 0.0055 0.0481
172 0.0307 0.4143 0.3228 0.1727 0.0218 0.0377
173 0.2020 0.1294 0.4924 0.1064 0.0335 0.0362
174 0.1373 0.2795 0.4985 0.0378 0.0273 0.0193
175 0.2771 0.2708 0.2998 0.0872 0.0467 0.0184
176 0.0928 0.2157 0.6338 0.0341 0.0118 0.0118
177 0.1024 0.1116 0.6079 0.1561 0.0074 0.0145
178 0.1932 0.3186 0.3784 0.0366 0.0608 0.0123
179 0.1443 0.1234 0.2379 0.4307 0.0261 0.0376
180 0.1083 0.0520 0.2642 0.5171 0.0112 0.0473
181 0.0978 0.3838 0.4558 0.0113 0.0323 0.0188
182 0.3179 0.0816 0.4412 0.1151 0.0327 0.0116
183 0.1422 0.2169 0.3633 0.2345 0.0330 0.0101
184 0.1842 0.3442 0.3311 0.0185 0.1091 0.0130
185 0.2284 0.1985 0.4912 0.0356 0.0345 0.0119
186 0.0296 0.0721 0.0856 0.0123 0.7998 0.0005
187 0.0887 0.2178 0.2979 0.0468 0.3481 0.0009
188 0.0336 0.2482 0.4858 0.1627 0.0627 0.0070
189 0.0294 0.4021 0.5498 0.0120 0.0046 0.0023
190 0.1080 0.4204 0.3982 0.0175 0.0109 0.0450
191 0.0904 0.2871 0.3660 0.1255 0.0159 0.1151
192 0.1127 0.2642 0.4492 0.1317 0.0083 0.0341
193 0.1736 0.1777 0.5142 0.0479 0.0782 0.0081
194 0.2146 0.2671 0.4268 0.0290 0.0367 0.0260
195 0.1725 0.3352 0.4338 0.0255 0.0300 0.0031
196 0.1410 0.3462 0.4109 0.0754 0.0067 0.0198
197 0.0763 0.5293 0.1802 0.1059 0.0344 0.0739
198 0.3213 0.2140 0.3699 0.0408 0.0183 0.0358
199 0.1170 0.1235 0.7393 0.0080 0.0100 0.0021
200 0.0988 0.1505 0.2856 0.4028 0.0301 0.0320
201 0.2002 0.1881 0.2378 0.2305 0.0834 0.0601
202 0.1536 0.1713 0.2532 0.0630 0.3354 0.0235
203 0.0508 0.3184 0.5586 0.0386 0.0108 0.0229
204 0.1852 0.3655 0.3486 0.0356 0.0074 0.0578
205 0.3276 0.2573 0.2167 0.0992 0.0552 0.0440
206 0.1420 0.2510 0.3125 0.0841 0.1823 0.0282
207 0.0817 0.4119 0.3750 0.0312 0.0837 0.0166
208 0.1172 0.5015 0.2388 0.0643 0.0745 0.0037
209 0.1416 0.1605 0.3733 0.1580 0.0546 0.1121
210 0.0849 0.4924 0.3306 0.0667 0.0138 0.0115
211 0.0787 0.1980 0.6196 0.0613 0.0117 0.0308
212 0.0746 0.3533 0.4260 0.1111 0.0051 0.0299
213 0.0665 0.4507 0.4580 0.0064 0.0158 0.0027
214 0.1993 0.3784 0.3210 0.0757 0.0144 0.0112
215 0.1025 0.1316 0.6084 0.1041 0.0328 0.0203
216 0.0646 0.4019 0.4553 0.0531 0.0032 0.0218
217 0.1382 0.5381 0.2683 0.0244 0.0285 0.0027
218 0.0748 0.6309 0.2395 0.0162 0.0376 0.0012
219 0.0561 0.6724 0.2378 0.0205 0.0090 0.0044
220 0.1060 0.3042 0.4788 0.0449 0.0576 0.0085
221 0.1783 0.3630 0.4114 0.0071 0.0327 0.0076
222 0.0936 0.3115 0.5469 0.0233 0.0112 0.0134
223 0.0910 0.1957 0.6826 0.0137 0.0076 0.0093
224 0.0908 0.1833 0.6865 0.0132 0.0152 0.0112
225 0.1893 0.0696 0.1570 0.3271 0.0587 0.1984
226 0.1893 0.0696 0.1570 0.3271 0.0587 0.1984
227 0.1136 0.1553 0.1349 0.1288 0.0181 0.4492
228 0.1136 0.1553 0.1349 0.1288 0.0181 0.4492
229 0.3398 0.4131 0.1078 0.0807 0.0551 0.0034
230 0.4468 0.3425 0.0922 0.0807 0.0356 0.0020
231 0.4429 0.3396 0.0928 0.0865 0.0358 0.0022
