time exciting_prob fearful_prob tense_prob sad_prob relaxing_prob neutral_prob
0 0.1792 0.1139 0.2095 0.2820 0.0670 0.1486
1 0.0681 0.1713 0.1583 0.2164 0.0945 0.2913
2 0.0470 0.1339 0.0706 0.3699 0.0950 0.2837
3 0.0265 0.2656 0.3687 0.3154 0.0097 0.0142
4 0.0220 0.1246 0.4629 0.3494 0.0160 0.0253
5 0.0381 0.2820 0.5024 0.1558 0.0204 0.0012
6 0.3247 0.2096 0.2394 0.1606 0.0085 0.0573
7 0.2573 0.1783 0.2476 0.2554 0.0091 0.0523
8 0.1779 0.4836 0.1185 0.0959 0.1204 0.0037
9 0.1461 0.5557 0.1394 0.0638 0.0928 0.0021
10 0.0522 0.4045 0.5034 0.0284 0.0088 0.0028
11 0.0491 0.4050 0.5122 0.0284 0.0031 0.0021
12 0.0431 0.1445 0.7285 0.0312 0.0455 0.0071
13 0.0682 0.1107 0.7563 0.0220 0.0374 0.0056
14 0.0622 0.1801 0.6797 0.0455 0.0289 0.0038
15 0.0421 0.1287 0.7124 0.0473 0.0652 0.0044
16 0.0610 0.0226 0.3250 0.5703 0.0105 0.0107
17 0.0541 0.0408 0.5249 0.3499 0.0063 0.0240
18 0.0592 0.0271 0.4043 0.4802 0.0087 0.0206
19 0.2462 0.4158 0.2123 0.0623 0.0623 0.0012
20 0.2490 0.4951 0.1322 0.0748 0.0475 0.0013
21 0.1440 0.3708 0.2080 0.1646 0.1071 0.0054
22 0.1271 0.3564 0.3455 0.1440 0.0197 0.0071
23 0.0945 0.2064 0.5029 0.1167 0.0526 0.0269
24 0.0630 0.1754 0.7051 0.0312 0.0181 0.0074
25 0.0712 0.2485 0.6450 0.0246 0.0088 0.0020
26 0.0384 0.2927 0.5303 0.0509 0.0712 0.0166
27 0.1046 0.0730 0.1670 0.4402 0.0260 0.1893
28 0.0963 0.0862 0.2006 0.3865 0.0359 0.1943
29 0.1476 0.1080 0.2434 0.3076 0.0457 0.1476
30 0.2159 0.0929 0.1193 0.2998 0.0929 0.1791
31 0.0668 0.4751 0.2749 0.1239 0.0366 0.0227
32 0.0523 0.6226 0.1870 0.1188 0.0087 0.0105
33 0.0330 0.5796 0.2959 0.0772 0.0114 0.0030
34 0.0379 0.5073 0.2673 0.1780 0.0056 0.0040
35 0.0419 0.4536 0.2544 0.2390 0.0070 0.0041
36 0.0319 0.5347 0.3674 0.0591 0.0054 0.0019
37 0.0583 0.5156 0.3179 0.0804 0.0153 0.0123
38 0.0241 0.1730 0.5005 0.1959 0.0197 0.0870
39 0.0294 0.1720 0.5132 0.1248 0.0706 0.0899
40 0.0987 0.1267 0.3784 0.2683 0.0196 0.1084
41 0.2203 0.4021 0.2310 0.0768 0.0051 0.0646
42 0.2253 0.1294 0.0472 0.4480 0.0322 0.1178
43 0.0558 0.2367 0.6431 0.0405 0.0227 0.0011
44 0.1599 0.1526 0.3835 0.0401 0.2595 0.0041
45 0.0537 0.4458 0.3313 0.1459 0.0193 0.0039
46 0.0167 0.1104 0.8032 0.0426 0.0125 0.0148
47 0.0085 0.1349 0.7407 0.0781 0.0102 0.0278
48 0.0461 0.2163 0.2712 0.0587 0.2394 0.1685
49 0.0256 0.3420 0.5908 0.0321 0.0066 0.0027
50 0.0275 0.2361 0.7046 0.0183 0.0123 0.0009
51 0.0892 0.1949 0.5552 0.1201 0.0313 0.0091
52 0.0531 0.3203 0.5200 0.0499 0.0392 0.0175
53 0.0137 0.2333 0.1329 0.5957 0.0202 0.0043
54 0.0497 0.2373 0.6060 0.0873 0.0147 0.0047
55 0.0226 0.3433 0.3770 0.2251 0.0305 0.0018
56 0.0050 0.0354 0.0889 0.8569 0.0091 0.0047
57 0.0215 0.3110 0.2275 0.3931 0.0431 0.0037
58 0.0605 0.3977 0.3794 0.1311 0.0264 0.0047
59 0.0264 0.1321 0.7842 0.0292 0.0268 0.0014
60 0.0227 0.1359 0.7944 0.0233 0.0227 0.0010
61 0.0225 0.1476 0.2590 0.5229 0.0410 0.0068
62 0.0541 0.3848 0.3560 0.1818 0.0193 0.0041
63 0.0469 0.2499 0.3931 0.2703 0.0303 0.0096
64 0.0355 0.0852 0.1920 0.3818 0.0214 0.2839
65 0.0045 0.1277 0.2349 0.6001 0.0040 0.0289
66 0.0122 0.0967 0.4402 0.4333 0.0122 0.0054
67 0.0127 0.4026 0.2900 0.2089 0.0039 0.0818
68 0.0670 0.4504 0.4102 0.0542 0.0164 0.0018
69 0.0322 0.3625 0.5796 0.0218 0.0030 0.0011
70 0.1151 0.0940 0.2085 0.5493 0.0134 0.0197
71 0.1934 0.1604 0.2664 0.3213 0.0229 0.0355
72 0.0101 0.1622 0.7739 0.0410 0.0015 0.0110
73 0.0255 0.3540 0.4075 0.1621 0.0100 0.0407
74 0.0248 0.2432 0.6606 0.0277 0.0131 0.0304
75 0.0395 0.1957 0.3279 0.0345 0.2893 0.1133
76 0.0436 0.2434 0.3711 0.0697 0.1186 0.1534
77 0.0319 0.5615 0.3516 0.0401 0.0106 0.0043
78 0.0887 0.3323 0.4331 0.0345 0.1096 0.0019
79 0.0619 0.3428 0.3823 0.1301 0.0696 0.0134
80 0.0592 0.4141 0.3328 0.1097 0.0655 0.0188
81 0.0057 0.0619 0.9097 0.0132 0.0069 0.0026
82 0.0099 0.0938 0.8623 0.0258 0.0065 0.0019
83 0.0272 0.3579 0.4316 0.1664 0.0096 0.0073
84 0.0070 0.1229 0.8530 0.0136 0.0007 0.0029
85 0.0130 0.1252 0.8428 0.0116 0.0010 0.0066
86 0.0983 0.5972 0.2413 0.0400 0.0195 0.0038
87 0.0555 0.7090 0.0959 0.1232 0.0155 0.0010
88 0.0529 0.2505 0.0839 0.5645 0.0387 0.0091
89 0.0232 0.3867 0.4666 0.0963 0.0041 0.0231
90 0.0242 0.2927 0.5913 0.0701 0.0052 0.0169
91 0.0836 0.5000 0.3081 0.0646 0.0223 0.0211
92 0.0384 0.4468 0.4468 0.0542 0.0080 0.0058
93 0.0431 0.3523 0.4890 0.0970 0.0173 0.0013
94 0.0212 0.7485 0.1863 0.0429 0.0007 0.0004
95 0.0355 0.4568 0.3909 0.1068 0.0040 0.0059
96 0.0399 0.3782 0.4932 0.0793 0.0023 0.0072
97 0.1626 0.5049 0.2240 0.0705 0.0276 0.0104
98 0.0219 0.3696 0.5635 0.0226 0.0024 0.0201
99 0.0224 0.3826 0.5312 0.0453 0.0055 0.0130
100 0.0460 0.3022 0.4683 0.1593 0.0173 0.0068
101 0.0665 0.1620 0.2844 0.4688 0.0077 0.0105
102 0.1177 0.3301 0.4109 0.0868 0.0468 0.0078
103 0.0647 0.2854 0.5547 0.0818 0.0106 0.0027
104 0.1791 0.2688 0.3760 0.1450 0.0141 0.0170
105 0.1115 0.5664 0.2361 0.0645 0.0102 0.0115
106 0.0062 0.1772 0.7461 0.0470 0.0042 0.0193
107 0.1328 0.2747 0.5376 0.0242 0.0042 0.0264
108 0.1495 0.6396 0.1630 0.0279 0.0186 0.0013
109 0.1766 0.2913 0.1698 0.2529 0.0968 0.0126
110 0.0417 0.6787 0.2310 0.0380 0.0090 0.0014
111 0.0305 0.7153 0.1926 0.0514 0.0069 0.0031
112 0.0176 0.6406 0.2798 0.0348 0.0060 0.0214
113 0.0450 0.2690 0.5107 0.1396 0.0316 0.0039
114 0.0270 0.3870 0.5288 0.0366 0.0180 0.0024
115 0.0299 0.0663 0.2705 0.5728 0.0187 0.0421
116 0.0489 0.1774 0.0508 0.6001 0.0740 0.0489
117 0.1416 0.1630 0.1044 0.3701 0.1965 0.0244
118 0.0300 0.2786 0.4736 0.1945 0.0161 0.0072
119 0.1287 0.1978 0.1109 0.0733 0.4817 0.0076
120 0.1354 0.1865 0.1851 0.1880 0.2163 0.0888
121 0.0199 0.1390 0.7632 0.0351 0.0128 0.0301
122 0.1250 0.3218 0.3425 0.1321 0.0707 0.0080
123 0.1505 0.2791 0.4600 0.0378 0.0663 0.0065
124 0.1189 0.4741 0.2966 0.0383 0.0710 0.0011
125 0.0730 0.1281 0.2015 0.5742 0.0088 0.0147
126 0.1565 0.3755 0.2190 0.1627 0.0831 0.0033
127 0.0433 0.2233 0.6562 0.0665 0.0036 0.0071
128 0.0150 0.3318 0.6396 0.0118 0.0017 0.0002
129 0.0257 0.2532 0.6880 0.0277 0.0012 0.0041
130 0.0581 0.2727 0.3091 0.2727 0.0153 0.0723
131 0.0652 0.3259 0.4250 0.1276 0.0136 0.0428
132 0.0502 0.5400 0.2360 0.1344 0.0127 0.0265
133 0.0311 0.3474 0.4897 0.0520 0.0781 0.0016
134 0.0336 0.3184 0.4597 0.0705 0.0891 0.0287
135 0.0237 0.4133 0.4006 0.1045 0.0568 0.0009
136 0.0452 0.1191 0.7412 0.0585 0.0147 0.0214
137 0.0147 0.1512 0.7446 0.0544 0.0303 0.0047
138 0.1525 0.1598 0.1443 0.3279 0.1432 0.0726
139 0.1058 0.5630 0.1190 0.1066 0.0647 0.0408
140 0.0654 0.6157 0.2568 0.0573 0.0033 0.0014
141 0.1740 0.4045 0.3005 0.0277 0.0895 0.0036
142 0.0180 0.0990 0.6982 0.1765 0.0022 0.0059
143 0.0139 0.5728 0.3315 0.0800 0.0006 0.0010
144 0.0515 0.3281 0.5410 0.0469 0.0040 0.0282
145 0.1688 0.2783 0.3958 0.0849 0.0636 0.0085
146 0.0278 0.3867 0.3633 0.1689 0.0166 0.0365
147 0.0234 0.3081 0.3228 0.3130 0.0084 0.0245
148 0.0310 0.1458 0.2222 0.5415 0.0095 0.0504
149 0.0694 0.4524 0.3110 0.1527 0.0083 0.0061
150 0.0171 0.2556 0.7056 0.0166 0.0015 0.0038
151 0.0181 0.4119 0.1180 0.4316 0.0018 0.0184
152 0.0686 0.3513 0.1621 0.3223 0.0736 0.0221
153 0.0790 0.4546 0.3406 0.0822 0.0107 0.0329
154 0.0897 0.3130 0.0732 0.2363 0.2419 0.0458
155 0.0748 0.3953 0.0815 0.1622 0.2593 0.0269
156 0.0578 0.6216 0.1987 0.1031 0.0047 0.0141
157 0.0233 0.2568 0.5522 0.1332 0.0049 0.0295
158 0.0092 0.0965 0.6802 0.1517 0.0009 0.0613
159 0.1097 0.3596 0.1910 0.2452 0.0790 0.0154
160 0.1475 0.1685 0.1429 0.4614 0.0692 0.0106
161 0.0524 0.2900 0.5952 0.0541 0.0025 0.0057
162 0.0540 0.4778 0.1650 0.1423 0.1562 0.0046
163 0.0370 0.1608 0.3098 0.4724 0.0090 0.0110
164 0.0568 0.5732 0.2354 0.0746 0.0568 0.0031
165 0.0364 0.6562 0.2571 0.0300 0.0167 0.0036
166 0.0191 0.5762 0.0646 0.3335 0.0064 0.0002
167 0.0814 0.6113 0.1261 0.1385 0.0422 0.0006
168 0.0383 0.2277 0.1307 0.4597 0.1370 0.0066
169 0.0232 0.1333 0.0938 0.6987 0.0440 0.0070
170 0.0656 0.1610 0.6519 0.0174 0.0114 0.0925
171 0.0771 0.0538 0.5610 0.1908 0.0069 0.1105
172 0.0140 0.3835 0.5200 0.0253 0.0024 0.0544
173 0.0630 0.3599 0.4805 0.0376 0.0108 0.0483
174 0.0976 0.4514 0.2067 0.0731 0.1660 0.0052
175 0.2120 0.3931 0.1126 0.0524 0.2170 0.0128
176 0.2279 0.4290 0.1191 0.0283 0.1919 0.0038
177 0.2325 0.1526 0.4849 0.0709 0.0284 0.0307
178 0.0234 0.4446 0.4961 0.0191 0.0025 0.0144
179 0.4050 0.2917 0.1421 0.0255 0.1284 0.0074
180 0.0758 0.0958 0.2408 0.4294 0.0350 0.1230
181 0.0328 0.1799 0.7456 0.0238 0.0031 0.0147
182 0.0168 0.1560 0.7500 0.0119 0.0028 0.0625
183 0.0261 0.1523 0.2673 0.4692 0.0105 0.0743
184 0.0344 0.1359 0.2744 0.3931 0.0285 0.1338
185 0.0183 0.2932 0.5830 0.0108 0.0053 0.0894
186 0.0258 0.2227 0.2407 0.4358 0.0103 0.0648
187 0.0226 0.2280 0.6704 0.0586 0.0063 0.0142
188 0.1205 0.3799 0.1511 0.0454 0.0337 0.2693
189 0.1181 0.3694 0.3210 0.0386 0.0222 0.1307
190 0.2920 0.3208 0.1010 0.2274 0.0405 0.0184
191 0.0933 0.1490 0.1715 0.0869 0.4963 0.0029
192 0.1073 0.0977 0.2362 0.0145 0.5405 0.0036
193 0.0482 0.1937 0.2031 0.4038 0.0316 0.1194
194 0.0278 0.1974 0.3987 0.3357 0.0197 0.0206
195 0.0234 0.1401 0.3635 0.3809 0.0095 0.0824
196 0.0237 0.1128 0.7354 0.0381 0.0366 0.0533
197 0.0906 0.1733 0.4062 0.0217 0.2244 0.0838
198 0.0841 0.0526 0.1699 0.1115 0.5747 0.0071
199 0.0357 0.8125 0.1285 0.0174 0.0056 0.0001
200 0.0159 0.8936 0.0831 0.0049 0.0027 0.0000
201 0.0196 0.2666 0.1920 0.4829 0.0248 0.0140
202 0.0400 0.4878 0.2065 0.1910 0.0592 0.0152
203 0.0271 0.1000 0.6030 0.0345 0.0332 0.2020
204 0.1222 0.4719 0.2527 0.0930 0.0206 0.0397
205 0.0685 0.3508 0.2649 0.1532 0.0908 0.0718
206 0.0408 0.5630 0.3110 0.0441 0.0308 0.0101
207 0.0922 0.4001 0.3069 0.0807 0.0951 0.0250
208 0.1536 0.3572 0.3743 0.0278 0.0749 0.0123
209 0.0246 0.2544 0.3645 0.1682 0.0396 0.1484
210 0.2035 0.3354 0.4014 0.0237 0.0348 0.0011
211 0.1460 0.2771 0.5508 0.0096 0.0156 0.0009
212 0.1642 0.6196 0.1506 0.0099 0.0422 0.0134
213 0.0129 0.2917 0.2272 0.4517 0.0011 0.0155
214 0.0839 0.4065 0.4463 0.0384 0.0160 0.0089
215 0.0139 0.6577 0.3108 0.0156 0.0018 0.0003
216 0.0201 0.4651 0.4651 0.0475 0.0013 0.0008
217 0.1138 0.2627 0.5781 0.0164 0.0156 0.0135
218 0.0174 0.3938 0.5137 0.0485 0.0048 0.0219
219 0.0176 0.1373 0.7656 0.0638 0.0012 0.0142
220 0.0617 0.5166 0.2722 0.1099 0.0127 0.0272
221 0.0504 0.6284 0.1976 0.0811 0.0166 0.0259
222 0.0182 0.6030 0.2595 0.1073 0.0074 0.0045
223 0.0297 0.4297 0.4868 0.0400 0.0124 0.0013
224 0.1832 0.3425 0.2228 0.0936 0.1028 0.0550
225 0.0076 0.1231 0.8413 0.0219 0.0006 0.0057
226 0.0181 0.1945 0.7339 0.0315 0.0035 0.0188
227 0.0617 0.1625 0.6084 0.0756 0.0726 0.0193
228 0.1348 0.1857 0.3665 0.0627 0.0263 0.2240
229 0.0422 0.1658 0.5522 0.0273 0.0718 0.1407
230 0.0659 0.4331 0.1998 0.0873 0.1833 0.0306
231 0.0839 0.5264 0.1045 0.2078 0.0542 0.0231
232 0.0188 0.1621 0.6313 0.1522 0.0057 0.0300
233 0.0114 0.1187 0.6621 0.1838 0.0026 0.0216
234 0.1613 0.2874 0.1885 0.0327 0.0473 0.2830
235 0.0956 0.4597 0.2349 0.0151 0.1135 0.0812
236 0.1425 0.4285 0.3086 0.0371 0.0799 0.0035
237 0.1014 0.4202 0.4009 0.0406 0.0342 0.0025
238 0.0523 0.1610 0.6123 0.0760 0.0105 0.0875
239 0.0080 0.6494 0.3115 0.0285 0.0002 0.0026
240 0.0181 0.5181 0.3972 0.0542 0.0022 0.0102
241 0.0220 0.3577 0.5454 0.0431 0.0039 0.0278
242 0.0339 0.2014 0.7422 0.0132 0.0027 0.0065
243 0.0940 0.2830 0.5244 0.0455 0.0322 0.0210
244 0.0795 0.2393 0.5923 0.0482 0.0165 0.0241
245 0.1278 0.1693 0.3164 0.3264 0.0126 0.0474
246 0.1615 0.1963 0.1759 0.2769 0.0885 0.1010
247 0.0215 0.6182 0.3208 0.0263 0.0006 0.0123
248 0.0620 0.3457 0.3147 0.0860 0.1793 0.0125
249 0.0109 0.1216 0.7334 0.1179 0.0041 0.0119
250 0.0685 0.5308 0.3647 0.0254 0.0086 0.0023
251 0.1259 0.1238 0.3213 0.3757 0.0193 0.0341
252 0.0925 0.1958 0.1133 0.5757 0.0061 0.0166
253 0.0742 0.2693 0.3198 0.2490 0.0681 0.0198
254 0.1130 0.3823 0.2710 0.1384 0.0654 0.0299
255 0.0915 0.5024 0.2264 0.0644 0.0092 0.1061
256 0.0735 0.6108 0.2281 0.0680 0.0189 0.0009
257 0.0117 0.3125 0.6514 0.0137 0.0005 0.0102
258 0.0934 0.3235 0.1931 0.2294 0.1256 0.0352
259 0.0748 0.2891 0.1926 0.3599 0.0650 0.0185
260 0.0122 0.1488 0.5977 0.1511 0.0167 0.0737
261 0.0630 0.1225 0.6621 0.0451 0.0437 0.0635
262 0.0250 0.2856 0.6748 0.0111 0.0025 0.0013
263 0.1444 0.3894 0.1305 0.1315 0.1561 0.0480
264 0.0377 0.4448 0.0904 0.3547 0.0462 0.0261
265 0.0326 0.4192 0.2208 0.2927 0.0264 0.0084
266 0.0093 0.1042 0.6191 0.0233 0.0090 0.2350
267 0.0196 0.0758 0.4905 0.0297 0.0367 0.3479
268 0.0133 0.0983 0.7979 0.0074 0.0040 0.0790
269 0.0214 0.0846 0.5918 0.0171 0.0224 0.2627
270 0.1787 0.3313 0.3418 0.0504 0.0775 0.0201
271 0.1034 0.4934 0.3555 0.0139 0.0278 0.0061
272 0.0133 0.1310 0.7896 0.0529 0.0054 0.0077
273 0.0084 0.1764 0.7905 0.0189 0.0009 0.0047
274 0.0172 0.1558 0.8159 0.0100 0.0007 0.0002
275 0.3374 0.2886 0.1175 0.1533 0.0547 0.0486
276 0.0850 0.2170 0.2104 0.0594 0.3694 0.0589
277 0.0383 0.1447 0.2539 0.1744 0.3364 0.0524
278 0.0255 0.1115 0.6123 0.0312 0.0205 0.1989
279 0.0412 0.1202 0.5303 0.0169 0.0372 0.2544
280 0.0281 0.2142 0.2751 0.4465 0.0217 0.0144
281 0.0750 0.3057 0.1649 0.2135 0.2308 0.0101
282 0.0276 0.0434 0.3750 0.4814 0.0030 0.0694
283 0.1333 0.0681 0.1940 0.4236 0.0539 0.1272
284 0.0389 0.0682 0.3157 0.3521 0.2102 0.0150
285 0.0309 0.2693 0.1971 0.2378 0.2571 0.0078
286 0.0229 0.1772 0.1772 0.3064 0.3110 0.0052
287 0.0278 0.1389 0.5581 0.0883 0.1812 0.0057
