time exciting_prob fearful_prob tense_prob sad_prob relaxing_prob neutral_prob
0 0.1030 0.1387 0.0953 0.5151 0.0197 0.1282
1 0.0464 0.5693 0.0691 0.2487 0.0022 0.0644
2 0.0666 0.0803 0.1648 0.5073 0.0842 0.0969
3 0.1995 0.1577 0.1482 0.3967 0.0435 0.0545
4 0.1219 0.0764 0.1146 0.6006 0.0456 0.0412
5 0.0467 0.3318 0.4604 0.0776 0.0550 0.0285
6 0.1898 0.1160 0.3179 0.1898 0.1688 0.0175
7 0.0683 0.1917 0.1199 0.5166 0.0912 0.0121
8 0.0600 0.0729 0.0235 0.0707 0.7598 0.0132
9 0.1897 0.1501 0.1366 0.3228 0.0410 0.1598
10 0.0955 0.1611 0.2037 0.3413 0.0876 0.1108
11 0.1097 0.0803 0.3542 0.3076 0.0999 0.0483
12 0.1555 0.2566 0.1656 0.1921 0.2194 0.0109
13 0.1388 0.1512 0.1205 0.3462 0.2067 0.0368
14 0.1154 0.2040 0.0662 0.1247 0.4597 0.0299
15 0.1177 0.1824 0.0976 0.3860 0.1660 0.0502
16 0.0748 0.3350 0.2096 0.2778 0.0543 0.0486
17 0.0197 0.0736 0.0420 0.6260 0.2064 0.0322
18 0.1249 0.3342 0.2644 0.1339 0.0264 0.1164
19 0.0908 0.5103 0.2732 0.0867 0.0089 0.0299
20 0.0628 0.6807 0.0390 0.0501 0.1566 0.0111
21 0.0847 0.5972 0.0660 0.0201 0.2249 0.0073
22 0.1193 0.3533 0.1289 0.1495 0.2317 0.0174
23 0.1354 0.0861 0.1354 0.5269 0.0522 0.0640
24 0.1120 0.5425 0.1708 0.0439 0.1289 0.0018
25 0.0413 0.3621 0.2507 0.2213 0.0233 0.1013
26 0.0367 0.4539 0.4539 0.0353 0.0017 0.0186
27 0.0818 0.4158 0.1874 0.1680 0.0242 0.1229
28 0.1593 0.2861 0.1982 0.0866 0.2429 0.0266
29 0.1725 0.2147 0.0560 0.4075 0.1272 0.0221
30 0.1284 0.1812 0.1598 0.4771 0.0241 0.0293
31 0.2400 0.2134 0.2698 0.2052 0.0060 0.0656
32 0.0543 0.6768 0.0601 0.1510 0.0243 0.0334
33 0.0695 0.2903 0.0885 0.4158 0.0763 0.0599
34 0.0406 0.2773 0.0833 0.3145 0.2732 0.0111
35 0.2219 0.1573 0.1422 0.1783 0.2939 0.0061
36 0.1747 0.1707 0.2091 0.2644 0.1578 0.0233
37 0.1776 0.2245 0.1438 0.0628 0.3879 0.0034
38 0.0236 0.1337 0.0850 0.2830 0.4521 0.0229
39 0.0952 0.1725 0.1176 0.2866 0.1938 0.1343
40 0.0555 0.1997 0.0740 0.4294 0.1847 0.0568
41 0.2064 0.1685 0.3826 0.1062 0.1232 0.0132
42 0.1592 0.1936 0.3423 0.1020 0.0872 0.1156
43 0.0807 0.1833 0.3320 0.2078 0.0486 0.1473
44 0.0627 0.2661 0.3469 0.2788 0.0167 0.0287
45 0.0863 0.0811 0.1171 0.3992 0.2598 0.0566
46 0.0679 0.1788 0.5176 0.1844 0.0290 0.0226
47 0.0494 0.1632 0.4758 0.1670 0.1281 0.0165
48 0.0887 0.1522 0.1924 0.3171 0.1558 0.0938
49 0.0265 0.1423 0.1492 0.1588 0.4968 0.0265
50 0.0585 0.0550 0.3877 0.2544 0.1449 0.0995
51 0.1215 0.5322 0.1769 0.0433 0.0903 0.0359
52 0.0367 0.4102 0.2527 0.2776 0.0153 0.0075
53 0.1659 0.2097 0.4043 0.0681 0.1464 0.0057
54 0.0692 0.1345 0.5981 0.0910 0.0526 0.0547
55 0.0564 0.3323 0.4199 0.1038 0.0860 0.0016
56 0.1002 0.2539 0.1359 0.2639 0.1527 0.0934
57 0.0329 0.1022 0.0991 0.5610 0.1970 0.0076
58 0.0157 0.1256 0.0369 0.7461 0.0414 0.0344
59 0.1236 0.2830 0.1091 0.2346 0.1885 0.0612
60 0.0258 0.4036 0.2263 0.3242 0.0121 0.0082
61 0.0552 0.0903 0.2551 0.4409 0.1160 0.0423
62 0.1095 0.1764 0.3508 0.2690 0.0894 0.0050
63 0.1100 0.1787 0.3418 0.2703 0.0500 0.0492
64 0.2512 0.3711 0.0327 0.0655 0.2378 0.0417
65 0.2859 0.2406 0.0442 0.0541 0.3528 0.0224
66 0.0787 0.2482 0.4937 0.1371 0.0399 0.0026
67 0.1406 0.2668 0.2449 0.2688 0.0735 0.0053
68 0.0556 0.3176 0.2961 0.0842 0.2417 0.0045
69 0.0664 0.4832 0.3047 0.0670 0.0670 0.0117
70 0.0319 0.3381 0.1957 0.3354 0.0822 0.0168
71 0.0742 0.5352 0.1685 0.1343 0.0464 0.0416
72 0.0333 0.4060 0.4822 0.0421 0.0148 0.0214
73 0.0228 0.0691 0.5781 0.1212 0.1556 0.0529
74 0.0411 0.1798 0.5454 0.0300 0.1975 0.0064
75 0.0398 0.1825 0.6729 0.0312 0.0491 0.0243
76 0.2352 0.2158 0.2686 0.1655 0.0893 0.0254
77 0.2732 0.2450 0.2249 0.1475 0.0795 0.0300
78 0.0318 0.3555 0.5420 0.0349 0.0331 0.0029
79 0.1251 0.2649 0.2527 0.2776 0.0498 0.0300
80 0.0769 0.5728 0.2075 0.1278 0.0055 0.0093
81 0.0834 0.2756 0.3123 0.2549 0.0675 0.0066
82 0.0445 0.1628 0.4497 0.2727 0.0425 0.0279
83 0.0193 0.2639 0.6528 0.0536 0.0067 0.0036
84 0.1157 0.4470 0.2412 0.1533 0.0400 0.0026
85 0.1368 0.6226 0.1870 0.0187 0.0343 0.0006
86 0.0685 0.2646 0.3242 0.2905 0.0344 0.0177
87 0.0850 0.6680 0.1422 0.0462 0.0575 0.0011
88 0.0407 0.3982 0.2098 0.3005 0.0388 0.0121
89 0.0309 0.2014 0.2976 0.4331 0.0125 0.0244
90 0.0430 0.1610 0.1610 0.0703 0.5620 0.0028
91 0.0661 0.2783 0.2534 0.3303 0.0507 0.0213
92 0.0418 0.5166 0.2189 0.1626 0.0528 0.0072
93 0.0790 0.5278 0.2473 0.0726 0.0703 0.0030
94 0.0723 0.2817 0.3191 0.2998 0.0221 0.0051
95 0.1453 0.4954 0.2001 0.1398 0.0129 0.0066
96 0.1166 0.6011 0.1593 0.0859 0.0353 0.0016
97 0.0906 0.4060 0.1692 0.2190 0.0599 0.0554
98 0.2544 0.1240 0.4001 0.1506 0.0529 0.0181
99 0.1284 0.1064 0.5239 0.1810 0.0451 0.0151
100 0.0641 0.1401 0.5371 0.2169 0.0320 0.0098
101 0.0685 0.1862 0.3503 0.3215 0.0550 0.0184
102 0.1484 0.2028 0.3909 0.1484 0.0988 0.0107
103 0.1461 0.1202 0.2194 0.3789 0.1174 0.0179
104 0.2078 0.1450 0.2013 0.3533 0.0846 0.0081
105 0.1023 0.3892 0.1141 0.2148 0.1781 0.0014
106 0.1697 0.2129 0.2820 0.1750 0.1498 0.0106
107 0.1467 0.2327 0.2805 0.1649 0.1715 0.0035
108 0.1536 0.2803 0.1465 0.2695 0.1215 0.0289
109 0.1523 0.2452 0.0388 0.2512 0.3005 0.0119
110 0.2625 0.1102 0.2603 0.2749 0.0757 0.0164
111 0.1180 0.3552 0.3469 0.1100 0.0683 0.0014
112 0.3333 0.1624 0.0823 0.2457 0.1637 0.0128
113 0.0790 0.0703 0.6309 0.1865 0.0168 0.0167
114 0.1941 0.3831 0.1700 0.1781 0.0656 0.0091
115 0.1282 0.1079 0.4543 0.2048 0.0916 0.0132
116 0.1915 0.1135 0.1576 0.0963 0.4216 0.0196
117 0.2732 0.1005 0.2546 0.2046 0.1193 0.0479
118 0.1664 0.1246 0.1306 0.1082 0.4558 0.0145
119 0.3269 0.2094 0.3118 0.0839 0.0654 0.0026
120 0.4578 0.3003 0.1606 0.0582 0.0230 0.0001
121 0.0179 0.6816 0.0937 0.1724 0.0212 0.0132
122 0.0874 0.2322 0.0790 0.1365 0.4204 0.0446
123 0.1110 0.3040 0.3667 0.1200 0.0787 0.0197
124 0.0156 0.5298 0.4463 0.0039 0.0042 0.0000
125 0.0680 0.5605 0.1848 0.0807 0.1021 0.0038
126 0.1054 0.1440 0.2734 0.2146 0.1595 0.1030
127 0.0848 0.2737 0.0983 0.4441 0.0909 0.0083
128 0.0285 0.3257 0.1637 0.4736 0.0046 0.0038
129 0.2429 0.0974 0.4231 0.1450 0.0894 0.0022
130 0.0460 0.1070 0.3296 0.3853 0.0609 0.0713
131 0.2030 0.1428 0.2588 0.2607 0.1005 0.0342
132 0.0420 0.1560 0.2306 0.5278 0.0348 0.0089
133 0.3167 0.3044 0.1776 0.1310 0.0643 0.0061
134 0.1925 0.1548 0.3406 0.2050 0.0828 0.0243
135 0.1409 0.1571 0.1243 0.3569 0.1808 0.0400
136 0.1989 0.1244 0.5488 0.0374 0.0882 0.0022
137 0.2042 0.0432 0.1043 0.3584 0.1219 0.1680
138 0.2213 0.1078 0.2196 0.1113 0.2394 0.1005
139 0.2290 0.1198 0.1057 0.3179 0.1702 0.0575
140 0.0881 0.3376 0.1114 0.4041 0.0486 0.0100
141 0.3311 0.1256 0.2275 0.0504 0.1857 0.0798
142 0.2294 0.1370 0.1993 0.1026 0.2639 0.0678
143 0.1564 0.0878 0.1425 0.4895 0.1199 0.0040
144 0.0825 0.2683 0.2856 0.1963 0.1459 0.0213
145 0.0399 0.1694 0.2466 0.0813 0.4607 0.0021
146 0.1428 0.0894 0.2585 0.3169 0.1290 0.0634
147 0.1924 0.2197 0.2097 0.1522 0.2080 0.0179
148 0.3557 0.1603 0.2903 0.0900 0.0892 0.0145
149 0.0833 0.3823 0.0490 0.3882 0.0795 0.0177
150 0.0815 0.2098 0.1323 0.2148 0.2454 0.1159
151 0.2993 0.0920 0.2025 0.2834 0.0987 0.0240
152 0.4082 0.1974 0.1913 0.1675 0.0185 0.0171
153 0.0949 0.3088 0.3904 0.1787 0.0251 0.0021
154 0.1808 0.1252 0.4763 0.1312 0.0803 0.0060
155 0.0856 0.0856 0.4414 0.1840 0.1990 0.0045
156 0.0383 0.1400 0.4773 0.2290 0.1073 0.0083
157 0.1270 0.2605 0.2688 0.0974 0.2300 0.0161
158 0.1366 0.1636 0.5708 0.1151 0.0110 0.0029
159 0.2729 0.2466 0.2299 0.1372 0.1069 0.0066
160 0.1189 0.0488 0.2291 0.5674 0.0243 0.0117
161 0.1086 0.3142 0.3347 0.1157 0.0486 0.0782
162 0.1996 0.3044 0.1259 0.2837 0.0638 0.0228
163 0.1663 0.3081 0.1490 0.1000 0.2720 0.0047
164 0.0930 0.1724 0.1533 0.4612 0.1045 0.0158
165 0.2112 0.1364 0.1113 0.2629 0.2338 0.0446
166 0.1398 0.1150 0.6118 0.0854 0.0447 0.0033
167 0.0489 0.2332 0.2791 0.3213 0.0711 0.0466
168 0.0387 0.0690 0.5684 0.2603 0.0452 0.0183
169 0.0997 0.1683 0.4758 0.2338 0.0187 0.0037
170 0.0834 0.1725 0.4075 0.2756 0.0514 0.0097
171 0.4443 0.2454 0.0868 0.1141 0.1063 0.0032
172 0.4060 0.1530 0.1339 0.1309 0.1554 0.0209
173 0.2229 0.3914 0.2283 0.0795 0.0712 0.0068
174 0.5415 0.1100 0.1746 0.0979 0.0344 0.0414
175 0.3721 0.1758 0.3184 0.0511 0.0756 0.0069
176 0.1302 0.1123 0.0587 0.5483 0.1431 0.0074
177 0.2118 0.2537 0.1611 0.1885 0.1715 0.0134
178 0.2133 0.0903 0.1388 0.4375 0.0499 0.0703
179 0.1046 0.3884 0.1429 0.2954 0.0419 0.0266
180 0.3254 0.0889 0.1840 0.3130 0.0527 0.0362
181 0.2209 0.1460 0.3728 0.1949 0.0390 0.0262
182 0.1047 0.1356 0.5845 0.1313 0.0379 0.0061
183 0.1373 0.1450 0.2751 0.2998 0.1156 0.0270
184 0.0839 0.2158 0.3643 0.2502 0.0787 0.0072
185 0.0515 0.3545 0.4482 0.0656 0.0779 0.0024
186 0.3184 0.1564 0.2240 0.1025 0.0768 0.1218
187 0.1482 0.2703 0.2405 0.1414 0.1843 0.0153
188 0.1829 0.1539 0.1931 0.3311 0.1247 0.0144
189 0.1207 0.3718 0.3083 0.1611 0.0101 0.0280
190 0.4490 0.0891 0.3086 0.0684 0.0775 0.0074
191 0.1273 0.1896 0.5444 0.0976 0.0407 0.0007
192 0.1342 0.3374 0.3145 0.0944 0.0771 0.0425
193 0.1816 0.1249 0.3042 0.2058 0.0928 0.0906
194 0.2319 0.1241 0.1697 0.2047 0.1113 0.1582
195 0.3528 0.3340 0.1003 0.1381 0.0485 0.0266
196 0.0556 0.2377 0.5527 0.1123 0.0324 0.0094
197 0.3479 0.3022 0.2410 0.0839 0.0212 0.0038
198 0.1356 0.1825 0.1000 0.5283 0.0291 0.0247
199 0.2915 0.0911 0.2827 0.2068 0.1116 0.0164
200 0.3252 0.1334 0.1141 0.2676 0.1224 0.0374
201 0.1938 0.1063 0.3171 0.3376 0.0171 0.0279
202 0.0766 0.5400 0.2759 0.0506 0.0457 0.0111
203 0.4209 0.1377 0.0939 0.2379 0.0862 0.0234
204 0.2144 0.1848 0.1937 0.3169 0.0629 0.0275
205 0.1914 0.1091 0.2220 0.3440 0.1189 0.0145
206 0.1345 0.2512 0.4412 0.1081 0.0461 0.0189
207 0.1814 0.1256 0.2681 0.3870 0.0308 0.0070
208 0.2634 0.1284 0.1649 0.1742 0.2515 0.0177
209 0.0778 0.2305 0.2098 0.4729 0.0080 0.0011
210 0.2133 0.1254 0.1853 0.3103 0.1023 0.0635
211 0.2465 0.1818 0.2262 0.2297 0.0872 0.0285
212 0.1344 0.2651 0.1880 0.2551 0.1499 0.0075
213 0.1105 0.0587 0.5439 0.1780 0.0796 0.0295
214 0.2075 0.1803 0.3909 0.1592 0.0563 0.0058
215 0.2271 0.3743 0.2939 0.0791 0.0081 0.0175
216 0.2297 0.0439 0.4641 0.1438 0.1019 0.0165
217 0.1226 0.1575 0.4966 0.1663 0.0553 0.0018
218 0.0930 0.1893 0.5786 0.0923 0.0342 0.0126
219 0.0851 0.3018 0.3845 0.0787 0.1393 0.0107
220 0.1709 0.1300 0.2795 0.2300 0.1722 0.0171
221 0.2261 0.1591 0.2727 0.0958 0.2191 0.0272
222 0.1184 0.1406 0.3535 0.3025 0.0795 0.0054
223 0.1112 0.1777 0.2668 0.3508 0.0649 0.0286
224 0.1321 0.1250 0.1508 0.3562 0.2246 0.0115
225 0.2610 0.1794 0.3682 0.1006 0.0861 0.0046
226 0.1254 0.1622 0.5073 0.1443 0.0552 0.0054
227 0.1785 0.1143 0.4314 0.2054 0.0544 0.0158
228 0.0667 0.2054 0.3721 0.2222 0.0544 0.0792
229 0.0588 0.1245 0.4480 0.2554 0.0447 0.0687
230 0.0928 0.0674 0.5176 0.2727 0.0256 0.0238
231 0.0827 0.0555 0.4685 0.3374 0.0075 0.0482
232 0.1322 0.1261 0.3855 0.1301 0.2196 0.0064
233 0.1649 0.1573 0.3435 0.2084 0.1048 0.0210
234 0.0884 0.1390 0.3083 0.4150 0.0253 0.0238
235 0.4143 0.1523 0.1548 0.1304 0.1196 0.0286
236 0.1761 0.2091 0.1694 0.2881 0.1329 0.0242
237 0.3821 0.0974 0.0581 0.2246 0.2194 0.0186
238 0.2411 0.1281 0.3975 0.1581 0.0345 0.0409
239 0.0681 0.0522 0.2612 0.5615 0.0267 0.0302
240 0.1632 0.2820 0.3147 0.1510 0.0840 0.0052
241 0.1215 0.1609 0.2737 0.2323 0.1648 0.0468
242 0.2932 0.1658 0.2302 0.1658 0.1322 0.0126
243 0.1263 0.2379 0.3462 0.1912 0.0961 0.0021
244 0.1881 0.2396 0.3101 0.1781 0.0790 0.0052
245 0.3540 0.2113 0.1725 0.1333 0.1063 0.0226
246 0.1467 0.1537 0.1274 0.4810 0.0682 0.0229
247 0.0768 0.2600 0.1705 0.4319 0.0418 0.0190
248 0.1561 0.3081 0.2101 0.1197 0.1467 0.0593
249 0.4231 0.1644 0.1737 0.1820 0.0522 0.0045
250 0.5107 0.3123 0.0429 0.0439 0.0881 0.0020
251 0.0494 0.0345 0.1131 0.7378 0.0237 0.0416
252 0.2666 0.1340 0.3879 0.1320 0.0764 0.0028
253 0.4917 0.1824 0.1409 0.1141 0.0552 0.0157
254 0.1567 0.2371 0.2209 0.3318 0.0372 0.0164
255 0.0883 0.1151 0.3130 0.3894 0.0307 0.0636
256 0.3289 0.1565 0.3313 0.1360 0.0463 0.0009
257 0.1346 0.1587 0.3230 0.2185 0.0444 0.1207
258 0.2314 0.1517 0.1119 0.1628 0.3042 0.0378
259 0.2191 0.1680 0.0906 0.3999 0.0906 0.0318
260 0.0813 0.1220 0.1681 0.4790 0.0493 0.1004
261 0.2448 0.1240 0.5024 0.0643 0.0517 0.0129
262 0.2443 0.1042 0.2386 0.2367 0.1528 0.0233
263 0.1726 0.1149 0.0923 0.0991 0.4653 0.0556
264 0.3479 0.0908 0.2732 0.1998 0.0685 0.0198
265 0.0966 0.1129 0.2585 0.4229 0.0674 0.0415
266 0.1600 0.5288 0.1117 0.1423 0.0473 0.0098
267 0.0963 0.5854 0.1638 0.0716 0.0817 0.0010
268 0.1847 0.1165 0.1819 0.3762 0.0486 0.0922
269 0.0351 0.2117 0.4624 0.2474 0.0423 0.0011
270 0.4512 0.2416 0.2131 0.0709 0.0146 0.0085
271 0.3843 0.1136 0.2423 0.1360 0.1042 0.0197
272 0.2010 0.3018 0.2026 0.1382 0.1541 0.0024
273 0.1824 0.0737 0.3860 0.2612 0.0703 0.0263
274 0.2896 0.0804 0.2764 0.3010 0.0380 0.0146
275 0.2583 0.2563 0.2881 0.1329 0.0529 0.0114
276 0.2766 0.2274 0.1827 0.1199 0.1857 0.0078
277 0.2223 0.1017 0.1871 0.4526 0.0247 0.0114
278 0.1213 0.0759 0.3948 0.1185 0.2800 0.0096
279 0.3804 0.2554 0.2068 0.1107 0.0427 0.0039
280 0.1459 0.0632 0.3525 0.4058 0.0240 0.0087
281 0.0929 0.1906 0.6060 0.0638 0.0446 0.0023
282 0.0903 0.2360 0.2473 0.3225 0.0917 0.0122
283 0.0672 0.2537 0.2239 0.3867 0.0622 0.0063
284 0.1936 0.1340 0.3215 0.2883 0.0609 0.0016
285 0.4036 0.1362 0.2336 0.1362 0.0759 0.0144
286 0.3394 0.2463 0.3213 0.0390 0.0493 0.0048
287 0.1985 0.2197 0.1685 0.3003 0.1022 0.0107
288 0.5630 0.1034 0.1639 0.0263 0.1423 0.0008
289 0.1659 0.1322 0.2214 0.1780 0.2629 0.0394
290 0.0608 0.0428 0.1589 0.5815 0.1010 0.0549
291 0.0775 0.1591 0.1437 0.3787 0.1693 0.0717
292 0.2812 0.2350 0.1903 0.1505 0.1200 0.0231
