time exciting_prob fearful_prob tense_prob sad_prob relaxing_prob neutral_prob
0 0.1136 0.1553 0.1349 0.1288 0.0181 0.4492
1 0.1141 0.0803 0.0569 0.1610 0.5796 0.0078
2 0.0513 0.0664 0.0724 0.1569 0.5146 0.1384
3 0.0509 0.1155 0.0907 0.3643 0.1775 0.2012
4 0.0968 0.2065 0.1293 0.2377 0.2268 0.1030
5 0.0603 0.1075 0.0470 0.1163 0.4971 0.1718
6 0.0749 0.1989 0.0561 0.2184 0.2761 0.1755
7 0.0293 0.0124 0.0439 0.0154 0.8965 0.0024
8 0.0976 0.0362 0.1196 0.0265 0.7100 0.0104
9 0.2888 0.0945 0.2888 0.0916 0.2080 0.0282
10 0.3269 0.0801 0.1497 0.3943 0.0419 0.0069
11 0.2781 0.1912 0.1941 0.2983 0.0191 0.0192
12 0.2581 0.2664 0.1641 0.2242 0.0700 0.0172
13 0.0020 0.0004 0.0029 0.0008 0.9937 0.0001
14 0.0023 0.0007 0.0025 0.0011 0.9932 0.0001
15 0.0040 0.0014 0.0066 0.0009 0.9868 0.0003
16 0.0409 0.1164 0.0347 0.0323 0.1164 0.6592
17 0.0848 0.0420 0.0560 0.0472 0.7554 0.0147
18 0.0629 0.0680 0.0659 0.0729 0.7026 0.0277
19 0.0507 0.0672 0.2037 0.0045 0.6733 0.0003
20 0.0428 0.0581 0.3164 0.0050 0.5776 0.0003
21 0.0683 0.0978 0.2766 0.0110 0.5010 0.0455
22 0.0825 0.0825 0.2644 0.0101 0.5054 0.0550
23 0.0460 0.0659 0.0624 0.0092 0.8086 0.0078
24 0.0331 0.0220 0.0418 0.0231 0.8599 0.0202
25 0.0213 0.0150 0.0240 0.0113 0.9204 0.0078
26 0.0067 0.0011 0.0035 0.0001 0.9883 0.0000
27 0.0110 0.0021 0.0119 0.0010 0.9736 0.0003
28 0.1746 0.2025 0.1760 0.0052 0.4355 0.0061
29 0.1087 0.2213 0.1070 0.0029 0.5566 0.0037
30 0.1157 0.0260 0.3098 0.0250 0.5229 0.0006
31 0.0301 0.0313 0.0320 0.0115 0.8857 0.0095
32 0.1863 0.0764 0.0680 0.0157 0.6499 0.0036
33 0.4209 0.0931 0.2252 0.0561 0.2035 0.0012
34 0.3794 0.0233 0.1893 0.1292 0.1750 0.1038
35 0.4258 0.0347 0.0942 0.2727 0.1146 0.0581
36 0.0784 0.1123 0.0991 0.1824 0.5195 0.0085
37 0.4189 0.0493 0.1874 0.0431 0.2993 0.0021
38 0.5063 0.0908 0.2798 0.0204 0.1005 0.0022
39 0.0430 0.0791 0.1305 0.3230 0.3230 0.1016
40 0.1191 0.0604 0.2010 0.2705 0.3213 0.0278
41 0.0409 0.0509 0.0314 0.0068 0.8682 0.0017
42 0.4465 0.0723 0.0718 0.2228 0.0753 0.1112
43 0.4741 0.0108 0.1359 0.1423 0.1576 0.0792
44 0.5107 0.0231 0.1646 0.0660 0.1440 0.0916
45 0.0818 0.0608 0.0695 0.4709 0.1267 0.1903
46 0.1088 0.1487 0.1312 0.0790 0.5151 0.0175
47 0.2275 0.0328 0.0520 0.3311 0.2620 0.0948
48 0.7539 0.0091 0.0525 0.0432 0.1138 0.0273
49 0.3306 0.0750 0.4963 0.0410 0.0340 0.0230
50 0.5166 0.0863 0.3335 0.0161 0.0343 0.0133
51 0.1926 0.2084 0.0507 0.0961 0.4412 0.0111
52 0.0609 0.0752 0.0764 0.0177 0.6968 0.0729
53 0.1685 0.0565 0.3174 0.3767 0.0406 0.0403
54 0.0354 0.0113 0.0322 0.0122 0.8979 0.0110
55 0.0425 0.0619 0.0471 0.0103 0.8345 0.0038
56 0.3450 0.1981 0.0712 0.0819 0.2686 0.0352
57 0.0069 0.0037 0.0040 0.0022 0.9829 0.0002
58 0.1821 0.2510 0.0078 0.0235 0.5229 0.0128
59 0.0240 0.0154 0.0170 0.0011 0.9424 0.0001
60 0.1274 0.3179 0.0458 0.2344 0.2554 0.0190
61 0.2498 0.2103 0.0837 0.1613 0.2744 0.0205
62 0.2537 0.5166 0.1600 0.0431 0.0210 0.0055
63 0.4460 0.0299 0.0734 0.2771 0.1128 0.0609
64 0.4590 0.1040 0.1898 0.0230 0.2185 0.0056
65 0.1788 0.1051 0.4060 0.0793 0.1628 0.0679
66 0.4448 0.0575 0.1226 0.2021 0.1326 0.0404
67 0.2634 0.2052 0.1294 0.0904 0.2676 0.0437
68 0.1808 0.0376 0.1621 0.1547 0.3076 0.1571
69 0.0133 0.0117 0.0088 0.0036 0.9624 0.0002
70 0.0170 0.0036 0.0112 0.0003 0.9678 0.0001
71 0.1434 0.1401 0.0739 0.3389 0.1677 0.1359
72 0.0939 0.2133 0.0523 0.1768 0.4551 0.0087
73 0.2491 0.1925 0.0917 0.0286 0.4014 0.0367
74 0.2554 0.1782 0.1031 0.0487 0.3923 0.0221
75 0.5044 0.0124 0.1246 0.0365 0.2700 0.0519
76 0.2269 0.0803 0.5840 0.0527 0.0237 0.0322
77 0.2073 0.0642 0.2462 0.1858 0.0987 0.1978
78 0.0784 0.1465 0.0413 0.0284 0.7041 0.0013
79 0.2489 0.0190 0.4170 0.1594 0.0736 0.0821
80 0.3115 0.1155 0.4094 0.1068 0.0231 0.0336
81 0.0032 0.0012 0.0010 0.0022 0.9917 0.0005
82 0.1442 0.2002 0.5791 0.0216 0.0498 0.0051
83 0.1492 0.2966 0.4817 0.0366 0.0301 0.0059
84 0.0229 0.0213 0.0213 0.0130 0.9146 0.0069
85 0.0321 0.0190 0.0290 0.0068 0.9087 0.0043
86 0.1309 0.1003 0.1980 0.3315 0.1519 0.0872
87 0.2332 0.3667 0.1403 0.0745 0.1759 0.0095
88 0.0503 0.0147 0.0089 0.0221 0.8638 0.0404
89 0.0020 0.0005 0.0002 0.0003 0.9966 0.0002
90 0.1366 0.1283 0.4692 0.1080 0.1477 0.0102
91 0.1220 0.1340 0.3474 0.2837 0.0501 0.0628
92 0.5269 0.0429 0.2668 0.0273 0.1232 0.0130
93 0.5630 0.0315 0.2440 0.0657 0.0652 0.0305
94 0.0745 0.2642 0.0844 0.0349 0.5337 0.0086
95 0.1539 0.0532 0.4854 0.1564 0.1379 0.0132
96 0.1960 0.2136 0.4702 0.0562 0.0602 0.0039
97 0.2869 0.1243 0.3770 0.0379 0.1302 0.0436
98 0.1504 0.1025 0.7227 0.0039 0.0193 0.0011
99 0.1003 0.0957 0.5215 0.0831 0.1415 0.0580
100 0.0692 0.1046 0.8164 0.0009 0.0084 0.0002
101 0.3923 0.1031 0.4731 0.0032 0.0271 0.0011
102 0.2362 0.1913 0.2761 0.0293 0.2185 0.0484
103 0.1682 0.0221 0.1351 0.0674 0.0199 0.5874
104 0.0152 0.0050 0.0114 0.0026 0.9653 0.0005
105 0.0289 0.0130 0.0086 0.0067 0.9424 0.0005
106 0.2625 0.2927 0.2837 0.0486 0.1077 0.0047
107 0.3218 0.2355 0.2751 0.0446 0.1045 0.0184
108 0.4548 0.0766 0.1323 0.1132 0.1488 0.0742
109 0.2825 0.2961 0.3252 0.0197 0.0726 0.0040
110 0.0522 0.1633 0.1195 0.2693 0.3857 0.0098
111 0.0080 0.0028 0.0016 0.0020 0.9849 0.0006
112 0.4695 0.0443 0.2324 0.0483 0.1987 0.0067
113 0.1017 0.1033 0.1552 0.0688 0.5630 0.0081
114 0.3145 0.0378 0.1764 0.2300 0.2078 0.0337
115 0.5225 0.0439 0.3096 0.0206 0.0356 0.0680
116 0.0187 0.0082 0.0271 0.0056 0.9390 0.0015
117 0.2668 0.0314 0.0753 0.1969 0.4070 0.0224
118 0.2930 0.1406 0.3762 0.0329 0.1439 0.0132
119 0.1190 0.0617 0.8135 0.0018 0.0039 0.0004
120 0.0039 0.0020 0.0014 0.0014 0.9907 0.0007
121 0.4419 0.0786 0.3467 0.0884 0.0417 0.0027
122 0.5381 0.1288 0.1459 0.1393 0.0442 0.0039
123 0.1935 0.1210 0.4094 0.0508 0.2227 0.0026
124 0.1251 0.0394 0.6870 0.0482 0.0601 0.0400
125 0.4231 0.1232 0.3320 0.0614 0.0159 0.0443
126 0.3091 0.0207 0.3787 0.1875 0.0757 0.0283
127 0.1326 0.0883 0.3960 0.2496 0.1188 0.0146
128 0.1744 0.0994 0.4741 0.1296 0.0532 0.0694
129 0.2457 0.0507 0.4888 0.0593 0.1538 0.0018
130 0.3916 0.0453 0.2451 0.2568 0.0192 0.0419
131 0.3728 0.0899 0.2603 0.2296 0.0341 0.0134
132 0.4395 0.2192 0.2544 0.0576 0.0264 0.0031
133 0.3137 0.0086 0.4858 0.1759 0.0107 0.0055
134 0.8789 0.0090 0.0274 0.0424 0.0411 0.0010
135 0.9053 0.0146 0.0228 0.0374 0.0197 0.0004
136 0.1708 0.0746 0.4192 0.1060 0.1299 0.0996
137 0.2461 0.0576 0.5679 0.0710 0.0257 0.0318
138 0.2805 0.0544 0.2961 0.0903 0.2573 0.0211
139 0.2405 0.1517 0.0648 0.0837 0.4492 0.0100
140 0.3931 0.0331 0.1978 0.3235 0.0414 0.0112
141 0.3635 0.2347 0.0673 0.2056 0.1218 0.0070
142 0.1608 0.0802 0.5190 0.0122 0.1672 0.0605
143 0.3123 0.0625 0.3430 0.0923 0.0400 0.1499
144 0.3416 0.0484 0.1976 0.3469 0.0469 0.0187
145 0.1443 0.0243 0.2417 0.5195 0.0417 0.0284
146 0.2600 0.0296 0.2189 0.1228 0.1786 0.1902
147 0.3196 0.2015 0.4009 0.0429 0.0169 0.0180
148 0.2842 0.0551 0.3271 0.1953 0.1046 0.0339
149 0.1749 0.1311 0.2546 0.3145 0.0591 0.0659
150 0.2881 0.1210 0.3447 0.1371 0.0604 0.0489
151 0.2903 0.3586 0.2903 0.0347 0.0215 0.0046
152 0.0854 0.1635 0.6719 0.0189 0.0249 0.0353
153 0.1775 0.0358 0.1192 0.4902 0.1630 0.0144
154 0.3120 0.1175 0.4756 0.0505 0.0189 0.0254
155 0.1720 0.0409 0.6802 0.0313 0.0396 0.0360
156 0.2600 0.2522 0.2260 0.1641 0.0360 0.0618
157 0.1932 0.0793 0.1154 0.3933 0.1653 0.0536
158 0.2852 0.0905 0.0905 0.3359 0.1515 0.0465
159 0.3306 0.1688 0.3491 0.0715 0.0773 0.0025
160 0.0868 0.0397 0.4841 0.2673 0.1097 0.0121
161 0.0690 0.1616 0.3369 0.3757 0.0311 0.0258
162 0.5317 0.0267 0.0868 0.0939 0.2323 0.0286
163 0.5068 0.1725 0.2285 0.0506 0.0397 0.0017
164 0.2622 0.0679 0.4255 0.0935 0.0781 0.0728
165 0.0484 0.0829 0.7393 0.0389 0.0682 0.0222
166 0.2964 0.0688 0.0890 0.1456 0.3660 0.0343
167 0.0798 0.5854 0.2722 0.0414 0.0181 0.0028
168 0.2424 0.1844 0.1918 0.2386 0.1163 0.0264
169 0.3406 0.0385 0.4045 0.1925 0.0234 0.0005
170 0.1267 0.2810 0.4934 0.0558 0.0336 0.0095
171 0.4895 0.0662 0.2500 0.0906 0.0906 0.0131
172 0.0429 0.1038 0.6362 0.0991 0.1055 0.0126
173 0.2588 0.0450 0.3591 0.2469 0.0691 0.0211
174 0.2268 0.0874 0.5356 0.0692 0.0547 0.0265
175 0.2070 0.0662 0.5898 0.0798 0.0278 0.0296
176 0.2054 0.3960 0.0683 0.1445 0.1842 0.0015
177 0.5293 0.0684 0.2661 0.0516 0.0618 0.0226
178 0.0775 0.1318 0.6797 0.0825 0.0095 0.0190
179 0.0724 0.0983 0.8228 0.0018 0.0047 0.0002
180 0.1517 0.3164 0.5054 0.0032 0.0227 0.0004
181 0.1021 0.0997 0.7905 0.0024 0.0052 0.0001
182 0.0350 0.0718 0.8882 0.0015 0.0030 0.0005
183 0.2593 0.2253 0.2379 0.0427 0.2343 0.0005
184 0.0893 0.0674 0.5259 0.2686 0.0137 0.0350
185 0.0773 0.1276 0.7812 0.0040 0.0097 0.0001
186 0.4099 0.1394 0.4229 0.0132 0.0127 0.0021
187 0.2179 0.1737 0.2754 0.1805 0.1473 0.0051
188 0.2166 0.0754 0.3354 0.2869 0.0476 0.0382
189 0.3486 0.0625 0.3828 0.1621 0.0225 0.0214
190 0.1494 0.0272 0.4189 0.0402 0.3367 0.0276
191 0.2277 0.0594 0.5293 0.1218 0.0566 0.0054
192 0.5894 0.0574 0.1729 0.0939 0.0273 0.0593
193 0.2234 0.1713 0.3801 0.0917 0.0487 0.0848
194 0.1869 0.0698 0.3716 0.0817 0.2849 0.0049
195 0.2446 0.0409 0.2228 0.3589 0.0252 0.1077
196 0.3970 0.0567 0.3643 0.0493 0.0980 0.0349
197 0.2566 0.0807 0.4949 0.1311 0.0356 0.0011
198 0.3074 0.1213 0.2015 0.1509 0.0494 0.1697
199 0.1385 0.2510 0.3171 0.0419 0.0530 0.1985
200 0.0966 0.0313 0.6699 0.1165 0.0604 0.0252
201 0.0687 0.1825 0.5537 0.1099 0.0737 0.0117
202 0.1284 0.2595 0.2151 0.0709 0.2219 0.1040
203 0.1508 0.0826 0.6060 0.0378 0.0581 0.0649
204 0.3672 0.1555 0.2012 0.0734 0.1862 0.0165
205 0.1680 0.2949 0.1888 0.0057 0.3315 0.0111
206 0.5918 0.0690 0.2372 0.0399 0.0591 0.0032
207 0.1628 0.1802 0.3999 0.1628 0.0757 0.0186
208 0.4927 0.0905 0.3059 0.0557 0.0536 0.0017
209 0.6743 0.0392 0.1218 0.0378 0.0716 0.0553
210 0.1927 0.0682 0.2634 0.4346 0.0271 0.0139
211 0.3889 0.2217 0.2891 0.0436 0.0230 0.0337
212 0.3489 0.2939 0.0423 0.0687 0.2399 0.0063
213 0.2896 0.2118 0.3438 0.0883 0.0386 0.0282
214 0.1940 0.3301 0.3918 0.0209 0.0518 0.0115
215 0.6187 0.0524 0.1296 0.0528 0.1092 0.0372
216 0.4780 0.1218 0.2441 0.1118 0.0234 0.0208
217 0.2507 0.0376 0.4167 0.1510 0.0457 0.0982
218 0.4399 0.0839 0.2429 0.1166 0.0997 0.0171
219 0.4954 0.0742 0.3052 0.0502 0.0522 0.0230
220 0.2822 0.1534 0.2198 0.3030 0.0337 0.0078
221 0.1458 0.3579 0.0637 0.2404 0.1917 0.0006
222 0.2913 0.0725 0.3250 0.1150 0.1106 0.0854
223 0.2996 0.1085 0.1694 0.2484 0.1531 0.0209
224 0.1885 0.1550 0.3660 0.0181 0.1198 0.1526
225 0.5347 0.0475 0.0435 0.0364 0.3047 0.0331
226 0.2063 0.1475 0.5396 0.0192 0.0771 0.0106
