time exciting_prob fearful_prob tense_prob sad_prob relaxing_prob neutral_prob
0 0.1136 0.1553 0.1349 0.1288 0.0181 0.4492
1 0.1595 0.2081 0.1205 0.2322 0.0362 0.2434
2 0.1188 0.7505 0.0503 0.0374 0.0031 0.0398
3 0.1727 0.6221 0.0616 0.0527 0.0054 0.0855
4 0.0829 0.6729 0.1031 0.0395 0.0032 0.0984
5 0.0860 0.6558 0.1332 0.0975 0.0059 0.0216
6 0.1498 0.6509 0.0967 0.0696 0.0031 0.0300
7 0.1023 0.4585 0.1942 0.1107 0.0050 0.1294
8 0.1127 0.2241 0.2040 0.2744 0.0355 0.1493
9 0.1960 0.0240 0.0710 0.4702 0.0398 0.1991
10 0.1196 0.4731 0.0656 0.2416 0.0186 0.0815
11 0.0978 0.4668 0.0732 0.2311 0.0177 0.1135
12 0.0694 0.1163 0.1447 0.1359 0.0046 0.5293
13 0.0559 0.1342 0.1952 0.2046 0.0097 0.4004
14 0.1218 0.1692 0.1144 0.4597 0.0185 0.1163
15 0.0851 0.2174 0.2350 0.2424 0.0190 0.2010
16 0.1372 0.3616 0.2952 0.0770 0.0222 0.1069
17 0.1771 0.3389 0.2188 0.1337 0.0389 0.0927
18 0.1263 0.1225 0.2554 0.3772 0.0170 0.1016
19 0.0227 0.0780 0.1550 0.6948 0.0261 0.0231
20 0.0531 0.1294 0.3303 0.3408 0.0515 0.0947
21 0.2183 0.1896 0.3599 0.1548 0.0295 0.0479
22 0.2340 0.3101 0.2571 0.0376 0.0251 0.1365
23 0.1166 0.2180 0.5396 0.0881 0.0266 0.0112
24 0.0458 0.2188 0.5244 0.1703 0.0261 0.0144
25 0.0096 0.1095 0.1643 0.5474 0.1544 0.0149
26 0.0213 0.2739 0.1942 0.2654 0.2416 0.0037
27 0.0419 0.2488 0.2649 0.3508 0.0582 0.0353
28 0.0788 0.1201 0.1667 0.5220 0.0274 0.0851
29 0.0243 0.2433 0.4075 0.0909 0.0126 0.2216
30 0.0137 0.1523 0.3713 0.0882 0.0145 0.3599
31 0.0155 0.1788 0.4424 0.0711 0.0108 0.2812
32 0.0149 0.1836 0.4333 0.0847 0.0121 0.2712
33 0.0094 0.1009 0.4966 0.1716 0.0078 0.2136
34 0.1721 0.0788 0.1592 0.3879 0.0378 0.1642
35 0.0058 0.0561 0.1674 0.4998 0.2184 0.0527
36 0.0059 0.0368 0.1335 0.5122 0.2168 0.0947
37 0.0059 0.0848 0.3201 0.3459 0.1660 0.0772
38 0.0085 0.0689 0.1654 0.1995 0.3845 0.1733
39 0.0068 0.0739 0.2190 0.1815 0.3286 0.1902
40 0.0035 0.0764 0.2317 0.5645 0.0894 0.0345
41 0.0078 0.0222 0.3289 0.3784 0.0027 0.2600
42 0.0112 0.0349 0.1010 0.5127 0.0039 0.3362
43 0.0039 0.0369 0.0988 0.7300 0.0648 0.0658
44 0.0036 0.0794 0.1530 0.5864 0.1329 0.0445
45 0.1018 0.2025 0.3843 0.1528 0.0689 0.0898
46 0.0028 0.0278 0.0925 0.8242 0.0227 0.0300
47 0.0385 0.4622 0.1824 0.2083 0.0198 0.0889
48 0.0438 0.6797 0.1565 0.0763 0.0244 0.0193
49 0.0297 0.4644 0.4360 0.0537 0.0070 0.0092
50 0.0152 0.5669 0.3438 0.0430 0.0023 0.0289
51 0.0037 0.0748 0.1558 0.6357 0.0808 0.0490
52 0.0244 0.3398 0.6157 0.0176 0.0004 0.0021
53 0.0114 0.7773 0.0988 0.0581 0.0361 0.0184
54 0.0017 0.0325 0.0757 0.8525 0.0123 0.0253
55 0.0537 0.2190 0.3667 0.2947 0.0358 0.0301
56 0.0253 0.2871 0.3804 0.1942 0.0227 0.0903
57 0.0459 0.5171 0.2404 0.1481 0.0049 0.0438
58 0.0066 0.0614 0.1260 0.1592 0.5825 0.0643
59 0.0071 0.0565 0.2233 0.3513 0.1420 0.2198
60 0.0083 0.0928 0.3503 0.4429 0.0529 0.0529
61 0.0142 0.7236 0.1746 0.0623 0.0087 0.0168
62 0.0098 0.0255 0.0920 0.8198 0.0135 0.0396
63 0.0538 0.4265 0.4006 0.0542 0.0559 0.0090
64 0.0245 0.1991 0.3181 0.3494 0.0234 0.0856
65 0.0740 0.2426 0.3315 0.1803 0.1382 0.0334
66 0.0894 0.3535 0.3120 0.1450 0.0789 0.0214
67 0.0771 0.5107 0.1737 0.2096 0.0108 0.0182
68 0.0161 0.1504 0.1992 0.4219 0.0756 0.1370
69 0.0425 0.6812 0.1750 0.0747 0.0089 0.0175
70 0.0591 0.2546 0.2319 0.4265 0.0190 0.0087
71 0.0623 0.2075 0.1949 0.5059 0.0130 0.0164
72 0.0330 0.0869 0.1049 0.7627 0.0074 0.0053
73 0.0905 0.0652 0.1144 0.6685 0.0296 0.0318
74 0.0370 0.1791 0.6060 0.0460 0.0901 0.0419
75 0.0362 0.2935 0.2844 0.1167 0.1646 0.1046
76 0.0802 0.1570 0.1486 0.5396 0.0382 0.0367
77 0.0551 0.3562 0.1921 0.3506 0.0425 0.0034
78 0.1802 0.2074 0.1182 0.4158 0.0470 0.0313
79 0.0807 0.2263 0.1331 0.4829 0.0680 0.0089
80 0.0674 0.1965 0.4500 0.2372 0.0131 0.0358
81 0.0230 0.0535 0.1345 0.7158 0.0106 0.0626
82 0.0138 0.0341 0.1903 0.6748 0.0026 0.0845
83 0.0671 0.1377 0.1007 0.6465 0.0185 0.0293
84 0.1425 0.1010 0.2462 0.2423 0.0762 0.1918
85 0.0017 0.0221 0.0307 0.8975 0.0365 0.0115
86 0.0026 0.0426 0.1355 0.7324 0.0506 0.0365
87 0.0062 0.0577 0.1405 0.7363 0.0442 0.0150
88 0.1039 0.2869 0.1584 0.3462 0.0472 0.0574
89 0.0554 0.0871 0.0987 0.6958 0.0118 0.0512
90 0.1037 0.2411 0.3145 0.1907 0.1053 0.0450
91 0.1121 0.1863 0.3823 0.2247 0.0290 0.0654
92 0.0373 0.5474 0.2795 0.0479 0.0664 0.0214
93 0.0574 0.1015 0.0828 0.6265 0.0213 0.1106
94 0.0210 0.1356 0.0703 0.5796 0.0194 0.1741
95 0.0933 0.1256 0.4453 0.2039 0.0811 0.0508
96 0.0064 0.0948 0.0462 0.6792 0.0934 0.0799
97 0.0207 0.2747 0.0994 0.3994 0.1746 0.0313
98 0.0640 0.1766 0.3352 0.3149 0.0413 0.0681
99 0.0400 0.0332 0.1488 0.5527 0.0055 0.2198
100 0.0070 0.0272 0.1951 0.6006 0.0057 0.1642
101 0.0177 0.0933 0.2917 0.3926 0.0043 0.2004
102 0.0099 0.0484 0.4453 0.2966 0.0053 0.1945
103 0.0072 0.0760 0.7100 0.1234 0.0042 0.0797
104 0.0048 0.0265 0.2183 0.3125 0.0040 0.4341
105 0.0049 0.0356 0.2590 0.1725 0.0050 0.5229
106 0.0188 0.0508 0.3086 0.3606 0.0133 0.2479
107 0.0253 0.1914 0.4182 0.2964 0.0196 0.0492
108 0.0455 0.1626 0.4707 0.2441 0.0251 0.0520
109 0.0529 0.2605 0.4500 0.1604 0.0406 0.0358
110 0.0345 0.1835 0.5063 0.1321 0.1364 0.0073
111 0.0316 0.1498 0.5186 0.1498 0.0316 0.1185
112 0.0522 0.1698 0.0397 0.3274 0.3540 0.0569
113 0.0384 0.0995 0.1426 0.4529 0.1076 0.1591
114 0.0853 0.2754 0.3706 0.1166 0.1222 0.0300
115 0.0636 0.0487 0.1549 0.2052 0.0351 0.4924
116 0.0129 0.0988 0.2446 0.2524 0.0723 0.3191
117 0.1104 0.2229 0.3562 0.1581 0.0691 0.0833
118 0.0073 0.1284 0.1897 0.4016 0.0404 0.2324
119 0.0585 0.2583 0.2666 0.3115 0.0764 0.0287
120 0.0647 0.1392 0.5088 0.1248 0.1136 0.0489
121 0.0556 0.2454 0.0931 0.2378 0.3513 0.0167
122 0.0448 0.2310 0.0667 0.2576 0.3257 0.0744
123 0.0681 0.1055 0.3516 0.3569 0.0317 0.0861
124 0.1246 0.2120 0.2722 0.2328 0.0431 0.1152
125 0.2825 0.1794 0.3149 0.0640 0.1334 0.0257
126 0.0051 0.0238 0.1339 0.6191 0.0141 0.2041
127 0.0020 0.0313 0.1401 0.7456 0.0259 0.0549
128 0.0132 0.0974 0.2607 0.4102 0.0974 0.1212
129 0.0070 0.0279 0.0572 0.7773 0.0521 0.0782
130 0.0095 0.0828 0.0635 0.3484 0.4839 0.0119
131 0.0064 0.0813 0.1340 0.4980 0.1951 0.0852
132 0.0121 0.0279 0.1268 0.6240 0.1874 0.0217
133 0.0092 0.1151 0.3713 0.4209 0.0626 0.0210
134 0.0033 0.0955 0.1730 0.6841 0.0315 0.0123
135 0.0013 0.0364 0.0795 0.8687 0.0060 0.0079
136 0.0027 0.0210 0.1051 0.7764 0.0061 0.0885
137 0.0033 0.0165 0.0997 0.7144 0.0042 0.1619
138 0.0081 0.0540 0.2788 0.3525 0.0050 0.3015
139 0.0097 0.1654 0.3140 0.0567 0.0250 0.4292
140 0.0053 0.0766 0.1512 0.0620 0.0682 0.6367
141 0.0076 0.0304 0.1449 0.4463 0.0064 0.3643
142 0.0188 0.1107 0.1304 0.2084 0.0548 0.4771
143 0.0036 0.0709 0.2764 0.1676 0.0043 0.4773
144 0.0045 0.0218 0.1436 0.5674 0.0184 0.2441
145 0.0181 0.1236 0.1826 0.0811 0.5122 0.0823
146 0.0116 0.0715 0.2698 0.2534 0.2273 0.1663
147 0.0047 0.0660 0.3352 0.2268 0.2065 0.1608
148 0.0051 0.0620 0.1105 0.6558 0.0356 0.1311
149 0.0021 0.0548 0.1276 0.7339 0.0325 0.0492
150 0.0030 0.0326 0.1157 0.7783 0.0293 0.0413
151 0.0147 0.0889 0.0875 0.6270 0.0440 0.1377
152 0.2046 0.1300 0.1569 0.4612 0.0334 0.0139
153 0.0939 0.1700 0.3489 0.3279 0.0377 0.0216
154 0.0173 0.1678 0.1815 0.3137 0.0205 0.2993
155 0.0132 0.1031 0.1388 0.0737 0.0092 0.6621
156 0.1552 0.0657 0.4087 0.2440 0.0667 0.0598
157 0.0484 0.1539 0.4119 0.3013 0.0484 0.0360
158 0.0038 0.0870 0.4148 0.2517 0.0028 0.2401
159 0.0030 0.0484 0.2827 0.3687 0.0054 0.2917
160 0.0220 0.0935 0.2971 0.3264 0.0328 0.2279
161 0.0187 0.2373 0.2195 0.3347 0.0649 0.1250
162 0.0041 0.0490 0.0782 0.3398 0.4575 0.0712
163 0.1570 0.0625 0.1365 0.4009 0.0350 0.2080
164 0.2876 0.0884 0.1588 0.3159 0.1266 0.0229
165 0.0712 0.2837 0.2484 0.3530 0.0292 0.0147
166 0.0164 0.0832 0.1816 0.6646 0.0070 0.0474
167 0.0036 0.0092 0.1290 0.7085 0.0008 0.1486
168 0.0025 0.0241 0.2637 0.5327 0.0014 0.1757
169 0.0153 0.0603 0.0920 0.6382 0.0140 0.1801
170 0.0224 0.2222 0.1527 0.5674 0.0182 0.0170
171 0.0366 0.1976 0.2460 0.4121 0.0315 0.0762
172 0.0515 0.1295 0.1179 0.6475 0.0325 0.0213
173 0.0887 0.1087 0.3347 0.4231 0.0201 0.0246
174 0.0612 0.1854 0.3059 0.4050 0.0205 0.0220
175 0.0645 0.5444 0.2131 0.1511 0.0186 0.0081
176 0.0704 0.2659 0.2874 0.3467 0.0163 0.0131
177 0.0120 0.0413 0.2216 0.4839 0.0841 0.1571
178 0.0120 0.0214 0.2489 0.2568 0.1311 0.3298
179 0.0073 0.0165 0.2625 0.2502 0.1519 0.3115
180 0.0081 0.0289 0.2478 0.2256 0.1117 0.3779
181 0.0058 0.0303 0.3440 0.1929 0.1550 0.2720
182 0.0044 0.0195 0.4163 0.2371 0.1103 0.2125
183 0.0148 0.3005 0.3052 0.3406 0.0086 0.0302
184 0.0148 0.4067 0.3372 0.2211 0.0071 0.0132
185 0.0069 0.0217 0.2429 0.3823 0.0391 0.3071
186 0.0044 0.0177 0.3818 0.2389 0.0865 0.2708
187 0.0412 0.3879 0.1669 0.2013 0.0509 0.1519
188 0.0230 0.1000 0.5244 0.2515 0.0395 0.0616
189 0.0047 0.0241 0.3401 0.2230 0.0345 0.3735
190 0.0113 0.1252 0.2571 0.5195 0.0200 0.0671
191 0.0391 0.0828 0.3223 0.2629 0.0645 0.2285
192 0.0238 0.0679 0.2123 0.4785 0.0180 0.1995
193 0.0198 0.1877 0.2095 0.5264 0.0140 0.0425
194 0.0021 0.0103 0.1971 0.2067 0.0132 0.5708
195 0.0032 0.0140 0.1868 0.3176 0.0163 0.4622
196 0.0133 0.0728 0.1775 0.6699 0.0082 0.0585
197 0.0597 0.2362 0.0671 0.5278 0.0286 0.0803
198 0.0364 0.2164 0.1233 0.3979 0.1252 0.1006
199 0.0452 0.1530 0.5137 0.0972 0.1220 0.0690
200 0.0048 0.0130 0.2103 0.2830 0.0220 0.4668
201 0.0422 0.1130 0.2230 0.5063 0.0353 0.0801
202 0.0396 0.0555 0.5303 0.3267 0.0076 0.0403
203 0.0207 0.2334 0.5425 0.0845 0.0152 0.1036
204 0.0090 0.0492 0.1109 0.3811 0.4319 0.0178
205 0.0323 0.1174 0.1036 0.2644 0.4641 0.0181
206 0.0623 0.0431 0.2900 0.2260 0.0393 0.3391
207 0.1093 0.1470 0.4673 0.1979 0.0082 0.0706
208 0.0744 0.1575 0.3721 0.3132 0.0448 0.0380
209 0.0615 0.2756 0.2322 0.1954 0.1030 0.1322
210 0.0375 0.1904 0.0658 0.6343 0.0025 0.0695
211 0.0736 0.1214 0.2164 0.3857 0.0262 0.1766
212 0.0839 0.3589 0.1310 0.4131 0.0064 0.0067
213 0.0450 0.2715 0.1699 0.4014 0.0076 0.1047
214 0.0983 0.1476 0.0748 0.4690 0.0023 0.2081
215 0.0460 0.0690 0.0381 0.5596 0.0012 0.2859
216 0.0518 0.0645 0.0526 0.7041 0.0019 0.1252
217 0.1727 0.0511 0.3081 0.3330 0.0182 0.1169
218 0.0602 0.0703 0.2825 0.3201 0.0365 0.2306
219 0.0504 0.1652 0.1576 0.5166 0.0108 0.0994
220 0.0061 0.0724 0.2357 0.3887 0.0081 0.2888
221 0.0064 0.0941 0.1575 0.6948 0.0112 0.0357
222 0.0188 0.0806 0.2190 0.5254 0.0080 0.1482
223 0.0038 0.0336 0.2771 0.3672 0.0093 0.3091
224 0.0071 0.0457 0.2471 0.4915 0.0131 0.1954
225 0.0136 0.0303 0.1504 0.6333 0.0242 0.1481
226 0.0069 0.0267 0.1215 0.4805 0.0016 0.3628
227 0.0385 0.0464 0.2754 0.5063 0.0184 0.1148
228 0.0038 0.0436 0.1322 0.6211 0.0008 0.1985
229 0.0329 0.2318 0.2468 0.4070 0.0176 0.0639
230 0.0687 0.1970 0.1970 0.4878 0.0426 0.0069
231 0.0633 0.3423 0.2625 0.2883 0.0347 0.0090
232 0.0768 0.2537 0.2874 0.3413 0.0203 0.0205
233 0.0242 0.0244 0.0372 0.8535 0.0220 0.0387
234 0.0733 0.3638 0.2008 0.3159 0.0196 0.0266
235 0.0564 0.1777 0.2546 0.4683 0.0128 0.0302
236 0.0063 0.0360 0.0663 0.8599 0.0104 0.0212
237 0.0018 0.1328 0.0689 0.7646 0.0041 0.0278
238 0.0032 0.2106 0.1298 0.5815 0.0116 0.0632
239 0.0876 0.0548 0.2345 0.4966 0.0066 0.1198
240 0.0172 0.1243 0.2937 0.4619 0.0089 0.0939
241 0.0550 0.0813 0.2795 0.5474 0.0256 0.0114
242 0.0149 0.0747 0.2910 0.5352 0.0260 0.0582
243 0.0048 0.0202 0.1240 0.8086 0.0055 0.0367
244 0.0245 0.4143 0.1284 0.3772 0.0089 0.0465
245 0.0152 0.0443 0.1078 0.7251 0.0110 0.0966
246 0.0589 0.1447 0.0799 0.4456 0.0249 0.2461
247 0.0458 0.1124 0.0977 0.6367 0.0184 0.0889
248 0.0183 0.0505 0.2644 0.5342 0.0035 0.1289
249 0.0199 0.0281 0.1361 0.7710 0.0037 0.0409
250 0.0647 0.2683 0.3445 0.2810 0.0150 0.0266
251 0.0235 0.0809 0.2130 0.5703 0.0649 0.0475
252 0.0293 0.1234 0.3713 0.3713 0.0278 0.0767
253 0.0051 0.0217 0.1694 0.6914 0.0030 0.1094
254 0.0456 0.0820 0.1643 0.4536 0.0533 0.2013
255 0.0489 0.0928 0.1229 0.6855 0.0054 0.0445
256 0.0461 0.1105 0.5879 0.0468 0.1633 0.0453
257 0.0889 0.0822 0.2454 0.4958 0.0317 0.0561
258 0.0034 0.3447 0.1288 0.5176 0.0006 0.0051
259 0.1356 0.2117 0.2593 0.3489 0.0178 0.0267
260 0.0221 0.4768 0.0635 0.3489 0.0578 0.0310
261 0.0315 0.3135 0.1360 0.4287 0.0576 0.0328
262 0.0740 0.1567 0.1642 0.5059 0.0184 0.0807
263 0.0300 0.2081 0.1672 0.4995 0.0265 0.0687
264 0.0084 0.3755 0.2581 0.3210 0.0004 0.0366
265 0.0074 0.3115 0.1642 0.4751 0.0001 0.0415
266 0.0086 0.4048 0.2455 0.3008 0.0002 0.0401
267 0.0161 0.0709 0.0743 0.8242 0.0034 0.0114
268 0.0765 0.0681 0.0439 0.7979 0.0046 0.0091
269 0.1776 0.3560 0.0936 0.3142 0.0047 0.0542
270 0.0639 0.2283 0.0551 0.5737 0.0246 0.0542
271 0.0354 0.5278 0.2493 0.1399 0.0129 0.0348
272 0.0215 0.2291 0.2402 0.3386 0.0105 0.1600
273 0.0372 0.2025 0.0898 0.5859 0.0219 0.0627
274 0.0636 0.2308 0.2874 0.3206 0.0274 0.0704
275 0.0373 0.2820 0.2820 0.3003 0.0282 0.0702
276 0.0129 0.0779 0.1525 0.5488 0.0179 0.1897
277 0.0098 0.1245 0.2634 0.4551 0.0208 0.1263
278 0.0165 0.1075 0.1010 0.7583 0.0117 0.0052
279 0.0263 0.1610 0.1056 0.6670 0.0100 0.0300
280 0.0422 0.1694 0.0546 0.6914 0.0318 0.0104
281 0.0102 0.1381 0.2073 0.5376 0.0673 0.0396
282 0.0193 0.1279 0.2045 0.5142 0.0614 0.0729
283 0.1134 0.1001 0.0829 0.6035 0.0955 0.0045
284 0.0746 0.0723 0.0701 0.7310 0.0429 0.0093
285 0.0533 0.1732 0.0787 0.5596 0.1210 0.0145
286 0.1046 0.5068 0.0654 0.2047 0.0125 0.1062
287 0.0969 0.5195 0.0731 0.1313 0.0141 0.1648
288 0.0950 0.4158 0.0934 0.2295 0.0135 0.1530
289 0.1992 0.0617 0.0941 0.1118 0.0083 0.5249
290 0.0905 0.1829 0.1516 0.3579 0.0225 0.1946
291 0.0514 0.5703 0.2452 0.0334 0.0081 0.0916
292 0.1064 0.3894 0.2253 0.1151 0.0065 0.1573
293 0.1179 0.3989 0.2700 0.1378 0.0060 0.0693
294 0.2008 0.4741 0.1915 0.0919 0.0030 0.0386
295 0.1969 0.5698 0.1375 0.0640 0.0033 0.0284
296 0.2454 0.5796 0.0992 0.0552 0.0018 0.0188
297 0.1685 0.5107 0.1738 0.0945 0.0026 0.0498
298 0.1338 0.5376 0.1692 0.1163 0.0042 0.0389
299 0.1543 0.5820 0.1340 0.0996 0.0028 0.0272
300 0.1296 0.4893 0.1277 0.1564 0.0066 0.0905
301 0.1198 0.4666 0.1855 0.1316 0.0059 0.0905
302 0.1526 0.5327 0.1016 0.0829 0.0056 0.1246
303 0.1885 0.4666 0.0850 0.0863 0.0049 0.1689
304 0.2058 0.5015 0.0734 0.0572 0.0068 0.1554
305 0.2015 0.5742 0.0551 0.0654 0.0056 0.0982
306 0.1649 0.6729 0.0561 0.0327 0.0037 0.0698
307 0.0911 0.8115 0.0444 0.0151 0.0020 0.0359
308 0.0865 0.7715 0.0463 0.0264 0.0021 0.0674
309 0.2686 0.5342 0.0872 0.0432 0.0018 0.0648
310 0.2362 0.1675 0.1624 0.3547 0.0230 0.0561
311 0.1621 0.2181 0.1224 0.2396 0.0526 0.2050
