time exciting_prob fearful_prob tense_prob sad_prob relaxing_prob neutral_prob
0 0.1136 0.1553 0.1349 0.1288 0.0181 0.4492
1 0.0771 0.0847 0.0582 0.6260 0.0245 0.1293
2 0.0565 0.0539 0.2961 0.4111 0.0189 0.1635
3 0.5288 0.0357 0.0612 0.1359 0.0408 0.1976
4 0.0423 0.1793 0.5527 0.1464 0.0327 0.0468
5 0.0405 0.1858 0.4492 0.2559 0.0485 0.0201
6 0.1203 0.4871 0.2627 0.1045 0.0135 0.0119
7 0.1365 0.3594 0.2981 0.0888 0.0834 0.0340
8 0.0143 0.0294 0.5376 0.0177 0.3875 0.0134
9 0.0881 0.2180 0.4236 0.2164 0.0059 0.0479
10 0.2308 0.0473 0.0121 0.6035 0.0636 0.0427
11 0.1450 0.2954 0.2646 0.0908 0.1520 0.0521
12 0.0255 0.1842 0.6040 0.1327 0.0305 0.0232
13 0.0071 0.1617 0.7480 0.0814 0.0012 0.0005
14 0.0158 0.4436 0.4265 0.1113 0.0016 0.0011
15 0.0617 0.2966 0.5542 0.0667 0.0190 0.0018
16 0.1693 0.4858 0.2522 0.0580 0.0313 0.0034
17 0.1775 0.2949 0.3845 0.0812 0.0438 0.0180
18 0.1024 0.1377 0.2067 0.2915 0.1304 0.1313
19 0.0241 0.1346 0.2871 0.3987 0.1389 0.0166
20 0.0346 0.3313 0.3638 0.1787 0.0844 0.0074
21 0.2189 0.2947 0.2089 0.1931 0.0512 0.0333
22 0.0425 0.2045 0.6152 0.0776 0.0432 0.0170
23 0.0423 0.1925 0.1583 0.5234 0.0144 0.0692
24 0.0140 0.2249 0.3376 0.3428 0.0197 0.0610
25 0.0540 0.4055 0.4595 0.0536 0.0096 0.0177
26 0.0217 0.4131 0.4683 0.0951 0.0015 0.0003
27 0.0640 0.1420 0.4841 0.3030 0.0050 0.0019
28 0.2629 0.1510 0.2357 0.2451 0.0416 0.0635
29 0.3120 0.1777 0.2527 0.2046 0.0124 0.0406
30 0.0413 0.6021 0.1632 0.1765 0.0157 0.0014
31 0.0124 0.4448 0.3989 0.1357 0.0041 0.0040
32 0.0741 0.1069 0.1395 0.6011 0.0075 0.0707
33 0.1194 0.1923 0.2671 0.0959 0.0108 0.3147
34 0.2357 0.2048 0.3003 0.1620 0.0342 0.0629
35 0.0693 0.2239 0.2383 0.3413 0.0139 0.1134
36 0.0836 0.0317 0.1826 0.6523 0.0249 0.0247
37 0.3101 0.2358 0.2913 0.1030 0.0265 0.0332
38 0.1113 0.1475 0.5479 0.1606 0.0103 0.0226
39 0.0279 0.1053 0.4468 0.3704 0.0055 0.0442
40 0.0902 0.0271 0.1608 0.6069 0.0065 0.1088
41 0.0304 0.0066 0.0685 0.7534 0.0058 0.1351
42 0.4392 0.1027 0.0372 0.2174 0.1460 0.0576
43 0.1705 0.3289 0.1732 0.2224 0.0642 0.0408
44 0.1769 0.0349 0.0651 0.6226 0.0119 0.0890
45 0.1289 0.2749 0.2262 0.3140 0.0214 0.0344
46 0.1553 0.2258 0.1172 0.4458 0.0208 0.0352
47 0.4304 0.1141 0.1571 0.2081 0.0362 0.0539
48 0.5312 0.1909 0.0534 0.1261 0.0569 0.0416
49 0.2189 0.1801 0.3638 0.1978 0.0131 0.0264
50 0.2084 0.2825 0.2739 0.1432 0.0269 0.0651
51 0.2062 0.3733 0.1631 0.0600 0.1736 0.0239
52 0.1220 0.3586 0.3044 0.1761 0.0285 0.0102
53 0.1351 0.0168 0.0852 0.5913 0.0045 0.1669
54 0.0491 0.2118 0.4553 0.2676 0.0029 0.0132
55 0.1011 0.4824 0.1965 0.1904 0.0237 0.0058
56 0.0683 0.5249 0.3037 0.0831 0.0132 0.0066
57 0.1015 0.3149 0.3860 0.1768 0.0089 0.0119
58 0.1306 0.2578 0.4419 0.0562 0.0431 0.0705
59 0.2429 0.4099 0.2710 0.0311 0.0443 0.0006
60 0.1096 0.3325 0.3796 0.1014 0.0483 0.0286
61 0.2382 0.3257 0.2595 0.1108 0.0631 0.0027
62 0.1077 0.1667 0.1068 0.5552 0.0449 0.0186
63 0.1406 0.1157 0.0866 0.6206 0.0117 0.0250
64 0.0905 0.0536 0.2120 0.5249 0.0856 0.0335
65 0.1667 0.2542 0.3501 0.1483 0.0658 0.0149
66 0.1035 0.1566 0.1119 0.5342 0.0139 0.0800
67 0.0807 0.1405 0.3093 0.3345 0.0446 0.0907
68 0.0720 0.1243 0.1323 0.6118 0.0087 0.0510
69 0.3652 0.1233 0.4270 0.0400 0.0304 0.0142
70 0.1895 0.3223 0.1713 0.2358 0.0394 0.0416
71 0.0113 0.2058 0.3289 0.3967 0.0109 0.0466
72 0.0729 0.0373 0.3145 0.4099 0.0542 0.1112
73 0.0779 0.4482 0.1610 0.2236 0.0205 0.0687
74 0.0432 0.1119 0.3115 0.4192 0.0326 0.0818
75 0.0956 0.4634 0.3994 0.0313 0.0061 0.0041
76 0.0424 0.1899 0.1337 0.5537 0.0515 0.0287
77 0.0440 0.0398 0.1649 0.6128 0.0253 0.1133
78 0.1388 0.1942 0.1388 0.2612 0.1897 0.0773
79 0.1223 0.2957 0.1354 0.3708 0.0446 0.0312
80 0.2058 0.3669 0.1371 0.2208 0.0099 0.0594
81 0.1074 0.0856 0.0721 0.7056 0.0150 0.0146
82 0.1827 0.3750 0.3184 0.0978 0.0167 0.0095
83 0.0947 0.4021 0.2255 0.1236 0.1091 0.0451
84 0.3196 0.2527 0.2338 0.0952 0.0339 0.0649
85 0.1124 0.1313 0.6616 0.0611 0.0086 0.0249
86 0.1110 0.1127 0.2386 0.4321 0.0995 0.0060
87 0.1416 0.1361 0.3191 0.2708 0.1249 0.0077
88 0.4602 0.2261 0.0701 0.0995 0.1085 0.0355
89 0.2161 0.3071 0.2429 0.1241 0.0770 0.0329
90 0.0696 0.2429 0.5103 0.1078 0.0152 0.0542
91 0.0784 0.2651 0.3274 0.1039 0.2216 0.0034
92 0.0493 0.0943 0.4128 0.3267 0.0428 0.0740
93 0.1169 0.1466 0.2676 0.3687 0.0785 0.0220
94 0.2383 0.1703 0.2023 0.3413 0.0315 0.0163
95 0.4021 0.1389 0.3130 0.0798 0.0182 0.0480
96 0.1881 0.1465 0.2632 0.2759 0.0061 0.1205
97 0.2152 0.1152 0.2477 0.1929 0.2085 0.0206
98 0.1086 0.1965 0.2927 0.1086 0.2688 0.0248
99 0.0428 0.1128 0.3555 0.2727 0.2123 0.0039
100 0.2059 0.3318 0.1920 0.2505 0.0066 0.0133
101 0.3391 0.2791 0.0825 0.2367 0.0070 0.0558
102 0.0711 0.1068 0.2561 0.4390 0.0623 0.0648
103 0.1442 0.2163 0.3679 0.2017 0.0364 0.0334
104 0.1052 0.0509 0.1416 0.6499 0.0406 0.0118
105 0.0885 0.0864 0.4221 0.3237 0.0541 0.0250
106 0.2428 0.1581 0.1776 0.2930 0.0478 0.0807
107 0.0658 0.2996 0.4094 0.1774 0.0349 0.0131
108 0.0479 0.0310 0.1047 0.7739 0.0185 0.0239
109 0.0837 0.0667 0.2898 0.4854 0.0395 0.0349
110 0.1748 0.3728 0.1239 0.2192 0.0080 0.1011
111 0.1627 0.0769 0.3696 0.3162 0.0387 0.0358
112 0.1301 0.1807 0.2954 0.3650 0.0138 0.0149
113 0.1033 0.3635 0.2170 0.2659 0.0207 0.0294
114 0.0355 0.3367 0.3213 0.2749 0.0050 0.0266
115 0.5200 0.0876 0.2380 0.0977 0.0312 0.0257
116 0.3772 0.0307 0.0779 0.1853 0.3203 0.0086
117 0.1074 0.1422 0.2615 0.4314 0.0202 0.0374
118 0.0977 0.4844 0.1824 0.1648 0.0343 0.0365
119 0.0685 0.0446 0.1953 0.6016 0.0192 0.0707
120 0.1123 0.1536 0.1243 0.4272 0.0166 0.1660
121 0.0351 0.2400 0.1783 0.5322 0.0091 0.0051
122 0.0972 0.1172 0.1201 0.3904 0.0363 0.2386
123 0.0908 0.1212 0.6450 0.1069 0.0231 0.0132
124 0.0282 0.7500 0.1205 0.0924 0.0079 0.0007
125 0.1796 0.1294 0.4016 0.1187 0.1421 0.0289
126 0.0770 0.5225 0.1193 0.2688 0.0093 0.0030
127 0.0645 0.1324 0.6519 0.0816 0.0569 0.0128
128 0.0367 0.2708 0.4751 0.1027 0.1060 0.0088
129 0.0723 0.0668 0.6343 0.1350 0.0751 0.0166
130 0.0224 0.3870 0.3159 0.2661 0.0065 0.0023
131 0.3242 0.1936 0.1394 0.1862 0.1036 0.0529
132 0.1176 0.3403 0.1464 0.3738 0.0145 0.0073
133 0.0925 0.3862 0.3745 0.1274 0.0158 0.0035
134 0.0283 0.0325 0.1626 0.5010 0.0036 0.2722
135 0.4260 0.1394 0.1681 0.2045 0.0489 0.0131
136 0.0544 0.2151 0.3657 0.3491 0.0145 0.0012
137 0.0211 0.1920 0.3372 0.4260 0.0145 0.0092
138 0.0046 0.0478 0.0740 0.8081 0.0643 0.0012
139 0.2595 0.3306 0.2085 0.0897 0.0811 0.0305
140 0.0299 0.1212 0.0900 0.6548 0.0712 0.0326
141 0.1422 0.1742 0.3835 0.1378 0.1326 0.0298
142 0.0299 0.1505 0.0705 0.6641 0.0781 0.0071
143 0.0519 0.0667 0.1914 0.6177 0.0157 0.0566
144 0.1766 0.2216 0.0573 0.1487 0.0809 0.3149
145 0.1818 0.3020 0.0344 0.0339 0.4065 0.0415
146 0.0905 0.0377 0.2345 0.1945 0.3718 0.0710
147 0.0357 0.1218 0.3606 0.1227 0.3496 0.0095
148 0.2961 0.2379 0.0392 0.1356 0.0797 0.2115
149 0.3894 0.2961 0.1245 0.1455 0.0072 0.0374
150 0.0544 0.0377 0.1812 0.6523 0.0476 0.0269
151 0.0457 0.1302 0.2671 0.5273 0.0192 0.0104
152 0.1076 0.3042 0.5508 0.0222 0.0139 0.0015
153 0.0821 0.3223 0.4724 0.0930 0.0172 0.0131
154 0.0175 0.1924 0.2712 0.3123 0.1251 0.0815
155 0.0146 0.1245 0.6172 0.0939 0.1335 0.0161
156 0.0881 0.0573 0.1880 0.6265 0.0277 0.0125
157 0.0682 0.0583 0.0823 0.7563 0.0211 0.0136
158 0.3196 0.1440 0.4041 0.0808 0.0410 0.0107
159 0.2966 0.0540 0.1564 0.3523 0.1118 0.0289
160 0.1089 0.3545 0.1263 0.3894 0.0078 0.0130
161 0.2397 0.2306 0.2803 0.1687 0.0450 0.0356
162 0.2939 0.1089 0.1399 0.2004 0.1274 0.1294
163 0.0598 0.5547 0.1425 0.1042 0.1359 0.0031
164 0.0737 0.0828 0.5796 0.2148 0.0178 0.0312
165 0.0549 0.2876 0.5127 0.1041 0.0148 0.0261
166 0.1792 0.1029 0.2111 0.2095 0.0691 0.2283
167 0.0195 0.1022 0.0490 0.1375 0.6768 0.0150
168 0.0282 0.2717 0.0842 0.0651 0.5488 0.0019
169 0.1016 0.1943 0.3081 0.3357 0.0197 0.0407
170 0.0569 0.3887 0.3123 0.0457 0.0342 0.1621
171 0.0612 0.2742 0.1716 0.1445 0.3413 0.0073
172 0.0601 0.5615 0.2340 0.1214 0.0029 0.0201
173 0.0978 0.6177 0.1870 0.0869 0.0076 0.0030
174 0.1731 0.1602 0.1639 0.1801 0.1814 0.1414
175 0.1213 0.0620 0.3376 0.3887 0.0072 0.0834
176 0.1619 0.1486 0.3271 0.2712 0.0243 0.0670
177 0.0597 0.4661 0.3518 0.1024 0.0114 0.0087
178 0.0667 0.5371 0.2203 0.1467 0.0070 0.0223
179 0.1302 0.1252 0.2734 0.3484 0.0630 0.0596
180 0.3550 0.3037 0.2023 0.1144 0.0106 0.0142
181 0.2388 0.2191 0.1339 0.3474 0.0240 0.0366
182 0.1691 0.4216 0.2120 0.1758 0.0061 0.0154
183 0.1102 0.2352 0.3091 0.2771 0.0034 0.0648
184 0.0875 0.1196 0.1635 0.5747 0.0197 0.0351
185 0.2159 0.3069 0.2566 0.1876 0.0158 0.0172
186 0.2175 0.1416 0.3115 0.2563 0.0153 0.0576
187 0.4197 0.1028 0.0914 0.2144 0.0690 0.1028
188 0.0520 0.0689 0.1932 0.5591 0.0018 0.1248
189 0.2056 0.5996 0.1058 0.0627 0.0165 0.0102
190 0.2837 0.1693 0.3042 0.1831 0.0099 0.0497
191 0.0759 0.4912 0.3564 0.0391 0.0211 0.0162
192 0.3125 0.2251 0.3542 0.0991 0.0037 0.0054
193 0.1149 0.3650 0.2820 0.2080 0.0079 0.0223
194 0.1677 0.0905 0.1931 0.4893 0.0251 0.0343
195 0.1539 0.0956 0.2661 0.3752 0.0106 0.0986
196 0.0549 0.2769 0.4187 0.2106 0.0023 0.0366
197 0.1619 0.1212 0.4331 0.2230 0.0143 0.0464
198 0.0584 0.0500 0.0948 0.7700 0.0049 0.0220
199 0.1595 0.3738 0.0560 0.3352 0.0518 0.0237
200 0.1827 0.2830 0.1357 0.3308 0.0484 0.0193
201 0.1545 0.3374 0.2356 0.2430 0.0233 0.0061
202 0.1636 0.5366 0.1057 0.0385 0.1525 0.0033
203 0.6929 0.1646 0.0625 0.0423 0.0322 0.0055
204 0.1646 0.3679 0.3767 0.0660 0.0164 0.0084
205 0.1194 0.1807 0.3455 0.2196 0.0125 0.1223
206 0.4458 0.2139 0.1459 0.1370 0.0313 0.0262
207 0.1556 0.2507 0.4070 0.1364 0.0101 0.0403
208 0.2007 0.3931 0.2478 0.0540 0.0289 0.0756
209 0.0665 0.1686 0.5073 0.1313 0.0077 0.1186
210 0.0695 0.1299 0.3423 0.3586 0.0576 0.0422
211 0.0989 0.0264 0.1212 0.6763 0.0113 0.0659
212 0.0529 0.1581 0.0643 0.6011 0.0079 0.1157
213 0.2109 0.0390 0.1682 0.3372 0.0643 0.1804
214 0.3213 0.0818 0.1603 0.2462 0.1027 0.0878
215 0.1198 0.0178 0.0830 0.3132 0.0243 0.4417
216 0.1489 0.0671 0.2201 0.2915 0.0472 0.2252
217 0.2095 0.0859 0.2355 0.1130 0.0873 0.2688
218 0.1221 0.0442 0.2354 0.2930 0.0428 0.2625
219 0.0526 0.2305 0.3459 0.2651 0.0547 0.0510
220 0.0502 0.0587 0.6562 0.1738 0.0153 0.0457
221 0.1354 0.2888 0.4651 0.0999 0.0034 0.0073
222 0.2478 0.3662 0.2744 0.0948 0.0082 0.0086
223 0.1158 0.1752 0.4336 0.1738 0.0302 0.0714
224 0.2072 0.1306 0.3811 0.2137 0.0257 0.0417
225 0.2683 0.4158 0.2424 0.0161 0.0516 0.0057
226 0.1185 0.0284 0.2063 0.3735 0.0853 0.1879
227 0.1296 0.2966 0.2120 0.1871 0.0688 0.1058
228 0.3320 0.2283 0.2318 0.1166 0.0450 0.0464
229 0.0692 0.4651 0.3538 0.0582 0.0471 0.0066
230 0.0535 0.0954 0.5078 0.3032 0.0320 0.0083
231 0.0951 0.1321 0.2627 0.3218 0.1013 0.0873
232 0.2588 0.3025 0.2412 0.0518 0.1046 0.0413
233 0.1967 0.0153 0.2732 0.3145 0.0242 0.1763
234 0.1656 0.0204 0.1819 0.4539 0.0770 0.1013
235 0.0626 0.0882 0.4919 0.2676 0.0310 0.0588
236 0.0982 0.1473 0.4102 0.3245 0.0160 0.0039
237 0.0465 0.1870 0.3440 0.4084 0.0065 0.0076
238 0.0599 0.2859 0.5645 0.0609 0.0098 0.0190
239 0.0235 0.3137 0.5420 0.1035 0.0091 0.0082
240 0.1334 0.4956 0.3301 0.0226 0.0035 0.0148
241 0.1589 0.2681 0.3933 0.1447 0.0259 0.0090
242 0.0838 0.4709 0.3611 0.0554 0.0184 0.0104
243 0.2006 0.2852 0.3577 0.0519 0.0327 0.0721
244 0.0824 0.5811 0.2056 0.1199 0.0036 0.0073
245 0.0849 0.2236 0.5156 0.1410 0.0049 0.0298
246 0.2272 0.1561 0.3281 0.2344 0.0177 0.0365
247 0.0732 0.1943 0.4661 0.2344 0.0083 0.0238
248 0.1201 0.2502 0.2622 0.2026 0.1019 0.0628
249 0.2625 0.2583 0.2505 0.0929 0.0958 0.0399
250 0.1666 0.2812 0.3967 0.0459 0.0658 0.0438
251 0.0048 0.2104 0.5630 0.2072 0.0047 0.0097
252 0.0123 0.1561 0.2871 0.5122 0.0103 0.0220
253 0.0409 0.2603 0.5176 0.1438 0.0135 0.0237
254 0.2225 0.3699 0.3164 0.0347 0.0347 0.0220
255 0.1938 0.2249 0.4834 0.0439 0.0342 0.0198
256 0.0330 0.1663 0.1074 0.6079 0.0536 0.0317
257 0.1431 0.0731 0.0790 0.3027 0.0535 0.3486
258 0.1431 0.0731 0.0790 0.3027 0.0535 0.3486
