time exciting_prob fearful_prob tense_prob sad_prob relaxing_prob neutral_prob
0 0.1136 0.1553 0.1349 0.1288 0.0181 0.4492
1 0.1237 0.0557 0.0811 0.6377 0.0303 0.0715
2 0.0731 0.1064 0.5933 0.1781 0.0295 0.0197
3 0.0528 0.1135 0.4856 0.2991 0.0142 0.0346
4 0.0453 0.1070 0.4797 0.3049 0.0068 0.0564
5 0.0652 0.0308 0.5542 0.2744 0.0162 0.0593
6 0.0723 0.1211 0.3672 0.4097 0.0093 0.0206
7 0.0683 0.2072 0.4597 0.2422 0.0113 0.0114
8 0.1107 0.0574 0.5449 0.2004 0.0079 0.0785
9 0.0536 0.2578 0.4739 0.1915 0.0106 0.0126
10 0.2283 0.1908 0.2732 0.2776 0.0057 0.0244
11 0.2761 0.1489 0.0842 0.2983 0.0809 0.1115
12 0.2078 0.2668 0.1428 0.3374 0.0321 0.0131
13 0.0298 0.3931 0.3362 0.2007 0.0259 0.0144
14 0.0473 0.0617 0.7168 0.1503 0.0009 0.0230
15 0.1158 0.1487 0.3796 0.3147 0.0218 0.0195
16 0.0441 0.4319 0.3752 0.1307 0.0047 0.0133
17 0.1333 0.2130 0.3738 0.1940 0.0043 0.0815
18 0.1225 0.1942 0.3687 0.2474 0.0074 0.0597
19 0.4929 0.3840 0.0265 0.0305 0.0508 0.0151
20 0.1826 0.3181 0.0933 0.3494 0.0523 0.0044
21 0.0150 0.7378 0.1925 0.0416 0.0085 0.0046
22 0.0414 0.0469 0.8706 0.0383 0.0002 0.0026
23 0.0873 0.1606 0.2411 0.4299 0.0162 0.0649
24 0.0139 0.5283 0.4448 0.0115 0.0004 0.0013
25 0.2820 0.1104 0.2668 0.3096 0.0076 0.0235
26 0.0224 0.6646 0.1733 0.1229 0.0136 0.0035
27 0.0241 0.0645 0.7378 0.1243 0.0028 0.0464
28 0.0534 0.3325 0.2048 0.3325 0.0151 0.0615
29 0.1152 0.0883 0.4963 0.1702 0.0184 0.1116
30 0.0955 0.1217 0.4595 0.2830 0.0034 0.0368
31 0.0318 0.2539 0.1639 0.4971 0.0285 0.0247
32 0.0817 0.0527 0.1841 0.6226 0.0171 0.0417
33 0.0464 0.1213 0.5439 0.2197 0.0047 0.0640
34 0.0640 0.0180 0.6660 0.2490 0.0004 0.0024
35 0.0144 0.7378 0.2322 0.0109 0.0011 0.0034
36 0.0296 0.2515 0.1729 0.5000 0.0330 0.0131
37 0.0705 0.0276 0.5635 0.3311 0.0006 0.0069
38 0.0283 0.3579 0.2744 0.3259 0.0026 0.0107
39 0.0275 0.2883 0.6201 0.0279 0.0015 0.0347
40 0.0206 0.2622 0.6494 0.0209 0.0007 0.0463
41 0.0136 0.4089 0.4780 0.0229 0.0005 0.0762
42 0.0293 0.3032 0.4919 0.1661 0.0014 0.0081
43 0.0285 0.1543 0.7593 0.0168 0.0053 0.0358
44 0.0398 0.1207 0.7998 0.0338 0.0006 0.0055
45 0.0707 0.1532 0.7197 0.0422 0.0028 0.0115
46 0.1512 0.4241 0.3201 0.0969 0.0012 0.0063
47 0.1700 0.5156 0.2100 0.0977 0.0019 0.0047
48 0.0861 0.2019 0.6938 0.0076 0.0018 0.0089
49 0.0594 0.3555 0.4387 0.1360 0.0019 0.0086
50 0.0611 0.1063 0.7041 0.0687 0.0032 0.0565
51 0.0669 0.1832 0.6396 0.0729 0.0032 0.0344
52 0.0723 0.2076 0.6201 0.0886 0.0028 0.0087
53 0.0118 0.2129 0.5698 0.1938 0.0013 0.0102
54 0.0453 0.2046 0.4685 0.2627 0.0013 0.0176
55 0.0428 0.2142 0.4902 0.2280 0.0015 0.0231
56 0.0210 0.3689 0.4810 0.1133 0.0009 0.0150
57 0.0446 0.2605 0.6152 0.0419 0.0035 0.0339
58 0.0509 0.1095 0.7139 0.0680 0.0055 0.0521
59 0.0191 0.6245 0.1578 0.1875 0.0093 0.0020
60 0.1818 0.0659 0.1019 0.3140 0.0505 0.2859
61 0.0690 0.0453 0.0929 0.7305 0.0149 0.0474
62 0.1096 0.2888 0.1924 0.3376 0.0163 0.0551
63 0.0541 0.0825 0.0891 0.4387 0.3262 0.0095
64 0.0176 0.5835 0.2756 0.1132 0.0086 0.0012
65 0.0097 0.4023 0.3181 0.2556 0.0107 0.0034
66 0.0077 0.4395 0.4001 0.1404 0.0104 0.0020
67 0.0519 0.1827 0.0222 0.1066 0.6230 0.0135
68 0.0424 0.1099 0.0454 0.2477 0.5410 0.0138
69 0.0604 0.2076 0.0463 0.5601 0.1155 0.0102
70 0.0273 0.4583 0.1609 0.3201 0.0265 0.0070
71 0.0176 0.4604 0.2012 0.2583 0.0567 0.0058
72 0.0195 0.5352 0.1440 0.2412 0.0551 0.0052
73 0.0379 0.3513 0.1195 0.2693 0.1823 0.0397
74 0.0460 0.4507 0.2015 0.2450 0.0329 0.0239
75 0.0348 0.5791 0.1909 0.1534 0.0256 0.0162
76 0.0477 0.2969 0.1423 0.2206 0.1917 0.1010
77 0.0789 0.1510 0.1608 0.4578 0.1301 0.0214
78 0.0141 0.4058 0.3015 0.2578 0.0078 0.0130
79 0.0134 0.4392 0.3367 0.1831 0.0189 0.0086
80 0.1475 0.2214 0.1498 0.4136 0.0370 0.0307
81 0.0881 0.2888 0.1954 0.3708 0.0450 0.0119
82 0.1376 0.0419 0.0203 0.0655 0.7319 0.0028
83 0.0308 0.5093 0.3906 0.0590 0.0023 0.0078
84 0.0657 0.2239 0.0651 0.3494 0.2498 0.0462
85 0.0470 0.1201 0.5640 0.2141 0.0366 0.0181
86 0.0665 0.2979 0.0397 0.2213 0.3706 0.0039
87 0.0365 0.2052 0.3279 0.4019 0.0178 0.0108
88 0.3035 0.0047 0.0346 0.3333 0.0300 0.2942
89 0.0111 0.0634 0.3223 0.5928 0.0029 0.0078
90 0.2399 0.1769 0.0687 0.2306 0.2781 0.0058
91 0.2147 0.2065 0.1097 0.0356 0.4304 0.0029
92 0.0447 0.4551 0.2361 0.1796 0.0779 0.0067
93 0.2106 0.1181 0.3997 0.1317 0.0549 0.0851
94 0.1696 0.4756 0.2795 0.0167 0.0513 0.0073
95 0.1521 0.4333 0.1475 0.2338 0.0316 0.0016
96 0.1179 0.2346 0.2169 0.2966 0.0215 0.1125
97 0.1088 0.6167 0.1726 0.0854 0.0114 0.0053
98 0.0623 0.3091 0.3909 0.1655 0.0638 0.0084
99 0.1135 0.1842 0.1368 0.4453 0.1171 0.0029
100 0.0414 0.7119 0.1887 0.0485 0.0084 0.0008
101 0.2708 0.1630 0.2389 0.0800 0.2427 0.0047
102 0.3096 0.1750 0.1937 0.0347 0.2842 0.0029
103 0.1697 0.3762 0.2014 0.1521 0.0826 0.0179
104 0.0367 0.4717 0.3848 0.0752 0.0254 0.0063
105 0.0939 0.3831 0.1324 0.2593 0.1293 0.0021
106 0.0917 0.3328 0.2715 0.2651 0.0353 0.0036
107 0.3467 0.1526 0.0473 0.3083 0.1295 0.0158
108 0.0558 0.2991 0.3899 0.1423 0.0948 0.0181
109 0.1761 0.1111 0.3115 0.3818 0.0058 0.0134
110 0.0707 0.2817 0.3853 0.2488 0.0084 0.0050
111 0.0456 0.0435 0.3906 0.5093 0.0077 0.0034
112 0.1219 0.3018 0.5132 0.0497 0.0123 0.0011
113 0.1124 0.0829 0.1700 0.6270 0.0041 0.0038
114 0.0991 0.0725 0.1674 0.5444 0.1047 0.0118
115 0.1963 0.2482 0.0576 0.1288 0.3289 0.0405
116 0.2798 0.1725 0.2146 0.2549 0.0748 0.0035
117 0.1890 0.1146 0.0474 0.2484 0.3789 0.0217
118 0.1411 0.4382 0.2273 0.1611 0.0312 0.0011
119 0.1120 0.0609 0.3972 0.0712 0.2729 0.0859
120 0.0502 0.3977 0.1292 0.3567 0.0551 0.0112
121 0.2634 0.4961 0.2068 0.0275 0.0055 0.0008
122 0.1124 0.0779 0.2781 0.5117 0.0168 0.0031
123 0.3213 0.3164 0.2351 0.1136 0.0127 0.0010
124 0.1243 0.0502 0.1158 0.6069 0.0968 0.0061
125 0.3489 0.1825 0.2306 0.2184 0.0097 0.0099
126 0.1104 0.6455 0.1807 0.0586 0.0027 0.0023
127 0.2010 0.3967 0.2686 0.1102 0.0076 0.0160
128 0.1329 0.3369 0.1069 0.3730 0.0449 0.0054
129 0.1370 0.2810 0.4319 0.1267 0.0225 0.0008
130 0.0687 0.2325 0.5493 0.1345 0.0102 0.0049
131 0.1987 0.3950 0.2217 0.0491 0.1323 0.0031
132 0.2139 0.1318 0.0722 0.5337 0.0452 0.0034
133 0.1455 0.3518 0.2615 0.1853 0.0523 0.0038
134 0.0908 0.3071 0.1260 0.4434 0.0273 0.0055
135 0.1136 0.1553 0.1349 0.1288 0.0181 0.4492
136 0.1318 0.2622 0.3472 0.2350 0.0106 0.0133
137 0.0109 0.1895 0.2471 0.5396 0.0055 0.0073
138 0.0189 0.3914 0.4297 0.1532 0.0048 0.0019
139 0.0078 0.5142 0.3882 0.0866 0.0014 0.0018
140 0.0110 0.5142 0.2245 0.2466 0.0019 0.0020
141 0.0352 0.1393 0.2483 0.4861 0.0381 0.0529
142 0.0842 0.6030 0.1912 0.0640 0.0164 0.0414
143 0.0243 0.4922 0.2986 0.1324 0.0058 0.0468
144 0.0171 0.5366 0.3806 0.0451 0.0033 0.0173
145 0.0676 0.6465 0.1622 0.0855 0.0104 0.0275
146 0.0094 0.3750 0.3928 0.1689 0.0046 0.0492
147 0.0093 0.6699 0.2280 0.0695 0.0028 0.0202
148 0.0072 0.2421 0.5991 0.1198 0.0023 0.0296
149 0.0140 0.3469 0.2385 0.3635 0.0110 0.0259
150 0.0208 0.4377 0.3462 0.1586 0.0117 0.0251
151 0.0320 0.4817 0.2922 0.1539 0.0074 0.0328
152 0.0180 0.2449 0.6060 0.1290 0.0003 0.0019
153 0.0337 0.3301 0.0903 0.5034 0.0362 0.0063
154 0.0297 0.3323 0.1104 0.4758 0.0419 0.0100
155 0.0366 0.2043 0.6597 0.0965 0.0003 0.0028
156 0.0344 0.2483 0.6646 0.0512 0.0004 0.0014
157 0.0469 0.0721 0.1458 0.7285 0.0041 0.0023
158 0.0525 0.1165 0.1103 0.7139 0.0062 0.0007
159 0.1439 0.0833 0.1373 0.4297 0.0619 0.1439
160 0.0870 0.0481 0.0380 0.2991 0.2556 0.2722
161 0.0941 0.6743 0.0994 0.1127 0.0175 0.0020
162 0.1285 0.4382 0.2070 0.1899 0.0225 0.0138
163 0.1017 0.1538 0.0672 0.1870 0.4890 0.0012
164 0.4680 0.1819 0.1472 0.1427 0.0453 0.0148
165 0.1761 0.3760 0.0852 0.0734 0.2815 0.0077
166 0.1367 0.0726 0.0462 0.3896 0.3491 0.0056
167 0.0830 0.2310 0.4966 0.1771 0.0069 0.0053
168 0.1460 0.1530 0.2859 0.2369 0.0128 0.1654
169 0.0838 0.3018 0.5728 0.0276 0.0007 0.0137
170 0.0007 0.9766 0.0203 0.0023 0.0002 0.0001
171 0.0045 0.8711 0.1179 0.0057 0.0004 0.0005
172 0.2196 0.2932 0.0482 0.0615 0.3765 0.0008
173 0.4348 0.1357 0.1326 0.1490 0.1074 0.0404
174 0.0754 0.3892 0.1727 0.2593 0.0698 0.0335
175 0.1206 0.3984 0.0903 0.2003 0.1648 0.0255
176 0.1631 0.2649 0.0937 0.3374 0.1251 0.0160
177 0.0146 0.0252 0.0906 0.8467 0.0082 0.0148
178 0.1454 0.3127 0.1366 0.2019 0.0168 0.1866
179 0.1986 0.4475 0.1186 0.1123 0.0440 0.0790
180 0.1047 0.5747 0.2097 0.0406 0.0204 0.0498
181 0.0497 0.2014 0.6504 0.0753 0.0182 0.0052
182 0.0587 0.1522 0.7261 0.0582 0.0025 0.0021
183 0.2422 0.1458 0.3062 0.0891 0.2087 0.0080
184 0.2487 0.1520 0.3347 0.0486 0.2126 0.0034
185 0.3364 0.4563 0.1228 0.0462 0.0355 0.0028
186 0.2467 0.2507 0.3218 0.0605 0.1175 0.0029
187 0.1401 0.3606 0.2722 0.0673 0.1552 0.0045
188 0.2607 0.3916 0.1685 0.0241 0.1475 0.0077
189 0.0233 0.3528 0.2462 0.3640 0.0072 0.0067
190 0.1010 0.1180 0.0744 0.6182 0.0408 0.0477
191 0.1025 0.0891 0.0323 0.6792 0.0455 0.0515
192 0.3120 0.0426 0.0271 0.4265 0.1384 0.0534
193 0.3259 0.3870 0.1691 0.0652 0.0041 0.0488
194 0.1780 0.1055 0.4404 0.2321 0.0064 0.0376
195 0.0682 0.1433 0.3032 0.3716 0.0135 0.1000
196 0.1526 0.1099 0.1501 0.3835 0.0282 0.1755
197 0.0458 0.1599 0.5239 0.2595 0.0040 0.0066
198 0.0674 0.0865 0.2837 0.5220 0.0114 0.0290
199 0.3555 0.0222 0.0204 0.4492 0.1228 0.0301
200 0.3701 0.0497 0.0238 0.3066 0.2012 0.0485
201 0.2998 0.0789 0.0290 0.2817 0.2930 0.0177
202 0.0247 0.1141 0.6270 0.2003 0.0043 0.0298
203 0.0377 0.1124 0.3743 0.3408 0.0054 0.1294
204 0.4124 0.1349 0.0355 0.1110 0.2812 0.0251
205 0.3071 0.1805 0.0337 0.0770 0.3535 0.0482
206 0.0160 0.1658 0.7090 0.1071 0.0006 0.0017
207 0.0124 0.3928 0.5454 0.0484 0.0004 0.0007
208 0.0955 0.2578 0.2537 0.2103 0.1266 0.0562
209 0.1058 0.3550 0.2120 0.1171 0.1758 0.0343
210 0.0283 0.4026 0.4634 0.1017 0.0014 0.0028
211 0.0200 0.2959 0.6460 0.0359 0.0003 0.0019
212 0.0340 0.2067 0.5615 0.1941 0.0012 0.0025
213 0.1643 0.0788 0.1165 0.3701 0.2142 0.0559
214 0.0678 0.4529 0.3499 0.1084 0.0060 0.0150
215 0.0608 0.2347 0.0349 0.3840 0.2832 0.0022
216 0.4807 0.0307 0.0324 0.2455 0.1477 0.0630
217 0.4358 0.0648 0.0148 0.1519 0.2664 0.0663
218 0.5356 0.0483 0.0277 0.1196 0.1956 0.0731
219 0.0302 0.3591 0.5146 0.0840 0.0005 0.0117
220 0.2666 0.3674 0.1342 0.1250 0.0735 0.0334
221 0.0405 0.2087 0.2598 0.4854 0.0034 0.0024
222 0.4509 0.0630 0.0403 0.3738 0.0708 0.0012
223 0.3779 0.0184 0.0188 0.3838 0.1703 0.0308
224 0.0307 0.4336 0.4138 0.1122 0.0007 0.0091
225 0.1464 0.3123 0.1780 0.3430 0.0088 0.0115
226 0.2032 0.2957 0.3484 0.1223 0.0117 0.0185
227 0.1649 0.1688 0.4807 0.1501 0.0251 0.0104
228 0.1271 0.3220 0.3271 0.1710 0.0058 0.0468
229 0.0615 0.2732 0.6353 0.0216 0.0013 0.0070
230 0.0690 0.4500 0.2771 0.1935 0.0007 0.0096
231 0.1631 0.2094 0.4131 0.1833 0.0027 0.0283
232 0.2278 0.1830 0.2295 0.3137 0.0038 0.0421
233 0.0416 0.3352 0.5977 0.0218 0.0013 0.0023
234 0.4463 0.1249 0.2505 0.1289 0.0403 0.0092
235 0.2269 0.1838 0.3276 0.2100 0.0140 0.0376
236 0.1608 0.3223 0.3430 0.1407 0.0201 0.0131
237 0.1171 0.3159 0.4893 0.0512 0.0165 0.0099
238 0.1915 0.4119 0.2422 0.0756 0.0589 0.0199
239 0.0897 0.4734 0.2783 0.1489 0.0021 0.0078
240 0.1427 0.4194 0.3879 0.0355 0.0077 0.0067
241 0.1082 0.4214 0.4348 0.0196 0.0127 0.0034
242 0.0077 0.3210 0.6387 0.0289 0.0001 0.0037
243 0.0143 0.0371 0.8438 0.0284 0.0003 0.0760
244 0.0885 0.1200 0.6963 0.0745 0.0042 0.0168
245 0.1095 0.1937 0.6401 0.0457 0.0086 0.0026
246 0.0863 0.1246 0.6040 0.1492 0.0079 0.0280
247 0.0258 0.6011 0.3374 0.0221 0.0006 0.0129
248 0.1169 0.1549 0.5283 0.1598 0.0012 0.0392
249 0.0652 0.2483 0.5596 0.1068 0.0004 0.0197
250 0.0521 0.0679 0.5093 0.1934 0.0011 0.1760
251 0.0392 0.2717 0.5405 0.1206 0.0006 0.0275
252 0.0157 0.3479 0.5830 0.0479 0.0002 0.0055
253 0.0259 0.3279 0.5576 0.0709 0.0002 0.0175
254 0.0454 0.1635 0.6826 0.0939 0.0009 0.0138
255 0.0466 0.2578 0.5049 0.1744 0.0012 0.0152
256 0.0243 0.1072 0.7920 0.0671 0.0007 0.0089
257 0.1031 0.3057 0.5000 0.0715 0.0181 0.0019
258 0.1321 0.4399 0.1138 0.2688 0.0393 0.0060
259 0.1469 0.2681 0.3416 0.1626 0.0667 0.0141
260 0.0617 0.1873 0.4153 0.2944 0.0292 0.0120
261 0.2260 0.1101 0.1136 0.2620 0.2769 0.0115
262 0.1566 0.2859 0.2903 0.2563 0.0076 0.0033
263 0.1890 0.1299 0.1102 0.1890 0.3643 0.0180
264 0.0888 0.4473 0.1671 0.2080 0.0453 0.0433
265 0.2211 0.4131 0.1696 0.1763 0.0168 0.0032
266 0.1646 0.4043 0.2888 0.1322 0.0078 0.0023
267 0.2617 0.0704 0.0646 0.2966 0.2742 0.0325
268 0.0698 0.2986 0.3657 0.2150 0.0317 0.0192
269 0.1053 0.1250 0.3792 0.3733 0.0106 0.0068
270 0.1205 0.2983 0.4443 0.1205 0.0150 0.0012
271 0.2411 0.4006 0.1606 0.1462 0.0501 0.0014
272 0.1306 0.3662 0.2517 0.1074 0.1390 0.0051
273 0.0844 0.4634 0.3782 0.0699 0.0025 0.0017
274 0.0421 0.2598 0.4705 0.2189 0.0030 0.0057
275 0.2632 0.0245 0.0175 0.4141 0.2473 0.0335
276 0.0325 0.1228 0.6045 0.2089 0.0004 0.0308
277 0.0235 0.1036 0.7656 0.0929 0.0008 0.0134
278 0.0596 0.1476 0.3379 0.4338 0.0012 0.0197
279 0.1082 0.1099 0.1550 0.5581 0.0018 0.0667
280 0.1387 0.2147 0.3433 0.2590 0.0018 0.0426
281 0.1372 0.1816 0.2903 0.3557 0.0017 0.0334
282 0.0760 0.2473 0.4766 0.1584 0.0028 0.0388
283 0.2441 0.1338 0.0520 0.1962 0.0240 0.3499
284 0.1743 0.0651 0.1025 0.3206 0.0455 0.2920
285 0.1136 0.1553 0.1349 0.1288 0.0181 0.4492
