time exciting_prob fearful_prob tense_prob sad_prob relaxing_prob neutral_prob
0 0.1498 0.1646 0.1954 0.2798 0.0719 0.1385
1 0.0267 0.6187 0.2384 0.0762 0.0167 0.0234
2 0.0618 0.0988 0.3784 0.3726 0.0459 0.0424
3 0.2493 0.4514 0.1548 0.0147 0.1224 0.0072
4 0.1328 0.4287 0.3499 0.0123 0.0678 0.0084
5 0.0290 0.5835 0.3650 0.0117 0.0049 0.0059
6 0.0660 0.4658 0.3684 0.0376 0.0089 0.0531
7 0.0623 0.3940 0.4329 0.0266 0.0033 0.0807
8 0.2058 0.1505 0.2993 0.0390 0.1210 0.1844
9 0.2094 0.4036 0.2566 0.0690 0.0419 0.0196
10 0.2208 0.2581 0.3262 0.0512 0.0118 0.1318
11 0.5303 0.2837 0.0936 0.0186 0.0415 0.0326
12 0.4141 0.3027 0.1243 0.0214 0.0725 0.0650
13 0.3308 0.0933 0.1975 0.0715 0.0612 0.2457
14 0.0418 0.3665 0.5767 0.0058 0.0008 0.0086
15 0.2522 0.4224 0.1934 0.0279 0.0467 0.0576
16 0.2443 0.3696 0.1075 0.1436 0.0485 0.0864
17 0.1194 0.3481 0.1104 0.0391 0.3374 0.0457
18 0.0373 0.5151 0.3828 0.0203 0.0047 0.0400
19 0.0522 0.7920 0.1488 0.0015 0.0051 0.0005
20 0.2881 0.3020 0.3066 0.0155 0.0563 0.0316
21 0.4084 0.1503 0.1057 0.0161 0.2830 0.0365
22 0.4219 0.1887 0.1075 0.0338 0.1317 0.1163
23 0.2223 0.2810 0.2172 0.0283 0.0184 0.2329
24 0.2812 0.0762 0.1787 0.1392 0.0647 0.2600
25 0.0934 0.1219 0.3582 0.2073 0.0213 0.1979
26 0.1495 0.5181 0.2372 0.0165 0.0302 0.0486
27 0.2235 0.2781 0.3572 0.0208 0.0243 0.0961
28 0.1736 0.3245 0.3508 0.0600 0.0400 0.0513
29 0.1895 0.3540 0.1621 0.1522 0.1252 0.0171
30 0.5088 0.2120 0.2441 0.0044 0.0212 0.0095
31 0.0667 0.3438 0.3228 0.1000 0.0636 0.1032
32 0.3916 0.3220 0.1407 0.0078 0.1157 0.0221
33 0.0538 0.1605 0.3293 0.1138 0.0859 0.2566
34 0.1851 0.3403 0.4509 0.0072 0.0103 0.0061
35 0.3879 0.2159 0.1531 0.0187 0.1891 0.0352
36 0.3369 0.3215 0.2092 0.0124 0.0659 0.0541
37 0.1614 0.1528 0.4971 0.0119 0.0064 0.1704
38 0.4939 0.1320 0.2686 0.0112 0.0668 0.0276
39 0.5820 0.1996 0.1138 0.0149 0.0406 0.0489
40 0.3684 0.2286 0.3433 0.0151 0.0189 0.0257
41 0.5254 0.1692 0.1589 0.0452 0.0366 0.0648
42 0.1335 0.0671 0.2134 0.0773 0.0351 0.4734
43 0.2720 0.2256 0.3777 0.0305 0.0118 0.0823
44 0.4067 0.2212 0.2930 0.0082 0.0183 0.0525
45 0.2676 0.1512 0.1810 0.1225 0.0359 0.2417
46 0.2151 0.3279 0.4346 0.0048 0.0030 0.0146
47 0.2573 0.2676 0.4048 0.0105 0.0182 0.0417
48 0.3147 0.2527 0.2469 0.0104 0.0471 0.1281
49 0.1556 0.3975 0.4165 0.0130 0.0034 0.0139
50 0.4834 0.2196 0.1475 0.0214 0.0930 0.0353
51 0.6006 0.1543 0.1875 0.0125 0.0174 0.0277
52 0.3232 0.1758 0.2991 0.0786 0.0184 0.1050
53 0.2842 0.3650 0.2113 0.0277 0.0498 0.0620
54 0.1328 0.6436 0.1328 0.0459 0.0435 0.0014
55 0.1333 0.4336 0.2756 0.0808 0.0748 0.0022
56 0.3811 0.3469 0.0978 0.0125 0.1614 0.0004
57 0.0853 0.0453 0.5391 0.1982 0.0997 0.0326
58 0.2896 0.2021 0.1742 0.1108 0.0320 0.1914
59 0.2249 0.2319 0.1232 0.0808 0.1037 0.2356
60 0.3069 0.2262 0.3503 0.0268 0.0256 0.0643
61 0.2437 0.3894 0.1636 0.0135 0.1869 0.0029
62 0.4875 0.1149 0.1030 0.0796 0.0649 0.1499
63 0.3562 0.2729 0.2194 0.0981 0.0246 0.0288
64 0.5356 0.2434 0.1794 0.0186 0.0104 0.0125
65 0.1295 0.3718 0.3550 0.0693 0.0122 0.0622
66 0.0792 0.0575 0.0780 0.0750 0.0042 0.7061
67 0.2047 0.2798 0.3481 0.0133 0.0494 0.1046
68 0.1301 0.5396 0.2394 0.0190 0.0510 0.0212
69 0.3022 0.3762 0.2627 0.0144 0.0074 0.0370
70 0.0658 0.6099 0.2107 0.0493 0.0270 0.0375
71 0.3875 0.3875 0.1471 0.0057 0.0415 0.0306
72 0.3538 0.2338 0.2031 0.0182 0.1533 0.0379
73 0.1570 0.6509 0.1063 0.0510 0.0258 0.0090
74 0.3635 0.4385 0.0905 0.0593 0.0383 0.0100
75 0.3413 0.5581 0.0566 0.0267 0.0136 0.0036
76 0.2100 0.6123 0.1081 0.0427 0.0245 0.0026
77 0.1558 0.3245 0.4722 0.0110 0.0091 0.0273
78 0.1467 0.5122 0.2964 0.0132 0.0126 0.0187
79 0.3857 0.1071 0.1711 0.2590 0.0226 0.0543
80 0.3823 0.3218 0.2468 0.0419 0.0053 0.0019
81 0.0607 0.0773 0.0346 0.0019 0.8247 0.0009
82 0.2286 0.4512 0.1881 0.0909 0.0141 0.0271
83 0.1416 0.5869 0.2125 0.0040 0.0471 0.0078
84 0.1068 0.3875 0.4060 0.0477 0.0449 0.0072
85 0.1059 0.1181 0.7583 0.0040 0.0086 0.0051
86 0.1904 0.6006 0.1230 0.0226 0.0478 0.0156
87 0.3196 0.3511 0.2469 0.0281 0.0510 0.0035
88 0.3945 0.1139 0.4070 0.0464 0.0350 0.0033
89 0.1396 0.3171 0.5186 0.0075 0.0059 0.0111
90 0.2025 0.3137 0.3418 0.0537 0.0143 0.0739
91 0.2202 0.1783 0.0925 0.4312 0.0743 0.0035
92 0.2086 0.2308 0.5283 0.0072 0.0181 0.0067
93 0.2664 0.0695 0.3315 0.2581 0.0254 0.0493
94 0.2778 0.3223 0.3149 0.0117 0.0676 0.0057
95 0.2576 0.1650 0.4775 0.0427 0.0507 0.0065
96 0.1458 0.2402 0.5088 0.0580 0.0148 0.0325
97 0.3308 0.2498 0.2578 0.0111 0.1009 0.0496
98 0.2661 0.2539 0.3262 0.0445 0.0229 0.0864
99 0.1912 0.2759 0.3228 0.0312 0.0414 0.1377
100 0.0917 0.4480 0.4343 0.0074 0.0166 0.0019
101 0.1572 0.4275 0.3923 0.0087 0.0070 0.0074
102 0.0571 0.2722 0.3608 0.2024 0.0134 0.0941
103 0.0430 0.6465 0.2166 0.0150 0.0077 0.0714
104 0.1833 0.4399 0.3218 0.0262 0.0151 0.0135
105 0.1526 0.1798 0.3059 0.2917 0.0155 0.0544
106 0.2852 0.2327 0.3521 0.0291 0.0767 0.0245
107 0.3086 0.2172 0.3208 0.0098 0.1180 0.0255
108 0.2537 0.0863 0.2440 0.0036 0.4023 0.0100
109 0.3564 0.1222 0.2356 0.0063 0.2754 0.0040
110 0.2761 0.4343 0.1421 0.0145 0.1098 0.0234
111 0.5713 0.0557 0.0607 0.2573 0.0322 0.0228
112 0.1223 0.3298 0.5312 0.0068 0.0060 0.0035
113 0.1294 0.1206 0.6621 0.0101 0.0038 0.0737
114 0.2319 0.2886 0.1923 0.0337 0.0486 0.2047
115 0.1562 0.4485 0.2186 0.0626 0.0836 0.0305
116 0.2759 0.1547 0.2759 0.1105 0.0841 0.0991
117 0.4185 0.2311 0.2460 0.0164 0.0528 0.0354
118 0.3171 0.3650 0.2213 0.0061 0.0840 0.0064
119 0.0963 0.1058 0.4595 0.1337 0.1638 0.0411
120 0.3049 0.1646 0.3511 0.0930 0.0241 0.0624
121 0.3025 0.1086 0.1777 0.1937 0.0505 0.1670
122 0.2734 0.1131 0.3887 0.1487 0.0337 0.0426
123 0.5659 0.2216 0.1398 0.0253 0.0324 0.0153
124 0.0766 0.3225 0.5659 0.0128 0.0150 0.0069
125 0.4709 0.1802 0.2581 0.0303 0.0554 0.0049
126 0.1675 0.1742 0.5322 0.0903 0.0239 0.0118
127 0.2917 0.1598 0.2437 0.0876 0.0362 0.1810
128 0.4070 0.1632 0.1311 0.0133 0.2671 0.0183
129 0.3181 0.1091 0.1066 0.0756 0.2136 0.1771
130 0.4431 0.1876 0.2751 0.0258 0.0490 0.0195
131 0.1411 0.5366 0.2186 0.0368 0.0346 0.0320
132 0.2247 0.1863 0.3535 0.0759 0.0356 0.1241
133 0.1588 0.2188 0.2744 0.0673 0.0786 0.2023
134 0.0316 0.5093 0.4158 0.0115 0.0048 0.0270
135 0.3098 0.0821 0.2096 0.0930 0.1570 0.1486
136 0.2886 0.4070 0.2712 0.0109 0.0122 0.0100
137 0.2322 0.2413 0.1621 0.3027 0.0241 0.0376
138 0.0920 0.6855 0.2058 0.0075 0.0046 0.0047
139 0.2607 0.5312 0.1282 0.0373 0.0356 0.0071
140 0.3640 0.0717 0.2424 0.1517 0.0113 0.1589
141 0.3367 0.1339 0.3584 0.0648 0.0396 0.0668
142 0.5200 0.0993 0.1316 0.0985 0.0621 0.0883
143 0.1985 0.2047 0.5396 0.0085 0.0416 0.0073
144 0.0774 0.3931 0.5049 0.0027 0.0177 0.0044
145 0.4485 0.3254 0.0904 0.0280 0.0933 0.0145
146 0.1953 0.3823 0.1176 0.0356 0.1984 0.0707
147 0.1473 0.2627 0.5225 0.0378 0.0128 0.0169
148 0.3638 0.3015 0.3015 0.0118 0.0181 0.0031
149 0.0754 0.3301 0.5034 0.0204 0.0498 0.0211
150 0.6177 0.1702 0.1812 0.0087 0.0143 0.0080
151 0.1687 0.1064 0.5659 0.0241 0.0616 0.0731
152 0.2155 0.1678 0.4285 0.0341 0.0126 0.1414
153 0.2515 0.2020 0.3604 0.0430 0.1008 0.0424
154 0.6631 0.0223 0.0184 0.0019 0.2920 0.0021
155 0.5107 0.1166 0.2112 0.0429 0.0279 0.0908
156 0.3157 0.2238 0.1625 0.0274 0.1108 0.1599
157 0.1072 0.2399 0.6318 0.0087 0.0066 0.0057
158 0.3413 0.1664 0.4666 0.0099 0.0092 0.0068
159 0.1569 0.0908 0.3882 0.1078 0.2014 0.0551
160 0.3831 0.2847 0.1852 0.0192 0.1187 0.0093
161 0.6162 0.0714 0.0719 0.0297 0.1233 0.0874
162 0.3691 0.2703 0.3013 0.0066 0.0371 0.0155
163 0.0631 0.7109 0.1826 0.0171 0.0084 0.0179
164 0.2351 0.2502 0.3091 0.0432 0.1043 0.0581
165 0.0651 0.8184 0.0862 0.0191 0.0065 0.0046
166 0.0801 0.4573 0.3733 0.0400 0.0299 0.0193
167 0.1666 0.1732 0.3555 0.0769 0.1830 0.0448
168 0.1014 0.0909 0.4841 0.1672 0.0854 0.0708
169 0.0926 0.1134 0.3896 0.1599 0.0941 0.1503
170 0.1711 0.0522 0.1765 0.4104 0.0457 0.1440
171 0.2939 0.1489 0.3081 0.1216 0.1057 0.0218
172 0.2891 0.2251 0.2693 0.0784 0.1224 0.0157
173 0.1732 0.1528 0.5010 0.0700 0.0745 0.0283
174 0.3677 0.3193 0.2566 0.0128 0.0288 0.0148
175 0.2306 0.3599 0.3328 0.0125 0.0395 0.0247
176 0.1781 0.2360 0.5073 0.0188 0.0153 0.0443
177 0.0343 0.3899 0.5166 0.0251 0.0054 0.0285
178 0.1501 0.3203 0.3547 0.0386 0.0465 0.0897
179 0.0153 0.8208 0.1566 0.0022 0.0044 0.0009
180 0.1923 0.2979 0.3706 0.0187 0.0100 0.1104
181 0.1718 0.1588 0.1306 0.0285 0.0285 0.4817
182 0.6748 0.1530 0.0751 0.0057 0.0529 0.0387
183 0.1434 0.2764 0.0985 0.1025 0.3718 0.0074
184 0.0970 0.3777 0.0359 0.0398 0.4485 0.0011
185 0.1243 0.3223 0.4839 0.0176 0.0510 0.0008
186 0.1917 0.1564 0.4456 0.0642 0.0786 0.0637
187 0.1295 0.4885 0.0890 0.0410 0.2202 0.0317
188 0.2395 0.2080 0.1522 0.1453 0.2357 0.0192
189 0.2847 0.3354 0.2493 0.0417 0.0714 0.0176
190 0.2177 0.2998 0.2076 0.0250 0.2372 0.0129
191 0.1189 0.4775 0.1855 0.0287 0.1771 0.0122
192 0.0696 0.4067 0.4983 0.0149 0.0042 0.0062
193 0.4661 0.2418 0.1284 0.0218 0.1151 0.0269
194 0.3010 0.2496 0.2678 0.0621 0.0351 0.0843
195 0.2607 0.1353 0.1877 0.2161 0.0211 0.1792
196 0.2524 0.0893 0.3728 0.0988 0.0537 0.1329
197 0.1393 0.1299 0.6050 0.0921 0.0204 0.0133
198 0.1976 0.1886 0.1218 0.3013 0.0392 0.1515
199 0.6548 0.0859 0.1300 0.0442 0.0226 0.0624
200 0.4250 0.2239 0.2788 0.0121 0.0234 0.0368
201 0.5171 0.1541 0.1815 0.0134 0.0781 0.0558
202 0.1479 0.4382 0.3960 0.0099 0.0041 0.0038
203 0.0967 0.4990 0.3594 0.0239 0.0044 0.0167
204 0.1815 0.5771 0.1482 0.0452 0.0355 0.0126
205 0.3582 0.1759 0.2703 0.1247 0.0580 0.0131
206 0.6650 0.0981 0.0873 0.0299 0.0482 0.0712
207 0.1273 0.5034 0.3103 0.0125 0.0253 0.0210
208 0.0676 0.3252 0.3103 0.0267 0.0091 0.2612
209 0.2952 0.2817 0.3674 0.0090 0.0331 0.0138
210 0.1141 0.5752 0.2378 0.0117 0.0141 0.0472
211 0.1155 0.6650 0.1508 0.0355 0.0149 0.0183
212 0.0541 0.6338 0.3088 0.0008 0.0023 0.0004
213 0.4487 0.1757 0.3206 0.0148 0.0096 0.0305
214 0.0710 0.6089 0.2878 0.0128 0.0149 0.0043
215 0.4431 0.2861 0.2448 0.0082 0.0083 0.0094
216 0.1361 0.6753 0.1289 0.0409 0.0125 0.0062
217 0.3401 0.1498 0.1893 0.0514 0.1062 0.1632
218 0.4050 0.0810 0.1729 0.1854 0.0677 0.0883
219 0.7598 0.1028 0.0718 0.0321 0.0331 0.0002
220 0.8945 0.0406 0.0381 0.0123 0.0050 0.0093
221 0.1428 0.3704 0.3762 0.0356 0.0060 0.0690
222 0.1359 0.4185 0.3870 0.0247 0.0240 0.0102
223 0.4753 0.2335 0.1495 0.0069 0.0872 0.0474
224 0.0883 0.6621 0.1840 0.0385 0.0048 0.0221
225 0.1893 0.0370 0.1385 0.2798 0.0127 0.3428
226 0.2168 0.5625 0.1663 0.0332 0.0080 0.0134
227 0.1014 0.2491 0.6362 0.0042 0.0055 0.0037
228 0.3735 0.3677 0.1364 0.0083 0.0887 0.0256
229 0.3232 0.4216 0.1576 0.0155 0.0652 0.0170
230 0.2439 0.0756 0.1285 0.3083 0.0732 0.1703
231 0.1747 0.0541 0.0643 0.0995 0.0524 0.5552
232 0.4451 0.0672 0.0532 0.0263 0.1587 0.2496
233 0.4451 0.0672 0.0532 0.0263 0.1587 0.2496
234 0.2754 0.0765 0.0718 0.0373 0.1569 0.3823
