time exciting_prob fearful_prob tense_prob sad_prob relaxing_prob neutral_prob
0 0.3477 0.0453 0.0537 0.2029 0.3069 0.0435
1 0.4490 0.0492 0.0667 0.0652 0.3416 0.0283
2 0.3789 0.0563 0.0663 0.0734 0.3970 0.0281
3 0.4836 0.0605 0.0494 0.0923 0.2800 0.0340
4 0.2983 0.0803 0.1023 0.0903 0.4207 0.0081
5 0.3762 0.0771 0.0952 0.0475 0.3975 0.0065
6 0.5024 0.0707 0.2195 0.1193 0.0741 0.0143
7 0.2152 0.3083 0.2021 0.0255 0.2457 0.0030
8 0.2257 0.3691 0.1946 0.0291 0.1799 0.0014
9 0.3069 0.3269 0.1581 0.0252 0.1819 0.0011
10 0.2942 0.2421 0.2401 0.0404 0.1813 0.0018
11 0.2524 0.2795 0.1580 0.0336 0.2751 0.0013
12 0.1654 0.4094 0.2191 0.0301 0.1747 0.0012
13 0.3213 0.2368 0.1459 0.0347 0.2600 0.0014
14 0.3523 0.4055 0.1600 0.0187 0.0627 0.0009
15 0.1685 0.2910 0.3567 0.0724 0.1022 0.0092
16 0.2852 0.3809 0.2102 0.0469 0.0756 0.0014
17 0.1946 0.3257 0.1445 0.0280 0.3059 0.0011
18 0.2490 0.2285 0.4761 0.0125 0.0329 0.0010
19 0.5869 0.0914 0.2644 0.0107 0.0460 0.0006
20 0.3127 0.2437 0.2437 0.1356 0.0626 0.0018
21 0.3169 0.2607 0.3047 0.0406 0.0712 0.0059
22 0.5068 0.0895 0.2375 0.0620 0.0945 0.0096
23 0.5815 0.0845 0.2834 0.0147 0.0338 0.0019
24 0.5415 0.0817 0.2292 0.0727 0.0662 0.0088
25 0.4131 0.0659 0.4536 0.0072 0.0577 0.0025
26 0.2010 0.2074 0.2791 0.0516 0.2502 0.0106
27 0.3962 0.1731 0.3579 0.0194 0.0508 0.0024
28 0.7466 0.0695 0.1219 0.0102 0.0508 0.0009
29 0.2927 0.3643 0.1350 0.0541 0.1320 0.0219
30 0.5000 0.1143 0.2327 0.0836 0.0636 0.0057
31 0.4993 0.2715 0.1766 0.0241 0.0271 0.0013
32 0.6206 0.1231 0.2128 0.0180 0.0246 0.0011
33 0.4487 0.1886 0.2764 0.0060 0.0798 0.0004
34 0.1311 0.0198 0.7910 0.0020 0.0560 0.0001
35 0.1157 0.0286 0.7202 0.0062 0.1290 0.0004
36 0.3474 0.0445 0.4785 0.0024 0.1268 0.0002
37 0.2274 0.1515 0.4629 0.0704 0.0863 0.0015
38 0.1788 0.1128 0.6440 0.0229 0.0405 0.0010
39 0.4756 0.0989 0.3245 0.0175 0.0826 0.0010
40 0.5063 0.0674 0.2908 0.0765 0.0568 0.0021
41 0.2473 0.0423 0.4341 0.0457 0.2286 0.0020
42 0.8032 0.0670 0.1130 0.0078 0.0082 0.0009
43 0.7100 0.0569 0.2148 0.0017 0.0164 0.0001
44 0.5913 0.1164 0.1775 0.0618 0.0529 0.0004
45 0.4016 0.1098 0.3601 0.0021 0.1263 0.0001
46 0.3777 0.1526 0.1841 0.2185 0.0232 0.0441
47 0.2222 0.0253 0.7397 0.0017 0.0107 0.0000
48 0.5977 0.1214 0.1809 0.0258 0.0731 0.0012
49 0.0075 0.0045 0.0182 0.0005 0.9692 0.0000
50 0.5342 0.1069 0.2502 0.0168 0.0914 0.0004
51 0.7300 0.0554 0.1382 0.0074 0.0690 0.0001
52 0.3743 0.1335 0.4377 0.0197 0.0345 0.0002
53 0.6011 0.0846 0.2751 0.0144 0.0242 0.0003
54 0.4436 0.1375 0.3621 0.0078 0.0486 0.0002
55 0.2289 0.4343 0.2101 0.0346 0.0842 0.0078
56 0.3245 0.2079 0.3977 0.0091 0.0605 0.0002
57 0.2168 0.0792 0.1389 0.3306 0.2168 0.0177
58 0.2559 0.0395 0.2876 0.2810 0.0870 0.0492
59 0.1315 0.1378 0.1798 0.3206 0.0904 0.1400
60 0.4946 0.1439 0.2566 0.0542 0.0482 0.0023
61 0.4761 0.1251 0.3679 0.0109 0.0198 0.0003
62 0.5186 0.0450 0.1953 0.0783 0.1619 0.0009
63 0.1890 0.0690 0.6802 0.0014 0.0604 0.0001
64 0.5527 0.0895 0.2360 0.0578 0.0616 0.0023
65 0.7930 0.0401 0.1216 0.0038 0.0414 0.0002
66 0.7158 0.0790 0.1548 0.0098 0.0394 0.0012
67 0.6553 0.0873 0.2128 0.0041 0.0400 0.0002
68 0.6553 0.1342 0.1095 0.0649 0.0254 0.0106
69 0.6572 0.0984 0.2150 0.0034 0.0259 0.0001
70 0.5278 0.1769 0.1727 0.0124 0.1098 0.0001
71 0.7607 0.0847 0.0938 0.0300 0.0304 0.0002
72 0.6660 0.0457 0.2568 0.0052 0.0256 0.0007
73 0.6250 0.0581 0.1643 0.1111 0.0387 0.0029
74 0.2798 0.3323 0.1620 0.0436 0.1793 0.0030
75 0.5415 0.2294 0.1704 0.0178 0.0405 0.0003
76 0.7173 0.0558 0.1962 0.0018 0.0283 0.0005
77 0.8042 0.0337 0.0931 0.0265 0.0406 0.0021
78 0.6611 0.1738 0.0802 0.0179 0.0665 0.0001
79 0.7852 0.0494 0.1282 0.0059 0.0305 0.0007
80 0.1876 0.6152 0.1138 0.0136 0.0685 0.0012
81 0.1747 0.6050 0.0928 0.0470 0.0781 0.0022
82 0.6992 0.0282 0.1987 0.0081 0.0656 0.0004
83 0.8291 0.0312 0.0945 0.0162 0.0282 0.0009
84 0.3096 0.4299 0.1750 0.0542 0.0304 0.0007
85 0.4219 0.0864 0.0934 0.0647 0.3313 0.0023
86 0.0404 0.0153 0.1599 0.4346 0.1599 0.1898
87 0.1076 0.7241 0.1003 0.0052 0.0608 0.0022
88 0.7920 0.0731 0.0848 0.0100 0.0394 0.0006
89 0.6968 0.1748 0.0865 0.0088 0.0331 0.0000
90 0.1700 0.0340 0.2759 0.2397 0.2360 0.0443
91 0.6816 0.0432 0.1710 0.0314 0.0675 0.0049
92 0.4312 0.1854 0.3491 0.0021 0.0322 0.0000
93 0.1002 0.0466 0.3040 0.2294 0.1267 0.1931
94 0.7876 0.0710 0.0941 0.0118 0.0352 0.0004
95 0.5522 0.0450 0.1606 0.1558 0.0783 0.0082
96 0.7744 0.1294 0.0666 0.0068 0.0227 0.0003
97 0.5254 0.0920 0.2482 0.1019 0.0252 0.0072
98 0.5635 0.2041 0.0920 0.0285 0.1110 0.0011
99 0.1991 0.0774 0.3335 0.0956 0.2898 0.0046
100 0.6724 0.0640 0.1957 0.0286 0.0368 0.0026
101 0.4097 0.1642 0.4065 0.0026 0.0169 0.0001
102 0.8228 0.0247 0.0881 0.0093 0.0547 0.0004
103 0.2778 0.3052 0.2651 0.0041 0.1476 0.0001
104 0.4375 0.2455 0.2551 0.0037 0.0579 0.0002
105 0.6973 0.0295 0.1848 0.0239 0.0638 0.0008
106 0.6699 0.0728 0.2388 0.0019 0.0166 0.0001
107 0.2664 0.2042 0.1542 0.1948 0.1339 0.0466
108 0.7466 0.0632 0.1627 0.0018 0.0255 0.0001
109 0.4126 0.1393 0.3999 0.0110 0.0369 0.0003
110 0.5459 0.1412 0.2898 0.0075 0.0148 0.0007
111 0.8057 0.0476 0.1125 0.0043 0.0296 0.0001
112 0.6699 0.0712 0.1904 0.0029 0.0653 0.0001
113 0.8359 0.0351 0.0771 0.0036 0.0479 0.0003
114 0.8198 0.0470 0.1067 0.0051 0.0215 0.0001
115 0.7783 0.0619 0.1251 0.0028 0.0319 0.0001
116 0.3560 0.0542 0.4717 0.0083 0.1094 0.0006
117 0.7549 0.0765 0.1333 0.0054 0.0297 0.0000
118 0.7456 0.0646 0.1588 0.0020 0.0287 0.0000
119 0.0434 0.0210 0.9136 0.0008 0.0211 0.0000
120 0.8145 0.0599 0.0988 0.0027 0.0238 0.0001
121 0.5215 0.0262 0.2074 0.0878 0.1566 0.0006
122 0.6216 0.0984 0.2083 0.0085 0.0630 0.0002
123 0.6182 0.1074 0.2256 0.0124 0.0363 0.0001
124 0.6343 0.1299 0.1920 0.0060 0.0375 0.0002
125 0.7500 0.0992 0.1177 0.0146 0.0179 0.0004
126 0.4438 0.1054 0.3323 0.0364 0.0814 0.0006
127 0.3896 0.2152 0.3660 0.0040 0.0251 0.0001
128 0.6543 0.0942 0.1934 0.0246 0.0331 0.0005
129 0.5889 0.0731 0.2891 0.0088 0.0401 0.0002
130 0.5024 0.0334 0.4229 0.0190 0.0222 0.0001
131 0.6675 0.0414 0.2068 0.0437 0.0392 0.0014
132 0.5796 0.1672 0.2098 0.0072 0.0353 0.0010
133 0.5288 0.2991 0.1458 0.0089 0.0166 0.0010
134 0.7876 0.0622 0.0792 0.0090 0.0617 0.0006
135 0.5664 0.1056 0.2717 0.0191 0.0368 0.0002
136 0.7207 0.1014 0.1442 0.0070 0.0260 0.0007
137 0.6733 0.1422 0.1467 0.0048 0.0330 0.0001
138 0.5986 0.1274 0.2345 0.0072 0.0312 0.0009
139 0.7217 0.0651 0.1573 0.0048 0.0507 0.0002
140 0.7295 0.0545 0.2074 0.0035 0.0047 0.0001
141 0.7705 0.0363 0.1102 0.0445 0.0372 0.0013
142 0.8247 0.0507 0.1116 0.0056 0.0072 0.0001
143 0.7866 0.0461 0.1024 0.0077 0.0565 0.0009
144 0.6069 0.0736 0.3076 0.0020 0.0097 0.0001
145 0.6484 0.1772 0.0711 0.0253 0.0775 0.0002
146 0.8086 0.0634 0.1086 0.0045 0.0144 0.0006
147 0.8130 0.0536 0.0745 0.0100 0.0470 0.0018
148 0.1289 0.1310 0.2605 0.2771 0.1351 0.0674
149 0.1600 0.0598 0.7515 0.0160 0.0044 0.0082
150 0.6904 0.0987 0.1932 0.0038 0.0134 0.0003
151 0.2773 0.1581 0.4719 0.0190 0.0729 0.0007
152 0.8354 0.0364 0.0610 0.0327 0.0329 0.0015
153 0.1464 0.0670 0.7788 0.0019 0.0057 0.0002
154 0.1299 0.3730 0.4714 0.0082 0.0160 0.0013
155 0.7168 0.0682 0.1757 0.0032 0.0359 0.0002
156 0.6436 0.1287 0.1307 0.0285 0.0673 0.0013
157 0.6519 0.0616 0.1597 0.0362 0.0903 0.0004
158 0.6558 0.1418 0.1282 0.0100 0.0629 0.0011
159 0.5918 0.1439 0.1656 0.0136 0.0840 0.0009
160 0.6284 0.0949 0.2386 0.0109 0.0268 0.0002
161 0.4998 0.0977 0.2676 0.0275 0.1047 0.0027
162 0.5835 0.1282 0.2413 0.0080 0.0388 0.0003
163 0.4446 0.1169 0.3303 0.0332 0.0743 0.0007
164 0.5308 0.1139 0.1750 0.0702 0.1096 0.0006
165 0.7524 0.0524 0.1426 0.0040 0.0481 0.0003
166 0.7988 0.0875 0.0911 0.0051 0.0174 0.0000
167 0.3152 0.0583 0.3801 0.1399 0.1024 0.0040
168 0.0459 0.0071 0.9146 0.0006 0.0318 0.0000
169 0.2347 0.0870 0.5547 0.0047 0.1190 0.0001
170 0.7974 0.0260 0.1242 0.0221 0.0297 0.0007
171 0.3132 0.1650 0.3232 0.1049 0.0424 0.0511
172 0.2041 0.3162 0.3933 0.0188 0.0608 0.0067
173 0.1648 0.0163 0.7798 0.0008 0.0382 0.0000
174 0.7822 0.0762 0.1218 0.0107 0.0088 0.0003
175 0.7896 0.0517 0.1174 0.0075 0.0331 0.0006
176 0.3213 0.0858 0.4224 0.0034 0.1667 0.0002
177 0.5122 0.0862 0.3748 0.0068 0.0199 0.0002
178 0.6680 0.0978 0.1929 0.0135 0.0271 0.0007
179 0.6899 0.0768 0.1306 0.0148 0.0870 0.0011
180 0.5508 0.1027 0.1680 0.0308 0.1459 0.0019
181 0.3240 0.0782 0.2859 0.0049 0.3066 0.0002
182 0.3259 0.1527 0.3579 0.0768 0.0844 0.0021
183 0.5571 0.1055 0.2825 0.0197 0.0348 0.0005
184 0.7227 0.0392 0.1786 0.0320 0.0270 0.0004
185 0.4541 0.0439 0.3374 0.1223 0.0400 0.0022
186 0.5649 0.0416 0.3096 0.0169 0.0664 0.0005
187 0.5400 0.0407 0.1454 0.1031 0.1647 0.0060
188 0.2402 0.0477 0.6431 0.0218 0.0462 0.0013
189 0.6694 0.0648 0.2278 0.0056 0.0318 0.0006
190 0.6123 0.1142 0.1466 0.0213 0.1048 0.0007
191 0.6851 0.0689 0.1298 0.0689 0.0442 0.0031
192 0.7568 0.0365 0.1378 0.0025 0.0662 0.0001
193 0.8843 0.0315 0.0597 0.0119 0.0123 0.0001
194 0.6611 0.1157 0.1232 0.0254 0.0742 0.0006
195 0.6514 0.0790 0.1726 0.0130 0.0841 0.0002
196 0.6709 0.0302 0.2301 0.0252 0.0432 0.0004
197 0.4812 0.1637 0.2119 0.0434 0.0985 0.0014
198 0.6211 0.1559 0.1970 0.0042 0.0218 0.0002
199 0.5620 0.0273 0.3254 0.0348 0.0495 0.0008
200 0.4683 0.0664 0.3562 0.0517 0.0526 0.0048
201 0.4417 0.0431 0.2401 0.1757 0.0933 0.0061
202 0.4619 0.1476 0.3513 0.0144 0.0243 0.0006
203 0.6855 0.0170 0.2225 0.0281 0.0459 0.0009
204 0.5049 0.0349 0.4055 0.0112 0.0431 0.0005
205 0.5132 0.0800 0.2581 0.0623 0.0858 0.0006
206 0.6509 0.0640 0.2321 0.0082 0.0446 0.0003
207 0.7173 0.0417 0.1575 0.0398 0.0411 0.0027
208 0.7241 0.0470 0.2042 0.0041 0.0204 0.0002
209 0.8354 0.0439 0.0834 0.0024 0.0350 0.0001
210 0.5864 0.0770 0.1288 0.1094 0.0942 0.0041
211 0.7363 0.0690 0.1508 0.0049 0.0387 0.0001
212 0.5654 0.0703 0.2756 0.0206 0.0676 0.0003
213 0.7041 0.0302 0.2181 0.0095 0.0379 0.0001
214 0.4658 0.0472 0.4446 0.0138 0.0280 0.0007
215 0.7188 0.0474 0.2059 0.0034 0.0242 0.0000
216 0.5142 0.1581 0.2178 0.0690 0.0385 0.0024
217 0.3760 0.3044 0.2729 0.0163 0.0302 0.0003
218 0.6587 0.1993 0.0662 0.0103 0.0652 0.0001
219 0.5518 0.0302 0.1581 0.1736 0.0820 0.0042
220 0.3577 0.0503 0.2345 0.2917 0.0584 0.0074
221 0.7490 0.0685 0.1451 0.0059 0.0314 0.0001
222 0.6558 0.0615 0.2356 0.0038 0.0432 0.0001
223 0.5186 0.0874 0.0681 0.0624 0.2629 0.0004
224 0.2308 0.0570 0.1161 0.2102 0.3521 0.0338
225 0.2452 0.0565 0.0778 0.1333 0.4653 0.0218
226 0.2161 0.0669 0.0974 0.2229 0.3293 0.0674
227 0.3589 0.0279 0.0256 0.4753 0.0572 0.0550
228 0.0702 0.1232 0.1176 0.1710 0.0231 0.4949
229 0.3271 0.1521 0.0777 0.2213 0.1013 0.1204
230 0.4468 0.2014 0.0801 0.1221 0.1221 0.0275
231 0.4468 0.2014 0.0801 0.1221 0.1221 0.0275
232 0.5767 0.2156 0.0536 0.0613 0.0837 0.0090
233 0.5449 0.2380 0.0540 0.0611 0.0889 0.0130
