time exciting_prob fearful_prob tense_prob sad_prob relaxing_prob neutral_prob
0 0.1136 0.1553 0.1349 0.1288 0.0181 0.4492
1 0.3967 0.1155 0.1068 0.1996 0.0025 0.1788
2 0.7559 0.1443 0.0903 0.0055 0.0032 0.0007
3 0.8755 0.0747 0.0443 0.0033 0.0014 0.0009
4 0.6182 0.0057 0.3579 0.0098 0.0006 0.0077
5 0.8945 0.0435 0.0240 0.0321 0.0048 0.0011
6 0.8604 0.0546 0.0334 0.0463 0.0035 0.0020
7 0.0390 0.1028 0.0839 0.0228 0.7480 0.0036
8 0.0268 0.1044 0.0880 0.0150 0.7598 0.0060
9 0.0263 0.0545 0.0745 0.0204 0.8130 0.0115
10 0.0235 0.0820 0.0538 0.0113 0.8286 0.0010
11 0.0177 0.0541 0.0533 0.0137 0.8599 0.0012
12 0.0101 0.0754 0.1263 0.0079 0.7739 0.0060
13 0.0284 0.4775 0.4214 0.0103 0.0579 0.0045
14 0.0172 0.2725 0.3137 0.1067 0.0711 0.2190
15 0.0195 0.2615 0.2656 0.0346 0.3987 0.0202
16 0.1136 0.1553 0.1349 0.1288 0.0181 0.4492
17 0.0223 0.2345 0.7227 0.0158 0.0044 0.0004
18 0.1893 0.2393 0.3145 0.0347 0.0190 0.2031
19 0.2457 0.2827 0.2986 0.0251 0.0588 0.0890
20 0.1970 0.1547 0.4951 0.0302 0.0254 0.0975
21 0.1376 0.1014 0.6167 0.0302 0.0660 0.0479
22 0.1371 0.3472 0.4424 0.0283 0.0333 0.0116
23 0.2607 0.3096 0.2374 0.0409 0.0105 0.1406
24 0.1830 0.1093 0.1918 0.4670 0.0097 0.0392
25 0.3303 0.0398 0.4341 0.1853 0.0056 0.0048
26 0.4417 0.0431 0.3157 0.1841 0.0091 0.0065
27 0.2360 0.2512 0.2959 0.0066 0.1987 0.0117
28 0.3723 0.1653 0.2856 0.0150 0.1042 0.0576
29 0.3137 0.0485 0.5552 0.0399 0.0088 0.0341
30 0.3523 0.0912 0.1799 0.1587 0.0265 0.1915
31 0.0936 0.1077 0.2299 0.2485 0.0794 0.2408
32 0.0219 0.4873 0.2393 0.2374 0.0045 0.0097
33 0.1180 0.2517 0.2920 0.1827 0.0366 0.1189
34 0.1317 0.2057 0.2922 0.2349 0.0344 0.1010
35 0.0239 0.2783 0.6177 0.0249 0.0255 0.0298
36 0.1505 0.3997 0.2683 0.1051 0.0336 0.0428
37 0.1394 0.0950 0.0893 0.0701 0.0102 0.5962
38 0.0403 0.3589 0.4829 0.0387 0.0041 0.0752
39 0.1942 0.5488 0.1377 0.0202 0.0216 0.0773
40 0.1110 0.5171 0.1666 0.0234 0.0178 0.1641
41 0.1610 0.1345 0.4277 0.1133 0.0097 0.1537
42 0.0589 0.2876 0.5249 0.0459 0.0020 0.0805
43 0.0537 0.4326 0.2927 0.1426 0.0056 0.0729
44 0.1077 0.4568 0.3264 0.0609 0.0260 0.0224
45 0.1390 0.1481 0.1731 0.0315 0.5010 0.0076
46 0.1312 0.0730 0.1063 0.0353 0.6455 0.0085
47 0.0124 0.1069 0.8540 0.0129 0.0007 0.0133
48 0.0969 0.3408 0.5400 0.0100 0.0055 0.0067
49 0.0526 0.1079 0.6982 0.0214 0.0043 0.1157
50 0.0459 0.2225 0.6343 0.0118 0.0044 0.0812
51 0.0509 0.2771 0.6445 0.0180 0.0027 0.0070
52 0.0858 0.1002 0.5591 0.0374 0.0135 0.2041
53 0.0536 0.2554 0.3230 0.0371 0.3230 0.0081
54 0.1526 0.3494 0.4246 0.0499 0.0177 0.0058
55 0.0187 0.5171 0.3904 0.0165 0.0504 0.0070
56 0.1554 0.0734 0.3613 0.1628 0.0045 0.2426
57 0.1718 0.3608 0.2854 0.1042 0.0210 0.0566
58 0.0495 0.5078 0.3892 0.0293 0.0218 0.0025
59 0.3228 0.1661 0.3923 0.0215 0.0199 0.0773
60 0.1320 0.4714 0.3760 0.0134 0.0009 0.0063
61 0.1155 0.1965 0.5098 0.0701 0.0663 0.0415
62 0.0656 0.2515 0.1081 0.0203 0.5532 0.0012
63 0.2382 0.2327 0.1538 0.0181 0.3411 0.0162
64 0.3062 0.2661 0.2441 0.0224 0.1504 0.0108
65 0.0240 0.0782 0.0509 0.0085 0.8345 0.0036
66 0.0189 0.0202 0.0406 0.0069 0.9087 0.0046
67 0.0342 0.0468 0.0765 0.0226 0.8091 0.0107
68 0.0223 0.0588 0.0552 0.0105 0.8501 0.0031
69 0.0937 0.3145 0.5693 0.0068 0.0010 0.0148
70 0.0485 0.1328 0.0885 0.0248 0.6963 0.0093
71 0.0923 0.3149 0.4875 0.0665 0.0225 0.0162
72 0.1089 0.1254 0.4375 0.1293 0.0079 0.1910
73 0.0343 0.2360 0.4272 0.0430 0.1023 0.1572
74 0.2334 0.2563 0.3672 0.0788 0.0294 0.0350
75 0.1907 0.1750 0.2908 0.0517 0.0526 0.2393
76 0.0695 0.4060 0.3696 0.0369 0.0328 0.0851
77 0.1069 0.2546 0.6011 0.0158 0.0105 0.0111
78 0.0826 0.5342 0.2125 0.0599 0.1094 0.0015
79 0.0793 0.1603 0.4224 0.1249 0.0341 0.1788
80 0.0784 0.1766 0.6021 0.0099 0.1140 0.0191
81 0.1036 0.3242 0.2905 0.0490 0.1289 0.1036
82 0.0898 0.2520 0.4897 0.0477 0.0844 0.0363
83 0.0609 0.2690 0.5347 0.0639 0.0159 0.0555
84 0.2241 0.1602 0.2922 0.0858 0.0369 0.2009
85 0.0637 0.0911 0.5630 0.1227 0.0549 0.1049
86 0.2942 0.3059 0.2255 0.1170 0.0194 0.0383
87 0.1076 0.5815 0.2502 0.0418 0.0026 0.0161
88 0.1887 0.5723 0.1678 0.0485 0.0059 0.0165
89 0.1931 0.5723 0.1392 0.0612 0.0225 0.0117
90 0.1149 0.3796 0.3679 0.0279 0.0479 0.0615
91 0.1835 0.3401 0.3823 0.0260 0.0043 0.0639
92 0.1176 0.2231 0.2957 0.1985 0.0143 0.1510
93 0.0349 0.1448 0.6489 0.0594 0.0024 0.1093
94 0.0353 0.2395 0.7041 0.0063 0.0003 0.0147
95 0.0319 0.2571 0.2003 0.4880 0.0072 0.0154
96 0.1126 0.3086 0.3496 0.1588 0.0549 0.0157
97 0.1481 0.2499 0.2422 0.1718 0.0553 0.1327
98 0.0227 0.4153 0.4817 0.0694 0.0016 0.0095
99 0.0555 0.2488 0.6455 0.0284 0.0013 0.0206
100 0.0701 0.1521 0.0293 0.0172 0.7310 0.0003
101 0.1411 0.3958 0.3411 0.0126 0.0251 0.0843
102 0.1354 0.1710 0.5972 0.0114 0.0665 0.0188
103 0.0597 0.0635 0.2573 0.0947 0.2676 0.2573
104 0.0603 0.0541 0.3367 0.0541 0.4092 0.0858
105 0.1216 0.1637 0.6626 0.0282 0.0191 0.0045
106 0.0500 0.1979 0.6748 0.0360 0.0331 0.0082
107 0.0394 0.1140 0.8037 0.0082 0.0334 0.0012
108 0.0471 0.1604 0.7134 0.0134 0.0533 0.0125
109 0.0768 0.1858 0.4187 0.2350 0.0757 0.0079
110 0.1000 0.4211 0.4211 0.0220 0.0132 0.0225
111 0.0308 0.5161 0.4348 0.0062 0.0063 0.0056
112 0.2183 0.2131 0.2717 0.0214 0.2612 0.0143
113 0.0367 0.1398 0.1141 0.0129 0.6880 0.0085
114 0.0817 0.1975 0.6733 0.0146 0.0098 0.0230
115 0.1564 0.0775 0.6846 0.0438 0.0066 0.0310
116 0.1337 0.1346 0.5542 0.0065 0.1664 0.0048
117 0.1024 0.2168 0.6372 0.0122 0.0095 0.0221
118 0.0549 0.1200 0.6484 0.0168 0.0056 0.1541
119 0.0310 0.2803 0.5405 0.0862 0.0146 0.0476
120 0.0410 0.2343 0.6724 0.0077 0.0059 0.0385
121 0.0361 0.3044 0.4905 0.0467 0.0202 0.1020
122 0.2014 0.2391 0.4468 0.0134 0.0643 0.0350
123 0.1102 0.3643 0.4358 0.0456 0.0215 0.0226
124 0.0189 0.0302 0.0302 0.0021 0.9170 0.0016
125 0.2184 0.2184 0.5405 0.0133 0.0049 0.0047
126 0.1085 0.2625 0.5425 0.0581 0.0244 0.0039
127 0.0530 0.2063 0.5610 0.0419 0.0099 0.1281
128 0.0754 0.1781 0.7158 0.0057 0.0243 0.0008
129 0.1531 0.1052 0.5020 0.0145 0.2211 0.0041
130 0.0362 0.2515 0.6621 0.0077 0.0414 0.0011
131 0.0398 0.5454 0.2722 0.0693 0.0287 0.0444
132 0.0229 0.3364 0.5908 0.0090 0.0032 0.0378
133 0.0483 0.4958 0.3684 0.0116 0.0743 0.0014
134 0.3176 0.4307 0.1896 0.0332 0.0271 0.0018
135 0.0699 0.4739 0.3059 0.0294 0.1117 0.0092
136 0.0724 0.4836 0.3826 0.0309 0.0133 0.0171
137 0.0631 0.4924 0.4116 0.0153 0.0097 0.0078
138 0.0762 0.1887 0.4492 0.1154 0.1135 0.0571
139 0.2438 0.2678 0.1611 0.0320 0.2595 0.0359
140 0.0235 0.4646 0.4719 0.0216 0.0068 0.0115
141 0.0299 0.5259 0.4224 0.0079 0.0041 0.0099
142 0.0607 0.0359 0.8247 0.0424 0.0060 0.0303
143 0.0307 0.1322 0.3884 0.1070 0.3120 0.0297
144 0.0623 0.0934 0.6338 0.0858 0.0942 0.0306
145 0.0654 0.1222 0.6978 0.0311 0.0782 0.0055
146 0.1187 0.5576 0.2717 0.0171 0.0345 0.0006
147 0.0570 0.0925 0.6523 0.1675 0.0245 0.0061
148 0.0400 0.1072 0.7437 0.0760 0.0201 0.0129
149 0.0224 0.1311 0.8286 0.0026 0.0153 0.0001
150 0.0261 0.3770 0.5571 0.0092 0.0295 0.0009
151 0.0291 0.0630 0.1442 0.0534 0.7095 0.0007
152 0.1602 0.1665 0.5459 0.0470 0.0787 0.0016
153 0.0806 0.2502 0.4192 0.0928 0.1299 0.0274
154 0.2461 0.2330 0.4563 0.0532 0.0113 0.0002
155 0.1844 0.0949 0.2260 0.0812 0.4060 0.0077
156 0.0665 0.1500 0.2434 0.4841 0.0116 0.0443
157 0.0833 0.4006 0.3765 0.0860 0.0108 0.0429
158 0.0889 0.4175 0.4446 0.0105 0.0120 0.0265
159 0.1290 0.2336 0.4038 0.1606 0.0316 0.0413
160 0.0494 0.2267 0.4509 0.1685 0.0243 0.0802
161 0.0347 0.0690 0.7588 0.1027 0.0043 0.0306
162 0.0764 0.0936 0.4829 0.2410 0.0101 0.0958
163 0.0472 0.4653 0.4238 0.0273 0.0089 0.0275
164 0.0635 0.3079 0.5981 0.0107 0.0041 0.0159
165 0.0358 0.4785 0.1733 0.1191 0.0913 0.1019
166 0.1371 0.2661 0.2520 0.0122 0.2683 0.0642
167 0.2113 0.1088 0.5610 0.0382 0.0195 0.0610
168 0.1547 0.2357 0.5273 0.0419 0.0091 0.0314
169 0.2101 0.4697 0.2380 0.0401 0.0374 0.0047
170 0.1256 0.2070 0.1600 0.1049 0.3208 0.0817
171 0.1763 0.1696 0.2930 0.0456 0.1394 0.1763
172 0.0433 0.4136 0.5068 0.0206 0.0058 0.0099
173 0.1937 0.1605 0.4907 0.0248 0.0930 0.0373
174 0.1338 0.2499 0.4456 0.0694 0.0662 0.0352
175 0.1069 0.4500 0.2563 0.0467 0.1147 0.0252
176 0.2793 0.1832 0.3318 0.0852 0.0550 0.0653
177 0.0321 0.5728 0.2881 0.0806 0.0191 0.0075
178 0.1108 0.4629 0.3750 0.0320 0.0113 0.0079
179 0.0443 0.2627 0.4612 0.1569 0.0209 0.0542
180 0.1057 0.4624 0.3330 0.0243 0.0465 0.0280
181 0.0823 0.1001 0.7812 0.0213 0.0135 0.0016
182 0.1328 0.3584 0.2856 0.0504 0.1628 0.0098
183 0.1483 0.3115 0.4062 0.0281 0.0425 0.0633
184 0.1869 0.2185 0.2917 0.0677 0.0955 0.1399
185 0.6543 0.0920 0.1578 0.0769 0.0064 0.0127
186 0.1827 0.3550 0.4119 0.0100 0.0182 0.0222
187 0.0123 0.0250 0.0252 0.0146 0.9170 0.0061
188 0.0378 0.0659 0.1555 0.0161 0.7192 0.0054
189 0.0814 0.6924 0.1820 0.0103 0.0288 0.0050
190 0.1860 0.2881 0.4292 0.0199 0.0173 0.0594
191 0.0645 0.4551 0.4048 0.0194 0.0370 0.0194
192 0.0113 0.5459 0.4385 0.0038 0.0002 0.0003
193 0.0163 0.7021 0.2124 0.0482 0.0124 0.0088
194 0.0828 0.2935 0.4543 0.0938 0.0226 0.0530
195 0.0708 0.3948 0.4043 0.0269 0.0923 0.0110
196 0.0994 0.4558 0.3440 0.0059 0.0919 0.0030
197 0.0746 0.3372 0.4004 0.0619 0.0422 0.0839
198 0.0103 0.6763 0.3000 0.0100 0.0006 0.0029
199 0.0247 0.1031 0.7046 0.0803 0.0116 0.0754
200 0.0544 0.3774 0.2185 0.0401 0.3081 0.0013
201 0.2368 0.4028 0.0580 0.0074 0.2903 0.0045
202 0.0605 0.2754 0.5391 0.0501 0.0547 0.0203
203 0.0732 0.6782 0.1274 0.0677 0.0458 0.0078
204 0.0261 0.3159 0.5288 0.0750 0.0127 0.0414
205 0.0787 0.5767 0.3235 0.0060 0.0105 0.0045
206 0.0396 0.6484 0.3015 0.0039 0.0033 0.0035
207 0.0303 0.2382 0.5894 0.0823 0.0135 0.0462
208 0.1135 0.5635 0.2347 0.0044 0.0811 0.0029
209 0.1455 0.2474 0.5117 0.0382 0.0151 0.0420
210 0.0293 0.0735 0.1764 0.0108 0.7085 0.0015
211 0.1581 0.1777 0.3882 0.0724 0.1998 0.0036
212 0.0478 0.4907 0.3193 0.0457 0.0581 0.0384
213 0.0886 0.4294 0.2045 0.0256 0.2485 0.0034
214 0.5308 0.1086 0.1241 0.0295 0.1643 0.0429
215 0.0503 0.1929 0.0699 0.0128 0.6733 0.0009
216 0.0754 0.6621 0.1727 0.0472 0.0407 0.0020
217 0.0539 0.7100 0.1853 0.0208 0.0273 0.0025
218 0.0850 0.1412 0.2598 0.0182 0.4851 0.0107
219 0.1095 0.1261 0.2507 0.0183 0.4907 0.0046
220 0.0501 0.2352 0.1862 0.0181 0.5059 0.0046
221 0.0665 0.0938 0.2179 0.3826 0.0410 0.1985
222 0.1671 0.0790 0.1301 0.2981 0.0277 0.2981
223 0.3018 0.2686 0.0872 0.0390 0.2705 0.0331
224 0.2103 0.2991 0.2421 0.0593 0.0694 0.1199
225 0.8286 0.0827 0.0388 0.0439 0.0039 0.0019
