time exciting_prob fearful_prob tense_prob sad_prob relaxing_prob neutral_prob
0 0.3594 0.0446 0.1522 0.2756 0.0400 0.1282
1 0.1144 0.0558 0.2240 0.4055 0.0338 0.1665
2 0.7866 0.0767 0.0933 0.0300 0.0027 0.0105
3 0.1250 0.0820 0.7197 0.0221 0.0422 0.0090
4 0.1674 0.0656 0.7046 0.0067 0.0499 0.0057
5 0.0185 0.1046 0.8623 0.0132 0.0011 0.0004
6 0.0667 0.2988 0.4417 0.1456 0.0203 0.0267
7 0.1364 0.2734 0.5435 0.0271 0.0126 0.0070
8 0.1924 0.3594 0.4268 0.0128 0.0029 0.0060
9 0.0955 0.2291 0.5161 0.1189 0.0039 0.0363
10 0.0822 0.4878 0.2693 0.0822 0.0760 0.0025
11 0.1545 0.2756 0.4543 0.0923 0.0072 0.0162
12 0.1520 0.1183 0.2930 0.4131 0.0119 0.0117
13 0.1980 0.1803 0.2389 0.3474 0.0138 0.0215
14 0.0151 0.6499 0.2246 0.0853 0.0248 0.0001
15 0.0591 0.1213 0.5693 0.2030 0.0059 0.0413
16 0.0619 0.1876 0.4294 0.2952 0.0043 0.0214
17 0.1366 0.2217 0.5752 0.0645 0.0016 0.0005
18 0.0981 0.2839 0.3022 0.2391 0.0104 0.0659
19 0.0544 0.1082 0.2720 0.4700 0.0570 0.0386
20 0.0338 0.3210 0.5996 0.0308 0.0100 0.0046
21 0.2325 0.3833 0.2939 0.0767 0.0062 0.0073
22 0.1608 0.5273 0.3005 0.0058 0.0038 0.0019
23 0.1433 0.2805 0.2595 0.2515 0.0480 0.0171
24 0.0223 0.2756 0.5566 0.0938 0.0486 0.0029
25 0.1481 0.2878 0.5459 0.0114 0.0061 0.0006
26 0.0807 0.0638 0.2605 0.5264 0.0246 0.0439
27 0.0189 0.4231 0.5518 0.0042 0.0017 0.0001
28 0.0360 0.1719 0.2350 0.4746 0.0576 0.0248
29 0.0342 0.1709 0.5518 0.2030 0.0128 0.0273
30 0.0590 0.2227 0.4292 0.2227 0.0174 0.0489
31 0.0376 0.1646 0.7373 0.0426 0.0049 0.0130
32 0.0345 0.4961 0.3804 0.0444 0.0249 0.0198
33 0.0814 0.0801 0.6816 0.1241 0.0077 0.0248
34 0.0698 0.1727 0.5752 0.1064 0.0552 0.0208
35 0.3276 0.1234 0.4692 0.0351 0.0440 0.0008
36 0.0718 0.1279 0.7480 0.0463 0.0051 0.0010
37 0.4414 0.0607 0.4773 0.0042 0.0163 0.0003
38 0.0432 0.0834 0.6401 0.1384 0.0789 0.0157
39 0.1024 0.0515 0.7563 0.0693 0.0041 0.0162
40 0.1941 0.2493 0.5034 0.0417 0.0096 0.0017
41 0.0505 0.0304 0.8950 0.0196 0.0010 0.0035
42 0.0161 0.0944 0.8413 0.0279 0.0190 0.0012
43 0.0254 0.1951 0.7598 0.0148 0.0032 0.0019
44 0.0721 0.2223 0.5854 0.1092 0.0012 0.0095
45 0.0502 0.1597 0.7383 0.0436 0.0075 0.0009
46 0.2505 0.1567 0.4678 0.1146 0.0016 0.0089
47 0.1537 0.1273 0.5981 0.0889 0.0144 0.0174
48 0.1024 0.0602 0.5708 0.2495 0.0040 0.0129
49 0.0859 0.3450 0.2729 0.2335 0.0497 0.0130
50 0.1667 0.1361 0.5908 0.0764 0.0252 0.0047
51 0.0208 0.1854 0.7568 0.0365 0.0006 0.0001
52 0.4380 0.3777 0.0817 0.0430 0.0540 0.0057
53 0.0612 0.0598 0.3811 0.2620 0.2311 0.0050
54 0.0488 0.1152 0.7754 0.0504 0.0098 0.0006
55 0.0917 0.6074 0.2737 0.0170 0.0080 0.0025
56 0.1335 0.1335 0.5889 0.0992 0.0247 0.0202
57 0.0551 0.1925 0.7153 0.0277 0.0071 0.0022
58 0.0660 0.0468 0.8037 0.0388 0.0433 0.0014
59 0.0497 0.3367 0.5815 0.0274 0.0036 0.0012
60 0.2869 0.2378 0.3684 0.0946 0.0074 0.0051
61 0.1372 0.0497 0.7896 0.0214 0.0015 0.0009
62 0.0331 0.0486 0.9102 0.0060 0.0016 0.0006
63 0.0592 0.0737 0.8501 0.0147 0.0015 0.0006
64 0.0380 0.3604 0.5410 0.0389 0.0136 0.0082
65 0.2443 0.2367 0.4934 0.0048 0.0207 0.0003
66 0.1425 0.2206 0.5903 0.0287 0.0137 0.0041
67 0.3035 0.1899 0.4773 0.0202 0.0089 0.0002
68 0.0588 0.0583 0.8506 0.0200 0.0105 0.0020
69 0.0999 0.7046 0.1647 0.0226 0.0083 0.0001
70 0.1586 0.0574 0.6943 0.0320 0.0480 0.0098
71 0.2448 0.1320 0.5103 0.0292 0.0712 0.0128
72 0.1635 0.1443 0.6362 0.0218 0.0226 0.0114
73 0.1428 0.0559 0.5391 0.0376 0.1364 0.0880
74 0.0732 0.0804 0.7163 0.0472 0.0561 0.0267
75 0.1147 0.0981 0.7251 0.0533 0.0051 0.0038
76 0.0385 0.0983 0.8364 0.0249 0.0013 0.0007
77 0.0535 0.0829 0.8369 0.0131 0.0040 0.0095
78 0.0737 0.1854 0.6470 0.0849 0.0071 0.0017
79 0.0779 0.1134 0.7871 0.0200 0.0009 0.0003
80 0.0356 0.1606 0.7090 0.0887 0.0046 0.0013
81 0.1351 0.1656 0.5825 0.0729 0.0361 0.0076
82 0.0873 0.0759 0.6450 0.1764 0.0103 0.0050
83 0.0371 0.1100 0.8389 0.0095 0.0038 0.0007
84 0.0624 0.1952 0.7368 0.0044 0.0012 0.0003
85 0.0428 0.1210 0.8267 0.0077 0.0011 0.0006
86 0.0536 0.0267 0.9062 0.0078 0.0017 0.0039
87 0.0207 0.0346 0.9351 0.0062 0.0019 0.0015
88 0.0399 0.0467 0.8950 0.0129 0.0008 0.0049
89 0.0638 0.0233 0.2954 0.6060 0.0055 0.0061
90 0.0475 0.2247 0.7251 0.0020 0.0005 0.0001
91 0.0627 0.1285 0.7876 0.0171 0.0026 0.0013
92 0.0456 0.2107 0.7241 0.0166 0.0015 0.0013
93 0.0782 0.0429 0.7197 0.1037 0.0143 0.0412
94 0.1195 0.2268 0.6260 0.0224 0.0042 0.0010
95 0.0822 0.2034 0.6670 0.0351 0.0016 0.0109
96 0.0502 0.0771 0.8696 0.0020 0.0008 0.0004
97 0.1018 0.0389 0.8071 0.0058 0.0098 0.0366
98 0.0630 0.0498 0.8696 0.0044 0.0063 0.0067
99 0.0562 0.0768 0.2087 0.5332 0.0310 0.0941
100 0.0936 0.0966 0.6709 0.1061 0.0295 0.0034
101 0.1014 0.0635 0.7974 0.0172 0.0171 0.0034
102 0.0933 0.1379 0.7114 0.0515 0.0043 0.0012
103 0.1252 0.0514 0.7100 0.0472 0.0539 0.0124
104 0.0364 0.2688 0.6650 0.0229 0.0024 0.0044
105 0.0484 0.2939 0.5581 0.0779 0.0078 0.0140
106 0.0292 0.0789 0.8091 0.0801 0.0023 0.0006
107 0.0815 0.2180 0.6309 0.0494 0.0164 0.0040
108 0.0245 0.1676 0.7998 0.0072 0.0003 0.0008
109 0.0770 0.1174 0.7651 0.0350 0.0024 0.0032
110 0.1671 0.0373 0.6821 0.1030 0.0076 0.0030
111 0.1898 0.3660 0.3491 0.0823 0.0083 0.0046
112 0.0179 0.5356 0.4370 0.0081 0.0007 0.0006
113 0.2888 0.1725 0.3916 0.0736 0.0582 0.0152
114 0.2075 0.2314 0.5298 0.0188 0.0077 0.0046
115 0.0418 0.0942 0.8135 0.0392 0.0023 0.0092
116 0.1793 0.0834 0.3098 0.4041 0.0200 0.0034
117 0.2751 0.1260 0.3533 0.2211 0.0219 0.0024
118 0.2125 0.4001 0.2583 0.1102 0.0135 0.0054
119 0.1396 0.1558 0.5610 0.1038 0.0332 0.0070
120 0.0197 0.3308 0.4314 0.1689 0.0484 0.0008
121 0.0570 0.0562 0.5942 0.2808 0.0030 0.0088
122 0.1030 0.1521 0.5396 0.1620 0.0168 0.0266
123 0.0411 0.3840 0.5586 0.0142 0.0020 0.0001
124 0.0828 0.2551 0.4478 0.1726 0.0298 0.0121
125 0.2194 0.2998 0.1484 0.3044 0.0222 0.0058
126 0.2253 0.5000 0.1040 0.1489 0.0161 0.0056
127 0.0879 0.3091 0.5425 0.0428 0.0128 0.0050
128 0.1311 0.2300 0.6060 0.0209 0.0116 0.0004
129 0.0630 0.0771 0.8491 0.0062 0.0045 0.0002
130 0.1730 0.1188 0.4084 0.2291 0.0588 0.0120
131 0.0743 0.4346 0.4846 0.0050 0.0008 0.0006
132 0.0451 0.2788 0.6685 0.0067 0.0005 0.0002
133 0.3030 0.2551 0.3889 0.0362 0.0156 0.0012
134 0.1995 0.0537 0.2123 0.4495 0.0632 0.0219
135 0.0852 0.1449 0.5059 0.1919 0.0260 0.0463
136 0.0218 0.3633 0.6084 0.0032 0.0034 0.0002
137 0.1105 0.1487 0.4043 0.2866 0.0362 0.0138
138 0.2532 0.4995 0.1660 0.0314 0.0476 0.0023
139 0.1605 0.0467 0.4944 0.2524 0.0339 0.0122
140 0.1192 0.1592 0.6650 0.0381 0.0174 0.0011
141 0.1617 0.1310 0.5918 0.0605 0.0497 0.0052
142 0.0381 0.5024 0.4036 0.0517 0.0040 0.0001
143 0.0620 0.0670 0.8037 0.0498 0.0114 0.0062
144 0.0278 0.4346 0.5161 0.0203 0.0010 0.0003
145 0.0559 0.0364 0.8882 0.0049 0.0103 0.0046
146 0.0196 0.5269 0.4299 0.0211 0.0024 0.0003
147 0.1917 0.2008 0.3931 0.1614 0.0338 0.0193
148 0.0771 0.1632 0.7090 0.0379 0.0089 0.0042
149 0.1249 0.1329 0.3557 0.3447 0.0328 0.0089
150 0.0528 0.1257 0.7827 0.0194 0.0124 0.0071
151 0.1068 0.2124 0.6050 0.0445 0.0279 0.0035
152 0.1235 0.2134 0.6079 0.0330 0.0208 0.0016
153 0.0487 0.2004 0.6470 0.0947 0.0063 0.0030
154 0.2396 0.1548 0.5796 0.0205 0.0022 0.0036
155 0.1400 0.1074 0.7114 0.0174 0.0196 0.0043
156 0.0881 0.0255 0.8628 0.0096 0.0125 0.0013
157 0.0786 0.0161 0.8584 0.0296 0.0128 0.0045
158 0.1398 0.0834 0.7437 0.0214 0.0095 0.0022
159 0.1168 0.0574 0.7500 0.0626 0.0103 0.0028
160 0.0648 0.2228 0.7080 0.0032 0.0007 0.0007
161 0.3374 0.4009 0.1849 0.0410 0.0327 0.0032
162 0.0309 0.1753 0.7378 0.0379 0.0156 0.0024
163 0.2825 0.2869 0.2737 0.1410 0.0103 0.0056
164 0.0306 0.3872 0.5376 0.0411 0.0031 0.0004
165 0.0459 0.3237 0.5337 0.0695 0.0252 0.0019
166 0.5049 0.2240 0.1552 0.0870 0.0142 0.0145
167 0.0325 0.2311 0.7231 0.0109 0.0019 0.0004
168 0.0391 0.2452 0.6362 0.0611 0.0117 0.0065
169 0.0536 0.2089 0.6953 0.0325 0.0063 0.0032
170 0.0573 0.1738 0.7319 0.0348 0.0012 0.0007
171 0.0276 0.0631 0.8989 0.0083 0.0014 0.0006
172 0.1487 0.1292 0.6768 0.0312 0.0100 0.0040
173 0.1047 0.1432 0.7271 0.0142 0.0077 0.0034
174 0.0710 0.0612 0.8315 0.0346 0.0005 0.0014
175 0.1037 0.1737 0.5518 0.1439 0.0226 0.0042
176 0.2179 0.1683 0.4722 0.0713 0.0615 0.0088
177 0.1302 0.0635 0.1753 0.6025 0.0086 0.0200
178 0.0815 0.0388 0.6260 0.2377 0.0029 0.0131
179 0.1571 0.1097 0.4619 0.2472 0.0107 0.0133
180 0.0510 0.0260 0.7969 0.1204 0.0019 0.0037
181 0.3660 0.0515 0.3386 0.2220 0.0101 0.0119
182 0.4375 0.1866 0.3354 0.0236 0.0164 0.0003
183 0.0999 0.1177 0.6362 0.1141 0.0014 0.0305
184 0.0774 0.2966 0.6182 0.0059 0.0015 0.0002
185 0.0916 0.0975 0.5107 0.2527 0.0224 0.0252
186 0.0643 0.2793 0.4604 0.1642 0.0103 0.0214
187 0.0519 0.1857 0.7114 0.0417 0.0017 0.0074
188 0.1854 0.0698 0.6836 0.0540 0.0049 0.0021
189 0.1422 0.0395 0.5122 0.2786 0.0157 0.0119
190 0.0688 0.0341 0.4214 0.4214 0.0305 0.0238
191 0.2527 0.0547 0.4722 0.1792 0.0252 0.0158
192 0.1202 0.0409 0.6807 0.1383 0.0104 0.0096
193 0.0991 0.0742 0.6987 0.0861 0.0005 0.0416
194 0.0659 0.1877 0.5967 0.1311 0.0099 0.0088
195 0.1912 0.0946 0.4175 0.2632 0.0102 0.0234
196 0.1700 0.2417 0.3833 0.1755 0.0157 0.0137
197 0.0594 0.4978 0.4192 0.0206 0.0017 0.0013
198 0.0378 0.2281 0.5918 0.1384 0.0010 0.0028
199 0.0872 0.0757 0.7891 0.0387 0.0069 0.0024
200 0.1832 0.0509 0.0701 0.6914 0.0025 0.0017
201 0.1947 0.0276 0.0504 0.7231 0.0031 0.0009
202 0.4182 0.0933 0.1503 0.2742 0.0612 0.0027
203 0.6860 0.1028 0.1165 0.0294 0.0648 0.0004
204 0.0867 0.2954 0.5972 0.0113 0.0094 0.0003
205 0.0502 0.0450 0.8765 0.0201 0.0053 0.0025
206 0.6406 0.0615 0.2284 0.0250 0.0439 0.0005
207 0.1621 0.0854 0.6934 0.0391 0.0145 0.0056
208 0.1316 0.0662 0.3806 0.3257 0.0289 0.0672
209 0.2085 0.1389 0.4414 0.1456 0.0588 0.0067
210 0.4717 0.0258 0.3142 0.1155 0.0166 0.0563
211 0.7930 0.0098 0.0320 0.1040 0.0278 0.0335
212 0.8965 0.0446 0.0376 0.0206 0.0007 0.0001
213 0.6553 0.0614 0.0901 0.1791 0.0038 0.0103
214 0.8896 0.0295 0.0144 0.0166 0.0322 0.0178
