time exciting_prob fearful_prob tense_prob sad_prob relaxing_prob neutral_prob
0 0.1136 0.1553 0.1349 0.1288 0.0181 0.4492
1 0.0051 0.0798 0.8853 0.0187 0.0042 0.0070
2 0.0049 0.1199 0.8003 0.0515 0.0074 0.0160
3 0.0061 0.1198 0.7930 0.0574 0.0043 0.0194
4 0.0062 0.1752 0.7852 0.0219 0.0020 0.0098
5 0.0804 0.0732 0.6675 0.0911 0.0206 0.0671
6 0.0808 0.0724 0.5742 0.1252 0.0416 0.1054
7 0.0158 0.0203 0.0197 0.9346 0.0067 0.0027
8 0.0640 0.1159 0.0348 0.7559 0.0235 0.0059
9 0.0997 0.1112 0.5303 0.1279 0.0195 0.1112
10 0.1807 0.1333 0.5146 0.0821 0.0808 0.0083
11 0.1281 0.1849 0.5698 0.0600 0.0530 0.0043
12 0.2341 0.0743 0.5195 0.0953 0.0714 0.0054
13 0.2035 0.1215 0.3408 0.1661 0.0192 0.1489
14 0.0805 0.1307 0.3135 0.0722 0.0129 0.3901
15 0.3152 0.0992 0.3489 0.1754 0.0324 0.0289
16 0.3752 0.0642 0.2461 0.1678 0.0920 0.0545
17 0.1008 0.1107 0.4883 0.1973 0.0317 0.0714
18 0.2150 0.1124 0.2167 0.2133 0.0687 0.1741
19 0.1687 0.1882 0.2035 0.2184 0.0458 0.1754
20 0.0312 0.1896 0.6362 0.0875 0.0502 0.0054
21 0.1798 0.1990 0.4927 0.0792 0.0070 0.0424
22 0.1904 0.1846 0.5020 0.0723 0.0274 0.0235
23 0.0112 0.3494 0.3494 0.2439 0.0177 0.0285
24 0.0114 0.4714 0.4641 0.0260 0.0152 0.0117
25 0.0190 0.2463 0.4324 0.1494 0.0572 0.0957
26 0.0508 0.1539 0.3750 0.1886 0.2136 0.0181
27 0.0464 0.1157 0.4136 0.2230 0.1953 0.0061
28 0.1071 0.1793 0.5479 0.1088 0.0291 0.0277
29 0.0992 0.0849 0.6782 0.0593 0.0656 0.0126
30 0.0451 0.1031 0.6997 0.1160 0.0028 0.0335
31 0.0642 0.2405 0.2089 0.3667 0.0374 0.0825
32 0.0540 0.0354 0.5371 0.1886 0.1639 0.0207
33 0.1670 0.0493 0.5308 0.1184 0.0951 0.0396
34 0.0185 0.0645 0.8760 0.0340 0.0055 0.0015
35 0.0628 0.0326 0.7769 0.1085 0.0169 0.0024
36 0.0936 0.0260 0.7959 0.0550 0.0281 0.0012
37 0.0706 0.0964 0.7588 0.0632 0.0106 0.0004
38 0.0085 0.1545 0.6206 0.1451 0.0502 0.0209
39 0.0328 0.2600 0.4746 0.0763 0.1067 0.0496
40 0.3306 0.0829 0.2742 0.2534 0.0401 0.0188
41 0.3804 0.0565 0.2534 0.2168 0.0491 0.0437
42 0.0518 0.2571 0.3406 0.2454 0.0822 0.0228
43 0.0160 0.7246 0.2012 0.0501 0.0046 0.0036
44 0.0460 0.3564 0.4795 0.0930 0.0160 0.0090
45 0.0609 0.1708 0.5259 0.2299 0.0081 0.0042
46 0.0342 0.0685 0.2712 0.6206 0.0047 0.0007
47 0.0418 0.0805 0.3286 0.4153 0.0571 0.0768
48 0.0460 0.0723 0.2996 0.3909 0.0309 0.1604
49 0.0529 0.2026 0.5957 0.1093 0.0187 0.0210
50 0.0384 0.0212 0.2839 0.0634 0.5825 0.0103
51 0.0472 0.0146 0.2981 0.1047 0.5317 0.0038
52 0.0325 0.5005 0.4021 0.0527 0.0109 0.0016
53 0.0524 0.4524 0.3992 0.0804 0.0133 0.0023
54 0.0440 0.3926 0.4114 0.1335 0.0163 0.0023
55 0.1111 0.3315 0.3264 0.1890 0.0384 0.0037
56 0.1216 0.5039 0.2917 0.0548 0.0228 0.0051
57 0.1075 0.2009 0.3997 0.2747 0.0034 0.0139
58 0.0255 0.1691 0.6582 0.0594 0.0015 0.0864
59 0.0637 0.2190 0.6641 0.0411 0.0039 0.0080
60 0.1151 0.3435 0.2805 0.2399 0.0182 0.0028
61 0.1537 0.2534 0.3518 0.2068 0.0221 0.0120
62 0.0235 0.0610 0.8286 0.0713 0.0034 0.0124
63 0.0285 0.1147 0.3118 0.5303 0.0073 0.0073
64 0.0477 0.0389 0.0417 0.8320 0.0242 0.0156
65 0.0623 0.0533 0.0467 0.7837 0.0321 0.0217
66 0.1000 0.0869 0.1226 0.6128 0.0548 0.0230
67 0.2957 0.0778 0.1167 0.4106 0.0765 0.0226
68 0.1796 0.0682 0.4048 0.2871 0.0278 0.0327
69 0.2371 0.0936 0.2465 0.3503 0.0294 0.0432
70 0.0682 0.2035 0.2739 0.4377 0.0119 0.0047
71 0.0901 0.4504 0.3677 0.0696 0.0082 0.0139
72 0.1081 0.3953 0.3655 0.1072 0.0080 0.0158
73 0.0256 0.0596 0.1130 0.7485 0.0096 0.0436
74 0.1199 0.4023 0.1447 0.2275 0.0054 0.1002
75 0.1054 0.2568 0.3003 0.2864 0.0275 0.0237
76 0.0537 0.2583 0.4395 0.2245 0.0207 0.0031
77 0.0452 0.1437 0.2683 0.5176 0.0205 0.0048
78 0.2512 0.1925 0.1583 0.2251 0.0206 0.1523
79 0.1921 0.1722 0.1484 0.2817 0.0147 0.1907
80 0.1204 0.2250 0.2130 0.1851 0.0264 0.2302
81 0.1335 0.2202 0.2069 0.2896 0.0132 0.1367
82 0.0960 0.0983 0.1354 0.3567 0.0087 0.3052
83 0.2314 0.1299 0.1803 0.2522 0.0096 0.1964
84 0.0557 0.0856 0.1444 0.4924 0.0068 0.2151
85 0.0878 0.1172 0.1426 0.4822 0.0088 0.1615
86 0.0478 0.1043 0.1803 0.4392 0.0075 0.2208
87 0.0690 0.3191 0.3240 0.2028 0.0076 0.0776
88 0.0243 0.1686 0.3459 0.3406 0.0050 0.1158
89 0.0281 0.3191 0.3848 0.1860 0.0080 0.0740
90 0.0202 0.1980 0.2043 0.3267 0.0043 0.2465
91 0.0209 0.1670 0.2319 0.4541 0.0039 0.1222
92 0.0907 0.2076 0.2297 0.3291 0.0067 0.1361
93 0.0446 0.2815 0.0865 0.4500 0.0093 0.1279
94 0.0520 0.0988 0.1578 0.6050 0.0118 0.0745
95 0.0313 0.1318 0.1393 0.6191 0.0026 0.0757
96 0.0594 0.0956 0.0792 0.7173 0.0048 0.0438
97 0.1586 0.1467 0.1305 0.5078 0.0056 0.0507
98 0.3000 0.2754 0.1509 0.2014 0.0061 0.0664
99 0.0692 0.2413 0.2180 0.3511 0.0036 0.1167
100 0.1071 0.2469 0.2671 0.3049 0.0085 0.0654
101 0.1143 0.1599 0.1770 0.4700 0.0077 0.0710
102 0.0576 0.2788 0.4353 0.1947 0.0015 0.0320
103 0.0533 0.0913 0.0711 0.7295 0.0089 0.0459
104 0.0119 0.0832 0.1329 0.7354 0.0024 0.0341
105 0.1198 0.1400 0.2053 0.3777 0.0084 0.1490
106 0.0327 0.0359 0.1166 0.6816 0.0088 0.1242
107 0.2301 0.2046 0.2112 0.2319 0.0241 0.0982
108 0.1076 0.1298 0.3210 0.3340 0.0073 0.1003
109 0.0407 0.0420 0.1151 0.6992 0.0038 0.0992
110 0.0690 0.0668 0.1483 0.6006 0.0034 0.1119
111 0.0928 0.0775 0.1542 0.5640 0.0130 0.0988
112 0.1626 0.0979 0.1447 0.4895 0.0098 0.0956
113 0.0347 0.0638 0.0674 0.8081 0.0099 0.0161
114 0.2747 0.0812 0.1381 0.2969 0.0159 0.1932
115 0.0135 0.1199 0.1887 0.6484 0.0247 0.0047
116 0.0343 0.1218 0.2876 0.5288 0.0205 0.0069
117 0.1342 0.1095 0.3071 0.2283 0.0132 0.2078
118 0.2351 0.0581 0.2463 0.2542 0.0114 0.1949
119 0.1262 0.2130 0.3740 0.0923 0.0151 0.1794
120 0.0882 0.4141 0.2803 0.1263 0.0090 0.0822
121 0.1177 0.0975 0.2610 0.5034 0.0109 0.0095
122 0.0562 0.1208 0.6431 0.1246 0.0220 0.0335
123 0.0105 0.0020 0.1472 0.0966 0.7363 0.0073
124 0.0853 0.2820 0.4473 0.1030 0.0228 0.0596
125 0.0689 0.2642 0.3088 0.1680 0.1229 0.0673
126 0.0654 0.2076 0.2751 0.2390 0.1951 0.0179
127 0.0081 0.0649 0.4795 0.2566 0.1792 0.0116
128 0.1891 0.0801 0.2524 0.1495 0.2666 0.0623
129 0.1194 0.1738 0.5610 0.1122 0.0230 0.0107
130 0.1094 0.1268 0.5137 0.2389 0.0095 0.0018
131 0.0831 0.0956 0.5093 0.2600 0.0372 0.0149
132 0.0702 0.0982 0.6016 0.1724 0.0290 0.0284
133 0.1877 0.1606 0.4434 0.1521 0.0217 0.0345
134 0.0917 0.2695 0.3740 0.0709 0.1442 0.0498
135 0.3508 0.1475 0.2374 0.0765 0.1737 0.0139
136 0.0308 0.0836 0.2656 0.5806 0.0327 0.0069
137 0.0303 0.1163 0.7231 0.1218 0.0021 0.0062
138 0.0420 0.5581 0.3230 0.0417 0.0143 0.0210
139 0.1091 0.0392 0.3311 0.2274 0.2537 0.0395
140 0.1143 0.3928 0.3960 0.0657 0.0301 0.0013
141 0.1610 0.0925 0.4309 0.2343 0.0465 0.0351
142 0.0358 0.1803 0.7358 0.0384 0.0064 0.0035
143 0.2729 0.1028 0.4033 0.1555 0.0474 0.0180
144 0.0909 0.1779 0.3271 0.3271 0.0078 0.0691
145 0.1198 0.0651 0.6177 0.1422 0.0289 0.0261
146 0.0465 0.0970 0.3867 0.1503 0.3154 0.0041
147 0.0519 0.0503 0.7988 0.0869 0.0077 0.0044
148 0.0353 0.1252 0.7319 0.1006 0.0029 0.0037
149 0.0582 0.2734 0.5972 0.0183 0.0206 0.0324
150 0.0109 0.0505 0.5967 0.2162 0.0003 0.1251
151 0.0096 0.0316 0.8955 0.0429 0.0033 0.0168
152 0.0193 0.2859 0.1630 0.3560 0.1069 0.0690
153 0.0402 0.0700 0.2522 0.3237 0.2369 0.0769
154 0.0229 0.0879 0.8472 0.0258 0.0040 0.0124
155 0.0634 0.1671 0.5396 0.1953 0.0043 0.0304
156 0.0678 0.0870 0.7520 0.0399 0.0396 0.0137
157 0.1461 0.1555 0.5024 0.1581 0.0149 0.0231
158 0.0224 0.3022 0.5732 0.0609 0.0277 0.0135
159 0.0531 0.0903 0.7798 0.0423 0.0210 0.0136
160 0.1061 0.0273 0.0951 0.1156 0.6299 0.0260
161 0.2642 0.2683 0.3040 0.1437 0.0097 0.0101
162 0.2898 0.2122 0.3184 0.1208 0.0136 0.0452
163 0.2427 0.1997 0.4678 0.0446 0.0229 0.0222
164 0.0069 0.0529 0.8799 0.0344 0.0229 0.0029
165 0.0632 0.0652 0.4893 0.1691 0.2104 0.0030
166 0.0593 0.1990 0.6836 0.0186 0.0374 0.0022
167 0.5078 0.1244 0.1421 0.1957 0.0117 0.0185
168 0.4329 0.1362 0.3118 0.0859 0.0092 0.0242
169 0.0528 0.0255 0.1504 0.3132 0.4419 0.0162
170 0.0307 0.2214 0.3948 0.0821 0.2671 0.0037
171 0.0464 0.0853 0.3823 0.2178 0.2585 0.0096
172 0.0425 0.0872 0.3557 0.4939 0.0163 0.0045
173 0.0481 0.3137 0.6045 0.0073 0.0190 0.0075
174 0.0361 0.0246 0.8403 0.0659 0.0072 0.0258
175 0.3281 0.1041 0.3660 0.1444 0.0071 0.0503
176 0.1155 0.1372 0.3787 0.2261 0.0054 0.1372
177 0.2778 0.3379 0.3352 0.0168 0.0132 0.0192
178 0.0097 0.1168 0.4763 0.3274 0.0110 0.0587
179 0.3447 0.0928 0.2091 0.2996 0.0022 0.0516
180 0.4116 0.0688 0.4182 0.0823 0.0004 0.0187
181 0.1713 0.2269 0.3406 0.1824 0.0502 0.0286
182 0.3884 0.1984 0.2979 0.1104 0.0015 0.0036
183 0.1775 0.2996 0.3845 0.0613 0.0231 0.0541
184 0.2581 0.0618 0.5679 0.0898 0.0095 0.0128
185 0.0550 0.1028 0.4829 0.2883 0.0046 0.0664
186 0.3809 0.1515 0.2852 0.1445 0.0315 0.0066
187 0.1246 0.1827 0.5625 0.0804 0.0068 0.0427
188 0.0668 0.1018 0.3723 0.3135 0.1050 0.0405
189 0.0333 0.1199 0.4282 0.3389 0.0699 0.0098
190 0.0123 0.2311 0.6792 0.0545 0.0036 0.0193
191 0.3091 0.1531 0.2996 0.1604 0.0044 0.0734
192 0.3840 0.2404 0.2703 0.0608 0.0102 0.0344
193 0.2703 0.1917 0.2922 0.1962 0.0131 0.0366
194 0.2383 0.0926 0.2383 0.3633 0.0071 0.0602
195 0.0781 0.1393 0.1554 0.3728 0.0581 0.1964
196 0.0810 0.1443 0.4275 0.1675 0.1324 0.0472
197 0.2262 0.1667 0.1890 0.3140 0.0238 0.0800
198 0.2061 0.2795 0.2013 0.2317 0.0229 0.0586
199 0.0377 0.1927 0.6221 0.0203 0.1197 0.0075
200 0.0246 0.1545 0.4136 0.0173 0.3884 0.0016
201 0.2710 0.0399 0.5220 0.1593 0.0043 0.0035
202 0.2920 0.1125 0.3633 0.1771 0.0067 0.0484
203 0.0261 0.0851 0.6743 0.1602 0.0405 0.0139
204 0.0186 0.0991 0.8428 0.0192 0.0075 0.0130
205 0.0687 0.0437 0.7158 0.0376 0.0552 0.0790
206 0.1906 0.0943 0.5776 0.0418 0.0679 0.0277
207 0.0349 0.1316 0.2153 0.5005 0.0076 0.1100
208 0.0257 0.0426 0.2651 0.4441 0.2198 0.0027
209 0.3596 0.1881 0.1168 0.2822 0.0074 0.0457
210 0.3376 0.1105 0.3538 0.1924 0.0019 0.0037
211 0.2229 0.1497 0.1892 0.2300 0.0132 0.1952
212 0.3638 0.1447 0.0941 0.1759 0.0112 0.2104
213 0.2262 0.1249 0.1192 0.5020 0.0030 0.0246
214 0.1832 0.1860 0.2974 0.2837 0.0048 0.0449
215 0.0463 0.1278 0.1565 0.5381 0.0058 0.1257
216 0.0451 0.0870 0.4348 0.4021 0.0190 0.0120
217 0.0291 0.1215 0.8052 0.0178 0.0068 0.0197
218 0.0786 0.1588 0.1600 0.4150 0.0335 0.1539
219 0.1009 0.2070 0.1899 0.3662 0.0197 0.1161
220 0.1609 0.2067 0.2612 0.2654 0.0083 0.0976
221 0.0296 0.1326 0.7510 0.0440 0.0325 0.0106
222 0.0264 0.5601 0.2817 0.0347 0.0112 0.0859
223 0.4331 0.1184 0.2079 0.2046 0.0031 0.0329
224 0.1034 0.2294 0.1589 0.4934 0.0069 0.0081
225 0.1410 0.2717 0.1039 0.4446 0.0099 0.0289
226 0.3252 0.2573 0.2512 0.1294 0.0122 0.0245
227 0.1948 0.1119 0.6289 0.0381 0.0091 0.0172
228 0.1377 0.0984 0.6777 0.0519 0.0043 0.0298
229 0.3694 0.1931 0.2922 0.1296 0.0030 0.0127
230 0.4585 0.1971 0.2654 0.0766 0.0011 0.0014
231 0.4968 0.1704 0.1246 0.1827 0.0079 0.0175
232 0.5171 0.1665 0.1392 0.1577 0.0057 0.0139
233 0.4934 0.1903 0.1553 0.1360 0.0057 0.0193
234 0.3269 0.2247 0.3562 0.0691 0.0103 0.0127
235 0.0955 0.2168 0.5537 0.1160 0.0056 0.0125
236 0.1681 0.1077 0.6343 0.0541 0.0050 0.0311
237 0.2198 0.1686 0.5659 0.0265 0.0029 0.0162
238 0.1768 0.2269 0.4729 0.0909 0.0036 0.0289
239 0.1555 0.2141 0.5645 0.0316 0.0037 0.0309
240 0.1923 0.1157 0.5923 0.0471 0.0026 0.0501
241 0.2776 0.1792 0.4871 0.0439 0.0038 0.0086
242 0.2273 0.2345 0.4966 0.0322 0.0026 0.0069
243 0.1083 0.1425 0.6284 0.0716 0.0028 0.0466
244 0.2930 0.1321 0.4573 0.0974 0.0041 0.0163
245 0.3435 0.1500 0.3252 0.1455 0.0038 0.0320
246 0.0931 0.1823 0.6357 0.0475 0.0013 0.0400
247 0.1024 0.1584 0.6519 0.0556 0.0033 0.0284
248 0.1035 0.1350 0.6489 0.0781 0.0027 0.0316
249 0.2539 0.1093 0.4973 0.0920 0.0033 0.0441
250 0.1326 0.2102 0.5410 0.0756 0.0028 0.0380
251 0.1536 0.3625 0.3101 0.1177 0.0433 0.0128
252 0.0393 0.0619 0.0723 0.0467 0.7778 0.0021
253 0.0667 0.2152 0.1479 0.0744 0.4927 0.0031
254 0.1409 0.2983 0.2397 0.0660 0.2473 0.0076
255 0.0441 0.1448 0.1887 0.1277 0.4897 0.0050
256 0.0056 0.5034 0.3354 0.1244 0.0052 0.0259
257 0.0059 0.5654 0.2130 0.1851 0.0118 0.0186
258 0.0028 0.0875 0.8701 0.0322 0.0006 0.0069
259 0.0073 0.1198 0.7227 0.1337 0.0071 0.0095
260 0.0050 0.0363 0.6548 0.2905 0.0040 0.0095
261 0.0104 0.2585 0.1147 0.6104 0.0016 0.0043
262 0.0111 0.3496 0.2120 0.4216 0.0012 0.0045
263 0.0326 0.3479 0.1722 0.4399 0.0027 0.0046
264 0.0682 0.0295 0.8174 0.0365 0.0427 0.0056
265 0.0318 0.0304 0.1394 0.1951 0.5386 0.0648
266 0.0499 0.0583 0.2759 0.1215 0.4844 0.0100
267 0.0375 0.1735 0.3789 0.0467 0.3616 0.0017
268 0.0614 0.0893 0.4902 0.3020 0.0550 0.0019
269 0.0314 0.1779 0.5923 0.1522 0.0426 0.0034
270 0.0139 0.3232 0.5083 0.1306 0.0112 0.0128
271 0.0059 0.2257 0.7173 0.0318 0.0075 0.0119
272 0.0052 0.2549 0.5566 0.1698 0.0055 0.0076
273 0.0227 0.4177 0.5117 0.0149 0.0055 0.0273
274 0.0245 0.3887 0.5229 0.0356 0.0050 0.0233
275 0.0172 0.2390 0.6011 0.1250 0.0005 0.0173
276 0.0167 0.2487 0.6250 0.0753 0.0006 0.0337
277 0.0160 0.2196 0.6553 0.0753 0.0030 0.0307
278 0.0039 0.1973 0.7563 0.0370 0.0017 0.0040
279 0.0064 0.2485 0.5430 0.1876 0.0023 0.0123
280 0.0031 0.2346 0.6895 0.0682 0.0015 0.0031
281 0.0696 0.1138 0.6553 0.1193 0.0128 0.0292
282 0.0527 0.1000 0.5981 0.1942 0.0185 0.0362
283 0.0140 0.0777 0.6821 0.1924 0.0070 0.0269
284 0.0336 0.0546 0.3560 0.1484 0.3911 0.0163
285 0.0681 0.1205 0.2869 0.0620 0.4583 0.0043
286 0.2245 0.2427 0.4500 0.0746 0.0009 0.0075
287 0.0635 0.1866 0.3652 0.3125 0.0226 0.0494
288 0.0463 0.4983 0.2625 0.1749 0.0155 0.0026
289 0.1710 0.1096 0.0498 0.6353 0.0268 0.0076
290 0.1349 0.3499 0.2260 0.2482 0.0144 0.0266
291 0.1233 0.3887 0.3125 0.1431 0.0163 0.0162
292 0.0145 0.5171 0.2522 0.2090 0.0010 0.0061
293 0.0594 0.3997 0.3755 0.1517 0.0098 0.0039
294 0.1187 0.3831 0.3176 0.1525 0.0181 0.0101
295 0.0792 0.5371 0.1718 0.1744 0.0315 0.0059
296 0.0106 0.1576 0.7402 0.0786 0.0087 0.0044
297 0.0107 0.2386 0.6387 0.0995 0.0083 0.0041
298 0.1360 0.1228 0.3313 0.1307 0.0090 0.2703
299 0.0474 0.1846 0.7075 0.0505 0.0035 0.0063
300 0.0308 0.4636 0.2057 0.2947 0.0023 0.0028
301 0.0636 0.1245 0.4346 0.3718 0.0046 0.0008
302 0.0291 0.0672 0.2917 0.5283 0.0810 0.0026
303 0.0376 0.1725 0.2935 0.4763 0.0128 0.0076
304 0.0112 0.7256 0.1281 0.0923 0.0058 0.0370
305 0.0096 0.6108 0.1805 0.1952 0.0018 0.0021
306 0.0155 0.2627 0.3591 0.3481 0.0020 0.0126
307 0.0183 0.1832 0.7358 0.0352 0.0028 0.0246
308 0.0447 0.1866 0.4143 0.2891 0.0592 0.0060
309 0.0258 0.1128 0.4531 0.3757 0.0212 0.0115
310 0.0313 0.2744 0.5542 0.0608 0.0072 0.0721
311 0.1709 0.2061 0.4502 0.1580 0.0028 0.0122
312 0.2141 0.4941 0.1183 0.0347 0.0648 0.0740
313 0.0514 0.3625 0.1796 0.2200 0.0191 0.1674
314 0.0959 0.1893 0.4265 0.2356 0.0200 0.0327
315 0.1136 0.1719 0.4600 0.1615 0.0728 0.0202
316 0.0804 0.3228 0.4771 0.0677 0.0069 0.0451
317 0.0550 0.3909 0.4790 0.0399 0.0062 0.0290
318 0.1444 0.2515 0.2783 0.2382 0.0192 0.0682
319 0.1241 0.1658 0.2798 0.3071 0.0203 0.1029
320 0.1107 0.1853 0.1610 0.4343 0.0251 0.0836
321 0.0459 0.1238 0.3391 0.4287 0.0090 0.0536
322 0.0791 0.1115 0.2827 0.3923 0.0080 0.1263
323 0.0688 0.1914 0.3926 0.2290 0.0066 0.1116
324 0.0375 0.2014 0.4331 0.2585 0.0046 0.0649
325 0.1091 0.3105 0.4812 0.0570 0.0184 0.0238
326 0.0679 0.1517 0.5464 0.1802 0.0301 0.0238
327 0.0436 0.0867 0.7036 0.1113 0.0334 0.0211
328 0.0401 0.1782 0.3955 0.3545 0.0084 0.0234
329 0.0236 0.1506 0.6646 0.1329 0.0054 0.0231
330 0.1083 0.2385 0.4187 0.1481 0.0668 0.0196
331 0.0356 0.1608 0.6875 0.0450 0.0356 0.0356
332 0.0148 0.1898 0.7749 0.0088 0.0049 0.0070
333 0.1362 0.3169 0.4468 0.0735 0.0107 0.0160
334 0.1276 0.6040 0.2040 0.0188 0.0438 0.0018
335 0.0313 0.5688 0.3789 0.0110 0.0073 0.0028
336 0.0784 0.0300 0.2343 0.3516 0.3008 0.0049
337 0.2130 0.0468 0.3198 0.0902 0.3250 0.0052
338 0.0561 0.0374 0.3660 0.0677 0.4700 0.0030
339 0.0545 0.1718 0.2578 0.3259 0.1772 0.0128
340 0.0160 0.2590 0.5835 0.0582 0.0754 0.0079
341 0.0412 0.4038 0.3347 0.1848 0.0143 0.0212
342 0.0324 0.4907 0.4070 0.0573 0.0088 0.0040
343 0.2040 0.1277 0.1238 0.4819 0.0524 0.0102
344 0.0630 0.4412 0.4695 0.0232 0.0004 0.0026
345 0.1804 0.3818 0.2354 0.1832 0.0015 0.0176
346 0.3662 0.1703 0.0398 0.3230 0.0519 0.0488
347 0.1183 0.1669 0.5869 0.0643 0.0176 0.0460
348 0.1333 0.2081 0.5615 0.0487 0.0182 0.0302
349 0.0419 0.1819 0.6250 0.0782 0.0097 0.0634
350 0.2847 0.2003 0.0267 0.3923 0.0440 0.0518
351 0.4182 0.2498 0.1899 0.1316 0.0011 0.0092
352 0.0349 0.0545 0.2225 0.0988 0.5684 0.0212
353 0.0260 0.0471 0.4912 0.2146 0.2146 0.0062
354 0.1479 0.3083 0.4417 0.0721 0.0003 0.0298
355 0.1072 0.1072 0.3984 0.3408 0.0003 0.0461
356 0.0753 0.1262 0.5566 0.1301 0.0967 0.0150
357 0.0395 0.0651 0.5415 0.3386 0.0041 0.0112
358 0.0434 0.2362 0.4277 0.2805 0.0098 0.0024
359 0.2473 0.5317 0.1196 0.0784 0.0028 0.0200
360 0.0474 0.2192 0.5688 0.1249 0.0014 0.0381
361 0.1858 0.0642 0.2832 0.4387 0.0019 0.0261
362 0.0477 0.6641 0.1393 0.1459 0.0016 0.0013
363 0.2715 0.5884 0.1159 0.0194 0.0043 0.0002
364 0.0192 0.0796 0.4580 0.2198 0.0547 0.1686
365 0.0244 0.2908 0.6548 0.0126 0.0065 0.0108
366 0.0257 0.2148 0.3542 0.2018 0.1366 0.0671
367 0.0233 0.1531 0.5957 0.1249 0.0701 0.0328
368 0.0151 0.1526 0.6323 0.1065 0.0698 0.0238
369 0.0460 0.0426 0.1451 0.1175 0.6108 0.0378
370 0.2406 0.4324 0.0757 0.2351 0.0030 0.0133
371 0.4670 0.1772 0.1209 0.2057 0.0051 0.0240
372 0.0777 0.1213 0.7256 0.0681 0.0022 0.0051
373 0.0793 0.0684 0.6387 0.2074 0.0030 0.0033
374 0.0579 0.2151 0.5625 0.1326 0.0282 0.0038
375 0.0611 0.3254 0.5200 0.0499 0.0404 0.0033
376 0.0082 0.1389 0.1757 0.0721 0.5942 0.0111
377 0.0085 0.1306 0.5332 0.1626 0.1626 0.0028
378 0.0258 0.2778 0.6562 0.0195 0.0104 0.0099
379 0.0271 0.4211 0.4924 0.0086 0.0476 0.0029
380 0.0110 0.3079 0.4695 0.1741 0.0265 0.0109
381 0.0170 0.1592 0.7026 0.0505 0.0266 0.0442
382 0.0148 0.2800 0.4912 0.1595 0.0284 0.0260
383 0.0831 0.0123 0.5415 0.2944 0.0363 0.0323
384 0.0646 0.4084 0.4924 0.0211 0.0055 0.0079
385 0.0270 0.1035 0.5425 0.2296 0.0892 0.0082
386 0.0072 0.1293 0.7554 0.0692 0.0337 0.0051
387 0.0205 0.0878 0.5381 0.2208 0.1163 0.0165
388 0.0148 0.0268 0.3022 0.2144 0.4331 0.0084
389 0.0170 0.0294 0.2832 0.3362 0.3259 0.0082
390 0.0418 0.0818 0.2900 0.3499 0.2258 0.0108
391 0.0197 0.3010 0.4734 0.1675 0.0273 0.0110
392 0.0811 0.0291 0.4592 0.2576 0.1587 0.0145
393 0.0569 0.0789 0.5229 0.2284 0.1046 0.0085
394 0.0502 0.0953 0.2113 0.0960 0.5396 0.0076
395 0.0592 0.1160 0.1586 0.1512 0.5000 0.0150
396 0.0467 0.1270 0.5601 0.2029 0.0591 0.0041
397 0.0209 0.2671 0.5928 0.1038 0.0083 0.0071
398 0.0675 0.1792 0.5352 0.1908 0.0250 0.0023
399 0.1602 0.0647 0.3235 0.2725 0.1228 0.0562
400 0.0271 0.0432 0.1342 0.2213 0.5649 0.0093
401 0.0136 0.0096 0.0520 0.0971 0.8262 0.0017
402 0.0224 0.1931 0.4932 0.1627 0.0612 0.0673
403 0.0385 0.2319 0.5693 0.0747 0.0429 0.0426
404 0.0439 0.2488 0.5562 0.0675 0.0326 0.0509
405 0.0593 0.2068 0.5576 0.0693 0.0265 0.0804
406 0.0082 0.0188 0.0124 0.9502 0.0064 0.0038
407 0.0167 0.0660 0.0186 0.8838 0.0101 0.0048
408 0.1035 0.0658 0.1119 0.3784 0.3088 0.0316
409 0.0916 0.0432 0.3508 0.0388 0.0106 0.4648
410 0.0888 0.0423 0.1409 0.2415 0.3860 0.1006
411 0.1459 0.1101 0.2947 0.1774 0.2260 0.0459
412 0.1879 0.5312 0.1232 0.1166 0.0021 0.0391
413 0.0732 0.5581 0.2344 0.0862 0.0042 0.0440
414 0.1121 0.4910 0.1406 0.1375 0.0059 0.1130
415 0.0992 0.5713 0.1611 0.1514 0.0022 0.0148
416 0.1238 0.6694 0.1035 0.0711 0.0254 0.0066
417 0.1344 0.3147 0.3484 0.1725 0.0078 0.0221
418 0.1225 0.4585 0.3408 0.0606 0.0103 0.0072
419 0.1002 0.4707 0.3110 0.0971 0.0073 0.0137
420 0.0879 0.7476 0.1472 0.0138 0.0016 0.0017
421 0.0977 0.6621 0.0265 0.1989 0.0103 0.0045
422 0.0774 0.5947 0.0508 0.2578 0.0092 0.0102
423 0.0667 0.5850 0.2556 0.0631 0.0036 0.0259
424 0.0355 0.5957 0.2368 0.1119 0.0079 0.0125
