time exciting_prob fearful_prob tense_prob sad_prob relaxing_prob neutral_prob
0 0.2642 0.3340 0.0618 0.1844 0.0456 0.1101
1 0.2603 0.2859 0.0658 0.1964 0.0481 0.1437
2 0.0126 0.4749 0.4675 0.0308 0.0069 0.0075
3 0.1409 0.1323 0.1365 0.4338 0.0551 0.1014
4 0.0944 0.3882 0.0674 0.2839 0.1103 0.0559
5 0.0499 0.2893 0.1304 0.0917 0.4275 0.0110
6 0.0912 0.3108 0.1814 0.0371 0.3523 0.0272
7 0.0931 0.4653 0.2358 0.0426 0.0822 0.0809
8 0.0696 0.5698 0.2954 0.0342 0.0226 0.0084
9 0.0909 0.4956 0.1572 0.0803 0.1313 0.0447
10 0.1641 0.2445 0.1530 0.1616 0.1733 0.1035
11 0.0397 0.0288 0.1053 0.3765 0.1353 0.3145
12 0.0389 0.2920 0.2539 0.1946 0.1771 0.0434
13 0.1034 0.0722 0.3088 0.1470 0.2122 0.1565
14 0.1447 0.0558 0.2539 0.1565 0.3313 0.0580
15 0.0825 0.0432 0.2242 0.0980 0.5298 0.0224
16 0.0459 0.3164 0.4358 0.0972 0.0409 0.0638
17 0.0733 0.3694 0.3962 0.0459 0.0414 0.0739
18 0.1066 0.1704 0.2404 0.2329 0.1083 0.1412
19 0.0667 0.2827 0.4414 0.0421 0.1008 0.0662
20 0.0682 0.2102 0.3108 0.1357 0.1188 0.1562
21 0.1635 0.0848 0.0848 0.3054 0.0611 0.3005
22 0.0572 0.1980 0.4604 0.0618 0.1803 0.0422
23 0.0544 0.2656 0.5894 0.0105 0.0641 0.0161
24 0.0415 0.3965 0.3667 0.1414 0.0166 0.0374
25 0.0489 0.3638 0.3638 0.1505 0.0352 0.0378
26 0.1030 0.2249 0.4688 0.0796 0.0468 0.0771
27 0.0746 0.2158 0.5601 0.0250 0.0684 0.0563
28 0.0872 0.1654 0.1288 0.3420 0.0452 0.2314
29 0.1567 0.4609 0.1053 0.1508 0.0873 0.0390
30 0.1251 0.2649 0.2393 0.1473 0.0702 0.1533
31 0.0417 0.0823 0.1074 0.3059 0.0276 0.4348
32 0.0848 0.0457 0.0815 0.1635 0.0539 0.5703
33 0.0489 0.0633 0.0892 0.3420 0.0950 0.3613
34 0.0544 0.3523 0.4055 0.0520 0.1083 0.0274
35 0.1555 0.1803 0.2316 0.1667 0.2563 0.0096
36 0.0321 0.0675 0.0538 0.0030 0.8350 0.0085
37 0.0720 0.1116 0.2325 0.2915 0.2020 0.0903
38 0.0981 0.0801 0.4229 0.1013 0.0288 0.2688
39 0.0572 0.1219 0.1591 0.2903 0.2993 0.0723
40 0.0579 0.0883 0.0338 0.0626 0.7397 0.0178
41 0.0822 0.2083 0.2937 0.1168 0.0356 0.2632
42 0.1170 0.1152 0.0598 0.0553 0.5942 0.0584
43 0.0388 0.2380 0.0661 0.0377 0.6123 0.0070
44 0.0667 0.0750 0.0421 0.0836 0.6577 0.0750
45 0.0584 0.1652 0.0756 0.1539 0.5332 0.0138
46 0.1549 0.1016 0.1537 0.1335 0.2290 0.2272
47 0.1654 0.1934 0.2445 0.1393 0.2483 0.0090
48 0.0762 0.0705 0.1026 0.2122 0.0787 0.4597
49 0.1847 0.2998 0.2061 0.0442 0.2583 0.0070
50 0.1384 0.1428 0.2546 0.2754 0.0624 0.1261
51 0.0779 0.1001 0.0566 0.0458 0.7168 0.0027
52 0.1287 0.2106 0.1317 0.0219 0.5010 0.0060
53 0.0443 0.0559 0.1451 0.4470 0.0101 0.2976
54 0.1034 0.1338 0.2642 0.1678 0.0222 0.3086
55 0.0333 0.0215 0.0500 0.5679 0.0136 0.3137
56 0.1450 0.1395 0.2839 0.1644 0.2429 0.0240
57 0.0633 0.1748 0.0996 0.4751 0.1721 0.0149
58 0.1241 0.5181 0.1342 0.0559 0.0887 0.0789
59 0.0485 0.1058 0.1026 0.4634 0.2294 0.0504
60 0.0601 0.2798 0.4072 0.0808 0.1166 0.0555
61 0.0964 0.3210 0.3445 0.0927 0.0728 0.0728
62 0.1313 0.0676 0.2913 0.1420 0.2869 0.0809
63 0.1228 0.0532 0.2224 0.2600 0.2642 0.0775
64 0.0812 0.0812 0.3140 0.2445 0.0366 0.2426
65 0.0537 0.0099 0.0920 0.6392 0.0845 0.1210
66 0.0551 0.0201 0.0881 0.6821 0.0304 0.1242
67 0.0484 0.1945 0.4382 0.1216 0.1041 0.0933
68 0.0492 0.2661 0.4895 0.0251 0.0857 0.0844
69 0.1180 0.3840 0.3665 0.0263 0.0434 0.0617
70 0.1365 0.2322 0.3540 0.0382 0.2050 0.0340
71 0.0705 0.2747 0.4971 0.0182 0.1002 0.0392
72 0.0883 0.0992 0.1207 0.6035 0.0447 0.0437
73 0.0366 0.1747 0.4822 0.2502 0.0244 0.0320
74 0.0639 0.2284 0.5146 0.0432 0.0348 0.1149
75 0.1368 0.2239 0.3779 0.0544 0.1337 0.0732
76 0.1068 0.1949 0.6099 0.0485 0.0209 0.0191
77 0.0471 0.2690 0.5029 0.0304 0.1429 0.0075
78 0.0396 0.2769 0.5171 0.0549 0.0995 0.0120
79 0.0123 0.2524 0.2262 0.4570 0.0029 0.0493
80 0.0099 0.3687 0.2417 0.3572 0.0020 0.0206
81 0.0961 0.1942 0.2035 0.4309 0.0495 0.0257
82 0.0630 0.4512 0.2181 0.2018 0.0547 0.0110
83 0.0549 0.0933 0.3308 0.1125 0.0876 0.3208
84 0.0461 0.1969 0.3948 0.2510 0.0140 0.0975
85 0.1803 0.1642 0.2664 0.2793 0.0950 0.0148
86 0.1064 0.0149 0.0417 0.4553 0.0588 0.3228
87 0.1115 0.1573 0.3862 0.1769 0.0704 0.0977
88 0.0966 0.1965 0.6006 0.0735 0.0172 0.0154
89 0.1899 0.3010 0.0911 0.1216 0.2021 0.0940
90 0.0213 0.5361 0.1388 0.2612 0.0362 0.0066
91 0.0433 0.3569 0.3486 0.1420 0.0271 0.0822
92 0.1033 0.0305 0.1389 0.5850 0.0437 0.0985
93 0.0742 0.1396 0.5151 0.1302 0.0251 0.1158
94 0.0706 0.3501 0.5054 0.0214 0.0202 0.0321
95 0.1401 0.0354 0.1144 0.6187 0.0532 0.0383
96 0.0265 0.5889 0.0875 0.2825 0.0111 0.0033
97 0.1566 0.2225 0.3845 0.0745 0.0113 0.1505
98 0.0312 0.3489 0.2343 0.2167 0.0040 0.1648
99 0.1048 0.2253 0.3574 0.1649 0.0715 0.0761
100 0.1715 0.2255 0.1869 0.2942 0.1134 0.0085
101 0.1713 0.1726 0.2937 0.0671 0.2305 0.0650
102 0.0409 0.0906 0.2108 0.3091 0.0039 0.3447
103 0.2230 0.1820 0.3269 0.1203 0.1321 0.0157
104 0.0858 0.1918 0.4822 0.1200 0.0972 0.0231
105 0.0081 0.0577 0.0615 0.8618 0.0013 0.0094
106 0.0489 0.1904 0.1279 0.4941 0.0046 0.1340
107 0.1081 0.1824 0.5317 0.0640 0.0835 0.0300
108 0.0678 0.0274 0.1136 0.6143 0.0871 0.0898
109 0.1415 0.0668 0.2314 0.4189 0.0928 0.0485
110 0.0923 0.0475 0.1355 0.2959 0.1088 0.3198
111 0.1035 0.0851 0.3137 0.0964 0.1328 0.2683
112 0.0356 0.0149 0.1462 0.3169 0.0324 0.4539
113 0.0786 0.0799 0.1626 0.4705 0.0242 0.1842
114 0.0720 0.2456 0.4309 0.1512 0.0540 0.0461
115 0.0664 0.2247 0.2776 0.2318 0.1683 0.0311
116 0.0073 0.0700 0.0878 0.7827 0.0254 0.0268
117 0.0334 0.2371 0.0537 0.5645 0.0807 0.0309
118 0.0266 0.1415 0.1361 0.6099 0.0339 0.0521
119 0.0464 0.1006 0.1385 0.0146 0.6875 0.0124
120 0.2532 0.1700 0.3743 0.0259 0.1454 0.0312
121 0.1572 0.1941 0.2825 0.0869 0.0790 0.2003
122 0.0770 0.2111 0.2410 0.2883 0.0546 0.1279
123 0.0938 0.3567 0.3887 0.0483 0.1030 0.0097
124 0.0714 0.0931 0.6621 0.0656 0.0275 0.0803
125 0.0827 0.2954 0.4834 0.0560 0.0498 0.0327
126 0.0878 0.0831 0.1426 0.6143 0.0336 0.0387
127 0.0680 0.1384 0.1373 0.1791 0.1450 0.3320
128 0.0812 0.2837 0.1554 0.2445 0.0276 0.2075
129 0.1005 0.0846 0.1104 0.3071 0.1848 0.2126
130 0.1652 0.2329 0.4153 0.0566 0.0745 0.0558
131 0.0857 0.0575 0.1092 0.2104 0.4561 0.0811
132 0.0924 0.3328 0.4045 0.0194 0.1089 0.0420
133 0.0642 0.3445 0.4783 0.0165 0.0657 0.0306
134 0.0796 0.1487 0.1204 0.3948 0.0190 0.2375
135 0.1250 0.1129 0.1735 0.3789 0.1320 0.0776
136 0.1752 0.2267 0.2375 0.1879 0.1632 0.0096
137 0.0776 0.3586 0.3369 0.1111 0.0326 0.0832
138 0.0861 0.0067 0.0916 0.5571 0.0539 0.2048
139 0.1151 0.2290 0.4924 0.0515 0.0298 0.0823
140 0.0768 0.1125 0.2439 0.3838 0.1025 0.0804
141 0.0497 0.2563 0.1472 0.4192 0.0240 0.1036
142 0.0575 0.2104 0.1931 0.3552 0.0532 0.1306
143 0.1003 0.2727 0.2388 0.2925 0.0563 0.0393
144 0.1006 0.3796 0.1725 0.1429 0.0930 0.1113
145 0.0782 0.3428 0.2411 0.2732 0.0324 0.0324
146 0.0426 0.3149 0.1047 0.0875 0.4014 0.0491
147 0.0218 0.3083 0.2021 0.0662 0.3521 0.0495
148 0.0092 0.5161 0.2053 0.0798 0.1702 0.0192
149 0.0297 0.2817 0.1967 0.0160 0.4644 0.0115
150 0.0323 0.0580 0.0580 0.0545 0.7646 0.0323
151 0.1082 0.3279 0.3057 0.1345 0.1040 0.0197
152 0.1002 0.3257 0.2876 0.1650 0.0919 0.0296
153 0.0803 0.1823 0.3513 0.2571 0.1063 0.0228
154 0.1483 0.2406 0.3938 0.0781 0.1210 0.0183
155 0.1531 0.2859 0.3730 0.0331 0.1461 0.0087
156 0.0621 0.0312 0.1444 0.0704 0.0028 0.6890
157 0.1070 0.0192 0.1364 0.1417 0.0128 0.5830
158 0.0699 0.1703 0.4927 0.1326 0.0699 0.0646
159 0.1541 0.2057 0.4858 0.0892 0.0470 0.0183
160 0.0614 0.5649 0.3169 0.0137 0.0337 0.0093
161 0.0687 0.2085 0.2964 0.0548 0.3545 0.0171
162 0.0395 0.1266 0.1538 0.0259 0.6475 0.0065
163 0.0263 0.5659 0.3325 0.0506 0.0089 0.0158
164 0.0479 0.4009 0.4333 0.0582 0.0275 0.0321
165 0.2524 0.0648 0.0989 0.2861 0.0886 0.2092
166 0.0893 0.0746 0.3879 0.2544 0.1086 0.0852
167 0.1932 0.1101 0.3313 0.1653 0.0711 0.1288
168 0.0778 0.0742 0.5190 0.1233 0.0660 0.1396
169 0.1349 0.1154 0.1371 0.3445 0.0493 0.2190
170 0.0525 0.0446 0.0893 0.1735 0.0156 0.6245
171 0.0496 0.1447 0.1799 0.1677 0.0396 0.4185
172 0.0761 0.1526 0.2053 0.1624 0.0955 0.3081
173 0.0371 0.1116 0.2874 0.2659 0.0484 0.2496
174 0.0919 0.1287 0.2810 0.2854 0.1370 0.0762
175 0.1008 0.2167 0.3601 0.1868 0.0731 0.0626
176 0.0366 0.1229 0.1085 0.0085 0.7129 0.0105
177 0.0417 0.1455 0.1133 0.3955 0.2085 0.0955
178 0.0495 0.2183 0.2695 0.1536 0.2166 0.0924
179 0.0774 0.3132 0.2365 0.2517 0.0395 0.0817
180 0.1559 0.2957 0.4106 0.0348 0.0312 0.0719
181 0.1070 0.3096 0.4434 0.0534 0.0159 0.0707
182 0.0675 0.2527 0.4436 0.1440 0.0610 0.0311
183 0.1237 0.3442 0.2617 0.1960 0.0408 0.0335
184 0.0938 0.2216 0.2286 0.2590 0.0708 0.1262
185 0.1351 0.1165 0.2109 0.3372 0.1250 0.0752
186 0.1107 0.2695 0.4241 0.0437 0.0848 0.0671
187 0.1127 0.3162 0.3726 0.0328 0.1248 0.0408
188 0.1678 0.1436 0.2900 0.1227 0.1588 0.1171
189 0.1061 0.4065 0.3215 0.0788 0.0542 0.0329
190 0.1230 0.2076 0.2371 0.2316 0.1630 0.0378
191 0.0328 0.1930 0.0662 0.0528 0.6479 0.0073
192 0.0446 0.1104 0.2195 0.0959 0.2732 0.2566
193 0.0551 0.1510 0.3049 0.0148 0.4509 0.0232
194 0.0392 0.2991 0.4087 0.0270 0.0934 0.1327
195 0.0436 0.3738 0.4438 0.0171 0.0736 0.0482
196 0.0915 0.2264 0.4399 0.0782 0.1271 0.0367
197 0.0839 0.0950 0.5220 0.1240 0.1340 0.0412
198 0.0901 0.1632 0.3147 0.2910 0.0814 0.0596
199 0.0736 0.1195 0.5273 0.1006 0.1224 0.0565
200 0.0430 0.0822 0.2341 0.3005 0.1023 0.2378
201 0.0547 0.2166 0.1443 0.1824 0.0822 0.3201
202 0.1096 0.4336 0.3857 0.0385 0.0213 0.0113
203 0.1238 0.4900 0.2925 0.0405 0.0299 0.0233
204 0.1324 0.1674 0.4695 0.0305 0.1926 0.0077
205 0.1703 0.1813 0.3230 0.0767 0.2383 0.0104
206 0.0733 0.1401 0.4526 0.0948 0.0270 0.2122
207 0.1191 0.2622 0.4460 0.0470 0.0399 0.0858
208 0.0478 0.2126 0.2263 0.1920 0.3142 0.0070
209 0.0583 0.0715 0.1057 0.5244 0.1611 0.0792
210 0.1744 0.2944 0.2329 0.0500 0.2404 0.0077
211 0.0485 0.3586 0.2859 0.0467 0.2407 0.0195
212 0.0279 0.1427 0.7959 0.0199 0.0064 0.0072
213 0.0387 0.0852 0.2998 0.1086 0.3972 0.0706
214 0.1461 0.2710 0.2976 0.1095 0.0776 0.0981
215 0.0321 0.1342 0.6704 0.0690 0.0103 0.0839
216 0.0392 0.2119 0.1770 0.0588 0.5044 0.0087
217 0.0748 0.2632 0.3005 0.0429 0.3125 0.0062
218 0.0894 0.1710 0.0730 0.3975 0.0783 0.1908
219 0.0746 0.2883 0.3760 0.1383 0.0951 0.0277
220 0.1193 0.0432 0.2126 0.3674 0.0086 0.2487
221 0.2629 0.1204 0.2129 0.1938 0.0179 0.1923
222 0.1975 0.1538 0.1676 0.1716 0.1179 0.1914
223 0.0198 0.1465 0.0869 0.0433 0.6938 0.0098
224 0.0779 0.1263 0.2324 0.4080 0.0698 0.0855
225 0.1111 0.5176 0.1506 0.1616 0.0352 0.0238
226 0.0903 0.1973 0.3252 0.1768 0.1345 0.0760
227 0.0704 0.4114 0.3281 0.0267 0.0417 0.1216
228 0.0809 0.1273 0.3486 0.1205 0.0868 0.2360
229 0.0693 0.2086 0.1276 0.2119 0.0437 0.3386
230 0.0441 0.0536 0.1613 0.5991 0.0434 0.0986
231 0.1262 0.0069 0.0436 0.6411 0.0391 0.1431
232 0.0791 0.0128 0.0565 0.5581 0.0574 0.2362
233 0.0421 0.3638 0.3962 0.1359 0.0338 0.0283
234 0.1580 0.1438 0.1405 0.2952 0.0944 0.1682
235 0.1063 0.2693 0.1711 0.3247 0.0742 0.0543
236 0.0969 0.1523 0.2695 0.2067 0.0803 0.1942
237 0.0466 0.1704 0.2104 0.0496 0.5088 0.0140
238 0.0664 0.2952 0.3450 0.0936 0.0833 0.1165
239 0.1331 0.2029 0.2281 0.2666 0.1044 0.0648
240 0.1996 0.0928 0.3757 0.1350 0.0648 0.1320
241 0.1676 0.3413 0.1625 0.1401 0.0883 0.1001
242 0.0745 0.4937 0.2058 0.0700 0.1172 0.0387
243 0.0656 0.4180 0.2382 0.1125 0.1116 0.0540
244 0.1145 0.4600 0.2600 0.0120 0.1459 0.0077
245 0.2148 0.1302 0.1420 0.3599 0.0828 0.0703
246 0.2067 0.0324 0.2251 0.2234 0.0450 0.2673
247 0.0424 0.1208 0.2257 0.2008 0.0111 0.3992
248 0.1009 0.0786 0.3362 0.2239 0.0108 0.2498
249 0.1917 0.1539 0.1218 0.2499 0.0622 0.2206
250 0.1120 0.0399 0.0238 0.2729 0.0723 0.4790
251 0.0950 0.0212 0.0219 0.3215 0.0653 0.4751
252 0.1012 0.0237 0.0233 0.3215 0.0696 0.4607
253 0.1044 0.0268 0.0244 0.3118 0.0718 0.4607
254 0.1031 0.0273 0.0249 0.3032 0.0720 0.4695
255 0.2240 0.2205 0.0673 0.2788 0.0352 0.1744
