time exciting_prob fearful_prob tense_prob sad_prob relaxing_prob neutral_prob
0 0.1037 0.0180 0.0564 0.6455 0.0081 0.1683
1 0.0564 0.0082 0.0250 0.6553 0.0025 0.2527
2 0.1730 0.0282 0.0437 0.5498 0.0065 0.1991
3 0.4094 0.0558 0.0580 0.3340 0.0207 0.1219
4 0.5264 0.1077 0.0958 0.2061 0.0290 0.0352
5 0.2413 0.0180 0.0237 0.5356 0.0102 0.1711
6 0.3777 0.0179 0.0218 0.3718 0.0115 0.1991
7 0.2664 0.0424 0.0311 0.3997 0.0064 0.2542
8 0.2744 0.0956 0.0161 0.3286 0.0294 0.2559
9 0.1155 0.0460 0.0497 0.6055 0.0127 0.1708
10 0.2399 0.1000 0.0732 0.4553 0.0130 0.1188
11 0.3010 0.1357 0.0862 0.4451 0.0095 0.0225
12 0.3325 0.0881 0.1014 0.4475 0.0137 0.0164
13 0.1704 0.0657 0.1067 0.6138 0.0087 0.0346
14 0.1708 0.0403 0.0497 0.6147 0.0107 0.1137
15 0.0784 0.0454 0.2233 0.5112 0.0185 0.1233
16 0.2042 0.0131 0.0663 0.7017 0.0058 0.0088
17 0.2520 0.0580 0.1228 0.5547 0.0096 0.0029
18 0.2174 0.0594 0.2074 0.4675 0.0452 0.0030
19 0.1586 0.0917 0.3152 0.3862 0.0194 0.0289
20 0.1533 0.1139 0.3508 0.3196 0.0439 0.0184
21 0.0878 0.0763 0.2463 0.4749 0.0965 0.0181
22 0.2734 0.3098 0.2489 0.1464 0.0067 0.0148
23 0.2112 0.1569 0.5146 0.0853 0.0152 0.0171
24 0.1212 0.3674 0.4297 0.0669 0.0040 0.0108
25 0.2190 0.2993 0.3667 0.0913 0.0173 0.0063
26 0.2917 0.2344 0.3518 0.0992 0.0122 0.0107
27 0.1886 0.2700 0.3259 0.1857 0.0185 0.0113
28 0.2722 0.2256 0.2637 0.2086 0.0142 0.0157
29 0.2379 0.2417 0.3628 0.1334 0.0147 0.0093
30 0.2053 0.4927 0.2363 0.0570 0.0080 0.0007
31 0.2510 0.3735 0.2734 0.0860 0.0136 0.0025
32 0.2800 0.3027 0.2097 0.1954 0.0105 0.0015
33 0.1973 0.3103 0.3008 0.1768 0.0105 0.0043
34 0.0535 0.5581 0.2761 0.1032 0.0044 0.0048
35 0.0673 0.3579 0.3752 0.1801 0.0045 0.0150
36 0.0387 0.3367 0.3474 0.2542 0.0093 0.0138
37 0.0330 0.3840 0.1901 0.3779 0.0039 0.0111
38 0.3838 0.0315 0.3386 0.1813 0.0200 0.0448
39 0.3379 0.1063 0.3274 0.1672 0.0245 0.0367
40 0.3994 0.1887 0.3064 0.0492 0.0325 0.0238
41 0.5605 0.1670 0.1544 0.0475 0.0475 0.0230
42 0.5459 0.1504 0.1931 0.0484 0.0294 0.0330
43 0.5581 0.1702 0.1501 0.0829 0.0149 0.0238
44 0.1203 0.3677 0.2264 0.1877 0.0329 0.0649
45 0.1448 0.3289 0.2522 0.1979 0.0292 0.0474
46 0.1167 0.2649 0.3098 0.1849 0.0290 0.0945
47 0.2047 0.4041 0.2321 0.0998 0.0321 0.0273
48 0.1864 0.3765 0.2527 0.0923 0.0538 0.0382
49 0.2964 0.2896 0.2537 0.0933 0.0492 0.0178
50 0.2964 0.1884 0.2761 0.1040 0.0755 0.0597
51 0.2460 0.1744 0.3416 0.1017 0.0844 0.0520
52 0.4758 0.0753 0.0974 0.2842 0.0138 0.0534
53 0.4612 0.1061 0.1194 0.2566 0.0290 0.0277
54 0.2073 0.0381 0.0485 0.5132 0.0212 0.1719
55 0.4460 0.0456 0.1146 0.2834 0.0197 0.0906
56 0.1426 0.0148 0.0333 0.6191 0.0098 0.1802
57 0.1290 0.0237 0.1036 0.6250 0.0048 0.1138
58 0.1259 0.0275 0.1044 0.4980 0.0053 0.2389
59 0.1035 0.1393 0.2407 0.4863 0.0014 0.0287
60 0.0172 0.2686 0.0701 0.6147 0.0009 0.0283
61 0.1024 0.0447 0.1056 0.5889 0.0141 0.1443
62 0.1375 0.1509 0.0426 0.6353 0.0046 0.0290
63 0.1285 0.0756 0.0466 0.6328 0.0116 0.1049
64 0.1577 0.0637 0.0455 0.4421 0.0141 0.2769
65 0.2456 0.1399 0.2915 0.2783 0.0043 0.0404
66 0.2103 0.1539 0.0786 0.4385 0.0026 0.1161
67 0.0743 0.1869 0.0970 0.5581 0.0033 0.0804
68 0.3171 0.4106 0.1685 0.0573 0.0332 0.0132
69 0.2861 0.3821 0.2710 0.0509 0.0053 0.0043
70 0.1989 0.1898 0.2219 0.3130 0.0028 0.0737
71 0.2281 0.1342 0.1193 0.4753 0.0064 0.0367
72 0.2230 0.0092 0.3196 0.3508 0.0045 0.0930
73 0.1328 0.0137 0.4934 0.2330 0.0024 0.1248
74 0.0688 0.0196 0.4492 0.3665 0.0032 0.0927
75 0.2275 0.0727 0.0884 0.3931 0.0325 0.1857
76 0.4954 0.1398 0.0681 0.2002 0.0345 0.0620
77 0.2439 0.0667 0.0540 0.4084 0.0218 0.2053
78 0.3076 0.0650 0.0606 0.3223 0.0230 0.2216
79 0.2913 0.0975 0.1344 0.3149 0.0221 0.1398
80 0.1840 0.1305 0.2151 0.2805 0.0171 0.1729
81 0.1436 0.0787 0.2520 0.3186 0.0078 0.1993
82 0.1003 0.0637 0.1653 0.5337 0.0064 0.1307
83 0.1038 0.1970 0.3623 0.1970 0.0043 0.1354
84 0.0692 0.0275 0.0848 0.6777 0.0117 0.1293
85 0.1103 0.0900 0.2372 0.3616 0.0219 0.1791
86 0.0970 0.3928 0.4314 0.0496 0.0076 0.0217
87 0.1257 0.1425 0.2423 0.3525 0.0191 0.1180
88 0.1437 0.1995 0.3289 0.1964 0.0409 0.0906
89 0.0748 0.0725 0.2869 0.3250 0.0342 0.2065
90 0.1375 0.1332 0.4041 0.2031 0.0256 0.0967
91 0.1542 0.1578 0.4392 0.1350 0.0094 0.1043
92 0.0900 0.0399 0.4097 0.1846 0.0072 0.2686
93 0.0924 0.0543 0.4016 0.1622 0.0048 0.2847
94 0.0200 0.0177 0.0940 0.3718 0.0191 0.4773
95 0.0860 0.0937 0.4685 0.2430 0.0297 0.0789
96 0.1077 0.3318 0.4263 0.1111 0.0069 0.0161
97 0.2515 0.1598 0.4016 0.1432 0.0168 0.0271
98 0.1763 0.3193 0.4297 0.0517 0.0116 0.0115
99 0.0826 0.1569 0.1281 0.5142 0.0229 0.0952
100 0.0751 0.1747 0.4604 0.2351 0.0083 0.0463
101 0.2688 0.0638 0.1708 0.3911 0.0083 0.0974
102 0.3774 0.0804 0.1525 0.2219 0.0078 0.1598
103 0.3584 0.0652 0.1471 0.1666 0.0086 0.2542
104 0.2720 0.0672 0.1991 0.3230 0.0080 0.1305
105 0.1616 0.0509 0.1543 0.5732 0.0076 0.0525
106 0.1388 0.0954 0.1345 0.5752 0.0102 0.0458
107 0.2219 0.1958 0.1869 0.3547 0.0118 0.0289
108 0.3555 0.2683 0.1371 0.2157 0.0062 0.0170
109 0.1431 0.2759 0.1302 0.3328 0.0150 0.1031
110 0.3706 0.2112 0.0901 0.2932 0.0145 0.0206
111 0.1389 0.3835 0.3660 0.0947 0.0032 0.0133
112 0.1399 0.5889 0.2343 0.0332 0.0013 0.0022
113 0.1665 0.5293 0.2620 0.0366 0.0022 0.0036
114 0.1981 0.5303 0.2280 0.0364 0.0027 0.0044
115 0.2407 0.4568 0.2771 0.0195 0.0032 0.0028
116 0.2085 0.3281 0.3777 0.0721 0.0021 0.0116
117 0.2009 0.3997 0.3313 0.0504 0.0026 0.0149
118 0.2162 0.3564 0.3735 0.0426 0.0028 0.0084
119 0.1188 0.4019 0.4211 0.0484 0.0015 0.0083
120 0.1652 0.3442 0.4153 0.0647 0.0033 0.0073
121 0.1981 0.0685 0.6597 0.0425 0.0252 0.0059
122 0.1868 0.0356 0.0666 0.5576 0.0101 0.1432
123 0.1572 0.1420 0.1031 0.4409 0.0171 0.1398
124 0.1980 0.2996 0.1350 0.3264 0.0073 0.0339
125 0.2057 0.1553 0.1328 0.4563 0.0065 0.0435
126 0.2142 0.1086 0.0989 0.4065 0.0101 0.1617
127 0.2732 0.1395 0.1683 0.3455 0.0105 0.0629
128 0.2307 0.1057 0.2004 0.3894 0.0051 0.0687
129 0.2581 0.1278 0.1309 0.3999 0.0058 0.0775
130 0.2037 0.0532 0.3157 0.1562 0.0255 0.2457
131 0.2201 0.0588 0.1714 0.4375 0.0414 0.0709
132 0.2080 0.1213 0.1271 0.4724 0.0461 0.0252
133 0.1990 0.1990 0.2053 0.3130 0.0280 0.0557
134 0.4072 0.3074 0.1429 0.0975 0.0295 0.0154
135 0.1191 0.1816 0.1318 0.4824 0.0609 0.0240
136 0.1553 0.1209 0.2090 0.4492 0.0445 0.0210
137 0.1769 0.1345 0.1973 0.4587 0.0103 0.0221
138 0.2356 0.4009 0.2568 0.0873 0.0118 0.0076
139 0.1627 0.3965 0.1917 0.2040 0.0303 0.0149
140 0.0980 0.4602 0.2583 0.1517 0.0066 0.0252
141 0.2515 0.1107 0.3435 0.2805 0.0042 0.0097
142 0.3606 0.1930 0.3577 0.0830 0.0028 0.0031
143 0.2668 0.1863 0.3591 0.1791 0.0020 0.0067
144 0.3079 0.1263 0.2761 0.2803 0.0027 0.0066
145 0.3535 0.2178 0.1509 0.2668 0.0048 0.0063
146 0.2478 0.0756 0.2681 0.3838 0.0073 0.0174
147 0.1155 0.0272 0.1578 0.6143 0.0139 0.0711
148 0.0950 0.0236 0.1146 0.7241 0.0107 0.0323
149 0.0892 0.0308 0.2542 0.4749 0.0036 0.1471
150 0.0436 0.1149 0.2510 0.4075 0.0257 0.1571
151 0.1063 0.0881 0.2017 0.2979 0.2979 0.0081
152 0.1637 0.1125 0.5083 0.0532 0.1515 0.0108
153 0.1508 0.0900 0.3423 0.1617 0.2316 0.0237
154 0.1693 0.2158 0.4224 0.0806 0.1003 0.0114
155 0.1895 0.1725 0.3406 0.0676 0.2268 0.0031
156 0.1074 0.0811 0.6133 0.1575 0.0308 0.0100
157 0.1838 0.2051 0.4658 0.0842 0.0548 0.0062
158 0.1860 0.1519 0.4463 0.0826 0.1259 0.0072
159 0.1320 0.1052 0.5508 0.1591 0.0442 0.0086
160 0.1644 0.1594 0.5479 0.0367 0.0887 0.0029
161 0.1757 0.1870 0.2222 0.1730 0.0637 0.1785
162 0.2246 0.2391 0.2014 0.1384 0.0559 0.1406
163 0.2671 0.1570 0.3323 0.1671 0.0564 0.0203
164 0.1462 0.0944 0.3455 0.3145 0.0413 0.0582
165 0.0882 0.3435 0.2083 0.3176 0.0105 0.0320
166 0.0765 0.2888 0.1807 0.3884 0.0065 0.0591
167 0.1033 0.1236 0.1587 0.3867 0.0072 0.2203
168 0.1808 0.1387 0.2844 0.3223 0.0237 0.0502
169 0.1361 0.0674 0.2314 0.4900 0.0148 0.0604
170 0.1083 0.1991 0.2898 0.3232 0.0282 0.0515
171 0.1018 0.0678 0.2520 0.5254 0.0205 0.0325
172 0.1587 0.1663 0.3308 0.3059 0.0194 0.0191
173 0.1471 0.0344 0.1471 0.6294 0.0220 0.0201
174 0.2866 0.2303 0.2734 0.1794 0.0167 0.0134
175 0.2478 0.1960 0.2991 0.1960 0.0488 0.0122
176 0.1042 0.0285 0.3262 0.4321 0.0064 0.1026
177 0.0568 0.1013 0.4197 0.3882 0.0082 0.0256
178 0.0749 0.6675 0.1537 0.0641 0.0305 0.0092
179 0.0754 0.6719 0.1726 0.0560 0.0194 0.0048
180 0.1229 0.3726 0.3904 0.0722 0.0372 0.0049
181 0.1494 0.1201 0.3936 0.2749 0.0402 0.0219
182 0.1429 0.0069 0.3945 0.1953 0.0055 0.2549
183 0.1686 0.0115 0.2737 0.3860 0.0068 0.1536
184 0.1711 0.0382 0.1464 0.4653 0.0279 0.1510
185 0.1438 0.0336 0.0712 0.5181 0.0108 0.2228
186 0.1016 0.1572 0.4480 0.2634 0.0206 0.0092
187 0.1912 0.1141 0.2532 0.4111 0.0067 0.0236
188 0.1302 0.1114 0.4990 0.2180 0.0269 0.0144
189 0.1432 0.1926 0.4272 0.1926 0.0330 0.0113
190 0.1428 0.0674 0.5830 0.1696 0.0262 0.0111
191 0.1127 0.0716 0.3752 0.3416 0.0124 0.0864
192 0.1216 0.0749 0.4380 0.2380 0.0168 0.1107
193 0.3257 0.0427 0.5122 0.0940 0.0123 0.0130
194 0.3657 0.0646 0.3716 0.1636 0.0044 0.0303
195 0.1140 0.0252 0.3623 0.1765 0.0122 0.3098
196 0.2367 0.0884 0.4187 0.1918 0.0292 0.0352
197 0.2939 0.1207 0.2438 0.1599 0.0167 0.1649
198 0.0876 0.0421 0.2786 0.4453 0.0148 0.1316
199 0.1963 0.1210 0.2900 0.3042 0.0470 0.0415
200 0.2432 0.0410 0.3538 0.1984 0.0542 0.1096
201 0.2439 0.0656 0.4775 0.1575 0.0359 0.0197
202 0.1858 0.1237 0.2206 0.4253 0.0127 0.0320
203 0.4834 0.1632 0.1893 0.1417 0.0079 0.0146
204 0.3645 0.0900 0.2505 0.2544 0.0058 0.0347
205 0.4678 0.0493 0.2209 0.2012 0.0077 0.0529
206 0.4553 0.1274 0.2117 0.1742 0.0100 0.0215
207 0.4521 0.0837 0.3013 0.1316 0.0071 0.0242
208 0.5586 0.1033 0.1479 0.1771 0.0060 0.0073
209 0.5347 0.1696 0.1270 0.1532 0.0099 0.0056
210 0.4583 0.2217 0.2131 0.0946 0.0094 0.0029
211 0.4697 0.1913 0.2068 0.1040 0.0159 0.0124
212 0.4124 0.3286 0.1918 0.0512 0.0089 0.0073
213 0.1740 0.1072 0.5034 0.1660 0.0076 0.0417
214 0.2217 0.4338 0.3030 0.0324 0.0031 0.0060
215 0.2339 0.2001 0.5190 0.0228 0.0073 0.0169
216 0.0932 0.5039 0.1636 0.1825 0.0050 0.0519
217 0.1639 0.4387 0.2922 0.0739 0.0111 0.0201
218 0.1037 0.3733 0.1683 0.3245 0.0058 0.0244
219 0.0942 0.4856 0.3337 0.0657 0.0053 0.0154
220 0.0654 0.4907 0.0674 0.3589 0.0041 0.0135
221 0.1094 0.5342 0.2125 0.0974 0.0139 0.0323
222 0.1083 0.6582 0.1370 0.0448 0.0070 0.0445
223 0.0949 0.3696 0.1172 0.2661 0.0202 0.1318
224 0.2085 0.4312 0.0856 0.1884 0.0215 0.0651
225 0.1326 0.4697 0.0761 0.2085 0.0241 0.0890
226 0.2225 0.2482 0.1774 0.2522 0.0210 0.0787
227 0.2351 0.2369 0.2091 0.2075 0.0134 0.0980
228 0.2512 0.3032 0.2437 0.1466 0.0088 0.0465
229 0.1731 0.3992 0.2137 0.1771 0.0058 0.0310
230 0.3062 0.3523 0.1799 0.1041 0.0137 0.0438
231 0.1993 0.4221 0.2057 0.1339 0.0117 0.0272
232 0.1791 0.4036 0.1484 0.1981 0.0114 0.0595
233 0.1298 0.5171 0.1553 0.1482 0.0097 0.0402
234 0.1935 0.2927 0.1484 0.1935 0.0367 0.1351
235 0.3494 0.2896 0.2119 0.0507 0.0240 0.0744
236 0.2126 0.2429 0.1544 0.1656 0.0521 0.1722
237 0.4136 0.1261 0.1013 0.2112 0.0432 0.1046
238 0.2944 0.1287 0.2539 0.2137 0.0399 0.0694
239 0.2827 0.3491 0.2720 0.0693 0.0047 0.0223
240 0.2491 0.2551 0.3921 0.0868 0.0060 0.0108
241 0.3071 0.2126 0.2627 0.1937 0.0062 0.0177
242 0.5640 0.1859 0.1210 0.1201 0.0050 0.0042
243 0.4165 0.3618 0.1290 0.0853 0.0041 0.0034
244 0.4922 0.3254 0.1098 0.0621 0.0071 0.0034
245 0.4775 0.3386 0.0823 0.0891 0.0096 0.0027
246 0.4768 0.3054 0.1244 0.0731 0.0125 0.0078
247 0.3933 0.3962 0.1370 0.0545 0.0133 0.0057
248 0.4478 0.3276 0.0938 0.1072 0.0172 0.0065
249 0.2539 0.3872 0.0647 0.1653 0.0272 0.1018
250 0.2268 0.4546 0.0681 0.1442 0.0262 0.0802
251 0.1136 0.1553 0.1349 0.1288 0.0181 0.4492
252 0.1136 0.1553 0.1349 0.1288 0.0181 0.4492
253 0.1136 0.1553 0.1349 0.1288 0.0181 0.4492
