time exciting_prob fearful_prob tense_prob sad_prob relaxing_prob neutral_prob
0 0.1117 0.0830 0.3960 0.2086 0.0330 0.1677
1 0.0961 0.4619 0.3125 0.0420 0.0091 0.0784
2 0.0804 0.2944 0.3838 0.2054 0.0289 0.0069
3 0.1887 0.1277 0.3062 0.2876 0.0566 0.0331
4 0.3501 0.3213 0.2462 0.0323 0.0372 0.0131
5 0.1146 0.4495 0.0781 0.1360 0.0077 0.2140
6 0.1537 0.3279 0.1274 0.2185 0.0693 0.1032
7 0.2180 0.0991 0.1440 0.2712 0.1821 0.0854
8 0.4138 0.1302 0.0923 0.2959 0.0312 0.0364
9 0.0401 0.1276 0.3413 0.3157 0.0285 0.1469
10 0.3674 0.1682 0.0471 0.1832 0.1951 0.0390
11 0.1555 0.4944 0.2448 0.0435 0.0486 0.0133
12 0.1859 0.1182 0.2225 0.4031 0.0648 0.0055
13 0.1188 0.1841 0.1663 0.4246 0.0363 0.0699
14 0.0479 0.0334 0.6714 0.1385 0.0087 0.0999
15 0.1353 0.3975 0.3508 0.0759 0.0347 0.0060
16 0.3477 0.0674 0.0914 0.4360 0.0270 0.0304
17 0.0497 0.2644 0.3557 0.2903 0.0206 0.0191
18 0.1791 0.4500 0.2773 0.0409 0.0446 0.0082
19 0.2944 0.3811 0.2089 0.0145 0.0905 0.0105
20 0.5508 0.1201 0.1239 0.0800 0.1102 0.0150
21 0.1837 0.0903 0.1559 0.4478 0.0433 0.0790
22 0.2842 0.0195 0.0228 0.5835 0.0827 0.0074
23 0.2507 0.2751 0.2886 0.0568 0.1112 0.0176
24 0.2489 0.4233 0.1204 0.0319 0.1710 0.0043
25 0.3264 0.2502 0.3091 0.0290 0.0728 0.0127
26 0.1333 0.1985 0.4136 0.2017 0.0482 0.0047
27 0.4075 0.3457 0.1909 0.0054 0.0443 0.0061
28 0.0653 0.0361 0.1667 0.6597 0.0517 0.0207
29 0.0550 0.4644 0.3850 0.0634 0.0206 0.0119
30 0.4014 0.0924 0.1132 0.3176 0.0522 0.0230
31 0.5547 0.2332 0.0858 0.0308 0.0838 0.0116
32 0.0502 0.2050 0.4204 0.2981 0.0181 0.0083
33 0.0859 0.1439 0.4646 0.2300 0.0591 0.0164
34 0.1515 0.1125 0.5542 0.1650 0.0143 0.0024
35 0.0392 0.1207 0.4146 0.3774 0.0179 0.0303
36 0.3032 0.4377 0.1622 0.0315 0.0606 0.0048
37 0.2917 0.2871 0.1226 0.2068 0.0823 0.0095
38 0.1055 0.4106 0.3740 0.0861 0.0186 0.0050
39 0.3579 0.3286 0.1772 0.0313 0.0941 0.0109
40 0.0928 0.1331 0.3848 0.3450 0.0065 0.0378
41 0.0546 0.4397 0.3940 0.0577 0.0076 0.0464
42 0.1149 0.4302 0.0923 0.0334 0.3247 0.0047
43 0.1338 0.4058 0.1746 0.0733 0.1829 0.0296
44 0.2717 0.0785 0.1927 0.3079 0.1324 0.0167
45 0.0572 0.1554 0.2771 0.4568 0.0189 0.0347
46 0.3562 0.0833 0.3320 0.1606 0.0324 0.0353
47 0.1929 0.0407 0.2053 0.3547 0.1575 0.0488
48 0.2632 0.1809 0.3655 0.1334 0.0479 0.0088
49 0.4319 0.1458 0.1349 0.0259 0.2441 0.0174
50 0.0171 0.0305 0.4922 0.1897 0.0072 0.2634
51 0.0598 0.1042 0.2277 0.3813 0.1565 0.0705
52 0.3052 0.3123 0.1510 0.0273 0.2017 0.0026
53 0.3040 0.0668 0.1902 0.2993 0.0485 0.0912
54 0.0980 0.1318 0.2705 0.4712 0.0201 0.0084
55 0.0752 0.3267 0.4263 0.1416 0.0237 0.0065
56 0.2045 0.4468 0.1682 0.1508 0.0056 0.0242
57 0.1736 0.1998 0.3674 0.2263 0.0290 0.0039
58 0.0978 0.5415 0.2744 0.0352 0.0441 0.0074
59 0.0634 0.1129 0.4194 0.2583 0.0478 0.0981
60 0.0439 0.1157 0.2230 0.5874 0.0085 0.0214
61 0.1912 0.1824 0.1466 0.3743 0.0343 0.0714
62 0.0245 0.1807 0.6821 0.0840 0.0113 0.0175
63 0.2242 0.0728 0.1615 0.3584 0.0113 0.1719
64 0.1294 0.1198 0.4553 0.2476 0.0199 0.0280
65 0.3069 0.2317 0.2246 0.1921 0.0275 0.0172
66 0.0467 0.2124 0.2603 0.2903 0.0467 0.1437
67 0.1947 0.1678 0.2969 0.1058 0.1772 0.0576
68 0.1857 0.2639 0.2876 0.1401 0.0971 0.0253
69 0.0767 0.3657 0.0597 0.0420 0.4551 0.0008
70 0.0638 0.0859 0.2729 0.3044 0.1996 0.0734
71 0.2152 0.3899 0.3132 0.0657 0.0134 0.0027
72 0.0729 0.5264 0.2228 0.1630 0.0114 0.0037
73 0.0186 0.0216 0.0822 0.0583 0.7671 0.0522
74 0.0428 0.1694 0.2837 0.3369 0.0751 0.0921
75 0.0663 0.0428 0.3423 0.2708 0.1495 0.1279
76 0.3406 0.3101 0.2322 0.0213 0.0931 0.0030
77 0.1043 0.3367 0.2581 0.0341 0.2581 0.0085
78 0.2522 0.3188 0.1904 0.2028 0.0313 0.0044
79 0.1316 0.6426 0.2103 0.0069 0.0075 0.0010
80 0.0242 0.2861 0.5430 0.1157 0.0182 0.0125
81 0.1714 0.1957 0.3953 0.0855 0.1432 0.0091
82 0.1018 0.0452 0.2330 0.3135 0.1652 0.1414
83 0.0322 0.0267 0.0682 0.0575 0.7222 0.0933
84 0.0534 0.0391 0.1923 0.2886 0.3269 0.0997
85 0.0270 0.3315 0.3816 0.1616 0.0031 0.0950
86 0.1880 0.3174 0.3770 0.0416 0.0530 0.0230
87 0.2394 0.2375 0.2910 0.0429 0.1194 0.0696
88 0.1801 0.2854 0.1348 0.1978 0.1901 0.0120
89 0.1930 0.1423 0.3633 0.2103 0.0823 0.0086
90 0.2391 0.1892 0.2930 0.2144 0.0286 0.0358
91 0.1824 0.4209 0.2634 0.0433 0.0882 0.0018
92 0.0847 0.0873 0.3735 0.4233 0.0192 0.0119
93 0.1410 0.0651 0.3408 0.3152 0.0862 0.0518
94 0.3503 0.3503 0.0513 0.0638 0.1776 0.0066
95 0.0881 0.1429 0.4988 0.1570 0.0765 0.0367
96 0.2769 0.0787 0.2812 0.2747 0.0249 0.0637
97 0.5591 0.1553 0.0623 0.0987 0.1084 0.0161
98 0.3496 0.2876 0.2056 0.1180 0.0249 0.0143
99 0.0695 0.0949 0.2581 0.3313 0.0717 0.1746
100 0.0890 0.3467 0.4592 0.0333 0.0688 0.0031
101 0.4546 0.1312 0.0560 0.0262 0.3198 0.0122
102 0.0580 0.1458 0.3389 0.3284 0.0927 0.0363
103 0.0959 0.4832 0.2300 0.0141 0.1532 0.0237
104 0.1909 0.3948 0.1096 0.2549 0.0379 0.0117
105 0.0914 0.1460 0.3237 0.2058 0.1219 0.1110
106 0.1534 0.1214 0.1333 0.4106 0.0152 0.1659
107 0.1442 0.2198 0.3682 0.1006 0.1559 0.0115
108 0.2856 0.3843 0.1154 0.1873 0.0182 0.0094
109 0.0390 0.1948 0.2971 0.0851 0.3018 0.0825
110 0.1449 0.3757 0.2644 0.0482 0.1449 0.0220
111 0.0431 0.2406 0.2903 0.3394 0.0372 0.0497
112 0.0923 0.4336 0.1088 0.2197 0.0847 0.0610
113 0.0244 0.7085 0.1212 0.1395 0.0042 0.0019
114 0.2389 0.2484 0.3938 0.0740 0.0229 0.0219
115 0.3616 0.0599 0.2299 0.2644 0.0489 0.0352
116 0.0613 0.2463 0.2463 0.0590 0.3528 0.0344
117 0.0770 0.0865 0.4326 0.0782 0.2427 0.0832
118 0.0317 0.0692 0.6265 0.0530 0.1970 0.0228
119 0.0346 0.1338 0.1576 0.4854 0.0405 0.1481
120 0.4517 0.1573 0.0855 0.1151 0.1561 0.0343
121 0.1346 0.2700 0.0925 0.2037 0.0646 0.2345
122 0.0356 0.0854 0.2113 0.4072 0.0133 0.2471
123 0.2307 0.2344 0.0732 0.2849 0.1411 0.0357
124 0.2175 0.1192 0.2974 0.2625 0.0943 0.0091
125 0.0779 0.2961 0.1225 0.1586 0.3252 0.0197
126 0.0383 0.2256 0.1664 0.4629 0.0205 0.0863
127 0.2426 0.1979 0.0995 0.1035 0.3066 0.0500
128 0.0957 0.1448 0.0478 0.4712 0.2140 0.0266
129 0.3293 0.0493 0.0048 0.0350 0.5688 0.0129
130 0.1346 0.1549 0.0904 0.3926 0.0238 0.2037
131 0.1975 0.2496 0.0300 0.1730 0.1770 0.1730
132 0.1066 0.1959 0.1074 0.3989 0.0704 0.1207
133 0.0194 0.1702 0.2085 0.4280 0.0116 0.1624
134 0.3662 0.1041 0.0511 0.1099 0.2086 0.1600
135 0.2549 0.2415 0.1895 0.1476 0.0881 0.0784
136 0.1747 0.2793 0.0344 0.2664 0.1788 0.0663
137 0.0307 0.6206 0.3025 0.0254 0.0070 0.0137
138 0.1136 0.2686 0.1248 0.3188 0.0283 0.1460
139 0.1501 0.1599 0.5581 0.1179 0.0132 0.0007
140 0.0836 0.2827 0.1284 0.0856 0.4114 0.0080
141 0.2949 0.2815 0.2583 0.1210 0.0432 0.0013
142 0.1562 0.1348 0.0325 0.0677 0.5718 0.0371
143 0.2544 0.2505 0.1775 0.2666 0.0482 0.0031
144 0.2222 0.2421 0.1379 0.0371 0.3577 0.0030
145 0.1251 0.3145 0.2566 0.0605 0.2336 0.0097
146 0.0645 0.1809 0.0895 0.3860 0.0772 0.2018
147 0.1091 0.2876 0.1458 0.3469 0.0283 0.0824
148 0.0952 0.1510 0.0262 0.0542 0.6357 0.0379
149 0.3174 0.1097 0.3274 0.0968 0.1398 0.0091
150 0.3628 0.1714 0.1636 0.1882 0.0499 0.0640
151 0.0762 0.1247 0.4419 0.1962 0.1162 0.0448
152 0.0725 0.3149 0.3198 0.2571 0.0173 0.0185
153 0.1129 0.0729 0.1240 0.1111 0.5645 0.0149
154 0.4395 0.1949 0.1350 0.0418 0.1818 0.0069
155 0.3506 0.1967 0.2688 0.0690 0.0873 0.0277
156 0.1323 0.3625 0.2737 0.1896 0.0253 0.0166
157 0.1410 0.0273 0.0182 0.5981 0.1512 0.0640
158 0.5576 0.1377 0.0842 0.0587 0.1293 0.0327
159 0.4197 0.2212 0.1937 0.0789 0.0833 0.0032
160 0.1387 0.2358 0.2800 0.1837 0.1022 0.0596
161 0.6367 0.1512 0.0809 0.0640 0.0205 0.0468
162 0.2656 0.3154 0.2325 0.1284 0.0519 0.0063
163 0.0644 0.2301 0.5786 0.0944 0.0268 0.0058
164 0.1855 0.1492 0.2383 0.1423 0.1469 0.1379
165 0.1835 0.1148 0.1570 0.1697 0.3374 0.0376
166 0.2128 0.3398 0.3245 0.1086 0.0122 0.0021
167 0.1885 0.1179 0.0626 0.1959 0.1650 0.2700
168 0.2673 0.1263 0.2252 0.3127 0.0499 0.0185
169 0.0684 0.2352 0.5820 0.0706 0.0311 0.0125
170 0.2212 0.1300 0.2505 0.3169 0.0591 0.0224
171 0.4246 0.0767 0.0843 0.3306 0.0117 0.0721
172 0.2322 0.0916 0.1365 0.1323 0.3828 0.0247
173 0.0532 0.0693 0.3206 0.1689 0.3467 0.0411
174 0.2404 0.1677 0.0762 0.2520 0.1180 0.1458
175 0.5576 0.1265 0.1884 0.0188 0.1048 0.0038
176 0.0327 0.0309 0.1232 0.0300 0.7432 0.0403
177 0.4045 0.1159 0.2491 0.2065 0.0142 0.0097
178 0.0118 0.0715 0.1335 0.5278 0.0134 0.2418
179 0.5229 0.1499 0.0565 0.0534 0.2032 0.0137
180 0.0579 0.2203 0.5283 0.1637 0.0123 0.0173
181 0.2050 0.1080 0.1837 0.2183 0.1699 0.1150
182 0.0466 0.3694 0.1718 0.3994 0.0015 0.0114
183 0.6626 0.0785 0.0816 0.1274 0.0280 0.0220
184 0.4705 0.0750 0.0289 0.0584 0.3416 0.0257
185 0.3188 0.2279 0.1578 0.2333 0.0393 0.0227
186 0.1145 0.1035 0.2190 0.5171 0.0114 0.0344
187 0.0344 0.4668 0.2969 0.1639 0.0096 0.0285
188 0.1625 0.1189 0.1677 0.3779 0.1246 0.0484
189 0.3667 0.1228 0.1110 0.2520 0.1459 0.0019
190 0.0496 0.2810 0.4783 0.1553 0.0050 0.0308
191 0.1973 0.1584 0.2781 0.1141 0.2271 0.0251
192 0.1895 0.2913 0.1851 0.2048 0.1233 0.0062
193 0.3191 0.1394 0.2749 0.1506 0.0470 0.0690
194 0.0660 0.1838 0.2915 0.4175 0.0201 0.0211
195 0.1207 0.5083 0.1599 0.0850 0.0798 0.0462
196 0.1843 0.5996 0.1786 0.0325 0.0035 0.0016
197 0.5791 0.2002 0.0909 0.0938 0.0309 0.0047
198 0.1376 0.1158 0.4172 0.1442 0.1158 0.0692
199 0.3723 0.1126 0.0532 0.1412 0.3184 0.0023
200 0.0279 0.0753 0.2839 0.5142 0.0108 0.0880
201 0.1483 0.1309 0.0972 0.4939 0.1210 0.0088
202 0.0429 0.7251 0.1428 0.0669 0.0155 0.0068
203 0.0621 0.2220 0.3230 0.1367 0.1812 0.0750
204 0.3389 0.2969 0.1814 0.0805 0.0877 0.0145
205 0.1148 0.2394 0.3945 0.0373 0.1697 0.0443
206 0.2013 0.1508 0.1832 0.2524 0.1721 0.0403
207 0.1045 0.5181 0.2195 0.0908 0.0412 0.0258
208 0.2795 0.2078 0.2178 0.2355 0.0555 0.0040
209 0.0227 0.0818 0.7529 0.0572 0.0226 0.0628
210 0.1453 0.2888 0.3223 0.2146 0.0239 0.0051
211 0.2493 0.4622 0.1089 0.0882 0.0784 0.0132
212 0.2006 0.2576 0.1152 0.2917 0.0862 0.0488
213 0.0532 0.0598 0.1425 0.2172 0.1277 0.3994
214 0.2959 0.1986 0.0771 0.2715 0.1522 0.0047
215 0.0836 0.1357 0.3467 0.3691 0.0398 0.0251
216 0.0810 0.1274 0.2917 0.4587 0.0057 0.0354
217 0.1014 0.3887 0.1571 0.0216 0.3274 0.0038
218 0.4321 0.1425 0.0844 0.3137 0.0102 0.0170
219 0.0509 0.1472 0.0740 0.0619 0.6602 0.0060
220 0.1471 0.0763 0.4124 0.2350 0.0299 0.0995
221 0.0432 0.1085 0.5869 0.1506 0.0572 0.0537
222 0.0635 0.2147 0.6826 0.0255 0.0080 0.0059
223 0.1350 0.2881 0.5464 0.0102 0.0151 0.0052
224 0.3057 0.1489 0.2437 0.1478 0.1169 0.0371
225 0.1754 0.1324 0.1782 0.2184 0.2289 0.0666
226 0.1484 0.1655 0.1484 0.2998 0.1847 0.0533
227 0.1567 0.1183 0.1094 0.0355 0.5688 0.0114
228 0.1310 0.1544 0.1028 0.1461 0.4539 0.0118
229 0.0481 0.1652 0.1162 0.6138 0.0528 0.0039
230 0.0181 0.0684 0.1111 0.7588 0.0328 0.0106
231 0.0574 0.1809 0.3433 0.1313 0.2759 0.0115
232 0.0505 0.1632 0.2776 0.2690 0.2030 0.0367
