time exciting_prob fearful_prob tense_prob sad_prob relaxing_prob neutral_prob
0 0.1136 0.1553 0.1349 0.1288 0.0181 0.4492
1 0.1281 0.4436 0.2063 0.1301 0.0345 0.0573
2 0.0684 0.3259 0.3364 0.1181 0.0331 0.1181
3 0.2681 0.1492 0.1664 0.0333 0.2440 0.1390
4 0.0779 0.2595 0.1016 0.2637 0.0646 0.2327
5 0.1376 0.0650 0.2164 0.4304 0.0960 0.0547
6 0.0430 0.2252 0.3127 0.0588 0.2847 0.0754
7 0.0060 0.1759 0.0870 0.6636 0.0584 0.0090
8 0.0459 0.1564 0.7578 0.0202 0.0093 0.0102
9 0.1072 0.2271 0.1273 0.1015 0.1674 0.2695
10 0.2223 0.1704 0.1066 0.0786 0.0612 0.3608
11 0.0460 0.6147 0.1630 0.0412 0.0100 0.1249
12 0.1022 0.1312 0.1880 0.2231 0.0821 0.2734
13 0.0582 0.0547 0.3298 0.1608 0.0453 0.3511
14 0.2607 0.1231 0.0659 0.1736 0.0148 0.3618
15 0.0428 0.2405 0.2443 0.1034 0.0745 0.2947
16 0.0220 0.0637 0.0845 0.7764 0.0204 0.0328
17 0.0381 0.0695 0.1980 0.2175 0.3530 0.1239
18 0.0390 0.0449 0.1129 0.6099 0.0290 0.1642
19 0.1055 0.2715 0.0953 0.2285 0.0443 0.2549
20 0.1851 0.3174 0.1880 0.0433 0.1420 0.1243
21 0.0432 0.1375 0.0847 0.3538 0.3271 0.0538
22 0.0363 0.3494 0.3896 0.1295 0.0335 0.0617
23 0.0246 0.0982 0.1417 0.2014 0.5063 0.0275
24 0.0610 0.3220 0.2213 0.1953 0.1087 0.0916
25 0.0988 0.2058 0.3726 0.2483 0.0156 0.0590
26 0.3911 0.1631 0.0782 0.1819 0.0092 0.1764
27 0.0568 0.0605 0.0826 0.6709 0.0281 0.1013
28 0.1899 0.2086 0.0528 0.3928 0.0133 0.1423
29 0.0347 0.2771 0.1191 0.1027 0.2622 0.2042
30 0.0134 0.1102 0.1761 0.6055 0.0258 0.0690
31 0.0821 0.3857 0.2267 0.0909 0.0587 0.1559
32 0.0649 0.2908 0.2449 0.0735 0.0304 0.2954
33 0.0540 0.3154 0.3413 0.1715 0.0693 0.0484
34 0.0390 0.2949 0.3091 0.1790 0.1329 0.0449
35 0.1490 0.3081 0.2255 0.0480 0.2534 0.0159
36 0.0262 0.1372 0.1394 0.0794 0.0217 0.5962
37 0.2003 0.2695 0.0479 0.2551 0.1294 0.0977
38 0.0367 0.0358 0.0526 0.7905 0.0264 0.0582
39 0.1083 0.2810 0.2581 0.0481 0.0787 0.2258
40 0.1603 0.1577 0.0913 0.0554 0.2190 0.3162
41 0.0974 0.1936 0.1520 0.2045 0.0233 0.3293
42 0.0602 0.2961 0.3684 0.0312 0.0241 0.2200
43 0.1504 0.3184 0.2120 0.2056 0.0733 0.0405
44 0.1198 0.2495 0.2615 0.2085 0.0869 0.0738
45 0.7036 0.0334 0.1241 0.0777 0.0087 0.0526
46 0.0983 0.0397 0.0828 0.6611 0.0086 0.1096
47 0.1565 0.1470 0.3313 0.2622 0.0346 0.0684
48 0.2140 0.1298 0.1948 0.3584 0.0194 0.0838
49 0.0547 0.2932 0.1104 0.3884 0.0765 0.0771
50 0.1444 0.3081 0.1490 0.2534 0.0365 0.1082
51 0.2244 0.2407 0.0921 0.1875 0.1694 0.0858
52 0.1956 0.2891 0.1970 0.1686 0.1283 0.0216
53 0.0978 0.2788 0.2620 0.2578 0.0589 0.0448
54 0.2345 0.3835 0.0947 0.0401 0.2401 0.0069
55 0.1803 0.3315 0.2058 0.0604 0.2141 0.0079
56 0.0732 0.3105 0.1755 0.2827 0.0548 0.1032
57 0.1931 0.2681 0.2089 0.0956 0.1180 0.1162
58 0.2229 0.2883 0.1212 0.1212 0.1967 0.0497
59 0.0789 0.3425 0.1311 0.1250 0.1619 0.1605
60 0.1764 0.3455 0.3401 0.0649 0.0568 0.0165
61 0.0478 0.0685 0.0950 0.4001 0.0126 0.3760
62 0.2698 0.2382 0.3306 0.0179 0.1274 0.0158
63 0.0284 0.3833 0.2676 0.1810 0.0992 0.0407
64 0.0359 0.0923 0.1087 0.3049 0.1849 0.2734
65 0.2710 0.1045 0.0952 0.2391 0.0214 0.2688
66 0.0634 0.6455 0.1462 0.0922 0.0345 0.0183
67 0.0621 0.4446 0.3804 0.0869 0.0077 0.0184
68 0.0227 0.2236 0.3923 0.3254 0.0280 0.0080
69 0.0348 0.4304 0.4441 0.0491 0.0204 0.0209
70 0.0099 0.3145 0.1321 0.5024 0.0293 0.0117
71 0.1545 0.2490 0.2866 0.0391 0.2549 0.0159
72 0.1006 0.4373 0.1420 0.0881 0.1282 0.1038
73 0.1538 0.2576 0.1562 0.3181 0.0511 0.0631
74 0.1351 0.2280 0.1804 0.2839 0.0886 0.0839
75 0.2363 0.4148 0.1562 0.0651 0.0732 0.0544
76 0.0780 0.2810 0.2832 0.1799 0.0627 0.1153
77 0.1119 0.4094 0.2445 0.0838 0.0781 0.0723
78 0.0416 0.0789 0.3025 0.4070 0.0201 0.1498
79 0.0834 0.4009 0.2113 0.2357 0.0319 0.0367
80 0.0318 0.2443 0.3064 0.2947 0.0226 0.1003
81 0.0260 0.2688 0.1373 0.3506 0.1104 0.1069
82 0.1270 0.0537 0.1967 0.5059 0.0146 0.1020
83 0.0477 0.2460 0.1276 0.4185 0.1492 0.0112
84 0.0500 0.3748 0.3440 0.0598 0.1515 0.0200
85 0.0898 0.3965 0.2041 0.1678 0.0722 0.0695
86 0.1013 0.3677 0.2527 0.1204 0.1396 0.0182
87 0.0728 0.0492 0.0728 0.4026 0.0061 0.3965
88 0.1042 0.4387 0.3840 0.0448 0.0137 0.0147
89 0.0481 0.1085 0.1628 0.1566 0.0104 0.5137
90 0.0959 0.3271 0.3220 0.1282 0.0314 0.0952
91 0.0994 0.0438 0.3608 0.2329 0.0191 0.2441
92 0.1113 0.0145 0.0982 0.4265 0.0277 0.3220
93 0.0288 0.2267 0.3350 0.3796 0.0177 0.0123
94 0.0759 0.4043 0.3147 0.1487 0.0337 0.0226
95 0.0497 0.1655 0.2262 0.4226 0.0326 0.1036
96 0.3298 0.1407 0.1322 0.1985 0.0208 0.1780
97 0.0189 0.5825 0.1670 0.2078 0.0049 0.0187
98 0.0685 0.1078 0.2751 0.3479 0.0311 0.1696
99 0.0426 0.2146 0.1779 0.4614 0.0329 0.0707
100 0.0611 0.0715 0.1273 0.2803 0.0081 0.4517
101 0.1660 0.1123 0.1753 0.0692 0.1089 0.3682
102 0.0598 0.1526 0.7056 0.0588 0.0178 0.0051
103 0.0248 0.2369 0.6245 0.0618 0.0042 0.0478
104 0.0697 0.0076 0.0403 0.4763 0.0049 0.4011
105 0.0554 0.3018 0.2242 0.1874 0.0349 0.1963
106 0.0875 0.0362 0.1274 0.4961 0.0111 0.2417
107 0.0611 0.0767 0.1378 0.1315 0.0129 0.5801
108 0.2474 0.2307 0.1056 0.2456 0.1478 0.0228
109 0.0934 0.2073 0.3064 0.1858 0.0272 0.1801
110 0.0771 0.3887 0.3948 0.0293 0.0923 0.0179
111 0.0745 0.4153 0.1576 0.2499 0.0545 0.0484
112 0.0862 0.1913 0.2656 0.1410 0.1335 0.1825
113 0.0743 0.1187 0.2759 0.2397 0.0132 0.2781
114 0.0988 0.1320 0.0958 0.1846 0.0285 0.4604
115 0.0310 0.0054 0.0519 0.2255 0.0027 0.6836
116 0.1840 0.3926 0.3179 0.0565 0.0225 0.0265
117 0.0935 0.0347 0.1680 0.3816 0.0111 0.3113
118 0.2346 0.2854 0.3691 0.0575 0.0427 0.0106
119 0.1497 0.2030 0.4399 0.1112 0.0826 0.0135
120 0.1859 0.4028 0.2369 0.0757 0.0497 0.0489
121 0.2822 0.0703 0.2002 0.2869 0.0809 0.0797
122 0.2313 0.1888 0.1494 0.3064 0.0477 0.0763
123 0.4392 0.3394 0.0787 0.0378 0.0965 0.0083
124 0.5054 0.0441 0.1978 0.1257 0.0109 0.1163
125 0.2737 0.1442 0.2651 0.1794 0.0514 0.0861
126 0.0895 0.1908 0.0468 0.4402 0.0840 0.1487
127 0.3623 0.1431 0.2529 0.0874 0.0867 0.0676
128 0.2490 0.1333 0.3301 0.0945 0.1711 0.0219
129 0.0475 0.5835 0.2340 0.0565 0.0551 0.0232
130 0.1932 0.3113 0.1759 0.1257 0.1277 0.0662
131 0.1233 0.2130 0.1088 0.3027 0.0410 0.2113
132 0.3562 0.2507 0.0989 0.1311 0.1271 0.0361
133 0.1594 0.1498 0.2979 0.2629 0.0634 0.0665
134 0.1964 0.2225 0.1803 0.1996 0.1542 0.0470
135 0.0579 0.3127 0.4771 0.0715 0.0531 0.0278
136 0.2091 0.2971 0.1155 0.1011 0.2463 0.0308
137 0.0370 0.3225 0.1187 0.4409 0.0454 0.0356
138 0.0520 0.7017 0.1191 0.0466 0.0800 0.0008
139 0.1927 0.0720 0.2020 0.2400 0.0170 0.2761
140 0.1560 0.0561 0.1399 0.3628 0.0114 0.2739
141 0.0428 0.0781 0.0690 0.6963 0.0181 0.0957
142 0.0766 0.0815 0.1420 0.3103 0.1159 0.2737
143 0.0171 0.3914 0.2230 0.2449 0.0167 0.1070
144 0.0501 0.0713 0.1532 0.3562 0.0071 0.3618
145 0.0453 0.0339 0.1395 0.4434 0.0136 0.3245
146 0.0747 0.3765 0.2179 0.0644 0.0522 0.2145
147 0.0280 0.7324 0.1313 0.0714 0.0330 0.0038
148 0.0426 0.1409 0.1376 0.4375 0.0983 0.1431
149 0.5288 0.1108 0.1552 0.1199 0.0308 0.0544
150 0.3040 0.3418 0.2330 0.0608 0.0318 0.0285
151 0.1598 0.2117 0.1810 0.1187 0.2035 0.1254
152 0.0233 0.1449 0.0463 0.6753 0.0723 0.0378
153 0.3137 0.2261 0.1566 0.0599 0.0442 0.1995
154 0.3140 0.1077 0.0851 0.0344 0.0618 0.3970
155 0.4399 0.3591 0.0937 0.0254 0.0254 0.0564
156 0.0880 0.4719 0.3193 0.0591 0.0254 0.0364
157 0.1910 0.1823 0.3301 0.1080 0.0983 0.0903
158 0.1785 0.2678 0.3604 0.0911 0.0218 0.0804
159 0.0612 0.1436 0.2329 0.3135 0.1381 0.1109
160 0.0343 0.3953 0.2632 0.1150 0.0251 0.1674
161 0.0092 0.1941 0.1686 0.2305 0.0178 0.3799
162 0.0285 0.3264 0.2996 0.0769 0.0124 0.2561
163 0.0403 0.1832 0.2059 0.3396 0.0118 0.2192
164 0.1615 0.2993 0.3418 0.0734 0.0571 0.0668
165 0.0933 0.2273 0.1885 0.3059 0.1378 0.0473
166 0.2357 0.1292 0.2607 0.2338 0.0482 0.0923
167 0.0647 0.1425 0.1678 0.3040 0.0102 0.3110
168 0.0296 0.0117 0.0335 0.2634 0.0095 0.6523
169 0.0901 0.1821 0.2489 0.2734 0.0753 0.1301
170 0.0412 0.1102 0.2157 0.2369 0.0235 0.3726
171 0.0956 0.4705 0.0986 0.2120 0.0278 0.0956
172 0.0529 0.4910 0.3428 0.0534 0.0076 0.0526
173 0.0375 0.0254 0.0663 0.2522 0.0141 0.6045
174 0.0640 0.2473 0.2133 0.1942 0.0433 0.2379
175 0.1170 0.2764 0.2637 0.0651 0.0612 0.2168
176 0.1127 0.2025 0.2661 0.2330 0.1541 0.0316
177 0.1132 0.0630 0.1454 0.5659 0.0692 0.0433
178 0.0899 0.2622 0.3162 0.2350 0.0806 0.0160
179 0.1726 0.0803 0.2396 0.3027 0.0766 0.1282
180 0.0265 0.2898 0.2808 0.0912 0.1276 0.1842
181 0.0231 0.6846 0.1871 0.0677 0.0130 0.0246
182 0.0289 0.0227 0.0786 0.6284 0.0067 0.2347
183 0.0333 0.4250 0.3525 0.0905 0.0162 0.0824
184 0.1085 0.2407 0.2262 0.0628 0.0668 0.2949
185 0.0309 0.3850 0.2627 0.0936 0.1112 0.1165
186 0.2206 0.1218 0.0805 0.0905 0.0161 0.4705
187 0.1208 0.1785 0.2086 0.3413 0.0651 0.0856
188 0.0866 0.0387 0.0654 0.3821 0.0142 0.4131
189 0.0557 0.2119 0.2639 0.1664 0.0383 0.2639
190 0.0778 0.0882 0.1304 0.6519 0.0211 0.0307
191 0.1747 0.3845 0.1641 0.1191 0.1460 0.0117
192 0.1730 0.0756 0.1652 0.2556 0.0667 0.2639
193 0.0491 0.1454 0.0720 0.5884 0.0578 0.0875
194 0.0812 0.2139 0.3872 0.0751 0.0355 0.2073
195 0.1212 0.0530 0.3677 0.0591 0.3000 0.0989
196 0.4421 0.2349 0.0558 0.0898 0.1653 0.0121
197 0.1472 0.4226 0.0770 0.1519 0.1616 0.0396
198 0.0746 0.2927 0.3315 0.2043 0.0585 0.0384
199 0.1737 0.1013 0.1281 0.4102 0.0224 0.1644
200 0.1306 0.0762 0.1481 0.0608 0.5332 0.0512
201 0.0764 0.2524 0.4360 0.1309 0.0206 0.0839
202 0.0605 0.6255 0.2247 0.0217 0.0416 0.0260
203 0.2837 0.2192 0.1210 0.1182 0.1519 0.1060
204 0.1687 0.2803 0.0692 0.1881 0.2612 0.0324
205 0.0509 0.4753 0.2211 0.2228 0.0277 0.0021
206 0.5337 0.1181 0.2520 0.0504 0.0264 0.0196
207 0.0432 0.5645 0.1028 0.1748 0.0907 0.0242
208 0.2218 0.2654 0.3252 0.0698 0.0588 0.0588
209 0.0966 0.0505 0.0542 0.4429 0.1531 0.2028
210 0.0562 0.3208 0.0424 0.2205 0.0589 0.3013
211 0.1345 0.0954 0.3542 0.0552 0.0225 0.3381
212 0.1876 0.1416 0.0701 0.2466 0.2708 0.0833
213 0.3257 0.1316 0.1826 0.2659 0.0548 0.0395
214 0.0466 0.4353 0.2443 0.0857 0.0095 0.1787
215 0.0925 0.6270 0.1597 0.0931 0.0156 0.0123
216 0.0450 0.5435 0.2000 0.0394 0.1632 0.0091
217 0.1871 0.1412 0.2598 0.2639 0.0480 0.1002
218 0.2042 0.2010 0.4060 0.1360 0.0396 0.0131
219 0.0710 0.1692 0.3086 0.2189 0.0099 0.2223
220 0.0498 0.3076 0.5654 0.0429 0.0189 0.0152
221 0.0634 0.3047 0.4717 0.0746 0.0577 0.0279
222 0.0447 0.0255 0.0631 0.6890 0.0163 0.1611
223 0.2354 0.1997 0.1982 0.1605 0.0406 0.1656
224 0.4182 0.2556 0.1730 0.0844 0.0500 0.0187
225 0.0428 0.1758 0.1042 0.1871 0.4185 0.0716
226 0.0646 0.3892 0.1882 0.0682 0.2573 0.0325
227 0.0172 0.0555 0.0659 0.8022 0.0156 0.0439
