time exciting_prob fearful_prob tense_prob sad_prob relaxing_prob neutral_prob
0 0.1136 0.1553 0.1349 0.1288 0.0181 0.4492
1 0.1136 0.1553 0.1349 0.1288 0.0181 0.4492
2 0.2220 0.0496 0.0588 0.2808 0.3604 0.0285
3 0.2489 0.1130 0.1029 0.1451 0.3706 0.0193
4 0.2073 0.0739 0.0717 0.1993 0.4287 0.0190
5 0.3396 0.1472 0.0973 0.1404 0.2297 0.0460
6 0.2019 0.0760 0.2288 0.1781 0.2269 0.0882
7 0.1956 0.0337 0.2891 0.2590 0.1333 0.0895
8 0.2595 0.0656 0.2151 0.2101 0.1573 0.0925
9 0.0722 0.1076 0.1085 0.2350 0.4636 0.0131
10 0.1022 0.0551 0.1022 0.1063 0.6211 0.0131
11 0.1545 0.2510 0.3376 0.1522 0.0670 0.0376
12 0.1064 0.3228 0.3489 0.0698 0.1410 0.0113
13 0.2644 0.0893 0.1694 0.1996 0.1935 0.0839
14 0.3018 0.0751 0.3286 0.0734 0.1787 0.0424
15 0.5269 0.0367 0.1711 0.0429 0.2113 0.0110
16 0.3691 0.0389 0.2383 0.1401 0.1842 0.0294
17 0.3218 0.0654 0.2544 0.1129 0.2317 0.0138
18 0.4475 0.0834 0.1418 0.0605 0.2549 0.0118
19 0.4993 0.0888 0.0888 0.0760 0.2358 0.0114
20 0.3538 0.0629 0.1725 0.0777 0.3247 0.0085
21 0.3403 0.0821 0.2756 0.0494 0.2339 0.0186
22 0.4531 0.0613 0.1875 0.0576 0.2075 0.0328
23 0.0841 0.0208 0.1633 0.5835 0.0697 0.0784
24 0.0961 0.0803 0.0461 0.2166 0.5532 0.0078
25 0.0810 0.1421 0.1039 0.1432 0.5156 0.0140
26 0.0966 0.0307 0.1290 0.3733 0.3452 0.0250
27 0.1367 0.0565 0.2593 0.3491 0.1702 0.0282
28 0.3467 0.1025 0.3606 0.0351 0.1434 0.0119
29 0.3535 0.0741 0.3884 0.0517 0.1157 0.0165
30 0.3542 0.0709 0.2759 0.1097 0.1740 0.0156
31 0.4182 0.1002 0.2023 0.1208 0.1539 0.0046
32 0.5171 0.1172 0.1589 0.0706 0.1219 0.0143
33 0.2208 0.0276 0.1027 0.4392 0.0695 0.1404
34 0.2294 0.0524 0.1653 0.3552 0.0627 0.1349
35 0.1007 0.1713 0.2341 0.4045 0.0597 0.0295
36 0.2893 0.2720 0.2676 0.0687 0.0897 0.0126
37 0.1531 0.0604 0.4429 0.1309 0.1904 0.0222
38 0.0695 0.1890 0.2686 0.3342 0.1309 0.0081
39 0.4048 0.1838 0.2051 0.0507 0.1443 0.0114
40 0.1309 0.6196 0.1460 0.0290 0.0663 0.0081
41 0.1063 0.3250 0.2050 0.2632 0.0968 0.0036
42 0.1315 0.0612 0.2135 0.5039 0.0171 0.0726
43 0.2268 0.0725 0.1794 0.3982 0.0640 0.0592
44 0.3633 0.3689 0.0243 0.2345 0.0048 0.0043
45 0.7725 0.1792 0.0053 0.0207 0.0219 0.0006
46 0.8853 0.0947 0.0028 0.0046 0.0126 0.0001
47 0.1036 0.0242 0.0900 0.5342 0.0107 0.2371
48 0.2881 0.0505 0.0648 0.0988 0.4534 0.0445
49 0.2058 0.1201 0.0825 0.0935 0.4426 0.0554
50 0.0811 0.2539 0.1744 0.0244 0.4421 0.0242
51 0.2059 0.0474 0.0928 0.3066 0.2244 0.1229
52 0.3811 0.1025 0.2969 0.1025 0.1025 0.0144
53 0.2646 0.0439 0.3000 0.3296 0.0546 0.0073
54 0.4390 0.1035 0.2993 0.0463 0.0927 0.0193
55 0.3328 0.0454 0.1925 0.2181 0.1409 0.0703
56 0.3398 0.0501 0.1967 0.2030 0.1439 0.0664
57 0.1499 0.2065 0.3596 0.0606 0.0337 0.1896
58 0.2026 0.1642 0.1201 0.0344 0.4675 0.0111
59 0.3909 0.2175 0.2708 0.0114 0.1052 0.0042
60 0.2561 0.1229 0.0825 0.0174 0.4976 0.0233
61 0.1260 0.1965 0.0590 0.0311 0.5825 0.0051
62 0.2253 0.1048 0.2917 0.2272 0.0395 0.1116
63 0.3381 0.0969 0.1410 0.0984 0.2803 0.0451
64 0.1038 0.2910 0.4438 0.0140 0.1194 0.0277
65 0.1196 0.1243 0.4207 0.0616 0.1263 0.1477
66 0.0922 0.1777 0.4648 0.0577 0.0814 0.1261
67 0.3386 0.1841 0.1730 0.1108 0.0876 0.1057
68 0.3149 0.1158 0.2285 0.0660 0.2250 0.0498
69 0.3079 0.2399 0.1825 0.0565 0.1782 0.0351
70 0.3193 0.0356 0.0724 0.2527 0.1462 0.1737
71 0.2054 0.0912 0.2153 0.1771 0.1771 0.1337
72 0.3765 0.0649 0.0718 0.1606 0.3220 0.0041
73 0.4888 0.0398 0.1041 0.2152 0.1082 0.0441
74 0.2966 0.0792 0.2639 0.0558 0.2966 0.0077
75 0.2107 0.1831 0.1831 0.0202 0.3938 0.0092
76 0.4329 0.1735 0.1012 0.0078 0.2839 0.0009
77 0.1870 0.0408 0.1975 0.2037 0.3108 0.0602
78 0.3372 0.0643 0.3533 0.0674 0.1230 0.0546
79 0.2230 0.1863 0.3347 0.0782 0.0664 0.1113
80 0.2878 0.1802 0.3696 0.0268 0.1307 0.0047
81 0.2805 0.0570 0.1490 0.1825 0.2698 0.0612
82 0.3503 0.0576 0.3140 0.1230 0.1278 0.0272
83 0.1484 0.0846 0.0951 0.5430 0.0886 0.0403
84 0.3804 0.0932 0.2939 0.0767 0.1388 0.0171
85 0.1680 0.1844 0.4858 0.0558 0.0240 0.0818
86 0.1469 0.0532 0.3108 0.2039 0.0544 0.2310
87 0.4290 0.1128 0.2881 0.0545 0.1035 0.0121
88 0.4487 0.2023 0.2346 0.0395 0.0721 0.0027
89 0.3169 0.1222 0.1558 0.1021 0.2546 0.0482
90 0.1494 0.1219 0.4976 0.0684 0.0438 0.1191
91 0.3621 0.1558 0.3296 0.0198 0.1030 0.0297
92 0.3462 0.0682 0.0749 0.0228 0.4846 0.0033
93 0.3425 0.1321 0.2079 0.0644 0.2488 0.0043
94 0.3628 0.1796 0.3103 0.0348 0.1097 0.0029
95 0.3586 0.0800 0.3115 0.0859 0.0493 0.1146
96 0.4214 0.0738 0.2255 0.0458 0.1899 0.0437
97 0.4177 0.0693 0.2676 0.0720 0.1688 0.0045
98 0.3806 0.1503 0.2874 0.0134 0.1663 0.0019
99 0.4380 0.0933 0.2418 0.0203 0.2053 0.0013
100 0.1208 0.0970 0.4282 0.2681 0.0182 0.0677
101 0.0886 0.0372 0.1372 0.3291 0.2262 0.1818
102 0.3066 0.1519 0.0879 0.2075 0.1068 0.1393
103 0.2290 0.1899 0.3806 0.0693 0.1188 0.0123
104 0.4507 0.1879 0.2213 0.0260 0.1046 0.0097
105 0.1583 0.0953 0.1621 0.4304 0.0742 0.0797
106 0.2235 0.0791 0.3833 0.2003 0.0206 0.0932
107 0.2322 0.1097 0.2844 0.2472 0.1063 0.0201
108 0.3728 0.1788 0.3042 0.0396 0.0914 0.0133
109 0.2173 0.1110 0.2622 0.2581 0.1003 0.0512
110 0.5430 0.1103 0.2408 0.0347 0.0643 0.0070
111 0.6562 0.0822 0.1726 0.0100 0.0737 0.0052
112 0.3369 0.1818 0.3586 0.0489 0.0542 0.0195
113 0.5225 0.0922 0.2430 0.0256 0.1096 0.0071
114 0.2007 0.1401 0.4250 0.0641 0.1600 0.0100
115 0.2054 0.1886 0.2365 0.1390 0.2222 0.0083
116 0.4788 0.1111 0.1138 0.0788 0.2125 0.0050
117 0.3313 0.1934 0.2769 0.1328 0.0571 0.0084
118 0.3142 0.0746 0.5264 0.0396 0.0319 0.0134
119 0.4619 0.1398 0.3054 0.0090 0.0790 0.0049
120 0.3044 0.2334 0.1681 0.0463 0.2125 0.0352
121 0.2512 0.4692 0.2288 0.0072 0.0278 0.0157
122 0.2979 0.1013 0.1697 0.0204 0.4070 0.0039
123 0.3657 0.1636 0.2474 0.0368 0.1796 0.0069
124 0.0880 0.0894 0.2842 0.4006 0.0564 0.0814
125 0.3513 0.2034 0.2002 0.1633 0.0681 0.0137
126 0.4712 0.1471 0.2644 0.0105 0.1027 0.0041
127 0.2793 0.0521 0.2042 0.3699 0.0525 0.0421
128 0.4062 0.0988 0.2484 0.0706 0.1681 0.0079
129 0.2952 0.1997 0.2793 0.1111 0.1036 0.0112
130 0.3623 0.2130 0.2377 0.1122 0.0601 0.0147
131 0.3372 0.1749 0.3047 0.0989 0.0573 0.0270
132 0.2174 0.1554 0.2225 0.2333 0.1051 0.0663
133 0.1346 0.1170 0.3083 0.1134 0.2852 0.0414
134 0.2722 0.1901 0.3389 0.0637 0.1208 0.0142
135 0.1995 0.4939 0.1155 0.0279 0.1578 0.0055
136 0.2130 0.1738 0.0748 0.0201 0.5151 0.0031
137 0.1746 0.1181 0.5723 0.0360 0.0892 0.0098
138 0.2131 0.2034 0.4880 0.0397 0.0457 0.0099
139 0.2058 0.0604 0.2058 0.0673 0.4565 0.0042
140 0.1638 0.5371 0.1527 0.0052 0.1401 0.0008
141 0.1158 0.6069 0.1431 0.0118 0.1204 0.0020
142 0.1687 0.3833 0.4016 0.0179 0.0251 0.0033
143 0.1482 0.1370 0.1172 0.0143 0.5815 0.0019
144 0.1538 0.0484 0.1855 0.2346 0.1316 0.2458
145 0.0757 0.2026 0.4158 0.0089 0.2925 0.0044
146 0.0613 0.4895 0.2349 0.0087 0.2025 0.0033
147 0.1425 0.0536 0.0699 0.0716 0.6382 0.0242
148 0.1871 0.1493 0.0662 0.0234 0.5679 0.0063
149 0.3298 0.3948 0.1940 0.0036 0.0765 0.0011
150 0.2710 0.2467 0.2429 0.0031 0.2355 0.0008
151 0.4355 0.1873 0.1219 0.0065 0.2482 0.0008
152 0.1802 0.4858 0.1298 0.0207 0.1774 0.0063
153 0.6523 0.1421 0.1124 0.0146 0.0779 0.0008
154 0.0395 0.3545 0.1142 0.0709 0.3984 0.0225
155 0.0837 0.3779 0.1930 0.0377 0.2744 0.0333
156 0.2708 0.4497 0.2075 0.0133 0.0449 0.0139
157 0.1846 0.0668 0.3115 0.2388 0.0995 0.0988
158 0.1874 0.1003 0.5093 0.1128 0.0572 0.0328
159 0.4167 0.2031 0.1271 0.0097 0.2179 0.0254
160 0.3875 0.1995 0.1615 0.0077 0.2140 0.0299
161 0.2935 0.1429 0.2957 0.0874 0.0736 0.1071
162 0.3022 0.1998 0.3242 0.0419 0.0659 0.0659
163 0.3315 0.3787 0.1860 0.0268 0.0658 0.0109
164 0.2125 0.1028 0.2974 0.1372 0.1832 0.0669
165 0.1127 0.2703 0.2025 0.2947 0.0567 0.0632
166 0.0619 0.1147 0.5308 0.1321 0.0555 0.1053
167 0.1863 0.1461 0.2566 0.1736 0.0718 0.1656
168 0.1776 0.2029 0.3142 0.0826 0.1340 0.0886
169 0.2069 0.2515 0.3081 0.0593 0.0607 0.1134
170 0.2080 0.1633 0.2800 0.0778 0.0888 0.1821
171 0.1023 0.1409 0.2360 0.1866 0.0983 0.2360
172 0.3574 0.3926 0.1974 0.0109 0.0307 0.0110
173 0.4885 0.2534 0.1729 0.0114 0.0417 0.0322
174 0.3186 0.3311 0.2189 0.0452 0.0545 0.0318
175 0.1887 0.0705 0.4526 0.2581 0.0120 0.0181
176 0.1543 0.0788 0.4827 0.2245 0.0224 0.0372
177 0.5566 0.0909 0.2610 0.0258 0.0564 0.0090
178 0.4839 0.1272 0.2377 0.0257 0.0916 0.0340
179 0.3564 0.2014 0.3000 0.0304 0.0820 0.0297
180 0.2683 0.2224 0.3784 0.0613 0.0500 0.0197
181 0.2949 0.2625 0.2771 0.0546 0.0988 0.0123
182 0.2146 0.2284 0.3350 0.0453 0.1711 0.0055
183 0.2847 0.4272 0.1941 0.0267 0.0660 0.0012
184 0.1542 0.2026 0.4785 0.0652 0.0623 0.0372
185 0.1180 0.5288 0.1886 0.1074 0.0335 0.0236
186 0.3113 0.1830 0.2313 0.0858 0.1705 0.0183
187 0.1940 0.2632 0.3274 0.0309 0.1794 0.0051
188 0.1299 0.4790 0.3191 0.0192 0.0453 0.0076
189 0.1594 0.2546 0.3271 0.0168 0.2079 0.0342
190 0.2585 0.1656 0.4536 0.0619 0.0350 0.0254
191 0.4365 0.0974 0.3269 0.0239 0.1078 0.0073
192 0.3325 0.1476 0.3174 0.1114 0.0725 0.0186
193 0.4719 0.1532 0.2710 0.0339 0.0482 0.0216
194 0.3181 0.1469 0.3037 0.1348 0.0343 0.0622
195 0.3342 0.1350 0.3264 0.0921 0.0504 0.0618
196 0.2659 0.0792 0.0857 0.0039 0.5630 0.0022
197 0.1935 0.3616 0.1832 0.2125 0.0217 0.0275
198 0.2654 0.3152 0.1466 0.1597 0.0743 0.0388
199 0.2842 0.2668 0.3884 0.0254 0.0176 0.0175
200 0.1685 0.3049 0.4233 0.0486 0.0388 0.0158
201 0.4700 0.0962 0.2720 0.0374 0.1143 0.0102
202 0.2546 0.4199 0.2649 0.0138 0.0385 0.0084
203 0.2233 0.2181 0.1880 0.2433 0.0960 0.0312
204 0.1497 0.3945 0.3481 0.0464 0.0479 0.0135
205 0.2003 0.1560 0.4622 0.1398 0.0145 0.0273
206 0.0702 0.2015 0.4541 0.1311 0.0160 0.1271
207 0.3135 0.4026 0.0694 0.0240 0.1873 0.0032
208 0.3657 0.1912 0.3628 0.0203 0.0483 0.0118
209 0.2539 0.3086 0.3445 0.0238 0.0306 0.0386
210 0.2539 0.5459 0.1665 0.0063 0.0191 0.0086
211 0.2361 0.4998 0.2306 0.0045 0.0170 0.0119
212 0.1818 0.4714 0.3044 0.0072 0.0177 0.0177
213 0.6772 0.1097 0.1234 0.0436 0.0327 0.0134
214 0.4324 0.3420 0.1191 0.0399 0.0618 0.0049
215 0.4661 0.1305 0.2656 0.0588 0.0491 0.0300
216 0.3289 0.4290 0.1299 0.0316 0.0775 0.0031
217 0.5332 0.1871 0.1208 0.0677 0.0870 0.0044
218 0.1951 0.0707 0.4829 0.2076 0.0198 0.0240
219 0.1316 0.0662 0.2576 0.4963 0.0203 0.0280
220 0.1954 0.0754 0.5151 0.1895 0.0082 0.0167
221 0.1956 0.1039 0.4077 0.2472 0.0183 0.0273
222 0.2283 0.3535 0.3481 0.0505 0.0169 0.0026
223 0.4141 0.2148 0.2131 0.0766 0.0450 0.0362
224 0.1780 0.3708 0.2734 0.1149 0.0322 0.0307
225 0.1384 0.1521 0.6763 0.0230 0.0055 0.0048
226 0.1823 0.1055 0.6665 0.0216 0.0173 0.0069
227 0.1027 0.1003 0.7300 0.0432 0.0155 0.0082
228 0.1262 0.1442 0.6821 0.0337 0.0082 0.0056
229 0.1968 0.1497 0.4199 0.0989 0.1193 0.0154
230 0.1941 0.0953 0.3127 0.0809 0.1548 0.1622
231 0.2155 0.1602 0.3364 0.1993 0.0396 0.0492
232 0.2019 0.3203 0.2634 0.0417 0.0743 0.0984
233 0.1680 0.4460 0.2042 0.0537 0.0558 0.0723
234 0.3992 0.2578 0.2659 0.0181 0.0540 0.0051
235 0.3621 0.2886 0.3071 0.0100 0.0302 0.0019
236 0.5806 0.1637 0.2152 0.0067 0.0300 0.0040
237 0.1816 0.2406 0.5337 0.0260 0.0135 0.0047
238 0.1322 0.1113 0.5068 0.2113 0.0097 0.0288
239 0.4314 0.1125 0.2103 0.1009 0.0941 0.0507
240 0.6514 0.0903 0.1837 0.0133 0.0510 0.0104
241 0.6919 0.1147 0.1147 0.0120 0.0604 0.0065
242 0.1200 0.4973 0.2207 0.0844 0.0323 0.0452
243 0.3037 0.0274 0.2056 0.1171 0.1731 0.1731
244 0.5229 0.1022 0.1632 0.0149 0.1364 0.0605
245 0.2976 0.2030 0.3347 0.0266 0.0922 0.0457
246 0.3960 0.2086 0.1842 0.0261 0.1771 0.0080
247 0.3142 0.1450 0.2354 0.1721 0.1028 0.0306
248 0.3760 0.1506 0.2949 0.0525 0.1129 0.0131
249 0.2318 0.0384 0.3022 0.2355 0.0680 0.1241
250 0.0936 0.5298 0.2389 0.0879 0.0164 0.0334
251 0.0776 0.3943 0.3169 0.1203 0.0339 0.0568
252 0.1724 0.1061 0.0982 0.0277 0.5874 0.0082
253 0.1592 0.1202 0.2280 0.2708 0.0355 0.1862
254 0.2952 0.1818 0.3267 0.0764 0.0723 0.0478
255 0.2681 0.1412 0.4490 0.0608 0.0315 0.0496
256 0.2145 0.0364 0.3401 0.3145 0.0233 0.0713
257 0.1705 0.0956 0.5093 0.0912 0.0768 0.0567
258 0.2365 0.2678 0.4556 0.0067 0.0294 0.0040
259 0.0439 0.2690 0.3350 0.0055 0.3403 0.0061
260 0.2505 0.2448 0.2817 0.0609 0.1461 0.0158
261 0.5356 0.1510 0.1725 0.0587 0.0630 0.0193
262 0.4136 0.1213 0.1820 0.1792 0.0518 0.0522
263 0.1315 0.4412 0.2761 0.0469 0.0661 0.0382
264 0.1558 0.4167 0.2864 0.0293 0.0990 0.0128
265 0.1774 0.1934 0.1482 0.0360 0.4355 0.0094
266 0.1216 0.2135 0.1624 0.0469 0.4380 0.0177
267 0.1410 0.1649 0.1661 0.0726 0.4346 0.0208
268 0.2306 0.2100 0.2654 0.0251 0.2397 0.0291
269 0.3362 0.3013 0.2072 0.0349 0.1002 0.0203
270 0.1067 0.2122 0.5171 0.1349 0.0106 0.0187
271 0.3203 0.3081 0.1345 0.0289 0.2004 0.0079
272 0.5176 0.1506 0.2427 0.0226 0.0581 0.0082
273 0.5386 0.0914 0.1906 0.0950 0.0586 0.0260
274 0.0823 0.0539 0.1294 0.4587 0.0263 0.2494
275 0.0932 0.4048 0.3306 0.1265 0.0157 0.0293
276 0.4626 0.2255 0.1742 0.0206 0.1134 0.0036
277 0.3455 0.0591 0.3977 0.0783 0.0718 0.0475
278 0.4541 0.1130 0.4041 0.0064 0.0149 0.0074
279 0.1350 0.0442 0.2208 0.3967 0.0643 0.1393
280 0.1437 0.0493 0.1774 0.2856 0.0695 0.2747
281 0.0562 0.1411 0.3960 0.0532 0.3308 0.0229
282 0.2786 0.1743 0.3359 0.0773 0.0926 0.0411
283 0.3010 0.0940 0.0890 0.0947 0.3958 0.0253
284 0.2805 0.1160 0.3203 0.1389 0.1346 0.0095
285 0.2642 0.0673 0.2834 0.1059 0.2642 0.0150
286 0.0392 0.0641 0.0693 0.7812 0.0291 0.0169
287 0.0388 0.2610 0.2549 0.3708 0.0660 0.0084
288 0.0389 0.1564 0.0864 0.6479 0.0155 0.0549
289 0.0215 0.1329 0.2369 0.5684 0.0168 0.0236
290 0.0363 0.1666 0.2010 0.5728 0.0113 0.0121
291 0.1899 0.0448 0.3386 0.2419 0.1357 0.0492
292 0.3853 0.0364 0.1212 0.1631 0.2527 0.0416
293 0.3589 0.0707 0.1722 0.0880 0.2448 0.0654
294 0.3352 0.1022 0.2491 0.1881 0.0487 0.0766
295 0.1946 0.0594 0.1180 0.3870 0.2008 0.0402
296 0.3723 0.0898 0.0956 0.0508 0.3752 0.0160
297 0.4924 0.0947 0.1575 0.0249 0.2255 0.0049
298 0.2849 0.0440 0.0616 0.3774 0.2184 0.0137
299 0.2218 0.1399 0.2361 0.2717 0.0969 0.0335
300 0.3770 0.3125 0.1014 0.0587 0.1454 0.0049
301 0.3662 0.1379 0.2808 0.0978 0.1143 0.0029
302 0.1741 0.0760 0.0992 0.5195 0.1089 0.0223
303 0.4814 0.2458 0.1479 0.0308 0.0891 0.0051
304 0.3828 0.1766 0.1205 0.2164 0.0841 0.0195
305 0.3220 0.2046 0.0460 0.0158 0.4102 0.0015
306 0.3164 0.1340 0.0508 0.0550 0.4392 0.0044
307 0.2747 0.0369 0.1059 0.3872 0.1018 0.0934
308 0.3032 0.0544 0.1315 0.2554 0.1727 0.0829
309 0.2791 0.0972 0.1947 0.1267 0.1887 0.1136
310 0.3171 0.2180 0.2932 0.0670 0.0582 0.0464
311 0.2062 0.0337 0.2566 0.4434 0.0201 0.0400
312 0.5293 0.0473 0.0699 0.1887 0.0637 0.1010
313 0.5444 0.0514 0.0650 0.1941 0.0760 0.0692
314 0.4612 0.0453 0.0600 0.1923 0.0853 0.1558
315 0.1575 0.0656 0.1305 0.4214 0.0291 0.1959
