time exciting_prob fearful_prob tense_prob sad_prob relaxing_prob neutral_prob
0 0.0724 0.0674 0.1544 0.1606 0.5435 0.0018
1 0.2693 0.0635 0.0304 0.0230 0.6113 0.0024
2 0.3025 0.0464 0.0254 0.0309 0.5923 0.0029
3 0.2922 0.0485 0.0262 0.0396 0.5908 0.0029
4 0.2812 0.0623 0.0393 0.0456 0.5684 0.0031
5 0.1046 0.0494 0.0573 0.1849 0.6016 0.0022
6 0.4312 0.0322 0.0726 0.1959 0.2678 0.0004
7 0.3325 0.0362 0.0902 0.1396 0.4011 0.0004
8 0.4863 0.0695 0.0800 0.0950 0.2686 0.0005
9 0.5039 0.0698 0.0791 0.0340 0.3130 0.0003
10 0.0638 0.0361 0.1890 0.2209 0.4824 0.0078
11 0.3235 0.0212 0.1691 0.0123 0.4707 0.0033
12 0.3845 0.0202 0.1238 0.0107 0.4602 0.0004
13 0.2690 0.0345 0.2820 0.0217 0.3916 0.0010
14 0.0863 0.0469 0.6528 0.0744 0.1379 0.0015
15 0.2617 0.0389 0.2576 0.2617 0.1730 0.0074
16 0.6318 0.0340 0.1825 0.0225 0.1284 0.0008
17 0.5322 0.0346 0.2698 0.0130 0.1501 0.0002
18 0.5884 0.0327 0.1794 0.0307 0.1685 0.0006
19 0.3264 0.0711 0.3164 0.1027 0.1816 0.0018
20 0.2549 0.0510 0.2015 0.4136 0.0735 0.0056
21 0.0951 0.1473 0.6011 0.1310 0.0176 0.0078
22 0.0864 0.1349 0.5996 0.1541 0.0190 0.0059
23 0.0937 0.1440 0.6353 0.0937 0.0277 0.0054
24 0.7153 0.0100 0.1263 0.1431 0.0032 0.0018
25 0.0044 0.4531 0.5215 0.0173 0.0007 0.0027
26 0.0204 0.3523 0.5127 0.0484 0.0444 0.0218
27 0.0140 0.4265 0.4910 0.0559 0.0081 0.0045
28 0.1740 0.3250 0.2491 0.1794 0.0498 0.0225
29 0.1318 0.4392 0.2925 0.0764 0.0381 0.0219
30 0.0091 0.1523 0.4272 0.3127 0.0645 0.0340
31 0.0256 0.5103 0.3677 0.0573 0.0023 0.0370
32 0.0140 0.5737 0.2795 0.1183 0.0012 0.0134
33 0.1127 0.3723 0.2832 0.1528 0.0571 0.0220
34 0.1433 0.3748 0.2290 0.1108 0.1274 0.0146
35 0.0215 0.3342 0.2644 0.3447 0.0090 0.0262
36 0.0886 0.2971 0.2157 0.3042 0.0504 0.0438
37 0.0413 0.1398 0.6772 0.1177 0.0074 0.0163
38 0.3276 0.0698 0.2397 0.2361 0.0698 0.0569
39 0.5947 0.0941 0.2347 0.0580 0.0122 0.0062
40 0.4111 0.1107 0.2654 0.1636 0.0307 0.0185
41 0.0709 0.3054 0.4958 0.0954 0.0181 0.0142
42 0.0265 0.2415 0.4583 0.2097 0.0216 0.0426
43 0.6831 0.0984 0.1586 0.0351 0.0218 0.0029
44 0.5532 0.1927 0.2167 0.0129 0.0216 0.0026
45 0.0732 0.3662 0.5244 0.0227 0.0128 0.0006
46 0.4272 0.1957 0.3250 0.0203 0.0302 0.0015
47 0.4717 0.1936 0.2751 0.0190 0.0387 0.0018
48 0.0150 0.4998 0.4077 0.0676 0.0018 0.0081
49 0.1770 0.4019 0.2476 0.1411 0.0150 0.0175
50 0.1606 0.4834 0.3245 0.0224 0.0052 0.0039
51 0.3167 0.3191 0.3191 0.0220 0.0138 0.0095
52 0.0332 0.2084 0.5576 0.1525 0.0026 0.0454
53 0.2368 0.2856 0.3904 0.0711 0.0112 0.0049
54 0.3374 0.2063 0.3508 0.0087 0.0944 0.0024
55 0.0403 0.4609 0.0712 0.3943 0.0311 0.0021
56 0.0485 0.7959 0.0900 0.0135 0.0493 0.0030
57 0.0158 0.4814 0.4814 0.0175 0.0007 0.0032
58 0.1373 0.4504 0.2690 0.0853 0.0358 0.0222
59 0.0190 0.5698 0.3738 0.0307 0.0019 0.0047
60 0.0226 0.1890 0.7593 0.0176 0.0095 0.0022
61 0.1205 0.4692 0.3459 0.0203 0.0348 0.0091
62 0.3105 0.3230 0.3281 0.0049 0.0308 0.0026
63 0.0374 0.2764 0.6035 0.0651 0.0059 0.0114
64 0.0502 0.5190 0.2285 0.0731 0.1030 0.0260
65 0.0295 0.7373 0.1683 0.0534 0.0054 0.0062
66 0.0558 0.0508 0.1239 0.7241 0.0063 0.0390
67 0.0548 0.3958 0.3547 0.0278 0.1599 0.0069
68 0.0475 0.2303 0.0601 0.5610 0.0475 0.0534
69 0.0562 0.2769 0.4424 0.1816 0.0132 0.0296
70 0.0463 0.8208 0.0914 0.0153 0.0206 0.0057
71 0.0475 0.3425 0.2930 0.1342 0.0054 0.1776
72 0.5327 0.2966 0.1389 0.0038 0.0253 0.0027
73 0.0413 0.1866 0.2323 0.4995 0.0089 0.0314
74 0.0272 0.5869 0.0586 0.3069 0.0022 0.0184
75 0.2593 0.3435 0.2324 0.0588 0.0961 0.0097
76 0.2830 0.4084 0.2786 0.0101 0.0162 0.0037
77 0.1550 0.4592 0.2021 0.0743 0.1001 0.0093
78 0.0442 0.6191 0.2426 0.0769 0.0104 0.0067
79 0.0448 0.6133 0.1975 0.0876 0.0208 0.0360
80 0.0455 0.1469 0.1447 0.5210 0.0728 0.0694
81 0.0472 0.3684 0.4805 0.0760 0.0106 0.0172
82 0.0711 0.5171 0.2620 0.1298 0.0140 0.0061
83 0.0854 0.5034 0.2781 0.1150 0.0051 0.0132
84 0.3040 0.2769 0.1034 0.2539 0.0477 0.0142
85 0.1576 0.3442 0.4150 0.0398 0.0389 0.0044
86 0.0898 0.1136 0.0844 0.4219 0.2559 0.0344
87 0.1394 0.6104 0.1708 0.0378 0.0361 0.0055
88 0.0573 0.5518 0.2932 0.0505 0.0264 0.0207
89 0.1205 0.3225 0.4841 0.0230 0.0461 0.0036
90 0.0672 0.0963 0.0492 0.6328 0.1117 0.0431
91 0.0264 0.4099 0.1643 0.3425 0.0361 0.0207
92 0.0801 0.4165 0.4434 0.0179 0.0299 0.0120
93 0.0205 0.2123 0.7407 0.0205 0.0037 0.0022
94 0.0523 0.3440 0.3604 0.1650 0.0243 0.0540
95 0.0373 0.1095 0.1450 0.2507 0.3823 0.0753
96 0.0534 0.0714 0.0483 0.5269 0.2734 0.0264
97 0.0867 0.2798 0.1779 0.1185 0.2756 0.0615
98 0.0439 0.2815 0.2905 0.1761 0.1761 0.0318
99 0.0586 0.6924 0.1364 0.0559 0.0526 0.0042
100 0.0531 0.3354 0.2532 0.0491 0.3054 0.0037
101 0.0504 0.2771 0.1350 0.1603 0.3728 0.0045
102 0.0260 0.3623 0.2002 0.1794 0.2303 0.0016
103 0.3059 0.4084 0.1914 0.0178 0.0738 0.0028
104 0.2795 0.4502 0.1473 0.0101 0.1095 0.0032
105 0.2389 0.2603 0.1137 0.1566 0.2059 0.0246
106 0.5854 0.1564 0.1691 0.0093 0.0786 0.0014
107 0.3726 0.1127 0.4709 0.0193 0.0244 0.0002
108 0.4880 0.1897 0.2717 0.0045 0.0443 0.0018
109 0.0854 0.2214 0.4138 0.2549 0.0150 0.0097
110 0.3589 0.1617 0.4644 0.0107 0.0038 0.0006
111 0.0524 0.8203 0.0485 0.0274 0.0504 0.0011
112 0.0754 0.3274 0.2891 0.2050 0.0895 0.0138
113 0.0839 0.3069 0.5137 0.0852 0.0068 0.0034
114 0.1124 0.1081 0.1610 0.0503 0.5664 0.0019
115 0.0598 0.1458 0.1458 0.1307 0.5171 0.0009
116 0.6655 0.2111 0.0614 0.0221 0.0375 0.0023
117 0.2507 0.4072 0.2712 0.0348 0.0304 0.0057
118 0.4260 0.3369 0.1935 0.0135 0.0270 0.0029
119 0.5059 0.2175 0.2297 0.0256 0.0176 0.0040
120 0.3191 0.2505 0.3940 0.0163 0.0183 0.0016
121 0.6201 0.0416 0.0605 0.2467 0.0229 0.0080
122 0.1271 0.4685 0.3538 0.0361 0.0052 0.0093
123 0.0157 0.1754 0.1187 0.1132 0.5752 0.0021
124 0.0145 0.2656 0.1161 0.2678 0.3333 0.0025
125 0.2426 0.2581 0.3557 0.0331 0.0957 0.0149
126 0.0865 0.3091 0.1085 0.1229 0.3699 0.0033
127 0.0940 0.0273 0.6729 0.2020 0.0031 0.0004
128 0.4744 0.2922 0.1829 0.0050 0.0452 0.0004
129 0.1782 0.2200 0.0790 0.0450 0.4768 0.0009
130 0.4683 0.2078 0.2954 0.0127 0.0140 0.0020
131 0.4648 0.1737 0.3269 0.0106 0.0224 0.0016
132 0.4541 0.2338 0.2668 0.0105 0.0329 0.0018
133 0.2849 0.4587 0.2004 0.0293 0.0184 0.0081
134 0.1404 0.6094 0.2388 0.0056 0.0041 0.0017
135 0.5059 0.2686 0.1847 0.0113 0.0275 0.0022
136 0.0431 0.0689 0.0240 0.0787 0.7822 0.0030
137 0.1437 0.4976 0.3420 0.0110 0.0030 0.0027
138 0.0694 0.4456 0.3635 0.0745 0.0296 0.0174
139 0.1223 0.2130 0.1752 0.2651 0.2214 0.0029
140 0.3999 0.3394 0.1964 0.0176 0.0445 0.0024
141 0.0721 0.5239 0.0597 0.1797 0.1400 0.0243
142 0.0657 0.2786 0.0575 0.1002 0.4968 0.0012
143 0.4258 0.2227 0.2949 0.0103 0.0428 0.0034
144 0.0797 0.5073 0.2472 0.1055 0.0457 0.0147
145 0.3960 0.2617 0.2205 0.0199 0.1002 0.0017
146 0.0988 0.3501 0.1437 0.1903 0.2058 0.0113
147 0.5161 0.2037 0.2290 0.0261 0.0213 0.0036
148 0.1647 0.0656 0.3125 0.4207 0.0109 0.0257
149 0.1698 0.2798 0.3738 0.0777 0.0350 0.0639
150 0.0853 0.5869 0.1121 0.0254 0.1891 0.0011
151 0.3213 0.2522 0.3667 0.0411 0.0091 0.0097
152 0.0312 0.2236 0.0289 0.1294 0.5845 0.0022
153 0.5527 0.2433 0.1132 0.0251 0.0596 0.0063
154 0.4778 0.0637 0.1931 0.2223 0.0389 0.0042
155 0.3923 0.3545 0.2201 0.0056 0.0267 0.0008
156 0.0915 0.1631 0.0959 0.2095 0.4365 0.0034
157 0.1935 0.2952 0.3069 0.1270 0.0674 0.0102
158 0.0611 0.2217 0.5488 0.1215 0.0440 0.0032
159 0.1962 0.0694 0.4854 0.1931 0.0424 0.0136
160 0.0865 0.2279 0.5259 0.1299 0.0224 0.0077
161 0.1050 0.1901 0.3496 0.2944 0.0173 0.0438
162 0.2622 0.1318 0.4390 0.1257 0.0393 0.0019
163 0.0694 0.2367 0.5332 0.0751 0.0739 0.0115
164 0.0864 0.3311 0.4387 0.0722 0.0424 0.0292
165 0.4756 0.3071 0.1428 0.0226 0.0478 0.0041
166 0.0837 0.0727 0.0963 0.6895 0.0414 0.0162
167 0.1621 0.4441 0.2866 0.0209 0.0797 0.0065
168 0.0655 0.3350 0.4043 0.1793 0.0041 0.0118
169 0.2394 0.1545 0.4688 0.1343 0.0021 0.0009
170 0.1643 0.4263 0.3452 0.0242 0.0370 0.0031
171 0.0997 0.2159 0.1289 0.4131 0.1147 0.0277
172 0.0954 0.3518 0.3923 0.0954 0.0182 0.0469
173 0.1931 0.1731 0.5767 0.0504 0.0037 0.0029
174 0.3821 0.3733 0.2094 0.0129 0.0180 0.0043
175 0.0850 0.0850 0.3362 0.4741 0.0117 0.0080
176 0.0765 0.1242 0.3027 0.4473 0.0149 0.0345
177 0.0693 0.4314 0.4812 0.0073 0.0101 0.0006
178 0.0682 0.4958 0.3176 0.0785 0.0371 0.0026
179 0.0839 0.6196 0.2729 0.0114 0.0114 0.0007
180 0.0133 0.6289 0.1775 0.1654 0.0122 0.0027
181 0.0679 0.5596 0.3164 0.0313 0.0215 0.0031
182 0.0484 0.5625 0.3154 0.0317 0.0417 0.0004
183 0.0229 0.3911 0.5518 0.0138 0.0201 0.0005
184 0.0280 0.7451 0.2168 0.0067 0.0034 0.0003
185 0.0941 0.3550 0.5244 0.0111 0.0148 0.0008
186 0.4731 0.2361 0.1958 0.0164 0.0760 0.0024
187 0.0207 0.7188 0.2262 0.0107 0.0067 0.0166
188 0.1477 0.3176 0.3303 0.1700 0.0300 0.0043
189 0.0375 0.2061 0.4033 0.1394 0.2076 0.0059
190 0.0627 0.1874 0.1888 0.1191 0.4390 0.0029
191 0.1118 0.3159 0.2385 0.0234 0.3086 0.0016
192 0.0449 0.4092 0.4324 0.0425 0.0695 0.0017
193 0.0736 0.2910 0.2629 0.1442 0.2231 0.0050
194 0.0568 0.2449 0.2954 0.3218 0.0644 0.0167
195 0.1348 0.1575 0.3606 0.2291 0.1001 0.0179
196 0.0182 0.7944 0.1692 0.0062 0.0096 0.0021
197 0.0726 0.0755 0.5410 0.0414 0.2595 0.0102
198 0.0428 0.0663 0.6543 0.1554 0.0438 0.0375
199 0.0841 0.0881 0.1647 0.4407 0.0983 0.1243
200 0.3013 0.1588 0.1492 0.1316 0.1886 0.0705
201 0.0927 0.3184 0.5498 0.0238 0.0137 0.0015
202 0.0569 0.1582 0.3323 0.1969 0.2338 0.0219
203 0.0289 0.3601 0.2554 0.2085 0.0667 0.0804
204 0.0610 0.5439 0.1895 0.1088 0.0708 0.0262
205 0.1272 0.3101 0.5034 0.0147 0.0440 0.0006
206 0.1482 0.1278 0.4495 0.1093 0.1530 0.0123
207 0.2238 0.4451 0.1550 0.0843 0.0890 0.0030
208 0.1107 0.5410 0.3203 0.0127 0.0149 0.0004
209 0.0299 0.2194 0.5020 0.1543 0.0859 0.0086
210 0.0410 0.0976 0.3655 0.1881 0.3030 0.0050
211 0.0323 0.1976 0.3662 0.1285 0.2722 0.0030
212 0.5449 0.1188 0.2307 0.0779 0.0192 0.0086
213 0.0888 0.1030 0.3379 0.3770 0.0671 0.0263
214 0.0729 0.6353 0.2078 0.0264 0.0559 0.0017
215 0.0307 0.3459 0.2737 0.2959 0.0487 0.0048
216 0.3699 0.1980 0.0935 0.1747 0.0048 0.1591
217 0.3606 0.2422 0.2311 0.0272 0.1306 0.0082
218 0.0906 0.5552 0.2026 0.0276 0.0459 0.0781
219 0.3875 0.2444 0.2296 0.0226 0.1051 0.0107
220 0.0724 0.5742 0.2357 0.0235 0.0840 0.0101
221 0.1389 0.2290 0.5581 0.0269 0.0451 0.0023
222 0.0560 0.3801 0.3831 0.0828 0.0172 0.0809
223 0.0699 0.6230 0.1931 0.0294 0.0667 0.0177
224 0.1024 0.0809 0.5752 0.0123 0.2271 0.0020
225 0.1320 0.3909 0.1012 0.1069 0.2563 0.0127
226 0.1777 0.1290 0.6255 0.0212 0.0457 0.0008
227 0.0454 0.2201 0.6675 0.0561 0.0105 0.0004
228 0.0596 0.6562 0.1986 0.0232 0.0565 0.0057
229 0.0556 0.3796 0.4438 0.0483 0.0362 0.0364
230 0.1478 0.4590 0.2917 0.0211 0.0548 0.0257
231 0.2664 0.1654 0.3816 0.0684 0.1076 0.0107
232 0.0924 0.4109 0.3303 0.0404 0.0682 0.0578
233 0.0466 0.1564 0.5166 0.1886 0.0558 0.0360
234 0.1083 0.1759 0.4153 0.2441 0.0496 0.0067
235 0.0818 0.6191 0.2277 0.0244 0.0431 0.0040
236 0.0467 0.3240 0.3728 0.1230 0.1036 0.0299
237 0.0375 0.4194 0.3093 0.0674 0.1604 0.0060
238 0.0218 0.0978 0.2496 0.5625 0.0434 0.0247
239 0.0361 0.7363 0.1290 0.0605 0.0170 0.0211
240 0.0685 0.4065 0.3643 0.0546 0.0541 0.0521
241 0.1005 0.3794 0.3401 0.1038 0.0702 0.0060
242 0.0677 0.3159 0.2205 0.1931 0.1771 0.0257
243 0.3062 0.2275 0.2578 0.0515 0.1412 0.0159
244 0.1888 0.4424 0.2903 0.0168 0.0550 0.0069
245 0.0706 0.4192 0.4531 0.0299 0.0226 0.0047
246 0.2198 0.3352 0.3799 0.0218 0.0353 0.0080
247 0.0204 0.0459 0.4089 0.4634 0.0097 0.0520
248 0.1750 0.3647 0.3564 0.0117 0.0887 0.0033
249 0.0168 0.1637 0.5122 0.0698 0.1198 0.1179
250 0.0640 0.4580 0.4304 0.0151 0.0170 0.0156
251 0.0247 0.2345 0.3413 0.2920 0.0863 0.0213
252 0.1277 0.1801 0.5996 0.0745 0.0181 0.0002
253 0.0707 0.1340 0.1997 0.5430 0.0521 0.0006
254 0.3037 0.3469 0.2944 0.0150 0.0377 0.0020
255 0.0638 0.6699 0.1681 0.0339 0.0294 0.0349
256 0.0166 0.0962 0.3660 0.3491 0.1598 0.0123
257 0.0267 0.2216 0.5151 0.1476 0.0881 0.0008
258 0.2561 0.2644 0.4192 0.0233 0.0328 0.0043
259 0.3181 0.3386 0.3013 0.0072 0.0310 0.0035
260 0.1543 0.4465 0.3345 0.0378 0.0135 0.0136
261 0.0923 0.2450 0.4724 0.1311 0.0468 0.0124
262 0.1555 0.1920 0.5220 0.0989 0.0313 0.0003
263 0.0739 0.1050 0.3552 0.2329 0.2275 0.0054
264 0.3608 0.2240 0.2703 0.0116 0.1190 0.0145
265 0.0314 0.5063 0.3591 0.0777 0.0252 0.0001
266 0.0418 0.3787 0.3237 0.1934 0.0623 0.0002
267 0.1034 0.5503 0.2766 0.0136 0.0553 0.0007
268 0.1381 0.2661 0.4670 0.0844 0.0380 0.0066
269 0.0911 0.4214 0.3083 0.0602 0.1099 0.0090
270 0.2766 0.1814 0.5005 0.0210 0.0196 0.0008
271 0.1547 0.5151 0.0655 0.1150 0.1387 0.0108
272 0.1267 0.5171 0.2025 0.0585 0.0871 0.0080
273 0.4006 0.2196 0.1953 0.0814 0.0649 0.0381
274 0.1741 0.3892 0.2167 0.1064 0.0191 0.0947
275 0.0406 0.1462 0.3508 0.3792 0.0085 0.0747
276 0.0137 0.1818 0.7769 0.0237 0.0024 0.0015
277 0.0578 0.0487 0.4409 0.4141 0.0144 0.0241
278 0.0555 0.2732 0.5103 0.1036 0.0501 0.0073
279 0.2369 0.1035 0.3936 0.2058 0.0585 0.0017
280 0.2318 0.0718 0.5479 0.0680 0.0795 0.0012
281 0.7563 0.1410 0.0822 0.0072 0.0121 0.0013
282 0.3318 0.2390 0.4067 0.0058 0.0164 0.0003
283 0.0165 0.0823 0.8848 0.0124 0.0019 0.0023
284 0.3992 0.2120 0.2384 0.0780 0.0434 0.0289
285 0.4207 0.3079 0.1941 0.0461 0.0255 0.0058
286 0.0267 0.1144 0.1144 0.7119 0.0165 0.0161
287 0.0809 0.3516 0.4177 0.1294 0.0191 0.0013
288 0.1461 0.1848 0.5562 0.0521 0.0595 0.0015
289 0.0729 0.2886 0.4133 0.0614 0.1606 0.0032
290 0.0394 0.3884 0.4761 0.0329 0.0615 0.0016
291 0.6465 0.1141 0.0552 0.1466 0.0343 0.0032
292 0.5884 0.0625 0.0506 0.2847 0.0113 0.0026
293 0.6841 0.0721 0.0469 0.1857 0.0093 0.0017
294 0.3430 0.2214 0.1223 0.2285 0.0376 0.0471
295 0.3228 0.1987 0.1205 0.2634 0.0385 0.0561
296 0.3303 0.2003 0.1178 0.2612 0.0379 0.0523
297 0.3630 0.2307 0.1179 0.1884 0.0499 0.0503
298 0.3696 0.2313 0.1172 0.1830 0.0500 0.0489
299 0.4211 0.2151 0.1125 0.1675 0.0454 0.0383
300 0.4182 0.2169 0.1135 0.1689 0.0444 0.0380
301 0.4182 0.2169 0.1135 0.1689 0.0444 0.0380
302 0.4231 0.2300 0.1130 0.1532 0.0464 0.0345
303 0.4231 0.2300 0.1130 0.1532 0.0464 0.0345
304 0.4207 0.2360 0.1089 0.1547 0.0464 0.0334
