time exciting_prob fearful_prob tense_prob sad_prob relaxing_prob neutral_prob
0 0.0440 0.1636 0.2495 0.4517 0.0810 0.0101
1 0.0355 0.3557 0.2225 0.2859 0.0899 0.0105
2 0.0474 0.4221 0.3088 0.1350 0.0806 0.0059
3 0.0439 0.3000 0.2230 0.3452 0.0782 0.0095
4 0.0497 0.3291 0.1052 0.4033 0.1052 0.0073
5 0.0279 0.0614 0.2908 0.0120 0.6060 0.0023
6 0.0748 0.2133 0.2612 0.3516 0.0903 0.0089
7 0.0941 0.3184 0.3608 0.1135 0.0941 0.0190
8 0.1200 0.3088 0.3667 0.0806 0.1035 0.0202
9 0.0691 0.0185 0.1176 0.3484 0.3484 0.0983
10 0.0883 0.0271 0.1256 0.4348 0.2920 0.0323
11 0.0088 0.0036 0.0152 0.0331 0.9375 0.0020
12 0.0011 0.0034 0.0086 0.0012 0.9854 0.0006
13 0.0640 0.1912 0.2494 0.3984 0.0835 0.0134
14 0.0947 0.2053 0.3604 0.2400 0.0911 0.0086
15 0.0262 0.0084 0.0211 0.0321 0.8892 0.0231
16 0.0297 0.0079 0.0243 0.0157 0.9102 0.0120
17 0.0649 0.2778 0.4839 0.0317 0.1323 0.0094
18 0.1036 0.1554 0.1460 0.3240 0.2445 0.0264
19 0.0636 0.1226 0.7397 0.0200 0.0488 0.0054
20 0.1050 0.2330 0.4858 0.0408 0.1288 0.0065
21 0.0566 0.2172 0.1257 0.3364 0.2539 0.0102
22 0.0016 0.0061 0.0142 0.0023 0.9727 0.0033
23 0.0036 0.0100 0.0150 0.0007 0.9702 0.0004
24 0.1715 0.2363 0.1207 0.0672 0.4021 0.0022
25 0.1063 0.2590 0.2590 0.1986 0.1725 0.0046
26 0.0859 0.1736 0.0915 0.4036 0.0546 0.1907
27 0.0852 0.2334 0.1484 0.3672 0.0446 0.1211
28 0.1484 0.1427 0.3022 0.0833 0.1749 0.1484
29 0.1182 0.2502 0.2581 0.2074 0.0652 0.1011
30 0.1353 0.1821 0.1710 0.3147 0.0916 0.1054
31 0.1143 0.3359 0.1743 0.1400 0.1490 0.0863
32 0.1131 0.2549 0.1836 0.2549 0.0703 0.1233
33 0.2380 0.1537 0.2344 0.1160 0.1854 0.0726
34 0.2610 0.1594 0.2031 0.0998 0.2113 0.0654
35 0.0880 0.3120 0.1321 0.2795 0.0432 0.1450
36 0.0710 0.3059 0.2496 0.1379 0.1914 0.0441
37 0.0483 0.0703 0.0917 0.0917 0.4109 0.2869
38 0.0999 0.1753 0.4548 0.1263 0.1150 0.0286
39 0.0640 0.2377 0.5400 0.0201 0.1365 0.0018
40 0.0154 0.1642 0.7954 0.0097 0.0142 0.0011
41 0.0977 0.0687 0.1958 0.0164 0.6128 0.0087
42 0.0825 0.4670 0.0905 0.1493 0.1425 0.0684
43 0.1020 0.2563 0.1174 0.0342 0.3911 0.0989
44 0.0311 0.0475 0.0231 0.0162 0.8818 0.0001
45 0.0168 0.1968 0.0324 0.0286 0.7256 0.0001
46 0.1235 0.0491 0.3923 0.1610 0.0671 0.2068
47 0.3267 0.1427 0.1832 0.0619 0.2837 0.0018
48 0.2275 0.2659 0.0750 0.1588 0.2703 0.0025
49 0.0475 0.0888 0.1272 0.0847 0.2413 0.4104
50 0.1315 0.0557 0.4448 0.0977 0.1090 0.1611
51 0.1124 0.3201 0.2133 0.2201 0.0592 0.0749
52 0.0468 0.0610 0.0271 0.0023 0.8623 0.0002
53 0.0392 0.3230 0.4924 0.0616 0.0536 0.0300
54 0.0265 0.3433 0.3540 0.0888 0.1344 0.0530
55 0.0606 0.3252 0.3984 0.1315 0.0544 0.0298
56 0.1547 0.1511 0.0983 0.2693 0.2610 0.0655
57 0.1296 0.3523 0.1447 0.1190 0.2008 0.0536
58 0.0398 0.3354 0.0903 0.0961 0.4309 0.0074
59 0.0459 0.0408 0.0500 0.0034 0.8594 0.0003
60 0.0247 0.0544 0.0315 0.0041 0.8853 0.0001
61 0.0966 0.3369 0.3069 0.0690 0.1405 0.0501
62 0.0615 0.1547 0.4690 0.0923 0.1344 0.0881
63 0.0877 0.0215 0.3416 0.1492 0.0477 0.3523
64 0.0760 0.1223 0.0875 0.1766 0.3623 0.1753
65 0.2031 0.2842 0.2754 0.0840 0.1030 0.0502
66 0.0161 0.0511 0.0220 0.0056 0.9053 0.0001
67 0.0182 0.0534 0.0224 0.0026 0.9033 0.0001
68 0.1992 0.3499 0.1992 0.0323 0.0408 0.1786
69 0.1801 0.0352 0.1401 0.2539 0.3579 0.0328
70 0.0693 0.1180 0.2136 0.1276 0.4182 0.0532
71 0.0851 0.3752 0.1719 0.0662 0.2878 0.0138
72 0.1166 0.1130 0.4265 0.0894 0.0560 0.1984
73 0.0096 0.0186 0.0138 0.0126 0.9375 0.0082
74 0.0345 0.0450 0.0420 0.0100 0.8628 0.0060
75 0.1420 0.0640 0.4373 0.0630 0.2491 0.0447
76 0.1057 0.4812 0.2964 0.0792 0.0208 0.0167
77 0.1489 0.1853 0.4377 0.0715 0.1160 0.0407
78 0.0454 0.1410 0.5156 0.2115 0.0259 0.0606
79 0.0290 0.1473 0.3372 0.0669 0.4067 0.0128
80 0.0504 0.2620 0.3933 0.0386 0.2423 0.0131
81 0.0033 0.0064 0.0109 0.0023 0.9741 0.0033
82 0.0750 0.0891 0.1886 0.5630 0.0366 0.0477
83 0.0409 0.1591 0.0604 0.2705 0.4675 0.0016
84 0.0276 0.2052 0.0499 0.0693 0.6470 0.0008
85 0.0316 0.2159 0.0624 0.0238 0.6650 0.0009
86 0.0833 0.0586 0.0936 0.0764 0.6753 0.0128
87 0.0880 0.0586 0.0776 0.0482 0.7192 0.0083
88 0.0191 0.0341 0.0151 0.0185 0.9131 0.0003
89 0.1537 0.1663 0.3896 0.1143 0.1688 0.0074
90 0.0909 0.2935 0.3828 0.0534 0.1753 0.0041
91 0.1034 0.4973 0.2385 0.0781 0.0576 0.0251
92 0.0892 0.6001 0.1653 0.0751 0.0695 0.0010
93 0.0348 0.1007 0.0293 0.0284 0.8047 0.0021
94 0.0162 0.1333 0.0218 0.0055 0.8232 0.0001
95 0.0840 0.3193 0.1877 0.0908 0.3169 0.0011
96 0.2257 0.1829 0.1842 0.1516 0.0905 0.1652
97 0.2656 0.0970 0.1550 0.2720 0.0566 0.1538
98 0.1026 0.4744 0.3259 0.0278 0.0333 0.0360
99 0.0779 0.5005 0.3494 0.0047 0.0612 0.0064
100 0.0984 0.0883 0.1265 0.4019 0.0767 0.2084
101 0.0592 0.1560 0.1056 0.4731 0.0150 0.1912
102 0.1068 0.4937 0.3367 0.0150 0.0347 0.0133
103 0.0172 0.7759 0.1002 0.0710 0.0166 0.0188
104 0.0484 0.8589 0.0500 0.0038 0.0369 0.0023
105 0.0300 0.8286 0.0735 0.0443 0.0192 0.0044
106 0.1030 0.4336 0.2510 0.0654 0.0867 0.0605
107 0.0883 0.1599 0.3281 0.1188 0.2556 0.0492
108 0.2805 0.1304 0.0374 0.2554 0.2615 0.0351
109 0.0564 0.0834 0.1272 0.4509 0.0483 0.2339
110 0.0605 0.1698 0.1620 0.2113 0.1752 0.2214
111 0.0500 0.1180 0.2040 0.1401 0.4055 0.0824
112 0.0332 0.8364 0.0698 0.0113 0.0426 0.0066
113 0.2294 0.5210 0.1691 0.0106 0.0496 0.0204
114 0.1393 0.5508 0.0478 0.0086 0.2297 0.0237
115 0.0979 0.2969 0.1873 0.0320 0.3579 0.0280
116 0.0863 0.4888 0.1389 0.1562 0.0386 0.0911
117 0.0730 0.6211 0.1570 0.0108 0.1006 0.0376
118 0.0386 0.5850 0.2849 0.0420 0.0437 0.0060
119 0.0932 0.1124 0.1797 0.0977 0.4734 0.0437
120 0.0294 0.0800 0.3162 0.0449 0.5132 0.0164
121 0.2070 0.5083 0.0843 0.0317 0.1125 0.0562
122 0.0913 0.5771 0.1414 0.0456 0.0995 0.0452
123 0.0164 0.8599 0.1027 0.0069 0.0108 0.0034
124 0.1252 0.5522 0.0708 0.0058 0.2302 0.0157
125 0.1128 0.3501 0.2174 0.0399 0.2522 0.0276
126 0.0411 0.2786 0.4812 0.0377 0.1057 0.0557
127 0.0661 0.3804 0.4177 0.0548 0.0371 0.0440
128 0.1338 0.5010 0.2137 0.0222 0.1180 0.0112
129 0.0334 0.1862 0.5474 0.0350 0.1776 0.0207
130 0.0375 0.1307 0.0899 0.0193 0.7070 0.0155
131 0.0161 0.9492 0.0259 0.0010 0.0064 0.0012
132 0.2241 0.2008 0.0445 0.0678 0.3391 0.1238
133 0.3320 0.3533 0.0859 0.0490 0.1053 0.0746
134 0.2927 0.2012 0.0981 0.0729 0.2563 0.0788
135 0.0571 0.1873 0.1238 0.0067 0.6138 0.0112
136 0.0180 0.0467 0.0210 0.0042 0.9082 0.0019
137 0.0710 0.6035 0.2439 0.0515 0.0132 0.0166
138 0.2273 0.3132 0.2363 0.0786 0.1116 0.0330
139 0.2493 0.2252 0.1512 0.1115 0.2051 0.0578
140 0.0949 0.2258 0.0905 0.2922 0.1993 0.0971
141 0.0542 0.7363 0.1012 0.0062 0.0880 0.0142
142 0.2020 0.2085 0.0607 0.1898 0.1649 0.1742
143 0.2325 0.3716 0.0925 0.0515 0.1974 0.0544
144 0.1705 0.2812 0.1602 0.0441 0.3040 0.0399
145 0.0300 0.1658 0.0691 0.0125 0.6982 0.0246
146 0.1057 0.5366 0.0726 0.0205 0.1884 0.0761
147 0.0826 0.4465 0.0795 0.0146 0.3318 0.0449
148 0.0346 0.0818 0.0532 0.0111 0.8130 0.0062
149 0.3550 0.3311 0.1237 0.0236 0.1613 0.0055
150 0.4099 0.3618 0.1165 0.0084 0.1005 0.0028
151 0.0800 0.5132 0.1964 0.0056 0.2010 0.0036
152 0.0728 0.3237 0.2242 0.0137 0.3584 0.0072
153 0.1699 0.4512 0.1072 0.0835 0.0714 0.1168
154 0.1621 0.3828 0.1072 0.0397 0.0848 0.2234
155 0.0978 0.5327 0.1611 0.1065 0.0798 0.0222
156 0.0471 0.1616 0.2927 0.3318 0.1616 0.0051
157 0.0768 0.2944 0.1871 0.0128 0.4150 0.0138
158 0.1437 0.2483 0.0913 0.1506 0.1019 0.2642
159 0.0341 0.3726 0.2190 0.0143 0.3555 0.0044
160 0.0396 0.1678 0.2725 0.1190 0.3843 0.0170
161 0.0241 0.2183 0.3174 0.0237 0.4141 0.0024
162 0.0620 0.2512 0.1896 0.0225 0.4548 0.0198
163 0.0779 0.1927 0.1500 0.0083 0.5664 0.0047
164 0.0377 0.4702 0.2678 0.0779 0.0626 0.0836
165 0.0999 0.5317 0.0862 0.0374 0.1432 0.1015
166 0.0793 0.2155 0.2024 0.0857 0.4153 0.0018
167 0.1065 0.1016 0.3384 0.2363 0.0495 0.1676
168 0.0728 0.1918 0.2581 0.1027 0.2971 0.0775
169 0.1010 0.3904 0.2106 0.1267 0.1035 0.0678
170 0.2263 0.2817 0.1484 0.1967 0.0649 0.0820
171 0.0436 0.1768 0.2114 0.0214 0.3542 0.1925
172 0.0570 0.1598 0.2289 0.0720 0.0273 0.4551
173 0.0624 0.0952 0.2886 0.1520 0.0486 0.3535
174 0.0677 0.2255 0.2515 0.2554 0.1411 0.0588
175 0.1043 0.1361 0.2749 0.4126 0.0181 0.0541
176 0.0708 0.2322 0.1781 0.2081 0.2472 0.0635
177 0.0835 0.0461 0.2654 0.1714 0.3923 0.0414
178 0.0746 0.2563 0.1934 0.3501 0.0268 0.0988
179 0.0839 0.4033 0.2299 0.0113 0.0326 0.2390
180 0.0399 0.2581 0.6094 0.0438 0.0378 0.0110
181 0.0753 0.1544 0.3218 0.0741 0.0182 0.3562
182 0.0361 0.5737 0.2128 0.0691 0.0193 0.0887
183 0.1002 0.5854 0.1516 0.0100 0.0459 0.1067
184 0.0872 0.5259 0.2225 0.0070 0.0957 0.0618
185 0.1499 0.4141 0.3125 0.0170 0.0692 0.0373
186 0.1191 0.1068 0.2025 0.4424 0.0306 0.0987
187 0.0804 0.5205 0.1827 0.0389 0.0480 0.1295
188 0.1085 0.3616 0.1681 0.0482 0.1060 0.2076
189 0.1267 0.3665 0.3337 0.0678 0.0678 0.0374
190 0.0811 0.5669 0.3130 0.0041 0.0165 0.0184
191 0.1155 0.3879 0.3879 0.0131 0.0482 0.0474
192 0.0671 0.2306 0.2455 0.1610 0.0427 0.2532
193 0.0534 0.4543 0.3887 0.0468 0.0223 0.0345
194 0.0608 0.3389 0.3665 0.1392 0.0805 0.0142
195 0.0874 0.3403 0.2357 0.0596 0.1030 0.1738
196 0.0738 0.4592 0.2222 0.0458 0.0312 0.1676
197 0.1385 0.1646 0.3147 0.0834 0.0724 0.2266
198 0.1026 0.3872 0.2769 0.0281 0.1425 0.0627
199 0.0939 0.4014 0.2891 0.0447 0.0324 0.1387
200 0.0474 0.5420 0.1666 0.0339 0.0508 0.1591
201 0.0463 0.3066 0.3643 0.0504 0.0233 0.2091
202 0.0304 0.6069 0.2375 0.0122 0.0085 0.1046
203 0.0334 0.3706 0.1863 0.0169 0.2798 0.1130
204 0.0250 0.3735 0.4648 0.0057 0.0564 0.0747
205 0.1279 0.2076 0.1450 0.3701 0.0729 0.0764
206 0.1268 0.2749 0.2059 0.2729 0.1052 0.0141
207 0.0453 0.3616 0.2729 0.0364 0.2817 0.0021
208 0.0710 0.3335 0.4629 0.0217 0.1058 0.0051
209 0.0938 0.2302 0.1185 0.0300 0.5269 0.0008
210 0.0681 0.0860 0.1204 0.0314 0.6924 0.0017
211 0.0952 0.4099 0.2976 0.0248 0.1321 0.0403
212 0.1387 0.3950 0.3596 0.0136 0.0645 0.0284
213 0.1165 0.6602 0.0740 0.0076 0.1342 0.0077
214 0.0550 0.2644 0.2505 0.0256 0.4033 0.0013
215 0.0729 0.4197 0.2212 0.2078 0.0290 0.0493
216 0.0795 0.0958 0.3293 0.2408 0.0453 0.2094
217 0.0472 0.1378 0.1274 0.0325 0.5986 0.0565
218 0.0475 0.2112 0.1724 0.0379 0.5308 0.0002
219 0.0182 0.0696 0.1029 0.0217 0.7485 0.0391
220 0.0182 0.0408 0.0837 0.0126 0.8320 0.0124
221 0.1221 0.2627 0.4468 0.0237 0.1384 0.0064
222 0.0495 0.0593 0.0773 0.0098 0.7988 0.0051
223 0.0661 0.2437 0.1216 0.0211 0.5405 0.0070
224 0.0534 0.1986 0.1376 0.0279 0.5747 0.0080
225 0.1049 0.2700 0.1083 0.2681 0.2188 0.0301
226 0.1126 0.3362 0.3311 0.0762 0.1017 0.0424
227 0.0456 0.2666 0.4751 0.0893 0.1183 0.0053
228 0.1801 0.1576 0.1588 0.0232 0.4668 0.0134
229 0.3301 0.1431 0.0547 0.1215 0.3250 0.0257
230 0.3767 0.1780 0.1252 0.0881 0.1752 0.0569
231 0.3093 0.2688 0.1129 0.0581 0.1655 0.0853
232 0.2015 0.1923 0.1096 0.2798 0.1835 0.0334
233 0.0855 0.2634 0.2893 0.1039 0.0903 0.1675
234 0.1898 0.2720 0.1573 0.2255 0.0726 0.0829
235 0.3198 0.2452 0.1809 0.1097 0.1365 0.0078
236 0.3162 0.3186 0.1360 0.0831 0.1425 0.0037
237 0.2411 0.3347 0.1281 0.0735 0.2213 0.0012
238 0.0823 0.3411 0.1433 0.0340 0.3987 0.0006
239 0.1371 0.2502 0.1415 0.1011 0.3643 0.0058
240 0.0876 0.1032 0.2805 0.0709 0.4482 0.0093
241 0.1842 0.5288 0.0662 0.0071 0.2008 0.0127
242 0.1232 0.0639 0.2864 0.1486 0.3508 0.0271
243 0.0459 0.2727 0.5015 0.0276 0.1494 0.0031
244 0.0536 0.3132 0.4927 0.0368 0.1025 0.0014
245 0.2224 0.3186 0.1392 0.0520 0.2277 0.0402
246 0.1002 0.1963 0.1553 0.3337 0.2025 0.0119
247 0.0657 0.4458 0.2009 0.0878 0.1978 0.0020
248 0.2173 0.2041 0.2173 0.0637 0.2812 0.0162
249 0.0821 0.2671 0.2778 0.0269 0.3457 0.0006
250 0.1136 0.3113 0.2074 0.1200 0.2462 0.0015
251 0.0682 0.4587 0.2036 0.1610 0.0849 0.0234
252 0.2489 0.1333 0.1333 0.2267 0.1022 0.1558
253 0.7583 0.1010 0.0215 0.0898 0.0280 0.0015
254 0.7471 0.0980 0.0240 0.1019 0.0276 0.0017
255 0.7461 0.0986 0.0244 0.1017 0.0276 0.0017
256 0.7480 0.0974 0.0239 0.1013 0.0277 0.0017
257 0.7534 0.1004 0.0235 0.0950 0.0262 0.0015
258 0.1136 0.1553 0.1349 0.1288 0.0181 0.4492
259 0.1136 0.1553 0.1349 0.1288 0.0181 0.4492
