time exciting_prob fearful_prob tense_prob sad_prob relaxing_prob neutral_prob
0 0.1371 0.0258 0.2058 0.3669 0.0198 0.2445
1 0.2347 0.0508 0.1516 0.3579 0.0346 0.1704
2 0.1622 0.0666 0.2474 0.3955 0.0298 0.0984
3 0.1578 0.0415 0.1309 0.1681 0.0229 0.4788
4 0.5464 0.1705 0.1802 0.0438 0.0399 0.0194
5 0.5630 0.2007 0.1677 0.0207 0.0253 0.0227
6 0.6538 0.0972 0.1666 0.0637 0.0111 0.0074
7 0.6021 0.2214 0.1262 0.0324 0.0094 0.0085
8 0.6680 0.1783 0.1198 0.0156 0.0099 0.0084
9 0.5518 0.1669 0.1643 0.0900 0.0192 0.0080
10 0.5610 0.1880 0.1940 0.0403 0.0122 0.0045
11 0.5078 0.0602 0.1769 0.1797 0.0340 0.0414
12 0.5674 0.0386 0.1481 0.1552 0.0452 0.0455
13 0.5137 0.1761 0.0393 0.1578 0.0684 0.0445
14 0.6040 0.1743 0.0612 0.0417 0.1058 0.0131
15 0.5122 0.1715 0.0253 0.1797 0.0890 0.0225
16 0.3652 0.0975 0.2913 0.0809 0.0267 0.1387
17 0.6055 0.1832 0.0921 0.0456 0.0258 0.0478
18 0.5405 0.1973 0.1648 0.0398 0.0183 0.0395
19 0.5820 0.2174 0.1239 0.0334 0.0146 0.0290
20 0.4565 0.1802 0.2769 0.0338 0.0160 0.0366
21 0.6523 0.0588 0.0465 0.1107 0.0544 0.0773
22 0.5366 0.1783 0.0451 0.1326 0.0798 0.0276
23 0.4949 0.0707 0.1406 0.1558 0.0937 0.0443
24 0.5811 0.0891 0.0441 0.1759 0.0787 0.0310
25 0.5688 0.1351 0.0509 0.1405 0.0914 0.0134
26 0.4951 0.0406 0.1570 0.2302 0.0591 0.0179
27 0.3325 0.0625 0.1633 0.3857 0.0264 0.0297
28 0.3433 0.1794 0.2673 0.1547 0.0243 0.0309
29 0.3196 0.1203 0.4038 0.1148 0.0094 0.0321
30 0.4597 0.1199 0.1277 0.2347 0.0160 0.0421
31 0.6069 0.1499 0.1851 0.0284 0.0068 0.0232
32 0.5181 0.2427 0.1935 0.0275 0.0073 0.0112
33 0.5547 0.1589 0.1858 0.0541 0.0231 0.0233
34 0.6206 0.2196 0.1251 0.0136 0.0087 0.0124
35 0.7700 0.1075 0.0806 0.0197 0.0079 0.0141
36 0.3398 0.0478 0.1069 0.3142 0.0216 0.1696
37 0.1971 0.0267 0.1177 0.5796 0.0076 0.0714
38 0.2235 0.0548 0.1512 0.3804 0.0132 0.1769
39 0.2217 0.0862 0.2035 0.2593 0.0398 0.1897
40 0.2883 0.2299 0.3191 0.1362 0.0179 0.0087
41 0.1392 0.2620 0.4709 0.0734 0.0210 0.0336
42 0.1879 0.4507 0.2450 0.0881 0.0067 0.0216
43 0.3530 0.0996 0.1427 0.3215 0.0140 0.0690
44 0.2496 0.1914 0.2169 0.2169 0.0062 0.1188
45 0.2532 0.1107 0.5708 0.0348 0.0232 0.0073
46 0.1304 0.3176 0.4692 0.0322 0.0048 0.0457
47 0.2194 0.1891 0.3911 0.1592 0.0313 0.0099
48 0.1248 0.2009 0.2878 0.3472 0.0262 0.0130
49 0.2766 0.0346 0.0811 0.5498 0.0244 0.0333
50 0.5967 0.1982 0.0643 0.0555 0.0669 0.0186
51 0.1005 0.0239 0.1683 0.6655 0.0149 0.0266
52 0.1709 0.0258 0.4719 0.2998 0.0050 0.0266
53 0.2194 0.1708 0.3589 0.1351 0.0833 0.0326
54 0.0838 0.3115 0.3906 0.1506 0.0456 0.0179
55 0.3506 0.0364 0.2998 0.2428 0.0490 0.0215
56 0.3625 0.0902 0.2800 0.1794 0.0797 0.0081
57 0.3091 0.1471 0.4824 0.0358 0.0183 0.0073
58 0.3262 0.1414 0.3582 0.1267 0.0333 0.0142
59 0.1415 0.1816 0.4189 0.1816 0.0463 0.0299
60 0.3757 0.1667 0.3420 0.0594 0.0438 0.0122
61 0.4294 0.2177 0.1936 0.0718 0.0643 0.0231
62 0.2177 0.1473 0.4868 0.0951 0.0490 0.0042
63 0.1757 0.2637 0.3281 0.1538 0.0395 0.0395
64 0.2308 0.1841 0.4888 0.0804 0.0113 0.0048
65 0.1204 0.1533 0.2629 0.3945 0.0256 0.0432
66 0.1355 0.3127 0.3079 0.2115 0.0158 0.0167
67 0.0814 0.1671 0.4368 0.2196 0.0266 0.0685
68 0.0689 0.2277 0.3445 0.3064 0.0135 0.0390
69 0.1628 0.2371 0.3396 0.1818 0.0256 0.0533
70 0.2695 0.2098 0.3381 0.1047 0.0345 0.0433
71 0.2365 0.2169 0.4629 0.0414 0.0320 0.0105
72 0.1538 0.2498 0.5288 0.0523 0.0085 0.0069
73 0.2556 0.0455 0.3838 0.2556 0.0163 0.0431
74 0.3918 0.1476 0.2081 0.1910 0.0450 0.0163
75 0.5264 0.1581 0.2355 0.0214 0.0555 0.0029
76 0.1725 0.1725 0.2233 0.3623 0.0615 0.0077
77 0.4880 0.1398 0.2434 0.0606 0.0620 0.0061
78 0.4890 0.1677 0.1731 0.1066 0.0462 0.0173
79 0.3767 0.2910 0.2450 0.0327 0.0468 0.0079
80 0.4417 0.0870 0.2220 0.1676 0.0548 0.0269
81 0.2119 0.0484 0.2598 0.3721 0.0139 0.0941
82 0.1888 0.1076 0.3113 0.3162 0.0091 0.0668
83 0.2145 0.0718 0.1893 0.4070 0.0094 0.1078
84 0.1892 0.1353 0.3762 0.2585 0.0091 0.0316
85 0.0844 0.6851 0.1993 0.0229 0.0017 0.0069
86 0.1710 0.0814 0.3147 0.3621 0.0063 0.0644
87 0.2749 0.2446 0.3616 0.0879 0.0077 0.0233
88 0.2830 0.0786 0.3633 0.2169 0.0082 0.0500
89 0.3396 0.0309 0.3503 0.1531 0.0090 0.1173
90 0.3840 0.1425 0.3062 0.1083 0.0455 0.0134
91 0.7651 0.0973 0.0463 0.0425 0.0363 0.0125
92 0.2659 0.0184 0.0993 0.5625 0.0215 0.0325
93 0.6025 0.1023 0.0461 0.1753 0.0457 0.0280
94 0.6670 0.1674 0.0289 0.0790 0.0433 0.0146
95 0.5820 0.0220 0.0304 0.2771 0.0576 0.0306
96 0.6465 0.0487 0.0413 0.0961 0.1443 0.0232
97 0.2255 0.0985 0.0862 0.5244 0.0273 0.0383
98 0.2522 0.1299 0.5020 0.0505 0.0066 0.0590
99 0.1656 0.0591 0.2710 0.1967 0.0148 0.2930
100 0.2739 0.0640 0.2379 0.2937 0.0401 0.0903
101 0.1964 0.1085 0.5176 0.1173 0.0109 0.0493
102 0.2085 0.0574 0.4277 0.2595 0.0048 0.0420
103 0.3733 0.1044 0.3269 0.1394 0.0122 0.0439
104 0.1459 0.0689 0.3340 0.4221 0.0132 0.0160
105 0.2617 0.0667 0.3992 0.1564 0.0165 0.0994
106 0.2070 0.0710 0.3633 0.3108 0.0089 0.0389
107 0.1576 0.0444 0.2556 0.3132 0.0068 0.2222
108 0.5332 0.1083 0.2461 0.0512 0.0152 0.0459
109 0.1421 0.1142 0.4883 0.2003 0.0267 0.0284
110 0.4055 0.0459 0.2384 0.1744 0.0247 0.1109
111 0.4854 0.1199 0.2240 0.0891 0.0455 0.0363
112 0.5527 0.1097 0.2067 0.0760 0.0205 0.0343
113 0.6470 0.1868 0.1072 0.0228 0.0216 0.0147
114 0.6113 0.1608 0.0888 0.0881 0.0201 0.0307
115 0.3904 0.0657 0.4390 0.0652 0.0183 0.0215
116 0.3765 0.1533 0.4368 0.0138 0.0116 0.0080
117 0.1951 0.2625 0.1129 0.3701 0.0041 0.0555
118 0.1865 0.2017 0.3652 0.1686 0.0120 0.0660
119 0.3347 0.2448 0.1819 0.1631 0.0117 0.0638
120 0.5342 0.1035 0.2859 0.0375 0.0215 0.0174
121 0.4688 0.1545 0.2549 0.0724 0.0183 0.0312
122 0.5894 0.0823 0.2576 0.0354 0.0188 0.0166
123 0.6387 0.0632 0.2386 0.0349 0.0118 0.0126
124 0.4573 0.1147 0.3560 0.0326 0.0306 0.0088
125 0.4910 0.0573 0.1184 0.1497 0.0807 0.1029
126 0.6763 0.0453 0.1112 0.0765 0.0314 0.0595
127 0.6001 0.0906 0.2091 0.0449 0.0375 0.0176
128 0.5977 0.1141 0.0991 0.0681 0.0502 0.0708
129 0.6587 0.1338 0.0812 0.0392 0.0684 0.0187
130 0.5571 0.2323 0.1080 0.0226 0.0687 0.0113
131 0.2172 0.6284 0.1447 0.0062 0.0008 0.0027
132 0.2759 0.3682 0.2198 0.0601 0.0079 0.0681
133 0.3655 0.2115 0.3101 0.0803 0.0103 0.0223
134 0.1582 0.5972 0.1487 0.0290 0.0074 0.0596
135 0.6030 0.1254 0.1926 0.0483 0.0221 0.0086
136 0.5317 0.2634 0.1548 0.0310 0.0089 0.0101
137 0.4312 0.2219 0.1854 0.0947 0.0223 0.0444
138 0.4924 0.1884 0.2085 0.0536 0.0194 0.0377
139 0.4683 0.2014 0.2468 0.0435 0.0184 0.0214
140 0.4343 0.1421 0.1636 0.1514 0.0454 0.0630
141 0.4407 0.1047 0.1387 0.1726 0.0697 0.0737
142 0.3977 0.0665 0.1558 0.2000 0.0382 0.1418
143 0.3564 0.1849 0.3350 0.0639 0.0183 0.0416
144 0.3818 0.0996 0.2729 0.1832 0.0082 0.0542
145 0.2395 0.1808 0.2395 0.2549 0.0061 0.0790
146 0.4441 0.1141 0.1956 0.1262 0.0530 0.0671
147 0.3425 0.0707 0.1777 0.2507 0.0262 0.1321
148 0.2183 0.2571 0.4409 0.0203 0.0078 0.0556
149 0.2410 0.1833 0.4944 0.0302 0.0065 0.0446
150 0.2050 0.3799 0.3740 0.0305 0.0062 0.0046
151 0.2505 0.1077 0.5020 0.1036 0.0063 0.0299
152 0.2776 0.3071 0.2820 0.0771 0.0158 0.0406
153 0.3567 0.2097 0.3511 0.0436 0.0188 0.0201
154 0.1753 0.4802 0.2610 0.0547 0.0076 0.0213
155 0.3523 0.4087 0.2054 0.0200 0.0030 0.0107
156 0.3584 0.3018 0.2705 0.0349 0.0147 0.0199
157 0.2698 0.2476 0.4146 0.0527 0.0040 0.0116
158 0.3433 0.2286 0.3250 0.0771 0.0109 0.0153
159 0.1125 0.1600 0.4084 0.2478 0.0075 0.0637
160 0.1614 0.2367 0.4670 0.0678 0.0164 0.0508
161 0.1375 0.0692 0.2957 0.4041 0.0120 0.0815
162 0.2202 0.2964 0.3865 0.0667 0.0122 0.0181
163 0.2146 0.2510 0.4268 0.0714 0.0134 0.0228
164 0.1974 0.3804 0.3057 0.0925 0.0066 0.0175
165 0.2037 0.3386 0.4182 0.0267 0.0050 0.0077
166 0.2042 0.2581 0.4460 0.0504 0.0041 0.0372
167 0.3513 0.2959 0.3052 0.0286 0.0104 0.0086
168 0.3840 0.2402 0.2240 0.1317 0.0090 0.0112
169 0.6006 0.0674 0.0372 0.1472 0.0770 0.0706
170 0.4805 0.2416 0.1432 0.0527 0.0518 0.0302
171 0.5972 0.0854 0.1046 0.0724 0.0436 0.0967
172 0.6338 0.0769 0.1172 0.0627 0.0643 0.0449
173 0.3245 0.2014 0.3047 0.0464 0.0989 0.0241
174 0.3296 0.1396 0.2549 0.1697 0.0564 0.0498
175 0.3284 0.0863 0.3184 0.1276 0.0571 0.0824
176 0.2847 0.2847 0.3459 0.0373 0.0275 0.0200
177 0.4241 0.2235 0.1000 0.0961 0.0848 0.0714
178 0.6602 0.1310 0.0989 0.0299 0.0643 0.0160
179 0.2651 0.2114 0.4546 0.0429 0.0172 0.0089
180 0.0364 0.0461 0.0551 0.8354 0.0026 0.0244
181 0.1892 0.1581 0.1406 0.1484 0.3506 0.0131
182 0.3904 0.0987 0.0825 0.0360 0.3904 0.0021
183 0.1731 0.5376 0.1237 0.1100 0.0540 0.0017
184 0.1512 0.1927 0.2417 0.3176 0.0162 0.0803
185 0.2401 0.1899 0.2830 0.0715 0.1611 0.0544
186 0.3557 0.1318 0.1173 0.2225 0.1249 0.0478
187 0.3171 0.1938 0.1071 0.1242 0.1908 0.0670
188 0.2429 0.2212 0.1473 0.2487 0.0729 0.0670
189 0.4795 0.1037 0.1212 0.1045 0.1644 0.0266
190 0.0570 0.2185 0.3179 0.3835 0.0070 0.0160
191 0.1224 0.1262 0.5747 0.1105 0.0263 0.0397
192 0.1228 0.1002 0.1932 0.4634 0.0710 0.0492
193 0.3101 0.0854 0.0953 0.2323 0.2200 0.0569
194 0.1049 0.1082 0.3748 0.2021 0.0677 0.1422
195 0.1367 0.0519 0.3127 0.4275 0.0230 0.0480
196 0.2057 0.0589 0.1774 0.4424 0.0369 0.0787
197 0.0606 0.0910 0.1782 0.6172 0.0208 0.0322
198 0.2384 0.1992 0.3284 0.1691 0.0303 0.0346
199 0.3098 0.0526 0.2649 0.1710 0.1545 0.0471
200 0.0906 0.1843 0.3391 0.2947 0.0231 0.0684
201 0.4053 0.1423 0.1613 0.1074 0.1757 0.0080
202 0.1838 0.1987 0.1809 0.3984 0.0239 0.0143
203 0.0599 0.0363 0.1707 0.6963 0.0079 0.0292
204 0.1245 0.1065 0.4019 0.3230 0.0170 0.0271
205 0.0966 0.0577 0.0724 0.7368 0.0152 0.0214
206 0.1938 0.3298 0.2693 0.1292 0.0714 0.0067
207 0.1666 0.2925 0.2812 0.2368 0.0120 0.0107
208 0.0631 0.1899 0.2203 0.5005 0.0156 0.0107
209 0.2566 0.0157 0.1764 0.5352 0.0064 0.0099
210 0.2544 0.0275 0.1832 0.4329 0.0309 0.0712
211 0.1893 0.3323 0.3823 0.0742 0.0047 0.0172
212 0.1393 0.0226 0.1788 0.6240 0.0154 0.0199
213 0.5869 0.1438 0.1129 0.0546 0.0936 0.0084
214 0.4575 0.1696 0.2607 0.0534 0.0422 0.0168
215 0.4534 0.1329 0.0740 0.1289 0.0130 0.1980
216 0.1602 0.1665 0.2040 0.1412 0.0244 0.3037
217 0.2727 0.1616 0.2502 0.0478 0.0155 0.2522
218 0.4631 0.1917 0.1423 0.0667 0.0217 0.1144
219 0.3711 0.1047 0.2286 0.1674 0.0809 0.0472
220 0.7793 0.0902 0.0486 0.0468 0.0293 0.0059
221 0.6475 0.1538 0.0401 0.1009 0.0469 0.0108
222 0.7671 0.1195 0.0228 0.0676 0.0179 0.0052
223 0.7012 0.0824 0.0283 0.1359 0.0431 0.0093
224 0.4666 0.2458 0.1434 0.0744 0.0158 0.0540
225 0.4290 0.0599 0.2191 0.1720 0.0728 0.0470
226 0.5352 0.0807 0.1594 0.1271 0.0801 0.0176
227 0.6890 0.1099 0.0856 0.0280 0.0715 0.0160
228 0.7681 0.1115 0.0666 0.0132 0.0362 0.0043
229 0.6797 0.1602 0.0934 0.0187 0.0320 0.0162
230 0.5244 0.1049 0.1305 0.1599 0.0320 0.0484
231 0.3542 0.2396 0.1302 0.1956 0.0353 0.0450
232 0.2869 0.2251 0.2114 0.2415 0.0064 0.0288
233 0.4302 0.1940 0.2395 0.0938 0.0088 0.0337
234 0.4824 0.0334 0.1035 0.2542 0.0775 0.0489
235 0.3823 0.1112 0.3762 0.0551 0.0222 0.0529
236 0.5430 0.0852 0.0907 0.1580 0.0244 0.0989
237 0.5146 0.0827 0.0982 0.2179 0.0288 0.0577
238 0.4163 0.1138 0.1310 0.2487 0.0384 0.0517
239 0.2279 0.2705 0.3342 0.1060 0.0166 0.0449
240 0.2396 0.2065 0.2551 0.1753 0.0197 0.1039
241 0.0645 0.1522 0.3738 0.1510 0.0094 0.2490
242 0.1279 0.2644 0.3091 0.1310 0.0084 0.1592
243 0.1504 0.2744 0.4055 0.1190 0.0323 0.0184
244 0.7422 0.0701 0.1544 0.0161 0.0135 0.0037
245 0.6572 0.0876 0.1514 0.0465 0.0191 0.0383
246 0.5098 0.0770 0.1230 0.0893 0.1495 0.0513
247 0.5840 0.1177 0.2416 0.0400 0.0090 0.0076
248 0.5195 0.1304 0.1635 0.0991 0.0265 0.0611
249 0.2435 0.0417 0.3831 0.2983 0.0164 0.0168
250 0.4714 0.0482 0.2815 0.1415 0.0189 0.0387
