time exciting_prob fearful_prob tense_prob sad_prob relaxing_prob neutral_prob
0 0.1879 0.1582 0.2197 0.1938 0.1006 0.1396
1 0.0635 0.1187 0.1344 0.5483 0.0200 0.1150
2 0.1229 0.2368 0.1680 0.1934 0.0599 0.2191
3 0.1107 0.1160 0.2037 0.2457 0.0540 0.2698
4 0.1421 0.1107 0.2202 0.1913 0.0574 0.2783
5 0.1471 0.0851 0.2141 0.2351 0.0349 0.2837
6 0.1129 0.0653 0.5913 0.1642 0.0172 0.0493
7 0.0626 0.1265 0.3491 0.3130 0.0535 0.0955
8 0.1311 0.0659 0.4365 0.2690 0.0316 0.0659
9 0.2264 0.0600 0.4646 0.1461 0.0093 0.0936
10 0.1200 0.0642 0.6689 0.1010 0.0105 0.0352
11 0.1722 0.0409 0.2544 0.3425 0.0281 0.1617
12 0.2219 0.0954 0.2893 0.2515 0.0135 0.1284
13 0.1461 0.1249 0.2159 0.2092 0.0177 0.2861
14 0.1572 0.0754 0.2183 0.2051 0.0265 0.3176
15 0.0446 0.1708 0.3267 0.1331 0.2371 0.0879
16 0.0475 0.1558 0.3296 0.1013 0.2979 0.0681
17 0.0498 0.2097 0.2910 0.0423 0.3796 0.0275
18 0.0333 0.1826 0.2988 0.1235 0.3035 0.0584
19 0.4067 0.0701 0.4263 0.0439 0.0164 0.0367
20 0.3677 0.0432 0.3193 0.1332 0.0183 0.1184
21 0.1459 0.2482 0.4028 0.1414 0.0129 0.0489
22 0.4429 0.0695 0.3730 0.0313 0.0555 0.0277
23 0.4165 0.0586 0.4297 0.0329 0.0319 0.0304
24 0.3892 0.0731 0.4275 0.0175 0.0709 0.0218
25 0.3508 0.0959 0.2690 0.0388 0.1908 0.0547
26 0.1808 0.1167 0.2800 0.2756 0.0518 0.0952
27 0.1815 0.3186 0.3337 0.0972 0.0187 0.0504
28 0.1290 0.1005 0.3401 0.1908 0.0201 0.2195
29 0.1346 0.1188 0.3716 0.2362 0.0200 0.1188
30 0.1307 0.0871 0.3611 0.2561 0.0421 0.1229
31 0.3882 0.0270 0.2281 0.2109 0.0217 0.1240
32 0.0844 0.2747 0.2834 0.0445 0.0508 0.2622
33 0.1720 0.2261 0.2642 0.2406 0.0209 0.0763
34 0.3003 0.3403 0.2734 0.0350 0.0314 0.0192
35 0.2050 0.1971 0.2050 0.2472 0.0280 0.1177
36 0.3845 0.2705 0.1964 0.1011 0.0204 0.0268
37 0.1365 0.1499 0.3596 0.2549 0.0213 0.0778
38 0.0881 0.1262 0.3223 0.3123 0.0083 0.1429
39 0.0815 0.0578 0.3655 0.2937 0.0117 0.1896
40 0.1043 0.2350 0.2332 0.1844 0.1102 0.1328
41 0.0763 0.2091 0.1816 0.3936 0.1068 0.0326
42 0.0789 0.1148 0.1724 0.4834 0.0741 0.0765
43 0.0870 0.0756 0.4216 0.1600 0.0115 0.2440
44 0.1671 0.1261 0.3945 0.2015 0.0045 0.1062
45 0.0855 0.2150 0.1957 0.2551 0.0163 0.2324
46 0.1196 0.7329 0.1178 0.0172 0.0072 0.0052
47 0.1953 0.1570 0.1429 0.3271 0.0081 0.1697
48 0.2627 0.1473 0.1569 0.2932 0.0233 0.1166
49 0.2157 0.3906 0.1733 0.0972 0.0344 0.0886
50 0.1329 0.0746 0.1137 0.4788 0.0321 0.1681
51 0.0687 0.3542 0.4341 0.1080 0.0163 0.0188
52 0.0630 0.0947 0.5195 0.1512 0.0338 0.1377
53 0.0448 0.2057 0.6641 0.0287 0.0272 0.0296
54 0.0256 0.2095 0.6553 0.0595 0.0093 0.0406
55 0.0287 0.3574 0.5454 0.0354 0.0087 0.0245
56 0.0278 0.0842 0.6416 0.1523 0.0072 0.0869
57 0.0543 0.0168 0.0655 0.8564 0.0047 0.0023
58 0.0547 0.0230 0.0847 0.8296 0.0064 0.0016
59 0.0656 0.1525 0.4697 0.1116 0.0398 0.1610
60 0.0612 0.2037 0.4451 0.0830 0.0646 0.1422
61 0.0737 0.3804 0.4448 0.0380 0.0327 0.0303
62 0.1893 0.4473 0.2249 0.0665 0.0443 0.0277
63 0.0195 0.3027 0.4617 0.0968 0.0388 0.0803
64 0.0280 0.1742 0.4922 0.1769 0.0398 0.0889
65 0.0505 0.2524 0.5391 0.0551 0.0151 0.0880
66 0.0770 0.2373 0.6108 0.0159 0.0497 0.0094
67 0.1602 0.1481 0.2947 0.3667 0.0140 0.0165
68 0.0408 0.0963 0.5371 0.2206 0.0377 0.0673
69 0.0313 0.1627 0.5815 0.1392 0.0374 0.0481
70 0.0447 0.1687 0.6885 0.0592 0.0087 0.0305
71 0.0680 0.2776 0.4199 0.1619 0.0353 0.0376
72 0.0349 0.2456 0.2052 0.2676 0.0398 0.2068
73 0.0883 0.3179 0.5078 0.0211 0.0238 0.0410
74 0.0414 0.1871 0.3840 0.1348 0.0160 0.2366
75 0.0851 0.3906 0.4568 0.0435 0.0097 0.0141
76 0.0670 0.4368 0.4507 0.0211 0.0071 0.0175
77 0.1215 0.2825 0.3459 0.1823 0.0342 0.0337
78 0.0984 0.2454 0.3225 0.0903 0.1443 0.0991
79 0.0520 0.3394 0.3726 0.1693 0.0227 0.0442
80 0.2401 0.3059 0.2136 0.0607 0.0811 0.0986
81 0.2598 0.2346 0.2153 0.2383 0.0125 0.0395
82 0.0751 0.1248 0.1229 0.6143 0.0057 0.0571
83 0.0953 0.0938 0.1149 0.6309 0.0106 0.0543
84 0.0358 0.3115 0.5015 0.0942 0.0181 0.0387
85 0.1490 0.3132 0.3604 0.0726 0.0919 0.0129
86 0.2949 0.1890 0.1329 0.0381 0.3240 0.0214
87 0.1249 0.1085 0.2158 0.3342 0.0658 0.1506
88 0.1337 0.2458 0.3809 0.1198 0.0562 0.0637
89 0.0487 0.2532 0.2573 0.3684 0.0104 0.0620
90 0.1871 0.4055 0.0956 0.0160 0.2681 0.0278
91 0.1620 0.3826 0.1938 0.0601 0.0724 0.1292
92 0.1530 0.2769 0.3420 0.1119 0.0344 0.0818
93 0.0379 0.2759 0.5571 0.0924 0.0121 0.0245
94 0.3000 0.0337 0.1631 0.3452 0.0416 0.1165
95 0.2932 0.0814 0.2230 0.2798 0.0367 0.0860
96 0.2856 0.0825 0.2349 0.2856 0.0251 0.0864
97 0.2698 0.2783 0.2595 0.0579 0.0817 0.0527
98 0.1378 0.2554 0.4346 0.0527 0.0354 0.0842
99 0.0363 0.2925 0.6001 0.0474 0.0055 0.0184
100 0.0908 0.4036 0.2229 0.0555 0.0425 0.1848
101 0.0089 0.4438 0.1261 0.0649 0.0051 0.3511
102 0.0276 0.4084 0.3689 0.0532 0.0523 0.0897
103 0.1461 0.1907 0.1416 0.3674 0.0591 0.0951
104 0.1660 0.3743 0.2341 0.1399 0.0440 0.0417
105 0.0667 0.2556 0.3577 0.1945 0.0732 0.0523
106 0.0142 0.1294 0.2253 0.2253 0.0133 0.3923
107 0.0352 0.2703 0.1718 0.3752 0.0128 0.1348
108 0.2340 0.0888 0.2490 0.2197 0.0204 0.1880
109 0.0205 0.4666 0.2007 0.1117 0.0191 0.1813
110 0.0093 0.5186 0.1281 0.1558 0.0063 0.1820
111 0.0066 0.5649 0.1395 0.1545 0.0176 0.1166
112 0.1503 0.1135 0.2598 0.2637 0.0169 0.1960
113 0.1945 0.2537 0.2786 0.1379 0.0408 0.0948
114 0.4929 0.1083 0.3389 0.0227 0.0200 0.0171
115 0.4404 0.0778 0.2935 0.1071 0.0216 0.0596
116 0.0126 0.4614 0.2284 0.1282 0.0112 0.1582
117 0.1968 0.0376 0.1353 0.4578 0.0217 0.1509
118 0.2834 0.1201 0.1591 0.3420 0.0209 0.0745
119 0.0693 0.0461 0.1284 0.2052 0.0354 0.5156
120 0.0626 0.0667 0.0883 0.0704 0.0070 0.7051
121 0.0526 0.0332 0.0910 0.1560 0.0692 0.5981
122 0.1709 0.0915 0.1395 0.4573 0.0137 0.1270
123 0.2495 0.2272 0.2456 0.1125 0.0263 0.1389
124 0.1758 0.5415 0.1758 0.0519 0.0156 0.0395
125 0.0423 0.4729 0.4583 0.0089 0.0017 0.0159
126 0.0184 0.3059 0.6377 0.0259 0.0068 0.0053
127 0.0510 0.4956 0.3569 0.0506 0.0213 0.0245
128 0.0127 0.5854 0.2294 0.0699 0.0074 0.0948
129 0.0365 0.4016 0.5156 0.0282 0.0027 0.0152
130 0.0263 0.3635 0.5459 0.0421 0.0037 0.0184
131 0.0236 0.2037 0.6177 0.0933 0.0045 0.0570
132 0.0117 0.2612 0.4111 0.1421 0.0024 0.1714
133 0.0143 0.2444 0.6338 0.0818 0.0055 0.0202
134 0.0897 0.2637 0.2439 0.1246 0.0225 0.2556
135 0.0779 0.3411 0.5366 0.0133 0.0255 0.0057
136 0.0436 0.2100 0.6777 0.0119 0.0433 0.0136
137 0.0380 0.2991 0.6187 0.0363 0.0046 0.0036
138 0.0574 0.2634 0.5981 0.0487 0.0178 0.0147
139 0.0357 0.2769 0.5420 0.0987 0.0274 0.0193
140 0.0265 0.5200 0.2534 0.0480 0.0531 0.0992
141 0.1897 0.2593 0.3833 0.0253 0.0401 0.1024
142 0.0774 0.1010 0.5127 0.2966 0.0048 0.0077
143 0.0599 0.1891 0.1721 0.1721 0.3560 0.0509
144 0.0388 0.2739 0.2825 0.1388 0.2003 0.0656
145 0.0868 0.3301 0.4692 0.0681 0.0324 0.0134
146 0.0385 0.2817 0.5605 0.0542 0.0555 0.0095
147 0.0196 0.2795 0.6602 0.0224 0.0141 0.0043
148 0.0071 0.3694 0.5811 0.0341 0.0043 0.0037
149 0.0058 0.4304 0.5439 0.0133 0.0027 0.0037
150 0.0132 0.2812 0.6538 0.0375 0.0045 0.0098
151 0.1204 0.0765 0.2096 0.5791 0.0123 0.0023
152 0.0456 0.0623 0.1415 0.7300 0.0145 0.0062
153 0.0942 0.0585 0.1831 0.6592 0.0033 0.0017
154 0.0270 0.4434 0.4231 0.0887 0.0097 0.0082
155 0.0356 0.4199 0.4907 0.0471 0.0005 0.0062
156 0.0757 0.4526 0.3965 0.0268 0.0116 0.0369
157 0.1007 0.2435 0.5278 0.0640 0.0327 0.0312
158 0.0513 0.3093 0.2446 0.0996 0.0449 0.2505
159 0.1180 0.0612 0.2832 0.2539 0.0049 0.2788
160 0.0169 0.4097 0.3093 0.0740 0.0486 0.1416
161 0.1973 0.1215 0.3572 0.2573 0.0218 0.0450
162 0.0246 0.3528 0.2156 0.0920 0.0508 0.2642
163 0.1980 0.3394 0.2949 0.0684 0.0950 0.0044
164 0.1015 0.0443 0.1304 0.6514 0.0251 0.0472
165 0.0901 0.1158 0.2568 0.4438 0.0350 0.0582
166 0.0142 0.6567 0.1536 0.1106 0.0064 0.0587
167 0.1630 0.1967 0.3191 0.1951 0.0914 0.0347
168 0.2202 0.2185 0.3010 0.2135 0.0386 0.0083
169 0.2544 0.1875 0.2771 0.0290 0.0541 0.1980
170 0.2000 0.0522 0.1606 0.3621 0.0460 0.1792
171 0.1188 0.2272 0.2871 0.1573 0.0749 0.1346
172 0.1935 0.1003 0.2297 0.3669 0.0237 0.0858
173 0.2012 0.1318 0.2622 0.3115 0.0220 0.0712
174 0.0228 0.4404 0.1582 0.1113 0.0241 0.2432
175 0.0113 0.4331 0.3025 0.1104 0.0137 0.1290
176 0.1445 0.3662 0.3208 0.0919 0.0389 0.0377
177 0.4153 0.0850 0.3389 0.1058 0.0298 0.0253
178 0.4543 0.0840 0.3484 0.0569 0.0376 0.0189
179 0.5391 0.0853 0.2932 0.0373 0.0284 0.0168
180 0.3054 0.2133 0.1234 0.2115 0.0822 0.0640
181 0.1174 0.1819 0.1351 0.4229 0.0233 0.1193
182 0.2524 0.1165 0.0866 0.4229 0.0419 0.0795
183 0.1790 0.0445 0.1996 0.5259 0.0073 0.0439
184 0.1346 0.2255 0.4082 0.1433 0.0134 0.0750
185 0.1293 0.1536 0.1987 0.4409 0.0144 0.0630
186 0.1296 0.1010 0.2703 0.2810 0.1180 0.1002
187 0.0143 0.4587 0.2134 0.0392 0.0129 0.2615
188 0.0760 0.1294 0.2417 0.4958 0.0327 0.0243
189 0.0900 0.0943 0.1875 0.5513 0.0207 0.0563
190 0.2217 0.0430 0.1882 0.4443 0.0330 0.0698
191 0.1052 0.1260 0.4429 0.2028 0.0467 0.0764
192 0.1559 0.0298 0.1925 0.5234 0.0251 0.0736
193 0.1595 0.0526 0.1365 0.4915 0.0191 0.1409
194 0.1425 0.0695 0.1887 0.4822 0.0360 0.0812
195 0.1426 0.0769 0.2971 0.2386 0.1035 0.1414
196 0.1005 0.2588 0.2319 0.2629 0.1062 0.0397
197 0.2510 0.0854 0.2472 0.3486 0.0211 0.0468
198 0.3684 0.1115 0.2100 0.2435 0.0300 0.0365
199 0.1843 0.1504 0.2639 0.2404 0.0956 0.0652
200 0.4082 0.1637 0.1637 0.1433 0.0667 0.0544
201 0.1587 0.0836 0.3013 0.4182 0.0118 0.0265
202 0.2734 0.0551 0.1909 0.4438 0.0195 0.0173
203 0.1089 0.0661 0.2253 0.4807 0.0234 0.0954
204 0.3135 0.0739 0.2057 0.2725 0.0812 0.0532
205 0.0387 0.0501 0.1342 0.2627 0.0161 0.4983
206 0.1246 0.1562 0.1930 0.1575 0.0325 0.3362
207 0.0713 0.0290 0.1440 0.5435 0.0059 0.2063
208 0.1327 0.1827 0.3386 0.1855 0.0308 0.1295
209 0.2649 0.0916 0.3245 0.2732 0.0239 0.0219
210 0.1677 0.0971 0.1481 0.1931 0.0417 0.3523
211 0.1953 0.2712 0.3025 0.1558 0.0482 0.0271
212 0.1951 0.4363 0.1036 0.1643 0.0352 0.0654
213 0.1869 0.0421 0.1295 0.4050 0.0144 0.2220
214 0.3015 0.1842 0.4185 0.0780 0.0098 0.0081
215 0.2140 0.2140 0.5381 0.0244 0.0067 0.0031
216 0.2448 0.1605 0.5264 0.0390 0.0192 0.0102
217 0.1189 0.0107 0.0570 0.7754 0.0155 0.0227
218 0.3376 0.0853 0.2649 0.2412 0.0364 0.0345
219 0.2947 0.0331 0.1370 0.3843 0.0264 0.1248
220 0.1519 0.0256 0.0572 0.6196 0.0177 0.1279
221 0.1296 0.0683 0.3635 0.3208 0.0122 0.1058
222 0.2205 0.0255 0.3469 0.3523 0.0062 0.0488
223 0.1809 0.1536 0.5796 0.0327 0.0153 0.0379
224 0.1438 0.0886 0.2729 0.3730 0.0563 0.0653
225 0.1260 0.3560 0.2045 0.2228 0.0439 0.0471
226 0.1671 0.2910 0.2064 0.0681 0.2302 0.0370
227 0.5742 0.1343 0.2469 0.0201 0.0097 0.0148
228 0.4265 0.0634 0.3120 0.0952 0.0183 0.0847
229 0.4795 0.0974 0.3455 0.0388 0.0195 0.0195
230 0.3669 0.0818 0.4426 0.0563 0.0146 0.0378
231 0.1851 0.0968 0.1895 0.1088 0.3274 0.0923
232 0.1483 0.1060 0.3848 0.1239 0.1996 0.0375
233 0.2423 0.0247 0.2620 0.1381 0.0405 0.2922
234 0.5381 0.0537 0.2424 0.0390 0.0627 0.0643
235 0.4800 0.0518 0.2302 0.1014 0.0564 0.0802
236 0.4333 0.0373 0.3025 0.0783 0.0873 0.0614
237 0.4661 0.0386 0.1611 0.1537 0.1073 0.0732
238 0.3359 0.0682 0.2239 0.2070 0.0238 0.1411
239 0.1531 0.0900 0.1331 0.3398 0.0393 0.2448
240 0.6909 0.1210 0.0512 0.1068 0.0299 0.0002
241 0.7510 0.1274 0.0480 0.0469 0.0265 0.0001
242 0.7510 0.1255 0.0476 0.0491 0.0269 0.0001
243 0.1555 0.1249 0.0958 0.2729 0.0418 0.3091
244 0.5781 0.2335 0.1250 0.0273 0.0339 0.0023
245 0.5767 0.2329 0.1267 0.0276 0.0338 0.0023
246 0.5767 0.2329 0.1267 0.0274 0.0341 0.0023
247 0.5762 0.2329 0.1266 0.0278 0.0341 0.0023
248 0.5762 0.2329 0.1266 0.0278 0.0341 0.0023
249 0.5742 0.2321 0.1282 0.0286 0.0342 0.0024
