time exciting_prob fearful_prob tense_prob sad_prob relaxing_prob neutral_prob
0 0.1136 0.1553 0.1349 0.1288 0.0181 0.4492
1 0.1627 0.1963 0.0871 0.2769 0.0331 0.2443
2 0.1749 0.1982 0.1722 0.2211 0.0614 0.1722
3 0.1675 0.1624 0.1624 0.2289 0.0535 0.2253
4 0.1730 0.0503 0.0970 0.5493 0.0363 0.0940
5 0.1071 0.1396 0.1272 0.5972 0.0060 0.0226
6 0.2517 0.1991 0.1368 0.3960 0.0071 0.0092
7 0.3271 0.4543 0.0938 0.1022 0.0152 0.0074
8 0.1117 0.0933 0.0515 0.6787 0.0508 0.0139
9 0.1920 0.2666 0.0936 0.3396 0.0973 0.0108
10 0.0936 0.0486 0.0264 0.7842 0.0237 0.0235
11 0.1270 0.2585 0.0345 0.4609 0.0770 0.0422
12 0.0541 0.1566 0.2208 0.5054 0.0297 0.0331
13 0.0460 0.1138 0.3616 0.4644 0.0096 0.0048
14 0.0897 0.1066 0.0955 0.6133 0.0274 0.0677
15 0.2130 0.0625 0.0356 0.6162 0.0302 0.0426
16 0.2180 0.0490 0.0316 0.6162 0.0596 0.0254
17 0.1791 0.2410 0.0782 0.4231 0.0685 0.0101
18 0.1207 0.2202 0.0523 0.5000 0.0682 0.0386
19 0.2148 0.2981 0.1150 0.3101 0.0578 0.0042
20 0.3259 0.2725 0.0694 0.2600 0.0699 0.0023
21 0.1357 0.3440 0.0553 0.3748 0.0626 0.0276
22 0.1493 0.1917 0.0328 0.5332 0.0424 0.0504
23 0.4822 0.1382 0.0424 0.2925 0.0408 0.0039
24 0.0423 0.0626 0.2019 0.6416 0.0200 0.0315
25 0.1359 0.3662 0.0466 0.3467 0.0870 0.0175
26 0.1445 0.0744 0.0389 0.7114 0.0210 0.0097
27 0.2693 0.4546 0.0551 0.2114 0.0040 0.0057
28 0.1963 0.3723 0.0445 0.1947 0.1873 0.0050
29 0.1589 0.1181 0.0477 0.5903 0.0673 0.0175
30 0.0485 0.2091 0.0995 0.4258 0.2075 0.0096
31 0.1184 0.0887 0.0321 0.6973 0.0453 0.0180
32 0.0927 0.1381 0.0296 0.6846 0.0338 0.0213
33 0.2522 0.3262 0.0360 0.2542 0.1248 0.0066
34 0.0795 0.5645 0.0475 0.2045 0.0619 0.0422
35 0.1467 0.1143 0.0392 0.5537 0.1295 0.0166
36 0.1404 0.0769 0.0127 0.6489 0.0872 0.0339
37 0.1146 0.1578 0.0545 0.6440 0.0133 0.0160
38 0.2241 0.1787 0.0733 0.3186 0.1962 0.0092
39 0.2368 0.4155 0.0524 0.2561 0.0344 0.0048
40 0.2888 0.4761 0.0394 0.1022 0.0796 0.0139
41 0.2756 0.3220 0.0183 0.2180 0.1510 0.0151
42 0.0295 0.2734 0.0610 0.4990 0.0645 0.0724
43 0.0423 0.4548 0.0312 0.3542 0.0681 0.0494
44 0.0989 0.2372 0.0576 0.5601 0.0396 0.0067
45 0.0930 0.5972 0.0510 0.2321 0.0245 0.0024
46 0.0421 0.3550 0.0227 0.5205 0.0477 0.0122
47 0.0557 0.1432 0.0253 0.7329 0.0305 0.0123
48 0.0695 0.0892 0.1614 0.6387 0.0085 0.0331
49 0.1534 0.0822 0.1442 0.4954 0.0848 0.0400
50 0.1699 0.5073 0.0778 0.2050 0.0309 0.0089
51 0.0994 0.4597 0.1306 0.2294 0.0627 0.0182
52 0.2297 0.1681 0.0206 0.5425 0.0281 0.0108
53 0.1644 0.1241 0.0450 0.6016 0.0490 0.0159
54 0.0660 0.2629 0.0247 0.6021 0.0201 0.0241
55 0.2600 0.1210 0.1482 0.4290 0.0222 0.0196
56 0.2786 0.2786 0.1170 0.2515 0.0598 0.0148
57 0.0906 0.0825 0.5298 0.1666 0.1027 0.0281
58 0.0673 0.6855 0.0336 0.1693 0.0390 0.0055
59 0.0987 0.6235 0.0562 0.1732 0.0405 0.0077
60 0.0882 0.6772 0.0841 0.0917 0.0495 0.0091
61 0.0636 0.1074 0.0211 0.7222 0.0598 0.0257
62 0.1489 0.3518 0.0749 0.3628 0.0515 0.0102
63 0.0565 0.0861 0.0961 0.7100 0.0243 0.0271
64 0.0645 0.2959 0.0359 0.4802 0.1089 0.0145
65 0.1483 0.4497 0.0563 0.1965 0.1340 0.0152
66 0.1769 0.6421 0.0121 0.0687 0.0992 0.0010
67 0.1953 0.6304 0.0212 0.0629 0.0860 0.0041
68 0.1406 0.5103 0.0525 0.1439 0.1497 0.0031
69 0.1722 0.1331 0.0264 0.5645 0.0696 0.0342
70 0.0476 0.3923 0.0491 0.3894 0.0693 0.0523
71 0.1381 0.1219 0.1947 0.5054 0.0196 0.0205
72 0.1281 0.1184 0.1670 0.5063 0.0409 0.0391
73 0.0704 0.1000 0.0380 0.7393 0.0487 0.0038
74 0.0349 0.3232 0.0225 0.3899 0.1758 0.0536
75 0.1772 0.3694 0.1392 0.2089 0.1002 0.0050
76 0.1675 0.1586 0.0743 0.5078 0.0317 0.0597
77 0.0898 0.3086 0.0296 0.4121 0.1296 0.0301
78 0.1072 0.6938 0.0354 0.1039 0.0527 0.0068
79 0.1718 0.5010 0.0238 0.2122 0.0673 0.0240
80 0.0873 0.0833 0.1310 0.6152 0.0199 0.0634
81 0.1827 0.3928 0.0434 0.2256 0.1515 0.0039
82 0.2080 0.6113 0.0230 0.0827 0.0730 0.0020
83 0.1814 0.5127 0.0549 0.2072 0.0431 0.0007
84 0.1245 0.2939 0.0661 0.4624 0.0519 0.0015
85 0.1337 0.2103 0.0484 0.5410 0.0570 0.0093
86 0.1750 0.3269 0.0397 0.2732 0.1656 0.0195
87 0.1427 0.1981 0.0350 0.4097 0.1981 0.0164
88 0.0320 0.0941 0.0236 0.7754 0.0335 0.0411
89 0.0934 0.6636 0.1287 0.0481 0.0627 0.0037
90 0.0882 0.1852 0.0842 0.4880 0.0635 0.0910
91 0.1293 0.2654 0.0506 0.4341 0.1124 0.0084
92 0.2244 0.0638 0.0415 0.6147 0.0406 0.0150
93 0.1525 0.1197 0.0197 0.6172 0.0656 0.0253
94 0.0894 0.1251 0.0696 0.6064 0.0801 0.0295
95 0.1189 0.0488 0.0646 0.6948 0.0343 0.0383
96 0.0889 0.1399 0.1838 0.4998 0.0626 0.0251
97 0.0457 0.1409 0.0790 0.6313 0.0400 0.0630
98 0.1744 0.3552 0.0338 0.3469 0.0775 0.0120
99 0.0885 0.5381 0.0456 0.2157 0.0995 0.0128
100 0.0789 0.8418 0.0219 0.0223 0.0326 0.0025
101 0.1895 0.6821 0.0203 0.0676 0.0394 0.0009
102 0.3120 0.1417 0.0639 0.4102 0.0501 0.0222
103 0.0933 0.1235 0.0911 0.6226 0.0593 0.0102
104 0.0632 0.3726 0.1229 0.2747 0.1615 0.0053
105 0.1675 0.1048 0.0351 0.5493 0.0947 0.0487
106 0.2854 0.3416 0.0781 0.2347 0.0496 0.0105
107 0.1776 0.4067 0.0542 0.2466 0.0981 0.0168
108 0.0079 0.9448 0.0155 0.0262 0.0055 0.0001
109 0.0988 0.8467 0.0196 0.0151 0.0195 0.0004
110 0.0401 0.1770 0.1637 0.5894 0.0092 0.0206
111 0.1109 0.1228 0.0156 0.6045 0.1154 0.0310
112 0.0824 0.1552 0.0141 0.6230 0.1108 0.0143
113 0.1696 0.1764 0.0937 0.4832 0.0339 0.0432
114 0.0454 0.2308 0.1169 0.5894 0.0062 0.0112
115 0.0804 0.1000 0.0843 0.6948 0.0150 0.0257
116 0.1433 0.6128 0.0626 0.1400 0.0383 0.0030
117 0.1331 0.2688 0.0776 0.3975 0.0770 0.0460
118 0.2079 0.3564 0.0394 0.0807 0.3096 0.0059
119 0.1050 0.1744 0.1652 0.4932 0.0492 0.0129
120 0.2327 0.3384 0.0955 0.2595 0.0693 0.0045
121 0.0883 0.1316 0.0441 0.6377 0.0612 0.0374
122 0.0864 0.4705 0.0218 0.2639 0.1066 0.0508
123 0.1842 0.1677 0.1066 0.5088 0.0045 0.0280
124 0.2017 0.2800 0.1547 0.3379 0.0053 0.0204
125 0.3071 0.3025 0.0586 0.2507 0.0659 0.0151
126 0.3052 0.2981 0.1149 0.2216 0.0565 0.0039
127 0.1395 0.2817 0.0674 0.4331 0.0295 0.0486
128 0.1780 0.1510 0.0423 0.5566 0.0676 0.0044
129 0.2102 0.2419 0.1198 0.2678 0.1326 0.0276
130 0.2054 0.1217 0.0811 0.5327 0.0437 0.0152
131 0.0966 0.3733 0.0190 0.3506 0.1281 0.0324
132 0.0457 0.1030 0.0539 0.7261 0.0350 0.0362
133 0.0807 0.2245 0.0254 0.6006 0.0586 0.0103
134 0.1091 0.2786 0.0128 0.4629 0.0891 0.0477
135 0.0455 0.1772 0.3311 0.3931 0.0166 0.0366
136 0.3108 0.3662 0.0727 0.1562 0.0870 0.0071
137 0.0447 0.5488 0.0271 0.2673 0.0961 0.0161
138 0.0391 0.5703 0.0953 0.2340 0.0186 0.0429
139 0.1158 0.5615 0.0230 0.2114 0.0539 0.0345
140 0.1708 0.2012 0.0336 0.4827 0.0996 0.0124
141 0.1354 0.6509 0.0426 0.0983 0.0635 0.0094
142 0.0825 0.3999 0.0648 0.3643 0.0769 0.0117
143 0.0905 0.5205 0.2102 0.1503 0.0251 0.0035
144 0.1292 0.4653 0.0796 0.1851 0.1344 0.0065
145 0.1891 0.2998 0.0173 0.3396 0.1427 0.0115
146 0.3145 0.2710 0.0331 0.2976 0.0638 0.0201
147 0.0806 0.2423 0.1589 0.4707 0.0257 0.0217
148 0.0525 0.3616 0.0463 0.3789 0.1361 0.0246
149 0.0836 0.5005 0.1346 0.2327 0.0199 0.0287
150 0.0953 0.0332 0.0518 0.7739 0.0370 0.0087
151 0.1183 0.1111 0.1120 0.5181 0.0936 0.0471
152 0.1113 0.0854 0.0502 0.6211 0.0960 0.0361
153 0.1285 0.4248 0.0386 0.1527 0.2440 0.0112
154 0.0738 0.0750 0.0499 0.7227 0.0523 0.0265
155 0.0770 0.1175 0.0493 0.7197 0.0214 0.0152
156 0.0703 0.0269 0.0379 0.8169 0.0097 0.0385
157 0.1488 0.4338 0.0923 0.1940 0.1262 0.0048
158 0.0366 0.5337 0.1145 0.2747 0.0366 0.0041
159 0.0809 0.7329 0.0454 0.1039 0.0330 0.0040
160 0.1094 0.1111 0.1220 0.4678 0.0839 0.1060
161 0.0751 0.0775 0.0529 0.6392 0.0613 0.0942
162 0.2190 0.1787 0.0485 0.2332 0.2368 0.0838
163 0.0639 0.1311 0.0506 0.6978 0.0422 0.0143
164 0.0711 0.1903 0.0717 0.6240 0.0252 0.0176
165 0.1192 0.0453 0.0973 0.6968 0.0369 0.0045
166 0.0971 0.4250 0.0673 0.2854 0.0898 0.0354
167 0.1666 0.3557 0.0751 0.3640 0.0290 0.0096
168 0.1324 0.3010 0.0557 0.4517 0.0484 0.0108
169 0.0744 0.5811 0.1002 0.1481 0.0739 0.0227
170 0.1176 0.3979 0.0854 0.3484 0.0213 0.0293
171 0.1979 0.1627 0.1381 0.4495 0.0270 0.0250
172 0.0851 0.6196 0.1803 0.1027 0.0097 0.0025
173 0.0851 0.0576 0.0336 0.7021 0.0604 0.0613
174 0.4431 0.0914 0.0252 0.3396 0.0643 0.0364
175 0.2568 0.1385 0.0471 0.4541 0.0821 0.0214
176 0.1226 0.0607 0.0911 0.6035 0.0084 0.1134
177 0.1465 0.0681 0.0280 0.6665 0.0784 0.0124
178 0.1188 0.4211 0.0362 0.2893 0.1107 0.0238
179 0.2139 0.5337 0.0402 0.0799 0.1298 0.0028
180 0.1503 0.3494 0.0308 0.4021 0.0607 0.0070
181 0.0913 0.4976 0.0695 0.3066 0.0226 0.0125
182 0.0532 0.5859 0.1626 0.1639 0.0259 0.0086
183 0.0195 0.1536 0.0351 0.6880 0.0479 0.0560
184 0.0905 0.4780 0.0170 0.2441 0.1403 0.0301
185 0.1138 0.3242 0.0270 0.4165 0.0735 0.0449
186 0.0936 0.7251 0.0634 0.0776 0.0304 0.0099
187 0.0679 0.2058 0.0554 0.6143 0.0231 0.0336
188 0.1169 0.6890 0.0786 0.0779 0.0284 0.0092
189 0.0743 0.8569 0.0236 0.0236 0.0186 0.0030
190 0.1938 0.3484 0.1510 0.2490 0.0450 0.0128
191 0.2542 0.2333 0.0399 0.4392 0.0226 0.0110
192 0.0899 0.5684 0.1995 0.1043 0.0311 0.0071
193 0.1212 0.2646 0.0590 0.4644 0.0696 0.0214
194 0.1066 0.1901 0.0571 0.5586 0.0637 0.0238
195 0.1141 0.1399 0.0461 0.6465 0.0282 0.0251
196 0.1066 0.4419 0.1118 0.2703 0.0524 0.0170
197 0.1487 0.3887 0.0809 0.2529 0.1105 0.0182
198 0.1025 0.6895 0.0395 0.1422 0.0230 0.0035
199 0.1641 0.2949 0.0246 0.3447 0.1603 0.0115
200 0.1675 0.2134 0.0159 0.4810 0.0785 0.0437
201 0.1648 0.5620 0.0650 0.1215 0.0760 0.0109
202 0.1354 0.1223 0.0185 0.6768 0.0248 0.0223
203 0.0963 0.4314 0.0392 0.2659 0.1116 0.0557
204 0.1049 0.2477 0.0448 0.4314 0.1265 0.0448
205 0.0876 0.3896 0.0588 0.3718 0.0732 0.0188
206 0.0830 0.4814 0.0354 0.3208 0.0688 0.0104
207 0.0783 0.0820 0.0944 0.6763 0.0353 0.0337
208 0.1600 0.5903 0.0231 0.0877 0.1370 0.0021
209 0.0765 0.2180 0.0394 0.5610 0.0975 0.0073
210 0.1063 0.1780 0.0291 0.5400 0.1214 0.0255
211 0.1342 0.3508 0.1451 0.2776 0.0847 0.0079
212 0.0430 0.0869 0.1224 0.6724 0.0379 0.0374
213 0.0544 0.2328 0.0301 0.5674 0.0303 0.0850
214 0.0401 0.1611 0.0093 0.7056 0.0380 0.0462
215 0.1036 0.0600 0.0521 0.7310 0.0256 0.0277
216 0.1738 0.1659 0.0167 0.5654 0.0596 0.0185
217 0.1090 0.1235 0.0755 0.5757 0.0732 0.0434
218 0.0916 0.1766 0.0803 0.6167 0.0282 0.0069
219 0.1288 0.4192 0.0604 0.3447 0.0355 0.0114
220 0.1361 0.0972 0.0567 0.6489 0.0456 0.0154
221 0.1989 0.4734 0.1039 0.1622 0.0556 0.0060
222 0.2812 0.2583 0.0892 0.2644 0.0885 0.0184
223 0.1270 0.4534 0.0235 0.2316 0.1604 0.0041
224 0.1605 0.5732 0.0309 0.1630 0.0690 0.0032
225 0.2228 0.5020 0.0375 0.1832 0.0490 0.0054
226 0.2988 0.5122 0.0411 0.0441 0.1033 0.0007
227 0.4514 0.3408 0.0356 0.0984 0.0703 0.0035
228 0.1565 0.4092 0.0980 0.2386 0.0906 0.0072
229 0.1873 0.4287 0.1209 0.1627 0.0452 0.0554
230 0.1786 0.1902 0.1902 0.2294 0.0589 0.1528
