time exciting_prob fearful_prob tense_prob sad_prob relaxing_prob neutral_prob
0 0.1790 0.3240 0.1790 0.2092 0.0563 0.0525
1 0.0180 0.1311 0.5518 0.2690 0.0068 0.0231
2 0.0334 0.1818 0.3044 0.4500 0.0056 0.0248
3 0.0999 0.1547 0.2651 0.3030 0.0530 0.1243
4 0.1104 0.1395 0.3245 0.3914 0.0070 0.0273
5 0.1737 0.2649 0.2588 0.1792 0.1029 0.0206
6 0.0515 0.1714 0.2272 0.3008 0.0255 0.2236
7 0.0117 0.2384 0.3811 0.2966 0.0054 0.0667
8 0.2156 0.1101 0.4155 0.1932 0.0459 0.0196
9 0.0339 0.0456 0.2749 0.4822 0.0757 0.0878
10 0.0206 0.3743 0.5039 0.0569 0.0359 0.0085
11 0.0172 0.1461 0.3450 0.4229 0.0164 0.0525
12 0.0159 0.2583 0.3877 0.2666 0.0517 0.0199
13 0.4426 0.1019 0.1517 0.2522 0.0425 0.0090
14 0.1417 0.0638 0.0759 0.4646 0.0204 0.2336
15 0.2319 0.4265 0.0591 0.1764 0.0376 0.0685
16 0.0473 0.4021 0.3899 0.0688 0.0030 0.0891
17 0.0344 0.5913 0.2793 0.0513 0.0166 0.0270
18 0.0722 0.1815 0.5171 0.1843 0.0374 0.0076
19 0.0220 0.6050 0.1875 0.1530 0.0033 0.0290
20 0.2073 0.1026 0.1199 0.4932 0.0622 0.0148
21 0.0388 0.0692 0.6069 0.2339 0.0138 0.0376
22 0.0959 0.0108 0.3003 0.5269 0.0275 0.0388
23 0.1379 0.0269 0.5127 0.2039 0.0532 0.0657
24 0.0152 0.4580 0.3511 0.1558 0.0028 0.0172
25 0.3735 0.3376 0.1632 0.0413 0.0135 0.0707
26 0.2286 0.2341 0.1234 0.2847 0.1254 0.0039
27 0.0445 0.1577 0.2173 0.2009 0.0405 0.3391
28 0.0320 0.0710 0.5854 0.2559 0.0067 0.0488
29 0.0636 0.0151 0.5845 0.2399 0.0398 0.0570
30 0.0686 0.0148 0.5312 0.2935 0.0359 0.0560
31 0.1085 0.2664 0.3474 0.1761 0.0563 0.0452
32 0.0338 0.5166 0.3748 0.0473 0.0184 0.0093
33 0.1400 0.4246 0.3081 0.0933 0.0175 0.0166
34 0.0587 0.2532 0.1971 0.1263 0.0048 0.3599
35 0.0466 0.4028 0.1278 0.3784 0.0229 0.0212
36 0.2554 0.2101 0.1315 0.3384 0.0631 0.0014
37 0.1109 0.5088 0.2155 0.1135 0.0045 0.0466
38 0.1193 0.5605 0.2046 0.0789 0.0115 0.0254
39 0.1997 0.2372 0.1394 0.2729 0.0361 0.1147
40 0.0395 0.1870 0.1423 0.2153 0.0137 0.4021
41 0.0346 0.1786 0.3362 0.1370 0.0455 0.2681
42 0.0803 0.0211 0.3486 0.4138 0.0300 0.1063
43 0.0470 0.1027 0.3530 0.3877 0.0231 0.0865
44 0.0641 0.1126 0.3311 0.3691 0.0310 0.0919
45 0.0121 0.6958 0.2189 0.0532 0.0025 0.0177
46 0.1052 0.1733 0.2158 0.3503 0.0452 0.1102
47 0.0852 0.2625 0.4500 0.0701 0.0832 0.0493
48 0.0576 0.3840 0.2480 0.0178 0.0366 0.2559
49 0.0062 0.1694 0.5220 0.0399 0.0079 0.2544
50 0.0074 0.1639 0.5996 0.0421 0.0093 0.1774
51 0.0977 0.0099 0.4883 0.3057 0.0640 0.0345
52 0.0753 0.0367 0.7031 0.1130 0.0248 0.0471
53 0.0494 0.0778 0.4800 0.2214 0.0660 0.1054
54 0.0363 0.2578 0.3232 0.0466 0.0298 0.3062
55 0.1848 0.1556 0.1461 0.2795 0.0419 0.1921
56 0.0466 0.2969 0.5723 0.0438 0.0088 0.0318
57 0.0571 0.0818 0.2703 0.3870 0.0196 0.1843
58 0.0280 0.3037 0.3550 0.0905 0.0727 0.1503
59 0.1072 0.0917 0.4961 0.2494 0.0174 0.0382
60 0.0415 0.0906 0.5132 0.1339 0.0134 0.2074
61 0.0574 0.4016 0.1572 0.1366 0.1187 0.1284
62 0.0933 0.3132 0.5327 0.0343 0.0095 0.0167
63 0.0235 0.5659 0.3274 0.0475 0.0019 0.0340
64 0.0387 0.2791 0.2520 0.1459 0.0224 0.2620
65 0.0485 0.1259 0.2925 0.3999 0.0706 0.0627
66 0.0295 0.0568 0.3218 0.4197 0.0131 0.1593
67 0.0892 0.1393 0.3420 0.2815 0.0250 0.1229
68 0.0075 0.3826 0.4912 0.0881 0.0049 0.0256
69 0.0790 0.0961 0.1853 0.4695 0.0116 0.1584
70 0.1143 0.0925 0.3154 0.2382 0.0540 0.1855
71 0.0753 0.0801 0.3479 0.2710 0.0273 0.1982
72 0.0823 0.0165 0.3440 0.4626 0.0343 0.0602
73 0.0416 0.0517 0.6709 0.0586 0.0020 0.1750
74 0.0070 0.1749 0.7480 0.0361 0.0014 0.0323
75 0.0450 0.0506 0.4441 0.2571 0.0976 0.1055
76 0.0343 0.0947 0.5889 0.1942 0.0377 0.0503
77 0.1102 0.1554 0.1980 0.4031 0.0266 0.1068
78 0.0229 0.1127 0.6187 0.1801 0.0057 0.0598
79 0.1244 0.2252 0.1609 0.2781 0.0203 0.1912
80 0.1388 0.0070 0.3892 0.3176 0.0359 0.1115
81 0.2174 0.0134 0.3640 0.2107 0.0706 0.1238
82 0.0296 0.6904 0.1307 0.0722 0.0052 0.0717
83 0.1812 0.1550 0.3718 0.1411 0.0205 0.1305
84 0.0528 0.0512 0.6045 0.2443 0.0070 0.0399
85 0.0171 0.3889 0.2305 0.2131 0.0016 0.1488
86 0.2463 0.4290 0.1615 0.1146 0.0296 0.0190
87 0.0539 0.1356 0.6885 0.0889 0.0058 0.0271
88 0.0305 0.1368 0.5762 0.2291 0.0144 0.0129
89 0.0481 0.4568 0.1654 0.1102 0.0038 0.2157
90 0.3125 0.2233 0.1376 0.2097 0.1105 0.0066
91 0.0300 0.2798 0.5742 0.1071 0.0048 0.0043
92 0.0309 0.1547 0.5151 0.2632 0.0029 0.0334
93 0.0396 0.0866 0.5737 0.2795 0.0142 0.0064
94 0.1241 0.2886 0.1028 0.4297 0.0464 0.0086
95 0.0295 0.3625 0.3101 0.1559 0.0023 0.1398
96 0.0641 0.2944 0.3550 0.2598 0.0033 0.0232
97 0.0130 0.4727 0.4236 0.0565 0.0036 0.0307
98 0.0414 0.5327 0.1295 0.1108 0.0507 0.1348
99 0.2255 0.4277 0.1346 0.1152 0.0940 0.0029
100 0.1727 0.2003 0.1622 0.3984 0.0611 0.0051
101 0.0219 0.0989 0.5264 0.1792 0.0154 0.1581
102 0.0624 0.4609 0.1952 0.1848 0.0068 0.0900
103 0.1786 0.2366 0.3416 0.1368 0.0222 0.0844
104 0.0042 0.1018 0.0637 0.8262 0.0004 0.0037
105 0.0192 0.3381 0.1727 0.4275 0.0051 0.0371
106 0.0219 0.4326 0.2466 0.2883 0.0060 0.0046
107 0.0072 0.1149 0.0923 0.7607 0.0176 0.0071
108 0.1312 0.0635 0.1647 0.1047 0.3325 0.2034
109 0.1567 0.0258 0.2108 0.5557 0.0163 0.0350
110 0.0790 0.0479 0.1149 0.4690 0.1114 0.1780
111 0.0598 0.1501 0.1841 0.0773 0.1929 0.3359
112 0.0557 0.0919 0.2037 0.0492 0.5713 0.0280
113 0.0603 0.1238 0.3843 0.0722 0.3088 0.0504
114 0.0345 0.0936 0.2861 0.0866 0.1848 0.3142
115 0.1375 0.0475 0.1698 0.3887 0.0264 0.2302
116 0.0440 0.1598 0.2805 0.0561 0.0939 0.3657
117 0.3052 0.0582 0.0461 0.2910 0.0692 0.2303
118 0.0671 0.1499 0.4272 0.0999 0.2434 0.0125
119 0.0781 0.1788 0.2262 0.3215 0.1438 0.0517
120 0.0261 0.2258 0.3962 0.2404 0.0088 0.1026
121 0.2876 0.1379 0.2922 0.2040 0.0603 0.0181
122 0.0843 0.1049 0.0926 0.2830 0.0107 0.4246
123 0.0734 0.2542 0.3474 0.0700 0.2502 0.0047
124 0.0699 0.3206 0.2007 0.1017 0.2383 0.0688
125 0.1741 0.3743 0.2306 0.1273 0.0063 0.0875
126 0.0425 0.0914 0.3069 0.1201 0.4192 0.0199
127 0.0381 0.0831 0.3755 0.2622 0.1732 0.0679
128 0.0404 0.0343 0.1008 0.1205 0.2003 0.5039
129 0.0530 0.1764 0.3049 0.1251 0.0937 0.2469
130 0.0269 0.0465 0.7510 0.1065 0.0138 0.0553
131 0.0980 0.1328 0.2242 0.4060 0.0972 0.0418
132 0.0741 0.1112 0.2952 0.3562 0.1260 0.0373
133 0.2229 0.2144 0.2161 0.2014 0.1311 0.0140
134 0.0477 0.0994 0.1550 0.2517 0.0884 0.3577
135 0.3711 0.1283 0.1205 0.2452 0.0172 0.1177
136 0.0652 0.0389 0.4387 0.3364 0.0166 0.1042
137 0.2469 0.0111 0.2469 0.4072 0.0518 0.0359
138 0.3225 0.0889 0.2695 0.2148 0.0105 0.0939
139 0.2000 0.1697 0.3374 0.2196 0.0243 0.0490
140 0.2300 0.0293 0.1631 0.3792 0.1581 0.0403
141 0.4766 0.0569 0.1597 0.0468 0.2454 0.0146
142 0.0588 0.0480 0.5938 0.1897 0.0257 0.0842
143 0.1185 0.1271 0.2394 0.3767 0.0271 0.1113
144 0.0909 0.0189 0.3979 0.3101 0.1262 0.0560
145 0.0180 0.0824 0.6685 0.1886 0.0280 0.0143
146 0.0231 0.0956 0.3782 0.4563 0.0320 0.0147
147 0.1022 0.1924 0.1752 0.2712 0.0216 0.2375
148 0.0317 0.0888 0.2778 0.3198 0.0288 0.2529
149 0.0287 0.2537 0.2786 0.3521 0.0072 0.0798
150 0.1451 0.0707 0.1301 0.3538 0.0180 0.2820
151 0.0352 0.0879 0.6909 0.0865 0.0058 0.0935
152 0.0319 0.4238 0.3406 0.0569 0.0113 0.1355
153 0.0677 0.3330 0.4697 0.1048 0.0034 0.0213
154 0.0977 0.1098 0.2437 0.3179 0.0354 0.1958
155 0.2206 0.2258 0.2258 0.1759 0.0139 0.1381
156 0.0214 0.0629 0.1086 0.7422 0.0432 0.0217
157 0.0127 0.0388 0.1194 0.7666 0.0490 0.0136
158 0.0141 0.0866 0.6304 0.1892 0.0091 0.0707
159 0.0185 0.0704 0.6680 0.2203 0.0061 0.0167
160 0.0166 0.0485 0.6909 0.1831 0.0086 0.0524
161 0.0232 0.0612 0.7930 0.1057 0.0093 0.0074
162 0.0382 0.2756 0.5566 0.0840 0.0319 0.0138
163 0.0264 0.1566 0.5684 0.1259 0.0222 0.1003
164 0.1236 0.2086 0.1743 0.2007 0.0488 0.2439
165 0.0638 0.3042 0.2793 0.1919 0.1339 0.0270
166 0.1069 0.2527 0.3096 0.1250 0.1833 0.0226
167 0.0266 0.1043 0.2705 0.1137 0.0244 0.4604
168 0.1853 0.2271 0.2827 0.1675 0.0234 0.1142
169 0.1636 0.2983 0.1007 0.3801 0.0110 0.0461
170 0.0487 0.5894 0.1943 0.0424 0.0307 0.0947
171 0.0640 0.2180 0.4800 0.0464 0.0334 0.1582
172 0.4280 0.1265 0.2496 0.0811 0.1116 0.0032
173 0.0747 0.0707 0.3792 0.4102 0.0337 0.0316
174 0.0573 0.2130 0.5977 0.0975 0.0327 0.0018
175 0.1632 0.0577 0.1558 0.4873 0.0248 0.1113
176 0.0591 0.0915 0.3481 0.4470 0.0084 0.0460
177 0.0531 0.1367 0.3154 0.3574 0.0346 0.1024
178 0.0314 0.3564 0.2488 0.2732 0.0055 0.0847
179 0.4248 0.2742 0.0278 0.1637 0.0651 0.0444
180 0.1281 0.2283 0.1005 0.4165 0.0284 0.0982
181 0.0139 0.0884 0.7520 0.0927 0.0082 0.0451
182 0.0187 0.0672 0.7812 0.1198 0.0051 0.0077
183 0.0878 0.2139 0.4355 0.1815 0.0224 0.0589
184 0.0902 0.0703 0.3301 0.3979 0.0170 0.0945
185 0.1749 0.2751 0.1722 0.1952 0.0155 0.1669
186 0.0188 0.0690 0.6338 0.2603 0.0026 0.0154
187 0.0382 0.1499 0.5659 0.1809 0.0031 0.0620
188 0.2404 0.1392 0.0149 0.4421 0.0584 0.1050
189 0.1948 0.0604 0.0102 0.5728 0.0806 0.0812
190 0.3962 0.1992 0.0632 0.2539 0.0386 0.0488
191 0.0317 0.0515 0.7002 0.1664 0.0072 0.0427
192 0.0262 0.0958 0.7422 0.1053 0.0041 0.0264
193 0.0526 0.2888 0.4873 0.0765 0.0055 0.0894
194 0.2544 0.0585 0.0246 0.5513 0.0525 0.0590
195 0.3171 0.1396 0.0163 0.3538 0.0468 0.1262
196 0.0358 0.1891 0.3643 0.2334 0.0052 0.1721
197 0.0191 0.1434 0.3037 0.4854 0.0069 0.0414
198 0.2465 0.0728 0.0111 0.5552 0.0449 0.0695
199 0.1927 0.1466 0.3438 0.2272 0.0159 0.0737
200 0.0248 0.0901 0.7310 0.1212 0.0039 0.0288
201 0.0538 0.3025 0.3591 0.2411 0.0066 0.0370
202 0.2347 0.0762 0.0389 0.4089 0.0540 0.1871
203 0.0344 0.1259 0.5059 0.2793 0.0052 0.0493
204 0.0533 0.1028 0.5918 0.2144 0.0048 0.0329
205 0.0500 0.1599 0.4150 0.1930 0.0132 0.1689
206 0.0892 0.3091 0.2026 0.2583 0.0121 0.1288
207 0.2639 0.2620 0.2499 0.1359 0.0392 0.0492
208 0.0409 0.0788 0.6914 0.1592 0.0051 0.0248
209 0.1080 0.0616 0.6118 0.1571 0.0103 0.0510
210 0.2076 0.1331 0.2092 0.2466 0.0367 0.1669
211 0.0314 0.3005 0.4954 0.1323 0.0079 0.0327
212 0.0422 0.7725 0.1292 0.0284 0.0051 0.0224
213 0.0136 0.5908 0.1948 0.1859 0.0017 0.0134
214 0.0336 0.3940 0.3115 0.2076 0.0039 0.0493
215 0.2250 0.0510 0.1080 0.4438 0.0211 0.1510
216 0.1720 0.4861 0.1309 0.1035 0.0320 0.0757
217 0.0287 0.3496 0.2832 0.1199 0.0047 0.2137
218 0.0425 0.5347 0.2795 0.0901 0.0077 0.0453
219 0.3582 0.1787 0.1932 0.1615 0.0149 0.0934
220 0.0916 0.2866 0.2233 0.1559 0.0178 0.2250
221 0.1577 0.0576 0.1746 0.5332 0.0079 0.0689
222 0.0320 0.3584 0.5054 0.0757 0.0037 0.0248
223 0.0409 0.2771 0.4568 0.1875 0.0035 0.0341
224 0.2299 0.1300 0.2076 0.1372 0.0159 0.2795
225 0.1724 0.3765 0.2588 0.1251 0.0080 0.0595
226 0.2269 0.2288 0.2288 0.2654 0.0487 0.0014
227 0.0188 0.1136 0.3845 0.4355 0.0138 0.0336
228 0.2373 0.0422 0.0147 0.6353 0.0388 0.0319
229 0.2520 0.0541 0.1127 0.4783 0.0107 0.0920
230 0.0302 0.1299 0.3167 0.4326 0.0054 0.0852
231 0.2512 0.3921 0.0953 0.1866 0.0709 0.0038
232 0.0422 0.3884 0.4470 0.0923 0.0033 0.0266
233 0.1714 0.0749 0.2133 0.2803 0.0348 0.2252
234 0.1230 0.2952 0.3674 0.1532 0.0221 0.0390
235 0.0374 0.3635 0.4185 0.0941 0.0054 0.0811
236 0.0862 0.1283 0.3276 0.2893 0.0089 0.1597
237 0.2197 0.0847 0.1545 0.1633 0.0211 0.3567
238 0.2688 0.0826 0.0165 0.5181 0.0525 0.0614
239 0.0635 0.0443 0.2803 0.4080 0.0066 0.1973
240 0.1956 0.1055 0.1672 0.3352 0.0100 0.1865
241 0.0461 0.2306 0.4080 0.1796 0.0548 0.0809
242 0.1538 0.0662 0.1161 0.2874 0.0351 0.3413
