time exciting_prob fearful_prob tense_prob sad_prob relaxing_prob neutral_prob
0 0.4006 0.0542 0.1521 0.2111 0.0370 0.1451
1 0.4446 0.0903 0.1824 0.1399 0.0322 0.1107
2 0.4521 0.0683 0.1613 0.1771 0.0303 0.1108
3 0.3496 0.0768 0.1813 0.2556 0.0285 0.1083
4 0.2125 0.0299 0.0701 0.2028 0.0207 0.4641
5 0.1810 0.0139 0.0607 0.2849 0.0251 0.4343
6 0.1190 0.0352 0.0733 0.3608 0.0336 0.3782
7 0.1411 0.0843 0.1049 0.3386 0.0462 0.2852
8 0.2234 0.0692 0.1293 0.2454 0.0413 0.2915
9 0.1738 0.0522 0.1233 0.3352 0.0288 0.2866
10 0.1549 0.5845 0.1927 0.0330 0.0074 0.0273
11 0.1549 0.5322 0.2474 0.0273 0.0084 0.0298
12 0.2373 0.3674 0.2229 0.1175 0.0092 0.0457
13 0.1228 0.0259 0.1504 0.5332 0.0369 0.1307
14 0.3379 0.0322 0.2216 0.3225 0.0578 0.0282
15 0.2805 0.2220 0.3835 0.0761 0.0240 0.0138
16 0.0823 0.1714 0.5117 0.2101 0.0029 0.0216
17 0.1858 0.0396 0.3723 0.3608 0.0200 0.0215
18 0.1693 0.0160 0.2295 0.5420 0.0187 0.0244
19 0.2937 0.4272 0.2115 0.0335 0.0098 0.0243
20 0.1582 0.1122 0.1849 0.4651 0.0115 0.0681
21 0.2097 0.0327 0.1232 0.5791 0.0267 0.0288
22 0.1726 0.0265 0.1897 0.5234 0.0289 0.0587
23 0.1116 0.1346 0.1898 0.4414 0.0315 0.0911
24 0.1259 0.1519 0.3816 0.3115 0.0017 0.0274
25 0.5894 0.0862 0.1797 0.0969 0.0395 0.0083
26 0.4250 0.1257 0.2172 0.1403 0.0617 0.0301
27 0.2015 0.4988 0.2179 0.0385 0.0059 0.0373
28 0.0953 0.0150 0.0416 0.8228 0.0068 0.0185
29 0.1687 0.0208 0.1142 0.3572 0.0189 0.3201
30 0.2196 0.0620 0.4104 0.2820 0.0083 0.0176
31 0.2737 0.0975 0.3406 0.2651 0.0075 0.0158
32 0.3279 0.1151 0.0635 0.3657 0.0146 0.1133
33 0.1946 0.0877 0.1588 0.3108 0.0170 0.2311
34 0.2161 0.0222 0.2336 0.3193 0.0152 0.1936
35 0.5381 0.1949 0.1707 0.0537 0.0166 0.0258
36 0.1509 0.1104 0.4946 0.1791 0.0042 0.0609
37 0.2954 0.1486 0.0944 0.2450 0.1292 0.0873
38 0.0752 0.0323 0.1520 0.6299 0.0184 0.0922
39 0.2773 0.0186 0.0425 0.2335 0.0054 0.4229
40 0.1757 0.0536 0.5850 0.0721 0.0106 0.1032
41 0.2374 0.0381 0.6255 0.0419 0.0066 0.0505
42 0.3162 0.3418 0.1653 0.1530 0.0162 0.0075
43 0.2338 0.0228 0.2301 0.4578 0.0319 0.0237
44 0.1725 0.0635 0.1836 0.5151 0.0256 0.0397
45 0.2491 0.0468 0.2181 0.3889 0.0450 0.0518
46 0.3066 0.0226 0.2881 0.3213 0.0409 0.0205
47 0.2405 0.2561 0.4424 0.0389 0.0118 0.0105
48 0.2625 0.2583 0.4128 0.0482 0.0080 0.0101
49 0.2273 0.0612 0.2203 0.3748 0.0786 0.0377
50 0.0784 0.0620 0.1177 0.5620 0.0239 0.1560
51 0.1526 0.5327 0.1898 0.0911 0.0032 0.0307
52 0.2976 0.4199 0.1982 0.0309 0.0108 0.0425
53 0.2498 0.4382 0.1885 0.1033 0.0149 0.0053
54 0.3005 0.0736 0.3027 0.2571 0.0403 0.0258
55 0.2379 0.5620 0.1335 0.0124 0.0065 0.0476
56 0.1908 0.5967 0.1710 0.0200 0.0011 0.0203
57 0.1854 0.5537 0.2238 0.0236 0.0010 0.0126
58 0.3892 0.0172 0.0472 0.1782 0.0082 0.3599
59 0.0204 0.2644 0.0928 0.6147 0.0011 0.0065
60 0.0321 0.5259 0.2334 0.2028 0.0024 0.0035
61 0.0141 0.4390 0.1277 0.4124 0.0012 0.0058
62 0.2610 0.0179 0.3513 0.3198 0.0288 0.0213
63 0.3269 0.1331 0.3320 0.1631 0.0217 0.0233
64 0.2477 0.0804 0.3384 0.2720 0.0271 0.0343
65 0.0279 0.6260 0.1851 0.1559 0.0008 0.0043
66 0.2534 0.0189 0.2827 0.3745 0.0410 0.0296
67 0.1705 0.2189 0.4219 0.1705 0.0088 0.0093
68 0.2095 0.0286 0.5693 0.1486 0.0271 0.0168
69 0.0811 0.0236 0.1401 0.7007 0.0178 0.0366
70 0.2147 0.0815 0.3887 0.2671 0.0140 0.0340
71 0.3057 0.0862 0.2457 0.2783 0.0152 0.0687
72 0.2216 0.1047 0.2981 0.2715 0.0075 0.0968
73 0.2327 0.0431 0.3550 0.2988 0.0210 0.0496
74 0.3220 0.1545 0.3650 0.1241 0.0138 0.0204
75 0.3843 0.0942 0.3340 0.1459 0.0126 0.0292
76 0.2632 0.1080 0.5317 0.0676 0.0156 0.0136
77 0.4009 0.0486 0.2842 0.2047 0.0195 0.0419
78 0.4221 0.1003 0.2725 0.1815 0.0126 0.0109
79 0.3762 0.1310 0.1643 0.1776 0.0316 0.1193
80 0.2773 0.1250 0.4795 0.0944 0.0093 0.0144
81 0.2498 0.0312 0.1743 0.3867 0.0132 0.1445
82 0.1996 0.0228 0.2192 0.4863 0.0112 0.0609
83 0.3928 0.0371 0.1975 0.3308 0.0148 0.0271
84 0.3535 0.2079 0.3374 0.0501 0.0136 0.0376
85 0.3337 0.3555 0.2725 0.0139 0.0199 0.0045
86 0.3831 0.2115 0.3655 0.0174 0.0178 0.0049
87 0.1992 0.0181 0.1871 0.4631 0.0466 0.0857
88 0.1298 0.0259 0.4253 0.0812 0.0014 0.3364
89 0.2146 0.0645 0.5742 0.0828 0.0013 0.0625
90 0.2090 0.0418 0.5767 0.1154 0.0021 0.0549
91 0.1802 0.4253 0.3755 0.0090 0.0048 0.0052
92 0.1941 0.0291 0.2651 0.0903 0.0041 0.4172
93 0.3286 0.1067 0.4219 0.0571 0.0059 0.0799
94 0.1921 0.1078 0.5825 0.1061 0.0096 0.0019
95 0.2324 0.1244 0.4844 0.1432 0.0087 0.0068
96 0.2581 0.0477 0.3582 0.2386 0.0068 0.0906
97 0.2786 0.0484 0.3257 0.2308 0.0059 0.1108
98 0.4646 0.0370 0.1231 0.3562 0.0121 0.0068
99 0.4619 0.1132 0.3379 0.0778 0.0027 0.0064
100 0.2673 0.0656 0.4844 0.1324 0.0067 0.0437
101 0.3279 0.1142 0.4846 0.0507 0.0065 0.0162
102 0.2854 0.0768 0.3962 0.1436 0.0627 0.0354
103 0.0722 0.0431 0.2123 0.5337 0.0250 0.1136
104 0.2068 0.0427 0.2167 0.4958 0.0211 0.0168
105 0.1267 0.0520 0.2856 0.4353 0.0336 0.0668
106 0.1432 0.0616 0.0925 0.5664 0.0709 0.0656
107 0.3755 0.2140 0.1426 0.1888 0.0632 0.0159
108 0.0408 0.0360 0.1945 0.6577 0.0162 0.0548
109 0.2350 0.1093 0.2664 0.2542 0.0500 0.0851
110 0.2484 0.0928 0.2371 0.2408 0.1155 0.0653
111 0.1536 0.0809 0.2003 0.4805 0.0225 0.0621
112 0.1528 0.0663 0.1843 0.4783 0.0270 0.0912
113 0.0260 0.4834 0.1281 0.3538 0.0011 0.0077
114 0.0194 0.5498 0.1134 0.3132 0.0006 0.0038
115 0.0394 0.5444 0.2416 0.1635 0.0024 0.0087
116 0.2703 0.0662 0.1075 0.3931 0.0161 0.1469
117 0.2000 0.0514 0.1558 0.3401 0.0400 0.2129
118 0.1500 0.0743 0.1622 0.4209 0.0172 0.1754
119 0.2761 0.0437 0.0897 0.4019 0.0132 0.1755
120 0.0778 0.2361 0.2150 0.4016 0.0552 0.0144
121 0.0412 0.1373 0.1509 0.6157 0.0425 0.0124
122 0.0848 0.2512 0.1622 0.4551 0.0385 0.0079
123 0.1215 0.1420 0.2869 0.3740 0.0547 0.0209
124 0.0345 0.0495 0.0234 0.3176 0.5576 0.0175
125 0.0944 0.1053 0.0509 0.2566 0.4795 0.0134
126 0.0826 0.1078 0.1805 0.4985 0.1028 0.0277
127 0.1259 0.1110 0.1565 0.4897 0.0964 0.0204
128 0.0511 0.4883 0.2101 0.0932 0.0216 0.1356
129 0.0614 0.5869 0.1655 0.0782 0.0244 0.0839
130 0.0372 0.0568 0.2280 0.6704 0.0027 0.0048
131 0.1984 0.3169 0.4399 0.0326 0.0060 0.0062
132 0.0519 0.7695 0.1716 0.0051 0.0015 0.0003
133 0.2350 0.4124 0.2747 0.0673 0.0069 0.0037
134 0.1896 0.0854 0.3433 0.3328 0.0029 0.0457
135 0.2122 0.3337 0.1459 0.2330 0.0207 0.0545
136 0.1833 0.3821 0.1321 0.2246 0.0183 0.0595
137 0.0253 0.3032 0.1755 0.4624 0.0091 0.0245
138 0.0384 0.2075 0.1949 0.5054 0.0102 0.0435
139 0.1241 0.3535 0.2627 0.2318 0.0069 0.0211
140 0.0821 0.3679 0.4041 0.1292 0.0035 0.0135
141 0.0108 0.8481 0.1281 0.0069 0.0006 0.0053
142 0.0049 0.9263 0.0640 0.0032 0.0003 0.0011
143 0.1827 0.2617 0.2499 0.2578 0.0037 0.0441
144 0.1730 0.1730 0.3335 0.2766 0.0022 0.0417
145 0.0580 0.7178 0.1731 0.0438 0.0011 0.0064
146 0.1501 0.4412 0.3081 0.0939 0.0026 0.0041
147 0.0179 0.8511 0.1152 0.0156 0.0001 0.0003
148 0.0679 0.5259 0.3044 0.0914 0.0048 0.0057
149 0.1240 0.2583 0.4680 0.0966 0.0061 0.0471
150 0.2097 0.1176 0.2233 0.4170 0.0148 0.0175
151 0.2296 0.3237 0.1060 0.2996 0.0294 0.0116
152 0.1270 0.0153 0.0746 0.4644 0.0192 0.2998
153 0.0793 0.0768 0.1705 0.3040 0.0884 0.2810
154 0.2167 0.2573 0.2698 0.1942 0.0255 0.0365
155 0.2430 0.1166 0.1984 0.2318 0.0432 0.1670
156 0.0213 0.7734 0.0828 0.1115 0.0008 0.0102
157 0.1339 0.3237 0.0504 0.2947 0.0360 0.1615
158 0.2344 0.0750 0.1537 0.3105 0.0227 0.2036
159 0.3127 0.0145 0.0743 0.3030 0.0362 0.2593
160 0.1990 0.0503 0.0985 0.3835 0.0211 0.2476
161 0.1837 0.0526 0.1262 0.5151 0.0090 0.1132
162 0.3523 0.1017 0.0580 0.4524 0.0096 0.0257
163 0.2566 0.1087 0.0915 0.4102 0.0293 0.1037
164 0.0847 0.0243 0.0702 0.5029 0.0177 0.3003
165 0.3767 0.1499 0.2715 0.0692 0.0367 0.0960
166 0.2052 0.0897 0.2720 0.3081 0.0170 0.1082
167 0.4167 0.2063 0.0587 0.1953 0.0569 0.0660
168 0.0894 0.6206 0.0894 0.1892 0.0023 0.0091
169 0.1910 0.3982 0.1254 0.1465 0.0464 0.0924
170 0.2861 0.1120 0.0746 0.4294 0.0299 0.0679
171 0.2289 0.0345 0.0842 0.3601 0.0487 0.2437
172 0.1084 0.4155 0.0751 0.3186 0.0176 0.0648
173 0.2556 0.4773 0.0925 0.1255 0.0216 0.0274
174 0.1790 0.0425 0.0712 0.6245 0.0118 0.0712
175 0.1615 0.0435 0.0558 0.6289 0.0092 0.1011
176 0.2310 0.1009 0.0672 0.3359 0.0305 0.2345
177 0.2590 0.3711 0.1323 0.1925 0.0286 0.0167
178 0.2534 0.0726 0.0933 0.2272 0.0836 0.2698
179 0.2142 0.0826 0.0922 0.2245 0.1320 0.2544
180 0.3186 0.0627 0.2330 0.3445 0.0075 0.0336
181 0.1442 0.5312 0.0742 0.1510 0.0312 0.0681
182 0.1980 0.0384 0.0740 0.2749 0.0504 0.3643
183 0.1350 0.0572 0.0717 0.3906 0.0643 0.2812
184 0.1917 0.1190 0.1010 0.4893 0.0259 0.0733
185 0.2603 0.1299 0.0872 0.4360 0.0256 0.0609
186 0.1199 0.3088 0.1298 0.2878 0.0799 0.0739
187 0.0948 0.0716 0.0948 0.5542 0.0127 0.1718
188 0.1188 0.1032 0.1265 0.5757 0.0289 0.0472
189 0.1031 0.0261 0.0511 0.7861 0.0048 0.0286
190 0.1560 0.1039 0.2235 0.4805 0.0170 0.0191
191 0.0952 0.6812 0.1260 0.0707 0.0074 0.0195
192 0.1781 0.4766 0.1488 0.1047 0.0253 0.0665
193 0.2173 0.0504 0.1565 0.3638 0.0603 0.1516
194 0.2435 0.0803 0.1224 0.4141 0.0725 0.0671
195 0.0784 0.2377 0.1711 0.4580 0.0201 0.0345
196 0.2296 0.0679 0.1003 0.4639 0.0633 0.0751
197 0.1816 0.0872 0.1288 0.4565 0.1035 0.0425
198 0.0579 0.1700 0.1345 0.5405 0.0141 0.0829
199 0.1455 0.0430 0.0356 0.6421 0.0152 0.1187
200 0.1575 0.0561 0.3130 0.3604 0.0160 0.0970
201 0.1492 0.0603 0.1744 0.5376 0.0144 0.0642
202 0.1448 0.0435 0.3115 0.2705 0.0054 0.2244
203 0.1876 0.0419 0.2817 0.2373 0.0028 0.2487
204 0.1505 0.0296 0.5508 0.1101 0.0014 0.1577
205 0.1971 0.0394 0.4373 0.0961 0.0031 0.2269
206 0.1663 0.1422 0.1742 0.3745 0.0303 0.1125
207 0.3882 0.0839 0.2505 0.1805 0.0129 0.0839
208 0.1476 0.0895 0.3950 0.3125 0.0092 0.0464
209 0.2627 0.1130 0.4907 0.1013 0.0066 0.0258
210 0.4109 0.0597 0.0790 0.3569 0.0491 0.0443
211 0.2095 0.0610 0.0538 0.5786 0.0367 0.0605
212 0.3206 0.1335 0.3689 0.1008 0.0392 0.0371
213 0.1632 0.1908 0.3977 0.1969 0.0260 0.0252
214 0.1714 0.0548 0.1335 0.5796 0.0265 0.0340
215 0.3633 0.0786 0.2786 0.2346 0.0236 0.0211
216 0.3308 0.0492 0.2419 0.3308 0.0255 0.0218
217 0.2360 0.5576 0.1283 0.0597 0.0025 0.0161
218 0.0365 0.0108 0.6880 0.1910 0.0013 0.0725
219 0.1646 0.3767 0.3123 0.1167 0.0029 0.0271
220 0.2825 0.1687 0.2200 0.2869 0.0116 0.0305
221 0.2019 0.0939 0.3713 0.2512 0.0330 0.0487
222 0.2532 0.1941 0.3303 0.1293 0.0790 0.0141
223 0.4094 0.0734 0.0537 0.2192 0.2297 0.0145
224 0.2375 0.5107 0.1440 0.0730 0.0038 0.0307
225 0.2322 0.1272 0.1633 0.2632 0.1376 0.0765
226 0.3508 0.1021 0.3347 0.1021 0.0171 0.0930
227 0.1356 0.1561 0.4312 0.1884 0.0287 0.0602
228 0.1414 0.3782 0.2725 0.1705 0.0054 0.0320
229 0.2659 0.0811 0.2617 0.2136 0.0366 0.1412
230 0.2888 0.0998 0.4473 0.0708 0.0337 0.0596
231 0.2854 0.0325 0.3232 0.2257 0.0247 0.1083
232 0.1272 0.7324 0.1214 0.0120 0.0032 0.0039
233 0.1483 0.0900 0.6343 0.1119 0.0124 0.0032
234 0.4453 0.0558 0.1588 0.3259 0.0096 0.0046
235 0.2878 0.0728 0.4529 0.1615 0.0094 0.0156
236 0.2015 0.1148 0.4910 0.1594 0.0079 0.0254
237 0.1738 0.0771 0.3979 0.2957 0.0102 0.0450
238 0.2216 0.0502 0.0999 0.4619 0.0211 0.1454
239 0.2729 0.1020 0.1394 0.2228 0.0600 0.2029
240 0.1885 0.0414 0.5122 0.0726 0.0165 0.1689
241 0.1877 0.0367 0.1311 0.5435 0.0297 0.0713
242 0.4409 0.0443 0.2983 0.1572 0.0047 0.0544
243 0.2196 0.6064 0.1166 0.0379 0.0044 0.0149
244 0.2878 0.5464 0.1127 0.0352 0.0048 0.0133
245 0.1534 0.1487 0.0916 0.5107 0.0206 0.0748
246 0.2045 0.6299 0.1299 0.0149 0.0047 0.0164
247 0.2169 0.1613 0.3748 0.1770 0.0058 0.0641
248 0.4312 0.1575 0.2152 0.0963 0.0284 0.0715
249 0.2162 0.1194 0.3401 0.1969 0.0400 0.0873
250 0.1302 0.0288 0.1096 0.5835 0.0348 0.1131
251 0.2189 0.5854 0.1306 0.0240 0.0026 0.0383
252 0.2610 0.0482 0.0736 0.4951 0.0887 0.0334
253 0.1990 0.6733 0.1057 0.0145 0.0037 0.0039
254 0.1597 0.6216 0.1699 0.0382 0.0013 0.0091
255 0.0997 0.0240 0.4905 0.3118 0.0215 0.0525
256 0.1052 0.0474 0.2815 0.4500 0.0352 0.0807
257 0.1714 0.2656 0.4517 0.0726 0.0322 0.0065
258 0.2075 0.4126 0.3264 0.0306 0.0219 0.0009
259 0.1122 0.0759 0.4043 0.3198 0.0439 0.0439
260 0.4888 0.1226 0.1914 0.1236 0.0575 0.0160
261 0.4517 0.1048 0.1124 0.2272 0.0491 0.0548
262 0.4248 0.2310 0.1799 0.0598 0.1017 0.0028
263 0.4966 0.1716 0.0856 0.1975 0.0424 0.0062
264 0.1268 0.0637 0.1003 0.3447 0.0358 0.3289
265 0.1268 0.0637 0.1003 0.3447 0.0358 0.3289
266 0.1268 0.0637 0.1003 0.3447 0.0358 0.3289
267 0.1136 0.1553 0.1349 0.1288 0.0181 0.4492
268 0.1136 0.1553 0.1349 0.1288 0.0181 0.4492
269 0.1136 0.1553 0.1349 0.1288 0.0181 0.4492
270 0.1136 0.1553 0.1349 0.1288 0.0181 0.4492
271 0.6377 0.2273 0.0811 0.0031 0.0499 0.0010
272 0.6465 0.2234 0.0772 0.0032 0.0491 0.0009
273 0.6489 0.2208 0.0775 0.0031 0.0485 0.0009
274 0.6396 0.2245 0.0813 0.0031 0.0509 0.0009
275 0.6396 0.2245 0.0813 0.0031 0.0509 0.0009
