time exciting_prob fearful_prob tense_prob sad_prob relaxing_prob neutral_prob
0 0.2075 0.3530 0.0563 0.1832 0.0264 0.1735
1 0.1353 0.3481 0.0894 0.2284 0.0209 0.1779
2 0.1306 0.3467 0.0933 0.2346 0.0205 0.1743
3 0.2708 0.2666 0.0695 0.1980 0.0633 0.1320
4 0.2048 0.1954 0.0655 0.2800 0.0461 0.2081
5 0.1434 0.2291 0.1730 0.3132 0.0207 0.1207
6 0.1333 0.0400 0.2822 0.4875 0.0192 0.0376
7 0.1305 0.1346 0.5850 0.1188 0.0245 0.0067
8 0.1569 0.1061 0.6709 0.0457 0.0172 0.0033
9 0.2100 0.0875 0.6074 0.0773 0.0140 0.0036
10 0.2219 0.0646 0.5581 0.1284 0.0162 0.0110
11 0.1069 0.0958 0.7305 0.0419 0.0204 0.0045
12 0.1405 0.0550 0.4827 0.2245 0.0378 0.0595
13 0.1641 0.2388 0.3757 0.1471 0.0529 0.0215
14 0.3101 0.3301 0.1852 0.0307 0.1431 0.0008
15 0.3186 0.1787 0.2502 0.1692 0.0751 0.0081
16 0.1350 0.2297 0.5176 0.1085 0.0034 0.0055
17 0.2859 0.2583 0.3560 0.0826 0.0082 0.0091
18 0.1143 0.0540 0.4382 0.3689 0.0123 0.0123
19 0.0978 0.2205 0.5454 0.1144 0.0180 0.0038
20 0.3049 0.1062 0.5107 0.0542 0.0206 0.0035
21 0.5332 0.2241 0.1481 0.0414 0.0504 0.0025
22 0.1912 0.1294 0.2494 0.3572 0.0523 0.0206
23 0.0797 0.0772 0.2098 0.5884 0.0300 0.0150
24 0.0839 0.0624 0.4607 0.3589 0.0152 0.0189
25 0.2612 0.2493 0.2737 0.1584 0.0370 0.0205
26 0.2184 0.2893 0.4275 0.0300 0.0227 0.0121
27 0.3369 0.1201 0.4980 0.0186 0.0164 0.0099
28 0.1514 0.1599 0.6626 0.0129 0.0070 0.0061
29 0.1081 0.1635 0.6777 0.0338 0.0061 0.0109
30 0.2847 0.1313 0.5317 0.0359 0.0073 0.0088
31 0.4590 0.2236 0.2871 0.0251 0.0036 0.0016
32 0.3640 0.3262 0.2622 0.0428 0.0033 0.0015
33 0.2915 0.2654 0.3684 0.0671 0.0052 0.0025
34 0.3044 0.1331 0.4099 0.1028 0.0172 0.0326
35 0.5352 0.2712 0.1738 0.0055 0.0125 0.0017
36 0.2878 0.3667 0.3313 0.0040 0.0087 0.0017
37 0.1337 0.4890 0.3662 0.0022 0.0077 0.0010
38 0.4126 0.2140 0.3066 0.0585 0.0064 0.0020
39 0.6626 0.1151 0.1305 0.0761 0.0124 0.0034
40 0.5854 0.1552 0.1731 0.0632 0.0190 0.0039
41 0.4290 0.1693 0.3613 0.0106 0.0272 0.0025
42 0.2026 0.1641 0.5508 0.0336 0.0209 0.0279
43 0.2568 0.3918 0.3147 0.0249 0.0097 0.0019
44 0.5117 0.2554 0.1598 0.0245 0.0249 0.0234
45 0.5259 0.3264 0.1192 0.0028 0.0119 0.0137
46 0.5688 0.1192 0.2175 0.0288 0.0576 0.0080
47 0.5356 0.1205 0.2913 0.0188 0.0183 0.0156
48 0.6089 0.2312 0.1256 0.0061 0.0253 0.0028
49 0.6421 0.0955 0.1324 0.0743 0.0495 0.0061
50 0.1052 0.0852 0.7417 0.0478 0.0144 0.0055
51 0.1654 0.4568 0.3394 0.0202 0.0125 0.0057
52 0.2451 0.4236 0.2471 0.0327 0.0397 0.0119
53 0.3181 0.3333 0.2438 0.0365 0.0401 0.0282
54 0.3789 0.3560 0.1655 0.0272 0.0546 0.0180
55 0.2686 0.1995 0.3394 0.1371 0.0147 0.0409
56 0.2727 0.3501 0.3188 0.0139 0.0224 0.0222
57 0.2382 0.6680 0.0553 0.0077 0.0210 0.0098
58 0.1377 0.7104 0.0883 0.0106 0.0392 0.0136
59 0.2194 0.2159 0.3674 0.1427 0.0175 0.0372
60 0.2893 0.2512 0.4480 0.0052 0.0037 0.0027
61 0.4143 0.1584 0.3953 0.0144 0.0112 0.0062
62 0.5430 0.2883 0.1351 0.0044 0.0275 0.0018
63 0.1127 0.5859 0.1772 0.0037 0.1109 0.0097
64 0.1134 0.5327 0.2637 0.0018 0.0829 0.0056
65 0.1294 0.1882 0.5981 0.0385 0.0077 0.0377
66 0.1962 0.6479 0.1002 0.0175 0.0338 0.0043
67 0.6733 0.1295 0.1295 0.0200 0.0305 0.0170
68 0.6255 0.0989 0.1311 0.0665 0.0446 0.0334
69 0.1145 0.1257 0.3638 0.3528 0.0344 0.0088
70 0.1484 0.0795 0.4294 0.3093 0.0281 0.0052
71 0.0618 0.2386 0.6191 0.0679 0.0070 0.0057
72 0.0797 0.2739 0.4807 0.1443 0.0109 0.0105
73 0.0864 0.4634 0.3389 0.0905 0.0131 0.0078
74 0.1902 0.2122 0.2008 0.3040 0.0864 0.0067
75 0.5088 0.1873 0.2788 0.0038 0.0182 0.0027
76 0.0912 0.2223 0.4780 0.1758 0.0283 0.0045
77 0.5015 0.1471 0.3042 0.0096 0.0318 0.0059
78 0.2035 0.1432 0.5796 0.0392 0.0084 0.0259
79 0.3438 0.1490 0.3413 0.1033 0.0365 0.0261
80 0.1915 0.1317 0.4705 0.1652 0.0171 0.0240
81 0.3406 0.2454 0.3625 0.0205 0.0261 0.0048
82 0.2957 0.1711 0.4800 0.0329 0.0150 0.0055
83 0.4561 0.1917 0.3159 0.0119 0.0210 0.0035
84 0.1382 0.2705 0.4255 0.1517 0.0067 0.0072
85 0.5669 0.1467 0.2576 0.0098 0.0163 0.0029
86 0.3906 0.0988 0.4639 0.0150 0.0222 0.0098
87 0.5483 0.1633 0.2571 0.0053 0.0226 0.0034
88 0.1464 0.2671 0.2610 0.2935 0.0172 0.0150
89 0.3677 0.1166 0.4297 0.0319 0.0378 0.0163
90 0.0992 0.1537 0.4961 0.2344 0.0100 0.0067
91 0.1736 0.2094 0.4573 0.1394 0.0154 0.0052
92 0.5728 0.2313 0.1035 0.0069 0.0806 0.0050
93 0.4531 0.0533 0.2444 0.2058 0.0268 0.0166
94 0.1790 0.0914 0.1847 0.4941 0.0409 0.0099
95 0.5723 0.1589 0.2482 0.0102 0.0065 0.0038
96 0.6484 0.2123 0.1163 0.0059 0.0133 0.0037
97 0.4604 0.2544 0.2245 0.0196 0.0204 0.0207
98 0.4229 0.0886 0.3972 0.0669 0.0173 0.0071
99 0.0816 0.5488 0.3516 0.0033 0.0141 0.0005
100 0.0983 0.2216 0.5234 0.1323 0.0213 0.0031
101 0.4412 0.2593 0.2825 0.0050 0.0109 0.0012
102 0.4619 0.2131 0.3101 0.0031 0.0106 0.0014
103 0.5571 0.1559 0.1880 0.0257 0.0596 0.0137
104 0.2610 0.1088 0.4302 0.1658 0.0271 0.0074
105 0.0716 0.0964 0.4817 0.2876 0.0333 0.0294
106 0.4355 0.1238 0.1459 0.1505 0.0787 0.0657
107 0.0287 0.1118 0.2404 0.6138 0.0049 0.0003
108 0.0591 0.1395 0.3296 0.4504 0.0196 0.0018
109 0.0107 0.0470 0.1278 0.8076 0.0054 0.0013
110 0.2070 0.0575 0.3750 0.2346 0.1161 0.0098
111 0.1831 0.1628 0.4324 0.1249 0.0928 0.0039
112 0.1327 0.0933 0.4419 0.3132 0.0099 0.0089
113 0.1638 0.1217 0.4702 0.1703 0.0710 0.0028
114 0.1820 0.1290 0.5435 0.1232 0.0201 0.0023
115 0.1138 0.1103 0.6650 0.0879 0.0173 0.0058
116 0.0784 0.0547 0.5269 0.3196 0.0155 0.0047
117 0.1643 0.0833 0.4468 0.2546 0.0443 0.0068
118 0.1708 0.1102 0.5425 0.1543 0.0214 0.0007
119 0.1371 0.0336 0.2812 0.5254 0.0194 0.0035
120 0.0869 0.0720 0.5796 0.2494 0.0094 0.0026
121 0.0961 0.4768 0.4209 0.0023 0.0039 0.0001
122 0.2251 0.1334 0.2083 0.4077 0.0208 0.0048
123 0.2311 0.0971 0.1799 0.4595 0.0294 0.0029
124 0.4883 0.1064 0.1702 0.2134 0.0206 0.0011
125 0.4407 0.2822 0.1571 0.0300 0.0895 0.0002
126 0.1232 0.0759 0.4910 0.2932 0.0135 0.0033
127 0.2920 0.1575 0.2136 0.2659 0.0688 0.0025
128 0.1197 0.0755 0.4277 0.3601 0.0139 0.0032
129 0.1259 0.0585 0.4028 0.3845 0.0204 0.0079
130 0.3938 0.2075 0.2125 0.1137 0.0712 0.0012
131 0.2421 0.2942 0.2700 0.1423 0.0496 0.0019
132 0.2515 0.3833 0.2134 0.0200 0.1315 0.0004
133 0.3796 0.3796 0.1985 0.0054 0.0367 0.0004
134 0.2054 0.6431 0.0884 0.0113 0.0511 0.0008
135 0.4414 0.0849 0.2273 0.1315 0.1134 0.0014
136 0.0937 0.1130 0.3479 0.4263 0.0176 0.0014
137 0.1902 0.7178 0.0668 0.0095 0.0149 0.0010
138 0.3818 0.4751 0.0819 0.0078 0.0529 0.0005
139 0.3430 0.5273 0.0916 0.0061 0.0309 0.0009
140 0.2539 0.5332 0.1902 0.0058 0.0164 0.0005
141 0.1549 0.6030 0.2151 0.0060 0.0206 0.0003
142 0.1770 0.5410 0.1032 0.0094 0.1689 0.0006
143 0.1776 0.4829 0.3093 0.0074 0.0221 0.0006
144 0.1635 0.6318 0.1824 0.0071 0.0145 0.0009
145 0.4414 0.3411 0.1274 0.0045 0.0849 0.0007
146 0.2400 0.5850 0.0890 0.0179 0.0661 0.0023
147 0.3894 0.4309 0.0715 0.0228 0.0836 0.0019
148 0.3357 0.5117 0.1000 0.0122 0.0395 0.0007
149 0.4722 0.3169 0.1251 0.0443 0.0397 0.0020
150 0.3977 0.1158 0.1140 0.2957 0.0719 0.0050
151 0.1486 0.6558 0.1835 0.0022 0.0094 0.0006
152 0.3003 0.3147 0.2214 0.0111 0.1510 0.0013
153 0.2695 0.2937 0.3149 0.0076 0.1132 0.0012
154 0.3899 0.1885 0.2136 0.0148 0.1915 0.0018
155 0.1499 0.0719 0.4690 0.2322 0.0714 0.0059
156 0.2125 0.0609 0.2043 0.4360 0.0813 0.0050
157 0.3213 0.0972 0.4292 0.0585 0.0825 0.0112
158 0.5986 0.1598 0.1624 0.0052 0.0709 0.0031
159 0.4067 0.1567 0.2281 0.0384 0.1567 0.0132
160 0.6060 0.2046 0.1406 0.0040 0.0419 0.0027
161 0.5918 0.2095 0.1792 0.0031 0.0143 0.0020
162 0.3247 0.2451 0.2957 0.0888 0.0350 0.0104
163 0.3962 0.1083 0.1771 0.1504 0.1126 0.0553
164 0.0711 0.2856 0.5254 0.0995 0.0088 0.0095
165 0.0838 0.1641 0.4675 0.2622 0.0149 0.0074
166 0.6831 0.0946 0.1987 0.0038 0.0185 0.0013
167 0.5015 0.1589 0.2009 0.0657 0.0580 0.0149
168 0.6201 0.0866 0.2429 0.0182 0.0262 0.0058
169 0.5190 0.0790 0.3679 0.0113 0.0188 0.0042
170 0.4910 0.1005 0.3735 0.0139 0.0195 0.0017
171 0.1903 0.4822 0.2971 0.0071 0.0220 0.0013
172 0.4097 0.4292 0.1094 0.0095 0.0393 0.0030
173 0.1192 0.5913 0.2245 0.0159 0.0471 0.0019
174 0.1392 0.2332 0.4858 0.0892 0.0369 0.0159
175 0.1346 0.1116 0.4082 0.2219 0.1116 0.0121
176 0.3101 0.2148 0.3860 0.0611 0.0136 0.0143
177 0.1431 0.3274 0.4875 0.0218 0.0129 0.0072
178 0.3252 0.1115 0.4587 0.0720 0.0163 0.0163
179 0.5737 0.1428 0.2336 0.0112 0.0370 0.0016
180 0.4819 0.2172 0.2404 0.0137 0.0424 0.0045
181 0.1423 0.0716 0.2788 0.4741 0.0129 0.0203
182 0.4272 0.2396 0.2164 0.0319 0.0760 0.0089
183 0.4573 0.1427 0.3093 0.0442 0.0321 0.0144
184 0.1614 0.3337 0.4492 0.0431 0.0103 0.0022
185 0.1683 0.1779 0.5923 0.0086 0.0514 0.0016
186 0.1842 0.1162 0.5503 0.0632 0.0831 0.0032
187 0.5747 0.2064 0.1725 0.0073 0.0267 0.0125
188 0.5967 0.1451 0.2063 0.0031 0.0450 0.0038
189 0.5107 0.1487 0.2842 0.0083 0.0413 0.0067
190 0.4521 0.2439 0.2517 0.0041 0.0414 0.0066
191 0.3921 0.2434 0.3005 0.0053 0.0539 0.0046
192 0.4541 0.2588 0.2356 0.0104 0.0361 0.0049
193 0.3308 0.1492 0.4702 0.0107 0.0346 0.0045
194 0.2764 0.0566 0.5669 0.0738 0.0149 0.0117
195 0.2783 0.0597 0.6172 0.0282 0.0128 0.0038
196 0.3821 0.0712 0.4792 0.0177 0.0486 0.0013
197 0.2119 0.0444 0.6377 0.0744 0.0263 0.0054
198 0.2330 0.1678 0.5679 0.0234 0.0068 0.0013
199 0.2319 0.2031 0.5352 0.0121 0.0117 0.0062
200 0.1229 0.0914 0.5337 0.2091 0.0138 0.0290
201 0.3708 0.2693 0.2800 0.0275 0.0464 0.0059
202 0.6738 0.0857 0.1871 0.0095 0.0424 0.0013
203 0.5684 0.1288 0.2107 0.0091 0.0812 0.0017
204 0.1239 0.2208 0.6343 0.0047 0.0153 0.0011
205 0.1860 0.2209 0.4570 0.0943 0.0384 0.0034
206 0.3716 0.0440 0.3835 0.1526 0.0410 0.0072
207 0.4272 0.0938 0.4075 0.0286 0.0382 0.0046
208 0.1057 0.0495 0.4924 0.2896 0.0206 0.0424
209 0.5928 0.1141 0.2251 0.0171 0.0468 0.0040
210 0.1410 0.1573 0.5938 0.0869 0.0069 0.0143
211 0.1707 0.1003 0.4358 0.2603 0.0202 0.0131
212 0.1782 0.0430 0.3081 0.4211 0.0273 0.0223
213 0.2167 0.0947 0.2235 0.4177 0.0213 0.0263
214 0.2354 0.0577 0.3423 0.3215 0.0323 0.0107
215 0.1669 0.0277 0.4609 0.3022 0.0345 0.0079
216 0.2632 0.1727 0.3892 0.1324 0.0300 0.0125
217 0.6968 0.0505 0.1508 0.0729 0.0254 0.0037
218 0.6157 0.1053 0.1510 0.0847 0.0416 0.0015
219 0.3787 0.1299 0.3613 0.1003 0.0283 0.0017
220 0.2629 0.3621 0.3049 0.0564 0.0095 0.0042
221 0.2886 0.1473 0.3218 0.1848 0.0400 0.0175
222 0.2345 0.1169 0.3574 0.2168 0.0322 0.0420
223 0.5601 0.3291 0.0378 0.0039 0.0690 0.0004
224 0.7642 0.1287 0.0438 0.0044 0.0585 0.0007
225 0.6455 0.0814 0.2179 0.0168 0.0339 0.0045
226 0.7041 0.1354 0.1272 0.0034 0.0282 0.0019
227 0.6523 0.1315 0.1755 0.0080 0.0291 0.0035
228 0.6699 0.1554 0.1146 0.0094 0.0485 0.0023
229 0.2188 0.2120 0.4490 0.0811 0.0377 0.0014
230 0.4050 0.2168 0.1783 0.0238 0.1757 0.0003
231 0.4065 0.1472 0.2837 0.0886 0.0501 0.0240
232 0.3843 0.0739 0.2683 0.1859 0.0576 0.0299
233 0.0866 0.0922 0.4907 0.2429 0.0091 0.0782
234 0.3201 0.1754 0.3628 0.1039 0.0249 0.0130
235 0.1249 0.1394 0.4866 0.1655 0.0147 0.0690
236 0.0509 0.1096 0.6606 0.1451 0.0066 0.0271
237 0.1427 0.1735 0.4497 0.1875 0.0299 0.0168
238 0.3484 0.0840 0.4072 0.1194 0.0376 0.0032
239 0.1652 0.0750 0.2854 0.3132 0.1469 0.0144
240 0.2351 0.1229 0.5259 0.0819 0.0318 0.0026
241 0.3337 0.0750 0.5088 0.0484 0.0217 0.0124
242 0.1704 0.1338 0.4353 0.1403 0.0508 0.0694
243 0.1237 0.1492 0.5630 0.0919 0.0150 0.0575
244 0.4600 0.0949 0.3040 0.1084 0.0255 0.0071
245 0.2285 0.1582 0.4509 0.1158 0.0232 0.0235
246 0.1704 0.0844 0.3779 0.1527 0.2120 0.0024
247 0.1713 0.0976 0.2491 0.3799 0.0635 0.0385
248 0.1256 0.0823 0.3867 0.3308 0.0272 0.0473
249 0.5225 0.2566 0.1644 0.0067 0.0490 0.0009
250 0.1289 0.1193 0.6250 0.0886 0.0283 0.0101
251 0.3887 0.0916 0.3223 0.1570 0.0201 0.0204
252 0.1932 0.0360 0.6235 0.1018 0.0188 0.0264
253 0.2269 0.1080 0.3276 0.2473 0.0443 0.0457
254 0.2734 0.0319 0.2130 0.4304 0.0135 0.0376
255 0.3318 0.0966 0.4001 0.1279 0.0264 0.0170
256 0.7778 0.0859 0.0974 0.0043 0.0337 0.0007
257 0.1425 0.1772 0.3752 0.2661 0.0196 0.0196
258 0.7051 0.0822 0.1366 0.0062 0.0698 0.0003
259 0.1312 0.0834 0.5977 0.1420 0.0085 0.0373
260 0.0729 0.0525 0.7246 0.1340 0.0048 0.0110
261 0.2107 0.1653 0.3875 0.1627 0.0466 0.0272
262 0.3271 0.0937 0.3945 0.1176 0.0153 0.0518
263 0.5474 0.2335 0.1427 0.0060 0.0701 0.0004
264 0.5737 0.2283 0.1166 0.0230 0.0505 0.0078
265 0.1615 0.0818 0.5635 0.1589 0.0128 0.0213
266 0.1355 0.0461 0.4585 0.3354 0.0124 0.0121
267 0.3730 0.2839 0.2795 0.0334 0.0275 0.0028
268 0.5957 0.1329 0.1980 0.0318 0.0304 0.0113
269 0.4126 0.1616 0.2949 0.0899 0.0260 0.0151
270 0.2285 0.4106 0.3325 0.0033 0.0235 0.0017
271 0.2428 0.4573 0.2410 0.0085 0.0493 0.0010
272 0.1549 0.5713 0.2457 0.0060 0.0220 0.0003
273 0.5854 0.2539 0.1296 0.0041 0.0266 0.0002
274 0.7051 0.1345 0.1377 0.0031 0.0195 0.0003
275 0.2620 0.3286 0.3364 0.0150 0.0558 0.0023
276 0.1715 0.5200 0.2761 0.0031 0.0291 0.0002
277 0.2197 0.4011 0.3325 0.0070 0.0388 0.0009
278 0.1758 0.4524 0.3496 0.0033 0.0178 0.0010
279 0.2401 0.3896 0.3467 0.0032 0.0200 0.0005
280 0.1343 0.2017 0.3826 0.2250 0.0245 0.0319
281 0.1271 0.1070 0.3794 0.3145 0.0450 0.0273
282 0.0976 0.1159 0.3625 0.3513 0.0620 0.0105
283 0.0991 0.0583 0.4805 0.3250 0.0171 0.0200
284 0.1129 0.0764 0.3267 0.4329 0.0264 0.0248
285 0.1284 0.2219 0.5000 0.1305 0.0155 0.0038
286 0.2058 0.3584 0.3474 0.0438 0.0428 0.0015
287 0.1403 0.2834 0.5381 0.0207 0.0166 0.0011
288 0.2373 0.4539 0.2030 0.0271 0.0765 0.0022
289 0.2368 0.3018 0.2600 0.1059 0.0695 0.0260
290 0.4753 0.0944 0.3701 0.0355 0.0228 0.0019
291 0.3142 0.0664 0.4944 0.1086 0.0088 0.0077
292 0.2037 0.1959 0.3989 0.1444 0.0407 0.0163
293 0.1427 0.3560 0.4004 0.0525 0.0439 0.0044
294 0.2477 0.3411 0.3660 0.0211 0.0188 0.0052
295 0.1807 0.2649 0.4836 0.0302 0.0376 0.0029
296 0.1759 0.2139 0.5337 0.0249 0.0489 0.0028
297 0.0945 0.1545 0.6309 0.0959 0.0144 0.0100
298 0.5977 0.2180 0.1185 0.0307 0.0130 0.0223
299 0.5986 0.1490 0.1315 0.0804 0.0280 0.0123
300 0.3372 0.1036 0.2317 0.2930 0.0158 0.0190
301 0.4683 0.1982 0.1395 0.1130 0.0409 0.0403
302 0.1653 0.1067 0.3904 0.2642 0.0199 0.0536
303 0.1841 0.2576 0.5083 0.0023 0.0469 0.0009
304 0.0709 0.2219 0.4849 0.1573 0.0247 0.0401
305 0.1116 0.4177 0.3862 0.0548 0.0200 0.0096
306 0.1033 0.6230 0.2291 0.0098 0.0320 0.0029
307 0.1165 0.4980 0.3167 0.0217 0.0352 0.0120
308 0.0773 0.2827 0.5625 0.0441 0.0167 0.0166
309 0.0807 0.2505 0.5825 0.0422 0.0341 0.0103
310 0.2267 0.2910 0.3223 0.0148 0.1442 0.0010
311 0.5469 0.0482 0.3699 0.0250 0.0066 0.0037
312 0.2218 0.3381 0.1399 0.1410 0.1443 0.0149
313 0.1548 0.1523 0.2472 0.1150 0.3276 0.0032
314 0.1735 0.3645 0.4229 0.0048 0.0341 0.0004
315 0.1393 0.0845 0.7295 0.0270 0.0036 0.0163
316 0.3389 0.0927 0.5459 0.0095 0.0112 0.0020
317 0.1439 0.0399 0.7310 0.0701 0.0059 0.0093
318 0.1969 0.0736 0.5186 0.1849 0.0216 0.0042
319 0.5859 0.3064 0.0520 0.0147 0.0336 0.0072
320 0.2494 0.3628 0.3435 0.0282 0.0156 0.0006
321 0.1582 0.1271 0.6455 0.0534 0.0143 0.0018
322 0.3252 0.2534 0.3716 0.0147 0.0345 0.0005
323 0.1603 0.2834 0.5337 0.0043 0.0172 0.0007
324 0.2957 0.2820 0.4009 0.0075 0.0138 0.0003
325 0.1426 0.6143 0.2242 0.0017 0.0154 0.0015
326 0.3386 0.4021 0.2327 0.0039 0.0202 0.0025
327 0.3279 0.2253 0.2437 0.1455 0.0167 0.0407
328 0.3499 0.0684 0.3582 0.1565 0.0637 0.0034
329 0.3440 0.2311 0.2786 0.0352 0.1108 0.0002
330 0.2152 0.4084 0.3494 0.0034 0.0234 0.0001
331 0.3340 0.3313 0.2856 0.0107 0.0381 0.0002
332 0.1432 0.2937 0.5073 0.0211 0.0286 0.0058
333 0.1461 0.2410 0.5825 0.0146 0.0146 0.0013
334 0.2615 0.3604 0.2678 0.0897 0.0200 0.0006
335 0.2242 0.1459 0.0892 0.4746 0.0372 0.0289
336 0.2308 0.3777 0.1422 0.2308 0.0148 0.0038
337 0.2817 0.3401 0.3374 0.0168 0.0235 0.0006
338 0.4788 0.2749 0.1996 0.0242 0.0226 0.0002
339 0.2230 0.1417 0.2128 0.3677 0.0509 0.0037
340 0.1625 0.1870 0.5327 0.0338 0.0823 0.0019
341 0.1897 0.2253 0.4177 0.1160 0.0465 0.0048
342 0.1869 0.1040 0.4553 0.2052 0.0461 0.0024
343 0.2715 0.1150 0.1766 0.3406 0.0938 0.0025
344 0.0984 0.0385 0.2781 0.5708 0.0120 0.0024
345 0.2362 0.3154 0.2272 0.1840 0.0205 0.0166
346 0.0898 0.1100 0.3086 0.4219 0.0438 0.0259
347 0.1367 0.2576 0.3926 0.1611 0.0343 0.0178
348 0.0956 0.1638 0.5249 0.1652 0.0374 0.0132
349 0.1110 0.1707 0.5957 0.0442 0.0695 0.0091
350 0.0918 0.1335 0.6523 0.0798 0.0216 0.0210
351 0.3623 0.3171 0.2469 0.0324 0.0400 0.0013
352 0.6626 0.1561 0.1133 0.0310 0.0349 0.0019
353 0.3667 0.1027 0.3474 0.0920 0.0845 0.0068
354 0.2354 0.1593 0.0826 0.2585 0.0396 0.2246
355 0.3250 0.3352 0.1014 0.1376 0.0748 0.0262
356 0.3403 0.3738 0.0959 0.0923 0.0795 0.0183
357 0.3423 0.3818 0.0996 0.0685 0.0936 0.0141
358 0.3953 0.3713 0.0842 0.0640 0.0748 0.0105
359 0.4070 0.3765 0.0827 0.0555 0.0691 0.0094
360 0.3875 0.4062 0.0800 0.0463 0.0723 0.0078
361 0.3635 0.3870 0.0850 0.0745 0.0786 0.0114
362 0.3633 0.3867 0.0850 0.0738 0.0798 0.0113
363 0.3342 0.3091 0.1019 0.1542 0.0729 0.0276
364 0.3391 0.3843 0.0994 0.0689 0.0942 0.0142
