time exciting_prob fearful_prob tense_prob sad_prob relaxing_prob neutral_prob
0 0.1228 0.2993 0.4026 0.1459 0.0098 0.0196
1 0.1058 0.5044 0.3413 0.0395 0.0060 0.0029
2 0.1292 0.4043 0.4170 0.0394 0.0061 0.0040
3 0.0815 0.2759 0.4998 0.1205 0.0081 0.0142
4 0.1394 0.4573 0.3142 0.0432 0.0342 0.0116
5 0.1272 0.2164 0.2913 0.2098 0.0239 0.1313
6 0.0656 0.2983 0.5752 0.0305 0.0110 0.0192
7 0.1256 0.5630 0.1946 0.0402 0.0325 0.0441
8 0.2222 0.4561 0.1390 0.0276 0.0864 0.0688
9 0.1628 0.2483 0.3557 0.1155 0.0142 0.1035
10 0.2058 0.0745 0.1680 0.3611 0.0512 0.1393
11 0.0448 0.2310 0.5454 0.1217 0.0057 0.0515
12 0.0717 0.3115 0.4194 0.1383 0.0093 0.0497
13 0.1199 0.1564 0.1771 0.3523 0.0798 0.1144
14 0.0890 0.2573 0.3306 0.2134 0.0234 0.0862
15 0.0936 0.4536 0.2751 0.0788 0.0614 0.0375
16 0.1403 0.2925 0.1589 0.1948 0.0594 0.1541
17 0.1621 0.2756 0.2844 0.1595 0.0340 0.0841
18 0.1781 0.0953 0.0968 0.3433 0.1168 0.1699
19 0.1124 0.5532 0.1796 0.0917 0.0410 0.0220
20 0.0760 0.3628 0.4883 0.0499 0.0111 0.0120
21 0.0571 0.7065 0.1552 0.0452 0.0157 0.0204
22 0.0873 0.5269 0.1821 0.1038 0.0675 0.0324
23 0.1836 0.0686 0.1079 0.4543 0.0534 0.1322
24 0.0797 0.6074 0.1741 0.0635 0.0515 0.0236
25 0.1061 0.4131 0.1643 0.2177 0.0493 0.0497
26 0.0677 0.5845 0.2185 0.0897 0.0249 0.0146
27 0.0749 0.2068 0.4446 0.2201 0.0129 0.0407
28 0.0853 0.2467 0.1722 0.3167 0.0966 0.0826
29 0.1378 0.5366 0.1235 0.0977 0.0527 0.0515
30 0.0848 0.3918 0.1088 0.3198 0.0407 0.0539
31 0.1131 0.1570 0.1365 0.1282 0.0180 0.4473
32 0.1136 0.1553 0.1349 0.1288 0.0181 0.4492
33 0.0454 0.3203 0.2167 0.3152 0.0992 0.0031
34 0.0392 0.3386 0.4021 0.1135 0.1049 0.0016
35 0.1165 0.3396 0.2446 0.1111 0.1818 0.0063
36 0.1063 0.1635 0.3799 0.1323 0.1740 0.0440
37 0.0707 0.1891 0.3069 0.2974 0.0801 0.0559
38 0.1173 0.0590 0.1875 0.1818 0.4094 0.0449
39 0.0625 0.1168 0.3174 0.3711 0.0778 0.0543
40 0.2196 0.1407 0.0840 0.0681 0.4651 0.0226
41 0.0480 0.0941 0.1390 0.2054 0.4702 0.0431
42 0.0792 0.1677 0.2722 0.1901 0.2598 0.0310
43 0.0878 0.1887 0.3015 0.3472 0.0532 0.0215
44 0.0986 0.2024 0.3442 0.2404 0.1002 0.0140
45 0.0666 0.0816 0.2593 0.2803 0.2634 0.0487
46 0.0805 0.1154 0.2766 0.1528 0.3184 0.0562
47 0.0674 0.0966 0.2839 0.3535 0.1406 0.0577
48 0.0413 0.2100 0.4307 0.1881 0.0992 0.0307
49 0.0869 0.2219 0.4700 0.1207 0.0688 0.0317
50 0.1033 0.2639 0.2257 0.2153 0.1504 0.0414
51 0.1265 0.1265 0.3230 0.3386 0.0335 0.0519
52 0.1097 0.1865 0.3125 0.2935 0.0635 0.0342
53 0.2869 0.1187 0.1853 0.0592 0.3054 0.0443
54 0.1076 0.1329 0.2727 0.0585 0.4094 0.0190
55 0.1216 0.1305 0.2964 0.0792 0.3308 0.0414
56 0.0783 0.1271 0.2568 0.0649 0.4436 0.0293
57 0.0602 0.0947 0.3462 0.3862 0.0208 0.0917
58 0.0820 0.0929 0.3560 0.3398 0.0258 0.1036
59 0.1506 0.0942 0.4568 0.1654 0.0793 0.0537
60 0.0126 0.0321 0.0446 0.8818 0.0032 0.0254
61 0.0157 0.0428 0.0717 0.7954 0.0079 0.0663
62 0.0682 0.1108 0.2786 0.3806 0.0476 0.1143
63 0.1350 0.0914 0.3848 0.2407 0.0781 0.0701
64 0.1140 0.0821 0.2489 0.4578 0.0475 0.0498
65 0.1533 0.1332 0.1710 0.4038 0.0513 0.0873
66 0.0389 0.2659 0.5127 0.1401 0.0333 0.0092
67 0.0516 0.1494 0.3420 0.4189 0.0117 0.0264
68 0.0348 0.0797 0.3203 0.4734 0.0611 0.0307
69 0.0792 0.1456 0.3550 0.3181 0.0265 0.0756
70 0.1326 0.0817 0.2053 0.3491 0.0444 0.1869
71 0.1085 0.1230 0.2996 0.3240 0.0690 0.0757
72 0.0806 0.0872 0.2815 0.4360 0.0128 0.1019
73 0.0981 0.1384 0.3882 0.2281 0.0443 0.1028
74 0.1077 0.1860 0.3643 0.2075 0.0950 0.0393
75 0.0412 0.0795 0.2228 0.2126 0.3792 0.0648
76 0.0639 0.1821 0.3147 0.2000 0.1821 0.0573
77 0.0738 0.1562 0.2920 0.1276 0.2496 0.1009
78 0.0562 0.1328 0.3499 0.2330 0.2025 0.0255
79 0.1317 0.0694 0.1338 0.1126 0.5371 0.0154
80 0.0226 0.0594 0.1566 0.7129 0.0143 0.0339
81 0.0396 0.3552 0.4492 0.1307 0.0238 0.0014
82 0.0383 0.3059 0.4966 0.1400 0.0152 0.0041
83 0.1624 0.1727 0.2052 0.0592 0.3601 0.0404
84 0.1478 0.1727 0.2986 0.0635 0.2761 0.0414
85 0.1899 0.0970 0.1527 0.1208 0.4150 0.0245
86 0.1255 0.1057 0.3254 0.1974 0.1422 0.1040
87 0.1101 0.2368 0.2947 0.1903 0.1530 0.0151
88 0.1092 0.0751 0.2539 0.3311 0.0101 0.2206
89 0.0992 0.0809 0.3743 0.3354 0.0123 0.0977
90 0.0809 0.0903 0.4045 0.2532 0.0376 0.1334
91 0.1100 0.1902 0.4707 0.1528 0.0274 0.0488
92 0.1227 0.5498 0.1703 0.1189 0.0346 0.0039
93 0.2668 0.3823 0.2079 0.0795 0.0591 0.0043
94 0.1405 0.1342 0.3879 0.2142 0.0294 0.0936
95 0.0623 0.1146 0.4392 0.3162 0.0229 0.0449
96 0.1075 0.0549 0.7012 0.0825 0.0219 0.0318
97 0.1768 0.2035 0.4805 0.0666 0.0583 0.0144
98 0.2429 0.1061 0.4399 0.1241 0.0266 0.0605
99 0.0487 0.0156 0.0742 0.1031 0.7153 0.0430
100 0.0312 0.0157 0.0738 0.0738 0.7690 0.0365
101 0.0380 0.0100 0.0266 0.1247 0.6743 0.1267
102 0.0587 0.4653 0.3403 0.1272 0.0059 0.0025
103 0.0654 0.5610 0.3196 0.0490 0.0039 0.0013
104 0.0455 0.4287 0.4783 0.0415 0.0051 0.0009
105 0.0363 0.0986 0.1033 0.6733 0.0106 0.0779
106 0.1204 0.1499 0.2715 0.0719 0.3430 0.0433
107 0.1975 0.1945 0.2852 0.0327 0.2764 0.0137
108 0.0445 0.0818 0.3611 0.3289 0.0700 0.1136
109 0.0634 0.0576 0.4329 0.1862 0.1240 0.1361
110 0.0426 0.3225 0.4014 0.0491 0.1781 0.0062
111 0.0956 0.1627 0.4092 0.0119 0.3137 0.0069
112 0.0738 0.1975 0.4451 0.0918 0.1770 0.0150
113 0.1470 0.1200 0.2705 0.3418 0.1010 0.0197
114 0.0910 0.1409 0.5488 0.1224 0.0766 0.0203
115 0.1136 0.1350 0.5015 0.1844 0.0256 0.0399
116 0.1412 0.1842 0.4854 0.1033 0.0683 0.0175
117 0.0565 0.3435 0.3542 0.0395 0.1957 0.0105
118 0.0459 0.1437 0.1996 0.1816 0.3240 0.1052
119 0.0555 0.3142 0.1630 0.0674 0.3191 0.0807
120 0.2690 0.1232 0.3855 0.1292 0.0526 0.0406
121 0.2939 0.0579 0.2118 0.3281 0.0278 0.0804
122 0.0717 0.1201 0.2012 0.1383 0.4326 0.0361
123 0.0749 0.2150 0.1782 0.0480 0.4768 0.0071
124 0.1047 0.0437 0.3176 0.4409 0.0666 0.0263
125 0.0905 0.0540 0.2703 0.4893 0.0421 0.0540
126 0.0624 0.0894 0.3323 0.2754 0.1807 0.0596
127 0.0532 0.1470 0.5132 0.1947 0.0492 0.0428
128 0.0624 0.2146 0.4336 0.2048 0.0468 0.0379
129 0.0865 0.4324 0.2388 0.1775 0.0456 0.0191
130 0.1628 0.4639 0.2686 0.0467 0.0381 0.0199
131 0.0706 0.1746 0.2462 0.0800 0.4189 0.0098
132 0.0652 0.2041 0.4253 0.1829 0.0920 0.0306
133 0.0918 0.2400 0.2595 0.0869 0.3081 0.0136
134 0.1054 0.2778 0.4104 0.0364 0.1608 0.0093
135 0.0282 0.0829 0.0666 0.0544 0.7622 0.0061
136 0.0315 0.1031 0.1082 0.0855 0.6626 0.0093
137 0.0426 0.0990 0.1054 0.1271 0.6162 0.0099
138 0.0432 0.0691 0.0730 0.0394 0.7725 0.0027
139 0.1276 0.2007 0.1827 0.3157 0.1638 0.0097
140 0.0481 0.2404 0.3901 0.2683 0.0225 0.0306
141 0.1372 0.1230 0.2522 0.2522 0.2158 0.0195
142 0.0692 0.4370 0.2778 0.1851 0.0192 0.0117
143 0.1234 0.1399 0.2915 0.1714 0.2271 0.0468
144 0.3015 0.2581 0.3262 0.0837 0.0251 0.0056
145 0.0587 0.2979 0.2393 0.2213 0.1343 0.0486
146 0.0768 0.4783 0.1932 0.1084 0.1050 0.0383
147 0.1063 0.1699 0.2358 0.2981 0.1132 0.0766
148 0.0282 0.0842 0.0698 0.4692 0.3225 0.0261
149 0.0256 0.0826 0.1592 0.3530 0.3530 0.0264
150 0.0567 0.0935 0.0800 0.1591 0.5464 0.0643
151 0.0345 0.0379 0.0164 0.0665 0.8232 0.0216
152 0.1071 0.1851 0.3682 0.1122 0.1970 0.0305
153 0.1155 0.4033 0.3191 0.0375 0.1137 0.0110
154 0.0988 0.2059 0.3728 0.1137 0.1707 0.0381
155 0.0423 0.1366 0.3328 0.1283 0.3433 0.0168
156 0.0729 0.0965 0.3215 0.2075 0.2837 0.0179
157 0.0792 0.2766 0.4490 0.0818 0.1083 0.0051
158 0.0108 0.0212 0.0837 0.8721 0.0094 0.0030
159 0.1204 0.2469 0.4268 0.1029 0.0938 0.0094
160 0.1131 0.0340 0.4009 0.1985 0.2180 0.0356
161 0.1250 0.0559 0.1052 0.6348 0.0764 0.0028
162 0.0676 0.0394 0.0882 0.5571 0.2434 0.0041
163 0.1384 0.0866 0.1670 0.4199 0.1750 0.0131
164 0.1168 0.0625 0.0731 0.1647 0.5151 0.0676
165 0.0492 0.0255 0.0786 0.4451 0.2659 0.1357
166 0.0581 0.0467 0.0807 0.3792 0.2159 0.2194
167 0.0740 0.1094 0.1748 0.3369 0.2708 0.0341
168 0.0899 0.2026 0.1554 0.3613 0.1760 0.0148
169 0.0665 0.2629 0.2671 0.1698 0.2146 0.0192
170 0.0765 0.1779 0.2979 0.1321 0.2798 0.0361
171 0.0546 0.1021 0.1907 0.5693 0.0375 0.0460
172 0.0670 0.2734 0.3196 0.2734 0.0432 0.0233
173 0.1309 0.1934 0.1628 0.1707 0.2949 0.0474
174 0.2605 0.1373 0.2229 0.1310 0.2410 0.0074
175 0.1048 0.1133 0.3955 0.3081 0.0535 0.0249
176 0.2910 0.1343 0.1659 0.0506 0.3567 0.0015
177 0.1302 0.1595 0.3596 0.2113 0.0686 0.0708
178 0.1486 0.1037 0.2527 0.4575 0.0262 0.0112
179 0.1584 0.2532 0.2003 0.0574 0.3152 0.0156
180 0.0730 0.2356 0.2932 0.2393 0.0654 0.0937
181 0.0466 0.1932 0.1370 0.2405 0.2900 0.0927
182 0.2152 0.0869 0.4485 0.1236 0.1161 0.0098
183 0.0716 0.3811 0.1614 0.2073 0.1692 0.0095
184 0.0300 0.3862 0.1089 0.1178 0.3462 0.0110
185 0.0192 0.4805 0.0946 0.2131 0.1768 0.0159
186 0.0260 0.0764 0.0559 0.7837 0.0133 0.0449
187 0.0158 0.0423 0.0526 0.8486 0.0034 0.0373
188 0.0201 0.0369 0.0347 0.4290 0.3726 0.1068
189 0.0277 0.1029 0.0880 0.4910 0.1451 0.1451
190 0.0921 0.1340 0.3701 0.3167 0.0120 0.0752
191 0.0320 0.1116 0.2896 0.3660 0.0111 0.1898
192 0.0399 0.1790 0.3557 0.1935 0.0690 0.1630
193 0.0298 0.1512 0.2306 0.3862 0.1160 0.0862
194 0.0277 0.1342 0.1013 0.6709 0.0039 0.0624
195 0.0768 0.1066 0.2517 0.4929 0.0040 0.0677
196 0.0710 0.2422 0.2969 0.1665 0.2040 0.0194
197 0.0893 0.2793 0.3760 0.1362 0.0951 0.0240
198 0.0334 0.5386 0.2390 0.1320 0.0078 0.0493
199 0.0534 0.1499 0.3826 0.2844 0.0055 0.1242
200 0.0667 0.2764 0.1099 0.4626 0.0380 0.0465
201 0.0567 0.0653 0.0879 0.7246 0.0290 0.0366
202 0.0508 0.2421 0.3013 0.3206 0.0211 0.0641
203 0.0473 0.1017 0.4280 0.3281 0.0194 0.0756
204 0.1763 0.2585 0.3943 0.0311 0.1174 0.0222
205 0.0373 0.0616 0.4407 0.3030 0.0166 0.1409
206 0.1415 0.1903 0.4158 0.1530 0.0500 0.0497
207 0.0620 0.2003 0.2825 0.4175 0.0195 0.0183
208 0.1214 0.2377 0.2452 0.1333 0.2340 0.0282
209 0.0621 0.0726 0.1198 0.1356 0.5986 0.0113
210 0.1168 0.1571 0.1366 0.1454 0.4338 0.0102
211 0.0975 0.1851 0.2233 0.1158 0.3623 0.0161
212 0.0828 0.1780 0.2629 0.1282 0.3325 0.0154
213 0.0781 0.2642 0.1577 0.1844 0.3042 0.0114
214 0.0803 0.0829 0.0835 0.0961 0.6519 0.0054
215 0.0616 0.0672 0.1161 0.1378 0.6084 0.0090
216 0.0703 0.1283 0.0861 0.1150 0.5928 0.0074
217 0.0467 0.1202 0.2546 0.0764 0.4907 0.0113
218 0.0337 0.0975 0.1686 0.1006 0.5884 0.0112
219 0.0398 0.1306 0.2598 0.0970 0.4487 0.0240
220 0.0409 0.1693 0.2208 0.0493 0.5054 0.0141
221 0.0802 0.2321 0.2756 0.1302 0.2629 0.0189
222 0.0525 0.0853 0.2391 0.1952 0.3645 0.0634
223 0.0942 0.2313 0.2462 0.0920 0.3210 0.0151
224 0.0575 0.1198 0.2457 0.1974 0.3630 0.0165
225 0.0869 0.2849 0.3774 0.0410 0.2052 0.0045
226 0.0532 0.1127 0.2832 0.4456 0.0175 0.0878
227 0.1005 0.1509 0.1021 0.3855 0.0702 0.1908
228 0.0384 0.1666 0.3113 0.1615 0.3113 0.0112
229 0.1009 0.1975 0.1445 0.2617 0.2007 0.0948
230 0.0189 0.2817 0.4431 0.1532 0.0944 0.0088
231 0.0306 0.2644 0.3672 0.1996 0.1351 0.0030
232 0.0726 0.2035 0.3152 0.2695 0.0119 0.1273
233 0.0369 0.1564 0.1665 0.2499 0.3870 0.0034
234 0.0547 0.1879 0.1969 0.2197 0.3350 0.0058
235 0.0454 0.1089 0.2573 0.3303 0.2494 0.0085
236 0.0584 0.3132 0.3232 0.0811 0.2222 0.0019
237 0.0537 0.2107 0.3264 0.0706 0.3367 0.0021
238 0.0523 0.2939 0.4773 0.0856 0.0883 0.0025
239 0.0352 0.4431 0.3345 0.0958 0.0900 0.0011
240 0.0476 0.0836 0.2135 0.1855 0.4592 0.0105
241 0.0723 0.2544 0.2211 0.0384 0.4131 0.0006
242 0.0637 0.2423 0.2104 0.1109 0.3694 0.0032
243 0.0635 0.2399 0.2983 0.0842 0.3079 0.0061
244 0.0424 0.3835 0.4414 0.0574 0.0671 0.0082
245 0.0517 0.3022 0.4197 0.1428 0.0654 0.0180
246 0.0762 0.2876 0.2969 0.1425 0.1857 0.0112
247 0.0407 0.3574 0.4663 0.0503 0.0836 0.0016
248 0.0741 0.4199 0.2798 0.0182 0.2079 0.0001
249 0.0723 0.3789 0.2998 0.0442 0.2028 0.0021
250 0.1320 0.2280 0.3701 0.1340 0.1299 0.0060
251 0.1106 0.1824 0.3149 0.1072 0.2825 0.0025
252 0.0838 0.2090 0.4495 0.1505 0.1019 0.0052
253 0.0407 0.2637 0.4211 0.1729 0.0955 0.0060
254 0.1028 0.1617 0.1384 0.1384 0.0189 0.4397
255 0.1136 0.1553 0.1349 0.1288 0.0181 0.4492
256 0.1136 0.1553 0.1349 0.1288 0.0181 0.4492
257 0.1136 0.1553 0.1349 0.1288 0.0181 0.4492
258 0.1136 0.1553 0.1349 0.1288 0.0181 0.4492
259 0.1136 0.1553 0.1349 0.1288 0.0181 0.4492
260 0.1136 0.1553 0.1349 0.1288 0.0181 0.4492
