time exciting_prob fearful_prob tense_prob sad_prob relaxing_prob neutral_prob
0 0.1136 0.1553 0.1349 0.1288 0.0181 0.4492
1 0.2202 0.3630 0.2238 0.1074 0.0677 0.0178
2 0.1334 0.3923 0.2781 0.0767 0.0803 0.0392
3 0.0297 0.6699 0.2351 0.0292 0.0347 0.0014
4 0.0865 0.7422 0.0352 0.0321 0.0669 0.0372
5 0.0281 0.6440 0.1844 0.0262 0.0920 0.0254
6 0.0309 0.7090 0.0982 0.0560 0.0847 0.0214
7 0.0354 0.7388 0.1206 0.0200 0.0732 0.0119
8 0.0314 0.7661 0.0908 0.0264 0.0789 0.0067
9 0.0815 0.4204 0.2396 0.2181 0.0286 0.0117
10 0.1112 0.2507 0.1805 0.4006 0.0517 0.0053
11 0.1353 0.2264 0.3096 0.2732 0.0373 0.0186
12 0.0277 0.6924 0.2356 0.0324 0.0107 0.0013
13 0.0490 0.3027 0.2286 0.3125 0.0506 0.0565
14 0.0314 0.3052 0.0834 0.1022 0.1038 0.3740
15 0.0628 0.1068 0.2522 0.3728 0.0207 0.1846
16 0.1357 0.1514 0.0970 0.0410 0.3806 0.1943
17 0.2024 0.3062 0.0948 0.1118 0.1379 0.1469
18 0.2125 0.1803 0.0928 0.1604 0.1694 0.1846
19 0.0749 0.6943 0.1411 0.0251 0.0593 0.0054
20 0.0870 0.7520 0.0598 0.0756 0.0224 0.0033
21 0.0534 0.1322 0.1376 0.4509 0.0288 0.1970
22 0.0773 0.2069 0.1125 0.1161 0.3577 0.1295
23 0.0814 0.6602 0.1183 0.0103 0.1165 0.0132
24 0.1667 0.2371 0.2262 0.1472 0.0845 0.1383
25 0.0657 0.1144 0.1163 0.3064 0.0608 0.3364
26 0.0370 0.4048 0.1584 0.0203 0.3572 0.0223
27 0.0166 0.5762 0.2678 0.1152 0.0068 0.0177
28 0.0449 0.6650 0.0921 0.1192 0.0176 0.0614
29 0.0420 0.2004 0.0797 0.0163 0.6470 0.0145
30 0.1022 0.2673 0.1243 0.2081 0.1595 0.1387
31 0.0923 0.2957 0.1122 0.2129 0.2610 0.0260
32 0.0485 0.7461 0.1127 0.0244 0.0098 0.0584
33 0.0437 0.5317 0.2397 0.0414 0.0903 0.0531
34 0.0470 0.4895 0.2969 0.0276 0.1026 0.0363
35 0.2075 0.3938 0.1803 0.0567 0.0478 0.1137
36 0.0244 0.0629 0.0152 0.0080 0.8823 0.0072
37 0.0092 0.8003 0.1368 0.0352 0.0041 0.0145
38 0.0573 0.4878 0.2305 0.0514 0.1660 0.0071
39 0.0421 0.1316 0.0584 0.2037 0.0357 0.5283
40 0.1776 0.4941 0.1012 0.1020 0.0474 0.0776
41 0.0201 0.0895 0.0175 0.0083 0.8628 0.0018
42 0.0273 0.1385 0.1698 0.4688 0.0909 0.1046
43 0.0593 0.1826 0.1637 0.3521 0.1490 0.0933
44 0.0539 0.0882 0.0340 0.2634 0.0836 0.4768
45 0.0429 0.1521 0.1241 0.4910 0.0203 0.1697
46 0.0166 0.8184 0.1057 0.0427 0.0017 0.0149
47 0.1184 0.2566 0.1212 0.0959 0.0729 0.3347
48 0.2125 0.1279 0.1763 0.2076 0.1555 0.1202
49 0.0492 0.2273 0.1074 0.4314 0.1562 0.0285
50 0.0553 0.2681 0.1504 0.3840 0.1153 0.0267
51 0.0195 0.6108 0.1301 0.0208 0.2145 0.0041
52 0.0274 0.5337 0.2225 0.1288 0.0590 0.0285
53 0.0117 0.6777 0.2234 0.0269 0.0592 0.0011
54 0.0118 0.1920 0.2428 0.4905 0.0069 0.0559
55 0.1279 0.2751 0.1567 0.2354 0.0707 0.1342
56 0.1129 0.0996 0.0633 0.0820 0.0599 0.5825
57 0.0276 0.5449 0.3745 0.0165 0.0072 0.0291
58 0.0340 0.3032 0.0984 0.1624 0.3833 0.0186
59 0.0267 0.5542 0.1217 0.1613 0.1180 0.0182
60 0.0560 0.4614 0.0828 0.1364 0.2321 0.0314
61 0.0699 0.6040 0.2155 0.0844 0.0210 0.0051
62 0.0457 0.5698 0.0514 0.0373 0.2734 0.0224
63 0.0259 0.3491 0.0597 0.1206 0.4277 0.0171
64 0.0608 0.2542 0.0906 0.5547 0.0378 0.0020
65 0.1189 0.1886 0.1083 0.1152 0.3013 0.1677
66 0.1616 0.3069 0.2427 0.0819 0.1580 0.0489
67 0.0435 0.4062 0.1239 0.0613 0.3528 0.0123
68 0.1750 0.0765 0.1166 0.5742 0.0518 0.0060
69 0.0523 0.3254 0.2308 0.1000 0.2783 0.0129
70 0.0245 0.0605 0.0510 0.1954 0.6611 0.0072
71 0.1250 0.2487 0.1848 0.1270 0.2908 0.0239
72 0.0541 0.1904 0.2026 0.1788 0.0292 0.3447
73 0.0828 0.3003 0.1938 0.2032 0.0591 0.1608
74 0.1539 0.3416 0.2274 0.2421 0.0330 0.0021
75 0.0226 0.3210 0.1448 0.1802 0.2791 0.0524
76 0.2400 0.1729 0.1367 0.0743 0.1125 0.2637
77 0.0218 0.0593 0.0341 0.1359 0.7456 0.0032
78 0.0374 0.0970 0.1434 0.3494 0.0121 0.3606
79 0.1005 0.0901 0.0605 0.1300 0.3120 0.3071
80 0.1276 0.4150 0.1757 0.1813 0.0107 0.0897
81 0.1033 0.2103 0.0823 0.0455 0.5044 0.0540
82 0.2300 0.1605 0.0789 0.2195 0.1556 0.1556
83 0.2939 0.1501 0.1206 0.1410 0.2184 0.0760
84 0.0953 0.1809 0.1080 0.5400 0.0172 0.0587
85 0.0350 0.5923 0.3376 0.0273 0.0041 0.0036
86 0.0750 0.5371 0.0612 0.0094 0.3157 0.0015
87 0.0332 0.2695 0.6777 0.0066 0.0048 0.0082
88 0.0998 0.2196 0.2864 0.2000 0.0230 0.1710
89 0.3755 0.1816 0.0838 0.0432 0.0695 0.2463
90 0.1370 0.5205 0.0798 0.0978 0.1552 0.0095
91 0.1659 0.1476 0.1140 0.1046 0.2322 0.2358
92 0.1451 0.3591 0.4470 0.0331 0.0120 0.0035
93 0.2034 0.4043 0.3198 0.0543 0.0122 0.0059
94 0.0928 0.0872 0.0643 0.0813 0.5259 0.1483
95 0.3440 0.4348 0.1099 0.0693 0.0232 0.0190
96 0.0339 0.3853 0.2195 0.2864 0.0207 0.0542
97 0.3123 0.1864 0.4470 0.0228 0.0254 0.0061
98 0.3157 0.1108 0.4966 0.0427 0.0289 0.0056
99 0.1071 0.2001 0.1022 0.4653 0.0821 0.0433
100 0.1477 0.1080 0.0698 0.5752 0.0370 0.0625
101 0.0656 0.6221 0.2939 0.0115 0.0044 0.0024
102 0.0453 0.6299 0.2927 0.0190 0.0062 0.0070
103 0.1169 0.1090 0.1265 0.2362 0.2185 0.1929
104 0.1015 0.5034 0.2098 0.1355 0.0144 0.0353
105 0.2008 0.2480 0.0920 0.0545 0.0603 0.3442
106 0.0190 0.1968 0.0216 0.0233 0.7310 0.0083
107 0.1193 0.5181 0.2029 0.1069 0.0442 0.0084
108 0.0307 0.1031 0.1432 0.2891 0.0132 0.4207
109 0.0735 0.4868 0.1936 0.2094 0.0264 0.0102
110 0.0517 0.3269 0.2179 0.3374 0.0479 0.0182
111 0.0344 0.6343 0.1818 0.1003 0.0442 0.0051
112 0.0507 0.2306 0.6992 0.0118 0.0044 0.0034
113 0.0133 0.9600 0.0222 0.0036 0.0002 0.0005
114 0.0318 0.0294 0.1042 0.5996 0.0208 0.2139
115 0.1128 0.6191 0.1693 0.0590 0.0090 0.0306
116 0.0861 0.2452 0.1738 0.3198 0.0991 0.0760
117 0.0446 0.4648 0.4038 0.0494 0.0295 0.0079
118 0.0952 0.4402 0.3323 0.0814 0.0309 0.0201
119 0.1467 0.3689 0.1855 0.2102 0.0100 0.0786
120 0.0181 0.0323 0.0751 0.5640 0.0040 0.3066
121 0.0503 0.4451 0.2054 0.1434 0.0078 0.1479
122 0.0701 0.6250 0.2646 0.0181 0.0142 0.0080
123 0.0336 0.8789 0.0733 0.0105 0.0014 0.0023
124 0.0379 0.1985 0.4202 0.2510 0.0109 0.0815
125 0.2073 0.1639 0.1092 0.0884 0.2189 0.2122
126 0.1931 0.4932 0.1458 0.1135 0.0072 0.0473
127 0.1212 0.1484 0.3398 0.3193 0.0337 0.0375
128 0.0435 0.4290 0.0899 0.0177 0.4092 0.0109
129 0.0392 0.7695 0.1296 0.0266 0.0188 0.0160
130 0.0222 0.9150 0.0449 0.0044 0.0122 0.0012
131 0.0372 0.5386 0.2666 0.0418 0.1060 0.0098
132 0.0262 0.1936 0.0396 0.2109 0.4131 0.1165
133 0.1290 0.5308 0.1658 0.0771 0.0952 0.0020
134 0.2649 0.3796 0.1849 0.0502 0.1176 0.0027
135 0.0329 0.0998 0.0765 0.6113 0.1063 0.0730
136 0.1464 0.2651 0.3250 0.2233 0.0216 0.0188
137 0.1553 0.2444 0.2561 0.1603 0.1119 0.0722
138 0.0897 0.2517 0.0970 0.4084 0.0744 0.0786
139 0.0211 0.7007 0.2384 0.0135 0.0207 0.0058
140 0.0196 0.4778 0.3550 0.0511 0.0067 0.0898
141 0.0562 0.3386 0.3230 0.2595 0.0101 0.0126
142 0.1216 0.4448 0.2419 0.1444 0.0401 0.0070
143 0.1412 0.3440 0.4348 0.0401 0.0285 0.0113
144 0.0758 0.6499 0.1982 0.0176 0.0490 0.0093
145 0.0911 0.3357 0.2020 0.1702 0.1840 0.0171
146 0.0154 0.7607 0.1985 0.0190 0.0049 0.0015
147 0.0361 0.3538 0.3220 0.0814 0.1343 0.0724
148 0.0789 0.4612 0.3025 0.0367 0.0665 0.0542
149 0.0934 0.6382 0.1772 0.0504 0.0199 0.0207
150 0.0454 0.4805 0.4373 0.0247 0.0059 0.0063
151 0.1582 0.5352 0.1738 0.0765 0.0446 0.0116
152 0.0211 0.6562 0.2913 0.0086 0.0179 0.0047
153 0.0765 0.3374 0.3647 0.1569 0.0104 0.0542
154 0.2661 0.3364 0.3364 0.0357 0.0137 0.0119
155 0.1241 0.2776 0.0959 0.2301 0.0644 0.2079
156 0.0665 0.3125 0.0854 0.2323 0.0049 0.2983
157 0.0883 0.1074 0.0732 0.3574 0.1161 0.2576
158 0.0409 0.6201 0.1351 0.0177 0.1531 0.0331
159 0.1531 0.5098 0.3188 0.0082 0.0035 0.0067
160 0.0303 0.0553 0.1066 0.4558 0.0078 0.3440
161 0.0330 0.0768 0.1625 0.3335 0.0105 0.3838
162 0.0948 0.6846 0.0941 0.0119 0.0870 0.0274
163 0.2581 0.1934 0.0878 0.0679 0.1201 0.2727
164 0.0631 0.2698 0.2739 0.2964 0.0338 0.0631
165 0.0197 0.6465 0.1941 0.1196 0.0030 0.0171
166 0.0341 0.2788 0.2384 0.2460 0.0229 0.1799
167 0.2395 0.5151 0.1088 0.0902 0.0151 0.0312
168 0.0283 0.8086 0.1240 0.0326 0.0025 0.0038
169 0.0072 0.8989 0.0750 0.0117 0.0052 0.0022
170 0.0316 0.8462 0.0995 0.0168 0.0032 0.0029
171 0.0112 0.6655 0.2954 0.0121 0.0059 0.0096
172 0.0307 0.6978 0.2449 0.0106 0.0038 0.0124
173 0.1720 0.2881 0.0793 0.1666 0.1350 0.1591
174 0.0625 0.6929 0.0802 0.0625 0.0881 0.0139
175 0.0213 0.8384 0.1117 0.0096 0.0088 0.0104
176 0.1637 0.3574 0.0970 0.0602 0.0602 0.2615
177 0.1076 0.1426 0.0838 0.1641 0.0347 0.4673
178 0.0698 0.5493 0.1151 0.1432 0.0273 0.0954
179 0.0334 0.6357 0.1582 0.0675 0.0173 0.0881
180 0.2299 0.5098 0.1230 0.0600 0.0270 0.0501
181 0.0272 0.6528 0.2808 0.0138 0.0142 0.0113
182 0.0635 0.3223 0.0784 0.2114 0.1698 0.1547
183 0.0514 0.2048 0.0714 0.2800 0.0945 0.2981
184 0.0430 0.6074 0.0961 0.0854 0.0772 0.0910
185 0.0333 0.5723 0.1639 0.1381 0.0470 0.0455
186 0.1852 0.0772 0.2098 0.3459 0.0797 0.1022
187 0.2034 0.3201 0.2416 0.1488 0.0430 0.0433
188 0.0369 0.6235 0.2294 0.0441 0.0504 0.0159
189 0.0195 0.7915 0.0916 0.0277 0.0066 0.0630
190 0.1710 0.2031 0.1396 0.0908 0.0998 0.2957
191 0.1387 0.4766 0.3225 0.0400 0.0200 0.0025
192 0.1175 0.4868 0.1462 0.1509 0.0649 0.0337
193 0.0507 0.3657 0.1624 0.3228 0.0677 0.0307
194 0.0578 0.3328 0.0909 0.2251 0.0539 0.2396
195 0.1300 0.2062 0.1670 0.1384 0.1736 0.1848
196 0.0274 0.8008 0.0684 0.0316 0.0219 0.0500
197 0.0302 0.5557 0.1748 0.1044 0.0586 0.0764
198 0.0514 0.3225 0.1781 0.2673 0.0790 0.1015
199 0.0182 0.5708 0.0749 0.2534 0.0715 0.0113
200 0.0558 0.0865 0.1298 0.3875 0.0191 0.3213
201 0.1188 0.1433 0.2289 0.1586 0.2362 0.1142
202 0.0210 0.6328 0.1134 0.0646 0.1411 0.0271
203 0.0200 0.0768 0.1050 0.3135 0.0069 0.4778
204 0.0435 0.5293 0.1888 0.2074 0.0244 0.0065
205 0.1342 0.1722 0.0820 0.1250 0.4197 0.0669
206 0.2576 0.1943 0.1826 0.0315 0.1826 0.1514
207 0.0627 0.4934 0.2856 0.0165 0.0226 0.1191
208 0.0561 0.1548 0.3079 0.4548 0.0111 0.0154
209 0.0276 0.1641 0.1404 0.3066 0.0140 0.3474
210 0.0291 0.7046 0.1283 0.0630 0.0611 0.0141
211 0.0430 0.6680 0.0404 0.1274 0.0773 0.0440
212 0.0679 0.1682 0.0550 0.0929 0.0729 0.5430
213 0.0951 0.3821 0.0471 0.0114 0.0384 0.4260
214 0.0479 0.2888 0.4543 0.1954 0.0105 0.0030
215 0.1479 0.1930 0.1960 0.3550 0.0767 0.0315
216 0.0552 0.5400 0.1097 0.1454 0.0720 0.0778
217 0.0695 0.4124 0.0825 0.0333 0.3113 0.0913
218 0.0466 0.3662 0.1991 0.2478 0.0194 0.1208
219 0.0201 0.4827 0.3215 0.1279 0.0187 0.0290
220 0.0389 0.1538 0.3359 0.4180 0.0165 0.0371
221 0.0294 0.2136 0.3157 0.3809 0.0126 0.0477
222 0.0522 0.1293 0.1852 0.6074 0.0164 0.0095
223 0.0815 0.6265 0.2065 0.0430 0.0189 0.0237
224 0.0526 0.6016 0.1697 0.0923 0.0311 0.0526
225 0.0468 0.2737 0.2869 0.2571 0.0298 0.1055
226 0.2015 0.1698 0.2146 0.2798 0.0742 0.0601
227 0.1714 0.2825 0.2235 0.1912 0.1039 0.0275
228 0.1572 0.3953 0.2891 0.0692 0.0692 0.0200
229 0.2861 0.1175 0.1332 0.2128 0.0795 0.1709
