time exciting_prob fearful_prob tense_prob sad_prob relaxing_prob neutral_prob
0 0.1105 0.0382 0.0056 0.8164 0.0125 0.0169
1 0.2297 0.1875 0.0080 0.5425 0.0129 0.0193
2 0.1499 0.1753 0.0102 0.6216 0.0253 0.0181
3 0.1351 0.0914 0.0120 0.6445 0.0546 0.0623
4 0.1591 0.0567 0.0077 0.6855 0.0408 0.0504
5 0.1342 0.2429 0.1532 0.0129 0.4539 0.0031
6 0.1086 0.3398 0.1805 0.0136 0.3562 0.0012
7 0.0354 0.2681 0.1034 0.3962 0.1758 0.0210
8 0.0432 0.3323 0.1113 0.3120 0.1863 0.0149
9 0.4775 0.2742 0.0523 0.1266 0.0657 0.0037
10 0.6113 0.2096 0.0429 0.0482 0.0840 0.0039
11 0.1757 0.1265 0.1265 0.3230 0.0229 0.2255
12 0.2463 0.1720 0.2278 0.2727 0.0399 0.0415
13 0.0551 0.0221 0.1138 0.0361 0.7661 0.0069
14 0.1100 0.1379 0.3062 0.0500 0.3838 0.0121
15 0.2074 0.1163 0.4221 0.0187 0.2242 0.0113
16 0.1260 0.1543 0.2625 0.0801 0.0555 0.3215
17 0.1107 0.2397 0.3923 0.0298 0.0910 0.1366
18 0.1261 0.2842 0.4041 0.0916 0.0506 0.0436
19 0.0632 0.2969 0.5127 0.1083 0.0018 0.0170
20 0.0413 0.2756 0.6514 0.0241 0.0012 0.0064
21 0.3787 0.3530 0.0121 0.0712 0.0207 0.1642
22 0.1558 0.1261 0.1670 0.4368 0.0475 0.0670
23 0.3606 0.1379 0.2598 0.1458 0.0496 0.0462
24 0.1392 0.1083 0.1786 0.1931 0.1652 0.2155
25 0.0531 0.2051 0.6519 0.0767 0.0056 0.0077
26 0.1517 0.3289 0.4124 0.0648 0.0166 0.0258
27 0.2170 0.0637 0.0459 0.0434 0.6279 0.0018
28 0.3279 0.1031 0.0430 0.2052 0.3081 0.0128
29 0.1641 0.1035 0.2482 0.3137 0.0459 0.1248
30 0.0917 0.1273 0.3831 0.2612 0.0191 0.1177
31 0.3364 0.2747 0.0438 0.2190 0.0234 0.1026
32 0.2546 0.2195 0.1342 0.3071 0.0634 0.0214
33 0.0496 0.0512 0.0508 0.7236 0.0642 0.0608
34 0.4924 0.1914 0.0641 0.1490 0.0947 0.0083
35 0.2118 0.2678 0.2896 0.1099 0.1032 0.0179
36 0.2605 0.0619 0.0807 0.5259 0.0159 0.0550
37 0.2456 0.0955 0.1315 0.4587 0.0112 0.0574
38 0.0935 0.0706 0.0021 0.7954 0.0220 0.0164
39 0.2223 0.1109 0.0173 0.4705 0.0774 0.1017
40 0.5698 0.0171 0.0213 0.0547 0.1698 0.1672
41 0.3909 0.0294 0.0471 0.0409 0.1069 0.3848
42 0.3020 0.0052 0.0643 0.0355 0.1803 0.4126
43 0.2408 0.0175 0.0344 0.0390 0.0813 0.5869
44 0.0840 0.1808 0.0518 0.0708 0.0200 0.5928
45 0.0374 0.2942 0.0437 0.0862 0.0263 0.5122
46 0.1608 0.0419 0.0436 0.0703 0.1223 0.5610
47 0.4631 0.1930 0.0484 0.0287 0.1041 0.1626
48 0.0936 0.0318 0.0150 0.0403 0.4607 0.3586
49 0.6558 0.1087 0.0569 0.0264 0.0518 0.1005
50 0.3333 0.0395 0.0417 0.0621 0.2534 0.2698
51 0.4880 0.0797 0.0543 0.0896 0.0597 0.2288
52 0.4922 0.2100 0.0803 0.0225 0.1399 0.0552
53 0.1136 0.3018 0.1191 0.0590 0.1119 0.2947
54 0.1096 0.0228 0.0967 0.1167 0.0232 0.6309
55 0.3740 0.0146 0.0247 0.0640 0.0461 0.4766
56 0.5659 0.0429 0.0139 0.0121 0.2081 0.1571
57 0.1770 0.0904 0.0469 0.0561 0.3333 0.2964
58 0.0094 0.0064 0.0101 0.0043 0.9331 0.0367
59 0.6133 0.0602 0.0553 0.0424 0.0280 0.2007
60 0.2683 0.0164 0.0308 0.1553 0.0800 0.4492
61 0.0169 0.0104 0.0581 0.0393 0.7539 0.1212
62 0.0016 0.0008 0.0054 0.0018 0.9761 0.0141
63 0.2371 0.0145 0.0366 0.1965 0.1483 0.3672
64 0.3635 0.0641 0.2854 0.0986 0.1390 0.0492
65 0.4231 0.1053 0.1619 0.0989 0.1632 0.0475
66 0.3960 0.0750 0.1703 0.1135 0.2136 0.0315
67 0.5259 0.1146 0.0412 0.0409 0.0585 0.2191
68 0.3081 0.1142 0.0362 0.0423 0.2253 0.2739
69 0.1886 0.0067 0.0612 0.1827 0.2499 0.3110
70 0.2900 0.0285 0.0885 0.1995 0.1414 0.2520
71 0.0911 0.0104 0.0430 0.1065 0.1265 0.6226
72 0.1106 0.0103 0.0703 0.1159 0.1313 0.5615
73 0.0247 0.0199 0.0575 0.0338 0.3521 0.5122
74 0.3311 0.0438 0.1092 0.1277 0.3525 0.0357
75 0.1008 0.0687 0.1912 0.2134 0.3572 0.0687
76 0.4768 0.0676 0.1853 0.0822 0.1674 0.0205
77 0.4087 0.1017 0.1190 0.2153 0.1458 0.0095
78 0.4333 0.1204 0.1697 0.1582 0.0998 0.0185
79 0.3721 0.1256 0.2499 0.1108 0.0912 0.0504
80 0.2722 0.1246 0.1100 0.0349 0.4419 0.0163
81 0.2352 0.0446 0.0718 0.0537 0.5869 0.0077
82 0.3936 0.0296 0.2903 0.0957 0.0763 0.1146
83 0.3083 0.1125 0.1976 0.1002 0.2402 0.0411
84 0.3179 0.0798 0.2942 0.1049 0.1514 0.0519
85 0.0860 0.0735 0.4871 0.1737 0.1710 0.0088
86 0.1810 0.0395 0.1263 0.4922 0.0693 0.0917
87 0.2351 0.0341 0.0599 0.0276 0.6392 0.0041
88 0.0482 0.0041 0.0204 0.0254 0.1709 0.7310
89 0.0289 0.0333 0.0434 0.0338 0.3867 0.4739
90 0.0233 0.0233 0.0348 0.0074 0.6880 0.2233
91 0.2185 0.0404 0.5322 0.1090 0.0704 0.0293
92 0.0865 0.1011 0.0769 0.1003 0.5820 0.0533
93 0.0080 0.0049 0.0276 0.0080 0.2170 0.7344
94 0.1348 0.0396 0.0477 0.0678 0.1247 0.5854
95 0.0545 0.0070 0.0098 0.0884 0.3391 0.5010
96 0.1173 0.0485 0.0793 0.0899 0.0920 0.5728
97 0.1309 0.0268 0.1035 0.0585 0.0988 0.5815
98 0.2937 0.0307 0.0430 0.0766 0.2803 0.2759
99 0.0758 0.0316 0.1230 0.0489 0.0453 0.6753
100 0.0616 0.0720 0.1367 0.0687 0.0085 0.6523
101 0.2983 0.1956 0.2959 0.0737 0.1015 0.0351
102 0.6367 0.0511 0.1675 0.0507 0.0755 0.0185
103 0.5356 0.1039 0.1214 0.1609 0.0635 0.0146
104 0.3152 0.0398 0.0656 0.3176 0.1810 0.0809
105 0.0200 0.0032 0.0156 0.0112 0.8384 0.1117
106 0.1038 0.2673 0.0506 0.2891 0.0535 0.2358
107 0.0539 0.4075 0.0742 0.1781 0.0253 0.2610
108 0.3208 0.3232 0.2700 0.0532 0.0280 0.0048
109 0.0456 0.0202 0.0533 0.0456 0.0145 0.8208
110 0.3130 0.0849 0.1161 0.0933 0.3464 0.0462
111 0.4951 0.0262 0.0686 0.1954 0.0209 0.1938
112 0.4788 0.0299 0.0638 0.1748 0.0138 0.2389
113 0.1139 0.0513 0.3347 0.1373 0.3193 0.0432
114 0.3694 0.2683 0.1801 0.1414 0.0161 0.0247
115 0.1089 0.0676 0.1912 0.0570 0.0635 0.5117
116 0.1953 0.2129 0.4988 0.0759 0.0121 0.0049
117 0.1849 0.2690 0.4368 0.0880 0.0100 0.0112
118 0.2296 0.0402 0.1288 0.1680 0.0240 0.4094
119 0.0774 0.0208 0.2460 0.6279 0.0175 0.0104
120 0.1774 0.2106 0.4458 0.1042 0.0366 0.0253
121 0.1819 0.1250 0.4680 0.1736 0.0231 0.0283
122 0.1810 0.0365 0.4146 0.2272 0.0257 0.1151
123 0.2025 0.0927 0.1228 0.0912 0.0818 0.4089
124 0.2964 0.0042 0.0876 0.1538 0.0593 0.3989
125 0.1824 0.0601 0.4175 0.1409 0.0345 0.1647
126 0.0427 0.0034 0.0099 0.0244 0.0202 0.8994
127 0.1875 0.2092 0.2729 0.0576 0.0684 0.2043
128 0.5254 0.0571 0.0178 0.0285 0.2725 0.0987
129 0.0696 0.1631 0.3293 0.0577 0.0240 0.3562
130 0.3237 0.0402 0.1918 0.3555 0.0162 0.0728
131 0.5366 0.0897 0.0332 0.0168 0.1399 0.1840
132 0.0350 0.0119 0.0788 0.0285 0.6597 0.1860
133 0.2888 0.2888 0.3274 0.0262 0.0126 0.0560
134 0.1356 0.0074 0.1769 0.1586 0.0095 0.5117
135 0.1211 0.0107 0.2686 0.2371 0.0228 0.3396
136 0.1569 0.0122 0.2798 0.1497 0.0252 0.3762
137 0.1131 0.0077 0.1570 0.1322 0.0158 0.5742
138 0.2932 0.0361 0.0486 0.0286 0.5786 0.0152
139 0.3662 0.0053 0.2401 0.2222 0.1208 0.0455
140 0.6655 0.0482 0.1968 0.0309 0.0534 0.0052
141 0.0492 0.0672 0.0738 0.7456 0.0593 0.0051
142 0.0280 0.0593 0.0992 0.0491 0.6782 0.0862
143 0.5889 0.0737 0.2166 0.0626 0.0569 0.0015
144 0.0856 0.0064 0.1265 0.1099 0.0089 0.6626
145 0.0371 0.5488 0.3894 0.0156 0.0087 0.0004
146 0.1238 0.3394 0.3394 0.1816 0.0148 0.0011
147 0.1407 0.0697 0.1453 0.2471 0.1909 0.2064
148 0.2681 0.0580 0.1287 0.0336 0.4893 0.0225
149 0.3237 0.0470 0.0864 0.0186 0.5054 0.0191
150 0.2466 0.1642 0.0900 0.0614 0.0734 0.3645
151 0.0189 0.0057 0.0515 0.0164 0.0371 0.8706
152 0.6777 0.1196 0.1098 0.0302 0.0611 0.0014
153 0.6519 0.0579 0.0767 0.0282 0.1769 0.0084
154 0.0134 0.0075 0.0807 0.0235 0.0337 0.8413
155 0.6494 0.0770 0.1094 0.0415 0.1020 0.0206
156 0.6948 0.0477 0.1198 0.0162 0.1171 0.0043
157 0.0869 0.0720 0.1133 0.5933 0.0392 0.0954
158 0.2024 0.2172 0.1947 0.2122 0.1026 0.0710
159 0.1511 0.0189 0.0592 0.2131 0.0385 0.5190
160 0.0403 0.0132 0.1428 0.0323 0.0115 0.7598
161 0.0371 0.0144 0.1357 0.0440 0.0119 0.7568
162 0.5454 0.0926 0.2700 0.0154 0.0762 0.0006
163 0.5430 0.0894 0.2908 0.0214 0.0525 0.0028
164 0.5366 0.0401 0.1573 0.0773 0.1840 0.0049
165 0.5718 0.0912 0.2023 0.0515 0.0811 0.0020
166 0.2881 0.1076 0.5298 0.0244 0.0306 0.0196
167 0.0222 0.0168 0.0728 0.0396 0.4900 0.3586
168 0.1032 0.0810 0.7051 0.0737 0.0068 0.0300
169 0.5601 0.0880 0.0807 0.1202 0.1416 0.0093
170 0.5801 0.0612 0.0469 0.0743 0.2307 0.0068
171 0.2456 0.2893 0.3057 0.0816 0.0616 0.0161
172 0.3428 0.1737 0.3826 0.0432 0.0162 0.0416
173 0.2098 0.1852 0.3889 0.0841 0.0314 0.1006
174 0.1768 0.0461 0.5034 0.2454 0.0208 0.0074
175 0.3101 0.1659 0.3767 0.1088 0.0307 0.0078
176 0.0197 0.0082 0.0135 0.0471 0.8760 0.0356
177 0.0479 0.0167 0.0514 0.0457 0.7314 0.1071
178 0.1149 0.0322 0.1055 0.1123 0.5400 0.0953
179 0.0776 0.0770 0.1202 0.0336 0.5820 0.1094
180 0.0535 0.0519 0.2004 0.0785 0.5117 0.1039
181 0.0473 0.0175 0.0162 0.0238 0.8516 0.0437
182 0.0331 0.0281 0.0356 0.0321 0.8608 0.0101
183 0.1010 0.0389 0.0956 0.0536 0.6641 0.0466
184 0.1819 0.0712 0.1077 0.6060 0.0165 0.0169
185 0.2418 0.0856 0.0869 0.5537 0.0117 0.0203
186 0.1309 0.0950 0.1102 0.6343 0.0070 0.0227
187 0.2151 0.0869 0.1700 0.4771 0.0048 0.0461
188 0.3330 0.0143 0.0720 0.1032 0.0755 0.4019
189 0.0219 0.0245 0.0502 0.1047 0.0251 0.7734
190 0.2817 0.0356 0.0833 0.3000 0.1532 0.1462
191 0.0535 0.0495 0.0436 0.3740 0.0748 0.4045
192 0.1247 0.0386 0.1626 0.0756 0.0733 0.5249
193 0.1227 0.0811 0.1075 0.0898 0.1135 0.4854
194 0.2318 0.0104 0.0937 0.1619 0.2976 0.2046
195 0.3098 0.0219 0.0629 0.2302 0.0506 0.3247
196 0.1357 0.0327 0.0257 0.3257 0.0993 0.3809
197 0.1467 0.0401 0.2308 0.1008 0.0153 0.4663
198 0.1711 0.0569 0.1365 0.0719 0.1686 0.3950
199 0.1407 0.1487 0.1262 0.1293 0.0145 0.4404
200 0.3232 0.1899 0.2103 0.1316 0.1285 0.0163
201 0.0878 0.0146 0.2350 0.0594 0.1059 0.4973
202 0.1885 0.0476 0.1562 0.4180 0.0383 0.1514
203 0.0598 0.0081 0.0341 0.0829 0.0218 0.7935
204 0.0991 0.0888 0.1122 0.4236 0.0348 0.2415
205 0.1241 0.0117 0.1300 0.1113 0.0490 0.5737
206 0.1099 0.0255 0.3411 0.1526 0.0698 0.3010
207 0.1019 0.0806 0.0590 0.1788 0.4712 0.1085
208 0.1132 0.0802 0.0610 0.2549 0.3828 0.1080
209 0.3447 0.1210 0.2581 0.1918 0.0545 0.0299
210 0.0651 0.0320 0.1295 0.2457 0.0157 0.5122
211 0.1329 0.0047 0.1460 0.1288 0.0283 0.5596
212 0.1544 0.0118 0.2014 0.1594 0.0329 0.4399
213 0.2505 0.0158 0.2627 0.1520 0.0260 0.2930
214 0.0942 0.0268 0.0160 0.5913 0.0074 0.2644
215 0.0735 0.0228 0.0138 0.6206 0.0065 0.2627
216 0.1958 0.0791 0.1245 0.3491 0.0465 0.2052
217 0.6899 0.1144 0.1180 0.0441 0.0227 0.0110
218 0.6938 0.1132 0.1168 0.0430 0.0225 0.0109
219 0.6924 0.1148 0.1166 0.0432 0.0224 0.0106
