time exciting_prob fearful_prob tense_prob sad_prob relaxing_prob neutral_prob
0 0.1134 0.0698 0.1526 0.5493 0.1065 0.0083
1 0.1681 0.3191 0.1935 0.1192 0.1965 0.0036
2 0.0829 0.1324 0.3228 0.3657 0.0925 0.0036
3 0.0735 0.0782 0.3345 0.4097 0.0974 0.0068
4 0.0388 0.5229 0.1698 0.1865 0.0388 0.0429
5 0.0340 0.4617 0.1672 0.2671 0.0457 0.0243
6 0.0153 0.5874 0.2029 0.1417 0.0339 0.0190
7 0.0164 0.7808 0.0939 0.0611 0.0062 0.0417
8 0.0194 0.8062 0.1091 0.0251 0.0115 0.0287
9 0.0215 0.6851 0.1172 0.1058 0.0251 0.0455
10 0.0207 0.7236 0.0787 0.1002 0.0477 0.0292
11 0.0357 0.0912 0.1815 0.6851 0.0045 0.0022
12 0.0826 0.0453 0.2710 0.5391 0.0573 0.0046
13 0.1436 0.5420 0.0613 0.1902 0.0154 0.0477
14 0.0540 0.2761 0.3833 0.2052 0.0354 0.0461
15 0.0989 0.2299 0.3909 0.1763 0.0735 0.0306
16 0.0426 0.3079 0.3030 0.1168 0.1548 0.0748
17 0.0516 0.5640 0.2583 0.0352 0.0432 0.0478
18 0.1914 0.4924 0.1326 0.0607 0.0374 0.0856
19 0.2450 0.4368 0.1429 0.0654 0.0304 0.0795
20 0.3108 0.2617 0.0933 0.1637 0.0431 0.1276
21 0.5005 0.1326 0.0351 0.2070 0.1041 0.0207
22 0.5767 0.0414 0.0196 0.2944 0.0589 0.0090
23 0.6035 0.1216 0.0883 0.1335 0.0465 0.0066
24 0.0315 0.6577 0.1379 0.1025 0.0523 0.0178
25 0.0273 0.7388 0.1073 0.0693 0.0282 0.0291
26 0.0402 0.1802 0.2463 0.3367 0.0193 0.1774
27 0.0315 0.1624 0.2849 0.4700 0.0150 0.0362
28 0.0301 0.4604 0.3369 0.1404 0.0150 0.0173
29 0.0760 0.3740 0.4653 0.0526 0.0201 0.0119
30 0.2588 0.2712 0.3823 0.0356 0.0275 0.0246
31 0.0764 0.5728 0.1219 0.1831 0.0168 0.0290
32 0.0795 0.3792 0.2354 0.1104 0.0449 0.1508
33 0.1405 0.2930 0.1669 0.1121 0.0629 0.2246
34 0.2234 0.2737 0.1323 0.1796 0.0410 0.1500
35 0.0843 0.4558 0.1813 0.1236 0.1368 0.0182
36 0.0967 0.4912 0.3271 0.0479 0.0329 0.0040
37 0.0795 0.4910 0.3428 0.0510 0.0262 0.0094
38 0.0790 0.5229 0.3376 0.0309 0.0218 0.0075
39 0.0615 0.3884 0.2301 0.2393 0.0742 0.0066
40 0.1046 0.3765 0.3071 0.1139 0.0759 0.0221
41 0.0584 0.1731 0.2725 0.2900 0.0099 0.1962
42 0.0212 0.6978 0.1879 0.0422 0.0058 0.0450
43 0.0566 0.1458 0.2479 0.2023 0.0139 0.3335
44 0.0446 0.3425 0.3940 0.0729 0.0258 0.1202
45 0.0313 0.4385 0.2275 0.2539 0.0159 0.0330
46 0.1147 0.3940 0.3118 0.1405 0.0198 0.0192
47 0.2451 0.1071 0.0887 0.5146 0.0264 0.0178
48 0.0470 0.2705 0.4321 0.1298 0.0684 0.0524
49 0.0526 0.4072 0.3376 0.0952 0.0719 0.0353
50 0.0253 0.6743 0.0793 0.1759 0.0095 0.0360
51 0.0119 0.6265 0.1609 0.1254 0.0065 0.0687
52 0.0695 0.6909 0.1471 0.0648 0.0115 0.0165
53 0.0883 0.3547 0.3896 0.1456 0.0174 0.0044
54 0.0943 0.4753 0.3020 0.0643 0.0581 0.0058
55 0.0281 0.0633 0.5137 0.0752 0.0032 0.3164
56 0.1191 0.1288 0.2644 0.4158 0.0222 0.0497
57 0.0753 0.1451 0.3594 0.3171 0.0092 0.0938
58 0.1289 0.3477 0.3020 0.0493 0.0653 0.1069
59 0.0945 0.4202 0.2820 0.1271 0.0133 0.0629
60 0.0142 0.6514 0.0720 0.2183 0.0053 0.0388
61 0.0323 0.4255 0.2834 0.0623 0.0107 0.1859
62 0.0296 0.2119 0.6226 0.0897 0.0104 0.0357
63 0.3140 0.4292 0.0746 0.0788 0.0355 0.0679
64 0.0906 0.3696 0.3997 0.0562 0.0113 0.0728
65 0.0492 0.0898 0.3311 0.1092 0.0020 0.4187
66 0.0811 0.2876 0.4971 0.0333 0.0234 0.0775
67 0.0389 0.2722 0.2517 0.3496 0.0710 0.0165
68 0.0573 0.1910 0.4512 0.2491 0.0075 0.0440
69 0.0173 0.1470 0.7349 0.0812 0.0027 0.0168
70 0.0456 0.1802 0.6001 0.1517 0.0019 0.0205
71 0.0198 0.2954 0.0952 0.5786 0.0079 0.0033
72 0.0953 0.2778 0.1523 0.2305 0.0309 0.2131
73 0.0392 0.2257 0.2024 0.5088 0.0070 0.0170
74 0.0535 0.0925 0.1345 0.6519 0.0132 0.0544
75 0.1418 0.3564 0.0840 0.1594 0.0206 0.2375
76 0.2297 0.3643 0.0832 0.0706 0.1748 0.0775
77 0.0762 0.3606 0.5166 0.0303 0.0106 0.0060
78 0.0985 0.3132 0.3835 0.0519 0.0651 0.0876
79 0.0683 0.4417 0.3440 0.0421 0.0341 0.0699
80 0.0385 0.3145 0.3735 0.2374 0.0226 0.0136
81 0.0120 0.1790 0.6650 0.0839 0.0051 0.0550
82 0.2041 0.3162 0.3904 0.0751 0.0129 0.0013
83 0.0102 0.5913 0.2625 0.1201 0.0043 0.0115
84 0.1414 0.3445 0.0549 0.4285 0.0285 0.0023
85 0.1006 0.4106 0.4106 0.0539 0.0180 0.0062
86 0.3936 0.2622 0.1530 0.1747 0.0039 0.0126
87 0.1035 0.3137 0.4783 0.0920 0.0095 0.0030
88 0.0936 0.3264 0.3699 0.1044 0.0256 0.0800
89 0.0575 0.4248 0.4890 0.0177 0.0101 0.0007
90 0.0370 0.4832 0.4263 0.0409 0.0091 0.0037
91 0.0259 0.5488 0.3894 0.0178 0.0161 0.0019
92 0.0525 0.1997 0.1936 0.2773 0.0471 0.2299
93 0.1387 0.4338 0.1609 0.1660 0.0468 0.0539
94 0.1115 0.4375 0.1572 0.0917 0.0152 0.1868
95 0.0244 0.2078 0.4756 0.2281 0.0244 0.0396
96 0.0447 0.3464 0.5200 0.0484 0.0247 0.0153
97 0.0807 0.4331 0.3823 0.0680 0.0041 0.0316
98 0.0333 0.1746 0.5132 0.2500 0.0066 0.0225
99 0.0761 0.2101 0.6274 0.0682 0.0118 0.0065
100 0.0439 0.2109 0.4065 0.3167 0.0142 0.0077
101 0.0528 0.6284 0.2386 0.0481 0.0150 0.0169
102 0.0410 0.5830 0.2629 0.0624 0.0309 0.0198
103 0.0319 0.0827 0.4541 0.1892 0.0067 0.2355
104 0.1204 0.2338 0.0464 0.1969 0.0702 0.3323
105 0.2371 0.5342 0.0364 0.0339 0.0669 0.0914
106 0.2556 0.4927 0.0421 0.0933 0.0570 0.0593
107 0.1078 0.5308 0.0937 0.1864 0.0370 0.0443
108 0.1891 0.4229 0.0638 0.1086 0.0367 0.1791
109 0.1635 0.5405 0.1388 0.0743 0.0461 0.0370
110 0.0311 0.0806 0.0563 0.7412 0.0474 0.0432
111 0.0266 0.6533 0.1627 0.1218 0.0278 0.0075
112 0.0759 0.5029 0.4041 0.0107 0.0059 0.0005
113 0.0956 0.4563 0.4287 0.0157 0.0031 0.0004
114 0.0497 0.1353 0.1353 0.5024 0.0400 0.1373
115 0.0500 0.2106 0.4319 0.2620 0.0097 0.0357
116 0.1539 0.5288 0.1613 0.0768 0.0694 0.0098
117 0.1740 0.5659 0.1740 0.0526 0.0219 0.0119
118 0.1687 0.3862 0.1572 0.1868 0.0320 0.0692
119 0.0321 0.4873 0.2864 0.0916 0.0177 0.0847
120 0.0492 0.1389 0.3604 0.2256 0.0174 0.2086
121 0.0601 0.3027 0.4614 0.0771 0.0120 0.0867
122 0.0510 0.5747 0.2323 0.0552 0.0168 0.0698
123 0.0236 0.3357 0.0755 0.4048 0.0115 0.1489
124 0.0872 0.1268 0.3394 0.3784 0.0673 0.0010
125 0.0827 0.3975 0.3564 0.0820 0.0771 0.0043
126 0.0493 0.2705 0.0906 0.4600 0.0144 0.1154
127 0.0249 0.1809 0.1754 0.2435 0.0039 0.3713
128 0.1797 0.3862 0.1840 0.1432 0.0755 0.0315
129 0.0657 0.4631 0.1002 0.3015 0.0352 0.0344
130 0.0711 0.2313 0.4324 0.1720 0.0102 0.0831
131 0.0253 0.5850 0.2720 0.0424 0.0060 0.0693
132 0.1608 0.0494 0.0731 0.6821 0.0162 0.0185
133 0.0357 0.4451 0.0786 0.3577 0.0301 0.0528
134 0.2155 0.4319 0.1401 0.0948 0.0504 0.0673
135 0.0083 0.7803 0.0822 0.1196 0.0009 0.0087
136 0.0302 0.0307 0.1273 0.2269 0.0054 0.5796
137 0.0276 0.2925 0.4390 0.1802 0.0493 0.0115
138 0.0338 0.4998 0.3713 0.0569 0.0065 0.0317
139 0.0092 0.1799 0.2832 0.3750 0.0035 0.1492
140 0.0207 0.5063 0.2507 0.1805 0.0030 0.0385
141 0.0558 0.2482 0.4028 0.1760 0.0112 0.1059
142 0.0082 0.6265 0.2959 0.0539 0.0035 0.0118
143 0.1273 0.1064 0.1132 0.6313 0.0119 0.0097
144 0.0309 0.5513 0.1949 0.1616 0.0176 0.0439
145 0.0728 0.0233 0.2313 0.3064 0.0077 0.3584
146 0.0187 0.3481 0.5923 0.0367 0.0031 0.0011
147 0.0231 0.2246 0.6812 0.0614 0.0038 0.0060
148 0.0857 0.3037 0.2441 0.1527 0.0632 0.1504
149 0.0934 0.2791 0.2500 0.1787 0.0627 0.1360
150 0.0243 0.4885 0.2085 0.1024 0.0060 0.1702
151 0.0385 0.1644 0.7251 0.0526 0.0045 0.0148
152 0.0125 0.6406 0.2712 0.0514 0.0020 0.0219
153 0.0609 0.1035 0.1603 0.3291 0.0173 0.3291
154 0.0249 0.3130 0.4846 0.1188 0.0077 0.0511
155 0.0702 0.2015 0.3706 0.3123 0.0192 0.0262
156 0.0385 0.2847 0.1387 0.3328 0.0097 0.1957
157 0.0255 0.1648 0.2515 0.1622 0.0067 0.3894
158 0.0170 0.1759 0.4287 0.3235 0.0044 0.0504
159 0.2380 0.5664 0.1586 0.0161 0.0136 0.0074
160 0.0230 0.1161 0.4888 0.2615 0.0098 0.1008
161 0.0230 0.5674 0.3232 0.0392 0.0238 0.0236
162 0.0156 0.6128 0.0792 0.2438 0.0046 0.0440
163 0.0952 0.1984 0.6709 0.0288 0.0065 0.0003
164 0.0391 0.3401 0.2162 0.1835 0.0132 0.2079
165 0.0663 0.3020 0.4126 0.1831 0.0075 0.0285
166 0.0502 0.4543 0.3076 0.1453 0.0260 0.0166
167 0.0277 0.2646 0.3792 0.2372 0.0133 0.0782
168 0.0271 0.3413 0.3633 0.2006 0.0021 0.0656
169 0.0176 0.7363 0.1921 0.0471 0.0020 0.0048
170 0.0438 0.1681 0.2561 0.2026 0.0053 0.3240
171 0.0503 0.1245 0.3333 0.1959 0.0153 0.2805
172 0.0753 0.2754 0.5225 0.1005 0.0083 0.0182
173 0.1240 0.2352 0.0852 0.4001 0.0323 0.1230
174 0.0271 0.3708 0.2080 0.3594 0.0159 0.0189
175 0.0455 0.2681 0.3037 0.1704 0.0496 0.1626
176 0.1998 0.2429 0.2886 0.1749 0.0179 0.0759
177 0.0536 0.0626 0.1929 0.2438 0.0059 0.4414
178 0.1093 0.1602 0.0508 0.5293 0.0396 0.1110
179 0.0214 0.1781 0.3831 0.3599 0.0022 0.0556
180 0.0442 0.1819 0.2773 0.2524 0.0179 0.2263
181 0.0557 0.3254 0.2069 0.3154 0.0338 0.0626
182 0.0271 0.1869 0.2085 0.5078 0.0080 0.0616
183 0.0177 0.1764 0.5107 0.1683 0.0038 0.1232
184 0.0835 0.1089 0.3516 0.4375 0.0145 0.0039
185 0.0668 0.2026 0.0957 0.3906 0.0215 0.2225
186 0.0456 0.0367 0.1112 0.6011 0.0040 0.2014
187 0.0174 0.2720 0.4849 0.1599 0.0053 0.0607
188 0.0274 0.1288 0.2947 0.4565 0.0026 0.0899
189 0.0180 0.1248 0.5425 0.2561 0.0090 0.0497
190 0.0305 0.5986 0.3105 0.0531 0.0026 0.0046
191 0.1499 0.5034 0.1409 0.1205 0.0356 0.0498
192 0.0978 0.1009 0.3809 0.3633 0.0346 0.0225
193 0.0539 0.2891 0.4141 0.1409 0.0127 0.0895
194 0.0296 0.5625 0.3057 0.0651 0.0340 0.0032
195 0.0504 0.1171 0.2944 0.2024 0.0019 0.3337
196 0.0420 0.2435 0.3252 0.3406 0.0330 0.0158
197 0.0101 0.0939 0.1755 0.1958 0.0007 0.5239
198 0.0291 0.2421 0.5898 0.1217 0.0066 0.0106
199 0.0716 0.3782 0.3037 0.1266 0.0244 0.0956
200 0.0341 0.3391 0.3286 0.1932 0.0199 0.0851
201 0.0083 0.5889 0.2166 0.1741 0.0032 0.0090
202 0.0066 0.6968 0.1416 0.1506 0.0008 0.0035
203 0.0802 0.1030 0.2507 0.3945 0.0095 0.1620
204 0.0681 0.3513 0.2651 0.2131 0.0219 0.0803
205 0.0508 0.4707 0.4026 0.0281 0.0074 0.0402
206 0.0581 0.2467 0.3479 0.2585 0.0283 0.0605
207 0.0972 0.5420 0.3042 0.0222 0.0205 0.0137
208 0.0187 0.6689 0.1218 0.1317 0.0160 0.0431
209 0.0410 0.2288 0.4341 0.2218 0.0066 0.0676
210 0.0631 0.4487 0.2988 0.1117 0.0289 0.0488
211 0.0789 0.6206 0.1982 0.0639 0.0139 0.0246
212 0.0822 0.4141 0.2303 0.1312 0.0342 0.1080
213 0.0069 0.4895 0.0751 0.4253 0.0006 0.0027
214 0.2048 0.1659 0.4268 0.1620 0.0400 0.0006
215 0.1365 0.4106 0.2017 0.2032 0.0472 0.0007
216 0.1215 0.3628 0.1797 0.2324 0.1016 0.0019
217 0.1484 0.4165 0.2487 0.0959 0.0880 0.0026
218 0.1866 0.3174 0.2081 0.1866 0.0938 0.0074
219 0.1698 0.2588 0.1453 0.3430 0.0783 0.0049
