time exciting_prob fearful_prob tense_prob sad_prob relaxing_prob neutral_prob
0 0.2734 0.3250 0.0796 0.1823 0.0367 0.1030
1 0.8398 0.0299 0.1003 0.0096 0.0187 0.0017
2 0.9067 0.0174 0.0462 0.0109 0.0159 0.0029
3 0.8574 0.0069 0.1179 0.0049 0.0098 0.0032
4 0.8950 0.0040 0.0893 0.0061 0.0046 0.0010
5 0.8877 0.0147 0.0086 0.0599 0.0283 0.0007
6 0.9136 0.0132 0.0056 0.0106 0.0566 0.0002
7 0.6826 0.0277 0.0592 0.1559 0.0522 0.0226
8 0.8076 0.0148 0.0323 0.0845 0.0287 0.0320
9 0.3059 0.0096 0.2498 0.3809 0.0523 0.0016
10 0.2471 0.3125 0.3457 0.0152 0.0556 0.0239
11 0.0720 0.2554 0.5405 0.0656 0.0139 0.0527
12 0.3479 0.1982 0.3293 0.0347 0.0669 0.0228
13 0.3418 0.2600 0.2295 0.0825 0.0571 0.0292
14 0.1830 0.2620 0.2207 0.2207 0.0504 0.0632
15 0.2810 0.3721 0.1962 0.0798 0.0438 0.0272
16 0.2942 0.2720 0.3547 0.0222 0.0455 0.0114
17 0.2515 0.2783 0.2438 0.1143 0.0588 0.0531
18 0.4368 0.2888 0.1779 0.0116 0.0696 0.0153
19 0.2023 0.3960 0.2556 0.0544 0.0830 0.0088
20 0.1180 0.3440 0.3721 0.0715 0.0575 0.0368
21 0.1340 0.4131 0.2428 0.0266 0.1776 0.0058
22 0.1387 0.3684 0.2269 0.1132 0.1398 0.0131
23 0.1521 0.0802 0.1558 0.5698 0.0300 0.0123
24 0.3359 0.3835 0.2118 0.0234 0.0263 0.0190
25 0.6582 0.1100 0.0811 0.0926 0.0553 0.0031
26 0.1066 0.7344 0.1227 0.0021 0.0270 0.0069
27 0.1543 0.5303 0.2625 0.0060 0.0406 0.0062
28 0.1729 0.5078 0.2362 0.0239 0.0437 0.0152
29 0.1229 0.4094 0.3816 0.0418 0.0316 0.0128
30 0.1081 0.3330 0.3435 0.1410 0.0676 0.0069
31 0.1996 0.2107 0.1890 0.2542 0.1339 0.0127
32 0.0795 0.6108 0.1104 0.1157 0.0795 0.0039
33 0.1294 0.2739 0.2534 0.2939 0.0166 0.0327
34 0.1390 0.2617 0.1588 0.3635 0.0553 0.0215
35 0.1222 0.1544 0.4834 0.1984 0.0190 0.0226
36 0.0793 0.5176 0.2388 0.1318 0.0129 0.0195
37 0.1820 0.1451 0.4834 0.0974 0.0707 0.0214
38 0.0261 0.3010 0.3359 0.2964 0.0111 0.0293
39 0.1088 0.3513 0.4270 0.0461 0.0275 0.0394
40 0.1282 0.1766 0.3679 0.2451 0.0556 0.0265
41 0.0779 0.1675 0.4885 0.2118 0.0228 0.0315
42 0.0494 0.2377 0.3125 0.2759 0.0060 0.1186
43 0.1025 0.5718 0.2617 0.0075 0.0401 0.0163
44 0.1420 0.1293 0.4175 0.2269 0.0269 0.0574
45 0.0847 0.1558 0.6558 0.0573 0.0135 0.0331
46 0.1812 0.1389 0.5850 0.0465 0.0333 0.0153
47 0.4373 0.1150 0.4045 0.0109 0.0237 0.0085
48 0.1987 0.1366 0.2937 0.2847 0.0443 0.0420
49 0.5396 0.0208 0.1646 0.2357 0.0201 0.0195
50 0.1614 0.6333 0.1614 0.0076 0.0318 0.0043
51 0.8809 0.0794 0.0077 0.0122 0.0166 0.0030
52 0.1587 0.3181 0.3748 0.0947 0.0351 0.0188
53 0.1057 0.5581 0.1445 0.1467 0.0240 0.0208
54 0.2245 0.2881 0.3091 0.0674 0.1011 0.0096
55 0.0600 0.2864 0.4468 0.1581 0.0281 0.0206
56 0.2295 0.1068 0.1815 0.3611 0.0411 0.0800
57 0.2854 0.1109 0.2294 0.2460 0.0642 0.0642
58 0.2578 0.2578 0.3750 0.0092 0.0864 0.0139
59 0.1348 0.3962 0.4058 0.0050 0.0402 0.0181
60 0.6704 0.0145 0.1004 0.1776 0.0104 0.0268
61 0.2101 0.2400 0.2739 0.1065 0.0646 0.1049
62 0.1140 0.0164 0.6875 0.1487 0.0224 0.0111
63 0.8750 0.0125 0.0277 0.0416 0.0381 0.0051
64 0.4004 0.1450 0.3071 0.0521 0.0859 0.0094
65 0.2903 0.1471 0.3728 0.1268 0.0387 0.0244
66 0.7646 0.0520 0.1459 0.0215 0.0084 0.0077
67 0.2683 0.2856 0.2947 0.0769 0.0207 0.0537
68 0.1981 0.0425 0.0794 0.6445 0.0177 0.0179
69 0.3538 0.1938 0.2529 0.1071 0.0482 0.0443
70 0.4944 0.0866 0.2952 0.0981 0.0124 0.0134
71 0.2998 0.1439 0.1656 0.3398 0.0252 0.0256
72 0.2014 0.2374 0.4758 0.0155 0.0605 0.0093
73 0.1501 0.4111 0.3435 0.0051 0.0417 0.0483
74 0.6992 0.0454 0.0626 0.0269 0.0097 0.1560
75 0.6294 0.0104 0.0585 0.2208 0.0361 0.0449
76 0.0849 0.3010 0.4180 0.0054 0.1689 0.0216
77 0.0505 0.2625 0.4065 0.0061 0.2666 0.0077
78 0.0971 0.6235 0.2258 0.0299 0.0110 0.0126
79 0.3889 0.4204 0.0961 0.0046 0.0888 0.0011
80 0.8770 0.0450 0.0410 0.0013 0.0348 0.0009
81 0.0768 0.5547 0.3159 0.0414 0.0036 0.0075
82 0.0658 0.4094 0.3586 0.1460 0.0059 0.0143
83 0.2173 0.3186 0.2747 0.1035 0.0477 0.0381
84 0.1218 0.5127 0.2969 0.0050 0.0196 0.0438
85 0.0967 0.3508 0.3145 0.2129 0.0068 0.0182
86 0.0961 0.4407 0.1971 0.2018 0.0126 0.0518
87 0.0694 0.1287 0.3337 0.4026 0.0149 0.0508
88 0.0894 0.0981 0.1776 0.3267 0.0242 0.2839
89 0.0305 0.4653 0.2737 0.1547 0.0078 0.0681
90 0.1114 0.2181 0.4407 0.1420 0.0269 0.0610
91 0.0973 0.1268 0.4292 0.2563 0.0083 0.0819
92 0.0837 0.1538 0.5044 0.1855 0.0179 0.0544
93 0.5513 0.2927 0.1289 0.0050 0.0136 0.0086
94 0.1476 0.2888 0.4617 0.0840 0.0075 0.0105
95 0.1393 0.5908 0.1803 0.0500 0.0227 0.0166
96 0.2297 0.3240 0.3091 0.0958 0.0339 0.0076
97 0.8457 0.0082 0.0812 0.0528 0.0054 0.0065
98 0.1317 0.1425 0.1589 0.5127 0.0123 0.0418
99 0.1698 0.1213 0.6611 0.0223 0.0068 0.0186
100 0.1307 0.0580 0.2482 0.3391 0.0336 0.1903
101 0.1226 0.1170 0.3718 0.3384 0.0208 0.0293
102 0.1514 0.1367 0.3657 0.2761 0.0216 0.0484
103 0.2037 0.5161 0.1514 0.0191 0.0158 0.0940
104 0.2844 0.1925 0.2549 0.0479 0.1986 0.0216
105 0.3027 0.2910 0.3325 0.0083 0.0284 0.0370
106 0.0820 0.1532 0.7310 0.0103 0.0108 0.0128
107 0.7173 0.1338 0.0964 0.0159 0.0352 0.0014
108 0.0958 0.2544 0.4827 0.1155 0.0321 0.0195
109 0.3496 0.2188 0.2366 0.0811 0.0524 0.0617
110 0.9341 0.0145 0.0118 0.0206 0.0184 0.0004
111 0.3589 0.1682 0.0701 0.3850 0.0176 0.0003
112 0.1335 0.7163 0.1400 0.0028 0.0049 0.0024
113 0.1338 0.4155 0.2969 0.0086 0.1248 0.0205
114 0.2307 0.5239 0.1825 0.0080 0.0282 0.0267
115 0.1379 0.4419 0.2598 0.0247 0.0589 0.0768
116 0.1135 0.3013 0.5205 0.0026 0.0528 0.0092
117 0.3589 0.4099 0.1362 0.0152 0.0337 0.0460
118 0.0911 0.2439 0.1638 0.1503 0.0327 0.3181
119 0.2971 0.4392 0.1733 0.0272 0.0226 0.0405
120 0.1361 0.2390 0.2837 0.0107 0.1832 0.1472
121 0.4795 0.1321 0.2776 0.0079 0.1005 0.0024
122 0.1475 0.5566 0.2432 0.0136 0.0168 0.0221
123 0.0583 0.1560 0.7559 0.0080 0.0079 0.0141
124 0.3528 0.2314 0.3669 0.0066 0.0150 0.0272
125 0.7021 0.0851 0.1155 0.0196 0.0684 0.0092
126 0.6553 0.0853 0.1644 0.0207 0.0702 0.0040
127 0.2355 0.5435 0.1497 0.0089 0.0129 0.0497
128 0.2224 0.3364 0.2386 0.0289 0.0589 0.1145
129 0.2642 0.1653 0.4421 0.0768 0.0129 0.0386
130 0.1782 0.2035 0.3252 0.0910 0.1081 0.0939
131 0.1053 0.5391 0.3245 0.0103 0.0131 0.0075
132 0.8633 0.0034 0.0097 0.0760 0.0249 0.0226
133 0.1716 0.3806 0.3359 0.0411 0.0333 0.0374
134 0.1614 0.4185 0.2898 0.0389 0.0516 0.0399
135 0.6948 0.0631 0.1827 0.0044 0.0540 0.0009
136 0.1965 0.0609 0.0845 0.6055 0.0238 0.0288
137 0.1232 0.2490 0.5352 0.0108 0.0526 0.0291
138 0.1852 0.2416 0.4729 0.0269 0.0407 0.0327
139 0.2544 0.4678 0.2091 0.0599 0.0037 0.0053
140 0.7251 0.0929 0.1373 0.0083 0.0329 0.0035
141 0.0985 0.0249 0.1675 0.5410 0.0261 0.1422
142 0.4036 0.2861 0.2627 0.0163 0.0254 0.0058
143 0.1792 0.3049 0.4402 0.0311 0.0246 0.0198
144 0.1387 0.2491 0.5317 0.0367 0.0176 0.0263
145 0.7183 0.0260 0.0520 0.1788 0.0045 0.0204
146 0.5957 0.0456 0.1680 0.1603 0.0173 0.0133
147 0.2712 0.1087 0.1301 0.0158 0.4685 0.0057
148 0.2460 0.2991 0.3665 0.0234 0.0344 0.0308
149 0.3376 0.0129 0.1322 0.4578 0.0534 0.0062
150 0.5210 0.1744 0.2703 0.0103 0.0130 0.0111
151 0.4607 0.2372 0.1439 0.0154 0.1405 0.0022
152 0.1470 0.2041 0.3186 0.0289 0.2834 0.0181
153 0.1958 0.2739 0.4050 0.0767 0.0322 0.0162
154 0.1671 0.4041 0.3706 0.0204 0.0148 0.0230
155 0.9375 0.0165 0.0403 0.0027 0.0024 0.0006
156 0.3911 0.1331 0.0801 0.0164 0.3762 0.0029
157 0.7427 0.0753 0.0542 0.0177 0.1013 0.0089
158 0.2111 0.1936 0.5024 0.0329 0.0052 0.0551
159 0.3340 0.2107 0.4126 0.0174 0.0100 0.0153
160 0.8013 0.0871 0.0717 0.0268 0.0118 0.0015
161 0.2258 0.1516 0.3525 0.0637 0.1412 0.0652
162 0.0945 0.2981 0.4338 0.0223 0.0834 0.0676
163 0.0754 0.2981 0.3198 0.2673 0.0139 0.0255
164 0.5400 0.0410 0.1334 0.2590 0.0181 0.0083
165 0.0046 0.4939 0.4426 0.0452 0.0004 0.0134
166 0.3608 0.3962 0.1704 0.0167 0.0452 0.0107
167 0.2161 0.3762 0.2930 0.0277 0.0814 0.0058
168 0.1008 0.2084 0.4111 0.0666 0.1178 0.0954
169 0.1278 0.2581 0.4189 0.0643 0.0935 0.0375
170 0.6787 0.1975 0.1100 0.0061 0.0048 0.0027
171 0.1779 0.1779 0.3564 0.1879 0.0426 0.0573
172 0.1647 0.4272 0.2512 0.0327 0.0999 0.0245
173 0.2371 0.3215 0.1708 0.0358 0.2192 0.0156
174 0.0778 0.5703 0.1660 0.0340 0.1398 0.0118
175 0.1268 0.3816 0.2996 0.0318 0.0341 0.1259
176 0.1919 0.4900 0.2563 0.0111 0.0313 0.0193
177 0.1395 0.2145 0.5146 0.1062 0.0149 0.0103
178 0.0679 0.2175 0.2583 0.1630 0.0224 0.2708
179 0.0821 0.4009 0.3564 0.0190 0.0345 0.1071
180 0.2100 0.4309 0.2573 0.0099 0.0726 0.0194
181 0.1982 0.1373 0.6401 0.0182 0.0039 0.0024
182 0.5830 0.0400 0.2030 0.0493 0.0974 0.0275
183 0.9204 0.0184 0.0291 0.0061 0.0253 0.0005
184 0.7178 0.0884 0.0287 0.0532 0.1083 0.0037
185 0.0599 0.2993 0.2769 0.2947 0.0134 0.0558
186 0.1371 0.2483 0.5820 0.0039 0.0195 0.0093
187 0.6152 0.1569 0.1907 0.0036 0.0331 0.0004
188 0.1128 0.1278 0.2622 0.4126 0.0387 0.0459
189 0.0631 0.3687 0.3057 0.0465 0.0646 0.1514
190 0.8760 0.0350 0.0498 0.0118 0.0200 0.0072
191 0.2299 0.3167 0.2729 0.0281 0.1020 0.0505
192 0.0907 0.3818 0.5059 0.0068 0.0112 0.0037
193 0.1691 0.2404 0.5088 0.0118 0.0647 0.0053
194 0.2927 0.1997 0.2708 0.1103 0.0501 0.0764
195 0.2385 0.1516 0.2598 0.1857 0.1266 0.0377
196 0.1924 0.3484 0.2842 0.0526 0.1096 0.0129
197 0.0803 0.4839 0.3740 0.0324 0.0225 0.0069
198 0.2778 0.2491 0.4075 0.0189 0.0307 0.0159
199 0.1299 0.2407 0.5728 0.0186 0.0237 0.0143
200 0.3135 0.2499 0.2384 0.0864 0.0673 0.0448
201 0.3113 0.2664 0.2925 0.0541 0.0558 0.0201
202 0.1725 0.3918 0.3950 0.0143 0.0175 0.0090
203 0.3975 0.3882 0.1290 0.0136 0.0326 0.0390
204 0.2097 0.4236 0.2844 0.0146 0.0258 0.0419
205 0.1864 0.5698 0.2196 0.0031 0.0176 0.0035
206 0.0954 0.4143 0.4622 0.0080 0.0197 0.0005
207 0.5728 0.0326 0.1027 0.2369 0.0073 0.0478
208 0.1781 0.1956 0.4307 0.0630 0.0797 0.0531
209 0.0938 0.2844 0.5151 0.0348 0.0305 0.0413
210 0.1273 0.1686 0.1852 0.2825 0.0454 0.1910
211 0.8179 0.0145 0.1160 0.0468 0.0024 0.0026
212 0.3481 0.0741 0.3823 0.1362 0.0246 0.0347
213 0.0693 0.2134 0.4050 0.2615 0.0227 0.0282
214 0.0696 0.2092 0.4717 0.1847 0.0246 0.0403
215 0.2991 0.1771 0.4023 0.0856 0.0158 0.0200
216 0.1981 0.0463 0.1372 0.5098 0.0497 0.0586
217 0.1387 0.2822 0.5483 0.0045 0.0158 0.0103
218 0.1731 0.3135 0.2461 0.0452 0.1829 0.0392
219 0.0607 0.5674 0.3013 0.0101 0.0411 0.0194
220 0.1086 0.4905 0.2485 0.0425 0.0370 0.0729
221 0.4646 0.0350 0.1833 0.2930 0.0169 0.0071
222 0.0978 0.6279 0.2311 0.0052 0.0338 0.0041
223 0.0825 0.4670 0.4155 0.0039 0.0276 0.0034
224 0.5635 0.0061 0.0617 0.3210 0.0299 0.0180
225 0.1007 0.2676 0.4998 0.1056 0.0232 0.0033
226 0.1868 0.2068 0.4731 0.0354 0.0773 0.0206
227 0.1606 0.2450 0.4834 0.0391 0.0526 0.0193
228 0.2001 0.5786 0.1301 0.0056 0.0834 0.0020
229 0.2783 0.3774 0.1782 0.0300 0.0539 0.0822
230 0.8916 0.0177 0.0646 0.0133 0.0064 0.0064
231 0.2179 0.2798 0.3621 0.0367 0.0486 0.0551
232 0.1854 0.3660 0.3987 0.0068 0.0389 0.0042
233 0.2600 0.3442 0.2991 0.0200 0.0657 0.0109
234 0.4880 0.2361 0.2288 0.0141 0.0269 0.0061
235 0.1821 0.5146 0.2607 0.0154 0.0109 0.0160
236 0.1481 0.2292 0.3723 0.0411 0.1256 0.0837
237 0.1241 0.2568 0.4797 0.0082 0.1087 0.0226
238 0.7070 0.1042 0.1381 0.0209 0.0240 0.0059
239 0.1021 0.3762 0.4006 0.0228 0.0894 0.0089
240 0.1505 0.2500 0.3262 0.0637 0.2009 0.0085
241 0.1560 0.3599 0.4207 0.0226 0.0255 0.0154
242 0.1067 0.4634 0.3525 0.0236 0.0396 0.0142
243 0.1197 0.3254 0.4697 0.0156 0.0588 0.0107
244 0.1020 0.3730 0.3398 0.0387 0.0513 0.0951
245 0.2097 0.4441 0.2778 0.0094 0.0518 0.0071
246 0.0993 0.0843 0.5161 0.2119 0.0289 0.0593
247 0.1260 0.2710 0.3645 0.1862 0.0270 0.0252
248 0.1383 0.3093 0.3560 0.0914 0.0334 0.0718
249 0.1914 0.2964 0.4448 0.0190 0.0330 0.0155
250 0.1704 0.5586 0.2188 0.0154 0.0338 0.0031
251 0.1573 0.2593 0.5078 0.0239 0.0199 0.0317
252 0.1490 0.3494 0.2964 0.0199 0.1246 0.0607
253 0.1589 0.4058 0.4058 0.0080 0.0117 0.0100
254 0.1400 0.3689 0.4246 0.0165 0.0462 0.0041
255 0.1776 0.2352 0.5181 0.0252 0.0347 0.0093
256 0.0778 0.2340 0.6025 0.0737 0.0065 0.0056
257 0.0432 0.2045 0.5962 0.1138 0.0233 0.0192
258 0.3091 0.0723 0.2903 0.2727 0.0252 0.0304
259 0.1306 0.2898 0.5205 0.0417 0.0135 0.0037
260 0.0614 0.0638 0.3733 0.4646 0.0195 0.0175
261 0.6660 0.0853 0.1697 0.0345 0.0364 0.0082
262 0.3154 0.0162 0.2185 0.3926 0.0315 0.0259
263 0.1732 0.3875 0.3784 0.0176 0.0320 0.0113
264 0.2820 0.1121 0.2754 0.2754 0.0443 0.0109
265 0.2062 0.2229 0.5347 0.0206 0.0132 0.0024
266 0.0920 0.1720 0.3264 0.3420 0.0190 0.0485
267 0.1857 0.2384 0.3442 0.1075 0.0905 0.0338
268 0.5762 0.1492 0.1033 0.0883 0.0672 0.0160
269 0.5679 0.2025 0.1075 0.0445 0.0678 0.0099
270 0.5596 0.2333 0.1128 0.0355 0.0470 0.0120
