time exciting_prob fearful_prob tense_prob sad_prob relaxing_prob neutral_prob
0 0.3481 0.1130 0.2979 0.1619 0.0316 0.0475
1 0.3220 0.1130 0.3621 0.1301 0.0254 0.0475
2 0.3418 0.0768 0.2385 0.2385 0.0355 0.0689
3 0.3853 0.0782 0.3293 0.1290 0.0331 0.0450
4 0.2961 0.0743 0.2915 0.2417 0.0225 0.0737
5 0.4260 0.1147 0.2280 0.1655 0.0355 0.0302
6 0.2693 0.0828 0.3247 0.2377 0.0413 0.0443
7 0.4204 0.0945 0.3250 0.1055 0.0218 0.0327
8 0.1583 0.1195 0.4170 0.2377 0.0232 0.0443
9 0.1958 0.1958 0.4734 0.0969 0.0218 0.0164
10 0.1549 0.1388 0.3384 0.2805 0.0327 0.0548
11 0.1487 0.2981 0.1970 0.2800 0.0573 0.0191
12 0.1013 0.1174 0.0533 0.5303 0.1290 0.0685
13 0.1130 0.2062 0.1331 0.3972 0.0900 0.0605
14 0.1111 0.0684 0.0449 0.6909 0.0375 0.0470
15 0.2162 0.0522 0.0400 0.5269 0.1104 0.0547
16 0.2556 0.2400 0.0688 0.3281 0.0798 0.0278
17 0.2302 0.0696 0.0735 0.5186 0.0659 0.0419
18 0.4939 0.1566 0.1085 0.1934 0.0331 0.0147
19 0.3279 0.0168 0.0499 0.5322 0.0602 0.0129
20 0.5151 0.0671 0.1023 0.2551 0.0556 0.0046
21 0.2788 0.0121 0.0812 0.5635 0.0492 0.0154
22 0.5273 0.0983 0.0719 0.0999 0.1880 0.0146
23 0.1337 0.0213 0.0392 0.7339 0.0621 0.0101
24 0.4111 0.1622 0.1151 0.2271 0.0676 0.0167
25 0.2002 0.0483 0.0560 0.6069 0.0784 0.0100
26 0.4045 0.2396 0.1072 0.1823 0.0574 0.0091
27 0.1395 0.0403 0.0547 0.6553 0.0634 0.0468
28 0.3950 0.2913 0.1293 0.0671 0.1039 0.0134
29 0.3135 0.2479 0.0733 0.1338 0.1718 0.0598
30 0.2776 0.2568 0.1176 0.1054 0.1752 0.0675
31 0.3264 0.3213 0.1350 0.0851 0.0769 0.0554
32 0.2235 0.2019 0.1254 0.2201 0.0616 0.1675
33 0.1897 0.3435 0.1273 0.2035 0.0450 0.0910
34 0.2056 0.1978 0.1277 0.2559 0.0941 0.1190
35 0.2839 0.2094 0.1156 0.1183 0.2605 0.0125
36 0.2925 0.1517 0.0980 0.3447 0.0585 0.0545
37 0.1913 0.3687 0.2219 0.1346 0.0646 0.0189
38 0.3135 0.3499 0.1931 0.0594 0.0721 0.0121
39 0.1366 0.1942 0.3542 0.2654 0.0208 0.0286
40 0.1337 0.2478 0.2421 0.2722 0.0073 0.0970
41 0.1737 0.4541 0.2607 0.0765 0.0105 0.0244
42 0.3704 0.0759 0.0542 0.4399 0.0373 0.0224
43 0.0964 0.1180 0.2366 0.5210 0.0263 0.0018
44 0.2073 0.2705 0.2642 0.2139 0.0173 0.0270
45 0.1526 0.3928 0.2830 0.1467 0.0134 0.0116
46 0.1659 0.0998 0.1079 0.5879 0.0252 0.0133
47 0.0460 0.2776 0.2411 0.4165 0.0068 0.0121
48 0.1199 0.2969 0.3235 0.2106 0.0360 0.0130
49 0.0765 0.3096 0.0952 0.4797 0.0239 0.0152
50 0.2754 0.1250 0.0659 0.4683 0.0471 0.0184
51 0.2034 0.1672 0.0450 0.5317 0.0373 0.0154
52 0.1058 0.2832 0.0389 0.4744 0.0386 0.0589
53 0.0463 0.2369 0.1146 0.5015 0.0274 0.0734
54 0.2261 0.2644 0.0618 0.3877 0.0438 0.0163
55 0.1294 0.5039 0.2307 0.0469 0.0557 0.0335
56 0.2023 0.1217 0.3494 0.1562 0.0978 0.0727
57 0.3413 0.1108 0.3413 0.1074 0.0602 0.0389
58 0.2500 0.1238 0.3843 0.1541 0.0689 0.0190
59 0.4067 0.2566 0.1605 0.0555 0.0997 0.0212
60 0.3579 0.1458 0.0608 0.1010 0.2969 0.0377
61 0.0894 0.1223 0.1879 0.3096 0.0439 0.2469
62 0.2046 0.2773 0.0820 0.2078 0.1593 0.0690
63 0.1057 0.5454 0.0756 0.0911 0.1503 0.0320
64 0.1050 0.5996 0.0438 0.1257 0.1127 0.0130
65 0.0545 0.6333 0.1190 0.0580 0.0775 0.0576
66 0.1365 0.3098 0.2180 0.0902 0.1620 0.0834
67 0.1567 0.2793 0.1221 0.1790 0.1981 0.0648
68 0.2097 0.2147 0.4690 0.0719 0.0271 0.0076
69 0.2502 0.1268 0.5137 0.0567 0.0467 0.0061
70 0.3025 0.1407 0.4167 0.1332 0.0030 0.0036
71 0.5879 0.1671 0.2031 0.0337 0.0074 0.0008
72 0.2321 0.0967 0.1954 0.4041 0.0708 0.0008
73 0.5620 0.0359 0.1636 0.1345 0.1024 0.0018
74 0.4875 0.2357 0.1711 0.0953 0.0102 0.0002
75 0.2935 0.4011 0.1940 0.0543 0.0560 0.0013
76 0.1321 0.1475 0.3823 0.2710 0.0649 0.0021
77 0.4097 0.1818 0.3450 0.0084 0.0493 0.0062
78 0.1943 0.0829 0.2576 0.4519 0.0095 0.0037
79 0.0990 0.0681 0.3403 0.4233 0.0137 0.0555
80 0.1293 0.0561 0.5620 0.2235 0.0211 0.0083
81 0.3689 0.1400 0.2656 0.1974 0.0274 0.0007
82 0.7339 0.1134 0.0786 0.0602 0.0113 0.0028
83 0.6577 0.1526 0.1389 0.0458 0.0043 0.0006
84 0.5405 0.1741 0.1727 0.1072 0.0044 0.0013
85 0.2067 0.1796 0.4548 0.1304 0.0131 0.0154
86 0.0990 0.5479 0.1364 0.1835 0.0132 0.0201
87 0.0701 0.4792 0.3022 0.0959 0.0214 0.0309
88 0.0290 0.5522 0.1737 0.1820 0.0482 0.0149
89 0.0416 0.3457 0.4302 0.1364 0.0307 0.0157
90 0.0269 0.6660 0.2230 0.0771 0.0060 0.0010
91 0.0516 0.5293 0.3696 0.0316 0.0168 0.0009
92 0.0745 0.3904 0.3784 0.1392 0.0126 0.0049
93 0.0652 0.4670 0.3638 0.0811 0.0090 0.0141
94 0.2119 0.3606 0.2170 0.1827 0.0100 0.0178
95 0.0811 0.2766 0.3691 0.2347 0.0029 0.0354
96 0.0812 0.4861 0.2107 0.1903 0.0051 0.0266
97 0.0629 0.5479 0.2063 0.1462 0.0059 0.0309
98 0.0941 0.4778 0.1814 0.2240 0.0090 0.0138
99 0.1919 0.6050 0.1494 0.0402 0.0076 0.0057
100 0.1504 0.4595 0.2008 0.1390 0.0265 0.0238
101 0.2236 0.4080 0.1315 0.1825 0.0253 0.0291
102 0.2214 0.2250 0.0640 0.3171 0.1301 0.0423
103 0.1160 0.2576 0.1265 0.4050 0.0289 0.0661
104 0.1168 0.1741 0.0720 0.4768 0.0407 0.1196
105 0.3047 0.2300 0.0659 0.2449 0.0944 0.0600
106 0.2496 0.4521 0.1637 0.0904 0.0276 0.0166
107 0.2354 0.2817 0.0853 0.3022 0.0295 0.0659
108 0.2252 0.2341 0.1293 0.3328 0.0130 0.0656
109 0.1122 0.2820 0.1671 0.3403 0.0130 0.0854
110 0.1857 0.3960 0.1337 0.1991 0.0116 0.0739
111 0.1680 0.1163 0.1035 0.4861 0.0313 0.0950
112 0.0817 0.1538 0.2153 0.4929 0.0269 0.0294
113 0.0783 0.0998 0.1710 0.6113 0.0116 0.0281
114 0.2076 0.1543 0.4326 0.1920 0.0032 0.0102
115 0.0226 0.0161 0.0497 0.8945 0.0119 0.0054
116 0.0414 0.0073 0.0177 0.9126 0.0113 0.0098
117 0.0564 0.0538 0.0140 0.8350 0.0381 0.0027
118 0.0522 0.0337 0.0189 0.8696 0.0214 0.0041
119 0.0589 0.0489 0.0257 0.8262 0.0378 0.0024
120 0.2018 0.2083 0.1262 0.3889 0.0687 0.0061
121 0.0835 0.0731 0.1159 0.6777 0.0436 0.0063
122 0.0229 0.0250 0.0268 0.8887 0.0165 0.0202
123 0.0875 0.1478 0.0961 0.5488 0.1016 0.0179
124 0.0773 0.1561 0.0842 0.5981 0.0709 0.0132
125 0.0759 0.1451 0.0379 0.5972 0.1242 0.0197
126 0.0575 0.1743 0.0850 0.6479 0.0234 0.0121
127 0.0374 0.0786 0.0948 0.7456 0.0106 0.0333
128 0.0652 0.3523 0.3496 0.2087 0.0227 0.0013
129 0.0459 0.2294 0.4121 0.2969 0.0046 0.0111
130 0.0350 0.4792 0.2817 0.1891 0.0024 0.0126
131 0.1510 0.3271 0.1793 0.2529 0.0042 0.0854
132 0.0293 0.1866 0.0875 0.6719 0.0045 0.0201
133 0.0576 0.3872 0.3364 0.1978 0.0010 0.0199
134 0.0391 0.6821 0.2267 0.0490 0.0010 0.0024
135 0.1849 0.1724 0.1281 0.5103 0.0036 0.0007
136 0.0139 0.0613 0.1111 0.8081 0.0047 0.0011
137 0.0389 0.6084 0.1945 0.1526 0.0007 0.0052
138 0.0978 0.3413 0.2742 0.2345 0.0011 0.0511
139 0.3591 0.1375 0.1203 0.3591 0.0230 0.0010
140 0.0482 0.0663 0.2727 0.5684 0.0038 0.0405
141 0.0350 0.3481 0.3169 0.2886 0.0024 0.0091
142 0.1436 0.0824 0.3135 0.4353 0.0101 0.0152
143 0.2622 0.1787 0.1979 0.3528 0.0067 0.0020
144 0.1964 0.0563 0.0684 0.6543 0.0204 0.0045
145 0.0648 0.2878 0.2090 0.4224 0.0097 0.0063
146 0.0351 0.5986 0.1179 0.2418 0.0017 0.0051
147 0.0911 0.0611 0.1089 0.6831 0.0527 0.0029
148 0.2031 0.1261 0.2588 0.3481 0.0610 0.0030
149 0.4429 0.0872 0.3291 0.1220 0.0168 0.0020
150 0.4714 0.0679 0.3215 0.1111 0.0258 0.0023
151 0.5474 0.0619 0.2300 0.1104 0.0490 0.0012
152 0.3857 0.0808 0.2588 0.1836 0.0901 0.0009
153 0.1456 0.0672 0.2202 0.5083 0.0511 0.0078
154 0.0793 0.0412 0.0668 0.7241 0.0845 0.0043
155 0.0975 0.2375 0.2146 0.4302 0.0192 0.0011
156 0.0871 0.2139 0.3340 0.3262 0.0360 0.0029
157 0.0320 0.0925 0.1650 0.7056 0.0027 0.0022
158 0.0459 0.3667 0.3186 0.2642 0.0033 0.0014
159 0.0171 0.1609 0.1273 0.6777 0.0097 0.0074
160 0.0935 0.0838 0.1859 0.5381 0.0740 0.0246
161 0.3416 0.1092 0.4817 0.0470 0.0171 0.0033
162 0.1724 0.1364 0.4231 0.2336 0.0241 0.0105
163 0.3823 0.2247 0.3220 0.0614 0.0091 0.0005
164 0.5615 0.1283 0.2593 0.0305 0.0198 0.0006
165 0.1918 0.2350 0.3904 0.1746 0.0067 0.0017
166 0.1165 0.1862 0.3267 0.3645 0.0047 0.0015
167 0.1678 0.3064 0.0972 0.4187 0.0087 0.0013
168 0.1221 0.2466 0.3118 0.2625 0.0161 0.0409
169 0.1096 0.4688 0.2432 0.1149 0.0555 0.0079
170 0.3215 0.2583 0.2927 0.0106 0.1102 0.0068
171 0.0530 0.0681 0.3918 0.4727 0.0123 0.0018
172 0.1177 0.0502 0.2050 0.1808 0.0754 0.3711
173 0.2659 0.1855 0.3806 0.1217 0.0462 0.0001
174 0.1219 0.1382 0.3340 0.3669 0.0341 0.0049
175 0.5864 0.1128 0.2026 0.0751 0.0226 0.0003
176 0.3950 0.3201 0.2551 0.0257 0.0040 0.0001
177 0.3179 0.3774 0.2698 0.0273 0.0074 0.0004
178 0.2368 0.2769 0.2812 0.1482 0.0299 0.0272
179 0.2568 0.2529 0.1510 0.2844 0.0464 0.0082
180 0.0619 0.0723 0.1532 0.6445 0.0493 0.0186
181 0.0544 0.5757 0.1675 0.1884 0.0089 0.0051
182 0.0292 0.5249 0.2810 0.1381 0.0036 0.0234
183 0.1187 0.2673 0.2472 0.2234 0.0100 0.1334
184 0.0510 0.3198 0.2959 0.0848 0.0107 0.2378
185 0.1139 0.3169 0.1556 0.2527 0.0121 0.1486
186 0.0967 0.2393 0.1569 0.3706 0.0126 0.1241
187 0.1002 0.2440 0.1033 0.4595 0.0052 0.0877
188 0.1967 0.2974 0.0517 0.3674 0.0179 0.0690
189 0.0447 0.3572 0.1116 0.3228 0.0039 0.1598
190 0.1246 0.3308 0.1266 0.3157 0.0134 0.0891
191 0.2263 0.1906 0.0285 0.3267 0.0184 0.2094
192 0.0661 0.5039 0.0651 0.2476 0.0054 0.1116
193 0.1593 0.1877 0.0302 0.4646 0.0141 0.1439
194 0.2571 0.3569 0.0348 0.1252 0.0394 0.1866
195 0.1877 0.2393 0.1157 0.2546 0.0207 0.1820
196 0.1187 0.2343 0.0816 0.3408 0.0211 0.2035
197 0.0480 0.3435 0.0544 0.1687 0.0082 0.3772
198 0.0795 0.2908 0.0654 0.2450 0.0168 0.3025
199 0.1632 0.3767 0.0564 0.2432 0.0188 0.1418
200 0.0413 0.1387 0.0302 0.7554 0.0312 0.0032
201 0.0263 0.2874 0.1041 0.5044 0.0126 0.0651
202 0.0466 0.2520 0.1370 0.3904 0.0213 0.1528
203 0.0894 0.1261 0.1417 0.5347 0.0321 0.0759
204 0.0641 0.2988 0.0744 0.2874 0.0095 0.2659
205 0.1344 0.1302 0.1355 0.2358 0.0181 0.3459
206 0.2554 0.0836 0.0410 0.2986 0.0185 0.3032
207 0.2440 0.1743 0.1002 0.3750 0.0477 0.0589
208 0.4011 0.1986 0.1293 0.2233 0.0183 0.0293
209 0.5742 0.1022 0.0670 0.1646 0.0183 0.0736
210 0.5410 0.2086 0.1143 0.0657 0.0536 0.0165
211 0.4861 0.2074 0.0818 0.1318 0.0352 0.0576
212 0.5508 0.1530 0.0787 0.1288 0.0294 0.0590
213 0.1705 0.1719 0.0899 0.2581 0.0172 0.2925
214 0.3279 0.0540 0.0487 0.3545 0.0322 0.1825
215 0.4077 0.0543 0.0797 0.3770 0.0235 0.0578
216 0.5981 0.0969 0.0992 0.1377 0.0172 0.0507
217 0.3833 0.1388 0.1610 0.1345 0.0261 0.1561
218 0.6250 0.1129 0.0752 0.1240 0.0211 0.0419
219 0.6401 0.0814 0.0471 0.1300 0.0517 0.0497
220 0.2140 0.2350 0.1238 0.2406 0.0079 0.1787
221 0.1836 0.2651 0.4875 0.0288 0.0288 0.0063
222 0.3064 0.3286 0.2041 0.1018 0.0278 0.0313
223 0.5190 0.1685 0.1475 0.0887 0.0450 0.0314
224 0.6050 0.0832 0.1707 0.0418 0.0648 0.0344
225 0.4753 0.2688 0.1472 0.0381 0.0568 0.0138
226 0.1405 0.3372 0.4397 0.0246 0.0183 0.0396
227 0.2156 0.2969 0.4387 0.0077 0.0255 0.0155
228 0.2742 0.2203 0.2659 0.0637 0.0710 0.1049
229 0.4824 0.2971 0.1578 0.0231 0.0328 0.0068
230 0.4683 0.1520 0.1805 0.0542 0.0952 0.0497
231 0.5103 0.1581 0.1342 0.1166 0.0393 0.0416
232 0.5303 0.1605 0.1593 0.0758 0.0505 0.0235
233 0.4202 0.1807 0.2910 0.0443 0.0309 0.0332
234 0.2510 0.1970 0.3171 0.1522 0.0316 0.0510
235 0.2534 0.2307 0.1549 0.3105 0.0243 0.0263
236 0.0555 0.4868 0.4163 0.0334 0.0036 0.0046
237 0.1932 0.4529 0.2295 0.0481 0.0292 0.0470
238 0.2971 0.2686 0.2903 0.0508 0.0428 0.0504
239 0.4937 0.1615 0.2140 0.0248 0.0449 0.0613
240 0.2404 0.3184 0.3901 0.0255 0.0197 0.0057
241 0.1660 0.4441 0.2434 0.1088 0.0081 0.0295
242 0.1846 0.2141 0.5054 0.0445 0.0233 0.0281
243 0.2878 0.1947 0.3726 0.0663 0.0441 0.0346
244 0.2498 0.3362 0.3496 0.0323 0.0205 0.0119
245 0.3386 0.2830 0.3035 0.0259 0.0401 0.0090
246 0.4775 0.2119 0.1379 0.0856 0.0738 0.0132
247 0.5908 0.2107 0.0648 0.0920 0.0188 0.0227
248 0.3516 0.2454 0.3459 0.0232 0.0230 0.0109
249 0.0430 0.4016 0.4482 0.0574 0.0093 0.0404
250 0.1481 0.1842 0.4185 0.0786 0.0283 0.1423
251 0.0839 0.2354 0.2729 0.3345 0.0207 0.0525
252 0.4309 0.1016 0.3464 0.1133 0.0059 0.0018
253 0.5308 0.1497 0.0937 0.2112 0.0108 0.0039
254 0.5601 0.1847 0.1103 0.1331 0.0106 0.0012
255 0.4463 0.3066 0.1592 0.0819 0.0047 0.0012
256 0.1604 0.2389 0.5137 0.0663 0.0080 0.0127
257 0.2954 0.2195 0.3535 0.0820 0.0393 0.0104
258 0.2444 0.1603 0.4602 0.0331 0.0176 0.0845
259 0.1407 0.4875 0.2590 0.0923 0.0046 0.0157
260 0.5122 0.2659 0.1885 0.0151 0.0109 0.0074
261 0.4778 0.3083 0.1469 0.0500 0.0058 0.0112
262 0.0997 0.3706 0.4541 0.0639 0.0027 0.0089
263 0.0322 0.5806 0.1975 0.1743 0.0086 0.0069
264 0.0665 0.2527 0.2412 0.3350 0.0244 0.0802
265 0.1270 0.3560 0.4753 0.0238 0.0111 0.0068
266 0.2260 0.2812 0.4221 0.0227 0.0369 0.0112
267 0.3772 0.1500 0.2417 0.1489 0.0135 0.0687
268 0.4900 0.1164 0.2644 0.0421 0.0266 0.0604
269 0.4067 0.1250 0.4067 0.0329 0.0073 0.0211
270 0.1766 0.1213 0.4170 0.1046 0.0158 0.1646
271 0.3762 0.1805 0.3943 0.0209 0.0110 0.0169
272 0.5161 0.1032 0.1884 0.0656 0.0298 0.0970
273 0.4636 0.1209 0.2156 0.0231 0.0142 0.1627
274 0.2379 0.3860 0.2632 0.0552 0.0340 0.0236
275 0.3115 0.4463 0.1890 0.0238 0.0095 0.0201
276 0.3809 0.3208 0.2170 0.0240 0.0118 0.0455
277 0.5957 0.1918 0.1591 0.0231 0.0209 0.0097
278 0.1670 0.1820 0.5264 0.1104 0.0055 0.0086
279 0.3560 0.1394 0.4326 0.0381 0.0258 0.0080
280 0.2233 0.1376 0.5317 0.0464 0.0154 0.0457
281 0.2979 0.1176 0.3323 0.1332 0.0564 0.0629
282 0.2400 0.1990 0.4482 0.0570 0.0117 0.0440
283 0.3728 0.0972 0.3757 0.0690 0.0554 0.0299
284 0.4609 0.2773 0.1892 0.0239 0.0132 0.0356
285 0.0755 0.0561 0.7334 0.0168 0.0287 0.0897
286 0.1096 0.0370 0.4070 0.4006 0.0133 0.0324
287 0.2054 0.0905 0.6182 0.0508 0.0294 0.0059
288 0.3232 0.0926 0.2087 0.0566 0.1638 0.1550
289 0.1077 0.1012 0.1804 0.5645 0.0179 0.0281
290 0.6431 0.2294 0.0627 0.0204 0.0336 0.0107
291 0.6357 0.1880 0.0916 0.0471 0.0273 0.0102
292 0.5542 0.1613 0.1316 0.0905 0.0338 0.0285
293 0.5542 0.1613 0.1316 0.0905 0.0338 0.0285
294 0.5264 0.1605 0.1484 0.0989 0.0352 0.0306
295 0.5171 0.1627 0.1530 0.1003 0.0358 0.0311
