time exciting_prob fearful_prob tense_prob sad_prob relaxing_prob neutral_prob
0 0.1473 0.6157 0.0827 0.1021 0.0173 0.0347
1 0.5479 0.0382 0.1698 0.1498 0.0114 0.0828
2 0.0632 0.0798 0.3059 0.4666 0.0058 0.0786
3 0.1724 0.0665 0.4985 0.2430 0.0079 0.0116
4 0.2671 0.0211 0.4075 0.2844 0.0145 0.0055
5 0.5029 0.0321 0.2339 0.2048 0.0143 0.0120
6 0.0319 0.0422 0.2754 0.6016 0.0058 0.0429
7 0.0881 0.0359 0.7974 0.0506 0.0085 0.0197
8 0.1121 0.0324 0.7783 0.0224 0.0148 0.0400
9 0.5781 0.0460 0.1862 0.1630 0.0238 0.0031
10 0.4395 0.3760 0.1193 0.0165 0.0474 0.0013
11 0.4768 0.2234 0.1713 0.0314 0.0889 0.0082
12 0.4260 0.2280 0.2563 0.0387 0.0453 0.0058
13 0.4128 0.2603 0.2583 0.0341 0.0281 0.0064
14 0.4197 0.0966 0.4197 0.0180 0.0316 0.0141
15 0.5522 0.1752 0.1970 0.0350 0.0105 0.0297
16 0.7788 0.0163 0.1333 0.0461 0.0173 0.0081
17 0.7363 0.0201 0.1876 0.0314 0.0186 0.0060
18 0.6699 0.0133 0.2502 0.0517 0.0090 0.0059
19 0.3706 0.2607 0.2607 0.0634 0.0082 0.0364
20 0.4175 0.3381 0.1881 0.0335 0.0058 0.0171
21 0.4524 0.2347 0.2499 0.0354 0.0074 0.0200
22 0.5317 0.1584 0.2166 0.0543 0.0099 0.0289
23 0.1753 0.0300 0.6934 0.0656 0.0104 0.0253
24 0.3154 0.0480 0.5986 0.0271 0.0038 0.0069
25 0.2676 0.0656 0.4409 0.1987 0.0132 0.0140
26 0.3350 0.1440 0.4038 0.0887 0.0104 0.0180
27 0.3523 0.2136 0.3750 0.0371 0.0097 0.0125
28 0.3914 0.1375 0.3621 0.0730 0.0069 0.0293
29 0.7739 0.0660 0.1410 0.0097 0.0077 0.0016
30 0.3049 0.2979 0.2932 0.0506 0.0432 0.0103
31 0.1493 0.4526 0.3635 0.0152 0.0143 0.0050
32 0.5811 0.1600 0.1677 0.0090 0.0786 0.0034
33 0.3701 0.2158 0.3450 0.0268 0.0344 0.0080
34 0.4180 0.1326 0.3865 0.0247 0.0310 0.0071
35 0.2285 0.2250 0.4800 0.0309 0.0213 0.0145
36 0.3501 0.1995 0.3340 0.0550 0.0493 0.0124
37 0.2325 0.2761 0.4482 0.0228 0.0126 0.0077
38 0.4229 0.3645 0.1967 0.0040 0.0108 0.0010
39 0.3135 0.3899 0.2876 0.0030 0.0053 0.0008
40 0.4160 0.3613 0.2059 0.0064 0.0068 0.0037
41 0.5078 0.2986 0.1769 0.0029 0.0132 0.0009
42 0.5601 0.2859 0.1340 0.0033 0.0153 0.0014
43 0.4099 0.3562 0.2161 0.0024 0.0147 0.0007
44 0.2544 0.0609 0.3372 0.2585 0.0550 0.0342
45 0.3540 0.0766 0.3860 0.0983 0.0731 0.0120
46 0.3289 0.3262 0.2600 0.0352 0.0474 0.0024
47 0.4387 0.2155 0.2744 0.0196 0.0492 0.0026
48 0.3301 0.0895 0.4802 0.0225 0.0720 0.0057
49 0.3601 0.3230 0.2849 0.0041 0.0269 0.0010
50 0.4546 0.2590 0.2551 0.0019 0.0288 0.0005
51 0.4436 0.2588 0.2230 0.0064 0.0659 0.0022
52 0.2092 0.3345 0.4065 0.0138 0.0290 0.0070
53 0.6382 0.1527 0.1931 0.0053 0.0066 0.0043
54 0.3796 0.1924 0.4170 0.0020 0.0048 0.0040
55 0.2896 0.2168 0.4697 0.0134 0.0091 0.0015
56 0.2035 0.3684 0.4207 0.0029 0.0037 0.0009
57 0.4604 0.1616 0.3643 0.0038 0.0090 0.0009
58 0.4353 0.2703 0.2832 0.0023 0.0082 0.0006
59 0.2947 0.2332 0.4602 0.0027 0.0085 0.0006
60 0.4390 0.2350 0.3137 0.0037 0.0077 0.0008
61 0.4678 0.0996 0.3616 0.0418 0.0128 0.0165
62 0.4983 0.1240 0.3118 0.0345 0.0102 0.0212
63 0.4470 0.1281 0.3794 0.0246 0.0099 0.0110
64 0.6177 0.0970 0.2595 0.0158 0.0065 0.0036
65 0.4751 0.0723 0.4001 0.0323 0.0065 0.0136
66 0.4507 0.0881 0.4009 0.0406 0.0080 0.0118
67 0.1411 0.2595 0.5205 0.0380 0.0072 0.0338
68 0.1355 0.3301 0.5151 0.0075 0.0024 0.0092
69 0.1270 0.2448 0.6152 0.0061 0.0022 0.0046
70 0.1328 0.2330 0.6187 0.0066 0.0025 0.0062
71 0.1028 0.3242 0.5518 0.0092 0.0030 0.0091
72 0.1599 0.3660 0.4348 0.0122 0.0057 0.0213
73 0.0990 0.4873 0.3538 0.0110 0.0072 0.0419
74 0.2196 0.2356 0.4470 0.0250 0.0154 0.0573
75 0.4963 0.1116 0.1870 0.0523 0.0261 0.1265
76 0.4863 0.1404 0.2502 0.0355 0.0326 0.0550
77 0.4692 0.1941 0.1809 0.0247 0.0731 0.0578
78 0.5020 0.1279 0.2949 0.0212 0.0174 0.0367
79 0.2250 0.1243 0.3918 0.1038 0.0239 0.1312
80 0.3491 0.1913 0.3491 0.0349 0.0167 0.0588
81 0.1622 0.1089 0.5156 0.0896 0.0189 0.1047
82 0.1901 0.0511 0.2988 0.0970 0.0544 0.3083
83 0.1240 0.0921 0.5303 0.0653 0.0525 0.1361
84 0.1395 0.0453 0.2300 0.1331 0.1069 0.3452
85 0.2180 0.2734 0.4836 0.0065 0.0068 0.0117
86 0.2090 0.3162 0.4287 0.0166 0.0061 0.0234
87 0.1499 0.4075 0.3540 0.0235 0.0267 0.0382
88 0.2761 0.3574 0.3330 0.0062 0.0032 0.0239
89 0.3342 0.2092 0.3789 0.0161 0.0060 0.0555
90 0.2593 0.1225 0.5664 0.0175 0.0251 0.0094
91 0.2321 0.1096 0.5972 0.0248 0.0256 0.0106
92 0.1642 0.2426 0.5596 0.0104 0.0112 0.0121
93 0.1348 0.2257 0.6089 0.0105 0.0055 0.0148
94 0.1356 0.2035 0.6318 0.0130 0.0053 0.0109
95 0.1550 0.1326 0.6841 0.0103 0.0077 0.0104
96 0.1179 0.1117 0.7515 0.0056 0.0075 0.0059
97 0.1522 0.1322 0.5879 0.0649 0.0129 0.0498
98 0.2150 0.3601 0.3687 0.0203 0.0076 0.0284
99 0.2974 0.3264 0.3020 0.0349 0.0101 0.0292
100 0.1364 0.2231 0.3196 0.1079 0.0264 0.1864
101 0.2239 0.3059 0.2808 0.0688 0.0227 0.0978
102 0.2273 0.0941 0.1885 0.1033 0.0562 0.3308
103 0.1534 0.2231 0.3796 0.0494 0.0150 0.1793
104 0.1869 0.2362 0.3955 0.0424 0.0174 0.1216
105 0.2610 0.2510 0.3403 0.0569 0.0166 0.0742
106 0.3574 0.2554 0.3105 0.0322 0.0148 0.0296
107 0.4436 0.1938 0.2842 0.0345 0.0233 0.0204
108 0.3887 0.1158 0.4170 0.0319 0.0254 0.0211
109 0.5435 0.1428 0.2429 0.0316 0.0193 0.0199
110 0.4326 0.0988 0.3477 0.0599 0.0229 0.0381
111 0.2229 0.4363 0.2817 0.0337 0.0100 0.0154
112 0.2585 0.4431 0.2773 0.0057 0.0064 0.0089
113 0.2622 0.3967 0.2903 0.0233 0.0086 0.0191
114 0.2380 0.4626 0.2783 0.0078 0.0054 0.0078
115 0.2925 0.1903 0.2482 0.1318 0.0320 0.1051
116 0.5117 0.1700 0.2218 0.0271 0.0200 0.0491
117 0.3381 0.1768 0.2871 0.0773 0.0359 0.0848
118 0.2412 0.2128 0.3455 0.0747 0.0300 0.0959
119 0.2057 0.1565 0.3040 0.1003 0.0212 0.2123
120 0.4282 0.1785 0.3413 0.0121 0.0296 0.0101
121 0.3088 0.2123 0.4287 0.0254 0.0177 0.0070
122 0.4783 0.0858 0.3696 0.0234 0.0313 0.0116
123 0.1903 0.2090 0.5337 0.0202 0.0077 0.0390
124 0.1370 0.0553 0.4087 0.1931 0.0129 0.1931
125 0.1719 0.1084 0.6143 0.0294 0.0098 0.0663
126 0.1897 0.1399 0.5000 0.0365 0.0105 0.1235
127 0.2142 0.1531 0.5020 0.0242 0.0170 0.0893
128 0.4792 0.2646 0.2354 0.0013 0.0182 0.0013
129 0.6045 0.0533 0.3237 0.0019 0.0155 0.0011
130 0.5596 0.0355 0.3875 0.0003 0.0160 0.0011
131 0.8569 0.0450 0.0692 0.0004 0.0280 0.0005
132 0.7046 0.0597 0.2251 0.0021 0.0065 0.0021
133 0.1858 0.1653 0.5908 0.0308 0.0043 0.0231
134 0.3582 0.2443 0.3782 0.0088 0.0035 0.0070
135 0.2368 0.4060 0.3418 0.0041 0.0054 0.0060
136 0.5752 0.2288 0.1635 0.0136 0.0085 0.0106
137 0.5859 0.1349 0.1858 0.0613 0.0130 0.0191
138 0.2683 0.0500 0.2224 0.2224 0.0075 0.2295
139 0.4807 0.0939 0.3831 0.0200 0.0086 0.0137
140 0.3909 0.1259 0.4194 0.0292 0.0096 0.0250
141 0.3157 0.1117 0.4705 0.0431 0.0118 0.0473
142 0.2808 0.1689 0.4739 0.0677 0.0033 0.0053
143 0.5249 0.1327 0.3062 0.0097 0.0138 0.0130
144 0.2520 0.0912 0.4353 0.1902 0.0112 0.0201
145 0.3125 0.2358 0.4270 0.0073 0.0100 0.0072
146 0.5796 0.0868 0.2959 0.0214 0.0071 0.0094
147 0.3381 0.1536 0.4480 0.0154 0.0201 0.0247
148 0.2507 0.1710 0.4912 0.0403 0.0192 0.0275
149 0.4856 0.0884 0.3638 0.0405 0.0074 0.0144
150 0.1488 0.0828 0.3005 0.4106 0.0152 0.0420
151 0.2676 0.2307 0.2893 0.1755 0.0134 0.0232
152 0.1715 0.2419 0.4963 0.0566 0.0099 0.0238
153 0.1840 0.2476 0.4082 0.1235 0.0118 0.0251
154 0.3457 0.1808 0.3430 0.0923 0.0317 0.0063
155 0.2690 0.3296 0.3455 0.0339 0.0180 0.0039
156 0.4060 0.2350 0.2791 0.0442 0.0318 0.0037
157 0.2454 0.3030 0.4241 0.0179 0.0074 0.0022
158 0.6118 0.1659 0.2048 0.0026 0.0130 0.0020
159 0.6592 0.1093 0.2074 0.0034 0.0172 0.0034
160 0.1243 0.2067 0.6025 0.0158 0.0295 0.0211
161 0.2415 0.2358 0.4763 0.0173 0.0179 0.0110
162 0.1580 0.2408 0.5430 0.0246 0.0138 0.0201
163 0.1559 0.1970 0.5229 0.0573 0.0141 0.0526
164 0.2007 0.2310 0.4775 0.0255 0.0194 0.0458
165 0.2764 0.3035 0.3281 0.0070 0.0823 0.0028
166 0.3096 0.2861 0.3145 0.0077 0.0789 0.0033
167 0.2661 0.2207 0.4390 0.0040 0.0663 0.0039
168 0.2671 0.2395 0.3950 0.0072 0.0847 0.0064
169 0.1913 0.1649 0.3923 0.0698 0.1160 0.0656
170 0.1481 0.2944 0.2703 0.0964 0.1199 0.0710
171 0.1702 0.1841 0.3777 0.0145 0.2477 0.0059
172 0.2683 0.3286 0.3667 0.0095 0.0247 0.0022
173 0.3274 0.2844 0.3540 0.0038 0.0195 0.0106
174 0.3271 0.2888 0.3538 0.0021 0.0231 0.0050
175 0.3845 0.1934 0.3906 0.0031 0.0220 0.0063
176 0.3213 0.1318 0.4939 0.0237 0.0159 0.0135
177 0.2544 0.2045 0.4644 0.0180 0.0302 0.0283
178 0.1700 0.1081 0.2515 0.2593 0.0356 0.1754
179 0.2981 0.2357 0.3826 0.0233 0.0284 0.0319
180 0.2991 0.2347 0.3337 0.0647 0.0047 0.0632
181 0.2195 0.2355 0.2908 0.1384 0.0073 0.1086
182 0.2878 0.0627 0.3337 0.1887 0.0135 0.1136
183 0.2114 0.3433 0.2781 0.1014 0.0048 0.0611
184 0.4802 0.0382 0.3799 0.0597 0.0385 0.0033
185 0.6235 0.0268 0.2725 0.0320 0.0445 0.0009
186 0.6045 0.0205 0.2991 0.0448 0.0259 0.0053
187 0.5254 0.0308 0.3726 0.0336 0.0355 0.0022
188 0.2927 0.3091 0.3044 0.0439 0.0463 0.0036
189 0.2131 0.4238 0.3101 0.0171 0.0340 0.0017
190 0.2357 0.3350 0.3457 0.0382 0.0423 0.0030
191 0.2546 0.4468 0.2487 0.0154 0.0337 0.0011
192 0.2568 0.3403 0.3484 0.0256 0.0260 0.0029
193 0.2710 0.4004 0.2839 0.0160 0.0277 0.0011
194 0.3203 0.2939 0.2871 0.0548 0.0414 0.0028
195 0.4019 0.1346 0.4277 0.0030 0.0072 0.0257
196 0.3682 0.1243 0.4509 0.0085 0.0070 0.0413
197 0.1749 0.2666 0.4431 0.0839 0.0079 0.0235
198 0.1760 0.3728 0.4094 0.0226 0.0045 0.0148
199 0.1624 0.2399 0.4277 0.1057 0.0117 0.0527
200 0.6045 0.0129 0.2024 0.1209 0.0035 0.0558
201 0.5234 0.0130 0.2361 0.1500 0.0070 0.0703
202 0.3218 0.3479 0.2751 0.0069 0.0226 0.0258
203 0.5630 0.2830 0.1390 0.0019 0.0110 0.0022
204 0.4119 0.3284 0.2498 0.0014 0.0074 0.0012
205 0.5107 0.3171 0.1595 0.0011 0.0104 0.0008
206 0.4373 0.4172 0.1323 0.0024 0.0085 0.0024
207 0.4246 0.3491 0.2006 0.0032 0.0202 0.0023
208 0.2262 0.4001 0.3369 0.0217 0.0099 0.0051
209 0.2678 0.4590 0.2556 0.0062 0.0075 0.0038
210 0.1852 0.2198 0.5791 0.0078 0.0021 0.0059
211 0.2485 0.2390 0.5059 0.0029 0.0016 0.0021
212 0.4126 0.1119 0.2881 0.1494 0.0199 0.0180
213 0.3479 0.1669 0.3269 0.1240 0.0144 0.0199
214 0.8315 0.0617 0.0883 0.0011 0.0170 0.0003
215 0.8086 0.0669 0.0951 0.0023 0.0264 0.0006
216 0.6504 0.1364 0.1864 0.0076 0.0167 0.0027
217 0.5024 0.1863 0.2932 0.0047 0.0095 0.0039
218 0.5342 0.1531 0.2883 0.0049 0.0148 0.0046
219 0.6104 0.1351 0.2372 0.0033 0.0114 0.0024
220 0.0862 0.2593 0.6172 0.0105 0.0111 0.0155
221 0.1353 0.2588 0.5229 0.0096 0.0127 0.0610
222 0.0898 0.2136 0.6279 0.0253 0.0041 0.0392
223 0.1152 0.3384 0.5161 0.0073 0.0053 0.0178
224 0.1483 0.4360 0.3728 0.0134 0.0056 0.0238
225 0.0934 0.3638 0.4897 0.0107 0.0057 0.0366
226 0.4084 0.0682 0.3083 0.0870 0.0191 0.1091
227 0.4497 0.1003 0.2903 0.0851 0.0138 0.0609
228 0.5059 0.0628 0.2125 0.1044 0.0207 0.0936
229 0.5786 0.0681 0.2063 0.0654 0.0151 0.0665
230 0.3091 0.0950 0.1995 0.2561 0.0193 0.1210
231 0.1477 0.0676 0.2551 0.3599 0.0175 0.1523
232 0.3970 0.0390 0.1965 0.2297 0.0090 0.1289
233 0.1659 0.0861 0.5112 0.0625 0.0059 0.1686
234 0.1947 0.1277 0.5132 0.0812 0.0234 0.0598
235 0.2659 0.0994 0.4055 0.0727 0.0063 0.1503
236 0.3347 0.2195 0.4165 0.0063 0.0082 0.0149
237 0.3843 0.3340 0.2664 0.0028 0.0069 0.0057
238 0.0578 0.0197 0.2360 0.4272 0.0122 0.2472
239 0.0940 0.0182 0.1134 0.3230 0.0099 0.4414
240 0.4082 0.1099 0.4211 0.0249 0.0062 0.0298
241 0.2212 0.1428 0.5737 0.0284 0.0052 0.0286
242 0.2532 0.3569 0.3740 0.0044 0.0064 0.0052
243 0.5044 0.0473 0.2876 0.0280 0.0251 0.1074
244 0.6069 0.0765 0.2590 0.0081 0.0162 0.0334
245 0.1406 0.2281 0.5781 0.0107 0.0031 0.0393
246 0.1798 0.2118 0.5537 0.0267 0.0049 0.0230
247 0.8340 0.0422 0.0989 0.0199 0.0007 0.0041
248 0.3745 0.1649 0.3987 0.0157 0.0386 0.0074
249 0.2423 0.1589 0.4971 0.0274 0.0244 0.0500
250 0.1553 0.3137 0.4495 0.0202 0.0204 0.0408
251 0.1097 0.4995 0.3225 0.0324 0.0188 0.0170
252 0.0773 0.2874 0.5454 0.0282 0.0155 0.0465
253 0.1133 0.3462 0.4807 0.0168 0.0144 0.0286
254 0.1252 0.4043 0.4172 0.0219 0.0061 0.0251
255 0.1306 0.1716 0.6328 0.0220 0.0175 0.0255
256 0.0911 0.1757 0.6685 0.0240 0.0152 0.0257
257 0.0909 0.1686 0.6670 0.0251 0.0332 0.0152
258 0.1652 0.3442 0.4250 0.0224 0.0330 0.0104
259 0.3176 0.1388 0.4207 0.0472 0.0251 0.0507
260 0.3162 0.1692 0.3611 0.0757 0.0283 0.0496
261 0.1069 0.1791 0.6602 0.0224 0.0159 0.0155
262 0.0941 0.1613 0.6895 0.0227 0.0178 0.0148
263 0.1228 0.1589 0.6333 0.0246 0.0182 0.0421
264 0.0671 0.1713 0.6934 0.0235 0.0107 0.0340
265 0.1182 0.2026 0.5298 0.0858 0.0093 0.0545
266 0.1187 0.3008 0.5195 0.0210 0.0239 0.0162
267 0.1877 0.1157 0.5737 0.0266 0.0353 0.0609
268 0.1550 0.2786 0.5366 0.0079 0.0177 0.0043
269 0.1715 0.2896 0.4924 0.0109 0.0276 0.0080
270 0.0977 0.2382 0.5200 0.0709 0.0215 0.0515
271 0.0815 0.4729 0.3569 0.0391 0.0300 0.0194
272 0.1226 0.2515 0.5322 0.0269 0.0398 0.0267
273 0.1265 0.1000 0.4082 0.2151 0.0472 0.1032
274 0.1682 0.2142 0.5513 0.0264 0.0347 0.0050
275 0.1385 0.0909 0.6460 0.0719 0.0113 0.0416
276 0.1622 0.1304 0.6270 0.0172 0.0208 0.0423
277 0.1942 0.0755 0.4807 0.1868 0.0210 0.0417
278 0.4431 0.0442 0.1804 0.1028 0.0546 0.1749
279 0.3816 0.0541 0.3586 0.0701 0.0287 0.1068
280 0.2312 0.0617 0.5132 0.1257 0.0089 0.0594
281 0.1583 0.1123 0.2913 0.3682 0.0170 0.0530
282 0.1567 0.0513 0.3645 0.3267 0.0215 0.0794
283 0.2063 0.0426 0.2301 0.4368 0.0321 0.0522
284 0.2532 0.0809 0.1293 0.3005 0.0725 0.1635
285 0.1761 0.0807 0.1036 0.3091 0.0399 0.2905
286 0.1136 0.1553 0.1349 0.1288 0.0181 0.4492
287 0.1136 0.1553 0.1349 0.1288 0.0181 0.4492
288 0.5034 0.2693 0.1659 0.0356 0.0218 0.0041
289 0.6934 0.1597 0.1262 0.0061 0.0142 0.0005
290 0.6855 0.1603 0.1329 0.0065 0.0143 0.0005
291 0.6870 0.1556 0.1353 0.0075 0.0140 0.0005
292 0.6870 0.1556 0.1353 0.0075 0.0140 0.0005
