time exciting_prob fearful_prob tense_prob sad_prob relaxing_prob neutral_prob
0 0.1711 0.0784 0.0861 0.2734 0.0660 0.3250
1 0.0921 0.0679 0.1004 0.1416 0.0800 0.5181
2 0.0767 0.0491 0.1366 0.0939 0.0503 0.5933
3 0.4207 0.1177 0.2252 0.0132 0.1007 0.1224
4 0.0701 0.3289 0.3613 0.0563 0.1628 0.0205
5 0.0422 0.2112 0.4006 0.1222 0.0853 0.1384
6 0.2820 0.0530 0.2319 0.1322 0.1176 0.1835
7 0.2964 0.0565 0.2052 0.0947 0.2554 0.0918
8 0.1221 0.2211 0.2045 0.1240 0.2317 0.0966
9 0.0983 0.0945 0.5835 0.0556 0.1262 0.0416
10 0.1686 0.1055 0.3979 0.1158 0.0888 0.1233
11 0.1202 0.1241 0.4434 0.1342 0.1013 0.0770
12 0.0872 0.1802 0.0576 0.0328 0.6240 0.0181
13 0.0901 0.3398 0.1877 0.0233 0.3347 0.0242
14 0.2615 0.1108 0.2400 0.2037 0.1637 0.0202
15 0.1716 0.1379 0.2764 0.1180 0.1960 0.1001
16 0.2114 0.0797 0.1488 0.0365 0.3250 0.1986
17 0.1317 0.1287 0.4385 0.0310 0.1626 0.1075
18 0.1000 0.1675 0.5000 0.0961 0.0388 0.0977
19 0.1469 0.0780 0.3694 0.0335 0.0891 0.2832
20 0.1875 0.0467 0.2261 0.1904 0.0679 0.2815
21 0.0381 0.0033 0.0331 0.0563 0.0152 0.8540
22 0.1077 0.0372 0.3242 0.0238 0.0425 0.4644
23 0.0861 0.1089 0.3276 0.0848 0.0154 0.3772
24 0.1058 0.1887 0.3582 0.1931 0.0608 0.0934
25 0.1770 0.1785 0.3691 0.1870 0.0291 0.0593
26 0.2869 0.2825 0.1609 0.2341 0.0291 0.0065
27 0.0448 0.2401 0.3335 0.2896 0.0850 0.0071
28 0.1266 0.2222 0.5498 0.0335 0.0259 0.0421
29 0.0425 0.0339 0.0833 0.0237 0.0690 0.7476
30 0.1158 0.4136 0.2214 0.1022 0.1006 0.0464
31 0.0938 0.3198 0.4954 0.0273 0.0342 0.0293
32 0.0402 0.4976 0.4189 0.0121 0.0190 0.0123
33 0.0931 0.3457 0.4509 0.0620 0.0397 0.0086
34 0.0506 0.5029 0.3979 0.0218 0.0065 0.0203
35 0.0406 0.6714 0.2754 0.0045 0.0037 0.0044
36 0.0356 0.3225 0.5317 0.0506 0.0552 0.0045
37 0.0721 0.2152 0.4084 0.1357 0.0458 0.1226
38 0.0567 0.2664 0.2903 0.2484 0.0942 0.0438
39 0.0341 0.4426 0.3088 0.1591 0.0290 0.0264
40 0.0518 0.0404 0.0606 0.6367 0.0709 0.1398
41 0.0291 0.1813 0.5122 0.1813 0.0300 0.0662
42 0.2773 0.0873 0.0915 0.3911 0.0217 0.1310
43 0.4229 0.2335 0.2905 0.0069 0.0432 0.0030
44 0.1091 0.3206 0.3691 0.0602 0.0817 0.0593
45 0.1128 0.3906 0.3557 0.0459 0.0432 0.0520
46 0.1759 0.2520 0.2900 0.1678 0.0627 0.0516
47 0.0453 0.1343 0.1301 0.5835 0.0923 0.0145
48 0.1530 0.2191 0.3999 0.0806 0.1191 0.0283
49 0.4189 0.0210 0.2058 0.1146 0.0493 0.1903
50 0.1592 0.1935 0.2859 0.1775 0.1655 0.0184
51 0.3210 0.3259 0.0462 0.1652 0.1075 0.0341
52 0.3101 0.1333 0.0841 0.0796 0.3274 0.0655
53 0.1127 0.1403 0.1436 0.0384 0.5054 0.0599
54 0.1538 0.2534 0.2874 0.1929 0.0208 0.0918
55 0.0983 0.0552 0.2759 0.4917 0.0616 0.0175
56 0.0784 0.3354 0.2654 0.1674 0.0714 0.0822
57 0.0753 0.2489 0.2693 0.2267 0.0945 0.0854
58 0.0486 0.3430 0.3679 0.1429 0.0530 0.0443
59 0.0533 0.2544 0.3240 0.2092 0.0595 0.0996
60 0.0445 0.3530 0.2244 0.2881 0.0668 0.0231
61 0.4028 0.1666 0.1238 0.0477 0.1678 0.0913
62 0.3896 0.1785 0.1625 0.0312 0.2102 0.0278
63 0.4050 0.1840 0.1422 0.0687 0.0849 0.1151
64 0.5479 0.0654 0.0394 0.1166 0.0834 0.1475
65 0.4695 0.1727 0.0815 0.1015 0.0709 0.1039
66 0.1202 0.1776 0.0813 0.3267 0.0865 0.2076
67 0.0663 0.0199 0.1127 0.3933 0.0143 0.3933
68 0.0327 0.0440 0.0548 0.0693 0.0661 0.7329
69 0.0243 0.0255 0.0518 0.0370 0.0120 0.8496
70 0.0882 0.0842 0.1324 0.1987 0.0343 0.4622
71 0.1866 0.3250 0.1866 0.0514 0.0288 0.2216
72 0.1566 0.0950 0.2042 0.0906 0.1566 0.2971
73 0.1124 0.0640 0.3354 0.3462 0.0362 0.1056
74 0.1257 0.2258 0.4353 0.1481 0.0378 0.0274
75 0.2140 0.1278 0.1448 0.0431 0.1257 0.3445
76 0.1553 0.1210 0.0844 0.4636 0.0899 0.0858
77 0.2357 0.3594 0.2756 0.0309 0.0282 0.0703
78 0.3938 0.1720 0.0819 0.0690 0.0806 0.2028
79 0.2849 0.1501 0.1008 0.1854 0.0889 0.1898
80 0.0679 0.1833 0.2263 0.1593 0.0586 0.3047
81 0.0731 0.4170 0.3738 0.0635 0.0464 0.0262
82 0.0629 0.3118 0.4197 0.0922 0.0456 0.0679
83 0.1102 0.3528 0.1329 0.0627 0.3237 0.0176
84 0.0607 0.1613 0.0466 0.1074 0.5854 0.0386
85 0.1755 0.3521 0.1611 0.1295 0.1444 0.0374
86 0.1085 0.1019 0.3213 0.2208 0.2074 0.0402
87 0.0053 0.7334 0.1943 0.0515 0.0130 0.0026
88 0.0076 0.6646 0.0872 0.2225 0.0092 0.0089
89 0.0238 0.6392 0.0728 0.2141 0.0399 0.0102
90 0.0338 0.3181 0.1870 0.3550 0.0830 0.0230
91 0.0136 0.5513 0.3140 0.0729 0.0435 0.0050
92 0.0371 0.1010 0.1144 0.4456 0.1978 0.1042
93 0.0200 0.4456 0.0580 0.1153 0.3469 0.0141
94 0.1589 0.0508 0.0079 0.1199 0.0142 0.6484
95 0.1945 0.1743 0.0677 0.1664 0.0134 0.3838
96 0.0702 0.0423 0.0235 0.1312 0.0125 0.7202
97 0.1304 0.0737 0.0417 0.0961 0.0362 0.6221
98 0.0497 0.0878 0.0529 0.2561 0.2444 0.3091
99 0.2493 0.0487 0.1263 0.0443 0.3328 0.1987
100 0.1874 0.1278 0.1918 0.2350 0.1110 0.1471
101 0.2969 0.1381 0.2206 0.2766 0.0500 0.0177
102 0.0923 0.3403 0.2321 0.1322 0.1385 0.0645
103 0.0916 0.2163 0.1620 0.1808 0.2471 0.1022
104 0.2402 0.3721 0.1960 0.1552 0.0301 0.0064
105 0.0826 0.0936 0.5142 0.1202 0.0089 0.1804
106 0.0293 0.3049 0.5693 0.0279 0.0090 0.0595
107 0.0721 0.2421 0.2402 0.1564 0.2136 0.0756
108 0.0625 0.2844 0.3223 0.1725 0.0300 0.1282
109 0.0430 0.1912 0.0461 0.1089 0.0404 0.5703
110 0.0582 0.4370 0.1114 0.0630 0.0324 0.2981
111 0.0740 0.3315 0.4258 0.0442 0.0633 0.0613
112 0.0591 0.5269 0.3196 0.0297 0.0542 0.0105
113 0.0505 0.5605 0.3049 0.0281 0.0446 0.0111
114 0.2578 0.2478 0.3335 0.0263 0.0978 0.0368
115 0.2605 0.2795 0.3479 0.0331 0.0439 0.0350
116 0.1464 0.1365 0.1534 0.3596 0.0790 0.1252
117 0.0587 0.4758 0.2671 0.0490 0.0109 0.1385
118 0.0685 0.3145 0.3794 0.0867 0.0155 0.1353
119 0.1101 0.1641 0.4189 0.2041 0.0878 0.0151
120 0.2437 0.3743 0.2494 0.0535 0.0760 0.0030
121 0.1039 0.2847 0.5156 0.0376 0.0440 0.0141
122 0.3853 0.2754 0.1462 0.0707 0.0735 0.0490
123 0.0346 0.0956 0.1392 0.6851 0.0234 0.0222
124 0.1299 0.1268 0.1309 0.4785 0.0533 0.0806
125 0.2949 0.1733 0.2603 0.0384 0.2010 0.0323
126 0.0935 0.2542 0.4324 0.0442 0.1578 0.0177
127 0.0988 0.1818 0.1438 0.0764 0.4902 0.0090
128 0.1652 0.2620 0.4219 0.0434 0.0127 0.0948
129 0.1073 0.1305 0.1989 0.2325 0.0276 0.3032
130 0.1143 0.1743 0.1479 0.1082 0.0338 0.4214
131 0.2185 0.2783 0.0897 0.1649 0.0631 0.1854
132 0.1229 0.2333 0.0950 0.2124 0.1382 0.1980
133 0.1346 0.0761 0.1411 0.4348 0.0404 0.1730
134 0.1141 0.3274 0.1465 0.0803 0.3274 0.0043
135 0.1846 0.2244 0.4226 0.1299 0.0190 0.0196
136 0.2261 0.2123 0.3669 0.0831 0.0717 0.0399
137 0.2135 0.4382 0.1703 0.0496 0.1207 0.0077
138 0.0645 0.0146 0.0687 0.6216 0.0854 0.1454
139 0.1299 0.0489 0.2837 0.2209 0.1183 0.1981
140 0.1492 0.3037 0.1208 0.1117 0.2920 0.0227
141 0.3069 0.3730 0.1165 0.0339 0.1567 0.0128
142 0.3210 0.0549 0.1010 0.4187 0.0244 0.0799
143 0.6421 0.0856 0.0125 0.0755 0.0142 0.1702
144 0.0181 0.0075 0.0332 0.0797 0.0307 0.8306
145 0.1755 0.1675 0.3547 0.0810 0.0330 0.1884
146 0.1031 0.0430 0.1500 0.2634 0.0261 0.4143
147 0.1028 0.0974 0.1373 0.0422 0.5737 0.0467
148 0.0822 0.1064 0.2474 0.2399 0.2634 0.0606
149 0.1853 0.0565 0.2306 0.0992 0.1942 0.2343
150 0.1919 0.0474 0.2426 0.1060 0.1948 0.2174
151 0.0656 0.2051 0.3354 0.0588 0.3228 0.0123
152 0.0637 0.0202 0.0858 0.1678 0.1119 0.5508
153 0.0630 0.0332 0.1056 0.2201 0.0499 0.5278
154 0.1718 0.3335 0.2598 0.0811 0.0169 0.1370
155 0.0743 0.7280 0.1188 0.0553 0.0077 0.0158
156 0.0362 0.7568 0.1702 0.0199 0.0112 0.0060
157 0.1804 0.4067 0.1147 0.0509 0.0313 0.2159
158 0.2150 0.0910 0.2183 0.0443 0.3030 0.1283
159 0.1661 0.0461 0.1825 0.0804 0.3306 0.1943
160 0.0676 0.3325 0.3540 0.1672 0.0420 0.0367
161 0.0441 0.2722 0.3037 0.2440 0.0941 0.0417
162 0.0661 0.2849 0.5000 0.0420 0.0075 0.0992
163 0.1089 0.1635 0.5361 0.0574 0.0286 0.1055
164 0.0971 0.0941 0.1814 0.1287 0.3552 0.1436
165 0.0720 0.2437 0.3716 0.1245 0.0407 0.1477
166 0.0706 0.3396 0.4941 0.0358 0.0101 0.0497
167 0.1223 0.0888 0.0808 0.1940 0.4800 0.0342
168 0.2742 0.1433 0.0616 0.1346 0.3105 0.0756
169 0.1186 0.3027 0.2216 0.0239 0.0206 0.3125
170 0.1021 0.4070 0.1251 0.0309 0.0132 0.3218
171 0.2883 0.1722 0.1777 0.0555 0.0951 0.2111
172 0.2240 0.2347 0.3110 0.0891 0.0762 0.0652
173 0.3547 0.2986 0.1125 0.1125 0.0074 0.1143
174 0.3435 0.1410 0.2218 0.2456 0.0091 0.0388
175 0.0999 0.1687 0.1971 0.3743 0.0076 0.1523
176 0.2605 0.2627 0.3398 0.1279 0.0038 0.0053
177 0.0698 0.3547 0.4414 0.0656 0.0074 0.0612
178 0.0381 0.3843 0.1759 0.3726 0.0208 0.0084
179 0.1337 0.5205 0.1930 0.0978 0.0335 0.0215
180 0.0784 0.4836 0.1262 0.2097 0.0847 0.0173
181 0.1169 0.3687 0.1742 0.3057 0.0174 0.0172
182 0.0793 0.4675 0.2278 0.1615 0.0240 0.0399
183 0.0790 0.5361 0.3406 0.0179 0.0140 0.0125
184 0.1333 0.4915 0.3123 0.0373 0.0197 0.0060
185 0.0974 0.0388 0.7368 0.0555 0.0610 0.0103
186 0.3318 0.1394 0.3760 0.0361 0.0387 0.0782
187 0.4636 0.1392 0.2683 0.0341 0.0603 0.0344
188 0.2566 0.2732 0.2507 0.1439 0.0385 0.0370
189 0.2316 0.3503 0.3369 0.0439 0.0323 0.0048
190 0.1442 0.1476 0.5527 0.0815 0.0443 0.0295
191 0.1163 0.1589 0.4458 0.0920 0.0085 0.1787
192 0.1048 0.1661 0.6782 0.0368 0.0060 0.0082
193 0.0348 0.1809 0.7617 0.0164 0.0033 0.0030
194 0.0513 0.6812 0.0900 0.1005 0.0746 0.0024
195 0.0533 0.0533 0.0197 0.0098 0.8594 0.0045
196 0.0337 0.4077 0.0709 0.4207 0.0597 0.0073
197 0.1096 0.5742 0.1864 0.0482 0.0802 0.0012
198 0.1266 0.2240 0.2479 0.1976 0.1731 0.0308
199 0.1243 0.3252 0.4880 0.0506 0.0089 0.0031
200 0.1849 0.4507 0.3247 0.0275 0.0072 0.0049
201 0.1622 0.2455 0.4585 0.1141 0.0089 0.0106
202 0.2651 0.3352 0.2629 0.0645 0.0391 0.0332
203 0.1555 0.0306 0.1543 0.3789 0.0361 0.2446
204 0.4009 0.1396 0.2888 0.0573 0.1087 0.0048
205 0.2798 0.3794 0.1521 0.0235 0.1486 0.0167
206 0.1368 0.1575 0.3059 0.0792 0.0786 0.2421
207 0.0967 0.2433 0.4543 0.1204 0.0353 0.0498
208 0.0745 0.0572 0.6143 0.0613 0.1788 0.0137
209 0.2191 0.1996 0.3848 0.0604 0.0599 0.0764
210 0.0188 0.4087 0.1758 0.1189 0.2764 0.0015
211 0.0319 0.2568 0.6157 0.0502 0.0059 0.0394
212 0.1260 0.2566 0.1427 0.0649 0.1193 0.2905
213 0.3511 0.2321 0.1333 0.0426 0.0967 0.1442
214 0.0182 0.2435 0.2554 0.4016 0.0458 0.0356
215 0.3975 0.1184 0.2646 0.1053 0.0586 0.0555
216 0.0191 0.6943 0.1367 0.0738 0.0320 0.0440
217 0.0199 0.8208 0.1019 0.0331 0.0154 0.0090
218 0.0245 0.3577 0.4963 0.0919 0.0088 0.0208
219 0.1332 0.0319 0.2249 0.4333 0.0582 0.1185
220 0.0483 0.1621 0.3711 0.3076 0.0413 0.0697
221 0.0842 0.0437 0.2759 0.0692 0.5078 0.0194
222 0.0435 0.1748 0.3115 0.1394 0.2544 0.0764
223 0.0739 0.5049 0.3416 0.0251 0.0112 0.0434
224 0.0948 0.2346 0.1638 0.3809 0.0383 0.0876
225 0.0360 0.4385 0.3157 0.1306 0.0672 0.0121
226 0.0318 0.1528 0.2294 0.1992 0.3135 0.0733
227 0.0528 0.3811 0.3040 0.0762 0.1296 0.0562
228 0.1543 0.1520 0.2952 0.1819 0.0199 0.1967
229 0.0745 0.1392 0.5093 0.2090 0.0153 0.0528
230 0.0085 0.6660 0.1632 0.0974 0.0639 0.0011
231 0.0244 0.5586 0.1370 0.0536 0.2222 0.0043
232 0.0357 0.2808 0.6230 0.0265 0.0042 0.0296
233 0.0884 0.1704 0.1126 0.3135 0.1527 0.1626
234 0.1750 0.1321 0.3374 0.1544 0.1521 0.0490
235 0.1134 0.2920 0.2021 0.1743 0.1515 0.0667
236 0.0610 0.2910 0.2820 0.2546 0.0654 0.0460
237 0.0624 0.1261 0.1342 0.2710 0.3706 0.0358
238 0.4492 0.0805 0.1127 0.0964 0.0133 0.2480
239 0.1926 0.4844 0.2003 0.0239 0.0790 0.0198
240 0.1565 0.2057 0.2443 0.0285 0.3552 0.0098
241 0.0844 0.0898 0.1843 0.0294 0.5952 0.0169
242 0.1213 0.0426 0.2266 0.3914 0.0649 0.1533
243 0.0193 0.4126 0.1642 0.3584 0.0405 0.0048
244 0.0279 0.2161 0.3853 0.2030 0.1631 0.0046
245 0.1086 0.5469 0.2142 0.1069 0.0214 0.0020
246 0.0897 0.4417 0.3896 0.0333 0.0247 0.0210
247 0.1039 0.1387 0.1852 0.2715 0.2234 0.0772
248 0.1595 0.2001 0.5229 0.0582 0.0084 0.0506
249 0.1224 0.1768 0.4241 0.0748 0.1584 0.0433
250 0.0938 0.1571 0.3540 0.1243 0.1780 0.0931
251 0.0875 0.0961 0.3252 0.1714 0.0047 0.3152
252 0.1332 0.2776 0.4578 0.0573 0.0057 0.0685
253 0.0386 0.7632 0.0780 0.0602 0.0593 0.0006
254 0.0259 0.3442 0.2854 0.0667 0.2744 0.0034
255 0.0141 0.2045 0.1342 0.0358 0.6104 0.0010
256 0.0287 0.1356 0.7686 0.0276 0.0022 0.0374
257 0.0237 0.7539 0.1439 0.0712 0.0045 0.0025
258 0.0381 0.1165 0.0415 0.0071 0.7959 0.0007
259 0.0854 0.0991 0.0273 0.0026 0.7852 0.0005
260 0.0683 0.1588 0.0267 0.0057 0.7402 0.0002
261 0.1289 0.2563 0.4863 0.0281 0.0287 0.0717
262 0.0080 0.0090 0.0054 0.0103 0.9658 0.0013
263 0.0203 0.1649 0.0810 0.0588 0.6733 0.0018
264 0.0525 0.1567 0.0690 0.1722 0.5474 0.0023
265 0.0395 0.7163 0.1444 0.0444 0.0365 0.0188
266 0.0193 0.7632 0.1576 0.0333 0.0115 0.0150
267 0.0144 0.0986 0.1135 0.7173 0.0310 0.0253
268 0.0486 0.2886 0.3591 0.1750 0.0820 0.0464
269 0.0891 0.1885 0.4182 0.1143 0.0236 0.1664
270 0.2944 0.1492 0.3062 0.0164 0.2275 0.0064
271 0.2389 0.2727 0.1340 0.0166 0.3215 0.0163
272 0.1399 0.1688 0.4277 0.0646 0.0404 0.1586
273 0.1766 0.2048 0.3123 0.1823 0.0218 0.1022
274 0.5225 0.0930 0.0453 0.0092 0.2030 0.1271
275 0.1716 0.2419 0.1433 0.1514 0.1305 0.1611
276 0.0493 0.1164 0.0995 0.5054 0.1298 0.0995
277 0.0574 0.2612 0.4802 0.1080 0.0271 0.0660
278 0.0834 0.1793 0.2649 0.3147 0.1440 0.0135
279 0.2240 0.4524 0.1772 0.0455 0.0811 0.0197
280 0.0406 0.7041 0.1780 0.0479 0.0189 0.0104
281 0.0237 0.2228 0.4573 0.2566 0.0031 0.0367
282 0.0135 0.2253 0.0385 0.7051 0.0046 0.0128
283 0.5503 0.0837 0.0071 0.1010 0.0141 0.2441
284 0.2401 0.1143 0.0589 0.0386 0.5410 0.0068
285 0.2495 0.3804 0.2036 0.0398 0.0925 0.0343
286 0.1471 0.1094 0.2583 0.0563 0.4094 0.0195
287 0.4243 0.2554 0.0597 0.0291 0.1989 0.0325
288 0.2051 0.2825 0.1477 0.1838 0.0200 0.1610
289 0.0757 0.1628 0.0928 0.0906 0.5728 0.0050
290 0.0938 0.0990 0.1213 0.3594 0.1924 0.1343
291 0.1251 0.1558 0.3147 0.1022 0.2776 0.0246
292 0.0262 0.4507 0.2230 0.2776 0.0059 0.0165
293 0.0187 0.7241 0.1404 0.1027 0.0041 0.0098
294 0.0755 0.6274 0.2495 0.0203 0.0188 0.0085
295 0.1074 0.3718 0.4702 0.0104 0.0327 0.0074
296 0.0706 0.5420 0.2444 0.0283 0.0378 0.0769
297 0.2208 0.1517 0.1720 0.0250 0.4290 0.0014
298 0.3193 0.1212 0.1342 0.1094 0.2908 0.0254
299 0.0595 0.0428 0.0669 0.4363 0.1682 0.2263
300 0.2040 0.1719 0.1705 0.2073 0.1902 0.0562
301 0.2627 0.2839 0.2095 0.0464 0.1709 0.0266
302 0.0269 0.4885 0.3057 0.1586 0.0108 0.0093
303 0.0471 0.4299 0.3735 0.1417 0.0029 0.0050
304 0.0337 0.4729 0.3743 0.0976 0.0178 0.0037
305 0.0063 0.9141 0.0617 0.0145 0.0029 0.0005
306 0.0313 0.1935 0.6650 0.0590 0.0040 0.0474
307 0.0338 0.0599 0.0418 0.2727 0.5864 0.0056
308 0.0411 0.1228 0.0668 0.0728 0.6958 0.0006
309 0.0258 0.0680 0.0311 0.1193 0.7539 0.0018
310 0.0347 0.0900 0.0418 0.1019 0.7300 0.0014
311 0.0879 0.0764 0.0921 0.6196 0.0717 0.0525
