time exciting_prob fearful_prob tense_prob sad_prob relaxing_prob neutral_prob
0 0.1136 0.1553 0.1349 0.1288 0.0181 0.4492
1 0.2617 0.3523 0.3750 0.0043 0.0055 0.0011
2 0.3088 0.1815 0.4858 0.0096 0.0109 0.0034
3 0.3635 0.1447 0.4668 0.0091 0.0113 0.0044
4 0.3044 0.1555 0.5181 0.0053 0.0146 0.0021
5 0.6772 0.0725 0.0487 0.0991 0.0938 0.0089
6 0.2224 0.2405 0.3137 0.0995 0.0580 0.0657
7 0.2148 0.2473 0.3516 0.0778 0.0815 0.0271
8 0.3184 0.2788 0.2189 0.0627 0.0575 0.0637
9 0.1495 0.4163 0.3069 0.0664 0.0364 0.0244
10 0.2102 0.1445 0.5669 0.0274 0.0255 0.0253
11 0.2607 0.2213 0.4578 0.0109 0.0436 0.0056
12 0.3320 0.1331 0.4829 0.0118 0.0329 0.0072
13 0.3613 0.1239 0.4568 0.0173 0.0304 0.0103
14 0.3125 0.1823 0.1595 0.2147 0.0247 0.1063
15 0.2551 0.2361 0.2717 0.1377 0.0611 0.0382
16 0.2471 0.2395 0.4302 0.0601 0.0193 0.0037
17 0.4019 0.1599 0.2534 0.1478 0.0293 0.0076
18 0.2532 0.0661 0.2983 0.2654 0.0345 0.0822
19 0.3938 0.1011 0.3477 0.1174 0.0369 0.0031
20 0.0911 0.0374 0.4343 0.3179 0.0178 0.1016
21 0.0367 0.0815 0.6406 0.2250 0.0064 0.0097
22 0.0936 0.1891 0.4944 0.1183 0.0629 0.0415
23 0.1107 0.1648 0.2695 0.3743 0.0379 0.0427
24 0.1896 0.1672 0.3828 0.1454 0.0815 0.0334
25 0.2834 0.2522 0.3904 0.0258 0.0355 0.0128
26 0.1971 0.2590 0.2869 0.1511 0.0312 0.0748
27 0.2710 0.0974 0.3591 0.2161 0.0361 0.0204
28 0.2688 0.2751 0.3345 0.0866 0.0158 0.0192
29 0.1689 0.1091 0.2874 0.3359 0.0208 0.0779
30 0.4756 0.0229 0.0319 0.3645 0.0997 0.0055
31 0.1009 0.1236 0.7339 0.0205 0.0114 0.0097
32 0.3611 0.2705 0.2123 0.0775 0.0520 0.0266
33 0.1653 0.2009 0.3904 0.1948 0.0177 0.0308
34 0.2054 0.2087 0.4595 0.0963 0.0234 0.0067
35 0.2805 0.1688 0.3230 0.1455 0.0414 0.0407
36 0.2291 0.1991 0.2365 0.2186 0.0242 0.0926
37 0.2203 0.0940 0.5366 0.1170 0.0185 0.0133
38 0.4355 0.3237 0.2090 0.0132 0.0176 0.0008
39 0.1141 0.1273 0.5356 0.2002 0.0085 0.0142
40 0.1580 0.0872 0.3450 0.2408 0.0135 0.1555
41 0.3503 0.2142 0.3396 0.0542 0.0381 0.0034
42 0.4104 0.4233 0.1462 0.0061 0.0127 0.0013
43 0.3113 0.1888 0.4124 0.0512 0.0246 0.0118
44 0.2598 0.1161 0.2292 0.2764 0.0151 0.1033
45 0.1726 0.2081 0.4729 0.0861 0.0362 0.0241
46 0.5020 0.2544 0.1630 0.0311 0.0412 0.0084
47 0.4133 0.2688 0.2247 0.0270 0.0639 0.0022
48 0.2847 0.4275 0.1912 0.0476 0.0468 0.0022
49 0.1605 0.0629 0.1906 0.4573 0.0463 0.0826
50 0.1948 0.1042 0.2925 0.3418 0.0466 0.0201
51 0.4211 0.3716 0.1755 0.0133 0.0178 0.0005
52 0.1676 0.0955 0.3660 0.2382 0.0263 0.1065
53 0.2166 0.1740 0.4443 0.1355 0.0216 0.0081
54 0.2983 0.1598 0.3601 0.0661 0.0527 0.0630
55 0.4133 0.3071 0.2467 0.0207 0.0101 0.0021
56 0.0990 0.0901 0.3271 0.2712 0.1533 0.0591
57 0.4844 0.1560 0.1882 0.1294 0.0398 0.0023
58 0.3359 0.2830 0.3577 0.0132 0.0091 0.0012
59 0.1912 0.1622 0.1782 0.2871 0.0126 0.1687
60 0.3672 0.1681 0.0928 0.1875 0.0643 0.1201
61 0.1864 0.1953 0.4685 0.0457 0.0990 0.0052
62 0.1434 0.2292 0.2039 0.3308 0.0870 0.0056
63 0.1302 0.1409 0.2551 0.3599 0.0778 0.0362
64 0.0490 0.2527 0.5786 0.0847 0.0271 0.0081
65 0.1716 0.1152 0.2556 0.3806 0.0251 0.0519
66 0.2460 0.0549 0.3840 0.2620 0.0246 0.0287
67 0.1667 0.2012 0.4497 0.1129 0.0299 0.0396
68 0.0569 0.0635 0.6216 0.2358 0.0191 0.0034
69 0.1598 0.0656 0.6416 0.1064 0.0237 0.0028
70 0.1040 0.0469 0.5532 0.2615 0.0303 0.0041
71 0.4487 0.2153 0.1479 0.1652 0.0174 0.0053
72 0.0375 0.7720 0.1520 0.0331 0.0025 0.0029
73 0.0930 0.2064 0.3376 0.2231 0.0137 0.1261
74 0.0703 0.0376 0.5444 0.3201 0.0243 0.0032
75 0.0131 0.0775 0.4824 0.3315 0.0036 0.0920
76 0.1632 0.1096 0.4233 0.2507 0.0078 0.0453
77 0.0980 0.1299 0.3164 0.4192 0.0098 0.0268
78 0.1023 0.1072 0.2915 0.4805 0.0083 0.0104
79 0.0592 0.1971 0.6167 0.1072 0.0175 0.0021
80 0.1528 0.0700 0.3555 0.3904 0.0104 0.0209
81 0.0869 0.0349 0.3438 0.5161 0.0110 0.0073
82 0.0072 0.0613 0.9004 0.0162 0.0025 0.0122
83 0.0094 0.0229 0.9453 0.0150 0.0008 0.0064
84 0.1919 0.2042 0.3066 0.1238 0.1666 0.0069
85 0.0379 0.6211 0.2358 0.0854 0.0025 0.0171
86 0.0735 0.6152 0.2646 0.0425 0.0015 0.0024
87 0.0588 0.1326 0.2086 0.5762 0.0083 0.0157
88 0.0449 0.0231 0.6099 0.2583 0.0516 0.0124
89 0.0288 0.0989 0.5264 0.3047 0.0275 0.0140
90 0.0430 0.1313 0.5708 0.2067 0.0198 0.0286
91 0.5010 0.1976 0.2703 0.0162 0.0144 0.0005
92 0.0977 0.1741 0.6074 0.0992 0.0129 0.0085
93 0.2332 0.0957 0.3289 0.1628 0.1530 0.0266
94 0.1764 0.1353 0.3196 0.1194 0.2338 0.0157
95 0.1542 0.2812 0.4255 0.0793 0.0372 0.0226
96 0.3691 0.0786 0.4521 0.0593 0.0265 0.0144
97 0.0056 0.2637 0.2515 0.4346 0.0197 0.0251
98 0.0057 0.1628 0.2727 0.5098 0.0141 0.0349
99 0.0059 0.3533 0.4329 0.1748 0.0103 0.0229
100 0.0118 0.2969 0.4744 0.1772 0.0170 0.0227
101 0.0138 0.1066 0.6035 0.2327 0.0263 0.0171
102 0.0334 0.1138 0.7715 0.0460 0.0318 0.0035
103 0.0110 0.0944 0.1130 0.6758 0.0231 0.0826
104 0.0061 0.2168 0.2101 0.5449 0.0084 0.0135
105 0.0087 0.4187 0.3582 0.1801 0.0249 0.0097
106 0.0126 0.5024 0.3096 0.0600 0.0741 0.0413
107 0.0229 0.3218 0.4329 0.1428 0.0367 0.0429
108 0.1237 0.0926 0.3691 0.2744 0.0532 0.0870
109 0.0369 0.4155 0.1191 0.4221 0.0033 0.0032
110 0.0407 0.1205 0.3486 0.4548 0.0060 0.0293
111 0.0260 0.6973 0.1461 0.1193 0.0085 0.0031
112 0.0927 0.1815 0.4421 0.2642 0.0080 0.0116
113 0.0251 0.1026 0.6284 0.2106 0.0033 0.0299
114 0.1225 0.2893 0.4016 0.0749 0.0737 0.0379
115 0.1428 0.4792 0.3269 0.0219 0.0139 0.0152
116 0.1183 0.4534 0.3530 0.0350 0.0125 0.0279
117 0.1732 0.3472 0.4253 0.0190 0.0281 0.0073
118 0.0239 0.2839 0.0453 0.6304 0.0099 0.0067
119 0.0367 0.1301 0.3767 0.4473 0.0018 0.0073
120 0.0509 0.2283 0.2318 0.4199 0.0595 0.0096
121 0.0316 0.2769 0.3611 0.3137 0.0054 0.0115
122 0.0964 0.5674 0.2722 0.0452 0.0051 0.0135
123 0.0348 0.3979 0.5029 0.0479 0.0069 0.0096
124 0.0959 0.2213 0.5352 0.0998 0.0163 0.0314
125 0.0729 0.2502 0.5259 0.0865 0.0120 0.0525
126 0.0149 0.0524 0.2947 0.4155 0.0035 0.2190
127 0.0485 0.0964 0.3784 0.4155 0.0251 0.0360
128 0.0146 0.0449 0.1748 0.5645 0.0124 0.1890
129 0.0139 0.1050 0.2329 0.5854 0.0080 0.0545
130 0.1021 0.1736 0.3853 0.3193 0.0049 0.0149
131 0.2996 0.2091 0.2091 0.2296 0.0142 0.0384
132 0.0849 0.1305 0.7446 0.0257 0.0068 0.0075
133 0.0854 0.1071 0.7915 0.0082 0.0055 0.0021
134 0.0404 0.0822 0.2201 0.6172 0.0079 0.0322
135 0.0679 0.1394 0.7534 0.0275 0.0060 0.0057
136 0.0630 0.1186 0.3918 0.1672 0.0084 0.2510
137 0.2335 0.1847 0.1682 0.2299 0.0735 0.1103
138 0.0775 0.3262 0.3997 0.1493 0.0208 0.0266
139 0.0743 0.1974 0.6890 0.0241 0.0105 0.0045
140 0.1440 0.0486 0.2375 0.4800 0.0494 0.0403
141 0.0703 0.0660 0.3252 0.4805 0.0225 0.0356
142 0.1425 0.3416 0.4526 0.0496 0.0132 0.0006
143 0.0628 0.0126 0.2076 0.4827 0.0568 0.1776
144 0.1302 0.0938 0.4841 0.2800 0.0040 0.0078
145 0.1230 0.0782 0.4502 0.2773 0.0674 0.0040
146 0.1979 0.3936 0.3584 0.0078 0.0418 0.0005
147 0.1085 0.4941 0.2371 0.1472 0.0090 0.0040
148 0.0364 0.0952 0.5225 0.2627 0.0753 0.0079
149 0.3958 0.1990 0.3547 0.0095 0.0401 0.0011
150 0.0330 0.1337 0.7456 0.0836 0.0028 0.0014
151 0.1527 0.0941 0.5674 0.0511 0.1337 0.0009
152 0.4800 0.0802 0.1272 0.0645 0.2340 0.0141
153 0.4019 0.2457 0.1715 0.1284 0.0441 0.0083
154 0.0561 0.0883 0.5000 0.2986 0.0263 0.0310
155 0.6621 0.0715 0.0917 0.0969 0.0656 0.0121
156 0.2905 0.4905 0.1520 0.0262 0.0355 0.0051
157 0.2191 0.4324 0.1860 0.1288 0.0217 0.0119
158 0.1885 0.1337 0.4180 0.1490 0.0322 0.0786
159 0.4888 0.2152 0.2053 0.0444 0.0448 0.0016
160 0.1538 0.1082 0.1869 0.4519 0.0181 0.0811
161 0.2123 0.2727 0.1903 0.0928 0.1707 0.0613
162 0.0455 0.1459 0.3965 0.3726 0.0102 0.0294
163 0.3936 0.1747 0.3999 0.0072 0.0244 0.0002
164 0.1247 0.2922 0.5459 0.0208 0.0120 0.0046
165 0.1181 0.1425 0.3965 0.2295 0.0278 0.0858
166 0.1005 0.0712 0.2585 0.5391 0.0105 0.0202
167 0.1436 0.3015 0.3110 0.1731 0.0289 0.0418
168 0.3359 0.2576 0.3491 0.0211 0.0349 0.0014
169 0.1111 0.2563 0.3728 0.1350 0.0229 0.1019
170 0.0674 0.2314 0.2042 0.3699 0.0690 0.0581
171 0.2600 0.2241 0.4121 0.0402 0.0177 0.0459
172 0.2725 0.1042 0.1843 0.3442 0.0193 0.0756
173 0.2786 0.2920 0.2054 0.1390 0.0082 0.0768
174 0.0645 0.2064 0.3682 0.2303 0.0362 0.0945
175 0.1750 0.0821 0.2196 0.4507 0.0269 0.0457
176 0.1133 0.1455 0.1913 0.5117 0.0084 0.0296
177 0.3088 0.1528 0.3235 0.1705 0.0207 0.0236
178 0.2296 0.1680 0.3906 0.1201 0.0124 0.0793
179 0.1625 0.1899 0.5044 0.1082 0.0108 0.0242
180 0.1494 0.1448 0.4673 0.0643 0.1666 0.0075
181 0.0939 0.0709 0.5239 0.0667 0.2362 0.0082
182 0.5806 0.1266 0.1458 0.0253 0.1208 0.0009
183 0.6182 0.1638 0.1469 0.0101 0.0598 0.0014
184 0.2549 0.1332 0.3123 0.2469 0.0382 0.0147
185 0.0695 0.1494 0.4392 0.3018 0.0133 0.0268
186 0.0518 0.0910 0.3489 0.4551 0.0066 0.0465
187 0.0114 0.0643 0.8340 0.0788 0.0027 0.0086
188 0.0062 0.0553 0.8379 0.0856 0.0020 0.0129
189 0.1256 0.2578 0.3870 0.1481 0.0141 0.0673
190 0.0983 0.3276 0.3101 0.1215 0.0319 0.1106
191 0.0143 0.2566 0.3398 0.3733 0.0103 0.0058
192 0.0137 0.4290 0.5093 0.0459 0.0005 0.0015
193 0.1283 0.0771 0.3433 0.3596 0.0362 0.0556
194 0.0464 0.3887 0.4990 0.0560 0.0064 0.0034
195 0.2345 0.2786 0.2874 0.1346 0.0383 0.0267
196 0.0062 0.1863 0.2178 0.5562 0.0155 0.0182
197 0.0102 0.3787 0.2903 0.2996 0.0115 0.0096
198 0.1523 0.3433 0.3030 0.1713 0.0218 0.0084
199 0.0904 0.1235 0.5083 0.2438 0.0057 0.0284
200 0.0518 0.1619 0.3025 0.3647 0.0324 0.0867
201 0.0823 0.5005 0.0727 0.3281 0.0129 0.0034
202 0.4316 0.1976 0.2087 0.0824 0.0227 0.0571
203 0.2581 0.0585 0.4321 0.1692 0.0431 0.0392
204 0.3057 0.0785 0.5532 0.0263 0.0238 0.0124
205 0.3022 0.0482 0.6108 0.0163 0.0146 0.0079
206 0.3176 0.0539 0.5752 0.0245 0.0253 0.0037
207 0.3376 0.1149 0.5229 0.0109 0.0111 0.0024
208 0.2603 0.1603 0.5596 0.0136 0.0044 0.0019
209 0.2964 0.2135 0.0656 0.2203 0.0351 0.1689
