time exciting_prob fearful_prob tense_prob sad_prob relaxing_prob neutral_prob
0 0.6753 0.1708 0.0770 0.0609 0.0082 0.0077
1 0.7363 0.1951 0.0464 0.0125 0.0067 0.0030
2 0.6865 0.2161 0.0614 0.0240 0.0072 0.0047
3 0.8174 0.0925 0.0503 0.0296 0.0061 0.0041
4 0.4043 0.3982 0.1559 0.0353 0.0053 0.0009
5 0.4746 0.2705 0.1888 0.0558 0.0082 0.0020
6 0.5581 0.3281 0.0940 0.0142 0.0049 0.0008
7 0.7847 0.0675 0.0807 0.0471 0.0175 0.0026
8 0.8179 0.0523 0.0593 0.0499 0.0178 0.0028
9 0.1147 0.4260 0.4065 0.0238 0.0026 0.0262
10 0.1947 0.1200 0.4253 0.1565 0.0477 0.0558
11 0.1395 0.1121 0.4231 0.2030 0.0453 0.0770
12 0.4951 0.0960 0.3198 0.0498 0.0053 0.0340
13 0.3569 0.1941 0.3406 0.0464 0.0117 0.0502
14 0.4041 0.2163 0.2080 0.0468 0.0162 0.1088
15 0.4839 0.0514 0.1376 0.1895 0.0154 0.1223
16 0.3525 0.3442 0.1746 0.0477 0.0076 0.0733
17 0.5176 0.2091 0.0965 0.0734 0.0022 0.1011
18 0.3970 0.3848 0.1642 0.0290 0.0010 0.0242
19 0.5415 0.1843 0.1552 0.0818 0.0028 0.0344
20 0.4629 0.1143 0.0823 0.3132 0.0074 0.0197
21 0.2871 0.1098 0.2167 0.3203 0.0523 0.0141
22 0.2261 0.0290 0.0988 0.6050 0.0134 0.0281
23 0.3501 0.0445 0.2727 0.3188 0.0035 0.0105
24 0.3525 0.1772 0.3638 0.0906 0.0069 0.0089
25 0.5981 0.0423 0.1609 0.1687 0.0022 0.0280
26 0.1968 0.4722 0.3145 0.0119 0.0003 0.0045
27 0.4082 0.0836 0.2805 0.1943 0.0276 0.0058
28 0.5142 0.1300 0.0981 0.2283 0.0149 0.0143
29 0.5068 0.1644 0.0675 0.2096 0.0464 0.0055
30 0.3035 0.0646 0.2720 0.3281 0.0062 0.0259
31 0.3420 0.1146 0.0851 0.4324 0.0040 0.0220
32 0.4470 0.2301 0.0880 0.1670 0.0016 0.0664
33 0.3325 0.0686 0.3826 0.1836 0.0154 0.0172
34 0.1931 0.0608 0.5762 0.1576 0.0038 0.0085
35 0.4092 0.0844 0.2295 0.2190 0.0018 0.0562
36 0.5356 0.2340 0.1223 0.0620 0.0023 0.0439
37 0.5747 0.1583 0.0909 0.0888 0.0064 0.0809
38 0.1271 0.0735 0.5269 0.2488 0.0195 0.0044
39 0.3235 0.2900 0.2480 0.0492 0.0039 0.0851
40 0.6001 0.1068 0.1666 0.0432 0.0027 0.0806
41 0.0884 0.0369 0.4934 0.2900 0.0178 0.0734
42 0.6895 0.0477 0.0804 0.1469 0.0036 0.0320
43 0.2546 0.1147 0.3882 0.2212 0.0059 0.0155
44 0.3643 0.1129 0.3530 0.1630 0.0031 0.0036
45 0.3203 0.1715 0.3154 0.1840 0.0023 0.0063
46 0.1770 0.1974 0.1467 0.4246 0.0097 0.0447
47 0.4470 0.1385 0.2546 0.0873 0.0070 0.0654
48 0.1080 0.0214 0.1453 0.6826 0.0098 0.0329
49 0.0701 0.0173 0.0770 0.8027 0.0058 0.0270
50 0.0790 0.0255 0.1132 0.6831 0.0097 0.0896
51 0.0537 0.0244 0.0712 0.7192 0.0084 0.1230
52 0.4907 0.1877 0.0966 0.1157 0.0246 0.0846
53 0.6899 0.0912 0.0380 0.0727 0.0197 0.0884
54 0.7070 0.0558 0.1093 0.0950 0.0021 0.0306
55 0.2539 0.2386 0.2277 0.1719 0.0485 0.0594
56 0.2356 0.2432 0.2798 0.1343 0.0353 0.0718
57 0.2834 0.1371 0.3364 0.1003 0.0266 0.1163
58 0.3196 0.0783 0.2529 0.0923 0.0195 0.2375
59 0.3967 0.2157 0.2026 0.0995 0.0031 0.0825
60 0.4783 0.1692 0.1145 0.1802 0.0062 0.0516
61 0.3499 0.1084 0.0906 0.2156 0.0044 0.2312
62 0.3091 0.0988 0.5098 0.0341 0.0186 0.0297
63 0.3281 0.0804 0.4485 0.0465 0.0192 0.0773
64 0.2206 0.3159 0.2922 0.1287 0.0138 0.0287
65 0.3792 0.1556 0.2861 0.1373 0.0073 0.0345
66 0.2944 0.2040 0.3665 0.0898 0.0056 0.0396
67 0.2145 0.2095 0.2546 0.1848 0.0173 0.1193
68 0.2651 0.1970 0.3918 0.0681 0.0053 0.0725
69 0.3591 0.2355 0.2668 0.0610 0.0068 0.0707
70 0.4873 0.0860 0.1140 0.1292 0.0140 0.1697
71 0.3484 0.1453 0.2097 0.1375 0.0046 0.1545
72 0.5098 0.0928 0.1531 0.1230 0.0076 0.1138
73 0.4290 0.1163 0.2041 0.1238 0.0141 0.1127
74 0.3064 0.1705 0.3525 0.1144 0.0102 0.0459
75 0.3835 0.1974 0.2438 0.1108 0.0105 0.0540
76 0.2812 0.2522 0.3447 0.0567 0.0164 0.0489
77 0.1555 0.1819 0.3972 0.2335 0.0035 0.0283
78 0.5811 0.0912 0.0920 0.0452 0.0031 0.1873
79 0.2671 0.0596 0.3220 0.1984 0.0382 0.1148
80 0.1698 0.0573 0.3430 0.1595 0.0152 0.2549
81 0.1497 0.0102 0.2317 0.4983 0.0073 0.1028
82 0.1340 0.0663 0.4260 0.3477 0.0133 0.0127
83 0.1996 0.0352 0.4290 0.3240 0.0051 0.0073
84 0.5947 0.0657 0.0745 0.1276 0.0301 0.1075
85 0.0735 0.0629 0.4163 0.3506 0.0122 0.0846
86 0.0599 0.1137 0.3906 0.3906 0.0176 0.0274
87 0.7144 0.0353 0.0468 0.0490 0.0094 0.1451
88 0.0845 0.0520 0.0512 0.7891 0.0069 0.0163
89 0.1549 0.1304 0.2020 0.4343 0.0167 0.0616
90 0.0435 0.3879 0.4194 0.1279 0.0013 0.0199
91 0.4473 0.0526 0.1282 0.1646 0.0028 0.2047
92 0.6079 0.0641 0.0631 0.0651 0.0113 0.1884
93 0.2034 0.0342 0.3005 0.4512 0.0043 0.0062
94 0.1962 0.2367 0.4932 0.0694 0.0030 0.0014
95 0.1886 0.1276 0.2788 0.3208 0.0181 0.0662
96 0.1907 0.0297 0.3293 0.2773 0.0071 0.1656
97 0.4006 0.0547 0.3945 0.0542 0.0074 0.0887
98 0.1561 0.0444 0.3010 0.3357 0.0065 0.1561
99 0.5312 0.0175 0.3220 0.0821 0.0064 0.0410
100 0.0861 0.1252 0.2651 0.4800 0.0061 0.0373
101 0.2715 0.0494 0.0295 0.0365 0.0200 0.5933
102 0.2197 0.1646 0.0203 0.0350 0.0654 0.4951
103 0.6157 0.0502 0.0453 0.1130 0.0644 0.1113
104 0.0882 0.0084 0.0119 0.0999 0.0055 0.7861
105 0.1168 0.0298 0.0127 0.0848 0.0066 0.7495
106 0.6709 0.0696 0.0746 0.1353 0.0039 0.0460
107 0.2949 0.0304 0.0272 0.0594 0.0240 0.5640
108 0.2332 0.0769 0.1349 0.2368 0.0095 0.3088
109 0.2196 0.2489 0.4797 0.0419 0.0053 0.0044
110 0.2484 0.0352 0.0217 0.0409 0.0096 0.6440
111 0.2136 0.1208 0.4595 0.1689 0.0021 0.0352
112 0.5513 0.0529 0.0509 0.0342 0.0061 0.3044
113 0.5967 0.1373 0.1353 0.0866 0.0139 0.0302
114 0.4829 0.2354 0.2211 0.0329 0.0156 0.0121
115 0.5635 0.1932 0.1414 0.0512 0.0259 0.0248
116 0.5020 0.1996 0.1733 0.0729 0.0248 0.0276
117 0.2220 0.0503 0.2477 0.1730 0.2021 0.1049
118 0.2839 0.0605 0.2318 0.2627 0.1406 0.0206
119 0.4167 0.2649 0.0759 0.1792 0.0190 0.0443
120 0.4519 0.0737 0.2380 0.1974 0.0058 0.0332
121 0.1729 0.1016 0.1245 0.4211 0.0791 0.1008
122 0.5981 0.1661 0.0917 0.0440 0.0054 0.0947
123 0.3203 0.1797 0.3252 0.1410 0.0221 0.0117
124 0.1714 0.2150 0.4624 0.1294 0.0164 0.0054
125 0.2734 0.1149 0.3738 0.0975 0.0708 0.0697
126 0.5146 0.1354 0.2163 0.0514 0.0350 0.0471
127 0.5132 0.1042 0.1589 0.0689 0.0057 0.1493
128 0.3672 0.2334 0.3093 0.0290 0.0051 0.0559
129 0.4932 0.1470 0.2089 0.0473 0.0466 0.0571
130 0.3357 0.1525 0.3574 0.0661 0.0392 0.0491
131 0.2615 0.2656 0.2219 0.0911 0.0010 0.1587
132 0.2722 0.3337 0.2089 0.0255 0.0008 0.1588
133 0.3777 0.4211 0.1295 0.0371 0.0050 0.0296
134 0.2323 0.3125 0.4077 0.0314 0.0100 0.0061
135 0.1232 0.4951 0.2693 0.0990 0.0117 0.0017
136 0.1649 0.4019 0.3601 0.0561 0.0113 0.0056
137 0.2098 0.3801 0.3684 0.0353 0.0036 0.0027
138 0.1278 0.3997 0.4529 0.0136 0.0037 0.0024
139 0.2561 0.0763 0.3501 0.2561 0.0366 0.0246
140 0.1617 0.0936 0.5220 0.1920 0.0221 0.0086
141 0.1157 0.0394 0.1157 0.2450 0.4299 0.0542
142 0.0411 0.0562 0.1552 0.6743 0.0086 0.0647
143 0.4080 0.1455 0.1702 0.1410 0.0220 0.1133
144 0.2018 0.0423 0.2803 0.3892 0.0123 0.0743
145 0.2629 0.0790 0.4875 0.1442 0.0183 0.0080
146 0.1929 0.0977 0.3718 0.3179 0.0131 0.0066
147 0.1100 0.1434 0.2329 0.4854 0.0204 0.0079
148 0.3967 0.3611 0.1747 0.0274 0.0121 0.0281
149 0.3650 0.3884 0.1953 0.0190 0.0057 0.0264
150 0.3091 0.1615 0.3613 0.1019 0.0109 0.0554
151 0.2791 0.0363 0.1404 0.2971 0.0120 0.2351
152 0.1273 0.0875 0.1355 0.5532 0.0129 0.0835
153 0.2170 0.0255 0.1256 0.4524 0.0156 0.1638
154 0.1946 0.0280 0.1401 0.4741 0.0253 0.1379
155 0.1394 0.0572 0.1174 0.4431 0.0989 0.1439
156 0.2554 0.3462 0.1700 0.1489 0.0676 0.0118
157 0.3430 0.2001 0.1895 0.2001 0.0239 0.0436
158 0.1342 0.1251 0.2546 0.2886 0.0168 0.1805
159 0.6519 0.1501 0.0465 0.0862 0.0263 0.0388
160 0.6328 0.2023 0.0312 0.0704 0.0265 0.0366
161 0.4644 0.0309 0.1630 0.1708 0.0080 0.1630
162 0.4312 0.0667 0.2783 0.0932 0.0192 0.1116
163 0.6113 0.0624 0.2394 0.0241 0.0076 0.0551
164 0.4612 0.1281 0.0922 0.1271 0.0052 0.1863
165 0.4514 0.0976 0.3921 0.0443 0.0072 0.0073
166 0.2854 0.1033 0.1539 0.3284 0.0064 0.1227
167 0.3284 0.1171 0.1423 0.2966 0.0063 0.1091
168 0.2649 0.0560 0.1271 0.3977 0.0071 0.1475
169 0.1858 0.2024 0.5591 0.0289 0.0093 0.0148
170 0.1515 0.0207 0.3208 0.4595 0.0121 0.0354
171 0.1616 0.0497 0.4534 0.2837 0.0113 0.0406
172 0.0585 0.0892 0.4390 0.3064 0.0831 0.0240
173 0.1173 0.0393 0.5093 0.3140 0.0096 0.0105
174 0.2546 0.0833 0.3823 0.2015 0.0127 0.0654
175 0.1941 0.0848 0.4338 0.2181 0.0226 0.0464
176 0.1945 0.1664 0.2383 0.3577 0.0161 0.0269
177 0.0768 0.0608 0.5376 0.3064 0.0127 0.0058
178 0.2656 0.0519 0.2495 0.3464 0.0163 0.0704
179 0.1432 0.0630 0.2593 0.4343 0.0130 0.0869
180 0.2253 0.0651 0.2986 0.3384 0.0228 0.0499
181 0.2942 0.0383 0.3604 0.2186 0.0042 0.0843
182 0.1017 0.1757 0.2942 0.2988 0.0941 0.0354
183 0.2642 0.0399 0.1437 0.5093 0.0184 0.0246
184 0.3308 0.0750 0.2537 0.3108 0.0208 0.0092
185 0.2520 0.2600 0.3391 0.0906 0.0253 0.0331
186 0.2089 0.0485 0.2993 0.3901 0.0088 0.0445
187 0.1466 0.0293 0.2455 0.3408 0.0110 0.2271
188 0.2791 0.0980 0.2971 0.2581 0.0135 0.0541
189 0.3201 0.0479 0.2324 0.3801 0.0116 0.0078
190 0.3491 0.3228 0.1840 0.0911 0.0325 0.0208
191 0.5142 0.1952 0.1166 0.1193 0.0136 0.0409
192 0.4331 0.0629 0.2839 0.1998 0.0159 0.0043
193 0.1194 0.6455 0.1820 0.0436 0.0015 0.0082
194 0.4526 0.2122 0.1127 0.1931 0.0272 0.0022
195 0.1926 0.3713 0.1635 0.2323 0.0356 0.0047
196 0.4321 0.2386 0.0871 0.1844 0.0554 0.0024
197 0.4070 0.3096 0.0685 0.1893 0.0219 0.0035
198 0.4106 0.3457 0.1214 0.0834 0.0359 0.0030
199 0.1653 0.3137 0.2090 0.2025 0.0500 0.0594
200 0.1283 0.3982 0.2822 0.1262 0.0208 0.0443
201 0.0849 0.4148 0.3384 0.1134 0.0175 0.0310
202 0.1094 0.3970 0.3613 0.0950 0.0264 0.0108
203 0.5962 0.0350 0.0900 0.0914 0.0266 0.1605
204 0.4165 0.0364 0.0807 0.0901 0.0254 0.3508
205 0.2098 0.3352 0.3301 0.0778 0.0071 0.0400
206 0.1272 0.0388 0.0522 0.3149 0.0228 0.4441
207 0.3411 0.0540 0.0284 0.1444 0.0073 0.4246
208 0.2769 0.0432 0.0563 0.5176 0.0390 0.0673
209 0.2795 0.0435 0.0559 0.5142 0.0391 0.0674
210 0.3044 0.0740 0.0509 0.4497 0.0435 0.0776
