time exciting_prob fearful_prob tense_prob sad_prob relaxing_prob neutral_prob
0 0.1136 0.1553 0.1349 0.1288 0.0181 0.4492
1 0.1186 0.6826 0.0725 0.0809 0.0152 0.0302
2 0.3936 0.0369 0.0160 0.5293 0.0172 0.0071
3 0.0346 0.1786 0.4780 0.2087 0.0520 0.0481
4 0.1451 0.0937 0.2588 0.2710 0.1670 0.0644
5 0.0604 0.0550 0.1642 0.2542 0.3757 0.0906
6 0.0557 0.4451 0.2964 0.1611 0.0119 0.0298
7 0.0295 0.0479 0.2673 0.5483 0.0158 0.0909
8 0.0216 0.0701 0.0497 0.0279 0.8286 0.0023
9 0.0155 0.0388 0.0262 0.0085 0.9102 0.0010
10 0.0351 0.0227 0.0216 0.1550 0.7627 0.0028
11 0.0356 0.5615 0.0569 0.0345 0.3101 0.0016
12 0.0474 0.2107 0.0533 0.0972 0.5908 0.0004
13 0.0130 0.4524 0.1469 0.0857 0.3015 0.0004
14 0.0577 0.2355 0.1086 0.1212 0.4722 0.0048
15 0.0260 0.1473 0.0573 0.2976 0.4683 0.0037
16 0.0134 0.0059 0.0072 0.0028 0.9683 0.0026
17 0.0421 0.1191 0.1154 0.0700 0.6338 0.0196
18 0.1165 0.2354 0.2485 0.2666 0.0839 0.0490
19 0.0633 0.5645 0.1320 0.1818 0.0341 0.0246
20 0.0519 0.4812 0.3257 0.0414 0.0978 0.0022
21 0.0241 0.4922 0.4082 0.0565 0.0159 0.0030
22 0.0603 0.0667 0.6328 0.0877 0.1458 0.0067
23 0.0309 0.3618 0.1907 0.3245 0.0347 0.0573
24 0.0178 0.0647 0.1401 0.0128 0.7637 0.0007
25 0.0060 0.7832 0.1748 0.0264 0.0063 0.0032
26 0.0232 0.2455 0.0427 0.0417 0.6465 0.0003
27 0.0351 0.0766 0.3225 0.2252 0.1387 0.2019
28 0.1533 0.2374 0.2886 0.1281 0.1877 0.0050
29 0.0173 0.3074 0.2546 0.0361 0.3823 0.0022
30 0.0393 0.1619 0.3762 0.3320 0.0782 0.0124
31 0.0729 0.0853 0.2046 0.5225 0.0564 0.0586
32 0.1200 0.5054 0.1154 0.1888 0.0594 0.0111
33 0.0641 0.2744 0.4629 0.1515 0.0333 0.0138
34 0.0176 0.2627 0.2930 0.2839 0.1362 0.0065
35 0.1082 0.1625 0.1285 0.0368 0.5586 0.0055
36 0.0560 0.0436 0.1031 0.2551 0.4077 0.1344
37 0.0145 0.4675 0.3188 0.1238 0.0658 0.0097
38 0.0698 0.5073 0.2891 0.0221 0.1097 0.0020
39 0.0629 0.2510 0.1752 0.3767 0.0753 0.0591
40 0.0985 0.3206 0.0230 0.1729 0.3835 0.0016
41 0.0616 0.2255 0.2942 0.3718 0.0327 0.0142
42 0.0583 0.1812 0.6079 0.1082 0.0203 0.0241
43 0.1350 0.0363 0.6753 0.0794 0.0581 0.0159
44 0.0883 0.1676 0.3281 0.3257 0.0500 0.0401
45 0.0324 0.2822 0.2693 0.1711 0.2233 0.0218
46 0.1193 0.2566 0.4229 0.1777 0.0168 0.0068
47 0.0603 0.4929 0.2700 0.0607 0.1091 0.0068
48 0.0917 0.1635 0.4880 0.1304 0.1168 0.0095
49 0.1012 0.1249 0.3643 0.3142 0.0449 0.0505
50 0.0540 0.0768 0.1992 0.0927 0.1066 0.4705
51 0.0885 0.2925 0.3784 0.1705 0.0663 0.0038
52 0.0289 0.0540 0.2040 0.5049 0.0073 0.2008
53 0.0591 0.0765 0.0382 0.7612 0.0610 0.0040
54 0.2150 0.2362 0.0682 0.3955 0.0816 0.0036
55 0.0374 0.7114 0.1198 0.0488 0.0116 0.0710
56 0.0930 0.1792 0.1907 0.0564 0.4648 0.0160
57 0.0891 0.6587 0.0857 0.0562 0.0912 0.0193
58 0.0435 0.3394 0.5093 0.0913 0.0121 0.0044
59 0.2472 0.1766 0.1881 0.1006 0.2693 0.0181
60 0.0126 0.0489 0.8936 0.0107 0.0030 0.0311
61 0.1554 0.1110 0.3845 0.2561 0.0541 0.0387
62 0.0617 0.1945 0.5718 0.1368 0.0247 0.0106
63 0.0638 0.1395 0.3850 0.3562 0.0167 0.0387
64 0.0217 0.0497 0.1373 0.7778 0.0078 0.0056
65 0.0210 0.5156 0.2399 0.1810 0.0048 0.0374
66 0.0170 0.4309 0.4585 0.0548 0.0338 0.0051
67 0.0386 0.3157 0.5166 0.0524 0.0557 0.0210
68 0.2043 0.3699 0.2927 0.0355 0.0921 0.0055
69 0.0845 0.3164 0.3137 0.0264 0.1371 0.1219
70 0.0804 0.1729 0.0476 0.0333 0.6226 0.0434
71 0.1499 0.4617 0.3101 0.0288 0.0391 0.0105
72 0.0253 0.3713 0.2676 0.3176 0.0118 0.0062
73 0.1460 0.2749 0.4863 0.0668 0.0228 0.0030
74 0.1791 0.3479 0.3242 0.0429 0.0951 0.0107
75 0.1279 0.2908 0.1833 0.3345 0.0573 0.0062
76 0.2585 0.3191 0.2428 0.0595 0.1183 0.0017
77 0.0890 0.3926 0.2827 0.1624 0.0646 0.0086
78 0.0992 0.3306 0.5078 0.0127 0.0451 0.0047
79 0.0332 0.5273 0.2612 0.1123 0.0214 0.0443
80 0.1594 0.2412 0.0237 0.0189 0.5479 0.0088
81 0.0141 0.4539 0.4539 0.0696 0.0057 0.0027
82 0.1279 0.5142 0.2446 0.0723 0.0252 0.0159
83 0.2013 0.1094 0.2839 0.1920 0.1240 0.0893
84 0.1185 0.2954 0.2430 0.2588 0.0569 0.0273
85 0.0296 0.2961 0.3435 0.1989 0.1064 0.0255
86 0.0436 0.2673 0.2632 0.2803 0.0230 0.1224
87 0.1934 0.5640 0.2124 0.0080 0.0190 0.0034
88 0.0041 0.5557 0.3318 0.1020 0.0010 0.0051
89 0.2343 0.0527 0.0539 0.5449 0.0483 0.0661
90 0.0349 0.3665 0.4929 0.0824 0.0103 0.0131
91 0.0366 0.0290 0.2837 0.2010 0.3315 0.1182
92 0.1483 0.5552 0.1693 0.0191 0.0723 0.0358
93 0.1499 0.3274 0.4236 0.0279 0.0556 0.0157
94 0.2108 0.3787 0.2905 0.0083 0.0695 0.0422
95 0.0629 0.6455 0.1375 0.0564 0.0204 0.0771
96 0.1733 0.3501 0.1654 0.2191 0.0102 0.0818
97 0.0902 0.4763 0.1097 0.1071 0.1376 0.0790
98 0.0183 0.3320 0.5474 0.0209 0.0051 0.0764
99 0.0018 0.0035 0.0247 0.0139 0.9429 0.0132
100 0.0532 0.1614 0.0341 0.0094 0.7407 0.0012
101 0.0982 0.3171 0.3123 0.1893 0.0281 0.0551
102 0.0989 0.6108 0.0981 0.1113 0.0501 0.0307
103 0.0775 0.6191 0.1146 0.0609 0.1035 0.0242
104 0.1810 0.2512 0.0910 0.0925 0.2717 0.1124
105 0.0374 0.1677 0.0301 0.0970 0.3496 0.3184
106 0.0307 0.0577 0.0959 0.0226 0.7788 0.0143
107 0.0273 0.0789 0.0416 0.0293 0.8223 0.0006
108 0.0086 0.0231 0.0204 0.0132 0.9238 0.0108
109 0.0608 0.6001 0.3018 0.0082 0.0196 0.0098
110 0.0244 0.0637 0.0418 0.0093 0.8589 0.0019
111 0.0373 0.5703 0.2166 0.0245 0.1398 0.0114
112 0.1313 0.2200 0.2379 0.2825 0.0192 0.1089
113 0.1515 0.5674 0.2460 0.0066 0.0151 0.0135
114 0.0301 0.8452 0.1091 0.0139 0.0009 0.0011
115 0.0645 0.0808 0.1522 0.2180 0.2629 0.2214
116 0.0258 0.7588 0.1642 0.0026 0.0415 0.0070
117 0.0244 0.0501 0.0326 0.7959 0.0623 0.0344
118 0.0834 0.1313 0.0938 0.1559 0.4583 0.0772
119 0.1249 0.5425 0.0525 0.0474 0.2314 0.0013
120 0.0287 0.0424 0.0153 0.0141 0.8916 0.0082
121 0.0382 0.4656 0.0961 0.0472 0.3459 0.0071
122 0.0576 0.2140 0.0832 0.1747 0.4497 0.0209
123 0.1163 0.0979 0.1614 0.0177 0.5996 0.0069
124 0.0660 0.1089 0.2065 0.4238 0.0337 0.1609
125 0.2810 0.2810 0.0793 0.2223 0.0721 0.0642
126 0.1473 0.1130 0.0136 0.1029 0.5830 0.0403
127 0.0758 0.3293 0.1682 0.2908 0.1250 0.0108
128 0.0459 0.2622 0.1382 0.0892 0.4602 0.0043
129 0.0407 0.1899 0.0360 0.0088 0.7227 0.0021
130 0.0219 0.4688 0.1429 0.0432 0.2888 0.0345
131 0.3691 0.2039 0.2808 0.0715 0.0218 0.0528
132 0.0326 0.3972 0.4500 0.0189 0.0996 0.0018
133 0.0187 0.0863 0.0404 0.0338 0.8188 0.0022
134 0.0028 0.0729 0.0111 0.0088 0.9028 0.0015
135 0.0919 0.4121 0.4597 0.0157 0.0095 0.0112
136 0.1113 0.2001 0.5229 0.0952 0.0316 0.0388
137 0.0067 0.0202 0.0056 0.0057 0.9590 0.0027
138 0.0101 0.1967 0.1086 0.0323 0.6348 0.0173
139 0.0145 0.0499 0.0661 0.1008 0.7222 0.0465
140 0.0429 0.4727 0.3301 0.0490 0.0991 0.0061
141 0.1316 0.1703 0.0480 0.4023 0.1161 0.1316
142 0.1087 0.3508 0.3245 0.0847 0.1204 0.0108
143 0.0836 0.6318 0.2554 0.0175 0.0115 0.0004
144 0.2260 0.2242 0.2856 0.0387 0.2207 0.0048
145 0.1726 0.1302 0.3125 0.1323 0.2433 0.0091
146 0.0787 0.1163 0.1888 0.4822 0.1238 0.0103
147 0.0391 0.2231 0.6255 0.0157 0.0840 0.0124
148 0.1376 0.0343 0.2493 0.0946 0.4443 0.0400
149 0.0368 0.1432 0.3330 0.4412 0.0194 0.0265
150 0.1045 0.2195 0.1953 0.2030 0.2732 0.0045
151 0.0349 0.1526 0.6475 0.1066 0.0077 0.0507
152 0.2493 0.1896 0.4307 0.0616 0.0531 0.0159
153 0.0783 0.1290 0.1556 0.0596 0.5146 0.0629
154 0.1117 0.1930 0.3132 0.3523 0.0193 0.0105
155 0.0756 0.0688 0.4705 0.1552 0.0341 0.1960
156 0.0920 0.0906 0.6802 0.0533 0.0134 0.0706
157 0.0707 0.1498 0.6021 0.0359 0.0232 0.1185
158 0.0205 0.7744 0.0597 0.0053 0.1399 0.0004
159 0.1530 0.3237 0.1506 0.1904 0.1760 0.0061
160 0.0892 0.6694 0.1471 0.0558 0.0363 0.0023
161 0.3513 0.2217 0.2454 0.0400 0.1398 0.0017
162 0.0903 0.2417 0.4177 0.0910 0.1572 0.0021
163 0.2306 0.1537 0.2035 0.1273 0.2100 0.0749
164 0.0425 0.3042 0.3447 0.2483 0.0048 0.0554
165 0.0136 0.4214 0.4851 0.0536 0.0119 0.0145
166 0.0353 0.0478 0.1696 0.2078 0.4399 0.0997
167 0.1261 0.2734 0.3247 0.2231 0.0482 0.0045
168 0.0477 0.0811 0.2040 0.3694 0.2422 0.0558
169 0.3132 0.1434 0.0338 0.3809 0.1227 0.0061
170 0.0467 0.1201 0.0331 0.0172 0.7827 0.0002
171 0.0811 0.2852 0.0843 0.0282 0.5205 0.0009
172 0.2087 0.2222 0.3577 0.1527 0.0257 0.0330
173 0.1609 0.0946 0.1660 0.2612 0.1686 0.1488
174 0.0933 0.2291 0.1117 0.0492 0.5166 0.0004
175 0.0494 0.3196 0.0551 0.1737 0.3975 0.0048
176 0.6782 0.0883 0.1107 0.0552 0.0565 0.0111
177 0.0624 0.2754 0.2754 0.3481 0.0319 0.0067
178 0.0418 0.4355 0.0459 0.0129 0.4636 0.0001
179 0.0839 0.2092 0.0258 0.0158 0.6650 0.0006
180 0.0508 0.2155 0.0891 0.0257 0.6187 0.0001
181 0.0781 0.2010 0.0609 0.0254 0.6343 0.0005
182 0.0718 0.0814 0.0337 0.0103 0.8027 0.0002
183 0.0198 0.4434 0.3733 0.0400 0.1231 0.0006
184 0.0392 0.0607 0.1265 0.4556 0.3035 0.0146
185 0.0265 0.0356 0.0803 0.7383 0.1150 0.0045
186 0.0668 0.5732 0.1920 0.0224 0.0668 0.0788
187 0.1500 0.4585 0.2435 0.0616 0.0828 0.0036
188 0.1246 0.0792 0.1066 0.6040 0.0346 0.0511
189 0.1205 0.1177 0.0401 0.6567 0.0630 0.0019
190 0.0983 0.2098 0.0841 0.4373 0.1686 0.0020
191 0.0355 0.0729 0.1361 0.4194 0.3167 0.0196
192 0.1394 0.0806 0.1460 0.5342 0.0723 0.0274
193 0.1429 0.0587 0.4402 0.0654 0.1282 0.1646
194 0.0122 0.1274 0.1216 0.7334 0.0032 0.0021
195 0.0210 0.0598 0.0793 0.7349 0.0971 0.0080
196 0.0797 0.4841 0.3801 0.0122 0.0437 0.0001
197 0.0961 0.2417 0.3408 0.2634 0.0447 0.0131
198 0.0540 0.1945 0.4182 0.3059 0.0227 0.0048
199 0.0439 0.0795 0.1021 0.5435 0.2230 0.0079
200 0.0898 0.0528 0.1127 0.5996 0.1359 0.0092
201 0.1283 0.1366 0.1572 0.2937 0.1810 0.1031
202 0.1338 0.5288 0.1871 0.1296 0.0148 0.0058
203 0.1085 0.0679 0.0497 0.5259 0.1211 0.1268
204 0.1479 0.2384 0.4150 0.1390 0.0269 0.0325
205 0.0323 0.0428 0.0493 0.8340 0.0088 0.0326
206 0.1091 0.3750 0.2830 0.2103 0.0050 0.0175
207 0.1801 0.4421 0.1338 0.1516 0.0850 0.0076
208 0.1164 0.0313 0.5464 0.1693 0.1146 0.0219
209 0.1296 0.2578 0.3362 0.1481 0.1075 0.0207
210 0.1200 0.1746 0.2242 0.4255 0.0477 0.0080
211 0.1758 0.4490 0.2922 0.0455 0.0106 0.0270
212 0.1632 0.3123 0.4202 0.0388 0.0286 0.0370
213 0.2135 0.2556 0.4663 0.0303 0.0135 0.0208
214 0.0511 0.0617 0.3389 0.5010 0.0247 0.0227
215 0.1499 0.1252 0.2181 0.2844 0.2048 0.0175
216 0.1954 0.3738 0.2778 0.1185 0.0218 0.0129
217 0.1334 0.2288 0.3030 0.2115 0.0447 0.0784
218 0.1151 0.3010 0.4211 0.1356 0.0184 0.0089
219 0.1001 0.2874 0.3867 0.1785 0.0165 0.0310
220 0.1247 0.2024 0.0831 0.3782 0.1481 0.0637
221 0.0808 0.2095 0.2283 0.3347 0.1281 0.0184
222 0.0417 0.2366 0.1842 0.4705 0.0328 0.0343
223 0.1646 0.3948 0.1429 0.1671 0.1185 0.0122
224 0.1437 0.4937 0.2561 0.0885 0.0111 0.0069
225 0.1990 0.3306 0.3130 0.0451 0.1073 0.0052
226 0.0640 0.4443 0.3435 0.1015 0.0259 0.0208
227 0.2419 0.3604 0.2942 0.0693 0.0128 0.0215
228 0.2006 0.2896 0.2678 0.1514 0.0869 0.0039
229 0.1379 0.3157 0.2786 0.1842 0.0480 0.0354
230 0.2637 0.1855 0.1479 0.1538 0.2203 0.0285
231 0.1160 0.3892 0.2493 0.1399 0.0487 0.0569
232 0.0474 0.0690 0.8467 0.0240 0.0099 0.0030
233 0.0380 0.2382 0.4592 0.1444 0.0890 0.0312
234 0.1212 0.2390 0.5181 0.0729 0.0304 0.0186
235 0.1912 0.3628 0.3489 0.0616 0.0059 0.0296
236 0.1580 0.1669 0.5142 0.1289 0.0144 0.0177
237 0.0272 0.2070 0.5454 0.1467 0.0441 0.0296
238 0.2023 0.2188 0.2578 0.1276 0.1901 0.0035
239 0.0706 0.1760 0.4712 0.1329 0.1471 0.0022
240 0.0145 0.3169 0.1473 0.1005 0.4197 0.0011
241 0.0500 0.0344 0.0851 0.5728 0.0964 0.1615
242 0.4434 0.2886 0.2095 0.0219 0.0196 0.0169
243 0.0927 0.1050 0.0553 0.3442 0.3840 0.0190
244 0.1146 0.1035 0.2771 0.1027 0.3970 0.0051
245 0.3369 0.4097 0.0288 0.1004 0.0886 0.0358
246 0.2474 0.1973 0.3489 0.0602 0.1206 0.0257
247 0.3354 0.2360 0.1187 0.0903 0.2002 0.0195
248 0.0238 0.1371 0.7583 0.0603 0.0078 0.0125
249 0.4644 0.2446 0.1643 0.0746 0.0482 0.0039
250 0.4355 0.3213 0.1705 0.0308 0.0375 0.0043
251 0.2263 0.4131 0.2930 0.0384 0.0270 0.0023
252 0.1414 0.2683 0.3965 0.1119 0.0717 0.0102
253 0.2024 0.4185 0.0877 0.0956 0.1857 0.0101
254 0.1591 0.4126 0.4094 0.0125 0.0054 0.0011
255 0.0438 0.2808 0.3442 0.2766 0.0458 0.0089
256 0.0303 0.1903 0.3967 0.1707 0.2107 0.0013
257 0.3293 0.3535 0.2668 0.0204 0.0107 0.0193
258 0.0876 0.0507 0.0693 0.7109 0.0612 0.0200
259 0.2622 0.2389 0.0942 0.3394 0.0533 0.0118
260 0.0839 0.1805 0.0551 0.4468 0.1921 0.0416
261 0.1935 0.1748 0.1068 0.2727 0.2352 0.0169
262 0.2003 0.2235 0.1500 0.2324 0.0889 0.1047
263 0.0538 0.4167 0.0388 0.3679 0.0938 0.0290
264 0.0127 0.1471 0.1060 0.5137 0.1259 0.0950
265 0.0418 0.2194 0.3760 0.1449 0.0695 0.1484
266 0.2048 0.3767 0.2267 0.0093 0.1453 0.0373
267 0.0775 0.3113 0.1338 0.1277 0.0236 0.3262
268 0.0220 0.0253 0.0580 0.1266 0.7173 0.0511
269 0.1930 0.4182 0.1179 0.1959 0.0693 0.0057
270 0.0283 0.1427 0.0378 0.6494 0.1405 0.0011
271 0.0717 0.5679 0.0837 0.2703 0.0033 0.0030
272 0.1561 0.1294 0.1782 0.3154 0.0842 0.1367
273 0.0122 0.2468 0.0765 0.5479 0.0089 0.1078
274 0.0409 0.0653 0.1383 0.6494 0.0318 0.0740
275 0.0952 0.0486 0.1522 0.6021 0.0356 0.0665
276 0.1239 0.0567 0.4827 0.1340 0.1542 0.0485
277 0.1571 0.2610 0.4043 0.0660 0.0314 0.0802
278 0.2590 0.1322 0.2064 0.2549 0.0660 0.0815
279 0.0815 0.6885 0.1500 0.0535 0.0234 0.0033
280 0.1603 0.5132 0.2522 0.0258 0.0459 0.0026
281 0.1570 0.6157 0.1792 0.0262 0.0169 0.0047
282 0.0602 0.3179 0.2219 0.0969 0.1797 0.1235
283 0.1420 0.3459 0.0861 0.2737 0.1063 0.0461
284 0.1173 0.2371 0.2445 0.3396 0.0266 0.0349
285 0.0019 0.0069 0.0035 0.0118 0.9629 0.0130
286 0.3091 0.0832 0.0892 0.3906 0.1052 0.0227
287 0.0183 0.1122 0.2000 0.6064 0.0186 0.0446
288 0.1548 0.2803 0.2847 0.1064 0.1443 0.0293
289 0.2152 0.3083 0.1265 0.2186 0.1065 0.0249
290 0.1211 0.3730 0.2524 0.1580 0.0085 0.0872
291 0.1329 0.2406 0.1554 0.3137 0.0489 0.1085
