time exciting_prob fearful_prob tense_prob sad_prob relaxing_prob neutral_prob
0 0.1136 0.1553 0.1349 0.1288 0.0181 0.4492
1 0.1136 0.1553 0.1349 0.1288 0.0181 0.4492
2 0.1224 0.1187 0.2551 0.4272 0.0140 0.0625
3 0.0797 0.0725 0.3250 0.4512 0.0251 0.0468
4 0.4089 0.4780 0.0374 0.0386 0.0355 0.0015
5 0.7407 0.1553 0.0278 0.0255 0.0492 0.0014
6 0.7983 0.0961 0.0263 0.0059 0.0731 0.0003
7 0.5986 0.2118 0.0340 0.1107 0.0223 0.0225
8 0.3423 0.2485 0.0364 0.3069 0.0215 0.0442
9 0.1708 0.2125 0.0361 0.5259 0.0066 0.0482
10 0.0548 0.1562 0.2656 0.4246 0.0293 0.0693
11 0.0751 0.5469 0.0865 0.0633 0.1996 0.0287
12 0.0354 0.7817 0.0824 0.0188 0.0756 0.0059
13 0.0648 0.5596 0.3450 0.0202 0.0054 0.0048
14 0.0310 0.7866 0.0897 0.0519 0.0362 0.0048
15 0.0387 0.8740 0.0316 0.0220 0.0294 0.0044
16 0.0453 0.7432 0.0526 0.1252 0.0273 0.0062
17 0.0615 0.1322 0.2756 0.4543 0.0166 0.0596
18 0.0205 0.9082 0.0425 0.0168 0.0064 0.0057
19 0.0135 0.9165 0.0456 0.0116 0.0091 0.0037
20 0.1361 0.5137 0.0323 0.0375 0.0381 0.2426
21 0.2898 0.5947 0.0335 0.0119 0.0469 0.0234
22 0.0352 0.8794 0.0381 0.0077 0.0051 0.0344
23 0.0567 0.8013 0.0793 0.0219 0.0174 0.0235
24 0.0535 0.8359 0.0815 0.0083 0.0167 0.0039
25 0.0413 0.8428 0.0359 0.0337 0.0286 0.0176
26 0.0199 0.9297 0.0242 0.0054 0.0176 0.0030
27 0.0893 0.5913 0.0872 0.1567 0.0206 0.0546
28 0.1266 0.6431 0.1785 0.0097 0.0398 0.0025
29 0.0852 0.4607 0.0833 0.1331 0.0428 0.1951
30 0.0687 0.8428 0.0650 0.0109 0.0049 0.0076
31 0.1494 0.5771 0.1011 0.0845 0.0541 0.0338
32 0.0776 0.7778 0.0577 0.0214 0.0390 0.0266
33 0.0721 0.8184 0.0540 0.0152 0.0343 0.0061
34 0.1069 0.7539 0.0591 0.0412 0.0141 0.0246
35 0.0642 0.5635 0.1947 0.1370 0.0219 0.0187
36 0.0347 0.7197 0.1998 0.0262 0.0089 0.0105
37 0.0381 0.8530 0.0800 0.0204 0.0071 0.0016
38 0.0636 0.7627 0.0491 0.0651 0.0441 0.0153
39 0.0300 0.8428 0.0271 0.0645 0.0260 0.0097
40 0.0551 0.8286 0.0286 0.0359 0.0482 0.0036
41 0.0229 0.9238 0.0221 0.0204 0.0093 0.0016
42 0.0291 0.7739 0.1838 0.0096 0.0023 0.0013
43 0.0204 0.9214 0.0459 0.0080 0.0037 0.0009
44 0.1187 0.5576 0.0772 0.0961 0.1007 0.0499
45 0.0111 0.9497 0.0338 0.0015 0.0032 0.0009
46 0.0648 0.6543 0.2483 0.0199 0.0047 0.0083
47 0.0806 0.7471 0.0497 0.0608 0.0087 0.0533
48 0.0547 0.7324 0.0518 0.0182 0.0143 0.1283
49 0.0628 0.7896 0.1138 0.0283 0.0040 0.0016
50 0.1066 0.7573 0.0598 0.0238 0.0308 0.0218
51 0.1381 0.7407 0.0608 0.0213 0.0296 0.0093
52 0.0711 0.7300 0.0409 0.0995 0.0525 0.0063
53 0.0410 0.8169 0.0822 0.0126 0.0118 0.0353
54 0.0381 0.8755 0.0331 0.0103 0.0083 0.0348
55 0.1293 0.5703 0.2164 0.0681 0.0152 0.0010
56 0.1177 0.5356 0.2822 0.0526 0.0095 0.0021
57 0.1261 0.5352 0.1510 0.1711 0.0132 0.0033
58 0.0086 0.8530 0.0712 0.0618 0.0039 0.0014
59 0.0422 0.0604 0.3645 0.4194 0.0108 0.1028
60 0.0826 0.0390 0.2466 0.6104 0.0119 0.0097
61 0.0499 0.7334 0.1825 0.0210 0.0119 0.0014
62 0.1138 0.5918 0.0629 0.0735 0.1351 0.0228
63 0.1098 0.6621 0.1388 0.0803 0.0051 0.0036
64 0.2517 0.2639 0.1434 0.1066 0.0667 0.1677
65 0.1100 0.6689 0.0657 0.0448 0.0360 0.0745
66 0.0838 0.6646 0.0800 0.0336 0.1309 0.0072
67 0.0612 0.1058 0.1613 0.4668 0.0133 0.1915
68 0.0626 0.1456 0.1730 0.3838 0.0265 0.2086
69 0.0348 0.1583 0.3738 0.4104 0.0049 0.0178
70 0.0335 0.0451 0.1576 0.6138 0.0174 0.1327
71 0.2129 0.4612 0.0432 0.0342 0.1893 0.0591
72 0.0635 0.4338 0.3484 0.1006 0.0213 0.0324
73 0.0365 0.2067 0.3743 0.3406 0.0067 0.0353
74 0.1471 0.2502 0.3936 0.1415 0.0438 0.0240
75 0.2032 0.6357 0.0635 0.0560 0.0288 0.0126
76 0.0747 0.5269 0.1204 0.1750 0.0735 0.0295
77 0.0778 0.4763 0.1105 0.1924 0.0139 0.1292
78 0.1562 0.5986 0.1562 0.0743 0.0138 0.0007
79 0.1917 0.6284 0.1248 0.0452 0.0093 0.0005
80 0.0103 0.4954 0.2268 0.2303 0.0025 0.0348
81 0.0123 0.8081 0.0928 0.0638 0.0114 0.0116
82 0.1522 0.3594 0.3271 0.1396 0.0163 0.0052
83 0.1880 0.5229 0.0353 0.0094 0.2375 0.0067
84 0.1049 0.7280 0.1001 0.0327 0.0255 0.0088
85 0.0384 0.8203 0.0663 0.0425 0.0260 0.0065
86 0.0464 0.7734 0.0797 0.0391 0.0345 0.0267
87 0.0434 0.8320 0.0941 0.0084 0.0113 0.0106
88 0.0641 0.5542 0.0673 0.2460 0.0272 0.0411
89 0.0255 0.5903 0.2423 0.1163 0.0128 0.0126
90 0.0471 0.4260 0.3167 0.1383 0.0201 0.0517
91 0.0848 0.4807 0.3303 0.0882 0.0092 0.0069
92 0.1210 0.6694 0.1163 0.0800 0.0096 0.0035
93 0.1703 0.6279 0.1246 0.0715 0.0035 0.0022
94 0.2231 0.5186 0.1166 0.0394 0.0735 0.0286
95 0.0130 0.0930 0.1213 0.7432 0.0055 0.0239
96 0.0925 0.4148 0.2515 0.1869 0.0077 0.0465
97 0.0487 0.0458 0.1573 0.4146 0.0106 0.3230
98 0.0616 0.8564 0.0578 0.0201 0.0030 0.0011
99 0.2042 0.4675 0.2502 0.0648 0.0099 0.0033
100 0.0796 0.6611 0.2214 0.0284 0.0033 0.0061
101 0.0587 0.1080 0.3276 0.4341 0.0197 0.0518
102 0.0365 0.3464 0.2742 0.3206 0.0074 0.0151
103 0.1326 0.1033 0.2363 0.4849 0.0128 0.0300
104 0.0311 0.2386 0.3113 0.3755 0.0180 0.0257
105 0.0241 0.3433 0.4341 0.1699 0.0014 0.0271
106 0.0400 0.1376 0.2913 0.4727 0.0089 0.0498
107 0.0268 0.2908 0.4646 0.1877 0.0221 0.0079
108 0.1146 0.4290 0.3137 0.0878 0.0086 0.0463
109 0.0572 0.4749 0.1803 0.1964 0.0609 0.0304
110 0.0733 0.1470 0.7012 0.0699 0.0075 0.0010
111 0.0206 0.5483 0.4138 0.0120 0.0037 0.0018
112 0.0393 0.6973 0.2317 0.0187 0.0105 0.0025
113 0.0651 0.6626 0.2085 0.0395 0.0215 0.0029
114 0.0874 0.1396 0.1766 0.4580 0.0150 0.1233
115 0.1615 0.2925 0.2749 0.1155 0.1259 0.0299
116 0.0462 0.1917 0.0421 0.6484 0.0612 0.0104
117 0.0908 0.5562 0.0412 0.1921 0.1147 0.0052
118 0.2018 0.2018 0.4692 0.0560 0.0186 0.0526
119 0.0432 0.1532 0.2817 0.3401 0.0546 0.1271
120 0.0556 0.1584 0.2234 0.4373 0.0660 0.0592
121 0.0766 0.3459 0.4729 0.0772 0.0194 0.0078
122 0.0641 0.4524 0.2620 0.1492 0.0121 0.0603
123 0.0771 0.4727 0.1740 0.2415 0.0136 0.0211
124 0.0375 0.3506 0.0559 0.5020 0.0334 0.0206
125 0.0519 0.7998 0.1256 0.0187 0.0039 0.0002
126 0.1376 0.5615 0.2491 0.0144 0.0353 0.0018
127 0.1157 0.5879 0.2649 0.0169 0.0125 0.0023
128 0.0708 0.5068 0.4075 0.0080 0.0065 0.0004
129 0.1501 0.5625 0.1798 0.0253 0.0732 0.0092
130 0.1218 0.5811 0.1171 0.0193 0.1403 0.0204
131 0.0648 0.6152 0.1416 0.1630 0.0113 0.0043
132 0.0339 0.7720 0.1362 0.0521 0.0024 0.0033
133 0.1689 0.6133 0.0553 0.0557 0.0993 0.0075
134 0.0851 0.6641 0.1019 0.1154 0.0318 0.0018
135 0.1339 0.5508 0.2769 0.0210 0.0164 0.0010
136 0.0960 0.6064 0.2339 0.0510 0.0102 0.0023
137 0.0352 0.8721 0.0380 0.0411 0.0131 0.0006
138 0.1726 0.4995 0.0991 0.1124 0.1097 0.0065
139 0.0204 0.7944 0.0313 0.1172 0.0323 0.0042
140 0.0696 0.7603 0.0827 0.0639 0.0190 0.0045
141 0.0317 0.8184 0.0721 0.0612 0.0144 0.0025
142 0.0645 0.7861 0.0491 0.0630 0.0298 0.0076
143 0.0953 0.6665 0.0708 0.1140 0.0426 0.0109
144 0.0665 0.7856 0.0903 0.0461 0.0063 0.0049
145 0.0506 0.6309 0.2015 0.0998 0.0067 0.0106
146 0.1797 0.5366 0.0588 0.1715 0.0300 0.0236
147 0.0123 0.9722 0.0086 0.0040 0.0026 0.0001
148 0.1653 0.6045 0.0878 0.0892 0.0493 0.0039
149 0.0815 0.8359 0.0538 0.0208 0.0063 0.0019
150 0.1473 0.3943 0.2795 0.1656 0.0066 0.0063
151 0.1186 0.1534 0.5791 0.1030 0.0362 0.0094
152 0.0074 0.0143 0.0469 0.7451 0.0040 0.1825
153 0.0468 0.4446 0.2435 0.2271 0.0239 0.0142
154 0.0150 0.9067 0.0562 0.0147 0.0056 0.0019
155 0.0894 0.7422 0.0309 0.0559 0.0690 0.0124
156 0.0174 0.0791 0.1245 0.7163 0.0074 0.0552
157 0.1104 0.4507 0.3271 0.0450 0.0269 0.0400
158 0.2644 0.2465 0.4429 0.0290 0.0164 0.0009
159 0.0795 0.3350 0.3049 0.1582 0.0422 0.0802
160 0.0394 0.7383 0.1196 0.0433 0.0379 0.0218
161 0.1884 0.5454 0.1367 0.0732 0.0363 0.0202
162 0.0641 0.7456 0.0612 0.0756 0.0469 0.0068
163 0.0095 0.5127 0.0310 0.4250 0.0112 0.0103
164 0.0405 0.7700 0.1002 0.0751 0.0062 0.0080
165 0.0659 0.1644 0.4331 0.2145 0.0126 0.1095
166 0.0424 0.7690 0.0646 0.0732 0.0360 0.0146
167 0.1324 0.3833 0.3601 0.0992 0.0106 0.0143
168 0.1085 0.1788 0.3447 0.3240 0.0081 0.0358
169 0.0993 0.1074 0.2308 0.3206 0.0317 0.2102
170 0.0734 0.0627 0.1788 0.4785 0.0220 0.1844
171 0.1946 0.2539 0.3364 0.1564 0.0084 0.0504
172 0.3052 0.3098 0.1559 0.1738 0.0123 0.0429
173 0.0327 0.2203 0.4246 0.2830 0.0202 0.0193
174 0.1448 0.3113 0.1471 0.1403 0.2522 0.0044
175 0.0567 0.6143 0.0533 0.1426 0.1268 0.0064
176 0.0432 0.8027 0.0833 0.0443 0.0231 0.0034
177 0.0861 0.6313 0.0447 0.2131 0.0219 0.0029
178 0.0795 0.6602 0.1053 0.0894 0.0564 0.0092
179 0.0424 0.8389 0.0603 0.0338 0.0208 0.0037
180 0.0410 0.4402 0.2842 0.0777 0.0195 0.1375
181 0.0918 0.5581 0.1958 0.0817 0.0420 0.0307
182 0.0454 0.1345 0.2893 0.3772 0.1263 0.0271
183 0.0537 0.0638 0.3191 0.3044 0.0497 0.2092
184 0.0555 0.4680 0.0292 0.3372 0.0900 0.0201
185 0.0692 0.8486 0.0364 0.0226 0.0177 0.0053
186 0.0403 0.8618 0.0359 0.0230 0.0359 0.0034
187 0.1384 0.6201 0.0563 0.0795 0.0951 0.0106
188 0.1418 0.3977 0.0490 0.2932 0.1071 0.0110
189 0.0902 0.5698 0.0731 0.2339 0.0239 0.0090
190 0.0488 0.2722 0.1092 0.5166 0.0303 0.0225
191 0.1368 0.3809 0.3159 0.1317 0.0103 0.0244
192 0.0364 0.7979 0.0754 0.0334 0.0166 0.0403
193 0.0754 0.7793 0.0367 0.0128 0.0345 0.0615
194 0.1748 0.3789 0.1052 0.0590 0.2075 0.0746
195 0.1078 0.2864 0.4167 0.0795 0.0230 0.0867
196 0.0117 0.9507 0.0082 0.0266 0.0022 0.0005
197 0.1133 0.7568 0.0511 0.0677 0.0105 0.0007
198 0.2115 0.6567 0.0984 0.0228 0.0098 0.0007
199 0.0486 0.7134 0.0981 0.0576 0.0190 0.0633
200 0.1338 0.5723 0.0734 0.0500 0.0662 0.1042
201 0.1192 0.5820 0.0973 0.0965 0.0316 0.0734
202 0.0776 0.7715 0.0974 0.0313 0.0132 0.0091
203 0.2245 0.4226 0.1567 0.0467 0.1483 0.0012
204 0.0759 0.4614 0.0569 0.3027 0.0887 0.0144
205 0.1625 0.7280 0.0404 0.0349 0.0227 0.0115
206 0.1338 0.7461 0.0473 0.0414 0.0220 0.0096
207 0.0739 0.6958 0.1932 0.0299 0.0067 0.0005
208 0.1203 0.2145 0.3323 0.2145 0.0753 0.0432
209 0.1081 0.6172 0.1622 0.0592 0.0410 0.0122
210 0.0513 0.6206 0.2507 0.0538 0.0040 0.0195
211 0.0909 0.2888 0.1925 0.3223 0.0226 0.0828
212 0.0542 0.0788 0.2751 0.4980 0.0277 0.0663
213 0.0386 0.0636 0.2365 0.4702 0.0128 0.1785
214 0.0356 0.0696 0.4758 0.3074 0.0103 0.1013
215 0.0648 0.1137 0.1555 0.5776 0.0452 0.0432
216 0.0261 0.4485 0.3333 0.1411 0.0066 0.0444
217 0.0254 0.5308 0.0759 0.3428 0.0233 0.0019
218 0.0475 0.6616 0.1647 0.0809 0.0382 0.0073
219 0.0540 0.6997 0.0597 0.1466 0.0345 0.0056
220 0.0775 0.7402 0.1018 0.0632 0.0157 0.0014
221 0.0537 0.8203 0.0412 0.0306 0.0299 0.0242
222 0.0881 0.7319 0.1282 0.0203 0.0254 0.0064
223 0.0532 0.2073 0.3210 0.3752 0.0264 0.0170
224 0.0888 0.6260 0.1765 0.0436 0.0498 0.0153
225 0.0754 0.7920 0.0660 0.0056 0.0597 0.0012
226 0.1343 0.0874 0.3123 0.3652 0.0322 0.0686
227 0.1099 0.3035 0.2986 0.1898 0.0721 0.0261
228 0.0353 0.1353 0.2817 0.2128 0.0105 0.3245
229 0.0487 0.5034 0.1534 0.2571 0.0176 0.0198
230 0.0928 0.1628 0.1119 0.5098 0.1102 0.0125
231 0.2217 0.5444 0.0742 0.0681 0.0895 0.0021
232 0.2012 0.3267 0.1155 0.2028 0.1427 0.0113
233 0.3350 0.1570 0.2671 0.1510 0.0506 0.0394
234 0.2625 0.3589 0.2839 0.0336 0.0581 0.0032
235 0.2124 0.2522 0.1934 0.1775 0.1483 0.0163
236 0.2517 0.3550 0.1066 0.0232 0.2617 0.0021
237 0.3284 0.2040 0.0898 0.0580 0.3159 0.0040
238 0.0594 0.3813 0.4529 0.0775 0.0060 0.0231
239 0.0060 0.9619 0.0223 0.0064 0.0029 0.0006
240 0.0967 0.4871 0.0494 0.0901 0.0605 0.2162
241 0.0177 0.7817 0.0283 0.1317 0.0071 0.0335
242 0.0648 0.5337 0.3237 0.0599 0.0039 0.0139
243 0.1512 0.4961 0.2380 0.0785 0.0343 0.0018
244 0.0631 0.1715 0.4050 0.2006 0.0523 0.1074
245 0.0933 0.1356 0.1143 0.5894 0.0236 0.0440
246 0.1333 0.7378 0.0861 0.0382 0.0029 0.0015
247 0.1293 0.3921 0.3860 0.0861 0.0045 0.0021
248 0.0410 0.7676 0.0583 0.1039 0.0259 0.0032
249 0.1245 0.7163 0.1024 0.0511 0.0040 0.0018
250 0.0541 0.1517 0.2462 0.4602 0.0079 0.0800
251 0.1222 0.6060 0.2411 0.0059 0.0239 0.0009
252 0.0768 0.1482 0.3237 0.3965 0.0323 0.0226
253 0.0522 0.3435 0.1809 0.3892 0.0198 0.0144
254 0.1235 0.6323 0.0856 0.0340 0.1188 0.0057
255 0.0291 0.7612 0.1725 0.0305 0.0054 0.0012
256 0.0448 0.1885 0.2700 0.4739 0.0032 0.0194
257 0.0456 0.0936 0.5137 0.2708 0.0056 0.0706
258 0.1670 0.5225 0.0801 0.0162 0.0974 0.1166
259 0.0475 0.1156 0.1086 0.6650 0.0406 0.0226
260 0.1396 0.7314 0.0730 0.0373 0.0128 0.0059
261 0.0563 0.7026 0.0460 0.1847 0.0098 0.0007
262 0.0399 0.3972 0.1708 0.3450 0.0135 0.0336
263 0.0300 0.0803 0.2634 0.5239 0.0234 0.0791
264 0.0264 0.1494 0.0980 0.5815 0.0421 0.1027
265 0.1113 0.1570 0.1364 0.1301 0.0182 0.4470
