time exciting_prob fearful_prob tense_prob sad_prob relaxing_prob neutral_prob
0 0.1136 0.1553 0.1349 0.1288 0.0181 0.4492
1 0.1041 0.4119 0.3108 0.1445 0.0272 0.0015
2 0.0895 0.3594 0.2214 0.2844 0.0260 0.0193
3 0.0890 0.2273 0.1975 0.4451 0.0349 0.0064
4 0.2549 0.4690 0.1956 0.0583 0.0195 0.0027
5 0.2048 0.2590 0.1924 0.3076 0.0359 0.0004
6 0.2878 0.2810 0.3418 0.0622 0.0264 0.0008
7 0.3911 0.2487 0.3047 0.0144 0.0409 0.0003
8 0.4141 0.3516 0.1323 0.0468 0.0552 0.0001
9 0.4861 0.1693 0.2261 0.0690 0.0493 0.0002
10 0.3313 0.1403 0.3843 0.0512 0.0927 0.0002
11 0.3960 0.1991 0.1975 0.1083 0.0986 0.0005
12 0.4260 0.1155 0.3369 0.0449 0.0764 0.0001
13 0.5293 0.2123 0.1349 0.0700 0.0533 0.0002
14 0.2637 0.4453 0.1306 0.1180 0.0424 0.0001
15 0.3491 0.1389 0.1326 0.2698 0.1074 0.0022
16 0.0563 0.0590 0.2446 0.6147 0.0207 0.0044
17 0.0984 0.1304 0.2983 0.4695 0.0026 0.0007
18 0.1256 0.1058 0.0786 0.6685 0.0208 0.0004
19 0.0872 0.2158 0.2859 0.4033 0.0067 0.0011
20 0.2197 0.1582 0.3979 0.2130 0.0071 0.0041
21 0.3223 0.0828 0.0510 0.5229 0.0203 0.0006
22 0.1241 0.2627 0.2886 0.2979 0.0244 0.0022
23 0.5381 0.0728 0.0258 0.3262 0.0352 0.0021
24 0.6416 0.1187 0.0223 0.1810 0.0356 0.0006
25 0.1157 0.5024 0.2062 0.1581 0.0157 0.0019
26 0.4963 0.3438 0.1041 0.0417 0.0140 0.0002
27 0.5327 0.2964 0.1235 0.0136 0.0338 0.0000
28 0.3345 0.4644 0.1543 0.0358 0.0107 0.0003
29 0.3328 0.5234 0.1168 0.0195 0.0073 0.0002
30 0.4065 0.3940 0.1270 0.0409 0.0304 0.0012
31 0.5581 0.1490 0.2069 0.0699 0.0111 0.0048
32 0.5879 0.1765 0.2001 0.0230 0.0065 0.0058
33 0.7041 0.1273 0.0999 0.0457 0.0216 0.0012
34 0.6245 0.0936 0.1383 0.1230 0.0199 0.0008
35 0.5146 0.2017 0.1595 0.1149 0.0078 0.0013
36 0.1787 0.2561 0.1995 0.3611 0.0042 0.0005
37 0.3167 0.1129 0.2544 0.0533 0.2625 0.0001
38 0.2773 0.1461 0.2605 0.0297 0.2861 0.0002
39 0.3921 0.0803 0.4805 0.0257 0.0213 0.0001
40 0.2433 0.3711 0.3274 0.0543 0.0033 0.0006
41 0.3818 0.3020 0.2666 0.0309 0.0186 0.0000
42 0.0949 0.1209 0.2405 0.5337 0.0089 0.0013
43 0.1332 0.0759 0.6553 0.0381 0.0974 0.0001
44 0.1335 0.2419 0.2576 0.3574 0.0070 0.0025
45 0.0807 0.2952 0.5781 0.0435 0.0027 0.0000
46 0.0905 0.4966 0.3467 0.0411 0.0253 0.0000
47 0.0319 0.6406 0.1954 0.1140 0.0180 0.0000
48 0.6157 0.1364 0.1968 0.0353 0.0148 0.0009
49 0.1236 0.3662 0.4451 0.0455 0.0196 0.0001
50 0.0910 0.3894 0.0423 0.4551 0.0221 0.0001
51 0.2585 0.4536 0.0659 0.1981 0.0238 0.0001
52 0.0918 0.1216 0.0561 0.6997 0.0291 0.0017
53 0.2637 0.3926 0.2678 0.0553 0.0153 0.0054
54 0.4607 0.1028 0.3318 0.0690 0.0207 0.0148
55 0.2004 0.5283 0.2168 0.0392 0.0132 0.0023
56 0.1812 0.4519 0.3306 0.0265 0.0083 0.0017
57 0.2927 0.2974 0.2045 0.1776 0.0258 0.0019
58 0.2330 0.2190 0.3445 0.1902 0.0126 0.0006
59 0.0563 0.0851 0.8267 0.0285 0.0030 0.0002
60 0.1071 0.1464 0.6162 0.1272 0.0025 0.0005
61 0.0557 0.2069 0.5200 0.2134 0.0033 0.0008
62 0.5073 0.1837 0.1465 0.1355 0.0179 0.0094
63 0.0598 0.1664 0.5811 0.1691 0.0224 0.0015
64 0.2751 0.4829 0.1891 0.0268 0.0258 0.0004
65 0.1458 0.3840 0.2257 0.2120 0.0323 0.0003
66 0.0983 0.4875 0.3147 0.0494 0.0494 0.0007
67 0.1938 0.1281 0.0916 0.4507 0.1281 0.0079
68 0.4109 0.2035 0.3354 0.0314 0.0153 0.0033
69 0.1448 0.6094 0.1830 0.0316 0.0311 0.0002
70 0.1566 0.4497 0.2925 0.0723 0.0274 0.0015
71 0.5474 0.0409 0.0577 0.2390 0.1103 0.0048
72 0.1743 0.1207 0.3867 0.2537 0.0282 0.0363
73 0.2296 0.5337 0.1816 0.0318 0.0202 0.0028
74 0.5615 0.0569 0.2305 0.0547 0.0953 0.0012
75 0.4570 0.1617 0.1270 0.1790 0.0740 0.0012
76 0.3352 0.4954 0.0778 0.0803 0.0076 0.0038
77 0.1458 0.2056 0.3608 0.2766 0.0106 0.0007
78 0.1443 0.1089 0.6172 0.0487 0.0803 0.0005
79 0.2554 0.3330 0.3894 0.0064 0.0158 0.0002
80 0.1630 0.0517 0.6758 0.0981 0.0111 0.0005
81 0.3416 0.0421 0.2312 0.3416 0.0414 0.0020
82 0.2074 0.0369 0.4458 0.2791 0.0306 0.0003
83 0.0526 0.0443 0.2050 0.6826 0.0122 0.0030
84 0.1234 0.0882 0.6367 0.1420 0.0087 0.0012
85 0.4614 0.0821 0.1113 0.3220 0.0100 0.0131
86 0.2058 0.1278 0.5337 0.1155 0.0159 0.0012
87 0.2593 0.0382 0.2218 0.4624 0.0167 0.0014
88 0.2817 0.1351 0.4573 0.0283 0.0922 0.0054
89 0.2573 0.3801 0.2915 0.0320 0.0385 0.0005
90 0.2686 0.3970 0.2949 0.0334 0.0058 0.0001
91 0.3992 0.1492 0.2942 0.1276 0.0280 0.0020
92 0.3787 0.1003 0.1278 0.3669 0.0228 0.0033
93 0.3105 0.0897 0.1810 0.3923 0.0203 0.0061
94 0.3857 0.2130 0.2340 0.0834 0.0802 0.0036
95 0.1340 0.0262 0.0240 0.7959 0.0111 0.0086
96 0.1144 0.1873 0.6484 0.0396 0.0054 0.0052
97 0.2368 0.1641 0.5337 0.0599 0.0039 0.0018
98 0.5771 0.2368 0.1470 0.0264 0.0126 0.0003
99 0.1423 0.1135 0.6328 0.0830 0.0116 0.0170
100 0.1672 0.2358 0.4106 0.1387 0.0454 0.0021
101 0.3584 0.1076 0.4392 0.0497 0.0390 0.0063
102 0.4309 0.0216 0.0484 0.4019 0.0969 0.0004
103 0.2316 0.4941 0.1803 0.0572 0.0105 0.0264
104 0.2727 0.0885 0.2903 0.3340 0.0107 0.0040
105 0.2971 0.3162 0.3262 0.0463 0.0126 0.0016
106 0.0823 0.1638 0.5991 0.1445 0.0095 0.0006
107 0.3838 0.0637 0.3108 0.1842 0.0305 0.0269
108 0.1815 0.1541 0.5767 0.0793 0.0067 0.0017
109 0.1331 0.2245 0.5732 0.0599 0.0084 0.0009
110 0.1620 0.1570 0.4541 0.1375 0.0894 0.0001
111 0.1650 0.1100 0.5127 0.1083 0.1041 0.0001
112 0.5176 0.2225 0.1554 0.0581 0.0459 0.0005
113 0.5171 0.2642 0.1448 0.0463 0.0268 0.0007
114 0.4883 0.1868 0.1501 0.1586 0.0140 0.0021
115 0.6978 0.1863 0.0345 0.0361 0.0432 0.0024
116 0.6436 0.1381 0.0173 0.0934 0.1075 0.0002
117 0.6968 0.2563 0.0341 0.0033 0.0096 0.0001
118 0.2510 0.2981 0.1725 0.2413 0.0132 0.0241
119 0.2397 0.1187 0.4341 0.1942 0.0114 0.0018
120 0.0875 0.0417 0.6987 0.1609 0.0103 0.0009
121 0.1119 0.6343 0.0355 0.0172 0.2010 0.0002
122 0.3250 0.2510 0.1063 0.1780 0.1398 0.0001
123 0.2759 0.4175 0.1334 0.0430 0.1304 0.0000
124 0.1573 0.5713 0.0798 0.0737 0.1179 0.0001
125 0.6323 0.1990 0.1356 0.0166 0.0159 0.0007
126 0.3826 0.4072 0.1046 0.0713 0.0321 0.0022
127 0.0933 0.0349 0.0300 0.0234 0.8184 0.0003
128 0.2781 0.3982 0.1443 0.1263 0.0531 0.0001
129 0.6030 0.1741 0.1039 0.0203 0.0969 0.0019
130 0.1547 0.0601 0.1753 0.4204 0.1865 0.0030
131 0.4717 0.0581 0.1682 0.1077 0.1920 0.0023
132 0.4631 0.2703 0.0905 0.0459 0.1296 0.0006
133 0.3342 0.3091 0.2996 0.0136 0.0425 0.0011
134 0.1299 0.3044 0.5425 0.0037 0.0192 0.0001
135 0.2087 0.0405 0.3440 0.4023 0.0030 0.0015
136 0.1578 0.2502 0.5259 0.0525 0.0130 0.0006
137 0.1659 0.0400 0.3274 0.2080 0.2549 0.0039
138 0.3232 0.3635 0.2700 0.0181 0.0229 0.0023
139 0.3186 0.4187 0.2241 0.0169 0.0166 0.0052
140 0.3696 0.2368 0.3499 0.0197 0.0212 0.0028
141 0.3726 0.1554 0.2881 0.0212 0.1615 0.0013
142 0.2844 0.1986 0.2002 0.2778 0.0309 0.0079
143 0.3591 0.2264 0.2111 0.1631 0.0321 0.0081
144 0.1180 0.5454 0.2920 0.0315 0.0122 0.0007
145 0.0906 0.0838 0.5508 0.2603 0.0113 0.0031
146 0.2136 0.1117 0.5806 0.0424 0.0404 0.0114
147 0.3679 0.0901 0.3428 0.0490 0.1332 0.0169
148 0.2593 0.1768 0.3984 0.1283 0.0327 0.0046
149 0.3477 0.4534 0.1832 0.0085 0.0055 0.0018
150 0.4424 0.2139 0.1118 0.0533 0.1774 0.0014
151 0.4036 0.1202 0.3423 0.0478 0.0859 0.0002
152 0.3311 0.1277 0.2598 0.1075 0.1731 0.0009
153 0.3306 0.0738 0.3926 0.1444 0.0579 0.0006
154 0.2878 0.3752 0.2581 0.0242 0.0545 0.0003
155 0.5825 0.1405 0.1362 0.0345 0.1061 0.0001
156 0.4597 0.1050 0.0536 0.3525 0.0165 0.0127
157 0.4087 0.1664 0.3037 0.1066 0.0138 0.0010
158 0.5425 0.0684 0.3140 0.0723 0.0024 0.0007
159 0.6753 0.2192 0.0521 0.0352 0.0180 0.0002
160 0.3870 0.1423 0.4351 0.0118 0.0236 0.0001
161 0.3079 0.3713 0.2937 0.0137 0.0105 0.0026
162 0.3289 0.0408 0.3447 0.2603 0.0236 0.0017
163 0.5361 0.2084 0.1410 0.0491 0.0635 0.0016
164 0.7407 0.0805 0.0528 0.0229 0.1026 0.0006
165 0.6113 0.1486 0.2179 0.0146 0.0072 0.0007
166 0.2908 0.1631 0.2487 0.2318 0.0638 0.0018
167 0.3357 0.1729 0.1913 0.2698 0.0255 0.0049
168 0.5762 0.2556 0.0926 0.0274 0.0480 0.0000
169 0.5591 0.2277 0.1553 0.0202 0.0378 0.0001
170 0.2625 0.2666 0.3369 0.0996 0.0344 0.0001
171 0.6021 0.2433 0.0967 0.0322 0.0256 0.0000
172 0.4912 0.1464 0.1807 0.0388 0.1429 0.0001
173 0.4465 0.2646 0.2448 0.0084 0.0355 0.0001
174 0.5103 0.2507 0.1619 0.0077 0.0696 0.0000
175 0.5869 0.1240 0.1580 0.1086 0.0204 0.0019
176 0.5107 0.1793 0.2163 0.0736 0.0195 0.0004
177 0.3240 0.1775 0.2949 0.1860 0.0165 0.0011
178 0.1187 0.7329 0.1205 0.0227 0.0039 0.0014
179 0.3398 0.6060 0.0179 0.0248 0.0090 0.0023
180 0.2141 0.2664 0.4392 0.0751 0.0046 0.0005
181 0.0605 0.5879 0.3147 0.0267 0.0100 0.0000
182 0.0457 0.6772 0.1500 0.0284 0.0984 0.0000
183 0.1143 0.4521 0.3748 0.0421 0.0154 0.0015
184 0.7441 0.1609 0.0692 0.0079 0.0178 0.0002
185 0.4932 0.2639 0.1154 0.0408 0.0864 0.0002
186 0.1871 0.3779 0.4150 0.0145 0.0049 0.0003
187 0.1110 0.3845 0.4426 0.0372 0.0242 0.0005
188 0.0565 0.2534 0.6782 0.0034 0.0083 0.0004
189 0.1943 0.6226 0.0602 0.1040 0.0138 0.0051
190 0.4180 0.4736 0.0646 0.0291 0.0138 0.0010
191 0.1823 0.0975 0.5703 0.1442 0.0026 0.0032
192 0.5229 0.0406 0.0573 0.3350 0.0337 0.0106
193 0.1304 0.1064 0.1324 0.5845 0.0454 0.0007
194 0.1351 0.1708 0.0807 0.5425 0.0706 0.0002
195 0.2795 0.2211 0.1708 0.2930 0.0347 0.0010
196 0.2416 0.1123 0.5796 0.0447 0.0194 0.0026
197 0.5771 0.3391 0.0159 0.0251 0.0428 0.0000
198 0.3687 0.1008 0.0315 0.3545 0.1443 0.0005
199 0.1465 0.4307 0.3684 0.0495 0.0046 0.0005
200 0.3198 0.2778 0.2214 0.1376 0.0429 0.0005
201 0.5928 0.3198 0.0332 0.0304 0.0237 0.0003
202 0.4324 0.1248 0.3315 0.0878 0.0219 0.0016
203 0.5063 0.1923 0.1373 0.1497 0.0131 0.0012
204 0.4304 0.2800 0.0295 0.0400 0.2198 0.0001
205 0.3533 0.1103 0.1604 0.3118 0.0604 0.0039
206 0.4602 0.3367 0.0995 0.0745 0.0285 0.0004
207 0.2019 0.2634 0.2306 0.2739 0.0298 0.0005
208 0.6113 0.0735 0.1879 0.0659 0.0605 0.0009
209 0.5239 0.2134 0.1958 0.0237 0.0430 0.0003
210 0.3813 0.3755 0.1995 0.0213 0.0222 0.0001
211 0.3159 0.3159 0.2854 0.0408 0.0417 0.0003
212 0.1026 0.0496 0.6387 0.1470 0.0445 0.0177
213 0.3408 0.1973 0.2341 0.0656 0.1610 0.0014
214 0.3569 0.2529 0.1866 0.1621 0.0385 0.0029
215 0.3870 0.3335 0.1901 0.0557 0.0318 0.0021
216 0.3826 0.3738 0.1808 0.0235 0.0382 0.0012
217 0.3530 0.3699 0.2059 0.0279 0.0418 0.0014
218 0.3752 0.2788 0.2810 0.0315 0.0315 0.0019
219 0.1136 0.1553 0.1349 0.1288 0.0181 0.4492
220 0.4148 0.0338 0.0811 0.4417 0.0253 0.0034
221 0.3523 0.0122 0.0455 0.5718 0.0116 0.0067
222 0.3047 0.0082 0.0321 0.6250 0.0177 0.0125
223 0.2856 0.0301 0.0711 0.5337 0.0326 0.0466
224 0.6777 0.0332 0.0499 0.1740 0.0556 0.0098
225 0.6782 0.0332 0.0491 0.1742 0.0557 0.0097
226 0.6758 0.0331 0.0497 0.1763 0.0555 0.0099
227 0.2429 0.0299 0.0753 0.5649 0.0295 0.0577
