time exciting_prob fearful_prob tense_prob sad_prob relaxing_prob neutral_prob
0 0.2212 0.2795 0.1805 0.1569 0.0880 0.0741
1 0.0944 0.0873 0.1052 0.6152 0.0233 0.0746
2 0.0779 0.3157 0.3633 0.1885 0.0095 0.0451
3 0.1844 0.3391 0.2581 0.1887 0.0121 0.0176
4 0.1059 0.0927 0.1338 0.4124 0.0240 0.2313
5 0.2396 0.1621 0.3225 0.1986 0.0312 0.0461
6 0.1237 0.4089 0.2944 0.1199 0.0140 0.0389
7 0.1017 0.2830 0.2401 0.3157 0.0070 0.0527
8 0.0805 0.1902 0.5591 0.0524 0.0095 0.1084
9 0.0509 0.3533 0.4680 0.1077 0.0087 0.0115
10 0.0498 0.5229 0.3884 0.0319 0.0035 0.0034
11 0.0555 0.4758 0.4399 0.0164 0.0090 0.0033
12 0.1096 0.3003 0.3052 0.2510 0.0200 0.0139
13 0.1429 0.0615 0.1322 0.5566 0.0237 0.0834
14 0.2430 0.4299 0.2507 0.0304 0.0334 0.0124
15 0.0479 0.4138 0.4915 0.0213 0.0221 0.0035
16 0.0432 0.2109 0.6914 0.0266 0.0219 0.0059
17 0.0927 0.2190 0.2207 0.0071 0.4060 0.0545
18 0.1030 0.2715 0.4617 0.0178 0.1114 0.0348
19 0.0875 0.2472 0.4617 0.0201 0.1333 0.0502
20 0.0646 0.5371 0.2808 0.0180 0.0884 0.0111
21 0.1334 0.4656 0.2959 0.0125 0.0842 0.0083
22 0.1786 0.3752 0.3159 0.0162 0.0956 0.0184
23 0.0892 0.1278 0.7476 0.0214 0.0116 0.0025
24 0.0402 0.1383 0.6914 0.1201 0.0050 0.0052
25 0.0542 0.1670 0.7251 0.0509 0.0008 0.0021
26 0.0750 0.6328 0.2678 0.0185 0.0043 0.0017
27 0.1785 0.5942 0.1587 0.0308 0.0325 0.0050
28 0.1179 0.5669 0.1943 0.0114 0.1040 0.0056
29 0.1316 0.6528 0.1445 0.0207 0.0477 0.0027
30 0.1254 0.6025 0.1852 0.0219 0.0597 0.0054
31 0.0607 0.1783 0.2515 0.4214 0.0495 0.0386
32 0.0417 0.5718 0.3416 0.0310 0.0107 0.0029
33 0.1432 0.3923 0.2573 0.1197 0.0583 0.0291
34 0.1196 0.4692 0.2844 0.0382 0.0772 0.0114
35 0.1399 0.4731 0.2717 0.0205 0.0925 0.0022
36 0.1514 0.3306 0.3958 0.0220 0.0955 0.0048
37 0.1060 0.4534 0.2974 0.0541 0.0103 0.0788
38 0.1141 0.5322 0.2474 0.0345 0.0074 0.0645
39 0.1196 0.4446 0.3545 0.0121 0.0245 0.0447
40 0.1755 0.5117 0.1573 0.0698 0.0380 0.0476
41 0.1674 0.3276 0.2695 0.1196 0.0388 0.0772
42 0.0776 0.0981 0.2281 0.4680 0.0595 0.0685
43 0.0259 0.4958 0.4514 0.0185 0.0071 0.0014
44 0.0766 0.4915 0.2452 0.0472 0.1038 0.0356
45 0.0670 0.6665 0.1766 0.0117 0.0610 0.0173
46 0.0491 0.4019 0.4211 0.0215 0.0962 0.0103
47 0.0533 0.5103 0.3733 0.0112 0.0449 0.0072
48 0.0696 0.5610 0.2162 0.0348 0.1096 0.0089
49 0.1853 0.6621 0.1283 0.0105 0.0122 0.0016
50 0.0983 0.6772 0.2034 0.0093 0.0088 0.0030
51 0.0386 0.6631 0.2898 0.0052 0.0012 0.0020
52 0.0699 0.4084 0.3989 0.0133 0.0856 0.0238
53 0.0468 0.5190 0.3567 0.0543 0.0132 0.0102
54 0.0563 0.5557 0.3164 0.0439 0.0237 0.0041
55 0.1854 0.4180 0.2698 0.0773 0.0265 0.0229
56 0.1582 0.2529 0.2649 0.2489 0.0348 0.0403
57 0.1406 0.4102 0.2754 0.0233 0.0952 0.0555
58 0.1398 0.1488 0.3921 0.0388 0.0848 0.1957
59 0.0883 0.3865 0.3357 0.0829 0.0785 0.0282
60 0.0346 0.0732 0.1501 0.6128 0.0488 0.0804
61 0.1172 0.4934 0.1887 0.0369 0.1602 0.0037
62 0.1015 0.0766 0.2150 0.4275 0.0223 0.1572
63 0.1766 0.4546 0.2358 0.0154 0.1039 0.0134
64 0.0684 0.5088 0.3162 0.0441 0.0466 0.0159
65 0.0390 0.4260 0.4680 0.0435 0.0172 0.0063
66 0.0667 0.2742 0.3577 0.1108 0.1445 0.0462
67 0.2155 0.3389 0.2703 0.0963 0.0421 0.0371
68 0.2761 0.4019 0.2595 0.0330 0.0065 0.0232
69 0.1605 0.2372 0.2861 0.1260 0.0165 0.1736
70 0.0233 0.4392 0.3474 0.0913 0.0928 0.0060
71 0.0235 0.3794 0.4102 0.1053 0.0747 0.0071
72 0.1329 0.5059 0.3115 0.0132 0.0193 0.0170
73 0.0877 0.2764 0.4282 0.0473 0.0798 0.0804
74 0.0811 0.5762 0.1423 0.0289 0.1527 0.0190
75 0.0548 0.5625 0.3411 0.0092 0.0249 0.0078
76 0.0335 0.4922 0.3657 0.0298 0.0755 0.0031
77 0.0471 0.3823 0.4265 0.0165 0.1261 0.0017
78 0.0459 0.2520 0.6958 0.0015 0.0045 0.0006
79 0.4995 0.2416 0.1560 0.0778 0.0181 0.0071
80 0.0662 0.2639 0.6333 0.0148 0.0204 0.0014
81 0.3123 0.2935 0.1453 0.0630 0.1752 0.0108
82 0.1578 0.4937 0.2642 0.0217 0.0585 0.0042
83 0.3069 0.3269 0.2045 0.0900 0.0501 0.0216
84 0.0999 0.3354 0.4172 0.0483 0.0946 0.0045
85 0.0998 0.1725 0.5786 0.0271 0.1204 0.0014
86 0.0678 0.5464 0.2581 0.1059 0.0093 0.0127
87 0.0253 0.1190 0.5332 0.2402 0.0558 0.0267
88 0.1753 0.4917 0.2303 0.0127 0.0854 0.0046
89 0.1501 0.4807 0.2986 0.0117 0.0561 0.0028
90 0.0319 0.1620 0.5312 0.1893 0.0160 0.0696
91 0.0348 0.3921 0.4583 0.0650 0.0159 0.0340
92 0.1241 0.2546 0.4067 0.1104 0.0654 0.0387
93 0.0613 0.3530 0.5381 0.0181 0.0212 0.0080
94 0.0887 0.3735 0.4402 0.0260 0.0685 0.0029
95 0.0898 0.4563 0.3086 0.0699 0.0705 0.0048
96 0.1071 0.4651 0.1985 0.0192 0.2096 0.0008
97 0.0621 0.3491 0.4849 0.0282 0.0636 0.0121
98 0.0652 0.4636 0.3340 0.0071 0.1257 0.0044
99 0.0720 0.4583 0.3918 0.0133 0.0539 0.0107
100 0.0381 0.2996 0.5864 0.0285 0.0442 0.0030
101 0.0294 0.1799 0.7461 0.0197 0.0199 0.0051
102 0.0798 0.2439 0.4485 0.0148 0.1650 0.0480
103 0.0684 0.3848 0.4031 0.0177 0.1085 0.0174
104 0.0374 0.5366 0.2871 0.1133 0.0170 0.0085
105 0.1399 0.4697 0.2437 0.0385 0.0345 0.0737
106 0.0842 0.4177 0.4587 0.0159 0.0149 0.0084
107 0.1278 0.2313 0.2622 0.2747 0.0355 0.0684
108 0.1903 0.3162 0.2705 0.1075 0.0648 0.0508
109 0.0715 0.6470 0.2236 0.0293 0.0170 0.0114
110 0.0853 0.5825 0.1982 0.0456 0.0820 0.0065
111 0.0998 0.5312 0.2375 0.0353 0.0204 0.0759
112 0.0564 0.4983 0.2732 0.0820 0.0329 0.0573
113 0.0386 0.6904 0.1932 0.0492 0.0122 0.0164
114 0.0523 0.5205 0.3867 0.0223 0.0148 0.0033
115 0.0617 0.2808 0.5674 0.0511 0.0227 0.0166
116 0.1426 0.4189 0.3501 0.0202 0.0525 0.0156
117 0.1133 0.2380 0.1769 0.2961 0.0755 0.1000
118 0.1594 0.4436 0.0901 0.0107 0.2776 0.0185
119 0.0700 0.1329 0.3091 0.4224 0.0481 0.0177
120 0.1030 0.5034 0.2571 0.0124 0.1105 0.0136
121 0.0595 0.4907 0.3425 0.0119 0.0915 0.0040
122 0.1205 0.2434 0.1293 0.0345 0.4441 0.0282
123 0.0793 0.4224 0.3137 0.1459 0.0178 0.0209
124 0.0528 0.1118 0.0884 0.6235 0.0942 0.0289
125 0.0846 0.3618 0.1709 0.2373 0.1351 0.0103
126 0.0166 0.6396 0.2280 0.0367 0.0051 0.0740
127 0.0585 0.1566 0.3643 0.3818 0.0074 0.0313
128 0.0652 0.2313 0.3582 0.2969 0.0165 0.0318
129 0.0164 0.5107 0.2096 0.2450 0.0060 0.0125
130 0.0162 0.6626 0.2720 0.0320 0.0084 0.0092
131 0.0533 0.4607 0.4004 0.0272 0.0453 0.0132
132 0.1880 0.3796 0.1333 0.0556 0.1476 0.0960
133 0.2333 0.3906 0.0700 0.0328 0.1155 0.1578
134 0.0722 0.2482 0.3391 0.0627 0.1615 0.1163
135 0.0694 0.4026 0.3210 0.0445 0.0296 0.1328
136 0.1431 0.3740 0.2529 0.0771 0.0457 0.1071
137 0.0905 0.5459 0.1552 0.0280 0.1469 0.0336
138 0.0891 0.2312 0.3015 0.3259 0.0078 0.0445
139 0.0414 0.4849 0.3896 0.0721 0.0073 0.0046
140 0.0739 0.3992 0.4055 0.0421 0.0398 0.0395
141 0.3706 0.0880 0.2710 0.2393 0.0147 0.0164
142 0.1067 0.5679 0.0949 0.0678 0.0191 0.1436
143 0.0351 0.3892 0.2593 0.2218 0.0203 0.0743
144 0.1053 0.4197 0.3704 0.0525 0.0275 0.0246
145 0.0430 0.3989 0.5039 0.0265 0.0195 0.0080
146 0.0762 0.4187 0.1209 0.1470 0.0131 0.2241
147 0.1133 0.5845 0.1783 0.0407 0.0282 0.0548
148 0.0264 0.3672 0.3450 0.2125 0.0177 0.0311
149 0.0558 0.3818 0.3643 0.1748 0.0061 0.0173
150 0.4014 0.0742 0.3328 0.1572 0.0164 0.0181
151 0.0629 0.5303 0.1508 0.1847 0.0107 0.0605
152 0.1381 0.3962 0.3040 0.0233 0.1002 0.0383
153 0.2434 0.4727 0.1205 0.0327 0.1168 0.0139
154 0.0913 0.5215 0.2208 0.0964 0.0258 0.0442
155 0.2278 0.4673 0.1448 0.0627 0.0673 0.0301
156 0.0486 0.6714 0.2507 0.0074 0.0192 0.0027
157 0.0649 0.5737 0.1848 0.0356 0.1271 0.0140
158 0.1321 0.4644 0.1876 0.0177 0.1484 0.0497
159 0.0662 0.5767 0.2461 0.0504 0.0328 0.0276
160 0.1605 0.3425 0.1617 0.0087 0.3191 0.0074
161 0.0856 0.1991 0.1017 0.3718 0.1599 0.0817
162 0.0500 0.4353 0.1678 0.1100 0.1678 0.0689
163 0.0259 0.6846 0.2366 0.0212 0.0123 0.0194
164 0.0304 0.2971 0.6006 0.0279 0.0366 0.0076
165 0.0148 0.2700 0.5630 0.1337 0.0120 0.0067
166 0.0053 0.5430 0.3618 0.0846 0.0043 0.0009
167 0.0224 0.0690 0.6963 0.1707 0.0015 0.0399
168 0.0706 0.5386 0.3115 0.0133 0.0505 0.0156
169 0.0528 0.0898 0.5503 0.2769 0.0030 0.0270
170 0.0379 0.2715 0.4512 0.0742 0.1377 0.0273
171 0.0230 0.4998 0.3953 0.0317 0.0300 0.0202
172 0.4121 0.4089 0.1118 0.0496 0.0164 0.0013
173 0.1949 0.2749 0.2389 0.0501 0.1060 0.1350
174 0.0970 0.3523 0.3838 0.0227 0.0612 0.0830
175 0.0154 0.0875 0.2455 0.0748 0.5444 0.0322
176 0.0771 0.5703 0.2147 0.0218 0.0975 0.0185
177 0.1412 0.4890 0.1562 0.0194 0.1650 0.0291
178 0.0156 0.0563 0.1210 0.0331 0.7412 0.0326
179 0.1029 0.3914 0.2301 0.0453 0.1937 0.0364
180 0.1032 0.2345 0.0672 0.0495 0.5122 0.0335
181 0.1422 0.2458 0.1562 0.0732 0.3359 0.0465
182 0.0338 0.2988 0.2988 0.0138 0.3494 0.0056
183 0.0422 0.2316 0.2544 0.4065 0.0576 0.0077
184 0.0641 0.3386 0.3494 0.1434 0.1001 0.0045
185 0.0370 0.4724 0.3049 0.0860 0.0959 0.0036
186 0.1140 0.4106 0.3682 0.0364 0.0359 0.0350
187 0.1207 0.3718 0.3010 0.0215 0.0817 0.1033
188 0.0541 0.5293 0.2462 0.0390 0.0885 0.0428
189 0.1019 0.6294 0.1340 0.0189 0.0879 0.0279
190 0.1451 0.4136 0.2000 0.0184 0.2063 0.0167
191 0.1669 0.5645 0.1221 0.0281 0.1012 0.0173
192 0.0710 0.5898 0.2186 0.0158 0.0978 0.0071
193 0.1442 0.3301 0.2233 0.0327 0.1302 0.1398
194 0.1309 0.5464 0.1846 0.0470 0.0734 0.0176
195 0.2507 0.3762 0.1462 0.0211 0.1486 0.0573
196 0.0188 0.6670 0.1766 0.0822 0.0547 0.0009
197 0.0221 0.6348 0.1791 0.0670 0.0959 0.0010
198 0.0224 0.5522 0.2866 0.0887 0.0475 0.0024
199 0.2458 0.4116 0.1226 0.0383 0.1490 0.0325
200 0.1794 0.4839 0.2250 0.0118 0.0796 0.0203
201 0.0173 0.0566 0.1539 0.1691 0.5718 0.0313
202 0.0677 0.3635 0.4595 0.0346 0.0721 0.0025
203 0.0320 0.3079 0.1501 0.4480 0.0579 0.0040
204 0.0331 0.6045 0.3040 0.0181 0.0355 0.0049
205 0.0258 0.4126 0.5215 0.0149 0.0202 0.0048
206 0.0761 0.1884 0.3057 0.0616 0.2783 0.0897
207 0.0160 0.3718 0.2256 0.0499 0.3035 0.0333
208 0.0892 0.5952 0.0878 0.0549 0.1577 0.0154
209 0.0583 0.4016 0.2893 0.0767 0.1345 0.0395
210 0.0517 0.4363 0.4099 0.0168 0.0634 0.0221
211 0.0578 0.2130 0.1738 0.4951 0.0547 0.0056
212 0.0116 0.4624 0.5078 0.0112 0.0047 0.0022
213 0.0252 0.4614 0.4336 0.0615 0.0148 0.0036
214 0.0726 0.5327 0.2786 0.0223 0.0911 0.0026
215 0.1902 0.3752 0.0912 0.1759 0.0107 0.1565
216 0.3357 0.2052 0.0338 0.1624 0.0210 0.2418
217 0.1924 0.3147 0.0534 0.1969 0.0158 0.2267
218 0.2063 0.3945 0.0665 0.2112 0.0083 0.1130
219 0.3906 0.2583 0.1803 0.0292 0.1288 0.0129
220 0.3838 0.3662 0.1058 0.0267 0.1049 0.0124
221 0.3386 0.2830 0.2498 0.0280 0.0905 0.0101
222 0.3477 0.2749 0.2028 0.0226 0.1299 0.0220
223 0.2808 0.3870 0.2007 0.0343 0.0817 0.0155
224 0.1307 0.2581 0.0673 0.3015 0.0148 0.2277
225 0.1743 0.3521 0.1276 0.1400 0.0411 0.1650
226 0.2976 0.4468 0.0859 0.0337 0.1166 0.0193
227 0.1113 0.5698 0.1984 0.0217 0.0665 0.0324
228 0.0840 0.5439 0.2629 0.0450 0.0518 0.0123
229 0.1954 0.4993 0.1986 0.0342 0.0416 0.0309
230 0.0449 0.7837 0.0900 0.0239 0.0486 0.0087
231 0.0392 0.2683 0.3445 0.3137 0.0201 0.0142
232 0.0718 0.3347 0.5435 0.0275 0.0159 0.0065
233 0.2932 0.3455 0.2568 0.0179 0.0808 0.0059
234 0.1355 0.4917 0.3433 0.0192 0.0094 0.0009
235 0.0806 0.6333 0.2057 0.0705 0.0081 0.0017
236 0.2571 0.4077 0.2590 0.0226 0.0447 0.0087
237 0.1268 0.4568 0.1019 0.1816 0.0079 0.1249
238 0.0847 0.1353 0.4231 0.3245 0.0123 0.0201
239 0.0698 0.1097 0.2551 0.5156 0.0345 0.0152
240 0.1039 0.7217 0.1466 0.0070 0.0162 0.0048
241 0.1090 0.4448 0.2345 0.0199 0.1688 0.0229
242 0.1929 0.3467 0.1082 0.0120 0.2964 0.0437
243 0.2220 0.4663 0.1041 0.0211 0.1008 0.0856
244 0.0829 0.7568 0.1245 0.0139 0.0179 0.0041
245 0.1216 0.5449 0.1444 0.0187 0.1456 0.0245
246 0.1044 0.5137 0.2446 0.0093 0.1069 0.0209
247 0.0817 0.5850 0.2069 0.0257 0.0693 0.0317
248 0.0323 0.6338 0.1172 0.1578 0.0118 0.0470
249 0.0762 0.4185 0.4219 0.0156 0.0553 0.0124
250 0.0671 0.6270 0.2252 0.0195 0.0579 0.0034
251 0.0549 0.4121 0.4819 0.0149 0.0292 0.0070
252 0.0676 0.4768 0.2378 0.1768 0.0269 0.0142
253 0.1133 0.3328 0.1853 0.2937 0.0188 0.0561
254 0.1005 0.4536 0.2883 0.0181 0.1202 0.0192
255 0.1022 0.4304 0.3682 0.0136 0.0742 0.0114
256 0.1091 0.3635 0.3809 0.0232 0.0986 0.0247
257 0.1071 0.4473 0.3455 0.0376 0.0426 0.0201
258 0.0650 0.1465 0.1420 0.5884 0.0161 0.0420
259 0.0635 0.1838 0.2019 0.4844 0.0146 0.0518
260 0.1327 0.4285 0.3721 0.0151 0.0408 0.0108
261 0.0828 0.4336 0.3828 0.0106 0.0809 0.0094
262 0.0731 0.3623 0.4204 0.0211 0.1063 0.0170
263 0.0896 0.5034 0.3354 0.0495 0.0183 0.0035
264 0.0754 0.2217 0.1500 0.5151 0.0135 0.0241
265 0.0883 0.2939 0.4019 0.1782 0.0136 0.0241
266 0.0995 0.3699 0.2542 0.2124 0.0438 0.0204
267 0.0674 0.3242 0.5308 0.0517 0.0192 0.0068
268 0.1313 0.2913 0.2341 0.2847 0.0433 0.0154
269 0.0729 0.5391 0.3591 0.0229 0.0052 0.0008
270 0.0417 0.6226 0.2637 0.0631 0.0051 0.0037
271 0.1018 0.5903 0.2122 0.0657 0.0207 0.0090
272 0.0416 0.5264 0.3096 0.0930 0.0212 0.0081
273 0.0807 0.5430 0.2795 0.0381 0.0497 0.0091
274 0.0475 0.5312 0.3594 0.0364 0.0241 0.0015
275 0.0750 0.1143 0.2615 0.3806 0.0876 0.0811
276 0.1013 0.3674 0.3269 0.0497 0.1362 0.0186
277 0.0931 0.5073 0.2693 0.0245 0.0961 0.0098
278 0.1080 0.4014 0.1781 0.2551 0.0385 0.0191
