time exciting_prob fearful_prob tense_prob sad_prob relaxing_prob neutral_prob
0 0.1136 0.1553 0.1349 0.1288 0.0181 0.4492
1 0.1062 0.6929 0.0665 0.0494 0.0429 0.0423
2 0.1494 0.5864 0.0717 0.0260 0.1506 0.0157
3 0.0765 0.7095 0.0565 0.0253 0.1195 0.0126
4 0.0822 0.6567 0.1283 0.0200 0.1007 0.0118
5 0.0681 0.6670 0.1283 0.0280 0.0803 0.0284
6 0.0955 0.6128 0.1032 0.0484 0.1057 0.0343
7 0.0738 0.6577 0.1025 0.0280 0.1134 0.0245
8 0.0793 0.6436 0.1075 0.0341 0.1209 0.0147
9 0.0867 0.6309 0.1223 0.0353 0.1022 0.0228
10 0.1111 0.6294 0.0900 0.0435 0.1003 0.0260
11 0.0911 0.7227 0.0488 0.0401 0.0843 0.0130
12 0.1443 0.4585 0.1055 0.0666 0.2051 0.0200
13 0.1192 0.5732 0.0965 0.0432 0.1578 0.0102
14 0.0823 0.6172 0.0726 0.0480 0.1715 0.0083
15 0.0555 0.5068 0.0670 0.2249 0.1301 0.0159
16 0.0822 0.6777 0.0574 0.0454 0.1274 0.0096
17 0.1080 0.6719 0.0676 0.0364 0.1097 0.0067
18 0.0895 0.6719 0.0867 0.0319 0.1123 0.0077
19 0.0583 0.7622 0.0862 0.0164 0.0704 0.0063
20 0.0697 0.7495 0.0748 0.0239 0.0708 0.0115
21 0.0878 0.7300 0.0618 0.0157 0.1011 0.0037
22 0.0873 0.7544 0.0429 0.0297 0.0833 0.0025
23 0.0730 0.7144 0.0759 0.0615 0.0569 0.0183
24 0.0756 0.6846 0.0792 0.0374 0.1109 0.0123
25 0.1004 0.6597 0.0453 0.0489 0.1361 0.0094
26 0.0737 0.6567 0.0354 0.0511 0.1635 0.0197
27 0.1095 0.5474 0.0501 0.0513 0.2045 0.0372
28 0.0864 0.5371 0.0721 0.0662 0.2104 0.0276
29 0.1179 0.5894 0.0693 0.0229 0.1914 0.0089
30 0.0629 0.6816 0.0600 0.0624 0.1113 0.0216
31 0.0573 0.8291 0.0329 0.0147 0.0591 0.0066
32 0.0710 0.7573 0.0343 0.0421 0.0804 0.0150
33 0.0501 0.8223 0.0547 0.0182 0.0432 0.0117
34 0.1060 0.7188 0.0554 0.0435 0.0695 0.0068
35 0.0801 0.6250 0.0409 0.0605 0.1819 0.0118
36 0.0908 0.6401 0.0304 0.0538 0.1619 0.0228
37 0.0934 0.5811 0.0831 0.0612 0.1639 0.0173
38 0.1090 0.5581 0.0671 0.0362 0.1959 0.0338
39 0.1039 0.6265 0.1106 0.0245 0.1141 0.0205
40 0.1492 0.5205 0.0963 0.0462 0.1515 0.0363
41 0.1069 0.5557 0.0845 0.0643 0.1749 0.0136
42 0.0755 0.5493 0.1099 0.0527 0.1812 0.0312
43 0.0523 0.7744 0.1000 0.0232 0.0414 0.0085
44 0.0732 0.6479 0.1423 0.0163 0.1083 0.0121
45 0.0493 0.6919 0.1094 0.0422 0.0922 0.0152
46 0.0722 0.6904 0.0580 0.0757 0.0898 0.0140
47 0.0976 0.6616 0.0854 0.0391 0.1097 0.0065
48 0.0684 0.4673 0.0663 0.1027 0.2747 0.0209
49 0.1218 0.5210 0.0844 0.0392 0.2206 0.0130
50 0.1423 0.5371 0.1469 0.0424 0.1180 0.0137
51 0.0751 0.5820 0.1449 0.0195 0.1667 0.0118
52 0.1321 0.6011 0.0746 0.0299 0.1497 0.0128
53 0.1685 0.5312 0.0340 0.0703 0.1865 0.0094
54 0.1407 0.5566 0.0555 0.0286 0.2000 0.0188
55 0.0709 0.7617 0.0370 0.0483 0.0698 0.0122
56 0.1060 0.7471 0.1003 0.0097 0.0326 0.0045
57 0.1422 0.6577 0.1587 0.0096 0.0265 0.0053
58 0.0748 0.6558 0.1594 0.0277 0.0596 0.0226
59 0.1049 0.6230 0.1813 0.0188 0.0536 0.0185
60 0.0942 0.7349 0.1127 0.0142 0.0274 0.0168
61 0.0578 0.7036 0.0681 0.0759 0.0332 0.0615
62 0.0447 0.6323 0.0829 0.1116 0.0298 0.0985
63 0.0950 0.6445 0.0958 0.0973 0.0170 0.0505
64 0.0690 0.6553 0.1310 0.0690 0.0273 0.0486
65 0.0344 0.7705 0.0800 0.0787 0.0090 0.0276
66 0.0416 0.4685 0.0923 0.1475 0.0252 0.2249
67 0.0722 0.5249 0.2600 0.0831 0.0270 0.0328
68 0.0426 0.6992 0.0784 0.0450 0.0153 0.1196
69 0.0667 0.6533 0.1002 0.0817 0.0305 0.0677
70 0.0585 0.3477 0.2043 0.0950 0.0402 0.2544
71 0.0547 0.3855 0.1053 0.1879 0.0605 0.2063
72 0.1162 0.5210 0.1058 0.1564 0.0371 0.0637
73 0.1411 0.6836 0.0575 0.0631 0.0351 0.0195
74 0.0973 0.6396 0.1201 0.0559 0.0776 0.0097
75 0.0886 0.6919 0.1300 0.0361 0.0471 0.0064
76 0.0586 0.7539 0.1351 0.0273 0.0173 0.0079
77 0.0932 0.7334 0.1151 0.0103 0.0359 0.0121
78 0.0734 0.7241 0.1288 0.0274 0.0283 0.0181
79 0.0457 0.7202 0.1608 0.0394 0.0192 0.0146
80 0.0649 0.6714 0.0319 0.0714 0.1365 0.0239
81 0.0732 0.5005 0.2722 0.0444 0.1017 0.0077
82 0.0623 0.6963 0.0825 0.0972 0.0594 0.0023
83 0.0654 0.5737 0.0789 0.0814 0.1953 0.0051
84 0.0624 0.5967 0.1321 0.1362 0.0685 0.0044
85 0.1249 0.6055 0.1119 0.0893 0.0618 0.0068
86 0.0468 0.6660 0.0840 0.1343 0.0665 0.0025
87 0.1025 0.7114 0.0354 0.0389 0.1066 0.0050
88 0.1194 0.6660 0.0923 0.0311 0.0880 0.0033
89 0.1285 0.2402 0.4087 0.1066 0.0151 0.1009
90 0.1061 0.4756 0.3071 0.0900 0.0076 0.0136
91 0.1351 0.5342 0.2192 0.0412 0.0023 0.0679
92 0.0956 0.5815 0.2173 0.0763 0.0149 0.0144
93 0.0536 0.5288 0.3416 0.0520 0.0070 0.0167
94 0.0411 0.4700 0.3777 0.0682 0.0057 0.0374
95 0.0498 0.2341 0.4656 0.1376 0.0211 0.0917
96 0.0985 0.6226 0.0738 0.0499 0.1456 0.0096
97 0.0616 0.7271 0.0444 0.0215 0.1399 0.0054
98 0.0870 0.6035 0.0963 0.0424 0.1650 0.0056
99 0.1017 0.5894 0.0602 0.0476 0.1826 0.0182
100 0.0792 0.0637 0.1758 0.5854 0.0238 0.0721
101 0.1497 0.5562 0.1270 0.0467 0.1069 0.0137
102 0.2147 0.3767 0.1851 0.1323 0.0635 0.0277
103 0.2416 0.5532 0.0495 0.0210 0.1273 0.0075
104 0.1815 0.5171 0.0858 0.1287 0.0706 0.0164
105 0.0621 0.3464 0.3518 0.1216 0.0925 0.0257
106 0.0392 0.3896 0.2764 0.2037 0.0191 0.0721
107 0.1555 0.4500 0.2839 0.0290 0.0634 0.0183
108 0.1179 0.6372 0.0804 0.1107 0.0208 0.0332
109 0.0482 0.3704 0.1221 0.3943 0.0135 0.0517
110 0.0630 0.7104 0.1478 0.0503 0.0203 0.0079
111 0.0582 0.7432 0.1407 0.0297 0.0139 0.0142
112 0.1473 0.5474 0.1968 0.0735 0.0254 0.0094
113 0.1620 0.4580 0.2321 0.1204 0.0226 0.0049
114 0.0209 0.7207 0.1195 0.1071 0.0280 0.0037
115 0.0291 0.7402 0.0383 0.1083 0.0745 0.0097
116 0.0329 0.4333 0.1038 0.3025 0.1223 0.0052
117 0.0637 0.5337 0.0678 0.2332 0.0980 0.0038
118 0.0304 0.4333 0.0569 0.4268 0.0397 0.0129
119 0.0476 0.5488 0.0414 0.2551 0.1000 0.0071
120 0.0528 0.4187 0.0637 0.3015 0.1589 0.0045
121 0.0659 0.5967 0.0551 0.1213 0.1475 0.0134
122 0.1198 0.4050 0.0890 0.2783 0.0168 0.0911
123 0.0785 0.3713 0.0961 0.3892 0.0237 0.0410
124 0.1550 0.5410 0.1503 0.0693 0.0223 0.0617
125 0.0770 0.4536 0.1543 0.2583 0.0231 0.0336
126 0.1676 0.2220 0.5244 0.0222 0.0580 0.0056
127 0.0584 0.5454 0.2874 0.0282 0.0540 0.0267
128 0.0832 0.3967 0.4094 0.0140 0.0684 0.0283
129 0.0238 0.7646 0.1844 0.0181 0.0042 0.0050
130 0.0323 0.6294 0.0309 0.1775 0.0757 0.0541
131 0.0420 0.5361 0.0218 0.3103 0.0862 0.0032
132 0.0386 0.7002 0.0544 0.0732 0.1285 0.0050
133 0.0713 0.6504 0.0497 0.0501 0.1656 0.0129
134 0.0573 0.6816 0.1148 0.0342 0.0801 0.0321
135 0.0779 0.7056 0.1503 0.0132 0.0377 0.0153
136 0.1245 0.6836 0.0527 0.0287 0.0856 0.0251
137 0.2412 0.3145 0.1486 0.1737 0.0670 0.0551
138 0.2571 0.4443 0.2454 0.0118 0.0243 0.0168
139 0.0609 0.4751 0.0674 0.3643 0.0095 0.0229
140 0.1278 0.6538 0.0554 0.0613 0.0328 0.0689
141 0.2045 0.4329 0.0422 0.0915 0.0275 0.2013
142 0.0524 0.3667 0.0781 0.3611 0.0545 0.0871
143 0.1860 0.5425 0.0826 0.0453 0.1340 0.0095
144 0.1930 0.1306 0.0341 0.3606 0.2328 0.0492
145 0.2460 0.4385 0.1100 0.1359 0.0511 0.0187
146 0.0421 0.1146 0.0717 0.6289 0.0576 0.0851
147 0.1699 0.4338 0.1283 0.1699 0.0784 0.0195
148 0.1716 0.2659 0.3867 0.1074 0.0527 0.0157
149 0.0587 0.6221 0.0910 0.1254 0.0535 0.0495
150 0.1373 0.7842 0.0233 0.0295 0.0160 0.0097
151 0.0264 0.6797 0.0871 0.0399 0.1602 0.0068
152 0.0456 0.8467 0.0508 0.0250 0.0242 0.0076
153 0.1614 0.5010 0.0477 0.0346 0.2349 0.0202
154 0.0363 0.3701 0.3264 0.1519 0.0576 0.0576
155 0.1791 0.5513 0.1862 0.0345 0.0422 0.0066
156 0.0948 0.7935 0.0553 0.0289 0.0242 0.0035
157 0.1154 0.6289 0.0751 0.0516 0.1163 0.0127
158 0.0759 0.6406 0.2469 0.0089 0.0148 0.0127
159 0.0386 0.7812 0.1266 0.0253 0.0134 0.0149
160 0.0708 0.5977 0.0635 0.0874 0.1431 0.0379
161 0.1381 0.4932 0.0662 0.1425 0.1199 0.0402
162 0.0457 0.7441 0.1089 0.0420 0.0547 0.0047
163 0.2200 0.2200 0.4656 0.0417 0.0317 0.0211
164 0.0592 0.2493 0.4111 0.1768 0.0265 0.0772
165 0.0623 0.3640 0.2837 0.1888 0.0248 0.0763
166 0.1793 0.2490 0.0828 0.3567 0.0765 0.0556
167 0.1671 0.3594 0.0439 0.2080 0.1880 0.0334
168 0.1655 0.3140 0.0723 0.2859 0.1340 0.0283
169 0.1560 0.5664 0.0809 0.1047 0.0737 0.0182
170 0.1207 0.3438 0.2939 0.0918 0.1107 0.0392
171 0.1118 0.4351 0.1327 0.1731 0.0167 0.1306
172 0.2371 0.5098 0.1483 0.0604 0.0334 0.0109
173 0.1827 0.4890 0.1575 0.0933 0.0536 0.0238
174 0.2527 0.3975 0.1021 0.1791 0.0409 0.0279
175 0.1758 0.6431 0.0905 0.0536 0.0272 0.0098
176 0.2605 0.3616 0.0845 0.1763 0.0865 0.0306
177 0.2014 0.4907 0.1095 0.0820 0.0922 0.0242
178 0.2939 0.2515 0.0484 0.1160 0.2595 0.0305
179 0.2673 0.4077 0.1177 0.1488 0.0327 0.0257
180 0.1204 0.4075 0.0809 0.3098 0.0551 0.0262
181 0.1528 0.2424 0.0306 0.4390 0.1003 0.0349
182 0.2294 0.5503 0.1127 0.0705 0.0296 0.0077
183 0.0829 0.0756 0.1207 0.6626 0.0188 0.0392
184 0.1073 0.5664 0.1421 0.0401 0.1399 0.0039
185 0.1250 0.6919 0.0707 0.0248 0.0690 0.0187
186 0.0735 0.5737 0.2373 0.0741 0.0216 0.0199
187 0.1097 0.6826 0.0815 0.0404 0.0784 0.0073
188 0.1802 0.0787 0.1470 0.4897 0.0442 0.0603
189 0.1131 0.7095 0.0591 0.0861 0.0169 0.0155
190 0.1863 0.4038 0.1462 0.1998 0.0311 0.0326
191 0.2064 0.1895 0.0953 0.3857 0.0748 0.0483
192 0.2251 0.3301 0.0861 0.2959 0.0450 0.0179
193 0.0937 0.0853 0.0685 0.6924 0.0177 0.0422
194 0.0976 0.0660 0.1293 0.6465 0.0280 0.0327
195 0.0395 0.1400 0.0511 0.7002 0.0280 0.0411
196 0.0584 0.1379 0.0588 0.6577 0.0519 0.0351
197 0.1019 0.6245 0.1011 0.0886 0.0717 0.0124
198 0.0964 0.5249 0.0831 0.1665 0.0705 0.0584
199 0.1065 0.6177 0.0598 0.1411 0.0557 0.0191
200 0.1071 0.4507 0.1969 0.1821 0.0183 0.0450
201 0.0553 0.7280 0.1295 0.0636 0.0213 0.0021
202 0.1409 0.5234 0.1571 0.0861 0.0868 0.0060
203 0.0430 0.3989 0.3748 0.0993 0.0191 0.0651
204 0.1229 0.4358 0.1816 0.0812 0.0812 0.0972
205 0.1046 0.6255 0.1375 0.0494 0.0747 0.0082
206 0.0554 0.7954 0.0717 0.0406 0.0226 0.0141
207 0.0649 0.5742 0.2321 0.0654 0.0446 0.0186
208 0.0559 0.6807 0.1495 0.0406 0.0445 0.0290
209 0.0671 0.4802 0.1956 0.1115 0.0433 0.1023
210 0.1387 0.5029 0.1823 0.0426 0.1055 0.0279
211 0.1066 0.5503 0.1552 0.0562 0.0462 0.0857
212 0.1176 0.5835 0.0945 0.0461 0.0530 0.1054
213 0.0447 0.6514 0.0828 0.0822 0.0510 0.0881
214 0.0417 0.6772 0.1097 0.0640 0.0687 0.0385
215 0.0292 0.5430 0.0865 0.0900 0.0486 0.2029
216 0.0643 0.2141 0.1542 0.2426 0.1949 0.1299
217 0.0484 0.4966 0.1479 0.2383 0.0549 0.0139
218 0.0618 0.5913 0.1383 0.0668 0.0559 0.0859
219 0.0486 0.1777 0.0814 0.3120 0.0826 0.2976
220 0.1746 0.7124 0.0320 0.0170 0.0533 0.0107
221 0.1897 0.6221 0.0385 0.0324 0.1098 0.0075
222 0.0554 0.6641 0.1392 0.0608 0.0728 0.0076
223 0.1505 0.6240 0.0657 0.1003 0.0341 0.0255
224 0.1017 0.3013 0.1091 0.3523 0.0320 0.1033
225 0.0459 0.1287 0.0428 0.5088 0.0617 0.2122
226 0.0718 0.7251 0.0412 0.0746 0.0833 0.0038
227 0.0582 0.6406 0.0522 0.1088 0.1365 0.0037
228 0.0605 0.7378 0.0413 0.0317 0.1262 0.0025
229 0.0565 0.1536 0.1177 0.4512 0.0601 0.1609
230 0.0817 0.1960 0.1785 0.3960 0.1171 0.0308
231 0.1923 0.3975 0.2566 0.0416 0.0776 0.0345
232 0.0811 0.2419 0.2698 0.3254 0.0531 0.0284
233 0.0711 0.6050 0.1948 0.0529 0.0580 0.0181
234 0.2261 0.3188 0.1681 0.1761 0.0470 0.0638
235 0.2539 0.4897 0.0516 0.1349 0.0435 0.0264
236 0.1865 0.4041 0.2822 0.0356 0.0759 0.0157
237 0.1260 0.4163 0.2905 0.0820 0.0467 0.0387
238 0.0729 0.1520 0.1240 0.4983 0.0546 0.0981
239 0.0974 0.1290 0.1632 0.5107 0.0124 0.0873
240 0.0516 0.3066 0.0763 0.4675 0.0318 0.0663
241 0.2228 0.4500 0.1681 0.0248 0.1183 0.0161
242 0.1460 0.3044 0.1068 0.2371 0.1289 0.0770
243 0.1093 0.2561 0.5015 0.0349 0.0294 0.0684
244 0.1788 0.3315 0.3584 0.0212 0.0508 0.0594
245 0.1602 0.4028 0.1627 0.1787 0.0448 0.0508
246 0.0939 0.4016 0.3713 0.0946 0.0225 0.0161
247 0.1832 0.2974 0.3044 0.1818 0.0214 0.0118
248 0.2478 0.2170 0.2852 0.1991 0.0343 0.0165
249 0.0328 0.1287 0.7520 0.0408 0.0193 0.0266
250 0.0379 0.3569 0.3857 0.1659 0.0185 0.0351
251 0.0527 0.2220 0.5083 0.1226 0.0651 0.0291
252 0.1111 0.4978 0.2793 0.0628 0.0396 0.0095
253 0.0197 0.2957 0.2649 0.3916 0.0203 0.0079
254 0.0400 0.3193 0.3000 0.3000 0.0337 0.0067
255 0.1549 0.6626 0.1255 0.0308 0.0191 0.0070
256 0.1904 0.5913 0.1259 0.0659 0.0209 0.0056
257 0.3499 0.4026 0.2104 0.0174 0.0121 0.0077
258 0.3049 0.4797 0.1558 0.0214 0.0273 0.0111
259 0.2432 0.4836 0.1851 0.0327 0.0413 0.0143
260 0.2059 0.5820 0.1259 0.0425 0.0279 0.0158
261 0.1273 0.7559 0.0687 0.0159 0.0188 0.0137
262 0.0848 0.7095 0.1224 0.0494 0.0307 0.0031
263 0.1104 0.6553 0.1395 0.0649 0.0217 0.0086
264 0.1126 0.6479 0.0745 0.1276 0.0270 0.0103
265 0.1628 0.6001 0.1448 0.0554 0.0313 0.0055
266 0.1008 0.1715 0.1124 0.2783 0.0407 0.2961
267 0.1136 0.1553 0.1349 0.1288 0.0181 0.4492
