time exciting_prob fearful_prob tense_prob sad_prob relaxing_prob neutral_prob
0 0.1110 0.1566 0.1382 0.1298 0.0183 0.4460
1 0.1110 0.1566 0.1382 0.1298 0.0183 0.4460
2 0.8320 0.0434 0.1025 0.0143 0.0075 0.0004
3 0.0193 0.1102 0.1555 0.3191 0.3789 0.0170
4 0.0170 0.1040 0.1884 0.1661 0.5200 0.0046
5 0.0655 0.0766 0.5317 0.1387 0.1699 0.0179
6 0.2192 0.1004 0.2605 0.2092 0.1761 0.0344
7 0.0909 0.5396 0.0605 0.2590 0.0436 0.0062
8 0.4954 0.2551 0.0530 0.0945 0.0999 0.0020
9 0.4563 0.3235 0.0374 0.0657 0.1083 0.0087
10 0.4460 0.3088 0.0296 0.0347 0.1802 0.0006
11 0.0696 0.2732 0.4502 0.0116 0.1936 0.0018
12 0.0561 0.6724 0.2474 0.0094 0.0138 0.0007
13 0.0703 0.7378 0.1354 0.0128 0.0433 0.0005
14 0.0932 0.3152 0.1107 0.0503 0.3862 0.0444
15 0.1066 0.3132 0.3840 0.1017 0.0817 0.0126
16 0.1554 0.5552 0.1259 0.1043 0.0590 0.0005
17 0.1473 0.2998 0.3242 0.2062 0.0163 0.0061
18 0.1691 0.3694 0.3694 0.0727 0.0125 0.0071
19 0.2725 0.1200 0.1627 0.3667 0.0679 0.0100
20 0.3779 0.4250 0.1401 0.0141 0.0424 0.0002
21 0.7632 0.1237 0.0823 0.0119 0.0187 0.0001
22 0.6191 0.2444 0.1059 0.0147 0.0155 0.0004
23 0.0308 0.1858 0.4895 0.2747 0.0074 0.0119
24 0.2069 0.5942 0.1274 0.0298 0.0404 0.0012
25 0.0420 0.5752 0.3252 0.0081 0.0491 0.0005
26 0.0400 0.1273 0.3201 0.3406 0.0961 0.0760
27 0.0619 0.2029 0.3242 0.3560 0.0146 0.0406
28 0.0479 0.1454 0.3889 0.3379 0.0430 0.0367
29 0.1215 0.5889 0.1465 0.0457 0.0969 0.0006
30 0.1674 0.2803 0.3030 0.1866 0.0447 0.0181
31 0.0862 0.2915 0.5117 0.0371 0.0015 0.0720
32 0.1042 0.4250 0.4055 0.0492 0.0013 0.0147
33 0.0845 0.2793 0.3643 0.2141 0.0131 0.0449
34 0.0067 0.0149 0.0237 0.1754 0.7739 0.0053
35 0.0241 0.0967 0.3945 0.4133 0.0163 0.0551
36 0.0506 0.1072 0.2493 0.5615 0.0066 0.0247
37 0.0235 0.2003 0.5444 0.2098 0.0079 0.0141
38 0.0312 0.4055 0.2830 0.1857 0.0028 0.0919
39 0.0381 0.2905 0.4568 0.1996 0.0069 0.0080
40 0.0369 0.1350 0.3501 0.4224 0.0188 0.0369
41 0.0372 0.3701 0.3701 0.2076 0.0095 0.0052
42 0.0110 0.2400 0.6323 0.1082 0.0049 0.0037
43 0.0508 0.3313 0.2349 0.1110 0.2703 0.0019
44 0.0123 0.2546 0.1777 0.4832 0.0125 0.0595
45 0.0130 0.3267 0.3425 0.2505 0.0105 0.0568
46 0.0132 0.5103 0.2566 0.1847 0.0270 0.0084
47 0.0822 0.0784 0.2983 0.4548 0.0052 0.0809
48 0.0351 0.1099 0.2085 0.4346 0.1411 0.0709
49 0.0326 0.0353 0.7539 0.1509 0.0098 0.0173
50 0.1775 0.0684 0.1201 0.3530 0.1361 0.1449
51 0.0293 0.0339 0.9243 0.0083 0.0027 0.0014
52 0.0482 0.0572 0.8667 0.0237 0.0025 0.0017
53 0.1061 0.0943 0.5469 0.2245 0.0212 0.0068
54 0.0066 0.1514 0.7446 0.0947 0.0020 0.0004
55 0.0078 0.2520 0.7178 0.0217 0.0004 0.0001
56 0.0847 0.0847 0.7666 0.0582 0.0052 0.0008
57 0.0566 0.1899 0.5669 0.0955 0.0136 0.0773
58 0.0669 0.1036 0.2563 0.5020 0.0235 0.0474
59 0.0294 0.0349 0.5469 0.3477 0.0058 0.0355
60 0.0156 0.0331 0.9365 0.0128 0.0012 0.0005
61 0.1121 0.4431 0.4163 0.0134 0.0096 0.0056
62 0.0293 0.3853 0.5693 0.0088 0.0023 0.0051
63 0.1381 0.5815 0.2277 0.0281 0.0146 0.0102
64 0.0209 0.8403 0.1309 0.0040 0.0026 0.0012
65 0.0324 0.7666 0.1510 0.0400 0.0069 0.0032
66 0.0349 0.0717 0.8335 0.0541 0.0040 0.0017
67 0.0412 0.6963 0.2091 0.0485 0.0020 0.0028
68 0.0800 0.1519 0.3423 0.3818 0.0068 0.0372
69 0.0447 0.1572 0.7500 0.0370 0.0021 0.0087
70 0.0154 0.2296 0.7183 0.0341 0.0011 0.0015
71 0.0404 0.2200 0.6772 0.0565 0.0008 0.0051
72 0.0089 0.1979 0.6797 0.0964 0.0008 0.0161
73 0.8027 0.0176 0.0765 0.0959 0.0018 0.0053
74 0.8589 0.0306 0.0927 0.0151 0.0009 0.0017
75 0.0405 0.0627 0.7637 0.1227 0.0061 0.0045
76 0.0551 0.1620 0.5396 0.2284 0.0114 0.0037
77 0.0477 0.2207 0.3162 0.4060 0.0034 0.0058
78 0.0400 0.1848 0.4365 0.3193 0.0050 0.0141
79 0.0648 0.0988 0.3191 0.4570 0.0262 0.0341
80 0.1082 0.2477 0.3130 0.2939 0.0236 0.0135
81 0.1043 0.3213 0.3816 0.1566 0.0238 0.0125
82 0.0567 0.2025 0.5337 0.1482 0.0063 0.0528
83 0.1484 0.2861 0.4363 0.0859 0.0112 0.0323
84 0.0526 0.3350 0.5522 0.0367 0.0061 0.0172
85 0.0211 0.1388 0.8110 0.0154 0.0067 0.0067
86 0.2094 0.1833 0.2688 0.0846 0.1112 0.1428
87 0.3708 0.2321 0.3171 0.0482 0.0152 0.0166
88 0.2524 0.2974 0.3879 0.0264 0.0206 0.0152
89 0.1203 0.2546 0.2776 0.0425 0.2668 0.0381
90 0.0660 0.2712 0.5566 0.0808 0.0066 0.0186
91 0.0972 0.5015 0.2812 0.0504 0.0393 0.0303
92 0.1224 0.5317 0.2343 0.0340 0.0692 0.0082
93 0.0369 0.0227 0.1414 0.5952 0.0048 0.1993
94 0.0701 0.0900 0.3672 0.3242 0.0113 0.1372
95 0.0684 0.1680 0.6387 0.0684 0.0149 0.0418
96 0.0635 0.7925 0.1178 0.0068 0.0086 0.0107
97 0.1178 0.1489 0.3103 0.3743 0.0296 0.0191
98 0.1062 0.2842 0.2668 0.2754 0.0394 0.0279
99 0.1328 0.2810 0.3135 0.2056 0.0516 0.0155
100 0.0805 0.2258 0.3184 0.3040 0.0445 0.0270
101 0.0048 0.3750 0.4592 0.1587 0.0013 0.0009
102 0.0258 0.2142 0.4260 0.3118 0.0074 0.0149
103 0.0804 0.4385 0.0780 0.1785 0.2103 0.0143
104 0.0771 0.4912 0.0403 0.1765 0.2047 0.0100
105 0.0607 0.5581 0.2805 0.0842 0.0142 0.0025
106 0.1060 0.2426 0.2279 0.2971 0.0463 0.0800
107 0.0291 0.0519 0.2152 0.6133 0.0161 0.0744
108 0.1327 0.3960 0.2991 0.1481 0.0055 0.0187
109 0.1026 0.5171 0.2104 0.1296 0.0360 0.0043
110 0.0629 0.4006 0.2754 0.2144 0.0190 0.0279
111 0.1744 0.4058 0.2329 0.1144 0.0575 0.0150
112 0.1074 0.3604 0.2345 0.1624 0.0992 0.0362
113 0.1021 0.3972 0.1384 0.3193 0.0367 0.0064
114 0.0177 0.2678 0.4849 0.2085 0.0043 0.0171
115 0.0473 0.0780 0.5083 0.3440 0.0058 0.0163
116 0.0648 0.2245 0.6494 0.0467 0.0085 0.0062
117 0.0539 0.0329 0.0796 0.7915 0.0096 0.0324
118 0.0030 0.0693 0.0407 0.8853 0.0001 0.0017
119 0.0388 0.3354 0.5796 0.0330 0.0072 0.0060
120 0.1443 0.4175 0.3250 0.0692 0.0210 0.0232
121 0.1512 0.3987 0.2656 0.0947 0.0682 0.0218
122 0.0543 0.0420 0.2050 0.3433 0.0123 0.3433
123 0.0377 0.4888 0.1975 0.2238 0.0069 0.0455
124 0.0942 0.3018 0.3582 0.1979 0.0036 0.0445
125 0.0558 0.5864 0.3140 0.0328 0.0070 0.0040
126 0.0254 0.1078 0.7603 0.0966 0.0031 0.0069
127 0.0410 0.1048 0.4697 0.3384 0.0130 0.0330
128 0.1398 0.3225 0.1431 0.3005 0.0565 0.0376
129 0.2211 0.4607 0.1520 0.0929 0.0428 0.0306
130 0.0282 0.0596 0.7979 0.0983 0.0085 0.0074
131 0.0442 0.1200 0.7949 0.0316 0.0050 0.0043
132 0.0622 0.2086 0.5674 0.1246 0.0289 0.0084
133 0.1234 0.0601 0.3250 0.4109 0.0134 0.0671
134 0.1130 0.1290 0.6763 0.0685 0.0040 0.0092
135 0.0234 0.6377 0.2656 0.0631 0.0077 0.0026
136 0.1809 0.0407 0.5317 0.1956 0.0078 0.0433
137 0.2156 0.1349 0.4319 0.1902 0.0141 0.0134
138 0.0692 0.1047 0.7383 0.0754 0.0037 0.0089
139 0.1120 0.4194 0.3533 0.0872 0.0036 0.0246
140 0.1072 0.1768 0.4958 0.2166 0.0022 0.0015
141 0.0209 0.0202 0.8604 0.0950 0.0017 0.0018
142 0.0490 0.0821 0.6714 0.1893 0.0038 0.0046
143 0.0505 0.0943 0.8213 0.0290 0.0029 0.0022
144 0.0754 0.0754 0.4919 0.3381 0.0050 0.0141
145 0.0536 0.5088 0.2810 0.1190 0.0177 0.0199
146 0.0238 0.2172 0.6792 0.0603 0.0005 0.0190
147 0.0582 0.3455 0.5698 0.0237 0.0007 0.0022
148 0.0343 0.1899 0.7285 0.0392 0.0010 0.0071
149 0.0456 0.2244 0.6909 0.0349 0.0027 0.0014
150 0.0395 0.5537 0.3745 0.0243 0.0074 0.0005
151 0.0134 0.2573 0.6992 0.0218 0.0075 0.0005
152 0.0331 0.5225 0.3481 0.0908 0.0008 0.0044
153 0.0424 0.3611 0.3555 0.2260 0.0031 0.0118
154 0.0131 0.1245 0.8506 0.0092 0.0007 0.0021
155 0.0065 0.0721 0.9058 0.0112 0.0006 0.0037
156 0.0607 0.7690 0.1337 0.0320 0.0036 0.0012
157 0.0381 0.5298 0.3643 0.0623 0.0039 0.0014
158 0.0080 0.2064 0.7554 0.0284 0.0007 0.0012
159 0.0100 0.0881 0.8623 0.0314 0.0008 0.0072
160 0.0197 0.2047 0.7261 0.0429 0.0019 0.0050
161 0.1244 0.1957 0.5752 0.0896 0.0064 0.0087
162 0.0789 0.0530 0.7666 0.0887 0.0022 0.0105
163 0.0158 0.1130 0.8223 0.0457 0.0008 0.0025
164 0.0306 0.1238 0.8071 0.0346 0.0025 0.0016
165 0.0779 0.1348 0.1676 0.0291 0.5898 0.0008
166 0.0641 0.3157 0.1914 0.0167 0.4116 0.0004
167 0.0519 0.3057 0.5620 0.0715 0.0065 0.0022
168 0.1355 0.1313 0.6885 0.0354 0.0088 0.0006
169 0.1854 0.3687 0.3687 0.0476 0.0225 0.0071
170 0.0779 0.3689 0.4663 0.0173 0.0257 0.0437
171 0.0508 0.4497 0.4712 0.0128 0.0030 0.0125
172 0.0651 0.2474 0.6030 0.0433 0.0146 0.0265
173 0.1355 0.1559 0.2825 0.3301 0.0086 0.0875
174 0.0969 0.4114 0.3279 0.1188 0.0385 0.0065
175 0.1469 0.3335 0.3606 0.1041 0.0408 0.0143
176 0.1321 0.2112 0.4871 0.1301 0.0172 0.0224
177 0.0193 0.3665 0.3337 0.2559 0.0220 0.0029
178 0.2659 0.1389 0.3132 0.2595 0.0163 0.0061
179 0.2810 0.1458 0.1771 0.3135 0.0699 0.0129
180 0.1039 0.3772 0.3516 0.1500 0.0134 0.0036
181 0.0215 0.8467 0.0723 0.0361 0.0229 0.0004
182 0.0798 0.6426 0.2054 0.0641 0.0058 0.0022
183 0.0230 0.1522 0.2080 0.6113 0.0030 0.0023
184 0.0192 0.0472 0.9194 0.0110 0.0019 0.0012
185 0.0738 0.3105 0.4519 0.1490 0.0097 0.0049
186 0.1190 0.2598 0.5249 0.0912 0.0032 0.0020
187 0.1272 0.7432 0.0534 0.0510 0.0237 0.0016
188 0.0934 0.6743 0.1034 0.0688 0.0571 0.0031
189 0.2432 0.2649 0.3735 0.1006 0.0148 0.0029
190 0.1841 0.0437 0.4348 0.2808 0.0188 0.0377
191 0.0789 0.0446 0.7905 0.0680 0.0053 0.0126
192 0.0627 0.0756 0.7065 0.1058 0.0274 0.0218
193 0.3811 0.1414 0.2461 0.1577 0.0225 0.0512
194 0.0606 0.1324 0.7163 0.0726 0.0116 0.0066
195 0.2656 0.3057 0.3630 0.0325 0.0225 0.0106
196 0.1949 0.3140 0.4712 0.0110 0.0067 0.0023
197 0.3845 0.4497 0.0914 0.0554 0.0139 0.0052
198 0.1464 0.7549 0.0692 0.0176 0.0112 0.0008
199 0.1041 0.5166 0.2810 0.0837 0.0122 0.0024
200 0.2510 0.5151 0.1633 0.0490 0.0125 0.0094
201 0.0171 0.0592 0.8970 0.0219 0.0032 0.0017
202 0.0036 0.7856 0.0766 0.1323 0.0001 0.0017
203 0.0497 0.1736 0.5693 0.1848 0.0077 0.0149
204 0.2544 0.2280 0.4534 0.0497 0.0098 0.0048
205 0.1296 0.4219 0.4219 0.0092 0.0141 0.0036
206 0.0114 0.0352 0.9365 0.0129 0.0006 0.0034
207 0.0618 0.0478 0.6968 0.1708 0.0105 0.0125
208 0.0059 0.2146 0.2015 0.5742 0.0004 0.0034
209 0.0672 0.0823 0.8057 0.0259 0.0020 0.0167
210 0.0142 0.1379 0.5127 0.3208 0.0016 0.0127
211 0.0047 0.0879 0.8604 0.0240 0.0006 0.0226
212 0.0692 0.3149 0.5791 0.0334 0.0021 0.0014
213 0.4341 0.4307 0.1168 0.0094 0.0068 0.0024
214 0.0061 0.2039 0.4595 0.3208 0.0016 0.0082
215 0.0626 0.1179 0.7275 0.0779 0.0029 0.0110
216 0.0178 0.0583 0.7930 0.0904 0.0031 0.0371
217 0.0256 0.1418 0.7915 0.0300 0.0032 0.0079
218 0.0839 0.0538 0.3647 0.4756 0.0055 0.0165
219 0.0537 0.1531 0.6758 0.1086 0.0020 0.0068
220 0.0354 0.3928 0.5044 0.0588 0.0016 0.0069
221 0.0114 0.4377 0.2343 0.3103 0.0026 0.0037
222 0.0376 0.0279 0.8823 0.0252 0.0017 0.0250
223 0.1704 0.2422 0.3809 0.1161 0.0267 0.0637
224 0.0612 0.1481 0.7178 0.0662 0.0032 0.0036
225 0.0063 0.5947 0.2189 0.1759 0.0007 0.0035
226 0.0070 0.4092 0.5596 0.0238 0.0002 0.0004
227 0.0844 0.5088 0.2089 0.1171 0.0091 0.0716
228 0.0096 0.3044 0.3242 0.3452 0.0023 0.0142
229 0.0140 0.3494 0.5327 0.0941 0.0030 0.0066
230 0.0193 0.3579 0.4968 0.1199 0.0012 0.0049
231 0.1741 0.3713 0.1714 0.2361 0.0257 0.0213
232 0.0174 0.1508 0.7651 0.0467 0.0014 0.0184
233 0.0282 0.1158 0.5977 0.2303 0.0090 0.0192
234 0.0216 0.0801 0.7139 0.1281 0.0055 0.0509
235 0.0921 0.1965 0.6753 0.0117 0.0160 0.0082
236 0.0883 0.0862 0.7744 0.0253 0.0110 0.0146
237 0.3999 0.2727 0.2686 0.0294 0.0088 0.0209
238 0.0302 0.3792 0.5435 0.0412 0.0034 0.0027
239 0.0965 0.1472 0.3613 0.3672 0.0101 0.0177
240 0.0623 0.0770 0.7134 0.0893 0.0111 0.0467
241 0.1423 0.1552 0.5718 0.1010 0.0100 0.0196
242 0.0465 0.0325 0.7451 0.1688 0.0037 0.0034
243 0.0423 0.0324 0.8428 0.0784 0.0028 0.0012
244 0.0220 0.2207 0.6694 0.0837 0.0030 0.0013
245 0.0515 0.2256 0.6738 0.0434 0.0024 0.0034
246 0.0540 0.2172 0.6899 0.0325 0.0028 0.0035
247 0.0373 0.1595 0.6934 0.0881 0.0020 0.0197
248 0.0263 0.0652 0.8857 0.0178 0.0028 0.0021
249 0.0871 0.4355 0.4424 0.0234 0.0020 0.0098
250 0.0884 0.4744 0.4058 0.0205 0.0045 0.0067
251 0.1481 0.2722 0.4351 0.0817 0.0097 0.0532
252 0.0619 0.6152 0.2688 0.0415 0.0026 0.0101
253 0.0943 0.3850 0.4360 0.0674 0.0083 0.0089
254 0.0668 0.4746 0.4255 0.0210 0.0040 0.0080
255 0.0417 0.5986 0.2656 0.0816 0.0092 0.0036
256 0.0262 0.7183 0.1844 0.0668 0.0025 0.0017
257 0.0129 0.8257 0.1287 0.0310 0.0007 0.0009
258 0.0063 0.8218 0.1321 0.0385 0.0010 0.0002
259 0.0110 0.5068 0.2357 0.2432 0.0020 0.0012
260 0.0092 0.8320 0.0963 0.0594 0.0018 0.0012
261 0.0095 0.7915 0.0975 0.0991 0.0008 0.0017
262 0.1212 0.5264 0.2905 0.0288 0.0295 0.0037
263 0.1000 0.3254 0.4414 0.1125 0.0131 0.0075
264 0.0525 0.2094 0.6865 0.0393 0.0033 0.0093
265 0.0644 0.2488 0.5518 0.1251 0.0022 0.0077
266 0.0509 0.1848 0.5967 0.1250 0.0027 0.0400
267 0.0904 0.2118 0.5000 0.1599 0.0051 0.0327
268 0.0340 0.1132 0.7734 0.0569 0.0060 0.0167
269 0.1033 0.4282 0.4150 0.0383 0.0141 0.0010
270 0.0600 0.2732 0.5874 0.0595 0.0153 0.0045
271 0.0410 0.2344 0.1974 0.5039 0.0162 0.0070
272 0.0978 0.1180 0.3928 0.3521 0.0151 0.0242
273 0.0516 0.0613 0.6689 0.2025 0.0126 0.0029
274 0.0673 0.1915 0.6792 0.0504 0.0035 0.0083
275 0.1166 0.2979 0.5229 0.0464 0.0068 0.0094
276 0.0574 0.2656 0.5801 0.0636 0.0028 0.0303
277 0.0627 0.2639 0.4707 0.1704 0.0083 0.0240
278 0.0522 0.2034 0.2378 0.4441 0.0150 0.0475
279 0.2284 0.3027 0.4072 0.0342 0.0208 0.0067
280 0.1249 0.0425 0.4712 0.3188 0.0059 0.0366
281 0.0414 0.2201 0.6782 0.0557 0.0020 0.0028
282 0.0660 0.0560 0.6211 0.2216 0.0153 0.0198
283 0.1129 0.2708 0.2159 0.2974 0.0634 0.0396
284 0.0992 0.1942 0.1635 0.5117 0.0067 0.0249
285 0.0121 0.1300 0.5474 0.2839 0.0044 0.0222
286 0.0418 0.1542 0.3315 0.2314 0.0369 0.2042
287 0.0506 0.6211 0.2080 0.0753 0.0304 0.0146
288 0.0544 0.6084 0.2966 0.0227 0.0158 0.0019
289 0.1000 0.3228 0.4624 0.1031 0.0074 0.0045
290 0.1659 0.3298 0.4138 0.0660 0.0126 0.0120
291 0.1610 0.3518 0.3862 0.0561 0.0395 0.0053
292 0.0474 0.4897 0.3528 0.1019 0.0077 0.0007
293 0.0216 0.4011 0.3596 0.1954 0.0200 0.0022
294 0.1129 0.3167 0.3879 0.1383 0.0364 0.0077
295 0.1080 0.6367 0.1023 0.1039 0.0413 0.0079
296 0.0188 0.1653 0.1328 0.6538 0.0229 0.0066
297 0.0627 0.1553 0.6743 0.0987 0.0036 0.0053
298 0.0605 0.0559 0.1427 0.6704 0.0237 0.0467
299 0.0614 0.4294 0.1372 0.3044 0.0406 0.0268
300 0.0529 0.0865 0.0623 0.7480 0.0233 0.0270
301 0.0028 0.1670 0.8096 0.0200 0.0004 0.0003
302 0.0057 0.2830 0.6787 0.0312 0.0007 0.0007
303 0.1088 0.1272 0.3406 0.2959 0.0337 0.0938
304 0.0414 0.0677 0.8579 0.0179 0.0087 0.0064
305 0.0168 0.0262 0.8286 0.1053 0.0052 0.0179
306 0.1055 0.0895 0.6670 0.1224 0.0134 0.0022
307 0.0270 0.3164 0.4460 0.1641 0.0063 0.0402
308 0.0568 0.1982 0.6709 0.0432 0.0069 0.0240
309 0.0921 0.2688 0.5342 0.0690 0.0066 0.0292
310 0.1870 0.1125 0.3718 0.2896 0.0102 0.0287
311 0.2527 0.0901 0.4036 0.1998 0.0132 0.0406
312 0.0449 0.1393 0.1654 0.5776 0.0658 0.0070
313 0.0680 0.5024 0.1384 0.1556 0.1321 0.0035
314 0.2021 0.2808 0.2401 0.2152 0.0451 0.0166
315 0.0144 0.1321 0.7480 0.0958 0.0069 0.0029
316 0.0319 0.2507 0.6709 0.0364 0.0012 0.0089
317 0.0186 0.4714 0.3906 0.0872 0.0011 0.0311
318 0.2003 0.2915 0.1294 0.1477 0.2150 0.0161
319 0.1372 0.2335 0.5513 0.0623 0.0106 0.0049
320 0.0679 0.0460 0.4570 0.3191 0.0189 0.0914
321 0.1034 0.1327 0.6382 0.1066 0.0068 0.0123
322 0.2034 0.0924 0.3459 0.2737 0.0245 0.0601
323 0.1581 0.2263 0.5874 0.0184 0.0049 0.0051
324 0.0626 0.1989 0.6831 0.0472 0.0060 0.0021
325 0.0701 0.2373 0.6758 0.0129 0.0034 0.0004
326 0.0548 0.0327 0.2070 0.5044 0.0126 0.1885
327 0.0845 0.2603 0.5864 0.0520 0.0054 0.0117
328 0.1135 0.1785 0.4348 0.2478 0.0191 0.0064
329 0.0529 0.2485 0.6152 0.0599 0.0096 0.0140
330 0.0586 0.2209 0.6196 0.0914 0.0031 0.0063
331 0.0759 0.1722 0.6011 0.1260 0.0094 0.0152
332 0.0304 0.1722 0.6201 0.1722 0.0027 0.0021
333 0.0255 0.1357 0.5806 0.2458 0.0064 0.0057
334 0.1849 0.3916 0.3098 0.0551 0.0522 0.0066
335 0.1248 0.3699 0.2107 0.1641 0.1068 0.0238
336 0.1266 0.3494 0.4351 0.0405 0.0448 0.0038
337 0.0955 0.1478 0.2438 0.4482 0.0276 0.0371
338 0.0124 0.0537 0.0370 0.8813 0.0040 0.0118
339 0.1317 0.3311 0.1857 0.2876 0.0516 0.0124
340 0.0351 0.0176 0.0709 0.7983 0.0137 0.0645
341 0.0699 0.1576 0.1066 0.6045 0.0421 0.0194
342 0.0486 0.1721 0.7593 0.0149 0.0021 0.0028
343 0.0848 0.1455 0.7505 0.0087 0.0081 0.0025
344 0.0582 0.0670 0.7197 0.1439 0.0041 0.0071
345 0.1017 0.3311 0.1718 0.3015 0.0844 0.0098
346 0.0536 0.5244 0.3230 0.0579 0.0293 0.0120
347 0.1100 0.3496 0.4854 0.0128 0.0343 0.0080
348 0.1864 0.4910 0.2488 0.0403 0.0316 0.0019
349 0.1140 0.5522 0.2590 0.0490 0.0250 0.0005
350 0.2379 0.1377 0.2871 0.2494 0.0401 0.0480
351 0.1719 0.0706 0.4973 0.1947 0.0463 0.0193
352 0.2070 0.2222 0.3960 0.1256 0.0480 0.0013
353 0.1289 0.0914 0.2466 0.4827 0.0439 0.0065
354 0.1252 0.0847 0.1633 0.5107 0.0784 0.0376
355 0.0601 0.1131 0.1301 0.6211 0.0490 0.0269
356 0.2178 0.1556 0.1791 0.3022 0.1362 0.0089
357 0.1743 0.2637 0.3281 0.1001 0.1305 0.0031
358 0.0659 0.1405 0.6152 0.1165 0.0054 0.0568
359 0.0483 0.1584 0.6987 0.0487 0.0041 0.0417
360 0.0652 0.1437 0.4290 0.1995 0.0120 0.1506
361 0.0781 0.1786 0.4387 0.1978 0.0074 0.0994
362 0.0948 0.1613 0.3523 0.2383 0.0090 0.1445
