time exciting_prob fearful_prob tense_prob sad_prob relaxing_prob neutral_prob
0 0.1136 0.1553 0.1349 0.1288 0.0181 0.4492
1 0.0141 0.0748 0.0468 0.0317 0.0030 0.8296
2 0.0262 0.1310 0.0845 0.0872 0.0059 0.6650
3 0.0302 0.0530 0.0848 0.0583 0.0064 0.7671
4 0.0581 0.4939 0.1329 0.0287 0.0091 0.2771
5 0.0265 0.0666 0.1031 0.0698 0.0066 0.7275
6 0.0448 0.3364 0.1298 0.0289 0.0072 0.4529
7 0.0321 0.3616 0.1310 0.0258 0.0066 0.4429
8 0.0240 0.3582 0.1614 0.0338 0.0039 0.4187
9 0.0352 0.2192 0.1555 0.0590 0.0052 0.5259
10 0.0495 0.1523 0.0803 0.4209 0.0167 0.2803
11 0.1482 0.3499 0.0800 0.1859 0.0428 0.1932
12 0.1140 0.5107 0.1194 0.0930 0.0048 0.1582
13 0.0326 0.3345 0.1416 0.2952 0.0145 0.1818
14 0.0275 0.0620 0.0475 0.3403 0.0036 0.5190
15 0.0298 0.0323 0.0575 0.4968 0.0087 0.3750
16 0.0333 0.8140 0.0412 0.0161 0.0041 0.0913
17 0.0896 0.6831 0.0687 0.0924 0.0085 0.0578
18 0.0858 0.4001 0.0770 0.1438 0.0311 0.2625
19 0.0224 0.8662 0.0390 0.0358 0.0026 0.0341
20 0.0877 0.0673 0.0500 0.5371 0.0441 0.2137
21 0.0624 0.2776 0.0967 0.1533 0.1764 0.2338
22 0.0219 0.8730 0.0751 0.0023 0.0047 0.0231
23 0.0353 0.3765 0.0498 0.1864 0.1013 0.2507
24 0.0132 0.1332 0.0610 0.5967 0.0426 0.1533
25 0.0649 0.1581 0.0670 0.5874 0.0189 0.1037
26 0.0917 0.5278 0.1824 0.1355 0.0016 0.0611
27 0.0209 0.2161 0.0619 0.0770 0.0183 0.6060
28 0.0522 0.4509 0.1940 0.1766 0.0029 0.1233
29 0.0657 0.4282 0.4351 0.0194 0.0073 0.0444
30 0.0544 0.4019 0.2400 0.0829 0.0123 0.2085
31 0.0540 0.2240 0.2072 0.0500 0.0263 0.4385
32 0.0203 0.3281 0.1812 0.2085 0.0065 0.2554
33 0.0479 0.4272 0.1866 0.0720 0.0340 0.2323
34 0.0530 0.2822 0.2568 0.1292 0.0218 0.2568
35 0.0542 0.0966 0.2178 0.2078 0.0533 0.3704
36 0.1114 0.4839 0.2216 0.0464 0.0063 0.1302
37 0.0252 0.1281 0.1364 0.4402 0.0114 0.2588
38 0.1013 0.2178 0.0712 0.2178 0.0521 0.3398
39 0.0686 0.0423 0.0443 0.4990 0.0136 0.3323
40 0.1409 0.4548 0.1674 0.1283 0.0072 0.1015
41 0.0583 0.1768 0.1465 0.3008 0.0263 0.2915
42 0.0124 0.0988 0.0504 0.6646 0.0057 0.1681
43 0.0814 0.0397 0.0908 0.2079 0.0153 0.5649
44 0.1554 0.1003 0.0782 0.3091 0.0174 0.3396
45 0.0267 0.1584 0.1442 0.4512 0.0097 0.2098
46 0.0145 0.5938 0.0883 0.0458 0.0019 0.2554
47 0.0252 0.5552 0.1692 0.0594 0.0024 0.1888
48 0.0222 0.3264 0.2107 0.0995 0.0046 0.3367
49 0.0067 0.4429 0.1506 0.0474 0.0022 0.3503
50 0.0673 0.2854 0.0632 0.1434 0.0912 0.3496
51 0.0873 0.3145 0.1353 0.3096 0.0358 0.1175
52 0.0280 0.2654 0.1796 0.2455 0.0749 0.2067
53 0.0921 0.3818 0.1361 0.0311 0.0521 0.3069
54 0.0630 0.0218 0.0228 0.3303 0.0174 0.5444
55 0.0712 0.4224 0.1155 0.0467 0.0048 0.3394
56 0.1487 0.5610 0.0518 0.0397 0.0854 0.1132
57 0.0370 0.3801 0.0635 0.4109 0.0122 0.0961
58 0.0276 0.6387 0.1565 0.0995 0.0236 0.0541
59 0.0126 0.7397 0.1456 0.0357 0.0064 0.0598
60 0.0091 0.0606 0.0257 0.6616 0.0142 0.2286
61 0.0729 0.5063 0.1166 0.2283 0.0115 0.0644
62 0.0385 0.6821 0.1046 0.1096 0.0064 0.0587
63 0.0602 0.1730 0.0738 0.2256 0.0188 0.4487
64 0.0528 0.7759 0.0762 0.0516 0.0088 0.0346
65 0.1237 0.3577 0.0780 0.1716 0.0451 0.2239
66 0.0266 0.6504 0.2111 0.0281 0.0038 0.0801
67 0.0084 0.8496 0.0625 0.0479 0.0108 0.0209
68 0.0198 0.2949 0.0872 0.4290 0.0690 0.1003
69 0.0287 0.4893 0.1917 0.1338 0.0027 0.1539
70 0.0381 0.1934 0.0554 0.5508 0.0316 0.1309
71 0.0141 0.6367 0.1273 0.1971 0.0006 0.0243
72 0.1953 0.0894 0.0937 0.2886 0.0577 0.2754
73 0.1953 0.0894 0.0937 0.2886 0.0577 0.2754
74 0.0591 0.0888 0.0991 0.5791 0.0564 0.1176
75 0.0293 0.6777 0.2200 0.0440 0.0225 0.0064
76 0.0105 0.8315 0.0823 0.0371 0.0049 0.0338
77 0.0581 0.7075 0.1655 0.0406 0.0027 0.0254
78 0.0355 0.7246 0.1890 0.0237 0.0030 0.0244
79 0.0315 0.1345 0.1477 0.2252 0.0954 0.3657
80 0.0517 0.3066 0.2542 0.1449 0.0906 0.1519
81 0.0639 0.6157 0.1737 0.0356 0.0136 0.0974
82 0.1035 0.4495 0.1415 0.1654 0.0031 0.1371
83 0.0412 0.1680 0.0914 0.1102 0.0297 0.5596
84 0.0299 0.6304 0.1644 0.0654 0.0260 0.0840
85 0.0562 0.0699 0.0488 0.0792 0.0056 0.7402
86 0.0344 0.2791 0.1979 0.3367 0.0073 0.1448
87 0.1493 0.2423 0.2703 0.1858 0.1144 0.0378
88 0.0237 0.3164 0.2043 0.0623 0.0290 0.3643
89 0.0352 0.4033 0.3789 0.0782 0.0056 0.0988
90 0.0471 0.3025 0.1835 0.1061 0.0982 0.2627
91 0.0127 0.8604 0.0456 0.0147 0.0046 0.0623
92 0.0914 0.4568 0.1818 0.1372 0.0138 0.1191
93 0.1345 0.3127 0.0461 0.1133 0.0444 0.3489
94 0.0981 0.4539 0.1342 0.0600 0.0707 0.1833
95 0.0406 0.7900 0.0807 0.0210 0.0154 0.0525
96 0.0486 0.6396 0.1617 0.0907 0.0044 0.0550
97 0.0195 0.6055 0.1967 0.1331 0.0089 0.0364
98 0.0215 0.7471 0.1641 0.0303 0.0012 0.0360
99 0.0624 0.7251 0.1300 0.0542 0.0011 0.0273
100 0.0201 0.8140 0.1229 0.0128 0.0013 0.0287
101 0.0058 0.8608 0.1202 0.0087 0.0003 0.0042
102 0.0128 0.8047 0.1512 0.0198 0.0006 0.0108
103 0.0127 0.6177 0.1798 0.0515 0.0557 0.0823
104 0.0484 0.5630 0.2104 0.1058 0.0190 0.0532
105 0.0518 0.6416 0.1754 0.0156 0.0230 0.0925
106 0.0144 0.6504 0.2627 0.0117 0.0067 0.0542
107 0.0350 0.5825 0.1012 0.0088 0.1862 0.0865
108 0.0431 0.4087 0.1327 0.0106 0.3284 0.0768
109 0.0192 0.6665 0.1971 0.0056 0.1022 0.0091
110 0.0156 0.8193 0.0948 0.0199 0.0469 0.0035
111 0.0202 0.8213 0.1183 0.0237 0.0087 0.0076
112 0.0335 0.2085 0.3601 0.1048 0.0168 0.2761
113 0.0256 0.3145 0.2954 0.0776 0.1212 0.1656
114 0.0432 0.4565 0.2333 0.0485 0.0252 0.1934
115 0.0312 0.8101 0.0867 0.0457 0.0056 0.0206
116 0.0275 0.8696 0.0714 0.0074 0.0087 0.0154
117 0.0172 0.8843 0.0737 0.0074 0.0014 0.0157
118 0.0169 0.8965 0.0639 0.0049 0.0037 0.0140
119 0.0086 0.9043 0.0765 0.0049 0.0027 0.0032
120 0.0695 0.6694 0.1541 0.0378 0.0060 0.0632
121 0.0037 0.9287 0.0541 0.0063 0.0005 0.0067
122 0.0287 0.6182 0.2346 0.0078 0.0323 0.0786
123 0.0469 0.7227 0.1217 0.0352 0.0287 0.0448
124 0.0380 0.9136 0.0434 0.0016 0.0031 0.0005
125 0.0582 0.2864 0.1332 0.2095 0.0353 0.2776
126 0.0704 0.5620 0.2134 0.0515 0.0278 0.0749
127 0.0094 0.8760 0.0778 0.0155 0.0007 0.0206
128 0.0821 0.6357 0.2063 0.0147 0.0100 0.0514
129 0.0268 0.8604 0.0950 0.0038 0.0024 0.0115
130 0.0463 0.6597 0.1383 0.0390 0.0141 0.1027
131 0.0424 0.7866 0.1245 0.0223 0.0091 0.0149
132 0.0379 0.8306 0.0726 0.0269 0.0092 0.0228
133 0.0107 0.9219 0.0647 0.0015 0.0004 0.0009
134 0.0145 0.6680 0.2615 0.0178 0.0051 0.0332
135 0.0558 0.0751 0.3584 0.0421 0.0493 0.4192
136 0.0315 0.1388 0.0897 0.0911 0.0552 0.5938
137 0.0709 0.1754 0.2983 0.2717 0.0869 0.0969
138 0.0629 0.0959 0.2095 0.2095 0.3047 0.1175
139 0.0714 0.0760 0.1421 0.3303 0.0602 0.3201
140 0.0490 0.1532 0.2230 0.2776 0.0974 0.1998
141 0.0341 0.1411 0.1575 0.3494 0.0925 0.2255
142 0.0526 0.1150 0.1647 0.2891 0.2114 0.1672
143 0.0867 0.0423 0.0457 0.6021 0.0635 0.1595
144 0.0615 0.1893 0.1893 0.3428 0.1261 0.0908
145 0.0278 0.1786 0.1931 0.0818 0.0020 0.5166
146 0.0428 0.2043 0.1831 0.1182 0.0121 0.4395
147 0.0457 0.2251 0.1149 0.2018 0.0356 0.3770
148 0.0364 0.5308 0.1777 0.0509 0.0059 0.1984
149 0.0145 0.5317 0.0356 0.0828 0.0126 0.3225
150 0.1102 0.4031 0.0851 0.2059 0.0082 0.1875
151 0.0367 0.0624 0.0367 0.2842 0.0056 0.5742
152 0.0292 0.1154 0.0831 0.6138 0.0104 0.1481
153 0.0452 0.2766 0.2366 0.2024 0.0062 0.2329
154 0.0307 0.1108 0.0507 0.4312 0.0134 0.3630
155 0.0249 0.1990 0.0386 0.6836 0.0061 0.0480
156 0.0377 0.2832 0.0799 0.3259 0.0071 0.2661
157 0.0978 0.1359 0.1108 0.4119 0.0232 0.2205
158 0.0288 0.8696 0.0592 0.0182 0.0022 0.0219
159 0.1232 0.1440 0.0670 0.4299 0.0482 0.1877
160 0.0589 0.0721 0.0898 0.5767 0.0213 0.1814
161 0.0804 0.3547 0.2220 0.2186 0.0160 0.1082
162 0.0661 0.3057 0.2134 0.3518 0.0251 0.0382
163 0.1619 0.0982 0.1321 0.3320 0.0922 0.1835
164 0.0344 0.2108 0.0463 0.4678 0.0127 0.2280
165 0.0572 0.2605 0.1270 0.3616 0.0032 0.1906
166 0.0928 0.4292 0.0928 0.1268 0.0752 0.1831
167 0.0302 0.8740 0.0533 0.0095 0.0031 0.0297
168 0.0127 0.8696 0.0277 0.0670 0.0020 0.0211
169 0.0165 0.6094 0.0533 0.2878 0.0025 0.0303
170 0.1014 0.3223 0.2549 0.1671 0.0201 0.1343
171 0.0584 0.6182 0.1276 0.0662 0.0020 0.1276
172 0.0437 0.6128 0.0869 0.1702 0.0087 0.0779
173 0.0513 0.5776 0.1069 0.1875 0.0022 0.0746
174 0.1092 0.3469 0.0191 0.1317 0.0238 0.3694
175 0.1550 0.5283 0.0351 0.0856 0.0216 0.1742
176 0.3994 0.3638 0.0191 0.0431 0.0130 0.1614
177 0.0525 0.8281 0.0586 0.0302 0.0112 0.0195
178 0.0598 0.5503 0.0927 0.2089 0.0064 0.0818
179 0.0323 0.6240 0.0972 0.1932 0.0047 0.0489
180 0.0083 0.3037 0.0301 0.6133 0.0016 0.0431
181 0.0417 0.5894 0.0904 0.2102 0.0140 0.0544
182 0.0258 0.8555 0.0353 0.0538 0.0019 0.0275
183 0.0255 0.0755 0.0236 0.5493 0.0503 0.2761
184 0.1104 0.3621 0.1021 0.1212 0.0915 0.2128
185 0.2118 0.2896 0.0602 0.1000 0.1346 0.2037
186 0.1326 0.3958 0.0710 0.2185 0.0247 0.1575
187 0.0675 0.8350 0.0293 0.0159 0.0045 0.0479
188 0.0835 0.5977 0.0476 0.1824 0.0277 0.0611
189 0.0140 0.9219 0.0234 0.0270 0.0022 0.0114
190 0.0226 0.7607 0.0379 0.1724 0.0015 0.0050
191 0.0732 0.5581 0.1284 0.1929 0.0045 0.0430
192 0.0355 0.8193 0.0850 0.0477 0.0031 0.0091
193 0.1278 0.2971 0.0459 0.1172 0.1578 0.2542
194 0.0831 0.6045 0.1786 0.0668 0.0255 0.0418
195 0.0336 0.0944 0.0217 0.8149 0.0086 0.0266
196 0.0467 0.8027 0.0729 0.0302 0.0138 0.0339
197 0.1002 0.6138 0.2122 0.0333 0.0028 0.0374
198 0.0453 0.2524 0.1736 0.1174 0.0140 0.3972
199 0.0604 0.7705 0.0594 0.0318 0.0057 0.0722
200 0.0591 0.7319 0.0649 0.0293 0.0059 0.1088
201 0.0174 0.8105 0.0494 0.0487 0.0019 0.0720
202 0.0533 0.7959 0.0614 0.0378 0.0101 0.0412
203 0.0574 0.7104 0.0932 0.0259 0.0023 0.1107
204 0.0892 0.7705 0.0603 0.0266 0.0044 0.0493
205 0.0562 0.8657 0.0392 0.0106 0.0026 0.0257
206 0.0467 0.8667 0.0387 0.0172 0.0045 0.0262
207 0.0309 0.8745 0.0403 0.0233 0.0061 0.0248
208 0.0386 0.6523 0.0688 0.0626 0.0048 0.1729
209 0.0666 0.7271 0.0450 0.0626 0.0036 0.0953
210 0.0807 0.7783 0.0467 0.0211 0.0031 0.0701
211 0.0345 0.7148 0.0526 0.0286 0.0025 0.1671
212 0.0651 0.7935 0.0762 0.0182 0.0060 0.0408
213 0.0391 0.4333 0.0707 0.1406 0.0042 0.3120
214 0.0460 0.8682 0.0460 0.0091 0.0013 0.0297
215 0.1074 0.5625 0.1255 0.0836 0.0048 0.1161
216 0.0997 0.2795 0.1362 0.3269 0.0295 0.1281
