time exciting_prob fearful_prob tense_prob sad_prob relaxing_prob neutral_prob
0 0.1351 0.1121 0.2264 0.4792 0.0390 0.0081
1 0.1750 0.1451 0.2179 0.4265 0.0297 0.0056
2 0.1687 0.1660 0.2306 0.4109 0.0198 0.0039
3 0.0445 0.2206 0.4121 0.2539 0.0208 0.0481
4 0.2942 0.1091 0.5205 0.0448 0.0294 0.0021
5 0.0314 0.0959 0.6865 0.1532 0.0061 0.0268
6 0.0409 0.0878 0.7827 0.0633 0.0055 0.0196
7 0.0620 0.4580 0.3198 0.1396 0.0108 0.0098
8 0.0426 0.6870 0.2030 0.0582 0.0061 0.0032
9 0.0625 0.5278 0.3301 0.0625 0.0150 0.0021
10 0.0666 0.3330 0.5239 0.0626 0.0129 0.0012
11 0.2466 0.3191 0.1920 0.1484 0.0807 0.0131
12 0.0518 0.1097 0.3174 0.3596 0.0569 0.1047
13 0.2101 0.1943 0.3574 0.1198 0.1049 0.0135
14 0.1765 0.3247 0.3196 0.0771 0.0742 0.0279
15 0.3474 0.1011 0.1615 0.1693 0.0618 0.1591
16 0.2566 0.1848 0.2410 0.2062 0.0533 0.0581
17 0.1414 0.1588 0.3694 0.2137 0.0622 0.0545
18 0.1472 0.1077 0.3372 0.3701 0.0127 0.0250
19 0.0673 0.1219 0.2350 0.4897 0.0485 0.0378
20 0.1095 0.3479 0.1593 0.2507 0.0735 0.0591
21 0.1080 0.0881 0.4915 0.2472 0.0203 0.0450
22 0.1387 0.1323 0.4141 0.2360 0.0491 0.0298
23 0.2512 0.1366 0.4409 0.0875 0.0737 0.0102
24 0.2065 0.2491 0.3625 0.0771 0.0888 0.0159
25 0.2717 0.1741 0.3203 0.1636 0.0382 0.0320
26 0.0613 0.0739 0.7407 0.0956 0.0143 0.0141
27 0.3196 0.1821 0.4041 0.0645 0.0279 0.0019
28 0.3933 0.1371 0.3113 0.0787 0.0663 0.0134
29 0.1520 0.1342 0.4397 0.2281 0.0306 0.0155
30 0.0515 0.1743 0.4888 0.2102 0.0523 0.0227
31 0.2534 0.2219 0.4312 0.0454 0.0368 0.0111
32 0.0660 0.3623 0.4724 0.0748 0.0119 0.0126
33 0.1221 0.0373 0.7964 0.0209 0.0169 0.0064
34 0.1631 0.0399 0.7192 0.0409 0.0285 0.0082
35 0.1747 0.0456 0.7300 0.0137 0.0168 0.0193
36 0.1313 0.0875 0.7046 0.0188 0.0195 0.0385
37 0.4351 0.1025 0.3782 0.0098 0.0617 0.0126
38 0.2090 0.0793 0.6592 0.0190 0.0202 0.0136
39 0.1196 0.0423 0.7861 0.0269 0.0170 0.0083
40 0.0897 0.1785 0.4851 0.1841 0.0143 0.0484
41 0.1506 0.1146 0.5552 0.1119 0.0285 0.0390
42 0.2205 0.0744 0.6528 0.0278 0.0096 0.0147
43 0.3198 0.1851 0.4438 0.0324 0.0110 0.0079
44 0.0492 0.0438 0.7700 0.0979 0.0153 0.0236
45 0.1086 0.0872 0.7192 0.0467 0.0196 0.0187
46 0.2825 0.1225 0.5488 0.0210 0.0125 0.0125
47 0.2742 0.1367 0.4810 0.0817 0.0178 0.0087
48 0.1364 0.1439 0.5024 0.0654 0.0529 0.0989
49 0.0930 0.0888 0.4404 0.2163 0.0228 0.1385
50 0.1906 0.0966 0.4680 0.1669 0.0127 0.0654
51 0.1511 0.1233 0.5884 0.0867 0.0083 0.0423
52 0.1526 0.0544 0.6421 0.0883 0.0527 0.0098
53 0.0581 0.0653 0.8145 0.0350 0.0199 0.0070
54 0.1738 0.0555 0.7261 0.0256 0.0065 0.0127
55 0.1578 0.1102 0.4358 0.1578 0.0409 0.0973
56 0.2964 0.0243 0.6680 0.0072 0.0035 0.0009
57 0.2324 0.0561 0.5708 0.0682 0.0194 0.0531
58 0.1198 0.1315 0.6177 0.0458 0.0631 0.0222
59 0.1580 0.0643 0.5176 0.2192 0.0222 0.0186
60 0.4211 0.0925 0.3254 0.0883 0.0484 0.0243
61 0.1888 0.0906 0.2664 0.4126 0.0165 0.0250
62 0.1888 0.1517 0.3999 0.2350 0.0222 0.0023
63 0.2734 0.0692 0.5352 0.0874 0.0295 0.0052
64 0.0523 0.0635 0.7329 0.1443 0.0039 0.0029
65 0.2067 0.1912 0.5361 0.0324 0.0286 0.0048
66 0.1661 0.1024 0.6172 0.0842 0.0167 0.0131
67 0.1276 0.1665 0.6479 0.0417 0.0073 0.0088
68 0.5830 0.0730 0.2649 0.0526 0.0167 0.0097
69 0.3662 0.1316 0.4248 0.0363 0.0301 0.0112
70 0.0630 0.1196 0.7329 0.0737 0.0058 0.0052
71 0.1754 0.0822 0.6074 0.1107 0.0042 0.0200
72 0.1993 0.0459 0.5420 0.1993 0.0082 0.0055
73 0.3003 0.0790 0.5698 0.0249 0.0211 0.0047
74 0.2515 0.0726 0.6035 0.0289 0.0303 0.0134
75 0.1580 0.0295 0.7778 0.0221 0.0096 0.0031
76 0.2455 0.0535 0.6270 0.0523 0.0149 0.0069
77 0.2756 0.0821 0.5835 0.0353 0.0154 0.0083
78 0.3530 0.1068 0.5220 0.0067 0.0088 0.0029
79 0.2372 0.1951 0.2228 0.3022 0.0190 0.0237
80 0.3796 0.1301 0.3857 0.0790 0.0185 0.0071
81 0.1636 0.0410 0.7334 0.0404 0.0119 0.0098
82 0.2386 0.0520 0.6641 0.0248 0.0168 0.0038
83 0.3308 0.1914 0.4053 0.0371 0.0259 0.0094
84 0.1295 0.0602 0.5044 0.2742 0.0218 0.0101
85 0.1353 0.1722 0.5474 0.0840 0.0573 0.0037
86 0.1154 0.1931 0.5415 0.1257 0.0199 0.0042
87 0.3682 0.1794 0.4304 0.0115 0.0070 0.0034
88 0.2350 0.1719 0.4600 0.0668 0.0405 0.0258
89 0.3994 0.0598 0.4219 0.0652 0.0473 0.0066
90 0.5439 0.0983 0.2822 0.0423 0.0286 0.0048
91 0.2117 0.1868 0.5405 0.0300 0.0230 0.0082
92 0.1782 0.0954 0.3228 0.2937 0.0743 0.0356
93 0.1910 0.1272 0.3513 0.2737 0.0382 0.0188
94 0.0705 0.4058 0.3313 0.1589 0.0145 0.0190
95 0.2585 0.4607 0.1763 0.0740 0.0266 0.0039
96 0.2310 0.3928 0.3206 0.0349 0.0193 0.0016
97 0.3062 0.2747 0.3159 0.0805 0.0220 0.0007
98 0.2238 0.3806 0.2037 0.0911 0.1000 0.0008
99 0.1635 0.5444 0.1794 0.0472 0.0645 0.0011
100 0.0505 0.5386 0.3879 0.0110 0.0102 0.0015
101 0.2156 0.2642 0.4424 0.0234 0.0512 0.0032
102 0.0721 0.1503 0.5327 0.2119 0.0146 0.0182
103 0.1543 0.1450 0.5142 0.1721 0.0088 0.0057
104 0.1110 0.0438 0.3528 0.4602 0.0112 0.0210
105 0.1860 0.1890 0.2881 0.2708 0.0572 0.0091
106 0.1195 0.1465 0.3918 0.2097 0.1214 0.0110
107 0.1213 0.1462 0.6870 0.0302 0.0125 0.0029
108 0.2059 0.1578 0.1965 0.3450 0.0900 0.0048
109 0.2247 0.0595 0.6919 0.0192 0.0041 0.0004
110 0.1006 0.0796 0.8037 0.0109 0.0046 0.0004
111 0.1471 0.0928 0.7354 0.0164 0.0070 0.0011
112 0.1082 0.1400 0.7339 0.0109 0.0043 0.0029
113 0.2776 0.2128 0.3975 0.0680 0.0397 0.0044
114 0.0942 0.1102 0.7646 0.0210 0.0092 0.0008
115 0.1094 0.1776 0.6865 0.0201 0.0048 0.0018
116 0.0716 0.0484 0.7231 0.1381 0.0068 0.0121
117 0.0672 0.1975 0.6479 0.0523 0.0065 0.0287
118 0.1268 0.1165 0.5913 0.0973 0.0262 0.0418
119 0.1514 0.0890 0.6836 0.0343 0.0168 0.0249
120 0.1886 0.3132 0.4487 0.0330 0.0160 0.0004
121 0.1694 0.1019 0.5776 0.0425 0.0505 0.0581
122 0.0383 0.3159 0.5991 0.0421 0.0008 0.0038
123 0.0635 0.0999 0.5752 0.1500 0.0337 0.0778
124 0.0325 0.3130 0.5322 0.0918 0.0141 0.0162
125 0.0728 0.0891 0.5723 0.2172 0.0074 0.0414
126 0.1639 0.0705 0.4856 0.1493 0.0549 0.0757
127 0.3228 0.1525 0.3716 0.0896 0.0454 0.0182
128 0.1129 0.0624 0.4502 0.2317 0.0207 0.1221
129 0.3269 0.0675 0.4070 0.1373 0.0429 0.0183
130 0.1648 0.0602 0.6367 0.0698 0.0251 0.0433
131 0.0971 0.0857 0.3442 0.2991 0.0123 0.1614
132 0.2074 0.2123 0.4976 0.0689 0.0124 0.0014
133 0.2285 0.2629 0.3887 0.0822 0.0353 0.0022
134 0.1312 0.1440 0.2163 0.4873 0.0175 0.0036
135 0.2145 0.3374 0.2629 0.1683 0.0153 0.0015
136 0.4548 0.0815 0.2416 0.1910 0.0087 0.0225
137 0.2195 0.2030 0.5605 0.0040 0.0119 0.0013
138 0.2554 0.0817 0.6079 0.0257 0.0077 0.0215
139 0.3042 0.0668 0.5015 0.0851 0.0256 0.0169
140 0.1477 0.0976 0.6362 0.0420 0.0385 0.0379
141 0.0267 0.1387 0.6616 0.1647 0.0008 0.0076
142 0.3057 0.1187 0.5039 0.0168 0.0491 0.0060
143 0.0459 0.4604 0.3586 0.1094 0.0217 0.0041
144 0.1666 0.0652 0.1042 0.3528 0.3018 0.0093
145 0.1005 0.0450 0.8354 0.0144 0.0027 0.0021
146 0.1705 0.1182 0.6694 0.0193 0.0062 0.0164
147 0.0851 0.1076 0.7017 0.0438 0.0352 0.0264
148 0.4558 0.1066 0.3208 0.0544 0.0469 0.0156
149 0.0993 0.2942 0.3521 0.1587 0.0811 0.0150
150 0.0220 0.8076 0.1517 0.0138 0.0042 0.0006
151 0.1464 0.5029 0.3052 0.0117 0.0319 0.0017
152 0.0479 0.7378 0.1475 0.0235 0.0433 0.0002
153 0.0551 0.7603 0.1545 0.0241 0.0055 0.0003
154 0.0569 0.7319 0.1375 0.0419 0.0309 0.0010
155 0.1037 0.3884 0.3535 0.1096 0.0422 0.0026
156 0.1174 0.4646 0.2908 0.0643 0.0568 0.0063
157 0.1144 0.5996 0.2744 0.0022 0.0095 0.0001
158 0.0605 0.5269 0.3147 0.0834 0.0102 0.0040
159 0.0287 0.6587 0.2461 0.0553 0.0090 0.0024
160 0.0633 0.4641 0.2228 0.1847 0.0599 0.0052
161 0.0098 0.7690 0.1945 0.0253 0.0007 0.0008
162 0.2379 0.5845 0.0666 0.0126 0.0977 0.0010
163 0.4788 0.1964 0.1578 0.1077 0.0442 0.0153
164 0.7744 0.0616 0.1411 0.0136 0.0073 0.0018
165 0.0750 0.4216 0.3550 0.1058 0.0354 0.0070
166 0.0948 0.3782 0.3337 0.0492 0.1436 0.0006
167 0.1046 0.5928 0.2510 0.0388 0.0118 0.0009
168 0.1227 0.6182 0.1703 0.0169 0.0715 0.0005
169 0.2131 0.2305 0.3569 0.1234 0.0656 0.0105
170 0.5635 0.1979 0.1719 0.0049 0.0618 0.0001
171 0.1794 0.1243 0.5527 0.0991 0.0391 0.0051
172 0.0724 0.6206 0.0860 0.0605 0.1594 0.0008
173 0.0627 0.6895 0.1445 0.0524 0.0488 0.0020
174 0.0433 0.1096 0.7373 0.0264 0.0742 0.0091
175 0.1234 0.0917 0.1754 0.2306 0.3684 0.0104
176 0.1488 0.1141 0.2612 0.1740 0.2781 0.0241
177 0.4387 0.1815 0.0949 0.2620 0.0064 0.0164
178 0.5913 0.2244 0.1094 0.0613 0.0058 0.0079
179 0.1389 0.1514 0.5122 0.1411 0.0523 0.0043
180 0.1545 0.1046 0.4990 0.1954 0.0353 0.0113
181 0.2164 0.0748 0.2415 0.4304 0.0284 0.0087
182 0.1442 0.2163 0.2413 0.3623 0.0309 0.0049
183 0.1865 0.3223 0.3403 0.0514 0.0931 0.0063
184 0.6470 0.1235 0.0883 0.0969 0.0307 0.0133
185 0.3391 0.2683 0.3667 0.0112 0.0145 0.0004
186 0.0421 0.4316 0.4119 0.0229 0.0850 0.0066
187 0.3201 0.3030 0.2166 0.1293 0.0265 0.0046
188 0.5444 0.2781 0.1420 0.0164 0.0182 0.0012
189 0.5552 0.0958 0.2059 0.1318 0.0107 0.0005
190 0.1914 0.2656 0.2615 0.1689 0.0667 0.0458
191 0.3430 0.3738 0.2032 0.0094 0.0676 0.0031
192 0.3872 0.4121 0.1163 0.0386 0.0434 0.0024
193 0.4370 0.4370 0.0676 0.0275 0.0297 0.0010
194 0.1259 0.5469 0.1949 0.0604 0.0706 0.0014
195 0.1768 0.5708 0.1432 0.0737 0.0345 0.0010
196 0.1663 0.3181 0.3230 0.0891 0.0836 0.0199
197 0.1237 0.2517 0.5127 0.0328 0.0612 0.0181
198 0.2568 0.2693 0.3403 0.1071 0.0192 0.0073
199 0.3186 0.2295 0.4158 0.0235 0.0123 0.0004
200 0.1493 0.2539 0.4390 0.1298 0.0266 0.0015
201 0.1466 0.3860 0.4045 0.0552 0.0066 0.0009
202 0.4587 0.2847 0.1926 0.0237 0.0395 0.0007
203 0.0984 0.3894 0.1345 0.3330 0.0105 0.0343
204 0.0922 0.1923 0.4199 0.2754 0.0036 0.0167
205 0.2822 0.2651 0.4172 0.0201 0.0148 0.0004
206 0.3779 0.4023 0.2023 0.0105 0.0069 0.0001
207 0.1552 0.1066 0.4817 0.2024 0.0469 0.0073
208 0.0278 0.3862 0.3462 0.2306 0.0087 0.0006
209 0.0530 0.0629 0.8687 0.0121 0.0027 0.0004
210 0.0448 0.6138 0.0948 0.1962 0.0428 0.0077
211 0.0326 0.2603 0.6860 0.0172 0.0032 0.0010
212 0.3389 0.3040 0.2854 0.0205 0.0492 0.0020
213 0.2668 0.2079 0.4333 0.0429 0.0482 0.0008
214 0.1077 0.5020 0.3672 0.0146 0.0084 0.0003
215 0.4932 0.2683 0.1873 0.0294 0.0194 0.0025
216 0.2034 0.3052 0.0596 0.0447 0.3799 0.0071
217 0.1254 0.2961 0.0828 0.0370 0.4514 0.0073
218 0.3535 0.4199 0.1952 0.0196 0.0095 0.0023
219 0.4084 0.2852 0.2830 0.0130 0.0092 0.0012
220 0.1160 0.5576 0.3130 0.0114 0.0014 0.0006
221 0.0497 0.1417 0.2566 0.5186 0.0041 0.0293
