time exciting_prob fearful_prob tense_prob sad_prob relaxing_prob neutral_prob
0 0.2083 0.0999 0.1115 0.2551 0.0999 0.2252
1 0.0473 0.0536 0.1962 0.3135 0.0169 0.3723
2 0.0971 0.0627 0.3086 0.1458 0.0571 0.3286
3 0.0546 0.0393 0.2061 0.2817 0.0149 0.4033
4 0.1263 0.1263 0.3276 0.2051 0.1304 0.0842
5 0.2612 0.0917 0.2415 0.3005 0.0681 0.0370
6 0.8438 0.0163 0.0139 0.0693 0.0434 0.0132
7 0.9263 0.0038 0.0030 0.0359 0.0305 0.0008
8 0.0763 0.1259 0.6099 0.0892 0.0405 0.0585
9 0.1573 0.0424 0.2380 0.0641 0.1598 0.3384
10 0.1594 0.0353 0.1544 0.0600 0.0517 0.5391
11 0.1599 0.0743 0.4148 0.1000 0.0726 0.1783
12 0.2031 0.0975 0.4368 0.0482 0.0724 0.1418
13 0.1543 0.0782 0.5737 0.0707 0.0367 0.0866
14 0.2717 0.3381 0.1304 0.0822 0.1178 0.0597
15 0.0680 0.1005 0.4871 0.2128 0.0358 0.0959
16 0.1643 0.2317 0.3792 0.0252 0.1833 0.0163
17 0.1179 0.1346 0.5669 0.0631 0.0434 0.0743
18 0.1267 0.2258 0.5249 0.0301 0.0870 0.0054
19 0.0974 0.1891 0.6299 0.0375 0.0415 0.0048
20 0.1232 0.2179 0.3323 0.1271 0.1792 0.0203
21 0.3276 0.2184 0.3545 0.0574 0.0221 0.0200
22 0.0754 0.0191 0.0149 0.0084 0.8701 0.0119
23 0.1523 0.1443 0.0556 0.1838 0.4478 0.0162
24 0.1139 0.0916 0.3196 0.2338 0.0217 0.2196
25 0.1274 0.1315 0.1675 0.1755 0.3574 0.0407
26 0.5630 0.1992 0.1287 0.0190 0.0837 0.0063
27 0.1042 0.2620 0.5210 0.0122 0.0891 0.0116
28 0.1450 0.2045 0.4536 0.0679 0.0464 0.0826
29 0.2179 0.4009 0.2568 0.0141 0.1013 0.0091
30 0.1442 0.0909 0.1168 0.2434 0.0337 0.3711
31 0.1041 0.1099 0.0726 0.2202 0.0232 0.4700
32 0.3184 0.1962 0.3259 0.0948 0.0462 0.0184
33 0.0707 0.2489 0.3855 0.0165 0.2568 0.0216
34 0.1166 0.1937 0.2710 0.0221 0.2976 0.0989
35 0.0257 0.2054 0.7173 0.0274 0.0151 0.0092
36 0.1040 0.3411 0.4661 0.0487 0.0123 0.0278
37 0.1466 0.2634 0.0842 0.0216 0.4731 0.0110
38 0.0306 0.5508 0.3289 0.0572 0.0150 0.0176
39 0.0846 0.3047 0.5601 0.0193 0.0140 0.0173
40 0.1826 0.2920 0.3359 0.0465 0.0511 0.0919
41 0.1119 0.1068 0.2769 0.4028 0.0199 0.0818
42 0.5562 0.1461 0.1193 0.0043 0.1631 0.0113
43 0.3938 0.2351 0.1919 0.0369 0.0838 0.0585
44 0.2130 0.3623 0.3403 0.0251 0.0044 0.0547
45 0.0945 0.4104 0.3977 0.0345 0.0364 0.0264
46 0.1428 0.3792 0.3093 0.0334 0.0283 0.1069
47 0.1826 0.5039 0.1688 0.0064 0.1326 0.0054
48 0.4348 0.1960 0.2310 0.0185 0.1066 0.0131
49 0.0352 0.3262 0.4822 0.0722 0.0205 0.0637
50 0.3962 0.1665 0.3159 0.0047 0.1050 0.0117
51 0.5620 0.1377 0.1215 0.0061 0.1512 0.0216
52 0.3843 0.1962 0.1705 0.0078 0.2241 0.0173
53 0.0269 0.8184 0.1295 0.0085 0.0143 0.0026
54 0.1384 0.0262 0.0586 0.6299 0.0266 0.1202
55 0.1520 0.1951 0.1891 0.1936 0.2335 0.0367
56 0.1494 0.1888 0.4424 0.1238 0.0541 0.0415
57 0.2954 0.3401 0.2374 0.0675 0.0397 0.0198
58 0.2722 0.1945 0.0955 0.0276 0.3992 0.0111
59 0.1120 0.1818 0.2211 0.0542 0.4194 0.0116
60 0.1487 0.4138 0.3223 0.0506 0.0475 0.0170
61 0.1500 0.3599 0.3125 0.0539 0.0158 0.1080
62 0.3601 0.2615 0.0969 0.0205 0.0424 0.2185
63 0.1526 0.6226 0.1783 0.0082 0.0354 0.0031
64 0.1376 0.2654 0.2737 0.0420 0.2512 0.0302
65 0.1417 0.0619 0.0162 0.0573 0.6870 0.0361
66 0.0934 0.3962 0.4087 0.0504 0.0360 0.0155
67 0.2412 0.2842 0.3765 0.0079 0.0827 0.0073
68 0.2676 0.1116 0.2939 0.2634 0.0203 0.0430
69 0.1780 0.2396 0.1780 0.1647 0.1940 0.0457
70 0.1478 0.1433 0.2986 0.0253 0.3279 0.0570
71 0.1398 0.3433 0.2759 0.0454 0.1635 0.0322
72 0.1057 0.2615 0.2362 0.1810 0.1133 0.1024
73 0.0342 0.3101 0.1956 0.0400 0.3567 0.0635
74 0.1790 0.1667 0.1935 0.0981 0.3215 0.0412
75 0.0864 0.3210 0.4321 0.1010 0.0338 0.0255
76 0.3682 0.1881 0.2454 0.0074 0.1635 0.0275
77 0.1262 0.1986 0.3682 0.0547 0.0671 0.1852
78 0.0982 0.1671 0.1765 0.2864 0.1879 0.0840
79 0.2455 0.0969 0.0842 0.1957 0.1853 0.1926
80 0.3027 0.1583 0.1534 0.0815 0.1726 0.1312
81 0.1128 0.3018 0.4324 0.0878 0.0529 0.0123
82 0.4607 0.3069 0.1310 0.0396 0.0387 0.0233
83 0.4053 0.2053 0.1066 0.0062 0.2477 0.0289
84 0.0725 0.0277 0.0216 0.0373 0.8301 0.0108
85 0.0526 0.0959 0.0538 0.3347 0.3398 0.1231
86 0.2104 0.3086 0.1092 0.0181 0.3286 0.0249
87 0.3420 0.1760 0.2208 0.0219 0.1788 0.0604
88 0.2542 0.1415 0.0892 0.0313 0.4749 0.0089
89 0.2271 0.1572 0.0616 0.0574 0.4807 0.0159
90 0.2537 0.1677 0.2578 0.0145 0.2722 0.0341
91 0.4438 0.2375 0.2778 0.0029 0.0337 0.0044
92 0.2113 0.3738 0.3098 0.0142 0.0730 0.0179
93 0.1681 0.1052 0.3503 0.1211 0.1904 0.0648
94 0.1338 0.2461 0.4971 0.0171 0.0683 0.0377
95 0.1930 0.2830 0.2764 0.0993 0.1082 0.0401
96 0.2893 0.2939 0.1825 0.1072 0.0749 0.0523
97 0.1713 0.1548 0.1726 0.1881 0.1621 0.1511
98 0.2954 0.3347 0.1952 0.0160 0.1486 0.0101
99 0.3916 0.2179 0.2754 0.0119 0.0938 0.0095
100 0.3218 0.0759 0.3452 0.0529 0.1656 0.0385
101 0.1185 0.3591 0.2842 0.0944 0.0702 0.0735
102 0.2184 0.2219 0.2593 0.1432 0.0760 0.0810
103 0.0963 0.4351 0.3416 0.0261 0.0792 0.0218
104 0.1653 0.5635 0.1493 0.0341 0.0775 0.0101
105 0.0920 0.3018 0.2622 0.0415 0.2925 0.0102
106 0.0216 0.3882 0.1833 0.0201 0.3704 0.0165
107 0.0720 0.2590 0.2323 0.0754 0.3030 0.0583
108 0.0903 0.4548 0.2434 0.1150 0.0772 0.0192
109 0.0982 0.1364 0.1545 0.5068 0.0518 0.0526
110 0.1440 0.4299 0.3220 0.0120 0.0649 0.0273
111 0.1873 0.2769 0.2561 0.1019 0.1627 0.0153
112 0.2458 0.1743 0.0970 0.0566 0.4084 0.0177
113 0.2174 0.1382 0.1068 0.0581 0.4749 0.0045
114 0.1351 0.1331 0.2126 0.2688 0.0629 0.1876
115 0.1682 0.3118 0.3372 0.1605 0.0138 0.0087
116 0.0612 0.1381 0.5811 0.1746 0.0078 0.0372
117 0.0835 0.1687 0.2915 0.4111 0.0028 0.0423
118 0.1772 0.1978 0.5049 0.0864 0.0210 0.0125
119 0.0800 0.4065 0.4678 0.0331 0.0114 0.0014
120 0.5371 0.1663 0.0392 0.0408 0.2021 0.0146
121 0.2273 0.1316 0.4116 0.2238 0.0014 0.0044
122 0.1211 0.1748 0.3423 0.3533 0.0033 0.0053
123 0.5845 0.1622 0.0682 0.0225 0.1421 0.0208
124 0.1421 0.0931 0.5796 0.1635 0.0049 0.0168
125 0.3271 0.0569 0.5312 0.0765 0.0046 0.0036
126 0.3303 0.2454 0.1273 0.0720 0.2051 0.0200
127 0.3892 0.1927 0.2634 0.1098 0.0019 0.0430
128 0.0798 0.0762 0.7461 0.0811 0.0036 0.0132
129 0.1371 0.1493 0.5215 0.1692 0.0014 0.0217
130 0.1118 0.0844 0.0255 0.0642 0.6846 0.0294
131 0.1831 0.2812 0.0599 0.1566 0.2949 0.0242
132 0.3474 0.2261 0.0958 0.0988 0.2108 0.0210
133 0.1412 0.4248 0.1575 0.0941 0.1689 0.0133
134 0.2905 0.3701 0.2708 0.0207 0.0406 0.0073
135 0.1283 0.3545 0.4080 0.1072 0.0003 0.0018
136 0.1013 0.3975 0.2128 0.0096 0.2488 0.0299
137 0.1738 0.4170 0.2322 0.0539 0.1080 0.0151
138 0.0391 0.2214 0.6309 0.0930 0.0013 0.0146
139 0.1472 0.1146 0.5732 0.1289 0.0079 0.0281
140 0.1183 0.2998 0.1709 0.2524 0.0497 0.1086
141 0.0385 0.5078 0.4146 0.0261 0.0083 0.0048
142 0.0870 0.1256 0.6841 0.0823 0.0035 0.0174
143 0.3293 0.0782 0.5103 0.0707 0.0074 0.0044
144 0.0516 0.5591 0.3445 0.0390 0.0026 0.0030
145 0.0211 0.1798 0.6685 0.0732 0.0044 0.0532
146 0.2739 0.2676 0.2219 0.2020 0.0167 0.0177
147 0.1967 0.1631 0.5264 0.0595 0.0030 0.0513
148 0.0918 0.4448 0.2495 0.1702 0.0215 0.0223
149 0.2395 0.1823 0.3174 0.2395 0.0134 0.0079
150 0.1487 0.1510 0.3979 0.2756 0.0125 0.0141
151 0.0995 0.0585 0.4460 0.3640 0.0061 0.0258
152 0.2512 0.1989 0.2825 0.2512 0.0097 0.0064
153 0.1501 0.1188 0.4810 0.2253 0.0025 0.0223
154 0.1531 0.1694 0.5732 0.0973 0.0015 0.0056
155 0.0880 0.0834 0.6304 0.1835 0.0035 0.0111
156 0.0814 0.1908 0.3247 0.3916 0.0055 0.0061
157 0.1030 0.0498 0.4834 0.3271 0.0027 0.0339
158 0.0345 0.2585 0.6709 0.0266 0.0010 0.0084
159 0.2119 0.1091 0.5854 0.0715 0.0175 0.0046
160 0.1608 0.0645 0.5884 0.1418 0.0044 0.0403
161 0.0608 0.0994 0.4971 0.3208 0.0057 0.0161
162 0.1752 0.1924 0.3708 0.1453 0.0457 0.0707
163 0.0674 0.4504 0.1750 0.1166 0.0801 0.1104
164 0.0479 0.0314 0.0742 0.0304 0.7974 0.0190
165 0.0997 0.1656 0.0555 0.0551 0.6152 0.0087
166 0.4912 0.2017 0.0828 0.1022 0.0967 0.0254
167 0.1062 0.0453 0.0226 0.0250 0.7544 0.0464
168 0.2023 0.2239 0.1337 0.1600 0.2086 0.0715
169 0.0875 0.1387 0.1115 0.0060 0.6265 0.0298
170 0.1182 0.1470 0.1209 0.1666 0.4287 0.0185
171 0.1798 0.3010 0.1757 0.1285 0.1326 0.0823
172 0.0906 0.0739 0.0844 0.0087 0.7124 0.0301
173 0.3049 0.2000 0.1185 0.1475 0.1464 0.0827
174 0.1960 0.1295 0.1033 0.2637 0.1885 0.1189
175 0.1144 0.0780 0.3608 0.2257 0.1962 0.0249
176 0.1724 0.2529 0.1521 0.0356 0.3767 0.0104
177 0.1904 0.1920 0.1438 0.1981 0.1036 0.1721
178 0.1770 0.0408 0.0267 0.0105 0.7397 0.0054
179 0.0681 0.0587 0.1157 0.0514 0.6016 0.1046
180 0.0786 0.0562 0.0480 0.6274 0.0621 0.1276
181 0.1351 0.0619 0.1384 0.3645 0.0248 0.2751
182 0.1221 0.0839 0.2627 0.1473 0.3704 0.0135
183 0.0784 0.0703 0.0650 0.3101 0.1511 0.3250
184 0.0671 0.0650 0.0671 0.3250 0.1511 0.3250
185 0.0346 0.6436 0.1349 0.0717 0.1119 0.0032
186 0.1204 0.4202 0.1879 0.1632 0.0747 0.0337
187 0.0520 0.2188 0.4055 0.2040 0.0608 0.0589
188 0.0938 0.3376 0.2432 0.0840 0.1864 0.0551
189 0.1354 0.3484 0.2233 0.0778 0.1738 0.0413
190 0.0900 0.0572 0.0723 0.3093 0.1761 0.2952
191 0.1029 0.5391 0.1353 0.0361 0.1805 0.0061
192 0.1283 0.4207 0.1132 0.0309 0.3030 0.0041
193 0.0676 0.1499 0.4272 0.0556 0.1323 0.1672
194 0.1650 0.0986 0.2103 0.2421 0.2576 0.0263
195 0.1528 0.3186 0.2769 0.0466 0.1948 0.0102
196 0.2429 0.1863 0.2795 0.0159 0.2264 0.0490
197 0.0550 0.3318 0.3318 0.0833 0.0367 0.1616
198 0.2239 0.1434 0.3521 0.2136 0.0278 0.0392
199 0.1945 0.2556 0.2617 0.0588 0.2152 0.0143
200 0.0579 0.1526 0.3633 0.2037 0.1335 0.0890
201 0.4763 0.3711 0.0841 0.0105 0.0535 0.0045
202 0.0323 0.1681 0.3091 0.2949 0.0110 0.1846
203 0.0386 0.2856 0.5420 0.0657 0.0154 0.0528
204 0.0477 0.1692 0.2747 0.3608 0.0313 0.1163
205 0.1345 0.1812 0.5664 0.0257 0.0544 0.0377
206 0.1951 0.4717 0.1804 0.0165 0.1300 0.0064
207 0.1735 0.2751 0.1655 0.1495 0.1847 0.0517
208 0.1580 0.2142 0.1211 0.2974 0.0928 0.1165
209 0.1357 0.3384 0.2805 0.0656 0.1433 0.0362
210 0.0455 0.1931 0.5591 0.1577 0.0311 0.0137
211 0.2457 0.2896 0.2220 0.0721 0.0829 0.0876
212 0.0353 0.1558 0.1418 0.0340 0.6064 0.0264
213 0.0310 0.0721 0.1189 0.0417 0.7173 0.0191
214 0.0472 0.5576 0.0430 0.0687 0.2805 0.0030
215 0.1509 0.2817 0.3792 0.0901 0.0951 0.0031
216 0.0983 0.2452 0.5396 0.0317 0.0148 0.0703
217 0.4062 0.0980 0.0590 0.2124 0.1707 0.0537
218 0.0306 0.6533 0.0438 0.0637 0.2056 0.0029
219 0.2627 0.5146 0.1005 0.0619 0.0475 0.0129
220 0.0240 0.2896 0.0414 0.2119 0.4280 0.0053
221 0.0640 0.0640 0.0574 0.0143 0.7798 0.0208
222 0.0955 0.2102 0.1049 0.2576 0.3254 0.0064
223 0.0415 0.0706 0.0729 0.0089 0.7959 0.0103
224 0.3228 0.2218 0.0362 0.0869 0.3127 0.0195
225 0.0406 0.2032 0.0620 0.0983 0.5879 0.0080
226 0.0374 0.3521 0.1742 0.0303 0.3630 0.0430
227 0.1882 0.2166 0.0507 0.0495 0.4275 0.0676
228 0.1431 0.4546 0.1088 0.0569 0.2181 0.0183
229 0.0339 0.5693 0.0397 0.0959 0.2527 0.0085
230 0.1126 0.3550 0.3721 0.0333 0.1246 0.0023
231 0.1351 0.1708 0.1438 0.2371 0.0318 0.2815
232 0.2480 0.1307 0.2330 0.0805 0.2947 0.0131
233 0.0442 0.4426 0.0497 0.2208 0.2191 0.0236
234 0.0828 0.0578 0.0518 0.0055 0.7974 0.0049
235 0.0800 0.3816 0.0818 0.0558 0.3999 0.0010
236 0.0976 0.4731 0.1560 0.0340 0.2200 0.0194
237 0.3665 0.1664 0.0927 0.0218 0.3159 0.0368
238 0.0776 0.1763 0.3506 0.0591 0.1736 0.1630
239 0.0292 0.2947 0.0781 0.2406 0.3213 0.0360
240 0.1152 0.3604 0.2556 0.1116 0.1170 0.0401
241 0.2228 0.1749 0.1543 0.0859 0.3398 0.0222
242 0.0908 0.0634 0.0290 0.0248 0.7905 0.0012
243 0.1973 0.4697 0.0961 0.0427 0.1897 0.0045
244 0.5562 0.0551 0.1037 0.1086 0.1656 0.0108
245 0.1816 0.0482 0.4094 0.2771 0.0482 0.0355
246 0.1102 0.0886 0.6050 0.0972 0.0489 0.0500
247 0.2474 0.0698 0.4844 0.1225 0.0253 0.0507
248 0.1312 0.0861 0.5879 0.0620 0.0530 0.0796
249 0.1157 0.0393 0.5347 0.1656 0.0614 0.0833
250 0.1078 0.4644 0.1520 0.0358 0.2045 0.0355
251 0.0515 0.0230 0.1729 0.5083 0.0119 0.2327
252 0.1315 0.1840 0.0829 0.0257 0.5669 0.0090
253 0.2150 0.4146 0.0816 0.0293 0.2534 0.0062
254 0.0937 0.3245 0.4539 0.0361 0.0664 0.0254
255 0.0945 0.2413 0.1396 0.1014 0.4075 0.0157
256 0.1236 0.1870 0.0333 0.2136 0.4214 0.0211
257 0.1542 0.0633 0.4463 0.2279 0.0517 0.0567
258 0.0943 0.0460 0.4163 0.3242 0.0723 0.0471
259 0.0999 0.2822 0.2286 0.0362 0.3406 0.0125
260 0.1273 0.4585 0.0984 0.0511 0.2306 0.0340
261 0.0781 0.2261 0.4426 0.0613 0.1173 0.0745
262 0.0679 0.1086 0.4944 0.1763 0.0355 0.1174
263 0.1056 0.0651 0.4883 0.2534 0.0433 0.0444
264 0.1819 0.2773 0.3193 0.0273 0.1617 0.0323
265 0.0996 0.5425 0.2012 0.0191 0.1052 0.0323
266 0.4224 0.1816 0.0478 0.0463 0.2834 0.0184
267 0.4333 0.1113 0.1632 0.0324 0.2568 0.0029
268 0.1774 0.1615 0.3997 0.2277 0.0220 0.0119
