time exciting_prob fearful_prob tense_prob sad_prob relaxing_prob neutral_prob
0 0.2668 0.0675 0.1203 0.3025 0.1384 0.1045
1 0.2292 0.0898 0.1479 0.3389 0.0941 0.1002
2 0.1429 0.2113 0.1836 0.2842 0.1364 0.0416
3 0.3091 0.1003 0.0604 0.1119 0.3091 0.1093
4 0.3296 0.0930 0.0634 0.0989 0.3145 0.1005
5 0.3076 0.0518 0.0547 0.1262 0.3652 0.0945
6 0.1115 0.0779 0.0666 0.1525 0.5239 0.0676
7 0.0830 0.1771 0.2346 0.3633 0.1217 0.0202
8 0.0999 0.1263 0.2673 0.3892 0.0896 0.0275
9 0.3022 0.0789 0.0735 0.0634 0.3589 0.1231
10 0.2842 0.0747 0.0724 0.0783 0.3428 0.1475
11 0.1288 0.1019 0.1248 0.2812 0.0864 0.2769
12 0.1318 0.1680 0.1328 0.2156 0.0957 0.2561
13 0.2230 0.0084 0.0288 0.6255 0.1037 0.0106
14 0.9131 0.0062 0.0133 0.0444 0.0227 0.0003
15 0.9062 0.0071 0.0140 0.0441 0.0282 0.0003
16 0.8584 0.0092 0.0272 0.0688 0.0346 0.0016
17 0.1722 0.0814 0.2468 0.1078 0.1670 0.2247
18 0.1377 0.0414 0.4883 0.2871 0.0195 0.0259
19 0.1545 0.0777 0.5566 0.1893 0.0105 0.0112
20 0.1497 0.1260 0.3972 0.2605 0.0246 0.0419
21 0.3630 0.1016 0.1367 0.1031 0.1478 0.1478
22 0.1835 0.0207 0.0233 0.0358 0.0915 0.6450
23 0.2140 0.0299 0.0240 0.0333 0.1035 0.5952
24 0.0731 0.1388 0.4275 0.0426 0.1224 0.1957
25 0.0654 0.1281 0.4006 0.0479 0.1113 0.2468
26 0.8159 0.0560 0.0169 0.0416 0.0629 0.0067
27 0.8501 0.0606 0.0208 0.0057 0.0611 0.0017
28 0.8447 0.0768 0.0184 0.0048 0.0536 0.0015
29 0.8428 0.0809 0.0179 0.0055 0.0510 0.0017
30 0.1179 0.0693 0.0862 0.0473 0.6475 0.0320
31 0.1248 0.0652 0.0871 0.0524 0.6333 0.0372
32 0.0808 0.0610 0.1333 0.0547 0.6357 0.0345
33 0.1567 0.2078 0.4036 0.0654 0.1362 0.0304
34 0.4927 0.1855 0.0955 0.0351 0.1637 0.0276
35 0.5332 0.1691 0.0912 0.0330 0.1458 0.0278
36 0.5303 0.1682 0.0951 0.0297 0.1484 0.0283
37 0.4543 0.1014 0.0765 0.1233 0.1880 0.0564
38 0.1317 0.3416 0.2969 0.1118 0.0870 0.0310
39 0.1378 0.3411 0.2827 0.1179 0.0918 0.0287
40 0.0758 0.0550 0.7251 0.1061 0.0339 0.0042
41 0.1371 0.0508 0.0558 0.0349 0.7129 0.0084
42 0.1729 0.0561 0.0579 0.0284 0.6733 0.0115
43 0.8643 0.0028 0.0009 0.0010 0.1305 0.0004
44 0.9546 0.0046 0.0011 0.0010 0.0385 0.0003
45 0.9590 0.0045 0.0011 0.0009 0.0344 0.0002
46 0.9590 0.0022 0.0007 0.0004 0.0375 0.0002
47 0.9575 0.0022 0.0007 0.0003 0.0392 0.0001
48 0.9609 0.0019 0.0010 0.0016 0.0342 0.0003
49 0.0341 0.4705 0.0927 0.0667 0.3037 0.0325
50 0.0302 0.4839 0.0815 0.0765 0.3027 0.0252
51 0.0965 0.6006 0.0425 0.0928 0.1506 0.0172
52 0.0659 0.5352 0.1737 0.0586 0.1544 0.0124
53 0.1067 0.6587 0.0357 0.1482 0.0333 0.0173
54 0.0948 0.8003 0.0244 0.0492 0.0282 0.0032
55 0.0380 0.6738 0.2054 0.0294 0.0519 0.0015
56 0.4453 0.1946 0.2039 0.0368 0.1171 0.0023
57 0.1277 0.1436 0.0466 0.0310 0.6484 0.0028
58 0.0841 0.1114 0.0630 0.0635 0.6719 0.0063
59 0.2161 0.2410 0.1129 0.1121 0.3047 0.0134
60 0.2551 0.3276 0.2891 0.0420 0.0754 0.0108
61 0.1252 0.4207 0.3655 0.0298 0.0565 0.0025
62 0.0967 0.5352 0.1849 0.0319 0.1510 0.0004
63 0.6758 0.1643 0.0490 0.0316 0.0758 0.0035
64 0.1124 0.4080 0.2184 0.1160 0.1315 0.0136
65 0.2878 0.3640 0.2242 0.0316 0.0906 0.0018
66 0.2546 0.3323 0.2932 0.0258 0.0923 0.0017
67 0.2402 0.5005 0.1960 0.0231 0.0386 0.0014
68 0.3198 0.3274 0.2148 0.1105 0.0269 0.0003
69 0.1462 0.5474 0.1147 0.0638 0.1147 0.0130
70 0.1301 0.0342 0.0233 0.0241 0.7852 0.0032
71 0.1133 0.0348 0.0338 0.0377 0.7744 0.0061
72 0.2791 0.3696 0.2462 0.0459 0.0576 0.0015
73 0.4275 0.2612 0.2717 0.0223 0.0122 0.0050
74 0.1493 0.4390 0.2834 0.0139 0.1119 0.0026
75 0.2350 0.2683 0.3696 0.0837 0.0381 0.0054
76 0.0694 0.6089 0.2744 0.0301 0.0049 0.0125
77 0.1113 0.3765 0.3706 0.0691 0.0416 0.0311
78 0.1801 0.4287 0.2405 0.0745 0.0463 0.0301
79 0.5762 0.1515 0.1295 0.0738 0.0651 0.0040
80 0.1677 0.2598 0.0978 0.1370 0.2944 0.0431
81 0.1729 0.2871 0.1197 0.0296 0.3804 0.0103
82 0.1453 0.1780 0.5566 0.0564 0.0539 0.0097
83 0.1051 0.1426 0.1146 0.0272 0.5908 0.0197
84 0.1241 0.3733 0.1473 0.2688 0.0776 0.0087
85 0.1111 0.1669 0.2076 0.2316 0.2583 0.0244
86 0.1995 0.4031 0.1278 0.0613 0.1995 0.0090
87 0.2250 0.3948 0.2471 0.0068 0.0790 0.0475
88 0.0992 0.5894 0.0726 0.0386 0.1884 0.0118
89 0.0861 0.5029 0.1582 0.0150 0.2302 0.0076
90 0.4248 0.3523 0.0500 0.0744 0.0933 0.0052
91 0.1442 0.6768 0.0309 0.0237 0.1096 0.0147
92 0.1016 0.1868 0.1455 0.2512 0.1000 0.2150
93 0.0640 0.3921 0.4307 0.0635 0.0170 0.0327
94 0.1455 0.2307 0.5620 0.0483 0.0101 0.0034
95 0.1941 0.3101 0.3301 0.1488 0.0121 0.0047
96 0.1591 0.0717 0.1382 0.1748 0.4326 0.0237
97 0.4797 0.3350 0.0990 0.0361 0.0479 0.0022
98 0.0729 0.5562 0.3218 0.0229 0.0199 0.0061
99 0.1501 0.0646 0.4277 0.2637 0.0515 0.0424
100 0.0960 0.1167 0.0490 0.2471 0.4473 0.0439
101 0.0227 0.8374 0.1160 0.0140 0.0014 0.0087
102 0.0791 0.5200 0.3464 0.0269 0.0188 0.0087
103 0.2322 0.5884 0.1195 0.0251 0.0226 0.0123
104 0.1423 0.1162 0.2384 0.1199 0.3362 0.0469
105 0.2256 0.2458 0.3257 0.1914 0.0095 0.0020
106 0.0358 0.5220 0.3479 0.0605 0.0081 0.0256
107 0.2135 0.1367 0.1207 0.2438 0.2637 0.0218
108 0.0849 0.6577 0.1549 0.0598 0.0383 0.0046
109 0.1396 0.0959 0.7090 0.0136 0.0337 0.0079
110 0.0519 0.6519 0.2084 0.0423 0.0253 0.0202
111 0.1769 0.2068 0.2417 0.0889 0.2271 0.0588
112 0.2443 0.0818 0.2520 0.2190 0.1902 0.0126
113 0.0737 0.0671 0.0461 0.0236 0.7803 0.0090
114 0.2769 0.0793 0.1084 0.1995 0.2993 0.0366
115 0.3225 0.0903 0.3542 0.0999 0.0348 0.0983
116 0.0902 0.1896 0.0655 0.1547 0.3379 0.1621
117 0.1124 0.1008 0.1797 0.3630 0.0097 0.2344
118 0.1030 0.1752 0.0610 0.2395 0.3027 0.1185
119 0.1285 0.1899 0.0523 0.2515 0.2942 0.0836
120 0.0622 0.2346 0.2136 0.3467 0.0389 0.1041
121 0.0740 0.4004 0.1804 0.2505 0.0329 0.0619
122 0.1289 0.3877 0.3877 0.0274 0.0409 0.0274
123 0.1221 0.3506 0.4719 0.0077 0.0321 0.0154
124 0.1597 0.4919 0.2435 0.0168 0.0592 0.0289
125 0.1133 0.5039 0.3008 0.0039 0.0544 0.0236
126 0.0536 0.4321 0.3064 0.0067 0.0642 0.1370
127 0.0757 0.3420 0.3367 0.0059 0.0717 0.1680
128 0.1477 0.2019 0.5073 0.0113 0.0236 0.1080
129 0.0886 0.1519 0.1832 0.0183 0.0321 0.5259
130 0.0650 0.1971 0.1941 0.0164 0.0200 0.5073
131 0.0720 0.2201 0.2917 0.0206 0.0298 0.3657
132 0.0540 0.0612 0.1218 0.2349 0.0231 0.5049
133 0.1851 0.1837 0.3325 0.0348 0.0606 0.2032
134 0.0779 0.3804 0.3103 0.0163 0.0651 0.1501
135 0.1356 0.4807 0.1755 0.0263 0.0842 0.0977
136 0.1187 0.3684 0.1942 0.0273 0.0925 0.1989
137 0.1196 0.2781 0.0961 0.0410 0.0666 0.3984
138 0.0681 0.0577 0.0820 0.1820 0.0916 0.5186
139 0.1318 0.1980 0.1471 0.1667 0.0449 0.3115
140 0.1956 0.1365 0.1726 0.1621 0.0487 0.2844
141 0.1602 0.1602 0.1458 0.1786 0.0418 0.3135
142 0.1215 0.1023 0.3201 0.0903 0.3569 0.0089
143 0.0490 0.2128 0.3794 0.0944 0.2607 0.0038
144 0.3010 0.0103 0.0113 0.5986 0.0755 0.0032
145 0.0912 0.1479 0.6738 0.0756 0.0090 0.0027
146 0.0291 0.0383 0.0856 0.7627 0.0756 0.0086
147 0.4055 0.0200 0.3523 0.1946 0.0253 0.0021
148 0.1306 0.0441 0.4702 0.2722 0.0104 0.0727
149 0.1050 0.0399 0.2991 0.5288 0.0259 0.0011
150 0.2358 0.0708 0.3828 0.2610 0.0486 0.0010
151 0.3403 0.1698 0.2146 0.1396 0.1176 0.0182
152 0.1610 0.1882 0.5576 0.0062 0.0809 0.0061
153 0.0591 0.1139 0.0229 0.7720 0.0233 0.0086
154 0.0731 0.2361 0.5933 0.0656 0.0213 0.0105
155 0.3369 0.1667 0.4094 0.0604 0.0222 0.0044
156 0.1066 0.2054 0.2328 0.3257 0.0715 0.0580
157 0.1648 0.0748 0.2825 0.2983 0.1700 0.0094
158 0.2654 0.0822 0.1973 0.4080 0.0320 0.0151
159 0.1697 0.0304 0.1148 0.3374 0.3071 0.0406
160 0.2156 0.5337 0.1932 0.0047 0.0352 0.0178
161 0.2114 0.2981 0.2844 0.0601 0.0650 0.0809
162 0.0857 0.3442 0.0850 0.0097 0.4253 0.0500
163 0.1257 0.0207 0.2969 0.5132 0.0190 0.0246
164 0.1698 0.1711 0.2017 0.2322 0.2032 0.0218
165 0.1437 0.1309 0.1707 0.0215 0.5298 0.0033
166 0.2010 0.5464 0.1903 0.0060 0.0242 0.0318
167 0.2175 0.4941 0.1981 0.0084 0.0609 0.0210
168 0.1493 0.1317 0.1801 0.1381 0.3931 0.0079
169 0.1595 0.3052 0.2065 0.0263 0.3005 0.0019
170 0.1532 0.1175 0.3193 0.1833 0.2195 0.0069
171 0.0557 0.1274 0.7388 0.0267 0.0472 0.0042
172 0.1594 0.3794 0.3147 0.0254 0.0324 0.0887
173 0.0417 0.0121 0.0296 0.0040 0.8911 0.0216
174 0.3174 0.2959 0.2286 0.0233 0.1293 0.0056
175 0.3379 0.0983 0.1387 0.2181 0.1865 0.0206
176 0.1694 0.3760 0.1832 0.1681 0.0988 0.0046
177 0.5942 0.1456 0.0544 0.0843 0.1041 0.0174
178 0.1917 0.1744 0.4932 0.0325 0.0844 0.0238
179 0.2563 0.1655 0.0757 0.2012 0.2837 0.0174
180 0.1232 0.1223 0.2588 0.1594 0.2734 0.0629
181 0.0997 0.4133 0.2393 0.0146 0.0922 0.1406
182 0.1825 0.1840 0.4961 0.0158 0.0903 0.0312
183 0.2847 0.2396 0.1910 0.1215 0.1431 0.0203
184 0.0890 0.2896 0.1929 0.2556 0.1444 0.0287
185 0.1934 0.1076 0.1393 0.3137 0.2058 0.0402
186 0.0676 0.4080 0.3079 0.0503 0.1598 0.0065
187 0.1445 0.3206 0.5044 0.0070 0.0188 0.0047
188 0.0791 0.2849 0.3103 0.0108 0.3032 0.0118
189 0.2061 0.3533 0.3940 0.0043 0.0409 0.0015
190 0.1797 0.1367 0.1206 0.0565 0.5000 0.0066
191 0.0068 0.0054 0.0126 0.0012 0.9731 0.0011
192 0.1075 0.1199 0.1470 0.0949 0.4895 0.0411
193 0.1693 0.1219 0.2769 0.0920 0.2642 0.0757
194 0.1696 0.2605 0.1763 0.1069 0.1617 0.1250
195 0.1079 0.1620 0.1122 0.1213 0.4302 0.0665
196 0.1017 0.1744 0.0912 0.0357 0.4185 0.1786
197 0.0848 0.1224 0.0748 0.3982 0.1015 0.2183
198 0.1422 0.0985 0.1898 0.1245 0.0985 0.3464
199 0.1758 0.1256 0.1718 0.1718 0.1109 0.2441
200 0.1114 0.0350 0.0938 0.0171 0.7148 0.0277
201 0.0851 0.1887 0.1641 0.0246 0.5293 0.0082
202 0.1736 0.0490 0.2317 0.1094 0.1069 0.3293
203 0.2773 0.1384 0.1709 0.1121 0.0801 0.2212
204 0.1510 0.3274 0.3052 0.0640 0.0471 0.1055
205 0.2651 0.0999 0.1223 0.1608 0.1738 0.1780
206 0.0684 0.0449 0.0695 0.0028 0.8076 0.0068
207 0.1997 0.2061 0.2585 0.1183 0.0311 0.1862
208 0.1798 0.1743 0.1743 0.0798 0.0398 0.3521
209 0.0854 0.3381 0.2983 0.0597 0.1323 0.0861
210 0.1260 0.1520 0.1982 0.0128 0.4907 0.0202
211 0.2355 0.3320 0.3218 0.0125 0.0609 0.0373
212 0.0251 0.0090 0.0180 0.0050 0.9219 0.0212
213 0.1554 0.2261 0.2815 0.1707 0.0684 0.0980
214 0.1718 0.1458 0.1180 0.2559 0.0864 0.2223
215 0.1896 0.1523 0.2286 0.1781 0.0464 0.2050
216 0.0551 0.5190 0.3918 0.0155 0.0142 0.0044
217 0.2505 0.2075 0.1567 0.1832 0.1472 0.0550
218 0.1663 0.1587 0.3662 0.0123 0.1587 0.1378
219 0.0637 0.3638 0.4526 0.0170 0.0366 0.0662
220 0.1008 0.5200 0.3010 0.0055 0.0575 0.0149
221 0.0217 0.0184 0.0163 0.0052 0.9370 0.0016
222 0.0511 0.1587 0.0933 0.0067 0.6895 0.0011
223 0.0712 0.0460 0.0361 0.4683 0.0542 0.3242
224 0.3606 0.0704 0.0511 0.2120 0.1327 0.1731
225 0.1399 0.2551 0.3984 0.0141 0.1536 0.0388
226 0.1135 0.0632 0.1652 0.2188 0.3335 0.1058
227 0.2866 0.0737 0.0771 0.1659 0.1293 0.2673
228 0.2054 0.1813 0.1550 0.1587 0.1125 0.1870
229 0.0959 0.2798 0.2450 0.1509 0.0221 0.2063
230 0.2996 0.1405 0.0900 0.1044 0.2996 0.0659
231 0.2471 0.1647 0.1711 0.1442 0.1158 0.1571
232 0.1940 0.0945 0.1105 0.1823 0.2529 0.1659
233 0.0917 0.0939 0.2201 0.2915 0.0245 0.2783
234 0.0953 0.3655 0.1766 0.0340 0.0506 0.2781
235 0.0690 0.6245 0.2644 0.0115 0.0242 0.0061
236 0.0268 0.0098 0.0206 0.0013 0.9312 0.0102
237 0.0444 0.1469 0.1445 0.2498 0.3992 0.0151
238 0.0220 0.2637 0.6733 0.0220 0.0170 0.0020
239 0.0414 0.0341 0.0876 0.0132 0.8184 0.0051
240 0.0127 0.0196 0.0435 0.0209 0.9014 0.0020
241 0.0118 0.0114 0.0184 0.0054 0.9448 0.0081
242 0.0293 0.0096 0.0175 0.0019 0.9321 0.0097
243 0.0517 0.0893 0.1240 0.0024 0.7305 0.0022
244 0.1030 0.0211 0.0526 0.0152 0.7729 0.0350
245 0.0061 0.0038 0.0080 0.0012 0.9800 0.0011
246 0.1346 0.1573 0.1729 0.0205 0.4624 0.0523
247 0.0052 0.0030 0.0064 0.0008 0.9834 0.0012
248 0.0626 0.0761 0.2418 0.0263 0.5283 0.0651
249 0.0562 0.3083 0.2119 0.1813 0.2256 0.0170
250 0.0687 0.2323 0.3276 0.0895 0.2472 0.0348
251 0.0610 0.2231 0.1440 0.2957 0.2610 0.0151
252 0.0555 0.0422 0.0981 0.0034 0.7959 0.0052
253 0.0207 0.0734 0.2993 0.0101 0.5952 0.0012
254 0.0762 0.0488 0.0215 0.0016 0.8516 0.0005
255 0.0076 0.0055 0.0114 0.0108 0.9634 0.0012
256 0.1467 0.1255 0.1456 0.0056 0.5669 0.0095
257 0.4863 0.1654 0.3188 0.0050 0.0210 0.0034
258 0.1137 0.3970 0.4094 0.0452 0.0172 0.0174
259 0.1031 0.2803 0.4619 0.1007 0.0223 0.0317
260 0.1898 0.4414 0.1315 0.0202 0.1757 0.0414
261 0.1844 0.0338 0.1627 0.0127 0.5952 0.0108
262 0.1186 0.2756 0.4690 0.0152 0.1080 0.0135
263 0.0835 0.1824 0.2983 0.0039 0.4207 0.0114
264 0.3052 0.2844 0.3250 0.0075 0.0760 0.0021
265 0.4705 0.3086 0.1247 0.0371 0.0575 0.0016
266 0.0874 0.1765 0.1185 0.0271 0.0423 0.5483
267 0.1575 0.1827 0.1041 0.0278 0.0274 0.5005
268 0.0140 0.0100 0.0378 0.0428 0.0091 0.8862
269 0.0596 0.1078 0.1176 0.0453 0.0192 0.6504
270 0.0716 0.1296 0.2922 0.0418 0.0050 0.4597
271 0.0498 0.0564 0.1157 0.0696 0.0268 0.6816
272 0.0434 0.0571 0.0405 0.0255 0.0138 0.8198
273 0.1383 0.2949 0.2996 0.0623 0.0202 0.1846
274 0.1431 0.0991 0.1064 0.0583 0.0226 0.5703
275 0.1106 0.2869 0.3655 0.0132 0.0137 0.2100
276 0.1265 0.2363 0.1065 0.0271 0.0919 0.4116
277 0.1186 0.3682 0.3149 0.0166 0.1262 0.0556
278 0.1573 0.2849 0.1512 0.0797 0.0925 0.2344
279 0.0481 0.0641 0.0824 0.1237 0.0129 0.6689
280 0.1313 0.2252 0.1824 0.0543 0.0267 0.3801
281 0.3027 0.3711 0.1583 0.0388 0.0131 0.1158
282 0.1180 0.1425 0.2639 0.0786 0.0159 0.3811
283 0.0901 0.1752 0.0930 0.0388 0.0152 0.5879
284 0.0421 0.1256 0.0641 0.0756 0.0296 0.6631
285 0.0571 0.0769 0.0679 0.0089 0.0599 0.7295
286 0.0925 0.2805 0.1812 0.0527 0.0126 0.3804
287 0.0916 0.0930 0.0759 0.0316 0.0148 0.6929
288 0.0806 0.1298 0.0957 0.0268 0.0078 0.6592
289 0.1963 0.1415 0.2993 0.0643 0.0580 0.2406
290 0.1665 0.2520 0.3723 0.0414 0.0328 0.1349
291 0.1664 0.3721 0.1153 0.0357 0.0424 0.2681
292 0.1538 0.2103 0.2786 0.0151 0.2786 0.0637
293 0.0877 0.1338 0.0667 0.0289 0.0143 0.6685
294 0.0919 0.1626 0.4487 0.0986 0.0169 0.1813
295 0.2522 0.2664 0.3291 0.0160 0.1350 0.0012
296 0.0988 0.2242 0.4746 0.1093 0.0390 0.0541
297 0.0975 0.0494 0.1204 0.0582 0.0724 0.6021
298 0.1561 0.1421 0.2573 0.0225 0.4177 0.0040
299 0.0790 0.3274 0.4915 0.0514 0.0099 0.0410
300 0.2366 0.0986 0.6182 0.0160 0.0199 0.0107
301 0.0880 0.2111 0.1332 0.0128 0.0286 0.5264
302 0.1044 0.0664 0.1643 0.5737 0.0309 0.0605
303 0.1720 0.1591 0.1831 0.3877 0.0775 0.0205
304 0.1450 0.5063 0.2178 0.0384 0.0542 0.0384
305 0.0691 0.3677 0.4102 0.0206 0.0066 0.1261
306 0.3105 0.1783 0.3865 0.0843 0.0327 0.0074
307 0.1431 0.4956 0.1941 0.0317 0.0968 0.0388
308 0.0408 0.0613 0.1027 0.7354 0.0493 0.0108
309 0.0842 0.6724 0.1809 0.0178 0.0206 0.0241
310 0.0495 0.2593 0.1549 0.4343 0.0570 0.0451
311 0.0204 0.0912 0.0580 0.7637 0.0417 0.0249
312 0.0457 0.7202 0.1821 0.0164 0.0316 0.0037
313 0.1267 0.0941 0.1758 0.3840 0.1267 0.0927
314 0.0162 0.2460 0.2274 0.4893 0.0050 0.0162
315 0.0397 0.6606 0.0634 0.1750 0.0204 0.0406
316 0.1003 0.3342 0.3140 0.1137 0.0928 0.0452
317 0.0786 0.3752 0.2744 0.1381 0.1144 0.0193
318 0.1450 0.1427 0.1520 0.3704 0.0517 0.1383
319 0.0537 0.3530 0.2279 0.0609 0.2544 0.0501
320 0.0321 0.1876 0.4790 0.0131 0.2817 0.0065
321 0.3088 0.1591 0.3289 0.0287 0.1654 0.0090
322 0.1934 0.0928 0.3906 0.1210 0.1191 0.0832
323 0.0320 0.1774 0.6387 0.0120 0.1328 0.0071
324 0.0529 0.4297 0.4231 0.0337 0.0339 0.0266
325 0.0456 0.4673 0.2747 0.1298 0.0252 0.0576
326 0.0882 0.2360 0.2759 0.0709 0.3176 0.0115
327 0.9707 0.0101 0.0109 0.0021 0.0057 0.0004
328 0.1160 0.1378 0.4312 0.0182 0.2783 0.0184
329 0.1208 0.1946 0.5542 0.0074 0.1153 0.0077
330 0.3638 0.3784 0.2090 0.0052 0.0421 0.0016
331 0.1575 0.1216 0.3577 0.0715 0.2537 0.0383
332 0.0977 0.1727 0.3892 0.1810 0.1432 0.0163
333 0.0544 0.2274 0.4182 0.0919 0.1886 0.0194
334 0.0926 0.2478 0.4084 0.1170 0.0371 0.0970
335 0.1036 0.2839 0.4573 0.0139 0.1394 0.0019
336 0.0800 0.1577 0.4858 0.0177 0.2520 0.0067
337 0.1963 0.5376 0.1979 0.0174 0.0481 0.0025
338 0.4209 0.3408 0.1687 0.0544 0.0144 0.0010
339 0.2379 0.1782 0.3953 0.0179 0.1584 0.0120
340 0.2133 0.1273 0.3252 0.2825 0.0398 0.0119
341 0.2051 0.2271 0.3984 0.0225 0.1294 0.0175
342 0.0727 0.1827 0.4666 0.2310 0.0327 0.0143
343 0.0530 0.2301 0.2820 0.0163 0.4038 0.0149
344 0.1204 0.4304 0.2888 0.0376 0.0725 0.0502
345 0.2549 0.2935 0.2844 0.0815 0.0327 0.0530
346 0.2593 0.1597 0.4014 0.0322 0.0869 0.0606
347 0.0516 0.2406 0.4126 0.0190 0.2705 0.0057
348 0.0792 0.0366 0.2070 0.0193 0.6377 0.0200
349 0.0472 0.0954 0.2435 0.1187 0.4480 0.0472
350 0.0577 0.0873 0.2527 0.0043 0.5967 0.0013
351 0.0644 0.4832 0.2710 0.0471 0.1096 0.0246
352 0.0376 0.0938 0.2180 0.0070 0.6309 0.0130
353 0.0479 0.0924 0.1782 0.0086 0.6621 0.0109
354 0.1122 0.3594 0.2629 0.0388 0.0975 0.1292
355 0.0424 0.1294 0.2634 0.0282 0.4082 0.1284
356 0.0724 0.0327 0.0975 0.0042 0.7910 0.0022
357 0.0787 0.3394 0.1654 0.1201 0.0151 0.2812
358 0.0623 0.2224 0.5337 0.0159 0.1328 0.0331
359 0.0700 0.3313 0.2705 0.1127 0.0115 0.2041
360 0.0623 0.0701 0.1965 0.0202 0.6445 0.0063
361 0.2683 0.2090 0.4028 0.0415 0.0455 0.0331
362 0.2625 0.1667 0.4258 0.0313 0.0788 0.0349
363 0.2788 0.1886 0.3362 0.0399 0.1109 0.0455
364 0.1517 0.4028 0.3904 0.0080 0.0357 0.0113
365 0.0934 0.0987 0.1932 0.0142 0.5952 0.0054
366 0.0687 0.2781 0.4956 0.0404 0.0640 0.0535
367 0.0467 0.0833 0.5303 0.0217 0.3115 0.0066
368 0.0413 0.1006 0.4990 0.0203 0.3323 0.0065
369 0.0715 0.1049 0.4214 0.0220 0.3718 0.0084
370 0.0265 0.5752 0.3489 0.0084 0.0295 0.0115
371 0.1624 0.1990 0.1099 0.0089 0.5161 0.0037
372 0.0684 0.1218 0.4387 0.3259 0.0244 0.0208
373 0.0645 0.3708 0.5068 0.0228 0.0119 0.0230
374 0.0433 0.1022 0.5571 0.0526 0.2434 0.0014
375 0.1134 0.2805 0.2896 0.1274 0.0897 0.0993
376 0.0773 0.3865 0.2201 0.0767 0.1586 0.0810
377 0.0154 0.0224 0.0374 0.0029 0.9214 0.0004
378 0.2316 0.0628 0.4192 0.0674 0.0892 0.1299
379 0.1882 0.0862 0.3984 0.1023 0.0977 0.1273
380 0.0717 0.1011 0.2141 0.1320 0.3530 0.1279
381 0.0469 0.6328 0.1434 0.0667 0.0830 0.0274
382 0.0874 0.1658 0.4041 0.0916 0.1765 0.0747
383 0.0584 0.2384 0.2659 0.1199 0.2170 0.1002
384 0.1059 0.4492 0.2900 0.0617 0.0717 0.0215
385 0.0379 0.0510 0.2510 0.1808 0.3826 0.0967
386 0.0499 0.2343 0.2573 0.2494 0.1586 0.0507
387 0.1472 0.2544 0.1791 0.2585 0.1129 0.0478
388 0.0999 0.4409 0.3655 0.0337 0.0401 0.0198
389 0.1626 0.2056 0.4055 0.1814 0.0267 0.0182
390 0.1740 0.5703 0.2131 0.0032 0.0356 0.0038
391 0.1200 0.2295 0.2725 0.2224 0.0489 0.1068
392 0.3699 0.1085 0.4568 0.0119 0.0418 0.0111
393 0.5952 0.0369 0.1448 0.1298 0.0818 0.0115
394 0.0684 0.0706 0.3997 0.4390 0.0110 0.0117
395 0.1990 0.0761 0.3835 0.1649 0.0519 0.1245
396 0.3625 0.1132 0.1263 0.3054 0.0903 0.0023
397 0.1265 0.0804 0.3835 0.3130 0.0161 0.0804
398 0.1721 0.1655 0.5820 0.0149 0.0521 0.0132
399 0.0765 0.0808 0.5479 0.2549 0.0097 0.0302
400 0.0385 0.3303 0.5981 0.0218 0.0036 0.0079
401 0.1493 0.0949 0.6094 0.0504 0.0837 0.0124
402 0.2059 0.1069 0.4033 0.1965 0.0723 0.0152
403 0.0635 0.0755 0.5664 0.2805 0.0059 0.0080
404 0.0960 0.1105 0.2822 0.0808 0.3918 0.0388
405 0.1091 0.1379 0.3691 0.3062 0.0580 0.0196
406 0.0756 0.0528 0.7168 0.1326 0.0154 0.0068
407 0.1359 0.4597 0.3552 0.0069 0.0301 0.0122
408 0.0928 0.5469 0.1642 0.0845 0.0958 0.0161
409 0.2612 0.2571 0.2803 0.0178 0.1465 0.0370
410 0.1030 0.0587 0.2590 0.4917 0.0687 0.0189
411 0.5977 0.0724 0.1252 0.1608 0.0157 0.0284
412 0.2205 0.1664 0.3899 0.0598 0.1033 0.0602
413 0.0500 0.0628 0.8208 0.0262 0.0126 0.0279
414 0.2632 0.1215 0.1896 0.2396 0.1674 0.0188
415 0.2422 0.2329 0.3992 0.0448 0.0774 0.0034
416 0.0216 0.0188 0.0767 0.8369 0.0216 0.0245
417 0.0687 0.1501 0.7334 0.0206 0.0059 0.0213
418 0.1016 0.0519 0.6421 0.0743 0.0184 0.1116
419 0.0434 0.3284 0.5332 0.0515 0.0177 0.0259
420 0.0335 0.0688 0.3838 0.4558 0.0148 0.0431
421 0.1053 0.1968 0.6060 0.0464 0.0151 0.0304
422 0.1071 0.1088 0.3857 0.2568 0.0143 0.1272
423 0.1581 0.0159 0.0596 0.7197 0.0075 0.0391
424 0.4592 0.1379 0.0933 0.2830 0.0137 0.0129
425 0.4172 0.0834 0.1071 0.3569 0.0139 0.0214
426 0.9185 0.0211 0.0168 0.0269 0.0161 0.0006
427 0.6724 0.0749 0.0592 0.0483 0.1039 0.0410
428 0.6841 0.0904 0.0553 0.0448 0.1009 0.0247
429 0.7095 0.0861 0.0403 0.0494 0.0909 0.0241
430 0.2314 0.0906 0.1471 0.3367 0.0740 0.1201
431 0.2485 0.0872 0.1604 0.3093 0.0958 0.0988
