time exciting_prob fearful_prob tense_prob sad_prob relaxing_prob neutral_prob
0 0.2439 0.0296 0.3547 0.2291 0.0570 0.0856
1 0.3411 0.0392 0.0849 0.4180 0.0265 0.0904
2 0.2477 0.1246 0.1433 0.2808 0.0152 0.1885
3 0.2942 0.0411 0.1870 0.4485 0.0063 0.0229
4 0.2278 0.0250 0.1831 0.4392 0.0285 0.0965
5 0.2639 0.1458 0.2639 0.1002 0.0448 0.1814
6 0.2137 0.2384 0.3608 0.0524 0.0884 0.0462
7 0.1650 0.3181 0.4150 0.0380 0.0417 0.0220
8 0.1627 0.2642 0.3340 0.1101 0.0558 0.0734
9 0.1821 0.3171 0.2979 0.1006 0.0446 0.0577
10 0.2255 0.2344 0.2255 0.1636 0.0984 0.0527
11 0.2023 0.1703 0.1469 0.0389 0.4348 0.0069
12 0.3801 0.0992 0.0869 0.0687 0.3572 0.0081
13 0.3054 0.1454 0.1971 0.0356 0.2983 0.0182
14 0.2435 0.2235 0.2183 0.1234 0.1477 0.0437
15 0.2754 0.1697 0.2507 0.1157 0.0364 0.1521
16 0.2253 0.4343 0.1927 0.0320 0.0447 0.0709
17 0.1816 0.5054 0.2058 0.0276 0.0184 0.0613
18 0.0659 0.7598 0.1321 0.0090 0.0266 0.0066
19 0.1192 0.4570 0.1495 0.0826 0.0478 0.1438
20 0.0850 0.2461 0.1614 0.1564 0.0352 0.3159
21 0.1398 0.4802 0.2198 0.0226 0.0162 0.1214
22 0.1140 0.5439 0.1671 0.0241 0.0197 0.1312
23 0.1359 0.5674 0.1786 0.0102 0.0139 0.0941
24 0.1240 0.5557 0.1020 0.0277 0.0183 0.1722
25 0.0878 0.4675 0.1494 0.0567 0.0106 0.2279
26 0.0585 0.6489 0.1329 0.0456 0.0072 0.1068
27 0.0493 0.7412 0.1019 0.0318 0.0128 0.0632
28 0.0419 0.8091 0.0974 0.0217 0.0057 0.0241
29 0.0405 0.7759 0.1050 0.0386 0.0059 0.0344
30 0.0390 0.8218 0.1005 0.0128 0.0135 0.0123
31 0.0720 0.6724 0.1454 0.0291 0.0507 0.0305
32 0.4905 0.0184 0.0415 0.3821 0.0252 0.0422
33 0.5962 0.0425 0.0521 0.2563 0.0270 0.0256
34 0.4487 0.1348 0.2087 0.1576 0.0132 0.0368
35 0.3542 0.1866 0.2590 0.1547 0.0337 0.0117
36 0.4622 0.0635 0.3489 0.0868 0.0174 0.0214
37 0.3335 0.1359 0.4216 0.0824 0.0142 0.0123
38 0.2426 0.1707 0.4604 0.0935 0.0226 0.0103
39 0.0931 0.1852 0.3406 0.3125 0.0251 0.0433
40 0.2683 0.1381 0.3843 0.1516 0.0283 0.0296
41 0.3745 0.0621 0.2004 0.1489 0.0454 0.1687
42 0.1543 0.1832 0.3423 0.2013 0.0643 0.0546
43 0.2405 0.1653 0.2424 0.2769 0.0341 0.0408
44 0.1489 0.3953 0.3228 0.0491 0.0410 0.0430
45 0.1338 0.3110 0.3210 0.1267 0.0191 0.0884
46 0.1654 0.2522 0.3784 0.0964 0.0571 0.0504
47 0.1401 0.1691 0.4526 0.0408 0.0117 0.1857
48 0.2279 0.3066 0.2996 0.0643 0.0623 0.0390
49 0.1046 0.2510 0.2510 0.2357 0.0288 0.1292
50 0.1395 0.3196 0.4299 0.0471 0.0138 0.0501
51 0.3357 0.2698 0.1610 0.0417 0.0310 0.1610
52 0.0901 0.1558 0.3196 0.1968 0.0530 0.1849
53 0.0748 0.1713 0.3101 0.0976 0.0547 0.2913
54 0.1532 0.3000 0.3145 0.1013 0.0894 0.0416
55 0.1864 0.1343 0.4758 0.0582 0.1053 0.0400
56 0.1522 0.3076 0.4546 0.0298 0.0420 0.0138
57 0.2539 0.2056 0.3635 0.0383 0.1127 0.0259
58 0.1556 0.1231 0.5103 0.0880 0.0460 0.0770
59 0.0754 0.2433 0.3889 0.1753 0.0382 0.0790
60 0.1549 0.3660 0.3491 0.0565 0.0181 0.0552
61 0.0702 0.3350 0.1213 0.2375 0.0422 0.1938
62 0.0394 0.0573 0.2571 0.3352 0.0106 0.3005
63 0.1406 0.1450 0.3479 0.2505 0.0146 0.1013
64 0.1665 0.1447 0.4253 0.0781 0.0338 0.1516
65 0.1350 0.2463 0.2278 0.0717 0.0402 0.2791
66 0.1331 0.3618 0.2487 0.0724 0.0619 0.1221
67 0.1118 0.4709 0.1307 0.0215 0.0734 0.1918
68 0.1511 0.5273 0.1660 0.0143 0.0881 0.0530
69 0.1708 0.1592 0.1616 0.1761 0.2158 0.1165
70 0.1549 0.2006 0.0883 0.1049 0.4019 0.0495
71 0.1400 0.1108 0.1326 0.2363 0.2152 0.1650
72 0.0622 0.1692 0.0787 0.1370 0.4526 0.1002
73 0.1082 0.0876 0.1826 0.4626 0.0947 0.0641
74 0.0684 0.0086 0.0485 0.8066 0.0313 0.0366
75 0.0990 0.1140 0.1632 0.5107 0.0975 0.0159
76 0.0555 0.1140 0.4368 0.3196 0.0506 0.0237
77 0.0579 0.1366 0.4551 0.2805 0.0606 0.0093
78 0.1350 0.2158 0.3787 0.2483 0.0138 0.0084
79 0.1460 0.0928 0.2058 0.3613 0.0313 0.1628
80 0.1114 0.1223 0.4011 0.3223 0.0265 0.0164
81 0.0672 0.1423 0.3992 0.3413 0.0229 0.0272
82 0.0930 0.2338 0.4365 0.1737 0.0409 0.0221
83 0.1067 0.2725 0.2769 0.2856 0.0366 0.0219
84 0.0746 0.1965 0.5342 0.1763 0.0123 0.0059
85 0.1212 0.1508 0.3293 0.3674 0.0140 0.0172
86 0.0995 0.1110 0.2878 0.4673 0.0176 0.0169
87 0.0813 0.2244 0.4824 0.1803 0.0191 0.0124
88 0.0786 0.1613 0.3809 0.3413 0.0197 0.0182
89 0.0714 0.2651 0.4651 0.0724 0.1122 0.0138
90 0.0856 0.2325 0.4624 0.0626 0.1549 0.0020
91 0.1179 0.1467 0.5371 0.1490 0.0431 0.0062
92 0.2810 0.1871 0.3552 0.1287 0.0451 0.0031
93 0.1837 0.1431 0.4841 0.1597 0.0265 0.0029
94 0.1794 0.2532 0.3149 0.2002 0.0271 0.0253
95 0.1709 0.1997 0.1967 0.2299 0.0152 0.1876
96 0.1770 0.3689 0.2457 0.1024 0.0410 0.0651
97 0.1855 0.4592 0.1492 0.1256 0.0466 0.0338
98 0.1458 0.1626 0.5498 0.0608 0.0780 0.0029
99 0.0561 0.1345 0.6831 0.0883 0.0362 0.0017
100 0.0742 0.2285 0.4270 0.1698 0.0742 0.0264
101 0.0930 0.1396 0.3147 0.2607 0.1879 0.0042
102 0.1404 0.0643 0.5469 0.0839 0.0349 0.1299
103 0.1333 0.0714 0.6562 0.0660 0.0131 0.0601
104 0.2169 0.2576 0.2169 0.2556 0.0175 0.0357
105 0.2086 0.2678 0.2852 0.1899 0.0215 0.0269
106 0.1515 0.3633 0.1368 0.1841 0.1526 0.0117
107 0.1118 0.4150 0.2681 0.1126 0.0844 0.0082
108 0.2004 0.3279 0.1769 0.1525 0.1356 0.0070
109 0.1564 0.0825 0.3311 0.3259 0.0301 0.0739
110 0.1444 0.2307 0.2418 0.3306 0.0388 0.0139
111 0.1677 0.0445 0.2258 0.5088 0.0145 0.0386
112 0.2142 0.4001 0.2793 0.0550 0.0409 0.0103
113 0.1136 0.5771 0.2091 0.0155 0.0781 0.0064
114 0.1066 0.2402 0.3962 0.1731 0.0721 0.0117
115 0.1285 0.2119 0.2896 0.2722 0.0817 0.0161
116 0.1956 0.0939 0.4077 0.1499 0.0164 0.1366
117 0.1511 0.2734 0.3457 0.0547 0.0214 0.1534
118 0.1054 0.2734 0.4651 0.0518 0.0410 0.0634
119 0.0979 0.2500 0.4121 0.0622 0.0355 0.1425
120 0.1619 0.6016 0.1166 0.0179 0.0944 0.0077
121 0.1646 0.6309 0.1387 0.0129 0.0522 0.0007
122 0.1600 0.4087 0.2257 0.1287 0.0584 0.0185
123 0.0468 0.1022 0.3147 0.1879 0.1879 0.1606
124 0.2133 0.0946 0.4375 0.1488 0.0236 0.0822
125 0.1078 0.0789 0.4070 0.1428 0.1113 0.1521
126 0.1357 0.0947 0.4663 0.0993 0.0451 0.1587
127 0.0670 0.1038 0.3098 0.1608 0.2778 0.0808
128 0.1786 0.5332 0.2404 0.0150 0.0194 0.0135
129 0.1649 0.4082 0.2986 0.0424 0.0312 0.0548
130 0.1201 0.7134 0.1350 0.0109 0.0132 0.0075
131 0.1879 0.0747 0.0887 0.5972 0.0337 0.0179
132 0.0986 0.3577 0.4314 0.0398 0.0383 0.0341
133 0.0777 0.5312 0.3428 0.0054 0.0324 0.0105
134 0.1263 0.3201 0.4375 0.0123 0.0583 0.0454
135 0.1393 0.2996 0.4224 0.0205 0.0504 0.0679
136 0.1112 0.2732 0.5181 0.0146 0.0600 0.0229
137 0.1024 0.3179 0.4922 0.0203 0.0507 0.0166
138 0.0818 0.3965 0.4492 0.0092 0.0520 0.0113
139 0.0837 0.3416 0.4890 0.0149 0.0536 0.0173
140 0.0467 0.4683 0.4331 0.0086 0.0311 0.0121
141 0.0846 0.3191 0.4294 0.0375 0.0563 0.0729
142 0.0383 0.1217 0.4055 0.2103 0.0203 0.2039
143 0.0445 0.1068 0.3970 0.2262 0.0321 0.1935
144 0.0503 0.0465 0.1809 0.3953 0.0597 0.2673
145 0.0648 0.0819 0.2815 0.3240 0.0452 0.2028
146 0.0639 0.1821 0.4436 0.1510 0.1353 0.0241
147 0.0614 0.2795 0.3943 0.1045 0.1473 0.0130
148 0.0973 0.2905 0.4395 0.0638 0.0936 0.0155
149 0.0865 0.2076 0.5869 0.0358 0.0718 0.0113
150 0.0652 0.1843 0.6235 0.0516 0.0516 0.0238
151 0.0642 0.1815 0.6333 0.0489 0.0496 0.0224
152 0.0782 0.2029 0.4905 0.0845 0.1012 0.0428
153 0.0721 0.2496 0.5205 0.0602 0.0786 0.0193
154 0.0764 0.1951 0.5220 0.0922 0.0735 0.0409
155 0.0959 0.2411 0.4199 0.0908 0.1222 0.0302
156 0.0939 0.2554 0.4658 0.0666 0.1081 0.0103
157 0.1731 0.3184 0.2223 0.1481 0.0948 0.0434
158 0.2793 0.3020 0.2245 0.1146 0.0367 0.0428
159 0.0234 0.2515 0.3130 0.3333 0.0548 0.0241
160 0.0374 0.2202 0.2135 0.3010 0.1854 0.0424
161 0.1246 0.2920 0.2722 0.1731 0.0641 0.0739
162 0.0386 0.1433 0.3032 0.2437 0.2151 0.0561
163 0.0590 0.2644 0.3042 0.1530 0.1964 0.0229
164 0.1327 0.1327 0.1348 0.4087 0.1246 0.0667
165 0.0669 0.4868 0.2524 0.1005 0.0859 0.0074
166 0.0529 0.3447 0.4495 0.0728 0.0648 0.0154
167 0.1225 0.3984 0.2184 0.1215 0.1284 0.0108
168 0.0844 0.2404 0.2404 0.2294 0.1083 0.0971
169 0.2673 0.1768 0.1740 0.1672 0.1476 0.0671
170 0.2046 0.2930 0.2605 0.1086 0.0839 0.0493
171 0.1440 0.2231 0.3271 0.1594 0.0887 0.0573
172 0.3044 0.4326 0.1604 0.0283 0.0474 0.0266
173 0.1812 0.0570 0.1116 0.3279 0.1326 0.1898
174 0.0856 0.2291 0.4116 0.1198 0.1216 0.0322
175 0.0641 0.2020 0.4922 0.1345 0.0552 0.0519
176 0.0698 0.2893 0.4768 0.0515 0.0803 0.0324
177 0.0812 0.4258 0.4258 0.0083 0.0567 0.0023
178 0.0988 0.1119 0.3140 0.1816 0.2561 0.0375
179 0.1793 0.0539 0.3003 0.1233 0.2822 0.0610
180 0.0690 0.2729 0.4500 0.1372 0.0425 0.0283
181 0.0351 0.7275 0.2020 0.0181 0.0069 0.0107
182 0.1371 0.1553 0.4355 0.1288 0.0757 0.0678
183 0.1587 0.1587 0.3362 0.2383 0.0704 0.0377
184 0.2469 0.1113 0.4202 0.1185 0.0560 0.0471
185 0.1436 0.2349 0.2330 0.1978 0.0366 0.1541
186 0.2952 0.1580 0.2094 0.2729 0.0270 0.0375
187 0.2507 0.0981 0.2585 0.1321 0.1805 0.0801
188 0.2634 0.0458 0.1478 0.3438 0.0709 0.1284
189 0.4744 0.0942 0.0831 0.2106 0.0837 0.0541
190 0.1183 0.3730 0.2159 0.2177 0.0525 0.0224
191 0.1849 0.1071 0.2129 0.3350 0.0471 0.1130
192 0.0677 0.5894 0.2168 0.0565 0.0269 0.0427
193 0.1224 0.1597 0.3328 0.2512 0.0731 0.0606
194 0.2220 0.0656 0.2808 0.2896 0.1226 0.0194
195 0.2362 0.4343 0.1179 0.0444 0.1489 0.0182
196 0.2050 0.1536 0.2114 0.2305 0.1072 0.0924
197 0.1726 0.0709 0.1726 0.4272 0.0518 0.1047
198 0.2434 0.3250 0.2181 0.0725 0.0841 0.0569
199 0.1899 0.0911 0.1134 0.2988 0.2942 0.0125
200 0.1116 0.1444 0.1884 0.1942 0.0918 0.2698
201 0.0776 0.0801 0.2317 0.3372 0.0228 0.2505
202 0.2003 0.1971 0.2695 0.1941 0.0924 0.0465
203 0.0934 0.0963 0.4668 0.1469 0.0194 0.1771
204 0.2666 0.1220 0.2666 0.1981 0.0533 0.0936
205 0.1443 0.0773 0.1687 0.3008 0.1178 0.1912
206 0.3333 0.0607 0.1755 0.2986 0.0743 0.0575
207 0.1763 0.2585 0.4131 0.0555 0.0337 0.0629
208 0.1398 0.3054 0.3030 0.1674 0.0569 0.0275
209 0.1110 0.7412 0.0913 0.0250 0.0141 0.0176
210 0.0464 0.1752 0.1407 0.5068 0.0340 0.0967
211 0.1389 0.1841 0.1785 0.4214 0.0392 0.0380
212 0.2289 0.0570 0.1897 0.2218 0.1927 0.1098
213 0.1747 0.3188 0.2686 0.1415 0.0290 0.0674
214 0.2776 0.1533 0.3916 0.1292 0.0342 0.0143
215 0.0629 0.0467 0.0807 0.6553 0.0169 0.1373
216 0.2233 0.2756 0.2590 0.1559 0.0692 0.0172
217 0.2006 0.0918 0.1742 0.4180 0.0911 0.0243
218 0.1078 0.0718 0.1984 0.4834 0.0789 0.0596
219 0.0988 0.1003 0.2297 0.3369 0.0554 0.1788
220 0.1279 0.4570 0.2371 0.1155 0.0272 0.0352
221 0.2847 0.0616 0.2019 0.3127 0.0206 0.1187
222 0.3147 0.0522 0.1140 0.2864 0.0747 0.1582
223 0.1289 0.1193 0.1461 0.3450 0.1052 0.1555
224 0.2124 0.1554 0.4358 0.1191 0.0529 0.0242
225 0.1851 0.2164 0.3298 0.1823 0.0686 0.0178
226 0.2098 0.0731 0.0903 0.3301 0.0144 0.2825
227 0.1175 0.2373 0.3618 0.2128 0.0375 0.0331
228 0.1493 0.5508 0.1719 0.0063 0.1136 0.0082
229 0.1279 0.2625 0.1862 0.3318 0.0277 0.0638
230 0.2050 0.5356 0.0983 0.1177 0.0070 0.0364
231 0.0572 0.0669 0.0845 0.6548 0.0409 0.0958
232 0.0399 0.7886 0.1248 0.0123 0.0209 0.0136
233 0.0542 0.4722 0.1737 0.1792 0.0582 0.0624
234 0.2458 0.0294 0.1256 0.3691 0.1492 0.0811
235 0.1702 0.2678 0.3438 0.1411 0.0410 0.0362
236 0.1423 0.0824 0.2070 0.3809 0.0637 0.1237
237 0.2069 0.2595 0.1929 0.1826 0.0646 0.0933
238 0.2856 0.0956 0.1381 0.2443 0.0787 0.1577
239 0.1676 0.5366 0.1378 0.0792 0.0042 0.0744
240 0.1963 0.0956 0.1307 0.2443 0.2122 0.1209
241 0.2239 0.0210 0.0484 0.4595 0.2039 0.0434
242 0.2280 0.2583 0.2625 0.1310 0.0381 0.0820
243 0.2415 0.2551 0.2268 0.1302 0.1313 0.0151
244 0.1731 0.1639 0.1564 0.3579 0.0850 0.0637
245 0.2869 0.3381 0.1926 0.0842 0.0645 0.0335
246 0.2869 0.4014 0.1796 0.0483 0.0503 0.0335
247 0.1877 0.3821 0.1921 0.1130 0.0729 0.0521
248 0.0801 0.0471 0.6499 0.1362 0.0605 0.0260
249 0.1140 0.1880 0.5698 0.0565 0.0539 0.0176
250 0.0852 0.2354 0.4004 0.1472 0.0493 0.0826
251 0.1182 0.5469 0.2279 0.0533 0.0328 0.0209
252 0.1777 0.1952 0.3320 0.1722 0.0546 0.0680
253 0.1034 0.3135 0.2223 0.1993 0.0987 0.0627
254 0.1177 0.5190 0.2097 0.0765 0.0472 0.0298
255 0.1306 0.3013 0.3059 0.1771 0.0646 0.0203
256 0.1444 0.3306 0.2783 0.1715 0.0340 0.0414
257 0.1390 0.3840 0.3284 0.0956 0.0310 0.0220
258 0.2849 0.3833 0.1216 0.1057 0.0918 0.0127
259 0.2715 0.3379 0.1986 0.1334 0.0253 0.0332
260 0.0969 0.2150 0.2515 0.2515 0.0666 0.1187
261 0.0645 0.3030 0.2472 0.2800 0.0275 0.0778
262 0.0793 0.6006 0.2059 0.0152 0.0751 0.0240
263 0.1284 0.4312 0.2678 0.0773 0.0862 0.0089
264 0.1060 0.2903 0.2561 0.2644 0.0209 0.0623
265 0.1852 0.2571 0.3406 0.0895 0.1159 0.0117
266 0.2250 0.2800 0.1808 0.2114 0.0665 0.0362
267 0.1106 0.2166 0.1106 0.4805 0.0401 0.0417
268 0.1205 0.4478 0.2472 0.0803 0.0790 0.0253
269 0.0553 0.4248 0.2239 0.2786 0.0088 0.0087
270 0.0356 0.8354 0.0765 0.0379 0.0093 0.0052
271 0.0553 0.7754 0.1135 0.0325 0.0149 0.0085
272 0.2012 0.1980 0.0757 0.3215 0.0025 0.2012
273 0.1417 0.1605 0.4099 0.2229 0.0297 0.0353
274 0.0169 0.6758 0.2264 0.0361 0.0233 0.0212
275 0.0958 0.4678 0.1735 0.0306 0.1906 0.0418
276 0.1050 0.5420 0.1459 0.0210 0.1370 0.0492
277 0.0878 0.4089 0.2683 0.0383 0.1075 0.0892
278 0.0350 0.7026 0.2318 0.0184 0.0105 0.0015
279 0.0418 0.5771 0.2769 0.0508 0.0463 0.0070
280 0.0410 0.6460 0.1969 0.0555 0.0560 0.0048
281 0.1049 0.4451 0.2477 0.0441 0.0726 0.0856
282 0.0973 0.4429 0.2125 0.0344 0.0486 0.1642
283 0.0367 0.4536 0.1260 0.0396 0.3022 0.0419
284 0.3877 0.2388 0.2261 0.0384 0.0628 0.0463
285 0.0903 0.3486 0.1852 0.0999 0.1609 0.1150
286 0.1033 0.3928 0.2365 0.0437 0.1346 0.0891
287 0.3022 0.0206 0.1982 0.1450 0.2930 0.0409
288 0.1123 0.6772 0.1334 0.0151 0.0327 0.0293
289 0.1169 0.6421 0.1675 0.0167 0.0280 0.0289
290 0.0714 0.3918 0.2451 0.1233 0.0198 0.1487
291 0.0501 0.2334 0.1438 0.0826 0.0806 0.4097
292 0.0729 0.6812 0.1112 0.0122 0.0853 0.0370
293 0.0477 0.5010 0.1481 0.0781 0.0699 0.1552
294 0.0623 0.2076 0.4607 0.0996 0.0081 0.1617
295 0.0458 0.4929 0.2598 0.0756 0.0710 0.0549
296 0.1510 0.1583 0.3003 0.2822 0.0960 0.0121
297 0.2617 0.0360 0.1009 0.3523 0.1976 0.0515
298 0.2778 0.0241 0.0601 0.2734 0.2910 0.0736
299 0.1079 0.5273 0.0564 0.0660 0.2080 0.0345
300 0.1242 0.1545 0.6113 0.0645 0.0345 0.0109
301 0.0637 0.1902 0.3040 0.3391 0.0722 0.0308
302 0.0892 0.4495 0.1257 0.0331 0.0485 0.2542
303 0.2330 0.2791 0.0504 0.0799 0.0289 0.3286
304 0.0883 0.5938 0.1549 0.1016 0.0239 0.0374
305 0.1975 0.1125 0.2966 0.1587 0.0856 0.1490
306 0.2891 0.1852 0.1089 0.0778 0.2034 0.1355
307 0.1730 0.2291 0.2365 0.0786 0.2556 0.0272
308 0.2800 0.2413 0.2250 0.0479 0.1149 0.0909
309 0.2874 0.1024 0.1116 0.0911 0.2102 0.1974
310 0.1039 0.7100 0.1055 0.0365 0.0289 0.0151
311 0.2839 0.2773 0.2144 0.0929 0.1086 0.0228
312 0.1835 0.4836 0.2432 0.0214 0.0605 0.0079
313 0.0723 0.0627 0.4290 0.2225 0.1051 0.1085
314 0.0665 0.1115 0.2183 0.4478 0.0237 0.1323
315 0.0741 0.1384 0.3762 0.1428 0.1749 0.0936
316 0.1395 0.4067 0.3169 0.0759 0.0387 0.0222
317 0.3044 0.0248 0.1484 0.2998 0.1174 0.1052
318 0.2340 0.1794 0.1442 0.3513 0.0645 0.0267
319 0.1423 0.0312 0.1091 0.3257 0.2874 0.1041
320 0.1378 0.5000 0.2020 0.0371 0.0078 0.1151
321 0.2515 0.3059 0.2053 0.0437 0.1456 0.0480
322 0.2122 0.0481 0.1505 0.2260 0.2405 0.1228
323 0.1979 0.2969 0.1830 0.0979 0.2106 0.0138
324 0.1118 0.0528 0.0721 0.4023 0.1677 0.1931
325 0.2466 0.1044 0.1202 0.2013 0.0922 0.2354
326 0.1458 0.1930 0.3184 0.0683 0.2639 0.0109
327 0.1065 0.1456 0.0704 0.0876 0.5244 0.0656
328 0.0555 0.3403 0.4951 0.0400 0.0471 0.0219
329 0.2476 0.1335 0.2325 0.2289 0.0583 0.0992
330 0.2305 0.0931 0.2341 0.1796 0.1293 0.1334
331 0.2969 0.1678 0.2462 0.0793 0.0995 0.1101
332 0.2128 0.0880 0.2776 0.2030 0.1013 0.1175
333 0.2690 0.2842 0.2047 0.1062 0.0827 0.0530
334 0.0847 0.0413 0.2490 0.0681 0.5029 0.0539
335 0.1704 0.4526 0.2311 0.0540 0.0287 0.0632
336 0.0416 0.2844 0.3538 0.1063 0.1985 0.0155
337 0.1376 0.2164 0.2869 0.1177 0.1547 0.0868
338 0.2039 0.3083 0.2617 0.0756 0.1246 0.0257
339 0.1068 0.2058 0.4224 0.1051 0.1309 0.0292
340 0.0490 0.4202 0.4009 0.0312 0.0881 0.0106
341 0.1059 0.5420 0.2462 0.0485 0.0399 0.0174
342 0.3479 0.3193 0.0782 0.0758 0.0132 0.1656
343 0.2242 0.3999 0.1830 0.1459 0.0220 0.0250
344 0.1072 0.4917 0.1159 0.0854 0.0174 0.1824
345 0.1769 0.6372 0.0720 0.0385 0.0158 0.0597
346 0.1104 0.4614 0.2469 0.0795 0.0471 0.0547
347 0.0687 0.4961 0.3203 0.0548 0.0414 0.0188
348 0.0263 0.7329 0.1399 0.0556 0.0427 0.0026
349 0.2089 0.0405 0.0647 0.4351 0.1390 0.1118
350 0.1499 0.0461 0.1431 0.2433 0.0348 0.3828
351 0.1129 0.1667 0.2583 0.2837 0.1340 0.0442
352 0.1730 0.1550 0.4629 0.0843 0.0856 0.0392
353 0.2177 0.0752 0.2927 0.2013 0.0501 0.1630
354 0.1886 0.2559 0.2402 0.1664 0.0774 0.0716
355 0.1740 0.2959 0.2305 0.1547 0.0968 0.0483
356 0.1227 0.1266 0.1960 0.4561 0.0287 0.0699
357 0.1483 0.2996 0.1846 0.2729 0.0559 0.0387
358 0.1582 0.3650 0.2471 0.1333 0.0675 0.0288
359 0.2798 0.1462 0.3823 0.1384 0.0471 0.0062
360 0.0977 0.2134 0.5117 0.1489 0.0208 0.0075
361 0.1400 0.2069 0.4312 0.2006 0.0168 0.0046
362 0.1310 0.3972 0.2485 0.1484 0.0559 0.0189
363 0.2490 0.3484 0.1292 0.1407 0.1022 0.0304
364 0.1903 0.2368 0.2207 0.2368 0.0466 0.0689
365 0.1866 0.1740 0.1987 0.3625 0.0430 0.0351
366 0.1879 0.3564 0.2450 0.1498 0.0275 0.0334
367 0.0850 0.3359 0.3308 0.1716 0.0351 0.0417
368 0.0921 0.2727 0.3672 0.1483 0.0384 0.0813
369 0.1417 0.1937 0.4504 0.1486 0.0422 0.0231
370 0.1361 0.2603 0.3560 0.1580 0.0347 0.0550
371 0.1779 0.0551 0.0967 0.3538 0.2284 0.0881
372 0.4116 0.1841 0.1074 0.1246 0.1515 0.0208
373 0.1301 0.0789 0.2247 0.4470 0.0577 0.0615
374 0.1320 0.2622 0.4900 0.0554 0.0452 0.0150
375 0.1153 0.4058 0.3579 0.0532 0.0481 0.0197
376 0.0945 0.3855 0.4436 0.0482 0.0165 0.0116
377 0.0723 0.4099 0.4573 0.0390 0.0108 0.0108
378 0.1312 0.2910 0.4041 0.0471 0.1242 0.0025
379 0.1118 0.2876 0.5049 0.0405 0.0500 0.0053
380 0.0946 0.6465 0.2002 0.0343 0.0237 0.0008
381 0.1232 0.5186 0.3147 0.0163 0.0254 0.0017
382 0.1101 0.5254 0.1666 0.0191 0.1145 0.0642
383 0.1511 0.3513 0.0796 0.0309 0.3076 0.0796
384 0.1495 0.2927 0.3477 0.0513 0.0734 0.0852
385 0.0718 0.4231 0.3047 0.0860 0.0989 0.0153
386 0.0695 0.4392 0.2279 0.0865 0.1667 0.0102
387 0.0984 0.1187 0.3435 0.1115 0.2474 0.0803
388 0.0687 0.2003 0.2379 0.0527 0.4175 0.0230
389 0.0817 0.3464 0.2783 0.0856 0.1537 0.0544
390 0.0643 0.5132 0.3113 0.0252 0.0442 0.0418
391 0.0451 0.6787 0.2037 0.0333 0.0269 0.0124
392 0.0533 0.6807 0.1449 0.0740 0.0079 0.0393
393 0.0746 0.5645 0.3218 0.0214 0.0145 0.0032
394 0.0703 0.3918 0.4302 0.0784 0.0092 0.0201
395 0.0273 0.5918 0.3425 0.0246 0.0030 0.0108
396 0.1100 0.3496 0.2598 0.2257 0.0349 0.0202
397 0.0822 0.5361 0.2654 0.0869 0.0176 0.0118
398 0.0737 0.6069 0.2651 0.0403 0.0117 0.0020
399 0.0900 0.5781 0.2861 0.0355 0.0092 0.0011
400 0.0809 0.6465 0.2269 0.0314 0.0125 0.0015
401 0.0953 0.6938 0.1700 0.0247 0.0157 0.0007
402 0.0647 0.6533 0.2559 0.0149 0.0105 0.0010
403 0.0914 0.6343 0.2484 0.0156 0.0095 0.0007
404 0.1415 0.5381 0.1494 0.1494 0.0053 0.0163
405 0.2539 0.3013 0.3579 0.0811 0.0032 0.0026
406 0.0828 0.4075 0.4075 0.0881 0.0096 0.0046
407 0.0645 0.2803 0.3889 0.2551 0.0072 0.0039
408 0.1163 0.3162 0.2542 0.2791 0.0226 0.0119
409 0.1400 0.4521 0.2576 0.0978 0.0152 0.0374
410 0.1547 0.3459 0.3198 0.0660 0.0113 0.1022
411 0.2722 0.2810 0.1843 0.1946 0.0292 0.0386
412 0.3018 0.1980 0.1426 0.2140 0.0500 0.0935
413 0.0358 0.7661 0.1070 0.0467 0.0113 0.0331
414 0.0355 0.4749 0.1155 0.2445 0.0133 0.1164
415 0.0174 0.4934 0.0652 0.3782 0.0133 0.0325
416 0.0162 0.4858 0.1110 0.3611 0.0077 0.0184
417 0.2117 0.1048 0.4482 0.2117 0.0147 0.0089
418 0.1758 0.0864 0.5762 0.1434 0.0122 0.0057
419 0.3730 0.1531 0.2998 0.1508 0.0161 0.0072
420 0.4001 0.1372 0.3069 0.1361 0.0150 0.0045
421 0.4080 0.1366 0.2983 0.1399 0.0145 0.0028
422 0.2827 0.0992 0.3518 0.2534 0.0088 0.0039
423 0.3669 0.1051 0.2993 0.2026 0.0157 0.0103
424 0.2312 0.1248 0.3933 0.2312 0.0111 0.0085
425 0.3826 0.1079 0.3171 0.1698 0.0188 0.0036
426 0.3149 0.2866 0.2778 0.1030 0.0114 0.0062
427 0.2874 0.2328 0.3867 0.0488 0.0190 0.0251
428 0.1891 0.4067 0.2930 0.0746 0.0110 0.0256
429 0.2537 0.3992 0.2786 0.0571 0.0069 0.0045
430 0.4880 0.1610 0.1824 0.1007 0.0359 0.0320
431 0.4785 0.1603 0.1874 0.1035 0.0363 0.0339
432 0.7417 0.1052 0.0928 0.0152 0.0372 0.0081
433 0.7417 0.1052 0.0928 0.0152 0.0372 0.0081
434 0.7544 0.1053 0.0860 0.0125 0.0358 0.0060
435 0.7529 0.1068 0.0858 0.0121 0.0363 0.0060
436 0.7520 0.1066 0.0870 0.0122 0.0363 0.0060
437 0.7466 0.1075 0.0892 0.0139 0.0366 0.0064
438 0.7466 0.1075 0.0892 0.0139 0.0366 0.0064
439 0.7534 0.1069 0.0859 0.0120 0.0361 0.0058
