time exciting_prob fearful_prob tense_prob sad_prob relaxing_prob neutral_prob
0 0.0897 0.1266 0.0986 0.2054 0.0242 0.4556
1 0.0291 0.2382 0.1490 0.5366 0.0357 0.0114
2 0.0317 0.0469 0.3750 0.4382 0.0738 0.0343
3 0.0815 0.0665 0.3379 0.1409 0.3596 0.0135
4 0.0842 0.1465 0.0961 0.5933 0.0491 0.0310
5 0.0286 0.0606 0.0188 0.8110 0.0561 0.0249
6 0.0201 0.1364 0.1157 0.6768 0.0464 0.0048
7 0.0270 0.1506 0.1919 0.5913 0.0308 0.0085
8 0.2168 0.2595 0.3279 0.1008 0.0816 0.0134
9 0.1216 0.1825 0.2805 0.1727 0.2325 0.0102
10 0.0515 0.2637 0.4556 0.1276 0.0955 0.0060
11 0.0912 0.0884 0.6743 0.1171 0.0117 0.0174
12 0.2661 0.1042 0.4670 0.1447 0.0125 0.0054
13 0.1863 0.0680 0.4539 0.2468 0.0183 0.0266
14 0.2283 0.1290 0.4539 0.1710 0.0076 0.0101
15 0.1787 0.0757 0.2224 0.4563 0.0170 0.0500
16 0.2983 0.1334 0.1741 0.3657 0.0174 0.0111
17 0.2410 0.0807 0.3560 0.2773 0.0378 0.0072
18 0.3027 0.1223 0.1865 0.3540 0.0230 0.0114
19 0.3367 0.0899 0.1802 0.3611 0.0215 0.0108
20 0.2549 0.0596 0.2471 0.4009 0.0213 0.0163
21 0.3879 0.0663 0.2076 0.2883 0.0290 0.0210
22 0.1046 0.1385 0.6611 0.0655 0.0034 0.0267
23 0.0571 0.0381 0.0652 0.2368 0.5952 0.0073
24 0.0419 0.0453 0.0975 0.2588 0.5312 0.0254
25 0.0388 0.1311 0.3347 0.3000 0.1792 0.0159
26 0.0561 0.0374 0.0656 0.5708 0.2098 0.0606
27 0.0587 0.0665 0.6514 0.1097 0.0023 0.1115
28 0.0397 0.0742 0.4268 0.3887 0.0596 0.0111
29 0.0320 0.1068 0.2856 0.1993 0.3726 0.0038
30 0.0353 0.0703 0.2164 0.3682 0.3005 0.0091
31 0.1508 0.1832 0.3789 0.2371 0.0341 0.0159
32 0.0578 0.0660 0.1132 0.3740 0.3250 0.0640
33 0.0738 0.1538 0.2700 0.3689 0.0099 0.1236
34 0.0224 0.4941 0.4431 0.0260 0.0044 0.0099
35 0.0348 0.8301 0.0910 0.0280 0.0123 0.0036
36 0.5234 0.0910 0.2654 0.0506 0.0601 0.0094
37 0.5576 0.1177 0.1648 0.1141 0.0340 0.0118
38 0.1031 0.1896 0.5747 0.0655 0.0447 0.0223
39 0.6396 0.1630 0.1240 0.0306 0.0302 0.0125
40 0.3271 0.0468 0.1807 0.3271 0.0359 0.0827
41 0.4756 0.0241 0.0375 0.4331 0.0059 0.0237
42 0.2090 0.1858 0.1505 0.3525 0.0177 0.0844
43 0.7231 0.0652 0.1359 0.0411 0.0313 0.0033
44 0.3394 0.0541 0.2727 0.2903 0.0148 0.0287
45 0.5200 0.0693 0.1797 0.2069 0.0181 0.0059
46 0.4546 0.2571 0.0815 0.1420 0.0198 0.0450
47 0.6436 0.0652 0.2057 0.0369 0.0301 0.0187
48 0.6455 0.0522 0.1545 0.0990 0.0453 0.0033
49 0.4575 0.0634 0.3120 0.1475 0.0147 0.0048
50 0.5537 0.0519 0.2637 0.0933 0.0170 0.0205
51 0.2095 0.0944 0.6450 0.0311 0.0074 0.0124
52 0.6313 0.1205 0.1584 0.0367 0.0457 0.0071
53 0.3894 0.1263 0.2515 0.1549 0.0289 0.0491
54 0.1362 0.0443 0.1644 0.5562 0.0163 0.0826
55 0.6353 0.0880 0.1923 0.0551 0.0271 0.0024
56 0.3540 0.0468 0.1571 0.3708 0.0307 0.0406
57 0.1497 0.6812 0.1544 0.0053 0.0085 0.0008
58 0.0441 0.0202 0.1256 0.4968 0.0165 0.2966
59 0.2800 0.3887 0.2866 0.0186 0.0195 0.0064
60 0.4807 0.1477 0.2100 0.0278 0.1160 0.0178
61 0.1349 0.1145 0.7124 0.0285 0.0040 0.0055
62 0.3440 0.0912 0.3181 0.1638 0.0557 0.0272
63 0.1350 0.3367 0.5054 0.0142 0.0043 0.0043
64 0.1289 0.1472 0.6646 0.0399 0.0080 0.0113
65 0.1175 0.4470 0.4006 0.0221 0.0096 0.0032
66 0.5381 0.2192 0.2175 0.0094 0.0121 0.0035
67 0.0847 0.1544 0.6060 0.0538 0.0256 0.0753
68 0.1141 0.1511 0.5703 0.0888 0.0033 0.0725
69 0.1766 0.3352 0.4238 0.0446 0.0091 0.0107
70 0.1182 0.0449 0.1239 0.5552 0.0517 0.1060
71 0.1026 0.3110 0.5376 0.0386 0.0015 0.0085
72 0.4441 0.2065 0.2198 0.0703 0.0382 0.0211
73 0.1976 0.3157 0.3335 0.0414 0.0970 0.0147
74 0.1606 0.2957 0.5029 0.0093 0.0288 0.0030
75 0.1116 0.3330 0.5156 0.0215 0.0128 0.0053
76 0.3098 0.1062 0.5435 0.0111 0.0221 0.0073
77 0.0908 0.0422 0.6304 0.1222 0.0176 0.0967
78 0.2529 0.0502 0.4167 0.2031 0.0269 0.0502
79 0.1941 0.0665 0.2651 0.4304 0.0209 0.0228
80 0.2537 0.1171 0.2384 0.2421 0.0129 0.1359
81 0.4045 0.2571 0.1987 0.0953 0.0100 0.0343
82 0.1305 0.3958 0.3386 0.0856 0.0124 0.0371
83 0.0850 0.3281 0.2637 0.2053 0.0253 0.0926
84 0.0928 0.4675 0.3936 0.0294 0.0053 0.0113
85 0.3865 0.1099 0.2308 0.2308 0.0156 0.0263
86 0.0788 0.4128 0.2996 0.1438 0.0576 0.0073
87 0.2117 0.0917 0.2893 0.3079 0.0507 0.0487
88 0.1943 0.3518 0.2554 0.1489 0.0195 0.0300
89 0.2325 0.2656 0.3105 0.0454 0.1315 0.0143
90 0.3008 0.2380 0.2494 0.0238 0.1661 0.0218
91 0.3635 0.1227 0.3284 0.0566 0.0919 0.0368
92 0.2412 0.1213 0.5225 0.0670 0.0241 0.0239
93 0.1105 0.0991 0.3274 0.1752 0.0166 0.2715
94 0.0569 0.3025 0.2979 0.0808 0.0031 0.2588
95 0.3618 0.0951 0.4165 0.0513 0.0290 0.0464
96 0.2026 0.3474 0.1859 0.1615 0.0558 0.0467
97 0.1659 0.0834 0.2778 0.1752 0.0241 0.2734
98 0.1578 0.1578 0.3669 0.2010 0.0906 0.0260
99 0.1866 0.0495 0.3030 0.2937 0.0487 0.1187
100 0.2654 0.1598 0.3252 0.1443 0.0829 0.0223
101 0.0908 0.1364 0.5068 0.1750 0.0534 0.0376
102 0.2571 0.0841 0.5483 0.0257 0.0606 0.0243
103 0.1140 0.0665 0.4990 0.1385 0.0334 0.1487
104 0.1692 0.1238 0.3667 0.1084 0.0045 0.2277
105 0.1332 0.0880 0.6816 0.0403 0.0066 0.0505
106 0.2467 0.0482 0.1617 0.4131 0.0192 0.1111
107 0.3984 0.0503 0.2871 0.2417 0.0065 0.0161
108 0.2141 0.0509 0.2625 0.4395 0.0095 0.0237
109 0.4084 0.1813 0.3662 0.0289 0.0119 0.0034
110 0.0936 0.1831 0.4534 0.2244 0.0038 0.0418
111 0.0589 0.3259 0.3311 0.2422 0.0047 0.0374
112 0.0867 0.3457 0.4370 0.0277 0.0660 0.0367
113 0.0476 0.5938 0.2893 0.0182 0.0305 0.0210
114 0.2854 0.1067 0.2559 0.2480 0.0104 0.0934
115 0.0151 0.4436 0.2030 0.0226 0.2732 0.0426
116 0.0442 0.4426 0.2483 0.1426 0.0236 0.0988
117 0.1890 0.1890 0.2749 0.2427 0.0819 0.0224
118 0.1532 0.2449 0.1998 0.2690 0.0471 0.0859
119 0.3408 0.2455 0.3057 0.0829 0.0091 0.0161
120 0.1161 0.2874 0.3013 0.2274 0.0178 0.0500
121 0.0836 0.0970 0.0761 0.5493 0.0561 0.1378
122 0.1189 0.1276 0.2920 0.3108 0.0365 0.1143
123 0.6235 0.1787 0.0775 0.0489 0.0190 0.0524
124 0.1875 0.0306 0.2059 0.4788 0.0604 0.0369
125 0.0400 0.0638 0.6250 0.1998 0.0092 0.0619
126 0.3069 0.0981 0.0586 0.3242 0.1061 0.1061
127 0.0792 0.0588 0.0672 0.6084 0.0455 0.1411
128 0.0994 0.6333 0.0728 0.1744 0.0090 0.0110
129 0.0829 0.2698 0.3657 0.2201 0.0164 0.0451
130 0.0735 0.1185 0.5435 0.2338 0.0129 0.0179
131 0.0974 0.0582 0.5435 0.2527 0.0141 0.0342
132 0.2233 0.1097 0.3301 0.2001 0.0175 0.1195
133 0.4153 0.3040 0.2056 0.0520 0.0154 0.0079
134 0.2917 0.1152 0.4180 0.0911 0.0773 0.0065
135 0.4172 0.1141 0.0660 0.2800 0.0379 0.0848
136 0.3625 0.0809 0.3950 0.0771 0.0204 0.0640
137 0.1826 0.1305 0.3633 0.2517 0.0365 0.0354
138 0.1918 0.0980 0.1102 0.5093 0.0290 0.0618
139 0.1445 0.1100 0.2742 0.3691 0.0405 0.0617
140 0.2678 0.1057 0.2419 0.2805 0.0869 0.0171
141 0.1426 0.2881 0.2815 0.1919 0.0800 0.0161
142 0.3435 0.1838 0.1523 0.2183 0.0511 0.0511
143 0.3149 0.0895 0.2959 0.0999 0.1293 0.0703
144 0.0703 0.2651 0.5703 0.0498 0.0044 0.0403
145 0.1464 0.2712 0.4988 0.0518 0.0065 0.0254
146 0.0489 0.1517 0.1720 0.5908 0.0187 0.0177
147 0.1266 0.0721 0.1246 0.6040 0.0296 0.0431
148 0.0331 0.4470 0.4265 0.0833 0.0029 0.0071
149 0.4155 0.2332 0.1577 0.1145 0.0220 0.0571
150 0.2502 0.2010 0.3584 0.0906 0.0684 0.0311
151 0.1748 0.0839 0.3115 0.1667 0.2280 0.0350
152 0.1444 0.1304 0.2961 0.2915 0.1024 0.0351
153 0.0657 0.4155 0.3210 0.1602 0.0336 0.0040
154 0.3064 0.5049 0.1307 0.0278 0.0136 0.0164
155 0.6519 0.1315 0.0822 0.0616 0.0548 0.0181
156 0.4744 0.1136 0.2241 0.0912 0.0333 0.0632
157 0.3293 0.1833 0.2466 0.0696 0.1300 0.0412
158 0.1123 0.1794 0.3625 0.2491 0.0048 0.0917
159 0.1650 0.1467 0.3633 0.1422 0.0124 0.1703
160 0.2268 0.1063 0.4512 0.1387 0.0192 0.0578
161 0.1425 0.0857 0.5947 0.1127 0.0085 0.0558
162 0.1499 0.0784 0.5151 0.1396 0.0158 0.1014
163 0.2001 0.0754 0.4509 0.1738 0.0144 0.0854
164 0.1786 0.3442 0.4561 0.0110 0.0045 0.0055
165 0.2262 0.0914 0.4192 0.1427 0.0482 0.0723
166 0.2805 0.0897 0.3689 0.1729 0.0417 0.0462
167 0.4675 0.0690 0.2705 0.1027 0.0428 0.0474
168 0.3325 0.0494 0.3738 0.1376 0.0446 0.0620
169 0.1749 0.0486 0.4905 0.2013 0.0202 0.0643
170 0.0878 0.0425 0.2903 0.5259 0.0125 0.0412
171 0.2590 0.2081 0.2888 0.1354 0.0314 0.0771
172 0.2844 0.0506 0.2216 0.3198 0.0254 0.0983
173 0.3250 0.0938 0.2532 0.1866 0.0182 0.1234
174 0.3550 0.1600 0.2920 0.1180 0.0289 0.0462
175 0.3694 0.0934 0.3469 0.0721 0.0727 0.0455
176 0.0773 0.3357 0.4961 0.0798 0.0081 0.0028
177 0.2583 0.0350 0.4194 0.2228 0.0311 0.0334
178 0.3857 0.1442 0.3596 0.0502 0.0461 0.0143
179 0.0714 0.3430 0.4204 0.1088 0.0351 0.0213
180 0.3411 0.1573 0.3357 0.0791 0.0616 0.0253
181 0.4558 0.1492 0.2440 0.0603 0.0462 0.0444
182 0.3152 0.2133 0.1973 0.0829 0.1810 0.0105
183 0.2585 0.1669 0.5103 0.0321 0.0199 0.0126
184 0.3098 0.1938 0.3455 0.0867 0.0319 0.0324
185 0.4441 0.1302 0.2981 0.0601 0.0578 0.0096
186 0.1290 0.1221 0.7192 0.0108 0.0154 0.0033
187 0.2413 0.1354 0.3855 0.1522 0.0436 0.0419
188 0.2876 0.1423 0.2722 0.1492 0.0739 0.0750
189 0.4426 0.1460 0.2856 0.0618 0.0554 0.0085
190 0.0413 0.4014 0.5488 0.0066 0.0018 0.0002
191 0.0321 0.3530 0.6001 0.0074 0.0061 0.0012
192 0.4141 0.1713 0.3379 0.0182 0.0526 0.0061
193 0.3730 0.1935 0.3318 0.0525 0.0432 0.0061
194 0.3792 0.1581 0.3320 0.0782 0.0286 0.0239
195 0.2881 0.1694 0.3477 0.1201 0.0572 0.0176
196 0.3518 0.1598 0.4209 0.0325 0.0282 0.0069
197 0.1226 0.3254 0.4243 0.0911 0.0053 0.0315
198 0.4348 0.1625 0.3083 0.0480 0.0151 0.0310
199 0.3584 0.3064 0.2834 0.0238 0.0118 0.0161
200 0.3875 0.2261 0.2769 0.0618 0.0108 0.0369
201 0.4573 0.2212 0.2094 0.0387 0.0659 0.0075
202 0.4880 0.1488 0.1560 0.1047 0.0468 0.0556
203 0.2423 0.2788 0.4319 0.0205 0.0180 0.0083
204 0.4204 0.2377 0.2413 0.0309 0.0596 0.0100
205 0.3586 0.1655 0.3396 0.0782 0.0384 0.0196
206 0.3926 0.1959 0.2852 0.0773 0.0280 0.0210
207 0.1816 0.0972 0.3042 0.1680 0.0432 0.2058
208 0.1700 0.1622 0.3381 0.1674 0.0278 0.1345
209 0.3225 0.2323 0.3831 0.0089 0.0433 0.0098
210 0.2410 0.1405 0.5645 0.0047 0.0352 0.0141
211 0.2800 0.1132 0.4583 0.0400 0.0645 0.0440
212 0.2445 0.1483 0.5054 0.0159 0.0745 0.0113
213 0.3418 0.0781 0.3872 0.0617 0.0994 0.0318
214 0.3960 0.1730 0.3281 0.0276 0.0566 0.0188
215 0.4097 0.1270 0.3342 0.0229 0.0746 0.0316
216 0.1174 0.0833 0.2092 0.4500 0.0071 0.1331
217 0.1765 0.1849 0.3098 0.2302 0.0055 0.0930
218 0.2749 0.0604 0.3816 0.1035 0.0063 0.1733
219 0.3394 0.3188 0.2542 0.0034 0.0806 0.0038
220 0.3535 0.0741 0.0801 0.2448 0.0944 0.1532
221 0.3855 0.1322 0.1079 0.0686 0.2690 0.0367
222 0.3079 0.2379 0.1838 0.0370 0.1897 0.0437
223 0.0953 0.5317 0.3433 0.0206 0.0033 0.0057
224 0.3298 0.0983 0.4204 0.0486 0.0909 0.0119
225 0.3806 0.0918 0.3748 0.0368 0.0823 0.0338
226 0.1460 0.0613 0.2522 0.4426 0.0136 0.0845
227 0.1823 0.0976 0.2590 0.2286 0.0487 0.1837
228 0.3042 0.0793 0.3967 0.1566 0.0116 0.0516
229 0.1208 0.2294 0.4285 0.1392 0.0448 0.0374
230 0.0566 0.0850 0.1799 0.5288 0.0247 0.1247
231 0.1801 0.1403 0.1759 0.3499 0.0357 0.1181
232 0.3203 0.2474 0.2399 0.0842 0.0651 0.0433
233 0.4824 0.1566 0.0980 0.0449 0.1964 0.0217
234 0.3311 0.3694 0.2172 0.0191 0.0389 0.0244
235 0.3201 0.3459 0.2915 0.0125 0.0051 0.0249
236 0.1057 0.0261 0.3257 0.3691 0.0289 0.1445
237 0.3071 0.2732 0.3882 0.0182 0.0073 0.0063
238 0.1222 0.2079 0.0729 0.3320 0.0367 0.2283
239 0.2219 0.0451 0.2362 0.3955 0.0291 0.0720
240 0.1334 0.1023 0.3406 0.3252 0.0137 0.0848
241 0.2025 0.0541 0.4856 0.1759 0.0145 0.0673
242 0.3259 0.1946 0.1652 0.1886 0.0532 0.0727
243 0.2229 0.0901 0.3506 0.1967 0.0107 0.1290
244 0.4543 0.2048 0.1429 0.0724 0.0522 0.0731
245 0.1242 0.3826 0.4761 0.0075 0.0026 0.0072
246 0.3162 0.2224 0.3611 0.0668 0.0187 0.0149
247 0.3821 0.2159 0.3069 0.0449 0.0367 0.0135
248 0.3730 0.2751 0.2952 0.0290 0.0148 0.0131
249 0.4421 0.2106 0.1118 0.0099 0.2241 0.0014
250 0.2300 0.2861 0.2505 0.0058 0.2229 0.0046
251 0.2737 0.2454 0.4583 0.0083 0.0081 0.0062
252 0.1432 0.2805 0.1868 0.2289 0.1410 0.0197
253 0.1736 0.0475 0.1763 0.5181 0.0342 0.0505
254 0.1907 0.0770 0.0820 0.3193 0.0311 0.3000
255 0.1217 0.0738 0.0948 0.3413 0.0271 0.3413
256 0.1113 0.1570 0.1364 0.1301 0.0180 0.4473
257 0.1113 0.1570 0.1364 0.1301 0.0180 0.4473
