time exciting_prob fearful_prob tense_prob sad_prob relaxing_prob neutral_prob
0 0.3118 0.1508 0.1004 0.3167 0.0690 0.0517
1 0.1219 0.1128 0.1299 0.4224 0.1019 0.1111
2 0.1249 0.0965 0.1174 0.4429 0.1211 0.0973
3 0.1024 0.1444 0.0779 0.3833 0.2201 0.0720
4 0.1063 0.3979 0.0391 0.3948 0.0204 0.0416
5 0.0978 0.3035 0.0883 0.4485 0.0315 0.0303
6 0.0405 0.3472 0.0338 0.5337 0.0244 0.0204
7 0.0714 0.1294 0.0790 0.3303 0.3201 0.0698
8 0.0594 0.3525 0.1058 0.3110 0.0793 0.0920
9 0.0647 0.5811 0.1017 0.1744 0.0549 0.0232
10 0.0643 0.5342 0.1183 0.2092 0.0432 0.0309
11 0.0707 0.5645 0.1111 0.2246 0.0136 0.0155
12 0.1489 0.5576 0.1064 0.1687 0.0062 0.0123
13 0.1340 0.6860 0.0832 0.0572 0.0090 0.0309
14 0.0955 0.5078 0.1637 0.1840 0.0085 0.0404
15 0.1442 0.5566 0.1418 0.1429 0.0067 0.0075
16 0.2041 0.5132 0.1267 0.1470 0.0066 0.0026
17 0.0267 0.2783 0.1294 0.5278 0.0056 0.0322
18 0.0524 0.1201 0.0787 0.6191 0.0039 0.1257
19 0.0537 0.2729 0.0764 0.5513 0.0103 0.0352
20 0.0951 0.6152 0.0353 0.2246 0.0032 0.0264
21 0.0614 0.5874 0.0729 0.2585 0.0058 0.0138
22 0.1288 0.4746 0.0516 0.2542 0.0103 0.0806
23 0.1274 0.4380 0.0374 0.3660 0.0095 0.0216
24 0.1086 0.5308 0.0457 0.2795 0.0085 0.0270
25 0.0295 0.2113 0.4836 0.2285 0.0128 0.0342
26 0.4485 0.2678 0.0743 0.1411 0.0565 0.0119
27 0.3870 0.3157 0.0434 0.1871 0.0203 0.0466
28 0.1650 0.4419 0.0798 0.2808 0.0152 0.0173
29 0.2145 0.3977 0.1176 0.2129 0.0286 0.0288
30 0.1044 0.5386 0.1804 0.1592 0.0063 0.0113
31 0.1356 0.4810 0.2069 0.1245 0.0447 0.0073
32 0.1611 0.4280 0.1798 0.1826 0.0354 0.0132
33 0.1613 0.3662 0.2311 0.1857 0.0438 0.0120
34 0.1575 0.2273 0.3157 0.2496 0.0178 0.0322
35 0.0440 0.1177 0.3513 0.3982 0.0630 0.0257
36 0.0790 0.0984 0.4341 0.3489 0.0232 0.0163
37 0.0293 0.6226 0.2290 0.1082 0.0009 0.0098
38 0.1099 0.6997 0.0720 0.0798 0.0121 0.0265
39 0.0854 0.3801 0.1897 0.2416 0.0183 0.0848
40 0.0576 0.6099 0.1591 0.1591 0.0072 0.0073
41 0.4829 0.4004 0.0486 0.0648 0.0020 0.0014
42 0.3157 0.3777 0.0593 0.2220 0.0068 0.0185
43 0.5400 0.3274 0.0359 0.0803 0.0092 0.0072
44 0.2937 0.1868 0.0779 0.4016 0.0298 0.0102
45 0.1777 0.4539 0.2336 0.1104 0.0149 0.0095
46 0.1083 0.4351 0.1691 0.2517 0.0088 0.0270
47 0.0667 0.2185 0.4211 0.2476 0.0080 0.0380
48 0.0991 0.2981 0.1302 0.4407 0.0159 0.0159
49 0.1135 0.1100 0.0452 0.6636 0.0124 0.0553
50 0.1080 0.1597 0.1344 0.1387 0.0186 0.4407
51 0.1144 0.1564 0.1359 0.1296 0.0182 0.4456
52 0.0652 0.0199 0.0089 0.0466 0.8525 0.0067
53 0.2213 0.0468 0.0087 0.0113 0.7090 0.0031
54 0.2800 0.0340 0.0139 0.0095 0.6611 0.0014
55 0.2495 0.0444 0.0102 0.0104 0.6836 0.0018
56 0.0955 0.5581 0.0495 0.0365 0.2576 0.0027
57 0.1151 0.5938 0.0630 0.0693 0.1560 0.0030
58 0.0683 0.4119 0.0622 0.0589 0.3931 0.0056
59 0.1405 0.1967 0.1240 0.0880 0.4465 0.0045
60 0.1478 0.1125 0.1074 0.1161 0.5083 0.0081
61 0.0541 0.1144 0.0276 0.0705 0.7236 0.0099
62 0.1461 0.0513 0.0449 0.0712 0.6807 0.0056
63 0.0726 0.0411 0.0325 0.1285 0.7168 0.0085
64 0.2384 0.1161 0.0732 0.2681 0.2808 0.0234
65 0.0938 0.4763 0.1105 0.0998 0.2064 0.0133
66 0.2047 0.2488 0.0542 0.0887 0.3914 0.0122
67 0.3838 0.1467 0.2186 0.0427 0.2037 0.0044
68 0.0975 0.1122 0.1864 0.0436 0.5566 0.0037
69 0.1909 0.1621 0.3052 0.0385 0.2981 0.0053
70 0.2666 0.1495 0.0415 0.1249 0.4094 0.0081
71 0.1108 0.1676 0.0398 0.1368 0.5410 0.0040
72 0.0275 0.3098 0.2031 0.3855 0.0113 0.0629
73 0.0937 0.4265 0.1078 0.3428 0.0128 0.0164
74 0.1284 0.4346 0.0897 0.3057 0.0184 0.0234
75 0.2061 0.3372 0.0872 0.3093 0.0270 0.0334
76 0.4397 0.1249 0.0586 0.1655 0.1832 0.0281
77 0.4773 0.1255 0.0166 0.0315 0.3438 0.0052
78 0.0945 0.0991 0.0610 0.5400 0.1476 0.0578
79 0.0123 0.1523 0.1302 0.6719 0.0074 0.0257
80 0.0103 0.2542 0.1145 0.6094 0.0026 0.0090
81 0.0176 0.3325 0.3540 0.2632 0.0087 0.0239
82 0.4443 0.1097 0.0495 0.1648 0.2003 0.0314
83 0.0306 0.1747 0.1775 0.6050 0.0018 0.0104
84 0.1573 0.3154 0.1537 0.3545 0.0044 0.0145
85 0.0123 0.2072 0.6484 0.1199 0.0003 0.0122
86 0.0195 0.1362 0.3218 0.5063 0.0009 0.0152
87 0.0386 0.5049 0.1338 0.3110 0.0030 0.0089
88 0.0217 0.7139 0.1921 0.0685 0.0013 0.0024
89 0.0381 0.2207 0.5815 0.1381 0.0014 0.0202
90 0.0212 0.1669 0.6704 0.1183 0.0011 0.0219
91 0.3345 0.3369 0.0268 0.0254 0.2751 0.0013
92 0.1508 0.1183 0.0559 0.2410 0.4131 0.0211
93 0.5498 0.1689 0.1930 0.0562 0.0158 0.0163
94 0.0396 0.2314 0.1268 0.5913 0.0019 0.0090
95 0.0902 0.4917 0.2034 0.2098 0.0011 0.0039
96 0.0537 0.6646 0.1530 0.1201 0.0033 0.0056
97 0.0230 0.4041 0.2231 0.3247 0.0027 0.0224
98 0.0256 0.5342 0.3042 0.1268 0.0018 0.0076
99 0.0071 0.6611 0.2321 0.0967 0.0003 0.0028
100 0.0406 0.4792 0.4573 0.0217 0.0002 0.0009
101 0.2408 0.0633 0.2524 0.1580 0.2371 0.0486
102 0.1101 0.1209 0.0545 0.0613 0.6138 0.0392
103 0.3628 0.0748 0.1536 0.1610 0.2166 0.0312
104 0.0033 0.0019 0.0484 0.0137 0.9277 0.0049
105 0.3411 0.2438 0.0636 0.1675 0.1444 0.0398
106 0.0076 0.2676 0.0374 0.6831 0.0018 0.0025
107 0.0106 0.3008 0.0666 0.6172 0.0009 0.0038
108 0.0435 0.4255 0.1530 0.3501 0.0087 0.0193
109 0.0195 0.7202 0.1486 0.1013 0.0038 0.0066
110 0.0216 0.2935 0.3376 0.3123 0.0015 0.0337
111 0.1790 0.4065 0.1890 0.2108 0.0082 0.0067
112 0.0532 0.4216 0.2637 0.2517 0.0060 0.0039
113 0.0284 0.0983 0.1322 0.7036 0.0065 0.0312
114 0.3589 0.2408 0.0367 0.0707 0.2861 0.0070
115 0.0525 0.1382 0.0576 0.6909 0.0049 0.0558
116 0.0447 0.0531 0.0809 0.7212 0.0097 0.0903
117 0.1689 0.1316 0.0352 0.1930 0.4592 0.0120
118 0.0383 0.0210 0.1855 0.0584 0.6787 0.0178
119 0.0412 0.0242 0.0806 0.0633 0.7651 0.0256
120 0.0626 0.0205 0.1573 0.0849 0.6523 0.0222
121 0.0588 0.0511 0.2184 0.0354 0.6221 0.0143
122 0.0974 0.0795 0.0302 0.0231 0.6865 0.0833
123 0.0591 0.0095 0.0163 0.0270 0.8818 0.0065
124 0.2546 0.0595 0.0403 0.0381 0.5967 0.0110
125 0.2096 0.0443 0.1301 0.2096 0.3977 0.0089
126 0.4121 0.0545 0.1172 0.1731 0.2312 0.0119
127 0.1143 0.1929 0.5044 0.0883 0.0970 0.0035
128 0.0925 0.1116 0.4346 0.2152 0.1207 0.0253
129 0.1310 0.0334 0.0619 0.1174 0.6445 0.0116
130 0.2600 0.0173 0.0213 0.1788 0.5054 0.0172
131 0.2195 0.0839 0.1221 0.0674 0.5024 0.0048
132 0.0471 0.0107 0.0269 0.0436 0.8691 0.0025
133 0.3032 0.0687 0.0465 0.0896 0.4844 0.0076
134 0.1478 0.1943 0.1755 0.1125 0.3464 0.0234
135 0.2578 0.2222 0.1901 0.0978 0.2257 0.0066
136 0.1335 0.2167 0.0977 0.4734 0.0407 0.0380
137 0.1785 0.4453 0.1208 0.1901 0.0536 0.0119
138 0.1603 0.1680 0.2140 0.2260 0.1932 0.0387
139 0.0884 0.5083 0.1108 0.1689 0.0891 0.0343
140 0.0037 0.0012 0.0092 0.0031 0.9824 0.0005
141 0.0148 0.0018 0.0072 0.0152 0.9565 0.0044
142 0.2290 0.0424 0.0804 0.1346 0.5005 0.0132
143 0.1086 0.1212 0.0586 0.0521 0.6553 0.0040
144 0.0467 0.3069 0.1920 0.2484 0.0576 0.1483
145 0.1356 0.0179 0.0917 0.1197 0.6270 0.0079
146 0.1149 0.0510 0.1243 0.3652 0.3076 0.0370
147 0.1525 0.1648 0.1160 0.2937 0.2493 0.0237
148 0.2024 0.1704 0.0414 0.2172 0.3525 0.0161
149 0.0892 0.1190 0.0470 0.2559 0.4600 0.0289
150 0.0410 0.1794 0.0742 0.1740 0.5273 0.0041
151 0.1755 0.0737 0.1124 0.1399 0.4883 0.0101
152 0.4233 0.0789 0.0230 0.1968 0.2430 0.0350
153 0.3921 0.1584 0.0261 0.1809 0.2166 0.0261
154 0.4197 0.1300 0.0270 0.2605 0.1417 0.0211
155 0.0186 0.0294 0.0074 0.0041 0.9380 0.0025
156 0.1761 0.2666 0.0943 0.0541 0.3909 0.0180
157 0.1726 0.1699 0.1453 0.0475 0.4338 0.0309
158 0.2783 0.0767 0.2343 0.2534 0.1443 0.0132
159 0.1033 0.0451 0.0593 0.5415 0.2188 0.0323
160 0.0619 0.1417 0.1877 0.2488 0.2607 0.0989
161 0.0379 0.0443 0.1779 0.3945 0.2627 0.0827
162 0.1768 0.0291 0.0213 0.2269 0.5195 0.0265
163 0.3096 0.1021 0.1631 0.2566 0.1486 0.0199
164 0.1378 0.1016 0.0785 0.2615 0.3955 0.0251
165 0.0691 0.1241 0.1937 0.2798 0.3320 0.0012
166 0.2316 0.2445 0.3342 0.0164 0.1542 0.0191
167 0.1033 0.3440 0.4348 0.0267 0.0850 0.0064
168 0.1393 0.2769 0.0928 0.2522 0.1964 0.0425
169 0.1548 0.0391 0.0089 0.0100 0.7861 0.0014
170 0.1227 0.0344 0.0089 0.0173 0.8130 0.0036
171 0.0099 0.0176 0.0266 0.0194 0.9219 0.0046
172 0.0322 0.0211 0.0279 0.0232 0.8896 0.0061
173 0.0402 0.0668 0.0768 0.1381 0.6743 0.0036
174 0.1058 0.0877 0.1162 0.0986 0.5903 0.0013
175 0.0434 0.1539 0.0877 0.3362 0.3525 0.0261
176 0.0518 0.1196 0.0569 0.1794 0.5703 0.0218
177 0.0450 0.0379 0.0163 0.1107 0.7803 0.0100
178 0.0723 0.3560 0.5303 0.0105 0.0094 0.0214
179 0.1013 0.2954 0.4434 0.0820 0.0680 0.0099
180 0.2257 0.2365 0.3579 0.0341 0.1359 0.0101
181 0.1173 0.3528 0.4258 0.0384 0.0493 0.0165
182 0.2351 0.3586 0.2771 0.0103 0.1077 0.0113
183 0.0944 0.2729 0.5220 0.0456 0.0406 0.0244
184 0.1621 0.3740 0.3982 0.0324 0.0134 0.0200
185 0.0690 0.4646 0.4297 0.0147 0.0132 0.0089
186 0.0948 0.6279 0.2120 0.0054 0.0571 0.0026
187 0.0181 0.4712 0.4290 0.0740 0.0043 0.0033
188 0.0187 0.3647 0.4832 0.1069 0.0187 0.0077
189 0.0362 0.3201 0.5571 0.0725 0.0097 0.0044
190 0.0555 0.1095 0.5391 0.2795 0.0124 0.0040
191 0.0707 0.2688 0.4434 0.1982 0.0157 0.0033
192 0.0446 0.0600 0.1270 0.6973 0.0228 0.0482
193 0.0955 0.5005 0.2942 0.0488 0.0492 0.0116
194 0.1390 0.2421 0.4668 0.0557 0.0798 0.0166
195 0.0955 0.4050 0.3926 0.0862 0.0191 0.0018
196 0.1163 0.2661 0.3667 0.2330 0.0159 0.0022
197 0.0585 0.5215 0.2333 0.1506 0.0294 0.0065
198 0.0544 0.5078 0.2069 0.2101 0.0123 0.0082
199 0.0513 0.3616 0.4097 0.0233 0.1383 0.0158
200 0.1630 0.2354 0.4717 0.0807 0.0393 0.0100
201 0.0668 0.1317 0.2405 0.4221 0.1218 0.0172
202 0.0811 0.0843 0.2637 0.4182 0.0919 0.0607
203 0.0992 0.1598 0.1598 0.3657 0.1741 0.0417
204 0.1100 0.1786 0.1359 0.3962 0.1552 0.0240
205 0.0916 0.4104 0.2432 0.0426 0.1765 0.0359
206 0.1699 0.4441 0.2844 0.0265 0.0681 0.0071
207 0.0710 0.2072 0.1527 0.5586 0.0081 0.0023
208 0.7251 0.0674 0.0900 0.0664 0.0505 0.0006
209 0.2578 0.2312 0.2423 0.2423 0.0213 0.0050
210 0.2595 0.0869 0.4346 0.1884 0.0249 0.0060
211 0.6079 0.1090 0.1422 0.1179 0.0206 0.0023
212 0.2356 0.1213 0.4985 0.1251 0.0177 0.0017
213 0.3433 0.1971 0.3174 0.1215 0.0037 0.0170
214 0.1240 0.1061 0.4065 0.3267 0.0106 0.0260
215 0.6943 0.1455 0.0427 0.1049 0.0109 0.0015
216 0.4460 0.0572 0.1146 0.0303 0.3474 0.0044
217 0.2272 0.1467 0.2576 0.3411 0.0190 0.0085
218 0.1382 0.1404 0.1775 0.4324 0.0550 0.0567
219 0.6431 0.1857 0.1287 0.0280 0.0133 0.0013
220 0.4832 0.1166 0.0753 0.2429 0.0770 0.0050
221 0.0536 0.0661 0.0856 0.0817 0.7051 0.0078
222 0.2192 0.2316 0.0950 0.2043 0.2352 0.0147
223 0.0124 0.3516 0.0578 0.5444 0.0036 0.0302
224 0.0094 0.4336 0.1071 0.4270 0.0076 0.0153
225 0.0089 0.1720 0.2837 0.4463 0.0079 0.0812
226 0.0239 0.3071 0.2646 0.3193 0.0147 0.0701
227 0.0257 0.2573 0.2495 0.2036 0.2476 0.0163
228 0.0139 0.3333 0.1812 0.3547 0.0761 0.0407
229 0.0199 0.3694 0.0964 0.4817 0.0156 0.0170
230 0.0150 0.3462 0.1661 0.4377 0.0170 0.0181
231 0.1315 0.3464 0.1357 0.3010 0.0552 0.0300
232 0.0600 0.2142 0.1906 0.2061 0.3093 0.0199
233 0.3198 0.1407 0.4653 0.0413 0.0322 0.0008
234 0.2910 0.1385 0.3948 0.1375 0.0364 0.0015
235 0.3762 0.0873 0.4038 0.0659 0.0644 0.0024
236 0.0139 0.1580 0.1394 0.2094 0.4363 0.0432
237 0.0219 0.1158 0.2629 0.0809 0.4875 0.0307
238 0.0153 0.0695 0.0309 0.2297 0.5962 0.0586
239 0.0487 0.0984 0.1674 0.4551 0.1098 0.1206
240 0.0656 0.2150 0.0882 0.3713 0.0579 0.2019
241 0.0724 0.2566 0.1937 0.2449 0.0446 0.1877
242 0.0603 0.3994 0.2661 0.0964 0.0721 0.1058
243 0.0416 0.2844 0.3433 0.1141 0.0923 0.1243
244 0.0674 0.2157 0.2141 0.2812 0.0599 0.1616
245 0.0598 0.4351 0.1991 0.2328 0.0267 0.0466
246 0.0392 0.5371 0.1588 0.1946 0.0245 0.0458
247 0.0961 0.5571 0.1453 0.1686 0.0241 0.0089
248 0.1207 0.2291 0.1575 0.4148 0.0672 0.0108
249 0.0620 0.1646 0.4543 0.3027 0.0103 0.0063
250 0.0523 0.1584 0.5708 0.2003 0.0116 0.0066
251 0.0931 0.3406 0.3005 0.1970 0.0116 0.0573
252 0.1154 0.1962 0.3608 0.2810 0.0325 0.0139
253 0.1367 0.1549 0.2400 0.3716 0.0357 0.0611
254 0.0538 0.1231 0.7085 0.0846 0.0103 0.0196
255 0.0302 0.1819 0.6348 0.1373 0.0103 0.0056
256 0.0327 0.1464 0.6255 0.1632 0.0195 0.0126
257 0.0424 0.1348 0.5854 0.1434 0.0617 0.0323
258 0.0409 0.0859 0.6704 0.1342 0.0195 0.0490
259 0.0391 0.1699 0.4995 0.1159 0.0379 0.1376
260 0.0565 0.1610 0.3684 0.2379 0.0784 0.0977
261 0.0453 0.1183 0.4539 0.2585 0.0707 0.0533
262 0.0476 0.0447 0.3516 0.4729 0.0192 0.0640
263 0.1136 0.1553 0.1349 0.1288 0.0181 0.4492
