time exciting_prob fearful_prob tense_prob sad_prob relaxing_prob neutral_prob
0 0.1136 0.1553 0.1349 0.1288 0.0181 0.4492
1 0.1194 0.1290 0.2864 0.3401 0.1212 0.0040
2 0.2013 0.1061 0.1362 0.1299 0.4194 0.0071
3 0.1743 0.1008 0.1099 0.0869 0.5244 0.0037
4 0.1548 0.0552 0.1754 0.4143 0.0816 0.1187
5 0.1316 0.1198 0.2830 0.2273 0.2037 0.0349
6 0.1530 0.4158 0.3237 0.0306 0.0695 0.0073
7 0.2367 0.2122 0.1481 0.0266 0.3499 0.0268
8 0.3972 0.2773 0.1777 0.0542 0.0880 0.0055
9 0.1874 0.1267 0.1979 0.0438 0.4189 0.0254
10 0.1796 0.1081 0.1636 0.1443 0.2781 0.1263
11 0.1418 0.1364 0.2568 0.0223 0.4302 0.0126
12 0.1663 0.4556 0.3306 0.0143 0.0322 0.0011
13 0.0305 0.2830 0.4595 0.0756 0.1445 0.0070
14 0.0336 0.0623 0.1086 0.0204 0.7651 0.0097
15 0.2307 0.1016 0.2307 0.0186 0.4111 0.0072
16 0.3557 0.1566 0.2091 0.0318 0.2244 0.0224
17 0.1154 0.1136 0.1815 0.4783 0.0617 0.0496
18 0.0864 0.1588 0.1799 0.4893 0.0508 0.0349
19 0.0341 0.1008 0.1161 0.0484 0.7002 0.0006
20 0.0833 0.0439 0.0701 0.2646 0.5347 0.0037
21 0.0446 0.1439 0.5781 0.1532 0.0659 0.0146
22 0.0757 0.0648 0.5596 0.1035 0.0618 0.1350
23 0.0811 0.2742 0.4663 0.0575 0.0484 0.0726
24 0.0792 0.2637 0.5762 0.0215 0.0310 0.0287
25 0.1040 0.1008 0.6943 0.0743 0.0199 0.0066
26 0.2290 0.0911 0.0607 0.0417 0.5713 0.0061
27 0.4148 0.1729 0.0626 0.0527 0.2896 0.0075
28 0.2925 0.2241 0.1154 0.0489 0.3064 0.0128
29 0.1578 0.1210 0.4426 0.2296 0.0183 0.0308
30 0.1204 0.3484 0.4075 0.0909 0.0162 0.0167
31 0.0699 0.0377 0.0336 0.0089 0.8457 0.0043
32 0.0545 0.0745 0.0428 0.0121 0.8135 0.0027
33 0.0444 0.0220 0.0398 0.0145 0.8647 0.0143
34 0.0795 0.0833 0.1508 0.4294 0.2194 0.0375
35 0.0572 0.0369 0.0988 0.0521 0.7529 0.0021
36 0.1371 0.1191 0.3140 0.2603 0.1628 0.0068
37 0.0340 0.2715 0.3950 0.0635 0.2286 0.0072
38 0.0943 0.1350 0.2351 0.0782 0.4534 0.0041
39 0.1014 0.0403 0.2844 0.4546 0.1097 0.0093
40 0.1159 0.1881 0.3982 0.1971 0.0991 0.0014
41 0.0697 0.0319 0.0999 0.2935 0.4993 0.0055
42 0.1427 0.1121 0.1193 0.0342 0.5825 0.0093
43 0.1622 0.1714 0.1263 0.1853 0.3516 0.0031
44 0.1429 0.1046 0.1864 0.4333 0.1185 0.0144
45 0.1466 0.1560 0.3684 0.3054 0.0082 0.0152
46 0.1726 0.1334 0.3381 0.0578 0.2397 0.0583
47 0.2478 0.1066 0.3899 0.0515 0.1757 0.0287
48 0.1230 0.1044 0.5181 0.1461 0.0981 0.0104
49 0.2070 0.2830 0.1423 0.2659 0.0549 0.0469
50 0.0669 0.2771 0.1531 0.3848 0.1138 0.0044
51 0.6216 0.1409 0.0692 0.0797 0.0835 0.0052
52 0.0260 0.0920 0.1802 0.6191 0.0360 0.0470
53 0.2495 0.1769 0.1636 0.3306 0.0351 0.0444
54 0.1398 0.1355 0.2610 0.4172 0.0365 0.0100
55 0.2544 0.1804 0.2467 0.1086 0.1656 0.0442
56 0.2905 0.1416 0.1876 0.1044 0.2334 0.0425
57 0.3770 0.1272 0.1168 0.0232 0.3513 0.0046
58 0.2250 0.1780 0.0778 0.4138 0.0471 0.0582
59 0.1340 0.0525 0.0425 0.5640 0.1919 0.0150
60 0.5674 0.1162 0.0792 0.0065 0.2257 0.0047
61 0.2600 0.1051 0.0695 0.0170 0.5464 0.0021
62 0.1060 0.1028 0.4980 0.2209 0.0393 0.0328
63 0.2075 0.1471 0.2261 0.2388 0.1733 0.0072
64 0.2015 0.0494 0.1646 0.1521 0.4072 0.0252
65 0.2913 0.1398 0.1476 0.1398 0.2737 0.0079
66 0.2236 0.6221 0.0761 0.0519 0.0216 0.0045
67 0.1047 0.3657 0.1648 0.2051 0.1187 0.0410
68 0.1866 0.1387 0.1453 0.4338 0.0345 0.0611
69 0.3767 0.0353 0.0293 0.3828 0.1114 0.0645
70 0.4697 0.1040 0.0444 0.1869 0.1225 0.0726
71 0.1183 0.1044 0.2354 0.3022 0.2109 0.0288
72 0.2756 0.1114 0.1465 0.3433 0.1105 0.0127
73 0.1831 0.1591 0.1641 0.3875 0.0508 0.0554
74 0.1807 0.0765 0.1429 0.4268 0.0429 0.1301
75 0.1554 0.2463 0.2388 0.0399 0.3113 0.0083
76 0.3469 0.0331 0.0512 0.4744 0.0598 0.0346
77 0.3250 0.0828 0.0645 0.4729 0.0436 0.0111
78 0.2712 0.2507 0.1835 0.1594 0.1005 0.0347
79 0.3115 0.1129 0.0839 0.2389 0.2279 0.0250
80 0.5459 0.1381 0.0871 0.1163 0.1075 0.0051
81 0.0984 0.3713 0.2803 0.1648 0.0784 0.0066
82 0.2551 0.1956 0.1106 0.0854 0.3486 0.0046
83 0.1138 0.3730 0.3240 0.1580 0.0179 0.0135
84 0.1218 0.0566 0.5635 0.1718 0.0102 0.0762
85 0.4907 0.0439 0.0873 0.2030 0.1095 0.0654
86 0.1195 0.0337 0.0725 0.6665 0.0888 0.0188
87 0.2493 0.0307 0.6465 0.0370 0.0310 0.0055
88 0.2490 0.3027 0.2800 0.1302 0.0319 0.0060
89 0.1685 0.2163 0.2096 0.1765 0.2163 0.0128
90 0.0516 0.5249 0.3608 0.0140 0.0445 0.0040
91 0.1810 0.3179 0.2849 0.0666 0.1421 0.0075
92 0.2102 0.2118 0.2720 0.0430 0.2554 0.0075
93 0.3745 0.2939 0.1367 0.1304 0.0641 0.0005
94 0.0339 0.0907 0.0852 0.5913 0.0826 0.1165
95 0.1177 0.2551 0.1881 0.0992 0.2183 0.1215
96 0.0688 0.3962 0.3284 0.1118 0.0837 0.0111
97 0.1066 0.1401 0.3721 0.1246 0.2556 0.0010
98 0.1819 0.0846 0.2905 0.2299 0.2061 0.0069
99 0.0869 0.1016 0.2803 0.4275 0.0535 0.0503
100 0.1035 0.2444 0.3289 0.2561 0.0497 0.0177
101 0.0535 0.3433 0.3711 0.1987 0.0053 0.0280
102 0.1150 0.0984 0.1523 0.5571 0.0709 0.0062
103 0.0970 0.0768 0.3181 0.0627 0.4419 0.0035
104 0.1979 0.1248 0.2139 0.1918 0.2581 0.0138
105 0.1620 0.2433 0.3887 0.0703 0.1223 0.0134
106 0.1296 0.4490 0.3235 0.0238 0.0673 0.0068
107 0.0839 0.2061 0.3396 0.1331 0.2335 0.0038
108 0.0781 0.1962 0.6958 0.0124 0.0177 0.0001
109 0.0861 0.1006 0.5273 0.1442 0.1313 0.0103
110 0.3743 0.3225 0.1942 0.0495 0.0583 0.0012
111 0.3396 0.4363 0.1340 0.0563 0.0329 0.0009
112 0.0371 0.0727 0.3259 0.4595 0.0549 0.0500
113 0.1295 0.3179 0.2595 0.1315 0.1501 0.0115
114 0.1337 0.1757 0.2363 0.1368 0.3035 0.0141
115 0.1561 0.3279 0.4082 0.0330 0.0693 0.0056
116 0.1824 0.3984 0.1700 0.2067 0.0236 0.0188
117 0.1555 0.0326 0.1331 0.5962 0.0238 0.0590
118 0.1157 0.0475 0.1877 0.5874 0.0342 0.0275
119 0.1499 0.0569 0.2114 0.4617 0.1080 0.0121
120 0.0745 0.4089 0.3499 0.0870 0.0130 0.0668
121 0.1166 0.4541 0.1710 0.1232 0.1062 0.0290
122 0.0797 0.2415 0.1511 0.4727 0.0288 0.0263
123 0.2092 0.0712 0.0943 0.5259 0.0542 0.0449
124 0.1131 0.0241 0.0867 0.0881 0.6821 0.0058
125 0.2837 0.0782 0.3477 0.0922 0.1862 0.0120
126 0.0704 0.4316 0.3870 0.0762 0.0338 0.0010
127 0.0713 0.0847 0.3196 0.3096 0.2128 0.0022
128 0.0728 0.1092 0.2275 0.4187 0.0799 0.0920
129 0.0620 0.2306 0.3303 0.1741 0.1768 0.0263
130 0.0546 0.1819 0.1416 0.1484 0.4717 0.0016
131 0.0415 0.3042 0.2949 0.3289 0.0287 0.0018
132 0.0878 0.0478 0.1720 0.6802 0.0111 0.0014
133 0.1946 0.1171 0.2239 0.2274 0.2346 0.0023
134 0.2303 0.0440 0.3918 0.1488 0.1740 0.0111
135 0.1877 0.2488 0.2864 0.1907 0.0807 0.0058
136 0.2035 0.1313 0.1443 0.3201 0.1313 0.0692
137 0.0891 0.4453 0.2458 0.0905 0.0978 0.0315
138 0.1224 0.2216 0.3540 0.1431 0.0968 0.0620
139 0.0769 0.1191 0.1437 0.5176 0.0819 0.0609
140 0.2837 0.1460 0.2971 0.0757 0.1964 0.0011
141 0.2328 0.0926 0.2365 0.1066 0.3284 0.0034
142 0.0202 0.0611 0.1399 0.6367 0.1024 0.0395
143 0.0758 0.3730 0.4294 0.0415 0.0718 0.0085
144 0.0920 0.2747 0.4189 0.0554 0.1393 0.0197
145 0.1039 0.3489 0.3862 0.0362 0.1206 0.0041
146 0.1584 0.0772 0.1432 0.5752 0.0351 0.0110
147 0.1765 0.2266 0.4368 0.1194 0.0171 0.0237
148 0.0406 0.1655 0.1270 0.6343 0.0161 0.0164
149 0.0402 0.3066 0.3215 0.3264 0.0040 0.0010
150 0.1852 0.0881 0.4512 0.1420 0.0176 0.1159
151 0.0146 0.3521 0.5625 0.0527 0.0149 0.0030
152 0.0442 0.0996 0.7246 0.1011 0.0166 0.0139
153 0.0287 0.1051 0.6748 0.1530 0.0320 0.0066
154 0.0232 0.5083 0.4485 0.0155 0.0025 0.0022
155 0.0494 0.4688 0.3594 0.1014 0.0054 0.0158
156 0.2371 0.0839 0.5342 0.0701 0.0173 0.0576
157 0.1945 0.2053 0.5244 0.0243 0.0217 0.0298
158 0.0468 0.8042 0.1214 0.0225 0.0018 0.0034
159 0.0396 0.8599 0.0906 0.0068 0.0014 0.0015
160 0.0479 0.1398 0.7671 0.0382 0.0041 0.0028
161 0.0346 0.2086 0.6323 0.1170 0.0060 0.0014
162 0.0837 0.6685 0.1190 0.0598 0.0181 0.0508
163 0.0508 0.0920 0.4746 0.2834 0.0252 0.0739
164 0.0601 0.2510 0.6021 0.0610 0.0159 0.0101
165 0.0156 0.5425 0.3450 0.0832 0.0025 0.0111
166 0.0125 0.6714 0.2146 0.0789 0.0026 0.0200
167 0.0207 0.1681 0.3503 0.4033 0.0086 0.0489
168 0.0566 0.1637 0.3928 0.3467 0.0106 0.0298
169 0.0938 0.2213 0.5830 0.0802 0.0097 0.0118
170 0.0632 0.1277 0.6587 0.1257 0.0092 0.0155
171 0.0664 0.4260 0.4607 0.0364 0.0046 0.0058
172 0.0868 0.5571 0.3433 0.0087 0.0013 0.0025
173 0.5020 0.1749 0.0936 0.1694 0.0158 0.0442
174 0.2620 0.0678 0.1256 0.4385 0.0249 0.0811
175 0.0902 0.1234 0.1511 0.5977 0.0173 0.0203
176 0.0600 0.6816 0.2047 0.0419 0.0092 0.0025
177 0.1351 0.6807 0.1221 0.0406 0.0198 0.0018
178 0.1674 0.3435 0.2717 0.2019 0.0077 0.0079
179 0.2181 0.0596 0.1753 0.4138 0.0645 0.0686
180 0.0353 0.6558 0.2338 0.0681 0.0018 0.0056
181 0.2277 0.2520 0.3472 0.0964 0.0272 0.0496
182 0.1681 0.1846 0.5176 0.1192 0.0096 0.0007
183 0.1826 0.0738 0.1974 0.4810 0.0377 0.0276
184 0.1635 0.1852 0.4443 0.1824 0.0223 0.0023
185 0.1089 0.1178 0.2494 0.4958 0.0116 0.0164
186 0.6929 0.1167 0.0433 0.1282 0.0127 0.0061
187 0.1255 0.4556 0.3604 0.0253 0.0149 0.0184
188 0.0947 0.2761 0.4211 0.1675 0.0351 0.0052
189 0.0823 0.1663 0.1587 0.5894 0.0020 0.0011
190 0.1826 0.0540 0.5801 0.0918 0.0738 0.0175
191 0.5889 0.2084 0.1525 0.0398 0.0080 0.0024
192 0.3291 0.1129 0.0623 0.4429 0.0150 0.0378
193 0.0592 0.2491 0.6562 0.0284 0.0044 0.0026
194 0.2440 0.1135 0.1960 0.4087 0.0363 0.0015
195 0.2690 0.3735 0.2776 0.0254 0.0436 0.0110
196 0.0380 0.4631 0.3232 0.1527 0.0029 0.0199
197 0.0886 0.0658 0.1846 0.6543 0.0033 0.0036
198 0.0953 0.4075 0.3123 0.1006 0.0719 0.0124
199 0.0753 0.2391 0.3823 0.2078 0.0321 0.0634
200 0.2712 0.1698 0.1646 0.2469 0.1407 0.0068
201 0.2749 0.4158 0.2314 0.0504 0.0256 0.0020
202 0.4465 0.2625 0.0718 0.1951 0.0137 0.0107
203 0.2070 0.2310 0.1256 0.3867 0.0170 0.0327
204 0.0293 0.1107 0.1913 0.5537 0.0773 0.0377
205 0.0125 0.2556 0.4702 0.2256 0.0236 0.0122
206 0.0670 0.0359 0.1312 0.4438 0.1969 0.1252
207 0.0387 0.1119 0.2815 0.1155 0.4426 0.0098
208 0.0381 0.6865 0.2605 0.0041 0.0078 0.0030
209 0.0470 0.2578 0.6382 0.0371 0.0117 0.0080
210 0.0356 0.5068 0.2180 0.1475 0.0867 0.0054
211 0.0421 0.2346 0.1716 0.5044 0.0259 0.0215
212 0.4126 0.3530 0.1239 0.0757 0.0297 0.0051
213 0.2949 0.3369 0.2644 0.0690 0.0240 0.0107
214 0.0760 0.1114 0.1344 0.0565 0.6211 0.0005
215 0.0806 0.2522 0.3445 0.2856 0.0347 0.0024
216 0.1343 0.1644 0.4265 0.2507 0.0216 0.0025
217 0.1166 0.5737 0.2178 0.0443 0.0464 0.0011
218 0.1512 0.4734 0.3252 0.0239 0.0253 0.0009
219 0.4241 0.2341 0.1443 0.1477 0.0286 0.0213
220 0.0351 0.1868 0.4343 0.1455 0.1727 0.0257
221 0.0709 0.0969 0.5078 0.1838 0.1388 0.0018
222 0.0249 0.1456 0.6733 0.0955 0.0598 0.0012
223 0.0465 0.1097 0.4207 0.2323 0.1896 0.0011
224 0.0533 0.0826 0.3530 0.2837 0.2245 0.0029
225 0.1073 0.2939 0.3081 0.1367 0.1537 0.0002
226 0.2037 0.2576 0.2401 0.1945 0.1033 0.0007
227 0.1552 0.1469 0.2808 0.3083 0.1074 0.0014
228 0.0611 0.0327 0.4177 0.1742 0.3105 0.0037
229 0.1136 0.1553 0.1349 0.1288 0.0181 0.4492
