time exciting_prob fearful_prob tense_prob sad_prob relaxing_prob neutral_prob
0 0.1136 0.1553 0.1349 0.1288 0.0181 0.4492
1 0.0814 0.7544 0.1406 0.0033 0.0201 0.0004
2 0.2847 0.5112 0.0848 0.0635 0.0552 0.0003
3 0.1881 0.4656 0.3054 0.0152 0.0239 0.0019
4 0.4104 0.2284 0.2649 0.0297 0.0625 0.0039
5 0.0706 0.3315 0.3877 0.1068 0.0928 0.0105
6 0.1350 0.2444 0.2124 0.0093 0.3845 0.0143
7 0.1812 0.3279 0.1598 0.0029 0.3254 0.0029
8 0.1279 0.3562 0.3674 0.0097 0.1384 0.0004
9 0.3381 0.2532 0.2983 0.0611 0.0351 0.0142
10 0.4968 0.1771 0.1650 0.0589 0.0970 0.0051
11 0.0872 0.6650 0.2228 0.0023 0.0217 0.0008
12 0.1025 0.5454 0.1885 0.1389 0.0170 0.0078
13 0.2590 0.4954 0.1262 0.0359 0.0771 0.0064
14 0.3333 0.2456 0.1755 0.1255 0.1090 0.0112
15 0.3337 0.0927 0.3062 0.0190 0.2461 0.0025
16 0.2566 0.1819 0.4004 0.0624 0.0966 0.0022
17 0.0763 0.6050 0.1051 0.0711 0.1415 0.0010
18 0.1453 0.3826 0.4138 0.0114 0.0446 0.0024
19 0.0871 0.1947 0.4783 0.0678 0.1666 0.0055
20 0.2507 0.2489 0.3916 0.0246 0.0702 0.0140
21 0.1490 0.1826 0.1914 0.3464 0.0312 0.0993
22 0.3628 0.0255 0.0848 0.2915 0.2271 0.0085
23 0.1777 0.2411 0.3882 0.1569 0.0345 0.0016
24 0.0756 0.2220 0.3181 0.1207 0.2556 0.0080
25 0.5684 0.2581 0.1278 0.0161 0.0290 0.0007
26 0.3000 0.3320 0.3269 0.0199 0.0186 0.0024
27 0.3066 0.3789 0.2141 0.0191 0.0782 0.0030
28 0.1968 0.2864 0.4468 0.0187 0.0385 0.0130
29 0.1251 0.1606 0.5879 0.0264 0.0681 0.0319
30 0.1011 0.1361 0.6914 0.0292 0.0264 0.0160
31 0.3020 0.4258 0.1980 0.0078 0.0653 0.0012
32 0.1285 0.1731 0.5630 0.0536 0.0811 0.0007
33 0.1876 0.1484 0.4502 0.1876 0.0207 0.0054
34 0.1401 0.1718 0.3901 0.2499 0.0477 0.0004
35 0.0640 0.2891 0.5483 0.0867 0.0109 0.0010
36 0.1519 0.4094 0.3613 0.0016 0.0746 0.0010
37 0.1178 0.5708 0.2717 0.0106 0.0261 0.0029
38 0.1719 0.4355 0.3367 0.0086 0.0424 0.0050
39 0.1835 0.2468 0.4985 0.0113 0.0538 0.0061
40 0.2954 0.1968 0.2954 0.0547 0.1428 0.0149
41 0.2219 0.6226 0.1305 0.0032 0.0216 0.0003
42 0.0547 0.5791 0.3352 0.0049 0.0255 0.0005
43 0.0393 0.2317 0.7134 0.0130 0.0018 0.0007
44 0.1105 0.3250 0.2612 0.1177 0.1781 0.0076
45 0.0817 0.5942 0.3083 0.0060 0.0089 0.0010
46 0.0574 0.2739 0.2100 0.4177 0.0197 0.0215
47 0.0612 0.5122 0.3926 0.0185 0.0129 0.0026
48 0.2059 0.4226 0.2815 0.0074 0.0794 0.0029
49 0.2329 0.5498 0.2024 0.0108 0.0038 0.0001
50 0.1252 0.2959 0.3149 0.1881 0.0697 0.0061
51 0.0735 0.1821 0.6406 0.0867 0.0162 0.0010
52 0.0420 0.2778 0.3740 0.2610 0.0423 0.0029
53 0.0578 0.5400 0.3889 0.0100 0.0025 0.0008
54 0.1426 0.2563 0.5342 0.0131 0.0384 0.0155
55 0.2466 0.1862 0.5098 0.0217 0.0258 0.0098
56 0.3049 0.1938 0.3948 0.0534 0.0340 0.0189
57 0.1674 0.0305 0.5840 0.1597 0.0494 0.0092
58 0.1121 0.4368 0.3945 0.0264 0.0286 0.0017
59 0.2018 0.4077 0.1674 0.0526 0.1584 0.0121
60 0.1018 0.3901 0.5010 0.0023 0.0045 0.0002
61 0.1292 0.4011 0.2734 0.1453 0.0494 0.0017
62 0.2759 0.4307 0.2493 0.0166 0.0211 0.0065
63 0.1156 0.3589 0.4866 0.0275 0.0098 0.0016
64 0.2020 0.1116 0.5938 0.0548 0.0123 0.0253
65 0.0667 0.1016 0.5576 0.2253 0.0320 0.0166
66 0.0386 0.1401 0.7061 0.0377 0.0732 0.0044
67 0.1159 0.0841 0.7100 0.0423 0.0457 0.0021
68 0.2323 0.3625 0.0698 0.0060 0.3276 0.0018
69 0.2097 0.5112 0.1214 0.0027 0.1547 0.0005
70 0.1166 0.1864 0.3708 0.3003 0.0208 0.0052
71 0.0806 0.3162 0.4937 0.0800 0.0294 0.0003
72 0.1619 0.5269 0.2820 0.0136 0.0143 0.0017
73 0.0934 0.2207 0.4636 0.1678 0.0352 0.0193
74 0.0208 0.8896 0.0874 0.0006 0.0017 0.0002
75 0.0754 0.7051 0.2019 0.0049 0.0110 0.0017
76 0.1246 0.0612 0.6899 0.0780 0.0424 0.0040
77 0.0848 0.3459 0.4512 0.0342 0.0797 0.0044
78 0.1631 0.2411 0.4199 0.0241 0.1509 0.0010
79 0.1991 0.4382 0.2898 0.0175 0.0523 0.0030
80 0.4524 0.3132 0.1744 0.0094 0.0469 0.0035
81 0.0888 0.3198 0.1213 0.0279 0.4370 0.0052
82 0.2189 0.1237 0.0756 0.0090 0.5723 0.0008
83 0.0569 0.3650 0.2888 0.2568 0.0237 0.0087
84 0.0331 0.7412 0.2157 0.0042 0.0033 0.0025
85 0.0694 0.2499 0.1731 0.3721 0.0652 0.0705
86 0.1503 0.3413 0.4314 0.0093 0.0662 0.0016
87 0.3027 0.3457 0.1559 0.1365 0.0556 0.0034
88 0.2432 0.5029 0.1429 0.0216 0.0873 0.0023
89 0.0092 0.5283 0.4590 0.0023 0.0008 0.0003
90 0.1350 0.5464 0.1948 0.0643 0.0572 0.0024
91 0.1597 0.3406 0.4373 0.0286 0.0317 0.0021
92 0.2211 0.3760 0.2817 0.0403 0.0776 0.0033
93 0.0795 0.3760 0.4194 0.0550 0.0619 0.0080
94 0.0656 0.3572 0.5532 0.0092 0.0132 0.0016
95 0.0489 0.2620 0.6484 0.0369 0.0016 0.0022
96 0.1637 0.2786 0.4314 0.0220 0.1001 0.0045
97 0.0582 0.7788 0.1418 0.0009 0.0201 0.0003
98 0.0499 0.8188 0.1276 0.0008 0.0029 0.0002
99 0.1449 0.4644 0.1721 0.0065 0.2109 0.0013
100 0.0483 0.5654 0.3796 0.0055 0.0010 0.0001
101 0.0942 0.5337 0.3394 0.0248 0.0070 0.0011
102 0.1465 0.3149 0.4766 0.0168 0.0440 0.0014
103 0.1908 0.3511 0.4368 0.0201 0.0011 0.0001
104 0.1141 0.4656 0.3740 0.0312 0.0101 0.0049
105 0.2549 0.4402 0.2690 0.0302 0.0053 0.0002
106 0.1720 0.2927 0.3938 0.1393 0.0019 0.0004
107 0.0734 0.3938 0.2446 0.2407 0.0288 0.0186
108 0.0969 0.1660 0.1794 0.5527 0.0019 0.0029
109 0.2974 0.4788 0.0845 0.1259 0.0088 0.0047
110 0.5610 0.1940 0.0429 0.0044 0.1954 0.0022
111 0.1902 0.2090 0.2520 0.3340 0.0137 0.0012
112 0.1606 0.3269 0.2668 0.2319 0.0122 0.0014
113 0.1785 0.5498 0.2439 0.0084 0.0190 0.0005
114 0.1974 0.4885 0.1433 0.0488 0.1188 0.0032
115 0.2886 0.1937 0.3049 0.0195 0.1923 0.0010
116 0.1390 0.2328 0.3838 0.2292 0.0127 0.0023
117 0.0859 0.2996 0.2484 0.3557 0.0080 0.0022
118 0.0208 0.4875 0.3513 0.1376 0.0024 0.0005
119 0.2751 0.4792 0.2046 0.0062 0.0342 0.0005
120 0.2859 0.3970 0.2108 0.0176 0.0879 0.0009
121 0.1722 0.5601 0.1567 0.0093 0.1005 0.0010
122 0.0327 0.8232 0.1431 0.0005 0.0004 0.0000
123 0.2576 0.6128 0.1016 0.0177 0.0101 0.0003
124 0.0375 0.3242 0.1670 0.4646 0.0035 0.0031
125 0.1881 0.4619 0.2891 0.0174 0.0404 0.0032
126 0.1511 0.1511 0.4241 0.2493 0.0230 0.0014
127 0.0575 0.1503 0.7002 0.0515 0.0151 0.0251
128 0.1109 0.4121 0.4421 0.0088 0.0255 0.0006
129 0.3093 0.1438 0.4678 0.0150 0.0501 0.0139
130 0.2939 0.3130 0.3660 0.0040 0.0151 0.0081
131 0.2368 0.5054 0.2090 0.0067 0.0328 0.0095
132 0.1148 0.5830 0.2450 0.0429 0.0103 0.0039
133 0.0150 0.7349 0.2385 0.0073 0.0037 0.0009
134 0.1957 0.1454 0.3831 0.2083 0.0322 0.0354
135 0.3350 0.2607 0.2910 0.0542 0.0212 0.0379
136 0.1951 0.4465 0.3118 0.0098 0.0323 0.0047
137 0.4167 0.1342 0.3677 0.0577 0.0147 0.0090
138 0.2028 0.4941 0.2998 0.0016 0.0009 0.0009
139 0.1541 0.4492 0.3582 0.0112 0.0212 0.0064
140 0.0950 0.6289 0.1803 0.0497 0.0442 0.0019
141 0.4709 0.1084 0.1349 0.1349 0.1288 0.0220
142 0.1753 0.3770 0.2147 0.1672 0.0491 0.0167
143 0.3274 0.2734 0.2375 0.0564 0.0960 0.0091
144 0.2078 0.1044 0.2976 0.2354 0.1044 0.0505
145 0.2905 0.3701 0.1165 0.1230 0.0752 0.0246
146 0.1650 0.3867 0.2830 0.1057 0.0383 0.0213
147 0.0274 0.1318 0.7769 0.0497 0.0080 0.0061
148 0.0494 0.1030 0.5923 0.2047 0.0309 0.0195
149 0.1112 0.2229 0.1696 0.0221 0.4719 0.0022
150 0.1614 0.2725 0.1425 0.0325 0.3901 0.0012
151 0.0781 0.1154 0.3286 0.4219 0.0405 0.0157
152 0.0981 0.1094 0.7363 0.0145 0.0262 0.0158
153 0.3757 0.2502 0.2124 0.0260 0.1320 0.0036
154 0.1718 0.1276 0.4893 0.1401 0.0641 0.0071
155 0.0699 0.7397 0.1526 0.0113 0.0253 0.0013
156 0.1824 0.1512 0.5664 0.0875 0.0083 0.0043
157 0.2717 0.1714 0.4517 0.0503 0.0519 0.0031
158 0.1871 0.3750 0.3308 0.0441 0.0584 0.0045
159 0.1451 0.3271 0.4797 0.0311 0.0125 0.0043
160 0.1853 0.1007 0.5156 0.1324 0.0578 0.0083
161 0.0195 0.1440 0.8032 0.0237 0.0071 0.0024
162 0.1040 0.7104 0.1702 0.0014 0.0133 0.0005
163 0.0616 0.1525 0.7505 0.0241 0.0107 0.0009
164 0.2290 0.5493 0.1729 0.0032 0.0451 0.0003
165 0.2810 0.2832 0.3931 0.0108 0.0318 0.0003
166 0.0403 0.1646 0.5742 0.2017 0.0046 0.0146
167 0.1910 0.5527 0.2434 0.0044 0.0067 0.0018
168 0.0298 0.2700 0.6787 0.0169 0.0033 0.0012
169 0.6865 0.1749 0.0624 0.0211 0.0521 0.0029
170 0.1873 0.5337 0.1902 0.0303 0.0580 0.0007
171 0.0278 0.8311 0.1400 0.0003 0.0006 0.0000
172 0.2524 0.3069 0.4160 0.0064 0.0121 0.0063
173 0.0940 0.1914 0.6274 0.0389 0.0401 0.0079
174 0.0327 0.0322 0.5356 0.2959 0.0159 0.0875
175 0.2759 0.2937 0.4080 0.0136 0.0045 0.0043
176 0.1653 0.2349 0.5459 0.0418 0.0084 0.0036
177 0.0625 0.2491 0.5439 0.1355 0.0051 0.0036
178 0.0970 0.3899 0.3037 0.0762 0.1316 0.0014
179 0.1136 0.0980 0.4028 0.3726 0.0099 0.0031
180 0.0867 0.7378 0.1633 0.0035 0.0084 0.0005
181 0.0444 0.6836 0.2400 0.0032 0.0282 0.0005
182 0.2029 0.2625 0.3560 0.0087 0.1682 0.0016
183 0.2576 0.2070 0.3257 0.1730 0.0205 0.0162
184 0.0331 0.6816 0.2546 0.0252 0.0016 0.0039
185 0.3335 0.2383 0.3635 0.0163 0.0444 0.0040
186 0.0958 0.2371 0.3818 0.2544 0.0121 0.0191
187 0.3340 0.4028 0.1238 0.0231 0.1042 0.0122
188 0.0490 0.0591 0.4363 0.4502 0.0035 0.0019
189 0.1876 0.2061 0.1605 0.3789 0.0537 0.0132
190 0.2363 0.3059 0.1990 0.1688 0.0804 0.0096
191 0.0262 0.0930 0.5786 0.2568 0.0324 0.0130
192 0.1109 0.2810 0.5127 0.0662 0.0182 0.0111
193 0.1627 0.1459 0.5859 0.0851 0.0139 0.0067
194 0.1317 0.2991 0.5415 0.0060 0.0196 0.0022
195 0.1335 0.7690 0.0849 0.0038 0.0082 0.0007
196 0.1742 0.4019 0.3279 0.0221 0.0732 0.0007
197 0.0511 0.6128 0.3179 0.0042 0.0137 0.0006
198 0.0433 0.3298 0.6069 0.0052 0.0137 0.0011
199 0.0117 0.1417 0.8418 0.0016 0.0032 0.0001
200 0.1038 0.3196 0.4436 0.1223 0.0033 0.0075
201 0.1931 0.6138 0.0428 0.1180 0.0298 0.0023
202 0.2524 0.4263 0.3071 0.0115 0.0020 0.0007
203 0.1969 0.6406 0.1510 0.0045 0.0060 0.0008
204 0.0856 0.7568 0.1501 0.0019 0.0051 0.0006
205 0.1830 0.0837 0.6001 0.1003 0.0274 0.0057
206 0.1085 0.3091 0.5137 0.0139 0.0054 0.0497
207 0.2004 0.5039 0.1741 0.0487 0.0693 0.0036
208 0.0597 0.4045 0.5195 0.0058 0.0018 0.0088
209 0.0950 0.6748 0.2225 0.0024 0.0027 0.0023
210 0.3093 0.2524 0.3423 0.0826 0.0113 0.0020
211 0.2235 0.2532 0.4307 0.0855 0.0047 0.0023
212 0.1671 0.2266 0.4070 0.1893 0.0069 0.0031
213 0.1139 0.0239 0.7783 0.0224 0.0406 0.0211
214 0.3315 0.0825 0.3474 0.2107 0.0215 0.0065
215 0.1136 0.1553 0.1349 0.1288 0.0181 0.4492
