time exciting_prob fearful_prob tense_prob sad_prob relaxing_prob neutral_prob
0 0.1136 0.1553 0.1349 0.1288 0.0181 0.4492
1 0.1131 0.2285 0.3887 0.1895 0.0486 0.0316
2 0.1299 0.1641 0.4192 0.2140 0.0623 0.0107
3 0.1484 0.1069 0.3733 0.1331 0.1394 0.0989
4 0.0527 0.6890 0.2362 0.0092 0.0034 0.0096
5 0.1226 0.0856 0.2515 0.3547 0.1000 0.0856
6 0.0315 0.0963 0.0557 0.0566 0.7573 0.0025
7 0.1083 0.3445 0.4421 0.0313 0.0705 0.0033
8 0.0844 0.0768 0.3135 0.4631 0.0165 0.0459
9 0.2100 0.2783 0.2573 0.0939 0.1366 0.0239
10 0.1760 0.1350 0.1003 0.3162 0.2313 0.0412
11 0.0593 0.1467 0.3010 0.3413 0.1025 0.0492
12 0.0741 0.1544 0.1281 0.3591 0.2754 0.0089
13 0.0924 0.0606 0.2512 0.4917 0.0656 0.0385
14 0.0524 0.0705 0.3208 0.3872 0.0289 0.1401
15 0.0686 0.2048 0.3376 0.2981 0.0730 0.0179
16 0.0864 0.0892 0.2207 0.4976 0.0333 0.0728
17 0.1470 0.1639 0.5210 0.1218 0.0377 0.0088
18 0.1595 0.3623 0.1223 0.1140 0.2164 0.0253
19 0.0631 0.1445 0.3308 0.3989 0.0205 0.0421
20 0.3130 0.2118 0.2986 0.0688 0.0933 0.0145
21 0.0697 0.0498 0.1595 0.0778 0.6309 0.0122
22 0.1830 0.2386 0.3638 0.1011 0.0745 0.0390
23 0.2729 0.1655 0.2815 0.1790 0.0820 0.0190
24 0.1897 0.1523 0.3079 0.0969 0.2361 0.0172
25 0.3977 0.1953 0.2979 0.0801 0.0180 0.0110
26 0.1403 0.1298 0.4746 0.1219 0.0627 0.0706
27 0.4653 0.1633 0.1071 0.1186 0.1030 0.0426
28 0.1843 0.3015 0.3811 0.0775 0.0366 0.0191
29 0.0144 0.0631 0.0289 0.0215 0.8711 0.0009
30 0.3835 0.2053 0.1179 0.0116 0.2698 0.0118
31 0.3508 0.1736 0.1877 0.0614 0.1670 0.0595
32 0.0936 0.4534 0.3699 0.0256 0.0432 0.0145
33 0.2622 0.1720 0.2542 0.2208 0.0585 0.0321
34 0.1235 0.3926 0.2101 0.0531 0.2168 0.0040
35 0.1255 0.1008 0.1661 0.5449 0.0365 0.0263
36 0.2773 0.2446 0.2563 0.0886 0.0542 0.0788
37 0.2583 0.3757 0.1259 0.1667 0.0541 0.0195
38 0.1361 0.2352 0.3477 0.1616 0.0996 0.0199
39 0.2275 0.1857 0.2659 0.0544 0.1731 0.0934
40 0.1538 0.1265 0.3748 0.0089 0.3308 0.0052
41 0.1063 0.3379 0.4619 0.0106 0.0725 0.0109
42 0.3669 0.2644 0.1051 0.0092 0.2444 0.0100
43 0.1886 0.2537 0.2311 0.1946 0.0496 0.0824
44 0.1575 0.2988 0.2153 0.1327 0.1189 0.0768
45 0.4026 0.1172 0.1058 0.0956 0.2620 0.0168
46 0.1683 0.1710 0.2954 0.1462 0.1332 0.0859
47 0.1137 0.4497 0.2686 0.0638 0.0950 0.0093
48 0.4297 0.1863 0.1683 0.0299 0.1764 0.0093
49 0.0937 0.1937 0.3401 0.3000 0.0429 0.0295
50 0.3428 0.0959 0.4199 0.0233 0.1037 0.0145
51 0.0530 0.2375 0.3857 0.1006 0.1685 0.0547
52 0.0571 0.1874 0.1903 0.0711 0.4636 0.0303
53 0.0471 0.0975 0.0887 0.1071 0.5786 0.0808
54 0.1559 0.1333 0.4172 0.2097 0.0370 0.0468
55 0.1777 0.2144 0.3374 0.0155 0.2507 0.0044
56 0.4805 0.2034 0.0895 0.0209 0.1896 0.0162
57 0.4607 0.2317 0.2485 0.0364 0.0126 0.0099
58 0.3840 0.0642 0.1516 0.0233 0.3665 0.0103
59 0.3416 0.1758 0.0970 0.0085 0.3750 0.0023
60 0.2101 0.2554 0.3833 0.0182 0.1284 0.0046
61 0.4490 0.1306 0.0511 0.0191 0.3311 0.0191
62 0.3154 0.1284 0.1305 0.0969 0.3154 0.0134
63 0.0567 0.0728 0.1361 0.5137 0.1919 0.0290
64 0.1359 0.2520 0.2559 0.0524 0.2810 0.0231
65 0.3132 0.4348 0.1033 0.0710 0.0462 0.0317
66 0.2230 0.4399 0.0747 0.0937 0.0814 0.0873
67 0.0679 0.7188 0.1191 0.0585 0.0264 0.0094
68 0.2544 0.0997 0.2930 0.0387 0.0475 0.2666
69 0.2300 0.4399 0.0997 0.0068 0.2195 0.0042
70 0.3281 0.3057 0.0856 0.0178 0.2515 0.0113
71 0.2805 0.3130 0.2053 0.1226 0.0351 0.0434
72 0.1519 0.3757 0.3066 0.0104 0.1542 0.0011
73 0.2094 0.2952 0.2732 0.0951 0.0801 0.0471
74 0.1890 0.3215 0.3423 0.0381 0.1060 0.0032
75 0.1787 0.5171 0.2041 0.0262 0.0390 0.0347
76 0.0224 0.0221 0.0201 0.0029 0.9312 0.0015
77 0.0379 0.0426 0.0140 0.0461 0.8555 0.0042
78 0.0726 0.6221 0.2084 0.0382 0.0565 0.0024
79 0.3354 0.4309 0.1160 0.0527 0.0356 0.0293
80 0.2761 0.3545 0.1958 0.0404 0.1098 0.0234
81 0.1085 0.2123 0.4495 0.1505 0.0638 0.0154
82 0.1035 0.0668 0.1229 0.4287 0.2025 0.0757
83 0.4382 0.3467 0.0626 0.0544 0.0856 0.0124
84 0.3948 0.1570 0.1332 0.0233 0.2432 0.0486
85 0.0309 0.0848 0.0351 0.0312 0.8169 0.0013
86 0.0798 0.0977 0.0519 0.0124 0.7568 0.0013
87 0.0697 0.0635 0.0731 0.0275 0.7612 0.0050
88 0.3171 0.2450 0.1312 0.0319 0.2450 0.0297
89 0.2913 0.1571 0.3052 0.0681 0.1420 0.0362
90 0.2969 0.1678 0.3933 0.0618 0.0632 0.0168
91 0.1622 0.2437 0.4622 0.0359 0.0882 0.0077
92 0.3423 0.4260 0.1310 0.0350 0.0497 0.0161
93 0.2224 0.4387 0.1100 0.1328 0.0512 0.0448
94 0.2097 0.5273 0.0902 0.0277 0.0790 0.0660
95 0.1069 0.1997 0.3450 0.2334 0.1004 0.0146
96 0.2058 0.3787 0.1288 0.1288 0.0679 0.0900
97 0.2327 0.5005 0.1538 0.0167 0.0698 0.0267
98 0.1205 0.7681 0.0749 0.0147 0.0210 0.0009
99 0.0969 0.5801 0.2739 0.0228 0.0208 0.0054
100 0.1654 0.1654 0.0638 0.0668 0.3557 0.1831
101 0.0891 0.2969 0.5376 0.0366 0.0199 0.0201
102 0.0895 0.7261 0.0759 0.0297 0.0482 0.0307
103 0.1327 0.1759 0.3184 0.1678 0.0524 0.1528
104 0.1137 0.1628 0.3906 0.1733 0.1229 0.0363
105 0.0591 0.0425 0.0901 0.0394 0.7544 0.0146
106 0.0852 0.5059 0.3938 0.0050 0.0088 0.0013
107 0.2206 0.2578 0.3416 0.1126 0.0392 0.0283
108 0.1167 0.2048 0.2844 0.2712 0.0778 0.0450
109 0.0707 0.4949 0.3564 0.0367 0.0319 0.0093
110 0.1175 0.3347 0.3320 0.1362 0.0400 0.0396
111 0.1290 0.3269 0.1709 0.0370 0.3320 0.0045
112 0.1000 0.1133 0.4143 0.0984 0.1263 0.1477
113 0.4065 0.2228 0.0542 0.0183 0.2859 0.0124
114 0.2651 0.1072 0.1398 0.0760 0.3655 0.0464
115 0.0391 0.2357 0.0881 0.0129 0.6211 0.0030
116 0.0392 0.7695 0.1771 0.0052 0.0083 0.0007
117 0.1898 0.3384 0.2761 0.0291 0.1561 0.0102
118 0.0933 0.2637 0.1456 0.1991 0.2942 0.0039
119 0.1930 0.2222 0.1041 0.1552 0.3184 0.0073
120 0.1403 0.0637 0.0424 0.0352 0.7119 0.0064
121 0.1519 0.1860 0.3757 0.0900 0.0674 0.1289
122 0.0626 0.3494 0.1650 0.0320 0.3838 0.0071
123 0.3193 0.1362 0.2195 0.0936 0.2062 0.0252
124 0.2524 0.2192 0.3423 0.0914 0.0813 0.0135
125 0.3130 0.0721 0.4553 0.0732 0.0767 0.0096
126 0.1627 0.2295 0.2258 0.0402 0.3391 0.0027
127 0.1840 0.3279 0.1990 0.1099 0.1455 0.0338
128 0.1562 0.0876 0.2534 0.2496 0.0993 0.1538
129 0.0454 0.3254 0.1688 0.3804 0.0682 0.0118
130 0.4939 0.0845 0.1219 0.1249 0.1437 0.0311
131 0.4199 0.1053 0.1406 0.1724 0.1406 0.0209
132 0.0662 0.2876 0.0970 0.0395 0.5044 0.0051
133 0.2168 0.3865 0.1797 0.0083 0.2004 0.0085
134 0.1694 0.3369 0.2352 0.1052 0.1299 0.0233
135 0.2394 0.3706 0.2629 0.0099 0.1078 0.0094
136 0.0828 0.3430 0.0991 0.0367 0.4338 0.0045
137 0.1470 0.3723 0.2312 0.1843 0.0287 0.0366
138 0.3430 0.2214 0.1533 0.0702 0.1969 0.0152
139 0.3042 0.2157 0.1459 0.0301 0.2971 0.0070
140 0.0741 0.3591 0.2976 0.2046 0.0582 0.0064
141 0.1108 0.1945 0.3108 0.2203 0.0236 0.1400
142 0.0553 0.3960 0.4702 0.0341 0.0244 0.0200
143 0.0298 0.0492 0.0762 0.0632 0.7461 0.0354
144 0.1119 0.2900 0.5420 0.0083 0.0372 0.0106
145 0.0491 0.0522 0.1334 0.6265 0.0640 0.0748
146 0.3730 0.2859 0.0336 0.0384 0.2603 0.0088
147 0.0342 0.0691 0.0300 0.0332 0.8291 0.0047
148 0.4312 0.2151 0.0904 0.0181 0.2438 0.0014
149 0.1392 0.4673 0.2242 0.0210 0.0920 0.0562
150 0.2218 0.2117 0.3772 0.0709 0.0903 0.0282
151 0.2192 0.3586 0.3215 0.0415 0.0572 0.0020
152 0.2048 0.1333 0.2549 0.0654 0.2285 0.1131
153 0.2261 0.2333 0.3787 0.0237 0.1268 0.0115
154 0.1278 0.0995 0.0775 0.3162 0.0372 0.3418
