time exciting_prob fearful_prob tense_prob sad_prob relaxing_prob neutral_prob
0 0.1750 0.0385 0.4333 0.2932 0.0457 0.0144
1 0.6914 0.0051 0.0326 0.1449 0.1165 0.0095
2 0.8721 0.0058 0.0150 0.0528 0.0492 0.0049
3 0.4753 0.0103 0.0820 0.3423 0.0865 0.0034
4 0.5762 0.0074 0.0677 0.2764 0.0699 0.0022
5 0.2893 0.0058 0.1188 0.4624 0.1099 0.0137
6 0.4636 0.0372 0.2349 0.0739 0.1902 0.0002
7 0.2563 0.0252 0.3760 0.1936 0.1472 0.0014
8 0.1897 0.1283 0.4998 0.1324 0.0052 0.0447
9 0.4004 0.0846 0.3218 0.1520 0.0122 0.0290
10 0.4973 0.0825 0.2462 0.1328 0.0159 0.0253
11 0.3689 0.0561 0.2874 0.2537 0.0197 0.0144
12 0.3606 0.1189 0.2598 0.2328 0.0131 0.0149
13 0.0954 0.1254 0.3804 0.2871 0.0592 0.0527
14 0.0990 0.2112 0.3455 0.3096 0.0316 0.0031
15 0.1302 0.0681 0.4238 0.3054 0.0464 0.0259
16 0.7583 0.0594 0.1238 0.0411 0.0147 0.0029
17 0.4924 0.0519 0.2827 0.1073 0.0392 0.0265
18 0.1989 0.3152 0.3743 0.1000 0.0090 0.0025
19 0.0505 0.0551 0.1805 0.6602 0.0358 0.0177
20 0.4019 0.0305 0.3154 0.2219 0.0151 0.0152
21 0.7856 0.0302 0.0714 0.0909 0.0138 0.0079
22 0.1364 0.0847 0.3677 0.3591 0.0429 0.0093
23 0.0581 0.1904 0.3394 0.3140 0.0623 0.0358
24 0.0555 0.1046 0.7144 0.1087 0.0084 0.0085
25 0.0255 0.0932 0.4661 0.3987 0.0039 0.0129
26 0.2979 0.1646 0.2864 0.1969 0.0498 0.0045
27 0.2498 0.0276 0.3809 0.2942 0.0296 0.0179
28 0.5391 0.0432 0.1805 0.2046 0.0286 0.0038
29 0.4321 0.0338 0.3113 0.1979 0.0054 0.0196
30 0.5679 0.1135 0.2155 0.0562 0.0276 0.0196
31 0.2725 0.0780 0.2922 0.3015 0.0083 0.0477
32 0.3547 0.0811 0.3494 0.1990 0.0138 0.0022
33 0.2250 0.1071 0.4138 0.2321 0.0188 0.0034
34 0.6943 0.0798 0.1729 0.0410 0.0062 0.0058
35 0.2339 0.1158 0.2451 0.3049 0.0327 0.0675
36 0.6992 0.0797 0.1647 0.0261 0.0239 0.0066
37 0.5498 0.0721 0.1041 0.2637 0.0091 0.0011
38 0.3533 0.0513 0.4065 0.1643 0.0226 0.0020
39 0.0820 0.3220 0.5308 0.0547 0.0058 0.0046
40 0.1333 0.1376 0.3799 0.3149 0.0172 0.0172
41 0.1159 0.0499 0.3921 0.4241 0.0064 0.0116
42 0.1716 0.0830 0.1423 0.4968 0.0641 0.0421
43 0.0845 0.1174 0.4941 0.2859 0.0059 0.0122
44 0.2113 0.3765 0.2979 0.0867 0.0212 0.0063
45 0.0965 0.2427 0.3477 0.2927 0.0150 0.0056
46 0.6821 0.0840 0.1865 0.0337 0.0091 0.0045
47 0.4077 0.2183 0.2083 0.1377 0.0230 0.0051
48 0.1423 0.1091 0.4119 0.3157 0.0118 0.0093
49 0.0953 0.0984 0.4480 0.3381 0.0076 0.0126
50 0.5806 0.0863 0.1771 0.1189 0.0315 0.0056
51 0.4233 0.1969 0.2649 0.0847 0.0203 0.0098
52 0.1097 0.0295 0.7153 0.1387 0.0011 0.0056
53 0.1077 0.0166 0.2352 0.6294 0.0021 0.0089
54 0.2290 0.0269 0.4517 0.2761 0.0045 0.0117
55 0.0339 0.0576 0.8467 0.0590 0.0011 0.0015
56 0.4419 0.1171 0.2852 0.0774 0.0519 0.0265
57 0.6484 0.0520 0.1237 0.1436 0.0222 0.0102
58 0.6440 0.0723 0.1517 0.1043 0.0193 0.0083
59 0.4478 0.0295 0.2891 0.2018 0.0185 0.0134
60 0.4104 0.1006 0.3794 0.0610 0.0385 0.0101
61 0.2864 0.1683 0.4722 0.0379 0.0248 0.0104
62 0.3301 0.1055 0.1794 0.3740 0.0067 0.0046
63 0.2419 0.0408 0.1125 0.5898 0.0106 0.0044
64 0.0612 0.2808 0.5005 0.1348 0.0092 0.0133
65 0.5020 0.0586 0.2485 0.1279 0.0546 0.0082
66 0.3262 0.1815 0.4187 0.0657 0.0040 0.0041
67 0.0829 0.1356 0.7334 0.0389 0.0070 0.0022
68 0.1210 0.1775 0.5640 0.1289 0.0023 0.0061
69 0.3137 0.0390 0.2058 0.4224 0.0079 0.0113
70 0.2627 0.0509 0.3645 0.3069 0.0070 0.0079
71 0.0397 0.0720 0.6724 0.2115 0.0023 0.0022
72 0.5405 0.3032 0.1367 0.0108 0.0076 0.0012
73 0.0750 0.1337 0.3359 0.4116 0.0274 0.0166
74 0.1526 0.0918 0.2400 0.4773 0.0215 0.0170
75 0.0627 0.2225 0.5015 0.1788 0.0095 0.0250
76 0.3167 0.0852 0.4753 0.0989 0.0226 0.0012
77 0.1251 0.1395 0.5781 0.1212 0.0037 0.0321
78 0.0836 0.1432 0.6318 0.1151 0.0057 0.0206
79 0.2708 0.0347 0.2544 0.3699 0.0113 0.0590
80 0.0883 0.4277 0.3491 0.1226 0.0050 0.0072
81 0.0739 0.1564 0.5049 0.2422 0.0049 0.0178
82 0.2095 0.0887 0.4006 0.0691 0.2162 0.0159
83 0.3235 0.0270 0.1627 0.4287 0.0129 0.0452
84 0.1821 0.0486 0.2607 0.4873 0.0200 0.0012
85 0.1720 0.0769 0.3999 0.3315 0.0149 0.0046
86 0.1443 0.0785 0.2915 0.4731 0.0085 0.0040
87 0.3936 0.0663 0.3213 0.1774 0.0306 0.0111
88 0.1934 0.0405 0.1707 0.5508 0.0384 0.0063
89 0.1311 0.0367 0.3245 0.4470 0.0510 0.0095
90 0.3311 0.1504 0.3694 0.1317 0.0149 0.0024
91 0.5239 0.0682 0.3411 0.0386 0.0236 0.0045
92 0.2710 0.2000 0.2690 0.2230 0.0207 0.0163
93 0.2988 0.2135 0.4248 0.0223 0.0404 0.0002
94 0.3047 0.0600 0.2128 0.4165 0.0055 0.0004
95 0.0567 0.0467 0.0865 0.8081 0.0014 0.0006
96 0.1978 0.1035 0.1287 0.5679 0.0015 0.0006
97 0.0510 0.0518 0.0660 0.8301 0.0003 0.0007
98 0.1626 0.2422 0.4705 0.0799 0.0421 0.0028
99 0.1832 0.0643 0.4536 0.2861 0.0119 0.0010
100 0.1411 0.1676 0.4924 0.1914 0.0073 0.0003
101 0.0416 0.0216 0.0400 0.8955 0.0006 0.0006
102 0.1804 0.3093 0.3674 0.1156 0.0226 0.0046
103 0.0062 0.0123 0.1132 0.8623 0.0003 0.0055
104 0.0956 0.0905 0.7515 0.0477 0.0111 0.0036
105 0.3049 0.1835 0.3677 0.1148 0.0221 0.0072
106 0.3040 0.3088 0.1528 0.0942 0.1381 0.0019
107 0.2544 0.0958 0.3215 0.3167 0.0072 0.0047
108 0.0798 0.0844 0.5288 0.2876 0.0142 0.0053
109 0.0472 0.0828 0.3599 0.4995 0.0058 0.0049
110 0.1021 0.0381 0.2688 0.5605 0.0121 0.0186
111 0.0949 0.4155 0.3289 0.0734 0.0844 0.0029
112 0.1959 0.0786 0.4021 0.3083 0.0098 0.0053
113 0.5542 0.0891 0.2700 0.0798 0.0064 0.0003
114 0.3069 0.0634 0.1776 0.3940 0.0533 0.0047
115 0.0311 0.0659 0.2688 0.6152 0.0141 0.0052
116 0.0574 0.0156 0.0809 0.8301 0.0110 0.0048
117 0.0240 0.0037 0.0813 0.8882 0.0017 0.0012
118 0.5957 0.0452 0.1720 0.1641 0.0166 0.0065
119 0.0988 0.0117 0.3560 0.5176 0.0023 0.0136
120 0.1012 0.0117 0.3044 0.5781 0.0021 0.0025
121 0.0311 0.1279 0.2605 0.5688 0.0100 0.0015
122 0.0591 0.0457 0.4653 0.3979 0.0157 0.0162
123 0.3074 0.1924 0.1582 0.3223 0.0155 0.0042
124 0.4680 0.0664 0.3372 0.0922 0.0334 0.0028
125 0.5366 0.0377 0.2186 0.1716 0.0170 0.0184
126 0.4675 0.0679 0.2208 0.2026 0.0201 0.0210
127 0.0980 0.1482 0.2057 0.5420 0.0023 0.0038
128 0.1235 0.2084 0.2437 0.4048 0.0123 0.0072
129 0.2725 0.1932 0.3726 0.0711 0.0884 0.0023
130 0.3271 0.2284 0.2112 0.1953 0.0248 0.0132
131 0.2278 0.1019 0.2207 0.4255 0.0213 0.0029
132 0.2510 0.2180 0.2113 0.3052 0.0061 0.0083
133 0.2676 0.1073 0.2184 0.3894 0.0070 0.0103
134 0.3816 0.1382 0.3530 0.1173 0.0085 0.0013
135 0.1245 0.0773 0.5493 0.2118 0.0150 0.0220
136 0.0384 0.0872 0.3042 0.5508 0.0054 0.0143
137 0.1085 0.0331 0.1995 0.6240 0.0062 0.0285
138 0.6748 0.0695 0.1888 0.0463 0.0111 0.0096
139 0.3562 0.1021 0.4006 0.1175 0.0226 0.0009
140 0.0963 0.0683 0.5044 0.3108 0.0143 0.0057
141 0.2722 0.1625 0.2054 0.2764 0.0278 0.0557
142 0.5454 0.0912 0.1117 0.1799 0.0584 0.0132
143 0.1152 0.1855 0.2363 0.3633 0.0570 0.0427
144 0.0444 0.0743 0.7627 0.1152 0.0026 0.0007
145 0.0698 0.0579 0.6030 0.2554 0.0088 0.0051
146 0.0864 0.1109 0.3015 0.4456 0.0199 0.0360
147 0.0537 0.0914 0.3396 0.4863 0.0085 0.0204
148 0.0318 0.0318 0.0653 0.8599 0.0047 0.0063
149 0.0240 0.0139 0.0598 0.8916 0.0036 0.0071
150 0.4841 0.0803 0.2695 0.0714 0.0931 0.0017
151 0.6211 0.0587 0.1498 0.0860 0.0753 0.0094
152 0.6377 0.0527 0.2021 0.0646 0.0380 0.0049
153 0.1469 0.0733 0.3062 0.4385 0.0112 0.0240
154 0.1083 0.0488 0.4089 0.3962 0.0308 0.0069
155 0.0933 0.0338 0.4888 0.3689 0.0109 0.0044
156 0.1998 0.0381 0.1876 0.5347 0.0370 0.0028
157 0.5859 0.0222 0.2482 0.1219 0.0095 0.0124
158 0.5781 0.2211 0.1439 0.0319 0.0198 0.0054
159 0.0946 0.0910 0.7617 0.0365 0.0154 0.0005
160 0.1785 0.0602 0.3359 0.3928 0.0140 0.0187
161 0.1716 0.0496 0.4216 0.3232 0.0138 0.0202
162 0.7798 0.0498 0.0909 0.0370 0.0397 0.0027
163 0.5386 0.1036 0.1776 0.1331 0.0221 0.0248
164 0.2217 0.0552 0.1304 0.5234 0.0620 0.0071
165 0.1815 0.0418 0.2664 0.4897 0.0077 0.0129
166 0.6123 0.0917 0.1882 0.0465 0.0592 0.0018
167 0.1831 0.1964 0.3787 0.1949 0.0334 0.0135
168 0.2563 0.1542 0.2141 0.3213 0.0285 0.0256
169 0.5312 0.1343 0.2197 0.0840 0.0237 0.0070
170 0.0421 0.0712 0.4324 0.4392 0.0067 0.0082
171 0.0865 0.0935 0.4126 0.3699 0.0102 0.0274
172 0.0584 0.0823 0.3359 0.5044 0.0045 0.0143
173 0.4126 0.1011 0.4062 0.0467 0.0276 0.0057
174 0.5830 0.1375 0.1737 0.0605 0.0400 0.0055
175 0.0301 0.2008 0.6582 0.0919 0.0018 0.0170
176 0.0988 0.1904 0.3447 0.3447 0.0154 0.0059
177 0.1489 0.0570 0.2101 0.5532 0.0124 0.0182
178 0.1385 0.0625 0.4404 0.3274 0.0203 0.0109
179 0.1097 0.1204 0.4011 0.3325 0.0260 0.0101
180 0.1582 0.1223 0.5068 0.2000 0.0094 0.0036
181 0.1161 0.1025 0.6475 0.1198 0.0099 0.0042
182 0.0318 0.0396 0.3472 0.5723 0.0037 0.0056
183 0.1063 0.3740 0.2983 0.1824 0.0058 0.0332
184 0.1035 0.1860 0.2028 0.4463 0.0226 0.0390
185 0.0295 0.0916 0.5522 0.3196 0.0019 0.0055
186 0.2163 0.1122 0.4302 0.1851 0.0304 0.0258
187 0.0644 0.2178 0.6709 0.0400 0.0052 0.0017
188 0.1176 0.0644 0.3677 0.4299 0.0158 0.0045
189 0.3613 0.1044 0.4094 0.1019 0.0219 0.0010
190 0.5137 0.0729 0.2605 0.1165 0.0119 0.0244
191 0.3352 0.1293 0.2034 0.2935 0.0233 0.0153
192 0.1296 0.1002 0.3694 0.3872 0.0047 0.0088
193 0.1625 0.1490 0.3206 0.3494 0.0083 0.0101
194 0.0659 0.0474 0.0701 0.8022 0.0013 0.0130
195 0.3359 0.1785 0.2039 0.2310 0.0343 0.0165
196 0.0631 0.0191 0.0856 0.8184 0.0015 0.0122
197 0.4790 0.1383 0.3022 0.0586 0.0106 0.0113
198 0.4761 0.2549 0.1969 0.0457 0.0226 0.0041
199 0.2207 0.0272 0.1349 0.5952 0.0085 0.0133
200 0.1048 0.2134 0.5361 0.1399 0.0037 0.0019
201 0.1045 0.1113 0.3677 0.4102 0.0026 0.0037
202 0.0490 0.0347 0.3853 0.5103 0.0032 0.0175
203 0.0335 0.0411 0.2186 0.6841 0.0026 0.0202
204 0.1165 0.1735 0.3970 0.2859 0.0189 0.0081
205 0.1132 0.1837 0.5400 0.1454 0.0118 0.0060
206 0.1520 0.0329 0.5430 0.2446 0.0207 0.0070
207 0.0635 0.1548 0.4766 0.2937 0.0016 0.0100
208 0.0825 0.0481 0.3638 0.4819 0.0111 0.0126
209 0.0718 0.0908 0.3562 0.4646 0.0030 0.0134
210 0.4023 0.0612 0.4419 0.0739 0.0097 0.0110
211 0.0665 0.0180 0.0691 0.8354 0.0054 0.0058
212 0.2500 0.1228 0.4856 0.1307 0.0082 0.0028
213 0.0477 0.3933 0.4597 0.0912 0.0035 0.0045
214 0.0254 0.2712 0.5063 0.1835 0.0105 0.0029
215 0.0458 0.3083 0.3494 0.2852 0.0060 0.0054
216 0.0342 0.0542 0.2249 0.6816 0.0019 0.0030
217 0.1183 0.2448 0.3562 0.2448 0.0326 0.0034
218 0.0487 0.0433 0.0708 0.8296 0.0020 0.0056
219 0.1122 0.0154 0.0322 0.8291 0.0050 0.0059
220 0.3103 0.1366 0.3381 0.1987 0.0156 0.0009
221 0.3999 0.1802 0.1874 0.2123 0.0187 0.0016
222 0.3201 0.0427 0.1796 0.4409 0.0112 0.0054
223 0.3059 0.0636 0.1456 0.4702 0.0098 0.0049
224 0.7617 0.0153 0.0939 0.1159 0.0094 0.0035
225 0.8677 0.0118 0.0513 0.0568 0.0101 0.0021
226 0.0728 0.0106 0.1256 0.7817 0.0022 0.0069
