time exciting_prob fearful_prob tense_prob sad_prob relaxing_prob neutral_prob
0 0.1136 0.1553 0.1349 0.1288 0.0181 0.4492
1 0.4321 0.2462 0.0995 0.0979 0.1026 0.0217
2 0.2764 0.1757 0.1676 0.2637 0.0688 0.0480
3 0.4563 0.2947 0.1218 0.0694 0.0496 0.0083
4 0.3445 0.2368 0.1641 0.1932 0.0393 0.0220
5 0.1180 0.2830 0.5044 0.0580 0.0298 0.0067
6 0.0687 0.1049 0.6030 0.1346 0.0487 0.0398
7 0.0411 0.2327 0.6226 0.0710 0.0185 0.0140
8 0.0500 0.5132 0.1978 0.1200 0.1093 0.0099
9 0.1321 0.1166 0.4907 0.1982 0.0115 0.0509
10 0.0992 0.2612 0.4658 0.1315 0.0325 0.0097
11 0.1401 0.1857 0.4453 0.1492 0.0325 0.0473
12 0.0693 0.2236 0.4517 0.2068 0.0089 0.0398
13 0.0775 0.1415 0.7129 0.0238 0.0287 0.0159
14 0.0785 0.1225 0.5200 0.1160 0.0454 0.1178
15 0.1422 0.2006 0.1611 0.3357 0.0462 0.1143
16 0.0448 0.4741 0.3416 0.0762 0.0108 0.0524
17 0.1136 0.0745 0.1287 0.4219 0.0459 0.2155
18 0.0763 0.1371 0.6694 0.0831 0.0252 0.0089
19 0.1077 0.2484 0.5469 0.0215 0.0740 0.0013
20 0.2087 0.0870 0.4351 0.1946 0.0657 0.0090
21 0.0656 0.1599 0.7056 0.0480 0.0067 0.0144
22 0.0951 0.1260 0.1776 0.4465 0.0852 0.0696
23 0.1783 0.3633 0.2477 0.0298 0.1411 0.0398
24 0.2029 0.3533 0.2410 0.0387 0.1581 0.0059
25 0.1361 0.5176 0.2316 0.0334 0.0740 0.0073
26 0.2825 0.1477 0.1741 0.0578 0.0129 0.3252
27 0.5078 0.2253 0.1549 0.0527 0.0120 0.0472
28 0.2874 0.2783 0.2942 0.0284 0.0156 0.0962
29 0.0462 0.1514 0.5078 0.1133 0.0082 0.1729
30 0.4883 0.1064 0.0954 0.0503 0.1313 0.1283
31 0.0699 0.1870 0.3721 0.2808 0.0154 0.0750
32 0.2871 0.2893 0.2004 0.0315 0.1649 0.0267
33 0.1576 0.1917 0.5249 0.0485 0.0575 0.0197
34 0.1847 0.2729 0.2952 0.0690 0.0240 0.1543
35 0.1976 0.1677 0.3840 0.0941 0.0240 0.1327
36 0.0458 0.2054 0.5942 0.1033 0.0098 0.0414
37 0.0165 0.2744 0.5459 0.1317 0.0090 0.0227
38 0.0960 0.4106 0.3918 0.0560 0.0162 0.0293
39 0.0994 0.3059 0.5005 0.0242 0.0285 0.0414
40 0.0805 0.4055 0.3694 0.0705 0.0414 0.0328
41 0.1621 0.0596 0.5317 0.1293 0.0198 0.0976
42 0.1129 0.2192 0.6147 0.0198 0.0250 0.0082
43 0.1124 0.2437 0.5405 0.0211 0.0732 0.0089
44 0.1487 0.3223 0.2163 0.1440 0.1545 0.0143
45 0.2245 0.3423 0.2390 0.0533 0.1004 0.0406
46 0.1057 0.3865 0.1378 0.0677 0.2534 0.0488
47 0.0977 0.5000 0.2805 0.0312 0.0779 0.0124
48 0.3782 0.1992 0.3135 0.0452 0.0246 0.0396
49 0.4167 0.1606 0.2712 0.0379 0.0639 0.0498
50 0.1339 0.2600 0.4783 0.0296 0.0323 0.0657
51 0.0989 0.4036 0.3879 0.0764 0.0093 0.0239
52 0.1666 0.1528 0.5771 0.0722 0.0299 0.0015
53 0.0613 0.1846 0.6245 0.0886 0.0369 0.0042
54 0.1237 0.0941 0.5767 0.1381 0.0424 0.0249
55 0.1697 0.1045 0.6255 0.0464 0.0521 0.0021
56 0.2184 0.4697 0.2253 0.0120 0.0646 0.0101
57 0.1969 0.4688 0.1429 0.0808 0.0959 0.0147
58 0.0540 0.5991 0.2700 0.0593 0.0087 0.0087
59 0.0591 0.3533 0.3167 0.0577 0.1951 0.0181
60 0.0854 0.4043 0.4727 0.0089 0.0100 0.0189
61 0.2147 0.4075 0.2322 0.0340 0.0502 0.0615
62 0.2917 0.3464 0.1663 0.0540 0.0300 0.1116
63 0.1196 0.5078 0.2825 0.0548 0.0094 0.0259
64 0.1500 0.1853 0.4731 0.1089 0.0049 0.0778
65 0.1572 0.1313 0.2803 0.2288 0.0376 0.1648
66 0.1231 0.1982 0.6206 0.0074 0.0450 0.0058
67 0.1069 0.1450 0.3645 0.2335 0.0075 0.1427
68 0.0503 0.1366 0.7271 0.0289 0.0322 0.0249
69 0.0380 0.1285 0.6035 0.0869 0.0042 0.1389
70 0.0973 0.4429 0.2905 0.0921 0.0352 0.0418
71 0.0795 0.1682 0.2372 0.3850 0.0326 0.0974
72 0.1794 0.2651 0.4204 0.0334 0.0334 0.0681
73 0.2031 0.3621 0.1953 0.1054 0.0319 0.1021
74 0.2712 0.2798 0.2146 0.0814 0.0952 0.0577
75 0.0853 0.4231 0.3562 0.0908 0.0033 0.0412
76 0.1011 0.0787 0.6592 0.0452 0.0236 0.0920
77 0.1661 0.1912 0.3008 0.1622 0.0430 0.1366
78 0.4563 0.2620 0.0728 0.0259 0.1050 0.0781
79 0.1957 0.1700 0.4548 0.0465 0.0999 0.0330
80 0.2140 0.1448 0.5093 0.0723 0.0512 0.0082
81 0.1169 0.5195 0.3008 0.0192 0.0236 0.0198
82 0.2910 0.2798 0.3171 0.0419 0.0654 0.0049
83 0.1252 0.4077 0.3625 0.0417 0.0064 0.0565
84 0.1593 0.1342 0.5688 0.0471 0.0853 0.0053
85 0.1599 0.2554 0.5449 0.0081 0.0230 0.0085
86 0.1401 0.1401 0.6279 0.0357 0.0466 0.0095
87 0.2209 0.2262 0.3342 0.1340 0.0381 0.0467
88 0.2776 0.1194 0.2910 0.2302 0.0620 0.0198
89 0.0755 0.0651 0.3035 0.3179 0.0263 0.2118
90 0.1610 0.4622 0.2717 0.0205 0.0062 0.0784
91 0.2341 0.1442 0.2981 0.2002 0.1063 0.0170
92 0.1434 0.1743 0.4812 0.1757 0.0112 0.0141
93 0.1070 0.3677 0.4646 0.0171 0.0189 0.0248
94 0.0636 0.0579 0.5039 0.1040 0.0091 0.2615
95 0.4485 0.2615 0.2169 0.0259 0.0371 0.0101
96 0.2117 0.3601 0.2849 0.0671 0.0437 0.0327
97 0.0870 0.5327 0.3232 0.0448 0.0113 0.0009
98 0.2133 0.5708 0.1810 0.0151 0.0188 0.0010
99 0.1727 0.1838 0.6030 0.0149 0.0237 0.0018
100 0.1680 0.3140 0.4712 0.0242 0.0198 0.0028
101 0.0873 0.1710 0.6816 0.0471 0.0108 0.0018
102 0.0764 0.3789 0.4941 0.0306 0.0164 0.0034
103 0.1697 0.3916 0.3621 0.0211 0.0078 0.0479
104 0.2454 0.2166 0.4512 0.0261 0.0426 0.0182
105 0.1562 0.2720 0.4521 0.0941 0.0132 0.0123
106 0.1520 0.2281 0.2605 0.1952 0.0493 0.1147
107 0.3796 0.2197 0.3652 0.0130 0.0143 0.0081
108 0.1815 0.2190 0.3696 0.1772 0.0355 0.0173
109 0.2854 0.4119 0.1600 0.0603 0.0451 0.0374
110 0.4094 0.3289 0.0980 0.0470 0.0717 0.0449
111 0.0836 0.5283 0.2101 0.0947 0.0236 0.0597
112 0.0576 0.4128 0.4827 0.0250 0.0149 0.0069
113 0.0696 0.5107 0.3677 0.0422 0.0023 0.0075
114 0.1750 0.2588 0.3508 0.0998 0.0894 0.0260
115 0.0414 0.0327 0.4517 0.4114 0.0105 0.0523
116 0.1881 0.2034 0.1726 0.0100 0.4141 0.0117
117 0.3264 0.3115 0.1309 0.0638 0.0935 0.0740
118 0.6211 0.2249 0.1088 0.0077 0.0334 0.0042
119 0.1981 0.1543 0.6104 0.0154 0.0206 0.0015
120 0.1273 0.2435 0.5620 0.0158 0.0499 0.0017
121 0.0767 0.2896 0.4885 0.1082 0.0129 0.0241
122 0.2072 0.2991 0.4023 0.0617 0.0165 0.0133
123 0.0869 0.4626 0.3357 0.0890 0.0107 0.0150
124 0.0445 0.3188 0.5132 0.0740 0.0091 0.0402
125 0.1290 0.2128 0.4985 0.0422 0.0195 0.0981
126 0.1157 0.1833 0.5737 0.0460 0.0266 0.0546
127 0.0936 0.2448 0.5869 0.0094 0.0093 0.0559
128 0.0575 0.1338 0.7637 0.0227 0.0123 0.0098
129 0.2139 0.2089 0.4285 0.0294 0.0920 0.0274
130 0.0568 0.0729 0.8345 0.0155 0.0091 0.0115
131 0.1304 0.2051 0.3459 0.2512 0.0122 0.0552
132 0.1559 0.3828 0.2957 0.0681 0.0784 0.0192
133 0.4290 0.1278 0.3816 0.0224 0.0151 0.0242
134 0.1423 0.2988 0.4150 0.0265 0.1117 0.0056
135 0.1957 0.2512 0.2654 0.0946 0.0640 0.1293
136 0.0540 0.0768 0.7515 0.0562 0.0160 0.0455
137 0.1873 0.1746 0.4897 0.0580 0.0129 0.0775
138 0.0678 0.5630 0.2008 0.0584 0.0441 0.0657
139 0.1205 0.2065 0.5884 0.0703 0.0044 0.0100
140 0.4565 0.0711 0.2260 0.1003 0.0722 0.0739
141 0.5044 0.2345 0.1689 0.0335 0.0444 0.0142
142 0.1587 0.3181 0.3633 0.0383 0.0407 0.0811
143 0.0648 0.2295 0.3501 0.2444 0.0363 0.0751
144 0.1146 0.2369 0.4602 0.1219 0.0209 0.0456
145 0.0769 0.1720 0.4126 0.1641 0.0078 0.1666
146 0.0213 0.4275 0.5078 0.0159 0.0189 0.0086
147 0.2947 0.2405 0.2313 0.1110 0.0408 0.0818
148 0.0767 0.2961 0.4177 0.1116 0.0917 0.0061
149 0.1040 0.1514 0.6729 0.0570 0.0056 0.0092
150 0.2327 0.1870 0.4927 0.0303 0.0215 0.0359
151 0.0703 0.1215 0.3860 0.3054 0.0293 0.0875
152 0.0800 0.1361 0.3423 0.2279 0.0643 0.1495
153 0.0732 0.2202 0.5449 0.0687 0.0440 0.0488
154 0.0860 0.2798 0.5737 0.0262 0.0143 0.0199
155 0.0948 0.1411 0.6475 0.0448 0.0156 0.0562
156 0.0616 0.5532 0.2759 0.0784 0.0117 0.0194
157 0.3650 0.3296 0.2338 0.0324 0.0353 0.0040
158 0.3347 0.2014 0.3884 0.0271 0.0295 0.0189
159 0.0832 0.2334 0.5601 0.0674 0.0344 0.0217
160 0.0245 0.2517 0.6841 0.0291 0.0060 0.0047
161 0.0445 0.5171 0.3445 0.0054 0.0884 0.0004
162 0.0428 0.4192 0.3369 0.0173 0.1831 0.0007
163 0.0369 0.3940 0.3645 0.0770 0.1240 0.0037
164 0.0801 0.3914 0.2864 0.2112 0.0169 0.0140
165 0.1196 0.3801 0.2983 0.1525 0.0237 0.0255
166 0.1373 0.3704 0.1951 0.2390 0.0509 0.0074
167 0.1072 0.4692 0.3489 0.0454 0.0271 0.0022
168 0.0740 0.4824 0.3528 0.0717 0.0184 0.0007
169 0.0660 0.2588 0.6113 0.0321 0.0178 0.0139
170 0.0992 0.3154 0.1378 0.0447 0.3835 0.0194
171 0.2384 0.3811 0.2854 0.0035 0.0898 0.0018
172 0.0748 0.5068 0.3828 0.0071 0.0254 0.0029
173 0.1534 0.4800 0.2081 0.0697 0.0591 0.0295
174 0.1486 0.2527 0.4871 0.0162 0.0887 0.0069
175 0.0740 0.5059 0.1776 0.1250 0.0958 0.0214
176 0.0428 0.5996 0.2056 0.1091 0.0310 0.0122
177 0.1288 0.5093 0.2747 0.0169 0.0459 0.0244
178 0.1486 0.4265 0.3169 0.0345 0.0624 0.0114
179 0.0991 0.1023 0.1768 0.5112 0.0454 0.0650
180 0.0257 0.2134 0.7222 0.0203 0.0092 0.0094
181 0.0566 0.4744 0.4185 0.0196 0.0162 0.0148
182 0.1191 0.4934 0.3137 0.0244 0.0411 0.0082
183 0.1632 0.4104 0.1984 0.0959 0.0916 0.0406
184 0.1846 0.3530 0.2622 0.0775 0.1011 0.0215
185 0.1130 0.2754 0.3372 0.1037 0.0901 0.0807
186 0.1351 0.4609 0.3372 0.0309 0.0285 0.0073
187 0.1688 0.3804 0.3894 0.0312 0.0171 0.0129
188 0.0979 0.2766 0.2725 0.1652 0.0812 0.1067
189 0.0838 0.3584 0.3584 0.0684 0.0935 0.0375
190 0.1050 0.1190 0.2681 0.3184 0.1118 0.0780
191 0.0547 0.4685 0.3591 0.0547 0.0400 0.0231
192 0.0611 0.3152 0.4177 0.1160 0.0749 0.0150
193 0.0908 0.1451 0.5308 0.1061 0.0501 0.0771
194 0.0500 0.2920 0.4817 0.0383 0.0084 0.1296
195 0.0443 0.3889 0.5073 0.0138 0.0447 0.0010
196 0.1545 0.2712 0.4473 0.0382 0.0322 0.0564
197 0.1030 0.4041 0.3826 0.0356 0.0394 0.0356
198 0.0482 0.1937 0.5103 0.0894 0.1021 0.0564
199 0.0227 0.2438 0.6128 0.0688 0.0227 0.0291
200 0.0332 0.5107 0.3916 0.0453 0.0091 0.0103
201 0.0257 0.1100 0.6636 0.0204 0.0101 0.1704
202 0.1203 0.2469 0.5225 0.0252 0.0200 0.0649
203 0.0488 0.1945 0.1716 0.0427 0.5371 0.0053
204 0.1385 0.2432 0.5742 0.0264 0.0056 0.0121
205 0.0351 0.1812 0.7393 0.0284 0.0083 0.0076
206 0.0550 0.0623 0.4536 0.3477 0.0180 0.0634
207 0.0563 0.1309 0.4712 0.2445 0.0467 0.0504
208 0.0231 0.0355 0.2246 0.6201 0.0314 0.0654
209 0.1094 0.4097 0.1935 0.0222 0.2563 0.0088
210 0.0627 0.7290 0.1691 0.0125 0.0085 0.0182
211 0.0201 0.4709 0.3555 0.0537 0.0086 0.0913
212 0.0654 0.1619 0.4910 0.2046 0.0329 0.0443
213 0.1210 0.1505 0.1680 0.3611 0.0512 0.1482
214 0.0427 0.1423 0.6895 0.0197 0.1041 0.0017
215 0.0490 0.4583 0.4304 0.0257 0.0362 0.0006
216 0.1644 0.1147 0.0634 0.2976 0.0479 0.3120
217 0.0329 0.4839 0.3325 0.0686 0.0778 0.0044
218 0.1136 0.1553 0.1349 0.1288 0.0181 0.4492
219 0.0448 0.1541 0.2313 0.0316 0.5215 0.0169
220 0.0456 0.2561 0.3845 0.2561 0.0497 0.0082
221 0.1241 0.1722 0.0894 0.4331 0.0361 0.1450
222 0.0351 0.4280 0.2720 0.1265 0.1170 0.0215
223 0.0534 0.0778 0.2549 0.4404 0.0214 0.1522
224 0.1884 0.3521 0.3660 0.0143 0.0682 0.0111
225 0.1285 0.3748 0.4382 0.0294 0.0276 0.0017
226 0.1182 0.2106 0.4221 0.1360 0.0541 0.0590
227 0.1593 0.2546 0.4792 0.0233 0.0161 0.0674
228 0.1029 0.2754 0.5874 0.0130 0.0105 0.0108
229 0.2283 0.2393 0.2196 0.1301 0.0475 0.1353
230 0.1232 0.2776 0.4651 0.0777 0.0324 0.0241
231 0.1043 0.3340 0.4675 0.0399 0.0187 0.0355
232 0.1327 0.2039 0.3633 0.0955 0.0667 0.1379
233 0.0624 0.4536 0.4609 0.0132 0.0063 0.0036
234 0.1685 0.1407 0.4333 0.0908 0.0596 0.1071
235 0.0599 0.0980 0.6597 0.0839 0.0121 0.0865
236 0.0944 0.3616 0.3972 0.0432 0.0951 0.0086
237 0.0437 0.2169 0.6372 0.0503 0.0230 0.0287
238 0.0873 0.1923 0.6108 0.0316 0.0204 0.0573
239 0.0722 0.4783 0.3667 0.0541 0.0141 0.0146
240 0.1205 0.3223 0.3149 0.1243 0.0100 0.1080
241 0.0984 0.0616 0.7925 0.0079 0.0045 0.0351
242 0.1271 0.0446 0.8096 0.0047 0.0067 0.0076
243 0.0876 0.1870 0.3386 0.1161 0.1827 0.0876
244 0.1169 0.1727 0.3804 0.1432 0.0179 0.1688
245 0.2891 0.1500 0.4272 0.0391 0.0166 0.0778
246 0.1672 0.2981 0.4617 0.0134 0.0416 0.0178
247 0.2172 0.2539 0.3811 0.0571 0.0231 0.0678
248 0.0804 0.2808 0.4666 0.0941 0.0121 0.0662
249 0.3323 0.3679 0.2588 0.0190 0.0120 0.0100
250 0.0945 0.0457 0.1793 0.3049 0.0135 0.3621
251 0.2524 0.3562 0.1028 0.0866 0.0082 0.1936
252 0.0716 0.4631 0.4026 0.0481 0.0022 0.0124
253 0.2465 0.1299 0.4641 0.0352 0.0509 0.0734
254 0.2207 0.0934 0.6094 0.0296 0.0137 0.0333
255 0.0899 0.3264 0.4062 0.0347 0.0283 0.1146
256 0.0343 0.0662 0.3359 0.2917 0.0103 0.2615
257 0.4348 0.1625 0.1285 0.0904 0.0963 0.0876
258 0.2856 0.2058 0.1787 0.1615 0.1238 0.0445
259 0.2534 0.2634 0.1769 0.1056 0.0552 0.1455
260 0.0891 0.1266 0.6738 0.0745 0.0289 0.0071
261 0.1346 0.1040 0.6626 0.0110 0.0773 0.0106
262 0.0445 0.4353 0.2520 0.2480 0.0113 0.0090
263 0.1671 0.4368 0.1406 0.1353 0.0944 0.0258
264 0.0416 0.4944 0.3193 0.0929 0.0096 0.0422
265 0.0790 0.0587 0.6831 0.0401 0.0119 0.1273
266 0.0870 0.3689 0.4485 0.0179 0.0257 0.0519
267 0.3677 0.1807 0.1451 0.0990 0.1021 0.1053
268 0.2374 0.4648 0.2588 0.0176 0.0084 0.0129
269 0.1737 0.6016 0.1737 0.0293 0.0070 0.0146
270 0.0489 0.6338 0.1060 0.1164 0.0516 0.0432
271 0.1000 0.2512 0.5488 0.0731 0.0091 0.0178
272 0.1863 0.1544 0.4832 0.0833 0.0807 0.0120
273 0.1885 0.1490 0.5581 0.0511 0.0269 0.0263
274 0.1519 0.1997 0.4534 0.0609 0.1174 0.0168
275 0.1597 0.1409 0.6616 0.0216 0.0133 0.0029
276 0.1209 0.1993 0.5503 0.0912 0.0318 0.0064
277 0.0867 0.3027 0.4138 0.1322 0.0582 0.0062
278 0.1136 0.1553 0.1349 0.1288 0.0181 0.4492
