time exciting_prob fearful_prob tense_prob sad_prob relaxing_prob neutral_prob
0 0.1136 0.1553 0.1349 0.1288 0.0181 0.4492
1 0.0390 0.2544 0.2793 0.3423 0.0576 0.0274
2 0.0288 0.3052 0.3513 0.2303 0.0703 0.0143
3 0.0427 0.2362 0.3491 0.2761 0.0743 0.0218
4 0.0482 0.2485 0.3972 0.2688 0.0281 0.0091
5 0.0363 0.1173 0.2124 0.5776 0.0412 0.0152
6 0.0403 0.1322 0.4761 0.2935 0.0518 0.0061
7 0.0439 0.1908 0.4368 0.2864 0.0347 0.0075
8 0.0427 0.2118 0.4700 0.2290 0.0386 0.0079
9 0.0461 0.2115 0.3831 0.3381 0.0162 0.0050
10 0.0243 0.0530 0.3003 0.5269 0.0795 0.0162
11 0.0293 0.1123 0.7437 0.0961 0.0145 0.0039
12 0.0249 0.1458 0.3782 0.3901 0.0452 0.0160
13 0.0180 0.1752 0.5742 0.1864 0.0304 0.0158
14 0.0179 0.1389 0.4482 0.3601 0.0118 0.0230
15 0.0254 0.0680 0.2162 0.6353 0.0104 0.0446
16 0.0518 0.1522 0.3887 0.3027 0.0361 0.0686
17 0.0767 0.2053 0.3660 0.2438 0.0726 0.0357
18 0.0280 0.2634 0.1782 0.2399 0.2361 0.0544
19 0.0288 0.2485 0.1416 0.1484 0.3730 0.0595
20 0.0351 0.3459 0.1366 0.1409 0.2341 0.1072
21 0.0450 0.3884 0.1385 0.0582 0.2864 0.0834
22 0.0401 0.2615 0.2345 0.1074 0.1274 0.2290
23 0.0342 0.3123 0.1646 0.1079 0.2302 0.1510
24 0.0401 0.3357 0.3865 0.0621 0.1040 0.0715
25 0.0325 0.1857 0.2311 0.1857 0.2136 0.1515
26 0.0626 0.2052 0.2595 0.1000 0.2236 0.1490
27 0.0865 0.1405 0.2485 0.1461 0.1642 0.2142
28 0.0679 0.1472 0.3020 0.1495 0.1681 0.1654
29 0.0493 0.1844 0.4221 0.0663 0.1287 0.1493
30 0.0420 0.0828 0.3076 0.2322 0.0596 0.2759
31 0.1059 0.1541 0.3696 0.1238 0.0489 0.1979
32 0.0483 0.1464 0.2981 0.3223 0.0692 0.1158
33 0.0479 0.0686 0.2147 0.3828 0.0426 0.2433
34 0.0447 0.1958 0.2849 0.2676 0.0836 0.1235
35 0.0213 0.0535 0.1648 0.5845 0.0645 0.1115
36 0.1472 0.1667 0.0921 0.2881 0.0435 0.2625
37 0.0327 0.1284 0.1624 0.4019 0.0817 0.1929
38 0.0428 0.0553 0.2559 0.3442 0.1652 0.1368
39 0.0416 0.0880 0.2979 0.3169 0.1619 0.0937
40 0.0369 0.0668 0.2903 0.2683 0.2642 0.0734
41 0.0370 0.0555 0.1176 0.1333 0.5352 0.1213
42 0.0277 0.1071 0.3049 0.2301 0.1510 0.1792
43 0.0370 0.0350 0.0952 0.0815 0.6309 0.1204
44 0.0165 0.0452 0.0700 0.1154 0.6338 0.1191
45 0.0180 0.0695 0.1641 0.2041 0.3997 0.1448
46 0.0200 0.0805 0.2294 0.1327 0.3184 0.2189
47 0.0273 0.0789 0.1923 0.2047 0.3374 0.1594
48 0.0163 0.0551 0.2014 0.2839 0.2627 0.1805
49 0.0092 0.0757 0.1902 0.6436 0.0722 0.0092
50 0.0296 0.2346 0.2966 0.3523 0.0780 0.0090
51 0.0481 0.1613 0.1368 0.1359 0.5049 0.0132
52 0.0349 0.0642 0.0599 0.0545 0.7764 0.0101
53 0.0430 0.0351 0.1206 0.6523 0.0856 0.0636
54 0.0486 0.1864 0.3887 0.2888 0.0098 0.0777
55 0.0679 0.2603 0.4570 0.1416 0.0124 0.0609
56 0.0432 0.2908 0.4946 0.1138 0.0110 0.0467
57 0.0617 0.3135 0.4780 0.1018 0.0205 0.0244
58 0.0316 0.0729 0.1981 0.6494 0.0237 0.0244
59 0.0636 0.1024 0.2964 0.4810 0.0228 0.0340
60 0.0694 0.1127 0.2480 0.4634 0.0124 0.0941
61 0.1160 0.1560 0.2494 0.3408 0.1115 0.0263
62 0.0249 0.2615 0.3010 0.3987 0.0046 0.0094
63 0.0447 0.0365 0.1016 0.6221 0.0561 0.1388
64 0.0353 0.0286 0.1941 0.6772 0.0065 0.0583
65 0.1229 0.1209 0.1641 0.5171 0.0545 0.0205
66 0.1222 0.1532 0.3647 0.2930 0.0246 0.0422
67 0.0250 0.2583 0.5640 0.1361 0.0059 0.0109
68 0.0426 0.0923 0.2032 0.5791 0.0295 0.0534
69 0.0456 0.0807 0.1484 0.6758 0.0150 0.0345
70 0.0539 0.0725 0.1896 0.6514 0.0059 0.0269
71 0.0952 0.1157 0.2798 0.4402 0.0271 0.0419
72 0.0157 0.0654 0.3271 0.5566 0.0080 0.0273
73 0.1113 0.1570 0.1364 0.1301 0.0183 0.4470
74 0.1757 0.1550 0.1870 0.3899 0.0404 0.0519
75 0.0429 0.2754 0.3884 0.1924 0.0180 0.0827
76 0.0436 0.3245 0.4167 0.1087 0.0149 0.0916
77 0.0640 0.1313 0.2532 0.3459 0.0472 0.1584
78 0.0756 0.0870 0.3284 0.3552 0.0231 0.1306
79 0.0613 0.0950 0.3640 0.3640 0.0097 0.1060
80 0.0311 0.0643 0.2837 0.5137 0.0334 0.0740
81 0.0271 0.0947 0.4177 0.3464 0.0221 0.0918
82 0.0375 0.0381 0.2299 0.4363 0.0873 0.1709
83 0.0231 0.0994 0.2969 0.4819 0.0039 0.0949
84 0.0309 0.0644 0.5737 0.2355 0.0031 0.0922
85 0.0219 0.1028 0.1862 0.6396 0.0087 0.0406
86 0.0674 0.0776 0.2145 0.3535 0.1300 0.1569
87 0.0392 0.1284 0.2805 0.2595 0.0410 0.2515
88 0.0308 0.1181 0.3418 0.3210 0.0366 0.1516
89 0.0282 0.1149 0.3826 0.4270 0.0106 0.0367
90 0.0363 0.2942 0.2327 0.3896 0.0238 0.0234
91 0.0261 0.2440 0.4854 0.2023 0.0118 0.0305
92 0.0143 0.0661 0.1688 0.6372 0.0523 0.0612
93 0.0174 0.0788 0.2076 0.5557 0.0643 0.0764
94 0.0172 0.0481 0.4031 0.3613 0.1229 0.0474
95 0.0222 0.1093 0.2747 0.2242 0.3367 0.0331
96 0.0480 0.0830 0.1033 0.2087 0.5166 0.0405
97 0.0229 0.1339 0.1043 0.6392 0.0679 0.0321
98 0.0439 0.2197 0.1442 0.4106 0.1333 0.0483
99 0.0191 0.1216 0.1274 0.5981 0.0889 0.0447
100 0.0158 0.1837 0.2081 0.3379 0.1621 0.0923
101 0.0121 0.1095 0.2045 0.4756 0.0533 0.1450
102 0.0171 0.0514 0.1087 0.6558 0.1053 0.0620
103 0.0115 0.0818 0.1414 0.5952 0.0489 0.1210
104 0.0269 0.1169 0.2474 0.2324 0.3228 0.0535
105 0.0231 0.1382 0.2174 0.5381 0.0541 0.0292
106 0.0118 0.1592 0.2317 0.5142 0.0442 0.0390
107 0.0206 0.1310 0.5869 0.1847 0.0609 0.0158
108 0.0231 0.1338 0.6899 0.0891 0.0584 0.0058
109 0.0230 0.0789 0.4910 0.3074 0.0777 0.0221
110 0.0196 0.1395 0.5781 0.1967 0.0521 0.0139
111 0.0276 0.1403 0.6289 0.1426 0.0504 0.0102
112 0.0171 0.0944 0.4719 0.3242 0.0690 0.0233
113 0.0220 0.1033 0.5947 0.1962 0.0699 0.0138
114 0.0168 0.0685 0.3706 0.3765 0.1261 0.0416
115 0.0262 0.1011 0.2296 0.2642 0.3501 0.0287
116 0.0209 0.0782 0.2059 0.2727 0.4033 0.0190
117 0.0171 0.0616 0.1345 0.5405 0.2051 0.0414
118 0.0141 0.0695 0.1449 0.5645 0.1320 0.0752
119 0.0176 0.0724 0.1595 0.5068 0.1698 0.0736
120 0.0101 0.0283 0.0595 0.7363 0.1383 0.0277
121 0.0158 0.0407 0.1016 0.7505 0.0606 0.0310
122 0.0112 0.0451 0.1226 0.7163 0.0842 0.0206
123 0.0117 0.0821 0.5879 0.2450 0.0266 0.0468
124 0.0216 0.0433 0.4954 0.2268 0.1123 0.1006
125 0.0308 0.0478 0.2542 0.4824 0.1299 0.0550
126 0.1136 0.1553 0.1349 0.1288 0.0181 0.4492
127 0.1136 0.1553 0.1349 0.1288 0.0181 0.4492
128 0.0413 0.0620 0.5527 0.1713 0.0039 0.1686
129 0.0362 0.0999 0.5396 0.1407 0.0027 0.1808
130 0.0512 0.0913 0.4861 0.1995 0.0040 0.1680
131 0.0704 0.1537 0.4961 0.1315 0.0042 0.1444
132 0.0602 0.1124 0.5200 0.1160 0.0033 0.1882
133 0.0711 0.1268 0.4355 0.1934 0.0052 0.1680
134 0.0965 0.2351 0.4531 0.1318 0.0047 0.0787
135 0.0317 0.1195 0.5273 0.2413 0.0043 0.0759
136 0.0440 0.1715 0.5200 0.1742 0.0040 0.0862
137 0.0501 0.1642 0.3586 0.2837 0.0049 0.1383
138 0.0213 0.1196 0.5278 0.2739 0.0278 0.0298
139 0.1061 0.2354 0.3850 0.1472 0.0807 0.0456
140 0.1068 0.0658 0.1201 0.3613 0.0690 0.2771
141 0.1307 0.1172 0.3582 0.2578 0.0694 0.0668
142 0.0894 0.0400 0.1710 0.1292 0.3401 0.2302
143 0.0479 0.0671 0.6411 0.0650 0.0239 0.1548
144 0.0302 0.0735 0.5967 0.0702 0.0198 0.2095
145 0.0200 0.0792 0.5010 0.2366 0.1153 0.0481
146 0.0159 0.1263 0.6519 0.0842 0.0954 0.0261
147 0.0102 0.0435 0.3823 0.2795 0.0952 0.1892
148 0.0122 0.1510 0.6357 0.0591 0.0432 0.0990
149 0.0100 0.1055 0.4880 0.0772 0.0889 0.2305
150 0.0085 0.0795 0.5693 0.0915 0.0353 0.2161
151 0.0203 0.1056 0.5361 0.1560 0.0917 0.0903
152 0.0086 0.0361 0.3066 0.3586 0.0980 0.1919
153 0.0097 0.0639 0.6870 0.1176 0.0432 0.0783
154 0.0129 0.0445 0.5771 0.1874 0.0806 0.0972
155 0.0210 0.2620 0.5049 0.0566 0.0240 0.1317
156 0.0276 0.2465 0.3164 0.1111 0.1094 0.1890
157 0.0261 0.1652 0.3442 0.1227 0.0333 0.3086
158 0.0182 0.2876 0.4524 0.1162 0.0148 0.1108
159 0.0384 0.2708 0.2505 0.1299 0.1028 0.2076
160 0.0305 0.0437 0.3955 0.0427 0.0666 0.4209
161 0.0228 0.1768 0.2341 0.0514 0.4109 0.1039
162 0.0357 0.1798 0.2102 0.0424 0.3577 0.1743
163 0.1039 0.1687 0.2455 0.4048 0.0046 0.0726
164 0.0577 0.1893 0.5225 0.1750 0.0043 0.0509
165 0.1584 0.2959 0.2915 0.1560 0.0078 0.0903
166 0.1025 0.1359 0.2537 0.3809 0.0071 0.1199
167 0.0193 0.1350 0.3042 0.3669 0.1437 0.0306
168 0.0143 0.0889 0.1714 0.5889 0.0875 0.0491
169 0.0146 0.1166 0.2318 0.4756 0.1241 0.0373
170 0.0170 0.2473 0.2397 0.3655 0.0854 0.0450
171 0.0152 0.1497 0.1384 0.4399 0.1777 0.0789
172 0.0238 0.1650 0.1929 0.2637 0.2678 0.0869
173 0.0146 0.1869 0.4082 0.3130 0.0519 0.0253
174 0.0258 0.3513 0.2734 0.1511 0.1686 0.0298
175 0.0904 0.3254 0.3057 0.0472 0.2236 0.0075
176 0.0930 0.6060 0.2566 0.0237 0.0127 0.0080
177 0.0620 0.4580 0.3567 0.0356 0.0736 0.0143
178 0.1764 0.0467 0.1820 0.4871 0.0807 0.0273
179 0.0803 0.0325 0.2554 0.5576 0.0476 0.0267
180 0.1779 0.0514 0.2668 0.4333 0.0300 0.0406
181 0.2067 0.0592 0.3054 0.3569 0.0305 0.0413
182 0.0383 0.2258 0.0898 0.4353 0.1873 0.0236
183 0.0067 0.0453 0.0145 0.0691 0.8550 0.0095
184 0.0084 0.0412 0.0316 0.0859 0.8276 0.0054
185 0.0101 0.1401 0.0919 0.0727 0.6792 0.0062
186 0.0082 0.0590 0.0563 0.0928 0.7773 0.0064
187 0.0149 0.0775 0.0567 0.1128 0.7241 0.0139
188 0.0128 0.0603 0.0824 0.1025 0.7339 0.0079
189 0.0109 0.0522 0.0556 0.1177 0.7559 0.0079
190 0.0063 0.0232 0.0247 0.0421 0.8994 0.0040
191 0.0137 0.0574 0.0507 0.0434 0.8311 0.0037
192 0.0207 0.4397 0.2144 0.1982 0.1112 0.0158
193 0.0298 0.2981 0.1323 0.0999 0.4014 0.0385
194 0.0311 0.3064 0.1403 0.1859 0.2878 0.0485
195 0.0383 0.1515 0.2205 0.3931 0.0477 0.1492
196 0.0374 0.3181 0.3083 0.1479 0.1785 0.0095
197 0.0170 0.1639 0.0632 0.0492 0.6792 0.0274
198 0.3418 0.2747 0.1026 0.2581 0.0036 0.0194
199 0.2476 0.2362 0.0767 0.3958 0.0075 0.0362
200 0.1213 0.1375 0.0991 0.4438 0.0861 0.1122
201 0.1605 0.1373 0.1174 0.2078 0.1061 0.2710
202 0.1081 0.1853 0.1636 0.1283 0.2781 0.1366
203 0.0891 0.2222 0.1901 0.1401 0.2329 0.1256
204 0.0432 0.1708 0.2228 0.2159 0.1508 0.1965
205 0.0585 0.1902 0.0878 0.1993 0.2122 0.2520
206 0.0563 0.2125 0.0706 0.1630 0.2371 0.2605
207 0.0477 0.1437 0.0769 0.1732 0.2683 0.2900
208 0.0334 0.0974 0.1353 0.3296 0.2411 0.1632
209 0.0276 0.1871 0.2478 0.2598 0.1227 0.1550
210 0.0220 0.1064 0.0925 0.5078 0.1015 0.1700
211 0.0167 0.1409 0.1477 0.4407 0.1809 0.0731
212 0.0221 0.2476 0.1598 0.4082 0.0491 0.1133
213 0.0301 0.3284 0.1247 0.3184 0.0756 0.1227
214 0.0396 0.2666 0.1519 0.1951 0.1721 0.1748
215 0.0231 0.3015 0.2460 0.1042 0.2275 0.0978
216 0.0228 0.2267 0.1879 0.0724 0.4302 0.0601
217 0.0374 0.2437 0.1573 0.1057 0.2986 0.1573
218 0.0285 0.2854 0.1931 0.1705 0.1199 0.2024
219 0.0234 0.2222 0.1730 0.1930 0.1246 0.2639
220 0.0179 0.1659 0.2340 0.2734 0.1055 0.2032
