time exciting_prob fearful_prob tense_prob sad_prob relaxing_prob neutral_prob
0 0.1136 0.1553 0.1349 0.1288 0.0181 0.4492
1 0.1185 0.6353 0.1533 0.0295 0.0148 0.0486
2 0.1208 0.6636 0.1092 0.0341 0.0105 0.0617
3 0.2817 0.5474 0.0478 0.0746 0.0084 0.0399
4 0.1530 0.6191 0.1127 0.0500 0.0207 0.0445
5 0.0496 0.7285 0.1359 0.0338 0.0139 0.0383
6 0.0854 0.8228 0.0601 0.0101 0.0075 0.0140
7 0.1271 0.4165 0.1848 0.2195 0.0277 0.0242
8 0.0704 0.6997 0.0856 0.0531 0.0026 0.0883
9 0.0145 0.3149 0.0364 0.6069 0.0053 0.0221
10 0.0108 0.3962 0.0642 0.5088 0.0017 0.0181
11 0.0303 0.0978 0.7568 0.0621 0.0087 0.0441
12 0.0155 0.2922 0.0455 0.5635 0.0020 0.0812
13 0.0242 0.7827 0.0572 0.1051 0.0021 0.0287
14 0.0465 0.8921 0.0424 0.0084 0.0044 0.0062
15 0.0250 0.1875 0.1604 0.5688 0.0095 0.0489
16 0.0058 0.7983 0.0698 0.1097 0.0009 0.0156
17 0.0128 0.4775 0.1207 0.3386 0.0009 0.0495
18 0.0380 0.8579 0.0553 0.0220 0.0074 0.0195
19 0.1335 0.6572 0.0320 0.0557 0.0167 0.1048
20 0.0710 0.8135 0.0799 0.0092 0.0048 0.0217
21 0.0153 0.4529 0.3696 0.1448 0.0079 0.0098
22 0.0518 0.7373 0.1671 0.0151 0.0042 0.0246
23 0.1287 0.5630 0.1677 0.0562 0.0255 0.0589
24 0.0320 0.1677 0.1227 0.5586 0.0421 0.0768
25 0.0311 0.4678 0.0729 0.4192 0.0035 0.0056
26 0.1772 0.6187 0.0210 0.1458 0.0105 0.0270
27 0.1229 0.4497 0.0323 0.3613 0.0086 0.0250
28 0.0287 0.8525 0.0292 0.0757 0.0103 0.0035
29 0.0356 0.8823 0.0373 0.0309 0.0073 0.0068
30 0.0493 0.6963 0.0980 0.0734 0.0059 0.0775
31 0.1097 0.8042 0.0510 0.0104 0.0078 0.0167
32 0.1108 0.7168 0.0948 0.0267 0.0202 0.0305
33 0.0717 0.0478 0.1567 0.5732 0.0101 0.1405
34 0.0456 0.3113 0.2313 0.3418 0.0124 0.0576
35 0.0451 0.7686 0.0876 0.0616 0.0089 0.0280
36 0.0767 0.8052 0.0626 0.0213 0.0110 0.0232
37 0.3489 0.3892 0.0868 0.0183 0.0748 0.0822
38 0.2186 0.4966 0.1625 0.0240 0.0259 0.0726
39 0.1453 0.6357 0.1453 0.0192 0.0127 0.0416
40 0.0646 0.0817 0.0884 0.1135 0.0037 0.6479
41 0.0657 0.3467 0.4182 0.1316 0.0074 0.0303
42 0.1042 0.1719 0.1339 0.3936 0.0136 0.1830
43 0.0676 0.1282 0.1243 0.6118 0.0068 0.0615
44 0.2944 0.1787 0.0402 0.2423 0.0058 0.2385
45 0.1674 0.3462 0.1754 0.1636 0.0086 0.1388
46 0.2295 0.1639 0.0481 0.3933 0.0049 0.1602
47 0.1964 0.3188 0.2769 0.0604 0.0285 0.1191
48 0.0191 0.0828 0.5312 0.2756 0.0057 0.0854
49 0.1766 0.0834 0.1376 0.2454 0.0216 0.3352
50 0.3069 0.4829 0.1005 0.0192 0.0097 0.0807
51 0.0426 0.6606 0.1710 0.0159 0.0013 0.1087
52 0.0589 0.4934 0.1528 0.1392 0.0142 0.1414
53 0.1250 0.1967 0.1708 0.3293 0.0344 0.1438
54 0.3162 0.2993 0.3042 0.0248 0.0411 0.0144
55 0.0755 0.6729 0.1188 0.0593 0.0249 0.0487
56 0.3582 0.3694 0.1296 0.0647 0.0462 0.0318
57 0.5420 0.1591 0.0585 0.1517 0.0190 0.0695
58 0.2191 0.1437 0.1460 0.3557 0.0077 0.1278
59 0.0768 0.1550 0.2186 0.2576 0.0089 0.2830
60 0.1033 0.6792 0.0986 0.0716 0.0027 0.0448
61 0.0545 0.8013 0.0623 0.0580 0.0023 0.0214
62 0.4502 0.1617 0.1300 0.1630 0.0439 0.0513
63 0.0265 0.8130 0.0652 0.0824 0.0019 0.0111
64 0.1964 0.3696 0.1059 0.1888 0.0094 0.1298
65 0.1669 0.7476 0.0690 0.0042 0.0029 0.0095
66 0.2676 0.2201 0.0365 0.1675 0.0407 0.2676
67 0.0961 0.0192 0.1123 0.2268 0.0014 0.5439
68 0.1265 0.0327 0.0779 0.6943 0.0116 0.0570
69 0.2172 0.1277 0.0786 0.3752 0.0053 0.1962
70 0.2125 0.4788 0.0679 0.2043 0.0018 0.0347
71 0.1753 0.2081 0.0765 0.1633 0.0057 0.3711
72 0.1285 0.0897 0.1625 0.3386 0.0129 0.2678
73 0.0672 0.1216 0.1378 0.4451 0.0148 0.2135
74 0.1277 0.1978 0.2500 0.2791 0.0116 0.1338
75 0.0533 0.1044 0.0614 0.5732 0.0189 0.1890
76 0.0732 0.1974 0.1869 0.2961 0.0245 0.2219
77 0.1704 0.6431 0.0739 0.0699 0.0199 0.0225
78 0.0060 0.0299 0.0432 0.0740 0.0131 0.8340
79 0.0099 0.3691 0.0612 0.5288 0.0082 0.0229
80 0.1399 0.3862 0.3745 0.0816 0.0162 0.0015
81 0.2316 0.6494 0.0723 0.0077 0.0266 0.0122
82 0.3113 0.5054 0.0673 0.0328 0.0236 0.0599
83 0.0422 0.4500 0.3345 0.1028 0.0023 0.0685
84 0.0493 0.2368 0.1482 0.3188 0.0137 0.2332
85 0.1934 0.5908 0.1654 0.0093 0.0124 0.0287
86 0.1825 0.5322 0.1432 0.0310 0.0836 0.0278
87 0.1204 0.6714 0.1646 0.0057 0.0256 0.0122
88 0.1069 0.6807 0.1461 0.0133 0.0238 0.0292
89 0.0663 0.1592 0.2465 0.4001 0.0077 0.1201
90 0.2656 0.6274 0.0291 0.0225 0.0251 0.0300
91 0.1242 0.3027 0.2842 0.2357 0.0171 0.0361
92 0.1151 0.1700 0.1912 0.5034 0.0083 0.0120
93 0.1777 0.1484 0.5874 0.0729 0.0081 0.0056
94 0.1318 0.0878 0.3164 0.3367 0.0214 0.1060
95 0.1320 0.2262 0.1708 0.3342 0.0517 0.0852
96 0.0101 0.3628 0.0454 0.5117 0.0010 0.0692
97 0.1324 0.3054 0.1754 0.3152 0.0023 0.0692
98 0.0494 0.3796 0.2032 0.3350 0.0016 0.0312
99 0.1882 0.6318 0.0803 0.0271 0.0056 0.0671
100 0.2695 0.5576 0.0925 0.0225 0.0072 0.0507
101 0.4690 0.3149 0.0670 0.0650 0.0221 0.0620
102 0.1622 0.6265 0.1023 0.0539 0.0284 0.0265
103 0.3386 0.5410 0.0786 0.0196 0.0082 0.0139
104 0.3950 0.3950 0.0601 0.0923 0.0161 0.0416
105 0.0917 0.6074 0.0547 0.2416 0.0020 0.0026
106 0.3433 0.1536 0.1355 0.3328 0.0124 0.0225
107 0.1090 0.0236 0.1769 0.3464 0.0031 0.3411
108 0.1427 0.0568 0.1220 0.4678 0.0032 0.2075
109 0.0139 0.7979 0.1323 0.0479 0.0005 0.0074
110 0.0851 0.3066 0.2542 0.2463 0.0106 0.0972
111 0.0889 0.7988 0.0698 0.0118 0.0008 0.0298
112 0.1320 0.6704 0.0966 0.0209 0.0072 0.0729
113 0.1655 0.1566 0.1329 0.2949 0.0272 0.2227
114 0.1686 0.6934 0.1141 0.0071 0.0026 0.0145
115 0.0811 0.1539 0.2170 0.4814 0.0115 0.0549
116 0.0502 0.1168 0.0778 0.2981 0.0166 0.4407
117 0.1008 0.7329 0.0611 0.0583 0.0147 0.0320
118 0.0371 0.4885 0.4377 0.0312 0.0034 0.0020
119 0.1248 0.5508 0.1360 0.1371 0.0258 0.0258
120 0.2074 0.3936 0.1680 0.1328 0.0191 0.0793
121 0.1465 0.6880 0.0909 0.0337 0.0195 0.0216
122 0.2815 0.5342 0.0428 0.0513 0.0133 0.0770
123 0.0210 0.3713 0.0731 0.5322 0.0005 0.0020
124 0.0076 0.3921 0.0353 0.5615 0.0003 0.0032
125 0.0963 0.1600 0.2275 0.4595 0.0095 0.0469
126 0.0279 0.0724 0.1231 0.2527 0.0138 0.5103
127 0.1022 0.0909 0.0494 0.5190 0.0049 0.2339
128 0.0026 0.1257 0.0313 0.8198 0.0001 0.0205
129 0.1819 0.1428 0.0372 0.4756 0.0021 0.1605
130 0.0120 0.0172 0.0211 0.9243 0.0007 0.0246
131 0.0021 0.1337 0.0208 0.8315 0.0002 0.0117
132 0.0298 0.1470 0.2620 0.3994 0.0079 0.1539
133 0.3098 0.2568 0.0923 0.0361 0.0273 0.2776
134 0.0351 0.7495 0.1837 0.0050 0.0201 0.0064
135 0.0091 0.1519 0.0729 0.7593 0.0004 0.0062
136 0.0075 0.0361 0.0200 0.9321 0.0008 0.0036
137 0.0014 0.0920 0.0252 0.8735 0.0001 0.0078
138 0.0249 0.3809 0.1217 0.4182 0.0010 0.0532
139 0.1975 0.4021 0.2238 0.0296 0.0579 0.0891
140 0.2993 0.4187 0.0710 0.0477 0.1248 0.0386
141 0.1750 0.6157 0.1486 0.0065 0.0211 0.0331
142 0.1138 0.6104 0.2317 0.0088 0.0074 0.0277
143 0.0981 0.6919 0.0521 0.1428 0.0080 0.0068
144 0.0118 0.7656 0.1230 0.0399 0.0118 0.0478
145 0.1219 0.2747 0.1414 0.2769 0.0396 0.1459
146 0.0303 0.0667 0.0519 0.4116 0.0016 0.4380
147 0.1812 0.0947 0.0462 0.5625 0.0245 0.0911
148 0.2118 0.1854 0.0970 0.3411 0.0351 0.1295
149 0.3398 0.4866 0.0189 0.1193 0.0114 0.0240
150 0.1626 0.2722 0.3037 0.2188 0.0073 0.0354
151 0.7197 0.1892 0.0456 0.0190 0.0028 0.0239
152 0.0726 0.0322 0.0760 0.7446 0.0164 0.0583
153 0.2213 0.1697 0.1157 0.3884 0.0139 0.0908
154 0.1049 0.3630 0.0687 0.3574 0.0127 0.0933
155 0.3347 0.4299 0.0457 0.0937 0.0085 0.0873
156 0.2786 0.4451 0.0870 0.0677 0.0150 0.1066
157 0.1897 0.5664 0.0640 0.0855 0.0064 0.0882
158 0.2142 0.2544 0.0309 0.1438 0.0521 0.3044
159 0.1709 0.0406 0.1606 0.4365 0.0035 0.1877
160 0.0529 0.2563 0.2952 0.2998 0.0017 0.0943
161 0.1881 0.6465 0.0487 0.0692 0.0051 0.0426
162 0.0195 0.7905 0.0350 0.1121 0.0043 0.0387
163 0.1841 0.3257 0.0417 0.1959 0.0566 0.1959
164 0.0294 0.8877 0.0572 0.0170 0.0040 0.0044
165 0.2886 0.5923 0.0827 0.0248 0.0030 0.0086
166 0.0729 0.1361 0.0187 0.6099 0.0055 0.1567
167 0.1158 0.7095 0.0708 0.0539 0.0024 0.0475
168 0.1617 0.1361 0.0198 0.5303 0.0027 0.1495
169 0.1226 0.1649 0.0904 0.4924 0.0091 0.1207
170 0.1132 0.1648 0.0766 0.5400 0.0156 0.0896
171 0.2212 0.3975 0.0997 0.1593 0.0065 0.1157
172 0.1252 0.7920 0.0282 0.0300 0.0013 0.0234
173 0.0857 0.1744 0.0594 0.5049 0.0120 0.1638
174 0.0118 0.3760 0.0311 0.5732 0.0006 0.0070
175 0.0531 0.0531 0.0307 0.5444 0.0033 0.3152
176 0.0439 0.8877 0.0399 0.0168 0.0043 0.0075
177 0.1042 0.6382 0.1576 0.0274 0.0247 0.0481
178 0.1394 0.1460 0.1069 0.4641 0.0493 0.0943
179 0.3311 0.3752 0.0710 0.0768 0.0251 0.1208
180 0.0771 0.5312 0.2451 0.0645 0.0564 0.0256
181 0.2262 0.4939 0.0512 0.2141 0.0133 0.0013
182 0.2223 0.5049 0.0739 0.0338 0.1180 0.0473
183 0.4736 0.3438 0.0593 0.0210 0.0462 0.0561
184 0.0790 0.5034 0.1106 0.2002 0.0234 0.0834
185 0.1998 0.3882 0.0093 0.2930 0.0406 0.0690
186 0.1278 0.7471 0.0244 0.0449 0.0250 0.0306
187 0.0909 0.7207 0.1442 0.0175 0.0232 0.0036
188 0.0629 0.8101 0.0901 0.0157 0.0153 0.0059
189 0.1093 0.7236 0.0684 0.0276 0.0445 0.0266
190 0.0278 0.2156 0.4934 0.2156 0.0341 0.0135
191 0.4897 0.1693 0.0838 0.0512 0.1760 0.0299
192 0.5259 0.1299 0.0770 0.1438 0.0372 0.0859
193 0.0349 0.0662 0.0411 0.3359 0.0174 0.5044
194 0.1069 0.7773 0.0839 0.0155 0.0082 0.0080
195 0.1058 0.0199 0.0086 0.7583 0.0225 0.0851
196 0.1116 0.2917 0.0465 0.3574 0.0101 0.1826
197 0.0914 0.4094 0.0935 0.3728 0.0027 0.0304
198 0.0779 0.6123 0.1410 0.1133 0.0343 0.0211
199 0.0363 0.8208 0.0980 0.0308 0.0062 0.0078
200 0.0916 0.2000 0.0260 0.6455 0.0258 0.0113
201 0.0629 0.2588 0.3220 0.3269 0.0133 0.0162
202 0.0539 0.0855 0.0829 0.3127 0.0025 0.4624
203 0.0812 0.6387 0.2123 0.0508 0.0083 0.0088
204 0.0263 0.3918 0.0239 0.2869 0.0100 0.2610
205 0.0644 0.2078 0.0183 0.3022 0.0128 0.3943
206 0.1118 0.6899 0.0204 0.1083 0.0232 0.0466
207 0.1255 0.3806 0.3494 0.1082 0.0287 0.0075
208 0.2800 0.5928 0.0295 0.0479 0.0494 0.0003
209 0.1677 0.7461 0.0354 0.0193 0.0077 0.0238
210 0.4741 0.3496 0.0438 0.0756 0.0122 0.0445
211 0.2257 0.0667 0.0986 0.2722 0.1002 0.2366
212 0.2257 0.0667 0.0986 0.2722 0.1002 0.2366
213 0.2350 0.2041 0.1182 0.2925 0.0980 0.0524
214 0.2346 0.2007 0.1180 0.2966 0.0978 0.0523
215 0.2354 0.2013 0.1165 0.2976 0.0966 0.0525
216 0.4551 0.2803 0.0709 0.0698 0.1081 0.0159
217 0.4346 0.2942 0.0709 0.0732 0.1099 0.0173
