time exciting_prob fearful_prob tense_prob sad_prob relaxing_prob neutral_prob
0 0.1136 0.1553 0.1349 0.1288 0.0181 0.4492
1 0.2069 0.0476 0.2168 0.3411 0.1826 0.0048
2 0.2354 0.0908 0.4263 0.0746 0.1722 0.0009
3 0.3215 0.0981 0.2644 0.0996 0.0914 0.1249
4 0.3313 0.1639 0.1653 0.0757 0.1050 0.1589
5 0.3003 0.1292 0.1954 0.1054 0.1385 0.1312
6 0.3867 0.1650 0.0850 0.1538 0.1991 0.0103
7 0.4470 0.1301 0.0730 0.0486 0.2979 0.0034
8 0.0284 0.0600 0.1261 0.3677 0.1877 0.2301
9 0.1721 0.0537 0.1543 0.4131 0.0865 0.1202
10 0.1195 0.1738 0.1547 0.2715 0.1925 0.0881
11 0.0248 0.0819 0.0872 0.2091 0.5259 0.0712
12 0.2279 0.1182 0.1875 0.1393 0.0920 0.2351
13 0.4109 0.1097 0.2737 0.0625 0.0472 0.0961
14 0.2905 0.1416 0.2028 0.0914 0.1004 0.1735
15 0.1503 0.1198 0.3662 0.3181 0.0135 0.0322
16 0.2559 0.1218 0.0799 0.2639 0.2766 0.0018
17 0.4072 0.2015 0.0990 0.0286 0.2629 0.0007
18 0.3230 0.1757 0.0756 0.0354 0.3896 0.0005
19 0.3230 0.2852 0.0919 0.0414 0.2576 0.0011
20 0.1260 0.5649 0.1605 0.0290 0.1193 0.0003
21 0.1969 0.4102 0.3096 0.0350 0.0457 0.0026
22 0.2964 0.3438 0.2219 0.0265 0.1099 0.0016
23 0.1616 0.5220 0.2583 0.0134 0.0442 0.0005
24 0.2063 0.4167 0.2776 0.0211 0.0771 0.0013
25 0.0895 0.5610 0.3123 0.0183 0.0175 0.0013
26 0.1772 0.4023 0.3608 0.0229 0.0349 0.0018
27 0.1925 0.2844 0.4304 0.0185 0.0681 0.0062
28 0.0475 0.0624 0.1406 0.1301 0.6108 0.0085
29 0.1109 0.1359 0.3750 0.1091 0.2460 0.0231
30 0.2690 0.2795 0.3193 0.0460 0.0789 0.0072
31 0.2712 0.2284 0.3765 0.0324 0.0860 0.0056
32 0.2163 0.4546 0.2081 0.0620 0.0486 0.0104
33 0.1498 0.0370 0.1053 0.1407 0.5566 0.0108
34 0.1583 0.0461 0.1699 0.1132 0.5034 0.0092
35 0.1118 0.0441 0.0270 0.0173 0.7881 0.0118
36 0.1168 0.0472 0.0403 0.0337 0.7378 0.0241
37 0.4009 0.1780 0.3298 0.0188 0.0697 0.0028
38 0.3604 0.1216 0.4417 0.0156 0.0593 0.0015
39 0.2292 0.1469 0.5332 0.0484 0.0405 0.0020
40 0.4709 0.0812 0.1566 0.0256 0.2642 0.0014
41 0.4385 0.0905 0.0963 0.0580 0.3132 0.0036
42 0.5537 0.0303 0.1433 0.1032 0.1649 0.0048
43 0.4683 0.1921 0.1670 0.1130 0.0568 0.0029
44 0.5928 0.0828 0.1354 0.0945 0.0916 0.0027
45 0.5552 0.0858 0.2502 0.0120 0.0950 0.0022
46 0.5557 0.0250 0.1212 0.1230 0.1709 0.0041
47 0.3140 0.0240 0.1460 0.1350 0.3787 0.0023
48 0.1477 0.0527 0.3330 0.0450 0.4111 0.0105
49 0.1086 0.0674 0.1212 0.0546 0.6450 0.0031
50 0.3452 0.2666 0.2177 0.0235 0.1450 0.0021
51 0.3574 0.2615 0.1367 0.0161 0.2273 0.0009
52 0.4006 0.2649 0.2111 0.0246 0.0974 0.0015
53 0.1925 0.1420 0.1387 0.0247 0.4993 0.0030
54 0.2352 0.1904 0.2245 0.0529 0.2905 0.0065
55 0.1661 0.1215 0.2288 0.0835 0.3953 0.0048
56 0.1481 0.2311 0.2056 0.0912 0.3208 0.0034
57 0.2184 0.0626 0.1782 0.2474 0.2825 0.0109
58 0.1146 0.0572 0.0355 0.1164 0.6489 0.0272
59 0.1677 0.1744 0.1458 0.2766 0.2137 0.0218
60 0.2800 0.1292 0.1453 0.0243 0.4170 0.0043
61 0.3914 0.3025 0.1509 0.0155 0.1384 0.0013
62 0.4744 0.1565 0.2122 0.0111 0.1447 0.0012
63 0.3352 0.2590 0.1621 0.0273 0.2130 0.0035
64 0.3303 0.2379 0.1584 0.0656 0.2019 0.0060
65 0.3303 0.0992 0.2915 0.0903 0.1782 0.0104
66 0.3262 0.1328 0.2296 0.0818 0.2140 0.0155
67 0.4487 0.1276 0.1091 0.0496 0.2598 0.0054
68 0.3167 0.2708 0.2408 0.0456 0.1230 0.0033
69 0.4629 0.1125 0.2007 0.0064 0.2169 0.0006
70 0.3389 0.1135 0.3992 0.0414 0.1041 0.0029
71 0.4839 0.0731 0.1293 0.0262 0.2844 0.0032
72 0.5562 0.0199 0.2751 0.0350 0.0908 0.0231
73 0.1469 0.0236 0.0850 0.5498 0.1504 0.0441
74 0.2964 0.0389 0.1116 0.2942 0.2363 0.0227
75 0.2856 0.2791 0.3237 0.0287 0.0825 0.0004
76 0.2310 0.2874 0.3335 0.0411 0.1066 0.0007
77 0.1167 0.0610 0.0560 0.2866 0.4724 0.0074
78 0.4119 0.0598 0.1041 0.2240 0.1786 0.0217
79 0.1907 0.0582 0.0509 0.0670 0.6304 0.0030
80 0.2842 0.0814 0.0901 0.0319 0.5107 0.0016
81 0.3088 0.0763 0.0516 0.0757 0.4822 0.0054
82 0.2313 0.0648 0.1603 0.0301 0.5093 0.0043
83 0.3701 0.0701 0.1289 0.0174 0.4128 0.0008
84 0.2365 0.1743 0.1527 0.0205 0.4119 0.0042
85 0.1832 0.1936 0.0997 0.0406 0.4753 0.0075
86 0.1348 0.1118 0.2578 0.2920 0.1731 0.0305
87 0.3281 0.0662 0.1676 0.0891 0.3257 0.0232
88 0.3135 0.1589 0.1887 0.1652 0.1626 0.0111
89 0.2661 0.0576 0.1084 0.1678 0.3813 0.0188
90 0.3591 0.0847 0.1451 0.2607 0.1342 0.0163
91 0.2844 0.1113 0.3484 0.1014 0.1464 0.0083
92 0.1160 0.1090 0.1840 0.2595 0.3130 0.0185
93 0.2428 0.1804 0.0758 0.2177 0.2729 0.0104
94 0.4492 0.1118 0.1277 0.1118 0.1978 0.0019
95 0.3882 0.1121 0.2487 0.0649 0.1848 0.0013
96 0.0789 0.1670 0.1364 0.5146 0.0944 0.0089
97 0.2218 0.0237 0.1958 0.4412 0.1048 0.0127
98 0.2347 0.0683 0.3469 0.1458 0.1199 0.0844
99 0.2097 0.0692 0.1970 0.1333 0.1570 0.2339
100 0.2415 0.1559 0.2490 0.1659 0.1780 0.0097
101 0.3064 0.1229 0.2581 0.0793 0.2278 0.0054
102 0.1414 0.1019 0.1219 0.4822 0.1414 0.0114
103 0.5356 0.0464 0.1725 0.0158 0.2267 0.0032
104 0.3608 0.0402 0.3389 0.0315 0.2223 0.0065
105 0.3796 0.0353 0.1621 0.0319 0.3857 0.0052
106 0.3347 0.0248 0.2607 0.0385 0.3245 0.0167
107 0.3289 0.1382 0.2664 0.0094 0.2542 0.0030
108 0.3740 0.0983 0.2737 0.0108 0.2415 0.0019
109 0.5708 0.0875 0.1196 0.0197 0.1987 0.0038
110 0.2168 0.1755 0.0602 0.2202 0.3254 0.0016
111 0.1368 0.2070 0.0570 0.3550 0.2421 0.0021
112 0.0582 0.0361 0.0494 0.7373 0.1071 0.0121
113 0.2500 0.2642 0.2405 0.0608 0.1815 0.0031
114 0.3713 0.1466 0.2379 0.0410 0.2003 0.0028
115 0.2617 0.1975 0.3108 0.0058 0.2239 0.0002
116 0.2566 0.1509 0.2932 0.0217 0.2754 0.0022
117 0.2128 0.1417 0.2979 0.0990 0.2430 0.0056
118 0.2131 0.1442 0.1809 0.0592 0.3982 0.0044
119 0.4175 0.0903 0.1500 0.0065 0.3354 0.0005
120 0.3713 0.1324 0.2739 0.0116 0.2100 0.0008
121 0.2394 0.2734 0.1969 0.1242 0.1620 0.0040
122 0.2457 0.0484 0.0890 0.1611 0.4280 0.0278
123 0.3794 0.1644 0.1353 0.1521 0.1594 0.0094
124 0.2590 0.0847 0.0605 0.0999 0.4875 0.0085
125 0.1305 0.1245 0.3630 0.3130 0.0636 0.0054
126 0.2546 0.2627 0.2195 0.1670 0.0930 0.0032
127 0.2054 0.2102 0.4053 0.1285 0.0477 0.0029
128 0.2795 0.1617 0.5059 0.0224 0.0268 0.0035
129 0.1274 0.0540 0.6680 0.1065 0.0267 0.0174
130 0.0735 0.0929 0.2646 0.5513 0.0060 0.0117
131 0.1609 0.5034 0.2651 0.0129 0.0569 0.0010
132 0.3735 0.1849 0.2607 0.1670 0.0132 0.0007
133 0.1713 0.2454 0.1106 0.3569 0.1141 0.0019
134 0.3125 0.0665 0.1365 0.0450 0.4373 0.0021
135 0.2030 0.0746 0.5562 0.0122 0.1532 0.0008
136 0.0998 0.0665 0.1158 0.1620 0.5396 0.0165
137 0.1154 0.0311 0.0545 0.3667 0.4255 0.0069
138 0.1808 0.0443 0.0223 0.3567 0.3916 0.0043
139 0.4958 0.1636 0.2474 0.0117 0.0809 0.0005
140 0.3918 0.2339 0.2549 0.0056 0.1131 0.0007
141 0.4153 0.1153 0.2008 0.0287 0.2384 0.0016
142 0.4543 0.1038 0.0620 0.1451 0.2284 0.0064
143 0.0211 0.0277 0.8359 0.0923 0.0088 0.0143
144 0.0176 0.0286 0.6367 0.1536 0.0237 0.1399
145 0.1270 0.0336 0.1249 0.5688 0.1193 0.0264
146 0.1493 0.0481 0.1482 0.4092 0.2368 0.0085
147 0.1119 0.0318 0.0942 0.6646 0.0668 0.0306
148 0.2720 0.0458 0.0487 0.1198 0.5078 0.0058
149 0.2063 0.0675 0.0901 0.1364 0.4949 0.0051
150 0.3220 0.0522 0.0505 0.0807 0.4910 0.0036
151 0.1064 0.0447 0.0755 0.0427 0.6997 0.0312
152 0.0898 0.0374 0.0941 0.0884 0.5854 0.1050
153 0.0739 0.0511 0.0986 0.1357 0.6040 0.0368
154 0.1702 0.1688 0.5083 0.1389 0.0098 0.0042
155 0.2693 0.0159 0.0345 0.1685 0.4763 0.0356
156 0.2051 0.0140 0.0183 0.1796 0.5576 0.0257
157 0.2279 0.2583 0.0663 0.2316 0.0567 0.1592
