time exciting_prob fearful_prob tense_prob sad_prob relaxing_prob neutral_prob
0 0.2544 0.1372 0.5220 0.0546 0.0302 0.0016
1 0.8247 0.0883 0.0335 0.0093 0.0437 0.0004
2 0.9121 0.0385 0.0200 0.0122 0.0167 0.0004
3 0.6558 0.1620 0.0446 0.0510 0.0834 0.0031
4 0.6660 0.2249 0.0560 0.0065 0.0457 0.0009
5 0.8940 0.0405 0.0066 0.0032 0.0545 0.0011
6 0.9702 0.0153 0.0010 0.0007 0.0125 0.0002
7 0.9722 0.0151 0.0009 0.0014 0.0101 0.0002
8 0.9229 0.0202 0.0074 0.0091 0.0396 0.0008
9 0.2305 0.4409 0.3125 0.0051 0.0100 0.0010
10 0.2146 0.3767 0.3484 0.0416 0.0148 0.0037
11 0.1437 0.4495 0.3501 0.0113 0.0438 0.0019
12 0.7817 0.1118 0.0558 0.0170 0.0333 0.0005
13 0.7334 0.0565 0.0404 0.1315 0.0359 0.0021
14 0.9033 0.0640 0.0179 0.0034 0.0110 0.0002
15 0.2529 0.1332 0.2529 0.3049 0.0295 0.0266
16 0.1844 0.1874 0.3967 0.1328 0.0169 0.0818
17 0.4202 0.2231 0.3350 0.0079 0.0125 0.0012
18 0.1776 0.0873 0.6299 0.0752 0.0209 0.0091
19 0.2505 0.1736 0.4131 0.0746 0.0471 0.0412
20 0.2297 0.3066 0.4326 0.0086 0.0209 0.0014
21 0.4460 0.0537 0.1844 0.2581 0.0497 0.0082
22 0.4197 0.3704 0.1952 0.0034 0.0112 0.0004
23 0.3230 0.1637 0.4019 0.0656 0.0322 0.0136
24 0.2717 0.2051 0.4956 0.0133 0.0117 0.0027
25 0.3804 0.0338 0.3923 0.1636 0.0134 0.0167
26 0.2639 0.3335 0.3870 0.0036 0.0101 0.0018
27 0.3525 0.1381 0.3184 0.1058 0.0612 0.0240
28 0.3159 0.1759 0.4319 0.0276 0.0411 0.0076
29 0.1599 0.3386 0.4773 0.0042 0.0185 0.0015
30 0.3845 0.1137 0.4460 0.0207 0.0313 0.0035
31 0.5396 0.1149 0.2489 0.0713 0.0177 0.0078
32 0.2834 0.2482 0.4253 0.0184 0.0226 0.0021
33 0.4275 0.1561 0.3601 0.0177 0.0320 0.0066
34 0.3564 0.1724 0.4070 0.0288 0.0286 0.0070
35 0.6479 0.1718 0.1552 0.0091 0.0155 0.0006
36 0.3071 0.5518 0.1113 0.0035 0.0258 0.0003
37 0.1650 0.3359 0.4485 0.0263 0.0195 0.0048
38 0.1204 0.6167 0.2130 0.0293 0.0121 0.0087
39 0.4492 0.2332 0.2856 0.0136 0.0122 0.0063
40 0.3611 0.3088 0.2642 0.0289 0.0289 0.0083
41 0.3018 0.3584 0.2881 0.0214 0.0254 0.0050
42 0.3022 0.4607 0.1748 0.0268 0.0323 0.0032
43 0.6348 0.0859 0.2078 0.0316 0.0316 0.0082
44 0.1655 0.4790 0.3369 0.0065 0.0097 0.0024
45 0.3345 0.1290 0.3167 0.1617 0.0521 0.0058
46 0.6357 0.1823 0.1620 0.0062 0.0132 0.0004
47 0.4551 0.1824 0.3276 0.0062 0.0269 0.0017
48 0.7471 0.0500 0.1666 0.0149 0.0202 0.0011
49 0.3943 0.3193 0.0908 0.0664 0.1281 0.0012
50 0.4932 0.2681 0.0694 0.0428 0.1257 0.0008
51 0.3979 0.1105 0.4236 0.0475 0.0172 0.0035
52 0.2466 0.0453 0.4465 0.1617 0.0701 0.0297
53 0.3564 0.1475 0.4268 0.0388 0.0116 0.0189
54 0.4192 0.3164 0.1788 0.0563 0.0233 0.0059
55 0.4297 0.1581 0.2546 0.0981 0.0460 0.0136
56 0.3486 0.1063 0.3857 0.0385 0.1186 0.0023
57 0.4321 0.0545 0.2041 0.2705 0.0183 0.0205
58 0.2524 0.1891 0.2142 0.2126 0.1212 0.0104
59 0.4419 0.1827 0.2832 0.0641 0.0242 0.0039
60 0.6201 0.0460 0.2729 0.0102 0.0493 0.0014
61 0.3193 0.4609 0.1968 0.0173 0.0052 0.0004
62 0.3335 0.3750 0.2617 0.0070 0.0187 0.0042
63 0.1598 0.1410 0.2939 0.2893 0.0338 0.0823
64 0.4536 0.2142 0.2817 0.0189 0.0279 0.0038
65 0.2064 0.4268 0.3325 0.0130 0.0182 0.0031
66 0.3032 0.1366 0.4622 0.0720 0.0183 0.0078
67 0.2054 0.3284 0.4216 0.0171 0.0251 0.0024
68 0.1296 0.1180 0.7119 0.0165 0.0136 0.0106
69 0.2722 0.0399 0.4285 0.2292 0.0207 0.0095
70 0.4912 0.1608 0.3147 0.0136 0.0180 0.0018
71 0.3279 0.0420 0.4958 0.1187 0.0105 0.0050
72 0.1986 0.1465 0.5884 0.0298 0.0286 0.0083
73 0.4226 0.2043 0.3291 0.0206 0.0201 0.0032
74 0.4316 0.1785 0.3467 0.0253 0.0125 0.0053
75 0.3262 0.2622 0.3611 0.0205 0.0274 0.0026
76 0.5264 0.1497 0.1581 0.0629 0.1013 0.0019
77 0.5957 0.1818 0.1068 0.0406 0.0701 0.0050
78 0.4348 0.3440 0.1771 0.0162 0.0217 0.0061
79 0.3601 0.0335 0.5322 0.0444 0.0261 0.0038
80 0.4810 0.1649 0.1715 0.1335 0.0133 0.0357
81 0.2642 0.1191 0.2207 0.2947 0.0320 0.0695
82 0.1577 0.0224 0.5952 0.1844 0.0220 0.0183
83 0.2822 0.0539 0.0923 0.5034 0.0423 0.0258
84 0.7183 0.1437 0.0812 0.0039 0.0524 0.0008
85 0.5312 0.1865 0.1322 0.0587 0.0778 0.0137
86 0.7236 0.1692 0.0623 0.0031 0.0408 0.0007
87 0.4426 0.5137 0.0339 0.0013 0.0086 0.0001
88 0.3215 0.0928 0.1060 0.4062 0.0306 0.0428
89 0.4480 0.1008 0.2417 0.1345 0.0737 0.0013
90 0.4890 0.4053 0.0515 0.0012 0.0528 0.0002
91 0.4087 0.1434 0.3931 0.0313 0.0208 0.0027
92 0.6436 0.2581 0.0942 0.0010 0.0030 0.0003
93 0.1924 0.3247 0.3977 0.0443 0.0256 0.0153
94 0.2477 0.4556 0.2576 0.0261 0.0102 0.0031
95 0.8032 0.1281 0.0316 0.0013 0.0342 0.0015
96 0.4141 0.0454 0.1132 0.3174 0.0854 0.0247
97 0.3279 0.0417 0.3716 0.1586 0.0636 0.0365
98 0.6724 0.2324 0.0544 0.0024 0.0377 0.0007
99 0.6689 0.2072 0.0750 0.0025 0.0455 0.0009
100 0.3677 0.3823 0.2230 0.0083 0.0146 0.0039
101 0.2383 0.0338 0.5044 0.1743 0.0323 0.0170
102 0.5688 0.1094 0.1631 0.1165 0.0387 0.0033
103 0.2482 0.6338 0.0957 0.0058 0.0155 0.0009
104 0.3750 0.4023 0.1614 0.0049 0.0553 0.0009
105 0.3003 0.4873 0.1451 0.0063 0.0605 0.0004
106 0.7261 0.2180 0.0300 0.0011 0.0245 0.0002
107 0.6167 0.3201 0.0426 0.0011 0.0189 0.0006
108 0.7637 0.1614 0.0532 0.0031 0.0180 0.0006
109 0.5161 0.2400 0.1841 0.0081 0.0511 0.0006
110 0.2081 0.4373 0.2913 0.0157 0.0351 0.0128
111 0.2581 0.2042 0.3113 0.1068 0.0533 0.0663
112 0.8555 0.0938 0.0211 0.0008 0.0288 0.0001
113 0.8369 0.1215 0.0237 0.0010 0.0168 0.0002
114 0.8789 0.0540 0.0178 0.0010 0.0481 0.0001
115 0.1844 0.0339 0.1578 0.5684 0.0281 0.0274
116 0.2717 0.6074 0.0539 0.0152 0.0487 0.0029
117 0.1649 0.3032 0.4019 0.0856 0.0084 0.0359
118 0.2155 0.3901 0.2969 0.0739 0.0141 0.0095
119 0.2395 0.1780 0.5527 0.0152 0.0125 0.0023
120 0.2264 0.2751 0.4683 0.0153 0.0134 0.0015
121 0.2649 0.3765 0.2588 0.0867 0.0089 0.0046
122 0.2155 0.3811 0.2172 0.1144 0.0328 0.0392
123 0.1598 0.5981 0.1868 0.0278 0.0218 0.0057
124 0.4180 0.2496 0.2783 0.0075 0.0454 0.0011
125 0.4360 0.2445 0.2371 0.0581 0.0179 0.0066
126 0.3438 0.1378 0.3491 0.1514 0.0145 0.0036
127 0.8218 0.1417 0.0136 0.0010 0.0217 0.0001
128 0.3008 0.3713 0.1525 0.0984 0.0640 0.0129
129 0.1599 0.3333 0.0817 0.3438 0.0312 0.0503
130 0.3259 0.1368 0.4150 0.0520 0.0524 0.0178
131 0.6362 0.1523 0.1323 0.0223 0.0526 0.0042
132 0.7505 0.1702 0.0597 0.0025 0.0162 0.0007
133 0.1954 0.1499 0.3596 0.1766 0.0514 0.0670
134 0.3130 0.1688 0.3545 0.0977 0.0414 0.0247
135 0.3523 0.2639 0.3523 0.0173 0.0114 0.0026
136 0.3425 0.4575 0.1682 0.0144 0.0163 0.0011
137 0.3945 0.3323 0.1864 0.0649 0.0108 0.0111
138 0.2664 0.5864 0.1278 0.0166 0.0021 0.0008
139 0.3816 0.4192 0.0668 0.0819 0.0412 0.0092
140 0.2173 0.2406 0.1733 0.2834 0.0250 0.0604
141 0.5913 0.0653 0.2445 0.0546 0.0381 0.0063
142 0.5840 0.2551 0.1252 0.0036 0.0307 0.0014
143 0.6948 0.0515 0.1716 0.0598 0.0120 0.0101
144 0.3000 0.2527 0.4099 0.0153 0.0133 0.0089
145 0.4321 0.1093 0.3843 0.0441 0.0264 0.0040
146 0.3333 0.2700 0.3494 0.0220 0.0243 0.0012
147 0.4067 0.1509 0.3823 0.0229 0.0347 0.0024
148 0.3245 0.1877 0.3943 0.0586 0.0286 0.0063
149 0.3621 0.1311 0.3765 0.0998 0.0224 0.0080
150 0.0894 0.1113 0.4136 0.2886 0.0275 0.0696
151 0.6929 0.0629 0.2112 0.0214 0.0098 0.0020
152 0.4153 0.2620 0.1100 0.1470 0.0545 0.0113
153 0.3047 0.2356 0.3000 0.1194 0.0316 0.0086
154 0.2036 0.4082 0.2399 0.0715 0.0531 0.0238
155 0.1490 0.3630 0.3958 0.0333 0.0374 0.0215
156 0.3098 0.2888 0.1385 0.1752 0.0629 0.0247
157 0.2966 0.5410 0.0919 0.0148 0.0532 0.0025
158 0.4092 0.3784 0.1349 0.0323 0.0308 0.0142
159 0.4434 0.2111 0.2710 0.0460 0.0154 0.0134
160 0.2449 0.2128 0.4434 0.0331 0.0304 0.0356
161 0.4141 0.3625 0.1572 0.0430 0.0175 0.0055
162 0.3101 0.2001 0.0714 0.2778 0.1243 0.0164
163 0.1619 0.0295 0.2839 0.4263 0.0685 0.0299
164 0.2244 0.0355 0.2837 0.3938 0.0268 0.0360
165 0.1385 0.0518 0.2798 0.4136 0.0881 0.0284
166 0.2264 0.4470 0.2449 0.0345 0.0228 0.0244
167 0.7515 0.1613 0.0515 0.0205 0.0121 0.0031
168 0.2695 0.3379 0.3599 0.0145 0.0149 0.0033
169 0.1132 0.3799 0.4512 0.0353 0.0170 0.0035
170 0.3049 0.3977 0.1037 0.1301 0.0432 0.0204
171 0.5225 0.1498 0.1213 0.0730 0.1281 0.0052
172 0.0496 0.8384 0.0843 0.0191 0.0075 0.0013
173 0.1615 0.1830 0.4290 0.0864 0.0920 0.0481
174 0.1688 0.5757 0.1675 0.0579 0.0278 0.0023
175 0.2854 0.4387 0.2057 0.0418 0.0185 0.0098
176 0.2810 0.5674 0.0824 0.0540 0.0116 0.0035
177 0.1594 0.5610 0.2129 0.0262 0.0329 0.0076
178 0.2413 0.2671 0.3223 0.1204 0.0286 0.0204
179 0.2413 0.4724 0.1985 0.0494 0.0312 0.0071
180 0.2426 0.1996 0.3447 0.1239 0.0576 0.0316
181 0.2908 0.3425 0.3118 0.0079 0.0464 0.0008
182 0.3059 0.1033 0.5244 0.0113 0.0441 0.0107
183 0.2805 0.4846 0.1727 0.0110 0.0433 0.0080
184 0.2927 0.2974 0.3672 0.0136 0.0260 0.0028
185 0.3752 0.0549 0.2461 0.3015 0.0056 0.0167
186 0.2720 0.3716 0.2783 0.0073 0.0651 0.0056
187 0.4719 0.3096 0.1395 0.0309 0.0409 0.0071
188 0.2355 0.2649 0.0765 0.3647 0.0376 0.0209
189 0.3501 0.3420 0.2903 0.0054 0.0112 0.0009
190 0.6089 0.1639 0.1814 0.0217 0.0199 0.0042
191 0.2856 0.4255 0.1859 0.0393 0.0627 0.0011
192 0.2098 0.3198 0.4172 0.0265 0.0181 0.0085
193 0.1375 0.1176 0.5029 0.2130 0.0235 0.0055
194 0.5615 0.1687 0.1648 0.0312 0.0676 0.0060
195 0.1683 0.0998 0.5654 0.1364 0.0195 0.0108
196 0.2386 0.2368 0.5054 0.0054 0.0082 0.0057
197 0.0811 0.5991 0.2384 0.0617 0.0165 0.0030
198 0.0797 0.7212 0.1398 0.0522 0.0054 0.0020
199 0.2568 0.4685 0.2450 0.0137 0.0147 0.0014
200 0.5239 0.2615 0.1825 0.0153 0.0155 0.0012
201 0.4763 0.3223 0.1711 0.0070 0.0211 0.0023
202 0.2969 0.0571 0.3901 0.1814 0.0627 0.0119
203 0.8765 0.0725 0.0356 0.0033 0.0117 0.0003
204 0.9087 0.0633 0.0160 0.0012 0.0106 0.0002
205 0.8984 0.0677 0.0167 0.0012 0.0159 0.0003
206 0.1893 0.2568 0.4797 0.0385 0.0226 0.0131
207 0.2371 0.2028 0.5259 0.0214 0.0113 0.0016
208 0.3477 0.1616 0.3970 0.0614 0.0238 0.0084
209 0.6284 0.1092 0.1638 0.0492 0.0459 0.0037
210 0.5850 0.1990 0.1798 0.0034 0.0325 0.0002
211 0.5264 0.1937 0.2161 0.0339 0.0254 0.0042
212 0.4973 0.2330 0.1978 0.0363 0.0331 0.0025
213 0.4521 0.3181 0.1575 0.0105 0.0603 0.0013
214 0.1824 0.4548 0.3381 0.0107 0.0113 0.0027
215 0.2465 0.2927 0.4226 0.0137 0.0217 0.0027
216 0.2112 0.0777 0.0952 0.2393 0.0596 0.3171
217 0.1688 0.1335 0.1489 0.2656 0.0523 0.2307
218 0.1511 0.0946 0.0875 0.2737 0.0359 0.3569
219 0.6528 0.0817 0.0589 0.0469 0.1152 0.0444
220 0.6289 0.1035 0.0421 0.0151 0.1693 0.0412
221 0.6401 0.1037 0.0378 0.0111 0.1750 0.0321
222 0.6382 0.0994 0.0434 0.0156 0.1527 0.0508
223 0.3203 0.0621 0.0671 0.4114 0.0135 0.1255
