time exciting_prob fearful_prob tense_prob sad_prob relaxing_prob neutral_prob
0 0.1364 0.1184 0.2079 0.3120 0.0685 0.1569
1 0.0213 0.0116 0.0544 0.0045 0.9062 0.0018
2 0.0421 0.0090 0.1278 0.0493 0.7588 0.0130
3 0.0746 0.0167 0.1021 0.0022 0.8027 0.0019
4 0.0905 0.2102 0.4182 0.2421 0.0335 0.0056
5 0.1489 0.2133 0.3057 0.1942 0.1196 0.0184
6 0.2910 0.2266 0.2820 0.0702 0.1232 0.0070
7 0.2900 0.0857 0.2520 0.2404 0.1227 0.0093
8 0.4470 0.1644 0.1750 0.0233 0.1892 0.0010
9 0.5186 0.0670 0.1148 0.0486 0.2489 0.0021
10 0.3394 0.0886 0.2445 0.2563 0.0485 0.0227
11 0.1876 0.4714 0.2771 0.0321 0.0268 0.0048
12 0.1584 0.2396 0.3831 0.1187 0.0200 0.0803
13 0.0782 0.1709 0.2861 0.3242 0.0115 0.1290
14 0.1294 0.5488 0.3081 0.0104 0.0018 0.0014
15 0.0776 0.1519 0.2108 0.3530 0.0177 0.1890
16 0.1415 0.4358 0.2522 0.1289 0.0113 0.0301
17 0.3411 0.1356 0.2101 0.1514 0.0476 0.1143
18 0.0583 0.2271 0.0556 0.6172 0.0133 0.0284
19 0.1039 0.0976 0.1714 0.5195 0.0327 0.0748
20 0.0937 0.0880 0.1384 0.3704 0.2886 0.0209
21 0.1113 0.0634 0.3887 0.3123 0.0742 0.0502
22 0.1865 0.0543 0.2715 0.3274 0.1047 0.0556
23 0.0334 0.0813 0.1111 0.2544 0.5059 0.0140
24 0.0383 0.0934 0.1181 0.1918 0.5459 0.0123
25 0.0889 0.0961 0.7446 0.0454 0.0232 0.0018
26 0.2600 0.1934 0.3904 0.0899 0.0516 0.0146
27 0.2056 0.1171 0.3184 0.3086 0.0207 0.0298
28 0.1671 0.1166 0.2798 0.3538 0.0730 0.0097
29 0.0665 0.0853 0.7144 0.1148 0.0059 0.0130
30 0.0392 0.4382 0.4053 0.1041 0.0100 0.0034
31 0.0451 0.3606 0.3721 0.1677 0.0392 0.0151
32 0.0536 0.2401 0.5083 0.1676 0.0178 0.0127
33 0.0359 0.4731 0.3103 0.1661 0.0042 0.0103
34 0.0202 0.3582 0.5132 0.0964 0.0059 0.0061
35 0.0170 0.3904 0.3088 0.2482 0.0161 0.0193
36 0.0409 0.4036 0.2646 0.1967 0.0648 0.0295
37 0.0111 0.2537 0.5542 0.1469 0.0160 0.0182
38 0.0514 0.2339 0.4043 0.2413 0.0475 0.0216
39 0.0282 0.2981 0.2981 0.3325 0.0180 0.0251
40 0.0864 0.6143 0.1653 0.1154 0.0052 0.0134
41 0.0094 0.6196 0.2075 0.1542 0.0007 0.0085
42 0.0186 0.6147 0.1680 0.1964 0.0006 0.0019
43 0.0430 0.0635 0.1188 0.6836 0.0588 0.0325
44 0.0147 0.5269 0.3794 0.0724 0.0051 0.0015
45 0.0392 0.2089 0.4707 0.1843 0.0927 0.0040
46 0.0577 0.3423 0.4131 0.1520 0.0299 0.0052
47 0.0458 0.4551 0.3545 0.0896 0.0535 0.0017
48 0.0572 0.4028 0.3188 0.0787 0.1318 0.0106
49 0.0366 0.4966 0.3059 0.0414 0.1143 0.0050
50 0.0846 0.0820 0.1907 0.1069 0.5181 0.0175
51 0.0245 0.1388 0.1263 0.6831 0.0130 0.0145
52 0.0379 0.1807 0.1807 0.4988 0.0867 0.0154
53 0.0372 0.1164 0.6802 0.1426 0.0100 0.0134
54 0.0141 0.3950 0.2395 0.3379 0.0079 0.0057
55 0.0259 0.2153 0.3606 0.2808 0.0912 0.0261
56 0.0176 0.3381 0.5400 0.0709 0.0213 0.0119
57 0.0307 0.3301 0.5444 0.0772 0.0141 0.0036
58 0.0752 0.0893 0.2177 0.1320 0.4395 0.0463
59 0.0257 0.4888 0.3059 0.1422 0.0095 0.0278
60 0.0157 0.3970 0.2563 0.3188 0.0076 0.0047
61 0.0325 0.2854 0.1527 0.4932 0.0285 0.0077
62 0.0514 0.0426 0.4438 0.3403 0.1105 0.0115
63 0.0059 0.0091 0.0100 0.0047 0.9697 0.0004
64 0.0077 0.0049 0.0084 0.0052 0.9731 0.0006
65 0.0232 0.2656 0.1255 0.2783 0.2961 0.0113
66 0.0518 0.1893 0.4473 0.2842 0.0087 0.0188
67 0.0160 0.5801 0.3865 0.0161 0.0005 0.0007
68 0.0143 0.6655 0.2952 0.0231 0.0014 0.0006
69 0.0487 0.0703 0.4043 0.0064 0.4512 0.0192
70 0.0340 0.0343 0.2615 0.0125 0.6274 0.0303
71 0.0422 0.0456 0.2078 0.0117 0.6812 0.0117
72 0.0288 0.2000 0.5605 0.1908 0.0066 0.0132
73 0.0462 0.0150 0.1009 0.0263 0.8062 0.0054
74 0.0290 0.0175 0.1777 0.0256 0.7368 0.0135
75 0.0538 0.1556 0.4795 0.2864 0.0155 0.0093
76 0.0386 0.3750 0.1614 0.3931 0.0287 0.0031
77 0.1525 0.2759 0.2183 0.1056 0.0803 0.1674
78 0.0098 0.4597 0.0594 0.3811 0.0837 0.0065
79 0.0304 0.2249 0.2712 0.2284 0.2249 0.0201
80 0.1022 0.0724 0.0471 0.5439 0.0494 0.1851
81 0.0267 0.3599 0.2847 0.2593 0.0606 0.0089
82 0.0506 0.2377 0.2571 0.2268 0.1659 0.0620
83 0.0417 0.4146 0.2554 0.2595 0.0149 0.0141
84 0.0780 0.1527 0.1930 0.0941 0.4778 0.0044
85 0.1340 0.3760 0.1860 0.2108 0.0513 0.0418
86 0.1724 0.1204 0.2319 0.3123 0.0765 0.0867
87 0.0985 0.2852 0.1188 0.2255 0.0043 0.2678
88 0.0085 0.3994 0.2072 0.3694 0.0026 0.0131
89 0.5278 0.1366 0.1254 0.0602 0.0518 0.0984
90 0.0955 0.0911 0.0743 0.6323 0.0111 0.0955
91 0.1070 0.1710 0.1631 0.3914 0.0302 0.1373
92 0.2795 0.3044 0.1630 0.1776 0.0240 0.0513
93 0.1124 0.3801 0.2532 0.2034 0.0074 0.0436
94 0.5356 0.0410 0.0260 0.0748 0.0128 0.3098
95 0.4795 0.2079 0.1353 0.0605 0.0771 0.0397
96 0.1114 0.0999 0.2800 0.4407 0.0073 0.0606
97 0.2325 0.3955 0.2068 0.0798 0.0395 0.0458
98 0.0537 0.0958 0.0287 0.7651 0.0270 0.0299
99 0.0583 0.1514 0.1400 0.3687 0.0359 0.2456
100 0.4980 0.1289 0.1776 0.0886 0.0550 0.0517
101 0.6636 0.0516 0.0259 0.0438 0.0320 0.1829
102 0.1083 0.6846 0.0562 0.0123 0.1287 0.0098
103 0.1786 0.1527 0.5010 0.0571 0.0059 0.1050
104 0.2488 0.3853 0.1473 0.0644 0.0529 0.1013
105 0.3645 0.3882 0.0546 0.1862 0.0059 0.0007
106 0.3030 0.3486 0.1896 0.0803 0.0645 0.0139
107 0.0511 0.1674 0.4919 0.2473 0.0142 0.0282
108 0.1558 0.1158 0.3003 0.3511 0.0264 0.0506
109 0.1486 0.2527 0.2864 0.1212 0.0331 0.1581
110 0.3481 0.2249 0.2146 0.1292 0.0208 0.0624
111 0.3757 0.2522 0.1860 0.1111 0.0405 0.0344
112 0.1295 0.1008 0.4810 0.2069 0.0114 0.0704
113 0.1660 0.1214 0.1088 0.1442 0.0154 0.4441
114 0.1770 0.2006 0.1885 0.0963 0.0503 0.2874
115 0.1057 0.2382 0.3154 0.2964 0.0049 0.0395
116 0.0773 0.1714 0.2236 0.1489 0.0325 0.3462
117 0.1013 0.1982 0.0908 0.4004 0.0551 0.1544
118 0.1488 0.4077 0.2360 0.0153 0.1584 0.0337
119 0.0552 0.0842 0.1000 0.5581 0.0325 0.1702
120 0.1001 0.2678 0.1346 0.2477 0.0598 0.1899
121 0.2500 0.2703 0.2073 0.1978 0.0562 0.0185
122 0.0674 0.0614 0.6450 0.1373 0.0776 0.0111
123 0.0891 0.1423 0.5127 0.0325 0.2205 0.0028
124 0.0795 0.6924 0.1282 0.0867 0.0062 0.0068
125 0.0987 0.0374 0.4783 0.2423 0.1392 0.0040
126 0.3301 0.2651 0.0708 0.2571 0.0446 0.0324
127 0.0956 0.0462 0.7461 0.0673 0.0441 0.0004
128 0.0408 0.0805 0.7520 0.0762 0.0496 0.0012
129 0.0437 0.0362 0.7510 0.0817 0.0561 0.0315
130 0.1394 0.0958 0.2563 0.4160 0.0576 0.0347
131 0.1290 0.1737 0.5522 0.1037 0.0381 0.0033
132 0.1406 0.1631 0.0966 0.2126 0.0195 0.3674
133 0.0730 0.1724 0.7373 0.0085 0.0086 0.0003
134 0.1476 0.1313 0.4656 0.0961 0.1559 0.0036
135 0.0101 0.3096 0.1605 0.5024 0.0068 0.0107
136 0.1041 0.1217 0.3662 0.2722 0.0282 0.1074
137 0.1083 0.6182 0.1256 0.1091 0.0207 0.0181
138 0.3396 0.1996 0.1818 0.1580 0.0533 0.0679
139 0.1327 0.4185 0.2788 0.1083 0.0396 0.0220
140 0.0964 0.1448 0.1947 0.1589 0.0117 0.3933
141 0.5034 0.2083 0.1007 0.0961 0.0305 0.0611
142 0.0732 0.1216 0.1032 0.2871 0.0223 0.3926
143 0.3911 0.3093 0.1086 0.0974 0.0460 0.0475
144 0.2529 0.2231 0.0828 0.3457 0.0237 0.0719
145 0.2620 0.3311 0.1602 0.1691 0.0566 0.0212
146 0.1346 0.1188 0.0792 0.5669 0.0251 0.0755
147 0.2949 0.3396 0.1483 0.1230 0.0701 0.0242
148 0.0710 0.3689 0.3467 0.1490 0.0540 0.0103
149 0.3811 0.1338 0.1228 0.2578 0.0477 0.0566
150 0.1372 0.2428 0.1832 0.3215 0.0482 0.0669
151 0.1083 0.3606 0.2810 0.1208 0.0066 0.1227
152 0.1226 0.1207 0.1550 0.5005 0.0171 0.0843
153 0.0203 0.2566 0.2095 0.4722 0.0233 0.0180
154 0.2068 0.0447 0.0977 0.3203 0.3254 0.0051
155 0.1407 0.3025 0.3538 0.0605 0.1396 0.0030
156 0.2361 0.1115 0.4551 0.1525 0.0362 0.0087
157 0.0475 0.4907 0.1952 0.1982 0.0339 0.0345
158 0.1910 0.6313 0.1039 0.0253 0.0280 0.0206
159 0.1300 0.0293 0.2046 0.4683 0.1593 0.0084
160 0.1909 0.3271 0.2064 0.1140 0.0502 0.1113
161 0.1079 0.2146 0.0605 0.3430 0.0453 0.2285
162 0.0409 0.5518 0.1631 0.1605 0.0292 0.0546
163 0.0574 0.4656 0.4373 0.0032 0.0332 0.0035
164 0.3386 0.5327 0.0798 0.0113 0.0315 0.0061
165 0.1144 0.2120 0.1730 0.3606 0.0383 0.1017
166 0.3113 0.4189 0.2350 0.0123 0.0125 0.0099
167 0.0261 0.3015 0.6382 0.0165 0.0029 0.0149
168 0.2810 0.1759 0.0927 0.3723 0.0266 0.0516
169 0.1598 0.1573 0.0911 0.5239 0.0175 0.0503
170 0.3821 0.2178 0.2144 0.1331 0.0081 0.0446
171 0.3616 0.0131 0.1138 0.4641 0.0435 0.0041
172 0.1476 0.0719 0.2080 0.4688 0.0494 0.0543
173 0.0352 0.5010 0.2600 0.1172 0.0745 0.0120
174 0.0712 0.3188 0.1393 0.2407 0.2261 0.0039
175 0.2551 0.0454 0.2147 0.3379 0.1168 0.0302
176 0.1591 0.1146 0.2208 0.4189 0.0113 0.0751
177 0.0792 0.1305 0.2256 0.4214 0.0817 0.0617
178 0.0677 0.0829 0.0472 0.3435 0.0174 0.4412
179 0.0090 0.2656 0.0773 0.6274 0.0144 0.0060
180 0.1273 0.1196 0.3982 0.2612 0.0522 0.0416
181 0.0807 0.0375 0.5962 0.1036 0.0311 0.1508
182 0.1202 0.1520 0.1877 0.2161 0.0192 0.3047
183 0.1224 0.0665 0.0999 0.5747 0.0367 0.0999
184 0.1219 0.0935 0.4460 0.2107 0.0516 0.0763
185 0.5088 0.0536 0.1127 0.0994 0.0259 0.1993
186 0.7363 0.0853 0.0900 0.0170 0.0482 0.0231
187 0.0964 0.1296 0.1744 0.2072 0.2206 0.1718
188 0.4014 0.0656 0.0743 0.2435 0.0314 0.1838
189 0.2155 0.3086 0.2155 0.1349 0.0844 0.0411
190 0.4023 0.0584 0.0627 0.2944 0.0451 0.1370
191 0.3276 0.3252 0.1169 0.0491 0.0275 0.1536
192 0.1401 0.1161 0.1492 0.4382 0.0185 0.1379
193 0.0504 0.2903 0.1904 0.4224 0.0331 0.0133
194 0.0157 0.6260 0.1738 0.1533 0.0302 0.0013
195 0.1283 0.1345 0.1064 0.4548 0.0476 0.1283
196 0.4312 0.2219 0.1561 0.0677 0.1032 0.0197
197 0.0297 0.5474 0.3535 0.0364 0.0123 0.0209
198 0.0492 0.4707 0.2559 0.1626 0.0445 0.0171
199 0.0168 0.3962 0.5010 0.0598 0.0151 0.0109
200 0.0306 0.5298 0.2583 0.1259 0.0517 0.0035
201 0.1002 0.2366 0.1083 0.4490 0.0191 0.0870
202 0.1907 0.2607 0.1078 0.3677 0.0373 0.0358
203 0.1333 0.3977 0.1312 0.2649 0.0324 0.0403
204 0.1641 0.2856 0.1995 0.2225 0.0934 0.0349
205 0.1779 0.6113 0.1054 0.0319 0.0197 0.0538
206 0.0381 0.3906 0.1172 0.3447 0.0757 0.0338
207 0.0068 0.1962 0.0627 0.7178 0.0007 0.0159
208 0.5220 0.2585 0.0859 0.0663 0.0393 0.0279
209 0.1111 0.2389 0.3369 0.1980 0.0358 0.0794
210 0.0263 0.4624 0.3955 0.0984 0.0056 0.0118
211 0.0368 0.5674 0.2898 0.0744 0.0144 0.0171
212 0.1486 0.3481 0.2096 0.0975 0.1938 0.0023
213 0.1075 0.0762 0.0964 0.4058 0.0262 0.2878
214 0.3447 0.1437 0.1102 0.3289 0.0260 0.0466
215 0.1993 0.3040 0.1136 0.2900 0.0078 0.0851
216 0.0515 0.2871 0.0398 0.0903 0.5278 0.0033
217 0.0910 0.3276 0.1244 0.0640 0.3892 0.0036
218 0.0217 0.2886 0.3269 0.2754 0.0801 0.0072
219 0.0308 0.5811 0.1564 0.2103 0.0124 0.0092
220 0.0158 0.4272 0.5073 0.0430 0.0035 0.0030
221 0.0502 0.3711 0.4272 0.1262 0.0230 0.0022
222 0.0175 0.5439 0.1252 0.3052 0.0004 0.0078
223 0.0108 0.1071 0.0556 0.8164 0.0007 0.0094
224 0.0210 0.1655 0.2605 0.5181 0.0240 0.0111
225 0.0279 0.2109 0.4980 0.2245 0.0256 0.0130
226 0.0436 0.3831 0.1838 0.3542 0.0245 0.0108
227 0.0479 0.2891 0.3328 0.2891 0.0269 0.0144
228 0.0434 0.2942 0.2595 0.3547 0.0184 0.0298
229 0.0227 0.1154 0.3042 0.5420 0.0035 0.0120
230 0.0398 0.1600 0.3132 0.4348 0.0261 0.0259
