time exciting_prob fearful_prob tense_prob sad_prob relaxing_prob neutral_prob
0 0.1257 0.0360 0.0694 0.5996 0.1199 0.0492
1 0.1396 0.4299 0.1486 0.1251 0.1038 0.0530
2 0.0952 0.3591 0.1301 0.3025 0.0530 0.0600
3 0.0986 0.0667 0.0926 0.5166 0.1066 0.1189
4 0.1907 0.0989 0.0782 0.4163 0.1021 0.1138
5 0.1454 0.2252 0.1810 0.3176 0.0465 0.0842
6 0.3345 0.0958 0.0533 0.3293 0.1484 0.0384
7 0.6460 0.0847 0.0262 0.2017 0.0382 0.0033
8 0.7993 0.0503 0.0087 0.1198 0.0200 0.0017
9 0.8125 0.0688 0.0105 0.0762 0.0312 0.0010
10 0.1720 0.1641 0.5381 0.1093 0.0047 0.0121
11 0.2094 0.1967 0.5020 0.0712 0.0063 0.0145
12 0.1268 0.1328 0.5864 0.1172 0.0044 0.0326
13 0.2339 0.0382 0.1765 0.3511 0.0564 0.1440
14 0.3679 0.0122 0.1088 0.4797 0.0135 0.0179
15 0.3914 0.0356 0.0329 0.4648 0.0173 0.0582
16 0.0797 0.3684 0.1234 0.3801 0.0075 0.0407
17 0.1954 0.2712 0.1725 0.2935 0.0228 0.0446
18 0.0930 0.4233 0.2031 0.2302 0.0192 0.0311
19 0.3450 0.1935 0.2092 0.2334 0.0107 0.0085
20 0.2234 0.2844 0.2198 0.1476 0.1039 0.0208
21 0.1503 0.1650 0.3547 0.1676 0.1367 0.0257
22 0.1230 0.1020 0.0973 0.4866 0.0474 0.1438
23 0.1172 0.1602 0.3723 0.2294 0.0668 0.0541
24 0.2396 0.1647 0.5073 0.0551 0.0282 0.0053
25 0.2233 0.1355 0.3352 0.2452 0.0587 0.0021
26 0.1184 0.3591 0.2046 0.2429 0.0163 0.0586
27 0.2203 0.2576 0.2419 0.1826 0.0333 0.0641
28 0.0392 0.0721 0.0411 0.8130 0.0157 0.0187
29 0.0817 0.0804 0.2291 0.3835 0.2086 0.0166
30 0.0861 0.0498 0.0569 0.5112 0.1387 0.1571
31 0.2625 0.0845 0.0432 0.2211 0.2666 0.1221
32 0.3477 0.0782 0.2585 0.2177 0.0914 0.0066
33 0.0823 0.0199 0.0351 0.7114 0.0602 0.0911
34 0.0488 0.0333 0.0291 0.4775 0.1348 0.2764
35 0.1710 0.2179 0.1558 0.3147 0.1204 0.0204
36 0.1005 0.0782 0.1581 0.5693 0.0846 0.0093
37 0.1729 0.0346 0.0570 0.5576 0.0552 0.1226
38 0.2025 0.2520 0.2993 0.1328 0.0871 0.0264
39 0.1971 0.0370 0.3406 0.2869 0.1177 0.0208
40 0.2150 0.1548 0.2201 0.2676 0.1206 0.0220
41 0.1947 0.0757 0.0545 0.4783 0.0934 0.1035
42 0.1186 0.0923 0.1243 0.5317 0.0754 0.0578
43 0.0935 0.2925 0.3845 0.1191 0.0581 0.0521
44 0.1351 0.2371 0.4001 0.0782 0.1052 0.0442
45 0.1017 0.0488 0.0473 0.6948 0.0986 0.0089
46 0.0506 0.1793 0.0887 0.5786 0.0165 0.0861
47 0.0734 0.0411 0.0421 0.6489 0.1027 0.0920
48 0.1797 0.0897 0.5713 0.0970 0.0561 0.0063
49 0.2227 0.0906 0.0567 0.3967 0.1904 0.0428
50 0.1056 0.2101 0.3057 0.1882 0.1107 0.0797
51 0.2217 0.0461 0.2252 0.3030 0.1837 0.0203
52 0.0983 0.0676 0.0999 0.6118 0.0709 0.0514
53 0.1021 0.0435 0.0915 0.6812 0.0443 0.0373
54 0.0944 0.0880 0.1644 0.5391 0.0952 0.0187
55 0.1320 0.2314 0.5381 0.0449 0.0442 0.0093
56 0.0782 0.1351 0.3618 0.3850 0.0285 0.0113
57 0.1886 0.2292 0.0831 0.1180 0.3579 0.0231
58 0.1138 0.0600 0.6108 0.1619 0.0443 0.0093
59 0.0806 0.1298 0.2426 0.4675 0.0415 0.0381
60 0.0917 0.1687 0.4309 0.2654 0.0188 0.0243
61 0.1627 0.0261 0.0325 0.5591 0.1447 0.0751
62 0.0864 0.0213 0.0236 0.7407 0.0424 0.0857
63 0.0906 0.1278 0.4602 0.2581 0.0178 0.0456
64 0.0428 0.0435 0.0425 0.6914 0.0302 0.1495
65 0.1891 0.1193 0.2109 0.3372 0.1383 0.0053
66 0.1884 0.1179 0.0836 0.2917 0.2202 0.0984
67 0.2712 0.2032 0.0494 0.2935 0.1006 0.0821
68 0.1713 0.0708 0.2866 0.3301 0.1272 0.0139
69 0.2194 0.2299 0.2524 0.1708 0.1094 0.0181
70 0.1707 0.3066 0.0965 0.3315 0.0283 0.0663
71 0.0941 0.0291 0.0287 0.7173 0.0837 0.0473
72 0.2610 0.0861 0.1465 0.3052 0.1088 0.0923
73 0.2820 0.0160 0.0309 0.3564 0.2607 0.0538
74 0.3662 0.1009 0.3035 0.1389 0.0876 0.0029
75 0.2478 0.0203 0.2852 0.1412 0.3037 0.0018
76 0.1154 0.0643 0.0545 0.6538 0.1003 0.0114
77 0.2139 0.0381 0.0170 0.6484 0.0554 0.0270
78 0.0843 0.1049 0.0876 0.6084 0.0738 0.0408
79 0.1213 0.2230 0.3735 0.1908 0.0691 0.0223
80 0.3247 0.0874 0.0759 0.3652 0.0620 0.0847
81 0.3750 0.1562 0.0933 0.0325 0.3362 0.0068
82 0.1122 0.0327 0.0464 0.4653 0.2822 0.0610
83 0.1252 0.0703 0.7095 0.0725 0.0204 0.0019
84 0.2837 0.0599 0.2793 0.1890 0.1803 0.0077
85 0.2036 0.0593 0.0124 0.5664 0.1466 0.0114
86 0.1953 0.0923 0.3120 0.2145 0.1364 0.0494
87 0.1985 0.0475 0.1698 0.3948 0.1698 0.0198
88 0.2244 0.0517 0.3020 0.2625 0.1383 0.0214
89 0.4414 0.1107 0.1898 0.0773 0.1783 0.0024
90 0.0803 0.0731 0.0881 0.4338 0.0737 0.2510
91 0.2952 0.3398 0.1617 0.1138 0.0735 0.0158
92 0.1420 0.4373 0.2164 0.1659 0.0362 0.0025
93 0.2566 0.0880 0.0475 0.4365 0.0783 0.0930
94 0.1256 0.1357 0.2659 0.2920 0.0078 0.1730
95 0.1210 0.0638 0.0563 0.6855 0.0250 0.0485
96 0.1926 0.0803 0.0954 0.5488 0.0597 0.0232
97 0.0656 0.0977 0.1714 0.5796 0.0715 0.0142
98 0.0540 0.0325 0.0383 0.4629 0.0575 0.3550
99 0.1072 0.0192 0.0286 0.7803 0.0145 0.0503
100 0.1477 0.0698 0.2512 0.3176 0.2051 0.0085
101 0.1246 0.1576 0.1842 0.4023 0.1208 0.0106
102 0.1581 0.0713 0.4102 0.2527 0.0833 0.0246
103 0.0924 0.1224 0.4077 0.2551 0.0502 0.0720
104 0.1562 0.0750 0.3411 0.3254 0.0862 0.0158
105 0.0277 0.0222 0.8218 0.1129 0.0030 0.0126
106 0.1812 0.0265 0.1305 0.5664 0.0755 0.0199
107 0.0607 0.0346 0.0779 0.7627 0.0527 0.0116
108 0.0570 0.3662 0.1117 0.2153 0.0627 0.1870
109 0.0880 0.1221 0.0591 0.5693 0.1290 0.0326
110 0.2234 0.1488 0.1089 0.4109 0.0552 0.0527
111 0.1788 0.0240 0.0163 0.4939 0.2261 0.0609
112 0.1218 0.0492 0.0751 0.5376 0.1403 0.0762
113 0.1934 0.2856 0.0763 0.1903 0.2388 0.0155
114 0.1826 0.0354 0.2382 0.2742 0.2169 0.0527
115 0.1517 0.0424 0.0489 0.4060 0.3018 0.0493
116 0.3726 0.0580 0.0323 0.1541 0.3162 0.0668
117 0.2537 0.1189 0.1033 0.3521 0.1198 0.0523
118 0.1394 0.0701 0.0446 0.2952 0.3730 0.0776
119 0.2010 0.0603 0.0428 0.3584 0.1382 0.1995
120 0.2805 0.0875 0.0548 0.2783 0.2554 0.0437
121 0.2235 0.0809 0.1525 0.2271 0.2271 0.0889
122 0.0587 0.5273 0.3052 0.0748 0.0300 0.0037
123 0.0337 0.0742 0.2979 0.5068 0.0221 0.0654
124 0.1364 0.2357 0.3171 0.2375 0.0173 0.0560
125 0.0972 0.4563 0.2294 0.0768 0.1154 0.0249
126 0.0949 0.5293 0.2423 0.0455 0.0787 0.0093
127 0.0319 0.0565 0.0569 0.3101 0.4441 0.1006
128 0.1144 0.5767 0.1772 0.0238 0.1034 0.0045
129 0.1715 0.5664 0.0732 0.0174 0.1675 0.0039
130 0.0902 0.1022 0.0241 0.0091 0.7676 0.0068
131 0.1382 0.1482 0.0745 0.0456 0.5864 0.0072
132 0.1035 0.1495 0.0980 0.1860 0.2881 0.1748
133 0.2224 0.2295 0.2405 0.1118 0.0956 0.1002
134 0.2639 0.2966 0.2876 0.0377 0.0798 0.0343
135 0.2001 0.1780 0.0990 0.2979 0.2180 0.0071
136 0.2974 0.1920 0.1891 0.2316 0.0776 0.0124
137 0.1759 0.3752 0.2703 0.1145 0.0594 0.0045
138 0.1733 0.2227 0.1519 0.1616 0.2244 0.0663
139 0.2157 0.2278 0.2242 0.0763 0.2278 0.0281
140 0.0898 0.1705 0.2405 0.1993 0.1787 0.1209
141 0.1217 0.0631 0.2136 0.3467 0.1492 0.1057
142 0.1283 0.1621 0.3174 0.2081 0.1781 0.0059
143 0.1091 0.1664 0.2310 0.2205 0.2700 0.0031
144 0.0561 0.3438 0.1729 0.1599 0.1160 0.1514
145 0.1747 0.3315 0.1382 0.1859 0.1298 0.0399
146 0.0277 0.7031 0.1792 0.0486 0.0230 0.0184
147 0.1473 0.1644 0.1644 0.1241 0.3096 0.0901
148 0.1361 0.0474 0.0521 0.5645 0.1655 0.0344
149 0.0831 0.1266 0.2257 0.4351 0.0177 0.1118
150 0.0591 0.0639 0.6064 0.2128 0.0204 0.0376
151 0.0558 0.1772 0.4595 0.0934 0.1829 0.0313
152 0.0364 0.5703 0.2651 0.0370 0.0560 0.0353
153 0.1969 0.2129 0.2000 0.1849 0.1938 0.0116
154 0.4248 0.2498 0.1066 0.0247 0.1915 0.0025
155 0.3301 0.2216 0.1659 0.1794 0.0968 0.0064
156 0.0889 0.3572 0.3684 0.1244 0.0479 0.0132
157 0.0276 0.2563 0.5957 0.1052 0.0127 0.0023
158 0.1763 0.2194 0.1967 0.2194 0.1847 0.0039
159 0.2622 0.1693 0.1146 0.1747 0.2749 0.0044
160 0.0810 0.2418 0.5581 0.1082 0.0045 0.0064
161 0.1045 0.2690 0.2979 0.3071 0.0152 0.0064
162 0.3096 0.1353 0.1520 0.2690 0.1212 0.0131
163 0.2222 0.2639 0.1857 0.2898 0.0333 0.0053
164 0.2313 0.0608 0.1309 0.1191 0.4531 0.0048
165 0.0659 0.1343 0.4761 0.0426 0.2690 0.0121
166 0.0568 0.2092 0.5259 0.1249 0.0550 0.0281
167 0.1495 0.1721 0.1721 0.1270 0.3191 0.0600
168 0.0388 0.0255 0.1725 0.1925 0.5483 0.0225
169 0.0987 0.1403 0.0972 0.0781 0.5337 0.0524
170 0.1830 0.0576 0.2424 0.4460 0.0585 0.0125
171 0.2378 0.1896 0.3740 0.1559 0.0327 0.0100
172 0.2380 0.0597 0.2380 0.2134 0.2495 0.0012
173 0.1737 0.0730 0.3679 0.2162 0.1683 0.0009
174 0.1145 0.1918 0.5723 0.1093 0.0097 0.0023
175 0.1731 0.1704 0.1626 0.3015 0.1901 0.0024
176 0.4641 0.1278 0.0980 0.1483 0.1506 0.0111
177 0.4143 0.1741 0.2271 0.0969 0.0848 0.0027
178 0.1367 0.2169 0.0743 0.2477 0.3181 0.0063
179 0.1197 0.0962 0.0359 0.1537 0.5894 0.0053
180 0.3279 0.0836 0.1324 0.3545 0.1008 0.0010
181 0.3848 0.0533 0.1350 0.3240 0.1011 0.0018
182 0.1802 0.1154 0.4060 0.1815 0.0728 0.0442
183 0.2089 0.2104 0.3159 0.0466 0.2172 0.0009
184 0.2203 0.1337 0.1276 0.0863 0.4282 0.0040
185 0.3420 0.1667 0.2426 0.1278 0.1136 0.0073
186 0.3540 0.1659 0.3198 0.0938 0.0635 0.0032
187 0.1770 0.0761 0.0786 0.5625 0.1040 0.0020
188 0.3208 0.0994 0.2537 0.1588 0.1652 0.0023
189 0.1266 0.0994 0.1058 0.4055 0.2556 0.0071
190 0.0867 0.4546 0.2510 0.1185 0.0874 0.0018
191 0.2192 0.1997 0.4980 0.0628 0.0193 0.0008
192 0.3804 0.1235 0.1898 0.2400 0.0646 0.0017
193 0.1877 0.0944 0.2668 0.3943 0.0546 0.0022
194 0.2627 0.1682 0.2448 0.1300 0.1936 0.0008
195 0.0484 0.0786 0.2495 0.5537 0.0651 0.0047
196 0.1248 0.0632 0.1577 0.3640 0.2878 0.0024
197 0.2683 0.1888 0.0642 0.1627 0.2812 0.0346
198 0.2059 0.1174 0.0344 0.2837 0.3396 0.0190
199 0.0270 0.0688 0.4558 0.3899 0.0278 0.0305
200 0.1720 0.1980 0.3643 0.1102 0.1460 0.0096
201 0.0926 0.2421 0.2023 0.1600 0.2942 0.0089
202 0.4905 0.0497 0.0546 0.2061 0.1555 0.0435
203 0.1155 0.1003 0.2407 0.4788 0.0425 0.0220
204 0.0454 0.0977 0.2235 0.5796 0.0433 0.0103
205 0.3220 0.1893 0.1953 0.2145 0.0777 0.0012
206 0.1648 0.0737 0.4343 0.2051 0.1089 0.0132
207 0.0615 0.0277 0.0353 0.5830 0.0814 0.2112
208 0.1559 0.0946 0.0784 0.4729 0.1262 0.0720
209 0.1331 0.1120 0.3191 0.2729 0.1555 0.0074
210 0.2166 0.3406 0.2435 0.0743 0.1205 0.0045
211 0.0938 0.1698 0.3594 0.2321 0.1185 0.0264
212 0.2251 0.1647 0.4075 0.1132 0.0771 0.0125
213 0.1406 0.1509 0.1261 0.3794 0.1968 0.0061
214 0.1090 0.0856 0.1245 0.6079 0.0687 0.0042
215 0.1208 0.1843 0.5088 0.1066 0.0328 0.0466
216 0.2512 0.3274 0.2415 0.1355 0.0319 0.0125
217 0.3582 0.2025 0.3391 0.0613 0.0363 0.0025
218 0.1021 0.3882 0.2795 0.1279 0.0989 0.0034
219 0.0989 0.2795 0.4067 0.0981 0.1138 0.0026
220 0.2333 0.1146 0.5298 0.0958 0.0262 0.0004
221 0.1431 0.1323 0.1214 0.4653 0.1158 0.0221
222 0.3066 0.2351 0.3042 0.0442 0.1093 0.0005
223 0.2542 0.3115 0.2927 0.0493 0.0906 0.0017
224 0.2998 0.5098 0.0604 0.0219 0.1069 0.0010
225 0.1038 0.4404 0.2610 0.0888 0.0983 0.0076
226 0.0639 0.1849 0.2096 0.3855 0.0327 0.1232
227 0.1190 0.3064 0.2090 0.3186 0.0234 0.0236
228 0.2167 0.2134 0.3862 0.1466 0.0203 0.0167
229 0.0453 0.1556 0.7603 0.0183 0.0176 0.0031
230 0.0721 0.2329 0.6230 0.0196 0.0477 0.0044
231 0.0484 0.1913 0.6997 0.0145 0.0371 0.0090
232 0.2168 0.3521 0.2102 0.1562 0.0308 0.0341
233 0.1489 0.0803 0.1072 0.5278 0.0179 0.1178
234 0.0628 0.0751 0.7954 0.0516 0.0113 0.0037
235 0.1521 0.2196 0.5107 0.0827 0.0271 0.0079
236 0.4194 0.1951 0.0422 0.2905 0.0509 0.0021
237 0.7993 0.1016 0.0377 0.0454 0.0159 0.0001
238 0.1794 0.0796 0.0861 0.3052 0.0446 0.3052
239 0.4692 0.1547 0.1168 0.1499 0.0999 0.0095
240 0.4705 0.1552 0.1171 0.1479 0.1002 0.0093
241 0.6797 0.2009 0.0532 0.0056 0.0603 0.0003
