time exciting_prob fearful_prob tense_prob sad_prob relaxing_prob neutral_prob
0 0.2031 0.1938 0.0821 0.2649 0.0364 0.2196
1 0.5952 0.0599 0.0956 0.2123 0.0121 0.0249
2 0.5342 0.0838 0.1011 0.2333 0.0137 0.0341
3 0.5283 0.0548 0.1188 0.2495 0.0068 0.0417
4 0.1656 0.3293 0.1250 0.2299 0.0482 0.1020
5 0.4333 0.2489 0.2393 0.0610 0.0155 0.0020
6 0.0848 0.3459 0.4045 0.0342 0.1243 0.0063
7 0.0169 0.2842 0.2979 0.0162 0.2979 0.0873
8 0.1672 0.1752 0.2358 0.1014 0.1583 0.1621
9 0.2155 0.1564 0.1858 0.0837 0.2461 0.1127
10 0.0133 0.3438 0.2849 0.0129 0.2805 0.0646
11 0.1591 0.0381 0.0481 0.0151 0.6538 0.0858
12 0.1624 0.0548 0.0630 0.0181 0.5493 0.1525
13 0.0146 0.2881 0.2279 0.0141 0.3369 0.1183
14 0.0141 0.1522 0.2114 0.0084 0.5483 0.0655
15 0.0173 0.0515 0.1316 0.0215 0.6582 0.1199
16 0.0147 0.0587 0.1302 0.0104 0.6211 0.1647
17 0.0280 0.1196 0.1635 0.0703 0.5884 0.0302
18 0.0339 0.1683 0.2062 0.0353 0.5347 0.0214
19 0.0334 0.1667 0.2245 0.0159 0.5059 0.0537
20 0.0185 0.1639 0.1746 0.0259 0.4746 0.1425
21 0.0456 0.2705 0.2705 0.0235 0.3262 0.0637
22 0.0377 0.3306 0.5454 0.0761 0.0053 0.0051
23 0.0878 0.1733 0.3906 0.1542 0.0108 0.1831
24 0.0940 0.1611 0.6177 0.0392 0.0101 0.0779
25 0.0343 0.1187 0.4622 0.2361 0.0205 0.1283
26 0.1724 0.1223 0.3735 0.1176 0.0277 0.1864
27 0.1924 0.1985 0.3621 0.1418 0.0610 0.0443
28 0.0934 0.1553 0.2642 0.2122 0.0383 0.2367
29 0.0493 0.4941 0.2881 0.0684 0.0706 0.0294
30 0.1300 0.1819 0.4905 0.0908 0.0846 0.0222
31 0.1575 0.1274 0.3777 0.1467 0.0163 0.1743
32 0.0789 0.0783 0.2842 0.1969 0.0163 0.3455
33 0.1748 0.2883 0.2013 0.2390 0.0403 0.0563
34 0.0375 0.2224 0.2642 0.0316 0.2600 0.1844
35 0.0215 0.1266 0.1456 0.1001 0.4629 0.1434
36 0.0259 0.0903 0.1124 0.1072 0.5796 0.0848
37 0.0583 0.2610 0.2452 0.2490 0.0269 0.1595
38 0.0459 0.1787 0.4563 0.2559 0.0087 0.0545
39 0.0167 0.0709 0.4209 0.3774 0.0042 0.1098
40 0.0106 0.0368 0.1080 0.0076 0.7861 0.0510
41 0.0113 0.0277 0.0378 0.0072 0.8608 0.0551
42 0.0161 0.0678 0.1034 0.0637 0.3337 0.4153
43 0.0409 0.1438 0.1394 0.0463 0.2708 0.3586
44 0.0634 0.3025 0.4758 0.0922 0.0096 0.0564
45 0.0042 0.1387 0.2844 0.5396 0.0016 0.0314
46 0.0251 0.1470 0.1565 0.0289 0.5996 0.0428
47 0.0443 0.4199 0.4758 0.0189 0.0103 0.0309
48 0.0448 0.1613 0.1125 0.0473 0.6182 0.0161
49 0.0244 0.2192 0.1818 0.0467 0.4788 0.0493
50 0.0526 0.3511 0.2778 0.0670 0.1006 0.1510
51 0.0526 0.0742 0.1006 0.0189 0.7153 0.0382
52 0.0232 0.0622 0.1587 0.5044 0.0798 0.1716
53 0.0591 0.4829 0.1069 0.0609 0.0358 0.2544
54 0.0052 0.0098 0.0563 0.0116 0.8271 0.0900
55 0.0061 0.0204 0.0571 0.0180 0.7886 0.1101
56 0.0293 0.3542 0.4341 0.0269 0.0491 0.1064
57 0.0211 0.0785 0.2271 0.0070 0.5195 0.1466
58 0.0099 0.0321 0.0680 0.0068 0.7778 0.1053
59 0.0496 0.2559 0.3235 0.0369 0.1237 0.2104
60 0.0606 0.1768 0.2847 0.0855 0.0772 0.3152
61 0.0276 0.3413 0.1057 0.1152 0.1274 0.2830
62 0.0944 0.4756 0.1907 0.0275 0.1331 0.0789
63 0.0656 0.4082 0.2515 0.0721 0.0925 0.1099
64 0.0247 0.0414 0.0632 0.0667 0.0097 0.7944
65 0.0209 0.1591 0.0439 0.0633 0.0108 0.7021
66 0.1021 0.3591 0.4541 0.0172 0.0376 0.0300
67 0.0327 0.0400 0.1054 0.1375 0.0078 0.6768
68 0.0865 0.3018 0.3162 0.0088 0.0793 0.2074
69 0.0127 0.1317 0.1886 0.0242 0.5996 0.0434
70 0.0362 0.3354 0.4307 0.0737 0.0606 0.0635
71 0.1092 0.1050 0.2969 0.2240 0.0338 0.2312
72 0.0125 0.0179 0.0634 0.0314 0.7363 0.1384
73 0.0274 0.0177 0.0537 0.0363 0.8403 0.0246
74 0.0206 0.0486 0.0624 0.0268 0.8218 0.0199
75 0.0695 0.2244 0.3640 0.0980 0.0567 0.1874
76 0.0500 0.1976 0.5371 0.0823 0.1237 0.0094
77 0.0529 0.3787 0.2445 0.1681 0.0599 0.0958
78 0.0299 0.1614 0.3694 0.0333 0.3210 0.0850
79 0.0086 0.0224 0.0405 0.0070 0.8652 0.0562
80 0.0861 0.4336 0.3123 0.0665 0.0569 0.0446
81 0.0389 0.2185 0.5410 0.0883 0.0925 0.0210
82 0.0155 0.1066 0.1285 0.0196 0.5005 0.2292
83 0.1169 0.3894 0.2986 0.0221 0.1561 0.0170
84 0.0589 0.3208 0.4851 0.0646 0.0104 0.0602
85 0.0648 0.2791 0.4602 0.0806 0.0141 0.1011
86 0.0206 0.0299 0.0936 0.0086 0.7710 0.0764
87 0.0833 0.2046 0.1982 0.2429 0.0145 0.2566
88 0.0708 0.1851 0.2097 0.1583 0.0108 0.3652
89 0.1787 0.2925 0.4934 0.0096 0.0127 0.0129
90 0.0367 0.1120 0.4128 0.1183 0.0035 0.3167
91 0.1365 0.4238 0.3198 0.0510 0.0295 0.0391
92 0.1078 0.2448 0.4539 0.1121 0.0221 0.0595
93 0.0182 0.0424 0.1153 0.0371 0.0170 0.7700
94 0.0530 0.1620 0.3767 0.2284 0.0436 0.1364
95 0.1281 0.3000 0.3508 0.1087 0.0394 0.0729
96 0.0833 0.3000 0.4133 0.1061 0.0307 0.0664
97 0.0367 0.1394 0.1630 0.0372 0.5869 0.0367
98 0.0116 0.0182 0.0278 0.1305 0.7866 0.0253
99 0.0517 0.1329 0.2859 0.0695 0.1309 0.3291
100 0.0296 0.0171 0.0392 0.0444 0.8242 0.0458
101 0.0352 0.1119 0.2561 0.0116 0.5771 0.0084
102 0.0205 0.1234 0.1334 0.0075 0.7100 0.0054
103 0.0081 0.0239 0.0483 0.0215 0.7803 0.1178
104 0.0837 0.1639 0.2642 0.1403 0.0034 0.3445
105 0.0161 0.2067 0.3801 0.2115 0.1039 0.0816
106 0.0220 0.0500 0.1564 0.2172 0.3159 0.2385
107 0.2493 0.0522 0.2612 0.3516 0.0531 0.0327
108 0.3123 0.0340 0.2357 0.3887 0.0157 0.0137
109 0.0517 0.1697 0.0724 0.0275 0.0130 0.6655
110 0.0511 0.1171 0.1527 0.1266 0.0516 0.5010
111 0.0561 0.3777 0.2576 0.0804 0.0199 0.2085
112 0.0408 0.1392 0.2294 0.0135 0.1553 0.4219
113 0.0495 0.1143 0.0756 0.2576 0.0105 0.4927
114 0.0389 0.0598 0.0677 0.0363 0.0401 0.7573
115 0.1405 0.3093 0.3533 0.1103 0.0181 0.0685
116 0.0405 0.2139 0.1447 0.0541 0.0418 0.5049
117 0.0658 0.2949 0.3066 0.1578 0.0558 0.1191
118 0.4338 0.1672 0.2002 0.0708 0.0841 0.0440
119 0.0311 0.4973 0.4124 0.0313 0.0253 0.0025
120 0.0451 0.1008 0.1757 0.0823 0.0553 0.5410
121 0.0718 0.0922 0.0696 0.2111 0.0162 0.5391
122 0.0584 0.0721 0.3413 0.0798 0.1125 0.3359
123 0.0342 0.1014 0.1686 0.3860 0.0091 0.3005
124 0.0193 0.1096 0.2510 0.0065 0.5396 0.0742
125 0.1219 0.2463 0.2174 0.0585 0.1035 0.2522
126 0.0839 0.1350 0.0723 0.0276 0.1554 0.5259
127 0.0277 0.1096 0.3003 0.4041 0.0122 0.1464
128 0.1215 0.3328 0.1660 0.0443 0.0681 0.2673
129 0.0731 0.0692 0.0556 0.1512 0.0338 0.6172
130 0.1479 0.2942 0.1161 0.0140 0.1469 0.2808
131 0.3013 0.3467 0.1411 0.0322 0.0377 0.1411
132 0.0752 0.0277 0.0375 0.0272 0.0428 0.7896
133 0.1879 0.1354 0.3884 0.1849 0.0771 0.0262
134 0.1359 0.1370 0.5854 0.0532 0.0455 0.0428
135 0.0420 0.2739 0.1913 0.1324 0.0167 0.3435
136 0.0778 0.1808 0.4839 0.0178 0.0923 0.1476
137 0.1053 0.1982 0.1593 0.1473 0.0707 0.3193
138 0.1655 0.2211 0.2505 0.2372 0.0966 0.0292
139 0.0472 0.1214 0.1713 0.0760 0.0094 0.5747
140 0.1829 0.1144 0.1552 0.1626 0.0837 0.3013
141 0.0333 0.2122 0.3782 0.2854 0.0059 0.0850
142 0.0411 0.2764 0.5669 0.0101 0.0300 0.0756
143 0.1848 0.3914 0.2062 0.1250 0.0759 0.0168
144 0.2030 0.3562 0.2030 0.1619 0.0422 0.0337
145 0.0948 0.3550 0.3721 0.0662 0.0291 0.0830
146 0.0276 0.1707 0.3669 0.0405 0.1128 0.2815
147 0.0234 0.2380 0.3804 0.0417 0.0469 0.2698
148 0.0756 0.1843 0.4026 0.1962 0.0184 0.1228
149 0.1340 0.4062 0.3396 0.0695 0.0258 0.0248
150 0.1538 0.3604 0.3010 0.0933 0.0462 0.0454
151 0.0206 0.0795 0.0629 0.1343 0.0047 0.6978
152 0.0529 0.3821 0.1819 0.1174 0.0172 0.2485
153 0.1216 0.2698 0.5117 0.0491 0.0105 0.0371
154 0.0483 0.1882 0.6416 0.0417 0.0185 0.0616
155 0.0776 0.7651 0.0554 0.0361 0.0219 0.0439
156 0.0678 0.1993 0.6143 0.0207 0.0452 0.0528
157 0.2141 0.2522 0.1775 0.1155 0.0199 0.2208
158 0.0862 0.0472 0.0704 0.0351 0.0557 0.7056
159 0.0384 0.0668 0.0554 0.0673 0.0425 0.7295
160 0.0259 0.0946 0.1355 0.0343 0.0105 0.6992
161 0.0658 0.1146 0.1404 0.1426 0.0231 0.5137
162 0.2365 0.3083 0.2637 0.0515 0.0238 0.1161
163 0.0117 0.1484 0.1095 0.1848 0.0192 0.5264
164 0.1083 0.0864 0.0428 0.1504 0.0313 0.5811
165 0.0598 0.0627 0.2292 0.0473 0.0335 0.5674
166 0.2520 0.3262 0.3210 0.0399 0.0537 0.0071
167 0.0860 0.2712 0.4910 0.0555 0.0944 0.0019
168 0.1074 0.2220 0.0414 0.2186 0.0359 0.3748
169 0.0393 0.3293 0.4297 0.0789 0.0311 0.0915
170 0.1390 0.6685 0.1171 0.0121 0.0177 0.0455
171 0.0593 0.2007 0.2742 0.3206 0.0677 0.0773
172 0.0716 0.2991 0.3416 0.0246 0.0994 0.1638
173 0.0195 0.0576 0.0886 0.0219 0.0107 0.8018
174 0.0735 0.3218 0.2773 0.0497 0.0252 0.2524
175 0.1112 0.3269 0.4575 0.0246 0.0378 0.0419
176 0.0414 0.1785 0.7168 0.0312 0.0099 0.0220
177 0.0329 0.5659 0.2454 0.0430 0.0081 0.1047
178 0.0450 0.3569 0.4241 0.0239 0.0124 0.1377
179 0.0420 0.0523 0.3987 0.4736 0.0119 0.0215
180 0.0400 0.3535 0.2839 0.0425 0.0482 0.2318
181 0.0533 0.1164 0.7896 0.0131 0.0090 0.0189
182 0.0432 0.2888 0.4136 0.0923 0.0543 0.1079
183 0.0334 0.1725 0.7095 0.0403 0.0070 0.0376
184 0.0224 0.1451 0.5605 0.0277 0.0047 0.2393
185 0.0448 0.2172 0.5293 0.0292 0.0051 0.1746
186 0.1531 0.2524 0.1310 0.3760 0.0048 0.0826
187 0.0505 0.1484 0.2817 0.3245 0.0071 0.1877
188 0.0331 0.3672 0.3142 0.2524 0.0014 0.0316
189 0.0798 0.3518 0.4114 0.0947 0.0071 0.0552
190 0.2213 0.2393 0.4541 0.0350 0.0115 0.0388
191 0.2075 0.4001 0.2334 0.0859 0.0073 0.0658
192 0.3130 0.2185 0.1016 0.2344 0.0325 0.1000
193 0.1030 0.0821 0.4402 0.1985 0.0105 0.1658
194 0.1532 0.2585 0.2690 0.1417 0.0091 0.1683
195 0.0460 0.1997 0.3069 0.3242 0.0068 0.1165
196 0.0565 0.2115 0.3711 0.2803 0.0047 0.0760
197 0.0396 0.1146 0.2091 0.5176 0.0116 0.1076
198 0.0191 0.0374 0.0535 0.8110 0.0034 0.0754
199 0.0165 0.1018 0.1003 0.6538 0.0067 0.1209
200 0.1613 0.2766 0.4524 0.0143 0.0188 0.0768
201 0.0272 0.4526 0.3665 0.0363 0.0673 0.0500
202 0.0835 0.1225 0.5752 0.1151 0.0289 0.0749
203 0.1450 0.1708 0.3730 0.1310 0.0258 0.1543
204 0.0199 0.0595 0.8086 0.0674 0.0009 0.0439
205 0.0117 0.0739 0.7822 0.0739 0.0005 0.0576
206 0.0348 0.3223 0.1621 0.3828 0.0262 0.0719
207 0.0230 0.2053 0.5410 0.1216 0.0056 0.1033
208 0.0517 0.1544 0.6973 0.0449 0.0042 0.0475
209 0.0504 0.2500 0.5767 0.0349 0.0344 0.0536
210 0.0603 0.1653 0.1978 0.1887 0.0745 0.3135
211 0.0156 0.0418 0.3137 0.6045 0.0020 0.0224
212 0.1246 0.1025 0.5986 0.1368 0.0120 0.0253
213 0.0294 0.5464 0.1802 0.2042 0.0141 0.0258
214 0.0885 0.0913 0.6538 0.0638 0.0278 0.0745
215 0.0667 0.0511 0.5493 0.1226 0.0142 0.1959
216 0.0925 0.2289 0.4080 0.1648 0.0720 0.0338
217 0.0461 0.0947 0.5845 0.0715 0.0162 0.1869
218 0.0379 0.1753 0.7437 0.0143 0.0188 0.0102
219 0.0506 0.4009 0.2284 0.0302 0.1608 0.1292
220 0.0594 0.3611 0.4565 0.0220 0.0252 0.0757
221 0.0401 0.1348 0.1503 0.4282 0.1757 0.0710
222 0.0543 0.1823 0.2065 0.3301 0.1852 0.0416
223 0.0164 0.3149 0.4954 0.1071 0.0012 0.0650
224 0.0117 0.4260 0.3589 0.1240 0.0024 0.0770
225 0.0134 0.4216 0.5005 0.0083 0.0021 0.0540
226 0.0159 0.2412 0.6064 0.0587 0.0048 0.0730
227 0.0136 0.2167 0.6777 0.0368 0.0014 0.0535
228 0.0111 0.2959 0.5889 0.0337 0.0013 0.0692
229 0.0147 0.3247 0.2197 0.0130 0.0297 0.3979
230 0.0551 0.0521 0.1240 0.0669 0.0669 0.6348
231 0.1339 0.1979 0.2277 0.2405 0.0227 0.1774
232 0.0706 0.2141 0.3557 0.0256 0.0858 0.2483
233 0.0725 0.2198 0.2869 0.0232 0.1063 0.2913
234 0.0054 0.8530 0.0695 0.0673 0.0018 0.0032
235 0.0067 0.4590 0.3689 0.0904 0.0028 0.0721
236 0.0748 0.2216 0.2434 0.0687 0.1158 0.2759
237 0.1875 0.0942 0.1052 0.0751 0.0402 0.4978
238 0.0192 0.2273 0.5039 0.1057 0.0059 0.1378
239 0.0204 0.4780 0.4490 0.0224 0.0059 0.0246
240 0.0116 0.2754 0.4832 0.0252 0.0268 0.1777
241 0.0259 0.1932 0.3186 0.3040 0.0018 0.1565
242 0.0230 0.0792 0.1469 0.2830 0.0014 0.4666
243 0.0306 0.5220 0.3940 0.0294 0.0044 0.0195
244 0.0365 0.3462 0.4514 0.1345 0.0065 0.0251
245 0.0339 0.5645 0.2390 0.0533 0.0321 0.0770
246 0.0108 0.2563 0.6445 0.0752 0.0019 0.0114
247 0.0031 0.4771 0.2437 0.2676 0.0006 0.0077
248 0.0176 0.3757 0.3999 0.0653 0.0034 0.1382
249 0.0056 0.3032 0.6421 0.0079 0.0031 0.0380
250 0.1086 0.1556 0.4297 0.0217 0.0997 0.1848
251 0.0121 0.1436 0.4058 0.1504 0.0051 0.2832
252 0.0106 0.0419 0.6562 0.1140 0.0008 0.1766
253 0.0232 0.0598 0.1841 0.0249 0.0133 0.6948
254 0.0668 0.3040 0.2834 0.0093 0.1403 0.1963
255 0.0111 0.2230 0.1353 0.0163 0.5605 0.0538
256 0.1372 0.4363 0.2061 0.0563 0.0936 0.0706
257 0.1527 0.2346 0.2808 0.0188 0.1412 0.1718
258 0.0117 0.0823 0.8188 0.0162 0.0007 0.0704
259 0.0822 0.3030 0.3831 0.0450 0.0436 0.1431
260 0.0746 0.0900 0.1036 0.0701 0.5347 0.1270
261 0.0237 0.0914 0.0489 0.0090 0.6855 0.1415
262 0.0206 0.2676 0.2939 0.0469 0.1782 0.1927
263 0.1202 0.2126 0.4065 0.0609 0.0207 0.1790
264 0.1716 0.2103 0.3992 0.0374 0.0238 0.1576
265 0.0046 0.0383 0.0108 0.0040 0.9287 0.0135
266 0.0051 0.0392 0.0135 0.0017 0.9336 0.0069
267 0.0043 0.0354 0.0157 0.0030 0.9272 0.0144
268 0.1167 0.2957 0.4653 0.0191 0.0502 0.0530
269 0.0651 0.3284 0.3838 0.0317 0.0870 0.1041
270 0.0258 0.3169 0.3025 0.0158 0.0765 0.2627
271 0.0327 0.2096 0.2776 0.0332 0.0959 0.3511
272 0.0313 0.2480 0.3723 0.0160 0.1493 0.1830
273 0.0044 0.0211 0.0160 0.0050 0.9282 0.0255
274 0.0068 0.0572 0.0207 0.0043 0.8950 0.0161
275 0.0102 0.0590 0.0246 0.0053 0.8804 0.0209
276 0.0120 0.0900 0.0412 0.0064 0.8271 0.0235
277 0.0097 0.0686 0.0203 0.0025 0.8892 0.0097
278 0.0135 0.0750 0.0251 0.0039 0.8716 0.0108
279 0.0101 0.0359 0.0182 0.0040 0.9121 0.0194
280 0.0114 0.1603 0.1268 0.0190 0.3967 0.2856
281 0.0201 0.0619 0.0490 0.0240 0.8281 0.0168
282 0.0157 0.0580 0.0617 0.0352 0.8125 0.0171
283 0.1136 0.1553 0.1349 0.1288 0.0181 0.4492
