time exciting_prob fearful_prob tense_prob sad_prob relaxing_prob neutral_prob
0 0.1411 0.1066 0.1599 0.3181 0.0986 0.1757
1 0.1377 0.2218 0.5796 0.0476 0.0046 0.0087
2 0.0853 0.3762 0.3943 0.0669 0.0735 0.0040
3 0.1036 0.0604 0.6597 0.1120 0.0555 0.0086
4 0.0169 0.0493 0.9219 0.0048 0.0048 0.0024
5 0.1232 0.1683 0.1440 0.3855 0.0233 0.1558
6 0.0570 0.1082 0.7749 0.0215 0.0335 0.0051
7 0.0814 0.1643 0.6973 0.0155 0.0378 0.0036
8 0.1102 0.0478 0.7534 0.0509 0.0339 0.0039
9 0.0734 0.1052 0.7593 0.0396 0.0125 0.0100
10 0.1520 0.0054 0.7842 0.0235 0.0206 0.0145
11 0.0137 0.0034 0.9155 0.0428 0.0058 0.0187
12 0.0520 0.0054 0.9224 0.0015 0.0181 0.0006
13 0.0965 0.2727 0.3420 0.1846 0.0590 0.0452
14 0.0995 0.1392 0.1802 0.4822 0.0717 0.0274
15 0.1003 0.3447 0.1578 0.2949 0.0845 0.0177
16 0.2615 0.1549 0.3687 0.1225 0.0676 0.0251
17 0.0945 0.2913 0.3770 0.1177 0.0881 0.0317
18 0.1525 0.4622 0.1421 0.1205 0.0289 0.0939
19 0.2136 0.1306 0.6328 0.0038 0.0170 0.0022
20 0.0901 0.1212 0.5874 0.0747 0.1222 0.0043
21 0.1151 0.1853 0.5239 0.0842 0.0760 0.0156
22 0.1248 0.2313 0.2971 0.1403 0.1844 0.0222
23 0.1346 0.0726 0.2255 0.4626 0.0862 0.0185
24 0.0545 0.0898 0.1627 0.5503 0.0424 0.1002
25 0.1876 0.1384 0.5347 0.0701 0.0634 0.0058
26 0.1231 0.1791 0.4536 0.1484 0.0839 0.0117
27 0.1624 0.1649 0.3411 0.2184 0.0969 0.0164
28 0.0854 0.0931 0.6509 0.1168 0.0423 0.0114
29 0.2852 0.0484 0.5454 0.0308 0.0843 0.0063
30 0.1915 0.3013 0.2786 0.0933 0.1246 0.0105
31 0.3933 0.1705 0.2224 0.0276 0.1772 0.0088
32 0.1438 0.3167 0.2859 0.1279 0.1155 0.0103
33 0.1064 0.2551 0.5488 0.0450 0.0348 0.0099
34 0.1584 0.1283 0.3921 0.1635 0.1283 0.0295
35 0.1940 0.2181 0.4915 0.0560 0.0119 0.0284
36 0.2615 0.1661 0.4277 0.0383 0.0939 0.0124
37 0.2217 0.2491 0.4841 0.0194 0.0243 0.0014
38 0.1604 0.1309 0.6445 0.0053 0.0581 0.0009
39 0.1876 0.1484 0.0685 0.5181 0.0509 0.0266
40 0.1036 0.4194 0.4607 0.0020 0.0142 0.0002
41 0.1630 0.1604 0.6245 0.0189 0.0262 0.0070
42 0.0609 0.3506 0.5513 0.0272 0.0061 0.0037
43 0.0768 0.7236 0.1815 0.0151 0.0027 0.0003
44 0.2495 0.1356 0.4277 0.0726 0.1073 0.0072
45 0.1135 0.2257 0.3811 0.1050 0.1492 0.0255
46 0.3091 0.0497 0.2369 0.3240 0.0316 0.0489
47 0.4954 0.1940 0.2097 0.0239 0.0731 0.0041
48 0.3257 0.1074 0.2659 0.1885 0.0220 0.0905
49 0.1356 0.4050 0.3657 0.0671 0.0223 0.0042
50 0.1932 0.1403 0.3611 0.1238 0.1403 0.0415
51 0.0968 0.1431 0.5400 0.1672 0.0345 0.0186
52 0.0320 0.1188 0.7510 0.0641 0.0220 0.0121
53 0.2639 0.1267 0.5088 0.0799 0.0111 0.0095
54 0.1168 0.1511 0.2847 0.3406 0.0703 0.0365
55 0.2095 0.1078 0.4368 0.1683 0.0379 0.0397
56 0.0974 0.1130 0.5264 0.1820 0.0685 0.0126
57 0.1256 0.1306 0.2988 0.1562 0.2764 0.0123
58 0.4031 0.2333 0.1919 0.0668 0.0825 0.0226
59 0.1360 0.3135 0.3933 0.0787 0.0657 0.0127
60 0.1129 0.1833 0.1847 0.3533 0.1053 0.0605
61 0.1406 0.1202 0.3047 0.3293 0.0513 0.0538
62 0.3691 0.1539 0.3208 0.1108 0.0218 0.0234
63 0.3079 0.1597 0.4514 0.0302 0.0461 0.0046
64 0.1534 0.1738 0.4138 0.1836 0.0645 0.0109
65 0.2493 0.2612 0.3054 0.0889 0.0835 0.0117
66 0.2588 0.2776 0.3481 0.0591 0.0494 0.0068
67 0.0860 0.0747 0.7607 0.0281 0.0226 0.0279
68 0.1497 0.1232 0.6816 0.0331 0.0096 0.0029
69 0.2030 0.1683 0.5063 0.0820 0.0347 0.0053
70 0.0402 0.1289 0.7651 0.0474 0.0134 0.0051
71 0.3286 0.1425 0.4634 0.0133 0.0466 0.0057
72 0.0970 0.0352 0.5498 0.2722 0.0060 0.0398
73 0.1316 0.2478 0.4316 0.0823 0.0941 0.0126
74 0.5034 0.0748 0.3433 0.0070 0.0703 0.0014
75 0.2637 0.1160 0.3518 0.1812 0.0636 0.0238
76 0.1942 0.2717 0.3462 0.0855 0.0869 0.0156
77 0.3997 0.2542 0.2900 0.0207 0.0323 0.0032
78 0.1238 0.0333 0.0787 0.7466 0.0069 0.0105
79 0.1185 0.1022 0.2866 0.3511 0.0547 0.0867
80 0.1624 0.2783 0.4810 0.0377 0.0199 0.0206
81 0.5059 0.0782 0.2583 0.1240 0.0155 0.0180
82 0.1532 0.1078 0.3562 0.3071 0.0624 0.0135
83 0.0431 0.2310 0.5244 0.0667 0.1226 0.0122
84 0.2729 0.2354 0.4329 0.0118 0.0456 0.0013
85 0.2031 0.1594 0.3003 0.1835 0.1354 0.0183
86 0.3291 0.1628 0.3672 0.1052 0.0129 0.0229
87 0.2605 0.1138 0.4573 0.1121 0.0107 0.0456
88 0.0781 0.2463 0.6338 0.0276 0.0050 0.0091
89 0.0265 0.1675 0.7275 0.0616 0.0062 0.0105
90 0.5361 0.0969 0.2805 0.0062 0.0779 0.0022
91 0.2507 0.3000 0.3452 0.0297 0.0735 0.0007
92 0.4478 0.1477 0.2632 0.0087 0.1304 0.0021
93 0.0912 0.1493 0.6904 0.0445 0.0185 0.0061
94 0.6147 0.0794 0.2279 0.0030 0.0740 0.0008
95 0.2230 0.1194 0.5352 0.0446 0.0759 0.0019
96 0.2380 0.1525 0.3574 0.1284 0.0889 0.0348
97 0.1555 0.2563 0.3789 0.1438 0.0590 0.0062
98 0.1266 0.1743 0.6084 0.0515 0.0363 0.0027
99 0.2017 0.1453 0.4875 0.0416 0.1046 0.0193
100 0.0991 0.3301 0.4619 0.0195 0.0861 0.0033
101 0.1750 0.1045 0.4434 0.2318 0.0271 0.0182
102 0.1068 0.0311 0.7769 0.0279 0.0369 0.0204
103 0.1697 0.1271 0.6504 0.0237 0.0264 0.0025
104 0.1606 0.3025 0.4333 0.0801 0.0217 0.0017
105 0.1769 0.3862 0.2150 0.1525 0.0661 0.0034
106 0.5469 0.1086 0.1818 0.0051 0.1567 0.0008
107 0.1042 0.1101 0.2260 0.4895 0.0452 0.0249
108 0.2465 0.1846 0.5469 0.0089 0.0092 0.0042
109 0.3093 0.1581 0.4719 0.0460 0.0124 0.0023
110 0.1492 0.3523 0.3469 0.0864 0.0589 0.0063
111 0.1307 0.1732 0.3994 0.2349 0.0549 0.0069
112 0.2441 0.1871 0.4351 0.0405 0.0912 0.0020
113 0.2498 0.4150 0.2991 0.0101 0.0257 0.0004
114 0.1260 0.2688 0.2061 0.2566 0.1300 0.0126
115 0.2471 0.3738 0.1895 0.1510 0.0356 0.0032
116 0.2212 0.0930 0.1373 0.4907 0.0228 0.0350
117 0.1622 0.1007 0.6880 0.0093 0.0388 0.0008
118 0.2002 0.0760 0.4729 0.1376 0.0362 0.0772
119 0.3823 0.3455 0.1384 0.0175 0.1148 0.0015
120 0.2915 0.1064 0.4375 0.1168 0.0215 0.0263
121 0.3311 0.1190 0.5010 0.0111 0.0363 0.0017
122 0.2559 0.1873 0.5249 0.0109 0.0153 0.0056
123 0.1659 0.1407 0.2932 0.3171 0.0479 0.0350
124 0.2158 0.0950 0.6147 0.0148 0.0555 0.0038
125 0.2642 0.0571 0.5859 0.0512 0.0138 0.0278
126 0.1177 0.2915 0.5195 0.0583 0.0034 0.0096
127 0.2231 0.2047 0.4614 0.0439 0.0649 0.0017
128 0.1342 0.3000 0.4946 0.0443 0.0235 0.0037
129 0.3213 0.1542 0.4531 0.0174 0.0512 0.0027
130 0.0709 0.0479 0.2150 0.3831 0.0072 0.2759
131 0.2028 0.2297 0.3701 0.0746 0.1183 0.0045
132 0.2961 0.1610 0.4241 0.0223 0.0903 0.0064
133 0.2676 0.2051 0.3228 0.1432 0.0332 0.0282
134 0.2008 0.0994 0.1978 0.4387 0.0357 0.0276
135 0.2859 0.2484 0.3586 0.0599 0.0452 0.0019
136 0.2722 0.2023 0.3037 0.1434 0.0617 0.0166
137 0.2006 0.0738 0.3206 0.2874 0.0289 0.0890
138 0.2727 0.1517 0.3936 0.1043 0.0525 0.0252
139 0.2678 0.2456 0.3604 0.0389 0.0823 0.0052
140 0.1742 0.0677 0.3411 0.3804 0.0132 0.0234
141 0.2620 0.1359 0.5088 0.0338 0.0553 0.0044
142 0.1876 0.3022 0.3506 0.0350 0.1183 0.0061
143 0.3076 0.1465 0.2822 0.1808 0.0681 0.0147
144 0.3718 0.1389 0.3577 0.0368 0.0891 0.0057
145 0.3376 0.2377 0.2651 0.1055 0.0419 0.0121
146 0.2722 0.2274 0.3442 0.0549 0.0912 0.0101
147 0.2610 0.1132 0.5527 0.0163 0.0522 0.0047
148 0.1934 0.2058 0.3420 0.1382 0.1110 0.0096
149 0.2256 0.2222 0.3523 0.1306 0.0651 0.0043
150 0.2856 0.2057 0.4221 0.0594 0.0193 0.0081
151 0.2087 0.0926 0.3132 0.3284 0.0140 0.0431
152 0.5044 0.1625 0.2458 0.0524 0.0208 0.0139
153 0.0952 0.0381 0.0915 0.6450 0.0373 0.0930
154 0.1023 0.1007 0.1809 0.5444 0.0236 0.0479
155 0.2174 0.1329 0.4824 0.1350 0.0133 0.0191
156 0.3079 0.1454 0.3984 0.0433 0.0999 0.0051
157 0.3625 0.1158 0.4878 0.0050 0.0216 0.0073
158 0.1763 0.2952 0.2446 0.1790 0.1004 0.0045
159 0.3218 0.0914 0.4131 0.1069 0.0581 0.0088
160 0.2947 0.2024 0.2461 0.0642 0.1042 0.0884
161 0.1836 0.0822 0.3540 0.2715 0.0754 0.0334
162 0.1794 0.2081 0.3298 0.1006 0.1672 0.0147
163 0.2271 0.2759 0.2343 0.0611 0.1334 0.0682
164 0.1901 0.0745 0.3389 0.3335 0.0238 0.0392
165 0.2834 0.2314 0.3757 0.0920 0.0090 0.0082
166 0.0658 0.0452 0.1733 0.5957 0.0148 0.1052
167 0.4500 0.1299 0.2815 0.0525 0.0653 0.0209
168 0.2568 0.0639 0.1820 0.3977 0.0367 0.0629
169 0.2705 0.1360 0.3813 0.1746 0.0146 0.0231
170 0.3870 0.1237 0.2240 0.2039 0.0371 0.0244
171 0.0903 0.1344 0.2695 0.3149 0.0655 0.1254
172 0.0986 0.3132 0.3311 0.1379 0.0607 0.0584
173 0.3586 0.0717 0.3215 0.1890 0.0215 0.0375
174 0.1466 0.1477 0.3303 0.3228 0.0159 0.0368
175 0.1313 0.1263 0.5571 0.0815 0.0828 0.0208
176 0.1422 0.2764 0.4382 0.0891 0.0431 0.0111
177 0.1191 0.0899 0.1707 0.4565 0.0222 0.1415
178 0.0614 0.0591 0.1013 0.5874 0.0279 0.1631
179 0.0731 0.1080 0.1055 0.5884 0.0861 0.0388
180 0.1068 0.2642 0.4602 0.0384 0.1257 0.0048
181 0.2343 0.2551 0.1674 0.0472 0.2937 0.0022
182 0.1100 0.0927 0.1552 0.5166 0.0424 0.0831
183 0.3169 0.1451 0.3765 0.0471 0.1104 0.0040
184 0.2622 0.1085 0.1816 0.2406 0.0899 0.1172
185 0.1393 0.1846 0.5215 0.0700 0.0812 0.0034
186 0.1992 0.3135 0.4026 0.0125 0.0662 0.0061
187 0.4053 0.1959 0.3083 0.0404 0.0380 0.0120
188 0.2468 0.2527 0.3508 0.0795 0.0559 0.0143
189 0.0762 0.0779 0.2598 0.4775 0.0688 0.0398
190 0.2053 0.0940 0.4485 0.1959 0.0247 0.0315
191 0.1512 0.1622 0.2494 0.1754 0.1782 0.0835
192 0.2408 0.1351 0.5601 0.0486 0.0096 0.0059
193 0.3442 0.1639 0.2206 0.0668 0.1962 0.0083
194 0.3486 0.1500 0.1224 0.2673 0.0191 0.0924
195 0.2125 0.1309 0.2815 0.2075 0.1531 0.0146
196 0.3035 0.1702 0.1315 0.1226 0.2656 0.0066
197 0.1111 0.1077 0.2279 0.3999 0.0313 0.1220
198 0.4019 0.1265 0.3154 0.0427 0.1099 0.0034
199 0.1747 0.1307 0.1530 0.3813 0.1360 0.0242
200 0.1080 0.1204 0.3325 0.3596 0.0367 0.0429
201 0.3076 0.1659 0.3027 0.1312 0.0815 0.0109
202 0.3135 0.3062 0.2311 0.0068 0.1390 0.0035
203 0.2524 0.1155 0.3970 0.0746 0.1183 0.0422
204 0.2365 0.2659 0.3467 0.0779 0.0710 0.0022
205 0.2256 0.2496 0.4053 0.0850 0.0265 0.0080
206 0.2524 0.1103 0.3789 0.1997 0.0384 0.0201
207 0.0824 0.1266 0.5249 0.2188 0.0335 0.0141
208 0.4514 0.0917 0.3984 0.0253 0.0302 0.0029
209 0.2908 0.1104 0.4038 0.0413 0.1521 0.0016
210 0.3315 0.1094 0.3530 0.1472 0.0384 0.0204
211 0.5264 0.1617 0.1450 0.0164 0.1495 0.0012
212 0.4353 0.1218 0.2878 0.0381 0.0898 0.0272
213 0.2649 0.2394 0.3679 0.0796 0.0443 0.0038
214 0.1054 0.2302 0.5610 0.0506 0.0498 0.0032
215 0.4087 0.2329 0.2681 0.0558 0.0310 0.0035
216 0.2942 0.1613 0.3577 0.1025 0.0762 0.0081
217 0.2329 0.5166 0.1976 0.0139 0.0380 0.0009
218 0.2629 0.0854 0.3074 0.2800 0.0385 0.0258
219 0.2162 0.1893 0.2063 0.1232 0.2489 0.0162
220 0.2365 0.1227 0.4021 0.1479 0.0739 0.0169
221 0.5684 0.1146 0.2209 0.0034 0.0921 0.0005
222 0.4456 0.2240 0.2311 0.0428 0.0520 0.0046
223 0.4773 0.1074 0.2698 0.0261 0.1143 0.0051
224 0.1979 0.1085 0.6641 0.0082 0.0199 0.0014
225 0.3103 0.3276 0.3008 0.0359 0.0230 0.0025
226 0.2761 0.1884 0.1943 0.0693 0.2325 0.0392
227 0.2805 0.3035 0.1959 0.0933 0.0992 0.0276
228 0.3176 0.1584 0.3657 0.0284 0.1187 0.0110
229 0.3738 0.1140 0.2822 0.1794 0.0275 0.0230
230 0.1353 0.1251 0.2671 0.2820 0.1078 0.0827
231 0.2688 0.1069 0.2335 0.3345 0.0222 0.0342
232 0.2710 0.1509 0.4131 0.0486 0.1053 0.0111
233 0.3171 0.0983 0.4507 0.0256 0.1006 0.0077
234 0.1547 0.1865 0.5439 0.0429 0.0703 0.0018
235 0.2605 0.0929 0.4397 0.0859 0.1156 0.0054
236 0.2920 0.0774 0.4595 0.0948 0.0455 0.0308
237 0.3440 0.3181 0.2439 0.0496 0.0247 0.0199
238 0.2988 0.1091 0.4021 0.0843 0.1025 0.0033
239 0.1136 0.0906 0.4158 0.2333 0.1339 0.0128
240 0.1133 0.0368 0.1754 0.5845 0.0332 0.0569
241 0.3042 0.1844 0.3936 0.0438 0.0470 0.0268
242 0.1469 0.1368 0.5718 0.0441 0.0978 0.0025
243 0.1860 0.2010 0.1831 0.2141 0.0567 0.1591
244 0.1473 0.1260 0.4036 0.0674 0.2029 0.0529
245 0.2571 0.0923 0.3889 0.0828 0.1571 0.0219
246 0.2145 0.0724 0.5693 0.0486 0.0915 0.0036
247 0.1770 0.1422 0.5986 0.0389 0.0335 0.0095
248 0.0411 0.2664 0.6592 0.0184 0.0115 0.0037
249 0.0631 0.3494 0.5161 0.0451 0.0229 0.0033
250 0.3257 0.2070 0.2722 0.0756 0.1083 0.0113
251 0.0898 0.1034 0.6138 0.1653 0.0101 0.0175
252 0.2112 0.4006 0.1045 0.1619 0.0385 0.0833
253 0.2603 0.0690 0.5908 0.0061 0.0728 0.0009
254 0.2712 0.0634 0.6260 0.0089 0.0293 0.0012
255 0.2927 0.0845 0.5869 0.0043 0.0304 0.0010
256 0.2316 0.0907 0.6396 0.0053 0.0316 0.0014
257 0.1462 0.1606 0.1877 0.2649 0.0376 0.2030
258 0.1462 0.1606 0.1877 0.2649 0.0376 0.2030
