time exciting_prob fearful_prob tense_prob sad_prob relaxing_prob neutral_prob
0 0.0141 0.3486 0.1097 0.5151 0.0021 0.0102
1 0.0195 0.3850 0.0958 0.4944 0.0020 0.0032
2 0.0196 0.3813 0.0964 0.4973 0.0020 0.0032
3 0.0201 0.4270 0.0931 0.4546 0.0021 0.0030
4 0.0201 0.4275 0.0924 0.4551 0.0021 0.0030
5 0.0204 0.4395 0.0958 0.4395 0.0019 0.0029
6 0.0202 0.4351 0.0978 0.4419 0.0020 0.0029
7 0.0419 0.1406 0.1497 0.3269 0.3269 0.0138
8 0.0252 0.0950 0.0524 0.0301 0.7949 0.0024
9 0.0293 0.0930 0.0364 0.0241 0.8159 0.0015
10 0.0253 0.0897 0.0374 0.0223 0.8242 0.0011
11 0.0273 0.1937 0.0795 0.0517 0.6455 0.0025
12 0.0233 0.1060 0.0633 0.0233 0.7832 0.0009
13 0.0178 0.0822 0.0483 0.0205 0.8306 0.0009
14 0.0214 0.0988 0.0618 0.0154 0.8018 0.0010
15 0.2323 0.1324 0.3542 0.1700 0.0999 0.0110
16 0.2428 0.0729 0.4980 0.1279 0.0513 0.0071
17 0.0919 0.2537 0.4595 0.1469 0.0462 0.0018
18 0.1335 0.4377 0.2698 0.1197 0.0356 0.0036
19 0.1002 0.3525 0.3364 0.1296 0.0313 0.0500
20 0.0386 0.2556 0.4021 0.2595 0.0300 0.0143
21 0.0349 0.3665 0.5166 0.0174 0.0516 0.0130
22 0.0115 0.0643 0.0334 0.0084 0.8745 0.0078
23 0.0166 0.1431 0.0841 0.0197 0.7266 0.0100
24 0.0165 0.1202 0.0966 0.0229 0.7368 0.0069
25 0.1550 0.0925 0.2439 0.3718 0.1016 0.0351
26 0.1450 0.2281 0.2773 0.2372 0.1013 0.0111
27 0.3850 0.0712 0.2410 0.2605 0.0096 0.0329
28 0.6274 0.1400 0.1346 0.0744 0.0132 0.0100
29 0.1978 0.0705 0.1829 0.4971 0.0085 0.0434
30 0.1333 0.0790 0.3567 0.3679 0.0140 0.0490
31 0.5132 0.0352 0.3367 0.0935 0.0111 0.0102
32 0.6182 0.0756 0.1539 0.1180 0.0041 0.0301
33 0.4871 0.1879 0.2820 0.0244 0.0072 0.0115
34 0.0300 0.1637 0.5986 0.2006 0.0051 0.0020
35 0.1168 0.0923 0.4138 0.2935 0.0443 0.0391
36 0.1047 0.1431 0.6025 0.1132 0.0156 0.0209
37 0.0605 0.1985 0.5928 0.1131 0.0060 0.0291
38 0.0609 0.1693 0.4463 0.3020 0.0184 0.0033
39 0.0739 0.0694 0.6089 0.1691 0.0421 0.0366
40 0.0763 0.2881 0.4189 0.1382 0.0333 0.0452
41 0.0427 0.1661 0.2003 0.4807 0.0461 0.0640
42 0.1906 0.0758 0.1681 0.5181 0.0212 0.0264
43 0.0420 0.1141 0.3406 0.4878 0.0059 0.0096
44 0.2195 0.0467 0.3733 0.2773 0.0746 0.0085
45 0.0509 0.1508 0.6348 0.1461 0.0155 0.0017
46 0.0428 0.2747 0.5298 0.1278 0.0188 0.0062
47 0.0323 0.0934 0.5132 0.3313 0.0212 0.0089
48 0.1697 0.1835 0.4136 0.1938 0.0370 0.0023
49 0.0216 0.0976 0.6992 0.1560 0.0206 0.0051
50 0.1164 0.0872 0.7241 0.0599 0.0096 0.0027
51 0.1072 0.1674 0.6885 0.0289 0.0061 0.0020
52 0.1469 0.0994 0.4595 0.2103 0.0739 0.0101
53 0.0499 0.3203 0.3687 0.2101 0.0317 0.0191
54 0.1045 0.0922 0.0568 0.6812 0.0367 0.0286
55 0.0431 0.3782 0.2294 0.2725 0.0678 0.0091
56 0.0331 0.1174 0.1555 0.1310 0.5347 0.0285
57 0.0324 0.1896 0.2847 0.1366 0.3174 0.0394
58 0.1357 0.0203 0.4182 0.3308 0.0641 0.0305
59 0.0571 0.2559 0.3667 0.2642 0.0481 0.0081
60 0.0604 0.0752 0.1832 0.6396 0.0233 0.0184
61 0.0275 0.2286 0.5747 0.1409 0.0239 0.0043
62 0.0096 0.3052 0.2866 0.3738 0.0216 0.0034
63 0.1549 0.1016 0.2761 0.1324 0.3279 0.0072
64 0.1361 0.3020 0.3938 0.1044 0.0384 0.0254
65 0.0393 0.2732 0.0944 0.3193 0.2646 0.0092
66 0.0385 0.1973 0.0661 0.1741 0.5200 0.0042
67 0.0508 0.3335 0.2722 0.0333 0.2944 0.0160
68 0.1399 0.2399 0.1989 0.2218 0.1868 0.0127
69 0.1381 0.2832 0.3635 0.1199 0.0891 0.0062
70 0.0672 0.4736 0.2786 0.1400 0.0263 0.0142
71 0.1586 0.1688 0.3408 0.3008 0.0172 0.0136
72 0.1212 0.0690 0.1709 0.4868 0.1310 0.0212
73 0.0894 0.0789 0.1696 0.5562 0.0776 0.0286
74 0.2385 0.0244 0.3994 0.2349 0.0905 0.0123
75 0.1246 0.0843 0.6528 0.1083 0.0253 0.0045
76 0.0609 0.0974 0.2729 0.5103 0.0453 0.0133
77 0.0365 0.3491 0.5161 0.0829 0.0081 0.0070
78 0.0258 0.2859 0.6245 0.0581 0.0034 0.0024
79 0.1215 0.3953 0.2759 0.1660 0.0404 0.0010
80 0.0690 0.4263 0.4067 0.0712 0.0264 0.0003
81 0.1072 0.1824 0.3276 0.2115 0.1536 0.0179
82 0.1155 0.2444 0.3906 0.1448 0.0964 0.0083
83 0.0964 0.0493 0.5215 0.2925 0.0303 0.0100
84 0.1685 0.0547 0.1969 0.4507 0.1038 0.0256
85 0.0606 0.1769 0.4412 0.0232 0.2554 0.0427
86 0.0588 0.1501 0.4624 0.0220 0.2698 0.0371
87 0.2046 0.1241 0.4612 0.1498 0.0547 0.0057
88 0.0844 0.0301 0.6431 0.2155 0.0194 0.0074
89 0.0111 0.0630 0.0651 0.1039 0.7446 0.0122
90 0.0140 0.0358 0.0638 0.0929 0.7778 0.0159
91 0.0217 0.0528 0.0474 0.1101 0.7524 0.0156
92 0.0240 0.0762 0.0682 0.0715 0.7339 0.0263
93 0.0546 0.1904 0.3240 0.3291 0.0900 0.0120
94 0.0318 0.4158 0.2996 0.1995 0.0474 0.0061
95 0.0490 0.1376 0.5439 0.1910 0.0645 0.0137
96 0.1021 0.1331 0.5874 0.1581 0.0132 0.0062
97 0.0825 0.1566 0.5913 0.1471 0.0147 0.0079
98 0.2095 0.0702 0.2195 0.4434 0.0138 0.0436
99 0.3516 0.0754 0.1910 0.3354 0.0249 0.0218
100 0.1689 0.2656 0.5200 0.0230 0.0187 0.0035
101 0.0599 0.0497 0.1119 0.7412 0.0186 0.0186
102 0.0530 0.1087 0.2776 0.5186 0.0277 0.0143
103 0.1067 0.3135 0.2769 0.2856 0.0086 0.0089
104 0.3250 0.1523 0.3684 0.0875 0.0597 0.0071
105 0.1238 0.3667 0.4321 0.0399 0.0320 0.0054
106 0.1564 0.2460 0.5127 0.0452 0.0325 0.0072
107 0.2864 0.3145 0.2820 0.0826 0.0258 0.0089
108 0.2231 0.1176 0.3567 0.2529 0.0439 0.0059
109 0.1086 0.1631 0.4038 0.2864 0.0108 0.0273
110 0.0623 0.1876 0.3396 0.3789 0.0198 0.0118
111 0.1455 0.1334 0.6831 0.0073 0.0286 0.0019
112 0.2058 0.2368 0.5054 0.0172 0.0260 0.0090
113 0.1072 0.2510 0.5317 0.0676 0.0084 0.0342
114 0.1080 0.0578 0.2888 0.3652 0.0075 0.1725
115 0.1747 0.1628 0.2947 0.1888 0.0236 0.1553
116 0.2827 0.1526 0.1216 0.1074 0.1335 0.2021
117 0.0983 0.5479 0.2629 0.0610 0.0219 0.0078
118 0.2754 0.1428 0.2886 0.2588 0.0177 0.0168
119 0.1420 0.1055 0.6167 0.0888 0.0235 0.0237
120 0.2988 0.2419 0.4314 0.0160 0.0101 0.0016
121 0.1113 0.2394 0.5068 0.0982 0.0324 0.0121
122 0.1324 0.2020 0.5576 0.0621 0.0417 0.0041
123 0.1122 0.1122 0.4404 0.1620 0.0246 0.1487
124 0.1477 0.1536 0.2571 0.3860 0.0118 0.0437
125 0.0807 0.1848 0.5347 0.1406 0.0533 0.0058
126 0.1974 0.2006 0.2151 0.3748 0.0074 0.0048
127 0.1307 0.1692 0.4819 0.1746 0.0050 0.0386
128 0.1081 0.2003 0.5361 0.1151 0.0195 0.0210
129 0.1848 0.0724 0.1581 0.4502 0.0143 0.1202
130 0.2362 0.1197 0.1284 0.3438 0.0484 0.1235
131 0.0663 0.0470 0.2350 0.5215 0.0102 0.1201
132 0.0813 0.0403 0.4260 0.4463 0.0017 0.0044
133 0.1902 0.1277 0.3418 0.1602 0.1692 0.0112
134 0.1147 0.0826 0.2544 0.5059 0.0299 0.0123
135 0.1274 0.1537 0.4177 0.2344 0.0199 0.0469
136 0.2354 0.1202 0.3022 0.1832 0.0839 0.0752
137 0.3130 0.3130 0.2118 0.1134 0.0253 0.0234
138 0.0360 0.1360 0.7827 0.0308 0.0080 0.0064
139 0.1350 0.1437 0.3501 0.0590 0.3088 0.0035
140 0.2256 0.1255 0.5625 0.0540 0.0287 0.0037
141 0.1581 0.2588 0.5391 0.0314 0.0110 0.0016
142 0.1788 0.3420 0.3906 0.0712 0.0139 0.0033
143 0.1436 0.3186 0.5093 0.0207 0.0050 0.0031
144 0.0764 0.1907 0.5430 0.1847 0.0042 0.0010
145 0.1021 0.2908 0.5474 0.0513 0.0053 0.0033
146 0.0145 0.2172 0.5903 0.1692 0.0058 0.0029
147 0.0337 0.0714 0.2825 0.4375 0.1635 0.0116
148 0.0539 0.1398 0.5884 0.1196 0.0968 0.0015
149 0.0429 0.1147 0.3591 0.3535 0.1281 0.0017
150 0.1137 0.1603 0.3728 0.2903 0.0459 0.0169
151 0.1039 0.1399 0.3684 0.3252 0.0468 0.0157
152 0.0852 0.2646 0.3789 0.2263 0.0336 0.0114
153 0.0925 0.4480 0.3176 0.0189 0.0984 0.0245
154 0.0609 0.3289 0.4224 0.0220 0.0793 0.0865
155 0.3406 0.3125 0.2778 0.0319 0.0275 0.0097
156 0.1714 0.2698 0.4883 0.0327 0.0186 0.0191
157 0.1838 0.2695 0.5278 0.0129 0.0043 0.0017
158 0.2444 0.3755 0.2812 0.0554 0.0372 0.0062
159 0.1335 0.0947 0.2004 0.4734 0.0932 0.0047
160 0.1149 0.7266 0.0909 0.0178 0.0475 0.0025
161 0.1037 0.7031 0.0482 0.0071 0.1342 0.0039
162 0.1478 0.6470 0.0606 0.0120 0.1254 0.0072
163 0.2864 0.1923 0.0691 0.1046 0.3245 0.0231
164 0.1595 0.3171 0.1571 0.2712 0.0539 0.0410
165 0.0196 0.4795 0.1737 0.0419 0.2776 0.0079
166 0.0475 0.2800 0.0692 0.0539 0.5400 0.0095
167 0.0391 0.1851 0.0610 0.0359 0.6665 0.0125
168 0.0814 0.1044 0.4067 0.3645 0.0319 0.0113
169 0.2881 0.0965 0.2107 0.3264 0.0673 0.0111
170 0.1985 0.2910 0.2063 0.2375 0.0189 0.0479
171 0.2900 0.2725 0.2993 0.0393 0.0188 0.0800
172 0.0751 0.3137 0.5010 0.0787 0.0205 0.0109
173 0.1946 0.1771 0.4893 0.1025 0.0212 0.0154
174 0.0943 0.0734 0.0872 0.6860 0.0513 0.0079
175 0.1002 0.1528 0.4153 0.2681 0.0431 0.0204
176 0.1045 0.4792 0.2566 0.1311 0.0092 0.0193
177 0.1385 0.2527 0.2798 0.2450 0.0230 0.0610
178 0.2135 0.1467 0.3359 0.1914 0.0243 0.0883
179 0.2798 0.3948 0.1582 0.1149 0.0088 0.0436
180 0.2703 0.0884 0.4058 0.1338 0.0287 0.0728
181 0.1573 0.0444 0.0869 0.6729 0.0106 0.0282
182 0.2134 0.1324 0.4961 0.1082 0.0380 0.0119
183 0.4243 0.1031 0.3687 0.0773 0.0168 0.0099
184 0.3403 0.2910 0.1879 0.1038 0.0175 0.0596
185 0.1089 0.0749 0.2871 0.4883 0.0128 0.0282
186 0.1370 0.5635 0.2206 0.0528 0.0090 0.0174
187 0.2274 0.4348 0.1456 0.1326 0.0392 0.0203
188 0.1290 0.1923 0.6157 0.0406 0.0091 0.0133
189 0.3086 0.1626 0.2898 0.1704 0.0138 0.0549
190 0.0630 0.1726 0.4014 0.2360 0.0447 0.0822
191 0.1566 0.1693 0.5298 0.1278 0.0052 0.0116
192 0.0277 0.2505 0.4033 0.1642 0.0214 0.1331
193 0.1970 0.1354 0.2097 0.4106 0.0304 0.0170
194 0.1914 0.3035 0.2220 0.1179 0.0588 0.1065
195 0.3201 0.1254 0.1477 0.3572 0.0284 0.0213
196 0.5264 0.2998 0.1438 0.0110 0.0109 0.0083
197 0.0916 0.1006 0.2001 0.4727 0.0725 0.0625
198 0.1411 0.0842 0.2185 0.5161 0.0287 0.0113
199 0.3323 0.1710 0.3171 0.1385 0.0250 0.0159
200 0.2815 0.2389 0.3396 0.0614 0.0513 0.0272
201 0.0994 0.1058 0.4819 0.2330 0.0162 0.0637
202 0.4219 0.1075 0.2040 0.1171 0.0824 0.0673
203 0.1995 0.2010 0.3140 0.1210 0.0186 0.1460
204 0.3726 0.1747 0.2261 0.1615 0.0323 0.0328
205 0.1500 0.0848 0.5239 0.1989 0.0120 0.0305
206 0.1393 0.1268 0.2174 0.4900 0.0137 0.0127
207 0.3301 0.3076 0.2822 0.0569 0.0157 0.0075
208 0.4746 0.1577 0.2482 0.0594 0.0153 0.0448
209 0.2073 0.0627 0.4897 0.2207 0.0138 0.0058
210 0.1060 0.4900 0.2426 0.1146 0.0409 0.0060
211 0.1584 0.0797 0.1443 0.5488 0.0345 0.0343
212 0.4128 0.2108 0.2883 0.0418 0.0396 0.0066
213 0.3079 0.0882 0.4656 0.0692 0.0447 0.0245
214 0.0908 0.0517 0.1644 0.3025 0.0083 0.3823
215 0.3047 0.1331 0.1682 0.2566 0.0329 0.1045
216 0.1160 0.2150 0.5405 0.0911 0.0205 0.0170
217 0.1571 0.1097 0.3223 0.3076 0.0257 0.0778
218 0.1152 0.0357 0.0570 0.7510 0.0125 0.0284
219 0.1006 0.0573 0.1440 0.6064 0.0724 0.0189
220 0.1589 0.2747 0.4319 0.0949 0.0283 0.0113
221 0.1002 0.3552 0.4778 0.0263 0.0357 0.0048
222 0.1809 0.6670 0.0999 0.0413 0.0074 0.0036
223 0.2678 0.2964 0.2874 0.1065 0.0202 0.0220
224 0.2292 0.3413 0.2498 0.1199 0.0101 0.0496
225 0.6626 0.0977 0.1913 0.0123 0.0284 0.0075
226 0.1833 0.0866 0.1569 0.2930 0.0789 0.2014
227 0.0159 0.0992 0.3127 0.4695 0.0578 0.0450
228 0.0247 0.2120 0.3550 0.2966 0.0750 0.0366
229 0.0247 0.2120 0.3550 0.2966 0.0750 0.0366
230 0.0245 0.2148 0.3542 0.2959 0.0742 0.0365
231 0.0274 0.2482 0.3364 0.2925 0.0627 0.0328
232 0.1136 0.1553 0.1349 0.1288 0.0181 0.4492
233 0.6631 0.1991 0.1017 0.0074 0.0278 0.0010
234 0.6602 0.2013 0.1028 0.0073 0.0277 0.0010
235 0.6587 0.2009 0.1042 0.0074 0.0278 0.0010
