time exciting_prob fearful_prob tense_prob sad_prob relaxing_prob neutral_prob
0 0.2937 0.1896 0.1132 0.3030 0.0342 0.0665
1 0.2649 0.1879 0.2129 0.2450 0.0379 0.0514
2 0.2128 0.1737 0.2095 0.2954 0.0329 0.0759
3 0.2028 0.1531 0.2228 0.3240 0.0304 0.0669
4 0.0643 0.4392 0.4192 0.0361 0.0399 0.0012
5 0.0995 0.3367 0.3936 0.0554 0.1145 0.0004
6 0.1598 0.1081 0.2676 0.2849 0.1573 0.0223
7 0.1735 0.1818 0.3342 0.2228 0.0712 0.0165
8 0.2107 0.2502 0.1888 0.1948 0.1382 0.0172
9 0.2878 0.2385 0.4421 0.0173 0.0067 0.0076
10 0.4929 0.2039 0.1588 0.0280 0.0046 0.1117
11 0.1486 0.6206 0.1892 0.0110 0.0293 0.0015
12 0.1508 0.1791 0.5024 0.0801 0.0826 0.0051
13 0.4299 0.1683 0.3347 0.0241 0.0345 0.0086
14 0.1735 0.1694 0.1642 0.0226 0.4534 0.0172
15 0.0601 0.5928 0.2471 0.0724 0.0252 0.0025
16 0.0742 0.1385 0.7202 0.0284 0.0329 0.0056
17 0.0515 0.1826 0.3689 0.2827 0.0371 0.0773
18 0.1367 0.3357 0.4587 0.0511 0.0164 0.0014
19 0.3376 0.1510 0.1807 0.0361 0.2527 0.0419
20 0.3110 0.0733 0.5332 0.0122 0.0589 0.0112
21 0.3049 0.1130 0.4233 0.0319 0.1021 0.0248
22 0.3044 0.0372 0.1906 0.4226 0.0412 0.0040
23 0.6348 0.0107 0.0136 0.3142 0.0256 0.0010
24 0.6924 0.0209 0.0279 0.2266 0.0314 0.0006
25 0.1111 0.2749 0.1077 0.0136 0.4900 0.0029
26 0.0711 0.2834 0.1027 0.0054 0.5337 0.0039
27 0.4082 0.0767 0.2457 0.1152 0.1526 0.0015
28 0.4937 0.0500 0.1733 0.1448 0.1318 0.0062
29 0.3569 0.1022 0.1523 0.0379 0.2491 0.1014
30 0.2593 0.2961 0.2761 0.0185 0.1454 0.0047
31 0.2169 0.3157 0.3577 0.0424 0.0646 0.0028
32 0.0548 0.2827 0.4590 0.1378 0.0583 0.0072
33 0.4951 0.2129 0.1242 0.0182 0.1464 0.0033
34 0.6885 0.0875 0.0351 0.1586 0.0106 0.0195
35 0.2131 0.6069 0.1398 0.0087 0.0307 0.0007
36 0.2834 0.3967 0.2424 0.0102 0.0663 0.0009
37 0.4473 0.2842 0.1582 0.0195 0.0887 0.0020
38 0.1473 0.2646 0.5225 0.0147 0.0422 0.0089
39 0.0748 0.2781 0.5981 0.0197 0.0191 0.0103
40 0.1699 0.3174 0.3711 0.0253 0.1123 0.0041
41 0.1682 0.0517 0.0915 0.2212 0.4004 0.0670
42 0.4194 0.1240 0.1472 0.0277 0.2605 0.0214
43 0.0867 0.1079 0.1893 0.2047 0.3706 0.0406
44 0.0886 0.2448 0.6152 0.0292 0.0135 0.0088
45 0.1088 0.0269 0.0185 0.0081 0.8364 0.0014
46 0.2825 0.1512 0.0731 0.0602 0.4209 0.0119
47 0.2961 0.0345 0.0444 0.1048 0.5039 0.0164
48 0.2581 0.2500 0.3472 0.0818 0.0558 0.0070
49 0.0630 0.1686 0.5444 0.1881 0.0253 0.0109
50 0.0111 0.0536 0.8789 0.0520 0.0024 0.0020
51 0.1488 0.1560 0.5195 0.1196 0.0348 0.0211
52 0.0793 0.1002 0.7764 0.0138 0.0151 0.0154
53 0.2329 0.4285 0.2539 0.0092 0.0739 0.0017
54 0.0245 0.0305 0.0265 0.0105 0.9062 0.0017
55 0.0891 0.1515 0.4250 0.2876 0.0395 0.0074
56 0.1556 0.2932 0.3884 0.1321 0.0226 0.0081
57 0.1166 0.1322 0.6206 0.0634 0.0084 0.0587
58 0.0684 0.2856 0.5254 0.0844 0.0248 0.0117
59 0.5571 0.3076 0.0754 0.0127 0.0461 0.0010
60 0.2251 0.4917 0.1559 0.0213 0.1055 0.0007
61 0.1188 0.1812 0.2761 0.2476 0.0115 0.1649
62 0.2563 0.2949 0.3818 0.0163 0.0493 0.0013
63 0.0767 0.0661 0.0476 0.0186 0.7861 0.0047
64 0.0801 0.0493 0.0116 0.0209 0.8345 0.0037
65 0.1736 0.1221 0.3425 0.0175 0.3398 0.0043
66 0.1379 0.0562 0.0341 0.0496 0.7168 0.0053
67 0.0411 0.1550 0.7876 0.0108 0.0008 0.0049
68 0.0762 0.4353 0.4492 0.0287 0.0065 0.0039
69 0.1230 0.4226 0.3477 0.0482 0.0501 0.0087
70 0.0636 0.3083 0.3604 0.2086 0.0305 0.0287
71 0.1158 0.1938 0.3196 0.2197 0.1418 0.0093
72 0.2017 0.3430 0.1547 0.0436 0.1385 0.1185
73 0.1298 0.4324 0.2705 0.0108 0.0892 0.0673
74 0.1324 0.1356 0.2397 0.0417 0.4343 0.0163
75 0.3345 0.1862 0.2585 0.0712 0.1086 0.0412
76 0.2361 0.4143 0.2150 0.0189 0.0961 0.0195
77 0.3850 0.3911 0.1819 0.0222 0.0114 0.0082
78 0.3225 0.2803 0.3276 0.0391 0.0286 0.0018
79 0.1009 0.4814 0.2786 0.0085 0.1152 0.0152
80 0.0914 0.3530 0.3757 0.0272 0.1259 0.0268
81 0.1774 0.0757 0.2350 0.2791 0.0927 0.1403
82 0.1165 0.2998 0.2524 0.0116 0.3093 0.0099
83 0.0792 0.2020 0.1455 0.4146 0.1099 0.0488
84 0.2400 0.4148 0.0911 0.0152 0.2327 0.0062
85 0.2947 0.1963 0.3391 0.1553 0.0044 0.0104
86 0.2371 0.3530 0.2389 0.0509 0.0965 0.0237
87 0.1233 0.5190 0.2267 0.0446 0.0736 0.0127
88 0.4460 0.2208 0.2622 0.0537 0.0154 0.0016
89 0.1038 0.2340 0.5356 0.0560 0.0388 0.0317
90 0.1229 0.2483 0.6050 0.0193 0.0006 0.0041
91 0.1069 0.2544 0.2710 0.0586 0.2883 0.0207
92 0.3191 0.2408 0.3267 0.0355 0.0729 0.0049
93 0.1450 0.4946 0.1696 0.0099 0.1736 0.0073
94 0.2061 0.4866 0.2045 0.0099 0.0723 0.0207
95 0.3311 0.3840 0.1901 0.0213 0.0637 0.0101
96 0.2417 0.2871 0.1410 0.0626 0.2554 0.0125
97 0.3687 0.1274 0.2534 0.1304 0.0278 0.0925
98 0.1898 0.3547 0.3689 0.0271 0.0561 0.0034
99 0.2817 0.4036 0.2467 0.0133 0.0235 0.0314
100 0.4087 0.2240 0.2517 0.0207 0.0877 0.0072
101 0.2554 0.4551 0.2847 0.0045 0.0001 0.0004
102 0.1401 0.5288 0.3208 0.0095 0.0001 0.0004
103 0.0886 0.3850 0.2212 0.0082 0.2817 0.0152
104 0.0541 0.6855 0.1415 0.1011 0.0008 0.0168
105 0.0355 0.7070 0.1229 0.1307 0.0006 0.0033
106 0.0830 0.4558 0.2087 0.0072 0.2421 0.0030
107 0.0380 0.3987 0.3518 0.0131 0.1133 0.0849
108 0.0778 0.5571 0.2416 0.0417 0.0597 0.0221
109 0.0180 0.8491 0.0967 0.0350 0.0003 0.0007
110 0.0354 0.7339 0.2239 0.0054 0.0005 0.0010
111 0.0966 0.6055 0.1427 0.1483 0.0046 0.0025
112 0.0337 0.3196 0.6353 0.0091 0.0008 0.0013
113 0.0480 0.4082 0.4697 0.0487 0.0200 0.0055
114 0.0320 0.3608 0.3608 0.1653 0.0191 0.0617
115 0.0566 0.1307 0.7759 0.0208 0.0063 0.0097
116 0.0864 0.0668 0.0689 0.0481 0.0554 0.6743
117 0.1948 0.1102 0.6050 0.0250 0.0456 0.0196
118 0.0976 0.1584 0.3516 0.3569 0.0300 0.0055
119 0.1921 0.1342 0.1281 0.4070 0.0605 0.0782
120 0.2878 0.0428 0.3994 0.0971 0.0165 0.1564
121 0.5239 0.1611 0.1169 0.0862 0.0161 0.0955
122 0.2732 0.3374 0.1923 0.0729 0.1021 0.0221
123 0.1938 0.0195 0.2356 0.4202 0.0808 0.0502
124 0.1504 0.0165 0.3037 0.2944 0.1871 0.0477
125 0.1980 0.0318 0.2834 0.2426 0.2140 0.0301
126 0.4009 0.0295 0.2910 0.2080 0.0334 0.0370
127 0.2747 0.0787 0.5054 0.0739 0.0470 0.0205
128 0.1923 0.1373 0.2411 0.1497 0.2336 0.0460
129 0.3708 0.2321 0.2888 0.0596 0.0464 0.0021
130 0.1516 0.0906 0.2834 0.4321 0.0399 0.0025
131 0.5254 0.0126 0.0899 0.3340 0.0366 0.0013
132 0.3928 0.0911 0.1049 0.0553 0.3359 0.0197
133 0.3008 0.1727 0.2781 0.1399 0.0931 0.0154
134 0.4709 0.1248 0.3286 0.0253 0.0485 0.0018
135 0.1093 0.2350 0.3813 0.2208 0.0485 0.0050
136 0.2815 0.1628 0.3503 0.0550 0.1460 0.0043
137 0.2642 0.4563 0.2661 0.0048 0.0079 0.0006
138 0.0888 0.4236 0.3679 0.0821 0.0322 0.0054
139 0.3518 0.1868 0.4048 0.0388 0.0131 0.0047
140 0.3088 0.2642 0.3784 0.0178 0.0276 0.0028
141 0.5537 0.1812 0.1812 0.0134 0.0616 0.0092
142 0.2369 0.3528 0.3213 0.0613 0.0238 0.0037
143 0.0719 0.1149 0.2715 0.4763 0.0410 0.0245
144 0.1415 0.1903 0.5684 0.0806 0.0027 0.0166
145 0.2283 0.0981 0.2144 0.2839 0.1556 0.0195
146 0.0588 0.3127 0.4275 0.1782 0.0205 0.0023
147 0.0836 0.1274 0.1489 0.0123 0.6270 0.0006
148 0.0505 0.0146 0.0746 0.0497 0.8022 0.0084
149 0.0478 0.0334 0.0513 0.0160 0.8477 0.0039
150 0.0538 0.0233 0.0546 0.0394 0.8154 0.0134
151 0.2622 0.0272 0.4673 0.1093 0.1257 0.0085
152 0.1348 0.3440 0.3389 0.1368 0.0398 0.0056
153 0.2253 0.0531 0.5239 0.1099 0.0823 0.0054
154 0.0442 0.0541 0.8208 0.0752 0.0002 0.0054
155 0.2522 0.0899 0.1890 0.0604 0.3999 0.0086
156 0.2264 0.1070 0.0649 0.2128 0.0981 0.2908
157 0.3113 0.1298 0.1200 0.3113 0.1200 0.0077
158 0.3879 0.0474 0.2059 0.2446 0.0752 0.0390
159 0.1538 0.4248 0.3748 0.0437 0.0014 0.0016
160 0.1135 0.5371 0.1827 0.1527 0.0104 0.0035
161 0.2849 0.0939 0.1675 0.0602 0.3894 0.0043
162 0.2896 0.1143 0.2964 0.1065 0.1913 0.0021
163 0.1959 0.0280 0.1650 0.3494 0.2477 0.0141
164 0.1465 0.3799 0.3005 0.0854 0.0848 0.0030
165 0.0604 0.1506 0.7417 0.0384 0.0004 0.0087
166 0.2778 0.0649 0.1407 0.0861 0.4204 0.0100
167 0.3760 0.2605 0.1655 0.0220 0.1721 0.0040
168 0.1080 0.0772 0.0709 0.0206 0.7212 0.0021
169 0.1962 0.0313 0.4353 0.3184 0.0173 0.0016
170 0.0984 0.5708 0.2271 0.0743 0.0033 0.0263
171 0.3213 0.1802 0.0793 0.0128 0.3936 0.0129
172 0.6392 0.1076 0.0812 0.0246 0.1426 0.0050
173 0.6973 0.0807 0.0740 0.0266 0.1193 0.0021
174 0.3269 0.3120 0.1260 0.1581 0.0729 0.0042
175 0.1797 0.2720 0.0823 0.0380 0.3745 0.0535
176 0.1741 0.4143 0.1124 0.0179 0.2573 0.0239
177 0.4268 0.1030 0.2249 0.0083 0.2356 0.0017
178 0.6196 0.0452 0.0845 0.1111 0.1299 0.0098
179 0.6221 0.0856 0.0656 0.1274 0.0969 0.0022
180 0.5874 0.0922 0.0894 0.0258 0.2030 0.0023
181 0.4695 0.0939 0.1824 0.0656 0.1768 0.0120
182 0.6978 0.0327 0.0286 0.0542 0.1594 0.0273
183 0.3083 0.1743 0.3806 0.0165 0.1099 0.0102
184 0.1053 0.0807 0.1737 0.4365 0.0187 0.1848
185 0.1414 0.4529 0.0949 0.0751 0.0987 0.1371
186 0.2712 0.2250 0.1385 0.0160 0.3430 0.0060
187 0.1895 0.4475 0.1262 0.0592 0.1522 0.0253
188 0.3152 0.1224 0.3569 0.0535 0.1443 0.0077
189 0.4221 0.1370 0.0366 0.0162 0.3784 0.0098
190 0.4980 0.1708 0.0718 0.0442 0.2013 0.0139
191 0.0575 0.0750 0.0963 0.0255 0.7114 0.0343
192 0.1384 0.0908 0.1078 0.0634 0.5479 0.0518
193 0.1882 0.0848 0.3054 0.3743 0.0382 0.0088
194 0.3645 0.1804 0.2751 0.1111 0.0663 0.0025
195 0.4482 0.2068 0.1598 0.1501 0.0340 0.0010
196 0.2059 0.3503 0.1919 0.2262 0.0160 0.0097
197 0.1757 0.2942 0.3494 0.1246 0.0421 0.0142
198 0.2920 0.0455 0.1162 0.0919 0.4490 0.0054
199 0.4868 0.2299 0.1461 0.0758 0.0525 0.0089
200 0.1906 0.4644 0.2485 0.0132 0.0782 0.0051
201 0.2075 0.2502 0.3970 0.0879 0.0452 0.0122
202 0.1053 0.1301 0.0446 0.0103 0.7090 0.0007
203 0.1901 0.5288 0.1256 0.0558 0.0948 0.0046
204 0.2561 0.3264 0.2042 0.0706 0.1268 0.0156
205 0.1046 0.2048 0.5835 0.0778 0.0214 0.0078
206 0.3411 0.4412 0.1160 0.0335 0.0561 0.0121
207 0.6074 0.1511 0.0676 0.1273 0.0417 0.0050
208 0.3181 0.2517 0.1217 0.0185 0.2786 0.0112
209 0.0711 0.0257 0.1190 0.0234 0.7524 0.0084
210 0.0607 0.0626 0.0646 0.0197 0.7866 0.0059
211 0.2710 0.0551 0.0782 0.2976 0.1892 0.1086
212 0.2443 0.4321 0.1516 0.0159 0.1287 0.0274
213 0.1517 0.0695 0.0618 0.2207 0.4600 0.0363
214 0.0122 0.0093 0.0124 0.0142 0.9370 0.0151
215 0.3516 0.1023 0.3489 0.1115 0.0803 0.0056
216 0.0271 0.0286 0.0297 0.0108 0.9033 0.0004
217 0.2269 0.3459 0.1926 0.0983 0.1355 0.0007
218 0.2656 0.3035 0.1389 0.2203 0.0515 0.0200
219 0.6416 0.1674 0.0969 0.0092 0.0797 0.0051
220 0.5854 0.0584 0.0627 0.1677 0.0756 0.0504
221 0.2373 0.3821 0.2505 0.0735 0.0546 0.0019
222 0.3513 0.0133 0.0284 0.4583 0.0725 0.0760
223 0.2861 0.2627 0.1921 0.2229 0.0242 0.0121
224 0.2152 0.2053 0.1389 0.3494 0.0285 0.0626
225 0.2185 0.1715 0.3716 0.0515 0.1783 0.0087
226 0.1743 0.0255 0.0548 0.5986 0.0480 0.0985
227 0.1584 0.3032 0.3923 0.0198 0.1206 0.0057
228 0.4150 0.2039 0.2310 0.0411 0.1066 0.0025
229 0.4309 0.1501 0.1840 0.1265 0.1031 0.0054
230 0.1625 0.2942 0.4021 0.0883 0.0383 0.0145
231 0.2949 0.2949 0.2369 0.0079 0.1616 0.0039
232 0.2013 0.3318 0.1708 0.2390 0.0546 0.0026
233 0.2102 0.3748 0.1346 0.0904 0.1743 0.0156
234 0.2971 0.2207 0.3997 0.0318 0.0493 0.0014
235 0.0921 0.6963 0.1747 0.0252 0.0098 0.0017
236 0.1335 0.2676 0.4734 0.0172 0.0992 0.0087
237 0.0524 0.1042 0.1042 0.0554 0.6743 0.0096
238 0.2411 0.1406 0.0522 0.0526 0.5103 0.0031
239 0.1307 0.2480 0.4895 0.0858 0.0374 0.0084
240 0.2012 0.3066 0.4258 0.0131 0.0482 0.0050
241 0.3677 0.3220 0.2732 0.0040 0.0316 0.0016
242 0.4380 0.2382 0.2037 0.0240 0.0925 0.0037
243 0.3767 0.2163 0.2490 0.1122 0.0403 0.0053
244 0.3074 0.2196 0.2864 0.0783 0.1030 0.0052
245 0.2559 0.1448 0.2241 0.0129 0.3611 0.0012
246 0.3738 0.0534 0.3799 0.0327 0.1476 0.0127
247 0.6973 0.0180 0.0361 0.0807 0.1372 0.0309
248 0.8057 0.0291 0.0536 0.0230 0.0862 0.0024
249 0.0885 0.1060 0.4900 0.2278 0.0684 0.0194
250 0.8413 0.0130 0.0279 0.0235 0.0866 0.0077
251 0.7441 0.0249 0.0401 0.1097 0.0630 0.0181
252 0.1469 0.2007 0.0898 0.2170 0.3413 0.0043
253 0.6650 0.0442 0.0381 0.0422 0.2076 0.0029
254 0.5986 0.1041 0.2118 0.0296 0.0544 0.0014
255 0.5190 0.1794 0.1595 0.0388 0.0991 0.0041
256 0.3809 0.2517 0.1613 0.0646 0.1368 0.0048
257 0.5498 0.1170 0.1625 0.0792 0.0767 0.0150
258 0.2527 0.3762 0.2449 0.0237 0.1013 0.0012
259 0.2163 0.1292 0.1558 0.1364 0.3511 0.0114
260 0.3008 0.3655 0.1055 0.0122 0.2035 0.0126
261 0.1775 0.5640 0.1219 0.0126 0.0920 0.0321
262 0.1912 0.4729 0.1432 0.0257 0.1124 0.0547
263 0.2546 0.0624 0.0789 0.2627 0.1202 0.2212
264 0.2546 0.0624 0.0789 0.2627 0.1202 0.2212
265 0.6694 0.1615 0.0613 0.0445 0.0448 0.0186
266 0.7695 0.1379 0.0532 0.0133 0.0232 0.0029
267 0.7681 0.1377 0.0539 0.0136 0.0237 0.0030
268 0.7681 0.1399 0.0531 0.0131 0.0230 0.0027
269 0.7695 0.1492 0.0481 0.0097 0.0212 0.0021
