time exciting_prob fearful_prob tense_prob sad_prob relaxing_prob neutral_prob
0 0.3730 0.0872 0.1967 0.1438 0.0387 0.1605
1 0.2771 0.1530 0.2091 0.1874 0.0082 0.1654
2 0.7002 0.0265 0.1770 0.0779 0.0023 0.0160
3 0.9019 0.0299 0.0399 0.0072 0.0190 0.0021
4 0.9048 0.0273 0.0213 0.0061 0.0385 0.0019
5 0.7349 0.0260 0.1093 0.0949 0.0135 0.0213
6 0.9541 0.0128 0.0137 0.0163 0.0025 0.0004
7 0.4719 0.1121 0.1877 0.1998 0.0155 0.0131
8 0.4397 0.0216 0.3821 0.0997 0.0493 0.0077
9 0.0853 0.1078 0.3650 0.3074 0.0742 0.0605
10 0.1410 0.1225 0.1727 0.4277 0.0842 0.0519
11 0.1235 0.1489 0.5117 0.1388 0.0519 0.0253
12 0.1377 0.3127 0.3381 0.1523 0.0255 0.0337
13 0.1681 0.3042 0.3240 0.1220 0.0729 0.0088
14 0.2102 0.3748 0.2874 0.0963 0.0111 0.0202
15 0.1613 0.1664 0.3208 0.2832 0.0584 0.0100
16 0.1857 0.2578 0.5049 0.0341 0.0171 0.0006
17 0.1148 0.1864 0.4402 0.2249 0.0293 0.0046
18 0.1982 0.2448 0.2281 0.2566 0.0701 0.0022
19 0.1991 0.2119 0.4556 0.1099 0.0225 0.0011
20 0.0852 0.1094 0.3533 0.3701 0.0654 0.0165
21 0.1627 0.1653 0.1482 0.4565 0.0303 0.0369
22 0.0773 0.0651 0.0651 0.7563 0.0121 0.0239
23 0.2822 0.1499 0.0649 0.4438 0.0197 0.0394
24 0.4380 0.2362 0.1490 0.1255 0.0365 0.0149
25 0.1279 0.0222 0.0264 0.0894 0.5391 0.1952
26 0.2039 0.0167 0.0389 0.0774 0.4968 0.1664
27 0.1166 0.1985 0.1953 0.0938 0.0072 0.3884
28 0.2380 0.3601 0.1124 0.0682 0.0111 0.2101
29 0.1116 0.0732 0.1501 0.3604 0.0197 0.2849
30 0.1225 0.0656 0.5938 0.0911 0.0139 0.1133
31 0.5259 0.2244 0.1268 0.1068 0.0130 0.0033
32 0.2795 0.2817 0.3000 0.0664 0.0244 0.0478
33 0.4146 0.3081 0.1884 0.0420 0.0144 0.0327
34 0.3516 0.1636 0.0992 0.1107 0.0896 0.1853
35 0.3459 0.1234 0.2198 0.2913 0.0038 0.0157
36 0.1394 0.1554 0.2407 0.2043 0.0304 0.2297
37 0.2925 0.1051 0.3999 0.1019 0.0449 0.0558
38 0.0880 0.0168 0.0634 0.7139 0.0117 0.1061
39 0.1061 0.0426 0.0777 0.7144 0.0130 0.0464
40 0.2671 0.2249 0.1122 0.3826 0.0050 0.0085
41 0.1650 0.2328 0.1960 0.3550 0.0371 0.0140
42 0.1711 0.2340 0.0809 0.4727 0.0148 0.0265
43 0.6831 0.0939 0.1345 0.0579 0.0257 0.0046
44 0.0536 0.2440 0.4023 0.2722 0.0085 0.0191
45 0.1133 0.1313 0.1897 0.4998 0.0338 0.0322
46 0.0790 0.0724 0.2017 0.6211 0.0167 0.0093
47 0.0690 0.3115 0.5386 0.0402 0.0369 0.0040
48 0.0653 0.3970 0.4097 0.0800 0.0442 0.0040
49 0.1710 0.0959 0.2196 0.4041 0.0413 0.0681
50 0.0951 0.2563 0.5264 0.1129 0.0073 0.0021
51 0.1536 0.0946 0.1355 0.5981 0.0129 0.0052
52 0.2607 0.2112 0.1157 0.3247 0.0771 0.0105
53 0.1617 0.1129 0.1240 0.5469 0.0403 0.0140
54 0.3943 0.1095 0.1709 0.2585 0.0513 0.0154
55 0.4504 0.1820 0.1849 0.1556 0.0207 0.0061
56 0.3604 0.1813 0.3281 0.0631 0.0437 0.0234
57 0.0991 0.1398 0.5151 0.1781 0.0491 0.0188
58 0.1317 0.2122 0.4707 0.1327 0.0283 0.0246
59 0.0742 0.1343 0.6509 0.1301 0.0081 0.0027
60 0.1031 0.1549 0.4922 0.2052 0.0322 0.0124
61 0.3428 0.1166 0.2112 0.2356 0.0446 0.0490
62 0.1460 0.2028 0.3291 0.2686 0.0233 0.0301
63 0.1823 0.1465 0.1431 0.4727 0.0535 0.0020
64 0.1418 0.3887 0.3682 0.0731 0.0256 0.0026
65 0.0779 0.0804 0.1625 0.5757 0.0553 0.0480
66 0.2380 0.1432 0.1797 0.2871 0.1048 0.0472
67 0.3445 0.1565 0.0920 0.2581 0.1209 0.0281
68 0.4116 0.2659 0.1479 0.1526 0.0205 0.0015
69 0.2585 0.1183 0.0880 0.4980 0.0110 0.0262
70 0.1636 0.0548 0.2455 0.4517 0.0185 0.0661
71 0.3157 0.0897 0.1143 0.4521 0.0135 0.0146
72 0.1398 0.0760 0.1941 0.5195 0.0295 0.0413
73 0.1161 0.1008 0.3547 0.3660 0.0305 0.0317
74 0.3665 0.3159 0.1267 0.0558 0.0870 0.0481
75 0.0510 0.1738 0.0991 0.6069 0.0297 0.0397
76 0.2230 0.5566 0.1301 0.0670 0.0217 0.0017
77 0.1176 0.0974 0.0820 0.6558 0.0182 0.0293
78 0.1539 0.5674 0.0580 0.2054 0.0143 0.0012
79 0.1401 0.5083 0.1758 0.1691 0.0058 0.0008
80 0.1713 0.1488 0.3596 0.1547 0.0312 0.1344
81 0.0299 0.7139 0.0701 0.1749 0.0054 0.0060
82 0.0909 0.3174 0.1571 0.4077 0.0119 0.0148
83 0.0884 0.1154 0.2367 0.4353 0.0257 0.0986
84 0.1202 0.0614 0.0753 0.6709 0.0275 0.0449
85 0.1262 0.0494 0.0778 0.6616 0.0183 0.0665
86 0.2903 0.1136 0.2333 0.3188 0.0292 0.0148
87 0.0371 0.2681 0.3496 0.3037 0.0380 0.0032
88 0.0499 0.5005 0.3306 0.0804 0.0357 0.0031
89 0.0329 0.2247 0.6206 0.1070 0.0135 0.0014
90 0.4624 0.3894 0.0677 0.0602 0.0166 0.0038
91 0.1953 0.3594 0.1521 0.2754 0.0104 0.0073
92 0.1715 0.3521 0.1826 0.2830 0.0087 0.0023
93 0.2300 0.4871 0.2078 0.0724 0.0026 0.0003
94 0.2135 0.2037 0.2917 0.2273 0.0210 0.0427
95 0.2250 0.2981 0.2214 0.1924 0.0286 0.0345
96 0.5625 0.1797 0.1411 0.0940 0.0188 0.0040
97 0.2170 0.2920 0.2205 0.2007 0.0182 0.0515
98 0.2294 0.0328 0.1732 0.5010 0.0140 0.0496
99 0.4639 0.2278 0.2191 0.0711 0.0102 0.0080
100 0.1223 0.1302 0.3223 0.3596 0.0291 0.0364
101 0.0144 0.2761 0.4846 0.2117 0.0063 0.0070
102 0.0067 0.1187 0.3833 0.4844 0.0030 0.0040
103 0.0615 0.1608 0.1375 0.5972 0.0208 0.0223
104 0.2781 0.1313 0.4731 0.0829 0.0200 0.0145
105 0.2834 0.3418 0.3289 0.0341 0.0090 0.0028
106 0.3191 0.0599 0.4395 0.0859 0.0471 0.0486
107 0.2617 0.2023 0.3108 0.1198 0.0970 0.0083
108 0.4292 0.2209 0.1128 0.2028 0.0321 0.0024
109 0.0848 0.1024 0.0875 0.6465 0.0194 0.0592
110 0.1923 0.5225 0.0765 0.0629 0.1429 0.0028
111 0.1016 0.2219 0.4773 0.1688 0.0192 0.0110
112 0.2074 0.2581 0.2747 0.1802 0.0226 0.0571
113 0.0856 0.1326 0.2805 0.4626 0.0315 0.0072
114 0.2007 0.2764 0.2678 0.1295 0.0480 0.0774
115 0.1429 0.4836 0.2432 0.1014 0.0168 0.0121
116 0.1537 0.1294 0.4177 0.2168 0.0056 0.0767
117 0.1046 0.3826 0.4688 0.0140 0.0019 0.0279
118 0.1256 0.1266 0.1390 0.5542 0.0310 0.0232
119 0.1591 0.1934 0.1654 0.3999 0.0717 0.0108
120 0.1283 0.1753 0.2115 0.4409 0.0116 0.0324
121 0.0706 0.0878 0.1093 0.7017 0.0077 0.0229
122 0.1133 0.1048 0.1142 0.2893 0.0071 0.3713
123 0.1097 0.0578 0.1030 0.6411 0.0094 0.0790
124 0.1456 0.2637 0.2401 0.2152 0.1306 0.0047
125 0.1885 0.1743 0.1870 0.3992 0.0434 0.0075
126 0.0749 0.0371 0.2168 0.6274 0.0116 0.0325
127 0.3979 0.0475 0.2303 0.2163 0.1014 0.0065
128 0.1689 0.0462 0.2537 0.1885 0.3308 0.0120
129 0.2161 0.1509 0.2062 0.3975 0.0214 0.0079
130 0.5088 0.1317 0.1758 0.1704 0.0095 0.0037
131 0.5264 0.0866 0.1736 0.1998 0.0109 0.0024
132 0.0988 0.1229 0.2996 0.4094 0.0399 0.0296
133 0.0988 0.1310 0.1906 0.5098 0.0529 0.0170
134 0.0684 0.1592 0.1279 0.5557 0.0663 0.0228
135 0.0938 0.2981 0.1223 0.3887 0.0828 0.0144
136 0.0687 0.2761 0.1225 0.3774 0.1410 0.0142
137 0.3542 0.1571 0.0502 0.3379 0.0895 0.0110
138 0.2791 0.1182 0.0695 0.3213 0.1666 0.0452
139 0.2477 0.1368 0.1930 0.3604 0.0261 0.0360
140 0.2642 0.0831 0.2769 0.3340 0.0270 0.0147
141 0.2922 0.3933 0.1493 0.1602 0.0036 0.0013
142 0.2352 0.6104 0.0723 0.0729 0.0058 0.0035
143 0.1384 0.0439 0.1451 0.6016 0.0264 0.0446
144 0.5205 0.1359 0.1492 0.1412 0.0058 0.0473
145 0.4333 0.1923 0.1222 0.2145 0.0367 0.0012
146 0.1595 0.0815 0.0582 0.5483 0.0161 0.1365
147 0.2529 0.3098 0.2451 0.1333 0.0154 0.0433
148 0.0872 0.1393 0.3906 0.3447 0.0274 0.0105
149 0.4558 0.2007 0.1368 0.1914 0.0125 0.0028
150 0.0983 0.2214 0.2433 0.4075 0.0095 0.0201
151 0.1191 0.1248 0.0988 0.6240 0.0244 0.0088
152 0.0091 0.7778 0.1053 0.1069 0.0004 0.0003
153 0.0426 0.6357 0.1140 0.2064 0.0008 0.0005
154 0.2040 0.0891 0.1718 0.4971 0.0187 0.0196
155 0.1175 0.1710 0.5186 0.1556 0.0112 0.0262
156 0.1031 0.3682 0.2416 0.2098 0.0518 0.0255
157 0.1353 0.0391 0.2690 0.5103 0.0155 0.0307
158 0.5010 0.1266 0.1857 0.1135 0.0678 0.0055
159 0.1002 0.1190 0.0884 0.5088 0.0374 0.1459
160 0.2810 0.2725 0.1447 0.2725 0.0212 0.0080
161 0.1990 0.0699 0.5493 0.1757 0.0049 0.0011
162 0.2671 0.1177 0.1970 0.3711 0.0370 0.0101
163 0.0648 0.2522 0.3787 0.2522 0.0341 0.0180
164 0.1809 0.0543 0.1410 0.2115 0.0291 0.3831
165 0.1559 0.0809 0.1659 0.3738 0.1970 0.0265
166 0.4639 0.1382 0.1964 0.1210 0.0695 0.0113
167 0.1195 0.1780 0.2590 0.3540 0.0802 0.0093
168 0.2646 0.1581 0.2161 0.2546 0.0966 0.0099
169 0.2026 0.1707 0.5640 0.0533 0.0045 0.0050
170 0.0673 0.3337 0.3037 0.2681 0.0251 0.0022
171 0.0639 0.5068 0.3650 0.0510 0.0080 0.0052
172 0.2986 0.1688 0.0977 0.3865 0.0225 0.0259
173 0.0718 0.1569 0.4612 0.1953 0.0718 0.0429
174 0.0920 0.2191 0.3188 0.2812 0.0537 0.0349
175 0.1482 0.1437 0.2156 0.4424 0.0118 0.0384
176 0.0881 0.1150 0.1925 0.5151 0.0754 0.0136
177 0.1812 0.0602 0.2896 0.4414 0.0243 0.0032
178 0.1219 0.0885 0.3088 0.4565 0.0115 0.0125
179 0.2871 0.1898 0.1826 0.2327 0.1008 0.0069
180 0.0382 0.1442 0.2610 0.3352 0.0655 0.1559
181 0.3298 0.2214 0.1272 0.2568 0.0634 0.0014
182 0.1733 0.0438 0.6855 0.0520 0.0321 0.0133
183 0.0399 0.0927 0.1873 0.6641 0.0049 0.0112
184 0.1924 0.3098 0.1698 0.2888 0.0332 0.0062
185 0.0767 0.1783 0.1099 0.6226 0.0041 0.0085
186 0.1277 0.0627 0.0541 0.4458 0.0308 0.2791
187 0.1381 0.1034 0.1436 0.4421 0.0100 0.1627
188 0.2954 0.0908 0.1417 0.3975 0.0370 0.0378
189 0.1376 0.5884 0.1302 0.0960 0.0189 0.0291
190 0.0728 0.2042 0.0673 0.6240 0.0252 0.0063
191 0.3435 0.0548 0.1124 0.3833 0.0606 0.0454
192 0.1373 0.1592 0.3372 0.2354 0.1121 0.0190
193 0.2407 0.2949 0.1761 0.2158 0.0521 0.0202
194 0.1611 0.0933 0.1826 0.3464 0.0890 0.1274
195 0.0955 0.1049 0.4021 0.3662 0.0211 0.0101
196 0.2214 0.0443 0.1620 0.5229 0.0376 0.0116
197 0.2172 0.0787 0.3337 0.2461 0.0891 0.0352
198 0.1321 0.0880 0.3323 0.4199 0.0138 0.0139
199 0.1921 0.0669 0.0497 0.6548 0.0279 0.0085
200 0.3721 0.0863 0.1930 0.2598 0.0116 0.0774
201 0.2993 0.2106 0.2156 0.1746 0.0711 0.0287
202 0.1101 0.0608 0.1993 0.5679 0.0283 0.0336
203 0.0826 0.0614 0.3821 0.4329 0.0076 0.0334
204 0.1539 0.1100 0.6040 0.1042 0.0182 0.0093
205 0.0693 0.0499 0.2308 0.6177 0.0081 0.0243
206 0.0983 0.1204 0.1780 0.5835 0.0103 0.0097
207 0.4114 0.3254 0.1586 0.0883 0.0145 0.0020
208 0.3704 0.0866 0.2883 0.2391 0.0111 0.0043
209 0.2556 0.0721 0.1526 0.3386 0.0856 0.0955
210 0.1652 0.2991 0.0793 0.3235 0.0721 0.0608
211 0.0651 0.0440 0.2961 0.3804 0.1254 0.0889
212 0.0706 0.1036 0.3879 0.2505 0.1094 0.0782
213 0.1572 0.0282 0.0117 0.0437 0.7271 0.0320
214 0.1744 0.0251 0.0106 0.0647 0.6899 0.0349
215 0.2330 0.1237 0.0811 0.0338 0.4856 0.0428
216 0.1436 0.0389 0.0580 0.1228 0.4932 0.1436
217 0.3057 0.1226 0.0737 0.0354 0.4377 0.0249
218 0.0754 0.3079 0.2717 0.2551 0.0597 0.0300
219 0.0837 0.1915 0.5630 0.0811 0.0462 0.0343
220 0.2988 0.2169 0.1855 0.1236 0.1625 0.0128
221 0.2167 0.2379 0.3462 0.1324 0.0310 0.0359
222 0.0812 0.2620 0.5054 0.0459 0.1042 0.0015
223 0.0522 0.1442 0.1105 0.6167 0.0104 0.0660
224 0.0981 0.0244 0.2316 0.4751 0.1259 0.0449
225 0.2952 0.1300 0.1997 0.2861 0.0396 0.0493
226 0.1182 0.1027 0.3555 0.3340 0.0204 0.0695
227 0.1641 0.2444 0.1259 0.4126 0.0485 0.0048
228 0.3840 0.1034 0.1066 0.2922 0.1002 0.0136
229 0.0268 0.0644 0.7661 0.1212 0.0079 0.0136
230 0.0411 0.2405 0.6045 0.0246 0.0571 0.0323
231 0.2869 0.0531 0.5576 0.0743 0.0206 0.0076
232 0.1592 0.0928 0.2427 0.4641 0.0244 0.0169
233 0.0372 0.2279 0.2208 0.3967 0.0063 0.1110
234 0.1670 0.1451 0.2356 0.4199 0.0262 0.0061
235 0.2136 0.3284 0.2402 0.0673 0.0431 0.1074
236 0.4185 0.1718 0.2479 0.1066 0.0500 0.0054
237 0.6167 0.0945 0.1925 0.0171 0.0772 0.0020
238 0.3198 0.1114 0.1672 0.2303 0.0692 0.1022
239 0.0331 0.4976 0.2947 0.1641 0.0063 0.0044
240 0.1398 0.0391 0.1852 0.5444 0.0397 0.0518
241 0.2776 0.3350 0.1510 0.1710 0.0429 0.0224
242 0.2355 0.2776 0.4265 0.0400 0.0182 0.0024
243 0.2393 0.3096 0.3733 0.0586 0.0158 0.0035
244 0.2203 0.0773 0.1401 0.1295 0.4182 0.0144
245 0.2532 0.2200 0.2961 0.1610 0.0606 0.0091
246 0.5488 0.0969 0.0552 0.2739 0.0225 0.0024
247 0.3535 0.3398 0.1736 0.1053 0.0119 0.0158
248 0.1797 0.1377 0.2893 0.3435 0.0458 0.0039
249 0.2499 0.1337 0.3208 0.2617 0.0225 0.0113
250 0.1082 0.0883 0.3491 0.3835 0.0213 0.0495
251 0.4670 0.1504 0.2172 0.1277 0.0287 0.0092
252 0.4795 0.1406 0.1261 0.1779 0.0443 0.0316
253 0.2482 0.2856 0.1873 0.2500 0.0251 0.0037
254 0.0843 0.7456 0.1116 0.0575 0.0010 0.0001
255 0.1339 0.4258 0.3115 0.0838 0.0415 0.0037
256 0.0776 0.1776 0.3318 0.3760 0.0123 0.0248
257 0.0531 0.2512 0.2003 0.4844 0.0083 0.0026
258 0.1169 0.2400 0.1624 0.4626 0.0031 0.0151
259 0.2018 0.1080 0.1387 0.5151 0.0139 0.0225
260 0.2427 0.1707 0.2974 0.1996 0.0439 0.0460
261 0.0336 0.0124 0.0022 0.0088 0.9287 0.0143
262 0.3674 0.0381 0.0181 0.0795 0.3940 0.1028
263 0.0988 0.1890 0.4678 0.1846 0.0248 0.0352
264 0.0451 0.2253 0.1245 0.5752 0.0046 0.0251
265 0.1742 0.1265 0.1913 0.4773 0.0197 0.0110
266 0.0778 0.2339 0.1880 0.4800 0.0090 0.0113
267 0.2173 0.1349 0.1059 0.4458 0.0871 0.0088
268 0.0839 0.0795 0.5024 0.2566 0.0295 0.0482
269 0.0546 0.0352 0.1803 0.6807 0.0406 0.0088
270 0.1665 0.0303 0.2106 0.2423 0.2461 0.1042
271 0.4688 0.1849 0.1738 0.0587 0.0952 0.0186
272 0.4053 0.1885 0.0811 0.2537 0.0532 0.0187
273 0.3684 0.2532 0.1244 0.2035 0.0343 0.0162
274 0.1925 0.4307 0.2131 0.1584 0.0016 0.0038
275 0.0320 0.0986 0.8130 0.0451 0.0026 0.0088
276 0.0353 0.0737 0.4407 0.4407 0.0011 0.0085
277 0.0718 0.2585 0.5732 0.0894 0.0016 0.0053
278 0.0674 0.2352 0.5688 0.1211 0.0038 0.0039
279 0.1560 0.3625 0.4014 0.0698 0.0059 0.0044
280 0.0348 0.3174 0.5835 0.0362 0.0256 0.0026
281 0.0502 0.3225 0.5151 0.0815 0.0277 0.0029
282 0.0650 0.2454 0.5444 0.0895 0.0506 0.0051
283 0.0325 0.4148 0.5161 0.0133 0.0220 0.0015
284 0.2040 0.2277 0.1190 0.3933 0.0473 0.0087
285 0.1991 0.4666 0.1009 0.2054 0.0234 0.0046
286 0.2720 0.2345 0.1959 0.2382 0.0488 0.0108
287 0.2454 0.3125 0.2323 0.1609 0.0373 0.0115
288 0.1070 0.1053 0.1908 0.5435 0.0373 0.0162
289 0.3142 0.2013 0.1221 0.3142 0.0456 0.0025
290 0.3193 0.0582 0.2566 0.3047 0.0385 0.0228
291 0.3103 0.0760 0.2959 0.2234 0.0692 0.0251
292 0.1304 0.3489 0.3892 0.1169 0.0133 0.0014
293 0.1775 0.0764 0.0965 0.6294 0.0094 0.0108
294 0.1227 0.1083 0.1100 0.6133 0.0222 0.0234
295 0.1020 0.4905 0.1791 0.0467 0.1605 0.0212
296 0.1124 0.4517 0.1421 0.1206 0.1399 0.0332
297 0.4229 0.3167 0.1450 0.0944 0.0182 0.0028
298 0.1235 0.1489 0.2035 0.4658 0.0255 0.0327
299 0.2024 0.0594 0.2330 0.4707 0.0257 0.0089
300 0.1613 0.3232 0.2722 0.2257 0.0129 0.0045
301 0.1733 0.0899 0.6963 0.0311 0.0083 0.0013
302 0.1185 0.1582 0.5742 0.1038 0.0353 0.0097
303 0.4397 0.2159 0.2485 0.0922 0.0026 0.0012
304 0.0947 0.0320 0.0962 0.7451 0.0253 0.0068
305 0.1165 0.1289 0.3911 0.3267 0.0246 0.0123
306 0.1454 0.1064 0.4880 0.2035 0.0539 0.0028
307 0.1373 0.2468 0.5063 0.0670 0.0221 0.0204
308 0.1880 0.4336 0.0945 0.2629 0.0201 0.0007
309 0.0805 0.1162 0.4250 0.2744 0.0762 0.0276
310 0.3083 0.2119 0.3335 0.1099 0.0251 0.0113
311 0.3762 0.2078 0.2627 0.0429 0.1061 0.0044
312 0.1191 0.0690 0.1707 0.5771 0.0331 0.0308
313 0.1980 0.0865 0.4128 0.2209 0.0746 0.0072
314 0.2223 0.0418 0.2189 0.4932 0.0185 0.0052
315 0.0755 0.1016 0.1478 0.5581 0.0330 0.0842
316 0.1406 0.0664 0.2883 0.4756 0.0116 0.0175
317 0.3025 0.0518 0.1353 0.4541 0.0277 0.0288
318 0.0486 0.0676 0.0269 0.0841 0.7148 0.0578
319 0.0534 0.1406 0.1984 0.5923 0.0092 0.0062
320 0.3013 0.0389 0.3362 0.1359 0.1771 0.0107
321 0.2522 0.0818 0.2026 0.4426 0.0077 0.0130
322 0.3457 0.3887 0.1063 0.1176 0.0293 0.0123
323 0.0756 0.2366 0.1348 0.3779 0.0150 0.1600
324 0.0989 0.1791 0.2751 0.3218 0.0352 0.0900
325 0.1053 0.0801 0.0900 0.6655 0.0370 0.0222
326 0.1697 0.1185 0.1185 0.5479 0.0290 0.0165
327 0.4253 0.0452 0.1042 0.3994 0.0123 0.0136
328 0.2498 0.0215 0.1091 0.5718 0.0197 0.0282
329 0.1366 0.0420 0.0999 0.6826 0.0263 0.0124
330 0.3169 0.1342 0.0482 0.4502 0.0356 0.0149
331 0.2563 0.0456 0.0493 0.6152 0.0099 0.0235
332 0.4675 0.1068 0.0508 0.2925 0.0214 0.0609
333 0.3503 0.0723 0.0590 0.4429 0.0113 0.0643
334 0.7017 0.2140 0.0308 0.0274 0.0147 0.0114
335 0.5664 0.3545 0.0476 0.0106 0.0164 0.0043
336 0.2827 0.1868 0.2307 0.2534 0.0103 0.0362
337 0.3218 0.3269 0.2391 0.0820 0.0217 0.0084
338 0.3247 0.3916 0.0735 0.1685 0.0353 0.0065
339 0.1702 0.4082 0.1433 0.2272 0.0472 0.0041
340 0.5894 0.0843 0.1676 0.0963 0.0548 0.0075
341 0.4844 0.1868 0.1512 0.1031 0.0698 0.0048
342 0.2347 0.0544 0.1857 0.4524 0.0330 0.0398
343 0.1304 0.0340 0.1989 0.5938 0.0213 0.0216
344 0.1769 0.0570 0.1561 0.5366 0.0698 0.0037
345 0.2396 0.4478 0.1366 0.1273 0.0447 0.0041
346 0.1152 0.1134 0.5850 0.1757 0.0083 0.0026
347 0.3745 0.2004 0.2219 0.1389 0.0317 0.0325
348 0.0736 0.1398 0.1940 0.1038 0.4441 0.0447
349 0.4292 0.2686 0.1372 0.1211 0.0172 0.0266
350 0.1315 0.0611 0.0469 0.7446 0.0054 0.0106
351 0.3340 0.2725 0.1437 0.1288 0.0074 0.1136
352 0.2079 0.2338 0.2798 0.2607 0.0148 0.0029
353 0.2269 0.4548 0.0931 0.1159 0.0999 0.0093
354 0.3176 0.0698 0.1661 0.2133 0.1356 0.0977
355 0.3110 0.2722 0.1144 0.1266 0.1025 0.0733
356 0.1543 0.0277 0.0422 0.6147 0.0126 0.1483
357 0.0158 0.0969 0.8242 0.0569 0.0059 0.0005
358 0.1089 0.2615 0.5405 0.0791 0.0081 0.0019
359 0.3171 0.4910 0.0990 0.0494 0.0432 0.0004
360 0.1709 0.0573 0.0237 0.5918 0.0486 0.1078
361 0.1620 0.1429 0.0923 0.4912 0.0165 0.0952
362 0.0707 0.2507 0.5225 0.0718 0.0244 0.0600
363 0.2439 0.1033 0.1975 0.2186 0.1945 0.0424
364 0.0788 0.0272 0.0936 0.4131 0.0852 0.3022
365 0.1042 0.0831 0.0255 0.1830 0.5679 0.0360
366 0.0663 0.0706 0.2708 0.5137 0.0198 0.0586
367 0.1628 0.2881 0.0497 0.3818 0.0943 0.0233
368 0.4709 0.0396 0.3726 0.0648 0.0349 0.0172
369 0.0665 0.0587 0.2434 0.5659 0.0282 0.0373
370 0.7417 0.0679 0.1604 0.0240 0.0048 0.0011
371 0.0521 0.1331 0.6060 0.1310 0.0242 0.0538
372 0.1078 0.2145 0.4683 0.1261 0.0331 0.0501
373 0.1362 0.1617 0.4329 0.1069 0.0546 0.1077
374 0.1113 0.0967 0.4985 0.1835 0.0644 0.0457
375 0.1136 0.1553 0.1349 0.1288 0.0181 0.4492
376 0.2496 0.5044 0.2273 0.0008 0.0179 0.0001
377 0.2496 0.5044 0.2273 0.0008 0.0181 0.0001
378 0.2488 0.5024 0.2266 0.0011 0.0209 0.0001
