time exciting_prob fearful_prob tense_prob sad_prob relaxing_prob neutral_prob
0 0.1136 0.1553 0.1349 0.1288 0.0181 0.4492
1 0.1136 0.1553 0.1349 0.1288 0.0181 0.4492
2 0.1136 0.1553 0.1349 0.1288 0.0181 0.4492
3 0.2159 0.5181 0.2159 0.0153 0.0215 0.0133
4 0.1410 0.2827 0.5117 0.0126 0.0374 0.0145
5 0.1292 0.3855 0.3855 0.0233 0.0282 0.0482
6 0.0895 0.0450 0.0241 0.5566 0.0665 0.2180
7 0.2069 0.4417 0.0523 0.0612 0.1703 0.0677
8 0.1747 0.4392 0.0590 0.1229 0.1693 0.0349
9 0.0342 0.2113 0.3376 0.3430 0.0081 0.0655
10 0.1991 0.4558 0.2170 0.0593 0.0511 0.0175
11 0.2129 0.4072 0.3074 0.0147 0.0490 0.0087
12 0.2036 0.4377 0.3057 0.0152 0.0241 0.0136
13 0.1477 0.4729 0.3149 0.0163 0.0353 0.0127
14 0.0350 0.2113 0.6113 0.1062 0.0033 0.0329
15 0.0232 0.1702 0.4700 0.2852 0.0049 0.0465
16 0.0323 0.1842 0.3665 0.3665 0.0041 0.0466
17 0.3201 0.3657 0.2306 0.0379 0.0303 0.0153
18 0.2129 0.4470 0.2607 0.0262 0.0314 0.0216
19 0.3093 0.3479 0.2045 0.0425 0.0679 0.0279
20 0.1787 0.3040 0.0504 0.1181 0.2260 0.1228
21 0.0523 0.1125 0.0377 0.3206 0.1514 0.3257
22 0.1821 0.2412 0.0446 0.1464 0.1793 0.2064
23 0.3552 0.2559 0.2600 0.0448 0.0585 0.0255
24 0.1588 0.3311 0.3157 0.1327 0.0197 0.0421
25 0.1570 0.2284 0.3767 0.1836 0.0131 0.0413
26 0.1990 0.1411 0.1315 0.3835 0.1024 0.0424
27 0.0734 0.3875 0.4189 0.0806 0.0341 0.0052
28 0.0228 0.1838 0.7505 0.0118 0.0023 0.0289
29 0.1427 0.1320 0.5059 0.0872 0.0950 0.0375
30 0.0819 0.3818 0.5220 0.0047 0.0035 0.0064
31 0.2854 0.3110 0.2404 0.0818 0.0175 0.0637
32 0.3911 0.3879 0.1555 0.0104 0.0180 0.0370
33 0.1300 0.1892 0.1892 0.3821 0.0173 0.0922
34 0.0986 0.2520 0.5947 0.0294 0.0137 0.0116
35 0.3652 0.4106 0.1986 0.0068 0.0127 0.0061
36 0.1763 0.3672 0.3142 0.0966 0.0378 0.0079
37 0.1722 0.3762 0.3293 0.0533 0.0264 0.0425
38 0.1398 0.3625 0.3921 0.0835 0.0097 0.0124
39 0.1998 0.3293 0.2410 0.1439 0.0190 0.0669
40 0.0284 0.2322 0.1302 0.0999 0.4917 0.0176
41 0.1813 0.1423 0.3750 0.1276 0.0151 0.1588
42 0.2610 0.3003 0.2910 0.0518 0.0610 0.0348
43 0.1531 0.3940 0.2751 0.0270 0.0036 0.1472
44 0.1213 0.4436 0.1582 0.2488 0.0040 0.0242
45 0.1467 0.4963 0.2102 0.1161 0.0098 0.0208
46 0.0931 0.1511 0.4583 0.2269 0.0269 0.0436
47 0.0415 0.3584 0.1298 0.4060 0.0493 0.0150
48 0.0850 0.2347 0.3752 0.2172 0.0837 0.0042
49 0.3457 0.4236 0.1559 0.0269 0.0348 0.0130
50 0.0997 0.1951 0.6602 0.0186 0.0144 0.0123
51 0.1727 0.2020 0.4885 0.0296 0.0480 0.0593
52 0.1429 0.1204 0.4990 0.1969 0.0337 0.0072
53 0.0283 0.2622 0.4897 0.2041 0.0090 0.0069
54 0.2428 0.4128 0.3020 0.0106 0.0180 0.0136
55 0.0641 0.2086 0.3779 0.2942 0.0424 0.0126
56 0.0745 0.4189 0.3582 0.1154 0.0236 0.0094
57 0.0663 0.4495 0.2225 0.2369 0.0113 0.0134
58 0.4956 0.3596 0.0961 0.0059 0.0413 0.0015
59 0.0720 0.1810 0.2893 0.3657 0.0687 0.0230
60 0.1567 0.2334 0.3701 0.1804 0.0533 0.0061
61 0.0762 0.4055 0.4968 0.0125 0.0077 0.0014
62 0.0525 0.2927 0.3420 0.2708 0.0311 0.0111
63 0.1558 0.3145 0.3735 0.0801 0.0600 0.0160
64 0.0457 0.1713 0.7383 0.0265 0.0079 0.0102
65 0.0716 0.1947 0.7119 0.0167 0.0033 0.0017
66 0.2844 0.4138 0.2032 0.0226 0.0670 0.0089
67 0.2034 0.2234 0.0587 0.1910 0.2340 0.0895
68 0.1292 0.4912 0.0840 0.0610 0.2048 0.0297
69 0.5303 0.2883 0.1351 0.0131 0.0281 0.0052
70 0.4680 0.3911 0.1147 0.0069 0.0165 0.0026
71 0.1183 0.3269 0.1078 0.3118 0.1221 0.0130
72 0.1342 0.3120 0.1311 0.2111 0.1863 0.0254
73 0.1094 0.3757 0.2141 0.1183 0.1790 0.0035
74 0.0980 0.4392 0.2542 0.0950 0.1110 0.0028
75 0.2974 0.1790 0.1438 0.1996 0.0493 0.1310
76 0.3672 0.3701 0.2013 0.0135 0.0275 0.0204
77 0.2710 0.2883 0.0859 0.1967 0.0873 0.0707
78 0.1926 0.2217 0.0552 0.3125 0.1196 0.0984
79 0.4436 0.2527 0.1835 0.0789 0.0331 0.0082
80 0.1930 0.5005 0.2256 0.0308 0.0455 0.0047
81 0.0299 0.1190 0.3608 0.4219 0.0213 0.0470
82 0.2285 0.1344 0.2250 0.2114 0.1547 0.0461
83 0.1057 0.3987 0.3008 0.1064 0.0849 0.0035
84 0.1421 0.1489 0.0511 0.2656 0.1854 0.2068
85 0.2998 0.2410 0.0776 0.0839 0.2429 0.0546
86 0.4180 0.1099 0.1099 0.2202 0.1143 0.0280
87 0.2302 0.3594 0.1632 0.1923 0.0231 0.0319
88 0.3643 0.4065 0.1543 0.0279 0.0378 0.0093
89 0.1566 0.2042 0.4675 0.1163 0.0316 0.0238
90 0.4138 0.3430 0.2081 0.0131 0.0179 0.0040
91 0.2059 0.5864 0.1604 0.0136 0.0281 0.0055
92 0.0784 0.1489 0.5195 0.2035 0.0150 0.0345
93 0.2764 0.3206 0.3386 0.0251 0.0178 0.0215
94 0.1469 0.6187 0.1704 0.0428 0.0122 0.0092
95 0.0700 0.3289 0.1831 0.3394 0.0296 0.0489
96 0.0825 0.3667 0.3391 0.1577 0.0428 0.0112
97 0.1017 0.2559 0.5586 0.0238 0.0073 0.0528
98 0.0620 0.3430 0.4915 0.0171 0.0198 0.0665
99 0.0432 0.6802 0.1720 0.0818 0.0108 0.0120
100 0.1381 0.4189 0.4189 0.0096 0.0037 0.0108
101 0.3645 0.5020 0.0989 0.0166 0.0090 0.0090
102 0.3752 0.3086 0.2479 0.0455 0.0033 0.0194
103 0.3027 0.4475 0.2017 0.0139 0.0286 0.0057
104 0.0170 0.5039 0.1090 0.3464 0.0112 0.0121
105 0.0365 0.4480 0.3489 0.1215 0.0114 0.0335
106 0.0121 0.3511 0.6260 0.0084 0.0003 0.0023
107 0.1107 0.2917 0.5713 0.0106 0.0119 0.0038
108 0.2275 0.2423 0.3110 0.1414 0.0308 0.0470
109 0.0348 0.4688 0.4202 0.0332 0.0052 0.0382
110 0.0180 0.2440 0.6953 0.0349 0.0009 0.0070
111 0.0250 0.2815 0.6445 0.0196 0.0016 0.0279
112 0.0974 0.3071 0.1569 0.3479 0.0378 0.0529
113 0.1092 0.2969 0.5635 0.0067 0.0182 0.0055
114 0.2510 0.4475 0.1659 0.0938 0.0198 0.0218
115 0.0230 0.2377 0.5703 0.1252 0.0147 0.0293
116 0.0320 0.1083 0.1600 0.6533 0.0315 0.0148
117 0.0365 0.2825 0.2654 0.3462 0.0620 0.0076
118 0.2151 0.2151 0.5239 0.0165 0.0133 0.0158
119 0.2433 0.2866 0.4106 0.0230 0.0195 0.0168
120 0.0120 0.1028 0.3586 0.4065 0.0174 0.1028
121 0.0605 0.1279 0.2546 0.2668 0.0108 0.2795
122 0.0311 0.2041 0.1665 0.4253 0.0705 0.1026
123 0.1227 0.2722 0.5718 0.0136 0.0052 0.0143
124 0.1687 0.1454 0.6514 0.0120 0.0071 0.0152
125 0.0201 0.0818 0.1154 0.7524 0.0040 0.0266
126 0.2427 0.2974 0.4194 0.0202 0.0116 0.0086
127 0.0176 0.1565 0.4746 0.2242 0.0012 0.1257
128 0.0180 0.1915 0.3870 0.2966 0.0135 0.0934
129 0.0244 0.1710 0.4648 0.1440 0.0324 0.1632
130 0.0092 0.5068 0.1698 0.2935 0.0009 0.0195
131 0.2573 0.4922 0.2052 0.0107 0.0291 0.0054
132 0.1302 0.2286 0.5703 0.0194 0.0243 0.0269
133 0.3438 0.4849 0.0947 0.0143 0.0448 0.0174
134 0.0373 0.5571 0.1726 0.2131 0.0035 0.0162
135 0.0632 0.4290 0.4290 0.0537 0.0138 0.0115
136 0.0355 0.6240 0.2106 0.0589 0.0058 0.0652
137 0.1992 0.4285 0.3416 0.0102 0.0143 0.0061
138 0.3215 0.2773 0.2861 0.0852 0.0121 0.0179
139 0.1251 0.2754 0.2179 0.1923 0.0771 0.1122
140 0.0681 0.1671 0.2047 0.3884 0.1594 0.0122
141 0.3071 0.5225 0.0997 0.0281 0.0283 0.0146
142 0.0544 0.1898 0.1869 0.4773 0.0315 0.0602
143 0.1416 0.2627 0.1997 0.3674 0.0186 0.0100
144 0.0312 0.7212 0.1796 0.0626 0.0039 0.0014
145 0.0973 0.4678 0.3140 0.0859 0.0299 0.0052
146 0.0421 0.5996 0.2385 0.0919 0.0215 0.0064
147 0.1006 0.1851 0.0388 0.2610 0.1880 0.2267
148 0.3716 0.3435 0.2117 0.0307 0.0296 0.0129
149 0.3308 0.3281 0.2419 0.0398 0.0519 0.0073
150 0.0230 0.5122 0.3257 0.1116 0.0113 0.0162
151 0.1655 0.3877 0.0734 0.0900 0.2371 0.0463
152 0.2822 0.4370 0.2001 0.0429 0.0250 0.0128
153 0.2092 0.3730 0.3909 0.0051 0.0172 0.0047
154 0.1881 0.4619 0.3225 0.0100 0.0123 0.0052
155 0.1009 0.2238 0.0424 0.3359 0.1143 0.1826
156 0.2197 0.2888 0.0730 0.1167 0.2432 0.0587
157 0.0756 0.4490 0.3962 0.0434 0.0303 0.0057
158 0.0852 0.5430 0.3142 0.0352 0.0195 0.0031
159 0.2131 0.4307 0.3174 0.0182 0.0103 0.0103
160 0.0623 0.2683 0.3611 0.2559 0.0328 0.0197
161 0.1665 0.2104 0.2499 0.2832 0.0050 0.0850
162 0.0222 0.5674 0.2598 0.1317 0.0047 0.0141
163 0.1277 0.4709 0.2812 0.0706 0.0270 0.0227
164 0.1548 0.3831 0.3542 0.0778 0.0103 0.0200
165 0.1260 0.2974 0.5557 0.0124 0.0040 0.0045
166 0.1338 0.4219 0.3210 0.0185 0.0341 0.0705
167 0.0091 0.0643 0.6592 0.2174 0.0006 0.0493
168 0.4136 0.2842 0.2146 0.0188 0.0547 0.0142
169 0.4150 0.4023 0.1359 0.0125 0.0240 0.0102
170 0.1293 0.2891 0.4014 0.1177 0.0307 0.0319
171 0.1990 0.3716 0.3835 0.0143 0.0269 0.0048
172 0.0243 0.0704 0.8979 0.0013 0.0016 0.0042
173 0.0608 0.0898 0.8389 0.0026 0.0057 0.0025
174 0.3323 0.2468 0.2356 0.1301 0.0347 0.0206
175 0.0197 0.1660 0.1334 0.6069 0.0067 0.0671
176 0.0904 0.2308 0.2917 0.3206 0.0080 0.0584
177 0.2854 0.5049 0.1744 0.0107 0.0068 0.0180
178 0.1444 0.1611 0.3928 0.2576 0.0148 0.0294
179 0.1788 0.5508 0.1979 0.0336 0.0258 0.0133
180 0.1732 0.1349 0.1328 0.2330 0.3137 0.0125
181 0.2927 0.2389 0.3757 0.0421 0.0186 0.0321
182 0.4221 0.2405 0.2747 0.0187 0.0260 0.0180
183 0.2554 0.4016 0.2512 0.0116 0.0703 0.0100
184 0.5850 0.2939 0.0911 0.0101 0.0125 0.0074
185 0.3110 0.4778 0.1652 0.0187 0.0150 0.0123
186 0.0084 0.2729 0.2159 0.4944 0.0015 0.0069
187 0.1367 0.1284 0.2805 0.3330 0.0215 0.1000
188 0.1702 0.3987 0.2783 0.0984 0.0368 0.0177
189 0.1890 0.2686 0.0892 0.0746 0.3477 0.0311
190 0.2467 0.5024 0.2212 0.0116 0.0130 0.0052
191 0.0763 0.5337 0.3289 0.0375 0.0080 0.0157
192 0.0672 0.5493 0.3083 0.0536 0.0078 0.0136
193 0.1923 0.4365 0.2318 0.0659 0.0419 0.0316
194 0.0920 0.0549 0.0567 0.5054 0.1979 0.0934
195 0.2869 0.3252 0.0862 0.1432 0.1015 0.0569
196 0.1343 0.5742 0.2629 0.0148 0.0035 0.0100
197 0.1956 0.3860 0.2571 0.0178 0.1262 0.0174
198 0.1984 0.3220 0.4231 0.0091 0.0182 0.0293
199 0.0980 0.1426 0.0470 0.2837 0.0920 0.3367
200 0.1196 0.1824 0.0404 0.1853 0.1313 0.3408
201 0.1614 0.5503 0.1814 0.0301 0.0733 0.0038
202 0.3181 0.3928 0.1842 0.0247 0.0756 0.0044
203 0.0800 0.0920 0.3367 0.4390 0.0169 0.0355
204 0.1837 0.4690 0.2981 0.0146 0.0273 0.0072
205 0.1907 0.3972 0.3242 0.0206 0.0425 0.0246
206 0.0837 0.0484 0.2103 0.5991 0.0434 0.0149
207 0.1067 0.1228 0.1843 0.2443 0.0331 0.3088
208 0.1136 0.1553 0.1349 0.1288 0.0181 0.4492
209 0.1136 0.1553 0.1349 0.1288 0.0181 0.4492
210 0.4929 0.2292 0.0884 0.0580 0.1135 0.0180
211 0.4980 0.2280 0.0879 0.0559 0.1129 0.0173
212 0.4968 0.2274 0.0891 0.0566 0.1126 0.0175
213 0.4968 0.2274 0.0891 0.0566 0.1126 0.0175
214 0.4951 0.2302 0.0887 0.0560 0.1122 0.0176
215 0.4951 0.2302 0.0887 0.0560 0.1122 0.0176
216 0.5200 0.3010 0.0583 0.0139 0.0977 0.0089
