time exciting_prob fearful_prob tense_prob sad_prob relaxing_prob neutral_prob
0 0.1093 0.0408 0.2747 0.5210 0.0139 0.0402
1 0.0960 0.2268 0.4370 0.2001 0.0108 0.0293
2 0.0878 0.0642 0.3752 0.4253 0.0059 0.0415
3 0.0554 0.1289 0.4360 0.3140 0.0084 0.0572
4 0.0912 0.2854 0.3721 0.2056 0.0071 0.0386
5 0.0877 0.1469 0.4968 0.1799 0.0169 0.0716
6 0.0247 0.5117 0.4312 0.0215 0.0038 0.0070
7 0.0348 0.4441 0.4956 0.0108 0.0061 0.0086
8 0.0147 0.4819 0.4819 0.0119 0.0032 0.0062
9 0.0867 0.3027 0.5068 0.0665 0.0258 0.0111
10 0.0939 0.3032 0.4695 0.0910 0.0300 0.0123
11 0.0911 0.3081 0.4922 0.0732 0.0296 0.0060
12 0.1009 0.2496 0.4521 0.1515 0.0265 0.0194
13 0.1050 0.4778 0.3135 0.0641 0.0287 0.0109
14 0.1053 0.2795 0.4907 0.0690 0.0393 0.0160
15 0.0936 0.2014 0.4832 0.1593 0.0505 0.0120
16 0.1171 0.2766 0.4351 0.1390 0.0197 0.0126
17 0.0663 0.2041 0.4746 0.2277 0.0164 0.0109
18 0.0456 0.1300 0.3760 0.3760 0.0129 0.0595
19 0.1392 0.0421 0.1843 0.4934 0.0496 0.0912
20 0.1627 0.3262 0.4495 0.0160 0.0103 0.0352
21 0.0674 0.2927 0.5913 0.0169 0.0238 0.0077
22 0.1146 0.2664 0.5464 0.0323 0.0336 0.0066
23 0.1578 0.4565 0.2561 0.0763 0.0459 0.0072
24 0.0769 0.2296 0.6143 0.0303 0.0366 0.0121
25 0.0864 0.1692 0.6489 0.0481 0.0229 0.0246
26 0.1270 0.3618 0.4163 0.0538 0.0288 0.0125
27 0.1290 0.2161 0.4719 0.1069 0.0513 0.0248
28 0.0986 0.5806 0.2383 0.0437 0.0341 0.0046
29 0.2229 0.2335 0.3142 0.1791 0.0268 0.0235
30 0.1487 0.3350 0.4724 0.0254 0.0113 0.0071
31 0.0933 0.2346 0.2617 0.3257 0.0151 0.0693
32 0.1432 0.1809 0.2983 0.2937 0.0151 0.0687
33 0.1054 0.4233 0.3455 0.0719 0.0471 0.0066
34 0.1000 0.4624 0.2020 0.1898 0.0307 0.0150
35 0.0563 0.2444 0.6050 0.0679 0.0178 0.0088
36 0.1606 0.1937 0.4648 0.0771 0.0555 0.0482
37 0.1130 0.1113 0.2671 0.3945 0.0300 0.0840
38 0.1484 0.3093 0.3789 0.0989 0.0352 0.0292
39 0.0819 0.1437 0.5259 0.1191 0.0122 0.1173
40 0.0801 0.1241 0.6816 0.0765 0.0136 0.0241
41 0.4255 0.1666 0.2350 0.0957 0.0142 0.0627
42 0.4895 0.2832 0.1447 0.0562 0.0077 0.0188
43 0.0840 0.1030 0.4688 0.2629 0.0157 0.0655
44 0.0918 0.2783 0.5117 0.0535 0.0458 0.0188
45 0.2372 0.3398 0.2729 0.0521 0.0886 0.0093
46 0.1824 0.3743 0.2379 0.0606 0.1345 0.0102
47 0.1407 0.4011 0.3223 0.0692 0.0423 0.0245
48 0.0840 0.1924 0.3223 0.3123 0.0111 0.0778
49 0.1552 0.1703 0.2722 0.2478 0.1368 0.0177
50 0.1775 0.2209 0.3315 0.1566 0.1035 0.0098
51 0.2305 0.3569 0.2378 0.0249 0.1477 0.0021
52 0.1984 0.2145 0.2932 0.1582 0.1223 0.0134
53 0.0164 0.2585 0.6704 0.0181 0.0279 0.0087
54 0.1908 0.2776 0.3508 0.0795 0.0718 0.0295
55 0.1287 0.1744 0.3442 0.1946 0.0383 0.1199
56 0.2104 0.1033 0.3931 0.1771 0.0303 0.0857
57 0.1041 0.1237 0.3577 0.3577 0.0126 0.0441
58 0.1097 0.2717 0.2983 0.2360 0.0385 0.0457
59 0.0957 0.1816 0.2191 0.4031 0.0148 0.0858
60 0.1210 0.2157 0.5908 0.0405 0.0101 0.0219
61 0.1174 0.1655 0.4360 0.2158 0.0156 0.0497
62 0.1519 0.1748 0.4326 0.1340 0.0231 0.0839
63 0.0696 0.1078 0.3479 0.3169 0.0149 0.1428
64 0.1219 0.3933 0.3525 0.0418 0.0700 0.0204
65 0.1153 0.3723 0.1962 0.2854 0.0102 0.0207
66 0.0693 0.5532 0.2739 0.0703 0.0230 0.0103
67 0.0268 0.4534 0.1320 0.3818 0.0024 0.0037
68 0.1090 0.1274 0.1143 0.5625 0.0070 0.0798
69 0.2318 0.3025 0.2754 0.0691 0.1095 0.0118
70 0.1060 0.1935 0.3557 0.1681 0.0352 0.1415
71 0.0750 0.5122 0.3630 0.0222 0.0190 0.0087
72 0.0469 0.3206 0.5044 0.0407 0.0437 0.0437
73 0.0787 0.2462 0.6094 0.0384 0.0153 0.0121
74 0.1331 0.1907 0.5264 0.0782 0.0384 0.0331
75 0.1010 0.0891 0.4185 0.2460 0.0292 0.1162
76 0.0845 0.2262 0.3560 0.2644 0.0226 0.0463
77 0.0923 0.1865 0.3594 0.2800 0.0316 0.0502
78 0.0679 0.4126 0.3999 0.0378 0.0438 0.0378
79 0.1893 0.0901 0.3594 0.2712 0.0400 0.0498
80 0.1035 0.4092 0.3186 0.1172 0.0272 0.0244
81 0.1202 0.1165 0.4131 0.3218 0.0100 0.0183
82 0.1599 0.2118 0.2118 0.3438 0.0138 0.0588
83 0.1805 0.4363 0.2524 0.0595 0.0442 0.0268
84 0.0817 0.3547 0.4700 0.0527 0.0222 0.0190
85 0.0787 0.3367 0.5381 0.0193 0.0174 0.0099
86 0.0520 0.0780 0.6953 0.0667 0.0093 0.0986
87 0.0488 0.4219 0.3840 0.1135 0.0217 0.0102
88 0.0820 0.5024 0.2128 0.1683 0.0088 0.0258
89 0.0780 0.5049 0.3469 0.0220 0.0418 0.0063
90 0.2046 0.1643 0.2111 0.3169 0.0167 0.0866
91 0.1084 0.1705 0.2812 0.3186 0.0146 0.1068
92 0.0994 0.3015 0.2620 0.2620 0.0073 0.0678
93 0.0827 0.3220 0.4199 0.1301 0.0085 0.0367
94 0.0580 0.0942 0.2727 0.4937 0.0207 0.0608
95 0.1285 0.0856 0.4417 0.2896 0.0058 0.0488
96 0.1167 0.1114 0.3948 0.3376 0.0059 0.0334
97 0.0852 0.5220 0.2927 0.0428 0.0035 0.0537
98 0.1254 0.6777 0.1409 0.0079 0.0461 0.0022
99 0.0856 0.1625 0.2681 0.3721 0.0163 0.0955
100 0.0395 0.6035 0.2438 0.0484 0.0368 0.0282
101 0.1233 0.2610 0.2651 0.2778 0.0170 0.0556
102 0.2482 0.0964 0.1482 0.1210 0.0076 0.3784
103 0.1742 0.4556 0.2219 0.0798 0.0259 0.0427
104 0.0765 0.0410 0.1724 0.6504 0.0153 0.0443
105 0.1183 0.0586 0.1472 0.6011 0.0173 0.0577
106 0.1556 0.2527 0.5103 0.0422 0.0100 0.0290
107 0.0887 0.2413 0.3679 0.2302 0.0235 0.0482
108 0.1804 0.1655 0.1567 0.0989 0.0339 0.3645
109 0.1044 0.0800 0.1320 0.4980 0.0214 0.1642
110 0.0953 0.3174 0.4690 0.0909 0.0123 0.0150
111 0.0329 0.0938 0.1808 0.6309 0.0099 0.0518
112 0.1349 0.0371 0.2681 0.4026 0.0092 0.1481
113 0.0974 0.1606 0.3677 0.2412 0.0136 0.1194
114 0.1305 0.0985 0.2637 0.1575 0.0115 0.3384
115 0.1354 0.1608 0.3098 0.3403 0.0120 0.0419
116 0.1516 0.0891 0.1772 0.4119 0.0113 0.1588
117 0.0741 0.1428 0.1451 0.3296 0.0691 0.2393
118 0.0801 0.1044 0.1891 0.3193 0.1428 0.1643
119 0.0677 0.1017 0.1945 0.3308 0.0179 0.2874
120 0.0736 0.0998 0.4617 0.1725 0.0060 0.1865
121 0.0480 0.2537 0.2498 0.2659 0.0138 0.1689
122 0.1292 0.0692 0.3247 0.1582 0.0089 0.3098
123 0.1050 0.0520 0.2900 0.4153 0.0102 0.1277
124 0.0283 0.0582 0.2688 0.5518 0.0134 0.0795
125 0.0897 0.0677 0.1755 0.5581 0.0026 0.1065
126 0.1016 0.0616 0.1899 0.4346 0.0100 0.2021
127 0.1790 0.0594 0.2192 0.3787 0.0244 0.1393
128 0.1359 0.0877 0.1772 0.2275 0.0247 0.3469
129 0.1575 0.0817 0.2220 0.2720 0.0341 0.2327
130 0.0904 0.3384 0.3574 0.0672 0.0876 0.0588
131 0.2319 0.3650 0.2096 0.0149 0.1451 0.0334
132 0.0986 0.0844 0.2520 0.4421 0.0178 0.1050
133 0.0576 0.1299 0.2705 0.3938 0.0122 0.1361
134 0.2041 0.0357 0.3313 0.0524 0.0184 0.3582
135 0.3066 0.0529 0.4324 0.0432 0.0233 0.1415
136 0.2419 0.0371 0.2698 0.1676 0.0220 0.2615
137 0.0287 0.2406 0.4424 0.1732 0.0090 0.1059
138 0.0903 0.2378 0.3054 0.3201 0.0031 0.0433
139 0.1388 0.1334 0.1782 0.4143 0.0382 0.0969
140 0.2224 0.0642 0.1328 0.5171 0.0226 0.0408
141 0.1167 0.0560 0.0815 0.6113 0.0082 0.1262
142 0.1147 0.2467 0.3372 0.0525 0.2391 0.0099
143 0.1122 0.2820 0.1765 0.3350 0.0243 0.0702
144 0.1072 0.0682 0.1635 0.5278 0.0703 0.0630
145 0.1232 0.1968 0.4299 0.1606 0.0160 0.0735
146 0.1696 0.0605 0.4983 0.1383 0.0150 0.1183
147 0.1388 0.1367 0.6831 0.0089 0.0058 0.0265
148 0.1455 0.1000 0.6885 0.0120 0.0202 0.0338
149 0.3821 0.0456 0.2585 0.1230 0.0089 0.1819
150 0.2595 0.0515 0.3130 0.0749 0.0073 0.2939
151 0.2803 0.0289 0.3892 0.1432 0.0109 0.1477
152 0.2032 0.0370 0.3855 0.0730 0.0101 0.2910
153 0.2076 0.4363 0.2861 0.0396 0.0112 0.0193
154 0.1493 0.2122 0.2122 0.3184 0.0244 0.0837
155 0.1373 0.1555 0.4363 0.1230 0.0148 0.1331
156 0.2001 0.1880 0.4839 0.0256 0.0151 0.0874
157 0.1370 0.0418 0.1678 0.2404 0.0104 0.4026
158 0.2434 0.0931 0.3950 0.1387 0.0138 0.1159
159 0.2208 0.0942 0.1542 0.2903 0.0266 0.2140
160 0.1005 0.5430 0.1777 0.0229 0.1095 0.0464
161 0.2915 0.1455 0.2236 0.0791 0.0166 0.2437
162 0.2600 0.2993 0.2330 0.0878 0.0363 0.0837
163 0.2620 0.1403 0.1238 0.3638 0.0224 0.0878
164 0.1794 0.3352 0.1214 0.3301 0.0239 0.0102
165 0.1741 0.6470 0.0640 0.0640 0.0480 0.0029
166 0.0792 0.1959 0.0792 0.4851 0.1550 0.0056
167 0.0837 0.1379 0.1162 0.2876 0.3691 0.0053
168 0.0878 0.1042 0.1145 0.1181 0.5723 0.0029
169 0.1016 0.1345 0.1727 0.0803 0.5078 0.0032
170 0.0575 0.0823 0.1143 0.3154 0.4180 0.0124
171 0.0803 0.1016 0.1245 0.2476 0.4412 0.0049
172 0.2207 0.2705 0.4390 0.0184 0.0219 0.0296
173 0.2144 0.2212 0.4609 0.0207 0.0183 0.0644
174 0.1937 0.3479 0.4133 0.0078 0.0136 0.0237
175 0.2063 0.2607 0.4578 0.0162 0.0165 0.0426
176 0.3130 0.2742 0.3574 0.0168 0.0148 0.0239
177 0.4058 0.1887 0.3259 0.0315 0.0213 0.0268
178 0.2798 0.1475 0.4333 0.0479 0.0284 0.0634
179 0.0424 0.1135 0.5415 0.2440 0.0246 0.0341
180 0.1013 0.0747 0.0568 0.1343 0.6206 0.0123
181 0.0784 0.1365 0.1242 0.2285 0.4072 0.0252
182 0.0929 0.0270 0.4790 0.3142 0.0134 0.0735
183 0.0425 0.2372 0.4363 0.2410 0.0221 0.0211
184 0.1180 0.3157 0.1423 0.3362 0.0811 0.0067
185 0.0364 0.2126 0.6758 0.0456 0.0045 0.0250
186 0.2031 0.2450 0.0923 0.1821 0.2607 0.0165
187 0.1632 0.2432 0.1558 0.1149 0.3027 0.0203
188 0.1809 0.3713 0.0760 0.1304 0.2323 0.0092
189 0.1274 0.3154 0.2307 0.1455 0.1160 0.0651
190 0.0713 0.4041 0.4167 0.0464 0.0364 0.0250
191 0.0893 0.3645 0.4194 0.0399 0.0595 0.0275
192 0.0734 0.3845 0.3501 0.0858 0.0812 0.0248
193 0.0613 0.0663 0.2539 0.5376 0.0441 0.0366
194 0.0315 0.0816 0.2325 0.5938 0.0362 0.0245
195 0.0630 0.1443 0.6074 0.1055 0.0527 0.0271
196 0.0618 0.1307 0.6851 0.0942 0.0034 0.0246
197 0.1098 0.1838 0.3833 0.1782 0.0626 0.0822
198 0.1636 0.2494 0.3572 0.1008 0.0925 0.0365
199 0.2245 0.1483 0.3191 0.1192 0.1761 0.0129
200 0.1425 0.0864 0.0878 0.2207 0.4529 0.0097
201 0.1030 0.0551 0.1985 0.2249 0.2842 0.1343
202 0.1017 0.2991 0.2402 0.2681 0.0622 0.0289
203 0.2058 0.2949 0.2058 0.1860 0.0906 0.0168
204 0.1597 0.1896 0.0875 0.1039 0.4478 0.0117
205 0.2177 0.0922 0.0696 0.2505 0.3589 0.0112
206 0.0267 0.0574 0.3008 0.5708 0.0303 0.0140
207 0.0662 0.2239 0.3691 0.2274 0.0562 0.0571
208 0.1792 0.2230 0.1498 0.2908 0.1139 0.0432
209 0.2271 0.2344 0.1598 0.1324 0.2417 0.0046
210 0.2362 0.3130 0.2554 0.1245 0.0433 0.0278
211 0.1304 0.2305 0.2067 0.1511 0.2737 0.0076
212 0.0462 0.0594 0.2384 0.5542 0.0289 0.0727
213 0.0691 0.2161 0.4036 0.1696 0.0450 0.0966
214 0.0573 0.1252 0.4236 0.2910 0.0490 0.0538
215 0.0539 0.0889 0.2571 0.4045 0.1511 0.0443
216 0.1564 0.1588 0.3311 0.1917 0.0528 0.1092
217 0.1492 0.0863 0.4453 0.1379 0.0276 0.1538
218 0.0760 0.1323 0.4915 0.1808 0.0340 0.0854
219 0.1338 0.1218 0.3418 0.2349 0.0878 0.0799
220 0.0396 0.0893 0.2751 0.4902 0.0921 0.0136
221 0.0338 0.1349 0.3667 0.3667 0.0399 0.0580
222 0.0807 0.0867 0.4402 0.0551 0.0302 0.3071
223 0.1425 0.3555 0.4492 0.0125 0.0219 0.0184
224 0.2013 0.0648 0.4607 0.1748 0.0190 0.0794
225 0.3013 0.1757 0.3960 0.0437 0.0203 0.0631
226 0.2278 0.1298 0.1328 0.4324 0.0341 0.0432
227 0.3416 0.2661 0.1092 0.2104 0.0504 0.0222
228 0.2435 0.2759 0.1477 0.2632 0.0440 0.0257
229 0.3628 0.0903 0.4343 0.0259 0.0113 0.0754
230 0.0674 0.2283 0.5781 0.0192 0.0047 0.1021
231 0.2817 0.2998 0.1405 0.2263 0.0372 0.0146
232 0.3486 0.2323 0.1523 0.1420 0.0953 0.0295
233 0.1885 0.2039 0.4053 0.0884 0.0341 0.0798
234 0.0672 0.1638 0.3467 0.3157 0.0278 0.0786
235 0.0561 0.5156 0.2634 0.1225 0.0168 0.0257
236 0.1070 0.0959 0.6455 0.0944 0.0091 0.0482
237 0.5264 0.1028 0.0260 0.3142 0.0146 0.0159
238 0.4163 0.1605 0.0334 0.3672 0.0119 0.0107
239 0.3171 0.0429 0.3220 0.2712 0.0101 0.0367
240 0.2125 0.0521 0.2644 0.3503 0.0086 0.1120
241 0.1857 0.0774 0.5459 0.0296 0.0136 0.1481
242 0.2312 0.1042 0.0811 0.4817 0.0481 0.0536
243 0.1747 0.0567 0.0658 0.6392 0.0217 0.0418
244 0.3271 0.1765 0.0821 0.3323 0.0582 0.0237
245 0.3164 0.2625 0.1036 0.2352 0.0445 0.0378
246 0.3633 0.3308 0.1066 0.1538 0.0333 0.0123
247 0.0848 0.1234 0.1039 0.5884 0.0291 0.0703
248 0.1000 0.2021 0.2939 0.2986 0.0296 0.0755
249 0.0901 0.0649 0.2338 0.2338 0.0094 0.3679
250 0.1603 0.1603 0.1963 0.1470 0.0075 0.3289
251 0.1265 0.1254 0.1898 0.1958 0.0163 0.3462
252 0.1213 0.2510 0.3948 0.0990 0.0645 0.0696
253 0.0677 0.2153 0.3779 0.2681 0.0441 0.0269
254 0.0634 0.2432 0.2629 0.3887 0.0171 0.0248
255 0.0489 0.3394 0.3726 0.2225 0.0079 0.0088
256 0.0934 0.3040 0.3611 0.2122 0.0164 0.0130
257 0.0904 0.2119 0.2988 0.3494 0.0207 0.0289
258 0.0535 0.1501 0.2052 0.4624 0.0139 0.1151
259 0.1127 0.2106 0.3525 0.2462 0.0074 0.0706
260 0.1159 0.0991 0.3250 0.1584 0.0192 0.2825
261 0.2017 0.1376 0.4653 0.0510 0.0286 0.1158
262 0.1032 0.0911 0.2477 0.2400 0.0330 0.2849
263 0.1296 0.0549 0.3694 0.1692 0.0229 0.2539
264 0.0746 0.2092 0.3560 0.1735 0.0158 0.1708
265 0.1075 0.1370 0.2384 0.1871 0.0287 0.3013
266 0.0630 0.0343 0.2269 0.4175 0.0205 0.2378
267 0.0642 0.0920 0.3962 0.2991 0.0113 0.1370
268 0.1405 0.2883 0.2976 0.2211 0.0082 0.0442
269 0.0406 0.0988 0.3394 0.3394 0.0214 0.1604
270 0.1307 0.0466 0.5093 0.1349 0.0278 0.1505
271 0.0703 0.0547 0.6162 0.1194 0.0040 0.1354
272 0.2319 0.0321 0.3823 0.2668 0.0127 0.0741
273 0.0633 0.0328 0.4534 0.0907 0.0066 0.3530
274 0.1489 0.1315 0.3745 0.1797 0.0401 0.1254
275 0.0918 0.0631 0.1854 0.5283 0.0097 0.1216
276 0.1285 0.0528 0.2054 0.4084 0.0118 0.1930
277 0.1927 0.1958 0.2474 0.1810 0.0101 0.1727
278 0.0871 0.2025 0.1874 0.4495 0.0190 0.0545
279 0.1077 0.1818 0.5176 0.0285 0.0173 0.1471
280 0.1707 0.1904 0.3557 0.0729 0.0107 0.1996
281 0.1403 0.3665 0.3337 0.0589 0.0668 0.0338
282 0.0972 0.1859 0.3696 0.1693 0.0176 0.1603
283 0.1152 0.0756 0.2021 0.1161 0.0134 0.4775
284 0.1503 0.1515 0.2830 0.1091 0.0320 0.2742
285 0.1173 0.0806 0.4568 0.1309 0.0117 0.2026
286 0.0714 0.0961 0.5615 0.0660 0.0171 0.1881
287 0.0897 0.1743 0.3748 0.2169 0.0066 0.1378
288 0.1342 0.1521 0.3765 0.1877 0.0068 0.1428
289 0.0811 0.1050 0.3015 0.2922 0.0225 0.1978
290 0.0650 0.1686 0.3101 0.3301 0.0161 0.1105
291 0.0810 0.1973 0.5039 0.1636 0.0122 0.0420
292 0.1965 0.1997 0.4033 0.1495 0.0262 0.0246
293 0.1782 0.2961 0.3862 0.0896 0.0261 0.0236
294 0.1345 0.4309 0.3152 0.0561 0.0191 0.0443
295 0.0746 0.2930 0.4194 0.0958 0.0152 0.1020
296 0.2004 0.4082 0.3330 0.0135 0.0159 0.0289
297 0.2805 0.3547 0.2849 0.0284 0.0171 0.0343
298 0.2303 0.2910 0.3767 0.0167 0.0133 0.0719
299 0.2546 0.1670 0.4231 0.0337 0.0497 0.0718
300 0.1327 0.2854 0.4932 0.0257 0.0301 0.0330
301 0.0853 0.2300 0.4099 0.0581 0.0432 0.1736
302 0.1821 0.2338 0.3049 0.0735 0.0319 0.1737
303 0.0611 0.5615 0.1881 0.1660 0.0135 0.0095
304 0.1129 0.1567 0.1361 0.1299 0.0180 0.4463
305 0.1129 0.1567 0.1361 0.1299 0.0180 0.4463
306 0.1136 0.1553 0.1349 0.1288 0.0181 0.4492
307 0.1136 0.1553 0.1349 0.1288 0.0181 0.4492
308 0.5449 0.1884 0.0969 0.0856 0.0298 0.0544
309 0.5449 0.1884 0.0969 0.0856 0.0298 0.0544
310 0.5522 0.1849 0.0944 0.0847 0.0297 0.0542
