time exciting_prob fearful_prob tense_prob sad_prob relaxing_prob neutral_prob
0 0.0933 0.1236 0.0891 0.2346 0.0280 0.4314
1 0.1212 0.2336 0.4795 0.1332 0.0043 0.0283
2 0.1757 0.1703 0.4148 0.1730 0.0105 0.0557
3 0.2776 0.1779 0.3511 0.1464 0.0071 0.0400
4 0.8096 0.0475 0.0426 0.0568 0.0429 0.0007
5 0.4329 0.1643 0.1862 0.0509 0.1655 0.0002
6 0.6421 0.1216 0.0897 0.1265 0.0064 0.0140
7 0.8555 0.0551 0.0498 0.0314 0.0075 0.0005
8 0.1570 0.1632 0.5742 0.0908 0.0024 0.0126
9 0.1935 0.1138 0.4570 0.1935 0.0224 0.0199
10 0.4041 0.3484 0.2231 0.0097 0.0089 0.0059
11 0.0894 0.6250 0.1997 0.0161 0.0581 0.0117
12 0.0546 0.0674 0.5264 0.1310 0.0010 0.2195
13 0.0687 0.1081 0.6724 0.0661 0.0004 0.0842
14 0.1711 0.3350 0.1864 0.2231 0.0042 0.0802
15 0.2209 0.5098 0.1818 0.0690 0.0018 0.0169
16 0.0452 0.0541 0.6797 0.1093 0.0007 0.1110
17 0.1510 0.5273 0.2064 0.0394 0.0582 0.0176
18 0.0125 0.7637 0.1552 0.0627 0.0017 0.0043
19 0.1847 0.0735 0.5645 0.1580 0.0019 0.0173
20 0.1648 0.1024 0.5239 0.1868 0.0022 0.0202
21 0.1077 0.5776 0.2644 0.0375 0.0008 0.0123
22 0.1841 0.4851 0.2291 0.0338 0.0431 0.0247
23 0.0914 0.7192 0.1495 0.0170 0.0175 0.0054
24 0.0794 0.6440 0.2227 0.0076 0.0409 0.0052
25 0.1666 0.0306 0.2350 0.1200 0.0018 0.4460
26 0.1652 0.5762 0.1180 0.0721 0.0017 0.0667
27 0.0838 0.6641 0.1802 0.0186 0.0009 0.0524
28 0.1225 0.0947 0.6782 0.0791 0.0005 0.0251
29 0.1079 0.5146 0.2529 0.0742 0.0047 0.0457
30 0.0928 0.4392 0.4534 0.0072 0.0040 0.0035
31 0.0759 0.5518 0.2979 0.0397 0.0073 0.0275
32 0.0502 0.2629 0.5835 0.0742 0.0008 0.0284
33 0.0674 0.3318 0.5059 0.0658 0.0008 0.0285
34 0.0531 0.4309 0.4377 0.0185 0.0059 0.0539
35 0.0973 0.5820 0.2544 0.0199 0.0027 0.0435
36 0.1382 0.4460 0.3757 0.0140 0.0015 0.0244
37 0.0547 0.5786 0.2820 0.0432 0.0064 0.0348
38 0.1306 0.1842 0.4285 0.1504 0.0272 0.0792
39 0.1836 0.6768 0.1167 0.0134 0.0062 0.0032
40 0.2111 0.6304 0.1193 0.0161 0.0187 0.0045
41 0.2979 0.4199 0.1498 0.0619 0.0419 0.0288
42 0.1676 0.0743 0.2805 0.2118 0.2554 0.0102
43 0.2832 0.2878 0.1403 0.1267 0.1018 0.0603
44 0.6172 0.2115 0.0748 0.0302 0.0388 0.0275
45 0.3433 0.3459 0.2083 0.0291 0.0457 0.0275
46 0.2202 0.5200 0.0732 0.1016 0.0327 0.0519
47 0.2576 0.2764 0.3059 0.0947 0.0305 0.0351
48 0.0729 0.6108 0.2336 0.0293 0.0116 0.0416
49 0.2401 0.2942 0.3718 0.0540 0.0269 0.0129
50 0.0450 0.1584 0.4375 0.2571 0.0044 0.0976
51 0.2576 0.3748 0.2764 0.0162 0.0732 0.0020
52 0.2295 0.1459 0.2947 0.1101 0.1328 0.0871
53 0.1541 0.2856 0.4783 0.0331 0.0445 0.0043
54 0.1462 0.2394 0.5352 0.0482 0.0171 0.0139
55 0.1152 0.5625 0.2764 0.0265 0.0142 0.0054
56 0.0933 0.2383 0.0721 0.5806 0.0077 0.0078
57 0.1517 0.5464 0.2727 0.0106 0.0133 0.0055
58 0.1163 0.0799 0.5376 0.0558 0.1199 0.0905
59 0.2389 0.2583 0.4128 0.0501 0.0219 0.0180
60 0.0493 0.8467 0.0878 0.0091 0.0039 0.0033
61 0.0813 0.5869 0.2485 0.0316 0.0361 0.0155
62 0.0630 0.4373 0.4619 0.0280 0.0025 0.0075
63 0.0441 0.6904 0.2480 0.0134 0.0010 0.0030
64 0.1376 0.6211 0.2001 0.0097 0.0302 0.0011
65 0.0559 0.5830 0.2179 0.0867 0.0275 0.0290
66 0.0637 0.0325 0.4285 0.4285 0.0104 0.0363
67 0.0397 0.3857 0.2375 0.2529 0.0040 0.0802
68 0.1241 0.2954 0.0610 0.5024 0.0074 0.0093
69 0.0591 0.7314 0.1440 0.0400 0.0211 0.0044
70 0.1501 0.5664 0.2100 0.0404 0.0284 0.0046
71 0.1597 0.4995 0.2571 0.0556 0.0174 0.0109
72 0.0727 0.5083 0.1703 0.1492 0.0641 0.0352
73 0.2300 0.4067 0.2178 0.0887 0.0497 0.0071
74 0.0783 0.5435 0.1908 0.1644 0.0183 0.0047
75 0.0701 0.4644 0.1967 0.2410 0.0207 0.0072
76 0.0894 0.0951 0.5303 0.2317 0.0125 0.0409
77 0.1078 0.0471 0.6709 0.1406 0.0104 0.0233
78 0.2141 0.2175 0.5020 0.0609 0.0050 0.0007
79 0.1838 0.0382 0.7158 0.0561 0.0055 0.0003
80 0.2108 0.1060 0.5913 0.0800 0.0111 0.0009
81 0.2620 0.2139 0.1759 0.2367 0.0352 0.0762
82 0.1665 0.6235 0.1414 0.0405 0.0165 0.0117
83 0.4873 0.0605 0.3977 0.0450 0.0079 0.0018
84 0.3613 0.1155 0.4460 0.0643 0.0090 0.0039
85 0.1169 0.2456 0.4587 0.0889 0.0454 0.0444
86 0.1481 0.2347 0.4526 0.0927 0.0191 0.0528
87 0.5864 0.0418 0.1996 0.1519 0.0090 0.0110
88 0.3372 0.2211 0.3760 0.0525 0.0096 0.0036
89 0.1417 0.6660 0.1509 0.0193 0.0026 0.0196
90 0.2068 0.2418 0.3862 0.0932 0.0354 0.0365
91 0.2125 0.3730 0.3423 0.0244 0.0302 0.0175
92 0.0483 0.5571 0.3711 0.0142 0.0007 0.0087
93 0.0774 0.5410 0.3284 0.0303 0.0015 0.0213
94 0.0211 0.0685 0.8813 0.0279 0.0010 0.0003
95 0.0257 0.0754 0.8237 0.0720 0.0021 0.0010
96 0.2178 0.4434 0.3047 0.0199 0.0072 0.0071
97 0.1897 0.3354 0.4375 0.0164 0.0185 0.0025
98 0.1775 0.2771 0.5176 0.0173 0.0074 0.0034
99 0.2678 0.1411 0.3660 0.0756 0.0792 0.0704
100 0.3096 0.2527 0.3508 0.0600 0.0221 0.0050
101 0.3003 0.1671 0.2651 0.1938 0.0300 0.0436
102 0.0592 0.4917 0.3770 0.0531 0.0146 0.0043
103 0.0580 0.5132 0.4187 0.0031 0.0051 0.0020
104 0.2145 0.4006 0.2908 0.0518 0.0204 0.0217
105 0.3193 0.3425 0.2566 0.0399 0.0367 0.0051
106 0.1049 0.5718 0.2659 0.0434 0.0044 0.0096
107 0.1796 0.1882 0.1443 0.3152 0.0472 0.1254
108 0.2218 0.4309 0.2698 0.0440 0.0069 0.0267
109 0.0649 0.4136 0.4336 0.0620 0.0254 0.0005
110 0.1088 0.1464 0.1312 0.5273 0.0223 0.0640
111 0.2303 0.4336 0.2778 0.0440 0.0141 0.0001
112 0.1216 0.5620 0.1008 0.1378 0.0383 0.0395
113 0.2250 0.2357 0.2471 0.1698 0.0522 0.0703
114 0.0449 0.7417 0.1906 0.0147 0.0048 0.0032
115 0.3616 0.2280 0.3240 0.0546 0.0254 0.0064
116 0.2883 0.2158 0.4751 0.0082 0.0096 0.0030
117 0.1942 0.2717 0.5156 0.0044 0.0130 0.0013
118 0.2216 0.5073 0.2551 0.0073 0.0072 0.0018
119 0.1340 0.2502 0.5640 0.0372 0.0042 0.0101
120 0.2942 0.2419 0.3206 0.0732 0.0588 0.0111
121 0.2032 0.4473 0.2197 0.0821 0.0123 0.0353
122 0.1642 0.4429 0.1592 0.0217 0.2108 0.0014
123 0.0347 0.0914 0.1761 0.6343 0.0115 0.0521
124 0.1746 0.0979 0.2277 0.3525 0.0463 0.1010
125 0.1824 0.5195 0.2133 0.0182 0.0630 0.0034
126 0.0728 0.5137 0.3315 0.0445 0.0304 0.0073
127 0.4021 0.1348 0.1599 0.1117 0.1599 0.0315
128 0.2036 0.2827 0.4050 0.0862 0.0092 0.0132
129 0.1699 0.3406 0.4304 0.0112 0.0397 0.0081
130 0.1065 0.0253 0.0856 0.5327 0.0100 0.2400
131 0.3787 0.1137 0.3091 0.1372 0.0485 0.0127
132 0.2235 0.0539 0.2494 0.3801 0.0468 0.0461
133 0.5938 0.0791 0.1727 0.0666 0.0785 0.0096
134 0.1119 0.3586 0.4324 0.0878 0.0079 0.0013
135 0.3733 0.3425 0.1450 0.0741 0.0614 0.0037
136 0.0757 0.0746 0.3669 0.4292 0.0062 0.0474
137 0.1379 0.1885 0.5718 0.0715 0.0276 0.0026
138 0.1906 0.1193 0.5825 0.0581 0.0079 0.0419
139 0.0817 0.1744 0.4250 0.0580 0.0149 0.2460
140 0.1599 0.1433 0.3333 0.1549 0.1840 0.0247
141 0.1227 0.4023 0.3840 0.0431 0.0305 0.0171
142 0.1925 0.3889 0.3857 0.0146 0.0161 0.0023
143 0.2003 0.0565 0.1852 0.3201 0.2003 0.0376
144 0.1511 0.0337 0.2571 0.3201 0.0280 0.2098
145 0.1237 0.5762 0.1285 0.0844 0.0641 0.0229
146 0.1957 0.3713 0.3381 0.0660 0.0115 0.0174
147 0.1719 0.4673 0.2971 0.0341 0.0134 0.0164
148 0.1555 0.4229 0.1906 0.1997 0.0262 0.0050
149 0.3337 0.3608 0.2725 0.0047 0.0264 0.0017
150 0.1869 0.3833 0.4019 0.0101 0.0153 0.0025
151 0.3845 0.3997 0.1541 0.0126 0.0442 0.0050
152 0.4409 0.4585 0.0616 0.0047 0.0335 0.0007
153 0.1246 0.5898 0.2346 0.0207 0.0282 0.0022
154 0.2057 0.3501 0.4155 0.0124 0.0122 0.0041
155 0.1055 0.4619 0.3174 0.0692 0.0394 0.0064
156 0.1136 0.6963 0.1127 0.0299 0.0418 0.0059
157 0.3960 0.4417 0.1001 0.0190 0.0421 0.0013
158 0.2769 0.5815 0.0769 0.0090 0.0545 0.0010
159 0.0634 0.2930 0.6108 0.0119 0.0190 0.0018
160 0.0883 0.7109 0.1611 0.0206 0.0167 0.0020
161 0.2097 0.1794 0.3403 0.0874 0.1766 0.0064
162 0.1750 0.4233 0.3401 0.0367 0.0214 0.0035
163 0.2664 0.1979 0.2502 0.1802 0.0292 0.0763
164 0.1527 0.5854 0.2240 0.0141 0.0156 0.0080
165 0.0914 0.1004 0.4036 0.1331 0.2126 0.0591
166 0.3013 0.1625 0.3989 0.0830 0.0325 0.0218
167 0.1075 0.1190 0.5337 0.1181 0.0117 0.1101
168 0.2800 0.1547 0.4766 0.0611 0.0124 0.0152
169 0.2001 0.1271 0.5269 0.0670 0.0610 0.0179
170 0.1182 0.1201 0.1578 0.1566 0.4192 0.0279
171 0.4441 0.2322 0.2452 0.0423 0.0342 0.0020
172 0.3701 0.1790 0.3240 0.0886 0.0201 0.0181
173 0.1437 0.4568 0.1904 0.0872 0.0134 0.1085
174 0.1981 0.3191 0.4194 0.0288 0.0156 0.0190
175 0.1221 0.5825 0.1736 0.0807 0.0082 0.0326
176 0.1699 0.4512 0.3149 0.0388 0.0015 0.0237
177 0.1321 0.2566 0.2566 0.3142 0.0137 0.0268
178 0.5083 0.3035 0.1090 0.0607 0.0174 0.0014
179 0.4893 0.0716 0.2384 0.1915 0.0055 0.0037
180 0.6836 0.0527 0.2255 0.0105 0.0225 0.0052
181 0.3267 0.2177 0.3911 0.0272 0.0258 0.0116
182 0.2188 0.4119 0.3469 0.0085 0.0112 0.0028
183 0.1121 0.6401 0.1451 0.0547 0.0148 0.0329
184 0.1847 0.0974 0.2263 0.2817 0.1791 0.0309
185 0.5889 0.1007 0.1852 0.1141 0.0086 0.0027
186 0.3364 0.0320 0.4458 0.1692 0.0116 0.0048
187 0.2844 0.0221 0.4336 0.1671 0.0243 0.0686
188 0.1726 0.4143 0.3831 0.0126 0.0151 0.0024
189 0.2642 0.3784 0.2947 0.0366 0.0210 0.0051
190 0.0452 0.3811 0.5542 0.0110 0.0063 0.0021
191 0.3113 0.1787 0.3210 0.1470 0.0294 0.0126
192 0.1014 0.1954 0.6411 0.0547 0.0026 0.0049
193 0.0986 0.1931 0.6187 0.0799 0.0051 0.0047
194 0.1192 0.5557 0.2974 0.0113 0.0137 0.0028
195 0.0540 0.6421 0.2896 0.0083 0.0046 0.0015
196 0.2603 0.3728 0.2406 0.0318 0.0928 0.0019
197 0.0298 0.0218 0.3159 0.5903 0.0057 0.0366
198 0.1156 0.0478 0.4753 0.3218 0.0048 0.0347
199 0.0672 0.1337 0.6084 0.1827 0.0023 0.0057
200 0.2032 0.3623 0.2339 0.0809 0.1131 0.0065
201 0.1481 0.1238 0.6138 0.0884 0.0028 0.0229
202 0.0220 0.0455 0.8721 0.0524 0.0042 0.0040
203 0.0758 0.1631 0.7305 0.0235 0.0065 0.0005
204 0.2668 0.0915 0.5693 0.0385 0.0034 0.0306
205 0.1526 0.1478 0.6626 0.0210 0.0022 0.0136
206 0.2150 0.3330 0.4209 0.0094 0.0203 0.0016
207 0.1063 0.1096 0.3325 0.3826 0.0324 0.0367
208 0.1738 0.1534 0.3738 0.2032 0.0802 0.0155
209 0.2323 0.0931 0.3149 0.2959 0.0265 0.0373
210 0.4463 0.0633 0.2484 0.0668 0.1566 0.0184
211 0.4707 0.1317 0.1993 0.0576 0.0920 0.0488
212 0.2230 0.3733 0.1569 0.0233 0.2230 0.0005
213 0.4163 0.3118 0.1832 0.0590 0.0244 0.0055
214 0.4167 0.0771 0.0361 0.0288 0.4402 0.0009
215 0.4019 0.2805 0.1884 0.0130 0.1160 0.0003
216 0.0755 0.2168 0.2134 0.4243 0.0544 0.0156
217 0.3005 0.1809 0.3101 0.1323 0.0748 0.0014
218 0.2849 0.1797 0.4019 0.0440 0.0890 0.0005
219 0.3113 0.1615 0.1051 0.0272 0.3936 0.0013
220 0.0707 0.0526 0.3025 0.0284 0.5391 0.0069
221 0.1482 0.0988 0.3967 0.2683 0.0344 0.0537
222 0.1417 0.4832 0.2527 0.0241 0.0959 0.0025
223 0.4602 0.0576 0.1616 0.2058 0.1137 0.0010
224 0.1724 0.0990 0.0808 0.5186 0.0847 0.0446
225 0.2061 0.1331 0.1847 0.3972 0.0406 0.0384
226 0.4087 0.1744 0.2120 0.0667 0.1296 0.0084
227 0.3376 0.1808 0.2822 0.1333 0.0649 0.0010
228 0.2993 0.0623 0.2224 0.3445 0.0567 0.0148
229 0.1268 0.1035 0.4785 0.1437 0.0806 0.0668
230 0.1588 0.2539 0.2024 0.3110 0.0294 0.0445
231 0.3201 0.1205 0.1466 0.2512 0.1584 0.0030
232 0.1681 0.3167 0.4751 0.0132 0.0266 0.0004
233 0.2416 0.0692 0.1215 0.3921 0.1713 0.0043
234 0.2937 0.0784 0.1713 0.2937 0.1571 0.0059
235 0.2413 0.2690 0.2756 0.0840 0.1272 0.0028
236 0.1555 0.4680 0.3242 0.0229 0.0283 0.0012
237 0.4407 0.3054 0.2018 0.0091 0.0417 0.0014
238 0.3171 0.1194 0.1792 0.3147 0.0629 0.0067
239 0.0991 0.7266 0.0938 0.0611 0.0032 0.0163
240 0.6372 0.0862 0.0743 0.0607 0.1400 0.0013
241 0.3091 0.0695 0.1919 0.2191 0.2058 0.0047
242 0.1017 0.6792 0.1842 0.0229 0.0064 0.0059
243 0.2009 0.0717 0.1639 0.4321 0.1200 0.0114
244 0.2167 0.0848 0.1444 0.4661 0.0848 0.0033
245 0.2311 0.0994 0.4668 0.1348 0.0667 0.0012
246 0.0639 0.1353 0.3916 0.3196 0.0126 0.0771
247 0.0504 0.3757 0.5215 0.0387 0.0064 0.0074
248 0.4851 0.0898 0.3633 0.0484 0.0009 0.0123
249 0.0486 0.4680 0.3760 0.0493 0.0364 0.0217
250 0.0410 0.3154 0.5981 0.0247 0.0105 0.0101
251 0.0749 0.1973 0.6470 0.0651 0.0010 0.0150
252 0.0605 0.0479 0.7852 0.0945 0.0033 0.0086
253 0.0946 0.2051 0.6724 0.0171 0.0087 0.0021
254 0.0483 0.1987 0.5933 0.1500 0.0075 0.0023
255 0.0110 0.6255 0.3455 0.0136 0.0028 0.0018
256 0.0566 0.2896 0.5410 0.0662 0.0051 0.0414
257 0.1581 0.1175 0.0989 0.5967 0.0112 0.0176
258 0.0463 0.1719 0.4221 0.3391 0.0048 0.0160
259 0.0960 0.1055 0.3540 0.4204 0.0040 0.0201
260 0.2986 0.2004 0.4587 0.0330 0.0082 0.0011
261 0.4280 0.3083 0.1870 0.0398 0.0225 0.0143
262 0.0657 0.1886 0.5718 0.1638 0.0059 0.0041
263 0.0692 0.0556 0.2002 0.6465 0.0110 0.0175
264 0.2236 0.0437 0.2201 0.4810 0.0062 0.0255
265 0.1091 0.3992 0.4119 0.0580 0.0213 0.0007
266 0.1703 0.1161 0.5498 0.1411 0.0208 0.0021
267 0.0452 0.0572 0.8667 0.0272 0.0029 0.0007
268 0.0562 0.0357 0.7285 0.1704 0.0058 0.0032
269 0.0588 0.0484 0.8306 0.0557 0.0052 0.0012
270 0.0796 0.0400 0.7612 0.1088 0.0080 0.0022
271 0.0504 0.0492 0.8130 0.0798 0.0063 0.0015
272 0.0958 0.0428 0.5342 0.3091 0.0119 0.0064
