time exciting_prob fearful_prob tense_prob sad_prob relaxing_prob neutral_prob
0 0.1136 0.1553 0.1349 0.1288 0.0181 0.4492
1 0.1136 0.1553 0.1349 0.1288 0.0181 0.4492
2 0.0313 0.4065 0.2317 0.2317 0.0729 0.0260
3 0.0286 0.5742 0.1752 0.1571 0.0436 0.0211
4 0.1064 0.3894 0.3955 0.0842 0.0232 0.0014
5 0.1006 0.1879 0.6260 0.0534 0.0237 0.0087
6 0.1399 0.1187 0.4771 0.1958 0.0597 0.0089
7 0.1224 0.0803 0.5664 0.1868 0.0271 0.0172
8 0.0422 0.0801 0.4683 0.3647 0.0256 0.0189
9 0.0281 0.1460 0.2727 0.3091 0.0069 0.2371
10 0.0727 0.0739 0.6377 0.1588 0.0114 0.0455
11 0.0167 0.2827 0.6680 0.0035 0.0112 0.0178
12 0.0305 0.0829 0.6733 0.1649 0.0220 0.0265
13 0.0414 0.3867 0.5366 0.0232 0.0013 0.0107
14 0.0782 0.3618 0.4099 0.0701 0.0132 0.0669
15 0.0950 0.0740 0.3118 0.1669 0.1279 0.2245
16 0.0454 0.0862 0.3254 0.0682 0.0631 0.4114
17 0.1032 0.1000 0.4412 0.3032 0.0092 0.0430
18 0.0500 0.1492 0.5049 0.0500 0.0077 0.2384
19 0.0237 0.1499 0.7495 0.0239 0.0127 0.0403
20 0.0326 0.2140 0.4900 0.0576 0.0170 0.1888
21 0.1559 0.0697 0.4106 0.3301 0.0091 0.0247
22 0.0269 0.1033 0.6128 0.1702 0.0087 0.0779
23 0.0154 0.0645 0.2759 0.1015 0.0023 0.5400
24 0.0129 0.0940 0.4485 0.0511 0.0386 0.3547
25 0.0382 0.0556 0.1609 0.1796 0.0040 0.5615
26 0.0346 0.0688 0.3779 0.0481 0.0074 0.4631
27 0.0533 0.2317 0.5142 0.0306 0.0108 0.1593
28 0.0903 0.1024 0.7563 0.0327 0.0040 0.0142
29 0.0452 0.1035 0.5132 0.0594 0.1068 0.1719
30 0.0715 0.1539 0.4666 0.0727 0.0042 0.2310
31 0.3027 0.0967 0.3948 0.1282 0.0332 0.0446
32 0.0107 0.0820 0.3909 0.0384 0.0279 0.4500
33 0.0135 0.1081 0.4768 0.0392 0.0295 0.3328
34 0.0345 0.1674 0.1925 0.0243 0.5747 0.0064
35 0.1367 0.0385 0.3716 0.1432 0.0115 0.2986
36 0.0232 0.0518 0.7266 0.1063 0.0687 0.0232
37 0.0596 0.1130 0.6113 0.1013 0.0685 0.0464
38 0.0144 0.1130 0.7485 0.0168 0.0136 0.0937
39 0.0128 0.1461 0.7192 0.0189 0.0170 0.0859
40 0.0042 0.0504 0.9209 0.0064 0.0043 0.0140
41 0.0077 0.0411 0.9360 0.0030 0.0053 0.0069
42 0.0051 0.0392 0.9204 0.0106 0.0032 0.0213
43 0.0399 0.2189 0.2155 0.0276 0.4932 0.0050
44 0.0356 0.1290 0.1395 0.2449 0.4365 0.0147
45 0.0831 0.1802 0.5132 0.0150 0.0467 0.1615
46 0.0385 0.1283 0.5840 0.0616 0.1243 0.0635
47 0.0221 0.1216 0.6782 0.1024 0.0031 0.0726
48 0.0218 0.3806 0.2419 0.2037 0.1422 0.0097
49 0.0493 0.0988 0.0942 0.0885 0.6646 0.0049
50 0.0156 0.0592 0.0903 0.0144 0.8174 0.0033
51 0.0062 0.1425 0.7119 0.0202 0.0100 0.1092
52 0.0163 0.2054 0.6631 0.0160 0.0259 0.0732
53 0.0390 0.2930 0.6396 0.0034 0.0207 0.0040
54 0.0150 0.1615 0.2278 0.1360 0.4189 0.0408
55 0.0417 0.1316 0.0704 0.0389 0.6680 0.0492
56 0.0471 0.0543 0.0551 0.0228 0.7847 0.0359
57 0.0431 0.2461 0.5459 0.0438 0.0580 0.0632
58 0.0163 0.2966 0.5205 0.0492 0.0905 0.0271
59 0.0585 0.1288 0.3499 0.0793 0.3445 0.0390
60 0.0262 0.0670 0.3296 0.0316 0.5024 0.0432
61 0.0177 0.0290 0.1385 0.0577 0.6206 0.1364
62 0.0462 0.1772 0.5127 0.1772 0.0728 0.0138
63 0.0741 0.0814 0.1095 0.0605 0.6704 0.0041
64 0.0800 0.0717 0.0717 0.0246 0.7471 0.0048
65 0.0500 0.0641 0.1401 0.0349 0.7007 0.0102
66 0.0199 0.0706 0.2542 0.0541 0.5723 0.0289
67 0.0182 0.0545 0.1066 0.0272 0.7881 0.0055
68 0.0387 0.2524 0.4036 0.0989 0.1876 0.0186
69 0.0266 0.1439 0.1439 0.4792 0.0189 0.1876
70 0.0809 0.2147 0.1836 0.3767 0.1186 0.0254
71 0.0333 0.1614 0.2878 0.4387 0.0470 0.0318
72 0.0156 0.4463 0.4678 0.0288 0.0220 0.0193
73 0.0204 0.2854 0.1392 0.5088 0.0386 0.0075
74 0.0341 0.5293 0.3064 0.0949 0.0166 0.0184
75 0.0134 0.2900 0.2810 0.2443 0.0927 0.0787
76 0.0177 0.1813 0.6528 0.0160 0.1033 0.0289
77 0.0318 0.1625 0.4150 0.0762 0.2328 0.0817
78 0.0101 0.2783 0.0565 0.6079 0.0228 0.0243
79 0.0321 0.3145 0.1532 0.1937 0.2607 0.0460
80 0.0102 0.0991 0.8423 0.0342 0.0085 0.0056
81 0.0304 0.1909 0.3247 0.0262 0.3796 0.0479
82 0.0429 0.2671 0.5308 0.0110 0.1407 0.0075
83 0.0509 0.2245 0.2883 0.0193 0.4065 0.0107
84 0.0505 0.1472 0.6201 0.0260 0.0770 0.0794
85 0.0529 0.7080 0.2125 0.0098 0.0137 0.0033
86 0.0163 0.1411 0.7510 0.0190 0.0090 0.0636
87 0.0245 0.2439 0.6230 0.0503 0.0346 0.0238
88 0.0646 0.4180 0.4736 0.0280 0.0059 0.0101
89 0.0403 0.4500 0.4863 0.0114 0.0068 0.0052
90 0.0688 0.1305 0.7056 0.0061 0.0265 0.0626
91 0.0754 0.1453 0.3376 0.0923 0.0560 0.2935
92 0.0765 0.2081 0.5571 0.0754 0.0239 0.0592
93 0.0425 0.2467 0.2429 0.2111 0.1982 0.0586
94 0.0720 0.1621 0.2651 0.1132 0.1794 0.2081
95 0.0354 0.2893 0.4275 0.0779 0.1169 0.0531
96 0.0617 0.2275 0.5049 0.0354 0.1401 0.0303
97 0.0124 0.2151 0.4849 0.1549 0.0022 0.1305
98 0.0654 0.1606 0.6455 0.0730 0.0367 0.0186
99 0.1433 0.4019 0.4211 0.0092 0.0203 0.0042
100 0.0321 0.4102 0.3000 0.0639 0.1879 0.0057
101 0.0067 0.6567 0.1824 0.1488 0.0022 0.0033
102 0.0334 0.2000 0.7090 0.0258 0.0211 0.0108
103 0.0615 0.3025 0.5830 0.0381 0.0108 0.0040
104 0.0364 0.1261 0.1594 0.0596 0.5737 0.0446
105 0.0373 0.4165 0.3621 0.0497 0.0847 0.0497
106 0.0473 0.3933 0.4187 0.0405 0.0632 0.0369
107 0.0035 0.0455 0.8442 0.0132 0.0016 0.0919
108 0.0184 0.2573 0.2827 0.2961 0.0507 0.0947
109 0.0250 0.2043 0.4751 0.0879 0.0189 0.1890
110 0.0182 0.2069 0.4663 0.1637 0.0153 0.1295
111 0.0073 0.1359 0.7944 0.0215 0.0120 0.0289
112 0.0173 0.1639 0.3811 0.1425 0.2385 0.0566
113 0.0124 0.0702 0.8823 0.0288 0.0018 0.0047
114 0.0505 0.1509 0.3914 0.3145 0.0400 0.0529
115 0.0919 0.2419 0.3206 0.0492 0.2457 0.0507
116 0.0208 0.3750 0.1180 0.3931 0.0837 0.0095
117 0.0255 0.4148 0.1389 0.3386 0.0756 0.0067
118 0.0236 0.1665 0.7461 0.0152 0.0328 0.0157
119 0.0153 0.1185 0.7490 0.0108 0.0881 0.0182
120 0.0477 0.1100 0.5210 0.0188 0.2539 0.0485
121 0.0412 0.1495 0.5913 0.0116 0.1721 0.0339
122 0.0611 0.1896 0.5488 0.0267 0.1345 0.0394
123 0.0570 0.1378 0.6475 0.0101 0.1160 0.0317
124 0.0070 0.3325 0.6211 0.0060 0.0111 0.0224
125 0.0109 0.2219 0.7163 0.0064 0.0156 0.0291
126 0.0078 0.1099 0.7754 0.0053 0.0148 0.0870
127 0.0682 0.2134 0.3203 0.0166 0.2167 0.1649
128 0.0457 0.2471 0.2981 0.0295 0.2250 0.1547
129 0.0432 0.1578 0.2333 0.0266 0.3906 0.1483
130 0.0409 0.0485 0.1361 0.0085 0.7476 0.0186
131 0.0388 0.0809 0.2693 0.0070 0.5527 0.0514
132 0.0866 0.0764 0.3792 0.0170 0.4297 0.0113
133 0.0600 0.1737 0.5024 0.0258 0.2301 0.0077
134 0.0699 0.2240 0.4968 0.0333 0.1691 0.0069
135 0.0606 0.1000 0.2634 0.0535 0.0882 0.4343
136 0.0188 0.0984 0.2893 0.0955 0.0132 0.4846
137 0.0334 0.0814 0.3372 0.1669 0.0165 0.3645
138 0.1016 0.0925 0.2437 0.0676 0.3833 0.1115
139 0.1036 0.1761 0.3191 0.0209 0.3345 0.0460
140 0.1174 0.2092 0.3730 0.0165 0.2646 0.0192
141 0.0417 0.0617 0.4216 0.1600 0.0251 0.2898
142 0.0526 0.1644 0.4907 0.2178 0.0131 0.0614
143 0.2681 0.0792 0.1625 0.4150 0.0315 0.0437
144 0.0346 0.6626 0.2085 0.0570 0.0100 0.0276
145 0.0765 0.0542 0.2015 0.0742 0.0789 0.5146
146 0.1918 0.4321 0.2139 0.0272 0.1317 0.0034
147 0.1788 0.1288 0.0679 0.0117 0.6050 0.0076
148 0.1300 0.3071 0.1384 0.0329 0.3882 0.0035
149 0.0497 0.2094 0.1138 0.0758 0.5347 0.0168
150 0.0862 0.2134 0.3057 0.1179 0.0351 0.2418
151 0.0190 0.3809 0.2274 0.1316 0.2310 0.0104
152 0.0449 0.4124 0.4321 0.0812 0.0274 0.0019
153 0.1307 0.3552 0.3286 0.1100 0.0710 0.0044
154 0.1353 0.2886 0.3823 0.0309 0.1544 0.0086
155 0.0241 0.7261 0.1865 0.0235 0.0304 0.0092
156 0.0476 0.5078 0.3279 0.0602 0.0170 0.0395
157 0.1041 0.1295 0.4812 0.0421 0.2169 0.0263
158 0.0743 0.1151 0.3601 0.0346 0.4019 0.0141
159 0.1570 0.1807 0.1522 0.0083 0.4912 0.0106
160 0.1890 0.3042 0.1449 0.0220 0.3289 0.0110
161 0.1437 0.3728 0.1566 0.0485 0.2603 0.0183
162 0.1246 0.2852 0.5166 0.0374 0.0243 0.0121
163 0.1164 0.5054 0.3315 0.0256 0.0055 0.0154
164 0.2737 0.3682 0.1794 0.1333 0.0342 0.0112
165 0.0872 0.2603 0.5508 0.0449 0.0313 0.0258
166 0.0759 0.2412 0.6064 0.0342 0.0319 0.0104
167 0.0554 0.1531 0.6055 0.0806 0.0819 0.0237
168 0.1038 0.1214 0.6260 0.0784 0.0461 0.0241
169 0.0611 0.3152 0.3462 0.1853 0.0468 0.0454
170 0.0544 0.0743 0.7275 0.1116 0.0220 0.0103
171 0.0803 0.1115 0.4922 0.1868 0.0731 0.0561
172 0.0532 0.2742 0.4116 0.1945 0.0492 0.0174
173 0.0731 0.1244 0.2717 0.4695 0.0202 0.0410
174 0.0583 0.2235 0.3354 0.3572 0.0214 0.0043
175 0.1636 0.2456 0.3987 0.1586 0.0255 0.0080
176 0.2040 0.3062 0.3994 0.0598 0.0229 0.0077
177 0.1719 0.0642 0.2542 0.4458 0.0285 0.0355
178 0.1506 0.1438 0.2686 0.2686 0.1289 0.0396
179 0.2234 0.2491 0.2959 0.1941 0.0295 0.0079
180 0.1122 0.3147 0.3794 0.1685 0.0195 0.0058
181 0.1405 0.2316 0.4326 0.1543 0.0367 0.0044
182 0.2654 0.1334 0.3354 0.1536 0.0692 0.0430
183 0.2206 0.2206 0.3752 0.1042 0.0673 0.0120
184 0.1974 0.2202 0.3987 0.1294 0.0461 0.0081
185 0.1737 0.1606 0.5186 0.0860 0.0509 0.0103
186 0.0344 0.3069 0.3477 0.1981 0.0740 0.0390
187 0.0383 0.1636 0.6079 0.0484 0.0823 0.0597
188 0.0018 0.0344 0.9590 0.0025 0.0016 0.0005
189 0.0237 0.0901 0.7095 0.0295 0.0119 0.1354
190 0.0418 0.2644 0.5430 0.0493 0.0058 0.0958
191 0.0358 0.0572 0.4861 0.3447 0.0172 0.0590
192 0.0974 0.1484 0.4294 0.2905 0.0107 0.0237
193 0.1327 0.3840 0.3135 0.1190 0.0227 0.0283
194 0.1157 0.4795 0.0596 0.1375 0.0568 0.1509
195 0.0755 0.1715 0.2382 0.0238 0.0985 0.3926
196 0.0924 0.5840 0.1714 0.0171 0.0583 0.0767
197 0.0681 0.3796 0.2610 0.0271 0.1062 0.1582
198 0.0919 0.3308 0.3308 0.0933 0.0405 0.1125
199 0.1100 0.5010 0.2441 0.0898 0.0371 0.0181
200 0.0849 0.3491 0.2805 0.2289 0.0175 0.0392
201 0.0184 0.4744 0.3752 0.0411 0.0046 0.0864
202 0.0245 0.2305 0.6772 0.0068 0.0161 0.0447
203 0.0458 0.6572 0.2068 0.0461 0.0170 0.0269
204 0.0526 0.1473 0.1937 0.0614 0.0264 0.5186
205 0.1367 0.3958 0.2255 0.0519 0.0398 0.1503
206 0.1058 0.5049 0.2206 0.0905 0.0101 0.0683
207 0.1575 0.5044 0.1689 0.0621 0.0162 0.0911
208 0.0979 0.0762 0.5293 0.2620 0.0098 0.0247
209 0.2059 0.0301 0.2522 0.3787 0.1052 0.0279
210 0.0755 0.0842 0.4414 0.1649 0.1959 0.0380
211 0.0252 0.1802 0.5464 0.0425 0.0516 0.1542
212 0.0396 0.1888 0.6191 0.0643 0.0425 0.0456
213 0.1010 0.3064 0.3933 0.1010 0.0642 0.0341
214 0.0131 0.4771 0.2761 0.2052 0.0075 0.0211
215 0.0460 0.1350 0.4568 0.0279 0.2905 0.0439
216 0.0523 0.1367 0.5664 0.0106 0.1869 0.0469
217 0.0350 0.1194 0.6357 0.0083 0.1038 0.0975
218 0.0335 0.6479 0.1469 0.1423 0.0232 0.0065
219 0.0089 0.6050 0.1903 0.1530 0.0326 0.0105
220 0.0995 0.4390 0.3113 0.0285 0.0864 0.0352
221 0.1111 0.1129 0.2316 0.1920 0.3369 0.0156
222 0.0853 0.1121 0.2372 0.2952 0.2605 0.0098
223 0.0739 0.2722 0.0837 0.3335 0.2103 0.0263
224 0.0549 0.1238 0.1403 0.6387 0.0278 0.0148
225 0.0387 0.0818 0.1602 0.5337 0.0549 0.1307
226 0.0812 0.2009 0.0878 0.4976 0.1219 0.0107
227 0.0228 0.6987 0.2032 0.0376 0.0293 0.0085
228 0.0518 0.0596 0.0802 0.1079 0.6929 0.0075
229 0.0396 0.3235 0.1901 0.2258 0.2155 0.0057
230 0.0626 0.1433 0.3279 0.1324 0.3279 0.0057
231 0.0444 0.3408 0.2068 0.2455 0.1586 0.0039
232 0.0729 0.2485 0.3450 0.2125 0.1120 0.0091
233 0.0225 0.1511 0.1159 0.5195 0.0889 0.1023
234 0.0267 0.4841 0.2472 0.0881 0.1302 0.0235
235 0.0392 0.0876 0.1143 0.0948 0.6084 0.0557
236 0.0332 0.0816 0.1151 0.0954 0.6416 0.0330
237 0.0286 0.2117 0.2717 0.1989 0.2849 0.0042
238 0.0439 0.1791 0.3093 0.2998 0.1655 0.0024
239 0.0039 0.1899 0.7632 0.0398 0.0004 0.0030
240 0.0105 0.4441 0.3918 0.1333 0.0057 0.0145
241 0.0075 0.4817 0.4185 0.0652 0.0064 0.0207
242 0.0589 0.1135 0.5332 0.0818 0.1902 0.0224
243 0.0178 0.3501 0.4639 0.0226 0.1210 0.0248
244 0.0228 0.1533 0.1851 0.0945 0.5190 0.0254
245 0.0582 0.0610 0.3511 0.1908 0.3147 0.0243
246 0.0300 0.1852 0.5615 0.0518 0.0153 0.1560
247 0.0377 0.4019 0.4553 0.0278 0.0063 0.0709
248 0.0646 0.2236 0.5200 0.0098 0.1714 0.0108
249 0.0218 0.2617 0.6377 0.0125 0.0641 0.0024
250 0.0147 0.3125 0.6416 0.0105 0.0090 0.0117
251 0.0193 0.6665 0.2267 0.0468 0.0158 0.0250
252 0.0063 0.2449 0.6353 0.1053 0.0009 0.0074
253 0.0325 0.4385 0.3635 0.0165 0.0891 0.0598
254 0.0318 0.4321 0.3997 0.0093 0.0512 0.0757
255 0.0693 0.0440 0.3745 0.4736 0.0202 0.0184
256 0.0592 0.0307 0.2305 0.6362 0.0298 0.0136
257 0.1178 0.0499 0.3516 0.4377 0.0228 0.0202
258 0.1110 0.0728 0.2971 0.3755 0.0740 0.0695
259 0.0568 0.1722 0.4067 0.2318 0.0559 0.0764
260 0.0734 0.1120 0.3848 0.2563 0.0746 0.0988
261 0.0813 0.1183 0.4128 0.2666 0.0344 0.0865
262 0.0925 0.1503 0.1246 0.4485 0.0267 0.1575
263 0.1136 0.1553 0.1349 0.1288 0.0181 0.4492
