time exciting_prob fearful_prob tense_prob sad_prob relaxing_prob neutral_prob
0 0.1896 0.1132 0.1115 0.2891 0.0606 0.2360
1 0.2661 0.0558 0.5635 0.0812 0.0137 0.0199
2 0.1096 0.1140 0.3977 0.2266 0.0702 0.0821
3 0.0615 0.4368 0.4436 0.0281 0.0165 0.0134
4 0.2844 0.2910 0.3430 0.0547 0.0226 0.0041
5 0.2637 0.1170 0.2595 0.3130 0.0298 0.0170
6 0.2386 0.2443 0.3525 0.0516 0.0851 0.0278
7 0.1605 0.2246 0.4905 0.0239 0.0929 0.0076
8 0.1327 0.0598 0.2479 0.4285 0.0481 0.0831
9 0.1810 0.1399 0.1648 0.4768 0.0159 0.0216
10 0.2717 0.0676 0.1388 0.4844 0.0101 0.0273
11 0.1361 0.4900 0.3091 0.0215 0.0190 0.0244
12 0.3521 0.1841 0.0985 0.1400 0.2119 0.0133
13 0.2610 0.1780 0.1096 0.3484 0.0999 0.0031
14 0.4475 0.1725 0.2529 0.0433 0.0802 0.0036
15 0.1382 0.3091 0.3396 0.1102 0.0049 0.0980
16 0.4238 0.1621 0.3005 0.0615 0.0359 0.0163
17 0.3398 0.1473 0.1021 0.3218 0.0614 0.0275
18 0.3110 0.2423 0.2106 0.1034 0.0728 0.0598
19 0.2571 0.4407 0.2098 0.0440 0.0226 0.0258
20 0.4297 0.1428 0.0880 0.1619 0.1581 0.0195
21 0.3408 0.2783 0.1648 0.0307 0.1782 0.0071
22 0.2152 0.1236 0.2169 0.3958 0.0241 0.0243
23 0.3167 0.0629 0.0922 0.4004 0.0133 0.1147
24 0.2864 0.3098 0.3025 0.0569 0.0214 0.0230
25 0.2817 0.3455 0.1923 0.0770 0.0228 0.0807
26 0.1776 0.2771 0.4500 0.0297 0.0297 0.0361
27 0.2988 0.3181 0.2086 0.0523 0.0905 0.0315
28 0.3623 0.2651 0.2651 0.0385 0.0591 0.0097
29 0.2189 0.1208 0.5088 0.0617 0.0285 0.0612
30 0.3350 0.1312 0.2197 0.0361 0.0840 0.1938
31 0.4282 0.3440 0.1946 0.0151 0.0154 0.0027
32 0.2778 0.2339 0.4543 0.0164 0.0118 0.0058
33 0.0826 0.2708 0.3398 0.2299 0.0264 0.0505
34 0.0279 0.5869 0.3342 0.0281 0.0064 0.0166
35 0.0393 0.0775 0.0865 0.0775 0.0064 0.7129
36 0.3462 0.1868 0.2961 0.0720 0.0430 0.0561
37 0.2678 0.1082 0.4629 0.0941 0.0557 0.0113
38 0.3884 0.0629 0.0853 0.3945 0.0327 0.0361
39 0.3696 0.1627 0.3210 0.1154 0.0240 0.0072
40 0.1880 0.4761 0.2302 0.0443 0.0446 0.0167
41 0.0506 0.0582 0.2340 0.6069 0.0049 0.0453
42 0.4646 0.0624 0.0795 0.1619 0.2229 0.0087
43 0.2681 0.2328 0.3606 0.0780 0.0395 0.0211
44 0.1910 0.0530 0.2098 0.4802 0.0288 0.0370
45 0.1652 0.1126 0.5854 0.0598 0.0399 0.0371
46 0.1943 0.2101 0.4885 0.0472 0.0359 0.0239
47 0.1213 0.1332 0.4233 0.3049 0.0094 0.0078
48 0.3093 0.2335 0.1848 0.2448 0.0252 0.0022
49 0.1360 0.5093 0.1666 0.1298 0.0154 0.0428
50 0.4968 0.1716 0.2402 0.0652 0.0193 0.0069
51 0.1393 0.1278 0.1641 0.3064 0.0123 0.2502
52 0.3950 0.0909 0.2737 0.1881 0.0423 0.0100
53 0.1329 0.1775 0.2075 0.4568 0.0154 0.0101
54 0.1713 0.2759 0.2360 0.2378 0.0602 0.0188
55 0.0333 0.1093 0.2581 0.2426 0.0201 0.3367
56 0.1940 0.0433 0.4236 0.2064 0.0322 0.1006
57 0.6245 0.1394 0.0900 0.0352 0.1052 0.0057
58 0.3286 0.0663 0.2812 0.2642 0.0516 0.0082
59 0.6099 0.1721 0.0633 0.0336 0.1044 0.0166
60 0.1614 0.4456 0.2661 0.0438 0.0688 0.0142
61 0.3989 0.1016 0.1663 0.2382 0.0715 0.0236
62 0.5083 0.2238 0.2037 0.0392 0.0225 0.0025
63 0.3213 0.2058 0.2279 0.0294 0.1934 0.0222
64 0.1628 0.2124 0.2603 0.2262 0.0142 0.1239
65 0.0641 0.1337 0.5537 0.1826 0.0173 0.0484
66 0.1737 0.1632 0.3455 0.1509 0.0765 0.0901
67 0.0787 0.2009 0.4895 0.1425 0.0549 0.0336
68 0.1582 0.0771 0.2798 0.4578 0.0047 0.0223
69 0.5190 0.1122 0.1659 0.1671 0.0097 0.0262
70 0.1185 0.5229 0.2339 0.0730 0.0094 0.0423
71 0.0646 0.1942 0.4377 0.1942 0.0437 0.0656
72 0.1971 0.0784 0.5796 0.0917 0.0181 0.0353
73 0.4705 0.2040 0.1600 0.1092 0.0441 0.0122
74 0.1293 0.0620 0.2340 0.5356 0.0150 0.0241
75 0.1022 0.2432 0.5698 0.0538 0.0245 0.0064
76 0.1514 0.1587 0.3010 0.2308 0.0200 0.1378
77 0.2086 0.2942 0.2556 0.2086 0.0236 0.0095
78 0.5298 0.1318 0.0572 0.0723 0.2042 0.0050
79 0.5039 0.2399 0.1274 0.0104 0.1178 0.0007
80 0.2281 0.3142 0.3398 0.0214 0.0873 0.0093
81 0.4795 0.1342 0.2393 0.0771 0.0629 0.0071
82 0.2417 0.2306 0.2361 0.0110 0.2739 0.0070
83 0.2957 0.0967 0.4370 0.1243 0.0367 0.0094
84 0.2467 0.2688 0.2976 0.0145 0.1709 0.0017
85 0.2769 0.4124 0.2350 0.0445 0.0270 0.0044
86 0.2891 0.1312 0.1047 0.3459 0.0457 0.0834
87 0.3789 0.2211 0.2751 0.0590 0.0428 0.0231
88 0.1824 0.0714 0.4077 0.0969 0.0476 0.1941
89 0.2505 0.1329 0.3291 0.1832 0.0886 0.0158
90 0.1526 0.2401 0.2896 0.2327 0.0532 0.0317
91 0.4094 0.1747 0.2157 0.0204 0.1707 0.0090
92 0.5469 0.1318 0.0504 0.1128 0.1471 0.0110
93 0.1338 0.1886 0.5459 0.0238 0.0612 0.0469
94 0.1324 0.0842 0.2849 0.4343 0.0119 0.0523
95 0.1083 0.4351 0.3662 0.0704 0.0113 0.0086
96 0.4939 0.1775 0.0920 0.0533 0.1680 0.0154
97 0.3127 0.2515 0.2783 0.0676 0.0760 0.0139
98 0.2288 0.1622 0.4551 0.1098 0.0362 0.0079
99 0.1338 0.0825 0.3552 0.4089 0.0116 0.0078
100 0.5024 0.1863 0.2014 0.0486 0.0573 0.0038
101 0.2024 0.1652 0.2366 0.2766 0.0160 0.1033
102 0.0925 0.4846 0.3179 0.0267 0.0216 0.0565
103 0.0270 0.6396 0.2861 0.0154 0.0098 0.0221
104 0.2681 0.2764 0.2222 0.0843 0.0374 0.1117
105 0.3311 0.0768 0.3235 0.0871 0.0201 0.1614
106 0.2400 0.1869 0.4482 0.0325 0.0531 0.0392
107 0.4661 0.1598 0.3032 0.0278 0.0392 0.0038
108 0.3054 0.3953 0.1523 0.0531 0.0656 0.0284
109 0.0473 0.4741 0.3442 0.0204 0.0089 0.1050
110 0.3918 0.0615 0.3433 0.0809 0.0329 0.0895
111 0.1726 0.3682 0.3328 0.0255 0.0766 0.0245
112 0.1394 0.1997 0.3044 0.2194 0.0186 0.1183
113 0.1466 0.3081 0.3252 0.0122 0.2036 0.0043
114 0.1350 0.0751 0.7183 0.0088 0.0316 0.0313
115 0.1371 0.3340 0.2542 0.0156 0.2502 0.0088
116 0.4487 0.1799 0.2039 0.1246 0.0395 0.0031
117 0.6782 0.1235 0.1107 0.0238 0.0616 0.0022
118 0.1761 0.0628 0.0907 0.4226 0.0266 0.2209
119 0.0889 0.2306 0.6367 0.0123 0.0269 0.0047
120 0.0293 0.4998 0.3953 0.0200 0.0058 0.0499
121 0.1526 0.2786 0.3257 0.1108 0.0682 0.0641
122 0.1975 0.1715 0.2964 0.2830 0.0182 0.0335
123 0.1724 0.0391 0.2546 0.4758 0.0250 0.0329
124 0.0861 0.1177 0.2164 0.5190 0.0249 0.0359
125 0.0994 0.3694 0.4526 0.0594 0.0064 0.0125
126 0.1185 0.1030 0.3171 0.3887 0.0173 0.0551
127 0.6196 0.1320 0.0663 0.1146 0.0533 0.0143
128 0.2573 0.0876 0.3716 0.2554 0.0115 0.0167
129 0.1247 0.3159 0.3389 0.0341 0.1786 0.0076
130 0.4565 0.2878 0.1191 0.0643 0.0590 0.0133
131 0.1382 0.2727 0.2727 0.1707 0.0276 0.1182
132 0.2444 0.1979 0.3162 0.0800 0.1238 0.0378
133 0.3977 0.1953 0.1710 0.1462 0.0771 0.0127
134 0.4685 0.1779 0.1498 0.0880 0.0860 0.0300
135 0.1549 0.1797 0.4734 0.1378 0.0265 0.0278
136 0.4663 0.1637 0.2830 0.0519 0.0169 0.0184
137 0.3469 0.3496 0.1976 0.0705 0.0079 0.0276
138 0.6938 0.1115 0.1089 0.0518 0.0314 0.0027
139 0.2478 0.1306 0.4023 0.0905 0.0263 0.1025
140 0.3069 0.3345 0.2076 0.0886 0.0326 0.0299
141 0.0374 0.3777 0.4148 0.0721 0.0301 0.0677
142 0.4814 0.1074 0.0607 0.1827 0.1492 0.0184
143 0.1149 0.1407 0.2844 0.4072 0.0107 0.0419
144 0.1011 0.5259 0.2603 0.0349 0.0274 0.0504
145 0.2408 0.3069 0.2389 0.0347 0.1642 0.0146
146 0.2045 0.1372 0.5557 0.0529 0.0285 0.0212
147 0.1542 0.1603 0.4636 0.0384 0.1747 0.0089
148 0.3064 0.3696 0.2057 0.0549 0.0294 0.0341
149 0.1359 0.2517 0.5332 0.0325 0.0386 0.0082
150 0.2505 0.1982 0.3022 0.2076 0.0281 0.0133
151 0.0105 0.2256 0.6631 0.0575 0.0057 0.0380
152 0.1438 0.1654 0.4497 0.1720 0.0372 0.0318
153 0.1428 0.0989 0.2079 0.4910 0.0163 0.0432
154 0.2324 0.4377 0.2634 0.0208 0.0338 0.0118
155 0.2666 0.1320 0.5059 0.0467 0.0242 0.0246
156 0.0475 0.3052 0.4407 0.1262 0.0329 0.0472
157 0.1392 0.0473 0.2443 0.4155 0.0520 0.1018
158 0.6787 0.1316 0.0570 0.0278 0.1001 0.0048
159 0.6450 0.1450 0.0475 0.0581 0.0758 0.0286
160 0.2788 0.2349 0.1602 0.2520 0.0678 0.0064
161 0.0922 0.3118 0.3423 0.1138 0.0542 0.0859
162 0.3293 0.1906 0.3533 0.0788 0.0228 0.0254
163 0.1726 0.2981 0.3513 0.0748 0.0340 0.0692
164 0.3708 0.1429 0.0665 0.0654 0.2180 0.1364
165 0.2228 0.1631 0.3674 0.2094 0.0244 0.0130
166 0.2961 0.1853 0.2737 0.1687 0.0650 0.0112
167 0.0576 0.2386 0.3364 0.2386 0.0219 0.1068
168 0.2620 0.1915 0.4854 0.0182 0.0240 0.0190
169 0.3489 0.1958 0.3716 0.0407 0.0362 0.0068
170 0.1840 0.2150 0.2515 0.2593 0.0161 0.0743
171 0.5664 0.0947 0.0291 0.1107 0.1741 0.0253
172 0.1026 0.1829 0.5376 0.0668 0.1018 0.0085
173 0.2240 0.3259 0.2744 0.0963 0.0374 0.0421
174 0.3464 0.2382 0.2537 0.0548 0.0407 0.0662
175 0.5991 0.1945 0.1134 0.0380 0.0496 0.0056
176 0.2482 0.0950 0.4028 0.0333 0.1219 0.0988
177 0.4856 0.2073 0.1772 0.0244 0.0941 0.0113
178 0.3108 0.2169 0.2119 0.1368 0.1025 0.0211
179 0.2812 0.2074 0.4221 0.0274 0.0470 0.0149
180 0.4563 0.1493 0.1144 0.1101 0.1627 0.0072
181 0.1813 0.1265 0.6631 0.0178 0.0108 0.0007
182 0.5576 0.1160 0.2201 0.0423 0.0561 0.0080
183 0.2450 0.3621 0.0808 0.0245 0.2756 0.0120
184 0.4236 0.2866 0.2490 0.0151 0.0195 0.0060
185 0.2051 0.0749 0.1674 0.4480 0.0875 0.0171
186 0.0793 0.0594 0.3040 0.4858 0.0508 0.0207
187 0.3411 0.2344 0.2344 0.1265 0.0383 0.0253
188 0.2104 0.4089 0.2312 0.1034 0.0414 0.0046
189 0.0769 0.2859 0.3938 0.1119 0.0541 0.0775
190 0.1095 0.1544 0.5918 0.0644 0.0664 0.0135
191 0.3909 0.1860 0.2466 0.1036 0.0576 0.0153
192 0.2169 0.0715 0.2345 0.4248 0.0161 0.0363
193 0.1700 0.2673 0.4548 0.0447 0.0583 0.0047
194 0.1685 0.0482 0.1354 0.6162 0.0105 0.0214
195 0.5479 0.1439 0.1290 0.0729 0.0873 0.0190
196 0.2129 0.1232 0.1396 0.4578 0.0429 0.0237
197 0.4753 0.1531 0.0865 0.1394 0.1320 0.0138
198 0.3452 0.1222 0.1556 0.2795 0.0559 0.0412
199 0.1481 0.1327 0.4456 0.0612 0.0115 0.2008
200 0.0945 0.2302 0.3196 0.2820 0.0201 0.0534
201 0.0318 0.2277 0.6001 0.0806 0.0130 0.0470
202 0.1232 0.2301 0.4871 0.0771 0.0446 0.0379
203 0.1289 0.2771 0.5181 0.0215 0.0497 0.0048
204 0.0990 0.1582 0.2196 0.4233 0.0659 0.0339
