time exciting_prob fearful_prob tense_prob sad_prob relaxing_prob neutral_prob
0 0.1136 0.1553 0.1349 0.1288 0.0181 0.4492
1 0.0908 0.3171 0.3591 0.1475 0.0577 0.0277
2 0.0972 0.1085 0.3787 0.3787 0.0062 0.0311
3 0.1112 0.1028 0.0231 0.7485 0.0132 0.0013
4 0.0488 0.0363 0.0055 0.9072 0.0018 0.0003
5 0.0667 0.0488 0.0047 0.8784 0.0009 0.0005
6 0.0665 0.0518 0.0054 0.8750 0.0008 0.0004
7 0.0649 0.0467 0.0053 0.8818 0.0008 0.0005
8 0.0844 0.1227 0.0135 0.7759 0.0032 0.0005
9 0.0513 0.3621 0.0326 0.5522 0.0016 0.0004
10 0.0106 0.5029 0.0279 0.4580 0.0003 0.0001
11 0.0055 0.9370 0.0142 0.0432 0.0002 0.0000
12 0.0087 0.9419 0.0134 0.0359 0.0001 0.0000
13 0.0106 0.8389 0.0154 0.1349 0.0003 0.0001
14 0.0327 0.7681 0.0401 0.1586 0.0004 0.0001
15 0.0737 0.6772 0.0772 0.1713 0.0003 0.0001
16 0.0873 0.6865 0.0573 0.1683 0.0004 0.0000
17 0.0886 0.6855 0.0572 0.1681 0.0004 0.0001
18 0.0850 0.5811 0.0716 0.2620 0.0005 0.0001
19 0.0857 0.5854 0.0721 0.2559 0.0005 0.0001
20 0.1136 0.1553 0.1349 0.1288 0.0181 0.4492
21 0.1038 0.1122 0.5269 0.2412 0.0089 0.0068
22 0.8887 0.0137 0.0555 0.0373 0.0045 0.0001
23 0.7183 0.0299 0.1248 0.1209 0.0057 0.0006
24 0.1136 0.1553 0.1349 0.1288 0.0181 0.4492
25 0.1957 0.1366 0.1838 0.4341 0.0216 0.0282
26 0.1450 0.1891 0.2013 0.4260 0.0142 0.0244
27 0.1686 0.0288 0.0848 0.6772 0.0122 0.0282
28 0.1587 0.0343 0.1125 0.6475 0.0111 0.0359
29 0.1932 0.0378 0.1678 0.5337 0.0124 0.0554
30 0.2039 0.1180 0.2008 0.4185 0.0224 0.0366
31 0.1719 0.2661 0.1978 0.3418 0.0112 0.0112
32 0.2236 0.3105 0.2068 0.2307 0.0096 0.0188
33 0.1560 0.1512 0.1377 0.4883 0.0066 0.0602
34 0.1891 0.2751 0.1593 0.3372 0.0111 0.0281
35 0.1704 0.1083 0.1901 0.4561 0.0095 0.0657
36 0.0717 0.0272 0.1093 0.7705 0.0039 0.0176
37 0.0246 0.0192 0.0644 0.8618 0.0022 0.0277
38 0.0124 0.0091 0.0558 0.8589 0.0008 0.0632
39 0.0544 0.0715 0.0829 0.7446 0.0083 0.0385
40 0.0269 0.0487 0.1313 0.6992 0.0062 0.0875
41 0.1863 0.3823 0.2488 0.1290 0.0167 0.0370
42 0.4038 0.2649 0.2000 0.0730 0.0228 0.0356
43 0.2930 0.1606 0.1556 0.3047 0.0350 0.0509
44 0.3474 0.0906 0.1603 0.3140 0.0311 0.0567
45 0.1862 0.0258 0.1147 0.5645 0.0674 0.0415
46 0.2991 0.0462 0.2517 0.3184 0.0434 0.0414
47 0.2107 0.1888 0.3696 0.1339 0.0119 0.0851
48 0.1743 0.2119 0.5537 0.0305 0.0122 0.0171
49 0.1362 0.0833 0.4036 0.1484 0.0074 0.2211
50 0.0221 0.0450 0.8501 0.0671 0.0027 0.0131
51 0.0238 0.0761 0.7993 0.0856 0.0019 0.0132
52 0.0403 0.1559 0.6069 0.1635 0.0074 0.0258
53 0.2900 0.1219 0.4424 0.0757 0.0424 0.0274
54 0.2247 0.0853 0.4399 0.1556 0.0275 0.0670
55 0.2510 0.1365 0.4580 0.0840 0.0385 0.0322
56 0.2421 0.2039 0.3633 0.1575 0.0076 0.0257
57 0.0825 0.1719 0.6587 0.0532 0.0073 0.0266
58 0.1335 0.1729 0.5537 0.0726 0.0424 0.0247
59 0.1042 0.1100 0.7407 0.0287 0.0081 0.0084
60 0.1667 0.1230 0.6494 0.0270 0.0174 0.0165
61 0.1201 0.1517 0.6963 0.0146 0.0113 0.0062
62 0.1934 0.1788 0.4788 0.0482 0.0914 0.0096
63 0.2173 0.1018 0.4424 0.1801 0.0244 0.0341
64 0.2913 0.1063 0.5151 0.0413 0.0345 0.0116
65 0.1942 0.1838 0.5664 0.0172 0.0322 0.0060
66 0.1243 0.1896 0.5317 0.0931 0.0273 0.0340
67 0.0604 0.2445 0.6753 0.0066 0.0111 0.0021
68 0.1884 0.2678 0.4810 0.0269 0.0194 0.0166
69 0.1326 0.2761 0.5410 0.0215 0.0153 0.0135
70 0.0598 0.1504 0.3901 0.3901 0.0036 0.0058
71 0.0241 0.0188 0.7222 0.2202 0.0010 0.0138
72 0.0201 0.2488 0.6870 0.0416 0.0005 0.0021
73 0.0497 0.0928 0.2563 0.5864 0.0065 0.0081
74 0.1467 0.2053 0.3491 0.2678 0.0280 0.0031
75 0.1420 0.1560 0.6367 0.0518 0.0082 0.0055
76 0.0436 0.1385 0.7974 0.0110 0.0061 0.0037
77 0.0217 0.6587 0.2539 0.0608 0.0025 0.0023
78 0.0417 0.6621 0.2019 0.0875 0.0029 0.0040
79 0.0688 0.6475 0.1943 0.0856 0.0020 0.0021
80 0.0588 0.2274 0.6733 0.0130 0.0088 0.0185
81 0.0273 0.5186 0.3735 0.0771 0.0010 0.0028
82 0.0313 0.5596 0.2859 0.1182 0.0011 0.0037
83 0.2125 0.2998 0.3672 0.0159 0.0807 0.0238
84 0.1202 0.2585 0.5347 0.0270 0.0381 0.0214
85 0.1498 0.1582 0.3538 0.2979 0.0175 0.0231
86 0.1472 0.2751 0.5098 0.0147 0.0463 0.0067
87 0.0266 0.6060 0.2776 0.0867 0.0014 0.0016
88 0.2681 0.2119 0.3960 0.0863 0.0193 0.0185
89 0.2727 0.1393 0.4463 0.0879 0.0323 0.0214
90 0.0203 0.3596 0.5483 0.0697 0.0016 0.0006
91 0.0246 0.3608 0.3552 0.2559 0.0022 0.0011
92 0.0237 0.3853 0.5024 0.0859 0.0021 0.0008
93 0.2230 0.5063 0.2374 0.0091 0.0135 0.0104
94 0.0090 0.2610 0.6875 0.0342 0.0033 0.0047
95 0.0122 0.2664 0.2834 0.4189 0.0100 0.0093
96 0.0348 0.5024 0.3855 0.0735 0.0019 0.0017
97 0.0611 0.2065 0.6826 0.0228 0.0154 0.0115
98 0.1141 0.6460 0.2002 0.0373 0.0013 0.0010
99 0.0778 0.4375 0.3301 0.1488 0.0043 0.0015
100 0.0594 0.2620 0.6089 0.0622 0.0014 0.0063
101 0.0550 0.3877 0.4824 0.0712 0.0019 0.0019
102 0.0797 0.4956 0.3005 0.1186 0.0048 0.0008
103 0.0303 0.7007 0.2384 0.0283 0.0020 0.0003
104 0.0340 0.4695 0.4341 0.0597 0.0014 0.0013
105 0.0288 0.4827 0.4326 0.0533 0.0011 0.0016
106 0.0182 0.5537 0.3687 0.0565 0.0012 0.0019
107 0.0126 0.5132 0.4390 0.0338 0.0010 0.0006
108 0.2096 0.2932 0.3538 0.1021 0.0188 0.0226
109 0.0756 0.1237 0.7285 0.0417 0.0205 0.0099
110 0.0817 0.5200 0.3154 0.0761 0.0060 0.0007
111 0.0814 0.5220 0.3069 0.0839 0.0048 0.0008
112 0.0637 0.4084 0.4558 0.0210 0.0363 0.0149
113 0.0325 0.7881 0.1600 0.0132 0.0031 0.0032
114 0.2161 0.2355 0.4265 0.0529 0.0321 0.0370
115 0.0949 0.3235 0.5376 0.0224 0.0106 0.0111
116 0.1940 0.3027 0.2451 0.1429 0.0967 0.0185
117 0.0499 0.2133 0.0651 0.5889 0.0388 0.0440
118 0.0753 0.4067 0.3425 0.0826 0.0406 0.0521
119 0.0797 0.3054 0.4695 0.0666 0.0578 0.0211
120 0.1030 0.3596 0.4839 0.0143 0.0265 0.0128
121 0.0401 0.1853 0.6777 0.0766 0.0170 0.0035
122 0.0386 0.2089 0.5171 0.2206 0.0115 0.0033
123 0.3647 0.2566 0.3347 0.0091 0.0286 0.0065
124 0.2754 0.2111 0.2212 0.2178 0.0450 0.0297
125 0.2241 0.2405 0.2462 0.2073 0.0289 0.0528
126 0.1234 0.1089 0.2067 0.5361 0.0119 0.0133
127 0.1923 0.3794 0.2527 0.0975 0.0518 0.0262
128 0.0451 0.5942 0.1082 0.2363 0.0117 0.0046
129 0.1519 0.1068 0.0757 0.6050 0.0224 0.0381
130 0.0477 0.7690 0.0786 0.0884 0.0127 0.0034
131 0.3633 0.2874 0.1885 0.0883 0.0677 0.0051
132 0.2900 0.3965 0.1815 0.0878 0.0402 0.0041
133 0.1187 0.5576 0.2051 0.0640 0.0483 0.0061
134 0.1538 0.5757 0.1649 0.0588 0.0434 0.0034
135 0.1765 0.4170 0.1793 0.1487 0.0601 0.0185
136 0.0811 0.2240 0.4385 0.2137 0.0202 0.0225
137 0.2147 0.0686 0.3125 0.3125 0.0670 0.0249
138 0.2896 0.3013 0.3108 0.0285 0.0657 0.0044
139 0.0378 0.0525 0.5913 0.2971 0.0097 0.0117
140 0.1731 0.0817 0.2991 0.4216 0.0188 0.0058
141 0.0436 0.0708 0.6611 0.2180 0.0038 0.0026
142 0.1532 0.1819 0.0529 0.5781 0.0127 0.0211
143 0.1184 0.0814 0.2178 0.5562 0.0082 0.0182
144 0.1533 0.1071 0.3245 0.4038 0.0058 0.0054
145 0.2568 0.0952 0.2529 0.3796 0.0097 0.0059
146 0.0989 0.0605 0.2820 0.2649 0.2820 0.0120
147 0.1768 0.0547 0.1794 0.1609 0.3625 0.0656
148 0.3027 0.2632 0.3027 0.0975 0.0178 0.0159
149 0.3726 0.2058 0.2642 0.1035 0.0500 0.0039
150 0.1805 0.2030 0.2145 0.3481 0.0439 0.0100
151 0.0798 0.0566 0.3359 0.4890 0.0053 0.0333
152 0.1038 0.4299 0.1969 0.2302 0.0329 0.0062
153 0.1040 0.1958 0.2289 0.1056 0.3545 0.0112
154 0.1570 0.1969 0.5522 0.0450 0.0432 0.0058
155 0.1649 0.1099 0.4082 0.2896 0.0167 0.0109
156 0.3247 0.2610 0.3708 0.0275 0.0110 0.0049
157 0.1445 0.0850 0.4453 0.3108 0.0124 0.0020
158 0.1593 0.2301 0.5063 0.0801 0.0198 0.0042
159 0.2080 0.0692 0.2932 0.3887 0.0124 0.0286
160 0.2749 0.1238 0.3816 0.1844 0.0250 0.0104
161 0.2927 0.1035 0.2484 0.3140 0.0179 0.0237
162 0.1753 0.0526 0.3174 0.4407 0.0121 0.0019
163 0.1219 0.0604 0.2664 0.5381 0.0107 0.0029
164 0.4126 0.0886 0.2141 0.1693 0.1068 0.0086
165 0.1060 0.0285 0.1919 0.0706 0.6006 0.0025
166 0.2483 0.0628 0.2483 0.0349 0.4031 0.0025
167 0.1887 0.0787 0.2275 0.1058 0.3933 0.0060
168 0.0541 0.0576 0.2502 0.5908 0.0415 0.0058
169 0.3186 0.0995 0.3904 0.0177 0.1705 0.0035
170 0.2291 0.1135 0.3721 0.0196 0.2637 0.0020
171 0.2036 0.1433 0.4019 0.0273 0.2202 0.0038
172 0.1248 0.1732 0.4971 0.1772 0.0175 0.0101
173 0.2971 0.0533 0.2705 0.3210 0.0456 0.0126
174 0.2050 0.0797 0.5483 0.0327 0.1224 0.0118
175 0.1111 0.3240 0.4712 0.0609 0.0323 0.0006
176 0.3350 0.1038 0.2096 0.2820 0.0228 0.0471
177 0.5083 0.1065 0.2006 0.1226 0.0476 0.0146
178 0.2705 0.1949 0.2859 0.1874 0.0449 0.0164
179 0.3442 0.1436 0.2500 0.1731 0.0492 0.0399
180 0.2062 0.1863 0.3762 0.0644 0.1556 0.0114
181 0.1642 0.0776 0.0879 0.6294 0.0093 0.0318
182 0.1187 0.1031 0.2035 0.5361 0.0031 0.0356
183 0.0411 0.6084 0.2964 0.0411 0.0092 0.0039
184 0.2067 0.2473 0.4409 0.0461 0.0388 0.0203
185 0.2284 0.2064 0.3247 0.1185 0.0479 0.0742
186 0.2803 0.2098 0.3433 0.0953 0.0370 0.0343
187 0.1987 0.1366 0.3381 0.2474 0.0468 0.0322
188 0.1383 0.0521 0.2466 0.5303 0.0256 0.0070
189 0.1472 0.2751 0.4260 0.1069 0.0097 0.0350
190 0.3699 0.1875 0.2563 0.1438 0.0207 0.0219
191 0.0818 0.1577 0.4285 0.2810 0.0266 0.0244
192 0.1040 0.1913 0.3254 0.3203 0.0401 0.0186
193 0.3755 0.2581 0.2026 0.0648 0.0608 0.0381
194 0.1892 0.1670 0.4683 0.0795 0.0432 0.0529
195 0.1718 0.1469 0.5010 0.0857 0.0386 0.0562
196 0.1503 0.3037 0.5166 0.0187 0.0071 0.0039
197 0.1696 0.2467 0.3975 0.0478 0.0746 0.0638
198 0.0819 0.2351 0.5820 0.0701 0.0050 0.0260
199 0.0800 0.1449 0.6699 0.0684 0.0082 0.0285
200 0.2683 0.1787 0.4155 0.0372 0.0360 0.0642
201 0.2430 0.2162 0.2213 0.1877 0.0187 0.1130
202 0.2986 0.2634 0.2101 0.1389 0.0417 0.0472
203 0.1299 0.5508 0.1875 0.0800 0.0089 0.0428
204 0.2426 0.3474 0.3699 0.0215 0.0110 0.0074
205 0.2029 0.0590 0.1211 0.5869 0.0142 0.0159
206 0.2411 0.0649 0.4646 0.2161 0.0089 0.0045
207 0.1841 0.0465 0.2617 0.4592 0.0110 0.0374
208 0.1865 0.1194 0.2866 0.2032 0.0206 0.1836
209 0.1985 0.0916 0.4724 0.1821 0.0277 0.0279
210 0.0806 0.0482 0.1733 0.6440 0.0156 0.0381
211 0.2283 0.0747 0.2319 0.4133 0.0124 0.0394
212 0.2216 0.0522 0.4617 0.2181 0.0164 0.0300
213 0.1757 0.1099 0.2720 0.4050 0.0049 0.0325
214 0.2291 0.1152 0.4666 0.1538 0.0121 0.0231
215 0.2424 0.0928 0.5015 0.1011 0.0563 0.0060
216 0.1299 0.4607 0.4001 0.0059 0.0018 0.0015
217 0.0329 0.2773 0.6055 0.0648 0.0122 0.0072
218 0.0533 0.1239 0.2622 0.3875 0.1494 0.0236
219 0.1047 0.1536 0.1635 0.4111 0.1489 0.0182
220 0.1125 0.0883 0.6680 0.0817 0.0476 0.0023
221 0.2216 0.1583 0.4839 0.1123 0.0170 0.0070
222 0.1207 0.0136 0.1368 0.7168 0.0040 0.0081
223 0.1277 0.0262 0.6289 0.1918 0.0199 0.0057
224 0.1641 0.2727 0.3936 0.1278 0.0399 0.0019
225 0.1637 0.3438 0.3989 0.0804 0.0111 0.0023
226 0.3745 0.2324 0.2380 0.0797 0.0671 0.0083
227 0.2067 0.1273 0.4731 0.1584 0.0300 0.0044
228 0.2211 0.0958 0.3318 0.3215 0.0237 0.0062
229 0.2600 0.1858 0.0524 0.4490 0.0360 0.0169
230 0.2781 0.0875 0.0277 0.5884 0.0129 0.0053
231 0.5044 0.2421 0.1469 0.0863 0.0146 0.0056
232 0.3726 0.0878 0.2444 0.2350 0.0326 0.0276
233 0.3352 0.1376 0.3433 0.1215 0.0556 0.0069
234 0.1335 0.0607 0.6274 0.1490 0.0253 0.0040
235 0.5996 0.1026 0.1759 0.0850 0.0303 0.0067
236 0.1034 0.2810 0.5503 0.0289 0.0266 0.0101
237 0.1578 0.2812 0.4709 0.0533 0.0219 0.0148
238 0.1620 0.1204 0.3484 0.2451 0.1167 0.0075
239 0.1086 0.3193 0.4792 0.0490 0.0138 0.0302
240 0.2225 0.1707 0.4094 0.0965 0.0950 0.0059
241 0.1752 0.2510 0.3887 0.1262 0.0526 0.0065
242 0.1830 0.0599 0.2600 0.4783 0.0138 0.0049
243 0.2335 0.1373 0.1951 0.3879 0.0133 0.0329
244 0.1199 0.1050 0.2422 0.4971 0.0193 0.0166
245 0.1873 0.1058 0.4319 0.2367 0.0222 0.0161
246 0.4604 0.1077 0.3164 0.0886 0.0235 0.0034
247 0.1143 0.0274 0.2576 0.5366 0.0343 0.0296
248 0.1335 0.2344 0.4885 0.0785 0.0440 0.0211
249 0.1536 0.0754 0.5195 0.2131 0.0343 0.0043
250 0.1885 0.2478 0.2659 0.1207 0.1703 0.0069
251 0.1146 0.3020 0.3164 0.2108 0.0493 0.0071
252 0.2788 0.2423 0.3472 0.0844 0.0188 0.0285
253 0.3713 0.0395 0.1714 0.3743 0.0284 0.0152
254 0.2279 0.3188 0.2157 0.1996 0.0360 0.0019
255 0.1523 0.4619 0.2937 0.0848 0.0063 0.0012
256 0.2161 0.2195 0.3562 0.1509 0.0184 0.0388
257 0.2166 0.1754 0.4443 0.1080 0.0531 0.0025
258 0.2148 0.0931 0.2847 0.3711 0.0351 0.0014
259 0.1120 0.3701 0.4226 0.0746 0.0132 0.0074
260 0.0615 0.3799 0.5356 0.0192 0.0017 0.0020
261 0.0864 0.1888 0.5908 0.1182 0.0032 0.0126
262 0.0817 0.3491 0.5161 0.0407 0.0069 0.0055
263 0.0514 0.6821 0.2395 0.0163 0.0093 0.0012
264 0.2715 0.3770 0.2590 0.0265 0.0394 0.0267
265 0.1698 0.4800 0.3247 0.0179 0.0060 0.0017
266 0.2244 0.3420 0.3477 0.0521 0.0107 0.0231
267 0.4741 0.2347 0.2274 0.0484 0.0113 0.0040
268 0.1573 0.3435 0.4412 0.0495 0.0051 0.0034
269 0.3296 0.2391 0.3047 0.1112 0.0060 0.0093
270 0.0411 0.3308 0.5625 0.0617 0.0029 0.0010
271 0.0696 0.0989 0.4165 0.3975 0.0124 0.0049
272 0.0335 0.3926 0.3745 0.1770 0.0152 0.0071
273 0.0975 0.3767 0.4268 0.0615 0.0327 0.0049
274 0.0853 0.3452 0.3022 0.1569 0.1086 0.0015
275 0.1298 0.2969 0.5054 0.0459 0.0219 0.0004
276 0.1932 0.3210 0.4060 0.0508 0.0262 0.0027
277 0.0596 0.1243 0.0983 0.0847 0.6309 0.0021
278 0.0789 0.1232 0.3220 0.1619 0.3096 0.0043
279 0.0547 0.1410 0.1377 0.5933 0.0698 0.0035
280 0.0812 0.4089 0.2854 0.1931 0.0240 0.0074
281 0.0317 0.2020 0.5537 0.1927 0.0185 0.0013
282 0.1226 0.2764 0.5161 0.0631 0.0197 0.0020
283 0.1575 0.3835 0.3896 0.0377 0.0278 0.0039
284 0.2991 0.2722 0.3694 0.0197 0.0310 0.0086
285 0.4402 0.1140 0.3796 0.0324 0.0262 0.0076
286 0.3989 0.1074 0.2852 0.1082 0.0897 0.0106
287 0.3911 0.1104 0.3293 0.0467 0.0959 0.0264
288 0.2568 0.1534 0.5396 0.0213 0.0164 0.0125
289 0.3159 0.1614 0.3962 0.0652 0.0500 0.0111
290 0.1399 0.2961 0.4622 0.0324 0.0447 0.0249
291 0.2069 0.1284 0.5801 0.0371 0.0259 0.0215
292 0.5142 0.0292 0.3425 0.0782 0.0204 0.0156
293 0.2246 0.2544 0.4163 0.0242 0.0795 0.0010
294 0.1420 0.2397 0.4956 0.0124 0.1039 0.0062
295 0.1993 0.1858 0.5376 0.0205 0.0283 0.0285
296 0.1443 0.0875 0.5278 0.1584 0.0220 0.0602
297 0.1434 0.1638 0.6479 0.0346 0.0034 0.0069
298 0.0691 0.1241 0.7842 0.0143 0.0078 0.0005
299 0.0554 0.6143 0.3042 0.0141 0.0118 0.0004
300 0.0611 0.6572 0.2615 0.0161 0.0038 0.0004
301 0.1639 0.4353 0.3667 0.0219 0.0100 0.0021
302 0.1026 0.2025 0.6587 0.0075 0.0220 0.0065
303 0.1218 0.2766 0.4285 0.1564 0.0156 0.0010
304 0.0751 0.1092 0.4597 0.3110 0.0088 0.0360
305 0.1783 0.2939 0.2534 0.1869 0.0170 0.0704
306 0.3201 0.2235 0.2035 0.1973 0.0143 0.0414
307 0.0913 0.4709 0.3611 0.0652 0.0029 0.0086
308 0.0696 0.0795 0.1383 0.6011 0.0166 0.0951
309 0.0654 0.3708 0.5396 0.0094 0.0059 0.0089
310 0.0856 0.4924 0.3835 0.0131 0.0110 0.0145
311 0.1343 0.2568 0.5312 0.0560 0.0081 0.0134
312 0.2249 0.3623 0.2080 0.1158 0.0327 0.0564
313 0.0944 0.4297 0.0453 0.1820 0.1473 0.1013
314 0.2008 0.4421 0.0466 0.2223 0.0280 0.0603
315 0.3975 0.3193 0.1061 0.0729 0.0054 0.0989
316 0.2837 0.1320 0.3191 0.1790 0.0432 0.0432
317 0.1881 0.0404 0.4375 0.3008 0.0072 0.0261
318 0.1273 0.0834 0.1047 0.6562 0.0057 0.0225
319 0.0201 0.8208 0.1382 0.0196 0.0010 0.0004
320 0.0559 0.6108 0.3022 0.0266 0.0037 0.0007
321 0.1490 0.1091 0.1730 0.4739 0.0207 0.0744
322 0.1544 0.3821 0.3792 0.0460 0.0266 0.0116
323 0.0359 0.5361 0.3862 0.0351 0.0061 0.0003
324 0.1903 0.1019 0.1470 0.4529 0.0222 0.0858
325 0.2141 0.2125 0.1405 0.3477 0.0179 0.0674
326 0.1594 0.1486 0.1792 0.3196 0.0853 0.1078
327 0.2323 0.2551 0.1597 0.3198 0.0204 0.0127
328 0.1976 0.1066 0.2104 0.4597 0.0130 0.0125
329 0.1726 0.0938 0.3174 0.3889 0.0122 0.0151
330 0.3477 0.3477 0.2061 0.0493 0.0474 0.0018
331 0.3052 0.1547 0.3889 0.1055 0.0416 0.0039
332 0.1290 0.0776 0.3096 0.4502 0.0266 0.0070
333 0.2313 0.0806 0.3696 0.2482 0.0375 0.0328
334 0.1220 0.0276 0.4326 0.3215 0.0355 0.0609
335 0.1846 0.0928 0.1102 0.5220 0.0746 0.0160
336 0.0418 0.0927 0.8198 0.0341 0.0052 0.0065
337 0.1075 0.1528 0.4353 0.1918 0.0452 0.0673
338 0.2705 0.1666 0.4600 0.0504 0.0199 0.0326
339 0.2778 0.1122 0.4075 0.0714 0.0067 0.1243
340 0.2223 0.1493 0.3901 0.1871 0.0194 0.0318
341 0.2051 0.2035 0.3435 0.2218 0.0153 0.0107
342 0.1823 0.1141 0.5400 0.0953 0.0420 0.0265
343 0.0902 0.1621 0.6118 0.1063 0.0182 0.0114
344 0.1196 0.1714 0.2612 0.3054 0.0917 0.0507
345 0.0981 0.0605 0.5781 0.2062 0.0097 0.0471
346 0.1169 0.0392 0.5117 0.3103 0.0142 0.0078
347 0.1272 0.0909 0.4236 0.2610 0.0697 0.0277
348 0.2369 0.1494 0.2244 0.3420 0.0358 0.0113
349 0.1924 0.4727 0.2568 0.0429 0.0191 0.0161
350 0.2225 0.1844 0.4976 0.0781 0.0149 0.0025
351 0.0476 0.1388 0.6621 0.0779 0.0085 0.0651
352 0.1757 0.4314 0.2069 0.1562 0.0163 0.0135
353 0.1213 0.1130 0.3855 0.2412 0.1176 0.0216
354 0.0692 0.0213 0.5571 0.3174 0.0108 0.0241
355 0.1100 0.0402 0.6187 0.1946 0.0169 0.0199
356 0.3413 0.1885 0.3440 0.0656 0.0495 0.0112
357 0.1932 0.2073 0.1493 0.3782 0.0414 0.0306
358 0.1759 0.0470 0.2725 0.4707 0.0225 0.0114
359 0.2837 0.3530 0.2905 0.0609 0.0067 0.0050
360 0.3853 0.0887 0.1737 0.2095 0.0432 0.0997
361 0.7461 0.0812 0.0688 0.0336 0.0185 0.0516
362 0.2271 0.2455 0.3628 0.1377 0.0183 0.0087
363 0.1985 0.4138 0.1711 0.2032 0.0082 0.0051
364 0.2688 0.1362 0.3911 0.1891 0.0134 0.0015
365 0.0634 0.7539 0.1406 0.0390 0.0022 0.0007
366 0.3774 0.1116 0.1675 0.2168 0.0106 0.1160
367 0.2825 0.4478 0.1987 0.0616 0.0058 0.0037
368 0.3816 0.1890 0.2749 0.1019 0.0500 0.0026
369 0.2474 0.3203 0.3657 0.0461 0.0186 0.0017
370 0.1571 0.0809 0.7266 0.0241 0.0090 0.0026
371 0.3245 0.3455 0.2932 0.0284 0.0071 0.0017
372 0.2510 0.1243 0.4170 0.1880 0.0121 0.0076
373 0.2507 0.1937 0.3765 0.1582 0.0162 0.0048
374 0.2219 0.1573 0.5449 0.0308 0.0430 0.0017
375 0.5127 0.0934 0.1576 0.2087 0.0167 0.0110
376 0.3196 0.1893 0.2196 0.2566 0.0110 0.0040
377 0.3835 0.2021 0.2786 0.1091 0.0199 0.0068
378 0.5474 0.1103 0.2410 0.0839 0.0149 0.0027
379 0.3477 0.1935 0.3503 0.0638 0.0105 0.0341
380 0.3027 0.1354 0.4170 0.1063 0.0173 0.0211
381 0.3057 0.1263 0.1624 0.2084 0.1897 0.0076
382 0.1444 0.0836 0.4849 0.2101 0.0579 0.0192
383 0.4839 0.1851 0.1808 0.1105 0.0324 0.0072
384 0.2986 0.1853 0.4080 0.0720 0.0296 0.0065
385 0.4041 0.0860 0.3298 0.1521 0.0221 0.0060
386 0.3625 0.0650 0.1910 0.3301 0.0376 0.0139
387 0.2759 0.1283 0.3860 0.1781 0.0255 0.0062
388 0.3208 0.0905 0.3867 0.1539 0.0383 0.0098
389 0.2754 0.0468 0.6016 0.0353 0.0397 0.0010
390 0.3777 0.2783 0.1898 0.0955 0.0398 0.0188
391 0.2257 0.2257 0.3665 0.1381 0.0220 0.0220
392 0.1543 0.1085 0.2245 0.4604 0.0214 0.0309
393 0.1655 0.1904 0.2837 0.3164 0.0248 0.0190
394 0.1531 0.3450 0.3118 0.1592 0.0169 0.0141
395 0.2622 0.1404 0.1654 0.3447 0.0262 0.0609
396 0.2263 0.0690 0.1310 0.2605 0.0723 0.2408
397 0.2263 0.0690 0.1310 0.2605 0.0723 0.2408
398 0.4475 0.3828 0.1097 0.0179 0.0376 0.0044
399 0.5625 0.2700 0.0876 0.0188 0.0588 0.0021
400 0.5269 0.3049 0.0861 0.0153 0.0649 0.0016
