time exciting_prob fearful_prob tense_prob sad_prob relaxing_prob neutral_prob
0 0.0690 0.0370 0.0446 0.1212 0.7197 0.0086
1 0.4954 0.0610 0.0429 0.3005 0.0968 0.0034
2 0.7534 0.0572 0.0513 0.0936 0.0435 0.0009
3 0.7153 0.0655 0.0522 0.1205 0.0457 0.0009
4 0.1366 0.0848 0.1465 0.4880 0.0095 0.1345
5 0.0538 0.4648 0.0397 0.3350 0.0814 0.0252
6 0.1110 0.0652 0.0360 0.1641 0.5552 0.0684
7 0.3083 0.0414 0.0830 0.2222 0.3284 0.0167
8 0.2644 0.0445 0.0832 0.2603 0.3291 0.0186
9 0.2308 0.2135 0.4314 0.0523 0.0667 0.0053
10 0.1396 0.2935 0.3484 0.1194 0.0909 0.0082
11 0.0494 0.1343 0.0619 0.0639 0.5562 0.1343
12 0.1924 0.0256 0.0029 0.0117 0.7612 0.0062
13 0.1499 0.0198 0.0025 0.0030 0.8228 0.0019
14 0.0907 0.0619 0.0159 0.0187 0.7900 0.0229
15 0.0687 0.0302 0.0141 0.0275 0.8306 0.0291
16 0.2534 0.0666 0.2456 0.2534 0.0720 0.1090
17 0.2751 0.0517 0.2211 0.2952 0.1052 0.0517
18 0.4568 0.2996 0.0381 0.1935 0.0118 0.0003
19 0.5391 0.2372 0.0270 0.1833 0.0134 0.0002
20 0.6211 0.0708 0.2080 0.0881 0.0078 0.0043
21 0.4109 0.0924 0.3408 0.1420 0.0077 0.0062
22 0.0983 0.1149 0.4304 0.2778 0.0164 0.0620
23 0.0831 0.1946 0.1050 0.0161 0.5903 0.0110
24 0.1185 0.3323 0.1301 0.0124 0.3914 0.0154
25 0.1409 0.5312 0.1030 0.0032 0.2181 0.0034
26 0.1443 0.4341 0.1421 0.1726 0.0868 0.0201
27 0.1022 0.6772 0.1476 0.0121 0.0539 0.0071
28 0.2458 0.2383 0.1237 0.0093 0.3523 0.0305
29 0.1337 0.4521 0.2256 0.0049 0.1587 0.0249
30 0.1316 0.0227 0.0280 0.0870 0.7002 0.0305
31 0.0663 0.3557 0.2191 0.0138 0.3394 0.0057
32 0.1526 0.4736 0.1445 0.0098 0.2053 0.0141
33 0.1060 0.0576 0.0684 0.5820 0.0879 0.0980
34 0.0959 0.4539 0.1777 0.0290 0.1907 0.0529
35 0.1840 0.2494 0.1882 0.0099 0.3462 0.0221
36 0.2800 0.1595 0.1365 0.0063 0.3918 0.0258
37 0.1803 0.4292 0.2603 0.0042 0.1192 0.0066
38 0.1666 0.1680 0.1831 0.0100 0.4565 0.0156
39 0.3181 0.1125 0.0876 0.0897 0.1899 0.2021
40 0.1483 0.6597 0.1240 0.0094 0.0581 0.0004
41 0.1660 0.1205 0.3250 0.2415 0.0976 0.0494
42 0.3406 0.2913 0.2610 0.0365 0.0671 0.0036
43 0.1365 0.3352 0.3860 0.0766 0.0635 0.0022
44 0.1996 0.2042 0.2815 0.2158 0.0781 0.0209
45 0.1165 0.0513 0.5059 0.1669 0.1472 0.0120
46 0.0952 0.5698 0.2888 0.0061 0.0069 0.0332
47 0.2100 0.5317 0.1254 0.0133 0.1187 0.0009
48 0.4482 0.2118 0.2290 0.0118 0.0977 0.0014
49 0.3894 0.1143 0.2255 0.0862 0.1742 0.0104
50 0.2035 0.2915 0.2235 0.1160 0.1622 0.0033
51 0.3286 0.1577 0.2991 0.0558 0.1564 0.0024
52 0.3574 0.1284 0.2006 0.1315 0.1783 0.0036
53 0.1311 0.1396 0.3794 0.3025 0.0339 0.0132
54 0.4739 0.3633 0.0993 0.0052 0.0553 0.0031
55 0.2739 0.3279 0.2986 0.0255 0.0715 0.0026
56 0.3665 0.2703 0.1978 0.0383 0.1228 0.0044
57 0.1985 0.3325 0.3098 0.0564 0.0759 0.0269
58 0.1633 0.1168 0.4011 0.1571 0.1547 0.0071
59 0.1404 0.2793 0.2333 0.0276 0.2927 0.0268
60 0.2717 0.1377 0.2937 0.0499 0.2417 0.0053
61 0.2988 0.1975 0.2478 0.1757 0.0548 0.0253
62 0.1076 0.1641 0.3066 0.3264 0.0832 0.0122
63 0.4092 0.1888 0.2350 0.0533 0.1059 0.0079
64 0.2583 0.3730 0.1875 0.0142 0.1642 0.0026
65 0.1412 0.0850 0.5249 0.1652 0.0762 0.0075
66 0.1143 0.1586 0.5801 0.0869 0.0561 0.0039
67 0.0857 0.0352 0.5767 0.1002 0.1992 0.0033
68 0.5000 0.1305 0.1356 0.0579 0.1688 0.0070
69 0.5674 0.2517 0.0870 0.0056 0.0780 0.0102
70 0.2372 0.1351 0.1847 0.1202 0.3118 0.0108
71 0.3079 0.0875 0.1159 0.2717 0.1597 0.0574
72 0.4575 0.2954 0.0997 0.0137 0.1290 0.0048
73 0.3391 0.2312 0.1858 0.0695 0.1615 0.0129
74 0.3333 0.1032 0.3745 0.1016 0.0849 0.0025
75 0.2041 0.1815 0.3040 0.0942 0.2074 0.0087
76 0.3689 0.2595 0.2052 0.0181 0.1455 0.0029
77 0.1097 0.0766 0.3831 0.4077 0.0137 0.0091
78 0.3699 0.3420 0.1616 0.0205 0.1043 0.0017
79 0.3027 0.2268 0.3149 0.0162 0.1354 0.0039
80 0.1904 0.3909 0.3818 0.0042 0.0313 0.0014
81 0.1672 0.1659 0.4546 0.1333 0.0714 0.0075
82 0.2339 0.1865 0.3887 0.0938 0.0916 0.0055
83 0.3938 0.2244 0.1278 0.0150 0.2124 0.0268
84 0.3718 0.2917 0.1562 0.0091 0.1562 0.0149
85 0.4670 0.2832 0.0657 0.0080 0.1744 0.0016
86 0.2245 0.1340 0.4465 0.1270 0.0643 0.0039
87 0.3000 0.1984 0.3455 0.0922 0.0586 0.0055
88 0.0851 0.1277 0.2878 0.4253 0.0428 0.0315
89 0.0761 0.5327 0.3010 0.0119 0.0732 0.0050
90 0.1992 0.2991 0.1664 0.0085 0.3132 0.0135
91 0.5396 0.0530 0.1658 0.2231 0.0173 0.0014
92 0.3496 0.1613 0.3662 0.1144 0.0059 0.0026
93 0.2291 0.1456 0.3010 0.2656 0.0448 0.0138
94 0.1791 0.0908 0.4363 0.2410 0.0467 0.0061
95 0.2188 0.1002 0.4282 0.1827 0.0657 0.0045
96 0.2603 0.1720 0.3367 0.0757 0.1542 0.0014
97 0.3311 0.2089 0.3416 0.0553 0.0612 0.0017
98 0.6475 0.2021 0.0767 0.0055 0.0667 0.0016
99 0.2957 0.0564 0.3247 0.3003 0.0197 0.0034
100 0.2262 0.0628 0.3503 0.3396 0.0195 0.0016
101 0.4121 0.2367 0.2788 0.0073 0.0637 0.0012
102 0.4385 0.2854 0.1652 0.0912 0.0141 0.0059
103 0.0948 0.0912 0.5205 0.2310 0.0424 0.0202
104 0.1422 0.3718 0.1236 0.1179 0.2135 0.0310
105 0.1920 0.4678 0.1543 0.0740 0.1069 0.0052
106 0.1198 0.1689 0.1638 0.3928 0.0421 0.1125
107 0.1162 0.2103 0.1118 0.0026 0.5542 0.0048
108 0.3843 0.1447 0.0617 0.0034 0.3994 0.0064
109 0.0810 0.2151 0.4922 0.1898 0.0211 0.0008
110 0.1189 0.7227 0.1099 0.0185 0.0285 0.0016
111 0.0851 0.2207 0.3113 0.3367 0.0378 0.0084
112 0.2781 0.4514 0.2200 0.0097 0.0404 0.0005
113 0.2439 0.5327 0.1515 0.0139 0.0570 0.0009
114 0.0941 0.3840 0.2681 0.0052 0.2402 0.0084
115 0.0414 0.6626 0.2554 0.0055 0.0203 0.0149
116 0.1545 0.1849 0.3457 0.2064 0.0923 0.0162
117 0.1663 0.3230 0.1783 0.3010 0.0261 0.0055
118 0.1521 0.1923 0.1937 0.0068 0.4470 0.0081
119 0.1141 0.2306 0.2150 0.3772 0.0531 0.0101
120 0.1561 0.4312 0.3230 0.0515 0.0377 0.0006
121 0.1980 0.6748 0.0928 0.0080 0.0238 0.0026
122 0.2107 0.1043 0.4390 0.2278 0.0163 0.0020
123 0.1487 0.5786 0.2163 0.0014 0.0502 0.0046
124 0.2561 0.3162 0.2642 0.0025 0.1542 0.0068
125 0.1786 0.3286 0.2349 0.1814 0.0357 0.0408
126 0.2561 0.4497 0.2208 0.0304 0.0402 0.0027
127 0.2462 0.5815 0.1307 0.0156 0.0253 0.0005
128 0.2391 0.1791 0.4573 0.1156 0.0086 0.0003
129 0.2666 0.2125 0.2043 0.0081 0.3020 0.0064
130 0.1087 0.0680 0.2266 0.4299 0.1606 0.0064
131 0.3030 0.1355 0.1881 0.0094 0.3513 0.0129
132 0.1534 0.0498 0.0765 0.1910 0.2216 0.3076
133 0.5391 0.1569 0.1121 0.0055 0.1749 0.0115
134 0.5669 0.1207 0.1016 0.0094 0.1959 0.0054
135 0.1992 0.1992 0.2479 0.2639 0.0756 0.0139
136 0.2244 0.1060 0.2012 0.4258 0.0363 0.0064
137 0.0901 0.0853 0.6816 0.1395 0.0035 0.0001
138 0.4661 0.1399 0.2805 0.0491 0.0630 0.0013
139 0.5220 0.1708 0.1592 0.0198 0.1193 0.0088
140 0.4255 0.1448 0.3237 0.0865 0.0191 0.0001
141 0.5039 0.0721 0.2362 0.1755 0.0114 0.0006
142 0.5942 0.0738 0.2346 0.0883 0.0087 0.0003
143 0.5659 0.0465 0.1824 0.1912 0.0131 0.0008
144 0.0787 0.1948 0.4495 0.2313 0.0126 0.0333
145 0.2325 0.1649 0.3179 0.2399 0.0423 0.0026
146 0.4263 0.2646 0.1310 0.0039 0.1709 0.0034
147 0.5781 0.1193 0.2178 0.0228 0.0614 0.0005
148 0.1687 0.1942 0.4048 0.0767 0.1466 0.0091
149 0.2637 0.1265 0.4448 0.0575 0.1057 0.0018
150 0.1375 0.1272 0.5566 0.1194 0.0564 0.0026
151 0.2181 0.2131 0.3655 0.1106 0.0861 0.0066
152 0.3523 0.4487 0.1256 0.0037 0.0589 0.0107
153 0.1088 0.5107 0.2820 0.0107 0.0783 0.0094
154 0.0541 0.1494 0.3066 0.3999 0.0623 0.0278
155 0.1456 0.4700 0.2255 0.0090 0.1367 0.0131
156 0.2391 0.3821 0.2507 0.0814 0.0460 0.0007
157 0.4751 0.2502 0.1831 0.0558 0.0352 0.0004
158 0.3555 0.0489 0.2812 0.2900 0.0235 0.0008
159 0.4807 0.0693 0.1455 0.2961 0.0078 0.0004
160 0.2047 0.2568 0.2932 0.2213 0.0192 0.0048
161 0.3564 0.0530 0.3049 0.2566 0.0260 0.0032
162 0.1375 0.3884 0.2690 0.1030 0.1005 0.0015
163 0.2067 0.4692 0.1387 0.0043 0.1768 0.0043
164 0.1316 0.4021 0.2086 0.0544 0.1990 0.0044
165 0.0410 0.7432 0.1046 0.1014 0.0084 0.0017
166 0.3167 0.2390 0.3142 0.0685 0.0614 0.0002
167 0.3579 0.1638 0.2810 0.1786 0.0182 0.0005
168 0.1109 0.1976 0.3311 0.2347 0.0112 0.1144
169 0.7158 0.1537 0.0842 0.0058 0.0398 0.0006
170 0.2888 0.4653 0.1954 0.0334 0.0170 0.0001
171 0.1560 0.4175 0.1853 0.1610 0.0749 0.0052
172 0.1722 0.0493 0.6602 0.1138 0.0043 0.0002
173 0.1532 0.2732 0.3398 0.1462 0.0840 0.0035
174 0.0865 0.1404 0.1566 0.0512 0.4192 0.1460
175 0.1230 0.0757 0.5381 0.2544 0.0083 0.0004
176 0.1381 0.2295 0.2089 0.0120 0.3696 0.0421
177 0.0945 0.3538 0.4436 0.0681 0.0397 0.0003
178 0.0226 0.0200 0.0881 0.8618 0.0073 0.0002
179 0.1088 0.1545 0.3948 0.3223 0.0192 0.0005
180 0.3040 0.1360 0.1932 0.3501 0.0132 0.0035
181 0.1315 0.2006 0.1295 0.5122 0.0174 0.0090
182 0.0532 0.0414 0.3843 0.5171 0.0039 0.0004
183 0.2952 0.1449 0.1249 0.3396 0.0852 0.0102
184 0.5840 0.2454 0.0875 0.0288 0.0514 0.0030
185 0.2703 0.3015 0.1588 0.2275 0.0308 0.0112
186 0.3391 0.1705 0.1349 0.2947 0.0455 0.0155
187 0.5938 0.0544 0.1206 0.1016 0.0298 0.1000
188 0.6357 0.0539 0.1223 0.1114 0.0160 0.0605
189 0.6050 0.0900 0.0299 0.1415 0.1320 0.0016
190 0.7808 0.0338 0.0461 0.0897 0.0487 0.0010
191 0.2090 0.4973 0.1666 0.0146 0.1101 0.0024
192 0.2228 0.0886 0.4941 0.0833 0.1094 0.0019
193 0.2209 0.0928 0.0638 0.1069 0.4941 0.0215
194 0.2250 0.2490 0.3123 0.1149 0.0901 0.0088
195 0.2294 0.5249 0.1718 0.0303 0.0424 0.0009
196 0.3975 0.2318 0.1486 0.0529 0.1656 0.0035
197 0.3987 0.3228 0.1255 0.0257 0.1255 0.0019
198 0.1641 0.1934 0.3669 0.0964 0.1680 0.0113
199 0.1004 0.1906 0.0958 0.0153 0.5962 0.0019
200 0.4817 0.1370 0.1946 0.0421 0.1423 0.0024
201 0.3618 0.1998 0.2178 0.0148 0.2046 0.0012
202 0.1038 0.6411 0.1794 0.0092 0.0645 0.0019
203 0.5840 0.0464 0.1313 0.1344 0.0225 0.0815
204 0.6060 0.0840 0.1509 0.0887 0.0691 0.0011
205 0.1294 0.3489 0.2379 0.0548 0.2218 0.0073
206 0.4426 0.0485 0.2407 0.1803 0.0865 0.0013
207 0.2585 0.0582 0.1581 0.4832 0.0084 0.0337
208 0.6987 0.0760 0.0888 0.0645 0.0686 0.0035
209 0.6968 0.0729 0.0826 0.1111 0.0344 0.0023
210 0.2888 0.2798 0.2129 0.0681 0.1418 0.0085
211 0.1243 0.1115 0.2050 0.4917 0.0420 0.0255
212 0.2266 0.1440 0.2301 0.3350 0.0106 0.0538
213 0.5054 0.1050 0.1425 0.1298 0.1163 0.0012
214 0.3533 0.1965 0.1394 0.0058 0.3044 0.0006
215 0.3867 0.1613 0.2152 0.1057 0.1295 0.0015
216 0.5444 0.1714 0.0984 0.0440 0.1410 0.0007
217 0.3025 0.2096 0.2629 0.0814 0.1407 0.0028
218 0.5645 0.1373 0.1005 0.0342 0.1631 0.0004
219 0.5645 0.1174 0.0872 0.0446 0.1862 0.0004
220 0.1355 0.1824 0.3201 0.3152 0.0128 0.0340
221 0.2568 0.2668 0.2095 0.0231 0.2393 0.0044
222 0.1320 0.4497 0.3530 0.0081 0.0517 0.0056
223 0.0692 0.3430 0.5571 0.0036 0.0226 0.0046
224 0.0631 0.3254 0.5894 0.0022 0.0155 0.0044
225 0.0577 0.4436 0.3098 0.0065 0.1322 0.0502
226 0.0085 0.8276 0.1484 0.0065 0.0053 0.0036
227 0.0377 0.6787 0.2136 0.0202 0.0335 0.0160
228 0.0712 0.0974 0.1417 0.5435 0.1332 0.0133
229 0.0770 0.0872 0.1394 0.5425 0.1230 0.0309
230 0.0928 0.5298 0.2834 0.0396 0.0489 0.0056
231 0.0520 0.3113 0.4060 0.1979 0.0224 0.0102
232 0.1747 0.1859 0.2834 0.3418 0.0136 0.0006
233 0.1130 0.1544 0.3428 0.2976 0.0880 0.0042
234 0.0407 0.7163 0.1869 0.0016 0.0354 0.0192
235 0.0468 0.6021 0.2673 0.0023 0.0457 0.0356
236 0.0356 0.6118 0.2358 0.0032 0.0426 0.0708
237 0.0485 0.4858 0.3904 0.0390 0.0260 0.0103
238 0.1548 0.2019 0.3655 0.2397 0.0370 0.0009
239 0.1236 0.1161 0.2920 0.4382 0.0294 0.0009
240 0.1460 0.2664 0.1707 0.3066 0.0723 0.0378
241 0.0564 0.0490 0.3535 0.4468 0.0248 0.0696
242 0.1255 0.1825 0.2236 0.3745 0.0322 0.0616
243 0.1971 0.3459 0.2759 0.1302 0.0391 0.0117
244 0.0993 0.2742 0.1798 0.4116 0.0146 0.0202
245 0.0801 0.1362 0.2142 0.5220 0.0229 0.0244
246 0.1859 0.0222 0.0934 0.5728 0.0294 0.0964
247 0.2013 0.2930 0.0718 0.2212 0.0432 0.1696
248 0.2004 0.3057 0.0760 0.2167 0.0451 0.1561
249 0.5884 0.3301 0.0391 0.0058 0.0348 0.0017
250 0.7246 0.2142 0.0316 0.0022 0.0268 0.0004
251 0.7197 0.2128 0.0350 0.0035 0.0286 0.0006
252 0.7222 0.2101 0.0351 0.0036 0.0287 0.0006
253 0.7222 0.2101 0.0351 0.0036 0.0287 0.0006
