time exciting_prob fearful_prob tense_prob sad_prob relaxing_prob neutral_prob
0 0.1136 0.1553 0.1349 0.1288 0.0181 0.4492
1 0.1136 0.1553 0.1349 0.1288 0.0181 0.4492
2 0.3589 0.0564 0.1921 0.2467 0.0908 0.0551
3 0.7710 0.0316 0.1268 0.0418 0.0222 0.0065
4 0.7354 0.0242 0.0431 0.1146 0.0336 0.0493
5 0.8311 0.0126 0.0143 0.0322 0.1016 0.0083
6 0.8564 0.0119 0.0115 0.0245 0.0868 0.0091
7 0.6514 0.1283 0.0784 0.0630 0.0518 0.0269
8 0.2233 0.1621 0.0931 0.4304 0.0854 0.0057
9 0.5342 0.0685 0.1804 0.1484 0.0674 0.0010
10 0.2690 0.0400 0.4136 0.2249 0.0490 0.0035
11 0.0786 0.0905 0.3523 0.4668 0.0074 0.0044
12 0.0666 0.4958 0.3516 0.0651 0.0191 0.0017
13 0.1289 0.2646 0.4570 0.1240 0.0206 0.0048
14 0.1110 0.2156 0.2368 0.3611 0.0711 0.0045
15 0.0839 0.0366 0.1860 0.6196 0.0653 0.0088
16 0.3994 0.0934 0.2423 0.0844 0.1665 0.0140
17 0.2196 0.1021 0.3049 0.3000 0.0707 0.0026
18 0.1202 0.1721 0.5059 0.1694 0.0288 0.0036
19 0.2900 0.1787 0.1903 0.1692 0.1602 0.0115
20 0.1128 0.1471 0.5640 0.1404 0.0212 0.0146
21 0.0529 0.0233 0.2229 0.6763 0.0135 0.0113
22 0.0548 0.0492 0.1074 0.7451 0.0330 0.0103
23 0.1074 0.1180 0.3059 0.2383 0.2274 0.0029
24 0.0800 0.0541 0.1060 0.7021 0.0509 0.0069
25 0.0389 0.0811 0.2102 0.6475 0.0208 0.0016
26 0.0720 0.1432 0.5400 0.2019 0.0307 0.0121
27 0.1277 0.1447 0.2620 0.4058 0.0445 0.0155
28 0.2185 0.1255 0.2069 0.3958 0.0462 0.0073
29 0.2546 0.2212 0.2301 0.1998 0.0930 0.0012
30 0.0882 0.0552 0.0790 0.3276 0.0091 0.4409
31 0.2820 0.0468 0.0989 0.3677 0.2031 0.0016
32 0.2323 0.1454 0.4141 0.0433 0.1571 0.0079
33 0.1379 0.0402 0.2384 0.5371 0.0335 0.0125
34 0.0569 0.0309 0.1647 0.6616 0.0754 0.0105
35 0.1232 0.2113 0.3650 0.1780 0.1167 0.0057
36 0.1403 0.1481 0.4817 0.1947 0.0315 0.0037
37 0.1425 0.1815 0.4707 0.1553 0.0481 0.0021
38 0.1898 0.2020 0.4019 0.0303 0.1729 0.0031
39 0.1577 0.0402 0.1602 0.3784 0.2520 0.0114
40 0.1619 0.2062 0.4756 0.0930 0.0482 0.0152
41 0.1649 0.3716 0.3435 0.0437 0.0715 0.0049
42 0.3325 0.1355 0.2510 0.1398 0.1344 0.0067
43 0.2334 0.1077 0.2352 0.2061 0.2013 0.0163
44 0.4019 0.1489 0.2656 0.0862 0.0925 0.0049
45 0.0847 0.1078 0.6660 0.1071 0.0309 0.0036
46 0.2634 0.1274 0.4277 0.1388 0.0382 0.0044
47 0.4580 0.0874 0.2268 0.1014 0.1223 0.0040
48 0.4709 0.1145 0.1888 0.0972 0.1257 0.0028
49 0.1128 0.0576 0.2351 0.4824 0.0980 0.0142
50 0.0091 0.2539 0.0850 0.6484 0.0028 0.0010
51 0.0574 0.0286 0.0862 0.7803 0.0444 0.0033
52 0.1573 0.0743 0.1599 0.5083 0.0869 0.0133
53 0.7734 0.0848 0.0578 0.0373 0.0447 0.0020
54 0.5269 0.0790 0.1570 0.1282 0.0847 0.0241
55 0.0610 0.0232 0.0759 0.7788 0.0364 0.0245
56 0.4055 0.1100 0.1901 0.2421 0.0500 0.0025
57 0.3562 0.1300 0.1722 0.2817 0.0591 0.0008
58 0.0266 0.1290 0.1240 0.6973 0.0146 0.0084
59 0.0386 0.0532 0.1033 0.7871 0.0098 0.0079
60 0.0445 0.0648 0.1531 0.7188 0.0161 0.0028
61 0.0433 0.0186 0.1659 0.7432 0.0162 0.0128
62 0.2008 0.0540 0.1401 0.4932 0.0898 0.0220
63 0.3162 0.1615 0.2947 0.0845 0.1426 0.0006
64 0.2808 0.0677 0.2291 0.3662 0.0431 0.0130
65 0.1054 0.0771 0.2549 0.5107 0.0275 0.0241
66 0.3584 0.0474 0.2927 0.2705 0.0306 0.0003
67 0.1592 0.1449 0.5137 0.1495 0.0256 0.0072
68 0.4182 0.0657 0.3108 0.1689 0.0363 0.0002
69 0.3191 0.0757 0.1996 0.3789 0.0266 0.0002
70 0.2466 0.0886 0.2059 0.4260 0.0323 0.0006
71 0.0861 0.1687 0.3252 0.0479 0.3684 0.0038
72 0.0502 0.0665 0.2148 0.0698 0.5933 0.0054
73 0.0648 0.1846 0.4712 0.1249 0.1530 0.0017
74 0.2446 0.1567 0.3369 0.2505 0.0100 0.0011
75 0.2003 0.1283 0.2019 0.4514 0.0157 0.0022
76 0.1936 0.1300 0.2688 0.2861 0.1147 0.0069
77 0.2369 0.0533 0.1019 0.5015 0.1052 0.0011
78 0.0886 0.1103 0.6445 0.1289 0.0242 0.0034
79 0.4485 0.1057 0.1729 0.2290 0.0427 0.0014
80 0.4644 0.1289 0.1818 0.1891 0.0352 0.0007
81 0.3652 0.0765 0.0916 0.3350 0.1312 0.0004
82 0.3850 0.1005 0.3142 0.1021 0.0974 0.0008
83 0.3088 0.0608 0.0733 0.4353 0.1209 0.0009
84 0.2435 0.1897 0.2306 0.2494 0.0855 0.0012
85 0.1908 0.1104 0.2820 0.3323 0.0840 0.0008
86 0.1917 0.0705 0.2876 0.3994 0.0481 0.0028
87 0.2001 0.0945 0.3738 0.2651 0.0660 0.0005
88 0.2251 0.1177 0.5195 0.1072 0.0221 0.0084
89 0.0370 0.0201 0.0859 0.0262 0.8281 0.0029
90 0.0411 0.0174 0.0678 0.0315 0.8389 0.0031
91 0.0603 0.0396 0.1692 0.0318 0.6904 0.0084
92 0.1047 0.0237 0.0731 0.0487 0.7378 0.0120
93 0.1182 0.0270 0.2683 0.4861 0.0872 0.0133
94 0.3232 0.1357 0.2830 0.1930 0.0484 0.0166
95 0.1709 0.0619 0.5688 0.0929 0.1020 0.0034
96 0.0763 0.0393 0.3162 0.5293 0.0250 0.0138
97 0.1941 0.0407 0.3201 0.3860 0.0565 0.0025
98 0.1185 0.0260 0.3767 0.1079 0.3594 0.0116
99 0.1533 0.0506 0.3916 0.0916 0.2910 0.0218
100 0.0277 0.0674 0.2839 0.5737 0.0212 0.0260
101 0.1018 0.0972 0.2900 0.0657 0.4089 0.0363
102 0.1112 0.1777 0.3882 0.1805 0.1342 0.0081
103 0.1858 0.0549 0.2969 0.3364 0.1163 0.0098
104 0.0961 0.2065 0.4172 0.1713 0.0889 0.0198
105 0.1248 0.1843 0.3608 0.1553 0.1627 0.0121
106 0.0768 0.1901 0.4087 0.1992 0.1050 0.0200
107 0.1727 0.0345 0.2184 0.0869 0.4771 0.0103
108 0.1170 0.0437 0.2401 0.0817 0.5005 0.0170
109 0.1621 0.0597 0.4407 0.0635 0.2673 0.0065
110 0.2319 0.1606 0.2798 0.1849 0.1418 0.0009
111 0.2300 0.2046 0.3022 0.1682 0.0936 0.0012
112 0.2457 0.1456 0.1841 0.3010 0.1216 0.0017
113 0.2095 0.1175 0.2732 0.3047 0.0937 0.0014
114 0.2118 0.2220 0.4214 0.1032 0.0386 0.0031
115 0.2128 0.1439 0.3401 0.2607 0.0394 0.0033
116 0.1620 0.1292 0.6162 0.0350 0.0556 0.0018
117 0.0842 0.0738 0.7280 0.0970 0.0161 0.0011
118 0.1021 0.0439 0.5605 0.2776 0.0124 0.0032
119 0.2200 0.0766 0.5615 0.1187 0.0216 0.0014
120 0.0757 0.1371 0.4492 0.2725 0.0445 0.0210
121 0.0964 0.0298 0.4185 0.0891 0.3525 0.0137
122 0.1799 0.0462 0.5127 0.0877 0.1664 0.0073
123 0.1442 0.0640 0.1940 0.0610 0.5273 0.0095
124 0.1576 0.0792 0.2681 0.0652 0.4216 0.0085
125 0.1396 0.0297 0.3738 0.3403 0.1038 0.0128
126 0.2354 0.0997 0.4263 0.1121 0.1240 0.0026
127 0.0658 0.0900 0.4939 0.3240 0.0206 0.0057
128 0.2913 0.0397 0.2529 0.2778 0.1376 0.0006
129 0.1626 0.2991 0.3496 0.0253 0.1626 0.0006
130 0.1299 0.2334 0.3242 0.0474 0.2605 0.0046
131 0.2008 0.2600 0.2089 0.0496 0.2681 0.0125
132 0.1244 0.1410 0.1455 0.1927 0.3545 0.0420
133 0.1324 0.2474 0.3601 0.0992 0.1573 0.0035
134 0.1298 0.2581 0.3696 0.1042 0.1360 0.0024
135 0.0942 0.1101 0.4092 0.1653 0.2057 0.0155
136 0.1104 0.0707 0.1877 0.5518 0.0707 0.0088
137 0.0415 0.0525 0.2795 0.5918 0.0207 0.0140
138 0.0775 0.0837 0.2040 0.5635 0.0694 0.0022
139 0.0433 0.1284 0.3545 0.4624 0.0089 0.0024
140 0.5259 0.1210 0.1542 0.0769 0.1146 0.0076
141 0.1754 0.0803 0.0737 0.1133 0.5488 0.0083
142 0.1107 0.1714 0.3684 0.1636 0.1824 0.0035
143 0.2076 0.1804 0.3533 0.1230 0.1320 0.0035
144 0.2308 0.1041 0.1550 0.3411 0.1575 0.0116
145 0.1425 0.1493 0.0673 0.2190 0.4155 0.0063
146 0.1521 0.1670 0.4331 0.1251 0.1222 0.0005
147 0.0938 0.0506 0.1185 0.6768 0.0482 0.0122
148 0.1990 0.0955 0.2896 0.1245 0.2896 0.0021
149 0.1808 0.1343 0.2433 0.2935 0.1453 0.0030
150 0.1486 0.2393 0.2213 0.1417 0.2468 0.0023
151 0.2035 0.0616 0.1700 0.4343 0.1234 0.0072
152 0.1156 0.1669 0.3972 0.1694 0.1449 0.0060
153 0.1033 0.2991 0.1901 0.1316 0.2681 0.0081
154 0.2155 0.0524 0.1436 0.3840 0.2008 0.0039
155 0.2396 0.0938 0.3828 0.2358 0.0440 0.0038
156 0.1941 0.0472 0.1141 0.5796 0.0522 0.0127
157 0.2126 0.0446 0.2773 0.1230 0.3398 0.0027
158 0.1932 0.0899 0.1437 0.3391 0.2242 0.0098
159 0.2678 0.1207 0.1729 0.4084 0.0234 0.0068
160 0.1587 0.0540 0.1550 0.3550 0.2678 0.0093
161 0.2150 0.0709 0.5449 0.1512 0.0178 0.0003
162 0.2827 0.0414 0.2917 0.3357 0.0458 0.0028
163 0.2126 0.1462 0.2839 0.0846 0.2668 0.0057
164 0.0604 0.1494 0.4062 0.1803 0.2010 0.0027
165 0.3240 0.1011 0.1210 0.1628 0.2815 0.0095
166 0.2081 0.1205 0.3596 0.2673 0.0391 0.0054
167 0.3186 0.0520 0.4458 0.0942 0.0751 0.0145
168 0.1570 0.2015 0.5107 0.0615 0.0670 0.0025
169 0.2177 0.0740 0.5303 0.1300 0.0475 0.0004
170 0.1121 0.3853 0.3853 0.0989 0.0171 0.0015
171 0.1718 0.0598 0.5762 0.1600 0.0318 0.0004
172 0.1631 0.1013 0.5693 0.1384 0.0270 0.0011
173 0.1036 0.2013 0.5225 0.1230 0.0490 0.0008
174 0.1799 0.1613 0.4524 0.1613 0.0368 0.0082
175 0.2472 0.1536 0.3599 0.1015 0.1355 0.0025
176 0.0739 0.2502 0.5552 0.0987 0.0197 0.0025
177 0.0702 0.0649 0.3887 0.4268 0.0413 0.0083
178 0.1285 0.3130 0.1637 0.3494 0.0404 0.0051
179 0.0518 0.0596 0.5400 0.2715 0.0253 0.0518
180 0.0638 0.1763 0.6973 0.0297 0.0258 0.0073
181 0.0720 0.0253 0.1032 0.7686 0.0184 0.0125
182 0.1238 0.0441 0.1093 0.6484 0.0392 0.0349
183 0.0803 0.0742 0.2323 0.5752 0.0148 0.0234
184 0.2622 0.0845 0.3418 0.1517 0.1577 0.0020
185 0.2046 0.0586 0.1644 0.5269 0.0388 0.0069
186 0.0949 0.0906 0.1163 0.6694 0.0134 0.0155
187 0.1237 0.0562 0.3159 0.2539 0.2461 0.0041
188 0.0924 0.1597 0.2983 0.3433 0.1031 0.0034
189 0.0349 0.0825 0.0812 0.7886 0.0108 0.0022
190 0.0561 0.1597 0.6724 0.0903 0.0153 0.0062
191 0.0799 0.0617 0.6899 0.1403 0.0156 0.0124
192 0.0693 0.1400 0.2830 0.4812 0.0170 0.0095
193 0.2693 0.1323 0.2844 0.2032 0.0945 0.0161
194 0.3091 0.1394 0.2974 0.1580 0.0782 0.0180
195 0.1581 0.0951 0.3762 0.3022 0.0614 0.0070
196 0.2064 0.1022 0.2395 0.2433 0.2032 0.0054
197 0.2355 0.1556 0.4133 0.0741 0.1166 0.0049
198 0.4739 0.1033 0.1490 0.1538 0.0993 0.0207
199 0.4709 0.1209 0.2993 0.0562 0.0431 0.0096
200 0.6133 0.1469 0.1171 0.0774 0.0330 0.0123
201 0.1565 0.0541 0.1083 0.6382 0.0333 0.0095
202 0.3330 0.1942 0.1366 0.2343 0.0961 0.0058
203 0.2271 0.0544 0.3408 0.3008 0.0767 0.0003
204 0.2275 0.1075 0.3933 0.1744 0.0971 0.0001
205 0.5200 0.1444 0.1943 0.0548 0.0849 0.0016
206 0.4858 0.1307 0.1692 0.0294 0.1815 0.0034
207 0.4458 0.1802 0.1963 0.0331 0.1403 0.0043
208 0.0994 0.0612 0.4058 0.3933 0.0308 0.0096
209 0.0812 0.0928 0.2881 0.4978 0.0266 0.0135
210 0.0770 0.1749 0.2317 0.4753 0.0260 0.0149
211 0.0462 0.1109 0.1359 0.6689 0.0287 0.0092
212 0.0415 0.0478 0.1260 0.7480 0.0169 0.0198
213 0.6436 0.0733 0.1858 0.0421 0.0532 0.0021
214 0.1794 0.1971 0.4045 0.1881 0.0305 0.0002
215 0.2710 0.2159 0.3940 0.0770 0.0399 0.0020
216 0.5562 0.1805 0.1342 0.0729 0.0526 0.0036
217 0.2279 0.0695 0.2622 0.3115 0.1278 0.0011
218 0.0989 0.3506 0.4297 0.1112 0.0093 0.0002
219 0.1801 0.2156 0.2258 0.2922 0.0668 0.0194
220 0.0411 0.0291 0.2023 0.6953 0.0169 0.0155
221 0.4238 0.1302 0.1808 0.1794 0.0841 0.0016
222 0.3054 0.0976 0.1741 0.2360 0.1838 0.0032
223 0.6904 0.1219 0.1318 0.0285 0.0257 0.0016
224 0.5952 0.1641 0.1248 0.0700 0.0402 0.0056
225 0.2871 0.1636 0.2084 0.2698 0.0656 0.0056
226 0.2130 0.1545 0.4104 0.1194 0.0967 0.0057
227 0.5234 0.2869 0.0615 0.0506 0.0772 0.0006
228 0.6567 0.1302 0.0828 0.0475 0.0815 0.0013
229 0.6177 0.0779 0.0862 0.0359 0.1812 0.0011
230 0.0975 0.0847 0.1476 0.0649 0.6021 0.0031
231 0.1009 0.1379 0.1057 0.2786 0.0303 0.3467
232 0.1009 0.1379 0.1057 0.2786 0.0303 0.3467
