time exciting_prob fearful_prob tense_prob sad_prob relaxing_prob neutral_prob
0 0.1110 0.1566 0.1382 0.1298 0.0183 0.4460
1 0.0798 0.2656 0.3989 0.2135 0.0205 0.0218
2 0.0540 0.0836 0.3257 0.4521 0.0377 0.0469
3 0.0685 0.1321 0.3425 0.4197 0.0175 0.0199
4 0.0507 0.2168 0.3464 0.3306 0.0189 0.0368
5 0.1493 0.4285 0.0948 0.3037 0.0171 0.0065
6 0.3999 0.1760 0.2791 0.0166 0.1110 0.0174
7 0.0359 0.4102 0.4368 0.0814 0.0304 0.0055
8 0.1669 0.2076 0.1450 0.1531 0.0586 0.2688
9 0.1006 0.1545 0.1140 0.2588 0.1364 0.2357
10 0.0363 0.1591 0.1530 0.6392 0.0077 0.0047
11 0.0535 0.3179 0.5000 0.0842 0.0374 0.0069
12 0.1033 0.1677 0.2559 0.3606 0.0392 0.0733
13 0.1836 0.1006 0.4170 0.2081 0.0610 0.0295
14 0.2668 0.1764 0.4832 0.0468 0.0250 0.0017
15 0.3711 0.1881 0.0931 0.0298 0.2148 0.1031
16 0.0472 0.1399 0.2067 0.4111 0.0291 0.1661
17 0.0728 0.2996 0.5259 0.0381 0.0399 0.0240
18 0.0277 0.1213 0.5029 0.2096 0.0052 0.1333
19 0.1459 0.3088 0.2405 0.0927 0.1760 0.0360
20 0.0974 0.1462 0.4165 0.1070 0.2230 0.0098
21 0.1383 0.2793 0.2245 0.2389 0.0467 0.0723
22 0.1830 0.1917 0.2295 0.3137 0.0399 0.0424
23 0.2603 0.2092 0.2227 0.0306 0.2749 0.0023
24 0.4050 0.3203 0.0495 0.1624 0.0602 0.0024
25 0.1403 0.0864 0.2241 0.3994 0.0825 0.0673
26 0.2081 0.0923 0.2778 0.2959 0.1195 0.0062
27 0.3345 0.1103 0.1531 0.3318 0.0513 0.0190
28 0.0430 0.0856 0.2119 0.6035 0.0167 0.0392
29 0.5464 0.0459 0.0603 0.2925 0.0250 0.0301
30 0.1805 0.3000 0.2336 0.1952 0.0164 0.0741
31 0.4304 0.2181 0.1766 0.1595 0.0091 0.0062
32 0.2318 0.2318 0.2318 0.2710 0.0154 0.0183
33 0.3154 0.0709 0.2068 0.3687 0.0178 0.0205
34 0.0481 0.2091 0.3613 0.3140 0.0412 0.0264
35 0.0985 0.1676 0.2457 0.4053 0.0157 0.0672
36 0.0740 0.0493 0.2043 0.6494 0.0090 0.0137
37 0.1548 0.2150 0.3545 0.2289 0.0236 0.0234
38 0.1003 0.1720 0.6294 0.0851 0.0047 0.0086
39 0.0343 0.4282 0.5166 0.0093 0.0054 0.0064
40 0.2573 0.3462 0.2379 0.1169 0.0365 0.0051
41 0.4775 0.1276 0.1074 0.2310 0.0389 0.0175
42 0.1945 0.0389 0.1379 0.5630 0.0166 0.0492
43 0.0766 0.1187 0.1293 0.0518 0.5273 0.0961
44 0.0415 0.2664 0.5137 0.0712 0.0958 0.0115
45 0.3306 0.2085 0.3804 0.0407 0.0320 0.0078
46 0.1819 0.3000 0.4502 0.0246 0.0288 0.0145
47 0.0235 0.1193 0.2194 0.6152 0.0179 0.0048
48 0.0511 0.1170 0.5005 0.3035 0.0134 0.0148
49 0.1809 0.1187 0.1388 0.5156 0.0317 0.0144
50 0.0815 0.1429 0.4875 0.2080 0.0555 0.0245
51 0.1678 0.4285 0.2854 0.0837 0.0190 0.0154
52 0.2281 0.3535 0.2795 0.1021 0.0331 0.0035
53 0.1871 0.1704 0.2479 0.2898 0.0941 0.0104
54 0.1604 0.4292 0.1694 0.1416 0.0845 0.0148
55 0.2462 0.1541 0.1887 0.2925 0.1026 0.0160
56 0.2273 0.1255 0.1974 0.2382 0.1742 0.0374
57 0.0145 0.6040 0.3337 0.0142 0.0148 0.0187
58 0.0725 0.0725 0.1377 0.0961 0.4241 0.1971
59 0.1660 0.0427 0.1660 0.1254 0.4880 0.0117
60 0.1222 0.5103 0.1921 0.1395 0.0231 0.0127
61 0.0190 0.3484 0.1924 0.3826 0.0098 0.0479
62 0.1675 0.1973 0.4622 0.1525 0.0167 0.0039
63 0.0552 0.2344 0.1913 0.0602 0.4517 0.0073
64 0.0337 0.4514 0.3982 0.0991 0.0023 0.0152
65 0.2291 0.4812 0.1049 0.1503 0.0294 0.0051
66 0.1074 0.3633 0.0926 0.0155 0.4182 0.0028
67 0.1376 0.2800 0.1214 0.2472 0.2097 0.0040
68 0.0493 0.1848 0.7192 0.0326 0.0099 0.0039
69 0.2690 0.0840 0.2432 0.3484 0.0522 0.0032
70 0.0518 0.0345 0.0121 0.0166 0.8833 0.0016
71 0.1924 0.1385 0.3123 0.2935 0.0625 0.0009
72 0.1016 0.2515 0.0876 0.0515 0.4924 0.0153
73 0.0745 0.0971 0.1962 0.5166 0.0257 0.0898
74 0.2372 0.2605 0.2446 0.1461 0.0907 0.0209
75 0.1637 0.1689 0.1663 0.4246 0.0646 0.0119
76 0.1462 0.3271 0.3884 0.0847 0.0347 0.0189
77 0.0688 0.0673 0.2966 0.1025 0.0956 0.3691
78 0.1270 0.1310 0.3506 0.1121 0.2646 0.0148
79 0.2000 0.0833 0.1222 0.0959 0.4871 0.0115
80 0.1124 0.0992 0.2456 0.4587 0.0433 0.0407
81 0.1731 0.2155 0.3040 0.1171 0.1786 0.0117
82 0.1063 0.4951 0.1954 0.0790 0.0179 0.1063
83 0.1501 0.3894 0.0484 0.1649 0.2167 0.0305
84 0.6699 0.0690 0.0950 0.1506 0.0132 0.0020
85 0.1730 0.0970 0.5161 0.1813 0.0317 0.0007
86 0.1477 0.1674 0.2252 0.0630 0.1512 0.2455
87 0.1209 0.1665 0.1947 0.1978 0.3064 0.0137
88 0.1272 0.1647 0.6562 0.0345 0.0162 0.0012
89 0.0936 0.1279 0.3645 0.3533 0.0299 0.0309
90 0.0507 0.0933 0.2344 0.5801 0.0186 0.0228
91 0.0978 0.1527 0.0242 0.0287 0.6953 0.0013
92 0.2964 0.1990 0.1561 0.2964 0.0458 0.0063
93 0.2490 0.5151 0.1176 0.0479 0.0625 0.0081
94 0.3774 0.2344 0.0779 0.1116 0.1973 0.0015
95 0.3152 0.2288 0.1572 0.0976 0.1987 0.0025
96 0.0950 0.4260 0.0659 0.0277 0.3818 0.0037
97 0.0859 0.1362 0.0989 0.0292 0.6396 0.0099
98 0.0174 0.1326 0.7510 0.0068 0.0836 0.0086
99 0.1284 0.2399 0.3657 0.2151 0.0129 0.0380
100 0.1871 0.1976 0.0727 0.0247 0.5166 0.0010
101 0.0197 0.1283 0.1699 0.5933 0.0300 0.0587
102 0.0779 0.1959 0.5850 0.1188 0.0203 0.0020
103 0.1864 0.2549 0.1440 0.3223 0.0620 0.0304
104 0.2695 0.1609 0.2098 0.0991 0.2416 0.0191
105 0.1453 0.3174 0.4993 0.0090 0.0284 0.0008
106 0.1252 0.3101 0.1583 0.2415 0.1333 0.0314
107 0.2966 0.2639 0.1691 0.1786 0.0768 0.0151
108 0.4714 0.1111 0.1580 0.0505 0.1935 0.0156
109 0.0876 0.2761 0.5664 0.0437 0.0247 0.0013
110 0.0629 0.5269 0.2954 0.0959 0.0103 0.0085
111 0.1197 0.3464 0.2399 0.1840 0.0451 0.0651
112 0.1379 0.2617 0.3928 0.0856 0.0584 0.0636
113 0.0756 0.2876 0.3062 0.2461 0.0274 0.0571
114 0.2014 0.1697 0.2732 0.0494 0.1968 0.1096
115 0.0759 0.1581 0.1290 0.1070 0.3792 0.1509
116 0.1100 0.3469 0.2137 0.0455 0.2311 0.0528
117 0.2379 0.2961 0.2825 0.1334 0.0374 0.0126
118 0.2374 0.3564 0.1311 0.1281 0.1395 0.0076
119 0.3298 0.1396 0.2001 0.2064 0.1140 0.0102
120 0.0218 0.0861 0.1123 0.5884 0.0150 0.1766
121 0.2496 0.3206 0.0515 0.1943 0.1367 0.0473
122 0.1216 0.1074 0.1295 0.4053 0.2169 0.0194
123 0.3340 0.3235 0.1381 0.0292 0.1653 0.0100
124 0.3220 0.0730 0.1724 0.2213 0.1632 0.0482
125 0.2893 0.0606 0.2361 0.1047 0.2937 0.0154
126 0.1874 0.2123 0.2058 0.2993 0.0885 0.0066
127 0.2473 0.3655 0.1410 0.1548 0.0790 0.0122
128 0.1387 0.3596 0.2250 0.1262 0.1097 0.0410
129 0.1715 0.1400 0.1514 0.2006 0.3206 0.0161
130 0.1682 0.3972 0.2177 0.1094 0.0914 0.0160
131 0.2087 0.5205 0.1946 0.0253 0.0473 0.0033
132 0.1647 0.2341 0.1500 0.0289 0.4207 0.0017
133 0.2465 0.3557 0.1667 0.0845 0.1361 0.0106
134 0.2185 0.2168 0.0636 0.3081 0.1841 0.0088
135 0.1552 0.3210 0.0864 0.0622 0.3638 0.0116
136 0.1731 0.4929 0.1652 0.0540 0.1100 0.0047
137 0.2603 0.3848 0.1320 0.1628 0.0428 0.0174
138 0.3889 0.2050 0.0815 0.1159 0.1548 0.0539
139 0.1946 0.1946 0.1199 0.2659 0.1946 0.0303
140 0.3054 0.1741 0.1512 0.2455 0.1000 0.0237
141 0.2170 0.4817 0.1857 0.0824 0.0234 0.0098
142 0.2201 0.1797 0.1421 0.3057 0.1073 0.0451
143 0.0757 0.7134 0.1506 0.0415 0.0143 0.0046
144 0.2013 0.3267 0.1748 0.1111 0.1776 0.0086
145 0.1166 0.3481 0.2266 0.0759 0.2196 0.0131
146 0.1672 0.2018 0.1387 0.1896 0.2396 0.0630
147 0.1550 0.3010 0.1870 0.0933 0.2537 0.0101
148 0.3850 0.2485 0.1592 0.1310 0.0586 0.0179
149 0.2008 0.1691 0.2347 0.2240 0.1317 0.0399
150 0.1882 0.2051 0.0992 0.3201 0.1477 0.0398
151 0.1825 0.4922 0.1410 0.1388 0.0407 0.0047
152 0.3574 0.1573 0.1854 0.1913 0.1065 0.0020
153 0.1174 0.3560 0.3396 0.1531 0.0150 0.0190
154 0.0931 0.6367 0.1866 0.0666 0.0100 0.0070
155 0.2754 0.2820 0.3347 0.0827 0.0111 0.0143
156 0.1074 0.1992 0.2479 0.2499 0.0986 0.0970
157 0.3079 0.4143 0.1769 0.0230 0.0760 0.0018
158 0.3604 0.3491 0.2102 0.0721 0.0075 0.0008
159 0.2113 0.4875 0.2080 0.0304 0.0601 0.0026
160 0.2214 0.2394 0.0753 0.0714 0.3767 0.0159
161 0.2311 0.3389 0.3284 0.0298 0.0677 0.0041
162 0.2074 0.1979 0.2207 0.2622 0.0717 0.0402
163 0.5093 0.2107 0.1859 0.0474 0.0435 0.0034
164 0.0424 0.6948 0.1785 0.0320 0.0469 0.0056
165 0.2046 0.1593 0.1710 0.2264 0.2264 0.0121
166 0.2070 0.3633 0.1469 0.0905 0.1885 0.0039
167 0.2405 0.2947 0.2260 0.0751 0.1577 0.0062
168 0.1088 0.4338 0.2322 0.1794 0.0255 0.0203
169 0.1791 0.5308 0.2046 0.0581 0.0248 0.0029
170 0.1882 0.0454 0.0932 0.3628 0.0447 0.2654
