time exciting_prob fearful_prob tense_prob sad_prob relaxing_prob neutral_prob
0 0.1136 0.1553 0.1349 0.1288 0.0181 0.4492
1 0.0444 0.0465 0.1810 0.4275 0.0202 0.2805
2 0.0930 0.2864 0.2162 0.1879 0.0134 0.2031
3 0.0776 0.4944 0.3242 0.0406 0.0201 0.0429
4 0.0039 0.7280 0.2086 0.0519 0.0020 0.0053
5 0.0231 0.2445 0.2603 0.1530 0.0004 0.3188
6 0.0920 0.6099 0.1201 0.0183 0.0173 0.1426
7 0.0653 0.0788 0.0220 0.2927 0.0069 0.5342
8 0.0551 0.3401 0.2549 0.2957 0.0101 0.0443
9 0.0069 0.0811 0.1469 0.0612 0.0030 0.7007
10 0.0427 0.1198 0.1217 0.2576 0.0651 0.3928
11 0.0250 0.4360 0.2092 0.2297 0.0059 0.0943
12 0.0017 0.7480 0.1520 0.0922 0.0000 0.0059
13 0.0223 0.0645 0.3945 0.3481 0.0033 0.1671
14 0.0421 0.0948 0.4814 0.0540 0.0118 0.3157
15 0.4963 0.0947 0.3203 0.0263 0.0113 0.0511
16 0.0064 0.3167 0.3704 0.1921 0.0050 0.1094
17 0.0007 0.0112 0.0053 0.9785 0.0001 0.0043
18 0.0027 0.0980 0.0183 0.8735 0.0004 0.0071
19 0.0106 0.0623 0.0643 0.0334 0.0081 0.8213
20 0.0872 0.1219 0.1542 0.4358 0.1641 0.0369
21 0.0785 0.2219 0.3057 0.3687 0.0057 0.0194
22 0.0400 0.2283 0.0364 0.6763 0.0028 0.0165
23 0.0204 0.5186 0.2820 0.0833 0.0013 0.0944
24 0.0615 0.0847 0.1365 0.6929 0.0119 0.0124
25 0.7217 0.1234 0.0234 0.0271 0.0954 0.0092
26 0.5757 0.1812 0.0424 0.0444 0.0785 0.0779
27 0.0364 0.1764 0.2229 0.3296 0.0119 0.2229
28 0.0231 0.2598 0.1992 0.2991 0.0098 0.2089
29 0.0922 0.0735 0.6919 0.0203 0.0190 0.1028
30 0.1166 0.0808 0.6455 0.0281 0.0228 0.1062
31 0.0015 0.8516 0.1152 0.0301 0.0000 0.0016
32 0.0254 0.1281 0.0529 0.7031 0.0020 0.0887
33 0.0714 0.4512 0.1272 0.3005 0.0085 0.0413
34 0.1315 0.0947 0.1714 0.0106 0.4309 0.1610
35 0.0268 0.5688 0.0973 0.2125 0.0331 0.0614
36 0.0248 0.4712 0.1628 0.1591 0.0301 0.1519
37 0.0128 0.0511 0.1926 0.6777 0.0058 0.0602
38 0.0182 0.0672 0.2400 0.5625 0.0089 0.1032
39 0.0039 0.0619 0.0127 0.8545 0.0004 0.0669
40 0.0067 0.1183 0.0321 0.7480 0.0007 0.0944
41 0.1277 0.1050 0.7012 0.0323 0.0150 0.0191
42 0.2085 0.2020 0.5493 0.0068 0.0238 0.0098
43 0.0291 0.0848 0.0427 0.4375 0.0197 0.3862
44 0.0196 0.0594 0.0310 0.5459 0.0133 0.3311
45 0.0362 0.0511 0.2805 0.2849 0.0535 0.2939
46 0.0112 0.0403 0.0814 0.8413 0.0009 0.0250
47 0.0198 0.4099 0.2998 0.0619 0.0027 0.2061
48 0.0791 0.2418 0.3630 0.0269 0.0437 0.2456
49 0.0047 0.5894 0.0933 0.3105 0.0002 0.0021
50 0.1221 0.1450 0.5430 0.0283 0.0163 0.1450
51 0.0290 0.2524 0.0467 0.6602 0.0014 0.0105
52 0.0085 0.2435 0.4695 0.0954 0.0049 0.1782
53 0.1180 0.1758 0.6230 0.0162 0.0272 0.0395
54 0.0541 0.2771 0.5098 0.0501 0.0163 0.0928
55 0.0511 0.2598 0.5371 0.0536 0.0159 0.0824
56 0.0763 0.4460 0.1437 0.0533 0.0184 0.2622
57 0.0804 0.4888 0.3989 0.0084 0.0046 0.0190
58 0.0758 0.3821 0.4067 0.1069 0.0165 0.0118
59 0.0257 0.1035 0.2190 0.1154 0.0274 0.5093
60 0.0735 0.0930 0.1373 0.0219 0.6255 0.0490
61 0.1714 0.1537 0.4695 0.0565 0.1315 0.0175
62 0.0047 0.0422 0.0195 0.9238 0.0016 0.0082
63 0.1228 0.5293 0.1493 0.0445 0.0224 0.1317
64 0.4900 0.1707 0.2542 0.0138 0.0474 0.0240
65 0.0081 0.0650 0.0106 0.8906 0.0002 0.0255
66 0.0049 0.0886 0.1876 0.5869 0.0052 0.1270
67 0.0009 0.0067 0.0032 0.9854 0.0002 0.0037
68 0.0001 0.0019 0.0012 0.9946 0.0001 0.0021
69 0.1530 0.1173 0.1818 0.1415 0.0336 0.3728
70 0.0125 0.0697 0.1808 0.3430 0.0112 0.3828
71 0.0014 0.0387 0.0079 0.9443 0.0002 0.0073
72 0.0029 0.0574 0.0201 0.9116 0.0005 0.0072
73 0.0511 0.1348 0.1180 0.4775 0.0067 0.2119
74 0.0816 0.0162 0.0417 0.8374 0.0013 0.0218
75 0.0369 0.1182 0.0899 0.7070 0.0010 0.0470
76 0.0280 0.1692 0.0637 0.6958 0.0009 0.0424
77 0.0179 0.1401 0.0427 0.7573 0.0012 0.0408
78 0.0597 0.4443 0.3201 0.0391 0.0083 0.1283
79 0.0334 0.3828 0.2472 0.2756 0.0098 0.0510
80 0.0026 0.0172 0.0406 0.9106 0.0008 0.0282
81 0.0029 0.0361 0.0534 0.8823 0.0009 0.0241
82 0.1332 0.2712 0.4333 0.0802 0.0237 0.0582
83 0.0370 0.3943 0.0859 0.1892 0.0095 0.2839
84 0.0324 0.1610 0.0848 0.5078 0.0041 0.2100
85 0.1449 0.2141 0.5820 0.0156 0.0116 0.0316
86 0.2712 0.2230 0.3621 0.0373 0.0591 0.0475
87 0.0046 0.0258 0.0241 0.9175 0.0012 0.0269
88 0.0076 0.0332 0.0494 0.8760 0.0020 0.0317
89 0.0775 0.1992 0.6533 0.0200 0.0094 0.0405
90 0.0183 0.3396 0.0326 0.6055 0.0012 0.0031
91 0.1648 0.0889 0.4624 0.1477 0.0507 0.0855
92 0.1417 0.1509 0.6353 0.0302 0.0164 0.0256
93 0.0007 0.0105 0.0138 0.9722 0.0003 0.0024
94 0.0012 0.0168 0.0234 0.9551 0.0004 0.0031
95 0.1616 0.1721 0.3643 0.1165 0.1567 0.0288
96 0.1274 0.4482 0.3357 0.0424 0.0164 0.0298
97 0.0033 0.0367 0.0664 0.8682 0.0005 0.0248
98 0.0029 0.2688 0.0381 0.6548 0.0003 0.0352
99 0.0076 0.5430 0.1461 0.2952 0.0013 0.0069
100 0.0388 0.2512 0.6416 0.0295 0.0263 0.0127
101 0.0136 0.1726 0.0257 0.7856 0.0002 0.0021
102 0.0106 0.1344 0.0543 0.7979 0.0011 0.0017
103 0.0245 0.3657 0.3384 0.2399 0.0111 0.0205
104 0.0776 0.1669 0.2666 0.0175 0.4536 0.0176
105 0.0240 0.6592 0.2174 0.0632 0.0054 0.0308
106 0.0041 0.2495 0.2939 0.4146 0.0013 0.0365
107 0.0197 0.1871 0.2120 0.5762 0.0014 0.0036
108 0.0051 0.0435 0.1210 0.8271 0.0004 0.0027
109 0.0053 0.0353 0.1070 0.8481 0.0005 0.0035
110 0.0072 0.1094 0.1094 0.7720 0.0007 0.0014
111 0.1925 0.4338 0.2081 0.0260 0.0282 0.1114
112 0.0288 0.1967 0.2795 0.0252 0.0439 0.4260
113 0.0464 0.1212 0.4502 0.0729 0.0073 0.3022
114 0.0134 0.1030 0.4954 0.2490 0.0016 0.1376
115 0.1426 0.1615 0.4822 0.0980 0.0545 0.0613
116 0.0190 0.2539 0.1328 0.5337 0.0048 0.0558
117 0.0049 0.0610 0.4507 0.2649 0.0057 0.2129
118 0.1938 0.2213 0.1923 0.1078 0.1451 0.1395
119 0.0491 0.0404 0.0737 0.3984 0.0005 0.4377
120 0.0938 0.3274 0.1186 0.2396 0.0023 0.2181
121 0.0191 0.2421 0.2942 0.3550 0.0103 0.0792
122 0.0046 0.3052 0.2913 0.3052 0.0077 0.0861
123 0.0017 0.0630 0.0195 0.9126 0.0006 0.0025
124 0.0341 0.1228 0.2703 0.1209 0.0331 0.4187
125 0.0411 0.2788 0.5996 0.0292 0.0078 0.0438
126 0.0637 0.4558 0.1813 0.0289 0.0085 0.2617
127 0.0037 0.3130 0.1990 0.3281 0.0024 0.1538
128 0.0032 0.1372 0.0943 0.7363 0.0006 0.0285
129 0.0027 0.0944 0.0644 0.8091 0.0006 0.0288
130 0.0189 0.0790 0.0875 0.7856 0.0112 0.0175
131 0.1843 0.2661 0.2788 0.0739 0.1181 0.0787
132 0.0192 0.0316 0.1965 0.3848 0.2408 0.1270
133 0.0243 0.0157 0.7988 0.1525 0.0029 0.0059
134 0.1016 0.2397 0.2676 0.1897 0.0731 0.1283
135 0.0022 0.0159 0.1381 0.8071 0.0005 0.0363
136 0.0256 0.3191 0.1005 0.5430 0.0031 0.0087
137 0.0180 0.1791 0.1193 0.4575 0.0680 0.1581
138 0.1595 0.3596 0.3596 0.0208 0.0201 0.0803
139 0.0185 0.5073 0.4141 0.0376 0.0064 0.0163
140 0.0370 0.5435 0.2488 0.0429 0.0551 0.0729
141 0.0165 0.2112 0.2393 0.2979 0.0034 0.2319
142 0.0504 0.2124 0.2815 0.3447 0.0988 0.0122
143 0.0424 0.5117 0.2783 0.0749 0.0063 0.0862
144 0.0256 0.0717 0.5220 0.2141 0.0050 0.1616
145 0.0064 0.0450 0.0446 0.9033 0.0003 0.0004
146 0.0228 0.5317 0.2455 0.0499 0.0022 0.1477
147 0.0073 0.2422 0.5371 0.0978 0.0011 0.1144
148 0.0136 0.2825 0.0895 0.5977 0.0014 0.0151
149 0.0120 0.1348 0.0593 0.7754 0.0006 0.0178
150 0.0369 0.1110 0.2969 0.4089 0.0026 0.1436
151 0.0365 0.1304 0.3176 0.3862 0.0020 0.1273
152 0.0176 0.0924 0.3459 0.0267 0.0443 0.4729
153 0.0189 0.1440 0.3796 0.3916 0.0143 0.0514
154 0.0173 0.0935 0.0184 0.8667 0.0025 0.0016
155 0.0539 0.4763 0.2510 0.1022 0.0945 0.0219
156 0.0286 0.0952 0.3767 0.0273 0.0180 0.4543
157 0.1855 0.3867 0.1599 0.0263 0.0142 0.2273
158 0.1067 0.3499 0.3391 0.0775 0.0369 0.0898
159 0.0037 0.2651 0.5884 0.1272 0.0007 0.0151
160 0.2891 0.0687 0.1409 0.2018 0.1187 0.1809
161 0.3025 0.2393 0.3650 0.0353 0.0326 0.0254
162 0.0270 0.0979 0.5723 0.1296 0.0042 0.1692
163 0.0190 0.0581 0.5347 0.2883 0.0065 0.0936
164 0.0554 0.3113 0.2277 0.0115 0.0070 0.3872
165 0.0072 0.0578 0.2198 0.7095 0.0013 0.0042
166 0.0125 0.0522 0.2888 0.6411 0.0028 0.0026
167 0.0200 0.3650 0.1620 0.1924 0.0096 0.2510
168 0.0754 0.3406 0.2340 0.1571 0.0189 0.1740
169 0.0200 0.1489 0.5488 0.1432 0.0359 0.1031
170 0.2864 0.2145 0.3401 0.0162 0.0771 0.0659
171 0.0682 0.1151 0.0507 0.7563 0.0044 0.0052
172 0.2986 0.2290 0.3491 0.0203 0.0890 0.0139
173 0.0046 0.0417 0.0232 0.8652 0.0005 0.0647
174 0.0853 0.0517 0.6401 0.0966 0.0204 0.1061
175 0.1519 0.4465 0.1617 0.0746 0.0393 0.1260
176 0.1969 0.4648 0.1582 0.0394 0.0193 0.1213
177 0.0220 0.3411 0.4048 0.2020 0.0035 0.0267
178 0.0431 0.4153 0.2137 0.2539 0.0218 0.0524
179 0.0502 0.2284 0.6206 0.0406 0.0277 0.0324
180 0.1617 0.2013 0.2625 0.2280 0.0852 0.0614
181 0.0798 0.1537 0.4312 0.2698 0.0349 0.0307
182 0.0602 0.2634 0.0703 0.5796 0.0040 0.0223
183 0.1683 0.4038 0.3296 0.0391 0.0081 0.0509
184 0.1719 0.2350 0.4746 0.0405 0.0378 0.0402
185 0.0371 0.1381 0.0891 0.2206 0.0104 0.5049
186 0.0480 0.0862 0.0903 0.7051 0.0013 0.0693
187 0.1588 0.3782 0.3840 0.0207 0.0144 0.0438
188 0.1763 0.1763 0.2998 0.0372 0.0944 0.2159
189 0.0514 0.2284 0.5742 0.0783 0.0077 0.0601
190 0.2316 0.2352 0.1860 0.0638 0.0126 0.2708
191 0.3535 0.2283 0.1300 0.0378 0.0168 0.2336
192 0.2001 0.3274 0.2080 0.0085 0.0796 0.1765
193 0.0374 0.1913 0.3926 0.1444 0.0177 0.2168
194 0.3616 0.1427 0.3450 0.0439 0.0950 0.0120
195 0.0280 0.1976 0.0786 0.0850 0.0117 0.5991
196 0.6152 0.0758 0.2142 0.0873 0.0038 0.0036
197 0.2791 0.3262 0.2542 0.0114 0.0201 0.1093
198 0.1387 0.1499 0.1409 0.0611 0.0475 0.4619
199 0.1186 0.3406 0.2822 0.0151 0.0464 0.1970
200 0.0410 0.1793 0.4104 0.2649 0.0620 0.0426
201 0.0778 0.0651 0.7861 0.0227 0.0097 0.0385
202 0.1127 0.2208 0.2971 0.1182 0.1019 0.1494
203 0.0036 0.5317 0.0443 0.4014 0.0002 0.0186
204 0.0054 0.0220 0.1144 0.7695 0.0022 0.0864
205 0.0481 0.2329 0.1370 0.2559 0.0029 0.3235
206 0.0209 0.1848 0.1569 0.6206 0.0052 0.0117
207 0.1814 0.2539 0.4597 0.0048 0.0062 0.0941
208 0.0356 0.1661 0.5322 0.2117 0.0018 0.0527
209 0.1486 0.4268 0.3374 0.0186 0.0394 0.0293
210 0.0405 0.0673 0.7524 0.0662 0.0128 0.0608
211 0.0049 0.8071 0.1027 0.0825 0.0004 0.0023
212 0.0258 0.1669 0.4067 0.1862 0.0034 0.2109
213 0.2119 0.1625 0.3440 0.0829 0.0089 0.1899
214 0.0454 0.0630 0.0420 0.1178 0.0215 0.7104
215 0.3413 0.4248 0.1799 0.0129 0.0152 0.0257
216 0.1870 0.1479 0.2700 0.1389 0.0721 0.1841
217 0.1721 0.1495 0.2192 0.0439 0.3140 0.1012
218 0.1263 0.2761 0.4695 0.0228 0.0749 0.0303
219 0.7764 0.0213 0.0435 0.1436 0.0027 0.0126
220 0.2615 0.2656 0.3865 0.0155 0.0424 0.0284
221 0.0320 0.1152 0.0627 0.2898 0.0301 0.4702
222 0.0274 0.1703 0.7749 0.0106 0.0135 0.0032
223 0.1410 0.2437 0.5493 0.0132 0.0245 0.0284
224 0.1249 0.2664 0.1628 0.0233 0.0497 0.3728
225 0.0201 0.2969 0.1050 0.5547 0.0034 0.0199
226 0.0059 0.1124 0.0760 0.7920 0.0044 0.0092
227 0.0356 0.2474 0.0797 0.1000 0.0216 0.5156
228 0.0618 0.0818 0.0658 0.1155 0.0210 0.6543
229 0.0400 0.1114 0.6772 0.0510 0.0107 0.1097
230 0.0864 0.4673 0.0844 0.1459 0.1993 0.0166
231 0.0770 0.1803 0.0900 0.4978 0.1210 0.0339
232 0.0602 0.1177 0.1234 0.0071 0.0086 0.6831
233 0.0238 0.5415 0.1296 0.2898 0.0023 0.0129
234 0.0096 0.2064 0.5522 0.2032 0.0175 0.0109
235 0.0202 0.2076 0.3645 0.3821 0.0037 0.0219
236 0.0137 0.2361 0.1700 0.4768 0.0312 0.0720
237 0.0364 0.8882 0.0396 0.0283 0.0006 0.0070
238 0.1672 0.3325 0.4075 0.0179 0.0275 0.0475
239 0.1545 0.2566 0.3564 0.0944 0.0436 0.0944
240 0.2312 0.2500 0.3364 0.0434 0.0768 0.0622
241 0.0771 0.4580 0.2267 0.2302 0.0029 0.0050
242 0.0806 0.1903 0.1119 0.5859 0.0019 0.0294
243 0.0820 0.1331 0.1290 0.5874 0.0027 0.0659
244 0.1514 0.5410 0.1562 0.1274 0.0075 0.0163
245 0.0936 0.5557 0.1342 0.1982 0.0044 0.0137
246 0.0898 0.4895 0.1830 0.2041 0.0039 0.0296
247 0.1005 0.5967 0.1417 0.1417 0.0051 0.0140
248 0.1174 0.5259 0.1790 0.1580 0.0042 0.0153
249 0.1381 0.6187 0.1516 0.0786 0.0044 0.0089
250 0.0941 0.0532 0.7285 0.0500 0.0374 0.0368
251 0.0928 0.0529 0.7300 0.0504 0.0366 0.0375
252 0.0983 0.0530 0.7261 0.0494 0.0382 0.0350
253 0.0983 0.0530 0.7261 0.0498 0.0379 0.0350
254 0.0983 0.0530 0.7261 0.0498 0.0379 0.0350
255 0.1113 0.0547 0.7148 0.0482 0.0419 0.0290
256 0.1130 0.0547 0.7144 0.0475 0.0419 0.0288
257 0.1130 0.0547 0.7144 0.0475 0.0419 0.0288
258 0.1140 0.0578 0.7202 0.0413 0.0410 0.0256
259 0.0514 0.0385 0.6460 0.1333 0.0916 0.0394
260 0.1288 0.0455 0.0372 0.5723 0.1641 0.0520
261 0.3911 0.0936 0.0595 0.2861 0.1270 0.0425
262 0.2566 0.0649 0.0591 0.3704 0.1428 0.1061
263 0.2595 0.0621 0.0597 0.3601 0.1478 0.1107
264 0.2581 0.0618 0.0599 0.3611 0.1482 0.1110
265 0.2581 0.0618 0.0599 0.3611 0.1482 0.1110
266 0.2498 0.0622 0.0593 0.3750 0.1456 0.1083
267 0.2498 0.0622 0.0593 0.3750 0.1456 0.1083
268 0.2474 0.0621 0.0583 0.3772 0.1443 0.1107
269 0.0460 0.0297 0.0318 0.5962 0.1790 0.1174
270 0.1013 0.1364 0.4299 0.2179 0.0376 0.0771
271 0.1421 0.1294 0.5117 0.1274 0.0263 0.0630
272 0.1249 0.1230 0.4714 0.1667 0.0254 0.0886
273 0.1295 0.1246 0.4629 0.1716 0.0253 0.0863
274 0.1295 0.1246 0.4629 0.1716 0.0253 0.0863
275 0.1295 0.1246 0.4629 0.1716 0.0253 0.0863
276 0.1362 0.1212 0.4829 0.1555 0.0266 0.0776
277 0.1357 0.1207 0.4851 0.1550 0.0265 0.0768
278 0.1255 0.1179 0.4626 0.1742 0.0259 0.0940
279 0.0670 0.0685 0.3049 0.2908 0.0475 0.2213
280 0.0421 0.0139 0.3188 0.5508 0.0478 0.0268
281 0.1346 0.0253 0.6680 0.1041 0.0565 0.0116
282 0.1065 0.0236 0.6372 0.1537 0.0574 0.0216
283 0.1055 0.0243 0.6362 0.1536 0.0569 0.0234
284 0.1055 0.0243 0.6362 0.1536 0.0569 0.0234
285 0.1055 0.0243 0.6362 0.1536 0.0569 0.0234
286 0.0972 0.0207 0.5913 0.2059 0.0576 0.0274
287 0.0972 0.0207 0.5913 0.2059 0.0576 0.0274
288 0.1000 0.0213 0.5933 0.2003 0.0583 0.0267
289 0.0507 0.0201 0.3201 0.4958 0.0754 0.0379
290 0.1111 0.0207 0.0191 0.8145 0.0270 0.0076
291 0.5874 0.0644 0.0724 0.1907 0.0753 0.0097
292 0.6050 0.0658 0.0746 0.1707 0.0751 0.0087
293 0.5830 0.0639 0.0747 0.1924 0.0747 0.0110
294 0.5830 0.0639 0.0747 0.1924 0.0747 0.0110
295 0.5830 0.0639 0.0747 0.1924 0.0747 0.0110
296 0.6470 0.0698 0.0749 0.1255 0.0767 0.0060
297 0.6470 0.0698 0.0749 0.1255 0.0767 0.0060
298 0.6470 0.0698 0.0749 0.1255 0.0767 0.0060
299 0.0786 0.0291 0.0215 0.8184 0.0359 0.0165
300 0.2020 0.1169 0.1072 0.3435 0.1525 0.0779
301 0.3799 0.1365 0.1398 0.1523 0.1055 0.0861
302 0.3962 0.1470 0.1392 0.1370 0.1100 0.0705
303 0.3787 0.1350 0.1404 0.1554 0.1035 0.0872
304 0.3787 0.1350 0.1404 0.1554 0.1035 0.0872
305 0.3787 0.1350 0.1404 0.1554 0.1035 0.0872
306 0.4231 0.1520 0.1417 0.1157 0.1061 0.0614
307 0.4216 0.1527 0.1423 0.1152 0.1066 0.0617
308 0.4216 0.1527 0.1423 0.1152 0.1066 0.0617
309 0.0869 0.0650 0.1141 0.4585 0.0828 0.1926
310 0.0353 0.0665 0.2910 0.4724 0.0226 0.1122
311 0.0524 0.0679 0.3726 0.3237 0.0246 0.1589
312 0.0470 0.0739 0.4153 0.2854 0.0207 0.1576
313 0.0453 0.0696 0.4070 0.2932 0.0203 0.1644
314 0.0452 0.0657 0.3997 0.2971 0.0204 0.1719
315 0.0452 0.0657 0.3997 0.2971 0.0204 0.1719
316 0.0452 0.0657 0.3997 0.2971 0.0204 0.1719
317 0.0420 0.0565 0.3828 0.3030 0.0203 0.1956
318 0.0420 0.0565 0.3828 0.3030 0.0203 0.1956
319 0.0265 0.0732 0.2742 0.4963 0.0139 0.1160
320 0.2006 0.1057 0.1216 0.4810 0.0371 0.0540
321 0.2090 0.1219 0.2993 0.2025 0.0333 0.1339
322 0.2091 0.1229 0.2996 0.2010 0.0336 0.1339
323 0.2091 0.1229 0.2996 0.2010 0.0336 0.1339
324 0.2181 0.1187 0.2891 0.2098 0.0329 0.1313
325 0.2181 0.1187 0.2891 0.2098 0.0329 0.1313
326 0.2189 0.1199 0.2832 0.2122 0.0331 0.1328
327 0.2325 0.1133 0.2678 0.2255 0.0315 0.1294
328 0.2324 0.1124 0.2676 0.2252 0.0312 0.1313
329 0.0691 0.0770 0.1184 0.4871 0.0789 0.1696
330 0.0374 0.0459 0.0242 0.8457 0.0177 0.0292
331 0.1329 0.1102 0.0438 0.6592 0.0191 0.0347
332 0.1178 0.0977 0.0404 0.6885 0.0172 0.0382
333 0.1577 0.1307 0.0496 0.6094 0.0217 0.0308
334 0.1587 0.1315 0.0495 0.6079 0.0216 0.0305
335 0.1587 0.1315 0.0495 0.6079 0.0216 0.0305
336 0.1783 0.1467 0.0523 0.5713 0.0247 0.0265
337 0.1783 0.1467 0.0523 0.5713 0.0247 0.0265
338 0.1783 0.1467 0.0523 0.5713 0.0247 0.0265
339 0.0262 0.0498 0.0235 0.8032 0.0290 0.0681
340 0.0736 0.0426 0.0211 0.8423 0.0065 0.0139
341 0.0947 0.0417 0.0440 0.7803 0.0071 0.0322
342 0.0781 0.0378 0.0567 0.7524 0.0070 0.0684
343 0.0797 0.0385 0.0569 0.7500 0.0071 0.0676
344 0.0785 0.0371 0.0570 0.7505 0.0069 0.0698
345 0.0785 0.0371 0.0570 0.7505 0.0069 0.0698
346 0.0785 0.0371 0.0570 0.7505 0.0069 0.0698
347 0.0773 0.0383 0.0570 0.7505 0.0069 0.0698
348 0.0768 0.0380 0.0570 0.7515 0.0069 0.0699
349 0.0669 0.0260 0.0364 0.8149 0.0054 0.0505
350 0.1136 0.1553 0.1349 0.1288 0.0181 0.4492
