time exciting_prob fearful_prob tense_prob sad_prob relaxing_prob neutral_prob
0 0.0717 0.1110 0.2313 0.4458 0.0652 0.0751
1 0.1490 0.5122 0.1742 0.0157 0.1422 0.0068
2 0.1038 0.4236 0.3457 0.0067 0.1158 0.0042
3 0.1714 0.5449 0.2379 0.0075 0.0335 0.0050
4 0.3406 0.5527 0.0518 0.0061 0.0457 0.0028
5 0.2949 0.4712 0.0769 0.0363 0.1146 0.0062
6 0.2642 0.5049 0.0858 0.0118 0.1307 0.0027
7 0.4517 0.3306 0.0616 0.0155 0.1378 0.0029
8 0.3450 0.2484 0.0988 0.0658 0.2407 0.0014
9 0.4104 0.2432 0.2250 0.0203 0.0967 0.0044
10 0.2250 0.1583 0.0596 0.4011 0.0828 0.0731
11 0.5400 0.0681 0.0353 0.2216 0.1177 0.0175
12 0.3022 0.1045 0.0634 0.3269 0.1593 0.0435
13 0.4094 0.1191 0.0633 0.2686 0.1191 0.0207
14 0.2355 0.0696 0.0729 0.4331 0.1362 0.0526
15 0.0605 0.0273 0.0534 0.7847 0.0471 0.0273
16 0.3267 0.2883 0.0595 0.1192 0.1483 0.0581
17 0.4783 0.2925 0.0906 0.0333 0.0972 0.0082
18 0.4211 0.3774 0.1107 0.0430 0.0424 0.0053
19 0.1682 0.5962 0.1643 0.0079 0.0568 0.0066
20 0.1545 0.6509 0.1487 0.0144 0.0190 0.0127
21 0.2030 0.4468 0.1907 0.0534 0.0989 0.0072
22 0.1959 0.1170 0.4211 0.0656 0.1729 0.0274
23 0.2085 0.2134 0.3330 0.0548 0.1514 0.0389
24 0.4768 0.3152 0.1023 0.0447 0.0548 0.0062
25 0.5044 0.2458 0.1625 0.0274 0.0575 0.0026
26 0.0975 0.2842 0.4614 0.0302 0.0783 0.0482
27 0.0952 0.2546 0.5923 0.0108 0.0316 0.0155
28 0.1356 0.4736 0.2656 0.0210 0.0933 0.0110
29 0.1643 0.4099 0.2211 0.0619 0.1069 0.0361
30 0.1705 0.0452 0.3667 0.3501 0.0170 0.0504
31 0.3730 0.1351 0.4431 0.0336 0.0110 0.0042
32 0.3125 0.0881 0.4690 0.0686 0.0522 0.0097
33 0.3074 0.0719 0.5269 0.0169 0.0735 0.0033
34 0.1959 0.0330 0.7168 0.0374 0.0134 0.0035
35 0.2117 0.0465 0.6470 0.0269 0.0626 0.0056
36 0.3491 0.3464 0.2573 0.0155 0.0199 0.0118
37 0.0992 0.0487 0.7617 0.0510 0.0249 0.0144
38 0.4465 0.2524 0.1270 0.0409 0.1212 0.0119
39 0.1581 0.0573 0.4070 0.0486 0.3047 0.0244
40 0.0702 0.0759 0.6450 0.1683 0.0105 0.0299
41 0.1890 0.0501 0.6855 0.0422 0.0294 0.0036
42 0.3516 0.2306 0.3684 0.0110 0.0236 0.0150
43 0.4463 0.1681 0.1591 0.1747 0.0209 0.0311
44 0.2422 0.0864 0.5288 0.0662 0.0374 0.0389
45 0.3123 0.2097 0.4268 0.0079 0.0235 0.0198
46 0.2223 0.0756 0.4419 0.1338 0.0831 0.0434
47 0.2008 0.2966 0.4087 0.0459 0.0238 0.0242
48 0.3047 0.3000 0.3120 0.0707 0.0059 0.0067
49 0.4055 0.2170 0.2722 0.0346 0.0261 0.0444
50 0.3386 0.1798 0.3896 0.0247 0.0257 0.0414
51 0.0778 0.0105 0.1030 0.7378 0.0297 0.0413
52 0.3333 0.1841 0.2037 0.1337 0.0310 0.1143
53 0.2382 0.0682 0.5366 0.0823 0.0476 0.0267
54 0.1482 0.0825 0.4492 0.0705 0.0166 0.2330
55 0.3596 0.0526 0.4509 0.0902 0.0178 0.0288
56 0.3059 0.1785 0.3989 0.0174 0.0448 0.0544
57 0.3069 0.0490 0.3821 0.1997 0.0409 0.0215
58 0.2983 0.0917 0.3921 0.1224 0.0531 0.0423
59 0.2556 0.0417 0.5410 0.0607 0.0744 0.0263
60 0.2524 0.0648 0.4717 0.1230 0.0419 0.0460
61 0.0659 0.1183 0.3879 0.2817 0.0260 0.1202
62 0.1171 0.1786 0.2681 0.1931 0.0699 0.1731
63 0.0284 0.2712 0.6821 0.0062 0.0023 0.0097
64 0.2876 0.3694 0.1626 0.0448 0.0694 0.0662
65 0.2217 0.4729 0.1957 0.0430 0.0430 0.0237
66 0.2000 0.0302 0.7090 0.0555 0.0043 0.0012
67 0.1135 0.0504 0.7998 0.0294 0.0057 0.0011
68 0.1537 0.1598 0.4551 0.0656 0.0168 0.1489
69 0.2583 0.1506 0.3367 0.0832 0.0576 0.1137
70 0.2649 0.0250 0.4719 0.0747 0.0789 0.0847
71 0.1890 0.1320 0.4751 0.0482 0.0252 0.1309
72 0.2263 0.1183 0.5962 0.0209 0.0098 0.0285
73 0.0547 0.2081 0.6929 0.0256 0.0040 0.0146
74 0.1688 0.2418 0.5708 0.0071 0.0095 0.0017
75 0.1641 0.1076 0.6802 0.0219 0.0226 0.0036
76 0.0720 0.2051 0.6416 0.0687 0.0116 0.0011
77 0.0607 0.3748 0.4814 0.0756 0.0048 0.0027
78 0.0340 0.3689 0.4519 0.1295 0.0060 0.0097
79 0.0903 0.3252 0.4175 0.1160 0.0382 0.0127
80 0.2286 0.1150 0.5234 0.0394 0.0917 0.0019
81 0.1267 0.1873 0.3965 0.1392 0.0757 0.0745
82 0.1357 0.2291 0.5366 0.0218 0.0672 0.0093
83 0.1897 0.1273 0.4275 0.0234 0.1648 0.0671
84 0.0536 0.4451 0.4521 0.0071 0.0341 0.0081
85 0.1946 0.1390 0.5127 0.0212 0.0733 0.0593
86 0.4180 0.2363 0.1107 0.0693 0.1561 0.0096
87 0.3940 0.1790 0.1174 0.1790 0.1052 0.0256
88 0.4395 0.1201 0.0965 0.1890 0.0679 0.0872
89 0.0825 0.1831 0.2583 0.0776 0.0198 0.3787
90 0.2751 0.1906 0.3560 0.0852 0.0776 0.0158
91 0.1656 0.2014 0.4985 0.0634 0.0619 0.0091
92 0.2173 0.0878 0.5210 0.0775 0.0751 0.0213
93 0.2311 0.1515 0.3110 0.1744 0.0919 0.0402
94 0.0866 0.3372 0.5142 0.0273 0.0237 0.0112
95 0.3652 0.1150 0.2610 0.0367 0.1583 0.0635
96 0.1399 0.4844 0.2634 0.0133 0.0114 0.0875
97 0.0950 0.3613 0.3557 0.0558 0.0214 0.1110
98 0.1088 0.3403 0.4473 0.0100 0.0329 0.0605
99 0.1860 0.3447 0.2727 0.0154 0.1733 0.0077
100 0.3530 0.2727 0.3188 0.0046 0.0497 0.0011
101 0.2859 0.0467 0.6055 0.0334 0.0142 0.0146
102 0.4316 0.0744 0.4055 0.0405 0.0171 0.0310
103 0.3108 0.4778 0.1379 0.0245 0.0458 0.0030
104 0.1553 0.4092 0.3445 0.0311 0.0508 0.0093
105 0.0928 0.0734 0.7529 0.0412 0.0306 0.0089
106 0.1836 0.4202 0.3274 0.0211 0.0327 0.0151
107 0.1172 0.1019 0.6543 0.0757 0.0316 0.0194
108 0.0962 0.2255 0.4346 0.1755 0.0195 0.0487
109 0.1456 0.2053 0.3660 0.2400 0.0310 0.0121
110 0.2656 0.3438 0.2676 0.0424 0.0317 0.0491
111 0.2007 0.0830 0.4558 0.0458 0.1716 0.0431
112 0.1497 0.0707 0.7026 0.0295 0.0384 0.0089
113 0.3484 0.0815 0.4763 0.0317 0.0453 0.0167
114 0.1571 0.0692 0.7153 0.0251 0.0284 0.0050
115 0.1078 0.2318 0.5391 0.0866 0.0248 0.0100
116 0.1379 0.2070 0.3416 0.2659 0.0227 0.0249
117 0.1082 0.0544 0.7280 0.0667 0.0395 0.0029
118 0.2549 0.1510 0.2888 0.2432 0.0185 0.0439
119 0.1807 0.0332 0.3296 0.4104 0.0201 0.0260
120 0.0775 0.0800 0.6748 0.1229 0.0250 0.0196
121 0.2235 0.1205 0.4998 0.0903 0.0293 0.0368
122 0.0916 0.1429 0.5566 0.1262 0.0252 0.0573
123 0.0173 0.0184 0.2264 0.4871 0.0171 0.2336
124 0.1658 0.0413 0.2776 0.4871 0.0264 0.0020
125 0.1752 0.1464 0.2734 0.2822 0.0854 0.0373
126 0.1328 0.1019 0.4390 0.2925 0.0053 0.0285
127 0.2483 0.0825 0.2686 0.3342 0.0210 0.0456
128 0.1721 0.1876 0.5430 0.0233 0.0712 0.0030
129 0.2482 0.1493 0.4934 0.0452 0.0516 0.0123
130 0.1572 0.0340 0.5488 0.1115 0.1284 0.0198
131 0.1890 0.1404 0.5137 0.0421 0.1119 0.0030
132 0.0816 0.0602 0.6421 0.1133 0.0374 0.0656
133 0.0809 0.4106 0.4106 0.0809 0.0035 0.0136
134 0.1117 0.0657 0.2617 0.4521 0.0232 0.0856
135 0.2283 0.1203 0.4685 0.1096 0.0685 0.0049
136 0.1716 0.0750 0.3083 0.3132 0.0291 0.1025
137 0.2474 0.0903 0.2515 0.3545 0.0227 0.0338
138 0.4446 0.1973 0.1661 0.1313 0.0348 0.0259
139 0.1432 0.0377 0.2307 0.3252 0.0325 0.2307
140 0.1475 0.0279 0.3511 0.2394 0.1149 0.1194
141 0.3799 0.1941 0.2983 0.0077 0.0854 0.0345
142 0.1683 0.0198 0.1440 0.3621 0.0367 0.2690
143 0.1470 0.0470 0.2073 0.3933 0.0684 0.1370
144 0.1743 0.4182 0.3083 0.0220 0.0699 0.0075
145 0.3652 0.1409 0.2147 0.2510 0.0145 0.0135
146 0.3816 0.2227 0.3115 0.0168 0.0349 0.0326
147 0.2839 0.1644 0.1193 0.0055 0.4038 0.0229
148 0.4351 0.0986 0.3750 0.0090 0.0516 0.0305
149 0.1930 0.0496 0.6528 0.0232 0.0455 0.0360
150 0.1648 0.0552 0.5708 0.0809 0.0621 0.0661
151 0.2512 0.2717 0.4207 0.0271 0.0280 0.0014
152 0.3718 0.1959 0.3718 0.0287 0.0308 0.0008
153 0.2759 0.2435 0.4143 0.0443 0.0206 0.0013
154 0.1775 0.0331 0.6392 0.0723 0.0581 0.0196
155 0.3977 0.0820 0.2886 0.0634 0.0753 0.0930
156 0.2308 0.0947 0.5122 0.0850 0.0651 0.0121
157 0.1525 0.1432 0.5752 0.0760 0.0305 0.0223
158 0.3403 0.2800 0.2888 0.0059 0.0748 0.0103
159 0.4563 0.0757 0.1248 0.0481 0.1163 0.1787
160 0.1674 0.2554 0.5322 0.0174 0.0251 0.0028
161 0.2369 0.3091 0.3557 0.0181 0.0787 0.0012
162 0.1414 0.2294 0.4561 0.0699 0.1002 0.0030
163 0.0921 0.1028 0.6494 0.1221 0.0144 0.0192
164 0.0432 0.3264 0.5059 0.0995 0.0177 0.0074
165 0.0617 0.1218 0.7461 0.0584 0.0061 0.0058
166 0.2050 0.1572 0.3831 0.1837 0.0569 0.0142
167 0.0959 0.3484 0.3708 0.1429 0.0394 0.0026
168 0.1002 0.6743 0.1678 0.0536 0.0030 0.0011
169 0.1134 0.0955 0.2595 0.4775 0.0101 0.0441
170 0.3032 0.0889 0.4080 0.1548 0.0338 0.0114
171 0.2549 0.0610 0.1167 0.3298 0.1354 0.1022
172 0.1024 0.0078 0.0153 0.7627 0.0472 0.0646
173 0.2527 0.0509 0.0498 0.4265 0.1807 0.0394
174 0.3967 0.0529 0.0892 0.2406 0.1603 0.0604
175 0.4756 0.1439 0.1166 0.0901 0.1520 0.0217
176 0.2874 0.0357 0.0792 0.3306 0.2169 0.0503
177 0.3162 0.2705 0.3418 0.0180 0.0148 0.0387
178 0.2190 0.0153 0.5420 0.1119 0.1011 0.0107
179 0.1427 0.4641 0.2815 0.0653 0.0254 0.0209
180 0.4719 0.0486 0.4365 0.0042 0.0385 0.0002
181 0.5117 0.0391 0.1584 0.1635 0.0282 0.0992
182 0.2271 0.1115 0.5405 0.0417 0.0754 0.0038
183 0.1816 0.0489 0.0235 0.5864 0.1110 0.0485
184 0.2117 0.1536 0.3228 0.1016 0.2100 0.0006
185 0.5020 0.0415 0.1936 0.1906 0.0228 0.0493
186 0.0933 0.0905 0.4666 0.2786 0.0305 0.0408
187 0.2678 0.0698 0.4082 0.1389 0.1000 0.0152
188 0.2108 0.0936 0.2209 0.3530 0.0879 0.0336
189 0.1393 0.1350 0.6646 0.0425 0.0123 0.0061
190 0.1746 0.2969 0.3997 0.1010 0.0253 0.0025
191 0.2661 0.2277 0.3418 0.1257 0.0155 0.0233
192 0.1949 0.2502 0.0258 0.4902 0.0349 0.0038
193 0.1553 0.0781 0.5547 0.1746 0.0270 0.0102
194 0.2539 0.2969 0.1858 0.0722 0.1307 0.0603
195 0.1398 0.1851 0.4338 0.1088 0.0983 0.0342
196 0.2474 0.0682 0.3435 0.0954 0.0779 0.1675
197 0.1148 0.4539 0.3169 0.0273 0.0771 0.0100
198 0.0682 0.0933 0.1854 0.5894 0.0346 0.0293
199 0.2404 0.0699 0.4561 0.0762 0.1118 0.0455
200 0.1698 0.2693 0.3796 0.0686 0.0967 0.0159
201 0.1515 0.0231 0.0891 0.6792 0.0366 0.0208
202 0.5410 0.0480 0.3630 0.0050 0.0308 0.0121
203 0.2480 0.2854 0.2944 0.0934 0.0528 0.0257
204 0.0564 0.0446 0.1533 0.7202 0.0099 0.0157
205 0.0894 0.3975 0.3975 0.0826 0.0256 0.0075
206 0.1731 0.0792 0.6328 0.0265 0.0259 0.0622
207 0.2106 0.1318 0.2156 0.2947 0.1127 0.0346
208 0.1151 0.2961 0.2306 0.2612 0.0616 0.0354
209 0.4751 0.1495 0.3342 0.0087 0.0266 0.0057
210 0.1324 0.1489 0.3774 0.2515 0.0179 0.0720
211 0.1715 0.0904 0.3865 0.3059 0.0411 0.0046
212 0.1646 0.1464 0.2549 0.2629 0.0284 0.1429
213 0.4392 0.3020 0.1494 0.0341 0.0585 0.0166
214 0.2527 0.1952 0.4868 0.0082 0.0384 0.0187
215 0.1437 0.0214 0.5684 0.1350 0.0858 0.0459
216 0.1407 0.0300 0.0506 0.6714 0.0081 0.0991
217 0.4324 0.1693 0.1259 0.1733 0.0363 0.0628
218 0.1550 0.2458 0.4150 0.0584 0.0414 0.0843
219 0.1199 0.3313 0.4319 0.0212 0.0112 0.0844
220 0.1246 0.3308 0.3132 0.1217 0.0798 0.0298
221 0.1046 0.1498 0.6113 0.0730 0.0359 0.0254
222 0.4434 0.1221 0.0908 0.2336 0.0361 0.0741
223 0.6006 0.1438 0.0972 0.0485 0.0900 0.0201
224 0.1619 0.1322 0.5923 0.0586 0.0518 0.0033
225 0.3555 0.3364 0.1288 0.0942 0.0589 0.0262
226 0.2507 0.2754 0.3508 0.0099 0.0707 0.0422
227 0.2598 0.2054 0.3992 0.0193 0.0762 0.0402
228 0.2023 0.1306 0.4150 0.1390 0.0544 0.0584
229 0.1163 0.1902 0.5859 0.0775 0.0251 0.0052
230 0.2527 0.0696 0.3647 0.1241 0.1484 0.0406
231 0.2578 0.0941 0.2240 0.2089 0.1786 0.0366
232 0.5972 0.0284 0.0356 0.1559 0.1793 0.0034
233 0.8711 0.0178 0.0249 0.0515 0.0332 0.0017
234 0.1011 0.1887 0.2542 0.3364 0.0262 0.0934
235 0.1150 0.0314 0.5747 0.1837 0.0645 0.0305
236 0.2344 0.0276 0.4377 0.1913 0.0469 0.0621
237 0.1438 0.2708 0.4678 0.0659 0.0156 0.0361
238 0.1445 0.0523 0.7227 0.0672 0.0094 0.0042
239 0.3240 0.0517 0.5098 0.0663 0.0207 0.0275
240 0.2115 0.1254 0.5532 0.0368 0.0243 0.0491
241 0.3137 0.0470 0.4709 0.1102 0.0308 0.0272
242 0.4014 0.0407 0.4993 0.0223 0.0100 0.0265
243 0.0647 0.0528 0.6045 0.2056 0.0231 0.0496
244 0.1368 0.0374 0.7061 0.0437 0.0363 0.0398
245 0.2278 0.1060 0.4900 0.0757 0.0412 0.0594
246 0.4595 0.2786 0.1458 0.0458 0.0627 0.0077
247 0.4104 0.3325 0.1608 0.0235 0.0681 0.0047
248 0.4619 0.2781 0.1477 0.0353 0.0714 0.0056
