time exciting_prob fearful_prob tense_prob sad_prob relaxing_prob neutral_prob
0 0.2590 0.2981 0.0754 0.1985 0.0560 0.1131
1 0.7944 0.1493 0.0313 0.0162 0.0080 0.0009
2 0.7910 0.1558 0.0312 0.0131 0.0081 0.0007
3 0.7549 0.1909 0.0302 0.0142 0.0086 0.0010
4 0.7500 0.1866 0.0312 0.0200 0.0105 0.0015
5 0.6704 0.1891 0.0509 0.0707 0.0123 0.0067
6 0.2360 0.0552 0.0754 0.2847 0.0896 0.2593
7 0.0629 0.0182 0.1157 0.6157 0.0087 0.1791
8 0.0584 0.0272 0.0786 0.1041 0.7227 0.0089
9 0.0660 0.0697 0.0953 0.0796 0.6826 0.0070
10 0.0419 0.0329 0.0478 0.0390 0.8345 0.0038
11 0.0063 0.0197 0.0216 0.0293 0.9189 0.0040
12 0.0125 0.0513 0.0847 0.1908 0.6353 0.0254
13 0.0192 0.0880 0.1320 0.1862 0.5645 0.0103
14 0.0040 0.0037 0.0032 0.0060 0.9805 0.0028
15 0.0091 0.0120 0.2264 0.0034 0.7422 0.0067
16 0.2479 0.0824 0.1469 0.1576 0.3284 0.0368
17 0.1561 0.0444 0.1389 0.2152 0.3989 0.0465
18 0.0365 0.1990 0.4626 0.1549 0.1411 0.0060
19 0.0194 0.0850 0.3359 0.2617 0.2742 0.0238
20 0.0365 0.3198 0.3198 0.0923 0.1659 0.0655
21 0.0012 0.0018 0.0034 0.0011 0.9912 0.0013
22 0.0026 0.0016 0.0036 0.0005 0.9917 0.0002
23 0.0600 0.0307 0.0526 0.0534 0.7969 0.0062
24 0.1218 0.0246 0.1552 0.3899 0.2347 0.0739
25 0.1720 0.0554 0.1094 0.5176 0.1309 0.0147
26 0.1926 0.1234 0.1366 0.2891 0.2200 0.0385
27 0.0857 0.0396 0.1704 0.5591 0.1381 0.0073
28 0.0974 0.1849 0.3049 0.3823 0.0169 0.0136
29 0.1266 0.0876 0.1025 0.2988 0.3550 0.0296
30 0.2101 0.1274 0.3357 0.2004 0.1151 0.0111
31 0.0811 0.0148 0.0536 0.5210 0.2876 0.0421
32 0.0784 0.0100 0.0656 0.6025 0.1957 0.0476
33 0.0531 0.1910 0.3740 0.2737 0.0616 0.0464
34 0.2205 0.3467 0.3335 0.0473 0.0398 0.0122
35 0.0931 0.4954 0.2510 0.1149 0.0112 0.0345
36 0.3438 0.2783 0.1537 0.0682 0.1512 0.0049
37 0.2515 0.1611 0.1000 0.3154 0.0687 0.1032
38 0.1855 0.2291 0.2382 0.2102 0.1285 0.0085
39 0.2255 0.3660 0.1840 0.1346 0.0114 0.0786
40 0.0240 0.0442 0.1951 0.0156 0.7139 0.0072
41 0.1108 0.1689 0.5205 0.0236 0.1378 0.0386
42 0.3860 0.2034 0.2612 0.0848 0.0514 0.0133
43 0.0247 0.2004 0.1913 0.0933 0.4885 0.0018
44 0.0359 0.3254 0.1444 0.3518 0.1335 0.0090
45 0.6455 0.1343 0.1429 0.0131 0.0629 0.0014
46 0.1625 0.2786 0.1991 0.2345 0.1074 0.0181
47 0.0765 0.7427 0.1321 0.0093 0.0361 0.0035
48 0.0940 0.3081 0.3718 0.1305 0.0786 0.0170
49 0.1815 0.1517 0.1746 0.4321 0.0470 0.0132
50 0.2710 0.1921 0.3372 0.1036 0.0563 0.0399
51 0.2603 0.2075 0.2925 0.0812 0.0191 0.1393
52 0.2499 0.5210 0.0837 0.0850 0.0196 0.0411
53 0.2661 0.2461 0.1010 0.2993 0.0722 0.0153
54 0.2305 0.2065 0.2454 0.2018 0.0881 0.0277
55 0.1876 0.1086 0.1394 0.2446 0.1394 0.1804
56 0.2113 0.2322 0.4106 0.0736 0.0676 0.0048
57 0.3899 0.2659 0.2537 0.0218 0.0667 0.0019
58 0.6182 0.1108 0.1826 0.0492 0.0363 0.0031
59 0.3479 0.1052 0.1567 0.3293 0.0415 0.0193
60 0.2910 0.1385 0.1131 0.2096 0.2432 0.0046
61 0.4209 0.3079 0.1304 0.0225 0.1178 0.0005
62 0.3945 0.1923 0.2213 0.0908 0.0922 0.0091
63 0.2803 0.2201 0.3772 0.0126 0.1089 0.0009
64 0.1892 0.2079 0.0908 0.0944 0.3853 0.0324
65 0.3188 0.1482 0.2333 0.1415 0.0618 0.0965
66 0.1200 0.1101 0.3667 0.1035 0.0516 0.2482
67 0.0685 0.1078 0.2031 0.4797 0.1185 0.0223
68 0.1743 0.3467 0.3413 0.0738 0.0607 0.0035
69 0.3821 0.1906 0.1682 0.2354 0.0161 0.0077
70 0.3357 0.2004 0.1226 0.1514 0.1675 0.0223
71 0.2067 0.3628 0.3252 0.0483 0.0395 0.0176
72 0.2086 0.2720 0.4246 0.0359 0.0437 0.0151
73 0.3999 0.2502 0.2881 0.0141 0.0421 0.0056
74 0.3357 0.0848 0.1064 0.0395 0.4243 0.0092
75 0.2861 0.2094 0.2646 0.1694 0.0409 0.0297
76 0.3098 0.2214 0.1865 0.1659 0.0502 0.0660
77 0.4771 0.2379 0.1356 0.0552 0.0731 0.0211
78 0.2893 0.2362 0.1714 0.2573 0.0255 0.0202
79 0.0960 0.2032 0.4170 0.2568 0.0111 0.0158
80 0.1768 0.1141 0.1055 0.5356 0.0592 0.0086
81 0.1414 0.0292 0.0787 0.6743 0.0673 0.0091
82 0.0228 0.0361 0.1658 0.7202 0.0028 0.0522
83 0.1898 0.0480 0.1573 0.5410 0.0351 0.0289
84 0.3914 0.2336 0.0966 0.1937 0.0753 0.0096
85 0.3984 0.1356 0.0687 0.2235 0.1636 0.0101
86 0.1637 0.1649 0.1400 0.4482 0.0693 0.0139
87 0.1229 0.0812 0.1591 0.4392 0.0396 0.1578
88 0.1565 0.0562 0.1541 0.5132 0.0363 0.0837
89 0.5176 0.2971 0.0525 0.1128 0.0127 0.0074
90 0.1597 0.0720 0.0249 0.4014 0.2825 0.0597
91 0.2230 0.1558 0.0302 0.4758 0.0730 0.0422
92 0.4333 0.1464 0.2756 0.0909 0.0464 0.0075
93 0.5762 0.1041 0.1379 0.0699 0.1083 0.0035
94 0.3145 0.1157 0.3735 0.1619 0.0212 0.0132
95 0.1832 0.1997 0.5020 0.0372 0.0712 0.0065
96 0.0656 0.1561 0.4587 0.2380 0.0147 0.0667
97 0.2800 0.0975 0.1895 0.3433 0.0429 0.0468
98 0.3523 0.3337 0.1552 0.0694 0.0811 0.0083
99 0.2810 0.1539 0.1829 0.1392 0.2385 0.0045
100 0.2063 0.1176 0.1104 0.2469 0.3169 0.0019
101 0.1906 0.1155 0.0788 0.1483 0.4641 0.0027
102 0.5522 0.2489 0.0821 0.0340 0.0808 0.0019
103 0.4028 0.1995 0.1979 0.0964 0.0878 0.0155
104 0.3005 0.2002 0.2322 0.0255 0.2415 0.0004
105 0.2480 0.1425 0.2747 0.1209 0.2122 0.0019
106 0.3735 0.2112 0.1406 0.0551 0.2179 0.0017
107 0.4863 0.2192 0.1230 0.0204 0.1506 0.0004
108 0.2607 0.1104 0.2247 0.0271 0.3762 0.0009
109 0.3140 0.1230 0.3789 0.0195 0.1211 0.0435
110 0.2346 0.1539 0.3389 0.0380 0.2120 0.0227
111 0.1979 0.1666 0.4492 0.0549 0.1003 0.0311
112 0.1774 0.2620 0.3555 0.1653 0.0316 0.0084
113 0.1218 0.3870 0.3284 0.1100 0.0477 0.0053
114 0.0540 0.4961 0.4114 0.0175 0.0087 0.0124
115 0.0523 0.4482 0.4209 0.0338 0.0145 0.0303
116 0.0448 0.2966 0.5454 0.0477 0.0163 0.0492
117 0.0756 0.4739 0.3809 0.0298 0.0112 0.0287
118 0.3357 0.2272 0.0656 0.2554 0.0829 0.0332
119 0.3140 0.4226 0.0825 0.0482 0.1309 0.0020
120 0.4441 0.2395 0.1204 0.1407 0.0420 0.0133
121 0.6509 0.1685 0.0316 0.1096 0.0224 0.0168
122 0.2566 0.3398 0.2177 0.1156 0.0148 0.0555
123 0.1147 0.2212 0.0432 0.5693 0.0229 0.0286
124 0.0306 0.0859 0.0914 0.5869 0.0147 0.1906
125 0.3088 0.1788 0.0769 0.3367 0.0529 0.0459
126 0.0080 0.1295 0.5718 0.1161 0.0029 0.1716
127 0.2996 0.2881 0.0467 0.0892 0.2749 0.0015
128 0.2145 0.4722 0.1521 0.0967 0.0457 0.0189
129 0.6382 0.1144 0.1026 0.0603 0.0739 0.0104
130 0.6401 0.1203 0.0670 0.0982 0.0659 0.0083
131 0.3972 0.1862 0.1981 0.0936 0.1202 0.0047
132 0.2805 0.4626 0.0531 0.1514 0.0495 0.0028
133 0.1503 0.5083 0.0779 0.1676 0.0905 0.0054
134 0.4119 0.0417 0.1296 0.2808 0.1009 0.0352
135 0.3118 0.1790 0.1183 0.2466 0.1310 0.0135
136 0.2388 0.5957 0.0679 0.0214 0.0723 0.0039
137 0.4312 0.2438 0.1378 0.0992 0.0743 0.0135
138 0.2739 0.1926 0.2067 0.2416 0.0522 0.0330
139 0.1519 0.1259 0.1860 0.3530 0.1654 0.0179
140 0.1887 0.4707 0.1932 0.1058 0.0116 0.0299
141 0.2222 0.2966 0.1744 0.1731 0.0603 0.0733
142 0.2744 0.2578 0.1199 0.1379 0.1771 0.0330
143 0.4148 0.2169 0.1490 0.1143 0.0798 0.0249
144 0.2634 0.3804 0.1958 0.0848 0.0732 0.0024
145 0.0881 0.0809 0.1224 0.6074 0.0709 0.0305
146 0.3840 0.1247 0.1199 0.2598 0.0948 0.0167
147 0.3376 0.1821 0.0923 0.2064 0.1594 0.0221
148 0.4219 0.2137 0.1050 0.2155 0.0270 0.0171
149 0.1534 0.1940 0.1808 0.4404 0.0180 0.0135
150 0.4150 0.2274 0.1246 0.0473 0.1758 0.0098
151 0.1501 0.4180 0.1798 0.1198 0.0338 0.0985
152 0.4075 0.3569 0.1398 0.0291 0.0461 0.0208
153 0.2993 0.1589 0.1639 0.1858 0.1267 0.0652
154 0.4749 0.3757 0.0668 0.0740 0.0047 0.0041
155 0.2935 0.3682 0.1686 0.1453 0.0143 0.0103
156 0.5371 0.0220 0.0520 0.3523 0.0110 0.0253
157 0.2484 0.3140 0.0936 0.1495 0.1846 0.0099
158 0.7568 0.0985 0.0088 0.1108 0.0191 0.0057
159 0.2744 0.2023 0.1266 0.2808 0.1117 0.0042
160 0.2247 0.0777 0.0713 0.6108 0.0104 0.0049
161 0.1808 0.4441 0.2959 0.0337 0.0403 0.0052
162 0.6235 0.0762 0.0567 0.0508 0.1918 0.0008
163 0.1815 0.1257 0.2482 0.4060 0.0308 0.0079
164 0.3557 0.0252 0.1642 0.3140 0.0130 0.1278
165 0.2922 0.1886 0.1227 0.2744 0.0994 0.0225
166 0.1434 0.0632 0.0557 0.6685 0.0196 0.0496
167 0.4255 0.1470 0.0818 0.1774 0.1627 0.0056
168 0.2186 0.3108 0.1743 0.2006 0.0876 0.0081
169 0.2610 0.3098 0.0654 0.1385 0.2113 0.0140
170 0.2607 0.1121 0.0467 0.4609 0.0776 0.0419
171 0.1241 0.6558 0.1079 0.0665 0.0151 0.0307
172 0.0199 0.5205 0.1116 0.3359 0.0048 0.0075
173 0.1187 0.1622 0.0773 0.5078 0.1016 0.0325
174 0.2747 0.0673 0.0800 0.4355 0.0851 0.0572
175 0.1004 0.0974 0.4294 0.2125 0.1289 0.0313
176 0.0627 0.0721 0.2517 0.5586 0.0417 0.0129
177 0.3074 0.3074 0.1385 0.0219 0.2230 0.0019
178 0.1523 0.1442 0.0714 0.3799 0.1986 0.0535
179 0.3828 0.3198 0.0742 0.0356 0.1852 0.0023
180 0.2788 0.4634 0.0898 0.0485 0.1154 0.0040
181 0.3674 0.1791 0.0326 0.1417 0.2668 0.0124
182 0.3857 0.4011 0.0719 0.0468 0.0909 0.0034
183 0.4612 0.3047 0.0707 0.0324 0.1222 0.0088
184 0.1737 0.1271 0.0639 0.3047 0.0211 0.3096
185 0.8618 0.0050 0.0034 0.0847 0.0439 0.0013
186 0.5229 0.0206 0.1281 0.3074 0.0120 0.0092
187 0.0861 0.0771 0.1686 0.6362 0.0094 0.0228
188 0.1967 0.1036 0.2092 0.2905 0.0807 0.1193
189 0.2603 0.1708 0.1735 0.1935 0.0690 0.1329
190 0.2512 0.0472 0.0968 0.2937 0.0895 0.2217
191 0.2542 0.0879 0.1860 0.2314 0.1616 0.0787
192 0.2384 0.0705 0.1108 0.2876 0.0824 0.2103
193 0.0667 0.1370 0.3135 0.4490 0.0247 0.0093
194 0.1011 0.2859 0.1816 0.3845 0.0033 0.0435
195 0.0717 0.1042 0.1238 0.6289 0.0252 0.0463
196 0.0991 0.2197 0.2957 0.3247 0.0183 0.0423
197 0.0939 0.0924 0.1956 0.5840 0.0124 0.0218
198 0.0472 0.3103 0.2737 0.2737 0.0076 0.0875
199 0.0650 0.3250 0.2822 0.3005 0.0112 0.0163
200 0.1595 0.1302 0.0953 0.5659 0.0271 0.0221
201 0.2030 0.0782 0.1764 0.3562 0.0989 0.0873
202 0.3652 0.2935 0.0953 0.0731 0.1595 0.0132
203 0.3823 0.3025 0.0741 0.1807 0.0573 0.0032
204 0.2190 0.1200 0.0927 0.0885 0.4746 0.0051
205 0.0360 0.0532 0.5718 0.1515 0.1691 0.0184
206 0.1082 0.0507 0.0362 0.2102 0.5894 0.0053
207 0.1952 0.1544 0.4868 0.0582 0.1028 0.0024
208 0.1759 0.2788 0.1317 0.3499 0.0584 0.0054
209 0.0839 0.1120 0.3645 0.4128 0.0237 0.0031
210 0.1021 0.1643 0.0807 0.6201 0.0268 0.0058
211 0.3147 0.3171 0.0801 0.1953 0.0894 0.0035
212 0.1238 0.3418 0.1288 0.3640 0.0341 0.0074
213 0.4456 0.1962 0.1759 0.0438 0.1381 0.0005
214 0.3010 0.0940 0.0570 0.4663 0.0230 0.0584
215 0.0605 0.1486 0.2374 0.5269 0.0046 0.0221
216 0.4116 0.1611 0.2595 0.0203 0.1467 0.0005
217 0.3113 0.2705 0.1948 0.1201 0.0806 0.0227
218 0.2416 0.2551 0.3303 0.0991 0.0531 0.0208
219 0.3145 0.3323 0.2607 0.0258 0.0629 0.0037
220 0.3120 0.2046 0.2607 0.1710 0.0260 0.0256
221 0.3188 0.2705 0.1068 0.2225 0.0700 0.0113
222 0.3525 0.2578 0.1237 0.2072 0.0156 0.0431
223 0.4629 0.2039 0.1930 0.0148 0.1217 0.0036
224 0.1111 0.2583 0.3701 0.2352 0.0092 0.0159
225 0.1678 0.1732 0.1287 0.3755 0.1505 0.0043
226 0.0577 0.1029 0.1281 0.6401 0.0114 0.0596
227 0.2952 0.4607 0.0988 0.0807 0.0638 0.0010
228 0.3281 0.3777 0.2203 0.0484 0.0240 0.0014
229 0.1257 0.0438 0.1075 0.6797 0.0217 0.0218
230 0.0448 0.3083 0.0744 0.4927 0.0061 0.0738
231 0.3655 0.3831 0.1123 0.0731 0.0601 0.0060
232 0.3152 0.3152 0.2493 0.0924 0.0223 0.0057
233 0.1436 0.2156 0.0711 0.5254 0.0093 0.0352
234 0.0607 0.3384 0.3230 0.0709 0.2053 0.0018
235 0.5181 0.0814 0.1052 0.2076 0.0501 0.0375
236 0.0086 0.2605 0.1462 0.5693 0.0010 0.0145
237 0.4353 0.2106 0.1589 0.1759 0.0104 0.0088
238 0.2203 0.2256 0.0904 0.3604 0.0970 0.0063
239 0.2474 0.2761 0.4412 0.0163 0.0170 0.0020
240 0.2695 0.1782 0.0410 0.2417 0.2676 0.0020
241 0.1426 0.2749 0.1278 0.3699 0.0700 0.0149
242 0.0138 0.0926 0.1703 0.6528 0.0031 0.0677
243 0.1344 0.1465 0.0601 0.3953 0.2551 0.0086
244 0.3022 0.1832 0.1289 0.2625 0.1183 0.0048
245 0.4329 0.3733 0.0900 0.0659 0.0372 0.0007
246 0.4365 0.0894 0.1166 0.1892 0.1656 0.0027
247 0.3740 0.1522 0.1323 0.1559 0.1583 0.0273
248 0.3250 0.4802 0.1609 0.0235 0.0060 0.0043
249 0.2191 0.1350 0.1201 0.4192 0.0581 0.0485
250 0.2494 0.2474 0.1537 0.0213 0.3279 0.0005
251 0.2607 0.1953 0.0314 0.1737 0.3374 0.0015
252 0.2262 0.0900 0.1329 0.3191 0.0859 0.1460
