time exciting_prob fearful_prob tense_prob sad_prob relaxing_prob neutral_prob
0 0.0894 0.1321 0.1260 0.1569 0.0202 0.4756
1 0.2438 0.1478 0.3660 0.1812 0.0395 0.0218
2 0.3191 0.1155 0.2686 0.2125 0.0658 0.0186
3 0.1453 0.0226 0.1047 0.2114 0.0166 0.4993
4 0.1246 0.0817 0.0389 0.5005 0.2220 0.0323
5 0.1133 0.2512 0.0855 0.1254 0.4209 0.0037
6 0.1436 0.2223 0.1873 0.2294 0.0333 0.1843
7 0.0320 0.0109 0.0236 0.0197 0.9136 0.0004
8 0.0657 0.0781 0.1993 0.1505 0.4028 0.1035
9 0.0564 0.7085 0.0981 0.0908 0.0246 0.0217
10 0.0302 0.5039 0.1560 0.2915 0.0120 0.0064
11 0.1148 0.1779 0.1364 0.1570 0.4070 0.0071
12 0.0606 0.0340 0.4478 0.2715 0.1674 0.0188
13 0.0889 0.1636 0.5620 0.1008 0.0206 0.0640
14 0.1154 0.2406 0.5508 0.0590 0.0136 0.0207
15 0.0265 0.1224 0.4993 0.0719 0.0086 0.2715
16 0.1588 0.3257 0.2440 0.1217 0.0891 0.0607
17 0.1110 0.0825 0.2620 0.2277 0.0107 0.3064
18 0.1989 0.0611 0.0548 0.2698 0.2871 0.1284
19 0.4434 0.2128 0.1631 0.1053 0.0376 0.0378
20 0.0576 0.0516 0.2661 0.5293 0.0194 0.0762
21 0.2307 0.2554 0.1049 0.2573 0.1082 0.0434
22 0.2050 0.0630 0.1477 0.3225 0.2323 0.0295
23 0.8457 0.0408 0.0617 0.0026 0.0477 0.0015
24 0.3291 0.1394 0.2729 0.1249 0.0115 0.1221
25 0.0993 0.1143 0.7227 0.0492 0.0030 0.0116
26 0.1904 0.1818 0.5596 0.0456 0.0044 0.0181
27 0.0831 0.1019 0.5640 0.2107 0.0126 0.0281
28 0.3525 0.4187 0.0462 0.0280 0.1541 0.0005
29 0.0544 0.1033 0.5005 0.2988 0.0323 0.0104
30 0.7412 0.0793 0.0623 0.0831 0.0333 0.0009
31 0.0259 0.1255 0.7690 0.0612 0.0030 0.0155
32 0.0592 0.1794 0.5884 0.1442 0.0103 0.0186
33 0.1000 0.2761 0.3130 0.1989 0.0732 0.0388
34 0.0795 0.3220 0.2798 0.1428 0.1121 0.0639
35 0.1338 0.1931 0.1481 0.0994 0.4153 0.0103
36 0.2551 0.3889 0.1398 0.0616 0.1488 0.0059
37 0.0807 0.1935 0.2771 0.3396 0.0244 0.0845
38 0.0648 0.0722 0.1051 0.6240 0.0306 0.1035
39 0.1024 0.2101 0.6372 0.0354 0.0085 0.0067
40 0.0789 0.2842 0.5391 0.0807 0.0096 0.0073
41 0.2517 0.1255 0.4626 0.1057 0.0253 0.0291
42 0.2964 0.2556 0.2896 0.1189 0.0163 0.0230
43 0.3069 0.1394 0.4131 0.1061 0.0193 0.0152
44 0.1109 0.6040 0.1576 0.0837 0.0346 0.0090
45 0.1631 0.4944 0.1373 0.0399 0.1581 0.0071
46 0.2382 0.2496 0.0804 0.2382 0.0897 0.1041
47 0.1528 0.1381 0.1639 0.1136 0.2947 0.1370
48 0.3833 0.1216 0.3574 0.0527 0.0565 0.0284
49 0.0643 0.2280 0.3318 0.2927 0.0509 0.0321
50 0.1300 0.1094 0.1405 0.5303 0.0222 0.0674
51 0.1492 0.2274 0.3413 0.2039 0.0232 0.0549
52 0.2010 0.0812 0.0489 0.6001 0.0148 0.0541
53 0.1198 0.3411 0.2783 0.1769 0.0078 0.0761
54 0.1093 0.1059 0.3018 0.3418 0.0115 0.1298
55 0.0651 0.0499 0.1661 0.6079 0.0276 0.0836
56 0.0865 0.2108 0.1220 0.2927 0.0529 0.2351
57 0.3186 0.2190 0.1068 0.0800 0.1932 0.0825
58 0.3650 0.2732 0.0264 0.0221 0.2979 0.0154
59 0.1057 0.2849 0.3716 0.1422 0.0737 0.0218
60 0.2037 0.2345 0.2656 0.1009 0.0484 0.1467
61 0.1345 0.0698 0.1151 0.5981 0.0215 0.0611
62 0.0528 0.1600 0.5854 0.1814 0.0056 0.0147
63 0.0280 0.1553 0.3337 0.4563 0.0069 0.0197
64 0.0577 0.7837 0.0776 0.0654 0.0110 0.0044
65 0.0522 0.0772 0.5034 0.3008 0.0556 0.0105
66 0.0380 0.1991 0.1503 0.4929 0.0856 0.0341
67 0.2006 0.0817 0.1108 0.5044 0.0407 0.0621
68 0.2278 0.0378 0.0524 0.5215 0.0452 0.1154
69 0.1617 0.2466 0.3267 0.0718 0.0099 0.1832
70 0.2546 0.0475 0.0718 0.4983 0.1193 0.0086
71 0.4263 0.0339 0.0390 0.3647 0.0712 0.0649
72 0.2023 0.0986 0.1434 0.4558 0.0325 0.0673
73 0.1556 0.0782 0.1763 0.3562 0.0370 0.1967
74 0.0415 0.3450 0.3672 0.2028 0.0226 0.0212
75 0.2512 0.2115 0.3381 0.1781 0.0015 0.0195
76 0.5381 0.2042 0.0806 0.1219 0.0493 0.0058
77 0.0856 0.1729 0.4553 0.1346 0.0561 0.0955
78 0.1355 0.1466 0.1039 0.1824 0.0454 0.3862
79 0.2408 0.1935 0.3616 0.1630 0.0125 0.0288
80 0.3105 0.0484 0.1537 0.2871 0.0862 0.1142
81 0.0912 0.1504 0.4707 0.1731 0.0341 0.0805
82 0.1650 0.1729 0.2152 0.3494 0.0651 0.0325
83 0.1536 0.1610 0.6074 0.0269 0.0061 0.0450
84 0.7500 0.1244 0.0201 0.0362 0.0626 0.0066
85 0.1316 0.4385 0.2830 0.0863 0.0395 0.0210
86 0.5557 0.1605 0.0375 0.0669 0.1749 0.0043
87 0.2428 0.0758 0.2861 0.2905 0.0752 0.0294
88 0.1199 0.0715 0.7456 0.0434 0.0039 0.0156
89 0.1862 0.0866 0.0936 0.4197 0.0595 0.1544
90 0.3159 0.3210 0.0710 0.1829 0.0891 0.0200
91 0.4302 0.1272 0.2734 0.1453 0.0055 0.0186
92 0.4395 0.0900 0.1694 0.2793 0.0058 0.0160
93 0.3037 0.2120 0.1600 0.2898 0.0061 0.0283
94 0.4844 0.1674 0.1356 0.1024 0.0954 0.0150
95 0.2720 0.0897 0.1503 0.2942 0.0955 0.0985
96 0.1637 0.2291 0.1613 0.2808 0.0926 0.0726
97 0.2971 0.0740 0.2350 0.1948 0.1027 0.0964
98 0.2881 0.0973 0.4226 0.1460 0.0262 0.0198
99 0.1036 0.0439 0.1605 0.1876 0.0177 0.4866
100 0.1182 0.0442 0.2174 0.2351 0.0153 0.3699
101 0.0750 0.1327 0.4561 0.2722 0.0207 0.0434
102 0.1562 0.0933 0.3059 0.2202 0.1943 0.0300
103 0.2189 0.2349 0.1639 0.1228 0.1731 0.0864
104 0.3896 0.2220 0.0519 0.0773 0.0940 0.1650
105 0.0399 0.4089 0.3901 0.1248 0.0125 0.0236
106 0.6030 0.0925 0.2184 0.0293 0.0225 0.0345
107 0.1576 0.0898 0.1434 0.2854 0.0431 0.2808
108 0.3142 0.3293 0.1020 0.0826 0.1394 0.0323
109 0.3862 0.2847 0.0491 0.1263 0.1466 0.0071
110 0.1414 0.3313 0.3875 0.0838 0.0283 0.0278
111 0.3218 0.0643 0.1567 0.2861 0.0839 0.0873
112 0.0451 0.0535 0.3657 0.4553 0.0307 0.0495
113 0.1311 0.4648 0.2954 0.0833 0.0187 0.0067
114 0.0604 0.4983 0.2142 0.2142 0.0039 0.0089
115 0.4919 0.3054 0.0999 0.0720 0.0162 0.0146
116 0.1838 0.6831 0.0726 0.0368 0.0205 0.0035
117 0.0861 0.0514 0.2568 0.3796 0.0796 0.1464
118 0.0329 0.2756 0.5747 0.0999 0.0046 0.0126
119 0.2190 0.2123 0.4155 0.1200 0.0213 0.0119
120 0.3594 0.2671 0.1779 0.1322 0.0547 0.0087
121 0.0818 0.1843 0.2900 0.2725 0.0366 0.1349
122 0.3013 0.0338 0.2966 0.3157 0.0434 0.0092
123 0.3416 0.0762 0.3235 0.2347 0.0154 0.0088
124 0.5894 0.0969 0.1489 0.1433 0.0188 0.0029
125 0.1144 0.2328 0.2023 0.2222 0.0607 0.1677
126 0.2903 0.0604 0.0690 0.5015 0.0728 0.0057
127 0.1753 0.0731 0.1547 0.5483 0.0416 0.0068
128 0.1368 0.1017 0.0780 0.6738 0.0057 0.0039
129 0.1031 0.1973 0.4961 0.1421 0.0454 0.0159
130 0.4141 0.1499 0.0822 0.2472 0.1039 0.0027
131 0.1945 0.0598 0.1503 0.5410 0.0335 0.0208
132 0.1711 0.6113 0.0697 0.1149 0.0316 0.0012
133 0.1376 0.4839 0.2935 0.0269 0.0578 0.0004
134 0.1689 0.0317 0.0994 0.5454 0.0187 0.1357
135 0.2695 0.0215 0.0720 0.3489 0.2676 0.0205
136 0.1199 0.3135 0.3337 0.1552 0.0130 0.0647
137 0.0723 0.0554 0.3760 0.4534 0.0136 0.0294
138 0.0696 0.1156 0.4294 0.3142 0.0132 0.0581
139 0.2668 0.1428 0.4067 0.1473 0.0306 0.0058
140 0.1809 0.2323 0.2673 0.1794 0.1006 0.0394
141 0.1992 0.0870 0.1677 0.4351 0.0417 0.0694
142 0.1598 0.2761 0.3601 0.1366 0.0327 0.0348
143 0.2277 0.0706 0.5635 0.1145 0.0176 0.0062
144 0.1644 0.0887 0.6602 0.0670 0.0141 0.0055
145 0.2939 0.2515 0.3955 0.0338 0.0056 0.0200
146 0.0558 0.4785 0.3967 0.0363 0.0258 0.0071
147 0.2593 0.0616 0.1838 0.1958 0.2084 0.0911
148 0.1162 0.0575 0.2578 0.4893 0.0294 0.0500
149 0.1808 0.1205 0.2322 0.3379 0.0999 0.0288
150 0.0381 0.2644 0.6050 0.0508 0.0111 0.0306
151 0.0221 0.1473 0.7305 0.0712 0.0055 0.0233
152 0.2732 0.0406 0.1582 0.4436 0.0498 0.0345
153 0.1055 0.0433 0.0522 0.6772 0.0903 0.0312
154 0.1667 0.2881 0.3164 0.0559 0.1667 0.0058
155 0.7837 0.0776 0.0239 0.0944 0.0180 0.0022
156 0.3599 0.1454 0.4077 0.0726 0.0109 0.0035
157 0.2900 0.2620 0.1516 0.2461 0.0452 0.0054
158 0.5439 0.2181 0.0676 0.1365 0.0116 0.0223
159 0.6118 0.1072 0.0983 0.1234 0.0560 0.0032
160 0.1997 0.1965 0.3267 0.2352 0.0217 0.0202
161 0.3682 0.1252 0.2268 0.2610 0.0128 0.0060
162 0.1610 0.2252 0.3862 0.2100 0.0079 0.0098
163 0.0956 0.1963 0.5171 0.1219 0.0328 0.0363
164 0.2578 0.3086 0.2578 0.1677 0.0060 0.0021
165 0.3850 0.1508 0.1997 0.2605 0.0014 0.0028
166 0.4155 0.1110 0.2443 0.2025 0.0194 0.0071
167 0.0737 0.5708 0.2344 0.1197 0.0004 0.0009
168 0.4858 0.1932 0.2173 0.0084 0.0934 0.0019
169 0.1553 0.1995 0.3784 0.2295 0.0274 0.0099
170 0.0397 0.2590 0.6719 0.0286 0.0010 0.0000
171 0.2620 0.1026 0.3525 0.2747 0.0021 0.0060
172 0.3169 0.0741 0.4907 0.0922 0.0122 0.0139
173 0.2424 0.2878 0.3289 0.1101 0.0178 0.0129
174 0.2583 0.0604 0.2502 0.1471 0.0297 0.2542
175 0.3721 0.1600 0.2764 0.1677 0.0023 0.0215
176 0.3059 0.2327 0.0925 0.3604 0.0050 0.0035
177 0.2544 0.1890 0.1981 0.3477 0.0013 0.0096
178 0.5244 0.0280 0.0401 0.3718 0.0111 0.0245
179 0.1282 0.4072 0.1498 0.2756 0.0059 0.0334
180 0.6147 0.0806 0.0196 0.2686 0.0124 0.0040
181 0.5537 0.0454 0.1388 0.1913 0.0269 0.0440
182 0.0294 0.1858 0.4744 0.1541 0.0073 0.1493
183 0.0424 0.3179 0.5410 0.0447 0.0249 0.0291
184 0.2908 0.0826 0.1619 0.4231 0.0139 0.0279
185 0.1782 0.1661 0.2362 0.3833 0.0220 0.0142
186 0.0663 0.2092 0.5962 0.0550 0.0120 0.0614
187 0.2169 0.1143 0.2830 0.3521 0.0240 0.0098
188 0.1718 0.3665 0.3752 0.0445 0.0263 0.0159
189 0.1075 0.3259 0.4741 0.0553 0.0156 0.0217
190 0.1279 0.1935 0.6104 0.0279 0.0238 0.0165
191 0.2727 0.1733 0.3669 0.0872 0.0806 0.0193
192 0.3152 0.1205 0.3684 0.1648 0.0253 0.0060
193 0.2639 0.1901 0.1704 0.1976 0.1552 0.0231
194 0.1003 0.3137 0.1995 0.2993 0.0318 0.0554
195 0.1619 0.1121 0.2627 0.4541 0.0047 0.0044
196 0.0925 0.5244 0.1049 0.2720 0.0043 0.0020
197 0.1495 0.0403 0.3760 0.3372 0.0048 0.0922
198 0.6748 0.1471 0.0260 0.0258 0.1201 0.0064
199 0.1641 0.3289 0.1627 0.2386 0.0700 0.0358
200 0.6196 0.0886 0.2174 0.0396 0.0177 0.0173
201 0.1226 0.3010 0.2700 0.1914 0.0588 0.0561
202 0.1752 0.4336 0.1429 0.1671 0.0224 0.0587
203 0.2450 0.3196 0.2690 0.0867 0.0410 0.0388
204 0.1071 0.1453 0.5566 0.1442 0.0312 0.0154
205 0.1426 0.1542 0.2463 0.2542 0.0168 0.1859
206 0.1824 0.0578 0.1609 0.5703 0.0122 0.0162
207 0.1089 0.0797 0.2200 0.4109 0.0491 0.1313
208 0.1395 0.1439 0.0770 0.2776 0.0376 0.3245
209 0.1395 0.1439 0.0770 0.2776 0.0376 0.3245
210 0.0894 0.1321 0.1260 0.1569 0.0202 0.4756
