time exciting_prob fearful_prob tense_prob sad_prob relaxing_prob neutral_prob
0 0.1136 0.1553 0.1349 0.1288 0.0181 0.4492
1 0.4182 0.2054 0.3386 0.0068 0.0140 0.0169
2 0.3420 0.0935 0.2859 0.0734 0.1239 0.0812
3 0.2629 0.3945 0.3296 0.0044 0.0065 0.0020
4 0.4265 0.3347 0.0486 0.1697 0.0193 0.0010
5 0.2712 0.3120 0.3401 0.0134 0.0136 0.0498
6 0.3208 0.1492 0.0524 0.3579 0.0325 0.0870
7 0.3098 0.2180 0.0410 0.1685 0.1022 0.1608
8 0.1136 0.1553 0.1349 0.1288 0.0181 0.4492
9 0.3682 0.2571 0.2983 0.0209 0.0214 0.0340
10 0.6133 0.0285 0.2617 0.0492 0.0325 0.0147
11 0.3103 0.3984 0.2341 0.0201 0.0291 0.0080
12 0.1649 0.0305 0.1675 0.4697 0.0869 0.0804
13 0.2593 0.3462 0.2783 0.0189 0.0251 0.0720
14 0.1785 0.1135 0.2808 0.1479 0.0607 0.2186
15 0.2424 0.4565 0.2600 0.0144 0.0151 0.0115
16 0.0310 0.7622 0.1073 0.0247 0.0044 0.0704
17 0.1383 0.0965 0.5220 0.1027 0.0906 0.0501
18 0.0593 0.5894 0.1841 0.0188 0.0127 0.1357
19 0.2571 0.3276 0.2937 0.0510 0.0243 0.0461
20 0.1327 0.3159 0.4971 0.0274 0.0112 0.0157
21 0.1902 0.3965 0.3262 0.0234 0.0352 0.0287
22 0.0280 0.5273 0.2571 0.0457 0.0183 0.1234
23 0.0672 0.5991 0.1743 0.0203 0.0042 0.1348
24 0.0370 0.2323 0.3950 0.1971 0.0261 0.1123
25 0.2949 0.2686 0.3699 0.0120 0.0129 0.0418
26 0.0791 0.6030 0.0823 0.0977 0.1188 0.0191
27 0.0943 0.1630 0.4160 0.1438 0.0456 0.1372
28 0.1852 0.4338 0.2396 0.0535 0.0334 0.0543
29 0.3394 0.1278 0.2261 0.1027 0.0226 0.1816
30 0.2018 0.1910 0.2148 0.1106 0.0495 0.2323
31 0.2318 0.4265 0.1395 0.0551 0.0443 0.1029
32 0.2070 0.4631 0.2039 0.0371 0.0448 0.0441
33 0.1460 0.4902 0.2028 0.1019 0.0316 0.0274
34 0.1827 0.4119 0.2874 0.0325 0.0298 0.0557
35 0.2693 0.2529 0.2510 0.0998 0.0464 0.0808
36 0.4871 0.1473 0.3218 0.0103 0.0148 0.0186
37 0.1514 0.2698 0.2656 0.0570 0.0253 0.2308
38 0.5664 0.1254 0.1700 0.0720 0.0531 0.0131
39 0.1114 0.0828 0.1476 0.2322 0.0309 0.3950
40 0.3569 0.3379 0.1794 0.0312 0.0587 0.0359
41 0.1317 0.4285 0.3608 0.0566 0.0098 0.0126
42 0.2375 0.1105 0.4651 0.1022 0.0587 0.0258
43 0.1047 0.1409 0.2737 0.1881 0.0191 0.2737
44 0.2751 0.2194 0.3616 0.0432 0.0099 0.0908
45 0.4219 0.2443 0.0831 0.1370 0.0070 0.1067
46 0.1387 0.2891 0.2303 0.0875 0.0277 0.2268
47 0.1317 0.0851 0.6284 0.1277 0.0077 0.0193
48 0.2426 0.3066 0.1085 0.0217 0.0139 0.3066
49 0.3042 0.2028 0.2445 0.0906 0.0207 0.1372
50 0.0869 0.3601 0.2399 0.0437 0.0101 0.2593
51 0.1294 0.2781 0.4111 0.1142 0.0149 0.0523
52 0.0588 0.2986 0.2986 0.0552 0.0823 0.2068
53 0.1378 0.1444 0.5200 0.1295 0.0051 0.0631
54 0.1373 0.1053 0.4795 0.1606 0.0659 0.0513
55 0.1066 0.2744 0.2722 0.0473 0.0971 0.2023
56 0.0884 0.0857 0.1758 0.5010 0.0477 0.1017
57 0.2347 0.4055 0.2499 0.0116 0.0805 0.0177
58 0.2268 0.2590 0.3770 0.0170 0.0991 0.0211
59 0.1223 0.0578 0.1185 0.6113 0.0314 0.0587
60 0.2084 0.3684 0.2739 0.0356 0.0961 0.0175
61 0.1940 0.4441 0.2590 0.0708 0.0148 0.0172
62 0.5298 0.1372 0.0572 0.1210 0.0336 0.1210
63 0.2515 0.2805 0.3057 0.0398 0.0933 0.0291
64 0.3801 0.2324 0.2252 0.0404 0.1015 0.0203
65 0.0898 0.4595 0.2056 0.0558 0.0627 0.1266
66 0.2271 0.1124 0.1124 0.2068 0.1853 0.1560
67 0.0304 0.8276 0.0907 0.0165 0.0065 0.0281
68 0.0623 0.3313 0.3696 0.1136 0.0215 0.1018
69 0.2279 0.3315 0.3091 0.0467 0.0668 0.0180
70 0.1473 0.1310 0.4263 0.0290 0.2178 0.0486
71 0.0740 0.5181 0.2905 0.0403 0.0329 0.0442
72 0.1317 0.1091 0.4185 0.2384 0.0524 0.0500
73 0.2803 0.4304 0.1956 0.0275 0.0239 0.0423
74 0.2308 0.3894 0.2495 0.0454 0.0159 0.0687
75 0.1699 0.2472 0.4841 0.0293 0.0494 0.0200
76 0.0687 0.4551 0.1151 0.0939 0.0162 0.2512
77 0.1188 0.4377 0.3357 0.0267 0.0263 0.0548
78 0.0490 0.3428 0.2546 0.1521 0.0093 0.1923
79 0.0630 0.5977 0.1740 0.0909 0.0109 0.0635
80 0.0818 0.5254 0.1678 0.0470 0.0369 0.1414
81 0.0342 0.3296 0.3914 0.1104 0.0614 0.0730
82 0.0845 0.4900 0.2227 0.0546 0.0173 0.1309
83 0.1211 0.1138 0.3560 0.2773 0.0419 0.0900
84 0.1714 0.1598 0.3154 0.0883 0.0137 0.2515
85 0.1460 0.3938 0.4128 0.0217 0.0146 0.0112
86 0.1415 0.1846 0.2859 0.1934 0.0746 0.1201
87 0.0803 0.2632 0.3599 0.0961 0.0267 0.1740
88 0.0714 0.1141 0.7212 0.0356 0.0119 0.0457
89 0.0719 0.2549 0.4270 0.1571 0.0265 0.0625
90 0.0421 0.0838 0.8525 0.0068 0.0011 0.0135
91 0.0174 0.1360 0.7944 0.0323 0.0014 0.0184
92 0.0285 0.4456 0.4058 0.0255 0.0123 0.0824
93 0.1597 0.1926 0.2150 0.1304 0.1324 0.1700
94 0.0399 0.2620 0.6792 0.0037 0.0036 0.0118
95 0.0750 0.4314 0.2742 0.1587 0.0051 0.0557
96 0.1321 0.3647 0.2842 0.1005 0.0997 0.0189
97 0.2159 0.4431 0.1138 0.1508 0.0164 0.0600
98 0.0454 0.3660 0.0593 0.2085 0.0312 0.2896
99 0.0596 0.1509 0.7427 0.0350 0.0041 0.0076
100 0.4863 0.2749 0.1818 0.0190 0.0133 0.0246
101 0.1619 0.4402 0.3428 0.0230 0.0275 0.0048
102 0.0148 0.0324 0.9478 0.0004 0.0008 0.0038
103 0.2744 0.4780 0.1758 0.0166 0.0318 0.0234
104 0.2115 0.2512 0.4272 0.0353 0.0208 0.0539
105 0.3806 0.2345 0.2273 0.0744 0.0075 0.0756
106 0.4102 0.2212 0.1696 0.1104 0.0093 0.0795
107 0.4900 0.1667 0.2091 0.0757 0.0034 0.0550
108 0.3086 0.1992 0.1469 0.0941 0.0149 0.2366
109 0.2371 0.3242 0.3093 0.0833 0.0326 0.0137
110 0.2264 0.2507 0.3425 0.0989 0.0577 0.0237
111 0.2764 0.0761 0.2477 0.0320 0.0499 0.3181
112 0.4219 0.2443 0.0831 0.1370 0.0070 0.1067
113 0.1019 0.4390 0.2405 0.0987 0.0064 0.1136
114 0.1798 0.4775 0.2401 0.0548 0.0154 0.0325
115 0.5117 0.1674 0.0588 0.0606 0.1782 0.0234
116 0.0920 0.1043 0.2581 0.1831 0.0360 0.3264
117 0.0814 0.1322 0.2588 0.1570 0.0385 0.3323
118 0.1871 0.1504 0.4351 0.0657 0.0428 0.1190
119 0.1783 0.3032 0.3894 0.0234 0.0557 0.0499
120 0.1353 0.8091 0.0281 0.0087 0.0119 0.0067
121 0.1181 0.1277 0.6904 0.0378 0.0079 0.0182
122 0.0312 0.0397 0.9043 0.0027 0.0008 0.0213
123 0.0267 0.0612 0.8853 0.0024 0.0013 0.0232
124 0.0364 0.4236 0.4438 0.0759 0.0086 0.0116
125 0.0759 0.6353 0.1697 0.0624 0.0486 0.0082
126 0.0739 0.0632 0.7939 0.0125 0.0022 0.0540
127 0.0218 0.1476 0.6821 0.1185 0.0211 0.0089
128 0.0612 0.2312 0.4744 0.1447 0.0408 0.0477
129 0.1691 0.6582 0.1227 0.0366 0.0067 0.0065
130 0.0093 0.0089 0.9624 0.0034 0.0002 0.0158
131 0.0211 0.0239 0.9531 0.0005 0.0003 0.0010
132 0.0386 0.0732 0.8652 0.0017 0.0010 0.0205
133 0.2004 0.4346 0.2615 0.0401 0.0103 0.0531
134 0.0582 0.0601 0.7910 0.0322 0.0014 0.0569
135 0.1899 0.1945 0.5454 0.0330 0.0068 0.0305
136 0.1101 0.4458 0.4124 0.0247 0.0044 0.0028
137 0.1931 0.2170 0.4055 0.0396 0.0257 0.1190
138 0.0534 0.1486 0.7783 0.0107 0.0065 0.0023
139 0.4290 0.1027 0.3042 0.1460 0.0123 0.0057
140 0.2903 0.0489 0.5298 0.1011 0.0188 0.0112
141 0.2061 0.1832 0.0384 0.0149 0.5347 0.0229
142 0.2649 0.3735 0.0615 0.0090 0.2507 0.0403
143 0.2263 0.1331 0.0358 0.0097 0.5776 0.0173
144 0.2272 0.4243 0.0709 0.0166 0.2476 0.0133
145 0.1932 0.5254 0.0689 0.0871 0.0700 0.0554
146 0.1920 0.2045 0.0820 0.0260 0.4717 0.0240
147 0.1035 0.4126 0.3420 0.0425 0.0463 0.0533
148 0.1114 0.4441 0.1168 0.0091 0.3052 0.0136
149 0.2534 0.5322 0.1334 0.0382 0.0253 0.0176
150 0.1116 0.2634 0.0552 0.0061 0.5537 0.0101
151 0.0164 0.3486 0.5234 0.0709 0.0060 0.0345
152 0.2520 0.2423 0.3965 0.0333 0.0219 0.0541
153 0.0820 0.5605 0.0644 0.1893 0.0169 0.0867
154 0.2664 0.1707 0.2209 0.0663 0.0173 0.2583
155 0.1694 0.1183 0.3318 0.1077 0.1890 0.0839
156 0.1212 0.5142 0.3169 0.0144 0.0113 0.0219
157 0.3132 0.4087 0.0898 0.1189 0.0240 0.0455
158 0.5547 0.1447 0.1317 0.0160 0.1228 0.0301
159 0.2063 0.2356 0.4612 0.0468 0.0086 0.0416
160 0.0587 0.2413 0.6665 0.0078 0.0103 0.0155
161 0.0776 0.4756 0.2976 0.0741 0.0206 0.0546
162 0.2122 0.3872 0.2832 0.0363 0.0213 0.0598
163 0.0288 0.3247 0.4302 0.0960 0.0967 0.0233
164 0.1865 0.2549 0.4802 0.0342 0.0416 0.0025
165 0.1841 0.2220 0.1108 0.0850 0.3604 0.0377
166 0.1149 0.2181 0.6362 0.0175 0.0119 0.0013
167 0.1741 0.0809 0.5532 0.0748 0.0343 0.0828
168 0.3035 0.1066 0.4592 0.0641 0.0548 0.0116
169 0.3240 0.4224 0.0470 0.0914 0.0900 0.0254
170 0.0204 0.6826 0.2322 0.0573 0.0059 0.0016
171 0.1141 0.1881 0.5073 0.0676 0.0115 0.1115
172 0.2917 0.4148 0.1783 0.0523 0.0154 0.0473
173 0.0814 0.4436 0.3564 0.0364 0.0108 0.0713
174 0.3677 0.3792 0.1193 0.0475 0.0195 0.0670
175 0.2104 0.4971 0.2422 0.0352 0.0016 0.0137
176 0.1230 0.2795 0.0609 0.0137 0.5059 0.0169
177 0.2991 0.3750 0.2384 0.0217 0.0325 0.0333
178 0.3125 0.3799 0.2551 0.0176 0.0191 0.0159
179 0.2617 0.4927 0.1975 0.0156 0.0194 0.0129
180 0.2295 0.5420 0.1918 0.0121 0.0168 0.0080
181 0.3069 0.0951 0.4753 0.0509 0.0073 0.0643
182 0.2500 0.1163 0.4746 0.1042 0.0153 0.0396
183 0.3225 0.1896 0.0999 0.2183 0.0616 0.1080
