time exciting_prob fearful_prob tense_prob sad_prob relaxing_prob neutral_prob
0 0.2063 0.2607 0.0659 0.2284 0.0256 0.2129
1 0.0958 0.0701 0.1763 0.4294 0.0091 0.2194
2 0.2430 0.1281 0.1428 0.2627 0.0281 0.1952
3 0.1853 0.0359 0.1421 0.3743 0.0132 0.2493
4 0.3462 0.0351 0.1377 0.3201 0.0234 0.1377
5 0.2522 0.0199 0.1172 0.4785 0.0381 0.0942
6 0.5620 0.0693 0.1912 0.1443 0.0181 0.0152
7 0.6006 0.0643 0.1804 0.0943 0.0453 0.0150
8 0.5498 0.0646 0.1412 0.1901 0.0320 0.0223
9 0.5684 0.0558 0.1542 0.1482 0.0467 0.0268
10 0.5068 0.0316 0.1071 0.2507 0.0814 0.0224
11 0.1871 0.0124 0.1208 0.5010 0.0283 0.1504
12 0.0605 0.0551 0.0587 0.0814 0.6714 0.0730
13 0.1562 0.2786 0.2874 0.0511 0.1827 0.0437
14 0.3008 0.1421 0.3103 0.1187 0.0223 0.1056
15 0.2140 0.0387 0.1382 0.2208 0.0463 0.3420
16 0.2025 0.1051 0.3445 0.1210 0.0590 0.1680
17 0.3538 0.2668 0.2015 0.0471 0.0840 0.0468
18 0.3188 0.1846 0.3447 0.0207 0.1173 0.0138
19 0.2410 0.3792 0.1952 0.0233 0.1260 0.0353
20 0.0695 0.0222 0.0728 0.2351 0.4976 0.1027
21 0.1039 0.2003 0.1356 0.0961 0.4175 0.0465
22 0.3425 0.3022 0.2585 0.0331 0.0442 0.0195
23 0.8188 0.0699 0.0357 0.0154 0.0549 0.0053
24 0.8027 0.0853 0.0435 0.0186 0.0471 0.0030
25 0.1884 0.0317 0.1974 0.2307 0.0602 0.2917
26 0.1180 0.1042 0.3159 0.2422 0.0338 0.1858
27 0.1650 0.2186 0.0897 0.2439 0.1599 0.1227
28 0.1277 0.5132 0.0806 0.1068 0.0806 0.0913
29 0.1953 0.3220 0.2080 0.0654 0.1924 0.0168
30 0.1444 0.1073 0.3203 0.2656 0.0225 0.1399
31 0.4653 0.1123 0.1272 0.1014 0.1177 0.0760
32 0.2783 0.1561 0.2036 0.2494 0.0552 0.0574
33 0.2345 0.2086 0.1357 0.1885 0.1422 0.0904
34 0.2384 0.0824 0.1946 0.2922 0.0500 0.1423
35 0.4363 0.3093 0.1721 0.0242 0.0393 0.0187
36 0.2654 0.5195 0.0903 0.0280 0.0809 0.0162
37 0.2734 0.3594 0.2375 0.0131 0.1022 0.0142
38 0.2739 0.1179 0.2201 0.3306 0.0243 0.0332
39 0.2496 0.0715 0.1975 0.4116 0.0308 0.0389
40 0.1407 0.4688 0.1671 0.1122 0.1006 0.0104
41 0.0883 0.1265 0.1525 0.2939 0.2255 0.1133
42 0.2095 0.0412 0.1709 0.5024 0.0122 0.0638
43 0.0252 0.0988 0.0712 0.7891 0.0079 0.0077
44 0.3484 0.0991 0.1780 0.2981 0.0192 0.0573
45 0.4644 0.1165 0.1165 0.2372 0.0361 0.0292
46 0.3604 0.0732 0.1368 0.1411 0.2152 0.0732
47 0.4990 0.1006 0.0587 0.0300 0.3027 0.0090
48 0.1718 0.2384 0.0857 0.1539 0.1227 0.2275
49 0.1765 0.0530 0.1418 0.4438 0.0670 0.1176
50 0.1287 0.0380 0.1306 0.2810 0.0553 0.3665
51 0.2036 0.1346 0.1125 0.1284 0.0743 0.3464
52 0.1418 0.1534 0.0888 0.5190 0.0494 0.0475
53 0.3872 0.1338 0.0898 0.0399 0.3389 0.0105
54 0.0508 0.7402 0.0831 0.1058 0.0122 0.0079
55 0.5063 0.2230 0.0741 0.0268 0.0795 0.0901
56 0.2051 0.5708 0.0499 0.0709 0.0298 0.0737
57 0.2307 0.1142 0.1466 0.3152 0.0755 0.1178
58 0.2563 0.1860 0.1449 0.2192 0.0788 0.1146
59 0.0576 0.0865 0.4001 0.1012 0.0752 0.2793
60 0.2361 0.5156 0.1636 0.0351 0.0332 0.0162
61 0.2808 0.3718 0.1057 0.1346 0.0532 0.0540
62 0.2681 0.4185 0.0218 0.0941 0.1171 0.0805
63 0.0689 0.6284 0.0751 0.1918 0.0125 0.0233
64 0.2428 0.6011 0.0591 0.0563 0.0297 0.0112
65 0.1302 0.2590 0.1409 0.1186 0.2981 0.0530
66 0.3518 0.2698 0.0810 0.0527 0.1755 0.0693
67 0.3584 0.4221 0.0508 0.0466 0.0658 0.0562
68 0.0995 0.0244 0.0281 0.5381 0.0079 0.3020
69 0.2502 0.1694 0.0559 0.2583 0.0800 0.1860
70 0.3486 0.3513 0.1488 0.0275 0.1106 0.0130
71 0.3044 0.1580 0.0734 0.3044 0.0246 0.1351
72 0.4392 0.2158 0.0609 0.0244 0.2108 0.0489
73 0.2469 0.2249 0.1241 0.0629 0.1475 0.1938
74 0.1809 0.1837 0.0868 0.4204 0.0479 0.0803
75 0.3767 0.3623 0.0635 0.0784 0.0479 0.0714
76 0.3816 0.2903 0.0690 0.0921 0.0276 0.1393
77 0.3354 0.3005 0.0335 0.1809 0.0309 0.1187
78 0.2881 0.2749 0.0825 0.1219 0.2042 0.0285
79 0.1899 0.0570 0.1001 0.3494 0.0227 0.2808
80 0.2805 0.2289 0.0823 0.0932 0.1489 0.1661
81 0.0926 0.2327 0.1099 0.2637 0.0160 0.2852
82 0.0993 0.3989 0.3633 0.0557 0.0767 0.0059
83 0.2856 0.4221 0.1732 0.0112 0.0545 0.0533
84 0.1038 0.0945 0.0692 0.4580 0.0681 0.2064
85 0.0594 0.0799 0.6582 0.0188 0.0344 0.1492
86 0.1935 0.1329 0.3728 0.0485 0.1192 0.1329
87 0.3755 0.1219 0.1471 0.1382 0.0194 0.1979
88 0.4048 0.1661 0.1160 0.1273 0.0171 0.1687
89 0.2240 0.0549 0.0751 0.1917 0.0964 0.3579
90 0.4832 0.1998 0.0460 0.0385 0.0974 0.1353
91 0.5308 0.2450 0.0887 0.0122 0.0753 0.0479
92 0.1554 0.3066 0.3816 0.0485 0.0396 0.0684
93 0.1940 0.1302 0.0329 0.1672 0.4141 0.0615
94 0.2043 0.1567 0.0375 0.2666 0.2211 0.1138
95 0.1718 0.1614 0.0305 0.3870 0.0389 0.2104
96 0.2930 0.2930 0.0712 0.1497 0.0501 0.1428
97 0.1124 0.3862 0.2167 0.0726 0.1973 0.0146
98 0.3667 0.2993 0.0580 0.1371 0.0294 0.1093
99 0.4097 0.3757 0.0706 0.0202 0.0294 0.0943
100 0.1240 0.0399 0.0220 0.5137 0.0336 0.2666
101 0.1298 0.1011 0.5728 0.0541 0.0684 0.0740
102 0.0815 0.4695 0.3655 0.0503 0.0282 0.0051
103 0.0334 0.5703 0.3247 0.0530 0.0147 0.0039
104 0.3838 0.3413 0.0593 0.0677 0.0287 0.1189
105 0.3789 0.3970 0.1230 0.0235 0.0350 0.0428
106 0.2135 0.4053 0.0421 0.1490 0.0131 0.1770
107 0.2367 0.5635 0.0545 0.0678 0.0134 0.0642
108 0.2185 0.4924 0.1550 0.0823 0.0269 0.0247
109 0.1652 0.4631 0.2153 0.0927 0.0280 0.0357
110 0.0360 0.2296 0.1788 0.4426 0.0899 0.0231
111 0.0552 0.1398 0.1824 0.5195 0.0340 0.0692
112 0.1638 0.6577 0.1025 0.0315 0.0188 0.0255
113 0.0982 0.6558 0.0771 0.1322 0.0123 0.0244
114 0.3025 0.2079 0.2507 0.0419 0.1750 0.0217
115 0.1071 0.6021 0.2250 0.0309 0.0288 0.0060
116 0.2207 0.2747 0.2539 0.0668 0.1101 0.0739
117 0.1914 0.5283 0.1074 0.0404 0.0940 0.0386
118 0.2864 0.2412 0.0997 0.1710 0.0196 0.1820
119 0.2722 0.0646 0.0863 0.1757 0.0294 0.3718
120 0.3672 0.1735 0.0529 0.1790 0.0149 0.2125
121 0.1251 0.5146 0.1697 0.1139 0.0582 0.0187
122 0.1087 0.6406 0.1353 0.0394 0.0670 0.0091
123 0.1025 0.0477 0.1025 0.6279 0.0133 0.1058
124 0.0914 0.0375 0.0989 0.6865 0.0124 0.0735
125 0.0729 0.0277 0.0664 0.7031 0.0078 0.1221
126 0.2224 0.4783 0.1615 0.0366 0.0871 0.0142
127 0.1866 0.0766 0.1595 0.4690 0.0356 0.0725
128 0.3953 0.2915 0.1699 0.0725 0.0450 0.0259
129 0.2812 0.4937 0.1128 0.0550 0.0224 0.0349
130 0.0877 0.0811 0.0566 0.4387 0.0739 0.2620
131 0.2815 0.5020 0.0486 0.0435 0.1077 0.0169
132 0.1790 0.1372 0.2446 0.3450 0.0183 0.0758
133 0.1913 0.1152 0.0829 0.4519 0.0097 0.1490
134 0.1627 0.0793 0.1553 0.3904 0.0415 0.1705
135 0.1266 0.1434 0.0926 0.5005 0.0249 0.1117
136 0.0467 0.1530 0.7412 0.0381 0.0116 0.0094
137 0.0349 0.1785 0.6948 0.0616 0.0119 0.0185
138 0.3625 0.1500 0.0835 0.0809 0.1014 0.2217
139 0.1838 0.0315 0.0282 0.3892 0.0343 0.3330
140 0.1467 0.2168 0.1216 0.2419 0.0491 0.2238
141 0.1611 0.4380 0.2739 0.0357 0.0398 0.0515
142 0.1917 0.4253 0.1627 0.1829 0.0117 0.0257
143 0.3755 0.2139 0.1307 0.0143 0.1360 0.1298
144 0.1293 0.0961 0.1971 0.3201 0.0157 0.2416
145 0.2861 0.1555 0.2446 0.1630 0.0093 0.1416
146 0.3188 0.3728 0.0825 0.0316 0.1802 0.0142
147 0.0853 0.6260 0.1364 0.0137 0.1311 0.0076
148 0.2559 0.1704 0.3235 0.2366 0.0078 0.0060
149 0.2285 0.3738 0.3005 0.0539 0.0413 0.0020
150 0.1081 0.4807 0.2343 0.1324 0.0392 0.0055
151 0.0884 0.4666 0.3577 0.0371 0.0414 0.0088
152 0.1290 0.2751 0.5391 0.0375 0.0084 0.0110
153 0.1089 0.3328 0.4695 0.0491 0.0218 0.0179
154 0.2278 0.3813 0.2878 0.0399 0.0442 0.0188
155 0.3218 0.3218 0.2263 0.0304 0.0936 0.0062
156 0.5244 0.2517 0.1161 0.0431 0.0562 0.0085
157 0.2369 0.5215 0.1517 0.0339 0.0508 0.0050
158 0.2419 0.3206 0.2656 0.1099 0.0598 0.0024
159 0.2269 0.2869 0.3152 0.1273 0.0401 0.0038
160 0.1761 0.3091 0.0988 0.3042 0.0336 0.0781
161 0.1700 0.4048 0.2253 0.0925 0.0855 0.0218
162 0.4475 0.1780 0.1097 0.0909 0.1621 0.0118
163 0.2512 0.2803 0.0992 0.1023 0.2379 0.0291
164 0.3154 0.2151 0.0641 0.0322 0.3687 0.0045
165 0.2217 0.3889 0.1177 0.0687 0.1941 0.0090
166 0.3079 0.4143 0.1584 0.0174 0.0939 0.0082
167 0.0567 0.7021 0.2012 0.0331 0.0056 0.0013
168 0.0729 0.6201 0.2668 0.0319 0.0059 0.0022
169 0.3142 0.3972 0.2062 0.0595 0.0146 0.0081
170 0.3633 0.2439 0.2401 0.0213 0.0911 0.0404
171 0.2627 0.3481 0.2798 0.0439 0.0591 0.0065
172 0.1337 0.6230 0.1368 0.0651 0.0374 0.0042
173 0.2109 0.4131 0.2372 0.0907 0.0224 0.0258
174 0.3081 0.3547 0.1587 0.0395 0.1170 0.0220
175 0.4397 0.2729 0.1655 0.0217 0.0951 0.0049
176 0.0962 0.6675 0.1797 0.0427 0.0110 0.0027
177 0.3066 0.4255 0.1172 0.0563 0.0673 0.0270
178 0.1010 0.6484 0.1541 0.0711 0.0224 0.0029
179 0.2278 0.2140 0.2971 0.1830 0.0673 0.0107
180 0.1799 0.2257 0.2722 0.2440 0.0699 0.0083
181 0.2793 0.3818 0.2708 0.0275 0.0347 0.0059
182 0.3162 0.3213 0.1995 0.0673 0.0657 0.0301
183 0.3992 0.2039 0.2458 0.0511 0.0898 0.0102
184 0.2947 0.1815 0.1493 0.1577 0.1639 0.0528
185 0.1727 0.4209 0.3079 0.0548 0.0298 0.0138
186 0.3330 0.5239 0.0779 0.0348 0.0241 0.0060
187 0.4546 0.3198 0.1088 0.0379 0.0676 0.0113
188 0.1703 0.1625 0.2852 0.2988 0.0392 0.0437
189 0.1851 0.1686 0.2064 0.3857 0.0275 0.0267
190 0.2069 0.1798 0.2786 0.2830 0.0310 0.0210
191 0.2316 0.4678 0.1920 0.0782 0.0204 0.0101
192 0.1627 0.3608 0.2559 0.1504 0.0355 0.0346
193 0.1103 0.5825 0.1891 0.0521 0.0619 0.0042
194 0.2695 0.2959 0.1687 0.0203 0.2416 0.0040
195 0.2289 0.4277 0.2167 0.0461 0.0743 0.0063
196 0.0800 0.6050 0.2369 0.0663 0.0048 0.0068
197 0.0606 0.7388 0.1245 0.0709 0.0015 0.0038
198 0.0475 0.7661 0.1395 0.0329 0.0048 0.0093
199 0.2603 0.2042 0.3669 0.0432 0.1191 0.0062
200 0.3018 0.2333 0.2903 0.1128 0.0558 0.0061
201 0.1214 0.0565 0.2097 0.5112 0.0206 0.0809
202 0.1776 0.1642 0.5820 0.0572 0.0073 0.0114
203 0.3796 0.1633 0.3098 0.1232 0.0097 0.0143
204 0.3765 0.1053 0.4133 0.0820 0.0152 0.0076
205 0.1646 0.1724 0.4268 0.1953 0.0155 0.0254
206 0.2986 0.1611 0.4624 0.0682 0.0066 0.0030
207 0.1122 0.1559 0.1333 0.1293 0.0183 0.4509
208 0.1136 0.1553 0.1349 0.1288 0.0181 0.4492
