time exciting_prob fearful_prob tense_prob sad_prob relaxing_prob neutral_prob
0 0.1136 0.1553 0.1349 0.1288 0.0181 0.4492
1 0.1136 0.1553 0.1349 0.1288 0.0181 0.4492
2 0.7231 0.0143 0.0020 0.0684 0.1917 0.0004
3 0.6914 0.0128 0.0029 0.0800 0.2125 0.0005
4 0.1639 0.1772 0.1589 0.3813 0.0280 0.0906
5 0.2208 0.0043 0.0065 0.7588 0.0082 0.0015
6 0.3870 0.0050 0.0058 0.5898 0.0111 0.0013
7 0.6626 0.0531 0.1688 0.0940 0.0197 0.0019
8 0.1322 0.2112 0.3220 0.1545 0.1130 0.0670
9 0.6128 0.0531 0.2515 0.0607 0.0174 0.0043
10 0.1107 0.1825 0.3572 0.2271 0.0423 0.0803
11 0.4546 0.2629 0.1038 0.0426 0.1243 0.0118
12 0.1307 0.1948 0.4897 0.0613 0.1019 0.0217
13 0.6362 0.1283 0.1852 0.0400 0.0084 0.0019
14 0.2164 0.1047 0.4407 0.1571 0.0305 0.0506
15 0.5024 0.0397 0.0873 0.3425 0.0173 0.0107
16 0.1499 0.1398 0.5884 0.0975 0.0182 0.0062
17 0.2715 0.1595 0.3828 0.1476 0.0173 0.0214
18 0.5493 0.0883 0.2085 0.0715 0.0365 0.0458
19 0.1420 0.2651 0.4307 0.0968 0.0298 0.0356
20 0.6001 0.0489 0.2444 0.0851 0.0161 0.0053
21 0.1490 0.0693 0.1091 0.3413 0.0441 0.2874
22 0.3860 0.0797 0.2825 0.1740 0.0235 0.0543
23 0.3713 0.1334 0.2532 0.1768 0.0109 0.0544
24 0.4417 0.0557 0.3577 0.0843 0.0171 0.0437
25 0.2063 0.1968 0.3945 0.1737 0.0159 0.0129
26 0.2876 0.1445 0.3992 0.0662 0.0641 0.0383
27 0.2067 0.1824 0.3103 0.1635 0.1234 0.0137
28 0.1721 0.1201 0.4001 0.1935 0.0107 0.1036
29 0.3572 0.2288 0.1754 0.1409 0.0213 0.0766
30 0.3171 0.0923 0.1821 0.2910 0.0490 0.0686
31 0.3643 0.0832 0.1506 0.2427 0.0262 0.1329
32 0.2878 0.3262 0.3064 0.0210 0.0448 0.0140
33 0.2727 0.0958 0.1531 0.1085 0.3291 0.0409
34 0.3569 0.1560 0.1881 0.1205 0.0440 0.1344
35 0.2030 0.1532 0.2954 0.1710 0.1373 0.0400
36 0.4402 0.1779 0.1185 0.1879 0.0654 0.0101
37 0.1963 0.0637 0.2900 0.2769 0.1553 0.0180
38 0.2729 0.2408 0.1580 0.1383 0.1804 0.0096
39 0.4421 0.2661 0.1228 0.0751 0.0728 0.0210
40 0.1246 0.1033 0.2478 0.2808 0.1758 0.0677
41 0.0839 0.1519 0.3066 0.2583 0.0633 0.1361
42 0.4221 0.0818 0.1577 0.2224 0.0352 0.0806
43 0.0474 0.0943 0.3672 0.4160 0.0204 0.0546
44 0.3254 0.1346 0.1586 0.2004 0.0785 0.1024
45 0.1462 0.1631 0.3347 0.3347 0.0158 0.0055
46 0.1704 0.1033 0.3721 0.3232 0.0156 0.0152
47 0.1760 0.0520 0.2444 0.4785 0.0341 0.0148
48 0.6138 0.0306 0.2009 0.1267 0.0190 0.0090
49 0.1132 0.0436 0.3125 0.4993 0.0265 0.0049
50 0.1561 0.0401 0.2871 0.4961 0.0140 0.0064
51 0.2952 0.1543 0.1749 0.3022 0.0256 0.0478
52 0.0676 0.0882 0.3433 0.4478 0.0286 0.0245
53 0.1693 0.0421 0.2542 0.5054 0.0219 0.0069
54 0.2189 0.0438 0.1678 0.5171 0.0159 0.0366
55 0.3303 0.0797 0.1926 0.3079 0.0255 0.0640
56 0.4341 0.0656 0.2051 0.2717 0.0226 0.0010
57 0.4084 0.0786 0.4282 0.0715 0.0079 0.0053
58 0.1229 0.0467 0.4712 0.3394 0.0169 0.0031
59 0.2323 0.1323 0.3655 0.2251 0.0410 0.0038
60 0.5723 0.0294 0.3582 0.0313 0.0045 0.0047
61 0.2290 0.0112 0.0755 0.6523 0.0095 0.0223
62 0.1757 0.0798 0.4214 0.3035 0.0184 0.0014
63 0.1074 0.0992 0.3630 0.3630 0.0548 0.0123
64 0.2006 0.0593 0.2006 0.5122 0.0202 0.0073
65 0.1492 0.0368 0.1539 0.6377 0.0036 0.0188
66 0.1188 0.0177 0.0870 0.7510 0.0149 0.0106
67 0.2512 0.0476 0.0784 0.5195 0.0234 0.0797
68 0.0735 0.0080 0.0634 0.0396 0.8149 0.0004
69 0.1418 0.3977 0.2510 0.0887 0.0353 0.0854
70 0.1482 0.0360 0.1932 0.0127 0.6094 0.0006
71 0.2086 0.1236 0.1945 0.3662 0.0532 0.0540
72 0.1514 0.0955 0.4148 0.2764 0.0357 0.0263
73 0.0779 0.0484 0.3577 0.4851 0.0222 0.0088
74 0.3149 0.1252 0.2001 0.2571 0.0498 0.0530
75 0.2362 0.1284 0.2084 0.1124 0.3032 0.0114
76 0.1338 0.0728 0.1801 0.4744 0.0728 0.0662
77 0.3376 0.1030 0.2032 0.1418 0.2097 0.0046
78 0.1462 0.0867 0.5391 0.0137 0.2129 0.0012
79 0.1351 0.2952 0.2194 0.2861 0.0521 0.0120
80 0.1947 0.2367 0.1528 0.2600 0.1359 0.0201
81 0.4062 0.1172 0.0740 0.1788 0.2174 0.0064
82 0.2159 0.1593 0.1709 0.2448 0.1804 0.0288
83 0.3069 0.0384 0.1165 0.4680 0.0170 0.0533
84 0.1803 0.0806 0.0734 0.1735 0.4788 0.0133
85 0.1478 0.0651 0.3547 0.0126 0.4180 0.0020
86 0.1488 0.4207 0.2651 0.1039 0.0121 0.0494
87 0.2603 0.0663 0.1790 0.4429 0.0196 0.0318
88 0.1650 0.0863 0.4558 0.0360 0.2556 0.0011
89 0.1439 0.0361 0.0908 0.0718 0.6548 0.0026
90 0.1932 0.0920 0.6094 0.0328 0.0722 0.0005
91 0.2382 0.1467 0.4927 0.0682 0.0492 0.0051
92 0.4939 0.1268 0.1239 0.1494 0.0995 0.0065
93 0.5635 0.1577 0.1517 0.0328 0.0763 0.0178
94 0.2256 0.0612 0.1368 0.5498 0.0109 0.0158
95 0.0614 0.1061 0.3118 0.4756 0.0237 0.0216
96 0.1843 0.1237 0.5210 0.0224 0.1470 0.0018
97 0.1034 0.0632 0.6743 0.1042 0.0524 0.0025
98 0.5122 0.2345 0.1757 0.0566 0.0170 0.0040
99 0.3511 0.0269 0.2001 0.3511 0.0649 0.0059
100 0.2981 0.0564 0.1698 0.4170 0.0486 0.0101
101 0.1373 0.0759 0.1632 0.4436 0.0490 0.1311
102 0.5210 0.0428 0.2173 0.1859 0.0296 0.0032
103 0.3032 0.0676 0.4177 0.1897 0.0162 0.0055
104 0.2803 0.1421 0.2654 0.2115 0.0221 0.0784
105 0.2737 0.1150 0.2695 0.2869 0.0280 0.0269
106 0.2004 0.1169 0.4773 0.0829 0.1188 0.0036
107 0.0919 0.1010 0.3579 0.3870 0.0338 0.0285
108 0.2239 0.0118 0.1108 0.6377 0.0099 0.0058
109 0.3691 0.0291 0.4282 0.1515 0.0077 0.0145
110 0.0982 0.0998 0.5830 0.1923 0.0208 0.0058
111 0.1276 0.1327 0.6279 0.1017 0.0026 0.0071
112 0.2031 0.1969 0.2375 0.3220 0.0214 0.0189
113 0.1493 0.0824 0.2040 0.5376 0.0205 0.0064
114 0.0555 0.0674 0.0723 0.7959 0.0059 0.0028
115 0.5298 0.0800 0.1011 0.2502 0.0363 0.0026
116 0.1882 0.2379 0.2849 0.1622 0.0275 0.0992
117 0.1919 0.1948 0.2622 0.3091 0.0129 0.0292
118 0.2561 0.0851 0.3394 0.1182 0.1919 0.0093
119 0.3962 0.1976 0.2087 0.1162 0.0405 0.0408
120 0.1462 0.1998 0.3145 0.3145 0.0163 0.0090
121 0.0319 0.4985 0.2886 0.1342 0.0141 0.0326
122 0.4229 0.0623 0.1580 0.2372 0.0572 0.0623
123 0.0218 0.5083 0.3662 0.0612 0.0377 0.0049
124 0.0679 0.1371 0.4092 0.3445 0.0285 0.0128
125 0.0449 0.4426 0.5015 0.0066 0.0038 0.0004
126 0.5493 0.0447 0.1326 0.2534 0.0056 0.0141
127 0.4106 0.0736 0.2651 0.1925 0.0097 0.0483
128 0.6997 0.0395 0.1143 0.1274 0.0138 0.0051
129 0.2335 0.0509 0.0839 0.5347 0.0260 0.0712
130 0.3257 0.1316 0.2988 0.1650 0.0612 0.0177
131 0.1552 0.1527 0.3750 0.2404 0.0421 0.0346
132 0.1191 0.0366 0.1932 0.6143 0.0162 0.0205
133 0.5762 0.0298 0.1652 0.1992 0.0105 0.0190
134 0.0657 0.2595 0.4348 0.1730 0.0646 0.0024
135 0.1063 0.2981 0.4338 0.0834 0.0472 0.0312
136 0.3032 0.0507 0.1525 0.3081 0.0454 0.1400
137 0.0331 0.5269 0.3193 0.0807 0.0350 0.0049
138 0.0218 0.5898 0.3469 0.0287 0.0114 0.0013
139 0.0282 0.2496 0.6084 0.0933 0.0136 0.0070
140 0.1979 0.1084 0.1903 0.4529 0.0289 0.0217
141 0.3074 0.1487 0.2017 0.2693 0.0188 0.0543
142 0.1882 0.1610 0.4177 0.1769 0.0527 0.0034
143 0.3054 0.0491 0.3743 0.1334 0.1273 0.0102
144 0.2749 0.0174 0.1003 0.1747 0.4290 0.0037
145 0.4099 0.0464 0.0718 0.0670 0.4036 0.0013
146 0.2373 0.0853 0.2908 0.2817 0.0959 0.0092
147 0.4358 0.0412 0.1043 0.1309 0.2793 0.0086
148 0.7261 0.0692 0.1333 0.0573 0.0116 0.0028
149 0.2418 0.0515 0.3203 0.1714 0.2036 0.0114
150 0.2759 0.1039 0.1443 0.3354 0.1283 0.0124
151 0.0922 0.3323 0.3323 0.1632 0.0747 0.0055
152 0.2433 0.1312 0.4441 0.0506 0.1293 0.0016
153 0.3879 0.0717 0.1483 0.1036 0.2793 0.0091
154 0.3103 0.1610 0.1912 0.1399 0.1868 0.0111
155 0.1997 0.1028 0.0764 0.1155 0.4941 0.0115
156 0.5156 0.0388 0.0458 0.1324 0.2593 0.0079
157 0.4390 0.0174 0.0920 0.4255 0.0142 0.0118
158 0.2433 0.1511 0.5312 0.0337 0.0391 0.0013
159 0.2057 0.3162 0.1918 0.1873 0.0949 0.0042
160 0.1167 0.1407 0.2629 0.4136 0.0547 0.0113
161 0.3135 0.0349 0.1931 0.4421 0.0072 0.0092
162 0.2688 0.2505 0.3506 0.0563 0.0679 0.0060
163 0.4619 0.0117 0.0939 0.4141 0.0099 0.0085
164 0.4531 0.0270 0.0674 0.4324 0.0116 0.0083
165 0.1997 0.1682 0.4431 0.1221 0.0628 0.0042
166 0.5063 0.0634 0.1509 0.0337 0.2374 0.0080
167 0.2146 0.1131 0.2866 0.3298 0.0510 0.0050
168 0.1862 0.1044 0.3425 0.2930 0.0664 0.0076
169 0.7236 0.0294 0.1425 0.0757 0.0255 0.0032
170 0.1707 0.2262 0.2262 0.3291 0.0445 0.0034
171 0.2041 0.0411 0.1181 0.2241 0.4089 0.0036
172 0.2161 0.1362 0.4683 0.0846 0.0936 0.0013
173 0.1577 0.0740 0.1426 0.5254 0.0950 0.0053
174 0.3079 0.0676 0.1047 0.2512 0.2612 0.0076
175 0.1769 0.2615 0.5156 0.0257 0.0179 0.0024
176 0.2715 0.1597 0.2323 0.1837 0.1477 0.0051
177 0.2433 0.1793 0.2981 0.2433 0.0345 0.0016
178 0.1576 0.0253 0.0744 0.6846 0.0488 0.0095
179 0.2102 0.1688 0.2255 0.0536 0.3359 0.0061
180 0.3184 0.1917 0.2744 0.0844 0.0705 0.0608
181 0.2275 0.1227 0.0994 0.4524 0.0448 0.0532
182 0.1937 0.0568 0.1736 0.5518 0.0078 0.0163
183 0.2039 0.0768 0.2310 0.4558 0.0113 0.0211
184 0.1681 0.1331 0.4500 0.2372 0.0095 0.0023
185 0.1951 0.1174 0.1567 0.4229 0.0707 0.0372
186 0.3186 0.0663 0.2074 0.3555 0.0352 0.0169
187 0.3296 0.2430 0.2754 0.0691 0.0309 0.0518
188 0.2225 0.0204 0.0957 0.6440 0.0107 0.0067
189 0.4187 0.0360 0.0805 0.4563 0.0035 0.0050
190 0.2847 0.0245 0.1150 0.5571 0.0026 0.0162
191 0.1897 0.0070 0.0548 0.7388 0.0040 0.0058
192 0.6226 0.0897 0.1625 0.0870 0.0349 0.0034
193 0.0853 0.0212 0.0880 0.7661 0.0066 0.0329
194 0.3914 0.0419 0.1937 0.3428 0.0260 0.0042
195 0.0681 0.0714 0.2339 0.5791 0.0157 0.0322
196 0.0723 0.0521 0.2334 0.5688 0.0142 0.0590
197 0.1159 0.0414 0.5034 0.3054 0.0293 0.0044
198 0.3291 0.0125 0.1949 0.4426 0.0120 0.0089
199 0.1876 0.0202 0.1708 0.5869 0.0097 0.0246
200 0.2203 0.0245 0.2700 0.4451 0.0073 0.0330
201 0.1317 0.0508 0.2539 0.5049 0.0162 0.0421
202 0.1637 0.0065 0.1378 0.6782 0.0063 0.0073
203 0.3386 0.1305 0.3467 0.1650 0.0105 0.0089
204 0.4753 0.0712 0.3069 0.1103 0.0334 0.0029
205 0.2197 0.1131 0.4688 0.1752 0.0185 0.0050
206 0.6201 0.0250 0.3169 0.0256 0.0055 0.0068
207 0.2344 0.0188 0.5801 0.1537 0.0049 0.0083
208 0.5098 0.0224 0.3757 0.0618 0.0077 0.0227
209 0.1301 0.1779 0.3074 0.3538 0.0258 0.0049
210 0.0515 0.1074 0.2920 0.5044 0.0185 0.0259
211 0.3167 0.0387 0.2544 0.3701 0.0169 0.0032
212 0.3525 0.2123 0.3162 0.0668 0.0500 0.0022
213 0.5757 0.0338 0.2438 0.0984 0.0451 0.0033
214 0.3042 0.1146 0.4565 0.0734 0.0478 0.0034
215 0.1212 0.0273 0.0387 0.7778 0.0283 0.0066
216 0.3000 0.0801 0.1486 0.3792 0.0801 0.0121
217 0.4438 0.0423 0.2130 0.1333 0.1659 0.0018
218 0.5513 0.1111 0.1920 0.0965 0.0467 0.0026
219 0.2089 0.0986 0.2810 0.3840 0.0225 0.0050
220 0.2717 0.0969 0.5000 0.0925 0.0351 0.0038
221 0.0883 0.1869 0.3547 0.3384 0.0238 0.0078
222 0.3569 0.0379 0.3250 0.2612 0.0162 0.0028
223 0.1561 0.2827 0.3384 0.1206 0.0969 0.0053
224 0.0826 0.5781 0.2732 0.0279 0.0375 0.0005
225 0.3230 0.1663 0.2496 0.1676 0.0278 0.0656
226 0.5200 0.0984 0.2573 0.1116 0.0100 0.0025
227 0.4492 0.1181 0.3235 0.0844 0.0205 0.0040
228 0.2788 0.0292 0.1516 0.5049 0.0080 0.0274
229 0.2249 0.0502 0.2231 0.4578 0.0160 0.0279
230 0.1455 0.0488 0.2637 0.5083 0.0044 0.0296
231 0.3162 0.1948 0.1393 0.2010 0.0711 0.0775
232 0.3906 0.1119 0.2644 0.1616 0.0304 0.0412
233 0.7637 0.0536 0.1390 0.0305 0.0112 0.0018
234 0.2198 0.1431 0.1583 0.4338 0.0265 0.0186
235 0.1876 0.2883 0.3672 0.1249 0.0140 0.0179
236 0.3430 0.1698 0.2671 0.0916 0.0547 0.0736
237 0.6982 0.0394 0.2112 0.0403 0.0066 0.0045
238 0.3064 0.2368 0.2642 0.1219 0.0187 0.0520
239 0.1628 0.1329 0.1505 0.2996 0.0352 0.2191
240 0.5547 0.0891 0.2788 0.0612 0.0085 0.0076
241 0.1906 0.0302 0.1472 0.5913 0.0352 0.0053
242 0.0972 0.7769 0.0512 0.0516 0.0181 0.0050
