time exciting_prob fearful_prob tense_prob sad_prob relaxing_prob neutral_prob
0 0.1021 0.0959 0.0680 0.5435 0.0088 0.1820
1 0.5771 0.0161 0.2600 0.1393 0.0068 0.0007
2 0.5312 0.0221 0.3074 0.1322 0.0065 0.0008
3 0.5215 0.0250 0.3113 0.1360 0.0056 0.0009
4 0.5166 0.0249 0.3132 0.1390 0.0056 0.0009
5 0.4585 0.0156 0.2915 0.2234 0.0091 0.0020
6 0.1412 0.1348 0.1002 0.3184 0.0287 0.2766
7 0.2515 0.0919 0.2808 0.1841 0.0092 0.1826
8 0.2913 0.0931 0.2957 0.1453 0.0076 0.1672
9 0.2036 0.0869 0.3179 0.2085 0.0129 0.1702
10 0.2274 0.1049 0.1757 0.1327 0.0071 0.3523
11 0.1935 0.0782 0.2297 0.2708 0.0169 0.2108
12 0.3442 0.1144 0.2039 0.1368 0.0061 0.1946
13 0.2644 0.0663 0.2465 0.1761 0.0116 0.2351
14 0.0665 0.3596 0.1808 0.3652 0.0075 0.0203
15 0.0447 0.4919 0.0650 0.3831 0.0052 0.0101
16 0.1057 0.1797 0.1422 0.5537 0.0085 0.0104
17 0.0443 0.2181 0.0815 0.6118 0.0138 0.0302
18 0.0184 0.2139 0.1470 0.5723 0.0042 0.0441
19 0.0315 0.1782 0.0896 0.6221 0.0131 0.0656
20 0.0732 0.4771 0.0842 0.2676 0.0056 0.0925
21 0.0273 0.5000 0.0911 0.3228 0.0017 0.0570
22 0.0812 0.5908 0.1027 0.1448 0.0029 0.0775
23 0.0820 0.3242 0.1230 0.2998 0.0055 0.1655
24 0.1072 0.2200 0.0854 0.4880 0.0061 0.0931
25 0.0988 0.1965 0.0893 0.5869 0.0052 0.0233
26 0.0468 0.0930 0.0432 0.6870 0.0048 0.1251
27 0.0279 0.0795 0.0332 0.7666 0.0026 0.0901
28 0.0778 0.4209 0.1700 0.2474 0.0060 0.0778
29 0.1340 0.5386 0.1340 0.1405 0.0073 0.0456
30 0.1133 0.4414 0.2438 0.1065 0.0491 0.0458
31 0.0230 0.8057 0.0715 0.0798 0.0041 0.0161
32 0.0477 0.5991 0.1256 0.1538 0.0096 0.0641
33 0.0241 0.8647 0.0621 0.0338 0.0043 0.0111
34 0.0483 0.6113 0.1375 0.1582 0.0098 0.0348
35 0.0640 0.5073 0.0923 0.2322 0.0475 0.0569
36 0.0631 0.5078 0.0925 0.2325 0.0476 0.0561
37 0.0788 0.4258 0.0936 0.2708 0.0572 0.0740
38 0.1002 0.2876 0.1144 0.3467 0.0504 0.1009
39 0.1020 0.2905 0.1138 0.3450 0.0505 0.0981
40 0.0953 0.2632 0.2510 0.1956 0.0765 0.1186
41 0.0984 0.2289 0.1478 0.3438 0.0380 0.1432
42 0.1044 0.1617 0.3372 0.2976 0.0295 0.0696
43 0.0423 0.1168 0.0656 0.7046 0.0197 0.0511
44 0.0622 0.2385 0.1010 0.4973 0.0104 0.0906
45 0.1240 0.1165 0.1721 0.4753 0.0172 0.0950
46 0.0787 0.1693 0.0851 0.5464 0.0222 0.0980
47 0.0976 0.0976 0.1910 0.4878 0.0154 0.1105
48 0.0842 0.5488 0.0882 0.2435 0.0071 0.0284
49 0.0640 0.5029 0.2032 0.1880 0.0039 0.0379
50 0.0720 0.6724 0.1410 0.0924 0.0028 0.0195
51 0.0467 0.2949 0.1818 0.3970 0.0028 0.0770
52 0.0577 0.4265 0.1644 0.2507 0.0295 0.0713
53 0.0769 0.3906 0.0958 0.3669 0.0151 0.0545
54 0.0309 0.3884 0.0339 0.5068 0.0029 0.0370
55 0.0599 0.6802 0.0745 0.1693 0.0034 0.0128
56 0.0485 0.5640 0.1415 0.2369 0.0029 0.0064
57 0.0809 0.6934 0.0854 0.1283 0.0033 0.0087
58 0.0999 0.6367 0.0946 0.1572 0.0024 0.0093
59 0.0365 0.3257 0.1198 0.4314 0.0081 0.0786
60 0.0482 0.4094 0.0973 0.3396 0.0198 0.0858
61 0.0992 0.3628 0.0946 0.2869 0.0210 0.1355
62 0.0499 0.4517 0.0903 0.3357 0.0223 0.0499
63 0.0873 0.4368 0.1375 0.2301 0.0169 0.0916
64 0.0226 0.5596 0.1816 0.1875 0.0072 0.0415
65 0.0276 0.2104 0.3992 0.3311 0.0167 0.0150
66 0.0508 0.1591 0.2583 0.4824 0.0150 0.0344
67 0.0800 0.1830 0.2791 0.3875 0.0199 0.0508
68 0.1293 0.0961 0.3459 0.3459 0.0400 0.0426
69 0.1615 0.0378 0.1470 0.4673 0.0739 0.1127
70 0.6055 0.0076 0.0311 0.2949 0.0210 0.0399
71 0.7021 0.0105 0.0409 0.2108 0.0215 0.0141
72 0.4128 0.0043 0.0183 0.4258 0.0168 0.1220
73 0.8525 0.0092 0.0184 0.0913 0.0157 0.0127
74 0.8281 0.0071 0.0217 0.1138 0.0150 0.0145
75 0.7354 0.0112 0.0303 0.1888 0.0180 0.0163
76 0.6553 0.0081 0.0187 0.2300 0.0167 0.0712
77 0.7563 0.0122 0.0330 0.1742 0.0049 0.0191
78 0.8979 0.0062 0.0134 0.0698 0.0024 0.0105
79 0.7988 0.0047 0.0261 0.1478 0.0039 0.0186
80 0.9141 0.0126 0.0177 0.0424 0.0058 0.0073
81 0.9604 0.0076 0.0050 0.0235 0.0026 0.0011
82 0.4436 0.0126 0.3147 0.1938 0.0076 0.0277
83 0.7046 0.0089 0.0255 0.2397 0.0111 0.0103
84 0.6885 0.0183 0.0095 0.2612 0.0129 0.0096
85 0.6646 0.0341 0.0115 0.2683 0.0139 0.0077
86 0.9443 0.0003 0.0015 0.0456 0.0074 0.0007
87 0.8086 0.0237 0.0429 0.0981 0.0152 0.0114
88 0.3533 0.0202 0.1111 0.4607 0.0334 0.0212
89 0.3042 0.0306 0.1603 0.4568 0.0130 0.0352
90 0.4280 0.0149 0.1346 0.1898 0.0544 0.1783
91 0.6836 0.0130 0.0118 0.2595 0.0273 0.0049
92 0.6768 0.0154 0.0136 0.2776 0.0151 0.0015
93 0.2581 0.0122 0.1666 0.3875 0.0035 0.1720
94 0.4048 0.0125 0.1489 0.4177 0.0130 0.0032
95 0.1202 0.1592 0.1165 0.2930 0.0361 0.2751
96 0.1949 0.0360 0.1831 0.5215 0.0415 0.0229
97 0.5347 0.0077 0.0419 0.3850 0.0190 0.0121
98 0.3516 0.0574 0.3625 0.1293 0.0158 0.0835
99 0.1385 0.0731 0.1204 0.3484 0.0350 0.2844
100 0.4927 0.0200 0.1189 0.3132 0.0374 0.0177
101 0.7896 0.0016 0.0059 0.1847 0.0180 0.0002
102 0.2302 0.0327 0.1140 0.5107 0.0087 0.1038
103 0.1129 0.1567 0.1361 0.1299 0.0180 0.4463
104 0.8623 0.0009 0.0065 0.1185 0.0104 0.0014
105 0.4163 0.1416 0.0981 0.1193 0.1362 0.0886
106 0.4214 0.1000 0.0465 0.3777 0.0444 0.0101
107 0.5308 0.0281 0.0334 0.3374 0.0569 0.0132
108 0.6582 0.0739 0.1276 0.0963 0.0200 0.0240
109 0.3433 0.0181 0.1262 0.3828 0.0443 0.0854
110 0.7563 0.0108 0.0147 0.1315 0.0630 0.0237
111 0.7129 0.0177 0.0594 0.1803 0.0236 0.0061
112 0.5659 0.0060 0.0616 0.3125 0.0269 0.0269
113 0.9414 0.0030 0.0069 0.0199 0.0259 0.0029
114 0.4634 0.3389 0.0793 0.1018 0.0070 0.0096
115 0.5063 0.0453 0.1095 0.2212 0.0164 0.1013
116 0.5386 0.0193 0.1147 0.2585 0.0674 0.0015
117 0.8008 0.0053 0.0234 0.1553 0.0147 0.0007
118 0.6777 0.0096 0.1254 0.1660 0.0085 0.0129
119 0.1768 0.0714 0.1124 0.2915 0.0426 0.3054
120 0.8364 0.0065 0.0423 0.0742 0.0359 0.0048
121 0.3923 0.0289 0.0115 0.4958 0.0611 0.0105
122 0.7900 0.0130 0.1138 0.0505 0.0189 0.0136
123 0.0616 0.0205 0.2435 0.0110 0.6621 0.0015
124 0.1486 0.1104 0.0974 0.3562 0.0425 0.2449
125 0.3530 0.2881 0.3215 0.0299 0.0058 0.0017
126 0.0837 0.2104 0.2460 0.4453 0.0132 0.0012
127 0.0387 0.4097 0.2028 0.2446 0.0893 0.0149
128 0.0080 0.2776 0.2566 0.4365 0.0106 0.0108
129 0.0183 0.3713 0.3772 0.1987 0.0243 0.0101
130 0.0966 0.4536 0.3560 0.0281 0.0542 0.0115
131 0.0312 0.3774 0.4482 0.1064 0.0068 0.0300
132 0.0506 0.5928 0.3403 0.0050 0.0099 0.0014
133 0.1919 0.1642 0.3420 0.2043 0.0800 0.0174
134 0.1120 0.1694 0.2927 0.3167 0.0572 0.0521
135 0.1821 0.1909 0.4268 0.1140 0.0569 0.0293
136 0.1017 0.3159 0.4250 0.0451 0.0481 0.0641
137 0.0906 0.0838 0.1948 0.5552 0.0153 0.0604
138 0.0672 0.2006 0.3359 0.2382 0.0335 0.1246
139 0.0786 0.1091 0.2419 0.5122 0.0441 0.0141
140 0.0642 0.3259 0.3994 0.1614 0.0280 0.0210
141 0.0867 0.3120 0.3428 0.2179 0.0201 0.0206
142 0.0743 0.1346 0.1663 0.4963 0.0371 0.0911
143 0.1072 0.1740 0.4238 0.2098 0.0081 0.0772
144 0.1631 0.0807 0.3296 0.3047 0.0989 0.0228
145 0.0635 0.0665 0.2629 0.5396 0.0587 0.0085
146 0.0871 0.2812 0.2947 0.2947 0.0316 0.0110
147 0.1013 0.5830 0.0789 0.1544 0.0735 0.0088
148 0.0862 0.0903 0.2271 0.3628 0.0302 0.2035
149 0.0516 0.1136 0.3555 0.3237 0.0187 0.1371
150 0.1826 0.2988 0.4180 0.0602 0.0278 0.0126
151 0.1881 0.1293 0.6069 0.0461 0.0280 0.0015
152 0.0884 0.0657 0.5854 0.2329 0.0205 0.0070
153 0.2537 0.0762 0.5371 0.1143 0.0151 0.0039
154 0.1823 0.1022 0.2803 0.3486 0.0251 0.0616
155 0.1301 0.1475 0.6406 0.0510 0.0288 0.0018
156 0.2786 0.0327 0.2966 0.0477 0.3059 0.0386
157 0.1345 0.0351 0.2184 0.0917 0.4922 0.0280
158 0.1285 0.0207 0.2384 0.0622 0.5205 0.0296
159 0.0717 0.1278 0.3938 0.3367 0.0279 0.0421
160 0.0924 0.2050 0.6416 0.0362 0.0241 0.0009
161 0.1901 0.2189 0.4421 0.0934 0.0512 0.0045
162 0.1638 0.1337 0.5371 0.1066 0.0570 0.0018
163 0.2295 0.1577 0.3611 0.1705 0.0734 0.0076
164 0.5010 0.0994 0.2040 0.0182 0.1492 0.0285
165 0.2595 0.0849 0.2037 0.0310 0.3989 0.0220
166 0.2747 0.0837 0.2294 0.0190 0.3752 0.0181
167 0.1921 0.0840 0.2861 0.0176 0.4133 0.0068
168 0.1945 0.1316 0.3035 0.0343 0.2942 0.0421
169 0.1627 0.1666 0.2312 0.0389 0.3667 0.0338
170 0.2546 0.1202 0.4502 0.0172 0.1342 0.0235
171 0.3318 0.1320 0.3560 0.0115 0.1567 0.0122
172 0.1627 0.1614 0.3813 0.0142 0.2661 0.0142
173 0.1122 0.2690 0.4578 0.0379 0.1148 0.0084
174 0.2207 0.1459 0.3813 0.0266 0.2074 0.0180
175 0.2327 0.0918 0.4211 0.0335 0.2085 0.0122
176 0.1678 0.1075 0.4934 0.0071 0.2156 0.0083
177 0.0953 0.1985 0.5928 0.0094 0.0888 0.0153
178 0.0595 0.2334 0.3672 0.2859 0.0344 0.0196
179 0.0406 0.2646 0.3560 0.2410 0.0042 0.0936
180 0.0677 0.2964 0.3057 0.2362 0.0037 0.0904
181 0.0576 0.3728 0.3342 0.1628 0.0094 0.0633
182 0.1099 0.1099 0.2054 0.5410 0.0194 0.0141
183 0.1597 0.4512 0.3201 0.0329 0.0298 0.0065
184 0.1300 0.2729 0.1749 0.3142 0.0091 0.0989
185 0.0418 0.0826 0.1860 0.6099 0.0190 0.0604
186 0.0608 0.4565 0.3843 0.0590 0.0296 0.0098
187 0.0246 0.3420 0.5298 0.0572 0.0077 0.0390
188 0.0505 0.3792 0.4646 0.0759 0.0091 0.0206
189 0.0938 0.2671 0.3594 0.2231 0.0155 0.0413
190 0.1108 0.4116 0.3206 0.0890 0.0363 0.0320
191 0.0216 0.0404 0.2474 0.6421 0.0082 0.0404
192 0.1255 0.0933 0.3105 0.3926 0.0641 0.0142
193 0.0600 0.0860 0.3098 0.4436 0.0198 0.0808
194 0.0759 0.0538 0.2161 0.6255 0.0192 0.0098
195 0.1134 0.2576 0.3928 0.0773 0.1074 0.0515
196 0.0807 0.1533 0.3196 0.3196 0.0248 0.1021
197 0.0972 0.2091 0.3613 0.1760 0.1393 0.0170
198 0.0345 0.2695 0.4883 0.1215 0.0239 0.0621
199 0.0930 0.5146 0.1683 0.2063 0.0133 0.0046
200 0.0335 0.6416 0.2474 0.0692 0.0048 0.0034
201 0.0637 0.0721 0.2559 0.5767 0.0130 0.0188
202 0.0717 0.1692 0.2791 0.3313 0.0415 0.1075
203 0.1693 0.1802 0.3113 0.2791 0.0516 0.0084
204 0.0775 0.2463 0.5054 0.1259 0.0279 0.0170
205 0.0341 0.0956 0.2898 0.5088 0.0231 0.0488
206 0.3792 0.1230 0.3616 0.0974 0.0372 0.0016
207 0.2177 0.1111 0.4163 0.1567 0.0369 0.0614
208 0.0974 0.1791 0.3506 0.3193 0.0387 0.0150
209 0.0320 0.0330 0.1897 0.7158 0.0194 0.0100
210 0.1141 0.2654 0.5708 0.0087 0.0280 0.0129
211 0.0269 0.2720 0.6631 0.0022 0.0300 0.0059
212 0.0704 0.0611 0.4380 0.3926 0.0211 0.0170
213 0.1063 0.0968 0.3325 0.4270 0.0163 0.0209
214 0.1379 0.1743 0.3523 0.2617 0.0301 0.0437
215 0.2607 0.1998 0.4231 0.0586 0.0555 0.0022
216 0.0582 0.2932 0.5923 0.0367 0.0120 0.0073
217 0.3362 0.0877 0.2788 0.2311 0.0253 0.0408
218 0.2219 0.2720 0.3660 0.0261 0.0842 0.0300
219 0.0783 0.2649 0.5522 0.0256 0.0376 0.0416
220 0.0387 0.2013 0.7139 0.0089 0.0193 0.0179
221 0.0522 0.1141 0.8169 0.0069 0.0055 0.0045
222 0.0469 0.1741 0.7563 0.0031 0.0033 0.0162
223 0.2710 0.1556 0.3096 0.0173 0.2281 0.0184
224 0.1143 0.0495 0.3203 0.0570 0.4177 0.0410
225 0.2216 0.0802 0.2490 0.0130 0.4304 0.0059
226 0.1891 0.1165 0.3372 0.0260 0.3191 0.0120
227 0.2384 0.1412 0.2347 0.0884 0.2598 0.0374
228 0.2712 0.2671 0.3298 0.0168 0.1071 0.0079
229 0.2654 0.1768 0.4111 0.0194 0.1224 0.0049
230 0.2307 0.1345 0.4111 0.0065 0.2101 0.0069
231 0.1443 0.0977 0.2739 0.4111 0.0491 0.0237
232 0.3770 0.0854 0.2114 0.2632 0.0164 0.0468
233 0.3457 0.2394 0.1558 0.1698 0.0373 0.0522
234 0.4758 0.2283 0.2178 0.0268 0.0326 0.0187
235 0.4841 0.1881 0.1511 0.0506 0.0815 0.0447
236 0.2424 0.1903 0.2725 0.1746 0.0408 0.0793
237 0.0471 0.1428 0.2505 0.5142 0.0256 0.0198
238 0.2480 0.3337 0.3389 0.0524 0.0159 0.0111
239 0.2512 0.1244 0.3381 0.2676 0.0093 0.0094
240 0.3198 0.1633 0.4512 0.0403 0.0188 0.0065
241 0.0694 0.2725 0.4707 0.1504 0.0151 0.0219
242 0.0303 0.3965 0.3135 0.2405 0.0106 0.0087
243 0.1587 0.2274 0.3521 0.0911 0.0082 0.1625
244 0.1639 0.0603 0.2581 0.4973 0.0038 0.0166
245 0.3408 0.2343 0.3628 0.0450 0.0089 0.0082
246 0.1709 0.0670 0.3096 0.4165 0.0160 0.0202
247 0.2339 0.2267 0.3323 0.1451 0.0464 0.0155
248 0.0544 0.1304 0.4412 0.3489 0.0145 0.0108
249 0.5283 0.1716 0.2119 0.0308 0.0448 0.0124
250 0.1598 0.2437 0.4553 0.1056 0.0116 0.0241
251 0.0381 0.0956 0.5591 0.2900 0.0098 0.0074
252 0.2032 0.3147 0.3298 0.1442 0.0055 0.0024
253 0.3696 0.1110 0.2173 0.0372 0.1918 0.0734
254 0.1948 0.2856 0.3088 0.1257 0.0193 0.0657
255 0.0710 0.1456 0.6528 0.1134 0.0061 0.0111
256 0.3848 0.1604 0.2192 0.0893 0.0746 0.0717
257 0.0964 0.3472 0.3872 0.1026 0.0355 0.0313
258 0.2025 0.3525 0.3499 0.0463 0.0070 0.0418
259 0.1493 0.2661 0.3875 0.1050 0.0851 0.0070
260 0.0960 0.2130 0.3567 0.2413 0.0828 0.0104
261 0.1534 0.2822 0.4370 0.0945 0.0271 0.0058
262 0.0909 0.1836 0.3826 0.2471 0.0840 0.0117
263 0.1542 0.1666 0.4675 0.1666 0.0375 0.0076
264 0.0515 0.0499 0.4246 0.4590 0.0131 0.0020
265 0.3049 0.1533 0.2163 0.3003 0.0158 0.0094
266 0.1616 0.2749 0.4062 0.0258 0.1278 0.0037
267 0.1715 0.2457 0.4663 0.0761 0.0371 0.0034
268 0.2319 0.1658 0.4722 0.0833 0.0422 0.0046
269 0.1348 0.2292 0.3901 0.1208 0.1171 0.0079
270 0.1390 0.1434 0.5498 0.1117 0.0492 0.0069
271 0.1566 0.1667 0.3938 0.1566 0.1182 0.0082
272 0.6021 0.0061 0.0304 0.3376 0.0095 0.0144
273 0.6812 0.0449 0.0089 0.2178 0.0143 0.0329
274 0.6792 0.0278 0.0139 0.2578 0.0167 0.0047
275 0.9219 0.0002 0.0009 0.0678 0.0080 0.0012
276 0.1746 0.0603 0.1381 0.3472 0.0728 0.2073
277 0.2605 0.0489 0.1818 0.4570 0.0220 0.0297
278 0.2124 0.0194 0.4495 0.2903 0.0053 0.0231
279 0.6543 0.0131 0.1137 0.1761 0.0339 0.0089
280 0.6318 0.0188 0.0129 0.3127 0.0216 0.0019
281 0.6108 0.0201 0.0168 0.3071 0.0309 0.0145
282 0.9121 0.0221 0.0275 0.0370 0.0009 0.0002
283 0.2197 0.0064 0.1879 0.5522 0.0189 0.0147
284 0.6079 0.0046 0.1024 0.2827 0.0021 0.0007
285 0.2671 0.0230 0.1646 0.4617 0.0213 0.0625
286 0.3625 0.0703 0.3149 0.2002 0.0348 0.0173
287 0.9023 0.0161 0.0449 0.0299 0.0008 0.0058
288 0.4463 0.0135 0.1129 0.2542 0.0493 0.1239
289 0.4475 0.0033 0.1204 0.4138 0.0112 0.0036
290 0.6113 0.0645 0.0483 0.1985 0.0615 0.0159
291 0.1220 0.1044 0.0950 0.3164 0.0355 0.3267
292 0.1351 0.0701 0.1036 0.3091 0.0262 0.3560
293 0.9653 0.0014 0.0041 0.0016 0.0276 0.0001
294 0.7344 0.0341 0.0891 0.0934 0.0218 0.0274
295 0.2345 0.0904 0.2786 0.2874 0.0160 0.0933
296 0.2159 0.0497 0.5342 0.1310 0.0425 0.0266
297 0.1470 0.0052 0.0575 0.7700 0.0050 0.0155
298 0.1631 0.1086 0.0901 0.3000 0.0475 0.2908
299 0.2749 0.0339 0.1694 0.2465 0.0643 0.2108
300 0.6294 0.0501 0.0297 0.2625 0.0124 0.0161
301 0.8110 0.0345 0.0368 0.0791 0.0356 0.0027
302 0.2271 0.1537 0.2615 0.2343 0.0544 0.0693
303 0.0929 0.0025 0.0100 0.8813 0.0073 0.0060
304 0.5630 0.0298 0.0727 0.2920 0.0199 0.0229
305 0.2034 0.1536 0.1910 0.2164 0.0797 0.1559
306 0.2812 0.0474 0.3904 0.1627 0.0227 0.0956
307 0.5405 0.0089 0.2362 0.1455 0.0597 0.0091
308 0.8330 0.0157 0.0585 0.0769 0.0131 0.0026
309 0.6875 0.0055 0.0254 0.2377 0.0226 0.0213
310 0.4543 0.0151 0.3220 0.1223 0.0814 0.0048
311 0.1997 0.0900 0.0886 0.2861 0.0538 0.2817
312 0.2103 0.0508 0.1218 0.3469 0.0566 0.2136
313 0.5571 0.1956 0.1387 0.0495 0.0038 0.0552
314 0.7686 0.0651 0.1024 0.0491 0.0105 0.0042
315 0.5571 0.1956 0.1387 0.0495 0.0038 0.0552
316 0.7749 0.0856 0.0926 0.0120 0.0068 0.0278
317 0.7559 0.1177 0.0861 0.0322 0.0070 0.0011
318 0.7749 0.0856 0.0926 0.0120 0.0068 0.0278
319 0.5571 0.1956 0.1387 0.0495 0.0038 0.0552
320 0.7749 0.0856 0.0926 0.0120 0.0068 0.0278
321 0.6499 0.1260 0.1342 0.0509 0.0106 0.0285
322 0.7749 0.0856 0.0926 0.0120 0.0068 0.0278
323 0.5571 0.1956 0.1387 0.0495 0.0038 0.0552
324 0.7686 0.0651 0.1024 0.0491 0.0105 0.0042
325 0.6499 0.1260 0.1342 0.0509 0.0106 0.0285
326 0.7749 0.0856 0.0926 0.0120 0.0068 0.0278
327 0.1327 0.0327 0.1135 0.0386 0.0142 0.6685
