time exciting_prob fearful_prob tense_prob sad_prob relaxing_prob neutral_prob
0 0.2063 0.2607 0.0659 0.2284 0.0256 0.2129
1 0.0433 0.5151 0.2114 0.1282 0.0218 0.0803
2 0.1589 0.5215 0.1692 0.0913 0.0154 0.0438
3 0.2021 0.3333 0.1526 0.2327 0.0265 0.0527
4 0.1399 0.3628 0.1610 0.2235 0.0569 0.0561
5 0.1406 0.2014 0.1833 0.3425 0.0442 0.0880
6 0.1564 0.1109 0.1771 0.3311 0.0330 0.1915
7 0.1564 0.2499 0.1691 0.2659 0.0594 0.0994
8 0.1405 0.2245 0.2793 0.2175 0.0237 0.1146
9 0.1372 0.2228 0.2194 0.2524 0.0352 0.1331
10 0.1884 0.1586 0.1715 0.2382 0.0398 0.2036
11 0.1393 0.0832 0.2191 0.2333 0.0303 0.2949
12 0.1761 0.1393 0.3394 0.1460 0.0819 0.1173
13 0.1381 0.1425 0.3472 0.1772 0.0435 0.1516
14 0.0960 0.1195 0.3511 0.1793 0.0475 0.2064
15 0.1323 0.1388 0.2083 0.2217 0.0939 0.2051
16 0.0550 0.6196 0.1693 0.0581 0.0212 0.0769
17 0.0529 0.4468 0.3479 0.0634 0.0176 0.0712
18 0.0282 0.3650 0.1807 0.2588 0.0078 0.1594
19 0.0323 0.6538 0.1482 0.0892 0.0105 0.0663
20 0.0403 0.4834 0.2507 0.1166 0.0098 0.0990
21 0.0393 0.1553 0.2856 0.3726 0.0844 0.0627
22 0.0384 0.2749 0.4534 0.1616 0.0294 0.0422
23 0.0322 0.3689 0.4246 0.1074 0.0349 0.0322
24 0.0359 0.2825 0.3569 0.1196 0.1293 0.0760
25 0.0333 0.2703 0.4600 0.1093 0.0567 0.0706
26 0.0351 0.0842 0.6416 0.1244 0.0237 0.0910
27 0.0272 0.2837 0.3164 0.2042 0.0485 0.1201
28 0.0487 0.2717 0.2847 0.0828 0.0869 0.2252
29 0.0299 0.4788 0.3906 0.0421 0.0381 0.0204
30 0.0892 0.3213 0.2351 0.0921 0.1239 0.1382
31 0.0265 0.0589 0.3132 0.1527 0.0528 0.3960
32 0.0479 0.4990 0.4333 0.0046 0.0017 0.0135
33 0.0657 0.5850 0.2720 0.0289 0.0065 0.0417
34 0.1523 0.3379 0.3125 0.1132 0.0365 0.0475
35 0.0720 0.5039 0.2961 0.1024 0.0074 0.0185
36 0.0525 0.4937 0.2996 0.1003 0.0080 0.0459
37 0.0414 0.4219 0.4087 0.0727 0.0049 0.0504
38 0.0289 0.2576 0.1586 0.3357 0.0156 0.2036
39 0.0853 0.1364 0.0729 0.2318 0.2754 0.1984
40 0.0659 0.1792 0.0422 0.2864 0.2230 0.2031
41 0.0916 0.1970 0.0784 0.1970 0.3352 0.1006
42 0.0179 0.0386 0.0174 0.6128 0.0495 0.2637
43 0.1113 0.3323 0.1417 0.3647 0.0288 0.0212
44 0.1331 0.4717 0.1906 0.1708 0.0209 0.0131
45 0.0410 0.1047 0.1727 0.5488 0.0121 0.1205
46 0.0518 0.3149 0.1740 0.3921 0.0214 0.0457
47 0.2024 0.3037 0.1348 0.2991 0.0459 0.0142
48 0.0823 0.4182 0.1799 0.0427 0.1492 0.1276
49 0.0747 0.4504 0.1558 0.0342 0.2095 0.0753
50 0.0593 0.3577 0.1855 0.0484 0.1689 0.1799
51 0.0367 0.6294 0.2108 0.0118 0.0800 0.0311
52 0.1111 0.2076 0.2211 0.1804 0.0409 0.2390
53 0.0515 0.3521 0.3359 0.2382 0.0054 0.0171
54 0.0406 0.1709 0.5693 0.1937 0.0053 0.0201
55 0.0253 0.4058 0.1448 0.3064 0.0864 0.0313
56 0.0922 0.5308 0.1863 0.1148 0.0432 0.0326
57 0.0853 0.3975 0.2864 0.0944 0.0654 0.0712
58 0.1432 0.2593 0.1477 0.1754 0.0992 0.1754
59 0.1519 0.3069 0.1427 0.1617 0.1299 0.1069
60 0.0113 0.2092 0.0187 0.7305 0.0110 0.0195
61 0.0262 0.5562 0.0361 0.3591 0.0173 0.0050
62 0.1340 0.1044 0.1694 0.1542 0.1011 0.3369
63 0.0781 0.2262 0.4497 0.1393 0.0712 0.0355
64 0.1384 0.2178 0.2710 0.2078 0.0997 0.0654
65 0.2461 0.2788 0.1887 0.0710 0.1190 0.0964
66 0.0705 0.2041 0.3872 0.1381 0.1858 0.0143
67 0.0362 0.3711 0.3076 0.2632 0.0152 0.0065
68 0.0409 0.4429 0.1580 0.3342 0.0158 0.0082
69 0.0500 0.2812 0.1371 0.5015 0.0143 0.0156
70 0.0240 0.3674 0.0873 0.3792 0.0600 0.0820
71 0.0281 0.3909 0.0820 0.4097 0.0648 0.0244
72 0.0373 0.7197 0.1021 0.0944 0.0034 0.0432
73 0.0519 0.0768 0.1434 0.6133 0.0352 0.0792
74 0.0872 0.4980 0.3423 0.0172 0.0428 0.0124
75 0.0361 0.4463 0.4751 0.0219 0.0044 0.0163
76 0.1599 0.4114 0.1573 0.1715 0.0101 0.0897
77 0.1663 0.3806 0.1274 0.2037 0.0145 0.1074
78 0.0967 0.3376 0.1301 0.3594 0.0094 0.0670
79 0.0743 0.0955 0.0829 0.4280 0.0755 0.2438
80 0.0781 0.1035 0.1349 0.3611 0.0781 0.2444
81 0.0707 0.3647 0.1364 0.1241 0.1521 0.1521
82 0.0695 0.3044 0.1036 0.1270 0.2686 0.1270
83 0.0753 0.4402 0.2979 0.1429 0.0319 0.0118
84 0.0628 0.4978 0.3164 0.0740 0.0301 0.0189
85 0.0465 0.1187 0.3079 0.4841 0.0138 0.0291
86 0.0390 0.0674 0.1748 0.4065 0.0240 0.2883
87 0.0133 0.1733 0.1155 0.6440 0.0031 0.0505
88 0.0792 0.1170 0.4556 0.1930 0.0287 0.1266
89 0.1102 0.2157 0.1654 0.1329 0.1155 0.2603
90 0.1699 0.4043 0.2673 0.0464 0.0472 0.0650
91 0.0583 0.5449 0.1742 0.1688 0.0322 0.0213
92 0.0971 0.4351 0.2329 0.1992 0.0097 0.0259
93 0.1544 0.0429 0.4468 0.1428 0.0908 0.1222
94 0.1791 0.0482 0.3792 0.0915 0.1581 0.1439
95 0.1064 0.1284 0.2805 0.2849 0.0883 0.1116
96 0.0396 0.0880 0.0814 0.4004 0.2211 0.1696
97 0.0287 0.1226 0.0451 0.3774 0.1082 0.3179
98 0.0252 0.3074 0.0625 0.5835 0.0106 0.0109
99 0.0454 0.6270 0.1160 0.1973 0.0111 0.0036
100 0.0617 0.5762 0.1002 0.2440 0.0149 0.0030
101 0.0338 0.3162 0.1948 0.3696 0.0073 0.0781
102 0.0352 0.2008 0.2040 0.4741 0.0066 0.0792
103 0.1102 0.2949 0.2484 0.1394 0.1996 0.0073
104 0.0598 0.4023 0.1552 0.1814 0.0113 0.1901
105 0.0354 0.6777 0.1196 0.0954 0.0098 0.0621
106 0.0416 0.6870 0.1037 0.1251 0.0059 0.0370
107 0.2162 0.3677 0.0814 0.3000 0.0055 0.0293
108 0.1838 0.4341 0.0630 0.2983 0.0067 0.0137
109 0.1326 0.1783 0.0424 0.5850 0.0112 0.0507
110 0.0065 0.1587 0.0343 0.7935 0.0014 0.0054
111 0.1646 0.4336 0.2888 0.0468 0.0340 0.0324
112 0.0423 0.1536 0.1824 0.5796 0.0135 0.0289
113 0.1293 0.2097 0.2693 0.1398 0.0454 0.2065
114 0.0161 0.0870 0.0884 0.7637 0.0060 0.0386
115 0.0884 0.2292 0.4561 0.1266 0.0745 0.0253
116 0.0945 0.0861 0.1213 0.5522 0.0960 0.0498
117 0.0290 0.0982 0.0429 0.2842 0.1750 0.3706
118 0.0808 0.3430 0.0547 0.1865 0.1570 0.1780
119 0.0313 0.1126 0.0566 0.5288 0.0500 0.2205
120 0.0273 0.4099 0.1556 0.3452 0.0409 0.0209
121 0.0425 0.3369 0.3369 0.1747 0.0851 0.0240
122 0.0595 0.4751 0.1472 0.2108 0.0604 0.0470
123 0.0773 0.2678 0.2808 0.0641 0.2896 0.0205
124 0.0818 0.3337 0.3086 0.1602 0.0979 0.0178
125 0.1055 0.3379 0.2551 0.1522 0.1252 0.0241
126 0.1006 0.4043 0.3250 0.1262 0.0307 0.0132
127 0.0483 0.0961 0.0660 0.5444 0.1254 0.1196
128 0.0479 0.1079 0.0543 0.4336 0.1698 0.1865
129 0.0461 0.2097 0.0796 0.2737 0.2490 0.1420
130 0.0779 0.5239 0.2117 0.0597 0.0882 0.0388
131 0.0820 0.4944 0.2373 0.0490 0.1212 0.0161
132 0.0437 0.1754 0.3079 0.3657 0.0816 0.0257
133 0.0639 0.1938 0.3977 0.2096 0.1157 0.0193
134 0.0558 0.2664 0.4189 0.1693 0.0706 0.0188
135 0.2568 0.0967 0.1909 0.3738 0.0116 0.0702
136 0.4407 0.2510 0.1476 0.0771 0.0164 0.0671
137 0.2219 0.1927 0.1245 0.3130 0.0133 0.1346
138 0.1132 0.0842 0.3381 0.4207 0.0241 0.0198
139 0.0283 0.1931 0.5859 0.1414 0.0084 0.0431
140 0.0809 0.1796 0.3201 0.2654 0.0142 0.1399
141 0.0865 0.2109 0.4536 0.1202 0.0409 0.0880
142 0.0410 0.0803 0.3433 0.2847 0.0257 0.2251
143 0.0693 0.4851 0.0870 0.2896 0.0049 0.0641
144 0.0476 0.6172 0.1421 0.1235 0.0126 0.0570
145 0.0804 0.5166 0.1083 0.1503 0.0138 0.1306
146 0.0442 0.5137 0.0782 0.1803 0.0246 0.1591
147 0.0274 0.7183 0.1815 0.0608 0.0111 0.0011
148 0.0388 0.5039 0.1000 0.2827 0.0069 0.0677
149 0.1134 0.3384 0.2595 0.1433 0.0127 0.1326
150 0.1249 0.1230 0.0489 0.1394 0.3848 0.1790
151 0.0845 0.1239 0.0240 0.2010 0.2502 0.3164
152 0.0911 0.2805 0.3438 0.2515 0.0092 0.0238
153 0.0661 0.2915 0.0561 0.4048 0.0126 0.1688
154 0.0894 0.5303 0.2013 0.0789 0.0729 0.0272
155 0.0739 0.0786 0.1058 0.4248 0.0338 0.2830
156 0.0271 0.5532 0.1796 0.1942 0.0178 0.0282
157 0.0151 0.3523 0.2310 0.3579 0.0238 0.0200
158 0.1161 0.2346 0.3748 0.1637 0.0762 0.0346
159 0.0939 0.6030 0.1500 0.0275 0.1081 0.0175
160 0.1237 0.5376 0.1801 0.0280 0.1100 0.0207
161 0.0935 0.3315 0.2074 0.1076 0.1471 0.1128
162 0.2246 0.1982 0.3762 0.1112 0.0538 0.0358
163 0.1516 0.2172 0.4387 0.0956 0.0710 0.0257
164 0.0244 0.6851 0.1101 0.1553 0.0073 0.0181
165 0.0777 0.4233 0.2179 0.2031 0.0237 0.0542
166 0.0759 0.1021 0.2607 0.4167 0.0195 0.1251
167 0.0341 0.0941 0.2556 0.4087 0.0175 0.1901
168 0.0449 0.3394 0.1720 0.2903 0.0421 0.1111
169 0.0537 0.6240 0.0793 0.1654 0.0184 0.0590
170 0.0601 0.3979 0.0909 0.3569 0.0367 0.0573
171 0.1061 0.3071 0.3882 0.0482 0.0776 0.0729
172 0.0944 0.1558 0.0795 0.5269 0.0124 0.1311
173 0.1809 0.5571 0.0946 0.1254 0.0093 0.0327
174 0.0333 0.2500 0.4253 0.2240 0.0077 0.0598
175 0.0615 0.4338 0.3379 0.0961 0.0142 0.0565
176 0.0392 0.2661 0.3259 0.2539 0.0187 0.0963
177 0.0933 0.1143 0.4448 0.2307 0.0359 0.0810
178 0.0792 0.1575 0.1870 0.4417 0.0667 0.0677
179 0.0475 0.2800 0.3484 0.1621 0.0167 0.1453
180 0.0576 0.2812 0.3137 0.2156 0.0146 0.1172
181 0.0538 0.2864 0.2062 0.0609 0.3452 0.0475
182 0.0563 0.3560 0.2448 0.1004 0.2126 0.0299
183 0.0433 0.1636 0.1334 0.1399 0.4309 0.0889
184 0.0334 0.5977 0.1106 0.2341 0.0129 0.0112
185 0.0233 0.2839 0.0865 0.5732 0.0077 0.0252
186 0.0196 0.2712 0.0730 0.5830 0.0109 0.0422
187 0.1193 0.2128 0.3398 0.1373 0.1439 0.0467
188 0.0764 0.1138 0.1531 0.4790 0.0489 0.1289
189 0.0731 0.3303 0.2781 0.2067 0.0257 0.0862
190 0.0694 0.4526 0.1589 0.2073 0.0169 0.0949
191 0.0265 0.1572 0.1263 0.3655 0.0117 0.3127
192 0.0534 0.1984 0.1013 0.2668 0.1406 0.2393
193 0.0199 0.1279 0.4329 0.0839 0.0559 0.2795
194 0.0333 0.1898 0.3604 0.1016 0.1032 0.2118
195 0.0287 0.3206 0.3748 0.1009 0.0626 0.1125
196 0.0608 0.1842 0.0688 0.5166 0.0466 0.1227
197 0.0516 0.3313 0.0762 0.2922 0.0445 0.2041
198 0.0606 0.4204 0.0388 0.2114 0.0214 0.2472
199 0.0476 0.1357 0.1236 0.3105 0.2135 0.1689
200 0.0684 0.5332 0.1815 0.1481 0.0516 0.0172
201 0.0302 0.2632 0.2181 0.3831 0.0101 0.0953
202 0.0494 0.2959 0.0917 0.4045 0.0098 0.1488
203 0.2073 0.1110 0.3875 0.2041 0.0421 0.0481
204 0.1294 0.2573 0.3745 0.1274 0.0090 0.1024
205 0.0550 0.4978 0.1803 0.1566 0.0105 0.0996
206 0.0305 0.4204 0.0615 0.3540 0.0112 0.1224
207 0.0152 0.6768 0.0620 0.1909 0.0088 0.0464
208 0.0368 0.1929 0.2053 0.5083 0.0110 0.0458
209 0.0460 0.2125 0.3848 0.3044 0.0229 0.0292
210 0.0662 0.1479 0.1841 0.5166 0.0570 0.0282
211 0.2101 0.1489 0.3630 0.1514 0.0743 0.0523
212 0.0647 0.2056 0.1704 0.2725 0.2089 0.0781
213 0.0373 0.1621 0.1187 0.5073 0.1080 0.0665
214 0.0765 0.1923 0.2213 0.4399 0.0132 0.0568
215 0.0750 0.4631 0.1758 0.2056 0.0652 0.0151
216 0.1223 0.1954 0.0214 0.1453 0.3171 0.1985
217 0.0723 0.2209 0.0504 0.1693 0.3530 0.1340
218 0.1346 0.5581 0.1885 0.0562 0.0261 0.0363
219 0.0781 0.4031 0.3669 0.0695 0.0313 0.0512
220 0.0865 0.1860 0.2042 0.2502 0.1164 0.1566
221 0.0529 0.2195 0.3975 0.1998 0.0494 0.0807
222 0.0739 0.2312 0.1978 0.2788 0.1010 0.1172
223 0.0872 0.1102 0.0958 0.4568 0.0341 0.2158
224 0.0936 0.1497 0.1543 0.2795 0.0254 0.2976
225 0.0787 0.1887 0.1026 0.2620 0.0318 0.3364
226 0.0856 0.1625 0.1599 0.3035 0.0291 0.2595
227 0.0716 0.1058 0.1091 0.5947 0.0575 0.0612
228 0.0445 0.1229 0.0906 0.6489 0.0470 0.0463
229 0.1663 0.2917 0.1255 0.2069 0.0327 0.1770
230 0.2322 0.2433 0.1698 0.1780 0.0382 0.1385
231 0.0147 0.6616 0.1477 0.1572 0.0134 0.0053
232 0.0172 0.1825 0.2456 0.3203 0.0401 0.1942
233 0.0095 0.6904 0.1589 0.0825 0.0268 0.0318
234 0.0110 0.8276 0.1004 0.0406 0.0130 0.0072
235 0.0626 0.1869 0.6035 0.1065 0.0110 0.0296
236 0.0456 0.1616 0.3318 0.4128 0.0033 0.0449
237 0.0136 0.0484 0.0491 0.8574 0.0027 0.0289
238 0.1335 0.2695 0.3408 0.1399 0.0666 0.0495
239 0.0600 0.3560 0.3789 0.1484 0.0321 0.0244
240 0.0571 0.2766 0.3608 0.1504 0.0431 0.1118
241 0.0689 0.4495 0.1932 0.1459 0.0118 0.1307
242 0.0518 0.6724 0.1727 0.0743 0.0089 0.0198
243 0.0371 0.6675 0.1797 0.0557 0.0122 0.0480
244 0.0295 0.6519 0.1987 0.0754 0.0113 0.0332
245 0.0491 0.4773 0.2554 0.1624 0.0085 0.0472
246 0.0165 0.2500 0.0762 0.5376 0.0138 0.1058
247 0.0583 0.1824 0.1072 0.2612 0.2695 0.1215
248 0.0396 0.0533 0.0464 0.6919 0.0753 0.0936
249 0.0418 0.0497 0.1604 0.6543 0.0038 0.0900
250 0.0402 0.1504 0.0622 0.5249 0.0699 0.1527
251 0.0779 0.2720 0.2637 0.3281 0.0049 0.0532
252 0.0900 0.4944 0.1630 0.0997 0.0886 0.0643
253 0.0550 0.0878 0.2426 0.5640 0.0333 0.0176
254 0.1119 0.4639 0.2124 0.0825 0.0663 0.0628
255 0.0338 0.0448 0.1798 0.6895 0.0113 0.0408
256 0.0403 0.2180 0.1282 0.2712 0.1725 0.1698
257 0.0671 0.1073 0.5449 0.1466 0.0557 0.0785
258 0.0386 0.1025 0.2275 0.3750 0.0392 0.2170
259 0.0362 0.3032 0.1598 0.2554 0.0641 0.1812
260 0.1405 0.0559 0.1981 0.1832 0.1721 0.2505
261 0.0423 0.1726 0.0561 0.3713 0.3030 0.0547
262 0.0558 0.3726 0.1050 0.4092 0.0441 0.0134
263 0.0604 0.6294 0.0950 0.1519 0.0576 0.0057
264 0.1371 0.1964 0.2124 0.3613 0.0775 0.0154
265 0.0586 0.1495 0.3372 0.4004 0.0344 0.0199
266 0.0602 0.2203 0.0532 0.3083 0.3386 0.0194
267 0.0478 0.1543 0.0550 0.2142 0.5059 0.0224
268 0.0452 0.3643 0.5137 0.0558 0.0080 0.0130
269 0.0596 0.0938 0.4841 0.1597 0.0163 0.1866
270 0.0665 0.3174 0.4138 0.1262 0.0104 0.0655
271 0.1779 0.5479 0.2468 0.0152 0.0023 0.0102
272 0.0965 0.2278 0.0673 0.1542 0.1068 0.3474
273 0.2781 0.4111 0.1016 0.0630 0.1115 0.0345
274 0.0712 0.1776 0.0826 0.2045 0.3320 0.1321
275 0.0683 0.1613 0.2876 0.3635 0.0694 0.0500
276 0.1523 0.1304 0.3953 0.0953 0.1080 0.1187
277 0.1268 0.1372 0.4788 0.1019 0.0399 0.1155
278 0.1367 0.1206 0.2986 0.1324 0.0791 0.2325
279 0.0648 0.6191 0.0787 0.2074 0.0194 0.0103
280 0.0728 0.6855 0.1076 0.1043 0.0260 0.0037
281 0.0589 0.5415 0.1017 0.2639 0.0249 0.0089
282 0.0622 0.2402 0.1962 0.3135 0.0780 0.1100
283 0.0357 0.0580 0.1135 0.3184 0.0112 0.4631
284 0.0736 0.0834 0.0809 0.5029 0.0137 0.2452
285 0.1508 0.3345 0.2908 0.1174 0.0446 0.0619
286 0.1272 0.3828 0.2433 0.1621 0.0364 0.0483
287 0.1700 0.1741 0.3054 0.1523 0.1177 0.0803
288 0.0223 0.0309 0.0373 0.8232 0.0295 0.0569
289 0.1296 0.2854 0.2155 0.2854 0.0336 0.0504
290 0.1406 0.2627 0.1670 0.2546 0.1175 0.0577
291 0.1434 0.2637 0.2346 0.2517 0.0414 0.0651
292 0.1205 0.2915 0.3005 0.2148 0.0174 0.0552
293 0.0323 0.1617 0.0922 0.4607 0.0065 0.2466
294 0.0463 0.4126 0.2174 0.2622 0.0114 0.0500
295 0.0345 0.3296 0.2861 0.2773 0.0075 0.0649
296 0.2698 0.1913 0.0424 0.3987 0.0346 0.0631
297 0.2756 0.2415 0.0429 0.3513 0.0247 0.0640
298 0.2649 0.3220 0.0486 0.2910 0.0288 0.0446
299 0.2472 0.2131 0.0345 0.4407 0.0243 0.0400
300 0.2449 0.2732 0.0425 0.3914 0.0201 0.0279
301 0.2419 0.1515 0.0395 0.4812 0.0427 0.0431
302 0.3169 0.3506 0.0595 0.2178 0.0233 0.0319
303 0.1346 0.0636 0.0970 0.3440 0.0274 0.3333
