time exciting_prob fearful_prob tense_prob sad_prob relaxing_prob neutral_prob
0 0.1136 0.1553 0.1349 0.1288 0.0181 0.4492
1 0.3511 0.0252 0.1176 0.4302 0.0364 0.0394
2 0.4204 0.0692 0.3828 0.1039 0.0185 0.0051
3 0.6040 0.1180 0.1857 0.0516 0.0380 0.0025
4 0.5801 0.0354 0.0607 0.0698 0.2418 0.0120
5 0.4167 0.1364 0.0367 0.0397 0.3650 0.0057
6 0.3677 0.2063 0.0426 0.0331 0.3455 0.0048
7 0.5493 0.1755 0.0876 0.0738 0.1057 0.0081
8 0.4204 0.1808 0.2303 0.0724 0.0731 0.0230
9 0.5000 0.0869 0.3572 0.0259 0.0267 0.0034
10 0.5308 0.0517 0.3591 0.0345 0.0214 0.0027
11 0.1322 0.4011 0.3918 0.0226 0.0490 0.0033
12 0.2338 0.2374 0.2266 0.0241 0.2754 0.0029
13 0.1753 0.3125 0.3625 0.0413 0.0999 0.0082
14 0.2537 0.2700 0.3494 0.0216 0.0993 0.0062
15 0.3545 0.2761 0.1674 0.0461 0.1477 0.0083
16 0.2966 0.2056 0.2024 0.0318 0.2598 0.0039
17 0.5693 0.0446 0.2505 0.0853 0.0453 0.0052
18 0.5073 0.0265 0.2131 0.1559 0.0931 0.0041
19 0.1544 0.2428 0.4536 0.0288 0.0439 0.0764
20 0.1050 0.2661 0.3555 0.0268 0.0441 0.2025
21 0.3406 0.1465 0.2759 0.1852 0.0483 0.0035
22 0.2499 0.2275 0.3362 0.1390 0.0389 0.0082
23 0.1764 0.4795 0.2411 0.0619 0.0370 0.0041
24 0.2015 0.5396 0.1821 0.0254 0.0457 0.0057
25 0.2964 0.1315 0.2202 0.0362 0.3057 0.0101
26 0.1447 0.3931 0.3037 0.0399 0.1066 0.0120
27 0.1683 0.3169 0.4299 0.0199 0.0281 0.0367
28 0.2008 0.2347 0.1664 0.0515 0.3389 0.0077
29 0.2307 0.0557 0.3411 0.3203 0.0303 0.0221
30 0.0810 0.1099 0.4211 0.2678 0.1049 0.0153
31 0.3918 0.1725 0.2181 0.0367 0.1686 0.0123
32 0.4910 0.1364 0.2030 0.0534 0.0685 0.0479
33 0.5537 0.2325 0.0621 0.0597 0.0911 0.0009
34 0.2108 0.2175 0.0872 0.3020 0.1761 0.0061
35 0.2778 0.2913 0.3652 0.0095 0.0487 0.0076
36 0.1107 0.2134 0.6519 0.0016 0.0172 0.0050
37 0.4128 0.3044 0.0958 0.0292 0.1495 0.0084
38 0.2798 0.1475 0.1671 0.1985 0.1282 0.0789
39 0.0399 0.3848 0.5430 0.0233 0.0043 0.0048
40 0.4465 0.0981 0.2930 0.1138 0.0186 0.0299
41 0.2974 0.1239 0.2141 0.3264 0.0069 0.0313
42 0.1570 0.2798 0.4614 0.0518 0.0248 0.0250
43 0.2595 0.3306 0.2637 0.0598 0.0570 0.0293
44 0.0779 0.4114 0.1714 0.2871 0.0079 0.0444
45 0.1429 0.5879 0.1672 0.0388 0.0379 0.0250
46 0.3992 0.0444 0.1295 0.3633 0.0240 0.0395
47 0.5068 0.2629 0.0808 0.0264 0.1105 0.0123
48 0.5039 0.1335 0.2273 0.1032 0.0287 0.0031
49 0.0627 0.0294 0.0757 0.7764 0.0139 0.0418
50 0.2053 0.1898 0.4019 0.0755 0.0296 0.0977
51 0.1782 0.1715 0.1455 0.4517 0.0291 0.0239
52 0.5117 0.1537 0.2324 0.0720 0.0289 0.0013
53 0.5171 0.0477 0.2107 0.1888 0.0285 0.0069
54 0.2177 0.2354 0.2013 0.2109 0.0542 0.0807
55 0.0591 0.3823 0.3120 0.0901 0.0513 0.1053
56 0.3501 0.2749 0.1566 0.0928 0.1077 0.0179
57 0.3708 0.0506 0.3708 0.1545 0.0176 0.0356
58 0.1456 0.0621 0.2135 0.4314 0.0570 0.0904
59 0.2656 0.0940 0.2534 0.2419 0.1008 0.0441
60 0.2632 0.1896 0.1214 0.1302 0.2715 0.0241
61 0.5371 0.0458 0.2517 0.1009 0.0622 0.0024
62 0.5723 0.0695 0.1493 0.1267 0.0717 0.0103
63 0.3433 0.0342 0.3149 0.2114 0.0388 0.0573
64 0.2003 0.0896 0.1345 0.4998 0.0228 0.0531
65 0.1238 0.6289 0.1238 0.0845 0.0381 0.0010
66 0.2993 0.2074 0.1733 0.1163 0.0717 0.1318
67 0.1193 0.0290 0.1556 0.3398 0.0873 0.2688
68 0.1140 0.4138 0.1396 0.3223 0.0043 0.0059
69 0.0426 0.5034 0.0650 0.3860 0.0013 0.0016
70 0.3782 0.1135 0.2620 0.2258 0.0120 0.0086
71 0.4722 0.1937 0.2266 0.0534 0.0486 0.0057
72 0.3440 0.2576 0.3035 0.0374 0.0523 0.0052
73 0.3972 0.1240 0.2952 0.1508 0.0244 0.0081
74 0.3162 0.1602 0.2993 0.1932 0.0260 0.0051
75 0.4768 0.1107 0.2379 0.1572 0.0114 0.0058
76 0.1304 0.0709 0.3252 0.4175 0.0253 0.0307
77 0.0955 0.4519 0.3357 0.0779 0.0317 0.0072
78 0.2167 0.2759 0.2781 0.1454 0.0398 0.0440
79 0.4189 0.0913 0.3528 0.0563 0.0751 0.0055
80 0.3240 0.1310 0.4790 0.0304 0.0334 0.0023
81 0.3418 0.1772 0.2703 0.1565 0.0489 0.0053
82 0.5522 0.1710 0.1232 0.1343 0.0171 0.0024
83 0.5933 0.1897 0.1141 0.0848 0.0156 0.0024
84 0.1260 0.1951 0.4534 0.1790 0.0412 0.0054
85 0.0596 0.1849 0.4612 0.2864 0.0069 0.0010
86 0.5459 0.0699 0.1247 0.2367 0.0190 0.0037
87 0.1254 0.6934 0.0578 0.1196 0.0036 0.0002
88 0.2585 0.6606 0.0568 0.0199 0.0040 0.0001
89 0.1754 0.2593 0.3801 0.1345 0.0370 0.0137
90 0.0890 0.1400 0.1929 0.5239 0.0484 0.0057
91 0.3176 0.1431 0.4307 0.0760 0.0197 0.0131
92 0.1289 0.2125 0.2158 0.4192 0.0184 0.0051
93 0.1323 0.1443 0.3486 0.3569 0.0080 0.0096
94 0.4868 0.2585 0.0718 0.1508 0.0295 0.0027
95 0.5083 0.2617 0.1216 0.0870 0.0200 0.0014
96 0.0848 0.2695 0.2198 0.3921 0.0298 0.0041
97 0.1323 0.0475 0.2148 0.5933 0.0022 0.0101
98 0.3635 0.0817 0.2744 0.2440 0.0199 0.0165
99 0.2778 0.2693 0.3003 0.0960 0.0539 0.0026
100 0.2372 0.2013 0.2952 0.2281 0.0304 0.0077
101 0.1809 0.1686 0.1243 0.5112 0.0040 0.0108
102 0.5337 0.1191 0.1577 0.1127 0.0590 0.0178
103 0.5923 0.1364 0.0930 0.0686 0.1038 0.0058
104 0.4980 0.1936 0.1270 0.0453 0.1331 0.0031
105 0.1331 0.0464 0.1605 0.5962 0.0196 0.0442
106 0.1229 0.2174 0.3938 0.2502 0.0113 0.0042
107 0.1271 0.1184 0.5923 0.1497 0.0116 0.0012
108 0.0965 0.7129 0.0663 0.1164 0.0061 0.0018
109 0.1076 0.7183 0.0545 0.1051 0.0140 0.0006
110 0.6230 0.1179 0.1337 0.0891 0.0351 0.0014
111 0.4509 0.3147 0.1167 0.1046 0.0120 0.0009
112 0.5967 0.2062 0.1147 0.0691 0.0125 0.0009
113 0.7637 0.1041 0.0870 0.0274 0.0170 0.0009
114 0.5264 0.1013 0.1174 0.2109 0.0415 0.0025
115 0.1838 0.5361 0.1727 0.0703 0.0296 0.0074
116 0.1271 0.0419 0.1332 0.6553 0.0165 0.0260
117 0.4851 0.0963 0.1188 0.2678 0.0259 0.0061
118 0.6001 0.1392 0.1732 0.0695 0.0172 0.0009
119 0.2874 0.0507 0.3633 0.2401 0.0243 0.0343
120 0.7402 0.0553 0.1600 0.0187 0.0238 0.0020
121 0.5151 0.1431 0.2323 0.0565 0.0433 0.0097
122 0.0591 0.0390 0.0735 0.7539 0.0221 0.0525
123 0.1345 0.2893 0.2803 0.2252 0.0465 0.0243
124 0.5854 0.0662 0.0732 0.2421 0.0272 0.0059
125 0.6343 0.1329 0.1404 0.0806 0.0101 0.0019
126 0.2671 0.2529 0.3948 0.0252 0.0543 0.0058
127 0.3540 0.2693 0.2693 0.0345 0.0665 0.0066
128 0.2341 0.5977 0.0687 0.0597 0.0288 0.0110
129 0.3467 0.0850 0.2401 0.2659 0.0194 0.0431
130 0.4495 0.1680 0.0987 0.2561 0.0250 0.0030
131 0.4841 0.2937 0.0725 0.1047 0.0359 0.0091
132 0.3130 0.1367 0.2742 0.2345 0.0305 0.0111
133 0.6797 0.0418 0.1678 0.0812 0.0249 0.0046
134 0.6426 0.1663 0.0862 0.0743 0.0278 0.0030
135 0.6147 0.2158 0.0800 0.0485 0.0384 0.0025
136 0.4856 0.0956 0.2479 0.1100 0.0278 0.0331
137 0.5205 0.0829 0.2556 0.0904 0.0374 0.0133
138 0.3481 0.0551 0.0542 0.5225 0.0164 0.0038
139 0.3689 0.3254 0.2135 0.0726 0.0186 0.0009
140 0.4897 0.1774 0.2225 0.0845 0.0240 0.0018
141 0.2039 0.4055 0.1379 0.2440 0.0072 0.0015
142 0.1290 0.0419 0.0605 0.7427 0.0143 0.0118
143 0.5176 0.0858 0.3018 0.0806 0.0109 0.0033
144 0.5879 0.1030 0.1672 0.1292 0.0104 0.0021
145 0.5195 0.2612 0.1489 0.0527 0.0167 0.0006
146 0.1506 0.3213 0.4531 0.0493 0.0222 0.0033
147 0.1923 0.1937 0.3374 0.2195 0.0513 0.0059
148 0.2610 0.3540 0.2285 0.1354 0.0206 0.0007
149 0.2450 0.4333 0.1864 0.1113 0.0231 0.0010
150 0.4812 0.2917 0.1009 0.1074 0.0181 0.0006
151 0.4714 0.1630 0.3240 0.0252 0.0154 0.0010
152 0.1815 0.0689 0.3472 0.2622 0.0352 0.1050
153 0.3572 0.0621 0.2869 0.2739 0.0063 0.0137
154 0.5864 0.0906 0.2314 0.0787 0.0077 0.0048
155 0.3901 0.2056 0.2461 0.1349 0.0071 0.0162
156 0.2600 0.3040 0.2971 0.1200 0.0178 0.0010
157 0.3335 0.2239 0.3838 0.0515 0.0057 0.0018
158 0.2366 0.3416 0.1744 0.0608 0.0622 0.1246
159 0.1013 0.1556 0.5918 0.0770 0.0456 0.0288
160 0.0453 0.1078 0.4263 0.4067 0.0123 0.0016
161 0.2156 0.2769 0.1127 0.2993 0.0508 0.0448
162 0.4861 0.0838 0.2622 0.1146 0.0463 0.0072
163 0.4702 0.1743 0.2054 0.0602 0.0883 0.0016
164 0.2603 0.1666 0.1517 0.3875 0.0142 0.0196
165 0.0217 0.0167 0.0375 0.9097 0.0029 0.0114
166 0.5776 0.0428 0.2524 0.0559 0.0648 0.0066
167 0.4722 0.0522 0.4041 0.0269 0.0364 0.0083
168 0.4768 0.0423 0.3892 0.0527 0.0348 0.0041
169 0.0411 0.0238 0.0598 0.8647 0.0044 0.0061
170 0.5869 0.2061 0.1531 0.0256 0.0275 0.0007
171 0.5596 0.2260 0.1680 0.0299 0.0156 0.0011
172 0.3110 0.5586 0.0492 0.0627 0.0181 0.0002
173 0.5269 0.1203 0.1087 0.2301 0.0106 0.0036
174 0.4565 0.2581 0.1874 0.0899 0.0066 0.0017
175 0.3750 0.2039 0.2153 0.1857 0.0156 0.0044
176 0.5010 0.1228 0.1665 0.2009 0.0070 0.0016
177 0.0778 0.2693 0.3711 0.2610 0.0130 0.0078
178 0.2502 0.3757 0.2502 0.0957 0.0276 0.0006
179 0.1448 0.1060 0.0878 0.2971 0.0378 0.3264
