time exciting_prob fearful_prob tense_prob sad_prob relaxing_prob neutral_prob
0 0.1136 0.1553 0.1349 0.1288 0.0181 0.4492
1 0.0900 0.6812 0.1543 0.0439 0.0183 0.0125
2 0.1243 0.1725 0.1766 0.3596 0.1312 0.0359
3 0.1747 0.5215 0.1506 0.0402 0.0405 0.0723
4 0.1516 0.3208 0.3110 0.1829 0.0272 0.0065
5 0.3643 0.3140 0.1555 0.0460 0.0936 0.0266
6 0.3276 0.4175 0.1741 0.0261 0.0465 0.0081
7 0.0396 0.4788 0.1996 0.0381 0.2408 0.0030
8 0.0415 0.4897 0.3755 0.0341 0.0549 0.0044
9 0.0602 0.4731 0.3862 0.0163 0.0548 0.0095
10 0.0284 0.4209 0.5239 0.0089 0.0128 0.0052
11 0.1388 0.3860 0.2473 0.1205 0.1064 0.0009
12 0.0211 0.3884 0.5391 0.0242 0.0219 0.0052
13 0.0437 0.6274 0.1049 0.1107 0.1000 0.0133
14 0.1195 0.4763 0.2778 0.0875 0.0317 0.0071
15 0.1405 0.3345 0.3142 0.1416 0.0623 0.0069
16 0.0437 0.7061 0.2007 0.0238 0.0222 0.0038
17 0.1015 0.6416 0.1674 0.0275 0.0602 0.0020
18 0.2103 0.5806 0.1503 0.0140 0.0441 0.0005
19 0.0336 0.8408 0.0973 0.0097 0.0184 0.0002
20 0.0399 0.4678 0.4678 0.0093 0.0136 0.0016
21 0.2421 0.4150 0.2203 0.1057 0.0111 0.0058
22 0.2842 0.2161 0.2954 0.1428 0.0559 0.0057
23 0.1384 0.5967 0.1777 0.0157 0.0664 0.0049
24 0.0994 0.7173 0.1600 0.0029 0.0190 0.0015
25 0.2629 0.3679 0.3098 0.0457 0.0116 0.0022
26 0.0962 0.5537 0.2805 0.0480 0.0164 0.0054
27 0.1377 0.5322 0.1927 0.0876 0.0351 0.0146
28 0.1514 0.6323 0.1624 0.0322 0.0200 0.0020
29 0.1036 0.5469 0.2092 0.0770 0.0309 0.0323
30 0.1533 0.4910 0.2527 0.0644 0.0241 0.0145
31 0.1062 0.7314 0.1311 0.0164 0.0091 0.0059
32 0.1554 0.7241 0.0618 0.0381 0.0186 0.0020
33 0.0603 0.4255 0.4822 0.0264 0.0017 0.0039
34 0.2107 0.4822 0.2622 0.0316 0.0120 0.0014
35 0.1471 0.5254 0.2207 0.0632 0.0375 0.0062
36 0.1038 0.6606 0.1779 0.0327 0.0230 0.0020
37 0.2462 0.3472 0.3726 0.0046 0.0283 0.0011
38 0.1606 0.5103 0.2710 0.0326 0.0190 0.0062
39 0.0723 0.4683 0.2795 0.1279 0.0412 0.0108
40 0.0734 0.6694 0.0934 0.1191 0.0399 0.0048
41 0.1479 0.5718 0.1960 0.0325 0.0469 0.0048
42 0.1488 0.5840 0.1312 0.0931 0.0286 0.0145
43 0.0809 0.7622 0.1072 0.0159 0.0315 0.0023
44 0.1107 0.6992 0.1512 0.0131 0.0236 0.0022
45 0.4673 0.2642 0.2190 0.0173 0.0301 0.0024
46 0.2319 0.1644 0.2710 0.2754 0.0358 0.0214
47 0.1849 0.5654 0.2196 0.0135 0.0163 0.0004
48 0.0286 0.6768 0.2693 0.0214 0.0024 0.0017
49 0.2177 0.3167 0.3821 0.0283 0.0521 0.0033
50 0.1592 0.4866 0.2861 0.0103 0.0525 0.0054
51 0.1479 0.4280 0.2852 0.0732 0.0617 0.0040
52 0.1108 0.5371 0.2766 0.0411 0.0272 0.0071
53 0.2106 0.4353 0.2969 0.0396 0.0150 0.0027
54 0.1239 0.3877 0.2881 0.1494 0.0089 0.0421
55 0.1093 0.3699 0.4460 0.0550 0.0172 0.0026
56 0.0516 0.6484 0.2423 0.0424 0.0133 0.0020
57 0.0583 0.6372 0.2004 0.0698 0.0287 0.0055
58 0.1832 0.3267 0.3533 0.0525 0.0707 0.0136
59 0.1196 0.3301 0.4729 0.0479 0.0156 0.0139
60 0.0346 0.4705 0.4285 0.0608 0.0021 0.0035
61 0.1859 0.1318 0.4324 0.1918 0.0449 0.0133
62 0.2583 0.2427 0.3586 0.0788 0.0508 0.0109
63 0.0188 0.4109 0.5527 0.0158 0.0012 0.0005
64 0.1160 0.4377 0.3203 0.0977 0.0188 0.0094
65 0.0872 0.3696 0.3696 0.1382 0.0313 0.0040
66 0.0080 0.8418 0.1396 0.0072 0.0010 0.0021
67 0.1279 0.1427 0.4827 0.1890 0.0387 0.0191
68 0.0610 0.4370 0.4438 0.0406 0.0150 0.0027
69 0.0781 0.7188 0.1483 0.0375 0.0138 0.0037
70 0.0739 0.6333 0.2479 0.0136 0.0255 0.0059
71 0.0993 0.2419 0.4180 0.2102 0.0165 0.0140
72 0.1722 0.2751 0.4609 0.0482 0.0409 0.0027
73 0.1931 0.3235 0.4561 0.0188 0.0077 0.0007
74 0.3169 0.4365 0.2111 0.0214 0.0127 0.0017
75 0.0505 0.6250 0.2905 0.0268 0.0060 0.0010
76 0.2218 0.2361 0.3518 0.0454 0.1107 0.0343
77 0.2651 0.2693 0.3918 0.0168 0.0510 0.0060
78 0.0429 0.6870 0.2247 0.0350 0.0097 0.0007
79 0.0677 0.3279 0.4626 0.0876 0.0495 0.0046
80 0.0182 0.8774 0.1000 0.0033 0.0004 0.0004
81 0.0415 0.5684 0.2483 0.1051 0.0043 0.0326
82 0.0677 0.4148 0.4849 0.0213 0.0113 0.0002
83 0.1487 0.0861 0.4106 0.1970 0.1534 0.0041
84 0.0658 0.3340 0.2444 0.3188 0.0172 0.0199
85 0.0249 0.8296 0.1252 0.0161 0.0038 0.0005
86 0.1533 0.3401 0.3481 0.1213 0.0361 0.0010
87 0.0562 0.7114 0.2039 0.0190 0.0079 0.0018
88 0.0214 0.8413 0.1251 0.0082 0.0030 0.0008
89 0.2104 0.5127 0.1425 0.0310 0.0927 0.0105
90 0.1616 0.6055 0.1449 0.0196 0.0638 0.0047
91 0.1561 0.5449 0.1854 0.0427 0.0593 0.0114
92 0.1589 0.2791 0.3186 0.0576 0.1678 0.0180
93 0.1685 0.3979 0.0930 0.0573 0.2734 0.0100
94 0.0269 0.5317 0.3435 0.0527 0.0368 0.0082
95 0.0163 0.3818 0.4902 0.0776 0.0264 0.0079
96 0.1777 0.4331 0.2507 0.1139 0.0151 0.0094
97 0.1626 0.2539 0.4597 0.0891 0.0298 0.0047
98 0.2805 0.5122 0.1637 0.0289 0.0135 0.0011
99 0.0637 0.5171 0.2900 0.0812 0.0459 0.0022
100 0.1682 0.5869 0.1643 0.0355 0.0425 0.0026
101 0.1027 0.5337 0.2522 0.0734 0.0347 0.0034
102 0.0970 0.5239 0.2069 0.1265 0.0444 0.0012
103 0.2378 0.3860 0.2251 0.1132 0.0367 0.0011
104 0.0569 0.6924 0.2394 0.0093 0.0009 0.0011
105 0.1320 0.5059 0.2045 0.1147 0.0381 0.0048
106 0.0897 0.4050 0.4180 0.0636 0.0109 0.0127
107 0.1023 0.2360 0.4766 0.1500 0.0257 0.0095
108 0.1667 0.2427 0.2625 0.1340 0.1775 0.0168
109 0.2656 0.3411 0.2151 0.1345 0.0430 0.0008
110 0.0431 0.7817 0.1469 0.0043 0.0242 0.0002
111 0.1255 0.6221 0.2184 0.0251 0.0081 0.0008
112 0.0811 0.4592 0.4521 0.0036 0.0031 0.0009
113 0.2408 0.3477 0.3879 0.0081 0.0138 0.0018
114 0.0324 0.3982 0.5439 0.0245 0.0008 0.0001
115 0.0833 0.5024 0.3296 0.0529 0.0273 0.0045
116 0.1847 0.4680 0.2585 0.0718 0.0079 0.0090
117 0.2196 0.3025 0.3794 0.0509 0.0460 0.0016
118 0.3845 0.3340 0.2058 0.0485 0.0219 0.0054
119 0.1209 0.2661 0.3186 0.2462 0.0360 0.0120
120 0.0483 0.6470 0.2915 0.0072 0.0038 0.0021
121 0.1412 0.3232 0.2329 0.2366 0.0627 0.0033
122 0.0963 0.0612 0.4812 0.3308 0.0259 0.0046
123 0.2712 0.1895 0.2321 0.2017 0.0975 0.0081
124 0.0611 0.7329 0.1377 0.0404 0.0216 0.0061
125 0.3103 0.2288 0.3433 0.0666 0.0487 0.0025
126 0.0803 0.4375 0.2891 0.1796 0.0121 0.0015
127 0.1515 0.3662 0.3335 0.1189 0.0276 0.0021
128 0.0535 0.6118 0.3027 0.0127 0.0168 0.0024
129 0.0561 0.5195 0.3518 0.0606 0.0071 0.0047
130 0.0695 0.3235 0.4858 0.0745 0.0428 0.0039
131 0.1632 0.4038 0.3196 0.0649 0.0460 0.0025
132 0.0119 0.8350 0.1451 0.0038 0.0036 0.0006
133 0.1182 0.4062 0.3264 0.0920 0.0500 0.0070
134 0.1117 0.5166 0.3035 0.0437 0.0218 0.0028
135 0.2397 0.3831 0.2634 0.0709 0.0398 0.0031
136 0.1300 0.1221 0.2045 0.1473 0.2795 0.1165
137 0.2455 0.5532 0.1206 0.0476 0.0302 0.0029
138 0.0647 0.6284 0.1614 0.1092 0.0278 0.0088
139 0.3281 0.2477 0.3689 0.0455 0.0082 0.0016
140 0.1198 0.2786 0.2720 0.2852 0.0374 0.0072
141 0.2153 0.3311 0.3523 0.0824 0.0166 0.0023
142 0.1970 0.5356 0.2098 0.0440 0.0123 0.0011
143 0.1420 0.3892 0.1896 0.2551 0.0200 0.0042
144 0.2095 0.3508 0.2393 0.1658 0.0337 0.0011
145 0.0668 0.1732 0.2482 0.4636 0.0405 0.0079
146 0.0252 0.4565 0.1603 0.3501 0.0026 0.0054
147 0.2368 0.3418 0.2600 0.1277 0.0296 0.0040
148 0.0844 0.6904 0.1338 0.0608 0.0268 0.0039
149 0.0635 0.2800 0.4993 0.0660 0.0731 0.0181
150 0.0801 0.4717 0.3972 0.0456 0.0040 0.0014
151 0.2323 0.4141 0.2473 0.0616 0.0433 0.0013
152 0.0887 0.2393 0.5146 0.1321 0.0196 0.0058
153 0.1299 0.2544 0.4678 0.1268 0.0198 0.0014
154 0.1309 0.3188 0.3289 0.1035 0.1052 0.0127
155 0.1719 0.5771 0.1127 0.1309 0.0050 0.0024
156 0.0603 0.3579 0.5542 0.0092 0.0175 0.0008
157 0.1702 0.4146 0.2456 0.0836 0.0750 0.0110
158 0.0751 0.4636 0.3501 0.1003 0.0070 0.0039
159 0.1923 0.4541 0.1849 0.1213 0.0209 0.0264
160 0.0269 0.6216 0.3225 0.0210 0.0070 0.0009
161 0.1222 0.3296 0.3564 0.1683 0.0123 0.0113
162 0.0818 0.2996 0.5508 0.0372 0.0268 0.0038
163 0.1224 0.4802 0.2778 0.0475 0.0671 0.0049
164 0.2021 0.4556 0.2678 0.0298 0.0310 0.0136
165 0.1548 0.5361 0.2133 0.0760 0.0183 0.0016
166 0.1937 0.5186 0.2095 0.0659 0.0116 0.0008
167 0.3560 0.3940 0.2059 0.0334 0.0103 0.0006
168 0.0751 0.2583 0.4531 0.0712 0.1137 0.0285
169 0.0828 0.5156 0.2288 0.0666 0.0999 0.0065
170 0.1061 0.7720 0.1104 0.0061 0.0044 0.0009
171 0.0578 0.3123 0.4202 0.0847 0.1223 0.0029
172 0.1127 0.2642 0.5679 0.0435 0.0107 0.0013
173 0.1168 0.5576 0.2717 0.0317 0.0189 0.0035
174 0.2888 0.2214 0.2357 0.2214 0.0293 0.0033
175 0.3279 0.1869 0.1869 0.2476 0.0484 0.0026
176 0.0941 0.4153 0.4285 0.0218 0.0366 0.0035
177 0.2632 0.4338 0.2472 0.0450 0.0076 0.0034
178 0.0908 0.3765 0.3945 0.1078 0.0262 0.0042
179 0.1769 0.4243 0.3745 0.0159 0.0041 0.0044
180 0.3176 0.2869 0.3054 0.0433 0.0420 0.0046
181 0.0673 0.3755 0.2791 0.2406 0.0347 0.0028
182 0.1227 0.4927 0.3606 0.0138 0.0081 0.0021
183 0.0502 0.5068 0.3948 0.0350 0.0120 0.0008
184 0.1238 0.4858 0.2443 0.0818 0.0585 0.0057
185 0.2058 0.3906 0.3237 0.0594 0.0166 0.0038
186 0.2098 0.5034 0.2610 0.0166 0.0085 0.0009
187 0.1276 0.6230 0.1469 0.0933 0.0056 0.0035
188 0.1305 0.3281 0.4277 0.0955 0.0098 0.0083
189 0.1895 0.2130 0.2866 0.1149 0.1940 0.0020
190 0.1521 0.3508 0.4504 0.0119 0.0311 0.0036
191 0.1313 0.3054 0.3054 0.2269 0.0154 0.0154
192 0.1543 0.5688 0.2335 0.0281 0.0149 0.0003
193 0.1488 0.4172 0.2612 0.1158 0.0472 0.0098
194 0.4246 0.3333 0.1869 0.0220 0.0312 0.0023
195 0.0872 0.6704 0.2045 0.0240 0.0111 0.0030
196 0.1667 0.5020 0.2664 0.0604 0.0038 0.0009
197 0.4402 0.1498 0.1697 0.0867 0.1014 0.0522
198 0.1313 0.3599 0.2634 0.1973 0.0447 0.0034
199 0.2430 0.5269 0.0997 0.0329 0.0930 0.0045
200 0.1186 0.5977 0.2377 0.0356 0.0104 0.0003
201 0.1566 0.5596 0.2333 0.0147 0.0355 0.0002
202 0.1727 0.5620 0.1687 0.0862 0.0095 0.0008
203 0.1499 0.4954 0.3125 0.0312 0.0106 0.0004
204 0.0791 0.3801 0.4587 0.0749 0.0062 0.0010
205 0.2952 0.3347 0.2861 0.0696 0.0139 0.0004
206 0.1179 0.5894 0.2457 0.0386 0.0078 0.0004
207 0.2491 0.3125 0.2781 0.1115 0.0479 0.0010
208 0.1520 0.3645 0.4163 0.0297 0.0311 0.0066
209 0.1289 0.3879 0.4004 0.0533 0.0270 0.0023
210 0.1487 0.6260 0.1864 0.0334 0.0041 0.0015
211 0.1775 0.3877 0.3066 0.0734 0.0529 0.0020
212 0.0893 0.6396 0.1935 0.0321 0.0352 0.0105
213 0.1361 0.4226 0.1775 0.2075 0.0452 0.0110
214 0.2433 0.2286 0.3740 0.1114 0.0376 0.0051
215 0.2429 0.2111 0.2078 0.2668 0.0564 0.0153
216 0.1945 0.2478 0.4453 0.0699 0.0360 0.0067
217 0.1854 0.6030 0.1598 0.0327 0.0111 0.0077
218 0.1185 0.0551 0.1062 0.4268 0.0264 0.2671
219 0.0952 0.0551 0.2393 0.5308 0.0182 0.0615
220 0.1099 0.4053 0.2742 0.1743 0.0230 0.0132
221 0.2120 0.4185 0.2944 0.0496 0.0188 0.0067
222 0.0989 0.5781 0.1078 0.1921 0.0202 0.0030
223 0.1429 0.2935 0.4202 0.0654 0.0724 0.0055
224 0.2310 0.2659 0.3992 0.0693 0.0298 0.0048
225 0.1880 0.3430 0.3887 0.0410 0.0370 0.0024
226 0.2206 0.5049 0.1962 0.0575 0.0097 0.0112
227 0.2329 0.4968 0.1564 0.0580 0.0528 0.0032
228 0.0876 0.3127 0.5239 0.0616 0.0135 0.0005
229 0.1586 0.4844 0.2915 0.0544 0.0099 0.0012
230 0.0683 0.3931 0.2810 0.1492 0.0811 0.0274
231 0.1588 0.4490 0.1691 0.0986 0.1010 0.0236
232 0.1344 0.4338 0.3076 0.0293 0.0917 0.0031
233 0.2148 0.1560 0.3831 0.2019 0.0394 0.0048
234 0.0665 0.1697 0.3765 0.3123 0.0624 0.0126
235 0.0203 0.2734 0.5190 0.1149 0.0620 0.0103
236 0.2732 0.3975 0.1805 0.0432 0.0959 0.0098
237 0.1332 0.6553 0.1581 0.0342 0.0165 0.0025
238 0.2971 0.4712 0.1831 0.0187 0.0270 0.0031
239 0.2817 0.4680 0.2194 0.0082 0.0204 0.0025
240 0.1003 0.3088 0.4155 0.1403 0.0122 0.0227
