time exciting_prob fearful_prob tense_prob sad_prob relaxing_prob neutral_prob
0 0.1136 0.1553 0.1349 0.1288 0.0181 0.4492
1 0.1644 0.0753 0.2932 0.4402 0.0034 0.0235
2 0.3469 0.1470 0.1829 0.3062 0.0045 0.0125
3 0.1979 0.1110 0.0851 0.5908 0.0037 0.0119
4 0.0455 0.0378 0.2172 0.6797 0.0093 0.0108
5 0.0839 0.0372 0.0193 0.8086 0.0214 0.0294
6 0.0449 0.0425 0.0428 0.7773 0.0233 0.0690
7 0.2428 0.1580 0.0936 0.3022 0.1450 0.0586
8 0.2070 0.3577 0.1575 0.1915 0.0553 0.0310
9 0.0889 0.2494 0.1008 0.4309 0.0440 0.0862
10 0.0394 0.1293 0.0583 0.6265 0.0468 0.0999
11 0.0656 0.2871 0.0607 0.4482 0.0616 0.0767
12 0.0478 0.3018 0.0585 0.4976 0.0529 0.0415
13 0.0615 0.0875 0.1105 0.5615 0.0208 0.1583
14 0.0629 0.2391 0.0901 0.4067 0.0262 0.1749
15 0.0871 0.1653 0.1425 0.4355 0.0326 0.1371
16 0.0817 0.1527 0.1327 0.4419 0.0310 0.1600
17 0.1112 0.3069 0.0914 0.3589 0.0378 0.0936
18 0.1065 0.5669 0.1274 0.1236 0.0357 0.0398
19 0.1209 0.4529 0.1425 0.1887 0.0366 0.0585
20 0.0687 0.5488 0.1263 0.1768 0.0277 0.0518
21 0.0580 0.2556 0.1002 0.3606 0.0325 0.1930
22 0.1401 0.5205 0.1108 0.1613 0.0444 0.0225
23 0.0909 0.4954 0.1272 0.2147 0.0373 0.0345
24 0.0692 0.4207 0.1205 0.2983 0.0293 0.0620
25 0.0795 0.4163 0.1362 0.2408 0.0372 0.0900
26 0.0470 0.0623 0.0449 0.7236 0.0328 0.0892
27 0.0490 0.2114 0.0606 0.5747 0.0214 0.0828
28 0.0589 0.3994 0.1092 0.1744 0.0477 0.2104
29 0.0734 0.1981 0.1555 0.3586 0.0339 0.1804
30 0.0399 0.1760 0.1328 0.2993 0.0281 0.3237
31 0.0577 0.2864 0.1879 0.2649 0.0209 0.1821
32 0.0703 0.1838 0.1304 0.4548 0.0282 0.1324
33 0.0867 0.1647 0.1302 0.4270 0.0216 0.1698
34 0.0948 0.1870 0.1703 0.3604 0.0301 0.1575
35 0.5503 0.0580 0.0812 0.2441 0.0528 0.0137
36 0.4307 0.1466 0.1661 0.2133 0.0300 0.0133
37 0.2976 0.1147 0.1362 0.3762 0.0600 0.0151
38 0.3149 0.1880 0.1323 0.2866 0.0583 0.0198
39 0.4128 0.1761 0.1483 0.2075 0.0460 0.0093
40 0.2137 0.2275 0.1493 0.3525 0.0445 0.0124
41 0.0709 0.0645 0.3127 0.4548 0.0314 0.0656
42 0.0322 0.0975 0.1608 0.6357 0.0145 0.0591
43 0.0341 0.1857 0.3750 0.2617 0.0067 0.1368
44 0.1746 0.1993 0.1381 0.4526 0.0168 0.0185
45 0.1011 0.1201 0.1360 0.6143 0.0072 0.0213
46 0.1704 0.2104 0.0756 0.4526 0.0431 0.0477
47 0.0807 0.0901 0.4722 0.3401 0.0108 0.0060
48 0.1042 0.3389 0.4219 0.0884 0.0346 0.0121
49 0.0452 0.1615 0.1802 0.5381 0.0202 0.0550
50 0.0537 0.3557 0.0751 0.4158 0.0775 0.0220
51 0.1235 0.5200 0.1057 0.2004 0.0178 0.0327
52 0.0949 0.7700 0.0165 0.0734 0.0130 0.0320
53 0.0558 0.4189 0.0658 0.3755 0.0341 0.0497
54 0.0161 0.2803 0.0450 0.6416 0.0029 0.0143
55 0.0212 0.3909 0.1372 0.3503 0.0087 0.0914
56 0.0090 0.2673 0.1055 0.5488 0.0132 0.0561
57 0.0116 0.2019 0.0809 0.6030 0.0095 0.0932
58 0.0154 0.0500 0.0673 0.7949 0.0053 0.0673
59 0.0106 0.1034 0.2725 0.5415 0.0051 0.0668
60 0.0117 0.2122 0.1759 0.5171 0.0096 0.0739
61 0.0166 0.0420 0.0583 0.4177 0.0065 0.4587
62 0.0166 0.0382 0.0557 0.4412 0.0071 0.4412
63 0.0219 0.0425 0.0776 0.5693 0.0110 0.2776
64 0.0111 0.0659 0.1464 0.7432 0.0072 0.0264
65 0.0175 0.2078 0.0614 0.6919 0.0041 0.0172
66 0.3035 0.3179 0.0682 0.2761 0.0167 0.0175
67 0.2874 0.4890 0.0598 0.1348 0.0269 0.0021
68 0.2141 0.1519 0.0146 0.5645 0.0110 0.0442
69 0.1182 0.3845 0.0442 0.4290 0.0086 0.0154
70 0.1130 0.1079 0.0126 0.7373 0.0127 0.0165
71 0.2209 0.3188 0.0541 0.3672 0.0242 0.0147
72 0.1879 0.2249 0.1062 0.4541 0.0176 0.0094
73 0.0587 0.3079 0.1500 0.4692 0.0045 0.0097
74 0.1875 0.1935 0.1192 0.4570 0.0141 0.0288
75 0.1261 0.5967 0.1722 0.0952 0.0040 0.0059
76 0.2896 0.2874 0.2458 0.1587 0.0016 0.0167
77 0.1647 0.2571 0.3982 0.1442 0.0048 0.0309
78 0.1226 0.2874 0.4519 0.1245 0.0019 0.0118
79 0.0507 0.4182 0.3359 0.1538 0.0078 0.0335
80 0.0499 0.1586 0.1073 0.6079 0.0101 0.0661
81 0.0491 0.2068 0.1561 0.5117 0.0129 0.0631
82 0.0505 0.3789 0.1310 0.4033 0.0224 0.0137
83 0.0923 0.2549 0.0968 0.5151 0.0288 0.0119
84 0.0671 0.0823 0.1294 0.6128 0.0527 0.0557
85 0.1102 0.3140 0.1383 0.3560 0.0463 0.0352
86 0.0554 0.6240 0.1932 0.0972 0.0089 0.0215
87 0.0928 0.4158 0.1182 0.3213 0.0272 0.0248
88 0.1252 0.2113 0.2629 0.3708 0.0080 0.0218
89 0.0550 0.3972 0.3293 0.1906 0.0015 0.0266
90 0.0760 0.2800 0.2454 0.3352 0.0013 0.0620
91 0.1235 0.3657 0.2084 0.2717 0.0019 0.0287
92 0.1388 0.3987 0.1636 0.2456 0.0028 0.0507
93 0.4543 0.0293 0.1429 0.3171 0.0144 0.0419
94 0.0555 0.0586 0.0907 0.7715 0.0086 0.0150
95 0.0106 0.0371 0.0427 0.8994 0.0050 0.0054
96 0.0534 0.0873 0.1581 0.6709 0.0179 0.0125
97 0.0300 0.0804 0.1033 0.7451 0.0271 0.0140
98 0.1481 0.0986 0.0857 0.5415 0.0177 0.1083
99 0.2089 0.2404 0.1100 0.3840 0.0149 0.0418
100 0.0909 0.3826 0.1194 0.3650 0.0112 0.0309
101 0.0847 0.2908 0.1594 0.4165 0.0233 0.0252
102 0.1011 0.3215 0.0509 0.4326 0.0658 0.0281
103 0.1203 0.4470 0.0944 0.2627 0.0639 0.0116
104 0.0659 0.0886 0.0489 0.6968 0.0285 0.0712
105 0.0468 0.0491 0.0394 0.7676 0.0298 0.0671
106 0.0472 0.0479 0.0430 0.7734 0.0340 0.0543
107 0.0580 0.0598 0.0411 0.7397 0.0405 0.0607
108 0.0041 0.0099 0.0211 0.9570 0.0013 0.0068
109 0.0030 0.0078 0.0259 0.9575 0.0027 0.0031
110 0.0048 0.0080 0.0175 0.9619 0.0012 0.0067
111 0.0343 0.0905 0.1492 0.6787 0.0107 0.0365
112 0.0017 0.0231 0.0096 0.9609 0.0006 0.0038
113 0.0018 0.0108 0.0057 0.9771 0.0014 0.0034
114 0.0050 0.0119 0.0139 0.9604 0.0030 0.0056
115 0.0032 0.0070 0.0081 0.9766 0.0019 0.0030
116 0.0052 0.0270 0.0222 0.9370 0.0036 0.0048
117 0.0577 0.0175 0.0311 0.8550 0.0077 0.0311
118 0.0764 0.0266 0.0339 0.8213 0.0107 0.0309
119 0.0513 0.0219 0.0334 0.8682 0.0081 0.0169
120 0.0785 0.0271 0.0447 0.7510 0.0092 0.0897
121 0.1051 0.0341 0.0599 0.7588 0.0140 0.0281
122 0.0853 0.0555 0.2690 0.5786 0.0041 0.0077
123 0.0798 0.0641 0.2515 0.5938 0.0046 0.0061
124 0.0883 0.0363 0.1990 0.6631 0.0074 0.0062
125 0.0601 0.0629 0.2957 0.5698 0.0039 0.0079
126 0.0575 0.0484 0.1400 0.7339 0.0059 0.0145
127 0.0840 0.0446 0.3765 0.3884 0.0065 0.0998
128 0.0710 0.0545 0.1248 0.7290 0.0065 0.0141
129 0.1306 0.0360 0.1436 0.6738 0.0056 0.0102
130 0.0914 0.0375 0.0914 0.7656 0.0075 0.0064
131 0.0994 0.0434 0.3062 0.5205 0.0115 0.0191
132 0.0966 0.0329 0.0729 0.7842 0.0069 0.0063
133 0.1023 0.0213 0.0620 0.8042 0.0032 0.0068
134 0.0060 0.0225 0.0094 0.9551 0.0038 0.0030
135 0.0026 0.0135 0.0151 0.9624 0.0016 0.0047
136 0.0035 0.0183 0.0140 0.9556 0.0016 0.0071
137 0.0116 0.0365 0.0275 0.8843 0.0076 0.0327
138 0.1313 0.0709 0.1008 0.6172 0.0168 0.0630
139 0.1312 0.0724 0.0753 0.6357 0.0218 0.0634
140 0.2192 0.0567 0.0668 0.5864 0.0169 0.0537
141 0.1517 0.0980 0.1200 0.5635 0.0170 0.0497
142 0.3037 0.1017 0.1190 0.4219 0.0238 0.0298
143 0.4783 0.2073 0.0837 0.1639 0.0445 0.0224
144 0.3037 0.1855 0.0870 0.2556 0.1412 0.0269
145 0.5386 0.0826 0.0701 0.2108 0.0782 0.0199
146 0.1794 0.2590 0.0630 0.4512 0.0143 0.0329
147 0.1449 0.2141 0.3069 0.3044 0.0172 0.0126
148 0.1986 0.2471 0.2452 0.2114 0.0413 0.0565
149 0.1237 0.2223 0.2479 0.2223 0.0310 0.1527
150 0.2452 0.1006 0.1420 0.3569 0.0356 0.1196
151 0.0399 0.0800 0.0633 0.8018 0.0138 0.0010
152 0.0146 0.0488 0.0437 0.8853 0.0062 0.0015
153 0.0153 0.0283 0.0449 0.8945 0.0131 0.0041
154 0.0243 0.0359 0.0790 0.8364 0.0214 0.0027
155 0.0810 0.2327 0.2595 0.3835 0.0420 0.0013
156 0.4204 0.1836 0.2285 0.1442 0.0219 0.0014
157 0.0441 0.2659 0.1515 0.5122 0.0191 0.0071
158 0.0916 0.3352 0.0601 0.4839 0.0171 0.0121
159 0.0259 0.1082 0.0804 0.4851 0.2477 0.0527
160 0.1591 0.2388 0.0412 0.5215 0.0363 0.0030
161 0.1148 0.0644 0.0342 0.7373 0.0286 0.0208
162 0.0682 0.1687 0.2417 0.4880 0.0201 0.0132
163 0.1328 0.1248 0.0734 0.6436 0.0120 0.0137
164 0.2241 0.5049 0.0477 0.2009 0.0080 0.0141
165 0.0608 0.1732 0.0251 0.7290 0.0050 0.0067
166 0.1365 0.0999 0.1168 0.6118 0.0216 0.0137
167 0.1071 0.1158 0.0759 0.6875 0.0057 0.0081
168 0.0944 0.1520 0.0529 0.6919 0.0059 0.0028
169 0.0718 0.1984 0.1777 0.5308 0.0176 0.0036
170 0.0503 0.2537 0.1009 0.5898 0.0039 0.0016
171 0.0544 0.0597 0.0646 0.8115 0.0046 0.0051
172 0.0813 0.1183 0.2749 0.3701 0.0083 0.1472
173 0.1312 0.0945 0.2610 0.3196 0.0475 0.1464
174 0.1521 0.1835 0.1893 0.4333 0.0382 0.0034
175 0.0720 0.2378 0.1560 0.4514 0.0502 0.0327
176 0.1436 0.3137 0.2791 0.2500 0.0065 0.0072
177 0.0623 0.4290 0.1437 0.3501 0.0013 0.0137
178 0.1523 0.2396 0.0676 0.4839 0.0543 0.0022
179 0.1307 0.6382 0.0380 0.1718 0.0173 0.0038
180 0.2494 0.5117 0.0810 0.1512 0.0057 0.0008
181 0.2295 0.2405 0.0500 0.4492 0.0217 0.0090
182 0.1741 0.0499 0.1056 0.6172 0.0293 0.0239
183 0.0789 0.2488 0.2820 0.2607 0.0450 0.0847
184 0.1122 0.1071 0.2450 0.4233 0.0072 0.1053
185 0.0891 0.2898 0.3662 0.1842 0.0166 0.0540
186 0.1471 0.2483 0.3699 0.1681 0.0107 0.0558
187 0.1263 0.4341 0.2324 0.1133 0.0518 0.0420
188 0.0638 0.3020 0.3020 0.2262 0.0393 0.0668
189 0.1555 0.1656 0.0478 0.6152 0.0058 0.0099
190 0.2651 0.3149 0.0543 0.3301 0.0230 0.0128
191 0.3574 0.3464 0.0488 0.2069 0.0338 0.0064
192 0.0276 0.1904 0.0648 0.7075 0.0023 0.0073
193 0.1292 0.2164 0.1851 0.4509 0.0061 0.0122
194 0.0333 0.0733 0.1902 0.6743 0.0060 0.0229
195 0.1194 0.1510 0.2375 0.4724 0.0104 0.0091
196 0.0390 0.1967 0.0497 0.6973 0.0130 0.0046
197 0.2529 0.1311 0.0582 0.4949 0.0324 0.0304
198 0.1152 0.1116 0.0511 0.6426 0.0253 0.0544
199 0.1675 0.0527 0.0519 0.6221 0.0124 0.0932
200 0.1086 0.0283 0.0859 0.7656 0.0037 0.0079
201 0.1231 0.0555 0.0457 0.6763 0.0157 0.0840
202 0.0728 0.0428 0.0878 0.7822 0.0072 0.0072
203 0.0863 0.0715 0.2203 0.6084 0.0025 0.0108
204 0.0916 0.0158 0.0273 0.8350 0.0087 0.0216
205 0.1874 0.0618 0.3501 0.3845 0.0074 0.0086
206 0.0598 0.0392 0.1676 0.7163 0.0080 0.0089
207 0.0557 0.1178 0.3303 0.4587 0.0041 0.0332
208 0.1921 0.2194 0.0746 0.3069 0.1848 0.0221
209 0.0690 0.1461 0.0886 0.6450 0.0378 0.0136
210 0.1812 0.0523 0.1411 0.6128 0.0050 0.0075
211 0.2242 0.1653 0.0341 0.5254 0.0375 0.0135
212 0.0912 0.1552 0.2722 0.4631 0.0129 0.0054
213 0.0021 0.0282 0.0202 0.9424 0.0018 0.0054
214 0.0034 0.0250 0.0250 0.9385 0.0014 0.0068
215 0.0056 0.0361 0.0353 0.8960 0.0053 0.0217
216 0.1543 0.1804 0.0268 0.6055 0.0172 0.0159
217 0.2083 0.2737 0.0284 0.4548 0.0200 0.0147
218 0.0146 0.0331 0.0176 0.9292 0.0029 0.0026
219 0.0059 0.0251 0.0152 0.9497 0.0012 0.0028
220 0.0456 0.0205 0.0198 0.8872 0.0011 0.0258
221 0.0142 0.0936 0.0318 0.8213 0.0019 0.0372
222 0.1235 0.0779 0.0410 0.3411 0.4050 0.0117
223 0.1122 0.1158 0.0282 0.3511 0.3855 0.0073
224 0.0853 0.0967 0.0403 0.1396 0.6357 0.0025
225 0.0334 0.1070 0.0198 0.8154 0.0083 0.0159
226 0.1086 0.1509 0.0258 0.6924 0.0096 0.0128
227 0.0471 0.1619 0.0117 0.7485 0.0119 0.0186
228 0.0702 0.4202 0.0269 0.4543 0.0127 0.0158
229 0.0899 0.2522 0.0264 0.6050 0.0125 0.0145
230 0.1210 0.4675 0.0341 0.3342 0.0299 0.0133
231 0.0729 0.1696 0.0250 0.7192 0.0098 0.0034
232 0.0044 0.0254 0.0097 0.9541 0.0003 0.0064
233 0.0104 0.1591 0.0193 0.8076 0.0005 0.0031
234 0.0023 0.0148 0.0054 0.9736 0.0001 0.0036
235 0.0037 0.0682 0.0115 0.9126 0.0002 0.0038
236 0.0028 0.0654 0.0100 0.9175 0.0001 0.0041
237 0.0054 0.0432 0.0116 0.9316 0.0011 0.0070
238 0.1439 0.0471 0.0614 0.1791 0.5562 0.0125
239 0.0672 0.0162 0.0531 0.1226 0.7393 0.0016
240 0.0493 0.4324 0.3584 0.1471 0.0082 0.0046
241 0.0147 0.5415 0.4285 0.0130 0.0019 0.0005
242 0.0120 0.6187 0.3582 0.0086 0.0023 0.0002
243 0.0200 0.6836 0.2290 0.0616 0.0041 0.0016
244 0.0687 0.5933 0.2512 0.0626 0.0232 0.0007
245 0.0823 0.3408 0.1868 0.3745 0.0142 0.0014
246 0.1183 0.5688 0.1012 0.1875 0.0229 0.0013
247 0.1236 0.0798 0.0241 0.7222 0.0346 0.0155
248 0.1017 0.1017 0.0276 0.6948 0.0484 0.0255
249 0.1098 0.1225 0.0487 0.6421 0.0395 0.0377
250 0.1187 0.1031 0.0578 0.6313 0.0365 0.0526
251 0.1288 0.1309 0.1506 0.5259 0.0128 0.0512
252 0.0999 0.0923 0.1837 0.5234 0.0218 0.0790
253 0.0999 0.2048 0.2590 0.3596 0.0103 0.0665
254 0.0904 0.1255 0.3689 0.2576 0.0089 0.1490
255 0.1128 0.1693 0.3315 0.2925 0.0138 0.0800
256 0.6724 0.1781 0.0592 0.0772 0.0129 0.0002
257 0.7070 0.1360 0.0576 0.0825 0.0169 0.0001
258 0.7085 0.1362 0.0573 0.0814 0.0168 0.0001
259 0.7095 0.1365 0.0569 0.0803 0.0167 0.0001
260 0.7085 0.1373 0.0573 0.0801 0.0167 0.0001
261 0.6816 0.1710 0.0620 0.0675 0.0176 0.0001
262 0.1136 0.1553 0.1349 0.1288 0.0181 0.4492
