time exciting_prob fearful_prob tense_prob sad_prob relaxing_prob neutral_prob
0 0.1136 0.1553 0.1349 0.1288 0.0181 0.4492
1 0.2764 0.1785 0.1677 0.2808 0.0727 0.0238
2 0.0655 0.1487 0.1986 0.3352 0.0670 0.1851
3 0.0191 0.0667 0.0925 0.0970 0.7168 0.0081
4 0.0398 0.0756 0.1002 0.0780 0.6846 0.0220
5 0.1058 0.0488 0.0267 0.7002 0.0473 0.0710
6 0.0854 0.1355 0.1234 0.3030 0.0592 0.2937
7 0.0673 0.0110 0.0500 0.4456 0.0074 0.4187
8 0.0768 0.1887 0.4971 0.1931 0.0333 0.0109
9 0.1033 0.0977 0.4663 0.2457 0.0507 0.0363
10 0.0057 0.0113 0.0212 0.0285 0.5776 0.3557
11 0.0083 0.0242 0.0337 0.0432 0.8818 0.0086
12 0.0619 0.0943 0.4429 0.2998 0.0316 0.0695
13 0.1366 0.2183 0.2360 0.2983 0.0556 0.0552
14 0.0374 0.0360 0.0919 0.3806 0.0020 0.4521
15 0.0645 0.0267 0.0560 0.2083 0.0032 0.6411
16 0.0343 0.1797 0.3130 0.3518 0.0515 0.0698
17 0.0069 0.1061 0.2627 0.4795 0.0032 0.1417
18 0.0376 0.0840 0.0874 0.2610 0.0029 0.5273
19 0.1730 0.3662 0.2239 0.0978 0.0905 0.0488
20 0.1726 0.2114 0.1726 0.2532 0.0754 0.1149
21 0.0544 0.2717 0.1597 0.0984 0.0079 0.4080
22 0.0646 0.0984 0.0896 0.2871 0.0088 0.4517
23 0.1501 0.4082 0.2236 0.1160 0.0424 0.0597
24 0.0435 0.0659 0.0801 0.2908 0.0054 0.5142
25 0.0219 0.0520 0.1639 0.5010 0.0768 0.1843
26 0.3499 0.2312 0.1447 0.1127 0.1493 0.0125
27 0.0792 0.2556 0.1870 0.0562 0.3960 0.0259
28 0.1559 0.2285 0.1925 0.0334 0.2250 0.1647
29 0.0840 0.0834 0.0938 0.2979 0.0209 0.4202
30 0.1515 0.2744 0.2639 0.2087 0.0199 0.0817
31 0.0892 0.0533 0.0186 0.6802 0.0320 0.1268
32 0.2246 0.4197 0.0659 0.2229 0.0314 0.0356
33 0.0432 0.2174 0.0920 0.5176 0.0838 0.0463
34 0.0116 0.2034 0.2098 0.5190 0.0050 0.0510
35 0.0878 0.0594 0.0900 0.2561 0.0049 0.5015
36 0.2932 0.2607 0.2607 0.0735 0.0091 0.1029
37 0.0900 0.1642 0.1019 0.0845 0.0129 0.5469
38 0.1608 0.0748 0.0560 0.5190 0.0468 0.1429
39 0.1166 0.1696 0.1833 0.3372 0.0339 0.1593
40 0.0252 0.0443 0.0429 0.2467 0.0254 0.6157
41 0.0538 0.1272 0.0815 0.3457 0.0620 0.3298
42 0.0720 0.0121 0.0401 0.6172 0.0133 0.2455
43 0.0266 0.0567 0.0751 0.0396 0.7578 0.0441
44 0.0147 0.0592 0.1534 0.5977 0.0263 0.1488
45 0.0533 0.3477 0.0943 0.0133 0.4902 0.0012
46 0.1379 0.3181 0.1664 0.1025 0.1562 0.1189
47 0.0538 0.0654 0.2607 0.3123 0.0450 0.2629
48 0.1503 0.1117 0.1469 0.4182 0.0078 0.1650
49 0.1860 0.0851 0.0793 0.4604 0.0157 0.1733
50 0.0470 0.0900 0.1111 0.6543 0.0279 0.0695
51 0.0486 0.0141 0.0453 0.6299 0.0190 0.2429
52 0.1473 0.1605 0.3452 0.1270 0.0619 0.1581
53 0.1090 0.2742 0.1974 0.0515 0.2344 0.1335
54 0.0687 0.1647 0.2610 0.2286 0.0298 0.2472
55 0.0545 0.1277 0.1948 0.4897 0.0995 0.0338
56 0.0140 0.1216 0.1675 0.5664 0.0816 0.0487
57 0.1703 0.3413 0.1082 0.3013 0.0779 0.0011
58 0.1608 0.1114 0.6406 0.0564 0.0275 0.0031
59 0.1213 0.4688 0.1924 0.0394 0.1738 0.0044
60 0.0447 0.3411 0.4082 0.1255 0.0330 0.0473
61 0.1255 0.2186 0.2169 0.1550 0.0097 0.2742
62 0.2198 0.0464 0.3740 0.3250 0.0192 0.0156
63 0.0704 0.0891 0.2383 0.5718 0.0251 0.0053
64 0.1277 0.1731 0.2089 0.0520 0.0099 0.4285
65 0.0789 0.4004 0.4067 0.0846 0.0152 0.0140
66 0.0566 0.5498 0.2037 0.1295 0.0527 0.0077
67 0.1464 0.1738 0.3796 0.0692 0.0975 0.1333
68 0.0938 0.1451 0.2932 0.0359 0.3826 0.0494
69 0.0376 0.1952 0.3945 0.0241 0.3269 0.0217
70 0.1294 0.3604 0.2219 0.1107 0.0377 0.1400
71 0.0778 0.0379 0.0587 0.7734 0.0114 0.0410
72 0.0291 0.2456 0.4553 0.1274 0.0732 0.0693
73 0.0684 0.2705 0.3669 0.0533 0.0428 0.1980
74 0.0617 0.1445 0.0970 0.2517 0.1246 0.3206
75 0.1282 0.1475 0.1375 0.3594 0.0367 0.1908
76 0.0873 0.5391 0.2161 0.0521 0.0361 0.0696
77 0.3662 0.2556 0.1171 0.0762 0.1295 0.0553
78 0.3137 0.2258 0.2747 0.0541 0.1209 0.0109
79 0.0390 0.2057 0.3137 0.0452 0.3843 0.0121
80 0.0848 0.4548 0.2472 0.0703 0.0601 0.0828
81 0.1014 0.0560 0.1293 0.3770 0.0539 0.2825
82 0.0393 0.2544 0.3586 0.1102 0.1036 0.1340
83 0.0134 0.0785 0.1377 0.7217 0.0278 0.0208
84 0.2168 0.3689 0.3574 0.0368 0.0063 0.0138
85 0.1539 0.4741 0.1010 0.1930 0.0617 0.0165
86 0.0930 0.5107 0.0990 0.2179 0.0376 0.0419
87 0.1159 0.3743 0.0597 0.2803 0.1283 0.0417
88 0.1187 0.0483 0.2114 0.4512 0.0181 0.1523
89 0.0474 0.3018 0.2261 0.3240 0.0418 0.0590
90 0.0200 0.1062 0.1013 0.0203 0.7490 0.0034
91 0.0393 0.0152 0.0439 0.8677 0.0022 0.0316
92 0.0297 0.0471 0.0394 0.7788 0.0030 0.1021
93 0.1159 0.0953 0.2961 0.0472 0.1254 0.3201
94 0.1155 0.2142 0.2793 0.0446 0.1036 0.2427
95 0.0590 0.0541 0.1505 0.5464 0.0097 0.1802
96 0.0875 0.2803 0.1727 0.2512 0.1525 0.0556
97 0.0443 0.2096 0.2529 0.0765 0.4041 0.0126
98 0.1665 0.2172 0.2223 0.2479 0.0081 0.1381
99 0.1157 0.3293 0.2585 0.1520 0.0649 0.0795
100 0.0791 0.3381 0.2343 0.1335 0.1133 0.1016
101 0.2434 0.1686 0.1766 0.1633 0.0714 0.1766
102 0.0677 0.2703 0.3721 0.1691 0.0175 0.1033
103 0.0326 0.1248 0.2462 0.5215 0.0287 0.0463
104 0.0422 0.0894 0.0887 0.0107 0.7144 0.0547
105 0.0136 0.0629 0.1462 0.0201 0.7544 0.0029
106 0.0803 0.0720 0.1234 0.6123 0.0499 0.0621
107 0.1123 0.4917 0.2778 0.0450 0.0518 0.0213
108 0.0856 0.1135 0.0891 0.3523 0.0699 0.2898
109 0.0747 0.2979 0.0702 0.1646 0.1194 0.2734
110 0.0434 0.0971 0.1390 0.6953 0.0095 0.0156
111 0.1710 0.2527 0.3647 0.0235 0.0559 0.1321
112 0.0965 0.2837 0.4160 0.0252 0.0195 0.1592
113 0.0746 0.4392 0.3291 0.0297 0.0279 0.0995
114 0.0428 0.3340 0.2771 0.1628 0.0339 0.1494
115 0.1335 0.5322 0.2236 0.0646 0.0287 0.0175
116 0.3782 0.2347 0.1227 0.1652 0.0642 0.0349
117 0.1250 0.0914 0.2372 0.4099 0.1086 0.0279
118 0.1092 0.3208 0.2681 0.1083 0.0617 0.1317
119 0.0985 0.6733 0.1207 0.0548 0.0220 0.0305
120 0.0861 0.2510 0.3486 0.1511 0.0156 0.1476
121 0.0964 0.1666 0.2139 0.3064 0.0095 0.2073
122 0.1083 0.2898 0.4417 0.0421 0.0602 0.0580
123 0.0559 0.2666 0.0685 0.0758 0.1484 0.3848
124 0.0608 0.3931 0.0589 0.1915 0.1588 0.1370
125 0.1542 0.5342 0.1831 0.0198 0.0117 0.0972
126 0.0787 0.5684 0.2603 0.0333 0.0122 0.0474
127 0.0440 0.2676 0.1142 0.4998 0.0099 0.0646
128 0.0593 0.2537 0.4316 0.1691 0.0417 0.0444
129 0.1370 0.3472 0.2122 0.1370 0.1100 0.0567
130 0.1282 0.4338 0.2377 0.0731 0.0708 0.0565
131 0.1665 0.4705 0.2347 0.0484 0.0512 0.0287
132 0.1498 0.3855 0.1176 0.2627 0.0347 0.0498
133 0.0970 0.1049 0.1400 0.2363 0.0698 0.3521
134 0.0984 0.2271 0.2201 0.1334 0.3152 0.0058
135 0.1295 0.1613 0.2039 0.3035 0.1527 0.0492
136 0.1394 0.2175 0.0618 0.1069 0.3701 0.1044
137 0.3733 0.2732 0.0674 0.0216 0.2627 0.0020
138 0.0497 0.1802 0.2834 0.2971 0.0627 0.1268
139 0.0949 0.3337 0.2878 0.1067 0.0878 0.0891
140 0.0972 0.2769 0.3906 0.1874 0.0188 0.0290
141 0.1012 0.2043 0.5645 0.0609 0.0219 0.0474
142 0.1122 0.1835 0.6406 0.0300 0.0167 0.0171
143 0.0951 0.1069 0.1531 0.5781 0.0184 0.0486
144 0.0258 0.1486 0.7666 0.0321 0.0010 0.0258
145 0.2534 0.4114 0.0607 0.1624 0.0465 0.0656
146 0.0947 0.2576 0.4380 0.1538 0.0067 0.0492
147 0.1844 0.1903 0.3418 0.0648 0.0080 0.2107
148 0.2512 0.1536 0.3379 0.0417 0.0091 0.2065
149 0.1087 0.1908 0.2886 0.2546 0.0416 0.1157
150 0.1248 0.2727 0.2903 0.1888 0.0627 0.0608
151 0.2113 0.0874 0.3149 0.1672 0.1006 0.1186
152 0.0753 0.1030 0.4543 0.2249 0.0329 0.1096
153 0.0371 0.3083 0.5991 0.0287 0.0012 0.0255
154 0.0217 0.1393 0.2091 0.5684 0.0108 0.0508
155 0.0803 0.1598 0.4695 0.2676 0.0138 0.0091
156 0.0758 0.1906 0.4229 0.2817 0.0260 0.0032
157 0.1055 0.4304 0.1699 0.1097 0.0551 0.1293
158 0.0679 0.4258 0.1832 0.2043 0.1111 0.0076
159 0.1219 0.5293 0.1541 0.1339 0.0545 0.0063
160 0.0974 0.5098 0.0936 0.1383 0.1230 0.0378
161 0.1448 0.2903 0.2771 0.1628 0.1173 0.0078
162 0.0933 0.2852 0.2256 0.2517 0.1348 0.0095
163 0.4055 0.2188 0.1827 0.1552 0.0143 0.0236
164 0.0604 0.5132 0.2278 0.0545 0.0266 0.1172
165 0.0363 0.5381 0.3367 0.0318 0.0184 0.0387
166 0.0297 0.3193 0.2046 0.3618 0.0453 0.0393
167 0.0906 0.1802 0.2622 0.2242 0.1110 0.1318
168 0.0596 0.3596 0.2048 0.0514 0.1534 0.1711
169 0.1040 0.5200 0.1700 0.1107 0.0876 0.0078
170 0.0842 0.1610 0.4480 0.0816 0.1205 0.1047
171 0.0875 0.2433 0.3889 0.0640 0.0327 0.1837
172 0.0834 0.3379 0.1940 0.1387 0.1365 0.1097
173 0.0950 0.4607 0.1461 0.0914 0.1776 0.0292
174 0.1025 0.4348 0.3059 0.0804 0.0227 0.0536
175 0.1080 0.1354 0.3223 0.1698 0.0056 0.2590
176 0.0469 0.2477 0.1783 0.0441 0.0616 0.4214
177 0.0425 0.0618 0.0643 0.1119 0.0442 0.6753
178 0.1633 0.3596 0.0875 0.2981 0.0119 0.0796
179 0.0845 0.2859 0.2502 0.2389 0.1249 0.0154
180 0.0336 0.4941 0.3616 0.0859 0.0212 0.0038
181 0.0447 0.2083 0.7158 0.0216 0.0016 0.0080
182 0.0386 0.2683 0.5767 0.0705 0.0018 0.0441
183 0.0507 0.2808 0.2556 0.3494 0.0404 0.0232
184 0.0200 0.3840 0.1527 0.4087 0.0145 0.0200
185 0.0184 0.4165 0.4792 0.0605 0.0020 0.0235
186 0.1403 0.3525 0.1815 0.2769 0.0355 0.0134
187 0.0770 0.2059 0.1004 0.0568 0.5059 0.0541
188 0.0686 0.3027 0.1632 0.0453 0.3196 0.1006
189 0.0503 0.0420 0.0947 0.1742 0.0019 0.6367
190 0.1708 0.2998 0.1580 0.1721 0.1721 0.0275
191 0.0254 0.2522 0.1289 0.0936 0.4714 0.0285
192 0.0187 0.0352 0.1163 0.4392 0.2502 0.1404
193 0.0595 0.2605 0.1241 0.1982 0.2507 0.1069
194 0.0177 0.1194 0.2954 0.5352 0.0302 0.0023
195 0.1268 0.1019 0.0819 0.3291 0.0412 0.3188
