time exciting_prob fearful_prob tense_prob sad_prob relaxing_prob neutral_prob
0 0.1136 0.1553 0.1349 0.1288 0.0181 0.4492
1 0.1136 0.1553 0.1349 0.1288 0.0181 0.4492
2 0.1136 0.1553 0.1349 0.1288 0.0181 0.4492
3 0.1664 0.0294 0.1539 0.5371 0.0414 0.0716
4 0.2068 0.1783 0.2307 0.1216 0.2185 0.0440
5 0.3687 0.0548 0.0755 0.1315 0.2307 0.1388
6 0.2318 0.0497 0.0712 0.0900 0.3142 0.2429
7 0.1847 0.0345 0.0614 0.2605 0.3674 0.0914
8 0.2118 0.1840 0.2893 0.2290 0.0332 0.0527
9 0.1791 0.2229 0.2566 0.2373 0.0422 0.0619
10 0.0716 0.1276 0.2766 0.3992 0.0402 0.0850
11 0.0172 0.3115 0.4260 0.1472 0.0206 0.0776
12 0.0155 0.2834 0.4321 0.2009 0.0262 0.0418
13 0.0262 0.2162 0.6353 0.0724 0.0314 0.0184
14 0.0291 0.2720 0.6421 0.0042 0.0507 0.0021
15 0.0139 0.1899 0.7515 0.0018 0.0368 0.0062
16 0.0232 0.1799 0.7007 0.0095 0.0549 0.0320
17 0.0230 0.1897 0.7046 0.0066 0.0602 0.0158
18 0.0366 0.2722 0.2598 0.2598 0.0584 0.1135
19 0.0451 0.2966 0.5991 0.0140 0.0160 0.0289
20 0.0197 0.1897 0.7505 0.0031 0.0121 0.0249
21 0.1289 0.1461 0.5181 0.0555 0.1351 0.0164
22 0.0381 0.0331 0.5015 0.0757 0.3447 0.0072
23 0.0235 0.1360 0.7466 0.0079 0.0763 0.0097
24 0.0261 0.1135 0.6426 0.0227 0.1870 0.0080
25 0.0264 0.1002 0.7461 0.0123 0.1110 0.0039
26 0.0141 0.1317 0.8198 0.0083 0.0215 0.0046
27 0.0130 0.1310 0.8276 0.0060 0.0181 0.0043
28 0.0389 0.0905 0.7290 0.0196 0.1092 0.0126
29 0.0648 0.3420 0.1578 0.0950 0.3315 0.0091
30 0.0466 0.2153 0.1306 0.0184 0.5854 0.0036
31 0.0793 0.2622 0.1846 0.0590 0.3938 0.0212
32 0.1114 0.4236 0.2197 0.0348 0.2048 0.0056
33 0.1307 0.1627 0.0571 0.0608 0.5679 0.0207
34 0.0159 0.1451 0.8032 0.0071 0.0214 0.0072
35 0.0198 0.1877 0.7598 0.0050 0.0198 0.0078
36 0.0143 0.1576 0.8130 0.0017 0.0124 0.0010
37 0.2253 0.3687 0.2761 0.0259 0.0597 0.0444
38 0.1914 0.3521 0.2659 0.0584 0.0322 0.1001
39 0.0912 0.4487 0.2498 0.1074 0.0330 0.0699
40 0.0167 0.8257 0.1381 0.0084 0.0062 0.0048
41 0.0302 0.2467 0.6299 0.0176 0.0674 0.0082
42 0.0177 0.2302 0.6875 0.0142 0.0413 0.0094
43 0.2048 0.3403 0.2610 0.0867 0.0295 0.0778
44 0.0705 0.2832 0.4387 0.0448 0.1403 0.0225
45 0.2081 0.2285 0.2358 0.2180 0.0475 0.0620
46 0.1951 0.2666 0.2428 0.2505 0.0370 0.0079
47 0.1215 0.5322 0.2534 0.0515 0.0401 0.0015
48 0.1710 0.4797 0.2338 0.0573 0.0569 0.0013
49 0.0952 0.1777 0.4539 0.2111 0.0443 0.0179
50 0.0638 0.3342 0.2446 0.1495 0.1165 0.0914
51 0.0661 0.4846 0.2783 0.0797 0.0597 0.0317
52 0.0549 0.4739 0.2478 0.0528 0.1515 0.0191
53 0.1008 0.3206 0.1611 0.1152 0.1854 0.1169
54 0.1281 0.1440 0.4436 0.1194 0.1332 0.0316
55 0.0653 0.3757 0.3728 0.0858 0.0906 0.0096
56 0.1370 0.0971 0.2402 0.2499 0.2347 0.0411
57 0.2147 0.1105 0.1970 0.1214 0.3076 0.0487
58 0.1151 0.2805 0.4412 0.1345 0.0195 0.0090
59 0.1048 0.3130 0.3894 0.1573 0.0223 0.0132
60 0.1003 0.2603 0.4429 0.1655 0.0233 0.0077
61 0.1710 0.3621 0.2374 0.1464 0.0808 0.0022
62 0.0919 0.4666 0.2744 0.0496 0.1143 0.0033
63 0.0355 0.3665 0.4634 0.0756 0.0121 0.0470
64 0.0451 0.4851 0.3386 0.1057 0.0128 0.0127
65 0.1908 0.3455 0.0881 0.0479 0.3196 0.0082
66 0.1495 0.0614 0.4607 0.1862 0.1340 0.0084
67 0.1976 0.2120 0.3691 0.1434 0.0694 0.0083
68 0.0431 0.6382 0.2620 0.0323 0.0229 0.0015
69 0.0631 0.5454 0.2830 0.0296 0.0750 0.0039
70 0.0323 0.4531 0.4749 0.0313 0.0029 0.0054
71 0.2676 0.2438 0.1151 0.1284 0.1040 0.1411
72 0.0489 0.3875 0.3755 0.0344 0.1318 0.0222
73 0.0806 0.4863 0.3848 0.0201 0.0248 0.0034
74 0.1295 0.4519 0.2964 0.0704 0.0503 0.0014
75 0.1046 0.4614 0.1453 0.0190 0.2671 0.0025
76 0.0329 0.4651 0.4509 0.0228 0.0203 0.0081
77 0.0457 0.6060 0.3347 0.0039 0.0087 0.0012
78 0.2004 0.0565 0.4177 0.2201 0.0630 0.0420
79 0.1763 0.2229 0.3452 0.2300 0.0189 0.0068
80 0.0703 0.0809 0.5112 0.2866 0.0376 0.0135
81 0.2037 0.1255 0.3306 0.2382 0.0904 0.0115
82 0.2010 0.0906 0.1201 0.4824 0.0878 0.0180
83 0.0700 0.1136 0.1248 0.6436 0.0405 0.0074
84 0.1125 0.2308 0.2272 0.3411 0.0377 0.0507
85 0.0814 0.2795 0.3647 0.1473 0.1112 0.0157
86 0.2422 0.2172 0.3110 0.1135 0.0948 0.0212
87 0.1923 0.3147 0.3977 0.0256 0.0555 0.0143
88 0.1444 0.4590 0.3464 0.0085 0.0340 0.0075
89 0.0907 0.4502 0.2646 0.0207 0.1655 0.0083
90 0.0875 0.2253 0.1989 0.0726 0.3713 0.0444
91 0.0223 0.8164 0.0975 0.0183 0.0433 0.0019
92 0.0775 0.5552 0.2260 0.0079 0.1309 0.0028
93 0.1125 0.6528 0.1650 0.0034 0.0651 0.0012
94 0.1504 0.1602 0.2423 0.1639 0.2703 0.0130
95 0.1047 0.1158 0.3101 0.1699 0.2737 0.0258
96 0.0920 0.1934 0.5093 0.0456 0.1426 0.0173
97 0.0933 0.3184 0.5005 0.0133 0.0667 0.0077
98 0.0533 0.1307 0.3088 0.1963 0.2725 0.0384
99 0.0828 0.0596 0.1547 0.0815 0.6113 0.0100
100 0.0817 0.2766 0.2766 0.0504 0.3037 0.0111
101 0.0133 0.3296 0.1792 0.3193 0.1556 0.0031
102 0.1956 0.2822 0.1852 0.1283 0.2002 0.0085
103 0.0227 0.2479 0.5249 0.1458 0.0240 0.0346
104 0.1599 0.0688 0.1188 0.5669 0.0710 0.0144
105 0.0856 0.0557 0.1125 0.0257 0.7168 0.0037
106 0.3164 0.0355 0.3020 0.0633 0.2793 0.0035
107 0.0401 0.6226 0.3108 0.0055 0.0188 0.0021
108 0.0340 0.5488 0.3953 0.0034 0.0153 0.0032
109 0.0298 0.6265 0.3198 0.0055 0.0144 0.0042
110 0.1519 0.1721 0.0599 0.0212 0.5913 0.0037
111 0.0646 0.0544 0.1116 0.0216 0.7393 0.0085
112 0.2107 0.2074 0.1964 0.1259 0.2208 0.0390
113 0.1213 0.2394 0.2649 0.0675 0.3049 0.0020
114 0.1587 0.2308 0.3574 0.0641 0.1587 0.0303
115 0.0721 0.3550 0.2598 0.0312 0.2598 0.0223
116 0.0388 0.1536 0.2166 0.0216 0.5620 0.0076
117 0.1117 0.5205 0.2700 0.0078 0.0830 0.0069
118 0.1869 0.2118 0.1869 0.0484 0.3438 0.0223
119 0.0328 0.1857 0.0584 0.0558 0.6636 0.0038
120 0.0582 0.1054 0.0279 0.0160 0.7910 0.0016
121 0.0999 0.2251 0.3711 0.1132 0.1781 0.0124
122 0.1523 0.0461 0.5796 0.0992 0.0969 0.0259
123 0.1149 0.1765 0.4763 0.0847 0.0938 0.0539
124 0.1637 0.0698 0.4661 0.0810 0.2069 0.0125
125 0.0245 0.6772 0.2913 0.0012 0.0054 0.0006
126 0.0370 0.6509 0.3027 0.0036 0.0039 0.0017
127 0.0311 0.4297 0.5024 0.0118 0.0043 0.0206
128 0.0785 0.1040 0.5986 0.0374 0.1783 0.0032
129 0.1037 0.0807 0.4070 0.0801 0.3218 0.0067
130 0.0362 0.1047 0.3599 0.0731 0.4207 0.0054
131 0.0088 0.0624 0.0936 0.1921 0.6396 0.0034
132 0.1118 0.0905 0.3110 0.1135 0.3525 0.0207
133 0.2581 0.0799 0.5547 0.0892 0.0156 0.0027
134 0.0997 0.0839 0.3425 0.1221 0.3069 0.0449
135 0.0530 0.2286 0.3540 0.0968 0.2590 0.0085
136 0.2291 0.1841 0.2722 0.0191 0.2942 0.0013
137 0.1525 0.0889 0.4846 0.2325 0.0343 0.0071
138 0.0359 0.0651 0.1974 0.1335 0.5620 0.0059
139 0.0460 0.2063 0.1821 0.1185 0.4436 0.0035
140 0.0798 0.0850 0.4316 0.0745 0.3208 0.0082
141 0.1482 0.1414 0.5132 0.0642 0.1288 0.0043
142 0.0991 0.2269 0.4307 0.1443 0.0822 0.0168
143 0.0711 0.1267 0.7524 0.0082 0.0392 0.0023
144 0.0640 0.2098 0.6880 0.0091 0.0263 0.0026
145 0.0969 0.4375 0.2593 0.0889 0.1024 0.0150
146 0.1272 0.5747 0.1559 0.1014 0.0273 0.0137
147 0.1643 0.1543 0.5469 0.0501 0.0788 0.0055
148 0.1637 0.2401 0.5410 0.0271 0.0210 0.0069
149 0.1414 0.2542 0.5508 0.0135 0.0366 0.0039
150 0.1094 0.2505 0.6055 0.0154 0.0141 0.0053
151 0.1930 0.3931 0.3691 0.0144 0.0287 0.0017
152 0.1366 0.1572 0.2184 0.3545 0.0698 0.0635
153 0.0550 0.5054 0.3262 0.0215 0.0864 0.0054
154 0.0260 0.0384 0.2208 0.0339 0.6802 0.0008
155 0.0876 0.0932 0.4517 0.3057 0.0540 0.0078
156 0.0664 0.0323 0.5225 0.1281 0.2467 0.0042
157 0.0307 0.0101 0.2416 0.0275 0.6880 0.0018
158 0.0483 0.0822 0.0809 0.2695 0.5112 0.0076
159 0.0375 0.1019 0.0958 0.0973 0.6650 0.0026
160 0.1230 0.1655 0.3091 0.3240 0.0299 0.0485
161 0.0481 0.3184 0.2810 0.1704 0.1135 0.0688
162 0.0576 0.1110 0.1615 0.5728 0.0838 0.0133
163 0.0507 0.2307 0.6885 0.0120 0.0126 0.0054
164 0.2268 0.1766 0.5029 0.0736 0.0161 0.0039
165 0.1517 0.1802 0.4124 0.1238 0.1181 0.0140
166 0.0991 0.0714 0.2064 0.5610 0.0446 0.0172
167 0.2874 0.2037 0.4084 0.0354 0.0338 0.0312
168 0.1989 0.1039 0.4922 0.1366 0.0368 0.0317
169 0.2217 0.2803 0.2715 0.1500 0.0464 0.0302
170 0.1676 0.1611 0.3989 0.1326 0.0325 0.1074
171 0.1327 0.1266 0.4351 0.2257 0.0580 0.0222
172 0.1656 0.0894 0.4646 0.1069 0.0273 0.1462
173 0.0373 0.6978 0.2196 0.0337 0.0079 0.0038
174 0.0808 0.0796 0.5698 0.0847 0.1738 0.0114
175 0.1166 0.1251 0.2302 0.0125 0.5107 0.0049
176 0.1664 0.2070 0.2874 0.1664 0.1237 0.0492
177 0.0745 0.0781 0.3872 0.0159 0.4387 0.0056
178 0.0498 0.0543 0.1880 0.0148 0.6875 0.0056
179 0.1387 0.2018 0.3950 0.0924 0.1323 0.0397
180 0.0947 0.0940 0.1898 0.0365 0.5757 0.0094
181 0.0943 0.0872 0.5020 0.1876 0.1103 0.0186
182 0.0889 0.1039 0.4878 0.1511 0.1609 0.0075
183 0.0509 0.1012 0.6494 0.0794 0.1165 0.0024
184 0.0717 0.1238 0.4531 0.0972 0.2522 0.0020
185 0.0273 0.0210 0.0440 0.0022 0.9048 0.0010
186 0.0729 0.2013 0.2625 0.0513 0.4065 0.0056
187 0.0688 0.2401 0.1676 0.0338 0.4851 0.0047
188 0.0362 0.0666 0.1345 0.0097 0.7500 0.0028
189 0.0541 0.0892 0.1181 0.6587 0.0532 0.0268
190 0.0412 0.0568 0.1138 0.0344 0.7476 0.0061
191 0.0577 0.3069 0.1951 0.0125 0.4263 0.0016
192 0.2332 0.2405 0.1035 0.2123 0.0375 0.1732
193 0.1451 0.0952 0.4504 0.0765 0.2230 0.0097
194 0.0377 0.0553 0.3806 0.0636 0.4380 0.0249
195 0.2493 0.1399 0.4045 0.0332 0.1687 0.0044
196 0.0434 0.5449 0.3630 0.0371 0.0105 0.0007
197 0.0748 0.1687 0.2235 0.4731 0.0382 0.0216
198 0.1964 0.1229 0.4460 0.0812 0.1449 0.0084
199 0.2072 0.2876 0.2598 0.0247 0.2188 0.0019
200 0.0601 0.2112 0.5312 0.1185 0.0753 0.0039
201 0.0638 0.0944 0.4297 0.3398 0.0497 0.0226
202 0.0691 0.4133 0.4758 0.0124 0.0293 0.0001
203 0.1537 0.1356 0.3330 0.0925 0.2827 0.0024
204 0.1605 0.2062 0.4573 0.0373 0.1373 0.0014
205 0.1517 0.1278 0.4495 0.1011 0.1680 0.0018
206 0.1453 0.2002 0.4954 0.0472 0.1105 0.0014
207 0.1611 0.1274 0.5327 0.0175 0.1587 0.0025
208 0.1581 0.1044 0.6060 0.0246 0.1061 0.0011
209 0.0193 0.6660 0.2732 0.0345 0.0068 0.0002
210 0.0757 0.2445 0.5342 0.0712 0.0679 0.0067
211 0.0786 0.2421 0.3579 0.2744 0.0434 0.0038
212 0.0550 0.0879 0.6494 0.0695 0.1320 0.0061
213 0.1133 0.3254 0.3804 0.0743 0.1032 0.0033
214 0.1130 0.3025 0.4133 0.0460 0.1241 0.0011
215 0.2006 0.1884 0.3865 0.1943 0.0177 0.0126
216 0.2200 0.1794 0.2234 0.3354 0.0192 0.0226
217 0.0374 0.0575 0.3159 0.2172 0.3525 0.0196
218 0.0413 0.5874 0.2908 0.0209 0.0547 0.0049
219 0.1077 0.1495 0.3218 0.0801 0.3372 0.0038
220 0.0824 0.0593 0.6377 0.0963 0.1199 0.0042
221 0.0922 0.1111 0.5264 0.1567 0.1094 0.0043
222 0.0072 0.4175 0.5039 0.0315 0.0365 0.0036
223 0.0685 0.2666 0.5918 0.0250 0.0456 0.0024
224 0.1166 0.2932 0.4648 0.0416 0.0821 0.0015
225 0.0290 0.5879 0.3147 0.0114 0.0547 0.0024
226 0.0207 0.0643 0.1949 0.0042 0.6099 0.1060
227 0.0352 0.0987 0.2330 0.0053 0.4819 0.1459
228 0.0272 0.1390 0.3015 0.0067 0.3552 0.1704
229 0.1697 0.1096 0.2546 0.2629 0.1407 0.0624
