time exciting_prob fearful_prob tense_prob sad_prob relaxing_prob neutral_prob
0 0.2443 0.2443 0.0623 0.2482 0.0384 0.1627
1 0.1823 0.4915 0.0736 0.1030 0.0183 0.1312
2 0.2277 0.2041 0.0603 0.1219 0.0220 0.3640
3 0.0676 0.1301 0.2048 0.4688 0.0433 0.0854
4 0.0830 0.0970 0.3662 0.2808 0.0383 0.1348
5 0.0846 0.1395 0.3293 0.2998 0.0538 0.0929
6 0.0359 0.3196 0.3564 0.2128 0.0707 0.0047
7 0.0269 0.2401 0.3718 0.2988 0.0536 0.0088
8 0.1317 0.0575 0.1276 0.4316 0.0377 0.2137
9 0.0156 0.4690 0.1781 0.3225 0.0051 0.0098
10 0.0378 0.1428 0.2546 0.3535 0.0221 0.1892
11 0.0138 0.2898 0.3779 0.2808 0.0111 0.0265
12 0.0253 0.2405 0.3499 0.2520 0.0739 0.0585
13 0.0222 0.2563 0.3450 0.2729 0.0619 0.0415
14 0.0185 0.1223 0.4302 0.3567 0.0224 0.0498
15 0.0386 0.1144 0.5088 0.2578 0.0272 0.0532
16 0.0291 0.4446 0.4587 0.0495 0.0171 0.0008
17 0.0185 0.5532 0.3801 0.0388 0.0089 0.0003
18 0.0285 0.4036 0.4099 0.1300 0.0254 0.0027
19 0.0313 0.5220 0.3757 0.0406 0.0301 0.0004
20 0.0381 0.5176 0.3560 0.0609 0.0266 0.0009
21 0.0264 0.4011 0.4270 0.1063 0.0364 0.0029
22 0.0205 0.3264 0.3264 0.2927 0.0279 0.0061
23 0.0070 0.5010 0.1390 0.2854 0.0662 0.0014
24 0.0750 0.0477 0.0786 0.7339 0.0157 0.0492
25 0.0742 0.4141 0.1686 0.2098 0.1243 0.0089
26 0.0732 0.1284 0.2020 0.4177 0.1116 0.0671
27 0.0977 0.1039 0.2534 0.2654 0.0223 0.2573
28 0.0812 0.0219 0.1201 0.5137 0.0209 0.2426
29 0.0196 0.3037 0.1368 0.4854 0.0444 0.0100
30 0.0507 0.3381 0.1825 0.2289 0.0917 0.1081
31 0.0417 0.2612 0.3569 0.2034 0.0676 0.0692
32 0.0441 0.2186 0.2830 0.2458 0.1276 0.0811
33 0.0073 0.4707 0.3962 0.1135 0.0106 0.0015
34 0.0084 0.6533 0.2479 0.0762 0.0110 0.0030
35 0.0098 0.0635 0.0351 0.8770 0.0054 0.0092
36 0.1259 0.1182 0.1641 0.1693 0.3584 0.0643
37 0.0709 0.4924 0.2761 0.0597 0.0940 0.0068
38 0.0187 0.2722 0.4487 0.1991 0.0566 0.0049
39 0.0365 0.0797 0.1686 0.6670 0.0071 0.0413
40 0.0876 0.2556 0.3521 0.1180 0.1638 0.0229
41 0.1225 0.3032 0.3279 0.1714 0.0420 0.0332
42 0.0923 0.0573 0.0719 0.4763 0.0771 0.2250
43 0.0707 0.3171 0.4438 0.1464 0.0157 0.0064
44 0.0559 0.4397 0.3940 0.0893 0.0199 0.0012
45 0.0785 0.1549 0.5713 0.0925 0.0970 0.0059
46 0.0872 0.5059 0.2837 0.0757 0.0306 0.0170
47 0.1888 0.4390 0.0844 0.1603 0.1238 0.0038
48 0.0155 0.3945 0.1261 0.4541 0.0012 0.0085
49 0.0663 0.4390 0.2140 0.0980 0.0508 0.1318
50 0.0701 0.2061 0.2263 0.2666 0.0654 0.1655
51 0.0794 0.4641 0.3142 0.1221 0.0146 0.0056
52 0.0421 0.1680 0.2834 0.0942 0.0061 0.4060
53 0.0413 0.2216 0.4727 0.2233 0.0353 0.0060
54 0.0479 0.3706 0.2671 0.2932 0.0179 0.0032
55 0.0194 0.0673 0.1145 0.7354 0.0143 0.0493
56 0.1174 0.0729 0.1174 0.5264 0.0922 0.0740
57 0.0377 0.2169 0.2942 0.3386 0.0115 0.1009
58 0.0171 0.1041 0.3579 0.4741 0.0058 0.0411
59 0.0351 0.2573 0.2871 0.3252 0.0451 0.0503
60 0.0488 0.4021 0.3838 0.1082 0.0462 0.0110
61 0.0266 0.1482 0.2812 0.4355 0.0084 0.1003
62 0.0780 0.0710 0.2188 0.5005 0.0199 0.1117
63 0.2422 0.1638 0.2539 0.3062 0.0150 0.0190
64 0.0025 0.1494 0.0126 0.8076 0.0076 0.0205
65 0.0076 0.4731 0.0213 0.4658 0.0166 0.0154
66 0.1071 0.1451 0.1893 0.4265 0.0840 0.0479
67 0.0770 0.0497 0.0915 0.7197 0.0228 0.0393
68 0.0503 0.1730 0.2808 0.3035 0.0300 0.1625
69 0.0352 0.1219 0.5254 0.2727 0.0262 0.0186
70 0.0273 0.2126 0.5181 0.2126 0.0100 0.0193
71 0.0420 0.3303 0.3545 0.1335 0.1160 0.0236
72 0.0263 0.1434 0.2070 0.1256 0.4739 0.0238
73 0.0726 0.1869 0.3130 0.2400 0.1688 0.0188
74 0.0712 0.3240 0.4226 0.0958 0.0559 0.0306
75 0.2061 0.2352 0.2837 0.1240 0.1138 0.0372
76 0.1279 0.2839 0.3479 0.1736 0.0331 0.0336
77 0.1414 0.2600 0.2520 0.1931 0.0231 0.1307
78 0.0339 0.3562 0.1005 0.4229 0.0077 0.0789
79 0.1677 0.2257 0.2832 0.1901 0.0850 0.0484
80 0.2133 0.1548 0.4375 0.0924 0.0754 0.0267
81 0.0329 0.6562 0.1499 0.1186 0.0243 0.0182
82 0.0306 0.3582 0.2581 0.3113 0.0170 0.0251
83 0.0114 0.3806 0.3357 0.2457 0.0078 0.0188
84 0.1067 0.5171 0.2312 0.0520 0.0325 0.0608
85 0.0068 0.3374 0.3323 0.2712 0.0067 0.0457
86 0.1365 0.1396 0.2114 0.3484 0.0348 0.1292
87 0.2671 0.1487 0.1940 0.3594 0.0087 0.0221
88 0.0731 0.1387 0.1956 0.5195 0.0194 0.0539
89 0.1260 0.2839 0.2448 0.1555 0.1005 0.0894
90 0.0892 0.2661 0.3418 0.1470 0.0942 0.0618
91 0.0711 0.2124 0.2603 0.3906 0.0209 0.0449
92 0.0706 0.1383 0.7188 0.0449 0.0043 0.0231
93 0.0334 0.0996 0.1832 0.5913 0.0215 0.0707
94 0.0180 0.8145 0.0558 0.0958 0.0149 0.0012
95 0.0400 0.5967 0.1777 0.1417 0.0342 0.0099
96 0.0468 0.7197 0.1764 0.0358 0.0172 0.0039
97 0.0127 0.3774 0.1024 0.4922 0.0074 0.0078
98 0.0229 0.6089 0.0667 0.2832 0.0135 0.0051
99 0.0254 0.5908 0.1948 0.0558 0.1298 0.0032
100 0.1531 0.5688 0.1616 0.0344 0.0770 0.0053
101 0.0213 0.1895 0.2673 0.3828 0.1365 0.0028
102 0.1948 0.4358 0.1382 0.1119 0.1076 0.0117
103 0.0113 0.0393 0.0689 0.7412 0.0087 0.1309
104 0.0146 0.2683 0.2089 0.4634 0.0187 0.0262
105 0.0231 0.3108 0.2460 0.3579 0.0161 0.0462
106 0.0428 0.2542 0.3420 0.2747 0.0201 0.0663
107 0.0722 0.2600 0.3337 0.2639 0.0520 0.0181
108 0.0347 0.7422 0.0981 0.0369 0.0735 0.0148
109 0.0629 0.4578 0.0765 0.1322 0.2629 0.0078
110 0.0697 0.2529 0.1088 0.4580 0.0742 0.0362
111 0.1191 0.3237 0.1102 0.1888 0.1846 0.0734
112 0.0301 0.5054 0.1760 0.1393 0.0381 0.1110
113 0.0528 0.1588 0.7119 0.0441 0.0227 0.0095
114 0.1107 0.4771 0.3079 0.0423 0.0611 0.0009
115 0.1542 0.4126 0.1747 0.0980 0.1110 0.0497
116 0.0767 0.3206 0.2808 0.1422 0.1434 0.0363
117 0.1089 0.3279 0.4080 0.0392 0.0961 0.0198
118 0.1006 0.2957 0.4075 0.0983 0.0610 0.0370
119 0.0399 0.5918 0.1630 0.1495 0.0180 0.0378
120 0.0849 0.3835 0.2400 0.1235 0.1356 0.0325
121 0.1163 0.2223 0.2766 0.2122 0.1458 0.0268
122 0.0396 0.4971 0.3694 0.0637 0.0263 0.0042
123 0.0476 0.5283 0.3330 0.0225 0.0677 0.0009
124 0.0567 0.4900 0.1680 0.1404 0.1361 0.0088
125 0.1180 0.3157 0.1946 0.2498 0.1180 0.0040
126 0.1580 0.2194 0.1028 0.3589 0.1193 0.0419
127 0.0108 0.0798 0.7993 0.0849 0.0052 0.0199
128 0.0782 0.2043 0.4607 0.1617 0.0839 0.0113
129 0.1613 0.1401 0.1276 0.3440 0.1743 0.0528
130 0.2333 0.2859 0.2297 0.1019 0.1382 0.0110
131 0.0214 0.2065 0.0423 0.6167 0.0875 0.0255
132 0.1495 0.2262 0.0921 0.1630 0.2125 0.1567
133 0.0490 0.0703 0.1738 0.5522 0.0312 0.1233
134 0.0056 0.2102 0.0612 0.6182 0.0948 0.0102
135 0.0188 0.5728 0.1566 0.1318 0.1164 0.0034
136 0.1306 0.6528 0.0677 0.0941 0.0298 0.0251
137 0.0245 0.0612 0.0631 0.8184 0.0094 0.0232
138 0.0646 0.1410 0.1598 0.5576 0.0317 0.0451
139 0.1316 0.4700 0.2327 0.0626 0.0298 0.0732
140 0.0389 0.0927 0.2639 0.3962 0.0528 0.1552
141 0.0492 0.1528 0.3186 0.3445 0.0524 0.0825
142 0.0883 0.1367 0.6226 0.1305 0.0129 0.0091
143 0.1589 0.3472 0.1979 0.1381 0.1307 0.0272
144 0.0488 0.5718 0.1481 0.2040 0.0190 0.0084
145 0.0514 0.0551 0.0708 0.6826 0.0322 0.1080
146 0.0583 0.1169 0.1099 0.6421 0.0166 0.0561
147 0.0369 0.1307 0.5947 0.1083 0.0208 0.1083
148 0.0118 0.1170 0.7168 0.0519 0.0043 0.0985
149 0.1087 0.1332 0.3145 0.1533 0.1053 0.1849
150 0.0573 0.1833 0.2668 0.2976 0.0356 0.1593
151 0.0467 0.1670 0.1619 0.4609 0.0814 0.0820
152 0.0640 0.2455 0.3303 0.2695 0.0269 0.0635
153 0.1159 0.1443 0.3354 0.2959 0.0235 0.0848
154 0.1212 0.1907 0.4036 0.1605 0.0103 0.1138
155 0.0418 0.3933 0.1887 0.1447 0.0338 0.1978
156 0.0681 0.1262 0.1780 0.3711 0.0367 0.2198
157 0.0278 0.3464 0.3518 0.2202 0.0078 0.0458
158 0.0659 0.1508 0.1630 0.4941 0.0505 0.0758
159 0.0208 0.0926 0.4280 0.3386 0.0083 0.1116
160 0.0203 0.1971 0.1442 0.5195 0.0413 0.0778
161 0.0288 0.2045 0.2546 0.4067 0.0741 0.0314
162 0.0412 0.1248 0.1733 0.5093 0.0321 0.1191
163 0.0988 0.2313 0.2878 0.3066 0.0258 0.0497
164 0.0327 0.0682 0.5894 0.1467 0.0092 0.1538
165 0.0235 0.5215 0.3367 0.0673 0.0336 0.0174
166 0.0293 0.5034 0.3625 0.0703 0.0201 0.0141
167 0.0305 0.1945 0.1236 0.5044 0.0536 0.0933
168 0.1377 0.3831 0.1196 0.2148 0.1421 0.0027
169 0.0578 0.2251 0.1014 0.4839 0.1224 0.0093
170 0.0112 0.4229 0.1544 0.3792 0.0264 0.0059
171 0.0493 0.0800 0.6489 0.1980 0.0112 0.0125
172 0.0773 0.1466 0.6270 0.1179 0.0234 0.0077
173 0.0208 0.3547 0.2219 0.3491 0.0472 0.0062
174 0.1331 0.5776 0.0951 0.1129 0.0341 0.0471
175 0.0294 0.0740 0.1775 0.6196 0.0470 0.0525
176 0.1422 0.2006 0.2827 0.2495 0.0427 0.0823
177 0.0272 0.0599 0.6050 0.1553 0.0571 0.0957
178 0.0156 0.4805 0.1294 0.3516 0.0167 0.0063
179 0.0363 0.5376 0.1947 0.1666 0.0474 0.0173
180 0.0186 0.5591 0.1298 0.2090 0.0800 0.0034
181 0.0675 0.2113 0.6821 0.0188 0.0195 0.0011
182 0.0530 0.1924 0.3220 0.3428 0.0475 0.0422
183 0.0179 0.0314 0.0373 0.8345 0.0339 0.0449
184 0.0195 0.3142 0.1967 0.4229 0.0387 0.0083
185 0.0378 0.2751 0.5142 0.1028 0.0674 0.0026
186 0.0397 0.1793 0.2339 0.1658 0.3796 0.0019
187 0.1251 0.1375 0.3511 0.2568 0.0321 0.0975
188 0.0416 0.1396 0.4724 0.2527 0.0644 0.0293
189 0.0159 0.0673 0.1830 0.2878 0.4321 0.0140
190 0.0330 0.0298 0.1648 0.5664 0.1525 0.0535
191 0.0132 0.0881 0.1224 0.6934 0.0494 0.0334
192 0.0086 0.0620 0.1213 0.6978 0.0577 0.0526
193 0.0324 0.0797 0.1334 0.4998 0.1584 0.0961
194 0.0195 0.2871 0.6177 0.0616 0.0120 0.0022
195 0.0418 0.2294 0.5249 0.1678 0.0263 0.0098
196 0.0206 0.3792 0.5347 0.0321 0.0326 0.0005
197 0.0217 0.3650 0.3945 0.1440 0.0286 0.0461
198 0.0771 0.1139 0.2179 0.2179 0.2566 0.1166
199 0.1205 0.1560 0.3030 0.2065 0.0640 0.1500
200 0.0386 0.0566 0.2402 0.3899 0.0417 0.2328
201 0.0777 0.4473 0.1620 0.2888 0.0054 0.0189
202 0.0870 0.2186 0.1575 0.4417 0.0245 0.0710
203 0.0311 0.6006 0.2390 0.0297 0.0958 0.0036
204 0.0150 0.1123 0.3921 0.4238 0.0167 0.0400
205 0.1251 0.2568 0.4041 0.0522 0.1261 0.0359
206 0.0266 0.3118 0.3396 0.1935 0.1165 0.0122
207 0.0362 0.2759 0.3176 0.2361 0.0611 0.0731
208 0.0106 0.5044 0.3359 0.1368 0.0111 0.0012
209 0.0237 0.4431 0.4431 0.0789 0.0099 0.0012
210 0.0155 0.2296 0.4636 0.2769 0.0120 0.0024
211 0.0638 0.3818 0.3318 0.1405 0.0390 0.0432
212 0.1115 0.4143 0.1661 0.1324 0.1124 0.0630
213 0.0139 0.1003 0.1003 0.7295 0.0260 0.0301
214 0.0344 0.2208 0.2042 0.4324 0.0980 0.0102
215 0.0171 0.2629 0.1301 0.5396 0.0443 0.0061
216 0.0198 0.5308 0.4197 0.0201 0.0095 0.0002
217 0.0396 0.2817 0.4646 0.1532 0.0559 0.0050
218 0.0184 0.1991 0.4417 0.2988 0.0343 0.0077
219 0.0219 0.4006 0.4910 0.0615 0.0117 0.0132
220 0.0201 0.4307 0.4956 0.0277 0.0253 0.0007
221 0.0200 0.3828 0.3708 0.0999 0.1262 0.0004
222 0.0502 0.1699 0.1753 0.4441 0.0342 0.1262
223 0.0415 0.0851 0.1591 0.5425 0.0599 0.1119
224 0.0323 0.2385 0.4526 0.2104 0.0082 0.0580
225 0.0944 0.1544 0.1998 0.3242 0.0242 0.2029
226 0.1317 0.2598 0.2598 0.1348 0.1992 0.0145
227 0.0746 0.2903 0.3450 0.1949 0.0474 0.0478
228 0.0413 0.0596 0.3149 0.2913 0.2164 0.0765
229 0.0457 0.1794 0.5356 0.1740 0.0319 0.0332
230 0.0481 0.1209 0.2367 0.5249 0.0188 0.0504
231 0.0186 0.2456 0.2418 0.4243 0.0548 0.0146
232 0.0056 0.3701 0.4534 0.1320 0.0231 0.0158
233 0.0312 0.3352 0.2233 0.3352 0.0660 0.0094
234 0.0206 0.4534 0.2927 0.1320 0.0980 0.0035
235 0.0353 0.2356 0.5146 0.0605 0.1533 0.0007
236 0.0237 0.1790 0.3291 0.1052 0.3613 0.0019
237 0.0105 0.2178 0.3882 0.0610 0.3220 0.0005
238 0.0179 0.0624 0.1406 0.7485 0.0258 0.0048
239 0.0183 0.2891 0.6318 0.0420 0.0166 0.0023
240 0.0244 0.3496 0.5854 0.0232 0.0167 0.0006
241 0.0333 0.0428 0.3420 0.3936 0.0217 0.1666
242 0.0334 0.6460 0.1986 0.0765 0.0337 0.0117
243 0.0302 0.5352 0.3247 0.0634 0.0304 0.0158
244 0.0334 0.6445 0.1981 0.0770 0.0331 0.0136
245 0.0226 0.1003 0.3289 0.4788 0.0174 0.0521
246 0.0677 0.0398 0.2966 0.4521 0.0354 0.1083
247 0.0172 0.0729 0.4067 0.3821 0.0215 0.0997
248 0.0297 0.1079 0.7378 0.0724 0.0167 0.0356
249 0.0823 0.7002 0.1562 0.0359 0.0247 0.0007
250 0.0072 0.6831 0.1648 0.0515 0.0903 0.0030
251 0.0211 0.3491 0.1958 0.2939 0.1169 0.0230
252 0.0151 0.5190 0.2375 0.0547 0.1685 0.0054
253 0.1885 0.2103 0.1743 0.2401 0.0768 0.1099
254 0.3223 0.1429 0.1851 0.1079 0.1252 0.1167
255 0.0396 0.0533 0.0892 0.7183 0.0137 0.0858
256 0.0370 0.1193 0.3193 0.4165 0.0177 0.0901
257 0.0027 0.3611 0.1229 0.4861 0.0209 0.0064
258 0.0077 0.6538 0.1349 0.1528 0.0500 0.0008
259 0.0486 0.1683 0.4102 0.2908 0.0614 0.0207
260 0.1044 0.1019 0.2262 0.0679 0.4788 0.0209
261 0.0328 0.1327 0.3901 0.3608 0.0232 0.0603
262 0.0152 0.1840 0.2290 0.4924 0.0140 0.0656
263 0.0400 0.0645 0.1487 0.5703 0.0391 0.1376
264 0.0777 0.2129 0.3650 0.2231 0.0867 0.0345
265 0.0198 0.0565 0.0611 0.2051 0.6221 0.0354
266 0.0176 0.1908 0.1440 0.5879 0.0564 0.0032
267 0.0179 0.4880 0.2067 0.1699 0.1168 0.0007
268 0.0210 0.3159 0.2539 0.1978 0.2104 0.0009
269 0.0170 0.3467 0.2576 0.2537 0.1246 0.0007
270 0.0240 0.1930 0.2898 0.4087 0.0315 0.0532
271 0.0237 0.2064 0.3855 0.2734 0.0314 0.0796
272 0.0112 0.1035 0.2333 0.3501 0.0204 0.2815
273 0.0085 0.1963 0.3088 0.2600 0.0173 0.2090
274 0.0160 0.4097 0.1818 0.3240 0.0090 0.0595
275 0.0291 0.1411 0.0897 0.5669 0.0341 0.1389
276 0.0069 0.3340 0.2330 0.3904 0.0289 0.0069
277 0.0051 0.6333 0.2056 0.1348 0.0205 0.0010
278 0.0150 0.1652 0.5166 0.2056 0.0215 0.0762
279 0.0117 0.0566 0.2421 0.5288 0.0333 0.1276
280 0.0126 0.0292 0.0594 0.1128 0.7705 0.0154
281 0.0185 0.1294 0.2805 0.4448 0.1024 0.0245
282 0.0107 0.0459 0.0652 0.0858 0.7891 0.0033
283 0.0258 0.2048 0.3738 0.2651 0.0457 0.0847
284 0.0640 0.4839 0.2415 0.0249 0.1809 0.0048
285 0.0406 0.3540 0.1292 0.0640 0.3979 0.0143
286 0.0299 0.4219 0.1858 0.0818 0.2661 0.0145
287 0.1032 0.2576 0.2382 0.0495 0.3181 0.0335
288 0.0782 0.1310 0.1342 0.0712 0.5562 0.0295
289 0.0601 0.1354 0.2130 0.3918 0.0364 0.1633
290 0.4009 0.4436 0.0130 0.0620 0.0468 0.0339
291 0.3413 0.4736 0.0139 0.0662 0.0593 0.0458
292 0.2029 0.6553 0.0134 0.0467 0.0396 0.0422
293 0.1998 0.6450 0.0138 0.0573 0.0364 0.0475
294 0.2007 0.6426 0.0140 0.0584 0.0357 0.0484
295 0.2286 0.3921 0.0145 0.2286 0.0423 0.0939
296 0.3591 0.3374 0.0161 0.2046 0.0397 0.0432
297 0.1136 0.1553 0.1349 0.1288 0.0181 0.4492
298 0.1136 0.1553 0.1349 0.1288 0.0181 0.4492
