time exciting_prob fearful_prob tense_prob sad_prob relaxing_prob neutral_prob
0 0.1136 0.1553 0.1349 0.1288 0.0181 0.4492
1 0.1136 0.1553 0.1349 0.1288 0.0181 0.4492
2 0.1451 0.0952 0.1407 0.5029 0.0058 0.1104
3 0.2527 0.0356 0.0691 0.6255 0.0053 0.0121
4 0.3533 0.0146 0.0256 0.4465 0.1495 0.0106
5 0.6274 0.0094 0.0038 0.3059 0.0511 0.0024
6 0.7349 0.0421 0.0048 0.1101 0.1075 0.0003
7 0.7383 0.0400 0.0060 0.0620 0.1536 0.0001
8 0.6123 0.0345 0.0073 0.0779 0.2676 0.0002
9 0.7041 0.0237 0.0029 0.0967 0.1725 0.0002
10 0.7261 0.0154 0.0039 0.0847 0.1698 0.0002
11 0.7739 0.0259 0.0043 0.0579 0.1377 0.0003
12 0.8623 0.0182 0.0030 0.0282 0.0881 0.0001
13 0.2185 0.1675 0.0797 0.0177 0.5078 0.0087
14 0.0713 0.1062 0.0654 0.0439 0.6509 0.0624
15 0.1417 0.1053 0.0533 0.0701 0.5103 0.1193
16 0.0791 0.1466 0.0592 0.0469 0.5801 0.0883
17 0.3032 0.1124 0.0245 0.0125 0.5405 0.0066
18 0.2585 0.1877 0.0297 0.0244 0.4470 0.0526
19 0.0864 0.0906 0.0139 0.0209 0.6387 0.1494
20 0.2280 0.1555 0.0865 0.0136 0.4714 0.0449
21 0.1847 0.2391 0.0302 0.0044 0.4294 0.1121
22 0.1414 0.4287 0.1019 0.0050 0.2386 0.0844
23 0.0933 0.3010 0.1143 0.0110 0.2168 0.2637
24 0.1011 0.1201 0.0445 0.0594 0.1888 0.4861
25 0.0732 0.3657 0.0760 0.0276 0.1898 0.2676
26 0.0955 0.2273 0.1422 0.0167 0.1663 0.3521
27 0.0681 0.1750 0.0591 0.0164 0.0359 0.6455
28 0.0548 0.1825 0.1031 0.0151 0.1927 0.4517
29 0.0856 0.2169 0.0940 0.0455 0.1025 0.4556
30 0.0324 0.0185 0.0041 0.1141 0.1536 0.6772
31 0.0535 0.1097 0.0249 0.0882 0.5034 0.2200
32 0.0513 0.0872 0.0179 0.0690 0.4326 0.3423
33 0.0925 0.5986 0.0709 0.0063 0.1255 0.1064
34 0.1169 0.3306 0.0472 0.0315 0.1586 0.3154
35 0.0725 0.5527 0.1344 0.0109 0.0961 0.1333
36 0.0558 0.5166 0.2292 0.0171 0.0677 0.1135
37 0.0823 0.3687 0.1501 0.0392 0.1160 0.2437
38 0.0360 0.0311 0.0057 0.0516 0.1692 0.7065
39 0.0464 0.0803 0.0087 0.0291 0.4841 0.3513
40 0.0329 0.2632 0.1387 0.0322 0.4690 0.0640
41 0.0760 0.5239 0.1024 0.0310 0.1610 0.1056
42 0.0868 0.3799 0.0854 0.0655 0.1150 0.2673
43 0.1649 0.3657 0.0472 0.0103 0.2307 0.1810
44 0.1686 0.3569 0.0397 0.0192 0.1780 0.2377
45 0.1212 0.4294 0.0529 0.0266 0.0814 0.2883
46 0.1998 0.1777 0.0396 0.0577 0.2605 0.2646
47 0.1847 0.2108 0.0542 0.0679 0.2666 0.2158
48 0.0296 0.4426 0.1859 0.0537 0.0806 0.2074
49 0.0606 0.1740 0.0606 0.0565 0.0556 0.5928
50 0.0670 0.2527 0.0930 0.0281 0.2000 0.3591
51 0.0803 0.2532 0.0569 0.0307 0.0984 0.4805
52 0.1144 0.2969 0.0303 0.0299 0.1759 0.3525
53 0.1072 0.2324 0.1610 0.0518 0.2133 0.2343
54 0.0862 0.4177 0.2100 0.0112 0.1989 0.0760
55 0.1323 0.4805 0.1055 0.0200 0.1536 0.1080
56 0.0458 0.1379 0.0804 0.2238 0.1599 0.3521
57 0.0482 0.3430 0.1354 0.0426 0.2197 0.2113
58 0.0952 0.4297 0.1281 0.0517 0.1078 0.1877
59 0.1663 0.1479 0.0897 0.0346 0.2808 0.2808
60 0.1804 0.5557 0.2211 0.0028 0.0221 0.0179
61 0.1182 0.4863 0.2042 0.0113 0.0921 0.0878
62 0.1753 0.1740 0.0237 0.0208 0.0535 0.5527
63 0.1292 0.2715 0.0724 0.0267 0.2268 0.2734
64 0.0097 0.5317 0.0681 0.2891 0.0176 0.0835
65 0.0114 0.6807 0.1449 0.1003 0.0048 0.0581
66 0.1914 0.4888 0.0756 0.0123 0.1285 0.1033
67 0.1248 0.6387 0.0825 0.0063 0.0858 0.0618
68 0.0252 0.8013 0.1382 0.0040 0.0114 0.0201
69 0.1285 0.2598 0.2598 0.0081 0.2239 0.1199
70 0.0820 0.1968 0.0364 0.0406 0.1937 0.4504
71 0.1819 0.3972 0.0951 0.0674 0.2372 0.0211
72 0.0654 0.1631 0.0529 0.0614 0.1428 0.5142
73 0.1305 0.2720 0.0557 0.0192 0.3105 0.2118
74 0.1359 0.4524 0.3311 0.0120 0.0455 0.0232
75 0.1042 0.3555 0.1084 0.0133 0.3391 0.0793
76 0.0454 0.2168 0.1040 0.1099 0.1854 0.3384
77 0.0546 0.0449 0.0067 0.0752 0.0943 0.7246
78 0.0665 0.4009 0.1311 0.0196 0.1606 0.2213
79 0.0320 0.6685 0.0857 0.0157 0.0181 0.1799
80 0.0279 0.5967 0.1351 0.0605 0.0304 0.1497
81 0.1718 0.2520 0.0536 0.0190 0.2578 0.2460
82 0.1808 0.4204 0.0960 0.0117 0.1608 0.1302
83 0.0093 0.8735 0.1027 0.0021 0.0028 0.0095
84 0.0158 0.8491 0.1158 0.0025 0.0047 0.0122
85 0.0764 0.1748 0.0826 0.0486 0.0533 0.5645
86 0.0533 0.0381 0.0172 0.0363 0.1531 0.7021
87 0.1205 0.1956 0.0606 0.0385 0.1007 0.4841
88 0.0371 0.6323 0.1538 0.0182 0.0330 0.1255
89 0.0951 0.1921 0.0753 0.0329 0.1544 0.4502
90 0.1245 0.1179 0.0166 0.0327 0.3955 0.3130
91 0.2903 0.3091 0.1146 0.0800 0.1094 0.0965
92 0.3157 0.3992 0.1576 0.0135 0.1010 0.0131
93 0.4285 0.4421 0.0956 0.0028 0.0261 0.0049
94 0.2124 0.3115 0.1077 0.0099 0.1919 0.1667
95 0.0180 0.6812 0.2391 0.0082 0.0099 0.0432
96 0.0486 0.3884 0.1619 0.0246 0.1670 0.2095
97 0.1562 0.2920 0.0427 0.0112 0.4023 0.0955
98 0.1550 0.5083 0.0282 0.0141 0.2722 0.0222
99 0.0742 0.0834 0.0998 0.0874 0.3123 0.3430
100 0.1284 0.1478 0.1024 0.0166 0.4346 0.1702
101 0.1029 0.1451 0.1406 0.0120 0.4683 0.1311
102 0.2220 0.4700 0.0371 0.0094 0.1378 0.1236
103 0.2583 0.4749 0.0328 0.0080 0.1707 0.0554
104 0.0636 0.5801 0.2134 0.0082 0.0749 0.0597
105 0.1292 0.1985 0.0881 0.0171 0.2163 0.3511
106 0.0759 0.1697 0.0847 0.0158 0.5435 0.1104
107 0.1781 0.4841 0.1740 0.0253 0.1205 0.0179
108 0.2507 0.3591 0.1251 0.0403 0.1877 0.0370
109 0.0675 0.0990 0.0959 0.0137 0.5742 0.1498
110 0.1238 0.0927 0.0972 0.0125 0.4424 0.2313
111 0.1401 0.3311 0.1539 0.1470 0.0739 0.1539
112 0.1909 0.2549 0.2249 0.2267 0.0436 0.0591
113 0.2454 0.3953 0.1023 0.0070 0.1115 0.1387
114 0.1179 0.3833 0.1825 0.0189 0.1000 0.1974
115 0.0760 0.1107 0.2117 0.0676 0.1741 0.3599
116 0.1111 0.4163 0.0997 0.0170 0.2142 0.1416
117 0.2078 0.5605 0.1484 0.0019 0.0685 0.0131
118 0.5352 0.0847 0.1685 0.0778 0.1204 0.0133
119 0.0922 0.2839 0.2883 0.1372 0.1862 0.0124
120 0.0645 0.3652 0.4839 0.0551 0.0245 0.0065
121 0.2708 0.3557 0.2465 0.0252 0.0906 0.0113
122 0.1565 0.5049 0.1084 0.0081 0.2057 0.0164
123 0.2559 0.4705 0.0673 0.0066 0.1771 0.0229
124 0.1199 0.1481 0.2810 0.0455 0.0721 0.3335
125 0.0789 0.1005 0.1281 0.0513 0.1764 0.4648
126 0.1500 0.4377 0.2961 0.0278 0.0666 0.0218
127 0.0913 0.2444 0.1003 0.0137 0.1747 0.3755
128 0.1150 0.2869 0.1150 0.0067 0.2050 0.2715
129 0.0930 0.0665 0.2000 0.0361 0.2129 0.3916
130 0.1307 0.1382 0.1541 0.0187 0.1459 0.4124
131 0.0444 0.3606 0.3440 0.0167 0.0488 0.1855
132 0.0797 0.0992 0.1133 0.0110 0.1388 0.5576
133 0.0539 0.0511 0.0340 0.0515 0.8052 0.0046
134 0.0950 0.0533 0.2749 0.3215 0.0541 0.2012
135 0.2184 0.1926 0.3545 0.0616 0.1124 0.0606
136 0.0873 0.2162 0.1908 0.3853 0.0670 0.0534
137 0.1316 0.2764 0.2808 0.2103 0.0811 0.0199
138 0.0619 0.3792 0.2373 0.2029 0.0944 0.0244
139 0.2107 0.0763 0.2583 0.0872 0.2749 0.0928
140 0.0977 0.1649 0.3748 0.0631 0.2308 0.0688
141 0.1038 0.2844 0.3567 0.0376 0.2081 0.0091
142 0.1254 0.2827 0.3923 0.0221 0.1700 0.0073
143 0.2042 0.2157 0.0493 0.0164 0.3164 0.1980
144 0.0884 0.1814 0.0805 0.0267 0.1704 0.4524
145 0.0497 0.1819 0.2013 0.0638 0.0350 0.4683
146 0.1415 0.1350 0.0512 0.0347 0.0326 0.6050
147 0.1577 0.0987 0.0323 0.0360 0.0215 0.6538
148 0.2698 0.1676 0.0338 0.0080 0.3718 0.1490
149 0.1454 0.2512 0.4478 0.0597 0.0939 0.0022
150 0.1489 0.3306 0.3745 0.0430 0.0977 0.0052
151 0.0468 0.4309 0.3462 0.0917 0.0822 0.0021
152 0.0136 0.3328 0.3381 0.2360 0.0457 0.0337
153 0.2396 0.1159 0.4014 0.1621 0.0547 0.0263
154 0.1120 0.2773 0.1320 0.0176 0.1862 0.2751
155 0.1071 0.4475 0.2180 0.0132 0.0861 0.1282
156 0.2375 0.2957 0.2197 0.0297 0.2048 0.0125
157 0.2761 0.1489 0.1973 0.1973 0.1714 0.0090
158 0.0114 0.1105 0.1849 0.5352 0.0226 0.1354
159 0.0787 0.3186 0.1309 0.0537 0.1163 0.3018
160 0.0395 0.1144 0.1010 0.1218 0.5249 0.0986
161 0.1570 0.3196 0.4507 0.0260 0.0464 0.0003
162 0.2085 0.0417 0.1913 0.0904 0.4414 0.0267
163 0.0710 0.1625 0.1423 0.0437 0.0721 0.5083
164 0.1653 0.1577 0.2443 0.1705 0.2405 0.0217
165 0.0769 0.1219 0.1003 0.2042 0.1494 0.3474
166 0.0886 0.1965 0.2012 0.0375 0.1174 0.3586
167 0.2957 0.1312 0.4041 0.0840 0.0329 0.0522
168 0.1062 0.4648 0.3245 0.0045 0.0587 0.0413
169 0.0605 0.4434 0.3169 0.0068 0.1121 0.0605
170 0.0483 0.2289 0.4412 0.0109 0.1958 0.0749
171 0.0462 0.3494 0.3132 0.0721 0.1587 0.0602
172 0.0362 0.5576 0.2871 0.0132 0.0499 0.0561
173 0.0438 0.3188 0.4028 0.0851 0.0643 0.0851
174 0.1755 0.4414 0.3081 0.0243 0.0469 0.0036
175 0.1727 0.3923 0.2849 0.0087 0.1107 0.0307
176 0.0660 0.5317 0.1536 0.0150 0.1782 0.0552
177 0.2131 0.1272 0.1365 0.0018 0.3982 0.1234
178 0.1338 0.4089 0.4089 0.0080 0.0292 0.0112
179 0.1060 0.2949 0.3757 0.0145 0.0585 0.1506
180 0.1317 0.4597 0.2703 0.0204 0.0253 0.0927
181 0.0581 0.4465 0.3267 0.0054 0.1174 0.0456
182 0.1317 0.3809 0.1664 0.0070 0.2744 0.0395
183 0.0243 0.1959 0.3689 0.1945 0.0869 0.1295
184 0.1816 0.4568 0.1681 0.0152 0.1372 0.0412
185 0.1252 0.3596 0.0983 0.0241 0.1168 0.2759
186 0.1054 0.2629 0.0771 0.0615 0.1710 0.3220
187 0.0551 0.2063 0.2607 0.1440 0.2301 0.1037
188 0.3328 0.2737 0.2166 0.0385 0.0895 0.0491
189 0.1851 0.1545 0.3457 0.0309 0.0624 0.2214
190 0.0871 0.4819 0.3418 0.0072 0.0448 0.0372
191 0.0697 0.3301 0.0714 0.0209 0.2322 0.2756
192 0.0455 0.4458 0.3113 0.1403 0.0516 0.0056
193 0.2705 0.2664 0.3757 0.0504 0.0358 0.0012
194 0.3535 0.2247 0.1406 0.0126 0.2301 0.0385
195 0.0081 0.1837 0.1007 0.5884 0.0293 0.0895
196 0.0948 0.3335 0.1246 0.0257 0.1901 0.2311
197 0.0791 0.5620 0.2399 0.0076 0.0499 0.0616
198 0.0431 0.6680 0.1650 0.0602 0.0135 0.0499
199 0.2522 0.2279 0.2522 0.0294 0.0258 0.2124
200 0.2612 0.1583 0.3149 0.1150 0.0522 0.0983
201 0.1193 0.2355 0.4573 0.0429 0.1095 0.0356
202 0.0782 0.2297 0.2949 0.1220 0.0674 0.2076
203 0.1028 0.2263 0.1461 0.0101 0.4363 0.0782
204 0.1343 0.2527 0.2527 0.0076 0.3096 0.0429
205 0.0696 0.1737 0.6206 0.0370 0.0887 0.0101
206 0.0303 0.3933 0.5635 0.0038 0.0084 0.0005
207 0.1548 0.5444 0.1987 0.0047 0.0502 0.0472
208 0.0455 0.2966 0.3015 0.0792 0.0193 0.2578
209 0.1727 0.2493 0.2632 0.0327 0.0385 0.2435
210 0.1659 0.4011 0.1442 0.0304 0.0388 0.2197
211 0.2438 0.4277 0.2085 0.0126 0.0646 0.0427
212 0.1548 0.1957 0.1714 0.0737 0.2781 0.1263
213 0.1901 0.1227 0.1266 0.0411 0.4814 0.0380
214 0.0251 0.2308 0.1041 0.2273 0.0107 0.4021
215 0.2441 0.2311 0.2441 0.0285 0.0318 0.2205
216 0.1175 0.0169 0.1764 0.0820 0.2776 0.3296
217 0.5854 0.0934 0.0249 0.0191 0.2744 0.0025
218 0.5771 0.1163 0.0217 0.0219 0.2603 0.0028
219 0.1351 0.4753 0.2839 0.0118 0.0859 0.0080
220 0.2808 0.2152 0.1170 0.0153 0.1550 0.2169
221 0.0143 0.0991 0.1114 0.1672 0.0056 0.6025
222 0.1735 0.5962 0.1506 0.0104 0.0572 0.0123
223 0.1510 0.3457 0.0840 0.0373 0.2844 0.0975
224 0.2056 0.2499 0.0683 0.0143 0.4087 0.0532
225 0.3054 0.4209 0.1548 0.0118 0.0714 0.0356
226 0.3345 0.3423 0.1405 0.0231 0.0529 0.1069
227 0.0112 0.1802 0.1426 0.1542 0.3528 0.1591
228 0.0548 0.4053 0.3691 0.0179 0.1091 0.0437
229 0.0195 0.1782 0.2218 0.1016 0.3357 0.1432
230 0.0469 0.2205 0.2072 0.0200 0.4854 0.0200
231 0.0114 0.0432 0.0505 0.6548 0.0027 0.2372
232 0.0100 0.0991 0.2198 0.4307 0.0027 0.2378
233 0.2507 0.4399 0.1863 0.0192 0.0493 0.0546
234 0.0108 0.1185 0.0874 0.2395 0.0126 0.5312
235 0.0170 0.2189 0.1481 0.2600 0.0793 0.2766
236 0.0892 0.2332 0.2090 0.1482 0.1627 0.1577
237 0.1107 0.3179 0.3032 0.0101 0.2004 0.0574
238 0.0372 0.0222 0.0825 0.1119 0.1019 0.6440
239 0.0666 0.1898 0.2573 0.1356 0.0123 0.3384
240 0.0331 0.2842 0.3296 0.1984 0.0204 0.1343
241 0.2133 0.1838 0.2252 0.0539 0.3127 0.0112
242 0.3086 0.0891 0.2854 0.0123 0.2991 0.0054
243 0.1887 0.1732 0.3262 0.0673 0.1589 0.0858
244 0.4771 0.1700 0.0897 0.0228 0.0476 0.1927
245 0.2798 0.3000 0.2015 0.0231 0.1281 0.0675
246 0.0857 0.2367 0.2683 0.0392 0.0204 0.3499
247 0.0735 0.3708 0.3538 0.0707 0.0998 0.0314
248 0.0412 0.6699 0.2544 0.0048 0.0186 0.0111
249 0.2861 0.3943 0.1968 0.0087 0.0387 0.0753
250 0.0279 0.0271 0.0486 0.4612 0.0152 0.4199
251 0.0906 0.2314 0.1979 0.1733 0.0120 0.2947
252 0.1823 0.0902 0.2081 0.3223 0.0606 0.1365
253 0.0876 0.2678 0.3896 0.1255 0.0465 0.0829
254 0.1935 0.2522 0.2903 0.0143 0.2244 0.0252
255 0.0670 0.3650 0.2001 0.0821 0.0464 0.2394
256 0.3337 0.2057 0.0657 0.0019 0.2277 0.1653
257 0.0693 0.2781 0.2915 0.1366 0.1244 0.1000
258 0.0947 0.3687 0.2494 0.0325 0.2362 0.0186
259 0.2020 0.0969 0.1178 0.0676 0.5000 0.0157
260 0.0827 0.4268 0.1354 0.0615 0.2756 0.0182
261 0.0732 0.3132 0.1456 0.2086 0.0335 0.2256
262 0.0586 0.6763 0.1070 0.0486 0.0138 0.0959
263 0.1068 0.6597 0.1361 0.0308 0.0190 0.0478
264 0.0185 0.3230 0.1235 0.1346 0.0168 0.3835
265 0.1238 0.2683 0.3186 0.0095 0.2278 0.0520
266 0.0115 0.3447 0.4224 0.1035 0.0018 0.1163
267 0.0384 0.2703 0.4709 0.0459 0.0193 0.1553
268 0.0269 0.2170 0.4702 0.1246 0.0132 0.1479
269 0.1680 0.1591 0.0745 0.0081 0.3091 0.2812
270 0.1615 0.1760 0.0545 0.0022 0.3726 0.2332
271 0.0864 0.4253 0.1018 0.0236 0.2040 0.1589
272 0.2388 0.3906 0.1471 0.0415 0.1641 0.0179
273 0.0300 0.6562 0.2781 0.0097 0.0086 0.0174
274 0.1092 0.3931 0.3159 0.0037 0.1153 0.0627
275 0.0612 0.4629 0.2401 0.0079 0.0993 0.1285
276 0.1218 0.1691 0.1237 0.0473 0.1390 0.3992
277 0.1781 0.2340 0.4045 0.0976 0.0784 0.0075
278 0.0799 0.5947 0.2347 0.0119 0.0612 0.0173
279 0.1142 0.1098 0.1366 0.0052 0.3516 0.2825
280 0.1367 0.2852 0.1108 0.0823 0.1335 0.2515
281 0.0897 0.4312 0.1797 0.1770 0.0677 0.0548
282 0.0327 0.5278 0.3152 0.0280 0.0437 0.0527
283 0.1187 0.5981 0.1421 0.0094 0.0398 0.0917
284 0.0564 0.6309 0.2451 0.0171 0.0370 0.0135
285 0.0557 0.3687 0.0823 0.0414 0.1825 0.2698
286 0.1066 0.2898 0.0919 0.0259 0.1277 0.3579
287 0.1937 0.3347 0.3193 0.0286 0.0944 0.0293
288 0.1506 0.3584 0.2793 0.0550 0.1288 0.0279
289 0.2456 0.1770 0.3057 0.2036 0.0651 0.0029
290 0.0721 0.2478 0.3157 0.0094 0.2966 0.0584
291 0.1220 0.1309 0.1761 0.0238 0.4192 0.1278
292 0.3052 0.1122 0.0560 0.0065 0.3594 0.1608
293 0.4885 0.1082 0.1274 0.2006 0.0579 0.0173
294 0.0718 0.4067 0.2625 0.0577 0.1508 0.0505
295 0.0464 0.3323 0.3647 0.0486 0.1213 0.0867
296 0.0675 0.6353 0.2319 0.0031 0.0397 0.0226
297 0.1128 0.3020 0.5054 0.0067 0.0378 0.0352
298 0.0357 0.3777 0.3896 0.0274 0.1316 0.0380
299 0.2061 0.4644 0.1580 0.0145 0.1053 0.0517
300 0.3162 0.1425 0.1627 0.3262 0.0296 0.0229
301 0.0698 0.3105 0.3059 0.1688 0.1357 0.0092
302 0.0723 0.6001 0.2581 0.0035 0.0632 0.0027
303 0.0247 0.5278 0.3687 0.0047 0.0630 0.0110
304 0.0859 0.3943 0.3193 0.0471 0.1497 0.0035
305 0.0428 0.3020 0.4294 0.0166 0.1211 0.0879
306 0.0696 0.4041 0.4724 0.0179 0.0324 0.0036
307 0.0793 0.4390 0.3640 0.0320 0.0594 0.0262
308 0.2081 0.0875 0.3918 0.2778 0.0332 0.0015
309 0.4060 0.1248 0.2947 0.1287 0.0411 0.0048
310 0.0640 0.4880 0.3516 0.0284 0.0535 0.0146
311 0.1509 0.3479 0.3047 0.0145 0.1473 0.0347
312 0.1499 0.0828 0.3950 0.1781 0.0895 0.1047
313 0.1486 0.0930 0.4368 0.1509 0.0887 0.0820
314 0.6699 0.1628 0.0958 0.0415 0.0283 0.0018
315 0.0334 0.6499 0.2505 0.0393 0.0240 0.0026
316 0.1072 0.2435 0.1263 0.0263 0.2271 0.2695
317 0.0722 0.4670 0.2008 0.0137 0.1718 0.0745
318 0.0652 0.2278 0.3313 0.0270 0.1627 0.1859
319 0.1042 0.2480 0.1692 0.0050 0.4319 0.0418
320 0.0984 0.4768 0.3489 0.0094 0.0578 0.0089
321 0.0752 0.4099 0.4004 0.0193 0.0788 0.0165
322 0.0246 0.3999 0.5054 0.0055 0.0504 0.0140
323 0.0321 0.6968 0.2109 0.0160 0.0217 0.0222
324 0.0355 0.6147 0.2075 0.0638 0.0306 0.0478
325 0.0380 0.6274 0.2203 0.0492 0.0298 0.0351
326 0.0422 0.6646 0.2209 0.0306 0.0116 0.0299
327 0.1980 0.3613 0.3020 0.0172 0.0914 0.0301
328 0.0515 0.6577 0.1757 0.0349 0.0404 0.0398
329 0.1576 0.2188 0.0504 0.0496 0.2620 0.2620
330 0.1499 0.0655 0.3887 0.2081 0.0983 0.0895
331 0.1573 0.0656 0.4080 0.2020 0.0855 0.0816
332 0.1731 0.6382 0.1434 0.0151 0.0270 0.0034
333 0.1355 0.6025 0.1866 0.0211 0.0506 0.0036
334 0.1248 0.5903 0.1918 0.0276 0.0571 0.0083
335 0.0485 0.6191 0.2725 0.0266 0.0283 0.0052
336 0.0510 0.5483 0.3376 0.0279 0.0284 0.0067
337 0.0698 0.5576 0.3154 0.0162 0.0362 0.0045
338 0.0850 0.5327 0.3108 0.0134 0.0557 0.0025
339 0.0616 0.0709 0.0289 0.0417 0.0587 0.7383
340 0.1702 0.0646 0.4846 0.1598 0.0646 0.0561
341 0.1641 0.0594 0.5137 0.1404 0.0613 0.0613
342 0.1797 0.2615 0.4482 0.0265 0.0810 0.0030
343 0.5083 0.0704 0.0704 0.1411 0.2069 0.0029
344 0.2113 0.2249 0.1558 0.1954 0.1985 0.0142
345 0.0320 0.5083 0.0693 0.0267 0.3108 0.0528
346 0.0161 0.3994 0.0694 0.0181 0.4058 0.0912
347 0.1345 0.2455 0.5117 0.0300 0.0583 0.0198
348 0.0756 0.4854 0.3083 0.0169 0.1058 0.0080
349 0.0718 0.4265 0.3677 0.0789 0.0258 0.0293
350 0.1479 0.2659 0.1785 0.0175 0.1785 0.2119
351 0.0662 0.3809 0.0688 0.0270 0.4490 0.0082
352 0.2288 0.1124 0.1080 0.0487 0.4995 0.0026
353 0.2010 0.3140 0.1076 0.0055 0.1859 0.1859
354 0.0919 0.2744 0.1515 0.0145 0.2384 0.2292
355 0.1600 0.2239 0.1976 0.0081 0.2808 0.1296
356 0.1748 0.1904 0.0485 0.0082 0.3115 0.2666
357 0.1627 0.2260 0.0706 0.0181 0.0516 0.4709
358 0.0901 0.3120 0.0718 0.0619 0.1321 0.3320
359 0.6250 0.0880 0.0958 0.1279 0.0550 0.0085
360 0.7559 0.0797 0.1031 0.0337 0.0255 0.0021
361 0.1483 0.5513 0.2125 0.0084 0.0237 0.0559
362 0.1074 0.1337 0.0911 0.0036 0.5283 0.1357
363 0.1212 0.3120 0.1670 0.0209 0.3535 0.0254
364 0.1985 0.0808 0.1807 0.3376 0.1464 0.0560
365 0.1059 0.3669 0.0781 0.0207 0.3611 0.0673
366 0.0580 0.5254 0.1666 0.0033 0.2174 0.0290
367 0.3279 0.0540 0.1016 0.0641 0.4482 0.0043
368 0.3132 0.0540 0.1600 0.1285 0.3386 0.0056
369 0.1416 0.0974 0.0929 0.3191 0.0297 0.3191
370 0.1749 0.1129 0.0981 0.3022 0.0323 0.2795
371 0.1136 0.1553 0.1349 0.1288 0.0181 0.4492
