time exciting_prob fearful_prob tense_prob sad_prob relaxing_prob neutral_prob
0 0.1953 0.1281 0.0707 0.3120 0.0271 0.2668
1 0.6611 0.1685 0.0200 0.0171 0.0510 0.0822
2 0.6411 0.2081 0.0286 0.0144 0.0498 0.0578
3 0.8555 0.0742 0.0175 0.0114 0.0406 0.0009
4 0.8159 0.0975 0.0186 0.0147 0.0518 0.0014
5 0.1136 0.1553 0.1349 0.1288 0.0181 0.4492
6 0.8330 0.0276 0.0613 0.0299 0.0393 0.0089
7 0.6079 0.0561 0.1466 0.0779 0.0810 0.0307
8 0.9136 0.0267 0.0053 0.0100 0.0389 0.0054
9 0.8979 0.0175 0.0030 0.0102 0.0666 0.0050
10 0.4514 0.0300 0.0027 0.0112 0.4998 0.0048
11 0.8857 0.0185 0.0249 0.0603 0.0075 0.0028
12 0.8696 0.0230 0.0394 0.0556 0.0072 0.0052
13 0.8071 0.0438 0.1075 0.0259 0.0114 0.0043
14 0.7354 0.0452 0.1667 0.0316 0.0123 0.0088
15 0.6978 0.0619 0.1968 0.0254 0.0089 0.0093
16 0.1045 0.0373 0.0826 0.0542 0.7026 0.0186
17 0.3623 0.1105 0.0630 0.0286 0.4304 0.0052
18 0.1812 0.0798 0.1082 0.0218 0.5986 0.0102
19 0.1636 0.0737 0.1586 0.3630 0.1943 0.0469
20 0.1521 0.0155 0.0654 0.1241 0.6113 0.0316
21 0.0945 0.0468 0.0931 0.1293 0.6265 0.0100
22 0.1075 0.0892 0.1050 0.0094 0.6851 0.0038
23 0.1211 0.0900 0.1555 0.0179 0.6055 0.0100
24 0.1221 0.0184 0.0707 0.3022 0.4468 0.0396
25 0.2756 0.0778 0.1030 0.0058 0.5356 0.0023
26 0.2434 0.0881 0.1431 0.0072 0.5151 0.0030
27 0.2998 0.0456 0.2815 0.2334 0.0900 0.0497
28 0.4170 0.0429 0.3679 0.0543 0.0998 0.0180
29 0.3931 0.1337 0.1445 0.0458 0.2766 0.0063
30 0.3684 0.1234 0.3354 0.0362 0.1273 0.0094
31 0.0547 0.0610 0.3979 0.3679 0.0461 0.0724
32 0.1355 0.1852 0.4839 0.1149 0.0510 0.0295
33 0.1493 0.0994 0.1447 0.0151 0.5903 0.0010
34 0.0930 0.0960 0.2490 0.0166 0.5439 0.0017
35 0.0940 0.0249 0.4773 0.1455 0.0068 0.2515
36 0.0395 0.0335 0.4846 0.1305 0.0039 0.3081
37 0.1564 0.1479 0.3931 0.2421 0.0354 0.0251
38 0.0682 0.1245 0.2361 0.0348 0.1284 0.4080
39 0.0529 0.0746 0.3091 0.0521 0.1268 0.3845
40 0.0704 0.1207 0.2656 0.0354 0.1152 0.3926
41 0.0352 0.0418 0.0941 0.0103 0.8130 0.0056
42 0.0150 0.0239 0.0370 0.0085 0.9106 0.0049
43 0.0291 0.4087 0.2292 0.2639 0.0652 0.0038
44 0.0126 0.5459 0.3870 0.0500 0.0036 0.0009
45 0.1071 0.0655 0.5356 0.1852 0.0518 0.0547
46 0.0533 0.1382 0.2642 0.2157 0.1163 0.2123
47 0.1659 0.4011 0.1880 0.0075 0.2114 0.0260
48 0.0944 0.5181 0.1833 0.0600 0.1321 0.0120
49 0.0670 0.3508 0.2817 0.0242 0.2754 0.0010
50 0.1508 0.0813 0.4980 0.0568 0.0425 0.1708
51 0.1140 0.0235 0.4268 0.1510 0.1606 0.1242
52 0.1251 0.4949 0.1232 0.1710 0.0814 0.0045
53 0.1486 0.0582 0.2336 0.2301 0.1877 0.1417
54 0.3750 0.1827 0.3579 0.0532 0.0247 0.0065
55 0.1512 0.0726 0.1124 0.1107 0.1454 0.4077
56 0.0605 0.0334 0.4915 0.3325 0.0103 0.0719
57 0.1688 0.2185 0.2986 0.0962 0.0095 0.2085
58 0.1388 0.1465 0.4514 0.1334 0.0036 0.1263
59 0.3149 0.3406 0.1283 0.0601 0.1159 0.0400
60 0.0350 0.0294 0.0517 0.0103 0.8608 0.0130
61 0.0981 0.5693 0.1820 0.0670 0.0795 0.0041
62 0.0222 0.6582 0.2498 0.0593 0.0093 0.0013
63 0.0842 0.0815 0.1926 0.0681 0.3569 0.2166
64 0.0715 0.1151 0.2218 0.0461 0.3435 0.2020
65 0.0356 0.0660 0.0457 0.0045 0.8428 0.0055
66 0.1119 0.0763 0.0627 0.0086 0.7354 0.0054
67 0.0717 0.1221 0.3215 0.2316 0.1519 0.1012
68 0.1190 0.4670 0.1127 0.0070 0.2683 0.0259
69 0.1334 0.3433 0.4241 0.0436 0.0543 0.0013
70 0.0406 0.0347 0.2505 0.4536 0.0066 0.2142
71 0.0586 0.0478 0.2505 0.3760 0.0129 0.2544
72 0.0677 0.1116 0.1389 0.0076 0.6680 0.0062
73 0.0588 0.3550 0.3550 0.1650 0.0500 0.0163
74 0.1342 0.3218 0.3120 0.1353 0.0400 0.0568
75 0.0324 0.1407 0.5923 0.0634 0.0909 0.0802
76 0.1571 0.5977 0.1726 0.0117 0.0275 0.0332
77 0.1418 0.3623 0.4236 0.0167 0.0191 0.0364
78 0.0416 0.2976 0.1670 0.4331 0.0307 0.0299
79 0.1348 0.1338 0.2876 0.0504 0.2205 0.1731
80 0.1354 0.3887 0.2979 0.0665 0.1014 0.0102
81 0.2058 0.4192 0.0906 0.1628 0.1137 0.0079
82 0.0539 0.0597 0.0709 0.0356 0.7559 0.0239
83 0.1772 0.1257 0.0603 0.0171 0.5996 0.0200
84 0.0368 0.2382 0.4180 0.2135 0.0330 0.0607
85 0.1063 0.1313 0.1660 0.3513 0.2002 0.0447
86 0.1429 0.2284 0.2888 0.0665 0.2213 0.0522
87 0.0122 0.2303 0.3652 0.0334 0.3433 0.0156
88 0.0286 0.0729 0.6299 0.0936 0.0753 0.0997
89 0.0593 0.1515 0.4148 0.1959 0.0710 0.1074
90 0.1071 0.1194 0.1923 0.0179 0.5479 0.0155
91 0.1239 0.0899 0.2244 0.0339 0.4900 0.0381
92 0.0662 0.0818 0.0831 0.1704 0.5674 0.0310
93 0.0955 0.1870 0.0575 0.1327 0.5122 0.0149
94 0.0555 0.0453 0.2488 0.4102 0.0610 0.1792
95 0.0779 0.0392 0.1389 0.3179 0.1226 0.3035
96 0.0894 0.0827 0.1429 0.0182 0.6304 0.0364
97 0.1041 0.1975 0.1959 0.0114 0.4736 0.0175
98 0.1591 0.1257 0.2878 0.0594 0.3418 0.0260
99 0.1197 0.0371 0.2494 0.4446 0.0810 0.0682
100 0.0641 0.0773 0.6895 0.0963 0.0220 0.0511
101 0.1298 0.3088 0.1163 0.0058 0.4355 0.0037
102 0.1312 0.3511 0.1407 0.0099 0.3567 0.0104
103 0.1307 0.3391 0.1504 0.0156 0.3638 0.0005
104 0.2595 0.1943 0.1065 0.0115 0.4277 0.0004
105 0.0892 0.1110 0.1371 0.0215 0.4221 0.2190
106 0.2771 0.1192 0.1519 0.0149 0.4360 0.0006
107 0.2371 0.3369 0.0859 0.0619 0.2771 0.0010
108 0.1769 0.1537 0.1143 0.0194 0.2573 0.2783
109 0.2235 0.2717 0.1244 0.0125 0.1597 0.2083
110 0.2905 0.3369 0.1249 0.0082 0.2389 0.0007
111 0.0060 0.1642 0.0501 0.7246 0.0542 0.0008
112 0.0346 0.1035 0.0618 0.0818 0.7178 0.0004
113 0.2112 0.2112 0.2015 0.0644 0.3098 0.0019
114 0.2761 0.0374 0.2637 0.1090 0.0105 0.3035
115 0.3916 0.0802 0.2339 0.1522 0.1088 0.0334
116 0.1698 0.0714 0.3708 0.1985 0.1022 0.0874
117 0.0171 0.0817 0.0656 0.1501 0.6836 0.0018
118 0.0166 0.2134 0.0954 0.3862 0.2871 0.0013
119 0.0117 0.1144 0.2136 0.0424 0.6084 0.0093
120 0.0823 0.0300 0.0395 0.0454 0.7808 0.0218
121 0.0324 0.0300 0.0340 0.0429 0.8491 0.0117
122 0.1188 0.0598 0.1134 0.4924 0.0197 0.1959
123 0.0122 0.6582 0.2539 0.0641 0.0038 0.0076
124 0.1316 0.5762 0.2639 0.0055 0.0197 0.0030
125 0.0428 0.3875 0.2581 0.1802 0.1288 0.0026
126 0.0725 0.2200 0.4514 0.0822 0.1687 0.0053
127 0.0304 0.1241 0.2179 0.1185 0.5068 0.0023
128 0.0806 0.1875 0.2333 0.3557 0.1191 0.0238
129 0.0395 0.0749 0.1124 0.1056 0.6572 0.0105
130 0.2377 0.1487 0.3511 0.1646 0.0359 0.0620
131 0.0833 0.0582 0.1373 0.4648 0.2230 0.0334
132 0.0504 0.1425 0.1731 0.2854 0.0805 0.2681
133 0.1043 0.5552 0.1210 0.0174 0.1949 0.0071
134 0.0247 0.1943 0.1770 0.1884 0.2272 0.1884
135 0.0558 0.5854 0.1247 0.0369 0.1576 0.0396
136 0.0751 0.3264 0.1229 0.1471 0.3213 0.0072
137 0.2411 0.2932 0.0615 0.0127 0.3914 0.0002
138 0.0689 0.2947 0.0844 0.1349 0.4153 0.0019
139 0.2280 0.2045 0.1361 0.1383 0.2905 0.0025
140 0.4153 0.1887 0.0850 0.0396 0.2703 0.0011
141 0.0471 0.1362 0.4263 0.2976 0.0152 0.0776
142 0.0304 0.0795 0.0880 0.0355 0.7656 0.0012
143 0.0468 0.5972 0.2651 0.0198 0.0670 0.0041
144 0.1353 0.4578 0.2957 0.0250 0.0847 0.0017
145 0.0548 0.5850 0.2656 0.0117 0.0817 0.0015
146 0.1691 0.4854 0.2120 0.0103 0.1208 0.0024
147 0.0604 0.1965 0.3789 0.0202 0.3293 0.0146
148 0.0287 0.1855 0.0933 0.0211 0.6680 0.0035
149 0.1924 0.1431 0.3123 0.0249 0.3198 0.0076
150 0.1183 0.0605 0.1532 0.0290 0.6299 0.0090
151 0.2571 0.1064 0.3713 0.0420 0.2183 0.0050
152 0.1287 0.0584 0.2223 0.1017 0.4707 0.0182
153 0.1046 0.0827 0.0998 0.0109 0.6875 0.0147
154 0.0476 0.0903 0.2307 0.3152 0.2615 0.0548
155 0.0249 0.4282 0.3132 0.1960 0.0327 0.0050
156 0.0206 0.1727 0.3657 0.1912 0.2253 0.0245
157 0.0955 0.0750 0.1929 0.0779 0.1899 0.3689
158 0.0515 0.5317 0.2512 0.0790 0.0726 0.0138
159 0.0396 0.2747 0.1075 0.1403 0.1801 0.2581
160 0.0993 0.2637 0.2238 0.0182 0.2021 0.1929
161 0.1152 0.2023 0.2852 0.0315 0.3037 0.0622
162 0.1339 0.1248 0.1565 0.1248 0.2561 0.2041
163 0.1481 0.0739 0.1390 0.2257 0.3496 0.0637
164 0.2737 0.1421 0.1660 0.0430 0.2961 0.0790
165 0.0806 0.3557 0.5015 0.0126 0.0372 0.0126
166 0.0580 0.1947 0.3811 0.1109 0.1307 0.1247
167 0.0776 0.1722 0.3647 0.1250 0.1241 0.1362
168 0.1312 0.3738 0.1821 0.0490 0.2048 0.0591
169 0.1168 0.1151 0.0815 0.0578 0.5156 0.1132
170 0.0109 0.2147 0.1431 0.3076 0.3174 0.0066
171 0.0842 0.1169 0.1898 0.1065 0.4773 0.0253
172 0.0524 0.6436 0.1277 0.0684 0.1058 0.0024
173 0.0177 0.4851 0.1326 0.0451 0.3181 0.0014
174 0.0580 0.0536 0.2365 0.5327 0.0220 0.0970
175 0.0633 0.0995 0.1517 0.6099 0.0594 0.0161
176 0.0810 0.1797 0.3804 0.2417 0.0862 0.0312
177 0.0346 0.0918 0.1160 0.0890 0.4380 0.2307
178 0.0222 0.0408 0.0456 0.8467 0.0428 0.0021
179 0.0919 0.3604 0.3181 0.1826 0.0380 0.0090
180 0.0855 0.0398 0.1410 0.1989 0.0273 0.5078
181 0.0867 0.1282 0.1080 0.0453 0.4204 0.2114
182 0.0602 0.0682 0.1124 0.6367 0.0565 0.0660
183 0.0253 0.1503 0.0682 0.1433 0.6035 0.0092
184 0.0528 0.1813 0.3037 0.1208 0.2188 0.1227
185 0.0606 0.0417 0.1016 0.0544 0.6030 0.1388
186 0.3452 0.2078 0.2449 0.1231 0.0735 0.0055
187 0.0577 0.1567 0.0936 0.0206 0.6299 0.0415
188 0.1215 0.0861 0.1355 0.1660 0.4731 0.0178
189 0.1467 0.5493 0.2037 0.0205 0.0773 0.0025
190 0.0648 0.0679 0.1249 0.6860 0.0347 0.0215
191 0.0981 0.0951 0.1749 0.0283 0.6011 0.0027
192 0.0662 0.0779 0.1562 0.0185 0.6787 0.0028
193 0.0714 0.1195 0.2164 0.4172 0.0267 0.1488
194 0.1771 0.4453 0.1915 0.1564 0.0092 0.0205
195 0.0404 0.2632 0.1387 0.4692 0.0239 0.0645
196 0.0158 0.8306 0.0882 0.0382 0.0192 0.0079
197 0.1489 0.5532 0.0791 0.1047 0.1047 0.0093
198 0.1804 0.6299 0.0521 0.0254 0.1094 0.0030
199 0.1584 0.5664 0.0468 0.0335 0.1897 0.0053
200 0.1876 0.3396 0.2771 0.1580 0.0060 0.0316
201 0.1404 0.1146 0.3113 0.3474 0.0113 0.0751
202 0.0380 0.2920 0.2104 0.4055 0.0229 0.0310
203 0.0598 0.3438 0.2152 0.0092 0.3604 0.0117
204 0.0510 0.0778 0.1725 0.4688 0.0436 0.1865
205 0.2405 0.0793 0.2600 0.1787 0.1459 0.0956
206 0.1425 0.3582 0.3469 0.0927 0.0411 0.0187
207 0.0398 0.1225 0.1367 0.5845 0.0511 0.0656
208 0.0964 0.1639 0.2106 0.4600 0.0098 0.0594
209 0.0765 0.1582 0.2000 0.5186 0.0260 0.0208
210 0.1990 0.2327 0.3896 0.1107 0.0205 0.0476
211 0.0627 0.2944 0.3496 0.2598 0.0017 0.0320
212 0.0450 0.0655 0.1387 0.6719 0.0185 0.0606
213 0.1396 0.1071 0.3003 0.4233 0.0120 0.0177
214 0.0605 0.3762 0.1221 0.4067 0.0092 0.0254
215 0.3020 0.0900 0.0996 0.0214 0.4827 0.0043
216 0.1549 0.0574 0.0761 0.0434 0.6523 0.0158
217 0.1099 0.0939 0.4211 0.2438 0.0144 0.1169
218 0.1284 0.3408 0.3303 0.0487 0.0213 0.1304
219 0.1565 0.4529 0.3186 0.0227 0.0212 0.0281
220 0.0544 0.2595 0.2849 0.3333 0.0108 0.0570
221 0.2191 0.0521 0.0900 0.5176 0.0161 0.1052
222 0.1982 0.0846 0.0915 0.6108 0.0117 0.0031
223 0.1749 0.0997 0.2930 0.3760 0.0179 0.0387
224 0.1615 0.0421 0.1774 0.5815 0.0285 0.0092
225 0.0306 0.2350 0.1746 0.4746 0.0706 0.0147
226 0.0591 0.6704 0.1605 0.0609 0.0460 0.0028
227 0.1486 0.0887 0.2732 0.4575 0.0085 0.0235
228 0.1129 0.1094 0.3589 0.3818 0.0168 0.0202
229 0.0763 0.6240 0.2368 0.0253 0.0326 0.0053
230 0.0787 0.7065 0.1692 0.0160 0.0270 0.0024
231 0.1451 0.6113 0.0834 0.0457 0.1113 0.0034
232 0.0825 0.7827 0.0987 0.0140 0.0169 0.0054
233 0.1316 0.7061 0.0856 0.0225 0.0500 0.0041
234 0.3381 0.0503 0.2084 0.3545 0.0271 0.0216
235 0.2371 0.0819 0.4866 0.1438 0.0403 0.0105
236 0.1466 0.0704 0.4114 0.2961 0.0531 0.0223
237 0.3911 0.3850 0.0294 0.1250 0.0643 0.0053
238 0.3894 0.4082 0.0280 0.1064 0.0636 0.0044
239 0.3926 0.4050 0.0282 0.1064 0.0636 0.0044
240 0.4429 0.4097 0.0219 0.0435 0.0788 0.0033
241 0.4429 0.4097 0.0219 0.0435 0.0788 0.0033
242 0.4519 0.4050 0.0211 0.0420 0.0767 0.0030
243 0.4519 0.4050 0.0211 0.0420 0.0767 0.0030
244 0.4519 0.4050 0.0211 0.0420 0.0767 0.0030
245 0.4519 0.4050 0.0211 0.0420 0.0767 0.0030
246 0.4519 0.4050 0.0211 0.0420 0.0767 0.0030
