time exciting_prob fearful_prob tense_prob sad_prob relaxing_prob neutral_prob
0 0.3564 0.3455 0.0759 0.1440 0.0282 0.0498
1 0.0840 0.0295 0.2549 0.4011 0.1752 0.0551
2 0.0348 0.1927 0.4146 0.3179 0.0130 0.0271
3 0.1812 0.1467 0.3386 0.1625 0.1538 0.0174
4 0.5425 0.2124 0.1239 0.0276 0.0576 0.0358
5 0.0952 0.2196 0.4507 0.1223 0.0702 0.0419
6 0.0225 0.0837 0.4382 0.3992 0.0285 0.0280
7 0.3135 0.1218 0.1317 0.1209 0.1172 0.1947
8 0.3325 0.1122 0.1431 0.1970 0.1522 0.0630
9 0.2869 0.4585 0.0676 0.0682 0.1055 0.0132
10 0.0649 0.1619 0.1428 0.5562 0.0551 0.0190
11 0.2942 0.0986 0.1703 0.1100 0.2169 0.1100
12 0.2693 0.1272 0.2303 0.2163 0.0316 0.1252
13 0.0656 0.0925 0.4048 0.3572 0.0106 0.0693
14 0.0739 0.0763 0.0787 0.4973 0.0236 0.2500
15 0.6255 0.1631 0.1070 0.0534 0.0501 0.0011
16 0.4636 0.0445 0.0878 0.1653 0.1815 0.0571
17 0.1698 0.2147 0.2358 0.2888 0.0635 0.0273
18 0.0608 0.0584 0.4856 0.3184 0.0516 0.0251
19 0.2551 0.1636 0.0829 0.1700 0.3103 0.0181
20 0.2384 0.0427 0.2039 0.1562 0.2991 0.0598
21 0.0868 0.1047 0.1047 0.4270 0.0518 0.2251
22 0.1169 0.1031 0.1273 0.2437 0.1973 0.2117
23 0.4995 0.0312 0.1477 0.2148 0.1015 0.0052
24 0.2251 0.0822 0.0697 0.2778 0.1986 0.1465
25 0.3601 0.1000 0.1082 0.2004 0.0636 0.1675
26 0.2527 0.1054 0.3855 0.1792 0.0600 0.0171
27 0.0488 0.1008 0.1467 0.4810 0.0190 0.2037
28 0.0532 0.2678 0.4148 0.2290 0.0160 0.0192
29 0.1015 0.1150 0.3655 0.2305 0.1536 0.0340
30 0.0782 0.0893 0.2076 0.3477 0.0679 0.2092
31 0.3433 0.0479 0.1621 0.3950 0.0340 0.0175
32 0.1201 0.3164 0.1173 0.2351 0.1259 0.0851
33 0.0801 0.0724 0.1281 0.4832 0.0529 0.1833
34 0.1259 0.2502 0.2971 0.2971 0.0168 0.0129
35 0.2231 0.1122 0.1954 0.2629 0.0686 0.1375
36 0.1846 0.1230 0.3396 0.1299 0.1460 0.0770
37 0.2438 0.0267 0.1455 0.5493 0.0101 0.0247
38 0.5747 0.1186 0.1465 0.1122 0.0406 0.0074
39 0.1979 0.1127 0.0837 0.4822 0.0372 0.0864
40 0.2339 0.4270 0.0784 0.2180 0.0148 0.0279
41 0.0892 0.1111 0.4463 0.3264 0.0161 0.0109
42 0.2793 0.1259 0.5386 0.0439 0.0093 0.0032
43 0.2406 0.1268 0.3088 0.2600 0.0323 0.0313
44 0.5938 0.1661 0.1179 0.0883 0.0147 0.0192
45 0.2280 0.1405 0.1299 0.1085 0.2837 0.1094
46 0.1387 0.0889 0.2115 0.2803 0.0625 0.2183
47 0.0264 0.0866 0.8613 0.0233 0.0013 0.0012
48 0.1263 0.6216 0.0778 0.1726 0.0007 0.0007
49 0.0849 0.0641 0.4312 0.3411 0.0157 0.0631
50 0.0670 0.1300 0.4792 0.2546 0.0279 0.0412
51 0.1285 0.0779 0.1813 0.4314 0.1108 0.0699
52 0.2152 0.1855 0.2006 0.1757 0.1445 0.0786
53 0.7769 0.0658 0.0914 0.0321 0.0323 0.0017
54 0.6953 0.0504 0.1381 0.0445 0.0710 0.0005
55 0.0885 0.0563 0.7646 0.0769 0.0078 0.0059
56 0.0978 0.0240 0.1771 0.6182 0.0330 0.0500
57 0.1934 0.1259 0.4255 0.1051 0.1076 0.0425
58 0.1292 0.1464 0.1292 0.3403 0.1088 0.1464
59 0.2423 0.1144 0.0662 0.4670 0.0500 0.0598
60 0.0965 0.0865 0.1339 0.2542 0.0099 0.4189
61 0.3901 0.0594 0.0727 0.1731 0.1731 0.1317
62 0.2856 0.6094 0.0769 0.0227 0.0051 0.0001
63 0.4705 0.3232 0.1469 0.0558 0.0034 0.0003
64 0.1094 0.2905 0.1996 0.2108 0.0471 0.1427
65 0.0967 0.2649 0.0989 0.3765 0.0409 0.1222
66 0.0135 0.3960 0.0721 0.5166 0.0005 0.0012
67 0.4976 0.0516 0.0858 0.1774 0.1471 0.0405
68 0.0356 0.5063 0.0498 0.4070 0.0008 0.0003
69 0.2939 0.2069 0.1798 0.1235 0.1514 0.0444
70 0.3044 0.2334 0.2175 0.1996 0.0355 0.0095
71 0.3159 0.4253 0.1626 0.0516 0.0193 0.0253
72 0.2184 0.1160 0.5039 0.1367 0.0243 0.0008
73 0.2122 0.0728 0.2294 0.4783 0.0069 0.0006
74 0.0475 0.0367 0.1224 0.5840 0.0999 0.1097
75 0.0723 0.1129 0.1694 0.5732 0.0228 0.0493
76 0.0376 0.2147 0.7041 0.0132 0.0273 0.0033
77 0.0983 0.0295 0.2147 0.5396 0.0502 0.0676
78 0.1031 0.0743 0.2184 0.5752 0.0177 0.0111
79 0.1831 0.0580 0.2074 0.3018 0.0533 0.1964
80 0.2218 0.1399 0.3657 0.1064 0.1089 0.0574
81 0.1000 0.2634 0.4412 0.1810 0.0053 0.0090
82 0.1820 0.1301 0.1953 0.2015 0.1353 0.1558
83 0.1276 0.1207 0.1743 0.2169 0.0085 0.3521
84 0.0837 0.2578 0.4968 0.1469 0.0025 0.0122
85 0.2979 0.1606 0.1194 0.2432 0.1475 0.0314
86 0.1655 0.2159 0.1310 0.3242 0.1310 0.0323
87 0.1456 0.2256 0.3440 0.2186 0.0427 0.0236
88 0.1736 0.1877 0.3589 0.1069 0.1605 0.0122
89 0.4275 0.1768 0.2761 0.0875 0.0220 0.0102
90 0.1251 0.4302 0.0952 0.1014 0.2249 0.0233
91 0.0549 0.2310 0.1492 0.5205 0.0263 0.0181
92 0.1498 0.0771 0.4688 0.2756 0.0226 0.0062
93 0.0911 0.0491 0.6470 0.1688 0.0206 0.0234
94 0.0715 0.4929 0.1650 0.2556 0.0073 0.0077
95 0.0822 0.1700 0.0483 0.6729 0.0060 0.0208
96 0.1462 0.1533 0.1342 0.5352 0.0093 0.0221
97 0.0174 0.2512 0.1205 0.5840 0.0063 0.0208
98 0.3621 0.1737 0.3401 0.0998 0.0196 0.0046
99 0.0842 0.1224 0.3542 0.4080 0.0223 0.0089
100 0.0600 0.0746 0.5347 0.2861 0.0226 0.0219
101 0.3633 0.0622 0.0710 0.4814 0.0190 0.0031
102 0.0956 0.1127 0.3313 0.3997 0.0408 0.0201
103 0.0316 0.0645 0.3979 0.4302 0.0304 0.0453
104 0.0401 0.0824 0.1217 0.7397 0.0088 0.0070
105 0.2598 0.1842 0.2366 0.2120 0.0978 0.0095
106 0.2300 0.1631 0.3562 0.0944 0.1497 0.0065
107 0.1304 0.0394 0.0230 0.6987 0.0522 0.0561
108 0.6221 0.1179 0.0869 0.1226 0.0303 0.0202
109 0.2781 0.0356 0.0953 0.5195 0.0232 0.0483
110 0.4895 0.1902 0.1267 0.1459 0.0459 0.0018
111 0.5181 0.3191 0.0893 0.0717 0.0017 0.0004
112 0.0530 0.0691 0.1606 0.5107 0.1969 0.0097
113 0.8174 0.0237 0.0969 0.0223 0.0385 0.0013
114 0.5513 0.1094 0.1567 0.1592 0.0195 0.0036
115 0.0248 0.0500 0.1027 0.8076 0.0066 0.0080
116 0.0604 0.2194 0.1174 0.5962 0.0052 0.0014
117 0.5518 0.1121 0.3096 0.0068 0.0193 0.0002
118 0.6182 0.0750 0.1677 0.0291 0.1091 0.0007
119 0.6768 0.0901 0.1671 0.0419 0.0223 0.0018
120 0.0212 0.7197 0.1250 0.1331 0.0004 0.0007
121 0.0369 0.3364 0.3555 0.2500 0.0099 0.0113
122 0.3816 0.0668 0.0763 0.4189 0.0489 0.0076
123 0.2473 0.1781 0.1536 0.3770 0.0430 0.0010
124 0.1691 0.0562 0.1552 0.5854 0.0253 0.0086
125 0.0790 0.0193 0.0748 0.7729 0.0089 0.0450
126 0.3125 0.0611 0.1387 0.4407 0.0172 0.0298
127 0.1807 0.2179 0.2886 0.2754 0.0169 0.0206
128 0.3501 0.0533 0.1541 0.3555 0.0728 0.0143
129 0.1327 0.1758 0.1626 0.4932 0.0232 0.0124
130 0.0565 0.2271 0.0693 0.6270 0.0125 0.0078
131 0.0787 0.1003 0.1248 0.6099 0.0222 0.0643
132 0.0693 0.0401 0.0549 0.7632 0.0170 0.0553
133 0.0980 0.2010 0.1774 0.4897 0.0278 0.0061
134 0.1361 0.2280 0.0943 0.5137 0.0242 0.0034
135 0.0700 0.1309 0.1172 0.5215 0.0088 0.1517
136 0.2216 0.2340 0.4373 0.0867 0.0145 0.0060
137 0.1804 0.2563 0.5303 0.0256 0.0054 0.0018
138 0.0957 0.0950 0.1201 0.5425 0.0210 0.1259
139 0.0738 0.2852 0.1422 0.4214 0.0077 0.0699
140 0.2050 0.0413 0.0370 0.6934 0.0075 0.0157
141 0.1000 0.0985 0.1478 0.6128 0.0340 0.0067
142 0.0419 0.0128 0.0302 0.8813 0.0081 0.0256
143 0.2529 0.1014 0.2957 0.2910 0.0538 0.0052
144 0.2202 0.1074 0.4849 0.1207 0.0636 0.0033
145 0.5864 0.1011 0.1164 0.1642 0.0191 0.0128
146 0.1378 0.2827 0.1854 0.3574 0.0227 0.0138
147 0.2622 0.2462 0.2834 0.1553 0.0477 0.0051
148 0.2103 0.0955 0.0762 0.5542 0.0181 0.0458
149 0.0953 0.2472 0.1986 0.3486 0.0828 0.0275
150 0.1006 0.1071 0.6562 0.0714 0.0605 0.0042
151 0.0754 0.1205 0.0552 0.7383 0.0084 0.0020
152 0.0580 0.1843 0.1228 0.6235 0.0107 0.0007
153 0.0241 0.1990 0.1207 0.6323 0.0200 0.0036
154 0.1177 0.4727 0.1214 0.2050 0.0815 0.0017
155 0.4202 0.2196 0.1185 0.1364 0.1006 0.0048
156 0.3933 0.0396 0.3582 0.1931 0.0115 0.0045
157 0.1262 0.1272 0.4338 0.2844 0.0219 0.0063
158 0.0814 0.1497 0.5649 0.1644 0.0337 0.0058
159 0.4546 0.1224 0.0881 0.2891 0.0342 0.0117
160 0.0402 0.0995 0.6294 0.2108 0.0020 0.0181
161 0.1780 0.2395 0.2778 0.2822 0.0079 0.0146
162 0.0713 0.0644 0.1185 0.6304 0.0139 0.1013
163 0.0914 0.0928 0.0336 0.7593 0.0064 0.0164
164 0.3821 0.1310 0.0997 0.3069 0.0659 0.0146
165 0.5791 0.0329 0.0881 0.2693 0.0277 0.0027
166 0.1242 0.1006 0.4202 0.2529 0.0432 0.0591
167 0.1041 0.0911 0.4927 0.2327 0.0398 0.0398
168 0.1910 0.1234 0.3513 0.2654 0.0650 0.0038
169 0.1693 0.1979 0.1830 0.3997 0.0477 0.0024
170 0.2625 0.1012 0.0478 0.5386 0.0156 0.0344
171 0.3594 0.0802 0.0547 0.4614 0.0327 0.0116
172 0.1818 0.3643 0.2815 0.0350 0.1361 0.0012
173 0.0367 0.1970 0.7095 0.0530 0.0018 0.0020
174 0.0905 0.3525 0.4819 0.0576 0.0144 0.0031
175 0.0900 0.3093 0.3506 0.2373 0.0065 0.0061
176 0.5449 0.0849 0.0469 0.2988 0.0162 0.0081
177 0.2600 0.0673 0.0837 0.5254 0.0301 0.0336
178 0.0775 0.2123 0.2386 0.4390 0.0306 0.0022
179 0.5386 0.2192 0.1289 0.0690 0.0428 0.0015
180 0.3376 0.1176 0.0874 0.4011 0.0479 0.0084
181 0.1072 0.2491 0.1293 0.4272 0.0587 0.0286
182 0.4241 0.1572 0.1254 0.2695 0.0167 0.0068
183 0.3218 0.1321 0.1791 0.3320 0.0116 0.0233
184 0.0716 0.1691 0.4741 0.2700 0.0078 0.0074
185 0.1682 0.2976 0.3792 0.1532 0.0008 0.0009
186 0.0987 0.0520 0.0393 0.8013 0.0028 0.0061
187 0.3394 0.0711 0.1259 0.4124 0.0252 0.0262
188 0.1317 0.0818 0.0979 0.6587 0.0140 0.0160
189 0.4089 0.1083 0.1787 0.2223 0.0481 0.0336
190 0.1284 0.1134 0.4810 0.2419 0.0330 0.0022
191 0.0824 0.3721 0.1527 0.3779 0.0082 0.0067
192 0.4236 0.1214 0.0502 0.3857 0.0151 0.0040
193 0.4744 0.2900 0.1552 0.0448 0.0346 0.0012
194 0.3875 0.1426 0.0435 0.3875 0.0328 0.0060
195 0.0285 0.1371 0.1554 0.6440 0.0102 0.0250
196 0.2905 0.1060 0.0513 0.5342 0.0114 0.0067
197 0.2216 0.0362 0.0569 0.6167 0.0282 0.0407
198 0.5283 0.3574 0.0743 0.0188 0.0210 0.0005
199 0.2053 0.0993 0.5122 0.1503 0.0247 0.0081
200 0.0435 0.1053 0.1544 0.6704 0.0082 0.0181
201 0.1747 0.3113 0.1393 0.3528 0.0128 0.0092
202 0.0632 0.2876 0.1857 0.4526 0.0039 0.0070
203 0.0259 0.0507 0.0338 0.8848 0.0016 0.0035
204 0.0619 0.1062 0.1343 0.6870 0.0044 0.0063
205 0.3887 0.3738 0.1780 0.0486 0.0067 0.0044
206 0.3076 0.1647 0.1071 0.4011 0.0121 0.0073
207 0.6372 0.0963 0.1826 0.0278 0.0536 0.0025
208 0.0738 0.3411 0.1152 0.4519 0.0095 0.0084
209 0.0964 0.0793 0.1257 0.6587 0.0268 0.0131
210 0.0886 0.1875 0.2563 0.3503 0.0806 0.0369
211 0.3630 0.1169 0.1927 0.2698 0.0354 0.0221
212 0.3076 0.1686 0.2065 0.2130 0.0867 0.0176
213 0.3401 0.2336 0.1005 0.2954 0.0228 0.0077
214 0.4023 0.4087 0.1266 0.0368 0.0242 0.0015
215 0.2703 0.1199 0.2441 0.3159 0.0341 0.0155
216 0.1096 0.4834 0.2798 0.1261 0.0001 0.0011
217 0.1125 0.3179 0.0810 0.4849 0.0003 0.0035
218 0.0292 0.6807 0.1019 0.1875 0.0004 0.0004
219 0.7783 0.0538 0.0894 0.0542 0.0228 0.0016
220 0.6660 0.0834 0.1619 0.0273 0.0605 0.0011
221 0.7681 0.0410 0.0437 0.0112 0.1356 0.0003
222 0.7490 0.0615 0.0394 0.0555 0.0930 0.0017
223 0.6455 0.0356 0.0771 0.2128 0.0262 0.0031
224 0.4980 0.0893 0.1580 0.2159 0.0347 0.0039
225 0.3000 0.0634 0.2776 0.3296 0.0136 0.0155
