time exciting_prob fearful_prob tense_prob sad_prob relaxing_prob neutral_prob
0 0.1136 0.1553 0.1349 0.1288 0.0181 0.4492
1 0.1250 0.1156 0.1876 0.3293 0.0690 0.1735
2 0.1594 0.4578 0.1807 0.1343 0.0275 0.0406
3 0.2235 0.1537 0.1334 0.3713 0.0356 0.0822
4 0.1740 0.3301 0.0766 0.3770 0.0191 0.0232
5 0.1733 0.0668 0.0690 0.5957 0.0432 0.0521
6 0.0273 0.5361 0.2101 0.1444 0.0127 0.0693
7 0.0150 0.4180 0.1125 0.3464 0.0071 0.1008
8 0.0336 0.3262 0.1948 0.3528 0.0126 0.0800
9 0.0162 0.0687 0.1674 0.6416 0.0107 0.0954
10 0.0164 0.0306 0.0529 0.8267 0.0107 0.0627
11 0.1225 0.2235 0.3462 0.2573 0.0398 0.0106
12 0.2032 0.2032 0.1752 0.3538 0.0510 0.0136
13 0.1815 0.2330 0.1993 0.3391 0.0386 0.0084
14 0.0532 0.1058 0.6089 0.2040 0.0154 0.0128
15 0.0624 0.0827 0.5566 0.2671 0.0262 0.0049
16 0.0953 0.2251 0.2067 0.3276 0.1313 0.0140
17 0.2500 0.2520 0.1414 0.1317 0.2104 0.0145
18 0.1135 0.4668 0.1227 0.1691 0.1109 0.0169
19 0.0738 0.6377 0.0607 0.0883 0.1306 0.0090
20 0.1276 0.2517 0.1099 0.2498 0.2517 0.0095
21 0.1746 0.3582 0.0906 0.1110 0.2600 0.0055
22 0.1718 0.2479 0.0678 0.2258 0.2639 0.0227
23 0.2120 0.1296 0.0462 0.3232 0.2537 0.0352
24 0.0780 0.1786 0.0750 0.5854 0.0612 0.0218
25 0.0633 0.0935 0.1278 0.6909 0.0180 0.0064
26 0.1169 0.1305 0.4019 0.2893 0.0557 0.0057
27 0.1003 0.2769 0.3445 0.1680 0.0800 0.0303
28 0.0904 0.2742 0.3660 0.2168 0.0303 0.0225
29 0.0474 0.3340 0.3340 0.2500 0.0250 0.0097
30 0.0608 0.3040 0.4026 0.1787 0.0386 0.0154
31 0.0639 0.1893 0.5610 0.1375 0.0228 0.0256
32 0.0512 0.2349 0.5679 0.1092 0.0100 0.0270
33 0.0480 0.2052 0.1622 0.5405 0.0154 0.0286
34 0.2097 0.0888 0.4990 0.1865 0.0118 0.0041
35 0.2400 0.0407 0.2382 0.4519 0.0215 0.0077
36 0.1622 0.0320 0.3892 0.4016 0.0078 0.0073
37 0.1671 0.0587 0.4333 0.3171 0.0130 0.0108
38 0.0555 0.2957 0.1252 0.5068 0.0106 0.0061
39 0.1323 0.2268 0.0300 0.5747 0.0201 0.0159
40 0.0609 0.2925 0.0339 0.6001 0.0107 0.0017
41 0.0609 0.1968 0.2954 0.4102 0.0177 0.0192
42 0.0548 0.0786 0.5366 0.1274 0.1770 0.0255
43 0.0335 0.0896 0.5156 0.2288 0.1244 0.0081
44 0.3269 0.0103 0.0135 0.6401 0.0028 0.0063
45 0.0880 0.0568 0.1750 0.5479 0.1185 0.0139
46 0.0294 0.0197 0.2328 0.6738 0.0013 0.0431
47 0.3118 0.0384 0.0852 0.2354 0.2335 0.0958
48 0.1398 0.4204 0.3889 0.0251 0.0114 0.0145
49 0.0100 0.0175 0.6504 0.3074 0.0071 0.0076
50 0.1251 0.3735 0.3120 0.1375 0.0130 0.0388
51 0.1605 0.3789 0.3022 0.1103 0.0292 0.0189
52 0.0465 0.2476 0.5078 0.1840 0.0061 0.0080
53 0.1223 0.1475 0.2671 0.3887 0.0092 0.0654
54 0.0522 0.1764 0.4102 0.3347 0.0163 0.0101
55 0.0540 0.2072 0.1946 0.5044 0.0080 0.0318
56 0.1216 0.4736 0.3059 0.0677 0.0141 0.0170
57 0.0556 0.0714 0.2959 0.5527 0.0139 0.0106
58 0.0375 0.0326 0.5420 0.3289 0.0045 0.0545
59 0.1132 0.1809 0.2288 0.4077 0.0230 0.0465
60 0.2460 0.2966 0.0877 0.1731 0.0438 0.1527
61 0.1060 0.4292 0.3503 0.0497 0.0381 0.0268
62 0.2834 0.4529 0.1084 0.0576 0.0352 0.0627
63 0.1888 0.1360 0.1980 0.3640 0.0781 0.0349
64 0.0638 0.0942 0.2091 0.2445 0.0156 0.3728
65 0.0608 0.2406 0.3394 0.3186 0.0352 0.0054
66 0.0279 0.2756 0.1893 0.4404 0.0596 0.0072
67 0.0181 0.2812 0.2025 0.4709 0.0147 0.0125
68 0.0640 0.1333 0.2097 0.5610 0.0162 0.0158
69 0.1527 0.1960 0.3962 0.0786 0.0438 0.1327
70 0.0620 0.4070 0.1311 0.3794 0.0153 0.0052
71 0.1752 0.1385 0.1013 0.4761 0.0908 0.0182
72 0.2849 0.2020 0.1197 0.2185 0.1226 0.0523
73 0.0391 0.1312 0.3406 0.3857 0.0102 0.0931
74 0.0784 0.0420 0.0640 0.7793 0.0241 0.0121
75 0.1511 0.1006 0.4138 0.2822 0.0176 0.0345
76 0.2886 0.0246 0.0718 0.5474 0.0634 0.0043
77 0.1666 0.1471 0.0470 0.5815 0.0554 0.0024
78 0.1934 0.2686 0.0872 0.4258 0.0188 0.0064
79 0.0730 0.3220 0.0807 0.4199 0.0860 0.0183
80 0.0410 0.0967 0.0998 0.7148 0.0248 0.0230
81 0.1009 0.1379 0.5205 0.1827 0.0352 0.0227
82 0.0895 0.3625 0.4548 0.0660 0.0223 0.0047
83 0.3176 0.0322 0.0574 0.4692 0.0340 0.0896
84 0.0648 0.1119 0.0663 0.6963 0.0567 0.0037
85 0.1525 0.4844 0.1008 0.1927 0.0682 0.0015
86 0.1741 0.1081 0.1897 0.3354 0.1399 0.0527
87 0.0775 0.1404 0.2837 0.3999 0.0080 0.0906
88 0.0649 0.0959 0.2264 0.4575 0.0873 0.0680
89 0.1405 0.2317 0.2078 0.3562 0.0237 0.0403
90 0.1597 0.1766 0.1866 0.3770 0.0976 0.0026
91 0.2173 0.2241 0.3064 0.1360 0.1145 0.0017
92 0.2195 0.0400 0.0638 0.5391 0.0729 0.0649
93 0.0696 0.2817 0.4502 0.1848 0.0132 0.0005
94 0.0385 0.2302 0.0945 0.6162 0.0023 0.0185
95 0.6943 0.1040 0.0473 0.1305 0.0149 0.0089
96 0.1376 0.4653 0.3379 0.0300 0.0099 0.0194
97 0.1104 0.0634 0.3071 0.4609 0.0356 0.0226
98 0.2583 0.5425 0.0604 0.0879 0.0474 0.0036
99 0.1058 0.4456 0.2104 0.2072 0.0155 0.0157
100 0.1841 0.0448 0.0925 0.6128 0.0401 0.0255
101 0.0150 0.0918 0.6943 0.1049 0.0062 0.0876
102 0.3696 0.0637 0.0627 0.3472 0.0942 0.0627
103 0.2179 0.4578 0.0814 0.1558 0.0840 0.0033
104 0.2297 0.2666 0.0734 0.1155 0.3020 0.0129
105 0.1617 0.0190 0.1891 0.4197 0.0355 0.1749
106 0.2507 0.0880 0.1021 0.3621 0.0639 0.1332
107 0.0919 0.1857 0.1857 0.4814 0.0341 0.0212
108 0.0862 0.0641 0.2917 0.4661 0.0785 0.0133
109 0.0551 0.1353 0.1764 0.5874 0.0361 0.0098
110 0.1436 0.3723 0.3872 0.0878 0.0085 0.0007
111 0.1136 0.1034 0.2993 0.4526 0.0303 0.0007
112 0.0591 0.2130 0.1063 0.3918 0.0329 0.1970
113 0.1227 0.2920 0.3284 0.1886 0.0622 0.0061
114 0.1088 0.0765 0.0670 0.6719 0.0100 0.0660
115 0.1801 0.1109 0.1815 0.4971 0.0051 0.0253
116 0.2067 0.0737 0.2201 0.2739 0.2051 0.0206
117 0.1140 0.0426 0.3301 0.4802 0.0146 0.0186
118 0.1021 0.0376 0.1606 0.6157 0.0795 0.0045
119 0.0190 0.1708 0.0690 0.5869 0.0026 0.1519
120 0.1405 0.1951 0.1427 0.2625 0.0546 0.2045
121 0.1250 0.0922 0.1863 0.5474 0.0202 0.0288
122 0.1284 0.5938 0.2595 0.0095 0.0050 0.0038
123 0.4155 0.2350 0.0745 0.1382 0.1076 0.0292
124 0.4724 0.1302 0.0148 0.2651 0.0426 0.0748
125 0.1077 0.0585 0.4902 0.2505 0.0497 0.0435
126 0.1542 0.0972 0.2705 0.3999 0.0399 0.0384
127 0.1744 0.1390 0.4385 0.1930 0.0380 0.0171
128 0.1072 0.3743 0.1304 0.0527 0.0597 0.2759
129 0.1831 0.0723 0.0690 0.6294 0.0195 0.0270
130 0.0348 0.2269 0.1635 0.2571 0.0374 0.2803
131 0.0304 0.0645 0.1114 0.7729 0.0071 0.0136
132 0.1167 0.1088 0.1583 0.0518 0.0881 0.4763
133 0.4968 0.2347 0.1246 0.0956 0.0193 0.0289
134 0.4619 0.0848 0.1987 0.1824 0.0468 0.0255
135 0.4739 0.0296 0.0105 0.2310 0.1841 0.0710
136 0.0426 0.2935 0.1865 0.4617 0.0101 0.0059
137 0.0399 0.3730 0.1965 0.3730 0.0120 0.0056
138 0.1757 0.0184 0.0300 0.6226 0.0677 0.0856
139 0.0957 0.1995 0.3845 0.2581 0.0545 0.0077
140 0.0779 0.1757 0.6323 0.0682 0.0444 0.0013
141 0.0251 0.1783 0.0682 0.7109 0.0116 0.0056
142 0.1897 0.2183 0.0803 0.4016 0.0171 0.0931
143 0.1197 0.0621 0.5200 0.2272 0.0491 0.0221
144 0.2025 0.0281 0.3784 0.2367 0.1436 0.0108
145 0.0782 0.0129 0.0350 0.8027 0.0099 0.0609
146 0.1814 0.0857 0.4856 0.1576 0.0792 0.0106
147 0.5615 0.1366 0.0650 0.1559 0.0671 0.0139
148 0.1396 0.0808 0.4651 0.2129 0.0783 0.0232
149 0.3374 0.0413 0.0334 0.5146 0.0187 0.0547
150 0.1172 0.6289 0.1788 0.0294 0.0153 0.0303
151 0.0970 0.0667 0.2120 0.5327 0.0677 0.0236
152 0.0310 0.1317 0.1947 0.6187 0.0058 0.0181
153 0.1808 0.0766 0.2018 0.4617 0.0312 0.0479
154 0.0268 0.0206 0.2585 0.0290 0.6606 0.0044
155 0.1825 0.0732 0.0661 0.5894 0.0785 0.0105
156 0.3020 0.2043 0.0352 0.2333 0.1935 0.0318
157 0.0394 0.1243 0.0443 0.6934 0.0968 0.0020
158 0.1995 0.2075 0.2463 0.2279 0.0459 0.0728
159 0.1365 0.0295 0.0373 0.6929 0.0539 0.0498
160 0.3418 0.0642 0.0632 0.3755 0.0205 0.1349
161 0.0800 0.0633 0.2388 0.4824 0.0751 0.0604
162 0.1350 0.0845 0.1995 0.4224 0.0781 0.0806
163 0.0791 0.0969 0.3176 0.4143 0.0698 0.0223
164 0.1731 0.0576 0.0508 0.6333 0.0272 0.0580
165 0.2520 0.1932 0.0818 0.3340 0.0272 0.1118
166 0.0695 0.1694 0.3369 0.3267 0.0378 0.0595
167 0.1566 0.1339 0.3289 0.3188 0.0489 0.0129
168 0.1458 0.3208 0.4119 0.0844 0.0298 0.0074
169 0.0956 0.0349 0.6138 0.2122 0.0212 0.0222
170 0.2515 0.4048 0.0785 0.2325 0.0257 0.0071
171 0.0697 0.4766 0.2452 0.1794 0.0265 0.0026
172 0.1447 0.5947 0.1458 0.0414 0.0657 0.0075
173 0.0391 0.0881 0.0967 0.7612 0.0129 0.0021
174 0.0869 0.1074 0.4451 0.3206 0.0190 0.0213
175 0.0709 0.3176 0.4016 0.1421 0.0356 0.0322
176 0.0321 0.6396 0.2749 0.0246 0.0120 0.0169
177 0.0867 0.1793 0.4580 0.2001 0.0171 0.0587
178 0.4517 0.2512 0.1263 0.0809 0.0767 0.0131
179 0.2012 0.1949 0.1372 0.4604 0.0056 0.0009
180 0.1373 0.2908 0.2976 0.1804 0.0403 0.0538
181 0.1924 0.2712 0.1185 0.3650 0.0284 0.0243
182 0.1029 0.0967 0.1521 0.5562 0.0190 0.0730
183 0.0911 0.2136 0.2383 0.3989 0.0150 0.0431
184 0.1693 0.0554 0.0892 0.5381 0.0355 0.1127
185 0.2111 0.3167 0.2300 0.1749 0.0591 0.0083
186 0.2004 0.1160 0.2573 0.3574 0.0491 0.0195
187 0.1138 0.1617 0.4033 0.2837 0.0132 0.0242
188 0.0944 0.1342 0.3022 0.1473 0.1777 0.1439
189 0.1132 0.0436 0.0131 0.8101 0.0144 0.0055
190 0.1581 0.3794 0.2507 0.1907 0.0105 0.0106
191 0.0452 0.1163 0.1277 0.6797 0.0126 0.0184
192 0.2074 0.3843 0.1680 0.1802 0.0421 0.0181
193 0.1453 0.6211 0.1063 0.0967 0.0176 0.0129
194 0.1106 0.1215 0.3921 0.3250 0.0198 0.0312
195 0.0102 0.3450 0.0399 0.5688 0.0252 0.0111
196 0.0376 0.2196 0.1582 0.3247 0.2529 0.0071
197 0.4316 0.1379 0.1002 0.1527 0.1771 0.0005
198 0.2883 0.3069 0.0833 0.1279 0.0624 0.1310
199 0.2639 0.2639 0.0863 0.1576 0.0294 0.1991
200 0.5029 0.1149 0.1895 0.1608 0.0267 0.0051
201 0.5864 0.0723 0.0481 0.1995 0.0845 0.0094
202 0.5059 0.1011 0.0628 0.2028 0.1155 0.0120
203 0.3586 0.0800 0.1299 0.3586 0.0563 0.0168
204 0.2368 0.0781 0.1760 0.2107 0.2947 0.0035
205 0.4304 0.0410 0.1559 0.1115 0.2098 0.0514
206 0.5381 0.0684 0.0800 0.1530 0.0957 0.0652
207 0.3174 0.2510 0.2472 0.1302 0.0170 0.0373
208 0.2871 0.0539 0.2615 0.3408 0.0487 0.0080
209 0.2705 0.1068 0.1747 0.2123 0.2332 0.0026
210 0.5049 0.1787 0.0949 0.1505 0.0699 0.0009
211 0.2861 0.1028 0.2773 0.1907 0.1174 0.0256
212 0.2512 0.2759 0.2252 0.1398 0.0828 0.0251
213 0.1842 0.2087 0.2294 0.1901 0.0249 0.1626
214 0.1231 0.3218 0.3425 0.1013 0.0122 0.0989
215 0.0988 0.0355 0.0812 0.4358 0.0042 0.3447
216 0.4075 0.1924 0.2197 0.1038 0.0269 0.0498
217 0.2191 0.2705 0.2444 0.1201 0.1360 0.0099
218 0.3777 0.0955 0.1575 0.2678 0.0911 0.0105
219 0.4231 0.1532 0.1569 0.2046 0.0564 0.0058
220 0.4355 0.0913 0.1774 0.1774 0.1027 0.0159
221 0.1947 0.3040 0.1772 0.2500 0.0678 0.0062
222 0.2120 0.2311 0.2222 0.2153 0.0177 0.1017
223 0.0960 0.1282 0.1141 0.5835 0.0403 0.0376
224 0.1760 0.5508 0.1298 0.0663 0.0242 0.0533
225 0.4553 0.1016 0.1702 0.2151 0.0548 0.0029
226 0.1418 0.4009 0.2607 0.0880 0.0735 0.0350
227 0.3044 0.2389 0.2859 0.0590 0.0914 0.0206
228 0.1759 0.0414 0.0898 0.6641 0.0238 0.0052
229 0.1449 0.1531 0.0563 0.5913 0.0525 0.0021
230 0.1708 0.2505 0.1069 0.4194 0.0097 0.0428
231 0.2395 0.1387 0.2002 0.3740 0.0293 0.0185
232 0.2476 0.1514 0.2783 0.2615 0.0434 0.0178
233 0.1445 0.0823 0.1757 0.5205 0.0196 0.0575
234 0.5659 0.1659 0.1420 0.1014 0.0208 0.0043
235 0.2395 0.1022 0.1895 0.3948 0.0443 0.0297
236 0.1680 0.1437 0.2369 0.4158 0.0065 0.0292
237 0.4951 0.2000 0.0742 0.1697 0.0530 0.0081
238 0.1484 0.0958 0.0576 0.5557 0.1310 0.0115
239 0.2002 0.2673 0.0999 0.1987 0.2286 0.0051
240 0.1399 0.0433 0.0760 0.4309 0.3054 0.0045
241 0.0880 0.5386 0.1331 0.0997 0.1394 0.0011
242 0.2690 0.2649 0.2321 0.0847 0.1475 0.0016
243 0.1925 0.4077 0.1726 0.1376 0.0881 0.0015
244 0.1697 0.4722 0.2063 0.0443 0.1070 0.0007
245 0.1598 0.0414 0.1169 0.4844 0.1388 0.0588
246 0.0781 0.1359 0.0488 0.7290 0.0042 0.0040
247 0.1405 0.0723 0.4001 0.3423 0.0082 0.0364
248 0.0648 0.1310 0.5513 0.1394 0.1086 0.0047
249 0.0845 0.0177 0.0679 0.8145 0.0098 0.0059
250 0.1578 0.0157 0.0279 0.7534 0.0117 0.0336
251 0.5186 0.0376 0.0568 0.3323 0.0172 0.0376
252 0.0753 0.3171 0.0765 0.4761 0.0494 0.0055
253 0.2671 0.1292 0.2214 0.3223 0.0587 0.0015
254 0.1827 0.1379 0.1296 0.2966 0.2384 0.0147
255 0.2249 0.2629 0.0645 0.2842 0.0160 0.1475
256 0.2118 0.0970 0.2273 0.2419 0.2118 0.0102
257 0.2891 0.4443 0.0433 0.1106 0.0370 0.0754
258 0.1484 0.0814 0.4502 0.2646 0.0517 0.0034
259 0.3445 0.0787 0.1381 0.3528 0.0248 0.0613
260 0.1968 0.0827 0.0990 0.4910 0.0615 0.0691
261 0.0745 0.0290 0.1136 0.7412 0.0168 0.0250
262 0.0655 0.1038 0.0847 0.7095 0.0045 0.0319
263 0.2781 0.3513 0.0578 0.1699 0.0314 0.1115
264 0.4016 0.3462 0.0704 0.1187 0.0236 0.0395
265 0.2084 0.0565 0.3601 0.3601 0.0127 0.0020
266 0.1061 0.0204 0.6016 0.2507 0.0186 0.0028
267 0.1792 0.4578 0.0952 0.2488 0.0155 0.0035
268 0.5176 0.0576 0.1761 0.1350 0.1094 0.0041
269 0.0466 0.0473 0.0817 0.7754 0.0097 0.0392
270 0.1565 0.0384 0.0402 0.7354 0.0169 0.0128
271 0.4128 0.1578 0.0794 0.2389 0.0493 0.0618
272 0.5845 0.1958 0.1207 0.0767 0.0179 0.0043
273 0.3362 0.1664 0.2153 0.2498 0.0285 0.0039
274 0.1355 0.3569 0.3354 0.1243 0.0312 0.0166
275 0.3186 0.0512 0.0722 0.5254 0.0153 0.0177
276 0.5469 0.0988 0.0393 0.2664 0.0130 0.0358
277 0.1136 0.1553 0.1349 0.1288 0.0181 0.4492
278 0.1136 0.1553 0.1349 0.1288 0.0181 0.4492
279 0.1136 0.1553 0.1349 0.1288 0.0181 0.4492
280 0.1136 0.1553 0.1349 0.1288 0.0181 0.4492
281 0.1136 0.1553 0.1349 0.1288 0.0181 0.4492
