time exciting_prob fearful_prob tense_prob sad_prob relaxing_prob neutral_prob
0 0.0966 0.1112 0.0894 0.2507 0.0324 0.4197
1 0.2205 0.1390 0.1481 0.2240 0.0301 0.2384
2 0.1362 0.0432 0.1028 0.4131 0.0160 0.2886
3 0.1884 0.3230 0.0232 0.0792 0.0315 0.3547
4 0.2218 0.1500 0.0245 0.0427 0.2717 0.2893
5 0.1709 0.1484 0.0132 0.0187 0.3345 0.3142
6 0.1593 0.0944 0.2014 0.2773 0.0091 0.2585
7 0.1483 0.0529 0.0973 0.4260 0.0150 0.2605
8 0.1511 0.0526 0.1196 0.2959 0.0319 0.3486
9 0.3372 0.0813 0.1951 0.1077 0.0542 0.2246
10 0.4463 0.1211 0.0740 0.1102 0.2092 0.0390
11 0.0193 0.0078 0.0387 0.2126 0.0020 0.7197
12 0.0745 0.0396 0.1003 0.0281 0.0390 0.7183
13 0.0649 0.0144 0.0410 0.2249 0.0145 0.6406
14 0.2153 0.1368 0.0274 0.1327 0.1126 0.3750
15 0.3506 0.0981 0.0180 0.0551 0.2688 0.2094
16 0.3076 0.2032 0.0708 0.0923 0.1522 0.1738
17 0.3496 0.1829 0.0622 0.1602 0.0786 0.1665
18 0.3479 0.1473 0.0586 0.1121 0.0795 0.2546
19 0.3406 0.1584 0.0454 0.1881 0.0457 0.2217
20 0.2158 0.1748 0.0618 0.0533 0.0973 0.3970
21 0.1414 0.0452 0.0280 0.4563 0.0504 0.2788
22 0.3682 0.2065 0.0348 0.0790 0.1097 0.2018
23 0.0284 0.0166 0.0322 0.1140 0.0052 0.8037
24 0.2739 0.2004 0.0606 0.1838 0.0523 0.2289
25 0.1814 0.1171 0.0366 0.3496 0.0428 0.2725
26 0.3586 0.1004 0.0599 0.0576 0.0415 0.3818
27 0.1198 0.0424 0.0145 0.5581 0.0484 0.2168
28 0.2800 0.1686 0.0539 0.0241 0.3174 0.1559
29 0.4832 0.1763 0.0446 0.0989 0.0894 0.1078
30 0.4832 0.2355 0.0435 0.0866 0.1095 0.0416
31 0.3384 0.1410 0.0424 0.1501 0.1512 0.1769
32 0.3066 0.1965 0.1790 0.0757 0.0879 0.1542
33 0.1311 0.0482 0.1281 0.2449 0.0439 0.4038
34 0.2198 0.0397 0.0854 0.2512 0.0468 0.3569
35 0.2549 0.1087 0.0718 0.1486 0.0453 0.3706
36 0.0252 0.0137 0.0422 0.6108 0.0007 0.3071
37 0.3486 0.1089 0.0868 0.0188 0.1609 0.2759
38 0.0823 0.0597 0.0561 0.1367 0.0026 0.6626
39 0.1399 0.0275 0.0144 0.1512 0.0961 0.5708
40 0.2406 0.2834 0.0165 0.0160 0.3018 0.1415
41 0.3425 0.1998 0.1013 0.0262 0.0573 0.2729
42 0.2983 0.0939 0.1007 0.2324 0.0597 0.2150
43 0.4331 0.1194 0.0347 0.1037 0.1521 0.1569
44 0.1418 0.0327 0.0164 0.0429 0.0231 0.7432
45 0.3027 0.2032 0.0630 0.1071 0.0461 0.2778
46 0.2161 0.0307 0.0729 0.1353 0.0387 0.5063
47 0.2529 0.1055 0.4106 0.1149 0.0815 0.0345
48 0.4666 0.1638 0.0637 0.0963 0.0536 0.1562
49 0.5815 0.1067 0.0438 0.0878 0.1059 0.0745
50 0.1228 0.0775 0.0094 0.1370 0.1602 0.4932
51 0.0851 0.0170 0.1339 0.2878 0.0159 0.4602
52 0.0607 0.0100 0.0357 0.1959 0.0138 0.6841
53 0.2996 0.1580 0.0336 0.2881 0.0845 0.1361
54 0.2539 0.1247 0.0303 0.2384 0.1162 0.2366
55 0.2203 0.0963 0.0203 0.2152 0.1274 0.3206
56 0.1426 0.2297 0.0800 0.0517 0.2124 0.2837
57 0.0833 0.2356 0.1697 0.0853 0.0670 0.3591
58 0.2219 0.1378 0.0132 0.0348 0.2236 0.3687
59 0.0106 0.0100 0.0466 0.0352 0.0051 0.8926
60 0.2561 0.0648 0.0187 0.0594 0.1948 0.4060
61 0.2617 0.0593 0.0507 0.0417 0.0863 0.5005
62 0.3154 0.3081 0.0755 0.0417 0.0726 0.1869
63 0.2257 0.1458 0.0283 0.0396 0.2966 0.2639
64 0.1460 0.0658 0.1604 0.2407 0.0529 0.3342
65 0.1420 0.1880 0.0543 0.0230 0.0530 0.5396
66 0.1920 0.0951 0.0222 0.2952 0.1310 0.2646
67 0.0507 0.0651 0.1234 0.2306 0.0267 0.5034
68 0.0636 0.0682 0.1049 0.1549 0.0191 0.5894
69 0.0259 0.0169 0.0377 0.0693 0.0057 0.8447
70 0.1833 0.4163 0.0304 0.0429 0.2078 0.1193
71 0.1613 0.0374 0.0458 0.1650 0.0739 0.5166
72 0.0878 0.0438 0.0092 0.2367 0.0806 0.5420
73 0.2788 0.0647 0.0549 0.2559 0.0463 0.2993
74 0.0560 0.0194 0.0502 0.2434 0.0096 0.6216
75 0.1195 0.2415 0.1262 0.0225 0.0394 0.4509
76 0.2313 0.0311 0.0057 0.0684 0.1382 0.5254
77 0.0844 0.0520 0.1481 0.0727 0.0148 0.6279
78 0.2832 0.2188 0.0161 0.0594 0.2170 0.2056
79 0.0639 0.0403 0.0660 0.0649 0.0101 0.7549
80 0.1415 0.2295 0.0541 0.0052 0.0524 0.5171
81 0.5469 0.1372 0.0264 0.1069 0.0555 0.1270
82 0.4358 0.0838 0.0248 0.1654 0.0459 0.2444
83 0.0287 0.0296 0.0768 0.0484 0.0036 0.8130
84 0.0745 0.0647 0.0318 0.0272 0.0135 0.7886
85 0.0994 0.2292 0.0792 0.0165 0.1575 0.4182
86 0.2107 0.1802 0.0341 0.1775 0.2996 0.0980
87 0.1776 0.2372 0.2773 0.0586 0.1593 0.0900
88 0.1899 0.2808 0.2203 0.0786 0.1305 0.1001
89 0.1528 0.2329 0.0202 0.0411 0.1978 0.3552
90 0.2175 0.0845 0.4226 0.0505 0.1860 0.0387
91 0.3164 0.1555 0.0764 0.0399 0.3423 0.0695
92 0.3477 0.1472 0.0879 0.0240 0.2211 0.1721
93 0.2898 0.2478 0.1412 0.0315 0.1025 0.1871
94 0.1875 0.3643 0.0558 0.0690 0.0485 0.2749
95 0.0555 0.4160 0.0638 0.2859 0.0169 0.1617
96 0.3508 0.0908 0.4685 0.0518 0.0175 0.0204
97 0.1520 0.0381 0.0981 0.4829 0.0306 0.1982
98 0.2205 0.2556 0.3992 0.0343 0.0473 0.0431
99 0.4102 0.2820 0.1375 0.0353 0.1029 0.0321
100 0.1791 0.3269 0.3293 0.0614 0.0729 0.0304
101 0.2500 0.2812 0.2969 0.0392 0.0598 0.0728
102 0.1089 0.1243 0.0692 0.1023 0.1971 0.3982
103 0.1141 0.1254 0.0543 0.1597 0.0022 0.5444
104 0.2152 0.0823 0.0253 0.1033 0.0158 0.5581
105 0.0356 0.0142 0.0074 0.2474 0.0013 0.6938
106 0.2445 0.1980 0.0166 0.0663 0.1748 0.2996
107 0.4265 0.1907 0.0624 0.0435 0.1261 0.1509
108 0.2183 0.0841 0.0065 0.0230 0.3406 0.3276
109 0.0215 0.0360 0.0360 0.2136 0.0033 0.6895
110 0.3110 0.1026 0.0994 0.0151 0.0500 0.4219
111 0.0282 0.0098 0.0450 0.2847 0.0103 0.6221
112 0.0815 0.3596 0.1080 0.0284 0.0337 0.3889
113 0.1868 0.2759 0.0265 0.0392 0.2759 0.1957
114 0.2051 0.0616 0.0579 0.1926 0.0382 0.4446
115 0.3059 0.2023 0.1100 0.1237 0.0955 0.1625
116 0.0849 0.1116 0.0507 0.0362 0.0166 0.6997
117 0.0866 0.2429 0.2078 0.0801 0.0290 0.3535
118 0.0646 0.2037 0.2152 0.0163 0.0263 0.4739
119 0.1306 0.1434 0.0956 0.2898 0.0070 0.3335
120 0.4875 0.2285 0.2080 0.0124 0.0530 0.0104
121 0.3333 0.2169 0.1703 0.0469 0.1757 0.0570
122 0.1353 0.2932 0.1792 0.0619 0.0326 0.2979
123 0.0605 0.0605 0.0436 0.0675 0.0192 0.7485
124 0.1777 0.2646 0.2449 0.1863 0.0801 0.0464
125 0.1449 0.1211 0.0439 0.1299 0.0813 0.4790
126 0.2352 0.4429 0.0599 0.0240 0.1268 0.1111
127 0.2482 0.4424 0.0369 0.0126 0.2260 0.0338
128 0.3584 0.3528 0.0387 0.0957 0.0516 0.1027
129 0.0121 0.0150 0.0152 0.1365 0.0109 0.8105
130 0.1641 0.2542 0.0474 0.1448 0.0781 0.3115
131 0.0410 0.0534 0.0282 0.0486 0.0620 0.7671
132 0.0309 0.0095 0.0129 0.1283 0.0203 0.7979
133 0.0781 0.0781 0.0341 0.2947 0.0657 0.4492
134 0.0090 0.0196 0.0415 0.0613 0.0085 0.8599
135 0.0184 0.0196 0.1719 0.2385 0.0056 0.5459
136 0.0819 0.1239 0.0590 0.0751 0.0825 0.5776
137 0.1956 0.4238 0.0490 0.0573 0.1672 0.1071
138 0.2189 0.1801 0.0355 0.1296 0.0751 0.3608
139 0.3110 0.1237 0.0349 0.3110 0.0667 0.1527
140 0.1720 0.0415 0.0318 0.3787 0.0418 0.3342
141 0.3206 0.1770 0.0499 0.0317 0.2006 0.2203
142 0.4019 0.0932 0.0523 0.0223 0.3657 0.0646
143 0.1482 0.0213 0.0042 0.2683 0.0528 0.5054
144 0.2089 0.1296 0.0210 0.0540 0.1902 0.3962
145 0.2651 0.1072 0.0337 0.2800 0.0665 0.2472
146 0.3718 0.2617 0.0617 0.0444 0.0704 0.1899
147 0.2208 0.3420 0.0328 0.1979 0.0618 0.1448
148 0.3474 0.2174 0.0233 0.1219 0.1404 0.1494
149 0.3062 0.2402 0.0520 0.0549 0.2056 0.1412
150 0.0759 0.1752 0.0686 0.0802 0.1632 0.4370
151 0.2231 0.1312 0.0348 0.1054 0.2097 0.2957
152 0.1032 0.0454 0.0265 0.3105 0.0484 0.4661
153 0.2805 0.0829 0.0102 0.0593 0.0823 0.4849
154 0.2766 0.0215 0.0077 0.0948 0.0662 0.5332
155 0.1309 0.1329 0.0210 0.0393 0.0463 0.6294
156 0.2563 0.0590 0.0770 0.1146 0.0900 0.4031
157 0.2134 0.1399 0.0312 0.1188 0.1840 0.3127
158 0.2759 0.2695 0.0280 0.0578 0.2343 0.1345
159 0.2097 0.0592 0.0106 0.0367 0.1766 0.5073
160 0.1360 0.0414 0.0151 0.0428 0.0851 0.6797
161 0.1064 0.0483 0.0038 0.0602 0.0427 0.7388
162 0.1177 0.0999 0.0300 0.0556 0.1132 0.5835
163 0.0671 0.0353 0.0181 0.0698 0.0772 0.7324
164 0.2546 0.1697 0.0196 0.0654 0.1231 0.3677
165 0.1445 0.0657 0.0274 0.1914 0.2722 0.2988
166 0.2703 0.1829 0.0668 0.0768 0.1018 0.3015
167 0.3225 0.0656 0.0206 0.0953 0.0515 0.4443
168 0.4683 0.0482 0.0121 0.0937 0.1086 0.2690
169 0.4507 0.0273 0.0063 0.1053 0.1078 0.3025
170 0.1520 0.2299 0.0764 0.2605 0.0187 0.2625
171 0.3345 0.1951 0.0294 0.0770 0.2246 0.1394
172 0.0507 0.0090 0.0349 0.4927 0.0042 0.4084
173 0.1375 0.1063 0.2146 0.3123 0.0044 0.2250
174 0.1613 0.1017 0.0092 0.0431 0.1348 0.5498
175 0.0311 0.0266 0.0701 0.2369 0.0011 0.6343
176 0.1449 0.0302 0.0396 0.1965 0.0018 0.5869
177 0.2057 0.1903 0.1019 0.0352 0.2581 0.2090
178 0.0842 0.0269 0.1215 0.4768 0.0147 0.2759
179 0.4536 0.0839 0.0222 0.2263 0.0679 0.1461
180 0.0363 0.0598 0.0862 0.0179 0.0310 0.7690
181 0.3940 0.1211 0.0776 0.2390 0.0555 0.1129
182 0.2861 0.1520 0.0299 0.0326 0.4099 0.0894
183 0.3672 0.1818 0.1461 0.1192 0.1044 0.0813
184 0.3093 0.1138 0.0159 0.0690 0.2708 0.2211
185 0.2491 0.0197 0.0099 0.3149 0.1453 0.2610
186 0.2776 0.3271 0.1343 0.0269 0.0998 0.1343
187 0.2178 0.3535 0.0460 0.0350 0.0873 0.2605
188 0.0507 0.0430 0.0676 0.0925 0.0077 0.7388
189 0.1344 0.2234 0.0714 0.0185 0.0681 0.4841
190 0.0764 0.0321 0.0254 0.1764 0.0546 0.6353
191 0.5195 0.0650 0.0156 0.0754 0.1477 0.1768
192 0.7529 0.0336 0.0044 0.0349 0.1733 0.0010
193 0.8291 0.0279 0.0030 0.0127 0.1262 0.0008
194 0.8286 0.0243 0.0024 0.0099 0.1343 0.0004
195 0.8237 0.0208 0.0017 0.0066 0.1465 0.0008
196 0.1118 0.1576 0.1348 0.1287 0.0181 0.4490
